unsolidarisch	neg 1.0		off 0.5307131950783309 neg 0.4620995308950418 __DUMMY__ 0.007187274026627198	false	0.5
nachteilig	neg 1.0		off 0.5289532695642362 neg 0.46379259791928823 __DUMMY__ 0.007254132516475753	false	0.5
skeptisch	neg 1.0		off 0.5284124781946488 neg 0.46432785339723215 __DUMMY__ 0.007259668408119054	false	0.5
schrecklich	neg 1.0		off 0.5421133608297104 neg 0.4507422361193561 __DUMMY__ 0.007144403050933471	false	0.5
schlapp	neg 1.0		off 0.5390361729540872 neg 0.45377868431725815 __DUMMY__ 0.007185142728654583	false	0.5
abfall	neg 1.0		off 0.5271697982049349 neg 0.46551212399459513 __DUMMY__ 0.00731807780046989	false	0.5
widerspenstig	neg 1.0		off 0.5344527028240239 neg 0.4583144018939319 __DUMMY__ 0.007232895282044051	false	0.5
abrupt	neg 1.0		off 0.5321919788850493 neg 0.46051142856868815 __DUMMY__ 0.007296592546262414	false	0.5
unwirksam	neg 1.0		off 0.5298193816936704 neg 0.4630103742607921 __DUMMY__ 0.0071702440455374645	false	0.5
angreifen	neg 1.0		off 0.5286240983262445 neg 0.4641122521847479 __DUMMY__ 0.007263649489007564	false	0.5
inkonsistent	neg 1.0		off 0.5342968090096565 neg 0.4584921006826915 __DUMMY__ 0.007211090307651999	false	0.5
abrutschen	neg 1.0		off 0.5257654435448518 neg 0.4669484019880608 __DUMMY__ 0.0072861544670874195	false	0.5
unsicher	neg 1.0		off 0.534292456350609 neg 0.458465883608244 __DUMMY__ 0.0072416600411470446	false	0.5
bauernkind	off 1.0	off 1.0	off 0.7551548349608412 neg 0.2414861193572243 __DUMMY__ 0.0033590456819343846	false	1.0
angreifer	neg 1.0	neg 1.0	neg 0.7115396223133471 off 0.2849962067872169 __DUMMY__ 0.0034641708994360377	false	1.0
trennen	neg 1.0		off 0.5308063405056449 neg 0.46189045109411997 __DUMMY__ 0.007303208400235124	false	0.5
schmutz	neg 1.0		off 0.5402244116358009 neg 0.4524846245233171 __DUMMY__ 0.0072909638408820655	false	0.5
inkonsistenz	neg 1.0		off 0.5344463404612616 neg 0.4584367152251826 __DUMMY__ 0.007116944313555936	false	0.5
erschreckend	neg 1.0		off 0.5318415038385075 neg 0.4609399329255494 __DUMMY__ 0.007218563235943012	false	0.5
ertrinken	neg 1.0		off 0.5308572121264274 neg 0.4618566931850705 __DUMMY__ 0.007286094688501962	false	0.5
pickelface	off 1.0		off 0.5338443076374091 neg 0.4589037847652433 __DUMMY__ 0.007251907597347622	false	1.0
seiner			off 0.5295070588913752 neg 0.46322392458031436 __DUMMY__ 0.0072690165283104706	false	0.0
lauch	neg 1.0		off 0.5283899201128479 neg 0.46429634942973097 __DUMMY__ 0.007313730457421049	false	0.5
unwichtig	neg 1.0		off 0.5368323549503614 neg 0.4560039288708971 __DUMMY__ 0.007163716178741621	false	0.5
steuerhinterziehung	neg 1.0	neg 1.0	neg 0.7154373110025471 off 0.2811075466025232 __DUMMY__ 0.003455142394929637	false	1.0
schock	neg 1.0		off 0.5340797890916383 neg 0.45866563374709957 __DUMMY__ 0.0072545771612620115	false	0.5
beule	neg 1.0		off 0.5397854166020757 neg 0.4530419934935692 __DUMMY__ 0.00717258990435507	false	0.5
vergelten	neg 1.0		off 0.5429884103721736 neg 0.4498253045345157 __DUMMY__ 0.0071862850933105665	false	0.5
verdorbenheit	neg 1.0		off 0.5368351202722325 neg 0.45590258802158645 __DUMMY__ 0.007262291706180947	false	0.5
trauma	neg 1.0		off 0.5352025221651436 neg 0.4575666073556712 __DUMMY__ 0.007230870479185248	false	0.5
sinnlos	neg 1.0		off 0.5360867202993919 neg 0.45669813368803197 __DUMMY__ 0.007215146012576111	false	0.5
fettsack	off 1.0	off 1.0	off 0.7567782484315908 neg 0.2398494863299878 __DUMMY__ 0.0033722652384212846	false	1.0
feige	off 1.0	off 1.0	off 0.7544602414255798 neg 0.2421311706755802 __DUMMY__ 0.003408587898840038	false	1.0
abdanken	neg 1.0		off 0.5332396312831138 neg 0.4595214014687954 __DUMMY__ 0.007238967248090885	false	0.5
wichtigtuer	off 1.0	off 1.0	off 0.7535100827820044 neg 0.24306489541023438 __DUMMY__ 0.0034250218077612102	false	1.0
misslingen	neg 1.0		off 0.5379428096275913 neg 0.4547726020772459 __DUMMY__ 0.007284588295162613	false	0.5
untreu	off 1.0		off 0.5383561001434691 neg 0.4544689763488016 __DUMMY__ 0.007174923507729249	false	1.0
missmutig	neg 1.0		off 0.5389055930814955 neg 0.453895313547062 __DUMMY__ 0.007199093371442543	false	0.5
hurenbock	off 1.0		off 0.5382373849524071 neg 0.454511344510296 __DUMMY__ 0.007251270537296949	false	1.0
betrunken	neg 1.0		off 0.5408183853622264 neg 0.45200754708091134 __DUMMY__ 0.007174067556862308	false	0.5
korrupt	off 1.0		off 0.52853328025484 neg 0.464262151213194 __DUMMY__ 0.007204568531966073	false	1.0
unmut	neg 1.0		off 0.5264460125275414 neg 0.46625845206761807 __DUMMY__ 0.0072955354048405115	false	0.5
hackfresse	off 1.0		off 0.5443334007166727 neg 0.4485712200143811 __DUMMY__ 0.007095379268946227	false	1.0
aufblasen	neg 1.0		off 0.5366957776145043 neg 0.456072364278341 __DUMMY__ 0.007231858107154834	false	0.5
gewaltsam	neg 1.0		off 0.5336027969477282 neg 0.4591369668751933 __DUMMY__ 0.007260236177078549	false	0.5
unbeliebtheit	neg 1.0		off 0.5345890680286794 neg 0.458263008025539 __DUMMY__ 0.007147923945781663	false	0.5
sturheit	neg 1.0		off 0.5316457635853005 neg 0.46112529004833597 __DUMMY__ 0.0072289463663635575	false	0.5
kuh	neg 1.0		off 0.5321249198465275 neg 0.46073433257771984 __DUMMY__ 0.007140747575752657	false	0.5
erschrecken	neg 1.0		off 0.5393021143475194 neg 0.4534843381745667 __DUMMY__ 0.007213547477913757	false	0.5
opfer	neg 1.0		off 0.5306644800458815 neg 0.462073315731441 __DUMMY__ 0.007262204222677473	false	0.5
sinken	neg 1.0		off 0.52782218948926 neg 0.46487693286847 __DUMMY__ 0.007300877642270016	false	0.5
stinktier	neg 1.0		off 0.5383361199125436 neg 0.4545993273885615 __DUMMY__ 0.0070645526988947615	false	0.5
tucke	off 1.0		off 0.5452729017411689 neg 0.44764705446104547 __DUMMY__ 0.007080043797785569	false	1.0
ein			off 0.5349113069749312 neg 0.4578678077575121 __DUMMY__ 0.007220885267556773	false	0.0
abstieg	neg 1.0		off 0.5295657667394985 neg 0.46316574131670674 __DUMMY__ 0.0072684919437948055	false	0.5
missverstehen	neg 1.0		off 0.5343081047099951 neg 0.458523357707028 __DUMMY__ 0.0071685375829768526	false	0.5
ergebnislos	neg 1.0		off 0.5292661468165586 neg 0.46346194357028375 __DUMMY__ 0.007271909613157569	false	0.5
unter			off 0.5242569181793741 neg 0.4683735936787475 __DUMMY__ 0.0073694881418785345	false	0.0
manipulieren	neg 1.0		off 0.5292931244080864 neg 0.46342512798044305 __DUMMY__ 0.00728174761147052	false	0.5
unbewiesen	neg 1.0		off 0.530000902111099 neg 0.46282281077357607 __DUMMY__ 0.007176287115324983	false	0.5
verschleppen	neg 1.0		off 0.5299875272567129 neg 0.4627683610231772 __DUMMY__ 0.007244111720109969	false	0.5
weib	off 1.0		off 0.5427075993089415 neg 0.4502406474631995 __DUMMY__ 0.00705175322785892	false	1.0
opposition	neg 1.0		off 0.5339152027245299 neg 0.45889037077437006 __DUMMY__ 0.00719442650109989	false	0.5
verkehrswidrig	neg 1.0		off 0.545295893152295 neg 0.44750803608863515 __DUMMY__ 0.007196070759069902	false	0.5
inkorrekt	neg 1.0		off 0.5394023151533212 neg 0.45347834478790117 __DUMMY__ 0.007119340058777579	false	0.5
vermeiden	neg 1.0		off 0.5255176492647964 neg 0.46716681515677577 __DUMMY__ 0.0073155355784276675	false	0.5
abweichung	neg 1.0		off 0.5292199067579197 neg 0.4635387907943583 __DUMMY__ 0.007241302447721899	false	0.5
alkoholisiert	neg 1.0		off 0.5304628769870291 neg 0.46226118059153004 __DUMMY__ 0.0072759424214408	false	0.5
scheiss	off 1.0	off 1.0	off 0.7555658433798642 neg 0.2410168355728334 __DUMMY__ 0.003417321047302499	false	1.0
herausforderung	neg 1.0		off 0.5295656311126017 neg 0.463157900997538 __DUMMY__ 0.007276467889860255	false	0.5
pervers	off 1.0		off 0.5470083678983939 neg 0.44593343292342685 __DUMMY__ 0.007058199178179135	false	1.0
wackelig	neg 1.0		off 0.5344187795347262 neg 0.4582960752721459 __DUMMY__ 0.007285145193127857	false	0.5
verwickeln	neg 1.0		off 0.5338969287701395 neg 0.45892836629716954 __DUMMY__ 0.007174704932690912	false	0.5
vorwand	neg 1.0		off 0.5281712922608277 neg 0.46456158586212715 __DUMMY__ 0.0072671218770450855	false	0.5
muschi	off 1.0		off 0.5337217906993899 neg 0.45903074850438225 __DUMMY__ 0.007247460796227754	false	1.0
entmutigung	neg 1.0		off 0.5341325676859113 neg 0.45865817094915656 __DUMMY__ 0.0072092613649321815	false	0.5
unangemessen	neg 1.0		off 0.529650614369819 neg 0.46314599198549367 __DUMMY__ 0.007203393644687455	false	0.5
unstetig	neg 1.0		off 0.5361980005499813 neg 0.45659885367028386 __DUMMY__ 0.007203145779734757	false	0.5
entmutigen	neg 1.0		off 0.5346980988677595 neg 0.4580797032115696 __DUMMY__ 0.00722219792067081	false	0.5
schwanz	neg 1.0		off 0.5315667417110649 neg 0.46116460084069044 __DUMMY__ 0.00726865744824474	false	0.5
verbot	neg 1.0		off 0.5301663190995622 neg 0.46259391526175236 __DUMMY__ 0.007239765638685349	false	0.5
leid	neg 1.0		off 0.5423265013998969 neg 0.45056429126747194 __DUMMY__ 0.007109207332631275	false	0.5
archaisch	neg 1.0		off 0.5321554436685092 neg 0.46060931537038735 __DUMMY__ 0.007235240961103484	false	0.5
gegen			off 0.5272422684915855 neg 0.4654650131721916 __DUMMY__ 0.007292718336222854	false	0.0
scheidung	neg 1.0		off 0.5550467462193629 neg 0.43786274916527773 __DUMMY__ 0.007090504615359557	false	0.5
einschlag	neg 1.0		off 0.5411445196427732 neg 0.45169810482509204 __DUMMY__ 0.007157375532134889	false	0.5
m			off 0.5325714647149777 neg 0.4601634399179404 __DUMMY__ 0.007265095367081823	false	0.0
abgestanden	neg 1.0		off 0.533863824053118 neg 0.45892729256095577 __DUMMY__ 0.0072088833859262885	false	0.5
schmierig	off 1.0		off 0.5433411809812638 neg 0.4495169101474076 __DUMMY__ 0.0071419088713287025	false	1.0
unpraktisch	neg 1.0		off 0.5353438422686431 neg 0.4574398105664575 __DUMMY__ 0.007216347164899526	false	0.5
wixxer	off 1.0		off 0.5457928747385864 neg 0.44717271119296964 __DUMMY__ 0.007034414068443972	false	1.0
bezeichnet			off 0.5316720240284526 neg 0.46113247659569057 __DUMMY__ 0.007195499375856821	false	0.0
jammerlappen	off 1.0		off 0.5387350245071757 neg 0.4540721487769758 __DUMMY__ 0.00719282671584847	false	1.0
farce	neg 1.0		off 0.5306461047606311 neg 0.46213020056662485 __DUMMY__ 0.00722369467274404	false	0.5
zwecklos	neg 1.0		off 0.5306323609981314 neg 0.46214159087202594 __DUMMY__ 0.007226048129842614	false	0.5
turbulent	neg 1.0		off 0.5394045793013718 neg 0.4534319905527993 __DUMMY__ 0.007163430145829067	false	0.5
invasion	neg 1.0		off 0.5350810787239355 neg 0.45771511760286965 __DUMMY__ 0.0072038036731948375	false	0.5
schuld	neg 1.0		off 0.5335605017289862 neg 0.45923852220198064 __DUMMY__ 0.0072009760690334036	false	0.5
risiko	neg 1.0	neg 1.0	neg 0.711872078389 off 0.28466044101035326 __DUMMY__ 0.003467480600646666	false	1.0
finster	neg 1.0		off 0.5334162134127042 neg 0.4593958319992134 __DUMMY__ 0.007187954588082521	false	0.5
geisteskrank	off 1.0		off 0.5370429737808583 neg 0.45583294692548343 __DUMMY__ 0.007124079293658313	false	1.0
zusammenbrechen	neg 1.0		off 0.5319194877858486 neg 0.4608367915588574 __DUMMY__ 0.00724372065529406	false	0.5
ausbeute	neg 1.0		off 0.5357517072925256 neg 0.4569092199854464 __DUMMY__ 0.0073390727220279655	false	0.5
hinterhalt	neg 1.0		off 0.5378779030504071 neg 0.45479250476611155 __DUMMY__ 0.007329592183481458	false	0.5
kritik	neg 1.0		off 0.5302525820760171 neg 0.4625252858103787 __DUMMY__ 0.007222132113604192	false	0.5
einschrumpfen	neg 1.0		off 0.5363795922725836 neg 0.4564441893516889 __DUMMY__ 0.007176218375727573	false	0.5
riskant	neg 1.0		off 0.5283388642942999 neg 0.4644162156796471 __DUMMY__ 0.00724492002605291	false	0.5
frustrieren	neg 1.0		off 0.5295146414711905 neg 0.46324217754455377 __DUMMY__ 0.007243180984255748	false	0.5
groll	neg 1.0		off 0.5300558383237237 neg 0.4627166223306298 __DUMMY__ 0.0072275393456464965	false	0.5
gibt			off 0.5320190145989377 neg 0.46073643337276443 __DUMMY__ 0.007244552028297977	false	0.0
qualvoll	neg 1.0		off 0.537813842584605 neg 0.45496776269846995 __DUMMY__ 0.007218394716925195	false	0.5
wackeln	neg 1.0		off 0.5369573943403321 neg 0.4557840131070677 __DUMMY__ 0.007258592552600072	false	0.5
klagen	neg 1.0		off 0.5264993994679059 neg 0.46622195167219105 __DUMMY__ 0.007278648859903176	false	0.5
bankrott	neg 1.0		off 0.5393832630735418 neg 0.45340106737780483 __DUMMY__ 0.007215669548653342	false	0.5
trauern	neg 1.0		off 0.5321955749942325 neg 0.4605091597723772 __DUMMY__ 0.007295265233390221	false	0.5
ablehnung	neg 1.0		off 0.5296968248873143 neg 0.463082766961105 __DUMMY__ 0.0072204081515805894	false	0.5
stur	neg 1.0		off 0.5334834067357662 neg 0.4593207670927619 __DUMMY__ 0.007195826171471739	false	0.5
aufruhr	neg 1.0		off 0.5328631001086103 neg 0.45989568460125146 __DUMMY__ 0.0072412152901382395	false	0.5
melancholie	neg 1.0		off 0.5316443705026556 neg 0.461091661053754 __DUMMY__ 0.007263968443590439	false	0.5
ist			off 0.5355540678482559 neg 0.4572334679948595 __DUMMY__ 0.007212464156884611	false	0.0
torheit	neg 1.0		off 0.5340390157459074 neg 0.45873461311524005 __DUMMY__ 0.007226371138852588	false	0.5
dreckskind	off 1.0		off 0.5419297135107739 neg 0.45099038063967545 __DUMMY__ 0.007079905849550672	false	1.0
umtauschen	neg 1.0		off 0.5336715920556951 neg 0.45909672181174127 __DUMMY__ 0.007231686132563709	false	0.5
zum			off 0.5287320174559591 neg 0.46390334801416594 __DUMMY__ 0.007364634529875049	false	0.0
zersetzen	neg 1.0		off 0.5277755681717635 neg 0.4649706714167311 __DUMMY__ 0.007253760411505489	false	0.5
zur			off 0.5261817247782578 neg 0.46647751435200285 __DUMMY__ 0.007340760869739405	false	0.0
frust	neg 1.0		off 0.5321671147309083 neg 0.46058441384890814 __DUMMY__ 0.007248471420183503	false	0.5
unerbittlichkeit	neg 1.0		off 0.5284955551875953 neg 0.4642382827719732 __DUMMY__ 0.007266162040431548	false	0.5
zwei			off 0.5290309922581768 neg 0.4636251710967218 __DUMMY__ 0.007343836645101419	false	0.0
unkorrekt	neg 1.0		off 0.539923718180157 neg 0.4529408937865786 __DUMMY__ 0.007135388033264485	false	0.5
hexe	off 1.0		off 0.5366363261012471 neg 0.4562162748468134 __DUMMY__ 0.007147399051939459	false	1.0
lasch	neg 1.0		off 0.5352369415055311 neg 0.45760216954759514 __DUMMY__ 0.007160888946873695	false	0.5
rivale	neg 1.0		off 0.540477927409304 neg 0.452359481686969 __DUMMY__ 0.007162590903727058	false	0.5
mutlos	off 1.0	off 1.0	off 0.7501242190766405 neg 0.24641802056415138 __DUMMY__ 0.003457760359208072	false	1.0
wirr	off 1.0		off 0.5408523763633959 neg 0.4520192049687311 __DUMMY__ 0.007128418667873074	false	1.0
jahr			off 0.5328364502994365 neg 0.45981726029243386 __DUMMY__ 0.00734628940812961	false	0.0
wird			off 0.5306240498421263 neg 0.46212851786560344 __DUMMY__ 0.007247432292270408	false	0.0
strafbar	neg 1.0		off 0.528731762250259 neg 0.46402686575033203 __DUMMY__ 0.007241371999408833	false	0.5
erosion	neg 1.0		off 0.5357111189299759 neg 0.45703029037841486 __DUMMY__ 0.00725859069160915	false	0.5
eingehen	neg 1.0		off 0.5288599150196791 neg 0.4639017019835391 __DUMMY__ 0.007238382996781852	false	0.5
faul	off 1.0		off 0.5388301931170385 neg 0.45396343660120264 __DUMMY__ 0.007206370281758943	false	1.0
provisorium	neg 1.0		off 0.5252197511829546 neg 0.4674085769346865 __DUMMY__ 0.00737167188235909	false	0.5
schmerzen	neg 1.0		off 0.5322042783112486 neg 0.4605721433423555 __DUMMY__ 0.007223578346395942	false	0.5
schrumpfen	neg 1.0		off 0.5237994914608051 neg 0.4689060204625833 __DUMMY__ 0.007294488076611646	false	0.5
geistlos	off 1.0		off 0.5333613016367632 neg 0.4594801632263044 __DUMMY__ 0.007158535136932188	false	1.0
fehlkauf	neg 1.0		off 0.5369528165514803 neg 0.4558116966641827 __DUMMY__ 0.007235486784336944	false	0.5
frustrierend	neg 1.0		off 0.537119790942992 neg 0.4556898544407669 __DUMMY__ 0.007190354616240957	false	0.5
unzufrieden	neg 1.0		off 0.5297920889244868 neg 0.46298701784035096 __DUMMY__ 0.007220893235162154	false	0.5
verzweifeln	neg 1.0		off 0.5324911784382947 neg 0.4602762840717728 __DUMMY__ 0.007232537489932435	false	0.5
verzweifelt	neg 1.0	neg 1.0	neg 0.7140220598837905 off 0.2825481897142236 __DUMMY__ 0.00342975040198573	false	1.0
misstrauensantrag	neg 1.0		off 0.5355584462766773 neg 0.4572358038183308 __DUMMY__ 0.007205749904991881	false	0.5
abfallen	neg 1.0		off 0.5364332568892975 neg 0.45631850505407506 __DUMMY__ 0.0072482380566274195	false	0.5
fucker	off 1.0		off 0.5420354827381161 neg 0.45078626710217207 __DUMMY__ 0.0071782501597117436	false	1.0
ungezogen	neg 1.0		off 0.5466139617446868 neg 0.4463134523689349 __DUMMY__ 0.0070725858863783676	false	0.5
irrsinnig	neg 1.0	neg 1.0	neg 0.7137299482802423 off 0.2828352927173784 __DUMMY__ 0.003434759002379194	false	1.0
unfassbar	neg 1.0		off 0.5395654310199675 neg 0.45325600660534227 __DUMMY__ 0.007178562374690315	false	0.5
hart	neg 1.0		off 0.539271639034452 neg 0.4535483164969649 __DUMMY__ 0.007180044468583212	false	0.5
widerlich	off 1.0		off 0.5382560454332725 neg 0.4546012258191675 __DUMMY__ 0.007142728747559913	false	1.0
fatal	neg 1.0		off 0.5364931321519396 neg 0.45628850434493556 __DUMMY__ 0.007218363503124741	false	0.5
bruch	neg 1.0		off 0.5272441808354439 neg 0.4654736885198012 __DUMMY__ 0.007282130644754943	false	0.5
aushungern	neg 1.0		off 0.5326039526003793 neg 0.4601381529515598 __DUMMY__ 0.00725789444806086	false	0.5
anspannung	neg 1.0		off 0.5276787118038018 neg 0.464974024214245 __DUMMY__ 0.007347263981953146	false	0.5
von			off 0.534262115087366 neg 0.4583696418505956 __DUMMY__ 0.007368243062038382	false	0.0
kraftlos	neg 1.0		off 0.5323415581356684 neg 0.46039743053553434 __DUMMY__ 0.007261011328797305	false	0.5
vom			off 0.5269993148372751 neg 0.4656129442568029 __DUMMY__ 0.0073877409059220555	false	0.0
grenzdebil	off 1.0		off 0.5404828909579611 neg 0.45233313317294804 __DUMMY__ 0.007183975869090766	false	1.0
vor			off 0.5297101040473142 neg 0.46298356255337 __DUMMY__ 0.007306333399315785	false	0.0
unterwerfen	neg 1.0		off 0.5303506250179246 neg 0.46239104418592436 __DUMMY__ 0.007258330796151058	false	0.5
versenkung	neg 1.0		off 0.5314580808999767 neg 0.4612665910001679 __DUMMY__ 0.007275328099855376	false	0.5
entziehen	neg 1.0		off 0.5270913592499695 neg 0.465631826457702 __DUMMY__ 0.007276814292328352	false	0.5
finanzkrise	neg 1.0		off 0.5314826252305286 neg 0.4612990020161465 __DUMMY__ 0.0072183727533248815	false	0.5
schimpfend	neg 1.0		off 0.5359259258330539 neg 0.45686172896200083 __DUMMY__ 0.007212345204945296	false	0.5
profan	neg 1.0		off 0.5354095817004678 neg 0.45739999124823033 __DUMMY__ 0.007190427051301775	false	0.5
korruption	neg 1.0		off 0.5303149770045774 neg 0.46243841222189624 __DUMMY__ 0.007246610773526364	false	0.5
â			off 0.5330321229270248 neg 0.4596842516593012 __DUMMY__ 0.00728362541367404	false	0.0
schmutzig	neg 1.0		off 0.5416074682101362 neg 0.4512011461907896 __DUMMY__ 0.007191385599074248	false	0.5
sexy	neg 1.0		off 0.5382862711450941 neg 0.45449806944157645 __DUMMY__ 0.007215659413329607	false	0.5
abraten	neg 1.0		off 0.5356252482647784 neg 0.4571652685847388 __DUMMY__ 0.007209483150482748	false	0.5
schwarz	neg 1.0		off 0.5354651027594767 neg 0.45731673326169175 __DUMMY__ 0.0072181639788315806	false	0.5
fotze	off 1.0	off 1.0	off 0.7525058570666954 neg 0.24402207195800238 __DUMMY__ 0.003472070975302268	false	1.0
verwirren	neg 1.0		off 0.5365733201677043 neg 0.45622748899523713 __DUMMY__ 0.007199190837058483	false	0.5
zahnlos	off 1.0		off 0.5311414232590596 neg 0.46163442972490987 __DUMMY__ 0.007224147016030652	false	1.0
verheeren	neg 1.0		off 0.5501493720904614 neg 0.4427503404277664 __DUMMY__ 0.007100287481772165	false	0.5
hippie	neg 1.0		off 0.5379004039958936 neg 0.4548815961782413 __DUMMY__ 0.0072179998258649425	false	0.5
rammen	neg 1.0		off 0.5343261515724794 neg 0.458476787946634 __DUMMY__ 0.0071970604808866126	false	0.5
unlauter	neg 1.0		off 0.5317975198287621 neg 0.4610275252969767 __DUMMY__ 0.0071749548742610966	false	0.5
unheilvoll	neg 1.0		off 0.5368211800540788 neg 0.4559490773000774 __DUMMY__ 0.00722974264584393	false	0.5
niedrig	neg 1.0		off 0.5276850910699877 neg 0.4650769031150653 __DUMMY__ 0.00723800581494701	false	0.5
explosion	neg 1.0		off 0.5368725383691287 neg 0.45591558282708716 __DUMMY__ 0.007211878803784178	false	0.5
weichei	off 1.0	off 1.0	off 0.7578689644039158 neg 0.23874440797911808 __DUMMY__ 0.003386627616966142	false	1.0
minusmensch	off 1.0		off 0.5440450273508102 neg 0.44889238916515184 __DUMMY__ 0.0070625834840380465	false	1.0
farblos	neg 1.0		off 0.5350510674367543 neg 0.4576967935951285 __DUMMY__ 0.007252138968117293	false	0.5
unwissend	neg 1.0	neg 1.0	neg 0.7118690497089399 off 0.284715556980716 __DUMMY__ 0.0034153933103440305	false	1.0
traurig	neg 1.0		off 0.5418077905834965 neg 0.45103502931464395 __DUMMY__ 0.007157180101859551	false	0.5
senkung	neg 1.0		off 0.5340427518067378 neg 0.4587886795267138 __DUMMY__ 0.0071685686665484945	false	0.5
ungleich	neg 1.0	neg 1.0	neg 0.716799620279449 off 0.2797416075488988 __DUMMY__ 0.0034587721716520347	false	1.0
heikel	neg 1.0		off 0.5279430179050537 neg 0.46481736135819496 __DUMMY__ 0.007239620736751416	false	0.5
drosselung	neg 1.0		off 0.5398060661993808 neg 0.4530196874893669 __DUMMY__ 0.007174246311252453	false	0.5
falsch	neg 1.0		off 0.5365652475288729 neg 0.4562583822578074 __DUMMY__ 0.007176370213319598	false	0.5
unzufriedenheit	neg 1.0		off 0.5278660639027644 neg 0.4648617041274605 __DUMMY__ 0.007272231969775069	false	0.5
kurz	neg 1.0		off 0.534206049430707 neg 0.4585239450017857 __DUMMY__ 0.007270005567507212	false	0.5
unsinnig	neg 1.0		off 0.5305692563423798 neg 0.46222102483775823 __DUMMY__ 0.0072097188198619695	false	0.5
penner	off 1.0	off 1.0	off 0.7588760434887144 neg 0.23773937202199097 __DUMMY__ 0.003384584489294595	false	1.0
seicht	neg 1.0		off 0.5447332853772205 neg 0.44820984702434474 __DUMMY__ 0.007056867598434597	false	0.5
dummheit	off 1.0	off 1.0	off 0.7537428507072589 neg 0.24283259734060075 __DUMMY__ 0.003424551952140388	false	1.0
unerfreulich	neg 1.0		off 0.5284466399194755 neg 0.4642877778452958 __DUMMY__ 0.007265582235228795	false	0.5
motherfucker	off 1.0	off 1.0	off 0.7568470945593743 neg 0.239729946318312 __DUMMY__ 0.003422959122313716	false	1.0
pikiert	neg 1.0		off 0.5382840551186193 neg 0.45455553680958466 __DUMMY__ 0.007160408071796074	false	0.5
wrack	neg 1.0		off 0.5334077167646808 neg 0.4593209171096539 __DUMMY__ 0.00727136612566518	false	0.5
gangster	neg 1.0		off 0.5379122456886145 neg 0.4548712289527674 __DUMMY__ 0.007216525358618145	false	0.5
krank	neg 1.0		off 0.5404171381879158 neg 0.45240068685867874 __DUMMY__ 0.007182174953405526	false	0.5
reich	neg 1.0		off 0.5411490512015833 neg 0.4516326468246954 __DUMMY__ 0.007218301973721352	false	0.5
gnadenlos	neg 1.0		off 0.5343331832634202 neg 0.458455559548933 __DUMMY__ 0.007211257187646862	false	0.5
niedergeschlagen	neg 1.0		off 0.5334193524752472 neg 0.45932587141235515 __DUMMY__ 0.007254776112397638	false	0.5
terrorisieren	off 1.0	off 1.0	off 0.7511930005613828 neg 0.24533534150093536 __DUMMY__ 0.0034716579376818926	false	1.0
sinnlosigkeit	neg 1.0		off 0.5310772902566525 neg 0.4616891167291774 __DUMMY__ 0.007233593014170099	false	0.5
behindern	neg 1.0		off 0.5338445621172827 neg 0.4589088335784946 __DUMMY__ 0.007246604304222769	false	0.5
undemokratisch	neg 1.0		off 0.5338819980854509 neg 0.4589070010191041 __DUMMY__ 0.007211000895445082	false	0.5
wirtschaftskrise	neg 1.0		off 0.5297056849435733 neg 0.4630540675560854 __DUMMY__ 0.007240247500341354	false	0.5
neid	neg 1.0		off 0.5383996799448227 neg 0.4543932135050419 __DUMMY__ 0.007207106550135254	false	0.5
rutschen	neg 1.0		off 0.5296971925907568 neg 0.46294619605169507 __DUMMY__ 0.007356611357548019	false	0.5
rezession	neg 1.0		off 0.5377612038971665 neg 0.4551535064578176 __DUMMY__ 0.007085289645015812	false	0.5
fehlgeburt	neg 1.0		off 0.5369223965600767 neg 0.45584468911402626 __DUMMY__ 0.007232914325897191	false	0.5
charakterschwach	off 1.0		off 0.5380855507572258 neg 0.4547695100176623 __DUMMY__ 0.007144939225111946	false	1.0
isolation	neg 1.0		off 0.5375189478374193 neg 0.45527942511766295 __DUMMY__ 0.007201627044917804	false	0.5
ablenkung	neg 1.0		off 0.534512588986454 neg 0.4582487243806646 __DUMMY__ 0.007238686632881386	false	0.5
pech	neg 1.0		off 0.5361698491810449 neg 0.4566544765305594 __DUMMY__ 0.007175674288395781	false	0.5
vermeidung	neg 1.0		off 0.540913539607493 neg 0.4518973797345924 __DUMMY__ 0.007189080657914633	false	0.5
dominieren	neg 1.0		off 0.5310794042794681 neg 0.4616477965347814 __DUMMY__ 0.007272799185750555	false	0.5
schwindlig	neg 1.0		off 0.5372195221671682 neg 0.4555534875680529 __DUMMY__ 0.007226990264778909	false	0.5
lutscher	neg 1.0		off 0.5459288770865965 neg 0.44700724069170333 __DUMMY__ 0.007063882221700157	false	0.5
pflicht	neg 1.0		off 0.5271695150842597 neg 0.46557578594376187 __DUMMY__ 0.007254698971978466	false	0.5
faschist	off 1.0		off 0.5366978386677287 neg 0.45610403259143356 __DUMMY__ 0.007198128740837646	false	1.0
verschleudern	neg 1.0		off 0.5278160836176505 neg 0.4649444656667326 __DUMMY__ 0.007239450715617007	false	0.5
wenn			off 0.5376142672016997 neg 0.4551964153834817 __DUMMY__ 0.007189317414818831	false	0.0
ehebruch	neg 1.0		off 0.5310357002844314 neg 0.4617058105227752 __DUMMY__ 0.007258489192793357	false	0.5
spott	off 1.0		off 0.5294459950614476 neg 0.46330832261381666 __DUMMY__ 0.007245682324735618	false	1.0
trostlosigkeit	neg 1.0		off 0.529735179180055 neg 0.46296044262551755 __DUMMY__ 0.007304378194427405	false	0.5
lutschen	neg 1.0		off 0.5368652296569542 neg 0.45594674536781027 __DUMMY__ 0.007188024975235653	false	0.5
undiszipliniert	neg 1.0		off 0.540433950671958 neg 0.4524192260464405 __DUMMY__ 0.007146823281601461	false	0.5
kopfschmerz	neg 1.0		off 0.5315662851843281 neg 0.4611982005675902 __DUMMY__ 0.0072355142480817055	false	0.5
unvorhergesehen	neg 1.0		off 0.5321515467156567 neg 0.4605399335756236 __DUMMY__ 0.007308519708719668	false	0.5
desinteressiert	neg 1.0		off 0.5400104172474632 neg 0.4528372829030253 __DUMMY__ 0.007152299849511386	false	0.5
armselig	off 1.0		off 0.5395639744184751 neg 0.4533167321671759 __DUMMY__ 0.007119293414348969	false	1.0
desaster	neg 1.0		off 0.5266503296167862 neg 0.46606307543079883 __DUMMY__ 0.007286594952414957	false	0.5
tod	neg 1.0		off 0.5357139589654599 neg 0.456964989675618 __DUMMY__ 0.007321051358922105	false	0.5
herzlos	neg 1.0		off 0.5410026557497749 neg 0.45185509104613136 __DUMMY__ 0.00714225320409377	false	0.5
unwissenheit	neg 1.0		off 0.5306676164334647 neg 0.46209782076968403 __DUMMY__ 0.00723456279685109	false	0.5
widersinnig	neg 1.0		off 0.5282043281760875 neg 0.4646008499007323 __DUMMY__ 0.0071948219231801926	false	0.5
bedenklich	neg 1.0		off 0.5292065304141206 neg 0.4635607665369817 __DUMMY__ 0.007232703048897685	false	0.5
beanstanden	neg 1.0		off 0.527243086919594 neg 0.4654934160193179 __DUMMY__ 0.007263497061088098	false	0.5
panisch	neg 1.0	neg 1.0	neg 0.7109884444802822 off 0.2855491186691757 __DUMMY__ 0.0034624368505420376	false	1.0
debil	off 1.0		off 0.5262229618223102 neg 0.46641122857779876 __DUMMY__ 0.007365809599891088	false	1.0
abstrich	neg 1.0		off 0.5390405844312559 neg 0.45363451969578755 __DUMMY__ 0.007324895872956459	false	0.5
primitiv	neg 1.0		off 0.538341753403348 neg 0.4545185392888432 __DUMMY__ 0.007139707307808877	false	0.5
abschaum	off 1.0	off 1.0	off 0.7552470911720375 neg 0.24133267670737923 __DUMMY__ 0.0034202321205832305	false	1.0
provozieren	neg 1.0		off 0.532828302592553 neg 0.4599800163013124 __DUMMY__ 0.00719168110613453	false	0.5
tot	neg 1.0		off 0.531451322170524 neg 0.4613016461680698 __DUMMY__ 0.007247031661406155	false	0.5
instabil	neg 1.0		off 0.5400164145730475 neg 0.45284679146447937 __DUMMY__ 0.007136793962473122	false	0.5
schwuchtel	off 1.0	off 1.0	off 0.7608159007181515 neg 0.23583940531064496 __DUMMY__ 0.003344693971203475	false	1.0
zerren	neg 1.0		off 0.5326502257894805 neg 0.4600936832919645 __DUMMY__ 0.007256090918555076	false	0.5
kinderficker	off 1.0		off 0.5437217080447982 neg 0.4491537197741662 __DUMMY__ 0.007124572181035459	false	1.0
gefahr	neg 1.0		off 0.5288531833373881 neg 0.4638556269680984 __DUMMY__ 0.007291189694513415	false	0.5
rabiat	neg 1.0		off 0.5341579751898943 neg 0.45861073290922444 __DUMMY__ 0.007231291900881301	false	0.5
verlangsamung	neg 1.0		off 0.5430348704842708 neg 0.4498892348523551 __DUMMY__ 0.007075894663374079	false	0.5
ausgestorben	neg 1.0		off 0.5344701590035374 neg 0.4582860651911897 __DUMMY__ 0.007243775805272792	false	0.5
anklagen	neg 1.0		off 0.5309520498103976 neg 0.46179683784159764 __DUMMY__ 0.007251112348004656	false	0.5
trott	neg 1.0		off 0.5340465982356465 neg 0.4587107578410687 __DUMMY__ 0.00724264392328481	false	0.5
verminderung	neg 1.0		off 0.5401720437191588 neg 0.45265881102355626 __DUMMY__ 0.0071691452572849364	false	0.5
nach			off 0.52785867497115 neg 0.46478511969668646 __DUMMY__ 0.007356205332163316	false	0.0
rost	neg 1.0		off 0.543727825543259 neg 0.4491588611810173 __DUMMY__ 0.007113313275723698	false	0.5
destruktiv	neg 1.0		off 0.5319916780787737 neg 0.4608021649240163 __DUMMY__ 0.0072061569972099275	false	0.5
unzumutbarkeit	neg 1.0		off 0.5399119921983647 neg 0.45289291285717975 __DUMMY__ 0.0071950949444555545	false	0.5
labil	off 1.0	off 1.0	off 0.7552093422714368 neg 0.24136150604907583 __DUMMY__ 0.0034291516794873684	false	1.0
ziemlich	neg 1.0		off 0.5399118254786611 neg 0.45290114832659695 __DUMMY__ 0.00718702619474206	false	0.5
lachnummer	off 1.0		off 0.5327550170134815 neg 0.4600409759477565 __DUMMY__ 0.007204007038761918	false	1.0
oder			off 0.5353706250570197 neg 0.45739572457271555 __DUMMY__ 0.007233650370264817	false	0.0
verfall	neg 1.0		off 0.5250547092355721 neg 0.4676326955198147 __DUMMY__ 0.007312595244613298	false	0.5
ausgrenzung	neg 1.0		off 0.5349119771552064 neg 0.45787504135603907 __DUMMY__ 0.007212981488754433	false	0.5
unordnung	neg 1.0		off 0.5441840613175555 neg 0.44861208049333223 __DUMMY__ 0.0072038581891123105	false	0.5
fehlverhalten	neg 1.0		off 0.5272106256114155 neg 0.4655485732218335 __DUMMY__ 0.007240801166751124	false	0.5
eine			off 0.5295767371273691 neg 0.4631326972827332 __DUMMY__ 0.007290565589897638	false	0.0
nille	neg 1.0		off 0.5346827300717658 neg 0.4580624957146701 __DUMMY__ 0.007254774213564097	false	0.5
qual	neg 1.0		off 0.5338505194788942 neg 0.4589008371811762 __DUMMY__ 0.00724864333992974	false	0.5
verschwenden	neg 1.0		off 0.5285130940077112 neg 0.4642522449155955 __DUMMY__ 0.0072346610766931925	false	0.5
riesig	neg 1.0		off 0.5325917819149363 neg 0.46012273472309795 __DUMMY__ 0.007285483361965701	false	0.5
verurteilen	neg 1.0		off 0.5297721946024556 neg 0.46300504922175506 __DUMMY__ 0.007222756175789249	false	0.5
klischee	neg 1.0	neg 1.0	neg 0.7124305477191024 off 0.28414655421135027 __DUMMY__ 0.0034228980695474058	false	1.0
diktatorisch	neg 1.0		off 0.5335120078994277 neg 0.4592868563598072 __DUMMY__ 0.007201135740765041	false	0.5
vorhersehbar	neg 1.0		off 0.5344567515047319 neg 0.4583786236989776 __DUMMY__ 0.007164624796290591	false	0.5
sowie			off 0.5429194301942813 neg 0.44995671499789996 __DUMMY__ 0.007123854807818724	false	0.0
stornieren	neg 1.0		off 0.5396013650119214 neg 0.4531235810885802 __DUMMY__ 0.007275053899498369	false	0.5
besteuerung	neg 1.0		off 0.5316686805983083 neg 0.461152752091576 __DUMMY__ 0.0071785673101156956	false	0.5
ungeschminkt	neg 1.0		off 0.5375084037816615 neg 0.4553624117198428 __DUMMY__ 0.0071291844984957475	false	0.5
kritisch	neg 1.0		off 0.5293190955845553 neg 0.46343982393708644 __DUMMY__ 0.007241080478358342	false	0.5
schlamperei	off 1.0		off 0.5294021124106967 neg 0.4633260240546765 __DUMMY__ 0.007271863534626865	false	1.0
sucht	neg 1.0	neg 1.0	neg 0.7098384739736503 off 0.2866595677967076 __DUMMY__ 0.0035019582296421455	false	1.0
egoistisch	off 1.0		off 0.5421090238237096 neg 0.4507965947515803 __DUMMY__ 0.007094381424710162	false	1.0
ausbeuter	off 1.0		off 0.5266053892232877 neg 0.466163638356439 __DUMMY__ 0.00723097242027333	false	1.0
arschgeburt	off 1.0		off 0.5475616986154914 neg 0.4454298599588804 __DUMMY__ 0.0070084414256282365	false	1.0
schubs	neg 1.0		off 0.5320052342443755 neg 0.4607540091712143 __DUMMY__ 0.007240756584410161	false	0.5
unsolide	neg 1.0		off 0.533075184357255 neg 0.4597474822729375 __DUMMY__ 0.007177333369807444	false	0.5
beschwerde	neg 1.0		off 0.5286887316818292 neg 0.46406908495094334 __DUMMY__ 0.007242183367227487	false	0.5
stocken	neg 1.0		off 0.5300210917646949 neg 0.46270645766039764 __DUMMY__ 0.007272450574907485	false	0.5
isolieren	neg 1.0		off 0.530766379234724 neg 0.4619837937852792 __DUMMY__ 0.007249826979996756	false	0.5
unheilbar	neg 1.0		off 0.5352494842074573 neg 0.4575073392641269 __DUMMY__ 0.0072431765284157465	false	0.5
pisser	off 1.0		off 0.540248337898066 neg 0.4526131975654023 __DUMMY__ 0.007138464536531626	false	1.0
löschen	neg 1.0		off 0.5347023180487289 neg 0.4580522239360841 __DUMMY__ 0.007245458015186886	false	0.5
durchfallen	neg 1.0		off 0.5284999715210154 neg 0.46428757217223593 __DUMMY__ 0.007212456306748783	false	0.5
wichser	off 1.0	off 1.0	off 0.7602563184274107 neg 0.2363748356462827 __DUMMY__ 0.0033688459263064353	false	1.0
terror	neg 1.0		off 0.5376014148873183 neg 0.4551809024778548 __DUMMY__ 0.00721768263482705	false	0.5
krass	neg 1.0		off 0.5413615832577883 neg 0.45150889056700577 __DUMMY__ 0.0071295261752059485	false	0.5
revolte	neg 1.0		off 0.5358661601396104 neg 0.4569175449944774 __DUMMY__ 0.007216294865912293	false	0.5
besorgt	neg 1.0		off 0.5357090484516315 neg 0.45699160342326184 __DUMMY__ 0.007299348125106653	false	0.5
nachlassen	neg 1.0		off 0.532043367123249 neg 0.4606540572052654 __DUMMY__ 0.007302575671485579	false	0.5
alt	neg 1.0		off 0.5317997933462636 neg 0.4609506478993642 __DUMMY__ 0.007249558754372279	false	0.5
hundesohn	off 1.0		off 0.5462798714607158 neg 0.4466500134989182 __DUMMY__ 0.007070115040365966	false	1.0
als			off 0.5314472588824589 neg 0.46131260036073024 __DUMMY__ 0.007240140756810798	false	0.0
abschreckung	neg 1.0		off 0.5278044440350962 neg 0.4649192994225691 __DUMMY__ 0.007276256542334656	false	0.5
unqualifiziert	neg 1.0		off 0.5349101141828865 neg 0.45793691256403024 __DUMMY__ 0.007152973253083231	false	0.5
abgewichst	off 1.0		off 0.5340753628849736 neg 0.45866458552211475 __DUMMY__ 0.007260051592911587	false	1.0
schwer	neg 1.0		off 0.5323502326238869 neg 0.46043122789941154 __DUMMY__ 0.0072185394767015154	false	0.5
bedeutungslosigkeit	neg 1.0		off 0.5281336106095876 neg 0.46460770898776743 __DUMMY__ 0.00725868040264484	false	0.5
kapitulation	neg 1.0		off 0.5303957833660198 neg 0.4623401009548921 __DUMMY__ 0.007264115679088056	false	0.5
unscharf	neg 1.0		off 0.5347848530187868 neg 0.45803544857160294 __DUMMY__ 0.007179698409610389	false	0.5
schwinden	neg 1.0		off 0.5296368851028738 neg 0.46307700983329847 __DUMMY__ 0.0072861050638278425	false	0.5
versklavung	neg 1.0		off 0.5354402378907775 neg 0.4573212396149708 __DUMMY__ 0.007238522494251667	false	0.5
schlecht	neg 1.0		off 0.5400597445193697 neg 0.452753783620336 __DUMMY__ 0.007186471860294307	false	0.5
verhasst	neg 1.0		off 0.5325440103438672 neg 0.46028165360230366 __DUMMY__ 0.0071743360538290704	false	0.5
beschweren	neg 1.0		off 0.535285383089806 neg 0.4575088163299957 __DUMMY__ 0.007205800580198253	false	0.5
scheiden	neg 1.0		off 0.5354418813475357 neg 0.4573045697866041 __DUMMY__ 0.007253548865860301	false	0.5
frustriert	neg 1.0		off 0.5314270961546881 neg 0.461348651769843 __DUMMY__ 0.007224252075468904	false	0.5
schimmelig	neg 1.0		off 0.5294846124927205 neg 0.4632978512810704 __DUMMY__ 0.007217536226208931	false	0.5
fisch	neg 1.0		off 0.5273687180134395 neg 0.46538172649165194 __DUMMY__ 0.007249555494908479	false	0.5
schmuggel	neg 1.0		off 0.5299216075586549 neg 0.4628047984923007 __DUMMY__ 0.00727359394904444	false	0.5
auffallen	neg 1.0		off 0.5360940839650034 neg 0.456705958992361 __DUMMY__ 0.007199957042635758	false	0.5
konkurrenz	neg 1.0		off 0.5274360731915728 neg 0.46528526978130136 __DUMMY__ 0.007278657027125971	false	0.5
teufelskreis	neg 1.0		off 0.5323080954485553 neg 0.46047706812940686 __DUMMY__ 0.007214836422037726	false	0.5
aufschreien	neg 1.0		off 0.5352432201379864 neg 0.4575727481792058 __DUMMY__ 0.007184031682807794	false	0.5
schuldner	neg 1.0		off 0.5268384112293163 neg 0.46591337284277096 __DUMMY__ 0.0072482159279127	false	0.5
missgeburt	off 1.0	off 1.0	off 0.7579619972969915 neg 0.2386572189582305 __DUMMY__ 0.0033807837447778844	false	1.0
arbeitslos	neg 1.0		off 0.5287083786992353 neg 0.4640828109052078 __DUMMY__ 0.007208810395556867	false	0.5
befallen	neg 1.0		off 0.5345293643844878 neg 0.45819943464385066 __DUMMY__ 0.007271200971661454	false	0.5
miesepetrig	off 1.0	off 1.0	off 0.7557576304515189 neg 0.24081718143343592 __DUMMY__ 0.003425188115045221	false	1.0
alarmieren	neg 1.0		off 0.536945891427876 neg 0.45587734952679215 __DUMMY__ 0.0071767590453319175	false	0.5
ungeduscht	off 1.0		off 0.5366978362403257 neg 0.456134062354507 __DUMMY__ 0.007168101405167174	false	1.0
knappheit	neg 1.0		off 0.5283123026383215 neg 0.46447558144880374 __DUMMY__ 0.007212115912874672	false	0.5
schlange	neg 1.0		off 0.538087017125976 neg 0.4546533341198154 __DUMMY__ 0.007259648754208548	false	0.5
harsch	neg 1.0		off 0.5454832610452031 neg 0.44734163489913215 __DUMMY__ 0.00717510405566491	false	0.5
lang	neg 1.0		off 0.5356970830784492 neg 0.45706127343555125 __DUMMY__ 0.007241643485999512	false	0.5
ziellos	neg 1.0		off 0.531900653529283 neg 0.4608250713938187 __DUMMY__ 0.007274275076898296	false	0.5
selbstverliebt	neg 1.0		off 0.546094188095919 neg 0.4468698189686756 __DUMMY__ 0.007035992935405287	false	0.5
beseitigen	neg 1.0		off 0.5336374652762166 neg 0.45910333121965935 __DUMMY__ 0.007259203504124024	false	0.5
dumm	off 1.0		off 0.5435548899053212 neg 0.4493441558426221 __DUMMY__ 0.007100954252056702	false	1.0
arbeitsloser	neg 1.0		off 0.5304623315564686 neg 0.4622991163607114 __DUMMY__ 0.007238552082819951	false	0.5
blitzen	neg 1.0		off 0.5376248986915795 neg 0.45515966458312523 __DUMMY__ 0.007215436725295298	false	0.5
hilflos	neg 1.0		off 0.5313651817129572 neg 0.46140239018524803 __DUMMY__ 0.0072324281017947445	false	0.5
eklig	off 1.0		off 0.5430508517695605 neg 0.44987264482559536 __DUMMY__ 0.007076503404844168	false	1.0
begriff			off 0.5323866189277235 neg 0.46038992017330876 __DUMMY__ 0.007223460898967673	false	0.0
hungersnot	neg 1.0		off 0.5330150765448735 neg 0.4597115956947448 __DUMMY__ 0.00727332776038165	false	0.5
ungesetzlich	neg 1.0		off 0.5309891703458465 neg 0.4618413693675143 __DUMMY__ 0.007169460286639266	false	0.5
verschwendung	neg 1.0		off 0.5294274612617093 neg 0.4633117638917605 __DUMMY__ 0.007260774846530206	false	0.5
schmerzvoll	neg 1.0		off 0.5357246230293499 neg 0.4570573331684311 __DUMMY__ 0.007218043802218924	false	0.5
vorzeitig	neg 1.0		off 0.5376310006640689 neg 0.45514782342879506 __DUMMY__ 0.007221175907136119	false	0.5
unvollkommenheit	neg 1.0		off 0.5343111298827371 neg 0.4583882199622672 __DUMMY__ 0.007300650154995758	false	0.5
intervenieren	neg 1.0		off 0.5278737043447487 neg 0.46488472631711636 __DUMMY__ 0.007241569338134892	false	0.5
banause	off 1.0		off 0.544096915396595 neg 0.4488684726429376 __DUMMY__ 0.007034611960467231	false	1.0
rebell	neg 1.0		off 0.5262367721217017 neg 0.4664733953209724 __DUMMY__ 0.007289832557325857	false	0.5
unlogisch	neg 1.0		off 0.5393371261269816 neg 0.4535426827121531 __DUMMY__ 0.007120191160865225	false	0.5
leiden	neg 1.0		off 0.5300074072262095 neg 0.4627023040483038 __DUMMY__ 0.007290288725486697	false	0.5
abschaffung	neg 1.0		off 0.5331779755042495 neg 0.4596084519795862 __DUMMY__ 0.007213572516164345	false	0.5
sturz	neg 1.0		off 0.5356245684985885 neg 0.45711956281004756 __DUMMY__ 0.007255868691363744	false	0.5
verkleinerung	neg 1.0		off 0.533033563876143 neg 0.4598179105877161 __DUMMY__ 0.007148525536140835	false	0.5
schmarotzer	off 1.0		off 0.5286039950782585 neg 0.4642063306975236 __DUMMY__ 0.007189674224217984	false	1.0
bestrafung	neg 1.0		off 0.5353723006885912 neg 0.45739872028434625 __DUMMY__ 0.007228979027062363	false	0.5
achtlos	neg 1.0	neg 1.0	neg 0.7134605200398834 off 0.28307780054251924 __DUMMY__ 0.0034616794175973513	false	1.0
ungeheuer	neg 1.0		off 0.5372771444139267 neg 0.4554984635153179 __DUMMY__ 0.007224392070755447	false	0.5
