unsolidarisch	neg 1.0		__DUMMY__ 0.8833641870634368 off 0.061311998170414606 neg 0.05532381476614875	false	0.5
nachteilig	neg 1.0		__DUMMY__ 0.8890547416663273 off 0.05701578678279536 neg 0.053929471550877454	false	0.5
skeptisch	neg 1.0		__DUMMY__ 0.8891518712893711 off 0.056605413863532475 neg 0.054242714847096446	false	0.5
schrecklich	neg 1.0		__DUMMY__ 0.880187672721974 off 0.07011258605579104 neg 0.049699741222234944	false	0.5
schlapp	neg 1.0		__DUMMY__ 0.8836993627935013 off 0.06604094747116811 neg 0.05025968973533067	false	0.5
abfall	neg 1.0		__DUMMY__ 0.894116647336081 off 0.053161145452737285 neg 0.05272220721118183	false	0.5
widerspenstig	neg 1.0		__DUMMY__ 0.8874942721792949 off 0.06115557582491723 neg 0.05135015199578795	false	0.5
abrupt	neg 1.0		__DUMMY__ 0.8927963888834654 off 0.05693073611944981 neg 0.0502728749970849	false	0.5
unwirksam	neg 1.0		__DUMMY__ 0.8821788611848791 off 0.06091646407692774 neg 0.05690467473819313	false	0.5
angreifen	neg 1.0		__DUMMY__ 0.8893651257173695 off 0.05666425995258238 neg 0.05397061433004815	false	0.5
inkonsistent	neg 1.0		__DUMMY__ 0.8858989614602628 off 0.06181410652293481 neg 0.05228693201680235	false	0.5
abrutschen	neg 1.0		__DUMMY__ 0.891273623407845 neg 0.055069142461800745 off 0.05365723413035431	false	1.0
unsicher	neg 1.0		__DUMMY__ 0.8878171835275368 off 0.06111802808774093 neg 0.05106478838472229	false	0.5
bauernkind	off 1.0	off 1.0	off 0.5236326702333821 __DUMMY__ 0.43341387125905056 neg 0.0429534585075673	false	1.0
angreifer	neg 1.0	neg 1.0	neg 0.5068453865833523 __DUMMY__ 0.4454727583993134 off 0.04768185501733425	false	1.0
trennen	neg 1.0		__DUMMY__ 0.8928763299397238 off 0.05606663866382913 neg 0.05105703139644709	false	0.5
schmutz	neg 1.0		__DUMMY__ 0.8927230798041721 off 0.06237694121892043 neg 0.04489997897690747	false	0.5
inkonsistenz	neg 1.0		__DUMMY__ 0.8777196551064982 off 0.06653900608795094 neg 0.0557413388055508	false	0.5
erschreckend	neg 1.0		__DUMMY__ 0.8857376898465699 off 0.06064483625402191 neg 0.053617473899408095	false	0.5
ertrinken	neg 1.0		__DUMMY__ 0.8914260720807807 off 0.05690967403846893 neg 0.05166425388075034	false	0.5
pickelface	off 1.0		__DUMMY__ 0.8888267725460834 off 0.0602569473181753 neg 0.050916280135741274	false	1.0
seiner			__DUMMY__ 0.889886088800917 off 0.05687360184154125 neg 0.05324030935754169	false	0.0
lauch	neg 1.0		__DUMMY__ 0.8938979987716469 off 0.053870667241070425 neg 0.05223133398728268	false	0.5
unwichtig	neg 1.0		__DUMMY__ 0.8815255783839987 off 0.06604169198461025 neg 0.052432729631391055	false	0.5
steuerhinterziehung	neg 1.0	neg 1.0	neg 0.5109845649407551 __DUMMY__ 0.44440766646391927 off 0.04460776859532584	false	1.0
schock	neg 1.0		__DUMMY__ 0.8888771030946887 off 0.06030742129891134 neg 0.050815475606399985	false	0.5
beule	neg 1.0		__DUMMY__ 0.8827670349035924 off 0.06696854498956215 neg 0.0502644201068454	false	0.5
vergelten	neg 1.0		__DUMMY__ 0.8838300700137587 off 0.06903461587272781 neg 0.04713531411351347	false	0.5
verdorbenheit	neg 1.0		__DUMMY__ 0.8899497373021208 off 0.06132870209973514 neg 0.048721560598144156	false	0.5
trauma	neg 1.0		__DUMMY__ 0.886873908082784 off 0.06209686707139083 neg 0.051029224845825207	false	0.5
sinnlos	neg 1.0		__DUMMY__ 0.8856925216367244 off 0.06340611696854478 neg 0.05090136139473084	false	0.5
fettsack	off 1.0	off 1.0	off 0.5245097572925534 __DUMMY__ 0.434915149013064 neg 0.04057509369438254	false	1.0
feige	off 1.0	off 1.0	off 0.5205128624745564 __DUMMY__ 0.43889886201854345 neg 0.04058827550690003	false	1.0
abdanken	neg 1.0		__DUMMY__ 0.8876220675123782 off 0.06084039508783066 neg 0.05153753739979116	false	0.5
wichtigtuer	off 1.0	off 1.0	off 0.5186615369108496 __DUMMY__ 0.4407869835191658 neg 0.04055147956998458	false	1.0
misslingen	neg 1.0		__DUMMY__ 0.8920886730486689 off 0.06120630412289331 neg 0.04670502282843783	false	0.5
untreu	off 1.0		__DUMMY__ 0.8825121415808519 off 0.0664618378657276 neg 0.051026020553420474	false	1.0
missmutig	neg 1.0		__DUMMY__ 0.884623113166524 off 0.06569785501787656 neg 0.049679031815599524	false	0.5
hurenbock	off 1.0		__DUMMY__ 0.8891953266260897 off 0.06275678631992286 neg 0.048047887053987416	false	1.0
betrunken	neg 1.0		__DUMMY__ 0.8827625029398234 off 0.0677770666747237 neg 0.049460430385452954	false	0.5
korrupt	off 1.0		__DUMMY__ 0.8847027142904968 off 0.05915532020915918 neg 0.0561419655003439	false	1.0
unmut	neg 1.0		__DUMMY__ 0.8921086186452553 neg 0.054062618438240055 off 0.05382876291650469	false	1.0
hackfresse	off 1.0		__DUMMY__ 0.8762728841075433 off 0.07356528673026498 neg 0.05016182916219167	false	1.0
aufblasen	neg 1.0		__DUMMY__ 0.8872589895844313 off 0.06284073463489581 neg 0.04990027578067291	false	0.5
gewaltsam	neg 1.0		__DUMMY__ 0.8895572051919898 off 0.05973002821706858 neg 0.05071276659094169	false	0.5
unbeliebtheit	neg 1.0		__DUMMY__ 0.8804303001384857 off 0.065183371501826 neg 0.05438632835968837	false	0.5
sturheit	neg 1.0		__DUMMY__ 0.8866727715682239 off 0.06015983837545043 neg 0.053167390056325765	false	0.5
kuh	neg 1.0		__DUMMY__ 0.8800679631994379 off 0.06325762609231869 neg 0.056674410708243354	false	0.5
erschrecken	neg 1.0		__DUMMY__ 0.8857240889020385 off 0.06544445967294787 neg 0.04883145142501359	false	0.5
opfer	neg 1.0		__DUMMY__ 0.8894093613802526 off 0.05798216808377008 neg 0.05260847053597735	false	0.5
sinken	neg 1.0		__DUMMY__ 0.892862209636338 off 0.054239013181879146 neg 0.05289877718178291	false	0.5
stinktier	neg 1.0		__DUMMY__ 0.873583184454278 off 0.07089882856941339 neg 0.05551798697630864	false	0.5
tucke	off 1.0		__DUMMY__ 0.8752648404357234 off 0.07461532553622995 neg 0.050119834028046706	false	1.0
ein			__DUMMY__ 0.886395862379278 off 0.06199020001952779 neg 0.05161393760119424	false	0.0
abstieg	neg 1.0		__DUMMY__ 0.8901027630244818 off 0.05687607638845583 neg 0.053021160587062396	false	0.5
missverstehen	neg 1.0		__DUMMY__ 0.8817976501998396 off 0.06429532046226495 neg 0.05390702933789546	false	0.5
ergebnislos	neg 1.0		__DUMMY__ 0.8903363451873801 off 0.05659214617841611 neg 0.05307150863420379	false	0.5
unter			__DUMMY__ 0.898315662684227 neg 0.052814927320037446 off 0.048869409995735455	false	0.0
manipulieren	neg 1.0		__DUMMY__ 0.8911763888572835 off 0.05625411222873972 neg 0.05256949891397675	false	0.5
unbewiesen	neg 1.0		__DUMMY__ 0.8824562923391677 off 0.06131482790777479 neg 0.05622887975305754	false	0.5
verschleppen	neg 1.0		__DUMMY__ 0.8880729878798971 off 0.05831433578939054 neg 0.05361267633071228	false	0.5
weib	off 1.0		__DUMMY__ 0.8725605124171878 off 0.07437836260396366 neg 0.05306112497884846	false	1.0
opposition	neg 1.0		__DUMMY__ 0.8841342811172387 off 0.06251934306123054 neg 0.05334637582153076	false	0.5
verkehrswidrig	neg 1.0		__DUMMY__ 0.884859735436754 off 0.06963007897302192 neg 0.04551018559022394	false	0.5
inkorrekt	neg 1.0		__DUMMY__ 0.878008367857015 off 0.06977972477135617 neg 0.052211907371628855	false	0.5
vermeiden	neg 1.0		__DUMMY__ 0.8941082705178489 neg 0.05392976049837862 off 0.05196196898377251	false	1.0
abweichung	neg 1.0		__DUMMY__ 0.8880891693317224 off 0.057693982284455304 neg 0.05421684838382228	false	0.5
alkoholisiert	neg 1.0		__DUMMY__ 0.8912806365864878 off 0.05623972726421201 neg 0.05247963614930021	false	0.5
scheiss	off 1.0	off 1.0	off 0.5203398086064391 __DUMMY__ 0.44039284365568354 neg 0.03926734773787743	false	1.0
herausforderung	neg 1.0		__DUMMY__ 0.8909021246221073 off 0.05636278932201654 neg 0.052735086055876124	false	0.5
pervers	off 1.0		__DUMMY__ 0.8732405629685541 off 0.07694281691468519 neg 0.04981662011676066	false	1.0
wackelig	neg 1.0		__DUMMY__ 0.8916854825292925 off 0.05895074989769378 neg 0.04936376757301378	false	0.5
verwickeln	neg 1.0		__DUMMY__ 0.8822742462736933 off 0.06379210034547367 neg 0.05393365338083301	false	0.5
vorwand	neg 1.0		__DUMMY__ 0.8897763360103902 off 0.05615469631760841 neg 0.05406896767200139	false	0.5
muschi	off 1.0		__DUMMY__ 0.8883470238361734 off 0.060441168015548156 neg 0.051211808148278436	false	1.0
entmutigung	neg 1.0		__DUMMY__ 0.8853153562065161 off 0.062550989300625 neg 0.05213365449285887	false	0.5
unangemessen	neg 1.0		__DUMMY__ 0.884524462227401 off 0.059893854588091454 neg 0.05558168318450751	false	0.5
unstetig	neg 1.0		__DUMMY__ 0.8852985281051751 off 0.06342522055553633 neg 0.051276251339288634	false	0.5
entmutigen	neg 1.0		__DUMMY__ 0.886388268537558 off 0.06212221912920321 neg 0.05148951233323883	false	0.5
schwanz	neg 1.0		__DUMMY__ 0.8902907940833399 off 0.05783035704799145 neg 0.0518788488686686	false	0.5
verbot	neg 1.0		__DUMMY__ 0.8876784049651881 off 0.05872348197652526 neg 0.05359811305828667	false	0.5
leid	neg 1.0		__DUMMY__ 0.8773783766010705 off 0.07165070163833061 neg 0.05097092176059887	false	0.5
archaisch	neg 1.0		__DUMMY__ 0.8873345601002041 off 0.05999010732354707 neg 0.05267533257624882	false	0.5
gegen			__DUMMY__ 0.8918218092841036 off 0.054580959341037495 neg 0.053597231374859	false	0.0
scheidung	neg 1.0		__DUMMY__ 0.8760476604874621 off 0.08120175031879727 neg 0.04275058919374059	false	0.5
einschlag	neg 1.0		__DUMMY__ 0.8813444720669289 off 0.06888628829063584 neg 0.04976923964243524	false	0.5
m			__DUMMY__ 0.8896873069616459 off 0.05880097173395482 neg 0.051511721304399204	false	0.0
abgestanden	neg 1.0		__DUMMY__ 0.8858714439989414 off 0.061208558761788136 neg 0.05291999723927052	false	0.5
schmierig	off 1.0		__DUMMY__ 0.8801211772654709 off 0.07093666470375314 neg 0.04894215803077604	false	1.0
unpraktisch	neg 1.0		__DUMMY__ 0.8860873858820542 off 0.06241337762031998 neg 0.051499236497625875	false	0.5
wixxer	off 1.0		__DUMMY__ 0.8711929218666703 off 0.07716773008485237 neg 0.05163934804847736	false	1.0
bezeichnet			__DUMMY__ 0.8838984818016682 off 0.061495653632210684 neg 0.05460586456612104	false	0.0
jammerlappen	off 1.0		__DUMMY__ 0.8839436675369863 off 0.06604634430577325 neg 0.050009988157240434	false	1.0
farce	neg 1.0		__DUMMY__ 0.8864176580424755 off 0.059649157534401434 neg 0.05393318442312297	false	0.5
zwecklos	neg 1.0		__DUMMY__ 0.8863685825929022 off 0.0595351633338611 neg 0.054096254073236705	false	0.5
turbulent	neg 1.0		__DUMMY__ 0.8820051649267152 off 0.06734560283404346 neg 0.05064923223924145	false	0.5
invasion	neg 1.0		__DUMMY__ 0.8847171870210326 off 0.06310474830400557 neg 0.05217806467496184	false	0.5
schuld	neg 1.0		__DUMMY__ 0.8843599291713379 off 0.062463463835379034 neg 0.053176606993283096	false	0.5
risiko	neg 1.0	neg 1.0	neg 0.5068587831430104 __DUMMY__ 0.44608616508382665 off 0.047055051773163034	false	1.0
finster	neg 1.0		__DUMMY__ 0.8838663566012492 off 0.06206534132115048 neg 0.05406830207760034	false	0.5
geisteskrank	off 1.0		__DUMMY__ 0.8782192368732855 off 0.06793986269814836 neg 0.05384090042856608	false	1.0
zusammenbrechen	neg 1.0		__DUMMY__ 0.8878518767501092 off 0.05952876601838749 neg 0.052619357231503266	false	0.5
ausbeute	neg 1.0		__DUMMY__ 0.89647000656564 off 0.05727128931210418 neg 0.04625870412225575	false	0.5
hinterhalt	neg 1.0		__DUMMY__ 0.8957681696209698 off 0.059204472293375596 neg 0.04502735808565447	false	0.5
kritik	neg 1.0		__DUMMY__ 0.8862398353082035 off 0.05949734742907892 neg 0.05426281726271758	false	0.5
einschrumpfen	neg 1.0		__DUMMY__ 0.8825999216367127 off 0.0651530841351889 neg 0.052246994228098476	false	0.5
riskant	neg 1.0		__DUMMY__ 0.8878552224158137 off 0.05718818375417101 neg 0.05495659383001528	false	0.5
frustrieren	neg 1.0		__DUMMY__ 0.8877816675302523 off 0.05802771679268619 neg 0.0541906156770615	false	0.5
groll	neg 1.0		__DUMMY__ 0.8865424685976131 off 0.05908042862422013 neg 0.054377102778166736	false	0.5
gibt			__DUMMY__ 0.8878592943917964 off 0.059653373038649316 neg 0.0524873325695542	false	0.0
qualvoll	neg 1.0		__DUMMY__ 0.8861590291469172 off 0.06414830548594683 neg 0.04969266536713594	false	0.5
wackeln	neg 1.0		__DUMMY__ 0.889378614851203 off 0.0619535772948121 neg 0.04866780785398481	false	0.5
klagen	neg 1.0		__DUMMY__ 0.8908492670570785 neg 0.05459144176539321 off 0.05455929117752828	false	1.0
bankrott	neg 1.0		__DUMMY__ 0.8859190632028081 off 0.06518303791505616 neg 0.04889789888213576	false	0.5
trauern	neg 1.0		__DUMMY__ 0.8923339341199029 off 0.05745735986407109 neg 0.05020870601602602	false	0.5
ablehnung	neg 1.0		__DUMMY__ 0.8860750384615684 off 0.059250349367511126 neg 0.0546746121709205	false	0.5
stur	neg 1.0		__DUMMY__ 0.8839879505667382 off 0.06258316827069205 neg 0.05342888116256989	false	0.5
aufruhr	neg 1.0		__DUMMY__ 0.8878718826239438 off 0.060218572104057 neg 0.0519095452719993	false	0.5
melancholie	neg 1.0		__DUMMY__ 0.8900150601796208 off 0.05786114549675198 neg 0.05212379432362712	false	0.5
ist			__DUMMY__ 0.8854323914268551 off 0.0631410575494647 neg 0.05142655102368014	false	0.0
torheit	neg 1.0		__DUMMY__ 0.8867647124407995 off 0.06166444389190924 neg 0.051570843667291415	false	0.5
dreckskind	off 1.0		__DUMMY__ 0.8748398501254324 off 0.07273654679927706 neg 0.05242360307529046	false	1.0
umtauschen	neg 1.0		__DUMMY__ 0.8874227863984745 off 0.06043897057823438 neg 0.05213824302329112	false	0.5
zum			__DUMMY__ 0.8980775715446293 off 0.051897872997675135 neg 0.050024555457695644	false	0.0
zersetzen	neg 1.0		__DUMMY__ 0.8887236956058746 off 0.05642159650515214 neg 0.054854707888973224	false	0.5
zur			__DUMMY__ 0.8959786484309865 neg 0.052469653997969844 off 0.05155169757104374	false	0.0
frust	neg 1.0		__DUMMY__ 0.8882064542501292 off 0.05956612709916127 neg 0.0522274186507094	false	0.5
unerbittlichkeit	neg 1.0		__DUMMY__ 0.8898068027605887 off 0.05635385933598058 neg 0.053839337903430866	false	0.5
zwei			__DUMMY__ 0.8962920304221389 off 0.05295444158733858 neg 0.0507535279905225	false	0.0
unkorrekt	neg 1.0		__DUMMY__ 0.8795237057874855 off 0.06918011552791892 neg 0.05129617868459557	false	0.5
hexe	off 1.0		__DUMMY__ 0.8805725178807446 off 0.06603550569562983 neg 0.0533919764236255	false	1.0
lasch	neg 1.0		__DUMMY__ 0.881239382872158 off 0.06522388418643016 neg 0.053536732941411834	false	0.5
rivale	neg 1.0		__DUMMY__ 0.8817730566749711 off 0.0681439993486606 neg 0.050082943976368345	false	0.5
mutlos	off 1.0	off 1.0	off 0.5135983514830686 __DUMMY__ 0.4445591768905712 neg 0.04184247162636018	false	1.0
wirr	off 1.0		__DUMMY__ 0.8789249267682975 off 0.06999473964250173 neg 0.051080333589200715	false	1.0
jahr			__DUMMY__ 0.8967703538263878 off 0.05526755006602305 neg 0.04796209610758916	false	0.0
wird			__DUMMY__ 0.8881559193512001 off 0.05845883531124001 neg 0.053385245337559895	false	0.0
strafbar	neg 1.0		__DUMMY__ 0.8877499153788755 off 0.057662141911099134 neg 0.05458794271002545	false	0.5
erosion	neg 1.0		__DUMMY__ 0.8893263833122915 off 0.061072219045439254 neg 0.049601397642269264	false	0.5
eingehen	neg 1.0		__DUMMY__ 0.8873517182267793 off 0.05783157878890217 neg 0.054816702984318615	false	0.5
faul	off 1.0		__DUMMY__ 0.8854418154721092 off 0.0650460373545478 neg 0.04951214717334308	false	1.0
provisorium	neg 1.0		__DUMMY__ 0.8986054339959942 neg 0.052096080223746566 off 0.04929848578025921	false	1.0
schmerzen	neg 1.0		__DUMMY__ 0.8867655338833388 off 0.05980892116069739 neg 0.05342554495596373	false	0.5
schrumpfen	neg 1.0		__DUMMY__ 0.8920970048814388 neg 0.05589367256306699 off 0.052009322555494286	false	1.0
geistlos	off 1.0		__DUMMY__ 0.881033174896111 off 0.06421506359404314 neg 0.0547517615098459	false	1.0
fehlkauf	neg 1.0		__DUMMY__ 0.8874522483172593 off 0.06301910497291242 neg 0.049528646709828233	false	0.5
frustrierend	neg 1.0		__DUMMY__ 0.8837033735927221 off 0.06507626242938622 neg 0.05122036397789163	false	0.5
unzufrieden	neg 1.0		__DUMMY__ 0.8858870335200957 off 0.059232402441983745 neg 0.05488056403792056	false	0.5
verzweifeln	neg 1.0		__DUMMY__ 0.8869548113303599 off 0.06038227966345492 neg 0.05266290900618509	false	0.5
verzweifelt	neg 1.0	neg 1.0	neg 0.511313485466015 __DUMMY__ 0.441274980195074 off 0.047411534338911064	false	1.0
misstrauensantrag	neg 1.0		__DUMMY__ 0.8851007951631003 off 0.0631031544374841 neg 0.05179605039941569	false	0.5
abfallen	neg 1.0		__DUMMY__ 0.8887621916313853 off 0.06175718895445747 neg 0.04948061941415732	false	0.5
fucker	off 1.0		__DUMMY__ 0.8825701452293147 off 0.06895564760595123 neg 0.04847420716473411	false	1.0
ungezogen	neg 1.0		__DUMMY__ 0.8744391223167669 off 0.07604028125982297 neg 0.04952059642341018	false	0.5
irrsinnig	neg 1.0	neg 1.0	neg 0.5107171403934545 __DUMMY__ 0.4418856504746485 off 0.04739720913189692	false	1.0
unfassbar	neg 1.0		__DUMMY__ 0.8828143912169546 off 0.06715213259024025 neg 0.05003347619280521	false	0.5
hart	neg 1.0		__DUMMY__ 0.8833150283273861 off 0.06657198010247592 neg 0.050112991570138	false	0.5
widerlich	off 1.0		__DUMMY__ 0.8798766492322999 off 0.06782531746280254 neg 0.05229803330489754	false	1.0
fatal	neg 1.0		__DUMMY__ 0.885818900454456 off 0.06354786579898257 neg 0.050633233746561396	false	0.5
bruch	neg 1.0		__DUMMY__ 0.8911310667451872 off 0.054922178061666306 neg 0.053946755193146546	false	0.5
aushungern	neg 1.0		__DUMMY__ 0.8892197940191603 off 0.05963908143209792 neg 0.051141124548741826	false	0.5
anspannung	neg 1.0		__DUMMY__ 0.8965089394557579 off 0.052140126815679214 neg 0.051350933728562795	false	0.5
von			__DUMMY__ 0.8987572616060046 off 0.05531796920419791 neg 0.0459247691897976	false	0.0
kraftlos	neg 1.0		__DUMMY__ 0.8894917114486277 off 0.05885176592952939 neg 0.05165652262184283	false	0.5
vom			__DUMMY__ 0.9000053539796472 neg 0.05033468363871999 off 0.04965996238163289	false	0.0
grenzdebil	off 1.0		__DUMMY__ 0.8833996818862856 off 0.06740955191119456 neg 0.049190766202519914	false	1.0
vor			__DUMMY__ 0.8929638415183694 off 0.05540524452635305 neg 0.05163091395527759	false	0.0
unterwerfen	neg 1.0		__DUMMY__ 0.8892134557499994 off 0.057932717470889995 neg 0.0528538267791105	false	0.5
versenkung	neg 1.0		__DUMMY__ 0.8903928714872388 off 0.05807114850902861 neg 0.051535980003732704	false	0.5
entziehen	neg 1.0		__DUMMY__ 0.8905501032100367 off 0.055038131946709645 neg 0.05441176484325368	false	0.5
finanzkrise	neg 1.0		__DUMMY__ 0.8860993095334394 off 0.06019312737693766 neg 0.05370756308962292	false	0.5
schimpfend	neg 1.0		__DUMMY__ 0.8858685938205342 off 0.06279741974518255 neg 0.051333986434283274	false	0.5
profan	neg 1.0		__DUMMY__ 0.8837598165740358 off 0.06385795048282668 neg 0.0523822329431376	false	0.5
korruption	neg 1.0		__DUMMY__ 0.8883229359543069 off 0.05843557842203173 neg 0.053241485623661274	false	0.5
â			__DUMMY__ 0.8912540341905082 off 0.05829570664903845 neg 0.05045025916045338	false	0.0
schmutzig	neg 1.0		__DUMMY__ 0.8840110254568725 off 0.06784471749476768 neg 0.04814425704835974	false	0.5
sexy	neg 1.0		__DUMMY__ 0.8856809971867625 off 0.0647452484048294 neg 0.04957375440840813	false	0.5
abraten	neg 1.0		__DUMMY__ 0.8854243166262616 off 0.06310966459523543 neg 0.05146601877850292	false	0.5
schwarz	neg 1.0		__DUMMY__ 0.8858446776402676 off 0.06282106513587461 neg 0.05133425722385784	false	0.5
fotze	off 1.0	off 1.0	off 0.5147120714161109 __DUMMY__ 0.44638976748513504 neg 0.03889816109875398	false	1.0
verwirren	neg 1.0		__DUMMY__ 0.8843920599085732 off 0.06437188297354672 neg 0.05123605711788007	false	0.5
zahnlos	off 1.0		__DUMMY__ 0.8861734030451822 off 0.060022626708669334 neg 0.05380397024614846	false	1.0
verheeren	neg 1.0		__DUMMY__ 0.8766359399817624 off 0.0775088871297194 neg 0.04585517288851824	false	0.5
hippie	neg 1.0		__DUMMY__ 0.8858017113435716 off 0.06446699888377874 neg 0.049731289772649734	false	0.5
rammen	neg 1.0		__DUMMY__ 0.8847217370582776 off 0.06229012488391738 neg 0.052988138057804945	false	0.5
unlauter	neg 1.0		__DUMMY__ 0.8825985409133859 off 0.06220686140186199 neg 0.05519459768475216	false	0.5
unheilvoll	neg 1.0		__DUMMY__ 0.887346504806403 off 0.06274891001109435 neg 0.04990458518250265	false	0.5
niedrig	neg 1.0		__DUMMY__ 0.8879027484372608 off 0.05648020308816026 neg 0.05561704847457897	false	0.5
explosion	neg 1.0		__DUMMY__ 0.8855023133465467 off 0.0638915625048677 neg 0.05060612414858566	false	0.5
weichei	off 1.0	off 1.0	off 0.5246974165983186 __DUMMY__ 0.43663930155535896 neg 0.03866328184632248	false	1.0
minusmensch	off 1.0		__DUMMY__ 0.873216966495176 off 0.07527687482806773 neg 0.05150615867675625	false	1.0
farblos	neg 1.0		__DUMMY__ 0.8893820638273553 off 0.06039307331543497 neg 0.050224862857209764	false	0.5
unwissend	neg 1.0	neg 1.0	neg 0.5099975473024257 __DUMMY__ 0.43981343269392476 off 0.05018902000364949	false	1.0
traurig	neg 1.0		__DUMMY__ 0.8812184680905686 off 0.06941258519422516 neg 0.04936894671520617	false	0.5
senkung	neg 1.0		__DUMMY__ 0.8820998857058494 off 0.06369989866855344 neg 0.05420021562559707	false	0.5
ungleich	neg 1.0	neg 1.0	neg 0.5121631486485255 __DUMMY__ 0.4447653134059265 off 0.04307153794554804	false	1.0
heikel	neg 1.0		__DUMMY__ 0.8875064998090438 off 0.05713439462745958 neg 0.05535910556349647	false	0.5
drosselung	neg 1.0		__DUMMY__ 0.8827465789052787 off 0.06712692658200126 neg 0.050126494512719943	false	0.5
falsch	neg 1.0		__DUMMY__ 0.8826235196777515 off 0.0652375476775649 neg 0.05213893264468362	false	0.5
unzufriedenheit	neg 1.0		__DUMMY__ 0.8902127399857911 off 0.05575960673344234 neg 0.05402765328076659	false	0.5
kurz	neg 1.0		__DUMMY__ 0.8903249590806973 off 0.05956535946142597 neg 0.0501096814578767	false	0.5
unsinnig	neg 1.0		__DUMMY__ 0.885093145913071 off 0.06015133323456552 neg 0.054755520852363446	false	0.5
penner	off 1.0	off 1.0	off 0.5258862590035556 __DUMMY__ 0.4363380715781715 neg 0.0377756694182729	false	1.0
seicht	neg 1.0		__DUMMY__ 0.8729405730011244 off 0.07580144517076186 neg 0.0512579818281138	false	0.5
dummheit	off 1.0	off 1.0	off 0.5188852714954802 __DUMMY__ 0.44074154236688196 neg 0.040373186137637795	false	1.0
unerfreulich	neg 1.0		__DUMMY__ 0.8897874224263049 off 0.056216838128096455 neg 0.05399573944559869	false	0.5
motherfucker	off 1.0	off 1.0	off 0.5219047099855258 __DUMMY__ 0.44055893145809666 neg 0.037536358556377596	false	1.0
pikiert	neg 1.0		__DUMMY__ 0.8813316879389297 off 0.06710327950684988 neg 0.05156503255422032	false	0.5
wrack	neg 1.0		__DUMMY__ 0.890805163443558 off 0.05872368426217047 neg 0.05047115229427154	false	0.5
gangster	neg 1.0		__DUMMY__ 0.885732916809285 off 0.06448021996855721 neg 0.04978686322215772	false	0.5
krank	neg 1.0		__DUMMY__ 0.8834203176758595 off 0.0672088630734397 neg 0.04937081925070078	false	0.5
reich	neg 1.0		__DUMMY__ 0.8866588833893214 off 0.0661550838095873 neg 0.04718603280109127	false	0.5
gnadenlos	neg 1.0		__DUMMY__ 0.8851716555352125 off 0.06255705627176654 neg 0.05227128819302093	false	0.5
niedergeschlagen	neg 1.0		__DUMMY__ 0.8889746429655359 off 0.059833314184161886 neg 0.0511920428503023	false	0.5
terrorisieren	off 1.0	off 1.0	off 0.5137593358251736 __DUMMY__ 0.4461608882328923 neg 0.040079775941934084	false	1.0
sinnlosigkeit	neg 1.0		__DUMMY__ 0.8870109128374543 off 0.0594570532783303 neg 0.053532033884215506	false	0.5
behindern	neg 1.0		__DUMMY__ 0.8882891115648343 off 0.06036732765053606 neg 0.05134356078462963	false	0.5
undemokratisch	neg 1.0		__DUMMY__ 0.8854498649969998 off 0.06238429835862423 neg 0.05216583664437589	false	0.5
wirtschaftskrise	neg 1.0		__DUMMY__ 0.8877783379681472 off 0.05824102143747698 neg 0.05398064059437575	false	0.5
neid	neg 1.0		__DUMMY__ 0.8854065696024482 off 0.06487089317476101 neg 0.04972253722279068	false	0.5
rutschen	neg 1.0		__DUMMY__ 0.8974462102248859 off 0.05280514762010275 neg 0.04974864215501129	false	0.5
rezession	neg 1.0		__DUMMY__ 0.8750993133521372 off 0.06992067796670146 neg 0.05498000868116131	false	0.5
fehlgeburt	neg 1.0		__DUMMY__ 0.8877827410444629 off 0.0626742882432869 neg 0.04954297071225018	false	0.5
charakterschwach	off 1.0		__DUMMY__ 0.8800665616794014 off 0.06771907948023266 neg 0.05221435884036582	false	1.0
isolation	neg 1.0		__DUMMY__ 0.8846780752630042 off 0.06468102296065666 neg 0.0506409017763391	false	0.5
ablenkung	neg 1.0		__DUMMY__ 0.8876374421320128 off 0.06128286171129552 neg 0.051079696156691605	false	0.5
pech	neg 1.0		__DUMMY__ 0.882904654809563 off 0.06445387948508093 neg 0.052641465705355966	false	0.5
vermeidung	neg 1.0		__DUMMY__ 0.8838522982693786 off 0.06729931119766266 neg 0.048848390532958606	false	0.5
dominieren	neg 1.0		__DUMMY__ 0.8906083446145697 off 0.05751170902729367 neg 0.0518799463581366	false	0.5
schwindlig	neg 1.0		__DUMMY__ 0.8871918881737901 off 0.06295453916657684 neg 0.04985357265963302	false	0.5
lutscher	neg 1.0		__DUMMY__ 0.8736649084923287 off 0.07597915494300216 neg 0.05035593656466921	false	0.5
pflicht	neg 1.0		__DUMMY__ 0.8886116908651348 off 0.05612705087305049 neg 0.0552612582618147	false	0.5
faschist	off 1.0		__DUMMY__ 0.8844205826769977 off 0.06478703941649396 neg 0.05079237790650822	false	1.0
verschleudern	neg 1.0		__DUMMY__ 0.8878083936560135 off 0.05691174085696278 neg 0.055279865487023724	false	0.5
wenn			__DUMMY__ 0.8836340702563938 off 0.06541124720810183 neg 0.05095468253550433	false	0.0
ehebruch	neg 1.0		__DUMMY__ 0.8892344721338135 off 0.058420200855998326 neg 0.0523453270101882	false	0.5
spott	off 1.0		__DUMMY__ 0.8880659382678171 off 0.05797812352528095 neg 0.05395593820690199	false	1.0
trostlosigkeit	neg 1.0		__DUMMY__ 0.8930370948592491 off 0.05545303128373542 neg 0.05150987385701545	false	0.5
lutschen	neg 1.0		__DUMMY__ 0.883592494783086 off 0.06491669886913594 neg 0.051490806347778056	false	0.5
undiszipliniert	neg 1.0		__DUMMY__ 0.8804025403583579 off 0.06887386375433903 neg 0.0507235958873032	false	0.5
kopfschmerz	neg 1.0		__DUMMY__ 0.8877688072208573 off 0.05885627306568046 neg 0.05337491971346231	false	0.5
unvorhergesehen	neg 1.0		__DUMMY__ 0.8937519804869347 off 0.056178573178828 neg 0.0500694463342373	false	0.5
desinteressiert	neg 1.0		__DUMMY__ 0.8807608664823626 off 0.06848896078244354 neg 0.05075017273519381	false	0.5
armselig	off 1.0		__DUMMY__ 0.8779129881955362 off 0.06976630483139218 neg 0.05232070697307162	false	1.0
desaster	neg 1.0		__DUMMY__ 0.891372572993908 off 0.05440863334318138 neg 0.05421879366291062	false	0.5
tod	neg 1.0		__DUMMY__ 0.8950068652364135 off 0.058185878414732155 neg 0.0468072563488544	false	0.5
herzlos	neg 1.0		__DUMMY__ 0.8799389949286631 off 0.06955924117310029 neg 0.05050176389823662	false	0.5
unwissenheit	neg 1.0		__DUMMY__ 0.8872101789250992 off 0.05916877595235297 neg 0.053621045122547804	false	0.5
widersinnig	neg 1.0		__DUMMY__ 0.8839602763969779 off 0.05931745057424719 neg 0.056722273028774924	false	0.5
bedenklich	neg 1.0		__DUMMY__ 0.8869206885758828 off 0.05829041091179421 neg 0.054788900512323	false	0.5
beanstanden	neg 1.0		__DUMMY__ 0.8895077436950962 off 0.055715406870324745 neg 0.05477684943457905	false	0.5
panisch	neg 1.0	neg 1.0	neg 0.5065795506575187 __DUMMY__ 0.44547548786255836 off 0.04794496147992308	false	1.0
debil	off 1.0		__DUMMY__ 0.8982291609903634 neg 0.0516577226033374 off 0.05011311640629917	false	0.5
abstrich	neg 1.0		__DUMMY__ 0.8960138774897421 off 0.05933335423695423 neg 0.044652768273303604	false	0.5
primitiv	neg 1.0		__DUMMY__ 0.8795974868701278 off 0.06804423608782255 neg 0.05235827704204958	false	0.5
abschaum	off 1.0	off 1.0	off 0.5206203039841547 __DUMMY__ 0.4402749012258132 neg 0.03910479479003207	false	1.0
provozieren	neg 1.0		__DUMMY__ 0.8835772328912485 off 0.06239235810067368 neg 0.054030409008077804	false	0.5
tot	neg 1.0		__DUMMY__ 0.8889338698693063 off 0.0582826303817158 neg 0.05278349974897788	false	0.5
instabil	neg 1.0		__DUMMY__ 0.8796638660255932 off 0.06902282061661028 neg 0.05131331335779641	false	0.5
schwuchtel	off 1.0	off 1.0	off 0.5303355526272636 __DUMMY__ 0.4315448801486976 neg 0.03811956722403879	false	1.0
zerren	neg 1.0		__DUMMY__ 0.8889228210815849 off 0.05943149864305981 neg 0.05164568027535529	false	0.5
kinderficker	off 1.0		__DUMMY__ 0.8786191027269944 off 0.0722989342849264 neg 0.04908196298807916	false	1.0
gefahr	neg 1.0		__DUMMY__ 0.8918810445063489 off 0.055590785529457565 neg 0.05252816996419357	false	0.5
rabiat	neg 1.0		__DUMMY__ 0.8869314997444998 off 0.06151224023722583 neg 0.05155626001827438	false	0.5
verlangsamung	neg 1.0		__DUMMY__ 0.874542896076883 off 0.07387277777132722 neg 0.05158432615178979	false	0.5
ausgestorben	neg 1.0		__DUMMY__ 0.8879872093515493 off 0.06114507356632711 neg 0.050867717082123606	false	0.5
anklagen	neg 1.0		__DUMMY__ 0.8887400690361047 off 0.05855381870632072 neg 0.05270611225757456	false	0.5
trott	neg 1.0		__DUMMY__ 0.8878468937477275 off 0.06074827801526521 neg 0.05140482823700726	false	0.5
verminderung	neg 1.0		__DUMMY__ 0.8822525263360278 off 0.06758281613458986 neg 0.05016465752938227	false	0.5
nach			__DUMMY__ 0.8972572957293143 off 0.05175577951317474 neg 0.05098692475751083	false	0.0
rost	neg 1.0		__DUMMY__ 0.8778803903100477 off 0.07238169449797963 neg 0.04973791519197259	false	0.5
destruktiv	neg 1.0		__DUMMY__ 0.8849138035676539 off 0.06121873272844445 neg 0.05386746370390162	false	0.5
unzumutbarkeit	neg 1.0		__DUMMY__ 0.8844690714368207 off 0.06644163111506188 neg 0.04908929744811728	false	0.5
labil	off 1.0	off 1.0	off 0.5200132889251422 __DUMMY__ 0.4412449588145823 neg 0.038741752260275465	false	1.0
ziemlich	neg 1.0		__DUMMY__ 0.8836053441566337 off 0.0669204613868793 neg 0.049474194456487056	false	0.5
lachnummer	off 1.0		__DUMMY__ 0.8845234103538833 off 0.062032222203712226 neg 0.053444367442404425	false	1.0
oder			__DUMMY__ 0.8873488378215444 off 0.06190645562176652 neg 0.05074470655668911	false	0.0
verfall	neg 1.0		__DUMMY__ 0.893582876545918 neg 0.05436155862298041 off 0.052055564831101665	false	1.0
ausgrenzung	neg 1.0		__DUMMY__ 0.885608141237575 off 0.0629662770823496 neg 0.05142558168007546	false	0.5
unordnung	neg 1.0		__DUMMY__ 0.8854156129811207 off 0.06878962727154449 neg 0.04579475974733486	false	0.5
fehlverhalten	neg 1.0		__DUMMY__ 0.8875604837108012 off 0.05675596732163295 neg 0.0556835489675658	false	0.5
eine			__DUMMY__ 0.8917644880082116 off 0.05587249948634743 neg 0.0523630125054409	false	0.0
nille	neg 1.0		__DUMMY__ 0.8888577528625953 off 0.060895903003107786 neg 0.05024634413429687	false	0.5
qual	neg 1.0		__DUMMY__ 0.8883394963920759 off 0.060393958822580945 neg 0.05126654478534323	false	0.5
verschwenden	neg 1.0		__DUMMY__ 0.8871903104572132 off 0.05753007890726653 neg 0.05527961063552021	false	0.5
riesig	neg 1.0		__DUMMY__ 0.891783431597298 off 0.05769128345421497 neg 0.050525284948486945	false	0.5
verurteilen	neg 1.0		__DUMMY__ 0.8861756733312307 off 0.059176772190282445 neg 0.05464755447848692	false	0.5
klischee	neg 1.0	neg 1.0	neg 0.5101121631110803 __DUMMY__ 0.44054039377073734 off 0.04934744311818242	false	1.0
diktatorisch	neg 1.0		__DUMMY__ 0.8846214534441201 off 0.06259124612774938 neg 0.05278730042813049	false	0.5
vorhersehbar	neg 1.0		__DUMMY__ 0.881471402892181 off 0.06458242362437674 neg 0.05394617348344228	false	0.5
sowie			__DUMMY__ 0.8784062108577773 off 0.07159853244931275 neg 0.049995256692909974	false	0.0
stornieren	neg 1.0		__DUMMY__ 0.8910648386383794 off 0.0628329545577551 neg 0.04610220680386558	false	0.5
besteuerung	neg 1.0		__DUMMY__ 0.8829249059994216 off 0.06169290441213376 neg 0.05538218958844459	false	0.5
ungeschminkt	neg 1.0		__DUMMY__ 0.8790258310731637 off 0.06740049221370155 neg 0.05357367671313475	false	0.5
kritisch	neg 1.0		__DUMMY__ 0.8876467941790649 off 0.058086969203126344 neg 0.0542662366178087	false	0.5
schlamperei	off 1.0		__DUMMY__ 0.8904246763344311 off 0.056760536660382735 neg 0.05281478700518614	false	1.0
sucht	neg 1.0	neg 1.0	neg 0.5031259477703193 __DUMMY__ 0.4504574409148416 off 0.04641661131483911	false	1.0
egoistisch	off 1.0		__DUMMY__ 0.8760115849067417 off 0.07235499402530784 neg 0.05163342106795053	false	1.0
ausbeuter	off 1.0		__DUMMY__ 0.8868063347548706 off 0.05674788728575282 neg 0.05644577795937667	false	1.0
arschgeburt	off 1.0		__DUMMY__ 0.8687733879668753 off 0.07992264053726165 neg 0.051303971495863056	false	1.0
schubs	neg 1.0		__DUMMY__ 0.888210392457314 off 0.05890595356998381 neg 0.05288365397270204	false	0.5
unsolide	neg 1.0		__DUMMY__ 0.8827845630093935 off 0.06311277886361698 neg 0.05410265812698958	false	0.5
beschwerde	neg 1.0		__DUMMY__ 0.8879604710374857 off 0.057489379258196055 neg 0.05455014970431829	false	0.5
stocken	neg 1.0		__DUMMY__ 0.8904163918348902 off 0.057036148570089484 neg 0.05254745959502038	false	0.5
isolieren	neg 1.0		__DUMMY__ 0.8886960906648615 off 0.05847478385157538 neg 0.052829125483563104	false	0.5
unheilbar	neg 1.0		__DUMMY__ 0.8880602006718883 off 0.06176438663553055 neg 0.05017541269258103	false	0.5
pisser	off 1.0		__DUMMY__ 0.8795769406151249 off 0.06927137479671183 neg 0.051151684588163195	false	1.0
löschen	neg 1.0		__DUMMY__ 0.888120814686976 off 0.06113359839966653 neg 0.05074558691335749	false	0.5
durchfallen	neg 1.0		__DUMMY__ 0.885317608527494 off 0.058623607382519045 neg 0.056058784089987004	false	0.5
wichser	off 1.0	off 1.0	off 0.5281964895527617 __DUMMY__ 0.43449248212172503 neg 0.03731102832551331	false	1.0
terror	neg 1.0		__DUMMY__ 0.8860575880873064 off 0.06396015046713978 neg 0.049982261445553886	false	0.5
krass	neg 1.0		__DUMMY__ 0.879177182008007 off 0.06992247199597128 neg 0.05090034599602171	false	0.5
revolte	neg 1.0		__DUMMY__ 0.8858442086339043 off 0.06335198937193225 neg 0.05080380199416343	false	0.5
besorgt	neg 1.0		__DUMMY__ 0.8927583435515514 off 0.05949613535185537 neg 0.04774552109659337	false	0.5
nachlassen	neg 1.0		__DUMMY__ 0.8932158042317119 off 0.056686982550905526 neg 0.05009721321738254	false	0.5
alt	neg 1.0		__DUMMY__ 0.8890917421774563 off 0.05836397204054352 neg 0.052544285782000176	false	0.5
hundesohn	off 1.0		__DUMMY__ 0.8738019292730282 off 0.07656044117395554 neg 0.04963762955301622	false	1.0
als			__DUMMY__ 0.8877045243617704 off 0.059269855488895185 neg 0.05302562014933445	false	0.0
abschreckung	neg 1.0		__DUMMY__ 0.8905951738002981 off 0.05560031690533565 neg 0.05380450929436616	false	0.5
unqualifiziert	neg 1.0		__DUMMY__ 0.8805833979223012 off 0.06546356058895499 neg 0.05395304148874378	false	0.5
abgewichst	off 1.0		__DUMMY__ 0.8893816005112818 off 0.060109017309631335 neg 0.050509382179086945	false	1.0
schwer	neg 1.0		__DUMMY__ 0.8858029317000791 off 0.06081608331072551 neg 0.053380984989195475	false	0.5
bedeutungslosigkeit	neg 1.0		__DUMMY__ 0.8890312023828152 off 0.056581786777948666 neg 0.05438701083923609	false	0.5
kapitulation	neg 1.0		__DUMMY__ 0.8897030219078176 off 0.057811016319913706 neg 0.052485961772268656	false	0.5
unscharf	neg 1.0		__DUMMY__ 0.8833557073209974 off 0.06318382008132019 neg 0.05346047259768239	false	0.5
schwinden	neg 1.0		__DUMMY__ 0.8915388708168929 off 0.05624840994942418 neg 0.05221271923368302	false	0.5
versklavung	neg 1.0		__DUMMY__ 0.8877369024884668 off 0.06214822355836617 neg 0.05011487395316701	false	0.5
schlecht	neg 1.0		__DUMMY__ 0.8834736590061583 off 0.06715019001443205 neg 0.049376150979409714	false	0.5
verhasst	neg 1.0		__DUMMY__ 0.882149235556495 off 0.06294908095277388 neg 0.05490168349073108	false	0.5
beschweren	neg 1.0		__DUMMY__ 0.88487677271719 off 0.06330153890925778 neg 0.05182168837355221	false	0.5
scheiden	neg 1.0		__DUMMY__ 0.8894708626771777 off 0.060723309053773086 neg 0.0498058282690492	false	0.5
frustriert	neg 1.0		__DUMMY__ 0.8862278778798812 off 0.06005551317245979 neg 0.05371660894765891	false	0.5
schimmelig	neg 1.0		__DUMMY__ 0.8864077857075965 off 0.05805395167442289 neg 0.055538262617980554	false	0.5
fisch	neg 1.0		__DUMMY__ 0.8893014585030132 neg 0.05557554995609819 off 0.05512299154088853	false	1.0
schmuggel	neg 1.0		__DUMMY__ 0.8905593183004511 off 0.056859098880328404 neg 0.05258158281922049	false	0.5
auffallen	neg 1.0		__DUMMY__ 0.8844554139666554 off 0.06401736169432813 neg 0.05152722433901647	false	0.5
konkurrenz	neg 1.0		__DUMMY__ 0.8907428477302722 off 0.055227785961625205 neg 0.054029366308102594	false	0.5
teufelskreis	neg 1.0		__DUMMY__ 0.8854305667010746 off 0.06111532437855401 neg 0.053454108920371425	false	0.5
aufschreien	neg 1.0		__DUMMY__ 0.8831131080930815 off 0.06417550545177915 neg 0.05271138645513927	false	0.5
schuldner	neg 1.0		__DUMMY__ 0.8884753121580435 off 0.05597792597990431 neg 0.05554676186205207	false	0.5
missgeburt	off 1.0	off 1.0	off 0.5253311457083252 __DUMMY__ 0.4358318116409255 neg 0.038837042650749345	false	1.0
arbeitslos	neg 1.0		__DUMMY__ 0.8848770290170547 off 0.059029629403102114 neg 0.05609334157984318	false	0.5
befallen	neg 1.0		__DUMMY__ 0.8905728362240644 off 0.05994086410405593 neg 0.049486299671879695	false	0.5
miesepetrig	off 1.0	off 1.0	off 0.5202682668680071 __DUMMY__ 0.441188757468976 neg 0.03854297566301686	false	1.0
alarmieren	neg 1.0		__DUMMY__ 0.8825617507915935 off 0.06579401671135598 neg 0.051644232497050496	false	0.5
ungeduscht	off 1.0		__DUMMY__ 0.8823727641446953 off 0.06500876789173188 neg 0.05261846796357275	false	1.0
knappheit	neg 1.0		__DUMMY__ 0.8855766531431206 off 0.05840526975702092 neg 0.05601807709985858	false	0.5
schlange	neg 1.0		__DUMMY__ 0.8895424752829786 off 0.06258881275689586 neg 0.04786871196012555	false	0.5
harsch	neg 1.0		__DUMMY__ 0.8826548366578053 off 0.07103680828711238 neg 0.046308355055082275	false	0.5
lang	neg 1.0		__DUMMY__ 0.8877767608053934 off 0.061970824188899876 neg 0.05025241500570666	false	0.5
ziellos	neg 1.0		__DUMMY__ 0.8904457494348512 off 0.05811852123002725 neg 0.051435729335121534	false	0.5
selbstverliebt	neg 1.0		__DUMMY__ 0.871203182591549 off 0.07751360684366211 neg 0.05128321056478889	false	0.5
beseitigen	neg 1.0		__DUMMY__ 0.8896825364365673 off 0.05968865215581931 neg 0.05062881140761353	false	0.5
dumm	off 1.0		__DUMMY__ 0.8766684037734634 off 0.07292340316149165 neg 0.05040819306504482	false	1.0
arbeitsloser	neg 1.0		__DUMMY__ 0.8874478238628967 off 0.059035690932863136 neg 0.053516485204240155	false	0.5
blitzen	neg 1.0		__DUMMY__ 0.8857562415755136 off 0.0643707325553597 neg 0.04987302586912673	false	0.5
hilflos	neg 1.0		__DUMMY__ 0.8869663577585887 off 0.0595625298893686 neg 0.05347111235204264	false	0.5
eklig	off 1.0		__DUMMY__ 0.8746410173664138 off 0.07351703962939947 neg 0.0518419430041868	false	1.0
begriff			__DUMMY__ 0.8863432464547099 off 0.06072096842538871 neg 0.05293578511990154	false	0.0
hungersnot	neg 1.0		__DUMMY__ 0.8906595868451079 off 0.058899305418561906 neg 0.0504411077363301	false	0.5
ungesetzlich	neg 1.0		__DUMMY__ 0.8818352652718584 off 0.06240138500076219 neg 0.05576334972737949	false	0.5
verschwendung	neg 1.0		__DUMMY__ 0.8892592807405957 off 0.05717963977768665 neg 0.05356107948171764	false	0.5
schmerzvoll	neg 1.0		__DUMMY__ 0.8859352541154177 off 0.06297537325981474 neg 0.05108937262476762	false	0.5
vorzeitig	neg 1.0		__DUMMY__ 0.8865145784493174 off 0.06391768111387063 neg 0.049567740436812	false	0.5
unvollkommenheit	neg 1.0		__DUMMY__ 0.8932494654523873 off 0.058196217390385156 neg 0.048554317157227606	false	0.5
intervenieren	neg 1.0		__DUMMY__ 0.8877538119219088 off 0.05712963744115839 neg 0.0551165506369328	false	0.5
banause	off 1.0		__DUMMY__ 0.8711981867286386 off 0.07601913438370471 neg 0.05278267888765669	false	1.0
rebell	neg 1.0		__DUMMY__ 0.8921339950941609 neg 0.054661727456456026 off 0.053204277449383074	false	1.0
unlogisch	neg 1.0		__DUMMY__ 0.8781100515573462 off 0.06937709682468089 neg 0.05251285161797288	false	0.5
leiden	neg 1.0		__DUMMY__ 0.8922895018516508 off 0.055671337196432684 neg 0.05203916095191652	false	0.5
abschaffung	neg 1.0		__DUMMY__ 0.8857360120633635 off 0.0615397196829291 neg 0.05272426825370749	false	0.5
sturz	neg 1.0		__DUMMY__ 0.8892404022976261 off 0.06122876781787787 neg 0.04953082988449602	false	0.5
verkleinerung	neg 1.0		__DUMMY__ 0.8803499896340954 off 0.06418786185529342 neg 0.05546214851061122	false	0.5
schmarotzer	off 1.0		__DUMMY__ 0.8833459623975641 off 0.05981930606350634 neg 0.05683473153892956	false	1.0
bestrafung	neg 1.0		__DUMMY__ 0.886860761397685 off 0.062416125457214186 neg 0.05072311314510083	false	0.5
achtlos	neg 1.0	neg 1.0	neg 0.508968132035626 __DUMMY__ 0.4451245154290214 off 0.04590735253535273	false	1.0
ungeheuer	neg 1.0		__DUMMY__ 0.8867262301751062 off 0.06347351738010264 neg 0.04980025244479117	false	0.5
unaufrichtig	neg 1.0		__DUMMY__ 0.8870537276167949 off 0.06430009686292183 neg 0.048646175520283226	false	0.5
