unsolidarisch	neg 1.0		off 0.5307131950783314 neg 0.4620995308950413 __DUMMY__ 0.007187274026627188	false	0.5
nachteilig	neg 1.0		off 0.5289532695642366 neg 0.4637925979192877 __DUMMY__ 0.007254132516475758	false	0.5
skeptisch	neg 1.0		off 0.5284124781946486 neg 0.4643278533972322 __DUMMY__ 0.00725966840811906	false	0.5
schrecklich	neg 1.0		off 0.5421133608297098 neg 0.4507422361193568 __DUMMY__ 0.007144403050933467	false	0.5
schlapp	neg 1.0		off 0.5390361729540871 neg 0.4537786843172583 __DUMMY__ 0.007185142728654588	false	0.5
abfall	neg 1.0		off 0.5271697982049349 neg 0.4655121239945952 __DUMMY__ 0.0073180778004698875	false	0.5
widerspenstig	neg 1.0		off 0.5344527028240237 neg 0.4583144018939323 __DUMMY__ 0.007232895282044052	false	0.5
abrupt	neg 1.0		off 0.5321919788850492 neg 0.4605114285686884 __DUMMY__ 0.007296592546262417	false	0.5
unwirksam	neg 1.0		off 0.52981938169367 neg 0.4630103742607926 __DUMMY__ 0.007170244045537449	false	0.5
angreifen	neg 1.0		off 0.5286240983262444 neg 0.46411225218474794 __DUMMY__ 0.007263649489007553	false	0.5
inkonsistent	neg 1.0		off 0.5342968090096568 neg 0.4584921006826912 __DUMMY__ 0.007211090307652006	false	0.5
abrutschen	neg 1.0		off 0.5257654435448517 neg 0.46694840198806103 __DUMMY__ 0.007286154467087423	false	0.5
unsicher	neg 1.0		off 0.5342924563506085 neg 0.45846588360824436 __DUMMY__ 0.007241660041147032	false	0.5
bauernkind	off 1.0	off 1.0	off 0.7551548349608413 neg 0.24148611935722425 __DUMMY__ 0.00335904568193439	false	1.0
angreifer	neg 1.0	neg 1.0	neg 0.7115396223133473 off 0.2849962067872167 __DUMMY__ 0.0034641708994360447	false	1.0
trennen	neg 1.0		off 0.5308063405056447 neg 0.46189045109412014 __DUMMY__ 0.0073032084002351335	false	0.5
schmutz	neg 1.0		off 0.5402244116358009 neg 0.45248462452331706 __DUMMY__ 0.007290963840882058	false	0.5
inkonsistenz	neg 1.0		off 0.5344463404612617 neg 0.45843671522518237 __DUMMY__ 0.007116944313555928	false	0.5
erschreckend	neg 1.0		off 0.5318415038385075 neg 0.4609399329255494 __DUMMY__ 0.007218563235943012	false	0.5
ertrinken	neg 1.0		off 0.5308572121264277 neg 0.4618566931850704 __DUMMY__ 0.007286094688501962	false	0.5
pickelface	off 1.0		off 0.5338443076374083 neg 0.458903784765244 __DUMMY__ 0.00725190759734761	false	1.0
seiner			off 0.5295070588913755 neg 0.4632239245803141 __DUMMY__ 0.007269016528310472	false	0.0
lauch	neg 1.0		off 0.5283899201128477 neg 0.46429634942973125 __DUMMY__ 0.007313730457421059	false	0.5
unwichtig	neg 1.0		off 0.5368323549503614 neg 0.4560039288708969 __DUMMY__ 0.007163716178741616	false	0.5
steuerhinterziehung	neg 1.0	neg 1.0	neg 0.7154373110025474 off 0.281107546602523 __DUMMY__ 0.00345514239492964	false	1.0
schock	neg 1.0		off 0.5340797890916386 neg 0.4586656337470994 __DUMMY__ 0.007254577161262022	false	0.5
beule	neg 1.0		off 0.539785416602076 neg 0.45304199349356905 __DUMMY__ 0.007172589904355048	false	0.5
vergelten	neg 1.0		off 0.5429884103721735 neg 0.4498253045345159 __DUMMY__ 0.007186285093310577	false	0.5
verdorbenheit	neg 1.0		off 0.5368351202722328 neg 0.4559025880215863 __DUMMY__ 0.007262291706180948	false	0.5
trauma	neg 1.0		off 0.5352025221651436 neg 0.4575666073556711 __DUMMY__ 0.007230870479185248	false	0.5
sinnlos	neg 1.0		off 0.5360867202993916 neg 0.4566981336880323 __DUMMY__ 0.007215146012576093	false	0.5
fettsack	off 1.0	off 1.0	off 0.7567782484315909 neg 0.23984948632998773 __DUMMY__ 0.0033722652384212794	false	1.0
feige	off 1.0	off 1.0	off 0.7544602414255802 neg 0.2421311706755798 __DUMMY__ 0.0034085878988400287	false	1.0
abdanken	neg 1.0		off 0.5332396312831135 neg 0.4595214014687957 __DUMMY__ 0.007238967248090889	false	0.5
wichtigtuer	off 1.0	off 1.0	off 0.7535100827820044 neg 0.24306489541023435 __DUMMY__ 0.003425021807761212	false	1.0
misslingen	neg 1.0		off 0.5379428096275913 neg 0.45477260207724596 __DUMMY__ 0.007284588295162609	false	0.5
untreu	off 1.0		off 0.538356100143469 neg 0.4544689763488018 __DUMMY__ 0.007174923507729252	false	1.0
missmutig	neg 1.0		off 0.5389055930814955 neg 0.45389531354706186 __DUMMY__ 0.0071990933714425375	false	0.5
hurenbock	off 1.0		off 0.5382373849524074 neg 0.4545113445102957 __DUMMY__ 0.007251270537296942	false	1.0
betrunken	neg 1.0		off 0.5408183853622265 neg 0.4520075470809112 __DUMMY__ 0.007174067556862303	false	0.5
korrupt	off 1.0		off 0.5285332802548395 neg 0.4642621512131944 __DUMMY__ 0.0072045685319660725	false	1.0
unmut	neg 1.0		off 0.5264460125275412 neg 0.4662584520676182 __DUMMY__ 0.007295535404840496	false	0.5
hackfresse	off 1.0		off 0.5443334007166729 neg 0.448571220014381 __DUMMY__ 0.0070953792689462175	false	1.0
aufblasen	neg 1.0		off 0.5366957776145034 neg 0.4560723642783418 __DUMMY__ 0.007231858107154845	false	0.5
gewaltsam	neg 1.0		off 0.5336027969477282 neg 0.4591369668751934 __DUMMY__ 0.007260236177078556	false	0.5
unbeliebtheit	neg 1.0		off 0.5345890680286792 neg 0.4582630080255391 __DUMMY__ 0.007147923945781669	false	0.5
sturheit	neg 1.0		off 0.5316457635853001 neg 0.46112529004833636 __DUMMY__ 0.0072289463663635575	false	0.5
kuh	neg 1.0		off 0.5321249198465277 neg 0.4607343325777198 __DUMMY__ 0.007140747575752657	false	0.5
erschrecken	neg 1.0		off 0.5393021143475187 neg 0.45348433817456735 __DUMMY__ 0.007213547477913771	false	0.5
opfer	neg 1.0		off 0.5306644800458811 neg 0.4620733157314416 __DUMMY__ 0.007262204222677465	false	0.5
sinken	neg 1.0		off 0.5278221894892604 neg 0.46487693286846954 __DUMMY__ 0.007300877642270002	false	0.5
stinktier	neg 1.0		off 0.5383361199125439 neg 0.45459932738856124 __DUMMY__ 0.0070645526988947676	false	0.5
tucke	off 1.0		off 0.5452729017411693 neg 0.44764705446104525 __DUMMY__ 0.00708004379778557	false	1.0
ein			off 0.5349113069749311 neg 0.45786780775751224 __DUMMY__ 0.007220885267556774	false	0.0
abstieg	neg 1.0		off 0.5295657667394987 neg 0.4631657413167064 __DUMMY__ 0.0072684919437948	false	0.5
missverstehen	neg 1.0		off 0.534308104709995 neg 0.4585233577070282 __DUMMY__ 0.007168537582976831	false	0.5
ergebnislos	neg 1.0		off 0.529266146816559 neg 0.4634619435702833 __DUMMY__ 0.007271909613157576	false	0.5
unter			off 0.524256918179374 neg 0.4683735936787475 __DUMMY__ 0.007369488141878543	false	0.0
manipulieren	neg 1.0		off 0.5292931244080871 neg 0.4634251279804423 __DUMMY__ 0.00728174761147053	false	0.5
unbewiesen	neg 1.0		off 0.5300009021110996 neg 0.4628228107735754 __DUMMY__ 0.007176287115324989	false	0.5
verschleppen	neg 1.0		off 0.5299875272567129 neg 0.46276836102317714 __DUMMY__ 0.007244111720109974	false	0.5
weib	off 1.0		off 0.5427075993089422 neg 0.45024064746319875 __DUMMY__ 0.007051753227858919	false	1.0
opposition	neg 1.0		off 0.5339152027245297 neg 0.4588903707743702 __DUMMY__ 0.007194426501099892	false	0.5
verkehrswidrig	neg 1.0		off 0.5452958931522942 neg 0.4475080360886358 __DUMMY__ 0.007196070759069889	false	0.5
inkorrekt	neg 1.0		off 0.5394023151533213 neg 0.45347834478790106 __DUMMY__ 0.007119340058777586	false	0.5
vermeiden	neg 1.0		off 0.5255176492647962 neg 0.4671668151567761 __DUMMY__ 0.007315535578427686	false	0.5
abweichung	neg 1.0		off 0.5292199067579199 neg 0.4635387907943582 __DUMMY__ 0.007241302447721909	false	0.5
alkoholisiert	neg 1.0		off 0.5304628769870289 neg 0.46226118059153026 __DUMMY__ 0.007275942421440806	false	0.5
scheiss	off 1.0	off 1.0	off 0.7555658433798642 neg 0.24101683557283335 __DUMMY__ 0.0034173210473025014	false	1.0
herausforderung	neg 1.0		off 0.5295656311126021 neg 0.4631579009975377 __DUMMY__ 0.0072764678898602575	false	0.5
pervers	off 1.0		off 0.547008367898394 neg 0.44593343292342674 __DUMMY__ 0.007058199178179141	false	1.0
wackelig	neg 1.0		off 0.5344187795347265 neg 0.45829607527214555 __DUMMY__ 0.007285145193127862	false	0.5
verwickeln	neg 1.0		off 0.5338969287701395 neg 0.45892836629716965 __DUMMY__ 0.007174704932690903	false	0.5
vorwand	neg 1.0		off 0.5281712922608269 neg 0.464561585862128 __DUMMY__ 0.007267121877045078	false	0.5
muschi	off 1.0		off 0.5337217906993897 neg 0.4590307485043824 __DUMMY__ 0.007247460796227758	false	1.0
entmutigung	neg 1.0		off 0.5341325676859116 neg 0.45865817094915634 __DUMMY__ 0.0072092613649321876	false	0.5
unangemessen	neg 1.0		off 0.5296506143698189 neg 0.46314599198549367 __DUMMY__ 0.007203393644687443	false	0.5
unstetig	neg 1.0		off 0.5361980005499816 neg 0.45659885367028363 __DUMMY__ 0.007203145779734757	false	0.5
entmutigen	neg 1.0		off 0.5346980988677597 neg 0.45807970321156943 __DUMMY__ 0.007222197920670805	false	0.5
schwanz	neg 1.0		off 0.5315667417110653 neg 0.46116460084069 __DUMMY__ 0.007268657448244738	false	0.5
verbot	neg 1.0		off 0.5301663190995621 neg 0.4625939152617523 __DUMMY__ 0.007239765638685343	false	0.5
leid	neg 1.0		off 0.5423265013998966 neg 0.45056429126747227 __DUMMY__ 0.007109207332631287	false	0.5
archaisch	neg 1.0		off 0.5321554436685093 neg 0.46060931537038713 __DUMMY__ 0.0072352409611034976	false	0.5
gegen			off 0.5272422684915851 neg 0.465465013172192 __DUMMY__ 0.007292718336222855	false	0.0
scheidung	neg 1.0		off 0.5550467462193629 neg 0.43786274916527756 __DUMMY__ 0.00709050461535956	false	0.5
einschlag	neg 1.0		off 0.541144519642773 neg 0.4516981048250921 __DUMMY__ 0.007157375532134896	false	0.5
m			off 0.5325714647149786 neg 0.46016343991793945 __DUMMY__ 0.007265095367081827	false	0.0
abgestanden	neg 1.0		off 0.5338638240531178 neg 0.4589272925609558 __DUMMY__ 0.007208883385926295	false	0.5
schmierig	off 1.0		off 0.5433411809812632 neg 0.4495169101474083 __DUMMY__ 0.007141908871328711	false	1.0
unpraktisch	neg 1.0		off 0.5353438422686427 neg 0.4574398105664577 __DUMMY__ 0.007216347164899535	false	0.5
wixxer	off 1.0		off 0.5457928747385864 neg 0.44717271119296953 __DUMMY__ 0.007034414068443965	false	1.0
bezeichnet			off 0.5316720240284517 neg 0.4611324765956914 __DUMMY__ 0.007195499375856836	false	0.0
jammerlappen	off 1.0		off 0.5387350245071748 neg 0.4540721487769767 __DUMMY__ 0.007192826715848475	false	1.0
farce	neg 1.0		off 0.5306461047606313 neg 0.4621302005666246 __DUMMY__ 0.007223694672744045	false	0.5
zwecklos	neg 1.0		off 0.5306323609981313 neg 0.46214159087202616 __DUMMY__ 0.007226048129842614	false	0.5
turbulent	neg 1.0		off 0.539404579301372 neg 0.453431990552799 __DUMMY__ 0.007163430145829072	false	0.5
invasion	neg 1.0		off 0.5350810787239357 neg 0.4577151176028694 __DUMMY__ 0.0072038036731948375	false	0.5
schuld	neg 1.0		off 0.5335605017289855 neg 0.4592385222019811 __DUMMY__ 0.007200976069033409	false	0.5
risiko	neg 1.0	neg 1.0	neg 0.711872078389 off 0.28466044101035326 __DUMMY__ 0.0034674806006466693	false	1.0
finster	neg 1.0		off 0.5334162134127041 neg 0.45939583199921347 __DUMMY__ 0.007187954588082513	false	0.5
geisteskrank	off 1.0		off 0.5370429737808582 neg 0.45583294692548343 __DUMMY__ 0.007124079293658324	false	1.0
zusammenbrechen	neg 1.0		off 0.5319194877858484 neg 0.46083679155885754 __DUMMY__ 0.0072437206552940355	false	0.5
ausbeute	neg 1.0		off 0.5357517072925256 neg 0.4569092199854464 __DUMMY__ 0.0073390727220279655	false	0.5
hinterhalt	neg 1.0		off 0.5378779030504077 neg 0.454792504766111 __DUMMY__ 0.007329592183481449	false	0.5
kritik	neg 1.0		off 0.5302525820760171 neg 0.4625252858103786 __DUMMY__ 0.007222132113604202	false	0.5
einschrumpfen	neg 1.0		off 0.5363795922725834 neg 0.456444189351689 __DUMMY__ 0.0071762183757275826	false	0.5
riskant	neg 1.0		off 0.5283388642942992 neg 0.46441621567964786 __DUMMY__ 0.007244920026052909	false	0.5
frustrieren	neg 1.0		off 0.5295146414711904 neg 0.4632421775445539 __DUMMY__ 0.00724318098425576	false	0.5
groll	neg 1.0		off 0.5300558383237238 neg 0.4627166223306298 __DUMMY__ 0.007227539345646486	false	0.5
gibt			off 0.5320190145989373 neg 0.4607364333727648 __DUMMY__ 0.007244552028297982	false	0.0
qualvoll	neg 1.0		off 0.5378138425846051 neg 0.45496776269846984 __DUMMY__ 0.007218394716925181	false	0.5
wackeln	neg 1.0		off 0.5369573943403325 neg 0.45578401310706734 __DUMMY__ 0.007258592552600068	false	0.5
klagen	neg 1.0		off 0.5264993994679059 neg 0.4662219516721909 __DUMMY__ 0.007278648859903163	false	0.5
bankrott	neg 1.0		off 0.539383263073542 neg 0.4534010673778045 __DUMMY__ 0.007215669548653339	false	0.5
trauern	neg 1.0		off 0.5321955749942325 neg 0.46050915977237733 __DUMMY__ 0.0072952652333902294	false	0.5
ablehnung	neg 1.0		off 0.5296968248873142 neg 0.46308276696110523 __DUMMY__ 0.0072204081515805894	false	0.5
stur	neg 1.0		off 0.5334834067357661 neg 0.4593207670927621 __DUMMY__ 0.007195826171471742	false	0.5
aufruhr	neg 1.0		off 0.5328631001086106 neg 0.4598956846012511 __DUMMY__ 0.007241215290138234	false	0.5
melancholie	neg 1.0		off 0.5316443705026553 neg 0.46109166105375415 __DUMMY__ 0.007263968443590437	false	0.5
ist			off 0.5355540678482559 neg 0.4572334679948595 __DUMMY__ 0.007212464156884627	false	0.0
torheit	neg 1.0		off 0.5340390157459077 neg 0.4587346131152397 __DUMMY__ 0.007226371138852586	false	0.5
dreckskind	off 1.0		off 0.5419297135107742 neg 0.45099038063967506 __DUMMY__ 0.0070799058495506755	false	1.0
umtauschen	neg 1.0		off 0.5336715920556948 neg 0.4590967218117415 __DUMMY__ 0.007231686132563699	false	0.5
zum			off 0.5287320174559591 neg 0.46390334801416583 __DUMMY__ 0.007364634529875048	false	0.0
zersetzen	neg 1.0		off 0.5277755681717634 neg 0.4649706714167311 __DUMMY__ 0.007253760411505501	false	0.5
zur			off 0.5261817247782571 neg 0.4664775143520035 __DUMMY__ 0.00734076086973941	false	0.0
frust	neg 1.0		off 0.5321671147309086 neg 0.4605844138489079 __DUMMY__ 0.007248471420183499	false	0.5
unerbittlichkeit	neg 1.0		off 0.528495555187595 neg 0.4642382827719735 __DUMMY__ 0.0072661620404315536	false	0.5
zwei			off 0.5290309922581763 neg 0.46362517109672235 __DUMMY__ 0.007343836645101428	false	0.0
unkorrekt	neg 1.0		off 0.5399237181801569 neg 0.45294089378657854 __DUMMY__ 0.007135388033264495	false	0.5
hexe	off 1.0		off 0.536636326101247 neg 0.45621627484681343 __DUMMY__ 0.007147399051939458	false	1.0
lasch	neg 1.0		off 0.535236941505531 neg 0.4576021695475952 __DUMMY__ 0.0071608889468736895	false	0.5
rivale	neg 1.0		off 0.5404779274093038 neg 0.4523594816869691 __DUMMY__ 0.007162590903727063	false	0.5
mutlos	off 1.0	off 1.0	off 0.7501242190766407 neg 0.2464180205641512 __DUMMY__ 0.0034577603592080767	false	1.0
wirr	off 1.0		off 0.5408523763633953 neg 0.45201920496873155 __DUMMY__ 0.007128418667873059	false	1.0
jahr			off 0.5328364502994362 neg 0.45981726029243425 __DUMMY__ 0.0073462894081295985	false	0.0
wird			off 0.5306240498421266 neg 0.46212851786560305 __DUMMY__ 0.007247432292270401	false	0.0
strafbar	neg 1.0		off 0.5287317622502596 neg 0.46402686575033136 __DUMMY__ 0.007241371999408831	false	0.5
erosion	neg 1.0		off 0.535711118929976 neg 0.4570302903784148 __DUMMY__ 0.007258590691609145	false	0.5
eingehen	neg 1.0		off 0.5288599150196795 neg 0.46390170198353853 __DUMMY__ 0.007238382996781861	false	0.5
faul	off 1.0		off 0.5388301931170385 neg 0.4539634366012026 __DUMMY__ 0.007206370281758923	false	1.0
provisorium	neg 1.0		off 0.5252197511829542 neg 0.46740857693468685 __DUMMY__ 0.007371671882359073	false	0.5
schmerzen	neg 1.0		off 0.5322042783112487 neg 0.46057214334235536 __DUMMY__ 0.00722357834639596	false	0.5
schrumpfen	neg 1.0		off 0.5237994914608051 neg 0.4689060204625834 __DUMMY__ 0.0072944880766116355	false	0.5
geistlos	off 1.0		off 0.5333613016367631 neg 0.45948016322630475 __DUMMY__ 0.007158535136932186	false	1.0
fehlkauf	neg 1.0		off 0.5369528165514806 neg 0.4558116966641825 __DUMMY__ 0.007235486784336947	false	0.5
frustrierend	neg 1.0		off 0.5371197909429919 neg 0.45568985444076715 __DUMMY__ 0.007190354616240959	false	0.5
unzufrieden	neg 1.0		off 0.5297920889244871 neg 0.46298701784035057 __DUMMY__ 0.0072208932351621544	false	0.5
verzweifeln	neg 1.0		off 0.5324911784382947 neg 0.46027628407177273 __DUMMY__ 0.00723253748993243	false	0.5
verzweifelt	neg 1.0	neg 1.0	neg 0.7140220598837903 off 0.28254818971422385 __DUMMY__ 0.0034297504019857364	false	1.0
misstrauensantrag	neg 1.0		off 0.5355584462766778 neg 0.4572358038183302 __DUMMY__ 0.0072057499049918705	false	0.5
abfallen	neg 1.0		off 0.5364332568892977 neg 0.45631850505407484 __DUMMY__ 0.007248238056627424	false	0.5
fucker	off 1.0		off 0.5420354827381161 neg 0.45078626710217207 __DUMMY__ 0.007178250159711741	false	1.0
ungezogen	neg 1.0		off 0.5466139617446862 neg 0.4463134523689356 __DUMMY__ 0.007072585886378368	false	0.5
irrsinnig	neg 1.0	neg 1.0	neg 0.7137299482802425 off 0.28283529271737834 __DUMMY__ 0.0034347590023791996	false	1.0
unfassbar	neg 1.0		off 0.5395654310199667 neg 0.45325600660534293 __DUMMY__ 0.007178562374690336	false	0.5
hart	neg 1.0		off 0.539271639034452 neg 0.45354831649696487 __DUMMY__ 0.007180044468583209	false	0.5
widerlich	off 1.0		off 0.5382560454332724 neg 0.4546012258191677 __DUMMY__ 0.0071427287475599	false	1.0
fatal	neg 1.0		off 0.5364931321519392 neg 0.456288504344936 __DUMMY__ 0.007218363503124724	false	0.5
bruch	neg 1.0		off 0.5272441808354432 neg 0.46547368851980186 __DUMMY__ 0.007282130644754949	false	0.5
aushungern	neg 1.0		off 0.5326039526003793 neg 0.4601381529515598 __DUMMY__ 0.007257894448060864	false	0.5
anspannung	neg 1.0		off 0.5276787118038019 neg 0.46497402421424494 __DUMMY__ 0.00734726398195314	false	0.5
von			off 0.5342621150873659 neg 0.4583696418505957 __DUMMY__ 0.007368243062038375	false	0.0
kraftlos	neg 1.0		off 0.532341558135668 neg 0.4603974305355349 __DUMMY__ 0.0072610113287973	false	0.5
vom			off 0.5269993148372752 neg 0.4656129442568028 __DUMMY__ 0.007387740905922045	false	0.0
grenzdebil	off 1.0		off 0.5404828909579608 neg 0.45233313317294843 __DUMMY__ 0.00718397586909076	false	1.0
vor			off 0.5297101040473143 neg 0.46298356255336987 __DUMMY__ 0.007306333399315804	false	0.0
unterwerfen	neg 1.0		off 0.5303506250179246 neg 0.46239104418592425 __DUMMY__ 0.007258330796151052	false	0.5
versenkung	neg 1.0		off 0.5314580808999771 neg 0.4612665910001674 __DUMMY__ 0.00727532809985538	false	0.5
entziehen	neg 1.0		off 0.5270913592499699 neg 0.4656318264577018 __DUMMY__ 0.007276814292328369	false	0.5
finanzkrise	neg 1.0		off 0.5314826252305287 neg 0.4612990020161464 __DUMMY__ 0.007218372753324886	false	0.5
schimpfend	neg 1.0		off 0.5359259258330535 neg 0.4568617289620011 __DUMMY__ 0.007212345204945293	false	0.5
profan	neg 1.0		off 0.535409581700468 neg 0.4573999912482303 __DUMMY__ 0.007190427051301752	false	0.5
korruption	neg 1.0		off 0.5303149770045776 neg 0.4624384122218959 __DUMMY__ 0.007246610773526371	false	0.5
â			off 0.5330321229270246 neg 0.45968425165930143 __DUMMY__ 0.007283625413674058	false	0.0
schmutzig	neg 1.0		off 0.541607468210136 neg 0.45120114619078977 __DUMMY__ 0.007191385599074248	false	0.5
sexy	neg 1.0		off 0.5382862711450939 neg 0.4544980694415766 __DUMMY__ 0.007215659413329612	false	0.5
abraten	neg 1.0		off 0.5356252482647783 neg 0.4571652685847388 __DUMMY__ 0.0072094831504827565	false	0.5
schwarz	neg 1.0		off 0.5354651027594761 neg 0.4573167332616922 __DUMMY__ 0.007218163978831574	false	0.5
fotze	off 1.0	off 1.0	off 0.7525058570666956 neg 0.24402207195800207 __DUMMY__ 0.0034720709753022602	false	1.0
verwirren	neg 1.0		off 0.5365733201677042 neg 0.45622748899523735 __DUMMY__ 0.0071991908370584974	false	0.5
zahnlos	off 1.0		off 0.5311414232590594 neg 0.46163442972491 __DUMMY__ 0.007224147016030655	false	1.0
verheeren	neg 1.0		off 0.5501493720904617 neg 0.44275034042776623 __DUMMY__ 0.007100287481772163	false	0.5
hippie	neg 1.0		off 0.5379004039958937 neg 0.45488159617824153 __DUMMY__ 0.007217999825864926	false	0.5
rammen	neg 1.0		off 0.5343261515724793 neg 0.4584767879466341 __DUMMY__ 0.007197060480886608	false	0.5
unlauter	neg 1.0		off 0.5317975198287619 neg 0.4610275252969771 __DUMMY__ 0.007174954874261103	false	0.5
unheilvoll	neg 1.0		off 0.5368211800540783 neg 0.45594907730007783 __DUMMY__ 0.0072297426458439295	false	0.5
niedrig	neg 1.0		off 0.5276850910699874 neg 0.46507690311506567 __DUMMY__ 0.007238005814947025	false	0.5
explosion	neg 1.0		off 0.5368725383691284 neg 0.4559155828270873 __DUMMY__ 0.0072118788037841474	false	0.5
weichei	off 1.0	off 1.0	off 0.7578689644039159 neg 0.23874440797911797 __DUMMY__ 0.0033866276169661302	false	1.0
minusmensch	off 1.0		off 0.5440450273508103 neg 0.4488923891651518 __DUMMY__ 0.007062583484038042	false	1.0
farblos	neg 1.0		off 0.5350510674367548 neg 0.4576967935951279 __DUMMY__ 0.007252138968117284	false	0.5
unwissend	neg 1.0	neg 1.0	neg 0.7118690497089397 off 0.2847155569807162 __DUMMY__ 0.0034153933103440296	false	1.0
traurig	neg 1.0		off 0.5418077905834963 neg 0.4510350293146442 __DUMMY__ 0.007157180101859557	false	0.5
senkung	neg 1.0		off 0.534042751806738 neg 0.4587886795267135 __DUMMY__ 0.007168568666548507	false	0.5
ungleich	neg 1.0	neg 1.0	neg 0.7167996202794492 off 0.27974160754889876 __DUMMY__ 0.0034587721716520413	false	1.0
heikel	neg 1.0		off 0.5279430179050543 neg 0.46481736135819424 __DUMMY__ 0.007239620736751417	false	0.5
drosselung	neg 1.0		off 0.53980606619938 neg 0.45301968748936755 __DUMMY__ 0.007174246311252458	false	0.5
falsch	neg 1.0		off 0.5365652475288729 neg 0.45625838225780757 __DUMMY__ 0.007176370213319582	false	0.5
unzufriedenheit	neg 1.0		off 0.5278660639027647 neg 0.4648617041274602 __DUMMY__ 0.007272231969775067	false	0.5
kurz	neg 1.0		off 0.5342060494307072 neg 0.45852394500178556 __DUMMY__ 0.007270005567507213	false	0.5
unsinnig	neg 1.0		off 0.5305692563423797 neg 0.46222102483775845 __DUMMY__ 0.007209718819861983	false	0.5
penner	off 1.0	off 1.0	off 0.7588760434887146 neg 0.23773937202199077 __DUMMY__ 0.003384584489294598	false	1.0
seicht	neg 1.0		off 0.5447332853772203 neg 0.4482098470243451 __DUMMY__ 0.007056867598434592	false	0.5
dummheit	off 1.0	off 1.0	off 0.7537428507072589 neg 0.24283259734060073 __DUMMY__ 0.0034245519521403926	false	1.0
unerfreulich	neg 1.0		off 0.5284466399194755 neg 0.4642877778452957 __DUMMY__ 0.0072655822352288004	false	0.5
motherfucker	off 1.0	off 1.0	off 0.7568470945593742 neg 0.23972994631831207 __DUMMY__ 0.0034229591223137066	false	1.0
pikiert	neg 1.0		off 0.5382840551186199 neg 0.45455553680958405 __DUMMY__ 0.007160408071796088	false	0.5
wrack	neg 1.0		off 0.5334077167646806 neg 0.45932091710965406 __DUMMY__ 0.007271366125665179	false	0.5
gangster	neg 1.0		off 0.5379122456886147 neg 0.45487122895276716 __DUMMY__ 0.007216525358618131	false	0.5
krank	neg 1.0		off 0.5404171381879154 neg 0.4524006868586791 __DUMMY__ 0.0071821749534055224	false	0.5
reich	neg 1.0		off 0.5411490512015837 neg 0.45163264682469495 __DUMMY__ 0.00721830197372135	false	0.5
gnadenlos	neg 1.0		off 0.5343331832634195 neg 0.4584555595489337 __DUMMY__ 0.00721125718764686	false	0.5
niedergeschlagen	neg 1.0		off 0.5334193524752471 neg 0.4593258714123552 __DUMMY__ 0.007254776112397634	false	0.5
terrorisieren	off 1.0	off 1.0	off 0.7511930005613826 neg 0.24533534150093544 __DUMMY__ 0.003471657937681892	false	1.0
sinnlosigkeit	neg 1.0		off 0.5310772902566528 neg 0.46168911672917706 __DUMMY__ 0.007233593014170087	false	0.5
behindern	neg 1.0		off 0.5338445621172828 neg 0.4589088335784944 __DUMMY__ 0.007246604304222762	false	0.5
undemokratisch	neg 1.0		off 0.5338819980854509 neg 0.45890700101910403 __DUMMY__ 0.007211000895445075	false	0.5
wirtschaftskrise	neg 1.0		off 0.5297056849435728 neg 0.4630540675560858 __DUMMY__ 0.007240247500341361	false	0.5
neid	neg 1.0		off 0.5383996799448227 neg 0.454393213505042 __DUMMY__ 0.007207106550135247	false	0.5
rutschen	neg 1.0		off 0.5296971925907572 neg 0.46294619605169496 __DUMMY__ 0.007356611357548009	false	0.5
rezession	neg 1.0		off 0.5377612038971666 neg 0.45515350645781755 __DUMMY__ 0.0070852896450158106	false	0.5
fehlgeburt	neg 1.0		off 0.5369223965600762 neg 0.4558446891140267 __DUMMY__ 0.0072329143258972	false	0.5
charakterschwach	off 1.0		off 0.5380855507572256 neg 0.45476951001766247 __DUMMY__ 0.007144939225111946	false	1.0
isolation	neg 1.0		off 0.5375189478374189 neg 0.4552794251176633 __DUMMY__ 0.007201627044917826	false	0.5
ablenkung	neg 1.0		off 0.5345125889864552 neg 0.45824872438066333 __DUMMY__ 0.007238686632881388	false	0.5
pech	neg 1.0		off 0.536169849181045 neg 0.45665447653055913 __DUMMY__ 0.007175674288395779	false	0.5
vermeidung	neg 1.0		off 0.5409135396074933 neg 0.451897379734592 __DUMMY__ 0.007189080657914642	false	0.5
dominieren	neg 1.0		off 0.531079404279468 neg 0.46164779653478144 __DUMMY__ 0.007272799185750552	false	0.5
schwindlig	neg 1.0		off 0.537219522167168 neg 0.4555534875680531 __DUMMY__ 0.007226990264778897	false	0.5
lutscher	neg 1.0		off 0.5459288770865964 neg 0.4470072406917034 __DUMMY__ 0.00706388222170015	false	0.5
pflicht	neg 1.0		off 0.5271695150842601 neg 0.46557578594376126 __DUMMY__ 0.007254698971978475	false	0.5
faschist	off 1.0		off 0.5366978386677285 neg 0.4561040325914338 __DUMMY__ 0.00719812874083766	false	1.0
verschleudern	neg 1.0		off 0.5278160836176499 neg 0.4649444656667332 __DUMMY__ 0.0072394507156170245	false	0.5
wenn			off 0.5376142672016996 neg 0.45519641538348177 __DUMMY__ 0.007189317414818823	false	0.0
ehebruch	neg 1.0		off 0.5310357002844318 neg 0.4617058105227748 __DUMMY__ 0.007258489192793349	false	0.5
spott	off 1.0		off 0.529445995061448 neg 0.46330832261381655 __DUMMY__ 0.007245682324735602	false	1.0
trostlosigkeit	neg 1.0		off 0.5297351791800552 neg 0.46296044262551733 __DUMMY__ 0.007304378194427394	false	0.5
lutschen	neg 1.0		off 0.5368652296569542 neg 0.4559467453678102 __DUMMY__ 0.00718802497523566	false	0.5
undiszipliniert	neg 1.0		off 0.540433950671958 neg 0.4524192260464405 __DUMMY__ 0.007146823281601463	false	0.5
kopfschmerz	neg 1.0		off 0.531566285184328 neg 0.46119820056759026 __DUMMY__ 0.00723551424808171	false	0.5
unvorhergesehen	neg 1.0		off 0.5321515467156566 neg 0.46053993357562373 __DUMMY__ 0.007308519708719662	false	0.5
desinteressiert	neg 1.0		off 0.5400104172474638 neg 0.45283728290302483 __DUMMY__ 0.007152299849511383	false	0.5
armselig	off 1.0		off 0.5395639744184746 neg 0.4533167321671766 __DUMMY__ 0.007119293414348977	false	1.0
desaster	neg 1.0		off 0.5266503296167858 neg 0.4660630754307992 __DUMMY__ 0.007286594952414957	false	0.5
tod	neg 1.0		off 0.5357139589654607 neg 0.4569649896756172 __DUMMY__ 0.007321051358922102	false	0.5
herzlos	neg 1.0		off 0.5410026557497751 neg 0.45185509104613125 __DUMMY__ 0.007142253204093773	false	0.5
unwissenheit	neg 1.0		off 0.5306676164334653 neg 0.46209782076968364 __DUMMY__ 0.0072345627968510694	false	0.5
widersinnig	neg 1.0		off 0.5282043281760876 neg 0.4646008499007322 __DUMMY__ 0.007194821923180194	false	0.5
bedenklich	neg 1.0		off 0.5292065304141205 neg 0.4635607665369817 __DUMMY__ 0.0072327030488976846	false	0.5
beanstanden	neg 1.0		off 0.5272430869195942 neg 0.4654934160193177 __DUMMY__ 0.007263497061088099	false	0.5
panisch	neg 1.0	neg 1.0	neg 0.7109884444802821 off 0.28554911866917587 __DUMMY__ 0.0034624368505420397	false	1.0
debil	off 1.0		off 0.5262229618223102 neg 0.46641122857779865 __DUMMY__ 0.007365809599891107	false	1.0
abstrich	neg 1.0		off 0.539040584431256 neg 0.4536345196957876 __DUMMY__ 0.00732489587295646	false	0.5
primitiv	neg 1.0		off 0.538341753403348 neg 0.4545185392888433 __DUMMY__ 0.0071397073078088786	false	0.5
abschaum	off 1.0	off 1.0	off 0.7552470911720378 neg 0.24133267670737898 __DUMMY__ 0.003420232120583226	false	1.0
provozieren	neg 1.0		off 0.5328283025925528 neg 0.45998001630131286 __DUMMY__ 0.007191681106134523	false	0.5
tot	neg 1.0		off 0.531451322170524 neg 0.4613016461680698 __DUMMY__ 0.007247031661406153	false	0.5
instabil	neg 1.0		off 0.5400164145730475 neg 0.4528467914644794 __DUMMY__ 0.007136793962473121	false	0.5
schwuchtel	off 1.0	off 1.0	off 0.7608159007181517 neg 0.2358394053106448 __DUMMY__ 0.0033446939712034707	false	1.0
zerren	neg 1.0		off 0.5326502257894805 neg 0.46009368329196443 __DUMMY__ 0.007256090918555071	false	0.5
kinderficker	off 1.0		off 0.5437217080447985 neg 0.44915371977416607 __DUMMY__ 0.007124572181035455	false	1.0
gefahr	neg 1.0		off 0.5288531833373881 neg 0.4638556269680986 __DUMMY__ 0.007291189694513414	false	0.5
rabiat	neg 1.0		off 0.5341579751898942 neg 0.45861073290922444 __DUMMY__ 0.007231291900881288	false	0.5
verlangsamung	neg 1.0		off 0.5430348704842709 neg 0.449889234852355 __DUMMY__ 0.007075894663374085	false	0.5
ausgestorben	neg 1.0		off 0.5344701590035371 neg 0.45828606519119 __DUMMY__ 0.007243775805272771	false	0.5
anklagen	neg 1.0		off 0.530952049810398 neg 0.46179683784159725 __DUMMY__ 0.007251112348004655	false	0.5
trott	neg 1.0		off 0.5340465982356462 neg 0.458710757841069 __DUMMY__ 0.007242643923284821	false	0.5
verminderung	neg 1.0		off 0.5401720437191587 neg 0.4526588110235564 __DUMMY__ 0.007169145257284946	false	0.5
nach			off 0.5278586749711505 neg 0.4647851196966862 __DUMMY__ 0.007356205332163311	false	0.0
rost	neg 1.0		off 0.543727825543259 neg 0.4491588611810173 __DUMMY__ 0.007113313275723686	false	0.5
destruktiv	neg 1.0		off 0.5319916780787745 neg 0.4608021649240156 __DUMMY__ 0.007206156997209941	false	0.5
unzumutbarkeit	neg 1.0		off 0.539911992198365 neg 0.45289291285717953 __DUMMY__ 0.007195094944455563	false	0.5
labil	off 1.0	off 1.0	off 0.7552093422714375 neg 0.24136150604907503 __DUMMY__ 0.0034291516794873766	false	1.0
ziemlich	neg 1.0		off 0.5399118254786605 neg 0.45290114832659745 __DUMMY__ 0.007187026194742071	false	0.5
lachnummer	off 1.0		off 0.5327550170134812 neg 0.460040975947757 __DUMMY__ 0.007204007038761921	false	1.0
oder			off 0.5353706250570199 neg 0.45739572457271527 __DUMMY__ 0.0072336503702648035	false	0.0
verfall	neg 1.0		off 0.5250547092355722 neg 0.46763269551981457 __DUMMY__ 0.007312595244613311	false	0.5
ausgrenzung	neg 1.0		off 0.5349119771552071 neg 0.4578750413560384 __DUMMY__ 0.007212981488754427	false	0.5
unordnung	neg 1.0		off 0.5441840613175553 neg 0.4486120804933325 __DUMMY__ 0.007203858189112319	false	0.5
fehlverhalten	neg 1.0		off 0.5272106256114146 neg 0.46554857322183435 __DUMMY__ 0.007240801166751144	false	0.5
eine			off 0.5295767371273696 neg 0.4631326972827327 __DUMMY__ 0.0072905655898976495	false	0.0
nille	neg 1.0		off 0.5346827300717663 neg 0.4580624957146697 __DUMMY__ 0.0072547742135640955	false	0.5
qual	neg 1.0		off 0.5338505194788936 neg 0.45890083718117664 __DUMMY__ 0.007248643339929722	false	0.5
verschwenden	neg 1.0		off 0.5285130940077114 neg 0.46425224491559536 __DUMMY__ 0.007234661076693189	false	0.5
riesig	neg 1.0		off 0.5325917819149362 neg 0.46012273472309806 __DUMMY__ 0.007285483361965715	false	0.5
verurteilen	neg 1.0		off 0.5297721946024558 neg 0.463005049221755 __DUMMY__ 0.00722275617578925	false	0.5
klischee	neg 1.0	neg 1.0	neg 0.7124305477191026 off 0.28414655421135004 __DUMMY__ 0.003422898069547405	false	1.0
diktatorisch	neg 1.0		off 0.5335120078994279 neg 0.45928685635980715 __DUMMY__ 0.007201135740765055	false	0.5
vorhersehbar	neg 1.0		off 0.5344567515047323 neg 0.45837862369897714 __DUMMY__ 0.007164624796290611	false	0.5
sowie			off 0.5429194301942809 neg 0.44995671499790046 __DUMMY__ 0.007123854807818724	false	0.0
stornieren	neg 1.0		off 0.5396013650119214 neg 0.4531235810885804 __DUMMY__ 0.007275053899498359	false	0.5
besteuerung	neg 1.0		off 0.5316686805983083 neg 0.46115275209157597 __DUMMY__ 0.00717856731011569	false	0.5
ungeschminkt	neg 1.0		off 0.5375084037816615 neg 0.45536241171984265 __DUMMY__ 0.007129184498495762	false	0.5
kritisch	neg 1.0		off 0.5293190955845555 neg 0.463439823937086 __DUMMY__ 0.0072410804783583525	false	0.5
schlamperei	off 1.0		off 0.5294021124106966 neg 0.46332602405467654 __DUMMY__ 0.00727186353462688	false	1.0
sucht	neg 1.0	neg 1.0	neg 0.70983847397365 off 0.28665956779670787 __DUMMY__ 0.0035019582296421515	false	1.0
egoistisch	off 1.0		off 0.5421090238237095 neg 0.4507965947515802 __DUMMY__ 0.0070943814247101805	false	1.0
ausbeuter	off 1.0		off 0.5266053892232877 neg 0.4661636383564391 __DUMMY__ 0.00723097242027332	false	1.0
arschgeburt	off 1.0		off 0.5475616986154911 neg 0.44542985995888057 __DUMMY__ 0.007008441425628244	false	1.0
schubs	neg 1.0		off 0.532005234244375 neg 0.4607540091712148 __DUMMY__ 0.007240756584410178	false	0.5
unsolide	neg 1.0		off 0.5330751843572547 neg 0.4597474822729378 __DUMMY__ 0.00717733336980745	false	0.5
beschwerde	neg 1.0		off 0.5286887316818295 neg 0.46406908495094296 __DUMMY__ 0.007242183367227482	false	0.5
stocken	neg 1.0		off 0.5300210917646953 neg 0.46270645766039725 __DUMMY__ 0.007272450574907484	false	0.5
isolieren	neg 1.0		off 0.5307663792347235 neg 0.4619837937852799 __DUMMY__ 0.007249826979996766	false	0.5
unheilbar	neg 1.0		off 0.5352494842074572 neg 0.4575073392641271 __DUMMY__ 0.0072431765284157465	false	0.5
pisser	off 1.0		off 0.5402483378980661 neg 0.45261319756540225 __DUMMY__ 0.00713846453653163	false	1.0
löschen	neg 1.0		off 0.5347023180487286 neg 0.4580522239360844 __DUMMY__ 0.007245458015186898	false	0.5
durchfallen	neg 1.0		off 0.5284999715210154 neg 0.4642875721722359 __DUMMY__ 0.007212456306748769	false	0.5
wichser	off 1.0	off 1.0	off 0.7602563184274109 neg 0.23637483564628267 __DUMMY__ 0.0033688459263064323	false	1.0
terror	neg 1.0		off 0.5376014148873179 neg 0.4551809024778551 __DUMMY__ 0.007217682634827053	false	0.5
krass	neg 1.0		off 0.5413615832577882 neg 0.4515088905670059 __DUMMY__ 0.007129526175205943	false	0.5
revolte	neg 1.0		off 0.5358661601396116 neg 0.45691754499447607 __DUMMY__ 0.007216294865912274	false	0.5
besorgt	neg 1.0		off 0.5357090484516319 neg 0.45699160342326156 __DUMMY__ 0.007299348125106653	false	0.5
nachlassen	neg 1.0		off 0.5320433671232485 neg 0.460654057205266 __DUMMY__ 0.007302575671485579	false	0.5
alt	neg 1.0		off 0.5317997933462636 neg 0.4609506478993641 __DUMMY__ 0.007249558754372286	false	0.5
hundesohn	off 1.0		off 0.5462798714607159 neg 0.4466500134989182 __DUMMY__ 0.007070115040365973	false	1.0
als			off 0.5314472588824587 neg 0.4613126003607305 __DUMMY__ 0.007240140756810811	false	0.0
abschreckung	neg 1.0		off 0.5278044440350957 neg 0.4649192994225696 __DUMMY__ 0.0072762565423346685	false	0.5
unqualifiziert	neg 1.0		off 0.5349101141828863 neg 0.45793691256403046 __DUMMY__ 0.007152973253083231	false	0.5
abgewichst	off 1.0		off 0.5340753628849738 neg 0.45866458552211464 __DUMMY__ 0.007260051592911574	false	1.0
schwer	neg 1.0		off 0.5323502326238863 neg 0.4604312278994121 __DUMMY__ 0.00721853947670151	false	0.5
bedeutungslosigkeit	neg 1.0		off 0.5281336106095875 neg 0.46460770898776765 __DUMMY__ 0.007258680402644837	false	0.5
kapitulation	neg 1.0		off 0.5303957833660194 neg 0.4623401009548923 __DUMMY__ 0.0072641156790880755	false	0.5
unscharf	neg 1.0		off 0.5347848530187868 neg 0.45803544857160283 __DUMMY__ 0.007179698409610398	false	0.5
schwinden	neg 1.0		off 0.5296368851028739 neg 0.46307700983329825 __DUMMY__ 0.007286105063827837	false	0.5
versklavung	neg 1.0		off 0.5354402378907773 neg 0.4573212396149712 __DUMMY__ 0.007238522494251672	false	0.5
schlecht	neg 1.0		off 0.5400597445193698 neg 0.45275378362033586 __DUMMY__ 0.007186471860294302	false	0.5
verhasst	neg 1.0		off 0.5325440103438682 neg 0.46028165360230267 __DUMMY__ 0.007174336053829075	false	0.5
beschweren	neg 1.0		off 0.5352853830898066 neg 0.45750881632999524 __DUMMY__ 0.007205800580198258	false	0.5
scheiden	neg 1.0		off 0.5354418813475358 neg 0.4573045697866039 __DUMMY__ 0.007253548865860309	false	0.5
frustriert	neg 1.0		off 0.5314270961546875 neg 0.4613486517698436 __DUMMY__ 0.007224252075468917	false	0.5
schimmelig	neg 1.0		off 0.5294846124927205 neg 0.4632978512810705 __DUMMY__ 0.007217536226208929	false	0.5
fisch	neg 1.0		off 0.5273687180134394 neg 0.4653817264916521 __DUMMY__ 0.007249555494908481	false	0.5
schmuggel	neg 1.0		off 0.5299216075586547 neg 0.46280479849230083 __DUMMY__ 0.007273593949044431	false	0.5
auffallen	neg 1.0		off 0.5360940839650034 neg 0.456705958992361 __DUMMY__ 0.007199957042635749	false	0.5
konkurrenz	neg 1.0		off 0.5274360731915732 neg 0.46528526978130097 __DUMMY__ 0.007278657027125978	false	0.5
teufelskreis	neg 1.0		off 0.5323080954485551 neg 0.46047706812940703 __DUMMY__ 0.0072148364220377395	false	0.5
aufschreien	neg 1.0		off 0.5352432201379863 neg 0.457572748179206 __DUMMY__ 0.007184031682807793	false	0.5
schuldner	neg 1.0		off 0.5268384112293168 neg 0.4659133728427704 __DUMMY__ 0.00724821592791269	false	0.5
missgeburt	off 1.0	off 1.0	off 0.7579619972969919 neg 0.23865721895823033 __DUMMY__ 0.00338078374477789	false	1.0
arbeitslos	neg 1.0		off 0.5287083786992351 neg 0.46408281090520803 __DUMMY__ 0.007208810395556859	false	0.5
befallen	neg 1.0		off 0.5345293643844885 neg 0.45819943464385 __DUMMY__ 0.007271200971661457	false	0.5
miesepetrig	off 1.0	off 1.0	off 0.7557576304515186 neg 0.2408171814334362 __DUMMY__ 0.003425188115045228	false	1.0
alarmieren	neg 1.0		off 0.5369458914278757 neg 0.4558773495267925 __DUMMY__ 0.0071767590453319105	false	0.5
ungeduscht	off 1.0		off 0.5366978362403263 neg 0.45613406235450665 __DUMMY__ 0.007168101405167154	false	1.0
knappheit	neg 1.0		off 0.5283123026383219 neg 0.4644755814488034 __DUMMY__ 0.007212115912874661	false	0.5
schlange	neg 1.0		off 0.538087017125976 neg 0.4546533341198155 __DUMMY__ 0.007259648754208562	false	0.5
harsch	neg 1.0		off 0.5454832610452022 neg 0.447341634899133 __DUMMY__ 0.007175104055664919	false	0.5
lang	neg 1.0		off 0.5356970830784487 neg 0.45706127343555186 __DUMMY__ 0.007241643485999521	false	0.5
ziellos	neg 1.0		off 0.5319006535292826 neg 0.46082507139381895 __DUMMY__ 0.0072742750768983	false	0.5
selbstverliebt	neg 1.0		off 0.5460941880959194 neg 0.44686981896867534 __DUMMY__ 0.00703599293540528	false	0.5
beseitigen	neg 1.0		off 0.5336374652762162 neg 0.45910333121965974 __DUMMY__ 0.007259203504124036	false	0.5
dumm	off 1.0		off 0.5435548899053212 neg 0.449344155842622 __DUMMY__ 0.007100954252056694	false	1.0
arbeitsloser	neg 1.0		off 0.5304623315564682 neg 0.46229911636071175 __DUMMY__ 0.007238552082819939	false	0.5
blitzen	neg 1.0		off 0.5376248986915798 neg 0.45515966458312496 __DUMMY__ 0.007215436725295298	false	0.5
hilflos	neg 1.0		off 0.5313651817129565 neg 0.46140239018524865 __DUMMY__ 0.007232428101794752	false	0.5
eklig	off 1.0		off 0.5430508517695605 neg 0.4498726448255953 __DUMMY__ 0.007076503404844163	false	1.0
begriff			off 0.532386618927723 neg 0.4603899201733092 __DUMMY__ 0.007223460898967677	false	0.0
hungersnot	neg 1.0		off 0.5330150765448736 neg 0.45971159569474473 __DUMMY__ 0.007273327760381657	false	0.5
ungesetzlich	neg 1.0		off 0.5309891703458464 neg 0.4618413693675144 __DUMMY__ 0.007169460286639255	false	0.5
verschwendung	neg 1.0		off 0.5294274612617098 neg 0.46331176389175993 __DUMMY__ 0.00726077484653022	false	0.5
schmerzvoll	neg 1.0		off 0.5357246230293498 neg 0.4570573331684312 __DUMMY__ 0.007218043802218939	false	0.5
vorzeitig	neg 1.0		off 0.5376310006640683 neg 0.4551478234287955 __DUMMY__ 0.0072211759071361134	false	0.5
unvollkommenheit	neg 1.0		off 0.534311129882737 neg 0.45838821996226736 __DUMMY__ 0.007300650154995785	false	0.5
intervenieren	neg 1.0		off 0.5278737043447488 neg 0.4648847263171162 __DUMMY__ 0.007241569338134902	false	0.5
banause	off 1.0		off 0.5440969153965953 neg 0.44886847264293733 __DUMMY__ 0.007034611960467255	false	1.0
rebell	neg 1.0		off 0.5262367721217018 neg 0.46647339532097226 __DUMMY__ 0.007289832557325857	false	0.5
unlogisch	neg 1.0		off 0.5393371261269819 neg 0.4535426827121528 __DUMMY__ 0.007120191160865232	false	0.5
leiden	neg 1.0		off 0.5300074072262098 neg 0.46270230404830354 __DUMMY__ 0.007290288725486685	false	0.5
abschaffung	neg 1.0		off 0.5331779755042492 neg 0.4596084519795865 __DUMMY__ 0.007213572516164344	false	0.5
sturz	neg 1.0		off 0.5356245684985885 neg 0.45711956281004756 __DUMMY__ 0.00725586869136375	false	0.5
verkleinerung	neg 1.0		off 0.5330335638761432 neg 0.459817910587716 __DUMMY__ 0.007148525536140836	false	0.5
schmarotzer	off 1.0		off 0.5286039950782587 neg 0.4642063306975233 __DUMMY__ 0.007189674224217996	false	1.0
bestrafung	neg 1.0		off 0.535372300688591 neg 0.45739872028434664 __DUMMY__ 0.007228979027062366	false	0.5
achtlos	neg 1.0	neg 1.0	neg 0.7134605200398837 off 0.283077800542519 __DUMMY__ 0.0034616794175973526	false	1.0
ungeheuer	neg 1.0		off 0.5372771444139266 neg 0.4554984635153179 __DUMMY__ 0.007224392070755442	false	0.5
