unsolidarisch	neg 1.0		off 0.5120076667852019 neg 0.44588377973326404 __DUMMY__ 0.04210855348153409	false	0.5
nachteilig	neg 1.0		off 0.510079618011127 neg 0.4474214873220334 __DUMMY__ 0.04249889466683941	false	0.5
skeptisch	neg 1.0		off 0.509527054588908 neg 0.4479421731045638 __DUMMY__ 0.04253077230652832	false	0.5
schrecklich	neg 1.0		off 0.5234615813566105 neg 0.43467991557310637 __DUMMY__ 0.04185850307028326	false	0.5
schlapp	neg 1.0		off 0.520288565049424 neg 0.4376149755329455 __DUMMY__ 0.04209645941763069	false	0.5
abfall	neg 1.0		off 0.5081382082470595 neg 0.4489897938873929 __DUMMY__ 0.04287199786554769	false	0.5
widerspenstig	neg 1.0		off 0.5156042010266924 neg 0.44202068554541746 __DUMMY__ 0.04237511342789021	false	0.5
abrupt	neg 1.0		off 0.513189278427664 neg 0.44406333657700187 __DUMMY__ 0.04274738499533423	false	0.5
unwirksam	neg 1.0		off 0.5111531777266355 neg 0.44683737058435086 __DUMMY__ 0.04200945168901362	false	0.5
angreifen	neg 1.0		off 0.5097280430771582 neg 0.4477179786273415 __DUMMY__ 0.042553978295500235	false	0.5
inkonsistent	neg 1.0		off 0.5155038369655548 neg 0.44224795890889895 __DUMMY__ 0.042248204125546224	false	0.5
abrutschen	neg 1.0		off 0.5068211781662001 neg 0.45049344730701074 __DUMMY__ 0.04268537452678909	false	0.5
unsicher	neg 1.0		off 0.5154265172564684 neg 0.4421476514904802 __DUMMY__ 0.04242583125305152	false	0.5
bauernkind	off 1.0	off 1.0	off 0.7463848673221314 neg 0.23390852772153298 __DUMMY__ 0.019706604956335704	false	1.0
angreifer	neg 1.0	neg 1.0	neg 0.7037170655854625 off 0.2759607430587431 __DUMMY__ 0.02032219135579447	false	1.0
trennen	neg 1.0		off 0.5117946149646837 neg 0.4454202208748819 __DUMMY__ 0.04278516416043436	false	0.5
schmutz	neg 1.0		off 0.5212035070769644 neg 0.436081625665026 __DUMMY__ 0.042714867258009735	false	0.5
inkonsistenz	neg 1.0		off 0.515902548015662 neg 0.4423991480264303 __DUMMY__ 0.04169830395790757	false	0.5
erschreckend	neg 1.0		off 0.5130471248474978 neg 0.44466204298775486 __DUMMY__ 0.042290832164747355	false	0.5
ertrinken	neg 1.0		off 0.5118904317223782 neg 0.4454242944287723 __DUMMY__ 0.04268527384884939	false	0.5
pickelface	off 1.0		off 0.5149535504834813 neg 0.44256058038052143 __DUMMY__ 0.04248586913599729	false	1.0
seiner			off 0.5105914400860032 neg 0.4468231965788207 __DUMMY__ 0.04258536333517599	false	0.0
lauch	neg 1.0		off 0.5093605815616085 neg 0.4477927459089976 __DUMMY__ 0.04284667252939389	false	0.5
unwichtig	neg 1.0		off 0.51815595724841 neg 0.4398730583785252 __DUMMY__ 0.04197098437306488	false	0.5
steuerhinterziehung	neg 1.0	neg 1.0	neg 0.707631801248373 off 0.2720989394545006 __DUMMY__ 0.02026925929712635	false	1.0
schock	neg 1.0		off 0.5151792252414804 neg 0.4423193501634414 __DUMMY__ 0.04250142459507814	false	0.5
beule	neg 1.0		off 0.5210659749624363 neg 0.43691067045405524 __DUMMY__ 0.042023354583508525	false	0.5
vergelten	neg 1.0		off 0.5242292397027141 neg 0.4336671035546991 __DUMMY__ 0.04210365674258674	false	0.5
verdorbenheit	neg 1.0		off 0.5178982827938462 neg 0.4395550281904764 __DUMMY__ 0.04254668901567741	false	0.5
trauma	neg 1.0		off 0.5163586086730834 neg 0.44127877192716985 __DUMMY__ 0.04236261939974681	false	0.5
sinnlos	neg 1.0		off 0.5172813873215975 neg 0.4404475553021402 __DUMMY__ 0.04227105737626233	false	0.5
fettsack	off 1.0	off 1.0	off 0.7479745629981793 neg 0.23224147140911006 __DUMMY__ 0.01978396559271059	false	1.0
feige	off 1.0	off 1.0	off 0.7455679909904156 neg 0.234435510536152 __DUMMY__ 0.019996498473432395	false	1.0
abdanken	neg 1.0		off 0.5143914882164919 neg 0.4431981031824791 __DUMMY__ 0.0424104086010289	false	0.5
wichtigtuer	off 1.0	off 1.0	off 0.7445764126347896 neg 0.23533086331455 __DUMMY__ 0.020092724050660364	false	1.0
misslingen	neg 1.0		off 0.518948571943847 neg 0.4383741220195952 __DUMMY__ 0.042677306036557824	false	0.5
untreu	off 1.0		off 0.5196427650915832 neg 0.43832076877721265 __DUMMY__ 0.04203646613120411	false	1.0
missmutig	neg 1.0		off 0.5201269501416466 neg 0.4376952581822464 __DUMMY__ 0.04217779167610703	false	0.5
hurenbock	off 1.0		off 0.5193246314811977 neg 0.4381924222289421 __DUMMY__ 0.04248294628986032	false	1.0
betrunken	neg 1.0		off 0.5220930097005031 neg 0.4358752160957399 __DUMMY__ 0.04203177420375698	false	0.5
korrupt	off 1.0		off 0.509792285539133 neg 0.4479983089548114 __DUMMY__ 0.042209405506055585	false	1.0
unmut	neg 1.0		off 0.5074778632674829 neg 0.44978197797394454 __DUMMY__ 0.04274015875857256	false	0.5
hackfresse	off 1.0		off 0.5257975138096704 neg 0.43262996808638216 __DUMMY__ 0.04157251810394744	false	1.0
aufblasen	neg 1.0		off 0.5178416340000113 neg 0.4397894862164312 __DUMMY__ 0.042368879783557384	false	0.5
gewaltsam	neg 1.0		off 0.5146915425731554 neg 0.4427736644521868 __DUMMY__ 0.04253479297465773	false	0.5
unbeliebtheit	neg 1.0		off 0.5159637074946025 neg 0.44215679230642285 __DUMMY__ 0.04187950019897474	false	0.5
sturheit	neg 1.0		off 0.5128280918424641 neg 0.44482032079300426 __DUMMY__ 0.04235158736453156	false	0.5
kuh	neg 1.0		off 0.5135195993833784 neg 0.4446426443087861 __DUMMY__ 0.04183775630783534	false	0.5
erschrecken	neg 1.0		off 0.520485576332653 neg 0.43725252897611216 __DUMMY__ 0.04226189469123483	false	0.5
opfer	neg 1.0		off 0.5117633591664253 neg 0.4456909348547874 __DUMMY__ 0.042545705978787395	false	0.5
sinken	neg 1.0		off 0.5088318533161189 neg 0.4483962387983486 __DUMMY__ 0.04277190788553244	false	0.5
stinktier	neg 1.0		off 0.5199034552888723 neg 0.4387038352811521 __DUMMY__ 0.041392709429975576	false	0.5
tucke	off 1.0		off 0.526770642361409 neg 0.43174582945841694 __DUMMY__ 0.04148352818017405	false	1.0
ein			off 0.5160908137338993 neg 0.4416040207666359 __DUMMY__ 0.042305165499464795	false	0.0
abstieg	neg 1.0		off 0.5106523394485698 neg 0.44676470357117504 __DUMMY__ 0.042582956980255215	false	0.5
missverstehen	neg 1.0		off 0.5156314375234153 neg 0.4423695107836694 __DUMMY__ 0.04199905169291522	false	0.5
ergebnislos	neg 1.0		off 0.5103460091850645 neg 0.4470513405323184 __DUMMY__ 0.04260265028261705	false	0.5
unter			off 0.5051019929207821 neg 0.4517260177021369 __DUMMY__ 0.043171989377081145	false	0.0
manipulieren	neg 1.0		off 0.5103492135129286 neg 0.446990851407818 __DUMMY__ 0.042659935079253364	false	0.5
unbewiesen	neg 1.0		off 0.5113266976462371 neg 0.4466287815028323 __DUMMY__ 0.042044520850930786	false	0.5
verschleppen	neg 1.0		off 0.5111372131072446 neg 0.446422302011784 __DUMMY__ 0.042440484880971484	false	0.5
weib	off 1.0		off 0.5242902557536842 neg 0.4343917508824614 __DUMMY__ 0.041317993363854374	false	1.0
opposition	neg 1.0		off 0.5151675544099861 neg 0.4426819685498434 __DUMMY__ 0.04215047704017044	false	0.5
verkehrswidrig	neg 1.0		off 0.5264942231677352 neg 0.4313450000217009 __DUMMY__ 0.04216077681056397	false	0.5
inkorrekt	neg 1.0		off 0.5208332693921965 neg 0.4374543909292862 __DUMMY__ 0.04171233967851743	false	0.5
vermeiden	neg 1.0		off 0.5064975797716927 neg 0.4506451288471667 __DUMMY__ 0.042857291381140666	false	0.5
abweichung	neg 1.0		off 0.5103780671617228 neg 0.44719768842406477 __DUMMY__ 0.04242424441421231	false	0.5
alkoholisiert	neg 1.0		off 0.5115146222291342 neg 0.44585827807110934 __DUMMY__ 0.04262709969975634	false	0.5
scheiss	off 1.0	off 1.0	off 0.7466442634357568 neg 0.23330781894909658 __DUMMY__ 0.020047917615146578	false	1.0
herausforderung	neg 1.0		off 0.5106297341175376 neg 0.4467407128927769 __DUMMY__ 0.042629552989685515	false	0.5
pervers	off 1.0		off 0.5285573705836503 neg 0.4300869635360034 __DUMMY__ 0.0413556658803464	false	1.0
wackelig	neg 1.0		off 0.5154355489998619 neg 0.44188451066617707 __DUMMY__ 0.0426799403339612	false	0.5
verwickeln	neg 1.0		off 0.5152064056146775 neg 0.44275854212476223 __DUMMY__ 0.04203505226056027	false	0.5
vorwand	neg 1.0		off 0.5092684126859377 neg 0.4481572763743172 __DUMMY__ 0.042574310939745286	false	0.5
muschi	off 1.0		off 0.5148432571669858 neg 0.44269694248149954 __DUMMY__ 0.04245980035151458	false	1.0
entmutigung	neg 1.0		off 0.5153555005066153 neg 0.4424073329771908 __DUMMY__ 0.042237166516193886	false	0.5
unangemessen	neg 1.0		off 0.5109060979692512 neg 0.4468915217168812 __DUMMY__ 0.04220238031386747	false	0.5
unstetig	neg 1.0		off 0.5174179112006427 neg 0.4403799319708204 __DUMMY__ 0.04220215682853683	false	0.5
entmutigen	neg 1.0		off 0.5158805399373027 neg 0.441806990305456 __DUMMY__ 0.04231246975724131	false	0.5
schwanz	neg 1.0		off 0.5126395641993237 neg 0.4447767010312417 __DUMMY__ 0.04258373476943479	false	0.5
verbot	neg 1.0		off 0.5113281796447726 neg 0.44625687324497054 __DUMMY__ 0.04241494711025682	false	0.5
leid	neg 1.0		off 0.52376337704178 neg 0.4345834038719489 __DUMMY__ 0.04165321908627117	false	0.5
archaisch	neg 1.0		off 0.5133161503664189 neg 0.4442953643180884 __DUMMY__ 0.04238848531549267	false	0.5
gegen			off 0.50827920000394 neg 0.44899692316635076 __DUMMY__ 0.042723876829709156	false	0.0
scheidung	neg 1.0		off 0.5364849356974796 neg 0.42197018313008594 __DUMMY__ 0.0415448811724344	false	0.5
einschlag	neg 1.0		off 0.5224638367303117 neg 0.43560165240534865 __DUMMY__ 0.04193451086433964	false	0.5
m			off 0.5136488695513449 neg 0.44378877590603255 __DUMMY__ 0.042562354542622555	false	0.0
abgestanden	neg 1.0		off 0.5150720083668233 neg 0.44269252789483865 __DUMMY__ 0.04223546373833783	false	0.5
schmierig	off 1.0		off 0.524690127728044 neg 0.4334657907628982 __DUMMY__ 0.04184408150905776	false	1.0
unpraktisch	neg 1.0		off 0.5165327718299728 neg 0.44118879902900465 __DUMMY__ 0.04227842914102263	false	0.5
wixxer	off 1.0		off 0.5274077140732906 neg 0.4313754674896128 __DUMMY__ 0.041216818437096674	false	1.0
bezeichnet			off 0.51293807144131 neg 0.44490562364499514 __DUMMY__ 0.04215630491369486	false	0.0
jammerlappen	off 1.0		off 0.5199754854560233 neg 0.4378836361674734 __DUMMY__ 0.0421408783765033	false	1.0
farce	neg 1.0		off 0.5118464362003436 neg 0.4458323631996983 __DUMMY__ 0.042321200599958184	false	0.5
zwecklos	neg 1.0		off 0.5118242806428179 neg 0.44584115607755515 __DUMMY__ 0.0423345632796269	false	0.5
turbulent	neg 1.0		off 0.5207146714143779 neg 0.4373148661628453 __DUMMY__ 0.04197046242277689	false	0.5
invasion	neg 1.0		off 0.5163066424493772 neg 0.44148856634389216 __DUMMY__ 0.042204791206730645	false	0.5
schuld	neg 1.0		off 0.5148033786381553 neg 0.44300839841236966 __DUMMY__ 0.04218822294947492	false	0.5
risiko	neg 1.0	neg 1.0	neg 0.7040416255563402 off 0.2756167069777067 __DUMMY__ 0.02034166746595317	false	1.0
finster	neg 1.0		off 0.5146821100529096 neg 0.44320488113881984 __DUMMY__ 0.04211300880827035	false	0.5
geisteskrank	off 1.0		off 0.5184687005210258 neg 0.4397916602766776 __DUMMY__ 0.041739639202296536	false	1.0
zusammenbrechen	neg 1.0		off 0.5130584294498217 neg 0.4445038366797917 __DUMMY__ 0.0424377338703865	false	0.5
ausbeute	neg 1.0		off 0.5166226174052536 neg 0.44038211932525384 __DUMMY__ 0.042995263269492476	false	0.5
hinterhalt	neg 1.0		off 0.5187670536713209 neg 0.4382928057828143 __DUMMY__ 0.04294014054586472	false	0.5
kritik	neg 1.0		off 0.5114589329281846 neg 0.44622903615631687 __DUMMY__ 0.042312030915498636	false	0.5
einschrumpfen	neg 1.0		off 0.5176724494124186 neg 0.44028343755767385 __DUMMY__ 0.042044113029907515	false	0.5
riskant	neg 1.0		off 0.509490819533853 neg 0.4480645431976771 __DUMMY__ 0.04244463726846993	false	0.5
frustrieren	neg 1.0		off 0.5106665114278367 neg 0.4468989316607961 __DUMMY__ 0.04243455691136724	false	0.5
groll	neg 1.0		off 0.511246816255586 neg 0.4464098132608691 __DUMMY__ 0.04234337048354504	false	0.5
gibt			off 0.5131566102190244 neg 0.4444008335292325 __DUMMY__ 0.04244255625174317	false	0.0
qualvoll	neg 1.0		off 0.5189895060620937 neg 0.4387200724070174 __DUMMY__ 0.042290421530888966	false	0.5
wackeln	neg 1.0		off 0.5180340295749382 neg 0.4394410802999666 __DUMMY__ 0.04252489012509515	false	0.5
klagen	neg 1.0		off 0.5075751482835819 neg 0.4497830775041623 __DUMMY__ 0.042641774212255804	false	0.5
bankrott	neg 1.0		off 0.5205569872722533 neg 0.4371686726948973 __DUMMY__ 0.04227434003284933	false	0.5
trauern	neg 1.0		off 0.5132022196004186 neg 0.44405879776831214 __DUMMY__ 0.04273898263126931	false	0.5
ablehnung	neg 1.0		off 0.5109106653247762 neg 0.4467874264991368 __DUMMY__ 0.042301908176086915	false	0.5
stur	neg 1.0		off 0.514739401256368 neg 0.4431023564454065 __DUMMY__ 0.04215824229822544	false	0.5
aufruhr	neg 1.0		off 0.5140059357674631 neg 0.4435704529925611 __DUMMY__ 0.04242361123997579	false	0.5
melancholie	neg 1.0		off 0.5127253432672085 neg 0.44471812098568586 __DUMMY__ 0.04255653574710555	false	0.5
ist			off 0.5167569293681993 neg 0.44098765520711997 __DUMMY__ 0.04225541542468065	false	0.0
torheit	neg 1.0		off 0.5152170368235346 neg 0.442445976935891 __DUMMY__ 0.04233698624057434	false	0.5
dreckskind	off 1.0		off 0.5234444409475497 neg 0.4350733288540987 __DUMMY__ 0.04148223019835157	false	1.0
umtauschen	neg 1.0		off 0.5148248931279441 neg 0.44280697629045207 __DUMMY__ 0.04236813058160386	false	0.5
zum			off 0.5095691523596643 neg 0.44728690717433844 __DUMMY__ 0.04314394046599719	false	0.0
zersetzen	neg 1.0		off 0.5089083906401163 neg 0.4485952213500142 __DUMMY__ 0.04249638800986952	false	0.5
zur			off 0.507096283742015 neg 0.4498993456590324 __DUMMY__ 0.04300437059895263	false	0.0
frust	neg 1.0		off 0.5132938399867364 neg 0.444240691031603 __DUMMY__ 0.04246546898166071	false	0.5
unerbittlichkeit	neg 1.0		off 0.5095938107054696 neg 0.44783735504010974 __DUMMY__ 0.04256883425442059	false	0.5
zwei			off 0.5099190835607837 neg 0.4470584697775291 __DUMMY__ 0.04302244666168716	false	0.0
unkorrekt	neg 1.0		off 0.5213081013593582 neg 0.4368856725186683 __DUMMY__ 0.04180622612197346	false	0.5
hexe	off 1.0		off 0.5179953744178283 neg 0.44012815837561176 __DUMMY__ 0.04187646720656007	false	1.0
lasch	neg 1.0		off 0.5165764571740428 neg 0.44146897980395516 __DUMMY__ 0.04195456302200219	false	0.5
rivale	neg 1.0		off 0.5217850672908222 neg 0.43624993338974605 __DUMMY__ 0.04196499931943165	false	0.5
mutlos	off 1.0	off 1.0	off 0.7411097256600002 neg 0.23860581591003707 __DUMMY__ 0.02028445842996266	false	1.0
wirr	off 1.0		off 0.5222483705290316 neg 0.4359859456508237 __DUMMY__ 0.04176568382014479	false	1.0
jahr			off 0.5137026652249571 neg 0.44326018778758347 __DUMMY__ 0.04303714698745948	false	0.0
wird			off 0.5117580103542528 neg 0.4457826263573723 __DUMMY__ 0.04245936328837474	false	0.0
strafbar	neg 1.0		off 0.5098943532046397 neg 0.44768147565067007 __DUMMY__ 0.042424171144690166	false	0.5
erosion	neg 1.0		off 0.516791861669868 neg 0.4406835016422533 __DUMMY__ 0.04252463668787884	false	0.5
eingehen	neg 1.0		off 0.5100271574508204 neg 0.44756629895919836 __DUMMY__ 0.0424065435899813	false	0.5
faul	off 1.0		off 0.5200297209508463 neg 0.43774997820427625 __DUMMY__ 0.04222030084487739	false	1.0
provisorium	neg 1.0		off 0.5060539386269084 neg 0.45076125171983744 __DUMMY__ 0.04318480965325414	false	0.5
schmerzen	neg 1.0		off 0.5133847387581972 neg 0.44429445994325034 __DUMMY__ 0.042320801298552424	false	0.5
schrumpfen	neg 1.0		off 0.504843676897402 neg 0.4524220255649596 __DUMMY__ 0.04273429753763848	false	0.5
geistlos	off 1.0		off 0.5147173210136406 neg 0.44334175532658704 __DUMMY__ 0.04194092365977239	false	1.0
fehlkauf	neg 1.0		off 0.5180907897719819 neg 0.4395193731451785 __DUMMY__ 0.042389837082839645	false	0.5
frustrierend	neg 1.0		off 0.5183728073327452 neg 0.4395006912330066 __DUMMY__ 0.04212650143424818	false	0.5
unzufrieden	neg 1.0		off 0.511000798223009 neg 0.4466947586127178 __DUMMY__ 0.042304443164273155	false	0.5
verzweifeln	neg 1.0		off 0.5136566658639218 neg 0.443970872171308 __DUMMY__ 0.042372461964770354	false	0.5
verzweifelt	neg 1.0	neg 1.0	neg 0.706277956885612 off 0.2736016403557894 __DUMMY__ 0.02012040275859868	false	1.0
misstrauensantrag	neg 1.0		off 0.5167745445217634 neg 0.441008907151726 __DUMMY__ 0.04221654832651056	false	0.5
abfallen	neg 1.0		off 0.5175356010433767 neg 0.4399998517398003 __DUMMY__ 0.04246454721682305	false	0.5
fucker	off 1.0		off 0.5232995931826857 neg 0.4346447812003685 __DUMMY__ 0.042055625616945876	false	1.0
ungezogen	neg 1.0		off 0.5281272048066911 neg 0.4304331533402637 __DUMMY__ 0.04143964185304509	false	0.5
irrsinnig	neg 1.0	neg 1.0	neg 0.70597424238281 off 0.27387601291278296 __DUMMY__ 0.02014974470440712	false	1.0
unfassbar	neg 1.0		off 0.5208384423344834 neg 0.4371038220966674 __DUMMY__ 0.042057735568849196	false	0.5
hart	neg 1.0		off 0.5205397412595539 neg 0.4373931630800659 __DUMMY__ 0.04206709566038003	false	0.5
widerlich	off 1.0		off 0.519627355811832 neg 0.438524083137559 __DUMMY__ 0.041848561050609155	false	1.0
fatal	neg 1.0		off 0.5176768494167038 neg 0.4400335378407496 __DUMMY__ 0.04228961274254659	false	0.5
bruch	neg 1.0		off 0.5083079551964869 neg 0.44902969828775324 __DUMMY__ 0.04266234651575991	false	0.5
aushungern	neg 1.0		off 0.5137106742386044 neg 0.44376848442797545 __DUMMY__ 0.04252084133342019	false	0.5
anspannung	neg 1.0		off 0.5085674611383979 neg 0.44839006351307636 __DUMMY__ 0.04304247534852565	false	0.5
von			off 0.5150683354194038 neg 0.44176612461383236 __DUMMY__ 0.043165539966763845	false	0.0
kraftlos	neg 1.0		off 0.5134320979121544 neg 0.44402899582499955 __DUMMY__ 0.042538906262846	false	0.5
vom			off 0.5077827221703267 neg 0.4489384545531888 __DUMMY__ 0.04327882327648455	false	0.0
grenzdebil	off 1.0		off 0.5217371163334772 neg 0.43617351440787666 __DUMMY__ 0.04208936925864617	false	1.0
vor			off 0.5106973007547126 neg 0.4464995628112504 __DUMMY__ 0.04280313643403703	false	0.0
unterwerfen	neg 1.0		off 0.5114618901723567 neg 0.4460149297438218 __DUMMY__ 0.042523180083821395	false	0.5
versenkung	neg 1.0		off 0.5125209670760563 neg 0.4448567900417759 __DUMMY__ 0.04262224288216777	false	0.5
entziehen	neg 1.0		off 0.5081681299622293 neg 0.44920103447718474 __DUMMY__ 0.04263083556058594	false	0.5
finanzkrise	neg 1.0		off 0.5126895521205503 neg 0.4450201650268642 __DUMMY__ 0.042290282852585466	false	0.5
schimpfend	neg 1.0		off 0.5171204319184591 neg 0.44062408765153 __DUMMY__ 0.04225548043001102	false	0.5
profan	neg 1.0		off 0.5166687228875085 neg 0.4412043037466047 __DUMMY__ 0.042126973365886757	false	0.5
korruption	neg 1.0		off 0.5114576263000951 neg 0.4460874672051799 __DUMMY__ 0.0424549064947252	false	0.5
â			off 0.5140599678920185 neg 0.4432694997828705 __DUMMY__ 0.042670532325110956	false	0.0
schmutzig	neg 1.0		off 0.5228377730063474 neg 0.4350295517003482 __DUMMY__ 0.042132675293304424	false	0.5
sexy	neg 1.0		off 0.5194680070250437 neg 0.43825808143148665 __DUMMY__ 0.04227391154346967	false	0.5
abraten	neg 1.0		off 0.5168338841386257 neg 0.44092782953578163 __DUMMY__ 0.04223828632559265	false	0.5
schwarz	neg 1.0		off 0.5166530958886795 neg 0.44105837889446586 __DUMMY__ 0.04228852521685458	false	0.5
fotze	off 1.0	off 1.0	off 0.7434501270167317 neg 0.23618147880622584 __DUMMY__ 0.0203683941770424	false	1.0
verwirren	neg 1.0		off 0.5178063504924648 neg 0.44001568522363843 __DUMMY__ 0.042177964283896634	false	0.5
zahnlos	off 1.0		off 0.5123370172424642 neg 0.4453395530952731 __DUMMY__ 0.04232342966226279	false	1.0
verheeren	neg 1.0		off 0.5315809360996201 neg 0.42681754629729335 __DUMMY__ 0.04160151760308647	false	0.5
hippie	neg 1.0		off 0.5190785614959323 neg 0.4386339315715068 __DUMMY__ 0.04228750693256087	false	0.5
rammen	neg 1.0		off 0.5155659628129611 neg 0.44226757093088137 __DUMMY__ 0.04216646625615745	false	0.5
unlauter	neg 1.0		off 0.5131145018069742 neg 0.44484846872728667 __DUMMY__ 0.042037029465739055	false	0.5
unheilvoll	neg 1.0		off 0.5179696496222742 neg 0.4396734675718278 __DUMMY__ 0.04235688280589821	false	0.5
niedrig	neg 1.0		off 0.5088525055966618 neg 0.4487422036993312 __DUMMY__ 0.042405290704007025	false	0.5
explosion	neg 1.0		off 0.5180698213703081 neg 0.43967814371450764 __DUMMY__ 0.042252034915184304	false	0.5
weichei	off 1.0	off 1.0	off 0.7490279776204445 neg 0.23110396579403195 __DUMMY__ 0.019868056585523496	false	1.0
minusmensch	off 1.0		off 0.5256007704177259 neg 0.4330180265457841 __DUMMY__ 0.04138120303649	false	1.0
farblos	neg 1.0		off 0.5161471292576163 neg 0.44136478415425784 __DUMMY__ 0.04248808658812576	false	0.5
unwissend	neg 1.0	neg 1.0	neg 0.7041593941358508 off 0.275804198383561 __DUMMY__ 0.02003640748058821	false	1.0
traurig	neg 1.0		off 0.5231251991845797 neg 0.43494176059066375 __DUMMY__ 0.04193304022475638	false	0.5
senkung	neg 1.0		off 0.515361753466368 neg 0.4426385673327258 __DUMMY__ 0.0419996792009063	false	0.5
ungleich	neg 1.0	neg 1.0	neg 0.7089856559897848 off 0.27072391883145414 __DUMMY__ 0.020290425178761024	false	1.0
heikel	neg 1.0		off 0.5091109326546035 neg 0.4484752796149394 __DUMMY__ 0.042413787730457286	false	0.5
drosselung	neg 1.0		off 0.5210847733173904 neg 0.4368821822409064 __DUMMY__ 0.04203304444170304	false	0.5
falsch	neg 1.0		off 0.5178562660287052 neg 0.4400988727348862 __DUMMY__ 0.04204486123640863	false	0.5
unzufriedenheit	neg 1.0		off 0.5089519351160839 neg 0.44844389800249146 __DUMMY__ 0.042604166881424606	false	0.5
kurz	neg 1.0		off 0.5152637167817243 neg 0.4421448620550359 __DUMMY__ 0.04259142116323967	false	0.5
unsinnig	neg 1.0		off 0.5118033408646967 neg 0.4459573386323518 __DUMMY__ 0.04223932050295145	false	0.5
penner	off 1.0	off 1.0	off 0.7500406526712942 neg 0.23010328249646392 __DUMMY__ 0.019856064832242015	false	1.0
seicht	neg 1.0		off 0.526299483492288 neg 0.4323527638612758 __DUMMY__ 0.04134775264643621	false	0.5
dummheit	off 1.0	off 1.0	off 0.744809940074708 neg 0.23510007813428385 __DUMMY__ 0.020089981791008082	false	1.0
unerfreulich	neg 1.0		off 0.5095440865621901 neg 0.4478904238844022 __DUMMY__ 0.0425654895534077	false	0.5
motherfucker	off 1.0	off 1.0	off 0.7479158172537453 neg 0.23200351744416908 __DUMMY__ 0.02008066530208563	false	1.0
pikiert	neg 1.0		off 0.519610077468324 neg 0.4384381471321328 __DUMMY__ 0.04195177539954321	false	0.5
wrack	neg 1.0		off 0.5144641119967579 neg 0.44293567654259297 __DUMMY__ 0.04260021146064913	false	0.5
gangster	neg 1.0		off 0.5190935938851886 neg 0.43862746826861054 __DUMMY__ 0.04227893784620072	false	0.5
krank	neg 1.0		off 0.5216733441985683 neg 0.4362475705671798 __DUMMY__ 0.042079085234251835	false	0.5
reich	neg 1.0		off 0.5223115763244638 neg 0.4353975028468533 __DUMMY__ 0.042290920828682854	false	0.5
gnadenlos	neg 1.0		off 0.5155462145229381 neg 0.44220556494082097 __DUMMY__ 0.042248220536240916	false	0.5
niedergeschlagen	neg 1.0		off 0.5145214751630798 neg 0.4429759205168458 __DUMMY__ 0.04250260432007452	false	0.5
terrorisieren	off 1.0	off 1.0	off 0.7421415679874407 neg 0.2374925927709696 __DUMMY__ 0.02036583924158963	false	1.0
sinnlosigkeit	neg 1.0		off 0.5122470932877601 neg 0.4453742784013303 __DUMMY__ 0.042378628310909786	false	0.5
behindern	neg 1.0		off 0.5149641002487689 neg 0.442581310075663 __DUMMY__ 0.04245458967556823	false	0.5
undemokratisch	neg 1.0		off 0.5151028124915192 neg 0.44265001241601193 __DUMMY__ 0.04224717509246877	false	0.5
wirtschaftskrise	neg 1.0		off 0.5108658073072574 neg 0.4467163360471281 __DUMMY__ 0.042417856645614455	false	0.5
neid	neg 1.0		off 0.5196010674909851 neg 0.4381743526296628 __DUMMY__ 0.04222457987935213	false	0.5
rutschen	neg 1.0		off 0.510549628710125 neg 0.44635337383276635 __DUMMY__ 0.04309699745710855	false	0.5
rezession	neg 1.0		off 0.5192809503774853 neg 0.43920538120296515 __DUMMY__ 0.04151366841954942	false	0.5
fehlgeburt	neg 1.0		off 0.518063634666497 neg 0.4395602996961294 __DUMMY__ 0.04237606563737364	false	0.5
charakterschwach	off 1.0		off 0.5194538904421917 neg 0.43868451317393353 __DUMMY__ 0.041861596383874725	false	1.0
isolation	neg 1.0		off 0.5187384878640279 neg 0.43906923232351786 __DUMMY__ 0.04219227981245426	false	0.5
ablenkung	neg 1.0		off 0.5156519456829513 neg 0.44193955491027564 __DUMMY__ 0.042408499406773104	false	0.5
pech	neg 1.0		off 0.5174570231226056 neg 0.4405015850404421 __DUMMY__ 0.042041391836952324	false	0.5
vermeidung	neg 1.0		off 0.5221495832685743 neg 0.4357309879900539 __DUMMY__ 0.042119428741371895	false	0.5
dominieren	neg 1.0		off 0.512146355090447 neg 0.44524547628647765 __DUMMY__ 0.04260816862307539	false	0.5
schwindlig	neg 1.0		off 0.5183706416681666 neg 0.4392886634705427 __DUMMY__ 0.0423406948612908	false	0.5
lutscher	neg 1.0		off 0.5274673747526499 neg 0.4311437956681719 __DUMMY__ 0.041388829579178305	false	0.5
pflicht	neg 1.0		off 0.5083033567503249 neg 0.4491948988063919 __DUMMY__ 0.04250174444328313	false	0.5
faschist	off 1.0		off 0.5179400471740903 neg 0.43988782639703156 __DUMMY__ 0.042172126428878146	false	1.0
verschleudern	neg 1.0		off 0.5089849876518503 neg 0.44860162836286704 __DUMMY__ 0.04241338398528263	false	0.5
wenn			off 0.5188674027421196 neg 0.43901220553992826 __DUMMY__ 0.042120391717952205	false	0.0
ehebruch	neg 1.0		off 0.5121445109844043 neg 0.4453312812850826 __DUMMY__ 0.04252420773051315	false	0.5
spott	off 1.0		off 0.5105946648464326 neg 0.4469560322743861 __DUMMY__ 0.04244930287918148	false	1.0
trostlosigkeit	neg 1.0		off 0.5107286724133602 neg 0.44647921512783917 __DUMMY__ 0.04279211245880066	false	0.5
lutschen	neg 1.0		off 0.5181248176156593 neg 0.4397620050142619 __DUMMY__ 0.0421131773700788	false	0.5
undiszipliniert	neg 1.0		off 0.5217828784783802 neg 0.4363443965575581 __DUMMY__ 0.041872724964061594	false	0.5
kopfschmerz	neg 1.0		off 0.5127183313388938 neg 0.4448910002218899 __DUMMY__ 0.042390668439216315	false	0.5
unvorhergesehen	neg 1.0		off 0.5131140526749242 neg 0.4440692466626336 __DUMMY__ 0.04281670066244211	false	0.5
desinteressiert	neg 1.0		off 0.5213487609777828 neg 0.4367467511440726 __DUMMY__ 0.04190448787814467	false	0.5
armselig	off 1.0		off 0.5209911176742373 neg 0.4372971103279094 __DUMMY__ 0.0417117719978533	false	1.0
desaster	neg 1.0		off 0.5077053732180867 neg 0.4496065577438516 __DUMMY__ 0.04268806903806175	false	0.5
tod	neg 1.0		off 0.5166347526768693 neg 0.44047498045188493 __DUMMY__ 0.04289026687124558	false	0.5
herzlos	neg 1.0		off 0.5223623172366195 neg 0.4357918099176501 __DUMMY__ 0.041845872845730346	false	0.5
unwissenheit	neg 1.0		off 0.5118384666540065 neg 0.44577713066999913 __DUMMY__ 0.04238440267599438	false	0.5
widersinnig	neg 1.0		off 0.5094895912781262 neg 0.44835780869534075 __DUMMY__ 0.042152600026533024	false	0.5
bedenklich	neg 1.0		off 0.5103871623816825 neg 0.4472394632732222 __DUMMY__ 0.04237337434509535	false	0.5
beanstanden	neg 1.0		off 0.508354048245386 neg 0.44909270413659463 __DUMMY__ 0.042553247618019555	false	0.5
panisch	neg 1.0	neg 1.0	neg 0.7031737490060423 off 0.2765142220395023 __DUMMY__ 0.020312028954455393	false	1.0
debil	off 1.0		off 0.507067307807183 neg 0.4497819401712619 __DUMMY__ 0.04315075202155502	false	1.0
abstrich	neg 1.0		off 0.5199272117312262 neg 0.4371594402479209 __DUMMY__ 0.04291334802085279	false	0.5
primitiv	neg 1.0		off 0.5197208773825501 neg 0.4384482224976104 __DUMMY__ 0.04183090011983934	false	0.5
abschaum	off 1.0	off 1.0	off 0.7463252677809081 neg 0.23361003159438753 __DUMMY__ 0.02006470062470428	false	1.0
provozieren	neg 1.0		off 0.5140984650967778 neg 0.4437675515921465 __DUMMY__ 0.042133983311075714	false	0.5
tot	neg 1.0		off 0.5125764223557442 neg 0.44496523130436677 __DUMMY__ 0.04245834633988909	false	0.5
instabil	neg 1.0		off 0.5213935013513455 neg 0.4367917226923294 __DUMMY__ 0.041814775956325	false	0.5
schwuchtel	off 1.0	off 1.0	off 0.7520839931096462 neg 0.22829357941867887 __DUMMY__ 0.019622427471674867	false	1.0
zerren	neg 1.0		off 0.5137537914142337 neg 0.44373624464904327 __DUMMY__ 0.042509963936723	false	0.5
kinderficker	off 1.0		off 0.5251203757420797 neg 0.43313663559334725 __DUMMY__ 0.041742988664572954	false	1.0
gefahr	neg 1.0		off 0.5098866950934514 neg 0.44739821124432894 __DUMMY__ 0.04271509366221977	false	0.5
rabiat	neg 1.0		off 0.5153198900384854 neg 0.4423147331430978 __DUMMY__ 0.0423653768184167	false	0.5
verlangsamung	neg 1.0		off 0.5245593468098374 neg 0.4339815042766918 __DUMMY__ 0.04145914891347086	false	0.5
ausgestorben	neg 1.0		off 0.5155980670557929 neg 0.44196374657843485 __DUMMY__ 0.04243818636577231	false	0.5
anklagen	neg 1.0		off 0.5120786308656623 neg 0.4454400372213563 __DUMMY__ 0.04248133191298154	false	0.5
trott	neg 1.0		off 0.5151758005417713 neg 0.44239287199811894 __DUMMY__ 0.04243132746010983	false	0.5
verminderung	neg 1.0		off 0.5214615600350729 neg 0.43653535660730086 __DUMMY__ 0.04200308335762624	false	0.5
nach			off 0.5087216041094855 neg 0.44818388700986567 __DUMMY__ 0.04309450888064875	false	0.0
rost	neg 1.0		off 0.5251492435000715 neg 0.43317300613789783 __DUMMY__ 0.04167775036203063	false	0.5
destruktiv	neg 1.0		off 0.5132295979895595 neg 0.4445517504908916 __DUMMY__ 0.04221865151954881	false	0.5
unzumutbarkeit	neg 1.0		off 0.5211391360286628 neg 0.4367061031627806 __DUMMY__ 0.0421547608085567	false	0.5
labil	off 1.0	off 1.0	off 0.7462634374406127 neg 0.23361965470547347 __DUMMY__ 0.02011690785391378	false	1.0
ziemlich	neg 1.0		off 0.5211604137815229 neg 0.4367323962576298 __DUMMY__ 0.04210718996084742	false	0.5
lachnummer	off 1.0		off 0.5139971649708451 neg 0.4437968894008398 __DUMMY__ 0.04220594562831519	false	1.0
oder			off 0.5165173553851417 neg 0.4411034085324136 __DUMMY__ 0.04237923608244469	false	0.0
verfall	neg 1.0		off 0.5060469539164842 neg 0.45111325349712234 __DUMMY__ 0.04283979258639342	false	0.5
ausgrenzung	neg 1.0		off 0.5161229698959945 neg 0.44161830650808676 __DUMMY__ 0.04225872359591881	false	0.5
unordnung	neg 1.0		off 0.5253706189928234 neg 0.4324229861561859 __DUMMY__ 0.04220639485099079	false	0.5
fehlverhalten	neg 1.0		off 0.5083812352403146 neg 0.44919806771160203 __DUMMY__ 0.04242069704808331	false	0.5
eine			off 0.5106037685980214 neg 0.44668501542704453 __DUMMY__ 0.04271121597493406	false	0.0
nille	neg 1.0		off 0.5157828322824488 neg 0.44171479323645935 __DUMMY__ 0.04250237448109192	false	0.5
qual	neg 1.0		off 0.5149657426395673 neg 0.4425679213237745 __DUMMY__ 0.042466336036658385	false	0.5
verschwenden	neg 1.0		off 0.509688305685223 neg 0.44792671927580036 __DUMMY__ 0.04238497503897659	false	0.5
riesig	neg 1.0		off 0.5136159672830087 neg 0.44370190752874955 __DUMMY__ 0.04268212518824166	false	0.5
verurteilen	neg 1.0		off 0.5109784925755945 neg 0.4467060005785426 __DUMMY__ 0.042315506845862834	false	0.5
klischee	neg 1.0	neg 1.0	neg 0.7047025064846916 off 0.2752171983698598 __DUMMY__ 0.020080295145448703	false	1.0
diktatorisch	neg 1.0		off 0.5147602848612843 neg 0.4430500891102591 __DUMMY__ 0.04218962602845653	false	0.5
vorhersehbar	neg 1.0		off 0.5157897495928865 neg 0.4422339713767138 __DUMMY__ 0.041976279030399785	false	0.5
sowie			off 0.5243177174541163 neg 0.4339436454576412 __DUMMY__ 0.041738637088242665	false	0.0
stornieren	neg 1.0		off 0.5206243762594807 neg 0.43675405456625377 __DUMMY__ 0.04262156917426566	false	0.5
besteuerung	neg 1.0		off 0.512972028922346 neg 0.4449699500302957 __DUMMY__ 0.04205802104735842	false	0.5
ungeschminkt	neg 1.0		off 0.5189106404782973 neg 0.4393194646784535 __DUMMY__ 0.04176989484324927	false	0.5
kritisch	neg 1.0		off 0.5104795604292341 neg 0.44709810055519533 __DUMMY__ 0.04242233901557038	false	0.5
schlamperei	off 1.0		off 0.5104839579876291 neg 0.44691365780184644 __DUMMY__ 0.04260238421052435	false	1.0
sucht	neg 1.0	neg 1.0	neg 0.7019342386907792 off 0.2775219864105743 __DUMMY__ 0.020543774898646425	false	1.0
egoistisch	off 1.0		off 0.5235876742934079 neg 0.43484572861776427 __DUMMY__ 0.04156659708882795	false	1.0
ausbeuter	off 1.0		off 0.5078038949297345 neg 0.4498327040792633 __DUMMY__ 0.0423634009910021	false	1.0
arschgeburt	off 1.0		off 0.5292419807305938 neg 0.4296928653775253 __DUMMY__ 0.041065153891880944	false	1.0
schubs	neg 1.0		off 0.5131420859917735 neg 0.4444367206739719 __DUMMY__ 0.042421193334254724	false	0.5
unsolide	neg 1.0		off 0.514383628824538 neg 0.4435653556491685 __DUMMY__ 0.04205101552629337	false	0.5
beschwerde	neg 1.0		off 0.5098484226243505 neg 0.4477223759433996 __DUMMY__ 0.04242920143224999	false	0.5
stocken	neg 1.0		off 0.5110959740699493 neg 0.44629820525496233 __DUMMY__ 0.04260582067508841	false	0.5
isolieren	neg 1.0		off 0.5118972910118115 neg 0.4456287455662816 __DUMMY__ 0.04247396342190696	false	0.5
unheilbar	neg 1.0		off 0.516378294897147 neg 0.4411867265919355 __DUMMY__ 0.04243497851091746	false	0.5
pisser	off 1.0		off 0.5216215404121068 neg 0.4365544338893466 __DUMMY__ 0.04182402569854644	false	1.0
löschen	neg 1.0		off 0.5158232449337143 neg 0.44172888825684575 __DUMMY__ 0.04244786680943973	false	0.5
durchfallen	neg 1.0		off 0.5097349747330047 neg 0.4480096722913141 __DUMMY__ 0.04225535297568139	false	0.5
wichser	off 1.0	off 1.0	off 0.7514612882537872 neg 0.2287748223966719 __DUMMY__ 0.019763889349541014	false	1.0
terror	neg 1.0		off 0.5187780541816297 neg 0.438935873218815 __DUMMY__ 0.04228607259955537	false	0.5
krass	neg 1.0		off 0.5227473622953718 neg 0.4354806778172003 __DUMMY__ 0.04177195988742797	false	0.5
revolte	neg 1.0		off 0.5170621711160669 neg 0.44065967842622134 __DUMMY__ 0.04227815045771161	false	0.5
besorgt	neg 1.0		off 0.5166886679575121 neg 0.44054848401420993 __DUMMY__ 0.0427628480282779	false	0.5
nachlassen	neg 1.0		off 0.51302758735065 neg 0.44419048306126946 __DUMMY__ 0.0427819295880805	false	0.5
alt	neg 1.0		off 0.5129159822982525 neg 0.4446112507175411 __DUMMY__ 0.04247276698420635	false	0.5
hundesohn	off 1.0		off 0.5278087698728994 neg 0.4307661896977111 __DUMMY__ 0.041425040429389416	false	1.0
als			off 0.5125970270300995 neg 0.4449859124349615 __DUMMY__ 0.04241706053493911	false	0.0
abschreckung	neg 1.0		off 0.5088817649381584 neg 0.4484904729134232 __DUMMY__ 0.042627762148418256	false	0.5
unqualifiziert	neg 1.0		off 0.5162735528778882 neg 0.44181807765692377 __DUMMY__ 0.04190836946518798	false	0.5
abgewichst	off 1.0		off 0.5151623352625554 neg 0.4423044988123019 __DUMMY__ 0.04253316592514277	false	1.0
schwer	neg 1.0		off 0.5135509727765478 neg 0.4441582190906499 __DUMMY__ 0.04229080813280235	false	0.5
bedeutungslosigkeit	neg 1.0		off 0.5092538637257061 neg 0.4482211123075014 __DUMMY__ 0.04252502396679252	false	0.5
kapitulation	neg 1.0		off 0.511493843290429 neg 0.44594912315355056 __DUMMY__ 0.04255703355602054	false	0.5
unscharf	neg 1.0		off 0.5160654748809695 neg 0.4418695549321041 __DUMMY__ 0.042064970186926315	false	0.5
schwinden	neg 1.0		off 0.5106792448439961 neg 0.44663524708310265 __DUMMY__ 0.04268550807290122	false	0.5
versklavung	neg 1.0		off 0.5165820382343218 neg 0.44101009186547807 __DUMMY__ 0.04240786990019993	false	0.5
schlecht	neg 1.0		off 0.5213103426190656 neg 0.43658578102325474 __DUMMY__ 0.04210387635767969	false	0.5
verhasst	neg 1.0		off 0.5138601271237054 neg 0.4441070665547069 __DUMMY__ 0.042032806321587624	false	0.5
beschweren	neg 1.0		off 0.5165075426191041 neg 0.4412759405431734 __DUMMY__ 0.04221651683772252	false	0.5
scheiden	neg 1.0		off 0.5165346259508741 neg 0.4409691171575095 __DUMMY__ 0.04249625689161646	false	0.5
frustriert	neg 1.0		off 0.5126185307239352 neg 0.44505740495884827 __DUMMY__ 0.042324064317216595	false	0.5
schimmelig	neg 1.0		off 0.5106899053311167 neg 0.44702427211878526 __DUMMY__ 0.0422858225500979	false	0.5
fisch	neg 1.0		off 0.5084998782700755 neg 0.4490270430190076 __DUMMY__ 0.0424730787109169	false	0.5
schmuggel	neg 1.0		off 0.5109931828122692 neg 0.44639389213058395 __DUMMY__ 0.04261292505714677	false	0.5
auffallen	neg 1.0		off 0.5173270398662649 neg 0.4404904825214933 __DUMMY__ 0.04218247761224184	false	0.5
konkurrenz	neg 1.0		off 0.5085073626642382 neg 0.4488506555370108 __DUMMY__ 0.04264198179875089	false	0.5
teufelskreis	neg 1.0		off 0.5135212198118817 neg 0.44420961982003043 __DUMMY__ 0.042269160368087734	false	0.5
aufschreien	neg 1.0		off 0.5165215708040494 neg 0.4413889699801026 __DUMMY__ 0.04208945921584812	false	0.5
schuldner	neg 1.0		off 0.5079902166521824 neg 0.44954541381536595 __DUMMY__ 0.04246436953245161	false	0.5
missgeburt	off 1.0	off 1.0	off 0.7491378900597158 neg 0.23102824840306715 __DUMMY__ 0.019833861537217102	false	1.0
arbeitslos	neg 1.0		off 0.509952673843552 neg 0.44781339399925685 __DUMMY__ 0.0422339321571912	false	0.5
befallen	neg 1.0		off 0.515588187422567 neg 0.441812820827912 __DUMMY__ 0.04259899174952101	false	0.5
miesepetrig	off 1.0	off 1.0	off 0.7468176062227033 neg 0.23308848411075242 __DUMMY__ 0.020093909666544264	false	1.0
alarmieren	neg 1.0		off 0.5182392731034935 neg 0.439713261768587 __DUMMY__ 0.04204746512791961	false	0.5
ungeduscht	off 1.0		off 0.5180010050965801 neg 0.4400018948901049 __DUMMY__ 0.041997100013315	false	1.0
knappheit	neg 1.0		off 0.5095495160340673 neg 0.44819664884381916 __DUMMY__ 0.04225383512211367	false	0.5
schlange	neg 1.0		off 0.5191555990822176 neg 0.4383133159042742 __DUMMY__ 0.04253108501350819	false	0.5
harsch	neg 1.0		off 0.5267371976598088 neg 0.431224793312306 __DUMMY__ 0.04203800902788524	false	0.5
lang	neg 1.0		off 0.5168235812758759 neg 0.44075087855105366 __DUMMY__ 0.04242554017307046	false	0.5
ziellos	neg 1.0		off 0.5129599435707053 neg 0.4444238480477037 __DUMMY__ 0.04261620838159102	false	0.5
selbstverliebt	neg 1.0		off 0.5277065535338681 neg 0.43106756667383933 __DUMMY__ 0.041225879792292676	false	0.5
beseitigen	neg 1.0		off 0.5147284875878307 neg 0.4427425650969783 __DUMMY__ 0.042528947315190864	false	0.5
dumm	off 1.0		off 0.5250094954811405 neg 0.4333855289590028 __DUMMY__ 0.04160497555985669	false	1.0
arbeitsloser	neg 1.0		off 0.511625933828991 neg 0.44596627706286357 __DUMMY__ 0.042407789108145355	false	0.5
blitzen	neg 1.0		off 0.5188121192712428 neg 0.43891510590310207 __DUMMY__ 0.04227277482565515	false	0.5
hilflos	neg 1.0		off 0.5125346426185172 neg 0.44509354783773536 __DUMMY__ 0.04237180954374736	false	0.5
eklig	off 1.0		off 0.5245680568146156 neg 0.4339695849753374 __DUMMY__ 0.041462358210047165	false	1.0
begriff			off 0.5135779565593301 neg 0.4441024232445218 __DUMMY__ 0.042319620196148044	false	0.0
hungersnot	neg 1.0		off 0.5140751721775948 neg 0.4433136580296201 __DUMMY__ 0.0426111697927851	false	0.5
ungesetzlich	neg 1.0		off 0.5123303151604411 neg 0.44566498026624196 __DUMMY__ 0.04200470457331681	false	0.5
verschwendung	neg 1.0		off 0.5105340414910938 neg 0.44692874728347914 __DUMMY__ 0.04253721122542708	false	0.5
schmerzvoll	neg 1.0		off 0.5169120838374065 neg 0.44079991166776206 __DUMMY__ 0.04228800449483134	false	0.5
vorzeitig	neg 1.0		off 0.5188017373215295 neg 0.4388912940977784 __DUMMY__ 0.042306968580692134	false	0.5
unvollkommenheit	neg 1.0		off 0.5152911025597585 neg 0.4419379877333204 __DUMMY__ 0.04277090970692116	false	0.5
intervenieren	neg 1.0		off 0.5090401359061809 neg 0.44853452883258743 __DUMMY__ 0.04242533526123161	false	0.5
banause	off 1.0		off 0.5257179146304254 neg 0.4330640880998143 __DUMMY__ 0.04121799726976025	false	1.0
rebell	neg 1.0		off 0.5072750114778584 neg 0.4500174387518511 __DUMMY__ 0.042707549770290565	false	0.5
unlogisch	neg 1.0		off 0.5207600939714639 neg 0.43752275572490984 __DUMMY__ 0.04171715030362617	false	0.5
leiden	neg 1.0		off 0.5110291727698801 neg 0.4462605997119697 __DUMMY__ 0.04271022751815021	false	0.5
abschaffung	neg 1.0		off 0.5143906907041045 neg 0.4433470864248748 __DUMMY__ 0.042262222871020674	false	0.5
sturz	neg 1.0		off 0.5167156861840156 neg 0.4407749161495809 __DUMMY__ 0.04250939766640342	false	0.5
verkleinerung	neg 1.0		off 0.514413137414969 neg 0.4437040514568047 __DUMMY__ 0.04188281112822618	false	0.5
schmarotzer	off 1.0		off 0.5098993552639999 neg 0.44797833482850713 __DUMMY__ 0.042122309907493063	false	1.0
bestrafung	neg 1.0		off 0.516536382708047 neg 0.4411116792306345 __DUMMY__ 0.04235193806131841	false	0.5
achtlos	neg 1.0	neg 1.0	neg 0.7056442719807915 off 0.2740482643233461 __DUMMY__ 0.02030746369586234	false	1.0
ungeheuer	neg 1.0		off 0.518439228628753 neg 0.43923513131584796 __DUMMY__ 0.042325640055399016	false	0.5
unaufrichtig	neg 1.0		off 0.5193732278916958 neg 0.4382777459336358 __DUMMY__ 0.04234902617466838	false	0.5
groggy	neg 1.0		off 0.518711248191926 neg 0.43900224567925666 __DUMMY__ 0.042286506128817423	false	0.5
verletzlich	neg 1.0		off 0.5194578965557883 neg 0.43867788870140745 __DUMMY__ 0.041864214742804294	false	0.5
