unsolidarisch	neg 1.0		__DUMMY__ 0.4717152911015073 off 0.281830524346301 neg 0.2464541845521917	false	0.5
nachteilig	neg 1.0		__DUMMY__ 0.47581310726840925 off 0.27800890388563076 neg 0.24617798884595984	false	0.5
skeptisch	neg 1.0		__DUMMY__ 0.4760726820424185 off 0.2773744730404577 neg 0.24655284491712387	false	0.5
schrecklich	neg 1.0		__DUMMY__ 0.4691437006549847 off 0.2935513652142233 neg 0.2373049341307921	false	0.5
schlapp	neg 1.0		__DUMMY__ 0.471657720470522 off 0.2893332023592242 neg 0.23900907717025383	false	0.5
abfall	neg 1.0		__DUMMY__ 0.47968286454022924 off 0.27432670361978706 neg 0.24599043183998381	false	0.5
widerspenstig	neg 1.0		__DUMMY__ 0.47455245881710206 off 0.2836362759609891 neg 0.24181126522190877	false	0.5
abrupt	neg 1.0		__DUMMY__ 0.47850673971574076 off 0.2794922710584486 neg 0.24200098922581054	false	0.5
unwirksam	neg 1.0		__DUMMY__ 0.4707299377880114 off 0.2813831567397545 neg 0.24788690547223421	false	0.5
angreifen	neg 1.0		__DUMMY__ 0.4763059350317351 off 0.2774564283216149 neg 0.24623763664665013	false	0.5
inkonsistent	neg 1.0		__DUMMY__ 0.4732839702664644 off 0.28413570744983907 neg 0.24258032228369644	false	0.5
abrutschen	neg 1.0		__DUMMY__ 0.47768574419847304 off 0.27405902614255356 neg 0.24825522965897331	false	0.5
unsicher	neg 1.0		__DUMMY__ 0.47500612745500337 off 0.2833244895254148 neg 0.24166938301958188	false	0.5
bauernkind	off 1.0	off 1.0	off 0.6360266222885061 __DUMMY__ 0.22523724590383168 neg 0.13873613180766214	false	1.0
angreifer	neg 1.0	neg 1.0	neg 0.6055280570266437 __DUMMY__ 0.23205743087189837 off 0.162414512101458	false	1.0
trennen	neg 1.0		__DUMMY__ 0.47876976168588037 off 0.27810734046892166 neg 0.24312289784519803	false	0.5
schmutz	neg 1.0		__DUMMY__ 0.4782288300979894 off 0.2870716045749769 neg 0.23469956532703373	false	0.5
inkonsistenz	neg 1.0		__DUMMY__ 0.4674710643888415 off 0.2874335907698657 neg 0.24509534484129292	false	0.5
erschreckend	neg 1.0		__DUMMY__ 0.47356359066262277 off 0.2818442321326728 neg 0.24459217720470425	false	0.5
ertrinken	neg 1.0		__DUMMY__ 0.477724672329519 off 0.2787187914437281 neg 0.2435565362267529	false	0.5
pickelface	off 1.0		__DUMMY__ 0.4756700002582635 off 0.2825582710792645 neg 0.24177172866247185	false	1.0
seiner			__DUMMY__ 0.4766449703464461 off 0.2780600575786683 neg 0.24529497207488563	false	0.0
lauch	neg 1.0		__DUMMY__ 0.47943104457014357 off 0.27551903462250443 neg 0.24504992080735194	false	0.5
unwichtig	neg 1.0		__DUMMY__ 0.4702745235702334 off 0.2881331385792577 neg 0.24159233785050896	false	0.5
steuerhinterziehung	neg 1.0	neg 1.0	neg 0.60963824037575 __DUMMY__ 0.23146072507576504 off 0.1589010345484851	false	1.0
schock	neg 1.0		__DUMMY__ 0.4758217821549816 off 0.28266472888833427 neg 0.24151348895668406	false	0.5
beule	neg 1.0		__DUMMY__ 0.47092049995224455 off 0.29039365136832584 neg 0.23868584867942952	false	0.5
vergelten	neg 1.0		__DUMMY__ 0.47180484008237655 off 0.2930428906333755 neg 0.23515226928424782	false	0.5
verdorbenheit	neg 1.0		__DUMMY__ 0.4763450168693493 off 0.2848539378865163 neg 0.23880104524413437	false	0.5
trauma	neg 1.0		__DUMMY__ 0.4743123327692649 off 0.2844919691115376 neg 0.2411956981191977	false	0.5
sinnlos	neg 1.0		__DUMMY__ 0.4733902050995967 off 0.28582262191920144 neg 0.24078717298120186	false	0.5
fettsack	off 1.0	off 1.0	off 0.6372137576148349 __DUMMY__ 0.22608663102582888 neg 0.1366996113593363	false	1.0
feige	off 1.0	off 1.0	off 0.633774677069119 __DUMMY__ 0.22841182351871908 neg 0.1378134994121619	false	1.0
abdanken	neg 1.0		__DUMMY__ 0.474885041981705 off 0.28252537923813303 neg 0.24258957878016196	false	0.5
wichtigtuer	off 1.0	off 1.0	off 0.6322866509678124 __DUMMY__ 0.22947698311324383 neg 0.13823636591894367	false	1.0
misslingen	neg 1.0		__DUMMY__ 0.4777853285581375 off 0.28520570888524477 neg 0.23700896255661769	false	0.5
untreu	off 1.0		__DUMMY__ 0.47097004062434167 off 0.28914851122290774 neg 0.23988144815275048	false	1.0
missmutig	neg 1.0		__DUMMY__ 0.47248455164330316 off 0.28885314883692365 neg 0.23866229951977339	false	0.5
hurenbock	off 1.0		__DUMMY__ 0.47576400033598826 off 0.2864832875426384 neg 0.23775271212137314	false	1.0
betrunken	neg 1.0		__DUMMY__ 0.47097556392694906 off 0.29135481065252355 neg 0.23766962542052747	false	0.5
korrupt	off 1.0		__DUMMY__ 0.4727523532312682 off 0.2792740193239863 neg 0.24797362744474552	false	1.0
unmut	neg 1.0		__DUMMY__ 0.47826426907663055 off 0.2744372065766674 neg 0.24729852434670196	false	0.5
hackfresse	off 1.0		__DUMMY__ 0.4661834091166037 off 0.2971308291998987 neg 0.23668576168349764	false	1.0
aufblasen	neg 1.0		__DUMMY__ 0.47445700804065316 off 0.2857751383302828 neg 0.239767853629064	false	0.5
gewaltsam	neg 1.0		__DUMMY__ 0.47622434045596773 off 0.28204730124326816 neg 0.24172835830076408	false	0.5
unbeliebtheit	neg 1.0		__DUMMY__ 0.4694202148484397 off 0.2865297881298397 neg 0.24404999702172062	false	0.5
sturheit	neg 1.0		__DUMMY__ 0.4742214102549818 off 0.2813645208804282 neg 0.2444140688645901	false	0.5
kuh	neg 1.0		__DUMMY__ 0.46901332085130953 off 0.2843192118193296 neg 0.2466674673293608	false	0.5
erschrecken	neg 1.0		__DUMMY__ 0.4733239838443387 off 0.288795987672133 neg 0.23788002848352838	false	0.5
opfer	neg 1.0		__DUMMY__ 0.47624829066621827 off 0.2793666942045326 neg 0.2443850151292492	false	0.5
sinken	neg 1.0		__DUMMY__ 0.4786850772438809 off 0.2754474675646876 neg 0.24586745519143152	false	0.5
stinktier	neg 1.0		__DUMMY__ 0.4643151419493752 off 0.29254922828429125 neg 0.24313562976633363	false	0.5
tucke	off 1.0		__DUMMY__ 0.4653344590590799 off 0.2984121460238399 neg 0.23625339491708022	false	1.0
ein			__DUMMY__ 0.4738375669181114 off 0.2844178834867073 neg 0.24174454959518119	false	0.0
abstieg	neg 1.0		__DUMMY__ 0.4767182665906408 off 0.27809913600081987 neg 0.24518259740853926	false	0.5
missverstehen	neg 1.0		__DUMMY__ 0.47055226365606095 off 0.2856833288829083 neg 0.24376440746103054	false	0.5
ergebnislos	neg 1.0		__DUMMY__ 0.4768878624561674 off 0.2777462395731656 neg 0.24536589797066707	false	0.5
unter			__DUMMY__ 0.48280343564782463 off 0.26995252603146475 neg 0.24724403832071054	false	0.0
manipulieren	neg 1.0		__DUMMY__ 0.47746906166616276 off 0.2774945367463349 neg 0.24503640158750245	false	0.5
unbewiesen	neg 1.0		__DUMMY__ 0.47105924092261914 off 0.2815173148302727 neg 0.2474234442471082	false	0.5
verschleppen	neg 1.0		__DUMMY__ 0.4752069222571978 off 0.279312507579801 neg 0.24548057016300126	false	0.5
weib	off 1.0		__DUMMY__ 0.46353523372530253 off 0.29700403935933994 neg 0.2394607269153576	false	1.0
opposition	neg 1.0		__DUMMY__ 0.47218483857632715 off 0.2843690123209571 neg 0.2434461491027157	false	0.5
verkehrswidrig	neg 1.0		__DUMMY__ 0.4724116422909437 off 0.2947265032607316 neg 0.23286185444832483	false	0.5
inkorrekt	neg 1.0		__DUMMY__ 0.46762856555392274 off 0.29195544633228515 neg 0.24041598811379214	false	0.5
vermeiden	neg 1.0		__DUMMY__ 0.4795555548857397 off 0.2728357387217909 neg 0.24760870639246943	false	0.5
abweichung	neg 1.0		__DUMMY__ 0.47506898328059377 off 0.2786436761318291 neg 0.24628734058757698	false	0.5
alkoholisiert	neg 1.0		__DUMMY__ 0.47729135336732703 off 0.27843042355761705 neg 0.24427822307505603	false	0.5
scheiss	off 1.0	off 1.0	off 0.6344328100612767 __DUMMY__ 0.22903770690797484 neg 0.1365294830307484	false	1.0
herausforderung	neg 1.0		__DUMMY__ 0.47721675611933134 off 0.2778063499127103 neg 0.24497689396795852	false	0.5
pervers	off 1.0		__DUMMY__ 0.46394160468854806 off 0.30077892885590957 neg 0.23527946645554237	false	1.0
wackelig	neg 1.0		__DUMMY__ 0.47771160486012415 off 0.2819484658901079 neg 0.24033992924976785	false	0.5
verwickeln	neg 1.0		__DUMMY__ 0.47092720996006726 off 0.285113075387458 neg 0.2439597146524749	false	0.5
vorwand	neg 1.0		__DUMMY__ 0.4765322943105519 off 0.27692382238378854 neg 0.24654388330565954	false	0.5
muschi	off 1.0		__DUMMY__ 0.4753777559854978 off 0.28260184761158075 neg 0.24202039640292144	false	1.0
entmutigung	neg 1.0		__DUMMY__ 0.4731014473539112 off 0.28425466539714694 neg 0.24264388724894204	false	0.5
unangemessen	neg 1.0		__DUMMY__ 0.4726532841375953 off 0.280324804477975 neg 0.24702191138442972	false	0.5
unstetig	neg 1.0		__DUMMY__ 0.4728485882002022 off 0.2861275660411195 neg 0.24102384575867827	false	0.5
entmutigen	neg 1.0		__DUMMY__ 0.4738610648199151 off 0.284297637785125 neg 0.2418412973949599	false	0.5
schwanz	neg 1.0		__DUMMY__ 0.47670906145010616 off 0.2798652008166762 neg 0.24342573773321766	false	0.5
verbot	neg 1.0		__DUMMY__ 0.47491587615134084 off 0.27965772307373626 neg 0.24542640077492278	false	0.5
leid	neg 1.0		__DUMMY__ 0.46702328010101296 off 0.29483833287648514 neg 0.23813838702250198	false	0.5
archaisch	neg 1.0		__DUMMY__ 0.47463407177357736 off 0.28156524720253556 neg 0.24380068102388708	false	0.5
gegen			__DUMMY__ 0.4781132348163525 off 0.27527252520304946 neg 0.2466142399805982	false	0.0
scheidung	neg 1.0		__DUMMY__ 0.4660112409087064 off 0.3072272605311126 neg 0.22676149856018113	false	0.5
einschlag	neg 1.0		__DUMMY__ 0.46997987171722166 off 0.29222868915166084 neg 0.23779143913111758	false	0.5
m			__DUMMY__ 0.47639412626227795 off 0.2809482668966842 neg 0.24265760684103788	false	0.0
abgestanden	neg 1.0		__DUMMY__ 0.47317664481559374 off 0.283685634686996 neg 0.2431377204974102	false	0.5
schmierig	off 1.0		__DUMMY__ 0.469017295419875 off 0.2947424139678788 neg 0.23624029061224613	false	1.0
unpraktisch	neg 1.0		__DUMMY__ 0.4735282305895375 off 0.2849698673758026 neg 0.24150190203465977	false	0.5
wixxer	off 1.0		__DUMMY__ 0.4624853341567154 off 0.30040900405539844 neg 0.23710566178788603	false	1.0
bezeichnet			__DUMMY__ 0.47217344097013797 off 0.2824196883965847 neg 0.24540687063327724	false	0.0
jammerlappen	off 1.0		__DUMMY__ 0.4720471741298227 off 0.2889599351936645 neg 0.23899289067651286	false	1.0
farce	neg 1.0		__DUMMY__ 0.47394717917440277 off 0.28059184584433056 neg 0.24546097498126662	false	0.5
zwecklos	neg 1.0		__DUMMY__ 0.474026596437551 off 0.28049458003988337 neg 0.2454788235225656	false	0.5
turbulent	neg 1.0		__DUMMY__ 0.47044376501846286 off 0.29036822545550683 neg 0.2391880095260303	false	0.5
invasion	neg 1.0		__DUMMY__ 0.47268801020852874 off 0.2852177041207944 neg 0.24209428567067684	false	0.5
schuld	neg 1.0		__DUMMY__ 0.47250093860686676 off 0.2839728667757232 neg 0.2435261946174101	false	0.5
risiko	neg 1.0	neg 1.0	neg 0.6057446349277174 __DUMMY__ 0.23229442365963512 off 0.16196094141264758	false	1.0
finster	neg 1.0		__DUMMY__ 0.471846081324597 off 0.2839998073817855 neg 0.24415411129361758	false	0.5
geisteskrank	off 1.0		__DUMMY__ 0.4678576689247588 off 0.289605966631499 neg 0.2425363644437423	false	1.0
zusammenbrechen	neg 1.0		__DUMMY__ 0.4751079484204559 off 0.2810837547401343 neg 0.2438082968394098	false	0.5
ausbeute	neg 1.0		__DUMMY__ 0.4810935632354274 off 0.28139018556356604 neg 0.23751625120100656	false	0.5
hinterhalt	neg 1.0		__DUMMY__ 0.48054965761990054 off 0.2836853337767578 neg 0.23576500860334154	false	0.5
kritik	neg 1.0		__DUMMY__ 0.47384271558640695 off 0.28028872076667616 neg 0.2458685636469167	false	0.5
einschrumpfen	neg 1.0		__DUMMY__ 0.471060770058788 off 0.28729705988066084 neg 0.24164217006055116	false	0.5
riskant	neg 1.0		__DUMMY__ 0.4751628304339384 off 0.2777667499777794 neg 0.24707041958828208	false	0.5
frustrieren	neg 1.0		__DUMMY__ 0.4750699384199968 off 0.27890723538054873 neg 0.2460228261994546	false	0.5
groll	neg 1.0		__DUMMY__ 0.47413439481076947 off 0.2799143218674919 neg 0.24595128332173866	false	0.5
gibt			__DUMMY__ 0.4751516197676194 off 0.28117304425366363 neg 0.2436753359787169	false	0.0
qualvoll	neg 1.0		__DUMMY__ 0.4736546675236382 off 0.2872243352858517 neg 0.23912099719051016	false	0.5
wackeln	neg 1.0		__DUMMY__ 0.4760781891484087 off 0.28518148136106913 neg 0.23874032949052215	false	0.5
klagen	neg 1.0		__DUMMY__ 0.47726633847154093 off 0.2750203232841806 neg 0.24771333824427857	false	0.5
bankrott	neg 1.0		__DUMMY__ 0.4734628036407942 off 0.2887315017172708 neg 0.23780569464193493	false	0.5
trauern	neg 1.0		__DUMMY__ 0.47831615594075383 off 0.2796902759135706 neg 0.2419935681456756	false	0.5
ablehnung	neg 1.0		__DUMMY__ 0.4737279594637181 off 0.27984751585253076 neg 0.24642452468375106	false	0.5
stur	neg 1.0		__DUMMY__ 0.4722005547261491 off 0.28405137577676814 neg 0.24374806949708278	false	0.5
aufruhr	neg 1.0		__DUMMY__ 0.4750367346293722 off 0.28201826885105385 neg 0.24294499651957402	false	0.5
melancholie	neg 1.0		__DUMMY__ 0.47645268799908885 off 0.2800126105703534 neg 0.24353470143055778	false	0.5
ist			__DUMMY__ 0.4732267185605441 off 0.2854006746532207 neg 0.24137260678623512	false	0.0
torheit	neg 1.0		__DUMMY__ 0.4741393722540199 off 0.28360416072219624 neg 0.2422564670237838	false	0.5
dreckskind	off 1.0		__DUMMY__ 0.4652372966804666 off 0.2954174733871451 neg 0.2393452299323884	false	1.0
umtauschen	neg 1.0		__DUMMY__ 0.4744908962578835 off 0.28287062130811763 neg 0.24263848243399896	false	0.5
zum			__DUMMY__ 0.48255501634750486 off 0.27418754163071823 neg 0.24325744202177693	false	0.0
zersetzen	neg 1.0		__DUMMY__ 0.4757293471630027 off 0.2769725393420448 neg 0.2472981134949525	false	0.5
zur			__DUMMY__ 0.4810616800673681 off 0.2727004831484586 neg 0.2462378367841732	false	0.0
frust	neg 1.0		__DUMMY__ 0.47539673998361553 off 0.2811793909303516 neg 0.24342386908603283	false	0.5
unerbittlichkeit	neg 1.0		__DUMMY__ 0.47649655681749825 off 0.2772427737458414 neg 0.2462606694366604	false	0.5
zwei			__DUMMY__ 0.4812698000405605 off 0.27511190117702994 neg 0.24361829878240956	false	0.0
unkorrekt	neg 1.0		__DUMMY__ 0.46864640744256475 off 0.29185429234381827 neg 0.23949930021361684	false	0.5
hexe	off 1.0		__DUMMY__ 0.46940086074214965 off 0.2882886922337033 neg 0.24231044702414709	false	1.0
lasch	neg 1.0		__DUMMY__ 0.4701113179496098 off 0.2867785169238548 neg 0.24311016512653552	false	0.5
rivale	neg 1.0		__DUMMY__ 0.4703045805907709 off 0.29141811971985354 neg 0.23827729968937558	false	0.5
mutlos	off 1.0	off 1.0	off 0.6278564647959234 __DUMMY__ 0.2316054858927167 neg 0.14053804931135983	false	1.0
wirr	off 1.0		__DUMMY__ 0.4682402869106537 off 0.2928840923574735 neg 0.2388756207318728	false	1.0
jahr			__DUMMY__ 0.48148643491145315 off 0.27852092901040554 neg 0.23999263607814125	false	0.0
wird			__DUMMY__ 0.47532911572266556 off 0.27975732785128704 neg 0.24491355642604734	false	0.0
strafbar	neg 1.0		__DUMMY__ 0.47498934624604566 off 0.27827420141861264 neg 0.24673645233534164	false	0.5
erosion	neg 1.0		__DUMMY__ 0.4760409227729638 off 0.2840287906705362 neg 0.23993028655650006	false	0.5
eingehen	neg 1.0		__DUMMY__ 0.47477477821615505 off 0.27846179011690275 neg 0.24676343166694203	false	0.5
faul	off 1.0		__DUMMY__ 0.472942773408582 off 0.2884868606053952 neg 0.2385703659860228	false	1.0
provisorium	neg 1.0		__DUMMY__ 0.48295201808492644 off 0.2707435615412554 neg 0.2463044203738181	false	0.5
schmerzen	neg 1.0		__DUMMY__ 0.47399629851131947 off 0.28177665571904886 neg 0.2442270457696316	false	0.5
schrumpfen	neg 1.0		__DUMMY__ 0.478239855385051 off 0.2719844449726347 neg 0.24977569964231433	false	0.5
geistlos	off 1.0		__DUMMY__ 0.46998147204015855 off 0.2851588786261105 neg 0.24485964933373108	false	1.0
fehlkauf	neg 1.0		__DUMMY__ 0.4746414296808352 off 0.28595599647760744 neg 0.2394025738415572	false	0.5
frustrierend	neg 1.0		__DUMMY__ 0.4719024941530284 off 0.2875356421656909 neg 0.24056186368128088	false	0.5
unzufrieden	neg 1.0		__DUMMY__ 0.4737053374263925 off 0.2798869626487393 neg 0.24640769992486822	false	0.5
verzweifeln	neg 1.0		__DUMMY__ 0.4744276294835453 off 0.2819694793028047 neg 0.24360289121364995	false	0.5
verzweifelt	neg 1.0	neg 1.0	neg 0.6090646901728118 __DUMMY__ 0.22978042090364786 off 0.1611548889235403	false	1.0
misstrauensantrag	neg 1.0		__DUMMY__ 0.4728735032772126 off 0.2855226586695271 neg 0.24160383805326036	false	0.5
abfallen	neg 1.0		__DUMMY__ 0.47547087753859085 off 0.28496211520924447 neg 0.23956700725216476	false	0.5
fucker	off 1.0		__DUMMY__ 0.47112651994254096 off 0.2924860754270946 neg 0.23638740463036448	false	1.0
ungezogen	neg 1.0		__DUMMY__ 0.46481965164785205 off 0.29994991262852777 neg 0.23523043572362018	false	0.5
irrsinnig	neg 1.0	neg 1.0	neg 0.6086170922313561 __DUMMY__ 0.23010851320926298 off 0.16127439455938095	false	1.0
unfassbar	neg 1.0		__DUMMY__ 0.47119625569626555 off 0.290160210150064 neg 0.23864353415367043	false	0.5
hart	neg 1.0		__DUMMY__ 0.47140486684843713 off 0.28974425987731045 neg 0.23885087327425228	false	0.5
widerlich	off 1.0		__DUMMY__ 0.4690096425364913 off 0.29010255688711023 neg 0.24088780057639847	false	1.0
fatal	neg 1.0		__DUMMY__ 0.47354804279613794 off 0.28609689357190204 neg 0.24035506363196016	false	0.5
bruch	neg 1.0		__DUMMY__ 0.47751421920659176 off 0.2755820244010699 neg 0.24690375639233847	false	0.5
aushungern	neg 1.0		__DUMMY__ 0.4760344165925857 off 0.281353767510675 neg 0.2426118158967393	false	0.5
anspannung	neg 1.0		__DUMMY__ 0.4814791545896823 off 0.27381870414047066 neg 0.24470214126984702	false	0.5
von			__DUMMY__ 0.482868591242823 off 0.2791587364252384 neg 0.23797267233193856	false	0.0
kraftlos	neg 1.0		__DUMMY__ 0.4762071838467193 off 0.2808649290778378 neg 0.24292788707544283	false	0.5
vom			__DUMMY__ 0.4839666626676331 off 0.2718247836480904 neg 0.24420855368427652	false	0.0
grenzdebil	off 1.0		__DUMMY__ 0.4715375192369493 off 0.2908123464864057 neg 0.237650134276645	false	1.0
vor			__DUMMY__ 0.4789143472640768 off 0.2770577747697725 neg 0.24402787796615066	false	0.0
unterwerfen	neg 1.0		__DUMMY__ 0.4760294092058338 off 0.279210420694669 neg 0.2447601700994972	false	0.5
versenkung	neg 1.0		__DUMMY__ 0.4770348474628231 off 0.27970782947178147 neg 0.24325732306539546	false	0.5
entziehen	neg 1.0		__DUMMY__ 0.47711509831397364 off 0.2756234425669309 neg 0.24726145911909544	false	0.5
finanzkrise	neg 1.0		__DUMMY__ 0.4736490297153098 off 0.281460461821985 neg 0.24489050846270524	false	0.5
schimpfend	neg 1.0		__DUMMY__ 0.4733479401449579 off 0.2855650635786621 neg 0.24108699627637986	false	0.5
profan	neg 1.0		__DUMMY__ 0.4719161345337242 off 0.2859351312785523 neg 0.24214873418772342	false	0.5
korruption	neg 1.0		__DUMMY__ 0.47533744014677964 off 0.2795583203568539 neg 0.24510423949636656	false	0.5
â			__DUMMY__ 0.4775284193705105 off 0.28078213782967476 neg 0.24168944279981464	false	0.0
schmutzig	neg 1.0		__DUMMY__ 0.4719974795402227 off 0.2916090013600619 neg 0.23639351909971543	false	0.5
sexy	neg 1.0		__DUMMY__ 0.4733987855664414 off 0.28780698023440865 neg 0.23879423419914989	false	0.5
abraten	neg 1.0		__DUMMY__ 0.4730941406356378 off 0.28551014078875475 neg 0.24139571857560738	false	0.5
schwarz	neg 1.0		__DUMMY__ 0.47354875963002524 off 0.2851386405317802 neg 0.24131259983819445	false	0.5
fotze	off 1.0	off 1.0	off 0.6296625414450787 __DUMMY__ 0.23256102341086807 neg 0.1377764351440533	false	1.0
verwirren	neg 1.0		__DUMMY__ 0.4724231942474745 off 0.28676596943886495 neg 0.2408108363136606	false	0.5
zahnlos	off 1.0		__DUMMY__ 0.47390364908061555 off 0.2810439614067423 neg 0.24505238951264208	false	1.0
verheeren	neg 1.0		__DUMMY__ 0.4665314115321604 off 0.3023970802128917 neg 0.23107150825494796	false	0.5
hippie	neg 1.0		__DUMMY__ 0.4735289366108333 off 0.28739628615815377 neg 0.23907477723101303	false	0.5
rammen	neg 1.0		__DUMMY__ 0.4724498518311052 off 0.2845459292052471 neg 0.24300421896364768	false	0.5
unlauter	neg 1.0		__DUMMY__ 0.47103004836592266 off 0.28311408210130595 neg 0.24585586953277147	false	0.5
unheilvoll	neg 1.0		__DUMMY__ 0.47438971178287326 off 0.2858883153660348 neg 0.23972197285109206	false	0.5
niedrig	neg 1.0		__DUMMY__ 0.474913231682963 off 0.2772143726888722 neg 0.24787239562816474	false	0.5
explosion	neg 1.0		__DUMMY__ 0.47320134488568877 off 0.2866042673804884 neg 0.24019438773382285	false	0.5
weichei	off 1.0	off 1.0	off 0.637813945671663 __DUMMY__ 0.22701910613428303 neg 0.13516694819405395	false	1.0
minusmensch	off 1.0		__DUMMY__ 0.464184325471976 off 0.298010972587125 neg 0.23780470194089906	false	1.0
farblos	neg 1.0		__DUMMY__ 0.4758320756826917 off 0.2834660009986946 neg 0.24070192331861368	false	0.5
unwissend	neg 1.0	neg 1.0	neg 0.6073677048564691 __DUMMY__ 0.22886672927986787 off 0.16376556586366317	false	1.0
traurig	neg 1.0		__DUMMY__ 0.46991578820817315 off 0.2928790066250677 neg 0.2372052051667592	false	0.5
senkung	neg 1.0		__DUMMY__ 0.47063140939095055 off 0.28530999746388164 neg 0.24405859314516784	false	0.5
ungleich	neg 1.0	neg 1.0	neg 0.6108947279963762 __DUMMY__ 0.23168055228775583 off 0.15742471971586797	false	1.0
heikel	neg 1.0		__DUMMY__ 0.4748552559170746 off 0.27757321359580966 neg 0.24757153048711558	false	0.5
drosselung	neg 1.0		__DUMMY__ 0.47101778037210046 off 0.290404385180756 neg 0.23857783444714362	false	0.5
falsch	neg 1.0		__DUMMY__ 0.4710508216102726 off 0.2874622263981608 neg 0.24148695199156653	false	0.5
unzufriedenheit	neg 1.0		__DUMMY__ 0.47684863555047174 off 0.2764876796421363 neg 0.24666368480739198	false	0.5
kurz	neg 1.0		__DUMMY__ 0.4767619588084241 off 0.28226453867093654 neg 0.2409735025206395	false	0.5
unsinnig	neg 1.0		__DUMMY__ 0.4730440863521295 off 0.2809479196794983 neg 0.2460079939683721	false	0.5
penner	off 1.0	off 1.0	off 0.6388992994003421 __DUMMY__ 0.22688012372634406 neg 0.13422057687331396	false	1.0
seicht	neg 1.0		__DUMMY__ 0.46383177966770894 off 0.2988065828769112 neg 0.23736163745538	false	0.5
dummheit	off 1.0	off 1.0	off 0.6325263722175093 __DUMMY__ 0.22944820201325972 neg 0.13802542576923107	false	1.0
unerfreulich	neg 1.0		__DUMMY__ 0.4764683167835105 off 0.27717135416234195 neg 0.24636032905414756	false	0.5
motherfucker	off 1.0	off 1.0	off 0.6356393395160891 __DUMMY__ 0.22934636819737045 neg 0.1350142922865405	false	1.0
pikiert	neg 1.0		__DUMMY__ 0.4700905421549514 off 0.2895693954551204 neg 0.2403400623899283	false	0.5
wrack	neg 1.0		__DUMMY__ 0.47698258575881014 off 0.28139774490829617 neg 0.24161966933289367	false	0.5
gangster	neg 1.0		__DUMMY__ 0.4734466575846714 off 0.2874409349432434 neg 0.23911240747208523	false	0.5
krank	neg 1.0		__DUMMY__ 0.4714678524279078 off 0.2907402130659125 neg 0.23779193450617964	false	0.5
reich	neg 1.0		__DUMMY__ 0.47382044421321357 off 0.2902333214761182 neg 0.23594623431066805	false	0.5
gnadenlos	neg 1.0		__DUMMY__ 0.47312451836499003 off 0.28435848764219285 neg 0.24251699399281723	false	0.5
niedergeschlagen	neg 1.0		__DUMMY__ 0.4758400164857778 off 0.2820525073771593 neg 0.24210747613706285	false	0.5
terrorisieren	off 1.0	off 1.0	off 0.6284352621056589 __DUMMY__ 0.23250741213120227 neg 0.1390573257631389	false	1.0
sinnlosigkeit	neg 1.0		__DUMMY__ 0.47449131204111894 off 0.28064883151715203 neg 0.244859856441729	false	0.5
behindern	neg 1.0		__DUMMY__ 0.4752959442989243 off 0.2826958986904491 neg 0.2420081570106266	false	0.5
undemokratisch	neg 1.0		__DUMMY__ 0.4731862758739735 off 0.2840005697157951 neg 0.24281315441023132	false	0.5
wirtschaftskrise	neg 1.0		__DUMMY__ 0.47496182797628056 off 0.2791681446971299 neg 0.24587002732658939	false	0.5
neid	neg 1.0		__DUMMY__ 0.47298075259703654 off 0.2881018282198155 neg 0.238917419183148	false	0.5
rutschen	neg 1.0		__DUMMY__ 0.4820511333380661 off 0.27531946415064945 neg 0.24262940251128434	false	0.5
rezession	neg 1.0		__DUMMY__ 0.46555962608414 off 0.29142609706013545 neg 0.24301427685572471	false	0.5
fehlgeburt	neg 1.0		__DUMMY__ 0.4746867781304543 off 0.2858539242766339 neg 0.23945929759291187	false	0.5
charakterschwach	off 1.0		__DUMMY__ 0.46916378493110206 off 0.2898993186305173 neg 0.24093689643838065	false	1.0
isolation	neg 1.0		__DUMMY__ 0.47258920992130926 off 0.2874975163243376 neg 0.23991327375435317	false	0.5
ablenkung	neg 1.0		__DUMMY__ 0.47483112921399895 off 0.28359498414359413 neg 0.24157388664240698	false	0.5
pech	neg 1.0		__DUMMY__ 0.47110835769670745 off 0.2869474757370892 neg 0.24194416656620343	false	0.5
vermeidung	neg 1.0		__DUMMY__ 0.47188812422461335 off 0.29097382574311237 neg 0.2371380500322743	false	0.5
dominieren	neg 1.0		__DUMMY__ 0.4769976187077354 off 0.27931426243691354 neg 0.24368811885535102	false	0.5
schwindlig	neg 1.0		__DUMMY__ 0.47420754888679706 off 0.28630417209574743 neg 0.23948827901745556	false	0.5
lutscher	neg 1.0		__DUMMY__ 0.46428508091946047 off 0.29959587161390006 neg 0.2361190474666396	false	0.5
pflicht	neg 1.0		__DUMMY__ 0.475760873089849 off 0.27641129116507585 neg 0.247827835745075	false	0.5
faschist	off 1.0		__DUMMY__ 0.47241493829055403 off 0.28700376170144903 neg 0.24058130000799685	false	1.0
verschleudern	neg 1.0		__DUMMY__ 0.47494302752584916 off 0.2774148974222924 neg 0.24764207505185828	false	0.5
wenn			__DUMMY__ 0.47183192306663263 off 0.28802024632302275 neg 0.24014783061034453	false	0.0
ehebruch	neg 1.0		__DUMMY__ 0.4760541131813985 off 0.2798443534287829 neg 0.24410153338981863	false	0.5
spott	off 1.0		__DUMMY__ 0.475246494235899 off 0.27880158943158695 neg 0.24595191633251406	false	1.0
trostlosigkeit	neg 1.0		__DUMMY__ 0.47886091967288424 off 0.27713389014866985 neg 0.244005190178446	false	0.5
lutschen	neg 1.0		__DUMMY__ 0.4718031261474779 off 0.2873440928201752 neg 0.2408527810323469	false	0.5
undiszipliniert	neg 1.0		__DUMMY__ 0.46930559238361186 off 0.2919149679596853 neg 0.2387794396567029	false	0.5
kopfschmerz	neg 1.0		__DUMMY__ 0.47475347707847965 off 0.28078785475679874 neg 0.24445866816472162	false	0.5
unvorhergesehen	neg 1.0		__DUMMY__ 0.4791895750392772 off 0.2790241767714603 neg 0.24178624818926256	false	0.5
desinteressiert	neg 1.0		__DUMMY__ 0.46960618749632627 off 0.29139473056195814 neg 0.2389990819417157	false	0.5
armselig	off 1.0		__DUMMY__ 0.46757944799610557 off 0.29207372716962315 neg 0.24034682483427128	false	1.0
desaster	neg 1.0		__DUMMY__ 0.4777327928729772 off 0.2749219763845176 neg 0.2473452307425052	false	0.5
tod	neg 1.0		__DUMMY__ 0.4800233351323772 off 0.2819721555659312 neg 0.23800450930169145	false	0.5
herzlos	neg 1.0		__DUMMY__ 0.46899769718844975 off 0.29262241666738387 neg 0.23837988614416633	false	0.5
unwissenheit	neg 1.0		__DUMMY__ 0.4745717914107162 off 0.28025961635890106 neg 0.24516859223038273	false	0.5
widersinnig	neg 1.0		__DUMMY__ 0.4721729306893131 off 0.27927040250316093 neg 0.2485566668075261	false	0.5
bedenklich	neg 1.0		__DUMMY__ 0.474427723202046 off 0.2789662424469401 neg 0.2466060343510139	false	0.5
beanstanden	neg 1.0		__DUMMY__ 0.4763261197606338 off 0.2761861112518151 neg 0.24748776898755098	false	0.5
panisch	neg 1.0	neg 1.0	neg 0.6050967914826104 __DUMMY__ 0.2319500943873136 off 0.16295311413007588	false	1.0
debil	off 1.0		__DUMMY__ 0.4826221516513269 off 0.2718297809280322 neg 0.24554806742064098	false	1.0
abstrich	neg 1.0		__DUMMY__ 0.48037990831266064 off 0.28468553484676373 neg 0.23493455684057563	false	0.5
primitiv	neg 1.0		__DUMMY__ 0.46882048752384653 off 0.29028676750556 neg 0.24089274497059354	false	0.5
abschaum	off 1.0	off 1.0	off 0.6341738748351324 __DUMMY__ 0.22917111600405393 neg 0.13665500916081352	false	1.0
provozieren	neg 1.0		__DUMMY__ 0.47193547236221306 off 0.2835969423004137 neg 0.24446758533737312	false	0.5
tot	neg 1.0		__DUMMY__ 0.47552969359552977 off 0.28031560067614786 neg 0.2441547057283222	false	0.5
instabil	neg 1.0		__DUMMY__ 0.4687828280897042 off 0.29181651307703904 neg 0.2394006588332567	false	0.5
schwuchtel	off 1.0	off 1.0	off 0.6422059825956017 __DUMMY__ 0.22427763481231386 neg 0.13351638259208437	false	1.0
zerren	neg 1.0		__DUMMY__ 0.4758680915016926 off 0.28135322310009675 neg 0.24277868539821063	false	0.5
kinderficker	off 1.0		__DUMMY__ 0.4679710259144122 off 0.2957524205127802 neg 0.23627655357280758	false	1.0
gefahr	neg 1.0		__DUMMY__ 0.478048103008876 off 0.27678424317556466 neg 0.24516765381555916	false	0.5
rabiat	neg 1.0		__DUMMY__ 0.47438161110105675 off 0.2835365246761158 neg 0.24208186422282743	false	0.5
verlangsamung	neg 1.0		__DUMMY__ 0.4650419077685639 off 0.29661242789181486 neg 0.23834566433962118	false	0.5
ausgestorben	neg 1.0		__DUMMY__ 0.4751357038908893 off 0.28342116206985024 neg 0.24144313403926057	false	0.5
anklagen	neg 1.0		__DUMMY__ 0.47563554913563677 off 0.27996121861899415 neg 0.24440323224536908	false	0.5
trott	neg 1.0		__DUMMY__ 0.4750285378365113 off 0.2830266541163838 neg 0.24194480804710508	false	0.5
verminderung	neg 1.0		__DUMMY__ 0.4706767804444233 off 0.29090584997190294 neg 0.23841736958367377	false	0.5
nach			__DUMMY__ 0.4820024193607443 off 0.2736754527820269 neg 0.24432212785722887	false	0.0
rost	neg 1.0		__DUMMY__ 0.46736190537700667 off 0.2959751339326915 neg 0.23666296069030193	false	0.5
destruktiv	neg 1.0		__DUMMY__ 0.4728491801083412 off 0.282373757757223 neg 0.24477706213443567	false	0.5
unzumutbarkeit	neg 1.0		__DUMMY__ 0.472292597881341 off 0.28987983392933986 neg 0.23782756818931902	false	0.5
labil	off 1.0	off 1.0	off 0.6338182962826702 __DUMMY__ 0.22974428577068423 neg 0.1364374179466456	false	1.0
ziemlich	neg 1.0		__DUMMY__ 0.47172391625602117 off 0.29018533854547013 neg 0.23809074519850879	false	0.5
lachnummer	off 1.0		__DUMMY__ 0.4726862879713428 off 0.2831948881275763 neg 0.24411882390108078	false	1.0
oder			__DUMMY__ 0.474548700052179 off 0.28450209792517356 neg 0.2409492020226473	false	0.0
verfall	neg 1.0		__DUMMY__ 0.47931558235020155 off 0.2725780724254312 neg 0.2481063452243672	false	0.5
ausgrenzung	neg 1.0		__DUMMY__ 0.47330513590835877 off 0.28488233075041497 neg 0.2418125333412262	false	0.5
unordnung	neg 1.0		__DUMMY__ 0.4729059345844083 off 0.293503814221136 neg 0.2335902511944556	false	0.5
fehlverhalten	neg 1.0		__DUMMY__ 0.4749279384461455 off 0.276904117883871 neg 0.24816794366998363	false	0.5
eine			__DUMMY__ 0.47797385990800273 off 0.27740452371974356 neg 0.24462161637225371	false	0.0
nille	neg 1.0		__DUMMY__ 0.475803340656751 off 0.28329134555936214 neg 0.24090531378388685	false	0.5
qual	neg 1.0		__DUMMY__ 0.47539285806574305 off 0.28266603960370806 neg 0.24194110233054883	false	0.5
verschwenden	neg 1.0		__DUMMY__ 0.4745766342291106 off 0.27819456081074745 neg 0.24722880496014185	false	0.5
riesig	neg 1.0		__DUMMY__ 0.4777653303515769 off 0.28024377608033063 neg 0.24199089356809236	false	0.5
verurteilen	neg 1.0		__DUMMY__ 0.4738517972901883 off 0.2798311320064902 neg 0.24631707070332143	false	0.5
klischee	neg 1.0	neg 1.0	neg 0.607685847326042 __DUMMY__ 0.22934025493743912 off 0.16297389773651885	false	1.0
diktatorisch	neg 1.0		__DUMMY__ 0.4725888181989479 off 0.283979752469452 neg 0.24343142933159997	false	0.5
vorhersehbar	neg 1.0		__DUMMY__ 0.4703229898019876 off 0.28594483661585224 neg 0.2437321735821601	false	0.5
sowie			__DUMMY__ 0.46789741749710717 off 0.2949558015081409 neg 0.23714678099475198	false	0.0
stornieren	neg 1.0		__DUMMY__ 0.47718158666942045 off 0.2870464354124612 neg 0.23577197791811846	false	0.5
besteuerung	neg 1.0		__DUMMY__ 0.4712382404615307 off 0.2828031990197478 neg 0.2459585605187214	false	0.5
ungeschminkt	neg 1.0		__DUMMY__ 0.46825160004818656 off 0.28969090754863636 neg 0.2420574924031771	false	0.5
kritisch	neg 1.0		__DUMMY__ 0.47494948144198645 off 0.27882964175336916 neg 0.24622087680464436	false	0.5
schlamperei	off 1.0		__DUMMY__ 0.4768894011400657 off 0.27791195780871725 neg 0.2451986410512171	false	1.0
sucht	neg 1.0	neg 1.0	neg 0.6027409155702917 __DUMMY__ 0.23457785668164335 off 0.16268122774806493	false	1.0
egoistisch	off 1.0		__DUMMY__ 0.46610087463512256 off 0.2951644398913561 neg 0.2387346854735213	false	1.0
ausbeuter	off 1.0		__DUMMY__ 0.47434162030865923 off 0.27665309392445386 neg 0.24900528576688685	false	1.0
arschgeburt	off 1.0		__DUMMY__ 0.4608802477376534 off 0.3029818634957711 neg 0.23613788876657554	false	1.0
schubs	neg 1.0		__DUMMY__ 0.47506268681330754 off 0.28103211763264985 neg 0.24390519555404278	false	0.5
unsolide	neg 1.0		__DUMMY__ 0.4711892639491356 off 0.28426051396157637 neg 0.2445502220892879	false	0.5
beschwerde	neg 1.0		__DUMMY__ 0.4750873747072574 off 0.27816923919184866 neg 0.24674338610089394	false	0.5
stocken	neg 1.0		__DUMMY__ 0.4769242820240192 off 0.2784174299244852 neg 0.2446582880514957	false	0.5
isolieren	neg 1.0		__DUMMY__ 0.4755791375651213 off 0.2798247873536614 neg 0.24459607508121736	false	0.5
unheilbar	neg 1.0		__DUMMY__ 0.47514600221211883 off 0.2841812505748171 neg 0.24067274721306411	false	0.5
pisser	off 1.0		__DUMMY__ 0.4688027947453883 off 0.29203934074209986 neg 0.23915786451251178	false	1.0
löschen	neg 1.0		__DUMMY__ 0.47521818131577526 off 0.28356264330045206 neg 0.24121917538377266	false	0.5
durchfallen	neg 1.0		__DUMMY__ 0.4732186884463631 off 0.2789350041947594 neg 0.24784630735887747	false	0.5
wichser	off 1.0	off 1.0	off 0.6408092098400006 __DUMMY__ 0.2258555314627606 neg 0.13333525869723892	false	1.0
terror	neg 1.0		__DUMMY__ 0.47358179809530765 off 0.28703514624627685 neg 0.2393830556584156	false	0.5
krass	neg 1.0		__DUMMY__ 0.4682879029962137 off 0.29323949295426377 neg 0.2384726040495225	false	0.5
revolte	neg 1.0		__DUMMY__ 0.47351810827034585 off 0.2856109227976244 neg 0.24087096893202983	false	0.5
besorgt	neg 1.0		__DUMMY__ 0.47857398739776114 off 0.2827699793638495 neg 0.2386560332383893	false	0.5
nachlassen	neg 1.0		__DUMMY__ 0.47881383573845915 off 0.2792203272241316 neg 0.2419658370374092	false	0.5
alt	neg 1.0		__DUMMY__ 0.4756341715650373 off 0.28056370498612165 neg 0.24380212344884117	false	0.5
hundesohn	off 1.0		__DUMMY__ 0.46462420800820287 off 0.29987590464880753 neg 0.23549988734298954	false	1.0
als			__DUMMY__ 0.47492792821968155 off 0.280736731035377 neg 0.2443353407449415	false	0.0
abschreckung	neg 1.0		__DUMMY__ 0.47711104873416965 off 0.27632044383481924 neg 0.2465685074310112	false	0.5
unqualifiziert	neg 1.0		__DUMMY__ 0.4696298732000481 off 0.28676538629974235 neg 0.24360474050020953	false	0.5
abgewichst	off 1.0		__DUMMY__ 0.476127283355137 off 0.2825259670460101 neg 0.24134674959885286	false	1.0
schwer	neg 1.0		__DUMMY__ 0.4735816186714891 off 0.2822584616394585 neg 0.24415991968905243	false	0.5
bedeutungslosigkeit	neg 1.0		__DUMMY__ 0.4760132871072499 off 0.27718112569340525 neg 0.24680558719934492	false	0.5
kapitulation	neg 1.0		__DUMMY__ 0.47639515253911374 off 0.2790935104801027 neg 0.24451133698078345	false	0.5
unscharf	neg 1.0		__DUMMY__ 0.47137180683439706 off 0.28549735868720677 neg 0.24313083447839626	false	0.5
schwinden	neg 1.0		__DUMMY__ 0.4777548567597744 off 0.2776458292891713 neg 0.24459931395105428	false	0.5
versklavung	neg 1.0		__DUMMY__ 0.4748729075058815 off 0.284530504720505 neg 0.24059658777361348	false	0.5
schlecht	neg 1.0		__DUMMY__ 0.4716751707560693 off 0.290367255019094 neg 0.2379575742248367	false	0.5
verhasst	neg 1.0		__DUMMY__ 0.4708872232053726 off 0.2838842423631626 neg 0.24522853443146467	false	0.5
beschweren	neg 1.0		__DUMMY__ 0.47281955177045376 off 0.2853823926103369 neg 0.2417980556192094	false	0.5
scheiden	neg 1.0		__DUMMY__ 0.47590830491910846 off 0.2838206585998662 neg 0.2402710364810254	false	0.5
frustriert	neg 1.0		__DUMMY__ 0.4739152912732923 off 0.2812570113173799 neg 0.24482769740932786	false	0.5
schimmelig	neg 1.0		__DUMMY__ 0.4736753101967916 off 0.279397995564976 neg 0.24692669423823224	false	0.5
fisch	neg 1.0		__DUMMY__ 0.47569059695423555 off 0.2763848879654618 neg 0.24792451508030267	false	0.5
schmuggel	neg 1.0		__DUMMY__ 0.4770579740230568 off 0.2782450352858637 neg 0.24469699069107953	false	0.5
auffallen	neg 1.0		__DUMMY__ 0.4724758415917801 off 0.2862946281526757 neg 0.24122953025554425	false	0.5
konkurrenz	neg 1.0		__DUMMY__ 0.4772852549610342 off 0.2758683726066926 neg 0.24684637243227323	false	0.5
teufelskreis	neg 1.0		__DUMMY__ 0.4733480599229144 off 0.2823862148860787 neg 0.24426572519100706	false	0.5
aufschreien	neg 1.0		__DUMMY__ 0.4714943236509924 off 0.2860345461252516 neg 0.2424711302237558	false	0.5
schuldner	neg 1.0		__DUMMY__ 0.47544964920120636 off 0.2762693318570102 neg 0.2482810189417835	false	0.5
missgeburt	off 1.0	off 1.0	off 0.6381370291032323 __DUMMY__ 0.22663945976800867 neg 0.13522351112875897	false	1.0
arbeitslos	neg 1.0		__DUMMY__ 0.4729702071043542 off 0.27926944564188344 neg 0.2477603472537625	false	0.5
befallen	neg 1.0		__DUMMY__ 0.47692617274737303 off 0.2825745888062955 neg 0.2404992384463313	false	0.5
miesepetrig	off 1.0	off 1.0	off 0.6343997106840753 __DUMMY__ 0.22953309816146322 neg 0.13606719115446153	false	1.0
alarmieren	neg 1.0		__DUMMY__ 0.4711183174416761 off 0.28786468453983666 neg 0.24101699801848736	false	0.5
ungeduscht	off 1.0		__DUMMY__ 0.47063780174311154 off 0.28765814174664533 neg 0.24170405651024313	false	1.0
knappheit	neg 1.0		__DUMMY__ 0.47327762057163975 off 0.2787436280528015 neg 0.24797875137555878	false	0.5
schlange	neg 1.0		__DUMMY__ 0.4761501971548157 off 0.2861766857910775 neg 0.23767311705410657	false	0.5
harsch	neg 1.0		__DUMMY__ 0.471057113752918 off 0.2956465328938175 neg 0.23329635335326457	false	0.5
lang	neg 1.0		__DUMMY__ 0.4749755132208614 off 0.2846060999009544 neg 0.2404183868781842	false	0.5
ziellos	neg 1.0		__DUMMY__ 0.47699300110309323 off 0.28006448583798016 neg 0.24294251305892664	false	0.5
selbstverliebt	neg 1.0		__DUMMY__ 0.4625541600263374 off 0.3006987293312239 neg 0.2367471106424387	false	0.5
beseitigen	neg 1.0		__DUMMY__ 0.4761967015055075 off 0.28209173486554634 neg 0.24171156362894608	false	0.5
dumm	off 1.0		__DUMMY__ 0.4665085485929341 off 0.2962685229170253 neg 0.23722292849004048	false	1.0
arbeitsloser	neg 1.0		__DUMMY__ 0.4748255213598 off 0.27997556339572816 neg 0.2451989152444719	false	0.5
blitzen	neg 1.0		__DUMMY__ 0.47341252761975433 off 0.28722585803586065 neg 0.239361614344385	false	0.5
hilflos	neg 1.0		__DUMMY__ 0.47441980141476037 off 0.2809159303836364 neg 0.24466426820160325	false	0.5
eklig	off 1.0		__DUMMY__ 0.46503175612678427 off 0.29653400301010346 neg 0.23843424086311227	false	1.0
begriff			__DUMMY__ 0.4738996916527548 off 0.282183023472966 neg 0.24391728487427908	false	0.0
hungersnot	neg 1.0		__DUMMY__ 0.47701809864837824 off 0.2811335277554811 neg 0.24184837359614048	false	0.5
ungesetzlich	neg 1.0		__DUMMY__ 0.4706449623828658 off 0.28267902218023905 neg 0.24667601543689519	false	0.5
verschwendung	neg 1.0		__DUMMY__ 0.4761381499149612 off 0.2782621074965544 neg 0.24559974258848447	false	0.5
schmerzvoll	neg 1.0		__DUMMY__ 0.4735718220874518 off 0.28537242421524445 neg 0.2410557536973038	false	0.5
vorzeitig	neg 1.0		__DUMMY__ 0.4738745524644785 off 0.286967031860927 neg 0.23915841567459437	false	0.5
unvollkommenheit	neg 1.0		__DUMMY__ 0.4787363091612189 off 0.28136065654850534 neg 0.2399030342902757	false	0.5
intervenieren	neg 1.0		__DUMMY__ 0.47500255847804806 off 0.2774880595535313 neg 0.24750938196842062	false	0.5
banause	off 1.0		__DUMMY__ 0.4625003814085927 off 0.2988286548707266 neg 0.23867096372068078	false	1.0
rebell	neg 1.0		__DUMMY__ 0.47803567886109755 off 0.2742125620206587 neg 0.24775175911824374	false	0.5
unlogisch	neg 1.0		__DUMMY__ 0.4676595257117518 off 0.2917764151917026 neg 0.24056405909654546	false	0.5
leiden	neg 1.0		__DUMMY__ 0.47807083819793705 off 0.2776845354401614 neg 0.24424462636190147	false	0.5
abschaffung	neg 1.0		__DUMMY__ 0.4733518660083905 off 0.2831897379239349 neg 0.2434583960676745	false	0.5
sturz	neg 1.0		__DUMMY__ 0.47597393491247564 off 0.28403894108947425 neg 0.23998712399804992	false	0.5
verkleinerung	neg 1.0		__DUMMY__ 0.4694224513198268 off 0.28509100334065396 neg 0.24548654533951922	false	0.5
schmarotzer	off 1.0		__DUMMY__ 0.4718159562417144 off 0.2797990804387325 neg 0.24838496331955306	false	1.0
bestrafung	neg 1.0		__DUMMY__ 0.47425447808576876 off 0.28474570400260946 neg 0.24099981791162173	false	0.5
achtlos	neg 1.0	neg 1.0	neg 0.6075447133202836 __DUMMY__ 0.23187233597242837 off 0.16058295070728798	false	1.0
ungeheuer	neg 1.0		__DUMMY__ 0.47405396457714266 off 0.2865146198521222 neg 0.239431415570735	false	0.5
unaufrichtig	neg 1.0		__DUMMY__ 0.4742845523859318 off 0.2873852921273935 neg 0.23833015548667466	false	0.5
groggy	neg 1.0		__DUMMY__ 0.47352808460611595 off 0.28711984479648495 neg 0.2393520705973991	false	0.5
verletzlich	neg 1.0		__DUMMY__ 0.46921077618638546 off 0.28979818081646386 neg 0.2409910429971506	false	0.5
