unsolidarisch	neg 1.0		off 0.5307131950783314 neg 0.4620995308950414 __DUMMY__ 0.007187274026627196	false	0.5
nachteilig	neg 1.0		off 0.5289532695642363 neg 0.4637925979192881 __DUMMY__ 0.007254132516475759	false	0.5
skeptisch	neg 1.0		off 0.5284124781946488 neg 0.4643278533972321 __DUMMY__ 0.007259668408119056	false	0.5
schrecklich	neg 1.0		off 0.54211336082971 neg 0.45074223611935654 __DUMMY__ 0.007144403050933471	false	0.5
schlapp	neg 1.0		off 0.5390361729540869 neg 0.45377868431725843 __DUMMY__ 0.007185142728654571	false	0.5
abfall	neg 1.0		off 0.5271697982049349 neg 0.4655121239945951 __DUMMY__ 0.007318077800469897	false	0.5
widerspenstig	neg 1.0		off 0.5344527028240236 neg 0.4583144018939324 __DUMMY__ 0.007232895282044043	false	0.5
abrupt	neg 1.0		off 0.5321919788850487 neg 0.4605114285686888 __DUMMY__ 0.007296592546262418	false	0.5
unwirksam	neg 1.0		off 0.5298193816936705 neg 0.46301037426079206 __DUMMY__ 0.007170244045537462	false	0.5
angreifen	neg 1.0		off 0.5286240983262444 neg 0.46411225218474805 __DUMMY__ 0.007263649489007559	false	0.5
inkonsistent	neg 1.0		off 0.5342968090096568 neg 0.45849210068269114 __DUMMY__ 0.007211090307652	false	0.5
abrutschen	neg 1.0		off 0.5257654435448523 neg 0.46694840198806026 __DUMMY__ 0.007286154467087434	false	0.5
unsicher	neg 1.0		off 0.5342924563506087 neg 0.4584658836082442 __DUMMY__ 0.00724166004114704	false	0.5
bauernkind	off 1.0	off 1.0	off 0.7551548349608411 neg 0.24148611935722447 __DUMMY__ 0.0033590456819343963	false	1.0
angreifer	neg 1.0	neg 1.0	neg 0.7115396223133471 off 0.2849962067872168 __DUMMY__ 0.0034641708994360395	false	1.0
trennen	neg 1.0		off 0.530806340505645 neg 0.4618904510941198 __DUMMY__ 0.007303208400235125	false	0.5
schmutz	neg 1.0		off 0.5402244116358006 neg 0.4524846245233174 __DUMMY__ 0.007290963840882065	false	0.5
inkonsistenz	neg 1.0		off 0.5344463404612613 neg 0.45843671522518287 __DUMMY__ 0.007116944313555925	false	0.5
erschreckend	neg 1.0		off 0.5318415038385075 neg 0.4609399329255495 __DUMMY__ 0.0072185632359430115	false	0.5
ertrinken	neg 1.0		off 0.5308572121264269 neg 0.4618566931850711 __DUMMY__ 0.007286094688501974	false	0.5
pickelface	off 1.0		off 0.533844307637409 neg 0.4589037847652434 __DUMMY__ 0.007251907597347611	false	1.0
seiner			off 0.5295070588913754 neg 0.46322392458031414 __DUMMY__ 0.007269016528310478	false	0.0
lauch	neg 1.0		off 0.5283899201128482 neg 0.4642963494297306 __DUMMY__ 0.007313730457421054	false	0.5
unwichtig	neg 1.0		off 0.5368323549503611 neg 0.4560039288708973 __DUMMY__ 0.007163716178741617	false	0.5
steuerhinterziehung	neg 1.0	neg 1.0	neg 0.7154373110025474 off 0.2811075466025231 __DUMMY__ 0.0034551423949296385	false	1.0
schock	neg 1.0		off 0.5340797890916387 neg 0.4586656337470994 __DUMMY__ 0.007254577161262014	false	0.5
beule	neg 1.0		off 0.5397854166020755 neg 0.4530419934935695 __DUMMY__ 0.00717258990435506	false	0.5
vergelten	neg 1.0		off 0.5429884103721737 neg 0.4498253045345157 __DUMMY__ 0.007186285093310565	false	0.5
verdorbenheit	neg 1.0		off 0.5368351202722328 neg 0.45590258802158623 __DUMMY__ 0.007262291706180943	false	0.5
trauma	neg 1.0		off 0.5352025221651433 neg 0.4575666073556715 __DUMMY__ 0.007230870479185266	false	0.5
sinnlos	neg 1.0		off 0.5360867202993911 neg 0.45669813368803286 __DUMMY__ 0.007215146012576092	false	0.5
fettsack	off 1.0	off 1.0	off 0.7567782484315909 neg 0.23984948632998773 __DUMMY__ 0.0033722652384212885	false	1.0
feige	off 1.0	off 1.0	off 0.7544602414255799 neg 0.24213117067558007 __DUMMY__ 0.0034085878988400296	false	1.0
abdanken	neg 1.0		off 0.5332396312831138 neg 0.45952140146879544 __DUMMY__ 0.007238967248090879	false	0.5
wichtigtuer	off 1.0	off 1.0	off 0.7535100827820042 neg 0.24306489541023468 __DUMMY__ 0.003425021807761218	false	1.0
misslingen	neg 1.0		off 0.537942809627591 neg 0.45477260207724635 __DUMMY__ 0.007284588295162609	false	0.5
untreu	off 1.0		off 0.5383561001434691 neg 0.4544689763488017 __DUMMY__ 0.007174923507729245	false	1.0
missmutig	neg 1.0		off 0.5389055930814958 neg 0.4538953135470618 __DUMMY__ 0.007199093371442545	false	0.5
hurenbock	off 1.0		off 0.538237384952407 neg 0.45451134451029607 __DUMMY__ 0.007251270537296945	false	1.0
betrunken	neg 1.0		off 0.540818385362226 neg 0.4520075470809115 __DUMMY__ 0.007174067556862308	false	0.5
korrupt	off 1.0		off 0.5285332802548396 neg 0.4642621512131943 __DUMMY__ 0.007204568531966073	false	1.0
unmut	neg 1.0		off 0.5264460125275419 neg 0.4662584520676176 __DUMMY__ 0.00729553540484049	false	0.5
hackfresse	off 1.0		off 0.5443334007166728 neg 0.448571220014381 __DUMMY__ 0.007095379268946214	false	1.0
aufblasen	neg 1.0		off 0.5366957776145032 neg 0.456072364278342 __DUMMY__ 0.007231858107154836	false	0.5
gewaltsam	neg 1.0		off 0.5336027969477276 neg 0.4591369668751938 __DUMMY__ 0.007260236177078538	false	0.5
unbeliebtheit	neg 1.0		off 0.5345890680286792 neg 0.458263008025539 __DUMMY__ 0.00714792394578166	false	0.5
sturheit	neg 1.0		off 0.5316457635853008 neg 0.4611252900483357 __DUMMY__ 0.007228946366363573	false	0.5
kuh	neg 1.0		off 0.5321249198465284 neg 0.46073433257771906 __DUMMY__ 0.007140747575752653	false	0.5
erschrecken	neg 1.0		off 0.5393021143475187 neg 0.4534843381745674 __DUMMY__ 0.007213547477913755	false	0.5
opfer	neg 1.0		off 0.530664480045881 neg 0.46207331573144145 __DUMMY__ 0.007262204222677482	false	0.5
sinken	neg 1.0		off 0.5278221894892601 neg 0.46487693286846987 __DUMMY__ 0.007300877642270006	false	0.5
stinktier	neg 1.0		off 0.5383361199125436 neg 0.4545993273885617 __DUMMY__ 0.007064552698894764	false	0.5
tucke	off 1.0		off 0.545272901741169 neg 0.44764705446104547 __DUMMY__ 0.007080043797785574	false	1.0
ein			off 0.5349113069749312 neg 0.4578678077575121 __DUMMY__ 0.007220885267556764	false	0.0
abstieg	neg 1.0		off 0.5295657667394992 neg 0.4631657413167059 __DUMMY__ 0.007268491943794793	false	0.5
missverstehen	neg 1.0		off 0.5343081047099952 neg 0.45852335770702807 __DUMMY__ 0.007168537582976839	false	0.5
ergebnislos	neg 1.0		off 0.529266146816559 neg 0.4634619435702834 __DUMMY__ 0.007271909613157577	false	0.5
unter			off 0.5242569181793737 neg 0.4683735936787479 __DUMMY__ 0.007369488141878548	false	0.0
manipulieren	neg 1.0		off 0.5292931244080867 neg 0.4634251279804427 __DUMMY__ 0.007281747611470534	false	0.5
unbewiesen	neg 1.0		off 0.5300009021110991 neg 0.46282281077357595 __DUMMY__ 0.007176287115324982	false	0.5
verschleppen	neg 1.0		off 0.5299875272567129 neg 0.46276836102317714 __DUMMY__ 0.007244111720109972	false	0.5
weib	off 1.0		off 0.542707599308942 neg 0.45024064746319914 __DUMMY__ 0.007051753227858921	false	1.0
opposition	neg 1.0		off 0.53391520272453 neg 0.4588903707743701 __DUMMY__ 0.007194426501099886	false	0.5
verkehrswidrig	neg 1.0		off 0.5452958931522947 neg 0.4475080360886353 __DUMMY__ 0.00719607075906989	false	0.5
inkorrekt	neg 1.0		off 0.5394023151533212 neg 0.4534783447879012 __DUMMY__ 0.007119340058777584	false	0.5
vermeiden	neg 1.0		off 0.5255176492647956 neg 0.4671668151567767 __DUMMY__ 0.007315535578427683	false	0.5
abweichung	neg 1.0		off 0.5292199067579197 neg 0.4635387907943583 __DUMMY__ 0.007241302447721905	false	0.5
alkoholisiert	neg 1.0		off 0.5304628769870288 neg 0.4622611805915305 __DUMMY__ 0.0072759424214408055	false	0.5
scheiss	off 1.0	off 1.0	off 0.755565843379864 neg 0.24101683557283354 __DUMMY__ 0.0034173210473025005	false	1.0
herausforderung	neg 1.0		off 0.5295656311126024 neg 0.46315790099753745 __DUMMY__ 0.007276467889860249	false	0.5
pervers	off 1.0		off 0.5470083678983939 neg 0.44593343292342685 __DUMMY__ 0.007058199178179158	false	1.0
wackelig	neg 1.0		off 0.5344187795347258 neg 0.4582960752721462 __DUMMY__ 0.0072851451931278555	false	0.5
verwickeln	neg 1.0		off 0.5338969287701396 neg 0.4589283662971696 __DUMMY__ 0.007174704932690902	false	0.5
vorwand	neg 1.0		off 0.5281712922608278 neg 0.4645615858621269 __DUMMY__ 0.007267121877045079	false	0.5
muschi	off 1.0		off 0.5337217906993896 neg 0.4590307485043825 __DUMMY__ 0.007247460796227764	false	1.0
entmutigung	neg 1.0		off 0.5341325676859113 neg 0.4586581709491565 __DUMMY__ 0.00720926136493219	false	0.5
unangemessen	neg 1.0		off 0.5296506143698195 neg 0.4631459919854931 __DUMMY__ 0.00720339364468746	false	0.5
unstetig	neg 1.0		off 0.5361980005499811 neg 0.4565988536702842 __DUMMY__ 0.00720314577973476	false	0.5
entmutigen	neg 1.0		off 0.5346980988677598 neg 0.45807970321156954 __DUMMY__ 0.007222197920670804	false	0.5
schwanz	neg 1.0		off 0.5315667417110651 neg 0.4611646008406903 __DUMMY__ 0.007268657448244752	false	0.5
verbot	neg 1.0		off 0.5301663190995622 neg 0.4625939152617522 __DUMMY__ 0.007239765638685342	false	0.5
leid	neg 1.0		off 0.5423265013998968 neg 0.45056429126747205 __DUMMY__ 0.0071092073326312856	false	0.5
archaisch	neg 1.0		off 0.5321554436685095 neg 0.46060931537038696 __DUMMY__ 0.007235240961103485	false	0.5
gegen			off 0.5272422684915853 neg 0.4654650131721917 __DUMMY__ 0.0072927183362228405	false	0.0
scheidung	neg 1.0		off 0.555046746219363 neg 0.43786274916527745 __DUMMY__ 0.007090504615359564	false	0.5
einschlag	neg 1.0		off 0.5411445196427732 neg 0.4516981048250918 __DUMMY__ 0.007157375532134893	false	0.5
m			off 0.5325714647149784 neg 0.4601634399179398 __DUMMY__ 0.007265095367081813	false	0.0
abgestanden	neg 1.0		off 0.5338638240531179 neg 0.4589272925609559 __DUMMY__ 0.007208883385926294	false	0.5
schmierig	off 1.0		off 0.5433411809812638 neg 0.44951691014740763 __DUMMY__ 0.007141908871328704	false	1.0
unpraktisch	neg 1.0		off 0.5353438422686426 neg 0.45743981056645794 __DUMMY__ 0.007216347164899534	false	0.5
wixxer	off 1.0		off 0.5457928747385874 neg 0.4471727111929687 __DUMMY__ 0.007034414068443966	false	1.0
bezeichnet			off 0.5316720240284525 neg 0.4611324765956907 __DUMMY__ 0.007195499375856818	false	0.0
jammerlappen	off 1.0		off 0.5387350245071756 neg 0.4540721487769759 __DUMMY__ 0.007192826715848467	false	1.0
farce	neg 1.0		off 0.5306461047606318 neg 0.46213020056662424 __DUMMY__ 0.007223694672744047	false	0.5
zwecklos	neg 1.0		off 0.5306323609981309 neg 0.4621415908720265 __DUMMY__ 0.007226048129842619	false	0.5
turbulent	neg 1.0		off 0.5394045793013721 neg 0.45343199055279887 __DUMMY__ 0.007163430145829065	false	0.5
invasion	neg 1.0		off 0.5350810787239357 neg 0.45771511760286954 __DUMMY__ 0.007203803673194845	false	0.5
schuld	neg 1.0		off 0.5335605017289853 neg 0.4592385222019814 __DUMMY__ 0.007200976069033391	false	0.5
risiko	neg 1.0	neg 1.0	neg 0.7118720783889999 off 0.28466044101035337 __DUMMY__ 0.003467480600646658	false	1.0
finster	neg 1.0		off 0.5334162134127045 neg 0.45939583199921297 __DUMMY__ 0.007187954588082523	false	0.5
geisteskrank	off 1.0		off 0.537042973780858 neg 0.45583294692548365 __DUMMY__ 0.007124079293658312	false	1.0
zusammenbrechen	neg 1.0		off 0.5319194877858489 neg 0.46083679155885715 __DUMMY__ 0.007243720655294049	false	0.5
ausbeute	neg 1.0		off 0.5357517072925255 neg 0.45690921998544654 __DUMMY__ 0.007339072722027965	false	0.5
hinterhalt	neg 1.0		off 0.5378779030504074 neg 0.4547925047661113 __DUMMY__ 0.007329592183481445	false	0.5
kritik	neg 1.0		off 0.5302525820760166 neg 0.46252528581037916 __DUMMY__ 0.0072221321136041895	false	0.5
einschrumpfen	neg 1.0		off 0.5363795922725835 neg 0.4564441893516888 __DUMMY__ 0.007176218375727588	false	0.5
riskant	neg 1.0		off 0.5283388642942999 neg 0.4644162156796472 __DUMMY__ 0.007244920026052924	false	0.5
frustrieren	neg 1.0		off 0.5295146414711908 neg 0.4632421775445535 __DUMMY__ 0.0072431809842557465	false	0.5
groll	neg 1.0		off 0.5300558383237233 neg 0.4627166223306301 __DUMMY__ 0.007227539345646488	false	0.5
gibt			off 0.5320190145989373 neg 0.46073643337276476 __DUMMY__ 0.0072445520282979625	false	0.0
qualvoll	neg 1.0		off 0.5378138425846055 neg 0.45496776269846945 __DUMMY__ 0.00721839471692519	false	0.5
wackeln	neg 1.0		off 0.5369573943403325 neg 0.4557840131070673 __DUMMY__ 0.007258592552600057	false	0.5
klagen	neg 1.0		off 0.5264993994679055 neg 0.4662219516721915 __DUMMY__ 0.007278648859903158	false	0.5
bankrott	neg 1.0		off 0.5393832630735421 neg 0.45340106737780456 __DUMMY__ 0.007215669548653342	false	0.5
trauern	neg 1.0		off 0.5321955749942329 neg 0.46050915977237694 __DUMMY__ 0.007295265233390228	false	0.5
ablehnung	neg 1.0		off 0.529696824887314 neg 0.4630827669611054 __DUMMY__ 0.007220408151580598	false	0.5
stur	neg 1.0		off 0.5334834067357663 neg 0.4593207670927618 __DUMMY__ 0.007195826171471743	false	0.5
aufruhr	neg 1.0		off 0.5328631001086107 neg 0.4598956846012512 __DUMMY__ 0.007241215290138246	false	0.5
melancholie	neg 1.0		off 0.5316443705026553 neg 0.46109166105375426 __DUMMY__ 0.007263968443590431	false	0.5
ist			off 0.5355540678482564 neg 0.4572334679948589 __DUMMY__ 0.007212464156884617	false	0.0
torheit	neg 1.0		off 0.5340390157459074 neg 0.4587346131152401 __DUMMY__ 0.007226371138852588	false	0.5
dreckskind	off 1.0		off 0.5419297135107739 neg 0.45099038063967556 __DUMMY__ 0.007079905849550672	false	1.0
umtauschen	neg 1.0		off 0.5336715920556947 neg 0.4590967218117417 __DUMMY__ 0.007231686132563704	false	0.5
zum			off 0.5287320174559593 neg 0.46390334801416566 __DUMMY__ 0.007364634529875039	false	0.0
zersetzen	neg 1.0		off 0.5277755681717639 neg 0.46497067141673076 __DUMMY__ 0.007253760411505495	false	0.5
zur			off 0.5261817247782572 neg 0.46647751435200335 __DUMMY__ 0.007340760869739401	false	0.0
frust	neg 1.0		off 0.5321671147309088 neg 0.46058441384890764 __DUMMY__ 0.007248471420183494	false	0.5
unerbittlichkeit	neg 1.0		off 0.5284955551875948 neg 0.4642382827719737 __DUMMY__ 0.007266162040431541	false	0.5
zwei			off 0.529030992258176 neg 0.46362517109672263 __DUMMY__ 0.00734383664510142	false	0.0
unkorrekt	neg 1.0		off 0.5399237181801572 neg 0.4529408937865784 __DUMMY__ 0.007135388033264485	false	0.5
hexe	off 1.0		off 0.5366363261012476 neg 0.456216274846813 __DUMMY__ 0.007147399051939467	false	1.0
lasch	neg 1.0		off 0.5352369415055306 neg 0.45760216954759564 __DUMMY__ 0.0071608889468736895	false	0.5
rivale	neg 1.0		off 0.5404779274093036 neg 0.4523594816869693 __DUMMY__ 0.007162590903727065	false	0.5
mutlos	off 1.0	off 1.0	off 0.7501242190766405 neg 0.24641802056415144 __DUMMY__ 0.0034577603592080702	false	1.0
wirr	off 1.0		off 0.5408523763633954 neg 0.45201920496873144 __DUMMY__ 0.007128418667873055	false	1.0
jahr			off 0.5328364502994359 neg 0.4598172602924346 __DUMMY__ 0.007346289408129604	false	0.0
wird			off 0.5306240498421265 neg 0.46212851786560316 __DUMMY__ 0.007247432292270408	false	0.0
strafbar	neg 1.0		off 0.5287317622502594 neg 0.46402686575033164 __DUMMY__ 0.007241371999408833	false	0.5
erosion	neg 1.0		off 0.5357111189299757 neg 0.45703029037841514 __DUMMY__ 0.007258590691609144	false	0.5
eingehen	neg 1.0		off 0.5288599150196794 neg 0.46390170198353886 __DUMMY__ 0.007238382996781853	false	0.5
faul	off 1.0		off 0.5388301931170385 neg 0.4539634366012027 __DUMMY__ 0.007206370281758924	false	1.0
provisorium	neg 1.0		off 0.5252197511829543 neg 0.46740857693468685 __DUMMY__ 0.007371671882359073	false	0.5
schmerzen	neg 1.0		off 0.5322042783112488 neg 0.4605721433423553 __DUMMY__ 0.00722357834639594	false	0.5
schrumpfen	neg 1.0		off 0.5237994914608055 neg 0.4689060204625829 __DUMMY__ 0.007294488076611634	false	0.5
geistlos	off 1.0		off 0.5333613016367635 neg 0.4594801632263042 __DUMMY__ 0.007158535136932195	false	1.0
fehlkauf	neg 1.0		off 0.5369528165514806 neg 0.45581169666418236 __DUMMY__ 0.0072354867843369515	false	0.5
frustrierend	neg 1.0		off 0.5371197909429927 neg 0.4556898544407662 __DUMMY__ 0.007190354616240954	false	0.5
unzufrieden	neg 1.0		off 0.5297920889244876 neg 0.4629870178403501 __DUMMY__ 0.007220893235162156	false	0.5
verzweifeln	neg 1.0		off 0.5324911784382945 neg 0.46027628407177296 __DUMMY__ 0.007232537489932443	false	0.5
verzweifelt	neg 1.0	neg 1.0	neg 0.7140220598837906 off 0.28254818971422363 __DUMMY__ 0.0034297504019857356	false	1.0
misstrauensantrag	neg 1.0		off 0.5355584462766769 neg 0.45723580381833107 __DUMMY__ 0.007205749904991883	false	0.5
abfallen	neg 1.0		off 0.536433256889298 neg 0.4563185050540745 __DUMMY__ 0.007248238056627419	false	0.5
fucker	off 1.0		off 0.542035482738116 neg 0.4507862671021723 __DUMMY__ 0.0071782501597117574	false	1.0
ungezogen	neg 1.0		off 0.5466139617446866 neg 0.4463134523689351 __DUMMY__ 0.007072585886378357	false	0.5
irrsinnig	neg 1.0	neg 1.0	neg 0.7137299482802427 off 0.2828352927173781 __DUMMY__ 0.0034347590023792052	false	1.0
unfassbar	neg 1.0		off 0.5395654310199676 neg 0.4532560066053421 __DUMMY__ 0.007178562374690328	false	0.5
hart	neg 1.0		off 0.5392716390344517 neg 0.45354831649696503 __DUMMY__ 0.007180044468583214	false	0.5
widerlich	off 1.0		off 0.5382560454332722 neg 0.4546012258191678 __DUMMY__ 0.007142728747559913	false	1.0
fatal	neg 1.0		off 0.5364931321519392 neg 0.456288504344936 __DUMMY__ 0.007218363503124722	false	0.5
bruch	neg 1.0		off 0.5272441808354437 neg 0.4654736885198014 __DUMMY__ 0.007282130644754947	false	0.5
aushungern	neg 1.0		off 0.5326039526003795 neg 0.46013815295155974 __DUMMY__ 0.007257894448060876	false	0.5
anspannung	neg 1.0		off 0.5276787118038022 neg 0.46497402421424466 __DUMMY__ 0.007347263981953159	false	0.5
von			off 0.5342621150873662 neg 0.4583696418505954 __DUMMY__ 0.007368243062038384	false	0.0
kraftlos	neg 1.0		off 0.5323415581356682 neg 0.46039743053553467 __DUMMY__ 0.007261011328797312	false	0.5
vom			off 0.5269993148372752 neg 0.4656129442568028 __DUMMY__ 0.007387740905922043	false	0.0
grenzdebil	off 1.0		off 0.5404828909579611 neg 0.45233313317294815 __DUMMY__ 0.007183975869090763	false	1.0
vor			off 0.5297101040473141 neg 0.46298356255337003 __DUMMY__ 0.007306333399315782	false	0.0
unterwerfen	neg 1.0		off 0.5303506250179247 neg 0.4623910441859243 __DUMMY__ 0.0072583307961510525	false	0.5
versenkung	neg 1.0		off 0.5314580808999765 neg 0.46126659100016804 __DUMMY__ 0.007275328099855385	false	0.5
entziehen	neg 1.0		off 0.5270913592499696 neg 0.465631826457702 __DUMMY__ 0.007276814292328364	false	0.5
finanzkrise	neg 1.0		off 0.5314826252305289 neg 0.46129900201614615 __DUMMY__ 0.007218372753324875	false	0.5
schimpfend	neg 1.0		off 0.5359259258330538 neg 0.45686172896200095 __DUMMY__ 0.007212345204945291	false	0.5
profan	neg 1.0		off 0.5354095817004679 neg 0.45739999124823033 __DUMMY__ 0.007190427051301757	false	0.5
korruption	neg 1.0		off 0.5303149770045781 neg 0.4624384122218955 __DUMMY__ 0.0072466107735263555	false	0.5
â			off 0.533032122927025 neg 0.45968425165930116 __DUMMY__ 0.0072836254136740665	false	0.0
schmutzig	neg 1.0		off 0.5416074682101358 neg 0.4512011461907899 __DUMMY__ 0.007191385599074249	false	0.5
sexy	neg 1.0		off 0.538286271145094 neg 0.45449806944157656 __DUMMY__ 0.007215659413329614	false	0.5
abraten	neg 1.0		off 0.5356252482647785 neg 0.45716526858473877 __DUMMY__ 0.007209483150482746	false	0.5
schwarz	neg 1.0		off 0.5354651027594765 neg 0.45731673326169203 __DUMMY__ 0.007218163978831569	false	0.5
fotze	off 1.0	off 1.0	off 0.7525058570666955 neg 0.2440220719580023 __DUMMY__ 0.003472070975302267	false	1.0
verwirren	neg 1.0		off 0.5365733201677038 neg 0.4562274889952378 __DUMMY__ 0.007199190837058505	false	0.5
zahnlos	off 1.0		off 0.5311414232590594 neg 0.46163442972491 __DUMMY__ 0.007224147016030663	false	1.0
verheeren	neg 1.0		off 0.5501493720904613 neg 0.4427503404277665 __DUMMY__ 0.007100287481772164	false	0.5
hippie	neg 1.0		off 0.5379004039958936 neg 0.4548815961782415 __DUMMY__ 0.007217999825864925	false	0.5
rammen	neg 1.0		off 0.5343261515724793 neg 0.4584767879466341 __DUMMY__ 0.007197060480886605	false	0.5
unlauter	neg 1.0		off 0.5317975198287617 neg 0.4610275252969773 __DUMMY__ 0.007174954874261103	false	0.5
unheilvoll	neg 1.0		off 0.5368211800540786 neg 0.4559490773000775 __DUMMY__ 0.007229742645843918	false	0.5
niedrig	neg 1.0		off 0.5276850910699873 neg 0.46507690311506583 __DUMMY__ 0.007238005814947011	false	0.5
explosion	neg 1.0		off 0.5368725383691287 neg 0.4559155828270872 __DUMMY__ 0.007211878803784158	false	0.5
weichei	off 1.0	off 1.0	off 0.757868964403916 neg 0.2387444079791179 __DUMMY__ 0.0033866276169661333	false	1.0
minusmensch	off 1.0		off 0.5440450273508102 neg 0.44889238916515184 __DUMMY__ 0.0070625834840380465	false	1.0
farblos	neg 1.0		off 0.5350510674367546 neg 0.45769679359512816 __DUMMY__ 0.007252138968117297	false	0.5
unwissend	neg 1.0	neg 1.0	neg 0.7118690497089404 off 0.2847155569807156 __DUMMY__ 0.0034153933103440335	false	1.0
traurig	neg 1.0		off 0.5418077905834966 neg 0.45103502931464384 __DUMMY__ 0.007157180101859548	false	0.5
senkung	neg 1.0		off 0.5340427518067379 neg 0.4587886795267137 __DUMMY__ 0.0071685686665485	false	0.5
ungleich	neg 1.0	neg 1.0	neg 0.7167996202794493 off 0.2797416075488987 __DUMMY__ 0.003458772171652038	false	1.0
heikel	neg 1.0		off 0.5279430179050544 neg 0.4648173613581941 __DUMMY__ 0.007239620736751395	false	0.5
drosselung	neg 1.0		off 0.5398060661993802 neg 0.4530196874893673 __DUMMY__ 0.007174246311252452	false	0.5
falsch	neg 1.0		off 0.5365652475288731 neg 0.4562583822578073 __DUMMY__ 0.007176370213319591	false	0.5
unzufriedenheit	neg 1.0		off 0.5278660639027648 neg 0.4648617041274601 __DUMMY__ 0.0072722319697750585	false	0.5
kurz	neg 1.0		off 0.5342060494307074 neg 0.45852394500178534 __DUMMY__ 0.007270005567507208	false	0.5
unsinnig	neg 1.0		off 0.5305692563423803 neg 0.46222102483775784 __DUMMY__ 0.007209718819861988	false	0.5
penner	off 1.0	off 1.0	off 0.7588760434887145 neg 0.23773937202199083 __DUMMY__ 0.0033845844892945913	false	1.0
seicht	neg 1.0		off 0.5447332853772204 neg 0.44820984702434485 __DUMMY__ 0.007056867598434594	false	0.5
dummheit	off 1.0	off 1.0	off 0.7537428507072588 neg 0.24283259734060086 __DUMMY__ 0.003424551952140389	false	1.0
unerfreulich	neg 1.0		off 0.5284466399194754 neg 0.4642877778452959 __DUMMY__ 0.007265582235228794	false	0.5
motherfucker	off 1.0	off 1.0	off 0.7568470945593745 neg 0.23972994631831182 __DUMMY__ 0.0034229591223137092	false	1.0
pikiert	neg 1.0		off 0.5382840551186191 neg 0.45455553680958494 __DUMMY__ 0.007160408071796083	false	0.5
wrack	neg 1.0		off 0.533407716764681 neg 0.45932091710965384 __DUMMY__ 0.007271366125665179	false	0.5
gangster	neg 1.0		off 0.5379122456886141 neg 0.4548712289527678 __DUMMY__ 0.007216525358618135	false	0.5
krank	neg 1.0		off 0.5404171381879146 neg 0.45240068685867996 __DUMMY__ 0.007182174953405528	false	0.5
reich	neg 1.0		off 0.5411490512015833 neg 0.45163264682469534 __DUMMY__ 0.00721830197372136	false	0.5
gnadenlos	neg 1.0		off 0.5343331832634193 neg 0.4584555595489338 __DUMMY__ 0.007211257187646879	false	0.5
niedergeschlagen	neg 1.0		off 0.5334193524752474 neg 0.4593258714123548 __DUMMY__ 0.00725477611239762	false	0.5
terrorisieren	off 1.0	off 1.0	off 0.7511930005613828 neg 0.2453353415009353 __DUMMY__ 0.003471657937681887	false	1.0
sinnlosigkeit	neg 1.0		off 0.531077290256653 neg 0.4616891167291769 __DUMMY__ 0.007233593014170093	false	0.5
behindern	neg 1.0		off 0.5338445621172824 neg 0.4589088335784949 __DUMMY__ 0.007246604304222769	false	0.5
undemokratisch	neg 1.0		off 0.5338819980854507 neg 0.4589070010191042 __DUMMY__ 0.007211000895445077	false	0.5
wirtschaftskrise	neg 1.0		off 0.5297056849435733 neg 0.4630540675560853 __DUMMY__ 0.0072402475003413656	false	0.5
neid	neg 1.0		off 0.5383996799448227 neg 0.454393213505042 __DUMMY__ 0.0072071065501352555	false	0.5
rutschen	neg 1.0		off 0.5296971925907572 neg 0.4629461960516948 __DUMMY__ 0.007356611357548015	false	0.5
rezession	neg 1.0		off 0.5377612038971673 neg 0.4551535064578169 __DUMMY__ 0.0070852896450158045	false	0.5
fehlgeburt	neg 1.0		off 0.5369223965600768 neg 0.45584468911402615 __DUMMY__ 0.007232914325897186	false	0.5
charakterschwach	off 1.0		off 0.5380855507572256 neg 0.45476951001766247 __DUMMY__ 0.007144939225111947	false	1.0
isolation	neg 1.0		off 0.5375189478374196 neg 0.4552794251176625 __DUMMY__ 0.007201627044917811	false	0.5
ablenkung	neg 1.0		off 0.5345125889864543 neg 0.4582487243806643 __DUMMY__ 0.007238686632881391	false	0.5
pech	neg 1.0		off 0.536169849181045 neg 0.45665447653055913 __DUMMY__ 0.007175674288395774	false	0.5
vermeidung	neg 1.0		off 0.540913539607493 neg 0.4518973797345924 __DUMMY__ 0.007189080657914626	false	0.5
dominieren	neg 1.0		off 0.5310794042794683 neg 0.461647796534781 __DUMMY__ 0.007272799185750551	false	0.5
schwindlig	neg 1.0		off 0.5372195221671685 neg 0.45555348756805253 __DUMMY__ 0.007226990264778895	false	0.5
lutscher	neg 1.0		off 0.5459288770865972 neg 0.4470072406917028 __DUMMY__ 0.007063882221700162	false	0.5
pflicht	neg 1.0		off 0.52716951508426 neg 0.46557578594376153 __DUMMY__ 0.007254698971978464	false	0.5
faschist	off 1.0		off 0.536697838667729 neg 0.45610403259143334 __DUMMY__ 0.007198128740837656	false	1.0
verschleudern	neg 1.0		off 0.5278160836176505 neg 0.4649444656667326 __DUMMY__ 0.007239450715617021	false	0.5
wenn			off 0.5376142672017002 neg 0.455196415383481 __DUMMY__ 0.007189317414818819	false	0.0
ehebruch	neg 1.0		off 0.5310357002844318 neg 0.46170581052277476 __DUMMY__ 0.007258489192793348	false	0.5
spott	off 1.0		off 0.5294459950614476 neg 0.46330832261381666 __DUMMY__ 0.0072456823247356045	false	1.0
trostlosigkeit	neg 1.0		off 0.5297351791800551 neg 0.46296044262551744 __DUMMY__ 0.007304378194427392	false	0.5
lutschen	neg 1.0		off 0.536865229656954 neg 0.45594674536781027 __DUMMY__ 0.007188024975235662	false	0.5
undiszipliniert	neg 1.0		off 0.5404339506719578 neg 0.4524192260464408 __DUMMY__ 0.007146823281601462	false	0.5
kopfschmerz	neg 1.0		off 0.5315662851843286 neg 0.4611982005675897 __DUMMY__ 0.007235514248081698	false	0.5
unvorhergesehen	neg 1.0		off 0.5321515467156568 neg 0.46053993357562345 __DUMMY__ 0.007308519708719663	false	0.5
desinteressiert	neg 1.0		off 0.5400104172474637 neg 0.45283728290302483 __DUMMY__ 0.007152299849511384	false	0.5
armselig	off 1.0		off 0.5395639744184754 neg 0.4533167321671758 __DUMMY__ 0.0071192934143489645	false	1.0
desaster	neg 1.0		off 0.5266503296167862 neg 0.46606307543079883 __DUMMY__ 0.007286594952414949	false	0.5
tod	neg 1.0		off 0.5357139589654601 neg 0.45696498967561777 __DUMMY__ 0.007321051358922103	false	0.5
herzlos	neg 1.0		off 0.541002655749775 neg 0.45185509104613125 __DUMMY__ 0.007142253204093772	false	0.5
unwissenheit	neg 1.0		off 0.5306676164334647 neg 0.4620978207696841 __DUMMY__ 0.00723456279685108	false	0.5
widersinnig	neg 1.0		off 0.5282043281760878 neg 0.4646008499007319 __DUMMY__ 0.0071948219231802	false	0.5
bedenklich	neg 1.0		off 0.5292065304141209 neg 0.4635607665369814 __DUMMY__ 0.007232703048897685	false	0.5
beanstanden	neg 1.0		off 0.5272430869195941 neg 0.46549341601931776 __DUMMY__ 0.007263497061088104	false	0.5
panisch	neg 1.0	neg 1.0	neg 0.7109884444802821 off 0.28554911866917587 __DUMMY__ 0.0034624368505420475	false	1.0
debil	off 1.0		off 0.5262229618223102 neg 0.4664112285777988 __DUMMY__ 0.007365809599891098	false	1.0
abstrich	neg 1.0		off 0.5390405844312559 neg 0.45363451969578766 __DUMMY__ 0.007324895872956464	false	0.5
primitiv	neg 1.0		off 0.538341753403348 neg 0.45451853928884317 __DUMMY__ 0.0071397073078088924	false	0.5
abschaum	off 1.0	off 1.0	off 0.7552470911720377 neg 0.2413326767073791 __DUMMY__ 0.0034202321205832314	false	1.0
provozieren	neg 1.0		off 0.5328283025925522 neg 0.4599800163013133 __DUMMY__ 0.007191681106134524	false	0.5
tot	neg 1.0		off 0.5314513221705242 neg 0.4613016461680697 __DUMMY__ 0.007247031661406148	false	0.5
instabil	neg 1.0		off 0.5400164145730479 neg 0.4528467914644791 __DUMMY__ 0.0071367939624731236	false	0.5
schwuchtel	off 1.0	off 1.0	off 0.7608159007181516 neg 0.23583940531064482 __DUMMY__ 0.0033446939712034685	false	1.0
zerren	neg 1.0		off 0.5326502257894807 neg 0.46009368329196426 __DUMMY__ 0.007256090918555088	false	0.5
kinderficker	off 1.0		off 0.5437217080447984 neg 0.44915371977416624 __DUMMY__ 0.007124572181035445	false	1.0
gefahr	neg 1.0		off 0.5288531833373882 neg 0.4638556269680983 __DUMMY__ 0.007291189694513409	false	0.5
rabiat	neg 1.0		off 0.5341579751898944 neg 0.4586107329092244 __DUMMY__ 0.007231291900881289	false	0.5
verlangsamung	neg 1.0		off 0.5430348704842711 neg 0.4498892348523548 __DUMMY__ 0.00707589466337408	false	0.5
ausgestorben	neg 1.0		off 0.5344701590035373 neg 0.45828606519118986 __DUMMY__ 0.007243775805272763	false	0.5
anklagen	neg 1.0		off 0.5309520498103977 neg 0.46179683784159764 __DUMMY__ 0.007251112348004662	false	0.5
trott	neg 1.0		off 0.5340465982356467 neg 0.4587107578410685 __DUMMY__ 0.007242643923284826	false	0.5
verminderung	neg 1.0		off 0.5401720437191591 neg 0.452658811023556 __DUMMY__ 0.007169145257284942	false	0.5
nach			off 0.5278586749711505 neg 0.4647851196966862 __DUMMY__ 0.007356205332163308	false	0.0
rost	neg 1.0		off 0.5437278255432588 neg 0.44915886118101733 __DUMMY__ 0.007113313275723686	false	0.5
destruktiv	neg 1.0		off 0.5319916780787745 neg 0.46080216492401566 __DUMMY__ 0.0072061569972099405	false	0.5
unzumutbarkeit	neg 1.0		off 0.5399119921983645 neg 0.4528929128571799 __DUMMY__ 0.0071950949444555615	false	0.5
labil	off 1.0	off 1.0	off 0.7552093422714373 neg 0.24136150604907525 __DUMMY__ 0.003429151679487365	false	1.0
ziemlich	neg 1.0		off 0.5399118254786608 neg 0.4529011483265972 __DUMMY__ 0.007187026194742062	false	0.5
lachnummer	off 1.0		off 0.5327550170134814 neg 0.46004097594775667 __DUMMY__ 0.007204007038761915	false	1.0
oder			off 0.5353706250570195 neg 0.45739572457271566 __DUMMY__ 0.00723365037026481	false	0.0
verfall	neg 1.0		off 0.5250547092355723 neg 0.4676326955198144 __DUMMY__ 0.0073125952446133095	false	0.5
ausgrenzung	neg 1.0		off 0.5349119771552071 neg 0.45787504135603835 __DUMMY__ 0.007212981488754435	false	0.5
unordnung	neg 1.0		off 0.5441840613175553 neg 0.4486120804933324 __DUMMY__ 0.007203858189112318	false	0.5
fehlverhalten	neg 1.0		off 0.5272106256114151 neg 0.46554857322183374 __DUMMY__ 0.007240801166751122	false	0.5
eine			off 0.5295767371273695 neg 0.46313269728273276 __DUMMY__ 0.007290565589897645	false	0.0
nille	neg 1.0		off 0.5346827300717666 neg 0.45806249571466934 __DUMMY__ 0.007254774213564097	false	0.5
qual	neg 1.0		off 0.5338505194788933 neg 0.45890083718117697 __DUMMY__ 0.007248643339929721	false	0.5
verschwenden	neg 1.0		off 0.5285130940077111 neg 0.4642522449155957 __DUMMY__ 0.007234661076693188	false	0.5
riesig	neg 1.0		off 0.5325917819149355 neg 0.46012273472309867 __DUMMY__ 0.007285483361965688	false	0.5
verurteilen	neg 1.0		off 0.5297721946024555 neg 0.4630050492217553 __DUMMY__ 0.007222756175789242	false	0.5
klischee	neg 1.0	neg 1.0	neg 0.7124305477191023 off 0.28414655421135027 __DUMMY__ 0.0034228980695474058	false	1.0
diktatorisch	neg 1.0		off 0.5335120078994275 neg 0.45928685635980726 __DUMMY__ 0.007201135740765043	false	0.5
vorhersehbar	neg 1.0		off 0.5344567515047318 neg 0.45837862369897764 __DUMMY__ 0.007164624796290599	false	0.5
sowie			off 0.5429194301942806 neg 0.4499567149979008 __DUMMY__ 0.007123854807818734	false	0.0
stornieren	neg 1.0		off 0.539601365011921 neg 0.4531235810885806 __DUMMY__ 0.007275053899498357	false	0.5
besteuerung	neg 1.0		off 0.5316686805983085 neg 0.46115275209157575 __DUMMY__ 0.007178567310115694	false	0.5
ungeschminkt	neg 1.0		off 0.5375084037816621 neg 0.4553624117198422 __DUMMY__ 0.0071291844984957544	false	0.5
kritisch	neg 1.0		off 0.5293190955845555 neg 0.4634398239370861 __DUMMY__ 0.007241080478358349	false	0.5
schlamperei	off 1.0		off 0.5294021124106969 neg 0.46332602405467627 __DUMMY__ 0.007271863534626859	false	1.0
sucht	neg 1.0	neg 1.0	neg 0.7098384739736501 off 0.28665956779670776 __DUMMY__ 0.003501958229642144	false	1.0
egoistisch	off 1.0		off 0.5421090238237093 neg 0.4507965947515804 __DUMMY__ 0.007094381424710181	false	1.0
ausbeuter	off 1.0		off 0.5266053892232878 neg 0.46616363835643887 __DUMMY__ 0.007230972420273328	false	1.0
arschgeburt	off 1.0		off 0.5475616986154919 neg 0.44542985995888 __DUMMY__ 0.007008441425628234	false	1.0
schubs	neg 1.0		off 0.5320052342443756 neg 0.46075400917121423 __DUMMY__ 0.007240756584410172	false	0.5
unsolide	neg 1.0		off 0.5330751843572552 neg 0.4597474822729373 __DUMMY__ 0.0071773333698074366	false	0.5
beschwerde	neg 1.0		off 0.5286887316818296 neg 0.46406908495094285 __DUMMY__ 0.007242183367227484	false	0.5
stocken	neg 1.0		off 0.530021091764695 neg 0.46270645766039736 __DUMMY__ 0.007272450574907488	false	0.5
isolieren	neg 1.0		off 0.530766379234724 neg 0.4619837937852792 __DUMMY__ 0.007249826979996759	false	0.5
unheilbar	neg 1.0		off 0.5352494842074575 neg 0.45750733926412673 __DUMMY__ 0.007243176528415754	false	0.5
pisser	off 1.0		off 0.5402483378980661 neg 0.4526131975654022 __DUMMY__ 0.0071384645365316305	false	1.0
löschen	neg 1.0		off 0.5347023180487291 neg 0.458052223936084 __DUMMY__ 0.007245458015186898	false	0.5
durchfallen	neg 1.0		off 0.5284999715210156 neg 0.46428757217223565 __DUMMY__ 0.007212456306748777	false	0.5
wichser	off 1.0	off 1.0	off 0.7602563184274108 neg 0.23637483564628275 __DUMMY__ 0.0033688459263064396	false	1.0
terror	neg 1.0		off 0.5376014148873176 neg 0.45518090247785536 __DUMMY__ 0.00721768263482705	false	0.5
krass	neg 1.0		off 0.5413615832577885 neg 0.4515088905670055 __DUMMY__ 0.007129526175205942	false	0.5
revolte	neg 1.0		off 0.5358661601396109 neg 0.4569175449944768 __DUMMY__ 0.0072162948659123	false	0.5
besorgt	neg 1.0		off 0.5357090484516316 neg 0.4569916034232617 __DUMMY__ 0.007299348125106648	false	0.5
nachlassen	neg 1.0		off 0.5320433671232484 neg 0.46065405720526587 __DUMMY__ 0.007302575671485579	false	0.5
alt	neg 1.0		off 0.5317997933462637 neg 0.460950647899364 __DUMMY__ 0.007249558754372279	false	0.5
hundesohn	off 1.0		off 0.5462798714607162 neg 0.44665001349891786 __DUMMY__ 0.007070115040365968	false	1.0
als			off 0.5314472588824589 neg 0.4613126003607303 __DUMMY__ 0.00724014075681081	false	0.0
abschreckung	neg 1.0		off 0.527804444035096 neg 0.4649192994225693 __DUMMY__ 0.0072762565423346685	false	0.5
unqualifiziert	neg 1.0		off 0.5349101141828861 neg 0.45793691256403063 __DUMMY__ 0.007152973253083227	false	0.5
abgewichst	off 1.0		off 0.5340753628849735 neg 0.4586645855221149 __DUMMY__ 0.0072600515929115835	false	1.0
schwer	neg 1.0		off 0.5323502326238869 neg 0.4604312278994116 __DUMMY__ 0.007218539476701495	false	0.5
bedeutungslosigkeit	neg 1.0		off 0.5281336106095877 neg 0.4646077089877673 __DUMMY__ 0.007258680402644845	false	0.5
kapitulation	neg 1.0		off 0.5303957833660192 neg 0.4623401009548927 __DUMMY__ 0.007264115679088066	false	0.5
unscharf	neg 1.0		off 0.5347848530187871 neg 0.4580354485716025 __DUMMY__ 0.0071796984096103855	false	0.5
schwinden	neg 1.0		off 0.5296368851028735 neg 0.4630770098332986 __DUMMY__ 0.007286105063827849	false	0.5
versklavung	neg 1.0		off 0.535440237890778 neg 0.4573212396149705 __DUMMY__ 0.007238522494251665	false	0.5
schlecht	neg 1.0		off 0.5400597445193697 neg 0.4527537836203359 __DUMMY__ 0.007186471860294296	false	0.5
verhasst	neg 1.0		off 0.5325440103438674 neg 0.4602816536023034 __DUMMY__ 0.007174336053829074	false	0.5
beschweren	neg 1.0		off 0.5352853830898061 neg 0.45750881632999574 __DUMMY__ 0.007205800580198251	false	0.5
scheiden	neg 1.0		off 0.5354418813475359 neg 0.45730456978660383 __DUMMY__ 0.007253548865860301	false	0.5
frustriert	neg 1.0		off 0.5314270961546883 neg 0.46134865176984274 __DUMMY__ 0.00722425207546891	false	0.5
schimmelig	neg 1.0		off 0.5294846124927202 neg 0.46329785128107076 __DUMMY__ 0.007217536226208948	false	0.5
fisch	neg 1.0		off 0.5273687180134394 neg 0.4653817264916521 __DUMMY__ 0.007249555494908484	false	0.5
schmuggel	neg 1.0		off 0.5299216075586545 neg 0.4628047984923011 __DUMMY__ 0.007273593949044433	false	0.5
auffallen	neg 1.0		off 0.5360940839650036 neg 0.4567059589923607 __DUMMY__ 0.0071999570426357525	false	0.5
konkurrenz	neg 1.0		off 0.5274360731915726 neg 0.4652852697813016 __DUMMY__ 0.007278657027125975	false	0.5
teufelskreis	neg 1.0		off 0.5323080954485545 neg 0.46047706812940764 __DUMMY__ 0.007214836422037726	false	0.5
aufschreien	neg 1.0		off 0.5352432201379861 neg 0.4575727481792061 __DUMMY__ 0.007184031682807796	false	0.5
schuldner	neg 1.0		off 0.5268384112293165 neg 0.4659133728427708 __DUMMY__ 0.007248215927912694	false	0.5
missgeburt	off 1.0	off 1.0	off 0.7579619972969915 neg 0.2386572189582306 __DUMMY__ 0.003380783744777886	false	1.0
arbeitslos	neg 1.0		off 0.5287083786992355 neg 0.46408281090520764 __DUMMY__ 0.007208810395556857	false	0.5
befallen	neg 1.0		off 0.5345293643844878 neg 0.4581994346438508 __DUMMY__ 0.007271200971661452	false	0.5
miesepetrig	off 1.0	off 1.0	off 0.7557576304515189 neg 0.24081718143343597 __DUMMY__ 0.0034251881150452273	false	1.0
alarmieren	neg 1.0		off 0.536945891427876 neg 0.4558773495267921 __DUMMY__ 0.007176759045331912	false	0.5
ungeduscht	off 1.0		off 0.5366978362403254 neg 0.45613406235450765 __DUMMY__ 0.007168101405167163	false	1.0
knappheit	neg 1.0		off 0.5283123026383212 neg 0.4644755814488041 __DUMMY__ 0.007212115912874658	false	0.5
schlange	neg 1.0		off 0.5380870171259763 neg 0.45465333411981523 __DUMMY__ 0.0072596487542085485	false	0.5
harsch	neg 1.0		off 0.5454832610452024 neg 0.44734163489913287 __DUMMY__ 0.007175104055664907	false	0.5
lang	neg 1.0		off 0.5356970830784487 neg 0.45706127343555175 __DUMMY__ 0.007241643485999524	false	0.5
ziellos	neg 1.0		off 0.531900653529283 neg 0.4608250713938187 __DUMMY__ 0.007274275076898296	false	0.5
selbstverliebt	neg 1.0		off 0.5460941880959194 neg 0.44686981896867534 __DUMMY__ 0.007035992935405274	false	0.5
beseitigen	neg 1.0		off 0.533637465276216 neg 0.4591033312196599 __DUMMY__ 0.0072592035041240364	false	0.5
dumm	off 1.0		off 0.5435548899053209 neg 0.44934415584262233 __DUMMY__ 0.007100954252056697	false	1.0
arbeitsloser	neg 1.0		off 0.5304623315564684 neg 0.4622991163607115 __DUMMY__ 0.007238552082819948	false	0.5
blitzen	neg 1.0		off 0.5376248986915799 neg 0.4551596645831248 __DUMMY__ 0.007215436725295309	false	0.5
hilflos	neg 1.0		off 0.5313651817129565 neg 0.4614023901852486 __DUMMY__ 0.007232428101794741	false	0.5
eklig	off 1.0		off 0.5430508517695606 neg 0.4498726448255952 __DUMMY__ 0.007076503404844157	false	1.0
begriff			off 0.532386618927723 neg 0.4603899201733094 __DUMMY__ 0.007223460898967687	false	0.0
hungersnot	neg 1.0		off 0.5330150765448738 neg 0.4597115956947446 __DUMMY__ 0.007273327760381666	false	0.5
ungesetzlich	neg 1.0		off 0.5309891703458465 neg 0.46184136936751424 __DUMMY__ 0.007169460286639256	false	0.5
verschwendung	neg 1.0		off 0.5294274612617097 neg 0.46331176389176015 __DUMMY__ 0.007260774846530212	false	0.5
schmerzvoll	neg 1.0		off 0.5357246230293499 neg 0.45705733316843117 __DUMMY__ 0.007218043802218926	false	0.5
vorzeitig	neg 1.0		off 0.5376310006640684 neg 0.45514782342879545 __DUMMY__ 0.007221175907136119	false	0.5
unvollkommenheit	neg 1.0		off 0.5343111298827369 neg 0.4583882199622673 __DUMMY__ 0.0073006501549957815	false	0.5
intervenieren	neg 1.0		off 0.5278737043447491 neg 0.4648847263171158 __DUMMY__ 0.007241569338134889	false	0.5
banause	off 1.0		off 0.5440969153965954 neg 0.4488684726429371 __DUMMY__ 0.007034611960467248	false	1.0
rebell	neg 1.0		off 0.5262367721217018 neg 0.4664733953209723 __DUMMY__ 0.007289832557325852	false	0.5
unlogisch	neg 1.0		off 0.539337126126982 neg 0.45354268271215264 __DUMMY__ 0.007120191160865239	false	0.5
leiden	neg 1.0		off 0.5300074072262092 neg 0.46270230404830415 __DUMMY__ 0.00729028872548669	false	0.5
abschaffung	neg 1.0		off 0.5331779755042492 neg 0.4596084519795866 __DUMMY__ 0.00721357251616434	false	0.5
sturz	neg 1.0		off 0.5356245684985895 neg 0.4571195628100468 __DUMMY__ 0.007255868691363756	false	0.5
verkleinerung	neg 1.0		off 0.5330335638761433 neg 0.4598179105877157 __DUMMY__ 0.007148525536140836	false	0.5
schmarotzer	off 1.0		off 0.5286039950782587 neg 0.46420633069752326 __DUMMY__ 0.007189674224217993	false	1.0
bestrafung	neg 1.0		off 0.5353723006885909 neg 0.4573987202843467 __DUMMY__ 0.0072289790270623705	false	0.5
achtlos	neg 1.0	neg 1.0	neg 0.7134605200398834 off 0.28307780054251935 __DUMMY__ 0.0034616794175973504	false	1.0
ungeheuer	neg 1.0		off 0.5372771444139272 neg 0.45549846351531736 __DUMMY__ 0.007224392070755445	false	0.5
