unsolidarisch	neg 1.0		off 0.5307131950783309 neg 0.46209953089504185 __DUMMY__ 0.007187274026627194	false	0.5
nachteilig	neg 1.0		off 0.5289532695642369 neg 0.46379259791928734 __DUMMY__ 0.007254132516475753	false	0.5
skeptisch	neg 1.0		off 0.5284124781946485 neg 0.4643278533972324 __DUMMY__ 0.007259668408119041	false	0.5
schrecklich	neg 1.0		off 0.5421133608297104 neg 0.45074223611935627 __DUMMY__ 0.007144403050933464	false	0.5
schlapp	neg 1.0		off 0.5390361729540871 neg 0.4537786843172582 __DUMMY__ 0.007185142728654585	false	0.5
abfall	neg 1.0		off 0.527169798204935 neg 0.4655121239945951 __DUMMY__ 0.007318077800469888	false	0.5
widerspenstig	neg 1.0		off 0.5344527028240239 neg 0.45831440189393197 __DUMMY__ 0.00723289528204405	false	0.5
abrupt	neg 1.0		off 0.5321919788850491 neg 0.46051142856868843 __DUMMY__ 0.007296592546262415	false	0.5
unwirksam	neg 1.0		off 0.5298193816936702 neg 0.4630103742607924 __DUMMY__ 0.007170244045537464	false	0.5
angreifen	neg 1.0		off 0.5286240983262447 neg 0.4641122521847478 __DUMMY__ 0.007263649489007546	false	0.5
inkonsistent	neg 1.0		off 0.5342968090096561 neg 0.4584921006826919 __DUMMY__ 0.007211090307651992	false	0.5
abrutschen	neg 1.0		off 0.5257654435448523 neg 0.46694840198806026 __DUMMY__ 0.007286154467087424	false	0.5
unsicher	neg 1.0		off 0.5342924563506094 neg 0.4584658836082436 __DUMMY__ 0.00724166004114703	false	0.5
bauernkind	off 1.0	off 1.0	off 0.7551548349608411 neg 0.2414861193572245 __DUMMY__ 0.0033590456819343898	false	1.0
angreifer	neg 1.0	neg 1.0	neg 0.711539622313347 off 0.284996206787217 __DUMMY__ 0.003464170899436045	false	1.0
trennen	neg 1.0		off 0.5308063405056446 neg 0.46189045109412036 __DUMMY__ 0.007303208400235142	false	0.5
schmutz	neg 1.0		off 0.5402244116358014 neg 0.45248462452331667 __DUMMY__ 0.00729096384088206	false	0.5
inkonsistenz	neg 1.0		off 0.5344463404612617 neg 0.45843671522518237 __DUMMY__ 0.007116944313555938	false	0.5
erschreckend	neg 1.0		off 0.5318415038385077 neg 0.4609399329255493 __DUMMY__ 0.007218563235943013	false	0.5
ertrinken	neg 1.0		off 0.5308572121264271 neg 0.46185669318507094 __DUMMY__ 0.007286094688501962	false	0.5
pickelface	off 1.0		off 0.533844307637409 neg 0.4589037847652435 __DUMMY__ 0.007251907597347613	false	1.0
seiner			off 0.5295070588913754 neg 0.46322392458031414 __DUMMY__ 0.007269016528310474	false	0.0
lauch	neg 1.0		off 0.5283899201128481 neg 0.46429634942973075 __DUMMY__ 0.0073137304574210455	false	0.5
unwichtig	neg 1.0		off 0.5368323549503615 neg 0.45600392887089686 __DUMMY__ 0.007163716178741626	false	0.5
steuerhinterziehung	neg 1.0	neg 1.0	neg 0.7154373110025474 off 0.2811075466025231 __DUMMY__ 0.0034551423949296346	false	1.0
schock	neg 1.0		off 0.5340797890916382 neg 0.45866563374709984 __DUMMY__ 0.007254577161262011	false	0.5
beule	neg 1.0		off 0.5397854166020759 neg 0.4530419934935691 __DUMMY__ 0.0071725899043550605	false	0.5
vergelten	neg 1.0		off 0.5429884103721734 neg 0.44982530453451597 __DUMMY__ 0.007186285093310582	false	0.5
verdorbenheit	neg 1.0		off 0.5368351202722326 neg 0.4559025880215864 __DUMMY__ 0.007262291706180949	false	0.5
trauma	neg 1.0		off 0.5352025221651437 neg 0.45756660735567106 __DUMMY__ 0.0072308704791852465	false	0.5
sinnlos	neg 1.0		off 0.5360867202993918 neg 0.4566981336880321 __DUMMY__ 0.007215146012576102	false	0.5
fettsack	off 1.0	off 1.0	off 0.7567782484315909 neg 0.2398494863299877 __DUMMY__ 0.003372265238421282	false	1.0
feige	off 1.0	off 1.0	off 0.7544602414255802 neg 0.24213117067557974 __DUMMY__ 0.0034085878988400382	false	1.0
abdanken	neg 1.0		off 0.5332396312831137 neg 0.4595214014687955 __DUMMY__ 0.007238967248090883	false	0.5
wichtigtuer	off 1.0	off 1.0	off 0.7535100827820047 neg 0.243064895410234 __DUMMY__ 0.0034250218077612133	false	1.0
misslingen	neg 1.0		off 0.5379428096275904 neg 0.45477260207724696 __DUMMY__ 0.007284588295162609	false	0.5
untreu	off 1.0		off 0.5383561001434686 neg 0.4544689763488021 __DUMMY__ 0.007174923507729245	false	1.0
missmutig	neg 1.0		off 0.5389055930814957 neg 0.45389531354706175 __DUMMY__ 0.007199093371442535	false	0.5
hurenbock	off 1.0		off 0.5382373849524071 neg 0.45451134451029607 __DUMMY__ 0.0072512705372969515	false	1.0
betrunken	neg 1.0		off 0.5408183853622265 neg 0.4520075470809111 __DUMMY__ 0.0071740675568622994	false	0.5
korrupt	off 1.0		off 0.5285332802548393 neg 0.4642621512131947 __DUMMY__ 0.007204568531966068	false	1.0
unmut	neg 1.0		off 0.5264460125275418 neg 0.46625845206761785 __DUMMY__ 0.007295535404840504	false	0.5
hackfresse	off 1.0		off 0.544333400716673 neg 0.4485712200143808 __DUMMY__ 0.007095379268946225	false	1.0
aufblasen	neg 1.0		off 0.5366957776145033 neg 0.4560723642783421 __DUMMY__ 0.007231858107154837	false	0.5
gewaltsam	neg 1.0		off 0.5336027969477282 neg 0.4591369668751934 __DUMMY__ 0.007260236177078543	false	0.5
unbeliebtheit	neg 1.0		off 0.5345890680286789 neg 0.45826300802553954 __DUMMY__ 0.007147923945781668	false	0.5
sturheit	neg 1.0		off 0.5316457635853007 neg 0.4611252900483357 __DUMMY__ 0.0072289463663635645	false	0.5
kuh	neg 1.0		off 0.5321249198465275 neg 0.46073433257771995 __DUMMY__ 0.007140747575752658	false	0.5
erschrecken	neg 1.0		off 0.539302114347519 neg 0.4534843381745672 __DUMMY__ 0.007213547477913771	false	0.5
opfer	neg 1.0		off 0.5306644800458814 neg 0.462073315731441 __DUMMY__ 0.00726220422267747	false	0.5
sinken	neg 1.0		off 0.5278221894892603 neg 0.4648769328684697 __DUMMY__ 0.007300877642270011	false	0.5
stinktier	neg 1.0		off 0.5383361199125438 neg 0.4545993273885614 __DUMMY__ 0.007064552698894764	false	0.5
tucke	off 1.0		off 0.5452729017411686 neg 0.4476470544610459 __DUMMY__ 0.007080043797785571	false	1.0
ein			off 0.534911306974931 neg 0.4578678077575123 __DUMMY__ 0.0072208852675567725	false	0.0
abstieg	neg 1.0		off 0.5295657667394991 neg 0.4631657413167061 __DUMMY__ 0.007268491943794796	false	0.5
missverstehen	neg 1.0		off 0.5343081047099951 neg 0.45852335770702807 __DUMMY__ 0.007168537582976834	false	0.5
ergebnislos	neg 1.0		off 0.529266146816559 neg 0.46346194357028336 __DUMMY__ 0.007271909613157574	false	0.5
unter			off 0.5242569181793739 neg 0.4683735936787477 __DUMMY__ 0.007369488141878531	false	0.0
manipulieren	neg 1.0		off 0.5292931244080866 neg 0.4634251279804428 __DUMMY__ 0.007281747611470519	false	0.5
unbewiesen	neg 1.0		off 0.5300009021110991 neg 0.4628228107735759 __DUMMY__ 0.007176287115324994	false	0.5
verschleppen	neg 1.0		off 0.5299875272567126 neg 0.46276836102317753 __DUMMY__ 0.007244111720109979	false	0.5
weib	off 1.0		off 0.5427075993089419 neg 0.4502406474631991 __DUMMY__ 0.007051753227858908	false	1.0
opposition	neg 1.0		off 0.5339152027245299 neg 0.4588903707743701 __DUMMY__ 0.007194426501099883	false	0.5
verkehrswidrig	neg 1.0		off 0.5452958931522947 neg 0.4475080360886353 __DUMMY__ 0.007196070759069897	false	0.5
inkorrekt	neg 1.0		off 0.5394023151533214 neg 0.4534783447879011 __DUMMY__ 0.007119340058777574	false	0.5
vermeiden	neg 1.0		off 0.5255176492647962 neg 0.46716681515677605 __DUMMY__ 0.00731553557842767	false	0.5
abweichung	neg 1.0		off 0.5292199067579199 neg 0.46353879079435817 __DUMMY__ 0.00724130244772191	false	0.5
alkoholisiert	neg 1.0		off 0.530462876987029 neg 0.46226118059153015 __DUMMY__ 0.007275942421440802	false	0.5
scheiss	off 1.0	off 1.0	off 0.7555658433798641 neg 0.24101683557283346 __DUMMY__ 0.0034173210473025036	false	1.0
herausforderung	neg 1.0		off 0.529565631112602 neg 0.46315790099753773 __DUMMY__ 0.007276467889860254	false	0.5
pervers	off 1.0		off 0.5470083678983937 neg 0.4459334329234273 __DUMMY__ 0.00705819917817914	false	1.0
wackelig	neg 1.0		off 0.5344187795347272 neg 0.45829607527214494 __DUMMY__ 0.0072851451931278495	false	0.5
verwickeln	neg 1.0		off 0.5338969287701397 neg 0.4589283662971693 __DUMMY__ 0.007174704932690917	false	0.5
vorwand	neg 1.0		off 0.5281712922608282 neg 0.4645615858621268 __DUMMY__ 0.007267121877045055	false	0.5
muschi	off 1.0		off 0.5337217906993895 neg 0.4590307485043827 __DUMMY__ 0.007247460796227766	false	1.0
entmutigung	neg 1.0		off 0.534132567685911 neg 0.4586581709491568 __DUMMY__ 0.007209261364932177	false	0.5
unangemessen	neg 1.0		off 0.5296506143698188 neg 0.4631459919854939 __DUMMY__ 0.007203393644687455	false	0.5
unstetig	neg 1.0		off 0.5361980005499817 neg 0.45659885367028363 __DUMMY__ 0.007203145779734751	false	0.5
entmutigen	neg 1.0		off 0.5346980988677597 neg 0.45807970321156954 __DUMMY__ 0.00722219792067081	false	0.5
schwanz	neg 1.0		off 0.5315667417110655 neg 0.46116460084068966 __DUMMY__ 0.007268657448244746	false	0.5
verbot	neg 1.0		off 0.5301663190995625 neg 0.462593915261752 __DUMMY__ 0.007239765638685354	false	0.5
leid	neg 1.0		off 0.5423265013998965 neg 0.4505642912674724 __DUMMY__ 0.007109207332631285	false	0.5
archaisch	neg 1.0		off 0.5321554436685092 neg 0.46060931537038735 __DUMMY__ 0.007235240961103486	false	0.5
gegen			off 0.5272422684915846 neg 0.46546501317219247 __DUMMY__ 0.007292718336222862	false	0.0
scheidung	neg 1.0		off 0.5550467462193629 neg 0.43786274916527745 __DUMMY__ 0.0070905046153595585	false	0.5
einschlag	neg 1.0		off 0.5411445196427731 neg 0.45169810482509193 __DUMMY__ 0.007157375532134895	false	0.5
m			off 0.5325714647149782 neg 0.46016343991793995 __DUMMY__ 0.007265095367081803	false	0.0
abgestanden	neg 1.0		off 0.533863824053118 neg 0.45892729256095566 __DUMMY__ 0.007208883385926291	false	0.5
schmierig	off 1.0		off 0.5433411809812632 neg 0.44951691014740824 __DUMMY__ 0.007141908871328699	false	1.0
unpraktisch	neg 1.0		off 0.5353438422686423 neg 0.4574398105664581 __DUMMY__ 0.0072163471648995425	false	0.5
wixxer	off 1.0		off 0.5457928747385866 neg 0.4471727111929695 __DUMMY__ 0.007034414068443979	false	1.0
bezeichnet			off 0.5316720240284527 neg 0.46113247659569045 __DUMMY__ 0.007195499375856829	false	0.0
jammerlappen	off 1.0		off 0.5387350245071755 neg 0.4540721487769761 __DUMMY__ 0.007192826715848457	false	1.0
farce	neg 1.0		off 0.5306461047606308 neg 0.4621302005666252 __DUMMY__ 0.007223694672744043	false	0.5
zwecklos	neg 1.0		off 0.5306323609981316 neg 0.46214159087202583 __DUMMY__ 0.007226048129842612	false	0.5
turbulent	neg 1.0		off 0.5394045793013719 neg 0.4534319905527991 __DUMMY__ 0.007163430145829077	false	0.5
invasion	neg 1.0		off 0.5350810787239361 neg 0.4577151176028692 __DUMMY__ 0.00720380367319483	false	0.5
schuld	neg 1.0		off 0.5335605017289857 neg 0.45923852220198086 __DUMMY__ 0.0072009760690334105	false	0.5
risiko	neg 1.0	neg 1.0	neg 0.7118720783889998 off 0.2846604410103535 __DUMMY__ 0.0034674806006466667	false	1.0
finster	neg 1.0		off 0.5334162134127045 neg 0.4593958319992131 __DUMMY__ 0.007187954588082521	false	0.5
geisteskrank	off 1.0		off 0.5370429737808576 neg 0.4558329469254841 __DUMMY__ 0.007124079293658329	false	1.0
zusammenbrechen	neg 1.0		off 0.5319194877858495 neg 0.46083679155885643 __DUMMY__ 0.007243720655294049	false	0.5
ausbeute	neg 1.0		off 0.5357517072925256 neg 0.45690921998544637 __DUMMY__ 0.007339072722027971	false	0.5
hinterhalt	neg 1.0		off 0.5378779030504077 neg 0.4547925047661109 __DUMMY__ 0.007329592183481446	false	0.5
kritik	neg 1.0		off 0.5302525820760167 neg 0.46252528581037905 __DUMMY__ 0.007222132113604201	false	0.5
einschrumpfen	neg 1.0		off 0.5363795922725839 neg 0.4564441893516887 __DUMMY__ 0.007176218375727575	false	0.5
riskant	neg 1.0		off 0.5283388642943 neg 0.4644162156796471 __DUMMY__ 0.007244920026052905	false	0.5
frustrieren	neg 1.0		off 0.5295146414711904 neg 0.46324217754455377 __DUMMY__ 0.007243180984255763	false	0.5
groll	neg 1.0		off 0.530055838323723 neg 0.4627166223306305 __DUMMY__ 0.007227539345646481	false	0.5
gibt			off 0.5320190145989375 neg 0.4607364333727646 __DUMMY__ 0.007244552028297976	false	0.0
qualvoll	neg 1.0		off 0.5378138425846053 neg 0.45496776269846967 __DUMMY__ 0.007218394716925185	false	0.5
wackeln	neg 1.0		off 0.5369573943403325 neg 0.4557840131070673 __DUMMY__ 0.007258592552600057	false	0.5
klagen	neg 1.0		off 0.5264993994679059 neg 0.46622195167219105 __DUMMY__ 0.007278648859903162	false	0.5
bankrott	neg 1.0		off 0.539383263073541 neg 0.4534010673778055 __DUMMY__ 0.007215669548653338	false	0.5
trauern	neg 1.0		off 0.5321955749942325 neg 0.4605091597723774 __DUMMY__ 0.007295265233390226	false	0.5
ablehnung	neg 1.0		off 0.5296968248873137 neg 0.4630827669611056 __DUMMY__ 0.007220408151580588	false	0.5
stur	neg 1.0		off 0.533483406735766 neg 0.45932076709276226 __DUMMY__ 0.007195826171471744	false	0.5
aufruhr	neg 1.0		off 0.5328631001086105 neg 0.4598956846012512 __DUMMY__ 0.007241215290138229	false	0.5
melancholie	neg 1.0		off 0.5316443705026553 neg 0.4610916610537542 __DUMMY__ 0.007263968443590442	false	0.5
ist			off 0.5355540678482558 neg 0.45723346799485953 __DUMMY__ 0.007212464156884622	false	0.0
torheit	neg 1.0		off 0.5340390157459077 neg 0.4587346131152398 __DUMMY__ 0.007226371138852586	false	0.5
dreckskind	off 1.0		off 0.5419297135107738 neg 0.45099038063967567 __DUMMY__ 0.007079905849550677	false	1.0
umtauschen	neg 1.0		off 0.5336715920556947 neg 0.45909672181174155 __DUMMY__ 0.007231686132563706	false	0.5
zum			off 0.5287320174559589 neg 0.463903348014166 __DUMMY__ 0.007364634529875046	false	0.0
zersetzen	neg 1.0		off 0.5277755681717629 neg 0.4649706714167317 __DUMMY__ 0.0072537604115054995	false	0.5
zur			off 0.5261817247782571 neg 0.46647751435200346 __DUMMY__ 0.007340760869739401	false	0.0
frust	neg 1.0		off 0.5321671147309088 neg 0.4605844138489076 __DUMMY__ 0.007248471420183504	false	0.5
unerbittlichkeit	neg 1.0		off 0.5284955551875955 neg 0.464238282771973 __DUMMY__ 0.007266162040431547	false	0.5
zwei			off 0.5290309922581764 neg 0.4636251710967223 __DUMMY__ 0.007343836645101421	false	0.0
unkorrekt	neg 1.0		off 0.5399237181801567 neg 0.4529408937865787 __DUMMY__ 0.007135388033264493	false	0.5
hexe	off 1.0		off 0.5366363261012471 neg 0.4562162748468133 __DUMMY__ 0.007147399051939461	false	1.0
lasch	neg 1.0		off 0.5352369415055304 neg 0.457602169547596 __DUMMY__ 0.0071608889468736895	false	0.5
rivale	neg 1.0		off 0.5404779274093041 neg 0.45235948168696893 __DUMMY__ 0.007162590903727063	false	0.5
mutlos	off 1.0	off 1.0	off 0.7501242190766405 neg 0.24641802056415144 __DUMMY__ 0.0034577603592080737	false	1.0
wirr	off 1.0		off 0.5408523763633956 neg 0.4520192049687314 __DUMMY__ 0.007128418667873073	false	1.0
jahr			off 0.5328364502994362 neg 0.4598172602924341 __DUMMY__ 0.007346289408129616	false	0.0
wird			off 0.5306240498421265 neg 0.46212851786560305 __DUMMY__ 0.00724743229227041	false	0.0
strafbar	neg 1.0		off 0.5287317622502592 neg 0.4640268657503318 __DUMMY__ 0.007241371999408823	false	0.5
erosion	neg 1.0		off 0.5357111189299766 neg 0.4570302903784142 __DUMMY__ 0.007258590691609151	false	0.5
eingehen	neg 1.0		off 0.5288599150196797 neg 0.4639017019835384 __DUMMY__ 0.007238382996781872	false	0.5
faul	off 1.0		off 0.5388301931170384 neg 0.45396343660120275 __DUMMY__ 0.007206370281758942	false	1.0
provisorium	neg 1.0		off 0.5252197511829538 neg 0.4674085769346872 __DUMMY__ 0.007371671882359088	false	0.5
schmerzen	neg 1.0		off 0.5322042783112487 neg 0.4605721433423554 __DUMMY__ 0.0072235783463959384	false	0.5
schrumpfen	neg 1.0		off 0.5237994914608052 neg 0.46890602046258323 __DUMMY__ 0.007294488076611649	false	0.5
geistlos	off 1.0		off 0.5333613016367631 neg 0.4594801632263046 __DUMMY__ 0.007158535136932186	false	1.0
fehlkauf	neg 1.0		off 0.5369528165514807 neg 0.45581169666418236 __DUMMY__ 0.007235486784336949	false	0.5
frustrierend	neg 1.0		off 0.537119790942992 neg 0.45568985444076704 __DUMMY__ 0.00719035461624097	false	0.5
unzufrieden	neg 1.0		off 0.5297920889244876 neg 0.4629870178403503 __DUMMY__ 0.00722089323516216	false	0.5
verzweifeln	neg 1.0		off 0.5324911784382949 neg 0.4602762840717728 __DUMMY__ 0.007232537489932455	false	0.5
verzweifelt	neg 1.0	neg 1.0	neg 0.7140220598837904 off 0.28254818971422385 __DUMMY__ 0.0034297504019857334	false	1.0
misstrauensantrag	neg 1.0		off 0.5355584462766774 neg 0.45723580381833073 __DUMMY__ 0.007205749904991879	false	0.5
abfallen	neg 1.0		off 0.5364332568892974 neg 0.4563185050540751 __DUMMY__ 0.007248238056627418	false	0.5
fucker	off 1.0		off 0.5420354827381163 neg 0.450786267102172 __DUMMY__ 0.007178250159711747	false	1.0
ungezogen	neg 1.0		off 0.5466139617446868 neg 0.44631345236893494 __DUMMY__ 0.007072585886378356	false	0.5
irrsinnig	neg 1.0	neg 1.0	neg 0.7137299482802423 off 0.28283529271737845 __DUMMY__ 0.0034347590023791987	false	1.0
unfassbar	neg 1.0		off 0.5395654310199672 neg 0.45325600660534243 __DUMMY__ 0.007178562374690324	false	0.5
hart	neg 1.0		off 0.5392716390344523 neg 0.45354831649696453 __DUMMY__ 0.007180044468583204	false	0.5
widerlich	off 1.0		off 0.5382560454332725 neg 0.4546012258191677 __DUMMY__ 0.007142728747559895	false	1.0
fatal	neg 1.0		off 0.5364931321519391 neg 0.4562885043449361 __DUMMY__ 0.0072183635031247174	false	0.5
bruch	neg 1.0		off 0.5272441808354442 neg 0.46547368851980087 __DUMMY__ 0.007282130644754952	false	0.5
aushungern	neg 1.0		off 0.5326039526003795 neg 0.46013815295155963 __DUMMY__ 0.00725789444806088	false	0.5
anspannung	neg 1.0		off 0.5276787118038022 neg 0.4649740242142446 __DUMMY__ 0.007347263981953154	false	0.5
von			off 0.5342621150873662 neg 0.4583696418505954 __DUMMY__ 0.0073682430620383875	false	0.0
kraftlos	neg 1.0		off 0.5323415581356681 neg 0.46039743053553467 __DUMMY__ 0.007261011328797296	false	0.5
vom			off 0.5269993148372752 neg 0.4656129442568027 __DUMMY__ 0.00738774090592205	false	0.0
grenzdebil	off 1.0		off 0.5404828909579608 neg 0.4523331331729484 __DUMMY__ 0.0071839758690907625	false	1.0
vor			off 0.5297101040473146 neg 0.4629835625533696 __DUMMY__ 0.007306333399315792	false	0.0
unterwerfen	neg 1.0		off 0.5303506250179248 neg 0.4623910441859241 __DUMMY__ 0.007258330796151046	false	0.5
versenkung	neg 1.0		off 0.5314580808999769 neg 0.46126659100016765 __DUMMY__ 0.007275328099855386	false	0.5
entziehen	neg 1.0		off 0.5270913592499703 neg 0.46563182645770124 __DUMMY__ 0.007276814292328369	false	0.5
finanzkrise	neg 1.0		off 0.5314826252305288 neg 0.4612990020161462 __DUMMY__ 0.007218372753324889	false	0.5
schimpfend	neg 1.0		off 0.5359259258330538 neg 0.4568617289620009 __DUMMY__ 0.007212345204945297	false	0.5
profan	neg 1.0		off 0.5354095817004683 neg 0.45739999124823005 __DUMMY__ 0.007190427051301757	false	0.5
korruption	neg 1.0		off 0.5303149770045781 neg 0.46243841222189563 __DUMMY__ 0.007246610773526369	false	0.5
â			off 0.533032122927024 neg 0.4596842516593021 __DUMMY__ 0.007283625413674065	false	0.0
schmutzig	neg 1.0		off 0.5416074682101363 neg 0.45120114619078955 __DUMMY__ 0.007191385599074255	false	0.5
sexy	neg 1.0		off 0.5382862711450943 neg 0.4544980694415762 __DUMMY__ 0.007215659413329625	false	0.5
abraten	neg 1.0		off 0.5356252482647786 neg 0.4571652685847385 __DUMMY__ 0.007209483150482755	false	0.5
schwarz	neg 1.0		off 0.535465102759476 neg 0.4573167332616923 __DUMMY__ 0.007218163978831553	false	0.5
fotze	off 1.0	off 1.0	off 0.752505857066695 neg 0.24402207195800266 __DUMMY__ 0.003472070975302261	false	1.0
verwirren	neg 1.0		off 0.5365733201677034 neg 0.45622748899523785 __DUMMY__ 0.007199190837058501	false	0.5
zahnlos	off 1.0		off 0.5311414232590597 neg 0.4616344297249097 __DUMMY__ 0.0072241470160306675	false	1.0
verheeren	neg 1.0		off 0.5501493720904616 neg 0.4427503404277663 __DUMMY__ 0.007100287481772165	false	0.5
hippie	neg 1.0		off 0.5379004039958942 neg 0.45488159617824087 __DUMMY__ 0.007217999825864923	false	0.5
rammen	neg 1.0		off 0.5343261515724795 neg 0.4584767879466338 __DUMMY__ 0.007197060480886608	false	0.5
unlauter	neg 1.0		off 0.5317975198287613 neg 0.46102752529697755 __DUMMY__ 0.0071749548742610905	false	0.5
unheilvoll	neg 1.0		off 0.5368211800540784 neg 0.4559490773000776 __DUMMY__ 0.007229742645843919	false	0.5
niedrig	neg 1.0		off 0.5276850910699874 neg 0.4650769031150658 __DUMMY__ 0.00723800581494701	false	0.5
explosion	neg 1.0		off 0.5368725383691287 neg 0.4559155828270871 __DUMMY__ 0.007211878803784171	false	0.5
weichei	off 1.0	off 1.0	off 0.7578689644039162 neg 0.23874440797911767 __DUMMY__ 0.00338662761696614	false	1.0
minusmensch	off 1.0		off 0.54404502735081 neg 0.44889238916515195 __DUMMY__ 0.007062583484038051	false	1.0
farblos	neg 1.0		off 0.5350510674367545 neg 0.4576967935951284 __DUMMY__ 0.007252138968117299	false	0.5
unwissend	neg 1.0	neg 1.0	neg 0.7118690497089399 off 0.284715556980716 __DUMMY__ 0.0034153933103440322	false	1.0
traurig	neg 1.0		off 0.5418077905834964 neg 0.4510350293146441 __DUMMY__ 0.007157180101859557	false	0.5
senkung	neg 1.0		off 0.5340427518067379 neg 0.45878867952671354 __DUMMY__ 0.007168568666548509	false	0.5
ungleich	neg 1.0	neg 1.0	neg 0.7167996202794488 off 0.27974160754889915 __DUMMY__ 0.0034587721716520343	false	1.0
heikel	neg 1.0		off 0.5279430179050538 neg 0.46481736135819485 __DUMMY__ 0.007239620736751402	false	0.5
drosselung	neg 1.0		off 0.5398060661993805 neg 0.45301968748936705 __DUMMY__ 0.007174246311252455	false	0.5
falsch	neg 1.0		off 0.5365652475288734 neg 0.45625838225780707 __DUMMY__ 0.007176370213319602	false	0.5
unzufriedenheit	neg 1.0		off 0.5278660639027644 neg 0.46486170412746064 __DUMMY__ 0.007272231969775073	false	0.5
kurz	neg 1.0		off 0.5342060494307075 neg 0.45852394500178534 __DUMMY__ 0.007270005567507211	false	0.5
unsinnig	neg 1.0		off 0.5305692563423795 neg 0.4622210248377586 __DUMMY__ 0.007209718819861974	false	0.5
penner	off 1.0	off 1.0	off 0.7588760434887145 neg 0.23773937202199089 __DUMMY__ 0.0033845844892946004	false	1.0
seicht	neg 1.0		off 0.5447332853772207 neg 0.4482098470243447 __DUMMY__ 0.007056867598434602	false	0.5
dummheit	off 1.0	off 1.0	off 0.7537428507072589 neg 0.24283259734060075 __DUMMY__ 0.0034245519521404004	false	1.0
unerfreulich	neg 1.0		off 0.528446639919476 neg 0.46428777784529524 __DUMMY__ 0.007265582235228806	false	0.5
motherfucker	off 1.0	off 1.0	off 0.7568470945593743 neg 0.23972994631831201 __DUMMY__ 0.0034229591223137097	false	1.0
pikiert	neg 1.0		off 0.5382840551186184 neg 0.45455553680958544 __DUMMY__ 0.007160408071796093	false	0.5
wrack	neg 1.0		off 0.533407716764681 neg 0.4593209171096538 __DUMMY__ 0.007271366125665178	false	0.5
gangster	neg 1.0		off 0.5379122456886146 neg 0.45487122895276727 __DUMMY__ 0.007216525358618163	false	0.5
krank	neg 1.0		off 0.5404171381879153 neg 0.45240068685867935 __DUMMY__ 0.007182174953405521	false	0.5
reich	neg 1.0		off 0.5411490512015837 neg 0.451632646824695 __DUMMY__ 0.007218301973721356	false	0.5
gnadenlos	neg 1.0		off 0.53433318326342 neg 0.45845555954893297 __DUMMY__ 0.007211257187646871	false	0.5
niedergeschlagen	neg 1.0		off 0.5334193524752473 neg 0.459325871412355 __DUMMY__ 0.007254776112397642	false	0.5
terrorisieren	off 1.0	off 1.0	off 0.751193000561383 neg 0.24533534150093514 __DUMMY__ 0.0034716579376818857	false	1.0
sinnlosigkeit	neg 1.0		off 0.5310772902566525 neg 0.46168911672917723 __DUMMY__ 0.007233593014170084	false	0.5
behindern	neg 1.0		off 0.5338445621172826 neg 0.4589088335784947 __DUMMY__ 0.007246604304222772	false	0.5
undemokratisch	neg 1.0		off 0.533881998085451 neg 0.458907001019104 __DUMMY__ 0.007211000895445079	false	0.5
wirtschaftskrise	neg 1.0		off 0.5297056849435732 neg 0.4630540675560856 __DUMMY__ 0.007240247500341373	false	0.5
neid	neg 1.0		off 0.538399679944823 neg 0.45439321350504186 __DUMMY__ 0.007207106550135251	false	0.5
rutschen	neg 1.0		off 0.5296971925907569 neg 0.462946196051695 __DUMMY__ 0.007356611357548028	false	0.5
rezession	neg 1.0		off 0.5377612038971669 neg 0.45515350645781727 __DUMMY__ 0.007085289645015803	false	0.5
fehlgeburt	neg 1.0		off 0.5369223965600766 neg 0.45584468911402626 __DUMMY__ 0.007232914325897193	false	0.5
charakterschwach	off 1.0		off 0.5380855507572255 neg 0.4547695100176627 __DUMMY__ 0.007144939225111946	false	1.0
isolation	neg 1.0		off 0.5375189478374194 neg 0.4552794251176628 __DUMMY__ 0.007201627044917807	false	0.5
ablenkung	neg 1.0		off 0.5345125889864544 neg 0.45824872438066416 __DUMMY__ 0.007238686632881386	false	0.5
pech	neg 1.0		off 0.536169849181045 neg 0.45665447653055913 __DUMMY__ 0.007175674288395767	false	0.5
vermeidung	neg 1.0		off 0.5409135396074928 neg 0.45189737973459265 __DUMMY__ 0.0071890806579146364	false	0.5
dominieren	neg 1.0		off 0.5310794042794681 neg 0.4616477965347812 __DUMMY__ 0.007272799185750559	false	0.5
schwindlig	neg 1.0		off 0.5372195221671678 neg 0.4555534875680532 __DUMMY__ 0.007226990264778888	false	0.5
lutscher	neg 1.0		off 0.5459288770865972 neg 0.44700724069170267 __DUMMY__ 0.007063882221700164	false	0.5
pflicht	neg 1.0		off 0.5271695150842597 neg 0.4655757859437618 __DUMMY__ 0.007254698971978474	false	0.5
faschist	off 1.0		off 0.5366978386677292 neg 0.456104032591433 __DUMMY__ 0.007198128740837653	false	1.0
verschleudern	neg 1.0		off 0.5278160836176502 neg 0.46494446566673275 __DUMMY__ 0.007239450715617014	false	0.5
wenn			off 0.5376142672016996 neg 0.4551964153834818 __DUMMY__ 0.007189317414818829	false	0.0
ehebruch	neg 1.0		off 0.5310357002844315 neg 0.4617058105227751 __DUMMY__ 0.007258489192793345	false	0.5
spott	off 1.0		off 0.5294459950614475 neg 0.4633083226138168 __DUMMY__ 0.0072456823247356	false	1.0
trostlosigkeit	neg 1.0		off 0.5297351791800553 neg 0.4629604426255172 __DUMMY__ 0.007304378194427396	false	0.5
lutschen	neg 1.0		off 0.5368652296569543 neg 0.45594674536781016 __DUMMY__ 0.007188024975235668	false	0.5
undiszipliniert	neg 1.0		off 0.5404339506719577 neg 0.45241922604644086 __DUMMY__ 0.007146823281601468	false	0.5
kopfschmerz	neg 1.0		off 0.5315662851843284 neg 0.46119820056759003 __DUMMY__ 0.007235514248081709	false	0.5
unvorhergesehen	neg 1.0		off 0.5321515467156563 neg 0.46053993357562395 __DUMMY__ 0.007308519708719666	false	0.5
desinteressiert	neg 1.0		off 0.5400104172474638 neg 0.45283728290302494 __DUMMY__ 0.007152299849511377	false	0.5
armselig	off 1.0		off 0.539563974418475 neg 0.45331673216717616 __DUMMY__ 0.007119293414348968	false	1.0
desaster	neg 1.0		off 0.5266503296167864 neg 0.4660630754307988 __DUMMY__ 0.00728659495241496	false	0.5
tod	neg 1.0		off 0.53571395896546 neg 0.4569649896756178 __DUMMY__ 0.0073210513589220955	false	0.5
herzlos	neg 1.0		off 0.5410026557497751 neg 0.45185509104613125 __DUMMY__ 0.0071422532040937604	false	0.5
unwissenheit	neg 1.0		off 0.530667616433465 neg 0.4620978207696839 __DUMMY__ 0.007234562796851064	false	0.5
widersinnig	neg 1.0		off 0.5282043281760869 neg 0.46460084990073286 __DUMMY__ 0.007194821923180193	false	0.5
bedenklich	neg 1.0		off 0.5292065304141205 neg 0.46356076653698175 __DUMMY__ 0.007232703048897686	false	0.5
beanstanden	neg 1.0		off 0.5272430869195944 neg 0.4654934160193174 __DUMMY__ 0.007263497061088113	false	0.5
panisch	neg 1.0	neg 1.0	neg 0.7109884444802822 off 0.2855491186691757 __DUMMY__ 0.003462436850542037	false	1.0
debil	off 1.0		off 0.5262229618223102 neg 0.4664112285777988 __DUMMY__ 0.007365809599891093	false	1.0
abstrich	neg 1.0		off 0.5390405844312562 neg 0.4536345196957872 __DUMMY__ 0.0073248958729564655	false	0.5
primitiv	neg 1.0		off 0.5383417534033479 neg 0.4545185392888432 __DUMMY__ 0.007139707307808901	false	0.5
abschaum	off 1.0	off 1.0	off 0.7552470911720376 neg 0.2413326767073792 __DUMMY__ 0.00342023212058323	false	1.0
provozieren	neg 1.0		off 0.5328283025925526 neg 0.45998001630131297 __DUMMY__ 0.007191681106134528	false	0.5
tot	neg 1.0		off 0.5314513221705236 neg 0.4613016461680702 __DUMMY__ 0.007247031661406151	false	0.5
instabil	neg 1.0		off 0.540016414573048 neg 0.45284679146447887 __DUMMY__ 0.007136793962473119	false	0.5
schwuchtel	off 1.0	off 1.0	off 0.760815900718152 neg 0.23583940531064446 __DUMMY__ 0.003344693971203471	false	1.0
zerren	neg 1.0		off 0.5326502257894812 neg 0.46009368329196376 __DUMMY__ 0.007256090918555082	false	0.5
kinderficker	off 1.0		off 0.5437217080447984 neg 0.4491537197741662 __DUMMY__ 0.007124572181035451	false	1.0
gefahr	neg 1.0		off 0.5288531833373878 neg 0.46385562696809873 __DUMMY__ 0.007291189694513407	false	0.5
rabiat	neg 1.0		off 0.5341579751898945 neg 0.4586107329092242 __DUMMY__ 0.0072312919008813	false	0.5
verlangsamung	neg 1.0		off 0.5430348704842713 neg 0.44988923485235466 __DUMMY__ 0.007075894663374079	false	0.5
ausgestorben	neg 1.0		off 0.5344701590035379 neg 0.45828606519118936 __DUMMY__ 0.007243775805272779	false	0.5
anklagen	neg 1.0		off 0.5309520498103982 neg 0.46179683784159714 __DUMMY__ 0.007251112348004654	false	0.5
trott	neg 1.0		off 0.5340465982356463 neg 0.4587107578410689 __DUMMY__ 0.007242643923284798	false	0.5
verminderung	neg 1.0		off 0.5401720437191593 neg 0.4526588110235559 __DUMMY__ 0.0071691452572849295	false	0.5
nach			off 0.5278586749711502 neg 0.4647851196966864 __DUMMY__ 0.007356205332163315	false	0.0
rost	neg 1.0		off 0.5437278255432593 neg 0.4491588611810169 __DUMMY__ 0.007113313275723686	false	0.5
destruktiv	neg 1.0		off 0.5319916780787738 neg 0.4608021649240162 __DUMMY__ 0.007206156997209933	false	0.5
unzumutbarkeit	neg 1.0		off 0.5399119921983646 neg 0.4528929128571799 __DUMMY__ 0.007195094944455554	false	0.5
labil	off 1.0	off 1.0	off 0.7552093422714373 neg 0.24136150604907525 __DUMMY__ 0.0034291516794873623	false	1.0
ziemlich	neg 1.0		off 0.5399118254786599 neg 0.4529011483265981 __DUMMY__ 0.007187026194742085	false	0.5
lachnummer	off 1.0		off 0.5327550170134816 neg 0.46004097594775656 __DUMMY__ 0.007204007038761911	false	1.0
oder			off 0.5353706250570198 neg 0.4573957245727154 __DUMMY__ 0.007233650370264809	false	0.0
verfall	neg 1.0		off 0.525054709235572 neg 0.46763269551981473 __DUMMY__ 0.0073125952446133026	false	0.5
ausgrenzung	neg 1.0		off 0.5349119771552071 neg 0.45787504135603835 __DUMMY__ 0.007212981488754427	false	0.5
unordnung	neg 1.0		off 0.5441840613175553 neg 0.44861208049333234 __DUMMY__ 0.007203858189112323	false	0.5
fehlverhalten	neg 1.0		off 0.5272106256114155 neg 0.4655485732218333 __DUMMY__ 0.007240801166751126	false	0.5
eine			off 0.5295767371273696 neg 0.46313269728273265 __DUMMY__ 0.0072905655898976495	false	0.0
nille	neg 1.0		off 0.5346827300717664 neg 0.45806249571466967 __DUMMY__ 0.0072547742135641025	false	0.5
qual	neg 1.0		off 0.5338505194788937 neg 0.45890083718117664 __DUMMY__ 0.007248643339929735	false	0.5
verschwenden	neg 1.0		off 0.5285130940077118 neg 0.46425224491559497 __DUMMY__ 0.007234661076693185	false	0.5
riesig	neg 1.0		off 0.5325917819149363 neg 0.460122734723098 __DUMMY__ 0.0072854833619657045	false	0.5
verurteilen	neg 1.0		off 0.5297721946024556 neg 0.46300504922175506 __DUMMY__ 0.007222756175789247	false	0.5
klischee	neg 1.0	neg 1.0	neg 0.7124305477191021 off 0.2841465542113505 __DUMMY__ 0.0034228980695474123	false	1.0
diktatorisch	neg 1.0		off 0.5335120078994273 neg 0.45928685635980754 __DUMMY__ 0.00720113574076505	false	0.5
vorhersehbar	neg 1.0		off 0.5344567515047319 neg 0.4583786236989774 __DUMMY__ 0.007164624796290611	false	0.5
sowie			off 0.5429194301942804 neg 0.44995671499790096 __DUMMY__ 0.0071238548078187275	false	0.0
stornieren	neg 1.0		off 0.539601365011921 neg 0.4531235810885806 __DUMMY__ 0.007275053899498366	false	0.5
besteuerung	neg 1.0		off 0.5316686805983089 neg 0.46115275209157536 __DUMMY__ 0.0071785673101157	false	0.5
ungeschminkt	neg 1.0		off 0.5375084037816615 neg 0.45536241171984276 __DUMMY__ 0.007129184498495747	false	0.5
kritisch	neg 1.0		off 0.5293190955845558 neg 0.4634398239370857 __DUMMY__ 0.007241080478358354	false	0.5
schlamperei	off 1.0		off 0.5294021124106972 neg 0.46332602405467593 __DUMMY__ 0.007271863534626876	false	1.0
sucht	neg 1.0	neg 1.0	neg 0.7098384739736501 off 0.28665956779670776 __DUMMY__ 0.003501958229642142	false	1.0
egoistisch	off 1.0		off 0.5421090238237093 neg 0.45079659475158046 __DUMMY__ 0.007094381424710181	false	1.0
ausbeuter	off 1.0		off 0.5266053892232877 neg 0.4661636383564391 __DUMMY__ 0.0072309724202733305	false	1.0
arschgeburt	off 1.0		off 0.5475616986154911 neg 0.4454298599588807 __DUMMY__ 0.007008441425628251	false	1.0
schubs	neg 1.0		off 0.532005234244376 neg 0.4607540091712138 __DUMMY__ 0.007240756584410173	false	0.5
unsolide	neg 1.0		off 0.5330751843572545 neg 0.459747482272938 __DUMMY__ 0.007177333369807449	false	0.5
beschwerde	neg 1.0		off 0.5286887316818295 neg 0.4640690849509431 __DUMMY__ 0.007242183367227483	false	0.5
stocken	neg 1.0		off 0.5300210917646949 neg 0.4627064576603976 __DUMMY__ 0.007272450574907493	false	0.5
isolieren	neg 1.0		off 0.5307663792347239 neg 0.46198379378527926 __DUMMY__ 0.007249826979996766	false	0.5
unheilbar	neg 1.0		off 0.5352494842074571 neg 0.4575073392641271 __DUMMY__ 0.007243176528415752	false	0.5
pisser	off 1.0		off 0.5402483378980655 neg 0.452613197565403 __DUMMY__ 0.0071384645365316236	false	1.0
löschen	neg 1.0		off 0.5347023180487281 neg 0.4580522239360849 __DUMMY__ 0.007245458015186888	false	0.5
durchfallen	neg 1.0		off 0.5284999715210159 neg 0.4642875721722353 __DUMMY__ 0.007212456306748785	false	0.5
wichser	off 1.0	off 1.0	off 0.7602563184274109 neg 0.23637483564628253 __DUMMY__ 0.0033688459263064422	false	1.0
terror	neg 1.0		off 0.5376014148873182 neg 0.45518090247785475 __DUMMY__ 0.00721768263482705	false	0.5
krass	neg 1.0		off 0.541361583257788 neg 0.45150889056700594 __DUMMY__ 0.007129526175205945	false	0.5
revolte	neg 1.0		off 0.5358661601396112 neg 0.4569175449944765 __DUMMY__ 0.007216294865912298	false	0.5
besorgt	neg 1.0		off 0.5357090484516315 neg 0.45699160342326195 __DUMMY__ 0.007299348125106646	false	0.5
nachlassen	neg 1.0		off 0.5320433671232487 neg 0.4606540572052656 __DUMMY__ 0.007302575671485588	false	0.5
alt	neg 1.0		off 0.5317997933462635 neg 0.46095064789936424 __DUMMY__ 0.007249558754372284	false	0.5
hundesohn	off 1.0		off 0.5462798714607159 neg 0.4466500134989181 __DUMMY__ 0.007070115040365978	false	1.0
als			off 0.531447258882459 neg 0.46131260036073013 __DUMMY__ 0.007240140756810805	false	0.0
abschreckung	neg 1.0		off 0.5278044440350962 neg 0.46491929942256915 __DUMMY__ 0.007276256542334653	false	0.5
unqualifiziert	neg 1.0		off 0.5349101141828861 neg 0.4579369125640305 __DUMMY__ 0.007152973253083226	false	0.5
abgewichst	off 1.0		off 0.534075362884974 neg 0.45866458552211425 __DUMMY__ 0.007260051592911575	false	1.0
schwer	neg 1.0		off 0.5323502326238866 neg 0.46043122789941193 __DUMMY__ 0.0072185394767014955	false	0.5
bedeutungslosigkeit	neg 1.0		off 0.5281336106095874 neg 0.4646077089877678 __DUMMY__ 0.007258680402644841	false	0.5
kapitulation	neg 1.0		off 0.5303957833660196 neg 0.4623401009548922 __DUMMY__ 0.007264115679088051	false	0.5
unscharf	neg 1.0		off 0.5347848530187869 neg 0.4580354485716027 __DUMMY__ 0.0071796984096103985	false	0.5
schwinden	neg 1.0		off 0.5296368851028735 neg 0.4630770098332985 __DUMMY__ 0.007286105063827842	false	0.5
versklavung	neg 1.0		off 0.5354402378907774 neg 0.457321239614971 __DUMMY__ 0.007238522494251676	false	0.5
schlecht	neg 1.0		off 0.5400597445193697 neg 0.45275378362033597 __DUMMY__ 0.007186471860294294	false	0.5
verhasst	neg 1.0		off 0.5325440103438672 neg 0.4602816536023037 __DUMMY__ 0.0071743360538290704	false	0.5
beschweren	neg 1.0		off 0.5352853830898071 neg 0.45750881632999474 __DUMMY__ 0.007205800580198269	false	0.5
scheiden	neg 1.0		off 0.5354418813475357 neg 0.457304569786604 __DUMMY__ 0.007253548865860307	false	0.5
frustriert	neg 1.0		off 0.5314270961546881 neg 0.46134865176984297 __DUMMY__ 0.007224252075468924	false	0.5
schimmelig	neg 1.0		off 0.5294846124927203 neg 0.46329785128107065 __DUMMY__ 0.007217536226208933	false	0.5
fisch	neg 1.0		off 0.5273687180134394 neg 0.46538172649165194 __DUMMY__ 0.00724955549490849	false	0.5
schmuggel	neg 1.0		off 0.5299216075586551 neg 0.46280479849230044 __DUMMY__ 0.007273593949044433	false	0.5
auffallen	neg 1.0		off 0.5360940839650031 neg 0.45670595899236116 __DUMMY__ 0.007199957042635757	false	0.5
konkurrenz	neg 1.0		off 0.5274360731915728 neg 0.4652852697813012 __DUMMY__ 0.007278657027125971	false	0.5
teufelskreis	neg 1.0		off 0.5323080954485545 neg 0.46047706812940764 __DUMMY__ 0.007214836422037736	false	0.5
aufschreien	neg 1.0		off 0.5352432201379861 neg 0.45757274817920607 __DUMMY__ 0.007184031682807794	false	0.5
schuldner	neg 1.0		off 0.5268384112293162 neg 0.46591337284277123 __DUMMY__ 0.007248215927912693	false	0.5
missgeburt	off 1.0	off 1.0	off 0.7579619972969915 neg 0.2386572189582306 __DUMMY__ 0.003380783744777886	false	1.0
arbeitslos	neg 1.0		off 0.5287083786992356 neg 0.4640828109052075 __DUMMY__ 0.007208810395556852	false	0.5
befallen	neg 1.0		off 0.5345293643844883 neg 0.45819943464385027 __DUMMY__ 0.007271200971661464	false	0.5
miesepetrig	off 1.0	off 1.0	off 0.7557576304515189 neg 0.24081718143343597 __DUMMY__ 0.0034251881150452264	false	1.0
alarmieren	neg 1.0		off 0.5369458914278755 neg 0.4558773495267927 __DUMMY__ 0.007176759045331907	false	0.5
ungeduscht	off 1.0		off 0.5366978362403259 neg 0.45613406235450693 __DUMMY__ 0.007168101405167173	false	1.0
knappheit	neg 1.0		off 0.5283123026383216 neg 0.46447558144880363 __DUMMY__ 0.007212115912874658	false	0.5
schlange	neg 1.0		off 0.5380870171259764 neg 0.454653334119815 __DUMMY__ 0.007259648754208568	false	0.5
harsch	neg 1.0		off 0.5454832610452022 neg 0.4473416348991328 __DUMMY__ 0.007175104055664911	false	0.5
lang	neg 1.0		off 0.5356970830784492 neg 0.45706127343555125 __DUMMY__ 0.007241643485999535	false	0.5
ziellos	neg 1.0		off 0.5319006535292825 neg 0.4608250713938192 __DUMMY__ 0.007274275076898294	false	0.5
selbstverliebt	neg 1.0		off 0.5460941880959193 neg 0.4468698189686754 __DUMMY__ 0.007035992935405285	false	0.5
beseitigen	neg 1.0		off 0.5336374652762162 neg 0.4591033312196597 __DUMMY__ 0.007259203504124051	false	0.5
dumm	off 1.0		off 0.5435548899053211 neg 0.4493441558426221 __DUMMY__ 0.007100954252056679	false	1.0
arbeitsloser	neg 1.0		off 0.5304623315564687 neg 0.46229911636071125 __DUMMY__ 0.007238552082819948	false	0.5
blitzen	neg 1.0		off 0.5376248986915794 neg 0.4551596645831253 __DUMMY__ 0.007215436725295311	false	0.5
hilflos	neg 1.0		off 0.5313651817129564 neg 0.4614023901852487 __DUMMY__ 0.007232428101794748	false	0.5
eklig	off 1.0		off 0.5430508517695599 neg 0.44987264482559597 __DUMMY__ 0.00707650340484416	false	1.0
begriff			off 0.5323866189277234 neg 0.46038992017330893 __DUMMY__ 0.007223460898967674	false	0.0
hungersnot	neg 1.0		off 0.5330150765448736 neg 0.45971159569474473 __DUMMY__ 0.007273327760381662	false	0.5
ungesetzlich	neg 1.0		off 0.5309891703458463 neg 0.4618413693675146 __DUMMY__ 0.0071694602866392565	false	0.5
verschwendung	neg 1.0		off 0.5294274612617101 neg 0.46331176389175954 __DUMMY__ 0.00726077484653019	false	0.5
schmerzvoll	neg 1.0		off 0.5357246230293493 neg 0.4570573331684318 __DUMMY__ 0.007218043802218933	false	0.5
vorzeitig	neg 1.0		off 0.5376310006640687 neg 0.4551478234287953 __DUMMY__ 0.0072211759071361195	false	0.5
unvollkommenheit	neg 1.0		off 0.534311129882737 neg 0.45838821996226725 __DUMMY__ 0.0073006501549957754	false	0.5
intervenieren	neg 1.0		off 0.5278737043447489 neg 0.4648847263171161 __DUMMY__ 0.0072415693381349	false	0.5
banause	off 1.0		off 0.5440969153965953 neg 0.44886847264293733 __DUMMY__ 0.007034611960467243	false	1.0
rebell	neg 1.0		off 0.5262367721217021 neg 0.46647339532097204 __DUMMY__ 0.00728983255732586	false	0.5
unlogisch	neg 1.0		off 0.5393371261269811 neg 0.45354268271215364 __DUMMY__ 0.007120191160865235	false	0.5
leiden	neg 1.0		off 0.5300074072262099 neg 0.4627023040483035 __DUMMY__ 0.0072902887254866966	false	0.5
abschaffung	neg 1.0		off 0.5331779755042486 neg 0.45960845197958705 __DUMMY__ 0.007213572516164335	false	0.5
sturz	neg 1.0		off 0.5356245684985889 neg 0.45711956281004723 __DUMMY__ 0.007255868691363738	false	0.5
verkleinerung	neg 1.0		off 0.5330335638761431 neg 0.45981791058771604 __DUMMY__ 0.007148525536140846	false	0.5
schmarotzer	off 1.0		off 0.5286039950782588 neg 0.46420633069752315 __DUMMY__ 0.007189674224217981	false	1.0
bestrafung	neg 1.0		off 0.5353723006885907 neg 0.45739872028434697 __DUMMY__ 0.007228979027062377	false	0.5
achtlos	neg 1.0	neg 1.0	neg 0.7134605200398835 off 0.28307780054251924 __DUMMY__ 0.0034616794175973483	false	1.0
ungeheuer	neg 1.0		off 0.5372771444139272 neg 0.4554984635153174 __DUMMY__ 0.007224392070755443	false	0.5
