unsolidarisch	neg 1.0		off 0.5120076667852013 neg 0.44588377973326454 __DUMMY__ 0.0421085534815341	false	0.5
nachteilig	neg 1.0		off 0.5100796180111269 neg 0.44742148732203363 __DUMMY__ 0.042498894666839426	false	0.5
skeptisch	neg 1.0		off 0.509527054588908 neg 0.44794217310456375 __DUMMY__ 0.0425307723065282	false	0.5
schrecklich	neg 1.0		off 0.5234615813566109 neg 0.4346799155731058 __DUMMY__ 0.041858503070283264	false	0.5
schlapp	neg 1.0		off 0.520288565049424 neg 0.4376149755329451 __DUMMY__ 0.04209645941763083	false	0.5
abfall	neg 1.0		off 0.5081382082470591 neg 0.44898979388739313 __DUMMY__ 0.04287199786554767	false	0.5
widerspenstig	neg 1.0		off 0.5156042010266922 neg 0.4420206855454175 __DUMMY__ 0.04237511342789019	false	0.5
abrupt	neg 1.0		off 0.513189278427664 neg 0.4440633365770017 __DUMMY__ 0.04274738499533424	false	0.5
unwirksam	neg 1.0		off 0.5111531777266356 neg 0.44683737058435075 __DUMMY__ 0.04200945168901362	false	0.5
angreifen	neg 1.0		off 0.5097280430771579 neg 0.44771797862734175 __DUMMY__ 0.04255397829550026	false	0.5
inkonsistent	neg 1.0		off 0.5155038369655552 neg 0.44224795890889845 __DUMMY__ 0.04224820412554622	false	0.5
abrutschen	neg 1.0		off 0.5068211781661998 neg 0.45049344730701113 __DUMMY__ 0.04268537452678908	false	0.5
unsicher	neg 1.0		off 0.515426517256468 neg 0.4421476514904806 __DUMMY__ 0.04242583125305158	false	0.5
bauernkind	off 1.0	off 1.0	off 0.7463848673221308 neg 0.23390852772153334 __DUMMY__ 0.019706604956335763	false	1.0
angreifer	neg 1.0	neg 1.0	neg 0.7037170655854625 off 0.27596074305874296 __DUMMY__ 0.020322191355794494	false	1.0
trennen	neg 1.0		off 0.5117946149646839 neg 0.4454202208748818 __DUMMY__ 0.042785164160434326	false	0.5
schmutz	neg 1.0		off 0.5212035070769644 neg 0.4360816256650259 __DUMMY__ 0.04271486725800971	false	0.5
inkonsistenz	neg 1.0		off 0.515902548015662 neg 0.4423991480264304 __DUMMY__ 0.041698303957907565	false	0.5
erschreckend	neg 1.0		off 0.5130471248474971 neg 0.44466204298775547 __DUMMY__ 0.04229083216474736	false	0.5
ertrinken	neg 1.0		off 0.5118904317223779 neg 0.44542429442877274 __DUMMY__ 0.04268527384884934	false	0.5
pickelface	off 1.0		off 0.5149535504834811 neg 0.44256058038052165 __DUMMY__ 0.042485869135997306	false	1.0
seiner			off 0.5105914400860029 neg 0.4468231965788211 __DUMMY__ 0.042585363335176006	false	0.0
lauch	neg 1.0		off 0.5093605815616088 neg 0.4477927459089972 __DUMMY__ 0.04284667252939394	false	0.5
unwichtig	neg 1.0		off 0.5181559572484105 neg 0.4398730583785247 __DUMMY__ 0.04197098437306483	false	0.5
steuerhinterziehung	neg 1.0	neg 1.0	neg 0.707631801248373 off 0.2720989394545006 __DUMMY__ 0.02026925929712635	false	1.0
schock	neg 1.0		off 0.5151792252414801 neg 0.4423193501634417 __DUMMY__ 0.04250142459507823	false	0.5
beule	neg 1.0		off 0.5210659749624358 neg 0.43691067045405574 __DUMMY__ 0.04202335458350851	false	0.5
vergelten	neg 1.0		off 0.524229239702714 neg 0.43366710355469934 __DUMMY__ 0.04210365674258673	false	0.5
verdorbenheit	neg 1.0		off 0.5178982827938454 neg 0.43955502819047715 __DUMMY__ 0.04254668901567748	false	0.5
trauma	neg 1.0		off 0.5163586086730819 neg 0.4412787719271712 __DUMMY__ 0.04236261939974686	false	0.5
sinnlos	neg 1.0		off 0.5172813873215975 neg 0.4404475553021402 __DUMMY__ 0.04227105737626237	false	0.5
fettsack	off 1.0	off 1.0	off 0.7479745629981795 neg 0.23224147140910992 __DUMMY__ 0.019783965592710583	false	1.0
feige	off 1.0	off 1.0	off 0.7455679909904159 neg 0.23443551053615178 __DUMMY__ 0.019996498473432347	false	1.0
abdanken	neg 1.0		off 0.514391488216492 neg 0.4431981031824792 __DUMMY__ 0.04241040860102884	false	0.5
wichtigtuer	off 1.0	off 1.0	off 0.7445764126347896 neg 0.23533086331455 __DUMMY__ 0.020092724050660395	false	1.0
misslingen	neg 1.0		off 0.5189485719438465 neg 0.43837412201959564 __DUMMY__ 0.04267730603655788	false	0.5
untreu	off 1.0		off 0.5196427650915832 neg 0.4383207687772128 __DUMMY__ 0.042036466131204125	false	1.0
missmutig	neg 1.0		off 0.5201269501416466 neg 0.4376952581822464 __DUMMY__ 0.04217779167610707	false	0.5
hurenbock	off 1.0		off 0.5193246314811979 neg 0.4381924222289418 __DUMMY__ 0.04248294628986031	false	1.0
betrunken	neg 1.0		off 0.522093009700503 neg 0.43587521609574004 __DUMMY__ 0.04203177420375702	false	0.5
korrupt	off 1.0		off 0.5097922855391332 neg 0.44799830895481135 __DUMMY__ 0.042209405506055495	false	1.0
unmut	neg 1.0		off 0.5074778632674827 neg 0.4497819779739447 __DUMMY__ 0.04274015875857254	false	0.5
hackfresse	off 1.0		off 0.5257975138096699 neg 0.43262996808638265 __DUMMY__ 0.041572518103947534	false	1.0
aufblasen	neg 1.0		off 0.5178416340000112 neg 0.4397894862164314 __DUMMY__ 0.042368879783557495	false	0.5
gewaltsam	neg 1.0		off 0.5146915425731547 neg 0.44277366445218747 __DUMMY__ 0.042534792974657766	false	0.5
unbeliebtheit	neg 1.0		off 0.5159637074946023 neg 0.4421567923064229 __DUMMY__ 0.041879500198974684	false	0.5
sturheit	neg 1.0		off 0.5128280918424641 neg 0.4448203207930044 __DUMMY__ 0.04235158736453155	false	0.5
kuh	neg 1.0		off 0.5135195993833788 neg 0.444642644308786 __DUMMY__ 0.041837756307835317	false	0.5
erschrecken	neg 1.0		off 0.5204855763326528 neg 0.43725252897611255 __DUMMY__ 0.042261894691234814	false	0.5
opfer	neg 1.0		off 0.511763359166425 neg 0.4456909348547876 __DUMMY__ 0.04254570597878735	false	0.5
sinken	neg 1.0		off 0.508831853316119 neg 0.44839623879834867 __DUMMY__ 0.0427719078855324	false	0.5
stinktier	neg 1.0		off 0.5199034552888724 neg 0.438703835281152 __DUMMY__ 0.04139270942997567	false	0.5
tucke	off 1.0		off 0.5267706423614091 neg 0.4317458294584168 __DUMMY__ 0.04148352818017406	false	1.0
ein			off 0.5160908137339001 neg 0.44160402076663524 __DUMMY__ 0.04230516549946477	false	0.0
abstieg	neg 1.0		off 0.5106523394485698 neg 0.4467647035711749 __DUMMY__ 0.04258295698025518	false	0.5
missverstehen	neg 1.0		off 0.5156314375234148 neg 0.44236951078367 __DUMMY__ 0.0419990516929152	false	0.5
ergebnislos	neg 1.0		off 0.5103460091850647 neg 0.4470513405323182 __DUMMY__ 0.04260265028261713	false	0.5
unter			off 0.5051019929207828 neg 0.4517260177021361 __DUMMY__ 0.04317198937708106	false	0.0
manipulieren	neg 1.0		off 0.5103492135129283 neg 0.44699085140781847 __DUMMY__ 0.04265993507925334	false	0.5
unbewiesen	neg 1.0		off 0.5113266976462366 neg 0.44662878150283264 __DUMMY__ 0.042044520850930786	false	0.5
verschleppen	neg 1.0		off 0.5111372131072446 neg 0.44642230201178407 __DUMMY__ 0.04244048488097142	false	0.5
weib	off 1.0		off 0.5242902557536847 neg 0.43439175088246107 __DUMMY__ 0.04131799336385429	false	1.0
opposition	neg 1.0		off 0.5151675544099863 neg 0.4426819685498432 __DUMMY__ 0.04215047704017042	false	0.5
verkehrswidrig	neg 1.0		off 0.5264942231677355 neg 0.43134500002170045 __DUMMY__ 0.04216077681056404	false	0.5
inkorrekt	neg 1.0		off 0.5208332693921968 neg 0.43745439092928595 __DUMMY__ 0.04171233967851742	false	0.5
vermeiden	neg 1.0		off 0.506497579771693 neg 0.45064512884716645 __DUMMY__ 0.04285729138114057	false	0.5
abweichung	neg 1.0		off 0.5103780671617227 neg 0.4471976884240649 __DUMMY__ 0.04242424441421235	false	0.5
alkoholisiert	neg 1.0		off 0.5115146222291346 neg 0.44585827807110917 __DUMMY__ 0.04262709969975636	false	0.5
scheiss	off 1.0	off 1.0	off 0.7466442634357568 neg 0.23330781894909655 __DUMMY__ 0.020047917615146574	false	1.0
herausforderung	neg 1.0		off 0.5106297341175373 neg 0.44674071289277706 __DUMMY__ 0.04262955298968551	false	0.5
pervers	off 1.0		off 0.5285573705836502 neg 0.4300869635360035 __DUMMY__ 0.04135566588034631	false	1.0
wackelig	neg 1.0		off 0.5154355489998617 neg 0.44188451066617723 __DUMMY__ 0.04267994033396116	false	0.5
verwickeln	neg 1.0		off 0.5152064056146773 neg 0.4427585421247625 __DUMMY__ 0.04203505226056026	false	0.5
vorwand	neg 1.0		off 0.5092684126859374 neg 0.4481572763743172 __DUMMY__ 0.0425743109397454	false	0.5
muschi	off 1.0		off 0.5148432571669855 neg 0.44269694248149977 __DUMMY__ 0.04245980035151463	false	1.0
entmutigung	neg 1.0		off 0.515355500506615 neg 0.4424073329771911 __DUMMY__ 0.0422371665161939	false	0.5
unangemessen	neg 1.0		off 0.5109060979692519 neg 0.4468915217168807 __DUMMY__ 0.042202380313867395	false	0.5
unstetig	neg 1.0		off 0.5174179112006422 neg 0.44037993197082104 __DUMMY__ 0.04220215682853682	false	0.5
entmutigen	neg 1.0		off 0.5158805399373024 neg 0.44180699030545634 __DUMMY__ 0.04231246975724133	false	0.5
schwanz	neg 1.0		off 0.5126395641993237 neg 0.4447767010312415 __DUMMY__ 0.04258373476943473	false	0.5
verbot	neg 1.0		off 0.5113281796447731 neg 0.4462568732449702 __DUMMY__ 0.04241494711025685	false	0.5
leid	neg 1.0		off 0.5237633770417802 neg 0.43458340387194866 __DUMMY__ 0.04165321908627113	false	0.5
archaisch	neg 1.0		off 0.5133161503664191 neg 0.44429536431808814 __DUMMY__ 0.04238848531549264	false	0.5
gegen			off 0.5082792000039401 neg 0.44899692316635087 __DUMMY__ 0.042723876829709136	false	0.0
scheidung	neg 1.0		off 0.5364849356974798 neg 0.42197018313008583 __DUMMY__ 0.041544881172434406	false	0.5
einschlag	neg 1.0		off 0.5224638367303116 neg 0.4356016524053487 __DUMMY__ 0.04193451086433965	false	0.5
m			off 0.5136488695513451 neg 0.44378877590603255 __DUMMY__ 0.04256235454262246	false	0.0
abgestanden	neg 1.0		off 0.5150720083668231 neg 0.4426925278948389 __DUMMY__ 0.04223546373833788	false	0.5
schmierig	off 1.0		off 0.5246901277280446 neg 0.4334657907628976 __DUMMY__ 0.04184408150905776	false	1.0
unpraktisch	neg 1.0		off 0.5165327718299718 neg 0.4411887990290055 __DUMMY__ 0.04227842914102261	false	0.5
wixxer	off 1.0		off 0.5274077140732905 neg 0.4313754674896128 __DUMMY__ 0.04121681843709672	false	1.0
bezeichnet			off 0.5129380714413099 neg 0.4449056236449951 __DUMMY__ 0.04215630491369489	false	0.0
jammerlappen	off 1.0		off 0.5199754854560235 neg 0.4378836361674733 __DUMMY__ 0.0421408783765033	false	1.0
farce	neg 1.0		off 0.5118464362003441 neg 0.44583236319969766 __DUMMY__ 0.042321200599958114	false	0.5
zwecklos	neg 1.0		off 0.5118242806428179 neg 0.4458411560775552 __DUMMY__ 0.04233456327962684	false	0.5
turbulent	neg 1.0		off 0.5207146714143773 neg 0.4373148661628458 __DUMMY__ 0.04197046242277686	false	0.5
invasion	neg 1.0		off 0.5163066424493774 neg 0.44148856634389183 __DUMMY__ 0.042204791206730666	false	0.5
schuld	neg 1.0		off 0.5148033786381553 neg 0.4430083984123699 __DUMMY__ 0.04218822294947489	false	0.5
risiko	neg 1.0	neg 1.0	neg 0.7040416255563402 off 0.2756167069777065 __DUMMY__ 0.02034166746595323	false	1.0
finster	neg 1.0		off 0.5146821100529099 neg 0.4432048811388196 __DUMMY__ 0.042113008808270395	false	0.5
geisteskrank	off 1.0		off 0.518468700521025 neg 0.43979166027667854 __DUMMY__ 0.04173963920229653	false	1.0
zusammenbrechen	neg 1.0		off 0.513058429449822 neg 0.4445038366797914 __DUMMY__ 0.04243773387038649	false	0.5
ausbeute	neg 1.0		off 0.516622617405254 neg 0.44038211932525356 __DUMMY__ 0.04299526326949248	false	0.5
hinterhalt	neg 1.0		off 0.5187670536713208 neg 0.4382928057828144 __DUMMY__ 0.042940140545864744	false	0.5
kritik	neg 1.0		off 0.5114589329281841 neg 0.4462290361563173 __DUMMY__ 0.04231203091549862	false	0.5
einschrumpfen	neg 1.0		off 0.5176724494124189 neg 0.4402834375576737 __DUMMY__ 0.04204411302990746	false	0.5
riskant	neg 1.0		off 0.5094908195338531 neg 0.448064543197677 __DUMMY__ 0.042444637268469844	false	0.5
frustrieren	neg 1.0		off 0.5106665114278374 neg 0.44689893166079525 __DUMMY__ 0.04243455691136732	false	0.5
groll	neg 1.0		off 0.5112468162555863 neg 0.44640981326086876 __DUMMY__ 0.042343370483544994	false	0.5
gibt			off 0.5131566102190238 neg 0.44440083352923315 __DUMMY__ 0.042442556251743126	false	0.0
qualvoll	neg 1.0		off 0.5189895060620935 neg 0.43872007240701744 __DUMMY__ 0.04229042153088897	false	0.5
wackeln	neg 1.0		off 0.5180340295749383 neg 0.4394410802999663 __DUMMY__ 0.04252489012509524	false	0.5
klagen	neg 1.0		off 0.5075751482835815 neg 0.44978307750416263 __DUMMY__ 0.042641774212255804	false	0.5
bankrott	neg 1.0		off 0.5205569872722527 neg 0.437168672694898 __DUMMY__ 0.042274340032849335	false	0.5
trauern	neg 1.0		off 0.5132022196004181 neg 0.44405879776831264 __DUMMY__ 0.0427389826312693	false	0.5
ablehnung	neg 1.0		off 0.5109106653247765 neg 0.44678742649913666 __DUMMY__ 0.042301908176086936	false	0.5
stur	neg 1.0		off 0.5147394012563683 neg 0.4431023564454063 __DUMMY__ 0.04215824229822543	false	0.5
aufruhr	neg 1.0		off 0.5140059357674636 neg 0.4435704529925605 __DUMMY__ 0.04242361123997574	false	0.5
melancholie	neg 1.0		off 0.5127253432672088 neg 0.44471812098568575 __DUMMY__ 0.04255653574710556	false	0.5
ist			off 0.5167569293681987 neg 0.44098765520712063 __DUMMY__ 0.04225541542468068	false	0.0
torheit	neg 1.0		off 0.5152170368235345 neg 0.44244597693589094 __DUMMY__ 0.04233698624057441	false	0.5
dreckskind	off 1.0		off 0.5234444409475494 neg 0.435073328854099 __DUMMY__ 0.04148223019835165	false	1.0
umtauschen	neg 1.0		off 0.5148248931279448 neg 0.4428069762904514 __DUMMY__ 0.042368130581603845	false	0.5
zum			off 0.5095691523596645 neg 0.4472869071743384 __DUMMY__ 0.043143940465997205	false	0.0
zersetzen	neg 1.0		off 0.5089083906401171 neg 0.44859522135001345 __DUMMY__ 0.04249638800986948	false	0.5
zur			off 0.5070962837420142 neg 0.44989934565903306 __DUMMY__ 0.04300437059895267	false	0.0
frust	neg 1.0		off 0.5132938399867366 neg 0.4442406910316025 __DUMMY__ 0.04246546898166083	false	0.5
unerbittlichkeit	neg 1.0		off 0.50959381070547 neg 0.4478373550401094 __DUMMY__ 0.04256883425442054	false	0.5
zwei			off 0.509919083560784 neg 0.44705846977752883 __DUMMY__ 0.04302244666168718	false	0.0
unkorrekt	neg 1.0		off 0.5213081013593583 neg 0.4368856725186683 __DUMMY__ 0.04180622612197349	false	0.5
hexe	off 1.0		off 0.5179953744178281 neg 0.4401281583756117 __DUMMY__ 0.041876467206560124	false	1.0
lasch	neg 1.0		off 0.5165764571740422 neg 0.44146897980395566 __DUMMY__ 0.041954563022002164	false	0.5
rivale	neg 1.0		off 0.5217850672908213 neg 0.43624993338974694 __DUMMY__ 0.041964999319431616	false	0.5
mutlos	off 1.0	off 1.0	off 0.7411097256600002 neg 0.23860581591003707 __DUMMY__ 0.020284458429962654	false	1.0
wirr	off 1.0		off 0.5222483705290321 neg 0.43598594565082327 __DUMMY__ 0.04176568382014481	false	1.0
jahr			off 0.5137026652249576 neg 0.44326018778758286 __DUMMY__ 0.04303714698745945	false	0.0
wird			off 0.5117580103542528 neg 0.44578262635737237 __DUMMY__ 0.0424593632883747	false	0.0
strafbar	neg 1.0		off 0.5098943532046393 neg 0.4476814756506705 __DUMMY__ 0.04242417114469018	false	0.5
erosion	neg 1.0		off 0.5167918616698692 neg 0.4406835016422519 __DUMMY__ 0.042524636687878876	false	0.5
eingehen	neg 1.0		off 0.5100271574508208 neg 0.447566298959198 __DUMMY__ 0.04240654358998124	false	0.5
faul	off 1.0		off 0.5200297209508468 neg 0.4377499782042758 __DUMMY__ 0.0422203008448774	false	1.0
provisorium	neg 1.0		off 0.5060539386269081 neg 0.4507612517198379 __DUMMY__ 0.04318480965325407	false	0.5
schmerzen	neg 1.0		off 0.5133847387581967 neg 0.4442944599432509 __DUMMY__ 0.04232080129855242	false	0.5
schrumpfen	neg 1.0		off 0.5048436768974027 neg 0.452422025564959 __DUMMY__ 0.04273429753763845	false	0.5
geistlos	off 1.0		off 0.5147173210136404 neg 0.44334175532658726 __DUMMY__ 0.04194092365977236	false	1.0
fehlkauf	neg 1.0		off 0.5180907897719815 neg 0.43951937314517886 __DUMMY__ 0.04238983708283966	false	0.5
frustrierend	neg 1.0		off 0.5183728073327449 neg 0.43950069123300683 __DUMMY__ 0.04212650143424816	false	0.5
unzufrieden	neg 1.0		off 0.511000798223009 neg 0.4466947586127178 __DUMMY__ 0.042304443164273134	false	0.5
verzweifeln	neg 1.0		off 0.5136566658639224 neg 0.4439708721713072 __DUMMY__ 0.04237246196477039	false	0.5
verzweifelt	neg 1.0	neg 1.0	neg 0.7062779568856119 off 0.2736016403557895 __DUMMY__ 0.020120402758598586	false	1.0
misstrauensantrag	neg 1.0		off 0.516774544521763 neg 0.44100890715172636 __DUMMY__ 0.04221654832651058	false	0.5
abfallen	neg 1.0		off 0.5175356010433775 neg 0.43999985173979955 __DUMMY__ 0.04246454721682301	false	0.5
fucker	off 1.0		off 0.5232995931826863 neg 0.43464478120036776 __DUMMY__ 0.042055625616945924	false	1.0
ungezogen	neg 1.0		off 0.5281272048066908 neg 0.43043315334026416 __DUMMY__ 0.04143964185304503	false	0.5
irrsinnig	neg 1.0	neg 1.0	neg 0.7059742423828099 off 0.273876012912783 __DUMMY__ 0.0201497447044071	false	1.0
unfassbar	neg 1.0		off 0.520838442334483 neg 0.43710382209666787 __DUMMY__ 0.0420577355688492	false	0.5
hart	neg 1.0		off 0.5205397412595542 neg 0.43739316308006576 __DUMMY__ 0.04206709566037995	false	0.5
widerlich	off 1.0		off 0.5196273558118321 neg 0.4385240831375588 __DUMMY__ 0.04184856105060908	false	1.0
fatal	neg 1.0		off 0.5176768494167038 neg 0.4400335378407495 __DUMMY__ 0.04228961274254664	false	0.5
bruch	neg 1.0		off 0.5083079551964874 neg 0.4490296982877527 __DUMMY__ 0.04266234651575993	false	0.5
aushungern	neg 1.0		off 0.5137106742386043 neg 0.44376848442797545 __DUMMY__ 0.042520841333420135	false	0.5
anspannung	neg 1.0		off 0.5085674611383981 neg 0.44839006351307625 __DUMMY__ 0.043042475348525726	false	0.5
von			off 0.5150683354194037 neg 0.4417661246138323 __DUMMY__ 0.04316553996676388	false	0.0
kraftlos	neg 1.0		off 0.5134320979121544 neg 0.4440289958249998 __DUMMY__ 0.04253890626284599	false	0.5
vom			off 0.5077827221703272 neg 0.4489384545531883 __DUMMY__ 0.04327882327648453	false	0.0
grenzdebil	off 1.0		off 0.5217371163334769 neg 0.43617351440787694 __DUMMY__ 0.04208936925864622	false	1.0
vor			off 0.5106973007547129 neg 0.4464995628112502 __DUMMY__ 0.04280313643403699	false	0.0
unterwerfen	neg 1.0		off 0.5114618901723567 neg 0.446014929743822 __DUMMY__ 0.04252318008382139	false	0.5
versenkung	neg 1.0		off 0.512520967076057 neg 0.44485679004177525 __DUMMY__ 0.04262224288216775	false	0.5
entziehen	neg 1.0		off 0.5081681299622289 neg 0.4492010344771854 __DUMMY__ 0.042630835560585834	false	0.5
finanzkrise	neg 1.0		off 0.5126895521205501 neg 0.44502016502686464 __DUMMY__ 0.04229028285258542	false	0.5
schimpfend	neg 1.0		off 0.5171204319184594 neg 0.44062408765152977 __DUMMY__ 0.04225548043001105	false	0.5
profan	neg 1.0		off 0.516668722887509 neg 0.4412043037466043 __DUMMY__ 0.04212697336588678	false	0.5
korruption	neg 1.0		off 0.5114576263000951 neg 0.4460874672051798 __DUMMY__ 0.042454906494725254	false	0.5
â			off 0.5140599678920178 neg 0.4432694997828711 __DUMMY__ 0.042670532325111026	false	0.0
schmutzig	neg 1.0		off 0.5228377730063472 neg 0.4350295517003484 __DUMMY__ 0.042132675293304396	false	0.5
sexy	neg 1.0		off 0.5194680070250434 neg 0.4382580814314868 __DUMMY__ 0.04227391154346974	false	0.5
abraten	neg 1.0		off 0.5168338841386255 neg 0.44092782953578186 __DUMMY__ 0.042238286325592664	false	0.5
schwarz	neg 1.0		off 0.5166530958886797 neg 0.4410583788944658 __DUMMY__ 0.04228852521685451	false	0.5
fotze	off 1.0	off 1.0	off 0.7434501270167317 neg 0.23618147880622586 __DUMMY__ 0.020368394177042393	false	1.0
verwirren	neg 1.0		off 0.5178063504924643 neg 0.44001568522363915 __DUMMY__ 0.04217796428389663	false	0.5
zahnlos	off 1.0		off 0.5123370172424637 neg 0.4453395530952737 __DUMMY__ 0.04232342966226282	false	1.0
verheeren	neg 1.0		off 0.5315809360996199 neg 0.4268175462972937 __DUMMY__ 0.041601517603086495	false	0.5
hippie	neg 1.0		off 0.519078561495932 neg 0.43863393157150704 __DUMMY__ 0.042287506932560885	false	0.5
rammen	neg 1.0		off 0.515565962812961 neg 0.4422675709308815 __DUMMY__ 0.042166466256157456	false	0.5
unlauter	neg 1.0		off 0.5131145018069748 neg 0.4448484687272861 __DUMMY__ 0.04203702946573899	false	0.5
unheilvoll	neg 1.0		off 0.5179696496222737 neg 0.43967346757182824 __DUMMY__ 0.042356882805898145	false	0.5
niedrig	neg 1.0		off 0.5088525055966614 neg 0.44874220369933154 __DUMMY__ 0.0424052907040071	false	0.5
explosion	neg 1.0		off 0.5180698213703078 neg 0.4396781437145079 __DUMMY__ 0.04225203491518441	false	0.5
weichei	off 1.0	off 1.0	off 0.7490279776204445 neg 0.2311039657940319 __DUMMY__ 0.019868056585523472	false	1.0
minusmensch	off 1.0		off 0.5256007704177266 neg 0.43301802654578336 __DUMMY__ 0.04138120303649003	false	1.0
farblos	neg 1.0		off 0.5161471292576156 neg 0.4413647841542586 __DUMMY__ 0.042488086588125744	false	0.5
unwissend	neg 1.0	neg 1.0	neg 0.704159394135851 off 0.2758041983835607 __DUMMY__ 0.0200364074805882	false	1.0
traurig	neg 1.0		off 0.5231251991845793 neg 0.4349417605906641 __DUMMY__ 0.04193304022475643	false	0.5
senkung	neg 1.0		off 0.5153617534663687 neg 0.44263856733272505 __DUMMY__ 0.04199967920090623	false	0.5
ungleich	neg 1.0	neg 1.0	neg 0.7089856559897845 off 0.27072391883145447 __DUMMY__ 0.02029042517876099	false	1.0
heikel	neg 1.0		off 0.5091109326546038 neg 0.4484752796149389 __DUMMY__ 0.04241378773045734	false	0.5
drosselung	neg 1.0		off 0.5210847733173901 neg 0.43688218224090675 __DUMMY__ 0.04203304444170306	false	0.5
falsch	neg 1.0		off 0.5178562660287046 neg 0.4400988727348867 __DUMMY__ 0.04204486123640868	false	0.5
unzufriedenheit	neg 1.0		off 0.5089519351160836 neg 0.44844389800249174 __DUMMY__ 0.04260416688142454	false	0.5
kurz	neg 1.0		off 0.5152637167817243 neg 0.44214486205503584 __DUMMY__ 0.042591421163239725	false	0.5
unsinnig	neg 1.0		off 0.5118033408646968 neg 0.44595733863235165 __DUMMY__ 0.04223932050295148	false	0.5
penner	off 1.0	off 1.0	off 0.7500406526712936 neg 0.23010328249646433 __DUMMY__ 0.019856064832242053	false	1.0
seicht	neg 1.0		off 0.5262994834922882 neg 0.4323527638612756 __DUMMY__ 0.041347752646436184	false	0.5
dummheit	off 1.0	off 1.0	off 0.744809940074708 neg 0.23510007813428402 __DUMMY__ 0.020089981791008023	false	1.0
unerfreulich	neg 1.0		off 0.5095440865621901 neg 0.44789042388440237 __DUMMY__ 0.04256548955340777	false	0.5
motherfucker	off 1.0	off 1.0	off 0.7479158172537457 neg 0.2320035174441687 __DUMMY__ 0.020080665302085632	false	1.0
pikiert	neg 1.0		off 0.5196100774683238 neg 0.4384381471321331 __DUMMY__ 0.04195177539954319	false	0.5
wrack	neg 1.0		off 0.5144641119967576 neg 0.44293567654259325 __DUMMY__ 0.04260021146064911	false	0.5
gangster	neg 1.0		off 0.5190935938851892 neg 0.43862746826861027 __DUMMY__ 0.04227893784620067	false	0.5
krank	neg 1.0		off 0.5216733441985678 neg 0.4362475705671803 __DUMMY__ 0.0420790852342519	false	0.5
reich	neg 1.0		off 0.522311576324464 neg 0.4353975028468532 __DUMMY__ 0.04229092082868282	false	0.5
gnadenlos	neg 1.0		off 0.5155462145229386 neg 0.4422055649408206 __DUMMY__ 0.04224822053624086	false	0.5
niedergeschlagen	neg 1.0		off 0.5145214751630797 neg 0.4429759205168459 __DUMMY__ 0.0425026043200745	false	0.5
terrorisieren	off 1.0	off 1.0	off 0.7421415679874406 neg 0.2374925927709697 __DUMMY__ 0.02036583924158962	false	1.0
sinnlosigkeit	neg 1.0		off 0.5122470932877602 neg 0.4453742784013301 __DUMMY__ 0.042378628310909786	false	0.5
behindern	neg 1.0		off 0.5149641002487692 neg 0.4425813100756627 __DUMMY__ 0.042454589675568255	false	0.5
undemokratisch	neg 1.0		off 0.5151028124915195 neg 0.44265001241601176 __DUMMY__ 0.042247175092468746	false	0.5
wirtschaftskrise	neg 1.0		off 0.5108658073072573 neg 0.44671633604712824 __DUMMY__ 0.04241785664561443	false	0.5
neid	neg 1.0		off 0.5196010674909849 neg 0.4381743526296629 __DUMMY__ 0.0422245798793521	false	0.5
rutschen	neg 1.0		off 0.510549628710125 neg 0.44635337383276646 __DUMMY__ 0.0430969974571086	false	0.5
rezession	neg 1.0		off 0.5192809503774858 neg 0.43920538120296476 __DUMMY__ 0.0415136684195494	false	0.5
fehlgeburt	neg 1.0		off 0.5180636346664967 neg 0.43956029969612953 __DUMMY__ 0.0423760656373736	false	0.5
charakterschwach	off 1.0		off 0.5194538904421916 neg 0.4386845131739336 __DUMMY__ 0.04186159638387474	false	1.0
isolation	neg 1.0		off 0.5187384878640272 neg 0.4390692323235186 __DUMMY__ 0.042192279812454284	false	0.5
ablenkung	neg 1.0		off 0.5156519456829513 neg 0.44193955491027553 __DUMMY__ 0.04240849940677314	false	0.5
pech	neg 1.0		off 0.5174570231226057 neg 0.4405015850404421 __DUMMY__ 0.04204139183695231	false	0.5
vermeidung	neg 1.0		off 0.5221495832685744 neg 0.4357309879900538 __DUMMY__ 0.04211942874137184	false	0.5
dominieren	neg 1.0		off 0.5121463550904468 neg 0.445245476286478 __DUMMY__ 0.04260816862307532	false	0.5
schwindlig	neg 1.0		off 0.5183706416681662 neg 0.439288663470543 __DUMMY__ 0.04234069486129075	false	0.5
lutscher	neg 1.0		off 0.5274673747526496 neg 0.4311437956681721 __DUMMY__ 0.04138882957917831	false	0.5
pflicht	neg 1.0		off 0.508303356750325 neg 0.44919489880639185 __DUMMY__ 0.04250174444328316	false	0.5
faschist	off 1.0		off 0.5179400471740905 neg 0.43988782639703145 __DUMMY__ 0.04217212642887809	false	1.0
verschleudern	neg 1.0		off 0.5089849876518496 neg 0.44860162836286777 __DUMMY__ 0.042413383985282584	false	0.5
wenn			off 0.518867402742119 neg 0.43901220553992887 __DUMMY__ 0.04212039171795215	false	0.0
ehebruch	neg 1.0		off 0.5121445109844042 neg 0.4453312812850827 __DUMMY__ 0.04252420773051318	false	0.5
spott	off 1.0		off 0.5105946648464322 neg 0.44695603227438624 __DUMMY__ 0.042449302879181444	false	1.0
trostlosigkeit	neg 1.0		off 0.5107286724133598 neg 0.44647921512783945 __DUMMY__ 0.04279211245880069	false	0.5
lutschen	neg 1.0		off 0.5181248176156601 neg 0.43976200501426116 __DUMMY__ 0.04211317737007881	false	0.5
undiszipliniert	neg 1.0		off 0.52178287847838 neg 0.4363443965575584 __DUMMY__ 0.04187272496406156	false	0.5
kopfschmerz	neg 1.0		off 0.5127183313388938 neg 0.44489100022189 __DUMMY__ 0.04239066843921639	false	0.5
unvorhergesehen	neg 1.0		off 0.5131140526749246 neg 0.4440692466626334 __DUMMY__ 0.04281670066244209	false	0.5
desinteressiert	neg 1.0		off 0.5213487609777823 neg 0.43674675114407296 __DUMMY__ 0.04190448787814473	false	0.5
armselig	off 1.0		off 0.5209911176742364 neg 0.43729711032791024 __DUMMY__ 0.0417117719978533	false	1.0
desaster	neg 1.0		off 0.5077053732180865 neg 0.4496065577438517 __DUMMY__ 0.04268806903806179	false	0.5
tod	neg 1.0		off 0.5166347526768689 neg 0.44047498045188554 __DUMMY__ 0.042890266871245586	false	0.5
herzlos	neg 1.0		off 0.5223623172366197 neg 0.43579180991764993 __DUMMY__ 0.04184587284573026	false	0.5
unwissenheit	neg 1.0		off 0.5118384666540068 neg 0.4457771306699989 __DUMMY__ 0.042384402675994366	false	0.5
widersinnig	neg 1.0		off 0.5094895912781271 neg 0.44835780869534 __DUMMY__ 0.04215260002653298	false	0.5
bedenklich	neg 1.0		off 0.5103871623816821 neg 0.44723946327322245 __DUMMY__ 0.04237337434509545	false	0.5
beanstanden	neg 1.0		off 0.5083540482453863 neg 0.44909270413659413 __DUMMY__ 0.042553247618019485	false	0.5
panisch	neg 1.0	neg 1.0	neg 0.7031737490060422 off 0.27651422203950243 __DUMMY__ 0.020312028954455386	false	1.0
debil	off 1.0		off 0.5070673078071829 neg 0.44978194017126216 __DUMMY__ 0.043150752021555015	false	1.0
abstrich	neg 1.0		off 0.5199272117312264 neg 0.43715944024792075 __DUMMY__ 0.04291334802085281	false	0.5
primitiv	neg 1.0		off 0.5197208773825505 neg 0.4384482224976104 __DUMMY__ 0.0418309001198393	false	0.5
abschaum	off 1.0	off 1.0	off 0.7463252677809081 neg 0.2336100315943877 __DUMMY__ 0.020064700624704255	false	1.0
provozieren	neg 1.0		off 0.5140984650967778 neg 0.44376755159214654 __DUMMY__ 0.04213398331107577	false	0.5
tot	neg 1.0		off 0.5125764223557442 neg 0.44496523130436666 __DUMMY__ 0.04245834633988908	false	0.5
instabil	neg 1.0		off 0.5213935013513452 neg 0.43679172269232974 __DUMMY__ 0.04181477595632498	false	0.5
schwuchtel	off 1.0	off 1.0	off 0.7520839931096462 neg 0.2282935794186789 __DUMMY__ 0.019622427471674826	false	1.0
zerren	neg 1.0		off 0.5137537914142338 neg 0.4437362446490432 __DUMMY__ 0.042509963936722996	false	0.5
kinderficker	off 1.0		off 0.5251203757420798 neg 0.43313663559334736 __DUMMY__ 0.0417429886645729	false	1.0
gefahr	neg 1.0		off 0.5098866950934514 neg 0.447398211244329 __DUMMY__ 0.04271509366221971	false	0.5
rabiat	neg 1.0		off 0.5153198900384858 neg 0.4423147331430975 __DUMMY__ 0.042365376818416664	false	0.5
verlangsamung	neg 1.0		off 0.524559346809837 neg 0.433981504276692 __DUMMY__ 0.04145914891347093	false	0.5
ausgestorben	neg 1.0		off 0.5155980670557928 neg 0.44196374657843485 __DUMMY__ 0.042438186365772235	false	0.5
anklagen	neg 1.0		off 0.5120786308656623 neg 0.44544003722135617 __DUMMY__ 0.04248133191298157	false	0.5
trott	neg 1.0		off 0.5151758005417716 neg 0.44239287199811855 __DUMMY__ 0.04243132746010986	false	0.5
verminderung	neg 1.0		off 0.5214615600350732 neg 0.43653535660730075 __DUMMY__ 0.04200308335762618	false	0.5
nach			off 0.5087216041094853 neg 0.4481838870098658 __DUMMY__ 0.04309450888064886	false	0.0
rost	neg 1.0		off 0.5251492435000713 neg 0.433173006137898 __DUMMY__ 0.04167775036203067	false	0.5
destruktiv	neg 1.0		off 0.5132295979895591 neg 0.4445517504908919 __DUMMY__ 0.04221865151954884	false	0.5
unzumutbarkeit	neg 1.0		off 0.5211391360286625 neg 0.4367061031627808 __DUMMY__ 0.04215476080855675	false	0.5
labil	off 1.0	off 1.0	off 0.7462634374406129 neg 0.23361965470547338 __DUMMY__ 0.020116907853913797	false	1.0
ziemlich	neg 1.0		off 0.5211604137815231 neg 0.4367323962576294 __DUMMY__ 0.042107189960847495	false	0.5
lachnummer	off 1.0		off 0.5139971649708444 neg 0.4437968894008404 __DUMMY__ 0.04220594562831521	false	1.0
oder			off 0.5165173553851413 neg 0.441103408532414 __DUMMY__ 0.04237923608244471	false	0.0
verfall	neg 1.0		off 0.5060469539164838 neg 0.4511132534971228 __DUMMY__ 0.04283979258639338	false	0.5
ausgrenzung	neg 1.0		off 0.5161229698959942 neg 0.4416183065080871 __DUMMY__ 0.042258723595918785	false	0.5
unordnung	neg 1.0		off 0.5253706189928236 neg 0.4324229861561858 __DUMMY__ 0.04220639485099075	false	0.5
fehlverhalten	neg 1.0		off 0.5083812352403153 neg 0.44919806771160137 __DUMMY__ 0.042420697048083364	false	0.5
eine			off 0.5106037685980218 neg 0.44668501542704403 __DUMMY__ 0.04271121597493405	false	0.0
nille	neg 1.0		off 0.5157828322824486 neg 0.4417147932364595 __DUMMY__ 0.042502374481092	false	0.5
qual	neg 1.0		off 0.514965742639567 neg 0.44256792132377476 __DUMMY__ 0.042466336036658295	false	0.5
verschwenden	neg 1.0		off 0.5096883056852229 neg 0.44792671927580047 __DUMMY__ 0.04238497503897663	false	0.5
riesig	neg 1.0		off 0.5136159672830084 neg 0.44370190752874983 __DUMMY__ 0.04268212518824167	false	0.5
verurteilen	neg 1.0		off 0.5109784925755948 neg 0.44670600057854243 __DUMMY__ 0.042315506845862765	false	0.5
klischee	neg 1.0	neg 1.0	neg 0.7047025064846921 off 0.2752171983698593 __DUMMY__ 0.020080295145448665	false	1.0
diktatorisch	neg 1.0		off 0.5147602848612843 neg 0.4430500891102591 __DUMMY__ 0.042189626028456495	false	0.5
vorhersehbar	neg 1.0		off 0.515789749592887 neg 0.44223397137671316 __DUMMY__ 0.04197627903039975	false	0.5
sowie			off 0.5243177174541162 neg 0.43394364545764125 __DUMMY__ 0.041738637088242575	false	0.0
stornieren	neg 1.0		off 0.5206243762594803 neg 0.4367540545662541 __DUMMY__ 0.04262156917426565	false	0.5
besteuerung	neg 1.0		off 0.5129720289223458 neg 0.4449699500302957 __DUMMY__ 0.0420580210473584	false	0.5
ungeschminkt	neg 1.0		off 0.5189106404782965 neg 0.4393194646784541 __DUMMY__ 0.04176989484324932	false	0.5
kritisch	neg 1.0		off 0.5104795604292347 neg 0.44709810055519494 __DUMMY__ 0.04242233901557045	false	0.5
schlamperei	off 1.0		off 0.510483957987629 neg 0.4469136578018464 __DUMMY__ 0.04260238421052446	false	1.0
sucht	neg 1.0	neg 1.0	neg 0.7019342386907792 off 0.27752198641057435 __DUMMY__ 0.020543774898646422	false	1.0
egoistisch	off 1.0		off 0.5235876742934084 neg 0.4348457286177638 __DUMMY__ 0.04156659708882789	false	1.0
ausbeuter	off 1.0		off 0.5078038949297343 neg 0.44983270407926346 __DUMMY__ 0.042363400991002234	false	1.0
arschgeburt	off 1.0		off 0.5292419807305938 neg 0.4296928653775253 __DUMMY__ 0.041065153891880896	false	1.0
schubs	neg 1.0		off 0.5131420859917728 neg 0.44443672067397244 __DUMMY__ 0.042421193334254766	false	0.5
unsolide	neg 1.0		off 0.5143836288245378 neg 0.4435653556491688 __DUMMY__ 0.04205101552629342	false	0.5
beschwerde	neg 1.0		off 0.5098484226243504 neg 0.4477223759433997 __DUMMY__ 0.04242920143224998	false	0.5
stocken	neg 1.0		off 0.5110959740699491 neg 0.44629820525496233 __DUMMY__ 0.04260582067508846	false	0.5
isolieren	neg 1.0		off 0.5118972910118115 neg 0.4456287455662817 __DUMMY__ 0.04247396342190693	false	0.5
unheilbar	neg 1.0		off 0.5163782948971475 neg 0.4411867265919351 __DUMMY__ 0.04243497851091742	false	0.5
pisser	off 1.0		off 0.5216215404121066 neg 0.43655443388934684 __DUMMY__ 0.04182402569854641	false	1.0
löschen	neg 1.0		off 0.5158232449337153 neg 0.4417288882568449 __DUMMY__ 0.042447866809439704	false	0.5
durchfallen	neg 1.0		off 0.5097349747330046 neg 0.44800967229131394 __DUMMY__ 0.042255352975681414	false	0.5
wichser	off 1.0	off 1.0	off 0.7514612882537867 neg 0.22877482239667238 __DUMMY__ 0.019763889349541038	false	1.0
terror	neg 1.0		off 0.518778054181629 neg 0.4389358732188157 __DUMMY__ 0.0422860725995553	false	0.5
krass	neg 1.0		off 0.5227473622953723 neg 0.43548067781719985 __DUMMY__ 0.04177195988742797	false	0.5
revolte	neg 1.0		off 0.517062171116067 neg 0.44065967842622145 __DUMMY__ 0.042278150457711536	false	0.5
besorgt	neg 1.0		off 0.5166886679575122 neg 0.44054848401421 __DUMMY__ 0.04276284802827787	false	0.5
nachlassen	neg 1.0		off 0.51302758735065 neg 0.44419048306126946 __DUMMY__ 0.04278192958808054	false	0.5
alt	neg 1.0		off 0.5129159822982525 neg 0.4446112507175413 __DUMMY__ 0.04247276698420631	false	0.5
hundesohn	off 1.0		off 0.527808769872899 neg 0.4307661896977117 __DUMMY__ 0.04142504042938938	false	1.0
als			off 0.5125970270300998 neg 0.44498591243496116 __DUMMY__ 0.04241706053493909	false	0.0
abschreckung	neg 1.0		off 0.5088817649381584 neg 0.44849047291342337 __DUMMY__ 0.04262776214841817	false	0.5
unqualifiziert	neg 1.0		off 0.5162735528778882 neg 0.4418180776569237 __DUMMY__ 0.04190836946518796	false	0.5
abgewichst	off 1.0		off 0.5151623352625557 neg 0.4423044988123015 __DUMMY__ 0.04253316592514282	false	1.0
schwer	neg 1.0		off 0.5135509727765474 neg 0.4441582190906503 __DUMMY__ 0.042290808132802254	false	0.5
bedeutungslosigkeit	neg 1.0		off 0.5092538637257064 neg 0.4482211123075011 __DUMMY__ 0.04252502396679258	false	0.5
kapitulation	neg 1.0		off 0.5114938432904289 neg 0.44594912315355056 __DUMMY__ 0.042557033556020515	false	0.5
unscharf	neg 1.0		off 0.5160654748809691 neg 0.4418695549321045 __DUMMY__ 0.04206497018692633	false	0.5
schwinden	neg 1.0		off 0.5106792448439955 neg 0.44663524708310326 __DUMMY__ 0.042685508072901245	false	0.5
versklavung	neg 1.0		off 0.5165820382343217 neg 0.4410100918654783 __DUMMY__ 0.04240786990019991	false	0.5
schlecht	neg 1.0		off 0.5213103426190655 neg 0.4365857810232547 __DUMMY__ 0.042103876357679704	false	0.5
verhasst	neg 1.0		off 0.5138601271237058 neg 0.44410706655470655 __DUMMY__ 0.042032806321587686	false	0.5
beschweren	neg 1.0		off 0.5165075426191044 neg 0.4412759405431731 __DUMMY__ 0.04221651683772256	false	0.5
scheiden	neg 1.0		off 0.5165346259508744 neg 0.44096911715750914 __DUMMY__ 0.0424962568916164	false	0.5
frustriert	neg 1.0		off 0.5126185307239355 neg 0.4450574049588478 __DUMMY__ 0.042324064317216636	false	0.5
schimmelig	neg 1.0		off 0.510689905331116 neg 0.4470242721187862 __DUMMY__ 0.042285822550097794	false	0.5
fisch	neg 1.0		off 0.5084998782700754 neg 0.4490270430190076 __DUMMY__ 0.042473078710916934	false	0.5
schmuggel	neg 1.0		off 0.5109931828122695 neg 0.44639389213058356 __DUMMY__ 0.042612925057146804	false	0.5
auffallen	neg 1.0		off 0.5173270398662649 neg 0.4404904825214933 __DUMMY__ 0.04218247761224181	false	0.5
konkurrenz	neg 1.0		off 0.5085073626642385 neg 0.44885065553701076 __DUMMY__ 0.04264198179875094	false	0.5
teufelskreis	neg 1.0		off 0.5135212198118806 neg 0.44420961982003154 __DUMMY__ 0.0422691603680878	false	0.5
aufschreien	neg 1.0		off 0.5165215708040495 neg 0.44138896998010235 __DUMMY__ 0.04208945921584823	false	0.5
schuldner	neg 1.0		off 0.5079902166521826 neg 0.44954541381536567 __DUMMY__ 0.04246436953245168	false	0.5
missgeburt	off 1.0	off 1.0	off 0.7491378900597159 neg 0.23102824840306704 __DUMMY__ 0.019833861537217078	false	1.0
arbeitslos	neg 1.0		off 0.5099526738435528 neg 0.447813393999256 __DUMMY__ 0.04223393215719118	false	0.5
befallen	neg 1.0		off 0.5155881874225666 neg 0.44181282082791234 __DUMMY__ 0.042598991749521	false	0.5
miesepetrig	off 1.0	off 1.0	off 0.7468176062227031 neg 0.2330884841107527 __DUMMY__ 0.020093909666544243	false	1.0
alarmieren	neg 1.0		off 0.5182392731034937 neg 0.4397132617685867 __DUMMY__ 0.04204746512791959	false	0.5
ungeduscht	off 1.0		off 0.5180010050965801 neg 0.4400018948901048 __DUMMY__ 0.04199710001331494	false	1.0
knappheit	neg 1.0		off 0.5095495160340678 neg 0.4481966488438185 __DUMMY__ 0.042253835122113705	false	0.5
schlange	neg 1.0		off 0.5191555990822186 neg 0.4383133159042733 __DUMMY__ 0.042531085013508094	false	0.5
harsch	neg 1.0		off 0.526737197659809 neg 0.4312247933123058 __DUMMY__ 0.042038009027885244	false	0.5
lang	neg 1.0		off 0.5168235812758758 neg 0.4407508785510537 __DUMMY__ 0.04242554017307045	false	0.5
ziellos	neg 1.0		off 0.5129599435707054 neg 0.4444238480477037 __DUMMY__ 0.042616208381591004	false	0.5
selbstverliebt	neg 1.0		off 0.527706553533868 neg 0.4310675666738394 __DUMMY__ 0.04122587979229268	false	0.5
beseitigen	neg 1.0		off 0.5147284875878311 neg 0.4427425650969781 __DUMMY__ 0.04252894731519088	false	0.5
dumm	off 1.0		off 0.5250094954811404 neg 0.43338552895900295 __DUMMY__ 0.04160497555985663	false	1.0
arbeitsloser	neg 1.0		off 0.5116259338289911 neg 0.4459662770628634 __DUMMY__ 0.0424077891081454	false	0.5
blitzen	neg 1.0		off 0.5188121192712432 neg 0.43891510590310173 __DUMMY__ 0.0422727748256551	false	0.5
hilflos	neg 1.0		off 0.5125346426185174 neg 0.4450935478377351 __DUMMY__ 0.04237180954374749	false	0.5
eklig	off 1.0		off 0.524568056814616 neg 0.4339695849753369 __DUMMY__ 0.04146235821004712	false	1.0
begriff			off 0.5135779565593296 neg 0.44410242324452237 __DUMMY__ 0.042319620196147996	false	0.0
hungersnot	neg 1.0		off 0.5140751721775947 neg 0.4433136580296202 __DUMMY__ 0.04261116979278516	false	0.5
ungesetzlich	neg 1.0		off 0.5123303151604411 neg 0.44566498026624185 __DUMMY__ 0.04200470457331685	false	0.5
verschwendung	neg 1.0		off 0.5105340414910942 neg 0.44692874728347887 __DUMMY__ 0.04253721122542705	false	0.5
schmerzvoll	neg 1.0		off 0.5169120838374057 neg 0.4407999116677628 __DUMMY__ 0.04228800449483137	false	0.5
vorzeitig	neg 1.0		off 0.5188017373215299 neg 0.43889129409777794 __DUMMY__ 0.04230696858069212	false	0.5
unvollkommenheit	neg 1.0		off 0.5152911025597586 neg 0.44193798773332016 __DUMMY__ 0.04277090970692122	false	0.5
intervenieren	neg 1.0		off 0.5090401359061812 neg 0.4485345288325872 __DUMMY__ 0.04242533526123159	false	0.5
banause	off 1.0		off 0.5257179146304253 neg 0.4330640880998145 __DUMMY__ 0.04121799726976027	false	1.0
rebell	neg 1.0		off 0.5072750114778583 neg 0.45001743875185113 __DUMMY__ 0.04270754977029056	false	0.5
unlogisch	neg 1.0		off 0.5207600939714645 neg 0.4375227557249094 __DUMMY__ 0.04171715030362612	false	0.5
leiden	neg 1.0		off 0.5110291727698801 neg 0.4462605997119698 __DUMMY__ 0.042710227518150165	false	0.5
abschaffung	neg 1.0		off 0.514390690704105 neg 0.4433470864248744 __DUMMY__ 0.042262222871020605	false	0.5
sturz	neg 1.0		off 0.5167156861840156 neg 0.44077491614958103 __DUMMY__ 0.042509397666403374	false	0.5
verkleinerung	neg 1.0		off 0.5144131374149691 neg 0.44370405145680475 __DUMMY__ 0.04188281112822618	false	0.5
schmarotzer	off 1.0		off 0.5098993552639989 neg 0.4479783348285079 __DUMMY__ 0.04212230990749313	false	1.0
bestrafung	neg 1.0		off 0.5165363827080468 neg 0.4411116792306349 __DUMMY__ 0.04235193806131834	false	0.5
achtlos	neg 1.0	neg 1.0	neg 0.7056442719807915 off 0.27404826432334617 __DUMMY__ 0.020307463695862366	false	1.0
ungeheuer	neg 1.0		off 0.5184392286287534 neg 0.4392351313158475 __DUMMY__ 0.04232564005539907	false	0.5
unaufrichtig	neg 1.0		off 0.5193732278916955 neg 0.4382777459336361 __DUMMY__ 0.04234902617466837	false	0.5
groggy	neg 1.0		off 0.5187112481919256 neg 0.4390022456792569 __DUMMY__ 0.04228650612881743	false	0.5
verletzlich	neg 1.0		off 0.5194578965557883 neg 0.4386778887014074 __DUMMY__ 0.0418642147428043	false	0.5
