unsolidarisch	neg 1.0		off 0.35699086637730887 __DUMMY__ 0.33145901109637865 neg 0.31155012252631253	false	0.5
nachteilig	neg 1.0		off 0.35374071674559465 __DUMMY__ 0.3344184352332458 neg 0.31184084802115963	false	0.5
skeptisch	neg 1.0		off 0.3531173683888965 __DUMMY__ 0.3346270319044735 neg 0.3122555997066299	false	0.5
schrecklich	neg 1.0		off 0.3687321362796555 __DUMMY__ 0.3295846508676733 neg 0.30168321285267113	false	0.5
schlapp	neg 1.0		off 0.36481856156409803 __DUMMY__ 0.331396110887432 neg 0.30378532754847004	false	0.5
abfall	neg 1.0		off 0.3505728003683913 __DUMMY__ 0.3372278503855768 neg 0.31219934924603177	false	0.5
widerspenstig	neg 1.0		off 0.3593903598976435 __DUMMY__ 0.33349647359137563 neg 0.307113166510981	false	0.5
abrupt	neg 1.0		off 0.355763289026163 __DUMMY__ 0.33634268178651267 neg 0.30789402918732445	false	0.5
unwirksam	neg 1.0		off 0.3564297759888578 __DUMMY__ 0.3307319230673438 neg 0.3128383009437984	false	0.5
angreifen	neg 1.0		off 0.3532348981171791 __DUMMY__ 0.3347991323642923 neg 0.31196596951852856	false	0.5
inkonsistent	neg 1.0		off 0.35971474118228614 __DUMMY__ 0.3325629825181923 neg 0.30772227629952154	false	0.5
abrutschen	neg 1.0		off 0.3499696972892303 __DUMMY__ 0.3357955887852535 neg 0.31423471392551633	false	0.5
unsicher	neg 1.0		off 0.3591020374457943 __DUMMY__ 0.3338466047058127 neg 0.307051357848393	false	0.5
bauernkind	off 1.0	off 1.0	off 0.6726351894445082 neg 0.17026016616653208 __DUMMY__ 0.15710464438895966	false	1.0
angreifer	neg 1.0	neg 1.0	neg 0.6380374269905489 off 0.2000417846379958 __DUMMY__ 0.1619207883714554	false	1.0
trennen	neg 1.0		off 0.3543458264210644 __DUMMY__ 0.3365684707481326 neg 0.3090857028308029	false	0.5
schmutz	neg 1.0		off 0.3635419970200196 __DUMMY__ 0.3361232213323959 neg 0.30033478164758437	false	0.5
inkonsistenz	neg 1.0		off 0.3621109771971284 __DUMMY__ 0.3283758998217248 neg 0.30951312298114675	false	0.5
erschreckend	neg 1.0		off 0.35732310824207986 __DUMMY__ 0.3328118335922105 neg 0.3098650581657096	false	0.5
ertrinken	neg 1.0		off 0.3547987109140773 __DUMMY__ 0.33581282802703405 neg 0.3093884610588886	false	0.5
pickelface	off 1.0		off 0.3584276133400394 __DUMMY__ 0.3343169300344824 neg 0.30725545662547826	false	1.0
seiner			off 0.353928563950365 __DUMMY__ 0.33504112035169925 neg 0.3110303156979356	false	0.0
lauch	neg 1.0		off 0.3517907857159726 __DUMMY__ 0.3370412239889964 neg 0.3111679902950311	false	0.5
unwichtig	neg 1.0		off 0.3632994227884937 __DUMMY__ 0.3304159982227513 neg 0.30628457898875505	false	0.5
steuerhinterziehung	neg 1.0	neg 1.0	neg 0.6420879916220913 off 0.19640996576621314 __DUMMY__ 0.1615020426116955	false	1.0
schock	neg 1.0		off 0.35857221238653825 __DUMMY__ 0.3344309230516136 neg 0.3069968645618482	false	0.5
beule	neg 1.0		off 0.36580308352681346 __DUMMY__ 0.33085531263070284 neg 0.3033416038424836	false	0.5
vergelten	neg 1.0		off 0.368625394917846 __DUMMY__ 0.33148539768458635 neg 0.2998892073975675	false	0.5
verdorbenheit	neg 1.0		off 0.3609574389983807 __DUMMY__ 0.3347935123768922 neg 0.3042490486247272	false	0.5
trauma	neg 1.0		off 0.3602034541969168 __DUMMY__ 0.3333528195806689 neg 0.30644372622241417	false	0.5
sinnlos	neg 1.0		off 0.36141804064170685 __DUMMY__ 0.3326762181005761 neg 0.3059057412577171	false	0.5
fettsack	off 1.0	off 1.0	off 0.6739505424305964 neg 0.1683431044093685 __DUMMY__ 0.15770635316003515	false	1.0
feige	off 1.0	off 1.0	off 0.6708331113721133 neg 0.16981042544462446 __DUMMY__ 0.15935646318326221	false	1.0
abdanken	neg 1.0		off 0.3582196488575409 __DUMMY__ 0.33374940199126585 neg 0.3080309491511931	false	0.5
wichtigtuer	off 1.0	off 1.0	off 0.6695035143120324 neg 0.17038765198456413 __DUMMY__ 0.16010883370340354	false	1.0
misslingen	neg 1.0		off 0.3615339074469093 __DUMMY__ 0.3358153011841508 neg 0.3026507913689398	false	0.5
untreu	off 1.0		off 0.3644734334165391 __DUMMY__ 0.3309160857049496 neg 0.3046104808785113	false	1.0
missmutig	neg 1.0		off 0.36442540170059534 __DUMMY__ 0.33200213687963415 neg 0.3035724614197704	false	0.5
hurenbock	off 1.0		off 0.3625429018130428 __DUMMY__ 0.33435157426178796 neg 0.3031055239251692	false	1.0
betrunken	neg 1.0		off 0.36678479560921035 __DUMMY__ 0.3309041302926599 neg 0.30231107409812963	false	0.5
korrupt	off 1.0		off 0.35452016708861445 __DUMMY__ 0.33221434644805575 neg 0.31326548646332975	false	1.0
unmut	neg 1.0		off 0.350434968128266 __DUMMY__ 0.3362122936736592 neg 0.31335273819807474	false	0.5
hackfresse	off 1.0		off 0.3719540616230528 __DUMMY__ 0.32743444085719015 neg 0.30061149751975696	false	1.0
aufblasen	neg 1.0		off 0.36157014639502083 __DUMMY__ 0.33343594772124624 neg 0.3049939058837329	false	0.5
gewaltsam	neg 1.0		off 0.3579954400366519 __DUMMY__ 0.3347075721170317 neg 0.3072969878463164	false	0.5
unbeliebtheit	neg 1.0		off 0.3615104996395648 __DUMMY__ 0.3297718751027153 neg 0.3087176252577201	false	0.5
sturheit	neg 1.0		off 0.35692104273768327 __DUMMY__ 0.3332817879357657 neg 0.3097971693265511	false	0.5
kuh	neg 1.0		off 0.35922653468882926 __DUMMY__ 0.3294682768152812 neg 0.3113051884958895	false	0.5
erschrecken	neg 1.0		off 0.36449183216052566 __DUMMY__ 0.3326197605953798 neg 0.30288840724409444	false	0.5
opfer	neg 1.0		off 0.3552027951932936 __DUMMY__ 0.33474908445273127 neg 0.310048120353975	false	0.5
sinken	neg 1.0		off 0.3515744790065181 __DUMMY__ 0.3364928791693602 neg 0.3119326418241216	false	0.5
stinktier	neg 1.0		off 0.36693005818789975 __DUMMY__ 0.3260813120144113 neg 0.30698862979768904	false	0.5
tucke	off 1.0		off 0.37316100822294557 __DUMMY__ 0.3267985570672515 neg 0.3000404347098028	false	1.0
ein			off 0.3600877125109649 __DUMMY__ 0.3329763941106533 neg 0.3069358933783818	false	0.0
abstieg	neg 1.0		off 0.35398498556222885 __DUMMY__ 0.33506857175178073 neg 0.3109464426859904	false	0.5
missverstehen	neg 1.0		off 0.3608039027951616 __DUMMY__ 0.3306218844673963 neg 0.30857421273744196	false	0.5
ergebnislos	neg 1.0		off 0.3536389076386575 __DUMMY__ 0.33520027105953876 neg 0.3111608213018038	false	0.5
unter			off 0.3465874746535777 __DUMMY__ 0.33948993708277964 neg 0.3139225882636427	false	0.0
manipulieren	neg 1.0		off 0.3534613334622726 __DUMMY__ 0.33562468083676084 neg 0.31091398570096646	false	0.5
unbewiesen	neg 1.0		off 0.35656154961375947 __DUMMY__ 0.3309811798247918 neg 0.3124572705614486	false	0.5
verschleppen	neg 1.0		off 0.35497420362733295 __DUMMY__ 0.3339802875429194 neg 0.3110455088297477	false	0.5
weib	off 1.0		off 0.3713958468202401 __DUMMY__ 0.3255163605951222 neg 0.3030877925846377	false	1.0
opposition	neg 1.0		off 0.35976003171249 __DUMMY__ 0.33178958966536476 neg 0.3084503786221452	false	0.5
verkehrswidrig	neg 1.0		off 0.370515650074566 __DUMMY__ 0.33191999662051913 neg 0.29756435330491493	false	0.5
inkorrekt	neg 1.0		off 0.36679360184726867 __DUMMY__ 0.3284864499364821 neg 0.3047199482162491	false	0.5
vermeiden	neg 1.0		off 0.3490304154555095 __DUMMY__ 0.3371275693565096 neg 0.3138420151879809	false	0.5
abweichung	neg 1.0		off 0.3542793663479535 __DUMMY__ 0.3338705767996279 neg 0.3118500568524186	false	0.5
alkoholisiert	neg 1.0		off 0.3545153807750201 __DUMMY__ 0.335451525107731 neg 0.31003309411724883	false	0.5
scheiss	off 1.0	off 1.0	off 0.6716431546679982 neg 0.16857492213134542 __DUMMY__ 0.1597819232006564	false	1.0
herausforderung	neg 1.0		off 0.35377899467763796 __DUMMY__ 0.3354252039465012 neg 0.3107958013758608	false	0.5
pervers	off 1.0		off 0.3753534650483925 __DUMMY__ 0.32580602018257493 neg 0.29884051476903256	false	1.0
wackelig	neg 1.0		off 0.35816221528529735 __DUMMY__ 0.33579001822104143 neg 0.3060477664936612	false	0.5
verwickeln	neg 1.0		off 0.3602741371122392 __DUMMY__ 0.3308938468969643 neg 0.3088320159907965	false	0.5
vorwand	neg 1.0		off 0.35272316721087005 __DUMMY__ 0.3349584823219452 neg 0.3123183504671848	false	0.5
muschi	off 1.0		off 0.3584202337383807 __DUMMY__ 0.33411117867217677 neg 0.3074685875894425	false	1.0
entmutigung	neg 1.0		off 0.3597279305334162 __DUMMY__ 0.3324509200151118 neg 0.3078211494514722	false	0.5
unangemessen	neg 1.0		off 0.3555976751857296 __DUMMY__ 0.33214943148729015 neg 0.3122528933269802	false	0.5
unstetig	neg 1.0		off 0.3617014865291719 __DUMMY__ 0.3322366072502324 neg 0.3060619062205957	false	0.5
entmutigen	neg 1.0		off 0.35992529389267974 __DUMMY__ 0.33300695097017474 neg 0.30706775513714546	false	0.5
schwanz	neg 1.0		off 0.3558391921869111 __DUMMY__ 0.335064230700217 neg 0.3090965771128718	false	0.5
verbot	neg 1.0		off 0.355268730754265 __DUMMY__ 0.3337756926895788 neg 0.3109555765561562	false	0.5
leid	neg 1.0		off 0.3697250184030961 __DUMMY__ 0.32804340223112594 neg 0.30223157936577805	false	0.5
archaisch	neg 1.0		off 0.3572209752678735 __DUMMY__ 0.3335726574184777 neg 0.3092063673136487	false	0.5
gegen			off 0.35126587464003634 __DUMMY__ 0.3360990509361093 neg 0.3126350744238543	false	0.0
scheidung	neg 1.0		off 0.38231432363326406 __DUMMY__ 0.3272807315435155 neg 0.29040494482322043	false	0.5
einschlag	neg 1.0		off 0.3675059048090252 __DUMMY__ 0.3301791142821567 neg 0.3023149809088181	false	0.5
m			off 0.3568959663399366 __DUMMY__ 0.3348607527616835 neg 0.30824328089838005	false	0.0
abgestanden	neg 1.0		off 0.35927888898534316 __DUMMY__ 0.3324776963866948 neg 0.30824341462796223	false	0.5
schmierig	off 1.0		off 0.3699477662843434 __DUMMY__ 0.32948611365480723 neg 0.30056612006084943	false	1.0
unpraktisch	neg 1.0		off 0.36060701730386086 __DUMMY__ 0.3327588824109098 neg 0.3066341002852293	false	0.5
wixxer	off 1.0		off 0.37473650243188955 __DUMMY__ 0.3247542165094759 neg 0.3005092810586345	false	1.0
bezeichnet			off 0.35769037650517616 __DUMMY__ 0.33180153842591376 neg 0.31050808506891014	false	0.0
jammerlappen	off 1.0		off 0.3644429660863409 __DUMMY__ 0.3316993180836903 neg 0.3038577158299687	false	1.0
farce	neg 1.0		off 0.356082338126473 __DUMMY__ 0.3330714473860436 neg 0.3108462144874834	false	0.5
zwecklos	neg 1.0		off 0.3560033013405616 __DUMMY__ 0.3331453762706589 neg 0.3108513223887794	false	0.5
turbulent	neg 1.0		off 0.3656779666568676 __DUMMY__ 0.3304925900264697 neg 0.30382944331666284	false	0.5
invasion	neg 1.0		off 0.3606950770665685 __DUMMY__ 0.33217071039942303 neg 0.3071342125340084	false	0.5
schuld	neg 1.0		off 0.35935338737326905 __DUMMY__ 0.3320398333550307 neg 0.30860677927170027	false	0.5
risiko	neg 1.0	neg 1.0	neg 0.6382922801997668 off 0.19962613554481348 __DUMMY__ 0.16208158425541963	false	1.0
finster	neg 1.0		off 0.35936531767862645 __DUMMY__ 0.33152943104218374 neg 0.3091052512791897	false	0.5
geisteskrank	off 1.0		off 0.3644189354165848 __DUMMY__ 0.32866716712400523 neg 0.3069138974594098	false	1.0
zusammenbrechen	neg 1.0		off 0.35680152181250757 __DUMMY__ 0.3339269054427283 neg 0.30927157274476424	false	0.5
ausbeute	neg 1.0		off 0.35815918426242677 __DUMMY__ 0.338213898085712 neg 0.30362691765186106	false	0.5
hinterhalt	neg 1.0		off 0.3604242816232303 __DUMMY__ 0.33781198302348475 neg 0.3017637353532849	false	0.5
kritik	neg 1.0		off 0.35574893429940635 __DUMMY__ 0.3329983536514932 neg 0.31125271204910054	false	0.5
einschrumpfen	neg 1.0		off 0.362570839453173 __DUMMY__ 0.33097942830048105 neg 0.306449732246346	false	0.5
riskant	neg 1.0		off 0.3533780383936568 __DUMMY__ 0.3339716330526816 neg 0.31265032855366154	false	0.5
frustrieren	neg 1.0		off 0.3545392233328928 __DUMMY__ 0.33390080153925855 neg 0.3115599751278486	false	0.5
groll	neg 1.0		off 0.35542109622081747 __DUMMY__ 0.3332192242862882 neg 0.31135967949289434	false	0.5
gibt			off 0.3568916678814715 __DUMMY__ 0.3339606887647356 neg 0.30914764335379274	false	0.0
qualvoll	neg 1.0		off 0.3629379329293234 __DUMMY__ 0.3328510903572309 neg 0.3042109767134456	false	0.5
wackeln	neg 1.0		off 0.3612157016524032 __DUMMY__ 0.3346121596041005 neg 0.30417213874349636	false	0.5
klagen	neg 1.0		off 0.3508733178509761 __DUMMY__ 0.33548172433022316 neg 0.3136449578188007	false	0.5
bankrott	neg 1.0		off 0.3644757692280498 __DUMMY__ 0.33271795459515857 neg 0.3028062761767916	false	0.5
trauern	neg 1.0		off 0.3558847028313069 __DUMMY__ 0.3362323637820617 neg 0.3078829333866312	false	0.5
ablehnung	neg 1.0		off 0.35526893139816274 __DUMMY__ 0.3329176355159473 neg 0.31181343308589016	false	0.5
stur	neg 1.0		off 0.3593901150328836 __DUMMY__ 0.3318189016330169 neg 0.3087909833340995	false	0.5
aufruhr	neg 1.0		off 0.3577546949135495 __DUMMY__ 0.33385529352048104 neg 0.3083900115659695	false	0.5
melancholie	neg 1.0		off 0.35597615639859315 __DUMMY__ 0.3348710253526965 neg 0.30915281824871016	false	0.5
ist			off 0.3609618435516737 __DUMMY__ 0.33255828594912135 neg 0.3064798704992051	false	0.0
torheit	neg 1.0		off 0.35923423261170045 __DUMMY__ 0.3332029026479341 neg 0.30756286474036554	false	0.5
dreckskind	off 1.0		off 0.3700260854681551 __DUMMY__ 0.3267518954865327 neg 0.3032220190453123	false	1.0
umtauschen	neg 1.0		off 0.35862199851646775 __DUMMY__ 0.33344893210380677 neg 0.3079290693797254	false	0.5
zum			off 0.35093404314127435 __DUMMY__ 0.33929807181060573 neg 0.30976788504811986	false	0.0
zersetzen	neg 1.0		off 0.35264622891891356 __DUMMY__ 0.33437424847897074 neg 0.3129795226021156	false	0.5
zur			off 0.349116469689839 __DUMMY__ 0.3382268422454762 neg 0.3126566880646846	false	0.0
frust	neg 1.0		off 0.3569399052241484 __DUMMY__ 0.33413651563138114 neg 0.3089235791444705	false	0.5
unerbittlichkeit	neg 1.0		off 0.3530494034708159 __DUMMY__ 0.3349265143552432 neg 0.3120240821739409	false	0.5
zwei			off 0.35168515895660446 __DUMMY__ 0.33837230063768825 neg 0.3099425404057072	false	0.0
unkorrekt	neg 1.0		off 0.36688089376055527 __DUMMY__ 0.32921256176175 neg 0.3039065444776948	false	0.5
hexe	off 1.0		off 0.36338088357643966 __DUMMY__ 0.32975312165599635 neg 0.306865994767564	false	1.0
lasch	neg 1.0		off 0.3618626628473182 __DUMMY__ 0.330296467504829 neg 0.30784086964785273	false	0.5
rivale	neg 1.0		off 0.3667331553792383 __DUMMY__ 0.33041267618135123 neg 0.3028541684394104	false	0.5
mutlos	off 1.0	off 1.0	off 0.665379135509682 neg 0.17301006740744077 __DUMMY__ 0.16161079708287723	false	1.0
wirr	off 1.0		off 0.36789499035265916 __DUMMY__ 0.3289147458611398 neg 0.30319026378620106	false	1.0
jahr			off 0.3552441945299709 __DUMMY__ 0.33851160378557504 neg 0.3062442016844542	false	0.0
wird			off 0.3554741013583015 __DUMMY__ 0.33408812553163963 neg 0.3104377731100588	false	0.0
strafbar	neg 1.0		off 0.3538581131542309 __DUMMY__ 0.33383482858576 neg 0.31230705826000915	false	0.5
erosion	neg 1.0		off 0.3600243399748687 __DUMMY__ 0.33459382729938225 neg 0.305381832725749	false	0.5
eingehen	neg 1.0		off 0.3540289654231803 __DUMMY__ 0.3336880974140752 neg 0.3122829371627445	false	0.5
faul	off 1.0		off 0.3641476066913534 __DUMMY__ 0.3323283084118925 neg 0.30352408489675414	false	1.0
provisorium	neg 1.0		off 0.347438394035573 __DUMMY__ 0.33959295589794714 neg 0.31296865006647984	false	0.5
schmerzen	neg 1.0		off 0.3574115158871746 __DUMMY__ 0.3330908926924739 neg 0.30949759142035155	false	0.5
schrumpfen	neg 1.0		off 0.34791330801053727 __DUMMY__ 0.33618525419963463 neg 0.315901437789828	false	0.5
geistlos	off 1.0		off 0.3601541221197441 __DUMMY__ 0.33019966562743813 neg 0.30964621225281774	false	1.0
fehlkauf	neg 1.0		off 0.3617666551430267 __DUMMY__ 0.3335786001272872 neg 0.3046547447296862	false	0.5
frustrierend	neg 1.0		off 0.36295326765153096 __DUMMY__ 0.3315936483974941 neg 0.30545308395097504	false	0.5
unzufrieden	neg 1.0		off 0.3553225015646812 __DUMMY__ 0.33291495719234987 neg 0.311762541242969	false	0.5
verzweifeln	neg 1.0		off 0.3576039675536507 __DUMMY__ 0.3334339017615072 neg 0.30896213068484213	false	0.5
verzweifelt	neg 1.0	neg 1.0	neg 0.6412532885187031 off 0.1984224881821781 __DUMMY__ 0.1603242232991188	false	1.0
misstrauensantrag	neg 1.0		off 0.3610642600079224 __DUMMY__ 0.33228806046827636 neg 0.30664767952380123	false	0.5
abfallen	neg 1.0		off 0.3609152517579343 __DUMMY__ 0.33416486429274006 neg 0.30491988394932557	false	0.5
fucker	off 1.0		off 0.36792790365995925 __DUMMY__ 0.33104168726008026 neg 0.3010304090799604	false	1.0
ungezogen	neg 1.0		off 0.37464369408031006 __DUMMY__ 0.32644121625490075 neg 0.29891508966478914	false	0.5
irrsinnig	neg 1.0	neg 1.0	neg 0.6408529772018694 off 0.19859206477533542 __DUMMY__ 0.16055495802279524	false	1.0
unfassbar	neg 1.0		off 0.3655495839180682 __DUMMY__ 0.3310788523457845 neg 0.30337156373614727	false	0.5
hart	neg 1.0		off 0.3651843416862536 __DUMMY__ 0.331200150059048 neg 0.30361550825469846	false	0.5
widerlich	off 1.0		off 0.36513003544814726 __DUMMY__ 0.3294964308820744 neg 0.30537353366977843	false	1.0
fatal	neg 1.0		off 0.3617291717588335 __DUMMY__ 0.3328002649630332 neg 0.3054705632781333	false	0.5
bruch	neg 1.0		off 0.35149598982931485 __DUMMY__ 0.335653454508904 neg 0.31285055566178127	false	0.5
aushungern	neg 1.0		off 0.3571913618437644 __DUMMY__ 0.3345819266325474 neg 0.3082267115236882	false	0.5
anspannung	neg 1.0		off 0.3503588531595851 __DUMMY__ 0.3385244727731916 neg 0.3111166740672234	false	0.5
von			off 0.35611648120212974 __DUMMY__ 0.33950069055398124 neg 0.304382828243889	false	0.0
kraftlos	neg 1.0		off 0.3567748033104252 __DUMMY__ 0.3347104712625753 neg 0.3085147254269994	false	0.5
vom			off 0.34873656683304755 __DUMMY__ 0.34031896518489235 neg 0.31094446798206016	false	0.0
grenzdebil	off 1.0		off 0.3662867897984197 __DUMMY__ 0.33132194679314814 neg 0.302391263408432	false	1.0
vor			off 0.3532651246538019 __DUMMY__ 0.33668492081531176 neg 0.3100499545308863	false	0.0
unterwerfen	neg 1.0		off 0.35500091137587764 __DUMMY__ 0.3345855961761501 neg 0.3104134924479723	false	0.5
versenkung	neg 1.0		off 0.3556731186368748 __DUMMY__ 0.3353223609250896 neg 0.3090045204380357	false	0.5
entziehen	neg 1.0		off 0.351474696892429 __DUMMY__ 0.33538235218878387 neg 0.31314295091878713	false	0.5
finanzkrise	neg 1.0		off 0.35695719056249675 __DUMMY__ 0.33284861636895235 neg 0.310194193068551	false	0.5
schimpfend	neg 1.0		off 0.3612142334419323 __DUMMY__ 0.3326133726711628 neg 0.3061723938869048	false	0.5
profan	neg 1.0		off 0.36131094623736937 __DUMMY__ 0.3316009886411971 neg 0.30708806512143366	false	0.5
korruption	neg 1.0		off 0.355242331902244 __DUMMY__ 0.3340790545806336 neg 0.3106786135171224	false	0.5
â			off 0.3569098099967195 __DUMMY__ 0.3356803610103303 neg 0.3074098289929502	false	0.0
schmutzig	neg 1.0		off 0.3671852279485962 __DUMMY__ 0.3316530569259663 neg 0.30116171512543755	false	0.5
sexy	neg 1.0		off 0.36348103465289733 __DUMMY__ 0.3326879198920855 neg 0.3038310454550172	false	0.5
abraten	neg 1.0		off 0.3610702532311723 __DUMMY__ 0.33244913352154537 neg 0.3064806132472824	false	0.5
schwarz	neg 1.0		off 0.36074558232035675 __DUMMY__ 0.3327975418213178 neg 0.30645687585832526	false	0.5
fotze	off 1.0	off 1.0	off 0.6673667260998352 neg 0.17035496426649638 __DUMMY__ 0.16227830963366846	false	1.0
verwirren	neg 1.0		off 0.3622389826568295 __DUMMY__ 0.3319748836276695 neg 0.30578613371550106	false	0.5
zahnlos	off 1.0		off 0.35654318651770506 __DUMMY__ 0.33305833431057913 neg 0.31039847917171576	false	1.0
verheeren	neg 1.0		off 0.37741947550574334 __DUMMY__ 0.3276761209655502 neg 0.2949044035287065	false	0.5
hippie	neg 1.0		off 0.36307125889164704 __DUMMY__ 0.33278561661061123 neg 0.3041431244977417	false	0.5
rammen	neg 1.0		off 0.3600250603546869 __DUMMY__ 0.33195478918473004 neg 0.308020150460583	false	0.5
unlauter	neg 1.0		off 0.35824230857234524 __DUMMY__ 0.3309460355246405 neg 0.31081165590301424	false	0.5
unheilvoll	neg 1.0		off 0.36169964896728324 __DUMMY__ 0.33337107781136965 neg 0.30492927322134705	false	0.5
niedrig	neg 1.0		off 0.3528216313707062 __DUMMY__ 0.33374707933885833 neg 0.3134312892904354	false	0.5
explosion	neg 1.0		off 0.3622124485195428 __DUMMY__ 0.332536433273436 neg 0.3052511182070211	false	0.5
weichei	off 1.0	off 1.0	off 0.6746973014016179 neg 0.16693859476857326 __DUMMY__ 0.15836410382980884	false	1.0
minusmensch	off 1.0		off 0.3724941483132483 __DUMMY__ 0.3259911448286268 neg 0.30151470685812487	false	1.0
farblos	neg 1.0		off 0.35945883326789596 __DUMMY__ 0.33439637052835725 neg 0.30614479620374674	false	0.5
unwissend	neg 1.0	neg 1.0	neg 0.6394193403196329 off 0.20090686985821193 __DUMMY__ 0.15967378982215524	false	1.0
traurig	neg 1.0		off 0.36815811377504665 __DUMMY__ 0.330145237255799 neg 0.30169664896915444	false	0.5
senkung	neg 1.0		off 0.36047624880479373 __DUMMY__ 0.3306591729139192 neg 0.30886457828128716	false	0.5
ungleich	neg 1.0	neg 1.0	neg 0.6433747240874003 off 0.1949641898003991 __DUMMY__ 0.16166108611220056	false	1.0
heikel	neg 1.0		off 0.35312607609897606 __DUMMY__ 0.3337447205334322 neg 0.31312920336759187	false	0.5
drosselung	neg 1.0		off 0.36581190990597157 __DUMMY__ 0.33092818367977156 neg 0.30325990641425676	false	0.5
falsch	neg 1.0		off 0.36274186232199773 __DUMMY__ 0.3309762571450333 neg 0.30628188053296906	false	0.5
unzufriedenheit	neg 1.0		off 0.3523209379826179 __DUMMY__ 0.33518625498130444 neg 0.3124928070360776	false	0.5
kurz	neg 1.0		off 0.35832343935297295 __DUMMY__ 0.3351096462846021 neg 0.30656691436242484	false	0.5
unsinnig	neg 1.0		off 0.3563134290092703 __DUMMY__ 0.33243064716132364 neg 0.31125592382940614	false	0.5
penner	off 1.0	off 1.0	off 0.6757578694058186 neg 0.16597428280496773 __DUMMY__ 0.15826784778921366	false	1.0
seicht	neg 1.0		off 0.37326784361383397 __DUMMY__ 0.32573479259505456 neg 0.3009973637911115	false	0.5
dummheit	off 1.0	off 1.0	off 0.6697420529110754 neg 0.17016987244911433 __DUMMY__ 0.16008807463981042	false	1.0
unerfreulich	neg 1.0		off 0.3529880234277384 __DUMMY__ 0.3349041855357215 neg 0.3121077910365402	false	0.5
motherfucker	off 1.0	off 1.0	off 0.6728562166384244 neg 0.16712791451474857 __DUMMY__ 0.160015868846827	false	1.0
pikiert	neg 1.0		off 0.3647542314042374 __DUMMY__ 0.33027816895711243 neg 0.3049675996386503	false	0.5
wrack	neg 1.0		off 0.35748867471527523 __DUMMY__ 0.3352355635967077 neg 0.307275761688017	false	0.5
gangster	neg 1.0		off 0.3631087731675326 __DUMMY__ 0.33272385433870205 neg 0.3041673724937655	false	0.5
krank	neg 1.0		off 0.36622536758617624 __DUMMY__ 0.3312609927763725 neg 0.30251363963745126	false	0.5
reich	neg 1.0		off 0.3660861484380651 __DUMMY__ 0.33292846234422335 neg 0.3009853892177116	false	0.5
gnadenlos	neg 1.0		off 0.3598531102503904 __DUMMY__ 0.3324922524986058 neg 0.30765463725100384	false	0.5
niedergeschlagen	neg 1.0		off 0.3579418342035518 __DUMMY__ 0.33444195409319205 neg 0.30761621170325604	false	0.5
terrorisieren	off 1.0	off 1.0	off 0.6661054045660525 neg 0.17164702150498853 __DUMMY__ 0.1622475739289589	false	1.0
sinnlosigkeit	neg 1.0		off 0.3562443257549245 __DUMMY__ 0.33348048908881556 neg 0.31027518515626	false	0.5
behindern	neg 1.0		off 0.3585250642332989 __DUMMY__ 0.3340582172140909 neg 0.30741671855261027	false	0.5
undemokratisch	neg 1.0		off 0.3594684436778312 __DUMMY__ 0.33251703744907857 neg 0.30801451887309034	false	0.5
wirtschaftskrise	neg 1.0		off 0.3547891328792646 __DUMMY__ 0.3338047063681688 neg 0.31140616075256666	false	0.5
neid	neg 1.0		off 0.3637425221107975 __DUMMY__ 0.3323583315242941 neg 0.3038991463649083	false	0.5
rutschen	neg 1.0		off 0.3520272271968974 __DUMMY__ 0.33893621225937853 neg 0.309036560543724	false	0.5
rezession	neg 1.0		off 0.36594749206400307 __DUMMY__ 0.32698839697434745 neg 0.3070641109616495	false	0.5
fehlgeburt	neg 1.0		off 0.3617145650968372 __DUMMY__ 0.3335617316156735 neg 0.3047237032874893	false	0.5
charakterschwach	off 1.0		off 0.3649339800812517 __DUMMY__ 0.3296037195408843 neg 0.30546230037786387	false	1.0
isolation	neg 1.0		off 0.3630452031604841 __DUMMY__ 0.33209033548687183 neg 0.30486446135264395	false	0.5
ablenkung	neg 1.0		off 0.35936329260181027 __DUMMY__ 0.33371787202502035 neg 0.3069188353731693	false	0.5
pech	neg 1.0		off 0.36228072169311615 __DUMMY__ 0.33099255968017155 neg 0.3067267186267123	false	0.5
vermeidung	neg 1.0		off 0.366536229834822 __DUMMY__ 0.33156678079109125 neg 0.30189698937408677	false	0.5
dominieren	neg 1.0		off 0.3553015876290683 __DUMMY__ 0.33526552822154776 neg 0.3094328841493841	false	0.5
schwindlig	neg 1.0		off 0.36211635309928075 __DUMMY__ 0.33324156266773597 neg 0.3046420842329834	false	0.5
lutscher	neg 1.0		off 0.37419082933620784 __DUMMY__ 0.32605574964446665 neg 0.29975342101932545	false	0.5
pflicht	neg 1.0		off 0.3520622710723301 __DUMMY__ 0.3344046461389706 neg 0.3135330827886992	false	0.5
faschist	off 1.0		off 0.3624436074152697 __DUMMY__ 0.33195549751269754 neg 0.30560089507203275	false	1.0
verschleudern	neg 1.0		off 0.3529879302044345 __DUMMY__ 0.3337836034916256 neg 0.31322846630393997	false	0.5
wenn			off 0.36344465821063376 __DUMMY__ 0.331544002149133 neg 0.30501133964023314	false	0.0
ehebruch	neg 1.0		off 0.3556552780096273 __DUMMY__ 0.3346001438881816 neg 0.30974457810219114	false	0.5
spott	off 1.0		off 0.3544425954534861 __DUMMY__ 0.334022603754377 neg 0.31153480079213697	false	1.0
trostlosigkeit	neg 1.0		off 0.3533339915506741 __DUMMY__ 0.3366295112099798 neg 0.31003649723934623	false	0.5
lutschen	neg 1.0		off 0.3627485271872867 __DUMMY__ 0.33151162994368005 neg 0.3057398428690332	false	0.5
undiszipliniert	neg 1.0		off 0.3670721419028462 __DUMMY__ 0.3296985529334847 neg 0.30322930516366914	false	0.5
kopfschmerz	neg 1.0		off 0.35651957146197194 __DUMMY__ 0.3336323064150684 neg 0.30984812212295965	false	0.5
unvorhergesehen	neg 1.0		off 0.35541567857811407 __DUMMY__ 0.33684680946479917 neg 0.30773751195708676	false	0.5
desinteressiert	neg 1.0		off 0.36656902515677814 __DUMMY__ 0.32992436533878405 neg 0.30350660950443786	false	0.5
armselig	off 1.0		off 0.3669241990159158 __DUMMY__ 0.3284618986175495 neg 0.30461390236653474	false	1.0
desaster	neg 1.0		off 0.3508427185325739 __DUMMY__ 0.33582464708244464 neg 0.31333263438498143	false	0.5
tod	neg 1.0		off 0.3585657617432999 __DUMMY__ 0.33743284674991986 neg 0.3040013915067801	false	0.5
herzlos	neg 1.0		off 0.36773968852019323 __DUMMY__ 0.32948299081113624 neg 0.30277732066867047	false	0.5
unwissenheit	neg 1.0		off 0.3558467288651269 __DUMMY__ 0.33353287810155036 neg 0.3106203930333226	false	0.5
widersinnig	neg 1.0		off 0.35442491760973527 __DUMMY__ 0.3317910845535647 neg 0.3137839978367001	false	0.5
bedenklich	neg 1.0		off 0.3544919458980253 __DUMMY__ 0.33343668656271125 neg 0.3120713675392635	false	0.5
beanstanden	neg 1.0		off 0.3519254367321948 __DUMMY__ 0.3348057174621622 neg 0.313268845805643	false	0.5
panisch	neg 1.0	neg 1.0	neg 0.6375658418991387 off 0.20059179408901043 __DUMMY__ 0.16184236401185095	false	1.0
debil	off 1.0		off 0.34851441296080093 __DUMMY__ 0.33934709102088556 neg 0.31213849601831334	false	1.0
abstrich	neg 1.0		off 0.361509956330473 __DUMMY__ 0.33765706156369313 neg 0.30083298210583376	false	0.5
primitiv	neg 1.0		off 0.365286144841974 __DUMMY__ 0.3293609181218428 neg 0.3053529370361832	false	0.5
abschaum	off 1.0	off 1.0	off 0.6713475860571801 neg 0.1687609007057717 __DUMMY__ 0.15989151323704814	false	1.0
provozieren	neg 1.0		off 0.358871527909969 __DUMMY__ 0.33163046721205064 neg 0.30949800487798024	false	0.5
tot	neg 1.0		off 0.35615310513336484 __DUMMY__ 0.3341758228100689 neg 0.30967107205656613	false	0.5
instabil	neg 1.0		off 0.3668903948095793 __DUMMY__ 0.3292999543284744 neg 0.3038096508619463	false	0.5
schwuchtel	off 1.0	off 1.0	off 0.6786547449680115 neg 0.1649104140248938 __DUMMY__ 0.15643484100709465	false	1.0
zerren	neg 1.0		off 0.3572077734139263 __DUMMY__ 0.3344752750579219 neg 0.30831695152815175	false	0.5
kinderficker	off 1.0		off 0.37077630851023136 __DUMMY__ 0.3287273457093378 neg 0.3004963457804307	false	1.0
gefahr	neg 1.0		off 0.35282336740387976 __DUMMY__ 0.3360438494328823 neg 0.3111327831632378	false	0.5
rabiat	neg 1.0		off 0.35921593733805723 __DUMMY__ 0.33339327630460885 neg 0.3073907863573339	false	0.5
verlangsamung	neg 1.0		off 0.3712040107639906 __DUMMY__ 0.32659940631281476 neg 0.30219658292319457	false	0.5
ausgestorben	neg 1.0		off 0.35922294576190644 __DUMMY__ 0.33394032037048044 neg 0.3068367338676131	false	0.5
anklagen	neg 1.0		off 0.3557213426420306 __DUMMY__ 0.33428917905469646 neg 0.30998947830327306	false	0.5
trott	neg 1.0		off 0.35881736445240503 __DUMMY__ 0.33387152379567786 neg 0.30731111175191705	false	0.5
verminderung	neg 1.0		off 0.36627573689587745 __DUMMY__ 0.3306886605316886 neg 0.3030356025724339	false	0.5
nach			off 0.35030826646988045 __DUMMY__ 0.3389078392728289 neg 0.31078389425729064	false	0.0
rost	neg 1.0		off 0.37095656977656416 __DUMMY__ 0.3282675754242091 neg 0.3007758547992267	false	0.5
destruktiv	neg 1.0		off 0.35775211518961136 __DUMMY__ 0.3322835479387712 neg 0.3099643368716174	false	0.5
unzumutbarkeit	neg 1.0		off 0.3654615411998403 __DUMMY__ 0.3318500706433896 neg 0.3026883881567701	false	0.5
labil	off 1.0	off 1.0	off 0.6710871439196922 neg 0.16861497617650814 __DUMMY__ 0.16029787990379973	false	1.0
ziemlich	neg 1.0		off 0.3656707606001425 __DUMMY__ 0.3314572360791708 neg 0.3028720033206867	false	0.5
lachnummer	off 1.0		off 0.358555667903197 __DUMMY__ 0.33217481893169243 neg 0.30926951316511053	false	1.0
oder			off 0.3602696916868134 __DUMMY__ 0.3335067468047767 neg 0.3062235615084098	false	0.0
verfall	neg 1.0		off 0.34869955466874814 __DUMMY__ 0.33697008466307793 neg 0.31433036066817394	false	0.5
ausgrenzung	neg 1.0		off 0.3604003523559995 __DUMMY__ 0.33260352281412153 neg 0.3069961248298789	false	0.5
unordnung	neg 1.0		off 0.36931171764373927 __DUMMY__ 0.3322744908973196 neg 0.2984137914589411	false	0.5
fehlverhalten	neg 1.0		off 0.35242948214979436 __DUMMY__ 0.3337976680588816 neg 0.3137728497913241	false	0.5
eine			off 0.3534810181328086 __DUMMY__ 0.3359985894900135 neg 0.31052039237717804	false	0.0
nille	neg 1.0		off 0.35918853278187596 __DUMMY__ 0.33442460585006467 neg 0.30638686136805937	false	0.5
qual	neg 1.0		off 0.35850021889442435 __DUMMY__ 0.3341355627781899 neg 0.30736421832738586	false	0.5
verschwenden	neg 1.0		off 0.3537449035972298 __DUMMY__ 0.33353687310985175 neg 0.3127182232929183	false	0.5
riesig	neg 1.0		off 0.35641242196440864 __DUMMY__ 0.33582101832525774 neg 0.30776655971033373	false	0.5
verurteilen	neg 1.0		off 0.3552780707909155 __DUMMY__ 0.3330124479443611 neg 0.3117094812647234	false	0.5
klischee	neg 1.0	neg 1.0	neg 0.6398105658322587 off 0.20017736588827637 __DUMMY__ 0.16001206827946504	false	1.0
diktatorisch	neg 1.0		off 0.359346567417416 __DUMMY__ 0.33208389322799803 neg 0.30856953935458614	false	0.5
vorhersehbar	neg 1.0		off 0.36103553837524854 __DUMMY__ 0.3304539583220834 neg 0.30851050330266805	false	0.5
sowie			off 0.3699750388755651 __DUMMY__ 0.3286820946955218 neg 0.30134286642891317	false	0.0
stornieren	neg 1.0		off 0.3633334066682267 __DUMMY__ 0.33538565823071653 neg 0.3012809351010569	false	0.5
besteuerung	neg 1.0		off 0.3579871729590893 __DUMMY__ 0.33109900609186976 neg 0.31091382094904085	false	0.5
ungeschminkt	neg 1.0		off 0.36463737979294947 __DUMMY__ 0.3289301894005696 neg 0.3064324308064809	false	0.5
kritisch	neg 1.0		off 0.35442481877656057 __DUMMY__ 0.33381159212803385 neg 0.3117635890954056	false	0.5
schlamperei	off 1.0		off 0.3537949969516806 __DUMMY__ 0.3351994829100721 neg 0.3110055201382473	false	1.0
sucht	neg 1.0	neg 1.0	neg 0.6355777724551464 off 0.2007413465975046 __DUMMY__ 0.16368088094734912	false	1.0
egoistisch	off 1.0		off 0.3698904432103535 __DUMMY__ 0.3273813154444135 neg 0.3027282413452331	false	1.0
ausbeuter	off 1.0		off 0.3520760392235072 __DUMMY__ 0.3333698936149084 neg 0.31455406716158446	false	1.0
arschgeburt	off 1.0		off 0.3770857195171238 __DUMMY__ 0.32360010603598766 neg 0.2993141744468886	false	1.0
schubs	neg 1.0		off 0.3568210354694438 __DUMMY__ 0.33385831741961497 neg 0.3093206471109413	false	0.5
unsolide	neg 1.0		off 0.3594332036514951 __DUMMY__ 0.33105832895851317 neg 0.3095084673899918	false	0.5
beschwerde	neg 1.0		off 0.3537774550268635 __DUMMY__ 0.3338936982165539 neg 0.31232884675658246	false	0.5
stocken	neg 1.0		off 0.3543406859656088 __DUMMY__ 0.3352254990001412 neg 0.31043381503424994	false	0.5
isolieren	neg 1.0		off 0.3555718863588635 __DUMMY__ 0.3342429179268105 neg 0.31018519571432607	false	0.5
unheilbar	neg 1.0		off 0.3599969187322239 __DUMMY__ 0.33393632833330494 neg 0.3060667529344711	false	0.5
pisser	off 1.0		off 0.36710569817051575 __DUMMY__ 0.329334613610149 neg 0.30355968821933527	false	1.0
löschen	neg 1.0		off 0.35939197867671513 __DUMMY__ 0.3340044359647323 neg 0.3066035853585524	false	0.5
durchfallen	neg 1.0		off 0.35426988337469917 __DUMMY__ 0.332555364667938 neg 0.31317475195736294	false	0.5
wichser	off 1.0	off 1.0	off 0.6775101127757943 neg 0.16494450460402468 __DUMMY__ 0.157545382620181	false	1.0
terror	neg 1.0		off 0.3627396213719203 __DUMMY__ 0.33280519069462533 neg 0.30445518793345433	false	0.5
krass	neg 1.0		off 0.36830372220868524 __DUMMY__ 0.32895180993076045 neg 0.3027444678605543	false	0.5
revolte	neg 1.0		off 0.36120431708304973 __DUMMY__ 0.33275566449838206 neg 0.3060400184185683	false	0.5
besorgt	neg 1.0		off 0.3591178543873123 __DUMMY__ 0.3364160756295029 neg 0.304466069983185	false	0.5
nachlassen	neg 1.0		off 0.35551569541259365 __DUMMY__ 0.3365783168176618 neg 0.3079059877697446	false	0.5
alt	neg 1.0		off 0.3564279878398171 __DUMMY__ 0.33426277267113474 neg 0.30930923948904826	false	0.5
hundesohn	off 1.0		off 0.37447558391050734 __DUMMY__ 0.32631411275271904 neg 0.2992103033367735	false	1.0
als			off 0.3564213185935405 __DUMMY__ 0.3337867492329181 neg 0.30979193217354134	false	0.0
abschreckung	neg 1.0		off 0.3521828203000039 __DUMMY__ 0.33537197994482715 neg 0.312445199755169	false	0.5
unqualifiziert	neg 1.0		off 0.36175598287745625 __DUMMY__ 0.3299477903186069 neg 0.30829622680393687	false	0.5
abgewichst	off 1.0		off 0.35846625286964146 __DUMMY__ 0.3346576513485105 neg 0.3068760957818481	false	1.0
schwer	neg 1.0		off 0.35777414127586554 __DUMMY__ 0.3328199176934834 neg 0.30940594103065105	false	0.5
bedeutungslosigkeit	neg 1.0		off 0.3528950027353143 __DUMMY__ 0.3345842975787587 neg 0.312520699685927	false	0.5
kapitulation	neg 1.0		off 0.3549285592137052 __DUMMY__ 0.33484737406391046 neg 0.31022406672238445	false	0.5
unscharf	neg 1.0		off 0.36084346612525703 __DUMMY__ 0.33117805033549386 neg 0.30797848353924906	false	0.5
schwinden	neg 1.0		off 0.35367290935598217 __DUMMY__ 0.335827123889251 neg 0.31049996675476677	false	0.5
versklavung	neg 1.0		off 0.36030241076828645 __DUMMY__ 0.33373572496922865 neg 0.30596186426248495	false	0.5
schlecht	neg 1.0		off 0.3658404811255798 __DUMMY__ 0.3314261135821117 neg 0.30273340529230847	false	0.5
verhasst	neg 1.0		off 0.3589973446356829 __DUMMY__ 0.33086971910437024 neg 0.310132936259947	false	0.5
beschweren	neg 1.0		off 0.3608697236491911 __DUMMY__ 0.332263849603904 neg 0.306866426746905	false	0.5
scheiden	neg 1.0		off 0.3598223908823049 __DUMMY__ 0.33445396198054866 neg 0.3057236471371463	false	0.5
frustriert	neg 1.0		off 0.35678326330369314 __DUMMY__ 0.33306510198027456 neg 0.3101516347160322	false	0.5
schimmelig	neg 1.0		off 0.3549250685646878 __DUMMY__ 0.332846802728052 neg 0.31222812870726013	false	0.5
fisch	neg 1.0		off 0.3521554129346345 __DUMMY__ 0.3342890852956798 neg 0.3135555017696858	false	0.5
schmuggel	neg 1.0		off 0.35419648323296465 __DUMMY__ 0.33530783301687067 neg 0.3104956837501646	false	0.5
auffallen	neg 1.0		off 0.3617623374564508 __DUMMY__ 0.33201169177444306 neg 0.3062259707691061	false	0.5
konkurrenz	neg 1.0		off 0.3517555968719336 __DUMMY__ 0.33549251648734313 neg 0.31275188664072334	false	0.5
teufelskreis	neg 1.0		off 0.35784906627747604 __DUMMY__ 0.3326532842992764 neg 0.30949764942324753	false	0.5
aufschreien	neg 1.0		off 0.36132773669383683 __DUMMY__ 0.3313039041135151 neg 0.30736835919264816	false	0.5
schuldner	neg 1.0		off 0.3518763367954198 __DUMMY__ 0.33415694414818625 neg 0.3139667190563939	false	0.5
missgeburt	off 1.0	off 1.0	off 0.6749488505722877 neg 0.16695398903334954 __DUMMY__ 0.15809716039436272	false	1.0
arbeitslos	neg 1.0		off 0.35456591655538955 __DUMMY__ 0.33238268684509353 neg 0.3130513965995169	false	0.5
befallen	neg 1.0		off 0.35864315206868236 __DUMMY__ 0.3352071423300235 neg 0.3061497056012941	false	0.5
miesepetrig	off 1.0	off 1.0	off 0.6716719254617706 neg 0.16819231369737614 __DUMMY__ 0.16013576084085335	false	1.0
alarmieren	neg 1.0		off 0.3631384649380289 __DUMMY__ 0.33101660924909354 neg 0.3058449258128776	false	0.5
ungeduscht	off 1.0		off 0.3629458879974555 __DUMMY__ 0.3306529143359948 neg 0.30640119766654966	false	1.0
knappheit	neg 1.0		off 0.3540875558434292 __DUMMY__ 0.3325776937315429 neg 0.31333475042502773	false	0.5
schlange	neg 1.0		off 0.362259770221338 __DUMMY__ 0.33466181931587613 neg 0.30307841046278583	false	0.5
harsch	neg 1.0		off 0.3712170527148745 __DUMMY__ 0.33096115816047567 neg 0.29782178912464996	false	0.5
lang	neg 1.0		off 0.3604285826267091 __DUMMY__ 0.3338312930020644 neg 0.30574012437122655	false	0.5
ziellos	neg 1.0		off 0.3560666993834924 __DUMMY__ 0.33528568955453 neg 0.3086476110619777	false	0.5
selbstverliebt	neg 1.0		off 0.37502405471751643 __DUMMY__ 0.32481127772820595 neg 0.3001646675542776	false	0.5
beseitigen	neg 1.0		off 0.3580425709145277 __DUMMY__ 0.33467765553658024 neg 0.3072797735488919	false	0.5
dumm	off 1.0		off 0.3711047335689478 __DUMMY__ 0.3276736719896314 neg 0.30122159444142077	false	1.0
arbeitsloser	neg 1.0		off 0.35558040682836967 __DUMMY__ 0.3337152249677809 neg 0.3107043682038494	false	0.5
blitzen	neg 1.0		off 0.3628728430469816 __DUMMY__ 0.33269097510588097 neg 0.3044361818471375	false	0.5
hilflos	neg 1.0		off 0.35652275135873895 __DUMMY__ 0.3334282822710309 neg 0.3100489663702301	false	0.5
eklig	off 1.0		off 0.3711554840723001 __DUMMY__ 0.3266018241309781 neg 0.3022426917967217	false	1.0
begriff			off 0.35772864550631167 __DUMMY__ 0.33304484858119243 neg 0.30922650591249584	false	0.0
hungersnot	neg 1.0		off 0.3571642934968303 __DUMMY__ 0.33528282670799686 neg 0.3075528797951728	false	0.5
ungesetzlich	neg 1.0		off 0.35767967031394093 __DUMMY__ 0.3306815161599569 neg 0.3116388135261023	false	0.5
verschwendung	neg 1.0		off 0.35404994278080193 __DUMMY__ 0.3346746645199668 neg 0.3112753926992312	false	0.5
schmerzvoll	neg 1.0		off 0.3609919337859224 __DUMMY__ 0.33280655062461423 neg 0.30620151558946346	false	0.5
vorzeitig	neg 1.0		off 0.3627043662395671 __DUMMY__ 0.3329980118952299 neg 0.30429762186520315	false	0.5
unvollkommenheit	neg 1.0		off 0.35771506998602337 __DUMMY__ 0.33651149496811467 neg 0.3057734350458621	false	0.5
intervenieren	neg 1.0		off 0.35304389757995297 __DUMMY__ 0.33384427507293873 neg 0.3131118273471083	false	0.5
banause	off 1.0		off 0.3731108952668737 __DUMMY__ 0.3247645647560481 neg 0.30212453997707833	false	1.0
rebell	neg 1.0		off 0.35024198162615755 __DUMMY__ 0.33601566321293536 neg 0.31374235516090704	false	0.5
unlogisch	neg 1.0		off 0.36665207182731313 __DUMMY__ 0.3285130187895301 neg 0.3048349093831568	false	0.5
leiden	neg 1.0		off 0.35382839543925615 __DUMMY__ 0.3360382595974804 neg 0.3101333449632633	false	0.5
abschaffung	neg 1.0		off 0.3586894585992023 __DUMMY__ 0.3326341532617724 neg 0.3086763881390253	false	0.5
sturz	neg 1.0		off 0.36001415224420275 __DUMMY__ 0.334522412754626 neg 0.3054634350011713	false	0.5
verkleinerung	neg 1.0		off 0.3600219380448421 __DUMMY__ 0.3297823545641142 neg 0.3101957073910437	false	0.5
schmarotzer	off 1.0		off 0.35491698328337196 __DUMMY__ 0.3315440644406907 neg 0.3135389522759375	false	1.0
bestrafung	neg 1.0		off 0.36043689827545905 __DUMMY__ 0.33329700142458496 neg 0.30626610029995593	false	0.5
achtlos	neg 1.0	neg 1.0	neg 0.6400221677498829 off 0.19818221785231194 __DUMMY__ 0.16179561439780515	false	1.0
ungeheuer	neg 1.0		off 0.3622772089230248 __DUMMY__ 0.33313202918245693 neg 0.30459076189451834	false	0.5
unaufrichtig	neg 1.0		off 0.36316335858547877 __DUMMY__ 0.33330223944821974 neg 0.30353440196630144	false	0.5
groggy	neg 1.0		off 0.36275988005214566 __DUMMY__ 0.3327834629311435 neg 0.3044566570167109	false	0.5
verletzlich	neg 1.0		off 0.36487419823400413 __DUMMY__ 0.3296320838816235 neg 0.30549371788437235	false	0.5
ablehnen	neg 1.0		off 0.355085776832958 __DUMMY__ 0.3335109961628179 neg 0.3114032270042242	false	0.5
