unsolidarisch	neg 1.0		off 0.35699086637730887 __DUMMY__ 0.33145901109637865 neg 0.31155012252631253	false	0.5
nachteilig	neg 1.0		off 0.3537407167455948 __DUMMY__ 0.3344184352332456 neg 0.31184084802115947	false	0.5
skeptisch	neg 1.0		off 0.3531173683888967 __DUMMY__ 0.33462703190447307 neg 0.31225559970663014	false	0.5
schrecklich	neg 1.0		off 0.3687321362796561 __DUMMY__ 0.3295846508676725 neg 0.30168321285267147	false	0.5
schlapp	neg 1.0		off 0.364818561564098 __DUMMY__ 0.33139611088743215 neg 0.3037853275484699	false	0.5
abfall	neg 1.0		off 0.3505728003683915 __DUMMY__ 0.3372278503855765 neg 0.31219934924603193	false	0.5
widerspenstig	neg 1.0		off 0.3593903598976437 __DUMMY__ 0.33349647359137574 neg 0.30711316651098064	false	0.5
abrupt	neg 1.0		off 0.35576328902616267 __DUMMY__ 0.3363426817865127 neg 0.30789402918732467	false	0.5
unwirksam	neg 1.0		off 0.3564297759888577 __DUMMY__ 0.3307319230673438 neg 0.3128383009437984	false	0.5
angreifen	neg 1.0		off 0.3532348981171792 __DUMMY__ 0.3347991323642924 neg 0.31196596951852845	false	0.5
inkonsistent	neg 1.0		off 0.35971474118228586 __DUMMY__ 0.33256298251819266 neg 0.30772227629952154	false	0.5
abrutschen	neg 1.0		off 0.34996969728923055 __DUMMY__ 0.33579558878525306 neg 0.31423471392551644	false	0.5
unsicher	neg 1.0		off 0.35910203744579455 __DUMMY__ 0.3338466047058124 neg 0.3070513578483932	false	0.5
bauernkind	off 1.0	off 1.0	off 0.6726351894445084 neg 0.17026016616653208 __DUMMY__ 0.15710464438895957	false	1.0
angreifer	neg 1.0	neg 1.0	neg 0.6380374269905489 off 0.20004178463799557 __DUMMY__ 0.16192078837145554	false	1.0
trennen	neg 1.0		off 0.35434582642106416 __DUMMY__ 0.33656847074813306 neg 0.3090857028308028	false	0.5
schmutz	neg 1.0		off 0.3635419970200196 __DUMMY__ 0.3361232213323959 neg 0.30033478164758437	false	0.5
inkonsistenz	neg 1.0		off 0.36211097719712854 __DUMMY__ 0.3283758998217249 neg 0.30951312298114664	false	0.5
erschreckend	neg 1.0		off 0.35732310824207947 __DUMMY__ 0.33281183359221156 neg 0.3098650581657091	false	0.5
ertrinken	neg 1.0		off 0.3547987109140773 __DUMMY__ 0.33581282802703416 neg 0.30938846105888856	false	0.5
pickelface	off 1.0		off 0.35842761334003986 __DUMMY__ 0.33431693003448215 neg 0.307255456625478	false	1.0
seiner			off 0.35392856395036465 __DUMMY__ 0.33504112035169953 neg 0.3110303156979358	false	0.0
lauch	neg 1.0		off 0.35179078571597244 __DUMMY__ 0.33704122398899633 neg 0.3111679902950312	false	0.5
unwichtig	neg 1.0		off 0.363299422788494 __DUMMY__ 0.330415998222751 neg 0.3062845789887549	false	0.5
steuerhinterziehung	neg 1.0	neg 1.0	neg 0.6420879916220915 off 0.19640996576621297 __DUMMY__ 0.16150204261169554	false	1.0
schock	neg 1.0		off 0.3585722123865388 __DUMMY__ 0.3344309230516138 neg 0.30699686456184744	false	0.5
beule	neg 1.0		off 0.36580308352681323 __DUMMY__ 0.3308553126307029 neg 0.30334160384248393	false	0.5
vergelten	neg 1.0		off 0.3686253949178459 __DUMMY__ 0.3314853976845863 neg 0.2998892073975678	false	0.5
verdorbenheit	neg 1.0		off 0.36095743899838095 __DUMMY__ 0.33479351237689187 neg 0.3042490486247271	false	0.5
trauma	neg 1.0		off 0.3602034541969175 __DUMMY__ 0.33335281958066904 neg 0.3064437262224134	false	0.5
sinnlos	neg 1.0		off 0.3614180406417068 __DUMMY__ 0.33267621810057635 neg 0.3059057412577168	false	0.5
fettsack	off 1.0	off 1.0	off 0.6739505424305964 neg 0.1683431044093683 __DUMMY__ 0.15770635316003534	false	1.0
feige	off 1.0	off 1.0	off 0.6708331113721131 neg 0.16981042544462463 __DUMMY__ 0.15935646318326216	false	1.0
abdanken	neg 1.0		off 0.358219648857541 __DUMMY__ 0.33374940199126585 neg 0.3080309491511931	false	0.5
wichtigtuer	off 1.0	off 1.0	off 0.6695035143120323 neg 0.17038765198456424 __DUMMY__ 0.16010883370340348	false	1.0
misslingen	neg 1.0		off 0.3615339074469092 __DUMMY__ 0.3358153011841507 neg 0.30265079136893996	false	0.5
untreu	off 1.0		off 0.3644734334165389 __DUMMY__ 0.33091608570494996 neg 0.3046104808785112	false	1.0
missmutig	neg 1.0		off 0.36442540170059556 __DUMMY__ 0.3320021368796342 neg 0.30357246141977023	false	0.5
hurenbock	off 1.0		off 0.3625429018130428 __DUMMY__ 0.3343515742617878 neg 0.30310552392516943	false	1.0
betrunken	neg 1.0		off 0.3667847956092103 __DUMMY__ 0.33090413029265964 neg 0.30231107409812996	false	0.5
korrupt	off 1.0		off 0.35452016708861483 __DUMMY__ 0.3322143464480557 neg 0.3132654864633294	false	1.0
unmut	neg 1.0		off 0.3504349681282663 __DUMMY__ 0.33621229367365885 neg 0.3133527381980747	false	0.5
hackfresse	off 1.0		off 0.37195406162305233 __DUMMY__ 0.32743444085719065 neg 0.30061149751975696	false	1.0
aufblasen	neg 1.0		off 0.36157014639502044 __DUMMY__ 0.3334359477212469 neg 0.30499390588373265	false	0.5
gewaltsam	neg 1.0		off 0.3579954400366517 __DUMMY__ 0.33470757211703184 neg 0.3072969878463164	false	0.5
unbeliebtheit	neg 1.0		off 0.3615104996395649 __DUMMY__ 0.3297718751027153 neg 0.30871762525771995	false	0.5
sturheit	neg 1.0		off 0.35692104273768316 __DUMMY__ 0.333281787935765 neg 0.30979716932655177	false	0.5
kuh	neg 1.0		off 0.3592265346888291 __DUMMY__ 0.3294682768152812 neg 0.31130518849588984	false	0.5
erschrecken	neg 1.0		off 0.36449183216052633 __DUMMY__ 0.3326197605953799 neg 0.3028884072440938	false	0.5
opfer	neg 1.0		off 0.3552027951932937 __DUMMY__ 0.33474908445273116 neg 0.3100481203539751	false	0.5
sinken	neg 1.0		off 0.35157447900651795 __DUMMY__ 0.3364928791693604 neg 0.31193264182412184	false	0.5
stinktier	neg 1.0		off 0.36693005818790014 __DUMMY__ 0.3260813120144112 neg 0.3069886297976887	false	0.5
tucke	off 1.0		off 0.3731610082229462 __DUMMY__ 0.32679855706725147 neg 0.30004043470980235	false	1.0
ein			off 0.36008771251096505 __DUMMY__ 0.332976394110653 neg 0.30693589337838195	false	0.0
abstieg	neg 1.0		off 0.35398498556222885 __DUMMY__ 0.3350685717517807 neg 0.31094644268599037	false	0.5
missverstehen	neg 1.0		off 0.360803902795162 __DUMMY__ 0.33062188446739676 neg 0.30857421273744123	false	0.5
ergebnislos	neg 1.0		off 0.3536389076386572 __DUMMY__ 0.33520027105953837 neg 0.3111608213018044	false	0.5
unter			off 0.3465874746535778 __DUMMY__ 0.3394899370827798 neg 0.3139225882636424	false	0.0
manipulieren	neg 1.0		off 0.35346133346227226 __DUMMY__ 0.33562468083676117 neg 0.3109139857009665	false	0.5
unbewiesen	neg 1.0		off 0.35656154961375935 __DUMMY__ 0.3309811798247912 neg 0.3124572705614495	false	0.5
verschleppen	neg 1.0		off 0.3549742036273325 __DUMMY__ 0.3339802875429195 neg 0.31104550882974813	false	0.5
weib	off 1.0		off 0.37139584682023996 __DUMMY__ 0.32551636059512185 neg 0.3030877925846383	false	1.0
opposition	neg 1.0		off 0.3597600317124895 __DUMMY__ 0.33178958966536465 neg 0.3084503786221458	false	0.5
verkehrswidrig	neg 1.0		off 0.3705156500745655 __DUMMY__ 0.33191999662051946 neg 0.2975643533049151	false	0.5
inkorrekt	neg 1.0		off 0.3667936018472687 __DUMMY__ 0.32848644993648235 neg 0.3047199482162489	false	0.5
vermeiden	neg 1.0		off 0.3490304154555099 __DUMMY__ 0.33712756935650917 neg 0.31384201518798077	false	0.5
abweichung	neg 1.0		off 0.35427936634795326 __DUMMY__ 0.3338705767996279 neg 0.31185005685241884	false	0.5
alkoholisiert	neg 1.0		off 0.35451538077501993 __DUMMY__ 0.3354515251077314 neg 0.31003309411724866	false	0.5
scheiss	off 1.0	off 1.0	off 0.671643154667998 neg 0.16857492213134545 __DUMMY__ 0.15978192320065657	false	1.0
herausforderung	neg 1.0		off 0.3537789946776381 __DUMMY__ 0.33542520394650116 neg 0.3107958013758607	false	0.5
pervers	off 1.0		off 0.3753534650483922 __DUMMY__ 0.3258060201825751 neg 0.29884051476903273	false	1.0
wackelig	neg 1.0		off 0.35816221528529735 __DUMMY__ 0.3357900182210412 neg 0.3060477664936613	false	0.5
verwickeln	neg 1.0		off 0.3602741371122391 __DUMMY__ 0.33089384689696355 neg 0.30883201599079735	false	0.5
vorwand	neg 1.0		off 0.3527231672108696 __DUMMY__ 0.3349584823219452 neg 0.31231835046718515	false	0.5
muschi	off 1.0		off 0.3584202337383801 __DUMMY__ 0.334111178672177 neg 0.3074685875894428	false	1.0
entmutigung	neg 1.0		off 0.35972793053341595 __DUMMY__ 0.3324509200151118 neg 0.30782114945147243	false	0.5
unangemessen	neg 1.0		off 0.3555976751857292 __DUMMY__ 0.3321494314872895 neg 0.31225289332698125	false	0.5
unstetig	neg 1.0		off 0.3617014865291722 __DUMMY__ 0.332236607250232 neg 0.30606190622059576	false	0.5
entmutigen	neg 1.0		off 0.35992529389267996 __DUMMY__ 0.33300695097017474 neg 0.30706775513714524	false	0.5
schwanz	neg 1.0		off 0.3558391921869109 __DUMMY__ 0.3350642307002166 neg 0.30909657711287236	false	0.5
verbot	neg 1.0		off 0.35526873075426474 __DUMMY__ 0.33377569268957885 neg 0.31095557655615647	false	0.5
leid	neg 1.0		off 0.3697250184030966 __DUMMY__ 0.32804340223112577 neg 0.3022315793657777	false	0.5
archaisch	neg 1.0		off 0.35722097526787344 __DUMMY__ 0.33357265741847764 neg 0.3092063673136489	false	0.5
gegen			off 0.3512658746400364 __DUMMY__ 0.3360990509361092 neg 0.31263507442385424	false	0.0
scheidung	neg 1.0		off 0.3823143236332637 __DUMMY__ 0.32728073154351567 neg 0.2904049448232207	false	0.5
einschlag	neg 1.0		off 0.36750590480902495 __DUMMY__ 0.33017911428215707 neg 0.30231498090881803	false	0.5
m			off 0.35689596633993625 __DUMMY__ 0.3348607527616835 neg 0.30824328089838016	false	0.0
abgestanden	neg 1.0		off 0.35927888898534316 __DUMMY__ 0.3324776963866948 neg 0.30824341462796206	false	0.5
schmierig	off 1.0		off 0.36994776628434384 __DUMMY__ 0.32948611365480684 neg 0.30056612006084926	false	1.0
unpraktisch	neg 1.0		off 0.3606070173038607 __DUMMY__ 0.33275888241091006 neg 0.3066341002852292	false	0.5
wixxer	off 1.0		off 0.3747365024318897 __DUMMY__ 0.32475421650947556 neg 0.3005092810586348	false	1.0
bezeichnet			off 0.3576903765051763 __DUMMY__ 0.33180153842591276 neg 0.31050808506891076	false	0.0
jammerlappen	off 1.0		off 0.3644429660863404 __DUMMY__ 0.3316993180836902 neg 0.3038577158299693	false	1.0
farce	neg 1.0		off 0.3560823381264729 __DUMMY__ 0.3330714473860436 neg 0.3108462144874835	false	0.5
zwecklos	neg 1.0		off 0.35600330134056174 __DUMMY__ 0.3331453762706591 neg 0.31085132238877905	false	0.5
turbulent	neg 1.0		off 0.3656779666568676 __DUMMY__ 0.33049259002646975 neg 0.30382944331666256	false	0.5
invasion	neg 1.0		off 0.3606950770665681 __DUMMY__ 0.3321707103994237 neg 0.30713421253400824	false	0.5
schuld	neg 1.0		off 0.35935338737326866 __DUMMY__ 0.33203983335503073 neg 0.30860677927170066	false	0.5
risiko	neg 1.0	neg 1.0	neg 0.6382922801997668 off 0.1996261355448136 __DUMMY__ 0.16208158425541958	false	1.0
finster	neg 1.0		off 0.35936531767862695 __DUMMY__ 0.33152943104218335 neg 0.3091052512791897	false	0.5
geisteskrank	off 1.0		off 0.3644189354165848 __DUMMY__ 0.32866716712400545 neg 0.3069138974594096	false	1.0
zusammenbrechen	neg 1.0		off 0.35680152181250774 __DUMMY__ 0.33392690544272774 neg 0.3092715727447644	false	0.5
ausbeute	neg 1.0		off 0.35815918426242727 __DUMMY__ 0.33821389808571184 neg 0.303626917651861	false	0.5
hinterhalt	neg 1.0		off 0.36042428162323054 __DUMMY__ 0.3378119830234844 neg 0.3017637353532851	false	0.5
kritik	neg 1.0		off 0.35574893429940685 __DUMMY__ 0.33299835365149255 neg 0.31125271204910054	false	0.5
einschrumpfen	neg 1.0		off 0.36257083945317314 __DUMMY__ 0.33097942830048077 neg 0.30644973224634603	false	0.5
riskant	neg 1.0		off 0.35337803839365634 __DUMMY__ 0.3339716330526814 neg 0.3126503285536623	false	0.5
frustrieren	neg 1.0		off 0.35453922333289306 __DUMMY__ 0.3339008015392589 neg 0.3115599751278481	false	0.5
groll	neg 1.0		off 0.35542109622081786 __DUMMY__ 0.3332192242862881 neg 0.3113596794928941	false	0.5
gibt			off 0.3568916678814717 __DUMMY__ 0.333960688764735 neg 0.30914764335379324	false	0.0
qualvoll	neg 1.0		off 0.36293793292932336 __DUMMY__ 0.3328510903572308 neg 0.3042109767134457	false	0.5
wackeln	neg 1.0		off 0.3612157016524027 __DUMMY__ 0.33461215960410035 neg 0.30417213874349697	false	0.5
klagen	neg 1.0		off 0.3508733178509762 __DUMMY__ 0.3354817243302233 neg 0.3136449578188007	false	0.5
bankrott	neg 1.0		off 0.36447576922804886 __DUMMY__ 0.33271795459515857 neg 0.3028062761767926	false	0.5
trauern	neg 1.0		off 0.35588470283130735 __DUMMY__ 0.33623236378206145 neg 0.30788293338663114	false	0.5
ablehnung	neg 1.0		off 0.35526893139816335 __DUMMY__ 0.33291763551594666 neg 0.31181343308588994	false	0.5
stur	neg 1.0		off 0.35939011503288326 __DUMMY__ 0.3318189016330168 neg 0.3087909833341	false	0.5
aufruhr	neg 1.0		off 0.35775469491354983 __DUMMY__ 0.3338552935204809 neg 0.30839001156596935	false	0.5
melancholie	neg 1.0		off 0.35597615639859304 __DUMMY__ 0.33487102535269675 neg 0.30915281824871005	false	0.5
ist			off 0.36096184355167404 __DUMMY__ 0.3325582859491211 neg 0.3064798704992048	false	0.0
torheit	neg 1.0		off 0.35923423261170034 __DUMMY__ 0.33320290264793395 neg 0.30756286474036587	false	0.5
dreckskind	off 1.0		off 0.37002608546815474 __DUMMY__ 0.32675189548653305 neg 0.3032220190453122	false	1.0
umtauschen	neg 1.0		off 0.3586219985164674 __DUMMY__ 0.333448932103807 neg 0.3079290693797256	false	0.5
zum			off 0.3509340431412737 __DUMMY__ 0.3392980718106061 neg 0.30976788504812025	false	0.0
zersetzen	neg 1.0		off 0.3526462289189138 __DUMMY__ 0.33437424847897085 neg 0.31297952260211526	false	0.5
zur			off 0.3491164696898389 __DUMMY__ 0.33822684224547617 neg 0.31265668806468494	false	0.0
frust	neg 1.0		off 0.35693990522414887 __DUMMY__ 0.3341365156313808 neg 0.30892357914447033	false	0.5
unerbittlichkeit	neg 1.0		off 0.35304940347081565 __DUMMY__ 0.33492651435524307 neg 0.31202408217394134	false	0.5
zwei			off 0.35168515895660407 __DUMMY__ 0.33837230063768853 neg 0.3099425404057074	false	0.0
unkorrekt	neg 1.0		off 0.36688089376055505 __DUMMY__ 0.3292125617617501 neg 0.3039065444776947	false	0.5
hexe	off 1.0		off 0.36338088357643994 __DUMMY__ 0.32975312165599624 neg 0.30686599476756377	false	1.0
lasch	neg 1.0		off 0.36186266284731783 __DUMMY__ 0.33029646750482944 neg 0.30784086964785273	false	0.5
rivale	neg 1.0		off 0.3667331553792382 __DUMMY__ 0.3304126761813514 neg 0.30285416843941043	false	0.5
mutlos	off 1.0	off 1.0	off 0.665379135509682 neg 0.1730100674074408 __DUMMY__ 0.16161079708287712	false	1.0
wirr	off 1.0		off 0.36789499035265943 __DUMMY__ 0.3289147458611396 neg 0.303190263786201	false	1.0
jahr			off 0.355244194529971 __DUMMY__ 0.3385116037855749 neg 0.30624420168445404	false	0.0
wird			off 0.35547410135830176 __DUMMY__ 0.3340881255316395 neg 0.3104377731100589	false	0.0
strafbar	neg 1.0		off 0.35385811315423116 __DUMMY__ 0.33383482858575964 neg 0.3123070582600092	false	0.5
erosion	neg 1.0		off 0.36002433997486843 __DUMMY__ 0.3345938272993826 neg 0.30538183272574915	false	0.5
eingehen	neg 1.0		off 0.3540289654231801 __DUMMY__ 0.33368809741407573 neg 0.312282937162744	false	0.5
faul	off 1.0		off 0.364147606691354 __DUMMY__ 0.33232830841189276 neg 0.3035240848967534	false	1.0
provisorium	neg 1.0		off 0.3474383940355731 __DUMMY__ 0.3395929558979469 neg 0.31296865006648006	false	0.5
schmerzen	neg 1.0		off 0.357411515887175 __DUMMY__ 0.33309089269247366 neg 0.30949759142035127	false	0.5
schrumpfen	neg 1.0		off 0.3479133080105373 __DUMMY__ 0.3361852541996344 neg 0.31590143778982815	false	0.5
geistlos	off 1.0		off 0.36015412211974424 __DUMMY__ 0.3301996656274381 neg 0.3096462122528176	false	1.0
fehlkauf	neg 1.0		off 0.36176665514302725 __DUMMY__ 0.3335786001272871 neg 0.3046547447296857	false	0.5
frustrierend	neg 1.0		off 0.36295326765153085 __DUMMY__ 0.33159364839749444 neg 0.30545308395097476	false	0.5
unzufrieden	neg 1.0		off 0.35532250156468126 __DUMMY__ 0.33291495719234937 neg 0.3117625412429693	false	0.5
verzweifeln	neg 1.0		off 0.35760396755365065 __DUMMY__ 0.33343390176150695 neg 0.30896213068484235	false	0.5
verzweifelt	neg 1.0	neg 1.0	neg 0.641253288518703 off 0.19842248818217817 __DUMMY__ 0.1603242232991188	false	1.0
misstrauensantrag	neg 1.0		off 0.36106426000792213 __DUMMY__ 0.33228806046827647 neg 0.30664767952380145	false	0.5
abfallen	neg 1.0		off 0.360915251757935 __DUMMY__ 0.33416486429274017 neg 0.3049198839493249	false	0.5
fucker	off 1.0		off 0.3679279036599588 __DUMMY__ 0.33104168726008026 neg 0.30103040907996087	false	1.0
ungezogen	neg 1.0		off 0.37464369408031023 __DUMMY__ 0.3264412162549004 neg 0.2989150896647894	false	0.5
irrsinnig	neg 1.0	neg 1.0	neg 0.6408529772018694 off 0.19859206477533534 __DUMMY__ 0.16055495802279515	false	1.0
unfassbar	neg 1.0		off 0.3655495839180685 __DUMMY__ 0.3310788523457844 neg 0.3033715637361471	false	0.5
hart	neg 1.0		off 0.3651843416862537 __DUMMY__ 0.331200150059048 neg 0.30361550825469824	false	0.5
widerlich	off 1.0		off 0.3651300354481472 __DUMMY__ 0.32949643088207425 neg 0.3053735336697785	false	1.0
fatal	neg 1.0		off 0.36172917175883385 __DUMMY__ 0.3328002649630333 neg 0.305470563278133	false	0.5
bruch	neg 1.0		off 0.35149598982931507 __DUMMY__ 0.3356534545089038 neg 0.31285055566178127	false	0.5
aushungern	neg 1.0		off 0.3571913618437645 __DUMMY__ 0.3345819266325473 neg 0.3082267115236881	false	0.5
anspannung	neg 1.0		off 0.3503588531595846 __DUMMY__ 0.33852447277319153 neg 0.3111166740672238	false	0.5
von			off 0.3561164812021295 __DUMMY__ 0.33950069055398124 neg 0.30438282824388924	false	0.0
kraftlos	neg 1.0		off 0.35677480331042555 __DUMMY__ 0.33471047126257514 neg 0.30851472542699915	false	0.5
vom			off 0.3487365668330484 __DUMMY__ 0.340318965184892 neg 0.31094446798205955	false	0.0
grenzdebil	off 1.0		off 0.36628678979841967 __DUMMY__ 0.33132194679314775 neg 0.3023912634084325	false	1.0
vor			off 0.3532651246538016 __DUMMY__ 0.33668492081531187 neg 0.31004995453088646	false	0.0
unterwerfen	neg 1.0		off 0.3550009113758776 __DUMMY__ 0.3345855961761501 neg 0.31041349244797245	false	0.5
versenkung	neg 1.0		off 0.3556731186368747 __DUMMY__ 0.33532236092509 neg 0.3090045204380354	false	0.5
entziehen	neg 1.0		off 0.351474696892429 __DUMMY__ 0.3353823521887835 neg 0.31314295091878747	false	0.5
finanzkrise	neg 1.0		off 0.35695719056249675 __DUMMY__ 0.3328486163689522 neg 0.31019419306855106	false	0.5
schimpfend	neg 1.0		off 0.36121423344193204 __DUMMY__ 0.33261337267116314 neg 0.30617239388690465	false	0.5
profan	neg 1.0		off 0.3613109462373692 __DUMMY__ 0.33160098864119736 neg 0.3070880651214335	false	0.5
korruption	neg 1.0		off 0.3552423319022439 __DUMMY__ 0.3340790545806333 neg 0.31067861351712284	false	0.5
â			off 0.35690980999671945 __DUMMY__ 0.33568036101033083 neg 0.3074098289929498	false	0.0
schmutzig	neg 1.0		off 0.36718522794859626 __DUMMY__ 0.3316530569259664 neg 0.3011617151254374	false	0.5
sexy	neg 1.0		off 0.3634810346528972 __DUMMY__ 0.3326879198920851 neg 0.30383104545501766	false	0.5
abraten	neg 1.0		off 0.3610702532311721 __DUMMY__ 0.3324491335215456 neg 0.30648061324728226	false	0.5
schwarz	neg 1.0		off 0.36074558232035714 __DUMMY__ 0.33279754182131766 neg 0.30645687585832515	false	0.5
fotze	off 1.0	off 1.0	off 0.6673667260998354 neg 0.17035496426649652 __DUMMY__ 0.16227830963366802	false	1.0
verwirren	neg 1.0		off 0.36223898265682936 __DUMMY__ 0.33197488362766964 neg 0.30578613371550095	false	0.5
zahnlos	off 1.0		off 0.35654318651770517 __DUMMY__ 0.3330583343105792 neg 0.31039847917171565	false	1.0
verheeren	neg 1.0		off 0.3774194755057436 __DUMMY__ 0.32767612096554993 neg 0.2949044035287064	false	0.5
hippie	neg 1.0		off 0.36307125889164693 __DUMMY__ 0.3327856166106114 neg 0.3041431244977418	false	0.5
rammen	neg 1.0		off 0.36002506035468673 __DUMMY__ 0.33195478918473 neg 0.30802015046058323	false	0.5
unlauter	neg 1.0		off 0.3582423085723451 __DUMMY__ 0.33094603552464047 neg 0.3108116559030143	false	0.5
unheilvoll	neg 1.0		off 0.36169964896728296 __DUMMY__ 0.33337107781136976 neg 0.3049292732213474	false	0.5
niedrig	neg 1.0		off 0.3528216313707062 __DUMMY__ 0.33374707933885794 neg 0.31343128929043584	false	0.5
explosion	neg 1.0		off 0.3622124485195431 __DUMMY__ 0.3325364332734355 neg 0.3052511182070214	false	0.5
weichei	off 1.0	off 1.0	off 0.6746973014016179 neg 0.1669385947685733 __DUMMY__ 0.15836410382980878	false	1.0
minusmensch	off 1.0		off 0.372494148313248 __DUMMY__ 0.32599114482862673 neg 0.3015147068581252	false	1.0
farblos	neg 1.0		off 0.3594588332678957 __DUMMY__ 0.33439637052835736 neg 0.30614479620374685	false	0.5
unwissend	neg 1.0	neg 1.0	neg 0.6394193403196331 off 0.20090686985821157 __DUMMY__ 0.15967378982215535	false	1.0
traurig	neg 1.0		off 0.36815811377504687 __DUMMY__ 0.33014523725579914 neg 0.30169664896915394	false	0.5
senkung	neg 1.0		off 0.36047624880479373 __DUMMY__ 0.33065917291391883 neg 0.3088645782812875	false	0.5
ungleich	neg 1.0	neg 1.0	neg 0.6433747240874004 off 0.1949641898003991 __DUMMY__ 0.1616610861122006	false	1.0
heikel	neg 1.0		off 0.35312607609897595 __DUMMY__ 0.33374472053343157 neg 0.3131292033675926	false	0.5
drosselung	neg 1.0		off 0.36581190990597157 __DUMMY__ 0.3309281836797719 neg 0.3032599064142566	false	0.5
falsch	neg 1.0		off 0.36274186232199773 __DUMMY__ 0.3309762571450333 neg 0.306281880532969	false	0.5
unzufriedenheit	neg 1.0		off 0.35232093798261793 __DUMMY__ 0.33518625498130483 neg 0.31249280703607735	false	0.5
kurz	neg 1.0		off 0.3583234393529733 __DUMMY__ 0.33510964628460177 neg 0.306566914362425	false	0.5
unsinnig	neg 1.0		off 0.3563134290092705 __DUMMY__ 0.3324306471613233 neg 0.31125592382940614	false	0.5
penner	off 1.0	off 1.0	off 0.6757578694058184 neg 0.16597428280496762 __DUMMY__ 0.1582678477892139	false	1.0
seicht	neg 1.0		off 0.3732678436138334 __DUMMY__ 0.3257347925950546 neg 0.300997363791112	false	0.5
dummheit	off 1.0	off 1.0	off 0.6697420529110752 neg 0.17016987244911413 __DUMMY__ 0.16008807463981067	false	1.0
unerfreulich	neg 1.0		off 0.3529880234277379 __DUMMY__ 0.3349041855357216 neg 0.3121077910365405	false	0.5
motherfucker	off 1.0	off 1.0	off 0.6728562166384248 neg 0.1671279145147484 __DUMMY__ 0.16001586884682678	false	1.0
pikiert	neg 1.0		off 0.3647542314042374 __DUMMY__ 0.33027816895711254 neg 0.30496759963865017	false	0.5
wrack	neg 1.0		off 0.3574886747152751 __DUMMY__ 0.33523556359670775 neg 0.30727576168801707	false	0.5
gangster	neg 1.0		off 0.363108773167532 __DUMMY__ 0.33272385433870166 neg 0.3041673724937663	false	0.5
krank	neg 1.0		off 0.36622536758617674 __DUMMY__ 0.3312609927763723 neg 0.30251363963745104	false	0.5
reich	neg 1.0		off 0.366086148438065 __DUMMY__ 0.33292846234422346 neg 0.3009853892177116	false	0.5
gnadenlos	neg 1.0		off 0.3598531102503899 __DUMMY__ 0.33249225249860626 neg 0.3076546372510037	false	0.5
niedergeschlagen	neg 1.0		off 0.3579418342035516 __DUMMY__ 0.3344419540931922 neg 0.30761621170325626	false	0.5
terrorisieren	off 1.0	off 1.0	off 0.6661054045660524 neg 0.1716470215049886 __DUMMY__ 0.16224757392895905	false	1.0
sinnlosigkeit	neg 1.0		off 0.3562443257549246 __DUMMY__ 0.3334804890888153 neg 0.3102751851562601	false	0.5
behindern	neg 1.0		off 0.35852506423329894 __DUMMY__ 0.33405821721409107 neg 0.3074167185526099	false	0.5
undemokratisch	neg 1.0		off 0.359468443677831 __DUMMY__ 0.33251703744907884 neg 0.3080145188730903	false	0.5
wirtschaftskrise	neg 1.0		off 0.3547891328792653 __DUMMY__ 0.3338047063681681 neg 0.3114061607525667	false	0.5
neid	neg 1.0		off 0.3637425221107973 __DUMMY__ 0.3323583315242943 neg 0.30389914636490845	false	0.5
rutschen	neg 1.0		off 0.35202722719689716 __DUMMY__ 0.33893621225937814 neg 0.3090365605437245	false	0.5
rezession	neg 1.0		off 0.36594749206400284 __DUMMY__ 0.32698839697434734 neg 0.30706411096164976	false	0.5
fehlgeburt	neg 1.0		off 0.3617145650968372 __DUMMY__ 0.3335617316156739 neg 0.30472370328748893	false	0.5
charakterschwach	off 1.0		off 0.3649339800812519 __DUMMY__ 0.3296037195408843 neg 0.305462300377864	false	1.0
isolation	neg 1.0		off 0.3630452031604836 __DUMMY__ 0.3320903354868722 neg 0.3048644613526443	false	0.5
ablenkung	neg 1.0		off 0.35936329260181016 __DUMMY__ 0.3337178720250205 neg 0.3069188353731695	false	0.5
pech	neg 1.0		off 0.36228072169311654 __DUMMY__ 0.3309925596801712 neg 0.30672671862671236	false	0.5
vermeidung	neg 1.0		off 0.36653622983482215 __DUMMY__ 0.3315667807910908 neg 0.3018969893740869	false	0.5
dominieren	neg 1.0		off 0.35530158762906816 __DUMMY__ 0.3352655282215476 neg 0.30943288414938425	false	0.5
schwindlig	neg 1.0		off 0.36211635309928064 __DUMMY__ 0.3332415626677357 neg 0.3046420842329837	false	0.5
lutscher	neg 1.0		off 0.3741908293362071 __DUMMY__ 0.32605574964446715 neg 0.2997534210193256	false	0.5
pflicht	neg 1.0		off 0.3520622710723297 __DUMMY__ 0.3344046461389708 neg 0.3135330827886997	false	0.5
faschist	off 1.0		off 0.3624436074152697 __DUMMY__ 0.3319554975126975 neg 0.30560089507203275	false	1.0
verschleudern	neg 1.0		off 0.35298793020443464 __DUMMY__ 0.3337836034916254 neg 0.31322846630393997	false	0.5
wenn			off 0.3634446582106335 __DUMMY__ 0.3315440021491334 neg 0.30501133964023314	false	0.0
ehebruch	neg 1.0		off 0.3556552780096274 __DUMMY__ 0.3346001438881816 neg 0.30974457810219097	false	0.5
spott	off 1.0		off 0.3544425954534861 __DUMMY__ 0.33402260375437703 neg 0.3115348007921368	false	1.0
trostlosigkeit	neg 1.0		off 0.35333399155067413 __DUMMY__ 0.3366295112099798 neg 0.31003649723934606	false	0.5
lutschen	neg 1.0		off 0.36274852718728656 __DUMMY__ 0.3315116299436799 neg 0.30573984286903344	false	0.5
undiszipliniert	neg 1.0		off 0.36707214190284604 __DUMMY__ 0.32969855293348477 neg 0.30322930516366914	false	0.5
kopfschmerz	neg 1.0		off 0.3565195714619724 __DUMMY__ 0.33363230641506825 neg 0.30984812212295926	false	0.5
unvorhergesehen	neg 1.0		off 0.3554156785781143 __DUMMY__ 0.33684680946479956 neg 0.30773751195708626	false	0.5
desinteressiert	neg 1.0		off 0.3665690251567779 __DUMMY__ 0.3299243653387843 neg 0.3035066095044379	false	0.5
armselig	off 1.0		off 0.3669241990159162 __DUMMY__ 0.3284618986175494 neg 0.30461390236653435	false	1.0
desaster	neg 1.0		off 0.35084271853257404 __DUMMY__ 0.33582464708244464 neg 0.3133326343849814	false	0.5
tod	neg 1.0		off 0.3585657617432999 __DUMMY__ 0.3374328467499198 neg 0.3040013915067803	false	0.5
herzlos	neg 1.0		off 0.36773968852019295 __DUMMY__ 0.329482990811136 neg 0.30277732066867097	false	0.5
unwissenheit	neg 1.0		off 0.35584672886512714 __DUMMY__ 0.33353287810155025 neg 0.31062039303332256	false	0.5
widersinnig	neg 1.0		off 0.35442491760973527 __DUMMY__ 0.33179108455356443 neg 0.3137839978367002	false	0.5
bedenklich	neg 1.0		off 0.35449194589802524 __DUMMY__ 0.33343668656271114 neg 0.3120713675392637	false	0.5
beanstanden	neg 1.0		off 0.35192543673219473 __DUMMY__ 0.3348057174621621 neg 0.3132688458056431	false	0.5
panisch	neg 1.0	neg 1.0	neg 0.6375658418991388 off 0.2005917940890108 __DUMMY__ 0.16184236401185048	false	1.0
debil	off 1.0		off 0.3485144129608014 __DUMMY__ 0.33934709102088556 neg 0.3121384960183129	false	1.0
abstrich	neg 1.0		off 0.36150995633047284 __DUMMY__ 0.337657061563693 neg 0.30083298210583415	false	0.5
primitiv	neg 1.0		off 0.3652861448419737 __DUMMY__ 0.3293609181218432 neg 0.30535293703618316	false	0.5
abschaum	off 1.0	off 1.0	off 0.67134758605718 neg 0.1687609007057717 __DUMMY__ 0.15989151323704826	false	1.0
provozieren	neg 1.0		off 0.35887152790996973 __DUMMY__ 0.3316304672120507 neg 0.30949800487797946	false	0.5
tot	neg 1.0		off 0.35615310513336496 __DUMMY__ 0.33417582281006913 neg 0.3096710720565659	false	0.5
instabil	neg 1.0		off 0.3668903948095798 __DUMMY__ 0.32929995432847425 neg 0.3038096508619461	false	0.5
schwuchtel	off 1.0	off 1.0	off 0.6786547449680114 neg 0.1649104140248938 __DUMMY__ 0.15643484100709476	false	1.0
zerren	neg 1.0		off 0.35720777341392623 __DUMMY__ 0.33447527505792196 neg 0.3083169515281518	false	0.5
kinderficker	off 1.0		off 0.37077630851023136 __DUMMY__ 0.3287273457093377 neg 0.3004963457804309	false	1.0
gefahr	neg 1.0		off 0.35282336740388015 __DUMMY__ 0.3360438494328824 neg 0.3111327831632376	false	0.5
rabiat	neg 1.0		off 0.35921593733805723 __DUMMY__ 0.3333932763046091 neg 0.3073907863573336	false	0.5
verlangsamung	neg 1.0		off 0.3712040107639906 __DUMMY__ 0.3265994063128148 neg 0.3021965829231945	false	0.5
ausgestorben	neg 1.0		off 0.3592229457619067 __DUMMY__ 0.3339403203704808 neg 0.3068367338676124	false	0.5
anklagen	neg 1.0		off 0.35572134264203015 __DUMMY__ 0.3342891790546966 neg 0.3099894783032732	false	0.5
trott	neg 1.0		off 0.35881736445240536 __DUMMY__ 0.3338715237956781 neg 0.30731111175191655	false	0.5
verminderung	neg 1.0		off 0.3662757368958773 __DUMMY__ 0.33068866053168894 neg 0.3030356025724336	false	0.5
nach			off 0.3503082664698799 __DUMMY__ 0.33890783927282897 neg 0.31078389425729097	false	0.0
rost	neg 1.0		off 0.3709565697765641 __DUMMY__ 0.3282675754242091 neg 0.3007758547992268	false	0.5
destruktiv	neg 1.0		off 0.35775211518961164 __DUMMY__ 0.33228354793877096 neg 0.3099643368716174	false	0.5
unzumutbarkeit	neg 1.0		off 0.3654615411998402 __DUMMY__ 0.3318500706433896 neg 0.30268838815677035	false	0.5
labil	off 1.0	off 1.0	off 0.6710871439196918 neg 0.16861497617650814 __DUMMY__ 0.16029787990380004	false	1.0
ziemlich	neg 1.0		off 0.3656707606001424 __DUMMY__ 0.3314572360791712 neg 0.3028720033206864	false	0.5
lachnummer	off 1.0		off 0.35855566790319665 __DUMMY__ 0.3321748189316929 neg 0.3092695131651104	false	1.0
oder			off 0.36026969168681305 __DUMMY__ 0.3335067468047772 neg 0.3062235615084096	false	0.0
verfall	neg 1.0		off 0.34869955466874764 __DUMMY__ 0.3369700846630785 neg 0.31433036066817394	false	0.5
ausgrenzung	neg 1.0		off 0.36040035235599943 __DUMMY__ 0.33260352281412164 neg 0.30699612482987887	false	0.5
unordnung	neg 1.0		off 0.3693117176437389 __DUMMY__ 0.33227449089732 neg 0.29841379145894104	false	0.5
fehlverhalten	neg 1.0		off 0.35242948214979436 __DUMMY__ 0.3337976680588814 neg 0.3137728497913243	false	0.5
eine			off 0.35348101813280847 __DUMMY__ 0.3359985894900138 neg 0.31052039237717766	false	0.0
nille	neg 1.0		off 0.35918853278187585 __DUMMY__ 0.3344246058500647 neg 0.3063868613680595	false	0.5
qual	neg 1.0		off 0.35850021889442424 __DUMMY__ 0.33413556277818995 neg 0.3073642183273857	false	0.5
verschwenden	neg 1.0		off 0.3537449035972293 __DUMMY__ 0.33353687310985164 neg 0.31271822329291904	false	0.5
riesig	neg 1.0		off 0.356412421964409 __DUMMY__ 0.3358210183252576 neg 0.3077665597103334	false	0.5
verurteilen	neg 1.0		off 0.3552780707909153 __DUMMY__ 0.3330124479443612 neg 0.3117094812647237	false	0.5
klischee	neg 1.0	neg 1.0	neg 0.6398105658322585 off 0.20017736588827653 __DUMMY__ 0.16001206827946515	false	1.0
diktatorisch	neg 1.0		off 0.35934656741741605 __DUMMY__ 0.332083893227998 neg 0.308569539354586	false	0.5
vorhersehbar	neg 1.0		off 0.3610355383752486 __DUMMY__ 0.3304539583220837 neg 0.30851050330266777	false	0.5
sowie			off 0.3699750388755651 __DUMMY__ 0.3286820946955218 neg 0.3013428664289132	false	0.0
stornieren	neg 1.0		off 0.3633334066682267 __DUMMY__ 0.33538565823071614 neg 0.30128093510105713	false	0.5
besteuerung	neg 1.0		off 0.35798717295908883 __DUMMY__ 0.33109900609186965 neg 0.3109138209490414	false	0.5
ungeschminkt	neg 1.0		off 0.36463737979294925 __DUMMY__ 0.3289301894005696 neg 0.3064324308064811	false	0.5
kritisch	neg 1.0		off 0.3544248187765616 __DUMMY__ 0.3338115921280333 neg 0.311763589095405	false	0.5
schlamperei	off 1.0		off 0.35379499695168054 __DUMMY__ 0.3351994829100722 neg 0.3110055201382473	false	1.0
sucht	neg 1.0	neg 1.0	neg 0.6355777724551465 off 0.2007413465975045 __DUMMY__ 0.16368088094734892	false	1.0
egoistisch	off 1.0		off 0.36989044321035375 __DUMMY__ 0.32738131544441307 neg 0.3027282413452332	false	1.0
ausbeuter	off 1.0		off 0.35207603922350733 __DUMMY__ 0.33336989361490815 neg 0.3145540671615845	false	1.0
arschgeburt	off 1.0		off 0.37708571951712444 __DUMMY__ 0.3236001060359872 neg 0.29931417444688846	false	1.0
schubs	neg 1.0		off 0.35682103546944427 __DUMMY__ 0.33385831741961475 neg 0.30932064711094115	false	0.5
unsolide	neg 1.0		off 0.35943320365149556 __DUMMY__ 0.3310583289585127 neg 0.3095084673899917	false	0.5
beschwerde	neg 1.0		off 0.3537774550268636 __DUMMY__ 0.33389369821655374 neg 0.31232884675658257	false	0.5
stocken	neg 1.0		off 0.3543406859656086 __DUMMY__ 0.3352254990001411 neg 0.31043381503425027	false	0.5
isolieren	neg 1.0		off 0.3555718863588633 __DUMMY__ 0.3342429179268104 neg 0.31018519571432634	false	0.5
unheilbar	neg 1.0		off 0.3599969187322243 __DUMMY__ 0.33393632833330505 neg 0.30606675293447055	false	0.5
pisser	off 1.0		off 0.36710569817051564 __DUMMY__ 0.3293346136101489 neg 0.30355968821933554	false	1.0
löschen	neg 1.0		off 0.3593919786767151 __DUMMY__ 0.334004435964732 neg 0.3066035853585529	false	0.5
durchfallen	neg 1.0		off 0.3542698833746994 __DUMMY__ 0.332555364667938 neg 0.3131747519573627	false	0.5
wichser	off 1.0	off 1.0	off 0.6775101127757942 neg 0.1649445046040248 __DUMMY__ 0.15754538262018097	false	1.0
terror	neg 1.0		off 0.36273962137192045 __DUMMY__ 0.33280519069462466 neg 0.30445518793345483	false	0.5
krass	neg 1.0		off 0.36830372220868524 __DUMMY__ 0.32895180993076056 neg 0.3027444678605543	false	0.5
revolte	neg 1.0		off 0.3612043170830499 __DUMMY__ 0.3327556644983821 neg 0.30604001841856787	false	0.5
besorgt	neg 1.0		off 0.3591178543873125 __DUMMY__ 0.33641607562950293 neg 0.3044660699831845	false	0.5
nachlassen	neg 1.0		off 0.35551569541259354 __DUMMY__ 0.33657831681766165 neg 0.3079059877697447	false	0.5
alt	neg 1.0		off 0.3564279878398172 __DUMMY__ 0.33426277267113425 neg 0.3093092394890485	false	0.5
hundesohn	off 1.0		off 0.3744755839105074 __DUMMY__ 0.3263141127527192 neg 0.29921030333677334	false	1.0
als			off 0.35642131859354026 __DUMMY__ 0.33378674923291796 neg 0.3097919321735417	false	0.0
abschreckung	neg 1.0		off 0.3521828203000042 __DUMMY__ 0.3353719799448274 neg 0.31244519975516843	false	0.5
unqualifiziert	neg 1.0		off 0.3617559828774567 __DUMMY__ 0.3299477903186061 neg 0.30829622680393715	false	0.5
abgewichst	off 1.0		off 0.35846625286964207 __DUMMY__ 0.33465765134851055 neg 0.30687609578184727	false	1.0
schwer	neg 1.0		off 0.35777414127586515 __DUMMY__ 0.3328199176934834 neg 0.30940594103065144	false	0.5
bedeutungslosigkeit	neg 1.0		off 0.35289500273531454 __DUMMY__ 0.3345842975787589 neg 0.31252069968592666	false	0.5
kapitulation	neg 1.0		off 0.3549285592137057 __DUMMY__ 0.3348473740639106 neg 0.3102240667223838	false	0.5
unscharf	neg 1.0		off 0.36084346612525736 __DUMMY__ 0.33117805033549375 neg 0.307978483539249	false	0.5
schwinden	neg 1.0		off 0.35367290935598206 __DUMMY__ 0.3358271238892513 neg 0.31049996675476665	false	0.5
versklavung	neg 1.0		off 0.3603024107682862 __DUMMY__ 0.33373572496922826 neg 0.3059618642624854	false	0.5
schlecht	neg 1.0		off 0.3658404811255796 __DUMMY__ 0.33142611358211166 neg 0.3027334052923087	false	0.5
verhasst	neg 1.0		off 0.35899734463568306 __DUMMY__ 0.3308697191043699 neg 0.31013293625994703	false	0.5
beschweren	neg 1.0		off 0.360869723649191 __DUMMY__ 0.3322638496039038 neg 0.3068664267469053	false	0.5
scheiden	neg 1.0		off 0.3598223908823048 __DUMMY__ 0.3344539619805485 neg 0.3057236471371467	false	0.5
frustriert	neg 1.0		off 0.356783263303693 __DUMMY__ 0.3330651019802746 neg 0.3101516347160324	false	0.5
schimmelig	neg 1.0		off 0.35492506856468775 __DUMMY__ 0.332846802728052 neg 0.31222812870726013	false	0.5
fisch	neg 1.0		off 0.3521554129346346 __DUMMY__ 0.33428908529567963 neg 0.3135555017696857	false	0.5
schmuggel	neg 1.0		off 0.3541964832329651 __DUMMY__ 0.33530783301687045 neg 0.3104956837501644	false	0.5
auffallen	neg 1.0		off 0.36176233745645087 __DUMMY__ 0.3320116917744433 neg 0.306225970769106	false	0.5
konkurrenz	neg 1.0		off 0.3517555968719333 __DUMMY__ 0.33549251648734324 neg 0.31275188664072345	false	0.5
teufelskreis	neg 1.0		off 0.35784906627747565 __DUMMY__ 0.332653284299277 neg 0.3094976494232475	false	0.5
aufschreien	neg 1.0		off 0.3613277366938367 __DUMMY__ 0.3313039041135155 neg 0.3073683591926479	false	0.5
schuldner	neg 1.0		off 0.35187633679541985 __DUMMY__ 0.3341569441481864 neg 0.3139667190563936	false	0.5
missgeburt	off 1.0	off 1.0	off 0.6749488505722876 neg 0.16695398903334946 __DUMMY__ 0.15809716039436286	false	1.0
arbeitslos	neg 1.0		off 0.35456591655538966 __DUMMY__ 0.3323826868450933 neg 0.31305139659951703	false	0.5
befallen	neg 1.0		off 0.3586431520686826 __DUMMY__ 0.3352071423300236 neg 0.30614970560129384	false	0.5
miesepetrig	off 1.0	off 1.0	off 0.6716719254617702 neg 0.16819231369737628 __DUMMY__ 0.16013576084085349	false	1.0
alarmieren	neg 1.0		off 0.36313846493802915 __DUMMY__ 0.3310166092490934 neg 0.30584492581287753	false	0.5
ungeduscht	off 1.0		off 0.36294588799745514 __DUMMY__ 0.33065291433599503 neg 0.30640119766654994	false	1.0
knappheit	neg 1.0		off 0.35408755584342927 __DUMMY__ 0.3325776937315429 neg 0.31333475042502773	false	0.5
schlange	neg 1.0		off 0.3622597702213382 __DUMMY__ 0.33466181931587613 neg 0.30307841046278566	false	0.5
harsch	neg 1.0		off 0.3712170527148746 __DUMMY__ 0.3309611581604751 neg 0.2978217891246503	false	0.5
lang	neg 1.0		off 0.36042858262670946 __DUMMY__ 0.3338312930020642 neg 0.30574012437122633	false	0.5
ziellos	neg 1.0		off 0.35606669938349256 __DUMMY__ 0.33528568955452964 neg 0.3086476110619778	false	0.5
selbstverliebt	neg 1.0		off 0.37502405471751626 __DUMMY__ 0.3248112777282057 neg 0.30016466755427806	false	0.5
beseitigen	neg 1.0		off 0.35804257091452724 __DUMMY__ 0.33467765553658063 neg 0.3072797735488921	false	0.5
dumm	off 1.0		off 0.37110473356894785 __DUMMY__ 0.32767367198963204 neg 0.3012215944414201	false	1.0
arbeitsloser	neg 1.0		off 0.35558040682836967 __DUMMY__ 0.3337152249677809 neg 0.31070436820384945	false	0.5
blitzen	neg 1.0		off 0.362872843046982 __DUMMY__ 0.33269097510588036 neg 0.3044361818471377	false	0.5
hilflos	neg 1.0		off 0.35652275135873956 __DUMMY__ 0.3334282822710305 neg 0.31004896637022994	false	0.5
eklig	off 1.0		off 0.3711554840723005 __DUMMY__ 0.326601824130978 neg 0.30224269179672153	false	1.0
begriff			off 0.35772864550631206 __DUMMY__ 0.33304484858119204 neg 0.3092265059124959	false	0.0
hungersnot	neg 1.0		off 0.35716429349683027 __DUMMY__ 0.3352828267079969 neg 0.30755287979517276	false	0.5
ungesetzlich	neg 1.0		off 0.35767967031394093 __DUMMY__ 0.3306815161599566 neg 0.31163881352610245	false	0.5
verschwendung	neg 1.0		off 0.3540499427808019 __DUMMY__ 0.3346746645199667 neg 0.3112753926992314	false	0.5
schmerzvoll	neg 1.0		off 0.36099193378592254 __DUMMY__ 0.33280655062461395 neg 0.30620151558946346	false	0.5
vorzeitig	neg 1.0		off 0.3627043662395672 __DUMMY__ 0.33299801189522965 neg 0.30429762186520315	false	0.5
unvollkommenheit	neg 1.0		off 0.35771506998602337 __DUMMY__ 0.3365114949681146 neg 0.3057734350458619	false	0.5
intervenieren	neg 1.0		off 0.35304389757995275 __DUMMY__ 0.3338442750729384 neg 0.3131118273471088	false	0.5
banause	off 1.0		off 0.3731108952668737 __DUMMY__ 0.3247645647560487 neg 0.30212453997707767	false	1.0
rebell	neg 1.0		off 0.35024198162615766 __DUMMY__ 0.33601566321293563 neg 0.3137423551609066	false	0.5
unlogisch	neg 1.0		off 0.36665207182731296 __DUMMY__ 0.3285130187895303 neg 0.3048349093831568	false	0.5
leiden	neg 1.0		off 0.3538283954392565 __DUMMY__ 0.3360382595974801 neg 0.3101333449632635	false	0.5
abschaffung	neg 1.0		off 0.358689458599202 __DUMMY__ 0.33263415326177304 neg 0.3086763881390251	false	0.5
sturz	neg 1.0		off 0.36001415224420263 __DUMMY__ 0.33452241275462613 neg 0.3054634350011711	false	0.5
verkleinerung	neg 1.0		off 0.360021938044842 __DUMMY__ 0.32978235456411437 neg 0.31019570739104374	false	0.5
schmarotzer	off 1.0		off 0.3549169832833723 __DUMMY__ 0.33154406444069057 neg 0.31353895227593714	false	1.0
bestrafung	neg 1.0		off 0.36043689827545966 __DUMMY__ 0.33329700142458507 neg 0.30626610029995543	false	0.5
achtlos	neg 1.0	neg 1.0	neg 0.6400221677498829 off 0.19818221785231188 __DUMMY__ 0.16179561439780527	false	1.0
ungeheuer	neg 1.0		off 0.36227720892302484 __DUMMY__ 0.333132029182457 neg 0.30459076189451817	false	0.5
unaufrichtig	neg 1.0		off 0.36316335858547866 __DUMMY__ 0.3333022394482196 neg 0.3035344019663018	false	0.5
groggy	neg 1.0		off 0.362759880052146 __DUMMY__ 0.33278346293114347 neg 0.30445665701671065	false	0.5
verletzlich	neg 1.0		off 0.3648741982340043 __DUMMY__ 0.32963208388162335 neg 0.3054937178843724	false	0.5
ablehnen	neg 1.0		off 0.3550857768329581 __DUMMY__ 0.3335109961628175 neg 0.31140322700422435	false	0.5
