unsolidarisch	neg 1.0		off 0.49767209821864994 neg 0.4334571383470515 __DUMMY__ 0.06887076343429865	false	0.5
nachteilig	neg 1.0		off 0.49561621950357587 neg 0.43487637520540307 __DUMMY__ 0.06950740529102103	false	0.5
skeptisch	neg 1.0		off 0.4950550407616875 neg 0.4353861314375415 __DUMMY__ 0.06955882780077084	false	0.5
schrecklich	neg 1.0		off 0.5091649934951541 neg 0.42237174996945787 __DUMMY__ 0.06846325653538798	false	0.5
schlapp	neg 1.0		off 0.5059192842739424 neg 0.42522922125049023 __DUMMY__ 0.06885149447556747	false	0.5
abfall	neg 1.0		off 0.4935549448384674 neg 0.4363294242077036 __DUMMY__ 0.07011563095382901	false	0.5
widerspenstig	neg 1.0		off 0.5011588995237153 neg 0.4295353102171772 __DUMMY__ 0.06930579025910746	false	0.5
abrupt	neg 1.0		off 0.49862668433785073 neg 0.4314598708554461 __DUMMY__ 0.06991344480670311	false	0.5
unwirksam	neg 1.0		off 0.49684725734373053 neg 0.4344431953217125 __DUMMY__ 0.06870954733455692	false	0.5
angreifen	neg 1.0		off 0.495247944384665 neg 0.4351554293576535 __DUMMY__ 0.06959662625768136	false	0.5
inkonsistent	neg 1.0		off 0.5011005552224143 neg 0.42980013596100364 __DUMMY__ 0.06909930881658213	false	0.5
abrutschen	neg 1.0		off 0.4923047100329427 neg 0.4378843518847341 __DUMMY__ 0.06981093808232317	false	0.5
unsicher	neg 1.0		off 0.5009683591853998 neg 0.42964371532253187 __DUMMY__ 0.06938792549206808	false	0.5
bauernkind	off 1.0	off 1.0	off 0.7396468464155426 neg 0.2280876831751654 __DUMMY__ 0.03226547040929214	false	1.0
angreifer	neg 1.0	neg 1.0	neg 0.6977084600692877 off 0.26901966782294545 __DUMMY__ 0.03327187210776698	false	1.0
trennen	neg 1.0		off 0.49722590720560744 neg 0.4328001126365632 __DUMMY__ 0.06997398015782924	false	0.5
schmutz	neg 1.0		off 0.5066257730231332 neg 0.4235133715516619 __DUMMY__ 0.06986085542520497	false	0.5
inkonsistenz	neg 1.0		off 0.5016892763513687 neg 0.43010861066675316 __DUMMY__ 0.06820211298187806	false	0.5
erschreckend	neg 1.0		off 0.49864391288245075 neg 0.4321885394692674 __DUMMY__ 0.06916754764828195	false	0.5
ertrinken	neg 1.0		off 0.49735594489681123 neg 0.4328329631755462 __DUMMY__ 0.06981109192764254	false	0.5
pickelface	off 1.0		off 0.5004764175772501 neg 0.43003746781055197 __DUMMY__ 0.06948611461219785	false	1.0
seiner			off 0.49609624255221635 neg 0.43425587683516226 __DUMMY__ 0.06964788061262156	false	0.0
lauch	neg 1.0		off 0.4947787236864567 neg 0.43514687567026744 __DUMMY__ 0.0700744006432759	false	0.5
unwichtig	neg 1.0		off 0.5038415926324736 neg 0.4275120512147739 __DUMMY__ 0.06864635615275255	false	0.5
steuerhinterziehung	neg 1.0	neg 1.0	neg 0.7016361900867129 off 0.2651785558363254 __DUMMY__ 0.03318525407696186	false	1.0
schock	neg 1.0		off 0.500694571139554 neg 0.429793986856696 __DUMMY__ 0.06951144200375012	false	0.5
beule	neg 1.0		off 0.5067178946104425 neg 0.4245496096420773 __DUMMY__ 0.06873249574748028	false	0.5
vergelten	neg 1.0		off 0.5098505110198783 neg 0.4212855890374805 __DUMMY__ 0.06886389994264112	false	0.5
verdorbenheit	neg 1.0		off 0.5033853702448942 neg 0.42702906631646886 __DUMMY__ 0.0695855634386369	false	0.5
trauma	neg 1.0		off 0.5019171688645347 neg 0.42879828033617773 __DUMMY__ 0.0692845507992875	false	0.5
sinnlos	neg 1.0		off 0.5028691004040159 neg 0.42799537485347344 __DUMMY__ 0.06913552474251056	false	0.5
fettsack	off 1.0	off 1.0	off 0.7412107750728768 neg 0.2263973435642108 __DUMMY__ 0.03239188136291232	false	1.0
feige	off 1.0	off 1.0	off 0.7387366538190238 neg 0.22852421277982832 __DUMMY__ 0.03273913340114797	false	1.0
abdanken	neg 1.0		off 0.49994700545548654 neg 0.43068984570912844 __DUMMY__ 0.06936314883538508	false	0.5
wichtigtuer	off 1.0	off 1.0	off 0.7377134038259802 neg 0.22939015583783204 __DUMMY__ 0.0328964403361878	false	1.0
misslingen	neg 1.0		off 0.5043916675733071 neg 0.42580916906755234 __DUMMY__ 0.06979916335914041	false	0.5
untreu	off 1.0		off 0.5053000006067179 neg 0.42594677943816855 __DUMMY__ 0.06875321995511349	false	1.0
missmutig	neg 1.0		off 0.5057342470862004 neg 0.42528176086584285 __DUMMY__ 0.06898399204795667	false	0.5
hurenbock	off 1.0		off 0.5048295448571682 neg 0.4256880899692874 __DUMMY__ 0.06948236517354439	false	1.0
betrunken	neg 1.0		off 0.5077404558933343 neg 0.4235135816252805 __DUMMY__ 0.06874596248138531	false	0.5
korrupt	off 1.0		off 0.4954300850435068 neg 0.4355348170059538 __DUMMY__ 0.06903509795053935	false	1.0
unmut	neg 1.0		off 0.4929431888782895 neg 0.43715650036540354 __DUMMY__ 0.06990031075630694	false	0.5
hackfresse	off 1.0		off 0.5115886755817308 neg 0.4204142062285329 __DUMMY__ 0.06799711818973625	false	1.0
aufblasen	neg 1.0		off 0.5033918723537385 neg 0.4273127336098505 __DUMMY__ 0.06929539403641095	false	0.5
gewaltsam	neg 1.0		off 0.5001986626497286 neg 0.4302350507953228 __DUMMY__ 0.06956628655494872	false	0.5
unbeliebtheit	neg 1.0		off 0.5016880989455751 neg 0.42981384395450317 __DUMMY__ 0.06849805709992182	false	0.5
sturheit	neg 1.0		off 0.49840715979013106 neg 0.43232602967259764 __DUMMY__ 0.06926681053727132	false	0.5
kuh	neg 1.0		off 0.49925925343122396 neg 0.4323105714542557 __DUMMY__ 0.06843017511452033	false	0.5
erschrecken	neg 1.0		off 0.5060641705579639 neg 0.4248150293238223 __DUMMY__ 0.06912080011821381	false	0.5
opfer	neg 1.0		off 0.49727901565948607 neg 0.43313763629858143 __DUMMY__ 0.06958334804193238	false	0.5
sinken	neg 1.0		off 0.49427969923823567 neg 0.4357674928384051 __DUMMY__ 0.0699528079233592	false	0.5
stinktier	neg 1.0		off 0.5057738815677676 neg 0.42652205775567004 __DUMMY__ 0.06770406067656234	false	0.5
tucke	off 1.0		off 0.5125868945562897 neg 0.4195604343000047 __DUMMY__ 0.06785267114370563	false	1.0
ein			off 0.5016666470669601 neg 0.42914143425206425 __DUMMY__ 0.06919191868097575	false	0.0
abstieg	neg 1.0		off 0.496158439221553 neg 0.43419676925954287 __DUMMY__ 0.06964479151890404	false	0.5
missverstehen	neg 1.0		off 0.5013173026253361 neg 0.42999067084814474 __DUMMY__ 0.06869202652651915	false	0.5
ergebnislos	neg 1.0		off 0.495847218541263 neg 0.43447620029405737 __DUMMY__ 0.06967658116467962	false	0.5
unter			off 0.4904252502473587 neg 0.43897004136719836 __DUMMY__ 0.07060470838544287	false	0.0
manipulieren	neg 1.0		off 0.4958324549781949 neg 0.43439772540142485 __DUMMY__ 0.06976981962038017	false	0.5
unbewiesen	neg 1.0		off 0.4970150062845162 neg 0.43421852405209393 __DUMMY__ 0.06876646966338977	false	0.5
verschleppen	neg 1.0		off 0.49669143270012917 neg 0.43389631195917977 __DUMMY__ 0.06941225534069105	false	0.5
weib	off 1.0		off 0.5101717584332354 neg 0.42224602556926666 __DUMMY__ 0.06758221599749784	false	1.0
opposition	neg 1.0		off 0.5007991166981323 neg 0.43026152952814356 __DUMMY__ 0.0689393537737243	false	0.5
verkehrswidrig	neg 1.0		off 0.5120826282074137 neg 0.4189603184944188 __DUMMY__ 0.06895705329816756	false	0.5
inkorrekt	neg 1.0		off 0.5066001105354964 neg 0.425174820541331 __DUMMY__ 0.06822506892317251	false	0.5
vermeiden	neg 1.0		off 0.4919231767566766 neg 0.43798500084704894 __DUMMY__ 0.07009182239627458	false	0.5
abweichung	neg 1.0		off 0.49593869264897217 neg 0.43467532927686775 __DUMMY__ 0.06938597807416005	false	0.5
alkoholisiert	neg 1.0		off 0.49699338080651095 neg 0.4332890019270184 __DUMMY__ 0.06971761726647056	false	0.5
scheiss	off 1.0	off 1.0	off 0.7397901196493728 neg 0.2273863182927785 __DUMMY__ 0.032823562057848685	false	1.0
herausforderung	neg 1.0		off 0.49611865984402653 neg 0.43416050967954645 __DUMMY__ 0.0697208304764271	false	0.5
pervers	off 1.0		off 0.5144126675903873 neg 0.41794361985157874 __DUMMY__ 0.06764371255803395	false	1.0
wackelig	neg 1.0		off 0.5008878220939218 neg 0.42930950966929593 __DUMMY__ 0.06980266823678234	false	0.5
verwickeln	neg 1.0		off 0.5008817921170212 neg 0.43036747439679623 __DUMMY__ 0.06875073348618257	false	0.5
vorwand	neg 1.0		off 0.49478314746190655 neg 0.4355869852097718 __DUMMY__ 0.06962986732832169	false	0.5
muschi	off 1.0		off 0.500375519558633 neg 0.4301810215977619 __DUMMY__ 0.06944345884360521	false	1.0
entmutigung	neg 1.0		off 0.5009648435329692 neg 0.429954316553673 __DUMMY__ 0.06908083991335778	false	0.5
unangemessen	neg 1.0		off 0.49654111530262085 neg 0.4344354561532406 __DUMMY__ 0.06902342854413862	false	0.5
unstetig	neg 1.0		off 0.5030239883984261 neg 0.42795137995452653 __DUMMY__ 0.06902463164704742	false	0.5
entmutigen	neg 1.0		off 0.5014589914949239 neg 0.42933763377535467 __DUMMY__ 0.06920337472972164	false	0.5
schwanz	neg 1.0		off 0.4981348972179821 neg 0.4322192750963421 __DUMMY__ 0.06964582768567591	false	0.5
verbot	neg 1.0		off 0.4968917855939783 neg 0.43373781847852666 __DUMMY__ 0.06937039592749501	false	0.5
leid	neg 1.0		off 0.5095340967179223 neg 0.42233720484113463 __DUMMY__ 0.0681286984409432	false	0.5
archaisch	neg 1.0		off 0.4988785145079535 neg 0.4317943041344354 __DUMMY__ 0.06932718135761097	false	0.5
gegen			off 0.49374822025054466 neg 0.4363778179068845 __DUMMY__ 0.0698739618425709	false	0.0
scheidung	neg 1.0		off 0.5222545851844153 neg 0.40979232829164913 __DUMMY__ 0.06795308652393549	false	0.5
einschlag	neg 1.0		off 0.5081452253138744 neg 0.42326720780129157 __DUMMY__ 0.06858756688483389	false	0.5
m			off 0.49914790064700026 neg 0.4312418876191817 __DUMMY__ 0.0696102117338181	false	0.0
abgestanden	neg 1.0		off 0.5006694111602834 neg 0.43025187236974044 __DUMMY__ 0.06907871646997624	false	0.5
schmierig	off 1.0		off 0.5103938246300855 neg 0.42116625893806886 __DUMMY__ 0.06843991643184553	false	1.0
unpraktisch	neg 1.0		off 0.5021158511881934 neg 0.42873613898945045 __DUMMY__ 0.06914800982235642	false	0.5
wixxer	off 1.0		off 0.5133132714244298 neg 0.419269453018869 __DUMMY__ 0.0674172755567012	false	1.0
bezeichnet			off 0.4985808107356626 neg 0.4324708902770188 __DUMMY__ 0.06894829898731848	false	0.0
jammerlappen	off 1.0		off 0.5055976029395016 neg 0.42547902653321407 __DUMMY__ 0.0689233705272844	false	1.0
farce	neg 1.0		off 0.4974391887329998 neg 0.4333432094762533 __DUMMY__ 0.06921760179074687	false	0.5
zwecklos	neg 1.0		off 0.49741079683693973 neg 0.43335029056166174 __DUMMY__ 0.06923891260139847	false	0.5
turbulent	neg 1.0		off 0.5063888899403703 neg 0.4249641419150955 __DUMMY__ 0.06864696814453408	false	0.5
invasion	neg 1.0		off 0.5019179726799392 neg 0.42905464018954415 __DUMMY__ 0.06902738713051655	false	0.5
schuld	neg 1.0		off 0.5004282281756224 neg 0.4305714863577451 __DUMMY__ 0.06900028546663262	false	0.5
risiko	neg 1.0	neg 1.0	neg 0.6980269101203083 off 0.2686692512494362 __DUMMY__ 0.03330383863025558	false	1.0
finster	neg 1.0		off 0.5003237254171786 neg 0.4307976227573679 __DUMMY__ 0.06887865182545355	false	0.5
geisteskrank	off 1.0		off 0.5042320305932602 neg 0.42749884727889326 __DUMMY__ 0.0682691221278465	false	1.0
zusammenbrechen	neg 1.0		off 0.49860439494342745 neg 0.43198843210124854 __DUMMY__ 0.06940717295532385	false	0.5
ausbeute	neg 1.0		off 0.5019633428598496 neg 0.42771909379635875 __DUMMY__ 0.07031756334379166	false	0.5
hinterhalt	neg 1.0		off 0.5041213107247271 neg 0.4256507401560871 __DUMMY__ 0.07022794911918585	false	0.5
kritik	neg 1.0		off 0.497056359368349 neg 0.4337410550788444 __DUMMY__ 0.06920258555280666	false	0.5
einschrumpfen	neg 1.0		off 0.5033346453668079 neg 0.4278995536798184 __DUMMY__ 0.06876580095337359	false	0.5
riskant	neg 1.0		off 0.4950472668585484 neg 0.43553442867049325 __DUMMY__ 0.06941830447095827	false	0.5
frustrieren	neg 1.0		off 0.4962226977682415 neg 0.4343753447188106 __DUMMY__ 0.06940195751294775	false	0.5
groll	neg 1.0		off 0.49683264383142345 neg 0.4339139504139842 __DUMMY__ 0.06925340575459235	false	0.5
gibt			off 0.49870158844361673 neg 0.4318834149301037 __DUMMY__ 0.06941499662627956	false	0.0
qualvoll	neg 1.0		off 0.504562190168393 neg 0.426270195613077 __DUMMY__ 0.06916761421853004	false	0.5
wackeln	neg 1.0		off 0.5035316026680452 neg 0.4269186501593029 __DUMMY__ 0.0695497471726519	false	0.5
klagen	neg 1.0		off 0.4930737786508336 neg 0.4371861113610923 __DUMMY__ 0.06974010998807409	false	0.5
bankrott	neg 1.0		off 0.5061280172568254 neg 0.4247308132564181 __DUMMY__ 0.06914116948675643	false	0.5
trauern	neg 1.0		off 0.4986472826977427 neg 0.4314538111948701 __DUMMY__ 0.06989890610738718	false	0.5
ablehnung	neg 1.0		off 0.496513923132603 neg 0.4343000747272507 __DUMMY__ 0.06918600214014642	false	0.5
stur	neg 1.0		off 0.5003741832428478 neg 0.430674318775173 __DUMMY__ 0.06895149798197918	false	0.5
aufruhr	neg 1.0		off 0.4995544664924498 neg 0.43106075120827214 __DUMMY__ 0.069384782299278	false	0.5
melancholie	neg 1.0		off 0.4982266761186592 neg 0.4321716304350067 __DUMMY__ 0.06960169344633406	false	0.5
ist			off 0.5023509208832954 neg 0.4285390474914828 __DUMMY__ 0.06911003162522181	false	0.0
torheit	neg 1.0		off 0.5007922122571051 neg 0.42996423483768986 __DUMMY__ 0.06924355290520502	false	0.5
dreckskind	off 1.0		off 0.5092744478466383 neg 0.42287563180585297 __DUMMY__ 0.06784992034750856	false	1.0
umtauschen	neg 1.0		off 0.5003809061162964 neg 0.4303245948974942 __DUMMY__ 0.06929449898620947	false	0.5
zum			off 0.4948855383317381 neg 0.4345551320681659 __DUMMY__ 0.07055932960009594	false	0.0
zersetzen	neg 1.0		off 0.4944502969585683 neg 0.43604681659113137 __DUMMY__ 0.06950288645030021	false	0.5
zur			off 0.4924722056075255 neg 0.4371963407117222 __DUMMY__ 0.07033145368075223	false	0.0
frust	neg 1.0		off 0.4988305013491666 neg 0.4317170933024597 __DUMMY__ 0.06945240534837364	false	0.5
unerbittlichkeit	neg 1.0		off 0.49510928735756027 neg 0.43526961400052927 __DUMMY__ 0.06962109864191063	false	0.5
zwei			off 0.495274226100653 neg 0.4343646868272063 __DUMMY__ 0.07036108707214087	false	0.0
unkorrekt	neg 1.0		off 0.5070392203903118 neg 0.4245823347432434 __DUMMY__ 0.0683784448664448	false	0.5
hexe	off 1.0		off 0.5037073768295812 neg 0.4277994673506537 __DUMMY__ 0.06849315581976516	false	1.0
lasch	neg 1.0		off 0.5022744234878771 neg 0.4291058977380814 __DUMMY__ 0.06861967877404158	false	0.5
rivale	neg 1.0		off 0.5074572145597117 neg 0.42390544289486815 __DUMMY__ 0.06863734254542007	false	0.5
mutlos	off 1.0	off 1.0	off 0.7341849375778814 neg 0.23260512889555102 __DUMMY__ 0.0332099335265675	false	1.0
wirr	off 1.0		off 0.5079880532541652 neg 0.423699440403846 __DUMMY__ 0.06831250634198877	false	1.0
jahr			off 0.4990404146455039 neg 0.43057403440965253 __DUMMY__ 0.07038555094484347	false	0.0
wird			off 0.49730036142060546 neg 0.43325723950960515 __DUMMY__ 0.06944239906978941	false	0.0
strafbar	neg 1.0		off 0.4954587720136145 neg 0.4351559844872178 __DUMMY__ 0.06938524349916768	false	0.5
erosion	neg 1.0		off 0.5022928423019146 neg 0.42815813147388615 __DUMMY__ 0.0695490262241991	false	0.5
eingehen	neg 1.0		off 0.49559514458773596 neg 0.43504858936997454 __DUMMY__ 0.0693562660422894	false	0.5
faul	off 1.0		off 0.5056203049375635 neg 0.4253263344330326 __DUMMY__ 0.06905336062940386	false	1.0
provisorium	neg 1.0		off 0.4913687010647473 neg 0.4380055882364404 __DUMMY__ 0.0706257106988123	false	0.5
schmerzen	neg 1.0		off 0.49896162645498165 neg 0.43182105882733984 __DUMMY__ 0.06921731471767843	false	0.5
schrumpfen	neg 1.0		off 0.49031856721512246 neg 0.4397903596018326 __DUMMY__ 0.06989107318304486	false	0.5
geistlos	off 1.0		off 0.50042811254716 neg 0.43097432473899155 __DUMMY__ 0.06859756271384834	false	1.0
fehlkauf	neg 1.0		off 0.5036351883689365 neg 0.42703552783135545 __DUMMY__ 0.06932928379970803	false	0.5
frustrierend	neg 1.0		off 0.5040046587869285 neg 0.42709534953015643 __DUMMY__ 0.06889999168291501	false	0.5
unzufrieden	neg 1.0		off 0.4966002278279877 neg 0.4342100169102472 __DUMMY__ 0.06918975526176517	false	0.5
verzweifeln	neg 1.0		off 0.49922275290625645 neg 0.43147650625582273 __DUMMY__ 0.06930074083792097	false	0.5
verzweifelt	neg 1.0	neg 1.0	neg 0.7003295578771762 off 0.26672876546460517 __DUMMY__ 0.03294167665821869	false	1.0
misstrauensantrag	neg 1.0		off 0.5023783023321897 neg 0.42857463068271445 __DUMMY__ 0.06904706698509593	false	0.5
abfallen	neg 1.0		off 0.5030526642808714 neg 0.4274958604528619 __DUMMY__ 0.06945147526626674	false	0.5
fucker	off 1.0		off 0.5089393531256201 neg 0.42227651593787496 __DUMMY__ 0.06878413093650484	false	1.0
ungezogen	neg 1.0		off 0.5139553356892936 neg 0.41826401168071686 __DUMMY__ 0.06778065262998945	false	0.5
irrsinnig	neg 1.0	neg 1.0	neg 0.7000169449319281 off 0.2669933911939658 __DUMMY__ 0.03298966387410595	false	1.0
unfassbar	neg 1.0		off 0.5064851248266409 neg 0.42472693426094044 __DUMMY__ 0.06878794091241883	false	0.5
hart	neg 1.0		off 0.5061822351019816 neg 0.42501365455060064 __DUMMY__ 0.06880411034741785	false	0.5
widerlich	off 1.0		off 0.5053490380011524 neg 0.42620413650024563 __DUMMY__ 0.06844682549860201	false	1.0
fatal	neg 1.0		off 0.5032562811706635 neg 0.4275782242798397 __DUMMY__ 0.06916549454949686	false	0.5
bruch	neg 1.0		off 0.4937972264686325 neg 0.4364288023394257 __DUMMY__ 0.06977397119194186	false	0.5
aushungern	neg 1.0		off 0.49923198687544984 neg 0.4312248388982677 __DUMMY__ 0.06954317422628242	false	0.5
anspannung	neg 1.0		off 0.49392337894463256 neg 0.43568284609417773 __DUMMY__ 0.07039377496118959	false	0.5
von			off 0.5003601510944486 neg 0.4290446089479739 __DUMMY__ 0.07059523995757751	false	0.0
kraftlos	neg 1.0		off 0.49894096879186794 neg 0.43148655974991684 __DUMMY__ 0.06957247145821534	false	0.5
vom			off 0.493058415974627 neg 0.4361622880779121 __DUMMY__ 0.0707792959474609	false	0.0
grenzdebil	off 1.0		off 0.5073693288525561 neg 0.4237910969916315 __DUMMY__ 0.06883957415581247	false	1.0
vor			off 0.4961281472567065 neg 0.4338689091337485 __DUMMY__ 0.07000294360954504	false	0.0
unterwerfen	neg 1.0		off 0.4969869928716993 neg 0.43346628300690465 __DUMMY__ 0.06954672412139598	false	0.5
versenkung	neg 1.0		off 0.4980092012158114 neg 0.4322827304351591 __DUMMY__ 0.06970806834902962	false	0.5
entziehen	neg 1.0		off 0.49366756160745323 neg 0.4366104608285802 __DUMMY__ 0.06972197756396656	false	0.5
finanzkrise	neg 1.0		off 0.4982870261279531 neg 0.43254560098162836 __DUMMY__ 0.06916737289041856	false	0.5
schimpfend	neg 1.0		off 0.5027073660314045 neg 0.4281815248294622 __DUMMY__ 0.06911110913913315	false	0.5
profan	neg 1.0		off 0.5023054164392998 neg 0.4287937588220417 __DUMMY__ 0.06890082473865841	false	0.5
korruption	neg 1.0		off 0.49700656349257333 neg 0.4335578713566751 __DUMMY__ 0.06943556515075151	false	0.5
â			off 0.4995212135223319 neg 0.43069214665269373 __DUMMY__ 0.06978663982497432	false	0.0
schmutzig	neg 1.0		off 0.5084515948388095 neg 0.4226381422720421 __DUMMY__ 0.06891026288914849	false	0.5
sexy	neg 1.0		off 0.5050455969571086 neg 0.42581440545110694 __DUMMY__ 0.06913999759178437	false	0.5
abraten	neg 1.0		off 0.5024320519231064 neg 0.42848549960309334 __DUMMY__ 0.0690824484738003	false	0.5
schwarz	neg 1.0		off 0.5022358618501194 neg 0.4286003184908071 __DUMMY__ 0.06916381965907345	false	0.5
fotze	off 1.0	off 1.0	off 0.7364935747202913 neg 0.23015909126343495 __DUMMY__ 0.03334733401627388	false	1.0
verwirren	neg 1.0		off 0.5034231484258571 neg 0.42759308526247625 __DUMMY__ 0.06898376631166658	false	0.5
zahnlos	off 1.0		off 0.4979263057089452 neg 0.43285298480894224 __DUMMY__ 0.06922070948211267	false	1.0
verheeren	neg 1.0		off 0.5173464433349495 neg 0.41460870846403514 __DUMMY__ 0.06804484820101532	false	0.5
hippie	neg 1.0		off 0.5046535434214213 neg 0.426184374084869 __DUMMY__ 0.06916208249370967	false	0.5
rammen	neg 1.0		off 0.5011874494071619 neg 0.4298463366753316 __DUMMY__ 0.06896621391750639	false	0.5
unlauter	neg 1.0		off 0.49879556158317995 neg 0.4324498176739933 __DUMMY__ 0.06875462074282662	false	0.5
unheilvoll	neg 1.0		off 0.5035215807069067 neg 0.4272021379578159 __DUMMY__ 0.06927628133527734	false	0.5
niedrig	neg 1.0		off 0.4944200621500858 neg 0.4362245004172537 __DUMMY__ 0.06935543743266043	false	0.5
explosion	neg 1.0		off 0.5036593180813886 neg 0.42723611363983105 __DUMMY__ 0.06910456827878024	false	0.5
weichei	off 1.0	off 1.0	off 0.742235640127993 neg 0.22523501383557418 __DUMMY__ 0.03252934603643281	false	1.0
minusmensch	off 1.0		off 0.5114617918690302 neg 0.4208529322880685 __DUMMY__ 0.06768527584290142	false	1.0
farblos	neg 1.0		off 0.5016590771041628 neg 0.42885008221260384 __DUMMY__ 0.06949084068323329	false	0.5
unwissend	neg 1.0	neg 1.0	neg 0.6982373845567176 off 0.2689581594768565 __DUMMY__ 0.0328044559664261	false	1.0
traurig	neg 1.0		off 0.5088052537129163 neg 0.42260999713136 __DUMMY__ 0.06858474915572366	false	0.5
senkung	neg 1.0		off 0.5010439513730637 neg 0.4302624268637088 __DUMMY__ 0.06869362176322752	false	0.5
ungleich	neg 1.0	neg 1.0	neg 0.7029836120681766 off 0.2637966446410169 __DUMMY__ 0.03321974329080662	false	1.0
heikel	neg 1.0		off 0.4946795438630342 neg 0.4359523510990849 __DUMMY__ 0.06936810503788086	false	0.5
drosselung	neg 1.0		off 0.506735337477346 neg 0.42451634331957044 __DUMMY__ 0.06874831920308354	false	0.5
falsch	neg 1.0		off 0.5035171053538648 neg 0.42771604735956914 __DUMMY__ 0.06876684728656599	false	0.5
unzufriedenheit	neg 1.0		off 0.49445815226534207 neg 0.4358632584600263 __DUMMY__ 0.06967858927463175	false	0.5
kurz	neg 1.0		off 0.5007472568623665 neg 0.42959461380495795 __DUMMY__ 0.06965812933267555	false	0.5
unsinnig	neg 1.0		off 0.4974219041930085 neg 0.4334944023618839 __DUMMY__ 0.06908369344510763	false	0.5
penner	off 1.0	off 1.0	off 0.7432526248558812 neg 0.22423767053233637 __DUMMY__ 0.03250970461178245	false	1.0
seicht	neg 1.0		off 0.5121683774652878 neg 0.4202009974817356 __DUMMY__ 0.0676306250529767	false	0.5
dummheit	off 1.0	off 1.0	off 0.7379474950046604 neg 0.22916053617104215 __DUMMY__ 0.03289196882429755	false	1.0
unerfreulich	neg 1.0		off 0.49505886930230325 neg 0.4353254352177836 __DUMMY__ 0.06961569547991309	false	0.5
motherfucker	off 1.0	off 1.0	off 0.7410545496866604 neg 0.22606869927291454 __DUMMY__ 0.03287675104042499	false	1.0
pikiert	neg 1.0		off 0.5052972905216077 neg 0.42608754816087235 __DUMMY__ 0.06861516131751993	false	0.5
wrack	neg 1.0		off 0.4999462490855987 neg 0.430380205605387 __DUMMY__ 0.06967354530901422	false	0.5
gangster	neg 1.0		off 0.5046709638469915 neg 0.4261808784456031 __DUMMY__ 0.06914815770740548	false	0.5
krank	neg 1.0		off 0.507306858491209 neg 0.4238700446788673 __DUMMY__ 0.06882309682992362	false	0.5
reich	neg 1.0		off 0.5078731909834205 neg 0.42295705238303455 __DUMMY__ 0.06916975663354495	false	0.5
gnadenlos	neg 1.0		off 0.5011482540099121 neg 0.429753640915154 __DUMMY__ 0.06909810507493398	false	0.5
niedergeschlagen	neg 1.0		off 0.5000389539716951 neg 0.43044765460650053 __DUMMY__ 0.06951339142180443	false	0.5
terrorisieren	off 1.0	off 1.0	off 0.7351884768669645 neg 0.2314685424660689 __DUMMY__ 0.0333429806669666	false	1.0
sinnlosigkeit	neg 1.0		off 0.49781668191612405 neg 0.4328725162360185 __DUMMY__ 0.06931080184785748	false	0.5
behindern	neg 1.0		off 0.5004949104343863 neg 0.43007039379561157 __DUMMY__ 0.06943469577000203	false	0.5
undemokratisch	neg 1.0		off 0.500710700977902 neg 0.430192321560358 __DUMMY__ 0.06909697746173989	false	0.5
wirtschaftskrise	neg 1.0		off 0.49642803180073314 neg 0.4341967036147816 __DUMMY__ 0.06937526458448538	false	0.5
neid	neg 1.0		off 0.5051931871670012 neg 0.42574650080453263 __DUMMY__ 0.06906031202846616	false	0.5
rutschen	neg 1.0		off 0.4958775584095935 neg 0.43363980142599146 __DUMMY__ 0.07048264016441506	false	0.5
rezession	neg 1.0		off 0.50511539050676 neg 0.42698341218108066 __DUMMY__ 0.06790119731215918	false	0.5
fehlgeburt	neg 1.0		off 0.5036096845124397 neg 0.4270819027364561 __DUMMY__ 0.06930841275110408	false	0.5
charakterschwach	off 1.0		off 0.5051733093786624 neg 0.4263584408388574 __DUMMY__ 0.06846824978248019	false	1.0
isolation	neg 1.0		off 0.5043447443974252 neg 0.4266480221679249 __DUMMY__ 0.06900723343464985	false	0.5
ablenkung	neg 1.0		off 0.5011977336258876 neg 0.4294425715247926 __DUMMY__ 0.06935969484931978	false	0.5
pech	neg 1.0		off 0.5031144398826127 neg 0.42812361220309586 __DUMMY__ 0.06876194791429151	false	0.5
vermeidung	neg 1.0		off 0.5077676588664878 neg 0.4233434165899668 __DUMMY__ 0.06888892454354537	false	0.5
dominieren	neg 1.0		off 0.4976372143912661 neg 0.4326767885124258 __DUMMY__ 0.06968599709630813	false	0.5
schwindlig	neg 1.0		off 0.5039245350723829 neg 0.42682573314194255 __DUMMY__ 0.06924973178567462	false	0.5
lutscher	neg 1.0		off 0.5133148208044177 neg 0.4189873986568804 __DUMMY__ 0.06769778053870194	false	0.5
pflicht	neg 1.0		off 0.49384622287767643 neg 0.4366423155186811 __DUMMY__ 0.06951146160364263	false	0.5
faschist	off 1.0		off 0.5035637723947914 neg 0.4274615216680503 __DUMMY__ 0.06897470593715842	false	1.0
verschleudern	neg 1.0		off 0.49455401792468656 neg 0.43607778329061314 __DUMMY__ 0.06936819878470032	false	0.5
wenn			off 0.5044992953256345 neg 0.4266107457041323 __DUMMY__ 0.06888995897023299	false	0.0
ehebruch	neg 1.0		off 0.4976676108453409 neg 0.43278385904326383 __DUMMY__ 0.06954853011139535	false	0.5
spott	off 1.0		off 0.49614841194837334 neg 0.43442539858258467 __DUMMY__ 0.06942618946904199	false	1.0
trostlosigkeit	neg 1.0		off 0.49616410577145753 neg 0.43385043014863806 __DUMMY__ 0.06998546407990441	false	0.5
lutschen	neg 1.0		off 0.5037615183480971 neg 0.4273598693096802 __DUMMY__ 0.0688786123422226	false	0.5
undiszipliniert	neg 1.0		off 0.5074869995755157 neg 0.4240264320765954 __DUMMY__ 0.06848656834788887	false	0.5
kopfschmerz	neg 1.0		off 0.4982735611549433 neg 0.4323949429465964 __DUMMY__ 0.06933149589846031	false	0.5
unvorhergesehen	neg 1.0		off 0.4985250559557746 neg 0.431448850123044 __DUMMY__ 0.07002609392118142	false	0.5
desinteressiert	neg 1.0		off 0.5070450540339883 neg 0.42441684219199316 __DUMMY__ 0.06853810377401856	false	0.5
armselig	off 1.0		off 0.5067551287678187 neg 0.4250211034017592 __DUMMY__ 0.06822376783042228	false	1.0
desaster	neg 1.0		off 0.49318829125643765 neg 0.4369962193861754 __DUMMY__ 0.06981548935738689	false	0.5
tod	neg 1.0		off 0.5020134143962587 neg 0.4278399929989816 __DUMMY__ 0.07014659260475965	false	0.5
herzlos	neg 1.0		off 0.5080746689240372 neg 0.42348277563998804 __DUMMY__ 0.06844255543597468	false	0.5
unwissenheit	neg 1.0		off 0.49740888504925285 neg 0.4332707499590526 __DUMMY__ 0.06932036499169458	false	0.5
widersinnig	neg 1.0		off 0.49514736122367226 neg 0.43591006319556114 __DUMMY__ 0.06894257558076669	false	0.5
bedenklich	neg 1.0		off 0.4959653025202434 neg 0.4347325385282039 __DUMMY__ 0.06930215895155258	false	0.5
beanstanden	neg 1.0		off 0.49387940471072883 neg 0.43652495529115753 __DUMMY__ 0.06959563999811359	false	0.5
panisch	neg 1.0	neg 1.0	neg 0.6971712693331026 off 0.26957347904958445 __DUMMY__ 0.033255251617312985	false	1.0
debil	off 1.0		off 0.4923895407519186 neg 0.4370400802769439 __DUMMY__ 0.07057037897113742	false	1.0
abstrich	neg 1.0		off 0.5052787469092677 neg 0.424536193051158 __DUMMY__ 0.0701850600395743	false	0.5
primitiv	neg 1.0		off 0.5054485178368274 neg 0.42613348835559595 __DUMMY__ 0.06841799380757659	false	0.5
abschaum	off 1.0	off 1.0	off 0.7394712969208699 neg 0.22767804642712175 __DUMMY__ 0.03285065665200838	false	1.0
provozieren	neg 1.0		off 0.49974417544206773 neg 0.4313439686341337 __DUMMY__ 0.06891185592379859	false	0.5
tot	neg 1.0		off 0.49811094648142534 neg 0.43244662099729236 __DUMMY__ 0.06944243252128231	false	0.5
instabil	neg 1.0		off 0.5071187696718203 neg 0.42448840903746565 __DUMMY__ 0.06839282129071403	false	0.5
schwuchtel	off 1.0	off 1.0	off 0.7453752161638376 neg 0.222497111365302 __DUMMY__ 0.03212767247086039	false	1.0
zerren	neg 1.0		off 0.4992727080595581 neg 0.4312023013472681 __DUMMY__ 0.06952499059317378	false	0.5
kinderficker	off 1.0		off 0.5108619650089015 neg 0.42086284413202985 __DUMMY__ 0.06827519085906862	false	1.0
gefahr	neg 1.0		off 0.49535278844629105 neg 0.4347873907278513 __DUMMY__ 0.06985982082585768	false	0.5
rabiat	neg 1.0		off 0.5008829205668212 neg 0.4298276561153809 __DUMMY__ 0.06928942331779779	false	0.5
verlangsamung	neg 1.0		off 0.5103965380833354 neg 0.42179075997554244 __DUMMY__ 0.06781270194112218	false	0.5
ausgestorben	neg 1.0		off 0.501135198616855 neg 0.4294567218931786 __DUMMY__ 0.0694080794899665	false	0.5
anklagen	neg 1.0		off 0.4976151161098277 neg 0.4329060367284494 __DUMMY__ 0.0694788471617228	false	0.5
trott	neg 1.0		off 0.5007140338206878 neg 0.4298893908470223 __DUMMY__ 0.06939657533228982	false	0.5
verminderung	neg 1.0		off 0.507120389672246 neg 0.42418038550631426 __DUMMY__ 0.06869922482143956	false	0.5
nach			off 0.49405788680349 neg 0.43546368558175025 __DUMMY__ 0.07047842761475963	false	0.0
rost	neg 1.0		off 0.510907693779105 neg 0.4209228872407522 __DUMMY__ 0.06816941898014266	false	0.5
destruktiv	neg 1.0		off 0.49885082382125345 neg 0.4320990309189027 __DUMMY__ 0.06905014525984382	false	0.5
unzumutbarkeit	neg 1.0		off 0.5067505050403777 neg 0.42430266524578736 __DUMMY__ 0.06894682971383496	false	0.5
labil	off 1.0	off 1.0	off 0.7393910226183331 neg 0.22767299982187572 __DUMMY__ 0.03293597755979123	false	1.0
ziemlich	neg 1.0		off 0.5067884043144767 neg 0.42434294269075745 __DUMMY__ 0.06886865299476579	false	0.5
lachnummer	off 1.0		off 0.4996216506362069 neg 0.431349127458656 __DUMMY__ 0.06902922190513716	false	1.0
oder			off 0.5020685032939065 neg 0.4286193491576875 __DUMMY__ 0.06931214754840594	false	0.0
verfall	neg 1.0		off 0.4914822589371319 neg 0.4384548863714431 __DUMMY__ 0.07006285469142506	false	0.5
ausgrenzung	neg 1.0		off 0.5017232388668058 neg 0.42916096718123997 __DUMMY__ 0.06911579395195418	false	0.5
unordnung	neg 1.0		off 0.5109502187154784 neg 0.4200181365084383 __DUMMY__ 0.06903164477608334	false	0.5
fehlverhalten	neg 1.0		off 0.4939520572565467 neg 0.43666854803983934 __DUMMY__ 0.06937939470361387	false	0.5
eine			off 0.49606483988177374 neg 0.43408196049089387 __DUMMY__ 0.06985319962733244	false	0.0
nille	neg 1.0		off 0.5012988152596156 neg 0.42918844769214265 __DUMMY__ 0.06951273704824176	false	0.5
qual	neg 1.0		off 0.5004933884241936 neg 0.43005296085509964 __DUMMY__ 0.06945365072070675	false	0.5
verschwenden	neg 1.0		off 0.49526222970365846 neg 0.43541647422736274 __DUMMY__ 0.06932129606897877	false	0.5
riesig	neg 1.0		off 0.4990740162561782 neg 0.43111948460115224 __DUMMY__ 0.06980649914266959	false	0.5
verurteilen	neg 1.0		off 0.49657603123302135 neg 0.4342159288900847 __DUMMY__ 0.069208039876894	false	0.5
klischee	neg 1.0	neg 1.0	neg 0.6987664124384225 off 0.26835745778661685 __DUMMY__ 0.03287612977496068	false	1.0
diktatorisch	neg 1.0		off 0.5003891138591866 neg 0.43060771110469537 __DUMMY__ 0.06900317503611811	false	0.5
vorhersehbar	neg 1.0		off 0.5014829172249229 neg 0.4298621078855478 __DUMMY__ 0.06865497488952936	false	0.5
sowie			off 0.5100590848226854 neg 0.4216730319312623 __DUMMY__ 0.06826788324605239	false	0.0
stornieren	neg 1.0		off 0.5060804152402736 neg 0.42421142462882583 __DUMMY__ 0.06970816013090053	false	0.5
besteuerung	neg 1.0		off 0.4986426577548353 neg 0.4325686086163155 __DUMMY__ 0.06878873362884923	false	0.5
ungeschminkt	neg 1.0		off 0.5046555326139069 neg 0.4270254198460776 __DUMMY__ 0.06831904754001555	false	0.5
kritisch	neg 1.0		off 0.4960423493117429 neg 0.43457556180209217 __DUMMY__ 0.06938208888616487	false	0.5
schlamperei	off 1.0		off 0.4959867184592078 neg 0.4343371279015037 __DUMMY__ 0.06967615363928854	false	1.0
sucht	neg 1.0	neg 1.0	neg 0.6958630316132229 off 0.2705024296986016 __DUMMY__ 0.03363453868817556	false	1.0
egoistisch	off 1.0		off 0.5093903345469571 neg 0.4226223298830854 __DUMMY__ 0.06798733556995733	false	1.0
ausbeuter	off 1.0		off 0.493395983944074 neg 0.4373179579648603 __DUMMY__ 0.06928605809106554	false	1.0
arschgeburt	off 1.0		off 0.5151972935215079 neg 0.41763283565201864 __DUMMY__ 0.06716987082647333	false	1.0
schubs	neg 1.0		off 0.4986857350047313 neg 0.4319330865023981 __DUMMY__ 0.06938117849287077	false	0.5
unsolide	neg 1.0		off 0.500058031418646 neg 0.4311644116671275 __DUMMY__ 0.0687775569142265	false	0.5
beschwerde	neg 1.0		off 0.4954104412414508 neg 0.4351957367071704 __DUMMY__ 0.0693938220513789	false	0.5
stocken	neg 1.0		off 0.49659327205352805 neg 0.4337249596007238 __DUMMY__ 0.06968176834574803	false	0.5
isolieren	neg 1.0		off 0.49743702557335406 neg 0.4330959717850416 __DUMMY__ 0.06946700264160438	false	0.5
unheilbar	neg 1.0		off 0.5019158998406157 neg 0.42868088206235877 __DUMMY__ 0.0694032180970255	false	0.5
pisser	off 1.0		off 0.5073441541499634 neg 0.4242485806156076 __DUMMY__ 0.0684072652344291	false	1.0
löschen	neg 1.0		off 0.5013550678786088 neg 0.429221241868609 __DUMMY__ 0.06942369025278221	false	0.5
durchfallen	neg 1.0		off 0.4953544730783821 neg 0.4355356217071908 __DUMMY__ 0.06910990521442696	false	0.5
wichser	off 1.0	off 1.0	off 0.744704153867053 neg 0.22293685532259105 __DUMMY__ 0.03235899081035587	false	1.0
terror	neg 1.0		off 0.5043515771655969 neg 0.4264881444991554 __DUMMY__ 0.06916027833524784	false	0.5
krass	neg 1.0		off 0.50847917216372 neg 0.42319832000435215 __DUMMY__ 0.06832250783192786	false	0.5
revolte	neg 1.0		off 0.5026507914991564 neg 0.42820162706283754 __DUMMY__ 0.06914758143800603	false	0.5
besorgt	neg 1.0		off 0.5021126173416518 neg 0.4279495143571459 __DUMMY__ 0.0699378683012024	false	0.5
nachlassen	neg 1.0		off 0.49845532997058206 neg 0.4315753741608663 __DUMMY__ 0.06996929586855155	false	0.5
alt	neg 1.0		off 0.4984438452086733 neg 0.43209062461297326 __DUMMY__ 0.06946553017835327	false	0.5
hundesohn	off 1.0		off 0.5136491813568345 neg 0.41859421556189347 __DUMMY__ 0.06775660308127193	false	1.0
als			off 0.49815115022401263 neg 0.43247510345916346 __DUMMY__ 0.06937374631682389	false	0.0
abschreckung	neg 1.0		off 0.49438146225299423 neg 0.4359013395006759 __DUMMY__ 0.06971719824632992	false	0.5
unqualifiziert	neg 1.0		off 0.5019898208300709 neg 0.42946581481867707 __DUMMY__ 0.06854436435125204	false	0.5
abgewichst	off 1.0		off 0.5006683618959882 neg 0.42976870298281916 __DUMMY__ 0.06956293512119266	false	1.0
schwer	neg 1.0		off 0.49914383657954653 neg 0.4316885082078283 __DUMMY__ 0.06916765521262518	false	0.5
bedeutungslosigkeit	neg 1.0		off 0.49478624826700734 neg 0.43566427543309194 __DUMMY__ 0.06954947629990081	false	0.5
kapitulation	neg 1.0		off 0.4970088900963271 neg 0.43338907108426 __DUMMY__ 0.06960203881941288	false	0.5
unscharf	neg 1.0		off 0.5017179858686533 neg 0.42948150068107266 __DUMMY__ 0.06880051345027388	false	0.5
schwinden	neg 1.0		off 0.49615188300042756 neg 0.43403642085268723 __DUMMY__ 0.06981169614688534	false	0.5
versklavung	neg 1.0		off 0.5021295121474153 neg 0.4285114018254564 __DUMMY__ 0.06935908602712842	false	0.5
schlecht	neg 1.0		off 0.5069399218145976 neg 0.424196929593966 __DUMMY__ 0.06886314859143639	false	0.5
verhasst	neg 1.0		off 0.499540807644032 neg 0.4317122412649161 __DUMMY__ 0.06874695109105183	false	0.5
beschweren	neg 1.0		off 0.5021162841493617 neg 0.4288371201115857 __DUMMY__ 0.06904659573905268	false	0.5
scheiden	neg 1.0		off 0.5020440883970195 neg 0.42845182333755777 __DUMMY__ 0.06950408826542283	false	0.5
frustriert	neg 1.0		off 0.4982045336370054 neg 0.43257369341097424 __DUMMY__ 0.06922177295202049	false	0.5
schimmelig	neg 1.0		off 0.4962858261932528 neg 0.43455352967386435 __DUMMY__ 0.06916064413288293	false	0.5
fisch	neg 1.0		off 0.4940394505397178 neg 0.43649408731789097 __DUMMY__ 0.06946646214239134	false	0.5
schmuggel	neg 1.0		off 0.4964876990431891 neg 0.43381840290091517 __DUMMY__ 0.06969389805589553	false	0.5
auffallen	neg 1.0		off 0.5029438208821911 neg 0.42806500122907226 __DUMMY__ 0.06899117788873654	false	0.5
konkurrenz	neg 1.0		off 0.4940023671999689 neg 0.4362569856632326 __DUMMY__ 0.06974064713679859	false	0.5
teufelskreis	neg 1.0		off 0.49912360274290335 neg 0.43174408657661545 __DUMMY__ 0.06913231068048126	false	0.5
aufschreien	neg 1.0		off 0.5021730662905906 neg 0.4289875192252132 __DUMMY__ 0.06883941448419634	false	0.5
schuldner	neg 1.0		off 0.4935465117988503 neg 0.4370023728959445 __DUMMY__ 0.06945111530520509	false	0.5
missgeburt	off 1.0	off 1.0	off 0.7423585044245753 neg 0.22516802482894285 __DUMMY__ 0.032473470746481804	false	1.0
arbeitslos	neg 1.0		off 0.49557931940664285 neg 0.43534588646634564 __DUMMY__ 0.06907479412701147	false	0.5
befallen	neg 1.0		off 0.5010723510213654 neg 0.4292564219390734 __DUMMY__ 0.06967122703956104	false	0.5
miesepetrig	off 1.0	off 1.0	off 0.7399494440853543 neg 0.22715190075759276 __DUMMY__ 0.03289865515705298	false	1.0
alarmieren	neg 1.0		off 0.5039017934079725 neg 0.4273266943354338 __DUMMY__ 0.06877151225659378	false	0.5
ungeduscht	off 1.0		off 0.5036705363821505 neg 0.42763985128380394 __DUMMY__ 0.06868961233404564	false	1.0
knappheit	neg 1.0		off 0.49517045544138943 neg 0.435721514197143 __DUMMY__ 0.06910803036146759	false	0.5
schlange	neg 1.0		off 0.5046468532062006 neg 0.4257932577485229 __DUMMY__ 0.06955988904527635	false	0.5
harsch	neg 1.0		off 0.5123681945487899 neg 0.4188754484057398 __DUMMY__ 0.0687563570454704	false	0.5
lang	neg 1.0		off 0.5023595414044771 neg 0.4282532542610982 __DUMMY__ 0.06938720433442457	false	0.5
ziellos	neg 1.0		off 0.49844519723017744 neg 0.43185642913303784 __DUMMY__ 0.0696983736367848	false	0.5
selbstverliebt	neg 1.0		off 0.5136103573840026 neg 0.41895778938720374 __DUMMY__ 0.06743185322879358	false	0.5
beseitigen	neg 1.0		off 0.500237221782708 neg 0.4302057880502901 __DUMMY__ 0.06955699016700191	false	0.5
dumm	off 1.0		off 0.5107936230471471 neg 0.42115643832907707 __DUMMY__ 0.06804993862377567	false	1.0
arbeitsloser	neg 1.0		off 0.4971908677734428 neg 0.4334505066497003 __DUMMY__ 0.06935862557685685	false	0.5
blitzen	neg 1.0		off 0.5043939295541859 neg 0.4264677180125452 __DUMMY__ 0.06913835243326906	false	0.5
hilflos	neg 1.0		off 0.49810388611253975 neg 0.43259645393595353 __DUMMY__ 0.06929965995150664	false	0.5
eklig	off 1.0		off 0.5103997629616073 neg 0.42178273421386236 __DUMMY__ 0.06781750282453032	false	1.0
begriff			off 0.4991636926847212 neg 0.43162155655778606 __DUMMY__ 0.06921475075749277	false	0.0
hungersnot	neg 1.0		off 0.4995606638328065 neg 0.43074855101098086 __DUMMY__ 0.06969078515621253	false	0.5
ungesetzlich	neg 1.0		off 0.49803020132609405 neg 0.4332682184607286 __DUMMY__ 0.06870158021317722	false	0.5
verschwendung	neg 1.0		off 0.4960557908978405 neg 0.43437490531135275 __DUMMY__ 0.06956930379080675	false	0.5
schmerzvoll	neg 1.0		off 0.5024943109613911 neg 0.4283424873862167 __DUMMY__ 0.06916320165239222	false	0.5
vorzeitig	neg 1.0		off 0.5043705462584678 neg 0.4264344575651975 __DUMMY__ 0.06919499617633473	false	0.5
unvollkommenheit	neg 1.0		off 0.5007151738055376 neg 0.42933321774484245 __DUMMY__ 0.06995160844961988	false	0.5
intervenieren	neg 1.0		off 0.4946076089145 neg 0.4360052342247831 __DUMMY__ 0.06938715686071692	false	0.5
banause	off 1.0		off 0.511628369878243 neg 0.4209524025959009 __DUMMY__ 0.06741922752585622	false	1.0
rebell	neg 1.0		off 0.4927445722746316 neg 0.4374074209037503 __DUMMY__ 0.06984800682161811	false	0.5
unlogisch	neg 1.0		off 0.5065208036796479 neg 0.42524648001082366 __DUMMY__ 0.06823271630952839	false	0.5
leiden	neg 1.0		off 0.496485684132237 neg 0.4336619198432302 __DUMMY__ 0.06985239602453268	false	0.5
abschaffung	neg 1.0		off 0.499992373981854 neg 0.4308860609468146 __DUMMY__ 0.06912156507133137	false	0.5
sturz	neg 1.0		off 0.5022242651232082 neg 0.42825073557306986 __DUMMY__ 0.06952499930372201	false	0.5
verkleinerung	neg 1.0		off 0.5001416197207406 neg 0.4313551810382693 __DUMMY__ 0.06850319924099015	false	0.5
schmarotzer	off 1.0		off 0.49556486027547997 neg 0.43554227013601327 __DUMMY__ 0.0688928695885067	false	1.0
bestrafung	neg 1.0		off 0.5021008877509089 neg 0.42863152228789564 __DUMMY__ 0.06926758996119553	false	0.5
achtlos	neg 1.0	neg 1.0	neg 0.699640585256857 off 0.2671117968533261 __DUMMY__ 0.03324761788981697	false	1.0
ungeheuer	neg 1.0		off 0.5040015143456767 neg 0.426773171370737 __DUMMY__ 0.06922531428358626	false	0.5
unaufrichtig	neg 1.0		off 0.5049303245464204 neg 0.42580635183493715 __DUMMY__ 0.06926332361864238	false	0.5
groggy	neg 1.0		off 0.5042909193588836 neg 0.4265485111381295 __DUMMY__ 0.06916056950298682	false	0.5
verletzlich	neg 1.0		off 0.5051723112837392 neg 0.42635502383988455 __DUMMY__ 0.06847266487637617	false	0.5
