unsolidarisch	neg 1.0		__DUMMY__ 0.8833641870634368 off 0.0613119981704146 neg 0.05532381476614867	false	0.5
nachteilig	neg 1.0		__DUMMY__ 0.8890547416663269 off 0.05701578678279548 neg 0.05392947155087757	false	0.5
skeptisch	neg 1.0		__DUMMY__ 0.889151871289371 off 0.056605413863532565 neg 0.05424271484709648	false	0.5
schrecklich	neg 1.0		__DUMMY__ 0.880187672721974 off 0.07011258605579099 neg 0.04969974122223509	false	0.5
schlapp	neg 1.0		__DUMMY__ 0.8836993627935013 off 0.06604094747116802 neg 0.050259689735330695	false	0.5
abfall	neg 1.0		__DUMMY__ 0.894116647336081 off 0.05316114545273725 neg 0.05272220721118178	false	0.5
widerspenstig	neg 1.0		__DUMMY__ 0.8874942721792951 off 0.06115557582491712 neg 0.05135015199578779	false	0.5
abrupt	neg 1.0		__DUMMY__ 0.8927963888834652 off 0.05693073611944984 neg 0.050272874997084965	false	0.5
unwirksam	neg 1.0		__DUMMY__ 0.8821788611848793 off 0.0609164640769276 neg 0.05690467473819304	false	0.5
angreifen	neg 1.0		__DUMMY__ 0.8893651257173694 off 0.056664259952582424 neg 0.0539706143300482	false	0.5
inkonsistent	neg 1.0		__DUMMY__ 0.8858989614602628 off 0.06181410652293472 neg 0.05228693201680238	false	0.5
abrutschen	neg 1.0		__DUMMY__ 0.8912736234078452 neg 0.05506914246180067 off 0.05365723413035421	false	1.0
unsicher	neg 1.0		__DUMMY__ 0.8878171835275368 off 0.061118028087740986 neg 0.051064788384722226	false	0.5
bauernkind	off 1.0	off 1.0	off 0.523632670233382 __DUMMY__ 0.43341387125905073 neg 0.04295345850756724	false	1.0
angreifer	neg 1.0	neg 1.0	neg 0.5068453865833524 __DUMMY__ 0.4454727583993134 off 0.04768185501733422	false	1.0
trennen	neg 1.0		__DUMMY__ 0.8928763299397235 off 0.056066638663829285 neg 0.051057031396447114	false	0.5
schmutz	neg 1.0		__DUMMY__ 0.8927230798041721 off 0.062376941218920484 neg 0.04489997897690747	false	0.5
inkonsistenz	neg 1.0		__DUMMY__ 0.8777196551064981 off 0.06653900608795103 neg 0.05574133880555088	false	0.5
erschreckend	neg 1.0		__DUMMY__ 0.8857376898465699 off 0.06064483625402201 neg 0.0536174738994081	false	0.5
ertrinken	neg 1.0		__DUMMY__ 0.8914260720807806 off 0.05690967403846898 neg 0.051664253880750334	false	0.5
pickelface	off 1.0		__DUMMY__ 0.8888267725460834 off 0.060256947318175234 neg 0.05091628013574136	false	1.0
seiner			__DUMMY__ 0.8898860888009171 off 0.05687360184154122 neg 0.05324030935754168	false	0.0
lauch	neg 1.0		__DUMMY__ 0.8938979987716469 off 0.05387066724107042 neg 0.052231333987282656	false	0.5
unwichtig	neg 1.0		__DUMMY__ 0.8815255783839989 off 0.06604169198461016 neg 0.052432729631391006	false	0.5
steuerhinterziehung	neg 1.0	neg 1.0	neg 0.5109845649407548 __DUMMY__ 0.44440766646391916 off 0.044607768595325864	false	1.0
schock	neg 1.0		__DUMMY__ 0.8888771030946888 off 0.06030742129891128 neg 0.05081547560639994	false	0.5
beule	neg 1.0		__DUMMY__ 0.8827670349035923 off 0.0669685449895622 neg 0.050264420106845495	false	0.5
vergelten	neg 1.0		__DUMMY__ 0.8838300700137587 off 0.06903461587272783 neg 0.047135314113513446	false	0.5
verdorbenheit	neg 1.0		__DUMMY__ 0.8899497373021206 off 0.06132870209973514 neg 0.048721560598144226	false	0.5
trauma	neg 1.0		__DUMMY__ 0.8868739080827839 off 0.06209686707139084 neg 0.05102922484582528	false	0.5
sinnlos	neg 1.0		__DUMMY__ 0.8856925216367244 off 0.0634061169685448 neg 0.050901361394730824	false	0.5
fettsack	off 1.0	off 1.0	off 0.5245097572925533 __DUMMY__ 0.4349151490130641 neg 0.04057509369438259	false	1.0
feige	off 1.0	off 1.0	off 0.5205128624745565 __DUMMY__ 0.43889886201854356 neg 0.04058827550689996	false	1.0
abdanken	neg 1.0		__DUMMY__ 0.8876220675123782 off 0.060840395087830755 neg 0.05153753739979113	false	0.5
wichtigtuer	off 1.0	off 1.0	off 0.5186615369108496 __DUMMY__ 0.44078698351916573 neg 0.04055147956998463	false	1.0
misslingen	neg 1.0		__DUMMY__ 0.8920886730486689 off 0.061206304122893324 neg 0.04670502282843785	false	0.5
untreu	off 1.0		__DUMMY__ 0.8825121415808522 off 0.06646183786572743 neg 0.05102602055342038	false	1.0
missmutig	neg 1.0		__DUMMY__ 0.8846231131665239 off 0.06569785501787662 neg 0.04967903181559962	false	0.5
hurenbock	off 1.0		__DUMMY__ 0.88919532662609 off 0.06275678631992268 neg 0.04804788705398732	false	1.0
betrunken	neg 1.0		__DUMMY__ 0.8827625029398232 off 0.06777706667472382 neg 0.04946043038545299	false	0.5
korrupt	off 1.0		__DUMMY__ 0.8847027142904968 off 0.05915532020915928 neg 0.0561419655003439	false	1.0
unmut	neg 1.0		__DUMMY__ 0.8921086186452553 neg 0.054062618438240076 off 0.053828762916504624	false	1.0
hackfresse	off 1.0		__DUMMY__ 0.8762728841075434 off 0.07356528673026488 neg 0.050161829162191585	false	1.0
aufblasen	neg 1.0		__DUMMY__ 0.8872589895844315 off 0.06284073463489576 neg 0.04990027578067277	false	0.5
gewaltsam	neg 1.0		__DUMMY__ 0.8895572051919896 off 0.059730028217068694 neg 0.05071276659094177	false	0.5
unbeliebtheit	neg 1.0		__DUMMY__ 0.8804303001384857 off 0.06518337150182602 neg 0.054386328359688416	false	0.5
sturheit	neg 1.0		__DUMMY__ 0.886672771568224 off 0.060159838375450345 neg 0.053167390056325675	false	0.5
kuh	neg 1.0		__DUMMY__ 0.8800679631994379 off 0.06325762609231873 neg 0.05667441070824338	false	0.5
erschrecken	neg 1.0		__DUMMY__ 0.8857240889020387 off 0.06544445967294771 neg 0.048831451425013564	false	0.5
opfer	neg 1.0		__DUMMY__ 0.8894093613802524 off 0.057982168083770144 neg 0.052608470535977364	false	0.5
sinken	neg 1.0		__DUMMY__ 0.8928622096363381 off 0.05423901318187913 neg 0.05289877718178282	false	0.5
stinktier	neg 1.0		__DUMMY__ 0.873583184454278 off 0.07089882856941342 neg 0.05551798697630866	false	0.5
tucke	off 1.0		__DUMMY__ 0.8752648404357234 off 0.07461532553622988 neg 0.050119834028046754	false	1.0
ein			__DUMMY__ 0.8863958623792779 off 0.06199020001952776 neg 0.051613937601194274	false	0.0
abstieg	neg 1.0		__DUMMY__ 0.8901027630244815 off 0.056876076388455994 neg 0.053021160587062355	false	0.5
missverstehen	neg 1.0		__DUMMY__ 0.8817976501998395 off 0.06429532046226515 neg 0.05390702933789548	false	0.5
ergebnislos	neg 1.0		__DUMMY__ 0.89033634518738 off 0.056592146178416146 neg 0.05307150863420386	false	0.5
unter			__DUMMY__ 0.8983156626842271 neg 0.05281492732003743 off 0.048869409995735386	false	0.0
manipulieren	neg 1.0		__DUMMY__ 0.8911763888572835 off 0.05625411222873975 neg 0.052569498913976734	false	0.5
unbewiesen	neg 1.0		__DUMMY__ 0.8824562923391679 off 0.061314827907774656 neg 0.056228879753057535	false	0.5
verschleppen	neg 1.0		__DUMMY__ 0.8880729878798971 off 0.05831433578939054 neg 0.05361267633071238	false	0.5
weib	off 1.0		__DUMMY__ 0.872560512417188 off 0.07437836260396362 neg 0.053061124978848455	false	1.0
opposition	neg 1.0		__DUMMY__ 0.8841342811172387 off 0.06251934306123051 neg 0.053346375821530796	false	0.5
verkehrswidrig	neg 1.0		__DUMMY__ 0.884859735436754 off 0.06963007897302198 neg 0.04551018559022404	false	0.5
inkorrekt	neg 1.0		__DUMMY__ 0.878008367857015 off 0.06977972477135616 neg 0.05221190737162878	false	0.5
vermeiden	neg 1.0		__DUMMY__ 0.8941082705178489 neg 0.05392976049837857 off 0.05196196898377244	false	1.0
abweichung	neg 1.0		__DUMMY__ 0.8880891693317224 off 0.05769398228445534 neg 0.05421684838382225	false	0.5
alkoholisiert	neg 1.0		__DUMMY__ 0.8912806365864876 off 0.05623972726421203 neg 0.052479636149300256	false	0.5
scheiss	off 1.0	off 1.0	off 0.5203398086064391 __DUMMY__ 0.44039284365568354 neg 0.039267347737877406	false	1.0
herausforderung	neg 1.0		__DUMMY__ 0.8909021246221074 off 0.05636278932201649 neg 0.052735086055876054	false	0.5
pervers	off 1.0		__DUMMY__ 0.8732405629685543 off 0.07694281691468498 neg 0.049816620116760704	false	1.0
wackelig	neg 1.0		__DUMMY__ 0.8916854825292924 off 0.05895074989769392 neg 0.049363767573013716	false	0.5
verwickeln	neg 1.0		__DUMMY__ 0.8822742462736933 off 0.06379210034547358 neg 0.053933653380833065	false	0.5
vorwand	neg 1.0		__DUMMY__ 0.8897763360103902 off 0.05615469631760838 neg 0.054068967672001374	false	0.5
muschi	off 1.0		__DUMMY__ 0.8883470238361734 off 0.06044116801554815 neg 0.05121180814827849	false	1.0
entmutigung	neg 1.0		__DUMMY__ 0.8853153562065161 off 0.06255098930062503 neg 0.052133654492858825	false	0.5
unangemessen	neg 1.0		__DUMMY__ 0.884524462227401 off 0.0598938545880914 neg 0.055581683184507506	false	0.5
unstetig	neg 1.0		__DUMMY__ 0.8852985281051751 off 0.06342522055553636 neg 0.051276251339288606	false	0.5
entmutigen	neg 1.0		__DUMMY__ 0.8863882685375581 off 0.06212221912920317 neg 0.05148951233323873	false	0.5
schwanz	neg 1.0		__DUMMY__ 0.89029079408334 off 0.05783035704799141 neg 0.051878848868668496	false	0.5
verbot	neg 1.0		__DUMMY__ 0.8876784049651882 off 0.058723481976525216 neg 0.0535981130582866	false	0.5
leid	neg 1.0		__DUMMY__ 0.8773783766010702 off 0.07165070163833073 neg 0.050970921760598996	false	0.5
archaisch	neg 1.0		__DUMMY__ 0.8873345601002041 off 0.059990107323547065 neg 0.05267533257624888	false	0.5
gegen			__DUMMY__ 0.8918218092841035 off 0.05458095934103753 neg 0.053597231374858986	false	0.0
scheidung	neg 1.0		__DUMMY__ 0.8760476604874621 off 0.08120175031879728 neg 0.04275058919374059	false	0.5
einschlag	neg 1.0		__DUMMY__ 0.8813444720669291 off 0.0688862882906358 neg 0.04976923964243517	false	0.5
m			__DUMMY__ 0.889687306961646 off 0.058800971733954766 neg 0.051511721304399204	false	0.0
abgestanden	neg 1.0		__DUMMY__ 0.8858714439989414 off 0.06120855876178813 neg 0.052919997239270544	false	0.5
schmierig	off 1.0		__DUMMY__ 0.8801211772654711 off 0.07093666470375289 neg 0.04894215803077595	false	1.0
unpraktisch	neg 1.0		__DUMMY__ 0.8860873858820542 off 0.062413377620320114 neg 0.05149923649762584	false	0.5
wixxer	off 1.0		__DUMMY__ 0.8711929218666703 off 0.07716773008485224 neg 0.051639348048477376	false	1.0
bezeichnet			__DUMMY__ 0.8838984818016682 off 0.06149565363221075 neg 0.05460586456612104	false	0.0
jammerlappen	off 1.0		__DUMMY__ 0.8839436675369863 off 0.06604634430577336 neg 0.05000998815724044	false	1.0
farce	neg 1.0		__DUMMY__ 0.8864176580424755 off 0.05964915753440143 neg 0.053933184423123066	false	0.5
zwecklos	neg 1.0		__DUMMY__ 0.8863685825929021 off 0.0595351633338611 neg 0.0540962540732368	false	0.5
turbulent	neg 1.0		__DUMMY__ 0.882005164926715 off 0.06734560283404353 neg 0.050649232239241476	false	0.5
invasion	neg 1.0		__DUMMY__ 0.8847171870210325 off 0.06310474830400567 neg 0.05217806467496181	false	0.5
schuld	neg 1.0		__DUMMY__ 0.8843599291713379 off 0.06246346383537916 neg 0.05317660699328305	false	0.5
risiko	neg 1.0	neg 1.0	neg 0.5068587831430104 __DUMMY__ 0.44608616508382654 off 0.047055051773163055	false	1.0
finster	neg 1.0		__DUMMY__ 0.8838663566012491 off 0.06206534132115054 neg 0.054068302077600335	false	0.5
geisteskrank	off 1.0		__DUMMY__ 0.8782192368732854 off 0.0679398626981484 neg 0.053840900428566166	false	1.0
zusammenbrechen	neg 1.0		__DUMMY__ 0.8878518767501091 off 0.059528766018387635 neg 0.052619357231503204	false	0.5
ausbeute	neg 1.0		__DUMMY__ 0.8964700065656401 off 0.05727128931210408 neg 0.04625870412225568	false	0.5
hinterhalt	neg 1.0		__DUMMY__ 0.8957681696209701 off 0.05920447229337558 neg 0.04502735808565445	false	0.5
kritik	neg 1.0		__DUMMY__ 0.8862398353082036 off 0.05949734742907892 neg 0.05426281726271758	false	0.5
einschrumpfen	neg 1.0		__DUMMY__ 0.8825999216367125 off 0.06515308413518889 neg 0.05224699422809853	false	0.5
riskant	neg 1.0		__DUMMY__ 0.8878552224158137 off 0.05718818375417095 neg 0.0549565938300153	false	0.5
frustrieren	neg 1.0		__DUMMY__ 0.887781667530252 off 0.05802771679268638 neg 0.05419061567706159	false	0.5
groll	neg 1.0		__DUMMY__ 0.8865424685976131 off 0.059080428624220124 neg 0.0543771027781668	false	0.5
gibt			__DUMMY__ 0.8878592943917967 off 0.059653373038649246 neg 0.05248733256955418	false	0.0
qualvoll	neg 1.0		__DUMMY__ 0.8861590291469171 off 0.06414830548594685 neg 0.04969266536713603	false	0.5
wackeln	neg 1.0		__DUMMY__ 0.8893786148512032 off 0.061953577294812046 neg 0.04866780785398482	false	0.5
klagen	neg 1.0		__DUMMY__ 0.8908492670570786 neg 0.05459144176539324 off 0.054559291177528176	false	1.0
bankrott	neg 1.0		__DUMMY__ 0.8859190632028081 off 0.06518303791505624 neg 0.04889789888213573	false	0.5
trauern	neg 1.0		__DUMMY__ 0.8923339341199027 off 0.05745735986407113 neg 0.05020870601602607	false	0.5
ablehnung	neg 1.0		__DUMMY__ 0.8860750384615685 off 0.05925034936751105 neg 0.05467461217092048	false	0.5
stur	neg 1.0		__DUMMY__ 0.8839879505667383 off 0.06258316827069187 neg 0.05342888116256982	false	0.5
aufruhr	neg 1.0		__DUMMY__ 0.8878718826239436 off 0.06021857210405705 neg 0.051909545271999376	false	0.5
melancholie	neg 1.0		__DUMMY__ 0.8900150601796208 off 0.05786114549675199 neg 0.05212379432362711	false	0.5
ist			__DUMMY__ 0.885432391426855 off 0.06314105754946474 neg 0.05142655102368019	false	0.0
torheit	neg 1.0		__DUMMY__ 0.8867647124407992 off 0.06166444389190915 neg 0.051570843667291574	false	0.5
dreckskind	off 1.0		__DUMMY__ 0.8748398501254323 off 0.07273654679927719 neg 0.05242360307529047	false	1.0
umtauschen	neg 1.0		__DUMMY__ 0.8874227863984745 off 0.060438970578234254 neg 0.052138243023291196	false	0.5
zum			__DUMMY__ 0.8980775715446294 off 0.05189787299767502 neg 0.05002455545769557	false	0.0
zersetzen	neg 1.0		__DUMMY__ 0.8887236956058746 off 0.056421596505152154 neg 0.05485470788897325	false	0.5
zur			__DUMMY__ 0.8959786484309865 neg 0.052469653997969816 off 0.051551697571043706	false	0.0
frust	neg 1.0		__DUMMY__ 0.8882064542501295 off 0.05956612709916112 neg 0.05222741865070936	false	0.5
unerbittlichkeit	neg 1.0		__DUMMY__ 0.8898068027605885 off 0.05635385933598058 neg 0.05383933790343085	false	0.5
zwei			__DUMMY__ 0.896292030422139 off 0.05295444158733857 neg 0.05075352799052241	false	0.0
unkorrekt	neg 1.0		__DUMMY__ 0.8795237057874854 off 0.06918011552791895 neg 0.05129617868459558	false	0.5
hexe	off 1.0		__DUMMY__ 0.8805725178807449 off 0.06603550569562976 neg 0.05339197642362538	false	1.0
lasch	neg 1.0		__DUMMY__ 0.881239382872158 off 0.06522388418643014 neg 0.05353673294141184	false	0.5
rivale	neg 1.0		__DUMMY__ 0.8817730566749711 off 0.06814399934866058 neg 0.05008294397636834	false	0.5
mutlos	off 1.0	off 1.0	off 0.5135983514830688 __DUMMY__ 0.4445591768905712 neg 0.0418424716263602	false	1.0
wirr	off 1.0		__DUMMY__ 0.8789249267682975 off 0.06999473964250179 neg 0.051080333589200735	false	1.0
jahr			__DUMMY__ 0.8967703538263878 off 0.055267550066023005 neg 0.04796209610758914	false	0.0
wird			__DUMMY__ 0.8881559193512002 off 0.05845883531123998 neg 0.053385245337559784	false	0.0
strafbar	neg 1.0		__DUMMY__ 0.8877499153788754 off 0.05766214191109917 neg 0.05458794271002543	false	0.5
erosion	neg 1.0		__DUMMY__ 0.8893263833122913 off 0.06107221904543932 neg 0.04960139764226932	false	0.5
eingehen	neg 1.0		__DUMMY__ 0.887351718226779 off 0.05783157878890223 neg 0.054816702984318726	false	0.5
faul	off 1.0		__DUMMY__ 0.8854418154721089 off 0.06504603735454799 neg 0.04951214717334309	false	1.0
provisorium	neg 1.0		__DUMMY__ 0.8986054339959942 neg 0.05209608022374656 off 0.049298485780259194	false	1.0
schmerzen	neg 1.0		__DUMMY__ 0.8867655338833388 off 0.0598089211606974 neg 0.05342554495596377	false	0.5
schrumpfen	neg 1.0		__DUMMY__ 0.8920970048814386 neg 0.05589367256306701 off 0.05200932255549435	false	1.0
geistlos	off 1.0		__DUMMY__ 0.8810331748961108 off 0.0642150635940431 neg 0.05475176150984604	false	1.0
fehlkauf	neg 1.0		__DUMMY__ 0.8874522483172596 off 0.06301910497291228 neg 0.049528646709828206	false	0.5
frustrierend	neg 1.0		__DUMMY__ 0.8837033735927223 off 0.06507626242938608 neg 0.051220363977891564	false	0.5
unzufrieden	neg 1.0		__DUMMY__ 0.8858870335200957 off 0.05923240244198367 neg 0.05488056403792069	false	0.5
verzweifeln	neg 1.0		__DUMMY__ 0.8869548113303598 off 0.060382279663454975 neg 0.052662909006185116	false	0.5
verzweifelt	neg 1.0	neg 1.0	neg 0.5113134854660148 __DUMMY__ 0.4412749801950741 off 0.04741153433891104	false	1.0
misstrauensantrag	neg 1.0		__DUMMY__ 0.8851007951631003 off 0.06310315443748406 neg 0.051796050399415684	false	0.5
abfallen	neg 1.0		__DUMMY__ 0.8887621916313853 off 0.06175718895445744 neg 0.04948061941415733	false	0.5
fucker	off 1.0		__DUMMY__ 0.8825701452293148 off 0.06895564760595115 neg 0.04847420716473408	false	1.0
ungezogen	neg 1.0		__DUMMY__ 0.8744391223167667 off 0.07604028125982304 neg 0.049520596423410224	false	0.5
irrsinnig	neg 1.0	neg 1.0	neg 0.5107171403934546 __DUMMY__ 0.4418856504746484 off 0.04739720913189692	false	1.0
unfassbar	neg 1.0		__DUMMY__ 0.8828143912169546 off 0.0671521325902402 neg 0.05003347619280522	false	0.5
hart	neg 1.0		__DUMMY__ 0.8833150283273862 off 0.06657198010247588 neg 0.05011299157013798	false	0.5
widerlich	off 1.0		__DUMMY__ 0.8798766492322998 off 0.06782531746280257 neg 0.05229803330489757	false	1.0
fatal	neg 1.0		__DUMMY__ 0.8858189004544558 off 0.06354786579898279 neg 0.05063323374656138	false	0.5
bruch	neg 1.0		__DUMMY__ 0.891131066745187 off 0.054922178061666466 neg 0.053946755193146526	false	0.5
aushungern	neg 1.0		__DUMMY__ 0.8892197940191602 off 0.05963908143209798 neg 0.051141124548741826	false	0.5
anspannung	neg 1.0		__DUMMY__ 0.8965089394557578 off 0.052140126815679255 neg 0.051350933728562885	false	0.5
von			__DUMMY__ 0.8987572616060043 off 0.05531796920419801 neg 0.04592476918979767	false	0.0
kraftlos	neg 1.0		__DUMMY__ 0.8894917114486277 off 0.0588517659295294 neg 0.05165652262184286	false	0.5
vom			__DUMMY__ 0.9000053539796471 neg 0.050334683638720026 off 0.04965996238163288	false	0.0
grenzdebil	off 1.0		__DUMMY__ 0.8833996818862855 off 0.06740955191119458 neg 0.049190766202520005	false	1.0
vor			__DUMMY__ 0.8929638415183695 off 0.05540524452635307 neg 0.05163091395527753	false	0.0
unterwerfen	neg 1.0		__DUMMY__ 0.8892134557499994 off 0.05793271747088993 neg 0.052853826779110546	false	0.5
versenkung	neg 1.0		__DUMMY__ 0.8903928714872387 off 0.05807114850902868 neg 0.05153598000373278	false	0.5
entziehen	neg 1.0		__DUMMY__ 0.8905501032100365 off 0.05503813194670969 neg 0.05441176484325377	false	0.5
finanzkrise	neg 1.0		__DUMMY__ 0.8860993095334396 off 0.06019312737693764 neg 0.053707563089622865	false	0.5
schimpfend	neg 1.0		__DUMMY__ 0.885868593820534 off 0.06279741974518266 neg 0.0513339864342833	false	0.5
profan	neg 1.0		__DUMMY__ 0.8837598165740358 off 0.0638579504828267 neg 0.0523822329431375	false	0.5
korruption	neg 1.0		__DUMMY__ 0.8883229359543068 off 0.058435578422031835 neg 0.05324148562366139	false	0.5
â			__DUMMY__ 0.8912540341905082 off 0.05829570664903839 neg 0.05045025916045338	false	0.0
schmutzig	neg 1.0		__DUMMY__ 0.8840110254568726 off 0.06784471749476768 neg 0.04814425704835975	false	0.5
sexy	neg 1.0		__DUMMY__ 0.8856809971867625 off 0.06474524840482926 neg 0.049573754408408235	false	0.5
abraten	neg 1.0		__DUMMY__ 0.8854243166262616 off 0.06310966459523544 neg 0.05146601877850295	false	0.5
schwarz	neg 1.0		__DUMMY__ 0.8858446776402676 off 0.0628210651358746 neg 0.051334257223857836	false	0.5
fotze	off 1.0	off 1.0	off 0.514712071416111 __DUMMY__ 0.4463897674851351 neg 0.038898161098753985	false	1.0
verwirren	neg 1.0		__DUMMY__ 0.8843920599085732 off 0.06437188297354661 neg 0.051236057117880096	false	0.5
zahnlos	off 1.0		__DUMMY__ 0.8861734030451819 off 0.06002262670866956 neg 0.053803970246148566	false	1.0
verheeren	neg 1.0		__DUMMY__ 0.8766359399817624 off 0.07750888712971934 neg 0.0458551728885182	false	0.5
hippie	neg 1.0		__DUMMY__ 0.8858017113435716 off 0.0644669988837787 neg 0.04973128977264968	false	0.5
rammen	neg 1.0		__DUMMY__ 0.8847217370582777 off 0.06229012488391736 neg 0.05298813805780491	false	0.5
unlauter	neg 1.0		__DUMMY__ 0.8825985409133856 off 0.06220686140186219 neg 0.05519459768475219	false	0.5
unheilvoll	neg 1.0		__DUMMY__ 0.887346504806403 off 0.06274891001109434 neg 0.04990458518250271	false	0.5
niedrig	neg 1.0		__DUMMY__ 0.8879027484372608 off 0.05648020308816027 neg 0.05561704847457892	false	0.5
explosion	neg 1.0		__DUMMY__ 0.8855023133465468 off 0.06389156250486763 neg 0.050606124148585625	false	0.5
weichei	off 1.0	off 1.0	off 0.5246974165983185 __DUMMY__ 0.43663930155535896 neg 0.038663281846322506	false	1.0
minusmensch	off 1.0		__DUMMY__ 0.8732169664951762 off 0.07527687482806758 neg 0.05150615867675621	false	1.0
farblos	neg 1.0		__DUMMY__ 0.8893820638273552 off 0.060393073315434996 neg 0.05022486285720974	false	0.5
unwissend	neg 1.0	neg 1.0	neg 0.5099975473024259 __DUMMY__ 0.4398134326939247 off 0.050189020003649505	false	1.0
traurig	neg 1.0		__DUMMY__ 0.8812184680905687 off 0.0694125851942251 neg 0.04936894671520614	false	0.5
senkung	neg 1.0		__DUMMY__ 0.8820998857058494 off 0.06369989866855348 neg 0.05420021562559707	false	0.5
ungleich	neg 1.0	neg 1.0	neg 0.5121631486485255 __DUMMY__ 0.4447653134059264 off 0.043071537945548063	false	1.0
heikel	neg 1.0		__DUMMY__ 0.8875064998090441 off 0.057134394627459464 neg 0.05535910556349644	false	0.5
drosselung	neg 1.0		__DUMMY__ 0.8827465789052786 off 0.06712692658200127 neg 0.05012649451272001	false	0.5
falsch	neg 1.0		__DUMMY__ 0.8826235196777513 off 0.06523754767756498 neg 0.052138932644683667	false	0.5
unzufriedenheit	neg 1.0		__DUMMY__ 0.8902127399857912 off 0.055759606733442234 neg 0.05402765328076653	false	0.5
kurz	neg 1.0		__DUMMY__ 0.8903249590806975 off 0.059565359461425896 neg 0.05010968145787659	false	0.5
unsinnig	neg 1.0		__DUMMY__ 0.8850931459130708 off 0.06015133323456564 neg 0.05475552085236362	false	0.5
penner	off 1.0	off 1.0	off 0.5258862590035557 __DUMMY__ 0.43633807157817134 neg 0.03777566941827293	false	1.0
seicht	neg 1.0		__DUMMY__ 0.872940573001124 off 0.07580144517076204 neg 0.051257981828113836	false	0.5
dummheit	off 1.0	off 1.0	off 0.5188852714954802 __DUMMY__ 0.440741542366882 neg 0.04037318613763777	false	1.0
unerfreulich	neg 1.0		__DUMMY__ 0.8897874224263049 off 0.05621683812809646 neg 0.053995739445598656	false	0.5
motherfucker	off 1.0	off 1.0	off 0.521904709985526 __DUMMY__ 0.44055893145809655 neg 0.03753635855637758	false	1.0
pikiert	neg 1.0		__DUMMY__ 0.8813316879389297 off 0.06710327950684998 neg 0.051565032554220354	false	0.5
wrack	neg 1.0		__DUMMY__ 0.8908051634435579 off 0.05872368426217055 neg 0.050471152294271585	false	0.5
gangster	neg 1.0		__DUMMY__ 0.885732916809285 off 0.06448021996855721 neg 0.04978686322215778	false	0.5
krank	neg 1.0		__DUMMY__ 0.8834203176758595 off 0.06720886307343978 neg 0.049370819250700776	false	0.5
reich	neg 1.0		__DUMMY__ 0.8866588833893213 off 0.06615508380958732 neg 0.04718603280109135	false	0.5
gnadenlos	neg 1.0		__DUMMY__ 0.8851716555352127 off 0.06255705627176653 neg 0.052271288193020855	false	0.5
niedergeschlagen	neg 1.0		__DUMMY__ 0.8889746429655359 off 0.05983331418416183 neg 0.05119204285030234	false	0.5
terrorisieren	off 1.0	off 1.0	off 0.5137593358251736 __DUMMY__ 0.4461608882328923 neg 0.04007977594193406	false	1.0
sinnlosigkeit	neg 1.0		__DUMMY__ 0.8870109128374543 off 0.05945705327833032 neg 0.05353203388421542	false	0.5
behindern	neg 1.0		__DUMMY__ 0.8882891115648341 off 0.06036732765053608 neg 0.05134356078462977	false	0.5
undemokratisch	neg 1.0		__DUMMY__ 0.8854498649969998 off 0.06238429835862427 neg 0.0521658366443759	false	0.5
wirtschaftskrise	neg 1.0		__DUMMY__ 0.8877783379681471 off 0.05824102143747713 neg 0.05398064059437585	false	0.5
neid	neg 1.0		__DUMMY__ 0.8854065696024487 off 0.0648708931747608 neg 0.04972253722279053	false	0.5
rutschen	neg 1.0		__DUMMY__ 0.8974462102248859 off 0.052805147620102695 neg 0.04974864215501131	false	0.5
rezession	neg 1.0		__DUMMY__ 0.8750993133521373 off 0.06992067796670139 neg 0.05498000868116124	false	0.5
fehlgeburt	neg 1.0		__DUMMY__ 0.8877827410444628 off 0.06267428824328693 neg 0.04954297071225028	false	0.5
charakterschwach	off 1.0		__DUMMY__ 0.8800665616794017 off 0.06771907948023259 neg 0.05221435884036573	false	1.0
isolation	neg 1.0		__DUMMY__ 0.8846780752630042 off 0.06468102296065657 neg 0.05064090177633914	false	0.5
ablenkung	neg 1.0		__DUMMY__ 0.8876374421320127 off 0.061282861711295634 neg 0.051079696156691654	false	0.5
pech	neg 1.0		__DUMMY__ 0.8829046548095629 off 0.06445387948508104 neg 0.05264146570535597	false	0.5
vermeidung	neg 1.0		__DUMMY__ 0.8838522982693788 off 0.0672993111976626 neg 0.04884839053295862	false	0.5
dominieren	neg 1.0		__DUMMY__ 0.8906083446145697 off 0.057511709027293675 neg 0.051879946358136586	false	0.5
schwindlig	neg 1.0		__DUMMY__ 0.8871918881737904 off 0.06295453916657678 neg 0.04985357265963291	false	0.5
lutscher	neg 1.0		__DUMMY__ 0.8736649084923288 off 0.07597915494300207 neg 0.05035593656466909	false	0.5
pflicht	neg 1.0		__DUMMY__ 0.888611690865135 off 0.056127050873050366 neg 0.05526125826181453	false	0.5
faschist	off 1.0		__DUMMY__ 0.884420582676998 off 0.06478703941649386 neg 0.05079237790650825	false	1.0
verschleudern	neg 1.0		__DUMMY__ 0.8878083936560135 off 0.056911740856962705 neg 0.05527986548702372	false	0.5
wenn			__DUMMY__ 0.8836340702563936 off 0.065411247208102 neg 0.05095468253550438	false	0.0
ehebruch	neg 1.0		__DUMMY__ 0.8892344721338133 off 0.05842020085599848 neg 0.052345327010188285	false	0.5
spott	off 1.0		__DUMMY__ 0.8880659382678173 off 0.05797812352528087 neg 0.053955938206901866	false	1.0
trostlosigkeit	neg 1.0		__DUMMY__ 0.893037094859249 off 0.05545303128373549 neg 0.051509873857015546	false	0.5
lutschen	neg 1.0		__DUMMY__ 0.8835924947830863 off 0.06491669886913573 neg 0.051490806347778015	false	0.5
undiszipliniert	neg 1.0		__DUMMY__ 0.8804025403583575 off 0.06887386375433922 neg 0.0507235958873032	false	0.5
kopfschmerz	neg 1.0		__DUMMY__ 0.8877688072208573 off 0.05885627306568047 neg 0.05337491971346227	false	0.5
unvorhergesehen	neg 1.0		__DUMMY__ 0.8937519804869348 off 0.05617857317882796 neg 0.05006944633423723	false	0.5
desinteressiert	neg 1.0		__DUMMY__ 0.8807608664823627 off 0.06848896078244335 neg 0.05075017273519381	false	0.5
armselig	off 1.0		__DUMMY__ 0.8779129881955364 off 0.06976630483139197 neg 0.0523207069730716	false	1.0
desaster	neg 1.0		__DUMMY__ 0.891372572993908 off 0.05440863334318136 neg 0.054218793662910575	false	0.5
tod	neg 1.0		__DUMMY__ 0.8950068652364134 off 0.058185878414732224 neg 0.04680725634885446	false	0.5
herzlos	neg 1.0		__DUMMY__ 0.8799389949286631 off 0.06955924117310022 neg 0.05050176389823669	false	0.5
unwissenheit	neg 1.0		__DUMMY__ 0.8872101789250991 off 0.05916877595235297 neg 0.053621045122547825	false	0.5
widersinnig	neg 1.0		__DUMMY__ 0.8839602763969779 off 0.059317450574247275 neg 0.056722273028774854	false	0.5
bedenklich	neg 1.0		__DUMMY__ 0.8869206885758828 off 0.05829041091179411 neg 0.054788900512322984	false	0.5
beanstanden	neg 1.0		__DUMMY__ 0.8895077436950962 off 0.0557154068703246 neg 0.05477684943457909	false	0.5
panisch	neg 1.0	neg 1.0	neg 0.5065795506575186 __DUMMY__ 0.44547548786255814 off 0.04794496147992314	false	1.0
debil	off 1.0		__DUMMY__ 0.8982291609903633 neg 0.05165772260333742 off 0.05011311640629918	false	0.5
abstrich	neg 1.0		__DUMMY__ 0.8960138774897421 off 0.05933335423695421 neg 0.044652768273303604	false	0.5
primitiv	neg 1.0		__DUMMY__ 0.8795974868701278 off 0.06804423608782244 neg 0.05235827704204975	false	0.5
abschaum	off 1.0	off 1.0	off 0.5206203039841545 __DUMMY__ 0.4402749012258135 neg 0.039104794790032	false	1.0
provozieren	neg 1.0		__DUMMY__ 0.8835772328912485 off 0.06239235810067369 neg 0.054030409008077755	false	0.5
tot	neg 1.0		__DUMMY__ 0.8889338698693063 off 0.05828263038171582 neg 0.0527834997489779	false	0.5
instabil	neg 1.0		__DUMMY__ 0.8796638660255934 off 0.06902282061661026 neg 0.05131331335779637	false	0.5
schwuchtel	off 1.0	off 1.0	off 0.5303355526272638 __DUMMY__ 0.43154488014869746 neg 0.03811956722403881	false	1.0
zerren	neg 1.0		__DUMMY__ 0.8889228210815849 off 0.05943149864305978 neg 0.051645680275355293	false	0.5
kinderficker	off 1.0		__DUMMY__ 0.8786191027269944 off 0.07229893428492644 neg 0.049081962988079104	false	1.0
gefahr	neg 1.0		__DUMMY__ 0.8918810445063489 off 0.055590785529457586 neg 0.052528169964193516	false	0.5
rabiat	neg 1.0		__DUMMY__ 0.8869314997444996 off 0.06151224023722587 neg 0.051556260018274506	false	0.5
verlangsamung	neg 1.0		__DUMMY__ 0.874542896076883 off 0.07387277777132728 neg 0.051584326151789844	false	0.5
ausgestorben	neg 1.0		__DUMMY__ 0.8879872093515492 off 0.06114507356632718 neg 0.050867717082123655	false	0.5
anklagen	neg 1.0		__DUMMY__ 0.8887400690361048 off 0.05855381870632063 neg 0.05270611225757451	false	0.5
trott	neg 1.0		__DUMMY__ 0.8878468937477274 off 0.060748278015265306 neg 0.05140482823700734	false	0.5
verminderung	neg 1.0		__DUMMY__ 0.8822525263360278 off 0.0675828161345899 neg 0.0501646575293823	false	0.5
nach			__DUMMY__ 0.8972572957293145 off 0.051755779513174706 neg 0.05098692475751081	false	0.0
rost	neg 1.0		__DUMMY__ 0.8778803903100478 off 0.07238169449797963 neg 0.049737915191972557	false	0.5
destruktiv	neg 1.0		__DUMMY__ 0.8849138035676539 off 0.061218732728444455 neg 0.05386746370390162	false	0.5
unzumutbarkeit	neg 1.0		__DUMMY__ 0.8844690714368207 off 0.06644163111506199 neg 0.049089297448117304	false	0.5
labil	off 1.0	off 1.0	off 0.5200132889251422 __DUMMY__ 0.44124495881458237 neg 0.03874175226027542	false	1.0
ziemlich	neg 1.0		__DUMMY__ 0.8836053441566337 off 0.0669204613868792 neg 0.049474194456487	false	0.5
lachnummer	off 1.0		__DUMMY__ 0.8845234103538835 off 0.06203222220371219 neg 0.0534443674424043	false	1.0
oder			__DUMMY__ 0.8873488378215444 off 0.06190645562176648 neg 0.05074470655668907	false	0.0
verfall	neg 1.0		__DUMMY__ 0.8935828765459178 neg 0.05436155862298049 off 0.05205556483110168	false	1.0
ausgrenzung	neg 1.0		__DUMMY__ 0.8856081412375749 off 0.06296627708234956 neg 0.05142558168007554	false	0.5
unordnung	neg 1.0		__DUMMY__ 0.8854156129811207 off 0.06878962727154439 neg 0.045794759747334886	false	0.5
fehlverhalten	neg 1.0		__DUMMY__ 0.8875604837108012 off 0.056755967321633044 neg 0.055683548967565805	false	0.5
eine			__DUMMY__ 0.8917644880082115 off 0.055872499486347496 neg 0.05236301250544092	false	0.0
nille	neg 1.0		__DUMMY__ 0.8888577528625952 off 0.06089590300310788 neg 0.050246344134296995	false	0.5
qual	neg 1.0		__DUMMY__ 0.888339496392076 off 0.060393958822580855 neg 0.05126654478534308	false	0.5
verschwenden	neg 1.0		__DUMMY__ 0.8871903104572133 off 0.05753007890726647 neg 0.055279610635520234	false	0.5
riesig	neg 1.0		__DUMMY__ 0.891783431597298 off 0.05769128345421495 neg 0.05052528494848693	false	0.5
verurteilen	neg 1.0		__DUMMY__ 0.8861756733312306 off 0.05917677219028252 neg 0.0546475544784869	false	0.5
klischee	neg 1.0	neg 1.0	neg 0.5101121631110803 __DUMMY__ 0.44054039377073745 off 0.04934744311818231	false	1.0
diktatorisch	neg 1.0		__DUMMY__ 0.8846214534441206 off 0.06259124612774913 neg 0.052787300428130325	false	0.5
vorhersehbar	neg 1.0		__DUMMY__ 0.8814714028921813 off 0.06458242362437668 neg 0.05394617348344211	false	0.5
sowie			__DUMMY__ 0.8784062108577773 off 0.07159853244931277 neg 0.049995256692909995	false	0.0
stornieren	neg 1.0		__DUMMY__ 0.8910648386383793 off 0.06283295455775507 neg 0.04610220680386559	false	0.5
besteuerung	neg 1.0		__DUMMY__ 0.882924905999422 off 0.061692904412133556 neg 0.055382189588444444	false	0.5
ungeschminkt	neg 1.0		__DUMMY__ 0.8790258310731636 off 0.06740049221370158 neg 0.0535736767131348	false	0.5
kritisch	neg 1.0		__DUMMY__ 0.8876467941790651 off 0.05808696920312628 neg 0.054266236617808626	false	0.5
schlamperei	off 1.0		__DUMMY__ 0.8904246763344311 off 0.05676053666038271 neg 0.05281478700518607	false	1.0
sucht	neg 1.0	neg 1.0	neg 0.5031259477703193 __DUMMY__ 0.4504574409148416 off 0.04641661131483912	false	1.0
egoistisch	off 1.0		__DUMMY__ 0.8760115849067418 off 0.07235499402530778 neg 0.051633421067950484	false	1.0
ausbeuter	off 1.0		__DUMMY__ 0.8868063347548704 off 0.05674788728575281 neg 0.05644577795937674	false	1.0
arschgeburt	off 1.0		__DUMMY__ 0.8687733879668753 off 0.07992264053726157 neg 0.051303971495862986	false	1.0
schubs	neg 1.0		__DUMMY__ 0.8882103924573143 off 0.0589059535699838 neg 0.05288365397270201	false	0.5
unsolide	neg 1.0		__DUMMY__ 0.8827845630093933 off 0.06311277886361713 neg 0.054102658126989604	false	0.5
beschwerde	neg 1.0		__DUMMY__ 0.8879604710374858 off 0.057489379258195986 neg 0.05455014970431828	false	0.5
stocken	neg 1.0		__DUMMY__ 0.8904163918348901 off 0.05703614857008947 neg 0.05254745959502046	false	0.5
isolieren	neg 1.0		__DUMMY__ 0.8886960906648613 off 0.05847478385157543 neg 0.05282912548356314	false	0.5
unheilbar	neg 1.0		__DUMMY__ 0.8880602006718886 off 0.061764386635530404 neg 0.05017541269258099	false	0.5
pisser	off 1.0		__DUMMY__ 0.8795769406151249 off 0.06927137479671192 neg 0.05115168458816315	false	1.0
löschen	neg 1.0		__DUMMY__ 0.8881208146869761 off 0.06113359839966645 neg 0.050745586913357406	false	0.5
durchfallen	neg 1.0		__DUMMY__ 0.885317608527494 off 0.05862360738251902 neg 0.05605878408998705	false	0.5
wichser	off 1.0	off 1.0	off 0.5281964895527616 __DUMMY__ 0.4344924821217251 neg 0.03731102832551327	false	1.0
terror	neg 1.0		__DUMMY__ 0.8860575880873062 off 0.0639601504671399 neg 0.049982261445554	false	0.5
krass	neg 1.0		__DUMMY__ 0.879177182008007 off 0.06992247199597126 neg 0.050900345996021765	false	0.5
revolte	neg 1.0		__DUMMY__ 0.8858442086339043 off 0.06335198937193223 neg 0.05080380199416343	false	0.5
besorgt	neg 1.0		__DUMMY__ 0.8927583435515511 off 0.05949613535185543 neg 0.047745521096593385	false	0.5
nachlassen	neg 1.0		__DUMMY__ 0.8932158042317119 off 0.056686982550905575 neg 0.050097213217382495	false	0.5
alt	neg 1.0		__DUMMY__ 0.8890917421774563 off 0.058363972040543506 neg 0.0525442857820001	false	0.5
hundesohn	off 1.0		__DUMMY__ 0.8738019292730282 off 0.07656044117395551 neg 0.04963762955301624	false	1.0
als			__DUMMY__ 0.8877045243617703 off 0.059269855488895164 neg 0.05302562014933457	false	0.0
abschreckung	neg 1.0		__DUMMY__ 0.8905951738002978 off 0.05560031690533586 neg 0.053804509294366344	false	0.5
unqualifiziert	neg 1.0		__DUMMY__ 0.8805833979223013 off 0.06546356058895489 neg 0.05395304148874377	false	0.5
abgewichst	off 1.0		__DUMMY__ 0.8893816005112819 off 0.06010901730963119 neg 0.050509382179086966	false	1.0
schwer	neg 1.0		__DUMMY__ 0.8858029317000787 off 0.06081608331072577 neg 0.05338098498919548	false	0.5
bedeutungslosigkeit	neg 1.0		__DUMMY__ 0.8890312023828152 off 0.056581786777948784 neg 0.0543870108392361	false	0.5
kapitulation	neg 1.0		__DUMMY__ 0.8897030219078176 off 0.05781101631991378 neg 0.05248596177226857	false	0.5
unscharf	neg 1.0		__DUMMY__ 0.8833557073209974 off 0.0631838200813202 neg 0.053460472597682426	false	0.5
schwinden	neg 1.0		__DUMMY__ 0.8915388708168928 off 0.05624840994942418 neg 0.05221271923368307	false	0.5
versklavung	neg 1.0		__DUMMY__ 0.8877369024884666 off 0.062148223558366224 neg 0.05011487395316712	false	0.5
schlecht	neg 1.0		__DUMMY__ 0.8834736590061585 off 0.06715019001443182 neg 0.049376150979409686	false	0.5
verhasst	neg 1.0		__DUMMY__ 0.8821492355564949 off 0.0629490809527739 neg 0.05490168349073111	false	0.5
beschweren	neg 1.0		__DUMMY__ 0.8848767727171899 off 0.06330153890925785 neg 0.05182168837355227	false	0.5
scheiden	neg 1.0		__DUMMY__ 0.8894708626771777 off 0.06072330905377311 neg 0.04980582826904925	false	0.5
frustriert	neg 1.0		__DUMMY__ 0.8862278778798811 off 0.06005551317245985 neg 0.053716608947659054	false	0.5
schimmelig	neg 1.0		__DUMMY__ 0.8864077857075965 off 0.058053951674422934 neg 0.055538262617980554	false	0.5
fisch	neg 1.0		__DUMMY__ 0.8893014585030132 neg 0.05557554995609819 off 0.05512299154088848	false	1.0
schmuggel	neg 1.0		__DUMMY__ 0.8905593183004511 off 0.05685909888032842 neg 0.05258158281922044	false	0.5
auffallen	neg 1.0		__DUMMY__ 0.8844554139666556 off 0.06401736169432805 neg 0.05152722433901635	false	0.5
konkurrenz	neg 1.0		__DUMMY__ 0.8907428477302722 off 0.05522778596162528 neg 0.054029366308102525	false	0.5
teufelskreis	neg 1.0		__DUMMY__ 0.8854305667010746 off 0.06111532437855396 neg 0.05345410892037142	false	0.5
aufschreien	neg 1.0		__DUMMY__ 0.8831131080930816 off 0.06417550545177904 neg 0.05271138645513926	false	0.5
schuldner	neg 1.0		__DUMMY__ 0.8884753121580435 off 0.055977925979904336 neg 0.05554676186205205	false	0.5
missgeburt	off 1.0	off 1.0	off 0.5253311457083252 __DUMMY__ 0.4358318116409255 neg 0.03883704265074935	false	1.0
arbeitslos	neg 1.0		__DUMMY__ 0.884877029017055 off 0.05902962940310193 neg 0.05609334157984305	false	0.5
befallen	neg 1.0		__DUMMY__ 0.8905728362240642 off 0.059940864104056045 neg 0.049486299671879716	false	0.5
miesepetrig	off 1.0	off 1.0	off 0.5202682668680071 __DUMMY__ 0.4411887574689761 neg 0.03854297566301681	false	1.0
alarmieren	neg 1.0		__DUMMY__ 0.8825617507915935 off 0.06579401671135593 neg 0.0516442324970506	false	0.5
ungeduscht	off 1.0		__DUMMY__ 0.8823727641446955 off 0.0650087678917318 neg 0.052618467963572745	false	1.0
knappheit	neg 1.0		__DUMMY__ 0.8855766531431206 off 0.05840526975702083 neg 0.05601807709985853	false	0.5
schlange	neg 1.0		__DUMMY__ 0.8895424752829786 off 0.0625888127568959 neg 0.04786871196012561	false	0.5
harsch	neg 1.0		__DUMMY__ 0.8826548366578053 off 0.07103680828711242 neg 0.04630835505508233	false	0.5
lang	neg 1.0		__DUMMY__ 0.8877767608053938 off 0.061970824188899695 neg 0.05025241500570654	false	0.5
ziellos	neg 1.0		__DUMMY__ 0.8904457494348513 off 0.05811852123002719 neg 0.05143572933512154	false	0.5
selbstverliebt	neg 1.0		__DUMMY__ 0.8712031825915489 off 0.07751360684366217 neg 0.05128321056478893	false	0.5
beseitigen	neg 1.0		__DUMMY__ 0.889682536436567 off 0.0596886521558194 neg 0.050628811407613605	false	0.5
dumm	off 1.0		__DUMMY__ 0.8766684037734637 off 0.0729234031614916 neg 0.05040819306504479	false	1.0
arbeitsloser	neg 1.0		__DUMMY__ 0.8874478238628966 off 0.059035690932863184 neg 0.053516485204240204	false	0.5
blitzen	neg 1.0		__DUMMY__ 0.8857562415755137 off 0.06437073255535965 neg 0.04987302586912666	false	0.5
hilflos	neg 1.0		__DUMMY__ 0.8869663577585887 off 0.05956252988936864 neg 0.053471112352042736	false	0.5
eklig	off 1.0		__DUMMY__ 0.8746410173664139 off 0.07351703962939934 neg 0.05184194300418667	false	1.0
begriff			__DUMMY__ 0.8863432464547096 off 0.06072096842538871 neg 0.052935785119901685	false	0.0
hungersnot	neg 1.0		__DUMMY__ 0.8906595868451079 off 0.05889930541856186 neg 0.050441107736330155	false	0.5
ungesetzlich	neg 1.0		__DUMMY__ 0.8818352652718582 off 0.0624013850007622 neg 0.05576334972737959	false	0.5
verschwendung	neg 1.0		__DUMMY__ 0.8892592807405955 off 0.057179639777686704 neg 0.053561079481717754	false	0.5
schmerzvoll	neg 1.0		__DUMMY__ 0.8859352541154174 off 0.06297537325981489 neg 0.051089372624767676	false	0.5
vorzeitig	neg 1.0		__DUMMY__ 0.8865145784493171 off 0.06391768111387078 neg 0.049567740436812086	false	0.5
unvollkommenheit	neg 1.0		__DUMMY__ 0.8932494654523874 off 0.05819621739038515 neg 0.04855431715722755	false	0.5
intervenieren	neg 1.0		__DUMMY__ 0.8877538119219085 off 0.057129637441158565 neg 0.05511655063693287	false	0.5
banause	off 1.0		__DUMMY__ 0.8711981867286385 off 0.07601913438370476 neg 0.0527826788876567	false	1.0
rebell	neg 1.0		__DUMMY__ 0.892133995094161 neg 0.05466172745645593 off 0.05320427744938309	false	1.0
unlogisch	neg 1.0		__DUMMY__ 0.8781100515573461 off 0.06937709682468109 neg 0.05251285161797282	false	0.5
leiden	neg 1.0		__DUMMY__ 0.8922895018516508 off 0.055671337196432746 neg 0.052039160951916526	false	0.5
abschaffung	neg 1.0		__DUMMY__ 0.8857360120633635 off 0.06153971968292903 neg 0.05272426825370747	false	0.5
sturz	neg 1.0		__DUMMY__ 0.8892404022976264 off 0.061228767817877734 neg 0.04953082988449591	false	0.5
verkleinerung	neg 1.0		__DUMMY__ 0.8803499896340954 off 0.06418786185529356 neg 0.055462148510611146	false	0.5
schmarotzer	off 1.0		__DUMMY__ 0.8833459623975644 off 0.059819306063506196 neg 0.05683473153892952	false	1.0
bestrafung	neg 1.0		__DUMMY__ 0.8868607613976848 off 0.06241612545721427 neg 0.050723113145100855	false	0.5
achtlos	neg 1.0	neg 1.0	neg 0.508968132035626 __DUMMY__ 0.44512451542902126 off 0.0459073525353528	false	1.0
ungeheuer	neg 1.0		__DUMMY__ 0.8867262301751063 off 0.06347351738010253 neg 0.049800252444791165	false	0.5
