unsolidarisch	neg 1.0		off 0.3569908663773088 __DUMMY__ 0.33145901109637893 neg 0.31155012252631237	false	0.5
nachteilig	neg 1.0		off 0.35374071674559493 __DUMMY__ 0.3344184352332456 neg 0.3118408480211594	false	0.5
skeptisch	neg 1.0		off 0.3531173683888968 __DUMMY__ 0.3346270319044731 neg 0.31225559970662997	false	0.5
schrecklich	neg 1.0		off 0.3687321362796557 __DUMMY__ 0.3295846508676725 neg 0.3016832128526718	false	0.5
schlapp	neg 1.0		off 0.3648185615640979 __DUMMY__ 0.33139611088743226 neg 0.3037853275484698	false	0.5
abfall	neg 1.0		off 0.35057280036839183 __DUMMY__ 0.33722785038557634 neg 0.3121993492460318	false	0.5
widerspenstig	neg 1.0		off 0.35939035989764384 __DUMMY__ 0.33349647359137546 neg 0.3071131665109806	false	0.5
abrupt	neg 1.0		off 0.355763289026163 __DUMMY__ 0.3363426817865125 neg 0.3078940291873246	false	0.5
unwirksam	neg 1.0		off 0.3564297759888582 __DUMMY__ 0.33073192306734334 neg 0.3128383009437984	false	0.5
angreifen	neg 1.0		off 0.35323489811717934 __DUMMY__ 0.3347991323642922 neg 0.31196596951852845	false	0.5
inkonsistent	neg 1.0		off 0.359714741182286 __DUMMY__ 0.33256298251819283 neg 0.3077222762995212	false	0.5
abrutschen	neg 1.0		off 0.34996969728923044 __DUMMY__ 0.33579558878525373 neg 0.31423471392551594	false	0.5
unsicher	neg 1.0		off 0.3591020374457945 __DUMMY__ 0.3338466047058123 neg 0.30705135784839327	false	0.5
bauernkind	off 1.0	off 1.0	off 0.6726351894445084 neg 0.17026016616653208 __DUMMY__ 0.15710464438895952	false	1.0
angreifer	neg 1.0	neg 1.0	neg 0.6380374269905488 off 0.20004178463799566 __DUMMY__ 0.16192078837145552	false	1.0
trennen	neg 1.0		off 0.35434582642106494 __DUMMY__ 0.33656847074813234 neg 0.3090857028308026	false	0.5
schmutz	neg 1.0		off 0.3635419970200197 __DUMMY__ 0.33612322133239597 neg 0.3003347816475843	false	0.5
inkonsistenz	neg 1.0		off 0.3621109771971287 __DUMMY__ 0.328375899821725 neg 0.3095131229811463	false	0.5
erschreckend	neg 1.0		off 0.3573231082420795 __DUMMY__ 0.33281183359221106 neg 0.30986505816570953	false	0.5
ertrinken	neg 1.0		off 0.3547987109140769 __DUMMY__ 0.3358128280270338 neg 0.3093884610588891	false	0.5
pickelface	off 1.0		off 0.3584276133400395 __DUMMY__ 0.3343169300344823 neg 0.3072554566254783	false	1.0
seiner			off 0.3539285639503649 __DUMMY__ 0.33504112035169936 neg 0.3110303156979357	false	0.0
lauch	neg 1.0		off 0.3517907857159723 __DUMMY__ 0.3370412239889967 neg 0.31116799029503106	false	0.5
unwichtig	neg 1.0		off 0.363299422788494 __DUMMY__ 0.3304159982227509 neg 0.30628457898875516	false	0.5
steuerhinterziehung	neg 1.0	neg 1.0	neg 0.6420879916220914 off 0.1964099657662133 __DUMMY__ 0.1615020426116953	false	1.0
schock	neg 1.0		off 0.35857221238653814 __DUMMY__ 0.3344309230516139 neg 0.306996864561848	false	0.5
beule	neg 1.0		off 0.3658030835268134 __DUMMY__ 0.3308553126307031 neg 0.3033416038424836	false	0.5
vergelten	neg 1.0		off 0.3686253949178458 __DUMMY__ 0.33148539768458624 neg 0.29988920739756797	false	0.5
verdorbenheit	neg 1.0		off 0.3609574389983815 __DUMMY__ 0.33479351237689137 neg 0.30424904862472707	false	0.5
trauma	neg 1.0		off 0.3602034541969179 __DUMMY__ 0.3333528195806685 neg 0.30644372622241356	false	0.5
sinnlos	neg 1.0		off 0.3614180406417071 __DUMMY__ 0.33267621810057646 neg 0.3059057412577166	false	0.5
fettsack	off 1.0	off 1.0	off 0.6739505424305964 neg 0.16834310440936825 __DUMMY__ 0.1577063531600353	false	1.0
feige	off 1.0	off 1.0	off 0.6708331113721134 neg 0.16981042544462455 __DUMMY__ 0.15935646318326202	false	1.0
abdanken	neg 1.0		off 0.3582196488575409 __DUMMY__ 0.333749401991266 neg 0.3080309491511931	false	0.5
wichtigtuer	off 1.0	off 1.0	off 0.669503514312032 neg 0.17038765198456432 __DUMMY__ 0.1601088337034036	false	1.0
misslingen	neg 1.0		off 0.36153390744690944 __DUMMY__ 0.33581530118415076 neg 0.30265079136893974	false	0.5
untreu	off 1.0		off 0.36447343341653954 __DUMMY__ 0.3309160857049497 neg 0.3046104808785107	false	1.0
missmutig	neg 1.0		off 0.3644254017005957 __DUMMY__ 0.33200213687963437 neg 0.30357246141977	false	0.5
hurenbock	off 1.0		off 0.3625429018130428 __DUMMY__ 0.3343515742617877 neg 0.30310552392516954	false	1.0
betrunken	neg 1.0		off 0.36678479560920996 __DUMMY__ 0.33090413029266025 neg 0.30231107409812985	false	0.5
korrupt	off 1.0		off 0.35452016708861434 __DUMMY__ 0.3322143464480559 neg 0.3132654864633297	false	1.0
unmut	neg 1.0		off 0.35043496812826663 __DUMMY__ 0.3362122936736586 neg 0.3133527381980748	false	0.5
hackfresse	off 1.0		off 0.3719540616230527 __DUMMY__ 0.3274344408571902 neg 0.30061149751975713	false	1.0
aufblasen	neg 1.0		off 0.36157014639502033 __DUMMY__ 0.33343594772124685 neg 0.3049939058837327	false	0.5
gewaltsam	neg 1.0		off 0.35799544003665135 __DUMMY__ 0.3347075721170324 neg 0.3072969878463162	false	0.5
unbeliebtheit	neg 1.0		off 0.36151049963956494 __DUMMY__ 0.3297718751027147 neg 0.3087176252577204	false	0.5
sturheit	neg 1.0		off 0.3569210427376838 __DUMMY__ 0.33328178793576485 neg 0.3097971693265512	false	0.5
kuh	neg 1.0		off 0.3592265346888292 __DUMMY__ 0.32946827681528096 neg 0.3113051884958898	false	0.5
erschrecken	neg 1.0		off 0.3644918321605259 __DUMMY__ 0.3326197605953803 neg 0.3028884072440938	false	0.5
opfer	neg 1.0		off 0.3552027951932938 __DUMMY__ 0.3347490844527308 neg 0.3100481203539753	false	0.5
sinken	neg 1.0		off 0.3515744790065178 __DUMMY__ 0.33649287916936027 neg 0.31193264182412184	false	0.5
stinktier	neg 1.0		off 0.3669300581879006 __DUMMY__ 0.3260813120144108 neg 0.30698862979768865	false	0.5
tucke	off 1.0		off 0.3731610082229458 __DUMMY__ 0.32679855706725136 neg 0.30004043470980274	false	1.0
ein			off 0.3600877125109648 __DUMMY__ 0.3329763941106533 neg 0.30693589337838195	false	0.0
abstieg	neg 1.0		off 0.3539849855622288 __DUMMY__ 0.3350685717517807 neg 0.3109464426859905	false	0.5
missverstehen	neg 1.0		off 0.3608039027951616 __DUMMY__ 0.3306218844673963 neg 0.30857421273744196	false	0.5
ergebnislos	neg 1.0		off 0.35363890763865746 __DUMMY__ 0.33520027105953853 neg 0.3111608213018039	false	0.5
unter			off 0.3465874746535782 __DUMMY__ 0.33948993708277964 neg 0.3139225882636423	false	0.0
manipulieren	neg 1.0		off 0.35346133346227204 __DUMMY__ 0.33562468083676117 neg 0.31091398570096684	false	0.5
unbewiesen	neg 1.0		off 0.3565615496137596 __DUMMY__ 0.3309811798247914 neg 0.31245727056144906	false	0.5
verschleppen	neg 1.0		off 0.35497420362733256 __DUMMY__ 0.3339802875429195 neg 0.3110455088297479	false	0.5
weib	off 1.0		off 0.37139584682024 __DUMMY__ 0.3255163605951219 neg 0.303087792584638	false	1.0
opposition	neg 1.0		off 0.3597600317124896 __DUMMY__ 0.3317895896653648 neg 0.3084503786221456	false	0.5
verkehrswidrig	neg 1.0		off 0.3705156500745659 __DUMMY__ 0.33191999662051913 neg 0.29756435330491504	false	0.5
inkorrekt	neg 1.0		off 0.3667936018472685 __DUMMY__ 0.3284864499364825 neg 0.3047199482162488	false	0.5
vermeiden	neg 1.0		off 0.3490304154555097 __DUMMY__ 0.33712756935650934 neg 0.31384201518798094	false	0.5
abweichung	neg 1.0		off 0.35427936634795343 __DUMMY__ 0.33387057679962795 neg 0.3118500568524186	false	0.5
alkoholisiert	neg 1.0		off 0.3545153807750201 __DUMMY__ 0.33545152510773113 neg 0.3100330941172487	false	0.5
scheiss	off 1.0	off 1.0	off 0.6716431546679978 neg 0.1685749221313456 __DUMMY__ 0.15978192320065657	false	1.0
herausforderung	neg 1.0		off 0.3537789946776378 __DUMMY__ 0.3354252039465011 neg 0.3107958013758611	false	0.5
pervers	off 1.0		off 0.3753534650483924 __DUMMY__ 0.325806020182575 neg 0.2988405147690325	false	1.0
wackelig	neg 1.0		off 0.3581622152852971 __DUMMY__ 0.33579001822104143 neg 0.3060477664936615	false	0.5
verwickeln	neg 1.0		off 0.3602741371122388 __DUMMY__ 0.33089384689696416 neg 0.308832015990797	false	0.5
vorwand	neg 1.0		off 0.35272316721086955 __DUMMY__ 0.3349584823219454 neg 0.3123183504671851	false	0.5
muschi	off 1.0		off 0.35842023373838017 __DUMMY__ 0.33411117867217704 neg 0.3074685875894428	false	1.0
entmutigung	neg 1.0		off 0.3597279305334163 __DUMMY__ 0.3324509200151114 neg 0.3078211494514723	false	0.5
unangemessen	neg 1.0		off 0.35559767518572954 __DUMMY__ 0.33214943148729004 neg 0.3122528933269804	false	0.5
unstetig	neg 1.0		off 0.36170148652917206 __DUMMY__ 0.3322366072502321 neg 0.30606190622059576	false	0.5
entmutigen	neg 1.0		off 0.3599252938926798 __DUMMY__ 0.33300695097017485 neg 0.30706775513714524	false	0.5
schwanz	neg 1.0		off 0.35583919218691096 __DUMMY__ 0.3350642307002166 neg 0.30909657711287236	false	0.5
verbot	neg 1.0		off 0.35526873075426507 __DUMMY__ 0.3337756926895788 neg 0.31095557655615613	false	0.5
leid	neg 1.0		off 0.3697250184030965 __DUMMY__ 0.32804340223112594 neg 0.30223157936577755	false	0.5
archaisch	neg 1.0		off 0.35722097526787366 __DUMMY__ 0.33357265741847736 neg 0.3092063673136489	false	0.5
gegen			off 0.35126587464003667 __DUMMY__ 0.3360990509361092 neg 0.31263507442385424	false	0.0
scheidung	neg 1.0		off 0.3823143236332638 __DUMMY__ 0.3272807315435155 neg 0.2904049448232207	false	0.5
einschlag	neg 1.0		off 0.36750590480902506 __DUMMY__ 0.3301791142821571 neg 0.30231498090881775	false	0.5
m			off 0.356895966339937 __DUMMY__ 0.33486075276168265 neg 0.3082432808983805	false	0.0
abgestanden	neg 1.0		off 0.35927888898534266 __DUMMY__ 0.33247769638669517 neg 0.30824341462796223	false	0.5
schmierig	off 1.0		off 0.36994776628434317 __DUMMY__ 0.3294861136548074 neg 0.3005661200608495	false	1.0
unpraktisch	neg 1.0		off 0.36060701730386097 __DUMMY__ 0.3327588824109101 neg 0.30663410028522886	false	0.5
wixxer	off 1.0		off 0.3747365024318898 __DUMMY__ 0.32475421650947556 neg 0.3005092810586347	false	1.0
bezeichnet			off 0.35769037650517604 __DUMMY__ 0.3318015384259133 neg 0.3105080850689106	false	0.0
jammerlappen	off 1.0		off 0.3644429660863407 __DUMMY__ 0.33169931808369024 neg 0.30385771582996907	false	1.0
farce	neg 1.0		off 0.35608233812647316 __DUMMY__ 0.3330714473860439 neg 0.31084621448748306	false	0.5
zwecklos	neg 1.0		off 0.3560033013405615 __DUMMY__ 0.3331453762706591 neg 0.31085132238877927	false	0.5
turbulent	neg 1.0		off 0.36567796665686775 __DUMMY__ 0.3304925900264696 neg 0.30382944331666273	false	0.5
invasion	neg 1.0		off 0.36069507706656784 __DUMMY__ 0.3321707103994234 neg 0.3071342125340088	false	0.5
schuld	neg 1.0		off 0.35935338737326855 __DUMMY__ 0.3320398333550308 neg 0.30860677927170077	false	0.5
risiko	neg 1.0	neg 1.0	neg 0.6382922801997668 off 0.19962613554481365 __DUMMY__ 0.16208158425541955	false	1.0
finster	neg 1.0		off 0.35936531767862717 __DUMMY__ 0.3315294310421833 neg 0.3091052512791894	false	0.5
geisteskrank	off 1.0		off 0.3644189354165847 __DUMMY__ 0.3286671671240054 neg 0.30691389745941006	false	1.0
zusammenbrechen	neg 1.0		off 0.35680152181250807 __DUMMY__ 0.3339269054427278 neg 0.30927157274476413	false	0.5
ausbeute	neg 1.0		off 0.35815918426242743 __DUMMY__ 0.33821389808571156 neg 0.3036269176518609	false	0.5
hinterhalt	neg 1.0		off 0.3604242816232302 __DUMMY__ 0.3378119830234846 neg 0.30176373535328516	false	0.5
kritik	neg 1.0		off 0.3557489342994065 __DUMMY__ 0.3329983536514927 neg 0.31125271204910077	false	0.5
einschrumpfen	neg 1.0		off 0.3625708394531727 __DUMMY__ 0.330979428300481 neg 0.3064497322463464	false	0.5
riskant	neg 1.0		off 0.3533780383936567 __DUMMY__ 0.33397163305268124 neg 0.312650328553662	false	0.5
frustrieren	neg 1.0		off 0.3545392233328931 __DUMMY__ 0.3339008015392588 neg 0.3115599751278482	false	0.5
groll	neg 1.0		off 0.3554210962208172 __DUMMY__ 0.3332192242862882 neg 0.3113596794928946	false	0.5
gibt			off 0.3568916678814719 __DUMMY__ 0.3339606887647355 neg 0.30914764335379263	false	0.0
qualvoll	neg 1.0		off 0.36293793292932336 __DUMMY__ 0.332851090357231 neg 0.3042109767134457	false	0.5
wackeln	neg 1.0		off 0.361215701652403 __DUMMY__ 0.3346121596041002 neg 0.3041721387434968	false	0.5
klagen	neg 1.0		off 0.35087331785097653 __DUMMY__ 0.33548172433022316 neg 0.3136449578188003	false	0.5
bankrott	neg 1.0		off 0.36447576922804925 __DUMMY__ 0.3327179545951588 neg 0.30280627617679207	false	0.5
trauern	neg 1.0		off 0.355884702831307 __DUMMY__ 0.3362323637820616 neg 0.30788293338663153	false	0.5
ablehnung	neg 1.0		off 0.35526893139816357 __DUMMY__ 0.3329176355159466 neg 0.31181343308588994	false	0.5
stur	neg 1.0		off 0.35939011503288343 __DUMMY__ 0.33181890163301697 neg 0.30879098333409966	false	0.5
aufruhr	neg 1.0		off 0.3577546949135492 __DUMMY__ 0.3338552935204813 neg 0.30839001156596957	false	0.5
melancholie	neg 1.0		off 0.35597615639859304 __DUMMY__ 0.33487102535269675 neg 0.30915281824871027	false	0.5
ist			off 0.36096184355167416 __DUMMY__ 0.33255828594912146 neg 0.30647987049920433	false	0.0
torheit	neg 1.0		off 0.3592342326117004 __DUMMY__ 0.3332029026479338 neg 0.30756286474036576	false	0.5
dreckskind	off 1.0		off 0.3700260854681547 __DUMMY__ 0.32675189548653283 neg 0.3032220190453125	false	1.0
umtauschen	neg 1.0		off 0.35862199851646753 __DUMMY__ 0.33344893210380694 neg 0.3079290693797257	false	0.5
zum			off 0.35093404314127374 __DUMMY__ 0.3392980718106061 neg 0.30976788504812025	false	0.0
zersetzen	neg 1.0		off 0.35264622891891395 __DUMMY__ 0.33437424847897046 neg 0.31297952260211553	false	0.5
zur			off 0.34911646968983884 __DUMMY__ 0.33822684224547617 neg 0.31265668806468505	false	0.0
frust	neg 1.0		off 0.3569399052241484 __DUMMY__ 0.3341365156313807 neg 0.30892357914447083	false	0.5
unerbittlichkeit	neg 1.0		off 0.35304940347081626 __DUMMY__ 0.33492651435524273 neg 0.312024082173941	false	0.5
zwei			off 0.35168515895660457 __DUMMY__ 0.33837230063768814 neg 0.30994254040570723	false	0.0
unkorrekt	neg 1.0		off 0.3668808937605555 __DUMMY__ 0.32921256176175 neg 0.3039065444776946	false	0.5
hexe	off 1.0		off 0.36338088357643983 __DUMMY__ 0.32975312165599613 neg 0.30686599476756404	false	1.0
lasch	neg 1.0		off 0.3618626628473173 __DUMMY__ 0.3302964675048297 neg 0.3078408696478531	false	0.5
rivale	neg 1.0		off 0.3667331553792381 __DUMMY__ 0.33041267618135134 neg 0.3028541684394106	false	0.5
mutlos	off 1.0	off 1.0	off 0.6653791355096821 neg 0.17301006740744082 __DUMMY__ 0.16161079708287704	false	1.0
wirr	off 1.0		off 0.3678949903526588 __DUMMY__ 0.3289147458611402 neg 0.30319026378620084	false	1.0
jahr			off 0.35524419452997097 __DUMMY__ 0.3385116037855747 neg 0.30624420168445426	false	0.0
wird			off 0.35547410135830165 __DUMMY__ 0.3340881255316395 neg 0.310437773110059	false	0.0
strafbar	neg 1.0		off 0.35385811315423044 __DUMMY__ 0.3338348285857601 neg 0.31230705826000954	false	0.5
erosion	neg 1.0		off 0.3600243399748684 __DUMMY__ 0.3345938272993826 neg 0.3053818327257491	false	0.5
eingehen	neg 1.0		off 0.35402896542318 __DUMMY__ 0.33368809741407573 neg 0.3122829371627441	false	0.5
faul	off 1.0		off 0.36414760669135304 __DUMMY__ 0.33232830841189254 neg 0.3035240848967545	false	1.0
provisorium	neg 1.0		off 0.34743839403557325 __DUMMY__ 0.33959295589794686 neg 0.31296865006647984	false	0.5
schmerzen	neg 1.0		off 0.35741151588717446 __DUMMY__ 0.33309089269247405 neg 0.3094975914203516	false	0.5
schrumpfen	neg 1.0		off 0.3479133080105372 __DUMMY__ 0.3361852541996346 neg 0.3159014377898281	false	0.5
geistlos	off 1.0		off 0.3601541221197444 __DUMMY__ 0.330199665627438 neg 0.3096462122528176	false	1.0
fehlkauf	neg 1.0		off 0.36176665514302664 __DUMMY__ 0.33357860012728713 neg 0.30465474472968607	false	0.5
frustrierend	neg 1.0		off 0.36295326765153063 __DUMMY__ 0.33159364839749433 neg 0.30545308395097504	false	0.5
unzufrieden	neg 1.0		off 0.3553225015646812 __DUMMY__ 0.3329149571923497 neg 0.31176254124296904	false	0.5
verzweifeln	neg 1.0		off 0.357603967553651 __DUMMY__ 0.33343390176150695 neg 0.30896213068484213	false	0.5
verzweifelt	neg 1.0	neg 1.0	neg 0.6412532885187031 off 0.1984224881821781 __DUMMY__ 0.16032422329911883	false	1.0
misstrauensantrag	neg 1.0		off 0.3610642600079223 __DUMMY__ 0.33228806046827614 neg 0.30664767952380156	false	0.5
abfallen	neg 1.0		off 0.36091525175793443 __DUMMY__ 0.3341648642927399 neg 0.3049198839493257	false	0.5
fucker	off 1.0		off 0.36792790365995925 __DUMMY__ 0.33104168726008026 neg 0.30103040907996054	false	1.0
ungezogen	neg 1.0		off 0.3746436940803103 __DUMMY__ 0.32644121625490063 neg 0.2989150896647892	false	0.5
irrsinnig	neg 1.0	neg 1.0	neg 0.6408529772018694 off 0.19859206477533528 __DUMMY__ 0.16055495802279524	false	1.0
unfassbar	neg 1.0		off 0.36554958391806913 __DUMMY__ 0.3310788523457843 neg 0.30337156373614643	false	0.5
hart	neg 1.0		off 0.3651843416862535 __DUMMY__ 0.33120015005904807 neg 0.3036155082546983	false	0.5
widerlich	off 1.0		off 0.365130035448147 __DUMMY__ 0.32949643088207464 neg 0.3053735336697783	false	1.0
fatal	neg 1.0		off 0.361729171758834 __DUMMY__ 0.33280026496303305 neg 0.30547056327813293	false	0.5
bruch	neg 1.0		off 0.35149598982931485 __DUMMY__ 0.3356534545089036 neg 0.3128505556617816	false	0.5
aushungern	neg 1.0		off 0.35719136184376454 __DUMMY__ 0.334581926632547 neg 0.3082267115236883	false	0.5
anspannung	neg 1.0		off 0.3503588531595843 __DUMMY__ 0.33852447277319203 neg 0.3111166740672237	false	0.5
von			off 0.35611648120212974 __DUMMY__ 0.33950069055398135 neg 0.3043828282438889	false	0.0
kraftlos	neg 1.0		off 0.3567748033104251 __DUMMY__ 0.3347104712625755 neg 0.30851472542699915	false	0.5
vom			off 0.3487365668330479 __DUMMY__ 0.3403189651848924 neg 0.3109444679820596	false	0.0
grenzdebil	off 1.0		off 0.36628678979841967 __DUMMY__ 0.3313219467931482 neg 0.3023912634084321	false	1.0
vor			off 0.3532651246538016 __DUMMY__ 0.3366849208153115 neg 0.3100499545308869	false	0.0
unterwerfen	neg 1.0		off 0.35500091137587764 __DUMMY__ 0.3345855961761498 neg 0.31041349244797245	false	0.5
versenkung	neg 1.0		off 0.3556731186368747 __DUMMY__ 0.3353223609250896 neg 0.3090045204380357	false	0.5
entziehen	neg 1.0		off 0.35147469689242894 __DUMMY__ 0.3353823521887837 neg 0.3131429509187874	false	0.5
finanzkrise	neg 1.0		off 0.35695719056249714 __DUMMY__ 0.3328486163689524 neg 0.31019419306855045	false	0.5
schimpfend	neg 1.0		off 0.36121423344193226 __DUMMY__ 0.33261337267116314 neg 0.3061723938869044	false	0.5
profan	neg 1.0		off 0.36131094623736937 __DUMMY__ 0.3316009886411976 neg 0.30708806512143316	false	0.5
korruption	neg 1.0		off 0.35524233190224425 __DUMMY__ 0.33407905458063314 neg 0.3106786135171225	false	0.5
â			off 0.3569098099967194 __DUMMY__ 0.3356803610103304 neg 0.3074098289929502	false	0.0
schmutzig	neg 1.0		off 0.3671852279485965 __DUMMY__ 0.33165305692596647 neg 0.30116171512543716	false	0.5
sexy	neg 1.0		off 0.3634810346528969 __DUMMY__ 0.3326879198920858 neg 0.3038310454550174	false	0.5
abraten	neg 1.0		off 0.36107025323117214 __DUMMY__ 0.33244913352154565 neg 0.30648061324728226	false	0.5
schwarz	neg 1.0		off 0.3607455823203562 __DUMMY__ 0.33279754182131815 neg 0.30645687585832565	false	0.5
fotze	off 1.0	off 1.0	off 0.6673667260998352 neg 0.17035496426649682 __DUMMY__ 0.16227830963366807	false	1.0
verwirren	neg 1.0		off 0.3622389826568295 __DUMMY__ 0.33197488362766947 neg 0.30578613371550106	false	0.5
zahnlos	off 1.0		off 0.35654318651770533 __DUMMY__ 0.3330583343105788 neg 0.3103984791717158	false	1.0
verheeren	neg 1.0		off 0.37741947550574356 __DUMMY__ 0.32767612096554966 neg 0.29490440352870667	false	0.5
hippie	neg 1.0		off 0.3630712588916467 __DUMMY__ 0.3327856166106117 neg 0.3041431244977416	false	0.5
rammen	neg 1.0		off 0.3600250603546869 __DUMMY__ 0.33195478918473 neg 0.30802015046058323	false	0.5
unlauter	neg 1.0		off 0.35824230857234535 __DUMMY__ 0.33094603552464075 neg 0.31081165590301385	false	0.5
unheilvoll	neg 1.0		off 0.3616996489672828 __DUMMY__ 0.33337107781136954 neg 0.3049292732213475	false	0.5
niedrig	neg 1.0		off 0.3528216313707062 __DUMMY__ 0.33374707933885817 neg 0.31343128929043557	false	0.5
explosion	neg 1.0		off 0.3622124485195433 __DUMMY__ 0.3325364332734359 neg 0.3052511182070209	false	0.5
weichei	off 1.0	off 1.0	off 0.6746973014016175 neg 0.16693859476857353 __DUMMY__ 0.1583641038298088	false	1.0
minusmensch	off 1.0		off 0.3724941483132483 __DUMMY__ 0.3259911448286268 neg 0.301514706858125	false	1.0
farblos	neg 1.0		off 0.35945883326789585 __DUMMY__ 0.33439637052835713 neg 0.306144796203747	false	0.5
unwissend	neg 1.0	neg 1.0	neg 0.6394193403196331 off 0.20090686985821157 __DUMMY__ 0.15967378982215524	false	1.0
traurig	neg 1.0		off 0.3681581137750466 __DUMMY__ 0.3301452372557988 neg 0.3016966489691546	false	0.5
senkung	neg 1.0		off 0.36047624880479406 __DUMMY__ 0.330659172913919 neg 0.3088645782812871	false	0.5
ungleich	neg 1.0	neg 1.0	neg 0.6433747240874 off 0.1949641898003992 __DUMMY__ 0.16166108611220067	false	1.0
heikel	neg 1.0		off 0.3531260760989758 __DUMMY__ 0.3337447205334319 neg 0.31312920336759237	false	0.5
drosselung	neg 1.0		off 0.3658119099059715 __DUMMY__ 0.3309281836797715 neg 0.30325990641425715	false	0.5
falsch	neg 1.0		off 0.362741862321998 __DUMMY__ 0.330976257145033 neg 0.30628188053296895	false	0.5
unzufriedenheit	neg 1.0		off 0.35232093798261827 __DUMMY__ 0.33518625498130444 neg 0.31249280703607724	false	0.5
kurz	neg 1.0		off 0.3583234393529733 __DUMMY__ 0.33510964628460144 neg 0.30656691436242534	false	0.5
unsinnig	neg 1.0		off 0.3563134290092706 __DUMMY__ 0.3324306471613236 neg 0.3112559238294059	false	0.5
penner	off 1.0	off 1.0	off 0.6757578694058185 neg 0.1659742828049675 __DUMMY__ 0.158267847789214	false	1.0
seicht	neg 1.0		off 0.3732678436138334 __DUMMY__ 0.325734792595055 neg 0.30099736379111147	false	0.5
dummheit	off 1.0	off 1.0	off 0.6697420529110752 neg 0.1701698724491142 __DUMMY__ 0.16008807463981056	false	1.0
unerfreulich	neg 1.0		off 0.3529880234277381 __DUMMY__ 0.3349041855357217 neg 0.3121077910365401	false	0.5
motherfucker	off 1.0	off 1.0	off 0.6728562166384249 neg 0.1671279145147485 __DUMMY__ 0.1600158688468267	false	1.0
pikiert	neg 1.0		off 0.3647542314042372 __DUMMY__ 0.33027816895711254 neg 0.3049675996386502	false	0.5
wrack	neg 1.0		off 0.3574886747152751 __DUMMY__ 0.33523556359670764 neg 0.3072757616880172	false	0.5
gangster	neg 1.0		off 0.36310877316753165 __DUMMY__ 0.3327238543387023 neg 0.30416737249376596	false	0.5
krank	neg 1.0		off 0.3662253675861766 __DUMMY__ 0.3312609927763723 neg 0.30251363963745104	false	0.5
reich	neg 1.0		off 0.3660861484380656 __DUMMY__ 0.332928462344223 neg 0.30098538921771145	false	0.5
gnadenlos	neg 1.0		off 0.35985311025039046 __DUMMY__ 0.3324922524986058 neg 0.3076546372510037	false	0.5
niedergeschlagen	neg 1.0		off 0.35794183420355197 __DUMMY__ 0.33444195409319194 neg 0.3076162117032561	false	0.5
terrorisieren	off 1.0	off 1.0	off 0.6661054045660526 neg 0.17164702150498845 __DUMMY__ 0.16224757392895894	false	1.0
sinnlosigkeit	neg 1.0		off 0.3562443257549244 __DUMMY__ 0.33348048908881545 neg 0.3102751851562602	false	0.5
behindern	neg 1.0		off 0.3585250642332991 __DUMMY__ 0.3340582172140913 neg 0.30741671855260966	false	0.5
undemokratisch	neg 1.0		off 0.35946844367783143 __DUMMY__ 0.33251703744907884 neg 0.3080145188730899	false	0.5
wirtschaftskrise	neg 1.0		off 0.3547891328792646 __DUMMY__ 0.3338047063681687 neg 0.3114061607525666	false	0.5
neid	neg 1.0		off 0.36374252211079716 __DUMMY__ 0.3323583315242945 neg 0.3038991463649084	false	0.5
rutschen	neg 1.0		off 0.35202722719689755 __DUMMY__ 0.33893621225937787 neg 0.3090365605437245	false	0.5
rezession	neg 1.0		off 0.36594749206400307 __DUMMY__ 0.32698839697434745 neg 0.3070641109616495	false	0.5
fehlgeburt	neg 1.0		off 0.361714565096837 __DUMMY__ 0.33356173161567365 neg 0.3047237032874894	false	0.5
charakterschwach	off 1.0		off 0.3649339800812522 __DUMMY__ 0.32960371954088413 neg 0.3054623003778637	false	1.0
isolation	neg 1.0		off 0.36304520316048416 __DUMMY__ 0.3320903354868715 neg 0.3048644613526444	false	0.5
ablenkung	neg 1.0		off 0.35936329260181077 __DUMMY__ 0.33371787202502007 neg 0.30691883537316905	false	0.5
pech	neg 1.0		off 0.36228072169311626 __DUMMY__ 0.3309925596801713 neg 0.30672671862671247	false	0.5
vermeidung	neg 1.0		off 0.36653622983482204 __DUMMY__ 0.33156678079109125 neg 0.30189698937408677	false	0.5
dominieren	neg 1.0		off 0.35530158762906827 __DUMMY__ 0.33526552822154765 neg 0.30943288414938414	false	0.5
schwindlig	neg 1.0		off 0.36211635309928036 __DUMMY__ 0.333241562667736 neg 0.30464208423298367	false	0.5
lutscher	neg 1.0		off 0.3741908293362074 __DUMMY__ 0.3260557496444669 neg 0.2997534210193257	false	0.5
pflicht	neg 1.0		off 0.3520622710723298 __DUMMY__ 0.3344046461389708 neg 0.31353308278869935	false	0.5
faschist	off 1.0		off 0.3624436074152698 __DUMMY__ 0.3319554975126973 neg 0.3056008950720328	false	1.0
verschleudern	neg 1.0		off 0.3529879302044342 __DUMMY__ 0.3337836034916257 neg 0.31322846630394013	false	0.5
wenn			off 0.36344465821063343 __DUMMY__ 0.3315440021491331 neg 0.30501133964023347	false	0.0
ehebruch	neg 1.0		off 0.35565527800962715 __DUMMY__ 0.33460014388818127 neg 0.3097445781021917	false	0.5
spott	off 1.0		off 0.3544425954534858 __DUMMY__ 0.3340226037543771 neg 0.3115348007921371	false	1.0
trostlosigkeit	neg 1.0		off 0.35333399155067435 __DUMMY__ 0.3366295112099794 neg 0.31003649723934634	false	0.5
lutschen	neg 1.0		off 0.36274852718728673 __DUMMY__ 0.3315116299436799 neg 0.30573984286903344	false	0.5
undiszipliniert	neg 1.0		off 0.3670721419028463 __DUMMY__ 0.32969855293348455 neg 0.30322930516366914	false	0.5
kopfschmerz	neg 1.0		off 0.3565195714619726 __DUMMY__ 0.3336323064150681 neg 0.3098481221229594	false	0.5
unvorhergesehen	neg 1.0		off 0.35541567857811424 __DUMMY__ 0.33684680946479945 neg 0.3077375119570863	false	0.5
desinteressiert	neg 1.0		off 0.36656902515677764 __DUMMY__ 0.3299243653387844 neg 0.3035066095044381	false	0.5
armselig	off 1.0		off 0.3669241990159161 __DUMMY__ 0.3284618986175498 neg 0.30461390236653424	false	1.0
desaster	neg 1.0		off 0.3508427185325741 __DUMMY__ 0.3358246470824448 neg 0.3133326343849811	false	0.5
tod	neg 1.0		off 0.35856576174329957 __DUMMY__ 0.33743284674992013 neg 0.3040013915067803	false	0.5
herzlos	neg 1.0		off 0.3677396885201934 __DUMMY__ 0.32948299081113597 neg 0.3027773206686707	false	0.5
unwissenheit	neg 1.0		off 0.3558467288651265 __DUMMY__ 0.3335328781015505 neg 0.31062039303332284	false	0.5
widersinnig	neg 1.0		off 0.3544249176097347 __DUMMY__ 0.3317910845535648 neg 0.31378399783670047	false	0.5
bedenklich	neg 1.0		off 0.35449194589802474 __DUMMY__ 0.33343668656271136 neg 0.31207136753926384	false	0.5
beanstanden	neg 1.0		off 0.3519254367321953 __DUMMY__ 0.33480571746216187 neg 0.31326884580564285	false	0.5
panisch	neg 1.0	neg 1.0	neg 0.6375658418991387 off 0.2005917940890108 __DUMMY__ 0.1618423640118506	false	1.0
debil	off 1.0		off 0.34851441296080116 __DUMMY__ 0.3393470910208855 neg 0.3121384960183133	false	1.0
abstrich	neg 1.0		off 0.36150995633047284 __DUMMY__ 0.3376570615636931 neg 0.30083298210583415	false	0.5
primitiv	neg 1.0		off 0.3652861448419738 __DUMMY__ 0.32936091812184315 neg 0.3053529370361831	false	0.5
abschaum	off 1.0	off 1.0	off 0.6713475860571798 neg 0.1687609007057716 __DUMMY__ 0.1598915132370485	false	1.0
provozieren	neg 1.0		off 0.3588715279099694 __DUMMY__ 0.3316304672120506 neg 0.3094980048779799	false	0.5
tot	neg 1.0		off 0.35615310513336496 __DUMMY__ 0.334175822810069 neg 0.309671072056566	false	0.5
instabil	neg 1.0		off 0.3668903948095793 __DUMMY__ 0.3292999543284746 neg 0.3038096508619461	false	0.5
schwuchtel	off 1.0	off 1.0	off 0.6786547449680115 neg 0.16491041402489395 __DUMMY__ 0.15643484100709457	false	1.0
zerren	neg 1.0		off 0.3572077734139264 __DUMMY__ 0.3344752750579218 neg 0.3083169515281518	false	0.5
kinderficker	off 1.0		off 0.3707763085102313 __DUMMY__ 0.328727345709338 neg 0.3004963457804307	false	1.0
gefahr	neg 1.0		off 0.3528233674038799 __DUMMY__ 0.33604384943288207 neg 0.3111327831632379	false	0.5
rabiat	neg 1.0		off 0.35921593733805723 __DUMMY__ 0.3333932763046091 neg 0.3073907863573336	false	0.5
verlangsamung	neg 1.0		off 0.37120401076399073 __DUMMY__ 0.326599406312815 neg 0.3021965829231943	false	0.5
ausgestorben	neg 1.0		off 0.3592229457619063 __DUMMY__ 0.33394032037048105 neg 0.30683673386761284	false	0.5
anklagen	neg 1.0		off 0.3557213426420302 __DUMMY__ 0.3342891790546964 neg 0.30998947830327334	false	0.5
trott	neg 1.0		off 0.35881736445240553 __DUMMY__ 0.3338715237956781 neg 0.3073111117519164	false	0.5
verminderung	neg 1.0		off 0.366275736895877 __DUMMY__ 0.3306886605316891 neg 0.3030356025724339	false	0.5
nach			off 0.3503082664698798 __DUMMY__ 0.3389078392728294 neg 0.31078389425729086	false	0.0
rost	neg 1.0		off 0.37095656977656427 __DUMMY__ 0.32826757542420915 neg 0.3007758547992265	false	0.5
destruktiv	neg 1.0		off 0.35775211518961136 __DUMMY__ 0.332283547938771 neg 0.3099643368716175	false	0.5
unzumutbarkeit	neg 1.0		off 0.3654615411998402 __DUMMY__ 0.33185007064338956 neg 0.30268838815677035	false	0.5
labil	off 1.0	off 1.0	off 0.6710871439196922 neg 0.16861497617650803 __DUMMY__ 0.16029787990379987	false	1.0
ziemlich	neg 1.0		off 0.36567076060014225 __DUMMY__ 0.3314572360791707 neg 0.3028720033206869	false	0.5
lachnummer	off 1.0		off 0.3585556679031963 __DUMMY__ 0.33217481893169254 neg 0.30926951316511103	false	1.0
oder			off 0.3602696916868139 __DUMMY__ 0.33350674680477654 neg 0.30622356150840974	false	0.0
verfall	neg 1.0		off 0.3486995546687476 __DUMMY__ 0.33697008466307843 neg 0.3143303606681741	false	0.5
ausgrenzung	neg 1.0		off 0.36040035235599943 __DUMMY__ 0.33260352281412175 neg 0.30699612482987887	false	0.5
unordnung	neg 1.0		off 0.369311717643739 __DUMMY__ 0.3322744908973199 neg 0.29841379145894115	false	0.5
fehlverhalten	neg 1.0		off 0.35242948214979464 __DUMMY__ 0.3337976680588816 neg 0.31377284979132375	false	0.5
eine			off 0.3534810181328083 __DUMMY__ 0.3359985894900137 neg 0.310520392377178	false	0.0
nille	neg 1.0		off 0.3591885327818759 __DUMMY__ 0.3344246058500647 neg 0.30638686136805937	false	0.5
qual	neg 1.0		off 0.3585002188944243 __DUMMY__ 0.3341355627781902 neg 0.30736421832738553	false	0.5
verschwenden	neg 1.0		off 0.35374490359722965 __DUMMY__ 0.33353687310985164 neg 0.3127182232929187	false	0.5
riesig	neg 1.0		off 0.3564124219644092 __DUMMY__ 0.3358210183252574 neg 0.3077665597103334	false	0.5
verurteilen	neg 1.0		off 0.3552780707909158 __DUMMY__ 0.3330124479443607 neg 0.31170948126472353	false	0.5
klischee	neg 1.0	neg 1.0	neg 0.6398105658322585 off 0.20017736588827661 __DUMMY__ 0.16001206827946493	false	1.0
diktatorisch	neg 1.0		off 0.3593465674174164 __DUMMY__ 0.33208389322799786 neg 0.3085695393545858	false	0.5
vorhersehbar	neg 1.0		off 0.3610355383752488 __DUMMY__ 0.33045395832208346 neg 0.3085105033026678	false	0.5
sowie			off 0.36997503887556515 __DUMMY__ 0.3286820946955218 neg 0.3013428664289131	false	0.0
stornieren	neg 1.0		off 0.3633334066682266 __DUMMY__ 0.33538565823071637 neg 0.301280935101057	false	0.5
besteuerung	neg 1.0		off 0.35798717295908866 __DUMMY__ 0.33109900609186976 neg 0.3109138209490416	false	0.5
ungeschminkt	neg 1.0		off 0.3646373797929491 __DUMMY__ 0.32893018940057 neg 0.3064324308064809	false	0.5
kritisch	neg 1.0		off 0.35442481877656073 __DUMMY__ 0.33381159212803363 neg 0.31176358909540547	false	0.5
schlamperei	off 1.0		off 0.353794996951681 __DUMMY__ 0.335199482910072 neg 0.3110055201382471	false	1.0
sucht	neg 1.0	neg 1.0	neg 0.6355777724551466 off 0.20074134659750445 __DUMMY__ 0.16368088094734898	false	1.0
egoistisch	off 1.0		off 0.36989044321035386 __DUMMY__ 0.3273813154444131 neg 0.3027282413452331	false	1.0
ausbeuter	off 1.0		off 0.3520760392235072 __DUMMY__ 0.33336989361490815 neg 0.31455406716158457	false	1.0
arschgeburt	off 1.0		off 0.377085719517124 __DUMMY__ 0.3236001060359874 neg 0.2993141744468887	false	1.0
schubs	neg 1.0		off 0.35682103546944377 __DUMMY__ 0.333858317419615 neg 0.30932064711094126	false	0.5
unsolide	neg 1.0		off 0.3594332036514955 __DUMMY__ 0.3310583289585128 neg 0.30950846738999166	false	0.5
beschwerde	neg 1.0		off 0.35377745502686325 __DUMMY__ 0.33389369821655424 neg 0.31232884675658235	false	0.5
stocken	neg 1.0		off 0.3543406859656089 __DUMMY__ 0.3352254990001414 neg 0.31043381503424977	false	0.5
isolieren	neg 1.0		off 0.35557188635886344 __DUMMY__ 0.3342429179268104 neg 0.31018519571432607	false	0.5
unheilbar	neg 1.0		off 0.3599969187322241 __DUMMY__ 0.3339363283333053 neg 0.3060667529344708	false	0.5
pisser	off 1.0		off 0.3671056981705159 __DUMMY__ 0.32933461361014926 neg 0.30355968821933493	false	1.0
löschen	neg 1.0		off 0.359391978676715 __DUMMY__ 0.3340044359647314 neg 0.3066035853585535	false	0.5
durchfallen	neg 1.0		off 0.3542698833746993 __DUMMY__ 0.33255536466793767 neg 0.313174751957363	false	0.5
wichser	off 1.0	off 1.0	off 0.6775101127757943 neg 0.16494450460402463 __DUMMY__ 0.157545382620181	false	1.0
terror	neg 1.0		off 0.36273962137192034 __DUMMY__ 0.3328051906946252 neg 0.30445518793345433	false	0.5
krass	neg 1.0		off 0.36830372220868507 __DUMMY__ 0.3289518099307608 neg 0.30274446786055415	false	0.5
revolte	neg 1.0		off 0.3612043170830494 __DUMMY__ 0.3327556644983822 neg 0.3060400184185685	false	0.5
besorgt	neg 1.0		off 0.3591178543873123 __DUMMY__ 0.33641607562950315 neg 0.30446606998318465	false	0.5
nachlassen	neg 1.0		off 0.3555156954125936 __DUMMY__ 0.3365783168176618 neg 0.30790598776974465	false	0.5
alt	neg 1.0		off 0.35642798783981694 __DUMMY__ 0.3342627726711344 neg 0.30930923948904865	false	0.5
hundesohn	off 1.0		off 0.3744755839105076 __DUMMY__ 0.326314112752719 neg 0.2992103033367733	false	1.0
als			off 0.35642131859354037 __DUMMY__ 0.33378674923291785 neg 0.30979193217354173	false	0.0
abschreckung	neg 1.0		off 0.3521828203000039 __DUMMY__ 0.33537197994482765 neg 0.3124451997551685	false	0.5
unqualifiziert	neg 1.0		off 0.3617559828774567 __DUMMY__ 0.3299477903186065 neg 0.3082962268039368	false	0.5
abgewichst	off 1.0		off 0.35846625286964195 __DUMMY__ 0.33465765134851044 neg 0.30687609578184744	false	1.0
schwer	neg 1.0		off 0.35777414127586504 __DUMMY__ 0.33281991769348374 neg 0.3094059410306513	false	0.5
bedeutungslosigkeit	neg 1.0		off 0.35289500273531427 __DUMMY__ 0.3345842975787589 neg 0.3125206996859269	false	0.5
kapitulation	neg 1.0		off 0.35492855921370586 __DUMMY__ 0.33484737406391063 neg 0.31022406672238345	false	0.5
unscharf	neg 1.0		off 0.3608434661252573 __DUMMY__ 0.3311780503354936 neg 0.30797848353924917	false	0.5
schwinden	neg 1.0		off 0.3536729093559818 __DUMMY__ 0.3358271238892512 neg 0.31049996675476704	false	0.5
versklavung	neg 1.0		off 0.3603024107682862 __DUMMY__ 0.3337357249692287 neg 0.30596186426248495	false	0.5
schlecht	neg 1.0		off 0.3658404811255797 __DUMMY__ 0.3314261135821119 neg 0.30273340529230847	false	0.5
verhasst	neg 1.0		off 0.35899734463568284 __DUMMY__ 0.3308697191043703 neg 0.3101329362599469	false	0.5
beschweren	neg 1.0		off 0.3608697236491909 __DUMMY__ 0.3322638496039039 neg 0.3068664267469051	false	0.5
scheiden	neg 1.0		off 0.35982239088230494 __DUMMY__ 0.3344539619805485 neg 0.3057236471371465	false	0.5
frustriert	neg 1.0		off 0.35678326330369314 __DUMMY__ 0.3330651019802743 neg 0.31015163471603246	false	0.5
schimmelig	neg 1.0		off 0.3549250685646879 __DUMMY__ 0.3328468027280519 neg 0.31222812870726024	false	0.5
fisch	neg 1.0		off 0.3521554129346346 __DUMMY__ 0.33428908529567963 neg 0.31355550176968583	false	0.5
schmuggel	neg 1.0		off 0.3541964832329649 __DUMMY__ 0.33530783301687084 neg 0.3104956837501644	false	0.5
auffallen	neg 1.0		off 0.3617623374564506 __DUMMY__ 0.3320116917744435 neg 0.30622597076910607	false	0.5
konkurrenz	neg 1.0		off 0.35175559687193353 __DUMMY__ 0.3354925164873434 neg 0.3127518866407232	false	0.5
teufelskreis	neg 1.0		off 0.35784906627747554 __DUMMY__ 0.3326532842992771 neg 0.30949764942324753	false	0.5
aufschreien	neg 1.0		off 0.36132773669383683 __DUMMY__ 0.33130390411351507 neg 0.30736835919264804	false	0.5
schuldner	neg 1.0		off 0.3518763367954194 __DUMMY__ 0.3341569441481868 neg 0.31396671905639384	false	0.5
missgeburt	off 1.0	off 1.0	off 0.6749488505722877 neg 0.16695398903334965 __DUMMY__ 0.1580971603943627	false	1.0
arbeitslos	neg 1.0		off 0.3545659165553894 __DUMMY__ 0.33238268684509364 neg 0.313051396599517	false	0.5
befallen	neg 1.0		off 0.35864315206868236 __DUMMY__ 0.3352071423300234 neg 0.3061497056012941	false	0.5
miesepetrig	off 1.0	off 1.0	off 0.6716719254617705 neg 0.16819231369737617 __DUMMY__ 0.16013576084085343	false	1.0
alarmieren	neg 1.0		off 0.36313846493802904 __DUMMY__ 0.33101660924909326 neg 0.30584492581287775	false	0.5
ungeduscht	off 1.0		off 0.3629458879974554 __DUMMY__ 0.3306529143359947 neg 0.30640119766654994	false	1.0
knappheit	neg 1.0		off 0.3540875558434294 __DUMMY__ 0.3325776937315431 neg 0.31333475042502756	false	0.5
schlange	neg 1.0		off 0.3622597702213382 __DUMMY__ 0.3346618193158758 neg 0.3030784104627861	false	0.5
harsch	neg 1.0		off 0.37121705271487415 __DUMMY__ 0.33096115816047544 neg 0.2978217891246502	false	0.5
lang	neg 1.0		off 0.3604285826267093 __DUMMY__ 0.3338312930020643 neg 0.30574012437122644	false	0.5
ziellos	neg 1.0		off 0.35606669938349217 __DUMMY__ 0.3352856895545304 neg 0.3086476110619775	false	0.5
selbstverliebt	neg 1.0		off 0.37502405471751654 __DUMMY__ 0.3248112777282055 neg 0.30016466755427795	false	0.5
beseitigen	neg 1.0		off 0.3580425709145277 __DUMMY__ 0.3346776555365804 neg 0.3072797735488919	false	0.5
dumm	off 1.0		off 0.3711047335689481 __DUMMY__ 0.3276736719896316 neg 0.3012215944414202	false	1.0
arbeitsloser	neg 1.0		off 0.35558040682836967 __DUMMY__ 0.33371522496778105 neg 0.31070436820384917	false	0.5
blitzen	neg 1.0		off 0.36287284304698136 __DUMMY__ 0.33269097510588047 neg 0.30443618184713817	false	0.5
hilflos	neg 1.0		off 0.35652275135873873 __DUMMY__ 0.3334282822710308 neg 0.31004896637023044	false	0.5
eklig	off 1.0		off 0.3711554840723005 __DUMMY__ 0.3266018241309781 neg 0.3022426917967215	false	1.0
begriff			off 0.3577286455063123 __DUMMY__ 0.33304484858119204 neg 0.30922650591249573	false	0.0
hungersnot	neg 1.0		off 0.35716429349683004 __DUMMY__ 0.335282826707997 neg 0.30755287979517293	false	0.5
ungesetzlich	neg 1.0		off 0.35767967031394066 __DUMMY__ 0.3306815161599566 neg 0.3116388135261028	false	0.5
verschwendung	neg 1.0		off 0.35404994278080276 __DUMMY__ 0.33467466451996664 neg 0.3112753926992307	false	0.5
schmerzvoll	neg 1.0		off 0.3609919337859225 __DUMMY__ 0.3328065506246143 neg 0.3062015155894631	false	0.5
vorzeitig	neg 1.0		off 0.36270436623956753 __DUMMY__ 0.33299801189522954 neg 0.3042976218652031	false	0.5
unvollkommenheit	neg 1.0		off 0.3577150699860234 __DUMMY__ 0.3365114949681146 neg 0.30577343504586196	false	0.5
intervenieren	neg 1.0		off 0.3530438975799529 __DUMMY__ 0.3338442750729384 neg 0.31311182734710863	false	0.5
banause	off 1.0		off 0.3731108952668741 __DUMMY__ 0.32476456475604837 neg 0.30212453997707767	false	1.0
rebell	neg 1.0		off 0.35024198162615783 __DUMMY__ 0.3360156632129352 neg 0.3137423551609069	false	0.5
unlogisch	neg 1.0		off 0.36665207182731296 __DUMMY__ 0.32851301878953 neg 0.30483490938315716	false	0.5
leiden	neg 1.0		off 0.35382839543925676 __DUMMY__ 0.3360382595974799 neg 0.3101333449632634	false	0.5
abschaffung	neg 1.0		off 0.358689458599202 __DUMMY__ 0.3326341532617728 neg 0.30867638813902526	false	0.5
sturz	neg 1.0		off 0.3600141522442029 __DUMMY__ 0.3345224127546259 neg 0.3054634350011712	false	0.5
verkleinerung	neg 1.0		off 0.3600219380448423 __DUMMY__ 0.32978235456411414 neg 0.31019570739104363	false	0.5
schmarotzer	off 1.0		off 0.3549169832833725 __DUMMY__ 0.33154406444069007 neg 0.3135389522759373	false	1.0
bestrafung	neg 1.0		off 0.36043689827545977 __DUMMY__ 0.3332970014245846 neg 0.30626610029995566	false	0.5
achtlos	neg 1.0	neg 1.0	neg 0.640022167749883 off 0.19818221785231185 __DUMMY__ 0.16179561439780527	false	1.0
ungeheuer	neg 1.0		off 0.362277208923025 __DUMMY__ 0.3331320291824569 neg 0.304590761894518	false	0.5
unaufrichtig	neg 1.0		off 0.3631633585854787 __DUMMY__ 0.3333022394482197 neg 0.3035344019663016	false	0.5
groggy	neg 1.0		off 0.3627598800521454 __DUMMY__ 0.3327834629311435 neg 0.30445665701671115	false	0.5
verletzlich	neg 1.0		off 0.36487419823400435 __DUMMY__ 0.3296320838816233 neg 0.3054937178843724	false	0.5
ablehnen	neg 1.0		off 0.35508577683295783 __DUMMY__ 0.33351099616281754 neg 0.31140322700422457	false	0.5
