unsolidarisch	neg 1.0		off 0.5307131950783307 neg 0.4620995308950419 __DUMMY__ 0.007187274026627198	false	0.5
nachteilig	neg 1.0		off 0.5289532695642363 neg 0.46379259791928795 __DUMMY__ 0.007254132516475748	false	0.5
skeptisch	neg 1.0		off 0.5284124781946486 neg 0.46432785339723237 __DUMMY__ 0.00725966840811905	false	0.5
schrecklich	neg 1.0		off 0.5421133608297105 neg 0.45074223611935615 __DUMMY__ 0.0071444030509334655	false	0.5
schlapp	neg 1.0		off 0.5390361729540868 neg 0.45377868431725854 __DUMMY__ 0.007185142728654578	false	0.5
abfall	neg 1.0		off 0.527169798204935 neg 0.4655121239945951 __DUMMY__ 0.0073180778004698945	false	0.5
widerspenstig	neg 1.0		off 0.5344527028240237 neg 0.4583144018939323 __DUMMY__ 0.007232895282044057	false	0.5
abrupt	neg 1.0		off 0.532191978885049 neg 0.46051142856868854 __DUMMY__ 0.007296592546262427	false	0.5
unwirksam	neg 1.0		off 0.5298193816936702 neg 0.46301037426079233 __DUMMY__ 0.00717024404553746	false	0.5
angreifen	neg 1.0		off 0.5286240983262444 neg 0.4641122521847481 __DUMMY__ 0.007263649489007555	false	0.5
inkonsistent	neg 1.0		off 0.5342968090096566 neg 0.45849210068269136 __DUMMY__ 0.007211090307652005	false	0.5
abrutschen	neg 1.0		off 0.5257654435448526 neg 0.46694840198806015 __DUMMY__ 0.00728615446708743	false	0.5
unsicher	neg 1.0		off 0.5342924563506093 neg 0.45846588360824375 __DUMMY__ 0.007241660041147039	false	0.5
bauernkind	off 1.0	off 1.0	off 0.7551548349608413 neg 0.2414861193572242 __DUMMY__ 0.0033590456819343924	false	1.0
angreifer	neg 1.0	neg 1.0	neg 0.7115396223133471 off 0.2849962067872169 __DUMMY__ 0.00346417089943604	false	1.0
trennen	neg 1.0		off 0.5308063405056443 neg 0.4618904510941207 __DUMMY__ 0.0073032084002351135	false	0.5
schmutz	neg 1.0		off 0.5402244116358006 neg 0.4524846245233173 __DUMMY__ 0.007290963840882064	false	0.5
inkonsistenz	neg 1.0		off 0.5344463404612617 neg 0.4584367152251824 __DUMMY__ 0.007116944313555936	false	0.5
erschreckend	neg 1.0		off 0.5318415038385075 neg 0.4609399329255495 __DUMMY__ 0.007218563235943026	false	0.5
ertrinken	neg 1.0		off 0.5308572121264276 neg 0.4618566931850704 __DUMMY__ 0.00728609468850196	false	0.5
pickelface	off 1.0		off 0.5338443076374089 neg 0.4589037847652435 __DUMMY__ 0.007251907597347616	false	1.0
seiner			off 0.5295070588913754 neg 0.46322392458031414 __DUMMY__ 0.00726901652831046	false	0.0
lauch	neg 1.0		off 0.528389920112848 neg 0.4642963494297308 __DUMMY__ 0.0073137304574210525	false	0.5
unwichtig	neg 1.0		off 0.5368323549503614 neg 0.456003928870897 __DUMMY__ 0.0071637161787416175	false	0.5
steuerhinterziehung	neg 1.0	neg 1.0	neg 0.7154373110025474 off 0.2811075466025231 __DUMMY__ 0.0034551423949296337	false	1.0
schock	neg 1.0		off 0.5340797890916386 neg 0.45866563374709945 __DUMMY__ 0.007254577161262017	false	0.5
beule	neg 1.0		off 0.539785416602076 neg 0.4530419934935691 __DUMMY__ 0.007172589904355053	false	0.5
vergelten	neg 1.0		off 0.5429884103721739 neg 0.4498253045345155 __DUMMY__ 0.007186285093310569	false	0.5
verdorbenheit	neg 1.0		off 0.5368351202722328 neg 0.4559025880215861 __DUMMY__ 0.0072622917061809355	false	0.5
trauma	neg 1.0		off 0.5352025221651441 neg 0.4575666073556708 __DUMMY__ 0.007230870479185255	false	0.5
sinnlos	neg 1.0		off 0.5360867202993922 neg 0.45669813368803175 __DUMMY__ 0.007215146012576096	false	0.5
fettsack	off 1.0	off 1.0	off 0.7567782484315909 neg 0.2398494863299878 __DUMMY__ 0.0033722652384212876	false	1.0
feige	off 1.0	off 1.0	off 0.7544602414255797 neg 0.2421311706755802 __DUMMY__ 0.0034085878988400374	false	1.0
abdanken	neg 1.0		off 0.533239631283114 neg 0.4595214014687951 __DUMMY__ 0.00723896724809088	false	0.5
wichtigtuer	off 1.0	off 1.0	off 0.7535100827820043 neg 0.24306489541023446 __DUMMY__ 0.0034250218077612176	false	1.0
misslingen	neg 1.0		off 0.5379428096275912 neg 0.4547726020772461 __DUMMY__ 0.007284588295162608	false	0.5
untreu	off 1.0		off 0.5383561001434691 neg 0.45446897634880157 __DUMMY__ 0.007174923507729243	false	1.0
missmutig	neg 1.0		off 0.5389055930814958 neg 0.4538953135470618 __DUMMY__ 0.007199093371442534	false	0.5
hurenbock	off 1.0		off 0.5382373849524068 neg 0.4545113445102963 __DUMMY__ 0.007251270537296939	false	1.0
betrunken	neg 1.0		off 0.5408183853622266 neg 0.45200754708091107 __DUMMY__ 0.007174067556862295	false	0.5
korrupt	off 1.0		off 0.5285332802548397 neg 0.46426215121319425 __DUMMY__ 0.007204568531966075	false	1.0
unmut	neg 1.0		off 0.5264460125275414 neg 0.46625845206761807 __DUMMY__ 0.007295535404840507	false	0.5
hackfresse	off 1.0		off 0.5443334007166735 neg 0.44857122001438043 __DUMMY__ 0.007095379268946216	false	1.0
aufblasen	neg 1.0		off 0.5366957776145034 neg 0.45607236427834197 __DUMMY__ 0.0072318581071548335	false	0.5
gewaltsam	neg 1.0		off 0.533602796947728 neg 0.45913696687519334 __DUMMY__ 0.007260236177078532	false	0.5
unbeliebtheit	neg 1.0		off 0.5345890680286792 neg 0.45826300802553904 __DUMMY__ 0.007147923945781659	false	0.5
sturheit	neg 1.0		off 0.5316457635853 neg 0.4611252900483363 __DUMMY__ 0.007228946366363554	false	0.5
kuh	neg 1.0		off 0.5321249198465278 neg 0.4607343325777197 __DUMMY__ 0.007140747575752657	false	0.5
erschrecken	neg 1.0		off 0.5393021143475191 neg 0.45348433817456707 __DUMMY__ 0.007213547477913755	false	0.5
opfer	neg 1.0		off 0.5306644800458812 neg 0.46207331573144134 __DUMMY__ 0.007262204222677482	false	0.5
sinken	neg 1.0		off 0.52782218948926 neg 0.4648769328684699 __DUMMY__ 0.007300877642270006	false	0.5
stinktier	neg 1.0		off 0.5383361199125438 neg 0.45459932738856146 __DUMMY__ 0.007064552698894761	false	0.5
tucke	off 1.0		off 0.5452729017411694 neg 0.44764705446104514 __DUMMY__ 0.007080043797785563	false	1.0
ein			off 0.5349113069749308 neg 0.4578678077575123 __DUMMY__ 0.007220885267556787	false	0.0
abstieg	neg 1.0		off 0.5295657667394995 neg 0.46316574131670574 __DUMMY__ 0.0072684919437948	false	0.5
missverstehen	neg 1.0		off 0.5343081047099956 neg 0.45852335770702773 __DUMMY__ 0.007168537582976833	false	0.5
ergebnislos	neg 1.0		off 0.529266146816559 neg 0.4634619435702833 __DUMMY__ 0.007271909613157577	false	0.5
unter			off 0.5242569181793735 neg 0.468373593678748 __DUMMY__ 0.007369488141878538	false	0.0
manipulieren	neg 1.0		off 0.529293124408087 neg 0.46342512798044244 __DUMMY__ 0.00728174761147053	false	0.5
unbewiesen	neg 1.0		off 0.5300009021110988 neg 0.462822810773576 __DUMMY__ 0.007176287115325	false	0.5
verschleppen	neg 1.0		off 0.5299875272567127 neg 0.46276836102317737 __DUMMY__ 0.007244111720109973	false	0.5
weib	off 1.0		off 0.5427075993089416 neg 0.4502406474631994 __DUMMY__ 0.0070517532278589305	false	1.0
opposition	neg 1.0		off 0.5339152027245299 neg 0.45889037077437017 __DUMMY__ 0.007194426501099879	false	0.5
verkehrswidrig	neg 1.0		off 0.5452958931522945 neg 0.4475080360886355 __DUMMY__ 0.007196070759069893	false	0.5
inkorrekt	neg 1.0		off 0.5394023151533214 neg 0.4534783447879011 __DUMMY__ 0.007119340058777574	false	0.5
vermeiden	neg 1.0		off 0.5255176492647962 neg 0.46716681515677605 __DUMMY__ 0.007315535578427675	false	0.5
abweichung	neg 1.0		off 0.5292199067579195 neg 0.4635387907943585 __DUMMY__ 0.007241302447721896	false	0.5
alkoholisiert	neg 1.0		off 0.5304628769870292 neg 0.46226118059153 __DUMMY__ 0.007275942421440793	false	0.5
scheiss	off 1.0	off 1.0	off 0.7555658433798641 neg 0.2410168355728334 __DUMMY__ 0.003417321047302496	false	1.0
herausforderung	neg 1.0		off 0.5295656311126021 neg 0.4631579009975376 __DUMMY__ 0.007276467889860255	false	0.5
pervers	off 1.0		off 0.5470083678983939 neg 0.4459334329234268 __DUMMY__ 0.007058199178179136	false	1.0
wackelig	neg 1.0		off 0.5344187795347263 neg 0.4582960752721459 __DUMMY__ 0.007285145193127857	false	0.5
verwickeln	neg 1.0		off 0.5338969287701398 neg 0.4589283662971693 __DUMMY__ 0.007174704932690899	false	0.5
vorwand	neg 1.0		off 0.5281712922608278 neg 0.46456158586212715 __DUMMY__ 0.007267121877045061	false	0.5
muschi	off 1.0		off 0.5337217906993896 neg 0.4590307485043826 __DUMMY__ 0.00724746079622776	false	1.0
entmutigung	neg 1.0		off 0.5341325676859114 neg 0.45865817094915634 __DUMMY__ 0.00720926136493218	false	0.5
unangemessen	neg 1.0		off 0.5296506143698192 neg 0.4631459919854934 __DUMMY__ 0.00720339364468745	false	0.5
unstetig	neg 1.0		off 0.5361980005499818 neg 0.45659885367028347 __DUMMY__ 0.007203145779734754	false	0.5
entmutigen	neg 1.0		off 0.5346980988677598 neg 0.4580797032115696 __DUMMY__ 0.007222197920670805	false	0.5
schwanz	neg 1.0		off 0.5315667417110658 neg 0.46116460084068955 __DUMMY__ 0.00726865744824475	false	0.5
verbot	neg 1.0		off 0.5301663190995625 neg 0.46259391526175203 __DUMMY__ 0.0072397656386853455	false	0.5
leid	neg 1.0		off 0.5423265013998972 neg 0.4505642912674716 __DUMMY__ 0.007109207332631282	false	0.5
archaisch	neg 1.0		off 0.5321554436685092 neg 0.4606093153703873 __DUMMY__ 0.007235240961103492	false	0.5
gegen			off 0.5272422684915854 neg 0.46546501317219174 __DUMMY__ 0.007292718336222848	false	0.0
scheidung	neg 1.0		off 0.5550467462193631 neg 0.43786274916527734 __DUMMY__ 0.007090504615359561	false	0.5
einschlag	neg 1.0		off 0.541144519642773 neg 0.45169810482509226 __DUMMY__ 0.007157375532134882	false	0.5
m			off 0.532571464714979 neg 0.4601634399179392 __DUMMY__ 0.007265095367081821	false	0.0
abgestanden	neg 1.0		off 0.5338638240531184 neg 0.4589272925609554 __DUMMY__ 0.007208883385926296	false	0.5
schmierig	off 1.0		off 0.5433411809812635 neg 0.4495169101474078 __DUMMY__ 0.007141908871328714	false	1.0
unpraktisch	neg 1.0		off 0.5353438422686427 neg 0.4574398105664578 __DUMMY__ 0.007216347164899531	false	0.5
wixxer	off 1.0		off 0.5457928747385866 neg 0.44717271119296936 __DUMMY__ 0.007034414068443972	false	1.0
bezeichnet			off 0.5316720240284528 neg 0.46113247659569045 __DUMMY__ 0.007195499375856825	false	0.0
jammerlappen	off 1.0		off 0.5387350245071753 neg 0.45407214877697616 __DUMMY__ 0.007192826715848469	false	1.0
farce	neg 1.0		off 0.5306461047606313 neg 0.4621302005666245 __DUMMY__ 0.007223694672744046	false	0.5
zwecklos	neg 1.0		off 0.5306323609981316 neg 0.4621415908720258 __DUMMY__ 0.00722604812984261	false	0.5
turbulent	neg 1.0		off 0.5394045793013721 neg 0.45343199055279887 __DUMMY__ 0.007163430145829067	false	0.5
invasion	neg 1.0		off 0.5350810787239353 neg 0.45771511760286987 __DUMMY__ 0.007203803673194847	false	0.5
schuld	neg 1.0		off 0.5335605017289855 neg 0.45923852220198114 __DUMMY__ 0.007200976069033405	false	0.5
risiko	neg 1.0	neg 1.0	neg 0.7118720783889997 off 0.28466044101035365 __DUMMY__ 0.003467480600646661	false	1.0
finster	neg 1.0		off 0.5334162134127044 neg 0.4593958319992132 __DUMMY__ 0.007187954588082519	false	0.5
geisteskrank	off 1.0		off 0.5370429737808579 neg 0.4558329469254838 __DUMMY__ 0.007124079293658327	false	1.0
zusammenbrechen	neg 1.0		off 0.5319194877858489 neg 0.4608367915588571 __DUMMY__ 0.007243720655294043	false	0.5
ausbeute	neg 1.0		off 0.5357517072925254 neg 0.45690921998544665 __DUMMY__ 0.007339072722027971	false	0.5
hinterhalt	neg 1.0		off 0.5378779030504075 neg 0.45479250476611105 __DUMMY__ 0.0073295921834814455	false	0.5
kritik	neg 1.0		off 0.5302525820760171 neg 0.4625252858103786 __DUMMY__ 0.007222132113604196	false	0.5
einschrumpfen	neg 1.0		off 0.5363795922725835 neg 0.45644418935168896 __DUMMY__ 0.007176218375727597	false	0.5
riskant	neg 1.0		off 0.5283388642942994 neg 0.46441621567964764 __DUMMY__ 0.007244920026052916	false	0.5
frustrieren	neg 1.0		off 0.5295146414711909 neg 0.4632421775445535 __DUMMY__ 0.0072431809842557465	false	0.5
groll	neg 1.0		off 0.5300558383237233 neg 0.46271662233063016 __DUMMY__ 0.007227539345646486	false	0.5
gibt			off 0.5320190145989372 neg 0.46073643337276493 __DUMMY__ 0.007244552028297961	false	0.0
qualvoll	neg 1.0		off 0.5378138425846053 neg 0.45496776269846967 __DUMMY__ 0.0072183947169252045	false	0.5
wackeln	neg 1.0		off 0.5369573943403323 neg 0.45578401310706745 __DUMMY__ 0.0072585925526000555	false	0.5
klagen	neg 1.0		off 0.5264993994679055 neg 0.46622195167219144 __DUMMY__ 0.007278648859903171	false	0.5
bankrott	neg 1.0		off 0.5393832630735426 neg 0.45340106737780395 __DUMMY__ 0.007215669548653335	false	0.5
trauern	neg 1.0		off 0.5321955749942324 neg 0.46050915977237744 __DUMMY__ 0.007295265233390228	false	0.5
ablehnung	neg 1.0		off 0.5296968248873143 neg 0.4630827669611051 __DUMMY__ 0.007220408151580591	false	0.5
stur	neg 1.0		off 0.5334834067357662 neg 0.4593207670927619 __DUMMY__ 0.007195826171471744	false	0.5
aufruhr	neg 1.0		off 0.5328631001086107 neg 0.4598956846012512 __DUMMY__ 0.007241215290138238	false	0.5
melancholie	neg 1.0		off 0.5316443705026556 neg 0.461091661053754 __DUMMY__ 0.0072639684435904395	false	0.5
ist			off 0.535554067848256 neg 0.4572334679948593 __DUMMY__ 0.007212464156884622	false	0.0
torheit	neg 1.0		off 0.5340390157459075 neg 0.45873461311523983 __DUMMY__ 0.00722637113885259	false	0.5
dreckskind	off 1.0		off 0.5419297135107742 neg 0.45099038063967517 __DUMMY__ 0.007079905849550672	false	1.0
umtauschen	neg 1.0		off 0.5336715920556945 neg 0.45909672181174194 __DUMMY__ 0.007231686132563708	false	0.5
zum			off 0.5287320174559589 neg 0.46390334801416616 __DUMMY__ 0.00736463452987505	false	0.0
zersetzen	neg 1.0		off 0.5277755681717626 neg 0.46497067141673193 __DUMMY__ 0.007253760411505499	false	0.5
zur			off 0.5261817247782573 neg 0.46647751435200335 __DUMMY__ 0.007340760869739404	false	0.0
frust	neg 1.0		off 0.5321671147309087 neg 0.46058441384890786 __DUMMY__ 0.0072484714201835	false	0.5
unerbittlichkeit	neg 1.0		off 0.5284955551875952 neg 0.46423828277197327 __DUMMY__ 0.007266162040431547	false	0.5
zwei			off 0.5290309922581766 neg 0.46362517109672213 __DUMMY__ 0.0073438366451014205	false	0.0
unkorrekt	neg 1.0		off 0.5399237181801564 neg 0.452940893786579 __DUMMY__ 0.007135388033264495	false	0.5
hexe	off 1.0		off 0.5366363261012469 neg 0.4562162748468136 __DUMMY__ 0.007147399051939459	false	1.0
lasch	neg 1.0		off 0.535236941505531 neg 0.45760216954759536 __DUMMY__ 0.007160888946873698	false	0.5
rivale	neg 1.0		off 0.5404779274093033 neg 0.4523594816869696 __DUMMY__ 0.007162590903727065	false	0.5
mutlos	off 1.0	off 1.0	off 0.7501242190766408 neg 0.24641802056415116 __DUMMY__ 0.0034577603592080707	false	1.0
wirr	off 1.0		off 0.5408523763633953 neg 0.4520192049687316 __DUMMY__ 0.007128418667873058	false	1.0
jahr			off 0.5328364502994359 neg 0.4598172602924344 __DUMMY__ 0.007346289408129613	false	0.0
wird			off 0.5306240498421265 neg 0.4621285178656032 __DUMMY__ 0.007247432292270417	false	0.0
strafbar	neg 1.0		off 0.5287317622502596 neg 0.46402686575033153 __DUMMY__ 0.0072413719994088325	false	0.5
erosion	neg 1.0		off 0.5357111189299764 neg 0.45703029037841436 __DUMMY__ 0.0072585906916091646	false	0.5
eingehen	neg 1.0		off 0.5288599150196786 neg 0.4639017019835396 __DUMMY__ 0.0072383829967818634	false	0.5
faul	off 1.0		off 0.5388301931170384 neg 0.45396343660120264 __DUMMY__ 0.007206370281758923	false	1.0
provisorium	neg 1.0		off 0.525219751182954 neg 0.4674085769346869 __DUMMY__ 0.007371671882359085	false	0.5
schmerzen	neg 1.0		off 0.5322042783112484 neg 0.4605721433423558 __DUMMY__ 0.007223578346395947	false	0.5
schrumpfen	neg 1.0		off 0.5237994914608052 neg 0.46890602046258323 __DUMMY__ 0.0072944880766116355	false	0.5
geistlos	off 1.0		off 0.5333613016367633 neg 0.4594801632263046 __DUMMY__ 0.007158535136932186	false	1.0
fehlkauf	neg 1.0		off 0.5369528165514807 neg 0.45581169666418236 __DUMMY__ 0.007235486784336959	false	0.5
frustrierend	neg 1.0		off 0.5371197909429926 neg 0.4556898544407664 __DUMMY__ 0.007190354616240946	false	0.5
unzufrieden	neg 1.0		off 0.5297920889244869 neg 0.46298701784035096 __DUMMY__ 0.007220893235162167	false	0.5
verzweifeln	neg 1.0		off 0.5324911784382944 neg 0.4602762840717732 __DUMMY__ 0.007232537489932445	false	0.5
verzweifelt	neg 1.0	neg 1.0	neg 0.7140220598837909 off 0.2825481897142234 __DUMMY__ 0.0034297504019857364	false	1.0
misstrauensantrag	neg 1.0		off 0.5355584462766776 neg 0.45723580381833057 __DUMMY__ 0.007205749904991886	false	0.5
abfallen	neg 1.0		off 0.5364332568892977 neg 0.45631850505407495 __DUMMY__ 0.007248238056627419	false	0.5
fucker	off 1.0		off 0.5420354827381165 neg 0.4507862671021717 __DUMMY__ 0.0071782501597117505	false	1.0
ungezogen	neg 1.0		off 0.5466139617446869 neg 0.44631345236893494 __DUMMY__ 0.00707258588637836	false	0.5
irrsinnig	neg 1.0	neg 1.0	neg 0.7137299482802426 off 0.2828352927173782 __DUMMY__ 0.0034347590023791983	false	1.0
unfassbar	neg 1.0		off 0.5395654310199677 neg 0.4532560066053421 __DUMMY__ 0.007178562374690332	false	0.5
hart	neg 1.0		off 0.5392716390344521 neg 0.4535483164969648 __DUMMY__ 0.007180044468583214	false	0.5
widerlich	off 1.0		off 0.5382560454332724 neg 0.4546012258191677 __DUMMY__ 0.007142728747559916	false	1.0
fatal	neg 1.0		off 0.5364931321519398 neg 0.45628850434493545 __DUMMY__ 0.007218363503124716	false	0.5
bruch	neg 1.0		off 0.5272441808354441 neg 0.4654736885198009 __DUMMY__ 0.007282130644754943	false	0.5
aushungern	neg 1.0		off 0.5326039526003792 neg 0.46013815295156 __DUMMY__ 0.0072578944480608705	false	0.5
anspannung	neg 1.0		off 0.5276787118038019 neg 0.4649740242142449 __DUMMY__ 0.007347263981953154	false	0.5
von			off 0.5342621150873663 neg 0.45836964185059526 __DUMMY__ 0.007368243062038377	false	0.0
kraftlos	neg 1.0		off 0.5323415581356683 neg 0.46039743053553445 __DUMMY__ 0.007261011328797308	false	0.5
vom			off 0.5269993148372756 neg 0.46561294425680244 __DUMMY__ 0.0073877409059220425	false	0.0
grenzdebil	off 1.0		off 0.5404828909579616 neg 0.4523331331729476 __DUMMY__ 0.007183975869090767	false	1.0
vor			off 0.5297101040473147 neg 0.46298356255336953 __DUMMY__ 0.00730633339931579	false	0.0
unterwerfen	neg 1.0		off 0.5303506250179244 neg 0.4623910441859246 __DUMMY__ 0.007258330796151043	false	0.5
versenkung	neg 1.0		off 0.5314580808999765 neg 0.46126659100016815 __DUMMY__ 0.00727532809985537	false	0.5
entziehen	neg 1.0		off 0.5270913592499693 neg 0.46563182645770224 __DUMMY__ 0.007276814292328365	false	0.5
finanzkrise	neg 1.0		off 0.5314826252305284 neg 0.46129900201614676 __DUMMY__ 0.007218372753324879	false	0.5
schimpfend	neg 1.0		off 0.5359259258330534 neg 0.4568617289620012 __DUMMY__ 0.007212345204945306	false	0.5
profan	neg 1.0		off 0.5354095817004684 neg 0.45739999124822983 __DUMMY__ 0.007190427051301768	false	0.5
korruption	neg 1.0		off 0.530314977004578 neg 0.4624384122218957 __DUMMY__ 0.007246610773526366	false	0.5
â			off 0.5330321229270242 neg 0.45968425165930193 __DUMMY__ 0.0072836254136740605	false	0.0
schmutzig	neg 1.0		off 0.5416074682101366 neg 0.45120114619078916 __DUMMY__ 0.007191385599074246	false	0.5
sexy	neg 1.0		off 0.5382862711450938 neg 0.45449806944157684 __DUMMY__ 0.0072156594133296215	false	0.5
abraten	neg 1.0		off 0.5356252482647782 neg 0.45716526858473894 __DUMMY__ 0.007209483150482758	false	0.5
schwarz	neg 1.0		off 0.5354651027594758 neg 0.45731673326169264 __DUMMY__ 0.007218163978831556	false	0.5
fotze	off 1.0	off 1.0	off 0.7525058570666956 neg 0.2440220719580022 __DUMMY__ 0.003472070975302271	false	1.0
verwirren	neg 1.0		off 0.5365733201677039 neg 0.45622748899523774 __DUMMY__ 0.007199190837058487	false	0.5
zahnlos	off 1.0		off 0.5311414232590594 neg 0.46163442972491003 __DUMMY__ 0.007224147016030653	false	1.0
verheeren	neg 1.0		off 0.5501493720904614 neg 0.4427503404277665 __DUMMY__ 0.007100287481772179	false	0.5
hippie	neg 1.0		off 0.5379004039958932 neg 0.454881596178242 __DUMMY__ 0.007217999825864918	false	0.5
rammen	neg 1.0		off 0.5343261515724798 neg 0.45847678794663366 __DUMMY__ 0.007197060480886604	false	0.5
unlauter	neg 1.0		off 0.5317975198287618 neg 0.46102752529697716 __DUMMY__ 0.007174954874261099	false	0.5
unheilvoll	neg 1.0		off 0.5368211800540794 neg 0.45594907730007667 __DUMMY__ 0.007229742645843917	false	0.5
niedrig	neg 1.0		off 0.5276850910699872 neg 0.46507690311506594 __DUMMY__ 0.007238005814947019	false	0.5
explosion	neg 1.0		off 0.5368725383691292 neg 0.4559155828270866 __DUMMY__ 0.007211878803784168	false	0.5
weichei	off 1.0	off 1.0	off 0.7578689644039162 neg 0.23874440797911772 __DUMMY__ 0.0033866276169661385	false	1.0
minusmensch	off 1.0		off 0.5440450273508105 neg 0.4488923891651515 __DUMMY__ 0.007062583484038045	false	1.0
farblos	neg 1.0		off 0.5350510674367546 neg 0.4576967935951281 __DUMMY__ 0.0072521389681172894	false	0.5
unwissend	neg 1.0	neg 1.0	neg 0.7118690497089397 off 0.2847155569807163 __DUMMY__ 0.003415393310344035	false	1.0
traurig	neg 1.0		off 0.541807790583497 neg 0.45103502931464345 __DUMMY__ 0.007157180101859552	false	0.5
senkung	neg 1.0		off 0.5340427518067374 neg 0.458788679526714 __DUMMY__ 0.0071685686665485	false	0.5
ungleich	neg 1.0	neg 1.0	neg 0.716799620279449 off 0.27974160754889893 __DUMMY__ 0.0034587721716520404	false	1.0
heikel	neg 1.0		off 0.5279430179050549 neg 0.4648173613581937 __DUMMY__ 0.007239620736751403	false	0.5
drosselung	neg 1.0		off 0.53980606619938 neg 0.45301968748936766 __DUMMY__ 0.007174246311252452	false	0.5
falsch	neg 1.0		off 0.5365652475288724 neg 0.45625838225780807 __DUMMY__ 0.0071763702133196	false	0.5
unzufriedenheit	neg 1.0		off 0.5278660639027646 neg 0.46486170412746025 __DUMMY__ 0.007272231969775075	false	0.5
kurz	neg 1.0		off 0.5342060494307073 neg 0.45852394500178556 __DUMMY__ 0.007270005567507213	false	0.5
unsinnig	neg 1.0		off 0.5305692563423801 neg 0.4622210248377581 __DUMMY__ 0.007209718819861972	false	0.5
penner	off 1.0	off 1.0	off 0.7588760434887145 neg 0.23773937202199077 __DUMMY__ 0.0033845844892945974	false	1.0
seicht	neg 1.0		off 0.544733285377221 neg 0.4482098470243444 __DUMMY__ 0.0070568675984345975	false	0.5
dummheit	off 1.0	off 1.0	off 0.7537428507072585 neg 0.24283259734060106 __DUMMY__ 0.0034245519521403996	false	1.0
unerfreulich	neg 1.0		off 0.5284466399194755 neg 0.4642877778452957 __DUMMY__ 0.007265582235228802	false	0.5
motherfucker	off 1.0	off 1.0	off 0.7568470945593744 neg 0.23972994631831185 __DUMMY__ 0.0034229591223137036	false	1.0
pikiert	neg 1.0		off 0.5382840551186191 neg 0.4545555368095848 __DUMMY__ 0.007160408071796073	false	0.5
wrack	neg 1.0		off 0.5334077167646808 neg 0.45932091710965395 __DUMMY__ 0.007271366125665181	false	0.5
gangster	neg 1.0		off 0.5379122456886145 neg 0.4548712289527673 __DUMMY__ 0.007216525358618152	false	0.5
krank	neg 1.0		off 0.5404171381879154 neg 0.4524006868586792 __DUMMY__ 0.007182174953405519	false	0.5
reich	neg 1.0		off 0.5411490512015839 neg 0.45163264682469484 __DUMMY__ 0.007218301973721356	false	0.5
gnadenlos	neg 1.0		off 0.5343331832634198 neg 0.4584555595489333 __DUMMY__ 0.007211257187646876	false	0.5
niedergeschlagen	neg 1.0		off 0.5334193524752471 neg 0.45932587141235526 __DUMMY__ 0.007254776112397625	false	0.5
terrorisieren	off 1.0	off 1.0	off 0.7511930005613829 neg 0.2453353415009352 __DUMMY__ 0.0034716579376818913	false	1.0
sinnlosigkeit	neg 1.0		off 0.5310772902566532 neg 0.46168911672917656 __DUMMY__ 0.007233593014170084	false	0.5
behindern	neg 1.0		off 0.533844562117282 neg 0.45890883357849527 __DUMMY__ 0.007246604304222765	false	0.5
undemokratisch	neg 1.0		off 0.5338819980854511 neg 0.45890700101910387 __DUMMY__ 0.007211000895445068	false	0.5
wirtschaftskrise	neg 1.0		off 0.5297056849435731 neg 0.4630540675560855 __DUMMY__ 0.00724024750034136	false	0.5
neid	neg 1.0		off 0.5383996799448226 neg 0.4543932135050422 __DUMMY__ 0.007207106550135253	false	0.5
rutschen	neg 1.0		off 0.5296971925907566 neg 0.4629461960516953 __DUMMY__ 0.007356611357548012	false	0.5
rezession	neg 1.0		off 0.5377612038971664 neg 0.45515350645781777 __DUMMY__ 0.007085289645015804	false	0.5
fehlgeburt	neg 1.0		off 0.5369223965600762 neg 0.4558446891140267 __DUMMY__ 0.007232914325897195	false	0.5
charakterschwach	off 1.0		off 0.5380855507572252 neg 0.454769510017663 __DUMMY__ 0.007144939225111949	false	1.0
isolation	neg 1.0		off 0.5375189478374195 neg 0.4552794251176627 __DUMMY__ 0.007201627044917802	false	0.5
ablenkung	neg 1.0		off 0.5345125889864544 neg 0.4582487243806643 __DUMMY__ 0.007238686632881391	false	0.5
pech	neg 1.0		off 0.536169849181045 neg 0.45665447653055924 __DUMMY__ 0.007175674288395776	false	0.5
vermeidung	neg 1.0		off 0.5409135396074929 neg 0.4518973797345925 __DUMMY__ 0.007189080657914623	false	0.5
dominieren	neg 1.0		off 0.5310794042794682 neg 0.4616477965347812 __DUMMY__ 0.0072727991857505616	false	0.5
schwindlig	neg 1.0		off 0.5372195221671682 neg 0.455553487568053 __DUMMY__ 0.007226990264778898	false	0.5
lutscher	neg 1.0		off 0.545928877086597 neg 0.4470072406917029 __DUMMY__ 0.007063882221700144	false	0.5
pflicht	neg 1.0		off 0.5271695150842597 neg 0.4655757859437618 __DUMMY__ 0.007254698971978456	false	0.5
faschist	off 1.0		off 0.5366978386677287 neg 0.4561040325914337 __DUMMY__ 0.007198128740837654	false	1.0
verschleudern	neg 1.0		off 0.527816083617651 neg 0.46494446566673214 __DUMMY__ 0.007239450715617012	false	0.5
wenn			off 0.5376142672016998 neg 0.45519641538348116 __DUMMY__ 0.007189317414818837	false	0.0
ehebruch	neg 1.0		off 0.5310357002844314 neg 0.46170581052277526 __DUMMY__ 0.007258489192793357	false	0.5
spott	off 1.0		off 0.5294459950614481 neg 0.46330832261381627 __DUMMY__ 0.007245682324735598	false	1.0
trostlosigkeit	neg 1.0		off 0.5297351791800556 neg 0.46296044262551705 __DUMMY__ 0.007304378194427403	false	0.5
lutschen	neg 1.0		off 0.5368652296569538 neg 0.4559467453678105 __DUMMY__ 0.007188024975235663	false	0.5
undiszipliniert	neg 1.0		off 0.5404339506719574 neg 0.4524192260464411 __DUMMY__ 0.007146823281601465	false	0.5
kopfschmerz	neg 1.0		off 0.5315662851843279 neg 0.46119820056759037 __DUMMY__ 0.007235514248081703	false	0.5
unvorhergesehen	neg 1.0		off 0.5321515467156566 neg 0.46053993357562373 __DUMMY__ 0.007308519708719668	false	0.5
desinteressiert	neg 1.0		off 0.5400104172474628 neg 0.4528372829030257 __DUMMY__ 0.007152299849511377	false	0.5
armselig	off 1.0		off 0.5395639744184754 neg 0.45331673216717583 __DUMMY__ 0.007119293414348974	false	1.0
desaster	neg 1.0		off 0.5266503296167864 neg 0.46606307543079867 __DUMMY__ 0.007286594952414952	false	0.5
tod	neg 1.0		off 0.5357139589654603 neg 0.45696498967561755 __DUMMY__ 0.007321051358922104	false	0.5
herzlos	neg 1.0		off 0.5410026557497747 neg 0.45185509104613164 __DUMMY__ 0.007142253204093772	false	0.5
unwissenheit	neg 1.0		off 0.5306676164334653 neg 0.46209782076968364 __DUMMY__ 0.007234562796851076	false	0.5
widersinnig	neg 1.0		off 0.5282043281760873 neg 0.4646008499007325 __DUMMY__ 0.007194821923180199	false	0.5
bedenklich	neg 1.0		off 0.5292065304141201 neg 0.4635607665369821 __DUMMY__ 0.0072327030488977	false	0.5
beanstanden	neg 1.0		off 0.5272430869195949 neg 0.4654934160193172 __DUMMY__ 0.0072634970610881205	false	0.5
panisch	neg 1.0	neg 1.0	neg 0.7109884444802822 off 0.2855491186691758 __DUMMY__ 0.0034624368505420415	false	1.0
debil	off 1.0		off 0.5262229618223104 neg 0.4664112285777985 __DUMMY__ 0.007365809599891088	false	1.0
abstrich	neg 1.0		off 0.5390405844312558 neg 0.4536345196957878 __DUMMY__ 0.007324895872956463	false	0.5
primitiv	neg 1.0		off 0.5383417534033477 neg 0.4545185392888435 __DUMMY__ 0.0071397073078088855	false	0.5
abschaum	off 1.0	off 1.0	off 0.7552470911720376 neg 0.24133267670737918 __DUMMY__ 0.0034202321205832275	false	1.0
provozieren	neg 1.0		off 0.532828302592553 neg 0.45998001630131263 __DUMMY__ 0.007191681106134526	false	0.5
tot	neg 1.0		off 0.531451322170524 neg 0.46130164616806985 __DUMMY__ 0.007247031661406151	false	0.5
instabil	neg 1.0		off 0.5400164145730476 neg 0.45284679146447926 __DUMMY__ 0.007136793962473125	false	0.5
schwuchtel	off 1.0	off 1.0	off 0.7608159007181519 neg 0.23583940531064462 __DUMMY__ 0.0033446939712034715	false	1.0
zerren	neg 1.0		off 0.5326502257894812 neg 0.46009368329196376 __DUMMY__ 0.007256090918555074	false	0.5
kinderficker	off 1.0		off 0.5437217080447977 neg 0.4491537197741667 __DUMMY__ 0.007124572181035451	false	1.0
gefahr	neg 1.0		off 0.5288531833373884 neg 0.46385562696809807 __DUMMY__ 0.0072911896945134095	false	0.5
rabiat	neg 1.0		off 0.5341579751898943 neg 0.45861073290922444 __DUMMY__ 0.007231291900881288	false	0.5
verlangsamung	neg 1.0		off 0.5430348704842715 neg 0.44988923485235455 __DUMMY__ 0.007075894663374079	false	0.5
ausgestorben	neg 1.0		off 0.5344701590035372 neg 0.45828606519119 __DUMMY__ 0.007243775805272765	false	0.5
anklagen	neg 1.0		off 0.5309520498103981 neg 0.46179683784159725 __DUMMY__ 0.007251112348004656	false	0.5
trott	neg 1.0		off 0.5340465982356462 neg 0.45871075784106913 __DUMMY__ 0.007242643923284795	false	0.5
verminderung	neg 1.0		off 0.5401720437191586 neg 0.4526588110235565 __DUMMY__ 0.0071691452572849364	false	0.5
nach			off 0.5278586749711504 neg 0.4647851196966864 __DUMMY__ 0.007356205332163308	false	0.0
rost	neg 1.0		off 0.5437278255432589 neg 0.4491588611810174 __DUMMY__ 0.007113313275723694	false	0.5
destruktiv	neg 1.0		off 0.5319916780787742 neg 0.4608021649240158 __DUMMY__ 0.007206156997209946	false	0.5
unzumutbarkeit	neg 1.0		off 0.5399119921983646 neg 0.4528929128571797 __DUMMY__ 0.0071950949444555675	false	0.5
labil	off 1.0	off 1.0	off 0.7552093422714375 neg 0.24136150604907497 __DUMMY__ 0.003429151679487366	false	1.0
ziemlich	neg 1.0		off 0.5399118254786605 neg 0.4529011483265975 __DUMMY__ 0.007187026194742057	false	0.5
lachnummer	off 1.0		off 0.5327550170134817 neg 0.46004097594775634 __DUMMY__ 0.007204007038761911	false	1.0
oder			off 0.5353706250570198 neg 0.4573957245727154 __DUMMY__ 0.007233650370264807	false	0.0
verfall	neg 1.0		off 0.5250547092355721 neg 0.46763269551981473 __DUMMY__ 0.007312595244613306	false	0.5
ausgrenzung	neg 1.0		off 0.5349119771552071 neg 0.4578750413560385 __DUMMY__ 0.00721298148875444	false	0.5
unordnung	neg 1.0		off 0.5441840613175557 neg 0.4486120804933319 __DUMMY__ 0.007203858189112311	false	0.5
fehlverhalten	neg 1.0		off 0.527210625611415 neg 0.46554857322183407 __DUMMY__ 0.007240801166751127	false	0.5
eine			off 0.5295767371273694 neg 0.46313269728273293 __DUMMY__ 0.0072905655898976435	false	0.0
nille	neg 1.0		off 0.5346827300717663 neg 0.45806249571466967 __DUMMY__ 0.007254774213564107	false	0.5
qual	neg 1.0		off 0.5338505194788933 neg 0.4589008371811769 __DUMMY__ 0.007248643339929716	false	0.5
verschwenden	neg 1.0		off 0.5285130940077114 neg 0.46425224491559547 __DUMMY__ 0.007234661076693181	false	0.5
riesig	neg 1.0		off 0.5325917819149361 neg 0.4601227347230981 __DUMMY__ 0.007285483361965702	false	0.5
verurteilen	neg 1.0		off 0.5297721946024558 neg 0.46300504922175484 __DUMMY__ 0.0072227561757892515	false	0.5
klischee	neg 1.0	neg 1.0	neg 0.7124305477191022 off 0.28414655421135043 __DUMMY__ 0.003422898069547402	false	1.0
diktatorisch	neg 1.0		off 0.5335120078994277 neg 0.4592868563598074 __DUMMY__ 0.007201135740765042	false	0.5
vorhersehbar	neg 1.0		off 0.5344567515047324 neg 0.45837862369897714 __DUMMY__ 0.0071646247962905895	false	0.5
sowie			off 0.5429194301942811 neg 0.44995671499790013 __DUMMY__ 0.007123854807818719	false	0.0
stornieren	neg 1.0		off 0.5396013650119212 neg 0.4531235810885803 __DUMMY__ 0.007275053899498367	false	0.5
besteuerung	neg 1.0		off 0.5316686805983084 neg 0.4611527520915758 __DUMMY__ 0.0071785673101157	false	0.5
ungeschminkt	neg 1.0		off 0.5375084037816611 neg 0.45536241171984315 __DUMMY__ 0.0071291844984957605	false	0.5
kritisch	neg 1.0		off 0.5293190955845557 neg 0.46343982393708605 __DUMMY__ 0.00724108047835834	false	0.5
schlamperei	off 1.0		off 0.5294021124106967 neg 0.4633260240546765 __DUMMY__ 0.007271863534626872	false	1.0
sucht	neg 1.0	neg 1.0	neg 0.7098384739736502 off 0.28665956779670765 __DUMMY__ 0.0035019582296421468	false	1.0
egoistisch	off 1.0		off 0.5421090238237096 neg 0.4507965947515802 __DUMMY__ 0.007094381424710173	false	1.0
ausbeuter	off 1.0		off 0.5266053892232876 neg 0.46616363835643915 __DUMMY__ 0.007230972420273333	false	1.0
arschgeburt	off 1.0		off 0.5475616986154911 neg 0.4454298599588805 __DUMMY__ 0.007008441425628248	false	1.0
schubs	neg 1.0		off 0.5320052342443755 neg 0.46075400917121434 __DUMMY__ 0.007240756584410172	false	0.5
unsolide	neg 1.0		off 0.5330751843572549 neg 0.4597474822729377 __DUMMY__ 0.0071773333698074366	false	0.5
beschwerde	neg 1.0		off 0.5286887316818294 neg 0.46406908495094323 __DUMMY__ 0.00724218336722748	false	0.5
stocken	neg 1.0		off 0.5300210917646954 neg 0.46270645766039714 __DUMMY__ 0.007272450574907483	false	0.5
isolieren	neg 1.0		off 0.530766379234724 neg 0.4619837937852793 __DUMMY__ 0.007249826979996772	false	0.5
unheilbar	neg 1.0		off 0.5352494842074572 neg 0.457507339264127 __DUMMY__ 0.007243176528415753	false	0.5
pisser	off 1.0		off 0.540248337898066 neg 0.45261319756540236 __DUMMY__ 0.007138464536531613	false	1.0
löschen	neg 1.0		off 0.5347023180487288 neg 0.45805222393608425 __DUMMY__ 0.0072454580151868975	false	0.5
durchfallen	neg 1.0		off 0.5284999715210157 neg 0.46428757217223543 __DUMMY__ 0.007212456306748779	false	0.5
wichser	off 1.0	off 1.0	off 0.7602563184274109 neg 0.2363748356462826 __DUMMY__ 0.003368845926306435	false	1.0
terror	neg 1.0		off 0.5376014148873182 neg 0.45518090247785487 __DUMMY__ 0.007217682634827041	false	0.5
krass	neg 1.0		off 0.5413615832577882 neg 0.45150889056700594 __DUMMY__ 0.007129526175205951	false	0.5
revolte	neg 1.0		off 0.5358661601396105 neg 0.4569175449944773 __DUMMY__ 0.007216294865912294	false	0.5
besorgt	neg 1.0		off 0.5357090484516316 neg 0.4569916034232618 __DUMMY__ 0.007299348125106653	false	0.5
nachlassen	neg 1.0		off 0.5320433671232485 neg 0.46065405720526587 __DUMMY__ 0.007302575671485579	false	0.5
alt	neg 1.0		off 0.5317997933462638 neg 0.4609506478993639 __DUMMY__ 0.007249558754372272	false	0.5
hundesohn	off 1.0		off 0.5462798714607155 neg 0.44665001349891825 __DUMMY__ 0.0070701150403659745	false	1.0
als			off 0.5314472588824587 neg 0.4613126003607305 __DUMMY__ 0.0072401407568108145	false	0.0
abschreckung	neg 1.0		off 0.5278044440350955 neg 0.4649192994225699 __DUMMY__ 0.007276256542334661	false	0.5
unqualifiziert	neg 1.0		off 0.534910114182886 neg 0.45793691256403063 __DUMMY__ 0.007152973253083228	false	0.5
abgewichst	off 1.0		off 0.5340753628849735 neg 0.45866458552211486 __DUMMY__ 0.007260051592911569	false	1.0
schwer	neg 1.0		off 0.5323502326238866 neg 0.46043122789941193 __DUMMY__ 0.007218539476701506	false	0.5
bedeutungslosigkeit	neg 1.0		off 0.5281336106095869 neg 0.4646077089877683 __DUMMY__ 0.007258680402644837	false	0.5
kapitulation	neg 1.0		off 0.5303957833660194 neg 0.46234010095489236 __DUMMY__ 0.0072641156790880556	false	0.5
unscharf	neg 1.0		off 0.5347848530187875 neg 0.4580354485716021 __DUMMY__ 0.007179698409610397	false	0.5
schwinden	neg 1.0		off 0.529636885102874 neg 0.4630770098332982 __DUMMY__ 0.007286105063827843	false	0.5
versklavung	neg 1.0		off 0.5354402378907771 neg 0.4573212396149713 __DUMMY__ 0.0072385224942516715	false	0.5
schlecht	neg 1.0		off 0.5400597445193694 neg 0.45275378362033614 __DUMMY__ 0.007186471860294299	false	0.5
verhasst	neg 1.0		off 0.5325440103438679 neg 0.46028165360230294 __DUMMY__ 0.007174336053829078	false	0.5
beschweren	neg 1.0		off 0.5352853830898059 neg 0.4575088163299958 __DUMMY__ 0.007205800580198244	false	0.5
scheiden	neg 1.0		off 0.5354418813475356 neg 0.45730456978660416 __DUMMY__ 0.0072535488658603126	false	0.5
frustriert	neg 1.0		off 0.5314270961546883 neg 0.46134865176984274 __DUMMY__ 0.007224252075468908	false	0.5
schimmelig	neg 1.0		off 0.5294846124927205 neg 0.46329785128107054 __DUMMY__ 0.007217536226208946	false	0.5
fisch	neg 1.0		off 0.5273687180134392 neg 0.4653817264916522 __DUMMY__ 0.007249555494908483	false	0.5
schmuggel	neg 1.0		off 0.5299216075586547 neg 0.4628047984923009 __DUMMY__ 0.0072735939490444325	false	0.5
auffallen	neg 1.0		off 0.5360940839650035 neg 0.45670595899236077 __DUMMY__ 0.00719995704263577	false	0.5
konkurrenz	neg 1.0		off 0.5274360731915728 neg 0.4652852697813013 __DUMMY__ 0.007278657027125968	false	0.5
teufelskreis	neg 1.0		off 0.5323080954485554 neg 0.46047706812940686 __DUMMY__ 0.00721483642203773	false	0.5
aufschreien	neg 1.0		off 0.5352432201379862 neg 0.45757274817920607 __DUMMY__ 0.007184031682807805	false	0.5
schuldner	neg 1.0		off 0.5268384112293166 neg 0.4659133728427708 __DUMMY__ 0.0072482159279126995	false	0.5
missgeburt	off 1.0	off 1.0	off 0.7579619972969915 neg 0.2386572189582305 __DUMMY__ 0.0033807837447778935	false	1.0
arbeitslos	neg 1.0		off 0.5287083786992357 neg 0.4640828109052074 __DUMMY__ 0.007208810395556865	false	0.5
befallen	neg 1.0		off 0.5345293643844882 neg 0.4581994346438503 __DUMMY__ 0.007271200971661454	false	0.5
miesepetrig	off 1.0	off 1.0	off 0.7557576304515189 neg 0.2408171814334359 __DUMMY__ 0.0034251881150452325	false	1.0
alarmieren	neg 1.0		off 0.5369458914278761 neg 0.4558773495267921 __DUMMY__ 0.007176759045331914	false	0.5
ungeduscht	off 1.0		off 0.5366978362403259 neg 0.45613406235450715 __DUMMY__ 0.007168101405167165	false	1.0
knappheit	neg 1.0		off 0.5283123026383216 neg 0.4644755814488036 __DUMMY__ 0.007212115912874657	false	0.5
schlange	neg 1.0		off 0.5380870171259766 neg 0.45465333411981484 __DUMMY__ 0.007259648754208545	false	0.5
harsch	neg 1.0		off 0.5454832610452026 neg 0.44734163489913265 __DUMMY__ 0.007175104055664908	false	0.5
lang	neg 1.0		off 0.5356970830784493 neg 0.4570612734355512 __DUMMY__ 0.007241643485999512	false	0.5
ziellos	neg 1.0		off 0.5319006535292823 neg 0.46082507139381934 __DUMMY__ 0.007274275076898298	false	0.5
selbstverliebt	neg 1.0		off 0.5460941880959194 neg 0.4468698189686753 __DUMMY__ 0.007035992935405279	false	0.5
beseitigen	neg 1.0		off 0.5336374652762164 neg 0.45910333121965957 __DUMMY__ 0.007259203504124031	false	0.5
dumm	off 1.0		off 0.5435548899053214 neg 0.44934415584262183 __DUMMY__ 0.007100954252056702	false	1.0
arbeitsloser	neg 1.0		off 0.5304623315564684 neg 0.4622991163607117 __DUMMY__ 0.007238552082819949	false	0.5
blitzen	neg 1.0		off 0.5376248986915798 neg 0.455159664583125 __DUMMY__ 0.007215436725295294	false	0.5
hilflos	neg 1.0		off 0.5313651817129569 neg 0.4614023901852483 __DUMMY__ 0.0072324281017947314	false	0.5
eklig	off 1.0		off 0.5430508517695605 neg 0.44987264482559536 __DUMMY__ 0.007076503404844163	false	1.0
begriff			off 0.5323866189277233 neg 0.46038992017330904 __DUMMY__ 0.007223460898967669	false	0.0
hungersnot	neg 1.0		off 0.5330150765448731 neg 0.4597115956947452 __DUMMY__ 0.007273327760381659	false	0.5
ungesetzlich	neg 1.0		off 0.5309891703458463 neg 0.4618413693675145 __DUMMY__ 0.007169460286639249	false	0.5
verschwendung	neg 1.0		off 0.5294274612617094 neg 0.46331176389176043 __DUMMY__ 0.007260774846530207	false	0.5
schmerzvoll	neg 1.0		off 0.5357246230293495 neg 0.45705733316843156 __DUMMY__ 0.00721804380221892	false	0.5
vorzeitig	neg 1.0		off 0.5376310006640687 neg 0.45514782342879534 __DUMMY__ 0.0072211759071361195	false	0.5
unvollkommenheit	neg 1.0		off 0.5343111298827364 neg 0.4583882199622678 __DUMMY__ 0.007300650154995765	false	0.5
intervenieren	neg 1.0		off 0.5278737043447492 neg 0.4648847263171158 __DUMMY__ 0.007241569338134895	false	0.5
banause	off 1.0		off 0.5440969153965955 neg 0.448868472642937 __DUMMY__ 0.007034611960467246	false	1.0
rebell	neg 1.0		off 0.5262367721217017 neg 0.4664733953209725 __DUMMY__ 0.007289832557325864	false	0.5
unlogisch	neg 1.0		off 0.5393371261269815 neg 0.4535426827121533 __DUMMY__ 0.007120191160865239	false	0.5
leiden	neg 1.0		off 0.5300074072262094 neg 0.46270230404830376 __DUMMY__ 0.007290288725486694	false	0.5
abschaffung	neg 1.0		off 0.533177975504249 neg 0.4596084519795867 __DUMMY__ 0.007213572516164333	false	0.5
sturz	neg 1.0		off 0.5356245684985892 neg 0.4571195628100471 __DUMMY__ 0.007255868691363736	false	0.5
verkleinerung	neg 1.0		off 0.5330335638761429 neg 0.45981791058771615 __DUMMY__ 0.007148525536140839	false	0.5
schmarotzer	off 1.0		off 0.5286039950782591 neg 0.46420633069752304 __DUMMY__ 0.007189674224217967	false	1.0
bestrafung	neg 1.0		off 0.5353723006885909 neg 0.4573987202843467 __DUMMY__ 0.007228979027062375	false	0.5
achtlos	neg 1.0	neg 1.0	neg 0.7134605200398834 off 0.2830778005425193 __DUMMY__ 0.0034616794175973496	false	1.0
ungeheuer	neg 1.0		off 0.5372771444139269 neg 0.45549846351531764 __DUMMY__ 0.007224392070755438	false	0.5
