unsolidarisch	neg 1.0		__DUMMY__ 0.9274883260571193 off 0.03785169880461592 neg 0.0346599751382648	false	0.5
nachteilig	neg 1.0		__DUMMY__ 0.9324377858276867 off 0.03415511419188023 neg 0.03340709998043304	false	0.5
skeptisch	neg 1.0		__DUMMY__ 0.9324401673331246 off 0.03385818470870442 neg 0.03370164795817092	false	0.5
schrecklich	neg 1.0		__DUMMY__ 0.9249038249879243 off 0.04491465313708005 neg 0.030181521874995655	false	0.5
schlapp	neg 1.0		__DUMMY__ 0.9279526459279656 off 0.04144513057961922 neg 0.030602223492415294	false	0.5
abfall	neg 1.0		__DUMMY__ 0.9366982561613134 neg 0.03235509909465391 off 0.030946644744032702	false	1.0
widerspenstig	neg 1.0		__DUMMY__ 0.9311500775434824 off 0.03744781181785888 neg 0.03140211063865872	false	0.5
abrupt	neg 1.0		__DUMMY__ 0.9355956463780993 off 0.03396624223201042 neg 0.030438111389890228	false	0.5
unwirksam	neg 1.0		__DUMMY__ 0.926504529266772 off 0.03741591565648517 neg 0.03607955507674281	false	0.5
angreifen	neg 1.0		__DUMMY__ 0.9325685534042871 off 0.033940583817148255 neg 0.03349086277856471	false	0.5
inkonsistent	neg 1.0		__DUMMY__ 0.9297972116846025 off 0.03798484358403726 neg 0.032217944731360235	false	0.5
abrutschen	neg 1.0		__DUMMY__ 0.9342225659975063 neg 0.034369814341661344 off 0.03140761966083244	false	1.0
unsicher	neg 1.0		__DUMMY__ 0.931327505960592 off 0.03753664607604988 neg 0.03113584796335812	false	0.5
bauernkind	off 1.0	off 1.0	off 0.511380911791174 __DUMMY__ 0.4557104213157168 neg 0.032908666893109284	false	1.0
angreifer	neg 1.0	neg 1.0	neg 0.49647451919290997 __DUMMY__ 0.4680078656241945 off 0.035517615182895534	false	1.0
trennen	neg 1.0		__DUMMY__ 0.9356344512660106 off 0.03330174551082856 neg 0.031063803223160814	false	0.5
schmutz	neg 1.0		__DUMMY__ 0.9356559295453193 off 0.03837821409406777 neg 0.025965856360612907	false	0.5
inkonsistenz	neg 1.0		__DUMMY__ 0.9226626061729414 off 0.04216223776672159 neg 0.03517515606033697	false	0.5
erschreckend	neg 1.0		__DUMMY__ 0.9295006351345945 off 0.03722545236968356 neg 0.03327391249572207	false	0.5
ertrinken	neg 1.0		__DUMMY__ 0.934370399983755 off 0.03404297336003228 neg 0.0315866266562127	false	0.5
pickelface	off 1.0		__DUMMY__ 0.9322269209164388 off 0.03677561652402024 neg 0.030997462559540896	false	1.0
seiner			__DUMMY__ 0.9330415577614088 off 0.034057031413537595 neg 0.032901410825053524	false	0.0
lauch	neg 1.0		__DUMMY__ 0.9365730068737029 neg 0.031998036411843095 off 0.03142895671445396	false	1.0
unwichtig	neg 1.0		__DUMMY__ 0.9259806322997987 off 0.04163372408523971 neg 0.03238564361496167	false	0.5
steuerhinterziehung	neg 1.0	neg 1.0	neg 0.5005347077487153 __DUMMY__ 0.4669368538596689 off 0.032528438391615865	false	1.0
schock	neg 1.0		__DUMMY__ 0.9321806498741598 off 0.036848311897969506 neg 0.03097103822787069	false	0.5
beule	neg 1.0		__DUMMY__ 0.9271646224213179 off 0.04219599223294223 neg 0.030639385345739845	false	0.5
vergelten	neg 1.0		__DUMMY__ 0.927944617774489 off 0.044082786172072876 neg 0.027972596053438027	false	0.5
verdorbenheit	neg 1.0		__DUMMY__ 0.9332733849050932 off 0.03749876882971334 neg 0.02922784626519348	false	0.5
trauma	neg 1.0		__DUMMY__ 0.930552669701093 off 0.03829749663199281 neg 0.03114983366691427	false	0.5
sinnlos	neg 1.0		__DUMMY__ 0.929543147460854 off 0.03942187455095538 neg 0.031034977988190604	false	0.5
fettsack	off 1.0	off 1.0	off 0.5122531344714074 __DUMMY__ 0.4572555089296368 neg 0.030491356598955792	false	1.0
feige	off 1.0	off 1.0	off 0.5083810371912159 __DUMMY__ 0.4612779281103655 neg 0.03034103469841877	false	1.0
abdanken	neg 1.0		__DUMMY__ 0.9311031109384872 off 0.037427955753485294 neg 0.0314689333080275	false	0.5
wichtigtuer	off 1.0	off 1.0	off 0.5065423790365644 __DUMMY__ 0.46320853925476685 neg 0.030249081708668715	false	1.0
misslingen	neg 1.0		__DUMMY__ 0.9351485865211708 off 0.037413135041960977 neg 0.027438278436868194	false	0.5
untreu	off 1.0		__DUMMY__ 0.9268419697294648 off 0.04193101094348662 neg 0.031227019327048546	false	1.0
missmutig	neg 1.0		__DUMMY__ 0.9286483375545472 off 0.04126284840701905 neg 0.030088814038433755	false	0.5
hurenbock	off 1.0		__DUMMY__ 0.9325524319397952 off 0.038752952978514804 neg 0.02869461508168999	false	1.0
betrunken	neg 1.0		__DUMMY__ 0.9271483117936323 off 0.0429010682196008 neg 0.02995061998676689	false	0.5
korrupt	off 1.0		__DUMMY__ 0.9286146764329244 off 0.03607045114339544 neg 0.03531487242368022	false	1.0
unmut	neg 1.0		__DUMMY__ 0.9349685209417162 neg 0.03347427494848359 off 0.031557204109800216	false	1.0
hackfresse	off 1.0		__DUMMY__ 0.9215746998592644 off 0.04777223033857858 neg 0.030653069802157065	false	1.0
aufblasen	neg 1.0		__DUMMY__ 0.9309130232880162 off 0.03887565754323589 neg 0.030211319168747995	false	0.5
gewaltsam	neg 1.0		__DUMMY__ 0.9327927478159612 off 0.03637244673568328 neg 0.030834805448355613	false	0.5
unbeliebtheit	neg 1.0		__DUMMY__ 0.924967901252013 off 0.04101059170041154 neg 0.034021507047575394	false	0.5
sturheit	neg 1.0		__DUMMY__ 0.9303088132351376 off 0.0368436857793375 neg 0.032847500985524886	false	0.5
kuh	neg 1.0		__DUMMY__ 0.9247431175054747 off 0.03925144103635228 neg 0.03600544145817311	false	0.5
erschrecken	neg 1.0		__DUMMY__ 0.9296133693030929 off 0.0410446462065666 neg 0.02934198449034056	false	0.5
opfer	neg 1.0		__DUMMY__ 0.9326536946785546 off 0.034985067339927574 neg 0.03236123798151784	false	0.5
sinken	neg 1.0		__DUMMY__ 0.9356313262202307 neg 0.03252429212397722 off 0.031844381655792044	false	1.0
stinktier	neg 1.0		__DUMMY__ 0.9191538933435252 off 0.04567446245218205 neg 0.03517164420429283	false	0.5
tucke	off 1.0		__DUMMY__ 0.9207095811370039 off 0.04861741956807038 neg 0.030672999294925743	false	1.0
ein			__DUMMY__ 0.9301070549701459 off 0.038193631878103367 neg 0.031699313151750744	false	0.0
abstieg	neg 1.0		__DUMMY__ 0.9331952200437212 off 0.034097932339573304 neg 0.032706847616705434	false	0.5
missverstehen	neg 1.0		__DUMMY__ 0.9261661849645842 off 0.04024502581613564 neg 0.03358878921928011	false	0.5
ergebnislos	neg 1.0		__DUMMY__ 0.9334384971484215 off 0.0338486768444781 neg 0.03271282600710033	false	0.5
unter			__DUMMY__ 0.9402983611183475 neg 0.03238982112671352 off 0.027311817754938912	false	0.0
manipulieren	neg 1.0		__DUMMY__ 0.934211632584614 off 0.03355130633521044 neg 0.03223706108017544	false	0.5
unbewiesen	neg 1.0		__DUMMY__ 0.9266825828540192 off 0.03788611963529137 neg 0.035431297510689484	false	0.5
verschleppen	neg 1.0		__DUMMY__ 0.9314895333996217 off 0.03531978358865837 neg 0.03319068301171992	false	0.5
weib	off 1.0		__DUMMY__ 0.9182960561482472 off 0.04854057421287007 neg 0.03316336963888274	false	1.0
opposition	neg 1.0		__DUMMY__ 0.9281910680504795 off 0.038656476978785666 neg 0.033152454970734845	false	0.5
verkehrswidrig	neg 1.0		__DUMMY__ 0.9289449289363984 off 0.04437016696934757 neg 0.026684904094254065	false	0.5
inkorrekt	neg 1.0		__DUMMY__ 0.9229457744134137 off 0.04481715760223803 neg 0.03223706798434827	false	0.5
vermeiden	neg 1.0		__DUMMY__ 0.9367662135552466 neg 0.03333875411095062 off 0.029895032333802845	false	1.0
abweichung	neg 1.0		__DUMMY__ 0.9315960565282597 off 0.034734108443352056 neg 0.033669835028388204	false	0.5
alkoholisiert	neg 1.0		__DUMMY__ 0.9343312324921984 off 0.03330623753950553 neg 0.03236252996829611	false	0.5
scheiss	off 1.0	off 1.0	off 0.5079301591752391 __DUMMY__ 0.46299243772907794 neg 0.029077403095682925	false	1.0
herausforderung	neg 1.0		__DUMMY__ 0.9339448650193808 off 0.03360306726768871 neg 0.03245206771293059	false	0.5
pervers	off 1.0		__DUMMY__ 0.9189476007353413 off 0.05060793640880795 neg 0.0304444628558507	false	1.0
wackelig	neg 1.0		__DUMMY__ 0.9347173693594233 off 0.03559023062885703 neg 0.029692400011719577	false	0.5
verwickeln	neg 1.0		__DUMMY__ 0.9265573896041228 off 0.03984034597644584 neg 0.03360226441943128	false	0.5
vorwand	neg 1.0		__DUMMY__ 0.9329731725282197 neg 0.0335386690843463 off 0.03348815838743397	false	1.0
muschi	off 1.0		__DUMMY__ 0.9317833423822828 off 0.036958313456279764 neg 0.03125834416143753	false	1.0
entmutigung	neg 1.0		__DUMMY__ 0.9291612029708926 off 0.038826014513245924 neg 0.032012782515861496	false	0.5
unangemessen	neg 1.0		__DUMMY__ 0.928459742925561 off 0.03665114710657993 neg 0.03488910996785916	false	0.5
unstetig	neg 1.0		__DUMMY__ 0.9292235119634388 off 0.03935675898439666 neg 0.03141972905216467	false	0.5
entmutigen	neg 1.0		__DUMMY__ 0.930136647877866 off 0.038358317999184134 neg 0.031505034122949874	false	0.5
schwanz	neg 1.0		__DUMMY__ 0.9334994250399733 off 0.034711629504697965 neg 0.031788945455328774	false	0.5
verbot	neg 1.0		__DUMMY__ 0.9311784946342891 off 0.03567043554046219 neg 0.03315106982524868	false	0.5
leid	neg 1.0		__DUMMY__ 0.9225068306592644 off 0.04619305444616056 neg 0.03130011489457503	false	0.5
archaisch	neg 1.0		__DUMMY__ 0.9309095036714176 off 0.03662961218507034 neg 0.03246088414351207	false	0.5
gegen			__DUMMY__ 0.9346496748361266 neg 0.03310947197828048 off 0.03224085318559285	false	0.0
scheidung	neg 1.0		__DUMMY__ 0.9212549131135702 off 0.054218102282811674 neg 0.02452698460361807	false	0.5
einschlag	neg 1.0		__DUMMY__ 0.9258653256168906 off 0.04391008716769858 neg 0.03022458721541077	false	0.5
m			__DUMMY__ 0.932967668736209 off 0.03552745282399015 neg 0.0315048784398009	false	0.0
abgestanden	neg 1.0		__DUMMY__ 0.9298150444307464 off 0.03737100162595888 neg 0.03281395394329474	false	0.5
schmierig	off 1.0		__DUMMY__ 0.9248861793573669 off 0.04556075753856587 neg 0.0295530631040672	false	1.0
unpraktisch	neg 1.0		__DUMMY__ 0.9299434445708193 off 0.03848662703281178 neg 0.03156992839636888	false	0.5
wixxer	off 1.0		__DUMMY__ 0.9171491767538398 off 0.05083973735997851 neg 0.03201108588618174	false	1.0
bezeichnet			__DUMMY__ 0.9279357808634938 off 0.03794491570305029 neg 0.03411930343345583	false	0.0
jammerlappen	off 1.0		__DUMMY__ 0.9280684613018688 off 0.041588756051190987 neg 0.030342782646940118	false	1.0
farce	neg 1.0		__DUMMY__ 0.9301167199641206 off 0.036424384688605246 neg 0.03345889534727423	false	0.5
zwecklos	neg 1.0		__DUMMY__ 0.930038638919654 off 0.03631328588641796 neg 0.033648075193928054	false	0.5
turbulent	neg 1.0		__DUMMY__ 0.9263570215200786 off 0.04266567875399216 neg 0.03097729972592924	false	0.5
invasion	neg 1.0		__DUMMY__ 0.9287017039193278 off 0.039152550770009335 neg 0.0321457453106628	false	0.5
schuld	neg 1.0		__DUMMY__ 0.9283468059855026 off 0.03871103035138522 neg 0.0329421636631122	false	0.5
risiko	neg 1.0	neg 1.0	neg 0.49641540845545734 __DUMMY__ 0.4687446167819797 off 0.03483997476256299	false	1.0
finster	neg 1.0		__DUMMY__ 0.9280217870392724 off 0.0381848250321783 neg 0.03379338792854936	false	0.5
geisteskrank	off 1.0		__DUMMY__ 0.923124719388609 off 0.04326244834537919 neg 0.033612832266011874	false	1.0
zusammenbrechen	neg 1.0		__DUMMY__ 0.9313170191157918 off 0.036258639984624766 neg 0.03242434089958343	false	0.5
ausbeute	neg 1.0		__DUMMY__ 0.9388580131317135 off 0.03408309032661691 neg 0.027058896541669607	false	0.5
hinterhalt	neg 1.0		__DUMMY__ 0.9382440600489408 off 0.03573066246861257 neg 0.026025277482446596	false	0.5
kritik	neg 1.0		__DUMMY__ 0.9299508400672035 off 0.036315615131739774 neg 0.03373354480105674	false	0.5
einschrumpfen	neg 1.0		__DUMMY__ 0.9268856337471051 off 0.040885184631255345 neg 0.032229181621639486	false	0.5
riskant	neg 1.0		__DUMMY__ 0.9312965119839722 off 0.03436451934964924 neg 0.034338968666378505	false	0.5
frustrieren	neg 1.0		__DUMMY__ 0.9312522479383243 off 0.03504753183568147 neg 0.033700220225994275	false	0.5
groll	neg 1.0		__DUMMY__ 0.9301904016879962 off 0.03593949877971335 neg 0.03387009953229048	false	0.5
gibt			__DUMMY__ 0.9312983760837092 off 0.036391204934055336 neg 0.03231041898223543	false	0.0
qualvoll	neg 1.0		__DUMMY__ 0.9299419689828223 off 0.039975979258536555 neg 0.030082051758641117	false	0.5
wackeln	neg 1.0		__DUMMY__ 0.9326935398464823 off 0.038145215593419504 neg 0.029161244560098228	false	0.5
klagen	neg 1.0		__DUMMY__ 0.9339136708504603 neg 0.033909014550249486 off 0.0321773145992902	false	1.0
bankrott	neg 1.0		__DUMMY__ 0.9297736651895329 off 0.040765150867105214 neg 0.029461183943361963	false	0.5
trauern	neg 1.0		__DUMMY__ 0.935187795786437 off 0.03448688523806177 neg 0.0303253189755013	false	0.5
ablehnung	neg 1.0		__DUMMY__ 0.9298139181762465 off 0.036125121543735574 neg 0.03406096028001797	false	0.5
stur	neg 1.0		__DUMMY__ 0.9280352324276062 off 0.03880542030156088 neg 0.033159347270832924	false	0.5
aufruhr	neg 1.0		__DUMMY__ 0.9313269910982477 off 0.03684378464127897 neg 0.031829224260473375	false	0.5
melancholie	neg 1.0		__DUMMY__ 0.9332730340088509 off 0.034697369897027694 neg 0.03202959609412146	false	0.5
ist			__DUMMY__ 0.9292950124805254 off 0.039210931722528326 neg 0.03149405579694635	false	0.0
torheit	neg 1.0		__DUMMY__ 0.9304381190140654 off 0.03803481777354373 neg 0.031527063212390925	false	0.5
dreckskind	off 1.0		__DUMMY__ 0.9202521433826654 off 0.04717182391618003 neg 0.03257603270115461	false	1.0
umtauschen	neg 1.0		__DUMMY__ 0.9310804149513271 off 0.0368014356414545 neg 0.032118149407218514	false	0.5
zum			__DUMMY__ 0.9401049366501602 neg 0.03012525600476215 off 0.029769807345077677	false	0.0
zersetzen	neg 1.0		__DUMMY__ 0.9320792355204812 neg 0.03420475048972362 off 0.033716013989795166	false	1.0
zur			__DUMMY__ 0.9382986652124494 neg 0.03210338140040568 off 0.029597953387144986	false	0.0
frust	neg 1.0		__DUMMY__ 0.93159967865095 off 0.036311224539705284 neg 0.03208909680934482	false	0.5
unerbittlichkeit	neg 1.0		__DUMMY__ 0.9330259758715524 off 0.03363477481195979 neg 0.03333924931648778	false	0.5
zwei			__DUMMY__ 0.938560687552088 neg 0.03078682874374832 off 0.030652483704163805	false	0.0
unkorrekt	neg 1.0		__DUMMY__ 0.9242914092732395 off 0.04422889796499464 neg 0.0314796927617658	false	0.5
hexe	off 1.0		__DUMMY__ 0.9251795950787525 off 0.04153098015088585 neg 0.033289424770361606	false	1.0
lasch	neg 1.0		__DUMMY__ 0.9256870282840307 off 0.04101938776224252 neg 0.033293583953726766	false	0.5
rivale	neg 1.0		__DUMMY__ 0.9262182080133807 off 0.043282784922857816 neg 0.030499007063761435	false	0.5
mutlos	off 1.0	off 1.0	off 0.5015487675047524 __DUMMY__ 0.4670557196435976 neg 0.031395512851649966	false	1.0
wirr	off 1.0		__DUMMY__ 0.9237248186413459 off 0.0449045482478472 neg 0.03137063311080683	false	1.0
jahr			__DUMMY__ 0.9390183147172201 off 0.03252044642475789 neg 0.028461238858022105	false	0.0
wird			__DUMMY__ 0.9315863865875115 off 0.03535747892971311 neg 0.03305613448277538	false	0.0
strafbar	neg 1.0		__DUMMY__ 0.9312472359319763 off 0.034774023862045776 neg 0.03397874020597795	false	0.5
erosion	neg 1.0		__DUMMY__ 0.9326870897385919 off 0.03737577674932184 neg 0.02993713351208626	false	0.5
eingehen	neg 1.0		__DUMMY__ 0.9308668379936957 off 0.034908940709264466 neg 0.034224221297039774	false	0.5
faul	off 1.0		__DUMMY__ 0.9294590632216608 off 0.04060825725842224 neg 0.029932679519916957	false	1.0
provisorium	neg 1.0		__DUMMY__ 0.9405859077480895 neg 0.03179372211608094 off 0.027620370135829537	false	1.0
schmerzen	neg 1.0		__DUMMY__ 0.9305252067688283 off 0.03629403813419881 neg 0.033180755096972776	false	0.5
schrumpfen	neg 1.0		__DUMMY__ 0.934930969053177 neg 0.03500063192823986 off 0.030068399018583245	false	1.0
geistlos	off 1.0		__DUMMY__ 0.9254787282636578 off 0.0402512429088673 neg 0.03427002882747485	false	1.0
fehlkauf	neg 1.0		__DUMMY__ 0.9310849635296812 off 0.039037506687614534 neg 0.02987752978270438	false	0.5
frustrierend	neg 1.0		__DUMMY__ 0.9278264776299371 off 0.040816470692483106 neg 0.031357051677579864	false	0.5
unzufrieden	neg 1.0		__DUMMY__ 0.9296031024486786 off 0.03609062604398233 neg 0.0343062715073391	false	0.5
verzweifeln	neg 1.0		__DUMMY__ 0.9305608986342411 off 0.03696725828707054 neg 0.03247184307868838	false	0.5
verzweifelt	neg 1.0	neg 1.0	neg 0.5010245649647515 __DUMMY__ 0.4636723262215879 off 0.03530310881366062	false	1.0
misstrauensantrag	neg 1.0		__DUMMY__ 0.9290429564310431 off 0.0391041568389379 neg 0.03185288673001898	false	0.5
abfallen	neg 1.0		__DUMMY__ 0.9322688176075675 off 0.03789065933571808 neg 0.029840523056714387	false	0.5
fucker	off 1.0		__DUMMY__ 0.9268417054847691 off 0.044019525099847176 neg 0.02913876941538374	false	1.0
ungezogen	neg 1.0		__DUMMY__ 0.9199808094178785 off 0.049841747811524076 neg 0.03017744277059733	false	0.5
irrsinnig	neg 1.0	neg 1.0	neg 0.5004064095202857 __DUMMY__ 0.4643127884064974 off 0.035280802073216704	false	1.0
unfassbar	neg 1.0		__DUMMY__ 0.9270945817440269 off 0.042506257803375865 neg 0.03039916045259723	false	0.5
hart	neg 1.0		__DUMMY__ 0.9275398212674117 off 0.04197270229581913 neg 0.03048747643676922	false	0.5
widerlich	off 1.0		__DUMMY__ 0.9245911244526107 off 0.04310138400481534 neg 0.03230749154257387	false	1.0
fatal	neg 1.0		__DUMMY__ 0.9296368746935018 off 0.03952129280333656 neg 0.03084183250316172	false	0.5
bruch	neg 1.0		__DUMMY__ 0.9340848856696872 neg 0.03340370830705443 off 0.032511406023258436	false	1.0
aushungern	neg 1.0		__DUMMY__ 0.9325050389263102 off 0.0364174142207314 neg 0.03107754685295833	false	0.5
anspannung	neg 1.0		__DUMMY__ 0.9387072624307555 neg 0.0312323967806095 off 0.030060340788635044	false	1.0
von			__DUMMY__ 0.9407542679056276 off 0.0325484045419177 neg 0.026697327552454703	false	0.0
kraftlos	neg 1.0		__DUMMY__ 0.9327723314532261 off 0.03562004156211183 neg 0.031607626984662025	false	0.5
vom			__DUMMY__ 0.9417672516748994 neg 0.03035800166098084 off 0.027874746664119834	false	0.0
grenzdebil	off 1.0		__DUMMY__ 0.9276619475681375 off 0.042659385101343865 neg 0.029678667330518736	false	1.0
vor			__DUMMY__ 0.9356901258803585 off 0.03279988380191105 neg 0.031509990317730385	false	0.0
unterwerfen	neg 1.0		__DUMMY__ 0.9325305102971778 off 0.034941013977764106 neg 0.032528475725058084	false	0.5
versenkung	neg 1.0		__DUMMY__ 0.9334584226683882 off 0.035087293796633605 neg 0.031454283534978186	false	0.5
entziehen	neg 1.0		__DUMMY__ 0.9336360670610891 neg 0.03380063881958612 off 0.03256329411932465	false	1.0
finanzkrise	neg 1.0		__DUMMY__ 0.9298670662037505 off 0.03681418483382773 neg 0.03331874896242174	false	0.5
schimpfend	neg 1.0		__DUMMY__ 0.9297067726374912 off 0.038794226759710004 neg 0.03149900060279878	false	0.5
profan	neg 1.0		__DUMMY__ 0.9278896420659397 off 0.03979388095137819 neg 0.032316476982682175	false	0.5
korruption	neg 1.0		__DUMMY__ 0.931773394799492 off 0.035385912687955906 neg 0.032840692512552096	false	0.5
â			__DUMMY__ 0.9343272473061375 off 0.03507795876086188 neg 0.030594793933000537	false	0.0
schmutzig	neg 1.0		__DUMMY__ 0.9281691887118804 off 0.043018979882231446 neg 0.028811831405888146	false	0.5
sexy	neg 1.0		__DUMMY__ 0.9295409851306237 off 0.04047412312045036 neg 0.029984891748925952	false	0.5
abraten	neg 1.0		__DUMMY__ 0.9293455126150703 off 0.03912970792317726 neg 0.03152477946175242	false	0.5
schwarz	neg 1.0		__DUMMY__ 0.9296615607326637 off 0.038915808644887556 neg 0.03142263062244873	false	0.5
fotze	off 1.0	off 1.0	off 0.5025137392763284 __DUMMY__ 0.46898257164517626 neg 0.02850368907849528	false	1.0
verwirren	neg 1.0		__DUMMY__ 0.9284266803211745 off 0.040225896157859604 neg 0.031347423520965874	false	0.5
zahnlos	off 1.0		__DUMMY__ 0.9298613028470409 off 0.036734306286802375 neg 0.03340439086615666	false	1.0
verheeren	neg 1.0		__DUMMY__ 0.9217647081431443 off 0.05114014686248497 neg 0.02709514499437083	false	0.5
hippie	neg 1.0		__DUMMY__ 0.9296230157364218 off 0.04026717322162386 neg 0.03010981104195427	false	0.5
rammen	neg 1.0		__DUMMY__ 0.928731044735268 off 0.038383640369434494 neg 0.03288531489529748	false	0.5
unlauter	neg 1.0		__DUMMY__ 0.9268618735150286 off 0.03852182614297729 neg 0.03461630034199415	false	0.5
unheilvoll	neg 1.0		__DUMMY__ 0.9310376868411934 off 0.03872925815507692 neg 0.03023305500372972	false	0.5
niedrig	neg 1.0		__DUMMY__ 0.9314028665568548 neg 0.03491792723283258 off 0.03367920621031263	false	1.0
explosion	neg 1.0		__DUMMY__ 0.9294100659263608 off 0.03976452011265206 neg 0.030825413960987137	false	0.5
weichei	off 1.0	off 1.0	off 0.5124012246634373 __DUMMY__ 0.45907066731324714 neg 0.028528108023315558	false	1.0
minusmensch	off 1.0		__DUMMY__ 0.9187343082417858 off 0.04943267138444944 neg 0.03183302037376472	false	1.0
farblos	neg 1.0		__DUMMY__ 0.9327587542898492 off 0.03673875378454089 neg 0.030502491925609856	false	0.5
unwissend	neg 1.0	neg 1.0	neg 0.49973984815233913 __DUMMY__ 0.4622700470026962 off 0.037990104844964616	false	1.0
traurig	neg 1.0		__DUMMY__ 0.9257869092174744 off 0.04433474242364208 neg 0.029878348358883585	false	0.5
senkung	neg 1.0		__DUMMY__ 0.9264652015824149 off 0.039661081489844666 neg 0.03387371692774056	false	0.5
ungleich	neg 1.0	neg 1.0	neg 0.5017044689015671 __DUMMY__ 0.46730487257608455 off 0.030990658522348325	false	1.0
heikel	neg 1.0		__DUMMY__ 0.9310248031647086 neg 0.034657500164453764 off 0.034317696670837596	false	1.0
drosselung	neg 1.0		__DUMMY__ 0.9270548732778731 off 0.04241448842530801 neg 0.03053063829681893	false	0.5
falsch	neg 1.0		__DUMMY__ 0.9269468125489525 off 0.040928772914869745 neg 0.032124414536177766	false	0.5
unzufriedenheit	neg 1.0		__DUMMY__ 0.9333481624113134 neg 0.03348416298823511 off 0.033167674600451495	false	1.0
kurz	neg 1.0		__DUMMY__ 0.9335315082533594 off 0.03614034430460561 neg 0.030328147442034957	false	0.5
unsinnig	neg 1.0		__DUMMY__ 0.9289652127541765 off 0.03682847577980192 neg 0.034206311466021565	false	0.5
penner	off 1.0	off 1.0	off 0.5136178934269835 __DUMMY__ 0.4587320700651946 neg 0.027650036507821794	false	1.0
seicht	neg 1.0		__DUMMY__ 0.9186271041879182 off 0.04977479385758871 neg 0.03159810195449312	false	0.5
dummheit	off 1.0	off 1.0	off 0.506755871747591 __DUMMY__ 0.46316274128323515 neg 0.030081386969173916	false	1.0
unerfreulich	neg 1.0		__DUMMY__ 0.9330105419293275 off 0.03349574405958152 neg 0.0334937140110909	false	0.5
motherfucker	off 1.0	off 1.0	off 0.5097221349275355 __DUMMY__ 0.46297226438622874 neg 0.027305600686235793	false	1.0
pikiert	neg 1.0		__DUMMY__ 0.9258321377418615 off 0.04249190972603546 neg 0.03167595253210301	false	0.5
wrack	neg 1.0		__DUMMY__ 0.9339190360064697 off 0.03543193588105564 neg 0.030649028112474577	false	0.5
gangster	neg 1.0		__DUMMY__ 0.929583232649099 off 0.040259519098190526 neg 0.030157248252710434	false	0.5
krank	neg 1.0		__DUMMY__ 0.9277090136842333 off 0.04243848279687656 neg 0.029852503518890173	false	0.5
reich	neg 1.0		__DUMMY__ 0.9303686475534669 off 0.04162295042686901 neg 0.028008402019664074	false	0.5
gnadenlos	neg 1.0		__DUMMY__ 0.9290252747229166 off 0.038786377830874054 neg 0.03218834744620934	false	0.5
niedergeschlagen	neg 1.0		__DUMMY__ 0.9323051002788693 off 0.03643949323574788 neg 0.03125540648538286	false	0.5
terrorisieren	off 1.0	off 1.0	off 0.5016730983970329 __DUMMY__ 0.4686927924379539 neg 0.029634109165013224	false	1.0
sinnlosigkeit	neg 1.0		__DUMMY__ 0.9305924609263723 off 0.03622578126803106 neg 0.03318175780559672	false	0.5
behindern	neg 1.0		__DUMMY__ 0.9317940093276188 off 0.03681647407750015 neg 0.03138951659488107	false	0.5
undemokratisch	neg 1.0		__DUMMY__ 0.9293115260386465 off 0.03869084411986673 neg 0.03199762984148668	false	0.5
wirtschaftskrise	neg 1.0		__DUMMY__ 0.9312703071281009 off 0.03523551334439108 neg 0.03349417952750799	false	0.5
neid	neg 1.0		__DUMMY__ 0.9293830105654958 off 0.04051289475657551 neg 0.03010409467792876	false	0.5
rutschen	neg 1.0		__DUMMY__ 0.9396078580379794 off 0.03048460461738132 neg 0.029907537344639346	false	0.5
rezession	neg 1.0		__DUMMY__ 0.9203674130249309 off 0.044955876511285464 neg 0.034676710463783574	false	0.5
fehlgeburt	neg 1.0		__DUMMY__ 0.9313290812371865 off 0.038729892569825376 neg 0.029941026192988142	false	0.5
charakterschwach	off 1.0		__DUMMY__ 0.9247233675923597 off 0.04305731020434804 neg 0.03221932220329232	false	1.0
isolation	neg 1.0		__DUMMY__ 0.9286916464171975 off 0.040412498169320306 neg 0.0308958554134822	false	0.5
ablenkung	neg 1.0		__DUMMY__ 0.9312018007088607 off 0.037637993585049656 neg 0.03116020570608956	false	0.5
pech	neg 1.0		__DUMMY__ 0.9272099442437363 off 0.040161423586153086 neg 0.03262863217011068	false	0.5
vermeidung	neg 1.0		__DUMMY__ 0.9279926413365296 off 0.042545875785797 neg 0.029461482877673386	false	0.5
dominieren	neg 1.0		__DUMMY__ 0.9336909592766777 off 0.034546469793295356 neg 0.031762570930027025	false	0.5
schwindlig	neg 1.0		__DUMMY__ 0.9309757818629024 off 0.03882558944575645 neg 0.030198628691341187	false	0.5
lutscher	neg 1.0		__DUMMY__ 0.9192892440858699 off 0.04981517455892682 neg 0.030895581355203386	false	0.5
pflicht	neg 1.0		__DUMMY__ 0.9319120889424918 neg 0.03455670482557224 off 0.03353120623193599	false	1.0
faschist	off 1.0		__DUMMY__ 0.9284253898246604 off 0.040669637534311624 neg 0.03090497264102791	false	1.0
verschleudern	neg 1.0		__DUMMY__ 0.9312995438633911 neg 0.03456941689154811 off 0.03413103924506074	false	1.0
wenn			__DUMMY__ 0.9277918130124037 off 0.041068328587629856 neg 0.031139858399966393	false	0.0
ehebruch	neg 1.0		__DUMMY__ 0.9325269186327796 off 0.03536199629960366 neg 0.032111085067616806	false	0.5
spott	off 1.0		__DUMMY__ 0.9315047288944981 off 0.03503384939311128 neg 0.03346142171239069	false	1.0
trostlosigkeit	neg 1.0		__DUMMY__ 0.935779284723862 off 0.03284075678224958 neg 0.03137995849388844	false	0.5
lutschen	neg 1.0		__DUMMY__ 0.9277048731193095 off 0.04067710705808471 neg 0.031618019822605765	false	0.5
undiszipliniert	neg 1.0		__DUMMY__ 0.9250709490902017 off 0.043901588811729855 neg 0.03102746209806847	false	0.5
kopfschmerz	neg 1.0		__DUMMY__ 0.931340142959551 off 0.0355227126176557 neg 0.03313714442279327	false	0.5
unvorhergesehen	neg 1.0		__DUMMY__ 0.9364770772381578 off 0.03323493058948618 neg 0.03028799217235613	false	0.5
desinteressiert	neg 1.0		__DUMMY__ 0.92538349026565 off 0.04360004020075428 neg 0.03101646953359563	false	0.5
armselig	off 1.0		__DUMMY__ 0.922891410108448 off 0.04474574294605441 neg 0.03236284694549761	false	1.0
desaster	neg 1.0		__DUMMY__ 0.934313032770242 neg 0.03360950171193304 off 0.032077465517825	false	1.0
tod	neg 1.0		__DUMMY__ 0.9375656420095897 off 0.034930346386593175 neg 0.02750401160381712	false	0.5
herzlos	neg 1.0		__DUMMY__ 0.9246751607293193 off 0.044487904466274694 neg 0.03083693480440598	false	0.5
unwissenheit	neg 1.0		__DUMMY__ 0.9308011814555655 off 0.03598836362882606 neg 0.03321045491560849	false	0.5
widersinnig	neg 1.0		__DUMMY__ 0.9279879833517659 off 0.036211771350172534 neg 0.0358002452980616	false	0.5
bedenklich	neg 1.0		__DUMMY__ 0.9305234472926756 off 0.035276333350200695 neg 0.03420021935712377	false	0.5
beanstanden	neg 1.0		__DUMMY__ 0.9327345981959111 neg 0.03411403217323467 off 0.033151369630854265	false	1.0
panisch	neg 1.0	neg 1.0	neg 0.4962369670180608 __DUMMY__ 0.4681482268158628 off 0.035614806166076284	false	1.0
debil	off 1.0		__DUMMY__ 0.9402794738507663 neg 0.031454946966175845 off 0.028265579183057922	false	0.5
abstrich	neg 1.0		__DUMMY__ 0.9386310956286221 off 0.03558174785805768 neg 0.025787156513320135	false	0.5
primitiv	neg 1.0		__DUMMY__ 0.9243426682525784 off 0.043293546584918526 neg 0.03236378516250304	false	0.5
abschaum	off 1.0	off 1.0	off 0.5084795619116907 __DUMMY__ 0.462700812818098 neg 0.028819625270211306	false	1.0
provozieren	neg 1.0		__DUMMY__ 0.9276643218927695 off 0.03867291275200061 neg 0.03366276535523	false	0.5
tot	neg 1.0		__DUMMY__ 0.9323397565820996 off 0.03505801605294081 neg 0.03260222736495967	false	0.5
instabil	neg 1.0		__DUMMY__ 0.9243266541633877 off 0.04410811940530067 neg 0.031565226431311696	false	0.5
schwuchtel	off 1.0	off 1.0	off 0.5181626020523111 __DUMMY__ 0.4537223538726542 neg 0.02811504407503465	false	1.0
zerren	neg 1.0		__DUMMY__ 0.9322567954244325 off 0.036139862002601254 neg 0.03160334257296621	false	0.5
kinderficker	off 1.0		__DUMMY__ 0.923539286679468 off 0.04681799202939484 neg 0.02964272129113713	false	1.0
gefahr	neg 1.0		__DUMMY__ 0.9347639476484118 off 0.033022576936096185 neg 0.03221347541549205	false	0.5
rabiat	neg 1.0		__DUMMY__ 0.9305365638887918 off 0.03789423374683405 neg 0.031569202364374147	false	0.5
verlangsamung	neg 1.0		__DUMMY__ 0.9199251645773656 off 0.04822819064345767 neg 0.03184664477917668	false	0.5
ausgestorben	neg 1.0		__DUMMY__ 0.931470040287775 off 0.03755460665175957 neg 0.03097535306046543	false	0.5
anklagen	neg 1.0		__DUMMY__ 0.9321138756760312 off 0.03545989894473235 neg 0.03242622537923644	false	0.5
trott	neg 1.0		__DUMMY__ 0.9313905586843338 off 0.037154482625121436 neg 0.03145495869054475	false	0.5
verminderung	neg 1.0		__DUMMY__ 0.9266412697386084 off 0.04277775730400023 neg 0.030580972957391445	false	0.5
nach			__DUMMY__ 0.9393961939690159 neg 0.03093161247292317 off 0.029672193558060934	false	0.0
rost	neg 1.0		__DUMMY__ 0.9228739412876161 off 0.046832202747521805 neg 0.03029385596486203	false	0.5
destruktiv	neg 1.0		__DUMMY__ 0.928842833231967 off 0.03769325270755486 neg 0.0334639140604781	false	0.5
unzumutbarkeit	neg 1.0		__DUMMY__ 0.9285283209192652 off 0.041868071648157805 neg 0.02960360743257698	false	0.5
labil	off 1.0	off 1.0	off 0.5078637373633742 __DUMMY__ 0.4636658605192478 neg 0.028470402117377926	false	1.0
ziemlich	neg 1.0		__DUMMY__ 0.9278073608454032 off 0.04227412956306897 neg 0.02991850959152778	false	0.5
lachnummer	off 1.0		__DUMMY__ 0.9284345989023057 off 0.03843602736711916 neg 0.03312937373057508	false	1.0
oder			__DUMMY__ 0.9309866331808347 off 0.03810998728743527 neg 0.030903379531729964	false	0.0
verfall	neg 1.0		__DUMMY__ 0.9362539225073762 neg 0.03370084161893971 off 0.030045235873684205	false	1.0
ausgrenzung	neg 1.0		__DUMMY__ 0.9294467591811838 off 0.03915823004029342 neg 0.03139501077852281	false	0.5
unordnung	neg 1.0		__DUMMY__ 0.9293355469762852 off 0.043770687417919736 neg 0.026893765605795063	false	0.5
fehlverhalten	neg 1.0		__DUMMY__ 0.9310454695304287 neg 0.03489508443858934 off 0.034059446030982	false	1.0
eine			__DUMMY__ 0.934685105276476 off 0.03317146278878811 neg 0.032143431934736004	false	0.0
nille	neg 1.0		__DUMMY__ 0.9322015220657808 off 0.03735665866613719 neg 0.030441819268082013	false	0.5
qual	neg 1.0		__DUMMY__ 0.9318148071665063 off 0.036863755646417855 neg 0.031321437187075814	false	0.5
verschwenden	neg 1.0		__DUMMY__ 0.9307645086694355 neg 0.034632539600302346 off 0.03460295173026219	false	1.0
riesig	neg 1.0		__DUMMY__ 0.9347869559985644 off 0.03455621222516915 neg 0.030656831776266432	false	0.5
verurteilen	neg 1.0		__DUMMY__ 0.9298779392127674 off 0.036050644876391036 neg 0.03407141591084149	false	0.5
klischee	neg 1.0	neg 1.0	neg 0.4998380974759448 __DUMMY__ 0.4629497999411799 off 0.03721210258287523	false	1.0
diktatorisch	neg 1.0		__DUMMY__ 0.928584956053398 off 0.03888785672934603 neg 0.03252718721725599	false	0.5
vorhersehbar	neg 1.0		__DUMMY__ 0.9258670005132258 off 0.040503734859102775 neg 0.03362926462767149	false	0.5
sowie			__DUMMY__ 0.9233091150268723 off 0.04620126311682606 neg 0.03048962185630167	false	0.0
stornieren	neg 1.0		__DUMMY__ 0.9341601678503223 off 0.038820668917509474 neg 0.027019163232168228	false	0.5
besteuerung	neg 1.0		__DUMMY__ 0.9271791444596837 off 0.038000109562495984 neg 0.03482074597782029	false	0.5
ungeschminkt	neg 1.0		__DUMMY__ 0.923898304073799 off 0.042640363072508874 neg 0.033461332853692106	false	0.5
kritisch	neg 1.0		__DUMMY__ 0.9311492120051812 off 0.035124207568584614 neg 0.03372658042623417	false	0.5
schlamperei	off 1.0		__DUMMY__ 0.9335651516554484 off 0.03399277338461441 neg 0.032442074959937194	false	1.0
sucht	neg 1.0	neg 1.0	neg 0.49266972040331036 __DUMMY__ 0.4733774079747235 off 0.0339528716219661	false	1.0
egoistisch	off 1.0		__DUMMY__ 0.9212794275818649 off 0.04686218640735769 neg 0.031858386010777465	false	1.0
ausbeuter	off 1.0		__DUMMY__ 0.9304104341145454 neg 0.035529141389119896 off 0.03406042449633468	false	0.5
arschgeburt	off 1.0		__DUMMY__ 0.9149425698654393 off 0.053300824572981256 neg 0.031756605561579436	false	1.0
schubs	neg 1.0		__DUMMY__ 0.9317472332069484 off 0.03552864606581516 neg 0.032724120727236405	false	0.5
unsolide	neg 1.0		__DUMMY__ 0.9269912312337067 off 0.039317934947179035 neg 0.03369083381911415	false	0.5
beschwerde	neg 1.0		__DUMMY__ 0.9314260041237077 off 0.03462527951632903 neg 0.0339487163599633	false	0.5
stocken	neg 1.0		__DUMMY__ 0.933522140098625 off 0.0341996897558582 neg 0.0322781701455168	false	0.5
isolieren	neg 1.0		__DUMMY__ 0.9320738556430942 off 0.035406089350392946 neg 0.03252005500651289	false	0.5
unheilbar	neg 1.0		__DUMMY__ 0.9315235947978914 off 0.03810341753569968 neg 0.0303729876664089	false	0.5
pisser	off 1.0		__DUMMY__ 0.9242665476905623 off 0.04431313631382337 neg 0.03142031599561442	false	1.0
löschen	neg 1.0		__DUMMY__ 0.9316191426092274 off 0.03749437245315067 neg 0.030886484937622007	false	0.5
durchfallen	neg 1.0		__DUMMY__ 0.9291425488280757 off 0.03557403818052675 neg 0.03528341299139754	false	0.5
wichser	off 1.0	off 1.0	off 0.5159377445310545 __DUMMY__ 0.4568302762126828 neg 0.027231979256262747	false	1.0
terror	neg 1.0		__DUMMY__ 0.9298826566112003 off 0.03977874763647163 neg 0.030338595752328102	false	0.5
krass	neg 1.0		__DUMMY__ 0.9240771477952542 off 0.04468710380805866 neg 0.03123574839668719	false	0.5
revolte	neg 1.0		__DUMMY__ 0.9296039528055561 off 0.039456439103825076 neg 0.030939608090618922	false	0.5
besorgt	neg 1.0		__DUMMY__ 0.9355866500514772 off 0.03611106840530432 neg 0.028302281543218497	false	0.5
nachlassen	neg 1.0		__DUMMY__ 0.9360199818187452 off 0.033742945656393665 neg 0.030237072524861186	false	0.5
alt	neg 1.0		__DUMMY__ 0.9325373197040457 off 0.03506325204326876 neg 0.032399428252685554	false	0.5
hundesohn	off 1.0		__DUMMY__ 0.9192495837487673 off 0.050494888490637414 neg 0.03025552776059532	false	1.0
als			__DUMMY__ 0.9312128794250899 off 0.03602939082143402 neg 0.03275772975347611	false	0.0
abschreckung	neg 1.0		__DUMMY__ 0.9336780133809084 neg 0.03326985157476306 off 0.03305213504432853	false	1.0
unqualifiziert	neg 1.0		__DUMMY__ 0.9251211224285345 off 0.04126353620538514 neg 0.03361534136608032	false	0.5
abgewichst	off 1.0		__DUMMY__ 0.932701471756133 off 0.03664495387888984 neg 0.03065357436497711	false	1.0
schwer	neg 1.0		__DUMMY__ 0.9295606059405573 off 0.037328435998400376 neg 0.03311095806104238	false	0.5
bedeutungslosigkeit	neg 1.0		__DUMMY__ 0.9323124199874997 off 0.03388101206315295 neg 0.033806567949347326	false	0.5
kapitulation	neg 1.0		__DUMMY__ 0.9329353772000202 off 0.03487188640613548 neg 0.03219273639384439	false	0.5
unscharf	neg 1.0		__DUMMY__ 0.9276375175323325 off 0.039055919111413984 neg 0.03330656335625358	false	0.5
schwinden	neg 1.0		__DUMMY__ 0.9344861907804284 off 0.03354894379424893 neg 0.031964865425322724	false	0.5
versklavung	neg 1.0		__DUMMY__ 0.9312654780536427 off 0.038436487000382276 neg 0.030298034945975064	false	0.5
schlecht	neg 1.0		__DUMMY__ 0.9276686852197294 off 0.042496520734505196 neg 0.029834794045765254	false	0.5
verhasst	neg 1.0		__DUMMY__ 0.9264246150585614 off 0.039161391491678826 neg 0.03441399344975981	false	0.5
beschweren	neg 1.0		__DUMMY__ 0.9288172418785202 off 0.03936622171780446 neg 0.03181653640367532	false	0.5
scheiden	neg 1.0		__DUMMY__ 0.9328372107819844 off 0.03704591988254182 neg 0.03011686933547376	false	0.5
frustriert	neg 1.0		__DUMMY__ 0.9299240986431231 off 0.036719312551318266 neg 0.03335658880555858	false	0.5
schimmelig	neg 1.0		__DUMMY__ 0.9302195025901092 neg 0.03496398697241374 off 0.03481651043747704	false	1.0
fisch	neg 1.0		__DUMMY__ 0.9327428736315474 neg 0.03491427234753188 off 0.032342854020920714	false	1.0
schmuggel	neg 1.0		__DUMMY__ 0.9335544129724389 off 0.03408781463801795 neg 0.032357772389543196	false	0.5
auffallen	neg 1.0		__DUMMY__ 0.9284694523619331 off 0.03994106772064929 neg 0.031589479917417645	false	0.5
konkurrenz	neg 1.0		__DUMMY__ 0.9337185476917071 neg 0.033498665530728916 off 0.03278278677756393	false	1.0
teufelskreis	neg 1.0		__DUMMY__ 0.929215045222352 off 0.03762989184097951 neg 0.0331550629366685	false	0.5
aufschreien	neg 1.0		__DUMMY__ 0.9273222824150329 off 0.040093473333145765 neg 0.03258424425182128	false	0.5
schuldner	neg 1.0		__DUMMY__ 0.9318899938621872 neg 0.034747911354695474 off 0.03336209478311741	false	1.0
missgeburt	off 1.0	off 1.0	off 0.5131277984839347 __DUMMY__ 0.4581445421907087 neg 0.028727659325356574	false	1.0
arbeitslos	neg 1.0		__DUMMY__ 0.928726166323113 off 0.03594508866122349 neg 0.035328745015663424	false	0.5
befallen	neg 1.0		__DUMMY__ 0.9336716699006908 off 0.03655977992619041 neg 0.029768550173118746	false	0.5
miesepetrig	off 1.0	off 1.0	off 0.5079281699449045 __DUMMY__ 0.46376734652947665 neg 0.028304483525618776	false	1.0
alarmieren	neg 1.0		__DUMMY__ 0.9267547036467267 off 0.041539056855592886 neg 0.03170623949768039	false	0.5
ungeduscht	off 1.0		__DUMMY__ 0.9268281532549475 off 0.04056316653466314 neg 0.03260868021038937	false	1.0
knappheit	neg 1.0		__DUMMY__ 0.9293975199410136 off 0.035388077987092856 neg 0.03521440207189355	false	0.5
schlange	neg 1.0		__DUMMY__ 0.9328683710245635 off 0.03863467962414257 neg 0.028496949351293897	false	0.5
harsch	neg 1.0		__DUMMY__ 0.9268965409844789 off 0.04568789915193226 neg 0.02741555986358879	false	0.5
lang	neg 1.0		__DUMMY__ 0.9313240583357387 off 0.03818474201877666 neg 0.030491199645484548	false	0.5
ziellos	neg 1.0		__DUMMY__ 0.9335457480420059 off 0.03504424267920468 neg 0.03141000927878947	false	0.5
selbstverliebt	neg 1.0		__DUMMY__ 0.9171353125093424 off 0.0511795662251982 neg 0.03168512126545947	false	0.5
beseitigen	neg 1.0		__DUMMY__ 0.9329654045182849 off 0.036306548000060494 neg 0.030728047481654513	false	0.5
dumm	off 1.0		__DUMMY__ 0.9219020193197083 off 0.04727031228523977 neg 0.030827668395052025	false	1.0
arbeitsloser	neg 1.0		__DUMMY__ 0.9309293033961598 off 0.03595670865502181 neg 0.03311398794881836	false	0.5
blitzen	neg 1.0		__DUMMY__ 0.929615618205059 off 0.04018741889938232 neg 0.030196962895558614	false	0.5
hilflos	neg 1.0		__DUMMY__ 0.9305868063052678 off 0.03626535275493389 neg 0.0331478409397982	false	0.5
eklig	off 1.0		__DUMMY__ 0.920127676473913 off 0.04777542366993225 neg 0.03209689985615482	false	1.0
begriff			__DUMMY__ 0.9300780920258446 off 0.037251778475754845 neg 0.03267012949840047	false	0.0
hungersnot	neg 1.0		__DUMMY__ 0.933761638816045 off 0.03569921575778885 neg 0.03053914542616614	false	0.5
ungesetzlich	neg 1.0		__DUMMY__ 0.9261099691315788 off 0.038839756366387236 neg 0.03505027450203394	false	0.5
verschwendung	neg 1.0		__DUMMY__ 0.9325450274907239 off 0.0343067389728299 neg 0.033148233536446206	false	0.5
schmerzvoll	neg 1.0		__DUMMY__ 0.9297438458794208 off 0.03905156590042328 neg 0.031204588220155906	false	0.5
vorzeitig	neg 1.0		__DUMMY__ 0.9302347427694313 off 0.03980738281828362 neg 0.029957874412285066	false	0.5
unvollkommenheit	neg 1.0		__DUMMY__ 0.9360939037659487 off 0.03495793021716424 neg 0.028948166016886982	false	0.5
intervenieren	neg 1.0		__DUMMY__ 0.9312413707674162 neg 0.034403059545166925 off 0.03435556968741687	false	1.0
banause	off 1.0		__DUMMY__ 0.9171403167460469 off 0.049904486129040256 neg 0.03295519712491289	false	1.0
rebell	neg 1.0		__DUMMY__ 0.9350734153053566 neg 0.0340620125916265 off 0.03086457210301687	false	1.0
unlogisch	neg 1.0		__DUMMY__ 0.9230876032893975 off 0.04437423527446619 neg 0.032538161436136276	false	0.5
leiden	neg 1.0		__DUMMY__ 0.9352664116918571 off 0.03286409888761008 neg 0.03186948942053283	false	0.5
abschaffung	neg 1.0		__DUMMY__ 0.9295835245139503 off 0.03791675631571107 neg 0.032499719170338594	false	0.5
sturz	neg 1.0		__DUMMY__ 0.9325179728823233 off 0.037605278254400694 neg 0.02987674886327604	false	0.5
verkleinerung	neg 1.0		__DUMMY__ 0.9248820417846939 off 0.04020704841335851 neg 0.034910909801947596	false	0.5
schmarotzer	off 1.0		__DUMMY__ 0.9274213762665338 off 0.03662854002080931 neg 0.03595008371265691	false	1.0
bestrafung	neg 1.0		__DUMMY__ 0.9305273287321442 off 0.03862078237501482 neg 0.030851888892841007	false	0.5
achtlos	neg 1.0	neg 1.0	neg 0.49860105189461307 __DUMMY__ 0.46767681796641486 off 0.03372213013897212	false	1.0
ungeheuer	neg 1.0		__DUMMY__ 0.9304116223485591 off 0.03941376471843409 neg 0.030174612933006762	false	0.5
