unsolidarisch	neg 1.0		off 0.3569908663773085 __DUMMY__ 0.33145901109637893 neg 0.3115501225263126	false	0.5
nachteilig	neg 1.0		off 0.353740716745595 __DUMMY__ 0.33441843523324516 neg 0.3118408480211599	false	0.5
skeptisch	neg 1.0		off 0.3531173683888966 __DUMMY__ 0.3346270319044732 neg 0.31225559970663014	false	0.5
schrecklich	neg 1.0		off 0.36873213627965573 __DUMMY__ 0.32958465086767286 neg 0.30168321285267147	false	0.5
schlapp	neg 1.0		off 0.3648185615640981 __DUMMY__ 0.33139611088743187 neg 0.3037853275484701	false	0.5
abfall	neg 1.0		off 0.35057280036839145 __DUMMY__ 0.3372278503855768 neg 0.3121993492460318	false	0.5
widerspenstig	neg 1.0		off 0.35939035989764406 __DUMMY__ 0.33349647359137546 neg 0.30711316651098036	false	0.5
abrupt	neg 1.0		off 0.3557632890261629 __DUMMY__ 0.3363426817865126 neg 0.30789402918732456	false	0.5
unwirksam	neg 1.0		off 0.35642977598885794 __DUMMY__ 0.3307319230673437 neg 0.31283830094379833	false	0.5
angreifen	neg 1.0		off 0.353234898117179 __DUMMY__ 0.33479913236429276 neg 0.31196596951852823	false	0.5
inkonsistent	neg 1.0		off 0.3597147411822859 __DUMMY__ 0.3325629825181928 neg 0.3077222762995213	false	0.5
abrutschen	neg 1.0		off 0.3499696972892306 __DUMMY__ 0.33579558878525323 neg 0.3142347139255161	false	0.5
unsicher	neg 1.0		off 0.35910203744579455 __DUMMY__ 0.33384660470581273 neg 0.3070513578483928	false	0.5
bauernkind	off 1.0	off 1.0	off 0.6726351894445084 neg 0.17026016616653206 __DUMMY__ 0.1571046443889595	false	1.0
angreifer	neg 1.0	neg 1.0	neg 0.6380374269905488 off 0.2000417846379957 __DUMMY__ 0.1619207883714555	false	1.0
trennen	neg 1.0		off 0.3543458264210644 __DUMMY__ 0.3365684707481328 neg 0.30908570283080294	false	0.5
schmutz	neg 1.0		off 0.3635419970200196 __DUMMY__ 0.33612322133239625 neg 0.30033478164758415	false	0.5
inkonsistenz	neg 1.0		off 0.3621109771971286 __DUMMY__ 0.32837589982172466 neg 0.3095131229811468	false	0.5
erschreckend	neg 1.0		off 0.357323108242079 __DUMMY__ 0.3328118335922118 neg 0.3098650581657092	false	0.5
ertrinken	neg 1.0		off 0.35479871091407733 __DUMMY__ 0.33581282802703394 neg 0.3093884610588887	false	0.5
pickelface	off 1.0		off 0.35842761334004014 __DUMMY__ 0.33431693003448215 neg 0.30725545662547765	false	1.0
seiner			off 0.3539285639503646 __DUMMY__ 0.3350411203516998 neg 0.31103031569793566	false	0.0
lauch	neg 1.0		off 0.3517907857159725 __DUMMY__ 0.33704122398899633 neg 0.31116799029503117	false	0.5
unwichtig	neg 1.0		off 0.3632994227884934 __DUMMY__ 0.3304159982227513 neg 0.30628457898875533	false	0.5
steuerhinterziehung	neg 1.0	neg 1.0	neg 0.6420879916220914 off 0.19640996576621317 __DUMMY__ 0.16150204261169537	false	1.0
schock	neg 1.0		off 0.35857221238653825 __DUMMY__ 0.33443092305161365 neg 0.3069968645618481	false	0.5
beule	neg 1.0		off 0.3658030835268135 __DUMMY__ 0.33085531263070295 neg 0.30334160384248343	false	0.5
vergelten	neg 1.0		off 0.3686253949178457 __DUMMY__ 0.3314853976845863 neg 0.2998892073975681	false	0.5
verdorbenheit	neg 1.0		off 0.360957438998381 __DUMMY__ 0.33479351237689164 neg 0.3042490486247273	false	0.5
trauma	neg 1.0		off 0.3602034541969174 __DUMMY__ 0.33335281958066904 neg 0.3064437262224135	false	0.5
sinnlos	neg 1.0		off 0.3614180406417065 __DUMMY__ 0.3326762181005764 neg 0.3059057412577171	false	0.5
fettsack	off 1.0	off 1.0	off 0.6739505424305964 neg 0.1683431044093682 __DUMMY__ 0.15770635316003537	false	1.0
feige	off 1.0	off 1.0	off 0.6708331113721137 neg 0.16981042544462432 __DUMMY__ 0.15935646318326202	false	1.0
abdanken	neg 1.0		off 0.35821964885754076 __DUMMY__ 0.33374940199126624 neg 0.30803094915119295	false	0.5
wichtigtuer	off 1.0	off 1.0	off 0.6695035143120323 neg 0.17038765198456432 __DUMMY__ 0.16010883370340354	false	1.0
misslingen	neg 1.0		off 0.3615339074469091 __DUMMY__ 0.33581530118415054 neg 0.30265079136894024	false	0.5
untreu	off 1.0		off 0.3644734334165395 __DUMMY__ 0.3309160857049497 neg 0.3046104808785109	false	1.0
missmutig	neg 1.0		off 0.3644254017005957 __DUMMY__ 0.33200213687963415 neg 0.30357246141977023	false	0.5
hurenbock	off 1.0		off 0.36254290181304305 __DUMMY__ 0.33435157426178785 neg 0.30310552392516904	false	1.0
betrunken	neg 1.0		off 0.36678479560921 __DUMMY__ 0.3309041302926597 neg 0.3023110740981302	false	0.5
korrupt	off 1.0		off 0.3545201670886141 __DUMMY__ 0.33221434644805575 neg 0.3132654864633301	false	1.0
unmut	neg 1.0		off 0.35043496812826636 __DUMMY__ 0.33621229367365923 neg 0.3133527381980743	false	0.5
hackfresse	off 1.0		off 0.3719540616230522 __DUMMY__ 0.3274344408571904 neg 0.3006114975197574	false	1.0
aufblasen	neg 1.0		off 0.36157014639502066 __DUMMY__ 0.3334359477212466 neg 0.3049939058837329	false	0.5
gewaltsam	neg 1.0		off 0.3579954400366514 __DUMMY__ 0.33470757211703217 neg 0.3072969878463164	false	0.5
unbeliebtheit	neg 1.0		off 0.3615104996395651 __DUMMY__ 0.32977187510271505 neg 0.30871762525771995	false	0.5
sturheit	neg 1.0		off 0.3569210427376837 __DUMMY__ 0.3332817879357652 neg 0.30979716932655127	false	0.5
kuh	neg 1.0		off 0.35922653468882926 __DUMMY__ 0.3294682768152813 neg 0.3113051884958894	false	0.5
erschrecken	neg 1.0		off 0.36449183216052583 __DUMMY__ 0.3326197605953802 neg 0.30288840724409394	false	0.5
opfer	neg 1.0		off 0.35520279519329323 __DUMMY__ 0.33474908445273144 neg 0.3100481203539753	false	0.5
sinken	neg 1.0		off 0.3515744790065181 __DUMMY__ 0.3364928791693602 neg 0.3119326418241217	false	0.5
stinktier	neg 1.0		off 0.36693005818790025 __DUMMY__ 0.32608131201441093 neg 0.3069886297976888	false	0.5
tucke	off 1.0		off 0.3731610082229459 __DUMMY__ 0.32679855706725175 neg 0.30004043470980235	false	1.0
ein			off 0.3600877125109651 __DUMMY__ 0.33297639411065294 neg 0.30693589337838195	false	0.0
abstieg	neg 1.0		off 0.35398498556222896 __DUMMY__ 0.3350685717517808 neg 0.3109464426859904	false	0.5
missverstehen	neg 1.0		off 0.36080390279516195 __DUMMY__ 0.3306218844673964 neg 0.3085742127374416	false	0.5
ergebnislos	neg 1.0		off 0.3536389076386576 __DUMMY__ 0.3352002710595382 neg 0.31116082130180417	false	0.5
unter			off 0.3465874746535778 __DUMMY__ 0.3394899370827797 neg 0.3139225882636424	false	0.0
manipulieren	neg 1.0		off 0.35346133346227243 __DUMMY__ 0.33562468083676095 neg 0.3109139857009667	false	0.5
unbewiesen	neg 1.0		off 0.35656154961375985 __DUMMY__ 0.33098117982479114 neg 0.31245727056144895	false	0.5
verschleppen	neg 1.0		off 0.35497420362733295 __DUMMY__ 0.3339802875429194 neg 0.3110455088297478	false	0.5
weib	off 1.0		off 0.37139584682024007 __DUMMY__ 0.32551636059512207 neg 0.30308779258463786	false	1.0
opposition	neg 1.0		off 0.3597600317124893 __DUMMY__ 0.33178958966536504 neg 0.3084503786221457	false	0.5
verkehrswidrig	neg 1.0		off 0.3705156500745654 __DUMMY__ 0.3319199966205195 neg 0.29756435330491515	false	0.5
inkorrekt	neg 1.0		off 0.366793601847269 __DUMMY__ 0.32848644993648235 neg 0.30471994821624876	false	0.5
vermeiden	neg 1.0		off 0.34903041545550956 __DUMMY__ 0.3371275693565096 neg 0.3138420151879809	false	0.5
abweichung	neg 1.0		off 0.35427936634795376 __DUMMY__ 0.3338705767996278 neg 0.31185005685241846	false	0.5
alkoholisiert	neg 1.0		off 0.35451538077502015 __DUMMY__ 0.3354515251077311 neg 0.3100330941172488	false	0.5
scheiss	off 1.0	off 1.0	off 0.6716431546679981 neg 0.16857492213134553 __DUMMY__ 0.1597819232006564	false	1.0
herausforderung	neg 1.0		off 0.3537789946776382 __DUMMY__ 0.33542520394650105 neg 0.3107958013758607	false	0.5
pervers	off 1.0		off 0.37535346504839223 __DUMMY__ 0.325806020182575 neg 0.29884051476903273	false	1.0
wackelig	neg 1.0		off 0.3581622152852974 __DUMMY__ 0.33579001822104115 neg 0.30604776649366144	false	0.5
verwickeln	neg 1.0		off 0.3602741371122387 __DUMMY__ 0.330893846896964 neg 0.3088320159907974	false	0.5
vorwand	neg 1.0		off 0.3527231672108697 __DUMMY__ 0.3349584823219448 neg 0.31231835046718537	false	0.5
muschi	off 1.0		off 0.35842023373838067 __DUMMY__ 0.33411117867217677 neg 0.30746858758944257	false	1.0
entmutigung	neg 1.0		off 0.3597279305334166 __DUMMY__ 0.3324509200151114 neg 0.30782114945147193	false	0.5
unangemessen	neg 1.0		off 0.35559767518572916 __DUMMY__ 0.3321494314872902 neg 0.31225289332698064	false	0.5
unstetig	neg 1.0		off 0.36170148652917183 __DUMMY__ 0.33223660725023224 neg 0.30606190622059587	false	0.5
entmutigen	neg 1.0		off 0.35992529389267996 __DUMMY__ 0.33300695097017496 neg 0.307067755137145	false	0.5
schwanz	neg 1.0		off 0.3558391921869107 __DUMMY__ 0.3350642307002168 neg 0.30909657711287253	false	0.5
verbot	neg 1.0		off 0.35526873075426485 __DUMMY__ 0.3337756926895789 neg 0.31095557655615624	false	0.5
leid	neg 1.0		off 0.3697250184030963 __DUMMY__ 0.32804340223112594 neg 0.30223157936577777	false	0.5
archaisch	neg 1.0		off 0.35722097526787383 __DUMMY__ 0.3335726574184774 neg 0.3092063673136487	false	0.5
gegen			off 0.35126587464003645 __DUMMY__ 0.33609905093610887 neg 0.3126350744238546	false	0.0
scheidung	neg 1.0		off 0.3823143236332639 __DUMMY__ 0.3272807315435155 neg 0.29040494482322066	false	0.5
einschlag	neg 1.0		off 0.36750590480902495 __DUMMY__ 0.3301791142821571 neg 0.30231498090881775	false	0.5
m			off 0.35689596633993703 __DUMMY__ 0.33486075276168253 neg 0.3082432808983805	false	0.0
abgestanden	neg 1.0		off 0.3592788889853428 __DUMMY__ 0.33247769638669494 neg 0.3082434146279623	false	0.5
schmierig	off 1.0		off 0.3699477662843431 __DUMMY__ 0.32948611365480723 neg 0.3005661200608496	false	1.0
unpraktisch	neg 1.0		off 0.36060701730386124 __DUMMY__ 0.33275888241090934 neg 0.3066341002852293	false	0.5
wixxer	off 1.0		off 0.37473650243188994 __DUMMY__ 0.32475421650947556 neg 0.3005092810586344	false	1.0
bezeichnet			off 0.35769037650517593 __DUMMY__ 0.33180153842591364 neg 0.31050808506891053	false	0.0
jammerlappen	off 1.0		off 0.36444296608634097 __DUMMY__ 0.33169931808369035 neg 0.3038577158299688	false	1.0
farce	neg 1.0		off 0.3560823381264728 __DUMMY__ 0.3330714473860437 neg 0.31084621448748356	false	0.5
zwecklos	neg 1.0		off 0.35600330134056163 __DUMMY__ 0.3331453762706591 neg 0.31085132238877927	false	0.5
turbulent	neg 1.0		off 0.3656779666568672 __DUMMY__ 0.3304925900264696 neg 0.30382944331666334	false	0.5
invasion	neg 1.0		off 0.3606950770665683 __DUMMY__ 0.33217071039942325 neg 0.30713421253400836	false	0.5
schuld	neg 1.0		off 0.35935338737326866 __DUMMY__ 0.3320398333550305 neg 0.3086067792717008	false	0.5
risiko	neg 1.0	neg 1.0	neg 0.6382922801997668 off 0.19962613554481348 __DUMMY__ 0.16208158425541963	false	1.0
finster	neg 1.0		off 0.3593653176786269 __DUMMY__ 0.3315294310421835 neg 0.30910525127918953	false	0.5
geisteskrank	off 1.0		off 0.364418935416585 __DUMMY__ 0.32866716712400545 neg 0.3069138974594095	false	1.0
zusammenbrechen	neg 1.0		off 0.3568015218125075 __DUMMY__ 0.33392690544272813 neg 0.30927157274476424	false	0.5
ausbeute	neg 1.0		off 0.3581591842624272 __DUMMY__ 0.3382138980857116 neg 0.3036269176518611	false	0.5
hinterhalt	neg 1.0		off 0.3604242816232305 __DUMMY__ 0.33781198302348453 neg 0.30176373535328505	false	0.5
kritik	neg 1.0		off 0.3557489342994064 __DUMMY__ 0.3329983536514931 neg 0.31125271204910043	false	0.5
einschrumpfen	neg 1.0		off 0.3625708394531729 __DUMMY__ 0.3309794283004809 neg 0.3064497322463462	false	0.5
riskant	neg 1.0		off 0.35337803839365645 __DUMMY__ 0.33397163305268146 neg 0.3126503285536621	false	0.5
frustrieren	neg 1.0		off 0.3545392233328929 __DUMMY__ 0.33390080153925855 neg 0.31155997512784855	false	0.5
groll	neg 1.0		off 0.35542109622081774 __DUMMY__ 0.33321922428628825 neg 0.311359679492894	false	0.5
gibt			off 0.35689166788147214 __DUMMY__ 0.3339606887647349 neg 0.3091476433537929	false	0.0
qualvoll	neg 1.0		off 0.3629379329293237 __DUMMY__ 0.3328510903572305 neg 0.3042109767134459	false	0.5
wackeln	neg 1.0		off 0.3612157016524027 __DUMMY__ 0.3346121596041004 neg 0.3041721387434969	false	0.5
klagen	neg 1.0		off 0.3508733178509766 __DUMMY__ 0.33548172433022316 neg 0.31364495781880025	false	0.5
bankrott	neg 1.0		off 0.36447576922804903 __DUMMY__ 0.332717954595159 neg 0.30280627617679184	false	0.5
trauern	neg 1.0		off 0.355884702831307 __DUMMY__ 0.3362323637820618 neg 0.30788293338663114	false	0.5
ablehnung	neg 1.0		off 0.3552689313981631 __DUMMY__ 0.332917635515947 neg 0.3118134330858899	false	0.5
stur	neg 1.0		off 0.35939011503288315 __DUMMY__ 0.3318189016330172 neg 0.30879098333409954	false	0.5
aufruhr	neg 1.0		off 0.35775469491354955 __DUMMY__ 0.333855293520481 neg 0.3083900115659695	false	0.5
melancholie	neg 1.0		off 0.35597615639859326 __DUMMY__ 0.3348710253526968 neg 0.30915281824871005	false	0.5
ist			off 0.3609618435516734 __DUMMY__ 0.3325582859491218 neg 0.3064798704992047	false	0.0
torheit	neg 1.0		off 0.35923423261170007 __DUMMY__ 0.33320290264793406 neg 0.30756286474036576	false	0.5
dreckskind	off 1.0		off 0.3700260854681548 __DUMMY__ 0.32675189548653283 neg 0.30322201904531226	false	1.0
umtauschen	neg 1.0		off 0.3586219985164674 __DUMMY__ 0.33344893210380716 neg 0.3079290693797254	false	0.5
zum			off 0.3509340431412739 __DUMMY__ 0.3392980718106059 neg 0.30976788504812014	false	0.0
zersetzen	neg 1.0		off 0.35264622891891345 __DUMMY__ 0.33437424847897085 neg 0.3129795226021156	false	0.5
zur			off 0.3491164696898389 __DUMMY__ 0.33822684224547633 neg 0.31265668806468483	false	0.0
frust	neg 1.0		off 0.3569399052241485 __DUMMY__ 0.3341365156313809 neg 0.3089235791444705	false	0.5
unerbittlichkeit	neg 1.0		off 0.3530494034708158 __DUMMY__ 0.334926514355243 neg 0.3120240821739411	false	0.5
zwei			off 0.3516851589566045 __DUMMY__ 0.33837230063768853 neg 0.309942540405707	false	0.0
unkorrekt	neg 1.0		off 0.36688089376055544 __DUMMY__ 0.3292125617617502 neg 0.30390654447769444	false	0.5
hexe	off 1.0		off 0.3633808835764394 __DUMMY__ 0.32975312165599646 neg 0.3068659947675642	false	1.0
lasch	neg 1.0		off 0.3618626628473178 __DUMMY__ 0.3302964675048296 neg 0.3078408696478527	false	0.5
rivale	neg 1.0		off 0.36673315537923795 __DUMMY__ 0.3304126761813515 neg 0.30285416843941054	false	0.5
mutlos	off 1.0	off 1.0	off 0.665379135509682 neg 0.1730100674074409 __DUMMY__ 0.16161079708287712	false	1.0
wirr	off 1.0		off 0.36789499035265893 __DUMMY__ 0.32891474586113995 neg 0.3031902637862011	false	1.0
jahr			off 0.3552441945299712 __DUMMY__ 0.3385116037855746 neg 0.3062442016844542	false	0.0
wird			off 0.3554741013583014 __DUMMY__ 0.3340881255316394 neg 0.3104377731100592	false	0.0
strafbar	neg 1.0		off 0.35385811315423066 __DUMMY__ 0.33383482858575964 neg 0.3123070582600098	false	0.5
erosion	neg 1.0		off 0.36002433997486827 __DUMMY__ 0.33459382729938236 neg 0.30538183272574926	false	0.5
eingehen	neg 1.0		off 0.35402896542318013 __DUMMY__ 0.3336880974140757 neg 0.31228293716274413	false	0.5
faul	off 1.0		off 0.3641476066913535 __DUMMY__ 0.3323283084118925 neg 0.30352408489675414	false	1.0
provisorium	neg 1.0		off 0.34743839403557303 __DUMMY__ 0.3395929558979469 neg 0.31296865006648006	false	0.5
schmerzen	neg 1.0		off 0.3574115158871745 __DUMMY__ 0.3330908926924741 neg 0.3094975914203514	false	0.5
schrumpfen	neg 1.0		off 0.34791330801053727 __DUMMY__ 0.3361852541996346 neg 0.31590143778982815	false	0.5
geistlos	off 1.0		off 0.3601541221197442 __DUMMY__ 0.3301996656274378 neg 0.3096462122528179	false	1.0
fehlkauf	neg 1.0		off 0.36176665514302764 __DUMMY__ 0.3335786001272865 neg 0.30465474472968584	false	0.5
frustrierend	neg 1.0		off 0.36295326765153074 __DUMMY__ 0.3315936483974945 neg 0.30545308395097476	false	0.5
unzufrieden	neg 1.0		off 0.35532250156468137 __DUMMY__ 0.3329149571923497 neg 0.31176254124296887	false	0.5
verzweifeln	neg 1.0		off 0.35760396755365054 __DUMMY__ 0.33343390176150695 neg 0.3089621306848426	false	0.5
verzweifelt	neg 1.0	neg 1.0	neg 0.641253288518703 off 0.1984224881821782 __DUMMY__ 0.16032422329911875	false	1.0
misstrauensantrag	neg 1.0		off 0.36106426000792247 __DUMMY__ 0.3322880604682761 neg 0.3066476795238014	false	0.5
abfallen	neg 1.0		off 0.3609152517579342 __DUMMY__ 0.3341648642927402 neg 0.30491988394932557	false	0.5
fucker	off 1.0		off 0.36792790365995903 __DUMMY__ 0.3310416872600803 neg 0.30103040907996065	false	1.0
ungezogen	neg 1.0		off 0.3746436940803101 __DUMMY__ 0.3264412162549008 neg 0.298915089664789	false	0.5
irrsinnig	neg 1.0	neg 1.0	neg 0.6408529772018696 off 0.19859206477533542 __DUMMY__ 0.160554958022795	false	1.0
unfassbar	neg 1.0		off 0.3655495839180688 __DUMMY__ 0.3310788523457844 neg 0.3033715637361467	false	0.5
hart	neg 1.0		off 0.3651843416862532 __DUMMY__ 0.33120015005904846 neg 0.3036155082546984	false	0.5
widerlich	off 1.0		off 0.36513003544814715 __DUMMY__ 0.32949643088207453 neg 0.3053735336697783	false	1.0
fatal	neg 1.0		off 0.3617291717588338 __DUMMY__ 0.33280026496303317 neg 0.3054705632781331	false	0.5
bruch	neg 1.0		off 0.3514959898293149 __DUMMY__ 0.33565345450890377 neg 0.31285055566178144	false	0.5
aushungern	neg 1.0		off 0.35719136184376427 __DUMMY__ 0.33458192663254754 neg 0.3082267115236882	false	0.5
anspannung	neg 1.0		off 0.3503588531595845 __DUMMY__ 0.3385244727731918 neg 0.3111166740672238	false	0.5
von			off 0.35611648120212974 __DUMMY__ 0.33950069055398124 neg 0.30438282824388907	false	0.0
kraftlos	neg 1.0		off 0.3567748033104254 __DUMMY__ 0.33471047126257514 neg 0.30851472542699954	false	0.5
vom			off 0.34873656683304777 __DUMMY__ 0.3403189651848924 neg 0.31094446798205966	false	0.0
grenzdebil	off 1.0		off 0.36628678979841944 __DUMMY__ 0.3313219467931484 neg 0.30239126340843214	false	1.0
vor			off 0.35326512465380183 __DUMMY__ 0.33668492081531176 neg 0.3100499545308864	false	0.0
unterwerfen	neg 1.0		off 0.35500091137587764 __DUMMY__ 0.3345855961761499 neg 0.3104134924479723	false	0.5
versenkung	neg 1.0		off 0.35567311863687473 __DUMMY__ 0.3353223609250898 neg 0.3090045204380355	false	0.5
entziehen	neg 1.0		off 0.3514746968924288 __DUMMY__ 0.3353823521887839 neg 0.31314295091878724	false	0.5
finanzkrise	neg 1.0		off 0.3569571905624962 __DUMMY__ 0.33284861636895247 neg 0.3101941930685512	false	0.5
schimpfend	neg 1.0		off 0.3612142334419326 __DUMMY__ 0.33261337267116303 neg 0.3061723938869043	false	0.5
profan	neg 1.0		off 0.3613109462373693 __DUMMY__ 0.3316009886411977 neg 0.3070880651214329	false	0.5
korruption	neg 1.0		off 0.3552423319022439 __DUMMY__ 0.3340790545806331 neg 0.3106786135171229	false	0.5
â			off 0.35690980999671956 __DUMMY__ 0.3356803610103305 neg 0.3074098289929499	false	0.0
schmutzig	neg 1.0		off 0.3671852279485962 __DUMMY__ 0.33165305692596597 neg 0.3011617151254378	false	0.5
sexy	neg 1.0		off 0.36348103465289683 __DUMMY__ 0.33268791989208574 neg 0.3038310454550173	false	0.5
abraten	neg 1.0		off 0.36107025323117226 __DUMMY__ 0.33244913352154554 neg 0.30648061324728204	false	0.5
schwarz	neg 1.0		off 0.36074558232035653 __DUMMY__ 0.33279754182131766 neg 0.30645687585832576	false	0.5
fotze	off 1.0	off 1.0	off 0.6673667260998354 neg 0.1703549642664965 __DUMMY__ 0.16227830963366813	false	1.0
verwirren	neg 1.0		off 0.36223898265682924 __DUMMY__ 0.3319748836276696 neg 0.3057861337155011	false	0.5
zahnlos	off 1.0		off 0.3565431865177049 __DUMMY__ 0.3330583343105793 neg 0.31039847917171576	false	1.0
verheeren	neg 1.0		off 0.3774194755057433 __DUMMY__ 0.32767612096555004 neg 0.2949044035287066	false	0.5
hippie	neg 1.0		off 0.3630712588916468 __DUMMY__ 0.3327856166106113 neg 0.3041431244977418	false	0.5
rammen	neg 1.0		off 0.360025060354687 __DUMMY__ 0.3319547891847298 neg 0.30802015046058323	false	0.5
unlauter	neg 1.0		off 0.3582423085723451 __DUMMY__ 0.33094603552464086 neg 0.31081165590301413	false	0.5
unheilvoll	neg 1.0		off 0.3616996489672832 __DUMMY__ 0.33337107781136954 neg 0.3049292732213474	false	0.5
niedrig	neg 1.0		off 0.3528216313707062 __DUMMY__ 0.33374707933885817 neg 0.31343128929043557	false	0.5
explosion	neg 1.0		off 0.36221244851954276 __DUMMY__ 0.33253643327343557 neg 0.3052511182070216	false	0.5
weichei	off 1.0	off 1.0	off 0.6746973014016174 neg 0.1669385947685734 __DUMMY__ 0.15836410382980906	false	1.0
minusmensch	off 1.0		off 0.3724941483132482 __DUMMY__ 0.3259911448286268 neg 0.3015147068581251	false	1.0
farblos	neg 1.0		off 0.3594588332678955 __DUMMY__ 0.33439637052835747 neg 0.306144796203747	false	0.5
unwissend	neg 1.0	neg 1.0	neg 0.6394193403196328 off 0.20090686985821185 __DUMMY__ 0.15967378982215524	false	1.0
traurig	neg 1.0		off 0.36815811377504637 __DUMMY__ 0.3301452372557992 neg 0.30169664896915444	false	0.5
senkung	neg 1.0		off 0.36047624880479395 __DUMMY__ 0.33065917291391866 neg 0.3088645782812873	false	0.5
ungleich	neg 1.0	neg 1.0	neg 0.6433747240874004 off 0.19496418980039915 __DUMMY__ 0.16166108611220045	false	1.0
heikel	neg 1.0		off 0.35312607609897545 __DUMMY__ 0.3337447205334322 neg 0.3131292033675925	false	0.5
drosselung	neg 1.0		off 0.3658119099059713 __DUMMY__ 0.3309281836797721 neg 0.3032599064142566	false	0.5
falsch	neg 1.0		off 0.36274186232199807 __DUMMY__ 0.3309762571450334 neg 0.30628188053296856	false	0.5
unzufriedenheit	neg 1.0		off 0.35232093798261804 __DUMMY__ 0.3351862549813048 neg 0.3124928070360773	false	0.5
kurz	neg 1.0		off 0.35832343935297295 __DUMMY__ 0.3351096462846021 neg 0.3065669143624251	false	0.5
unsinnig	neg 1.0		off 0.35631342900927065 __DUMMY__ 0.33243064716132364 neg 0.31125592382940587	false	0.5
penner	off 1.0	off 1.0	off 0.6757578694058185 neg 0.1659742828049678 __DUMMY__ 0.1582678477892137	false	1.0
seicht	neg 1.0		off 0.37326784361383375 __DUMMY__ 0.3257347925950547 neg 0.30099736379111147	false	0.5
dummheit	off 1.0	off 1.0	off 0.6697420529110754 neg 0.17016987244911388 __DUMMY__ 0.16008807463981078	false	1.0
unerfreulich	neg 1.0		off 0.35298802342773794 __DUMMY__ 0.33490418553572193 neg 0.3121077910365401	false	0.5
motherfucker	off 1.0	off 1.0	off 0.672856216638425 neg 0.1671279145147482 __DUMMY__ 0.16001586884682695	false	1.0
pikiert	neg 1.0		off 0.36475423140423735 __DUMMY__ 0.33027816895711254 neg 0.3049675996386501	false	0.5
wrack	neg 1.0		off 0.3574886747152751 __DUMMY__ 0.33523556359670764 neg 0.3072757616880171	false	0.5
gangster	neg 1.0		off 0.3631087731675323 __DUMMY__ 0.3327238543387021 neg 0.3041673724937655	false	0.5
krank	neg 1.0		off 0.3662253675861764 __DUMMY__ 0.3312609927763724 neg 0.3025136396374513	false	0.5
reich	neg 1.0		off 0.3660861484380652 __DUMMY__ 0.33292846234422324 neg 0.30098538921771145	false	0.5
gnadenlos	neg 1.0		off 0.35985311025039063 __DUMMY__ 0.33249225249860603 neg 0.3076546372510034	false	0.5
niedergeschlagen	neg 1.0		off 0.3579418342035517 __DUMMY__ 0.33444195409319233 neg 0.30761621170325604	false	0.5
terrorisieren	off 1.0	off 1.0	off 0.6661054045660527 neg 0.17164702150498848 __DUMMY__ 0.16224757392895886	false	1.0
sinnlosigkeit	neg 1.0		off 0.35624432575492443 __DUMMY__ 0.3334804890888149 neg 0.3102751851562605	false	0.5
behindern	neg 1.0		off 0.3585250642332993 __DUMMY__ 0.3340582172140908 neg 0.30741671855260994	false	0.5
undemokratisch	neg 1.0		off 0.3594684436778311 __DUMMY__ 0.3325170374490791 neg 0.30801451887308995	false	0.5
wirtschaftskrise	neg 1.0		off 0.3547891328792652 __DUMMY__ 0.33380470636816834 neg 0.3114061607525666	false	0.5
neid	neg 1.0		off 0.36374252211079694 __DUMMY__ 0.3323583315242946 neg 0.30389914636490845	false	0.5
rutschen	neg 1.0		off 0.3520272271968976 __DUMMY__ 0.3389362122593781 neg 0.30903656054372436	false	0.5
rezession	neg 1.0		off 0.3659474920640029 __DUMMY__ 0.3269883969743477 neg 0.30706411096164943	false	0.5
fehlgeburt	neg 1.0		off 0.3617145650968371 __DUMMY__ 0.33356173161567376 neg 0.3047237032874892	false	0.5
charakterschwach	off 1.0		off 0.36493398008125194 __DUMMY__ 0.32960371954088374 neg 0.30546230037786437	false	1.0
isolation	neg 1.0		off 0.3630452031604832 __DUMMY__ 0.3320903354868722 neg 0.30486446135264467	false	0.5
ablenkung	neg 1.0		off 0.35936329260181077 __DUMMY__ 0.33371787202501996 neg 0.3069188353731692	false	0.5
pech	neg 1.0		off 0.3622807216931163 __DUMMY__ 0.33099255968017155 neg 0.3067267186267122	false	0.5
vermeidung	neg 1.0		off 0.36653622983482237 __DUMMY__ 0.3315667807910908 neg 0.30189698937408677	false	0.5
dominieren	neg 1.0		off 0.3553015876290685 __DUMMY__ 0.3352655282215474 neg 0.3094328841493841	false	0.5
schwindlig	neg 1.0		off 0.36211635309928036 __DUMMY__ 0.3332415626677359 neg 0.3046420842329838	false	0.5
lutscher	neg 1.0		off 0.3741908293362071 __DUMMY__ 0.32605574964446704 neg 0.29975342101932584	false	0.5
pflicht	neg 1.0		off 0.3520622710723302 __DUMMY__ 0.33440464613897053 neg 0.31353308278869924	false	0.5
faschist	off 1.0		off 0.36244360741526965 __DUMMY__ 0.33195549751269743 neg 0.3056008950720329	false	1.0
verschleudern	neg 1.0		off 0.3529879302044341 __DUMMY__ 0.33378360349162567 neg 0.31322846630394025	false	0.5
wenn			off 0.3634446582106335 __DUMMY__ 0.33154400214913304 neg 0.30501133964023347	false	0.0
ehebruch	neg 1.0		off 0.35565527800962754 __DUMMY__ 0.3346001438881814 neg 0.30974457810219114	false	0.5
spott	off 1.0		off 0.35444259545348594 __DUMMY__ 0.33402260375437676 neg 0.3115348007921374	false	1.0
trostlosigkeit	neg 1.0		off 0.3533339915506746 __DUMMY__ 0.3366295112099797 neg 0.3100364972393458	false	0.5
lutschen	neg 1.0		off 0.36274852718728684 __DUMMY__ 0.3315116299436794 neg 0.30573984286903383	false	0.5
undiszipliniert	neg 1.0		off 0.3670721419028463 __DUMMY__ 0.3296985529334847 neg 0.303229305163669	false	0.5
kopfschmerz	neg 1.0		off 0.35651957146197233 __DUMMY__ 0.33363230641506836 neg 0.3098481221229593	false	0.5
unvorhergesehen	neg 1.0		off 0.35541567857811385 __DUMMY__ 0.33684680946479956 neg 0.30773751195708654	false	0.5
desinteressiert	neg 1.0		off 0.366569025156778 __DUMMY__ 0.32992436533878405 neg 0.30350660950443786	false	0.5
armselig	off 1.0		off 0.3669241990159159 __DUMMY__ 0.32846189861755 neg 0.30461390236653413	false	1.0
desaster	neg 1.0		off 0.35084271853257415 __DUMMY__ 0.3358246470824446 neg 0.3133326343849814	false	0.5
tod	neg 1.0		off 0.35856576174329985 __DUMMY__ 0.33743284674991986 neg 0.30400139150678035	false	0.5
herzlos	neg 1.0		off 0.3677396885201936 __DUMMY__ 0.32948299081113597 neg 0.30277732066867036	false	0.5
unwissenheit	neg 1.0		off 0.3558467288651275 __DUMMY__ 0.33353287810155025 neg 0.31062039303332234	false	0.5
widersinnig	neg 1.0		off 0.3544249176097353 __DUMMY__ 0.3317910845535649 neg 0.31378399783669997	false	0.5
bedenklich	neg 1.0		off 0.35449194589802513 __DUMMY__ 0.3334366865627109 neg 0.3120713675392641	false	0.5
beanstanden	neg 1.0		off 0.35192543673219523 __DUMMY__ 0.33480571746216187 neg 0.3132688458056429	false	0.5
panisch	neg 1.0	neg 1.0	neg 0.6375658418991389 off 0.2005917940890107 __DUMMY__ 0.16184236401185043	false	1.0
debil	off 1.0		off 0.3485144129608011 __DUMMY__ 0.33934709102088584 neg 0.312138496018313	false	1.0
abstrich	neg 1.0		off 0.3615099563304727 __DUMMY__ 0.3376570615636931 neg 0.3008329821058341	false	0.5
primitiv	neg 1.0		off 0.36528614484197364 __DUMMY__ 0.3293609181218433 neg 0.3053529370361831	false	0.5
abschaum	off 1.0	off 1.0	off 0.6713475860571798 neg 0.1687609007057718 __DUMMY__ 0.1598915132370483	false	1.0
provozieren	neg 1.0		off 0.3588715279099699 __DUMMY__ 0.3316304672120502 neg 0.30949800487797996	false	0.5
tot	neg 1.0		off 0.3561531051333648 __DUMMY__ 0.334175822810069 neg 0.3096710720565661	false	0.5
instabil	neg 1.0		off 0.36689039480957936 __DUMMY__ 0.32929995432847436 neg 0.3038096508619463	false	0.5
schwuchtel	off 1.0	off 1.0	off 0.6786547449680116 neg 0.16491041402489387 __DUMMY__ 0.15643484100709462	false	1.0
zerren	neg 1.0		off 0.35720777341392623 __DUMMY__ 0.3344752750579217 neg 0.3083169515281521	false	0.5
kinderficker	off 1.0		off 0.3707763085102314 __DUMMY__ 0.3287273457093377 neg 0.3004963457804308	false	1.0
gefahr	neg 1.0		off 0.35282336740388004 __DUMMY__ 0.3360438494328822 neg 0.31113278316323795	false	0.5
rabiat	neg 1.0		off 0.3592159373380572 __DUMMY__ 0.333393276304609 neg 0.3073907863573339	false	0.5
verlangsamung	neg 1.0		off 0.371204010763991 __DUMMY__ 0.32659940631281476 neg 0.3021965829231942	false	0.5
ausgestorben	neg 1.0		off 0.3592229457619064 __DUMMY__ 0.3339403203704807 neg 0.306836733867613	false	0.5
anklagen	neg 1.0		off 0.3557213426420306 __DUMMY__ 0.33428917905469624 neg 0.3099894783032733	false	0.5
trott	neg 1.0		off 0.3588173644524058 __DUMMY__ 0.3338715237956779 neg 0.3073111117519163	false	0.5
verminderung	neg 1.0		off 0.3662757368958769 __DUMMY__ 0.33068866053168916 neg 0.3030356025724339	false	0.5
nach			off 0.3503082664698804 __DUMMY__ 0.33890783927282886 neg 0.31078389425729075	false	0.0
rost	neg 1.0		off 0.37095656977656427 __DUMMY__ 0.3282675754242091 neg 0.3007758547992265	false	0.5
destruktiv	neg 1.0		off 0.357752115189612 __DUMMY__ 0.33228354793877074 neg 0.30996433687161723	false	0.5
unzumutbarkeit	neg 1.0		off 0.36546154119984015 __DUMMY__ 0.3318500706433896 neg 0.30268838815677024	false	0.5
labil	off 1.0	off 1.0	off 0.6710871439196919 neg 0.1686149761765083 __DUMMY__ 0.1602978799037998	false	1.0
ziemlich	neg 1.0		off 0.3656707606001428 __DUMMY__ 0.33145723607917044 neg 0.3028720033206866	false	0.5
lachnummer	off 1.0		off 0.3585556679031967 __DUMMY__ 0.3321748189316923 neg 0.30926951316511103	false	1.0
oder			off 0.3602696916868133 __DUMMY__ 0.33350674680477704 neg 0.30622356150840957	false	0.0
verfall	neg 1.0		off 0.34869955466874786 __DUMMY__ 0.33697008466307826 neg 0.3143303606681739	false	0.5
ausgrenzung	neg 1.0		off 0.3604003523559993 __DUMMY__ 0.3326035228141212 neg 0.30699612482987937	false	0.5
unordnung	neg 1.0		off 0.3693117176437388 __DUMMY__ 0.3322744908973202 neg 0.2984137914589408	false	0.5
fehlverhalten	neg 1.0		off 0.35242948214979497 __DUMMY__ 0.33379766805888117 neg 0.31377284979132397	false	0.5
eine			off 0.3534810181328084 __DUMMY__ 0.33599858949001327 neg 0.3105203923771782	false	0.0
nille	neg 1.0		off 0.359188532781876 __DUMMY__ 0.3344246058500645 neg 0.3063868613680594	false	0.5
qual	neg 1.0		off 0.35850021889442446 __DUMMY__ 0.3341355627781898 neg 0.3073642183273857	false	0.5
verschwenden	neg 1.0		off 0.35374490359722977 __DUMMY__ 0.3335368731098517 neg 0.31271822329291854	false	0.5
riesig	neg 1.0		off 0.35641242196440925 __DUMMY__ 0.33582101832525707 neg 0.3077665597103336	false	0.5
verurteilen	neg 1.0		off 0.3552780707909152 __DUMMY__ 0.3330124479443605 neg 0.3117094812647241	false	0.5
klischee	neg 1.0	neg 1.0	neg 0.6398105658322586 off 0.20017736588827661 __DUMMY__ 0.16001206827946485	false	1.0
diktatorisch	neg 1.0		off 0.3593465674174163 __DUMMY__ 0.3320838932279977 neg 0.30856953935458614	false	0.5
vorhersehbar	neg 1.0		off 0.36103553837524854 __DUMMY__ 0.3304539583220835 neg 0.30851050330266794	false	0.5
sowie			off 0.36997503887556527 __DUMMY__ 0.32868209469552173 neg 0.30134286642891295	false	0.0
stornieren	neg 1.0		off 0.36333340666822656 __DUMMY__ 0.33538565823071614 neg 0.30128093510105713	false	0.5
besteuerung	neg 1.0		off 0.35798717295908905 __DUMMY__ 0.3310990060918697 neg 0.31091382094904135	false	0.5
ungeschminkt	neg 1.0		off 0.3646373797929488 __DUMMY__ 0.32893018940057006 neg 0.3064324308064812	false	0.5
kritisch	neg 1.0		off 0.35442481877656096 __DUMMY__ 0.33381159212803396 neg 0.311763589095405	false	0.5
schlamperei	off 1.0		off 0.35379499695168065 __DUMMY__ 0.3351994829100721 neg 0.3110055201382471	false	1.0
sucht	neg 1.0	neg 1.0	neg 0.6355777724551464 off 0.20074134659750462 __DUMMY__ 0.16368088094734895	false	1.0
egoistisch	off 1.0		off 0.369890443210354 __DUMMY__ 0.3273813154444127 neg 0.3027282413452333	false	1.0
ausbeuter	off 1.0		off 0.35207603922350733 __DUMMY__ 0.3333698936149076 neg 0.3145540671615849	false	1.0
arschgeburt	off 1.0		off 0.37708571951712433 __DUMMY__ 0.3236001060359873 neg 0.2993141744468884	false	1.0
schubs	neg 1.0		off 0.3568210354694438 __DUMMY__ 0.33385831741961486 neg 0.30932064711094137	false	0.5
unsolide	neg 1.0		off 0.35943320365149517 __DUMMY__ 0.331058328958513 neg 0.3095084673899918	false	0.5
beschwerde	neg 1.0		off 0.35377745502686325 __DUMMY__ 0.33389369821655374 neg 0.312328846756583	false	0.5
stocken	neg 1.0		off 0.35434068596560875 __DUMMY__ 0.33522549900014126 neg 0.31043381503425	false	0.5
isolieren	neg 1.0		off 0.35557188635886305 __DUMMY__ 0.33424291792681077 neg 0.3101851957143261	false	0.5
unheilbar	neg 1.0		off 0.35999691873222417 __DUMMY__ 0.3339363283333053 neg 0.30606675293447055	false	0.5
pisser	off 1.0		off 0.3671056981705156 __DUMMY__ 0.32933461361014893 neg 0.3035596882193355	false	1.0
löschen	neg 1.0		off 0.35939197867671513 __DUMMY__ 0.3340044359647318 neg 0.30660358535855314	false	0.5
durchfallen	neg 1.0		off 0.3542698833746991 __DUMMY__ 0.33255536466793784 neg 0.31317475195736294	false	0.5
wichser	off 1.0	off 1.0	off 0.6775101127757945 neg 0.16494450460402466 __DUMMY__ 0.15754538262018083	false	1.0
terror	neg 1.0		off 0.3627396213719204 __DUMMY__ 0.33280519069462505 neg 0.3044551879334546	false	0.5
krass	neg 1.0		off 0.3683037222086855 __DUMMY__ 0.3289518099307603 neg 0.3027444678605543	false	0.5
revolte	neg 1.0		off 0.36120431708304973 __DUMMY__ 0.3327556644983822 neg 0.30604001841856815	false	0.5
besorgt	neg 1.0		off 0.3591178543873123 __DUMMY__ 0.336416075629503 neg 0.30446606998318493	false	0.5
nachlassen	neg 1.0		off 0.35551569541259403 __DUMMY__ 0.33657831681766137 neg 0.30790598776974454	false	0.5
alt	neg 1.0		off 0.35642798783981666 __DUMMY__ 0.33426277267113486 neg 0.30930923948904854	false	0.5
hundesohn	off 1.0		off 0.3744755839105072 __DUMMY__ 0.32631411275271915 neg 0.29921030333677373	false	1.0
als			off 0.3564213185935402 __DUMMY__ 0.33378674923291807 neg 0.3097919321735418	false	0.0
abschreckung	neg 1.0		off 0.35218282030000353 __DUMMY__ 0.3353719799448273 neg 0.3124451997551691	false	0.5
unqualifiziert	neg 1.0		off 0.3617559828774566 __DUMMY__ 0.3299477903186063 neg 0.308296226803937	false	0.5
abgewichst	off 1.0		off 0.3584662528696417 __DUMMY__ 0.33465765134851044 neg 0.3068760957818479	false	1.0
schwer	neg 1.0		off 0.3577741412758651 __DUMMY__ 0.3328199176934833 neg 0.3094059410306516	false	0.5
bedeutungslosigkeit	neg 1.0		off 0.35289500273531416 __DUMMY__ 0.33458429757875885 neg 0.312520699685927	false	0.5
kapitulation	neg 1.0		off 0.3549285592137057 __DUMMY__ 0.33484737406391085 neg 0.3102240667223835	false	0.5
unscharf	neg 1.0		off 0.36084346612525753 __DUMMY__ 0.33117805033549375 neg 0.30797848353924884	false	0.5
schwinden	neg 1.0		off 0.35367290935598195 __DUMMY__ 0.3358271238892511 neg 0.31049996675476693	false	0.5
versklavung	neg 1.0		off 0.36030241076828623 __DUMMY__ 0.3337357249692285 neg 0.3059618642624851	false	0.5
schlecht	neg 1.0		off 0.3658404811255798 __DUMMY__ 0.331426113582112 neg 0.3027334052923083	false	0.5
verhasst	neg 1.0		off 0.35899734463568317 __DUMMY__ 0.3308697191043701 neg 0.31013293625994665	false	0.5
beschweren	neg 1.0		off 0.36086972364919095 __DUMMY__ 0.332263849603904 neg 0.3068664267469049	false	0.5
scheiden	neg 1.0		off 0.35982239088230483 __DUMMY__ 0.3344539619805487 neg 0.30572364713714634	false	0.5
frustriert	neg 1.0		off 0.3567832633036934 __DUMMY__ 0.33306510198027434 neg 0.3101516347160322	false	0.5
schimmelig	neg 1.0		off 0.354925068564688 __DUMMY__ 0.332846802728052 neg 0.31222812870725986	false	0.5
fisch	neg 1.0		off 0.35215541293463465 __DUMMY__ 0.3342890852956798 neg 0.31355550176968555	false	0.5
schmuggel	neg 1.0		off 0.354196483232965 __DUMMY__ 0.3353078330168707 neg 0.31049568375016423	false	0.5
auffallen	neg 1.0		off 0.3617623374564514 __DUMMY__ 0.33201169177444295 neg 0.3062259707691056	false	0.5
konkurrenz	neg 1.0		off 0.3517555968719337 __DUMMY__ 0.3354925164873431 neg 0.31275188664072323	false	0.5
teufelskreis	neg 1.0		off 0.35784906627747554 __DUMMY__ 0.33265328429927726 neg 0.3094976494232473	false	0.5
aufschreien	neg 1.0		off 0.36132773669383667 __DUMMY__ 0.3313039041135155 neg 0.30736835919264793	false	0.5
schuldner	neg 1.0		off 0.3518763367954191 __DUMMY__ 0.3341569441481866 neg 0.31396671905639434	false	0.5
missgeburt	off 1.0	off 1.0	off 0.6749488505722877 neg 0.16695398903334965 __DUMMY__ 0.15809716039436267	false	1.0
arbeitslos	neg 1.0		off 0.35456591655538966 __DUMMY__ 0.33238268684509353 neg 0.31305139659951675	false	0.5
befallen	neg 1.0		off 0.3586431520686824 __DUMMY__ 0.3352071423300235 neg 0.30614970560129406	false	0.5
miesepetrig	off 1.0	off 1.0	off 0.6716719254617705 neg 0.16819231369737617 __DUMMY__ 0.16013576084085349	false	1.0
alarmieren	neg 1.0		off 0.3631384649380289 __DUMMY__ 0.33101660924909343 neg 0.3058449258128777	false	0.5
ungeduscht	off 1.0		off 0.3629458879974553 __DUMMY__ 0.33065291433599475 neg 0.3064011976665499	false	1.0
knappheit	neg 1.0		off 0.35408755584342955 __DUMMY__ 0.3325776937315432 neg 0.31333475042502723	false	0.5
schlange	neg 1.0		off 0.3622597702213385 __DUMMY__ 0.33466181931587574 neg 0.3030784104627857	false	0.5
harsch	neg 1.0		off 0.37121705271487454 __DUMMY__ 0.3309611581604755 neg 0.2978217891246499	false	0.5
lang	neg 1.0		off 0.36042858262670874 __DUMMY__ 0.33383129300206443 neg 0.3057401243712268	false	0.5
ziellos	neg 1.0		off 0.356066699383492 __DUMMY__ 0.3352856895545303 neg 0.30864761106197774	false	0.5
selbstverliebt	neg 1.0		off 0.37502405471751665 __DUMMY__ 0.32481127772820534 neg 0.30016466755427806	false	0.5
beseitigen	neg 1.0		off 0.35804257091452774 __DUMMY__ 0.3346776555365805 neg 0.30727977354889174	false	0.5
dumm	off 1.0		off 0.3711047335689475 __DUMMY__ 0.3276736719896319 neg 0.30122159444142055	false	1.0
arbeitsloser	neg 1.0		off 0.35558040682836956 __DUMMY__ 0.33371522496778117 neg 0.3107043682038492	false	0.5
blitzen	neg 1.0		off 0.36287284304698125 __DUMMY__ 0.3326909751058809 neg 0.3044361818471379	false	0.5
hilflos	neg 1.0		off 0.3565227513587391 __DUMMY__ 0.3334282822710304 neg 0.3100489663702304	false	0.5
eklig	off 1.0		off 0.3711554840723004 __DUMMY__ 0.32660182413097794 neg 0.30224269179672164	false	1.0
begriff			off 0.3577286455063122 __DUMMY__ 0.3330448485811918 neg 0.30922650591249595	false	0.0
hungersnot	neg 1.0		off 0.35716429349683043 __DUMMY__ 0.3352828267079969 neg 0.30755287979517265	false	0.5
ungesetzlich	neg 1.0		off 0.3576796703139412 __DUMMY__ 0.33068151615995645 neg 0.3116388135261024	false	0.5
verschwendung	neg 1.0		off 0.35404994278080176 __DUMMY__ 0.33467466451996664 neg 0.31127539269923155	false	0.5
schmerzvoll	neg 1.0		off 0.36099193378592187 __DUMMY__ 0.33280655062461395 neg 0.3062015155894641	false	0.5
vorzeitig	neg 1.0		off 0.3627043662395672 __DUMMY__ 0.33299801189523 neg 0.30429762186520287	false	0.5
unvollkommenheit	neg 1.0		off 0.3577150699860231 __DUMMY__ 0.3365114949681148 neg 0.30577343504586224	false	0.5
intervenieren	neg 1.0		off 0.3530438975799526 __DUMMY__ 0.3338442750729385 neg 0.3131118273471088	false	0.5
banause	off 1.0		off 0.37311089526687363 __DUMMY__ 0.3247645647560487 neg 0.3021245399770777	false	1.0
rebell	neg 1.0		off 0.35024198162615755 __DUMMY__ 0.3360156632129355 neg 0.3137423551609069	false	0.5
unlogisch	neg 1.0		off 0.36665207182731296 __DUMMY__ 0.3285130187895302 neg 0.30483490938315677	false	0.5
leiden	neg 1.0		off 0.35382839543925637 __DUMMY__ 0.33603825959748046 neg 0.3101333449632634	false	0.5
abschaffung	neg 1.0		off 0.35868945859920204 __DUMMY__ 0.33263415326177276 neg 0.3086763881390252	false	0.5
sturz	neg 1.0		off 0.36001415224420286 __DUMMY__ 0.33452241275462585 neg 0.3054634350011714	false	0.5
verkleinerung	neg 1.0		off 0.3600219380448424 __DUMMY__ 0.32978235456411403 neg 0.3101957073910435	false	0.5
schmarotzer	off 1.0		off 0.3549169832833724 __DUMMY__ 0.33154406444069023 neg 0.3135389522759375	false	1.0
bestrafung	neg 1.0		off 0.36043689827545966 __DUMMY__ 0.3332970014245844 neg 0.30626610029995605	false	0.5
achtlos	neg 1.0	neg 1.0	neg 0.6400221677498829 off 0.1981822178523118 __DUMMY__ 0.16179561439780538	false	1.0
ungeheuer	neg 1.0		off 0.36227720892302495 __DUMMY__ 0.333132029182457 neg 0.3045907618945181	false	0.5
unaufrichtig	neg 1.0		off 0.36316335858547794 __DUMMY__ 0.33330223944821996 neg 0.303534401966302	false	0.5
groggy	neg 1.0		off 0.3627598800521456 __DUMMY__ 0.3327834629311434 neg 0.3044566570167108	false	0.5
verletzlich	neg 1.0		off 0.3648741982340043 __DUMMY__ 0.32963208388162324 neg 0.3054937178843725	false	0.5
ablehnen	neg 1.0		off 0.3550857768329583 __DUMMY__ 0.3335109961628178 neg 0.31140322700422385	false	0.5
