unsolidarisch	neg 1.0		__DUMMY__ 0.4717152911015071 off 0.28183052434630096 neg 0.24645418455219212	false	0.5
nachteilig	neg 1.0		__DUMMY__ 0.47581310726840914 off 0.27800890388563093 neg 0.2461779888459599	false	0.5
skeptisch	neg 1.0		__DUMMY__ 0.4760726820424185 off 0.2773744730404578 neg 0.24655284491712376	false	0.5
schrecklich	neg 1.0		__DUMMY__ 0.4691437006549841 off 0.29355136521422365 neg 0.23730493413079223	false	0.5
schlapp	neg 1.0		__DUMMY__ 0.47165772047052223 off 0.2893332023592239 neg 0.23900907717025405	false	0.5
abfall	neg 1.0		__DUMMY__ 0.4796828645402285 off 0.27432670361978734 neg 0.24599043183998415	false	0.5
widerspenstig	neg 1.0		__DUMMY__ 0.47455245881710206 off 0.28363627596098945 neg 0.24181126522190854	false	0.5
abrupt	neg 1.0		__DUMMY__ 0.47850673971574054 off 0.2794922710584486 neg 0.24200098922581073	false	0.5
unwirksam	neg 1.0		__DUMMY__ 0.4707299377880114 off 0.2813831567397543 neg 0.24788690547223433	false	0.5
angreifen	neg 1.0		__DUMMY__ 0.47630593503173485 off 0.27745642832161493 neg 0.2462376366466504	false	0.5
inkonsistent	neg 1.0		__DUMMY__ 0.4732839702664642 off 0.28413570744983924 neg 0.24258032228369666	false	0.5
abrutschen	neg 1.0		__DUMMY__ 0.47768574419847276 off 0.2740590261425536 neg 0.24825522965897362	false	0.5
unsicher	neg 1.0		__DUMMY__ 0.4750061274550031 off 0.2833244895254151 neg 0.24166938301958177	false	0.5
bauernkind	off 1.0	off 1.0	off 0.6360266222885061 __DUMMY__ 0.2252372459038317 neg 0.1387361318076621	false	1.0
angreifer	neg 1.0	neg 1.0	neg 0.6055280570266437 __DUMMY__ 0.23205743087189845 off 0.16241451210145796	false	1.0
trennen	neg 1.0		__DUMMY__ 0.4787697616858805 off 0.2781073404689215 neg 0.24312289784519797	false	0.5
schmutz	neg 1.0		__DUMMY__ 0.4782288300979895 off 0.2870716045749768 neg 0.23469956532703373	false	0.5
inkonsistenz	neg 1.0		__DUMMY__ 0.4674710643888416 off 0.2874335907698655 neg 0.24509534484129292	false	0.5
erschreckend	neg 1.0		__DUMMY__ 0.473563590662623 off 0.2818442321326732 neg 0.244592177204704	false	0.5
ertrinken	neg 1.0		__DUMMY__ 0.47772467232951843 off 0.2787187914437286 neg 0.24355653622675288	false	0.5
pickelface	off 1.0		__DUMMY__ 0.4756700002582629 off 0.2825582710792647 neg 0.2417717286624723	false	1.0
seiner			__DUMMY__ 0.4766449703464462 off 0.2780600575786682 neg 0.24529497207488563	false	0.0
lauch	neg 1.0		__DUMMY__ 0.47943104457014357 off 0.2755190346225047 neg 0.24504992080735158	false	0.5
unwichtig	neg 1.0		__DUMMY__ 0.47027452357023364 off 0.28813313857925765 neg 0.24159233785050882	false	0.5
steuerhinterziehung	neg 1.0	neg 1.0	neg 0.6096382403757498 __DUMMY__ 0.23146072507576498 off 0.15890103454848534	false	1.0
schock	neg 1.0		__DUMMY__ 0.47582178215498183 off 0.28266472888833444 neg 0.24151348895668384	false	0.5
beule	neg 1.0		__DUMMY__ 0.4709204999522449 off 0.29039365136832623 neg 0.23868584867942882	false	0.5
vergelten	neg 1.0		__DUMMY__ 0.4718048400823763 off 0.2930428906333757 neg 0.2351522692842481	false	0.5
verdorbenheit	neg 1.0		__DUMMY__ 0.47634501686934944 off 0.2848539378865161 neg 0.23880104524413462	false	0.5
trauma	neg 1.0		__DUMMY__ 0.47431233276926454 off 0.2844919691115379 neg 0.24119569811919758	false	0.5
sinnlos	neg 1.0		__DUMMY__ 0.47339020509959656 off 0.2858226219192016 neg 0.24078717298120175	false	0.5
fettsack	off 1.0	off 1.0	off 0.6372137576148347 __DUMMY__ 0.22608663102582874 neg 0.13669961135933656	false	1.0
feige	off 1.0	off 1.0	off 0.6337746770691192 __DUMMY__ 0.22841182351871905 neg 0.1378134994121619	false	1.0
abdanken	neg 1.0		__DUMMY__ 0.4748850419817049 off 0.28252537923813276 neg 0.24258957878016243	false	0.5
wichtigtuer	off 1.0	off 1.0	off 0.6322866509678123 __DUMMY__ 0.229476983113244 neg 0.13823636591894367	false	1.0
misslingen	neg 1.0		__DUMMY__ 0.4777853285581382 off 0.28520570888524427 neg 0.23700896255661755	false	0.5
untreu	off 1.0		__DUMMY__ 0.4709700406243419 off 0.28914851122290713 neg 0.23988144815275095	false	1.0
missmutig	neg 1.0		__DUMMY__ 0.47248455164330305 off 0.2888531488369235 neg 0.2386622995197735	false	0.5
hurenbock	off 1.0		__DUMMY__ 0.4757640003359887 off 0.28648328754263824 neg 0.2377527121213729	false	1.0
betrunken	neg 1.0		__DUMMY__ 0.4709755639269491 off 0.29135481065252333 neg 0.23766962542052741	false	0.5
korrupt	off 1.0		__DUMMY__ 0.47275235323126796 off 0.2792740193239864 neg 0.24797362744474552	false	1.0
unmut	neg 1.0		__DUMMY__ 0.47826426907663117 off 0.2744372065766673 neg 0.24729852434670155	false	0.5
hackfresse	off 1.0		__DUMMY__ 0.4661834091166037 off 0.29713082919989836 neg 0.23668576168349795	false	1.0
aufblasen	neg 1.0		__DUMMY__ 0.47445700804065316 off 0.285775138330283 neg 0.23976785362906372	false	0.5
gewaltsam	neg 1.0		__DUMMY__ 0.4762243404559671 off 0.2820473012432683 neg 0.2417283583007644	false	0.5
unbeliebtheit	neg 1.0		__DUMMY__ 0.4694202148484395 off 0.2865297881298397 neg 0.24404999702172084	false	0.5
sturheit	neg 1.0		__DUMMY__ 0.47422141025498127 off 0.28136452088042874 neg 0.2444140688645901	false	0.5
kuh	neg 1.0		__DUMMY__ 0.4690133208513095 off 0.28431921181932973 neg 0.24666746732936085	false	0.5
erschrecken	neg 1.0		__DUMMY__ 0.47332398384433827 off 0.28879598767213316 neg 0.23788002848352868	false	0.5
opfer	neg 1.0		__DUMMY__ 0.47624829066621827 off 0.27936669420453253 neg 0.2443850151292493	false	0.5
sinken	neg 1.0		__DUMMY__ 0.47868507724388115 off 0.27544746756468746 neg 0.24586745519143147	false	0.5
stinktier	neg 1.0		__DUMMY__ 0.464315141949375 off 0.29254922828429136 neg 0.24313562976633374	false	0.5
tucke	off 1.0		__DUMMY__ 0.46533445905908016 off 0.2984121460238401 neg 0.23625339491707986	false	1.0
ein			__DUMMY__ 0.4738375669181114 off 0.2844178834867072 neg 0.24174454959518124	false	0.0
abstieg	neg 1.0		__DUMMY__ 0.4767182665906405 off 0.2780991360008201 neg 0.24518259740853937	false	0.5
missverstehen	neg 1.0		__DUMMY__ 0.4705522636560608 off 0.2856833288829084 neg 0.24376440746103095	false	0.5
ergebnislos	neg 1.0		__DUMMY__ 0.4768878624561676 off 0.2777462395731655 neg 0.2453658979706669	false	0.5
unter			__DUMMY__ 0.48280343564782463 off 0.2699525260314648 neg 0.24724403832071049	false	0.0
manipulieren	neg 1.0		__DUMMY__ 0.47746906166616276 off 0.2774945367463346 neg 0.24503640158750262	false	0.5
unbewiesen	neg 1.0		__DUMMY__ 0.47105924092261914 off 0.28151731483027237 neg 0.24742344424710855	false	0.5
verschleppen	neg 1.0		__DUMMY__ 0.4752069222571976 off 0.2793125075798011 neg 0.2454805701630013	false	0.5
weib	off 1.0		__DUMMY__ 0.46353523372530253 off 0.2970040393593398 neg 0.2394607269153578	false	1.0
opposition	neg 1.0		__DUMMY__ 0.47218483857632715 off 0.284369012320957 neg 0.2434461491027159	false	0.5
verkehrswidrig	neg 1.0		__DUMMY__ 0.47241164229094323 off 0.29472650326073163 neg 0.23286185444832513	false	0.5
inkorrekt	neg 1.0		__DUMMY__ 0.4676285655539219 off 0.29195544633228554 neg 0.24041598811379256	false	0.5
vermeiden	neg 1.0		__DUMMY__ 0.4795555548857399 off 0.27283573872179084 neg 0.2476087063924693	false	0.5
abweichung	neg 1.0		__DUMMY__ 0.47506898328059377 off 0.27864367613182917 neg 0.24628734058757715	false	0.5
alkoholisiert	neg 1.0		__DUMMY__ 0.4772913533673271 off 0.2784304235576168 neg 0.2442782230750561	false	0.5
scheiss	off 1.0	off 1.0	off 0.634432810061277 __DUMMY__ 0.22903770690797456 neg 0.1365294830307484	false	1.0
herausforderung	neg 1.0		__DUMMY__ 0.477216756119331 off 0.2778063499127106 neg 0.24497689396795838	false	0.5
pervers	off 1.0		__DUMMY__ 0.46394160468854817 off 0.30077892885590946 neg 0.23527946645554235	false	1.0
wackelig	neg 1.0		__DUMMY__ 0.4777116048601237 off 0.2819484658901081 neg 0.2403399292497681	false	0.5
verwickeln	neg 1.0		__DUMMY__ 0.470927209960067 off 0.28511307538745856 neg 0.24395971465247449	false	0.5
vorwand	neg 1.0		__DUMMY__ 0.4765322943105518 off 0.2769238223837885 neg 0.2465438833056596	false	0.5
muschi	off 1.0		__DUMMY__ 0.4753777559854979 off 0.28260184761158064 neg 0.24202039640292144	false	1.0
entmutigung	neg 1.0		__DUMMY__ 0.4731014473539112 off 0.2842546653971469 neg 0.24264388724894206	false	0.5
unangemessen	neg 1.0		__DUMMY__ 0.4726532841375959 off 0.2803248044779743 neg 0.24702191138442983	false	0.5
unstetig	neg 1.0		__DUMMY__ 0.47284858820020187 off 0.2861275660411197 neg 0.24102384575867822	false	0.5
entmutigen	neg 1.0		__DUMMY__ 0.47386106481991475 off 0.28429763778512485 neg 0.24184129739496046	false	0.5
schwanz	neg 1.0		__DUMMY__ 0.47670906145010616 off 0.279865200816676 neg 0.24342573773321777	false	0.5
verbot	neg 1.0		__DUMMY__ 0.47491587615134084 off 0.2796577230737363 neg 0.24542640077492278	false	0.5
leid	neg 1.0		__DUMMY__ 0.4670232801010124 off 0.29483833287648537 neg 0.23813838702250223	false	0.5
archaisch	neg 1.0		__DUMMY__ 0.4746340717735772 off 0.28156524720253556 neg 0.2438006810238872	false	0.5
gegen			__DUMMY__ 0.4781132348163525 off 0.27527252520304935 neg 0.2466142399805981	false	0.0
scheidung	neg 1.0		__DUMMY__ 0.46601124090870616 off 0.30722726053111254 neg 0.22676149856018135	false	0.5
einschlag	neg 1.0		__DUMMY__ 0.4699798717172218 off 0.2922286891516608 neg 0.23779143913111742	false	0.5
m			__DUMMY__ 0.4763941262622786 off 0.28094826689668423 neg 0.2426576068410372	false	0.0
abgestanden	neg 1.0		__DUMMY__ 0.4731766448155942 off 0.2836856346869957 neg 0.2431377204974101	false	0.5
schmierig	off 1.0		__DUMMY__ 0.4690172954198749 off 0.2947424139678787 neg 0.23624029061224633	false	1.0
unpraktisch	neg 1.0		__DUMMY__ 0.473528230589538 off 0.28496986737580215 neg 0.24150190203465977	false	0.5
wixxer	off 1.0		__DUMMY__ 0.4624853341567154 off 0.30040900405539833 neg 0.23710566178788617	false	1.0
bezeichnet			__DUMMY__ 0.47217344097013775 off 0.28241968839658504 neg 0.2454068706332773	false	0.0
jammerlappen	off 1.0		__DUMMY__ 0.47204717412982256 off 0.2889599351936642 neg 0.23899289067651322	false	1.0
farce	neg 1.0		__DUMMY__ 0.4739471791744031 off 0.2805918458443304 neg 0.24546097498126662	false	0.5
zwecklos	neg 1.0		__DUMMY__ 0.474026596437551 off 0.28049458003988337 neg 0.2454788235225657	false	0.5
turbulent	neg 1.0		__DUMMY__ 0.4704437650184625 off 0.29036822545550717 neg 0.2391880095260303	false	0.5
invasion	neg 1.0		__DUMMY__ 0.4726880102085285 off 0.2852177041207946 neg 0.2420942856706769	false	0.5
schuld	neg 1.0		__DUMMY__ 0.47250093860686676 off 0.2839728667757232 neg 0.24352619461741004	false	0.5
risiko	neg 1.0	neg 1.0	neg 0.6057446349277174 __DUMMY__ 0.232294423659635 off 0.1619609414126476	false	1.0
finster	neg 1.0		__DUMMY__ 0.471846081324597 off 0.28399980738178565 neg 0.2441541112936174	false	0.5
geisteskrank	off 1.0		__DUMMY__ 0.4678576689247589 off 0.28960596663149896 neg 0.24253636444374227	false	1.0
zusammenbrechen	neg 1.0		__DUMMY__ 0.4751079484204556 off 0.28108375474013464 neg 0.24380829683940966	false	0.5
ausbeute	neg 1.0		__DUMMY__ 0.48109356323542707 off 0.2813901855635662 neg 0.2375162512010068	false	0.5
hinterhalt	neg 1.0		__DUMMY__ 0.48054965761990076 off 0.2836853337767576 neg 0.2357650086033417	false	0.5
kritik	neg 1.0		__DUMMY__ 0.4738427155864073 off 0.2802887207666756 neg 0.245868563646917	false	0.5
einschrumpfen	neg 1.0		__DUMMY__ 0.47106077005878805 off 0.2872970598806605 neg 0.24164217006055136	false	0.5
riskant	neg 1.0		__DUMMY__ 0.47516283043393903 off 0.2777667499777795 neg 0.2470704195882815	false	0.5
frustrieren	neg 1.0		__DUMMY__ 0.4750699384199967 off 0.2789072353805487 neg 0.2460228261994547	false	0.5
groll	neg 1.0		__DUMMY__ 0.47413439481076947 off 0.2799143218674918 neg 0.24595128332173866	false	0.5
gibt			__DUMMY__ 0.4751516197676196 off 0.28117304425366346 neg 0.24367533597871702	false	0.0
qualvoll	neg 1.0		__DUMMY__ 0.4736546675236381 off 0.28722433528585173 neg 0.23912099719051016	false	0.5
wackeln	neg 1.0		__DUMMY__ 0.4760781891484085 off 0.28518148136106924 neg 0.2387403294905224	false	0.5
klagen	neg 1.0		__DUMMY__ 0.4772663384715403 off 0.2750203232841807 neg 0.24771333824427905	false	0.5
bankrott	neg 1.0		__DUMMY__ 0.4734628036407938 off 0.2887315017172708 neg 0.23780569464193557	false	0.5
trauern	neg 1.0		__DUMMY__ 0.47831615594075383 off 0.2796902759135704 neg 0.2419935681456758	false	0.5
ablehnung	neg 1.0		__DUMMY__ 0.4737279594637178 off 0.2798475158525307 neg 0.24642452468375142	false	0.5
stur	neg 1.0		__DUMMY__ 0.4722005547261492 off 0.28405137577676776 neg 0.24374806949708308	false	0.5
aufruhr	neg 1.0		__DUMMY__ 0.47503673462937207 off 0.28201826885105374 neg 0.24294499651957416	false	0.5
melancholie	neg 1.0		__DUMMY__ 0.47645268799908885 off 0.28001261057035365 neg 0.24353470143055758	false	0.5
ist			__DUMMY__ 0.4732267185605441 off 0.28540067465322094 neg 0.24137260678623498	false	0.0
torheit	neg 1.0		__DUMMY__ 0.47413937225402003 off 0.2836041607221959 neg 0.24225646702378406	false	0.5
dreckskind	off 1.0		__DUMMY__ 0.4652372966804664 off 0.295417473387145 neg 0.23934522993238858	false	1.0
umtauschen	neg 1.0		__DUMMY__ 0.47449089625788327 off 0.2828706213081177 neg 0.24263848243399902	false	0.5
zum			__DUMMY__ 0.482555016347505 off 0.27418754163071846 neg 0.24325744202177663	false	0.0
zersetzen	neg 1.0		__DUMMY__ 0.475729347163003 off 0.2769725393420447 neg 0.2472981134949524	false	0.5
zur			__DUMMY__ 0.4810616800673684 off 0.2727004831484585 neg 0.24623783678417302	false	0.0
frust	neg 1.0		__DUMMY__ 0.4753967399836152 off 0.28117939093035166 neg 0.24342386908603303	false	0.5
unerbittlichkeit	neg 1.0		__DUMMY__ 0.47649655681749853 off 0.27724277374584133 neg 0.24626066943666008	false	0.5
zwei			__DUMMY__ 0.48126980004056036 off 0.27511190117703 neg 0.24361829878240956	false	0.0
unkorrekt	neg 1.0		__DUMMY__ 0.4686464074425645 off 0.29185429234381843 neg 0.23949930021361696	false	0.5
hexe	off 1.0		__DUMMY__ 0.46940086074214965 off 0.28828869223370346 neg 0.24231044702414692	false	1.0
lasch	neg 1.0		__DUMMY__ 0.4701113179496099 off 0.28677851692385464 neg 0.2431101651265354	false	0.5
rivale	neg 1.0		__DUMMY__ 0.4703045805907709 off 0.2914181197198534 neg 0.23827729968937555	false	0.5
mutlos	off 1.0	off 1.0	off 0.6278564647959237 __DUMMY__ 0.23160548589271668 neg 0.1405380493113596	false	1.0
wirr	off 1.0		__DUMMY__ 0.46824028691065395 off 0.2928840923574734 neg 0.2388756207318726	false	1.0
jahr			__DUMMY__ 0.48148643491145304 off 0.2785209290104053 neg 0.23999263607814156	false	0.0
wird			__DUMMY__ 0.47532911572266545 off 0.2797573278512872 neg 0.24491355642604723	false	0.0
strafbar	neg 1.0		__DUMMY__ 0.47498934624604555 off 0.2782742014186129 neg 0.24673645233534164	false	0.5
erosion	neg 1.0		__DUMMY__ 0.4760409227729635 off 0.28402879067053655 neg 0.23993028655650012	false	0.5
eingehen	neg 1.0		__DUMMY__ 0.47477477821615516 off 0.2784617901169025 neg 0.24676343166694226	false	0.5
faul	off 1.0		__DUMMY__ 0.4729427734085824 off 0.28848686060539525 neg 0.2385703659860224	false	1.0
provisorium	neg 1.0		__DUMMY__ 0.48295201808492655 off 0.2707435615412551 neg 0.24630442037381817	false	0.5
schmerzen	neg 1.0		__DUMMY__ 0.47399629851132014 off 0.2817766557190488 neg 0.24422704576963097	false	0.5
schrumpfen	neg 1.0		__DUMMY__ 0.47823985538505115 off 0.2719844449726345 neg 0.24977569964231428	false	0.5
geistlos	off 1.0		__DUMMY__ 0.46998147204015844 off 0.2851588786261104 neg 0.2448596493337311	false	1.0
fehlkauf	neg 1.0		__DUMMY__ 0.4746414296808349 off 0.28595599647760744 neg 0.23940257384155764	false	0.5
frustrierend	neg 1.0		__DUMMY__ 0.47190249415302776 off 0.287535642165691 neg 0.2405618636812811	false	0.5
unzufrieden	neg 1.0		__DUMMY__ 0.4737053374263914 off 0.2798869626487401 neg 0.24640769992486855	false	0.5
verzweifeln	neg 1.0		__DUMMY__ 0.4744276294835453 off 0.28196947930280486 neg 0.24360289121364986	false	0.5
verzweifelt	neg 1.0	neg 1.0	neg 0.6090646901728117 __DUMMY__ 0.2297804209036478 off 0.16115488892354046	false	1.0
misstrauensantrag	neg 1.0		__DUMMY__ 0.472873503277212 off 0.2855226586695279 neg 0.24160383805326022	false	0.5
abfallen	neg 1.0		__DUMMY__ 0.47547087753859063 off 0.2849621152092444 neg 0.23956700725216498	false	0.5
fucker	off 1.0		__DUMMY__ 0.4711265199425412 off 0.29248607542709454 neg 0.23638740463036437	false	1.0
ungezogen	neg 1.0		__DUMMY__ 0.4648196516478521 off 0.29994991262852777 neg 0.23523043572361998	false	0.5
irrsinnig	neg 1.0	neg 1.0	neg 0.6086170922313561 __DUMMY__ 0.230108513209263 off 0.16127439455938086	false	1.0
unfassbar	neg 1.0		__DUMMY__ 0.47119625569626555 off 0.29016021015006366 neg 0.23864353415367076	false	0.5
hart	neg 1.0		__DUMMY__ 0.47140486684843713 off 0.2897442598773105 neg 0.23885087327425228	false	0.5
widerlich	off 1.0		__DUMMY__ 0.4690096425364916 off 0.29010255688710995 neg 0.24088780057639836	false	1.0
fatal	neg 1.0		__DUMMY__ 0.4735480427961375 off 0.28609689357190227 neg 0.2403550636319604	false	0.5
bruch	neg 1.0		__DUMMY__ 0.4775142192065919 off 0.27558202440107 neg 0.2469037563923381	false	0.5
aushungern	neg 1.0		__DUMMY__ 0.47603441659258583 off 0.28135376751067465 neg 0.24261181589673944	false	0.5
anspannung	neg 1.0		__DUMMY__ 0.481479154589682 off 0.2738187041404706 neg 0.24470214126984732	false	0.5
von			__DUMMY__ 0.4828685912428232 off 0.2791587364252381 neg 0.23797267233193867	false	0.0
kraftlos	neg 1.0		__DUMMY__ 0.47620718384671934 off 0.28086492907783794 neg 0.24292788707544258	false	0.5
vom			__DUMMY__ 0.4839666626676329 off 0.27182478364809054 neg 0.2442085536842764	false	0.0
grenzdebil	off 1.0		__DUMMY__ 0.4715375192369489 off 0.2908123464864061 neg 0.23765013427664494	false	1.0
vor			__DUMMY__ 0.4789143472640768 off 0.2770577747697728 neg 0.24402787796615047	false	0.0
unterwerfen	neg 1.0		__DUMMY__ 0.47602940920583364 off 0.2792104206946694 neg 0.24476017009949694	false	0.5
versenkung	neg 1.0		__DUMMY__ 0.47703484746282304 off 0.2797078294717816 neg 0.2432573230653953	false	0.5
entziehen	neg 1.0		__DUMMY__ 0.47711509831397375 off 0.27562344256693055 neg 0.2472614591190955	false	0.5
finanzkrise	neg 1.0		__DUMMY__ 0.4736490297153094 off 0.2814604618219855 neg 0.24489050846270513	false	0.5
schimpfend	neg 1.0		__DUMMY__ 0.473347940144958 off 0.28556506357866235 neg 0.24108699627637956	false	0.5
profan	neg 1.0		__DUMMY__ 0.47191613453372466 off 0.28593513127855197 neg 0.24214873418772337	false	0.5
korruption	neg 1.0		__DUMMY__ 0.4753374401467794 off 0.27955832035685413 neg 0.2451042394963665	false	0.5
â			__DUMMY__ 0.47752841937051027 off 0.28078213782967487 neg 0.2416894427998147	false	0.0
schmutzig	neg 1.0		__DUMMY__ 0.47199747954022303 off 0.2916090013600614 neg 0.23639351909971565	false	0.5
sexy	neg 1.0		__DUMMY__ 0.4733987855664415 off 0.2878069802344087 neg 0.23879423419914983	false	0.5
abraten	neg 1.0		__DUMMY__ 0.47309414063563826 off 0.2855101407887541 neg 0.24139571857560757	false	0.5
schwarz	neg 1.0		__DUMMY__ 0.47354875963002496 off 0.28513864053178045 neg 0.24131259983819456	false	0.5
fotze	off 1.0	off 1.0	off 0.6296625414450787 __DUMMY__ 0.2325610234108679 neg 0.13777643514405336	false	1.0
verwirren	neg 1.0		__DUMMY__ 0.4724231942474746 off 0.28676596943886457 neg 0.24081083631366085	false	0.5
zahnlos	off 1.0		__DUMMY__ 0.47390364908061583 off 0.28104396140674265 neg 0.2450523895126416	false	1.0
verheeren	neg 1.0		__DUMMY__ 0.4665314115321601 off 0.30239708021289174 neg 0.2310715082549482	false	0.5
hippie	neg 1.0		__DUMMY__ 0.4735289366108327 off 0.2873962861581538 neg 0.2390747772310136	false	0.5
rammen	neg 1.0		__DUMMY__ 0.47244985183110483 off 0.28454592920524724 neg 0.2430042189636479	false	0.5
unlauter	neg 1.0		__DUMMY__ 0.4710300483659221 off 0.2831140821013064 neg 0.24585586953277147	false	0.5
unheilvoll	neg 1.0		__DUMMY__ 0.47438971178287304 off 0.2858883153660347 neg 0.23972197285109223	false	0.5
niedrig	neg 1.0		__DUMMY__ 0.474913231682963 off 0.27721437268887245 neg 0.24787239562816468	false	0.5
explosion	neg 1.0		__DUMMY__ 0.47320134488568916 off 0.2866042673804883 neg 0.24019438773382246	false	0.5
weichei	off 1.0	off 1.0	off 0.6378139456716628 __DUMMY__ 0.22701910613428328 neg 0.13516694819405392	false	1.0
minusmensch	off 1.0		__DUMMY__ 0.464184325471976 off 0.298010972587125 neg 0.23780470194089912	false	1.0
farblos	neg 1.0		__DUMMY__ 0.47583207568269176 off 0.28346600099869473 neg 0.24070192331861362	false	0.5
unwissend	neg 1.0	neg 1.0	neg 0.6073677048564688 __DUMMY__ 0.228866729279868 off 0.16376556586366306	false	1.0
traurig	neg 1.0		__DUMMY__ 0.46991578820817326 off 0.2928790066250674 neg 0.23720520516675936	false	0.5
senkung	neg 1.0		__DUMMY__ 0.4706314093909511 off 0.2853099974638813 neg 0.24405859314516776	false	0.5
ungleich	neg 1.0	neg 1.0	neg 0.6108947279963762 __DUMMY__ 0.23168055228775616 off 0.15742471971586758	false	1.0
heikel	neg 1.0		__DUMMY__ 0.47485525591707417 off 0.27757321359581016 neg 0.24757153048711583	false	0.5
drosselung	neg 1.0		__DUMMY__ 0.47101778037210024 off 0.29040438518075584 neg 0.23857783444714398	false	0.5
falsch	neg 1.0		__DUMMY__ 0.471050821610272 off 0.2874622263981614 neg 0.24148695199156672	false	0.5
unzufriedenheit	neg 1.0		__DUMMY__ 0.47684863555047147 off 0.2764876796421363 neg 0.24666368480739226	false	0.5
kurz	neg 1.0		__DUMMY__ 0.4767619588084241 off 0.282264538670936 neg 0.2409735025206398	false	0.5
unsinnig	neg 1.0		__DUMMY__ 0.4730440863521287 off 0.28094791967949884 neg 0.24600799396837258	false	0.5
penner	off 1.0	off 1.0	off 0.638899299400342 __DUMMY__ 0.22688012372634447 neg 0.13422057687331368	false	1.0
seicht	neg 1.0		__DUMMY__ 0.4638317796677085 off 0.2988065828769111 neg 0.23736163745538047	false	0.5
dummheit	off 1.0	off 1.0	off 0.6325263722175092 __DUMMY__ 0.22944820201325974 neg 0.13802542576923102	false	1.0
unerfreulich	neg 1.0		__DUMMY__ 0.4764683167835106 off 0.2771713541623418 neg 0.2463603290541476	false	0.5
motherfucker	off 1.0	off 1.0	off 0.6356393395160891 __DUMMY__ 0.22934636819737075 neg 0.1350142922865402	false	1.0
pikiert	neg 1.0		__DUMMY__ 0.4700905421549514 off 0.28956939545511984 neg 0.2403400623899288	false	0.5
wrack	neg 1.0		__DUMMY__ 0.4769825857588099 off 0.2813977449082964 neg 0.24161966933289386	false	0.5
gangster	neg 1.0		__DUMMY__ 0.4734466575846712 off 0.28744093494324346 neg 0.23911240747208548	false	0.5
krank	neg 1.0		__DUMMY__ 0.471467852427908 off 0.2907402130659119 neg 0.23779193450618005	false	0.5
reich	neg 1.0		__DUMMY__ 0.4738204442132138 off 0.2902333214761182 neg 0.2359462343106682	false	0.5
gnadenlos	neg 1.0		__DUMMY__ 0.4731245183649899 off 0.28435848764219285 neg 0.24251699399281723	false	0.5
niedergeschlagen	neg 1.0		__DUMMY__ 0.4758400164857781 off 0.2820525073771593 neg 0.24210747613706254	false	0.5
terrorisieren	off 1.0	off 1.0	off 0.6284352621056588 __DUMMY__ 0.23250741213120205 neg 0.1390573257631391	false	1.0
sinnlosigkeit	neg 1.0		__DUMMY__ 0.4744913120411188 off 0.2806488315171524 neg 0.2448598564417287	false	0.5
behindern	neg 1.0		__DUMMY__ 0.4752959442989237 off 0.2826958986904495 neg 0.2420081570106269	false	0.5
undemokratisch	neg 1.0		__DUMMY__ 0.4731862758739736 off 0.28400056971579474 neg 0.24281315441023163	false	0.5
wirtschaftskrise	neg 1.0		__DUMMY__ 0.47496182797628106 off 0.27916814469712986 neg 0.24587002732658897	false	0.5
neid	neg 1.0		__DUMMY__ 0.4729807525970364 off 0.28810182821981545 neg 0.2389174191831481	false	0.5
rutschen	neg 1.0		__DUMMY__ 0.4820511333380662 off 0.27531946415064984 neg 0.24262940251128404	false	0.5
rezession	neg 1.0		__DUMMY__ 0.4655596260841402 off 0.2914260970601351 neg 0.24301427685572477	false	0.5
fehlgeburt	neg 1.0		__DUMMY__ 0.4746867781304544 off 0.28585392427663375 neg 0.23945929759291187	false	0.5
charakterschwach	off 1.0		__DUMMY__ 0.4691637849311023 off 0.2898993186305168 neg 0.24093689643838093	false	1.0
isolation	neg 1.0		__DUMMY__ 0.47258920992130926 off 0.28749751632433757 neg 0.23991327375435337	false	0.5
ablenkung	neg 1.0		__DUMMY__ 0.47483112921399856 off 0.28359498414359396 neg 0.24157388664240748	false	0.5
pech	neg 1.0		__DUMMY__ 0.47110835769670767 off 0.2869474757370889 neg 0.24194416656620354	false	0.5
vermeidung	neg 1.0		__DUMMY__ 0.47188812422461324 off 0.2909738257431123 neg 0.23713805003227442	false	0.5
dominieren	neg 1.0		__DUMMY__ 0.4769976187077354 off 0.27931426243691354 neg 0.2436881188553512	false	0.5
schwindlig	neg 1.0		__DUMMY__ 0.47420754888679706 off 0.2863041720957475 neg 0.23948827901745556	false	0.5
lutscher	neg 1.0		__DUMMY__ 0.46428508091946075 off 0.29959587161389967 neg 0.23611904746663953	false	0.5
pflicht	neg 1.0		__DUMMY__ 0.47576087308984905 off 0.2764112911650761 neg 0.2478278357450748	false	0.5
faschist	off 1.0		__DUMMY__ 0.47241493829055375 off 0.2870037617014494 neg 0.24058130000799693	false	1.0
verschleudern	neg 1.0		__DUMMY__ 0.47494302752584916 off 0.2774148974222924 neg 0.2476420750518584	false	0.5
wenn			__DUMMY__ 0.47183192306663263 off 0.2880202463230227 neg 0.2401478306103445	false	0.0
ehebruch	neg 1.0		__DUMMY__ 0.4760541131813985 off 0.27984435342878283 neg 0.24410153338981871	false	0.5
spott	off 1.0		__DUMMY__ 0.4752464942358992 off 0.27880158943158695 neg 0.24595191633251384	false	1.0
trostlosigkeit	neg 1.0		__DUMMY__ 0.47886091967288424 off 0.27713389014866974 neg 0.24400519017844605	false	0.5
lutschen	neg 1.0		__DUMMY__ 0.4718031261474778 off 0.2873440928201752 neg 0.24085278103234686	false	0.5
undiszipliniert	neg 1.0		__DUMMY__ 0.46930559238361136 off 0.291914967959686 neg 0.23877943965670262	false	0.5
kopfschmerz	neg 1.0		__DUMMY__ 0.47475347707847965 off 0.2807878547567986 neg 0.24445866816472178	false	0.5
unvorhergesehen	neg 1.0		__DUMMY__ 0.4791895750392768 off 0.2790241767714606 neg 0.24178624818926261	false	0.5
desinteressiert	neg 1.0		__DUMMY__ 0.46960618749632604 off 0.29139473056195836 neg 0.23899908194171568	false	0.5
armselig	off 1.0		__DUMMY__ 0.46757944799610557 off 0.292073727169623 neg 0.2403468248342715	false	1.0
desaster	neg 1.0		__DUMMY__ 0.47773279287297765 off 0.2749219763845172 neg 0.24734523074250514	false	0.5
tod	neg 1.0		__DUMMY__ 0.4800233351323773 off 0.2819721555659313 neg 0.2380045093016914	false	0.5
herzlos	neg 1.0		__DUMMY__ 0.46899769718844925 off 0.2926224166673842 neg 0.23837988614416664	false	0.5
unwissenheit	neg 1.0		__DUMMY__ 0.4745717914107165 off 0.2802596163589008 neg 0.24516859223038262	false	0.5
widersinnig	neg 1.0		__DUMMY__ 0.4721729306893131 off 0.2792704025031608 neg 0.24855666680752617	false	0.5
bedenklich	neg 1.0		__DUMMY__ 0.47442772320204607 off 0.2789662424469404 neg 0.24660603435101353	false	0.5
beanstanden	neg 1.0		__DUMMY__ 0.4763261197606335 off 0.27618611125181514 neg 0.24748776898755118	false	0.5
panisch	neg 1.0	neg 1.0	neg 0.6050967914826105 __DUMMY__ 0.23195009438731312 off 0.16295311413007635	false	1.0
debil	off 1.0		__DUMMY__ 0.4826221516513271 off 0.2718297809280317 neg 0.24554806742064128	false	1.0
abstrich	neg 1.0		__DUMMY__ 0.48037990831266053 off 0.28468553484676384 neg 0.23493455684057551	false	0.5
primitiv	neg 1.0		__DUMMY__ 0.46882048752384686 off 0.29028676750555976 neg 0.24089274497059346	false	0.5
abschaum	off 1.0	off 1.0	off 0.6341738748351327 __DUMMY__ 0.2291711160040537 neg 0.1366550091608137	false	1.0
provozieren	neg 1.0		__DUMMY__ 0.47193547236221284 off 0.28359694230041393 neg 0.24446758533737317	false	0.5
tot	neg 1.0		__DUMMY__ 0.4755296935955301 off 0.2803156006761478 neg 0.24415470572832212	false	0.5
instabil	neg 1.0		__DUMMY__ 0.468782828089704 off 0.291816513077039 neg 0.23940065883325706	false	0.5
schwuchtel	off 1.0	off 1.0	off 0.6422059825956017 __DUMMY__ 0.2242776348123139 neg 0.13351638259208437	false	1.0
zerren	neg 1.0		__DUMMY__ 0.47586809150169307 off 0.28135322310009586 neg 0.24277868539821112	false	0.5
kinderficker	off 1.0		__DUMMY__ 0.4679710259144121 off 0.29575242051278033 neg 0.23627655357280758	false	1.0
gefahr	neg 1.0		__DUMMY__ 0.47804810300887624 off 0.2767842431755647 neg 0.2451676538155591	false	0.5
rabiat	neg 1.0		__DUMMY__ 0.47438161110105687 off 0.28353652467611573 neg 0.24208186422282726	false	0.5
verlangsamung	neg 1.0		__DUMMY__ 0.4650419077685643 off 0.29661242789181463 neg 0.238345664339621	false	0.5
ausgestorben	neg 1.0		__DUMMY__ 0.47513570389088905 off 0.28342116206985024 neg 0.24144313403926068	false	0.5
anklagen	neg 1.0		__DUMMY__ 0.47563554913563677 off 0.2799612186189937 neg 0.2444032322453696	false	0.5
trott	neg 1.0		__DUMMY__ 0.475028537836512 off 0.28302665411638356 neg 0.24194480804710458	false	0.5
verminderung	neg 1.0		__DUMMY__ 0.47067678044442324 off 0.2909058499719032 neg 0.23841736958367354	false	0.5
nach			__DUMMY__ 0.4820024193607444 off 0.27367545278202654 neg 0.2443221278572291	false	0.0
rost	neg 1.0		__DUMMY__ 0.46736190537700656 off 0.2959751339326915 neg 0.23666296069030202	false	0.5
destruktiv	neg 1.0		__DUMMY__ 0.4728491801083418 off 0.2823737577572225 neg 0.24477706213443567	false	0.5
unzumutbarkeit	neg 1.0		__DUMMY__ 0.47229259788134076 off 0.28987983392934 neg 0.23782756818931927	false	0.5
labil	off 1.0	off 1.0	off 0.6338182962826701 __DUMMY__ 0.2297442857706844 neg 0.13643741794664555	false	1.0
ziemlich	neg 1.0		__DUMMY__ 0.4717239162560214 off 0.2901853385454699 neg 0.23809074519850879	false	0.5
lachnummer	off 1.0		__DUMMY__ 0.47268628797134293 off 0.2831948881275765 neg 0.24411882390108078	false	1.0
oder			__DUMMY__ 0.474548700052179 off 0.2845020979251739 neg 0.24094920202264725	false	0.0
verfall	neg 1.0		__DUMMY__ 0.4793155823502017 off 0.27257807242543114 neg 0.24810634522436714	false	0.5
ausgrenzung	neg 1.0		__DUMMY__ 0.4733051359083582 off 0.28488233075041514 neg 0.24181253334122665	false	0.5
unordnung	neg 1.0		__DUMMY__ 0.472905934584408 off 0.2935038142211363 neg 0.23359025119445564	false	0.5
fehlverhalten	neg 1.0		__DUMMY__ 0.47492793844614545 off 0.276904117883871 neg 0.24816794366998346	false	0.5
eine			__DUMMY__ 0.477973859908003 off 0.2774045237197433 neg 0.24462161637225377	false	0.0
nille	neg 1.0		__DUMMY__ 0.4758033406567505 off 0.2832913455593629 neg 0.24090531378388663	false	0.5
qual	neg 1.0		__DUMMY__ 0.47539285806574283 off 0.28266603960370795 neg 0.2419411023305492	false	0.5
verschwenden	neg 1.0		__DUMMY__ 0.4745766342291109 off 0.27819456081074745 neg 0.24722880496014168	false	0.5
riesig	neg 1.0		__DUMMY__ 0.4777653303515769 off 0.28024377608033063 neg 0.2419908935680924	false	0.5
verurteilen	neg 1.0		__DUMMY__ 0.4738517972901884 off 0.2798311320064904 neg 0.24631707070332123	false	0.5
klischee	neg 1.0	neg 1.0	neg 0.6076858473260419 __DUMMY__ 0.22934025493743912 off 0.16297389773651896	false	1.0
diktatorisch	neg 1.0		__DUMMY__ 0.47258881819894777 off 0.28397975246945206 neg 0.24343142933160009	false	0.5
vorhersehbar	neg 1.0		__DUMMY__ 0.47032298980198817 off 0.28594483661585174 neg 0.24373217358216004	false	0.5
sowie			__DUMMY__ 0.46789741749710717 off 0.29495580150814077 neg 0.23714678099475217	false	0.0
stornieren	neg 1.0		__DUMMY__ 0.47718158666942057 off 0.28704643541246105 neg 0.2357719779181184	false	0.5
besteuerung	neg 1.0		__DUMMY__ 0.47123824046153046 off 0.28280319901974815 neg 0.24595856051872128	false	0.5
ungeschminkt	neg 1.0		__DUMMY__ 0.46825160004818633 off 0.2896909075486366 neg 0.24205749240317714	false	0.5
kritisch	neg 1.0		__DUMMY__ 0.47494948144198634 off 0.27882964175336894 neg 0.24622087680464472	false	0.5
schlamperei	off 1.0		__DUMMY__ 0.47688940114006595 off 0.2779119578087172 neg 0.245198641051217	false	1.0
sucht	neg 1.0	neg 1.0	neg 0.6027409155702917 __DUMMY__ 0.23457785668164363 off 0.16268122774806468	false	1.0
egoistisch	off 1.0		__DUMMY__ 0.46610087463512273 off 0.29516443989135593 neg 0.23873468547352114	false	1.0
ausbeuter	off 1.0		__DUMMY__ 0.4743416203086597 off 0.2766530939244536 neg 0.24900528576688663	false	1.0
arschgeburt	off 1.0		__DUMMY__ 0.4608802477376532 off 0.3029818634957706 neg 0.23613788876657632	false	1.0
schubs	neg 1.0		__DUMMY__ 0.4750626868133067 off 0.28103211763265035 neg 0.24390519555404278	false	0.5
unsolide	neg 1.0		__DUMMY__ 0.471189263949136 off 0.2842605139615761 neg 0.2445502220892881	false	0.5
beschwerde	neg 1.0		__DUMMY__ 0.4750873747072577 off 0.2781692391918486 neg 0.24674338610089377	false	0.5
stocken	neg 1.0		__DUMMY__ 0.4769242820240192 off 0.2784174299244855 neg 0.24465828805149528	false	0.5
isolieren	neg 1.0		__DUMMY__ 0.4755791375651211 off 0.2798247873536609 neg 0.24459607508121792	false	0.5
unheilbar	neg 1.0		__DUMMY__ 0.47514600221211906 off 0.2841812505748171 neg 0.240672747213064	false	0.5
pisser	off 1.0		__DUMMY__ 0.46880279474538794 off 0.29203934074209986 neg 0.2391578645125122	false	1.0
löschen	neg 1.0		__DUMMY__ 0.47521818131577487 off 0.2835626433004523 neg 0.2412191753837729	false	0.5
durchfallen	neg 1.0		__DUMMY__ 0.4732186884463632 off 0.27893500419475975 neg 0.24784630735887708	false	0.5
wichser	off 1.0	off 1.0	off 0.6408092098400003 __DUMMY__ 0.22585553146276058 neg 0.13333525869723906	false	1.0
terror	neg 1.0		__DUMMY__ 0.47358179809530754 off 0.2870351462462771 neg 0.23938305565841544	false	0.5
krass	neg 1.0		__DUMMY__ 0.4682879029962133 off 0.29323949295426377 neg 0.23847260404952292	false	0.5
revolte	neg 1.0		__DUMMY__ 0.4735181082703454 off 0.2856109227976246 neg 0.24087096893203008	false	0.5
besorgt	neg 1.0		__DUMMY__ 0.4785739873977611 off 0.2827699793638495 neg 0.23865603323838924	false	0.5
nachlassen	neg 1.0		__DUMMY__ 0.4788138357384593 off 0.27922032722413154 neg 0.2419658370374091	false	0.5
alt	neg 1.0		__DUMMY__ 0.4756341715650372 off 0.28056370498612143 neg 0.2438021234488413	false	0.5
hundesohn	off 1.0		__DUMMY__ 0.4646242080082036 off 0.2998759046488072 neg 0.23549988734298916	false	1.0
als			__DUMMY__ 0.4749279282196817 off 0.28073673103537716 neg 0.24433534074494098	false	0.0
abschreckung	neg 1.0		__DUMMY__ 0.4771110487341699 off 0.27632044383481896 neg 0.2465685074310112	false	0.5
unqualifiziert	neg 1.0		__DUMMY__ 0.46962987320004795 off 0.28676538629974235 neg 0.2436047405002097	false	0.5
abgewichst	off 1.0		__DUMMY__ 0.476127283355137 off 0.2825259670460102 neg 0.2413467495988528	false	1.0
schwer	neg 1.0		__DUMMY__ 0.4735816186714891 off 0.2822584616394584 neg 0.2441599196890526	false	0.5
bedeutungslosigkeit	neg 1.0		__DUMMY__ 0.4760132871072503 off 0.27718112569340486 neg 0.2468055871993447	false	0.5
kapitulation	neg 1.0		__DUMMY__ 0.4763951525391142 off 0.2790935104801024 neg 0.24451133698078345	false	0.5
unscharf	neg 1.0		__DUMMY__ 0.47137180683439667 off 0.2854973586872071 neg 0.24313083447839617	false	0.5
schwinden	neg 1.0		__DUMMY__ 0.4777548567597744 off 0.27764582928917103 neg 0.24459931395105441	false	0.5
versklavung	neg 1.0		__DUMMY__ 0.47487290750588174 off 0.2845305047205049 neg 0.24059658777361334	false	0.5
schlecht	neg 1.0		__DUMMY__ 0.4716751707560694 off 0.2903672550190941 neg 0.2379575742248366	false	0.5
verhasst	neg 1.0		__DUMMY__ 0.4708872232053726 off 0.28388424236316223 neg 0.24522853443146514	false	0.5
beschweren	neg 1.0		__DUMMY__ 0.4728195517704532 off 0.28538239261033704 neg 0.24179805561920986	false	0.5
scheiden	neg 1.0		__DUMMY__ 0.47590830491910857 off 0.28382065859986577 neg 0.2402710364810257	false	0.5
frustriert	neg 1.0		__DUMMY__ 0.4739152912732923 off 0.2812570113173796 neg 0.2448276974093281	false	0.5
schimmelig	neg 1.0		__DUMMY__ 0.4736753101967916 off 0.279397995564976 neg 0.24692669423823238	false	0.5
fisch	neg 1.0		__DUMMY__ 0.47569059695423555 off 0.27638488796546196 neg 0.24792451508030267	false	0.5
schmuggel	neg 1.0		__DUMMY__ 0.47705797402305666 off 0.27824503528586353 neg 0.24469699069107972	false	0.5
auffallen	neg 1.0		__DUMMY__ 0.47247584159177936 off 0.28629462815267614 neg 0.2412295302555445	false	0.5
konkurrenz	neg 1.0		__DUMMY__ 0.4772852549610342 off 0.27586837260669256 neg 0.24684637243227328	false	0.5
teufelskreis	neg 1.0		__DUMMY__ 0.4733480599229148 off 0.2823862148860781 neg 0.24426572519100706	false	0.5
aufschreien	neg 1.0		__DUMMY__ 0.47149432365099275 off 0.2860345461252521 neg 0.24247113022375508	false	0.5
schuldner	neg 1.0		__DUMMY__ 0.47544964920120625 off 0.2762693318570103 neg 0.2482810189417835	false	0.5
missgeburt	off 1.0	off 1.0	off 0.6381370291032323 __DUMMY__ 0.2266394597680087 neg 0.13522351112875894	false	1.0
arbeitslos	neg 1.0		__DUMMY__ 0.47297020710435467 off 0.27926944564188305 neg 0.24776034725376234	false	0.5
befallen	neg 1.0		__DUMMY__ 0.47692617274737326 off 0.2825745888062954 neg 0.24049923844633153	false	0.5
miesepetrig	off 1.0	off 1.0	off 0.6343997106840749 __DUMMY__ 0.22953309816146336 neg 0.13606719115446178	false	1.0
alarmieren	neg 1.0		__DUMMY__ 0.4711183174416758 off 0.2878646845398367 neg 0.2410169980184875	false	0.5
ungeduscht	off 1.0		__DUMMY__ 0.4706378017431107 off 0.2876581417466456 neg 0.24170405651024374	false	1.0
knappheit	neg 1.0		__DUMMY__ 0.4732776205716399 off 0.2787436280528016 neg 0.24797875137555855	false	0.5
schlange	neg 1.0		__DUMMY__ 0.4761501971548153 off 0.286176685791078 neg 0.23767311705410663	false	0.5
harsch	neg 1.0		__DUMMY__ 0.471057113752918 off 0.2956465328938174 neg 0.23329635335326457	false	0.5
lang	neg 1.0		__DUMMY__ 0.47497551322086173 off 0.2846060999009545 neg 0.24041838687818384	false	0.5
ziellos	neg 1.0		__DUMMY__ 0.47699300110309323 off 0.2800644858379801 neg 0.24294251305892653	false	0.5
selbstverliebt	neg 1.0		__DUMMY__ 0.4625541600263374 off 0.300698729331224 neg 0.23674711064243867	false	0.5
beseitigen	neg 1.0		__DUMMY__ 0.4761967015055073 off 0.28209173486554645 neg 0.24171156362894625	false	0.5
dumm	off 1.0		__DUMMY__ 0.46650854859293456 off 0.29626852291702527 neg 0.23722292849004037	false	1.0
arbeitsloser	neg 1.0		__DUMMY__ 0.4748255213597996 off 0.2799755633957284 neg 0.2451989152444721	false	0.5
blitzen	neg 1.0		__DUMMY__ 0.4734125276197537 off 0.2872258580358609 neg 0.23936161434438533	false	0.5
hilflos	neg 1.0		__DUMMY__ 0.47441980141476037 off 0.280915930383636 neg 0.2446642682016036	false	0.5
eklig	off 1.0		__DUMMY__ 0.46503175612678405 off 0.2965340030101034 neg 0.23843424086311252	false	1.0
begriff			__DUMMY__ 0.4738996916527551 off 0.28218302347296625 neg 0.2439172848742786	false	0.0
hungersnot	neg 1.0		__DUMMY__ 0.4770180986483787 off 0.2811335277554808 neg 0.24184837359614061	false	0.5
ungesetzlich	neg 1.0		__DUMMY__ 0.4706449623828658 off 0.282679022180239 neg 0.24667601543689524	false	0.5
verschwendung	neg 1.0		__DUMMY__ 0.4761381499149613 off 0.2782621074965542 neg 0.24559974258848458	false	0.5
schmerzvoll	neg 1.0		__DUMMY__ 0.4735718220874518 off 0.28537242421524395 neg 0.24105575369730417	false	0.5
vorzeitig	neg 1.0		__DUMMY__ 0.47387455246447907 off 0.2869670318609272 neg 0.2391584156745938	false	0.5
unvollkommenheit	neg 1.0		__DUMMY__ 0.4787363091612186 off 0.2813606565485053 neg 0.23990303429027618	false	0.5
intervenieren	neg 1.0		__DUMMY__ 0.47500255847804806 off 0.27748805955353095 neg 0.24750938196842093	false	0.5
banause	off 1.0		__DUMMY__ 0.4625003814085928 off 0.29882865487072646 neg 0.23867096372068075	false	1.0
rebell	neg 1.0		__DUMMY__ 0.47803567886109727 off 0.2742125620206589 neg 0.24775175911824374	false	0.5
unlogisch	neg 1.0		__DUMMY__ 0.4676595257117518 off 0.2917764151917026 neg 0.24056405909654557	false	0.5
leiden	neg 1.0		__DUMMY__ 0.4780708381979373 off 0.2776845354401615 neg 0.24424462636190128	false	0.5
abschaffung	neg 1.0		__DUMMY__ 0.4733518660083909 off 0.28318973792393476 neg 0.24345839606767425	false	0.5
sturz	neg 1.0		__DUMMY__ 0.4759739349124755 off 0.28403894108947436 neg 0.23998712399805003	false	0.5
verkleinerung	neg 1.0		__DUMMY__ 0.469422451319827 off 0.28509100334065396 neg 0.24548654533951916	false	0.5
schmarotzer	off 1.0		__DUMMY__ 0.471815956241714 off 0.2797990804387329 neg 0.24838496331955312	false	1.0
bestrafung	neg 1.0		__DUMMY__ 0.474254478085769 off 0.2847457040026096 neg 0.2409998179116213	false	0.5
achtlos	neg 1.0	neg 1.0	neg 0.6075447133202835 __DUMMY__ 0.23187233597242848 off 0.1605829507072881	false	1.0
ungeheuer	neg 1.0		__DUMMY__ 0.47405396457714255 off 0.28651461985212223 neg 0.23943141557073516	false	0.5
unaufrichtig	neg 1.0		__DUMMY__ 0.4742845523859316 off 0.2873852921273934 neg 0.2383301554866749	false	0.5
groggy	neg 1.0		__DUMMY__ 0.4735280846061157 off 0.2871198447964853 neg 0.2393520705973991	false	0.5
verletzlich	neg 1.0		__DUMMY__ 0.46921077618638507 off 0.2897981808164643 neg 0.24099104299715055	false	0.5
