unsolidarisch	neg 1.0		off 0.5120076667852017 neg 0.44588377973326426 __DUMMY__ 0.04210855348153408	false	0.5
nachteilig	neg 1.0		off 0.5100796180111269 neg 0.44742148732203374 __DUMMY__ 0.04249889466683936	false	0.5
skeptisch	neg 1.0		off 0.5095270545889081 neg 0.44794217310456375 __DUMMY__ 0.04253077230652813	false	0.5
schrecklich	neg 1.0		off 0.523461581356611 neg 0.43467991557310576 __DUMMY__ 0.04185850307028326	false	0.5
schlapp	neg 1.0		off 0.5202885650494237 neg 0.43761497553294565 __DUMMY__ 0.04209645941763074	false	0.5
abfall	neg 1.0		off 0.5081382082470592 neg 0.448989793887393 __DUMMY__ 0.04287199786554767	false	0.5
widerspenstig	neg 1.0		off 0.5156042010266922 neg 0.44202068554541757 __DUMMY__ 0.04237511342789026	false	0.5
abrupt	neg 1.0		off 0.5131892784276642 neg 0.4440633365770016 __DUMMY__ 0.04274738499533428	false	0.5
unwirksam	neg 1.0		off 0.5111531777266353 neg 0.4468373705843511 __DUMMY__ 0.04200945168901361	false	0.5
angreifen	neg 1.0		off 0.5097280430771587 neg 0.4477179786273409 __DUMMY__ 0.042553978295500304	false	0.5
inkonsistent	neg 1.0		off 0.515503836965555 neg 0.44224795890889873 __DUMMY__ 0.04224820412554619	false	0.5
abrutschen	neg 1.0		off 0.5068211781662008 neg 0.4504934473070101 __DUMMY__ 0.04268537452678912	false	0.5
unsicher	neg 1.0		off 0.5154265172564682 neg 0.4421476514904804 __DUMMY__ 0.04242583125305158	false	0.5
bauernkind	off 1.0	off 1.0	off 0.7463848673221309 neg 0.23390852772153323 __DUMMY__ 0.019706604956335742	false	1.0
angreifer	neg 1.0	neg 1.0	neg 0.7037170655854622 off 0.27596074305874324 __DUMMY__ 0.0203221913557945	false	1.0
trennen	neg 1.0		off 0.5117946149646838 neg 0.4454202208748818 __DUMMY__ 0.04278516416043441	false	0.5
schmutz	neg 1.0		off 0.521203507076964 neg 0.4360816256650265 __DUMMY__ 0.04271486725800971	false	0.5
inkonsistenz	neg 1.0		off 0.5159025480156625 neg 0.44239914802642993 __DUMMY__ 0.04169830395790762	false	0.5
erschreckend	neg 1.0		off 0.5130471248474978 neg 0.4446620429877549 __DUMMY__ 0.04229083216474728	false	0.5
ertrinken	neg 1.0		off 0.5118904317223779 neg 0.4454242944287728 __DUMMY__ 0.04268527384884929	false	0.5
pickelface	off 1.0		off 0.5149535504834815 neg 0.4425605803805213 __DUMMY__ 0.042485869135997265	false	1.0
seiner			off 0.5105914400860032 neg 0.4468231965788206 __DUMMY__ 0.04258536333517612	false	0.0
lauch	neg 1.0		off 0.5093605815616086 neg 0.4477927459089976 __DUMMY__ 0.04284667252939389	false	0.5
unwichtig	neg 1.0		off 0.5181559572484108 neg 0.4398730583785244 __DUMMY__ 0.04197098437306493	false	0.5
steuerhinterziehung	neg 1.0	neg 1.0	neg 0.707631801248373 off 0.2720989394545006 __DUMMY__ 0.02026925929712634	false	1.0
schock	neg 1.0		off 0.5151792252414804 neg 0.44231935016344137 __DUMMY__ 0.042501424595078226	false	0.5
beule	neg 1.0		off 0.5210659749624362 neg 0.43691067045405513 __DUMMY__ 0.042023354583508546	false	0.5
vergelten	neg 1.0		off 0.5242292397027142 neg 0.4336671035546992 __DUMMY__ 0.04210365674258676	false	0.5
verdorbenheit	neg 1.0		off 0.517898282793846 neg 0.4395550281904766 __DUMMY__ 0.04254668901567741	false	0.5
trauma	neg 1.0		off 0.5163586086730825 neg 0.4412787719271708 __DUMMY__ 0.04236261939974671	false	0.5
sinnlos	neg 1.0		off 0.5172813873215973 neg 0.4404475553021404 __DUMMY__ 0.042271057376262314	false	0.5
fettsack	off 1.0	off 1.0	off 0.7479745629981793 neg 0.23224147140910997 __DUMMY__ 0.019783965592710593	false	1.0
feige	off 1.0	off 1.0	off 0.7455679909904159 neg 0.23443551053615172 __DUMMY__ 0.01999649847343233	false	1.0
abdanken	neg 1.0		off 0.5143914882164923 neg 0.4431981031824789 __DUMMY__ 0.0424104086010289	false	0.5
wichtigtuer	off 1.0	off 1.0	off 0.7445764126347899 neg 0.2353308633145498 __DUMMY__ 0.02009272405066039	false	1.0
misslingen	neg 1.0		off 0.5189485719438465 neg 0.4383741220195958 __DUMMY__ 0.04267730603655784	false	0.5
untreu	off 1.0		off 0.5196427650915834 neg 0.43832076877721254 __DUMMY__ 0.042036466131204125	false	1.0
missmutig	neg 1.0		off 0.5201269501416463 neg 0.43769525818224664 __DUMMY__ 0.042177791676107024	false	0.5
hurenbock	off 1.0		off 0.5193246314811977 neg 0.43819242222894206 __DUMMY__ 0.04248294628986031	false	1.0
betrunken	neg 1.0		off 0.5220930097005034 neg 0.43587521609573965 __DUMMY__ 0.04203177420375694	false	0.5
korrupt	off 1.0		off 0.509792285539133 neg 0.4479983089548116 __DUMMY__ 0.04220940550605548	false	1.0
unmut	neg 1.0		off 0.5074778632674829 neg 0.44978197797394454 __DUMMY__ 0.0427401587585726	false	0.5
hackfresse	off 1.0		off 0.5257975138096702 neg 0.4326299680863823 __DUMMY__ 0.041572518103947534	false	1.0
aufblasen	neg 1.0		off 0.5178416340000116 neg 0.439789486216431 __DUMMY__ 0.042368879783557425	false	0.5
gewaltsam	neg 1.0		off 0.5146915425731549 neg 0.44277366445218735 __DUMMY__ 0.04253479297465775	false	0.5
unbeliebtheit	neg 1.0		off 0.5159637074946021 neg 0.44215679230642313 __DUMMY__ 0.04187950019897473	false	0.5
sturheit	neg 1.0		off 0.5128280918424645 neg 0.4448203207930038 __DUMMY__ 0.04235158736453158	false	0.5
kuh	neg 1.0		off 0.5135195993833789 neg 0.44464264430878564 __DUMMY__ 0.04183775630783534	false	0.5
erschrecken	neg 1.0		off 0.5204855763326527 neg 0.4372525289761126 __DUMMY__ 0.04226189469123482	false	0.5
opfer	neg 1.0		off 0.5117633591664245 neg 0.4456909348547882 __DUMMY__ 0.04254570597878735	false	0.5
sinken	neg 1.0		off 0.5088318533161192 neg 0.44839623879834845 __DUMMY__ 0.04277190788553242	false	0.5
stinktier	neg 1.0		off 0.519903455288872 neg 0.4387038352811524 __DUMMY__ 0.04139270942997559	false	0.5
tucke	off 1.0		off 0.5267706423614095 neg 0.43174582945841644 __DUMMY__ 0.041483528180174124	false	1.0
ein			off 0.5160908137338996 neg 0.4416040207666357 __DUMMY__ 0.04230516549946477	false	0.0
abstieg	neg 1.0		off 0.5106523394485696 neg 0.4467647035711753 __DUMMY__ 0.042582956980255174	false	0.5
missverstehen	neg 1.0		off 0.5156314375234151 neg 0.4423695107836697 __DUMMY__ 0.041999051692915255	false	0.5
ergebnislos	neg 1.0		off 0.5103460091850645 neg 0.44705134053231843 __DUMMY__ 0.04260265028261703	false	0.5
unter			off 0.5051019929207822 neg 0.4517260177021368 __DUMMY__ 0.043171989377081124	false	0.0
manipulieren	neg 1.0		off 0.5103492135129287 neg 0.44699085140781786 __DUMMY__ 0.04265993507925332	false	0.5
unbewiesen	neg 1.0		off 0.511326697646237 neg 0.4466287815028324 __DUMMY__ 0.04204452085093079	false	0.5
verschleppen	neg 1.0		off 0.5111372131072446 neg 0.44642230201178407 __DUMMY__ 0.04244048488097145	false	0.5
weib	off 1.0		off 0.5242902557536846 neg 0.43439175088246085 __DUMMY__ 0.04131799336385437	false	1.0
opposition	neg 1.0		off 0.5151675544099859 neg 0.44268196854984376 __DUMMY__ 0.04215047704017048	false	0.5
verkehrswidrig	neg 1.0		off 0.5264942231677355 neg 0.4313450000217004 __DUMMY__ 0.04216077681056404	false	0.5
inkorrekt	neg 1.0		off 0.5208332693921969 neg 0.43745439092928584 __DUMMY__ 0.04171233967851738	false	0.5
vermeiden	neg 1.0		off 0.5064975797716927 neg 0.4506451288471667 __DUMMY__ 0.04285729138114065	false	0.5
abweichung	neg 1.0		off 0.5103780671617227 neg 0.4471976884240649 __DUMMY__ 0.04242424441421236	false	0.5
alkoholisiert	neg 1.0		off 0.5115146222291346 neg 0.44585827807110917 __DUMMY__ 0.04262709969975633	false	0.5
scheiss	off 1.0	off 1.0	off 0.746644263435757 neg 0.23330781894909652 __DUMMY__ 0.020047917615146547	false	1.0
herausforderung	neg 1.0		off 0.5106297341175375 neg 0.446740712892777 __DUMMY__ 0.04262955298968557	false	0.5
pervers	off 1.0		off 0.52855737058365 neg 0.4300869635360036 __DUMMY__ 0.04135566588034632	false	1.0
wackelig	neg 1.0		off 0.5154355489998615 neg 0.4418845106661773 __DUMMY__ 0.0426799403339612	false	0.5
verwickeln	neg 1.0		off 0.5152064056146778 neg 0.442758542124762 __DUMMY__ 0.04203505226056015	false	0.5
vorwand	neg 1.0		off 0.5092684126859375 neg 0.44815727637431724 __DUMMY__ 0.042574310939745334	false	0.5
muschi	off 1.0		off 0.5148432571669858 neg 0.44269694248149966 __DUMMY__ 0.04245980035151459	false	1.0
entmutigung	neg 1.0		off 0.5153555005066155 neg 0.44240733297719065 __DUMMY__ 0.042237166516193886	false	0.5
unangemessen	neg 1.0		off 0.5109060979692517 neg 0.4468915217168808 __DUMMY__ 0.0422023803138674	false	0.5
unstetig	neg 1.0		off 0.5174179112006421 neg 0.44037993197082104 __DUMMY__ 0.04220215682853685	false	0.5
entmutigen	neg 1.0		off 0.5158805399373027 neg 0.4418069903054561 __DUMMY__ 0.04231246975724132	false	0.5
schwanz	neg 1.0		off 0.5126395641993235 neg 0.4447767010312418 __DUMMY__ 0.04258373476943472	false	0.5
verbot	neg 1.0		off 0.5113281796447724 neg 0.4462568732449708 __DUMMY__ 0.04241494711025678	false	0.5
leid	neg 1.0		off 0.52376337704178 neg 0.434583403871949 __DUMMY__ 0.04165321908627108	false	0.5
archaisch	neg 1.0		off 0.5133161503664191 neg 0.4442953643180883 __DUMMY__ 0.04238848531549264	false	0.5
gegen			off 0.5082792000039407 neg 0.4489969231663501 __DUMMY__ 0.04272387682970915	false	0.0
scheidung	neg 1.0		off 0.5364849356974795 neg 0.4219701831300862 __DUMMY__ 0.041544881172434364	false	0.5
einschlag	neg 1.0		off 0.5224638367303116 neg 0.4356016524053487 __DUMMY__ 0.041934510864339594	false	0.5
m			off 0.5136488695513453 neg 0.4437887759060322 __DUMMY__ 0.04256235454262248	false	0.0
abgestanden	neg 1.0		off 0.5150720083668235 neg 0.44269252789483843 __DUMMY__ 0.04223546373833785	false	0.5
schmierig	off 1.0		off 0.5246901277280441 neg 0.43346579076289793 __DUMMY__ 0.04184408150905774	false	1.0
unpraktisch	neg 1.0		off 0.5165327718299723 neg 0.44118879902900515 __DUMMY__ 0.0422784291410226	false	0.5
wixxer	off 1.0		off 0.5274077140732901 neg 0.4313754674896132 __DUMMY__ 0.04121681843709664	false	1.0
bezeichnet			off 0.5129380714413101 neg 0.4449056236449951 __DUMMY__ 0.04215630491369486	false	0.0
jammerlappen	off 1.0		off 0.5199754854560235 neg 0.43788363616747333 __DUMMY__ 0.04214087837650336	false	1.0
farce	neg 1.0		off 0.5118464362003441 neg 0.44583236319969793 __DUMMY__ 0.04232120059995819	false	0.5
zwecklos	neg 1.0		off 0.5118242806428183 neg 0.44584115607755487 __DUMMY__ 0.04233456327962686	false	0.5
turbulent	neg 1.0		off 0.5207146714143776 neg 0.43731486616284554 __DUMMY__ 0.04197046242277688	false	0.5
invasion	neg 1.0		off 0.516306642449378 neg 0.44148856634389133 __DUMMY__ 0.04220479120673062	false	0.5
schuld	neg 1.0		off 0.5148033786381554 neg 0.4430083984123698 __DUMMY__ 0.042188222949474885	false	0.5
risiko	neg 1.0	neg 1.0	neg 0.7040416255563402 off 0.27561670697770657 __DUMMY__ 0.020341667465953193	false	1.0
finster	neg 1.0		off 0.5146821100529096 neg 0.44320488113881995 __DUMMY__ 0.042113008808270395	false	0.5
geisteskrank	off 1.0		off 0.5184687005210262 neg 0.4397916602766772 __DUMMY__ 0.04173963920229658	false	1.0
zusammenbrechen	neg 1.0		off 0.5130584294498218 neg 0.4445038366797916 __DUMMY__ 0.04243773387038646	false	0.5
ausbeute	neg 1.0		off 0.5166226174052537 neg 0.4403821193252538 __DUMMY__ 0.042995263269492476	false	0.5
hinterhalt	neg 1.0		off 0.5187670536713213 neg 0.43829280578281404 __DUMMY__ 0.04294014054586472	false	0.5
kritik	neg 1.0		off 0.5114589329281847 neg 0.4462290361563167 __DUMMY__ 0.04231203091549865	false	0.5
einschrumpfen	neg 1.0		off 0.517672449412419 neg 0.4402834375576736 __DUMMY__ 0.042044113029907536	false	0.5
riskant	neg 1.0		off 0.5094908195338529 neg 0.4480645431976772 __DUMMY__ 0.042444637268469906	false	0.5
frustrieren	neg 1.0		off 0.5106665114278369 neg 0.44689893166079564 __DUMMY__ 0.04243455691136726	false	0.5
groll	neg 1.0		off 0.5112468162555867 neg 0.4464098132608683 __DUMMY__ 0.042343370483544994	false	0.5
gibt			off 0.5131566102190245 neg 0.44440083352923243 __DUMMY__ 0.04244255625174314	false	0.0
qualvoll	neg 1.0		off 0.5189895060620939 neg 0.438720072407017 __DUMMY__ 0.04229042153088901	false	0.5
wackeln	neg 1.0		off 0.5180340295749384 neg 0.4394410802999663 __DUMMY__ 0.04252489012509521	false	0.5
klagen	neg 1.0		off 0.5075751482835815 neg 0.44978307750416263 __DUMMY__ 0.042641774212255755	false	0.5
bankrott	neg 1.0		off 0.5205569872722525 neg 0.4371686726948982 __DUMMY__ 0.042274340032849314	false	0.5
trauern	neg 1.0		off 0.5132022196004178 neg 0.4440587977683128 __DUMMY__ 0.04273898263126931	false	0.5
ablehnung	neg 1.0		off 0.5109106653247759 neg 0.44678742649913716 __DUMMY__ 0.042301908176086936	false	0.5
stur	neg 1.0		off 0.5147394012563683 neg 0.44310235644540624 __DUMMY__ 0.04215824229822538	false	0.5
aufruhr	neg 1.0		off 0.5140059357674629 neg 0.4435704529925614 __DUMMY__ 0.04242361123997576	false	0.5
melancholie	neg 1.0		off 0.5127253432672085 neg 0.444718120985686 __DUMMY__ 0.042556535747105564	false	0.5
ist			off 0.5167569293681991 neg 0.4409876552071202 __DUMMY__ 0.042255415424680656	false	0.0
torheit	neg 1.0		off 0.5152170368235346 neg 0.4424459769358911 __DUMMY__ 0.04233698624057429	false	0.5
dreckskind	off 1.0		off 0.5234444409475497 neg 0.43507332885409855 __DUMMY__ 0.04148223019835161	false	1.0
umtauschen	neg 1.0		off 0.5148248931279445 neg 0.4428069762904517 __DUMMY__ 0.04236813058160388	false	0.5
zum			off 0.5095691523596646 neg 0.4472869071743383 __DUMMY__ 0.04314394046599719	false	0.0
zersetzen	neg 1.0		off 0.5089083906401166 neg 0.4485952213500139 __DUMMY__ 0.04249638800986954	false	0.5
zur			off 0.5070962837420147 neg 0.4498993456590327 __DUMMY__ 0.04300437059895263	false	0.0
frust	neg 1.0		off 0.513293839986737 neg 0.44424069103160235 __DUMMY__ 0.042465468981660696	false	0.5
unerbittlichkeit	neg 1.0		off 0.5095938107054699 neg 0.44783735504010963 __DUMMY__ 0.04256883425442046	false	0.5
zwei			off 0.509919083560784 neg 0.44705846977752894 __DUMMY__ 0.04302244666168714	false	0.0
unkorrekt	neg 1.0		off 0.5213081013593585 neg 0.436885672518668 __DUMMY__ 0.041806226121973517	false	0.5
hexe	off 1.0		off 0.5179953744178284 neg 0.4401281583756117 __DUMMY__ 0.04187646720656009	false	1.0
lasch	neg 1.0		off 0.5165764571740423 neg 0.44146897980395555 __DUMMY__ 0.0419545630220021	false	0.5
rivale	neg 1.0		off 0.5217850672908215 neg 0.43624993338974677 __DUMMY__ 0.041964999319431665	false	0.5
mutlos	off 1.0	off 1.0	off 0.7411097256600003 neg 0.23860581591003696 __DUMMY__ 0.02028445842996269	false	1.0
wirr	off 1.0		off 0.5222483705290312 neg 0.43598594565082405 __DUMMY__ 0.04176568382014484	false	1.0
jahr			off 0.5137026652249572 neg 0.4432601877875832 __DUMMY__ 0.043037146987459446	false	0.0
wird			off 0.5117580103542532 neg 0.4457826263573722 __DUMMY__ 0.04245936328837462	false	0.0
strafbar	neg 1.0		off 0.5098943532046392 neg 0.4476814756506707 __DUMMY__ 0.042424171144690166	false	0.5
erosion	neg 1.0		off 0.5167918616698687 neg 0.44068350164225245 __DUMMY__ 0.04252463668787892	false	0.5
eingehen	neg 1.0		off 0.5100271574508206 neg 0.44756629895919825 __DUMMY__ 0.04240654358998125	false	0.5
faul	off 1.0		off 0.5200297209508469 neg 0.4377499782042758 __DUMMY__ 0.04222030084487739	false	1.0
provisorium	neg 1.0		off 0.5060539386269087 neg 0.450761251719837 __DUMMY__ 0.04318480965325414	false	0.5
schmerzen	neg 1.0		off 0.5133847387581968 neg 0.4442944599432508 __DUMMY__ 0.04232080129855246	false	0.5
schrumpfen	neg 1.0		off 0.5048436768974021 neg 0.45242202556495936 __DUMMY__ 0.04273429753763849	false	0.5
geistlos	off 1.0		off 0.5147173210136408 neg 0.4433417553265867 __DUMMY__ 0.041940923659772394	false	1.0
fehlkauf	neg 1.0		off 0.5180907897719821 neg 0.43951937314517836 __DUMMY__ 0.0423898370828396	false	0.5
frustrierend	neg 1.0		off 0.5183728073327458 neg 0.439500691233006 __DUMMY__ 0.04212650143424813	false	0.5
unzufrieden	neg 1.0		off 0.511000798223009 neg 0.44669475861271796 __DUMMY__ 0.04230444316427308	false	0.5
verzweifeln	neg 1.0		off 0.5136566658639218 neg 0.4439708721713078 __DUMMY__ 0.04237246196477041	false	0.5
verzweifelt	neg 1.0	neg 1.0	neg 0.7062779568856116 off 0.27360164035578977 __DUMMY__ 0.020120402758598614	false	1.0
misstrauensantrag	neg 1.0		off 0.5167745445217635 neg 0.44100890715172586 __DUMMY__ 0.04221654832651061	false	0.5
abfallen	neg 1.0		off 0.5175356010433766 neg 0.43999985173980033 __DUMMY__ 0.042464547216822995	false	0.5
fucker	off 1.0		off 0.5232995931826855 neg 0.43464478120036865 __DUMMY__ 0.04205562561694597	false	1.0
ungezogen	neg 1.0		off 0.5281272048066907 neg 0.43043315334026416 __DUMMY__ 0.04143964185304504	false	0.5
irrsinnig	neg 1.0	neg 1.0	neg 0.7059742423828098 off 0.273876012912783 __DUMMY__ 0.020149744704407127	false	1.0
unfassbar	neg 1.0		off 0.5208384423344828 neg 0.437103822096668 __DUMMY__ 0.04205773556884915	false	0.5
hart	neg 1.0		off 0.5205397412595543 neg 0.43739316308006576 __DUMMY__ 0.04206709566037999	false	0.5
widerlich	off 1.0		off 0.5196273558118326 neg 0.4385240831375583 __DUMMY__ 0.041848561050609155	false	1.0
fatal	neg 1.0		off 0.5176768494167037 neg 0.4400335378407497 __DUMMY__ 0.0422896127425466	false	0.5
bruch	neg 1.0		off 0.5083079551964869 neg 0.44902969828775324 __DUMMY__ 0.04266234651575993	false	0.5
aushungern	neg 1.0		off 0.5137106742386041 neg 0.4437684844279759 __DUMMY__ 0.04252084133342009	false	0.5
anspannung	neg 1.0		off 0.5085674611383985 neg 0.44839006351307586 __DUMMY__ 0.04304247534852567	false	0.5
von			off 0.5150683354194037 neg 0.4417661246138323 __DUMMY__ 0.04316553996676389	false	0.0
kraftlos	neg 1.0		off 0.5134320979121542 neg 0.4440289958249999 __DUMMY__ 0.04253890626284598	false	0.5
vom			off 0.5077827221703269 neg 0.44893845455318865 __DUMMY__ 0.04327882327648451	false	0.0
grenzdebil	off 1.0		off 0.5217371163334771 neg 0.4361735144078767 __DUMMY__ 0.04208936925864622	false	1.0
vor			off 0.5106973007547126 neg 0.4464995628112503 __DUMMY__ 0.04280313643403714	false	0.0
unterwerfen	neg 1.0		off 0.5114618901723568 neg 0.44601492974382173 __DUMMY__ 0.042523180083821464	false	0.5
versenkung	neg 1.0		off 0.5125209670760564 neg 0.44485679004177575 __DUMMY__ 0.04262224288216777	false	0.5
entziehen	neg 1.0		off 0.508168129962229 neg 0.44920103447718523 __DUMMY__ 0.042630835560585834	false	0.5
finanzkrise	neg 1.0		off 0.5126895521205501 neg 0.4450201650268645 __DUMMY__ 0.04229028285258544	false	0.5
schimpfend	neg 1.0		off 0.5171204319184594 neg 0.4406240876515297 __DUMMY__ 0.04225548043001103	false	0.5
profan	neg 1.0		off 0.5166687228875092 neg 0.441204303746604 __DUMMY__ 0.04212697336588677	false	0.5
korruption	neg 1.0		off 0.5114576263000954 neg 0.4460874672051794 __DUMMY__ 0.04245490649472519	false	0.5
â			off 0.5140599678920185 neg 0.44326949978287056 __DUMMY__ 0.04267053232511094	false	0.0
schmutzig	neg 1.0		off 0.5228377730063476 neg 0.435029551700348 __DUMMY__ 0.04213267529330447	false	0.5
sexy	neg 1.0		off 0.5194680070250431 neg 0.4382580814314871 __DUMMY__ 0.04227391154346975	false	0.5
abraten	neg 1.0		off 0.5168338841386253 neg 0.44092782953578197 __DUMMY__ 0.04223828632559268	false	0.5
schwarz	neg 1.0		off 0.51665309588868 neg 0.4410583788944655 __DUMMY__ 0.042288525216854556	false	0.5
fotze	off 1.0	off 1.0	off 0.7434501270167321 neg 0.23618147880622553 __DUMMY__ 0.02036839417704236	false	1.0
verwirren	neg 1.0		off 0.5178063504924645 neg 0.44001568522363876 __DUMMY__ 0.042177964283896606	false	0.5
zahnlos	off 1.0		off 0.5123370172424637 neg 0.4453395530952736 __DUMMY__ 0.04232342966226278	false	1.0
verheeren	neg 1.0		off 0.5315809360996198 neg 0.42681754629729374 __DUMMY__ 0.0416015176030865	false	0.5
hippie	neg 1.0		off 0.5190785614959323 neg 0.4386339315715066 __DUMMY__ 0.042287506932560934	false	0.5
rammen	neg 1.0		off 0.5155659628129612 neg 0.4422675709308814 __DUMMY__ 0.04216646625615747	false	0.5
unlauter	neg 1.0		off 0.5131145018069745 neg 0.4448484687272865 __DUMMY__ 0.04203702946573906	false	0.5
unheilvoll	neg 1.0		off 0.5179696496222741 neg 0.4396734675718278 __DUMMY__ 0.04235688280589811	false	0.5
niedrig	neg 1.0		off 0.5088525055966616 neg 0.4487422036993314 __DUMMY__ 0.042405290704007045	false	0.5
explosion	neg 1.0		off 0.5180698213703078 neg 0.43967814371450786 __DUMMY__ 0.042252034915184304	false	0.5
weichei	off 1.0	off 1.0	off 0.7490279776204446 neg 0.23110396579403183 __DUMMY__ 0.01986805658552349	false	1.0
minusmensch	off 1.0		off 0.5256007704177266 neg 0.4330180265457834 __DUMMY__ 0.041381203036490004	false	1.0
farblos	neg 1.0		off 0.5161471292576163 neg 0.441364784154258 __DUMMY__ 0.04248808658812572	false	0.5
unwissend	neg 1.0	neg 1.0	neg 0.7041593941358512 off 0.27580419838356074 __DUMMY__ 0.020036407480588218	false	1.0
traurig	neg 1.0		off 0.5231251991845792 neg 0.43494176059066436 __DUMMY__ 0.04193304022475638	false	0.5
senkung	neg 1.0		off 0.515361753466368 neg 0.44263856733272566 __DUMMY__ 0.04199967920090624	false	0.5
ungleich	neg 1.0	neg 1.0	neg 0.7089856559897845 off 0.2707239188314546 __DUMMY__ 0.02029042517876106	false	1.0
heikel	neg 1.0		off 0.5091109326546037 neg 0.44847527961493894 __DUMMY__ 0.04241378773045731	false	0.5
drosselung	neg 1.0		off 0.5210847733173902 neg 0.43688218224090664 __DUMMY__ 0.04203304444170313	false	0.5
falsch	neg 1.0		off 0.5178562660287055 neg 0.4400988727348858 __DUMMY__ 0.04204486123640866	false	0.5
unzufriedenheit	neg 1.0		off 0.5089519351160842 neg 0.4484438980024914 __DUMMY__ 0.04260416688142445	false	0.5
kurz	neg 1.0		off 0.5152637167817246 neg 0.4421448620550357 __DUMMY__ 0.04259142116323969	false	0.5
unsinnig	neg 1.0		off 0.5118033408646968 neg 0.4459573386323518 __DUMMY__ 0.04223932050295142	false	0.5
penner	off 1.0	off 1.0	off 0.750040652671294 neg 0.23010328249646397 __DUMMY__ 0.019856064832241994	false	1.0
seicht	neg 1.0		off 0.5262994834922887 neg 0.432352763861275 __DUMMY__ 0.04134775264643623	false	0.5
dummheit	off 1.0	off 1.0	off 0.744809940074708 neg 0.23510007813428394 __DUMMY__ 0.02008998179100799	false	1.0
unerfreulich	neg 1.0		off 0.5095440865621901 neg 0.4478904238844022 __DUMMY__ 0.042565489553407776	false	0.5
motherfucker	off 1.0	off 1.0	off 0.7479158172537459 neg 0.2320035174441685 __DUMMY__ 0.020080665302085653	false	1.0
pikiert	neg 1.0		off 0.5196100774683228 neg 0.43843814713213397 __DUMMY__ 0.04195177539954323	false	0.5
wrack	neg 1.0		off 0.5144641119967576 neg 0.44293567654259325 __DUMMY__ 0.04260021146064907	false	0.5
gangster	neg 1.0		off 0.5190935938851895 neg 0.43862746826860965 __DUMMY__ 0.04227893784620076	false	0.5
krank	neg 1.0		off 0.5216733441985685 neg 0.43624757056717967 __DUMMY__ 0.042079085234251835	false	0.5
reich	neg 1.0		off 0.5223115763244639 neg 0.4353975028468532 __DUMMY__ 0.04229092082868281	false	0.5
gnadenlos	neg 1.0		off 0.5155462145229387 neg 0.4422055649408203 __DUMMY__ 0.042248220536240916	false	0.5
niedergeschlagen	neg 1.0		off 0.5145214751630797 neg 0.4429759205168459 __DUMMY__ 0.04250260432007446	false	0.5
terrorisieren	off 1.0	off 1.0	off 0.7421415679874405 neg 0.23749259277096993 __DUMMY__ 0.020365839241589627	false	1.0
sinnlosigkeit	neg 1.0		off 0.5122470932877603 neg 0.4453742784013301 __DUMMY__ 0.04237862831090975	false	0.5
behindern	neg 1.0		off 0.5149641002487693 neg 0.4425813100756625 __DUMMY__ 0.042454589675568234	false	0.5
undemokratisch	neg 1.0		off 0.5151028124915188 neg 0.4426500124160123 __DUMMY__ 0.04224717509246878	false	0.5
wirtschaftskrise	neg 1.0		off 0.5108658073072576 neg 0.446716336047128 __DUMMY__ 0.042417856645614496	false	0.5
neid	neg 1.0		off 0.5196010674909846 neg 0.43817435262966326 __DUMMY__ 0.04222457987935215	false	0.5
rutschen	neg 1.0		off 0.5105496287101244 neg 0.44635337383276696 __DUMMY__ 0.04309699745710859	false	0.5
rezession	neg 1.0		off 0.5192809503774857 neg 0.4392053812029649 __DUMMY__ 0.04151366841954938	false	0.5
fehlgeburt	neg 1.0		off 0.5180636346664969 neg 0.4395602996961296 __DUMMY__ 0.042376065637373644	false	0.5
charakterschwach	off 1.0		off 0.5194538904421914 neg 0.43868451317393387 __DUMMY__ 0.04186159638387474	false	1.0
isolation	neg 1.0		off 0.5187384878640278 neg 0.43906923232351797 __DUMMY__ 0.04219227981245432	false	0.5
ablenkung	neg 1.0		off 0.5156519456829519 neg 0.44193955491027476 __DUMMY__ 0.04240849940677319	false	0.5
pech	neg 1.0		off 0.5174570231226056 neg 0.4405015850404422 __DUMMY__ 0.042041391836952303	false	0.5
vermeidung	neg 1.0		off 0.5221495832685745 neg 0.43573098799005366 __DUMMY__ 0.04211942874137182	false	0.5
dominieren	neg 1.0		off 0.5121463550904471 neg 0.4452454762864776 __DUMMY__ 0.042608168623075364	false	0.5
schwindlig	neg 1.0		off 0.5183706416681664 neg 0.43928866347054285 __DUMMY__ 0.042340694861290766	false	0.5
lutscher	neg 1.0		off 0.5274673747526503 neg 0.4311437956681715 __DUMMY__ 0.04138882957917826	false	0.5
pflicht	neg 1.0		off 0.5083033567503248 neg 0.44919489880639213 __DUMMY__ 0.042501744443283154	false	0.5
faschist	off 1.0		off 0.5179400471740898 neg 0.43988782639703206 __DUMMY__ 0.04217212642887816	false	1.0
verschleudern	neg 1.0		off 0.5089849876518502 neg 0.4486016283628672 __DUMMY__ 0.042413383985282584	false	0.5
wenn			off 0.5188674027421194 neg 0.43901220553992854 __DUMMY__ 0.042120391717952156	false	0.0
ehebruch	neg 1.0		off 0.5121445109844042 neg 0.44533128128508265 __DUMMY__ 0.04252420773051325	false	0.5
spott	off 1.0		off 0.5105946648464327 neg 0.4469560322743858 __DUMMY__ 0.04244930287918148	false	1.0
trostlosigkeit	neg 1.0		off 0.51072867241336 neg 0.44647921512783945 __DUMMY__ 0.04279211245880066	false	0.5
lutschen	neg 1.0		off 0.51812481761566 neg 0.4397620050142614 __DUMMY__ 0.04211317737007881	false	0.5
undiszipliniert	neg 1.0		off 0.5217828784783806 neg 0.43634439655755775 __DUMMY__ 0.04187272496406158	false	0.5
kopfschmerz	neg 1.0		off 0.512718331338894 neg 0.44489100022188965 __DUMMY__ 0.04239066843921641	false	0.5
unvorhergesehen	neg 1.0		off 0.5131140526749246 neg 0.44406924666263314 __DUMMY__ 0.04281670066244213	false	0.5
desinteressiert	neg 1.0		off 0.5213487609777824 neg 0.436746751144073 __DUMMY__ 0.04190448787814472	false	0.5
armselig	off 1.0		off 0.5209911176742376 neg 0.43729711032790936 __DUMMY__ 0.041711771997853246	false	1.0
desaster	neg 1.0		off 0.5077053732180863 neg 0.44960655774385205 __DUMMY__ 0.04268806903806176	false	0.5
tod	neg 1.0		off 0.5166347526768693 neg 0.440474980451885 __DUMMY__ 0.042890266871245565	false	0.5
herzlos	neg 1.0		off 0.5223623172366199 neg 0.43579180991764976 __DUMMY__ 0.04184587284573028	false	0.5
unwissenheit	neg 1.0		off 0.5118384666540067 neg 0.4457771306699989 __DUMMY__ 0.04238440267599444	false	0.5
widersinnig	neg 1.0		off 0.5094895912781264 neg 0.4483578086953404 __DUMMY__ 0.042152600026533024	false	0.5
bedenklich	neg 1.0		off 0.5103871623816817 neg 0.44723946327322284 __DUMMY__ 0.042373374345095485	false	0.5
beanstanden	neg 1.0		off 0.5083540482453865 neg 0.4490927041365941 __DUMMY__ 0.04255324761801953	false	0.5
panisch	neg 1.0	neg 1.0	neg 0.7031737490060419 off 0.2765142220395027 __DUMMY__ 0.020312028954455347	false	1.0
debil	off 1.0		off 0.5070673078071837 neg 0.44978194017126116 __DUMMY__ 0.04315075202155506	false	1.0
abstrich	neg 1.0		off 0.5199272117312266 neg 0.4371594402479207 __DUMMY__ 0.04291334802085278	false	0.5
primitiv	neg 1.0		off 0.5197208773825505 neg 0.43844822249761006 __DUMMY__ 0.04183090011983933	false	0.5
abschaum	off 1.0	off 1.0	off 0.7463252677809081 neg 0.23361003159438765 __DUMMY__ 0.020064700624704255	false	1.0
provozieren	neg 1.0		off 0.5140984650967777 neg 0.4437675515921465 __DUMMY__ 0.0421339833110757	false	0.5
tot	neg 1.0		off 0.5125764223557443 neg 0.4449652313043665 __DUMMY__ 0.042458346339889035	false	0.5
instabil	neg 1.0		off 0.521393501351346 neg 0.436791722692329 __DUMMY__ 0.04181477595632497	false	0.5
schwuchtel	off 1.0	off 1.0	off 0.7520839931096462 neg 0.22829357941867892 __DUMMY__ 0.019622427471674874	false	1.0
zerren	neg 1.0		off 0.513753791414234 neg 0.4437362446490428 __DUMMY__ 0.042509963936723065	false	0.5
kinderficker	off 1.0		off 0.5251203757420794 neg 0.4331366355933475 __DUMMY__ 0.04174298866457293	false	1.0
gefahr	neg 1.0		off 0.5098866950934515 neg 0.44739821124432877 __DUMMY__ 0.04271509366221981	false	0.5
rabiat	neg 1.0		off 0.5153198900384865 neg 0.4423147331430967 __DUMMY__ 0.04236537681841663	false	0.5
verlangsamung	neg 1.0		off 0.5245593468098375 neg 0.4339815042766915 __DUMMY__ 0.0414591489134709	false	0.5
ausgestorben	neg 1.0		off 0.5155980670557929 neg 0.44196374657843474 __DUMMY__ 0.042438186365772235	false	0.5
anklagen	neg 1.0		off 0.5120786308656624 neg 0.4454400372213561 __DUMMY__ 0.04248133191298152	false	0.5
trott	neg 1.0		off 0.5151758005417717 neg 0.44239287199811855 __DUMMY__ 0.04243132746010989	false	0.5
verminderung	neg 1.0		off 0.5214615600350733 neg 0.43653535660730053 __DUMMY__ 0.04200308335762624	false	0.5
nach			off 0.508721604109486 neg 0.44818388700986533 __DUMMY__ 0.04309450888064883	false	0.0
rost	neg 1.0		off 0.5251492435000715 neg 0.4331730061378979 __DUMMY__ 0.04167775036203066	false	0.5
destruktiv	neg 1.0		off 0.5132295979895592 neg 0.44455175049089196 __DUMMY__ 0.04221865151954878	false	0.5
unzumutbarkeit	neg 1.0		off 0.5211391360286626 neg 0.43670610316278063 __DUMMY__ 0.042154760808556756	false	0.5
labil	off 1.0	off 1.0	off 0.746263437440613 neg 0.23361965470547325 __DUMMY__ 0.02011690785391381	false	1.0
ziemlich	neg 1.0		off 0.5211604137815232 neg 0.43673239625762933 __DUMMY__ 0.042107189960847544	false	0.5
lachnummer	off 1.0		off 0.513997164970844 neg 0.4437968894008408 __DUMMY__ 0.04220594562831528	false	1.0
oder			off 0.5165173553851417 neg 0.4411034085324136 __DUMMY__ 0.04237923608244472	false	0.0
verfall	neg 1.0		off 0.5060469539164837 neg 0.451113253497123 __DUMMY__ 0.042839792586393394	false	0.5
ausgrenzung	neg 1.0		off 0.5161229698959943 neg 0.44161830650808703 __DUMMY__ 0.04225872359591879	false	0.5
unordnung	neg 1.0		off 0.5253706189928232 neg 0.432422986156186 __DUMMY__ 0.042206394850990835	false	0.5
fehlverhalten	neg 1.0		off 0.508381235240315 neg 0.44919806771160165 __DUMMY__ 0.04242069704808335	false	0.5
eine			off 0.5106037685980215 neg 0.4466850154270444 __DUMMY__ 0.04271121597493413	false	0.0
nille	neg 1.0		off 0.5157828322824487 neg 0.4417147932364593 __DUMMY__ 0.042502374481091974	false	0.5
qual	neg 1.0		off 0.5149657426395667 neg 0.442567921323775 __DUMMY__ 0.04246633603665825	false	0.5
verschwenden	neg 1.0		off 0.5096883056852228 neg 0.44792671927580047 __DUMMY__ 0.04238497503897661	false	0.5
riesig	neg 1.0		off 0.5136159672830082 neg 0.44370190752875005 __DUMMY__ 0.042682125188241715	false	0.5
verurteilen	neg 1.0		off 0.5109784925755945 neg 0.44670600057854265 __DUMMY__ 0.04231550684586281	false	0.5
klischee	neg 1.0	neg 1.0	neg 0.7047025064846917 off 0.2752171983698595 __DUMMY__ 0.020080295145448727	false	1.0
diktatorisch	neg 1.0		off 0.5147602848612842 neg 0.4430500891102592 __DUMMY__ 0.042189626028456516	false	0.5
vorhersehbar	neg 1.0		off 0.5157897495928867 neg 0.44223397137671366 __DUMMY__ 0.041976279030399716	false	0.5
sowie			off 0.5243177174541159 neg 0.4339436454576414 __DUMMY__ 0.041738637088242624	false	0.0
stornieren	neg 1.0		off 0.5206243762594803 neg 0.436754054566254 __DUMMY__ 0.04262156917426566	false	0.5
besteuerung	neg 1.0		off 0.5129720289223461 neg 0.4449699500302955 __DUMMY__ 0.04205802104735841	false	0.5
ungeschminkt	neg 1.0		off 0.5189106404782969 neg 0.43931946467845384 __DUMMY__ 0.04176989484324932	false	0.5
kritisch	neg 1.0		off 0.5104795604292345 neg 0.44709810055519533 __DUMMY__ 0.04242233901557033	false	0.5
schlamperei	off 1.0		off 0.5104839579876292 neg 0.44691365780184616 __DUMMY__ 0.042602384210524466	false	1.0
sucht	neg 1.0	neg 1.0	neg 0.701934238690779 off 0.27752198641057446 __DUMMY__ 0.02054377489864642	false	1.0
egoistisch	off 1.0		off 0.5235876742934081 neg 0.43484572861776394 __DUMMY__ 0.04156659708882794	false	1.0
ausbeuter	off 1.0		off 0.5078038949297344 neg 0.44983270407926335 __DUMMY__ 0.042363400991002206	false	1.0
arschgeburt	off 1.0		off 0.5292419807305938 neg 0.4296928653775253 __DUMMY__ 0.041065153891880916	false	1.0
schubs	neg 1.0		off 0.5131420859917736 neg 0.4444367206739717 __DUMMY__ 0.04242119333425478	false	0.5
unsolide	neg 1.0		off 0.5143836288245376 neg 0.443565355649169 __DUMMY__ 0.04205101552629339	false	0.5
beschwerde	neg 1.0		off 0.5098484226243503 neg 0.44772237594339964 __DUMMY__ 0.04242920143225008	false	0.5
stocken	neg 1.0		off 0.51109597406995 neg 0.4462982052549617 __DUMMY__ 0.04260582067508844	false	0.5
isolieren	neg 1.0		off 0.5118972910118117 neg 0.44562874556628146 __DUMMY__ 0.04247396342190695	false	0.5
unheilbar	neg 1.0		off 0.5163782948971471 neg 0.4411867265919354 __DUMMY__ 0.04243497851091744	false	0.5
pisser	off 1.0		off 0.5216215404121067 neg 0.4365544338893468 __DUMMY__ 0.041824025698546395	false	1.0
löschen	neg 1.0		off 0.5158232449337151 neg 0.4417288882568453 __DUMMY__ 0.042447866809439634	false	0.5
durchfallen	neg 1.0		off 0.5097349747330047 neg 0.44800967229131416 __DUMMY__ 0.042255352975681386	false	0.5
wichser	off 1.0	off 1.0	off 0.7514612882537869 neg 0.22877482239667202 __DUMMY__ 0.019763889349541052	false	1.0
terror	neg 1.0		off 0.5187780541816295 neg 0.4389358732188153 __DUMMY__ 0.04228607259955534	false	0.5
krass	neg 1.0		off 0.5227473622953721 neg 0.4354806778171999 __DUMMY__ 0.04177195988742796	false	0.5
revolte	neg 1.0		off 0.5170621711160664 neg 0.4406596784262218 __DUMMY__ 0.04227815045771162	false	0.5
besorgt	neg 1.0		off 0.5166886679575118 neg 0.4405484840142104 __DUMMY__ 0.04276284802827788	false	0.5
nachlassen	neg 1.0		off 0.51302758735065 neg 0.4441904830612694 __DUMMY__ 0.04278192958808057	false	0.5
alt	neg 1.0		off 0.5129159822982529 neg 0.4446112507175408 __DUMMY__ 0.042472766984206364	false	0.5
hundesohn	off 1.0		off 0.5278087698728993 neg 0.43076618969771124 __DUMMY__ 0.04142504042938942	false	1.0
als			off 0.5125970270301 neg 0.44498591243496094 __DUMMY__ 0.04241706053493909	false	0.0
abschreckung	neg 1.0		off 0.5088817649381588 neg 0.4484904729134229 __DUMMY__ 0.042627762148418215	false	0.5
unqualifiziert	neg 1.0		off 0.5162735528778885 neg 0.4418180776569236 __DUMMY__ 0.041908369465188014	false	0.5
abgewichst	off 1.0		off 0.5151623352625554 neg 0.4423044988123019 __DUMMY__ 0.04253316592514273	false	1.0
schwer	neg 1.0		off 0.513550972776548 neg 0.4441582190906495 __DUMMY__ 0.042290808132802366	false	0.5
bedeutungslosigkeit	neg 1.0		off 0.509253863725707 neg 0.4482211123075005 __DUMMY__ 0.042525023966792565	false	0.5
kapitulation	neg 1.0		off 0.5114938432904288 neg 0.4459491231535506 __DUMMY__ 0.042557033556020585	false	0.5
unscharf	neg 1.0		off 0.5160654748809687 neg 0.441869554932105 __DUMMY__ 0.042064970186926384	false	0.5
schwinden	neg 1.0		off 0.5106792448439955 neg 0.4466352470831033 __DUMMY__ 0.04268550807290122	false	0.5
versklavung	neg 1.0		off 0.5165820382343215 neg 0.44101009186547857 __DUMMY__ 0.04240786990019996	false	0.5
schlecht	neg 1.0		off 0.521310342619066 neg 0.43658578102325446 __DUMMY__ 0.04210387635767967	false	0.5
verhasst	neg 1.0		off 0.5138601271237053 neg 0.4441070665547071 __DUMMY__ 0.042032806321587665	false	0.5
beschweren	neg 1.0		off 0.5165075426191044 neg 0.4412759405431732 __DUMMY__ 0.04221651683772244	false	0.5
scheiden	neg 1.0		off 0.5165346259508747 neg 0.4409691171575088 __DUMMY__ 0.04249625689161646	false	0.5
frustriert	neg 1.0		off 0.5126185307239356 neg 0.44505740495884794 __DUMMY__ 0.04232406431721656	false	0.5
schimmelig	neg 1.0		off 0.5106899053311162 neg 0.4470242721187858 __DUMMY__ 0.04228582255009784	false	0.5
fisch	neg 1.0		off 0.5084998782700755 neg 0.4490270430190076 __DUMMY__ 0.04247307871091697	false	0.5
schmuggel	neg 1.0		off 0.5109931828122695 neg 0.4463938921305837 __DUMMY__ 0.042612925057146804	false	0.5
auffallen	neg 1.0		off 0.5173270398662649 neg 0.44049048252149325 __DUMMY__ 0.04218247761224184	false	0.5
konkurrenz	neg 1.0		off 0.5085073626642381 neg 0.44885065553701103 __DUMMY__ 0.04264198179875095	false	0.5
teufelskreis	neg 1.0		off 0.5135212198118819 neg 0.4442096198200304 __DUMMY__ 0.042269160368087755	false	0.5
aufschreien	neg 1.0		off 0.5165215708040495 neg 0.44138896998010235 __DUMMY__ 0.04208945921584818	false	0.5
schuldner	neg 1.0		off 0.5079902166521825 neg 0.44954541381536567 __DUMMY__ 0.04246436953245173	false	0.5
missgeburt	off 1.0	off 1.0	off 0.7491378900597158 neg 0.23102824840306715 __DUMMY__ 0.019833861537217088	false	1.0
arbeitslos	neg 1.0		off 0.5099526738435525 neg 0.44781339399925635 __DUMMY__ 0.042233932157191144	false	0.5
befallen	neg 1.0		off 0.5155881874225673 neg 0.4418128208279117 __DUMMY__ 0.042598991749520976	false	0.5
miesepetrig	off 1.0	off 1.0	off 0.7468176062227034 neg 0.23308848411075234 __DUMMY__ 0.02009390966654424	false	1.0
alarmieren	neg 1.0		off 0.5182392731034934 neg 0.4397132617685871 __DUMMY__ 0.04204746512791955	false	0.5
ungeduscht	off 1.0		off 0.5180010050965804 neg 0.44000189489010466 __DUMMY__ 0.041997100013315004	false	1.0
knappheit	neg 1.0		off 0.509549516034068 neg 0.44819664884381843 __DUMMY__ 0.04225383512211366	false	0.5
schlange	neg 1.0		off 0.5191555990822188 neg 0.438313315904273 __DUMMY__ 0.04253108501350818	false	0.5
harsch	neg 1.0		off 0.5267371976598085 neg 0.4312247933123063 __DUMMY__ 0.04203800902788525	false	0.5
lang	neg 1.0		off 0.516823581275876 neg 0.44075087855105355 __DUMMY__ 0.042425540173070445	false	0.5
ziellos	neg 1.0		off 0.5129599435707052 neg 0.44442384804770363 __DUMMY__ 0.042616208381591074	false	0.5
selbstverliebt	neg 1.0		off 0.5277065535338676 neg 0.43106756667383983 __DUMMY__ 0.04122587979229261	false	0.5
beseitigen	neg 1.0		off 0.5147284875878313 neg 0.44274256509697785 __DUMMY__ 0.04252894731519088	false	0.5
dumm	off 1.0		off 0.525009495481141 neg 0.43338552895900234 __DUMMY__ 0.04160497555985665	false	1.0
arbeitsloser	neg 1.0		off 0.5116259338289909 neg 0.4459662770628637 __DUMMY__ 0.04240778910814533	false	0.5
blitzen	neg 1.0		off 0.5188121192712437 neg 0.43891510590310134 __DUMMY__ 0.042272774825655036	false	0.5
hilflos	neg 1.0		off 0.5125346426185173 neg 0.44509354783773525 __DUMMY__ 0.04237180954374739	false	0.5
eklig	off 1.0		off 0.5245680568146158 neg 0.43396958497533694 __DUMMY__ 0.04146235821004716	false	1.0
begriff			off 0.51357795655933 neg 0.4441024232445219 __DUMMY__ 0.04231962019614801	false	0.0
hungersnot	neg 1.0		off 0.5140751721775954 neg 0.44331365802961953 __DUMMY__ 0.042611169792785085	false	0.5
ungesetzlich	neg 1.0		off 0.5123303151604411 neg 0.44566498026624196 __DUMMY__ 0.04200470457331682	false	0.5
verschwendung	neg 1.0		off 0.5105340414910935 neg 0.4469287472834794 __DUMMY__ 0.04253721122542708	false	0.5
schmerzvoll	neg 1.0		off 0.5169120838374058 neg 0.44079991166776267 __DUMMY__ 0.042288004494831444	false	0.5
vorzeitig	neg 1.0		off 0.51880173732153 neg 0.4388912940977779 __DUMMY__ 0.04230696858069212	false	0.5
unvollkommenheit	neg 1.0		off 0.5152911025597586 neg 0.44193798773332016 __DUMMY__ 0.04277090970692116	false	0.5
intervenieren	neg 1.0		off 0.509040135906181 neg 0.4485345288325873 __DUMMY__ 0.04242533526123156	false	0.5
banause	off 1.0		off 0.5257179146304254 neg 0.4330640880998142 __DUMMY__ 0.04121799726976031	false	1.0
rebell	neg 1.0		off 0.5072750114778589 neg 0.4500174387518506 __DUMMY__ 0.04270754977029055	false	0.5
unlogisch	neg 1.0		off 0.5207600939714643 neg 0.4375227557249097 __DUMMY__ 0.04171715030362612	false	0.5
leiden	neg 1.0		off 0.5110291727698808 neg 0.4462605997119691 __DUMMY__ 0.042710227518150165	false	0.5
abschaffung	neg 1.0		off 0.5143906907041054 neg 0.4433470864248739 __DUMMY__ 0.04226222287102063	false	0.5
sturz	neg 1.0		off 0.5167156861840161 neg 0.44077491614958064 __DUMMY__ 0.042509397666403395	false	0.5
verkleinerung	neg 1.0		off 0.5144131374149693 neg 0.4437040514568044 __DUMMY__ 0.0418828111282262	false	0.5
schmarotzer	off 1.0		off 0.5098993552639999 neg 0.447978334828507 __DUMMY__ 0.042122309907493105	false	1.0
bestrafung	neg 1.0		off 0.5165363827080467 neg 0.4411116792306349 __DUMMY__ 0.04235193806131836	false	0.5
achtlos	neg 1.0	neg 1.0	neg 0.7056442719807917 off 0.2740482643233459 __DUMMY__ 0.020307463695862303	false	1.0
ungeheuer	neg 1.0		off 0.5184392286287534 neg 0.43923513131584757 __DUMMY__ 0.04232564005539905	false	0.5
unaufrichtig	neg 1.0		off 0.519373227891696 neg 0.4382777459336357 __DUMMY__ 0.04234902617466831	false	0.5
groggy	neg 1.0		off 0.5187112481919256 neg 0.43900224567925705 __DUMMY__ 0.042286506128817465	false	0.5
verletzlich	neg 1.0		off 0.5194578965557884 neg 0.4386778887014074 __DUMMY__ 0.04186421474280432	false	0.5
