unsolidarisch	neg 1.0		__DUMMY__ 0.4717152911015072 off 0.28183052434630096 neg 0.24645418455219198	false	0.5
nachteilig	neg 1.0		__DUMMY__ 0.47581310726840903 off 0.27800890388563104 neg 0.2461779888459599	false	0.5
skeptisch	neg 1.0		__DUMMY__ 0.4760726820424186 off 0.2773744730404574 neg 0.24655284491712395	false	0.5
schrecklich	neg 1.0		__DUMMY__ 0.46914370065498445 off 0.29355136521422354 neg 0.23730493413079204	false	0.5
schlapp	neg 1.0		__DUMMY__ 0.47165772047052185 off 0.28933320235922405 neg 0.23900907717025405	false	0.5
abfall	neg 1.0		__DUMMY__ 0.4796828645402286 off 0.2743267036197872 neg 0.2459904318399841	false	0.5
widerspenstig	neg 1.0		__DUMMY__ 0.4745524588171025 off 0.283636275960989 neg 0.24181126522190835	false	0.5
abrupt	neg 1.0		__DUMMY__ 0.4785067397157408 off 0.27949227105844837 neg 0.2420009892258108	false	0.5
unwirksam	neg 1.0		__DUMMY__ 0.4707299377880117 off 0.2813831567397541 neg 0.2478869054722341	false	0.5
angreifen	neg 1.0		__DUMMY__ 0.47630593503173524 off 0.27745642832161477 neg 0.24623763664664994	false	0.5
inkonsistent	neg 1.0		__DUMMY__ 0.4732839702664646 off 0.284135707449839 neg 0.2425803222836964	false	0.5
abrutschen	neg 1.0		__DUMMY__ 0.477685744198473 off 0.27405902614255334 neg 0.2482552296589736	false	0.5
unsicher	neg 1.0		__DUMMY__ 0.47500612745500337 off 0.28332448952541484 neg 0.24166938301958182	false	0.5
bauernkind	off 1.0	off 1.0	off 0.636026622288506 __DUMMY__ 0.22523724590383176 neg 0.13873613180766217	false	1.0
angreifer	neg 1.0	neg 1.0	neg 0.6055280570266437 __DUMMY__ 0.23205743087189823 off 0.16241451210145819	false	1.0
trennen	neg 1.0		__DUMMY__ 0.4787697616858808 off 0.27810734046892144 neg 0.2431228978451978	false	0.5
schmutz	neg 1.0		__DUMMY__ 0.4782288300979894 off 0.2870716045749768 neg 0.23469956532703368	false	0.5
inkonsistenz	neg 1.0		__DUMMY__ 0.4674710643888418 off 0.28743359076986535 neg 0.2450953448412928	false	0.5
erschreckend	neg 1.0		__DUMMY__ 0.473563590662623 off 0.2818442321326728 neg 0.24459217720470414	false	0.5
ertrinken	neg 1.0		__DUMMY__ 0.47772467232951865 off 0.2787187914437283 neg 0.24355653622675297	false	0.5
pickelface	off 1.0		__DUMMY__ 0.4756700002582631 off 0.28255827107926457 neg 0.2417717286624723	false	1.0
seiner			__DUMMY__ 0.4766449703464461 off 0.278060057578668 neg 0.24529497207488585	false	0.0
lauch	neg 1.0		__DUMMY__ 0.4794310445701438 off 0.2755190346225044 neg 0.24504992080735175	false	0.5
unwichtig	neg 1.0		__DUMMY__ 0.4702745235702335 off 0.28813313857925804 neg 0.24159233785050835	false	0.5
steuerhinterziehung	neg 1.0	neg 1.0	neg 0.6096382403757498 __DUMMY__ 0.2314607250757651 off 0.15890103454848517	false	1.0
schock	neg 1.0		__DUMMY__ 0.47582178215498183 off 0.2826647288883345 neg 0.24151348895668384	false	0.5
beule	neg 1.0		__DUMMY__ 0.4709204999522451 off 0.2903936513683258 neg 0.23868584867942916	false	0.5
vergelten	neg 1.0		__DUMMY__ 0.4718048400823765 off 0.2930428906333756 neg 0.23515226928424787	false	0.5
verdorbenheit	neg 1.0		__DUMMY__ 0.4763450168693491 off 0.284853937886516 neg 0.23880104524413484	false	0.5
trauma	neg 1.0		__DUMMY__ 0.47431233276926427 off 0.28449196911153823 neg 0.24119569811919742	false	0.5
sinnlos	neg 1.0		__DUMMY__ 0.4733902050995964 off 0.2858226219192013 neg 0.24078717298120217	false	0.5
fettsack	off 1.0	off 1.0	off 0.6372137576148349 __DUMMY__ 0.226086631025829 neg 0.13669961135933614	false	1.0
feige	off 1.0	off 1.0	off 0.633774677069119 __DUMMY__ 0.2284118235187194 neg 0.13781349941216164	false	1.0
abdanken	neg 1.0		__DUMMY__ 0.474885041981705 off 0.28252537923813265 neg 0.24258957878016232	false	0.5
wichtigtuer	off 1.0	off 1.0	off 0.6322866509678126 __DUMMY__ 0.22947698311324363 neg 0.13823636591894387	false	1.0
misslingen	neg 1.0		__DUMMY__ 0.477785328558138 off 0.2852057088852445 neg 0.2370089625566175	false	0.5
untreu	off 1.0		__DUMMY__ 0.470970040624342 off 0.28914851122290713 neg 0.23988144815275084	false	1.0
missmutig	neg 1.0		__DUMMY__ 0.47248455164330283 off 0.28885314883692365 neg 0.23866229951977352	false	0.5
hurenbock	off 1.0		__DUMMY__ 0.4757640003359882 off 0.28648328754263874 neg 0.23775271212137297	false	1.0
betrunken	neg 1.0		__DUMMY__ 0.4709755639269487 off 0.29135481065252355 neg 0.2376696254205277	false	0.5
korrupt	off 1.0		__DUMMY__ 0.47275235323126835 off 0.2792740193239859 neg 0.24797362744474577	false	1.0
unmut	neg 1.0		__DUMMY__ 0.47826426907663055 off 0.2744372065766675 neg 0.24729852434670196	false	0.5
hackfresse	off 1.0		__DUMMY__ 0.4661834091166034 off 0.2971308291998983 neg 0.23668576168349825	false	1.0
aufblasen	neg 1.0		__DUMMY__ 0.4744570080406535 off 0.2857751383302826 neg 0.2397678536290639	false	0.5
gewaltsam	neg 1.0		__DUMMY__ 0.47622434045596745 off 0.2820473012432687 neg 0.24172835830076383	false	0.5
unbeliebtheit	neg 1.0		__DUMMY__ 0.4694202148484395 off 0.2865297881298397 neg 0.24404999702172078	false	0.5
sturheit	neg 1.0		__DUMMY__ 0.474221410254982 off 0.2813645208804281 neg 0.24441406886458988	false	0.5
kuh	neg 1.0		__DUMMY__ 0.46901332085130903 off 0.28431921181932973 neg 0.24666746732936107	false	0.5
erschrecken	neg 1.0		__DUMMY__ 0.4733239838443388 off 0.288795987672133 neg 0.23788002848352832	false	0.5
opfer	neg 1.0		__DUMMY__ 0.47624829066621827 off 0.2793666942045325 neg 0.24438501512924923	false	0.5
sinken	neg 1.0		__DUMMY__ 0.47868507724388104 off 0.2754474675646873 neg 0.24586745519143166	false	0.5
stinktier	neg 1.0		__DUMMY__ 0.46431514194937523 off 0.2925492282842913 neg 0.24313562976633352	false	0.5
tucke	off 1.0		__DUMMY__ 0.4653344590590797 off 0.29841214602383986 neg 0.23625339491708044	false	1.0
ein			__DUMMY__ 0.4738375669181113 off 0.2844178834867072 neg 0.2417445495951815	false	0.0
abstieg	neg 1.0		__DUMMY__ 0.4767182665906405 off 0.27809913600082015 neg 0.24518259740853943	false	0.5
missverstehen	neg 1.0		__DUMMY__ 0.4705522636560608 off 0.2856833288829085 neg 0.24376440746103073	false	0.5
ergebnislos	neg 1.0		__DUMMY__ 0.4768878624561672 off 0.27774623957316585 neg 0.24536589797066696	false	0.5
unter			__DUMMY__ 0.4828034356478244 off 0.26995252603146525 neg 0.24724403832071035	false	0.0
manipulieren	neg 1.0		__DUMMY__ 0.47746906166616254 off 0.27749453674633456 neg 0.24503640158750287	false	0.5
unbewiesen	neg 1.0		__DUMMY__ 0.4710592409226194 off 0.28151731483027254 neg 0.24742344424710813	false	0.5
verschleppen	neg 1.0		__DUMMY__ 0.4752069222571977 off 0.27931250757980103 neg 0.24548057016300126	false	0.5
weib	off 1.0		__DUMMY__ 0.463535233725303 off 0.2970040393593396 neg 0.23946072691535739	false	1.0
opposition	neg 1.0		__DUMMY__ 0.47218483857632726 off 0.28436901232095707 neg 0.2434461491027157	false	0.5
verkehrswidrig	neg 1.0		__DUMMY__ 0.47241164229094335 off 0.2947265032607319 neg 0.23286185444832475	false	0.5
inkorrekt	neg 1.0		__DUMMY__ 0.4676285655539224 off 0.29195544633228526 neg 0.24041598811379236	false	0.5
vermeiden	neg 1.0		__DUMMY__ 0.4795555548857396 off 0.2728357387217911 neg 0.2476087063924693	false	0.5
abweichung	neg 1.0		__DUMMY__ 0.4750689832805941 off 0.2786436761318285 neg 0.24628734058757729	false	0.5
alkoholisiert	neg 1.0		__DUMMY__ 0.4772913533673268 off 0.278430423557617 neg 0.2442782230750561	false	0.5
scheiss	off 1.0	off 1.0	off 0.6344328100612766 __DUMMY__ 0.22903770690797476 neg 0.13652948303074847	false	1.0
herausforderung	neg 1.0		__DUMMY__ 0.47721675611933084 off 0.27780634991271047 neg 0.24497689396795874	false	0.5
pervers	off 1.0		__DUMMY__ 0.4639416046885485 off 0.30077892885590934 neg 0.23527946645554235	false	1.0
wackelig	neg 1.0		__DUMMY__ 0.47771160486012426 off 0.2819484658901077 neg 0.24033992924976805	false	0.5
verwickeln	neg 1.0		__DUMMY__ 0.4709272099600669 off 0.28511307538745845 neg 0.24395971465247474	false	0.5
vorwand	neg 1.0		__DUMMY__ 0.4765322943105521 off 0.27692382238378843 neg 0.24654388330565935	false	0.5
muschi	off 1.0		__DUMMY__ 0.4753777559854973 off 0.282601847611581 neg 0.2420203964029215	false	1.0
entmutigung	neg 1.0		__DUMMY__ 0.4731014473539111 off 0.28425466539714694 neg 0.24264388724894206	false	0.5
unangemessen	neg 1.0		__DUMMY__ 0.4726532841375953 off 0.28032480447797514 neg 0.24702191138442964	false	0.5
unstetig	neg 1.0		__DUMMY__ 0.4728485882002022 off 0.2861275660411196 neg 0.24102384575867816	false	0.5
entmutigen	neg 1.0		__DUMMY__ 0.47386106481991475 off 0.2842976377851253 neg 0.2418412973949599	false	0.5
schwanz	neg 1.0		__DUMMY__ 0.47670906145010616 off 0.2798652008166759 neg 0.24342573773321777	false	0.5
verbot	neg 1.0		__DUMMY__ 0.47491587615134095 off 0.2796577230737366 neg 0.24542640077492242	false	0.5
leid	neg 1.0		__DUMMY__ 0.4670232801010123 off 0.29483833287648525 neg 0.23813838702250248	false	0.5
archaisch	neg 1.0		__DUMMY__ 0.4746340717735772 off 0.2815652472025357 neg 0.24380068102388713	false	0.5
gegen			__DUMMY__ 0.4781132348163522 off 0.27527252520304935 neg 0.24661423998059845	false	0.0
scheidung	neg 1.0		__DUMMY__ 0.46601124090870627 off 0.30722726053111254 neg 0.22676149856018127	false	0.5
einschlag	neg 1.0		__DUMMY__ 0.4699798717172219 off 0.2922286891516607 neg 0.23779143913111742	false	0.5
m			__DUMMY__ 0.476394126262279 off 0.2809482668966839 neg 0.242657606841037	false	0.0
abgestanden	neg 1.0		__DUMMY__ 0.4731766448155937 off 0.283685634686996 neg 0.24313772049741034	false	0.5
schmierig	off 1.0		__DUMMY__ 0.46901729541987536 off 0.29474241396787876 neg 0.23624029061224597	false	1.0
unpraktisch	neg 1.0		__DUMMY__ 0.47352823058953813 off 0.28496986737580254 neg 0.24150190203465935	false	0.5
wixxer	off 1.0		__DUMMY__ 0.4624853341567156 off 0.3004090040553986 neg 0.23710566178788567	false	1.0
bezeichnet			__DUMMY__ 0.4721734409701381 off 0.2824196883965846 neg 0.24540687063327735	false	0.0
jammerlappen	off 1.0		__DUMMY__ 0.4720471741298227 off 0.28895993519366414 neg 0.23899289067651308	false	1.0
farce	neg 1.0		__DUMMY__ 0.473947179174403 off 0.2805918458443304 neg 0.24546097498126673	false	0.5
zwecklos	neg 1.0		__DUMMY__ 0.47402659643755124 off 0.2804945800398835 neg 0.24547882352256534	false	0.5
turbulent	neg 1.0		__DUMMY__ 0.47044376501846286 off 0.2903682254555068 neg 0.23918800952603037	false	0.5
invasion	neg 1.0		__DUMMY__ 0.47268801020852874 off 0.28521770412079467 neg 0.24209428567067665	false	0.5
schuld	neg 1.0		__DUMMY__ 0.47250093860686676 off 0.2839728667757234 neg 0.2435261946174098	false	0.5
risiko	neg 1.0	neg 1.0	neg 0.6057446349277174 __DUMMY__ 0.23229442365963499 off 0.16196094141264775	false	1.0
finster	neg 1.0		__DUMMY__ 0.471846081324597 off 0.2839998073817857 neg 0.24415411129361728	false	0.5
geisteskrank	off 1.0		__DUMMY__ 0.46785766892475844 off 0.28960596663149885 neg 0.24253636444374277	false	1.0
zusammenbrechen	neg 1.0		__DUMMY__ 0.4751079484204559 off 0.2810837547401343 neg 0.24380829683940977	false	0.5
ausbeute	neg 1.0		__DUMMY__ 0.4810935632354273 off 0.28139018556356615 neg 0.23751625120100667	false	0.5
hinterhalt	neg 1.0		__DUMMY__ 0.4805496576199001 off 0.2836853337767578 neg 0.235765008603342	false	0.5
kritik	neg 1.0		__DUMMY__ 0.47384271558640656 off 0.28028872076667577 neg 0.24586856364691753	false	0.5
einschrumpfen	neg 1.0		__DUMMY__ 0.47106077005878805 off 0.2872970598806606 neg 0.24164217006055136	false	0.5
riskant	neg 1.0		__DUMMY__ 0.4751628304339381 off 0.27776674997778006 neg 0.2470704195882819	false	0.5
frustrieren	neg 1.0		__DUMMY__ 0.47506993841999645 off 0.27890723538054857 neg 0.24602282619945495	false	0.5
groll	neg 1.0		__DUMMY__ 0.47413439481076874 off 0.279914321867492 neg 0.24595128332173927	false	0.5
gibt			__DUMMY__ 0.475151619767619 off 0.28117304425366385 neg 0.24367533597871718	false	0.0
qualvoll	neg 1.0		__DUMMY__ 0.4736546675236383 off 0.2872243352858516 neg 0.23912099719050997	false	0.5
wackeln	neg 1.0		__DUMMY__ 0.4760781891484089 off 0.2851814813610692 neg 0.23874032949052185	false	0.5
klagen	neg 1.0		__DUMMY__ 0.47726633847154104 off 0.27502032328418036 neg 0.24771333824427863	false	0.5
bankrott	neg 1.0		__DUMMY__ 0.4734628036407942 off 0.28873150171727097 neg 0.237805694641935	false	0.5
trauern	neg 1.0		__DUMMY__ 0.4783161559407536 off 0.27969027591357076 neg 0.24199356814567566	false	0.5
ablehnung	neg 1.0		__DUMMY__ 0.4737279594637182 off 0.2798475158525307 neg 0.24642452468375106	false	0.5
stur	neg 1.0		__DUMMY__ 0.4722005547261493 off 0.28405137577676776 neg 0.24374806949708286	false	0.5
aufruhr	neg 1.0		__DUMMY__ 0.47503673462937207 off 0.28201826885105363 neg 0.24294499651957432	false	0.5
melancholie	neg 1.0		__DUMMY__ 0.476452687999089 off 0.2800126105703534 neg 0.24353470143055767	false	0.5
ist			__DUMMY__ 0.4732267185605441 off 0.2854006746532209 neg 0.241372606786235	false	0.0
torheit	neg 1.0		__DUMMY__ 0.47413937225402014 off 0.28360416072219596 neg 0.2422564670237839	false	0.5
dreckskind	off 1.0		__DUMMY__ 0.4652372966804664 off 0.295417473387145 neg 0.23934522993238866	false	1.0
umtauschen	neg 1.0		__DUMMY__ 0.4744908962578835 off 0.2828706213081177 neg 0.24263848243399888	false	0.5
zum			__DUMMY__ 0.4825550163475052 off 0.27418754163071846 neg 0.24325744202177638	false	0.0
zersetzen	neg 1.0		__DUMMY__ 0.4757293471630029 off 0.2769725393420445 neg 0.24729811349495265	false	0.5
zur			__DUMMY__ 0.48106168006736827 off 0.27270048314845863 neg 0.24623783678417302	false	0.0
frust	neg 1.0		__DUMMY__ 0.47539673998361565 off 0.2811793909303519 neg 0.2434238690860325	false	0.5
unerbittlichkeit	neg 1.0		__DUMMY__ 0.47649655681749853 off 0.27724277374584116 neg 0.2462606694366603	false	0.5
zwei			__DUMMY__ 0.48126980004056064 off 0.2751119011770302 neg 0.24361829878240915	false	0.0
unkorrekt	neg 1.0		__DUMMY__ 0.46864640744256497 off 0.2918542923438182 neg 0.23949930021361673	false	0.5
hexe	off 1.0		__DUMMY__ 0.46940086074214965 off 0.28828869223370324 neg 0.24231044702414714	false	1.0
lasch	neg 1.0		__DUMMY__ 0.4701113179496101 off 0.28677851692385475 neg 0.24311016512653527	false	0.5
rivale	neg 1.0		__DUMMY__ 0.470304580590771 off 0.29141811971985315 neg 0.23827729968937594	false	0.5
mutlos	off 1.0	off 1.0	off 0.6278564647959235 __DUMMY__ 0.23160548589271682 neg 0.14053804931135974	false	1.0
wirr	off 1.0		__DUMMY__ 0.4682402869106537 off 0.2928840923574735 neg 0.23887562073187266	false	1.0
jahr			__DUMMY__ 0.4814864349114525 off 0.2785209290104058 neg 0.23999263607814156	false	0.0
wird			__DUMMY__ 0.47532911572266556 off 0.27975732785128704 neg 0.2449135564260474	false	0.0
strafbar	neg 1.0		__DUMMY__ 0.47498934624604566 off 0.2782742014186128 neg 0.2467364523353416	false	0.5
erosion	neg 1.0		__DUMMY__ 0.47604092277296317 off 0.28402879067053693 neg 0.2399302865565	false	0.5
eingehen	neg 1.0		__DUMMY__ 0.47477477821615505 off 0.27846179011690264 neg 0.24676343166694215	false	0.5
faul	off 1.0		__DUMMY__ 0.472942773408582 off 0.2884868606053954 neg 0.23857036598602258	false	1.0
provisorium	neg 1.0		__DUMMY__ 0.48295201808492644 off 0.2707435615412555 neg 0.24630442037381808	false	0.5
schmerzen	neg 1.0		__DUMMY__ 0.4739962985113199 off 0.2817766557190491 neg 0.24422704576963103	false	0.5
schrumpfen	neg 1.0		__DUMMY__ 0.478239855385051 off 0.2719844449726346 neg 0.24977569964231444	false	0.5
geistlos	off 1.0		__DUMMY__ 0.46998147204015794 off 0.28515887862611056 neg 0.2448596493337314	false	1.0
fehlkauf	neg 1.0		__DUMMY__ 0.47464142968083534 off 0.2859559964776071 neg 0.2394025738415575	false	0.5
frustrierend	neg 1.0		__DUMMY__ 0.471902494153028 off 0.2875356421656907 neg 0.24056186368128135	false	0.5
unzufrieden	neg 1.0		__DUMMY__ 0.47370533742639165 off 0.2798869626487398 neg 0.24640769992486855	false	0.5
verzweifeln	neg 1.0		__DUMMY__ 0.474427629483545 off 0.281969479302805 neg 0.24360289121364986	false	0.5
verzweifelt	neg 1.0	neg 1.0	neg 0.6090646901728117 __DUMMY__ 0.22978042090364773 off 0.16115488892354055	false	1.0
misstrauensantrag	neg 1.0		__DUMMY__ 0.4728735032772126 off 0.2855226586695272 neg 0.2416038380532601	false	0.5
abfallen	neg 1.0		__DUMMY__ 0.47547087753859074 off 0.28496211520924447 neg 0.23956700725216482	false	0.5
fucker	off 1.0		__DUMMY__ 0.47112651994254073 off 0.29248607542709487 neg 0.23638740463036442	false	1.0
ungezogen	neg 1.0		__DUMMY__ 0.4648196516478518 off 0.2999499126285279 neg 0.2352304357236203	false	0.5
irrsinnig	neg 1.0	neg 1.0	neg 0.608617092231356 __DUMMY__ 0.23010851320926318 off 0.16127439455938095	false	1.0
unfassbar	neg 1.0		__DUMMY__ 0.47119625569626555 off 0.290160210150064 neg 0.2386435341536704	false	0.5
hart	neg 1.0		__DUMMY__ 0.4714048668484369 off 0.2897442598773108 neg 0.2388508732742523	false	0.5
widerlich	off 1.0		__DUMMY__ 0.4690096425364918 off 0.29010255688710995 neg 0.24088780057639825	false	1.0
fatal	neg 1.0		__DUMMY__ 0.4735480427961374 off 0.2860968935719024 neg 0.24035506363196021	false	0.5
bruch	neg 1.0		__DUMMY__ 0.47751421920659176 off 0.2755820244010699 neg 0.2469037563923383	false	0.5
aushungern	neg 1.0		__DUMMY__ 0.47603441659258583 off 0.2813537675106748 neg 0.24261181589673925	false	0.5
anspannung	neg 1.0		__DUMMY__ 0.48147915458968243 off 0.27381870414047016 neg 0.24470214126984743	false	0.5
von			__DUMMY__ 0.4828685912428229 off 0.2791587364252384 neg 0.23797267233193856	false	0.0
kraftlos	neg 1.0		__DUMMY__ 0.47620718384671945 off 0.2808649290778376 neg 0.24292788707544283	false	0.5
vom			__DUMMY__ 0.4839666626676331 off 0.2718247836480904 neg 0.24420855368427635	false	0.0
grenzdebil	off 1.0		__DUMMY__ 0.4715375192369491 off 0.2908123464864058 neg 0.23765013427664505	false	1.0
vor			__DUMMY__ 0.4789143472640769 off 0.27705777476977234 neg 0.24402787796615066	false	0.0
unterwerfen	neg 1.0		__DUMMY__ 0.47602940920583353 off 0.2792104206946697 neg 0.24476017009949688	false	0.5
versenkung	neg 1.0		__DUMMY__ 0.47703484746282304 off 0.27970782947178136 neg 0.24325732306539566	false	0.5
entziehen	neg 1.0		__DUMMY__ 0.47711509831397386 off 0.2756234425669306 neg 0.2472614591190955	false	0.5
finanzkrise	neg 1.0		__DUMMY__ 0.473649029715309 off 0.28146046182198586 neg 0.24489050846270505	false	0.5
schimpfend	neg 1.0		__DUMMY__ 0.4733479401449584 off 0.2855650635786621 neg 0.24108699627637944	false	0.5
profan	neg 1.0		__DUMMY__ 0.47191613453372433 off 0.28593513127855213 neg 0.24214873418772342	false	0.5
korruption	neg 1.0		__DUMMY__ 0.47533744014677975 off 0.27955832035685385 neg 0.24510423949636642	false	0.5
â			__DUMMY__ 0.47752841937051005 off 0.28078213782967526 neg 0.24168944279981472	false	0.0
schmutzig	neg 1.0		__DUMMY__ 0.4719974795402234 off 0.29160900136006157 neg 0.23639351909971507	false	0.5
sexy	neg 1.0		__DUMMY__ 0.4733987855664416 off 0.28780698023440837 neg 0.23879423419915	false	0.5
abraten	neg 1.0		__DUMMY__ 0.47309414063563804 off 0.2855101407887544 neg 0.24139571857560752	false	0.5
schwarz	neg 1.0		__DUMMY__ 0.47354875963002524 off 0.2851386405317798 neg 0.24131259983819492	false	0.5
fotze	off 1.0	off 1.0	off 0.6296625414450785 __DUMMY__ 0.2325610234108679 neg 0.13777643514405358	false	1.0
verwirren	neg 1.0		__DUMMY__ 0.4724231942474741 off 0.28676596943886506 neg 0.2408108363136608	false	0.5
zahnlos	off 1.0		__DUMMY__ 0.47390364908061555 off 0.28104396140674276 neg 0.24505238951264158	false	1.0
verheeren	neg 1.0		__DUMMY__ 0.46653141153215977 off 0.3023970802128921 neg 0.23107150825494807	false	0.5
hippie	neg 1.0		__DUMMY__ 0.47352893661083306 off 0.28739628615815366 neg 0.23907477723101328	false	0.5
rammen	neg 1.0		__DUMMY__ 0.47244985183110494 off 0.2845459292052474 neg 0.2430042189636478	false	0.5
unlauter	neg 1.0		__DUMMY__ 0.471030048365922 off 0.2831140821013064 neg 0.2458558695327716	false	0.5
unheilvoll	neg 1.0		__DUMMY__ 0.47438971178287304 off 0.2858883153660349 neg 0.239721972851092	false	0.5
niedrig	neg 1.0		__DUMMY__ 0.4749132316829628 off 0.2772143726888725 neg 0.2478723956281648	false	0.5
explosion	neg 1.0		__DUMMY__ 0.47320134488568905 off 0.2866042673804881 neg 0.2401943877338227	false	0.5
weichei	off 1.0	off 1.0	off 0.637813945671663 __DUMMY__ 0.22701910613428317 neg 0.1351669481940538	false	1.0
minusmensch	off 1.0		__DUMMY__ 0.4641843254719762 off 0.29801097258712517 neg 0.23780470194089864	false	1.0
farblos	neg 1.0		__DUMMY__ 0.47583207568269176 off 0.28346600099869473 neg 0.24070192331861345	false	0.5
unwissend	neg 1.0	neg 1.0	neg 0.6073677048564688 __DUMMY__ 0.22886672927986798 off 0.16376556586366323	false	1.0
traurig	neg 1.0		__DUMMY__ 0.46991578820817304 off 0.2928790066250678 neg 0.2372052051667592	false	0.5
senkung	neg 1.0		__DUMMY__ 0.4706314093909514 off 0.285309997463881 neg 0.2440585931451676	false	0.5
ungleich	neg 1.0	neg 1.0	neg 0.6108947279963763 __DUMMY__ 0.2316805522877558 off 0.15742471971586788	false	1.0
heikel	neg 1.0		__DUMMY__ 0.47485525591707467 off 0.2775732135958096 neg 0.24757153048711578	false	0.5
drosselung	neg 1.0		__DUMMY__ 0.47101778037210035 off 0.29040438518075623 neg 0.2385778344471435	false	0.5
falsch	neg 1.0		__DUMMY__ 0.4710508216102724 off 0.28746222639816105 neg 0.24148695199156658	false	0.5
unzufriedenheit	neg 1.0		__DUMMY__ 0.4768486355504716 off 0.276487679642136 neg 0.2466636848073924	false	0.5
kurz	neg 1.0		__DUMMY__ 0.47676195880842387 off 0.2822645386709365 neg 0.24097350252063957	false	0.5
unsinnig	neg 1.0		__DUMMY__ 0.47304408635212974 off 0.28094791967949867 neg 0.2460079939683715	false	0.5
penner	off 1.0	off 1.0	off 0.6388992994003422 __DUMMY__ 0.22688012372634414 neg 0.13422057687331362	false	1.0
seicht	neg 1.0		__DUMMY__ 0.4638317796677086 off 0.2988065828769113 neg 0.23736163745538005	false	0.5
dummheit	off 1.0	off 1.0	off 0.6325263722175092 __DUMMY__ 0.22944820201325986 neg 0.13802542576923094	false	1.0
unerfreulich	neg 1.0		__DUMMY__ 0.47646831678351037 off 0.27717135416234173 neg 0.24636032905414798	false	0.5
motherfucker	off 1.0	off 1.0	off 0.635639339516089 __DUMMY__ 0.22934636819737073 neg 0.13501429228654022	false	1.0
pikiert	neg 1.0		__DUMMY__ 0.4700905421549513 off 0.28956939545512034 neg 0.2403400623899285	false	0.5
wrack	neg 1.0		__DUMMY__ 0.47698258575881014 off 0.28139774490829617 neg 0.24161966933289375	false	0.5
gangster	neg 1.0		__DUMMY__ 0.4734466575846714 off 0.2874409349432437 neg 0.2391124074720849	false	0.5
krank	neg 1.0		__DUMMY__ 0.4714678524279078 off 0.29074021306591247 neg 0.2377919345061797	false	0.5
reich	neg 1.0		__DUMMY__ 0.4738204442132138 off 0.2902333214761182 neg 0.23594623431066805	false	0.5
gnadenlos	neg 1.0		__DUMMY__ 0.47312451836499014 off 0.2843584876421931 neg 0.24251699399281693	false	0.5
niedergeschlagen	neg 1.0		__DUMMY__ 0.4758400164857781 off 0.28205250737715937 neg 0.2421074761370627	false	0.5
terrorisieren	off 1.0	off 1.0	off 0.6284352621056588 __DUMMY__ 0.2325074121312019 neg 0.13905732576313923	false	1.0
sinnlosigkeit	neg 1.0		__DUMMY__ 0.47449131204111866 off 0.2806488315171527 neg 0.24485985644172864	false	0.5
behindern	neg 1.0		__DUMMY__ 0.4752959442989242 off 0.2826958986904492 neg 0.24200815701062678	false	0.5
undemokratisch	neg 1.0		__DUMMY__ 0.47318627587397377 off 0.2840005697157946 neg 0.24281315441023157	false	0.5
wirtschaftskrise	neg 1.0		__DUMMY__ 0.47496182797628117 off 0.2791681446971298 neg 0.24587002732658902	false	0.5
neid	neg 1.0		__DUMMY__ 0.47298075259703676 off 0.2881018282198149 neg 0.23891741918314824	false	0.5
rutschen	neg 1.0		__DUMMY__ 0.4820511333380659 off 0.2753194641506497 neg 0.2426294025112844	false	0.5
rezession	neg 1.0		__DUMMY__ 0.46555962608414037 off 0.29142609706013506 neg 0.2430142768557246	false	0.5
fehlgeburt	neg 1.0		__DUMMY__ 0.47468677813045446 off 0.28585392427663375 neg 0.23945929759291187	false	0.5
charakterschwach	off 1.0		__DUMMY__ 0.4691637849311023 off 0.2898993186305168 neg 0.24093689643838082	false	1.0
isolation	neg 1.0		__DUMMY__ 0.47258920992130926 off 0.2874975163243375 neg 0.23991327375435326	false	0.5
ablenkung	neg 1.0		__DUMMY__ 0.47483112921399917 off 0.2835949841435938 neg 0.241573886642407	false	0.5
pech	neg 1.0		__DUMMY__ 0.4711083576967078 off 0.286947475737089 neg 0.24194416656620327	false	0.5
vermeidung	neg 1.0		__DUMMY__ 0.47188812422461346 off 0.2909738257431126 neg 0.2371380500322739	false	0.5
dominieren	neg 1.0		__DUMMY__ 0.47699761870773577 off 0.27931426243691326 neg 0.24368811885535088	false	0.5
schwindlig	neg 1.0		__DUMMY__ 0.47420754888679706 off 0.2863041720957476 neg 0.23948827901745534	false	0.5
lutscher	neg 1.0		__DUMMY__ 0.46428508091946086 off 0.29959587161389983 neg 0.2361190474666393	false	0.5
pflicht	neg 1.0		__DUMMY__ 0.47576087308984877 off 0.27641129116507657 neg 0.24782783574507458	false	0.5
faschist	off 1.0		__DUMMY__ 0.4724149382905534 off 0.2870037617014493 neg 0.24058130000799716	false	1.0
verschleudern	neg 1.0		__DUMMY__ 0.47494302752584894 off 0.27741489742229225 neg 0.2476420750518587	false	0.5
wenn			__DUMMY__ 0.47183192306663296 off 0.2880202463230226 neg 0.24014783061034434	false	0.0
ehebruch	neg 1.0		__DUMMY__ 0.4760541131813983 off 0.2798443534287829 neg 0.24410153338981871	false	0.5
spott	off 1.0		__DUMMY__ 0.4752464942358989 off 0.27880158943158684 neg 0.2459519163325141	false	1.0
trostlosigkeit	neg 1.0		__DUMMY__ 0.47886091967288424 off 0.2771338901486699 neg 0.24400519017844594	false	0.5
lutschen	neg 1.0		__DUMMY__ 0.4718031261474775 off 0.28734409282017515 neg 0.2408527810323473	false	0.5
undiszipliniert	neg 1.0		__DUMMY__ 0.4693055923836123 off 0.2919149679596853 neg 0.23877943965670248	false	0.5
kopfschmerz	neg 1.0		__DUMMY__ 0.4747534770784796 off 0.2807878547567988 neg 0.24445866816472173	false	0.5
unvorhergesehen	neg 1.0		__DUMMY__ 0.4791895750392773 off 0.2790241767714605 neg 0.24178624818926225	false	0.5
desinteressiert	neg 1.0		__DUMMY__ 0.4696061874963257 off 0.2913947305619584 neg 0.23899908194171587	false	0.5
armselig	off 1.0		__DUMMY__ 0.4675794479961058 off 0.2920737271696228 neg 0.24034682483427133	false	1.0
desaster	neg 1.0		__DUMMY__ 0.47773279287297765 off 0.27492197638451726 neg 0.2473452307425051	false	0.5
tod	neg 1.0		__DUMMY__ 0.4800233351323773 off 0.28197215556593136 neg 0.23800450930169145	false	0.5
herzlos	neg 1.0		__DUMMY__ 0.46899769718844914 off 0.29262241666738403 neg 0.23837988614416675	false	0.5
unwissenheit	neg 1.0		__DUMMY__ 0.4745717914107165 off 0.2802596163589008 neg 0.24516859223038262	false	0.5
widersinnig	neg 1.0		__DUMMY__ 0.47217293068931293 off 0.27927040250316104 neg 0.24855666680752606	false	0.5
bedenklich	neg 1.0		__DUMMY__ 0.4744277232020458 off 0.2789662424469404 neg 0.24660603435101383	false	0.5
beanstanden	neg 1.0		__DUMMY__ 0.47632611976063394 off 0.27618611125181514 neg 0.24748776898755107	false	0.5
panisch	neg 1.0	neg 1.0	neg 0.6050967914826105 __DUMMY__ 0.23195009438731362 off 0.16295311413007582	false	1.0
debil	off 1.0		__DUMMY__ 0.4826221516513271 off 0.271829780928032 neg 0.24554806742064098	false	1.0
abstrich	neg 1.0		__DUMMY__ 0.48037990831266064 off 0.2846855348467637 neg 0.23493455684057568	false	0.5
primitiv	neg 1.0		__DUMMY__ 0.46882048752384675 off 0.2902867675055601 neg 0.24089274497059324	false	0.5
abschaum	off 1.0	off 1.0	off 0.6341738748351328 __DUMMY__ 0.22917111600405363 neg 0.13665500916081363	false	1.0
provozieren	neg 1.0		__DUMMY__ 0.47193547236221345 off 0.2835969423004133 neg 0.24446758533737328	false	0.5
tot	neg 1.0		__DUMMY__ 0.4755296935955299 off 0.2803156006761479 neg 0.24415470572832215	false	0.5
instabil	neg 1.0		__DUMMY__ 0.4687828280897043 off 0.29181651307703893 neg 0.2394006588332567	false	0.5
schwuchtel	off 1.0	off 1.0	off 0.6422059825956016 __DUMMY__ 0.22427763481231391 neg 0.13351638259208454	false	1.0
zerren	neg 1.0		__DUMMY__ 0.4758680915016926 off 0.28135322310009636 neg 0.24277868539821093	false	0.5
kinderficker	off 1.0		__DUMMY__ 0.4679710259144122 off 0.2957524205127804 neg 0.23627655357280755	false	1.0
gefahr	neg 1.0		__DUMMY__ 0.47804810300887624 off 0.2767842431755644 neg 0.24516765381555933	false	0.5
rabiat	neg 1.0		__DUMMY__ 0.47438161110105687 off 0.2835365246761155 neg 0.24208186422282763	false	0.5
verlangsamung	neg 1.0		__DUMMY__ 0.46504190776856397 off 0.2966124278918149 neg 0.23834566433962112	false	0.5
ausgestorben	neg 1.0		__DUMMY__ 0.4751357038908891 off 0.2834211620698505 neg 0.24144313403926043	false	0.5
anklagen	neg 1.0		__DUMMY__ 0.47563554913563677 off 0.27996121861899365 neg 0.24440323224536956	false	0.5
trott	neg 1.0		__DUMMY__ 0.47502853783651067 off 0.2830266541163841 neg 0.2419448080471053	false	0.5
verminderung	neg 1.0		__DUMMY__ 0.4706767804444235 off 0.29090584997190305 neg 0.2384173695836734	false	0.5
nach			__DUMMY__ 0.4820024193607443 off 0.2736754527820266 neg 0.24432212785722904	false	0.0
rost	neg 1.0		__DUMMY__ 0.4673619053770068 off 0.2959751339326913 neg 0.23666296069030193	false	0.5
destruktiv	neg 1.0		__DUMMY__ 0.47284918010834137 off 0.2823737577572227 neg 0.2447770621344358	false	0.5
unzumutbarkeit	neg 1.0		__DUMMY__ 0.47229259788134126 off 0.28987983392933947 neg 0.2378275681893191	false	0.5
labil	off 1.0	off 1.0	off 0.6338182962826704 __DUMMY__ 0.2297442857706842 neg 0.13643741794664538	false	1.0
ziemlich	neg 1.0		__DUMMY__ 0.4717239162560219 off 0.2901853385454699 neg 0.2380907451985082	false	0.5
lachnummer	off 1.0		__DUMMY__ 0.47268628797134316 off 0.2831948881275762 neg 0.24411882390108067	false	1.0
oder			__DUMMY__ 0.47454870005217886 off 0.28450209792517384 neg 0.2409492020226473	false	0.0
verfall	neg 1.0		__DUMMY__ 0.4793155823502012 off 0.2725780724254314 neg 0.24810634522436723	false	0.5
ausgrenzung	neg 1.0		__DUMMY__ 0.47330513590835854 off 0.28488233075041486 neg 0.24181253334122657	false	0.5
unordnung	neg 1.0		__DUMMY__ 0.472905934584408 off 0.29350381422113625 neg 0.23359025119445576	false	0.5
fehlverhalten	neg 1.0		__DUMMY__ 0.47492793844614584 off 0.2769041178838709 neg 0.24816794366998327	false	0.5
eine			__DUMMY__ 0.4779738599080026 off 0.27740452371974333 neg 0.24462161637225402	false	0.0
nille	neg 1.0		__DUMMY__ 0.47580334065675084 off 0.28329134555936253 neg 0.24090531378388652	false	0.5
qual	neg 1.0		__DUMMY__ 0.4753928580657434 off 0.2826660396037078 neg 0.24194110233054889	false	0.5
verschwenden	neg 1.0		__DUMMY__ 0.4745766342291108 off 0.2781945608107474 neg 0.2472288049601418	false	0.5
riesig	neg 1.0		__DUMMY__ 0.47776533035157703 off 0.2802437760803306 neg 0.24199089356809245	false	0.5
verurteilen	neg 1.0		__DUMMY__ 0.4738517972901885 off 0.27983113200649024 neg 0.24631707070332118	false	0.5
klischee	neg 1.0	neg 1.0	neg 0.607685847326042 __DUMMY__ 0.22934025493743893 off 0.16297389773651907	false	1.0
diktatorisch	neg 1.0		__DUMMY__ 0.47258881819894777 off 0.28397975246945234 neg 0.24343142933159992	false	0.5
vorhersehbar	neg 1.0		__DUMMY__ 0.47032298980198795 off 0.28594483661585196 neg 0.24373217358215998	false	0.5
sowie			__DUMMY__ 0.46789741749710706 off 0.29495580150814077 neg 0.23714678099475228	false	0.0
stornieren	neg 1.0		__DUMMY__ 0.47718158666942034 off 0.2870464354124611 neg 0.2357719779181186	false	0.5
besteuerung	neg 1.0		__DUMMY__ 0.47123824046153034 off 0.2828031990197483 neg 0.2459585605187214	false	0.5
ungeschminkt	neg 1.0		__DUMMY__ 0.4682516000481869 off 0.28969090754863625 neg 0.2420574924031768	false	0.5
kritisch	neg 1.0		__DUMMY__ 0.4749494814419868 off 0.2788296417533692 neg 0.246220876804644	false	0.5
schlamperei	off 1.0		__DUMMY__ 0.4768894011400654 off 0.2779119578087174 neg 0.24519864105121722	false	1.0
sucht	neg 1.0	neg 1.0	neg 0.6027409155702916 __DUMMY__ 0.2345778566816434 off 0.16268122774806493	false	1.0
egoistisch	off 1.0		__DUMMY__ 0.46610087463512245 off 0.29516443989135605 neg 0.23873468547352153	false	1.0
ausbeuter	off 1.0		__DUMMY__ 0.47434162030865934 off 0.2766530939244538 neg 0.24900528576688669	false	1.0
arschgeburt	off 1.0		__DUMMY__ 0.4608802477376533 off 0.30298186349577083 neg 0.23613788876657596	false	1.0
schubs	neg 1.0		__DUMMY__ 0.4750626868133068 off 0.2810321176326504 neg 0.24390519555404266	false	0.5
unsolide	neg 1.0		__DUMMY__ 0.4711892639491357 off 0.2842605139615762 neg 0.2445502220892881	false	0.5
beschwerde	neg 1.0		__DUMMY__ 0.47508737470725754 off 0.27816923919184866 neg 0.24674338610089383	false	0.5
stocken	neg 1.0		__DUMMY__ 0.47692428202401954 off 0.2784174299244854 neg 0.2446582880514951	false	0.5
isolieren	neg 1.0		__DUMMY__ 0.4755791375651207 off 0.2798247873536615 neg 0.24459607508121772	false	0.5
unheilbar	neg 1.0		__DUMMY__ 0.47514600221211883 off 0.2841812505748173 neg 0.240672747213064	false	0.5
pisser	off 1.0		__DUMMY__ 0.46880279474538794 off 0.29203934074210003 neg 0.23915786451251192	false	1.0
löschen	neg 1.0		__DUMMY__ 0.47521818131577476 off 0.28356264330045206 neg 0.24121917538377316	false	0.5
durchfallen	neg 1.0		__DUMMY__ 0.4732186884463632 off 0.2789350041947599 neg 0.24784630735887697	false	0.5
wichser	off 1.0	off 1.0	off 0.6408092098400007 __DUMMY__ 0.2258555314627605 neg 0.13333525869723895	false	1.0
terror	neg 1.0		__DUMMY__ 0.473581798095308 off 0.28703514624627696 neg 0.23938305565841514	false	0.5
krass	neg 1.0		__DUMMY__ 0.46828790299621353 off 0.293239492954264 neg 0.2384726040495225	false	0.5
revolte	neg 1.0		__DUMMY__ 0.47351810827034585 off 0.28561092279762434 neg 0.24087096893202983	false	0.5
besorgt	neg 1.0		__DUMMY__ 0.4785739873977617 off 0.2827699793638494 neg 0.2386560332383891	false	0.5
nachlassen	neg 1.0		__DUMMY__ 0.47881383573845915 off 0.27922032722413137 neg 0.24196583703740945	false	0.5
alt	neg 1.0		__DUMMY__ 0.47563417156503696 off 0.2805637049861214 neg 0.24380212344884164	false	0.5
hundesohn	off 1.0		__DUMMY__ 0.4646242080082035 off 0.2998759046488071 neg 0.2354998873429894	false	1.0
als			__DUMMY__ 0.47492792821968144 off 0.28073673103537733 neg 0.2443353407449411	false	0.0
abschreckung	neg 1.0		__DUMMY__ 0.47711104873416976 off 0.27632044383481924 neg 0.24656850743101114	false	0.5
unqualifiziert	neg 1.0		__DUMMY__ 0.4696298732000481 off 0.2867653862997425 neg 0.24360474050020936	false	0.5
abgewichst	off 1.0		__DUMMY__ 0.4761272833551371 off 0.28252596704600974 neg 0.2413467495988531	false	1.0
schwer	neg 1.0		__DUMMY__ 0.4735816186714887 off 0.2822584616394582 neg 0.2441599196890531	false	0.5
bedeutungslosigkeit	neg 1.0		__DUMMY__ 0.47601328710725 off 0.2771811256934053 neg 0.2468055871993447	false	0.5
kapitulation	neg 1.0		__DUMMY__ 0.4763951525391141 off 0.2790935104801026 neg 0.24451133698078342	false	0.5
unscharf	neg 1.0		__DUMMY__ 0.47137180683439656 off 0.28549735868720705 neg 0.2431308344783963	false	0.5
schwinden	neg 1.0		__DUMMY__ 0.47775485675977475 off 0.277645829289171 neg 0.24459931395105422	false	0.5
versklavung	neg 1.0		__DUMMY__ 0.47487290750588135 off 0.28453050472050534 neg 0.24059658777361337	false	0.5
schlecht	neg 1.0		__DUMMY__ 0.4716751707560693 off 0.2903672550190942 neg 0.23795757422483657	false	0.5
verhasst	neg 1.0		__DUMMY__ 0.47088722320537235 off 0.28388424236316234 neg 0.24522853443146522	false	0.5
beschweren	neg 1.0		__DUMMY__ 0.47281955177045365 off 0.2853823926103367 neg 0.2417980556192095	false	0.5
scheiden	neg 1.0		__DUMMY__ 0.47590830491910857 off 0.28382065859986616 neg 0.24027103648102535	false	0.5
frustriert	neg 1.0		__DUMMY__ 0.47391529127329274 off 0.2812570113173794 neg 0.24482769740932797	false	0.5
schimmelig	neg 1.0		__DUMMY__ 0.4736753101967922 off 0.2793979955649757 neg 0.24692669423823224	false	0.5
fisch	neg 1.0		__DUMMY__ 0.4756905969542352 off 0.276384887965462 neg 0.2479245150803029	false	0.5
schmuggel	neg 1.0		__DUMMY__ 0.47705797402305666 off 0.2782450352858633 neg 0.24469699069108	false	0.5
auffallen	neg 1.0		__DUMMY__ 0.47247584159177997 off 0.2862946281526759 neg 0.2412295302555442	false	0.5
konkurrenz	neg 1.0		__DUMMY__ 0.47728525496103386 off 0.2758683726066925 neg 0.24684637243227356	false	0.5
teufelskreis	neg 1.0		__DUMMY__ 0.4733480599229144 off 0.2823862148860785 neg 0.24426572519100706	false	0.5
aufschreien	neg 1.0		__DUMMY__ 0.4714943236509924 off 0.286034546125252 neg 0.24247113022375544	false	0.5
schuldner	neg 1.0		__DUMMY__ 0.47544964920120664 off 0.2762693318570102 neg 0.24828101894178328	false	0.5
missgeburt	off 1.0	off 1.0	off 0.6381370291032324 __DUMMY__ 0.22663945976800876 neg 0.13522351112875886	false	1.0
arbeitslos	neg 1.0		__DUMMY__ 0.47297020710435467 off 0.27926944564188316 neg 0.24776034725376225	false	0.5
befallen	neg 1.0		__DUMMY__ 0.47692617274737303 off 0.2825745888062953 neg 0.24049923844633167	false	0.5
miesepetrig	off 1.0	off 1.0	off 0.6343997106840749 __DUMMY__ 0.22953309816146333 neg 0.13606719115446184	false	1.0
alarmieren	neg 1.0		__DUMMY__ 0.471118317441676 off 0.28786468453983644 neg 0.2410169980184875	false	0.5
ungeduscht	off 1.0		__DUMMY__ 0.47063780174311115 off 0.28765814174664545 neg 0.24170405651024332	false	1.0
knappheit	neg 1.0		__DUMMY__ 0.4732776205716395 off 0.2787436280528014 neg 0.2479787513755592	false	0.5
schlange	neg 1.0		__DUMMY__ 0.4761501971548152 off 0.28617668579107797 neg 0.23767311705410682	false	0.5
harsch	neg 1.0		__DUMMY__ 0.4710571137529182 off 0.2956465328938174 neg 0.2332963533532643	false	0.5
lang	neg 1.0		__DUMMY__ 0.47497551322086184 off 0.2846060999009544 neg 0.24041838687818384	false	0.5
ziellos	neg 1.0		__DUMMY__ 0.4769930011030943 off 0.28006448583797955 neg 0.24294251305892633	false	0.5
selbstverliebt	neg 1.0		__DUMMY__ 0.4625541600263374 off 0.3006987293312239 neg 0.23674711064243867	false	0.5
beseitigen	neg 1.0		__DUMMY__ 0.4761967015055075 off 0.2820917348655462 neg 0.2417115636289462	false	0.5
dumm	off 1.0		__DUMMY__ 0.4665085485929342 off 0.2962685229170253 neg 0.23722292849004042	false	1.0
arbeitsloser	neg 1.0		__DUMMY__ 0.4748255213597996 off 0.2799755633957281 neg 0.24519891524447232	false	0.5
blitzen	neg 1.0		__DUMMY__ 0.47341252761975405 off 0.2872258580358609 neg 0.23936161434438516	false	0.5
hilflos	neg 1.0		__DUMMY__ 0.4744198014147607 off 0.28091593038363655 neg 0.2446642682016027	false	0.5
eklig	off 1.0		__DUMMY__ 0.4650317561267842 off 0.29653400301010335 neg 0.23843424086311252	false	1.0
begriff			__DUMMY__ 0.4738996916527549 off 0.28218302347296614 neg 0.24391728487427886	false	0.0
hungersnot	neg 1.0		__DUMMY__ 0.47701809864837846 off 0.28113352775548095 neg 0.24184837359614061	false	0.5
ungesetzlich	neg 1.0		__DUMMY__ 0.47064496238286546 off 0.28267902218023916 neg 0.2466760154368954	false	0.5
verschwendung	neg 1.0		__DUMMY__ 0.47613814991496134 off 0.2782621074965543 neg 0.24559974258848438	false	0.5
schmerzvoll	neg 1.0		__DUMMY__ 0.47357182208745147 off 0.2853724242152442 neg 0.24105575369730434	false	0.5
vorzeitig	neg 1.0		__DUMMY__ 0.47387455246447874 off 0.2869670318609273 neg 0.23915841567459387	false	0.5
unvollkommenheit	neg 1.0		__DUMMY__ 0.47873630916121895 off 0.2813606565485052 neg 0.23990303429027582	false	0.5
intervenieren	neg 1.0		__DUMMY__ 0.4750025584780486 off 0.2774880595535306 neg 0.24750938196842076	false	0.5
banause	off 1.0		__DUMMY__ 0.46250038140859323 off 0.29882865487072646 neg 0.23867096372068036	false	1.0
rebell	neg 1.0		__DUMMY__ 0.47803567886109727 off 0.27421256202065897 neg 0.24775175911824363	false	0.5
unlogisch	neg 1.0		__DUMMY__ 0.467659525711752 off 0.29177641519170266 neg 0.24056405909654532	false	0.5
leiden	neg 1.0		__DUMMY__ 0.47807083819793705 off 0.27768453544016153 neg 0.24424462636190136	false	0.5
abschaffung	neg 1.0		__DUMMY__ 0.47335186600839063 off 0.28318973792393476 neg 0.2434583960676747	false	0.5
sturz	neg 1.0		__DUMMY__ 0.4759739349124753 off 0.2840389410894746 neg 0.23998712399805008	false	0.5
verkleinerung	neg 1.0		__DUMMY__ 0.4694224513198268 off 0.28509100334065407 neg 0.24548654533951897	false	0.5
schmarotzer	off 1.0		__DUMMY__ 0.4718159562417139 off 0.2797990804387329 neg 0.24838496331955306	false	1.0
bestrafung	neg 1.0		__DUMMY__ 0.47425447808576887 off 0.28474570400260957 neg 0.24099981791162162	false	0.5
achtlos	neg 1.0	neg 1.0	neg 0.6075447133202836 __DUMMY__ 0.23187233597242857 off 0.16058295070728787	false	1.0
ungeheuer	neg 1.0		__DUMMY__ 0.47405396457714283 off 0.28651461985212245 neg 0.2394314155707347	false	0.5
unaufrichtig	neg 1.0		__DUMMY__ 0.4742845523859317 off 0.2873852921273935 neg 0.23833015548667472	false	0.5
groggy	neg 1.0		__DUMMY__ 0.4735280846061163 off 0.28711984479648517 neg 0.23935207059739858	false	0.5
verletzlich	neg 1.0		__DUMMY__ 0.46921077618638546 off 0.2897981808164642 neg 0.2409910429971503	false	0.5
