unsolidarisch	neg 1.0		off 0.4976720982186494 neg 0.43345713834705213 __DUMMY__ 0.06887076343429856	false	0.5
nachteilig	neg 1.0		off 0.4956162195035754 neg 0.43487637520540345 __DUMMY__ 0.06950740529102106	false	0.5
skeptisch	neg 1.0		off 0.4950550407616873 neg 0.4353861314375418 __DUMMY__ 0.06955882780077095	false	0.5
schrecklich	neg 1.0		off 0.5091649934951542 neg 0.42237174996945775 __DUMMY__ 0.06846325653538797	false	0.5
schlapp	neg 1.0		off 0.5059192842739423 neg 0.42522922125049 __DUMMY__ 0.06885149447556763	false	0.5
abfall	neg 1.0		off 0.49355494483846785 neg 0.43632942420770326 __DUMMY__ 0.07011563095382885	false	0.5
widerspenstig	neg 1.0		off 0.5011588995237146 neg 0.4295353102171778 __DUMMY__ 0.06930579025910745	false	0.5
abrupt	neg 1.0		off 0.4986266843378505 neg 0.4314598708554464 __DUMMY__ 0.06991344480670315	false	0.5
unwirksam	neg 1.0		off 0.49684725734372975 neg 0.4344431953217132 __DUMMY__ 0.06870954733455702	false	0.5
angreifen	neg 1.0		off 0.49524794438466496 neg 0.43515542935765356 __DUMMY__ 0.06959662625768154	false	0.5
inkonsistent	neg 1.0		off 0.5011005552224144 neg 0.42980013596100364 __DUMMY__ 0.06909930881658202	false	0.5
abrutschen	neg 1.0		off 0.49230471003294246 neg 0.4378843518847344 __DUMMY__ 0.06981093808232307	false	0.5
unsicher	neg 1.0		off 0.5009683591854 neg 0.4296437153225321 __DUMMY__ 0.06938792549206808	false	0.5
bauernkind	off 1.0	off 1.0	off 0.7396468464155421 neg 0.2280876831751658 __DUMMY__ 0.03226547040929212	false	1.0
angreifer	neg 1.0	neg 1.0	neg 0.6977084600692876 off 0.26901966782294545 __DUMMY__ 0.033271872107766956	false	1.0
trennen	neg 1.0		off 0.49722590720560855 neg 0.4328001126365621 __DUMMY__ 0.06997398015782942	false	0.5
schmutz	neg 1.0		off 0.5066257730231327 neg 0.4235133715516622 __DUMMY__ 0.06986085542520501	false	0.5
inkonsistenz	neg 1.0		off 0.501689276351369 neg 0.4301086106667529 __DUMMY__ 0.06820211298187817	false	0.5
erschreckend	neg 1.0		off 0.49864391288245064 neg 0.4321885394692675 __DUMMY__ 0.06916754764828183	false	0.5
ertrinken	neg 1.0		off 0.49735594489681145 neg 0.43283296317554615 __DUMMY__ 0.06981109192764251	false	0.5
pickelface	off 1.0		off 0.50047641757725 neg 0.4300374678105521 __DUMMY__ 0.06948611461219788	false	1.0
seiner			off 0.4960962425522167 neg 0.4342558768351618 __DUMMY__ 0.06964788061262148	false	0.0
lauch	neg 1.0		off 0.494778723686456 neg 0.43514687567026805 __DUMMY__ 0.07007440064327591	false	0.5
unwichtig	neg 1.0		off 0.5038415926324733 neg 0.4275120512147741 __DUMMY__ 0.06864635615275252	false	0.5
steuerhinterziehung	neg 1.0	neg 1.0	neg 0.7016361900867127 off 0.2651785558363255 __DUMMY__ 0.03318525407696188	false	1.0
schock	neg 1.0		off 0.500694571139554 neg 0.4297939868566959 __DUMMY__ 0.06951144200375012	false	0.5
beule	neg 1.0		off 0.5067178946104423 neg 0.42454960964207744 __DUMMY__ 0.06873249574748036	false	0.5
vergelten	neg 1.0		off 0.5098505110198781 neg 0.42128558903748053 __DUMMY__ 0.06886389994264117	false	0.5
verdorbenheit	neg 1.0		off 0.5033853702448939 neg 0.42702906631646914 __DUMMY__ 0.06958556343863695	false	0.5
trauma	neg 1.0		off 0.5019171688645341 neg 0.42879828033617845 __DUMMY__ 0.06928455079928755	false	0.5
sinnlos	neg 1.0		off 0.5028691004040158 neg 0.4279953748534736 __DUMMY__ 0.06913552474251064	false	0.5
fettsack	off 1.0	off 1.0	off 0.7412107750728768 neg 0.22639734356421082 __DUMMY__ 0.03239188136291236	false	1.0
feige	off 1.0	off 1.0	off 0.7387366538190236 neg 0.22852421277982837 __DUMMY__ 0.032739133401148	false	1.0
abdanken	neg 1.0		off 0.49994700545548665 neg 0.4306898457091282 __DUMMY__ 0.06936314883538512	false	0.5
wichtigtuer	off 1.0	off 1.0	off 0.7377134038259799 neg 0.2293901558378322 __DUMMY__ 0.0328964403361878	false	1.0
misslingen	neg 1.0		off 0.5043916675733071 neg 0.42580916906755256 __DUMMY__ 0.06979916335914034	false	0.5
untreu	off 1.0		off 0.505300000606718 neg 0.4259467794381688 __DUMMY__ 0.06875321995511337	false	1.0
missmutig	neg 1.0		off 0.5057342470862007 neg 0.4252817608658425 __DUMMY__ 0.0689839920479567	false	0.5
hurenbock	off 1.0		off 0.504829544857168 neg 0.4256880899692877 __DUMMY__ 0.06948236517354432	false	1.0
betrunken	neg 1.0		off 0.5077404558933338 neg 0.4235135816252809 __DUMMY__ 0.06874596248138522	false	0.5
korrupt	off 1.0		off 0.49543008504350616 neg 0.4355348170059544 __DUMMY__ 0.06903509795053935	false	1.0
unmut	neg 1.0		off 0.4929431888782889 neg 0.43715650036540404 __DUMMY__ 0.06990031075630702	false	0.5
hackfresse	off 1.0		off 0.5115886755817308 neg 0.420414206228533 __DUMMY__ 0.06799711818973628	false	1.0
aufblasen	neg 1.0		off 0.5033918723537384 neg 0.42731273360985067 __DUMMY__ 0.06929539403641095	false	0.5
gewaltsam	neg 1.0		off 0.5001986626497286 neg 0.43023505079532265 __DUMMY__ 0.06956628655494876	false	0.5
unbeliebtheit	neg 1.0		off 0.5016880989455751 neg 0.42981384395450295 __DUMMY__ 0.06849805709992184	false	0.5
sturheit	neg 1.0		off 0.4984071597901316 neg 0.4323260296725971 __DUMMY__ 0.06926681053727135	false	0.5
kuh	neg 1.0		off 0.49925925343122374 neg 0.4323105714542559 __DUMMY__ 0.0684301751145203	false	0.5
erschrecken	neg 1.0		off 0.5060641705579633 neg 0.4248150293238229 __DUMMY__ 0.06912080011821377	false	0.5
opfer	neg 1.0		off 0.49727901565948557 neg 0.43313763629858193 __DUMMY__ 0.06958334804193239	false	0.5
sinken	neg 1.0		off 0.4942796992382357 neg 0.435767492838405 __DUMMY__ 0.0699528079233592	false	0.5
stinktier	neg 1.0		off 0.5057738815677673 neg 0.4265220577556705 __DUMMY__ 0.06770406067656226	false	0.5
tucke	off 1.0		off 0.5125868945562896 neg 0.41956043430000484 __DUMMY__ 0.06785267114370556	false	1.0
ein			off 0.5016666470669604 neg 0.42914143425206414 __DUMMY__ 0.06919191868097554	false	0.0
abstieg	neg 1.0		off 0.4961584392215527 neg 0.43419676925954326 __DUMMY__ 0.06964479151890403	false	0.5
missverstehen	neg 1.0		off 0.5013173026253355 neg 0.42999067084814535 __DUMMY__ 0.06869202652651916	false	0.5
ergebnislos	neg 1.0		off 0.4958472185412633 neg 0.43447620029405715 __DUMMY__ 0.0696765811646797	false	0.5
unter			off 0.4904252502473591 neg 0.4389700413671979 __DUMMY__ 0.07060470838544292	false	0.0
manipulieren	neg 1.0		off 0.4958324549781944 neg 0.43439772540142535 __DUMMY__ 0.06976981962038009	false	0.5
unbewiesen	neg 1.0		off 0.49701500628451606 neg 0.4342185240520942 __DUMMY__ 0.06876646966338962	false	0.5
verschleppen	neg 1.0		off 0.4966914327001287 neg 0.43389631195918044 __DUMMY__ 0.06941225534069086	false	0.5
weib	off 1.0		off 0.510171758433235 neg 0.42224602556926716 __DUMMY__ 0.0675822159974978	false	1.0
opposition	neg 1.0		off 0.5007991166981322 neg 0.43026152952814345 __DUMMY__ 0.06893935377372441	false	0.5
verkehrswidrig	neg 1.0		off 0.5120826282074146 neg 0.4189603184944177 __DUMMY__ 0.06895705329816769	false	0.5
inkorrekt	neg 1.0		off 0.506600110535496 neg 0.4251748205413313 __DUMMY__ 0.06822506892317248	false	0.5
vermeiden	neg 1.0		off 0.4919231767566758 neg 0.43798500084704967 __DUMMY__ 0.0700918223962746	false	0.5
abweichung	neg 1.0		off 0.4959386926489718 neg 0.43467532927686825 __DUMMY__ 0.06938597807416003	false	0.5
alkoholisiert	neg 1.0		off 0.4969933808065106 neg 0.43328900192701875 __DUMMY__ 0.06971761726647056	false	0.5
scheiss	off 1.0	off 1.0	off 0.7397901196493725 neg 0.22738631829277886 __DUMMY__ 0.032823562057848636	false	1.0
herausforderung	neg 1.0		off 0.49611865984402653 neg 0.43416050967954645 __DUMMY__ 0.06972083047642709	false	0.5
pervers	off 1.0		off 0.5144126675903874 neg 0.41794361985157874 __DUMMY__ 0.06764371255803395	false	1.0
wackelig	neg 1.0		off 0.5008878220939218 neg 0.42930950966929593 __DUMMY__ 0.06980266823678236	false	0.5
verwickeln	neg 1.0		off 0.5008817921170214 neg 0.4303674743967962 __DUMMY__ 0.06875073348618255	false	0.5
vorwand	neg 1.0		off 0.4947831474619071 neg 0.4355869852097711 __DUMMY__ 0.06962986732832173	false	0.5
muschi	off 1.0		off 0.5003755195586334 neg 0.43018102159776156 __DUMMY__ 0.06944345884360519	false	1.0
entmutigung	neg 1.0		off 0.5009648435329693 neg 0.4299543165536729 __DUMMY__ 0.06908083991335773	false	0.5
unangemessen	neg 1.0		off 0.4965411153026212 neg 0.43443545615324014 __DUMMY__ 0.06902342854413865	false	0.5
unstetig	neg 1.0		off 0.5030239883984258 neg 0.42795137995452687 __DUMMY__ 0.06902463164704739	false	0.5
entmutigen	neg 1.0		off 0.5014589914949241 neg 0.4293376337753542 __DUMMY__ 0.06920337472972167	false	0.5
schwanz	neg 1.0		off 0.49813489721798154 neg 0.43221927509634267 __DUMMY__ 0.06964582768567595	false	0.5
verbot	neg 1.0		off 0.49689178559397873 neg 0.43373781847852644 __DUMMY__ 0.06937039592749496	false	0.5
leid	neg 1.0		off 0.5095340967179218 neg 0.4223372048411349 __DUMMY__ 0.06812869844094313	false	0.5
archaisch	neg 1.0		off 0.49887851450795373 neg 0.43179430413443537 __DUMMY__ 0.06932718135761083	false	0.5
gegen			off 0.49374822025054504 neg 0.43637781790688407 __DUMMY__ 0.06987396184257076	false	0.0
scheidung	neg 1.0		off 0.5222545851844154 neg 0.4097923282916491 __DUMMY__ 0.06795308652393542	false	0.5
einschlag	neg 1.0		off 0.5081452253138741 neg 0.42326720780129196 __DUMMY__ 0.06858756688483392	false	0.5
m			off 0.49914790064699993 neg 0.43124188761918175 __DUMMY__ 0.06961021173381828	false	0.0
abgestanden	neg 1.0		off 0.5006694111602833 neg 0.43025187236974055 __DUMMY__ 0.06907871646997617	false	0.5
schmierig	off 1.0		off 0.5103938246300855 neg 0.42116625893806897 __DUMMY__ 0.06843991643184559	false	1.0
unpraktisch	neg 1.0		off 0.502115851188193 neg 0.4287361389894507 __DUMMY__ 0.06914800982235637	false	0.5
wixxer	off 1.0		off 0.5133132714244293 neg 0.4192694530188696 __DUMMY__ 0.06741727555670128	false	1.0
bezeichnet			off 0.49858081073566196 neg 0.43247089027701957 __DUMMY__ 0.0689482989873185	false	0.0
jammerlappen	off 1.0		off 0.5055976029395021 neg 0.4254790265332137 __DUMMY__ 0.06892337052728427	false	1.0
farce	neg 1.0		off 0.4974391887330007 neg 0.4333432094762523 __DUMMY__ 0.06921760179074696	false	0.5
zwecklos	neg 1.0		off 0.49741079683693984 neg 0.43335029056166163 __DUMMY__ 0.0692389126013985	false	0.5
turbulent	neg 1.0		off 0.5063888899403706 neg 0.42496414191509535 __DUMMY__ 0.06864696814453411	false	0.5
invasion	neg 1.0		off 0.501917972679938 neg 0.4290546401895454 __DUMMY__ 0.06902738713051651	false	0.5
schuld	neg 1.0		off 0.5004282281756224 neg 0.4305714863577451 __DUMMY__ 0.06900028546663249	false	0.5
risiko	neg 1.0	neg 1.0	neg 0.6980269101203082 off 0.26866925124943625 __DUMMY__ 0.03330383863025558	false	1.0
finster	neg 1.0		off 0.5003237254171788 neg 0.4307976227573677 __DUMMY__ 0.06887865182545348	false	0.5
geisteskrank	off 1.0		off 0.5042320305932603 neg 0.4274988472788932 __DUMMY__ 0.06826912212784643	false	1.0
zusammenbrechen	neg 1.0		off 0.49860439494342734 neg 0.43198843210124876 __DUMMY__ 0.06940717295532396	false	0.5
ausbeute	neg 1.0		off 0.5019633428598498 neg 0.42771909379635864 __DUMMY__ 0.07031756334379159	false	0.5
hinterhalt	neg 1.0		off 0.5041213107247273 neg 0.42565074015608684 __DUMMY__ 0.07022794911918574	false	0.5
kritik	neg 1.0		off 0.4970563593683496 neg 0.43374105507884386 __DUMMY__ 0.06920258555280671	false	0.5
einschrumpfen	neg 1.0		off 0.5033346453668083 neg 0.42789955367981813 __DUMMY__ 0.06876580095337351	false	0.5
riskant	neg 1.0		off 0.4950472668585486 neg 0.43553442867049313 __DUMMY__ 0.06941830447095823	false	0.5
frustrieren	neg 1.0		off 0.4962226977682406 neg 0.4343753447188115 __DUMMY__ 0.06940195751294785	false	0.5
groll	neg 1.0		off 0.4968326438314232 neg 0.4339139504139843 __DUMMY__ 0.0692534057545924	false	0.5
gibt			off 0.49870158844361695 neg 0.4318834149301034 __DUMMY__ 0.06941499662627953	false	0.0
qualvoll	neg 1.0		off 0.5045621901683933 neg 0.42627019561307655 __DUMMY__ 0.06916761421853013	false	0.5
wackeln	neg 1.0		off 0.503531602668045 neg 0.42691865015930314 __DUMMY__ 0.069549747172652	false	0.5
klagen	neg 1.0		off 0.4930737786508342 neg 0.43718611136109176 __DUMMY__ 0.06974010998807405	false	0.5
bankrott	neg 1.0		off 0.5061280172568249 neg 0.4247308132564187 __DUMMY__ 0.06914116948675643	false	0.5
trauern	neg 1.0		off 0.49864728269774294 neg 0.43145381119487003 __DUMMY__ 0.0698989061073871	false	0.5
ablehnung	neg 1.0		off 0.4965139231326028 neg 0.4343000747272509 __DUMMY__ 0.06918600214014636	false	0.5
stur	neg 1.0		off 0.5003741832428484 neg 0.43067431877517254 __DUMMY__ 0.06895149798197904	false	0.5
aufruhr	neg 1.0		off 0.49955446649244956 neg 0.43106075120827236 __DUMMY__ 0.06938478229927807	false	0.5
melancholie	neg 1.0		off 0.49822667611865884 neg 0.4321716304350071 __DUMMY__ 0.06960169344633399	false	0.5
ist			off 0.5023509208832954 neg 0.4285390474914829 __DUMMY__ 0.06911003162522171	false	0.0
torheit	neg 1.0		off 0.5007922122571052 neg 0.4299642348376897 __DUMMY__ 0.06924355290520497	false	0.5
dreckskind	off 1.0		off 0.5092744478466384 neg 0.422875631805853 __DUMMY__ 0.06784992034750854	false	1.0
umtauschen	neg 1.0		off 0.5003809061162958 neg 0.4303245948974948 __DUMMY__ 0.06929449898620936	false	0.5
zum			off 0.49488553833173776 neg 0.43455513206816615 __DUMMY__ 0.07055932960009599	false	0.0
zersetzen	neg 1.0		off 0.4944502969585691 neg 0.43604681659113065 __DUMMY__ 0.06950288645030012	false	0.5
zur			off 0.4924722056075252 neg 0.43719634071172264 __DUMMY__ 0.07033145368075225	false	0.0
frust	neg 1.0		off 0.4988305013491672 neg 0.4317170933024591 __DUMMY__ 0.06945240534837376	false	0.5
unerbittlichkeit	neg 1.0		off 0.4951092873575598 neg 0.43526961400052966 __DUMMY__ 0.06962109864191061	false	0.5
zwei			off 0.49527422610065225 neg 0.4343646868272071 __DUMMY__ 0.07036108707214085	false	0.0
unkorrekt	neg 1.0		off 0.5070392203903115 neg 0.42458233474324386 __DUMMY__ 0.06837844486644482	false	0.5
hexe	off 1.0		off 0.5037073768295814 neg 0.42779946735065355 __DUMMY__ 0.06849315581976514	false	1.0
lasch	neg 1.0		off 0.5022744234878769 neg 0.42910589773808133 __DUMMY__ 0.06861967877404163	false	0.5
rivale	neg 1.0		off 0.5074572145597113 neg 0.4239054428948686 __DUMMY__ 0.0686373425454201	false	0.5
mutlos	off 1.0	off 1.0	off 0.7341849375778814 neg 0.23260512889555116 __DUMMY__ 0.033209933526567446	false	1.0
wirr	off 1.0		off 0.507988053254165 neg 0.4236994404038462 __DUMMY__ 0.06831250634198875	false	1.0
jahr			off 0.49904041464550347 neg 0.43057403440965314 __DUMMY__ 0.07038555094484343	false	0.0
wird			off 0.49730036142060624 neg 0.43325723950960465 __DUMMY__ 0.06944239906978923	false	0.0
strafbar	neg 1.0		off 0.49545877201361427 neg 0.43515598448721815 __DUMMY__ 0.06938524349916754	false	0.5
erosion	neg 1.0		off 0.5022928423019143 neg 0.42815813147388676 __DUMMY__ 0.06954902622419895	false	0.5
eingehen	neg 1.0		off 0.4955951445877365 neg 0.43504858936997426 __DUMMY__ 0.06935626604228927	false	0.5
faul	off 1.0		off 0.5056203049375634 neg 0.42532633443303275 __DUMMY__ 0.06905336062940375	false	1.0
provisorium	neg 1.0		off 0.49136870106474684 neg 0.43800558823644087 __DUMMY__ 0.07062571069881231	false	0.5
schmerzen	neg 1.0		off 0.49896162645498154 neg 0.43182105882733995 __DUMMY__ 0.06921731471767843	false	0.5
schrumpfen	neg 1.0		off 0.4903185672151224 neg 0.4397903596018327 __DUMMY__ 0.06989107318304484	false	0.5
geistlos	off 1.0		off 0.5004281125471604 neg 0.4309743247389913 __DUMMY__ 0.0685975627138484	false	1.0
fehlkauf	neg 1.0		off 0.5036351883689373 neg 0.42703552783135473 __DUMMY__ 0.06932928379970792	false	0.5
frustrierend	neg 1.0		off 0.504004658786929 neg 0.42709534953015593 __DUMMY__ 0.06889999168291505	false	0.5
unzufrieden	neg 1.0		off 0.49660022782798735 neg 0.4342100169102474 __DUMMY__ 0.06918975526176514	false	0.5
verzweifeln	neg 1.0		off 0.499222752906256 neg 0.4314765062558229 __DUMMY__ 0.06930074083792108	false	0.5
verzweifelt	neg 1.0	neg 1.0	neg 0.7003295578771759 off 0.26672876546460533 __DUMMY__ 0.03294167665821866	false	1.0
misstrauensantrag	neg 1.0		off 0.5023783023321896 neg 0.4285746306827144 __DUMMY__ 0.06904706698509593	false	0.5
abfallen	neg 1.0		off 0.5030526642808719 neg 0.42749586045286136 __DUMMY__ 0.06945147526626681	false	0.5
fucker	off 1.0		off 0.5089393531256199 neg 0.422276515937875 __DUMMY__ 0.06878413093650503	false	1.0
ungezogen	neg 1.0		off 0.5139553356892943 neg 0.41826401168071636 __DUMMY__ 0.06778065262998931	false	0.5
irrsinnig	neg 1.0	neg 1.0	neg 0.7000169449319285 off 0.26699339119396576 __DUMMY__ 0.03298966387410587	false	1.0
unfassbar	neg 1.0		off 0.5064851248266409 neg 0.4247269342609401 __DUMMY__ 0.06878794091241903	false	0.5
hart	neg 1.0		off 0.5061822351019812 neg 0.42501365455060064 __DUMMY__ 0.0688041103474179	false	0.5
widerlich	off 1.0		off 0.5053490380011525 neg 0.42620413650024547 __DUMMY__ 0.06844682549860202	false	1.0
fatal	neg 1.0		off 0.5032562811706633 neg 0.4275782242798398 __DUMMY__ 0.06916549454949686	false	0.5
bruch	neg 1.0		off 0.49379722646863294 neg 0.43642880233942516 __DUMMY__ 0.06977397119194186	false	0.5
aushungern	neg 1.0		off 0.4992319868754502 neg 0.43122483889826735 __DUMMY__ 0.06954317422628245	false	0.5
anspannung	neg 1.0		off 0.4939233789446321 neg 0.4356828460941782 __DUMMY__ 0.07039377496118977	false	0.5
von			off 0.5003601510944489 neg 0.4290446089479737 __DUMMY__ 0.0705952399575775	false	0.0
kraftlos	neg 1.0		off 0.4989409687918675 neg 0.43148655974991706 __DUMMY__ 0.06957247145821538	false	0.5
vom			off 0.4930584159746274 neg 0.4361622880779118 __DUMMY__ 0.07077929594746092	false	0.0
grenzdebil	off 1.0		off 0.5073693288525563 neg 0.42379109699163137 __DUMMY__ 0.06883957415581236	false	1.0
vor			off 0.4961281472567062 neg 0.4338689091337489 __DUMMY__ 0.07000294360954502	false	0.0
unterwerfen	neg 1.0		off 0.4969869928716992 neg 0.4334662830069048 __DUMMY__ 0.06954672412139608	false	0.5
versenkung	neg 1.0		off 0.4980092012158106 neg 0.43228273043515986 __DUMMY__ 0.06970806834902964	false	0.5
entziehen	neg 1.0		off 0.49366756160745257 neg 0.4366104608285807 __DUMMY__ 0.06972197756396668	false	0.5
finanzkrise	neg 1.0		off 0.4982870261279538 neg 0.4325456009816277 __DUMMY__ 0.06916737289041859	false	0.5
schimpfend	neg 1.0		off 0.502707366031404 neg 0.42818152482946276 __DUMMY__ 0.06911110913913324	false	0.5
profan	neg 1.0		off 0.5023054164392996 neg 0.4287937588220421 __DUMMY__ 0.06890082473865823	false	0.5
korruption	neg 1.0		off 0.49700656349257344 neg 0.4335578713566749 __DUMMY__ 0.06943556515075161	false	0.5
â			off 0.4995212135223327 neg 0.430692146652693 __DUMMY__ 0.06978663982497439	false	0.0
schmutzig	neg 1.0		off 0.5084515948388093 neg 0.4226381422720422 __DUMMY__ 0.06891026288914852	false	0.5
sexy	neg 1.0		off 0.5050455969571082 neg 0.4258144054511075 __DUMMY__ 0.06913999759178441	false	0.5
abraten	neg 1.0		off 0.5024320519231062 neg 0.4284854996030934 __DUMMY__ 0.06908244847380045	false	0.5
schwarz	neg 1.0		off 0.5022358618501195 neg 0.428600318490807 __DUMMY__ 0.06916381965907349	false	0.5
fotze	off 1.0	off 1.0	off 0.7364935747202914 neg 0.2301590912634346 __DUMMY__ 0.03334733401627391	false	1.0
verwirren	neg 1.0		off 0.5034231484258578 neg 0.42759308526247575 __DUMMY__ 0.06898376631166643	false	0.5
zahnlos	off 1.0		off 0.4979263057089446 neg 0.43285298480894263 __DUMMY__ 0.0692207094821129	false	1.0
verheeren	neg 1.0		off 0.5173464433349493 neg 0.41460870846403547 __DUMMY__ 0.0680448482010153	false	0.5
hippie	neg 1.0		off 0.5046535434214212 neg 0.42618437408486926 __DUMMY__ 0.06916208249370955	false	0.5
rammen	neg 1.0		off 0.5011874494071614 neg 0.4298463366753321 __DUMMY__ 0.06896621391750644	false	0.5
unlauter	neg 1.0		off 0.4987955615831797 neg 0.4324498176739935 __DUMMY__ 0.06875462074282666	false	0.5
unheilvoll	neg 1.0		off 0.503521580706907 neg 0.42720213795781564 __DUMMY__ 0.06927628133527725	false	0.5
niedrig	neg 1.0		off 0.494420062150086 neg 0.43622450041725347 __DUMMY__ 0.06935543743266057	false	0.5
explosion	neg 1.0		off 0.5036593180813883 neg 0.4272361136398313 __DUMMY__ 0.06910456827878035	false	0.5
weichei	off 1.0	off 1.0	off 0.7422356401279923 neg 0.22523501383557495 __DUMMY__ 0.032529346036432816	false	1.0
minusmensch	off 1.0		off 0.5114617918690304 neg 0.4208529322880683 __DUMMY__ 0.0676852758429013	false	1.0
farblos	neg 1.0		off 0.5016590771041629 neg 0.4288500822126038 __DUMMY__ 0.06949084068323333	false	0.5
unwissend	neg 1.0	neg 1.0	neg 0.6982373845567171 off 0.2689581594768567 __DUMMY__ 0.03280445596642617	false	1.0
traurig	neg 1.0		off 0.5088052537129162 neg 0.4226099971313601 __DUMMY__ 0.06858474915572368	false	0.5
senkung	neg 1.0		off 0.5010439513730637 neg 0.4302624268637089 __DUMMY__ 0.06869362176322756	false	0.5
ungleich	neg 1.0	neg 1.0	neg 0.7029836120681767 off 0.26379664464101676 __DUMMY__ 0.033219743290806604	false	1.0
heikel	neg 1.0		off 0.4946795438630342 neg 0.4359523510990849 __DUMMY__ 0.06936810503788081	false	0.5
drosselung	neg 1.0		off 0.5067353374773464 neg 0.42451634331957006 __DUMMY__ 0.06874831920308354	false	0.5
falsch	neg 1.0		off 0.5035171053538656 neg 0.42771604735956836 __DUMMY__ 0.06876684728656603	false	0.5
unzufriedenheit	neg 1.0		off 0.49445815226534223 neg 0.435863258460026 __DUMMY__ 0.06967858927463173	false	0.5
kurz	neg 1.0		off 0.5007472568623663 neg 0.42959461380495795 __DUMMY__ 0.06965812933267566	false	0.5
unsinnig	neg 1.0		off 0.49742190419300797 neg 0.43349440236188436 __DUMMY__ 0.06908369344510763	false	0.5
penner	off 1.0	off 1.0	off 0.7432526248558811 neg 0.22423767053233642 __DUMMY__ 0.03250970461178241	false	1.0
seicht	neg 1.0		off 0.5121683774652867 neg 0.4202009974817366 __DUMMY__ 0.06763062505297675	false	0.5
dummheit	off 1.0	off 1.0	off 0.73794749500466 neg 0.22916053617104248 __DUMMY__ 0.032891968824297485	false	1.0
unerfreulich	neg 1.0		off 0.4950588693023028 neg 0.43532543521778405 __DUMMY__ 0.06961569547991309	false	0.5
motherfucker	off 1.0	off 1.0	off 0.7410545496866602 neg 0.22606869927291476 __DUMMY__ 0.03287675104042499	false	1.0
pikiert	neg 1.0		off 0.5052972905216078 neg 0.42608754816087235 __DUMMY__ 0.06861516131751984	false	0.5
wrack	neg 1.0		off 0.4999462490855987 neg 0.430380205605387 __DUMMY__ 0.06967354530901428	false	0.5
gangster	neg 1.0		off 0.5046709638469908 neg 0.42618087844560393 __DUMMY__ 0.06914815770740525	false	0.5
krank	neg 1.0		off 0.507306858491209 neg 0.42387004467886746 __DUMMY__ 0.06882309682992355	false	0.5
reich	neg 1.0		off 0.5078731909834204 neg 0.42295705238303455 __DUMMY__ 0.06916975663354492	false	0.5
gnadenlos	neg 1.0		off 0.5011482540099125 neg 0.42975364091515367 __DUMMY__ 0.06909810507493397	false	0.5
niedergeschlagen	neg 1.0		off 0.5000389539716952 neg 0.43044765460650036 __DUMMY__ 0.06951339142180443	false	0.5
terrorisieren	off 1.0	off 1.0	off 0.7351884768669645 neg 0.23146854246606896 __DUMMY__ 0.03334298066696656	false	1.0
sinnlosigkeit	neg 1.0		off 0.49781668191612416 neg 0.43287251623601836 __DUMMY__ 0.06931080184785754	false	0.5
behindern	neg 1.0		off 0.5004949104343865 neg 0.4300703937956114 __DUMMY__ 0.06943469577000197	false	0.5
undemokratisch	neg 1.0		off 0.5007107009779018 neg 0.4301923215603584 __DUMMY__ 0.06909697746173982	false	0.5
wirtschaftskrise	neg 1.0		off 0.49642803180073336 neg 0.4341967036147814 __DUMMY__ 0.06937526458448535	false	0.5
neid	neg 1.0		off 0.5051931871670007 neg 0.42574650080453325 __DUMMY__ 0.06906031202846608	false	0.5
rutschen	neg 1.0		off 0.4958775584095933 neg 0.43363980142599173 __DUMMY__ 0.07048264016441497	false	0.5
rezession	neg 1.0		off 0.5051153905067604 neg 0.42698341218108044 __DUMMY__ 0.06790119731215913	false	0.5
fehlgeburt	neg 1.0		off 0.5036096845124397 neg 0.4270819027364561 __DUMMY__ 0.06930841275110415	false	0.5
charakterschwach	off 1.0		off 0.5051733093786623 neg 0.4263584408388576 __DUMMY__ 0.06846824978248006	false	1.0
isolation	neg 1.0		off 0.5043447443974254 neg 0.42664802216792463 __DUMMY__ 0.06900723343464994	false	0.5
ablenkung	neg 1.0		off 0.5011977336258876 neg 0.42944257152479265 __DUMMY__ 0.06935969484931984	false	0.5
pech	neg 1.0		off 0.5031144398826122 neg 0.4281236122030964 __DUMMY__ 0.06876194791429137	false	0.5
vermeidung	neg 1.0		off 0.5077676588664881 neg 0.42334341658996655 __DUMMY__ 0.06888892454354535	false	0.5
dominieren	neg 1.0		off 0.4976372143912661 neg 0.43267678851242575 __DUMMY__ 0.06968599709630814	false	0.5
schwindlig	neg 1.0		off 0.5039245350723826 neg 0.4268257331419429 __DUMMY__ 0.06924973178567446	false	0.5
lutscher	neg 1.0		off 0.5133148208044167 neg 0.41898739865688145 __DUMMY__ 0.06769778053870187	false	0.5
pflicht	neg 1.0		off 0.4938462228776765 neg 0.4366423155186809 __DUMMY__ 0.0695114616036427	false	0.5
faschist	off 1.0		off 0.5035637723947908 neg 0.4274615216680506 __DUMMY__ 0.06897470593715861	false	1.0
verschleudern	neg 1.0		off 0.49455401792468673 neg 0.4360777832906129 __DUMMY__ 0.06936819878470017	false	0.5
wenn			off 0.5044992953256345 neg 0.42661074570413227 __DUMMY__ 0.06888995897023303	false	0.0
ehebruch	neg 1.0		off 0.497667610845341 neg 0.4327838590432637 __DUMMY__ 0.0695485301113953	false	0.5
spott	off 1.0		off 0.49614841194837295 neg 0.4344253985825851 __DUMMY__ 0.0694261894690419	false	1.0
trostlosigkeit	neg 1.0		off 0.4961641057714571 neg 0.43385043014863856 __DUMMY__ 0.06998546407990439	false	0.5
lutschen	neg 1.0		off 0.5037615183480978 neg 0.4273598693096796 __DUMMY__ 0.0688786123422225	false	0.5
undiszipliniert	neg 1.0		off 0.5074869995755156 neg 0.4240264320765956 __DUMMY__ 0.06848656834788867	false	0.5
kopfschmerz	neg 1.0		off 0.4982735611549433 neg 0.4323949429465963 __DUMMY__ 0.0693314958984603	false	0.5
unvorhergesehen	neg 1.0		off 0.4985250559557745 neg 0.4314488501230441 __DUMMY__ 0.07002609392118138	false	0.5
desinteressiert	neg 1.0		off 0.5070450540339878 neg 0.4244168421919936 __DUMMY__ 0.06853810377401848	false	0.5
armselig	off 1.0		off 0.5067551287678185 neg 0.4250211034017594 __DUMMY__ 0.06822376783042221	false	1.0
desaster	neg 1.0		off 0.49318829125643765 neg 0.4369962193861755 __DUMMY__ 0.06981548935738689	false	0.5
tod	neg 1.0		off 0.5020134143962586 neg 0.4278399929989817 __DUMMY__ 0.07014659260475962	false	0.5
herzlos	neg 1.0		off 0.5080746689240367 neg 0.42348277563998876 __DUMMY__ 0.06844255543597463	false	0.5
unwissenheit	neg 1.0		off 0.49740888504925274 neg 0.43327074995905257 __DUMMY__ 0.06932036499169462	false	0.5
widersinnig	neg 1.0		off 0.495147361223672 neg 0.43591006319556125 __DUMMY__ 0.06894257558076676	false	0.5
bedenklich	neg 1.0		off 0.4959653025202438 neg 0.4347325385282035 __DUMMY__ 0.06930215895155267	false	0.5
beanstanden	neg 1.0		off 0.4938794047107292 neg 0.4365249552911571 __DUMMY__ 0.06959563999811362	false	0.5
panisch	neg 1.0	neg 1.0	neg 0.6971712693331025 off 0.26957347904958456 __DUMMY__ 0.033255251617312964	false	1.0
debil	off 1.0		off 0.49238954075191865 neg 0.43704008027694397 __DUMMY__ 0.07057037897113748	false	1.0
abstrich	neg 1.0		off 0.5052787469092677 neg 0.42453619305115786 __DUMMY__ 0.0701850600395743	false	0.5
primitiv	neg 1.0		off 0.5054485178368273 neg 0.426133488355596 __DUMMY__ 0.06841799380757663	false	0.5
abschaum	off 1.0	off 1.0	off 0.73947129692087 neg 0.22767804642712158 __DUMMY__ 0.03285065665200841	false	1.0
provozieren	neg 1.0		off 0.4997441754420674 neg 0.43134396863413393 __DUMMY__ 0.06891185592379862	false	0.5
tot	neg 1.0		off 0.49811094648142545 neg 0.43244662099729225 __DUMMY__ 0.0694424325212823	false	0.5
instabil	neg 1.0		off 0.5071187696718203 neg 0.42448840903746554 __DUMMY__ 0.06839282129071406	false	0.5
schwuchtel	off 1.0	off 1.0	off 0.745375216163838 neg 0.22249711136530176 __DUMMY__ 0.03212767247086038	false	1.0
zerren	neg 1.0		off 0.499272708059558 neg 0.4312023013472682 __DUMMY__ 0.06952499059317373	false	0.5
kinderficker	off 1.0		off 0.5108619650089011 neg 0.4208628441320302 __DUMMY__ 0.06827519085906869	false	1.0
gefahr	neg 1.0		off 0.49535278844629055 neg 0.4347873907278519 __DUMMY__ 0.06985982082585748	false	0.5
rabiat	neg 1.0		off 0.5008829205668203 neg 0.4298276561153821 __DUMMY__ 0.06928942331779776	false	0.5
verlangsamung	neg 1.0		off 0.5103965380833357 neg 0.42179075997554216 __DUMMY__ 0.06781270194112216	false	0.5
ausgestorben	neg 1.0		off 0.501135198616855 neg 0.42945672189317863 __DUMMY__ 0.06940807948996654	false	0.5
anklagen	neg 1.0		off 0.4976151161098275 neg 0.43290603672844974 __DUMMY__ 0.06947884716172288	false	0.5
trott	neg 1.0		off 0.5007140338206878 neg 0.4298893908470223 __DUMMY__ 0.06939657533228999	false	0.5
verminderung	neg 1.0		off 0.5071203896722457 neg 0.4241803855063146 __DUMMY__ 0.06869922482143954	false	0.5
nach			off 0.4940578868034906 neg 0.43546368558174975 __DUMMY__ 0.07047842761475961	false	0.0
rost	neg 1.0		off 0.510907693779105 neg 0.4209228872407524 __DUMMY__ 0.06816941898014264	false	0.5
destruktiv	neg 1.0		off 0.4988508238212529 neg 0.43209903091890345 __DUMMY__ 0.06905014525984375	false	0.5
unzumutbarkeit	neg 1.0		off 0.5067505050403777 neg 0.4243026652457875 __DUMMY__ 0.06894682971383494	false	0.5
labil	off 1.0	off 1.0	off 0.7393910226183331 neg 0.2276729998218759 __DUMMY__ 0.032935977559791066	false	1.0
ziemlich	neg 1.0		off 0.5067884043144775 neg 0.42434294269075684 __DUMMY__ 0.06886865299476559	false	0.5
lachnummer	off 1.0		off 0.4996216506362068 neg 0.4313491274586561 __DUMMY__ 0.06902922190513713	false	1.0
oder			off 0.5020685032939074 neg 0.42861934915768685 __DUMMY__ 0.06931214754840574	false	0.0
verfall	neg 1.0		off 0.49148225893713204 neg 0.4384548863714431 __DUMMY__ 0.07006285469142494	false	0.5
ausgrenzung	neg 1.0		off 0.5017232388668065 neg 0.4291609671812395 __DUMMY__ 0.06911579395195414	false	0.5
unordnung	neg 1.0		off 0.5109502187154784 neg 0.4200181365084382 __DUMMY__ 0.06903164477608341	false	0.5
fehlverhalten	neg 1.0		off 0.49395205725654723 neg 0.4366685480398389 __DUMMY__ 0.06937939470361389	false	0.5
eine			off 0.4960648398817746 neg 0.4340819604908929 __DUMMY__ 0.06985319962733247	false	0.0
nille	neg 1.0		off 0.5012988152596158 neg 0.4291884476921425 __DUMMY__ 0.06951273704824174	false	0.5
qual	neg 1.0		off 0.5004933884241931 neg 0.4300529608551002 __DUMMY__ 0.06945365072070674	false	0.5
verschwenden	neg 1.0		off 0.4952622297036584 neg 0.43541647422736274 __DUMMY__ 0.06932129606897884	false	0.5
riesig	neg 1.0		off 0.49907401625617864 neg 0.4311194846011518 __DUMMY__ 0.06980649914266951	false	0.5
verurteilen	neg 1.0		off 0.4965760312330218 neg 0.43421592889008437 __DUMMY__ 0.06920803987689385	false	0.5
klischee	neg 1.0	neg 1.0	neg 0.6987664124384225 off 0.2683574577866168 __DUMMY__ 0.03287612977496063	false	1.0
diktatorisch	neg 1.0		off 0.5003891138591874 neg 0.4306077111046946 __DUMMY__ 0.06900317503611796	false	0.5
vorhersehbar	neg 1.0		off 0.5014829172249234 neg 0.4298621078855472 __DUMMY__ 0.06865497488952943	false	0.5
sowie			off 0.5100590848226851 neg 0.42167303193126254 __DUMMY__ 0.06826788324605237	false	0.0
stornieren	neg 1.0		off 0.5060804152402735 neg 0.42421142462882594 __DUMMY__ 0.0697081601309005	false	0.5
besteuerung	neg 1.0		off 0.4986426577548355 neg 0.4325686086163153 __DUMMY__ 0.06878873362884907	false	0.5
ungeschminkt	neg 1.0		off 0.5046555326139065 neg 0.4270254198460781 __DUMMY__ 0.06831904754001555	false	0.5
kritisch	neg 1.0		off 0.4960423493117434 neg 0.4345755618020919 __DUMMY__ 0.06938208888616477	false	0.5
schlamperei	off 1.0		off 0.4959867184592079 neg 0.4343371279015036 __DUMMY__ 0.06967615363928845	false	1.0
sucht	neg 1.0	neg 1.0	neg 0.6958630316132227 off 0.2705024296986018 __DUMMY__ 0.03363453868817553	false	1.0
egoistisch	off 1.0		off 0.5093903345469577 neg 0.4226223298830852 __DUMMY__ 0.0679873355699572	false	1.0
ausbeuter	off 1.0		off 0.49339598394407364 neg 0.43731795796486084 __DUMMY__ 0.06928605809106558	false	1.0
arschgeburt	off 1.0		off 0.5151972935215069 neg 0.41763283565201986 __DUMMY__ 0.0671698708264733	false	1.0
schubs	neg 1.0		off 0.4986857350047312 neg 0.4319330865023981 __DUMMY__ 0.06938117849287076	false	0.5
unsolide	neg 1.0		off 0.5000580314186458 neg 0.4311644116671276 __DUMMY__ 0.06877755691422656	false	0.5
beschwerde	neg 1.0		off 0.4954104412414506 neg 0.4351957367071704 __DUMMY__ 0.06939382205137892	false	0.5
stocken	neg 1.0		off 0.4965932720535276 neg 0.43372495960072427 __DUMMY__ 0.06968176834574814	false	0.5
isolieren	neg 1.0		off 0.49743702557335456 neg 0.433095971785041 __DUMMY__ 0.06946700264160424	false	0.5
unheilbar	neg 1.0		off 0.5019158998406152 neg 0.42868088206235927 __DUMMY__ 0.06940321809702549	false	0.5
pisser	off 1.0		off 0.507344154149963 neg 0.4242485806156078 __DUMMY__ 0.06840726523442911	false	1.0
löschen	neg 1.0		off 0.5013550678786085 neg 0.4292212418686093 __DUMMY__ 0.06942369025278218	false	0.5
durchfallen	neg 1.0		off 0.4953544730783819 neg 0.43553562170719123 __DUMMY__ 0.06910990521442698	false	0.5
wichser	off 1.0	off 1.0	off 0.744704153867053 neg 0.22293685532259105 __DUMMY__ 0.03235899081035582	false	1.0
terror	neg 1.0		off 0.5043515771655969 neg 0.4264881444991555 __DUMMY__ 0.06916027833524772	false	0.5
krass	neg 1.0		off 0.5084791721637204 neg 0.42319832000435176 __DUMMY__ 0.06832250783192784	false	0.5
revolte	neg 1.0		off 0.5026507914991557 neg 0.42820162706283826 __DUMMY__ 0.06914758143800603	false	0.5
besorgt	neg 1.0		off 0.5021126173416522 neg 0.42794951435714534 __DUMMY__ 0.06993786830120244	false	0.5
nachlassen	neg 1.0		off 0.4984553299705823 neg 0.43157537416086617 __DUMMY__ 0.06996929586855154	false	0.5
alt	neg 1.0		off 0.4984438452086731 neg 0.43209062461297365 __DUMMY__ 0.0694655301783533	false	0.5
hundesohn	off 1.0		off 0.5136491813568342 neg 0.4185942155618937 __DUMMY__ 0.06775660308127199	false	1.0
als			off 0.49815115022401274 neg 0.4324751034591634 __DUMMY__ 0.0693737463168239	false	0.0
abschreckung	neg 1.0		off 0.4943814622529939 neg 0.43590133950067617 __DUMMY__ 0.06971719824632995	false	0.5
unqualifiziert	neg 1.0		off 0.5019898208300698 neg 0.4294658148186782 __DUMMY__ 0.06854436435125193	false	0.5
abgewichst	off 1.0		off 0.5006683618959891 neg 0.4297687029828184 __DUMMY__ 0.06956293512119269	false	1.0
schwer	neg 1.0		off 0.4991438365795462 neg 0.4316885082078286 __DUMMY__ 0.06916765521262513	false	0.5
bedeutungslosigkeit	neg 1.0		off 0.49478624826700746 neg 0.4356642754330918 __DUMMY__ 0.06954947629990083	false	0.5
kapitulation	neg 1.0		off 0.4970088900963272 neg 0.43338907108425984 __DUMMY__ 0.0696020388194129	false	0.5
unscharf	neg 1.0		off 0.5017179858686532 neg 0.429481500681073 __DUMMY__ 0.0688005134502739	false	0.5
schwinden	neg 1.0		off 0.4961518830004278 neg 0.4340364208526869 __DUMMY__ 0.06981169614688533	false	0.5
versklavung	neg 1.0		off 0.5021295121474151 neg 0.4285114018254565 __DUMMY__ 0.06935908602712833	false	0.5
schlecht	neg 1.0		off 0.506939921814597 neg 0.4241969295939667 __DUMMY__ 0.06886314859143636	false	0.5
verhasst	neg 1.0		off 0.49954080764403147 neg 0.4317122412649167 __DUMMY__ 0.06874695109105179	false	0.5
beschweren	neg 1.0		off 0.5021162841493609 neg 0.42883712011158637 __DUMMY__ 0.06904659573905257	false	0.5
scheiden	neg 1.0		off 0.5020440883970192 neg 0.42845182333755794 __DUMMY__ 0.0695040882654228	false	0.5
frustriert	neg 1.0		off 0.4982045336370052 neg 0.4325736934109747 __DUMMY__ 0.06922177295202031	false	0.5
schimmelig	neg 1.0		off 0.4962858261932526 neg 0.4345535296738644 __DUMMY__ 0.06916064413288303	false	0.5
fisch	neg 1.0		off 0.4940394505397178 neg 0.436494087317891 __DUMMY__ 0.0694664621423913	false	0.5
schmuggel	neg 1.0		off 0.49648769904318885 neg 0.43381840290091556 __DUMMY__ 0.06969389805589554	false	0.5
auffallen	neg 1.0		off 0.5029438208821914 neg 0.428065001229072 __DUMMY__ 0.06899117788873663	false	0.5
konkurrenz	neg 1.0		off 0.4940023671999689 neg 0.4362569856632324 __DUMMY__ 0.06974064713679864	false	0.5
teufelskreis	neg 1.0		off 0.49912360274290357 neg 0.4317440865766152 __DUMMY__ 0.06913231068048124	false	0.5
aufschreien	neg 1.0		off 0.5021730662905903 neg 0.42898751922521355 __DUMMY__ 0.06883941448419618	false	0.5
schuldner	neg 1.0		off 0.4935465117988509 neg 0.4370023728959442 __DUMMY__ 0.06945111530520498	false	0.5
missgeburt	off 1.0	off 1.0	off 0.7423585044245753 neg 0.22516802482894285 __DUMMY__ 0.03247347074648181	false	1.0
arbeitslos	neg 1.0		off 0.4955793194066422 neg 0.43534588646634625 __DUMMY__ 0.06907479412701151	false	0.5
befallen	neg 1.0		off 0.501072351021365 neg 0.42925642193907376 __DUMMY__ 0.06967122703956106	false	0.5
miesepetrig	off 1.0	off 1.0	off 0.7399494440853542 neg 0.2271519007575929 __DUMMY__ 0.03289865515705294	false	1.0
alarmieren	neg 1.0		off 0.5039017934079724 neg 0.4273266943354339 __DUMMY__ 0.06877151225659375	false	0.5
ungeduscht	off 1.0		off 0.5036705363821508 neg 0.42763985128380366 __DUMMY__ 0.06868961233404564	false	1.0
knappheit	neg 1.0		off 0.49517045544138977 neg 0.43572151419714267 __DUMMY__ 0.0691080303614676	false	0.5
schlange	neg 1.0		off 0.5046468532062006 neg 0.4257932577485229 __DUMMY__ 0.06955988904527641	false	0.5
harsch	neg 1.0		off 0.51236819454879 neg 0.4188754484057396 __DUMMY__ 0.06875635704547037	false	0.5
lang	neg 1.0		off 0.5023595414044773 neg 0.42825325426109806 __DUMMY__ 0.0693872043344245	false	0.5
ziellos	neg 1.0		off 0.49844519723017733 neg 0.4318564291330379 __DUMMY__ 0.0696983736367848	false	0.5
selbstverliebt	neg 1.0		off 0.5136103573840027 neg 0.4189577893872036 __DUMMY__ 0.06743185322879361	false	0.5
beseitigen	neg 1.0		off 0.5002372217827077 neg 0.4302057880502905 __DUMMY__ 0.06955699016700184	false	0.5
dumm	off 1.0		off 0.5107936230471477 neg 0.42115643832907673 __DUMMY__ 0.06804993862377572	false	1.0
arbeitsloser	neg 1.0		off 0.49719086777344246 neg 0.43345050664970064 __DUMMY__ 0.06935862557685687	false	0.5
blitzen	neg 1.0		off 0.504393929554186 neg 0.4264677180125451 __DUMMY__ 0.06913835243326896	false	0.5
hilflos	neg 1.0		off 0.4981038861125394 neg 0.432596453935954 __DUMMY__ 0.0692996599515067	false	0.5
eklig	off 1.0		off 0.510399762961607 neg 0.4217827342138628 __DUMMY__ 0.06781750282453021	false	1.0
begriff			off 0.4991636926847209 neg 0.4316215565577862 __DUMMY__ 0.06921475075749281	false	0.0
hungersnot	neg 1.0		off 0.49956066383280673 neg 0.43074855101098086 __DUMMY__ 0.06969078515621249	false	0.5
ungesetzlich	neg 1.0		off 0.4980302013260937 neg 0.4332682184607292 __DUMMY__ 0.06870158021317711	false	0.5
verschwendung	neg 1.0		off 0.4960557908978401 neg 0.43437490531135325 __DUMMY__ 0.06956930379080681	false	0.5
schmerzvoll	neg 1.0		off 0.5024943109613912 neg 0.42834248738621655 __DUMMY__ 0.0691632016523923	false	0.5
vorzeitig	neg 1.0		off 0.5043705462584674 neg 0.42643445756519766 __DUMMY__ 0.06919499617633476	false	0.5
unvollkommenheit	neg 1.0		off 0.500715173805538 neg 0.4293332177448423 __DUMMY__ 0.06995160844961988	false	0.5
intervenieren	neg 1.0		off 0.49460760891450045 neg 0.43600523422478277 __DUMMY__ 0.06938715686071682	false	0.5
banause	off 1.0		off 0.5116283698782434 neg 0.4209524025959006 __DUMMY__ 0.067419227525856	false	1.0
rebell	neg 1.0		off 0.4927445722746317 neg 0.4374074209037502 __DUMMY__ 0.06984800682161808	false	0.5
unlogisch	neg 1.0		off 0.5065208036796478 neg 0.42524648001082366 __DUMMY__ 0.06823271630952846	false	0.5
leiden	neg 1.0		off 0.49648568413223687 neg 0.43366191984323055 __DUMMY__ 0.06985239602453251	false	0.5
abschaffung	neg 1.0		off 0.4999923739818541 neg 0.43088606094681475 __DUMMY__ 0.06912156507133128	false	0.5
sturz	neg 1.0		off 0.502224265123208 neg 0.42825073557307 __DUMMY__ 0.0695249993037221	false	0.5
verkleinerung	neg 1.0		off 0.5001416197207406 neg 0.43135518103826925 __DUMMY__ 0.06850319924099027	false	0.5
schmarotzer	off 1.0		off 0.4955648602754797 neg 0.43554227013601365 __DUMMY__ 0.06889286958850667	false	1.0
bestrafung	neg 1.0		off 0.5021008877509088 neg 0.42863152228789564 __DUMMY__ 0.06926758996119554	false	0.5
achtlos	neg 1.0	neg 1.0	neg 0.6996405852568567 off 0.26711179685332637 __DUMMY__ 0.03324761788981694	false	1.0
ungeheuer	neg 1.0		off 0.504001514345677 neg 0.42677317137073684 __DUMMY__ 0.06922531428358625	false	0.5
unaufrichtig	neg 1.0		off 0.5049303245464204 neg 0.4258063518349372 __DUMMY__ 0.06926332361864235	false	0.5
groggy	neg 1.0		off 0.5042909193588835 neg 0.4265485111381297 __DUMMY__ 0.06916056950298685	false	0.5
verletzlich	neg 1.0		off 0.5051723112837397 neg 0.42635502383988416 __DUMMY__ 0.06847266487637617	false	0.5
