unsolidarisch	neg 1.0		__DUMMY__ 0.4717152911015067 off 0.281830524346301 neg 0.24645418455219228	false	0.5
nachteilig	neg 1.0		__DUMMY__ 0.47581310726840925 off 0.2780089038856309 neg 0.2461779888459598	false	0.5
skeptisch	neg 1.0		__DUMMY__ 0.4760726820424185 off 0.277374473040458 neg 0.24655284491712348	false	0.5
schrecklich	neg 1.0		__DUMMY__ 0.46914370065498445 off 0.2935513652142238 neg 0.23730493413079173	false	0.5
schlapp	neg 1.0		__DUMMY__ 0.471657720470522 off 0.2893332023592243 neg 0.23900907717025377	false	0.5
abfall	neg 1.0		__DUMMY__ 0.47968286454022874 off 0.27432670361978745 neg 0.24599043183998393	false	0.5
widerspenstig	neg 1.0		__DUMMY__ 0.47455245881710206 off 0.2836362759609893 neg 0.2418112652219088	false	0.5
abrupt	neg 1.0		__DUMMY__ 0.47850673971574076 off 0.2794922710584484 neg 0.2420009892258109	false	0.5
unwirksam	neg 1.0		__DUMMY__ 0.4707299377880119 off 0.28138315673975434 neg 0.2478869054722337	false	0.5
angreifen	neg 1.0		__DUMMY__ 0.47630593503173524 off 0.2774564283216151 neg 0.24623763664664983	false	0.5
inkonsistent	neg 1.0		__DUMMY__ 0.4732839702664643 off 0.28413570744983946 neg 0.24258032228369633	false	0.5
abrutschen	neg 1.0		__DUMMY__ 0.4776857441984735 off 0.2740590261425532 neg 0.24825522965897326	false	0.5
unsicher	neg 1.0		__DUMMY__ 0.47500612745500265 off 0.2833244895254153 neg 0.24166938301958218	false	0.5
bauernkind	off 1.0	off 1.0	off 0.6360266222885061 __DUMMY__ 0.22523724590383165 neg 0.13873613180766217	false	1.0
angreifer	neg 1.0	neg 1.0	neg 0.6055280570266438 __DUMMY__ 0.23205743087189823 off 0.16241451210145796	false	1.0
trennen	neg 1.0		__DUMMY__ 0.4787697616858811 off 0.27810734046892094 neg 0.24312289784519814	false	0.5
schmutz	neg 1.0		__DUMMY__ 0.47822883009798983 off 0.2870716045749768 neg 0.2346995653270335	false	0.5
inkonsistenz	neg 1.0		__DUMMY__ 0.4674710643888419 off 0.28743359076986547 neg 0.2450953448412927	false	0.5
erschreckend	neg 1.0		__DUMMY__ 0.47356359066262266 off 0.28184423213267307 neg 0.2445921772047043	false	0.5
ertrinken	neg 1.0		__DUMMY__ 0.47772467232951865 off 0.2787187914437288 neg 0.2435565362267525	false	0.5
pickelface	off 1.0		__DUMMY__ 0.47567000025826317 off 0.28255827107926473 neg 0.24177172866247215	false	1.0
seiner			__DUMMY__ 0.476644970346446 off 0.27806005757866836 neg 0.24529497207488554	false	0.0
lauch	neg 1.0		__DUMMY__ 0.47943104457014346 off 0.2755190346225046 neg 0.245049920807352	false	0.5
unwichtig	neg 1.0		__DUMMY__ 0.47027452357023325 off 0.2881331385792578 neg 0.2415923378505089	false	0.5
steuerhinterziehung	neg 1.0	neg 1.0	neg 0.6096382403757499 __DUMMY__ 0.23146072507576518 off 0.158901034548485	false	1.0
schock	neg 1.0		__DUMMY__ 0.4758217821549821 off 0.2826647288883339 neg 0.24151348895668406	false	0.5
beule	neg 1.0		__DUMMY__ 0.4709204999522448 off 0.2903936513683258 neg 0.23868584867942924	false	0.5
vergelten	neg 1.0		__DUMMY__ 0.4718048400823764 off 0.29304289063337574 neg 0.23515226928424787	false	0.5
verdorbenheit	neg 1.0		__DUMMY__ 0.47634501686934944 off 0.2848539378865162 neg 0.23880104524413442	false	0.5
trauma	neg 1.0		__DUMMY__ 0.47431233276926393 off 0.28449196911153807 neg 0.2411956981191979	false	0.5
sinnlos	neg 1.0		__DUMMY__ 0.473390205099597 off 0.28582262191920127 neg 0.24078717298120159	false	0.5
fettsack	off 1.0	off 1.0	off 0.6372137576148349 __DUMMY__ 0.22608663102582888 neg 0.13669961135933625	false	1.0
feige	off 1.0	off 1.0	off 0.6337746770691188 __DUMMY__ 0.2284118235187191 neg 0.13781349941216212	false	1.0
abdanken	neg 1.0		__DUMMY__ 0.4748850419817051 off 0.2825253792381328 neg 0.24258957878016205	false	0.5
wichtigtuer	off 1.0	off 1.0	off 0.6322866509678126 __DUMMY__ 0.22947698311324374 neg 0.1382363659189437	false	1.0
misslingen	neg 1.0		__DUMMY__ 0.4777853285581376 off 0.2852057088852447 neg 0.23700896255661769	false	0.5
untreu	off 1.0		__DUMMY__ 0.4709700406243421 off 0.28914851122290736 neg 0.23988144815275053	false	1.0
missmutig	neg 1.0		__DUMMY__ 0.4724845516433026 off 0.28885314883692376 neg 0.23866229951977364	false	0.5
hurenbock	off 1.0		__DUMMY__ 0.47576400033598826 off 0.28648328754263863 neg 0.23775271212137314	false	1.0
betrunken	neg 1.0		__DUMMY__ 0.4709755639269492 off 0.2913548106525234 neg 0.23766962542052741	false	0.5
korrupt	off 1.0		__DUMMY__ 0.4727523532312686 off 0.27927401932398566 neg 0.2479736274447456	false	1.0
unmut	neg 1.0		__DUMMY__ 0.47826426907663055 off 0.2744372065766674 neg 0.24729852434670208	false	0.5
hackfresse	off 1.0		__DUMMY__ 0.4661834091166034 off 0.29713082919989847 neg 0.2366857616834983	false	1.0
aufblasen	neg 1.0		__DUMMY__ 0.4744570080406534 off 0.28577513833028306 neg 0.23976785362906367	false	0.5
gewaltsam	neg 1.0		__DUMMY__ 0.47622434045596723 off 0.28204730124326866 neg 0.24172835830076414	false	0.5
unbeliebtheit	neg 1.0		__DUMMY__ 0.46942021484843993 off 0.28652978812983965 neg 0.24404999702172026	false	0.5
sturheit	neg 1.0		__DUMMY__ 0.474221410254982 off 0.28136452088042785 neg 0.24441406886459005	false	0.5
kuh	neg 1.0		__DUMMY__ 0.4690133208513088 off 0.28431921181932973 neg 0.24666746732936126	false	0.5
erschrecken	neg 1.0		__DUMMY__ 0.47332398384433827 off 0.28879598767213355 neg 0.23788002848352824	false	0.5
opfer	neg 1.0		__DUMMY__ 0.47624829066621804 off 0.27936669420453286 neg 0.2443850151292492	false	0.5
sinken	neg 1.0		__DUMMY__ 0.47868507724388093 off 0.27544746756468763 neg 0.24586745519143147	false	0.5
stinktier	neg 1.0		__DUMMY__ 0.4643151419493754 off 0.292549228284291 neg 0.24313562976633363	false	0.5
tucke	off 1.0		__DUMMY__ 0.4653344590590796 off 0.2984121460238402 neg 0.23625339491708022	false	1.0
ein			__DUMMY__ 0.4738375669181112 off 0.28441788348670727 neg 0.24174454959518146	false	0.0
abstieg	neg 1.0		__DUMMY__ 0.4767182665906409 off 0.2780991360008198 neg 0.24518259740853937	false	0.5
missverstehen	neg 1.0		__DUMMY__ 0.47055226365606023 off 0.2856833288829086 neg 0.24376440746103104	false	0.5
ergebnislos	neg 1.0		__DUMMY__ 0.4768878624561672 off 0.2777462395731656 neg 0.24536589797066724	false	0.5
unter			__DUMMY__ 0.4828034356478244 off 0.2699525260314651 neg 0.24724403832071054	false	0.0
manipulieren	neg 1.0		__DUMMY__ 0.47746906166616276 off 0.27749453674633473 neg 0.24503640158750245	false	0.5
unbewiesen	neg 1.0		__DUMMY__ 0.4710592409226189 off 0.2815173148302726 neg 0.2474234442471085	false	0.5
verschleppen	neg 1.0		__DUMMY__ 0.4752069222571977 off 0.27931250757980114 neg 0.24548057016300115	false	0.5
weib	off 1.0		__DUMMY__ 0.4635352337253026 off 0.2970040393593399 neg 0.2394607269153576	false	1.0
opposition	neg 1.0		__DUMMY__ 0.4721848385763267 off 0.2843690123209572 neg 0.24344614910271617	false	0.5
verkehrswidrig	neg 1.0		__DUMMY__ 0.4724116422909438 off 0.2947265032607313 neg 0.232861854448325	false	0.5
inkorrekt	neg 1.0		__DUMMY__ 0.4676285655539224 off 0.29195544633228515 neg 0.24041598811379236	false	0.5
vermeiden	neg 1.0		__DUMMY__ 0.47955555488574014 off 0.27283573872179073 neg 0.2476087063924693	false	0.5
abweichung	neg 1.0		__DUMMY__ 0.47506898328059366 off 0.27864367613182905 neg 0.24628734058757729	false	0.5
alkoholisiert	neg 1.0		__DUMMY__ 0.4772913533673269 off 0.278430423557617 neg 0.24427822307505614	false	0.5
scheiss	off 1.0	off 1.0	off 0.6344328100612767 __DUMMY__ 0.22903770690797487 neg 0.13652948303074847	false	1.0
herausforderung	neg 1.0		__DUMMY__ 0.4772167561193308 off 0.27780634991271075 neg 0.24497689396795852	false	0.5
pervers	off 1.0		__DUMMY__ 0.46394160468854806 off 0.3007789288559097 neg 0.23527946645554215	false	1.0
wackelig	neg 1.0		__DUMMY__ 0.47771160486012443 off 0.28194846589010764 neg 0.24033992924976796	false	0.5
verwickeln	neg 1.0		__DUMMY__ 0.4709272099600675 off 0.2851130753874581 neg 0.24395971465247443	false	0.5
vorwand	neg 1.0		__DUMMY__ 0.47653229431055233 off 0.2769238223837885 neg 0.24654388330565918	false	0.5
muschi	off 1.0		__DUMMY__ 0.47537775598549803 off 0.28260184761158064 neg 0.24202039640292144	false	1.0
entmutigung	neg 1.0		__DUMMY__ 0.4731014473539111 off 0.28425466539714694 neg 0.24264388724894206	false	0.5
unangemessen	neg 1.0		__DUMMY__ 0.47265328413759566 off 0.2803248044779747 neg 0.24702191138442964	false	0.5
unstetig	neg 1.0		__DUMMY__ 0.4728485882002022 off 0.28612756604111966 neg 0.2410238457586781	false	0.5
entmutigen	neg 1.0		__DUMMY__ 0.47386106481991497 off 0.28429763778512507 neg 0.24184129739496002	false	0.5
schwanz	neg 1.0		__DUMMY__ 0.47670906145010616 off 0.279865200816676 neg 0.2434257377332179	false	0.5
verbot	neg 1.0		__DUMMY__ 0.47491587615134045 off 0.2796577230737365 neg 0.245426400774923	false	0.5
leid	neg 1.0		__DUMMY__ 0.46702328010101274 off 0.29483833287648525 neg 0.23813838702250203	false	0.5
archaisch	neg 1.0		__DUMMY__ 0.47463407177357736 off 0.28156524720253545 neg 0.24380068102388722	false	0.5
gegen			__DUMMY__ 0.4781132348163523 off 0.2752725252030496 neg 0.24661423998059803	false	0.0
scheidung	neg 1.0		__DUMMY__ 0.4660112409087064 off 0.30722726053111254 neg 0.22676149856018113	false	0.5
einschlag	neg 1.0		__DUMMY__ 0.46997987171722194 off 0.2922286891516609 neg 0.23779143913111733	false	0.5
m			__DUMMY__ 0.4763941262622785 off 0.28094826689668373 neg 0.24265760684103763	false	0.0
abgestanden	neg 1.0		__DUMMY__ 0.4731766448155942 off 0.28368563468699615 neg 0.24313772049740967	false	0.5
schmierig	off 1.0		__DUMMY__ 0.46901729541987475 off 0.29474241396787904 neg 0.2362402906122463	false	1.0
unpraktisch	neg 1.0		__DUMMY__ 0.4735282305895377 off 0.28496986737580227 neg 0.24150190203465993	false	0.5
wixxer	off 1.0		__DUMMY__ 0.46248533415671517 off 0.30040900405539883 neg 0.23710566178788586	false	1.0
bezeichnet			__DUMMY__ 0.4721734409701383 off 0.2824196883965845 neg 0.24540687063327718	false	0.0
jammerlappen	off 1.0		__DUMMY__ 0.47204717412982294 off 0.2889599351936642 neg 0.23899289067651297	false	1.0
farce	neg 1.0		__DUMMY__ 0.4739471791744029 off 0.2805918458443305 neg 0.24546097498126668	false	0.5
zwecklos	neg 1.0		__DUMMY__ 0.4740265964375514 off 0.28049458003988326 neg 0.24547882352256545	false	0.5
turbulent	neg 1.0		__DUMMY__ 0.47044376501846263 off 0.29036822545550683 neg 0.23918800952603048	false	0.5
invasion	neg 1.0		__DUMMY__ 0.47268801020852874 off 0.28521770412079467 neg 0.2420942856706767	false	0.5
schuld	neg 1.0		__DUMMY__ 0.472500938606867 off 0.2839728667757235 neg 0.24352619461740954	false	0.5
risiko	neg 1.0	neg 1.0	neg 0.6057446349277174 __DUMMY__ 0.23229442365963507 off 0.16196094141264752	false	1.0
finster	neg 1.0		__DUMMY__ 0.47184608132459743 off 0.2839998073817853 neg 0.24415411129361722	false	0.5
geisteskrank	off 1.0		__DUMMY__ 0.46785766892475855 off 0.289605966631499 neg 0.24253636444374246	false	1.0
zusammenbrechen	neg 1.0		__DUMMY__ 0.4751079484204555 off 0.28108375474013475 neg 0.2438082968394096	false	0.5
ausbeute	neg 1.0		__DUMMY__ 0.4810935632354273 off 0.2813901855635661 neg 0.23751625120100667	false	0.5
hinterhalt	neg 1.0		__DUMMY__ 0.48054965761990004 off 0.2836853337767582 neg 0.23576500860334176	false	0.5
kritik	neg 1.0		__DUMMY__ 0.47384271558640695 off 0.2802887207666758 neg 0.2458685636469173	false	0.5
einschrumpfen	neg 1.0		__DUMMY__ 0.47106077005878805 off 0.2872970598806608 neg 0.24164217006055122	false	0.5
riskant	neg 1.0		__DUMMY__ 0.4751628304339383 off 0.27776674997777956 neg 0.2470704195882822	false	0.5
frustrieren	neg 1.0		__DUMMY__ 0.4750699384199962 off 0.278907235380549 neg 0.24602282619945492	false	0.5
groll	neg 1.0		__DUMMY__ 0.47413439481076947 off 0.27991432186749193 neg 0.2459512833217386	false	0.5
gibt			__DUMMY__ 0.47515161976761927 off 0.2811730442536635 neg 0.24367533597871713	false	0.0
qualvoll	neg 1.0		__DUMMY__ 0.4736546675236381 off 0.2872243352858514 neg 0.23912099719051044	false	0.5
wackeln	neg 1.0		__DUMMY__ 0.4760781891484089 off 0.285181481361069 neg 0.23874032949052226	false	0.5
klagen	neg 1.0		__DUMMY__ 0.4772663384715405 off 0.2750203232841808 neg 0.24771333824427863	false	0.5
bankrott	neg 1.0		__DUMMY__ 0.4734628036407944 off 0.28873150171727047 neg 0.23780569464193516	false	0.5
trauern	neg 1.0		__DUMMY__ 0.47831615594075383 off 0.27969027591357054 neg 0.2419935681456755	false	0.5
ablehnung	neg 1.0		__DUMMY__ 0.4737279594637177 off 0.27984751585253076 neg 0.2464245246837517	false	0.5
stur	neg 1.0		__DUMMY__ 0.47220055472614997 off 0.28405137577676765 neg 0.24374806949708244	false	0.5
aufruhr	neg 1.0		__DUMMY__ 0.4750367346293718 off 0.282018268851054 neg 0.2429449965195742	false	0.5
melancholie	neg 1.0		__DUMMY__ 0.47645268799908863 off 0.28001261057035376 neg 0.24353470143055764	false	0.5
ist			__DUMMY__ 0.4732267185605437 off 0.28540067465322094 neg 0.2413726067862354	false	0.0
torheit	neg 1.0		__DUMMY__ 0.4741393722540199 off 0.28360416072219596 neg 0.24225646702378406	false	0.5
dreckskind	off 1.0		__DUMMY__ 0.4652372966804664 off 0.2954174733871447 neg 0.23934522993238888	false	1.0
umtauschen	neg 1.0		__DUMMY__ 0.4744908962578834 off 0.2828706213081177 neg 0.24263848243399894	false	0.5
zum			__DUMMY__ 0.4825550163475051 off 0.27418754163071835 neg 0.24325744202177663	false	0.0
zersetzen	neg 1.0		__DUMMY__ 0.4757293471630029 off 0.27697253934204435 neg 0.2472981134949527	false	0.5
zur			__DUMMY__ 0.48106168006736827 off 0.2727004831484587 neg 0.24623783678417308	false	0.0
frust	neg 1.0		__DUMMY__ 0.4753967399836154 off 0.2811793909303517 neg 0.2434238690860329	false	0.5
unerbittlichkeit	neg 1.0		__DUMMY__ 0.4764965568174984 off 0.27724277374584105 neg 0.24626066943666045	false	0.5
zwei			__DUMMY__ 0.48126980004056064 off 0.27511190117703 neg 0.24361829878240945	false	0.0
unkorrekt	neg 1.0		__DUMMY__ 0.468646407442565 off 0.29185429234381793 neg 0.23949930021361696	false	0.5
hexe	off 1.0		__DUMMY__ 0.46940086074214993 off 0.2882886922337033 neg 0.24231044702414678	false	1.0
lasch	neg 1.0		__DUMMY__ 0.4701113179496098 off 0.28677851692385514 neg 0.2431101651265351	false	0.5
rivale	neg 1.0		__DUMMY__ 0.4703045805907709 off 0.2914181197198531 neg 0.2382772996893758	false	0.5
mutlos	off 1.0	off 1.0	off 0.6278564647959235 __DUMMY__ 0.23160548589271687 neg 0.1405380493113596	false	1.0
wirr	off 1.0		__DUMMY__ 0.4682402869106537 off 0.29288409235747365 neg 0.2388756207318728	false	1.0
jahr			__DUMMY__ 0.4814864349114528 off 0.2785209290104055 neg 0.23999263607814167	false	0.0
wird			__DUMMY__ 0.47532911572266556 off 0.2797573278512871 neg 0.2449135564260474	false	0.0
strafbar	neg 1.0		__DUMMY__ 0.4749893462460456 off 0.2782742014186127 neg 0.24673645233534164	false	0.5
erosion	neg 1.0		__DUMMY__ 0.47604092277296306 off 0.2840287906705368 neg 0.23993028655650023	false	0.5
eingehen	neg 1.0		__DUMMY__ 0.47477477821615527 off 0.27846179011690275 neg 0.24676343166694203	false	0.5
faul	off 1.0		__DUMMY__ 0.4729427734085824 off 0.2884868606053954 neg 0.23857036598602227	false	1.0
provisorium	neg 1.0		__DUMMY__ 0.48295201808492627 off 0.27074356154125545 neg 0.24630442037381833	false	0.5
schmerzen	neg 1.0		__DUMMY__ 0.4739962985113199 off 0.28177665571904903 neg 0.24422704576963108	false	0.5
schrumpfen	neg 1.0		__DUMMY__ 0.47823985538505137 off 0.2719844449726344 neg 0.24977569964231405	false	0.5
geistlos	off 1.0		__DUMMY__ 0.46998147204015855 off 0.28515887862611033 neg 0.24485964933373108	false	1.0
fehlkauf	neg 1.0		__DUMMY__ 0.4746414296808352 off 0.2859559964776077 neg 0.23940257384155708	false	0.5
frustrierend	neg 1.0		__DUMMY__ 0.47190249415302815 off 0.28753564216569094 neg 0.24056186368128088	false	0.5
unzufrieden	neg 1.0		__DUMMY__ 0.47370533742639154 off 0.27988696264873963 neg 0.24640769992486874	false	0.5
verzweifeln	neg 1.0		__DUMMY__ 0.4744276294835454 off 0.28196947930280447 neg 0.24360289121365017	false	0.5
verzweifelt	neg 1.0	neg 1.0	neg 0.6090646901728118 __DUMMY__ 0.22978042090364778 off 0.16115488892354043	false	1.0
misstrauensantrag	neg 1.0		__DUMMY__ 0.4728735032772126 off 0.28552265866952753 neg 0.24160383805326	false	0.5
abfallen	neg 1.0		__DUMMY__ 0.4754708775385911 off 0.28496211520924436 neg 0.23956700725216465	false	0.5
fucker	off 1.0		__DUMMY__ 0.47112651994254046 off 0.292486075427095 neg 0.23638740463036464	false	1.0
ungezogen	neg 1.0		__DUMMY__ 0.46481965164785183 off 0.29994991262852794 neg 0.23523043572362023	false	0.5
irrsinnig	neg 1.0	neg 1.0	neg 0.608617092231356 __DUMMY__ 0.230108513209263 off 0.16127439455938103	false	1.0
unfassbar	neg 1.0		__DUMMY__ 0.471196255696266 off 0.29016021015006355 neg 0.2386435341536706	false	0.5
hart	neg 1.0		__DUMMY__ 0.4714048668484368 off 0.2897442598773109 neg 0.23885087327425222	false	0.5
widerlich	off 1.0		__DUMMY__ 0.46900964253649136 off 0.29010255688711006 neg 0.24088780057639841	false	1.0
fatal	neg 1.0		__DUMMY__ 0.4735480427961375 off 0.2860968935719024 neg 0.24035506363196016	false	0.5
bruch	neg 1.0		__DUMMY__ 0.47751421920659165 off 0.27558202440107005 neg 0.24690375639233825	false	0.5
aushungern	neg 1.0		__DUMMY__ 0.47603441659258616 off 0.2813537675106744 neg 0.24261181589673944	false	0.5
anspannung	neg 1.0		__DUMMY__ 0.4814791545896823 off 0.2738187041404702 neg 0.2447021412698475	false	0.5
von			__DUMMY__ 0.4828685912428231 off 0.2791587364252385 neg 0.23797267233193842	false	0.0
kraftlos	neg 1.0		__DUMMY__ 0.4762071838467197 off 0.2808649290778376 neg 0.24292788707544277	false	0.5
vom			__DUMMY__ 0.4839666626676333 off 0.2718247836480904 neg 0.2442085536842763	false	0.0
grenzdebil	off 1.0		__DUMMY__ 0.47153751923694903 off 0.29081234648640575 neg 0.23765013427664525	false	1.0
vor			__DUMMY__ 0.4789143472640768 off 0.2770577747697724 neg 0.24402787796615089	false	0.0
unterwerfen	neg 1.0		__DUMMY__ 0.47602940920583414 off 0.27921042069466895 neg 0.24476017009949694	false	0.5
versenkung	neg 1.0		__DUMMY__ 0.4770348474628233 off 0.2797078294717814 neg 0.2432573230653953	false	0.5
entziehen	neg 1.0		__DUMMY__ 0.4771150983139742 off 0.2756234425669305 neg 0.24726145911909525	false	0.5
finanzkrise	neg 1.0		__DUMMY__ 0.4736490297153094 off 0.28146046182198525 neg 0.2448905084627053	false	0.5
schimpfend	neg 1.0		__DUMMY__ 0.4733479401449583 off 0.285565063578662 neg 0.2410869962763796	false	0.5
profan	neg 1.0		__DUMMY__ 0.47191613453372466 off 0.2859351312785519 neg 0.24214873418772329	false	0.5
korruption	neg 1.0		__DUMMY__ 0.47533744014678025 off 0.2795583203568537 neg 0.24510423949636614	false	0.5
â			__DUMMY__ 0.4775284193705104 off 0.28078213782967487 neg 0.24168944279981472	false	0.0
schmutzig	neg 1.0		__DUMMY__ 0.47199747954022303 off 0.2916090013600617 neg 0.23639351909971534	false	0.5
sexy	neg 1.0		__DUMMY__ 0.47339878556644127 off 0.28780698023440826 neg 0.23879423419915038	false	0.5
abraten	neg 1.0		__DUMMY__ 0.4730941406356378 off 0.28551014078875436 neg 0.24139571857560774	false	0.5
schwarz	neg 1.0		__DUMMY__ 0.4735487596300245 off 0.28513864053178056 neg 0.2413125998381948	false	0.5
fotze	off 1.0	off 1.0	off 0.6296625414450786 __DUMMY__ 0.23256102341086798 neg 0.13777643514405347	false	1.0
verwirren	neg 1.0		__DUMMY__ 0.4724231942474743 off 0.2867659694388649 neg 0.2408108363136608	false	0.5
zahnlos	off 1.0		__DUMMY__ 0.4739036490806156 off 0.28104396140674254 neg 0.24505238951264194	false	1.0
verheeren	neg 1.0		__DUMMY__ 0.4665314115321604 off 0.3023970802128916 neg 0.23107150825494804	false	0.5
hippie	neg 1.0		__DUMMY__ 0.47352893661083306 off 0.2873962861581546 neg 0.23907477723101236	false	0.5
rammen	neg 1.0		__DUMMY__ 0.47244985183110494 off 0.2845459292052475 neg 0.24300421896364763	false	0.5
unlauter	neg 1.0		__DUMMY__ 0.47103004836592244 off 0.28311408210130606 neg 0.24585586953277158	false	0.5
unheilvoll	neg 1.0		__DUMMY__ 0.4743897117828729 off 0.285888315366035 neg 0.23972197285109223	false	0.5
niedrig	neg 1.0		__DUMMY__ 0.4749132316829629 off 0.2772143726888721 neg 0.24787239562816504	false	0.5
explosion	neg 1.0		__DUMMY__ 0.47320134488568916 off 0.2866042673804885 neg 0.24019438773382223	false	0.5
weichei	off 1.0	off 1.0	off 0.6378139456716625 __DUMMY__ 0.2270191061342836 neg 0.13516694819405384	false	1.0
minusmensch	off 1.0		__DUMMY__ 0.464184325471976 off 0.29801097258712506 neg 0.23780470194089892	false	1.0
farblos	neg 1.0		__DUMMY__ 0.4758320756826917 off 0.2834660009986945 neg 0.24070192331861381	false	0.5
unwissend	neg 1.0	neg 1.0	neg 0.6073677048564688 __DUMMY__ 0.22886672927986795 off 0.1637655658636632	false	1.0
traurig	neg 1.0		__DUMMY__ 0.46991578820817287 off 0.2928790066250678 neg 0.2372052051667593	false	0.5
senkung	neg 1.0		__DUMMY__ 0.47063140939095116 off 0.28530999746388125 neg 0.2440585931451676	false	0.5
ungleich	neg 1.0	neg 1.0	neg 0.6108947279963765 __DUMMY__ 0.23168055228775597 off 0.15742471971586758	false	1.0
heikel	neg 1.0		__DUMMY__ 0.4748552559170745 off 0.2775732135958099 neg 0.24757153048711567	false	0.5
drosselung	neg 1.0		__DUMMY__ 0.47101778037210035 off 0.2904043851807561 neg 0.23857783444714367	false	0.5
falsch	neg 1.0		__DUMMY__ 0.4710508216102726 off 0.28746222639816105 neg 0.24148695199156642	false	0.5
unzufriedenheit	neg 1.0		__DUMMY__ 0.47684863555047163 off 0.2764876796421363 neg 0.24666368480739215	false	0.5
kurz	neg 1.0		__DUMMY__ 0.4767619588084242 off 0.28226453867093626 neg 0.2409735025206395	false	0.5
unsinnig	neg 1.0		__DUMMY__ 0.4730440863521294 off 0.28094791967949867 neg 0.24600799396837192	false	0.5
penner	off 1.0	off 1.0	off 0.638899299400342 __DUMMY__ 0.22688012372634414 neg 0.13422057687331393	false	1.0
seicht	neg 1.0		__DUMMY__ 0.46383177966770833 off 0.29880658287691125 neg 0.23736163745538036	false	0.5
dummheit	off 1.0	off 1.0	off 0.6325263722175093 __DUMMY__ 0.22944820201325972 neg 0.13802542576923107	false	1.0
unerfreulich	neg 1.0		__DUMMY__ 0.47646831678351037 off 0.2771713541623417 neg 0.24636032905414806	false	0.5
motherfucker	off 1.0	off 1.0	off 0.6356393395160889 __DUMMY__ 0.22934636819737098 neg 0.13501429228654008	false	1.0
pikiert	neg 1.0		__DUMMY__ 0.47009054215495105 off 0.28956939545512056 neg 0.24034006238992842	false	0.5
wrack	neg 1.0		__DUMMY__ 0.4769825857588099 off 0.2813977449082963 neg 0.2416196693328938	false	0.5
gangster	neg 1.0		__DUMMY__ 0.4734466575846715 off 0.2874409349432435 neg 0.23911240747208495	false	0.5
krank	neg 1.0		__DUMMY__ 0.471467852427908 off 0.29074021306591247 neg 0.23779193450617958	false	0.5
reich	neg 1.0		__DUMMY__ 0.4738204442132138 off 0.2902333214761181 neg 0.23594623431066805	false	0.5
gnadenlos	neg 1.0		__DUMMY__ 0.47312451836499003 off 0.2843584876421927 neg 0.24251699399281718	false	0.5
niedergeschlagen	neg 1.0		__DUMMY__ 0.4758400164857779 off 0.2820525073771593 neg 0.24210747613706282	false	0.5
terrorisieren	off 1.0	off 1.0	off 0.6284352621056589 __DUMMY__ 0.232507412131202 neg 0.13905732576313912	false	1.0
sinnlosigkeit	neg 1.0		__DUMMY__ 0.47449131204111866 off 0.28064883151715275 neg 0.24485985644172856	false	0.5
behindern	neg 1.0		__DUMMY__ 0.47529594429892397 off 0.28269589869044914 neg 0.24200815701062695	false	0.5
undemokratisch	neg 1.0		__DUMMY__ 0.47318627587397377 off 0.284000569715795 neg 0.24281315441023127	false	0.5
wirtschaftskrise	neg 1.0		__DUMMY__ 0.4749618279762807 off 0.2791681446971305 neg 0.24587002732658877	false	0.5
neid	neg 1.0		__DUMMY__ 0.4729807525970364 off 0.2881018282198155 neg 0.2389174191831481	false	0.5
rutschen	neg 1.0		__DUMMY__ 0.4820511333380664 off 0.2753194641506493 neg 0.24262940251128418	false	0.5
rezession	neg 1.0		__DUMMY__ 0.46555962608414 off 0.2914260970601355 neg 0.2430142768557246	false	0.5
fehlgeburt	neg 1.0		__DUMMY__ 0.4746867781304544 off 0.2858539242766336 neg 0.239459297592912	false	0.5
charakterschwach	off 1.0		__DUMMY__ 0.4691637849311024 off 0.28989931863051677 neg 0.24093689643838082	false	1.0
isolation	neg 1.0		__DUMMY__ 0.4725892099213095 off 0.2874975163243375 neg 0.2399132737543529	false	0.5
ablenkung	neg 1.0		__DUMMY__ 0.47483112921399867 off 0.2835949841435938 neg 0.24157388664240748	false	0.5
pech	neg 1.0		__DUMMY__ 0.47110835769670767 off 0.28694747573708906 neg 0.24194416656620318	false	0.5
vermeidung	neg 1.0		__DUMMY__ 0.4718881242246132 off 0.29097382574311287 neg 0.23713805003227395	false	0.5
dominieren	neg 1.0		__DUMMY__ 0.4769976187077356 off 0.27931426243691326 neg 0.2436881188553513	false	0.5
schwindlig	neg 1.0		__DUMMY__ 0.4742075488867967 off 0.2863041720957478 neg 0.23948827901745545	false	0.5
lutscher	neg 1.0		__DUMMY__ 0.46428508091946075 off 0.2995958716139 neg 0.23611904746663917	false	0.5
pflicht	neg 1.0		__DUMMY__ 0.4757608730898489 off 0.2764112911650759 neg 0.24782783574507522	false	0.5
faschist	off 1.0		__DUMMY__ 0.47241493829055353 off 0.28700376170144953 neg 0.24058130000799693	false	1.0
verschleudern	neg 1.0		__DUMMY__ 0.4749430275258489 off 0.27741489742229253 neg 0.24764207505185862	false	0.5
wenn			__DUMMY__ 0.47183192306663296 off 0.28802024632302253 neg 0.2401478306103444	false	0.0
ehebruch	neg 1.0		__DUMMY__ 0.4760541131813979 off 0.2798443534287834 neg 0.2441015333898187	false	0.5
spott	off 1.0		__DUMMY__ 0.4752464942358992 off 0.27880158943158695 neg 0.24595191633251384	false	1.0
trostlosigkeit	neg 1.0		__DUMMY__ 0.4788609196728844 off 0.2771338901486695 neg 0.24400519017844594	false	0.5
lutschen	neg 1.0		__DUMMY__ 0.4718031261474775 off 0.2873440928201754 neg 0.240852781032347	false	0.5
undiszipliniert	neg 1.0		__DUMMY__ 0.46930559238361186 off 0.2919149679596857 neg 0.23877943965670248	false	0.5
kopfschmerz	neg 1.0		__DUMMY__ 0.47475347707847976 off 0.28078785475679896 neg 0.24445866816472137	false	0.5
unvorhergesehen	neg 1.0		__DUMMY__ 0.479189575039277 off 0.27902417677146063 neg 0.24178624818926225	false	0.5
desinteressiert	neg 1.0		__DUMMY__ 0.4696061874963258 off 0.2913947305619582 neg 0.23899908194171593	false	0.5
armselig	off 1.0		__DUMMY__ 0.46757944799610596 off 0.29207372716962265 neg 0.24034682483427144	false	1.0
desaster	neg 1.0		__DUMMY__ 0.477732792872977 off 0.2749219763845177 neg 0.24734523074250536	false	0.5
tod	neg 1.0		__DUMMY__ 0.48002333513237744 off 0.28197215556593125 neg 0.2380045093016914	false	0.5
herzlos	neg 1.0		__DUMMY__ 0.4689976971884495 off 0.29262241666738387 neg 0.23837988614416658	false	0.5
unwissenheit	neg 1.0		__DUMMY__ 0.4745717914107162 off 0.2802596163589008 neg 0.24516859223038287	false	0.5
widersinnig	neg 1.0		__DUMMY__ 0.4721729306893126 off 0.27927040250316093 neg 0.24855666680752647	false	0.5
bedenklich	neg 1.0		__DUMMY__ 0.4744277232020458 off 0.2789662424469404 neg 0.24660603435101372	false	0.5
beanstanden	neg 1.0		__DUMMY__ 0.4763261197606338 off 0.276186111251815 neg 0.24748776898755118	false	0.5
panisch	neg 1.0	neg 1.0	neg 0.6050967914826105 __DUMMY__ 0.2319500943873134 off 0.16295311413007602	false	1.0
debil	off 1.0		__DUMMY__ 0.4826221516513265 off 0.27182978092803234 neg 0.24554806742064123	false	1.0
abstrich	neg 1.0		__DUMMY__ 0.4803799083126608 off 0.28468553484676373 neg 0.2349345568405755	false	0.5
primitiv	neg 1.0		__DUMMY__ 0.46882048752384653 off 0.2902867675055599 neg 0.2408927449705936	false	0.5
abschaum	off 1.0	off 1.0	off 0.6341738748351324 __DUMMY__ 0.229171116004054 neg 0.13665500916081363	false	1.0
provozieren	neg 1.0		__DUMMY__ 0.47193547236221345 off 0.2835969423004133 neg 0.24446758533737323	false	0.5
tot	neg 1.0		__DUMMY__ 0.47552969359553 off 0.2803156006761478 neg 0.24415470572832226	false	0.5
instabil	neg 1.0		__DUMMY__ 0.4687828280897042 off 0.2918165130770392 neg 0.2394006588332567	false	0.5
schwuchtel	off 1.0	off 1.0	off 0.6422059825956016 __DUMMY__ 0.22427763481231403 neg 0.13351638259208443	false	1.0
zerren	neg 1.0		__DUMMY__ 0.47586809150169274 off 0.28135322310009664 neg 0.24277868539821051	false	0.5
kinderficker	off 1.0		__DUMMY__ 0.46797102591441203 off 0.29575242051278045 neg 0.23627655357280747	false	1.0
gefahr	neg 1.0		__DUMMY__ 0.4780481030088756 off 0.2767842431755648 neg 0.24516765381555958	false	0.5
rabiat	neg 1.0		__DUMMY__ 0.47438161110105737 off 0.2835365246761153 neg 0.24208186422282738	false	0.5
verlangsamung	neg 1.0		__DUMMY__ 0.46504190776856363 off 0.29661242789181497 neg 0.2383456643396213	false	0.5
ausgestorben	neg 1.0		__DUMMY__ 0.4751357038908892 off 0.2834211620698503 neg 0.24144313403926052	false	0.5
anklagen	neg 1.0		__DUMMY__ 0.475635549135637 off 0.2799612186189938 neg 0.24440323224536914	false	0.5
trott	neg 1.0		__DUMMY__ 0.4750285378365118 off 0.28302665411638356 neg 0.24194480804710464	false	0.5
verminderung	neg 1.0		__DUMMY__ 0.4706767804444229 off 0.2909058499719032 neg 0.2384173695836739	false	0.5
nach			__DUMMY__ 0.48200241936074406 off 0.2736754527820269 neg 0.2443221278572291	false	0.0
rost	neg 1.0		__DUMMY__ 0.46736190537700667 off 0.29597513393269165 neg 0.23666296069030177	false	0.5
destruktiv	neg 1.0		__DUMMY__ 0.4728491801083411 off 0.2823737577572231 neg 0.24477706213443567	false	0.5
unzumutbarkeit	neg 1.0		__DUMMY__ 0.4722925978813412 off 0.2898798339293397 neg 0.23782756818931905	false	0.5
labil	off 1.0	off 1.0	off 0.6338182962826702 __DUMMY__ 0.22974428577068415 neg 0.13643741794664566	false	1.0
ziemlich	neg 1.0		__DUMMY__ 0.47172391625602117 off 0.29018533854547013 neg 0.23809074519850862	false	0.5
lachnummer	off 1.0		__DUMMY__ 0.47268628797134304 off 0.28319488812757615 neg 0.24411882390108072	false	1.0
oder			__DUMMY__ 0.474548700052179 off 0.284502097925174 neg 0.240949202022647	false	0.0
verfall	neg 1.0		__DUMMY__ 0.47931558235020183 off 0.27257807242543114 neg 0.24810634522436703	false	0.5
ausgrenzung	neg 1.0		__DUMMY__ 0.47330513590835843 off 0.2848823307504154 neg 0.2418125333412261	false	0.5
unordnung	neg 1.0		__DUMMY__ 0.4729059345844082 off 0.2935038142211363 neg 0.23359025119445548	false	0.5
fehlverhalten	neg 1.0		__DUMMY__ 0.47492793844614584 off 0.2769041178838707 neg 0.24816794366998363	false	0.5
eine			__DUMMY__ 0.4779738599080028 off 0.2774045237197434 neg 0.24462161637225377	false	0.0
nille	neg 1.0		__DUMMY__ 0.475803340656751 off 0.28329134555936186 neg 0.24090531378388716	false	0.5
qual	neg 1.0		__DUMMY__ 0.47539285806574355 off 0.28266603960370745 neg 0.24194110233054894	false	0.5
verschwenden	neg 1.0		__DUMMY__ 0.4745766342291107 off 0.27819456081074756 neg 0.24722880496014168	false	0.5
riesig	neg 1.0		__DUMMY__ 0.47776533035157714 off 0.28024377608033063 neg 0.2419908935680923	false	0.5
verurteilen	neg 1.0		__DUMMY__ 0.47385179729018806 off 0.2798311320064906 neg 0.24631707070332118	false	0.5
klischee	neg 1.0	neg 1.0	neg 0.607685847326042 __DUMMY__ 0.22934025493743898 off 0.16297389773651905	false	1.0
diktatorisch	neg 1.0		__DUMMY__ 0.47258881819894755 off 0.2839797524694524 neg 0.2434314293316001	false	0.5
vorhersehbar	neg 1.0		__DUMMY__ 0.47032298980198745 off 0.28594483661585196 neg 0.2437321735821605	false	0.5
sowie			__DUMMY__ 0.4678974174971073 off 0.29495580150814055 neg 0.23714678099475223	false	0.0
stornieren	neg 1.0		__DUMMY__ 0.47718158666942007 off 0.2870464354124613 neg 0.23577197791811863	false	0.5
besteuerung	neg 1.0		__DUMMY__ 0.47123824046153046 off 0.28280319901974826 neg 0.24595856051872125	false	0.5
ungeschminkt	neg 1.0		__DUMMY__ 0.46825160004818656 off 0.2896909075486363 neg 0.24205749240317714	false	0.5
kritisch	neg 1.0		__DUMMY__ 0.47494948144198623 off 0.2788296417533693 neg 0.24622087680464452	false	0.5
schlamperei	off 1.0		__DUMMY__ 0.4768894011400661 off 0.2779119578087169 neg 0.245198641051217	false	1.0
sucht	neg 1.0	neg 1.0	neg 0.6027409155702916 __DUMMY__ 0.23457785668164358 off 0.1626812277480648	false	1.0
egoistisch	off 1.0		__DUMMY__ 0.46610087463512234 off 0.29516443989135643 neg 0.23873468547352125	false	1.0
ausbeuter	off 1.0		__DUMMY__ 0.47434162030865995 off 0.2766530939244534 neg 0.24900528576688644	false	1.0
arschgeburt	off 1.0		__DUMMY__ 0.4608802477376534 off 0.30298186349577066 neg 0.23613788876657602	false	1.0
schubs	neg 1.0		__DUMMY__ 0.4750626868133067 off 0.2810321176326502 neg 0.24390519555404302	false	0.5
unsolide	neg 1.0		__DUMMY__ 0.4711892639491357 off 0.2842605139615762 neg 0.2445502220892881	false	0.5
beschwerde	neg 1.0		__DUMMY__ 0.47508737470725765 off 0.2781692391918482 neg 0.24674338610089414	false	0.5
stocken	neg 1.0		__DUMMY__ 0.4769242820240198 off 0.2784174299244852 neg 0.2446582880514951	false	0.5
isolieren	neg 1.0		__DUMMY__ 0.4755791375651211 off 0.2798247873536612 neg 0.24459607508121767	false	0.5
unheilbar	neg 1.0		__DUMMY__ 0.4751460022121187 off 0.28418125057481747 neg 0.24067274721306375	false	0.5
pisser	off 1.0		__DUMMY__ 0.46880279474538794 off 0.2920393407421 neg 0.23915786451251209	false	1.0
löschen	neg 1.0		__DUMMY__ 0.47521818131577404 off 0.2835626433004524 neg 0.24121917538377358	false	0.5
durchfallen	neg 1.0		__DUMMY__ 0.473218688446363 off 0.2789350041947594 neg 0.24784630735887764	false	0.5
wichser	off 1.0	off 1.0	off 0.6408092098400004 __DUMMY__ 0.2258555314627607 neg 0.13333525869723897	false	1.0
terror	neg 1.0		__DUMMY__ 0.47358179809530765 off 0.28703514624627685 neg 0.23938305565841556	false	0.5
krass	neg 1.0		__DUMMY__ 0.4682879029962138 off 0.29323949295426355 neg 0.23847260404952267	false	0.5
revolte	neg 1.0		__DUMMY__ 0.47351810827034563 off 0.2856109227976247 neg 0.24087096893202972	false	0.5
besorgt	neg 1.0		__DUMMY__ 0.47857398739776125 off 0.2827699793638495 neg 0.2386560332383892	false	0.5
nachlassen	neg 1.0		__DUMMY__ 0.47881383573845904 off 0.2792203272241317 neg 0.24196583703740923	false	0.5
alt	neg 1.0		__DUMMY__ 0.4756341715650374 off 0.28056370498612154 neg 0.24380212344884122	false	0.5
hundesohn	off 1.0		__DUMMY__ 0.46462420800820337 off 0.29987590464880726 neg 0.2354998873429893	false	1.0
als			__DUMMY__ 0.47492792821968194 off 0.28073673103537705 neg 0.24433534074494098	false	0.0
abschreckung	neg 1.0		__DUMMY__ 0.47711104873416893 off 0.2763204438348197 neg 0.24656850743101144	false	0.5
unqualifiziert	neg 1.0		__DUMMY__ 0.46962987320004834 off 0.28676538629974213 neg 0.24360474050020936	false	0.5
abgewichst	off 1.0		__DUMMY__ 0.4761272833551372 off 0.2825259670460098 neg 0.24134674959885308	false	1.0
schwer	neg 1.0		__DUMMY__ 0.4735816186714895 off 0.2822584616394577 neg 0.24415991968905273	false	0.5
bedeutungslosigkeit	neg 1.0		__DUMMY__ 0.4760132871072499 off 0.27718112569340503 neg 0.246805587199345	false	0.5
kapitulation	neg 1.0		__DUMMY__ 0.47639515253911374 off 0.27909351048010295 neg 0.2445113369807832	false	0.5
unscharf	neg 1.0		__DUMMY__ 0.47137180683439717 off 0.2854973586872068 neg 0.243130834478396	false	0.5
schwinden	neg 1.0		__DUMMY__ 0.47775485675977414 off 0.27764582928917164 neg 0.24459931395105441	false	0.5
versklavung	neg 1.0		__DUMMY__ 0.4748729075058816 off 0.2845305047205051 neg 0.24059658777361323	false	0.5
schlecht	neg 1.0		__DUMMY__ 0.4716751707560691 off 0.29036725501909433 neg 0.2379575742248367	false	0.5
verhasst	neg 1.0		__DUMMY__ 0.47088722320537235 off 0.28388424236316245 neg 0.24522853443146528	false	0.5
beschweren	neg 1.0		__DUMMY__ 0.47281955177045343 off 0.28538239261033704 neg 0.2417980556192094	false	0.5
scheiden	neg 1.0		__DUMMY__ 0.4759083049191088 off 0.2838206585998658 neg 0.24027103648102557	false	0.5
frustriert	neg 1.0		__DUMMY__ 0.4739152912732924 off 0.2812570113173793 neg 0.24482769740932844	false	0.5
schimmelig	neg 1.0		__DUMMY__ 0.4736753101967916 off 0.27939799556497596 neg 0.2469266942382326	false	0.5
fisch	neg 1.0		__DUMMY__ 0.4756905969542353 off 0.27638488796546196 neg 0.24792451508030267	false	0.5
schmuggel	neg 1.0		__DUMMY__ 0.477057974023057 off 0.27824503528586353 neg 0.24469699069107964	false	0.5
auffallen	neg 1.0		__DUMMY__ 0.47247584159177997 off 0.2862946281526761 neg 0.2412295302555439	false	0.5
konkurrenz	neg 1.0		__DUMMY__ 0.4772852549610337 off 0.27586837260669295 neg 0.24684637243227328	false	0.5
teufelskreis	neg 1.0		__DUMMY__ 0.473348059922915 off 0.2823862148860782 neg 0.24426572519100678	false	0.5
aufschreien	neg 1.0		__DUMMY__ 0.4714943236509924 off 0.286034546125252 neg 0.2424711302237555	false	0.5
schuldner	neg 1.0		__DUMMY__ 0.475449649201206 off 0.27626933185701064 neg 0.24828101894178334	false	0.5
missgeburt	off 1.0	off 1.0	off 0.6381370291032324 __DUMMY__ 0.22663945976800848 neg 0.13522351112875908	false	1.0
arbeitslos	neg 1.0		__DUMMY__ 0.4729702071043548 off 0.2792694456418832 neg 0.24776034725376214	false	0.5
befallen	neg 1.0		__DUMMY__ 0.47692617274737326 off 0.28257458880629527 neg 0.24049923844633142	false	0.5
miesepetrig	off 1.0	off 1.0	off 0.634399710684075 __DUMMY__ 0.22953309816146333 neg 0.1360671911544617	false	1.0
alarmieren	neg 1.0		__DUMMY__ 0.4711183174416758 off 0.2878646845398368 neg 0.2410169980184875	false	0.5
ungeduscht	off 1.0		__DUMMY__ 0.47063780174311154 off 0.28765814174664545 neg 0.24170405651024307	false	1.0
knappheit	neg 1.0		__DUMMY__ 0.4732776205716398 off 0.2787436280528014 neg 0.24797875137555872	false	0.5
schlange	neg 1.0		__DUMMY__ 0.4761501971548149 off 0.2861766857910782 neg 0.23767311705410699	false	0.5
harsch	neg 1.0		__DUMMY__ 0.4710571137529176 off 0.2956465328938177 neg 0.2332963533532646	false	0.5
lang	neg 1.0		__DUMMY__ 0.4749755132208615 off 0.28460609990095437 neg 0.24041838687818426	false	0.5
ziellos	neg 1.0		__DUMMY__ 0.47699300110309395 off 0.2800644858379798 neg 0.24294251305892617	false	0.5
selbstverliebt	neg 1.0		__DUMMY__ 0.4625541600263377 off 0.3006987293312241 neg 0.2367471106424382	false	0.5
beseitigen	neg 1.0		__DUMMY__ 0.4761967015055077 off 0.28209173486554606 neg 0.24171156362894608	false	0.5
dumm	off 1.0		__DUMMY__ 0.46650854859293434 off 0.29626852291702505 neg 0.23722292849004067	false	1.0
arbeitsloser	neg 1.0		__DUMMY__ 0.4748255213598 off 0.27997556339572793 neg 0.2451989152444721	false	0.5
blitzen	neg 1.0		__DUMMY__ 0.47341252761975383 off 0.2872258580358608 neg 0.23936161434438552	false	0.5
hilflos	neg 1.0		__DUMMY__ 0.47441980141476037 off 0.2809159303836367 neg 0.2446642682016028	false	0.5
eklig	off 1.0		__DUMMY__ 0.4650317561267839 off 0.2965340030101034 neg 0.23843424086311268	false	1.0
begriff			__DUMMY__ 0.47389969165275436 off 0.2821830234729665 neg 0.24391728487427933	false	0.0
hungersnot	neg 1.0		__DUMMY__ 0.47701809864837824 off 0.2811335277554813 neg 0.24184837359614061	false	0.5
ungesetzlich	neg 1.0		__DUMMY__ 0.4706449623828658 off 0.282679022180239 neg 0.24667601543689524	false	0.5
verschwendung	neg 1.0		__DUMMY__ 0.47613814991496095 off 0.2782621074965545 neg 0.2455997425884847	false	0.5
schmerzvoll	neg 1.0		__DUMMY__ 0.4735718220874516 off 0.2853724242152443 neg 0.24105575369730411	false	0.5
vorzeitig	neg 1.0		__DUMMY__ 0.4738745524644785 off 0.2869670318609274 neg 0.239158415674594	false	0.5
unvollkommenheit	neg 1.0		__DUMMY__ 0.4787363091612189 off 0.2813606565485051 neg 0.23990303429027598	false	0.5
intervenieren	neg 1.0		__DUMMY__ 0.4750025584780479 off 0.27748805955353106 neg 0.24750938196842104	false	0.5
banause	off 1.0		__DUMMY__ 0.46250038140859295 off 0.29882865487072635 neg 0.23867096372068058	false	1.0
rebell	neg 1.0		__DUMMY__ 0.4780356788610979 off 0.2742125620206585 neg 0.24775175911824351	false	0.5
unlogisch	neg 1.0		__DUMMY__ 0.4676595257117519 off 0.29177641519170255 neg 0.24056405909654552	false	0.5
leiden	neg 1.0		__DUMMY__ 0.4780708381979375 off 0.27768453544016103 neg 0.24424462636190147	false	0.5
abschaffung	neg 1.0		__DUMMY__ 0.4733518660083902 off 0.28318973792393504 neg 0.24345839606767472	false	0.5
sturz	neg 1.0		__DUMMY__ 0.47597393491247586 off 0.2840389410894745 neg 0.23998712399804983	false	0.5
verkleinerung	neg 1.0		__DUMMY__ 0.469422451319827 off 0.2850910033406539 neg 0.24548654533951905	false	0.5
schmarotzer	off 1.0		__DUMMY__ 0.4718159562417137 off 0.2797990804387329 neg 0.24838496331955348	false	1.0
bestrafung	neg 1.0		__DUMMY__ 0.47425447808576887 off 0.2847457040026095 neg 0.24099981791162162	false	0.5
achtlos	neg 1.0	neg 1.0	neg 0.6075447133202836 __DUMMY__ 0.23187233597242826 off 0.16058295070728812	false	1.0
ungeheuer	neg 1.0		__DUMMY__ 0.4740539645771427 off 0.2865146198521225 neg 0.23943141557073475	false	0.5
unaufrichtig	neg 1.0		__DUMMY__ 0.4742845523859321 off 0.28738529212739344 neg 0.23833015548667444	false	0.5
groggy	neg 1.0		__DUMMY__ 0.47352808460611595 off 0.28711984479648517 neg 0.23935207059739894	false	0.5
verletzlich	neg 1.0		__DUMMY__ 0.46921077618638546 off 0.28979818081646397 neg 0.2409910429971505	false	0.5
