unsolidarisch	neg 1.0		off 0.5120076667852016 neg 0.44588377973326426 __DUMMY__ 0.04210855348153406	false	0.5
nachteilig	neg 1.0		off 0.5100796180111269 neg 0.44742148732203363 __DUMMY__ 0.04249889466683947	false	0.5
skeptisch	neg 1.0		off 0.5095270545889075 neg 0.4479421731045644 __DUMMY__ 0.042530772306528214	false	0.5
schrecklich	neg 1.0		off 0.5234615813566109 neg 0.4346799155731059 __DUMMY__ 0.041858503070283236	false	0.5
schlapp	neg 1.0		off 0.5202885650494242 neg 0.4376149755329451 __DUMMY__ 0.04209645941763082	false	0.5
abfall	neg 1.0		off 0.5081382082470592 neg 0.4489897938873932 __DUMMY__ 0.04287199786554772	false	0.5
widerspenstig	neg 1.0		off 0.5156042010266917 neg 0.4420206855454181 __DUMMY__ 0.042375113427890236	false	0.5
abrupt	neg 1.0		off 0.5131892784276637 neg 0.4440633365770021 __DUMMY__ 0.042747384995334266	false	0.5
unwirksam	neg 1.0		off 0.5111531777266354 neg 0.446837370584351 __DUMMY__ 0.042009451689013655	false	0.5
angreifen	neg 1.0		off 0.5097280430771588 neg 0.44771797862734075 __DUMMY__ 0.0425539782955004	false	0.5
inkonsistent	neg 1.0		off 0.5155038369655547 neg 0.44224795890889906 __DUMMY__ 0.042248204125546265	false	0.5
abrutschen	neg 1.0		off 0.5068211781661996 neg 0.45049344730701124 __DUMMY__ 0.042685374526789034	false	0.5
unsicher	neg 1.0		off 0.5154265172564682 neg 0.4421476514904803 __DUMMY__ 0.04242583125305148	false	0.5
bauernkind	off 1.0	off 1.0	off 0.7463848673221312 neg 0.23390852772153306 __DUMMY__ 0.019706604956335767	false	1.0
angreifer	neg 1.0	neg 1.0	neg 0.7037170655854625 off 0.2759607430587429 __DUMMY__ 0.020322191355794498	false	1.0
trennen	neg 1.0		off 0.5117946149646836 neg 0.44542022087488214 __DUMMY__ 0.042785164160434326	false	0.5
schmutz	neg 1.0		off 0.5212035070769643 neg 0.43608162566502606 __DUMMY__ 0.042714867258009714	false	0.5
inkonsistenz	neg 1.0		off 0.5159025480156619 neg 0.4423991480264305 __DUMMY__ 0.04169830395790758	false	0.5
erschreckend	neg 1.0		off 0.5130471248474971 neg 0.4446620429877555 __DUMMY__ 0.04229083216474737	false	0.5
ertrinken	neg 1.0		off 0.5118904317223785 neg 0.4454242944287722 __DUMMY__ 0.04268527384884923	false	0.5
pickelface	off 1.0		off 0.5149535504834815 neg 0.4425605803805213 __DUMMY__ 0.042485869135997306	false	1.0
seiner			off 0.510591440086003 neg 0.446823196578821 __DUMMY__ 0.04258536333517603	false	0.0
lauch	neg 1.0		off 0.5093605815616088 neg 0.44779274590899726 __DUMMY__ 0.042846672529393934	false	0.5
unwichtig	neg 1.0		off 0.5181559572484105 neg 0.43987305837852464 __DUMMY__ 0.041970984373064846	false	0.5
steuerhinterziehung	neg 1.0	neg 1.0	neg 0.7076318012483732 off 0.27209893945450037 __DUMMY__ 0.020269259297126332	false	1.0
schock	neg 1.0		off 0.5151792252414805 neg 0.4423193501634415 __DUMMY__ 0.042501424595078156	false	0.5
beule	neg 1.0		off 0.5210659749624357 neg 0.4369106704540556 __DUMMY__ 0.04202335458350855	false	0.5
vergelten	neg 1.0		off 0.5242292397027143 neg 0.433667103554699 __DUMMY__ 0.04210365674258672	false	0.5
verdorbenheit	neg 1.0		off 0.5178982827938456 neg 0.43955502819047687 __DUMMY__ 0.04254668901567745	false	0.5
trauma	neg 1.0		off 0.5163586086730826 neg 0.4412787719271706 __DUMMY__ 0.04236261939974681	false	0.5
sinnlos	neg 1.0		off 0.5172813873215973 neg 0.4404475553021403 __DUMMY__ 0.04227105737626232	false	0.5
fettsack	off 1.0	off 1.0	off 0.7479745629981792 neg 0.23224147140911008 __DUMMY__ 0.01978396559271058	false	1.0
feige	off 1.0	off 1.0	off 0.745567990990416 neg 0.23443551053615158 __DUMMY__ 0.01999649847343234	false	1.0
abdanken	neg 1.0		off 0.514391488216492 neg 0.4431981031824791 __DUMMY__ 0.04241040860102887	false	0.5
wichtigtuer	off 1.0	off 1.0	off 0.7445764126347896 neg 0.23533086331455 __DUMMY__ 0.02009272405066039	false	1.0
misslingen	neg 1.0		off 0.5189485719438466 neg 0.43837412201959564 __DUMMY__ 0.04267730603655779	false	0.5
untreu	off 1.0		off 0.5196427650915837 neg 0.4383207687772124 __DUMMY__ 0.04203646613120412	false	1.0
missmutig	neg 1.0		off 0.5201269501416464 neg 0.4376952581822465 __DUMMY__ 0.04217779167610713	false	0.5
hurenbock	off 1.0		off 0.5193246314811977 neg 0.4381924222289421 __DUMMY__ 0.042482946289860324	false	1.0
betrunken	neg 1.0		off 0.5220930097005034 neg 0.4358752160957397 __DUMMY__ 0.042031774203756894	false	0.5
korrupt	off 1.0		off 0.5097922855391332 neg 0.44799830895481146 __DUMMY__ 0.042209405506055474	false	1.0
unmut	neg 1.0		off 0.5074778632674825 neg 0.449781977973945 __DUMMY__ 0.04274015875857256	false	0.5
hackfresse	off 1.0		off 0.52579751380967 neg 0.4326299680863826 __DUMMY__ 0.041572518103947534	false	1.0
aufblasen	neg 1.0		off 0.517841634000011 neg 0.43978948621643144 __DUMMY__ 0.04236887978355747	false	0.5
gewaltsam	neg 1.0		off 0.5146915425731549 neg 0.4427736644521875 __DUMMY__ 0.042534792974657724	false	0.5
unbeliebtheit	neg 1.0		off 0.5159637074946024 neg 0.44215679230642285 __DUMMY__ 0.04187950019897473	false	0.5
sturheit	neg 1.0		off 0.5128280918424641 neg 0.4448203207930045 __DUMMY__ 0.04235158736453153	false	0.5
kuh	neg 1.0		off 0.5135195993833787 neg 0.444642644308786 __DUMMY__ 0.041837756307835296	false	0.5
erschrecken	neg 1.0		off 0.520485576332653 neg 0.43725252897611233 __DUMMY__ 0.04226189469123481	false	0.5
opfer	neg 1.0		off 0.511763359166425 neg 0.44569093485478767 __DUMMY__ 0.04254570597878737	false	0.5
sinken	neg 1.0		off 0.5088318533161189 neg 0.44839623879834867 __DUMMY__ 0.042771907885532416	false	0.5
stinktier	neg 1.0		off 0.5199034552888718 neg 0.43870383528115264 __DUMMY__ 0.041392709429975603	false	0.5
tucke	off 1.0		off 0.5267706423614094 neg 0.4317458294584165 __DUMMY__ 0.041483528180174076	false	1.0
ein			off 0.5160908137338996 neg 0.4416040207666357 __DUMMY__ 0.04230516549946475	false	0.0
abstieg	neg 1.0		off 0.5106523394485697 neg 0.4467647035711751 __DUMMY__ 0.042582956980255174	false	0.5
missverstehen	neg 1.0		off 0.5156314375234154 neg 0.4423695107836693 __DUMMY__ 0.04199905169291526	false	0.5
ergebnislos	neg 1.0		off 0.5103460091850642 neg 0.4470513405323186 __DUMMY__ 0.04260265028261711	false	0.5
unter			off 0.5051019929207822 neg 0.4517260177021368 __DUMMY__ 0.04317198937708109	false	0.0
manipulieren	neg 1.0		off 0.510349213512929 neg 0.44699085140781775 __DUMMY__ 0.0426599350792533	false	0.5
unbewiesen	neg 1.0		off 0.5113266976462366 neg 0.4466287815028326 __DUMMY__ 0.04204452085093078	false	0.5
verschleppen	neg 1.0		off 0.5111372131072441 neg 0.4464223020117844 __DUMMY__ 0.0424404848809715	false	0.5
weib	off 1.0		off 0.5242902557536844 neg 0.43439175088246124 __DUMMY__ 0.04131799336385438	false	1.0
opposition	neg 1.0		off 0.5151675544099857 neg 0.44268196854984376 __DUMMY__ 0.042150477040170484	false	0.5
verkehrswidrig	neg 1.0		off 0.5264942231677351 neg 0.4313450000217009 __DUMMY__ 0.042160776810563995	false	0.5
inkorrekt	neg 1.0		off 0.5208332693921969 neg 0.4374543909292859 __DUMMY__ 0.041712339678517396	false	0.5
vermeiden	neg 1.0		off 0.5064975797716924 neg 0.450645128847167 __DUMMY__ 0.04285729138114065	false	0.5
abweichung	neg 1.0		off 0.5103780671617225 neg 0.44719768842406526 __DUMMY__ 0.04242424441421241	false	0.5
alkoholisiert	neg 1.0		off 0.5115146222291348 neg 0.4458582780711089 __DUMMY__ 0.04262709969975637	false	0.5
scheiss	off 1.0	off 1.0	off 0.7466442634357568 neg 0.23330781894909666 __DUMMY__ 0.02004791761514654	false	1.0
herausforderung	neg 1.0		off 0.5106297341175374 neg 0.446740712892777 __DUMMY__ 0.0426295529896856	false	0.5
pervers	off 1.0		off 0.5285573705836504 neg 0.43008696353600323 __DUMMY__ 0.04135566588034629	false	1.0
wackelig	neg 1.0		off 0.5154355489998615 neg 0.4418845106661774 __DUMMY__ 0.04267994033396121	false	0.5
verwickeln	neg 1.0		off 0.5152064056146781 neg 0.44275854212476173 __DUMMY__ 0.04203505226056017	false	0.5
vorwand	neg 1.0		off 0.509268412685937 neg 0.4481572763743177 __DUMMY__ 0.042574310939745307	false	0.5
muschi	off 1.0		off 0.5148432571669861 neg 0.4426969424814994 __DUMMY__ 0.04245980035151457	false	1.0
entmutigung	neg 1.0		off 0.5153555005066154 neg 0.4424073329771907 __DUMMY__ 0.04223716651619392	false	0.5
unangemessen	neg 1.0		off 0.5109060979692521 neg 0.44689152171688046 __DUMMY__ 0.04220238031386739	false	0.5
unstetig	neg 1.0		off 0.5174179112006426 neg 0.44037993197082054 __DUMMY__ 0.04220215682853689	false	0.5
entmutigen	neg 1.0		off 0.5158805399373024 neg 0.44180699030545617 __DUMMY__ 0.04231246975724134	false	0.5
schwanz	neg 1.0		off 0.5126395641993232 neg 0.44477670103124206 __DUMMY__ 0.04258373476943466	false	0.5
verbot	neg 1.0		off 0.5113281796447723 neg 0.446256873244971 __DUMMY__ 0.04241494711025689	false	0.5
leid	neg 1.0		off 0.5237633770417798 neg 0.434583403871949 __DUMMY__ 0.04165321908627117	false	0.5
archaisch	neg 1.0		off 0.5133161503664193 neg 0.444295364318088 __DUMMY__ 0.042388485315492656	false	0.5
gegen			off 0.5082792000039401 neg 0.4489969231663506 __DUMMY__ 0.04272387682970915	false	0.0
scheidung	neg 1.0		off 0.5364849356974795 neg 0.42197018313008616 __DUMMY__ 0.04154488117243438	false	0.5
einschlag	neg 1.0		off 0.5224638367303118 neg 0.43560165240534854 __DUMMY__ 0.0419345108643397	false	0.5
m			off 0.5136488695513455 neg 0.44378877590603216 __DUMMY__ 0.04256235454262246	false	0.0
abgestanden	neg 1.0		off 0.5150720083668235 neg 0.44269252789483854 __DUMMY__ 0.0422354637383379	false	0.5
schmierig	off 1.0		off 0.5246901277280447 neg 0.43346579076289754 __DUMMY__ 0.041844081509057746	false	1.0
unpraktisch	neg 1.0		off 0.5165327718299725 neg 0.441188799029005 __DUMMY__ 0.04227842914102259	false	0.5
wixxer	off 1.0		off 0.5274077140732907 neg 0.4313754674896126 __DUMMY__ 0.04121681843709664	false	1.0
bezeichnet			off 0.5129380714413089 neg 0.4449056236449961 __DUMMY__ 0.04215630491369488	false	0.0
jammerlappen	off 1.0		off 0.5199754854560229 neg 0.4378836361674738 __DUMMY__ 0.04214087837650331	false	1.0
farce	neg 1.0		off 0.511846436200344 neg 0.44583236319969777 __DUMMY__ 0.04232120059995818	false	0.5
zwecklos	neg 1.0		off 0.5118242806428175 neg 0.4458411560775557 __DUMMY__ 0.04233456327962688	false	0.5
turbulent	neg 1.0		off 0.520714671414378 neg 0.4373148661628452 __DUMMY__ 0.041970462422776904	false	0.5
invasion	neg 1.0		off 0.5163066424493775 neg 0.44148856634389183 __DUMMY__ 0.042204791206730555	false	0.5
schuld	neg 1.0		off 0.5148033786381557 neg 0.44300839841236944 __DUMMY__ 0.04218822294947488	false	0.5
risiko	neg 1.0	neg 1.0	neg 0.7040416255563402 off 0.2756167069777065 __DUMMY__ 0.02034166746595324	false	1.0
finster	neg 1.0		off 0.5146821100529099 neg 0.4432048811388198 __DUMMY__ 0.04211300880827041	false	0.5
geisteskrank	off 1.0		off 0.5184687005210253 neg 0.439791660276678 __DUMMY__ 0.041739639202296536	false	1.0
zusammenbrechen	neg 1.0		off 0.5130584294498212 neg 0.4445038366797923 __DUMMY__ 0.04243773387038645	false	0.5
ausbeute	neg 1.0		off 0.516622617405254 neg 0.4403821193252537 __DUMMY__ 0.04299526326949256	false	0.5
hinterhalt	neg 1.0		off 0.5187670536713213 neg 0.438292805782814 __DUMMY__ 0.04294014054586476	false	0.5
kritik	neg 1.0		off 0.5114589329281845 neg 0.4462290361563169 __DUMMY__ 0.042312030915498594	false	0.5
einschrumpfen	neg 1.0		off 0.5176724494124189 neg 0.4402834375576738 __DUMMY__ 0.04204411302990742	false	0.5
riskant	neg 1.0		off 0.5094908195338538 neg 0.44806454319767625 __DUMMY__ 0.0424446372684699	false	0.5
frustrieren	neg 1.0		off 0.5106665114278366 neg 0.4468989316607961 __DUMMY__ 0.04243455691136731	false	0.5
groll	neg 1.0		off 0.5112468162555858 neg 0.4464098132608692 __DUMMY__ 0.04234337048354501	false	0.5
gibt			off 0.5131566102190246 neg 0.4444008335292323 __DUMMY__ 0.042442556251743105	false	0.0
qualvoll	neg 1.0		off 0.5189895060620936 neg 0.4387200724070175 __DUMMY__ 0.04229042153088899	false	0.5
wackeln	neg 1.0		off 0.5180340295749384 neg 0.4394410802999663 __DUMMY__ 0.0425248901250952	false	0.5
klagen	neg 1.0		off 0.5075751482835817 neg 0.44978307750416247 __DUMMY__ 0.042641774212255776	false	0.5
bankrott	neg 1.0		off 0.520556987272253 neg 0.4371686726948977 __DUMMY__ 0.04227434003284921	false	0.5
trauern	neg 1.0		off 0.5132022196004181 neg 0.44405879776831264 __DUMMY__ 0.04273898263126935	false	0.5
ablehnung	neg 1.0		off 0.510910665324776 neg 0.446787426499137 __DUMMY__ 0.042301908176086894	false	0.5
stur	neg 1.0		off 0.5147394012563683 neg 0.44310235644540635 __DUMMY__ 0.04215824229822544	false	0.5
aufruhr	neg 1.0		off 0.514005935767463 neg 0.44357045299256104 __DUMMY__ 0.04242361123997573	false	0.5
melancholie	neg 1.0		off 0.5127253432672088 neg 0.44471812098568575 __DUMMY__ 0.042556535747105544	false	0.5
ist			off 0.5167569293681992 neg 0.4409876552071201 __DUMMY__ 0.04225541542468063	false	0.0
torheit	neg 1.0		off 0.5152170368235341 neg 0.44244597693589127 __DUMMY__ 0.0423369862405744	false	0.5
dreckskind	off 1.0		off 0.5234444409475497 neg 0.43507332885409866 __DUMMY__ 0.041482230198351545	false	1.0
umtauschen	neg 1.0		off 0.5148248931279447 neg 0.4428069762904514 __DUMMY__ 0.042368130581603845	false	0.5
zum			off 0.5095691523596645 neg 0.44728690717433833 __DUMMY__ 0.04314394046599722	false	0.0
zersetzen	neg 1.0		off 0.5089083906401167 neg 0.44859522135001384 __DUMMY__ 0.04249638800986946	false	0.5
zur			off 0.5070962837420147 neg 0.44989934565903256 __DUMMY__ 0.04300437059895265	false	0.0
frust	neg 1.0		off 0.5132938399867363 neg 0.444240691031603 __DUMMY__ 0.04246546898166077	false	0.5
unerbittlichkeit	neg 1.0		off 0.5095938107054702 neg 0.44783735504010935 __DUMMY__ 0.042568834254420485	false	0.5
zwei			off 0.5099190835607842 neg 0.44705846977752883 __DUMMY__ 0.04302244666168709	false	0.0
unkorrekt	neg 1.0		off 0.5213081013593582 neg 0.43688567251866833 __DUMMY__ 0.04180622612197345	false	0.5
hexe	off 1.0		off 0.5179953744178287 neg 0.44012815837561126 __DUMMY__ 0.0418764672065601	false	1.0
lasch	neg 1.0		off 0.5165764571740427 neg 0.44146897980395516 __DUMMY__ 0.041954563022002136	false	0.5
rivale	neg 1.0		off 0.5217850672908215 neg 0.43624993338974677 __DUMMY__ 0.04196499931943169	false	0.5
mutlos	off 1.0	off 1.0	off 0.7411097256600001 neg 0.23860581591003713 __DUMMY__ 0.020284458429962668	false	1.0
wirr	off 1.0		off 0.5222483705290311 neg 0.4359859456508241 __DUMMY__ 0.04176568382014485	false	1.0
jahr			off 0.5137026652249571 neg 0.44326018778758347 __DUMMY__ 0.0430371469874594	false	0.0
wird			off 0.5117580103542531 neg 0.4457826263573722 __DUMMY__ 0.042459363288374734	false	0.0
strafbar	neg 1.0		off 0.5098943532046395 neg 0.44768147565067024 __DUMMY__ 0.04242417114469016	false	0.5
erosion	neg 1.0		off 0.5167918616698686 neg 0.44068350164225245 __DUMMY__ 0.04252463668787896	false	0.5
eingehen	neg 1.0		off 0.5100271574508205 neg 0.44756629895919814 __DUMMY__ 0.0424065435899813	false	0.5
faul	off 1.0		off 0.520029720950847 neg 0.4377499782042755 __DUMMY__ 0.04222030084487744	false	1.0
provisorium	neg 1.0		off 0.5060539386269086 neg 0.45076125171983744 __DUMMY__ 0.043184809653254136	false	0.5
schmerzen	neg 1.0		off 0.5133847387581967 neg 0.44429445994325095 __DUMMY__ 0.04232080129855245	false	0.5
schrumpfen	neg 1.0		off 0.5048436768974023 neg 0.4524220255649593 __DUMMY__ 0.042734297537638403	false	0.5
geistlos	off 1.0		off 0.5147173210136408 neg 0.4433417553265869 __DUMMY__ 0.0419409236597724	false	1.0
fehlkauf	neg 1.0		off 0.5180907897719822 neg 0.4395193731451783 __DUMMY__ 0.04238983708283955	false	0.5
frustrierend	neg 1.0		off 0.5183728073327453 neg 0.43950069123300656 __DUMMY__ 0.042126501434248134	false	0.5
unzufrieden	neg 1.0		off 0.5110007982230088 neg 0.44669475861271796 __DUMMY__ 0.04230444316427322	false	0.5
verzweifeln	neg 1.0		off 0.5136566658639221 neg 0.44397087217130743 __DUMMY__ 0.04237246196477042	false	0.5
verzweifelt	neg 1.0	neg 1.0	neg 0.7062779568856118 off 0.27360164035578954 __DUMMY__ 0.02012040275859866	false	1.0
misstrauensantrag	neg 1.0		off 0.5167745445217632 neg 0.44100890715172625 __DUMMY__ 0.04221654832651052	false	0.5
abfallen	neg 1.0		off 0.5175356010433765 neg 0.4399998517398004 __DUMMY__ 0.04246454721682309	false	0.5
fucker	off 1.0		off 0.5232995931826859 neg 0.43464478120036815 __DUMMY__ 0.042055625616945855	false	1.0
ungezogen	neg 1.0		off 0.5281272048066913 neg 0.4304331533402637 __DUMMY__ 0.041439641853045064	false	0.5
irrsinnig	neg 1.0	neg 1.0	neg 0.7059742423828098 off 0.27387601291278313 __DUMMY__ 0.02014974470440706	false	1.0
unfassbar	neg 1.0		off 0.5208384423344831 neg 0.4371038220966677 __DUMMY__ 0.04205773556884919	false	0.5
hart	neg 1.0		off 0.520539741259554 neg 0.43739316308006587 __DUMMY__ 0.04206709566037998	false	0.5
widerlich	off 1.0		off 0.5196273558118327 neg 0.4385240831375581 __DUMMY__ 0.04184856105060916	false	1.0
fatal	neg 1.0		off 0.5176768494167034 neg 0.44003353784074994 __DUMMY__ 0.04228961274254662	false	0.5
bruch	neg 1.0		off 0.5083079551964872 neg 0.4490296982877531 __DUMMY__ 0.04266234651575992	false	0.5
aushungern	neg 1.0		off 0.5137106742386036 neg 0.44376848442797623 __DUMMY__ 0.04252084133342012	false	0.5
anspannung	neg 1.0		off 0.5085674611383982 neg 0.4483900635130761 __DUMMY__ 0.043042475348525684	false	0.5
von			off 0.515068335419404 neg 0.44176612461383213 __DUMMY__ 0.04316553996676383	false	0.0
kraftlos	neg 1.0		off 0.5134320979121548 neg 0.44402899582499933 __DUMMY__ 0.04253890626284592	false	0.5
vom			off 0.5077827221703266 neg 0.44893845455318887 __DUMMY__ 0.04327882327648452	false	0.0
grenzdebil	off 1.0		off 0.5217371163334769 neg 0.43617351440787683 __DUMMY__ 0.04208936925864622	false	1.0
vor			off 0.5106973007547126 neg 0.4464995628112506 __DUMMY__ 0.04280313643403696	false	0.0
unterwerfen	neg 1.0		off 0.5114618901723569 neg 0.4460149297438217 __DUMMY__ 0.0425231800838215	false	0.5
versenkung	neg 1.0		off 0.5125209670760564 neg 0.4448567900417758 __DUMMY__ 0.0426222428821677	false	0.5
entziehen	neg 1.0		off 0.5081681299622289 neg 0.44920103447718523 __DUMMY__ 0.042630835560585875	false	0.5
finanzkrise	neg 1.0		off 0.51268955212055 neg 0.4450201650268646 __DUMMY__ 0.04229028285258543	false	0.5
schimpfend	neg 1.0		off 0.5171204319184589 neg 0.44062408765153016 __DUMMY__ 0.042255480430011046	false	0.5
profan	neg 1.0		off 0.5166687228875093 neg 0.441204303746604 __DUMMY__ 0.042126973365886715	false	0.5
korruption	neg 1.0		off 0.5114576263000953 neg 0.4460874672051795 __DUMMY__ 0.04245490649472525	false	0.5
â			off 0.5140599678920187 neg 0.44326949978287034 __DUMMY__ 0.04267053232511091	false	0.0
schmutzig	neg 1.0		off 0.5228377730063473 neg 0.4350295517003483 __DUMMY__ 0.04213267529330448	false	0.5
sexy	neg 1.0		off 0.519468007025043 neg 0.4382580814314872 __DUMMY__ 0.042273911543469614	false	0.5
abraten	neg 1.0		off 0.5168338841386262 neg 0.4409278295357811 __DUMMY__ 0.0422382863255926	false	0.5
schwarz	neg 1.0		off 0.5166530958886794 neg 0.4410583788944661 __DUMMY__ 0.042288525216854514	false	0.5
fotze	off 1.0	off 1.0	off 0.7434501270167317 neg 0.23618147880622592 __DUMMY__ 0.020368394177042396	false	1.0
verwirren	neg 1.0		off 0.5178063504924638 neg 0.44001568522363943 __DUMMY__ 0.04217796428389662	false	0.5
zahnlos	off 1.0		off 0.5123370172424636 neg 0.44533955309527373 __DUMMY__ 0.04232342966226283	false	1.0
verheeren	neg 1.0		off 0.5315809360996196 neg 0.4268175462972939 __DUMMY__ 0.04160151760308648	false	0.5
hippie	neg 1.0		off 0.5190785614959332 neg 0.438633931571506 __DUMMY__ 0.04228750693256084	false	0.5
rammen	neg 1.0		off 0.5155659628129613 neg 0.4422675709308812 __DUMMY__ 0.04216646625615751	false	0.5
unlauter	neg 1.0		off 0.5131145018069745 neg 0.44484846872728634 __DUMMY__ 0.042037029465739055	false	0.5
unheilvoll	neg 1.0		off 0.5179696496222741 neg 0.4396734675718277 __DUMMY__ 0.0423568828058982	false	0.5
niedrig	neg 1.0		off 0.5088525055966615 neg 0.4487422036993315 __DUMMY__ 0.04240529070400704	false	0.5
explosion	neg 1.0		off 0.5180698213703073 neg 0.4396781437145084 __DUMMY__ 0.04225203491518431	false	0.5
weichei	off 1.0	off 1.0	off 0.7490279776204447 neg 0.23110396579403178 __DUMMY__ 0.019868056585523507	false	1.0
minusmensch	off 1.0		off 0.5256007704177262 neg 0.43301802654578375 __DUMMY__ 0.04138120303649	false	1.0
farblos	neg 1.0		off 0.5161471292576162 neg 0.441364784154258 __DUMMY__ 0.0424880865881257	false	0.5
unwissend	neg 1.0	neg 1.0	neg 0.7041593941358508 off 0.27580419838356085 __DUMMY__ 0.02003640748058824	false	1.0
traurig	neg 1.0		off 0.52312519918458 neg 0.4349417605906636 __DUMMY__ 0.04193304022475638	false	0.5
senkung	neg 1.0		off 0.5153617534663681 neg 0.4426385673327256 __DUMMY__ 0.04199967920090627	false	0.5
ungleich	neg 1.0	neg 1.0	neg 0.7089856559897848 off 0.2707239188314542 __DUMMY__ 0.020290425178761017	false	1.0
heikel	neg 1.0		off 0.5091109326546047 neg 0.448475279614938 __DUMMY__ 0.04241378773045726	false	0.5
drosselung	neg 1.0		off 0.5210847733173901 neg 0.43688218224090675 __DUMMY__ 0.04203304444170306	false	0.5
falsch	neg 1.0		off 0.5178562660287045 neg 0.4400988727348868 __DUMMY__ 0.042044861236408666	false	0.5
unzufriedenheit	neg 1.0		off 0.508951935116084 neg 0.4484438980024913 __DUMMY__ 0.04260416688142456	false	0.5
kurz	neg 1.0		off 0.5152637167817241 neg 0.442144862055036 __DUMMY__ 0.04259142116323973	false	0.5
unsinnig	neg 1.0		off 0.5118033408646968 neg 0.44595733863235176 __DUMMY__ 0.04223932050295142	false	0.5
penner	off 1.0	off 1.0	off 0.7500406526712938 neg 0.23010328249646422 __DUMMY__ 0.019856064832242063	false	1.0
seicht	neg 1.0		off 0.5262994834922881 neg 0.43235276386127586 __DUMMY__ 0.041347752646436135	false	0.5
dummheit	off 1.0	off 1.0	off 0.744809940074708 neg 0.235100078134284 __DUMMY__ 0.020089981791008044	false	1.0
unerfreulich	neg 1.0		off 0.50954408656219 neg 0.4478904238844024 __DUMMY__ 0.042565489553407755	false	0.5
motherfucker	off 1.0	off 1.0	off 0.7479158172537455 neg 0.2320035174441689 __DUMMY__ 0.020080665302085646	false	1.0
pikiert	neg 1.0		off 0.5196100774683234 neg 0.4384381471321333 __DUMMY__ 0.04195177539954317	false	0.5
wrack	neg 1.0		off 0.5144641119967577 neg 0.4429356765425932 __DUMMY__ 0.04260021146064911	false	0.5
gangster	neg 1.0		off 0.5190935938851889 neg 0.4386274682686105 __DUMMY__ 0.04227893784620072	false	0.5
krank	neg 1.0		off 0.5216733441985679 neg 0.4362475705671801 __DUMMY__ 0.04207908523425192	false	0.5
reich	neg 1.0		off 0.5223115763244643 neg 0.43539750284685275 __DUMMY__ 0.042290920828682806	false	0.5
gnadenlos	neg 1.0		off 0.5155462145229389 neg 0.44220556494082014 __DUMMY__ 0.042248220536240826	false	0.5
niedergeschlagen	neg 1.0		off 0.5145214751630792 neg 0.44297592051684626 __DUMMY__ 0.04250260432007449	false	0.5
terrorisieren	off 1.0	off 1.0	off 0.7421415679874404 neg 0.2374925927709701 __DUMMY__ 0.020365839241589592	false	1.0
sinnlosigkeit	neg 1.0		off 0.5122470932877599 neg 0.4453742784013304 __DUMMY__ 0.04237862831090975	false	0.5
behindern	neg 1.0		off 0.5149641002487688 neg 0.44258131007566287 __DUMMY__ 0.042454589675568186	false	0.5
undemokratisch	neg 1.0		off 0.5151028124915189 neg 0.44265001241601226 __DUMMY__ 0.04224717509246879	false	0.5
wirtschaftskrise	neg 1.0		off 0.5108658073072576 neg 0.4467163360471279 __DUMMY__ 0.04241785664561445	false	0.5
neid	neg 1.0		off 0.5196010674909843 neg 0.4381743526296634 __DUMMY__ 0.0422245798793522	false	0.5
rutschen	neg 1.0		off 0.5105496287101245 neg 0.44635337383276696 __DUMMY__ 0.04309699745710857	false	0.5
rezession	neg 1.0		off 0.5192809503774853 neg 0.43920538120296526 __DUMMY__ 0.04151366841954935	false	0.5
fehlgeburt	neg 1.0		off 0.5180636346664967 neg 0.43956029969612964 __DUMMY__ 0.042376065637373624	false	0.5
charakterschwach	off 1.0		off 0.5194538904421911 neg 0.43868451317393403 __DUMMY__ 0.041861596383874725	false	1.0
isolation	neg 1.0		off 0.5187384878640279 neg 0.4390692323235179 __DUMMY__ 0.042192279812454304	false	0.5
ablenkung	neg 1.0		off 0.5156519456829519 neg 0.4419395549102749 __DUMMY__ 0.0424084994067731	false	0.5
pech	neg 1.0		off 0.5174570231226056 neg 0.4405015850404421 __DUMMY__ 0.04204139183695234	false	0.5
vermeidung	neg 1.0		off 0.5221495832685744 neg 0.4357309879900537 __DUMMY__ 0.04211942874137182	false	0.5
dominieren	neg 1.0		off 0.512146355090447 neg 0.44524547628647776 __DUMMY__ 0.04260816862307533	false	0.5
schwindlig	neg 1.0		off 0.5183706416681665 neg 0.43928866347054274 __DUMMY__ 0.04234069486129074	false	0.5
lutscher	neg 1.0		off 0.5274673747526496 neg 0.4311437956681721 __DUMMY__ 0.041388829579178284	false	0.5
pflicht	neg 1.0		off 0.5083033567503253 neg 0.4491948988063917 __DUMMY__ 0.04250174444328307	false	0.5
faschist	off 1.0		off 0.5179400471740898 neg 0.439887826397032 __DUMMY__ 0.04217212642887812	false	1.0
verschleudern	neg 1.0		off 0.5089849876518499 neg 0.4486016283628675 __DUMMY__ 0.042413383985282584	false	0.5
wenn			off 0.5188674027421197 neg 0.43901220553992815 __DUMMY__ 0.0421203917179522	false	0.0
ehebruch	neg 1.0		off 0.5121445109844038 neg 0.445331281285083 __DUMMY__ 0.04252420773051317	false	0.5
spott	off 1.0		off 0.5105946648464325 neg 0.4469560322743861 __DUMMY__ 0.042449302879181486	false	1.0
trostlosigkeit	neg 1.0		off 0.5107286724133598 neg 0.4464792151278395 __DUMMY__ 0.04279211245880065	false	0.5
lutschen	neg 1.0		off 0.5181248176156594 neg 0.43976200501426194 __DUMMY__ 0.04211317737007879	false	0.5
undiszipliniert	neg 1.0		off 0.5217828784783809 neg 0.4363443965575575 __DUMMY__ 0.041872724964061525	false	0.5
kopfschmerz	neg 1.0		off 0.5127183313388938 neg 0.44489100022189004 __DUMMY__ 0.04239066843921635	false	0.5
unvorhergesehen	neg 1.0		off 0.5131140526749246 neg 0.4440692466626334 __DUMMY__ 0.04281670066244212	false	0.5
desinteressiert	neg 1.0		off 0.521348760977783 neg 0.43674675114407224 __DUMMY__ 0.04190448787814474	false	0.5
armselig	off 1.0		off 0.5209911176742369 neg 0.4372971103279099 __DUMMY__ 0.04171177199785338	false	1.0
desaster	neg 1.0		off 0.5077053732180857 neg 0.4496065577438525 __DUMMY__ 0.04268806903806172	false	0.5
tod	neg 1.0		off 0.5166347526768688 neg 0.44047498045188554 __DUMMY__ 0.04289026687124561	false	0.5
herzlos	neg 1.0		off 0.5223623172366201 neg 0.4357918099176496 __DUMMY__ 0.041845872845730304	false	0.5
unwissenheit	neg 1.0		off 0.5118384666540068 neg 0.4457771306699989 __DUMMY__ 0.04238440267599439	false	0.5
widersinnig	neg 1.0		off 0.5094895912781263 neg 0.44835780869534053 __DUMMY__ 0.04215260002653303	false	0.5
bedenklich	neg 1.0		off 0.5103871623816821 neg 0.44723946327322245 __DUMMY__ 0.04237337434509538	false	0.5
beanstanden	neg 1.0		off 0.5083540482453867 neg 0.4490927041365938 __DUMMY__ 0.042553247618019485	false	0.5
panisch	neg 1.0	neg 1.0	neg 0.7031737490060419 off 0.27651422203950254 __DUMMY__ 0.02031202895445541	false	1.0
debil	off 1.0		off 0.5070673078071829 neg 0.44978194017126205 __DUMMY__ 0.04315075202155509	false	1.0
abstrich	neg 1.0		off 0.5199272117312266 neg 0.43715944024792064 __DUMMY__ 0.04291334802085278	false	0.5
primitiv	neg 1.0		off 0.5197208773825502 neg 0.43844822249761045 __DUMMY__ 0.04183090011983942	false	0.5
abschaum	off 1.0	off 1.0	off 0.7463252677809081 neg 0.2336100315943876 __DUMMY__ 0.020064700624704272	false	1.0
provozieren	neg 1.0		off 0.5140984650967779 neg 0.44376755159214626 __DUMMY__ 0.04213398331107577	false	0.5
tot	neg 1.0		off 0.5125764223557446 neg 0.4449652313043663 __DUMMY__ 0.042458346339889076	false	0.5
instabil	neg 1.0		off 0.5213935013513455 neg 0.43679172269232935 __DUMMY__ 0.041814775956324976	false	0.5
schwuchtel	off 1.0	off 1.0	off 0.7520839931096461 neg 0.228293579418679 __DUMMY__ 0.01962242747167486	false	1.0
zerren	neg 1.0		off 0.513753791414234 neg 0.44373624464904304 __DUMMY__ 0.04250996393672299	false	0.5
kinderficker	off 1.0		off 0.5251203757420794 neg 0.43313663559334775 __DUMMY__ 0.04174298866457291	false	1.0
gefahr	neg 1.0		off 0.5098866950934519 neg 0.4473982112443284 __DUMMY__ 0.04271509366221973	false	0.5
rabiat	neg 1.0		off 0.515319890038486 neg 0.44231473314309727 __DUMMY__ 0.04236537681841662	false	0.5
verlangsamung	neg 1.0		off 0.5245593468098372 neg 0.43398150427669197 __DUMMY__ 0.041459148913470856	false	0.5
ausgestorben	neg 1.0		off 0.5155980670557926 neg 0.4419637465784352 __DUMMY__ 0.04243818636577226	false	0.5
anklagen	neg 1.0		off 0.5120786308656622 neg 0.44544003722135633 __DUMMY__ 0.04248133191298153	false	0.5
trott	neg 1.0		off 0.5151758005417708 neg 0.44239287199811966 __DUMMY__ 0.042431327460109726	false	0.5
verminderung	neg 1.0		off 0.5214615600350735 neg 0.4365353566073003 __DUMMY__ 0.04200308335762621	false	0.5
nach			off 0.5087216041094851 neg 0.4481838870098662 __DUMMY__ 0.0430945088806488	false	0.0
rost	neg 1.0		off 0.5251492435000714 neg 0.4331730061378978 __DUMMY__ 0.04167775036203069	false	0.5
destruktiv	neg 1.0		off 0.5132295979895601 neg 0.4445517504908911 __DUMMY__ 0.042218651519548886	false	0.5
unzumutbarkeit	neg 1.0		off 0.5211391360286627 neg 0.4367061031627806 __DUMMY__ 0.04215476080855673	false	0.5
labil	off 1.0	off 1.0	off 0.7462634374406129 neg 0.23361965470547327 __DUMMY__ 0.020116907853913853	false	1.0
ziemlich	neg 1.0		off 0.5211604137815229 neg 0.4367323962576297 __DUMMY__ 0.04210718996084745	false	0.5
lachnummer	off 1.0		off 0.5139971649708444 neg 0.44379688940084044 __DUMMY__ 0.042205945628315165	false	1.0
oder			off 0.516517355385142 neg 0.4411034085324132 __DUMMY__ 0.04237923608244468	false	0.0
verfall	neg 1.0		off 0.5060469539164836 neg 0.45111325349712317 __DUMMY__ 0.04283979258639329	false	0.5
ausgrenzung	neg 1.0		off 0.5161229698959937 neg 0.4416183065080875 __DUMMY__ 0.04225872359591874	false	0.5
unordnung	neg 1.0		off 0.5253706189928236 neg 0.4324229861561857 __DUMMY__ 0.04220639485099083	false	0.5
fehlverhalten	neg 1.0		off 0.5083812352403149 neg 0.4491980677116016 __DUMMY__ 0.042420697048083406	false	0.5
eine			off 0.5106037685980215 neg 0.44668501542704453 __DUMMY__ 0.04271121597493409	false	0.0
nille	neg 1.0		off 0.5157828322824489 neg 0.44171479323645924 __DUMMY__ 0.042502374481091856	false	0.5
qual	neg 1.0		off 0.5149657426395672 neg 0.44256792132377454 __DUMMY__ 0.042466336036658295	false	0.5
verschwenden	neg 1.0		off 0.509688305685223 neg 0.44792671927580036 __DUMMY__ 0.04238497503897657	false	0.5
riesig	neg 1.0		off 0.5136159672830081 neg 0.4437019075287502 __DUMMY__ 0.04268212518824173	false	0.5
verurteilen	neg 1.0		off 0.5109784925755939 neg 0.44670600057854315 __DUMMY__ 0.04231550684586288	false	0.5
klischee	neg 1.0	neg 1.0	neg 0.704702506484692 off 0.2752171983698593 __DUMMY__ 0.020080295145448727	false	1.0
diktatorisch	neg 1.0		off 0.5147602848612843 neg 0.4430500891102592 __DUMMY__ 0.042189626028456426	false	0.5
vorhersehbar	neg 1.0		off 0.5157897495928865 neg 0.4422339713767138 __DUMMY__ 0.04197627903039966	false	0.5
sowie			off 0.5243177174541162 neg 0.43394364545764125 __DUMMY__ 0.041738637088242575	false	0.0
stornieren	neg 1.0		off 0.520624376259481 neg 0.4367540545662535 __DUMMY__ 0.04262156917426564	false	0.5
besteuerung	neg 1.0		off 0.5129720289223461 neg 0.44496995003029544 __DUMMY__ 0.042058021047358424	false	0.5
ungeschminkt	neg 1.0		off 0.5189106404782972 neg 0.4393194646784535 __DUMMY__ 0.04176989484324929	false	0.5
kritisch	neg 1.0		off 0.5104795604292341 neg 0.44709810055519567 __DUMMY__ 0.04242233901557035	false	0.5
schlamperei	off 1.0		off 0.5104839579876292 neg 0.4469136578018464 __DUMMY__ 0.04260238421052443	false	1.0
sucht	neg 1.0	neg 1.0	neg 0.7019342386907792 off 0.2775219864105744 __DUMMY__ 0.020543774898646387	false	1.0
egoistisch	off 1.0		off 0.5235876742934081 neg 0.43484572861776394 __DUMMY__ 0.04156659708882793	false	1.0
ausbeuter	off 1.0		off 0.5078038949297347 neg 0.4498327040792631 __DUMMY__ 0.04236340099100222	false	1.0
arschgeburt	off 1.0		off 0.5292419807305937 neg 0.4296928653775255 __DUMMY__ 0.041065153891880916	false	1.0
schubs	neg 1.0		off 0.513142085991773 neg 0.4444367206739723 __DUMMY__ 0.04242119333425476	false	0.5
unsolide	neg 1.0		off 0.5143836288245379 neg 0.4435653556491688 __DUMMY__ 0.04205101552629333	false	0.5
beschwerde	neg 1.0		off 0.5098484226243499 neg 0.4477223759434 __DUMMY__ 0.04242920143225007	false	0.5
stocken	neg 1.0		off 0.5110959740699494 neg 0.44629820525496217 __DUMMY__ 0.042605820675088404	false	0.5
isolieren	neg 1.0		off 0.5118972910118118 neg 0.44562874556628146 __DUMMY__ 0.04247396342190683	false	0.5
unheilbar	neg 1.0		off 0.5163782948971474 neg 0.44118672659193525 __DUMMY__ 0.04243497851091739	false	0.5
pisser	off 1.0		off 0.5216215404121071 neg 0.43655443388934656 __DUMMY__ 0.041824025698546353	false	1.0
löschen	neg 1.0		off 0.5158232449337148 neg 0.44172888825684553 __DUMMY__ 0.04244786680943969	false	0.5
durchfallen	neg 1.0		off 0.5097349747330046 neg 0.4480096722913141 __DUMMY__ 0.04225535297568141	false	0.5
wichser	off 1.0	off 1.0	off 0.7514612882537869 neg 0.2287748223966721 __DUMMY__ 0.01976388934954105	false	1.0
terror	neg 1.0		off 0.5187780541816291 neg 0.4389358732188156 __DUMMY__ 0.042286072599555274	false	0.5
krass	neg 1.0		off 0.5227473622953718 neg 0.43548067781720023 __DUMMY__ 0.041771959887427976	false	0.5
revolte	neg 1.0		off 0.5170621711160672 neg 0.4406596784262213 __DUMMY__ 0.04227815045771161	false	0.5
besorgt	neg 1.0		off 0.5166886679575124 neg 0.44054848401420965 __DUMMY__ 0.04276284802827781	false	0.5
nachlassen	neg 1.0		off 0.5130275873506499 neg 0.4441904830612695 __DUMMY__ 0.042781929588080636	false	0.5
alt	neg 1.0		off 0.5129159822982523 neg 0.4446112507175414 __DUMMY__ 0.04247276698420633	false	0.5
hundesohn	off 1.0		off 0.527808769872899 neg 0.4307661896977116 __DUMMY__ 0.04142504042938934	false	1.0
als			off 0.5125970270301 neg 0.44498591243496083 __DUMMY__ 0.04241706053493909	false	0.0
abschreckung	neg 1.0		off 0.5088817649381587 neg 0.4484904729134232 __DUMMY__ 0.04262776214841814	false	0.5
unqualifiziert	neg 1.0		off 0.5162735528778889 neg 0.4418180776569231 __DUMMY__ 0.041908369465187965	false	0.5
abgewichst	off 1.0		off 0.5151623352625556 neg 0.4423044988123016 __DUMMY__ 0.042533165925142766	false	1.0
schwer	neg 1.0		off 0.5135509727765475 neg 0.44415821909065006 __DUMMY__ 0.042290808132802254	false	0.5
bedeutungslosigkeit	neg 1.0		off 0.509253863725707 neg 0.4482211123075005 __DUMMY__ 0.04252502396679252	false	0.5
kapitulation	neg 1.0		off 0.5114938432904288 neg 0.44594912315355084 __DUMMY__ 0.04255703355602053	false	0.5
unscharf	neg 1.0		off 0.516065474880969 neg 0.4418695549321046 __DUMMY__ 0.0420649701869264	false	0.5
schwinden	neg 1.0		off 0.5106792448439955 neg 0.4466352470831033 __DUMMY__ 0.04268550807290117	false	0.5
versklavung	neg 1.0		off 0.5165820382343219 neg 0.4410100918654782 __DUMMY__ 0.042407869900199846	false	0.5
schlecht	neg 1.0		off 0.5213103426190657 neg 0.4365857810232544 __DUMMY__ 0.04210387635767974	false	0.5
verhasst	neg 1.0		off 0.5138601271237052 neg 0.4441070665547073 __DUMMY__ 0.04203280632158765	false	0.5
beschweren	neg 1.0		off 0.5165075426191044 neg 0.44127594054317315 __DUMMY__ 0.04221651683772244	false	0.5
scheiden	neg 1.0		off 0.5165346259508745 neg 0.44096911715750914 __DUMMY__ 0.04249625689161643	false	0.5
frustriert	neg 1.0		off 0.5126185307239359 neg 0.4450574049588475 __DUMMY__ 0.042324064317216616	false	0.5
schimmelig	neg 1.0		off 0.5106899053311161 neg 0.447024272118786 __DUMMY__ 0.042285822550097885	false	0.5
fisch	neg 1.0		off 0.5084998782700754 neg 0.4490270430190076 __DUMMY__ 0.04247307871091692	false	0.5
schmuggel	neg 1.0		off 0.5109931828122695 neg 0.44639389213058356 __DUMMY__ 0.04261292505714683	false	0.5
auffallen	neg 1.0		off 0.5173270398662646 neg 0.4404904825214936 __DUMMY__ 0.04218247761224184	false	0.5
konkurrenz	neg 1.0		off 0.5085073626642389 neg 0.4488506555370102 __DUMMY__ 0.04264198179875086	false	0.5
teufelskreis	neg 1.0		off 0.5135212198118815 neg 0.4442096198200307 __DUMMY__ 0.04226916036808777	false	0.5
aufschreien	neg 1.0		off 0.5165215708040491 neg 0.4413889699801028 __DUMMY__ 0.042089459215848155	false	0.5
schuldner	neg 1.0		off 0.5079902166521828 neg 0.44954541381536556 __DUMMY__ 0.042464369532451564	false	0.5
missgeburt	off 1.0	off 1.0	off 0.7491378900597158 neg 0.23102824840306704 __DUMMY__ 0.019833861537217067	false	1.0
arbeitslos	neg 1.0		off 0.5099526738435524 neg 0.4478133939992565 __DUMMY__ 0.04223393215719116	false	0.5
befallen	neg 1.0		off 0.5155881874225672 neg 0.4418128208279118 __DUMMY__ 0.04259899174952098	false	0.5
miesepetrig	off 1.0	off 1.0	off 0.7468176062227035 neg 0.23308848411075228 __DUMMY__ 0.02009390966654422	false	1.0
alarmieren	neg 1.0		off 0.5182392731034933 neg 0.43971326176858716 __DUMMY__ 0.04204746512791964	false	0.5
ungeduscht	off 1.0		off 0.51800100509658 neg 0.44000189489010494 __DUMMY__ 0.04199710001331502	false	1.0
knappheit	neg 1.0		off 0.5095495160340682 neg 0.44819664884381827 __DUMMY__ 0.04225383512211369	false	0.5
schlange	neg 1.0		off 0.5191555990822181 neg 0.43831331590427386 __DUMMY__ 0.042531085013508094	false	0.5
harsch	neg 1.0		off 0.5267371976598088 neg 0.43122479331230584 __DUMMY__ 0.04203800902788527	false	0.5
lang	neg 1.0		off 0.5168235812758751 neg 0.4407508785510544 __DUMMY__ 0.04242554017307043	false	0.5
ziellos	neg 1.0		off 0.5129599435707057 neg 0.44442384804770335 __DUMMY__ 0.04261620838159098	false	0.5
selbstverliebt	neg 1.0		off 0.5277065535338675 neg 0.4310675666738399 __DUMMY__ 0.04122587979229265	false	0.5
beseitigen	neg 1.0		off 0.5147284875878311 neg 0.44274256509697807 __DUMMY__ 0.04252894731519088	false	0.5
dumm	off 1.0		off 0.525009495481141 neg 0.43338552895900245 __DUMMY__ 0.04160497555985666	false	1.0
arbeitsloser	neg 1.0		off 0.511625933828991 neg 0.4459662770628637 __DUMMY__ 0.042407789108145286	false	0.5
blitzen	neg 1.0		off 0.5188121192712428 neg 0.4389151059031021 __DUMMY__ 0.042272774825655085	false	0.5
hilflos	neg 1.0		off 0.512534642618517 neg 0.44509354783773547 __DUMMY__ 0.04237180954374739	false	0.5
eklig	off 1.0		off 0.5245680568146158 neg 0.43396958497533716 __DUMMY__ 0.041462358210047165	false	1.0
begriff			off 0.5135779565593304 neg 0.44410242324452165 __DUMMY__ 0.04231962019614804	false	0.0
hungersnot	neg 1.0		off 0.5140751721775942 neg 0.4433136580296206 __DUMMY__ 0.042611169792785175	false	0.5
ungesetzlich	neg 1.0		off 0.5123303151604416 neg 0.4456649802662416 __DUMMY__ 0.04200470457331681	false	0.5
verschwendung	neg 1.0		off 0.5105340414910932 neg 0.44692874728347987 __DUMMY__ 0.042537211225427064	false	0.5
schmerzvoll	neg 1.0		off 0.5169120838374058 neg 0.44079991166776267 __DUMMY__ 0.04228800449483144	false	0.5
vorzeitig	neg 1.0		off 0.5188017373215296 neg 0.4388912940977784 __DUMMY__ 0.04230696858069209	false	0.5
unvollkommenheit	neg 1.0		off 0.5152911025597585 neg 0.4419379877333203 __DUMMY__ 0.04277090970692111	false	0.5
intervenieren	neg 1.0		off 0.5090401359061812 neg 0.4485345288325871 __DUMMY__ 0.042425335261231684	false	0.5
banause	off 1.0		off 0.525717914630425 neg 0.4330640880998147 __DUMMY__ 0.04121799726976025	false	1.0
rebell	neg 1.0		off 0.5072750114778586 neg 0.45001743875185085 __DUMMY__ 0.042707549770290586	false	0.5
unlogisch	neg 1.0		off 0.520760093971464 neg 0.43752275572490984 __DUMMY__ 0.041717150303626056	false	0.5
leiden	neg 1.0		off 0.5110291727698807 neg 0.44626059971196913 __DUMMY__ 0.04271022751815019	false	0.5
abschaffung	neg 1.0		off 0.5143906907041049 neg 0.44334708642487447 __DUMMY__ 0.04226222287102069	false	0.5
sturz	neg 1.0		off 0.516715686184016 neg 0.44077491614958053 __DUMMY__ 0.04250939766640341	false	0.5
verkleinerung	neg 1.0		off 0.5144131374149691 neg 0.4437040514568047 __DUMMY__ 0.04188281112822618	false	0.5
schmarotzer	off 1.0		off 0.509899355264 neg 0.4479783348285069 __DUMMY__ 0.04212230990749313	false	1.0
bestrafung	neg 1.0		off 0.516536382708047 neg 0.44111167923063466 __DUMMY__ 0.04235193806131847	false	0.5
achtlos	neg 1.0	neg 1.0	neg 0.7056442719807915 off 0.2740482643233462 __DUMMY__ 0.02030746369586238	false	1.0
ungeheuer	neg 1.0		off 0.5184392286287531 neg 0.43923513131584785 __DUMMY__ 0.04232564005539906	false	0.5
unaufrichtig	neg 1.0		off 0.5193732278916953 neg 0.43827774593363644 __DUMMY__ 0.042349026174668396	false	0.5
groggy	neg 1.0		off 0.5187112481919257 neg 0.4390022456792568 __DUMMY__ 0.042286506128817423	false	0.5
verletzlich	neg 1.0		off 0.5194578965557882 neg 0.4386778887014075 __DUMMY__ 0.041864214742804357	false	0.5
