unsolidarisch	neg 1.0		__DUMMY__ 0.9274883260571194 off 0.03785169880461593 neg 0.034659975138264756	false	0.5
nachteilig	neg 1.0		__DUMMY__ 0.9324377858276868 off 0.03415511419188021 neg 0.033407099980433	false	0.5
skeptisch	neg 1.0		__DUMMY__ 0.9324401673331245 off 0.03385818470870446 neg 0.03370164795817098	false	0.5
schrecklich	neg 1.0		__DUMMY__ 0.9249038249879243 off 0.04491465313708007 neg 0.03018152187499564	false	0.5
schlapp	neg 1.0		__DUMMY__ 0.9279526459279653 off 0.04144513057961924 neg 0.030602223492415332	false	0.5
abfall	neg 1.0		__DUMMY__ 0.9366982561613134 neg 0.03235509909465392 off 0.03094664474403264	false	1.0
widerspenstig	neg 1.0		__DUMMY__ 0.9311500775434824 off 0.03744781181785884 neg 0.03140211063865871	false	0.5
abrupt	neg 1.0		__DUMMY__ 0.9355956463780996 off 0.03396624223201032 neg 0.03043811138989018	false	0.5
unwirksam	neg 1.0		__DUMMY__ 0.9265045292667718 off 0.037415915656485235 neg 0.036079555076742834	false	0.5
angreifen	neg 1.0		__DUMMY__ 0.9325685534042869 off 0.03394058381714828 neg 0.03349086277856477	false	0.5
inkonsistent	neg 1.0		__DUMMY__ 0.9297972116846024 off 0.037984843584037295 neg 0.03221794473136029	false	0.5
abrutschen	neg 1.0		__DUMMY__ 0.9342225659975062 neg 0.03436981434166137 off 0.03140761966083243	false	1.0
unsicher	neg 1.0		__DUMMY__ 0.931327505960592 off 0.03753664607604983 neg 0.03113584796335815	false	0.5
bauernkind	off 1.0	off 1.0	off 0.511380911791174 __DUMMY__ 0.4557104213157167 neg 0.03290866689310931	false	1.0
angreifer	neg 1.0	neg 1.0	neg 0.49647451919290997 __DUMMY__ 0.4680078656241945 off 0.03551761518289558	false	1.0
trennen	neg 1.0		__DUMMY__ 0.9356344512660106 off 0.03330174551082856 neg 0.03106380322316087	false	0.5
schmutz	neg 1.0		__DUMMY__ 0.9356559295453194 off 0.03837821409406772 neg 0.02596585636061286	false	0.5
inkonsistenz	neg 1.0		__DUMMY__ 0.9226626061729417 off 0.04216223776672145 neg 0.03517515606033692	false	0.5
erschreckend	neg 1.0		__DUMMY__ 0.9295006351345946 off 0.03722545236968351 neg 0.033273912495722015	false	0.5
ertrinken	neg 1.0		__DUMMY__ 0.9343703999837549 off 0.03404297336003233 neg 0.03158662665621276	false	0.5
pickelface	off 1.0		__DUMMY__ 0.932226920916439 off 0.0367756165240202 neg 0.030997462559540827	false	1.0
seiner			__DUMMY__ 0.9330415577614088 off 0.03405703141353764 neg 0.032901410825053545	false	0.0
lauch	neg 1.0		__DUMMY__ 0.9365730068737028 neg 0.031998036411843095 off 0.03142895671445401	false	1.0
unwichtig	neg 1.0		__DUMMY__ 0.9259806322997987 off 0.041633724085239715 neg 0.032385643614961636	false	0.5
steuerhinterziehung	neg 1.0	neg 1.0	neg 0.5005347077487153 __DUMMY__ 0.46693685385966877 off 0.0325284383916159	false	1.0
schock	neg 1.0		__DUMMY__ 0.9321806498741598 off 0.03684831189796952 neg 0.03097103822787072	false	0.5
beule	neg 1.0		__DUMMY__ 0.9271646224213178 off 0.04219599223294226 neg 0.03063938534573987	false	0.5
vergelten	neg 1.0		__DUMMY__ 0.9279446177744892 off 0.04408278617207284 neg 0.027972596053438017	false	0.5
verdorbenheit	neg 1.0		__DUMMY__ 0.933273384905093 off 0.037498768829713425 neg 0.029227846265193494	false	0.5
trauma	neg 1.0		__DUMMY__ 0.930552669701093 off 0.038297496631992875 neg 0.03114983366691425	false	0.5
sinnlos	neg 1.0		__DUMMY__ 0.929543147460854 off 0.039421874550955416 neg 0.031034977988190597	false	0.5
fettsack	off 1.0	off 1.0	off 0.5122531344714075 __DUMMY__ 0.4572555089296367 neg 0.030491356598955823	false	1.0
feige	off 1.0	off 1.0	off 0.5083810371912159 __DUMMY__ 0.4612779281103653 neg 0.03034103469841879	false	1.0
abdanken	neg 1.0		__DUMMY__ 0.9311031109384872 off 0.03742795575348527 neg 0.031468933308027504	false	0.5
wichtigtuer	off 1.0	off 1.0	off 0.5065423790365644 __DUMMY__ 0.46320853925476685 neg 0.03024908170866871	false	1.0
misslingen	neg 1.0		__DUMMY__ 0.9351485865211708 off 0.03741313504196092 neg 0.027438278436868222	false	0.5
untreu	off 1.0		__DUMMY__ 0.926841969729465 off 0.041931010943486516 neg 0.031227019327048505	false	1.0
missmutig	neg 1.0		__DUMMY__ 0.9286483375545472 off 0.04126284840701904 neg 0.03008881403843375	false	0.5
hurenbock	off 1.0		__DUMMY__ 0.9325524319397953 off 0.0387529529785148 neg 0.02869461508168994	false	1.0
betrunken	neg 1.0		__DUMMY__ 0.9271483117936323 off 0.04290106821960075 neg 0.029950619986766843	false	0.5
korrupt	off 1.0		__DUMMY__ 0.9286146764329245 off 0.036070451143395375 neg 0.03531487242368017	false	1.0
unmut	neg 1.0		__DUMMY__ 0.9349685209417162 neg 0.03347427494848358 off 0.031557204109800216	false	1.0
hackfresse	off 1.0		__DUMMY__ 0.9215746998592643 off 0.047772230338578636 neg 0.03065306980215703	false	1.0
aufblasen	neg 1.0		__DUMMY__ 0.9309130232880162 off 0.03887565754323587 neg 0.030211319168748023	false	0.5
gewaltsam	neg 1.0		__DUMMY__ 0.9327927478159612 off 0.036372446735683184 neg 0.03083480544835562	false	0.5
unbeliebtheit	neg 1.0		__DUMMY__ 0.924967901252013 off 0.04101059170041157 neg 0.03402150704757538	false	0.5
sturheit	neg 1.0		__DUMMY__ 0.9303088132351376 off 0.036843685779337484 neg 0.03284750098552484	false	0.5
kuh	neg 1.0		__DUMMY__ 0.9247431175054747 off 0.039251441036352294 neg 0.03600544145817312	false	0.5
erschrecken	neg 1.0		__DUMMY__ 0.929613369303093 off 0.041044646206566504 neg 0.029341984490340506	false	0.5
opfer	neg 1.0		__DUMMY__ 0.9326536946785546 off 0.03498506733992753 neg 0.03236123798151781	false	0.5
sinken	neg 1.0		__DUMMY__ 0.9356313262202307 neg 0.03252429212397718 off 0.03184438165579205	false	1.0
stinktier	neg 1.0		__DUMMY__ 0.9191538933435252 off 0.04567446245218204 neg 0.03517164420429283	false	0.5
tucke	off 1.0		__DUMMY__ 0.9207095811370039 off 0.04861741956807043 neg 0.030672999294925736	false	1.0
ein			__DUMMY__ 0.9301070549701459 off 0.03819363187810335 neg 0.03169931315175075	false	0.0
abstieg	neg 1.0		__DUMMY__ 0.9331952200437212 off 0.03409793233957337 neg 0.03270684761670542	false	0.5
missverstehen	neg 1.0		__DUMMY__ 0.9261661849645842 off 0.04024502581613568 neg 0.033588789219280143	false	0.5
ergebnislos	neg 1.0		__DUMMY__ 0.9334384971484214 off 0.03384867684447815 neg 0.032712826007100404	false	0.5
unter			__DUMMY__ 0.9402983611183477 neg 0.03238982112671341 off 0.027311817754938877	false	0.0
manipulieren	neg 1.0		__DUMMY__ 0.9342116325846141 off 0.03355130633521042 neg 0.03223706108017545	false	0.5
unbewiesen	neg 1.0		__DUMMY__ 0.926682582854019 off 0.03788611963529141 neg 0.03543129751068949	false	0.5
verschleppen	neg 1.0		__DUMMY__ 0.9314895333996217 off 0.03531978358865836 neg 0.033190683011719915	false	0.5
weib	off 1.0		__DUMMY__ 0.9182960561482473 off 0.048540574212870044 neg 0.03316336963888269	false	1.0
opposition	neg 1.0		__DUMMY__ 0.9281910680504795 off 0.03865647697878571 neg 0.03315245497073482	false	0.5
verkehrswidrig	neg 1.0		__DUMMY__ 0.9289449289363984 off 0.04437016696934757 neg 0.026684904094254055	false	0.5
inkorrekt	neg 1.0		__DUMMY__ 0.9229457744134139 off 0.04481715760223793 neg 0.03223706798434827	false	0.5
vermeiden	neg 1.0		__DUMMY__ 0.9367662135552465 neg 0.03333875411095072 off 0.029895032333802803	false	1.0
abweichung	neg 1.0		__DUMMY__ 0.9315960565282597 off 0.03473410844335206 neg 0.033669835028388224	false	0.5
alkoholisiert	neg 1.0		__DUMMY__ 0.9343312324921983 off 0.033306237539505616 neg 0.03236252996829616	false	0.5
scheiss	off 1.0	off 1.0	off 0.5079301591752391 __DUMMY__ 0.4629924377290781 neg 0.029077403095682828	false	1.0
herausforderung	neg 1.0		__DUMMY__ 0.9339448650193806 off 0.033603067267688747 neg 0.032452067712930584	false	0.5
pervers	off 1.0		__DUMMY__ 0.9189476007353413 off 0.05060793640880793 neg 0.030444462855850778	false	1.0
wackelig	neg 1.0		__DUMMY__ 0.9347173693594233 off 0.03559023062885703 neg 0.029692400011719623	false	0.5
verwickeln	neg 1.0		__DUMMY__ 0.9265573896041228 off 0.039840345976445854 neg 0.03360226441943124	false	0.5
vorwand	neg 1.0		__DUMMY__ 0.9329731725282197 neg 0.03353866908434632 off 0.03348815838743393	false	1.0
muschi	off 1.0		__DUMMY__ 0.9317833423822828 off 0.03695831345627973 neg 0.03125834416143756	false	1.0
entmutigung	neg 1.0		__DUMMY__ 0.9291612029708926 off 0.03882601451324586 neg 0.032012782515861544	false	0.5
unangemessen	neg 1.0		__DUMMY__ 0.9284597429255609 off 0.036651147106580004 neg 0.03488910996785917	false	0.5
unstetig	neg 1.0		__DUMMY__ 0.9292235119634387 off 0.03935675898439666 neg 0.03141972905216466	false	0.5
entmutigen	neg 1.0		__DUMMY__ 0.9301366478778661 off 0.03835831799918412 neg 0.03150503412294981	false	0.5
schwanz	neg 1.0		__DUMMY__ 0.9334994250399733 off 0.034711629504698006 neg 0.031788945455328815	false	0.5
verbot	neg 1.0		__DUMMY__ 0.9311784946342893 off 0.03567043554046206 neg 0.03315106982524864	false	0.5
leid	neg 1.0		__DUMMY__ 0.9225068306592645 off 0.04619305444616052 neg 0.031300114894574974	false	0.5
archaisch	neg 1.0		__DUMMY__ 0.9309095036714177 off 0.03662961218507037 neg 0.03246088414351201	false	0.5
gegen			__DUMMY__ 0.9346496748361267 neg 0.03310947197828044 off 0.032240853185592874	false	0.0
scheidung	neg 1.0		__DUMMY__ 0.9212549131135702 off 0.054218102282811695 neg 0.024526984603618063	false	0.5
einschlag	neg 1.0		__DUMMY__ 0.9258653256168906 off 0.043910087167698585 neg 0.030224587215410804	false	0.5
m			__DUMMY__ 0.9329676687362091 off 0.035527452823990155 neg 0.03150487843980083	false	0.0
abgestanden	neg 1.0		__DUMMY__ 0.9298150444307466 off 0.03737100162595875 neg 0.032813953943294664	false	0.5
schmierig	off 1.0		__DUMMY__ 0.9248861793573668 off 0.0455607575385659 neg 0.02955306310406725	false	1.0
unpraktisch	neg 1.0		__DUMMY__ 0.9299434445708192 off 0.038486627032811846 neg 0.031569928396368935	false	0.5
wixxer	off 1.0		__DUMMY__ 0.9171491767538399 off 0.05083973735997841 neg 0.03201108588618171	false	1.0
bezeichnet			__DUMMY__ 0.927935780863494 off 0.03794491570305021 neg 0.03411930343345575	false	0.0
jammerlappen	off 1.0		__DUMMY__ 0.9280684613018688 off 0.04158875605119104 neg 0.03034278264694017	false	1.0
farce	neg 1.0		__DUMMY__ 0.9301167199641203 off 0.03642438468860536 neg 0.03345889534727433	false	0.5
zwecklos	neg 1.0		__DUMMY__ 0.9300386389196539 off 0.03631328588641794 neg 0.03364807519392814	false	0.5
turbulent	neg 1.0		__DUMMY__ 0.9263570215200786 off 0.04266567875399218 neg 0.030977299725929268	false	0.5
invasion	neg 1.0		__DUMMY__ 0.9287017039193277 off 0.03915255077000933 neg 0.03214574531066287	false	0.5
schuld	neg 1.0		__DUMMY__ 0.9283468059855028 off 0.038711030351385144 neg 0.03294216366311213	false	0.5
risiko	neg 1.0	neg 1.0	neg 0.49641540845545734 __DUMMY__ 0.4687446167819797 off 0.034839974762563	false	1.0
finster	neg 1.0		__DUMMY__ 0.9280217870392724 off 0.03818482503217822 neg 0.0337933879285494	false	0.5
geisteskrank	off 1.0		__DUMMY__ 0.923124719388609 off 0.043262448345379116 neg 0.033612832266011874	false	1.0
zusammenbrechen	neg 1.0		__DUMMY__ 0.9313170191157918 off 0.03625863998462475 neg 0.032424340899583494	false	0.5
ausbeute	neg 1.0		__DUMMY__ 0.9388580131317136 off 0.03408309032661692 neg 0.027058896541669587	false	0.5
hinterhalt	neg 1.0		__DUMMY__ 0.9382440600489409 off 0.03573066246861251 neg 0.02602527748244651	false	0.5
kritik	neg 1.0		__DUMMY__ 0.9299508400672035 off 0.0363156151317397 neg 0.03373354480105673	false	0.5
einschrumpfen	neg 1.0		__DUMMY__ 0.9268856337471051 off 0.040885184631255365 neg 0.032229181621639486	false	0.5
riskant	neg 1.0		__DUMMY__ 0.9312965119839722 off 0.034364519349649215 neg 0.03433896866637853	false	0.5
frustrieren	neg 1.0		__DUMMY__ 0.9312522479383242 off 0.0350475318356815 neg 0.033700220225994275	false	0.5
groll	neg 1.0		__DUMMY__ 0.9301904016879962 off 0.035939498779713246 neg 0.0338700995322906	false	0.5
gibt			__DUMMY__ 0.9312983760837092 off 0.03639120493405528 neg 0.032310418982235425	false	0.0
qualvoll	neg 1.0		__DUMMY__ 0.9299419689828223 off 0.0399759792585366 neg 0.030082051758641117	false	0.5
wackeln	neg 1.0		__DUMMY__ 0.9326935398464823 off 0.038145215593419546 neg 0.029161244560098228	false	0.5
klagen	neg 1.0		__DUMMY__ 0.9339136708504604 neg 0.03390901455024941 off 0.03217731459929016	false	1.0
bankrott	neg 1.0		__DUMMY__ 0.9297736651895326 off 0.04076515086710538 neg 0.029461183943361988	false	0.5
trauern	neg 1.0		__DUMMY__ 0.9351877957864368 off 0.034486885238061836 neg 0.030325318975501326	false	0.5
ablehnung	neg 1.0		__DUMMY__ 0.9298139181762465 off 0.036125121543735476 neg 0.03406096028001802	false	0.5
stur	neg 1.0		__DUMMY__ 0.9280352324276062 off 0.03880542030156083 neg 0.03315934727083285	false	0.5
aufruhr	neg 1.0		__DUMMY__ 0.9313269910982477 off 0.03684378464127894 neg 0.03182922426047342	false	0.5
melancholie	neg 1.0		__DUMMY__ 0.9332730340088509 off 0.034697369897027666 neg 0.032029596094121406	false	0.5
ist			__DUMMY__ 0.9292950124805254 off 0.03921093172252824 neg 0.03149405579694636	false	0.0
torheit	neg 1.0		__DUMMY__ 0.9304381190140654 off 0.03803481777354368 neg 0.03152706321239091	false	0.5
dreckskind	off 1.0		__DUMMY__ 0.9202521433826654 off 0.047171823916180126 neg 0.032576032701154604	false	1.0
umtauschen	neg 1.0		__DUMMY__ 0.931080414951327 off 0.03680143564145452 neg 0.032118149407218514	false	0.5
zum			__DUMMY__ 0.9401049366501602 neg 0.030125256004762162 off 0.02976980734507773	false	0.0
zersetzen	neg 1.0		__DUMMY__ 0.9320792355204812 neg 0.0342047504897236 off 0.03371601398979517	false	1.0
zur			__DUMMY__ 0.9382986652124494 neg 0.0321033814004057 off 0.029597953387144937	false	0.0
frust	neg 1.0		__DUMMY__ 0.9315996786509501 off 0.03631122453970522 neg 0.03208909680934476	false	0.5
unerbittlichkeit	neg 1.0		__DUMMY__ 0.9330259758715524 off 0.033634774811959776 neg 0.03333924931648782	false	0.5
zwei			__DUMMY__ 0.9385606875520881 neg 0.030786828743748208 off 0.03065248370416371	false	0.0
unkorrekt	neg 1.0		__DUMMY__ 0.9242914092732396 off 0.044228897964994705 neg 0.03147969276176574	false	0.5
hexe	off 1.0		__DUMMY__ 0.9251795950787524 off 0.041530980150885966 neg 0.03328942477036166	false	1.0
lasch	neg 1.0		__DUMMY__ 0.9256870282840307 off 0.04101938776224251 neg 0.03329358395372675	false	0.5
rivale	neg 1.0		__DUMMY__ 0.9262182080133808 off 0.043282784922857795 neg 0.030499007063761418	false	0.5
mutlos	off 1.0	off 1.0	off 0.5015487675047525 __DUMMY__ 0.4670557196435976 neg 0.03139551285164999	false	1.0
wirr	off 1.0		__DUMMY__ 0.9237248186413458 off 0.04490454824784729 neg 0.0313706331108069	false	1.0
jahr			__DUMMY__ 0.9390183147172201 off 0.03252044642475789 neg 0.028461238858022087	false	0.0
wird			__DUMMY__ 0.9315863865875114 off 0.03535747892971319 neg 0.03305613448277543	false	0.0
strafbar	neg 1.0		__DUMMY__ 0.9312472359319763 off 0.034774023862045776 neg 0.033978740205977964	false	0.5
erosion	neg 1.0		__DUMMY__ 0.9326870897385919 off 0.03737577674932181 neg 0.02993713351208628	false	0.5
eingehen	neg 1.0		__DUMMY__ 0.9308668379936959 off 0.0349089407092644 neg 0.03422422129703969	false	0.5
faul	off 1.0		__DUMMY__ 0.9294590632216608 off 0.04060825725842215 neg 0.029932679519916936	false	1.0
provisorium	neg 1.0		__DUMMY__ 0.9405859077480896 neg 0.03179372211608092 off 0.02762037013582948	false	1.0
schmerzen	neg 1.0		__DUMMY__ 0.9305252067688284 off 0.03629403813419879 neg 0.033180755096972755	false	0.5
schrumpfen	neg 1.0		__DUMMY__ 0.934930969053177 neg 0.03500063192823983 off 0.030068399018583273	false	1.0
geistlos	off 1.0		__DUMMY__ 0.9254787282636578 off 0.04025124290886734 neg 0.034270028827474895	false	1.0
fehlkauf	neg 1.0		__DUMMY__ 0.9310849635296812 off 0.03903750668761457 neg 0.02987752978270434	false	0.5
frustrierend	neg 1.0		__DUMMY__ 0.927826477629937 off 0.04081647069248316 neg 0.03135705167757982	false	0.5
unzufrieden	neg 1.0		__DUMMY__ 0.9296031024486787 off 0.036090626043982214 neg 0.03430627150733905	false	0.5
verzweifeln	neg 1.0		__DUMMY__ 0.9305608986342407 off 0.03696725828707063 neg 0.03247184307868854	false	0.5
verzweifelt	neg 1.0	neg 1.0	neg 0.5010245649647515 __DUMMY__ 0.4636723262215878 off 0.03530310881366068	false	1.0
misstrauensantrag	neg 1.0		__DUMMY__ 0.9290429564310431 off 0.03910415683893797 neg 0.031852886730018924	false	0.5
abfallen	neg 1.0		__DUMMY__ 0.9322688176075679 off 0.03789065933571794 neg 0.029840523056714297	false	0.5
fucker	off 1.0		__DUMMY__ 0.9268417054847693 off 0.044019525099847016 neg 0.029138769415383715	false	1.0
ungezogen	neg 1.0		__DUMMY__ 0.9199808094178786 off 0.04984174781152406 neg 0.0301774427705973	false	0.5
irrsinnig	neg 1.0	neg 1.0	neg 0.5004064095202857 __DUMMY__ 0.4643127884064976 off 0.03528080207321664	false	1.0
unfassbar	neg 1.0		__DUMMY__ 0.9270945817440269 off 0.042506257803375844 neg 0.03039916045259722	false	0.5
hart	neg 1.0		__DUMMY__ 0.9275398212674117 off 0.041972702295819085 neg 0.03048747643676918	false	0.5
widerlich	off 1.0		__DUMMY__ 0.924591124452611 off 0.043101384004815176 neg 0.0323074915425738	false	1.0
fatal	neg 1.0		__DUMMY__ 0.9296368746935019 off 0.03952129280333643 neg 0.030841832503161696	false	0.5
bruch	neg 1.0		__DUMMY__ 0.9340848856696872 neg 0.03340370830705443 off 0.03251140602325845	false	1.0
aushungern	neg 1.0		__DUMMY__ 0.9325050389263103 off 0.03641741422073139 neg 0.031077546852958295	false	0.5
anspannung	neg 1.0		__DUMMY__ 0.9387072624307554 neg 0.031232396780609524 off 0.030060340788635037	false	1.0
von			__DUMMY__ 0.9407542679056276 off 0.03254840454191772 neg 0.026697327552454707	false	0.0
kraftlos	neg 1.0		__DUMMY__ 0.932772331453226 off 0.03562004156211188 neg 0.031607626984662136	false	0.5
vom			__DUMMY__ 0.9417672516748992 neg 0.030358001660980925 off 0.027874746664119838	false	0.0
grenzdebil	off 1.0		__DUMMY__ 0.9276619475681376 off 0.04265938510134371 neg 0.029678667330518688	false	1.0
vor			__DUMMY__ 0.9356901258803584 off 0.03279988380191115 neg 0.03150999031773041	false	0.0
unterwerfen	neg 1.0		__DUMMY__ 0.9325305102971778 off 0.03494101397776412 neg 0.032528475725058084	false	0.5
versenkung	neg 1.0		__DUMMY__ 0.9334584226683881 off 0.03508729379663365 neg 0.031454283534978235	false	0.5
entziehen	neg 1.0		__DUMMY__ 0.9336360670610894 neg 0.03380063881958609 off 0.032563294119324585	false	1.0
finanzkrise	neg 1.0		__DUMMY__ 0.9298670662037507 off 0.03681418483382768 neg 0.033318748962421714	false	0.5
schimpfend	neg 1.0		__DUMMY__ 0.9297067726374912 off 0.03879422675970998 neg 0.03149900060279878	false	0.5
profan	neg 1.0		__DUMMY__ 0.9278896420659397 off 0.039793880951378154 neg 0.03231647698268212	false	0.5
korruption	neg 1.0		__DUMMY__ 0.9317733947994921 off 0.03538591268795583 neg 0.03284069251255212	false	0.5
â			__DUMMY__ 0.9343272473061377 off 0.03507795876086188 neg 0.030594793933000533	false	0.0
schmutzig	neg 1.0		__DUMMY__ 0.9281691887118804 off 0.04301897988223151 neg 0.02881183140588814	false	0.5
sexy	neg 1.0		__DUMMY__ 0.9295409851306237 off 0.04047412312045039 neg 0.02998489174892591	false	0.5
abraten	neg 1.0		__DUMMY__ 0.9293455126150704 off 0.039129707923177215 neg 0.03152477946175238	false	0.5
schwarz	neg 1.0		__DUMMY__ 0.9296615607326638 off 0.03891580864488752 neg 0.03142263062244865	false	0.5
fotze	off 1.0	off 1.0	off 0.5025137392763285 __DUMMY__ 0.46898257164517626 neg 0.028503689078495292	false	1.0
verwirren	neg 1.0		__DUMMY__ 0.9284266803211746 off 0.04022589615785952 neg 0.03134742352096581	false	0.5
zahnlos	off 1.0		__DUMMY__ 0.9298613028470409 off 0.03673430628680238 neg 0.03340439086615664	false	1.0
verheeren	neg 1.0		__DUMMY__ 0.9217647081431443 off 0.05114014686248487 neg 0.027095144994370775	false	0.5
hippie	neg 1.0		__DUMMY__ 0.9296230157364218 off 0.04026717322162391 neg 0.030109811041954274	false	0.5
rammen	neg 1.0		__DUMMY__ 0.928731044735268 off 0.0383836403694345 neg 0.032885314895297425	false	0.5
unlauter	neg 1.0		__DUMMY__ 0.9268618735150286 off 0.03852182614297729 neg 0.03461630034199421	false	0.5
unheilvoll	neg 1.0		__DUMMY__ 0.9310376868411931 off 0.03872925815507699 neg 0.030233055003729824	false	0.5
niedrig	neg 1.0		__DUMMY__ 0.9314028665568549 neg 0.03491792723283256 off 0.033679206210312555	false	1.0
explosion	neg 1.0		__DUMMY__ 0.9294100659263609 off 0.03976452011265204 neg 0.030825413960987064	false	0.5
weichei	off 1.0	off 1.0	off 0.5124012246634372 __DUMMY__ 0.45907066731324725 neg 0.028528108023315547	false	1.0
minusmensch	off 1.0		__DUMMY__ 0.9187343082417858 off 0.04943267138444946 neg 0.03183302037376475	false	1.0
farblos	neg 1.0		__DUMMY__ 0.9327587542898492 off 0.036738753784540855 neg 0.030502491925609908	false	0.5
unwissend	neg 1.0	neg 1.0	neg 0.49973984815233913 __DUMMY__ 0.4622700470026964 off 0.03799010484496457	false	1.0
traurig	neg 1.0		__DUMMY__ 0.9257869092174743 off 0.04433474242364206 neg 0.029878348358883602	false	0.5
senkung	neg 1.0		__DUMMY__ 0.926465201582415 off 0.03966108148984453 neg 0.03387371692774045	false	0.5
ungleich	neg 1.0	neg 1.0	neg 0.5017044689015673 __DUMMY__ 0.4673048725760845 off 0.03099065852234832	false	1.0
heikel	neg 1.0		__DUMMY__ 0.9310248031647088 neg 0.03465750016445369 off 0.034317696670837526	false	1.0
drosselung	neg 1.0		__DUMMY__ 0.927054873277873 off 0.042414488425308136 neg 0.030530638296818922	false	0.5
falsch	neg 1.0		__DUMMY__ 0.9269468125489526 off 0.040928772914869696 neg 0.032124414536177696	false	0.5
unzufriedenheit	neg 1.0		__DUMMY__ 0.9333481624113134 neg 0.03348416298823516 off 0.033167674600451474	false	1.0
kurz	neg 1.0		__DUMMY__ 0.9335315082533594 off 0.036140344304605526 neg 0.03032814744203497	false	0.5
unsinnig	neg 1.0		__DUMMY__ 0.9289652127541765 off 0.03682847577980197 neg 0.03420631146602156	false	0.5
penner	off 1.0	off 1.0	off 0.5136178934269836 __DUMMY__ 0.45873207006519456 neg 0.027650036507821812	false	1.0
seicht	neg 1.0		__DUMMY__ 0.9186271041879184 off 0.049774793857588547 neg 0.03159810195449312	false	0.5
dummheit	off 1.0	off 1.0	off 0.5067558717475908 __DUMMY__ 0.46316274128323515 neg 0.030081386969173958	false	1.0
unerfreulich	neg 1.0		__DUMMY__ 0.9330105419293275 off 0.03349574405958152 neg 0.03349371401109089	false	0.5
motherfucker	off 1.0	off 1.0	off 0.5097221349275355 __DUMMY__ 0.4629722643862287 neg 0.027305600686235776	false	1.0
pikiert	neg 1.0		__DUMMY__ 0.9258321377418615 off 0.042491909726035434 neg 0.03167595253210302	false	0.5
wrack	neg 1.0		__DUMMY__ 0.9339190360064699 off 0.03543193588105559 neg 0.030649028112474545	false	0.5
gangster	neg 1.0		__DUMMY__ 0.929583232649099 off 0.04025951909819053 neg 0.030157248252710468	false	0.5
krank	neg 1.0		__DUMMY__ 0.9277090136842333 off 0.04243848279687649 neg 0.02985250351889016	false	0.5
reich	neg 1.0		__DUMMY__ 0.9303686475534669 off 0.041622950426868977 neg 0.028008402019664057	false	0.5
gnadenlos	neg 1.0		__DUMMY__ 0.9290252747229166 off 0.038786377830874026 neg 0.03218834744620938	false	0.5
niedergeschlagen	neg 1.0		__DUMMY__ 0.9323051002788691 off 0.03643949323574794 neg 0.03125540648538293	false	0.5
terrorisieren	off 1.0	off 1.0	off 0.5016730983970329 __DUMMY__ 0.4686927924379539 neg 0.029634109165013224	false	1.0
sinnlosigkeit	neg 1.0		__DUMMY__ 0.930592460926372 off 0.036225781268031186 neg 0.03318175780559679	false	0.5
behindern	neg 1.0		__DUMMY__ 0.9317940093276188 off 0.03681647407750014 neg 0.031389516594881095	false	0.5
undemokratisch	neg 1.0		__DUMMY__ 0.9293115260386468 off 0.038690844119866646 neg 0.03199762984148663	false	0.5
wirtschaftskrise	neg 1.0		__DUMMY__ 0.931270307128101 off 0.035235513344391026 neg 0.033494179527507946	false	0.5
neid	neg 1.0		__DUMMY__ 0.9293830105654957 off 0.04051289475657556 neg 0.03010409467792881	false	0.5
rutschen	neg 1.0		__DUMMY__ 0.9396078580379795 off 0.030484604617381207 neg 0.029907537344639266	false	0.5
rezession	neg 1.0		__DUMMY__ 0.920367413024931 off 0.044955876511285436 neg 0.03467671046378359	false	0.5
fehlgeburt	neg 1.0		__DUMMY__ 0.9313290812371865 off 0.03872989256982539 neg 0.029941026192988118	false	0.5
charakterschwach	off 1.0		__DUMMY__ 0.9247233675923595 off 0.04305731020434804 neg 0.03221932220329234	false	1.0
isolation	neg 1.0		__DUMMY__ 0.9286916464171975 off 0.040412498169320334 neg 0.03089585541348219	false	0.5
ablenkung	neg 1.0		__DUMMY__ 0.9312018007088607 off 0.03763799358504966 neg 0.03116020570608954	false	0.5
pech	neg 1.0		__DUMMY__ 0.9272099442437363 off 0.040161423586153065 neg 0.032628632170110625	false	0.5
vermeidung	neg 1.0		__DUMMY__ 0.9279926413365297 off 0.04254587578579695 neg 0.029461482877673365	false	0.5
dominieren	neg 1.0		__DUMMY__ 0.9336909592766777 off 0.0345464697932954 neg 0.03176257093002702	false	0.5
schwindlig	neg 1.0		__DUMMY__ 0.9309757818629024 off 0.03882558944575641 neg 0.030198628691341208	false	0.5
lutscher	neg 1.0		__DUMMY__ 0.9192892440858699 off 0.04981517455892682 neg 0.03089558135520341	false	0.5
pflicht	neg 1.0		__DUMMY__ 0.9319120889424918 neg 0.03455670482557223 off 0.033531206231936034	false	1.0
faschist	off 1.0		__DUMMY__ 0.9284253898246604 off 0.04066963753431165 neg 0.030904972641027907	false	1.0
verschleudern	neg 1.0		__DUMMY__ 0.9312995438633912 neg 0.0345694168915481 off 0.03413103924506073	false	1.0
wenn			__DUMMY__ 0.9277918130124037 off 0.04106832858762986 neg 0.03113985839996638	false	0.0
ehebruch	neg 1.0		__DUMMY__ 0.9325269186327796 off 0.035361996299603626 neg 0.032111085067616806	false	0.5
spott	off 1.0		__DUMMY__ 0.931504728894498 off 0.03503384939311126 neg 0.033461421712390776	false	1.0
trostlosigkeit	neg 1.0		__DUMMY__ 0.935779284723862 off 0.03284075678224966 neg 0.031379958493888485	false	0.5
lutschen	neg 1.0		__DUMMY__ 0.9277048731193093 off 0.040677107058084805 neg 0.031618019822605925	false	0.5
undiszipliniert	neg 1.0		__DUMMY__ 0.9250709490902016 off 0.04390158881172992 neg 0.03102746209806852	false	0.5
kopfschmerz	neg 1.0		__DUMMY__ 0.931340142959551 off 0.035522712617655716 neg 0.03313714442279321	false	0.5
unvorhergesehen	neg 1.0		__DUMMY__ 0.9364770772381578 off 0.033234930589486164 neg 0.030287992172356122	false	0.5
desinteressiert	neg 1.0		__DUMMY__ 0.9253834902656499 off 0.04360004020075439 neg 0.031016469533595672	false	0.5
armselig	off 1.0		__DUMMY__ 0.922891410108448 off 0.04474574294605442 neg 0.032362846945497584	false	1.0
desaster	neg 1.0		__DUMMY__ 0.9343130327702421 neg 0.033609501711932915 off 0.0320774655178249	false	1.0
tod	neg 1.0		__DUMMY__ 0.9375656420095898 off 0.03493034638659313 neg 0.027504011603817095	false	0.5
herzlos	neg 1.0		__DUMMY__ 0.9246751607293192 off 0.044487904466274694 neg 0.030836934804406003	false	0.5
unwissenheit	neg 1.0		__DUMMY__ 0.9308011814555656 off 0.035988363628826014 neg 0.03321045491560843	false	0.5
widersinnig	neg 1.0		__DUMMY__ 0.9279879833517659 off 0.036211771350172534 neg 0.03580024529806157	false	0.5
bedenklich	neg 1.0		__DUMMY__ 0.9305234472926754 off 0.03527633335020068 neg 0.034200219357123814	false	0.5
beanstanden	neg 1.0		__DUMMY__ 0.9327345981959109 neg 0.034114032173234776 off 0.03315136963085438	false	1.0
panisch	neg 1.0	neg 1.0	neg 0.4962369670180608 __DUMMY__ 0.46814822681586293 off 0.03561480616607625	false	1.0
debil	off 1.0		__DUMMY__ 0.9402794738507663 neg 0.031454946966175824 off 0.02826557918305788	false	0.5
abstrich	neg 1.0		__DUMMY__ 0.9386310956286222 off 0.03558174785805764 neg 0.025787156513320156	false	0.5
primitiv	neg 1.0		__DUMMY__ 0.9243426682525784 off 0.04329354658491851 neg 0.03236378516250306	false	0.5
abschaum	off 1.0	off 1.0	off 0.5084795619116907 __DUMMY__ 0.4627008128180981 neg 0.02881962527021122	false	1.0
provozieren	neg 1.0		__DUMMY__ 0.9276643218927695 off 0.03867291275200054 neg 0.03366276535522994	false	0.5
tot	neg 1.0		__DUMMY__ 0.9323397565820996 off 0.0350580160529408 neg 0.03260222736495966	false	0.5
instabil	neg 1.0		__DUMMY__ 0.9243266541633877 off 0.044108119405300655 neg 0.031565226431311696	false	0.5
schwuchtel	off 1.0	off 1.0	off 0.5181626020523111 __DUMMY__ 0.45372235387265414 neg 0.028115044075034616	false	1.0
zerren	neg 1.0		__DUMMY__ 0.9322567954244325 off 0.036139862002601254 neg 0.03160334257296625	false	0.5
kinderficker	off 1.0		__DUMMY__ 0.9235392866794682 off 0.04681799202939477 neg 0.029642721291137052	false	1.0
gefahr	neg 1.0		__DUMMY__ 0.9347639476484116 off 0.0330225769360962 neg 0.032213475415492125	false	0.5
rabiat	neg 1.0		__DUMMY__ 0.9305365638887919 off 0.03789423374683403 neg 0.031569202364374084	false	0.5
verlangsamung	neg 1.0		__DUMMY__ 0.9199251645773655 off 0.0482281906434577 neg 0.031846644779176723	false	0.5
ausgestorben	neg 1.0		__DUMMY__ 0.9314700402877749 off 0.03755460665175966 neg 0.030975353060465442	false	0.5
anklagen	neg 1.0		__DUMMY__ 0.9321138756760311 off 0.03545989894473249 neg 0.03242622537923647	false	0.5
trott	neg 1.0		__DUMMY__ 0.9313905586843338 off 0.03715448262512138 neg 0.03145495869054469	false	0.5
verminderung	neg 1.0		__DUMMY__ 0.9266412697386084 off 0.042777757304000186 neg 0.030580972957391418	false	0.5
nach			__DUMMY__ 0.9393961939690159 neg 0.03093161247292319 off 0.029672193558060986	false	0.0
rost	neg 1.0		__DUMMY__ 0.9228739412876161 off 0.04683220274752182 neg 0.030293855964862046	false	0.5
destruktiv	neg 1.0		__DUMMY__ 0.9288428332319671 off 0.03769325270755479 neg 0.03346391406047807	false	0.5
unzumutbarkeit	neg 1.0		__DUMMY__ 0.9285283209192651 off 0.04186807164815794 neg 0.029603607432577037	false	0.5
labil	off 1.0	off 1.0	off 0.5078637373633742 __DUMMY__ 0.4636658605192478 neg 0.02847040211737793	false	1.0
ziemlich	neg 1.0		__DUMMY__ 0.9278073608454033 off 0.042274129563068905 neg 0.029918509591527725	false	0.5
lachnummer	off 1.0		__DUMMY__ 0.9284345989023057 off 0.03843602736711915 neg 0.033129373730575125	false	1.0
oder			__DUMMY__ 0.9309866331808346 off 0.03810998728743535 neg 0.030903379531729967	false	0.0
verfall	neg 1.0		__DUMMY__ 0.9362539225073762 neg 0.03370084161893965 off 0.03004523587368417	false	1.0
ausgrenzung	neg 1.0		__DUMMY__ 0.9294467591811839 off 0.039158230040293326 neg 0.03139501077852274	false	0.5
unordnung	neg 1.0		__DUMMY__ 0.9293355469762852 off 0.04377068741791974 neg 0.026893765605795063	false	0.5
fehlverhalten	neg 1.0		__DUMMY__ 0.9310454695304287 neg 0.03489508443858927 off 0.03405944603098202	false	1.0
eine			__DUMMY__ 0.934685105276476 off 0.033171462788788034 neg 0.03214343193473597	false	0.0
nille	neg 1.0		__DUMMY__ 0.932201522065781 off 0.03735665866613709 neg 0.030441819268081947	false	0.5
qual	neg 1.0		__DUMMY__ 0.9318148071665063 off 0.0368637556464179 neg 0.031321437187075786	false	0.5
verschwenden	neg 1.0		__DUMMY__ 0.9307645086694354 neg 0.03463253960030242 off 0.03460295173026223	false	1.0
riesig	neg 1.0		__DUMMY__ 0.9347869559985643 off 0.03455621222516914 neg 0.03065683177626644	false	0.5
verurteilen	neg 1.0		__DUMMY__ 0.9298779392127674 off 0.036050644876391064 neg 0.034071415910841424	false	0.5
klischee	neg 1.0	neg 1.0	neg 0.499838097475945 __DUMMY__ 0.4629497999411798 off 0.037212102582875266	false	1.0
diktatorisch	neg 1.0		__DUMMY__ 0.928584956053398 off 0.03888785672934606 neg 0.032527187217256	false	0.5
vorhersehbar	neg 1.0		__DUMMY__ 0.9258670005132257 off 0.04050373485910273 neg 0.03362926462767155	false	0.5
sowie			__DUMMY__ 0.9233091150268723 off 0.04620126311682606 neg 0.03048962185630166	false	0.0
stornieren	neg 1.0		__DUMMY__ 0.9341601678503224 off 0.03882066891750942 neg 0.027019163232168193	false	0.5
besteuerung	neg 1.0		__DUMMY__ 0.927179144459684 off 0.03800010956249586 neg 0.03482074597782027	false	0.5
ungeschminkt	neg 1.0		__DUMMY__ 0.9238983040737989 off 0.04264036307250895 neg 0.03346133285369213	false	0.5
kritisch	neg 1.0		__DUMMY__ 0.9311492120051811 off 0.035124207568584656 neg 0.033726580426234186	false	0.5
schlamperei	off 1.0		__DUMMY__ 0.9335651516554485 off 0.03399277338461434 neg 0.03244207495993716	false	1.0
sucht	neg 1.0	neg 1.0	neg 0.49266972040331036 __DUMMY__ 0.4733774079747235 off 0.03395287162196612	false	1.0
egoistisch	off 1.0		__DUMMY__ 0.9212794275818649 off 0.04686218640735763 neg 0.031858386010777444	false	1.0
ausbeuter	off 1.0		__DUMMY__ 0.9304104341145455 neg 0.035529141389119875 off 0.03406042449633469	false	0.5
arschgeburt	off 1.0		__DUMMY__ 0.9149425698654393 off 0.05330082457298122 neg 0.03175660556157948	false	1.0
schubs	neg 1.0		__DUMMY__ 0.9317472332069484 off 0.03552864606581514 neg 0.03272412072723638	false	0.5
unsolide	neg 1.0		__DUMMY__ 0.9269912312337069 off 0.039317934947179 neg 0.03369083381911415	false	0.5
beschwerde	neg 1.0		__DUMMY__ 0.9314260041237077 off 0.03462527951632908 neg 0.0339487163599633	false	0.5
stocken	neg 1.0		__DUMMY__ 0.933522140098625 off 0.03419968975585824 neg 0.03227817014551685	false	0.5
isolieren	neg 1.0		__DUMMY__ 0.9320738556430943 off 0.035406089350392904 neg 0.03252005500651288	false	0.5
unheilbar	neg 1.0		__DUMMY__ 0.9315235947978914 off 0.038103417535699645 neg 0.030372987666408925	false	0.5
pisser	off 1.0		__DUMMY__ 0.9242665476905623 off 0.044313136313823345 neg 0.031420315995614394	false	1.0
löschen	neg 1.0		__DUMMY__ 0.9316191426092274 off 0.03749437245315067 neg 0.030886484937622014	false	0.5
durchfallen	neg 1.0		__DUMMY__ 0.9291425488280758 off 0.035574038180526714 neg 0.035283412991397534	false	0.5
wichser	off 1.0	off 1.0	off 0.5159377445310545 __DUMMY__ 0.45683027621268274 neg 0.027231979256262764	false	1.0
terror	neg 1.0		__DUMMY__ 0.9298826566112003 off 0.03977874763647161 neg 0.030338595752328102	false	0.5
krass	neg 1.0		__DUMMY__ 0.9240771477952542 off 0.044687103808058626 neg 0.03123574839668722	false	0.5
revolte	neg 1.0		__DUMMY__ 0.9296039528055561 off 0.039456439103825104 neg 0.030939608090618874	false	0.5
besorgt	neg 1.0		__DUMMY__ 0.9355866500514772 off 0.0361110684053043 neg 0.028302281543218483	false	0.5
nachlassen	neg 1.0		__DUMMY__ 0.9360199818187452 off 0.03374294565639365 neg 0.03023707252486117	false	0.5
alt	neg 1.0		__DUMMY__ 0.9325373197040457 off 0.0350632520432688 neg 0.032399428252685554	false	0.5
hundesohn	off 1.0		__DUMMY__ 0.9192495837487672 off 0.05049488849063748 neg 0.03025552776059531	false	1.0
als			__DUMMY__ 0.9312128794250899 off 0.036029390821434 neg 0.032757729753476135	false	0.0
abschreckung	neg 1.0		__DUMMY__ 0.9336780133809085 neg 0.033269851574763025 off 0.03305213504432852	false	1.0
unqualifiziert	neg 1.0		__DUMMY__ 0.9251211224285344 off 0.041263536205385185 neg 0.03361534136608035	false	0.5
abgewichst	off 1.0		__DUMMY__ 0.9327014717561329 off 0.036644953878889955 neg 0.030653574364977093	false	1.0
schwer	neg 1.0		__DUMMY__ 0.9295606059405573 off 0.037328435998400286 neg 0.033110958061042355	false	0.5
bedeutungslosigkeit	neg 1.0		__DUMMY__ 0.9323124199874998 off 0.03388101206315291 neg 0.03380656794934727	false	0.5
kapitulation	neg 1.0		__DUMMY__ 0.9329353772000201 off 0.034871886406135526 neg 0.0321927363938444	false	0.5
unscharf	neg 1.0		__DUMMY__ 0.9276375175323324 off 0.039055919111414046 neg 0.03330656335625355	false	0.5
schwinden	neg 1.0		__DUMMY__ 0.9344861907804284 off 0.033548943794248894 neg 0.031964865425322675	false	0.5
versklavung	neg 1.0		__DUMMY__ 0.9312654780536427 off 0.03843648700038229 neg 0.030298034945975084	false	0.5
schlecht	neg 1.0		__DUMMY__ 0.9276686852197297 off 0.04249652073450516 neg 0.029834794045765188	false	0.5
verhasst	neg 1.0		__DUMMY__ 0.9264246150585616 off 0.039161391491678695 neg 0.034413993449759796	false	0.5
beschweren	neg 1.0		__DUMMY__ 0.9288172418785202 off 0.039366221717804475 neg 0.03181653640367533	false	0.5
scheiden	neg 1.0		__DUMMY__ 0.9328372107819844 off 0.03704591988254185 neg 0.030116869335473802	false	0.5
frustriert	neg 1.0		__DUMMY__ 0.9299240986431231 off 0.03671931255131828 neg 0.03335658880555856	false	0.5
schimmelig	neg 1.0		__DUMMY__ 0.9302195025901092 neg 0.034963986972413805 off 0.03481651043747701	false	1.0
fisch	neg 1.0		__DUMMY__ 0.9327428736315473 neg 0.03491427234753195 off 0.03234285402092075	false	1.0
schmuggel	neg 1.0		__DUMMY__ 0.9335544129724389 off 0.034087814638017945 neg 0.03235777238954321	false	0.5
auffallen	neg 1.0		__DUMMY__ 0.9284694523619331 off 0.039941067720649245 neg 0.03158947991741761	false	0.5
konkurrenz	neg 1.0		__DUMMY__ 0.9337185476917071 neg 0.03349866553072896 off 0.032782786777563924	false	1.0
teufelskreis	neg 1.0		__DUMMY__ 0.929215045222352 off 0.037629891840979444 neg 0.03315506293666845	false	0.5
aufschreien	neg 1.0		__DUMMY__ 0.9273222824150329 off 0.040093473333145835 neg 0.03258424425182129	false	0.5
schuldner	neg 1.0		__DUMMY__ 0.9318899938621872 neg 0.03474791135469545 off 0.03336209478311736	false	1.0
missgeburt	off 1.0	off 1.0	off 0.5131277984839347 __DUMMY__ 0.45814454219070866 neg 0.028727659325356623	false	1.0
arbeitslos	neg 1.0		__DUMMY__ 0.928726166323113 off 0.03594508866122355 neg 0.03532874501566347	false	0.5
befallen	neg 1.0		__DUMMY__ 0.9336716699006908 off 0.036559779926190375 neg 0.029768550173118725	false	0.5
miesepetrig	off 1.0	off 1.0	off 0.5079281699449045 __DUMMY__ 0.46376734652947665 neg 0.0283044835256188	false	1.0
alarmieren	neg 1.0		__DUMMY__ 0.9267547036467269 off 0.04153905685559285 neg 0.031706239497680325	false	0.5
ungeduscht	off 1.0		__DUMMY__ 0.9268281532549473 off 0.04056316653466325 neg 0.032608680210389485	false	1.0
knappheit	neg 1.0		__DUMMY__ 0.9293975199410136 off 0.035388077987092904 neg 0.035214402071893594	false	0.5
schlange	neg 1.0		__DUMMY__ 0.9328683710245635 off 0.03863467962414253 neg 0.028496949351293942	false	0.5
harsch	neg 1.0		__DUMMY__ 0.9268965409844792 off 0.04568789915193216 neg 0.027415559863588755	false	0.5
lang	neg 1.0		__DUMMY__ 0.931324058335739 off 0.03818474201877654 neg 0.030491199645484583	false	0.5
ziellos	neg 1.0		__DUMMY__ 0.9335457480420059 off 0.0350442426792047 neg 0.03141000927878948	false	0.5
selbstverliebt	neg 1.0		__DUMMY__ 0.9171353125093422 off 0.051179566225198286 neg 0.03168512126545944	false	0.5
beseitigen	neg 1.0		__DUMMY__ 0.9329654045182849 off 0.03630654800006047 neg 0.03072804748165453	false	0.5
dumm	off 1.0		__DUMMY__ 0.9219020193197082 off 0.0472703122852398 neg 0.03082766839505206	false	1.0
arbeitsloser	neg 1.0		__DUMMY__ 0.93092930339616 off 0.035956708655021756 neg 0.03311398794881834	false	0.5
blitzen	neg 1.0		__DUMMY__ 0.929615618205059 off 0.04018741889938235 neg 0.030196962895558566	false	0.5
hilflos	neg 1.0		__DUMMY__ 0.9305868063052679 off 0.03626535275493384 neg 0.03314784093979825	false	0.5
eklig	off 1.0		__DUMMY__ 0.9201276764739128 off 0.047775423669932225 neg 0.032096899856154874	false	1.0
begriff			__DUMMY__ 0.9300780920258446 off 0.03725177847575489 neg 0.032670129498400445	false	0.0
hungersnot	neg 1.0		__DUMMY__ 0.9337616388160451 off 0.035699215757788845 neg 0.03053914542616611	false	0.5
ungesetzlich	neg 1.0		__DUMMY__ 0.9261099691315788 off 0.038839756366387215 neg 0.03505027450203396	false	0.5
verschwendung	neg 1.0		__DUMMY__ 0.9325450274907241 off 0.034306738972829785 neg 0.03314823353644608	false	0.5
schmerzvoll	neg 1.0		__DUMMY__ 0.9297438458794207 off 0.0390515659004233 neg 0.031204588220156017	false	0.5
vorzeitig	neg 1.0		__DUMMY__ 0.9302347427694313 off 0.03980738281828359 neg 0.029957874412285077	false	0.5
unvollkommenheit	neg 1.0		__DUMMY__ 0.9360939037659488 off 0.03495793021716421 neg 0.028948166016886885	false	0.5
intervenieren	neg 1.0		__DUMMY__ 0.9312413707674162 neg 0.034403059545166856 off 0.03435556968741691	false	1.0
banause	off 1.0		__DUMMY__ 0.9171403167460469 off 0.049904486129040256 neg 0.03295519712491289	false	1.0
rebell	neg 1.0		__DUMMY__ 0.9350734153053566 neg 0.034062012591626493 off 0.030864572103016904	false	1.0
unlogisch	neg 1.0		__DUMMY__ 0.9230876032893977 off 0.0443742352744661 neg 0.032538161436136255	false	0.5
leiden	neg 1.0		__DUMMY__ 0.9352664116918572 off 0.03286409888761001 neg 0.031869489420532825	false	0.5
abschaffung	neg 1.0		__DUMMY__ 0.9295835245139505 off 0.037916756315710926 neg 0.032499719170338615	false	0.5
sturz	neg 1.0		__DUMMY__ 0.9325179728823233 off 0.03760527825440065 neg 0.029876748863276032	false	0.5
verkleinerung	neg 1.0		__DUMMY__ 0.9248820417846938 off 0.04020704841335855 neg 0.034910909801947686	false	0.5
schmarotzer	off 1.0		__DUMMY__ 0.9274213762665339 off 0.03662854002080923 neg 0.03595008371265686	false	1.0
bestrafung	neg 1.0		__DUMMY__ 0.9305273287321443 off 0.03862078237501476 neg 0.03085188889284096	false	0.5
achtlos	neg 1.0	neg 1.0	neg 0.49860105189461296 __DUMMY__ 0.46767681796641486 off 0.033722130138972135	false	1.0
