unsolidarisch	neg 1.0		__DUMMY__ 0.4717152911015073 off 0.281830524346301 neg 0.24645418455219165	false	0.5
nachteilig	neg 1.0		__DUMMY__ 0.4758131072684096 off 0.27800890388563054 neg 0.2461779888459599	false	0.5
skeptisch	neg 1.0		__DUMMY__ 0.4760726820424183 off 0.2773744730404577 neg 0.2465528449171239	false	0.5
schrecklich	neg 1.0		__DUMMY__ 0.46914370065498484 off 0.29355136521422326 neg 0.23730493413079193	false	0.5
schlapp	neg 1.0		__DUMMY__ 0.47165772047052196 off 0.2893332023592241 neg 0.23900907717025394	false	0.5
abfall	neg 1.0		__DUMMY__ 0.4796828645402284 off 0.27432670361978745 neg 0.24599043183998417	false	0.5
widerspenstig	neg 1.0		__DUMMY__ 0.47455245881710206 off 0.28363627596098934 neg 0.24181126522190843	false	0.5
abrupt	neg 1.0		__DUMMY__ 0.47850673971574076 off 0.2794922710584486 neg 0.24200098922581068	false	0.5
unwirksam	neg 1.0		__DUMMY__ 0.4707299377880115 off 0.2813831567397545 neg 0.24788690547223385	false	0.5
angreifen	neg 1.0		__DUMMY__ 0.47630593503173524 off 0.2774564283216151 neg 0.24623763664664977	false	0.5
inkonsistent	neg 1.0		__DUMMY__ 0.473283970266464 off 0.2841357074498393 neg 0.2425803222836968	false	0.5
abrutschen	neg 1.0		__DUMMY__ 0.47768574419847304 off 0.2740590261425535 neg 0.24825522965897343	false	0.5
unsicher	neg 1.0		__DUMMY__ 0.47500612745500254 off 0.2833244895254156 neg 0.2416693830195819	false	0.5
bauernkind	off 1.0	off 1.0	off 0.636026622288506 __DUMMY__ 0.22523724590383193 neg 0.13873613180766212	false	1.0
angreifer	neg 1.0	neg 1.0	neg 0.6055280570266436 __DUMMY__ 0.2320574308718984 off 0.16241451210145796	false	1.0
trennen	neg 1.0		__DUMMY__ 0.4787697616858806 off 0.27810734046892144 neg 0.24312289784519808	false	0.5
schmutz	neg 1.0		__DUMMY__ 0.4782288300979896 off 0.2870716045749766 neg 0.23469956532703373	false	0.5
inkonsistenz	neg 1.0		__DUMMY__ 0.4674710643888417 off 0.28743359076986547 neg 0.24509534484129292	false	0.5
erschreckend	neg 1.0		__DUMMY__ 0.4735635906626226 off 0.2818442321326729 neg 0.2445921772047046	false	0.5
ertrinken	neg 1.0		__DUMMY__ 0.47772467232951876 off 0.2787187914437286 neg 0.2435565362267526	false	0.5
pickelface	off 1.0		__DUMMY__ 0.4756700002582633 off 0.28255827107926507 neg 0.24177172866247162	false	1.0
seiner			__DUMMY__ 0.4766449703464458 off 0.27806005757866853 neg 0.2452949720748856	false	0.0
lauch	neg 1.0		__DUMMY__ 0.47943104457014407 off 0.27551903462250416 neg 0.2450499208073518	false	0.5
unwichtig	neg 1.0		__DUMMY__ 0.4702745235702329 off 0.2881331385792579 neg 0.24159233785050901	false	0.5
steuerhinterziehung	neg 1.0	neg 1.0	neg 0.6096382403757497 __DUMMY__ 0.23146072507576518 off 0.15890103454848514	false	1.0
schock	neg 1.0		__DUMMY__ 0.47582178215498183 off 0.2826647288883341 neg 0.24151348895668412	false	0.5
beule	neg 1.0		__DUMMY__ 0.4709204999522451 off 0.29039365136832584 neg 0.238685848679429	false	0.5
vergelten	neg 1.0		__DUMMY__ 0.47180484008237594 off 0.2930428906333758 neg 0.23515226928424812	false	0.5
verdorbenheit	neg 1.0		__DUMMY__ 0.47634501686934955 off 0.28485393788651586 neg 0.23880104524413456	false	0.5
trauma	neg 1.0		__DUMMY__ 0.47431233276926416 off 0.2844919691115384 neg 0.24119569811919742	false	0.5
sinnlos	neg 1.0		__DUMMY__ 0.47339020509959656 off 0.2858226219192016 neg 0.24078717298120164	false	0.5
fettsack	off 1.0	off 1.0	off 0.6372137576148346 __DUMMY__ 0.22608663102582902 neg 0.13669961135933636	false	1.0
feige	off 1.0	off 1.0	off 0.6337746770691192 __DUMMY__ 0.2284118235187189 neg 0.13781349941216203	false	1.0
abdanken	neg 1.0		__DUMMY__ 0.4748850419817046 off 0.282525379238133 neg 0.24258957878016227	false	0.5
wichtigtuer	off 1.0	off 1.0	off 0.6322866509678124 __DUMMY__ 0.22947698311324383 neg 0.13823636591894367	false	1.0
misslingen	neg 1.0		__DUMMY__ 0.4777853285581379 off 0.28520570888524455 neg 0.23700896255661755	false	0.5
untreu	off 1.0		__DUMMY__ 0.470970040624342 off 0.2891485112229076 neg 0.23988144815275048	false	1.0
missmutig	neg 1.0		__DUMMY__ 0.47248455164330294 off 0.2888531488369238 neg 0.23866229951977327	false	0.5
hurenbock	off 1.0		__DUMMY__ 0.47576400033598826 off 0.28648328754263847 neg 0.23775271212137308	false	1.0
betrunken	neg 1.0		__DUMMY__ 0.4709755639269487 off 0.2913548106525237 neg 0.23766962542052764	false	0.5
korrupt	off 1.0		__DUMMY__ 0.4727523532312681 off 0.27927401932398627 neg 0.24797362744474566	false	1.0
unmut	neg 1.0		__DUMMY__ 0.47826426907663055 off 0.27443720657666754 neg 0.24729852434670208	false	0.5
hackfresse	off 1.0		__DUMMY__ 0.4661834091166036 off 0.2971308291998983 neg 0.2366857616834981	false	1.0
aufblasen	neg 1.0		__DUMMY__ 0.4744570080406534 off 0.285775138330283 neg 0.23976785362906364	false	0.5
gewaltsam	neg 1.0		__DUMMY__ 0.47622434045596757 off 0.2820473012432688 neg 0.24172835830076378	false	0.5
unbeliebtheit	neg 1.0		__DUMMY__ 0.4694202148484394 off 0.2865297881298398 neg 0.24404999702172067	false	0.5
sturheit	neg 1.0		__DUMMY__ 0.4742214102549817 off 0.2813645208804282 neg 0.24441406886459005	false	0.5
kuh	neg 1.0		__DUMMY__ 0.46901332085130926 off 0.28431921181932945 neg 0.24666746732936118	false	0.5
erschrecken	neg 1.0		__DUMMY__ 0.4733239838443381 off 0.28879598767213316 neg 0.23788002848352868	false	0.5
opfer	neg 1.0		__DUMMY__ 0.4762482906662185 off 0.27936669420453264 neg 0.24438501512924898	false	0.5
sinken	neg 1.0		__DUMMY__ 0.47868507724388093 off 0.27544746756468735 neg 0.24586745519143177	false	0.5
stinktier	neg 1.0		__DUMMY__ 0.46431514194937473 off 0.2925492282842916 neg 0.24313562976633368	false	0.5
tucke	off 1.0		__DUMMY__ 0.4653344590590797 off 0.2984121460238401 neg 0.2362533949170801	false	1.0
ein			__DUMMY__ 0.4738375669181112 off 0.2844178834867076 neg 0.24174454959518119	false	0.0
abstieg	neg 1.0		__DUMMY__ 0.4767182665906406 off 0.27809913600082004 neg 0.24518259740853937	false	0.5
missverstehen	neg 1.0		__DUMMY__ 0.47055226365606095 off 0.28568332888290826 neg 0.24376440746103079	false	0.5
ergebnislos	neg 1.0		__DUMMY__ 0.47688786245616666 off 0.27774623957316585 neg 0.24536589797066743	false	0.5
unter			__DUMMY__ 0.4828034356478245 off 0.269952526031465 neg 0.24724403832071054	false	0.0
manipulieren	neg 1.0		__DUMMY__ 0.477469061666163 off 0.2774945367463348 neg 0.2450364015875022	false	0.5
unbewiesen	neg 1.0		__DUMMY__ 0.4710592409226192 off 0.2815173148302726 neg 0.2474234442471083	false	0.5
verschleppen	neg 1.0		__DUMMY__ 0.4752069222571976 off 0.27931250757980153 neg 0.2454805701630009	false	0.5
weib	off 1.0		__DUMMY__ 0.46353523372530236 off 0.2970040393593396 neg 0.23946072691535802	false	1.0
opposition	neg 1.0		__DUMMY__ 0.4721848385763268 off 0.2843690123209573 neg 0.24344614910271592	false	0.5
verkehrswidrig	neg 1.0		__DUMMY__ 0.4724116422909438 off 0.29472650326073163 neg 0.2328618544483247	false	0.5
inkorrekt	neg 1.0		__DUMMY__ 0.4676285655539222 off 0.29195544633228554 neg 0.2404159881137922	false	0.5
vermeiden	neg 1.0		__DUMMY__ 0.4795555548857403 off 0.2728357387217903 neg 0.2476087063924694	false	0.5
abweichung	neg 1.0		__DUMMY__ 0.47506898328059377 off 0.2786436761318292 neg 0.24628734058757704	false	0.5
alkoholisiert	neg 1.0		__DUMMY__ 0.4772913533673271 off 0.2784304235576167 neg 0.24427822307505614	false	0.5
scheiss	off 1.0	off 1.0	off 0.6344328100612768 __DUMMY__ 0.2290377069079747 neg 0.13652948303074847	false	1.0
herausforderung	neg 1.0		__DUMMY__ 0.4772167561193309 off 0.27780634991271064 neg 0.24497689396795844	false	0.5
pervers	off 1.0		__DUMMY__ 0.4639416046885479 off 0.30077892885590946 neg 0.23527946645554268	false	1.0
wackelig	neg 1.0		__DUMMY__ 0.47771160486012404 off 0.2819484658901076 neg 0.2403399292497682	false	0.5
verwickeln	neg 1.0		__DUMMY__ 0.47092720996006665 off 0.28511307538745867 neg 0.2439597146524746	false	0.5
vorwand	neg 1.0		__DUMMY__ 0.4765322943105519 off 0.2769238223837886 neg 0.24654388330565946	false	0.5
muschi	off 1.0		__DUMMY__ 0.47537775598549753 off 0.28260184761158125 neg 0.24202039640292128	false	1.0
entmutigung	neg 1.0		__DUMMY__ 0.47310144735391096 off 0.28425466539714694 neg 0.24264388724894204	false	0.5
unangemessen	neg 1.0		__DUMMY__ 0.4726532841375953 off 0.28032480447797486 neg 0.2470219113844299	false	0.5
unstetig	neg 1.0		__DUMMY__ 0.47284858820020187 off 0.28612756604111966 neg 0.24102384575867833	false	0.5
entmutigen	neg 1.0		__DUMMY__ 0.47386106481991463 off 0.28429763778512523 neg 0.2418412973949601	false	0.5
schwanz	neg 1.0		__DUMMY__ 0.4767090614501064 off 0.279865200816676 neg 0.24342573773321766	false	0.5
verbot	neg 1.0		__DUMMY__ 0.47491587615134095 off 0.2796577230737361 neg 0.24542640077492295	false	0.5
leid	neg 1.0		__DUMMY__ 0.46702328010101274 off 0.29483833287648503 neg 0.2381383870225021	false	0.5
archaisch	neg 1.0		__DUMMY__ 0.4746340717735772 off 0.28156524720253584 neg 0.2438006810238869	false	0.5
gegen			__DUMMY__ 0.4781132348163519 off 0.2752725252030495 neg 0.2466142399805985	false	0.0
scheidung	neg 1.0		__DUMMY__ 0.4660112409087064 off 0.30722726053111254 neg 0.22676149856018105	false	0.5
einschlag	neg 1.0		__DUMMY__ 0.4699798717172218 off 0.29222868915166056 neg 0.23779143913111764	false	0.5
m			__DUMMY__ 0.4763941262622786 off 0.28094826689668356 neg 0.24265760684103782	false	0.0
abgestanden	neg 1.0		__DUMMY__ 0.47317664481559396 off 0.28368563468699604 neg 0.24313772049741014	false	0.5
schmierig	off 1.0		__DUMMY__ 0.46901729541987464 off 0.294742413967879 neg 0.23624029061224644	false	1.0
unpraktisch	neg 1.0		__DUMMY__ 0.47352823058953813 off 0.2849698673758023 neg 0.24150190203465946	false	0.5
wixxer	off 1.0		__DUMMY__ 0.4624853341567153 off 0.3004090040553993 neg 0.23710566178788556	false	1.0
bezeichnet			__DUMMY__ 0.4721734409701386 off 0.28241968839658427 neg 0.24540687063327724	false	0.0
jammerlappen	off 1.0		__DUMMY__ 0.4720471741298225 off 0.28895993519366486 neg 0.2389928906765126	false	1.0
farce	neg 1.0		__DUMMY__ 0.47394717917440277 off 0.2805918458443307 neg 0.24546097498126668	false	0.5
zwecklos	neg 1.0		__DUMMY__ 0.47402659643755135 off 0.28049458003988326 neg 0.24547882352256545	false	0.5
turbulent	neg 1.0		__DUMMY__ 0.47044376501846263 off 0.2903682254555068 neg 0.2391880095260305	false	0.5
invasion	neg 1.0		__DUMMY__ 0.47268801020852896 off 0.28521770412079417 neg 0.24209428567067684	false	0.5
schuld	neg 1.0		__DUMMY__ 0.47250093860686676 off 0.2839728667757234 neg 0.2435261946174098	false	0.5
risiko	neg 1.0	neg 1.0	neg 0.6057446349277172 __DUMMY__ 0.23229442365963512 off 0.1619609414126477	false	1.0
finster	neg 1.0		__DUMMY__ 0.471846081324597 off 0.28399980738178554 neg 0.24415411129361753	false	0.5
geisteskrank	off 1.0		__DUMMY__ 0.46785766892475855 off 0.28960596663149907 neg 0.2425363644437424	false	1.0
zusammenbrechen	neg 1.0		__DUMMY__ 0.4751079484204557 off 0.2810837547401346 neg 0.24380829683940985	false	0.5
ausbeute	neg 1.0		__DUMMY__ 0.4810935632354273 off 0.2813901855635661 neg 0.2375162512010067	false	0.5
hinterhalt	neg 1.0		__DUMMY__ 0.48054965761990054 off 0.28368533377675786 neg 0.23576500860334149	false	0.5
kritik	neg 1.0		__DUMMY__ 0.47384271558640706 off 0.28028872076667605 neg 0.24586856364691695	false	0.5
einschrumpfen	neg 1.0		__DUMMY__ 0.4710607700587887 off 0.2872970598806604 neg 0.2416421700605509	false	0.5
riskant	neg 1.0		__DUMMY__ 0.4751628304339389 off 0.2777667499777795 neg 0.2470704195882815	false	0.5
frustrieren	neg 1.0		__DUMMY__ 0.4750699384199967 off 0.2789072353805487 neg 0.2460228261994547	false	0.5
groll	neg 1.0		__DUMMY__ 0.47413439481076913 off 0.2799143218674921 neg 0.24595128332173877	false	0.5
gibt			__DUMMY__ 0.47515161976761916 off 0.28117304425366346 neg 0.24367533597871732	false	0.0
qualvoll	neg 1.0		__DUMMY__ 0.4736546675236383 off 0.2872243352858514 neg 0.23912099719051033	false	0.5
wackeln	neg 1.0		__DUMMY__ 0.4760781891484086 off 0.2851814813610691 neg 0.23874032949052232	false	0.5
klagen	neg 1.0		__DUMMY__ 0.4772663384715406 off 0.27502032328418063 neg 0.24771333824427882	false	0.5
bankrott	neg 1.0		__DUMMY__ 0.47346280364079396 off 0.28873150171727074 neg 0.2378056946419354	false	0.5
trauern	neg 1.0		__DUMMY__ 0.4783161559407536 off 0.2796902759135706 neg 0.2419935681456757	false	0.5
ablehnung	neg 1.0		__DUMMY__ 0.4737279594637178 off 0.27984751585253087 neg 0.24642452468375128	false	0.5
stur	neg 1.0		__DUMMY__ 0.4722005547261492 off 0.28405137577676765 neg 0.24374806949708308	false	0.5
aufruhr	neg 1.0		__DUMMY__ 0.4750367346293718 off 0.28201826885105363 neg 0.24294499651957457	false	0.5
melancholie	neg 1.0		__DUMMY__ 0.476452687999089 off 0.28001261057035354 neg 0.24353470143055728	false	0.5
ist			__DUMMY__ 0.4732267185605439 off 0.2854006746532211 neg 0.24137260678623507	false	0.0
torheit	neg 1.0		__DUMMY__ 0.47413937225402003 off 0.2836041607221963 neg 0.2422564670237837	false	0.5
dreckskind	off 1.0		__DUMMY__ 0.46523729668046654 off 0.2954174733871449 neg 0.23934522993238846	false	1.0
umtauschen	neg 1.0		__DUMMY__ 0.47449089625788327 off 0.28287062130811774 neg 0.24263848243399896	false	0.5
zum			__DUMMY__ 0.48255501634750536 off 0.2741875416307179 neg 0.24325744202177668	false	0.0
zersetzen	neg 1.0		__DUMMY__ 0.47572934716300325 off 0.2769725393420443 neg 0.24729811349495245	false	0.5
zur			__DUMMY__ 0.48106168006736816 off 0.27270048314845885 neg 0.24623783678417288	false	0.0
frust	neg 1.0		__DUMMY__ 0.47539673998361504 off 0.28117939093035227 neg 0.24342386908603278	false	0.5
unerbittlichkeit	neg 1.0		__DUMMY__ 0.47649655681749864 off 0.2772427737458411 neg 0.24626066943666025	false	0.5
zwei			__DUMMY__ 0.48126980004056097 off 0.2751119011770297 neg 0.2436182987824094	false	0.0
unkorrekt	neg 1.0		__DUMMY__ 0.46864640744256464 off 0.2918542923438183 neg 0.23949930021361696	false	0.5
hexe	off 1.0		__DUMMY__ 0.4694008607421493 off 0.28828869223370357 neg 0.24231044702414722	false	1.0
lasch	neg 1.0		__DUMMY__ 0.4701113179496096 off 0.2867785169238547 neg 0.24311016512653563	false	0.5
rivale	neg 1.0		__DUMMY__ 0.4703045805907709 off 0.29141811971985326 neg 0.23827729968937586	false	0.5
mutlos	off 1.0	off 1.0	off 0.6278564647959234 __DUMMY__ 0.23160548589271687 neg 0.14053804931135977	false	1.0
wirr	off 1.0		__DUMMY__ 0.46824028691065384 off 0.29288409235747337 neg 0.2388756207318729	false	1.0
jahr			__DUMMY__ 0.48148643491145304 off 0.27852092901040554 neg 0.2399926360781414	false	0.0
wird			__DUMMY__ 0.47532911572266556 off 0.2797573278512872 neg 0.24491355642604729	false	0.0
strafbar	neg 1.0		__DUMMY__ 0.4749893462460458 off 0.27827420141861275 neg 0.24673645233534156	false	0.5
erosion	neg 1.0		__DUMMY__ 0.4760409227729628 off 0.2840287906705373 neg 0.23993028655649998	false	0.5
eingehen	neg 1.0		__DUMMY__ 0.47477477821615505 off 0.2784617901169025 neg 0.2467634316669425	false	0.5
faul	off 1.0		__DUMMY__ 0.4729427734085821 off 0.2884868606053956 neg 0.23857036598602238	false	1.0
provisorium	neg 1.0		__DUMMY__ 0.48295201808492616 off 0.27074356154125545 neg 0.24630442037381828	false	0.5
schmerzen	neg 1.0		__DUMMY__ 0.47399629851131947 off 0.2817766557190491 neg 0.2442270457696314	false	0.5
schrumpfen	neg 1.0		__DUMMY__ 0.4782398553850511 off 0.2719844449726347 neg 0.24977569964231428	false	0.5
geistlos	off 1.0		__DUMMY__ 0.46998147204015833 off 0.2851588786261108 neg 0.24485964933373092	false	1.0
fehlkauf	neg 1.0		__DUMMY__ 0.4746414296808348 off 0.28595599647760767 neg 0.2394025738415575	false	0.5
frustrierend	neg 1.0		__DUMMY__ 0.47190249415302815 off 0.2875356421656906 neg 0.24056186368128124	false	0.5
unzufrieden	neg 1.0		__DUMMY__ 0.4737053374263921 off 0.27988696264873936 neg 0.24640769992486858	false	0.5
verzweifeln	neg 1.0		__DUMMY__ 0.47442762948354517 off 0.2819694793028049 neg 0.24360289121364992	false	0.5
verzweifelt	neg 1.0	neg 1.0	neg 0.6090646901728118 __DUMMY__ 0.22978042090364775 off 0.1611548889235405	false	1.0
misstrauensantrag	neg 1.0		__DUMMY__ 0.4728735032772122 off 0.2855226586695274 neg 0.24160383805326033	false	0.5
abfallen	neg 1.0		__DUMMY__ 0.47547087753859063 off 0.28496211520924447 neg 0.23956700725216487	false	0.5
fucker	off 1.0		__DUMMY__ 0.47112651994254096 off 0.29248607542709504 neg 0.23638740463036406	false	1.0
ungezogen	neg 1.0		__DUMMY__ 0.46481965164785205 off 0.2999499126285277 neg 0.23523043572362012	false	0.5
irrsinnig	neg 1.0	neg 1.0	neg 0.608617092231356 __DUMMY__ 0.23010851320926334 off 0.16127439455938067	false	1.0
unfassbar	neg 1.0		__DUMMY__ 0.47119625569626544 off 0.29016021015006405 neg 0.2386435341536706	false	0.5
hart	neg 1.0		__DUMMY__ 0.4714048668484369 off 0.2897442598773108 neg 0.23885087327425236	false	0.5
widerlich	off 1.0		__DUMMY__ 0.4690096425364918 off 0.2901025568871099 neg 0.24088780057639822	false	1.0
fatal	neg 1.0		__DUMMY__ 0.4735480427961371 off 0.28609689357190254 neg 0.24035506363196052	false	0.5
bruch	neg 1.0		__DUMMY__ 0.47751421920659193 off 0.2755820244010698 neg 0.24690375639233825	false	0.5
aushungern	neg 1.0		__DUMMY__ 0.47603441659258616 off 0.2813537675106748 neg 0.24261181589673897	false	0.5
anspannung	neg 1.0		__DUMMY__ 0.4814791545896822 off 0.2738187041404705 neg 0.24470214126984732	false	0.5
von			__DUMMY__ 0.4828685912428232 off 0.27915873642523825 neg 0.2379726723319385	false	0.0
kraftlos	neg 1.0		__DUMMY__ 0.47620718384671923 off 0.28086492907783805 neg 0.24292788707544274	false	0.5
vom			__DUMMY__ 0.48396666266763266 off 0.271824783648091 neg 0.24420855368427627	false	0.0
grenzdebil	off 1.0		__DUMMY__ 0.47153751923694914 off 0.29081234648640586 neg 0.23765013427664486	false	1.0
vor			__DUMMY__ 0.4789143472640767 off 0.2770577747697725 neg 0.24402787796615089	false	0.0
unterwerfen	neg 1.0		__DUMMY__ 0.47602940920583436 off 0.2792104206946693 neg 0.24476017009949647	false	0.5
versenkung	neg 1.0		__DUMMY__ 0.4770348474628231 off 0.2797078294717814 neg 0.24325732306539552	false	0.5
entziehen	neg 1.0		__DUMMY__ 0.47711509831397364 off 0.27562344256693067 neg 0.24726145911909556	false	0.5
finanzkrise	neg 1.0		__DUMMY__ 0.47364902971530953 off 0.28146046182198564 neg 0.24489050846270494	false	0.5
schimpfend	neg 1.0		__DUMMY__ 0.47334794014495796 off 0.28556506357866196 neg 0.24108699627638008	false	0.5
profan	neg 1.0		__DUMMY__ 0.47191613453372466 off 0.2859351312785518 neg 0.24214873418772354	false	0.5
korruption	neg 1.0		__DUMMY__ 0.47533744014677964 off 0.2795583203568541 neg 0.2451042394963664	false	0.5
â			__DUMMY__ 0.47752841937051027 off 0.2807821378296752 neg 0.2416894427998144	false	0.0
schmutzig	neg 1.0		__DUMMY__ 0.47199747954022303 off 0.29160900136006157 neg 0.23639351909971548	false	0.5
sexy	neg 1.0		__DUMMY__ 0.4733987855664414 off 0.28780698023440837 neg 0.2387942341991502	false	0.5
abraten	neg 1.0		__DUMMY__ 0.4730941406356378 off 0.2855101407887545 neg 0.24139571857560763	false	0.5
schwarz	neg 1.0		__DUMMY__ 0.47354875963002496 off 0.28513864053178023 neg 0.24131259983819475	false	0.5
fotze	off 1.0	off 1.0	off 0.6296625414450786 __DUMMY__ 0.23256102341086807 neg 0.13777643514405338	false	1.0
verwirren	neg 1.0		__DUMMY__ 0.4724231942474745 off 0.286765969438865 neg 0.24081083631366063	false	0.5
zahnlos	off 1.0		__DUMMY__ 0.4739036490806157 off 0.2810439614067427 neg 0.2450523895126416	false	1.0
verheeren	neg 1.0		__DUMMY__ 0.4665314115321604 off 0.30239708021289174 neg 0.23107150825494788	false	0.5
hippie	neg 1.0		__DUMMY__ 0.47352893661083295 off 0.28739628615815416 neg 0.23907477723101297	false	0.5
rammen	neg 1.0		__DUMMY__ 0.47244985183110505 off 0.28454592920524735 neg 0.2430042189636478	false	0.5
unlauter	neg 1.0		__DUMMY__ 0.4710300483659223 off 0.2831140821013062 neg 0.24585586953277153	false	0.5
unheilvoll	neg 1.0		__DUMMY__ 0.47438971178287304 off 0.285888315366035 neg 0.23972197285109212	false	0.5
niedrig	neg 1.0		__DUMMY__ 0.4749132316829627 off 0.2772143726888723 neg 0.24787239562816502	false	0.5
explosion	neg 1.0		__DUMMY__ 0.47320134488568893 off 0.2866042673804882 neg 0.24019438773382296	false	0.5
weichei	off 1.0	off 1.0	off 0.6378139456716628 __DUMMY__ 0.22701910613428342 neg 0.13516694819405378	false	1.0
minusmensch	off 1.0		__DUMMY__ 0.4641843254719759 off 0.2980109725871251 neg 0.23780470194089906	false	1.0
farblos	neg 1.0		__DUMMY__ 0.47583207568269176 off 0.2834660009986947 neg 0.24070192331861362	false	0.5
unwissend	neg 1.0	neg 1.0	neg 0.6073677048564688 __DUMMY__ 0.22886672927986795 off 0.16376556586366325	false	1.0
traurig	neg 1.0		__DUMMY__ 0.46991578820817265 off 0.2928790066250678 neg 0.23720520516675955	false	0.5
senkung	neg 1.0		__DUMMY__ 0.47063140939095127 off 0.28530999746388147 neg 0.24405859314516734	false	0.5
ungleich	neg 1.0	neg 1.0	neg 0.6108947279963763 __DUMMY__ 0.23168055228775597 off 0.15742471971586774	false	1.0
heikel	neg 1.0		__DUMMY__ 0.4748552559170748 off 0.27757321359580983 neg 0.24757153048711547	false	0.5
drosselung	neg 1.0		__DUMMY__ 0.47101778037210046 off 0.290404385180756 neg 0.23857783444714367	false	0.5
falsch	neg 1.0		__DUMMY__ 0.4710508216102719 off 0.2874622263981617 neg 0.2414869519915663	false	0.5
unzufriedenheit	neg 1.0		__DUMMY__ 0.47684863555047174 off 0.2764876796421359 neg 0.2466636848073923	false	0.5
kurz	neg 1.0		__DUMMY__ 0.4767619588084238 off 0.2822645386709362 neg 0.2409735025206399	false	0.5
unsinnig	neg 1.0		__DUMMY__ 0.47304408635212974 off 0.28094791967949856 neg 0.24600799396837156	false	0.5
penner	off 1.0	off 1.0	off 0.638899299400342 __DUMMY__ 0.22688012372634417 neg 0.1342205768733139	false	1.0
seicht	neg 1.0		__DUMMY__ 0.46383177966770883 off 0.2988065828769109 neg 0.23736163745538014	false	0.5
dummheit	off 1.0	off 1.0	off 0.6325263722175093 __DUMMY__ 0.2294482020132596 neg 0.13802542576923113	false	1.0
unerfreulich	neg 1.0		__DUMMY__ 0.47646831678351037 off 0.27717135416234184 neg 0.24636032905414787	false	0.5
motherfucker	off 1.0	off 1.0	off 0.6356393395160886 __DUMMY__ 0.22934636819737117 neg 0.1350142922865403	false	1.0
pikiert	neg 1.0		__DUMMY__ 0.47009054215495116 off 0.2895693954551201 neg 0.24034006238992872	false	0.5
wrack	neg 1.0		__DUMMY__ 0.4769825857588098 off 0.2813977449082964 neg 0.24161966933289392	false	0.5
gangster	neg 1.0		__DUMMY__ 0.4734466575846714 off 0.2874409349432435 neg 0.23911240747208506	false	0.5
krank	neg 1.0		__DUMMY__ 0.4714678524279077 off 0.2907402130659124 neg 0.23779193450618005	false	0.5
reich	neg 1.0		__DUMMY__ 0.4738204442132139 off 0.290233321476118 neg 0.235946234310668	false	0.5
gnadenlos	neg 1.0		__DUMMY__ 0.4731245183649899 off 0.28435848764219324 neg 0.24251699399281676	false	0.5
niedergeschlagen	neg 1.0		__DUMMY__ 0.4758400164857775 off 0.2820525073771597 neg 0.24210747613706277	false	0.5
terrorisieren	off 1.0	off 1.0	off 0.628435262105659 __DUMMY__ 0.23250741213120185 neg 0.1390573257631391	false	1.0
sinnlosigkeit	neg 1.0		__DUMMY__ 0.47449131204111905 off 0.28064883151715236 neg 0.2448598564417285	false	0.5
behindern	neg 1.0		__DUMMY__ 0.4752959442989243 off 0.2826958986904488 neg 0.24200815701062697	false	0.5
undemokratisch	neg 1.0		__DUMMY__ 0.4731862758739737 off 0.284000569715795 neg 0.24281315441023127	false	0.5
wirtschaftskrise	neg 1.0		__DUMMY__ 0.47496182797628095 off 0.27916814469713014 neg 0.24587002732658889	false	0.5
neid	neg 1.0		__DUMMY__ 0.47298075259703676 off 0.28810182821981517 neg 0.2389174191831481	false	0.5
rutschen	neg 1.0		__DUMMY__ 0.4820511333380659 off 0.2753194641506496 neg 0.24262940251128454	false	0.5
rezession	neg 1.0		__DUMMY__ 0.4655596260841402 off 0.29142609706013534 neg 0.24301427685572458	false	0.5
fehlgeburt	neg 1.0		__DUMMY__ 0.4746867781304543 off 0.28585392427663386 neg 0.23945929759291176	false	0.5
charakterschwach	off 1.0		__DUMMY__ 0.4691637849311023 off 0.28989931863051666 neg 0.24093689643838098	false	1.0
isolation	neg 1.0		__DUMMY__ 0.47258920992130976 off 0.2874975163243372 neg 0.23991327375435306	false	0.5
ablenkung	neg 1.0		__DUMMY__ 0.4748311292139989 off 0.28359498414359363 neg 0.24157388664240753	false	0.5
pech	neg 1.0		__DUMMY__ 0.47110835769670756 off 0.28694747573708873 neg 0.2419441665662036	false	0.5
vermeidung	neg 1.0		__DUMMY__ 0.47188812422461285 off 0.290973825743113 neg 0.2371380500322743	false	0.5
dominieren	neg 1.0		__DUMMY__ 0.47699761870773527 off 0.27931426243691343 neg 0.2436881188553512	false	0.5
schwindlig	neg 1.0		__DUMMY__ 0.4742075488867967 off 0.28630417209574754 neg 0.23948827901745576	false	0.5
lutscher	neg 1.0		__DUMMY__ 0.46428508091946086 off 0.29959587161389983 neg 0.23611904746663923	false	0.5
pflicht	neg 1.0		__DUMMY__ 0.4757608730898489 off 0.27641129116507596 neg 0.24782783574507516	false	0.5
faschist	off 1.0		__DUMMY__ 0.47241493829055364 off 0.28700376170144914 neg 0.24058130000799727	false	1.0
verschleudern	neg 1.0		__DUMMY__ 0.47494302752584877 off 0.2774148974222924 neg 0.24764207505185876	false	0.5
wenn			__DUMMY__ 0.4718319230666325 off 0.2880202463230227 neg 0.2401478306103447	false	0.0
ehebruch	neg 1.0		__DUMMY__ 0.4760541131813982 off 0.279844353428783 neg 0.24410153338981883	false	0.5
spott	off 1.0		__DUMMY__ 0.4752464942358992 off 0.2788015894315869 neg 0.24595191633251395	false	1.0
trostlosigkeit	neg 1.0		__DUMMY__ 0.4788609196728845 off 0.2771338901486698 neg 0.2440051901784457	false	0.5
lutschen	neg 1.0		__DUMMY__ 0.4718031261474774 off 0.28734409282017587 neg 0.2408527810323468	false	0.5
undiszipliniert	neg 1.0		__DUMMY__ 0.4693055923836117 off 0.29191496795968563 neg 0.23877943965670262	false	0.5
kopfschmerz	neg 1.0		__DUMMY__ 0.47475347707847976 off 0.2807878547567984 neg 0.2444586681647218	false	0.5
unvorhergesehen	neg 1.0		__DUMMY__ 0.4791895750392775 off 0.2790241767714601 neg 0.2417862481892623	false	0.5
desinteressiert	neg 1.0		__DUMMY__ 0.46960618749632627 off 0.2913947305619581 neg 0.23899908194171576	false	0.5
armselig	off 1.0		__DUMMY__ 0.46757944799610557 off 0.2920737271696227 neg 0.2403468248342716	false	1.0
desaster	neg 1.0		__DUMMY__ 0.47773279287297765 off 0.2749219763845174 neg 0.24734523074250495	false	0.5
tod	neg 1.0		__DUMMY__ 0.4800233351323768 off 0.2819721555659314 neg 0.23800450930169165	false	0.5
herzlos	neg 1.0		__DUMMY__ 0.46899769718844914 off 0.2926224166673839 neg 0.23837988614416689	false	0.5
unwissenheit	neg 1.0		__DUMMY__ 0.4745717914107167 off 0.28025961635890106 neg 0.24516859223038226	false	0.5
widersinnig	neg 1.0		__DUMMY__ 0.4721729306893131 off 0.27927040250316065 neg 0.24855666680752628	false	0.5
bedenklich	neg 1.0		__DUMMY__ 0.4744277232020454 off 0.2789662424469404 neg 0.24660603435101405	false	0.5
beanstanden	neg 1.0		__DUMMY__ 0.47632611976063394 off 0.27618611125181547 neg 0.24748776898755065	false	0.5
panisch	neg 1.0	neg 1.0	neg 0.6050967914826105 __DUMMY__ 0.23195009438731343 off 0.16295311413007604	false	1.0
debil	off 1.0		__DUMMY__ 0.4826221516513264 off 0.2718297809280323 neg 0.24554806742064145	false	1.0
abstrich	neg 1.0		__DUMMY__ 0.48037990831266064 off 0.28468553484676357 neg 0.23493455684057585	false	0.5
primitiv	neg 1.0		__DUMMY__ 0.46882048752384686 off 0.29028676750555993 neg 0.24089274497059335	false	0.5
abschaum	off 1.0	off 1.0	off 0.6341738748351327 __DUMMY__ 0.22917111600405363 neg 0.13665500916081372	false	1.0
provozieren	neg 1.0		__DUMMY__ 0.47193547236221284 off 0.2835969423004141 neg 0.24446758533737292	false	0.5
tot	neg 1.0		__DUMMY__ 0.47552969359552977 off 0.28031560067614797 neg 0.24415470572832212	false	0.5
instabil	neg 1.0		__DUMMY__ 0.4687828280897042 off 0.2918165130770391 neg 0.23940065883325676	false	0.5
schwuchtel	off 1.0	off 1.0	off 0.6422059825956017 __DUMMY__ 0.22427763481231408 neg 0.13351638259208432	false	1.0
zerren	neg 1.0		__DUMMY__ 0.4758680915016926 off 0.2813532231000966 neg 0.24277868539821074	false	0.5
kinderficker	off 1.0		__DUMMY__ 0.4679710259144121 off 0.2957524205127803 neg 0.23627655357280752	false	1.0
gefahr	neg 1.0		__DUMMY__ 0.478048103008876 off 0.2767842431755645 neg 0.24516765381555938	false	0.5
rabiat	neg 1.0		__DUMMY__ 0.4743816111010565 off 0.283536524676116 neg 0.2420818642228275	false	0.5
verlangsamung	neg 1.0		__DUMMY__ 0.4650419077685639 off 0.29661242789181497 neg 0.23834566433962118	false	0.5
ausgestorben	neg 1.0		__DUMMY__ 0.47513570389088894 off 0.2834211620698507 neg 0.24144313403926052	false	0.5
anklagen	neg 1.0		__DUMMY__ 0.47563554913563655 off 0.2799612186189938 neg 0.24440323224536947	false	0.5
trott	neg 1.0		__DUMMY__ 0.47502853783651106 off 0.2830266541163839 neg 0.24194480804710505	false	0.5
verminderung	neg 1.0		__DUMMY__ 0.4706767804444231 off 0.29090584997190344 neg 0.23841736958367352	false	0.5
nach			__DUMMY__ 0.4820024193607443 off 0.2736754527820269 neg 0.24432212785722887	false	0.0
rost	neg 1.0		__DUMMY__ 0.46736190537700667 off 0.29597513393269137 neg 0.23666296069030207	false	0.5
destruktiv	neg 1.0		__DUMMY__ 0.4728491801083413 off 0.2823737577572228 neg 0.2447770621344358	false	0.5
unzumutbarkeit	neg 1.0		__DUMMY__ 0.4722925978813412 off 0.28987983392933986 neg 0.23782756818931897	false	0.5
labil	off 1.0	off 1.0	off 0.63381829628267 __DUMMY__ 0.2297442857706845 neg 0.13643741794664552	false	1.0
ziemlich	neg 1.0		__DUMMY__ 0.47172391625602167 off 0.2901853385454698 neg 0.23809074519850856	false	0.5
lachnummer	off 1.0		__DUMMY__ 0.47268628797134293 off 0.28319488812757626 neg 0.24411882390108086	false	1.0
oder			__DUMMY__ 0.4745487000521792 off 0.28450209792517395 neg 0.24094920202264689	false	0.0
verfall	neg 1.0		__DUMMY__ 0.4793155823502017 off 0.27257807242543103 neg 0.2481063452243672	false	0.5
ausgrenzung	neg 1.0		__DUMMY__ 0.4733051359083589 off 0.284882330750415 neg 0.24181253334122604	false	0.5
unordnung	neg 1.0		__DUMMY__ 0.47290593458440777 off 0.29350381422113625 neg 0.2335902511944558	false	0.5
fehlverhalten	neg 1.0		__DUMMY__ 0.4749279384461455 off 0.2769041178838709 neg 0.24816794366998368	false	0.5
eine			__DUMMY__ 0.4779738599080025 off 0.2774045237197432 neg 0.24462161637225424	false	0.0
nille	neg 1.0		__DUMMY__ 0.475803340656751 off 0.28329134555936236 neg 0.2409053137838867	false	0.5
qual	neg 1.0		__DUMMY__ 0.4753928580657434 off 0.2826660396037075 neg 0.24194110233054908	false	0.5
verschwenden	neg 1.0		__DUMMY__ 0.4745766342291108 off 0.27819456081074745 neg 0.24722880496014174	false	0.5
riesig	neg 1.0		__DUMMY__ 0.4777653303515768 off 0.28024377608033063 neg 0.2419908935680926	false	0.5
verurteilen	neg 1.0		__DUMMY__ 0.4738517972901886 off 0.2798311320064903 neg 0.24631707070332107	false	0.5
klischee	neg 1.0	neg 1.0	neg 0.607685847326042 __DUMMY__ 0.2293402549374389 off 0.16297389773651907	false	1.0
diktatorisch	neg 1.0		__DUMMY__ 0.4725888181989478 off 0.28397975246945223 neg 0.24343142933160009	false	0.5
vorhersehbar	neg 1.0		__DUMMY__ 0.47032298980198783 off 0.2859448366158521 neg 0.24373217358215998	false	0.5
sowie			__DUMMY__ 0.4678974174971074 off 0.2949558015081405 neg 0.23714678099475217	false	0.0
stornieren	neg 1.0		__DUMMY__ 0.4771815866694207 off 0.2870464354124609 neg 0.23577197791811857	false	0.5
besteuerung	neg 1.0		__DUMMY__ 0.47123824046153084 off 0.28280319901974776 neg 0.24595856051872128	false	0.5
ungeschminkt	neg 1.0		__DUMMY__ 0.46825160004818667 off 0.28969090754863625 neg 0.24205749240317714	false	0.5
kritisch	neg 1.0		__DUMMY__ 0.4749494814419867 off 0.278829641753369 neg 0.24622087680464436	false	0.5
schlamperei	off 1.0		__DUMMY__ 0.4768894011400654 off 0.2779119578087175 neg 0.2451986410512171	false	1.0
sucht	neg 1.0	neg 1.0	neg 0.6027409155702916 __DUMMY__ 0.23457785668164371 off 0.16268122774806473	false	1.0
egoistisch	off 1.0		__DUMMY__ 0.46610087463512256 off 0.29516443989135605 neg 0.23873468547352136	false	1.0
ausbeuter	off 1.0		__DUMMY__ 0.47434162030865934 off 0.27665309392445375 neg 0.24900528576688694	false	1.0
arschgeburt	off 1.0		__DUMMY__ 0.46088024773765346 off 0.30298186349577066 neg 0.2361378887665759	false	1.0
schubs	neg 1.0		__DUMMY__ 0.475062686813307 off 0.28103211763265 neg 0.24390519555404297	false	0.5
unsolide	neg 1.0		__DUMMY__ 0.4711892639491357 off 0.2842605139615761 neg 0.2445502220892881	false	0.5
beschwerde	neg 1.0		__DUMMY__ 0.47508737470725765 off 0.2781692391918487 neg 0.24674338610089364	false	0.5
stocken	neg 1.0		__DUMMY__ 0.4769242820240192 off 0.27841742992448554 neg 0.2446582880514954	false	0.5
isolieren	neg 1.0		__DUMMY__ 0.47557913756512105 off 0.279824787353661 neg 0.24459607508121792	false	0.5
unheilbar	neg 1.0		__DUMMY__ 0.4751460022121193 off 0.2841812505748168 neg 0.2406727472130639	false	0.5
pisser	off 1.0		__DUMMY__ 0.4688027947453884 off 0.2920393407420998 neg 0.23915786451251167	false	1.0
löschen	neg 1.0		__DUMMY__ 0.475218181315775 off 0.283562643300452 neg 0.24121917538377297	false	0.5
durchfallen	neg 1.0		__DUMMY__ 0.4732186884463631 off 0.27893500419475936 neg 0.24784630735887753	false	0.5
wichser	off 1.0	off 1.0	off 0.6408092098400004 __DUMMY__ 0.2258555314627605 neg 0.13333525869723917	false	1.0
terror	neg 1.0		__DUMMY__ 0.4735817980953081 off 0.28703514624627635 neg 0.23938305565841544	false	0.5
krass	neg 1.0		__DUMMY__ 0.4682879029962138 off 0.2932394929542637 neg 0.2384726040495225	false	0.5
revolte	neg 1.0		__DUMMY__ 0.47351810827034585 off 0.2856109227976243 neg 0.2408709689320299	false	0.5
besorgt	neg 1.0		__DUMMY__ 0.4785739873977611 off 0.28276997936384946 neg 0.23865603323838952	false	0.5
nachlassen	neg 1.0		__DUMMY__ 0.47881383573845904 off 0.2792203272241318 neg 0.24196583703740915	false	0.5
alt	neg 1.0		__DUMMY__ 0.47563417156503707 off 0.28056370498612154 neg 0.24380212344884142	false	0.5
hundesohn	off 1.0		__DUMMY__ 0.4646242080082036 off 0.29987590464880703 neg 0.23549988734298935	false	1.0
als			__DUMMY__ 0.4749279282196812 off 0.2807367310353773 neg 0.2443353407449415	false	0.0
abschreckung	neg 1.0		__DUMMY__ 0.47711104873416954 off 0.2763204438348193 neg 0.24656850743101114	false	0.5
unqualifiziert	neg 1.0		__DUMMY__ 0.46962987320004834 off 0.28676538629974224 neg 0.24360474050020936	false	0.5
abgewichst	off 1.0		__DUMMY__ 0.47612728335513743 off 0.28252596704601 neg 0.2413467495988527	false	1.0
schwer	neg 1.0		__DUMMY__ 0.473581618671489 off 0.2822584616394581 neg 0.24415991968905296	false	0.5
bedeutungslosigkeit	neg 1.0		__DUMMY__ 0.47601328710725055 off 0.2771811256934049 neg 0.24680558719934456	false	0.5
kapitulation	neg 1.0		__DUMMY__ 0.47639515253911374 off 0.27909351048010284 neg 0.24451133698078345	false	0.5
unscharf	neg 1.0		__DUMMY__ 0.4713718068343968 off 0.28549735868720716 neg 0.24313083447839595	false	0.5
schwinden	neg 1.0		__DUMMY__ 0.4777548567597744 off 0.27764582928917136 neg 0.24459931395105416	false	0.5
versklavung	neg 1.0		__DUMMY__ 0.47487290750588146 off 0.28453050472050495 neg 0.24059658777361353	false	0.5
schlecht	neg 1.0		__DUMMY__ 0.47167517075606896 off 0.2903672550190944 neg 0.2379575742248367	false	0.5
verhasst	neg 1.0		__DUMMY__ 0.4708872232053729 off 0.2838842423631621 neg 0.24522853443146503	false	0.5
beschweren	neg 1.0		__DUMMY__ 0.47281955177045354 off 0.285382392610337 neg 0.2417980556192094	false	0.5
scheiden	neg 1.0		__DUMMY__ 0.4759083049191087 off 0.2838206585998659 neg 0.24027103648102552	false	0.5
frustriert	neg 1.0		__DUMMY__ 0.4739152912732924 off 0.28125701131737935 neg 0.24482769740932828	false	0.5
schimmelig	neg 1.0		__DUMMY__ 0.4736753101967917 off 0.27939799556497596 neg 0.24692669423823244	false	0.5
fisch	neg 1.0		__DUMMY__ 0.47569059695423555 off 0.27638488796546196 neg 0.24792451508030267	false	0.5
schmuggel	neg 1.0		__DUMMY__ 0.47705797402305666 off 0.2782450352858634 neg 0.24469699069108	false	0.5
auffallen	neg 1.0		__DUMMY__ 0.47247584159177936 off 0.28629462815267576 neg 0.24122953025554503	false	0.5
konkurrenz	neg 1.0		__DUMMY__ 0.4772852549610343 off 0.2758683726066927 neg 0.24684637243227292	false	0.5
teufelskreis	neg 1.0		__DUMMY__ 0.4733480599229145 off 0.28238621488607846 neg 0.24426572519100706	false	0.5
aufschreien	neg 1.0		__DUMMY__ 0.47149432365099214 off 0.2860345461252522 neg 0.2424711302237556	false	0.5
schuldner	neg 1.0		__DUMMY__ 0.47544964920120636 off 0.27626933185701025 neg 0.2482810189417835	false	0.5
missgeburt	off 1.0	off 1.0	off 0.6381370291032323 __DUMMY__ 0.2266394597680086 neg 0.13522351112875913	false	1.0
arbeitslos	neg 1.0		__DUMMY__ 0.47297020710435445 off 0.27926944564188316 neg 0.24776034725376234	false	0.5
befallen	neg 1.0		__DUMMY__ 0.4769261727473727 off 0.2825745888062955 neg 0.24049923844633173	false	0.5
miesepetrig	off 1.0	off 1.0	off 0.634399710684075 __DUMMY__ 0.22953309816146328 neg 0.13606719115446178	false	1.0
alarmieren	neg 1.0		__DUMMY__ 0.47111831744167587 off 0.2878646845398369 neg 0.24101699801848725	false	0.5
ungeduscht	off 1.0		__DUMMY__ 0.47063780174311115 off 0.2876581417466456 neg 0.24170405651024318	false	1.0
knappheit	neg 1.0		__DUMMY__ 0.4732776205716398 off 0.2787436280528014 neg 0.24797875137555891	false	0.5
schlange	neg 1.0		__DUMMY__ 0.4761501971548152 off 0.2861766857910778 neg 0.23767311705410687	false	0.5
harsch	neg 1.0		__DUMMY__ 0.4710571137529181 off 0.29564653289381737 neg 0.23329635335326457	false	0.5
lang	neg 1.0		__DUMMY__ 0.47497551322086173 off 0.2846060999009545 neg 0.2404183868781839	false	0.5
ziellos	neg 1.0		__DUMMY__ 0.47699300110309356 off 0.28006448583798 neg 0.24294251305892645	false	0.5
selbstverliebt	neg 1.0		__DUMMY__ 0.4625541600263376 off 0.3006987293312238 neg 0.2367471106424387	false	0.5
beseitigen	neg 1.0		__DUMMY__ 0.4761967015055077 off 0.28209173486554623 neg 0.24171156362894608	false	0.5
dumm	off 1.0		__DUMMY__ 0.46650854859293434 off 0.29626852291702566 neg 0.23722292849004012	false	1.0
arbeitsloser	neg 1.0		__DUMMY__ 0.4748255213598 off 0.2799755633957281 neg 0.24519891524447196	false	0.5
blitzen	neg 1.0		__DUMMY__ 0.4734125276197537 off 0.28722585803586076 neg 0.23936161434438552	false	0.5
hilflos	neg 1.0		__DUMMY__ 0.47441980141476014 off 0.28091593038363644 neg 0.24466426820160347	false	0.5
eklig	off 1.0		__DUMMY__ 0.46503175612678416 off 0.29653400301010374 neg 0.23843424086311207	false	1.0
begriff			__DUMMY__ 0.47389969165275436 off 0.28218302347296653 neg 0.24391728487427897	false	0.0
hungersnot	neg 1.0		__DUMMY__ 0.47701809864837896 off 0.2811335277554808 neg 0.24184837359614036	false	0.5
ungesetzlich	neg 1.0		__DUMMY__ 0.4706449623828657 off 0.28267902218023916 neg 0.2466760154368953	false	0.5
verschwendung	neg 1.0		__DUMMY__ 0.47613814991496134 off 0.27826210749655406 neg 0.24559974258848458	false	0.5
schmerzvoll	neg 1.0		__DUMMY__ 0.4735718220874513 off 0.2853724242152442 neg 0.2410557536973044	false	0.5
vorzeitig	neg 1.0		__DUMMY__ 0.4738745524644784 off 0.2869670318609272 neg 0.23915841567459442	false	0.5
unvollkommenheit	neg 1.0		__DUMMY__ 0.47873630916121884 off 0.28136065654850534 neg 0.23990303429027568	false	0.5
intervenieren	neg 1.0		__DUMMY__ 0.4750025584780482 off 0.277488059553531 neg 0.24750938196842093	false	0.5
banause	off 1.0		__DUMMY__ 0.46250038140859295 off 0.2988286548707265 neg 0.23867096372068042	false	1.0
rebell	neg 1.0		__DUMMY__ 0.47803567886109777 off 0.2742125620206586 neg 0.24775175911824374	false	0.5
unlogisch	neg 1.0		__DUMMY__ 0.4676595257117513 off 0.29177641519170294 neg 0.24056405909654568	false	0.5
leiden	neg 1.0		__DUMMY__ 0.47807083819793694 off 0.2776845354401616 neg 0.24424462636190147	false	0.5
abschaffung	neg 1.0		__DUMMY__ 0.4733518660083904 off 0.2831897379239352 neg 0.2434583960676744	false	0.5
sturz	neg 1.0		__DUMMY__ 0.47597393491247586 off 0.2840389410894743 neg 0.23998712399804997	false	0.5
verkleinerung	neg 1.0		__DUMMY__ 0.4694224513198268 off 0.28509100334065407 neg 0.2454865453395191	false	0.5
schmarotzer	off 1.0		__DUMMY__ 0.4718159562417136 off 0.2797990804387331 neg 0.24838496331955326	false	1.0
bestrafung	neg 1.0		__DUMMY__ 0.47425447808576876 off 0.28474570400260985 neg 0.24099981791162142	false	0.5
achtlos	neg 1.0	neg 1.0	neg 0.6075447133202837 __DUMMY__ 0.2318723359724285 off 0.16058295070728779	false	1.0
ungeheuer	neg 1.0		__DUMMY__ 0.47405396457714283 off 0.28651461985212234 neg 0.2394314155707348	false	0.5
unaufrichtig	neg 1.0		__DUMMY__ 0.4742845523859318 off 0.28738529212739367 neg 0.2383301554866745	false	0.5
groggy	neg 1.0		__DUMMY__ 0.47352808460611606 off 0.28711984479648506 neg 0.2393520705973988	false	0.5
verletzlich	neg 1.0		__DUMMY__ 0.4692107761863853 off 0.2897981808164643 neg 0.2409910429971504	false	0.5
