unsolidarisch	neg 1.0		off 0.5307131950783317 neg 0.4620995308950409 __DUMMY__ 0.0071872740266272	false	0.5
nachteilig	neg 1.0		off 0.5289532695642364 neg 0.4637925979192879 __DUMMY__ 0.007254132516475754	false	0.5
skeptisch	neg 1.0		off 0.5284124781946486 neg 0.4643278533972322 __DUMMY__ 0.007259668408119055	false	0.5
schrecklich	neg 1.0		off 0.5421133608297103 neg 0.4507422361193562 __DUMMY__ 0.007144403050933469	false	0.5
schlapp	neg 1.0		off 0.539036172954087 neg 0.45377868431725826 __DUMMY__ 0.007185142728654578	false	0.5
abfall	neg 1.0		off 0.5271697982049347 neg 0.4655121239945953 __DUMMY__ 0.00731807780046989	false	0.5
widerspenstig	neg 1.0		off 0.5344527028240241 neg 0.4583144018939318 __DUMMY__ 0.007232895282044056	false	0.5
abrupt	neg 1.0		off 0.5321919788850489 neg 0.46051142856868865 __DUMMY__ 0.007296592546262424	false	0.5
unwirksam	neg 1.0		off 0.5298193816936704 neg 0.4630103742607923 __DUMMY__ 0.00717024404553746	false	0.5
angreifen	neg 1.0		off 0.5286240983262441 neg 0.4641122521847482 __DUMMY__ 0.007263649489007554	false	0.5
inkonsistent	neg 1.0		off 0.534296809009657 neg 0.458492100682691 __DUMMY__ 0.007211090307652004	false	0.5
abrutschen	neg 1.0		off 0.5257654435448518 neg 0.4669484019880608 __DUMMY__ 0.007286154467087436	false	0.5
unsicher	neg 1.0		off 0.5342924563506087 neg 0.45846588360824414 __DUMMY__ 0.007241660041147037	false	0.5
bauernkind	off 1.0	off 1.0	off 0.7551548349608411 neg 0.24148611935722442 __DUMMY__ 0.003359045681934389	false	1.0
angreifer	neg 1.0	neg 1.0	neg 0.7115396223133473 off 0.28499620678721677 __DUMMY__ 0.003464170899436045	false	1.0
trennen	neg 1.0		off 0.5308063405056447 neg 0.46189045109412025 __DUMMY__ 0.007303208400235132	false	0.5
schmutz	neg 1.0		off 0.5402244116358006 neg 0.4524846245233174 __DUMMY__ 0.007290963840882062	false	0.5
inkonsistenz	neg 1.0		off 0.5344463404612615 neg 0.45843671522518264 __DUMMY__ 0.007116944313555939	false	0.5
erschreckend	neg 1.0		off 0.5318415038385079 neg 0.4609399329255491 __DUMMY__ 0.007218563235943016	false	0.5
ertrinken	neg 1.0		off 0.5308572121264267 neg 0.46185669318507133 __DUMMY__ 0.007286094688501957	false	0.5
pickelface	off 1.0		off 0.5338443076374085 neg 0.4589037847652438 __DUMMY__ 0.007251907597347621	false	1.0
seiner			off 0.5295070588913755 neg 0.46322392458031403 __DUMMY__ 0.0072690165283104844	false	0.0
lauch	neg 1.0		off 0.5283899201128487 neg 0.4642963494297302 __DUMMY__ 0.0073137304574210586	false	0.5
unwichtig	neg 1.0		off 0.5368323549503615 neg 0.45600392887089686 __DUMMY__ 0.007163716178741614	false	0.5
steuerhinterziehung	neg 1.0	neg 1.0	neg 0.7154373110025474 off 0.2811075466025231 __DUMMY__ 0.0034551423949296355	false	1.0
schock	neg 1.0		off 0.5340797890916382 neg 0.45866563374709984 __DUMMY__ 0.007254577161262011	false	0.5
beule	neg 1.0		off 0.5397854166020759 neg 0.45304199349356916 __DUMMY__ 0.007172589904355058	false	0.5
vergelten	neg 1.0		off 0.5429884103721737 neg 0.4498253045345157 __DUMMY__ 0.007186285093310571	false	0.5
verdorbenheit	neg 1.0		off 0.5368351202722328 neg 0.4559025880215861 __DUMMY__ 0.007262291706180947	false	0.5
trauma	neg 1.0		off 0.5352025221651432 neg 0.4575666073556717 __DUMMY__ 0.007230870479185241	false	0.5
sinnlos	neg 1.0		off 0.5360867202993914 neg 0.4566981336880324 __DUMMY__ 0.007215146012576102	false	0.5
fettsack	off 1.0	off 1.0	off 0.7567782484315907 neg 0.23984948632998804 __DUMMY__ 0.003372265238421281	false	1.0
feige	off 1.0	off 1.0	off 0.7544602414255798 neg 0.24213117067558018 __DUMMY__ 0.0034085878988400374	false	1.0
abdanken	neg 1.0		off 0.5332396312831134 neg 0.45952140146879583 __DUMMY__ 0.007238967248090874	false	0.5
wichtigtuer	off 1.0	off 1.0	off 0.7535100827820048 neg 0.243064895410234 __DUMMY__ 0.0034250218077612115	false	1.0
misslingen	neg 1.0		off 0.5379428096275911 neg 0.4547726020772461 __DUMMY__ 0.007284588295162619	false	0.5
untreu	off 1.0		off 0.5383561001434686 neg 0.45446897634880223 __DUMMY__ 0.007174923507729242	false	1.0
missmutig	neg 1.0		off 0.5389055930814955 neg 0.453895313547062 __DUMMY__ 0.0071990933714425375	false	0.5
hurenbock	off 1.0		off 0.5382373849524075 neg 0.4545113445102955 __DUMMY__ 0.007251270537296945	false	1.0
betrunken	neg 1.0		off 0.5408183853622267 neg 0.45200754708091095 __DUMMY__ 0.007174067556862301	false	0.5
korrupt	off 1.0		off 0.5285332802548394 neg 0.4642621512131947 __DUMMY__ 0.007204568531966086	false	1.0
unmut	neg 1.0		off 0.5264460125275419 neg 0.4662584520676176 __DUMMY__ 0.007295535404840495	false	0.5
hackfresse	off 1.0		off 0.5443334007166724 neg 0.44857122001438154 __DUMMY__ 0.007095379268946222	false	1.0
aufblasen	neg 1.0		off 0.5366957776145032 neg 0.4560723642783422 __DUMMY__ 0.00723185810715483	false	0.5
gewaltsam	neg 1.0		off 0.533602796947728 neg 0.45913696687519334 __DUMMY__ 0.007260236177078546	false	0.5
unbeliebtheit	neg 1.0		off 0.534589068028679 neg 0.4582630080255393 __DUMMY__ 0.00714792394578166	false	0.5
sturheit	neg 1.0		off 0.5316457635853 neg 0.4611252900483364 __DUMMY__ 0.007228946366363564	false	0.5
kuh	neg 1.0		off 0.5321249198465275 neg 0.4607343325777199 __DUMMY__ 0.0071407475757526645	false	0.5
erschrecken	neg 1.0		off 0.5393021143475191 neg 0.453484338174567 __DUMMY__ 0.007213547477913757	false	0.5
opfer	neg 1.0		off 0.5306644800458816 neg 0.4620733157314409 __DUMMY__ 0.007262204222677477	false	0.5
sinken	neg 1.0		off 0.5278221894892602 neg 0.4648769328684698 __DUMMY__ 0.007300877642270004	false	0.5
stinktier	neg 1.0		off 0.5383361199125442 neg 0.45459932738856107 __DUMMY__ 0.007064552698894771	false	0.5
tucke	off 1.0		off 0.5452729017411689 neg 0.4476470544610455 __DUMMY__ 0.007080043797785571	false	1.0
ein			off 0.5349113069749312 neg 0.45786780775751196 __DUMMY__ 0.007220885267556765	false	0.0
abstieg	neg 1.0		off 0.5295657667394992 neg 0.4631657413167059 __DUMMY__ 0.0072684919437948055	false	0.5
missverstehen	neg 1.0		off 0.5343081047099948 neg 0.4585233577070285 __DUMMY__ 0.007168537582976826	false	0.5
ergebnislos	neg 1.0		off 0.5292661468165589 neg 0.4634619435702836 __DUMMY__ 0.007271909613157587	false	0.5
unter			off 0.5242569181793739 neg 0.4683735936787477 __DUMMY__ 0.007369488141878543	false	0.0
manipulieren	neg 1.0		off 0.5292931244080867 neg 0.4634251279804427 __DUMMY__ 0.007281747611470535	false	0.5
unbewiesen	neg 1.0		off 0.5300009021110991 neg 0.46282281077357584 __DUMMY__ 0.007176287115324981	false	0.5
verschleppen	neg 1.0		off 0.5299875272567125 neg 0.4627683610231776 __DUMMY__ 0.007244111720109974	false	0.5
weib	off 1.0		off 0.5427075993089426 neg 0.4502406474631983 __DUMMY__ 0.007051753227858927	false	1.0
opposition	neg 1.0		off 0.5339152027245295 neg 0.4588903707743704 __DUMMY__ 0.007194426501099869	false	0.5
verkehrswidrig	neg 1.0		off 0.5452958931522945 neg 0.44750803608863543 __DUMMY__ 0.00719607075906989	false	0.5
inkorrekt	neg 1.0		off 0.5394023151533213 neg 0.45347834478790117 __DUMMY__ 0.007119340058777588	false	0.5
vermeiden	neg 1.0		off 0.5255176492647958 neg 0.46716681515677644 __DUMMY__ 0.007315535578427674	false	0.5
abweichung	neg 1.0		off 0.5292199067579196 neg 0.46353879079435856 __DUMMY__ 0.007241302447721913	false	0.5
alkoholisiert	neg 1.0		off 0.5304628769870293 neg 0.4622611805915299 __DUMMY__ 0.007275942421440805	false	0.5
scheiss	off 1.0	off 1.0	off 0.7555658433798642 neg 0.24101683557283335 __DUMMY__ 0.0034173210473024897	false	1.0
herausforderung	neg 1.0		off 0.5295656311126019 neg 0.4631579009975378 __DUMMY__ 0.0072764678898602515	false	0.5
pervers	off 1.0		off 0.5470083678983941 neg 0.4459334329234268 __DUMMY__ 0.007058199178179135	false	1.0
wackelig	neg 1.0		off 0.5344187795347265 neg 0.45829607527214566 __DUMMY__ 0.007285145193127856	false	0.5
verwickeln	neg 1.0		off 0.5338969287701402 neg 0.458928366297169 __DUMMY__ 0.00717470493269091	false	0.5
vorwand	neg 1.0		off 0.5281712922608279 neg 0.464561585862127 __DUMMY__ 0.007267121877045082	false	0.5
muschi	off 1.0		off 0.5337217906993903 neg 0.4590307485043819 __DUMMY__ 0.007247460796227768	false	1.0
entmutigung	neg 1.0		off 0.5341325676859113 neg 0.45865817094915656 __DUMMY__ 0.007209261364932179	false	0.5
unangemessen	neg 1.0		off 0.529650614369819 neg 0.46314599198549367 __DUMMY__ 0.00720339364468745	false	0.5
unstetig	neg 1.0		off 0.5361980005499815 neg 0.4565988536702838 __DUMMY__ 0.007203145779734757	false	0.5
entmutigen	neg 1.0		off 0.5346980988677595 neg 0.45807970321156966 __DUMMY__ 0.007222197920670811	false	0.5
schwanz	neg 1.0		off 0.5315667417110653 neg 0.4611646008406899 __DUMMY__ 0.007268657448244741	false	0.5
verbot	neg 1.0		off 0.530166319099563 neg 0.4625939152617515 __DUMMY__ 0.007239765638685335	false	0.5
leid	neg 1.0		off 0.5423265013998966 neg 0.45056429126747216 __DUMMY__ 0.007109207332631289	false	0.5
archaisch	neg 1.0		off 0.5321554436685092 neg 0.4606093153703872 __DUMMY__ 0.007235240961103499	false	0.5
gegen			off 0.5272422684915852 neg 0.4654650131721918 __DUMMY__ 0.00729271833622286	false	0.0
scheidung	neg 1.0		off 0.5550467462193629 neg 0.4378627491652775 __DUMMY__ 0.007090504615359563	false	0.5
einschlag	neg 1.0		off 0.5411445196427733 neg 0.4516981048250917 __DUMMY__ 0.00715737553213489	false	0.5
m			off 0.5325714647149778 neg 0.46016343991794034 __DUMMY__ 0.007265095367081833	false	0.0
abgestanden	neg 1.0		off 0.5338638240531178 neg 0.4589272925609558 __DUMMY__ 0.007208883385926291	false	0.5
schmierig	off 1.0		off 0.5433411809812633 neg 0.44951691014740813 __DUMMY__ 0.0071419088713287	false	1.0
unpraktisch	neg 1.0		off 0.5353438422686426 neg 0.45743981056645777 __DUMMY__ 0.007216347164899537	false	0.5
wixxer	off 1.0		off 0.5457928747385866 neg 0.4471727111929694 __DUMMY__ 0.007034414068443978	false	1.0
bezeichnet			off 0.5316720240284525 neg 0.4611324765956907 __DUMMY__ 0.0071954993758568415	false	0.0
jammerlappen	off 1.0		off 0.5387350245071755 neg 0.45407214877697605 __DUMMY__ 0.0071928267158484676	false	1.0
farce	neg 1.0		off 0.5306461047606316 neg 0.4621302005666244 __DUMMY__ 0.007223694672744042	false	0.5
zwecklos	neg 1.0		off 0.5306323609981312 neg 0.46214159087202633 __DUMMY__ 0.0072260481298426086	false	0.5
turbulent	neg 1.0		off 0.539404579301372 neg 0.4534319905527991 __DUMMY__ 0.00716343014582908	false	0.5
invasion	neg 1.0		off 0.5350810787239354 neg 0.4577151176028697 __DUMMY__ 0.00720380367319484	false	0.5
schuld	neg 1.0		off 0.5335605017289864 neg 0.4592385222019802 __DUMMY__ 0.007200976069033407	false	0.5
risiko	neg 1.0	neg 1.0	neg 0.7118720783889998 off 0.2846604410103536 __DUMMY__ 0.003467480600646669	false	1.0
finster	neg 1.0		off 0.5334162134127045 neg 0.4593958319992131 __DUMMY__ 0.007187954588082524	false	0.5
geisteskrank	off 1.0		off 0.5370429737808576 neg 0.45583294692548404 __DUMMY__ 0.007124079293658331	false	1.0
zusammenbrechen	neg 1.0		off 0.5319194877858492 neg 0.4608367915588569 __DUMMY__ 0.007243720655294032	false	0.5
ausbeute	neg 1.0		off 0.5357517072925253 neg 0.45690921998544676 __DUMMY__ 0.0073390727220279586	false	0.5
hinterhalt	neg 1.0		off 0.5378779030504078 neg 0.4547925047661108 __DUMMY__ 0.007329592183481447	false	0.5
kritik	neg 1.0		off 0.5302525820760171 neg 0.4625252858103788 __DUMMY__ 0.007222132113604202	false	0.5
einschrumpfen	neg 1.0		off 0.5363795922725835 neg 0.45644418935168907 __DUMMY__ 0.007176218375727574	false	0.5
riskant	neg 1.0		off 0.5283388642942992 neg 0.4644162156796479 __DUMMY__ 0.007244920026052915	false	0.5
frustrieren	neg 1.0		off 0.5295146414711912 neg 0.46324217754455316 __DUMMY__ 0.007243180984255762	false	0.5
groll	neg 1.0		off 0.5300558383237237 neg 0.46271662233062966 __DUMMY__ 0.007227539345646493	false	0.5
gibt			off 0.532019014598937 neg 0.46073643337276504 __DUMMY__ 0.00724455202829797	false	0.0
qualvoll	neg 1.0		off 0.5378138425846059 neg 0.454967762698469 __DUMMY__ 0.007218394716925183	false	0.5
wackeln	neg 1.0		off 0.5369573943403323 neg 0.45578401310706745 __DUMMY__ 0.007258592552600054	false	0.5
klagen	neg 1.0		off 0.5264993994679062 neg 0.46622195167219055 __DUMMY__ 0.007278648859903163	false	0.5
bankrott	neg 1.0		off 0.5393832630735417 neg 0.4534010673778049 __DUMMY__ 0.007215669548653344	false	0.5
trauern	neg 1.0		off 0.5321955749942322 neg 0.46050915977237755 __DUMMY__ 0.007295265233390213	false	0.5
ablehnung	neg 1.0		off 0.5296968248873142 neg 0.4630827669611052 __DUMMY__ 0.0072204081515805894	false	0.5
stur	neg 1.0		off 0.533483406735766 neg 0.45932076709276226 __DUMMY__ 0.007195826171471752	false	0.5
aufruhr	neg 1.0		off 0.5328631001086107 neg 0.45989568460125113 __DUMMY__ 0.007241215290138238	false	0.5
melancholie	neg 1.0		off 0.5316443705026553 neg 0.4610916610537542 __DUMMY__ 0.007263968443590438	false	0.5
ist			off 0.5355540678482554 neg 0.45723346799486 __DUMMY__ 0.007212464156884624	false	0.0
torheit	neg 1.0		off 0.5340390157459083 neg 0.45873461311523905 __DUMMY__ 0.007226371138852584	false	0.5
dreckskind	off 1.0		off 0.5419297135107741 neg 0.45099038063967534 __DUMMY__ 0.007079905849550669	false	1.0
umtauschen	neg 1.0		off 0.5336715920556947 neg 0.4590967218117416 __DUMMY__ 0.007231686132563706	false	0.5
zum			off 0.5287320174559589 neg 0.463903348014166 __DUMMY__ 0.0073646345298750355	false	0.0
zersetzen	neg 1.0		off 0.5277755681717635 neg 0.46497067141673104 __DUMMY__ 0.007253760411505496	false	0.5
zur			off 0.5261817247782569 neg 0.46647751435200374 __DUMMY__ 0.007340760869739393	false	0.0
frust	neg 1.0		off 0.5321671147309088 neg 0.4605844138489076 __DUMMY__ 0.007248471420183504	false	0.5
unerbittlichkeit	neg 1.0		off 0.5284955551875952 neg 0.4642382827719734 __DUMMY__ 0.007266162040431543	false	0.5
zwei			off 0.5290309922581763 neg 0.4636251710967224 __DUMMY__ 0.007343836645101431	false	0.0
unkorrekt	neg 1.0		off 0.539923718180157 neg 0.4529408937865785 __DUMMY__ 0.007135388033264488	false	0.5
hexe	off 1.0		off 0.5366363261012471 neg 0.45621627484681326 __DUMMY__ 0.007147399051939472	false	1.0
lasch	neg 1.0		off 0.5352369415055306 neg 0.45760216954759575 __DUMMY__ 0.007160888946873688	false	0.5
rivale	neg 1.0		off 0.5404779274093036 neg 0.4523594816869693 __DUMMY__ 0.007162590903727059	false	0.5
mutlos	off 1.0	off 1.0	off 0.750124219076641 neg 0.24641802056415105 __DUMMY__ 0.0034577603592080707	false	1.0
wirr	off 1.0		off 0.5408523763633956 neg 0.4520192049687313 __DUMMY__ 0.007128418667873066	false	1.0
jahr			off 0.5328364502994362 neg 0.4598172602924343 __DUMMY__ 0.007346289408129601	false	0.0
wird			off 0.5306240498421263 neg 0.46212851786560344 __DUMMY__ 0.007247432292270413	false	0.0
strafbar	neg 1.0		off 0.5287317622502594 neg 0.46402686575033164 __DUMMY__ 0.007241371999408827	false	0.5
erosion	neg 1.0		off 0.5357111189299762 neg 0.4570302903784146 __DUMMY__ 0.0072585906916091455	false	0.5
eingehen	neg 1.0		off 0.5288599150196799 neg 0.4639017019835383 __DUMMY__ 0.0072383829967818695	false	0.5
faul	off 1.0		off 0.5388301931170391 neg 0.4539634366012021 __DUMMY__ 0.007206370281758929	false	1.0
provisorium	neg 1.0		off 0.5252197511829536 neg 0.4674085769346874 __DUMMY__ 0.007371671882359077	false	0.5
schmerzen	neg 1.0		off 0.5322042783112486 neg 0.46057214334235547 __DUMMY__ 0.007223578346395948	false	0.5
schrumpfen	neg 1.0		off 0.5237994914608051 neg 0.46890602046258334 __DUMMY__ 0.007294488076611653	false	0.5
geistlos	off 1.0		off 0.5333613016367631 neg 0.4594801632263047 __DUMMY__ 0.007158535136932185	false	1.0
fehlkauf	neg 1.0		off 0.5369528165514806 neg 0.45581169666418236 __DUMMY__ 0.007235486784336946	false	0.5
frustrierend	neg 1.0		off 0.5371197909429921 neg 0.4556898544407668 __DUMMY__ 0.007190354616240956	false	0.5
unzufrieden	neg 1.0		off 0.5297920889244871 neg 0.46298701784035057 __DUMMY__ 0.00722089323516216	false	0.5
verzweifeln	neg 1.0		off 0.532491178438295 neg 0.46027628407177257 __DUMMY__ 0.007232537489932441	false	0.5
verzweifelt	neg 1.0	neg 1.0	neg 0.7140220598837905 off 0.2825481897142237 __DUMMY__ 0.003429750401985738	false	1.0
misstrauensantrag	neg 1.0		off 0.5355584462766774 neg 0.4572358038183307 __DUMMY__ 0.007205749904991879	false	0.5
abfallen	neg 1.0		off 0.536433256889297 neg 0.45631850505407556 __DUMMY__ 0.007248238056627424	false	0.5
fucker	off 1.0		off 0.542035482738117 neg 0.45078626710217123 __DUMMY__ 0.007178250159711745	false	1.0
ungezogen	neg 1.0		off 0.5466139617446866 neg 0.44631345236893527 __DUMMY__ 0.007072585886378351	false	0.5
irrsinnig	neg 1.0	neg 1.0	neg 0.7137299482802424 off 0.2828352927173784 __DUMMY__ 0.003434759002379203	false	1.0
unfassbar	neg 1.0		off 0.5395654310199673 neg 0.4532560066053424 __DUMMY__ 0.007178562374690321	false	0.5
hart	neg 1.0		off 0.5392716390344526 neg 0.4535483164969643 __DUMMY__ 0.007180044468583219	false	0.5
widerlich	off 1.0		off 0.538256045433273 neg 0.45460122581916723 __DUMMY__ 0.007142728747559901	false	1.0
fatal	neg 1.0		off 0.5364931321519395 neg 0.4562885043449356 __DUMMY__ 0.007218363503124726	false	0.5
bruch	neg 1.0		off 0.5272441808354438 neg 0.4654736885198013 __DUMMY__ 0.007282130644754942	false	0.5
aushungern	neg 1.0		off 0.5326039526003795 neg 0.46013815295155963 __DUMMY__ 0.00725789444806087	false	0.5
anspannung	neg 1.0		off 0.527678711803802 neg 0.4649740242142449 __DUMMY__ 0.007347263981953151	false	0.5
von			off 0.5342621150873659 neg 0.4583696418505957 __DUMMY__ 0.0073682430620383875	false	0.0
kraftlos	neg 1.0		off 0.5323415581356683 neg 0.46039743053553456 __DUMMY__ 0.007261011328797315	false	0.5
vom			off 0.5269993148372752 neg 0.46561294425680283 __DUMMY__ 0.00738774090592205	false	0.0
grenzdebil	off 1.0		off 0.5404828909579611 neg 0.4523331331729482 __DUMMY__ 0.00718397586909077	false	1.0
vor			off 0.5297101040473148 neg 0.46298356255336925 __DUMMY__ 0.007306333399315794	false	0.0
unterwerfen	neg 1.0		off 0.5303506250179247 neg 0.4623910441859242 __DUMMY__ 0.007258330796151063	false	0.5
versenkung	neg 1.0		off 0.5314580808999761 neg 0.4612665910001684 __DUMMY__ 0.0072753280998553915	false	0.5
entziehen	neg 1.0		off 0.5270913592499701 neg 0.4656318264577016 __DUMMY__ 0.007276814292328352	false	0.5
finanzkrise	neg 1.0		off 0.5314826252305288 neg 0.4612990020161463 __DUMMY__ 0.007218372753324889	false	0.5
schimpfend	neg 1.0		off 0.5359259258330535 neg 0.45686172896200117 __DUMMY__ 0.00721234520494529	false	0.5
profan	neg 1.0		off 0.5354095817004683 neg 0.45739999124822994 __DUMMY__ 0.007190427051301773	false	0.5
korruption	neg 1.0		off 0.5303149770045779 neg 0.4624384122218958 __DUMMY__ 0.007246610773526368	false	0.5
â			off 0.5330321229270247 neg 0.45968425165930127 __DUMMY__ 0.007283625413674062	false	0.0
schmutzig	neg 1.0		off 0.5416074682101361 neg 0.4512011461907898 __DUMMY__ 0.007191385599074258	false	0.5
sexy	neg 1.0		off 0.5382862711450938 neg 0.4544980694415768 __DUMMY__ 0.007215659413329613	false	0.5
abraten	neg 1.0		off 0.5356252482647784 neg 0.4571652685847389 __DUMMY__ 0.007209483150482743	false	0.5
schwarz	neg 1.0		off 0.5354651027594766 neg 0.45731673326169175 __DUMMY__ 0.0072181639788315806	false	0.5
fotze	off 1.0	off 1.0	off 0.7525058570666954 neg 0.24402207195800238 __DUMMY__ 0.0034720709753022693	false	1.0
verwirren	neg 1.0		off 0.5365733201677045 neg 0.4562274889952371 __DUMMY__ 0.007199190837058488	false	0.5
zahnlos	off 1.0		off 0.5311414232590603 neg 0.46163442972490915 __DUMMY__ 0.007224147016030656	false	1.0
verheeren	neg 1.0		off 0.5501493720904616 neg 0.44275034042776645 __DUMMY__ 0.007100287481772167	false	0.5
hippie	neg 1.0		off 0.5379004039958938 neg 0.4548815961782414 __DUMMY__ 0.007217999825864924	false	0.5
rammen	neg 1.0		off 0.5343261515724794 neg 0.45847678794663393 __DUMMY__ 0.0071970604808866065	false	0.5
unlauter	neg 1.0		off 0.5317975198287621 neg 0.46102752529697677 __DUMMY__ 0.0071749548742610966	false	0.5
unheilvoll	neg 1.0		off 0.5368211800540785 neg 0.4559490773000775 __DUMMY__ 0.007229742645843917	false	0.5
niedrig	neg 1.0		off 0.5276850910699874 neg 0.4650769031150657 __DUMMY__ 0.007238005814947018	false	0.5
explosion	neg 1.0		off 0.536872538369129 neg 0.4559155828270869 __DUMMY__ 0.007211878803784161	false	0.5
weichei	off 1.0	off 1.0	off 0.7578689644039158 neg 0.23874440797911814 __DUMMY__ 0.003386627616966141	false	1.0
minusmensch	off 1.0		off 0.5440450273508104 neg 0.4488923891651515 __DUMMY__ 0.007062583484038043	false	1.0
farblos	neg 1.0		off 0.535051067436755 neg 0.45769679359512766 __DUMMY__ 0.007252138968117288	false	0.5
unwissend	neg 1.0	neg 1.0	neg 0.7118690497089396 off 0.2847155569807164 __DUMMY__ 0.0034153933103440374	false	1.0
traurig	neg 1.0		off 0.5418077905834963 neg 0.4510350293146441 __DUMMY__ 0.007157180101859544	false	0.5
senkung	neg 1.0		off 0.5340427518067375 neg 0.458788679526714 __DUMMY__ 0.007168568666548503	false	0.5
ungleich	neg 1.0	neg 1.0	neg 0.7167996202794491 off 0.27974160754889876 __DUMMY__ 0.0034587721716520465	false	1.0
heikel	neg 1.0		off 0.527943017905054 neg 0.4648173613581945 __DUMMY__ 0.007239620736751413	false	0.5
drosselung	neg 1.0		off 0.5398060661993803 neg 0.45301968748936716 __DUMMY__ 0.0071742463112524505	false	0.5
falsch	neg 1.0		off 0.5365652475288729 neg 0.45625838225780735 __DUMMY__ 0.007176370213319597	false	0.5
unzufriedenheit	neg 1.0		off 0.5278660639027644 neg 0.46486170412746064 __DUMMY__ 0.007272231969775066	false	0.5
kurz	neg 1.0		off 0.5342060494307073 neg 0.4585239450017854 __DUMMY__ 0.0072700055675072196	false	0.5
unsinnig	neg 1.0		off 0.53056925634238 neg 0.4622210248377582 __DUMMY__ 0.00720971881986197	false	0.5
penner	off 1.0	off 1.0	off 0.7588760434887146 neg 0.23773937202199083 __DUMMY__ 0.0033845844892945974	false	1.0
seicht	neg 1.0		off 0.5447332853772207 neg 0.4482098470243448 __DUMMY__ 0.007056867598434592	false	0.5
dummheit	off 1.0	off 1.0	off 0.7537428507072587 neg 0.24283259734060086 __DUMMY__ 0.003424551952140394	false	1.0
unerfreulich	neg 1.0		off 0.5284466399194758 neg 0.46428777784529546 __DUMMY__ 0.007265582235228804	false	0.5
motherfucker	off 1.0	off 1.0	off 0.7568470945593745 neg 0.2397299463183118 __DUMMY__ 0.0034229591223137023	false	1.0
pikiert	neg 1.0		off 0.5382840551186197 neg 0.4545555368095844 __DUMMY__ 0.007160408071796095	false	0.5
wrack	neg 1.0		off 0.5334077167646807 neg 0.45932091710965395 __DUMMY__ 0.007271366125665181	false	0.5
gangster	neg 1.0		off 0.5379122456886154 neg 0.4548712289527665 __DUMMY__ 0.007216525358618147	false	0.5
krank	neg 1.0		off 0.5404171381879154 neg 0.4524006868586792 __DUMMY__ 0.007182174953405516	false	0.5
reich	neg 1.0		off 0.5411490512015836 neg 0.4516326468246951 __DUMMY__ 0.007218301973721364	false	0.5
gnadenlos	neg 1.0		off 0.5343331832634198 neg 0.45845555954893324 __DUMMY__ 0.007211257187646876	false	0.5
niedergeschlagen	neg 1.0		off 0.5334193524752471 neg 0.45932587141235515 __DUMMY__ 0.007254776112397624	false	0.5
terrorisieren	off 1.0	off 1.0	off 0.7511930005613829 neg 0.2453353415009352 __DUMMY__ 0.003471657937681887	false	1.0
sinnlosigkeit	neg 1.0		off 0.5310772902566524 neg 0.4616891167291776 __DUMMY__ 0.007233593014170078	false	0.5
behindern	neg 1.0		off 0.5338445621172823 neg 0.45890883357849505 __DUMMY__ 0.007246604304222747	false	0.5
undemokratisch	neg 1.0		off 0.5338819980854512 neg 0.4589070010191037 __DUMMY__ 0.007211000895445067	false	0.5
wirtschaftskrise	neg 1.0		off 0.5297056849435733 neg 0.4630540675560853 __DUMMY__ 0.007240247500341374	false	0.5
neid	neg 1.0		off 0.538399679944823 neg 0.4543932135050418 __DUMMY__ 0.007207106550135243	false	0.5
rutschen	neg 1.0		off 0.5296971925907566 neg 0.46294619605169524 __DUMMY__ 0.007356611357548013	false	0.5
rezession	neg 1.0		off 0.537761203897167 neg 0.45515350645781727 __DUMMY__ 0.0070852896450158045	false	0.5
fehlgeburt	neg 1.0		off 0.5369223965600766 neg 0.45584468911402637 __DUMMY__ 0.0072329143258971895	false	0.5
charakterschwach	off 1.0		off 0.5380855507572253 neg 0.45476951001766275 __DUMMY__ 0.007144939225111944	false	1.0
isolation	neg 1.0		off 0.537518947837419 neg 0.455279425117663 __DUMMY__ 0.007201627044917811	false	0.5
ablenkung	neg 1.0		off 0.5345125889864547 neg 0.45824872438066394 __DUMMY__ 0.007238686632881394	false	0.5
pech	neg 1.0		off 0.5361698491810453 neg 0.456654476530559 __DUMMY__ 0.0071756742883957725	false	0.5
vermeidung	neg 1.0		off 0.5409135396074932 neg 0.4518973797345922 __DUMMY__ 0.007189080657914631	false	0.5
dominieren	neg 1.0		off 0.5310794042794681 neg 0.4616477965347814 __DUMMY__ 0.007272799185750555	false	0.5
schwindlig	neg 1.0		off 0.5372195221671686 neg 0.45555348756805253 __DUMMY__ 0.0072269902647789	false	0.5
lutscher	neg 1.0		off 0.5459288770865971 neg 0.4470072406917029 __DUMMY__ 0.00706388222170015	false	0.5
pflicht	neg 1.0		off 0.5271695150842605 neg 0.46557578594376114 __DUMMY__ 0.007254698971978458	false	0.5
faschist	off 1.0		off 0.5366978386677291 neg 0.45610403259143323 __DUMMY__ 0.007198128740837638	false	1.0
verschleudern	neg 1.0		off 0.5278160836176504 neg 0.4649444656667326 __DUMMY__ 0.007239450715617014	false	0.5
wenn			off 0.5376142672016999 neg 0.4551964153834813 __DUMMY__ 0.007189317414818831	false	0.0
ehebruch	neg 1.0		off 0.5310357002844314 neg 0.4617058105227752 __DUMMY__ 0.007258489192793351	false	0.5
spott	off 1.0		off 0.529445995061448 neg 0.4633083226138165 __DUMMY__ 0.007245682324735588	false	1.0
trostlosigkeit	neg 1.0		off 0.5297351791800551 neg 0.46296044262551744 __DUMMY__ 0.007304378194427395	false	0.5
lutschen	neg 1.0		off 0.5368652296569548 neg 0.45594674536780955 __DUMMY__ 0.007188024975235649	false	0.5
undiszipliniert	neg 1.0		off 0.5404339506719573 neg 0.4524192260464412 __DUMMY__ 0.007146823281601463	false	0.5
kopfschmerz	neg 1.0		off 0.5315662851843281 neg 0.4611982005675903 __DUMMY__ 0.0072355142480817055	false	0.5
unvorhergesehen	neg 1.0		off 0.5321515467156563 neg 0.4605399335756239 __DUMMY__ 0.00730851970871966	false	0.5
desinteressiert	neg 1.0		off 0.5400104172474635 neg 0.4528372829030251 __DUMMY__ 0.00715229984951138	false	0.5
armselig	off 1.0		off 0.5395639744184743 neg 0.4533167321671768 __DUMMY__ 0.007119293414348962	false	1.0
desaster	neg 1.0		off 0.5266503296167858 neg 0.4660630754307992 __DUMMY__ 0.007286594952414953	false	0.5
tod	neg 1.0		off 0.53571395896546 neg 0.4569649896756178 __DUMMY__ 0.007321051358922097	false	0.5
herzlos	neg 1.0		off 0.5410026557497748 neg 0.4518550910461316 __DUMMY__ 0.007142253204093781	false	0.5
unwissenheit	neg 1.0		off 0.5306676164334652 neg 0.4620978207696837 __DUMMY__ 0.007234562796851072	false	0.5
widersinnig	neg 1.0		off 0.5282043281760876 neg 0.4646008499007322 __DUMMY__ 0.0071948219231801926	false	0.5
bedenklich	neg 1.0		off 0.529206530414121 neg 0.46356076653698125 __DUMMY__ 0.007232703048897682	false	0.5
beanstanden	neg 1.0		off 0.5272430869195948 neg 0.46549341601931726 __DUMMY__ 0.007263497061088108	false	0.5
panisch	neg 1.0	neg 1.0	neg 0.7109884444802822 off 0.2855491186691758 __DUMMY__ 0.0034624368505420376	false	1.0
debil	off 1.0		off 0.5262229618223104 neg 0.46641122857779854 __DUMMY__ 0.007365809599891099	false	1.0
abstrich	neg 1.0		off 0.5390405844312559 neg 0.4536345196957877 __DUMMY__ 0.007324895872956457	false	0.5
primitiv	neg 1.0		off 0.5383417534033481 neg 0.45451853928884317 __DUMMY__ 0.007139707307808881	false	0.5
abschaum	off 1.0	off 1.0	off 0.7552470911720379 neg 0.24133267670737896 __DUMMY__ 0.003420232120583228	false	1.0
provozieren	neg 1.0		off 0.5328283025925528 neg 0.4599800163013128 __DUMMY__ 0.007191681106134527	false	0.5
tot	neg 1.0		off 0.5314513221705243 neg 0.4613016461680695 __DUMMY__ 0.007247031661406153	false	0.5
instabil	neg 1.0		off 0.5400164145730474 neg 0.4528467914644795 __DUMMY__ 0.007136793962473127	false	0.5
schwuchtel	off 1.0	off 1.0	off 0.7608159007181516 neg 0.23583940531064482 __DUMMY__ 0.0033446939712034702	false	1.0
zerren	neg 1.0		off 0.5326502257894805 neg 0.4600936832919645 __DUMMY__ 0.007256090918555084	false	0.5
kinderficker	off 1.0		off 0.5437217080447982 neg 0.44915371977416624 __DUMMY__ 0.007124572181035455	false	1.0
gefahr	neg 1.0		off 0.5288531833373881 neg 0.4638556269680984 __DUMMY__ 0.007291189694513401	false	0.5
rabiat	neg 1.0		off 0.5341579751898943 neg 0.4586107329092245 __DUMMY__ 0.007231291900881295	false	0.5
verlangsamung	neg 1.0		off 0.5430348704842715 neg 0.44988923485235444 __DUMMY__ 0.00707589466337408	false	0.5
ausgestorben	neg 1.0		off 0.5344701590035377 neg 0.4582860651911894 __DUMMY__ 0.007243775805272779	false	0.5
anklagen	neg 1.0		off 0.5309520498103976 neg 0.4617968378415978 __DUMMY__ 0.007251112348004658	false	0.5
trott	neg 1.0		off 0.5340465982356463 neg 0.45871075784106885 __DUMMY__ 0.007242643923284808	false	0.5
verminderung	neg 1.0		off 0.5401720437191591 neg 0.4526588110235561 __DUMMY__ 0.007169145257284935	false	0.5
nach			off 0.5278586749711507 neg 0.46478511969668596 __DUMMY__ 0.00735620533216331	false	0.0
rost	neg 1.0		off 0.5437278255432594 neg 0.44915886118101683 __DUMMY__ 0.007113313275723698	false	0.5
destruktiv	neg 1.0		off 0.5319916780787739 neg 0.4608021649240162 __DUMMY__ 0.00720615699720995	false	0.5
unzumutbarkeit	neg 1.0		off 0.5399119921983646 neg 0.45289291285718 __DUMMY__ 0.007195094944455557	false	0.5
labil	off 1.0	off 1.0	off 0.7552093422714371 neg 0.24136150604907544 __DUMMY__ 0.0034291516794873605	false	1.0
ziemlich	neg 1.0		off 0.5399118254786608 neg 0.4529011483265972 __DUMMY__ 0.007187026194742074	false	0.5
lachnummer	off 1.0		off 0.5327550170134816 neg 0.46004097594775645 __DUMMY__ 0.0072040070387619165	false	1.0
oder			off 0.5353706250570205 neg 0.45739572457271477 __DUMMY__ 0.007233650370264811	false	0.0
verfall	neg 1.0		off 0.5250547092355718 neg 0.46763269551981496 __DUMMY__ 0.007312595244613298	false	0.5
ausgrenzung	neg 1.0		off 0.5349119771552073 neg 0.45787504135603824 __DUMMY__ 0.007212981488754432	false	0.5
unordnung	neg 1.0		off 0.5441840613175555 neg 0.4486120804933323 __DUMMY__ 0.007203858189112314	false	0.5
fehlverhalten	neg 1.0		off 0.5272106256114153 neg 0.46554857322183374 __DUMMY__ 0.007240801166751134	false	0.5
eine			off 0.5295767371273697 neg 0.4631326972827325 __DUMMY__ 0.007290565589897667	false	0.0
nille	neg 1.0		off 0.5346827300717664 neg 0.4580624957146695 __DUMMY__ 0.007254774213564107	false	0.5
qual	neg 1.0		off 0.5338505194788934 neg 0.4589008371811768 __DUMMY__ 0.007248643339929726	false	0.5
verschwenden	neg 1.0		off 0.5285130940077118 neg 0.46425224491559497 __DUMMY__ 0.007234661076693191	false	0.5
riesig	neg 1.0		off 0.5325917819149354 neg 0.4601227347230989 __DUMMY__ 0.007285483361965717	false	0.5
verurteilen	neg 1.0		off 0.5297721946024556 neg 0.4630050492217551 __DUMMY__ 0.007222756175789238	false	0.5
klischee	neg 1.0	neg 1.0	neg 0.7124305477191022 off 0.28414655421135043 __DUMMY__ 0.003422898069547407	false	1.0
diktatorisch	neg 1.0		off 0.5335120078994274 neg 0.4592868563598076 __DUMMY__ 0.007201135740765044	false	0.5
vorhersehbar	neg 1.0		off 0.5344567515047323 neg 0.45837862369897714 __DUMMY__ 0.007164624796290608	false	0.5
sowie			off 0.5429194301942809 neg 0.44995671499790046 __DUMMY__ 0.007123854807818731	false	0.0
stornieren	neg 1.0		off 0.5396013650119209 neg 0.4531235810885807 __DUMMY__ 0.007275053899498359	false	0.5
besteuerung	neg 1.0		off 0.5316686805983083 neg 0.4611527520915759 __DUMMY__ 0.007178567310115699	false	0.5
ungeschminkt	neg 1.0		off 0.5375084037816614 neg 0.4553624117198428 __DUMMY__ 0.007129184498495752	false	0.5
kritisch	neg 1.0		off 0.5293190955845557 neg 0.4634398239370858 __DUMMY__ 0.00724108047835837	false	0.5
schlamperei	off 1.0		off 0.5294021124106969 neg 0.46332602405467627 __DUMMY__ 0.0072718635346268636	false	1.0
sucht	neg 1.0	neg 1.0	neg 0.7098384739736501 off 0.28665956779670776 __DUMMY__ 0.003501958229642145	false	1.0
egoistisch	off 1.0		off 0.5421090238237094 neg 0.45079659475158057 __DUMMY__ 0.007094381424710173	false	1.0
ausbeuter	off 1.0		off 0.5266053892232875 neg 0.46616363835643915 __DUMMY__ 0.007230972420273328	false	1.0
arschgeburt	off 1.0		off 0.5475616986154914 neg 0.4454298599588803 __DUMMY__ 0.007008441425628247	false	1.0
schubs	neg 1.0		off 0.5320052342443758 neg 0.4607540091712139 __DUMMY__ 0.007240756584410179	false	0.5
unsolide	neg 1.0		off 0.5330751843572547 neg 0.459747482272938 __DUMMY__ 0.007177333369807451	false	0.5
beschwerde	neg 1.0		off 0.5286887316818295 neg 0.4640690849509431 __DUMMY__ 0.007242183367227489	false	0.5
stocken	neg 1.0		off 0.530021091764695 neg 0.4627064576603974 __DUMMY__ 0.00727245057490749	false	0.5
isolieren	neg 1.0		off 0.5307663792347238 neg 0.46198379378527943 __DUMMY__ 0.007249826979996758	false	0.5
unheilbar	neg 1.0		off 0.535249484207457 neg 0.45750733926412734 __DUMMY__ 0.007243176528415748	false	0.5
pisser	off 1.0		off 0.5402483378980661 neg 0.45261319756540236 __DUMMY__ 0.0071384645365316305	false	1.0
löschen	neg 1.0		off 0.5347023180487286 neg 0.4580522239360845 __DUMMY__ 0.0072454580151869	false	0.5
durchfallen	neg 1.0		off 0.5284999715210152 neg 0.46428757217223593 __DUMMY__ 0.0072124563067487825	false	0.5
wichser	off 1.0	off 1.0	off 0.7602563184274111 neg 0.23637483564628242 __DUMMY__ 0.003368845926306437	false	1.0
terror	neg 1.0		off 0.5376014148873178 neg 0.45518090247785514 __DUMMY__ 0.007217682634827055	false	0.5
krass	neg 1.0		off 0.541361583257789 neg 0.45150889056700505 __DUMMY__ 0.007129526175205951	false	0.5
revolte	neg 1.0		off 0.5358661601396117 neg 0.45691754499447607 __DUMMY__ 0.007216294865912287	false	0.5
besorgt	neg 1.0		off 0.5357090484516316 neg 0.4569916034232618 __DUMMY__ 0.007299348125106657	false	0.5
nachlassen	neg 1.0		off 0.5320433671232488 neg 0.4606540572052656 __DUMMY__ 0.00730257567148557	false	0.5
alt	neg 1.0		off 0.5317997933462634 neg 0.4609506478993643 __DUMMY__ 0.007249558754372284	false	0.5
hundesohn	off 1.0		off 0.5462798714607163 neg 0.44665001349891764 __DUMMY__ 0.007070115040365963	false	1.0
als			off 0.5314472588824591 neg 0.46131260036072996 __DUMMY__ 0.007240140756810798	false	0.0
abschreckung	neg 1.0		off 0.5278044440350957 neg 0.4649192994225695 __DUMMY__ 0.007276256542334661	false	0.5
unqualifiziert	neg 1.0		off 0.5349101141828865 neg 0.45793691256403024 __DUMMY__ 0.007152973253083225	false	0.5
abgewichst	off 1.0		off 0.5340753628849738 neg 0.45866458552211464 __DUMMY__ 0.00726005159291157	false	1.0
schwer	neg 1.0		off 0.5323502326238865 neg 0.46043122789941193 __DUMMY__ 0.00721853947670151	false	0.5
bedeutungslosigkeit	neg 1.0		off 0.528133610609588 neg 0.46460770898776715 __DUMMY__ 0.0072586804026448315	false	0.5
kapitulation	neg 1.0		off 0.5303957833660199 neg 0.462340100954892 __DUMMY__ 0.007264115679088063	false	0.5
unscharf	neg 1.0		off 0.5347848530187868 neg 0.4580354485716028 __DUMMY__ 0.007179698409610378	false	0.5
schwinden	neg 1.0		off 0.5296368851028741 neg 0.46307700983329797 __DUMMY__ 0.007286105063827833	false	0.5
versklavung	neg 1.0		off 0.5354402378907772 neg 0.45732123961497123 __DUMMY__ 0.007238522494251672	false	0.5
schlecht	neg 1.0		off 0.5400597445193699 neg 0.4527537836203357 __DUMMY__ 0.0071864718602942974	false	0.5
verhasst	neg 1.0		off 0.5325440103438677 neg 0.4602816536023032 __DUMMY__ 0.007174336053829073	false	0.5
beschweren	neg 1.0		off 0.5352853830898063 neg 0.4575088163299954 __DUMMY__ 0.007205800580198249	false	0.5
scheiden	neg 1.0		off 0.5354418813475355 neg 0.4573045697866043 __DUMMY__ 0.007253548865860309	false	0.5
frustriert	neg 1.0		off 0.5314270961546876 neg 0.46134865176984335 __DUMMY__ 0.0072242520754689085	false	0.5
schimmelig	neg 1.0		off 0.5294846124927202 neg 0.46329785128107087 __DUMMY__ 0.007217536226208943	false	0.5
fisch	neg 1.0		off 0.5273687180134398 neg 0.46538172649165177 __DUMMY__ 0.007249555494908479	false	0.5
schmuggel	neg 1.0		off 0.5299216075586549 neg 0.4628047984923006 __DUMMY__ 0.007273593949044431	false	0.5
auffallen	neg 1.0		off 0.5360940839650034 neg 0.45670595899236094 __DUMMY__ 0.007199957042635772	false	0.5
konkurrenz	neg 1.0		off 0.5274360731915733 neg 0.46528526978130086 __DUMMY__ 0.007278657027125975	false	0.5
teufelskreis	neg 1.0		off 0.5323080954485551 neg 0.46047706812940703 __DUMMY__ 0.007214836422037725	false	0.5
aufschreien	neg 1.0		off 0.5352432201379865 neg 0.4575727481792055 __DUMMY__ 0.007184031682807808	false	0.5
schuldner	neg 1.0		off 0.5268384112293168 neg 0.46591337284277046 __DUMMY__ 0.007248215927912682	false	0.5
missgeburt	off 1.0	off 1.0	off 0.7579619972969919 neg 0.23865721895823022 __DUMMY__ 0.0033807837447778844	false	1.0
arbeitslos	neg 1.0		off 0.528708378699236 neg 0.46408281090520714 __DUMMY__ 0.007208810395556863	false	0.5
befallen	neg 1.0		off 0.534529364384488 neg 0.45819943464385054 __DUMMY__ 0.007271200971661452	false	0.5
miesepetrig	off 1.0	off 1.0	off 0.7557576304515187 neg 0.24081718143343608 __DUMMY__ 0.003425188115045231	false	1.0
alarmieren	neg 1.0		off 0.5369458914278756 neg 0.4558773495267926 __DUMMY__ 0.007176759045331908	false	0.5
ungeduscht	off 1.0		off 0.5366978362403257 neg 0.4561340623545071 __DUMMY__ 0.007168101405167149	false	1.0
knappheit	neg 1.0		off 0.5283123026383215 neg 0.46447558144880385 __DUMMY__ 0.007212115912874666	false	0.5
schlange	neg 1.0		off 0.5380870171259761 neg 0.4546533341198153 __DUMMY__ 0.007259648754208566	false	0.5
harsch	neg 1.0		off 0.5454832610452031 neg 0.44734163489913215 __DUMMY__ 0.007175104055664911	false	0.5
lang	neg 1.0		off 0.5356970830784491 neg 0.4570612734355515 __DUMMY__ 0.007241643485999526	false	0.5
ziellos	neg 1.0		off 0.5319006535292831 neg 0.46082507139381856 __DUMMY__ 0.007274275076898291	false	0.5
selbstverliebt	neg 1.0		off 0.5460941880959191 neg 0.4468698189686756 __DUMMY__ 0.007035992935405282	false	0.5
beseitigen	neg 1.0		off 0.5336374652762161 neg 0.45910333121965985 __DUMMY__ 0.007259203504124037	false	0.5
dumm	off 1.0		off 0.5435548899053217 neg 0.44934415584262144 __DUMMY__ 0.007100954252056699	false	1.0
arbeitsloser	neg 1.0		off 0.5304623315564684 neg 0.4622991163607115 __DUMMY__ 0.007238552082819949	false	0.5
blitzen	neg 1.0		off 0.5376248986915795 neg 0.4551596645831253 __DUMMY__ 0.007215436725295314	false	0.5
hilflos	neg 1.0		off 0.5313651817129571 neg 0.4614023901852482 __DUMMY__ 0.007232428101794735	false	0.5
eklig	off 1.0		off 0.5430508517695602 neg 0.44987264482559547 __DUMMY__ 0.007076503404844155	false	1.0
begriff			off 0.5323866189277227 neg 0.46038992017330965 __DUMMY__ 0.0072234608989676695	false	0.0
hungersnot	neg 1.0		off 0.5330150765448735 neg 0.45971159569474485 __DUMMY__ 0.00727332776038166	false	0.5
ungesetzlich	neg 1.0		off 0.5309891703458463 neg 0.4618413693675146 __DUMMY__ 0.0071694602866392435	false	0.5
verschwendung	neg 1.0		off 0.5294274612617097 neg 0.46331176389176004 __DUMMY__ 0.00726077484653021	false	0.5
schmerzvoll	neg 1.0		off 0.5357246230293496 neg 0.45705733316843133 __DUMMY__ 0.007218043802218931	false	0.5
vorzeitig	neg 1.0		off 0.5376310006640687 neg 0.45514782342879523 __DUMMY__ 0.007221175907136106	false	0.5
unvollkommenheit	neg 1.0		off 0.5343111298827369 neg 0.45838821996226736 __DUMMY__ 0.007300650154995777	false	0.5
intervenieren	neg 1.0		off 0.5278737043447487 neg 0.46488472631711625 __DUMMY__ 0.007241569338134892	false	0.5
banause	off 1.0		off 0.5440969153965959 neg 0.44886847264293683 __DUMMY__ 0.007034611960467254	false	1.0
rebell	neg 1.0		off 0.5262367721217017 neg 0.46647339532097243 __DUMMY__ 0.007289832557325859	false	0.5
unlogisch	neg 1.0		off 0.5393371261269821 neg 0.45354268271215264 __DUMMY__ 0.007120191160865228	false	0.5
leiden	neg 1.0		off 0.5300074072262098 neg 0.4627023040483036 __DUMMY__ 0.007290288725486692	false	0.5
abschaffung	neg 1.0		off 0.533177975504249 neg 0.4596084519795867 __DUMMY__ 0.0072135725161643245	false	0.5
sturz	neg 1.0		off 0.5356245684985891 neg 0.4571195628100472 __DUMMY__ 0.007255868691363745	false	0.5
verkleinerung	neg 1.0		off 0.5330335638761432 neg 0.4598179105877158 __DUMMY__ 0.00714852553614084	false	0.5
schmarotzer	off 1.0		off 0.5286039950782583 neg 0.46420633069752376 __DUMMY__ 0.00718967422421798	false	1.0
bestrafung	neg 1.0		off 0.5353723006885911 neg 0.45739872028434647 __DUMMY__ 0.007228979027062374	false	0.5
achtlos	neg 1.0	neg 1.0	neg 0.7134605200398835 off 0.28307780054251924 __DUMMY__ 0.0034616794175973426	false	1.0
ungeheuer	neg 1.0		off 0.5372771444139272 neg 0.4554984635153175 __DUMMY__ 0.007224392070755444	false	0.5
