unsolidarisch	neg 1.0		__DUMMY__ 0.9274883260571193 off 0.03785169880461588 neg 0.03465997513826482	false	0.5
nachteilig	neg 1.0		__DUMMY__ 0.9324377858276868 off 0.03415511419188023 neg 0.03340709998043301	false	0.5
skeptisch	neg 1.0		__DUMMY__ 0.9324401673331245 off 0.033858184708704435 neg 0.03370164795817096	false	0.5
schrecklich	neg 1.0		__DUMMY__ 0.9249038249879243 off 0.04491465313708005 neg 0.030181521874995607	false	0.5
schlapp	neg 1.0		__DUMMY__ 0.9279526459279656 off 0.04144513057961912 neg 0.030602223492415315	false	0.5
abfall	neg 1.0		__DUMMY__ 0.9366982561613134 neg 0.032355099094653963 off 0.030946644744032643	false	1.0
widerspenstig	neg 1.0		__DUMMY__ 0.9311500775434824 off 0.037447811817858834 neg 0.03140211063865867	false	0.5
abrupt	neg 1.0		__DUMMY__ 0.9355956463780994 off 0.03396624223201035 neg 0.03043811138989019	false	0.5
unwirksam	neg 1.0		__DUMMY__ 0.926504529266772 off 0.037415915656485214 neg 0.036079555076742854	false	0.5
angreifen	neg 1.0		__DUMMY__ 0.9325685534042869 off 0.033940583817148325 neg 0.033490862778564744	false	0.5
inkonsistent	neg 1.0		__DUMMY__ 0.9297972116846025 off 0.03798484358403723 neg 0.032217944731360235	false	0.5
abrutschen	neg 1.0		__DUMMY__ 0.9342225659975063 neg 0.0343698143416613 off 0.031407619660832414	false	1.0
unsicher	neg 1.0		__DUMMY__ 0.931327505960592 off 0.037536646076049784 neg 0.03113584796335814	false	0.5
bauernkind	off 1.0	off 1.0	off 0.511380911791174 __DUMMY__ 0.45571042131571665 neg 0.03290866689310931	false	1.0
angreifer	neg 1.0	neg 1.0	neg 0.4964745191929099 __DUMMY__ 0.46800786562419444 off 0.035517615182895625	false	1.0
trennen	neg 1.0		__DUMMY__ 0.9356344512660107 off 0.033301745510828464 neg 0.03106380322316077	false	0.5
schmutz	neg 1.0		__DUMMY__ 0.9356559295453193 off 0.03837821409406783 neg 0.02596585636061291	false	0.5
inkonsistenz	neg 1.0		__DUMMY__ 0.9226626061729416 off 0.04216223776672151 neg 0.03517515606033692	false	0.5
erschreckend	neg 1.0		__DUMMY__ 0.9295006351345946 off 0.037225452369683464 neg 0.03327391249572204	false	0.5
ertrinken	neg 1.0		__DUMMY__ 0.934370399983755 off 0.03404297336003227 neg 0.031586626656212716	false	0.5
pickelface	off 1.0		__DUMMY__ 0.932226920916439 off 0.03677561652402023 neg 0.030997462559540865	false	1.0
seiner			__DUMMY__ 0.9330415577614087 off 0.03405703141353768 neg 0.032901410825053566	false	0.0
lauch	neg 1.0		__DUMMY__ 0.936573006873703 neg 0.03199803641184304 off 0.03142895671445394	false	1.0
unwichtig	neg 1.0		__DUMMY__ 0.9259806322997987 off 0.04163372408523973 neg 0.032385643614961664	false	0.5
steuerhinterziehung	neg 1.0	neg 1.0	neg 0.5005347077487152 __DUMMY__ 0.466936853859669 off 0.03252843839161579	false	1.0
schock	neg 1.0		__DUMMY__ 0.9321806498741598 off 0.036848311897969506 neg 0.030971038227870694	false	0.5
beule	neg 1.0		__DUMMY__ 0.9271646224213179 off 0.04219599223294221 neg 0.030639385345739848	false	0.5
vergelten	neg 1.0		__DUMMY__ 0.9279446177744892 off 0.04408278617207283 neg 0.027972596053438006	false	0.5
verdorbenheit	neg 1.0		__DUMMY__ 0.933273384905093 off 0.03749876882971343 neg 0.02922784626519354	false	0.5
trauma	neg 1.0		__DUMMY__ 0.930552669701093 off 0.038297496631992854 neg 0.031149833666914227	false	0.5
sinnlos	neg 1.0		__DUMMY__ 0.929543147460854 off 0.03942187455095535 neg 0.03103497798819059	false	0.5
fettsack	off 1.0	off 1.0	off 0.5122531344714074 __DUMMY__ 0.45725550892963673 neg 0.03049135659895582	false	1.0
feige	off 1.0	off 1.0	off 0.5083810371912157 __DUMMY__ 0.46127792811036544 neg 0.030341034698418725	false	1.0
abdanken	neg 1.0		__DUMMY__ 0.9311031109384872 off 0.03742795575348528 neg 0.0314689333080275	false	0.5
wichtigtuer	off 1.0	off 1.0	off 0.5065423790365644 __DUMMY__ 0.46320853925476685 neg 0.03024908170866866	false	1.0
misslingen	neg 1.0		__DUMMY__ 0.9351485865211708 off 0.03741313504196093 neg 0.027438278436868215	false	0.5
untreu	off 1.0		__DUMMY__ 0.9268419697294651 off 0.041931010943486516 neg 0.031227019327048498	false	1.0
missmutig	neg 1.0		__DUMMY__ 0.9286483375545473 off 0.041262848407018944 neg 0.0300888140384337	false	0.5
hurenbock	off 1.0		__DUMMY__ 0.9325524319397952 off 0.038752952978514825 neg 0.02869461508168998	false	1.0
betrunken	neg 1.0		__DUMMY__ 0.9271483117936322 off 0.04290106821960089 neg 0.02995061998676687	false	0.5
korrupt	off 1.0		__DUMMY__ 0.9286146764329246 off 0.03607045114339529 neg 0.0353148724236801	false	1.0
unmut	neg 1.0		__DUMMY__ 0.9349685209417162 neg 0.033474274948483575 off 0.03155720410980018	false	1.0
hackfresse	off 1.0		__DUMMY__ 0.9215746998592644 off 0.04777223033857857 neg 0.030653069802157026	false	1.0
aufblasen	neg 1.0		__DUMMY__ 0.9309130232880162 off 0.03887565754323589 neg 0.030211319168748012	false	0.5
gewaltsam	neg 1.0		__DUMMY__ 0.932792747815961 off 0.0363724467356833 neg 0.030834805448355644	false	0.5
unbeliebtheit	neg 1.0		__DUMMY__ 0.9249679012520131 off 0.04101059170041151 neg 0.034021507047575346	false	0.5
sturheit	neg 1.0		__DUMMY__ 0.9303088132351376 off 0.03684368577933749 neg 0.03284750098552485	false	0.5
kuh	neg 1.0		__DUMMY__ 0.9247431175054747 off 0.03925144103635223 neg 0.03600544145817312	false	0.5
erschrecken	neg 1.0		__DUMMY__ 0.9296133693030929 off 0.04104464620656661 neg 0.029341984490340523	false	0.5
opfer	neg 1.0		__DUMMY__ 0.9326536946785546 off 0.03498506733992753 neg 0.03236123798151782	false	0.5
sinken	neg 1.0		__DUMMY__ 0.9356313262202308 neg 0.032524292123977165 off 0.03184438165579201	false	1.0
stinktier	neg 1.0		__DUMMY__ 0.919153893343525 off 0.04567446245218209 neg 0.035171644204292835	false	0.5
tucke	off 1.0		__DUMMY__ 0.9207095811370039 off 0.04861741956807035 neg 0.030672999294925698	false	1.0
ein			__DUMMY__ 0.9301070549701459 off 0.03819363187810337 neg 0.0316993131517507	false	0.0
abstieg	neg 1.0		__DUMMY__ 0.9331952200437212 off 0.03409793233957334 neg 0.03270684761670539	false	0.5
missverstehen	neg 1.0		__DUMMY__ 0.9261661849645844 off 0.04024502581613564 neg 0.03358878921928009	false	0.5
ergebnislos	neg 1.0		__DUMMY__ 0.9334384971484214 off 0.033848676844478134 neg 0.032712826007100355	false	0.5
unter			__DUMMY__ 0.9402983611183477 neg 0.03238982112671346 off 0.02731181775493887	false	0.0
manipulieren	neg 1.0		__DUMMY__ 0.934211632584614 off 0.033551306335210494 neg 0.032237061080175475	false	0.5
unbewiesen	neg 1.0		__DUMMY__ 0.9266825828540192 off 0.03788611963529138 neg 0.03543129751068949	false	0.5
verschleppen	neg 1.0		__DUMMY__ 0.9314895333996217 off 0.03531978358865836 neg 0.033190683011719915	false	0.5
weib	off 1.0		__DUMMY__ 0.9182960561482473 off 0.048540574212870106 neg 0.03316336963888266	false	1.0
opposition	neg 1.0		__DUMMY__ 0.9281910680504795 off 0.03865647697878569 neg 0.03315245497073482	false	0.5
verkehrswidrig	neg 1.0		__DUMMY__ 0.9289449289363984 off 0.044370166969347535 neg 0.02668490409425401	false	0.5
inkorrekt	neg 1.0		__DUMMY__ 0.9229457744134137 off 0.04481715760223799 neg 0.03223706798434826	false	0.5
vermeiden	neg 1.0		__DUMMY__ 0.9367662135552464 neg 0.03333875411095076 off 0.029895032333802835	false	1.0
abweichung	neg 1.0		__DUMMY__ 0.9315960565282597 off 0.0347341084433521 neg 0.033669835028388176	false	0.5
alkoholisiert	neg 1.0		__DUMMY__ 0.9343312324921983 off 0.0333062375395056 neg 0.03236252996829617	false	0.5
scheiss	off 1.0	off 1.0	off 0.5079301591752391 __DUMMY__ 0.46299243772907805 neg 0.029077403095682904	false	1.0
herausforderung	neg 1.0		__DUMMY__ 0.9339448650193808 off 0.03360306726768871 neg 0.032452067712930605	false	0.5
pervers	off 1.0		__DUMMY__ 0.9189476007353413 off 0.050607936408807855 neg 0.030444462855850795	false	1.0
wackelig	neg 1.0		__DUMMY__ 0.9347173693594233 off 0.03559023062885709 neg 0.029692400011719595	false	0.5
verwickeln	neg 1.0		__DUMMY__ 0.9265573896041228 off 0.03984034597644581 neg 0.03360226441943129	false	0.5
vorwand	neg 1.0		__DUMMY__ 0.9329731725282197 neg 0.03353866908434635 off 0.03348815838743392	false	1.0
muschi	off 1.0		__DUMMY__ 0.9317833423822828 off 0.036958313456279764 neg 0.03125834416143751	false	1.0
entmutigung	neg 1.0		__DUMMY__ 0.9291612029708926 off 0.03882601451324596 neg 0.03201278251586151	false	0.5
unangemessen	neg 1.0		__DUMMY__ 0.928459742925561 off 0.03665114710658001 neg 0.03488910996785909	false	0.5
unstetig	neg 1.0		__DUMMY__ 0.9292235119634387 off 0.03935675898439669 neg 0.03141972905216465	false	0.5
entmutigen	neg 1.0		__DUMMY__ 0.9301366478778659 off 0.03835831799918422 neg 0.031505034122949874	false	0.5
schwanz	neg 1.0		__DUMMY__ 0.9334994250399734 off 0.03471162950469791 neg 0.03178894545532872	false	0.5
verbot	neg 1.0		__DUMMY__ 0.9311784946342891 off 0.035670435540462175 neg 0.033151069825248666	false	0.5
leid	neg 1.0		__DUMMY__ 0.9225068306592644 off 0.04619305444616053 neg 0.031300114894575064	false	0.5
archaisch	neg 1.0		__DUMMY__ 0.9309095036714176 off 0.03662961218507037 neg 0.032460884143512045	false	0.5
gegen			__DUMMY__ 0.9346496748361267 neg 0.03310947197828046 off 0.03224085318559287	false	0.0
scheidung	neg 1.0		__DUMMY__ 0.9212549131135702 off 0.05421810228281168 neg 0.024526984603618098	false	0.5
einschlag	neg 1.0		__DUMMY__ 0.9258653256168906 off 0.043910087167698585 neg 0.030224587215410766	false	0.5
m			__DUMMY__ 0.932967668736209 off 0.035527452823990134 neg 0.03150487843980092	false	0.0
abgestanden	neg 1.0		__DUMMY__ 0.9298150444307465 off 0.037371001625958786 neg 0.03281395394329469	false	0.5
schmierig	off 1.0		__DUMMY__ 0.9248861793573668 off 0.0455607575385659 neg 0.029553063104067235	false	1.0
unpraktisch	neg 1.0		__DUMMY__ 0.9299434445708193 off 0.0384866270328118 neg 0.03156992839636882	false	0.5
wixxer	off 1.0		__DUMMY__ 0.9171491767538398 off 0.05083973735997845 neg 0.032011085886181775	false	1.0
bezeichnet			__DUMMY__ 0.9279357808634939 off 0.03794491570305018 neg 0.03411930343345583	false	0.0
jammerlappen	off 1.0		__DUMMY__ 0.9280684613018688 off 0.041588756051191056 neg 0.030342782646940087	false	1.0
farce	neg 1.0		__DUMMY__ 0.9301167199641203 off 0.036424384688605344 neg 0.03345889534727437	false	0.5
zwecklos	neg 1.0		__DUMMY__ 0.9300386389196541 off 0.03631328588641787 neg 0.03364807519392805	false	0.5
turbulent	neg 1.0		__DUMMY__ 0.9263570215200786 off 0.04266567875399214 neg 0.030977299725929257	false	0.5
invasion	neg 1.0		__DUMMY__ 0.928701703919328 off 0.03915255077000925 neg 0.03214574531066272	false	0.5
schuld	neg 1.0		__DUMMY__ 0.9283468059855027 off 0.038711030351385185 neg 0.03294216366311213	false	0.5
risiko	neg 1.0	neg 1.0	neg 0.49641540845545734 __DUMMY__ 0.46874461678197965 off 0.03483997476256303	false	1.0
finster	neg 1.0		__DUMMY__ 0.9280217870392723 off 0.03818482503217829 neg 0.033793387928549384	false	0.5
geisteskrank	off 1.0		__DUMMY__ 0.923124719388609 off 0.04326244834537918 neg 0.03361283226601186	false	1.0
zusammenbrechen	neg 1.0		__DUMMY__ 0.9313170191157918 off 0.03625863998462479 neg 0.03242434089958347	false	0.5
ausbeute	neg 1.0		__DUMMY__ 0.9388580131317135 off 0.03408309032661693 neg 0.027058896541669618	false	0.5
hinterhalt	neg 1.0		__DUMMY__ 0.9382440600489409 off 0.03573066246861251 neg 0.026025277482446575	false	0.5
kritik	neg 1.0		__DUMMY__ 0.9299508400672035 off 0.036315615131739774 neg 0.03373354480105669	false	0.5
einschrumpfen	neg 1.0		__DUMMY__ 0.9268856337471051 off 0.0408851846312553 neg 0.032229181621639534	false	0.5
riskant	neg 1.0		__DUMMY__ 0.9312965119839722 off 0.03436451934964925 neg 0.03433896866637851	false	0.5
frustrieren	neg 1.0		__DUMMY__ 0.9312522479383242 off 0.035047531835681545 neg 0.03370022022599427	false	0.5
groll	neg 1.0		__DUMMY__ 0.9301904016879962 off 0.03593949877971331 neg 0.03387009953229055	false	0.5
gibt			__DUMMY__ 0.9312983760837091 off 0.03639120493405542 neg 0.032310418982235495	false	0.0
qualvoll	neg 1.0		__DUMMY__ 0.9299419689828223 off 0.03997597925853664 neg 0.03008205175864112	false	0.5
wackeln	neg 1.0		__DUMMY__ 0.9326935398464823 off 0.03814521559341953 neg 0.02916124456009824	false	0.5
klagen	neg 1.0		__DUMMY__ 0.9339136708504604 neg 0.03390901455024944 off 0.03217731459929017	false	1.0
bankrott	neg 1.0		__DUMMY__ 0.9297736651895327 off 0.040765150867105256 neg 0.02946118394336194	false	0.5
trauern	neg 1.0		__DUMMY__ 0.9351877957864368 off 0.03448688523806182 neg 0.030325318975501343	false	0.5
ablehnung	neg 1.0		__DUMMY__ 0.9298139181762465 off 0.036125121543735525 neg 0.03406096028001805	false	0.5
stur	neg 1.0		__DUMMY__ 0.9280352324276061 off 0.03880542030156093 neg 0.033159347270832924	false	0.5
aufruhr	neg 1.0		__DUMMY__ 0.9313269910982476 off 0.03684378464127907 neg 0.031829224260473424	false	0.5
melancholie	neg 1.0		__DUMMY__ 0.9332730340088509 off 0.03469736989702768 neg 0.03202959609412149	false	0.5
ist			__DUMMY__ 0.9292950124805254 off 0.03921093172252825 neg 0.03149405579694634	false	0.0
torheit	neg 1.0		__DUMMY__ 0.9304381190140654 off 0.038034817773543714 neg 0.031527063212390925	false	0.5
dreckskind	off 1.0		__DUMMY__ 0.9202521433826654 off 0.04717182391618008 neg 0.03257603270115462	false	1.0
umtauschen	neg 1.0		__DUMMY__ 0.931080414951327 off 0.03680143564145455 neg 0.032118149407218535	false	0.5
zum			__DUMMY__ 0.94010493665016 neg 0.030125256004762197 off 0.02976980734507773	false	0.0
zersetzen	neg 1.0		__DUMMY__ 0.9320792355204813 neg 0.03420475048972351 off 0.033716013989795145	false	1.0
zur			__DUMMY__ 0.9382986652124493 neg 0.03210338140040568 off 0.029597953387145014	false	0.0
frust	neg 1.0		__DUMMY__ 0.93159967865095 off 0.03631122453970529 neg 0.032089096809344776	false	0.5
unerbittlichkeit	neg 1.0		__DUMMY__ 0.9330259758715523 off 0.033634774811959804 neg 0.033339249316487796	false	0.5
zwei			__DUMMY__ 0.938560687552088 neg 0.030786828743748277 off 0.03065248370416378	false	0.0
unkorrekt	neg 1.0		__DUMMY__ 0.9242914092732395 off 0.0442288979649947 neg 0.0314796927617658	false	0.5
hexe	off 1.0		__DUMMY__ 0.9251795950787525 off 0.04153098015088593 neg 0.033289424770361606	false	1.0
lasch	neg 1.0		__DUMMY__ 0.9256870282840307 off 0.04101938776224251 neg 0.033293583953726724	false	0.5
rivale	neg 1.0		__DUMMY__ 0.9262182080133807 off 0.04328278492285784 neg 0.03049900706376139	false	0.5
mutlos	off 1.0	off 1.0	off 0.5015487675047524 __DUMMY__ 0.4670557196435976 neg 0.031395512851649966	false	1.0
wirr	off 1.0		__DUMMY__ 0.9237248186413459 off 0.04490454824784724 neg 0.03137063311080681	false	1.0
jahr			__DUMMY__ 0.9390183147172202 off 0.03252044642475784 neg 0.028461238858022014	false	0.0
wird			__DUMMY__ 0.9315863865875114 off 0.035357478929713186 neg 0.03305613448277548	false	0.0
strafbar	neg 1.0		__DUMMY__ 0.9312472359319763 off 0.034774023862045804 neg 0.03397874020597794	false	0.5
erosion	neg 1.0		__DUMMY__ 0.9326870897385918 off 0.03737577674932184 neg 0.02993713351208635	false	0.5
eingehen	neg 1.0		__DUMMY__ 0.9308668379936957 off 0.03490894070926452 neg 0.03422422129703971	false	0.5
faul	off 1.0		__DUMMY__ 0.9294590632216608 off 0.04060825725842224 neg 0.02993267951991694	false	1.0
provisorium	neg 1.0		__DUMMY__ 0.9405859077480896 neg 0.03179372211608095 off 0.02762037013582949	false	1.0
schmerzen	neg 1.0		__DUMMY__ 0.9305252067688282 off 0.03629403813419888 neg 0.0331807550969728	false	0.5
schrumpfen	neg 1.0		__DUMMY__ 0.9349309690531767 neg 0.035000631928239885 off 0.03006839901858328	false	1.0
geistlos	off 1.0		__DUMMY__ 0.9254787282636578 off 0.04025124290886735 neg 0.034270028827474895	false	1.0
fehlkauf	neg 1.0		__DUMMY__ 0.9310849635296812 off 0.039037506687614534 neg 0.029877529782704273	false	0.5
frustrierend	neg 1.0		__DUMMY__ 0.9278264776299371 off 0.04081647069248312 neg 0.031357051677579774	false	0.5
unzufrieden	neg 1.0		__DUMMY__ 0.9296031024486787 off 0.036090626043982284 neg 0.034306271507338996	false	0.5
verzweifeln	neg 1.0		__DUMMY__ 0.930560898634241 off 0.03696725828707059 neg 0.03247184307868847	false	0.5
verzweifelt	neg 1.0	neg 1.0	neg 0.5010245649647516 __DUMMY__ 0.4636723262215877 off 0.03530310881366066	false	1.0
misstrauensantrag	neg 1.0		__DUMMY__ 0.9290429564310431 off 0.039104156838937955 neg 0.03185288673001893	false	0.5
abfallen	neg 1.0		__DUMMY__ 0.9322688176075675 off 0.03789065933571808 neg 0.02984052305671444	false	0.5
fucker	off 1.0		__DUMMY__ 0.9268417054847691 off 0.04401952509984709 neg 0.02913876941538373	false	1.0
ungezogen	neg 1.0		__DUMMY__ 0.9199808094178786 off 0.04984174781152408 neg 0.03017744277059726	false	0.5
irrsinnig	neg 1.0	neg 1.0	neg 0.5004064095202857 __DUMMY__ 0.4643127884064976 off 0.03528080207321663	false	1.0
unfassbar	neg 1.0		__DUMMY__ 0.9270945817440269 off 0.042506257803375934 neg 0.03039916045259722	false	0.5
hart	neg 1.0		__DUMMY__ 0.9275398212674119 off 0.04197270229581902 neg 0.03048747643676918	false	0.5
widerlich	off 1.0		__DUMMY__ 0.9245911244526108 off 0.043101384004815294 neg 0.032307491542573834	false	1.0
fatal	neg 1.0		__DUMMY__ 0.9296368746935019 off 0.03952129280333643 neg 0.03084183250316165	false	0.5
bruch	neg 1.0		__DUMMY__ 0.9340848856696871 neg 0.03340370830705444 off 0.03251140602325851	false	1.0
aushungern	neg 1.0		__DUMMY__ 0.9325050389263103 off 0.03641741422073135 neg 0.031077546852958295	false	0.5
anspannung	neg 1.0		__DUMMY__ 0.9387072624307555 neg 0.031232396780609472 off 0.030060340788635006	false	1.0
von			__DUMMY__ 0.9407542679056276 off 0.0325484045419177 neg 0.026697327552454752	false	0.0
kraftlos	neg 1.0		__DUMMY__ 0.9327723314532261 off 0.035620041562111855 neg 0.031607626984662046	false	0.5
vom			__DUMMY__ 0.9417672516748994 neg 0.030358001660980866 off 0.027874746664119793	false	0.0
grenzdebil	off 1.0		__DUMMY__ 0.9276619475681376 off 0.04265938510134382 neg 0.029678667330518688	false	1.0
vor			__DUMMY__ 0.9356901258803586 off 0.03279988380191104 neg 0.03150999031773036	false	0.0
unterwerfen	neg 1.0		__DUMMY__ 0.9325305102971779 off 0.03494101397776404 neg 0.03252847572505804	false	0.5
versenkung	neg 1.0		__DUMMY__ 0.9334584226683882 off 0.035087293796633626 neg 0.031454283534978235	false	0.5
entziehen	neg 1.0		__DUMMY__ 0.9336360670610894 neg 0.033800638819586074 off 0.03256329411932461	false	1.0
finanzkrise	neg 1.0		__DUMMY__ 0.9298670662037505 off 0.0368141848338278 neg 0.033318748962421686	false	0.5
schimpfend	neg 1.0		__DUMMY__ 0.9297067726374912 off 0.03879422675971001 neg 0.03149900060279875	false	0.5
profan	neg 1.0		__DUMMY__ 0.9278896420659396 off 0.03979388095137824 neg 0.032316476982682196	false	0.5
korruption	neg 1.0		__DUMMY__ 0.9317733947994921 off 0.03538591268795588 neg 0.032840692512552054	false	0.5
â			__DUMMY__ 0.9343272473061375 off 0.03507795876086188 neg 0.030594793933000578	false	0.0
schmutzig	neg 1.0		__DUMMY__ 0.9281691887118806 off 0.04301897988223136 neg 0.028811831405888118	false	0.5
sexy	neg 1.0		__DUMMY__ 0.9295409851306238 off 0.04047412312045035 neg 0.029984891748925886	false	0.5
abraten	neg 1.0		__DUMMY__ 0.9293455126150703 off 0.03912970792317727 neg 0.0315247794617524	false	0.5
schwarz	neg 1.0		__DUMMY__ 0.9296615607326637 off 0.03891580864488762 neg 0.03142263062244871	false	0.5
fotze	off 1.0	off 1.0	off 0.5025137392763284 __DUMMY__ 0.46898257164517626 neg 0.028503689078495282	false	1.0
verwirren	neg 1.0		__DUMMY__ 0.9284266803211746 off 0.040225896157859535 neg 0.03134742352096586	false	0.5
zahnlos	off 1.0		__DUMMY__ 0.9298613028470408 off 0.03673430628680253 neg 0.033404390866156715	false	1.0
verheeren	neg 1.0		__DUMMY__ 0.9217647081431443 off 0.051140146862484866 neg 0.027095144994370813	false	0.5
hippie	neg 1.0		__DUMMY__ 0.9296230157364218 off 0.040267173221623855 neg 0.030109811041954298	false	0.5
rammen	neg 1.0		__DUMMY__ 0.9287310447352681 off 0.03838364036943442 neg 0.03288531489529742	false	0.5
unlauter	neg 1.0		__DUMMY__ 0.9268618735150286 off 0.03852182614297725 neg 0.03461630034199415	false	0.5
unheilvoll	neg 1.0		__DUMMY__ 0.9310376868411933 off 0.03872925815507697 neg 0.030233055003729775	false	0.5
niedrig	neg 1.0		__DUMMY__ 0.9314028665568548 neg 0.03491792723283254 off 0.033679206210312645	false	1.0
explosion	neg 1.0		__DUMMY__ 0.929410065926361 off 0.0397645201126519 neg 0.030825413960987053	false	0.5
weichei	off 1.0	off 1.0	off 0.5124012246634373 __DUMMY__ 0.45907066731324714 neg 0.028528108023315547	false	1.0
minusmensch	off 1.0		__DUMMY__ 0.9187343082417858 off 0.049432671384449414 neg 0.03183302037376474	false	1.0
farblos	neg 1.0		__DUMMY__ 0.9327587542898493 off 0.03673875378454081 neg 0.030502491925609856	false	0.5
unwissend	neg 1.0	neg 1.0	neg 0.499739848152339 __DUMMY__ 0.4622700470026963 off 0.03799010484496463	false	1.0
traurig	neg 1.0		__DUMMY__ 0.9257869092174743 off 0.04433474242364206 neg 0.029878348358883585	false	0.5
senkung	neg 1.0		__DUMMY__ 0.926465201582415 off 0.039661081489844596 neg 0.033873716927740494	false	0.5
ungleich	neg 1.0	neg 1.0	neg 0.5017044689015671 __DUMMY__ 0.46730487257608444 off 0.030990658522348325	false	1.0
heikel	neg 1.0		__DUMMY__ 0.9310248031647087 neg 0.03465750016445371 off 0.03431769667083753	false	1.0
drosselung	neg 1.0		__DUMMY__ 0.927054873277873 off 0.042414488425308094 neg 0.030530638296818933	false	0.5
falsch	neg 1.0		__DUMMY__ 0.9269468125489525 off 0.040928772914869814 neg 0.03212441453617776	false	0.5
unzufriedenheit	neg 1.0		__DUMMY__ 0.9333481624113134 neg 0.033484162988235186 off 0.033167674600451454	false	1.0
kurz	neg 1.0		__DUMMY__ 0.9335315082533594 off 0.036140344304605526 neg 0.030328147442034995	false	0.5
unsinnig	neg 1.0		__DUMMY__ 0.9289652127541764 off 0.03682847577980198 neg 0.03420631146602158	false	0.5
penner	off 1.0	off 1.0	off 0.5136178934269835 __DUMMY__ 0.4587320700651946 neg 0.02765003650782176	false	1.0
seicht	neg 1.0		__DUMMY__ 0.9186271041879184 off 0.04977479385758854 neg 0.031598101954493106	false	0.5
dummheit	off 1.0	off 1.0	off 0.5067558717475911 __DUMMY__ 0.46316274128323504 neg 0.030081386969173955	false	1.0
unerfreulich	neg 1.0		__DUMMY__ 0.9330105419293274 off 0.033495744059581604 neg 0.03349371401109095	false	0.5
motherfucker	off 1.0	off 1.0	off 0.5097221349275355 __DUMMY__ 0.46297226438622874 neg 0.02730560068623575	false	1.0
pikiert	neg 1.0		__DUMMY__ 0.9258321377418615 off 0.04249190972603539 neg 0.031675952532103036	false	0.5
wrack	neg 1.0		__DUMMY__ 0.9339190360064699 off 0.03543193588105563 neg 0.03064902811247455	false	0.5
gangster	neg 1.0		__DUMMY__ 0.929583232649099 off 0.04025951909819053 neg 0.030157248252710475	false	0.5
krank	neg 1.0		__DUMMY__ 0.9277090136842332 off 0.04243848279687659 neg 0.02985250351889022	false	0.5
reich	neg 1.0		__DUMMY__ 0.9303686475534669 off 0.04162295042686901 neg 0.028008402019664074	false	0.5
gnadenlos	neg 1.0		__DUMMY__ 0.9290252747229167 off 0.03878637783087397 neg 0.03218834744620927	false	0.5
niedergeschlagen	neg 1.0		__DUMMY__ 0.9323051002788691 off 0.036439493235747925 neg 0.0312554064853829	false	0.5
terrorisieren	off 1.0	off 1.0	off 0.5016730983970329 __DUMMY__ 0.4686927924379538 neg 0.029634109165013234	false	1.0
sinnlosigkeit	neg 1.0		__DUMMY__ 0.9305924609263722 off 0.0362257812680311 neg 0.033181757805596755	false	0.5
behindern	neg 1.0		__DUMMY__ 0.9317940093276189 off 0.0368164740775 neg 0.031389516594881005	false	0.5
undemokratisch	neg 1.0		__DUMMY__ 0.9293115260386468 off 0.03869084411986666 neg 0.03199762984148665	false	0.5
wirtschaftskrise	neg 1.0		__DUMMY__ 0.931270307128101 off 0.03523551334439103 neg 0.03349417952750795	false	0.5
neid	neg 1.0		__DUMMY__ 0.9293830105654955 off 0.04051289475657565 neg 0.03010409467792884	false	0.5
rutschen	neg 1.0		__DUMMY__ 0.9396078580379794 off 0.030484604617381277 neg 0.02990753734463931	false	0.5
rezession	neg 1.0		__DUMMY__ 0.920367413024931 off 0.04495587651128546 neg 0.03467671046378358	false	0.5
fehlgeburt	neg 1.0		__DUMMY__ 0.9313290812371865 off 0.03872989256982539 neg 0.029941026192988177	false	0.5
charakterschwach	off 1.0		__DUMMY__ 0.9247233675923595 off 0.043057310204348095 neg 0.03221932220329235	false	1.0
isolation	neg 1.0		__DUMMY__ 0.9286916464171975 off 0.040412498169320354 neg 0.030895855413482203	false	0.5
ablenkung	neg 1.0		__DUMMY__ 0.9312018007088608 off 0.03763799358504964 neg 0.031160205706089475	false	0.5
pech	neg 1.0		__DUMMY__ 0.9272099442437363 off 0.040161423586153114 neg 0.03262863217011063	false	0.5
vermeidung	neg 1.0		__DUMMY__ 0.9279926413365296 off 0.042545875785797015 neg 0.029461482877673393	false	0.5
dominieren	neg 1.0		__DUMMY__ 0.9336909592766777 off 0.0345464697932954 neg 0.03176257093002698	false	0.5
schwindlig	neg 1.0		__DUMMY__ 0.9309757818629024 off 0.03882558944575635 neg 0.03019862869134123	false	0.5
lutscher	neg 1.0		__DUMMY__ 0.9192892440858695 off 0.04981517455892698 neg 0.030895581355203428	false	0.5
pflicht	neg 1.0		__DUMMY__ 0.9319120889424918 neg 0.034556704825572215 off 0.033531206231935964	false	1.0
faschist	off 1.0		__DUMMY__ 0.9284253898246604 off 0.04066963753431172 neg 0.030904972641027924	false	1.0
verschleudern	neg 1.0		__DUMMY__ 0.9312995438633912 neg 0.03456941689154806 off 0.034131039245060744	false	1.0
wenn			__DUMMY__ 0.9277918130124037 off 0.0410683285876299 neg 0.031139858399966355	false	0.0
ehebruch	neg 1.0		__DUMMY__ 0.9325269186327796 off 0.0353619962996036 neg 0.03211108506761677	false	0.5
spott	off 1.0		__DUMMY__ 0.9315047288944981 off 0.03503384939311121 neg 0.03346142171239066	false	1.0
trostlosigkeit	neg 1.0		__DUMMY__ 0.935779284723862 off 0.032840756782249646 neg 0.0313799584938885	false	0.5
lutschen	neg 1.0		__DUMMY__ 0.9277048731193093 off 0.04067710705808476 neg 0.031618019822605876	false	0.5
undiszipliniert	neg 1.0		__DUMMY__ 0.9250709490902017 off 0.043901588811729834 neg 0.031027462098068517	false	0.5
kopfschmerz	neg 1.0		__DUMMY__ 0.931340142959551 off 0.035522712617655744 neg 0.033137144422793245	false	0.5
unvorhergesehen	neg 1.0		__DUMMY__ 0.9364770772381575 off 0.0332349305894862 neg 0.030287992172356195	false	0.5
desinteressiert	neg 1.0		__DUMMY__ 0.9253834902656501 off 0.043600040200754246 neg 0.03101646953359561	false	0.5
armselig	off 1.0		__DUMMY__ 0.9228914101084479 off 0.044745742946054455 neg 0.03236284694549764	false	1.0
desaster	neg 1.0		__DUMMY__ 0.9343130327702421 neg 0.03360950171193298 off 0.03207746551782492	false	1.0
tod	neg 1.0		__DUMMY__ 0.9375656420095898 off 0.03493034638659312 neg 0.027504011603817095	false	0.5
herzlos	neg 1.0		__DUMMY__ 0.9246751607293192 off 0.044487904466274736 neg 0.030836934804406014	false	0.5
unwissenheit	neg 1.0		__DUMMY__ 0.9308011814555656 off 0.03598836362882598 neg 0.03321045491560843	false	0.5
widersinnig	neg 1.0		__DUMMY__ 0.9279879833517659 off 0.03621177135017253 neg 0.03580024529806161	false	0.5
bedenklich	neg 1.0		__DUMMY__ 0.9305234472926754 off 0.03527633335020068 neg 0.03420021935712381	false	0.5
beanstanden	neg 1.0		__DUMMY__ 0.932734598195911 neg 0.03411403217323467 off 0.033151369630854334	false	1.0
panisch	neg 1.0	neg 1.0	neg 0.4962369670180608 __DUMMY__ 0.46814822681586304 off 0.03561480616607621	false	1.0
debil	off 1.0		__DUMMY__ 0.9402794738507663 neg 0.03145494696617584 off 0.02826557918305792	false	0.5
abstrich	neg 1.0		__DUMMY__ 0.9386310956286222 off 0.03558174785805761 neg 0.02578715651332014	false	0.5
primitiv	neg 1.0		__DUMMY__ 0.9243426682525784 off 0.043293546584918505 neg 0.032363785162503114	false	0.5
abschaum	off 1.0	off 1.0	off 0.5084795619116906 __DUMMY__ 0.46270081281809816 neg 0.028819625270211178	false	1.0
provozieren	neg 1.0		__DUMMY__ 0.9276643218927696 off 0.03867291275200049 neg 0.033662765355229954	false	0.5
tot	neg 1.0		__DUMMY__ 0.9323397565820994 off 0.03505801605294083 neg 0.03260222736495972	false	0.5
instabil	neg 1.0		__DUMMY__ 0.9243266541633877 off 0.04410811940530063 neg 0.031565226431311696	false	0.5
schwuchtel	off 1.0	off 1.0	off 0.5181626020523112 __DUMMY__ 0.45372235387265414 neg 0.02811504407503467	false	1.0
zerren	neg 1.0		__DUMMY__ 0.9322567954244325 off 0.036139862002601275 neg 0.03160334257296618	false	0.5
kinderficker	off 1.0		__DUMMY__ 0.9235392866794682 off 0.04681799202939477 neg 0.029642721291137045	false	1.0
gefahr	neg 1.0		__DUMMY__ 0.9347639476484116 off 0.033022576936096164 neg 0.03221347541549212	false	0.5
rabiat	neg 1.0		__DUMMY__ 0.9305365638887918 off 0.037894233746834025 neg 0.031569202364374195	false	0.5
verlangsamung	neg 1.0		__DUMMY__ 0.9199251645773656 off 0.04822819064345769 neg 0.0318466447791767	false	0.5
ausgestorben	neg 1.0		__DUMMY__ 0.9314700402877748 off 0.037554606651759664 neg 0.030975353060465487	false	0.5
anklagen	neg 1.0		__DUMMY__ 0.9321138756760311 off 0.03545989894473242 neg 0.032426225379236444	false	0.5
trott	neg 1.0		__DUMMY__ 0.9313905586843338 off 0.03715448262512143 neg 0.03145495869054468	false	0.5
verminderung	neg 1.0		__DUMMY__ 0.9266412697386084 off 0.04277775730400024 neg 0.030580972957391456	false	0.5
nach			__DUMMY__ 0.9393961939690159 neg 0.030931612472923208 off 0.029672193558061	false	0.0
rost	neg 1.0		__DUMMY__ 0.9228739412876161 off 0.046832202747521826 neg 0.03029385596486208	false	0.5
destruktiv	neg 1.0		__DUMMY__ 0.928842833231967 off 0.03769325270755491 neg 0.03346391406047808	false	0.5
unzumutbarkeit	neg 1.0		__DUMMY__ 0.9285283209192651 off 0.041868071648157944 neg 0.029603607432577023	false	0.5
labil	off 1.0	off 1.0	off 0.5078637373633742 __DUMMY__ 0.4636658605192478 neg 0.028470402117377926	false	1.0
ziemlich	neg 1.0		__DUMMY__ 0.9278073608454033 off 0.04227412956306891 neg 0.029918509591527708	false	0.5
lachnummer	off 1.0		__DUMMY__ 0.9284345989023058 off 0.03843602736711911 neg 0.033129373730575035	false	1.0
oder			__DUMMY__ 0.9309866331808346 off 0.038109987287435365 neg 0.030903379531730002	false	0.0
verfall	neg 1.0		__DUMMY__ 0.936253922507376 neg 0.0337008416189397 off 0.03004523587368425	false	1.0
ausgrenzung	neg 1.0		__DUMMY__ 0.9294467591811838 off 0.039158230040293424 neg 0.03139501077852283	false	0.5
unordnung	neg 1.0		__DUMMY__ 0.9293355469762852 off 0.043770687417919715 neg 0.02689376560579505	false	0.5
fehlverhalten	neg 1.0		__DUMMY__ 0.9310454695304288 neg 0.034895084438589304 off 0.034059446030981946	false	1.0
eine			__DUMMY__ 0.9346851052764761 off 0.03317146278878797 neg 0.03214343193473591	false	0.0
nille	neg 1.0		__DUMMY__ 0.932201522065781 off 0.03735665866613712 neg 0.03044181926808197	false	0.5
qual	neg 1.0		__DUMMY__ 0.9318148071665064 off 0.036863755646417744 neg 0.0313214371870758	false	0.5
verschwenden	neg 1.0		__DUMMY__ 0.9307645086694355 neg 0.03463253960030233 off 0.03460295173026219	false	1.0
riesig	neg 1.0		__DUMMY__ 0.9347869559985643 off 0.03455621222516914 neg 0.030656831776266442	false	0.5
verurteilen	neg 1.0		__DUMMY__ 0.9298779392127676 off 0.036050644876391064 neg 0.03407141591084142	false	0.5
klischee	neg 1.0	neg 1.0	neg 0.499838097475945 __DUMMY__ 0.46294979994117974 off 0.03721210258287529	false	1.0
diktatorisch	neg 1.0		__DUMMY__ 0.928584956053398 off 0.03888785672934607 neg 0.03252718721725599	false	0.5
vorhersehbar	neg 1.0		__DUMMY__ 0.9258670005132257 off 0.04050373485910283 neg 0.0336292646276715	false	0.5
sowie			__DUMMY__ 0.9233091150268723 off 0.04620126311682609 neg 0.030489621856301635	false	0.0
stornieren	neg 1.0		__DUMMY__ 0.9341601678503223 off 0.038820668917509474 neg 0.027019163232168204	false	0.5
besteuerung	neg 1.0		__DUMMY__ 0.9271791444596836 off 0.038000109562495936 neg 0.034820745977820325	false	0.5
ungeschminkt	neg 1.0		__DUMMY__ 0.9238983040737988 off 0.042640363072508985 neg 0.0334613328536922	false	0.5
kritisch	neg 1.0		__DUMMY__ 0.9311492120051812 off 0.03512420756858458 neg 0.0337265804262342	false	0.5
schlamperei	off 1.0		__DUMMY__ 0.9335651516554485 off 0.03399277338461434 neg 0.03244207495993716	false	1.0
sucht	neg 1.0	neg 1.0	neg 0.49266972040331036 __DUMMY__ 0.4733774079747235 off 0.03395287162196612	false	1.0
egoistisch	off 1.0		__DUMMY__ 0.9212794275818649 off 0.04686218640735766 neg 0.031858386010777444	false	1.0
ausbeuter	off 1.0		__DUMMY__ 0.9304104341145455 neg 0.03552914138911988 off 0.03406042449633469	false	0.5
arschgeburt	off 1.0		__DUMMY__ 0.9149425698654393 off 0.053300824572981305 neg 0.03175660556157946	false	1.0
schubs	neg 1.0		__DUMMY__ 0.9317472332069485 off 0.035528646065815093 neg 0.032724120727236385	false	0.5
unsolide	neg 1.0		__DUMMY__ 0.9269912312337067 off 0.03931793494717904 neg 0.03369083381911421	false	0.5
beschwerde	neg 1.0		__DUMMY__ 0.9314260041237076 off 0.0346252795163291 neg 0.033948716359963306	false	0.5
stocken	neg 1.0		__DUMMY__ 0.933522140098625 off 0.03419968975585824 neg 0.03227817014551684	false	0.5
isolieren	neg 1.0		__DUMMY__ 0.9320738556430942 off 0.03540608935039301 neg 0.03252005500651291	false	0.5
unheilbar	neg 1.0		__DUMMY__ 0.9315235947978913 off 0.03810341753569971 neg 0.030372987666408946	false	0.5
pisser	off 1.0		__DUMMY__ 0.9242665476905623 off 0.044313136313823324 neg 0.031420315995614366	false	1.0
löschen	neg 1.0		__DUMMY__ 0.9316191426092272 off 0.03749437245315075 neg 0.03088648493762207	false	0.5
durchfallen	neg 1.0		__DUMMY__ 0.9291425488280758 off 0.03557403818052669 neg 0.0352834129913975	false	0.5
wichser	off 1.0	off 1.0	off 0.5159377445310545 __DUMMY__ 0.45683027621268274 neg 0.02723197925626278	false	1.0
terror	neg 1.0		__DUMMY__ 0.9298826566112003 off 0.03977874763647159 neg 0.0303385957523281	false	0.5
krass	neg 1.0		__DUMMY__ 0.9240771477952542 off 0.04468710380805866 neg 0.031235748396687198	false	0.5
revolte	neg 1.0		__DUMMY__ 0.9296039528055561 off 0.03945643910382511 neg 0.030939608090618832	false	0.5
besorgt	neg 1.0		__DUMMY__ 0.9355866500514772 off 0.036111068405304265 neg 0.028302281543218486	false	0.5
nachlassen	neg 1.0		__DUMMY__ 0.9360199818187451 off 0.033742945656393755 neg 0.0302370725248612	false	0.5
alt	neg 1.0		__DUMMY__ 0.9325373197040457 off 0.03506325204326879 neg 0.03239942825268558	false	0.5
hundesohn	off 1.0		__DUMMY__ 0.9192495837487671 off 0.05049488849063752 neg 0.030255527760595344	false	1.0
als			__DUMMY__ 0.9312128794250899 off 0.03602939082143397 neg 0.03275772975347618	false	0.0
abschreckung	neg 1.0		__DUMMY__ 0.9336780133809085 neg 0.03326985157476303 off 0.033052135044328544	false	1.0
unqualifiziert	neg 1.0		__DUMMY__ 0.9251211224285345 off 0.04126353620538518 neg 0.03361534136608035	false	0.5
abgewichst	off 1.0		__DUMMY__ 0.932701471756133 off 0.036644953878889934 neg 0.030653574364977104	false	1.0
schwer	neg 1.0		__DUMMY__ 0.9295606059405572 off 0.03732843599840033 neg 0.03311095806104242	false	0.5
bedeutungslosigkeit	neg 1.0		__DUMMY__ 0.9323124199874998 off 0.033881012063152915 neg 0.03380656794934729	false	0.5
kapitulation	neg 1.0		__DUMMY__ 0.9329353772000202 off 0.034871886406135505 neg 0.032192736393844366	false	0.5
unscharf	neg 1.0		__DUMMY__ 0.9276375175323325 off 0.03905591911141399 neg 0.033306563356253524	false	0.5
schwinden	neg 1.0		__DUMMY__ 0.9344861907804284 off 0.033548943794248914 neg 0.03196486542532272	false	0.5
versklavung	neg 1.0		__DUMMY__ 0.9312654780536427 off 0.03843648700038225 neg 0.030298034945975053	false	0.5
schlecht	neg 1.0		__DUMMY__ 0.9276686852197294 off 0.042496520734505265 neg 0.029834794045765285	false	0.5
verhasst	neg 1.0		__DUMMY__ 0.9264246150585613 off 0.03916139149167886 neg 0.03441399344975985	false	0.5
beschweren	neg 1.0		__DUMMY__ 0.9288172418785201 off 0.03936622171780448 neg 0.03181653640367534	false	0.5
scheiden	neg 1.0		__DUMMY__ 0.9328372107819844 off 0.037045919882541835 neg 0.030116869335473792	false	0.5
frustriert	neg 1.0		__DUMMY__ 0.9299240986431233 off 0.03671931255131824 neg 0.03335658880555846	false	0.5
schimmelig	neg 1.0		__DUMMY__ 0.9302195025901091 neg 0.03496398697241381 off 0.034816510437477105	false	1.0
fisch	neg 1.0		__DUMMY__ 0.9327428736315474 neg 0.03491427234753192 off 0.03234285402092073	false	1.0
schmuggel	neg 1.0		__DUMMY__ 0.9335544129724389 off 0.03408781463801789 neg 0.03235777238954323	false	0.5
auffallen	neg 1.0		__DUMMY__ 0.9284694523619329 off 0.03994106772064933 neg 0.031589479917417645	false	0.5
konkurrenz	neg 1.0		__DUMMY__ 0.9337185476917073 neg 0.03349866553072893 off 0.03278278677756392	false	1.0
teufelskreis	neg 1.0		__DUMMY__ 0.9292150452223519 off 0.037629891840979514 neg 0.03315506293666857	false	0.5
aufschreien	neg 1.0		__DUMMY__ 0.9273222824150329 off 0.040093473333145814 neg 0.03258424425182127	false	0.5
schuldner	neg 1.0		__DUMMY__ 0.9318899938621871 neg 0.03474791135469548 off 0.03336209478311745	false	1.0
missgeburt	off 1.0	off 1.0	off 0.5131277984839347 __DUMMY__ 0.45814454219070866 neg 0.028727659325356595	false	1.0
arbeitslos	neg 1.0		__DUMMY__ 0.9287261663231129 off 0.035945088661223645 neg 0.0353287450156635	false	0.5
befallen	neg 1.0		__DUMMY__ 0.9336716699006908 off 0.036559779926190396 neg 0.029768550173118722	false	0.5
miesepetrig	off 1.0	off 1.0	off 0.5079281699449046 __DUMMY__ 0.46376734652947665 neg 0.028304483525618738	false	1.0
alarmieren	neg 1.0		__DUMMY__ 0.9267547036467267 off 0.04153905685559286 neg 0.03170623949768039	false	0.5
ungeduscht	off 1.0		__DUMMY__ 0.9268281532549473 off 0.04056316653466319 neg 0.03260868021038949	false	1.0
knappheit	neg 1.0		__DUMMY__ 0.9293975199410137 off 0.03538807798709285 neg 0.03521440207189349	false	0.5
schlange	neg 1.0		__DUMMY__ 0.9328683710245633 off 0.03863467962414268 neg 0.02849694935129398	false	0.5
harsch	neg 1.0		__DUMMY__ 0.9268965409844788 off 0.04568789915193229 neg 0.0274155598635888	false	0.5
lang	neg 1.0		__DUMMY__ 0.931324058335739 off 0.03818474201877657 neg 0.030491199645484534	false	0.5
ziellos	neg 1.0		__DUMMY__ 0.9335457480420057 off 0.035044242679204765 neg 0.03141000927878947	false	0.5
selbstverliebt	neg 1.0		__DUMMY__ 0.9171353125093422 off 0.05117956622519831 neg 0.03168512126545947	false	0.5
beseitigen	neg 1.0		__DUMMY__ 0.9329654045182849 off 0.036306548000060536 neg 0.030728047481654523	false	0.5
dumm	off 1.0		__DUMMY__ 0.921902019319708 off 0.047270312285239875 neg 0.030827668395052105	false	1.0
arbeitsloser	neg 1.0		__DUMMY__ 0.93092930339616 off 0.035956708655021784 neg 0.033113987948818306	false	0.5
blitzen	neg 1.0		__DUMMY__ 0.929615618205059 off 0.04018741889938238 neg 0.030196962895558628	false	0.5
hilflos	neg 1.0		__DUMMY__ 0.9305868063052677 off 0.03626535275493394 neg 0.033147840939798286	false	0.5
eklig	off 1.0		__DUMMY__ 0.9201276764739128 off 0.04777542366993228 neg 0.03209689985615488	false	1.0
begriff			__DUMMY__ 0.9300780920258446 off 0.03725177847575491 neg 0.03267012949840049	false	0.0
hungersnot	neg 1.0		__DUMMY__ 0.9337616388160451 off 0.0356992157577888 neg 0.030539145426166092	false	0.5
ungesetzlich	neg 1.0		__DUMMY__ 0.9261099691315788 off 0.03883975636638718 neg 0.03505027450203395	false	0.5
verschwendung	neg 1.0		__DUMMY__ 0.9325450274907239 off 0.03430673897282989 neg 0.03314823353644625	false	0.5
schmerzvoll	neg 1.0		__DUMMY__ 0.9297438458794205 off 0.03905156590042333 neg 0.031204588220156104	false	0.5
vorzeitig	neg 1.0		__DUMMY__ 0.9302347427694313 off 0.03980738281828356 neg 0.029957874412285083	false	0.5
unvollkommenheit	neg 1.0		__DUMMY__ 0.9360939037659488 off 0.03495793021716428 neg 0.028948166016886923	false	0.5
intervenieren	neg 1.0		__DUMMY__ 0.9312413707674163 neg 0.03440305954516683 off 0.03435556968741688	false	1.0
banause	off 1.0		__DUMMY__ 0.9171403167460468 off 0.0499044861290403 neg 0.03295519712491289	false	1.0
rebell	neg 1.0		__DUMMY__ 0.9350734153053565 neg 0.03406201259162654 off 0.030864572103016887	false	1.0
unlogisch	neg 1.0		__DUMMY__ 0.9230876032893975 off 0.044374235274466135 neg 0.03253816143613631	false	0.5
leiden	neg 1.0		__DUMMY__ 0.9352664116918572 off 0.03286409888761004 neg 0.031869489420532804	false	0.5
abschaffung	neg 1.0		__DUMMY__ 0.9295835245139502 off 0.03791675631571112 neg 0.032499719170338656	false	0.5
sturz	neg 1.0		__DUMMY__ 0.9325179728823233 off 0.03760527825440065 neg 0.02987674886327602	false	0.5
verkleinerung	neg 1.0		__DUMMY__ 0.9248820417846938 off 0.04020704841335854 neg 0.03491090980194762	false	0.5
schmarotzer	off 1.0		__DUMMY__ 0.9274213762665336 off 0.03662854002080936 neg 0.03595008371265699	false	1.0
bestrafung	neg 1.0		__DUMMY__ 0.9305273287321442 off 0.0386207823750148 neg 0.030851888892841003	false	0.5
achtlos	neg 1.0	neg 1.0	neg 0.49860105189461307 __DUMMY__ 0.46767681796641475 off 0.03372213013897222	false	1.0
