unsolidarisch	neg 1.0		off 0.3569908663773086 __DUMMY__ 0.3314590110963789 neg 0.3115501225263125	false	0.5
nachteilig	neg 1.0		off 0.3537407167455946 __DUMMY__ 0.3344184352332458 neg 0.3118408480211597	false	0.5
skeptisch	neg 1.0		off 0.353117368388897 __DUMMY__ 0.33462703190447357 neg 0.31225559970662936	false	0.5
schrecklich	neg 1.0		off 0.36873213627965623 __DUMMY__ 0.32958465086767275 neg 0.301683212852671	false	0.5
schlapp	neg 1.0		off 0.36481856156409775 __DUMMY__ 0.3313961108874324 neg 0.30378532754846993	false	0.5
abfall	neg 1.0		off 0.35057280036839145 __DUMMY__ 0.33722785038557646 neg 0.312199349246032	false	0.5
widerspenstig	neg 1.0		off 0.35939035989764356 __DUMMY__ 0.3334964735913759 neg 0.3071131665109807	false	0.5
abrupt	neg 1.0		off 0.35576328902616283 __DUMMY__ 0.3363426817865125 neg 0.3078940291873248	false	0.5
unwirksam	neg 1.0		off 0.3564297759888574 __DUMMY__ 0.330731923067344 neg 0.31283830094379866	false	0.5
angreifen	neg 1.0		off 0.35323489811717956 __DUMMY__ 0.334799132364292 neg 0.31196596951852845	false	0.5
inkonsistent	neg 1.0		off 0.35971474118228575 __DUMMY__ 0.3325629825181929 neg 0.3077222762995214	false	0.5
abrutschen	neg 1.0		off 0.3499696972892306 __DUMMY__ 0.335795588785253 neg 0.31423471392551633	false	0.5
unsicher	neg 1.0		off 0.3591020374457947 __DUMMY__ 0.3338466047058128 neg 0.3070513578483925	false	0.5
bauernkind	off 1.0	off 1.0	off 0.6726351894445082 neg 0.17026016616653203 __DUMMY__ 0.15710464438895977	false	1.0
angreifer	neg 1.0	neg 1.0	neg 0.6380374269905488 off 0.20004178463799566 __DUMMY__ 0.16192078837145552	false	1.0
trennen	neg 1.0		off 0.3543458264210646 __DUMMY__ 0.33656847074813245 neg 0.3090857028308029	false	0.5
schmutz	neg 1.0		off 0.36354199702001977 __DUMMY__ 0.336123221332396 neg 0.30033478164758426	false	0.5
inkonsistenz	neg 1.0		off 0.36211097719712854 __DUMMY__ 0.32837589982172494 neg 0.3095131229811466	false	0.5
erschreckend	neg 1.0		off 0.3573231082420795 __DUMMY__ 0.33281183359221117 neg 0.30986505816570936	false	0.5
ertrinken	neg 1.0		off 0.3547987109140773 __DUMMY__ 0.3358128280270345 neg 0.30938846105888834	false	0.5
pickelface	off 1.0		off 0.35842761334003953 __DUMMY__ 0.334316930034482 neg 0.3072554566254784	false	1.0
seiner			off 0.3539285639503644 __DUMMY__ 0.33504112035169914 neg 0.31103031569793627	false	0.0
lauch	neg 1.0		off 0.3517907857159725 __DUMMY__ 0.3370412239889964 neg 0.3111679902950311	false	0.5
unwichtig	neg 1.0		off 0.3632994227884933 __DUMMY__ 0.330415998222751 neg 0.3062845789887558	false	0.5
steuerhinterziehung	neg 1.0	neg 1.0	neg 0.6420879916220914 off 0.1964099657662133 __DUMMY__ 0.16150204261169537	false	1.0
schock	neg 1.0		off 0.35857221238653825 __DUMMY__ 0.33443092305161365 neg 0.3069968645618481	false	0.5
beule	neg 1.0		off 0.36580308352681334 __DUMMY__ 0.33085531263070295 neg 0.3033416038424836	false	0.5
vergelten	neg 1.0		off 0.3686253949178458 __DUMMY__ 0.33148539768458646 neg 0.29988920739756786	false	0.5
verdorbenheit	neg 1.0		off 0.3609574389983812 __DUMMY__ 0.33479351237689176 neg 0.3042490486247271	false	0.5
trauma	neg 1.0		off 0.36020345419691707 __DUMMY__ 0.3333528195806696 neg 0.3064437262224133	false	0.5
sinnlos	neg 1.0		off 0.36141804064170674 __DUMMY__ 0.3326762181005767 neg 0.30590574125771675	false	0.5
fettsack	off 1.0	off 1.0	off 0.6739505424305964 neg 0.16834310440936828 __DUMMY__ 0.15770635316003528	false	1.0
feige	off 1.0	off 1.0	off 0.6708331113721134 neg 0.16981042544462438 __DUMMY__ 0.15935646318326233	false	1.0
abdanken	neg 1.0		off 0.35821964885754054 __DUMMY__ 0.33374940199126607 neg 0.3080309491511933	false	0.5
wichtigtuer	off 1.0	off 1.0	off 0.6695035143120323 neg 0.1703876519845643 __DUMMY__ 0.16010883370340342	false	1.0
misslingen	neg 1.0		off 0.3615339074469092 __DUMMY__ 0.3358153011841508 neg 0.30265079136893996	false	0.5
untreu	off 1.0		off 0.3644734334165393 __DUMMY__ 0.33091608570494974 neg 0.30461048087851095	false	1.0
missmutig	neg 1.0		off 0.36442540170059606 __DUMMY__ 0.33200213687963426 neg 0.3035724614197698	false	0.5
hurenbock	off 1.0		off 0.36254290181304283 __DUMMY__ 0.33435157426178774 neg 0.3031055239251694	false	1.0
betrunken	neg 1.0		off 0.36678479560921035 __DUMMY__ 0.3309041302926595 neg 0.30231107409812996	false	0.5
korrupt	off 1.0		off 0.35452016708861417 __DUMMY__ 0.3322143464480558 neg 0.3132654864633301	false	1.0
unmut	neg 1.0		off 0.3504349681282664 __DUMMY__ 0.33621229367365885 neg 0.3133527381980747	false	0.5
hackfresse	off 1.0		off 0.3719540616230523 __DUMMY__ 0.3274344408571902 neg 0.30061149751975746	false	1.0
aufblasen	neg 1.0		off 0.3615701463950209 __DUMMY__ 0.3334359477212465 neg 0.3049939058837326	false	0.5
gewaltsam	neg 1.0		off 0.35799544003665174 __DUMMY__ 0.33470757211703195 neg 0.30729698784631626	false	0.5
unbeliebtheit	neg 1.0		off 0.361510499639565 __DUMMY__ 0.32977187510271505 neg 0.3087176252577199	false	0.5
sturheit	neg 1.0		off 0.35692104273768355 __DUMMY__ 0.33328178793576535 neg 0.3097971693265511	false	0.5
kuh	neg 1.0		off 0.35922653468882915 __DUMMY__ 0.3294682768152812 neg 0.3113051884958898	false	0.5
erschrecken	neg 1.0		off 0.3644918321605261 __DUMMY__ 0.33261976059537973 neg 0.3028884072440941	false	0.5
opfer	neg 1.0		off 0.3552027951932937 __DUMMY__ 0.3347490844527313 neg 0.310048120353975	false	0.5
sinken	neg 1.0		off 0.3515744790065176 __DUMMY__ 0.3364928791693605 neg 0.3119326418241219	false	0.5
stinktier	neg 1.0		off 0.3669300581879006 __DUMMY__ 0.32608131201441065 neg 0.30698862979768893	false	0.5
tucke	off 1.0		off 0.37316100822294573 __DUMMY__ 0.3267985570672513 neg 0.3000404347098029	false	1.0
ein			off 0.36008771251096494 __DUMMY__ 0.33297639411065305 neg 0.30693589337838195	false	0.0
abstieg	neg 1.0		off 0.35398498556222896 __DUMMY__ 0.33506857175178084 neg 0.31094644268599014	false	0.5
missverstehen	neg 1.0		off 0.36080390279516145 __DUMMY__ 0.3306218844673967 neg 0.30857421273744173	false	0.5
ergebnislos	neg 1.0		off 0.3536389076386573 __DUMMY__ 0.3352002710595384 neg 0.31116082130180434	false	0.5
unter			off 0.34658747465357775 __DUMMY__ 0.3394899370827795 neg 0.31392258826364267	false	0.0
manipulieren	neg 1.0		off 0.3534613334622723 __DUMMY__ 0.33562468083676084 neg 0.3109139857009668	false	0.5
unbewiesen	neg 1.0		off 0.3565615496137597 __DUMMY__ 0.3309811798247918 neg 0.31245727056144845	false	0.5
verschleppen	neg 1.0		off 0.35497420362733295 __DUMMY__ 0.33398028754291903 neg 0.31104550882974796	false	0.5
weib	off 1.0		off 0.37139584682024007 __DUMMY__ 0.32551636059512173 neg 0.30308779258463814	false	1.0
opposition	neg 1.0		off 0.3597600317124896 __DUMMY__ 0.33178958966536487 neg 0.3084503786221454	false	0.5
verkehrswidrig	neg 1.0		off 0.3705156500745656 __DUMMY__ 0.33191999662051913 neg 0.29756435330491526	false	0.5
inkorrekt	neg 1.0		off 0.3667936018472686 __DUMMY__ 0.3284864499364823 neg 0.30471994821624904	false	0.5
vermeiden	neg 1.0		off 0.3490304154555095 __DUMMY__ 0.3371275693565096 neg 0.313842015187981	false	0.5
abweichung	neg 1.0		off 0.3542793663479536 __DUMMY__ 0.33387057679962756 neg 0.31185005685241884	false	0.5
alkoholisiert	neg 1.0		off 0.35451538077501993 __DUMMY__ 0.33545152510773135 neg 0.3100330941172487	false	0.5
scheiss	off 1.0	off 1.0	off 0.6716431546679982 neg 0.16857492213134548 __DUMMY__ 0.15978192320065632	false	1.0
herausforderung	neg 1.0		off 0.353778994677638 __DUMMY__ 0.3354252039465012 neg 0.31079580137586077	false	0.5
pervers	off 1.0		off 0.37535346504839207 __DUMMY__ 0.3258060201825754 neg 0.2988405147690326	false	1.0
wackelig	neg 1.0		off 0.3581622152852972 __DUMMY__ 0.3357900182210412 neg 0.3060477664936616	false	0.5
verwickeln	neg 1.0		off 0.36027413711223855 __DUMMY__ 0.3308938468969642 neg 0.3088320159907972	false	0.5
vorwand	neg 1.0		off 0.3527231672108694 __DUMMY__ 0.33495848232194536 neg 0.3123183504671852	false	0.5
muschi	off 1.0		off 0.3584202337383805 __DUMMY__ 0.3341111786721766 neg 0.30746858758944284	false	1.0
entmutigung	neg 1.0		off 0.35972793053341584 __DUMMY__ 0.3324509200151118 neg 0.30782114945147254	false	0.5
unangemessen	neg 1.0		off 0.3555976751857298 __DUMMY__ 0.3321494314872902 neg 0.3122528933269801	false	0.5
unstetig	neg 1.0		off 0.36170148652917206 __DUMMY__ 0.33223660725023196 neg 0.3060619062205959	false	0.5
entmutigen	neg 1.0		off 0.3599252938926796 __DUMMY__ 0.33300695097017474 neg 0.30706775513714574	false	0.5
schwanz	neg 1.0		off 0.35583919218691085 __DUMMY__ 0.3350642307002171 neg 0.30909657711287214	false	0.5
verbot	neg 1.0		off 0.3552687307542647 __DUMMY__ 0.3337756926895792 neg 0.31095557655615624	false	0.5
leid	neg 1.0		off 0.3697250184030965 __DUMMY__ 0.32804340223112594 neg 0.3022315793657777	false	0.5
archaisch	neg 1.0		off 0.35722097526787355 __DUMMY__ 0.3335726574184777 neg 0.3092063673136488	false	0.5
gegen			off 0.3512658746400366 __DUMMY__ 0.3360990509361096 neg 0.3126350744238538	false	0.0
scheidung	neg 1.0		off 0.38231432363326384 __DUMMY__ 0.32728073154351556 neg 0.29040494482322066	false	0.5
einschlag	neg 1.0		off 0.3675059048090247 __DUMMY__ 0.33017911428215707 neg 0.3023149809088182	false	0.5
m			off 0.35689596633993675 __DUMMY__ 0.334860752761683 neg 0.30824328089838027	false	0.0
abgestanden	neg 1.0		off 0.3592788889853432 __DUMMY__ 0.3324776963866948 neg 0.308243414627962	false	0.5
schmierig	off 1.0		off 0.36994776628434334 __DUMMY__ 0.3294861136548072 neg 0.3005661200608495	false	1.0
unpraktisch	neg 1.0		off 0.3606070173038606 __DUMMY__ 0.3327588824109103 neg 0.3066341002852291	false	0.5
wixxer	off 1.0		off 0.3747365024318898 __DUMMY__ 0.3247542165094755 neg 0.3005092810586346	false	1.0
bezeichnet			off 0.35769037650517616 __DUMMY__ 0.331801538425913 neg 0.3105080850689108	false	0.0
jammerlappen	off 1.0		off 0.3644429660863409 __DUMMY__ 0.33169931808369013 neg 0.303857715829969	false	1.0
farce	neg 1.0		off 0.3560823381264727 __DUMMY__ 0.33307144738604394 neg 0.3108462144874833	false	0.5
zwecklos	neg 1.0		off 0.35600330134056196 __DUMMY__ 0.33314537627065866 neg 0.31085132238877944	false	0.5
turbulent	neg 1.0		off 0.3656779666568674 __DUMMY__ 0.33049259002646963 neg 0.30382944331666295	false	0.5
invasion	neg 1.0		off 0.3606950770665685 __DUMMY__ 0.33217071039942314 neg 0.30713421253400847	false	0.5
schuld	neg 1.0		off 0.35935338737326894 __DUMMY__ 0.3320398333550304 neg 0.30860677927170066	false	0.5
risiko	neg 1.0	neg 1.0	neg 0.6382922801997668 off 0.19962613554481362 __DUMMY__ 0.16208158425541955	false	1.0
finster	neg 1.0		off 0.359365317678627 __DUMMY__ 0.3315294310421837 neg 0.3091052512791893	false	0.5
geisteskrank	off 1.0		off 0.3644189354165848 __DUMMY__ 0.32866716712400557 neg 0.3069138974594096	false	1.0
zusammenbrechen	neg 1.0		off 0.3568015218125081 __DUMMY__ 0.33392690544272763 neg 0.3092715727447641	false	0.5
ausbeute	neg 1.0		off 0.3581591842624275 __DUMMY__ 0.3382138980857117 neg 0.30362691765186084	false	0.5
hinterhalt	neg 1.0		off 0.3604242816232303 __DUMMY__ 0.33781198302348464 neg 0.30176373535328493	false	0.5
kritik	neg 1.0		off 0.3557489342994066 __DUMMY__ 0.332998353651493 neg 0.3112527120491003	false	0.5
einschrumpfen	neg 1.0		off 0.3625708394531726 __DUMMY__ 0.3309794283004811 neg 0.3064497322463462	false	0.5
riskant	neg 1.0		off 0.35337803839365667 __DUMMY__ 0.3339716330526816 neg 0.31265032855366165	false	0.5
frustrieren	neg 1.0		off 0.35453922333289284 __DUMMY__ 0.3339008015392588 neg 0.3115599751278483	false	0.5
groll	neg 1.0		off 0.35542109622081786 __DUMMY__ 0.33321922428628803 neg 0.3113596794928941	false	0.5
gibt			off 0.35689166788147186 __DUMMY__ 0.3339606887647353 neg 0.30914764335379274	false	0.0
qualvoll	neg 1.0		off 0.3629379329293234 __DUMMY__ 0.3328510903572309 neg 0.3042109767134456	false	0.5
wackeln	neg 1.0		off 0.3612157016524029 __DUMMY__ 0.3346121596041006 neg 0.3041721387434966	false	0.5
klagen	neg 1.0		off 0.35087331785097636 __DUMMY__ 0.33548172433022344 neg 0.3136449578188002	false	0.5
bankrott	neg 1.0		off 0.3644757692280487 __DUMMY__ 0.33271795459515924 neg 0.30280627617679207	false	0.5
trauern	neg 1.0		off 0.35588470283130685 __DUMMY__ 0.3362323637820618 neg 0.3078829333866312	false	0.5
ablehnung	neg 1.0		off 0.35526893139816323 __DUMMY__ 0.3329176355159471 neg 0.3118134330858895	false	0.5
stur	neg 1.0		off 0.35939011503288326 __DUMMY__ 0.3318189016330173 neg 0.3087909833340994	false	0.5
aufruhr	neg 1.0		off 0.35775469491354966 __DUMMY__ 0.3338552935204811 neg 0.30839001156596935	false	0.5
melancholie	neg 1.0		off 0.35597615639859315 __DUMMY__ 0.3348710253526965 neg 0.3091528182487101	false	0.5
ist			off 0.3609618435516738 __DUMMY__ 0.33255828594912124 neg 0.30647987049920505	false	0.0
torheit	neg 1.0		off 0.35923423261170073 __DUMMY__ 0.3332029026479337 neg 0.3075628647403656	false	0.5
dreckskind	off 1.0		off 0.3700260854681544 __DUMMY__ 0.3267518954865332 neg 0.30322201904531226	false	1.0
umtauschen	neg 1.0		off 0.3586219985164672 __DUMMY__ 0.33344893210380716 neg 0.3079290693797256	false	0.5
zum			off 0.3509340431412737 __DUMMY__ 0.33929807181060573 neg 0.3097678850481206	false	0.0
zersetzen	neg 1.0		off 0.3526462289189136 __DUMMY__ 0.33437424847897074 neg 0.3129795226021156	false	0.5
zur			off 0.34911646968983917 __DUMMY__ 0.33822684224547617 neg 0.3126566880646847	false	0.0
frust	neg 1.0		off 0.3569399052241484 __DUMMY__ 0.33413651563138114 neg 0.30892357914447055	false	0.5
unerbittlichkeit	neg 1.0		off 0.35304940347081604 __DUMMY__ 0.3349265143552431 neg 0.3120240821739409	false	0.5
zwei			off 0.35168515895660446 __DUMMY__ 0.3383723006376881 neg 0.3099425404057074	false	0.0
unkorrekt	neg 1.0		off 0.366880893760556 __DUMMY__ 0.3292125617617495 neg 0.30390654447769444	false	0.5
hexe	off 1.0		off 0.3633808835764397 __DUMMY__ 0.32975312165599663 neg 0.3068659947675637	false	1.0
lasch	neg 1.0		off 0.3618626628473177 __DUMMY__ 0.3302964675048296 neg 0.3078408696478526	false	0.5
rivale	neg 1.0		off 0.366733155379238 __DUMMY__ 0.3304126761813513 neg 0.3028541684394106	false	0.5
mutlos	off 1.0	off 1.0	off 0.6653791355096819 neg 0.17301006740744093 __DUMMY__ 0.1616107970828772	false	1.0
wirr	off 1.0		off 0.36789499035265943 __DUMMY__ 0.32891474586113983 neg 0.30319026378620084	false	1.0
jahr			off 0.355244194529971 __DUMMY__ 0.3385116037855745 neg 0.30624420168445443	false	0.0
wird			off 0.3554741013583016 __DUMMY__ 0.33408812553163975 neg 0.3104377731100586	false	0.0
strafbar	neg 1.0		off 0.3538581131542306 __DUMMY__ 0.3338348285857595 neg 0.31230705826000976	false	0.5
erosion	neg 1.0		off 0.360024339974868 __DUMMY__ 0.3345938272993828 neg 0.30538183272574915	false	0.5
eingehen	neg 1.0		off 0.35402896542318024 __DUMMY__ 0.3336880974140756 neg 0.31228293716274413	false	0.5
faul	off 1.0		off 0.36414760669135354 __DUMMY__ 0.3323283084118924 neg 0.303524084896754	false	1.0
provisorium	neg 1.0		off 0.347438394035573 __DUMMY__ 0.33959295589794725 neg 0.31296865006647984	false	0.5
schmerzen	neg 1.0		off 0.3574115158871748 __DUMMY__ 0.3330908926924736 neg 0.3094975914203515	false	0.5
schrumpfen	neg 1.0		off 0.34791330801053744 __DUMMY__ 0.3361852541996348 neg 0.3159014377898279	false	0.5
geistlos	off 1.0		off 0.36015412211974424 __DUMMY__ 0.3301996656274379 neg 0.3096462122528178	false	1.0
fehlkauf	neg 1.0		off 0.361766655143027 __DUMMY__ 0.33357860012728696 neg 0.30465474472968596	false	0.5
frustrierend	neg 1.0		off 0.36295326765153124 __DUMMY__ 0.3315936483974939 neg 0.30545308395097487	false	0.5
unzufrieden	neg 1.0		off 0.35532250156468126 __DUMMY__ 0.3329149571923499 neg 0.31176254124296876	false	0.5
verzweifeln	neg 1.0		off 0.3576039675536503 __DUMMY__ 0.33343390176150695 neg 0.30896213068484274	false	0.5
verzweifelt	neg 1.0	neg 1.0	neg 0.6412532885187031 off 0.19842248818217811 __DUMMY__ 0.16032422329911872	false	1.0
misstrauensantrag	neg 1.0		off 0.361064260007922 __DUMMY__ 0.3322880604682767 neg 0.30664767952380134	false	0.5
abfallen	neg 1.0		off 0.3609152517579348 __DUMMY__ 0.33416486429274006 neg 0.3049198839493252	false	0.5
fucker	off 1.0		off 0.36792790365995914 __DUMMY__ 0.33104168726007993 neg 0.30103040907996087	false	1.0
ungezogen	neg 1.0		off 0.37464369408031034 __DUMMY__ 0.32644121625490047 neg 0.29891508966478936	false	0.5
irrsinnig	neg 1.0	neg 1.0	neg 0.6408529772018694 off 0.19859206477533567 __DUMMY__ 0.16055495802279487	false	1.0
unfassbar	neg 1.0		off 0.3655495839180687 __DUMMY__ 0.3310788523457843 neg 0.30337156373614693	false	0.5
hart	neg 1.0		off 0.3651843416862533 __DUMMY__ 0.3312001500590483 neg 0.3036155082546984	false	0.5
widerlich	off 1.0		off 0.36513003544814676 __DUMMY__ 0.32949643088207414 neg 0.30537353366977904	false	1.0
fatal	neg 1.0		off 0.36172917175883373 __DUMMY__ 0.33280026496303355 neg 0.30547056327813266	false	0.5
bruch	neg 1.0		off 0.35149598982931496 __DUMMY__ 0.33565345450890377 neg 0.3128505556617813	false	0.5
aushungern	neg 1.0		off 0.3571913618437645 __DUMMY__ 0.3345819266325474 neg 0.3082267115236882	false	0.5
anspannung	neg 1.0		off 0.3503588531595844 __DUMMY__ 0.33852447277319214 neg 0.3111166740672236	false	0.5
von			off 0.35611648120212996 __DUMMY__ 0.33950069055398113 neg 0.30438282824388885	false	0.0
kraftlos	neg 1.0		off 0.35677480331042505 __DUMMY__ 0.3347104712625758 neg 0.30851472542699915	false	0.5
vom			off 0.34873656683304777 __DUMMY__ 0.3403189651848925 neg 0.3109444679820597	false	0.0
grenzdebil	off 1.0		off 0.36628678979842 __DUMMY__ 0.3313219467931479 neg 0.30239126340843214	false	1.0
vor			off 0.3532651246538016 __DUMMY__ 0.3366849208153114 neg 0.310049954530887	false	0.0
unterwerfen	neg 1.0		off 0.3550009113758775 __DUMMY__ 0.3345855961761498 neg 0.31041349244797267	false	0.5
versenkung	neg 1.0		off 0.35567311863687406 __DUMMY__ 0.3353223609250902 neg 0.30900452043803567	false	0.5
entziehen	neg 1.0		off 0.3514746968924288 __DUMMY__ 0.33538235218878404 neg 0.3131429509187873	false	0.5
finanzkrise	neg 1.0		off 0.35695719056249653 __DUMMY__ 0.3328486163689524 neg 0.3101941930685509	false	0.5
schimpfend	neg 1.0		off 0.3612142334419322 __DUMMY__ 0.33261337267116303 neg 0.3061723938869047	false	0.5
profan	neg 1.0		off 0.3613109462373695 __DUMMY__ 0.3316009886411973 neg 0.30708806512143333	false	0.5
korruption	neg 1.0		off 0.35524233190224425 __DUMMY__ 0.334079054580633 neg 0.31067861351712284	false	0.5
â			off 0.3569098099967195 __DUMMY__ 0.33568036101033066 neg 0.30740982899294983	false	0.0
schmutzig	neg 1.0		off 0.36718522794859615 __DUMMY__ 0.33165305692596625 neg 0.30116171512543766	false	0.5
sexy	neg 1.0		off 0.36348103465289666 __DUMMY__ 0.3326879198920857 neg 0.3038310454550177	false	0.5
abraten	neg 1.0		off 0.3610702532311727 __DUMMY__ 0.3324491335215453 neg 0.30648061324728193	false	0.5
schwarz	neg 1.0		off 0.36074558232035675 __DUMMY__ 0.33279754182131743 neg 0.3064568758583259	false	0.5
fotze	off 1.0	off 1.0	off 0.6673667260998353 neg 0.17035496426649666 __DUMMY__ 0.16227830963366807	false	1.0
verwirren	neg 1.0		off 0.3622389826568294 __DUMMY__ 0.3319748836276696 neg 0.3057861337155009	false	0.5
zahnlos	off 1.0		off 0.356543186517705 __DUMMY__ 0.33305833431057913 neg 0.3103984791717158	false	1.0
verheeren	neg 1.0		off 0.3774194755057435 __DUMMY__ 0.3276761209655501 neg 0.2949044035287062	false	0.5
hippie	neg 1.0		off 0.3630712588916469 __DUMMY__ 0.3327856166106116 neg 0.30414312449774156	false	0.5
rammen	neg 1.0		off 0.3600250603546871 __DUMMY__ 0.3319547891847299 neg 0.30802015046058306	false	0.5
unlauter	neg 1.0		off 0.358242308572345 __DUMMY__ 0.33094603552464086 neg 0.3108116559030141	false	0.5
unheilvoll	neg 1.0		off 0.36169964896728285 __DUMMY__ 0.33337107781136976 neg 0.30492927322134733	false	0.5
niedrig	neg 1.0		off 0.3528216313707064 __DUMMY__ 0.33374707933885833 neg 0.3134312892904353	false	0.5
explosion	neg 1.0		off 0.36221244851954276 __DUMMY__ 0.33253643327343596 neg 0.30525111820702133	false	0.5
weichei	off 1.0	off 1.0	off 0.6746973014016178 neg 0.16693859476857348 __DUMMY__ 0.15836410382980878	false	1.0
minusmensch	off 1.0		off 0.37249414831324845 __DUMMY__ 0.3259911448286266 neg 0.3015147068581251	false	1.0
farblos	neg 1.0		off 0.3594588332678957 __DUMMY__ 0.33439637052835725 neg 0.30614479620374707	false	0.5
unwissend	neg 1.0	neg 1.0	neg 0.6394193403196328 off 0.20090686985821196 __DUMMY__ 0.15967378982215533	false	1.0
traurig	neg 1.0		off 0.3681581137750474 __DUMMY__ 0.3301452372557987 neg 0.30169664896915394	false	0.5
senkung	neg 1.0		off 0.36047624880479373 __DUMMY__ 0.33065917291391905 neg 0.30886457828128727	false	0.5
ungleich	neg 1.0	neg 1.0	neg 0.6433747240874002 off 0.19496418980039928 __DUMMY__ 0.16166108611220056	false	1.0
heikel	neg 1.0		off 0.35312607609897584 __DUMMY__ 0.3337447205334322 neg 0.3131292033675921	false	0.5
drosselung	neg 1.0		off 0.3658119099059714 __DUMMY__ 0.3309281836797718 neg 0.30325990641425693	false	0.5
falsch	neg 1.0		off 0.36274186232199745 __DUMMY__ 0.3309762571450335 neg 0.3062818805329691	false	0.5
unzufriedenheit	neg 1.0		off 0.3523209379826178 __DUMMY__ 0.3351862549813046 neg 0.3124928070360775	false	0.5
kurz	neg 1.0		off 0.3583234393529733 __DUMMY__ 0.3351096462846016 neg 0.30656691436242517	false	0.5
unsinnig	neg 1.0		off 0.3563134290092708 __DUMMY__ 0.33243064716132326 neg 0.3112559238294059	false	0.5
penner	off 1.0	off 1.0	off 0.6757578694058186 neg 0.1659742828049675 __DUMMY__ 0.1582678477892139	false	1.0
seicht	neg 1.0		off 0.37326784361383347 __DUMMY__ 0.3257347925950549 neg 0.30099736379111164	false	0.5
dummheit	off 1.0	off 1.0	off 0.6697420529110754 neg 0.1701698724491142 __DUMMY__ 0.16008807463981045	false	1.0
unerfreulich	neg 1.0		off 0.3529880234277384 __DUMMY__ 0.3349041855357214 neg 0.3121077910365402	false	0.5
motherfucker	off 1.0	off 1.0	off 0.6728562166384249 neg 0.16712791451474812 __DUMMY__ 0.1600158688468271	false	1.0
pikiert	neg 1.0		off 0.3647542314042374 __DUMMY__ 0.3302781689571127 neg 0.30496759963864994	false	0.5
wrack	neg 1.0		off 0.35748867471527523 __DUMMY__ 0.33523556359670775 neg 0.30727576168801723	false	0.5
gangster	neg 1.0		off 0.3631087731675317 __DUMMY__ 0.33272385433870233 neg 0.30416737249376585	false	0.5
krank	neg 1.0		off 0.3662253675861765 __DUMMY__ 0.3312609927763725 neg 0.3025136396374509	false	0.5
reich	neg 1.0		off 0.36608614843806536 __DUMMY__ 0.33292846234422324 neg 0.30098538921771156	false	0.5
gnadenlos	neg 1.0		off 0.3598531102503901 __DUMMY__ 0.3324922524986059 neg 0.30765463725100395	false	0.5
niedergeschlagen	neg 1.0		off 0.3579418342035521 __DUMMY__ 0.3344419540931918 neg 0.30761621170325615	false	0.5
terrorisieren	off 1.0	off 1.0	off 0.6661054045660526 neg 0.17164702150498837 __DUMMY__ 0.16224757392895903	false	1.0
sinnlosigkeit	neg 1.0		off 0.3562443257549241 __DUMMY__ 0.333480489088816 neg 0.31027518515625996	false	0.5
behindern	neg 1.0		off 0.35852506423329855 __DUMMY__ 0.3340582172140914 neg 0.30741671855261016	false	0.5
undemokratisch	neg 1.0		off 0.3594684436778312 __DUMMY__ 0.3325170374490787 neg 0.3080145188730903	false	0.5
wirtschaftskrise	neg 1.0		off 0.35478913287926467 __DUMMY__ 0.33380470636816867 neg 0.3114061607525666	false	0.5
neid	neg 1.0		off 0.3637425221107972 __DUMMY__ 0.33235833152429484 neg 0.3038991463649079	false	0.5
rutschen	neg 1.0		off 0.3520272271968972 __DUMMY__ 0.33893621225937814 neg 0.30903656054372464	false	0.5
rezession	neg 1.0		off 0.3659474920640031 __DUMMY__ 0.3269883969743474 neg 0.3070641109616495	false	0.5
fehlgeburt	neg 1.0		off 0.36171456509683697 __DUMMY__ 0.33356173161567365 neg 0.3047237032874892	false	0.5
charakterschwach	off 1.0		off 0.36493398008125155 __DUMMY__ 0.3296037195408841 neg 0.30546230037786437	false	1.0
isolation	neg 1.0		off 0.3630452031604839 __DUMMY__ 0.3320903354868717 neg 0.30486446135264433	false	0.5
ablenkung	neg 1.0		off 0.35936329260181055 __DUMMY__ 0.3337178720250203 neg 0.30691883537316916	false	0.5
pech	neg 1.0		off 0.36228072169311604 __DUMMY__ 0.33099255968017166 neg 0.3067267186267124	false	0.5
vermeidung	neg 1.0		off 0.36653622983482204 __DUMMY__ 0.33156678079109103 neg 0.301896989374087	false	0.5
dominieren	neg 1.0		off 0.35530158762906816 __DUMMY__ 0.3352655282215475 neg 0.3094328841493844	false	0.5
schwindlig	neg 1.0		off 0.3621163530992805 __DUMMY__ 0.3332415626677363 neg 0.30464208423298333	false	0.5
lutscher	neg 1.0		off 0.37419082933620706 __DUMMY__ 0.32605574964446693 neg 0.29975342101932584	false	0.5
pflicht	neg 1.0		off 0.3520622710723301 __DUMMY__ 0.33440464613897036 neg 0.3135330827886994	false	0.5
faschist	off 1.0		off 0.3624436074152695 __DUMMY__ 0.33195549751269776 neg 0.30560089507203286	false	1.0
verschleudern	neg 1.0		off 0.35298793020443414 __DUMMY__ 0.33378360349162584 neg 0.31322846630394	false	0.5
wenn			off 0.3634446582106339 __DUMMY__ 0.3315440021491331 neg 0.305011339640233	false	0.0
ehebruch	neg 1.0		off 0.35565527800962743 __DUMMY__ 0.33460014388818166 neg 0.3097445781021909	false	0.5
spott	off 1.0		off 0.3544425954534861 __DUMMY__ 0.3340226037543769 neg 0.31153480079213697	false	1.0
trostlosigkeit	neg 1.0		off 0.3533339915506739 __DUMMY__ 0.3366295112099797 neg 0.3100364972393463	false	0.5
lutschen	neg 1.0		off 0.36274852718728723 __DUMMY__ 0.33151162994367994 neg 0.30573984286903294	false	0.5
undiszipliniert	neg 1.0		off 0.36707214190284576 __DUMMY__ 0.3296985529334845 neg 0.30322930516366964	false	0.5
kopfschmerz	neg 1.0		off 0.3565195714619729 __DUMMY__ 0.33363230641506797 neg 0.3098481221229591	false	0.5
unvorhergesehen	neg 1.0		off 0.35541567857811385 __DUMMY__ 0.3368468094647997 neg 0.3077375119570864	false	0.5
desinteressiert	neg 1.0		off 0.366569025156778 __DUMMY__ 0.3299243653387843 neg 0.3035066095044377	false	0.5
armselig	off 1.0		off 0.3669241990159163 __DUMMY__ 0.32846189861754943 neg 0.30461390236653435	false	1.0
desaster	neg 1.0		off 0.35084271853257426 __DUMMY__ 0.3358246470824443 neg 0.3133326343849813	false	0.5
tod	neg 1.0		off 0.35856576174329985 __DUMMY__ 0.33743284674991975 neg 0.30400139150678024	false	0.5
herzlos	neg 1.0		off 0.3677396885201933 __DUMMY__ 0.3294829908111361 neg 0.3027773206686707	false	0.5
unwissenheit	neg 1.0		off 0.3558467288651271 __DUMMY__ 0.33353287810155047 neg 0.31062039303332245	false	0.5
widersinnig	neg 1.0		off 0.35442491760973505 __DUMMY__ 0.3317910845535648 neg 0.31378399783670013	false	0.5
bedenklich	neg 1.0		off 0.3544919458980254 __DUMMY__ 0.333436686562711 neg 0.31207136753926357	false	0.5
beanstanden	neg 1.0		off 0.351925436732195 __DUMMY__ 0.3348057174621619 neg 0.3132688458056429	false	0.5
panisch	neg 1.0	neg 1.0	neg 0.6375658418991387 off 0.20059179408901076 __DUMMY__ 0.16184236401185062	false	1.0
debil	off 1.0		off 0.34851441296080127 __DUMMY__ 0.3393470910208854 neg 0.31213849601831334	false	1.0
abstrich	neg 1.0		off 0.361509956330473 __DUMMY__ 0.33765706156369296 neg 0.3008329821058339	false	0.5
primitiv	neg 1.0		off 0.36528614484197436 __DUMMY__ 0.3293609181218429 neg 0.3053529370361827	false	0.5
abschaum	off 1.0	off 1.0	off 0.67134758605718 neg 0.16876090070577163 __DUMMY__ 0.1598915132370483	false	1.0
provozieren	neg 1.0		off 0.35887152790996957 __DUMMY__ 0.3316304672120506 neg 0.3094980048779798	false	0.5
tot	neg 1.0		off 0.3561531051333649 __DUMMY__ 0.33417582281006913 neg 0.3096710720565659	false	0.5
instabil	neg 1.0		off 0.36689039480957925 __DUMMY__ 0.3292999543284742 neg 0.3038096508619465	false	0.5
schwuchtel	off 1.0	off 1.0	off 0.6786547449680114 neg 0.16491041402489387 __DUMMY__ 0.1564348410070948	false	1.0
zerren	neg 1.0		off 0.35720777341392607 __DUMMY__ 0.3344752750579221 neg 0.3083169515281519	false	0.5
kinderficker	off 1.0		off 0.3707763085102318 __DUMMY__ 0.32872734570933787 neg 0.30049634578043033	false	1.0
gefahr	neg 1.0		off 0.3528233674038797 __DUMMY__ 0.3360438494328822 neg 0.31113278316323806	false	0.5
rabiat	neg 1.0		off 0.3592159373380576 __DUMMY__ 0.3333932763046091 neg 0.30739078635733336	false	0.5
verlangsamung	neg 1.0		off 0.37120401076399046 __DUMMY__ 0.32659940631281503 neg 0.3021965829231946	false	0.5
ausgestorben	neg 1.0		off 0.35922294576190633 __DUMMY__ 0.3339403203704808 neg 0.30683673386761295	false	0.5
anklagen	neg 1.0		off 0.35572134264203065 __DUMMY__ 0.33428917905469596 neg 0.30998947830327334	false	0.5
trott	neg 1.0		off 0.3588173644524057 __DUMMY__ 0.3338715237956783 neg 0.30731111175191606	false	0.5
verminderung	neg 1.0		off 0.3662757368958773 __DUMMY__ 0.330688660531689 neg 0.30303560257243384	false	0.5
nach			off 0.35030826646988017 __DUMMY__ 0.3389078392728292 neg 0.31078389425729075	false	0.0
rost	neg 1.0		off 0.37095656977656427 __DUMMY__ 0.3282675754242091 neg 0.30077585479922664	false	0.5
destruktiv	neg 1.0		off 0.3577521151896114 __DUMMY__ 0.33228354793877124 neg 0.3099643368716174	false	0.5
unzumutbarkeit	neg 1.0		off 0.36546154119984003 __DUMMY__ 0.33185007064338956 neg 0.3026883881567704	false	0.5
labil	off 1.0	off 1.0	off 0.6710871439196923 neg 0.16861497617650786 __DUMMY__ 0.16029787990379984	false	1.0
ziemlich	neg 1.0		off 0.36567076060014264 __DUMMY__ 0.33145723607917055 neg 0.3028720033206868	false	0.5
lachnummer	off 1.0		off 0.35855566790319643 __DUMMY__ 0.3321748189316928 neg 0.3092695131651106	false	1.0
oder			off 0.3602696916868134 __DUMMY__ 0.3335067468047766 neg 0.3062235615084099	false	0.0
verfall	neg 1.0		off 0.3486995546687475 __DUMMY__ 0.3369700846630787 neg 0.3143303606681739	false	0.5
ausgrenzung	neg 1.0		off 0.3604003523559992 __DUMMY__ 0.33260352281412137 neg 0.3069961248298793	false	0.5
unordnung	neg 1.0		off 0.3693117176437391 __DUMMY__ 0.33227449089731986 neg 0.2984137914589409	false	0.5
fehlverhalten	neg 1.0		off 0.3524294821497941 __DUMMY__ 0.3337976680588816 neg 0.31377284979132425	false	0.5
eine			off 0.35348101813280824 __DUMMY__ 0.33599858949001393 neg 0.31052039237717777	false	0.0
nille	neg 1.0		off 0.3591885327818764 __DUMMY__ 0.33442460585006445 neg 0.30638686136805904	false	0.5
qual	neg 1.0		off 0.3585002188944241 __DUMMY__ 0.3341355627781899 neg 0.307364218327386	false	0.5
verschwenden	neg 1.0		off 0.3537449035972288 __DUMMY__ 0.3335368731098523 neg 0.312718223292919	false	0.5
riesig	neg 1.0		off 0.35641242196440925 __DUMMY__ 0.33582101832525735 neg 0.3077665597103333	false	0.5
verurteilen	neg 1.0		off 0.3552780707909151 __DUMMY__ 0.33301244794436075 neg 0.311709481264724	false	0.5
klischee	neg 1.0	neg 1.0	neg 0.6398105658322585 off 0.20017736588827642 __DUMMY__ 0.16001206827946507	false	1.0
diktatorisch	neg 1.0		off 0.3593465674174164 __DUMMY__ 0.3320838932279979 neg 0.3085695393545857	false	0.5
vorhersehbar	neg 1.0		off 0.36103553837524843 __DUMMY__ 0.3304539583220836 neg 0.308510503302668	false	0.5
sowie			off 0.3699750388755647 __DUMMY__ 0.328682094695522 neg 0.3013428664289133	false	0.0
stornieren	neg 1.0		off 0.36333340666822644 __DUMMY__ 0.33538565823071625 neg 0.30128093510105736	false	0.5
besteuerung	neg 1.0		off 0.3579871729590888 __DUMMY__ 0.33109900609186976 neg 0.31091382094904146	false	0.5
ungeschminkt	neg 1.0		off 0.3646373797929489 __DUMMY__ 0.3289301894005699 neg 0.30643243080648125	false	0.5
kritisch	neg 1.0		off 0.354424818776561 __DUMMY__ 0.33381159212803374 neg 0.31176358909540514	false	0.5
schlamperei	off 1.0		off 0.35379499695168054 __DUMMY__ 0.3351994829100725 neg 0.31100552013824695	false	1.0
sucht	neg 1.0	neg 1.0	neg 0.6355777724551462 off 0.2007413465975045 __DUMMY__ 0.1636808809473492	false	1.0
egoistisch	off 1.0		off 0.36989044321035336 __DUMMY__ 0.3273813154444133 neg 0.3027282413452332	false	1.0
ausbeuter	off 1.0		off 0.3520760392235075 __DUMMY__ 0.33336989361490804 neg 0.31455406716158446	false	1.0
arschgeburt	off 1.0		off 0.37708571951712405 __DUMMY__ 0.3236001060359874 neg 0.2993141744468887	false	1.0
schubs	neg 1.0		off 0.3568210354694442 __DUMMY__ 0.3338583174196146 neg 0.3093206471109412	false	0.5
unsolide	neg 1.0		off 0.35943320365149545 __DUMMY__ 0.3310583289585126 neg 0.309508467389992	false	0.5
beschwerde	neg 1.0		off 0.3537774550268633 __DUMMY__ 0.33389369821655385 neg 0.3123288467565828	false	0.5
stocken	neg 1.0		off 0.3543406859656086 __DUMMY__ 0.33522549900014115 neg 0.3104338150342502	false	0.5
isolieren	neg 1.0		off 0.35557188635886333 __DUMMY__ 0.33424291792681066 neg 0.310185195714326	false	0.5
unheilbar	neg 1.0		off 0.3599969187322242 __DUMMY__ 0.33393632833330517 neg 0.3060667529344706	false	0.5
pisser	off 1.0		off 0.36710569817051586 __DUMMY__ 0.32933461361014876 neg 0.3035596882193355	false	1.0
löschen	neg 1.0		off 0.35939197867671496 __DUMMY__ 0.334004435964732 neg 0.30660358535855303	false	0.5
durchfallen	neg 1.0		off 0.35426988337469945 __DUMMY__ 0.3325553646679379 neg 0.31317475195736266	false	0.5
wichser	off 1.0	off 1.0	off 0.6775101127757944 neg 0.1649445046040246 __DUMMY__ 0.15754538262018103	false	1.0
terror	neg 1.0		off 0.3627396213719212 __DUMMY__ 0.33280519069462505 neg 0.30445518793345383	false	0.5
krass	neg 1.0		off 0.3683037222086856 __DUMMY__ 0.3289518099307603 neg 0.3027444678605542	false	0.5
revolte	neg 1.0		off 0.3612043170830496 __DUMMY__ 0.3327556644983822 neg 0.30604001841856815	false	0.5
besorgt	neg 1.0		off 0.3591178543873123 __DUMMY__ 0.3364160756295031 neg 0.3044660699831846	false	0.5
nachlassen	neg 1.0		off 0.3555156954125936 __DUMMY__ 0.3365783168176617 neg 0.30790598776974476	false	0.5
alt	neg 1.0		off 0.35642798783981705 __DUMMY__ 0.3342627726711348 neg 0.30930923948904826	false	0.5
hundesohn	off 1.0		off 0.3744755839105074 __DUMMY__ 0.32631411275271893 neg 0.2992103033367738	false	1.0
als			off 0.3564213185935403 __DUMMY__ 0.3337867492329181 neg 0.30979193217354156	false	0.0
abschreckung	neg 1.0		off 0.352182820300004 __DUMMY__ 0.3353719799448273 neg 0.31244519975516877	false	0.5
unqualifiziert	neg 1.0		off 0.3617559828774562 __DUMMY__ 0.3299477903186065 neg 0.3082962268039373	false	0.5
abgewichst	off 1.0		off 0.35846625286964157 __DUMMY__ 0.33465765134851033 neg 0.3068760957818482	false	1.0
schwer	neg 1.0		off 0.35777414127586543 __DUMMY__ 0.3328199176934837 neg 0.3094059410306508	false	0.5
bedeutungslosigkeit	neg 1.0		off 0.352895002735314 __DUMMY__ 0.33458429757875907 neg 0.31252069968592694	false	0.5
kapitulation	neg 1.0		off 0.35492855921370553 __DUMMY__ 0.3348473740639103 neg 0.3102240667223842	false	0.5
unscharf	neg 1.0		off 0.3608434661252572 __DUMMY__ 0.3311780503354935 neg 0.30797848353924934	false	0.5
schwinden	neg 1.0		off 0.3536729093559823 __DUMMY__ 0.3358271238892507 neg 0.310499966754767	false	0.5
versklavung	neg 1.0		off 0.36030241076828634 __DUMMY__ 0.3337357249692285 neg 0.30596186426248506	false	0.5
schlecht	neg 1.0		off 0.3658404811255797 __DUMMY__ 0.3314261135821118 neg 0.30273340529230847	false	0.5
verhasst	neg 1.0		off 0.35899734463568345 __DUMMY__ 0.33086971910436985 neg 0.31013293625994676	false	0.5
beschweren	neg 1.0		off 0.3608697236491911 __DUMMY__ 0.33226384960390387 neg 0.30686642674690495	false	0.5
scheiden	neg 1.0		off 0.35982239088230494 __DUMMY__ 0.3344539619805485 neg 0.3057236471371465	false	0.5
frustriert	neg 1.0		off 0.3567832633036932 __DUMMY__ 0.33306510198027434 neg 0.31015163471603246	false	0.5
schimmelig	neg 1.0		off 0.3549250685646881 __DUMMY__ 0.33284680272805195 neg 0.31222812870725997	false	0.5
fisch	neg 1.0		off 0.35215541293463454 __DUMMY__ 0.3342890852956795 neg 0.31355550176968583	false	0.5
schmuggel	neg 1.0		off 0.35419648323296526 __DUMMY__ 0.33530783301687045 neg 0.31049568375016445	false	0.5
auffallen	neg 1.0		off 0.3617623374564508 __DUMMY__ 0.3320116917744433 neg 0.30622597076910596	false	0.5
konkurrenz	neg 1.0		off 0.35175559687193353 __DUMMY__ 0.3354925164873432 neg 0.3127518866407232	false	0.5
teufelskreis	neg 1.0		off 0.3578490662774757 __DUMMY__ 0.33265328429927693 neg 0.30949764942324737	false	0.5
aufschreien	neg 1.0		off 0.361327736693837 __DUMMY__ 0.3313039041135151 neg 0.307368359192648	false	0.5
schuldner	neg 1.0		off 0.35187633679541946 __DUMMY__ 0.33415694414818675 neg 0.31396671905639373	false	0.5
missgeburt	off 1.0	off 1.0	off 0.6749488505722877 neg 0.16695398903334938 __DUMMY__ 0.15809716039436286	false	1.0
arbeitslos	neg 1.0		off 0.35456591655538955 __DUMMY__ 0.3323826868450936 neg 0.3130513965995167	false	0.5
befallen	neg 1.0		off 0.3586431520686825 __DUMMY__ 0.3352071423300234 neg 0.30614970560129395	false	0.5
miesepetrig	off 1.0	off 1.0	off 0.6716719254617703 neg 0.16819231369737622 __DUMMY__ 0.16013576084085338	false	1.0
alarmieren	neg 1.0		off 0.3631384649380286 __DUMMY__ 0.3310166092490936 neg 0.3058449258128778	false	0.5
ungeduscht	off 1.0		off 0.36294588799745536 __DUMMY__ 0.33065291433599464 neg 0.30640119766655	false	1.0
knappheit	neg 1.0		off 0.35408755584342977 __DUMMY__ 0.3325776937315429 neg 0.31333475042502734	false	0.5
schlange	neg 1.0		off 0.3622597702213383 __DUMMY__ 0.33466181931587613 neg 0.3030784104627857	false	0.5
harsch	neg 1.0		off 0.3712170527148745 __DUMMY__ 0.33096115816047555 neg 0.29782178912464985	false	0.5
lang	neg 1.0		off 0.36042858262670885 __DUMMY__ 0.33383129300206466 neg 0.30574012437122655	false	0.5
ziellos	neg 1.0		off 0.35606669938349217 __DUMMY__ 0.3352856895545306 neg 0.30864761106197736	false	0.5
selbstverliebt	neg 1.0		off 0.3750240547175165 __DUMMY__ 0.3248112777282055 neg 0.300164667554278	false	0.5
beseitigen	neg 1.0		off 0.35804257091452796 __DUMMY__ 0.3346776555365803 neg 0.3072797735488918	false	0.5
dumm	off 1.0		off 0.37110473356894746 __DUMMY__ 0.3276736719896321 neg 0.30122159444142044	false	1.0
arbeitsloser	neg 1.0		off 0.35558040682836956 __DUMMY__ 0.33371522496778105 neg 0.31070436820384945	false	0.5
blitzen	neg 1.0		off 0.36287284304698114 __DUMMY__ 0.33269097510588097 neg 0.30443618184713794	false	0.5
hilflos	neg 1.0		off 0.3565227513587392 __DUMMY__ 0.3334282822710304 neg 0.31004896637023044	false	0.5
eklig	off 1.0		off 0.37115548407230003 __DUMMY__ 0.3266018241309784 neg 0.30224269179672164	false	1.0
begriff			off 0.35772864550631217 __DUMMY__ 0.333044848581192 neg 0.30922650591249584	false	0.0
hungersnot	neg 1.0		off 0.35716429349683043 __DUMMY__ 0.3352828267079967 neg 0.30755287979517293	false	0.5
ungesetzlich	neg 1.0		off 0.35767967031394116 __DUMMY__ 0.33068151615995645 neg 0.31163881352610245	false	0.5
verschwendung	neg 1.0		off 0.35404994278080226 __DUMMY__ 0.33467466451996664 neg 0.31127539269923105	false	0.5
schmerzvoll	neg 1.0		off 0.36099193378592237 __DUMMY__ 0.3328065506246137 neg 0.306201515589464	false	0.5
vorzeitig	neg 1.0		off 0.36270436623956737 __DUMMY__ 0.33299801189522993 neg 0.30429762186520276	false	0.5
unvollkommenheit	neg 1.0		off 0.357715069986023 __DUMMY__ 0.3365114949681148 neg 0.3057734350458624	false	0.5
intervenieren	neg 1.0		off 0.35304389757995214 __DUMMY__ 0.333844275072939 neg 0.3131118273471088	false	0.5
banause	off 1.0		off 0.37311089526687397 __DUMMY__ 0.32476456475604865 neg 0.30212453997707733	false	1.0
rebell	neg 1.0		off 0.35024198162615766 __DUMMY__ 0.3360156632129357 neg 0.31374235516090665	false	0.5
unlogisch	neg 1.0		off 0.36665207182731313 __DUMMY__ 0.32851301878952965 neg 0.30483490938315727	false	0.5
leiden	neg 1.0		off 0.3538283954392566 __DUMMY__ 0.3360382595974801 neg 0.3101333449632633	false	0.5
abschaffung	neg 1.0		off 0.3586894585992023 __DUMMY__ 0.3326341532617724 neg 0.3086763881390252	false	0.5
sturz	neg 1.0		off 0.3600141522442029 __DUMMY__ 0.33452241275462613 neg 0.3054634350011711	false	0.5
verkleinerung	neg 1.0		off 0.3600219380448419 __DUMMY__ 0.3297823545641141 neg 0.310195707391044	false	0.5
schmarotzer	off 1.0		off 0.35491698328337257 __DUMMY__ 0.33154406444069023 neg 0.31353895227593714	false	1.0
bestrafung	neg 1.0		off 0.36043689827545994 __DUMMY__ 0.3332970014245847 neg 0.30626610029995543	false	0.5
achtlos	neg 1.0	neg 1.0	neg 0.640022167749883 off 0.19818221785231185 __DUMMY__ 0.16179561439780524	false	1.0
ungeheuer	neg 1.0		off 0.3622772089230249 __DUMMY__ 0.3331320291824569 neg 0.30459076189451817	false	0.5
unaufrichtig	neg 1.0		off 0.3631633585854788 __DUMMY__ 0.33330223944821974 neg 0.3035344019663014	false	0.5
groggy	neg 1.0		off 0.36275988005214505 __DUMMY__ 0.33278346293114375 neg 0.30445665701671126	false	0.5
verletzlich	neg 1.0		off 0.3648741982340042 __DUMMY__ 0.3296320838816232 neg 0.30549371788437263	false	0.5
ablehnen	neg 1.0		off 0.3550857768329579 __DUMMY__ 0.3335109961628182 neg 0.3114032270042239	false	0.5
