unsolidarisch	neg 1.0		off 0.4976720982186498 neg 0.43345713834705163 __DUMMY__ 0.06887076343429858	false	0.5
nachteilig	neg 1.0		off 0.49561621950357543 neg 0.43487637520540334 __DUMMY__ 0.06950740529102106	false	0.5
skeptisch	neg 1.0		off 0.4950550407616881 neg 0.4353861314375412 __DUMMY__ 0.06955882780077073	false	0.5
schrecklich	neg 1.0		off 0.5091649934951541 neg 0.4223717499694579 __DUMMY__ 0.06846325653538803	false	0.5
schlapp	neg 1.0		off 0.5059192842739424 neg 0.42522922125048995 __DUMMY__ 0.06885149447556765	false	0.5
abfall	neg 1.0		off 0.49355494483846735 neg 0.43632942420770365 __DUMMY__ 0.07011563095382894	false	0.5
widerspenstig	neg 1.0		off 0.5011588995237154 neg 0.429535310217177 __DUMMY__ 0.06930579025910759	false	0.5
abrupt	neg 1.0		off 0.49862668433785107 neg 0.431459870855446 __DUMMY__ 0.06991344480670303	false	0.5
unwirksam	neg 1.0		off 0.49684725734373064 neg 0.4344431953217125 __DUMMY__ 0.06870954733455703	false	0.5
angreifen	neg 1.0		off 0.4952479443846646 neg 0.435155429357654 __DUMMY__ 0.06959662625768141	false	0.5
inkonsistent	neg 1.0		off 0.5011005552224143 neg 0.4298001359610037 __DUMMY__ 0.0690993088165821	false	0.5
abrutschen	neg 1.0		off 0.49230471003294246 neg 0.4378843518847344 __DUMMY__ 0.06981093808232315	false	0.5
unsicher	neg 1.0		off 0.5009683591853991 neg 0.4296437153225327 __DUMMY__ 0.06938792549206811	false	0.5
bauernkind	off 1.0	off 1.0	off 0.7396468464155425 neg 0.2280876831751655 __DUMMY__ 0.03226547040929208	false	1.0
angreifer	neg 1.0	neg 1.0	neg 0.6977084600692876 off 0.2690196678229454 __DUMMY__ 0.033271872107766984	false	1.0
trennen	neg 1.0		off 0.49722590720560833 neg 0.4328001126365623 __DUMMY__ 0.0699739801578294	false	0.5
schmutz	neg 1.0		off 0.5066257730231329 neg 0.4235133715516621 __DUMMY__ 0.06986085542520495	false	0.5
inkonsistenz	neg 1.0		off 0.5016892763513692 neg 0.4301086106667526 __DUMMY__ 0.06820211298187813	false	0.5
erschreckend	neg 1.0		off 0.4986439128824502 neg 0.43218853946926783 __DUMMY__ 0.06916754764828198	false	0.5
ertrinken	neg 1.0		off 0.4973559448968119 neg 0.4328329631755457 __DUMMY__ 0.06981109192764251	false	0.5
pickelface	off 1.0		off 0.5004764175772501 neg 0.4300374678105522 __DUMMY__ 0.06948611461219781	false	1.0
seiner			off 0.49609624255221657 neg 0.434255876835162 __DUMMY__ 0.0696478806126214	false	0.0
lauch	neg 1.0		off 0.4947787236864565 neg 0.4351468756702676 __DUMMY__ 0.07007440064327594	false	0.5
unwichtig	neg 1.0		off 0.5038415926324733 neg 0.4275120512147742 __DUMMY__ 0.06864635615275246	false	0.5
steuerhinterziehung	neg 1.0	neg 1.0	neg 0.7016361900867127 off 0.26517855583632544 __DUMMY__ 0.03318525407696186	false	1.0
schock	neg 1.0		off 0.5006945711395538 neg 0.42979398685669595 __DUMMY__ 0.06951144200375019	false	0.5
beule	neg 1.0		off 0.5067178946104424 neg 0.4245496096420772 __DUMMY__ 0.06873249574748024	false	0.5
vergelten	neg 1.0		off 0.5098505110198787 neg 0.4212855890374802 __DUMMY__ 0.06886389994264115	false	0.5
verdorbenheit	neg 1.0		off 0.5033853702448937 neg 0.4270290663164693 __DUMMY__ 0.06958556343863688	false	0.5
trauma	neg 1.0		off 0.5019171688645345 neg 0.4287982803361782 __DUMMY__ 0.06928455079928733	false	0.5
sinnlos	neg 1.0		off 0.5028691004040161 neg 0.4279953748534734 __DUMMY__ 0.06913552474251047	false	0.5
fettsack	off 1.0	off 1.0	off 0.7412107750728768 neg 0.2263973435642108 __DUMMY__ 0.032391881362912385	false	1.0
feige	off 1.0	off 1.0	off 0.7387366538190234 neg 0.22852421277982865 __DUMMY__ 0.03273913340114798	false	1.0
abdanken	neg 1.0		off 0.4999470054554871 neg 0.4306898457091278 __DUMMY__ 0.06936314883538501	false	0.5
wichtigtuer	off 1.0	off 1.0	off 0.73771340382598 neg 0.22939015583783226 __DUMMY__ 0.032896440336187764	false	1.0
misslingen	neg 1.0		off 0.5043916675733072 neg 0.4258091690675524 __DUMMY__ 0.06979916335914041	false	0.5
untreu	off 1.0		off 0.5053000006067174 neg 0.42594677943816917 __DUMMY__ 0.06875321995511337	false	1.0
missmutig	neg 1.0		off 0.5057342470862012 neg 0.42528176086584213 __DUMMY__ 0.06898399204795673	false	0.5
hurenbock	off 1.0		off 0.5048295448571685 neg 0.42568808996928714 __DUMMY__ 0.06948236517354432	false	1.0
betrunken	neg 1.0		off 0.5077404558933338 neg 0.4235135816252809 __DUMMY__ 0.0687459624813852	false	0.5
korrupt	off 1.0		off 0.49543008504350666 neg 0.4355348170059541 __DUMMY__ 0.0690350979505393	false	1.0
unmut	neg 1.0		off 0.4929431888782892 neg 0.43715650036540393 __DUMMY__ 0.06990031075630695	false	0.5
hackfresse	off 1.0		off 0.5115886755817308 neg 0.42041420622853287 __DUMMY__ 0.06799711818973647	false	1.0
aufblasen	neg 1.0		off 0.5033918723537382 neg 0.4273127336098509 __DUMMY__ 0.06929539403641093	false	0.5
gewaltsam	neg 1.0		off 0.5001986626497286 neg 0.4302350507953226 __DUMMY__ 0.06956628655494872	false	0.5
unbeliebtheit	neg 1.0		off 0.5016880989455752 neg 0.4298138439545031 __DUMMY__ 0.06849805709992171	false	0.5
sturheit	neg 1.0		off 0.4984071597901313 neg 0.4323260296725975 __DUMMY__ 0.06926681053727128	false	0.5
kuh	neg 1.0		off 0.49925925343122374 neg 0.43231057145425594 __DUMMY__ 0.0684301751145203	false	0.5
erschrecken	neg 1.0		off 0.506064170557963 neg 0.4248150293238232 __DUMMY__ 0.06912080011821381	false	0.5
opfer	neg 1.0		off 0.4972790156594863 neg 0.43313763629858126 __DUMMY__ 0.06958334804193239	false	0.5
sinken	neg 1.0		off 0.4942796992382358 neg 0.43576749283840494 __DUMMY__ 0.06995280792335923	false	0.5
stinktier	neg 1.0		off 0.5057738815677678 neg 0.42652205775567004 __DUMMY__ 0.06770406067656226	false	0.5
tucke	off 1.0		off 0.5125868945562899 neg 0.41956043430000456 __DUMMY__ 0.06785267114370554	false	1.0
ein			off 0.5016666470669606 neg 0.42914143425206397 __DUMMY__ 0.06919191868097559	false	0.0
abstieg	neg 1.0		off 0.49615843922155295 neg 0.43419676925954304 __DUMMY__ 0.069644791518904	false	0.5
missverstehen	neg 1.0		off 0.5013173026253354 neg 0.42999067084814563 __DUMMY__ 0.06869202652651901	false	0.5
ergebnislos	neg 1.0		off 0.49584721854126323 neg 0.43447620029405704 __DUMMY__ 0.06967658116467972	false	0.5
unter			off 0.4904252502473589 neg 0.43897004136719825 __DUMMY__ 0.07060470838544285	false	0.0
manipulieren	neg 1.0		off 0.4958324549781948 neg 0.4343977254014251 __DUMMY__ 0.06976981962038008	false	0.5
unbewiesen	neg 1.0		off 0.4970150062845154 neg 0.434218524052095 __DUMMY__ 0.06876646966338966	false	0.5
verschleppen	neg 1.0		off 0.49669143270012894 neg 0.43389631195918016 __DUMMY__ 0.06941225534069094	false	0.5
weib	off 1.0		off 0.5101717584332348 neg 0.4222460255692674 __DUMMY__ 0.06758221599749777	false	1.0
opposition	neg 1.0		off 0.5007991166981319 neg 0.43026152952814384 __DUMMY__ 0.06893935377372422	false	0.5
verkehrswidrig	neg 1.0		off 0.5120826282074139 neg 0.4189603184944183 __DUMMY__ 0.0689570532981677	false	0.5
inkorrekt	neg 1.0		off 0.5066001105354963 neg 0.42517482054133116 __DUMMY__ 0.06822506892317254	false	0.5
vermeiden	neg 1.0		off 0.4919231767566766 neg 0.4379850008470488 __DUMMY__ 0.07009182239627453	false	0.5
abweichung	neg 1.0		off 0.49593869264897195 neg 0.434675329276868 __DUMMY__ 0.06938597807416011	false	0.5
alkoholisiert	neg 1.0		off 0.4969933808065104 neg 0.43328900192701886 __DUMMY__ 0.06971761726647067	false	0.5
scheiss	off 1.0	off 1.0	off 0.7397901196493726 neg 0.22738631829277867 __DUMMY__ 0.03282356205784866	false	1.0
herausforderung	neg 1.0		off 0.4961186598440264 neg 0.43416050967954645 __DUMMY__ 0.06972083047642713	false	0.5
pervers	off 1.0		off 0.5144126675903877 neg 0.41794361985157846 __DUMMY__ 0.06764371255803399	false	1.0
wackelig	neg 1.0		off 0.5008878220939215 neg 0.42930950966929626 __DUMMY__ 0.06980266823678231	false	0.5
verwickeln	neg 1.0		off 0.5008817921170213 neg 0.4303674743967963 __DUMMY__ 0.0687507334861826	false	0.5
vorwand	neg 1.0		off 0.4947831474619065 neg 0.43558698520977174 __DUMMY__ 0.0696298673283218	false	0.5
muschi	off 1.0		off 0.5003755195586328 neg 0.4301810215977621 __DUMMY__ 0.06944345884360523	false	1.0
entmutigung	neg 1.0		off 0.5009648435329694 neg 0.4299543165536729 __DUMMY__ 0.06908083991335769	false	0.5
unangemessen	neg 1.0		off 0.49654111530262085 neg 0.4344354561532404 __DUMMY__ 0.06902342854413865	false	0.5
unstetig	neg 1.0		off 0.5030239883984262 neg 0.4279513799545264 __DUMMY__ 0.06902463164704746	false	0.5
entmutigen	neg 1.0		off 0.501458991494924 neg 0.42933763377535444 __DUMMY__ 0.06920337472972159	false	0.5
schwanz	neg 1.0		off 0.4981348972179822 neg 0.4322192750963419 __DUMMY__ 0.06964582768567593	false	0.5
verbot	neg 1.0		off 0.4968917855939785 neg 0.4337378184785266 __DUMMY__ 0.06937039592749496	false	0.5
leid	neg 1.0		off 0.5095340967179219 neg 0.4223372048411349 __DUMMY__ 0.0681286984409431	false	0.5
archaisch	neg 1.0		off 0.4988785145079532 neg 0.4317943041344359 __DUMMY__ 0.06932718135761093	false	0.5
gegen			off 0.4937482202505451 neg 0.43637781790688407 __DUMMY__ 0.06987396184257087	false	0.0
scheidung	neg 1.0		off 0.5222545851844155 neg 0.4097923282916491 __DUMMY__ 0.06795308652393546	false	0.5
einschlag	neg 1.0		off 0.508145225313874 neg 0.42326720780129207 __DUMMY__ 0.06858756688483389	false	0.5
m			off 0.49914790064699993 neg 0.4312418876191816 __DUMMY__ 0.06961021173381833	false	0.0
abgestanden	neg 1.0		off 0.5006694111602837 neg 0.43025187236974 __DUMMY__ 0.06907871646997614	false	0.5
schmierig	off 1.0		off 0.5103938246300856 neg 0.4211662589380686 __DUMMY__ 0.06843991643184565	false	1.0
unpraktisch	neg 1.0		off 0.5021158511881932 neg 0.4287361389894505 __DUMMY__ 0.06914800982235639	false	0.5
wixxer	off 1.0		off 0.5133132714244296 neg 0.41926945301886914 __DUMMY__ 0.06741727555670128	false	1.0
bezeichnet			off 0.4985808107356622 neg 0.43247089027701957 __DUMMY__ 0.06894829898731838	false	0.0
jammerlappen	off 1.0		off 0.5055976029395016 neg 0.4254790265332139 __DUMMY__ 0.0689233705272844	false	1.0
farce	neg 1.0		off 0.4974391887330006 neg 0.43334320947625254 __DUMMY__ 0.06921760179074692	false	0.5
zwecklos	neg 1.0		off 0.4974107968369396 neg 0.43335029056166186 __DUMMY__ 0.06923891260139857	false	0.5
turbulent	neg 1.0		off 0.506388889940371 neg 0.42496414191509485 __DUMMY__ 0.06864696814453404	false	0.5
invasion	neg 1.0		off 0.5019179726799387 neg 0.42905464018954476 __DUMMY__ 0.06902738713051648	false	0.5
schuld	neg 1.0		off 0.5004282281756225 neg 0.430571486357745 __DUMMY__ 0.06900028546663248	false	0.5
risiko	neg 1.0	neg 1.0	neg 0.6980269101203082 off 0.2686692512494362 __DUMMY__ 0.0333038386302556	false	1.0
finster	neg 1.0		off 0.5003237254171788 neg 0.43079762275736766 __DUMMY__ 0.06887865182545357	false	0.5
geisteskrank	off 1.0		off 0.5042320305932605 neg 0.42749884727889303 __DUMMY__ 0.06826912212784636	false	1.0
zusammenbrechen	neg 1.0		off 0.49860439494342756 neg 0.4319884321012485 __DUMMY__ 0.06940717295532403	false	0.5
ausbeute	neg 1.0		off 0.5019633428598496 neg 0.4277190937963589 __DUMMY__ 0.07031756334379156	false	0.5
hinterhalt	neg 1.0		off 0.5041213107247273 neg 0.4256507401560869 __DUMMY__ 0.0702279491191859	false	0.5
kritik	neg 1.0		off 0.49705635936834947 neg 0.433741055078844 __DUMMY__ 0.06920258555280659	false	0.5
einschrumpfen	neg 1.0		off 0.5033346453668083 neg 0.4278995536798184 __DUMMY__ 0.06876580095337347	false	0.5
riskant	neg 1.0		off 0.4950472668585482 neg 0.43553442867049336 __DUMMY__ 0.06941830447095833	false	0.5
frustrieren	neg 1.0		off 0.4962226977682409 neg 0.43437534471881134 __DUMMY__ 0.06940195751294786	false	0.5
groll	neg 1.0		off 0.49683264383142356 neg 0.4339139504139839 __DUMMY__ 0.06925340575459248	false	0.5
gibt			off 0.4987015884436162 neg 0.4318834149301043 __DUMMY__ 0.06941499662627952	false	0.0
qualvoll	neg 1.0		off 0.5045621901683933 neg 0.4262701956130769 __DUMMY__ 0.06916761421852989	false	0.5
wackeln	neg 1.0		off 0.5035316026680452 neg 0.42691865015930286 __DUMMY__ 0.06954974717265203	false	0.5
klagen	neg 1.0		off 0.4930737786508339 neg 0.437186111361092 __DUMMY__ 0.06974010998807406	false	0.5
bankrott	neg 1.0		off 0.5061280172568253 neg 0.42473081325641837 __DUMMY__ 0.06914116948675635	false	0.5
trauern	neg 1.0		off 0.4986472826977426 neg 0.4314538111948702 __DUMMY__ 0.06989890610738717	false	0.5
ablehnung	neg 1.0		off 0.49651392313260323 neg 0.4343000747272506 __DUMMY__ 0.0691860021401463	false	0.5
stur	neg 1.0		off 0.5003741832428487 neg 0.4306743187751723 __DUMMY__ 0.06895149798197905	false	0.5
aufruhr	neg 1.0		off 0.499554466492449 neg 0.431060751208273 __DUMMY__ 0.06938478229927797	false	0.5
melancholie	neg 1.0		off 0.4982266761186592 neg 0.4321716304350067 __DUMMY__ 0.06960169344633395	false	0.5
ist			off 0.502350920883295 neg 0.42853904749148314 __DUMMY__ 0.06911003162522182	false	0.0
torheit	neg 1.0		off 0.5007922122571047 neg 0.4299642348376903 __DUMMY__ 0.069243552905205	false	0.5
dreckskind	off 1.0		off 0.509274447846638 neg 0.4228756318058536 __DUMMY__ 0.0678499203475084	false	1.0
umtauschen	neg 1.0		off 0.5003809061162959 neg 0.4303245948974947 __DUMMY__ 0.06929449898620946	false	0.5
zum			off 0.4948855383317381 neg 0.4345551320681658 __DUMMY__ 0.0705593296000961	false	0.0
zersetzen	neg 1.0		off 0.49445029695856924 neg 0.43604681659113065 __DUMMY__ 0.0695028864503001	false	0.5
zur			off 0.4924722056075254 neg 0.4371963407117225 __DUMMY__ 0.07033145368075219	false	0.0
frust	neg 1.0		off 0.4988305013491674 neg 0.4317170933024591 __DUMMY__ 0.06945240534837356	false	0.5
unerbittlichkeit	neg 1.0		off 0.4951092873575603 neg 0.4352696140005292 __DUMMY__ 0.06962109864191064	false	0.5
zwei			off 0.4952742261006525 neg 0.4343646868272068 __DUMMY__ 0.07036108707214075	false	0.0
unkorrekt	neg 1.0		off 0.5070392203903117 neg 0.42458233474324336 __DUMMY__ 0.06837844486644488	false	0.5
hexe	off 1.0		off 0.5037073768295817 neg 0.42779946735065333 __DUMMY__ 0.06849315581976512	false	1.0
lasch	neg 1.0		off 0.5022744234878768 neg 0.42910589773808155 __DUMMY__ 0.06861967877404161	false	0.5
rivale	neg 1.0		off 0.5074572145597114 neg 0.42390544289486864 __DUMMY__ 0.06863734254542006	false	0.5
mutlos	off 1.0	off 1.0	off 0.7341849375778812 neg 0.2326051288955512 __DUMMY__ 0.03320993352656752	false	1.0
wirr	off 1.0		off 0.5079880532541656 neg 0.42369944040384566 __DUMMY__ 0.06831250634198875	false	1.0
jahr			off 0.4990404146455039 neg 0.43057403440965253 __DUMMY__ 0.07038555094484351	false	0.0
wird			off 0.4973003614206059 neg 0.433257239509605 __DUMMY__ 0.0694423990697891	false	0.0
strafbar	neg 1.0		off 0.4954587720136139 neg 0.4351559844872185 __DUMMY__ 0.06938524349916761	false	0.5
erosion	neg 1.0		off 0.5022928423019145 neg 0.4281581314738863 __DUMMY__ 0.06954902622419902	false	0.5
eingehen	neg 1.0		off 0.49559514458773635 neg 0.43504858936997426 __DUMMY__ 0.06935626604228931	false	0.5
faul	off 1.0		off 0.5056203049375637 neg 0.42532633443303247 __DUMMY__ 0.06905336062940375	false	1.0
provisorium	neg 1.0		off 0.49136870106474745 neg 0.4380055882364405 __DUMMY__ 0.07062571069881222	false	0.5
schmerzen	neg 1.0		off 0.49896162645498143 neg 0.4318210588273402 __DUMMY__ 0.06921731471767839	false	0.5
schrumpfen	neg 1.0		off 0.49031856721512257 neg 0.43979035960183266 __DUMMY__ 0.0698910731830448	false	0.5
geistlos	off 1.0		off 0.5004281125471598 neg 0.4309743247389917 __DUMMY__ 0.06859756271384833	false	1.0
fehlkauf	neg 1.0		off 0.503635188368936 neg 0.42703552783135595 __DUMMY__ 0.06932928379970801	false	0.5
frustrierend	neg 1.0		off 0.5040046587869286 neg 0.4270953495301565 __DUMMY__ 0.068899991682915	false	0.5
unzufrieden	neg 1.0		off 0.49660022782798724 neg 0.4342100169102476 __DUMMY__ 0.06918975526176514	false	0.5
verzweifeln	neg 1.0		off 0.49922275290625656 neg 0.4314765062558224 __DUMMY__ 0.069300740837921	false	0.5
verzweifelt	neg 1.0	neg 1.0	neg 0.7003295578771755 off 0.2667287654646057 __DUMMY__ 0.03294167665821865	false	1.0
misstrauensantrag	neg 1.0		off 0.5023783023321902 neg 0.4285746306827139 __DUMMY__ 0.06904706698509601	false	0.5
abfallen	neg 1.0		off 0.5030526642808718 neg 0.42749586045286136 __DUMMY__ 0.06945147526626683	false	0.5
fucker	off 1.0		off 0.5089393531256201 neg 0.4222765159378749 __DUMMY__ 0.06878413093650493	false	1.0
ungezogen	neg 1.0		off 0.5139553356892939 neg 0.4182640116807168 __DUMMY__ 0.06778065262998936	false	0.5
irrsinnig	neg 1.0	neg 1.0	neg 0.7000169449319281 off 0.2669933911939658 __DUMMY__ 0.03298966387410593	false	1.0
unfassbar	neg 1.0		off 0.5064851248266407 neg 0.4247269342609404 __DUMMY__ 0.06878794091241895	false	0.5
hart	neg 1.0		off 0.5061822351019819 neg 0.42501365455060025 __DUMMY__ 0.06880411034741786	false	0.5
widerlich	off 1.0		off 0.5053490380011525 neg 0.4262041365002453 __DUMMY__ 0.0684468254986021	false	1.0
fatal	neg 1.0		off 0.5032562811706633 neg 0.4275782242798397 __DUMMY__ 0.06916549454949683	false	0.5
bruch	neg 1.0		off 0.4937972264686322 neg 0.4364288023394258 __DUMMY__ 0.06977397119194191	false	0.5
aushungern	neg 1.0		off 0.49923198687545056 neg 0.4312248388982671 __DUMMY__ 0.06954317422628238	false	0.5
anspannung	neg 1.0		off 0.4939233789446321 neg 0.43568284609417834 __DUMMY__ 0.07039377496118965	false	0.5
von			off 0.5003601510944486 neg 0.42904460894797386 __DUMMY__ 0.0705952399575775	false	0.0
kraftlos	neg 1.0		off 0.4989409687918684 neg 0.4314865597499163 __DUMMY__ 0.06957247145821535	false	0.5
vom			off 0.4930584159746271 neg 0.436162288077912 __DUMMY__ 0.07077929594746094	false	0.0
grenzdebil	off 1.0		off 0.5073693288525563 neg 0.42379109699163137 __DUMMY__ 0.06883957415581236	false	1.0
vor			off 0.4961281472567064 neg 0.43386890913374865 __DUMMY__ 0.07000294360954508	false	0.0
unterwerfen	neg 1.0		off 0.4969869928716993 neg 0.43346628300690465 __DUMMY__ 0.06954672412139612	false	0.5
versenkung	neg 1.0		off 0.4980092012158104 neg 0.43228273043515986 __DUMMY__ 0.06970806834902965	false	0.5
entziehen	neg 1.0		off 0.4936675616074531 neg 0.4366104608285803 __DUMMY__ 0.06972197756396654	false	0.5
finanzkrise	neg 1.0		off 0.4982870261279538 neg 0.43254560098162764 __DUMMY__ 0.06916737289041855	false	0.5
schimpfend	neg 1.0		off 0.5027073660314038 neg 0.428181524829463 __DUMMY__ 0.06911110913913315	false	0.5
profan	neg 1.0		off 0.5023054164392997 neg 0.42879375882204185 __DUMMY__ 0.06890082473865833	false	0.5
korruption	neg 1.0		off 0.49700656349257344 neg 0.433557871356675 __DUMMY__ 0.06943556515075155	false	0.5
â			off 0.4995212135223317 neg 0.43069214665269395 __DUMMY__ 0.06978663982497439	false	0.0
schmutzig	neg 1.0		off 0.5084515948388095 neg 0.4226381422720421 __DUMMY__ 0.0689102628891485	false	0.5
sexy	neg 1.0		off 0.5050455969571086 neg 0.4258144054511071 __DUMMY__ 0.06913999759178438	false	0.5
abraten	neg 1.0		off 0.5024320519231059 neg 0.4284854996030936 __DUMMY__ 0.06908244847380043	false	0.5
schwarz	neg 1.0		off 0.5022358618501199 neg 0.4286003184908067 __DUMMY__ 0.06916381965907348	false	0.5
fotze	off 1.0	off 1.0	off 0.7364935747202911 neg 0.2301590912634349 __DUMMY__ 0.03334733401627391	false	1.0
verwirren	neg 1.0		off 0.5034231484258573 neg 0.42759308526247597 __DUMMY__ 0.06898376631166657	false	0.5
zahnlos	off 1.0		off 0.49792630570894447 neg 0.4328529848089428 __DUMMY__ 0.0692207094821128	false	1.0
verheeren	neg 1.0		off 0.5173464433349492 neg 0.41460870846403547 __DUMMY__ 0.06804484820101528	false	0.5
hippie	neg 1.0		off 0.5046535434214213 neg 0.4261843740848691 __DUMMY__ 0.06916208249370971	false	0.5
rammen	neg 1.0		off 0.501187449407162 neg 0.4298463366753317 __DUMMY__ 0.06896621391750644	false	0.5
unlauter	neg 1.0		off 0.4987955615831797 neg 0.43244981767399354 __DUMMY__ 0.06875462074282665	false	0.5
unheilvoll	neg 1.0		off 0.503521580706907 neg 0.4272021379578157 __DUMMY__ 0.06927628133527738	false	0.5
niedrig	neg 1.0		off 0.49442006215008594 neg 0.4362245004172535 __DUMMY__ 0.06935543743266057	false	0.5
explosion	neg 1.0		off 0.5036593180813888 neg 0.4272361136398311 __DUMMY__ 0.06910456827878017	false	0.5
weichei	off 1.0	off 1.0	off 0.7422356401279925 neg 0.22523501383557465 __DUMMY__ 0.03252934603643278	false	1.0
minusmensch	off 1.0		off 0.5114617918690306 neg 0.42085293228806797 __DUMMY__ 0.0676852758429014	false	1.0
farblos	neg 1.0		off 0.5016590771041626 neg 0.428850082212604 __DUMMY__ 0.06949084068323329	false	0.5
unwissend	neg 1.0	neg 1.0	neg 0.6982373845567174 off 0.2689581594768564 __DUMMY__ 0.03280445596642613	false	1.0
traurig	neg 1.0		off 0.5088052537129163 neg 0.42260999713136005 __DUMMY__ 0.06858474915572377	false	0.5
senkung	neg 1.0		off 0.5010439513730637 neg 0.43026242686370886 __DUMMY__ 0.06869362176322746	false	0.5
ungleich	neg 1.0	neg 1.0	neg 0.7029836120681767 off 0.26379664464101654 __DUMMY__ 0.033219743290806666	false	1.0
heikel	neg 1.0		off 0.4946795438630339 neg 0.43595235109908537 __DUMMY__ 0.06936810503788066	false	0.5
drosselung	neg 1.0		off 0.5067353374773462 neg 0.42451634331957 __DUMMY__ 0.06874831920308357	false	0.5
falsch	neg 1.0		off 0.5035171053538657 neg 0.42771604735956825 __DUMMY__ 0.06876684728656583	false	0.5
unzufriedenheit	neg 1.0		off 0.4944581522653424 neg 0.43586325846002605 __DUMMY__ 0.06967858927463162	false	0.5
kurz	neg 1.0		off 0.5007472568623664 neg 0.4295946138049579 __DUMMY__ 0.06965812933267558	false	0.5
unsinnig	neg 1.0		off 0.4974219041930084 neg 0.43349440236188386 __DUMMY__ 0.06908369344510766	false	0.5
penner	off 1.0	off 1.0	off 0.743252624855881 neg 0.22423767053233656 __DUMMY__ 0.03250970461178246	false	1.0
seicht	neg 1.0		off 0.5121683774652874 neg 0.42020099748173584 __DUMMY__ 0.06763062505297679	false	0.5
dummheit	off 1.0	off 1.0	off 0.7379474950046601 neg 0.2291605361710424 __DUMMY__ 0.032891968824297534	false	1.0
unerfreulich	neg 1.0		off 0.4950588693023021 neg 0.4353254352177848 __DUMMY__ 0.06961569547991313	false	0.5
motherfucker	off 1.0	off 1.0	off 0.7410545496866605 neg 0.2260686992729144 __DUMMY__ 0.03287675104042503	false	1.0
pikiert	neg 1.0		off 0.5052972905216075 neg 0.4260875481608728 __DUMMY__ 0.06861516131751973	false	0.5
wrack	neg 1.0		off 0.4999462490855989 neg 0.43038020560538676 __DUMMY__ 0.0696735453090142	false	0.5
gangster	neg 1.0		off 0.5046709638469913 neg 0.4261808784456033 __DUMMY__ 0.0691481577074053	false	0.5
krank	neg 1.0		off 0.5073068584912097 neg 0.42387004467886674 __DUMMY__ 0.06882309682992357	false	0.5
reich	neg 1.0		off 0.5078731909834207 neg 0.4229570523830343 __DUMMY__ 0.06916975663354495	false	0.5
gnadenlos	neg 1.0		off 0.5011482540099127 neg 0.42975364091515345 __DUMMY__ 0.06909810507493391	false	0.5
niedergeschlagen	neg 1.0		off 0.5000389539716958 neg 0.4304476546064998 __DUMMY__ 0.06951339142180436	false	0.5
terrorisieren	off 1.0	off 1.0	off 0.7351884768669643 neg 0.23146854246606915 __DUMMY__ 0.03334298066696657	false	1.0
sinnlosigkeit	neg 1.0		off 0.4978166819161244 neg 0.432872516236018 __DUMMY__ 0.06931080184785755	false	0.5
behindern	neg 1.0		off 0.5004949104343857 neg 0.43007039379561207 __DUMMY__ 0.06943469577000215	false	0.5
undemokratisch	neg 1.0		off 0.5007107009779017 neg 0.43019232156035836 __DUMMY__ 0.06909697746173994	false	0.5
wirtschaftskrise	neg 1.0		off 0.49642803180073297 neg 0.43419670361478163 __DUMMY__ 0.06937526458448529	false	0.5
neid	neg 1.0		off 0.5051931871670017 neg 0.42574650080453225 __DUMMY__ 0.06906031202846606	false	0.5
rutschen	neg 1.0		off 0.49587755840959313 neg 0.43363980142599184 __DUMMY__ 0.07048264016441497	false	0.5
rezession	neg 1.0		off 0.5051153905067605 neg 0.4269834121810803 __DUMMY__ 0.06790119731215913	false	0.5
fehlgeburt	neg 1.0		off 0.5036096845124395 neg 0.4270819027364563 __DUMMY__ 0.06930841275110411	false	0.5
charakterschwach	off 1.0		off 0.5051733093786622 neg 0.42635844083885754 __DUMMY__ 0.06846824978248015	false	1.0
isolation	neg 1.0		off 0.5043447443974259 neg 0.4266480221679242 __DUMMY__ 0.06900723343464991	false	0.5
ablenkung	neg 1.0		off 0.5011977336258872 neg 0.4294425715247931 __DUMMY__ 0.0693596948493197	false	0.5
pech	neg 1.0		off 0.5031144398826122 neg 0.42812361220309625 __DUMMY__ 0.0687619479142915	false	0.5
vermeidung	neg 1.0		off 0.5077676588664876 neg 0.4233434165899671 __DUMMY__ 0.06888892454354523	false	0.5
dominieren	neg 1.0		off 0.4976372143912659 neg 0.4326767885124259 __DUMMY__ 0.06968599709630806	false	0.5
schwindlig	neg 1.0		off 0.5039245350723826 neg 0.4268257331419427 __DUMMY__ 0.06924973178567458	false	0.5
lutscher	neg 1.0		off 0.5133148208044171 neg 0.41898739865688095 __DUMMY__ 0.06769778053870189	false	0.5
pflicht	neg 1.0		off 0.49384622287767543 neg 0.436642315518682 __DUMMY__ 0.0695114616036426	false	0.5
faschist	off 1.0		off 0.5035637723947914 neg 0.42746152166805007 __DUMMY__ 0.0689747059371586	false	1.0
verschleudern	neg 1.0		off 0.4945540179246864 neg 0.4360777832906133 __DUMMY__ 0.06936819878470026	false	0.5
wenn			off 0.5044992953256344 neg 0.4266107457041325 __DUMMY__ 0.06888995897023302	false	0.0
ehebruch	neg 1.0		off 0.49766761084534067 neg 0.432783859043264 __DUMMY__ 0.06954853011139545	false	0.5
spott	off 1.0		off 0.4961484119483728 neg 0.4344253985825853 __DUMMY__ 0.06942618946904187	false	1.0
trostlosigkeit	neg 1.0		off 0.4961641057714573 neg 0.4338504301486383 __DUMMY__ 0.06998546407990443	false	0.5
lutschen	neg 1.0		off 0.5037615183480976 neg 0.4273598693096797 __DUMMY__ 0.06887861234222264	false	0.5
undiszipliniert	neg 1.0		off 0.5074869995755161 neg 0.42402643207659513 __DUMMY__ 0.06848656834788869	false	0.5
kopfschmerz	neg 1.0		off 0.4982735611549432 neg 0.4323949429465964 __DUMMY__ 0.06933149589846038	false	0.5
unvorhergesehen	neg 1.0		off 0.4985250559557743 neg 0.43144885012304424 __DUMMY__ 0.07002609392118136	false	0.5
desinteressiert	neg 1.0		off 0.5070450540339879 neg 0.42441684219199355 __DUMMY__ 0.0685381037740185	false	0.5
armselig	off 1.0		off 0.506755128767819 neg 0.4250211034017589 __DUMMY__ 0.06822376783042222	false	1.0
desaster	neg 1.0		off 0.4931882912564377 neg 0.43699621938617544 __DUMMY__ 0.06981548935738686	false	0.5
tod	neg 1.0		off 0.502013414396259 neg 0.4278399929989814 __DUMMY__ 0.0701465926047596	false	0.5
herzlos	neg 1.0		off 0.5080746689240377 neg 0.42348277563998776 __DUMMY__ 0.06844255543597451	false	0.5
unwissenheit	neg 1.0		off 0.49740888504925296 neg 0.43327074995905274 __DUMMY__ 0.06932036499169443	false	0.5
widersinnig	neg 1.0		off 0.4951473612236725 neg 0.435910063195561 __DUMMY__ 0.06894257558076664	false	0.5
bedenklich	neg 1.0		off 0.49596530252024423 neg 0.43473253852820315 __DUMMY__ 0.0693021589515527	false	0.5
beanstanden	neg 1.0		off 0.49387940471072916 neg 0.4365249552911572 __DUMMY__ 0.06959563999811366	false	0.5
panisch	neg 1.0	neg 1.0	neg 0.6971712693331024 off 0.2695734790495847 __DUMMY__ 0.03325525161731295	false	1.0
debil	off 1.0		off 0.492389540751919 neg 0.43704008027694374 __DUMMY__ 0.07057037897113738	false	1.0
abstrich	neg 1.0		off 0.5052787469092679 neg 0.4245361930511579 __DUMMY__ 0.07018506003957423	false	0.5
primitiv	neg 1.0		off 0.5054485178368276 neg 0.4261334883555957 __DUMMY__ 0.06841799380757656	false	0.5
abschaum	off 1.0	off 1.0	off 0.7394712969208699 neg 0.22767804642712167 __DUMMY__ 0.03285065665200841	false	1.0
provozieren	neg 1.0		off 0.4997441754420672 neg 0.43134396863413416 __DUMMY__ 0.06891185592379856	false	0.5
tot	neg 1.0		off 0.49811094648142534 neg 0.43244662099729253 __DUMMY__ 0.06944243252128225	false	0.5
instabil	neg 1.0		off 0.5071187696718203 neg 0.42448840903746554 __DUMMY__ 0.068392821290714	false	0.5
schwuchtel	off 1.0	off 1.0	off 0.7453752161638377 neg 0.22249711136530181 __DUMMY__ 0.03212767247086041	false	1.0
zerren	neg 1.0		off 0.49927270805955776 neg 0.4312023013472685 __DUMMY__ 0.0695249905931737	false	0.5
kinderficker	off 1.0		off 0.5108619650089012 neg 0.42086284413203007 __DUMMY__ 0.06827519085906873	false	1.0
gefahr	neg 1.0		off 0.49535278844629094 neg 0.43478739072785155 __DUMMY__ 0.06985982082585761	false	0.5
rabiat	neg 1.0		off 0.5008829205668207 neg 0.42982765611538154 __DUMMY__ 0.06928942331779776	false	0.5
verlangsamung	neg 1.0		off 0.5103965380833356 neg 0.42179075997554233 __DUMMY__ 0.06781270194112214	false	0.5
ausgestorben	neg 1.0		off 0.501135198616855 neg 0.4294567218931785 __DUMMY__ 0.06940807948996655	false	0.5
anklagen	neg 1.0		off 0.49761511610982734 neg 0.43290603672844996 __DUMMY__ 0.06947884716172271	false	0.5
trott	neg 1.0		off 0.5007140338206874 neg 0.4298893908470229 __DUMMY__ 0.06939657533228982	false	0.5
verminderung	neg 1.0		off 0.507120389672246 neg 0.42418038550631454 __DUMMY__ 0.06869922482143935	false	0.5
nach			off 0.49405788680349016 neg 0.4354636855817502 __DUMMY__ 0.07047842761475963	false	0.0
rost	neg 1.0		off 0.510907693779105 neg 0.4209228872407523 __DUMMY__ 0.0681694189801426	false	0.5
destruktiv	neg 1.0		off 0.4988508238212531 neg 0.432099030918903 __DUMMY__ 0.0690501452598439	false	0.5
unzumutbarkeit	neg 1.0		off 0.5067505050403771 neg 0.424302665245788 __DUMMY__ 0.06894682971383491	false	0.5
labil	off 1.0	off 1.0	off 0.7393910226183331 neg 0.2276729998218757 __DUMMY__ 0.03293597755979113	false	1.0
ziemlich	neg 1.0		off 0.5067884043144769 neg 0.4243429426907575 __DUMMY__ 0.0688686529947656	false	0.5
lachnummer	off 1.0		off 0.499621650636207 neg 0.4313491274586561 __DUMMY__ 0.06902922190513698	false	1.0
oder			off 0.5020685032939071 neg 0.428619349157687 __DUMMY__ 0.06931214754840583	false	0.0
verfall	neg 1.0		off 0.4914822589371312 neg 0.4384548863714437 __DUMMY__ 0.07006285469142508	false	0.5
ausgrenzung	neg 1.0		off 0.5017232388668064 neg 0.42916096718123947 __DUMMY__ 0.06911579395195418	false	0.5
unordnung	neg 1.0		off 0.5109502187154781 neg 0.42001813650843844 __DUMMY__ 0.0690316447760834	false	0.5
fehlverhalten	neg 1.0		off 0.49395205725654634 neg 0.4366685480398397 __DUMMY__ 0.06937939470361401	false	0.5
eine			off 0.49606483988177397 neg 0.43408196049089354 __DUMMY__ 0.06985319962733254	false	0.0
nille	neg 1.0		off 0.5012988152596151 neg 0.4291884476921432 __DUMMY__ 0.0695127370482418	false	0.5
qual	neg 1.0		off 0.5004933884241934 neg 0.4300529608550997 __DUMMY__ 0.06945365072070678	false	0.5
verschwenden	neg 1.0		off 0.4952622297036589 neg 0.4354164742273623 __DUMMY__ 0.0693212960689788	false	0.5
riesig	neg 1.0		off 0.49907401625617853 neg 0.43111948460115196 __DUMMY__ 0.06980649914266963	false	0.5
verurteilen	neg 1.0		off 0.4965760312330216 neg 0.43421592889008453 __DUMMY__ 0.0692080398768939	false	0.5
klischee	neg 1.0	neg 1.0	neg 0.6987664124384229 off 0.26835745778661646 __DUMMY__ 0.032876129774960634	false	1.0
diktatorisch	neg 1.0		off 0.5003891138591867 neg 0.4306077111046954 __DUMMY__ 0.06900317503611793	false	0.5
vorhersehbar	neg 1.0		off 0.5014829172249234 neg 0.42986210788554713 __DUMMY__ 0.06865497488952924	false	0.5
sowie			off 0.5100590848226849 neg 0.4216730319312629 __DUMMY__ 0.06826788324605232	false	0.0
stornieren	neg 1.0		off 0.5060804152402734 neg 0.4242114246288261 __DUMMY__ 0.06970816013090048	false	0.5
besteuerung	neg 1.0		off 0.4986426577548352 neg 0.43256860861631563 __DUMMY__ 0.0687887336288491	false	0.5
ungeschminkt	neg 1.0		off 0.5046555326139065 neg 0.4270254198460781 __DUMMY__ 0.06831904754001551	false	0.5
kritisch	neg 1.0		off 0.49604234931174346 neg 0.43457556180209184 __DUMMY__ 0.06938208888616473	false	0.5
schlamperei	off 1.0		off 0.49598671845920805 neg 0.4343371279015034 __DUMMY__ 0.06967615363928849	false	1.0
sucht	neg 1.0	neg 1.0	neg 0.6958630316132226 off 0.27050242969860183 __DUMMY__ 0.03363453868817555	false	1.0
egoistisch	off 1.0		off 0.5093903345469569 neg 0.42262232988308596 __DUMMY__ 0.06798733556995727	false	1.0
ausbeuter	off 1.0		off 0.4933959839440738 neg 0.43731795796486067 __DUMMY__ 0.06928605809106556	false	1.0
arschgeburt	off 1.0		off 0.5151972935215074 neg 0.4176328356520192 __DUMMY__ 0.0671698708264734	false	1.0
schubs	neg 1.0		off 0.49868573500473096 neg 0.4319330865023983 __DUMMY__ 0.06938117849287079	false	0.5
unsolide	neg 1.0		off 0.500058031418646 neg 0.4311644116671276 __DUMMY__ 0.0687775569142265	false	0.5
beschwerde	neg 1.0		off 0.49541044124145067 neg 0.43519573670717043 __DUMMY__ 0.06939382205137892	false	0.5
stocken	neg 1.0		off 0.4965932720535278 neg 0.43372495960072405 __DUMMY__ 0.0696817683457481	false	0.5
isolieren	neg 1.0		off 0.49743702557335445 neg 0.4330959717850414 __DUMMY__ 0.06946700264160423	false	0.5
unheilbar	neg 1.0		off 0.5019158998406159 neg 0.42868088206235866 __DUMMY__ 0.06940321809702546	false	0.5
pisser	off 1.0		off 0.5073441541499631 neg 0.4242485806156075 __DUMMY__ 0.06840726523442918	false	1.0
löschen	neg 1.0		off 0.5013550678786086 neg 0.4292212418686092 __DUMMY__ 0.06942369025278224	false	0.5
durchfallen	neg 1.0		off 0.4953544730783822 neg 0.43553562170719085 __DUMMY__ 0.06910990521442698	false	0.5
wichser	off 1.0	off 1.0	off 0.7447041538670534 neg 0.2229368553225908 __DUMMY__ 0.03235899081035582	false	1.0
terror	neg 1.0		off 0.5043515771655962 neg 0.42648814449915606 __DUMMY__ 0.06916027833524788	false	0.5
krass	neg 1.0		off 0.50847917216372 neg 0.4231983200043522 __DUMMY__ 0.06832250783192793	false	0.5
revolte	neg 1.0		off 0.5026507914991558 neg 0.42820162706283815 __DUMMY__ 0.06914758143800603	false	0.5
besorgt	neg 1.0		off 0.5021126173416517 neg 0.42794951435714595 __DUMMY__ 0.06993786830120231	false	0.5
nachlassen	neg 1.0		off 0.4984553299705823 neg 0.43157537416086633 __DUMMY__ 0.06996929586855152	false	0.5
alt	neg 1.0		off 0.49844384520867363 neg 0.4320906246129732 __DUMMY__ 0.0694655301783532	false	0.5
hundesohn	off 1.0		off 0.5136491813568337 neg 0.41859421556189425 __DUMMY__ 0.06775660308127192	false	1.0
als			off 0.4981511502240124 neg 0.43247510345916346 __DUMMY__ 0.06937374631682394	false	0.0
abschreckung	neg 1.0		off 0.49438146225299356 neg 0.4359013395006766 __DUMMY__ 0.06971719824632984	false	0.5
unqualifiziert	neg 1.0		off 0.5019898208300699 neg 0.4294658148186782 __DUMMY__ 0.06854436435125186	false	0.5
abgewichst	off 1.0		off 0.5006683618959886 neg 0.4297687029828188 __DUMMY__ 0.06956293512119271	false	1.0
schwer	neg 1.0		off 0.4991438365795462 neg 0.43168850820782867 __DUMMY__ 0.06916765521262506	false	0.5
bedeutungslosigkeit	neg 1.0		off 0.49478624826700773 neg 0.43566427543309144 __DUMMY__ 0.06954947629990078	false	0.5
kapitulation	neg 1.0		off 0.49700889009632787 neg 0.4333890710842594 __DUMMY__ 0.06960203881941275	false	0.5
unscharf	neg 1.0		off 0.5017179858686536 neg 0.4294815006810727 __DUMMY__ 0.06880051345027384	false	0.5
schwinden	neg 1.0		off 0.49615188300042795 neg 0.4340364208526867 __DUMMY__ 0.06981169614688532	false	0.5
versklavung	neg 1.0		off 0.5021295121474154 neg 0.4285114018254562 __DUMMY__ 0.0693590860271284	false	0.5
schlecht	neg 1.0		off 0.5069399218145969 neg 0.42419692959396677 __DUMMY__ 0.0688631485914364	false	0.5
verhasst	neg 1.0		off 0.4995408076440317 neg 0.4317122412649166 __DUMMY__ 0.06874695109105165	false	0.5
beschweren	neg 1.0		off 0.5021162841493618 neg 0.42883712011158576 __DUMMY__ 0.06904659573905254	false	0.5
scheiden	neg 1.0		off 0.5020440883970195 neg 0.42845182333755777 __DUMMY__ 0.06950408826542283	false	0.5
frustriert	neg 1.0		off 0.4982045336370055 neg 0.4325736934109741 __DUMMY__ 0.06922177295202035	false	0.5
schimmelig	neg 1.0		off 0.49628582619325234 neg 0.4345535296738646 __DUMMY__ 0.06916064413288295	false	0.5
fisch	neg 1.0		off 0.49403945053971754 neg 0.43649408731789124 __DUMMY__ 0.0694664621423913	false	0.5
schmuggel	neg 1.0		off 0.49648769904318907 neg 0.43381840290091545 __DUMMY__ 0.06969389805589557	false	0.5
auffallen	neg 1.0		off 0.502943820882191 neg 0.4280650012290724 __DUMMY__ 0.06899117788873659	false	0.5
konkurrenz	neg 1.0		off 0.4940023671999689 neg 0.43625698566323245 __DUMMY__ 0.06974064713679866	false	0.5
teufelskreis	neg 1.0		off 0.49912360274290324 neg 0.43174408657661556 __DUMMY__ 0.06913231068048116	false	0.5
aufschreien	neg 1.0		off 0.5021730662905902 neg 0.42898751922521355 __DUMMY__ 0.06883941448419631	false	0.5
schuldner	neg 1.0		off 0.4935465117988508 neg 0.43700237289594424 __DUMMY__ 0.06945111530520502	false	0.5
missgeburt	off 1.0	off 1.0	off 0.7423585044245752 neg 0.22516802482894305 __DUMMY__ 0.03247347074648184	false	1.0
arbeitslos	neg 1.0		off 0.49557931940664246 neg 0.43534588646634625 __DUMMY__ 0.06907479412701142	false	0.5
befallen	neg 1.0		off 0.5010723510213652 neg 0.42925642193907376 __DUMMY__ 0.06967122703956098	false	0.5
miesepetrig	off 1.0	off 1.0	off 0.7399494440853542 neg 0.22715190075759276 __DUMMY__ 0.03289865515705296	false	1.0
alarmieren	neg 1.0		off 0.5039017934079728 neg 0.42732669433543347 __DUMMY__ 0.06877151225659378	false	0.5
ungeduscht	off 1.0		off 0.5036705363821514 neg 0.42763985128380305 __DUMMY__ 0.06868961233404551	false	1.0
knappheit	neg 1.0		off 0.4951704554413894 neg 0.435721514197143 __DUMMY__ 0.0691080303614676	false	0.5
schlange	neg 1.0		off 0.5046468532062006 neg 0.425793257748523 __DUMMY__ 0.06955988904527638	false	0.5
harsch	neg 1.0		off 0.5123681945487903 neg 0.41887544840573937 __DUMMY__ 0.06875635704547031	false	0.5
lang	neg 1.0		off 0.5023595414044771 neg 0.4282532542610985 __DUMMY__ 0.0693872043344245	false	0.5
ziellos	neg 1.0		off 0.49844519723017733 neg 0.4318564291330379 __DUMMY__ 0.06969837363678476	false	0.5
selbstverliebt	neg 1.0		off 0.5136103573840027 neg 0.41895778938720357 __DUMMY__ 0.06743185322879358	false	0.5
beseitigen	neg 1.0		off 0.5002372217827081 neg 0.4302057880502898 __DUMMY__ 0.06955699016700197	false	0.5
dumm	off 1.0		off 0.5107936230471473 neg 0.42115643832907684 __DUMMY__ 0.06804993862377588	false	1.0
arbeitsloser	neg 1.0		off 0.4971908677734429 neg 0.43345050664970025 __DUMMY__ 0.06935862557685689	false	0.5
blitzen	neg 1.0		off 0.5043939295541858 neg 0.42646771801254524 __DUMMY__ 0.06913835243326896	false	0.5
hilflos	neg 1.0		off 0.4981038861125394 neg 0.43259645393595386 __DUMMY__ 0.06929965995150665	false	0.5
eklig	off 1.0		off 0.5103997629616068 neg 0.4217827342138629 __DUMMY__ 0.06781750282453024	false	1.0
begriff			off 0.4991636926847213 neg 0.431621556557786 __DUMMY__ 0.06921475075749273	false	0.0
hungersnot	neg 1.0		off 0.4995606638328066 neg 0.4307485510109809 __DUMMY__ 0.06969078515621258	false	0.5
ungesetzlich	neg 1.0		off 0.49803020132609405 neg 0.4332682184607288 __DUMMY__ 0.06870158021317715	false	0.5
verschwendung	neg 1.0		off 0.49605579089784035 neg 0.43437490531135287 __DUMMY__ 0.06956930379080678	false	0.5
schmerzvoll	neg 1.0		off 0.502494310961391 neg 0.4283424873862169 __DUMMY__ 0.06916320165239227	false	0.5
vorzeitig	neg 1.0		off 0.5043705462584678 neg 0.4264344575651974 __DUMMY__ 0.06919499617633472	false	0.5
unvollkommenheit	neg 1.0		off 0.5007151738055378 neg 0.42933321774484245 __DUMMY__ 0.06995160844961984	false	0.5
intervenieren	neg 1.0		off 0.4946076089145004 neg 0.43600523422478277 __DUMMY__ 0.06938715686071678	false	0.5
banause	off 1.0		off 0.511628369878243 neg 0.42095240259590094 __DUMMY__ 0.0674192275258561	false	1.0
rebell	neg 1.0		off 0.4927445722746317 neg 0.4374074209037502 __DUMMY__ 0.06984800682161806	false	0.5
unlogisch	neg 1.0		off 0.5065208036796478 neg 0.4252464800108237 __DUMMY__ 0.06823271630952846	false	0.5
leiden	neg 1.0		off 0.49648568413223687 neg 0.4336619198432306 __DUMMY__ 0.0698523960245326	false	0.5
abschaffung	neg 1.0		off 0.49999237398185375 neg 0.4308860609468149 __DUMMY__ 0.06912156507133133	false	0.5
sturz	neg 1.0		off 0.5022242651232076 neg 0.4282507355730703 __DUMMY__ 0.06952499930372205	false	0.5
verkleinerung	neg 1.0		off 0.5001416197207407 neg 0.43135518103826925 __DUMMY__ 0.06850319924099021	false	0.5
schmarotzer	off 1.0		off 0.49556486027547997 neg 0.4355422701360134 __DUMMY__ 0.0688928695885066	false	1.0
bestrafung	neg 1.0		off 0.5021008877509092 neg 0.4286315222878952 __DUMMY__ 0.06926758996119553	false	0.5
achtlos	neg 1.0	neg 1.0	neg 0.6996405852568569 off 0.26711179685332614 __DUMMY__ 0.03324761788981698	false	1.0
ungeheuer	neg 1.0		off 0.5040015143456771 neg 0.4267731713707368 __DUMMY__ 0.0692253142835862	false	0.5
unaufrichtig	neg 1.0		off 0.5049303245464203 neg 0.4258063518349374 __DUMMY__ 0.06926332361864232	false	0.5
groggy	neg 1.0		off 0.5042909193588833 neg 0.4265485111381298 __DUMMY__ 0.06916056950298691	false	0.5
verletzlich	neg 1.0		off 0.5051723112837401 neg 0.42635502383988383 __DUMMY__ 0.06847266487637613	false	0.5
ablehnen	neg 1.0		off 0.4965903885118217 neg 0.43409367849407227 __DUMMY__ 0.06931593299410599	false	0.5
