unsolidarisch	neg 1.0		__DUMMY__ 0.8833641870634366 off 0.06131199817041471 neg 0.05532381476614866	false	0.5
nachteilig	neg 1.0		__DUMMY__ 0.889054741666327 off 0.05701578678279534 neg 0.05392947155087755	false	0.5
skeptisch	neg 1.0		__DUMMY__ 0.889151871289371 off 0.0566054138635326 neg 0.05424271484709642	false	0.5
schrecklich	neg 1.0		__DUMMY__ 0.8801876727219736 off 0.07011258605579127 neg 0.04969974122223514	false	0.5
schlapp	neg 1.0		__DUMMY__ 0.8836993627935013 off 0.06604094747116808 neg 0.050259689735330695	false	0.5
abfall	neg 1.0		__DUMMY__ 0.894116647336081 off 0.053161145452737306 neg 0.05272220721118181	false	0.5
widerspenstig	neg 1.0		__DUMMY__ 0.8874942721792951 off 0.06115557582491712 neg 0.051350151995787734	false	0.5
abrupt	neg 1.0		__DUMMY__ 0.8927963888834654 off 0.056930736119449786 neg 0.050272874997084896	false	0.5
unwirksam	neg 1.0		__DUMMY__ 0.8821788611848792 off 0.06091646407692763 neg 0.056904674738193085	false	0.5
angreifen	neg 1.0		__DUMMY__ 0.8893651257173695 off 0.05666425995258245 neg 0.05397061433004809	false	0.5
inkonsistent	neg 1.0		__DUMMY__ 0.8858989614602628 off 0.06181410652293476 neg 0.05228693201680236	false	0.5
abrutschen	neg 1.0		__DUMMY__ 0.8912736234078449 neg 0.05506914246180073 off 0.05365723413035432	false	1.0
unsicher	neg 1.0		__DUMMY__ 0.887817183527537 off 0.06111802808774098 neg 0.051064788384722094	false	0.5
bauernkind	off 1.0	off 1.0	off 0.523632670233382 __DUMMY__ 0.43341387125905073 neg 0.04295345850756722	false	1.0
angreifer	neg 1.0	neg 1.0	neg 0.5068453865833523 __DUMMY__ 0.4454727583993134 off 0.047681855017334254	false	1.0
trennen	neg 1.0		__DUMMY__ 0.8928763299397237 off 0.05606663866382921 neg 0.05105703139644709	false	0.5
schmutz	neg 1.0		__DUMMY__ 0.8927230798041721 off 0.06237694121892045 neg 0.0448999789769075	false	0.5
inkonsistenz	neg 1.0		__DUMMY__ 0.8777196551064981 off 0.06653900608795102 neg 0.0557413388055509	false	0.5
erschreckend	neg 1.0		__DUMMY__ 0.8857376898465699 off 0.060644836254022005 neg 0.053617473899408075	false	0.5
ertrinken	neg 1.0		__DUMMY__ 0.8914260720807806 off 0.05690967403846893 neg 0.05166425388075041	false	0.5
pickelface	off 1.0		__DUMMY__ 0.8888267725460833 off 0.06025694731817536 neg 0.0509162801357413	false	1.0
seiner			__DUMMY__ 0.8898860888009168 off 0.05687360184154139 neg 0.05324030935754178	false	0.0
lauch	neg 1.0		__DUMMY__ 0.8938979987716468 off 0.053870667241070445 neg 0.05223133398728273	false	0.5
unwichtig	neg 1.0		__DUMMY__ 0.8815255783839986 off 0.06604169198461025 neg 0.052432729631391166	false	0.5
steuerhinterziehung	neg 1.0	neg 1.0	neg 0.5109845649407551 __DUMMY__ 0.4444076664639189 off 0.04460776859532599	false	1.0
schock	neg 1.0		__DUMMY__ 0.8888771030946887 off 0.0603074212989114 neg 0.050815475606399936	false	0.5
beule	neg 1.0		__DUMMY__ 0.8827670349035924 off 0.06696854498956212 neg 0.05026442010684535	false	0.5
vergelten	neg 1.0		__DUMMY__ 0.8838300700137587 off 0.0690346158727279 neg 0.047135314113513474	false	0.5
verdorbenheit	neg 1.0		__DUMMY__ 0.8899497373021208 off 0.06132870209973511 neg 0.048721560598144184	false	0.5
trauma	neg 1.0		__DUMMY__ 0.8868739080827839 off 0.06209686707139083 neg 0.051029224845825276	false	0.5
sinnlos	neg 1.0		__DUMMY__ 0.8856925216367245 off 0.06340611696854469 neg 0.05090136139473076	false	0.5
fettsack	off 1.0	off 1.0	off 0.5245097572925536 __DUMMY__ 0.434915149013064 neg 0.04057509369438258	false	1.0
feige	off 1.0	off 1.0	off 0.5205128624745565 __DUMMY__ 0.43889886201854333 neg 0.04058827550690009	false	1.0
abdanken	neg 1.0		__DUMMY__ 0.887622067512378 off 0.06084039508783076 neg 0.051537537399791215	false	0.5
wichtigtuer	off 1.0	off 1.0	off 0.5186615369108496 __DUMMY__ 0.4407869835191658 neg 0.04055147956998462	false	1.0
misslingen	neg 1.0		__DUMMY__ 0.8920886730486689 off 0.06120630412289328 neg 0.04670502282843785	false	0.5
untreu	off 1.0		__DUMMY__ 0.8825121415808519 off 0.06646183786572765 neg 0.05102602055342048	false	1.0
missmutig	neg 1.0		__DUMMY__ 0.8846231131665239 off 0.06569785501787657 neg 0.04967903181559962	false	0.5
hurenbock	off 1.0		__DUMMY__ 0.8891953266260897 off 0.06275678631992283 neg 0.04804788705398738	false	1.0
betrunken	neg 1.0		__DUMMY__ 0.8827625029398234 off 0.06777706667472363 neg 0.04946043038545298	false	0.5
korrupt	off 1.0		__DUMMY__ 0.8847027142904968 off 0.05915532020915923 neg 0.056141965500343914	false	1.0
unmut	neg 1.0		__DUMMY__ 0.8921086186452551 neg 0.054062618438240166 off 0.05382876291650467	false	1.0
hackfresse	off 1.0		__DUMMY__ 0.8762728841075434 off 0.07356528673026487 neg 0.05016182916219169	false	1.0
aufblasen	neg 1.0		__DUMMY__ 0.8872589895844315 off 0.06284073463489576 neg 0.049900275780672784	false	0.5
gewaltsam	neg 1.0		__DUMMY__ 0.8895572051919898 off 0.05973002821706859 neg 0.05071276659094171	false	0.5
unbeliebtheit	neg 1.0		__DUMMY__ 0.8804303001384854 off 0.06518337150182606 neg 0.054386328359688436	false	0.5
sturheit	neg 1.0		__DUMMY__ 0.8866727715682241 off 0.06015983837545033 neg 0.05316739005632564	false	0.5
kuh	neg 1.0		__DUMMY__ 0.8800679631994379 off 0.06325762609231876 neg 0.056674410708243285	false	0.5
erschrecken	neg 1.0		__DUMMY__ 0.8857240889020387 off 0.06544445967294782 neg 0.04883145142501354	false	0.5
opfer	neg 1.0		__DUMMY__ 0.8894093613802524 off 0.05798216808377026 neg 0.05260847053597734	false	0.5
sinken	neg 1.0		__DUMMY__ 0.892862209636338 off 0.054239013181879125 neg 0.05289877718178288	false	0.5
stinktier	neg 1.0		__DUMMY__ 0.8735831844542779 off 0.07089882856941346 neg 0.055517986976308754	false	0.5
tucke	off 1.0		__DUMMY__ 0.8752648404357235 off 0.07461532553622982 neg 0.05011983402804665	false	1.0
ein			__DUMMY__ 0.8863958623792779 off 0.06199020001952779 neg 0.05161393760119425	false	0.0
abstieg	neg 1.0		__DUMMY__ 0.8901027630244815 off 0.05687607638845594 neg 0.053021160587062494	false	0.5
missverstehen	neg 1.0		__DUMMY__ 0.8817976501998395 off 0.06429532046226505 neg 0.05390702933789546	false	0.5
ergebnislos	neg 1.0		__DUMMY__ 0.8903363451873801 off 0.0565921461784161 neg 0.053071508634203846	false	0.5
unter			__DUMMY__ 0.8983156626842271 neg 0.0528149273200374 off 0.04886940999573536	false	0.0
manipulieren	neg 1.0		__DUMMY__ 0.8911763888572833 off 0.05625411222873983 neg 0.052569498913976796	false	0.5
unbewiesen	neg 1.0		__DUMMY__ 0.8824562923391677 off 0.06131482790777472 neg 0.056228879753057535	false	0.5
verschleppen	neg 1.0		__DUMMY__ 0.8880729878798971 off 0.05831433578939052 neg 0.05361267633071238	false	0.5
weib	off 1.0		__DUMMY__ 0.8725605124171878 off 0.07437836260396381 neg 0.05306112497884846	false	1.0
opposition	neg 1.0		__DUMMY__ 0.8841342811172386 off 0.06251934306123057 neg 0.05334637582153082	false	0.5
verkehrswidrig	neg 1.0		__DUMMY__ 0.8848597354367542 off 0.06963007897302188 neg 0.04551018559022389	false	0.5
inkorrekt	neg 1.0		__DUMMY__ 0.8780083678570151 off 0.06977972477135613 neg 0.052211907371628744	false	0.5
vermeiden	neg 1.0		__DUMMY__ 0.8941082705178489 neg 0.053929760498378596 off 0.051961968983772464	false	1.0
abweichung	neg 1.0		__DUMMY__ 0.8880891693317224 off 0.05769398228445531 neg 0.054216848383822215	false	0.5
alkoholisiert	neg 1.0		__DUMMY__ 0.8912806365864878 off 0.05623972726421201 neg 0.05247963614930025	false	0.5
scheiss	off 1.0	off 1.0	off 0.520339808606439 __DUMMY__ 0.44039284365568365 neg 0.039267347737877406	false	1.0
herausforderung	neg 1.0		__DUMMY__ 0.8909021246221073 off 0.05636278932201649 neg 0.052735086055876144	false	0.5
pervers	off 1.0		__DUMMY__ 0.8732405629685541 off 0.07694281691468509 neg 0.049816620116760656	false	1.0
wackelig	neg 1.0		__DUMMY__ 0.8916854825292925 off 0.05895074989769378 neg 0.04936376757301383	false	0.5
verwickeln	neg 1.0		__DUMMY__ 0.8822742462736936 off 0.0637921003454736 neg 0.05393365338083294	false	0.5
vorwand	neg 1.0		__DUMMY__ 0.8897763360103901 off 0.05615469631760845 neg 0.05406896767200143	false	0.5
muschi	off 1.0		__DUMMY__ 0.8883470238361736 off 0.06044116801554811 neg 0.0512118081482784	false	1.0
entmutigung	neg 1.0		__DUMMY__ 0.8853153562065161 off 0.0625509893006251 neg 0.052133654492858825	false	0.5
unangemessen	neg 1.0		__DUMMY__ 0.884524462227401 off 0.059893854588091544 neg 0.05558168318450749	false	0.5
unstetig	neg 1.0		__DUMMY__ 0.885298528105175 off 0.06342522055553634 neg 0.05127625133928863	false	0.5
entmutigen	neg 1.0		__DUMMY__ 0.886388268537558 off 0.06212221912920319 neg 0.05148951233323872	false	0.5
schwanz	neg 1.0		__DUMMY__ 0.89029079408334 off 0.05783035704799144 neg 0.051878848868668594	false	0.5
verbot	neg 1.0		__DUMMY__ 0.8876784049651882 off 0.05872348197652512 neg 0.05359811305828663	false	0.5
leid	neg 1.0		__DUMMY__ 0.8773783766010703 off 0.07165070163833069 neg 0.050970921760599024	false	0.5
archaisch	neg 1.0		__DUMMY__ 0.8873345601002041 off 0.059990107323547086 neg 0.05267533257624888	false	0.5
gegen			__DUMMY__ 0.8918218092841035 off 0.054580959341037516 neg 0.053597231374859	false	0.0
scheidung	neg 1.0		__DUMMY__ 0.8760476604874621 off 0.08120175031879727 neg 0.04275058919374059	false	0.5
einschlag	neg 1.0		__DUMMY__ 0.8813444720669291 off 0.06888628829063573 neg 0.049769239642435126	false	0.5
m			__DUMMY__ 0.8896873069616458 off 0.05880097173395489 neg 0.0515117213043993	false	0.0
abgestanden	neg 1.0		__DUMMY__ 0.8858714439989414 off 0.0612085587617881 neg 0.052919997239270544	false	0.5
schmierig	off 1.0		__DUMMY__ 0.880121177265471 off 0.07093666470375294 neg 0.04894215803077603	false	1.0
unpraktisch	neg 1.0		__DUMMY__ 0.8860873858820542 off 0.062413377620319975 neg 0.05149923649762583	false	0.5
wixxer	off 1.0		__DUMMY__ 0.8711929218666705 off 0.07716773008485221 neg 0.05163934804847736	false	1.0
bezeichnet			__DUMMY__ 0.8838984818016679 off 0.06149565363221097 neg 0.05460586456612119	false	0.0
jammerlappen	off 1.0		__DUMMY__ 0.8839436675369863 off 0.06604634430577329 neg 0.05000998815724045	false	1.0
farce	neg 1.0		__DUMMY__ 0.8864176580424755 off 0.05964915753440148 neg 0.05393318442312309	false	0.5
zwecklos	neg 1.0		__DUMMY__ 0.886368582592902 off 0.05953516333386118 neg 0.05409625407323687	false	0.5
turbulent	neg 1.0		__DUMMY__ 0.882005164926715 off 0.06734560283404346 neg 0.05064923223924149	false	0.5
invasion	neg 1.0		__DUMMY__ 0.8847171870210326 off 0.06310474830400555 neg 0.05217806467496189	false	0.5
schuld	neg 1.0		__DUMMY__ 0.8843599291713377 off 0.062463463835379186 neg 0.05317660699328311	false	0.5
risiko	neg 1.0	neg 1.0	neg 0.5068587831430104 __DUMMY__ 0.44608616508382665 off 0.047055051773163	false	1.0
finster	neg 1.0		__DUMMY__ 0.883866356601249 off 0.062065341321150595 neg 0.05406830207760034	false	0.5
geisteskrank	off 1.0		__DUMMY__ 0.8782192368732855 off 0.06793986269814835 neg 0.05384090042856601	false	1.0
zusammenbrechen	neg 1.0		__DUMMY__ 0.8878518767501091 off 0.05952876601838763 neg 0.05261935723150325	false	0.5
ausbeute	neg 1.0		__DUMMY__ 0.8964700065656401 off 0.05727128931210414 neg 0.046258704122255745	false	0.5
hinterhalt	neg 1.0		__DUMMY__ 0.8957681696209701 off 0.05920447229337551 neg 0.0450273580856544	false	0.5
kritik	neg 1.0		__DUMMY__ 0.8862398353082035 off 0.05949734742907891 neg 0.054262817262717554	false	0.5
einschrumpfen	neg 1.0		__DUMMY__ 0.8825999216367125 off 0.06515308413518896 neg 0.05224699422809855	false	0.5
riskant	neg 1.0		__DUMMY__ 0.8878552224158139 off 0.05718818375417086 neg 0.05495659383001519	false	0.5
frustrieren	neg 1.0		__DUMMY__ 0.887781667530252 off 0.05802771679268626 neg 0.054190615677061675	false	0.5
groll	neg 1.0		__DUMMY__ 0.8865424685976129 off 0.0590804286242203 neg 0.05437710277816686	false	0.5
gibt			__DUMMY__ 0.8878592943917967 off 0.059653373038649295 neg 0.05248733256955413	false	0.0
qualvoll	neg 1.0		__DUMMY__ 0.8861590291469171 off 0.06414830548594683 neg 0.04969266536713595	false	0.5
wackeln	neg 1.0		__DUMMY__ 0.8893786148512033 off 0.06195357729481202 neg 0.04866780785398475	false	0.5
klagen	neg 1.0		__DUMMY__ 0.8908492670570786 neg 0.05459144176539327 off 0.05455929117752821	false	1.0
bankrott	neg 1.0		__DUMMY__ 0.8859190632028081 off 0.06518303791505611 neg 0.04889789888213575	false	0.5
trauern	neg 1.0		__DUMMY__ 0.8923339341199027 off 0.05745735986407114 neg 0.05020870601602605	false	0.5
ablehnung	neg 1.0		__DUMMY__ 0.8860750384615684 off 0.05925034936751109 neg 0.05467461217092043	false	0.5
stur	neg 1.0		__DUMMY__ 0.8839879505667382 off 0.06258316827069196 neg 0.053428881162569934	false	0.5
aufruhr	neg 1.0		__DUMMY__ 0.8878718826239436 off 0.060218572104057 neg 0.0519095452719994	false	0.5
melancholie	neg 1.0		__DUMMY__ 0.8900150601796208 off 0.057861145496752024 neg 0.05212379432362713	false	0.5
ist			__DUMMY__ 0.885432391426855 off 0.06314105754946474 neg 0.05142655102368022	false	0.0
torheit	neg 1.0		__DUMMY__ 0.8867647124407992 off 0.06166444389190925 neg 0.05157084366729153	false	0.5
dreckskind	off 1.0		__DUMMY__ 0.8748398501254325 off 0.07273654679927698 neg 0.052423603075290495	false	1.0
umtauschen	neg 1.0		__DUMMY__ 0.8874227863984745 off 0.06043897057823433 neg 0.05213824302329112	false	0.5
zum			__DUMMY__ 0.8980775715446293 off 0.05189787299767509 neg 0.05002455545769571	false	0.0
zersetzen	neg 1.0		__DUMMY__ 0.8887236956058746 off 0.05642159650515227 neg 0.054854707888973134	false	0.5
zur			__DUMMY__ 0.8959786484309865 neg 0.05246965399796982 off 0.05155169757104376	false	0.0
frust	neg 1.0		__DUMMY__ 0.8882064542501292 off 0.05956612709916127 neg 0.05222741865070938	false	0.5
unerbittlichkeit	neg 1.0		__DUMMY__ 0.8898068027605884 off 0.05635385933598065 neg 0.05383933790343087	false	0.5
zwei			__DUMMY__ 0.8962920304221389 off 0.05295444158733874 neg 0.050753527990522476	false	0.0
unkorrekt	neg 1.0		__DUMMY__ 0.8795237057874854 off 0.06918011552791896 neg 0.05129617868459562	false	0.5
hexe	off 1.0		__DUMMY__ 0.8805725178807448 off 0.0660355056956298 neg 0.05339197642362541	false	1.0
lasch	neg 1.0		__DUMMY__ 0.8812393828721581 off 0.06522388418643005 neg 0.053536732941411765	false	0.5
rivale	neg 1.0		__DUMMY__ 0.881773056674971 off 0.06814399934866064 neg 0.05008294397636845	false	0.5
mutlos	off 1.0	off 1.0	off 0.5135983514830688 __DUMMY__ 0.44455917689057106 neg 0.04184247162636021	false	1.0
wirr	off 1.0		__DUMMY__ 0.8789249267682974 off 0.06999473964250193 neg 0.05108033358920081	false	1.0
jahr			__DUMMY__ 0.8967703538263878 off 0.05526755006602302 neg 0.047962096107589114	false	0.0
wird			__DUMMY__ 0.8881559193512002 off 0.05845883531124003 neg 0.053385245337559825	false	0.0
strafbar	neg 1.0		__DUMMY__ 0.8877499153788754 off 0.057662141911099245 neg 0.054587942710025386	false	0.5
erosion	neg 1.0		__DUMMY__ 0.8893263833122915 off 0.061072219045439205 neg 0.04960139764226919	false	0.5
eingehen	neg 1.0		__DUMMY__ 0.8873517182267793 off 0.05783157878890208 neg 0.0548167029843187	false	0.5
faul	off 1.0		__DUMMY__ 0.885441815472109 off 0.06504603735454798 neg 0.049512147173343055	false	1.0
provisorium	neg 1.0		__DUMMY__ 0.8986054339959944 neg 0.05209608022374646 off 0.049298485780259096	false	1.0
schmerzen	neg 1.0		__DUMMY__ 0.8867655338833388 off 0.05980892116069745 neg 0.05342554495596382	false	0.5
schrumpfen	neg 1.0		__DUMMY__ 0.8920970048814386 neg 0.05589367256306706 off 0.05200932255549438	false	1.0
geistlos	off 1.0		__DUMMY__ 0.881033174896111 off 0.06421506359404312 neg 0.054751761509845905	false	1.0
fehlkauf	neg 1.0		__DUMMY__ 0.8874522483172592 off 0.0630191049729125 neg 0.04952864670982825	false	0.5
frustrierend	neg 1.0		__DUMMY__ 0.8837033735927222 off 0.06507626242938626 neg 0.05122036397789155	false	0.5
unzufrieden	neg 1.0		__DUMMY__ 0.8858870335200958 off 0.0592324024419836 neg 0.05488056403792056	false	0.5
verzweifeln	neg 1.0		__DUMMY__ 0.8869548113303599 off 0.06038227966345496 neg 0.0526629090061851	false	0.5
verzweifelt	neg 1.0	neg 1.0	neg 0.5113134854660148 __DUMMY__ 0.441274980195074 off 0.04741153433891111	false	1.0
misstrauensantrag	neg 1.0		__DUMMY__ 0.8851007951631001 off 0.06310315443748411 neg 0.05179605039941571	false	0.5
abfallen	neg 1.0		__DUMMY__ 0.8887621916313853 off 0.0617571889544574 neg 0.04948061941415728	false	0.5
fucker	off 1.0		__DUMMY__ 0.882570145229315 off 0.06895564760595109 neg 0.04847420716473398	false	1.0
ungezogen	neg 1.0		__DUMMY__ 0.8744391223167667 off 0.07604028125982304 neg 0.04952059642341032	false	0.5
irrsinnig	neg 1.0	neg 1.0	neg 0.5107171403934545 __DUMMY__ 0.44188565047464856 off 0.04739720913189685	false	1.0
unfassbar	neg 1.0		__DUMMY__ 0.8828143912169547 off 0.06715213259024017 neg 0.050033476192805126	false	0.5
hart	neg 1.0		__DUMMY__ 0.883315028327386 off 0.06657198010247597 neg 0.050112991570138016	false	0.5
widerlich	off 1.0		__DUMMY__ 0.8798766492322998 off 0.06782531746280257 neg 0.05229803330489761	false	1.0
fatal	neg 1.0		__DUMMY__ 0.885818900454456 off 0.06354786579898271 neg 0.0506332337465614	false	0.5
bruch	neg 1.0		__DUMMY__ 0.891131066745187 off 0.05492217806166639 neg 0.0539467551931466	false	0.5
aushungern	neg 1.0		__DUMMY__ 0.8892197940191602 off 0.05963908143209792 neg 0.051141124548741826	false	0.5
anspannung	neg 1.0		__DUMMY__ 0.8965089394557578 off 0.05214012681567938 neg 0.05135093372856286	false	0.5
von			__DUMMY__ 0.8987572616060043 off 0.05531796920419799 neg 0.04592476918979768	false	0.0
kraftlos	neg 1.0		__DUMMY__ 0.889491711448628 off 0.05885176592952932 neg 0.051656522621842685	false	0.5
vom			__DUMMY__ 0.9000053539796471 neg 0.05033468363871996 off 0.04965996238163287	false	0.0
grenzdebil	off 1.0		__DUMMY__ 0.8833996818862856 off 0.06740955191119455 neg 0.04919076620251989	false	1.0
vor			__DUMMY__ 0.8929638415183694 off 0.0554052445263531 neg 0.05163091395527754	false	0.0
unterwerfen	neg 1.0		__DUMMY__ 0.8892134557499998 off 0.05793271747088979 neg 0.05285382677911037	false	0.5
versenkung	neg 1.0		__DUMMY__ 0.8903928714872387 off 0.05807114850902864 neg 0.05153598000373268	false	0.5
entziehen	neg 1.0		__DUMMY__ 0.8905501032100366 off 0.055038131946709645 neg 0.054411764843253746	false	0.5
finanzkrise	neg 1.0		__DUMMY__ 0.8860993095334394 off 0.060193127376937716 neg 0.05370756308962289	false	0.5
schimpfend	neg 1.0		__DUMMY__ 0.8858685938205342 off 0.0627974197451826 neg 0.0513339864342833	false	0.5
profan	neg 1.0		__DUMMY__ 0.8837598165740359 off 0.06385795048282664 neg 0.052382232943137534	false	0.5
korruption	neg 1.0		__DUMMY__ 0.8883229359543069 off 0.05843557842203179 neg 0.05324148562366131	false	0.5
â			__DUMMY__ 0.8912540341905083 off 0.05829570664903841 neg 0.0504502591604533	false	0.0
schmutzig	neg 1.0		__DUMMY__ 0.8840110254568725 off 0.06784471749476773 neg 0.04814425704835978	false	0.5
sexy	neg 1.0		__DUMMY__ 0.8856809971867624 off 0.06474524840482944 neg 0.0495737544084082	false	0.5
abraten	neg 1.0		__DUMMY__ 0.8854243166262615 off 0.06310966459523544 neg 0.051466018778503014	false	0.5
schwarz	neg 1.0		__DUMMY__ 0.8858446776402673 off 0.06282106513587463 neg 0.051334257223857996	false	0.5
fotze	off 1.0	off 1.0	off 0.5147120714161111 __DUMMY__ 0.446389767485135 neg 0.038898161098754026	false	1.0
verwirren	neg 1.0		__DUMMY__ 0.8843920599085732 off 0.06437188297354669 neg 0.05123605711788006	false	0.5
zahnlos	off 1.0		__DUMMY__ 0.8861734030451818 off 0.060022626708669556 neg 0.05380397024614865	false	1.0
verheeren	neg 1.0		__DUMMY__ 0.8766359399817624 off 0.07750888712971937 neg 0.04585517288851814	false	0.5
hippie	neg 1.0		__DUMMY__ 0.8858017113435718 off 0.06446699888377856 neg 0.04973128977264969	false	0.5
rammen	neg 1.0		__DUMMY__ 0.8847217370582776 off 0.06229012488391743 neg 0.05298813805780498	false	0.5
unlauter	neg 1.0		__DUMMY__ 0.8825985409133856 off 0.06220686140186214 neg 0.05519459768475218	false	0.5
unheilvoll	neg 1.0		__DUMMY__ 0.8873465048064029 off 0.06274891001109438 neg 0.04990458518250272	false	0.5
niedrig	neg 1.0		__DUMMY__ 0.8879027484372609 off 0.056480203088160215 neg 0.05561704847457887	false	0.5
explosion	neg 1.0		__DUMMY__ 0.8855023133465468 off 0.06389156250486762 neg 0.05060612414858553	false	0.5
weichei	off 1.0	off 1.0	off 0.5246974165983185 __DUMMY__ 0.4366393015553591 neg 0.03866328184632244	false	1.0
minusmensch	off 1.0		__DUMMY__ 0.8732169664951762 off 0.07527687482806748 neg 0.051506158676756224	false	1.0
farblos	neg 1.0		__DUMMY__ 0.8893820638273552 off 0.060393073315434975 neg 0.0502248628572098	false	0.5
unwissend	neg 1.0	neg 1.0	neg 0.5099975473024257 __DUMMY__ 0.439813432693925 off 0.05018902000364935	false	1.0
traurig	neg 1.0		__DUMMY__ 0.8812184680905686 off 0.06941258519422515 neg 0.04936894671520625	false	0.5
senkung	neg 1.0		__DUMMY__ 0.8820998857058496 off 0.06369989866855331 neg 0.05420021562559713	false	0.5
ungleich	neg 1.0	neg 1.0	neg 0.5121631486485255 __DUMMY__ 0.44476531340592645 off 0.043071537945548084	false	1.0
heikel	neg 1.0		__DUMMY__ 0.8875064998090437 off 0.05713439462745963 neg 0.055359105563496644	false	0.5
drosselung	neg 1.0		__DUMMY__ 0.8827465789052787 off 0.0671269265820013 neg 0.050126494512719964	false	0.5
falsch	neg 1.0		__DUMMY__ 0.8826235196777513 off 0.06523754767756502 neg 0.05213893264468368	false	0.5
unzufriedenheit	neg 1.0		__DUMMY__ 0.8902127399857913 off 0.05575960673344226 neg 0.054027653280766454	false	0.5
kurz	neg 1.0		__DUMMY__ 0.8903249590806973 off 0.05956535946142596 neg 0.0501096814578767	false	0.5
unsinnig	neg 1.0		__DUMMY__ 0.8850931459130708 off 0.06015133323456559 neg 0.054755520852363564	false	0.5
penner	off 1.0	off 1.0	off 0.5258862590035556 __DUMMY__ 0.4363380715781715 neg 0.037775669418272866	false	1.0
seicht	neg 1.0		__DUMMY__ 0.872940573001124 off 0.07580144517076204 neg 0.05125798182811384	false	0.5
dummheit	off 1.0	off 1.0	off 0.5188852714954804 __DUMMY__ 0.4407415423668819 neg 0.04037318613763782	false	1.0
unerfreulich	neg 1.0		__DUMMY__ 0.8897874224263049 off 0.056216838128096476 neg 0.05399573944559864	false	0.5
motherfucker	off 1.0	off 1.0	off 0.5219047099855261 __DUMMY__ 0.4405589314580963 neg 0.03753635855637764	false	1.0
pikiert	neg 1.0		__DUMMY__ 0.8813316879389297 off 0.06710327950684988 neg 0.0515650325542204	false	0.5
wrack	neg 1.0		__DUMMY__ 0.8908051634435581 off 0.05872368426217043 neg 0.05047115229427154	false	0.5
gangster	neg 1.0		__DUMMY__ 0.885732916809285 off 0.06448021996855724 neg 0.04978686322215776	false	0.5
krank	neg 1.0		__DUMMY__ 0.8834203176758597 off 0.06720886307343954 neg 0.04937081925070071	false	0.5
reich	neg 1.0		__DUMMY__ 0.8866588833893213 off 0.06615508380958735 neg 0.04718603280109129	false	0.5
gnadenlos	neg 1.0		__DUMMY__ 0.8851716555352124 off 0.06255705627176666 neg 0.0522712881930209	false	0.5
niedergeschlagen	neg 1.0		__DUMMY__ 0.8889746429655357 off 0.05983331418416191 neg 0.051192042850302336	false	0.5
terrorisieren	off 1.0	off 1.0	off 0.5137593358251735 __DUMMY__ 0.4461608882328924 neg 0.040079775941934015	false	1.0
sinnlosigkeit	neg 1.0		__DUMMY__ 0.8870109128374543 off 0.059457053278330424 neg 0.05353203388421541	false	0.5
behindern	neg 1.0		__DUMMY__ 0.8882891115648341 off 0.06036732765053615 neg 0.051343560784629774	false	0.5
undemokratisch	neg 1.0		__DUMMY__ 0.885449864997 off 0.06238429835862423 neg 0.052165836644375844	false	0.5
wirtschaftskrise	neg 1.0		__DUMMY__ 0.8877783379681471 off 0.05824102143747709 neg 0.05398064059437589	false	0.5
neid	neg 1.0		__DUMMY__ 0.8854065696024486 off 0.06487089317476086 neg 0.049722537222790665	false	0.5
rutschen	neg 1.0		__DUMMY__ 0.8974462102248861 off 0.05280514762010265 neg 0.04974864215501124	false	0.5
rezession	neg 1.0		__DUMMY__ 0.8750993133521373 off 0.06992067796670144 neg 0.05498000868116129	false	0.5
fehlgeburt	neg 1.0		__DUMMY__ 0.8877827410444629 off 0.06267428824328687 neg 0.04954297071225016	false	0.5
charakterschwach	off 1.0		__DUMMY__ 0.8800665616794016 off 0.06771907948023262 neg 0.05221435884036579	false	1.0
isolation	neg 1.0		__DUMMY__ 0.8846780752630041 off 0.0646810229606567 neg 0.050640901776339224	false	0.5
ablenkung	neg 1.0		__DUMMY__ 0.8876374421320127 off 0.061282861711295676 neg 0.05107969615669168	false	0.5
pech	neg 1.0		__DUMMY__ 0.8829046548095629 off 0.06445387948508105 neg 0.05264146570535599	false	0.5
vermeidung	neg 1.0		__DUMMY__ 0.8838522982693786 off 0.06729931119766266 neg 0.04884839053295866	false	0.5
dominieren	neg 1.0		__DUMMY__ 0.8906083446145698 off 0.057511709027293655 neg 0.05187994635813658	false	0.5
schwindlig	neg 1.0		__DUMMY__ 0.8871918881737904 off 0.06295453916657674 neg 0.0498535726596329	false	0.5
lutscher	neg 1.0		__DUMMY__ 0.8736649084923287 off 0.0759791549430022 neg 0.05035593656466922	false	0.5
pflicht	neg 1.0		__DUMMY__ 0.8886116908651349 off 0.056127050873050505 neg 0.05526125826181454	false	0.5
faschist	off 1.0		__DUMMY__ 0.8844205826769977 off 0.06478703941649391 neg 0.05079237790650822	false	1.0
verschleudern	neg 1.0		__DUMMY__ 0.8878083936560134 off 0.056911740856962864 neg 0.0552798654870238	false	0.5
wenn			__DUMMY__ 0.883634070256394 off 0.0654112472081018 neg 0.05095468253550418	false	0.0
ehebruch	neg 1.0		__DUMMY__ 0.8892344721338135 off 0.058420200855998375 neg 0.052345327010188236	false	0.5
spott	off 1.0		__DUMMY__ 0.8880659382678169 off 0.057978123525280985 neg 0.053955938206902095	false	1.0
trostlosigkeit	neg 1.0		__DUMMY__ 0.893037094859249 off 0.055453031283735514 neg 0.051509873857015505	false	0.5
lutschen	neg 1.0		__DUMMY__ 0.883592494783086 off 0.06491669886913591 neg 0.05149080634777805	false	0.5
undiszipliniert	neg 1.0		__DUMMY__ 0.8804025403583575 off 0.06887386375433911 neg 0.05072359588730334	false	0.5
kopfschmerz	neg 1.0		__DUMMY__ 0.8877688072208572 off 0.05885627306568054 neg 0.05337491971346227	false	0.5
unvorhergesehen	neg 1.0		__DUMMY__ 0.8937519804869347 off 0.056178573178828024 neg 0.05006944633423723	false	0.5
desinteressiert	neg 1.0		__DUMMY__ 0.8807608664823624 off 0.06848896078244368 neg 0.050750172735193916	false	0.5
armselig	off 1.0		__DUMMY__ 0.8779129881955364 off 0.06976630483139208 neg 0.05232070697307156	false	1.0
desaster	neg 1.0		__DUMMY__ 0.891372572993908 off 0.054408633343181384 neg 0.05421879366291059	false	0.5
tod	neg 1.0		__DUMMY__ 0.8950068652364135 off 0.05818587841473213 neg 0.046807256348854374	false	0.5
herzlos	neg 1.0		__DUMMY__ 0.879938994928663 off 0.06955924117310026 neg 0.0505017638982367	false	0.5
unwissenheit	neg 1.0		__DUMMY__ 0.8872101789250992 off 0.059168775952352974 neg 0.053621045122547804	false	0.5
widersinnig	neg 1.0		__DUMMY__ 0.8839602763969777 off 0.059317450574247275 neg 0.056722273028774965	false	0.5
bedenklich	neg 1.0		__DUMMY__ 0.886920688575883 off 0.058290410911794203 neg 0.05478890051232281	false	0.5
beanstanden	neg 1.0		__DUMMY__ 0.8895077436950961 off 0.055715406870324724 neg 0.05477684943457912	false	0.5
panisch	neg 1.0	neg 1.0	neg 0.5065795506575187 __DUMMY__ 0.44547548786255825 off 0.04794496147992307	false	1.0
debil	off 1.0		__DUMMY__ 0.8982291609903633 neg 0.051657722603337515 off 0.050113116406299146	false	0.5
abstrich	neg 1.0		__DUMMY__ 0.896013877489742 off 0.059333354236954225 neg 0.04465276827330369	false	0.5
primitiv	neg 1.0		__DUMMY__ 0.879597486870128 off 0.0680442360878224 neg 0.05235827704204967	false	0.5
abschaum	off 1.0	off 1.0	off 0.5206203039841547 __DUMMY__ 0.44027490122581314 neg 0.03910479479003208	false	1.0
provozieren	neg 1.0		__DUMMY__ 0.8835772328912488 off 0.06239235810067356 neg 0.0540304090080777	false	0.5
tot	neg 1.0		__DUMMY__ 0.8889338698693061 off 0.0582826303817159 neg 0.0527834997489779	false	0.5
instabil	neg 1.0		__DUMMY__ 0.8796638660255932 off 0.06902282061661028 neg 0.05131331335779641	false	0.5
schwuchtel	off 1.0	off 1.0	off 0.5303355526272637 __DUMMY__ 0.43154488014869746 neg 0.03811956722403877	false	1.0
zerren	neg 1.0		__DUMMY__ 0.888922821081585 off 0.05943149864305966 neg 0.051645680275355245	false	0.5
kinderficker	off 1.0		__DUMMY__ 0.8786191027269946 off 0.07229893428492644 neg 0.04908196298807901	false	1.0
gefahr	neg 1.0		__DUMMY__ 0.8918810445063489 off 0.055590785529457565 neg 0.05252816996419355	false	0.5
rabiat	neg 1.0		__DUMMY__ 0.8869314997444997 off 0.06151224023722586 neg 0.05155626001827446	false	0.5
verlangsamung	neg 1.0		__DUMMY__ 0.8745428960768827 off 0.07387277777132731 neg 0.05158432615178984	false	0.5
ausgestorben	neg 1.0		__DUMMY__ 0.8879872093515493 off 0.06114507356632707 neg 0.05086771708212358	false	0.5
anklagen	neg 1.0		__DUMMY__ 0.888740069036105 off 0.05855381870632064 neg 0.05270611225757446	false	0.5
trott	neg 1.0		__DUMMY__ 0.8878468937477274 off 0.06074827801526528 neg 0.05140482823700731	false	0.5
verminderung	neg 1.0		__DUMMY__ 0.8822525263360281 off 0.06758281613458977 neg 0.05016465752938218	false	0.5
nach			__DUMMY__ 0.8972572957293147 off 0.05175577951317462 neg 0.050986924757510675	false	0.0
rost	neg 1.0		__DUMMY__ 0.8778803903100478 off 0.07238169449797958 neg 0.04973791519197259	false	0.5
destruktiv	neg 1.0		__DUMMY__ 0.8849138035676537 off 0.06121873272844454 neg 0.053867463703901705	false	0.5
unzumutbarkeit	neg 1.0		__DUMMY__ 0.8844690714368204 off 0.06644163111506214 neg 0.049089297448117346	false	0.5
labil	off 1.0	off 1.0	off 0.5200132889251422 __DUMMY__ 0.4412449588145822 neg 0.038741752260275514	false	1.0
ziemlich	neg 1.0		__DUMMY__ 0.8836053441566334 off 0.06692046138687933 neg 0.04947419445648714	false	0.5
lachnummer	off 1.0		__DUMMY__ 0.8845234103538833 off 0.06203222220371224 neg 0.05344436744240445	false	1.0
oder			__DUMMY__ 0.8873488378215444 off 0.06190645562176648 neg 0.05074470655668909	false	0.0
verfall	neg 1.0		__DUMMY__ 0.8935828765459181 neg 0.05436155862298029 off 0.0520555648311016	false	1.0
ausgrenzung	neg 1.0		__DUMMY__ 0.885608141237575 off 0.06296627708234939 neg 0.05142558168007546	false	0.5
unordnung	neg 1.0		__DUMMY__ 0.8854156129811208 off 0.06878962727154446 neg 0.04579475974733477	false	0.5
fehlverhalten	neg 1.0		__DUMMY__ 0.8875604837108013 off 0.056755967321632954 neg 0.05568354896756572	false	0.5
eine			__DUMMY__ 0.8917644880082116 off 0.055872499486347475 neg 0.05236301250544093	false	0.0
nille	neg 1.0		__DUMMY__ 0.8888577528625952 off 0.06089590300310788 neg 0.05024634413429696	false	0.5
qual	neg 1.0		__DUMMY__ 0.888339496392076 off 0.0603939588225809 neg 0.051266544785343204	false	0.5
verschwenden	neg 1.0		__DUMMY__ 0.8871903104572134 off 0.05753007890726635 neg 0.05527961063552016	false	0.5
riesig	neg 1.0		__DUMMY__ 0.8917834315972982 off 0.05769128345421484 neg 0.050525284948486904	false	0.5
verurteilen	neg 1.0		__DUMMY__ 0.8861756733312308 off 0.05917677219028239 neg 0.0546475544784868	false	0.5
klischee	neg 1.0	neg 1.0	neg 0.5101121631110803 __DUMMY__ 0.4405403937707372 off 0.04934744311818241	false	1.0
diktatorisch	neg 1.0		__DUMMY__ 0.8846214534441206 off 0.06259124612774913 neg 0.052787300428130415	false	0.5
vorhersehbar	neg 1.0		__DUMMY__ 0.8814714028921812 off 0.0645824236243767 neg 0.053946173483442175	false	0.5
sowie			__DUMMY__ 0.8784062108577771 off 0.07159853244931287 neg 0.049995256692910016	false	0.0
stornieren	neg 1.0		__DUMMY__ 0.8910648386383792 off 0.06283295455775514 neg 0.04610220680386571	false	0.5
besteuerung	neg 1.0		__DUMMY__ 0.8829249059994219 off 0.061692904412133646 neg 0.05538218958844449	false	0.5
ungeschminkt	neg 1.0		__DUMMY__ 0.8790258310731637 off 0.0674004922137016 neg 0.05357367671313468	false	0.5
kritisch	neg 1.0		__DUMMY__ 0.8876467941790651 off 0.058086969203126324 neg 0.05426623661780866	false	0.5
schlamperei	off 1.0		__DUMMY__ 0.8904246763344311 off 0.05676053666038276 neg 0.05281478700518606	false	1.0
sucht	neg 1.0	neg 1.0	neg 0.5031259477703193 __DUMMY__ 0.45045744091484163 off 0.046416611314839075	false	1.0
egoistisch	off 1.0		__DUMMY__ 0.8760115849067417 off 0.07235499402530776 neg 0.051633421067950484	false	1.0
ausbeuter	off 1.0		__DUMMY__ 0.8868063347548706 off 0.05674788728575286 neg 0.056445777959376595	false	1.0
arschgeburt	off 1.0		__DUMMY__ 0.8687733879668753 off 0.0799226405372616 neg 0.051303971495863014	false	1.0
schubs	neg 1.0		__DUMMY__ 0.8882103924573143 off 0.05890595356998377 neg 0.05288365397270204	false	0.5
unsolide	neg 1.0		__DUMMY__ 0.8827845630093933 off 0.06311277886361703 neg 0.05410265812698966	false	0.5
beschwerde	neg 1.0		__DUMMY__ 0.8879604710374855 off 0.057489379258196104 neg 0.05455014970431837	false	0.5
stocken	neg 1.0		__DUMMY__ 0.8904163918348901 off 0.05703614857008952 neg 0.05254745959502043	false	0.5
isolieren	neg 1.0		__DUMMY__ 0.8886960906648617 off 0.05847478385157536 neg 0.05282912548356302	false	0.5
unheilbar	neg 1.0		__DUMMY__ 0.8880602006718885 off 0.06176438663553046 neg 0.05017541269258105	false	0.5
pisser	off 1.0		__DUMMY__ 0.8795769406151248 off 0.06927137479671192 neg 0.05115168458816327	false	1.0
löschen	neg 1.0		__DUMMY__ 0.888120814686976 off 0.06113359839966645 neg 0.05074558691335755	false	0.5
durchfallen	neg 1.0		__DUMMY__ 0.885317608527494 off 0.05862360738251901 neg 0.056058784089987	false	0.5
wichser	off 1.0	off 1.0	off 0.5281964895527616 __DUMMY__ 0.4344924821217253 neg 0.03731102832551324	false	1.0
terror	neg 1.0		__DUMMY__ 0.8860575880873061 off 0.06396015046713993 neg 0.049982261445553976	false	0.5
krass	neg 1.0		__DUMMY__ 0.879177182008007 off 0.06992247199597122 neg 0.050900345996021855	false	0.5
revolte	neg 1.0		__DUMMY__ 0.8858442086339045 off 0.06335198937193223 neg 0.050803801994163386	false	0.5
besorgt	neg 1.0		__DUMMY__ 0.892758343551551 off 0.05949613535185548 neg 0.04774552109659347	false	0.5
nachlassen	neg 1.0		__DUMMY__ 0.8932158042317121 off 0.05668698255090551 neg 0.05009721321738246	false	0.5
alt	neg 1.0		__DUMMY__ 0.8890917421774563 off 0.05836397204054351 neg 0.052544285782000086	false	0.5
hundesohn	off 1.0		__DUMMY__ 0.8738019292730285 off 0.07656044117395547 neg 0.04963762955301616	false	1.0
als			__DUMMY__ 0.8877045243617703 off 0.059269855488895205 neg 0.0530256201493346	false	0.0
abschreckung	neg 1.0		__DUMMY__ 0.8905951738002978 off 0.055600316905335824 neg 0.0538045092943663	false	0.5
unqualifiziert	neg 1.0		__DUMMY__ 0.8805833979223012 off 0.06546356058895493 neg 0.05395304148874383	false	0.5
abgewichst	off 1.0		__DUMMY__ 0.8893816005112819 off 0.06010901730963126 neg 0.05050938217908692	false	1.0
schwer	neg 1.0		__DUMMY__ 0.8858029317000791 off 0.06081608331072555 neg 0.05338098498919543	false	0.5
bedeutungslosigkeit	neg 1.0		__DUMMY__ 0.8890312023828152 off 0.05658178677794876 neg 0.05438701083923607	false	0.5
kapitulation	neg 1.0		__DUMMY__ 0.8897030219078175 off 0.057811016319913866 neg 0.05248596177226867	false	0.5
unscharf	neg 1.0		__DUMMY__ 0.8833557073209974 off 0.0631838200813202 neg 0.05346047259768236	false	0.5
schwinden	neg 1.0		__DUMMY__ 0.8915388708168929 off 0.056248409949424205 neg 0.05221271923368301	false	0.5
versklavung	neg 1.0		__DUMMY__ 0.8877369024884667 off 0.06214822355836629 neg 0.05011487395316706	false	0.5
schlecht	neg 1.0		__DUMMY__ 0.8834736590061583 off 0.06715019001443193 neg 0.04937615097940973	false	0.5
verhasst	neg 1.0		__DUMMY__ 0.8821492355564948 off 0.06294908095277403 neg 0.05490168349073111	false	0.5
beschweren	neg 1.0		__DUMMY__ 0.8848767727171899 off 0.06330153890925787 neg 0.05182168837355227	false	0.5
scheiden	neg 1.0		__DUMMY__ 0.8894708626771777 off 0.06072330905377312 neg 0.04980582826904923	false	0.5
frustriert	neg 1.0		__DUMMY__ 0.8862278778798812 off 0.06005551317245986 neg 0.053716608947658895	false	0.5
schimmelig	neg 1.0		__DUMMY__ 0.8864077857075965 off 0.05805395167442287 neg 0.055538262617980526	false	0.5
fisch	neg 1.0		__DUMMY__ 0.8893014585030132 neg 0.055575549956098154 off 0.0551229915408885	false	1.0
schmuggel	neg 1.0		__DUMMY__ 0.8905593183004511 off 0.056859098880328425 neg 0.05258158281922042	false	0.5
auffallen	neg 1.0		__DUMMY__ 0.8844554139666554 off 0.06401736169432808 neg 0.05152722433901651	false	0.5
konkurrenz	neg 1.0		__DUMMY__ 0.8907428477302722 off 0.05522778596162524 neg 0.0540293663081025	false	0.5
teufelskreis	neg 1.0		__DUMMY__ 0.8854305667010746 off 0.06111532437855399 neg 0.053454108920371377	false	0.5
aufschreien	neg 1.0		__DUMMY__ 0.8831131080930819 off 0.06417550545177904 neg 0.052711386455139154	false	0.5
schuldner	neg 1.0		__DUMMY__ 0.8884753121580435 off 0.055977925979904294 neg 0.05554676186205205	false	0.5
missgeburt	off 1.0	off 1.0	off 0.5253311457083251 __DUMMY__ 0.4358318116409255 neg 0.03883704265074938	false	1.0
arbeitslos	neg 1.0		__DUMMY__ 0.8848770290170547 off 0.059029629403102066 neg 0.0560933415798432	false	0.5
befallen	neg 1.0		__DUMMY__ 0.8905728362240644 off 0.05994086410405594 neg 0.04948629967187972	false	0.5
miesepetrig	off 1.0	off 1.0	off 0.5202682668680072 __DUMMY__ 0.4411887574689761 neg 0.03854297566301682	false	1.0
alarmieren	neg 1.0		__DUMMY__ 0.8825617507915936 off 0.06579401671135586 neg 0.051644232497050524	false	0.5
ungeduscht	off 1.0		__DUMMY__ 0.8823727641446951 off 0.06500876789173202 neg 0.052618467963572745	false	1.0
knappheit	neg 1.0		__DUMMY__ 0.8855766531431204 off 0.058405269757020956 neg 0.05601807709985859	false	0.5
schlange	neg 1.0		__DUMMY__ 0.8895424752829786 off 0.06258881275689583 neg 0.04786871196012553	false	0.5
harsch	neg 1.0		__DUMMY__ 0.8826548366578054 off 0.07103680828711241 neg 0.04630835505508223	false	0.5
lang	neg 1.0		__DUMMY__ 0.8877767608053938 off 0.06197082418889964 neg 0.05025241500570657	false	0.5
ziellos	neg 1.0		__DUMMY__ 0.8904457494348513 off 0.058118521230027156 neg 0.05143572933512155	false	0.5
selbstverliebt	neg 1.0		__DUMMY__ 0.871203182591549 off 0.07751360684366207 neg 0.05128321056478888	false	0.5
beseitigen	neg 1.0		__DUMMY__ 0.889682536436567 off 0.059688652155819394 neg 0.05062881140761362	false	0.5
dumm	off 1.0		__DUMMY__ 0.8766684037734637 off 0.07292340316149155 neg 0.05040819306504477	false	1.0
arbeitsloser	neg 1.0		__DUMMY__ 0.8874478238628967 off 0.059035690932863163 neg 0.05351648520424015	false	0.5
blitzen	neg 1.0		__DUMMY__ 0.8857562415755136 off 0.06437073255535967 neg 0.04987302586912678	false	0.5
hilflos	neg 1.0		__DUMMY__ 0.8869663577585887 off 0.05956252988936865 neg 0.05347111235204268	false	0.5
eklig	off 1.0		__DUMMY__ 0.8746410173664136 off 0.07351703962939958 neg 0.05184194300418675	false	1.0
begriff			__DUMMY__ 0.8863432464547096 off 0.060720968425388766 neg 0.052935785119901685	false	0.0
hungersnot	neg 1.0		__DUMMY__ 0.8906595868451079 off 0.058899305418561934 neg 0.05044110773633017	false	0.5
ungesetzlich	neg 1.0		__DUMMY__ 0.8818352652718584 off 0.06240138500076219 neg 0.055763349727379494	false	0.5
verschwendung	neg 1.0		__DUMMY__ 0.8892592807405957 off 0.0571796397776867 neg 0.053561079481717656	false	0.5
schmerzvoll	neg 1.0		__DUMMY__ 0.8859352541154175 off 0.06297537325981477 neg 0.05108937262476767	false	0.5
vorzeitig	neg 1.0		__DUMMY__ 0.8865145784493174 off 0.06391768111387063 neg 0.049567740436812044	false	0.5
unvollkommenheit	neg 1.0		__DUMMY__ 0.8932494654523874 off 0.05819621739038517 neg 0.048554317157227564	false	0.5
intervenieren	neg 1.0		__DUMMY__ 0.8877538119219089 off 0.05712963744115837 neg 0.055116550636932646	false	0.5
banause	off 1.0		__DUMMY__ 0.8711981867286386 off 0.07601913438370474 neg 0.05278267888765664	false	1.0
rebell	neg 1.0		__DUMMY__ 0.892133995094161 neg 0.05466172745645597 off 0.053204277449383025	false	1.0
unlogisch	neg 1.0		__DUMMY__ 0.878110051557346 off 0.0693770968246811 neg 0.05251285161797284	false	0.5
leiden	neg 1.0		__DUMMY__ 0.8922895018516509 off 0.055671337196432684 neg 0.05203916095191645	false	0.5
abschaffung	neg 1.0		__DUMMY__ 0.8857360120633637 off 0.061539719682928956 neg 0.05272426825370735	false	0.5
sturz	neg 1.0		__DUMMY__ 0.8892404022976261 off 0.06122876781787783 neg 0.04953082988449594	false	0.5
verkleinerung	neg 1.0		__DUMMY__ 0.8803499896340954 off 0.0641878618552934 neg 0.05546214851061119	false	0.5
schmarotzer	off 1.0		__DUMMY__ 0.8833459623975641 off 0.059819306063506265 neg 0.05683473153892954	false	1.0
bestrafung	neg 1.0		__DUMMY__ 0.886860761397685 off 0.06241612545721416 neg 0.050723113145100925	false	0.5
achtlos	neg 1.0	neg 1.0	neg 0.5089681320356259 __DUMMY__ 0.44512451542902126 off 0.04590735253535278	false	1.0
ungeheuer	neg 1.0		__DUMMY__ 0.8867262301751063 off 0.06347351738010251 neg 0.049800252444791186	false	0.5
unaufrichtig	neg 1.0		__DUMMY__ 0.8870537276167949 off 0.06430009686292193 neg 0.04864617552028314	false	0.5
