unsolidarisch	neg 1.0		__DUMMY__ 0.9274883260571194 off 0.03785169880461586 neg 0.03465997513826479	false	0.5
nachteilig	neg 1.0		__DUMMY__ 0.9324377858276867 off 0.03415511419188018 neg 0.033407099980433064	false	0.5
skeptisch	neg 1.0		__DUMMY__ 0.9324401673331245 off 0.0338581847087045 neg 0.033701647958170954	false	0.5
schrecklich	neg 1.0		__DUMMY__ 0.9249038249879244 off 0.044914653137079964 neg 0.030181521874995645	false	0.5
schlapp	neg 1.0		__DUMMY__ 0.9279526459279656 off 0.041445130579619224 neg 0.030602223492415266	false	0.5
abfall	neg 1.0		__DUMMY__ 0.9366982561613134 neg 0.03235509909465397 off 0.03094664474403269	false	1.0
widerspenstig	neg 1.0		__DUMMY__ 0.9311500775434824 off 0.03744781181785881 neg 0.03140211063865868	false	0.5
abrupt	neg 1.0		__DUMMY__ 0.9355956463780994 off 0.033966242232010356 neg 0.03043811138989021	false	0.5
unwirksam	neg 1.0		__DUMMY__ 0.926504529266772 off 0.03741591565648513 neg 0.03607955507674282	false	0.5
angreifen	neg 1.0		__DUMMY__ 0.9325685534042868 off 0.033940583817148325 neg 0.03349086277856483	false	0.5
inkonsistent	neg 1.0		__DUMMY__ 0.9297972116846024 off 0.03798484358403729 neg 0.03221794473136024	false	0.5
abrutschen	neg 1.0		__DUMMY__ 0.9342225659975063 neg 0.03436981434166135 off 0.03140761966083241	false	1.0
unsicher	neg 1.0		__DUMMY__ 0.931327505960592 off 0.03753664607604981 neg 0.031135847963358165	false	0.5
bauernkind	off 1.0	off 1.0	off 0.511380911791174 __DUMMY__ 0.4557104213157167 neg 0.03290866689310935	false	1.0
angreifer	neg 1.0	neg 1.0	neg 0.4964745191929099 __DUMMY__ 0.4680078656241945 off 0.03551761518289556	false	1.0
trennen	neg 1.0		__DUMMY__ 0.9356344512660106 off 0.033301745510828616 neg 0.031063803223160796	false	0.5
schmutz	neg 1.0		__DUMMY__ 0.9356559295453193 off 0.03837821409406776 neg 0.025965856360612907	false	0.5
inkonsistenz	neg 1.0		__DUMMY__ 0.9226626061729417 off 0.042162237766721476 neg 0.0351751560603369	false	0.5
erschreckend	neg 1.0		__DUMMY__ 0.9295006351345947 off 0.037225452369683346 neg 0.03327391249572198	false	0.5
ertrinken	neg 1.0		__DUMMY__ 0.9343703999837549 off 0.034042973360032286 neg 0.03158662665621277	false	0.5
pickelface	off 1.0		__DUMMY__ 0.932226920916439 off 0.03677561652402021 neg 0.030997462559540844	false	1.0
seiner			__DUMMY__ 0.9330415577614088 off 0.03405703141353761 neg 0.03290141082505355	false	0.0
lauch	neg 1.0		__DUMMY__ 0.9365730068737029 neg 0.03199803641184311 off 0.03142895671445396	false	1.0
unwichtig	neg 1.0		__DUMMY__ 0.9259806322997987 off 0.041633724085239666 neg 0.03238564361496167	false	0.5
steuerhinterziehung	neg 1.0	neg 1.0	neg 0.5005347077487153 __DUMMY__ 0.46693685385966877 off 0.03252843839161584	false	1.0
schock	neg 1.0		__DUMMY__ 0.9321806498741598 off 0.03684831189796951 neg 0.030971038227870746	false	0.5
beule	neg 1.0		__DUMMY__ 0.9271646224213178 off 0.04219599223294227 neg 0.030639385345739945	false	0.5
vergelten	neg 1.0		__DUMMY__ 0.9279446177744892 off 0.04408278617207282 neg 0.027972596053437986	false	0.5
verdorbenheit	neg 1.0		__DUMMY__ 0.9332733849050929 off 0.0374987688297135 neg 0.029227846265193543	false	0.5
trauma	neg 1.0		__DUMMY__ 0.930552669701093 off 0.03829749663199285 neg 0.031149833666914248	false	0.5
sinnlos	neg 1.0		__DUMMY__ 0.929543147460854 off 0.03942187455095541 neg 0.031034977988190618	false	0.5
fettsack	off 1.0	off 1.0	off 0.5122531344714075 __DUMMY__ 0.4572555089296366 neg 0.030491356598955802	false	1.0
feige	off 1.0	off 1.0	off 0.5083810371912157 __DUMMY__ 0.46127792811036544 neg 0.030341034698418767	false	1.0
abdanken	neg 1.0		__DUMMY__ 0.9311031109384872 off 0.037427955753485294 neg 0.031468933308027504	false	0.5
wichtigtuer	off 1.0	off 1.0	off 0.5065423790365645 __DUMMY__ 0.46320853925476685 neg 0.030249081708668687	false	1.0
misslingen	neg 1.0		__DUMMY__ 0.9351485865211708 off 0.037413135041960977 neg 0.027438278436868187	false	0.5
untreu	off 1.0		__DUMMY__ 0.9268419697294649 off 0.04193101094348655 neg 0.031227019327048584	false	1.0
missmutig	neg 1.0		__DUMMY__ 0.9286483375545471 off 0.041262848407019055 neg 0.030088814038433772	false	0.5
hurenbock	off 1.0		__DUMMY__ 0.9325524319397953 off 0.03875295297851475 neg 0.028694615081689915	false	1.0
betrunken	neg 1.0		__DUMMY__ 0.9271483117936323 off 0.0429010682196008 neg 0.02995061998676685	false	0.5
korrupt	off 1.0		__DUMMY__ 0.9286146764329245 off 0.036070451143395334 neg 0.03531487242368022	false	1.0
unmut	neg 1.0		__DUMMY__ 0.9349685209417162 neg 0.03347427494848363 off 0.031557204109800195	false	1.0
hackfresse	off 1.0		__DUMMY__ 0.9215746998592644 off 0.04777223033857857 neg 0.030653069802157023	false	1.0
aufblasen	neg 1.0		__DUMMY__ 0.9309130232880162 off 0.03887565754323584 neg 0.03021131916874804	false	0.5
gewaltsam	neg 1.0		__DUMMY__ 0.9327927478159612 off 0.03637244673568326 neg 0.030834805448355634	false	0.5
unbeliebtheit	neg 1.0		__DUMMY__ 0.924967901252013 off 0.04101059170041156 neg 0.03402150704757536	false	0.5
sturheit	neg 1.0		__DUMMY__ 0.9303088132351377 off 0.03684368577933743 neg 0.03284750098552487	false	0.5
kuh	neg 1.0		__DUMMY__ 0.9247431175054747 off 0.03925144103635225 neg 0.03600544145817314	false	0.5
erschrecken	neg 1.0		__DUMMY__ 0.929613369303093 off 0.04104464620656651 neg 0.02934198449034055	false	0.5
opfer	neg 1.0		__DUMMY__ 0.9326536946785546 off 0.034985067339927574 neg 0.03236123798151782	false	0.5
sinken	neg 1.0		__DUMMY__ 0.9356313262202308 neg 0.03252429212397716 off 0.03184438165579203	false	1.0
stinktier	neg 1.0		__DUMMY__ 0.9191538933435252 off 0.04567446245218205 neg 0.03517164420429282	false	0.5
tucke	off 1.0		__DUMMY__ 0.9207095811370039 off 0.04861741956807038 neg 0.030672999294925774	false	1.0
ein			__DUMMY__ 0.9301070549701459 off 0.038193631878103346 neg 0.031699313151750744	false	0.0
abstieg	neg 1.0		__DUMMY__ 0.9331952200437212 off 0.03409793233957333 neg 0.03270684761670544	false	0.5
missverstehen	neg 1.0		__DUMMY__ 0.9261661849645842 off 0.0402450258161357 neg 0.03358878921928015	false	0.5
ergebnislos	neg 1.0		__DUMMY__ 0.9334384971484215 off 0.03384867684447811 neg 0.03271282600710036	false	0.5
unter			__DUMMY__ 0.9402983611183477 neg 0.032389821126713486 off 0.027311817754938857	false	0.0
manipulieren	neg 1.0		__DUMMY__ 0.9342116325846141 off 0.03355130633521042 neg 0.032237061080175454	false	0.5
unbewiesen	neg 1.0		__DUMMY__ 0.9266825828540192 off 0.03788611963529141 neg 0.03543129751068946	false	0.5
verschleppen	neg 1.0		__DUMMY__ 0.9314895333996217 off 0.03531978358865836 neg 0.033190683011719915	false	0.5
weib	off 1.0		__DUMMY__ 0.9182960561482472 off 0.04854057421287015 neg 0.033163369638882695	false	1.0
opposition	neg 1.0		__DUMMY__ 0.9281910680504796 off 0.0386564769787856 neg 0.03315245497073481	false	0.5
verkehrswidrig	neg 1.0		__DUMMY__ 0.9289449289363984 off 0.0443701669693475 neg 0.026684904094254062	false	0.5
inkorrekt	neg 1.0		__DUMMY__ 0.9229457744134137 off 0.044817157602237985 neg 0.03223706798434827	false	0.5
vermeiden	neg 1.0		__DUMMY__ 0.9367662135552465 neg 0.03333875411095074 off 0.029895032333802838	false	1.0
abweichung	neg 1.0		__DUMMY__ 0.9315960565282597 off 0.03473410844335206 neg 0.03366983502838821	false	0.5
alkoholisiert	neg 1.0		__DUMMY__ 0.9343312324921983 off 0.033306237539505575 neg 0.03236252996829614	false	0.5
scheiss	off 1.0	off 1.0	off 0.5079301591752391 __DUMMY__ 0.46299243772907805 neg 0.0290774030956829	false	1.0
herausforderung	neg 1.0		__DUMMY__ 0.9339448650193806 off 0.03360306726768877 neg 0.032452067712930625	false	0.5
pervers	off 1.0		__DUMMY__ 0.9189476007353413 off 0.050607936408807966 neg 0.030444462855850774	false	1.0
wackelig	neg 1.0		__DUMMY__ 0.9347173693594235 off 0.03559023062885704 neg 0.029692400011719546	false	0.5
verwickeln	neg 1.0		__DUMMY__ 0.9265573896041228 off 0.03984034597644586 neg 0.03360226441943124	false	0.5
vorwand	neg 1.0		__DUMMY__ 0.9329731725282199 neg 0.03353866908434628 off 0.03348815838743394	false	1.0
muschi	off 1.0		__DUMMY__ 0.9317833423822827 off 0.036958313456279805 neg 0.03125834416143754	false	1.0
entmutigung	neg 1.0		__DUMMY__ 0.9291612029708926 off 0.03882601451324596 neg 0.03201278251586154	false	0.5
unangemessen	neg 1.0		__DUMMY__ 0.9284597429255609 off 0.03665114710658005 neg 0.034889109967859176	false	0.5
unstetig	neg 1.0		__DUMMY__ 0.9292235119634387 off 0.03935675898439666 neg 0.03141972905216466	false	0.5
entmutigen	neg 1.0		__DUMMY__ 0.930136647877866 off 0.038358317999184176 neg 0.031505034122949895	false	0.5
schwanz	neg 1.0		__DUMMY__ 0.9334994250399734 off 0.034711629504697895 neg 0.03178894545532875	false	0.5
verbot	neg 1.0		__DUMMY__ 0.9311784946342893 off 0.035670435540462085 neg 0.03315106982524864	false	0.5
leid	neg 1.0		__DUMMY__ 0.9225068306592645 off 0.04619305444616044 neg 0.031300114894575	false	0.5
archaisch	neg 1.0		__DUMMY__ 0.9309095036714178 off 0.03662961218507026 neg 0.03246088414351198	false	0.5
gegen			__DUMMY__ 0.9346496748361266 neg 0.03310947197828048 off 0.03224085318559287	false	0.0
scheidung	neg 1.0		__DUMMY__ 0.9212549131135702 off 0.05421810228281166 neg 0.02452698460361806	false	0.5
einschlag	neg 1.0		__DUMMY__ 0.9258653256168906 off 0.043910087167698564 neg 0.030224587215410798	false	0.5
m			__DUMMY__ 0.9329676687362091 off 0.035527452823990155 neg 0.031504878439800786	false	0.0
abgestanden	neg 1.0		__DUMMY__ 0.9298150444307465 off 0.037371001625958786 neg 0.03281395394329471	false	0.5
schmierig	off 1.0		__DUMMY__ 0.9248861793573668 off 0.04556075753856586 neg 0.029553063104067252	false	1.0
unpraktisch	neg 1.0		__DUMMY__ 0.9299434445708193 off 0.038486627032811783 neg 0.03156992839636891	false	0.5
wixxer	off 1.0		__DUMMY__ 0.9171491767538398 off 0.05083973735997844 neg 0.032011085886181775	false	1.0
bezeichnet			__DUMMY__ 0.927935780863494 off 0.037944915703050135 neg 0.034119303433455754	false	0.0
jammerlappen	off 1.0		__DUMMY__ 0.928068461301869 off 0.041588756051190945 neg 0.030342782646940108	false	1.0
farce	neg 1.0		__DUMMY__ 0.9301167199641203 off 0.036424384688605344 neg 0.03345889534727432	false	0.5
zwecklos	neg 1.0		__DUMMY__ 0.930038638919654 off 0.0363132858864179 neg 0.03364807519392806	false	0.5
turbulent	neg 1.0		__DUMMY__ 0.9263570215200786 off 0.04266567875399219 neg 0.03097729972592927	false	0.5
invasion	neg 1.0		__DUMMY__ 0.9287017039193278 off 0.0391525507700093 neg 0.03214574531066279	false	0.5
schuld	neg 1.0		__DUMMY__ 0.9283468059855028 off 0.03871103035138511 neg 0.032942163663112076	false	0.5
risiko	neg 1.0	neg 1.0	neg 0.49641540845545734 __DUMMY__ 0.4687446167819797 off 0.03483997476256299	false	1.0
finster	neg 1.0		__DUMMY__ 0.9280217870392724 off 0.0381848250321782 neg 0.033793387928549364	false	0.5
geisteskrank	off 1.0		__DUMMY__ 0.923124719388609 off 0.043262448345379144 neg 0.03361283226601188	false	1.0
zusammenbrechen	neg 1.0		__DUMMY__ 0.9313170191157918 off 0.036258639984624794 neg 0.03242434089958352	false	0.5
ausbeute	neg 1.0		__DUMMY__ 0.9388580131317136 off 0.034083090326616904 neg 0.02705889654166962	false	0.5
hinterhalt	neg 1.0		__DUMMY__ 0.9382440600489408 off 0.03573066246861254 neg 0.026025277482446582	false	0.5
kritik	neg 1.0		__DUMMY__ 0.9299508400672035 off 0.03631561513173971 neg 0.03373354480105672	false	0.5
einschrumpfen	neg 1.0		__DUMMY__ 0.9268856337471051 off 0.04088518463125539 neg 0.03222918162163953	false	0.5
riskant	neg 1.0		__DUMMY__ 0.9312965119839721 off 0.034364519349649285 neg 0.0343389686663786	false	0.5
frustrieren	neg 1.0		__DUMMY__ 0.9312522479383242 off 0.03504753183568151 neg 0.033700220225994316	false	0.5
groll	neg 1.0		__DUMMY__ 0.9301904016879962 off 0.03593949877971328 neg 0.03387009953229059	false	0.5
gibt			__DUMMY__ 0.9312983760837091 off 0.036391204934055385 neg 0.032310418982235516	false	0.0
qualvoll	neg 1.0		__DUMMY__ 0.9299419689828221 off 0.03997597925853666 neg 0.030082051758641176	false	0.5
wackeln	neg 1.0		__DUMMY__ 0.9326935398464823 off 0.03814521559341956 neg 0.029161244560098217	false	0.5
klagen	neg 1.0		__DUMMY__ 0.9339136708504604 neg 0.033909014550249424 off 0.03217731459929019	false	1.0
bankrott	neg 1.0		__DUMMY__ 0.9297736651895325 off 0.04076515086710534 neg 0.02946118394336205	false	0.5
trauern	neg 1.0		__DUMMY__ 0.9351877957864368 off 0.034486885238061794 neg 0.030325318975501322	false	0.5
ablehnung	neg 1.0		__DUMMY__ 0.9298139181762465 off 0.03612512154373552 neg 0.034060960280017996	false	0.5
stur	neg 1.0		__DUMMY__ 0.9280352324276061 off 0.03880542030156095 neg 0.03315934727083289	false	0.5
aufruhr	neg 1.0		__DUMMY__ 0.9313269910982475 off 0.03684378464127908 neg 0.031829224260473424	false	0.5
melancholie	neg 1.0		__DUMMY__ 0.933273034008851 off 0.03469736989702762 neg 0.03202959609412141	false	0.5
ist			__DUMMY__ 0.9292950124805254 off 0.039210931722528264 neg 0.03149405579694636	false	0.0
torheit	neg 1.0		__DUMMY__ 0.9304381190140654 off 0.03803481777354369 neg 0.03152706321239089	false	0.5
dreckskind	off 1.0		__DUMMY__ 0.9202521433826651 off 0.04717182391618013 neg 0.03257603270115463	false	1.0
umtauschen	neg 1.0		__DUMMY__ 0.9310804149513268 off 0.03680143564145457 neg 0.03211814940721857	false	0.5
zum			__DUMMY__ 0.9401049366501603 neg 0.030125256004762086 off 0.02976980734507766	false	0.0
zersetzen	neg 1.0		__DUMMY__ 0.9320792355204813 neg 0.03420475048972357 off 0.03371601398979515	false	1.0
zur			__DUMMY__ 0.9382986652124493 neg 0.03210338140040569 off 0.029597953387144996	false	0.0
frust	neg 1.0		__DUMMY__ 0.93159967865095 off 0.03631122453970523 neg 0.03208909680934481	false	0.5
unerbittlichkeit	neg 1.0		__DUMMY__ 0.9330259758715523 off 0.03363477481195979 neg 0.0333392493164878	false	0.5
zwei			__DUMMY__ 0.938560687552088 neg 0.03078682874374827 off 0.030652483704163788	false	0.0
unkorrekt	neg 1.0		__DUMMY__ 0.9242914092732395 off 0.04422889796499469 neg 0.03147969276176578	false	0.5
hexe	off 1.0		__DUMMY__ 0.9251795950787524 off 0.04153098015088597 neg 0.033289424770361634	false	1.0
lasch	neg 1.0		__DUMMY__ 0.9256870282840307 off 0.04101938776224257 neg 0.03329358395372674	false	0.5
rivale	neg 1.0		__DUMMY__ 0.9262182080133808 off 0.04328278492285776 neg 0.0304990070637614	false	0.5
mutlos	off 1.0	off 1.0	off 0.5015487675047525 __DUMMY__ 0.4670557196435976 neg 0.03139551285164997	false	1.0
wirr	off 1.0		__DUMMY__ 0.9237248186413458 off 0.04490454824784723 neg 0.031370633110806866	false	1.0
jahr			__DUMMY__ 0.9390183147172201 off 0.03252044642475792 neg 0.028461238858022084	false	0.0
wird			__DUMMY__ 0.9315863865875115 off 0.03535747892971316 neg 0.03305613448277541	false	0.0
strafbar	neg 1.0		__DUMMY__ 0.931247235931976 off 0.03477402386204588 neg 0.03397874020597801	false	0.5
erosion	neg 1.0		__DUMMY__ 0.9326870897385917 off 0.03737577674932189 neg 0.02993713351208634	false	0.5
eingehen	neg 1.0		__DUMMY__ 0.9308668379936959 off 0.03490894070926447 neg 0.034224221297039725	false	0.5
faul	off 1.0		__DUMMY__ 0.9294590632216607 off 0.040608257258422285 neg 0.02993267951991697	false	1.0
provisorium	neg 1.0		__DUMMY__ 0.9405859077480896 neg 0.0317937221160809 off 0.02762037013582953	false	1.0
schmerzen	neg 1.0		__DUMMY__ 0.9305252067688284 off 0.0362940381341988 neg 0.03318075509697276	false	0.5
schrumpfen	neg 1.0		__DUMMY__ 0.9349309690531767 neg 0.03500063192823992 off 0.03006839901858328	false	1.0
geistlos	off 1.0		__DUMMY__ 0.925478728263658 off 0.040251242908867266 neg 0.03427002882747482	false	1.0
fehlkauf	neg 1.0		__DUMMY__ 0.931084963529681 off 0.03903750668761462 neg 0.02987752978270436	false	0.5
frustrierend	neg 1.0		__DUMMY__ 0.9278264776299371 off 0.04081647069248311 neg 0.03135705167757983	false	0.5
unzufrieden	neg 1.0		__DUMMY__ 0.9296031024486787 off 0.03609062604398224 neg 0.034306271507339066	false	0.5
verzweifeln	neg 1.0		__DUMMY__ 0.9305608986342412 off 0.03696725828707051 neg 0.03247184307868838	false	0.5
verzweifelt	neg 1.0	neg 1.0	neg 0.5010245649647516 __DUMMY__ 0.4636723262215878 off 0.03530310881366063	false	1.0
misstrauensantrag	neg 1.0		__DUMMY__ 0.9290429564310431 off 0.03910415683893798 neg 0.031852886730018924	false	0.5
abfallen	neg 1.0		__DUMMY__ 0.9322688176075675 off 0.03789065933571806 neg 0.029840523056714408	false	0.5
fucker	off 1.0		__DUMMY__ 0.9268417054847691 off 0.04401952509984709 neg 0.029138769415383754	false	1.0
ungezogen	neg 1.0		__DUMMY__ 0.9199808094178785 off 0.0498417478115241 neg 0.030177442770597297	false	0.5
irrsinnig	neg 1.0	neg 1.0	neg 0.5004064095202857 __DUMMY__ 0.4643127884064977 off 0.035280802073216586	false	1.0
unfassbar	neg 1.0		__DUMMY__ 0.9270945817440268 off 0.04250625780337593 neg 0.030399160452597256	false	0.5
hart	neg 1.0		__DUMMY__ 0.9275398212674116 off 0.041972702295819155 neg 0.030487476436769235	false	0.5
widerlich	off 1.0		__DUMMY__ 0.9245911244526108 off 0.04310138400481528 neg 0.03230749154257383	false	1.0
fatal	neg 1.0		__DUMMY__ 0.9296368746935018 off 0.0395212928033365 neg 0.030841832503161744	false	0.5
bruch	neg 1.0		__DUMMY__ 0.9340848856696872 neg 0.033403708307054435 off 0.032511406023258485	false	1.0
aushungern	neg 1.0		__DUMMY__ 0.9325050389263103 off 0.03641741422073129 neg 0.031077546852958327	false	0.5
anspannung	neg 1.0		__DUMMY__ 0.9387072624307554 neg 0.031232396780609555 off 0.0300603407886351	false	1.0
von			__DUMMY__ 0.9407542679056276 off 0.032548404541917694 neg 0.026697327552454735	false	0.0
kraftlos	neg 1.0		__DUMMY__ 0.9327723314532261 off 0.035620041562111814 neg 0.031607626984662046	false	0.5
vom			__DUMMY__ 0.9417672516748994 neg 0.030358001660980814 off 0.027874746664119834	false	0.0
grenzdebil	off 1.0		__DUMMY__ 0.9276619475681376 off 0.04265938510134376 neg 0.02967866733051875	false	1.0
vor			__DUMMY__ 0.9356901258803585 off 0.03279988380191108 neg 0.0315099903177304	false	0.0
unterwerfen	neg 1.0		__DUMMY__ 0.9325305102971779 off 0.03494101397776406 neg 0.032528475725058056	false	0.5
versenkung	neg 1.0		__DUMMY__ 0.9334584226683881 off 0.035087293796633674 neg 0.0314542835349782	false	0.5
entziehen	neg 1.0		__DUMMY__ 0.9336360670610894 neg 0.033800638819586115 off 0.03256329411932462	false	1.0
finanzkrise	neg 1.0		__DUMMY__ 0.9298670662037506 off 0.0368141848338277 neg 0.033318748962421735	false	0.5
schimpfend	neg 1.0		__DUMMY__ 0.9297067726374912 off 0.038794226759710004 neg 0.03149900060279876	false	0.5
profan	neg 1.0		__DUMMY__ 0.9278896420659396 off 0.039793880951378195 neg 0.032316476982682175	false	0.5
korruption	neg 1.0		__DUMMY__ 0.931773394799492 off 0.03538591268795592 neg 0.03284069251255212	false	0.5
â			__DUMMY__ 0.9343272473061377 off 0.035077958760861776 neg 0.030594793933000512	false	0.0
schmutzig	neg 1.0		__DUMMY__ 0.9281691887118804 off 0.04301897988223149 neg 0.028811831405888104	false	0.5
sexy	neg 1.0		__DUMMY__ 0.9295409851306239 off 0.04047412312045027 neg 0.029984891748925945	false	0.5
abraten	neg 1.0		__DUMMY__ 0.9293455126150704 off 0.03912970792317725 neg 0.031524779461752354	false	0.5
schwarz	neg 1.0		__DUMMY__ 0.9296615607326636 off 0.03891580864488764 neg 0.03142263062244879	false	0.5
fotze	off 1.0	off 1.0	off 0.5025137392763284 __DUMMY__ 0.46898257164517637 neg 0.028503689078495303	false	1.0
verwirren	neg 1.0		__DUMMY__ 0.9284266803211747 off 0.04022589615785952 neg 0.03134742352096579	false	0.5
zahnlos	off 1.0		__DUMMY__ 0.9298613028470409 off 0.03673430628680241 neg 0.033404390866156694	false	1.0
verheeren	neg 1.0		__DUMMY__ 0.9217647081431444 off 0.05114014686248485 neg 0.027095144994370764	false	0.5
hippie	neg 1.0		__DUMMY__ 0.9296230157364218 off 0.04026717322162394 neg 0.030109811041954305	false	0.5
rammen	neg 1.0		__DUMMY__ 0.928731044735268 off 0.038383640369434535 neg 0.03288531489529745	false	0.5
unlauter	neg 1.0		__DUMMY__ 0.9268618735150285 off 0.03852182614297732 neg 0.03461630034199419	false	0.5
unheilvoll	neg 1.0		__DUMMY__ 0.9310376868411931 off 0.03872925815507701 neg 0.03023305500372983	false	0.5
niedrig	neg 1.0		__DUMMY__ 0.9314028665568548 neg 0.03491792723283256 off 0.03367920621031266	false	1.0
explosion	neg 1.0		__DUMMY__ 0.9294100659263608 off 0.03976452011265205 neg 0.030825413960987123	false	0.5
weichei	off 1.0	off 1.0	off 0.5124012246634373 __DUMMY__ 0.45907066731324714 neg 0.028528108023315547	false	1.0
minusmensch	off 1.0		__DUMMY__ 0.9187343082417857 off 0.049432671384449504 neg 0.031833020373764745	false	1.0
farblos	neg 1.0		__DUMMY__ 0.9327587542898492 off 0.03673875378454091 neg 0.0305024919256099	false	0.5
unwissend	neg 1.0	neg 1.0	neg 0.49973984815233896 __DUMMY__ 0.4622700470026964 off 0.03799010484496451	false	1.0
traurig	neg 1.0		__DUMMY__ 0.9257869092174743 off 0.044334742423642104 neg 0.029878348358883595	false	0.5
senkung	neg 1.0		__DUMMY__ 0.926465201582415 off 0.039661081489844555 neg 0.033873716927740535	false	0.5
ungleich	neg 1.0	neg 1.0	neg 0.5017044689015671 __DUMMY__ 0.46730487257608444 off 0.030990658522348353	false	1.0
heikel	neg 1.0		__DUMMY__ 0.9310248031647086 neg 0.03465750016445376 off 0.03431769667083762	false	1.0
drosselung	neg 1.0		__DUMMY__ 0.9270548732778731 off 0.042414488425308094 neg 0.03053063829681891	false	0.5
falsch	neg 1.0		__DUMMY__ 0.9269468125489523 off 0.04092877291486985 neg 0.03212441453617787	false	0.5
unzufriedenheit	neg 1.0		__DUMMY__ 0.9333481624113134 neg 0.033484162988235186 off 0.03316767460045146	false	1.0
kurz	neg 1.0		__DUMMY__ 0.9335315082533594 off 0.036140344304605596 neg 0.030328147442034988	false	0.5
unsinnig	neg 1.0		__DUMMY__ 0.9289652127541765 off 0.03682847577980195 neg 0.034206311466021565	false	0.5
penner	off 1.0	off 1.0	off 0.5136178934269837 __DUMMY__ 0.4587320700651945 neg 0.02765003650782181	false	1.0
seicht	neg 1.0		__DUMMY__ 0.9186271041879182 off 0.04977479385758863 neg 0.03159810195449313	false	0.5
dummheit	off 1.0	off 1.0	off 0.506755871747591 __DUMMY__ 0.4631627412832352 neg 0.030081386969173906	false	1.0
unerfreulich	neg 1.0		__DUMMY__ 0.9330105419293274 off 0.033495744059581584 neg 0.03349371401109099	false	0.5
motherfucker	off 1.0	off 1.0	off 0.5097221349275355 __DUMMY__ 0.4629722643862286 neg 0.027305600686235783	false	1.0
pikiert	neg 1.0		__DUMMY__ 0.9258321377418615 off 0.04249190972603545 neg 0.03167595253210302	false	0.5
wrack	neg 1.0		__DUMMY__ 0.9339190360064699 off 0.035431935881055615 neg 0.030649028112474566	false	0.5
gangster	neg 1.0		__DUMMY__ 0.929583232649099 off 0.04025951909819056 neg 0.030157248252710434	false	0.5
krank	neg 1.0		__DUMMY__ 0.9277090136842333 off 0.042438482796876495 neg 0.029852503518890135	false	0.5
reich	neg 1.0		__DUMMY__ 0.9303686475534669 off 0.041622950426869004 neg 0.028008402019664085	false	0.5
gnadenlos	neg 1.0		__DUMMY__ 0.9290252747229167 off 0.038786377830874 neg 0.03218834744620929	false	0.5
niedergeschlagen	neg 1.0		__DUMMY__ 0.9323051002788691 off 0.03643949323574791 neg 0.03125540648538285	false	0.5
terrorisieren	off 1.0	off 1.0	off 0.5016730983970329 __DUMMY__ 0.46869279243795386 neg 0.029634109165013262	false	1.0
sinnlosigkeit	neg 1.0		__DUMMY__ 0.9305924609263722 off 0.0362257812680311 neg 0.03318175780559672	false	0.5
behindern	neg 1.0		__DUMMY__ 0.9317940093276188 off 0.03681647407750008 neg 0.031389516594881074	false	0.5
undemokratisch	neg 1.0		__DUMMY__ 0.9293115260386468 off 0.038690844119866646 neg 0.03199762984148666	false	0.5
wirtschaftskrise	neg 1.0		__DUMMY__ 0.931270307128101 off 0.03523551334439107 neg 0.03349417952750793	false	0.5
neid	neg 1.0		__DUMMY__ 0.9293830105654955 off 0.040512894756575595 neg 0.030104094677928857	false	0.5
rutschen	neg 1.0		__DUMMY__ 0.9396078580379794 off 0.030484604617381283 neg 0.02990753734463931	false	0.5
rezession	neg 1.0		__DUMMY__ 0.9203674130249311 off 0.04495587651128537 neg 0.03467671046378358	false	0.5
fehlgeburt	neg 1.0		__DUMMY__ 0.9313290812371866 off 0.03872989256982531 neg 0.029941026192988177	false	0.5
charakterschwach	off 1.0		__DUMMY__ 0.9247233675923597 off 0.043057310204348054 neg 0.03221932220329227	false	1.0
isolation	neg 1.0		__DUMMY__ 0.9286916464171976 off 0.040412498169320236 neg 0.0308958554134822	false	0.5
ablenkung	neg 1.0		__DUMMY__ 0.9312018007088609 off 0.03763799358504962 neg 0.031160205706089433	false	0.5
pech	neg 1.0		__DUMMY__ 0.9272099442437363 off 0.04016142358615308 neg 0.03262863217011064	false	0.5
vermeidung	neg 1.0		__DUMMY__ 0.9279926413365296 off 0.04254587578579702 neg 0.02946148287767337	false	0.5
dominieren	neg 1.0		__DUMMY__ 0.9336909592766776 off 0.0345464697932954 neg 0.03176257093002703	false	0.5
schwindlig	neg 1.0		__DUMMY__ 0.9309757818629025 off 0.03882558944575631 neg 0.03019862869134122	false	0.5
lutscher	neg 1.0		__DUMMY__ 0.9192892440858697 off 0.049815174558926915 neg 0.030895581355203407	false	0.5
pflicht	neg 1.0		__DUMMY__ 0.9319120889424918 neg 0.03455670482557225 off 0.033531206231936006	false	1.0
faschist	off 1.0		__DUMMY__ 0.9284253898246604 off 0.0406696375343117 neg 0.030904972641027935	false	1.0
verschleudern	neg 1.0		__DUMMY__ 0.9312995438633912 neg 0.03456941689154805 off 0.03413103924506075	false	1.0
wenn			__DUMMY__ 0.9277918130124035 off 0.04106832858762995 neg 0.03113985839996644	false	0.0
ehebruch	neg 1.0		__DUMMY__ 0.9325269186327796 off 0.03536199629960359 neg 0.03211108506761678	false	0.5
spott	off 1.0		__DUMMY__ 0.9315047288944981 off 0.03503384939311122 neg 0.03346142171239066	false	1.0
trostlosigkeit	neg 1.0		__DUMMY__ 0.9357792847238617 off 0.032840756782249694 neg 0.03137995849388847	false	0.5
lutschen	neg 1.0		__DUMMY__ 0.9277048731193095 off 0.04067710705808472 neg 0.03161801982260585	false	0.5
undiszipliniert	neg 1.0		__DUMMY__ 0.9250709490902016 off 0.043901588811729925 neg 0.03102746209806849	false	0.5
kopfschmerz	neg 1.0		__DUMMY__ 0.931340142959551 off 0.035522712617655716 neg 0.03313714442279325	false	0.5
unvorhergesehen	neg 1.0		__DUMMY__ 0.9364770772381578 off 0.03323493058948616 neg 0.030287992172356105	false	0.5
desinteressiert	neg 1.0		__DUMMY__ 0.92538349026565 off 0.04360004020075432 neg 0.031016469533595624	false	0.5
armselig	off 1.0		__DUMMY__ 0.9228914101084479 off 0.044745742946054504 neg 0.03236284694549765	false	1.0
desaster	neg 1.0		__DUMMY__ 0.934313032770242 neg 0.03360950171193298 off 0.03207746551782498	false	1.0
tod	neg 1.0		__DUMMY__ 0.9375656420095898 off 0.034930346386593106 neg 0.027504011603817075	false	0.5
herzlos	neg 1.0		__DUMMY__ 0.9246751607293194 off 0.04448790446627458 neg 0.030836934804405976	false	0.5
unwissenheit	neg 1.0		__DUMMY__ 0.9308011814555656 off 0.035988363628826014 neg 0.033210454915608416	false	0.5
widersinnig	neg 1.0		__DUMMY__ 0.9279879833517659 off 0.036211771350172554 neg 0.035800245298061605	false	0.5
bedenklich	neg 1.0		__DUMMY__ 0.9305234472926754 off 0.03527633335020071 neg 0.03420021935712386	false	0.5
beanstanden	neg 1.0		__DUMMY__ 0.9327345981959111 neg 0.03411403217323471 off 0.03315136963085426	false	1.0
panisch	neg 1.0	neg 1.0	neg 0.49623696701806086 __DUMMY__ 0.46814822681586304 off 0.035614806166076186	false	1.0
debil	off 1.0		__DUMMY__ 0.9402794738507663 neg 0.031454946966175845 off 0.028265579183057915	false	0.5
abstrich	neg 1.0		__DUMMY__ 0.9386310956286222 off 0.035581747858057594 neg 0.025787156513320156	false	0.5
primitiv	neg 1.0		__DUMMY__ 0.9243426682525784 off 0.04329354658491841 neg 0.03236378516250313	false	0.5
abschaum	off 1.0	off 1.0	off 0.5084795619116906 __DUMMY__ 0.4627008128180982 neg 0.028819625270211195	false	1.0
provozieren	neg 1.0		__DUMMY__ 0.9276643218927695 off 0.03867291275200059 neg 0.033662765355230016	false	0.5
tot	neg 1.0		__DUMMY__ 0.9323397565820994 off 0.035058016052940795 neg 0.03260222736495972	false	0.5
instabil	neg 1.0		__DUMMY__ 0.9243266541633877 off 0.0441081194053007 neg 0.03156522643131172	false	0.5
schwuchtel	off 1.0	off 1.0	off 0.5181626020523111 __DUMMY__ 0.4537223538726542 neg 0.02811504407503468	false	1.0
zerren	neg 1.0		__DUMMY__ 0.9322567954244325 off 0.03613986200260125 neg 0.031603342572966146	false	0.5
kinderficker	off 1.0		__DUMMY__ 0.923539286679468 off 0.046817992029394837 neg 0.02964272129113712	false	1.0
gefahr	neg 1.0		__DUMMY__ 0.9347639476484116 off 0.03302257693609618 neg 0.03221347541549211	false	0.5
rabiat	neg 1.0		__DUMMY__ 0.9305365638887918 off 0.03789423374683403 neg 0.03156920236437412	false	0.5
verlangsamung	neg 1.0		__DUMMY__ 0.9199251645773656 off 0.04822819064345766 neg 0.0318466447791767	false	0.5
ausgestorben	neg 1.0		__DUMMY__ 0.931470040287775 off 0.037554606651759574 neg 0.03097535306046543	false	0.5
anklagen	neg 1.0		__DUMMY__ 0.9321138756760311 off 0.035459898944732435 neg 0.032426225379236485	false	0.5
trott	neg 1.0		__DUMMY__ 0.9313905586843338 off 0.03715448262512138 neg 0.03145495869054472	false	0.5
verminderung	neg 1.0		__DUMMY__ 0.9266412697386085 off 0.042777757304000213 neg 0.030580972957391348	false	0.5
nach			__DUMMY__ 0.9393961939690159 neg 0.030931612472923174 off 0.029672193558060975	false	0.0
rost	neg 1.0		__DUMMY__ 0.922873941287616 off 0.04683220274752184 neg 0.030293855964862053	false	0.5
destruktiv	neg 1.0		__DUMMY__ 0.9288428332319671 off 0.03769325270755482 neg 0.03346391406047803	false	0.5
unzumutbarkeit	neg 1.0		__DUMMY__ 0.9285283209192651 off 0.04186807164815787 neg 0.029603607432576992	false	0.5
labil	off 1.0	off 1.0	off 0.5078637373633742 __DUMMY__ 0.4636658605192478 neg 0.028470402117377933	false	1.0
ziemlich	neg 1.0		__DUMMY__ 0.9278073608454033 off 0.042274129563068884 neg 0.029918509591527753	false	0.5
lachnummer	off 1.0		__DUMMY__ 0.9284345989023058 off 0.038436027367119124 neg 0.033129373730575055	false	1.0
oder			__DUMMY__ 0.9309866331808347 off 0.0381099872874353 neg 0.030903379531729926	false	0.0
verfall	neg 1.0		__DUMMY__ 0.9362539225073762 neg 0.03370084161893972 off 0.03004523587368417	false	1.0
ausgrenzung	neg 1.0		__DUMMY__ 0.9294467591811838 off 0.03915823004029344 neg 0.0313950107785228	false	0.5
unordnung	neg 1.0		__DUMMY__ 0.9293355469762852 off 0.04377068741791968 neg 0.026893765605795077	false	0.5
fehlverhalten	neg 1.0		__DUMMY__ 0.9310454695304288 neg 0.03489508443858928 off 0.03405944603098199	false	1.0
eine			__DUMMY__ 0.934685105276476 off 0.0331714627887881 neg 0.03214343193473598	false	0.0
nille	neg 1.0		__DUMMY__ 0.9322015220657808 off 0.037356658666137146 neg 0.030441819268082006	false	0.5
qual	neg 1.0		__DUMMY__ 0.9318148071665066 off 0.036863755646417716 neg 0.03132143718707573	false	0.5
verschwenden	neg 1.0		__DUMMY__ 0.9307645086694354 neg 0.0346325396003024 off 0.034602951730262205	false	1.0
riesig	neg 1.0		__DUMMY__ 0.9347869559985644 off 0.034556212225169115 neg 0.030656831776266425	false	0.5
verurteilen	neg 1.0		__DUMMY__ 0.9298779392127676 off 0.036050644876390966 neg 0.034071415910841396	false	0.5
klischee	neg 1.0	neg 1.0	neg 0.499838097475945 __DUMMY__ 0.46294979994117985 off 0.037212102582875196	false	1.0
diktatorisch	neg 1.0		__DUMMY__ 0.9285849560533979 off 0.038887856729346096 neg 0.03252718721725602	false	0.5
vorhersehbar	neg 1.0		__DUMMY__ 0.9258670005132257 off 0.040503734859102775 neg 0.033629264627671504	false	0.5
sowie			__DUMMY__ 0.9233091150268723 off 0.046201263116826145 neg 0.030489621856301656	false	0.0
stornieren	neg 1.0		__DUMMY__ 0.9341601678503224 off 0.03882066891750942 neg 0.027019163232168165	false	0.5
besteuerung	neg 1.0		__DUMMY__ 0.9271791444596837 off 0.038000109562495915 neg 0.0348207459778203	false	0.5
ungeschminkt	neg 1.0		__DUMMY__ 0.9238983040737989 off 0.04264036307250892 neg 0.03346133285369211	false	0.5
kritisch	neg 1.0		__DUMMY__ 0.9311492120051812 off 0.03512420756858466 neg 0.03372658042623415	false	0.5
schlamperei	off 1.0		__DUMMY__ 0.9335651516554485 off 0.033992773384614344 neg 0.03244207495993708	false	1.0
sucht	neg 1.0	neg 1.0	neg 0.49266972040331036 __DUMMY__ 0.4733774079747235 off 0.03395287162196609	false	1.0
egoistisch	off 1.0		__DUMMY__ 0.9212794275818649 off 0.04686218640735766 neg 0.03185838601077746	false	1.0
ausbeuter	off 1.0		__DUMMY__ 0.9304104341145455 neg 0.035529141389119855 off 0.034060424496334694	false	0.5
arschgeburt	off 1.0		__DUMMY__ 0.9149425698654393 off 0.053300824572981215 neg 0.03175660556157945	false	1.0
schubs	neg 1.0		__DUMMY__ 0.9317472332069484 off 0.03552864606581515 neg 0.03272412072723639	false	0.5
unsolide	neg 1.0		__DUMMY__ 0.9269912312337067 off 0.03931793494717902 neg 0.03369083381911417	false	0.5
beschwerde	neg 1.0		__DUMMY__ 0.9314260041237077 off 0.03462527951632904 neg 0.03394871635996333	false	0.5
stocken	neg 1.0		__DUMMY__ 0.9335221400986251 off 0.03419968975585818 neg 0.03227817014551673	false	0.5
isolieren	neg 1.0		__DUMMY__ 0.9320738556430942 off 0.035406089350392925 neg 0.03252005500651288	false	0.5
unheilbar	neg 1.0		__DUMMY__ 0.9315235947978914 off 0.038103417535699693 neg 0.03037298766640888	false	0.5
pisser	off 1.0		__DUMMY__ 0.9242665476905623 off 0.04431313631382335 neg 0.03142031599561441	false	1.0
löschen	neg 1.0		__DUMMY__ 0.9316191426092272 off 0.03749437245315069 neg 0.030886484937622104	false	0.5
durchfallen	neg 1.0		__DUMMY__ 0.9291425488280759 off 0.03557403818052668 neg 0.03528341299139746	false	0.5
wichser	off 1.0	off 1.0	off 0.5159377445310546 __DUMMY__ 0.4568302762126827 neg 0.02723197925626282	false	1.0
terror	neg 1.0		__DUMMY__ 0.9298826566112004 off 0.03977874763647165 neg 0.03033859575232804	false	0.5
krass	neg 1.0		__DUMMY__ 0.9240771477952541 off 0.04468710380805865 neg 0.031235748396687198	false	0.5
revolte	neg 1.0		__DUMMY__ 0.9296039528055559 off 0.03945643910382516 neg 0.0309396080906189	false	0.5
besorgt	neg 1.0		__DUMMY__ 0.9355866500514772 off 0.03611106840530427 neg 0.02830228154321847	false	0.5
nachlassen	neg 1.0		__DUMMY__ 0.9360199818187451 off 0.03374294565639366 neg 0.030237072524861217	false	0.5
alt	neg 1.0		__DUMMY__ 0.9325373197040455 off 0.03506325204326879 neg 0.03239942825268558	false	0.5
hundesohn	off 1.0		__DUMMY__ 0.9192495837487672 off 0.05049488849063749 neg 0.030255527760595327	false	1.0
als			__DUMMY__ 0.9312128794250899 off 0.036029390821434054 neg 0.032757729753476114	false	0.0
abschreckung	neg 1.0		__DUMMY__ 0.9336780133809086 neg 0.03326985157476298 off 0.033052135044328475	false	1.0
unqualifiziert	neg 1.0		__DUMMY__ 0.9251211224285344 off 0.04126353620538528 neg 0.033615341366080354	false	0.5
abgewichst	off 1.0		__DUMMY__ 0.932701471756133 off 0.036644953878889865 neg 0.030653574364977117	false	1.0
schwer	neg 1.0		__DUMMY__ 0.9295606059405574 off 0.0373284359984003 neg 0.03311095806104234	false	0.5
bedeutungslosigkeit	neg 1.0		__DUMMY__ 0.9323124199874999 off 0.03388101206315284 neg 0.033806567949347215	false	0.5
kapitulation	neg 1.0		__DUMMY__ 0.9329353772000202 off 0.034871886406135415 neg 0.032192736393844366	false	0.5
unscharf	neg 1.0		__DUMMY__ 0.9276375175323324 off 0.03905591911141406 neg 0.033306563356253586	false	0.5
schwinden	neg 1.0		__DUMMY__ 0.9344861907804284 off 0.03354894379424894 neg 0.03196486542532269	false	0.5
versklavung	neg 1.0		__DUMMY__ 0.9312654780536427 off 0.038436487000382255 neg 0.030298034945975078	false	0.5
schlecht	neg 1.0		__DUMMY__ 0.9276686852197297 off 0.04249652073450519 neg 0.0298347940457652	false	0.5
verhasst	neg 1.0		__DUMMY__ 0.9264246150585614 off 0.039161391491678785 neg 0.034413993449759865	false	0.5
beschweren	neg 1.0		__DUMMY__ 0.9288172418785202 off 0.03936622171780451 neg 0.03181653640367531	false	0.5
scheiden	neg 1.0		__DUMMY__ 0.9328372107819843 off 0.03704591988254184 neg 0.030116869335473816	false	0.5
frustriert	neg 1.0		__DUMMY__ 0.9299240986431233 off 0.03671931255131825 neg 0.03335658880555851	false	0.5
schimmelig	neg 1.0		__DUMMY__ 0.9302195025901091 neg 0.03496398697241381 off 0.03481651043747705	false	1.0
fisch	neg 1.0		__DUMMY__ 0.9327428736315474 neg 0.03491427234753193 off 0.03234285402092073	false	1.0
schmuggel	neg 1.0		__DUMMY__ 0.933554412972439 off 0.03408781463801788 neg 0.03235777238954312	false	0.5
auffallen	neg 1.0		__DUMMY__ 0.9284694523619331 off 0.03994106772064931 neg 0.03158947991741757	false	0.5
konkurrenz	neg 1.0		__DUMMY__ 0.9337185476917071 neg 0.03349866553072894 off 0.03278278677756392	false	1.0
teufelskreis	neg 1.0		__DUMMY__ 0.9292150452223519 off 0.03762989184097958 neg 0.033155062936668506	false	0.5
aufschreien	neg 1.0		__DUMMY__ 0.9273222824150329 off 0.04009347333314578 neg 0.03258424425182127	false	0.5
schuldner	neg 1.0		__DUMMY__ 0.9318899938621871 neg 0.03474791135469556 off 0.03336209478311744	false	1.0
missgeburt	off 1.0	off 1.0	off 0.5131277984839347 __DUMMY__ 0.4581445421907086 neg 0.02872765932535661	false	1.0
arbeitslos	neg 1.0		__DUMMY__ 0.9287261663231129 off 0.03594508866122354 neg 0.0353287450156635	false	0.5
befallen	neg 1.0		__DUMMY__ 0.9336716699006908 off 0.036559779926190354 neg 0.029768550173118746	false	0.5
miesepetrig	off 1.0	off 1.0	off 0.5079281699449046 __DUMMY__ 0.46376734652947665 neg 0.02830448352561876	false	1.0
alarmieren	neg 1.0		__DUMMY__ 0.9267547036467267 off 0.04153905685559286 neg 0.03170623949768034	false	0.5
ungeduscht	off 1.0		__DUMMY__ 0.9268281532549474 off 0.04056316653466315 neg 0.03260868021038941	false	1.0
knappheit	neg 1.0		__DUMMY__ 0.9293975199410136 off 0.03538807798709285 neg 0.035214402071893594	false	0.5
schlange	neg 1.0		__DUMMY__ 0.9328683710245633 off 0.03863467962414266 neg 0.028496949351293953	false	0.5
harsch	neg 1.0		__DUMMY__ 0.9268965409844789 off 0.045687899151932256 neg 0.0274155598635888	false	0.5
lang	neg 1.0		__DUMMY__ 0.9313240583357387 off 0.03818474201877665 neg 0.030491199645484596	false	0.5
ziellos	neg 1.0		__DUMMY__ 0.9335457480420057 off 0.03504424267920475 neg 0.03141000927878948	false	0.5
selbstverliebt	neg 1.0		__DUMMY__ 0.9171353125093421 off 0.0511795662251984 neg 0.03168512126545943	false	0.5
beseitigen	neg 1.0		__DUMMY__ 0.9329654045182849 off 0.036306548000060494 neg 0.030728047481654547	false	0.5
dumm	off 1.0		__DUMMY__ 0.9219020193197082 off 0.04727031228523979 neg 0.030827668395052056	false	1.0
arbeitsloser	neg 1.0		__DUMMY__ 0.9309293033961598 off 0.035956708655021846 neg 0.03311398794881836	false	0.5
blitzen	neg 1.0		__DUMMY__ 0.929615618205059 off 0.040187418899382314 neg 0.030196962895558652	false	0.5
hilflos	neg 1.0		__DUMMY__ 0.9305868063052679 off 0.036265352754933866 neg 0.03314784093979826	false	0.5
eklig	off 1.0		__DUMMY__ 0.920127676473913 off 0.04777542366993221 neg 0.03209689985615484	false	1.0
begriff			__DUMMY__ 0.9300780920258448 off 0.03725177847575484 neg 0.03267012949840045	false	0.0
hungersnot	neg 1.0		__DUMMY__ 0.9337616388160451 off 0.035699215757788866 neg 0.030539145426166085	false	0.5
ungesetzlich	neg 1.0		__DUMMY__ 0.9261099691315787 off 0.038839756366387264 neg 0.03505027450203395	false	0.5
verschwendung	neg 1.0		__DUMMY__ 0.932545027490724 off 0.0343067389728299 neg 0.03314823353644612	false	0.5
schmerzvoll	neg 1.0		__DUMMY__ 0.9297438458794207 off 0.039051565900423274 neg 0.03120458822015608	false	0.5
vorzeitig	neg 1.0		__DUMMY__ 0.9302347427694313 off 0.03980738281828357 neg 0.029957874412285097	false	0.5
unvollkommenheit	neg 1.0		__DUMMY__ 0.9360939037659488 off 0.034957930217164236 neg 0.028948166016886937	false	0.5
intervenieren	neg 1.0		__DUMMY__ 0.9312413707674162 neg 0.03440305954516689 off 0.03435556968741684	false	1.0
banause	off 1.0		__DUMMY__ 0.9171403167460468 off 0.049904486129040235 neg 0.03295519712491292	false	1.0
rebell	neg 1.0		__DUMMY__ 0.9350734153053568 neg 0.03406201259162645 off 0.03086457210301684	false	1.0
unlogisch	neg 1.0		__DUMMY__ 0.9230876032893975 off 0.04437423527446611 neg 0.03253816143613629	false	0.5
leiden	neg 1.0		__DUMMY__ 0.9352664116918571 off 0.03286409888761008 neg 0.03186948942053278	false	0.5
abschaffung	neg 1.0		__DUMMY__ 0.9295835245139502 off 0.03791675631571116 neg 0.03249971917033863	false	0.5
sturz	neg 1.0		__DUMMY__ 0.9325179728823232 off 0.03760527825440068 neg 0.02987674886327608	false	0.5
verkleinerung	neg 1.0		__DUMMY__ 0.9248820417846938 off 0.04020704841335857 neg 0.03491090980194764	false	0.5
schmarotzer	off 1.0		__DUMMY__ 0.9274213762665338 off 0.03662854002080926 neg 0.035950083712656934	false	1.0
bestrafung	neg 1.0		__DUMMY__ 0.9305273287321442 off 0.03862078237501478 neg 0.03085188889284099	false	0.5
achtlos	neg 1.0	neg 1.0	neg 0.49860105189461296 __DUMMY__ 0.46767681796641486 off 0.033722130138972135	false	1.0
