unsolidarisch	neg 1.0		off 0.5120076667852022 neg 0.4458837797332638 __DUMMY__ 0.0421085534815341	false	0.5
nachteilig	neg 1.0		off 0.5100796180111269 neg 0.44742148732203363 __DUMMY__ 0.04249889466683946	false	0.5
skeptisch	neg 1.0		off 0.5095270545889077 neg 0.4479421731045641 __DUMMY__ 0.04253077230652822	false	0.5
schrecklich	neg 1.0		off 0.5234615813566101 neg 0.43467991557310653 __DUMMY__ 0.041858503070283215	false	0.5
schlapp	neg 1.0		off 0.5202885650494233 neg 0.43761497553294587 __DUMMY__ 0.0420964594176308	false	0.5
abfall	neg 1.0		off 0.5081382082470596 neg 0.4489897938873927 __DUMMY__ 0.04287199786554767	false	0.5
widerspenstig	neg 1.0		off 0.5156042010266922 neg 0.44202068554541757 __DUMMY__ 0.04237511342789022	false	0.5
abrupt	neg 1.0		off 0.5131892784276638 neg 0.444063336577002 __DUMMY__ 0.04274738499533431	false	0.5
unwirksam	neg 1.0		off 0.5111531777266359 neg 0.44683737058435047 __DUMMY__ 0.042009451689013606	false	0.5
angreifen	neg 1.0		off 0.5097280430771581 neg 0.44771797862734164 __DUMMY__ 0.04255397829550025	false	0.5
inkonsistent	neg 1.0		off 0.5155038369655548 neg 0.4422479589088989 __DUMMY__ 0.04224820412554625	false	0.5
abrutschen	neg 1.0		off 0.5068211781662002 neg 0.4504934473070107 __DUMMY__ 0.042685374526789076	false	0.5
unsicher	neg 1.0		off 0.5154265172564679 neg 0.44214765149048046 __DUMMY__ 0.04242583125305159	false	0.5
bauernkind	off 1.0	off 1.0	off 0.7463848673221309 neg 0.23390852772153323 __DUMMY__ 0.01970660495633575	false	1.0
angreifer	neg 1.0	neg 1.0	neg 0.7037170655854624 off 0.275960743058743 __DUMMY__ 0.0203221913557945	false	1.0
trennen	neg 1.0		off 0.5117946149646833 neg 0.4454202208748824 __DUMMY__ 0.042785164160434326	false	0.5
schmutz	neg 1.0		off 0.5212035070769643 neg 0.436081625665026 __DUMMY__ 0.04271486725800974	false	0.5
inkonsistenz	neg 1.0		off 0.5159025480156625 neg 0.44239914802643 __DUMMY__ 0.041698303957907544	false	0.5
erschreckend	neg 1.0		off 0.5130471248474976 neg 0.4446620429877551 __DUMMY__ 0.042290832164747355	false	0.5
ertrinken	neg 1.0		off 0.5118904317223776 neg 0.445424294428773 __DUMMY__ 0.04268527384884929	false	0.5
pickelface	off 1.0		off 0.5149535504834811 neg 0.44256058038052165 __DUMMY__ 0.04248586913599728	false	1.0
seiner			off 0.5105914400860032 neg 0.4468231965788207 __DUMMY__ 0.04258536333517602	false	0.0
lauch	neg 1.0		off 0.5093605815616086 neg 0.44779274590899754 __DUMMY__ 0.04284667252939388	false	0.5
unwichtig	neg 1.0		off 0.5181559572484105 neg 0.43987305837852464 __DUMMY__ 0.041970984373064894	false	0.5
steuerhinterziehung	neg 1.0	neg 1.0	neg 0.7076318012483733 off 0.27209893945450037 __DUMMY__ 0.020269259297126353	false	1.0
schock	neg 1.0		off 0.5151792252414803 neg 0.4423193501634417 __DUMMY__ 0.04250142459507817	false	0.5
beule	neg 1.0		off 0.5210659749624361 neg 0.4369106704540554 __DUMMY__ 0.04202335458350845	false	0.5
vergelten	neg 1.0		off 0.524229239702714 neg 0.4336671035546993 __DUMMY__ 0.04210365674258672	false	0.5
verdorbenheit	neg 1.0		off 0.5178982827938458 neg 0.4395550281904767 __DUMMY__ 0.04254668901567744	false	0.5
trauma	neg 1.0		off 0.5163586086730826 neg 0.4412787719271707 __DUMMY__ 0.042362619399746775	false	0.5
sinnlos	neg 1.0		off 0.5172813873215975 neg 0.44044755530214036 __DUMMY__ 0.04227105737626232	false	0.5
fettsack	off 1.0	off 1.0	off 0.7479745629981793 neg 0.23224147140911 __DUMMY__ 0.019783965592710593	false	1.0
feige	off 1.0	off 1.0	off 0.745567990990416 neg 0.23443551053615164 __DUMMY__ 0.019996498473432364	false	1.0
abdanken	neg 1.0		off 0.5143914882164919 neg 0.44319810318247926 __DUMMY__ 0.04241040860102886	false	0.5
wichtigtuer	off 1.0	off 1.0	off 0.7445764126347896 neg 0.23533086331455 __DUMMY__ 0.02009272405066042	false	1.0
misslingen	neg 1.0		off 0.5189485719438469 neg 0.43837412201959525 __DUMMY__ 0.04267730603655781	false	0.5
untreu	off 1.0		off 0.5196427650915832 neg 0.4383207687772127 __DUMMY__ 0.042036466131204084	false	1.0
missmutig	neg 1.0		off 0.5201269501416462 neg 0.43769525818224675 __DUMMY__ 0.04217779167610706	false	0.5
hurenbock	off 1.0		off 0.5193246314811975 neg 0.4381924222289422 __DUMMY__ 0.042482946289860345	false	1.0
betrunken	neg 1.0		off 0.5220930097005028 neg 0.43587521609574015 __DUMMY__ 0.04203177420375698	false	0.5
korrupt	off 1.0		off 0.5097922855391332 neg 0.4479983089548112 __DUMMY__ 0.04220940550605549	false	1.0
unmut	neg 1.0		off 0.5074778632674825 neg 0.4497819779739449 __DUMMY__ 0.04274015875857261	false	0.5
hackfresse	off 1.0		off 0.5257975138096695 neg 0.43262996808638304 __DUMMY__ 0.0415725181039475	false	1.0
aufblasen	neg 1.0		off 0.5178416340000116 neg 0.43978948621643094 __DUMMY__ 0.04236887978355745	false	0.5
gewaltsam	neg 1.0		off 0.5146915425731557 neg 0.44277366445218663 __DUMMY__ 0.042534792974657724	false	0.5
unbeliebtheit	neg 1.0		off 0.5159637074946023 neg 0.4421567923064231 __DUMMY__ 0.04187950019897474	false	0.5
sturheit	neg 1.0		off 0.5128280918424647 neg 0.4448203207930038 __DUMMY__ 0.042351587364531505	false	0.5
kuh	neg 1.0		off 0.5135195993833792 neg 0.4446426443087855 __DUMMY__ 0.041837756307835317	false	0.5
erschrecken	neg 1.0		off 0.5204855763326525 neg 0.4372525289761127 __DUMMY__ 0.04226189469123484	false	0.5
opfer	neg 1.0		off 0.5117633591664245 neg 0.44569093485478806 __DUMMY__ 0.04254570597878739	false	0.5
sinken	neg 1.0		off 0.5088318533161188 neg 0.4483962387983489 __DUMMY__ 0.04277190788553238	false	0.5
stinktier	neg 1.0		off 0.5199034552888722 neg 0.43870383528115225 __DUMMY__ 0.041392709429975624	false	0.5
tucke	off 1.0		off 0.5267706423614097 neg 0.4317458294584162 __DUMMY__ 0.04148352818017407	false	1.0
ein			off 0.5160908137338999 neg 0.4416040207666355 __DUMMY__ 0.04230516549946468	false	0.0
abstieg	neg 1.0		off 0.51065233944857 neg 0.44676470357117476 __DUMMY__ 0.042582956980255195	false	0.5
missverstehen	neg 1.0		off 0.515631437523415 neg 0.4423695107836697 __DUMMY__ 0.04199905169291528	false	0.5
ergebnislos	neg 1.0		off 0.5103460091850646 neg 0.4470513405323183 __DUMMY__ 0.04260265028261708	false	0.5
unter			off 0.5051019929207826 neg 0.4517260177021363 __DUMMY__ 0.043171989377081096	false	0.0
manipulieren	neg 1.0		off 0.510349213512929 neg 0.4469908514078177 __DUMMY__ 0.042659935079253385	false	0.5
unbewiesen	neg 1.0		off 0.5113266976462366 neg 0.4466287815028327 __DUMMY__ 0.04204452085093072	false	0.5
verschleppen	neg 1.0		off 0.5111372131072445 neg 0.446422302011784 __DUMMY__ 0.04244048488097142	false	0.5
weib	off 1.0		off 0.5242902557536847 neg 0.4343917508824609 __DUMMY__ 0.041317993363854305	false	1.0
opposition	neg 1.0		off 0.5151675544099861 neg 0.44268196854984343 __DUMMY__ 0.04215047704017049	false	0.5
verkehrswidrig	neg 1.0		off 0.526494223167735 neg 0.4313450000217009 __DUMMY__ 0.04216077681056397	false	0.5
inkorrekt	neg 1.0		off 0.5208332693921968 neg 0.437454390929286 __DUMMY__ 0.04171233967851742	false	0.5
vermeiden	neg 1.0		off 0.5064975797716926 neg 0.45064512884716673 __DUMMY__ 0.042857291381140646	false	0.5
abweichung	neg 1.0		off 0.5103780671617224 neg 0.4471976884240653 __DUMMY__ 0.04242424441421235	false	0.5
alkoholisiert	neg 1.0		off 0.5115146222291345 neg 0.4458582780711091 __DUMMY__ 0.042627099699756345	false	0.5
scheiss	off 1.0	off 1.0	off 0.746644263435757 neg 0.2333078189490966 __DUMMY__ 0.020047917615146536	false	1.0
herausforderung	neg 1.0		off 0.5106297341175374 neg 0.446740712892777 __DUMMY__ 0.04262955298968554	false	0.5
pervers	off 1.0		off 0.5285573705836506 neg 0.43008696353600306 __DUMMY__ 0.04135566588034634	false	1.0
wackelig	neg 1.0		off 0.5154355489998619 neg 0.441884510666177 __DUMMY__ 0.042679940333961185	false	0.5
verwickeln	neg 1.0		off 0.515206405614678 neg 0.44275854212476184 __DUMMY__ 0.0420350522605602	false	0.5
vorwand	neg 1.0		off 0.5092684126859368 neg 0.44815727637431796 __DUMMY__ 0.04257431093974528	false	0.5
muschi	off 1.0		off 0.5148432571669858 neg 0.44269694248149943 __DUMMY__ 0.04245980035151466	false	1.0
entmutigung	neg 1.0		off 0.5153555005066146 neg 0.44240733297719137 __DUMMY__ 0.04223716651619389	false	0.5
unangemessen	neg 1.0		off 0.5109060979692518 neg 0.4468915217168808 __DUMMY__ 0.04220238031386736	false	0.5
unstetig	neg 1.0		off 0.5174179112006422 neg 0.4403799319708209 __DUMMY__ 0.042202156828536855	false	0.5
entmutigen	neg 1.0		off 0.5158805399373022 neg 0.4418069903054565 __DUMMY__ 0.04231246975724128	false	0.5
schwanz	neg 1.0		off 0.5126395641993237 neg 0.4447767010312416 __DUMMY__ 0.04258373476943472	false	0.5
verbot	neg 1.0		off 0.5113281796447722 neg 0.44625687324497115 __DUMMY__ 0.042414947110256875	false	0.5
leid	neg 1.0		off 0.5237633770417797 neg 0.43458340387194927 __DUMMY__ 0.04165321908627108	false	0.5
archaisch	neg 1.0		off 0.5133161503664199 neg 0.4442953643180875 __DUMMY__ 0.042388485315492615	false	0.5
gegen			off 0.5082792000039401 neg 0.44899692316635087 __DUMMY__ 0.04272387682970914	false	0.0
scheidung	neg 1.0		off 0.5364849356974792 neg 0.42197018313008633 __DUMMY__ 0.0415448811724344	false	0.5
einschlag	neg 1.0		off 0.5224638367303114 neg 0.43560165240534887 __DUMMY__ 0.04193451086433972	false	0.5
m			off 0.5136488695513446 neg 0.4437887759060329 __DUMMY__ 0.042562354542622506	false	0.0
abgestanden	neg 1.0		off 0.5150720083668239 neg 0.44269252789483815 __DUMMY__ 0.04223546373833787	false	0.5
schmierig	off 1.0		off 0.524690127728044 neg 0.4334657907628985 __DUMMY__ 0.041844081509057704	false	1.0
unpraktisch	neg 1.0		off 0.5165327718299723 neg 0.4411887990290051 __DUMMY__ 0.04227842914102269	false	0.5
wixxer	off 1.0		off 0.5274077140732906 neg 0.4313754674896128 __DUMMY__ 0.041216818437096646	false	1.0
bezeichnet			off 0.5129380714413095 neg 0.4449056236449957 __DUMMY__ 0.042156304913694806	false	0.0
jammerlappen	off 1.0		off 0.5199754854560236 neg 0.4378836361674731 __DUMMY__ 0.04214087837650335	false	1.0
farce	neg 1.0		off 0.5118464362003441 neg 0.44583236319969766 __DUMMY__ 0.04232120059995813	false	0.5
zwecklos	neg 1.0		off 0.5118242806428177 neg 0.4458411560775553 __DUMMY__ 0.04233456327962692	false	0.5
turbulent	neg 1.0		off 0.520714671414378 neg 0.43731486616284526 __DUMMY__ 0.04197046242277688	false	0.5
invasion	neg 1.0		off 0.5163066424493777 neg 0.4414885663438917 __DUMMY__ 0.042204791206730624	false	0.5
schuld	neg 1.0		off 0.5148033786381548 neg 0.4430083984123702 __DUMMY__ 0.042188222949474906	false	0.5
risiko	neg 1.0	neg 1.0	neg 0.7040416255563402 off 0.2756167069777066 __DUMMY__ 0.020341667465953218	false	1.0
finster	neg 1.0		off 0.5146821100529095 neg 0.44320488113882 __DUMMY__ 0.04211300880827038	false	0.5
geisteskrank	off 1.0		off 0.5184687005210261 neg 0.43979166027667743 __DUMMY__ 0.04173963920229647	false	1.0
zusammenbrechen	neg 1.0		off 0.5130584294498218 neg 0.4445038366797917 __DUMMY__ 0.042437733870386414	false	0.5
ausbeute	neg 1.0		off 0.5166226174052537 neg 0.4403821193252538 __DUMMY__ 0.04299526326949245	false	0.5
hinterhalt	neg 1.0		off 0.5187670536713209 neg 0.4382928057828144 __DUMMY__ 0.042940140545864716	false	0.5
kritik	neg 1.0		off 0.5114589329281845 neg 0.44622903615631687 __DUMMY__ 0.04231203091549866	false	0.5
einschrumpfen	neg 1.0		off 0.5176724494124187 neg 0.4402834375576737 __DUMMY__ 0.0420441130299075	false	0.5
riskant	neg 1.0		off 0.509490819533853 neg 0.4480645431976772 __DUMMY__ 0.042444637268469886	false	0.5
frustrieren	neg 1.0		off 0.5106665114278368 neg 0.44689893166079586 __DUMMY__ 0.04243455691136733	false	0.5
groll	neg 1.0		off 0.5112468162555861 neg 0.4464098132608689 __DUMMY__ 0.04234337048354497	false	0.5
gibt			off 0.5131566102190243 neg 0.4444008335292326 __DUMMY__ 0.042442556251743195	false	0.0
qualvoll	neg 1.0		off 0.5189895060620935 neg 0.43872007240701755 __DUMMY__ 0.04229042153088897	false	0.5
wackeln	neg 1.0		off 0.518034029574938 neg 0.43944108029996676 __DUMMY__ 0.04252489012509518	false	0.5
klagen	neg 1.0		off 0.5075751482835816 neg 0.4497830775041626 __DUMMY__ 0.042641774212255734	false	0.5
bankrott	neg 1.0		off 0.5205569872722526 neg 0.43716867269489795 __DUMMY__ 0.042274340032849335	false	0.5
trauern	neg 1.0		off 0.513202219600418 neg 0.44405879776831264 __DUMMY__ 0.042738982631269316	false	0.5
ablehnung	neg 1.0		off 0.5109106653247767 neg 0.44678742649913633 __DUMMY__ 0.04230190817608686	false	0.5
stur	neg 1.0		off 0.5147394012563684 neg 0.44310235644540624 __DUMMY__ 0.042158242298225464	false	0.5
aufruhr	neg 1.0		off 0.5140059357674631 neg 0.44357045299256115 __DUMMY__ 0.04242361123997568	false	0.5
melancholie	neg 1.0		off 0.5127253432672083 neg 0.4447181209856861 __DUMMY__ 0.04255653574710551	false	0.5
ist			off 0.5167569293681991 neg 0.44098765520712024 __DUMMY__ 0.042255415424680705	false	0.0
torheit	neg 1.0		off 0.5152170368235349 neg 0.44244597693589083 __DUMMY__ 0.042336986240574345	false	0.5
dreckskind	off 1.0		off 0.5234444409475498 neg 0.43507332885409855 __DUMMY__ 0.04148223019835157	false	1.0
umtauschen	neg 1.0		off 0.5148248931279444 neg 0.4428069762904517 __DUMMY__ 0.042368130581603866	false	0.5
zum			off 0.5095691523596642 neg 0.4472869071743386 __DUMMY__ 0.043143940465997226	false	0.0
zersetzen	neg 1.0		off 0.5089083906401166 neg 0.4485952213500138 __DUMMY__ 0.042496388009869504	false	0.5
zur			off 0.5070962837420149 neg 0.4498993456590324 __DUMMY__ 0.04300437059895266	false	0.0
frust	neg 1.0		off 0.5132938399867365 neg 0.44424069103160263 __DUMMY__ 0.042465468981660724	false	0.5
unerbittlichkeit	neg 1.0		off 0.5095938107054699 neg 0.4478373550401094 __DUMMY__ 0.042568834254420554	false	0.5
zwei			off 0.5099190835607845 neg 0.4470584697775284 __DUMMY__ 0.043022446661687114	false	0.0
unkorrekt	neg 1.0		off 0.5213081013593581 neg 0.4368856725186684 __DUMMY__ 0.04180622612197344	false	0.5
hexe	off 1.0		off 0.5179953744178281 neg 0.44012815837561187 __DUMMY__ 0.04187646720656007	false	1.0
lasch	neg 1.0		off 0.5165764571740424 neg 0.44146897980395555 __DUMMY__ 0.04195456302200216	false	0.5
rivale	neg 1.0		off 0.5217850672908219 neg 0.4362499333897465 __DUMMY__ 0.041964999319431644	false	0.5
mutlos	off 1.0	off 1.0	off 0.7411097256600003 neg 0.238605815910037 __DUMMY__ 0.020284458429962647	false	1.0
wirr	off 1.0		off 0.5222483705290314 neg 0.43598594565082377 __DUMMY__ 0.04176568382014482	false	1.0
jahr			off 0.5137026652249573 neg 0.44326018778758314 __DUMMY__ 0.043037146987459404	false	0.0
wird			off 0.5117580103542528 neg 0.44578262635737254 __DUMMY__ 0.04245936328837468	false	0.0
strafbar	neg 1.0		off 0.5098943532046394 neg 0.4476814756506705 __DUMMY__ 0.042424171144690166	false	0.5
erosion	neg 1.0		off 0.516791861669869 neg 0.44068350164225206 __DUMMY__ 0.042524636687878856	false	0.5
eingehen	neg 1.0		off 0.5100271574508208 neg 0.44756629895919803 __DUMMY__ 0.04240654358998129	false	0.5
faul	off 1.0		off 0.5200297209508471 neg 0.43774997820427547 __DUMMY__ 0.04222030084487741	false	1.0
provisorium	neg 1.0		off 0.5060539386269086 neg 0.4507612517198373 __DUMMY__ 0.04318480965325416	false	0.5
schmerzen	neg 1.0		off 0.5133847387581973 neg 0.4442944599432503 __DUMMY__ 0.04232080129855243	false	0.5
schrumpfen	neg 1.0		off 0.5048436768974021 neg 0.4524220255649595 __DUMMY__ 0.04273429753763847	false	0.5
geistlos	off 1.0		off 0.5147173210136404 neg 0.44334175532658715 __DUMMY__ 0.041940923659772464	false	1.0
fehlkauf	neg 1.0		off 0.5180907897719819 neg 0.4395193731451784 __DUMMY__ 0.042389837082839665	false	0.5
frustrierend	neg 1.0		off 0.5183728073327456 neg 0.4395006912330062 __DUMMY__ 0.04212650143424814	false	0.5
unzufrieden	neg 1.0		off 0.5110007982230091 neg 0.44669475861271773 __DUMMY__ 0.04230444316427319	false	0.5
verzweifeln	neg 1.0		off 0.5136566658639219 neg 0.44397087217130776 __DUMMY__ 0.042372461964770486	false	0.5
verzweifelt	neg 1.0	neg 1.0	neg 0.706277956885612 off 0.2736016403557894 __DUMMY__ 0.020120402758598645	false	1.0
misstrauensantrag	neg 1.0		off 0.5167745445217632 neg 0.4410089071517261 __DUMMY__ 0.042216548326510596	false	0.5
abfallen	neg 1.0		off 0.5175356010433773 neg 0.4399998517397996 __DUMMY__ 0.04246454721682304	false	0.5
fucker	off 1.0		off 0.5232995931826856 neg 0.43464478120036837 __DUMMY__ 0.04205562561694596	false	1.0
ungezogen	neg 1.0		off 0.5281272048066907 neg 0.4304331533402642 __DUMMY__ 0.04143964185304502	false	0.5
irrsinnig	neg 1.0	neg 1.0	neg 0.7059742423828101 off 0.27387601291278285 __DUMMY__ 0.02014974470440712	false	1.0
unfassbar	neg 1.0		off 0.5208384423344827 neg 0.437103822096668 __DUMMY__ 0.04205773556884924	false	0.5
hart	neg 1.0		off 0.5205397412595542 neg 0.43739316308006576 __DUMMY__ 0.04206709566037998	false	0.5
widerlich	off 1.0		off 0.519627355811832 neg 0.43852408313755886 __DUMMY__ 0.0418485610506091	false	1.0
fatal	neg 1.0		off 0.5176768494167032 neg 0.44003353784075017 __DUMMY__ 0.04228961274254667	false	0.5
bruch	neg 1.0		off 0.5083079551964871 neg 0.4490296982877531 __DUMMY__ 0.04266234651575993	false	0.5
aushungern	neg 1.0		off 0.5137106742386041 neg 0.44376848442797573 __DUMMY__ 0.042520841333420135	false	0.5
anspannung	neg 1.0		off 0.5085674611383981 neg 0.44839006351307614 __DUMMY__ 0.0430424753485257	false	0.5
von			off 0.5150683354194037 neg 0.4417661246138323 __DUMMY__ 0.04316553996676389	false	0.0
kraftlos	neg 1.0		off 0.5134320979121539 neg 0.444028995825 __DUMMY__ 0.04253890626284602	false	0.5
vom			off 0.5077827221703272 neg 0.4489384545531885 __DUMMY__ 0.04327882327648454	false	0.0
grenzdebil	off 1.0		off 0.5217371163334769 neg 0.43617351440787683 __DUMMY__ 0.04208936925864624	false	1.0
vor			off 0.5106973007547122 neg 0.4464995628112507 __DUMMY__ 0.04280313643403709	false	0.0
unterwerfen	neg 1.0		off 0.511461890172357 neg 0.44601492974382145 __DUMMY__ 0.04252318008382142	false	0.5
versenkung	neg 1.0		off 0.512520967076056 neg 0.4448567900417763 __DUMMY__ 0.04262224288216775	false	0.5
entziehen	neg 1.0		off 0.5081681299622294 neg 0.44920103447718474 __DUMMY__ 0.042630835560585896	false	0.5
finanzkrise	neg 1.0		off 0.5126895521205501 neg 0.44502016502686437 __DUMMY__ 0.04229028285258544	false	0.5
schimpfend	neg 1.0		off 0.5171204319184597 neg 0.44062408765152933 __DUMMY__ 0.042255480430011066	false	0.5
profan	neg 1.0		off 0.5166687228875091 neg 0.4412043037466041 __DUMMY__ 0.042126973365886805	false	0.5
korruption	neg 1.0		off 0.5114576263000952 neg 0.4460874672051796 __DUMMY__ 0.04245490649472524	false	0.5
â			off 0.514059967892018 neg 0.44326949978287106 __DUMMY__ 0.04267053232511092	false	0.0
schmutzig	neg 1.0		off 0.5228377730063474 neg 0.4350295517003482 __DUMMY__ 0.04213267529330448	false	0.5
sexy	neg 1.0		off 0.519468007025043 neg 0.4382580814314872 __DUMMY__ 0.04227391154346977	false	0.5
abraten	neg 1.0		off 0.5168338841386257 neg 0.4409278295357816 __DUMMY__ 0.042238286325592705	false	0.5
schwarz	neg 1.0		off 0.5166530958886796 neg 0.441058378894466 __DUMMY__ 0.04228852521685456	false	0.5
fotze	off 1.0	off 1.0	off 0.7434501270167322 neg 0.23618147880622545 __DUMMY__ 0.020368394177042375	false	1.0
verwirren	neg 1.0		off 0.5178063504924644 neg 0.44001568522363893 __DUMMY__ 0.0421779642838967	false	0.5
zahnlos	off 1.0		off 0.5123370172424644 neg 0.44533955309527284 __DUMMY__ 0.04232342966226285	false	1.0
verheeren	neg 1.0		off 0.5315809360996198 neg 0.42681754629729385 __DUMMY__ 0.04160151760308651	false	0.5
hippie	neg 1.0		off 0.5190785614959326 neg 0.43863393157150665 __DUMMY__ 0.04228750693256083	false	0.5
rammen	neg 1.0		off 0.5155659628129612 neg 0.44226757093088137 __DUMMY__ 0.042166466256157484	false	0.5
unlauter	neg 1.0		off 0.5131145018069744 neg 0.44484846872728656 __DUMMY__ 0.04203702946573906	false	0.5
unheilvoll	neg 1.0		off 0.5179696496222738 neg 0.43967346757182824 __DUMMY__ 0.04235688280589819	false	0.5
niedrig	neg 1.0		off 0.5088525055966618 neg 0.44874220369933115 __DUMMY__ 0.04240529070400709	false	0.5
explosion	neg 1.0		off 0.5180698213703077 neg 0.43967814371450814 __DUMMY__ 0.04225203491518429	false	0.5
weichei	off 1.0	off 1.0	off 0.7490279776204446 neg 0.23110396579403195 __DUMMY__ 0.019868056585523527	false	1.0
minusmensch	off 1.0		off 0.5256007704177258 neg 0.4330180265457842 __DUMMY__ 0.04138120303648996	false	1.0
farblos	neg 1.0		off 0.5161471292576162 neg 0.4413647841542582 __DUMMY__ 0.04248808658812568	false	0.5
unwissend	neg 1.0	neg 1.0	neg 0.704159394135851 off 0.2758041983835608 __DUMMY__ 0.02003640748058821	false	1.0
traurig	neg 1.0		off 0.5231251991845797 neg 0.434941760590664 __DUMMY__ 0.04193304022475632	false	0.5
senkung	neg 1.0		off 0.5153617534663681 neg 0.4426385673327255 __DUMMY__ 0.04199967920090626	false	0.5
ungleich	neg 1.0	neg 1.0	neg 0.7089856559897849 off 0.2707239188314541 __DUMMY__ 0.02029042517876106	false	1.0
heikel	neg 1.0		off 0.5091109326546046 neg 0.44847527961493794 __DUMMY__ 0.042413787730457286	false	0.5
drosselung	neg 1.0		off 0.5210847733173901 neg 0.43688218224090686 __DUMMY__ 0.04203304444170302	false	0.5
falsch	neg 1.0		off 0.5178562660287044 neg 0.44009887273488696 __DUMMY__ 0.04204486123640878	false	0.5
unzufriedenheit	neg 1.0		off 0.5089519351160843 neg 0.44844389800249124 __DUMMY__ 0.04260416688142454	false	0.5
kurz	neg 1.0		off 0.5152637167817238 neg 0.4421448620550363 __DUMMY__ 0.04259142116323974	false	0.5
unsinnig	neg 1.0		off 0.5118033408646965 neg 0.445957338632352 __DUMMY__ 0.042239320502951455	false	0.5
penner	off 1.0	off 1.0	off 0.750040652671294 neg 0.23010328249646397 __DUMMY__ 0.019856064832241987	false	1.0
seicht	neg 1.0		off 0.5262994834922878 neg 0.4323527638612759 __DUMMY__ 0.04134775264643619	false	0.5
dummheit	off 1.0	off 1.0	off 0.744809940074708 neg 0.23510007813428396 __DUMMY__ 0.02008998179100801	false	1.0
unerfreulich	neg 1.0		off 0.5095440865621899 neg 0.4478904238844025 __DUMMY__ 0.04256548955340777	false	0.5
motherfucker	off 1.0	off 1.0	off 0.7479158172537457 neg 0.2320035174441687 __DUMMY__ 0.02008066530208567	false	1.0
pikiert	neg 1.0		off 0.519610077468323 neg 0.4384381471321338 __DUMMY__ 0.041951775399543145	false	0.5
wrack	neg 1.0		off 0.5144641119967575 neg 0.44293567654259347 __DUMMY__ 0.04260021146064911	false	0.5
gangster	neg 1.0		off 0.5190935938851893 neg 0.43862746826861 __DUMMY__ 0.04227893784620071	false	0.5
krank	neg 1.0		off 0.521673344198568 neg 0.4362475705671801 __DUMMY__ 0.042079085234251815	false	0.5
reich	neg 1.0		off 0.5223115763244636 neg 0.4353975028468536 __DUMMY__ 0.0422909208286828	false	0.5
gnadenlos	neg 1.0		off 0.5155462145229386 neg 0.4422055649408206 __DUMMY__ 0.04224822053624092	false	0.5
niedergeschlagen	neg 1.0		off 0.5145214751630796 neg 0.4429759205168461 __DUMMY__ 0.04250260432007446	false	0.5
terrorisieren	off 1.0	off 1.0	off 0.7421415679874406 neg 0.2374925927709698 __DUMMY__ 0.020365839241589617	false	1.0
sinnlosigkeit	neg 1.0		off 0.51224709328776 neg 0.4453742784013303 __DUMMY__ 0.04237862831090979	false	0.5
behindern	neg 1.0		off 0.5149641002487692 neg 0.4425813100756626 __DUMMY__ 0.04245458967556822	false	0.5
undemokratisch	neg 1.0		off 0.5151028124915187 neg 0.44265001241601243 __DUMMY__ 0.042247175092468815	false	0.5
wirtschaftskrise	neg 1.0		off 0.5108658073072578 neg 0.4467163360471278 __DUMMY__ 0.042417856645614455	false	0.5
neid	neg 1.0		off 0.5196010674909847 neg 0.4381743526296631 __DUMMY__ 0.042224579879352186	false	0.5
rutschen	neg 1.0		off 0.5105496287101247 neg 0.44635337383276674 __DUMMY__ 0.04309699745710856	false	0.5
rezession	neg 1.0		off 0.5192809503774856 neg 0.43920538120296515 __DUMMY__ 0.04151366841954933	false	0.5
fehlgeburt	neg 1.0		off 0.518063634666497 neg 0.43956029969612936 __DUMMY__ 0.04237606563737365	false	0.5
charakterschwach	off 1.0		off 0.5194538904421918 neg 0.4386845131739334 __DUMMY__ 0.04186159638387471	false	1.0
isolation	neg 1.0		off 0.5187384878640281 neg 0.4390692323235176 __DUMMY__ 0.042192279812454235	false	0.5
ablenkung	neg 1.0		off 0.5156519456829513 neg 0.4419395549102755 __DUMMY__ 0.04240849940677314	false	0.5
pech	neg 1.0		off 0.5174570231226052 neg 0.44050158504044257 __DUMMY__ 0.04204139183695233	false	0.5
vermeidung	neg 1.0		off 0.5221495832685743 neg 0.4357309879900539 __DUMMY__ 0.04211942874137181	false	0.5
dominieren	neg 1.0		off 0.5121463550904468 neg 0.4452454762864779 __DUMMY__ 0.04260816862307537	false	0.5
schwindlig	neg 1.0		off 0.5183706416681662 neg 0.4392886634705431 __DUMMY__ 0.04234069486129072	false	0.5
lutscher	neg 1.0		off 0.5274673747526495 neg 0.4311437956681723 __DUMMY__ 0.0413888295791783	false	0.5
pflicht	neg 1.0		off 0.5083033567503247 neg 0.44919489880639224 __DUMMY__ 0.042501744443283196	false	0.5
faschist	off 1.0		off 0.5179400471740901 neg 0.4398878263970316 __DUMMY__ 0.04217212642887819	false	1.0
verschleudern	neg 1.0		off 0.5089849876518502 neg 0.4486016283628672 __DUMMY__ 0.04241338398528259	false	0.5
wenn			off 0.5188674027421196 neg 0.4390122055399283 __DUMMY__ 0.04212039171795212	false	0.0
ehebruch	neg 1.0		off 0.5121445109844034 neg 0.4453312812850835 __DUMMY__ 0.042524207730513255	false	0.5
spott	off 1.0		off 0.5105946648464322 neg 0.4469560322743864 __DUMMY__ 0.04244930287918142	false	1.0
trostlosigkeit	neg 1.0		off 0.5107286724133595 neg 0.44647921512783983 __DUMMY__ 0.04279211245880069	false	0.5
lutschen	neg 1.0		off 0.518124817615659 neg 0.4397620050142622 __DUMMY__ 0.042113177370078816	false	0.5
undiszipliniert	neg 1.0		off 0.5217828784783807 neg 0.4363443965575578 __DUMMY__ 0.04187272496406157	false	0.5
kopfschmerz	neg 1.0		off 0.5127183313388937 neg 0.44489100022189 __DUMMY__ 0.04239066843921638	false	0.5
unvorhergesehen	neg 1.0		off 0.5131140526749246 neg 0.4440692466626333 __DUMMY__ 0.04281670066244211	false	0.5
desinteressiert	neg 1.0		off 0.5213487609777828 neg 0.4367467511440725 __DUMMY__ 0.04190448787814469	false	0.5
armselig	off 1.0		off 0.520991117674237 neg 0.4372971103279098 __DUMMY__ 0.0417117719978533	false	1.0
desaster	neg 1.0		off 0.5077053732180865 neg 0.44960655774385183 __DUMMY__ 0.04268806903806175	false	0.5
tod	neg 1.0		off 0.516634752676869 neg 0.44047498045188543 __DUMMY__ 0.04289026687124563	false	0.5
herzlos	neg 1.0		off 0.5223623172366194 neg 0.43579180991765026 __DUMMY__ 0.04184587284573028	false	0.5
unwissenheit	neg 1.0		off 0.5118384666540069 neg 0.44577713066999874 __DUMMY__ 0.04238440267599443	false	0.5
widersinnig	neg 1.0		off 0.5094895912781263 neg 0.44835780869534053 __DUMMY__ 0.04215260002653309	false	0.5
bedenklich	neg 1.0		off 0.510387162381682 neg 0.44723946327322245 __DUMMY__ 0.04237337434509545	false	0.5
beanstanden	neg 1.0		off 0.508354048245386 neg 0.4490927041365945 __DUMMY__ 0.04255324761801952	false	0.5
panisch	neg 1.0	neg 1.0	neg 0.7031737490060421 off 0.27651422203950243 __DUMMY__ 0.020312028954455386	false	1.0
debil	off 1.0		off 0.5070673078071833 neg 0.44978194017126144 __DUMMY__ 0.04315075202155507	false	1.0
abstrich	neg 1.0		off 0.5199272117312264 neg 0.4371594402479208 __DUMMY__ 0.04291334802085276	false	0.5
primitiv	neg 1.0		off 0.5197208773825499 neg 0.43844822249761073 __DUMMY__ 0.04183090011983939	false	0.5
abschaum	off 1.0	off 1.0	off 0.7463252677809079 neg 0.23361003159438776 __DUMMY__ 0.02006470062470427	false	1.0
provozieren	neg 1.0		off 0.5140984650967779 neg 0.44376755159214626 __DUMMY__ 0.04213398331107578	false	0.5
tot	neg 1.0		off 0.5125764223557442 neg 0.44496523130436666 __DUMMY__ 0.042458346339889125	false	0.5
instabil	neg 1.0		off 0.5213935013513455 neg 0.43679172269232946 __DUMMY__ 0.04181477595632499	false	0.5
schwuchtel	off 1.0	off 1.0	off 0.7520839931096462 neg 0.22829357941867892 __DUMMY__ 0.019622427471674895	false	1.0
zerren	neg 1.0		off 0.5137537914142345 neg 0.4437362446490425 __DUMMY__ 0.04250996393672302	false	0.5
kinderficker	off 1.0		off 0.5251203757420797 neg 0.43313663559334736 __DUMMY__ 0.041742988664572885	false	1.0
gefahr	neg 1.0		off 0.5098866950934513 neg 0.4473982112443289 __DUMMY__ 0.042715093662219754	false	0.5
rabiat	neg 1.0		off 0.5153198900384859 neg 0.4423147331430975 __DUMMY__ 0.042365376818416685	false	0.5
verlangsamung	neg 1.0		off 0.5245593468098372 neg 0.4339815042766919 __DUMMY__ 0.041459148913470883	false	0.5
ausgestorben	neg 1.0		off 0.5155980670557923 neg 0.44196374657843546 __DUMMY__ 0.04243818636577224	false	0.5
anklagen	neg 1.0		off 0.5120786308656625 neg 0.445440037221356 __DUMMY__ 0.0424813319129815	false	0.5
trott	neg 1.0		off 0.5151758005417709 neg 0.4423928719981192 __DUMMY__ 0.04243132746010982	false	0.5
verminderung	neg 1.0		off 0.5214615600350728 neg 0.43653535660730086 __DUMMY__ 0.04200308335762627	false	0.5
nach			off 0.5087216041094856 neg 0.44818388700986556 __DUMMY__ 0.04309450888064874	false	0.0
rost	neg 1.0		off 0.5251492435000713 neg 0.43317300613789805 __DUMMY__ 0.04167775036203067	false	0.5
destruktiv	neg 1.0		off 0.5132295979895594 neg 0.44455175049089174 __DUMMY__ 0.04221865151954885	false	0.5
unzumutbarkeit	neg 1.0		off 0.521139136028663 neg 0.4367061031627803 __DUMMY__ 0.04215476080855671	false	0.5
labil	off 1.0	off 1.0	off 0.7462634374406126 neg 0.23361965470547355 __DUMMY__ 0.020116907853913835	false	1.0
ziemlich	neg 1.0		off 0.5211604137815231 neg 0.4367323962576294 __DUMMY__ 0.042107189960847495	false	0.5
lachnummer	off 1.0		off 0.5139971649708442 neg 0.44379688940084056 __DUMMY__ 0.042205945628315276	false	1.0
oder			off 0.5165173553851419 neg 0.44110340853241337 __DUMMY__ 0.0423792360824447	false	0.0
verfall	neg 1.0		off 0.5060469539164847 neg 0.4511132534971221 __DUMMY__ 0.04283979258639334	false	0.5
ausgrenzung	neg 1.0		off 0.5161229698959944 neg 0.44161830650808687 __DUMMY__ 0.04225872359591882	false	0.5
unordnung	neg 1.0		off 0.5253706189928232 neg 0.432422986156186 __DUMMY__ 0.04220639485099081	false	0.5
fehlverhalten	neg 1.0		off 0.5083812352403153 neg 0.44919806771160137 __DUMMY__ 0.04242069704808338	false	0.5
eine			off 0.5106037685980214 neg 0.44668501542704453 __DUMMY__ 0.04271121597493408	false	0.0
nille	neg 1.0		off 0.5157828322824494 neg 0.44171479323645874 __DUMMY__ 0.04250237448109189	false	0.5
qual	neg 1.0		off 0.5149657426395676 neg 0.4425679213237742 __DUMMY__ 0.042466336036658246	false	0.5
verschwenden	neg 1.0		off 0.5096883056852224 neg 0.44792671927580113 __DUMMY__ 0.04238497503897658	false	0.5
riesig	neg 1.0		off 0.5136159672830087 neg 0.4437019075287496 __DUMMY__ 0.0426821251882417	false	0.5
verurteilen	neg 1.0		off 0.5109784925755939 neg 0.44670600057854304 __DUMMY__ 0.042315506845862855	false	0.5
klischee	neg 1.0	neg 1.0	neg 0.704702506484692 off 0.27521719836985914 __DUMMY__ 0.020080295145448745	false	1.0
diktatorisch	neg 1.0		off 0.5147602848612848 neg 0.4430500891102586 __DUMMY__ 0.042189626028456495	false	0.5
vorhersehbar	neg 1.0		off 0.5157897495928865 neg 0.44223397137671383 __DUMMY__ 0.041976279030399695	false	0.5
sowie			off 0.5243177174541166 neg 0.4339436454576409 __DUMMY__ 0.04173863708824263	false	0.0
stornieren	neg 1.0		off 0.5206243762594802 neg 0.43675405456625416 __DUMMY__ 0.042621569174265655	false	0.5
besteuerung	neg 1.0		off 0.512972028922346 neg 0.44496995003029566 __DUMMY__ 0.04205802104735842	false	0.5
ungeschminkt	neg 1.0		off 0.5189106404782972 neg 0.43931946467845356 __DUMMY__ 0.04176989484324934	false	0.5
kritisch	neg 1.0		off 0.5104795604292344 neg 0.4470981005551953 __DUMMY__ 0.042422339015570326	false	0.5
schlamperei	off 1.0		off 0.5104839579876289 neg 0.44691365780184666 __DUMMY__ 0.0426023842105244	false	1.0
sucht	neg 1.0	neg 1.0	neg 0.7019342386907791 off 0.2775219864105744 __DUMMY__ 0.02054377489864642	false	1.0
egoistisch	off 1.0		off 0.5235876742934081 neg 0.434845728617764 __DUMMY__ 0.04156659708882793	false	1.0
ausbeuter	off 1.0		off 0.5078038949297345 neg 0.4498327040792632 __DUMMY__ 0.04236340099100225	false	1.0
arschgeburt	off 1.0		off 0.5292419807305937 neg 0.42969286537752555 __DUMMY__ 0.04106515389188088	false	1.0
schubs	neg 1.0		off 0.5131420859917735 neg 0.44443672067397194 __DUMMY__ 0.04242119333425473	false	0.5
unsolide	neg 1.0		off 0.5143836288245377 neg 0.443565355649169 __DUMMY__ 0.042051015526293326	false	0.5
beschwerde	neg 1.0		off 0.5098484226243499 neg 0.4477223759433999 __DUMMY__ 0.04242920143225007	false	0.5
stocken	neg 1.0		off 0.5110959740699496 neg 0.44629820525496217 __DUMMY__ 0.04260582067508841	false	0.5
isolieren	neg 1.0		off 0.5118972910118114 neg 0.44562874556628185 __DUMMY__ 0.04247396342190692	false	0.5
unheilbar	neg 1.0		off 0.5163782948971468 neg 0.4411867265919357 __DUMMY__ 0.04243497851091746	false	0.5
pisser	off 1.0		off 0.5216215404121063 neg 0.4365544338893473 __DUMMY__ 0.04182402569854636	false	1.0
löschen	neg 1.0		off 0.5158232449337149 neg 0.44172888825684525 __DUMMY__ 0.04244786680943978	false	0.5
durchfallen	neg 1.0		off 0.5097349747330044 neg 0.4480096722913142 __DUMMY__ 0.04225535297568137	false	0.5
wichser	off 1.0	off 1.0	off 0.7514612882537869 neg 0.22877482239667216 __DUMMY__ 0.019763889349541014	false	1.0
terror	neg 1.0		off 0.5187780541816294 neg 0.4389358732188154 __DUMMY__ 0.04228607259955532	false	0.5
krass	neg 1.0		off 0.5227473622953719 neg 0.4354806778172001 __DUMMY__ 0.041771959887427955	false	0.5
revolte	neg 1.0		off 0.5170621711160668 neg 0.4406596784262216 __DUMMY__ 0.042278150457711564	false	0.5
besorgt	neg 1.0		off 0.5166886679575117 neg 0.4405484840142104 __DUMMY__ 0.04276284802827781	false	0.5
nachlassen	neg 1.0		off 0.51302758735065 neg 0.44419048306126935 __DUMMY__ 0.04278192958808054	false	0.5
alt	neg 1.0		off 0.5129159822982523 neg 0.4446112507175413 __DUMMY__ 0.042472766984206343	false	0.5
hundesohn	off 1.0		off 0.5278087698728992 neg 0.4307661896977116 __DUMMY__ 0.041425040429389354	false	1.0
als			off 0.5125970270300998 neg 0.44498591243496105 __DUMMY__ 0.042417060534939106	false	0.0
abschreckung	neg 1.0		off 0.508881764938159 neg 0.4484904729134229 __DUMMY__ 0.042627762148418215	false	0.5
unqualifiziert	neg 1.0		off 0.5162735528778886 neg 0.4418180776569235 __DUMMY__ 0.041908369465188014	false	0.5
abgewichst	off 1.0		off 0.515162335262556 neg 0.44230449881230127 __DUMMY__ 0.04253316592514275	false	1.0
schwer	neg 1.0		off 0.5135509727765478 neg 0.4441582190906498 __DUMMY__ 0.04229080813280229	false	0.5
bedeutungslosigkeit	neg 1.0		off 0.5092538637257064 neg 0.44822111230750106 __DUMMY__ 0.04252502396679256	false	0.5
kapitulation	neg 1.0		off 0.5114938432904282 neg 0.44594912315355134 __DUMMY__ 0.04255703355602055	false	0.5
unscharf	neg 1.0		off 0.5160654748809688 neg 0.441869554932105 __DUMMY__ 0.04206497018692634	false	0.5
schwinden	neg 1.0		off 0.5106792448439954 neg 0.4466352470831035 __DUMMY__ 0.042685508072901224	false	0.5
versklavung	neg 1.0		off 0.5165820382343217 neg 0.44101009186547846 __DUMMY__ 0.042407869900199874	false	0.5
schlecht	neg 1.0		off 0.5213103426190651 neg 0.4365857810232553 __DUMMY__ 0.04210387635767962	false	0.5
verhasst	neg 1.0		off 0.5138601271237053 neg 0.44410706655470683 __DUMMY__ 0.04203280632158772	false	0.5
beschweren	neg 1.0		off 0.5165075426191043 neg 0.4412759405431732 __DUMMY__ 0.04221651683772248	false	0.5
scheiden	neg 1.0		off 0.5165346259508745 neg 0.44096911715750914 __DUMMY__ 0.04249625689161647	false	0.5
frustriert	neg 1.0		off 0.5126185307239355 neg 0.44505740495884794 __DUMMY__ 0.04232406431721655	false	0.5
schimmelig	neg 1.0		off 0.5106899053311165 neg 0.44702427211878576 __DUMMY__ 0.042285822550097794	false	0.5
fisch	neg 1.0		off 0.5084998782700756 neg 0.44902704301900753 __DUMMY__ 0.042473078710916934	false	0.5
schmuggel	neg 1.0		off 0.5109931828122694 neg 0.4463938921305838 __DUMMY__ 0.0426129250571468	false	0.5
auffallen	neg 1.0		off 0.5173270398662648 neg 0.44049048252149337 __DUMMY__ 0.04218247761224186	false	0.5
konkurrenz	neg 1.0		off 0.5085073626642382 neg 0.44885065553701087 __DUMMY__ 0.04264198179875085	false	0.5
teufelskreis	neg 1.0		off 0.5135212198118814 neg 0.4442096198200308 __DUMMY__ 0.04226916036808774	false	0.5
aufschreien	neg 1.0		off 0.5165215708040493 neg 0.4413889699801025 __DUMMY__ 0.04208945921584819	false	0.5
schuldner	neg 1.0		off 0.5079902166521822 neg 0.44954541381536606 __DUMMY__ 0.042464369532451654	false	0.5
missgeburt	off 1.0	off 1.0	off 0.7491378900597159 neg 0.231028248403067 __DUMMY__ 0.019833861537217085	false	1.0
arbeitslos	neg 1.0		off 0.5099526738435519 neg 0.44781339399925696 __DUMMY__ 0.04223393215719112	false	0.5
befallen	neg 1.0		off 0.5155881874225667 neg 0.44181282082791234 __DUMMY__ 0.042598991749520955	false	0.5
miesepetrig	off 1.0	off 1.0	off 0.7468176062227033 neg 0.23308848411075256 __DUMMY__ 0.02009390966654422	false	1.0
alarmieren	neg 1.0		off 0.518239273103493 neg 0.4397132617685874 __DUMMY__ 0.04204746512791958	false	0.5
ungeduscht	off 1.0		off 0.5180010050965811 neg 0.440001894890104 __DUMMY__ 0.04199710001331494	false	1.0
knappheit	neg 1.0		off 0.509549516034068 neg 0.4481966488438185 __DUMMY__ 0.04225383512211366	false	0.5
schlange	neg 1.0		off 0.519155599082218 neg 0.43831331590427375 __DUMMY__ 0.042531085013508135	false	0.5
harsch	neg 1.0		off 0.5267371976598093 neg 0.43122479331230557 __DUMMY__ 0.04203800902788525	false	0.5
lang	neg 1.0		off 0.5168235812758757 neg 0.44075087855105377 __DUMMY__ 0.04242554017307044	false	0.5
ziellos	neg 1.0		off 0.5129599435707051 neg 0.4444238480477038 __DUMMY__ 0.042616208381591004	false	0.5
selbstverliebt	neg 1.0		off 0.5277065535338673 neg 0.43106756667383994 __DUMMY__ 0.04122587979229271	false	0.5
beseitigen	neg 1.0		off 0.5147284875878312 neg 0.4427425650969779 __DUMMY__ 0.04252894731519084	false	0.5
dumm	off 1.0		off 0.5250094954811403 neg 0.43338552895900323 __DUMMY__ 0.0416049755598566	false	1.0
arbeitsloser	neg 1.0		off 0.5116259338289909 neg 0.4459662770628639 __DUMMY__ 0.04240778910814526	false	0.5
blitzen	neg 1.0		off 0.5188121192712429 neg 0.43891510590310184 __DUMMY__ 0.04227277482565508	false	0.5
hilflos	neg 1.0		off 0.5125346426185177 neg 0.4450935478377348 __DUMMY__ 0.04237180954374739	false	0.5
eklig	off 1.0		off 0.5245680568146158 neg 0.43396958497533716 __DUMMY__ 0.041462358210047116	false	1.0
begriff			off 0.5135779565593303 neg 0.44410242324452154 __DUMMY__ 0.04231962019614816	false	0.0
hungersnot	neg 1.0		off 0.5140751721775945 neg 0.4433136580296203 __DUMMY__ 0.04261116979278514	false	0.5
ungesetzlich	neg 1.0		off 0.512330315160441 neg 0.4456649802662421 __DUMMY__ 0.042004704573316794	false	0.5
verschwendung	neg 1.0		off 0.5105340414910936 neg 0.4469287472834794 __DUMMY__ 0.04253721122542705	false	0.5
schmerzvoll	neg 1.0		off 0.5169120838374063 neg 0.4407999116677622 __DUMMY__ 0.042288004494831465	false	0.5
vorzeitig	neg 1.0		off 0.5188017373215299 neg 0.438891294097778 __DUMMY__ 0.04230696858069206	false	0.5
unvollkommenheit	neg 1.0		off 0.5152911025597583 neg 0.44193798773332055 __DUMMY__ 0.0427709097069212	false	0.5
intervenieren	neg 1.0		off 0.5090401359061812 neg 0.44853452883258715 __DUMMY__ 0.04242533526123162	false	0.5
banause	off 1.0		off 0.5257179146304249 neg 0.43306408809981467 __DUMMY__ 0.04121799726976026	false	1.0
rebell	neg 1.0		off 0.5072750114778585 neg 0.4500174387518509 __DUMMY__ 0.04270754977029055	false	0.5
unlogisch	neg 1.0		off 0.5207600939714643 neg 0.4375227557249097 __DUMMY__ 0.041717150303626147	false	0.5
leiden	neg 1.0		off 0.5110291727698804 neg 0.44626059971196946 __DUMMY__ 0.042710227518150165	false	0.5
abschaffung	neg 1.0		off 0.5143906907041053 neg 0.44334708642487414 __DUMMY__ 0.04226222287102068	false	0.5
sturz	neg 1.0		off 0.5167156861840154 neg 0.4407749161495813 __DUMMY__ 0.04250939766640338	false	0.5
verkleinerung	neg 1.0		off 0.5144131374149694 neg 0.44370405145680425 __DUMMY__ 0.041882811128226144	false	0.5
schmarotzer	off 1.0		off 0.5098993552639993 neg 0.44797833482850774 __DUMMY__ 0.04212230990749308	false	1.0
bestrafung	neg 1.0		off 0.5165363827080471 neg 0.4411116792306345 __DUMMY__ 0.04235193806131845	false	0.5
achtlos	neg 1.0	neg 1.0	neg 0.705644271980792 off 0.2740482643233456 __DUMMY__ 0.020307463695862366	false	1.0
ungeheuer	neg 1.0		off 0.5184392286287529 neg 0.43923513131584807 __DUMMY__ 0.04232564005539905	false	0.5
unaufrichtig	neg 1.0		off 0.5193732278916959 neg 0.4382777459336356 __DUMMY__ 0.042349026174668354	false	0.5
groggy	neg 1.0		off 0.5187112481919259 neg 0.4390022456792567 __DUMMY__ 0.042286506128817354	false	0.5
verletzlich	neg 1.0		off 0.5194578965557881 neg 0.43867788870140767 __DUMMY__ 0.04186421474280429	false	0.5
