unsolidarisch	neg 1.0		off 0.4976720982186493 neg 0.433457138347052 __DUMMY__ 0.06887076343429872	false	0.5
nachteilig	neg 1.0		off 0.49561621950357554 neg 0.43487637520540356 __DUMMY__ 0.06950740529102097	false	0.5
skeptisch	neg 1.0		off 0.49505504076168777 neg 0.43538613143754124 __DUMMY__ 0.06955882780077081	false	0.5
schrecklich	neg 1.0		off 0.5091649934951537 neg 0.4223717499694584 __DUMMY__ 0.06846325653538791	false	0.5
schlapp	neg 1.0		off 0.5059192842739423 neg 0.42522922125049 __DUMMY__ 0.06885149447556764	false	0.5
abfall	neg 1.0		off 0.4935549448384678 neg 0.43632942420770326 __DUMMY__ 0.07011563095382893	false	0.5
widerspenstig	neg 1.0		off 0.5011588995237154 neg 0.429535310217177 __DUMMY__ 0.0693057902591075	false	0.5
abrupt	neg 1.0		off 0.49862668433785107 neg 0.43145987085544596 __DUMMY__ 0.0699134448067031	false	0.5
unwirksam	neg 1.0		off 0.4968472573437304 neg 0.43444319532171266 __DUMMY__ 0.06870954733455699	false	0.5
angreifen	neg 1.0		off 0.4952479443846648 neg 0.4351554293576537 __DUMMY__ 0.06959662625768138	false	0.5
inkonsistent	neg 1.0		off 0.5011005552224144 neg 0.4298001359610037 __DUMMY__ 0.06909930881658206	false	0.5
abrutschen	neg 1.0		off 0.4923047100329426 neg 0.43788435188473424 __DUMMY__ 0.06981093808232318	false	0.5
unsicher	neg 1.0		off 0.5009683591853996 neg 0.4296437153225321 __DUMMY__ 0.06938792549206815	false	0.5
bauernkind	off 1.0	off 1.0	off 0.7396468464155425 neg 0.2280876831751655 __DUMMY__ 0.03226547040929207	false	1.0
angreifer	neg 1.0	neg 1.0	neg 0.6977084600692876 off 0.2690196678229454 __DUMMY__ 0.03327187210776699	false	1.0
trennen	neg 1.0		off 0.4972259072056082 neg 0.4328001126365625 __DUMMY__ 0.06997398015782941	false	0.5
schmutz	neg 1.0		off 0.5066257730231328 neg 0.42351337155166213 __DUMMY__ 0.06986085542520502	false	0.5
inkonsistenz	neg 1.0		off 0.5016892763513688 neg 0.430108610666753 __DUMMY__ 0.0682021129818782	false	0.5
erschreckend	neg 1.0		off 0.49864391288245064 neg 0.43218853946926733 __DUMMY__ 0.06916754764828191	false	0.5
ertrinken	neg 1.0		off 0.49735594489681145 neg 0.432832963175546 __DUMMY__ 0.06981109192764245	false	0.5
pickelface	off 1.0		off 0.5004764175772503 neg 0.43003746781055213 __DUMMY__ 0.06948611461219771	false	1.0
seiner			off 0.49609624255221657 neg 0.43425587683516187 __DUMMY__ 0.06964788061262155	false	0.0
lauch	neg 1.0		off 0.4947787236864559 neg 0.4351468756702682 __DUMMY__ 0.07007440064327604	false	0.5
unwichtig	neg 1.0		off 0.5038415926324737 neg 0.4275120512147737 __DUMMY__ 0.06864635615275243	false	0.5
steuerhinterziehung	neg 1.0	neg 1.0	neg 0.7016361900867125 off 0.26517855583632566 __DUMMY__ 0.03318525407696182	false	1.0
schock	neg 1.0		off 0.5006945711395535 neg 0.4297939868566964 __DUMMY__ 0.06951144200375013	false	0.5
beule	neg 1.0		off 0.5067178946104425 neg 0.4245496096420772 __DUMMY__ 0.06873249574748035	false	0.5
vergelten	neg 1.0		off 0.5098505110198782 neg 0.4212855890374804 __DUMMY__ 0.06886389994264117	false	0.5
verdorbenheit	neg 1.0		off 0.5033853702448936 neg 0.4270290663164696 __DUMMY__ 0.06958556343863684	false	0.5
trauma	neg 1.0		off 0.5019171688645345 neg 0.42879828033617806 __DUMMY__ 0.06928455079928744	false	0.5
sinnlos	neg 1.0		off 0.5028691004040159 neg 0.4279953748534735 __DUMMY__ 0.06913552474251054	false	0.5
fettsack	off 1.0	off 1.0	off 0.7412107750728768 neg 0.2263973435642109 __DUMMY__ 0.03239188136291237	false	1.0
feige	off 1.0	off 1.0	off 0.7387366538190234 neg 0.22852421277982868 __DUMMY__ 0.03273913340114801	false	1.0
abdanken	neg 1.0		off 0.4999470054554871 neg 0.4306898457091278 __DUMMY__ 0.06936314883538502	false	0.5
wichtigtuer	off 1.0	off 1.0	off 0.7377134038259806 neg 0.22939015583783157 __DUMMY__ 0.03289644033618783	false	1.0
misslingen	neg 1.0		off 0.5043916675733071 neg 0.42580916906755234 __DUMMY__ 0.0697991633591404	false	0.5
untreu	off 1.0		off 0.5053000006067179 neg 0.42594677943816867 __DUMMY__ 0.06875321995511355	false	1.0
missmutig	neg 1.0		off 0.5057342470862008 neg 0.4252817608658424 __DUMMY__ 0.0689839920479567	false	0.5
hurenbock	off 1.0		off 0.5048295448571685 neg 0.42568808996928714 __DUMMY__ 0.06948236517354434	false	1.0
betrunken	neg 1.0		off 0.5077404558933345 neg 0.42351358162528036 __DUMMY__ 0.06874596248138527	false	0.5
korrupt	off 1.0		off 0.4954300850435067 neg 0.4355348170059541 __DUMMY__ 0.06903509795053926	false	1.0
unmut	neg 1.0		off 0.4929431888782896 neg 0.43715650036540354 __DUMMY__ 0.06990031075630695	false	0.5
hackfresse	off 1.0		off 0.5115886755817307 neg 0.42041420622853287 __DUMMY__ 0.06799711818973644	false	1.0
aufblasen	neg 1.0		off 0.503391872353738 neg 0.4273127336098511 __DUMMY__ 0.06929539403641097	false	0.5
gewaltsam	neg 1.0		off 0.5001986626497289 neg 0.43023505079532226 __DUMMY__ 0.06956628655494872	false	0.5
unbeliebtheit	neg 1.0		off 0.5016880989455752 neg 0.42981384395450295 __DUMMY__ 0.0684980570999218	false	0.5
sturheit	neg 1.0		off 0.49840715979013106 neg 0.4323260296725977 __DUMMY__ 0.06926681053727116	false	0.5
kuh	neg 1.0		off 0.4992592534312234 neg 0.4323105714542564 __DUMMY__ 0.06843017511452026	false	0.5
erschrecken	neg 1.0		off 0.5060641705579634 neg 0.42481502932382276 __DUMMY__ 0.06912080011821384	false	0.5
opfer	neg 1.0		off 0.4972790156594858 neg 0.4331376362985819 __DUMMY__ 0.06958334804193243	false	0.5
sinken	neg 1.0		off 0.49427969923823595 neg 0.4357674928384049 __DUMMY__ 0.06995280792335914	false	0.5
stinktier	neg 1.0		off 0.5057738815677677 neg 0.42652205775567015 __DUMMY__ 0.06770406067656218	false	0.5
tucke	off 1.0		off 0.5125868945562898 neg 0.4195604343000048 __DUMMY__ 0.06785267114370548	false	1.0
ein			off 0.5016666470669606 neg 0.4291414342520638 __DUMMY__ 0.06919191868097559	false	0.0
abstieg	neg 1.0		off 0.4961584392215527 neg 0.4341967692595432 __DUMMY__ 0.069644791518904	false	0.5
missverstehen	neg 1.0		off 0.5013173026253354 neg 0.4299906708481456 __DUMMY__ 0.068692026526519	false	0.5
ergebnislos	neg 1.0		off 0.4958472185412628 neg 0.4344762002940576 __DUMMY__ 0.06967658116467959	false	0.5
unter			off 0.4904252502473584 neg 0.4389700413671988 __DUMMY__ 0.07060470838544276	false	0.0
manipulieren	neg 1.0		off 0.49583245497819445 neg 0.43439772540142535 __DUMMY__ 0.06976981962038013	false	0.5
unbewiesen	neg 1.0		off 0.49701500628451595 neg 0.43421852405209427 __DUMMY__ 0.0687664696633898	false	0.5
verschleppen	neg 1.0		off 0.49669143270012917 neg 0.4338963119591799 __DUMMY__ 0.069412255340691	false	0.5
weib	off 1.0		off 0.5101717584332349 neg 0.4222460255692672 __DUMMY__ 0.06758221599749782	false	1.0
opposition	neg 1.0		off 0.5007991166981318 neg 0.43026152952814406 __DUMMY__ 0.06893935377372415	false	0.5
verkehrswidrig	neg 1.0		off 0.512082628207414 neg 0.4189603184944183 __DUMMY__ 0.0689570532981677	false	0.5
inkorrekt	neg 1.0		off 0.506600110535496 neg 0.4251748205413313 __DUMMY__ 0.06822506892317252	false	0.5
vermeiden	neg 1.0		off 0.49192317675667596 neg 0.4379850008470494 __DUMMY__ 0.07009182239627466	false	0.5
abweichung	neg 1.0		off 0.4959386926489721 neg 0.4346753292768679 __DUMMY__ 0.06938597807416003	false	0.5
alkoholisiert	neg 1.0		off 0.4969933808065106 neg 0.4332890019270187 __DUMMY__ 0.06971761726647059	false	0.5
scheiss	off 1.0	off 1.0	off 0.7397901196493727 neg 0.22738631829277867 __DUMMY__ 0.032823562057848754	false	1.0
herausforderung	neg 1.0		off 0.4961186598440262 neg 0.4341605096795467 __DUMMY__ 0.06972083047642716	false	0.5
pervers	off 1.0		off 0.5144126675903874 neg 0.41794361985157874 __DUMMY__ 0.067643712558034	false	1.0
wackelig	neg 1.0		off 0.5008878220939217 neg 0.42930950966929593 __DUMMY__ 0.06980266823678236	false	0.5
verwickeln	neg 1.0		off 0.5008817921170211 neg 0.43036747439679646 __DUMMY__ 0.06875073348618253	false	0.5
vorwand	neg 1.0		off 0.494783147461907 neg 0.43558698520977124 __DUMMY__ 0.06962986732832166	false	0.5
muschi	off 1.0		off 0.5003755195586329 neg 0.430181021597762 __DUMMY__ 0.06944345884360512	false	1.0
entmutigung	neg 1.0		off 0.5009648435329697 neg 0.42995431655367244 __DUMMY__ 0.06908083991335777	false	0.5
unangemessen	neg 1.0		off 0.49654111530262096 neg 0.4344354561532402 __DUMMY__ 0.06902342854413875	false	0.5
unstetig	neg 1.0		off 0.5030239883984258 neg 0.4279513799545268 __DUMMY__ 0.06902463164704743	false	0.5
entmutigen	neg 1.0		off 0.5014589914949238 neg 0.42933763377535483 __DUMMY__ 0.06920337472972155	false	0.5
schwanz	neg 1.0		off 0.49813489721798165 neg 0.4322192750963425 __DUMMY__ 0.06964582768567586	false	0.5
verbot	neg 1.0		off 0.4968917855939786 neg 0.43373781847852644 __DUMMY__ 0.06937039592749497	false	0.5
leid	neg 1.0		off 0.5095340967179219 neg 0.4223372048411348 __DUMMY__ 0.06812869844094316	false	0.5
archaisch	neg 1.0		off 0.49887851450795373 neg 0.43179430413443537 __DUMMY__ 0.06932718135761089	false	0.5
gegen			off 0.4937482202505448 neg 0.43637781790688446 __DUMMY__ 0.0698739618425708	false	0.0
scheidung	neg 1.0		off 0.5222545851844151 neg 0.4097923282916493 __DUMMY__ 0.06795308652393552	false	0.5
einschlag	neg 1.0		off 0.5081452253138744 neg 0.4232672078012917 __DUMMY__ 0.06858756688483392	false	0.5
m			off 0.49914790064700026 neg 0.4312418876191815 __DUMMY__ 0.06961021173381811	false	0.0
abgestanden	neg 1.0		off 0.5006694111602835 neg 0.4302518723697402 __DUMMY__ 0.06907871646997613	false	0.5
schmierig	off 1.0		off 0.5103938246300852 neg 0.4211662589380693 __DUMMY__ 0.06843991643184551	false	1.0
unpraktisch	neg 1.0		off 0.5021158511881932 neg 0.42873613898945045 __DUMMY__ 0.06914800982235626	false	0.5
wixxer	off 1.0		off 0.51331327142443 neg 0.4192694530188688 __DUMMY__ 0.06741727555670127	false	1.0
bezeichnet			off 0.49858081073566324 neg 0.43247089027701835 __DUMMY__ 0.0689482989873184	false	0.0
jammerlappen	off 1.0		off 0.5055976029395018 neg 0.4254790265332139 __DUMMY__ 0.06892337052728427	false	1.0
farce	neg 1.0		off 0.497439188733 neg 0.4333432094762528 __DUMMY__ 0.06921760179074705	false	0.5
zwecklos	neg 1.0		off 0.4974107968369395 neg 0.433350290561662 __DUMMY__ 0.06923891260139851	false	0.5
turbulent	neg 1.0		off 0.5063888899403705 neg 0.4249641419150956 __DUMMY__ 0.0686469681445341	false	0.5
invasion	neg 1.0		off 0.5019179726799387 neg 0.4290546401895447 __DUMMY__ 0.06902738713051657	false	0.5
schuld	neg 1.0		off 0.5004282281756223 neg 0.4305714863577452 __DUMMY__ 0.06900028546663249	false	0.5
risiko	neg 1.0	neg 1.0	neg 0.6980269101203083 off 0.26866925124943614 __DUMMY__ 0.033303838630255544	false	1.0
finster	neg 1.0		off 0.5003237254171786 neg 0.43079762275736777 __DUMMY__ 0.06887865182545352	false	0.5
geisteskrank	off 1.0		off 0.5042320305932606 neg 0.42749884727889287 __DUMMY__ 0.06826912212784648	false	1.0
zusammenbrechen	neg 1.0		off 0.4986043949434279 neg 0.43198843210124827 __DUMMY__ 0.06940717295532393	false	0.5
ausbeute	neg 1.0		off 0.5019633428598498 neg 0.4277190937963586 __DUMMY__ 0.07031756334379163	false	0.5
hinterhalt	neg 1.0		off 0.5041213107247274 neg 0.4256507401560867 __DUMMY__ 0.07022794911918583	false	0.5
kritik	neg 1.0		off 0.49705635936834924 neg 0.43374105507884414 __DUMMY__ 0.06920258555280663	false	0.5
einschrumpfen	neg 1.0		off 0.5033346453668082 neg 0.4278995536798184 __DUMMY__ 0.06876580095337352	false	0.5
riskant	neg 1.0		off 0.4950472668585485 neg 0.4355344286704933 __DUMMY__ 0.06941830447095831	false	0.5
frustrieren	neg 1.0		off 0.49622269776824085 neg 0.43437534471881145 __DUMMY__ 0.06940195751294774	false	0.5
groll	neg 1.0		off 0.49683264383142345 neg 0.43391395041398406 __DUMMY__ 0.0692534057545924	false	0.5
gibt			off 0.4987015884436165 neg 0.4318834149301039 __DUMMY__ 0.06941499662627963	false	0.0
qualvoll	neg 1.0		off 0.5045621901683931 neg 0.426270195613077 __DUMMY__ 0.06916761421853	false	0.5
wackeln	neg 1.0		off 0.503531602668045 neg 0.426918650159303 __DUMMY__ 0.06954974717265199	false	0.5
klagen	neg 1.0		off 0.4930737786508335 neg 0.43718611136109253 __DUMMY__ 0.06974010998807402	false	0.5
bankrott	neg 1.0		off 0.5061280172568255 neg 0.42473081325641826 __DUMMY__ 0.06914116948675628	false	0.5
trauern	neg 1.0		off 0.4986472826977426 neg 0.43145381119487014 __DUMMY__ 0.06989890610738725	false	0.5
ablehnung	neg 1.0		off 0.4965139231326028 neg 0.4343000747272509 __DUMMY__ 0.06918600214014642	false	0.5
stur	neg 1.0		off 0.5003741832428485 neg 0.4306743187751725 __DUMMY__ 0.06895149798197908	false	0.5
aufruhr	neg 1.0		off 0.49955446649244967 neg 0.4310607512082724 __DUMMY__ 0.0693847822992779	false	0.5
melancholie	neg 1.0		off 0.49822667611865895 neg 0.43217163043500706 __DUMMY__ 0.06960169344633405	false	0.5
ist			off 0.5023509208832952 neg 0.42853904749148297 __DUMMY__ 0.06911003162522185	false	0.0
torheit	neg 1.0		off 0.5007922122571056 neg 0.4299642348376896 __DUMMY__ 0.06924355290520491	false	0.5
dreckskind	off 1.0		off 0.5092744478466382 neg 0.4228756318058534 __DUMMY__ 0.06784992034750839	false	1.0
umtauschen	neg 1.0		off 0.5003809061162962 neg 0.4303245948974944 __DUMMY__ 0.06929449898620949	false	0.5
zum			off 0.4948855383317379 neg 0.43455513206816604 __DUMMY__ 0.07055932960009603	false	0.0
zersetzen	neg 1.0		off 0.49445029695856874 neg 0.43604681659113104 __DUMMY__ 0.06950288645030019	false	0.5
zur			off 0.4924722056075254 neg 0.43719634071172236 __DUMMY__ 0.07033145368075225	false	0.0
frust	neg 1.0		off 0.4988305013491664 neg 0.4317170933024598 __DUMMY__ 0.06945240534837374	false	0.5
unerbittlichkeit	neg 1.0		off 0.4951092873575606 neg 0.4352696140005288 __DUMMY__ 0.0696210986419106	false	0.5
zwei			off 0.4952742261006526 neg 0.4343646868272067 __DUMMY__ 0.07036108707214078	false	0.0
unkorrekt	neg 1.0		off 0.5070392203903114 neg 0.4245823347432437 __DUMMY__ 0.06837844486644488	false	0.5
hexe	off 1.0		off 0.5037073768295811 neg 0.42779946735065355 __DUMMY__ 0.06849315581976523	false	1.0
lasch	neg 1.0		off 0.5022744234878772 neg 0.4291058977380813 __DUMMY__ 0.06861967877404161	false	0.5
rivale	neg 1.0		off 0.5074572145597112 neg 0.4239054428948687 __DUMMY__ 0.06863734254542007	false	0.5
mutlos	off 1.0	off 1.0	off 0.7341849375778814 neg 0.2326051288955511 __DUMMY__ 0.03320993352656752	false	1.0
wirr	off 1.0		off 0.5079880532541656 neg 0.4236994404038456 __DUMMY__ 0.06831250634198872	false	1.0
jahr			off 0.4990404146455037 neg 0.4305740344096528 __DUMMY__ 0.07038555094484353	false	0.0
wird			off 0.49730036142060546 neg 0.4332572395096052 __DUMMY__ 0.06944239906978926	false	0.0
strafbar	neg 1.0		off 0.49545877201361455 neg 0.43515598448721815 __DUMMY__ 0.06938524349916736	false	0.5
erosion	neg 1.0		off 0.5022928423019145 neg 0.42815813147388637 __DUMMY__ 0.06954902622419905	false	0.5
eingehen	neg 1.0		off 0.4955951445877361 neg 0.4350485893699746 __DUMMY__ 0.06935626604228932	false	0.5
faul	off 1.0		off 0.5056203049375632 neg 0.42532633443303297 __DUMMY__ 0.0690533606294039	false	1.0
provisorium	neg 1.0		off 0.4913687010647472 neg 0.43800558823644054 __DUMMY__ 0.07062571069881225	false	0.5
schmerzen	neg 1.0		off 0.4989616264549812 neg 0.43182105882734023 __DUMMY__ 0.06921731471767836	false	0.5
schrumpfen	neg 1.0		off 0.49031856721512257 neg 0.43979035960183255 __DUMMY__ 0.06989107318304491	false	0.5
geistlos	off 1.0		off 0.5004281125471604 neg 0.4309743247389913 __DUMMY__ 0.06859756271384826	false	1.0
fehlkauf	neg 1.0		off 0.5036351883689365 neg 0.42703552783135557 __DUMMY__ 0.06932928379970792	false	0.5
frustrierend	neg 1.0		off 0.5040046587869284 neg 0.42709534953015665 __DUMMY__ 0.06889999168291494	false	0.5
unzufrieden	neg 1.0		off 0.4966002278279876 neg 0.4342100169102474 __DUMMY__ 0.0691897552617651	false	0.5
verzweifeln	neg 1.0		off 0.49922275290625645 neg 0.43147650625582257 __DUMMY__ 0.06930074083792095	false	0.5
verzweifelt	neg 1.0	neg 1.0	neg 0.7003295578771757 off 0.2667287654646056 __DUMMY__ 0.03294167665821862	false	1.0
misstrauensantrag	neg 1.0		off 0.5023783023321898 neg 0.4285746306827144 __DUMMY__ 0.06904706698509583	false	0.5
abfallen	neg 1.0		off 0.5030526642808716 neg 0.42749586045286164 __DUMMY__ 0.06945147526626673	false	0.5
fucker	off 1.0		off 0.5089393531256202 neg 0.42227651593787485 __DUMMY__ 0.06878413093650483	false	1.0
ungezogen	neg 1.0		off 0.5139553356892936 neg 0.4182640116807168 __DUMMY__ 0.06778065262998954	false	0.5
irrsinnig	neg 1.0	neg 1.0	neg 0.700016944931928 off 0.2669933911939661 __DUMMY__ 0.032989663874105915	false	1.0
unfassbar	neg 1.0		off 0.5064851248266409 neg 0.4247269342609401 __DUMMY__ 0.06878794091241895	false	0.5
hart	neg 1.0		off 0.5061822351019816 neg 0.4250136545506005 __DUMMY__ 0.06880411034741789	false	0.5
widerlich	off 1.0		off 0.5053490380011523 neg 0.42620413650024574 __DUMMY__ 0.06844682549860201	false	1.0
fatal	neg 1.0		off 0.5032562811706628 neg 0.4275782242798404 __DUMMY__ 0.06916549454949683	false	0.5
bruch	neg 1.0		off 0.49379722646863233 neg 0.4364288023394258 __DUMMY__ 0.06977397119194194	false	0.5
aushungern	neg 1.0		off 0.49923198687545034 neg 0.4312248388982674 __DUMMY__ 0.0695431742262824	false	0.5
anspannung	neg 1.0		off 0.49392337894463234 neg 0.4356828460941779 __DUMMY__ 0.0703937749611897	false	0.5
von			off 0.500360151094449 neg 0.42904460894797375 __DUMMY__ 0.07059523995757744	false	0.0
kraftlos	neg 1.0		off 0.4989409687918675 neg 0.43148655974991695 __DUMMY__ 0.06957247145821543	false	0.5
vom			off 0.49305841597462735 neg 0.43616228807791174 __DUMMY__ 0.07077929594746088	false	0.0
grenzdebil	off 1.0		off 0.5073693288525558 neg 0.4237910969916317 __DUMMY__ 0.06883957415581259	false	1.0
vor			off 0.49612814725670584 neg 0.43386890913374915 __DUMMY__ 0.07000294360954508	false	0.0
unterwerfen	neg 1.0		off 0.4969869928716986 neg 0.4334662830069052 __DUMMY__ 0.06954672412139618	false	0.5
versenkung	neg 1.0		off 0.4980092012158105 neg 0.43228273043515986 __DUMMY__ 0.06970806834902961	false	0.5
entziehen	neg 1.0		off 0.4936675616074533 neg 0.43661046082858 __DUMMY__ 0.06972197756396668	false	0.5
finanzkrise	neg 1.0		off 0.4982870261279538 neg 0.43254560098162775 __DUMMY__ 0.06916737289041848	false	0.5
schimpfend	neg 1.0		off 0.5027073660314042 neg 0.4281815248294626 __DUMMY__ 0.06911110913913324	false	0.5
profan	neg 1.0		off 0.5023054164392994 neg 0.42879375882204235 __DUMMY__ 0.06890082473865837	false	0.5
korruption	neg 1.0		off 0.497006563492573 neg 0.4335578713566753 __DUMMY__ 0.06943556515075161	false	0.5
â			off 0.4995212135223318 neg 0.4306921466526936 __DUMMY__ 0.06978663982497449	false	0.0
schmutzig	neg 1.0		off 0.5084515948388088 neg 0.4226381422720429 __DUMMY__ 0.0689102628891485	false	0.5
sexy	neg 1.0		off 0.5050455969571078 neg 0.42581440545110777 __DUMMY__ 0.06913999759178452	false	0.5
abraten	neg 1.0		off 0.5024320519231064 neg 0.42848549960309323 __DUMMY__ 0.06908244847380048	false	0.5
schwarz	neg 1.0		off 0.5022358618501199 neg 0.4286003184908067 __DUMMY__ 0.06916381965907346	false	0.5
fotze	off 1.0	off 1.0	off 0.7364935747202913 neg 0.23015909126343476 __DUMMY__ 0.03334733401627391	false	1.0
verwirren	neg 1.0		off 0.5034231484258579 neg 0.42759308526247564 __DUMMY__ 0.06898376631166647	false	0.5
zahnlos	off 1.0		off 0.4979263057089449 neg 0.4328529848089424 __DUMMY__ 0.06922070948211281	false	1.0
verheeren	neg 1.0		off 0.5173464433349492 neg 0.4146087084640355 __DUMMY__ 0.06804484820101538	false	0.5
hippie	neg 1.0		off 0.5046535434214213 neg 0.4261843740848691 __DUMMY__ 0.06916208249370967	false	0.5
rammen	neg 1.0		off 0.5011874494071615 neg 0.42984633667533195 __DUMMY__ 0.06896621391750644	false	0.5
unlauter	neg 1.0		off 0.4987955615831794 neg 0.43244981767399393 __DUMMY__ 0.06875462074282676	false	0.5
unheilvoll	neg 1.0		off 0.5035215807069068 neg 0.42720213795781586 __DUMMY__ 0.06927628133527731	false	0.5
niedrig	neg 1.0		off 0.49442006215008605 neg 0.4362245004172534 __DUMMY__ 0.06935543743266055	false	0.5
explosion	neg 1.0		off 0.5036593180813891 neg 0.4272361136398307 __DUMMY__ 0.06910456827878021	false	0.5
weichei	off 1.0	off 1.0	off 0.7422356401279927 neg 0.22523501383557454 __DUMMY__ 0.032529346036432746	false	1.0
minusmensch	off 1.0		off 0.5114617918690306 neg 0.420852932288068 __DUMMY__ 0.06768527584290143	false	1.0
farblos	neg 1.0		off 0.5016590771041626 neg 0.4288500822126042 __DUMMY__ 0.06949084068323332	false	0.5
unwissend	neg 1.0	neg 1.0	neg 0.6982373845567174 off 0.2689581594768566 __DUMMY__ 0.032804455966426116	false	1.0
traurig	neg 1.0		off 0.5088052537129165 neg 0.42260999713135977 __DUMMY__ 0.06858474915572367	false	0.5
senkung	neg 1.0		off 0.5010439513730639 neg 0.4302624268637086 __DUMMY__ 0.06869362176322746	false	0.5
ungleich	neg 1.0	neg 1.0	neg 0.7029836120681767 off 0.2637966446410167 __DUMMY__ 0.033219743290806646	false	1.0
heikel	neg 1.0		off 0.4946795438630344 neg 0.43595235109908476 __DUMMY__ 0.06936810503788084	false	0.5
drosselung	neg 1.0		off 0.5067353374773467 neg 0.4245163433195698 __DUMMY__ 0.06874831920308346	false	0.5
falsch	neg 1.0		off 0.5035171053538648 neg 0.42771604735956914 __DUMMY__ 0.06876684728656596	false	0.5
unzufriedenheit	neg 1.0		off 0.4944581522653421 neg 0.4358632584600262 __DUMMY__ 0.06967858927463161	false	0.5
kurz	neg 1.0		off 0.5007472568623662 neg 0.42959461380495806 __DUMMY__ 0.0696581293326757	false	0.5
unsinnig	neg 1.0		off 0.4974219041930081 neg 0.4334944023618844 __DUMMY__ 0.06908369344510765	false	0.5
penner	off 1.0	off 1.0	off 0.743252624855881 neg 0.22423767053233656 __DUMMY__ 0.03250970461178244	false	1.0
seicht	neg 1.0		off 0.5121683774652872 neg 0.420200997481736 __DUMMY__ 0.06763062505297676	false	0.5
dummheit	off 1.0	off 1.0	off 0.7379474950046601 neg 0.22916053617104243 __DUMMY__ 0.03289196882429747	false	1.0
unerfreulich	neg 1.0		off 0.4950588693023024 neg 0.43532543521778444 __DUMMY__ 0.0696156954799131	false	0.5
motherfucker	off 1.0	off 1.0	off 0.7410545496866604 neg 0.2260686992729145 __DUMMY__ 0.03287675104042506	false	1.0
pikiert	neg 1.0		off 0.5052972905216079 neg 0.4260875481608722 __DUMMY__ 0.06861516131751975	false	0.5
wrack	neg 1.0		off 0.49994624908559915 neg 0.4303802056053867 __DUMMY__ 0.06967354530901428	false	0.5
gangster	neg 1.0		off 0.5046709638469916 neg 0.42618087844560304 __DUMMY__ 0.06914815770740533	false	0.5
krank	neg 1.0		off 0.5073068584912096 neg 0.42387004467886674 __DUMMY__ 0.0688230968299236	false	0.5
reich	neg 1.0		off 0.5078731909834205 neg 0.42295705238303444 __DUMMY__ 0.06916975663354492	false	0.5
gnadenlos	neg 1.0		off 0.5011482540099125 neg 0.4297536409151536 __DUMMY__ 0.06909810507493394	false	0.5
niedergeschlagen	neg 1.0		off 0.5000389539716958 neg 0.43044765460649986 __DUMMY__ 0.06951339142180434	false	0.5
terrorisieren	off 1.0	off 1.0	off 0.7351884768669643 neg 0.23146854246606918 __DUMMY__ 0.03334298066696656	false	1.0
sinnlosigkeit	neg 1.0		off 0.49781668191612377 neg 0.4328725162360187 __DUMMY__ 0.06931080184785753	false	0.5
behindern	neg 1.0		off 0.5004949104343868 neg 0.4300703937956111 __DUMMY__ 0.06943469577000211	false	0.5
undemokratisch	neg 1.0		off 0.5007107009779024 neg 0.4301923215603579 __DUMMY__ 0.0690969774617398	false	0.5
wirtschaftskrise	neg 1.0		off 0.4964280318007328 neg 0.43419670361478185 __DUMMY__ 0.06937526458448538	false	0.5
neid	neg 1.0		off 0.5051931871670012 neg 0.4257465008045327 __DUMMY__ 0.06906031202846614	false	0.5
rutschen	neg 1.0		off 0.49587755840959297 neg 0.4336398014259919 __DUMMY__ 0.07048264016441501	false	0.5
rezession	neg 1.0		off 0.5051153905067612 neg 0.42698341218107977 __DUMMY__ 0.06790119731215911	false	0.5
fehlgeburt	neg 1.0		off 0.5036096845124396 neg 0.4270819027364562 __DUMMY__ 0.06930841275110423	false	0.5
charakterschwach	off 1.0		off 0.505173309378663 neg 0.42635844083885677 __DUMMY__ 0.0684682497824801	false	1.0
isolation	neg 1.0		off 0.5043447443974255 neg 0.4266480221679246 __DUMMY__ 0.06900723343464993	false	0.5
ablenkung	neg 1.0		off 0.5011977336258875 neg 0.4294425715247926 __DUMMY__ 0.06935969484931985	false	0.5
pech	neg 1.0		off 0.5031144398826124 neg 0.4281236122030961 __DUMMY__ 0.06876194791429151	false	0.5
vermeidung	neg 1.0		off 0.5077676588664876 neg 0.42334341658996705 __DUMMY__ 0.06888892454354531	false	0.5
dominieren	neg 1.0		off 0.49763721439126624 neg 0.43267678851242564 __DUMMY__ 0.06968599709630814	false	0.5
schwindlig	neg 1.0		off 0.5039245350723832 neg 0.4268257331419422 __DUMMY__ 0.06924973178567452	false	0.5
lutscher	neg 1.0		off 0.5133148208044169 neg 0.4189873986568813 __DUMMY__ 0.0676977805387019	false	0.5
pflicht	neg 1.0		off 0.49384622287767604 neg 0.43664231551868127 __DUMMY__ 0.06951146160364267	false	0.5
faschist	off 1.0		off 0.5035637723947916 neg 0.4274615216680499 __DUMMY__ 0.06897470593715856	false	1.0
verschleudern	neg 1.0		off 0.4945540179246867 neg 0.43607778329061303 __DUMMY__ 0.06936819878470042	false	0.5
wenn			off 0.5044992953256344 neg 0.4266107457041324 __DUMMY__ 0.0688899589702331	false	0.0
ehebruch	neg 1.0		off 0.4976676108453404 neg 0.4327838590432642 __DUMMY__ 0.0695485301113954	false	0.5
spott	off 1.0		off 0.496148411948373 neg 0.434425398582585 __DUMMY__ 0.0694261894690418	false	1.0
trostlosigkeit	neg 1.0		off 0.49616410577145714 neg 0.43385043014863833 __DUMMY__ 0.06998546407990444	false	0.5
lutschen	neg 1.0		off 0.5037615183480982 neg 0.42735986930967934 __DUMMY__ 0.06887861234222253	false	0.5
undiszipliniert	neg 1.0		off 0.5074869995755158 neg 0.42402643207659535 __DUMMY__ 0.06848656834788873	false	0.5
kopfschmerz	neg 1.0		off 0.49827356115494353 neg 0.4323949429465962 __DUMMY__ 0.06933149589846031	false	0.5
unvorhergesehen	neg 1.0		off 0.49852505595577407 neg 0.4314488501230445 __DUMMY__ 0.0700260939211814	false	0.5
desinteressiert	neg 1.0		off 0.5070450540339884 neg 0.4244168421919931 __DUMMY__ 0.06853810377401859	false	0.5
armselig	off 1.0		off 0.5067551287678191 neg 0.4250211034017587 __DUMMY__ 0.06822376783042224	false	1.0
desaster	neg 1.0		off 0.4931882912564377 neg 0.43699621938617556 __DUMMY__ 0.06981548935738678	false	0.5
tod	neg 1.0		off 0.5020134143962587 neg 0.4278399929989816 __DUMMY__ 0.07014659260475965	false	0.5
herzlos	neg 1.0		off 0.5080746689240374 neg 0.423482775639988 __DUMMY__ 0.06844255543597462	false	0.5
unwissenheit	neg 1.0		off 0.4974088850492524 neg 0.4332707499590529 __DUMMY__ 0.06932036499169457	false	0.5
widersinnig	neg 1.0		off 0.4951473612236724 neg 0.4359100631955609 __DUMMY__ 0.06894257558076664	false	0.5
bedenklich	neg 1.0		off 0.49596530252024407 neg 0.43473253852820337 __DUMMY__ 0.06930215895155266	false	0.5
beanstanden	neg 1.0		off 0.49387940471072894 neg 0.4365249552911573 __DUMMY__ 0.06959563999811372	false	0.5
panisch	neg 1.0	neg 1.0	neg 0.6971712693331026 off 0.2695734790495845 __DUMMY__ 0.03325525161731295	false	1.0
debil	off 1.0		off 0.49238954075191865 neg 0.43704008027694397 __DUMMY__ 0.07057037897113752	false	1.0
abstrich	neg 1.0		off 0.5052787469092677 neg 0.42453619305115814 __DUMMY__ 0.07018506003957425	false	0.5
primitiv	neg 1.0		off 0.5054485178368275 neg 0.42613348835559595 __DUMMY__ 0.06841799380757652	false	0.5
abschaum	off 1.0	off 1.0	off 0.7394712969208699 neg 0.22767804642712167 __DUMMY__ 0.032850656652008474	false	1.0
provozieren	neg 1.0		off 0.49974417544206706 neg 0.4313439686341342 __DUMMY__ 0.06891185592379863	false	0.5
tot	neg 1.0		off 0.498110946481425 neg 0.4324466209972926 __DUMMY__ 0.0694424325212823	false	0.5
instabil	neg 1.0		off 0.5071187696718201 neg 0.42448840903746576 __DUMMY__ 0.0683928212907141	false	0.5
schwuchtel	off 1.0	off 1.0	off 0.7453752161638381 neg 0.22249711136530165 __DUMMY__ 0.032127672470860374	false	1.0
zerren	neg 1.0		off 0.4992727080595581 neg 0.43120230134726834 __DUMMY__ 0.0695249905931737	false	0.5
kinderficker	off 1.0		off 0.5108619650089014 neg 0.4208628441320299 __DUMMY__ 0.06827519085906869	false	1.0
gefahr	neg 1.0		off 0.49535278844629077 neg 0.4347873907278517 __DUMMY__ 0.06985982082585757	false	0.5
rabiat	neg 1.0		off 0.5008829205668206 neg 0.42982765611538176 __DUMMY__ 0.06928942331779775	false	0.5
verlangsamung	neg 1.0		off 0.5103965380833358 neg 0.42179075997554194 __DUMMY__ 0.0678127019411221	false	0.5
ausgestorben	neg 1.0		off 0.5011351986168548 neg 0.4294567218931788 __DUMMY__ 0.06940807948996643	false	0.5
anklagen	neg 1.0		off 0.49761511610982734 neg 0.43290603672844996 __DUMMY__ 0.06947884716172276	false	0.5
trott	neg 1.0		off 0.5007140338206875 neg 0.4298893908470226 __DUMMY__ 0.06939657533228999	false	0.5
verminderung	neg 1.0		off 0.507120389672246 neg 0.4241803855063142 __DUMMY__ 0.06869922482143954	false	0.5
nach			off 0.4940578868034897 neg 0.4354636855817505 __DUMMY__ 0.07047842761475967	false	0.0
rost	neg 1.0		off 0.5109076937791052 neg 0.42092288724075216 __DUMMY__ 0.06816941898014267	false	0.5
destruktiv	neg 1.0		off 0.4988508238212529 neg 0.4320990309189033 __DUMMY__ 0.06905014525984367	false	0.5
unzumutbarkeit	neg 1.0		off 0.5067505050403777 neg 0.42430266524578747 __DUMMY__ 0.06894682971383494	false	0.5
labil	off 1.0	off 1.0	off 0.7393910226183329 neg 0.22767299982187594 __DUMMY__ 0.032935977559791225	false	1.0
ziemlich	neg 1.0		off 0.506788404314477 neg 0.42434294269075723 __DUMMY__ 0.06886865299476562	false	0.5
lachnummer	off 1.0		off 0.49962165063620595 neg 0.43134912745865706 __DUMMY__ 0.06902922190513705	false	1.0
oder			off 0.5020685032939066 neg 0.4286193491576875 __DUMMY__ 0.06931214754840584	false	0.0
verfall	neg 1.0		off 0.49148225893713154 neg 0.4384548863714432 __DUMMY__ 0.07006285469142513	false	0.5
ausgrenzung	neg 1.0		off 0.5017232388668065 neg 0.4291609671812394 __DUMMY__ 0.06911579395195408	false	0.5
unordnung	neg 1.0		off 0.5109502187154783 neg 0.42001813650843833 __DUMMY__ 0.06903164477608333	false	0.5
fehlverhalten	neg 1.0		off 0.4939520572565467 neg 0.43666854803983934 __DUMMY__ 0.06937939470361393	false	0.5
eine			off 0.496064839881774 neg 0.4340819604908935 __DUMMY__ 0.06985319962733251	false	0.0
nille	neg 1.0		off 0.5012988152596154 neg 0.42918844769214287 __DUMMY__ 0.06951273704824175	false	0.5
qual	neg 1.0		off 0.5004933884241934 neg 0.43005296085510003 __DUMMY__ 0.06945365072070663	false	0.5
verschwenden	neg 1.0		off 0.4952622297036588 neg 0.4354164742273624 __DUMMY__ 0.06932129606897881	false	0.5
riesig	neg 1.0		off 0.49907401625617875 neg 0.43111948460115157 __DUMMY__ 0.06980649914266973	false	0.5
verurteilen	neg 1.0		off 0.4965760312330218 neg 0.43421592889008426 __DUMMY__ 0.06920803987689388	false	0.5
klischee	neg 1.0	neg 1.0	neg 0.6987664124384226 off 0.26835745778661685 __DUMMY__ 0.03287612977496057	false	1.0
diktatorisch	neg 1.0		off 0.5003891138591862 neg 0.43060771110469576 __DUMMY__ 0.06900317503611803	false	0.5
vorhersehbar	neg 1.0		off 0.5014829172249229 neg 0.42986210788554763 __DUMMY__ 0.0686549748895294	false	0.5
sowie			off 0.5100590848226849 neg 0.4216730319312629 __DUMMY__ 0.06826788324605228	false	0.0
stornieren	neg 1.0		off 0.5060804152402731 neg 0.4242114246288263 __DUMMY__ 0.06970816013090049	false	0.5
besteuerung	neg 1.0		off 0.49864265775483574 neg 0.4325686086163152 __DUMMY__ 0.06878873362884906	false	0.5
ungeschminkt	neg 1.0		off 0.5046555326139063 neg 0.42702541984607806 __DUMMY__ 0.06831904754001561	false	0.5
kritisch	neg 1.0		off 0.49604234931174357 neg 0.43457556180209156 __DUMMY__ 0.06938208888616473	false	0.5
schlamperei	off 1.0		off 0.4959867184592077 neg 0.43433712790150364 __DUMMY__ 0.06967615363928856	false	1.0
sucht	neg 1.0	neg 1.0	neg 0.6958630316132228 off 0.27050242969860167 __DUMMY__ 0.03363453868817555	false	1.0
egoistisch	off 1.0		off 0.5093903345469569 neg 0.42262232988308596 __DUMMY__ 0.06798733556995727	false	1.0
ausbeuter	off 1.0		off 0.4933959839440735 neg 0.43731795796486095 __DUMMY__ 0.06928605809106556	false	1.0
arschgeburt	off 1.0		off 0.5151972935215072 neg 0.4176328356520194 __DUMMY__ 0.06716987082647337	false	1.0
schubs	neg 1.0		off 0.49868573500473107 neg 0.43193308650239826 __DUMMY__ 0.06938117849287072	false	0.5
unsolide	neg 1.0		off 0.5000580314186456 neg 0.4311644116671278 __DUMMY__ 0.06877755691422653	false	0.5
beschwerde	neg 1.0		off 0.49541044124145095 neg 0.43519573670717004 __DUMMY__ 0.06939382205137895	false	0.5
stocken	neg 1.0		off 0.4965932720535284 neg 0.4337249596007236 __DUMMY__ 0.06968176834574809	false	0.5
isolieren	neg 1.0		off 0.49743702557335423 neg 0.43309597178504167 __DUMMY__ 0.06946700264160416	false	0.5
unheilbar	neg 1.0		off 0.5019158998406158 neg 0.4286808820623588 __DUMMY__ 0.06940321809702553	false	0.5
pisser	off 1.0		off 0.5073441541499633 neg 0.4242485806156077 __DUMMY__ 0.06840726523442908	false	1.0
löschen	neg 1.0		off 0.5013550678786081 neg 0.4292212418686097 __DUMMY__ 0.06942369025278218	false	0.5
durchfallen	neg 1.0		off 0.4953544730783816 neg 0.4355356217071913 __DUMMY__ 0.06910990521442702	false	0.5
wichser	off 1.0	off 1.0	off 0.7447041538670531 neg 0.22293685532259103 __DUMMY__ 0.03235899081035584	false	1.0
terror	neg 1.0		off 0.5043515771655963 neg 0.42648814449915606 __DUMMY__ 0.06916027833524772	false	0.5
krass	neg 1.0		off 0.5084791721637202 neg 0.42319832000435187 __DUMMY__ 0.06832250783192792	false	0.5
revolte	neg 1.0		off 0.5026507914991556 neg 0.4282016270628383 __DUMMY__ 0.06914758143800606	false	0.5
besorgt	neg 1.0		off 0.5021126173416518 neg 0.42794951435714595 __DUMMY__ 0.0699378683012023	false	0.5
nachlassen	neg 1.0		off 0.4984553299705823 neg 0.4315753741608663 __DUMMY__ 0.06996929586855154	false	0.5
alt	neg 1.0		off 0.4984438452086733 neg 0.4320906246129735 __DUMMY__ 0.06946553017835327	false	0.5
hundesohn	off 1.0		off 0.5136491813568341 neg 0.4185942155618939 __DUMMY__ 0.06775660308127202	false	1.0
als			off 0.4981511502240131 neg 0.43247510345916307 __DUMMY__ 0.06937374631682386	false	0.0
abschreckung	neg 1.0		off 0.4943814622529946 neg 0.4359013395006755 __DUMMY__ 0.06971719824632987	false	0.5
unqualifiziert	neg 1.0		off 0.5019898208300708 neg 0.42946581481867707 __DUMMY__ 0.06854436435125205	false	0.5
abgewichst	off 1.0		off 0.5006683618959888 neg 0.42976870298281855 __DUMMY__ 0.06956293512119266	false	1.0
schwer	neg 1.0		off 0.49914383657954675 neg 0.4316885082078282 __DUMMY__ 0.06916765521262505	false	0.5
bedeutungslosigkeit	neg 1.0		off 0.4947862482670075 neg 0.43566427543309155 __DUMMY__ 0.06954947629990091	false	0.5
kapitulation	neg 1.0		off 0.4970088900963272 neg 0.43338907108425995 __DUMMY__ 0.06960203881941279	false	0.5
unscharf	neg 1.0		off 0.5017179858686532 neg 0.4294815006810729 __DUMMY__ 0.06880051345027388	false	0.5
schwinden	neg 1.0		off 0.4961518830004279 neg 0.4340364208526869 __DUMMY__ 0.0698116961468853	false	0.5
versklavung	neg 1.0		off 0.502129512147415 neg 0.4285114018254567 __DUMMY__ 0.0693590860271284	false	0.5
schlecht	neg 1.0		off 0.5069399218145972 neg 0.4241969295939665 __DUMMY__ 0.06886314859143625	false	0.5
verhasst	neg 1.0		off 0.499540807644032 neg 0.4317122412649164 __DUMMY__ 0.0687469510910516	false	0.5
beschweren	neg 1.0		off 0.5021162841493607 neg 0.4288371201115866 __DUMMY__ 0.06904659573905263	false	0.5
scheiden	neg 1.0		off 0.502044088397019 neg 0.4284518233375582 __DUMMY__ 0.0695040882654228	false	0.5
frustriert	neg 1.0		off 0.49820453363700573 neg 0.43257369341097385 __DUMMY__ 0.06922177295202037	false	0.5
schimmelig	neg 1.0		off 0.4962858261932522 neg 0.4345535296738649 __DUMMY__ 0.06916064413288303	false	0.5
fisch	neg 1.0		off 0.4940394505397175 neg 0.43649408731789135 __DUMMY__ 0.06946646214239124	false	0.5
schmuggel	neg 1.0		off 0.4964876990431891 neg 0.4338184029009154 __DUMMY__ 0.06969389805589549	false	0.5
auffallen	neg 1.0		off 0.5029438208821913 neg 0.42806500122907204 __DUMMY__ 0.06899117788873653	false	0.5
konkurrenz	neg 1.0		off 0.4940023671999687 neg 0.4362569856632327 __DUMMY__ 0.06974064713679873	false	0.5
teufelskreis	neg 1.0		off 0.49912360274290357 neg 0.4317440865766153 __DUMMY__ 0.06913231068048122	false	0.5
aufschreien	neg 1.0		off 0.5021730662905903 neg 0.4289875192252134 __DUMMY__ 0.06883941448419624	false	0.5
schuldner	neg 1.0		off 0.49354651179885045 neg 0.43700237289594446 __DUMMY__ 0.06945111530520504	false	0.5
missgeburt	off 1.0	off 1.0	off 0.7423585044245752 neg 0.22516802482894296 __DUMMY__ 0.03247347074648182	false	1.0
arbeitslos	neg 1.0		off 0.495579319406643 neg 0.4353458864663456 __DUMMY__ 0.0690747941270115	false	0.5
befallen	neg 1.0		off 0.5010723510213655 neg 0.42925642193907354 __DUMMY__ 0.06967122703956102	false	0.5
miesepetrig	off 1.0	off 1.0	off 0.7399494440853541 neg 0.22715190075759292 __DUMMY__ 0.032898655157052946	false	1.0
alarmieren	neg 1.0		off 0.5039017934079728 neg 0.4273266943354334 __DUMMY__ 0.06877151225659375	false	0.5
ungeduscht	off 1.0		off 0.5036705363821511 neg 0.42763985128380333 __DUMMY__ 0.06868961233404552	false	1.0
knappheit	neg 1.0		off 0.49517045544138955 neg 0.43572151419714295 __DUMMY__ 0.06910803036146751	false	0.5
schlange	neg 1.0		off 0.5046468532062002 neg 0.4257932577485234 __DUMMY__ 0.06955988904527632	false	0.5
harsch	neg 1.0		off 0.5123681945487897 neg 0.41887544840574 __DUMMY__ 0.06875635704547028	false	0.5
lang	neg 1.0		off 0.5023595414044773 neg 0.42825325426109834 __DUMMY__ 0.06938720433442448	false	0.5
ziellos	neg 1.0		off 0.49844519723017755 neg 0.4318564291330376 __DUMMY__ 0.06969837363678469	false	0.5
selbstverliebt	neg 1.0		off 0.513610357384003 neg 0.4189577893872035 __DUMMY__ 0.06743185322879355	false	0.5
beseitigen	neg 1.0		off 0.5002372217827081 neg 0.43020578805029 __DUMMY__ 0.06955699016700191	false	0.5
dumm	off 1.0		off 0.5107936230471469 neg 0.42115643832907723 __DUMMY__ 0.06804993862377579	false	1.0
arbeitsloser	neg 1.0		off 0.49719086777344246 neg 0.43345050664970075 __DUMMY__ 0.06935862557685686	false	0.5
blitzen	neg 1.0		off 0.5043939295541857 neg 0.4264677180125454 __DUMMY__ 0.06913835243326906	false	0.5
hilflos	neg 1.0		off 0.49810388611253953 neg 0.43259645393595375 __DUMMY__ 0.06929965995150665	false	0.5
eklig	off 1.0		off 0.5103997629616077 neg 0.42178273421386203 __DUMMY__ 0.06781750282453021	false	1.0
begriff			off 0.49916369268472166 neg 0.4316215565577857 __DUMMY__ 0.06921475075749277	false	0.0
hungersnot	neg 1.0		off 0.49956066383280673 neg 0.43074855101098075 __DUMMY__ 0.06969078515621249	false	0.5
ungesetzlich	neg 1.0		off 0.4980302013260936 neg 0.43326821846072905 __DUMMY__ 0.06870158021317722	false	0.5
verschwendung	neg 1.0		off 0.49605579089784013 neg 0.4343749053113532 __DUMMY__ 0.06956930379080671	false	0.5
schmerzvoll	neg 1.0		off 0.5024943109613912 neg 0.4283424873862165 __DUMMY__ 0.0691632016523924	false	0.5
vorzeitig	neg 1.0		off 0.5043705462584673 neg 0.42643445756519793 __DUMMY__ 0.06919499617633476	false	0.5
unvollkommenheit	neg 1.0		off 0.5007151738055375 neg 0.42933321774484257 __DUMMY__ 0.06995160844961991	false	0.5
intervenieren	neg 1.0		off 0.4946076089145003 neg 0.43600523422478277 __DUMMY__ 0.06938715686071682	false	0.5
banause	off 1.0		off 0.511628369878243 neg 0.4209524025959007 __DUMMY__ 0.0674192275258562	false	1.0
rebell	neg 1.0		off 0.4927445722746317 neg 0.4374074209037501 __DUMMY__ 0.06984800682161814	false	0.5
unlogisch	neg 1.0		off 0.5065208036796477 neg 0.42524648001082377 __DUMMY__ 0.06823271630952842	false	0.5
leiden	neg 1.0		off 0.496485684132237 neg 0.43366191984323055 __DUMMY__ 0.0698523960245326	false	0.5
abschaffung	neg 1.0		off 0.4999923739818542 neg 0.43088606094681453 __DUMMY__ 0.06912156507133135	false	0.5
sturz	neg 1.0		off 0.502224265123208 neg 0.42825073557307014 __DUMMY__ 0.06952499930372204	false	0.5
verkleinerung	neg 1.0		off 0.5001416197207404 neg 0.43135518103826925 __DUMMY__ 0.0685031992409902	false	0.5
schmarotzer	off 1.0		off 0.49556486027547964 neg 0.4355422701360137 __DUMMY__ 0.06889286958850657	false	1.0
bestrafung	neg 1.0		off 0.502100887750909 neg 0.42863152228789553 __DUMMY__ 0.06926758996119553	false	0.5
achtlos	neg 1.0	neg 1.0	neg 0.6996405852568568 off 0.2671117968533263 __DUMMY__ 0.033247617889816956	false	1.0
ungeheuer	neg 1.0		off 0.5040015143456767 neg 0.42677317137073706 __DUMMY__ 0.06922531428358632	false	0.5
unaufrichtig	neg 1.0		off 0.5049303245464208 neg 0.42580635183493676 __DUMMY__ 0.06926332361864243	false	0.5
groggy	neg 1.0		off 0.5042909193588836 neg 0.4265485111381295 __DUMMY__ 0.06916056950298685	false	0.5
verletzlich	neg 1.0		off 0.50517231128374 neg 0.42635502383988394 __DUMMY__ 0.06847266487637622	false	0.5
