unsolidarisch	neg 1.0		__DUMMY__ 0.9274883260571193 off 0.03785169880461595 neg 0.03465997513826484	false	0.5
nachteilig	neg 1.0		__DUMMY__ 0.9324377858276868 off 0.03415511419188021 neg 0.033407099980433015	false	0.5
skeptisch	neg 1.0		__DUMMY__ 0.9324401673331245 off 0.03385818470870447 neg 0.03370164795817096	false	0.5
schrecklich	neg 1.0		__DUMMY__ 0.924903824987924 off 0.0449146531370802 neg 0.030181521874995728	false	0.5
schlapp	neg 1.0		__DUMMY__ 0.9279526459279656 off 0.0414451305796192 neg 0.030602223492415294	false	0.5
abfall	neg 1.0		__DUMMY__ 0.9366982561613134 neg 0.032355099094653894 off 0.03094664474403268	false	1.0
widerspenstig	neg 1.0		__DUMMY__ 0.9311500775434823 off 0.0374478118178589 neg 0.03140211063865872	false	0.5
abrupt	neg 1.0		__DUMMY__ 0.9355956463780994 off 0.033966242232010356 neg 0.030438111389890252	false	0.5
unwirksam	neg 1.0		__DUMMY__ 0.926504529266772 off 0.03741591565648514 neg 0.03607955507674282	false	0.5
angreifen	neg 1.0		__DUMMY__ 0.932568553404287 off 0.03394058381714826 neg 0.033490862778564716	false	0.5
inkonsistent	neg 1.0		__DUMMY__ 0.9297972116846025 off 0.03798484358403723 neg 0.03221794473136022	false	0.5
abrutschen	neg 1.0		__DUMMY__ 0.9342225659975062 neg 0.03436981434166137 off 0.031407619660832505	false	1.0
unsicher	neg 1.0		__DUMMY__ 0.9313275059605919 off 0.037536646076049895 neg 0.031135847963358214	false	0.5
bauernkind	off 1.0	off 1.0	off 0.511380911791174 __DUMMY__ 0.45571042131571676 neg 0.032908666893109347	false	1.0
angreifer	neg 1.0	neg 1.0	neg 0.49647451919290997 __DUMMY__ 0.4680078656241945 off 0.03551761518289554	false	1.0
trennen	neg 1.0		__DUMMY__ 0.9356344512660105 off 0.03330174551082862 neg 0.03106380322316086	false	0.5
schmutz	neg 1.0		__DUMMY__ 0.9356559295453193 off 0.038378214094067845 neg 0.02596585636061291	false	0.5
inkonsistenz	neg 1.0		__DUMMY__ 0.9226626061729414 off 0.042162237766721546 neg 0.035175156060336984	false	0.5
erschreckend	neg 1.0		__DUMMY__ 0.9295006351345947 off 0.03722545236968344 neg 0.03327391249572194	false	0.5
ertrinken	neg 1.0		__DUMMY__ 0.9343703999837549 off 0.03404297336003228 neg 0.03158662665621271	false	0.5
pickelface	off 1.0		__DUMMY__ 0.9322269209164388 off 0.036775616524020234 neg 0.030997462559540896	false	1.0
seiner			__DUMMY__ 0.9330415577614088 off 0.034057031413537664 neg 0.032901410825053524	false	0.0
lauch	neg 1.0		__DUMMY__ 0.9365730068737029 neg 0.03199803641184306 off 0.03142895671445399	false	1.0
unwichtig	neg 1.0		__DUMMY__ 0.9259806322997987 off 0.04163372408523961 neg 0.03238564361496164	false	0.5
steuerhinterziehung	neg 1.0	neg 1.0	neg 0.5005347077487153 __DUMMY__ 0.4669368538596689 off 0.032528438391615816	false	1.0
schock	neg 1.0		__DUMMY__ 0.9321806498741598 off 0.03684831189796948 neg 0.03097103822787073	false	0.5
beule	neg 1.0		__DUMMY__ 0.9271646224213181 off 0.04219599223294215 neg 0.03063938534573981	false	0.5
vergelten	neg 1.0		__DUMMY__ 0.927944617774489 off 0.04408278617207289 neg 0.027972596053438027	false	0.5
verdorbenheit	neg 1.0		__DUMMY__ 0.9332733849050929 off 0.03749876882971347 neg 0.029227846265193536	false	0.5
trauma	neg 1.0		__DUMMY__ 0.9305526697010931 off 0.03829749663199281 neg 0.03114983366691413	false	0.5
sinnlos	neg 1.0		__DUMMY__ 0.929543147460854 off 0.03942187455095535 neg 0.03103497798819063	false	0.5
fettsack	off 1.0	off 1.0	off 0.5122531344714075 __DUMMY__ 0.4572555089296365 neg 0.030491356598955854	false	1.0
feige	off 1.0	off 1.0	off 0.5083810371912157 __DUMMY__ 0.46127792811036544 neg 0.030341034698418746	false	1.0
abdanken	neg 1.0		__DUMMY__ 0.9311031109384872 off 0.03742795575348527 neg 0.03146893330802753	false	0.5
wichtigtuer	off 1.0	off 1.0	off 0.5065423790365645 __DUMMY__ 0.4632085392547668 neg 0.03024908170866868	false	1.0
misslingen	neg 1.0		__DUMMY__ 0.9351485865211708 off 0.03741313504196099 neg 0.02743827843686818	false	0.5
untreu	off 1.0		__DUMMY__ 0.9268419697294648 off 0.041931010943486606 neg 0.0312270193270486	false	1.0
missmutig	neg 1.0		__DUMMY__ 0.9286483375545471 off 0.04126284840701909 neg 0.030088814038433758	false	0.5
hurenbock	off 1.0		__DUMMY__ 0.9325524319397952 off 0.03875295297851484 neg 0.028694615081689967	false	1.0
betrunken	neg 1.0		__DUMMY__ 0.9271483117936323 off 0.04290106821960075 neg 0.029950619986766822	false	0.5
korrupt	off 1.0		__DUMMY__ 0.9286146764329244 off 0.03607045114339541 neg 0.03531487242368017	false	1.0
unmut	neg 1.0		__DUMMY__ 0.9349685209417162 neg 0.033474274948483616 off 0.03155720410980014	false	1.0
hackfresse	off 1.0		__DUMMY__ 0.9215746998592644 off 0.047772230338578525 neg 0.030653069802156988	false	1.0
aufblasen	neg 1.0		__DUMMY__ 0.9309130232880162 off 0.03887565754323587 neg 0.030211319168748047	false	0.5
gewaltsam	neg 1.0		__DUMMY__ 0.932792747815961 off 0.03637244673568326 neg 0.030834805448355648	false	0.5
unbeliebtheit	neg 1.0		__DUMMY__ 0.924967901252013 off 0.04101059170041153 neg 0.034021507047575374	false	0.5
sturheit	neg 1.0		__DUMMY__ 0.9303088132351376 off 0.03684368577933749 neg 0.032847500985524906	false	0.5
kuh	neg 1.0		__DUMMY__ 0.9247431175054747 off 0.03925144103635223 neg 0.03600544145817313	false	0.5
erschrecken	neg 1.0		__DUMMY__ 0.9296133693030928 off 0.041044646206566636 neg 0.02934198449034057	false	0.5
opfer	neg 1.0		__DUMMY__ 0.9326536946785546 off 0.0349850673399276 neg 0.0323612379815178	false	0.5
sinken	neg 1.0		__DUMMY__ 0.9356313262202307 neg 0.03252429212397717 off 0.031844381655792064	false	1.0
stinktier	neg 1.0		__DUMMY__ 0.919153893343525 off 0.04567446245218212 neg 0.03517164420429284	false	0.5
tucke	off 1.0		__DUMMY__ 0.9207095811370039 off 0.048617419568070364 neg 0.030672999294925767	false	1.0
ein			__DUMMY__ 0.9301070549701458 off 0.03819363187810341 neg 0.03169931315175074	false	0.0
abstieg	neg 1.0		__DUMMY__ 0.9331952200437212 off 0.034097932339573304 neg 0.03270684761670548	false	0.5
missverstehen	neg 1.0		__DUMMY__ 0.9261661849645842 off 0.040245025816135656 neg 0.0335887892192802	false	0.5
ergebnislos	neg 1.0		__DUMMY__ 0.9334384971484214 off 0.03384867684447812 neg 0.03271282600710036	false	0.5
unter			__DUMMY__ 0.9402983611183476 neg 0.03238982112671347 off 0.027311817754938884	false	0.0
manipulieren	neg 1.0		__DUMMY__ 0.9342116325846141 off 0.03355130633521042 neg 0.03223706108017544	false	0.5
unbewiesen	neg 1.0		__DUMMY__ 0.926682582854019 off 0.037886119635291406 neg 0.03543129751068951	false	0.5
verschleppen	neg 1.0		__DUMMY__ 0.9314895333996218 off 0.035319783588658345 neg 0.033190683011719915	false	0.5
weib	off 1.0		__DUMMY__ 0.9182960561482473 off 0.04854057421287009 neg 0.03316336963888271	false	1.0
opposition	neg 1.0		__DUMMY__ 0.9281910680504795 off 0.03865647697878569 neg 0.03315245497073483	false	0.5
verkehrswidrig	neg 1.0		__DUMMY__ 0.9289449289363984 off 0.04437016696934757 neg 0.02668490409425408	false	0.5
inkorrekt	neg 1.0		__DUMMY__ 0.9229457744134137 off 0.044817157602237985 neg 0.03223706798434824	false	0.5
vermeiden	neg 1.0		__DUMMY__ 0.9367662135552465 neg 0.03333875411095068 off 0.029895032333802814	false	1.0
abweichung	neg 1.0		__DUMMY__ 0.9315960565282597 off 0.03473410844335207 neg 0.033669835028388245	false	0.5
alkoholisiert	neg 1.0		__DUMMY__ 0.9343312324921983 off 0.033306237539505575 neg 0.03236252996829615	false	0.5
scheiss	off 1.0	off 1.0	off 0.507930159175239 __DUMMY__ 0.4629924377290782 neg 0.02907740309568285	false	1.0
herausforderung	neg 1.0		__DUMMY__ 0.9339448650193806 off 0.033603067267688747 neg 0.03245206771293056	false	0.5
pervers	off 1.0		__DUMMY__ 0.9189476007353413 off 0.05060793640880789 neg 0.030444462855850795	false	1.0
wackelig	neg 1.0		__DUMMY__ 0.9347173693594233 off 0.03559023062885702 neg 0.02969240001171958	false	0.5
verwickeln	neg 1.0		__DUMMY__ 0.9265573896041228 off 0.03984034597644585 neg 0.03360226441943128	false	0.5
vorwand	neg 1.0		__DUMMY__ 0.9329731725282197 neg 0.03353866908434638 off 0.03348815838743395	false	1.0
muschi	off 1.0		__DUMMY__ 0.9317833423822828 off 0.036958313456279736 neg 0.03125834416143751	false	1.0
entmutigung	neg 1.0		__DUMMY__ 0.9291612029708926 off 0.03882601451324592 neg 0.03201278251586151	false	0.5
unangemessen	neg 1.0		__DUMMY__ 0.928459742925561 off 0.03665114710657992 neg 0.03488910996785909	false	0.5
unstetig	neg 1.0		__DUMMY__ 0.9292235119634386 off 0.039356758984396646 neg 0.03141972905216469	false	0.5
entmutigen	neg 1.0		__DUMMY__ 0.930136647877866 off 0.03835831799918421 neg 0.031505034122949825	false	0.5
schwanz	neg 1.0		__DUMMY__ 0.9334994250399734 off 0.034711629504697965 neg 0.03178894545532872	false	0.5
verbot	neg 1.0		__DUMMY__ 0.9311784946342893 off 0.035670435540462 neg 0.033151069825248645	false	0.5
leid	neg 1.0		__DUMMY__ 0.9225068306592645 off 0.04619305444616048 neg 0.03130011489457502	false	0.5
archaisch	neg 1.0		__DUMMY__ 0.9309095036714177 off 0.03662961218507035 neg 0.03246088414351201	false	0.5
gegen			__DUMMY__ 0.9346496748361267 neg 0.03310947197828045 off 0.03224085318559287	false	0.0
scheidung	neg 1.0		__DUMMY__ 0.9212549131135701 off 0.05421810228281177 neg 0.02452698460361806	false	0.5
einschlag	neg 1.0		__DUMMY__ 0.9258653256168906 off 0.043910087167698564 neg 0.03022458721541082	false	0.5
m			__DUMMY__ 0.932967668736209 off 0.03552745282399014 neg 0.0315048784398009	false	0.0
abgestanden	neg 1.0		__DUMMY__ 0.9298150444307464 off 0.03737100162595887 neg 0.032813953943294734	false	0.5
schmierig	off 1.0		__DUMMY__ 0.9248861793573669 off 0.04556075753856581 neg 0.02955306310406722	false	1.0
unpraktisch	neg 1.0		__DUMMY__ 0.9299434445708193 off 0.03848662703281179 neg 0.031569928396368824	false	0.5
wixxer	off 1.0		__DUMMY__ 0.9171491767538399 off 0.050839737359978404 neg 0.032011085886181706	false	1.0
bezeichnet			__DUMMY__ 0.9279357808634939 off 0.03794491570305019 neg 0.0341193034334558	false	0.0
jammerlappen	off 1.0		__DUMMY__ 0.9280684613018688 off 0.04158875605119098 neg 0.03034278264694014	false	1.0
farce	neg 1.0		__DUMMY__ 0.9301167199641203 off 0.03642438468860532 neg 0.033458895347274316	false	0.5
zwecklos	neg 1.0		__DUMMY__ 0.930038638919654 off 0.03631328588641788 neg 0.033648075193928074	false	0.5
turbulent	neg 1.0		__DUMMY__ 0.9263570215200786 off 0.042665678753992145 neg 0.030977299725929268	false	0.5
invasion	neg 1.0		__DUMMY__ 0.9287017039193278 off 0.03915255077000935 neg 0.03214574531066283	false	0.5
schuld	neg 1.0		__DUMMY__ 0.9283468059855027 off 0.03871103035138519 neg 0.03294216366311215	false	0.5
risiko	neg 1.0	neg 1.0	neg 0.49641540845545734 __DUMMY__ 0.4687446167819797 off 0.03483997476256302	false	1.0
finster	neg 1.0		__DUMMY__ 0.9280217870392724 off 0.038184825032178245 neg 0.03379338792854933	false	0.5
geisteskrank	off 1.0		__DUMMY__ 0.9231247193886088 off 0.04326244834537922 neg 0.03361283226601189	false	1.0
zusammenbrechen	neg 1.0		__DUMMY__ 0.9313170191157918 off 0.036258639984624794 neg 0.03242434089958343	false	0.5
ausbeute	neg 1.0		__DUMMY__ 0.9388580131317135 off 0.034083090326616966 neg 0.027058896541669583	false	0.5
hinterhalt	neg 1.0		__DUMMY__ 0.9382440600489409 off 0.03573066246861256 neg 0.026025277482446544	false	0.5
kritik	neg 1.0		__DUMMY__ 0.9299508400672035 off 0.03631561513173977 neg 0.03373354480105669	false	0.5
einschrumpfen	neg 1.0		__DUMMY__ 0.9268856337471052 off 0.04088518463125536 neg 0.03222918162163948	false	0.5
riskant	neg 1.0		__DUMMY__ 0.9312965119839722 off 0.03436451934964918 neg 0.034338968666378554	false	0.5
frustrieren	neg 1.0		__DUMMY__ 0.9312522479383242 off 0.035047531835681524 neg 0.03370022022599429	false	0.5
groll	neg 1.0		__DUMMY__ 0.930190401687996 off 0.035939498779713364 neg 0.0338700995322906	false	0.5
gibt			__DUMMY__ 0.9312983760837092 off 0.036391204934055364 neg 0.03231041898223543	false	0.0
qualvoll	neg 1.0		__DUMMY__ 0.9299419689828223 off 0.03997597925853656 neg 0.030082051758641128	false	0.5
wackeln	neg 1.0		__DUMMY__ 0.9326935398464822 off 0.03814521559341955 neg 0.029161244560098266	false	0.5
klagen	neg 1.0		__DUMMY__ 0.9339136708504603 neg 0.0339090145502495 off 0.032177314599290206	false	1.0
bankrott	neg 1.0		__DUMMY__ 0.9297736651895326 off 0.040765150867105276 neg 0.02946118394336198	false	0.5
trauern	neg 1.0		__DUMMY__ 0.9351877957864368 off 0.03448688523806177 neg 0.030325318975501316	false	0.5
ablehnung	neg 1.0		__DUMMY__ 0.9298139181762465 off 0.036125121543735574 neg 0.03406096028001799	false	0.5
stur	neg 1.0		__DUMMY__ 0.9280352324276061 off 0.0388054203015609 neg 0.03315934727083291	false	0.5
aufruhr	neg 1.0		__DUMMY__ 0.9313269910982476 off 0.03684378464127904 neg 0.031829224260473396	false	0.5
melancholie	neg 1.0		__DUMMY__ 0.9332730340088509 off 0.03469736989702769 neg 0.03202959609412149	false	0.5
ist			__DUMMY__ 0.9292950124805254 off 0.03921093172252821 neg 0.031494055796946335	false	0.0
torheit	neg 1.0		__DUMMY__ 0.9304381190140654 off 0.03803481777354371 neg 0.03152706321239093	false	0.5
dreckskind	off 1.0		__DUMMY__ 0.9202521433826651 off 0.04717182391618011 neg 0.032576032701154695	false	1.0
umtauschen	neg 1.0		__DUMMY__ 0.931080414951327 off 0.03680143564145451 neg 0.03211814940721854	false	0.5
zum			__DUMMY__ 0.9401049366501603 neg 0.030125256004762055 off 0.029769807345077684	false	0.0
zersetzen	neg 1.0		__DUMMY__ 0.9320792355204812 neg 0.034204750489723594 off 0.03371601398979517	false	1.0
zur			__DUMMY__ 0.9382986652124494 neg 0.03210338140040565 off 0.02959795338714499	false	0.0
frust	neg 1.0		__DUMMY__ 0.93159967865095 off 0.03631122453970529 neg 0.03208909680934476	false	0.5
unerbittlichkeit	neg 1.0		__DUMMY__ 0.9330259758715523 off 0.033634774811959804 neg 0.033339249316487796	false	0.5
zwei			__DUMMY__ 0.938560687552088 neg 0.030786828743748294 off 0.0306524837041638	false	0.0
unkorrekt	neg 1.0		__DUMMY__ 0.9242914092732395 off 0.04422889796499468 neg 0.03147969276176581	false	0.5
hexe	off 1.0		__DUMMY__ 0.9251795950787525 off 0.041530980150885945 neg 0.03328942477036162	false	1.0
lasch	neg 1.0		__DUMMY__ 0.9256870282840307 off 0.041019387762242496 neg 0.03329358395372674	false	0.5
rivale	neg 1.0		__DUMMY__ 0.9262182080133807 off 0.043282784922857816 neg 0.03049900706376143	false	0.5
mutlos	off 1.0	off 1.0	off 0.5015487675047524 __DUMMY__ 0.4670557196435976 neg 0.03139551285164998	false	1.0
wirr	off 1.0		__DUMMY__ 0.9237248186413458 off 0.04490454824784725 neg 0.031370633110806845	false	1.0
jahr			__DUMMY__ 0.9390183147172201 off 0.032520446424757876 neg 0.028461238858022063	false	0.0
wird			__DUMMY__ 0.9315863865875115 off 0.03535747892971309 neg 0.03305613448277546	false	0.0
strafbar	neg 1.0		__DUMMY__ 0.9312472359319762 off 0.034774023862045846 neg 0.033978740205977985	false	0.5
erosion	neg 1.0		__DUMMY__ 0.9326870897385917 off 0.03737577674932187 neg 0.02993713351208635	false	0.5
eingehen	neg 1.0		__DUMMY__ 0.930866837993696 off 0.0349089407092644 neg 0.03422422129703964	false	0.5
faul	off 1.0		__DUMMY__ 0.9294590632216608 off 0.04060825725842223 neg 0.029932679519916915	false	1.0
provisorium	neg 1.0		__DUMMY__ 0.9405859077480895 neg 0.03179372211608099 off 0.027620370135829554	false	1.0
schmerzen	neg 1.0		__DUMMY__ 0.9305252067688283 off 0.03629403813419887 neg 0.03318075509697283	false	0.5
schrumpfen	neg 1.0		__DUMMY__ 0.934930969053177 neg 0.03500063192823985 off 0.030068399018583266	false	1.0
geistlos	off 1.0		__DUMMY__ 0.9254787282636578 off 0.04025124290886728 neg 0.03427002882747487	false	1.0
fehlkauf	neg 1.0		__DUMMY__ 0.9310849635296812 off 0.03903750668761451 neg 0.02987752978270432	false	0.5
frustrierend	neg 1.0		__DUMMY__ 0.9278264776299371 off 0.04081647069248311 neg 0.03135705167757983	false	0.5
unzufrieden	neg 1.0		__DUMMY__ 0.9296031024486786 off 0.0360906260439823 neg 0.03430627150733909	false	0.5
verzweifeln	neg 1.0		__DUMMY__ 0.9305608986342411 off 0.03696725828707055 neg 0.03247184307868845	false	0.5
verzweifelt	neg 1.0	neg 1.0	neg 0.5010245649647515 __DUMMY__ 0.4636723262215878 off 0.03530310881366068	false	1.0
misstrauensantrag	neg 1.0		__DUMMY__ 0.9290429564310431 off 0.03910415683893796 neg 0.031852886730018924	false	0.5
abfallen	neg 1.0		__DUMMY__ 0.9322688176075675 off 0.03789065933571807 neg 0.02984052305671442	false	0.5
fucker	off 1.0		__DUMMY__ 0.9268417054847691 off 0.04401952509984707 neg 0.029138769415383767	false	1.0
ungezogen	neg 1.0		__DUMMY__ 0.9199808094178787 off 0.04984174781152399 neg 0.030177442770597283	false	0.5
irrsinnig	neg 1.0	neg 1.0	neg 0.5004064095202857 __DUMMY__ 0.4643127884064976 off 0.03528080207321662	false	1.0
unfassbar	neg 1.0		__DUMMY__ 0.9270945817440269 off 0.042506257803375906 neg 0.030399160452597197	false	0.5
hart	neg 1.0		__DUMMY__ 0.9275398212674116 off 0.04197270229581916 neg 0.030487476436769207	false	0.5
widerlich	off 1.0		__DUMMY__ 0.924591124452611 off 0.043101384004815196 neg 0.03230749154257381	false	1.0
fatal	neg 1.0		__DUMMY__ 0.929636874693502 off 0.039521292803336425 neg 0.03084183250316161	false	0.5
bruch	neg 1.0		__DUMMY__ 0.9340848856696871 neg 0.03340370830705445 off 0.03251140602325847	false	1.0
aushungern	neg 1.0		__DUMMY__ 0.9325050389263103 off 0.03641741422073137 neg 0.031077546852958295	false	0.5
anspannung	neg 1.0		__DUMMY__ 0.9387072624307555 neg 0.03123239678060948 off 0.03006034078863502	false	1.0
von			__DUMMY__ 0.9407542679056276 off 0.03254840454191773 neg 0.02669732755245471	false	0.0
kraftlos	neg 1.0		__DUMMY__ 0.9327723314532261 off 0.0356200415621118 neg 0.03160762698466204	false	0.5
vom			__DUMMY__ 0.9417672516748992 neg 0.030358001660980904 off 0.027874746664119838	false	0.0
grenzdebil	off 1.0		__DUMMY__ 0.9276619475681375 off 0.04265938510134382 neg 0.029678667330518688	false	1.0
vor			__DUMMY__ 0.9356901258803585 off 0.0327998838019111 neg 0.031509990317730385	false	0.0
unterwerfen	neg 1.0		__DUMMY__ 0.9325305102971778 off 0.034941013977764133 neg 0.032528475725058084	false	0.5
versenkung	neg 1.0		__DUMMY__ 0.9334584226683882 off 0.035087293796633674 neg 0.03145428353497818	false	0.5
entziehen	neg 1.0		__DUMMY__ 0.9336360670610894 neg 0.0338006388195861 off 0.03256329411932461	false	1.0
finanzkrise	neg 1.0		__DUMMY__ 0.9298670662037505 off 0.03681418483382776 neg 0.03331874896242173	false	0.5
schimpfend	neg 1.0		__DUMMY__ 0.9297067726374912 off 0.03879422675971001 neg 0.03149900060279876	false	0.5
profan	neg 1.0		__DUMMY__ 0.9278896420659397 off 0.03979388095137814 neg 0.032316476982682106	false	0.5
korruption	neg 1.0		__DUMMY__ 0.9317733947994921 off 0.03538591268795585 neg 0.032840692512552005	false	0.5
â			__DUMMY__ 0.9343272473061377 off 0.03507795876086185 neg 0.030594793933000557	false	0.0
schmutzig	neg 1.0		__DUMMY__ 0.9281691887118804 off 0.043018979882231474 neg 0.028811831405888087	false	0.5
sexy	neg 1.0		__DUMMY__ 0.9295409851306236 off 0.040474123120450366 neg 0.029984891748926008	false	0.5
abraten	neg 1.0		__DUMMY__ 0.9293455126150703 off 0.039129707923177284 neg 0.0315247794617524	false	0.5
schwarz	neg 1.0		__DUMMY__ 0.9296615607326638 off 0.03891580864488747 neg 0.031422630622448655	false	0.5
fotze	off 1.0	off 1.0	off 0.5025137392763284 __DUMMY__ 0.46898257164517626 neg 0.028503689078495268	false	1.0
verwirren	neg 1.0		__DUMMY__ 0.9284266803211747 off 0.04022589615785944 neg 0.031347423520965804	false	0.5
zahnlos	off 1.0		__DUMMY__ 0.9298613028470409 off 0.03673430628680236 neg 0.03340439086615667	false	1.0
verheeren	neg 1.0		__DUMMY__ 0.9217647081431443 off 0.05114014686248486 neg 0.02709514499437079	false	0.5
hippie	neg 1.0		__DUMMY__ 0.9296230157364218 off 0.04026717322162384 neg 0.030109811041954294	false	0.5
rammen	neg 1.0		__DUMMY__ 0.928731044735268 off 0.0383836403694345 neg 0.03288531489529746	false	0.5
unlauter	neg 1.0		__DUMMY__ 0.9268618735150285 off 0.03852182614297739 neg 0.03461630034199421	false	0.5
unheilvoll	neg 1.0		__DUMMY__ 0.9310376868411931 off 0.038729258155077 neg 0.03023305500372978	false	0.5
niedrig	neg 1.0		__DUMMY__ 0.9314028665568549 neg 0.03491792723283251 off 0.033679206210312604	false	1.0
explosion	neg 1.0		__DUMMY__ 0.9294100659263609 off 0.039764520112652 neg 0.03082541396098707	false	0.5
weichei	off 1.0	off 1.0	off 0.5124012246634373 __DUMMY__ 0.45907066731324714 neg 0.02852810802331556	false	1.0
minusmensch	off 1.0		__DUMMY__ 0.9187343082417857 off 0.04943267138444954 neg 0.03183302037376475	false	1.0
farblos	neg 1.0		__DUMMY__ 0.9327587542898492 off 0.03673875378454089 neg 0.030502491925609877	false	0.5
unwissend	neg 1.0	neg 1.0	neg 0.4997398481523392 __DUMMY__ 0.4622700470026963 off 0.037990104844964616	false	1.0
traurig	neg 1.0		__DUMMY__ 0.9257869092174743 off 0.04433474242364214 neg 0.02987834835888356	false	0.5
senkung	neg 1.0		__DUMMY__ 0.926465201582415 off 0.03966108148984456 neg 0.03387371692774051	false	0.5
ungleich	neg 1.0	neg 1.0	neg 0.5017044689015672 __DUMMY__ 0.46730487257608433 off 0.030990658522348384	false	1.0
heikel	neg 1.0		__DUMMY__ 0.9310248031647087 neg 0.03465750016445378 off 0.03431769667083757	false	1.0
drosselung	neg 1.0		__DUMMY__ 0.927054873277873 off 0.04241448842530815 neg 0.03053063829681891	false	0.5
falsch	neg 1.0		__DUMMY__ 0.9269468125489525 off 0.04092877291486984 neg 0.03212441453617777	false	0.5
unzufriedenheit	neg 1.0		__DUMMY__ 0.9333481624113134 neg 0.03348416298823514 off 0.03316767460045148	false	1.0
kurz	neg 1.0		__DUMMY__ 0.9335315082533594 off 0.03614034430460556 neg 0.030328147442035	false	0.5
unsinnig	neg 1.0		__DUMMY__ 0.9289652127541765 off 0.03682847577980194 neg 0.03420631146602153	false	0.5
penner	off 1.0	off 1.0	off 0.5136178934269836 __DUMMY__ 0.4587320700651945 neg 0.027650036507821798	false	1.0
seicht	neg 1.0		__DUMMY__ 0.9186271041879182 off 0.049774793857588616 neg 0.03159810195449314	false	0.5
dummheit	off 1.0	off 1.0	off 0.506755871747591 __DUMMY__ 0.4631627412832351 neg 0.030081386969173955	false	1.0
unerfreulich	neg 1.0		__DUMMY__ 0.9330105419293274 off 0.03349574405958166 neg 0.033493714011091004	false	0.5
motherfucker	off 1.0	off 1.0	off 0.5097221349275355 __DUMMY__ 0.4629722643862286 neg 0.027305600686235786	false	1.0
pikiert	neg 1.0		__DUMMY__ 0.9258321377418615 off 0.042491909726035476 neg 0.03167595253210305	false	0.5
wrack	neg 1.0		__DUMMY__ 0.9339190360064699 off 0.035431935881055594 neg 0.030649028112474514	false	0.5
gangster	neg 1.0		__DUMMY__ 0.929583232649099 off 0.04025951909819053 neg 0.030157248252710486	false	0.5
krank	neg 1.0		__DUMMY__ 0.9277090136842333 off 0.042438482796876474 neg 0.029852503518890138	false	0.5
reich	neg 1.0		__DUMMY__ 0.9303686475534669 off 0.041622950426869025 neg 0.028008402019664078	false	0.5
gnadenlos	neg 1.0		__DUMMY__ 0.9290252747229165 off 0.03878637783087407 neg 0.03218834744620939	false	0.5
niedergeschlagen	neg 1.0		__DUMMY__ 0.9323051002788691 off 0.036439493235747925 neg 0.031255406485382935	false	0.5
terrorisieren	off 1.0	off 1.0	off 0.5016730983970329 __DUMMY__ 0.4686927924379539 neg 0.029634109165013214	false	1.0
sinnlosigkeit	neg 1.0		__DUMMY__ 0.930592460926372 off 0.036225781268031144 neg 0.0331817578055968	false	0.5
behindern	neg 1.0		__DUMMY__ 0.931794009327619 off 0.036816474077499925 neg 0.03138951659488105	false	0.5
undemokratisch	neg 1.0		__DUMMY__ 0.9293115260386465 off 0.03869084411986672 neg 0.03199762984148665	false	0.5
wirtschaftskrise	neg 1.0		__DUMMY__ 0.9312703071281009 off 0.03523551334439108 neg 0.03349417952750801	false	0.5
neid	neg 1.0		__DUMMY__ 0.9293830105654957 off 0.04051289475657553 neg 0.03010409467792884	false	0.5
rutschen	neg 1.0		__DUMMY__ 0.9396078580379795 off 0.030484604617381235 neg 0.02990753734463929	false	0.5
rezession	neg 1.0		__DUMMY__ 0.920367413024931 off 0.044955876511285485 neg 0.034676710463783574	false	0.5
fehlgeburt	neg 1.0		__DUMMY__ 0.9313290812371865 off 0.03872989256982536 neg 0.029941026192988152	false	0.5
charakterschwach	off 1.0		__DUMMY__ 0.9247233675923595 off 0.04305731020434808 neg 0.032219322203292364	false	1.0
isolation	neg 1.0		__DUMMY__ 0.9286916464171975 off 0.04041249816932027 neg 0.030895855413482193	false	0.5
ablenkung	neg 1.0		__DUMMY__ 0.9312018007088607 off 0.037637993585049684 neg 0.031160205706089517	false	0.5
pech	neg 1.0		__DUMMY__ 0.9272099442437363 off 0.04016142358615311 neg 0.03262863217011066	false	0.5
vermeidung	neg 1.0		__DUMMY__ 0.9279926413365296 off 0.04254587578579704 neg 0.029461482877673355	false	0.5
dominieren	neg 1.0		__DUMMY__ 0.9336909592766777 off 0.03454646979329538 neg 0.03176257093002702	false	0.5
schwindlig	neg 1.0		__DUMMY__ 0.9309757818629024 off 0.0388255894457564 neg 0.03019862869134122	false	0.5
lutscher	neg 1.0		__DUMMY__ 0.9192892440858699 off 0.04981517455892679 neg 0.030895581355203428	false	0.5
pflicht	neg 1.0		__DUMMY__ 0.9319120889424917 neg 0.034556704825572285 off 0.033531206231936055	false	1.0
faschist	off 1.0		__DUMMY__ 0.9284253898246605 off 0.040669637534311624 neg 0.03090497264102789	false	1.0
verschleudern	neg 1.0		__DUMMY__ 0.9312995438633912 neg 0.03456941689154809 off 0.034131039245060696	false	1.0
wenn			__DUMMY__ 0.9277918130124038 off 0.04106832858762989 neg 0.031139858399966344	false	0.0
ehebruch	neg 1.0		__DUMMY__ 0.9325269186327795 off 0.03536199629960365 neg 0.032111085067616854	false	0.5
spott	off 1.0		__DUMMY__ 0.931504728894498 off 0.03503384939311128 neg 0.033461421712390735	false	1.0
trostlosigkeit	neg 1.0		__DUMMY__ 0.935779284723862 off 0.032840756782249625 neg 0.03137995849388844	false	0.5
lutschen	neg 1.0		__DUMMY__ 0.9277048731193095 off 0.04067710705808479 neg 0.03161801982260583	false	0.5
undiszipliniert	neg 1.0		__DUMMY__ 0.9250709490902017 off 0.043901588811729786 neg 0.031027462098068496	false	0.5
kopfschmerz	neg 1.0		__DUMMY__ 0.9313401429595509 off 0.03552271261765576 neg 0.033137144422793245	false	0.5
unvorhergesehen	neg 1.0		__DUMMY__ 0.9364770772381575 off 0.033234930589486227 neg 0.030287992172356146	false	0.5
desinteressiert	neg 1.0		__DUMMY__ 0.92538349026565 off 0.043600040200754336 neg 0.03101646953359564	false	0.5
armselig	off 1.0		__DUMMY__ 0.9228914101084479 off 0.04474574294605447 neg 0.03236284694549767	false	1.0
desaster	neg 1.0		__DUMMY__ 0.9343130327702421 neg 0.03360950171193293 off 0.032077465517824914	false	1.0
tod	neg 1.0		__DUMMY__ 0.9375656420095898 off 0.034930346386593106 neg 0.027504011603817064	false	0.5
herzlos	neg 1.0		__DUMMY__ 0.9246751607293192 off 0.04448790446627472 neg 0.030836934804406003	false	0.5
unwissenheit	neg 1.0		__DUMMY__ 0.9308011814555655 off 0.03598836362882604 neg 0.033210454915608485	false	0.5
widersinnig	neg 1.0		__DUMMY__ 0.9279879833517659 off 0.036211771350172554 neg 0.035800245298061556	false	0.5
bedenklich	neg 1.0		__DUMMY__ 0.9305234472926756 off 0.03527633335020065 neg 0.03420021935712381	false	0.5
beanstanden	neg 1.0		__DUMMY__ 0.932734598195911 neg 0.0341140321732347 off 0.03315136963085431	false	1.0
panisch	neg 1.0	neg 1.0	neg 0.4962369670180608 __DUMMY__ 0.46814822681586293 off 0.035614806166076284	false	1.0
debil	off 1.0		__DUMMY__ 0.9402794738507663 neg 0.03145494696617586 off 0.0282655791830579	false	0.5
abstrich	neg 1.0		__DUMMY__ 0.9386310956286221 off 0.03558174785805767 neg 0.025787156513320184	false	0.5
primitiv	neg 1.0		__DUMMY__ 0.9243426682525784 off 0.043293546584918505 neg 0.032363785162503024	false	0.5
abschaum	off 1.0	off 1.0	off 0.5084795619116906 __DUMMY__ 0.46270081281809805 neg 0.02881962527021127	false	1.0
provozieren	neg 1.0		__DUMMY__ 0.9276643218927695 off 0.0386729127520006 neg 0.033662765355229995	false	0.5
tot	neg 1.0		__DUMMY__ 0.9323397565820994 off 0.03505801605294081 neg 0.032602227364959685	false	0.5
instabil	neg 1.0		__DUMMY__ 0.9243266541633877 off 0.04410811940530064 neg 0.031565226431311676	false	0.5
schwuchtel	off 1.0	off 1.0	off 0.5181626020523111 __DUMMY__ 0.45372235387265425 neg 0.028115044075034647	false	1.0
zerren	neg 1.0		__DUMMY__ 0.9322567954244325 off 0.036139862002601206 neg 0.031603342572966237	false	0.5
kinderficker	off 1.0		__DUMMY__ 0.923539286679468 off 0.04681799202939478 neg 0.02964272129113713	false	1.0
gefahr	neg 1.0		__DUMMY__ 0.9347639476484116 off 0.03302257693609624 neg 0.03221347541549211	false	0.5
rabiat	neg 1.0		__DUMMY__ 0.9305365638887918 off 0.037894233746834 neg 0.03156920236437413	false	0.5
verlangsamung	neg 1.0		__DUMMY__ 0.9199251645773655 off 0.04822819064345769 neg 0.03184664477917673	false	0.5
ausgestorben	neg 1.0		__DUMMY__ 0.9314700402877748 off 0.03755460665175969 neg 0.030975353060465494	false	0.5
anklagen	neg 1.0		__DUMMY__ 0.9321138756760311 off 0.03545989894473242 neg 0.03242622537923648	false	0.5
trott	neg 1.0		__DUMMY__ 0.9313905586843337 off 0.037154482625121395 neg 0.0314549586905448	false	0.5
verminderung	neg 1.0		__DUMMY__ 0.9266412697386084 off 0.04277775730400024 neg 0.030580972957391424	false	0.5
nach			__DUMMY__ 0.9393961939690159 neg 0.0309316124729232 off 0.029672193558061024	false	0.0
rost	neg 1.0		__DUMMY__ 0.922873941287616 off 0.046832202747521826 neg 0.030293855964862074	false	0.5
destruktiv	neg 1.0		__DUMMY__ 0.928842833231967 off 0.03769325270755492 neg 0.03346391406047807	false	0.5
unzumutbarkeit	neg 1.0		__DUMMY__ 0.9285283209192651 off 0.04186807164815792 neg 0.029603607432577044	false	0.5
labil	off 1.0	off 1.0	off 0.5078637373633742 __DUMMY__ 0.46366586051924785 neg 0.02847040211737788	false	1.0
ziemlich	neg 1.0		__DUMMY__ 0.9278073608454033 off 0.0422741295630689 neg 0.029918509591527753	false	0.5
lachnummer	off 1.0		__DUMMY__ 0.9284345989023057 off 0.03843602736711912 neg 0.03312937373057511	false	1.0
oder			__DUMMY__ 0.9309866331808347 off 0.03810998728743536 neg 0.030903379531729915	false	0.0
verfall	neg 1.0		__DUMMY__ 0.9362539225073762 neg 0.03370084161893968 off 0.030045235873684222	false	1.0
ausgrenzung	neg 1.0		__DUMMY__ 0.9294467591811838 off 0.039158230040293375 neg 0.03139501077852283	false	0.5
unordnung	neg 1.0		__DUMMY__ 0.9293355469762852 off 0.043770687417919736 neg 0.026893765605795084	false	0.5
fehlverhalten	neg 1.0		__DUMMY__ 0.9310454695304288 neg 0.03489508443858928 off 0.03405944603098199	false	1.0
eine			__DUMMY__ 0.934685105276476 off 0.033171462788788054 neg 0.03214343193473595	false	0.0
nille	neg 1.0		__DUMMY__ 0.9322015220657809 off 0.03735665866613716 neg 0.03044181926808197	false	0.5
qual	neg 1.0		__DUMMY__ 0.9318148071665064 off 0.03686375564641787 neg 0.03132143718707577	false	0.5
verschwenden	neg 1.0		__DUMMY__ 0.9307645086694355 neg 0.03463253960030235 off 0.03460295173026219	false	1.0
riesig	neg 1.0		__DUMMY__ 0.9347869559985643 off 0.03455621222516922 neg 0.030656831776266484	false	0.5
verurteilen	neg 1.0		__DUMMY__ 0.9298779392127676 off 0.036050644876390994 neg 0.03407141591084142	false	0.5
klischee	neg 1.0	neg 1.0	neg 0.499838097475945 __DUMMY__ 0.4629497999411798 off 0.03721210258287524	false	1.0
diktatorisch	neg 1.0		__DUMMY__ 0.9285849560533981 off 0.03888785672934599 neg 0.0325271872172559	false	0.5
vorhersehbar	neg 1.0		__DUMMY__ 0.9258670005132257 off 0.040503734859102816 neg 0.03362926462767152	false	0.5
sowie			__DUMMY__ 0.9233091150268723 off 0.04620126311682608 neg 0.03048962185630164	false	0.0
stornieren	neg 1.0		__DUMMY__ 0.9341601678503223 off 0.03882066891750949 neg 0.02701916323216821	false	0.5
besteuerung	neg 1.0		__DUMMY__ 0.9271791444596837 off 0.03800010956249592 neg 0.03482074597782031	false	0.5
ungeschminkt	neg 1.0		__DUMMY__ 0.923898304073799 off 0.04264036307250887 neg 0.033461332853692106	false	0.5
kritisch	neg 1.0		__DUMMY__ 0.9311492120051813 off 0.03512420756858456 neg 0.033726580426234144	false	0.5
schlamperei	off 1.0		__DUMMY__ 0.9335651516554484 off 0.03399277338461436 neg 0.03244207495993718	false	1.0
sucht	neg 1.0	neg 1.0	neg 0.4926697204033103 __DUMMY__ 0.4733774079747235 off 0.0339528716219661	false	1.0
egoistisch	off 1.0		__DUMMY__ 0.921279427581865 off 0.04686218640735757 neg 0.03185838601077743	false	1.0
ausbeuter	off 1.0		__DUMMY__ 0.9304104341145455 neg 0.03552914138911985 off 0.03406042449633465	false	0.5
arschgeburt	off 1.0		__DUMMY__ 0.9149425698654391 off 0.053300824572981374 neg 0.031756605561579505	false	1.0
schubs	neg 1.0		__DUMMY__ 0.9317472332069484 off 0.03552864606581515 neg 0.03272412072723636	false	0.5
unsolide	neg 1.0		__DUMMY__ 0.9269912312337069 off 0.03931793494717897 neg 0.033690833819114106	false	0.5
beschwerde	neg 1.0		__DUMMY__ 0.9314260041237076 off 0.034625279516329106 neg 0.03394871635996331	false	0.5
stocken	neg 1.0		__DUMMY__ 0.9335221400986251 off 0.034199689755858145 neg 0.032278170145516774	false	0.5
isolieren	neg 1.0		__DUMMY__ 0.9320738556430942 off 0.035406089350392946 neg 0.032520055006512866	false	0.5
unheilbar	neg 1.0		__DUMMY__ 0.9315235947978914 off 0.03810341753569971 neg 0.03037298766640887	false	0.5
pisser	off 1.0		__DUMMY__ 0.9242665476905623 off 0.04431313631382336 neg 0.03142031599561444	false	1.0
löschen	neg 1.0		__DUMMY__ 0.9316191426092273 off 0.03749437245315063 neg 0.030886484937622083	false	0.5
durchfallen	neg 1.0		__DUMMY__ 0.9291425488280757 off 0.035574038180526825 neg 0.03528341299139756	false	0.5
wichser	off 1.0	off 1.0	off 0.5159377445310543 __DUMMY__ 0.45683027621268274 neg 0.027231979256262813	false	1.0
terror	neg 1.0		__DUMMY__ 0.9298826566112003 off 0.03977874763647162 neg 0.030338595752328095	false	0.5
krass	neg 1.0		__DUMMY__ 0.9240771477952542 off 0.04468710380805856 neg 0.031235748396687187	false	0.5
revolte	neg 1.0		__DUMMY__ 0.9296039528055561 off 0.039456439103825104 neg 0.030939608090618895	false	0.5
besorgt	neg 1.0		__DUMMY__ 0.9355866500514772 off 0.03611106840530427 neg 0.028302281543218493	false	0.5
nachlassen	neg 1.0		__DUMMY__ 0.9360199818187452 off 0.03374294565639364 neg 0.03023707252486115	false	0.5
alt	neg 1.0		__DUMMY__ 0.9325373197040455 off 0.035063252043268836 neg 0.03239942825268564	false	0.5
hundesohn	off 1.0		__DUMMY__ 0.9192495837487671 off 0.050494888490637505 neg 0.030255527760595348	false	1.0
als			__DUMMY__ 0.93121287942509 off 0.036029390821434006 neg 0.03275772975347606	false	0.0
abschreckung	neg 1.0		__DUMMY__ 0.9336780133809085 neg 0.033269851574763025 off 0.033052135044328516	false	1.0
unqualifiziert	neg 1.0		__DUMMY__ 0.9251211224285345 off 0.041263536205385185 neg 0.03361534136608032	false	0.5
abgewichst	off 1.0		__DUMMY__ 0.932701471756133 off 0.036644953878889844 neg 0.030653574364977065	false	1.0
schwer	neg 1.0		__DUMMY__ 0.9295606059405574 off 0.037328435998400265 neg 0.03311095806104237	false	0.5
bedeutungslosigkeit	neg 1.0		__DUMMY__ 0.9323124199874999 off 0.03388101206315292 neg 0.03380656794934715	false	0.5
kapitulation	neg 1.0		__DUMMY__ 0.9329353772000201 off 0.03487188640613548 neg 0.03219273639384439	false	0.5
unscharf	neg 1.0		__DUMMY__ 0.9276375175323324 off 0.039055919111414074 neg 0.03330656335625358	false	0.5
schwinden	neg 1.0		__DUMMY__ 0.9344861907804284 off 0.033548943794248956 neg 0.031964865425322744	false	0.5
versklavung	neg 1.0		__DUMMY__ 0.9312654780536427 off 0.03843648700038229 neg 0.030298034945975102	false	0.5
schlecht	neg 1.0		__DUMMY__ 0.9276686852197297 off 0.042496520734505196 neg 0.029834794045765216	false	0.5
verhasst	neg 1.0		__DUMMY__ 0.9264246150585613 off 0.03916139149167887 neg 0.03441399344975986	false	0.5
beschweren	neg 1.0		__DUMMY__ 0.92881724187852 off 0.03936622171780454 neg 0.031816536403675356	false	0.5
scheiden	neg 1.0		__DUMMY__ 0.9328372107819843 off 0.037045919882541876 neg 0.030116869335473778	false	0.5
frustriert	neg 1.0		__DUMMY__ 0.9299240986431234 off 0.03671931255131821 neg 0.03335658880555846	false	0.5
schimmelig	neg 1.0		__DUMMY__ 0.9302195025901091 neg 0.03496398697241379 off 0.03481651043747709	false	1.0
fisch	neg 1.0		__DUMMY__ 0.9327428736315474 neg 0.03491427234753187 off 0.03234285402092075	false	1.0
schmuggel	neg 1.0		__DUMMY__ 0.9335544129724389 off 0.03408781463801795 neg 0.03235777238954323	false	0.5
auffallen	neg 1.0		__DUMMY__ 0.9284694523619331 off 0.03994106772064932 neg 0.031589479917417625	false	0.5
konkurrenz	neg 1.0		__DUMMY__ 0.9337185476917073 neg 0.033498665530728854 off 0.032782786777563855	false	1.0
teufelskreis	neg 1.0		__DUMMY__ 0.929215045222352 off 0.03762989184097954 neg 0.0331550629366685	false	0.5
aufschreien	neg 1.0		__DUMMY__ 0.927322282415033 off 0.040093473333145745 neg 0.03258424425182127	false	0.5
schuldner	neg 1.0		__DUMMY__ 0.9318899938621872 neg 0.03474791135469541 off 0.03336209478311744	false	1.0
missgeburt	off 1.0	off 1.0	off 0.5131277984839347 __DUMMY__ 0.4581445421907086 neg 0.028727659325356633	false	1.0
arbeitslos	neg 1.0		__DUMMY__ 0.928726166323113 off 0.03594508866122349 neg 0.035328745015663424	false	0.5
befallen	neg 1.0		__DUMMY__ 0.9336716699006908 off 0.03655977992619036 neg 0.029768550173118725	false	0.5
miesepetrig	off 1.0	off 1.0	off 0.5079281699449045 __DUMMY__ 0.46376734652947654 neg 0.028304483525618828	false	1.0
alarmieren	neg 1.0		__DUMMY__ 0.9267547036467266 off 0.04153905685559293 neg 0.0317062394976804	false	0.5
ungeduscht	off 1.0		__DUMMY__ 0.9268281532549473 off 0.0405631665346632 neg 0.0326086802103895	false	1.0
knappheit	neg 1.0		__DUMMY__ 0.9293975199410136 off 0.03538807798709286 neg 0.03521440207189359	false	0.5
schlange	neg 1.0		__DUMMY__ 0.9328683710245637 off 0.038634679624142514 neg 0.028496949351293828	false	0.5
harsch	neg 1.0		__DUMMY__ 0.926896540984479 off 0.0456878991519322 neg 0.027415559863588766	false	0.5
lang	neg 1.0		__DUMMY__ 0.931324058335739 off 0.03818474201877655 neg 0.03049119964548458	false	0.5
ziellos	neg 1.0		__DUMMY__ 0.933545748042006 off 0.03504424267920463 neg 0.031410009278789446	false	0.5
selbstverliebt	neg 1.0		__DUMMY__ 0.9171353125093422 off 0.051179566225198314 neg 0.03168512126545945	false	0.5
beseitigen	neg 1.0		__DUMMY__ 0.9329654045182849 off 0.0363065480000605 neg 0.030728047481654523	false	0.5
dumm	off 1.0		__DUMMY__ 0.921902019319708 off 0.04727031228523985 neg 0.03082766839505207	false	1.0
arbeitsloser	neg 1.0		__DUMMY__ 0.9309293033961598 off 0.035956708655021825 neg 0.03311398794881836	false	0.5
blitzen	neg 1.0		__DUMMY__ 0.929615618205059 off 0.04018741889938236 neg 0.03019696289555865	false	0.5
hilflos	neg 1.0		__DUMMY__ 0.930586806305268 off 0.03626535275493389 neg 0.03314784093979816	false	0.5
eklig	off 1.0		__DUMMY__ 0.920127676473913 off 0.047775423669932225 neg 0.03209689985615487	false	1.0
begriff			__DUMMY__ 0.9300780920258446 off 0.037251778475754865 neg 0.0326701294984005	false	0.0
hungersnot	neg 1.0		__DUMMY__ 0.933761638816045 off 0.03569921575778883 neg 0.03053914542616617	false	0.5
ungesetzlich	neg 1.0		__DUMMY__ 0.9261099691315787 off 0.03883975636638727 neg 0.035050274502034	false	0.5
verschwendung	neg 1.0		__DUMMY__ 0.932545027490724 off 0.034306738972829855 neg 0.03314823353644618	false	0.5
schmerzvoll	neg 1.0		__DUMMY__ 0.9297438458794205 off 0.03905156590042341 neg 0.031204588220156117	false	0.5
vorzeitig	neg 1.0		__DUMMY__ 0.9302347427694313 off 0.03980738281828356 neg 0.02995787441228509	false	0.5
unvollkommenheit	neg 1.0		__DUMMY__ 0.9360939037659488 off 0.03495793021716423 neg 0.028948166016886913	false	0.5
intervenieren	neg 1.0		__DUMMY__ 0.9312413707674161 neg 0.03440305954516693 off 0.03435556968741698	false	1.0
banause	off 1.0		__DUMMY__ 0.9171403167460468 off 0.049904486129040276 neg 0.03295519712491296	false	1.0
rebell	neg 1.0		__DUMMY__ 0.9350734153053565 neg 0.03406201259162654 off 0.030864572103016897	false	1.0
unlogisch	neg 1.0		__DUMMY__ 0.9230876032893975 off 0.04437423527446614 neg 0.03253816143613633	false	0.5
leiden	neg 1.0		__DUMMY__ 0.9352664116918571 off 0.03286409888761007 neg 0.03186948942053283	false	0.5
abschaffung	neg 1.0		__DUMMY__ 0.9295835245139503 off 0.037916756315711064 neg 0.03249971917033862	false	0.5
sturz	neg 1.0		__DUMMY__ 0.9325179728823232 off 0.03760527825440069 neg 0.029876748863276056	false	0.5
verkleinerung	neg 1.0		__DUMMY__ 0.9248820417846938 off 0.04020704841335854 neg 0.03491090980194765	false	0.5
schmarotzer	off 1.0		__DUMMY__ 0.9274213762665338 off 0.03662854002080931 neg 0.0359500837126569	false	1.0
bestrafung	neg 1.0		__DUMMY__ 0.9305273287321442 off 0.038620782375014776 neg 0.030851888892840965	false	0.5
achtlos	neg 1.0	neg 1.0	neg 0.49860105189461307 __DUMMY__ 0.46767681796641486 off 0.033722130138972135	false	1.0
ungeheuer	neg 1.0		__DUMMY__ 0.9304116223485591 off 0.03941376471843409 neg 0.03017461293300677	false	0.5
