unsolidarisch	neg 1.0		off 0.35699086637730876 __DUMMY__ 0.33145901109637893 neg 0.3115501225263124	false	0.5
nachteilig	neg 1.0		off 0.3537407167455951 __DUMMY__ 0.33441843523324594 neg 0.311840848021159	false	0.5
skeptisch	neg 1.0		off 0.35311736838889646 __DUMMY__ 0.3346270319044735 neg 0.3122555997066301	false	0.5
schrecklich	neg 1.0		off 0.36873213627965556 __DUMMY__ 0.329584650867673 neg 0.30168321285267136	false	0.5
schlapp	neg 1.0		off 0.3648185615640982 __DUMMY__ 0.33139611088743187 neg 0.3037853275484699	false	0.5
abfall	neg 1.0		off 0.3505728003683918 __DUMMY__ 0.3372278503855762 neg 0.31219934924603204	false	0.5
widerspenstig	neg 1.0		off 0.359390359897644 __DUMMY__ 0.33349647359137546 neg 0.30711316651098053	false	0.5
abrupt	neg 1.0		off 0.355763289026163 __DUMMY__ 0.33634268178651255 neg 0.3078940291873245	false	0.5
unwirksam	neg 1.0		off 0.3564297759888583 __DUMMY__ 0.33073192306734356 neg 0.3128383009437981	false	0.5
angreifen	neg 1.0		off 0.3532348981171796 __DUMMY__ 0.33479913236429226 neg 0.3119659695185283	false	0.5
inkonsistent	neg 1.0		off 0.3597147411822858 __DUMMY__ 0.33256298251819266 neg 0.30772227629952154	false	0.5
abrutschen	neg 1.0		off 0.3499696972892301 __DUMMY__ 0.3357955887852534 neg 0.3142347139255165	false	0.5
unsicher	neg 1.0		off 0.3591020374457945 __DUMMY__ 0.3338466047058128 neg 0.30705135784839266	false	0.5
bauernkind	off 1.0	off 1.0	off 0.6726351894445084 neg 0.17026016616653208 __DUMMY__ 0.15710464438895957	false	1.0
angreifer	neg 1.0	neg 1.0	neg 0.638037426990549 off 0.20004178463799557 __DUMMY__ 0.16192078837145554	false	1.0
trennen	neg 1.0		off 0.354345826421064 __DUMMY__ 0.33656847074813306 neg 0.30908570283080294	false	0.5
schmutz	neg 1.0		off 0.36354199702001944 __DUMMY__ 0.3361232213323961 neg 0.3003347816475846	false	0.5
inkonsistenz	neg 1.0		off 0.3621109771971285 __DUMMY__ 0.32837589982172455 neg 0.30951312298114686	false	0.5
erschreckend	neg 1.0		off 0.357323108242079 __DUMMY__ 0.3328118335922114 neg 0.3098650581657096	false	0.5
ertrinken	neg 1.0		off 0.3547987109140775 __DUMMY__ 0.33581282802703416 neg 0.30938846105888834	false	0.5
pickelface	off 1.0		off 0.3584276133400397 __DUMMY__ 0.33431693003448215 neg 0.30725545662547815	false	1.0
seiner			off 0.35392856395036487 __DUMMY__ 0.33504112035169925 neg 0.31103031569793593	false	0.0
lauch	neg 1.0		off 0.35179078571597255 __DUMMY__ 0.3370412239889965 neg 0.31116799029503095	false	0.5
unwichtig	neg 1.0		off 0.36329942278849386 __DUMMY__ 0.3304159982227512 neg 0.30628457898875483	false	0.5
steuerhinterziehung	neg 1.0	neg 1.0	neg 0.6420879916220916 off 0.19640996576621297 __DUMMY__ 0.1615020426116954	false	1.0
schock	neg 1.0		off 0.358572212386538 __DUMMY__ 0.334430923051614 neg 0.3069968645618478	false	0.5
beule	neg 1.0		off 0.36580308352681357 __DUMMY__ 0.3308553126307032 neg 0.30334160384248343	false	0.5
vergelten	neg 1.0		off 0.36862539491784524 __DUMMY__ 0.3314853976845868 neg 0.29988920739756797	false	0.5
verdorbenheit	neg 1.0		off 0.36095743899838173 __DUMMY__ 0.33479351237689176 neg 0.30424904862472646	false	0.5
trauma	neg 1.0		off 0.3602034541969172 __DUMMY__ 0.33335281958066915 neg 0.30644372622241356	false	0.5
sinnlos	neg 1.0		off 0.3614180406417068 __DUMMY__ 0.33267621810057646 neg 0.3059057412577169	false	0.5
fettsack	off 1.0	off 1.0	off 0.6739505424305963 neg 0.16834310440936825 __DUMMY__ 0.1577063531600354	false	1.0
feige	off 1.0	off 1.0	off 0.670833111372113 neg 0.16981042544462474 __DUMMY__ 0.1593564631832622	false	1.0
abdanken	neg 1.0		off 0.35821964885754093 __DUMMY__ 0.3337494019912658 neg 0.3080309491511933	false	0.5
wichtigtuer	off 1.0	off 1.0	off 0.6695035143120324 neg 0.1703876519845641 __DUMMY__ 0.16010883370340354	false	1.0
misslingen	neg 1.0		off 0.36153390744690905 __DUMMY__ 0.3358153011841509 neg 0.30265079136893996	false	0.5
untreu	off 1.0		off 0.36447343341653937 __DUMMY__ 0.3309160857049496 neg 0.30461048087851106	false	1.0
missmutig	neg 1.0		off 0.3644254017005959 __DUMMY__ 0.33200213687963404 neg 0.3035724614197701	false	0.5
hurenbock	off 1.0		off 0.3625429018130427 __DUMMY__ 0.33435157426178796 neg 0.3031055239251693	false	1.0
betrunken	neg 1.0		off 0.3667847956092101 __DUMMY__ 0.33090413029265997 neg 0.3023110740981298	false	0.5
korrupt	off 1.0		off 0.3545201670886143 __DUMMY__ 0.33221434644805575 neg 0.31326548646332997	false	1.0
unmut	neg 1.0		off 0.3504349681282662 __DUMMY__ 0.33621229367365946 neg 0.3133527381980743	false	0.5
hackfresse	off 1.0		off 0.37195406162305256 __DUMMY__ 0.32743444085719015 neg 0.30061149751975724	false	1.0
aufblasen	neg 1.0		off 0.3615701463950208 __DUMMY__ 0.33343594772124663 neg 0.30499390588373254	false	0.5
gewaltsam	neg 1.0		off 0.3579954400366516 __DUMMY__ 0.3347075721170318 neg 0.3072969878463164	false	0.5
unbeliebtheit	neg 1.0		off 0.361510499639565 __DUMMY__ 0.32977187510271505 neg 0.30871762525772	false	0.5
sturheit	neg 1.0		off 0.3569210427376834 __DUMMY__ 0.3332817879357653 neg 0.3097971693265512	false	0.5
kuh	neg 1.0		off 0.35922653468882904 __DUMMY__ 0.3294682768152809 neg 0.31130518849588995	false	0.5
erschrecken	neg 1.0		off 0.3644918321605259 __DUMMY__ 0.3326197605953802 neg 0.3028884072440941	false	0.5
opfer	neg 1.0		off 0.3552027951932934 __DUMMY__ 0.33474908445273144 neg 0.3100481203539751	false	0.5
sinken	neg 1.0		off 0.3515744790065182 __DUMMY__ 0.33649287916935994 neg 0.311932641824122	false	0.5
stinktier	neg 1.0		off 0.36693005818789975 __DUMMY__ 0.32608131201441093 neg 0.3069886297976893	false	0.5
tucke	off 1.0		off 0.37316100822294584 __DUMMY__ 0.3267985570672516 neg 0.3000404347098026	false	1.0
ein			off 0.360087712510965 __DUMMY__ 0.3329763941106533 neg 0.3069358933783816	false	0.0
abstieg	neg 1.0		off 0.3539849855622286 __DUMMY__ 0.33506857175178095 neg 0.31094644268599037	false	0.5
missverstehen	neg 1.0		off 0.36080390279516167 __DUMMY__ 0.33062188446739665 neg 0.3085742127374417	false	0.5
ergebnislos	neg 1.0		off 0.35363890763865685 __DUMMY__ 0.3352002710595386 neg 0.3111608213018045	false	0.5
unter			off 0.3465874746535778 __DUMMY__ 0.33948993708277986 neg 0.3139225882636423	false	0.0
manipulieren	neg 1.0		off 0.3534613334622728 __DUMMY__ 0.33562468083676084 neg 0.3109139857009664	false	0.5
unbewiesen	neg 1.0		off 0.3565615496137596 __DUMMY__ 0.3309811798247917 neg 0.3124572705614488	false	0.5
verschleppen	neg 1.0		off 0.3549742036273327 __DUMMY__ 0.33398028754291936 neg 0.31104550882974785	false	0.5
weib	off 1.0		off 0.37139584682024024 __DUMMY__ 0.3255163605951221 neg 0.30308779258463764	false	1.0
opposition	neg 1.0		off 0.3597600317124897 __DUMMY__ 0.3317895896653645 neg 0.30845037862214564	false	0.5
verkehrswidrig	neg 1.0		off 0.37051565007456533 __DUMMY__ 0.3319199966205194 neg 0.2975643533049152	false	0.5
inkorrekt	neg 1.0		off 0.36679360184726895 __DUMMY__ 0.32848644993648235 neg 0.30471994821624876	false	0.5
vermeiden	neg 1.0		off 0.3490304154555097 __DUMMY__ 0.33712756935650917 neg 0.31384201518798116	false	0.5
abweichung	neg 1.0		off 0.3542793663479534 __DUMMY__ 0.3338705767996278 neg 0.31185005685241884	false	0.5
alkoholisiert	neg 1.0		off 0.3545153807750203 __DUMMY__ 0.3354515251077311 neg 0.31003309411724866	false	0.5
scheiss	off 1.0	off 1.0	off 0.671643154667998 neg 0.16857492213134564 __DUMMY__ 0.15978192320065637	false	1.0
herausforderung	neg 1.0		off 0.3537789946776381 __DUMMY__ 0.33542520394650105 neg 0.31079580137586077	false	0.5
pervers	off 1.0		off 0.37535346504839195 __DUMMY__ 0.32580602018257504 neg 0.29884051476903295	false	1.0
wackelig	neg 1.0		off 0.3581622152852972 __DUMMY__ 0.3357900182210412 neg 0.3060477664936616	false	0.5
verwickeln	neg 1.0		off 0.3602741371122388 __DUMMY__ 0.3308938468969642 neg 0.30883201599079707	false	0.5
vorwand	neg 1.0		off 0.3527231672108696 __DUMMY__ 0.3349584823219452 neg 0.31231835046718515	false	0.5
muschi	off 1.0		off 0.35842023373838067 __DUMMY__ 0.33411117867217655 neg 0.30746858758944284	false	1.0
entmutigung	neg 1.0		off 0.359727930533416 __DUMMY__ 0.3324509200151117 neg 0.3078211494514724	false	0.5
unangemessen	neg 1.0		off 0.3555976751857295 __DUMMY__ 0.33214943148729015 neg 0.3122528933269805	false	0.5
unstetig	neg 1.0		off 0.36170148652917233 __DUMMY__ 0.33223660725023196 neg 0.30606190622059565	false	0.5
entmutigen	neg 1.0		off 0.35992529389267974 __DUMMY__ 0.3330069509701747 neg 0.3070677551371457	false	0.5
schwanz	neg 1.0		off 0.3558391921869109 __DUMMY__ 0.33506423070021707 neg 0.3090965771128719	false	0.5
verbot	neg 1.0		off 0.35526873075426463 __DUMMY__ 0.3337756926895785 neg 0.31095557655615674	false	0.5
leid	neg 1.0		off 0.3697250184030962 __DUMMY__ 0.32804340223112605 neg 0.3022315793657779	false	0.5
archaisch	neg 1.0		off 0.3572209752678735 __DUMMY__ 0.33357265741847747 neg 0.309206367313649	false	0.5
gegen			off 0.3512658746400365 __DUMMY__ 0.33609905093610937 neg 0.3126350744238542	false	0.0
scheidung	neg 1.0		off 0.3823143236332638 __DUMMY__ 0.3272807315435157 neg 0.29040494482322043	false	0.5
einschlag	neg 1.0		off 0.3675059048090251 __DUMMY__ 0.3301791142821567 neg 0.30231498090881814	false	0.5
m			off 0.3568959663399365 __DUMMY__ 0.3348607527616831 neg 0.30824328089838043	false	0.0
abgestanden	neg 1.0		off 0.35927888898534305 __DUMMY__ 0.3324776963866947 neg 0.3082434146279622	false	0.5
schmierig	off 1.0		off 0.3699477662843432 __DUMMY__ 0.3294861136548072 neg 0.30056612006084965	false	1.0
unpraktisch	neg 1.0		off 0.3606070173038605 __DUMMY__ 0.3327588824109101 neg 0.3066341002852294	false	0.5
wixxer	off 1.0		off 0.37473650243188994 __DUMMY__ 0.3247542165094757 neg 0.3005092810586343	false	1.0
bezeichnet			off 0.357690376505176 __DUMMY__ 0.3318015384259134 neg 0.3105080850689104	false	0.0
jammerlappen	off 1.0		off 0.36444296608634114 __DUMMY__ 0.33169931808369024 neg 0.30385771582996873	false	1.0
farce	neg 1.0		off 0.35608233812647283 __DUMMY__ 0.33307144738604394 neg 0.3108462144874833	false	0.5
zwecklos	neg 1.0		off 0.3560033013405616 __DUMMY__ 0.3331453762706589 neg 0.3108513223887795	false	0.5
turbulent	neg 1.0		off 0.36567796665686714 __DUMMY__ 0.33049259002646986 neg 0.30382944331666284	false	0.5
invasion	neg 1.0		off 0.36069507706656867 __DUMMY__ 0.3321707103994227 neg 0.3071342125340085	false	0.5
schuld	neg 1.0		off 0.35935338737326883 __DUMMY__ 0.3320398333550308 neg 0.30860677927170044	false	0.5
risiko	neg 1.0	neg 1.0	neg 0.6382922801997668 off 0.1996261355448136 __DUMMY__ 0.16208158425541955	false	1.0
finster	neg 1.0		off 0.35936531767862695 __DUMMY__ 0.3315294310421834 neg 0.3091052512791896	false	0.5
geisteskrank	off 1.0		off 0.3644189354165849 __DUMMY__ 0.3286671671240052 neg 0.3069138974594099	false	1.0
zusammenbrechen	neg 1.0		off 0.35680152181250796 __DUMMY__ 0.3339269054427279 neg 0.309271572744764	false	0.5
ausbeute	neg 1.0		off 0.3581591842624275 __DUMMY__ 0.3382138980857116 neg 0.30362691765186084	false	0.5
hinterhalt	neg 1.0		off 0.3604242816232303 __DUMMY__ 0.3378119830234844 neg 0.3017637353532851	false	0.5
kritik	neg 1.0		off 0.35574893429940657 __DUMMY__ 0.33299835365149305 neg 0.31125271204910043	false	0.5
einschrumpfen	neg 1.0		off 0.36257083945317303 __DUMMY__ 0.3309794283004807 neg 0.3064497322463462	false	0.5
riskant	neg 1.0		off 0.3533780383936567 __DUMMY__ 0.3339716330526816 neg 0.31265032855366165	false	0.5
frustrieren	neg 1.0		off 0.3545392233328931 __DUMMY__ 0.3339008015392585 neg 0.31155997512784833	false	0.5
groll	neg 1.0		off 0.3554210962208179 __DUMMY__ 0.33321922428628803 neg 0.31135967949289417	false	0.5
gibt			off 0.3568916678814719 __DUMMY__ 0.3339606887647353 neg 0.3091476433537928	false	0.0
qualvoll	neg 1.0		off 0.3629379329293236 __DUMMY__ 0.3328510903572305 neg 0.30421097671344594	false	0.5
wackeln	neg 1.0		off 0.36121570165240285 __DUMMY__ 0.33461215960410046 neg 0.3041721387434968	false	0.5
klagen	neg 1.0		off 0.35087331785097636 __DUMMY__ 0.33548172433022344 neg 0.3136449578188002	false	0.5
bankrott	neg 1.0		off 0.3644757692280488 __DUMMY__ 0.3327179545951588 neg 0.30280627617679223	false	0.5
trauern	neg 1.0		off 0.35588470283130696 __DUMMY__ 0.33623236378206206 neg 0.30788293338663114	false	0.5
ablehnung	neg 1.0		off 0.3552689313981633 __DUMMY__ 0.3329176355159468 neg 0.31181343308588994	false	0.5
stur	neg 1.0		off 0.35939011503288343 __DUMMY__ 0.3318189016330169 neg 0.30879098333409954	false	0.5
aufruhr	neg 1.0		off 0.3577546949135497 __DUMMY__ 0.333855293520481 neg 0.3083900115659693	false	0.5
melancholie	neg 1.0		off 0.35597615639859304 __DUMMY__ 0.3348710253526965 neg 0.30915281824871044	false	0.5
ist			off 0.3609618435516741 __DUMMY__ 0.3325582859491211 neg 0.3064798704992049	false	0.0
torheit	neg 1.0		off 0.3592342326117006 __DUMMY__ 0.33320290264793345 neg 0.3075628647403659	false	0.5
dreckskind	off 1.0		off 0.37002608546815474 __DUMMY__ 0.3267518954865325 neg 0.30322201904531276	false	1.0
umtauschen	neg 1.0		off 0.35862199851646726 __DUMMY__ 0.33344893210380716 neg 0.30792906937972564	false	0.5
zum			off 0.35093404314127374 __DUMMY__ 0.33929807181060606 neg 0.30976788504812025	false	0.0
zersetzen	neg 1.0		off 0.3526462289189139 __DUMMY__ 0.33437424847897096 neg 0.31297952260211515	false	0.5
zur			off 0.34911646968983906 __DUMMY__ 0.338226842245476 neg 0.31265668806468494	false	0.0
frust	neg 1.0		off 0.3569399052241487 __DUMMY__ 0.33413651563138097 neg 0.30892357914447033	false	0.5
unerbittlichkeit	neg 1.0		off 0.35304940347081565 __DUMMY__ 0.3349265143552432 neg 0.3120240821739412	false	0.5
zwei			off 0.3516851589566044 __DUMMY__ 0.33837230063768836 neg 0.30994254040570723	false	0.0
unkorrekt	neg 1.0		off 0.3668808937605554 __DUMMY__ 0.3292125617617496 neg 0.3039065444776951	false	0.5
hexe	off 1.0		off 0.36338088357643933 __DUMMY__ 0.3297531216559964 neg 0.3068659947675642	false	1.0
lasch	neg 1.0		off 0.36186266284731805 __DUMMY__ 0.3302964675048293 neg 0.30784086964785273	false	0.5
rivale	neg 1.0		off 0.3667331553792384 __DUMMY__ 0.330412676181351 neg 0.3028541684394105	false	0.5
mutlos	off 1.0	off 1.0	off 0.6653791355096821 neg 0.17301006740744088 __DUMMY__ 0.16161079708287707	false	1.0
wirr	off 1.0		off 0.3678949903526591 __DUMMY__ 0.32891474586114 neg 0.30319026378620084	false	1.0
jahr			off 0.35524419452997075 __DUMMY__ 0.33851160378557466 neg 0.30624420168445443	false	0.0
wird			off 0.3554741013583016 __DUMMY__ 0.3340881255316396 neg 0.31043777311005877	false	0.0
strafbar	neg 1.0		off 0.35385811315423044 __DUMMY__ 0.3338348285857597 neg 0.31230705826000993	false	0.5
erosion	neg 1.0		off 0.3600243399748682 __DUMMY__ 0.3345938272993826 neg 0.3053818327257492	false	0.5
eingehen	neg 1.0		off 0.35402896542317996 __DUMMY__ 0.33368809741407546 neg 0.31228293716274463	false	0.5
faul	off 1.0		off 0.3641476066913532 __DUMMY__ 0.3323283084118927 neg 0.30352408489675403	false	1.0
provisorium	neg 1.0		off 0.3474383940355729 __DUMMY__ 0.3395929558979473 neg 0.31296865006647995	false	0.5
schmerzen	neg 1.0		off 0.35741151588717496 __DUMMY__ 0.33309089269247383 neg 0.3094975914203512	false	0.5
schrumpfen	neg 1.0		off 0.3479133080105372 __DUMMY__ 0.3361852541996344 neg 0.31590143778982843	false	0.5
geistlos	off 1.0		off 0.3601541221197439 __DUMMY__ 0.3301996656274379 neg 0.309646212252818	false	1.0
fehlkauf	neg 1.0		off 0.36176665514302697 __DUMMY__ 0.3335786001272868 neg 0.3046547447296863	false	0.5
frustrierend	neg 1.0		off 0.3629532676515304 __DUMMY__ 0.3315936483974941 neg 0.3054530839509755	false	0.5
unzufrieden	neg 1.0		off 0.3553225015646805 __DUMMY__ 0.3329149571923499 neg 0.3117625412429696	false	0.5
verzweifeln	neg 1.0		off 0.3576039675536512 __DUMMY__ 0.33343390176150695 neg 0.30896213068484174	false	0.5
verzweifelt	neg 1.0	neg 1.0	neg 0.6412532885187031 off 0.19842248818217814 __DUMMY__ 0.1603242232991188	false	1.0
misstrauensantrag	neg 1.0		off 0.3610642600079222 __DUMMY__ 0.33228806046827636 neg 0.3066476795238015	false	0.5
abfallen	neg 1.0		off 0.3609152517579347 __DUMMY__ 0.33416486429273967 neg 0.3049198839493257	false	0.5
fucker	off 1.0		off 0.3679279036599591 __DUMMY__ 0.33104168726008026 neg 0.3010304090799608	false	1.0
ungezogen	neg 1.0		off 0.37464369408030984 __DUMMY__ 0.32644121625490075 neg 0.29891508966478947	false	0.5
irrsinnig	neg 1.0	neg 1.0	neg 0.6408529772018694 off 0.19859206477533542 __DUMMY__ 0.16055495802279507	false	1.0
unfassbar	neg 1.0		off 0.36554958391806863 __DUMMY__ 0.33107885234578444 neg 0.303371563736147	false	0.5
hart	neg 1.0		off 0.36518434168625347 __DUMMY__ 0.3312001500590481 neg 0.3036155082546984	false	0.5
widerlich	off 1.0		off 0.36513003544814715 __DUMMY__ 0.3294964308820744 neg 0.3053735336697784	false	1.0
fatal	neg 1.0		off 0.36172917175883373 __DUMMY__ 0.332800264963033 neg 0.3054705632781332	false	0.5
bruch	neg 1.0		off 0.3514959898293148 __DUMMY__ 0.3356534545089038 neg 0.31285055566178155	false	0.5
aushungern	neg 1.0		off 0.3571913618437646 __DUMMY__ 0.3345819266325472 neg 0.3082267115236883	false	0.5
anspannung	neg 1.0		off 0.3503588531595844 __DUMMY__ 0.3385244727731917 neg 0.3111166740672238	false	0.5
von			off 0.3561164812021299 __DUMMY__ 0.33950069055398124 neg 0.3043828282438888	false	0.0
kraftlos	neg 1.0		off 0.3567748033104254 __DUMMY__ 0.33471047126257514 neg 0.3085147254269993	false	0.5
vom			off 0.3487365668330479 __DUMMY__ 0.3403189651848922 neg 0.31094446798206	false	0.0
grenzdebil	off 1.0		off 0.3662867897984198 __DUMMY__ 0.33132194679314786 neg 0.30239126340843236	false	1.0
vor			off 0.35326512465380205 __DUMMY__ 0.33668492081531154 neg 0.3100499545308863	false	0.0
unterwerfen	neg 1.0		off 0.35500091137587714 __DUMMY__ 0.3345855961761501 neg 0.31041349244797284	false	0.5
versenkung	neg 1.0		off 0.35567311863687384 __DUMMY__ 0.33532236092509027 neg 0.3090045204380358	false	0.5
entziehen	neg 1.0		off 0.35147469689242916 __DUMMY__ 0.33538235218878326 neg 0.3131429509187875	false	0.5
finanzkrise	neg 1.0		off 0.3569571905624967 __DUMMY__ 0.3328486163689522 neg 0.31019419306855106	false	0.5
schimpfend	neg 1.0		off 0.3612142334419324 __DUMMY__ 0.33261337267116287 neg 0.30617239388690476	false	0.5
profan	neg 1.0		off 0.36131094623736976 __DUMMY__ 0.3316009886411974 neg 0.3070880651214329	false	0.5
korruption	neg 1.0		off 0.3552423319022438 __DUMMY__ 0.33407905458063325 neg 0.3106786135171229	false	0.5
â			off 0.3569098099967197 __DUMMY__ 0.3356803610103305 neg 0.3074098289929498	false	0.0
schmutzig	neg 1.0		off 0.36718522794859637 __DUMMY__ 0.3316530569259661 neg 0.3011617151254375	false	0.5
sexy	neg 1.0		off 0.36348103465289683 __DUMMY__ 0.33268791989208585 neg 0.30383104545501727	false	0.5
abraten	neg 1.0		off 0.36107025323117203 __DUMMY__ 0.33244913352154576 neg 0.3064806132472822	false	0.5
schwarz	neg 1.0		off 0.3607455823203567 __DUMMY__ 0.3327975418213175 neg 0.30645687585832576	false	0.5
fotze	off 1.0	off 1.0	off 0.6673667260998356 neg 0.1703549642664965 __DUMMY__ 0.16227830963366804	false	1.0
verwirren	neg 1.0		off 0.36223898265682986 __DUMMY__ 0.33197488362766925 neg 0.30578613371550073	false	0.5
zahnlos	off 1.0		off 0.35654318651770517 __DUMMY__ 0.33305833431057935 neg 0.3103984791717156	false	1.0
verheeren	neg 1.0		off 0.3774194755057433 __DUMMY__ 0.3276761209655501 neg 0.2949044035287065	false	0.5
hippie	neg 1.0		off 0.36307125889164693 __DUMMY__ 0.33278561661061173 neg 0.3041431244977414	false	0.5
rammen	neg 1.0		off 0.36002506035468707 __DUMMY__ 0.3319547891847299 neg 0.3080201504605829	false	0.5
unlauter	neg 1.0		off 0.358242308572345 __DUMMY__ 0.3309460355246408 neg 0.3108116559030143	false	0.5
unheilvoll	neg 1.0		off 0.361699648967283 __DUMMY__ 0.33337107781136965 neg 0.30492927322134744	false	0.5
niedrig	neg 1.0		off 0.35282163137070616 __DUMMY__ 0.33374707933885833 neg 0.31343128929043557	false	0.5
explosion	neg 1.0		off 0.36221244851954304 __DUMMY__ 0.33253643327343624 neg 0.30525111820702083	false	0.5
weichei	off 1.0	off 1.0	off 0.6746973014016178 neg 0.16693859476857342 __DUMMY__ 0.15836410382980878	false	1.0
minusmensch	off 1.0		off 0.3724941483132481 __DUMMY__ 0.32599114482862634 neg 0.30151470685812537	false	1.0
farblos	neg 1.0		off 0.3594588332678957 __DUMMY__ 0.3343963705283575 neg 0.3061447962037468	false	0.5
unwissend	neg 1.0	neg 1.0	neg 0.6394193403196329 off 0.20090686985821188 __DUMMY__ 0.15967378982215513	false	1.0
traurig	neg 1.0		off 0.36815811377504604 __DUMMY__ 0.33014523725579903 neg 0.30169664896915493	false	0.5
senkung	neg 1.0		off 0.3604762488047938 __DUMMY__ 0.33065917291391905 neg 0.30886457828128716	false	0.5
ungleich	neg 1.0	neg 1.0	neg 0.6433747240874003 off 0.19496418980039895 __DUMMY__ 0.16166108611220073	false	1.0
heikel	neg 1.0		off 0.35312607609897606 __DUMMY__ 0.3337447205334318 neg 0.31312920336759203	false	0.5
drosselung	neg 1.0		off 0.36581190990597134 __DUMMY__ 0.33092818367977167 neg 0.30325990641425704	false	0.5
falsch	neg 1.0		off 0.3627418623219979 __DUMMY__ 0.3309762571450332 neg 0.3062818805329689	false	0.5
unzufriedenheit	neg 1.0		off 0.35232093798261777 __DUMMY__ 0.33518625498130494 neg 0.31249280703607724	false	0.5
kurz	neg 1.0		off 0.3583234393529733 __DUMMY__ 0.33510964628460177 neg 0.306566914362425	false	0.5
unsinnig	neg 1.0		off 0.3563134290092705 __DUMMY__ 0.3324306471613234 neg 0.31125592382940614	false	0.5
penner	off 1.0	off 1.0	off 0.6757578694058185 neg 0.16597428280496754 __DUMMY__ 0.15826784778921396	false	1.0
seicht	neg 1.0		off 0.3732678436138335 __DUMMY__ 0.3257347925950547 neg 0.30099736379111186	false	0.5
dummheit	off 1.0	off 1.0	off 0.6697420529110755 neg 0.170169872449114 __DUMMY__ 0.1600880746398105	false	1.0
unerfreulich	neg 1.0		off 0.3529880234277382 __DUMMY__ 0.3349041855357214 neg 0.3121077910365404	false	0.5
motherfucker	off 1.0	off 1.0	off 0.6728562166384249 neg 0.16712791451474837 __DUMMY__ 0.1600158688468268	false	1.0
pikiert	neg 1.0		off 0.36475423140423757 __DUMMY__ 0.3302781689571122 neg 0.3049675996386502	false	0.5
wrack	neg 1.0		off 0.35748867471527507 __DUMMY__ 0.3352355635967078 neg 0.307275761688017	false	0.5
gangster	neg 1.0		off 0.3631087731675319 __DUMMY__ 0.33272385433870194 neg 0.3041673724937662	false	0.5
krank	neg 1.0		off 0.3662253675861765 __DUMMY__ 0.3312609927763725 neg 0.3025136396374511	false	0.5
reich	neg 1.0		off 0.3660861484380652 __DUMMY__ 0.33292846234422313 neg 0.3009853892177118	false	0.5
gnadenlos	neg 1.0		off 0.35985311025039013 __DUMMY__ 0.3324922524986058 neg 0.307654637251004	false	0.5
niedergeschlagen	neg 1.0		off 0.357941834203552 __DUMMY__ 0.3344419540931921 neg 0.30761621170325604	false	0.5
terrorisieren	off 1.0	off 1.0	off 0.6661054045660525 neg 0.1716470215049885 __DUMMY__ 0.16224757392895905	false	1.0
sinnlosigkeit	neg 1.0		off 0.3562443257549238 __DUMMY__ 0.3334804890888158 neg 0.31027518515626046	false	0.5
behindern	neg 1.0		off 0.35852506423329916 __DUMMY__ 0.33405821721409107 neg 0.3074167185526098	false	0.5
undemokratisch	neg 1.0		off 0.35946844367783076 __DUMMY__ 0.3325170374490791 neg 0.3080145188730903	false	0.5
wirtschaftskrise	neg 1.0		off 0.3547891328792649 __DUMMY__ 0.33380470636816845 neg 0.3114061607525666	false	0.5
neid	neg 1.0		off 0.363742522110797 __DUMMY__ 0.33235833152429434 neg 0.3038991463649088	false	0.5
rutschen	neg 1.0		off 0.3520272271968971 __DUMMY__ 0.3389362122593786 neg 0.30903656054372436	false	0.5
rezession	neg 1.0		off 0.36594749206400273 __DUMMY__ 0.3269883969743473 neg 0.30706411096164987	false	0.5
fehlgeburt	neg 1.0		off 0.36171456509683697 __DUMMY__ 0.3335617316156736 neg 0.3047237032874894	false	0.5
charakterschwach	off 1.0		off 0.3649339800812516 __DUMMY__ 0.32960371954088385 neg 0.3054623003778646	false	1.0
isolation	neg 1.0		off 0.3630452031604839 __DUMMY__ 0.33209033548687183 neg 0.30486446135264433	false	0.5
ablenkung	neg 1.0		off 0.3593632926018106 __DUMMY__ 0.3337178720250205 neg 0.30691883537316894	false	0.5
pech	neg 1.0		off 0.3622807216931165 __DUMMY__ 0.3309925596801714 neg 0.3067267186267121	false	0.5
vermeidung	neg 1.0		off 0.36653622983482187 __DUMMY__ 0.33156678079109103 neg 0.30189698937408704	false	0.5
dominieren	neg 1.0		off 0.35530158762906816 __DUMMY__ 0.3352655282215479 neg 0.30943288414938397	false	0.5
schwindlig	neg 1.0		off 0.36211635309928036 __DUMMY__ 0.33324156266773597 neg 0.3046420842329837	false	0.5
lutscher	neg 1.0		off 0.3741908293362069 __DUMMY__ 0.32605574964446704 neg 0.299753421019326	false	0.5
pflicht	neg 1.0		off 0.3520622710723296 __DUMMY__ 0.33440464613897075 neg 0.31353308278869957	false	0.5
faschist	off 1.0		off 0.36244360741526965 __DUMMY__ 0.3319554975126975 neg 0.30560089507203286	false	1.0
verschleudern	neg 1.0		off 0.35298793020443436 __DUMMY__ 0.3337836034916254 neg 0.31322846630394025	false	0.5
wenn			off 0.3634446582106336 __DUMMY__ 0.3315440021491332 neg 0.3050113396402331	false	0.0
ehebruch	neg 1.0		off 0.3556552780096271 __DUMMY__ 0.3346001438881818 neg 0.30974457810219114	false	0.5
spott	off 1.0		off 0.35444259545348616 __DUMMY__ 0.33402260375437653 neg 0.3115348007921372	false	1.0
trostlosigkeit	neg 1.0		off 0.3533339915506743 __DUMMY__ 0.3366295112099798 neg 0.31003649723934595	false	0.5
lutschen	neg 1.0		off 0.3627485271872865 __DUMMY__ 0.3315116299436801 neg 0.3057398428690334	false	0.5
undiszipliniert	neg 1.0		off 0.3670721419028463 __DUMMY__ 0.3296985529334846 neg 0.30322930516366914	false	0.5
kopfschmerz	neg 1.0		off 0.3565195714619722 __DUMMY__ 0.33363230641506814 neg 0.3098481221229596	false	0.5
unvorhergesehen	neg 1.0		off 0.35541567857811385 __DUMMY__ 0.3368468094647998 neg 0.30773751195708643	false	0.5
desinteressiert	neg 1.0		off 0.3665690251567783 __DUMMY__ 0.329924365338784 neg 0.3035066095044377	false	0.5
armselig	off 1.0		off 0.36692419901591594 __DUMMY__ 0.32846189861754993 neg 0.30461390236653413	false	1.0
desaster	neg 1.0		off 0.3508427185325742 __DUMMY__ 0.33582464708244475 neg 0.31333263438498116	false	0.5
tod	neg 1.0		off 0.35856576174329985 __DUMMY__ 0.3374328467499198 neg 0.30400139150678024	false	0.5
herzlos	neg 1.0		off 0.3677396885201934 __DUMMY__ 0.32948299081113597 neg 0.3027773206686706	false	0.5
unwissenheit	neg 1.0		off 0.3558467288651267 __DUMMY__ 0.3335328781015508 neg 0.31062039303332245	false	0.5
widersinnig	neg 1.0		off 0.35442491760973527 __DUMMY__ 0.3317910845535652 neg 0.3137839978366995	false	0.5
bedenklich	neg 1.0		off 0.3544919458980255 __DUMMY__ 0.33343668656271047 neg 0.31207136753926396	false	0.5
beanstanden	neg 1.0		off 0.35192543673219506 __DUMMY__ 0.3348057174621618 neg 0.31326884580564307	false	0.5
panisch	neg 1.0	neg 1.0	neg 0.6375658418991387 off 0.2005917940890109 __DUMMY__ 0.16184236401185048	false	1.0
debil	off 1.0		off 0.3485144129608013 __DUMMY__ 0.3393470910208854 neg 0.31213849601831317	false	1.0
abstrich	neg 1.0		off 0.361509956330473 __DUMMY__ 0.337657061563693 neg 0.3008329821058339	false	0.5
primitiv	neg 1.0		off 0.36528614484197375 __DUMMY__ 0.32936091812184337 neg 0.30535293703618294	false	0.5
abschaum	off 1.0	off 1.0	off 0.6713475860571804 neg 0.16876090070577132 __DUMMY__ 0.15989151323704842	false	1.0
provozieren	neg 1.0		off 0.35887152790996957 __DUMMY__ 0.33163046721205075 neg 0.3094980048779797	false	0.5
tot	neg 1.0		off 0.356153105133365 __DUMMY__ 0.3341758228100688 neg 0.3096710720565661	false	0.5
instabil	neg 1.0		off 0.3668903948095795 __DUMMY__ 0.32929995432847414 neg 0.30380965086194645	false	0.5
schwuchtel	off 1.0	off 1.0	off 0.6786547449680116 neg 0.164910414024894 __DUMMY__ 0.15643484100709448	false	1.0
zerren	neg 1.0		off 0.3572077734139261 __DUMMY__ 0.33447527505792196 neg 0.30831695152815203	false	0.5
kinderficker	off 1.0		off 0.37077630851023136 __DUMMY__ 0.32872734570933804 neg 0.30049634578043066	false	1.0
gefahr	neg 1.0		off 0.3528233674038797 __DUMMY__ 0.3360438494328822 neg 0.311132783163238	false	0.5
rabiat	neg 1.0		off 0.3592159373380575 __DUMMY__ 0.3333932763046087 neg 0.30739078635733375	false	0.5
verlangsamung	neg 1.0		off 0.37120401076399073 __DUMMY__ 0.32659940631281487 neg 0.30219658292319435	false	0.5
ausgestorben	neg 1.0		off 0.3592229457619067 __DUMMY__ 0.3339403203704805 neg 0.30683673386761273	false	0.5
anklagen	neg 1.0		off 0.3557213426420304 __DUMMY__ 0.33428917905469674 neg 0.3099894783032728	false	0.5
trott	neg 1.0		off 0.35881736445240575 __DUMMY__ 0.3338715237956777 neg 0.30731111175191667	false	0.5
verminderung	neg 1.0		off 0.36627573689587745 __DUMMY__ 0.3306886605316887 neg 0.30303560257243367	false	0.5
nach			off 0.3503082664698803 __DUMMY__ 0.33890783927282925 neg 0.31078389425729064	false	0.0
rost	neg 1.0		off 0.3709565697765643 __DUMMY__ 0.3282675754242091 neg 0.3007758547992267	false	0.5
destruktiv	neg 1.0		off 0.35775211518961114 __DUMMY__ 0.33228354793877135 neg 0.30996433687161756	false	0.5
unzumutbarkeit	neg 1.0		off 0.36546154119984 __DUMMY__ 0.3318500706433897 neg 0.30268838815677035	false	0.5
labil	off 1.0	off 1.0	off 0.671087143919692 neg 0.1686149761765079 __DUMMY__ 0.16029787990380007	false	1.0
ziemlich	neg 1.0		off 0.36567076060014225 __DUMMY__ 0.33145723607917066 neg 0.30287200332068703	false	0.5
lachnummer	off 1.0		off 0.3585556679031971 __DUMMY__ 0.3321748189316924 neg 0.3092695131651106	false	1.0
oder			off 0.36026969168681333 __DUMMY__ 0.333506746804777 neg 0.30622356150840957	false	0.0
verfall	neg 1.0		off 0.3486995546687476 __DUMMY__ 0.3369700846630786 neg 0.3143303606681738	false	0.5
ausgrenzung	neg 1.0		off 0.3604003523559996 __DUMMY__ 0.3326035228141214 neg 0.306996124829879	false	0.5
unordnung	neg 1.0		off 0.3693117176437392 __DUMMY__ 0.33227449089731975 neg 0.2984137914589411	false	0.5
fehlverhalten	neg 1.0		off 0.3524294821497945 __DUMMY__ 0.3337976680588815 neg 0.31377284979132414	false	0.5
eine			off 0.3534810181328082 __DUMMY__ 0.3359985894900138 neg 0.31052039237717793	false	0.0
nille	neg 1.0		off 0.3591885327818765 __DUMMY__ 0.33442460585006406 neg 0.3063868613680594	false	0.5
qual	neg 1.0		off 0.3585002188944241 __DUMMY__ 0.3341355627781893 neg 0.30736421832738664	false	0.5
verschwenden	neg 1.0		off 0.35374490359722943 __DUMMY__ 0.33353687310985203 neg 0.31271822329291854	false	0.5
riesig	neg 1.0		off 0.35641242196440925 __DUMMY__ 0.33582101832525735 neg 0.3077665597103335	false	0.5
verurteilen	neg 1.0		off 0.3552780707909153 __DUMMY__ 0.333012447944361 neg 0.3117094812647236	false	0.5
klischee	neg 1.0	neg 1.0	neg 0.6398105658322585 off 0.20017736588827656 __DUMMY__ 0.16001206827946493	false	1.0
diktatorisch	neg 1.0		off 0.3593465674174161 __DUMMY__ 0.3320838932279975 neg 0.30856953935458636	false	0.5
vorhersehbar	neg 1.0		off 0.3610355383752485 __DUMMY__ 0.33045395832208385 neg 0.3085105033026677	false	0.5
sowie			off 0.3699750388755649 __DUMMY__ 0.3286820946955221 neg 0.30134286642891306	false	0.0
stornieren	neg 1.0		off 0.36333340666822667 __DUMMY__ 0.33538565823071637 neg 0.30128093510105697	false	0.5
besteuerung	neg 1.0		off 0.35798717295908894 __DUMMY__ 0.3310990060918697 neg 0.3109138209490414	false	0.5
ungeschminkt	neg 1.0		off 0.3646373797929491 __DUMMY__ 0.32893018940056973 neg 0.3064324308064812	false	0.5
kritisch	neg 1.0		off 0.3544248187765612 __DUMMY__ 0.3338115921280334 neg 0.31176358909540536	false	0.5
schlamperei	off 1.0		off 0.3537949969516807 __DUMMY__ 0.33519948291007223 neg 0.31100552013824717	false	1.0
sucht	neg 1.0	neg 1.0	neg 0.6355777724551464 off 0.2007413465975045 __DUMMY__ 0.16368088094734912	false	1.0
egoistisch	off 1.0		off 0.3698904432103536 __DUMMY__ 0.3273813154444134 neg 0.3027282413452329	false	1.0
ausbeuter	off 1.0		off 0.3520760392235072 __DUMMY__ 0.33336989361490854 neg 0.31455406716158424	false	1.0
arschgeburt	off 1.0		off 0.3770857195171244 __DUMMY__ 0.32360010603598716 neg 0.2993141744468885	false	1.0
schubs	neg 1.0		off 0.35682103546944366 __DUMMY__ 0.3338583174196151 neg 0.3093206471109414	false	0.5
unsolide	neg 1.0		off 0.35943320365149556 __DUMMY__ 0.3310583289585126 neg 0.3095084673899919	false	0.5
beschwerde	neg 1.0		off 0.35377745502686303 __DUMMY__ 0.33389369821655407 neg 0.31232884675658296	false	0.5
stocken	neg 1.0		off 0.354340685965609 __DUMMY__ 0.33522549900014076 neg 0.31043381503425027	false	0.5
isolieren	neg 1.0		off 0.355571886358863 __DUMMY__ 0.3342429179268111 neg 0.31018519571432596	false	0.5
unheilbar	neg 1.0		off 0.3599969187322241 __DUMMY__ 0.33393632833330505 neg 0.30606675293447083	false	0.5
pisser	off 1.0		off 0.36710569817051547 __DUMMY__ 0.3293346136101491 neg 0.3035596882193355	false	1.0
löschen	neg 1.0		off 0.3593919786767149 __DUMMY__ 0.3340044359647321 neg 0.3066035853585529	false	0.5
durchfallen	neg 1.0		off 0.3542698833746993 __DUMMY__ 0.3325553646679376 neg 0.31317475195736305	false	0.5
wichser	off 1.0	off 1.0	off 0.6775101127757945 neg 0.16494450460402457 __DUMMY__ 0.15754538262018086	false	1.0
terror	neg 1.0		off 0.3627396213719202 __DUMMY__ 0.33280519069462544 neg 0.3044551879334544	false	0.5
krass	neg 1.0		off 0.36830372220868546 __DUMMY__ 0.3289518099307603 neg 0.3027444678605543	false	0.5
revolte	neg 1.0		off 0.36120431708304934 __DUMMY__ 0.3327556644983821 neg 0.30604001841856837	false	0.5
besorgt	neg 1.0		off 0.3591178543873126 __DUMMY__ 0.3364160756295027 neg 0.30446606998318476	false	0.5
nachlassen	neg 1.0		off 0.35551569541259365 __DUMMY__ 0.3365783168176615 neg 0.3079059877697448	false	0.5
alt	neg 1.0		off 0.35642798783981705 __DUMMY__ 0.33426277267113474 neg 0.3093092394890483	false	0.5
hundesohn	off 1.0		off 0.37447558391050734 __DUMMY__ 0.32631411275271904 neg 0.29921030333677356	false	1.0
als			off 0.35642131859354015 __DUMMY__ 0.3337867492329182 neg 0.30979193217354173	false	0.0
abschreckung	neg 1.0		off 0.352182820300004 __DUMMY__ 0.3353719799448273 neg 0.3124451997551687	false	0.5
unqualifiziert	neg 1.0		off 0.3617559828774562 __DUMMY__ 0.32994779031860644 neg 0.30829622680393726	false	0.5
abgewichst	off 1.0		off 0.35846625286964134 __DUMMY__ 0.3346576513485106 neg 0.3068760957818481	false	1.0
schwer	neg 1.0		off 0.3577741412758654 __DUMMY__ 0.33281991769348335 neg 0.3094059410306512	false	0.5
bedeutungslosigkeit	neg 1.0		off 0.35289500273531416 __DUMMY__ 0.334584297578759 neg 0.31252069968592683	false	0.5
kapitulation	neg 1.0		off 0.3549285592137056 __DUMMY__ 0.3348473740639101 neg 0.3102240667223844	false	0.5
unscharf	neg 1.0		off 0.36084346612525725 __DUMMY__ 0.3311780503354934 neg 0.3079784835392493	false	0.5
schwinden	neg 1.0		off 0.353672909355982 __DUMMY__ 0.33582712388925123 neg 0.3104999667547668	false	0.5
versklavung	neg 1.0		off 0.3603024107682865 __DUMMY__ 0.3337357249692285 neg 0.305961864262485	false	0.5
schlecht	neg 1.0		off 0.3658404811255796 __DUMMY__ 0.331426113582112 neg 0.30273340529230847	false	0.5
verhasst	neg 1.0		off 0.35899734463568334 __DUMMY__ 0.33086971910437 neg 0.31013293625994665	false	0.5
beschweren	neg 1.0		off 0.36086972364919057 __DUMMY__ 0.3322638496039042 neg 0.30686642674690523	false	0.5
scheiden	neg 1.0		off 0.35982239088230517 __DUMMY__ 0.3344539619805484 neg 0.30572364713714656	false	0.5
frustriert	neg 1.0		off 0.35678326330369353 __DUMMY__ 0.3330651019802743 neg 0.3101516347160321	false	0.5
schimmelig	neg 1.0		off 0.35492506856468803 __DUMMY__ 0.3328468027280518 neg 0.31222812870726013	false	0.5
fisch	neg 1.0		off 0.3521554129346344 __DUMMY__ 0.3342890852956798 neg 0.31355550176968583	false	0.5
schmuggel	neg 1.0		off 0.354196483232965 __DUMMY__ 0.3353078330168705 neg 0.31049568375016456	false	0.5
auffallen	neg 1.0		off 0.36176233745645087 __DUMMY__ 0.3320116917744434 neg 0.30622597076910585	false	0.5
konkurrenz	neg 1.0		off 0.35175559687193364 __DUMMY__ 0.33549251648734285 neg 0.31275188664072356	false	0.5
teufelskreis	neg 1.0		off 0.3578490662774755 __DUMMY__ 0.33265328429927693 neg 0.3094976494232476	false	0.5
aufschreien	neg 1.0		off 0.3613277366938368 __DUMMY__ 0.33130390411351524 neg 0.30736835919264816	false	0.5
schuldner	neg 1.0		off 0.3518763367954196 __DUMMY__ 0.33415694414818636 neg 0.31396671905639395	false	0.5
missgeburt	off 1.0	off 1.0	off 0.6749488505722878 neg 0.16695398903334965 __DUMMY__ 0.15809716039436253	false	1.0
arbeitslos	neg 1.0		off 0.3545659165553894 __DUMMY__ 0.332382686845094 neg 0.3130513965995167	false	0.5
befallen	neg 1.0		off 0.3586431520686825 __DUMMY__ 0.33520714233002347 neg 0.306149705601294	false	0.5
miesepetrig	off 1.0	off 1.0	off 0.6716719254617705 neg 0.1681923136973761 __DUMMY__ 0.1601357608408534	false	1.0
alarmieren	neg 1.0		off 0.3631384649380296 __DUMMY__ 0.3310166092490934 neg 0.3058449258128772	false	0.5
ungeduscht	off 1.0		off 0.36294588799745586 __DUMMY__ 0.3306529143359945 neg 0.3064011976665496	false	1.0
knappheit	neg 1.0		off 0.35408755584342944 __DUMMY__ 0.33257769373154306 neg 0.3133347504250274	false	0.5
schlange	neg 1.0		off 0.36225977022133843 __DUMMY__ 0.3346618193158759 neg 0.3030784104627857	false	0.5
harsch	neg 1.0		off 0.3712170527148746 __DUMMY__ 0.3309611581604757 neg 0.29782178912464957	false	0.5
lang	neg 1.0		off 0.36042858262670907 __DUMMY__ 0.3338312930020646 neg 0.3057401243712263	false	0.5
ziellos	neg 1.0		off 0.35606669938349245 __DUMMY__ 0.33528568955453 neg 0.30864761106197774	false	0.5
selbstverliebt	neg 1.0		off 0.3750240547175166 __DUMMY__ 0.32481127772820584 neg 0.3001646675542775	false	0.5
beseitigen	neg 1.0		off 0.3580425709145275 __DUMMY__ 0.33467765553658013 neg 0.30727977354889235	false	0.5
dumm	off 1.0		off 0.37110473356894763 __DUMMY__ 0.3276736719896319 neg 0.3012215944414205	false	1.0
arbeitsloser	neg 1.0		off 0.35558040682836967 __DUMMY__ 0.3337152249677811 neg 0.3107043682038492	false	0.5
blitzen	neg 1.0		off 0.36287284304698136 __DUMMY__ 0.3326909751058808 neg 0.3044361818471379	false	0.5
hilflos	neg 1.0		off 0.3565227513587396 __DUMMY__ 0.3334282822710305 neg 0.3100489663702299	false	0.5
eklig	off 1.0		off 0.3711554840723003 __DUMMY__ 0.32660182413097805 neg 0.30224269179672164	false	1.0
begriff			off 0.3577286455063125 __DUMMY__ 0.33304484858119215 neg 0.3092265059124952	false	0.0
hungersnot	neg 1.0		off 0.3571642934968303 __DUMMY__ 0.3352828267079968 neg 0.30755287979517276	false	0.5
ungesetzlich	neg 1.0		off 0.35767967031394055 __DUMMY__ 0.3306815161599566 neg 0.3116388135261027	false	0.5
verschwendung	neg 1.0		off 0.3540499427808024 __DUMMY__ 0.3346746645199668 neg 0.31127539269923077	false	0.5
schmerzvoll	neg 1.0		off 0.3609919337859224 __DUMMY__ 0.33280655062461373 neg 0.3062015155894638	false	0.5
vorzeitig	neg 1.0		off 0.3627043662395671 __DUMMY__ 0.33299801189522993 neg 0.3042976218652031	false	0.5
unvollkommenheit	neg 1.0		off 0.3577150699860231 __DUMMY__ 0.33651149496811483 neg 0.3057734350458622	false	0.5
intervenieren	neg 1.0		off 0.35304389757995275 __DUMMY__ 0.33384427507293857 neg 0.3131118273471086	false	0.5
banause	off 1.0		off 0.3731108952668738 __DUMMY__ 0.32476456475604853 neg 0.3021245399770777	false	1.0
rebell	neg 1.0		off 0.35024198162615766 __DUMMY__ 0.33601566321293536 neg 0.313742355160907	false	0.5
unlogisch	neg 1.0		off 0.36665207182731324 __DUMMY__ 0.32851301878953004 neg 0.3048349093831567	false	0.5
leiden	neg 1.0		off 0.3538283954392566 __DUMMY__ 0.33603825959748007 neg 0.31013334496326334	false	0.5
abschaffung	neg 1.0		off 0.35868945859920237 __DUMMY__ 0.33263415326177287 neg 0.30867638813902487	false	0.5
sturz	neg 1.0		off 0.36001415224420286 __DUMMY__ 0.33452241275462585 neg 0.30546343500117124	false	0.5
verkleinerung	neg 1.0		off 0.36002193804484217 __DUMMY__ 0.32978235456411403 neg 0.31019570739104385	false	0.5
schmarotzer	off 1.0		off 0.35491698328337234 __DUMMY__ 0.3315440644406901 neg 0.3135389522759377	false	1.0
bestrafung	neg 1.0		off 0.3604368982754593 __DUMMY__ 0.3332970014245847 neg 0.30626610029995605	false	0.5
achtlos	neg 1.0	neg 1.0	neg 0.6400221677498829 off 0.19818221785231196 __DUMMY__ 0.16179561439780518	false	1.0
ungeheuer	neg 1.0		off 0.3622772089230249 __DUMMY__ 0.3331320291824568 neg 0.3045907618945182	false	0.5
unaufrichtig	neg 1.0		off 0.36316335858547866 __DUMMY__ 0.3333022394482197 neg 0.3035344019663016	false	0.5
groggy	neg 1.0		off 0.3627598800521456 __DUMMY__ 0.3327834629311438 neg 0.30445665701671076	false	0.5
verletzlich	neg 1.0		off 0.3648741982340038 __DUMMY__ 0.3296320838816237 neg 0.30549371788437246	false	0.5
ablehnen	neg 1.0		off 0.3550857768329581 __DUMMY__ 0.3335109961628175 neg 0.31140322700422446	false	0.5
