unsolidarisch	neg 1.0		__DUMMY__ 0.4717152911015075 off 0.2818305243463006 neg 0.2464541845521918	false	0.5
nachteilig	neg 1.0		__DUMMY__ 0.47581310726840925 off 0.2780089038856307 neg 0.24617798884596	false	0.5
skeptisch	neg 1.0		__DUMMY__ 0.4760726820424181 off 0.2773744730404577 neg 0.24655284491712418	false	0.5
schrecklich	neg 1.0		__DUMMY__ 0.46914370065498473 off 0.29355136521422354 neg 0.23730493413079182	false	0.5
schlapp	neg 1.0		__DUMMY__ 0.47165772047052223 off 0.2893332023592237 neg 0.2390090771702541	false	0.5
abfall	neg 1.0		__DUMMY__ 0.4796828645402285 off 0.27432670361978745 neg 0.24599043183998415	false	0.5
widerspenstig	neg 1.0		__DUMMY__ 0.47455245881710184 off 0.28363627596098956 neg 0.2418112652219085	false	0.5
abrupt	neg 1.0		__DUMMY__ 0.47850673971574065 off 0.2794922710584485 neg 0.2420009892258108	false	0.5
unwirksam	neg 1.0		__DUMMY__ 0.4707299377880117 off 0.2813831567397546 neg 0.2478869054722337	false	0.5
angreifen	neg 1.0		__DUMMY__ 0.47630593503173535 off 0.2774564283216145 neg 0.24623763664665013	false	0.5
inkonsistent	neg 1.0		__DUMMY__ 0.4732839702664643 off 0.28413570744983924 neg 0.24258032228369644	false	0.5
abrutschen	neg 1.0		__DUMMY__ 0.47768574419847315 off 0.2740590261425537 neg 0.24825522965897306	false	0.5
unsicher	neg 1.0		__DUMMY__ 0.4750061274550031 off 0.28332448952541495 neg 0.24166938301958207	false	0.5
bauernkind	off 1.0	off 1.0	off 0.636026622288506 __DUMMY__ 0.22523724590383176 neg 0.1387361318076622	false	1.0
angreifer	neg 1.0	neg 1.0	neg 0.6055280570266435 __DUMMY__ 0.23205743087189848 off 0.162414512101458	false	1.0
trennen	neg 1.0		__DUMMY__ 0.47876976168588087 off 0.27810734046892127 neg 0.24312289784519797	false	0.5
schmutz	neg 1.0		__DUMMY__ 0.4782288300979893 off 0.2870716045749768 neg 0.23469956532703393	false	0.5
inkonsistenz	neg 1.0		__DUMMY__ 0.46747106438884156 off 0.2874335907698654 neg 0.24509534484129317	false	0.5
erschreckend	neg 1.0		__DUMMY__ 0.47356359066262277 off 0.28184423213267296 neg 0.24459217720470441	false	0.5
ertrinken	neg 1.0		__DUMMY__ 0.47772467232951843 off 0.27871879144372874 neg 0.24355653622675288	false	0.5
pickelface	off 1.0		__DUMMY__ 0.4756700002582633 off 0.2825582710792646 neg 0.24177172866247204	false	1.0
seiner			__DUMMY__ 0.47664497034644654 off 0.2780600575786683 neg 0.24529497207488501	false	0.0
lauch	neg 1.0		__DUMMY__ 0.4794310445701443 off 0.2755190346225042 neg 0.24504992080735152	false	0.5
unwichtig	neg 1.0		__DUMMY__ 0.47027452357023336 off 0.288133138579258 neg 0.24159233785050865	false	0.5
steuerhinterziehung	neg 1.0	neg 1.0	neg 0.60963824037575 __DUMMY__ 0.23146072507576476 off 0.15890103454848523	false	1.0
schock	neg 1.0		__DUMMY__ 0.4758217821549822 off 0.2826647288883338 neg 0.24151348895668406	false	0.5
beule	neg 1.0		__DUMMY__ 0.470920499952245 off 0.2903936513683262 neg 0.23868584867942888	false	0.5
vergelten	neg 1.0		__DUMMY__ 0.47180484008237605 off 0.29304289063337585 neg 0.23515226928424798	false	0.5
verdorbenheit	neg 1.0		__DUMMY__ 0.47634501686934944 off 0.2848539378865161 neg 0.23880104524413456	false	0.5
trauma	neg 1.0		__DUMMY__ 0.47431233276926477 off 0.28449196911153773 neg 0.24119569811919758	false	0.5
sinnlos	neg 1.0		__DUMMY__ 0.4733902050995967 off 0.2858226219192017 neg 0.24078717298120159	false	0.5
fettsack	off 1.0	off 1.0	off 0.6372137576148347 __DUMMY__ 0.22608663102582893 neg 0.1366996113593363	false	1.0
feige	off 1.0	off 1.0	off 0.6337746770691187 __DUMMY__ 0.2284118235187193 neg 0.13781349941216203	false	1.0
abdanken	neg 1.0		__DUMMY__ 0.474885041981705 off 0.28252537923813253 neg 0.24258957878016243	false	0.5
wichtigtuer	off 1.0	off 1.0	off 0.6322866509678124 __DUMMY__ 0.22947698311324385 neg 0.13823636591894375	false	1.0
misslingen	neg 1.0		__DUMMY__ 0.477785328558138 off 0.28520570888524466 neg 0.23700896255661733	false	0.5
untreu	off 1.0		__DUMMY__ 0.4709700406243423 off 0.28914851122290713 neg 0.2398814481527506	false	1.0
missmutig	neg 1.0		__DUMMY__ 0.47248455164330294 off 0.2888531488369235 neg 0.23866229951977375	false	0.5
hurenbock	off 1.0		__DUMMY__ 0.4757640003359887 off 0.28648328754263835 neg 0.23775271212137297	false	1.0
betrunken	neg 1.0		__DUMMY__ 0.47097556392694895 off 0.29135481065252355 neg 0.23766962542052741	false	0.5
korrupt	off 1.0		__DUMMY__ 0.4727523532312687 off 0.27927401932398577 neg 0.24797362744474555	false	1.0
unmut	neg 1.0		__DUMMY__ 0.4782642690766306 off 0.27443720657666737 neg 0.24729852434670208	false	0.5
hackfresse	off 1.0		__DUMMY__ 0.466183409116603 off 0.29713082919989886 neg 0.2366857616834983	false	1.0
aufblasen	neg 1.0		__DUMMY__ 0.4744570080406534 off 0.2857751383302829 neg 0.23976785362906367	false	0.5
gewaltsam	neg 1.0		__DUMMY__ 0.47622434045596757 off 0.28204730124326843 neg 0.24172835830076397	false	0.5
unbeliebtheit	neg 1.0		__DUMMY__ 0.4694202148484398 off 0.28652978812983926 neg 0.24404999702172084	false	0.5
sturheit	neg 1.0		__DUMMY__ 0.4742214102549816 off 0.28136452088042807 neg 0.24441406886459036	false	0.5
kuh	neg 1.0		__DUMMY__ 0.4690133208513095 off 0.2843192118193293 neg 0.24666746732936112	false	0.5
erschrecken	neg 1.0		__DUMMY__ 0.47332398384433827 off 0.28879598767213305 neg 0.23788002848352868	false	0.5
opfer	neg 1.0		__DUMMY__ 0.47624829066621827 off 0.2793666942045328 neg 0.24438501512924898	false	0.5
sinken	neg 1.0		__DUMMY__ 0.47868507724388126 off 0.27544746756468724 neg 0.24586745519143147	false	0.5
stinktier	neg 1.0		__DUMMY__ 0.4643151419493751 off 0.29254922828429125 neg 0.24313562976633357	false	0.5
tucke	off 1.0		__DUMMY__ 0.4653344590590796 off 0.29841214602384014 neg 0.23625339491708017	false	1.0
ein			__DUMMY__ 0.4738375669181116 off 0.2844178834867071 neg 0.24174454959518124	false	0.0
abstieg	neg 1.0		__DUMMY__ 0.4767182665906405 off 0.27809913600082015 neg 0.24518259740853937	false	0.5
missverstehen	neg 1.0		__DUMMY__ 0.47055226365606095 off 0.2856833288829083 neg 0.24376440746103067	false	0.5
ergebnislos	neg 1.0		__DUMMY__ 0.4768878624561669 off 0.2777462395731658 neg 0.24536589797066727	false	0.5
unter			__DUMMY__ 0.4828034356478244 off 0.26995252603146486 neg 0.24724403832071054	false	0.0
manipulieren	neg 1.0		__DUMMY__ 0.47746906166616265 off 0.27749453674633484 neg 0.24503640158750262	false	0.5
unbewiesen	neg 1.0		__DUMMY__ 0.4710592409226192 off 0.28151731483027276 neg 0.24742344424710813	false	0.5
verschleppen	neg 1.0		__DUMMY__ 0.4752069222571977 off 0.27931250757980086 neg 0.2454805701630015	false	0.5
weib	off 1.0		__DUMMY__ 0.4635352337253027 off 0.29700403935933967 neg 0.23946072691535775	false	1.0
opposition	neg 1.0		__DUMMY__ 0.47218483857632726 off 0.284369012320957 neg 0.24344614910271586	false	0.5
verkehrswidrig	neg 1.0		__DUMMY__ 0.47241164229094346 off 0.29472650326073174 neg 0.2328618544483247	false	0.5
inkorrekt	neg 1.0		__DUMMY__ 0.4676285655539226 off 0.2919554463322852 neg 0.24041598811379225	false	0.5
vermeiden	neg 1.0		__DUMMY__ 0.47955555488574014 off 0.27283573872179034 neg 0.24760870639246949	false	0.5
abweichung	neg 1.0		__DUMMY__ 0.4750689832805941 off 0.2786436761318288 neg 0.24628734058757704	false	0.5
alkoholisiert	neg 1.0		__DUMMY__ 0.4772913533673269 off 0.27843042355761694 neg 0.24427822307505617	false	0.5
scheiss	off 1.0	off 1.0	off 0.6344328100612767 __DUMMY__ 0.22903770690797481 neg 0.13652948303074844	false	1.0
herausforderung	neg 1.0		__DUMMY__ 0.47721675611933123 off 0.2778063499127103 neg 0.24497689396795858	false	0.5
pervers	off 1.0		__DUMMY__ 0.4639416046885479 off 0.3007789288559096 neg 0.2352794664555425	false	1.0
wackelig	neg 1.0		__DUMMY__ 0.4777116048601238 off 0.281948465890108 neg 0.2403399292497682	false	0.5
verwickeln	neg 1.0		__DUMMY__ 0.47092720996006726 off 0.2851130753874583 neg 0.24395971465247443	false	0.5
vorwand	neg 1.0		__DUMMY__ 0.4765322943105516 off 0.2769238223837889 neg 0.2465438833056595	false	0.5
muschi	off 1.0		__DUMMY__ 0.47537775598549814 off 0.28260184761158047 neg 0.2420203964029214	false	1.0
entmutigung	neg 1.0		__DUMMY__ 0.47310144735391096 off 0.2842546653971472 neg 0.24264388724894198	false	0.5
unangemessen	neg 1.0		__DUMMY__ 0.47265328413759566 off 0.28032480447797464 neg 0.24702191138442964	false	0.5
unstetig	neg 1.0		__DUMMY__ 0.4728485882002023 off 0.28612756604111944 neg 0.24102384575867822	false	0.5
entmutigen	neg 1.0		__DUMMY__ 0.47386106481991486 off 0.28429763778512507 neg 0.2418412973949601	false	0.5
schwanz	neg 1.0		__DUMMY__ 0.4767090614501065 off 0.2798652008166758 neg 0.2434257377332177	false	0.5
verbot	neg 1.0		__DUMMY__ 0.47491587615134095 off 0.27965772307373593 neg 0.24542640077492311	false	0.5
leid	neg 1.0		__DUMMY__ 0.4670232801010124 off 0.29483833287648525 neg 0.23813838702250223	false	0.5
archaisch	neg 1.0		__DUMMY__ 0.4746340717735773 off 0.28156524720253556 neg 0.24380068102388722	false	0.5
gegen			__DUMMY__ 0.4781132348163524 off 0.2752725252030493 neg 0.2466142399805983	false	0.0
scheidung	neg 1.0		__DUMMY__ 0.46601124090870616 off 0.30722726053111277 neg 0.22676149856018102	false	0.5
einschlag	neg 1.0		__DUMMY__ 0.4699798717172218 off 0.29222868915166095 neg 0.23779143913111728	false	0.5
m			__DUMMY__ 0.4763941262622788 off 0.2809482668966833 neg 0.24265760684103788	false	0.0
abgestanden	neg 1.0		__DUMMY__ 0.47317664481559374 off 0.28368563468699576 neg 0.24313772049741045	false	0.5
schmierig	off 1.0		__DUMMY__ 0.46901729541987536 off 0.2947424139678787 neg 0.23624029061224602	false	1.0
unpraktisch	neg 1.0		__DUMMY__ 0.47352823058953764 off 0.28496986737580254 neg 0.24150190203465977	false	0.5
wixxer	off 1.0		__DUMMY__ 0.4624853341567156 off 0.3004090040553986 neg 0.2371056617878857	false	1.0
bezeichnet			__DUMMY__ 0.4721734409701381 off 0.28241968839658443 neg 0.2454068706332775	false	0.0
jammerlappen	off 1.0		__DUMMY__ 0.47204717412982256 off 0.28895993519366453 neg 0.23899289067651291	false	1.0
farce	neg 1.0		__DUMMY__ 0.4739471791744032 off 0.2805918458443306 neg 0.2454609749812662	false	0.5
zwecklos	neg 1.0		__DUMMY__ 0.4740265964375508 off 0.28049458003988337 neg 0.2454788235225658	false	0.5
turbulent	neg 1.0		__DUMMY__ 0.4704437650184625 off 0.29036822545550706 neg 0.23918800952603037	false	0.5
invasion	neg 1.0		__DUMMY__ 0.47268801020852885 off 0.28521770412079445 neg 0.24209428567067684	false	0.5
schuld	neg 1.0		__DUMMY__ 0.47250093860686715 off 0.2839728667757232 neg 0.24352619461740968	false	0.5
risiko	neg 1.0	neg 1.0	neg 0.6057446349277174 __DUMMY__ 0.23229442365963507 off 0.1619609414126475	false	1.0
finster	neg 1.0		__DUMMY__ 0.4718460813245973 off 0.2839998073817856 neg 0.24415411129361717	false	0.5
geisteskrank	off 1.0		__DUMMY__ 0.46785766892475866 off 0.2896059666314989 neg 0.24253636444374252	false	1.0
zusammenbrechen	neg 1.0		__DUMMY__ 0.4751079484204553 off 0.28108375474013503 neg 0.2438082968394095	false	0.5
ausbeute	neg 1.0		__DUMMY__ 0.4810935632354272 off 0.2813901855635661 neg 0.23751625120100675	false	0.5
hinterhalt	neg 1.0		__DUMMY__ 0.4805496576199003 off 0.2836853337767579 neg 0.23576500860334182	false	0.5
kritik	neg 1.0		__DUMMY__ 0.47384271558640706 off 0.2802887207666756 neg 0.24586856364691725	false	0.5
einschrumpfen	neg 1.0		__DUMMY__ 0.471060770058788 off 0.28729705988066073 neg 0.24164217006055122	false	0.5
riskant	neg 1.0		__DUMMY__ 0.4751628304339385 off 0.27776674997777956 neg 0.24707041958828202	false	0.5
frustrieren	neg 1.0		__DUMMY__ 0.47506993841999656 off 0.2789072353805486 neg 0.24602282619945476	false	0.5
groll	neg 1.0		__DUMMY__ 0.474134394810769 off 0.2799143218674921 neg 0.24595128332173885	false	0.5
gibt			__DUMMY__ 0.47515161976761927 off 0.2811730442536636 neg 0.24367533597871702	false	0.0
qualvoll	neg 1.0		__DUMMY__ 0.4736546675236383 off 0.2872243352858512 neg 0.23912099719051044	false	0.5
wackeln	neg 1.0		__DUMMY__ 0.4760781891484087 off 0.2851814813610688 neg 0.23874032949052237	false	0.5
klagen	neg 1.0		__DUMMY__ 0.4772663384715411 off 0.27502032328418036 neg 0.24771333824427857	false	0.5
bankrott	neg 1.0		__DUMMY__ 0.4734628036407942 off 0.2887315017172707 neg 0.2378056946419352	false	0.5
trauern	neg 1.0		__DUMMY__ 0.4783161559407535 off 0.2796902759135708 neg 0.2419935681456756	false	0.5
ablehnung	neg 1.0		__DUMMY__ 0.4737279594637178 off 0.27984751585253076 neg 0.24642452468375153	false	0.5
stur	neg 1.0		__DUMMY__ 0.47220055472614925 off 0.28405137577676765 neg 0.24374806949708308	false	0.5
aufruhr	neg 1.0		__DUMMY__ 0.4750367346293718 off 0.2820182688510541 neg 0.2429449965195742	false	0.5
melancholie	neg 1.0		__DUMMY__ 0.47645268799908863 off 0.28001261057035354 neg 0.24353470143055783	false	0.5
ist			__DUMMY__ 0.4732267185605441 off 0.2854006746532209 neg 0.24137260678623498	false	0.0
torheit	neg 1.0		__DUMMY__ 0.47413937225402014 off 0.2836041607221959 neg 0.2422564670237839	false	0.5
dreckskind	off 1.0		__DUMMY__ 0.46523729668046654 off 0.2954174733871446 neg 0.23934522993238877	false	1.0
umtauschen	neg 1.0		__DUMMY__ 0.47449089625788293 off 0.2828706213081177 neg 0.24263848243399924	false	0.5
zum			__DUMMY__ 0.48255501634750547 off 0.274187541630718 neg 0.24325744202177646	false	0.0
zersetzen	neg 1.0		__DUMMY__ 0.4757293471630033 off 0.2769725393420444 neg 0.2472981134949522	false	0.5
zur			__DUMMY__ 0.48106168006736827 off 0.27270048314845874 neg 0.24623783678417302	false	0.0
frust	neg 1.0		__DUMMY__ 0.4753967399836153 off 0.28117939093035166 neg 0.24342386908603292	false	0.5
unerbittlichkeit	neg 1.0		__DUMMY__ 0.47649655681749853 off 0.277242773745841 neg 0.2462606694366604	false	0.5
zwei			__DUMMY__ 0.4812698000405606 off 0.2751119011770301 neg 0.2436182987824092	false	0.0
unkorrekt	neg 1.0		__DUMMY__ 0.468646407442565 off 0.29185429234381816 neg 0.23949930021361684	false	0.5
hexe	off 1.0		__DUMMY__ 0.46940086074214954 off 0.2882886922337036 neg 0.24231044702414684	false	1.0
lasch	neg 1.0		__DUMMY__ 0.4701113179496098 off 0.2867785169238547 neg 0.24311016512653547	false	0.5
rivale	neg 1.0		__DUMMY__ 0.47030458059077074 off 0.2914181197198535 neg 0.23827729968937586	false	0.5
mutlos	off 1.0	off 1.0	off 0.6278564647959235 __DUMMY__ 0.23160548589271682 neg 0.1405380493113598	false	1.0
wirr	off 1.0		__DUMMY__ 0.46824028691065395 off 0.29288409235747326 neg 0.2388756207318728	false	1.0
jahr			__DUMMY__ 0.48148643491145315 off 0.27852092901040537 neg 0.23999263607814156	false	0.0
wird			__DUMMY__ 0.47532911572266523 off 0.2797573278512873 neg 0.2449135564260474	false	0.0
strafbar	neg 1.0		__DUMMY__ 0.47498934624604566 off 0.2782742014186129 neg 0.24673645233534133	false	0.5
erosion	neg 1.0		__DUMMY__ 0.47604092277296317 off 0.28402879067053666 neg 0.23993028655650028	false	0.5
eingehen	neg 1.0		__DUMMY__ 0.47477477821615466 off 0.27846179011690303 neg 0.2467634316669422	false	0.5
faul	off 1.0		__DUMMY__ 0.47294277340858215 off 0.2884868606053954 neg 0.23857036598602233	false	1.0
provisorium	neg 1.0		__DUMMY__ 0.48295201808492616 off 0.2707435615412556 neg 0.24630442037381808	false	0.5
schmerzen	neg 1.0		__DUMMY__ 0.47399629851132014 off 0.2817766557190486 neg 0.24422704576963125	false	0.5
schrumpfen	neg 1.0		__DUMMY__ 0.478239855385051 off 0.27198444497263496 neg 0.24977569964231405	false	0.5
geistlos	off 1.0		__DUMMY__ 0.46998147204015855 off 0.28515887862611045 neg 0.24485964933373108	false	1.0
fehlkauf	neg 1.0		__DUMMY__ 0.4746414296808354 off 0.28595599647760683 neg 0.2394025738415577	false	0.5
frustrierend	neg 1.0		__DUMMY__ 0.47190249415302826 off 0.287535642165691 neg 0.24056186368128077	false	0.5
unzufrieden	neg 1.0		__DUMMY__ 0.47370533742639154 off 0.2798869626487398 neg 0.24640769992486863	false	0.5
verzweifeln	neg 1.0		__DUMMY__ 0.4744276294835454 off 0.28196947930280447 neg 0.24360289121365017	false	0.5
verzweifelt	neg 1.0	neg 1.0	neg 0.6090646901728116 __DUMMY__ 0.2297804209036479 off 0.16115488892354046	false	1.0
misstrauensantrag	neg 1.0		__DUMMY__ 0.4728735032772124 off 0.2855226586695275 neg 0.24160383805326016	false	0.5
abfallen	neg 1.0		__DUMMY__ 0.4754708775385904 off 0.2849621152092447 neg 0.23956700725216482	false	0.5
fucker	off 1.0		__DUMMY__ 0.47112651994254134 off 0.29248607542709437 neg 0.23638740463036434	false	1.0
ungezogen	neg 1.0		__DUMMY__ 0.46481965164785216 off 0.29994991262852766 neg 0.2352304357236203	false	0.5
irrsinnig	neg 1.0	neg 1.0	neg 0.6086170922313558 __DUMMY__ 0.23010851320926315 off 0.161274394559381	false	1.0
unfassbar	neg 1.0		__DUMMY__ 0.4711962556962654 off 0.2901602101500638 neg 0.23864353415367065	false	0.5
hart	neg 1.0		__DUMMY__ 0.4714048668484367 off 0.28974425987731106 neg 0.2388508732742523	false	0.5
widerlich	off 1.0		__DUMMY__ 0.4690096425364916 off 0.2901025568871103 neg 0.24088780057639794	false	1.0
fatal	neg 1.0		__DUMMY__ 0.473548042796138 off 0.2860968935719023 neg 0.24035506363195974	false	0.5
bruch	neg 1.0		__DUMMY__ 0.47751421920659176 off 0.27558202440106977 neg 0.24690375639233847	false	0.5
aushungern	neg 1.0		__DUMMY__ 0.47603441659258583 off 0.2813537675106748 neg 0.2426118158967393	false	0.5
anspannung	neg 1.0		__DUMMY__ 0.4814791545896822 off 0.2738187041404705 neg 0.24470214126984713	false	0.5
von			__DUMMY__ 0.4828685912428231 off 0.27915873642523836 neg 0.2379726723319386	false	0.0
kraftlos	neg 1.0		__DUMMY__ 0.4762071838467192 off 0.280864929077838 neg 0.24292788707544277	false	0.5
vom			__DUMMY__ 0.4839666626676331 off 0.27182478364809043 neg 0.2442085536842766	false	0.0
grenzdebil	off 1.0		__DUMMY__ 0.47153751923694903 off 0.2908123464864057 neg 0.23765013427664522	false	1.0
vor			__DUMMY__ 0.4789143472640768 off 0.2770577747697725 neg 0.24402787796615055	false	0.0
unterwerfen	neg 1.0		__DUMMY__ 0.47602940920583403 off 0.2792104206946691 neg 0.24476017009949694	false	0.5
versenkung	neg 1.0		__DUMMY__ 0.4770348474628231 off 0.27970782947178136 neg 0.24325732306539552	false	0.5
entziehen	neg 1.0		__DUMMY__ 0.47711509831397375 off 0.275623442566931 neg 0.24726145911909525	false	0.5
finanzkrise	neg 1.0		__DUMMY__ 0.4736490297153099 off 0.2814604618219852 neg 0.24489050846270483	false	0.5
schimpfend	neg 1.0		__DUMMY__ 0.4733479401449582 off 0.28556506357866224 neg 0.24108699627637975	false	0.5
profan	neg 1.0		__DUMMY__ 0.47191613453372466 off 0.2859351312785519 neg 0.24214873418772337	false	0.5
korruption	neg 1.0		__DUMMY__ 0.47533744014677975 off 0.2795583203568537 neg 0.24510423949636645	false	0.5
â			__DUMMY__ 0.4775284193705105 off 0.2807821378296749 neg 0.24168944279981464	false	0.0
schmutzig	neg 1.0		__DUMMY__ 0.4719974795402229 off 0.2916090013600614 neg 0.2363935190997157	false	0.5
sexy	neg 1.0		__DUMMY__ 0.47339878556644127 off 0.2878069802344086 neg 0.2387942341991502	false	0.5
abraten	neg 1.0		__DUMMY__ 0.4730941406356379 off 0.2855101407887543 neg 0.24139571857560763	false	0.5
schwarz	neg 1.0		__DUMMY__ 0.47354875963002424 off 0.28513864053178045 neg 0.24131259983819517	false	0.5
fotze	off 1.0	off 1.0	off 0.6296625414450785 __DUMMY__ 0.232561023410868 neg 0.13777643514405355	false	1.0
verwirren	neg 1.0		__DUMMY__ 0.4724231942474747 off 0.2867659694388648 neg 0.24081083631366068	false	0.5
zahnlos	off 1.0		__DUMMY__ 0.47390364908061555 off 0.2810439614067424 neg 0.24505238951264208	false	1.0
verheeren	neg 1.0		__DUMMY__ 0.4665314115321602 off 0.302397080212892 neg 0.23107150825494785	false	0.5
hippie	neg 1.0		__DUMMY__ 0.4735289366108328 off 0.28739628615815405 neg 0.2390747772310132	false	0.5
rammen	neg 1.0		__DUMMY__ 0.4724498518311045 off 0.2845459292052475 neg 0.243004218963648	false	0.5
unlauter	neg 1.0		__DUMMY__ 0.47103004836592194 off 0.2831140821013063 neg 0.24585586953277183	false	0.5
unheilvoll	neg 1.0		__DUMMY__ 0.4743897117828726 off 0.2858883153660353 neg 0.23972197285109217	false	0.5
niedrig	neg 1.0		__DUMMY__ 0.47491323168296323 off 0.2772143726888721 neg 0.2478723956281648	false	0.5
explosion	neg 1.0		__DUMMY__ 0.4732013448856895 off 0.2866042673804881 neg 0.24019438773382246	false	0.5
weichei	off 1.0	off 1.0	off 0.6378139456716628 __DUMMY__ 0.22701910613428336 neg 0.1351669481940538	false	1.0
minusmensch	off 1.0		__DUMMY__ 0.4641843254719758 off 0.298010972587125 neg 0.23780470194089923	false	1.0
farblos	neg 1.0		__DUMMY__ 0.47583207568269176 off 0.2834660009986947 neg 0.24070192331861368	false	0.5
unwissend	neg 1.0	neg 1.0	neg 0.607367704856469 __DUMMY__ 0.22886672927986812 off 0.16376556586366303	false	1.0
traurig	neg 1.0		__DUMMY__ 0.46991578820817304 off 0.2928790066250674 neg 0.23720520516675941	false	0.5
senkung	neg 1.0		__DUMMY__ 0.47063140939095066 off 0.2853099974638815 neg 0.24405859314516784	false	0.5
ungleich	neg 1.0	neg 1.0	neg 0.6108947279963763 __DUMMY__ 0.23168055228775586 off 0.1574247197158678	false	1.0
heikel	neg 1.0		__DUMMY__ 0.4748552559170745 off 0.2775732135958096 neg 0.2475715304871159	false	0.5
drosselung	neg 1.0		__DUMMY__ 0.47101778037209985 off 0.29040438518075623 neg 0.23857783444714376	false	0.5
falsch	neg 1.0		__DUMMY__ 0.47105082161027223 off 0.28746222639816094 neg 0.24148695199156672	false	0.5
unzufriedenheit	neg 1.0		__DUMMY__ 0.47684863555047124 off 0.27648767964213644 neg 0.2466636848073924	false	0.5
kurz	neg 1.0		__DUMMY__ 0.47676195880842387 off 0.2822645386709365 neg 0.24097350252063957	false	0.5
unsinnig	neg 1.0		__DUMMY__ 0.4730440863521289 off 0.2809479196794988 neg 0.24600799396837217	false	0.5
penner	off 1.0	off 1.0	off 0.6388992994003421 __DUMMY__ 0.22688012372634417 neg 0.13422057687331373	false	1.0
seicht	neg 1.0		__DUMMY__ 0.4638317796677082 off 0.29880658287691136 neg 0.23736163745538041	false	0.5
dummheit	off 1.0	off 1.0	off 0.6325263722175092 __DUMMY__ 0.2294482020132596 neg 0.13802542576923127	false	1.0
unerfreulich	neg 1.0		__DUMMY__ 0.47646831678351015 off 0.277171354162342 neg 0.24636032905414793	false	0.5
motherfucker	off 1.0	off 1.0	off 0.6356393395160891 __DUMMY__ 0.2293463681973706 neg 0.13501429228654024	false	1.0
pikiert	neg 1.0		__DUMMY__ 0.470090542154951 off 0.2895693954551206 neg 0.24034006238992844	false	0.5
wrack	neg 1.0		__DUMMY__ 0.4769825857588098 off 0.2813977449082962 neg 0.24161966933289397	false	0.5
gangster	neg 1.0		__DUMMY__ 0.4734466575846712 off 0.2874409349432435 neg 0.23911240747208518	false	0.5
krank	neg 1.0		__DUMMY__ 0.4714678524279074 off 0.2907402130659127 neg 0.23779193450617994	false	0.5
reich	neg 1.0		__DUMMY__ 0.4738204442132138 off 0.29023332147611813 neg 0.23594623431066813	false	0.5
gnadenlos	neg 1.0		__DUMMY__ 0.47312451836499037 off 0.28435848764219246 neg 0.24251699399281706	false	0.5
niedergeschlagen	neg 1.0		__DUMMY__ 0.4758400164857779 off 0.28205250737715915 neg 0.24210747613706285	false	0.5
terrorisieren	off 1.0	off 1.0	off 0.6284352621056588 __DUMMY__ 0.23250741213120202 neg 0.13905732576313923	false	1.0
sinnlosigkeit	neg 1.0		__DUMMY__ 0.47449131204111866 off 0.2806488315171529 neg 0.24485985644172858	false	0.5
behindern	neg 1.0		__DUMMY__ 0.4752959442989245 off 0.28269589869044875 neg 0.24200815701062683	false	0.5
undemokratisch	neg 1.0		__DUMMY__ 0.4731862758739736 off 0.2840005697157948 neg 0.24281315441023157	false	0.5
wirtschaftskrise	neg 1.0		__DUMMY__ 0.47496182797628095 off 0.2791681446971301 neg 0.24587002732658902	false	0.5
neid	neg 1.0		__DUMMY__ 0.47298075259703654 off 0.28810182821981556 neg 0.23891741918314788	false	0.5
rutschen	neg 1.0		__DUMMY__ 0.4820511333380659 off 0.27531946415064956 neg 0.2426294025112845	false	0.5
rezession	neg 1.0		__DUMMY__ 0.4655596260841405 off 0.2914260970601351 neg 0.24301427685572458	false	0.5
fehlgeburt	neg 1.0		__DUMMY__ 0.4746867781304544 off 0.2858539242766337 neg 0.23945929759291187	false	0.5
charakterschwach	off 1.0		__DUMMY__ 0.46916378493110217 off 0.28989931863051704 neg 0.2409368964383807	false	1.0
isolation	neg 1.0		__DUMMY__ 0.47258920992130926 off 0.28749751632433734 neg 0.23991327375435323	false	0.5
ablenkung	neg 1.0		__DUMMY__ 0.47483112921399867 off 0.28359498414359363 neg 0.24157388664240775	false	0.5
pech	neg 1.0		__DUMMY__ 0.4711083576967078 off 0.28694747573708884 neg 0.24194416656620338	false	0.5
vermeidung	neg 1.0		__DUMMY__ 0.47188812422461335 off 0.2909738257431126 neg 0.23713805003227417	false	0.5
dominieren	neg 1.0		__DUMMY__ 0.4769976187077355 off 0.2793142624369133 neg 0.24368811885535124	false	0.5
schwindlig	neg 1.0		__DUMMY__ 0.47420754888679706 off 0.2863041720957476 neg 0.2394882790174554	false	0.5
lutscher	neg 1.0		__DUMMY__ 0.4642850809194607 off 0.29959587161390006 neg 0.23611904746663925	false	0.5
pflicht	neg 1.0		__DUMMY__ 0.4757608730898494 off 0.27641129116507607 neg 0.2478278357450747	false	0.5
faschist	off 1.0		__DUMMY__ 0.4724149382905534 off 0.28700376170144953 neg 0.240581300007997	false	1.0
verschleudern	neg 1.0		__DUMMY__ 0.4749430275258489 off 0.27741489742229253 neg 0.24764207505185856	false	0.5
wenn			__DUMMY__ 0.47183192306663296 off 0.28802024632302287 neg 0.24014783061034423	false	0.0
ehebruch	neg 1.0		__DUMMY__ 0.47605411318139873 off 0.27984435342878256 neg 0.24410153338981883	false	0.5
spott	off 1.0		__DUMMY__ 0.475246494235899 off 0.2788015894315868 neg 0.2459519163325141	false	1.0
trostlosigkeit	neg 1.0		__DUMMY__ 0.47886091967288424 off 0.2771338901486696 neg 0.24400519017844613	false	0.5
lutschen	neg 1.0		__DUMMY__ 0.4718031261474774 off 0.28734409282017537 neg 0.2408527810323473	false	0.5
undiszipliniert	neg 1.0		__DUMMY__ 0.46930559238361147 off 0.2919149679596858 neg 0.2387794396567026	false	0.5
kopfschmerz	neg 1.0		__DUMMY__ 0.47475347707847987 off 0.28078785475679874 neg 0.24445866816472137	false	0.5
unvorhergesehen	neg 1.0		__DUMMY__ 0.4791895750392774 off 0.27902417677146046 neg 0.2417862481892622	false	0.5
desinteressiert	neg 1.0		__DUMMY__ 0.46960618749632627 off 0.2913947305619584 neg 0.2389990819417155	false	0.5
armselig	off 1.0		__DUMMY__ 0.46757944799610535 off 0.2920737271696231 neg 0.24034682483427156	false	1.0
desaster	neg 1.0		__DUMMY__ 0.47773279287297754 off 0.2749219763845173 neg 0.24734523074250525	false	0.5
tod	neg 1.0		__DUMMY__ 0.48002333513237744 off 0.2819721555659312 neg 0.23800450930169129	false	0.5
herzlos	neg 1.0		__DUMMY__ 0.468997697188449 off 0.29262241666738403 neg 0.238379886144167	false	0.5
unwissenheit	neg 1.0		__DUMMY__ 0.47457179141071637 off 0.28025961635890084 neg 0.24516859223038262	false	0.5
widersinnig	neg 1.0		__DUMMY__ 0.4721729306893127 off 0.2792704025031609 neg 0.24855666680752647	false	0.5
bedenklich	neg 1.0		__DUMMY__ 0.4744277232020453 off 0.27896624244694057 neg 0.2466060343510142	false	0.5
beanstanden	neg 1.0		__DUMMY__ 0.47632611976063394 off 0.276186111251815 neg 0.24748776898755112	false	0.5
panisch	neg 1.0	neg 1.0	neg 0.6050967914826104 __DUMMY__ 0.23195009438731354 off 0.16295311413007607	false	1.0
debil	off 1.0		__DUMMY__ 0.4826221516513269 off 0.27182978092803206 neg 0.24554806742064103	false	1.0
abstrich	neg 1.0		__DUMMY__ 0.48037990831266064 off 0.2846855348467637 neg 0.23493455684057568	false	0.5
primitiv	neg 1.0		__DUMMY__ 0.4688204875238462 off 0.29028676750556026 neg 0.24089274497059346	false	0.5
abschaum	off 1.0	off 1.0	off 0.6341738748351325 __DUMMY__ 0.2291711160040537 neg 0.13665500916081366	false	1.0
provozieren	neg 1.0		__DUMMY__ 0.47193547236221306 off 0.2835969423004137 neg 0.24446758533737337	false	0.5
tot	neg 1.0		__DUMMY__ 0.4755296935955302 off 0.28031560067614736 neg 0.24415470572832232	false	0.5
instabil	neg 1.0		__DUMMY__ 0.46878282808970406 off 0.29181651307703904 neg 0.23940065883325684	false	0.5
schwuchtel	off 1.0	off 1.0	off 0.6422059825956018 __DUMMY__ 0.22427763481231386 neg 0.13351638259208443	false	1.0
zerren	neg 1.0		__DUMMY__ 0.4758680915016926 off 0.28135322310009625 neg 0.24277868539821104	false	0.5
kinderficker	off 1.0		__DUMMY__ 0.4679710259144123 off 0.2957524205127803 neg 0.23627655357280736	false	1.0
gefahr	neg 1.0		__DUMMY__ 0.478048103008876 off 0.2767842431755646 neg 0.24516765381555944	false	0.5
rabiat	neg 1.0		__DUMMY__ 0.47438161110105675 off 0.2835365246761154 neg 0.2420818642228278	false	0.5
verlangsamung	neg 1.0		__DUMMY__ 0.46504190776856347 off 0.2966124278918152 neg 0.23834566433962134	false	0.5
ausgestorben	neg 1.0		__DUMMY__ 0.47513570389088905 off 0.28342116206985046 neg 0.24144313403926057	false	0.5
anklagen	neg 1.0		__DUMMY__ 0.47563554913563666 off 0.2799612186189937 neg 0.2444032322453695	false	0.5
trott	neg 1.0		__DUMMY__ 0.47502853783651156 off 0.2830266541163837 neg 0.24194480804710478	false	0.5
verminderung	neg 1.0		__DUMMY__ 0.4706767804444233 off 0.29090584997190294 neg 0.2384173695836737	false	0.5
nach			__DUMMY__ 0.48200241936074395 off 0.2736754527820269 neg 0.24432212785722898	false	0.0
rost	neg 1.0		__DUMMY__ 0.46736190537700656 off 0.2959751339326916 neg 0.23666296069030193	false	0.5
destruktiv	neg 1.0		__DUMMY__ 0.4728491801083412 off 0.28237375775722284 neg 0.2447770621344358	false	0.5
unzumutbarkeit	neg 1.0		__DUMMY__ 0.4722925978813412 off 0.2898798339293397 neg 0.23782756818931916	false	0.5
labil	off 1.0	off 1.0	off 0.63381829628267 __DUMMY__ 0.22974428577068498 neg 0.13643741794664502	false	1.0
ziemlich	neg 1.0		__DUMMY__ 0.4717239162560215 off 0.29018533854547 neg 0.23809074519850856	false	0.5
lachnummer	off 1.0		__DUMMY__ 0.47268628797134304 off 0.2831948881275759 neg 0.24411882390108097	false	1.0
oder			__DUMMY__ 0.4745487000521786 off 0.28450209792517406 neg 0.24094920202264725	false	0.0
verfall	neg 1.0		__DUMMY__ 0.47931558235020144 off 0.2725780724254314 neg 0.24810634522436703	false	0.5
ausgrenzung	neg 1.0		__DUMMY__ 0.47330513590835865 off 0.284882330750415 neg 0.2418125333412264	false	0.5
unordnung	neg 1.0		__DUMMY__ 0.4729059345844082 off 0.29350381422113625 neg 0.23359025119445553	false	0.5
fehlverhalten	neg 1.0		__DUMMY__ 0.47492793844614584 off 0.2769041178838709 neg 0.24816794366998332	false	0.5
eine			__DUMMY__ 0.4779738599080026 off 0.27740452371974345 neg 0.24462161637225402	false	0.0
nille	neg 1.0		__DUMMY__ 0.4758033406567505 off 0.28329134555936253 neg 0.240905313783887	false	0.5
qual	neg 1.0		__DUMMY__ 0.47539285806574355 off 0.2826660396037078 neg 0.2419411023305486	false	0.5
verschwenden	neg 1.0		__DUMMY__ 0.4745766342291105 off 0.2781945608107473 neg 0.24722880496014216	false	0.5
riesig	neg 1.0		__DUMMY__ 0.4777653303515769 off 0.28024377608033035 neg 0.24199089356809267	false	0.5
verurteilen	neg 1.0		__DUMMY__ 0.4738517972901883 off 0.27983113200649073 neg 0.24631707070332118	false	0.5
klischee	neg 1.0	neg 1.0	neg 0.6076858473260421 __DUMMY__ 0.22934025493743898 off 0.16297389773651894	false	1.0
diktatorisch	neg 1.0		__DUMMY__ 0.47258881819894766 off 0.28397975246945245 neg 0.24343142933159992	false	0.5
vorhersehbar	neg 1.0		__DUMMY__ 0.47032298980198817 off 0.28594483661585174 neg 0.24373217358216015	false	0.5
sowie			__DUMMY__ 0.46789741749710767 off 0.29495580150814027 neg 0.23714678099475214	false	0.0
stornieren	neg 1.0		__DUMMY__ 0.47718158666942045 off 0.28704643541246105 neg 0.23577197791811846	false	0.5
besteuerung	neg 1.0		__DUMMY__ 0.47123824046153073 off 0.28280319901974804 neg 0.24595856051872125	false	0.5
ungeschminkt	neg 1.0		__DUMMY__ 0.4682516000481862 off 0.2896909075486367 neg 0.2420574924031771	false	0.5
kritisch	neg 1.0		__DUMMY__ 0.47494948144198634 off 0.27882964175336883 neg 0.24622087680464488	false	0.5
schlamperei	off 1.0		__DUMMY__ 0.476889401140065 off 0.27791195780871786 neg 0.24519864105121722	false	1.0
sucht	neg 1.0	neg 1.0	neg 0.6027409155702915 __DUMMY__ 0.23457785668164347 off 0.16268122774806495	false	1.0
egoistisch	off 1.0		__DUMMY__ 0.46610087463512306 off 0.29516443989135566 neg 0.23873468547352136	false	1.0
ausbeuter	off 1.0		__DUMMY__ 0.47434162030865934 off 0.27665309392445386 neg 0.2490052857668868	false	1.0
arschgeburt	off 1.0		__DUMMY__ 0.46088024773765374 off 0.30298186349577044 neg 0.2361378887665759	false	1.0
schubs	neg 1.0		__DUMMY__ 0.4750626868133068 off 0.28103211763265035 neg 0.24390519555404297	false	0.5
unsolide	neg 1.0		__DUMMY__ 0.4711892639491358 off 0.284260513961576 neg 0.2445502220892882	false	0.5
beschwerde	neg 1.0		__DUMMY__ 0.47508737470725765 off 0.2781692391918485 neg 0.24674338610089389	false	0.5
stocken	neg 1.0		__DUMMY__ 0.47692428202401943 off 0.27841742992448515 neg 0.24465828805149556	false	0.5
isolieren	neg 1.0		__DUMMY__ 0.4755791375651213 off 0.27982478735366084 neg 0.24459607508121786	false	0.5
unheilbar	neg 1.0		__DUMMY__ 0.47514600221211895 off 0.28418125057481713 neg 0.2406727472130639	false	0.5
pisser	off 1.0		__DUMMY__ 0.4688027947453885 off 0.29203934074209964 neg 0.23915786451251186	false	1.0
löschen	neg 1.0		__DUMMY__ 0.4752181813157744 off 0.2835626433004525 neg 0.24121917538377308	false	0.5
durchfallen	neg 1.0		__DUMMY__ 0.47321868844636333 off 0.2789350041947595 neg 0.24784630735887722	false	0.5
wichser	off 1.0	off 1.0	off 0.6408092098400007 __DUMMY__ 0.22585553146276058 neg 0.13333525869723883	false	1.0
terror	neg 1.0		__DUMMY__ 0.47358179809530776 off 0.28703514624627685 neg 0.23938305565841542	false	0.5
krass	neg 1.0		__DUMMY__ 0.468287902996213 off 0.2932394929542643 neg 0.2384726040495227	false	0.5
revolte	neg 1.0		__DUMMY__ 0.4735181082703454 off 0.28561092279762484 neg 0.24087096893202972	false	0.5
besorgt	neg 1.0		__DUMMY__ 0.47857398739776136 off 0.28276997936384957 neg 0.23865603323838905	false	0.5
nachlassen	neg 1.0		__DUMMY__ 0.4788138357384593 off 0.2792203272241314 neg 0.24196583703740915	false	0.5
alt	neg 1.0		__DUMMY__ 0.4756341715650372 off 0.28056370498612154 neg 0.2438021234488413	false	0.5
hundesohn	off 1.0		__DUMMY__ 0.4646242080082037 off 0.2998759046488071 neg 0.23549988734298924	false	1.0
als			__DUMMY__ 0.4749279282196812 off 0.28073673103537716 neg 0.24433534074494154	false	0.0
abschreckung	neg 1.0		__DUMMY__ 0.4771110487341692 off 0.2763204438348196 neg 0.24656850743101125	false	0.5
unqualifiziert	neg 1.0		__DUMMY__ 0.4696298732000481 off 0.2867653862997422 neg 0.24360474050020953	false	0.5
abgewichst	off 1.0		__DUMMY__ 0.4761272833551366 off 0.28252596704601024 neg 0.24134674959885316	false	1.0
schwer	neg 1.0		__DUMMY__ 0.4735816186714888 off 0.2822584616394584 neg 0.24415991968905296	false	0.5
bedeutungslosigkeit	neg 1.0		__DUMMY__ 0.47601328710725044 off 0.2771811256934046 neg 0.246805587199345	false	0.5
kapitulation	neg 1.0		__DUMMY__ 0.47639515253911385 off 0.27909351048010284 neg 0.2445113369807833	false	0.5
unscharf	neg 1.0		__DUMMY__ 0.47137180683439694 off 0.28549735868720694 neg 0.24313083447839606	false	0.5
schwinden	neg 1.0		__DUMMY__ 0.4777548567597743 off 0.2776458292891712 neg 0.24459931395105464	false	0.5
versklavung	neg 1.0		__DUMMY__ 0.47487290750588146 off 0.28453050472050495 neg 0.24059658777361353	false	0.5
schlecht	neg 1.0		__DUMMY__ 0.47167517075606835 off 0.2903672550190949 neg 0.23795757422483688	false	0.5
verhasst	neg 1.0		__DUMMY__ 0.4708872232053727 off 0.28388424236316234 neg 0.24522853443146497	false	0.5
beschweren	neg 1.0		__DUMMY__ 0.47281955177045365 off 0.2853823926103369 neg 0.24179805561920956	false	0.5
scheiden	neg 1.0		__DUMMY__ 0.4759083049191087 off 0.2838206585998658 neg 0.24027103648102557	false	0.5
frustriert	neg 1.0		__DUMMY__ 0.4739152912732924 off 0.2812570113173796 neg 0.2448276974093281	false	0.5
schimmelig	neg 1.0		__DUMMY__ 0.47367531019679127 off 0.27939799556497613 neg 0.2469266942382325	false	0.5
fisch	neg 1.0		__DUMMY__ 0.47569059695423555 off 0.27638488796546157 neg 0.2479245150803029	false	0.5
schmuggel	neg 1.0		__DUMMY__ 0.4770579740230569 off 0.27824503528586325 neg 0.2446969906910799	false	0.5
auffallen	neg 1.0		__DUMMY__ 0.4724758415917802 off 0.28629462815267626 neg 0.2412295302555437	false	0.5
konkurrenz	neg 1.0		__DUMMY__ 0.4772852549610337 off 0.27586837260669284 neg 0.2468463724322735	false	0.5
teufelskreis	neg 1.0		__DUMMY__ 0.47334805992291457 off 0.2823862148860785 neg 0.24426572519100678	false	0.5
aufschreien	neg 1.0		__DUMMY__ 0.47149432365099264 off 0.2860345461252518 neg 0.24247113022375558	false	0.5
schuldner	neg 1.0		__DUMMY__ 0.47544964920120636 off 0.27626933185701036 neg 0.2482810189417834	false	0.5
missgeburt	off 1.0	off 1.0	off 0.6381370291032324 __DUMMY__ 0.2266394597680088 neg 0.13522351112875888	false	1.0
arbeitslos	neg 1.0		__DUMMY__ 0.47297020710435433 off 0.2792694456418833 neg 0.2477603472537625	false	0.5
befallen	neg 1.0		__DUMMY__ 0.47692617274737303 off 0.2825745888062952 neg 0.24049923844633173	false	0.5
miesepetrig	off 1.0	off 1.0	off 0.634399710684075 __DUMMY__ 0.22953309816146356 neg 0.13606719115446153	false	1.0
alarmieren	neg 1.0		__DUMMY__ 0.4711183174416758 off 0.2878646845398367 neg 0.24101699801848755	false	0.5
ungeduscht	off 1.0		__DUMMY__ 0.47063780174311104 off 0.28765814174664545 neg 0.24170405651024343	false	1.0
knappheit	neg 1.0		__DUMMY__ 0.47327762057163963 off 0.2787436280528014 neg 0.24797875137555891	false	0.5
schlange	neg 1.0		__DUMMY__ 0.47615019715481544 off 0.28617668579107775 neg 0.2376731170541067	false	0.5
harsch	neg 1.0		__DUMMY__ 0.4710571137529182 off 0.29564653289381726 neg 0.23329635335326449	false	0.5
lang	neg 1.0		__DUMMY__ 0.47497551322086196 off 0.2846060999009543 neg 0.24041838687818373	false	0.5
ziellos	neg 1.0		__DUMMY__ 0.47699300110309373 off 0.28006448583798005 neg 0.2429425130589261	false	0.5
selbstverliebt	neg 1.0		__DUMMY__ 0.4625541600263376 off 0.30069872933122377 neg 0.23674711064243856	false	0.5
beseitigen	neg 1.0		__DUMMY__ 0.4761967015055079 off 0.28209173486554606 neg 0.24171156362894605	false	0.5
dumm	off 1.0		__DUMMY__ 0.4665085485929341 off 0.29626852291702516 neg 0.23722292849004079	false	1.0
arbeitsloser	neg 1.0		__DUMMY__ 0.4748255213598 off 0.27997556339572766 neg 0.24519891524447227	false	0.5
blitzen	neg 1.0		__DUMMY__ 0.47341252761975405 off 0.2872258580358608 neg 0.23936161434438533	false	0.5
hilflos	neg 1.0		__DUMMY__ 0.47441980141476014 off 0.28091593038363627 neg 0.24466426820160353	false	0.5
eklig	off 1.0		__DUMMY__ 0.46503175612678416 off 0.29653400301010346 neg 0.23843424086311243	false	1.0
begriff			__DUMMY__ 0.4738996916527546 off 0.28218302347296625 neg 0.24391728487427902	false	0.0
hungersnot	neg 1.0		__DUMMY__ 0.4770180986483787 off 0.2811335277554808 neg 0.24184837359614048	false	0.5
ungesetzlich	neg 1.0		__DUMMY__ 0.4706449623828658 off 0.282679022180239 neg 0.24667601543689524	false	0.5
verschwendung	neg 1.0		__DUMMY__ 0.47613814991496145 off 0.278262107496554 neg 0.24559974258848458	false	0.5
schmerzvoll	neg 1.0		__DUMMY__ 0.4735718220874517 off 0.285372424215244 neg 0.24105575369730428	false	0.5
vorzeitig	neg 1.0		__DUMMY__ 0.47387455246447885 off 0.28696703186092704 neg 0.23915841567459412	false	0.5
unvollkommenheit	neg 1.0		__DUMMY__ 0.47873630916121884 off 0.2813606565485052 neg 0.23990303429027587	false	0.5
intervenieren	neg 1.0		__DUMMY__ 0.4750025584780484 off 0.27748805955353106 neg 0.24750938196842073	false	0.5
banause	off 1.0		__DUMMY__ 0.46250038140859306 off 0.29882865487072624 neg 0.2386709637206807	false	1.0
rebell	neg 1.0		__DUMMY__ 0.47803567886109766 off 0.27421256202065863 neg 0.24775175911824374	false	0.5
unlogisch	neg 1.0		__DUMMY__ 0.4676595257117518 off 0.2917764151917025 neg 0.24056405909654574	false	0.5
leiden	neg 1.0		__DUMMY__ 0.47807083819793755 off 0.27768453544016125 neg 0.24424462636190122	false	0.5
abschaffung	neg 1.0		__DUMMY__ 0.47335186600839013 off 0.28318973792393504 neg 0.24345839606767491	false	0.5
sturz	neg 1.0		__DUMMY__ 0.47597393491247575 off 0.28403894108947436 neg 0.23998712399805003	false	0.5
verkleinerung	neg 1.0		__DUMMY__ 0.4694224513198268 off 0.2850910033406539 neg 0.2454865453395191	false	0.5
schmarotzer	off 1.0		__DUMMY__ 0.4718159562417135 off 0.2797990804387328 neg 0.24838496331955373	false	1.0
bestrafung	neg 1.0		__DUMMY__ 0.474254478085769 off 0.28474570400260973 neg 0.24099981791162142	false	0.5
achtlos	neg 1.0	neg 1.0	neg 0.6075447133202836 __DUMMY__ 0.2318723359724285 off 0.16058295070728795	false	1.0
ungeheuer	neg 1.0		__DUMMY__ 0.4740539645771426 off 0.2865146198521224 neg 0.23943141557073494	false	0.5
unaufrichtig	neg 1.0		__DUMMY__ 0.4742845523859317 off 0.2873852921273933 neg 0.23833015548667508	false	0.5
groggy	neg 1.0		__DUMMY__ 0.47352808460611606 off 0.28711984479648517 neg 0.23935207059739874	false	0.5
verletzlich	neg 1.0		__DUMMY__ 0.4692107761863852 off 0.28979818081646425 neg 0.24099104299715055	false	0.5
