unsolidarisch	neg 1.0		__DUMMY__ 0.8833641870634368 off 0.06131199817041468 neg 0.055323814766148637	false	0.5
nachteilig	neg 1.0		__DUMMY__ 0.8890547416663274 off 0.05701578678279529 neg 0.05392947155087742	false	0.5
skeptisch	neg 1.0		__DUMMY__ 0.8891518712893711 off 0.056605413863532524 neg 0.05424271484709643	false	0.5
schrecklich	neg 1.0		__DUMMY__ 0.880187672721974 off 0.070112586055791 neg 0.04969974122223503	false	0.5
schlapp	neg 1.0		__DUMMY__ 0.8836993627935013 off 0.06604094747116818 neg 0.050259689735330605	false	0.5
abfall	neg 1.0		__DUMMY__ 0.894116647336081 off 0.05316114545273726 neg 0.0527222072111818	false	0.5
widerspenstig	neg 1.0		__DUMMY__ 0.8874942721792949 off 0.06115557582491715 neg 0.05135015199578793	false	0.5
abrupt	neg 1.0		__DUMMY__ 0.8927963888834654 off 0.05693073611944976 neg 0.05027287499708485	false	0.5
unwirksam	neg 1.0		__DUMMY__ 0.8821788611848791 off 0.06091646407692771 neg 0.056904674738193245	false	0.5
angreifen	neg 1.0		__DUMMY__ 0.8893651257173695 off 0.05666425995258246 neg 0.053970614330048065	false	0.5
inkonsistent	neg 1.0		__DUMMY__ 0.8858989614602628 off 0.06181410652293476 neg 0.05228693201680233	false	0.5
abrutschen	neg 1.0		__DUMMY__ 0.891273623407845 neg 0.05506914246180073 off 0.05365723413035431	false	1.0
unsicher	neg 1.0		__DUMMY__ 0.8878171835275371 off 0.06111802808774089 neg 0.05106478838472206	false	0.5
bauernkind	off 1.0	off 1.0	off 0.523632670233382 __DUMMY__ 0.4334138712590508 neg 0.04295345850756721	false	1.0
angreifer	neg 1.0	neg 1.0	neg 0.5068453865833523 __DUMMY__ 0.4454727583993134 off 0.04768185501733422	false	1.0
trennen	neg 1.0		__DUMMY__ 0.8928763299397237 off 0.05606663866382924 neg 0.051057031396447086	false	0.5
schmutz	neg 1.0		__DUMMY__ 0.8927230798041721 off 0.06237694121892045 neg 0.04489997897690747	false	0.5
inkonsistenz	neg 1.0		__DUMMY__ 0.8777196551064981 off 0.066539006087951 neg 0.05574133880555088	false	0.5
erschreckend	neg 1.0		__DUMMY__ 0.8857376898465699 off 0.06064483625402199 neg 0.05361747389940817	false	0.5
ertrinken	neg 1.0		__DUMMY__ 0.8914260720807806 off 0.05690967403846895 neg 0.05166425388075036	false	0.5
pickelface	off 1.0		__DUMMY__ 0.8888267725460834 off 0.060256947318175304 neg 0.0509162801357413	false	1.0
seiner			__DUMMY__ 0.889886088800917 off 0.05687360184154126 neg 0.053240309357541725	false	0.0
lauch	neg 1.0		__DUMMY__ 0.8938979987716469 off 0.05387066724107047 neg 0.05223133398728261	false	0.5
unwichtig	neg 1.0		__DUMMY__ 0.8815255783839987 off 0.06604169198461032 neg 0.05243272963139105	false	0.5
steuerhinterziehung	neg 1.0	neg 1.0	neg 0.5109845649407551 __DUMMY__ 0.44440766646391916 off 0.044607768595325906	false	1.0
schock	neg 1.0		__DUMMY__ 0.8888771030946888 off 0.060307421298911305 neg 0.05081547560639996	false	0.5
beule	neg 1.0		__DUMMY__ 0.8827670349035924 off 0.06696854498956216 neg 0.05026442010684537	false	0.5
vergelten	neg 1.0		__DUMMY__ 0.8838300700137588 off 0.06903461587272773 neg 0.0471353141135134	false	0.5
verdorbenheit	neg 1.0		__DUMMY__ 0.8899497373021208 off 0.06132870209973506 neg 0.048721560598144226	false	0.5
trauma	neg 1.0		__DUMMY__ 0.886873908082784 off 0.06209686707139077 neg 0.05102922484582515	false	0.5
sinnlos	neg 1.0		__DUMMY__ 0.8856925216367244 off 0.06340611696854472 neg 0.050901361394730886	false	0.5
fettsack	off 1.0	off 1.0	off 0.5245097572925534 __DUMMY__ 0.434915149013064 neg 0.04057509369438259	false	1.0
feige	off 1.0	off 1.0	off 0.5205128624745565 __DUMMY__ 0.4388988620185434 neg 0.04058827550690005	false	1.0
abdanken	neg 1.0		__DUMMY__ 0.8876220675123782 off 0.060840395087830665 neg 0.05153753739979121	false	0.5
wichtigtuer	off 1.0	off 1.0	off 0.5186615369108496 __DUMMY__ 0.44078698351916573 neg 0.04055147956998463	false	1.0
misslingen	neg 1.0		__DUMMY__ 0.892088673048669 off 0.061206304122893226 neg 0.046705022828437755	false	0.5
untreu	off 1.0		__DUMMY__ 0.8825121415808519 off 0.06646183786572761 neg 0.05102602055342042	false	1.0
missmutig	neg 1.0		__DUMMY__ 0.8846231131665239 off 0.06569785501787669 neg 0.04967903181559952	false	0.5
hurenbock	off 1.0		__DUMMY__ 0.8891953266260898 off 0.06275678631992279 neg 0.04804788705398738	false	1.0
betrunken	neg 1.0		__DUMMY__ 0.8827625029398231 off 0.06777706667472386 neg 0.04946043038545303	false	0.5
korrupt	off 1.0		__DUMMY__ 0.8847027142904968 off 0.05915532020915924 neg 0.05614196550034385	false	1.0
unmut	neg 1.0		__DUMMY__ 0.8921086186452554 neg 0.054062618438240014 off 0.053828762916504645	false	1.0
hackfresse	off 1.0		__DUMMY__ 0.8762728841075434 off 0.07356528673026497 neg 0.050161829162191605	false	1.0
aufblasen	neg 1.0		__DUMMY__ 0.8872589895844315 off 0.06284073463489573 neg 0.04990027578067277	false	0.5
gewaltsam	neg 1.0		__DUMMY__ 0.8895572051919896 off 0.05973002821706866 neg 0.05071276659094176	false	0.5
unbeliebtheit	neg 1.0		__DUMMY__ 0.8804303001384854 off 0.06518337150182608 neg 0.0543863283596884	false	0.5
sturheit	neg 1.0		__DUMMY__ 0.8866727715682239 off 0.06015983837545037 neg 0.053167390056325675	false	0.5
kuh	neg 1.0		__DUMMY__ 0.8800679631994379 off 0.06325762609231866 neg 0.05667441070824335	false	0.5
erschrecken	neg 1.0		__DUMMY__ 0.8857240889020386 off 0.06544445967294783 neg 0.048831451425013585	false	0.5
opfer	neg 1.0		__DUMMY__ 0.8894093613802524 off 0.05798216808377015 neg 0.05260847053597735	false	0.5
sinken	neg 1.0		__DUMMY__ 0.8928622096363381 off 0.0542390131818791 neg 0.05289877718178275	false	0.5
stinktier	neg 1.0		__DUMMY__ 0.873583184454278 off 0.07089882856941339 neg 0.05551798697630867	false	0.5
tucke	off 1.0		__DUMMY__ 0.8752648404357234 off 0.07461532553622982 neg 0.050119834028046706	false	1.0
ein			__DUMMY__ 0.8863958623792779 off 0.06199020001952783 neg 0.051613937601194246	false	0.0
abstieg	neg 1.0		__DUMMY__ 0.8901027630244817 off 0.056876076388455966 neg 0.053021160587062355	false	0.5
missverstehen	neg 1.0		__DUMMY__ 0.8817976501998395 off 0.06429532046226503 neg 0.053907029337895505	false	0.5
ergebnislos	neg 1.0		__DUMMY__ 0.8903363451873798 off 0.05659214617841625 neg 0.053071508634203846	false	0.5
unter			__DUMMY__ 0.8983156626842271 neg 0.052814927320037446 off 0.04886940999573537	false	0.0
manipulieren	neg 1.0		__DUMMY__ 0.8911763888572835 off 0.056254112228739765 neg 0.052569498913976685	false	0.5
unbewiesen	neg 1.0		__DUMMY__ 0.8824562923391679 off 0.061314827907774656 neg 0.05622887975305745	false	0.5
verschleppen	neg 1.0		__DUMMY__ 0.888072987879897 off 0.05831433578939068 neg 0.05361267633071241	false	0.5
weib	off 1.0		__DUMMY__ 0.872560512417188 off 0.07437836260396365 neg 0.05306112497884844	false	1.0
opposition	neg 1.0		__DUMMY__ 0.8841342811172389 off 0.06251934306123043 neg 0.053346375821530755	false	0.5
verkehrswidrig	neg 1.0		__DUMMY__ 0.884859735436754 off 0.06963007897302187 neg 0.04551018559022398	false	0.5
inkorrekt	neg 1.0		__DUMMY__ 0.8780083678570152 off 0.06977972477135608 neg 0.05221190737162875	false	0.5
vermeiden	neg 1.0		__DUMMY__ 0.8941082705178488 neg 0.05392976049837862 off 0.05196196898377256	false	1.0
abweichung	neg 1.0		__DUMMY__ 0.8880891693317224 off 0.05769398228445529 neg 0.05421684838382225	false	0.5
alkoholisiert	neg 1.0		__DUMMY__ 0.8912806365864878 off 0.056239727264212 neg 0.05247963614930018	false	0.5
scheiss	off 1.0	off 1.0	off 0.5203398086064391 __DUMMY__ 0.44039284365568354 neg 0.03926734773787746	false	1.0
herausforderung	neg 1.0		__DUMMY__ 0.8909021246221074 off 0.05636278932201654 neg 0.052735086055876096	false	0.5
pervers	off 1.0		__DUMMY__ 0.8732405629685541 off 0.07694281691468507 neg 0.04981662011676075	false	1.0
wackelig	neg 1.0		__DUMMY__ 0.8916854825292925 off 0.058950749897693826 neg 0.04936376757301377	false	0.5
verwickeln	neg 1.0		__DUMMY__ 0.8822742462736933 off 0.0637921003454736 neg 0.05393365338083294	false	0.5
vorwand	neg 1.0		__DUMMY__ 0.8897763360103902 off 0.05615469631760838 neg 0.05406896767200142	false	0.5
muschi	off 1.0		__DUMMY__ 0.8883470238361736 off 0.06044116801554806 neg 0.05121180814827844	false	1.0
entmutigung	neg 1.0		__DUMMY__ 0.8853153562065161 off 0.06255098930062504 neg 0.05213365449285892	false	0.5
unangemessen	neg 1.0		__DUMMY__ 0.8845244622274012 off 0.059893854588091336 neg 0.05558168318450749	false	0.5
unstetig	neg 1.0		__DUMMY__ 0.8852985281051751 off 0.06342522055553636 neg 0.05127625133928855	false	0.5
entmutigen	neg 1.0		__DUMMY__ 0.886388268537558 off 0.062122219129203196 neg 0.05148951233323871	false	0.5
schwanz	neg 1.0		__DUMMY__ 0.89029079408334 off 0.0578303570479915 neg 0.0518788488686685	false	0.5
verbot	neg 1.0		__DUMMY__ 0.8876784049651882 off 0.058723481976525146 neg 0.05359811305828653	false	0.5
leid	neg 1.0		__DUMMY__ 0.8773783766010703 off 0.07165070163833062 neg 0.05097092176059899	false	0.5
archaisch	neg 1.0		__DUMMY__ 0.8873345601002042 off 0.059990107323546975 neg 0.05267533257624886	false	0.5
gegen			__DUMMY__ 0.8918218092841033 off 0.054580959341037634 neg 0.053597231374859076	false	0.0
scheidung	neg 1.0		__DUMMY__ 0.8760476604874624 off 0.0812017503187971 neg 0.04275058919374051	false	0.5
einschlag	neg 1.0		__DUMMY__ 0.8813444720669289 off 0.06888628829063594 neg 0.04976923964243519	false	0.5
m			__DUMMY__ 0.8896873069616462 off 0.058800971733954654 neg 0.05151172130439918	false	0.0
abgestanden	neg 1.0		__DUMMY__ 0.8858714439989414 off 0.06120855876178809 neg 0.05291999723927058	false	0.5
schmierig	off 1.0		__DUMMY__ 0.8801211772654711 off 0.07093666470375286 neg 0.04894215803077591	false	1.0
unpraktisch	neg 1.0		__DUMMY__ 0.8860873858820543 off 0.06241337762032 neg 0.05149923649762581	false	0.5
wixxer	off 1.0		__DUMMY__ 0.8711929218666702 off 0.07716773008485234 neg 0.05163934804847743	false	1.0
bezeichnet			__DUMMY__ 0.883898481801668 off 0.061495653632210844 neg 0.054605864566121265	false	0.0
jammerlappen	off 1.0		__DUMMY__ 0.8839436675369862 off 0.06604634430577341 neg 0.05000998815724046	false	1.0
farce	neg 1.0		__DUMMY__ 0.8864176580424755 off 0.059649157534401365 neg 0.053933184423123046	false	0.5
zwecklos	neg 1.0		__DUMMY__ 0.886368582592902 off 0.059535163333861246 neg 0.054096254073236795	false	0.5
turbulent	neg 1.0		__DUMMY__ 0.882005164926715 off 0.06734560283404349 neg 0.050649232239241476	false	0.5
invasion	neg 1.0		__DUMMY__ 0.8847171870210326 off 0.06310474830400556 neg 0.05217806467496174	false	0.5
schuld	neg 1.0		__DUMMY__ 0.8843599291713377 off 0.062463463835379145 neg 0.05317660699328313	false	0.5
risiko	neg 1.0	neg 1.0	neg 0.5068587831430104 __DUMMY__ 0.4460861650838266 off 0.04705505177316304	false	1.0
finster	neg 1.0		__DUMMY__ 0.883866356601249 off 0.0620653413211505 neg 0.05406830207760044	false	0.5
geisteskrank	off 1.0		__DUMMY__ 0.8782192368732855 off 0.06793986269814842 neg 0.05384090042856611	false	1.0
zusammenbrechen	neg 1.0		__DUMMY__ 0.8878518767501092 off 0.05952876601838755 neg 0.05261935723150311	false	0.5
ausbeute	neg 1.0		__DUMMY__ 0.8964700065656401 off 0.05727128931210406 neg 0.046258704122255745	false	0.5
hinterhalt	neg 1.0		__DUMMY__ 0.8957681696209701 off 0.05920447229337555 neg 0.04502735808565445	false	0.5
kritik	neg 1.0		__DUMMY__ 0.8862398353082035 off 0.05949734742907901 neg 0.05426281726271757	false	0.5
einschrumpfen	neg 1.0		__DUMMY__ 0.8825999216367127 off 0.06515308413518886 neg 0.05224699422809851	false	0.5
riskant	neg 1.0		__DUMMY__ 0.8878552224158139 off 0.05718818375417096 neg 0.05495659383001513	false	0.5
frustrieren	neg 1.0		__DUMMY__ 0.8877816675302523 off 0.05802771679268621 neg 0.054190615677061446	false	0.5
groll	neg 1.0		__DUMMY__ 0.886542468597613 off 0.05908042862422021 neg 0.05437710277816679	false	0.5
gibt			__DUMMY__ 0.8878592943917966 off 0.059653373038649274 neg 0.05248733256955415	false	0.0
qualvoll	neg 1.0		__DUMMY__ 0.8861590291469171 off 0.0641483054859469 neg 0.049692665367136006	false	0.5
wackeln	neg 1.0		__DUMMY__ 0.8893786148512032 off 0.06195357729481207 neg 0.04866780785398477	false	0.5
klagen	neg 1.0		__DUMMY__ 0.8908492670570786 neg 0.05459144176539317 off 0.054559291177528176	false	1.0
bankrott	neg 1.0		__DUMMY__ 0.8859190632028081 off 0.06518303791505618 neg 0.04889789888213569	false	0.5
trauern	neg 1.0		__DUMMY__ 0.8923339341199027 off 0.05745735986407114 neg 0.05020870601602612	false	0.5
ablehnung	neg 1.0		__DUMMY__ 0.8860750384615684 off 0.059250349367511126 neg 0.0546746121709205	false	0.5
stur	neg 1.0		__DUMMY__ 0.883987950566738 off 0.06258316827069206 neg 0.053428881162569906	false	0.5
aufruhr	neg 1.0		__DUMMY__ 0.8878718826239435 off 0.060218572104057115 neg 0.05190954527199936	false	0.5
melancholie	neg 1.0		__DUMMY__ 0.8900150601796208 off 0.05786114549675196 neg 0.052123794323627105	false	0.5
ist			__DUMMY__ 0.885432391426855 off 0.06314105754946475 neg 0.05142655102368021	false	0.0
torheit	neg 1.0		__DUMMY__ 0.8867647124407992 off 0.061664443891909296 neg 0.051570843667291505	false	0.5
dreckskind	off 1.0		__DUMMY__ 0.8748398501254325 off 0.07273654679927712 neg 0.052423603075290336	false	1.0
umtauschen	neg 1.0		__DUMMY__ 0.8874227863984745 off 0.06043897057823427 neg 0.05213824302329118	false	0.5
zum			__DUMMY__ 0.8980775715446293 off 0.05189787299767512 neg 0.05002455545769568	false	0.0
zersetzen	neg 1.0		__DUMMY__ 0.8887236956058746 off 0.05642159650515218 neg 0.05485470788897323	false	0.5
zur			__DUMMY__ 0.8959786484309865 neg 0.052469653997969795 off 0.05155169757104377	false	0.0
frust	neg 1.0		__DUMMY__ 0.8882064542501292 off 0.059566127099161315 neg 0.05222741865070946	false	0.5
unerbittlichkeit	neg 1.0		__DUMMY__ 0.8898068027605884 off 0.056353859335980645 neg 0.05383933790343085	false	0.5
zwei			__DUMMY__ 0.8962920304221389 off 0.0529544415873386 neg 0.05075352799052243	false	0.0
unkorrekt	neg 1.0		__DUMMY__ 0.8795237057874856 off 0.06918011552791882 neg 0.05129617868459555	false	0.5
hexe	off 1.0		__DUMMY__ 0.8805725178807449 off 0.06603550569562973 neg 0.05339197642362544	false	1.0
lasch	neg 1.0		__DUMMY__ 0.8812393828721581 off 0.06522388418643014 neg 0.05353673294141182	false	0.5
rivale	neg 1.0		__DUMMY__ 0.8817730566749711 off 0.06814399934866056 neg 0.050082943976368345	false	0.5
mutlos	off 1.0	off 1.0	off 0.5135983514830685 __DUMMY__ 0.4445591768905712 neg 0.04184247162636013	false	1.0
wirr	off 1.0		__DUMMY__ 0.8789249267682975 off 0.06999473964250175 neg 0.05108033358920081	false	1.0
jahr			__DUMMY__ 0.8967703538263878 off 0.05526755006602302 neg 0.04796209610758924	false	0.0
wird			__DUMMY__ 0.8881559193511998 off 0.05845883531124021 neg 0.053385245337559985	false	0.0
strafbar	neg 1.0		__DUMMY__ 0.8877499153788754 off 0.05766214191109925 neg 0.05458794271002548	false	0.5
erosion	neg 1.0		__DUMMY__ 0.8893263833122914 off 0.06107221904543932 neg 0.04960139764226924	false	0.5
eingehen	neg 1.0		__DUMMY__ 0.8873517182267793 off 0.057831578788902056 neg 0.054816702984318635	false	0.5
faul	off 1.0		__DUMMY__ 0.8854418154721089 off 0.06504603735454795 neg 0.04951214717334317	false	1.0
provisorium	neg 1.0		__DUMMY__ 0.8986054339959942 neg 0.05209608022374653 off 0.049298485780259284	false	1.0
schmerzen	neg 1.0		__DUMMY__ 0.8867655338833385 off 0.059808921160697484 neg 0.05342554495596394	false	0.5
schrumpfen	neg 1.0		__DUMMY__ 0.8920970048814386 neg 0.05589367256306706 off 0.05200932255549427	false	1.0
geistlos	off 1.0		__DUMMY__ 0.881033174896111 off 0.06421506359404316 neg 0.0547517615098459	false	1.0
fehlkauf	neg 1.0		__DUMMY__ 0.8874522483172594 off 0.06301910497291242 neg 0.049528646709828206	false	0.5
frustrierend	neg 1.0		__DUMMY__ 0.8837033735927222 off 0.06507626242938616 neg 0.05122036397789163	false	0.5
unzufrieden	neg 1.0		__DUMMY__ 0.8858870335200957 off 0.059232402441983696 neg 0.05488056403792057	false	0.5
verzweifeln	neg 1.0		__DUMMY__ 0.8869548113303597 off 0.06038227966345516 neg 0.05266290900618521	false	0.5
verzweifelt	neg 1.0	neg 1.0	neg 0.5113134854660151 __DUMMY__ 0.4412749801950737 off 0.04741153433891125	false	1.0
misstrauensantrag	neg 1.0		__DUMMY__ 0.8851007951631003 off 0.06310315443748413 neg 0.051796050399415657	false	0.5
abfallen	neg 1.0		__DUMMY__ 0.8887621916313853 off 0.061757188954457365 neg 0.04948061941415735	false	0.5
fucker	off 1.0		__DUMMY__ 0.8825701452293147 off 0.06895564760595116 neg 0.04847420716473417	false	1.0
ungezogen	neg 1.0		__DUMMY__ 0.8744391223167667 off 0.07604028125982305 neg 0.049520596423410224	false	0.5
irrsinnig	neg 1.0	neg 1.0	neg 0.5107171403934546 __DUMMY__ 0.44188565047464845 off 0.04739720913189692	false	1.0
unfassbar	neg 1.0		__DUMMY__ 0.8828143912169544 off 0.06715213259024021 neg 0.05003347619280531	false	0.5
hart	neg 1.0		__DUMMY__ 0.8833150283273861 off 0.066571980102476 neg 0.05011299157013794	false	0.5
widerlich	off 1.0		__DUMMY__ 0.8798766492322998 off 0.06782531746280256 neg 0.052298033304897615	false	1.0
fatal	neg 1.0		__DUMMY__ 0.8858189004544558 off 0.06354786579898271 neg 0.050633233746561424	false	0.5
bruch	neg 1.0		__DUMMY__ 0.891131066745187 off 0.05492217806166639 neg 0.053946755193146595	false	0.5
aushungern	neg 1.0		__DUMMY__ 0.8892197940191603 off 0.059639081432097896 neg 0.0511411245487418	false	0.5
anspannung	neg 1.0		__DUMMY__ 0.8965089394557578 off 0.05214012681567928 neg 0.051350933728562836	false	0.5
von			__DUMMY__ 0.8987572616060043 off 0.05531796920419794 neg 0.04592476918979761	false	0.0
kraftlos	neg 1.0		__DUMMY__ 0.8894917114486277 off 0.05885176592952944 neg 0.0516565226218428	false	0.5
vom			__DUMMY__ 0.9000053539796472 neg 0.05033468363871994 off 0.04965996238163285	false	0.0
grenzdebil	off 1.0		__DUMMY__ 0.8833996818862856 off 0.0674095519111945 neg 0.04919076620251985	false	1.0
vor			__DUMMY__ 0.8929638415183695 off 0.05540524452635305 neg 0.051630913955277406	false	0.0
unterwerfen	neg 1.0		__DUMMY__ 0.8892134557499998 off 0.05793271747088977 neg 0.05285382677911041	false	0.5
versenkung	neg 1.0		__DUMMY__ 0.8903928714872387 off 0.058071148509028676 neg 0.051535980003732676	false	0.5
entziehen	neg 1.0		__DUMMY__ 0.8905501032100366 off 0.05503813194670964 neg 0.054411764843253815	false	0.5
finanzkrise	neg 1.0		__DUMMY__ 0.8860993095334394 off 0.060193127376937605 neg 0.05370756308962286	false	0.5
schimpfend	neg 1.0		__DUMMY__ 0.8858685938205341 off 0.06279741974518264 neg 0.05133398643428325	false	0.5
profan	neg 1.0		__DUMMY__ 0.8837598165740358 off 0.06385795048282665 neg 0.05238223294313758	false	0.5
korruption	neg 1.0		__DUMMY__ 0.8883229359543068 off 0.058435578422031835 neg 0.05324148562366135	false	0.5
â			__DUMMY__ 0.8912540341905082 off 0.058295706649038485 neg 0.0504502591604534	false	0.0
schmutzig	neg 1.0		__DUMMY__ 0.8840110254568728 off 0.06784471749476757 neg 0.048144257048359715	false	0.5
sexy	neg 1.0		__DUMMY__ 0.8856809971867622 off 0.06474524840482951 neg 0.04957375440840824	false	0.5
abraten	neg 1.0		__DUMMY__ 0.8854243166262616 off 0.06310966459523548 neg 0.051466018778502966	false	0.5
schwarz	neg 1.0		__DUMMY__ 0.8858446776402673 off 0.06282106513587464 neg 0.051334257223858044	false	0.5
fotze	off 1.0	off 1.0	off 0.514712071416111 __DUMMY__ 0.44638976748513515 neg 0.038898161098753936	false	1.0
verwirren	neg 1.0		__DUMMY__ 0.8843920599085732 off 0.06437188297354667 neg 0.051236057117880096	false	0.5
zahnlos	off 1.0		__DUMMY__ 0.8861734030451819 off 0.06002262670866944 neg 0.0538039702461486	false	1.0
verheeren	neg 1.0		__DUMMY__ 0.8766359399817625 off 0.07750888712971934 neg 0.04585517288851815	false	0.5
hippie	neg 1.0		__DUMMY__ 0.8858017113435719 off 0.06446699888377867 neg 0.049731289772649546	false	0.5
rammen	neg 1.0		__DUMMY__ 0.8847217370582776 off 0.0622901248839174 neg 0.05298813805780497	false	0.5
unlauter	neg 1.0		__DUMMY__ 0.8825985409133859 off 0.06220686140186196 neg 0.055194597684752135	false	0.5
unheilvoll	neg 1.0		__DUMMY__ 0.887346504806403 off 0.06274891001109432 neg 0.04990458518250266	false	0.5
niedrig	neg 1.0		__DUMMY__ 0.8879027484372608 off 0.05648020308816027 neg 0.05561704847457898	false	0.5
explosion	neg 1.0		__DUMMY__ 0.885502313346547 off 0.06389156250486748 neg 0.050606124148585466	false	0.5
weichei	off 1.0	off 1.0	off 0.5246974165983185 __DUMMY__ 0.4366393015553591 neg 0.03866328184632243	false	1.0
minusmensch	off 1.0		__DUMMY__ 0.8732169664951763 off 0.07527687482806744 neg 0.0515061586767562	false	1.0
farblos	neg 1.0		__DUMMY__ 0.8893820638273552 off 0.06039307331543498 neg 0.0502248628572098	false	0.5
unwissend	neg 1.0	neg 1.0	neg 0.5099975473024257 __DUMMY__ 0.43981343269392476 off 0.05018902000364945	false	1.0
traurig	neg 1.0		__DUMMY__ 0.8812184680905686 off 0.06941258519422515 neg 0.04936894671520617	false	0.5
senkung	neg 1.0		__DUMMY__ 0.8820998857058496 off 0.06369989866855343 neg 0.05420021562559706	false	0.5
ungleich	neg 1.0	neg 1.0	neg 0.5121631486485254 __DUMMY__ 0.4447653134059264 off 0.04307153794554811	false	1.0
heikel	neg 1.0		__DUMMY__ 0.8875064998090441 off 0.057134394627459485 neg 0.05535910556349648	false	0.5
drosselung	neg 1.0		__DUMMY__ 0.8827465789052786 off 0.06712692658200137 neg 0.05012649451272002	false	0.5
falsch	neg 1.0		__DUMMY__ 0.8826235196777513 off 0.065237547677565 neg 0.05213893264468366	false	0.5
unzufriedenheit	neg 1.0		__DUMMY__ 0.8902127399857913 off 0.05575960673344221 neg 0.05402765328076652	false	0.5
kurz	neg 1.0		__DUMMY__ 0.8903249590806972 off 0.05956535946142597 neg 0.050109681457876726	false	0.5
unsinnig	neg 1.0		__DUMMY__ 0.8850931459130705 off 0.06015133323456579 neg 0.05475552085236367	false	0.5
penner	off 1.0	off 1.0	off 0.5258862590035556 __DUMMY__ 0.43633807157817145 neg 0.037775669418272886	false	1.0
seicht	neg 1.0		__DUMMY__ 0.872940573001124 off 0.07580144517076201 neg 0.05125798182811394	false	0.5
dummheit	off 1.0	off 1.0	off 0.5188852714954804 __DUMMY__ 0.4407415423668818 neg 0.04037318613763786	false	1.0
unerfreulich	neg 1.0		__DUMMY__ 0.889787422426305 off 0.05621683812809636 neg 0.05399573944559863	false	0.5
motherfucker	off 1.0	off 1.0	off 0.5219047099855262 __DUMMY__ 0.4405589314580962 neg 0.0375363585563776	false	1.0
pikiert	neg 1.0		__DUMMY__ 0.8813316879389296 off 0.06710327950684997 neg 0.051565032554220395	false	0.5
wrack	neg 1.0		__DUMMY__ 0.8908051634435581 off 0.05872368426217043 neg 0.05047115229427145	false	0.5
gangster	neg 1.0		__DUMMY__ 0.885732916809285 off 0.06448021996855728 neg 0.04978686322215778	false	0.5
krank	neg 1.0		__DUMMY__ 0.8834203176758595 off 0.06720886307343969 neg 0.04937081925070075	false	0.5
reich	neg 1.0		__DUMMY__ 0.8866588833893213 off 0.06615508380958736 neg 0.04718603280109133	false	0.5
gnadenlos	neg 1.0		__DUMMY__ 0.8851716555352126 off 0.06255705627176647 neg 0.05227128819302092	false	0.5
niedergeschlagen	neg 1.0		__DUMMY__ 0.8889746429655359 off 0.059833314184161865 neg 0.05119204285030223	false	0.5
terrorisieren	off 1.0	off 1.0	off 0.5137593358251736 __DUMMY__ 0.44616088823289235 neg 0.040079775941934084	false	1.0
sinnlosigkeit	neg 1.0		__DUMMY__ 0.887010912837454 off 0.059457053278330396 neg 0.05353203388421553	false	0.5
behindern	neg 1.0		__DUMMY__ 0.8882891115648343 off 0.060367327650536054 neg 0.051343560784629774	false	0.5
undemokratisch	neg 1.0		__DUMMY__ 0.885449864997 off 0.06238429835862419 neg 0.052165836644375824	false	0.5
wirtschaftskrise	neg 1.0		__DUMMY__ 0.8877783379681471 off 0.058241021437477135 neg 0.05398064059437592	false	0.5
neid	neg 1.0		__DUMMY__ 0.8854065696024485 off 0.06487089317476091 neg 0.049722537222790575	false	0.5
rutschen	neg 1.0		__DUMMY__ 0.8974462102248859 off 0.05280514762010273 neg 0.04974864215501137	false	0.5
rezession	neg 1.0		__DUMMY__ 0.8750993133521372 off 0.06992067796670146 neg 0.054980008681161305	false	0.5
fehlgeburt	neg 1.0		__DUMMY__ 0.8877827410444629 off 0.06267428824328689 neg 0.04954297071225021	false	0.5
charakterschwach	off 1.0		__DUMMY__ 0.8800665616794018 off 0.06771907948023248 neg 0.05221435884036575	false	1.0
isolation	neg 1.0		__DUMMY__ 0.8846780752630042 off 0.06468102296065661 neg 0.05064090177633913	false	0.5
ablenkung	neg 1.0		__DUMMY__ 0.8876374421320126 off 0.061282861711295634 neg 0.05107969615669173	false	0.5
pech	neg 1.0		__DUMMY__ 0.882904654809563 off 0.06445387948508102 neg 0.052641465705355925	false	0.5
vermeidung	neg 1.0		__DUMMY__ 0.8838522982693786 off 0.06729931119766264 neg 0.04884839053295868	false	0.5
dominieren	neg 1.0		__DUMMY__ 0.8906083446145695 off 0.057511709027293724 neg 0.05187994635813666	false	0.5
schwindlig	neg 1.0		__DUMMY__ 0.8871918881737904 off 0.06295453916657671 neg 0.04985357265963291	false	0.5
lutscher	neg 1.0		__DUMMY__ 0.8736649084923287 off 0.07597915494300216 neg 0.05035593656466924	false	0.5
pflicht	neg 1.0		__DUMMY__ 0.8886116908651349 off 0.05612705087305048 neg 0.05526125826181455	false	0.5
faschist	off 1.0		__DUMMY__ 0.8844205826769977 off 0.06478703941649404 neg 0.05079237790650824	false	1.0
verschleudern	neg 1.0		__DUMMY__ 0.8878083936560137 off 0.05691174085696267 neg 0.055279865487023724	false	0.5
wenn			__DUMMY__ 0.8836340702563941 off 0.06541124720810168 neg 0.05095468253550428	false	0.0
ehebruch	neg 1.0		__DUMMY__ 0.8892344721338135 off 0.058420200855998305 neg 0.05234532701018822	false	0.5
spott	off 1.0		__DUMMY__ 0.888065938267817 off 0.057978123525281 neg 0.05395593820690199	false	1.0
trostlosigkeit	neg 1.0		__DUMMY__ 0.8930370948592489 off 0.05545303128373554 neg 0.0515098738570156	false	0.5
lutschen	neg 1.0		__DUMMY__ 0.8835924947830862 off 0.06491669886913581 neg 0.05149080634777804	false	0.5
undiszipliniert	neg 1.0		__DUMMY__ 0.8804025403583577 off 0.06887386375433906 neg 0.05072359588730327	false	0.5
kopfschmerz	neg 1.0		__DUMMY__ 0.8877688072208573 off 0.05885627306568046 neg 0.053374919713462275	false	0.5
unvorhergesehen	neg 1.0		__DUMMY__ 0.8937519804869348 off 0.056178573178827865 neg 0.050069446334237266	false	0.5
desinteressiert	neg 1.0		__DUMMY__ 0.8807608664823627 off 0.06848896078244332 neg 0.05075017273519386	false	0.5
armselig	off 1.0		__DUMMY__ 0.8779129881955364 off 0.06976630483139204 neg 0.05232070697307152	false	1.0
desaster	neg 1.0		__DUMMY__ 0.891372572993908 off 0.054408633343181426 neg 0.054218793662910617	false	0.5
tod	neg 1.0		__DUMMY__ 0.8950068652364134 off 0.05818587841473221 neg 0.046807256348854465	false	0.5
herzlos	neg 1.0		__DUMMY__ 0.8799389949286631 off 0.06955924117310025 neg 0.05050176389823664	false	0.5
unwissenheit	neg 1.0		__DUMMY__ 0.8872101789250993 off 0.05916877595235299 neg 0.05362104512254766	false	0.5
widersinnig	neg 1.0		__DUMMY__ 0.8839602763969777 off 0.05931745057424727 neg 0.056722273028774896	false	0.5
bedenklich	neg 1.0		__DUMMY__ 0.8869206885758828 off 0.05829041091179422 neg 0.05478890051232295	false	0.5
beanstanden	neg 1.0		__DUMMY__ 0.8895077436950962 off 0.05571540687032471 neg 0.05477684943457909	false	0.5
panisch	neg 1.0	neg 1.0	neg 0.5065795506575186 __DUMMY__ 0.44547548786255836 off 0.04794496147992306	false	1.0
debil	off 1.0		__DUMMY__ 0.8982291609903635 neg 0.05165772260333734 off 0.0501131164062992	false	0.5
abstrich	neg 1.0		__DUMMY__ 0.8960138774897421 off 0.05933335423695416 neg 0.044652768273303625	false	0.5
primitiv	neg 1.0		__DUMMY__ 0.8795974868701278 off 0.06804423608782244 neg 0.05235827704204969	false	0.5
abschaum	off 1.0	off 1.0	off 0.5206203039841546 __DUMMY__ 0.4402749012258133 neg 0.0391047947900321	false	1.0
provozieren	neg 1.0		__DUMMY__ 0.8835772328912488 off 0.06239235810067368 neg 0.054030409008077616	false	0.5
tot	neg 1.0		__DUMMY__ 0.8889338698693063 off 0.05828263038171581 neg 0.05278349974897789	false	0.5
instabil	neg 1.0		__DUMMY__ 0.8796638660255932 off 0.0690228206166103 neg 0.05131331335779642	false	0.5
schwuchtel	off 1.0	off 1.0	off 0.5303355526272637 __DUMMY__ 0.43154488014869746 neg 0.03811956722403879	false	1.0
zerren	neg 1.0		__DUMMY__ 0.8889228210815849 off 0.0594314986430598 neg 0.05164568027535534	false	0.5
kinderficker	off 1.0		__DUMMY__ 0.8786191027269943 off 0.07229893428492652 neg 0.049081962988079174	false	1.0
gefahr	neg 1.0		__DUMMY__ 0.891881044506349 off 0.055590785529457495 neg 0.05252816996419356	false	0.5
rabiat	neg 1.0		__DUMMY__ 0.8869314997444996 off 0.06151224023722584 neg 0.05155626001827448	false	0.5
verlangsamung	neg 1.0		__DUMMY__ 0.8745428960768827 off 0.07387277777132734 neg 0.05158432615178984	false	0.5
ausgestorben	neg 1.0		__DUMMY__ 0.8879872093515493 off 0.06114507356632705 neg 0.050867717082123676	false	0.5
anklagen	neg 1.0		__DUMMY__ 0.888740069036105 off 0.05855381870632058 neg 0.0527061122575745	false	0.5
trott	neg 1.0		__DUMMY__ 0.8878468937477274 off 0.060748278015265306 neg 0.051404828237007316	false	0.5
verminderung	neg 1.0		__DUMMY__ 0.8822525263360278 off 0.06758281613458991 neg 0.05016465752938223	false	0.5
nach			__DUMMY__ 0.8972572957293148 off 0.051755779513174616 neg 0.05098692475751069	false	0.0
rost	neg 1.0		__DUMMY__ 0.8778803903100478 off 0.0723816944979796 neg 0.04973791519197256	false	0.5
destruktiv	neg 1.0		__DUMMY__ 0.884913803567654 off 0.06121873272844445 neg 0.05386746370390157	false	0.5
unzumutbarkeit	neg 1.0		__DUMMY__ 0.8844690714368207 off 0.06644163111506195 neg 0.0490892974481173	false	0.5
labil	off 1.0	off 1.0	off 0.5200132889251422 __DUMMY__ 0.4412449588145823 neg 0.038741752260275424	false	1.0
ziemlich	neg 1.0		__DUMMY__ 0.8836053441566337 off 0.06692046138687922 neg 0.049474194456487	false	0.5
lachnummer	off 1.0		__DUMMY__ 0.8845234103538836 off 0.0620322222037121 neg 0.05344436744240428	false	1.0
oder			__DUMMY__ 0.8873488378215442 off 0.061906455621766596 neg 0.05074470655668919	false	0.0
verfall	neg 1.0		__DUMMY__ 0.893582876545918 neg 0.05436155862298043 off 0.05205556483110167	false	1.0
ausgrenzung	neg 1.0		__DUMMY__ 0.8856081412375753 off 0.06296627708234943 neg 0.0514255816800754	false	0.5
unordnung	neg 1.0		__DUMMY__ 0.8854156129811208 off 0.06878962727154436 neg 0.04579475974733479	false	0.5
fehlverhalten	neg 1.0		__DUMMY__ 0.8875604837108013 off 0.056755967321632995 neg 0.05568354896756571	false	0.5
eine			__DUMMY__ 0.8917644880082115 off 0.0558724994863475 neg 0.05236301250544099	false	0.0
nille	neg 1.0		__DUMMY__ 0.888857752862595 off 0.06089590300310791 neg 0.050246344134297044	false	0.5
qual	neg 1.0		__DUMMY__ 0.888339496392076 off 0.06039395882258085 neg 0.05126654478534311	false	0.5
verschwenden	neg 1.0		__DUMMY__ 0.8871903104572134 off 0.057530078907266455 neg 0.055279610635520164	false	0.5
riesig	neg 1.0		__DUMMY__ 0.8917834315972982 off 0.05769128345421492 neg 0.05052528494848689	false	0.5
verurteilen	neg 1.0		__DUMMY__ 0.8861756733312309 off 0.05917677219028233 neg 0.05464755447848672	false	0.5
klischee	neg 1.0	neg 1.0	neg 0.5101121631110803 __DUMMY__ 0.44054039377073734 off 0.049347443118182385	false	1.0
diktatorisch	neg 1.0		__DUMMY__ 0.8846214534441202 off 0.06259124612774926 neg 0.05278730042813045	false	0.5
vorhersehbar	neg 1.0		__DUMMY__ 0.881471402892181 off 0.06458242362437683 neg 0.053946173483442224	false	0.5
sowie			__DUMMY__ 0.8784062108577774 off 0.07159853244931266 neg 0.049995256692909947	false	0.0
stornieren	neg 1.0		__DUMMY__ 0.8910648386383792 off 0.06283295455775516 neg 0.04610220680386566	false	0.5
besteuerung	neg 1.0		__DUMMY__ 0.882924905999422 off 0.061692904412133584 neg 0.05538218958844444	false	0.5
ungeschminkt	neg 1.0		__DUMMY__ 0.8790258310731637 off 0.06740049221370152 neg 0.05357367671313477	false	0.5
kritisch	neg 1.0		__DUMMY__ 0.8876467941790649 off 0.05808696920312635 neg 0.05426623661780875	false	0.5
schlamperei	off 1.0		__DUMMY__ 0.8904246763344311 off 0.05676053666038272 neg 0.05281478700518614	false	1.0
sucht	neg 1.0	neg 1.0	neg 0.5031259477703193 __DUMMY__ 0.4504574409148416 off 0.04641661131483911	false	1.0
egoistisch	off 1.0		__DUMMY__ 0.8760115849067415 off 0.07235499402530791 neg 0.05163342106795055	false	1.0
ausbeuter	off 1.0		__DUMMY__ 0.8868063347548704 off 0.056747887285752835 neg 0.05644577795937674	false	1.0
arschgeburt	off 1.0		__DUMMY__ 0.8687733879668753 off 0.07992264053726164 neg 0.051303971495863014	false	1.0
schubs	neg 1.0		__DUMMY__ 0.8882103924573143 off 0.05890595356998379 neg 0.05288365397270195	false	0.5
unsolide	neg 1.0		__DUMMY__ 0.8827845630093933 off 0.06311277886361699 neg 0.054102658126989674	false	0.5
beschwerde	neg 1.0		__DUMMY__ 0.8879604710374855 off 0.05748937925819607 neg 0.0545501497043184	false	0.5
stocken	neg 1.0		__DUMMY__ 0.8904163918348901 off 0.05703614857008953 neg 0.05254745959502038	false	0.5
isolieren	neg 1.0		__DUMMY__ 0.8886960906648617 off 0.05847478385157529 neg 0.05282912548356304	false	0.5
unheilbar	neg 1.0		__DUMMY__ 0.8880602006718885 off 0.06176438663553045 neg 0.05017541269258097	false	0.5
pisser	off 1.0		__DUMMY__ 0.8795769406151249 off 0.0692713747967118 neg 0.0511516845881632	false	1.0
löschen	neg 1.0		__DUMMY__ 0.8881208146869762 off 0.061133598399666436 neg 0.05074558691335736	false	0.5
durchfallen	neg 1.0		__DUMMY__ 0.8853176085274943 off 0.05862360738251885 neg 0.05605878408998694	false	0.5
wichser	off 1.0	off 1.0	off 0.5281964895527616 __DUMMY__ 0.43449248212172503 neg 0.037311028325513314	false	1.0
terror	neg 1.0		__DUMMY__ 0.8860575880873062 off 0.06396015046713989 neg 0.049982261445554	false	0.5
krass	neg 1.0		__DUMMY__ 0.879177182008007 off 0.06992247199597122 neg 0.050900345996021785	false	0.5
revolte	neg 1.0		__DUMMY__ 0.8858442086339043 off 0.06335198937193225 neg 0.05080380199416347	false	0.5
besorgt	neg 1.0		__DUMMY__ 0.8927583435515514 off 0.0594961353518554 neg 0.04774552109659336	false	0.5
nachlassen	neg 1.0		__DUMMY__ 0.8932158042317119 off 0.05668698255090559 neg 0.05009721321738249	false	0.5
alt	neg 1.0		__DUMMY__ 0.8890917421774563 off 0.05836397204054356 neg 0.052544285782000086	false	0.5
hundesohn	off 1.0		__DUMMY__ 0.8738019292730282 off 0.07656044117395554 neg 0.04963762955301626	false	1.0
als			__DUMMY__ 0.88770452436177 off 0.05926985548889526 neg 0.053025620149334596	false	0.0
abschreckung	neg 1.0		__DUMMY__ 0.890595173800298 off 0.055600316905335824 neg 0.0538045092943663	false	0.5
unqualifiziert	neg 1.0		__DUMMY__ 0.8805833979223012 off 0.06546356058895499 neg 0.05395304148874374	false	0.5
abgewichst	off 1.0		__DUMMY__ 0.8893816005112816 off 0.060109017309631425 neg 0.05050938217908696	false	1.0
schwer	neg 1.0		__DUMMY__ 0.8858029317000788 off 0.06081608331072564 neg 0.05338098498919545	false	0.5
bedeutungslosigkeit	neg 1.0		__DUMMY__ 0.8890312023828151 off 0.05658178677794876 neg 0.054387010839236166	false	0.5
kapitulation	neg 1.0		__DUMMY__ 0.8897030219078175 off 0.057811016319913824 neg 0.05248596177226863	false	0.5
unscharf	neg 1.0		__DUMMY__ 0.8833557073209974 off 0.06318382008132024 neg 0.053460472597682364	false	0.5
schwinden	neg 1.0		__DUMMY__ 0.8915388708168929 off 0.056248409949424226 neg 0.05221271923368292	false	0.5
versklavung	neg 1.0		__DUMMY__ 0.8877369024884667 off 0.062148223558366265 neg 0.050114873953167084	false	0.5
schlecht	neg 1.0		__DUMMY__ 0.8834736590061583 off 0.06715019001443195 neg 0.04937615097940981	false	0.5
verhasst	neg 1.0		__DUMMY__ 0.8821492355564952 off 0.06294908095277384 neg 0.05490168349073104	false	0.5
beschweren	neg 1.0		__DUMMY__ 0.8848767727171899 off 0.0633015389092578 neg 0.05182168837355224	false	0.5
scheiden	neg 1.0		__DUMMY__ 0.8894708626771777 off 0.0607233090537732 neg 0.04980582826904918	false	0.5
frustriert	neg 1.0		__DUMMY__ 0.8862278778798812 off 0.06005551317245986 neg 0.05371660894765888	false	0.5
schimmelig	neg 1.0		__DUMMY__ 0.8864077857075967 off 0.058053951674422836 neg 0.0555382626179805	false	0.5
fisch	neg 1.0		__DUMMY__ 0.8893014585030132 neg 0.05557554995609818 off 0.0551229915408885	false	1.0
schmuggel	neg 1.0		__DUMMY__ 0.8905593183004511 off 0.056859098880328425 neg 0.052581582819220436	false	0.5
auffallen	neg 1.0		__DUMMY__ 0.8844554139666555 off 0.06401736169432806 neg 0.05152722433901647	false	0.5
konkurrenz	neg 1.0		__DUMMY__ 0.8907428477302721 off 0.05522778596162528 neg 0.05402936630810261	false	0.5
teufelskreis	neg 1.0		__DUMMY__ 0.8854305667010746 off 0.06111532437855401 neg 0.05345410892037145	false	0.5
aufschreien	neg 1.0		__DUMMY__ 0.8831131080930819 off 0.06417550545177901 neg 0.052711386455139106	false	0.5
schuldner	neg 1.0		__DUMMY__ 0.8884753121580438 off 0.05597792597990439 neg 0.055546761862051944	false	0.5
missgeburt	off 1.0	off 1.0	off 0.5253311457083252 __DUMMY__ 0.4358318116409255 neg 0.038837042650749345	false	1.0
arbeitslos	neg 1.0		__DUMMY__ 0.8848770290170547 off 0.05902962940310213 neg 0.05609334157984322	false	0.5
befallen	neg 1.0		__DUMMY__ 0.8905728362240642 off 0.05994086410405599 neg 0.04948629967187975	false	0.5
miesepetrig	off 1.0	off 1.0	off 0.5202682668680071 __DUMMY__ 0.4411887574689761 neg 0.03854297566301683	false	1.0
alarmieren	neg 1.0		__DUMMY__ 0.8825617507915936 off 0.06579401671135592 neg 0.05164423249705047	false	0.5
ungeduscht	off 1.0		__DUMMY__ 0.8823727641446953 off 0.06500876789173193 neg 0.052618467963572786	false	1.0
knappheit	neg 1.0		__DUMMY__ 0.8855766531431206 off 0.05840526975702088 neg 0.05601807709985857	false	0.5
schlange	neg 1.0		__DUMMY__ 0.8895424752829786 off 0.06258881275689591 neg 0.04786871196012554	false	0.5
harsch	neg 1.0		__DUMMY__ 0.8826548366578053 off 0.07103680828711242 neg 0.04630835505508233	false	0.5
lang	neg 1.0		__DUMMY__ 0.8877767608053937 off 0.061970824188899785 neg 0.05025241500570659	false	0.5
ziellos	neg 1.0		__DUMMY__ 0.8904457494348513 off 0.05811852123002719 neg 0.05143572933512146	false	0.5
selbstverliebt	neg 1.0		__DUMMY__ 0.8712031825915489 off 0.07751360684366214 neg 0.05128321056478888	false	0.5
beseitigen	neg 1.0		__DUMMY__ 0.889682536436567 off 0.05968865215581936 neg 0.05062881140761357	false	0.5
dumm	off 1.0		__DUMMY__ 0.8766684037734638 off 0.0729234031614915 neg 0.05040819306504479	false	1.0
arbeitsloser	neg 1.0		__DUMMY__ 0.8874478238628967 off 0.05903569093286312 neg 0.053516485204240155	false	0.5
blitzen	neg 1.0		__DUMMY__ 0.8857562415755136 off 0.06437073255535977 neg 0.0498730258691267	false	0.5
hilflos	neg 1.0		__DUMMY__ 0.8869663577585888 off 0.05956252988936856 neg 0.053471112352042584	false	0.5
eklig	off 1.0		__DUMMY__ 0.8746410173664138 off 0.07351703962939943 neg 0.05184194300418679	false	1.0
begriff			__DUMMY__ 0.8863432464547096 off 0.060720968425388815 neg 0.05293578511990162	false	0.0
hungersnot	neg 1.0		__DUMMY__ 0.8906595868451079 off 0.058899305418561955 neg 0.05044110773633015	false	0.5
ungesetzlich	neg 1.0		__DUMMY__ 0.8818352652718582 off 0.06240138500076217 neg 0.05576334972737957	false	0.5
verschwendung	neg 1.0		__DUMMY__ 0.8892592807405957 off 0.057179639777686676 neg 0.053561079481717636	false	0.5
schmerzvoll	neg 1.0		__DUMMY__ 0.8859352541154177 off 0.06297537325981464 neg 0.051089372624767634	false	0.5
vorzeitig	neg 1.0		__DUMMY__ 0.8865145784493171 off 0.06391768111387076 neg 0.049567740436812065	false	0.5
unvollkommenheit	neg 1.0		__DUMMY__ 0.893249465452387 off 0.05819621739038529 neg 0.04855431715722764	false	0.5
intervenieren	neg 1.0		__DUMMY__ 0.8877538119219088 off 0.05712963744115835 neg 0.05511655063693276	false	0.5
banause	off 1.0		__DUMMY__ 0.8711981867286386 off 0.07601913438370475 neg 0.05278267888765669	false	1.0
rebell	neg 1.0		__DUMMY__ 0.892133995094161 neg 0.05466172745645593 off 0.05320427744938306	false	1.0
unlogisch	neg 1.0		__DUMMY__ 0.878110051557346 off 0.06937709682468111 neg 0.052512851617972936	false	0.5
leiden	neg 1.0		__DUMMY__ 0.8922895018516508 off 0.055671337196432726 neg 0.05203916095191648	false	0.5
abschaffung	neg 1.0		__DUMMY__ 0.8857360120633635 off 0.06153971968292908 neg 0.05272426825370746	false	0.5
sturz	neg 1.0		__DUMMY__ 0.8892404022976264 off 0.06122876781787776 neg 0.04953082988449587	false	0.5
verkleinerung	neg 1.0		__DUMMY__ 0.8803499896340954 off 0.06418786185529353 neg 0.05546214851061119	false	0.5
schmarotzer	off 1.0		__DUMMY__ 0.8833459623975644 off 0.059819306063506224 neg 0.056834731538929414	false	1.0
bestrafung	neg 1.0		__DUMMY__ 0.8868607613976848 off 0.062416125457214214 neg 0.050723113145100925	false	0.5
achtlos	neg 1.0	neg 1.0	neg 0.508968132035626 __DUMMY__ 0.44512451542902115 off 0.04590735253535281	false	1.0
ungeheuer	neg 1.0		__DUMMY__ 0.8867262301751062 off 0.06347351738010262 neg 0.04980025244479124	false	0.5
unaufrichtig	neg 1.0		__DUMMY__ 0.8870537276167949 off 0.06430009686292189 neg 0.04864617552028313	false	0.5
