unsolidarisch	neg 1.0		__DUMMY__ 0.4717152911015073 off 0.28183052434630074 neg 0.24645418455219187	false	0.5
nachteilig	neg 1.0		__DUMMY__ 0.47581310726840925 off 0.2780089038856309 neg 0.24617798884595984	false	0.5
skeptisch	neg 1.0		__DUMMY__ 0.4760726820424187 off 0.27737447304045776 neg 0.24655284491712348	false	0.5
schrecklich	neg 1.0		__DUMMY__ 0.46914370065498456 off 0.2935513652142235 neg 0.2373049341307921	false	0.5
schlapp	neg 1.0		__DUMMY__ 0.47165772047052246 off 0.28933320235922405 neg 0.23900907717025363	false	0.5
abfall	neg 1.0		__DUMMY__ 0.4796828645402289 off 0.27432670361978717 neg 0.24599043183998404	false	0.5
widerspenstig	neg 1.0		__DUMMY__ 0.47455245881710195 off 0.2836362759609895 neg 0.2418112652219086	false	0.5
abrupt	neg 1.0		__DUMMY__ 0.47850673971574065 off 0.27949227105844876 neg 0.24200098922581048	false	0.5
unwirksam	neg 1.0		__DUMMY__ 0.4707299377880117 off 0.2813831567397546 neg 0.24788690547223374	false	0.5
angreifen	neg 1.0		__DUMMY__ 0.47630593503173496 off 0.27745642832161505 neg 0.2462376366466501	false	0.5
inkonsistent	neg 1.0		__DUMMY__ 0.4732839702664644 off 0.28413570744983935 neg 0.2425803222836964	false	0.5
abrutschen	neg 1.0		__DUMMY__ 0.477685744198473 off 0.27405902614255356 neg 0.24825522965897343	false	0.5
unsicher	neg 1.0		__DUMMY__ 0.4750061274550025 off 0.28332448952541545 neg 0.24166938301958207	false	0.5
bauernkind	off 1.0	off 1.0	off 0.6360266222885059 __DUMMY__ 0.22523724590383193 neg 0.13873613180766212	false	1.0
angreifer	neg 1.0	neg 1.0	neg 0.6055280570266437 __DUMMY__ 0.23205743087189848 off 0.16241451210145796	false	1.0
trennen	neg 1.0		__DUMMY__ 0.4787697616858809 off 0.27810734046892155 neg 0.2431228978451976	false	0.5
schmutz	neg 1.0		__DUMMY__ 0.47822883009799 off 0.2870716045749763 neg 0.23469956532703368	false	0.5
inkonsistenz	neg 1.0		__DUMMY__ 0.46747106438884156 off 0.28743359076986563 neg 0.24509534484129292	false	0.5
erschreckend	neg 1.0		__DUMMY__ 0.47356359066262277 off 0.2818442321326728 neg 0.24459217720470455	false	0.5
ertrinken	neg 1.0		__DUMMY__ 0.4777246723295182 off 0.2787187914437285 neg 0.24355653622675313	false	0.5
pickelface	off 1.0		__DUMMY__ 0.47567000025826306 off 0.2825582710792652 neg 0.24177172866247187	false	1.0
seiner			__DUMMY__ 0.4766449703464459 off 0.2780600575786681 neg 0.2452949720748859	false	0.0
lauch	neg 1.0		__DUMMY__ 0.47943104457014357 off 0.27551903462250443 neg 0.2450499208073519	false	0.5
unwichtig	neg 1.0		__DUMMY__ 0.47027452357023314 off 0.2881331385792581 neg 0.2415923378505087	false	0.5
steuerhinterziehung	neg 1.0	neg 1.0	neg 0.6096382403757498 __DUMMY__ 0.2314607250757652 off 0.15890103454848511	false	1.0
schock	neg 1.0		__DUMMY__ 0.47582178215498183 off 0.28266472888833416 neg 0.24151348895668406	false	0.5
beule	neg 1.0		__DUMMY__ 0.4709204999522449 off 0.2903936513683261 neg 0.238685848679429	false	0.5
vergelten	neg 1.0		__DUMMY__ 0.4718048400823764 off 0.29304289063337574 neg 0.23515226928424793	false	0.5
verdorbenheit	neg 1.0		__DUMMY__ 0.4763450168693491 off 0.2848539378865161 neg 0.2388010452441349	false	0.5
trauma	neg 1.0		__DUMMY__ 0.47431233276926454 off 0.28449196911153773 neg 0.2411956981191977	false	0.5
sinnlos	neg 1.0		__DUMMY__ 0.4733902050995968 off 0.2858226219192014 neg 0.2407871729812019	false	0.5
fettsack	off 1.0	off 1.0	off 0.6372137576148349 __DUMMY__ 0.22608663102582896 neg 0.13669961135933617	false	1.0
feige	off 1.0	off 1.0	off 0.6337746770691188 __DUMMY__ 0.22841182351871903 neg 0.13781349941216206	false	1.0
abdanken	neg 1.0		__DUMMY__ 0.4748850419817049 off 0.2825253792381328 neg 0.24258957878016238	false	0.5
wichtigtuer	off 1.0	off 1.0	off 0.6322866509678127 __DUMMY__ 0.22947698311324377 neg 0.13823636591894364	false	1.0
misslingen	neg 1.0		__DUMMY__ 0.4777853285581378 off 0.2852057088852446 neg 0.2370089625566175	false	0.5
untreu	off 1.0		__DUMMY__ 0.4709700406243424 off 0.2891485112229072 neg 0.23988144815275053	false	1.0
missmutig	neg 1.0		__DUMMY__ 0.47248455164330283 off 0.2888531488369237 neg 0.2386622995197735	false	0.5
hurenbock	off 1.0		__DUMMY__ 0.4757640003359885 off 0.28648328754263835 neg 0.23775271212137297	false	1.0
betrunken	neg 1.0		__DUMMY__ 0.47097556392694895 off 0.29135481065252344 neg 0.23766962542052764	false	0.5
korrupt	off 1.0		__DUMMY__ 0.4727523532312686 off 0.2792740193239862 neg 0.24797362744474524	false	1.0
unmut	neg 1.0		__DUMMY__ 0.4782642690766307 off 0.2744372065766673 neg 0.24729852434670188	false	0.5
hackfresse	off 1.0		__DUMMY__ 0.4661834091166036 off 0.29713082919989836 neg 0.23668576168349806	false	1.0
aufblasen	neg 1.0		__DUMMY__ 0.4744570080406534 off 0.28577513833028284 neg 0.23976785362906383	false	0.5
gewaltsam	neg 1.0		__DUMMY__ 0.47622434045596757 off 0.28204730124326843 neg 0.24172835830076397	false	0.5
unbeliebtheit	neg 1.0		__DUMMY__ 0.4694202148484395 off 0.28652978812983976 neg 0.24404999702172073	false	0.5
sturheit	neg 1.0		__DUMMY__ 0.4742214102549818 off 0.28136452088042824 neg 0.24441406886458994	false	0.5
kuh	neg 1.0		__DUMMY__ 0.4690133208513094 off 0.2843192118193295 neg 0.2466674673293612	false	0.5
erschrecken	neg 1.0		__DUMMY__ 0.47332398384433894 off 0.2887959876721326 neg 0.2378800284835285	false	0.5
opfer	neg 1.0		__DUMMY__ 0.47624829066621854 off 0.27936669420453264 neg 0.24438501512924868	false	0.5
sinken	neg 1.0		__DUMMY__ 0.47868507724388104 off 0.2754474675646874 neg 0.24586745519143166	false	0.5
stinktier	neg 1.0		__DUMMY__ 0.46431514194937484 off 0.2925492282842917 neg 0.24313562976633352	false	0.5
tucke	off 1.0		__DUMMY__ 0.46533445905908016 off 0.2984121460238398 neg 0.23625339491708017	false	1.0
ein			__DUMMY__ 0.4738375669181116 off 0.28441788348670716 neg 0.24174454959518135	false	0.0
abstieg	neg 1.0		__DUMMY__ 0.47671826659064037 off 0.2780991360008201 neg 0.24518259740853954	false	0.5
missverstehen	neg 1.0		__DUMMY__ 0.4705522636560613 off 0.2856833288829077 neg 0.243764407461031	false	0.5
ergebnislos	neg 1.0		__DUMMY__ 0.4768878624561672 off 0.2777462395731658 neg 0.24536589797066707	false	0.5
unter			__DUMMY__ 0.4828034356478243 off 0.269952526031465 neg 0.24724403832071065	false	0.0
manipulieren	neg 1.0		__DUMMY__ 0.47746906166616276 off 0.2774945367463346 neg 0.24503640158750267	false	0.5
unbewiesen	neg 1.0		__DUMMY__ 0.4710592409226192 off 0.28151731483027254 neg 0.2474234442471083	false	0.5
verschleppen	neg 1.0		__DUMMY__ 0.4752069222571976 off 0.27931250757980125 neg 0.24548057016300115	false	0.5
weib	off 1.0		__DUMMY__ 0.46353523372530275 off 0.29700403935933967 neg 0.2394607269153577	false	1.0
opposition	neg 1.0		__DUMMY__ 0.47218483857632726 off 0.2843690123209569 neg 0.24344614910271592	false	0.5
verkehrswidrig	neg 1.0		__DUMMY__ 0.47241164229094346 off 0.2947265032607317 neg 0.23286185444832488	false	0.5
inkorrekt	neg 1.0		__DUMMY__ 0.4676285655539225 off 0.29195544633228515 neg 0.2404159881137923	false	0.5
vermeiden	neg 1.0		__DUMMY__ 0.47955555488574003 off 0.27283573872179034 neg 0.24760870639246976	false	0.5
abweichung	neg 1.0		__DUMMY__ 0.47506898328059377 off 0.2786436761318291 neg 0.24628734058757704	false	0.5
alkoholisiert	neg 1.0		__DUMMY__ 0.4772913533673272 off 0.27843042355761655 neg 0.24427822307505614	false	0.5
scheiss	off 1.0	off 1.0	off 0.6344328100612768 __DUMMY__ 0.22903770690797454 neg 0.13652948303074872	false	1.0
herausforderung	neg 1.0		__DUMMY__ 0.4772167561193309 off 0.27780634991271047 neg 0.24497689396795844	false	0.5
pervers	off 1.0		__DUMMY__ 0.4639416046885483 off 0.3007789288559095 neg 0.23527946645554226	false	1.0
wackelig	neg 1.0		__DUMMY__ 0.4777116048601236 off 0.2819484658901079 neg 0.24033992924976838	false	0.5
verwickeln	neg 1.0		__DUMMY__ 0.4709272099600672 off 0.2851130753874582 neg 0.2439597146524746	false	0.5
vorwand	neg 1.0		__DUMMY__ 0.47653229431055233 off 0.27692382238378854 neg 0.24654388330565913	false	0.5
muschi	off 1.0		__DUMMY__ 0.4753777559854977 off 0.282601847611581 neg 0.2420203964029212	false	1.0
entmutigung	neg 1.0		__DUMMY__ 0.4731014473539112 off 0.28425466539714683 neg 0.24264388724894198	false	0.5
unangemessen	neg 1.0		__DUMMY__ 0.47265328413759566 off 0.2803248044779746 neg 0.2470219113844299	false	0.5
unstetig	neg 1.0		__DUMMY__ 0.4728485882002022 off 0.28612756604111955 neg 0.24102384575867816	false	0.5
entmutigen	neg 1.0		__DUMMY__ 0.47386106481991447 off 0.2842976377851254 neg 0.24184129739496016	false	0.5
schwanz	neg 1.0		__DUMMY__ 0.4767090614501064 off 0.2798652008166759 neg 0.2434257377332179	false	0.5
verbot	neg 1.0		__DUMMY__ 0.47491587615134084 off 0.2796577230737363 neg 0.24542640077492275	false	0.5
leid	neg 1.0		__DUMMY__ 0.4670232801010123 off 0.2948383328764853 neg 0.23813838702250234	false	0.5
archaisch	neg 1.0		__DUMMY__ 0.4746340717735776 off 0.2815652472025356 neg 0.24380068102388686	false	0.5
gegen			__DUMMY__ 0.4781132348163523 off 0.2752725252030494 neg 0.2466142399805982	false	0.0
scheidung	neg 1.0		__DUMMY__ 0.46601124090870616 off 0.30722726053111277 neg 0.22676149856018116	false	0.5
einschlag	neg 1.0		__DUMMY__ 0.46997987171722155 off 0.29222868915166106 neg 0.23779143913111733	false	0.5
m			__DUMMY__ 0.47639412626227934 off 0.28094826689668306 neg 0.24265760684103752	false	0.0
abgestanden	neg 1.0		__DUMMY__ 0.47317664481559396 off 0.28368563468699587 neg 0.24313772049741028	false	0.5
schmierig	off 1.0		__DUMMY__ 0.46901729541987536 off 0.2947424139678785 neg 0.236240290612246	false	1.0
unpraktisch	neg 1.0		__DUMMY__ 0.4735282305895385 off 0.28496986737580193 neg 0.24150190203465952	false	0.5
wixxer	off 1.0		__DUMMY__ 0.46248533415671517 off 0.30040900405539894 neg 0.23710566178788592	false	1.0
bezeichnet			__DUMMY__ 0.4721734409701382 off 0.2824196883965845 neg 0.2454068706332773	false	0.0
jammerlappen	off 1.0		__DUMMY__ 0.4720471741298227 off 0.28895993519366486 neg 0.2389928906765125	false	1.0
farce	neg 1.0		__DUMMY__ 0.473947179174403 off 0.2805918458443303 neg 0.24546097498126668	false	0.5
zwecklos	neg 1.0		__DUMMY__ 0.47402659643755113 off 0.28049458003988337 neg 0.2454788235225656	false	0.5
turbulent	neg 1.0		__DUMMY__ 0.4704437650184624 off 0.2903682254555072 neg 0.2391880095260303	false	0.5
invasion	neg 1.0		__DUMMY__ 0.4726880102085284 off 0.2852177041207945 neg 0.2420942856706769	false	0.5
schuld	neg 1.0		__DUMMY__ 0.47250093860686704 off 0.2839728667757232 neg 0.2435261946174098	false	0.5
risiko	neg 1.0	neg 1.0	neg 0.6057446349277175 __DUMMY__ 0.2322944236596349 off 0.1619609414126476	false	1.0
finster	neg 1.0		__DUMMY__ 0.4718460813245971 off 0.2839998073817855 neg 0.24415411129361733	false	0.5
geisteskrank	off 1.0		__DUMMY__ 0.4678576689247588 off 0.28960596663149885 neg 0.24253636444374252	false	1.0
zusammenbrechen	neg 1.0		__DUMMY__ 0.4751079484204557 off 0.28108375474013475 neg 0.24380829683940966	false	0.5
ausbeute	neg 1.0		__DUMMY__ 0.4810935632354272 off 0.2813901855635662 neg 0.23751625120100667	false	0.5
hinterhalt	neg 1.0		__DUMMY__ 0.4805496576199002 off 0.283685333776758 neg 0.2357650086033417	false	0.5
kritik	neg 1.0		__DUMMY__ 0.47384271558640717 off 0.2802887207666761 neg 0.2458685636469168	false	0.5
einschrumpfen	neg 1.0		__DUMMY__ 0.4710607700587879 off 0.2872970598806608 neg 0.24164217006055122	false	0.5
riskant	neg 1.0		__DUMMY__ 0.4751628304339387 off 0.2777667499777795 neg 0.24707041958828185	false	0.5
frustrieren	neg 1.0		__DUMMY__ 0.47506993841999656 off 0.27890723538054885 neg 0.2460228261994547	false	0.5
groll	neg 1.0		__DUMMY__ 0.4741343948107696 off 0.2799143218674918 neg 0.24595128332173866	false	0.5
gibt			__DUMMY__ 0.47515161976761866 off 0.28117304425366396 neg 0.24367533597871727	false	0.0
qualvoll	neg 1.0		__DUMMY__ 0.4736546675236383 off 0.2872243352858515 neg 0.23912099719051016	false	0.5
wackeln	neg 1.0		__DUMMY__ 0.4760781891484087 off 0.2851814813610691 neg 0.2387403294905222	false	0.5
klagen	neg 1.0		__DUMMY__ 0.47726633847154104 off 0.2750203232841803 neg 0.24771333824427869	false	0.5
bankrott	neg 1.0		__DUMMY__ 0.4734628036407943 off 0.28873150171727074 neg 0.23780569464193504	false	0.5
trauern	neg 1.0		__DUMMY__ 0.4783161559407532 off 0.27969027591357093 neg 0.24199356814567577	false	0.5
ablehnung	neg 1.0		__DUMMY__ 0.4737279594637183 off 0.27984751585253065 neg 0.24642452468375117	false	0.5
stur	neg 1.0		__DUMMY__ 0.4722005547261496 off 0.2840513757767677 neg 0.24374806949708272	false	0.5
aufruhr	neg 1.0		__DUMMY__ 0.475036734629372 off 0.28201826885105374 neg 0.24294499651957438	false	0.5
melancholie	neg 1.0		__DUMMY__ 0.47645268799908863 off 0.2800126105703539 neg 0.24353470143055736	false	0.5
ist			__DUMMY__ 0.47322671856054455 off 0.2854006746532206 neg 0.24137260678623476	false	0.0
torheit	neg 1.0		__DUMMY__ 0.47413937225402003 off 0.2836041607221961 neg 0.2422564670237838	false	0.5
dreckskind	off 1.0		__DUMMY__ 0.46523729668046654 off 0.2954174733871449 neg 0.23934522993238852	false	1.0
umtauschen	neg 1.0		__DUMMY__ 0.4744908962578836 off 0.2828706213081176 neg 0.24263848243399883	false	0.5
zum			__DUMMY__ 0.48255501634750486 off 0.2741875416307184 neg 0.2432574420217768	false	0.0
zersetzen	neg 1.0		__DUMMY__ 0.4757293471630026 off 0.27697253934204474 neg 0.24729811349495262	false	0.5
zur			__DUMMY__ 0.4810616800673685 off 0.27270048314845863 neg 0.246237836784173	false	0.0
frust	neg 1.0		__DUMMY__ 0.4753967399836152 off 0.281179390930352 neg 0.2434238690860329	false	0.5
unerbittlichkeit	neg 1.0		__DUMMY__ 0.4764965568174984 off 0.2772427737458413 neg 0.24626066943666033	false	0.5
zwei			__DUMMY__ 0.4812698000405605 off 0.27511190117702994 neg 0.24361829878240956	false	0.0
unkorrekt	neg 1.0		__DUMMY__ 0.4686464074425649 off 0.2918542923438182 neg 0.2394993002136169	false	0.5
hexe	off 1.0		__DUMMY__ 0.4694008607421498 off 0.2882886922337031 neg 0.24231044702414709	false	1.0
lasch	neg 1.0		__DUMMY__ 0.4701113179496096 off 0.28677851692385464 neg 0.24311016512653577	false	0.5
rivale	neg 1.0		__DUMMY__ 0.4703045805907708 off 0.2914181197198534 neg 0.2382772996893758	false	0.5
mutlos	off 1.0	off 1.0	off 0.6278564647959235 __DUMMY__ 0.23160548589271668 neg 0.14053804931135988	false	1.0
wirr	off 1.0		__DUMMY__ 0.4682402869106537 off 0.2928840923574737 neg 0.23887562073187274	false	1.0
jahr			__DUMMY__ 0.48148643491145293 off 0.27852092901040554 neg 0.2399926360781414	false	0.0
wird			__DUMMY__ 0.47532911572266545 off 0.27975732785128715 neg 0.24491355642604734	false	0.0
strafbar	neg 1.0		__DUMMY__ 0.4749893462460458 off 0.27827420141861264 neg 0.24673645233534175	false	0.5
erosion	neg 1.0		__DUMMY__ 0.47604092277296295 off 0.2840287906705371 neg 0.23993028655649992	false	0.5
eingehen	neg 1.0		__DUMMY__ 0.47477477821615466 off 0.2784617901169026 neg 0.24676343166694262	false	0.5
faul	off 1.0		__DUMMY__ 0.47294277340858226 off 0.2884868606053953 neg 0.23857036598602246	false	1.0
provisorium	neg 1.0		__DUMMY__ 0.48295201808492594 off 0.2707435615412558 neg 0.24630442037381828	false	0.5
schmerzen	neg 1.0		__DUMMY__ 0.4739962985113198 off 0.281776655719049 neg 0.24422704576963125	false	0.5
schrumpfen	neg 1.0		__DUMMY__ 0.4782398553850511 off 0.27198444497263446 neg 0.24977569964231439	false	0.5
geistlos	off 1.0		__DUMMY__ 0.46998147204015833 off 0.28515887862611067 neg 0.24485964933373108	false	1.0
fehlkauf	neg 1.0		__DUMMY__ 0.4746414296808356 off 0.28595599647760706 neg 0.23940257384155725	false	0.5
frustrierend	neg 1.0		__DUMMY__ 0.47190249415302754 off 0.2875356421656913 neg 0.24056186368128105	false	0.5
unzufrieden	neg 1.0		__DUMMY__ 0.47370533742639154 off 0.2798869626487399 neg 0.2464076999248685	false	0.5
verzweifeln	neg 1.0		__DUMMY__ 0.4744276294835456 off 0.28196947930280486 neg 0.24360289121364959	false	0.5
verzweifelt	neg 1.0	neg 1.0	neg 0.6090646901728118 __DUMMY__ 0.22978042090364773 off 0.16115488892354046	false	1.0
misstrauensantrag	neg 1.0		__DUMMY__ 0.4728735032772124 off 0.2855226586695275 neg 0.24160383805326016	false	0.5
abfallen	neg 1.0		__DUMMY__ 0.47547087753859096 off 0.2849621152092441 neg 0.23956700725216493	false	0.5
fucker	off 1.0		__DUMMY__ 0.4711265199425406 off 0.29248607542709504 neg 0.23638740463036442	false	1.0
ungezogen	neg 1.0		__DUMMY__ 0.46481965164785216 off 0.29994991262852766 neg 0.2352304357236201	false	0.5
irrsinnig	neg 1.0	neg 1.0	neg 0.6086170922313561 __DUMMY__ 0.23010851320926315 off 0.16127439455938083	false	1.0
unfassbar	neg 1.0		__DUMMY__ 0.4711962556962654 off 0.2901602101500642 neg 0.23864353415367054	false	0.5
hart	neg 1.0		__DUMMY__ 0.4714048668484369 off 0.28974425987731095 neg 0.23885087327425225	false	0.5
widerlich	off 1.0		__DUMMY__ 0.4690096425364918 off 0.2901025568871101 neg 0.24088780057639816	false	1.0
fatal	neg 1.0		__DUMMY__ 0.47354804279613727 off 0.28609689357190277 neg 0.2403550636319601	false	0.5
bruch	neg 1.0		__DUMMY__ 0.47751421920659165 off 0.27558202440107016 neg 0.2469037563923383	false	0.5
aushungern	neg 1.0		__DUMMY__ 0.47603441659258616 off 0.2813537675106747 neg 0.24261181589673925	false	0.5
anspannung	neg 1.0		__DUMMY__ 0.4814791545896821 off 0.27381870414047027 neg 0.24470214126984774	false	0.5
von			__DUMMY__ 0.4828685912428232 off 0.27915873642523814 neg 0.23797267233193856	false	0.0
kraftlos	neg 1.0		__DUMMY__ 0.47620718384671956 off 0.28086492907783817 neg 0.24292788707544227	false	0.5
vom			__DUMMY__ 0.4839666626676329 off 0.27182478364809054 neg 0.2442085536842764	false	0.0
grenzdebil	off 1.0		__DUMMY__ 0.4715375192369487 off 0.29081234648640575 neg 0.23765013427664536	false	1.0
vor			__DUMMY__ 0.4789143472640764 off 0.27705777476977267 neg 0.24402787796615083	false	0.0
unterwerfen	neg 1.0		__DUMMY__ 0.47602940920583403 off 0.27921042069466917 neg 0.24476017009949672	false	0.5
versenkung	neg 1.0		__DUMMY__ 0.47703484746282304 off 0.27970782947178124 neg 0.24325732306539571	false	0.5
entziehen	neg 1.0		__DUMMY__ 0.477115098313974 off 0.2756234425669308 neg 0.24726145911909508	false	0.5
finanzkrise	neg 1.0		__DUMMY__ 0.4736490297153098 off 0.2814604618219853 neg 0.24489050846270477	false	0.5
schimpfend	neg 1.0		__DUMMY__ 0.47334794014495796 off 0.28556506357866224 neg 0.2410869962763798	false	0.5
profan	neg 1.0		__DUMMY__ 0.47191613453372483 off 0.28593513127855186 neg 0.24214873418772329	false	0.5
korruption	neg 1.0		__DUMMY__ 0.47533744014677975 off 0.27955832035685396 neg 0.24510423949636637	false	0.5
â			__DUMMY__ 0.4775284193705108 off 0.2807821378296744 neg 0.2416894427998147	false	0.0
schmutzig	neg 1.0		__DUMMY__ 0.4719974795402228 off 0.2916090013600612 neg 0.236393519099716	false	0.5
sexy	neg 1.0		__DUMMY__ 0.4733987855664415 off 0.2878069802344088 neg 0.23879423419914972	false	0.5
abraten	neg 1.0		__DUMMY__ 0.47309414063563804 off 0.28551014078875414 neg 0.2413957185756078	false	0.5
schwarz	neg 1.0		__DUMMY__ 0.47354875963002485 off 0.2851386405317803 neg 0.24131259983819475	false	0.5
fotze	off 1.0	off 1.0	off 0.6296625414450786 __DUMMY__ 0.2325610234108681 neg 0.13777643514405333	false	1.0
verwirren	neg 1.0		__DUMMY__ 0.4724231942474747 off 0.28676596943886473 neg 0.24081083631366074	false	0.5
zahnlos	off 1.0		__DUMMY__ 0.4739036490806157 off 0.2810439614067426 neg 0.24505238951264183	false	1.0
verheeren	neg 1.0		__DUMMY__ 0.46653141153216043 off 0.30239708021289163 neg 0.23107150825494796	false	0.5
hippie	neg 1.0		__DUMMY__ 0.47352893661083234 off 0.28739628615815443 neg 0.2390747772310132	false	0.5
rammen	neg 1.0		__DUMMY__ 0.4724498518311047 off 0.2845459292052476 neg 0.24300421896364768	false	0.5
unlauter	neg 1.0		__DUMMY__ 0.47103004836592194 off 0.28311408210130656 neg 0.24585586953277147	false	0.5
unheilvoll	neg 1.0		__DUMMY__ 0.4743897117828728 off 0.2858883153660352 neg 0.23972197285109206	false	0.5
niedrig	neg 1.0		__DUMMY__ 0.4749132316829629 off 0.27721437268887217 neg 0.24787239562816504	false	0.5
explosion	neg 1.0		__DUMMY__ 0.47320134488568905 off 0.28660426738048844 neg 0.24019438773382246	false	0.5
weichei	off 1.0	off 1.0	off 0.6378139456716628 __DUMMY__ 0.22701910613428344 neg 0.13516694819405375	false	1.0
minusmensch	off 1.0		__DUMMY__ 0.4641843254719758 off 0.2980109725871252 neg 0.23780470194089895	false	1.0
farblos	neg 1.0		__DUMMY__ 0.4758320756826918 off 0.2834660009986946 neg 0.24070192331861356	false	0.5
unwissend	neg 1.0	neg 1.0	neg 0.607367704856469 __DUMMY__ 0.228866729279868 off 0.16376556586366295	false	1.0
traurig	neg 1.0		__DUMMY__ 0.46991578820817276 off 0.29287900662506783 neg 0.2372052051667595	false	0.5
senkung	neg 1.0		__DUMMY__ 0.47063140939095055 off 0.28530999746388164 neg 0.24405859314516784	false	0.5
ungleich	neg 1.0	neg 1.0	neg 0.6108947279963762 __DUMMY__ 0.23168055228775608 off 0.15742471971586777	false	1.0
heikel	neg 1.0		__DUMMY__ 0.47485525591707417 off 0.27757321359581005 neg 0.2475715304871159	false	0.5
drosselung	neg 1.0		__DUMMY__ 0.4710177803721 off 0.2904043851807562 neg 0.2385778344471438	false	0.5
falsch	neg 1.0		__DUMMY__ 0.471050821610272 off 0.28746222639816116 neg 0.24148695199156683	false	0.5
unzufriedenheit	neg 1.0		__DUMMY__ 0.4768486355504715 off 0.27648767964213633 neg 0.24666368480739226	false	0.5
kurz	neg 1.0		__DUMMY__ 0.4767619588084237 off 0.2822645386709367 neg 0.24097350252063962	false	0.5
unsinnig	neg 1.0		__DUMMY__ 0.47304408635212974 off 0.2809479196794986 neg 0.2460079939683717	false	0.5
penner	off 1.0	off 1.0	off 0.6388992994003418 __DUMMY__ 0.22688012372634422 neg 0.13422057687331396	false	1.0
seicht	neg 1.0		__DUMMY__ 0.4638317796677087 off 0.2988065828769112 neg 0.23736163745538014	false	0.5
dummheit	off 1.0	off 1.0	off 0.6325263722175093 __DUMMY__ 0.22944820201325974 neg 0.13802542576923102	false	1.0
unerfreulich	neg 1.0		__DUMMY__ 0.47646831678351087 off 0.2771713541623418 neg 0.24636032905414745	false	0.5
motherfucker	off 1.0	off 1.0	off 0.6356393395160892 __DUMMY__ 0.2293463681973707 neg 0.13501429228654013	false	1.0
pikiert	neg 1.0		__DUMMY__ 0.47009054215495105 off 0.28956939545512045 neg 0.24034006238992855	false	0.5
wrack	neg 1.0		__DUMMY__ 0.4769825857588102 off 0.28139774490829605 neg 0.2416196693328938	false	0.5
gangster	neg 1.0		__DUMMY__ 0.4734466575846712 off 0.28744093494324374 neg 0.23911240747208487	false	0.5
krank	neg 1.0		__DUMMY__ 0.47146785242790756 off 0.29074021306591236 neg 0.23779193450618005	false	0.5
reich	neg 1.0		__DUMMY__ 0.473820444213214 off 0.2902333214761181 neg 0.235946234310668	false	0.5
gnadenlos	neg 1.0		__DUMMY__ 0.47312451836499014 off 0.2843584876421928 neg 0.24251699399281723	false	0.5
niedergeschlagen	neg 1.0		__DUMMY__ 0.475840016485778 off 0.2820525073771591 neg 0.24210747613706285	false	0.5
terrorisieren	off 1.0	off 1.0	off 0.6284352621056589 __DUMMY__ 0.23250741213120193 neg 0.13905732576313906	false	1.0
sinnlosigkeit	neg 1.0		__DUMMY__ 0.4744913120411189 off 0.28064883151715253 neg 0.2448598564417285	false	0.5
behindern	neg 1.0		__DUMMY__ 0.47529594429892374 off 0.2826958986904492 neg 0.24200815701062708	false	0.5
undemokratisch	neg 1.0		__DUMMY__ 0.4731862758739736 off 0.284000569715795 neg 0.24281315441023127	false	0.5
wirtschaftskrise	neg 1.0		__DUMMY__ 0.47496182797628084 off 0.27916814469713025 neg 0.24587002732658883	false	0.5
neid	neg 1.0		__DUMMY__ 0.47298075259703676 off 0.2881018282198153 neg 0.23891741918314782	false	0.5
rutschen	neg 1.0		__DUMMY__ 0.4820511333380662 off 0.27531946415064945 neg 0.24262940251128423	false	0.5
rezession	neg 1.0		__DUMMY__ 0.46555962608414003 off 0.2914260970601354 neg 0.24301427685572446	false	0.5
fehlgeburt	neg 1.0		__DUMMY__ 0.4746867781304544 off 0.28585392427663375 neg 0.23945929759291182	false	0.5
charakterschwach	off 1.0		__DUMMY__ 0.4691637849311024 off 0.2898993186305169 neg 0.24093689643838065	false	1.0
isolation	neg 1.0		__DUMMY__ 0.4725892099213095 off 0.2874975163243374 neg 0.2399132737543532	false	0.5
ablenkung	neg 1.0		__DUMMY__ 0.4748311292139982 off 0.28359498414359385 neg 0.24157388664240775	false	0.5
pech	neg 1.0		__DUMMY__ 0.47110835769670756 off 0.28694747573708873 neg 0.2419441665662036	false	0.5
vermeidung	neg 1.0		__DUMMY__ 0.47188812422461324 off 0.2909738257431127 neg 0.23713805003227417	false	0.5
dominieren	neg 1.0		__DUMMY__ 0.4769976187077355 off 0.2793142624369133 neg 0.24368811885535113	false	0.5
schwindlig	neg 1.0		__DUMMY__ 0.4742075488867966 off 0.28630417209574816 neg 0.2394882790174553	false	0.5
lutscher	neg 1.0		__DUMMY__ 0.4642850809194606 off 0.2995958716139 neg 0.23611904746663948	false	0.5
pflicht	neg 1.0		__DUMMY__ 0.47576087308984916 off 0.27641129116507607 neg 0.24782783574507464	false	0.5
faschist	off 1.0		__DUMMY__ 0.4724149382905533 off 0.28700376170144953 neg 0.24058130000799716	false	1.0
verschleudern	neg 1.0		__DUMMY__ 0.47494302752584894 off 0.27741489742229225 neg 0.24764207505185876	false	0.5
wenn			__DUMMY__ 0.4718319230666324 off 0.28802024632302303 neg 0.2401478306103444	false	0.0
ehebruch	neg 1.0		__DUMMY__ 0.476054113181398 off 0.2798443534287831 neg 0.244101533389819	false	0.5
spott	off 1.0		__DUMMY__ 0.4752464942358994 off 0.2788015894315869 neg 0.24595191633251368	false	1.0
trostlosigkeit	neg 1.0		__DUMMY__ 0.47886091967288413 off 0.27713389014866985 neg 0.24400519017844605	false	0.5
lutschen	neg 1.0		__DUMMY__ 0.4718031261474774 off 0.2873440928201755 neg 0.24085278103234706	false	0.5
undiszipliniert	neg 1.0		__DUMMY__ 0.46930559238361125 off 0.29191496795968597 neg 0.23877943965670273	false	0.5
kopfschmerz	neg 1.0		__DUMMY__ 0.4747534770784801 off 0.2807878547567984 neg 0.24445866816472156	false	0.5
unvorhergesehen	neg 1.0		__DUMMY__ 0.4791895750392774 off 0.2790241767714602 neg 0.2417862481892625	false	0.5
desinteressiert	neg 1.0		__DUMMY__ 0.46960618749632627 off 0.29139473056195797 neg 0.2389990819417157	false	0.5
armselig	off 1.0		__DUMMY__ 0.4675794479961062 off 0.29207372716962277 neg 0.24034682483427103	false	1.0
desaster	neg 1.0		__DUMMY__ 0.47773279287297776 off 0.2749219763845172 neg 0.24734523074250506	false	0.5
tod	neg 1.0		__DUMMY__ 0.48002333513237755 off 0.28197215556593114 neg 0.2380045093016914	false	0.5
herzlos	neg 1.0		__DUMMY__ 0.46899769718844925 off 0.292622416667384 neg 0.23837988614416664	false	0.5
unwissenheit	neg 1.0		__DUMMY__ 0.47457179141071637 off 0.2802596163589009 neg 0.24516859223038256	false	0.5
widersinnig	neg 1.0		__DUMMY__ 0.47217293068931293 off 0.2792704025031608 neg 0.24855666680752628	false	0.5
bedenklich	neg 1.0		__DUMMY__ 0.4744277232020457 off 0.2789662424469404 neg 0.246606034351014	false	0.5
beanstanden	neg 1.0		__DUMMY__ 0.47632611976063394 off 0.2761861112518151 neg 0.24748776898755082	false	0.5
panisch	neg 1.0	neg 1.0	neg 0.6050967914826105 __DUMMY__ 0.23195009438731343 off 0.16295311413007613	false	1.0
debil	off 1.0		__DUMMY__ 0.48262215165132666 off 0.2718297809280324 neg 0.24554806742064092	false	1.0
abstrich	neg 1.0		__DUMMY__ 0.4803799083126608 off 0.2846855348467636 neg 0.23493455684057551	false	0.5
primitiv	neg 1.0		__DUMMY__ 0.46882048752384653 off 0.29028676750556026 neg 0.2408927449705933	false	0.5
abschaum	off 1.0	off 1.0	off 0.6341738748351327 __DUMMY__ 0.22917111600405382 neg 0.1366550091608136	false	1.0
provozieren	neg 1.0		__DUMMY__ 0.4719354723622133 off 0.28359694230041355 neg 0.244467585337373	false	0.5
tot	neg 1.0		__DUMMY__ 0.47552969359552977 off 0.28031560067614786 neg 0.24415470572832243	false	0.5
instabil	neg 1.0		__DUMMY__ 0.4687828280897043 off 0.2918165130770391 neg 0.2394006588332567	false	0.5
schwuchtel	off 1.0	off 1.0	off 0.6422059825956018 __DUMMY__ 0.22427763481231386 neg 0.13351638259208443	false	1.0
zerren	neg 1.0		__DUMMY__ 0.4758680915016926 off 0.2813532231000961 neg 0.24277868539821118	false	0.5
kinderficker	off 1.0		__DUMMY__ 0.46797102591441253 off 0.2957524205127799 neg 0.23627655357280747	false	1.0
gefahr	neg 1.0		__DUMMY__ 0.47804810300887596 off 0.27678424317556477 neg 0.24516765381555916	false	0.5
rabiat	neg 1.0		__DUMMY__ 0.47438161110105687 off 0.2835365246761155 neg 0.24208186422282757	false	0.5
verlangsamung	neg 1.0		__DUMMY__ 0.4650419077685637 off 0.29661242789181486 neg 0.23834566433962143	false	0.5
ausgestorben	neg 1.0		__DUMMY__ 0.4751357038908892 off 0.2834211620698502 neg 0.24144313403926068	false	0.5
anklagen	neg 1.0		__DUMMY__ 0.47563554913563677 off 0.2799612186189938 neg 0.24440323224536925	false	0.5
trott	neg 1.0		__DUMMY__ 0.47502853783651156 off 0.283026654116384 neg 0.24194480804710447	false	0.5
verminderung	neg 1.0		__DUMMY__ 0.4706767804444235 off 0.290905849971903 neg 0.23841736958367352	false	0.5
nach			__DUMMY__ 0.48200241936074406 off 0.2736754527820271 neg 0.24432212785722882	false	0.0
rost	neg 1.0		__DUMMY__ 0.46736190537700656 off 0.2959751339326915 neg 0.23666296069030188	false	0.5
destruktiv	neg 1.0		__DUMMY__ 0.4728491801083412 off 0.28237375775722273 neg 0.2447770621344361	false	0.5
unzumutbarkeit	neg 1.0		__DUMMY__ 0.4722925978813412 off 0.2898798339293398 neg 0.23782756818931905	false	0.5
labil	off 1.0	off 1.0	off 0.63381829628267 __DUMMY__ 0.22974428577068462 neg 0.13643741794664546	false	1.0
ziemlich	neg 1.0		__DUMMY__ 0.4717239162560215 off 0.29018533854546974 neg 0.23809074519850879	false	0.5
lachnummer	off 1.0		__DUMMY__ 0.47268628797134293 off 0.2831948881275761 neg 0.24411882390108103	false	1.0
oder			__DUMMY__ 0.4745487000521792 off 0.28450209792517367 neg 0.2409492020226471	false	0.0
verfall	neg 1.0		__DUMMY__ 0.47931558235020194 off 0.27257807242543114 neg 0.24810634522436698	false	0.5
ausgrenzung	neg 1.0		__DUMMY__ 0.47330513590835827 off 0.2848823307504151 neg 0.24181253334122652	false	0.5
unordnung	neg 1.0		__DUMMY__ 0.472905934584408 off 0.2935038142211366 neg 0.2335902511944554	false	0.5
fehlverhalten	neg 1.0		__DUMMY__ 0.47492793844614595 off 0.2769041178838707 neg 0.24816794366998338	false	0.5
eine			__DUMMY__ 0.4779738599080024 off 0.27740452371974333 neg 0.24462161637225424	false	0.0
nille	neg 1.0		__DUMMY__ 0.4758033406567504 off 0.2832913455593627 neg 0.2409053137838868	false	0.5
qual	neg 1.0		__DUMMY__ 0.4753928580657434 off 0.28266603960370784 neg 0.24194110233054889	false	0.5
verschwenden	neg 1.0		__DUMMY__ 0.474576634229111 off 0.2781945608107473 neg 0.24722880496014174	false	0.5
riesig	neg 1.0		__DUMMY__ 0.47776533035157726 off 0.28024377608033046 neg 0.2419908935680924	false	0.5
verurteilen	neg 1.0		__DUMMY__ 0.47385179729018795 off 0.2798311320064906 neg 0.24631707070332134	false	0.5
klischee	neg 1.0	neg 1.0	neg 0.6076858473260419 __DUMMY__ 0.2293402549374391 off 0.16297389773651907	false	1.0
diktatorisch	neg 1.0		__DUMMY__ 0.4725888181989479 off 0.2839797524694522 neg 0.2434314293315998	false	0.5
vorhersehbar	neg 1.0		__DUMMY__ 0.47032298980198783 off 0.28594483661585207 neg 0.2437321735821601	false	0.5
sowie			__DUMMY__ 0.4678974174971073 off 0.2949558015081407 neg 0.23714678099475214	false	0.0
stornieren	neg 1.0		__DUMMY__ 0.4771815866694207 off 0.287046435412461 neg 0.23577197791811846	false	0.5
besteuerung	neg 1.0		__DUMMY__ 0.47123824046153107 off 0.28280319901974765 neg 0.2459585605187212	false	0.5
ungeschminkt	neg 1.0		__DUMMY__ 0.46825160004818644 off 0.28969090754863647 neg 0.24205749240317723	false	0.5
kritisch	neg 1.0		__DUMMY__ 0.47494948144198584 off 0.27882964175336966 neg 0.24622087680464463	false	0.5
schlamperei	off 1.0		__DUMMY__ 0.4768894011400654 off 0.2779119578087175 neg 0.245198641051217	false	1.0
sucht	neg 1.0	neg 1.0	neg 0.6027409155702916 __DUMMY__ 0.23457785668164347 off 0.16268122774806493	false	1.0
egoistisch	off 1.0		__DUMMY__ 0.46610087463512295 off 0.29516443989135577 neg 0.2387346854735211	false	1.0
ausbeuter	off 1.0		__DUMMY__ 0.47434162030865923 off 0.27665309392445386 neg 0.24900528576688685	false	1.0
arschgeburt	off 1.0		__DUMMY__ 0.46088024773765335 off 0.30298186349577033 neg 0.23613788876657632	false	1.0
schubs	neg 1.0		__DUMMY__ 0.4750626868133069 off 0.28103211763265024 neg 0.24390519555404302	false	0.5
unsolide	neg 1.0		__DUMMY__ 0.47118926394913546 off 0.28426051396157626 neg 0.24455022208928814	false	0.5
beschwerde	neg 1.0		__DUMMY__ 0.4750873747072578 off 0.27816923919184844 neg 0.24674338610089364	false	0.5
stocken	neg 1.0		__DUMMY__ 0.4769242820240193 off 0.2784174299244853 neg 0.24465828805149534	false	0.5
isolieren	neg 1.0		__DUMMY__ 0.4755791375651212 off 0.2798247873536612 neg 0.24459607508121767	false	0.5
unheilbar	neg 1.0		__DUMMY__ 0.4751460022121193 off 0.28418125057481697 neg 0.24067274721306386	false	0.5
pisser	off 1.0		__DUMMY__ 0.4688027947453884 off 0.29203934074209975 neg 0.23915786451251184	false	1.0
löschen	neg 1.0		__DUMMY__ 0.47521818131577453 off 0.2835626433004521 neg 0.24121917538377327	false	0.5
durchfallen	neg 1.0		__DUMMY__ 0.4732186884463631 off 0.2789350041947595 neg 0.24784630735887753	false	0.5
wichser	off 1.0	off 1.0	off 0.6408092098400006 __DUMMY__ 0.22585553146276027 neg 0.13333525869723908	false	1.0
terror	neg 1.0		__DUMMY__ 0.47358179809530776 off 0.287035146246277 neg 0.23938305565841536	false	0.5
krass	neg 1.0		__DUMMY__ 0.4682879029962134 off 0.2932394929542639 neg 0.23847260404952267	false	0.5
revolte	neg 1.0		__DUMMY__ 0.47351810827034574 off 0.28561092279762457 neg 0.24087096893202978	false	0.5
besorgt	neg 1.0		__DUMMY__ 0.4785739873977611 off 0.28276997936384957 neg 0.23865603323838921	false	0.5
nachlassen	neg 1.0		__DUMMY__ 0.4788138357384592 off 0.2792203272241317 neg 0.2419658370374091	false	0.5
alt	neg 1.0		__DUMMY__ 0.4756341715650374 off 0.2805637049861213 neg 0.24380212344884136	false	0.5
hundesohn	off 1.0		__DUMMY__ 0.4646242080082035 off 0.2998759046488074 neg 0.23549988734298913	false	1.0
als			__DUMMY__ 0.4749279282196817 off 0.28073673103537716 neg 0.2443353407449411	false	0.0
abschreckung	neg 1.0		__DUMMY__ 0.47711104873416976 off 0.27632044383481924 neg 0.24656850743101102	false	0.5
unqualifiziert	neg 1.0		__DUMMY__ 0.46962987320004795 off 0.28676538629974246 neg 0.24360474050020958	false	0.5
abgewichst	off 1.0		__DUMMY__ 0.4761272833551368 off 0.28252596704600985 neg 0.24134674959885344	false	1.0
schwer	neg 1.0		__DUMMY__ 0.473581618671489 off 0.2822584616394582 neg 0.2441599196890528	false	0.5
bedeutungslosigkeit	neg 1.0		__DUMMY__ 0.47601328710725055 off 0.2771811256934044 neg 0.24680558719934498	false	0.5
kapitulation	neg 1.0		__DUMMY__ 0.47639515253911396 off 0.2790935104801027 neg 0.2445113369807833	false	0.5
unscharf	neg 1.0		__DUMMY__ 0.4713718068343968 off 0.28549735868720727 neg 0.2431308344783958	false	0.5
schwinden	neg 1.0		__DUMMY__ 0.4777548567597744 off 0.2776458292891713 neg 0.24459931395105428	false	0.5
versklavung	neg 1.0		__DUMMY__ 0.47487290750588174 off 0.28453050472050495 neg 0.24059658777361323	false	0.5
schlecht	neg 1.0		__DUMMY__ 0.4716751707560691 off 0.2903672550190945 neg 0.23795757422483657	false	0.5
verhasst	neg 1.0		__DUMMY__ 0.47088722320537235 off 0.28388424236316273 neg 0.24522853443146497	false	0.5
beschweren	neg 1.0		__DUMMY__ 0.47281955177045343 off 0.285382392610337 neg 0.24179805561920958	false	0.5
scheiden	neg 1.0		__DUMMY__ 0.4759083049191087 off 0.28382065859986605 neg 0.2402710364810254	false	0.5
frustriert	neg 1.0		__DUMMY__ 0.4739152912732926 off 0.28125701131737935 neg 0.24482769740932797	false	0.5
schimmelig	neg 1.0		__DUMMY__ 0.4736753101967916 off 0.27939799556497624 neg 0.24692669423823213	false	0.5
fisch	neg 1.0		__DUMMY__ 0.47569059695423543 off 0.27638488796546173 neg 0.24792451508030294	false	0.5
schmuggel	neg 1.0		__DUMMY__ 0.477057974023057 off 0.2782450352858633 neg 0.24469699069107972	false	0.5
auffallen	neg 1.0		__DUMMY__ 0.4724758415917797 off 0.28629462815267614 neg 0.2412295302555443	false	0.5
konkurrenz	neg 1.0		__DUMMY__ 0.47728525496103397 off 0.27586837260669256 neg 0.2468463724322734	false	0.5
teufelskreis	neg 1.0		__DUMMY__ 0.4733480599229149 off 0.2823862148860785 neg 0.24426572519100648	false	0.5
aufschreien	neg 1.0		__DUMMY__ 0.4714943236509924 off 0.286034546125252 neg 0.24247113022375563	false	0.5
schuldner	neg 1.0		__DUMMY__ 0.4754496492012064 off 0.27626933185701036 neg 0.2482810189417831	false	0.5
missgeburt	off 1.0	off 1.0	off 0.6381370291032322 __DUMMY__ 0.22663945976800873 neg 0.1352235111287591	false	1.0
arbeitslos	neg 1.0		__DUMMY__ 0.47297020710435494 off 0.279269445641883 neg 0.24776034725376214	false	0.5
befallen	neg 1.0		__DUMMY__ 0.47692617274737303 off 0.28257458880629566 neg 0.24049923844633148	false	0.5
miesepetrig	off 1.0	off 1.0	off 0.634399710684075 __DUMMY__ 0.22953309816146333 neg 0.13606719115446167	false	1.0
alarmieren	neg 1.0		__DUMMY__ 0.4711183174416756 off 0.28786468453983693 neg 0.24101699801848742	false	0.5
ungeduscht	off 1.0		__DUMMY__ 0.47063780174311104 off 0.28765814174664595 neg 0.2417040565102429	false	1.0
knappheit	neg 1.0		__DUMMY__ 0.47327762057164 off 0.2787436280528011 neg 0.24797875137555897	false	0.5
schlange	neg 1.0		__DUMMY__ 0.476150197154815 off 0.2861766857910781 neg 0.23767311705410682	false	0.5
harsch	neg 1.0		__DUMMY__ 0.4710571137529181 off 0.2956465328938174 neg 0.23329635335326465	false	0.5
lang	neg 1.0		__DUMMY__ 0.4749755132208614 off 0.2846060999009547 neg 0.2404183868781839	false	0.5
ziellos	neg 1.0		__DUMMY__ 0.4769930011030936 off 0.2800644858379801 neg 0.24294251305892622	false	0.5
selbstverliebt	neg 1.0		__DUMMY__ 0.4625541600263377 off 0.30069872933122355 neg 0.23674711064243886	false	0.5
beseitigen	neg 1.0		__DUMMY__ 0.4761967015055078 off 0.28209173486554623 neg 0.24171156362894589	false	0.5
dumm	off 1.0		__DUMMY__ 0.46650854859293384 off 0.2962685229170256 neg 0.2372229284900405	false	1.0
arbeitsloser	neg 1.0		__DUMMY__ 0.4748255213597999 off 0.27997556339572804 neg 0.24519891524447207	false	0.5
blitzen	neg 1.0		__DUMMY__ 0.47341252761975405 off 0.2872258580358608 neg 0.23936161434438522	false	0.5
hilflos	neg 1.0		__DUMMY__ 0.4744198014147608 off 0.28091593038363627 neg 0.24466426820160284	false	0.5
eklig	off 1.0		__DUMMY__ 0.46503175612678427 off 0.2965340030101037 neg 0.2384342408631121	false	1.0
begriff			__DUMMY__ 0.4738996916527547 off 0.28218302347296614 neg 0.24391728487427916	false	0.0
hungersnot	neg 1.0		__DUMMY__ 0.47701809864837846 off 0.28113352775548106 neg 0.24184837359614042	false	0.5
ungesetzlich	neg 1.0		__DUMMY__ 0.4706449623828657 off 0.2826790221802389 neg 0.24667601543689546	false	0.5
verschwendung	neg 1.0		__DUMMY__ 0.47613814991496145 off 0.27826210749655395 neg 0.24559974258848458	false	0.5
schmerzvoll	neg 1.0		__DUMMY__ 0.4735718220874518 off 0.28537242421524417 neg 0.24105575369730403	false	0.5
vorzeitig	neg 1.0		__DUMMY__ 0.4738745524644792 off 0.2869670318609268 neg 0.23915841567459392	false	0.5
unvollkommenheit	neg 1.0		__DUMMY__ 0.47873630916121934 off 0.2813606565485051 neg 0.23990303429027565	false	0.5
intervenieren	neg 1.0		__DUMMY__ 0.47500255847804873 off 0.2774880595535307 neg 0.24750938196842073	false	0.5
banause	off 1.0		__DUMMY__ 0.4625003814085927 off 0.2988286548707267 neg 0.2386709637206807	false	1.0
rebell	neg 1.0		__DUMMY__ 0.47803567886109766 off 0.2742125620206587 neg 0.24775175911824374	false	0.5
unlogisch	neg 1.0		__DUMMY__ 0.4676595257117517 off 0.29177641519170233 neg 0.24056405909654588	false	0.5
leiden	neg 1.0		__DUMMY__ 0.4780708381979374 off 0.2776845354401613 neg 0.24424462636190136	false	0.5
abschaffung	neg 1.0		__DUMMY__ 0.4733518660083905 off 0.28318973792393504 neg 0.2434583960676745	false	0.5
sturz	neg 1.0		__DUMMY__ 0.47597393491247586 off 0.28403894108947436 neg 0.2399871239980499	false	0.5
verkleinerung	neg 1.0		__DUMMY__ 0.469422451319827 off 0.28509100334065396 neg 0.24548654533951886	false	0.5
schmarotzer	off 1.0		__DUMMY__ 0.47181595624171435 off 0.27979908043873286 neg 0.24838496331955276	false	1.0
bestrafung	neg 1.0		__DUMMY__ 0.474254478085769 off 0.2847457040026097 neg 0.24099981791162142	false	0.5
achtlos	neg 1.0	neg 1.0	neg 0.6075447133202834 __DUMMY__ 0.23187233597242857 off 0.1605829507072881	false	1.0
ungeheuer	neg 1.0		__DUMMY__ 0.47405396457714255 off 0.2865146198521223 neg 0.23943141557073505	false	0.5
unaufrichtig	neg 1.0		__DUMMY__ 0.4742845523859316 off 0.28738529212739367 neg 0.2383301554866748	false	0.5
groggy	neg 1.0		__DUMMY__ 0.4735280846061163 off 0.28711984479648495 neg 0.23935207059739885	false	0.5
verletzlich	neg 1.0		__DUMMY__ 0.4692107761863859 off 0.2897981808164638 neg 0.24099104299715018	false	0.5
