unsolidarisch	neg 1.0		__DUMMY__ 0.9274883260571193 off 0.03785169880461595 neg 0.0346599751382648	false	0.5
nachteilig	neg 1.0		__DUMMY__ 0.9324377858276867 off 0.034155114191880206 neg 0.03340709998043306	false	0.5
skeptisch	neg 1.0		__DUMMY__ 0.9324401673331246 off 0.033858184708704456 neg 0.033701647958170905	false	0.5
schrecklich	neg 1.0		__DUMMY__ 0.9249038249879242 off 0.044914653137080145 neg 0.03018152187499566	false	0.5
schlapp	neg 1.0		__DUMMY__ 0.9279526459279656 off 0.04144513057961924 neg 0.030602223492415304	false	0.5
abfall	neg 1.0		__DUMMY__ 0.9366982561613134 neg 0.032355099094653936 off 0.030946644744032716	false	1.0
widerspenstig	neg 1.0		__DUMMY__ 0.9311500775434824 off 0.037447811817858855 neg 0.031402110638658685	false	0.5
abrupt	neg 1.0		__DUMMY__ 0.9355956463780994 off 0.03396624223201032 neg 0.030438111389890162	false	0.5
unwirksam	neg 1.0		__DUMMY__ 0.926504529266772 off 0.03741591565648515 neg 0.03607955507674279	false	0.5
angreifen	neg 1.0		__DUMMY__ 0.9325685534042871 off 0.03394058381714825 neg 0.03349086277856471	false	0.5
inkonsistent	neg 1.0		__DUMMY__ 0.9297972116846025 off 0.03798484358403727 neg 0.03221794473136022	false	0.5
abrutschen	neg 1.0		__DUMMY__ 0.9342225659975063 neg 0.034369814341661344 off 0.03140761966083241	false	1.0
unsicher	neg 1.0		__DUMMY__ 0.9313275059605919 off 0.037536646076049895 neg 0.03113584796335819	false	0.5
bauernkind	off 1.0	off 1.0	off 0.511380911791174 __DUMMY__ 0.45571042131571665 neg 0.03290866689310935	false	1.0
angreifer	neg 1.0	neg 1.0	neg 0.4964745191929099 __DUMMY__ 0.4680078656241945 off 0.035517615182895555	false	1.0
trennen	neg 1.0		__DUMMY__ 0.9356344512660106 off 0.03330174551082858 neg 0.031063803223160866	false	0.5
schmutz	neg 1.0		__DUMMY__ 0.9356559295453193 off 0.038378214094067796 neg 0.025965856360612913	false	0.5
inkonsistenz	neg 1.0		__DUMMY__ 0.9226626061729414 off 0.0421622377667216 neg 0.03517515606033701	false	0.5
erschreckend	neg 1.0		__DUMMY__ 0.9295006351345947 off 0.037225452369683394 neg 0.033273912495721994	false	0.5
ertrinken	neg 1.0		__DUMMY__ 0.9343703999837549 off 0.034042973360032334 neg 0.03158662665621277	false	0.5
pickelface	off 1.0		__DUMMY__ 0.9322269209164389 off 0.036775616524020276 neg 0.030997462559540858	false	1.0
seiner			__DUMMY__ 0.9330415577614088 off 0.0340570314135376 neg 0.032901410825053524	false	0.0
lauch	neg 1.0		__DUMMY__ 0.936573006873703 neg 0.031998036411843 off 0.03142895671445397	false	1.0
unwichtig	neg 1.0		__DUMMY__ 0.9259806322997985 off 0.041633724085239764 neg 0.032385643614961664	false	0.5
steuerhinterziehung	neg 1.0	neg 1.0	neg 0.5005347077487153 __DUMMY__ 0.46693685385966877 off 0.032528438391615865	false	1.0
schock	neg 1.0		__DUMMY__ 0.9321806498741598 off 0.0368483118979695 neg 0.030971038227870715	false	0.5
beule	neg 1.0		__DUMMY__ 0.9271646224213178 off 0.04219599223294226 neg 0.030639385345739834	false	0.5
vergelten	neg 1.0		__DUMMY__ 0.9279446177744892 off 0.044082786172072876 neg 0.027972596053437965	false	0.5
verdorbenheit	neg 1.0		__DUMMY__ 0.933273384905093 off 0.037498768829713404 neg 0.029227846265193536	false	0.5
trauma	neg 1.0		__DUMMY__ 0.930552669701093 off 0.03829749663199283 neg 0.031149833666914276	false	0.5
sinnlos	neg 1.0		__DUMMY__ 0.929543147460854 off 0.03942187455095535 neg 0.031034977988190587	false	0.5
fettsack	off 1.0	off 1.0	off 0.5122531344714075 __DUMMY__ 0.4572555089296366 neg 0.03049135659895586	false	1.0
feige	off 1.0	off 1.0	off 0.5083810371912157 __DUMMY__ 0.46127792811036544 neg 0.030341034698418718	false	1.0
abdanken	neg 1.0		__DUMMY__ 0.9311031109384872 off 0.03742795575348531 neg 0.03146893330802749	false	0.5
wichtigtuer	off 1.0	off 1.0	off 0.5065423790365645 __DUMMY__ 0.46320853925476674 neg 0.03024908170866876	false	1.0
misslingen	neg 1.0		__DUMMY__ 0.9351485865211708 off 0.037413135041960956 neg 0.027438278436868205	false	0.5
untreu	off 1.0		__DUMMY__ 0.9268419697294649 off 0.04193101094348654 neg 0.03122701932704857	false	1.0
missmutig	neg 1.0		__DUMMY__ 0.9286483375545473 off 0.04126284840701895 neg 0.030088814038433723	false	0.5
hurenbock	off 1.0		__DUMMY__ 0.9325524319397953 off 0.0387529529785148 neg 0.02869461508168995	false	1.0
betrunken	neg 1.0		__DUMMY__ 0.9271483117936323 off 0.04290106821960082 neg 0.02995061998676684	false	0.5
korrupt	off 1.0		__DUMMY__ 0.9286146764329245 off 0.0360704511433954 neg 0.03531487242368013	false	1.0
unmut	neg 1.0		__DUMMY__ 0.9349685209417162 neg 0.033474274948483575 off 0.03155720410980016	false	1.0
hackfresse	off 1.0		__DUMMY__ 0.9215746998592644 off 0.04777223033857852 neg 0.03065306980215704	false	1.0
aufblasen	neg 1.0		__DUMMY__ 0.9309130232880162 off 0.038875657543235874 neg 0.03021131916874804	false	0.5
gewaltsam	neg 1.0		__DUMMY__ 0.9327927478159612 off 0.03637244673568321 neg 0.030834805448355585	false	0.5
unbeliebtheit	neg 1.0		__DUMMY__ 0.9249679012520131 off 0.04101059170041145 neg 0.03402150704757536	false	0.5
sturheit	neg 1.0		__DUMMY__ 0.9303088132351376 off 0.036843685779337484 neg 0.03284750098552486	false	0.5
kuh	neg 1.0		__DUMMY__ 0.9247431175054747 off 0.03925144103635223 neg 0.03600544145817307	false	0.5
erschrecken	neg 1.0		__DUMMY__ 0.9296133693030929 off 0.041044646206566546 neg 0.029341984490340547	false	0.5
opfer	neg 1.0		__DUMMY__ 0.9326536946785545 off 0.034985067339927595 neg 0.03236123798151785	false	0.5
sinken	neg 1.0		__DUMMY__ 0.9356313262202308 neg 0.032524292123977165 off 0.031844381655792016	false	1.0
stinktier	neg 1.0		__DUMMY__ 0.9191538933435252 off 0.04567446245218201 neg 0.03517164420429279	false	0.5
tucke	off 1.0		__DUMMY__ 0.9207095811370039 off 0.04861741956807034 neg 0.030672999294925722	false	1.0
ein			__DUMMY__ 0.9301070549701458 off 0.03819363187810336 neg 0.03169931315175075	false	0.0
abstieg	neg 1.0		__DUMMY__ 0.9331952200437212 off 0.03409793233957334 neg 0.03270684761670541	false	0.5
missverstehen	neg 1.0		__DUMMY__ 0.9261661849645842 off 0.04024502581613572 neg 0.03358878921928016	false	0.5
ergebnislos	neg 1.0		__DUMMY__ 0.9334384971484214 off 0.03384867684447816 neg 0.03271282600710038	false	0.5
unter			__DUMMY__ 0.9402983611183477 neg 0.03238982112671345 off 0.02731181775493883	false	0.0
manipulieren	neg 1.0		__DUMMY__ 0.934211632584614 off 0.03355130633521047 neg 0.032237061080175454	false	0.5
unbewiesen	neg 1.0		__DUMMY__ 0.9266825828540192 off 0.037886119635291364 neg 0.03543129751068951	false	0.5
verschleppen	neg 1.0		__DUMMY__ 0.9314895333996218 off 0.03531978358865838 neg 0.03319068301171988	false	0.5
weib	off 1.0		__DUMMY__ 0.9182960561482473 off 0.048540574212870044 neg 0.03316336963888263	false	1.0
opposition	neg 1.0		__DUMMY__ 0.9281910680504796 off 0.038656476978785624 neg 0.033152454970734824	false	0.5
verkehrswidrig	neg 1.0		__DUMMY__ 0.9289449289363984 off 0.044370166969347584 neg 0.02668490409425405	false	0.5
inkorrekt	neg 1.0		__DUMMY__ 0.9229457744134137 off 0.04481715760223804 neg 0.03223706798434826	false	0.5
vermeiden	neg 1.0		__DUMMY__ 0.9367662135552465 neg 0.033338754110950726 off 0.02989503233380285	false	1.0
abweichung	neg 1.0		__DUMMY__ 0.9315960565282598 off 0.034734108443352035 neg 0.033669835028388176	false	0.5
alkoholisiert	neg 1.0		__DUMMY__ 0.9343312324921983 off 0.03330623753950556 neg 0.032362529968296146	false	0.5
scheiss	off 1.0	off 1.0	off 0.5079301591752391 __DUMMY__ 0.4629924377290781 neg 0.0290774030956828	false	1.0
herausforderung	neg 1.0		__DUMMY__ 0.9339448650193808 off 0.03360306726768874 neg 0.03245206771293054	false	0.5
pervers	off 1.0		__DUMMY__ 0.9189476007353412 off 0.05060793640880798 neg 0.030444462855850844	false	1.0
wackelig	neg 1.0		__DUMMY__ 0.9347173693594233 off 0.035590230628857106 neg 0.02969240001171959	false	0.5
verwickeln	neg 1.0		__DUMMY__ 0.9265573896041229 off 0.03984034597644581 neg 0.03360226441943123	false	0.5
vorwand	neg 1.0		__DUMMY__ 0.9329731725282197 neg 0.03353866908434637 off 0.03348815838743391	false	1.0
muschi	off 1.0		__DUMMY__ 0.9317833423822828 off 0.03695831345627971 neg 0.03125834416143753	false	1.0
entmutigung	neg 1.0		__DUMMY__ 0.9291612029708926 off 0.03882601451324591 neg 0.032012782515861565	false	0.5
unangemessen	neg 1.0		__DUMMY__ 0.928459742925561 off 0.03665114710657999 neg 0.03488910996785911	false	0.5
unstetig	neg 1.0		__DUMMY__ 0.9292235119634386 off 0.039356758984396695 neg 0.03141972905216472	false	0.5
entmutigen	neg 1.0		__DUMMY__ 0.930136647877866 off 0.038358317999184204 neg 0.03150503412294988	false	0.5
schwanz	neg 1.0		__DUMMY__ 0.9334994250399733 off 0.03471162950469798 neg 0.0317889454553288	false	0.5
verbot	neg 1.0		__DUMMY__ 0.9311784946342893 off 0.03567043554046211 neg 0.03315106982524863	false	0.5
leid	neg 1.0		__DUMMY__ 0.9225068306592645 off 0.046193054446160474 neg 0.03130011489457502	false	0.5
archaisch	neg 1.0		__DUMMY__ 0.9309095036714176 off 0.0366296121850704 neg 0.03246088414351205	false	0.5
gegen			__DUMMY__ 0.9346496748361267 neg 0.03310947197828041 off 0.03224085318559281	false	0.0
scheidung	neg 1.0		__DUMMY__ 0.9212549131135702 off 0.05421810228281168 neg 0.024526984603618095	false	0.5
einschlag	neg 1.0		__DUMMY__ 0.9258653256168905 off 0.04391008716769861 neg 0.03022458721541082	false	0.5
m			__DUMMY__ 0.9329676687362091 off 0.035527452823990086 neg 0.031504878439800856	false	0.0
abgestanden	neg 1.0		__DUMMY__ 0.9298150444307464 off 0.03737100162595886 neg 0.032813953943294755	false	0.5
schmierig	off 1.0		__DUMMY__ 0.9248861793573667 off 0.04556075753856597 neg 0.02955306310406728	false	1.0
unpraktisch	neg 1.0		__DUMMY__ 0.9299434445708192 off 0.03848662703281184 neg 0.03156992839636893	false	0.5
wixxer	off 1.0		__DUMMY__ 0.9171491767538398 off 0.05083973735997844 neg 0.03201108588618171	false	1.0
bezeichnet			__DUMMY__ 0.9279357808634939 off 0.03794491570305018 neg 0.03411930343345585	false	0.0
jammerlappen	off 1.0		__DUMMY__ 0.9280684613018688 off 0.04158875605119101 neg 0.030342782646940087	false	1.0
farce	neg 1.0		__DUMMY__ 0.9301167199641203 off 0.036424384688605364 neg 0.03345889534727435	false	0.5
zwecklos	neg 1.0		__DUMMY__ 0.930038638919654 off 0.036313285886417905 neg 0.033648075193928095	false	0.5
turbulent	neg 1.0		__DUMMY__ 0.9263570215200786 off 0.04266567875399215 neg 0.030977299725929254	false	0.5
invasion	neg 1.0		__DUMMY__ 0.9287017039193278 off 0.0391525507700093 neg 0.0321457453106628	false	0.5
schuld	neg 1.0		__DUMMY__ 0.9283468059855027 off 0.03871103035138518 neg 0.03294216366311215	false	0.5
risiko	neg 1.0	neg 1.0	neg 0.49641540845545734 __DUMMY__ 0.46874461678197965 off 0.03483997476256301	false	1.0
finster	neg 1.0		__DUMMY__ 0.9280217870392724 off 0.03818482503217822 neg 0.03379338792854937	false	0.5
geisteskrank	off 1.0		__DUMMY__ 0.9231247193886088 off 0.04326244834537918 neg 0.033612832266011895	false	1.0
zusammenbrechen	neg 1.0		__DUMMY__ 0.9313170191157919 off 0.03625863998462472 neg 0.0324243408995834	false	0.5
ausbeute	neg 1.0		__DUMMY__ 0.9388580131317135 off 0.03408309032661691 neg 0.027058896541669656	false	0.5
hinterhalt	neg 1.0		__DUMMY__ 0.9382440600489409 off 0.035730662468612534 neg 0.026025277482446547	false	0.5
kritik	neg 1.0		__DUMMY__ 0.9299508400672035 off 0.03631561513173971 neg 0.0337335448010567	false	0.5
einschrumpfen	neg 1.0		__DUMMY__ 0.9268856337471052 off 0.04088518463125532 neg 0.032229181621639506	false	0.5
riskant	neg 1.0		__DUMMY__ 0.9312965119839722 off 0.03436451934964921 neg 0.03433896866637857	false	0.5
frustrieren	neg 1.0		__DUMMY__ 0.9312522479383242 off 0.03504753183568154 neg 0.03370022022599428	false	0.5
groll	neg 1.0		__DUMMY__ 0.9301904016879963 off 0.03593949877971328 neg 0.03387009953229044	false	0.5
gibt			__DUMMY__ 0.9312983760837091 off 0.036391204934055434 neg 0.0323104189822355	false	0.0
qualvoll	neg 1.0		__DUMMY__ 0.9299419689828222 off 0.03997597925853666 neg 0.030082051758641103	false	0.5
wackeln	neg 1.0		__DUMMY__ 0.9326935398464824 off 0.03814521559341948 neg 0.029161244560098176	false	0.5
klagen	neg 1.0		__DUMMY__ 0.9339136708504603 neg 0.033909014550249486 off 0.032177314599290165	false	1.0
bankrott	neg 1.0		__DUMMY__ 0.9297736651895326 off 0.04076515086710532 neg 0.02946118394336198	false	0.5
trauern	neg 1.0		__DUMMY__ 0.9351877957864368 off 0.034486885238061794 neg 0.030325318975501326	false	0.5
ablehnung	neg 1.0		__DUMMY__ 0.9298139181762466 off 0.03612512154373543 neg 0.034060960280017996	false	0.5
stur	neg 1.0		__DUMMY__ 0.9280352324276061 off 0.03880542030156094 neg 0.033159347270832897	false	0.5
aufruhr	neg 1.0		__DUMMY__ 0.9313269910982476 off 0.03684378464127905 neg 0.031829224260473396	false	0.5
melancholie	neg 1.0		__DUMMY__ 0.9332730340088509 off 0.03469736989702769 neg 0.03202959609412149	false	0.5
ist			__DUMMY__ 0.9292950124805253 off 0.03921093172252828 neg 0.03149405579694641	false	0.0
torheit	neg 1.0		__DUMMY__ 0.9304381190140655 off 0.03803481777354372 neg 0.03152706321239085	false	0.5
dreckskind	off 1.0		__DUMMY__ 0.9202521433826651 off 0.04717182391618017 neg 0.03257603270115466	false	1.0
umtauschen	neg 1.0		__DUMMY__ 0.9310804149513268 off 0.03680143564145467 neg 0.032118149407218584	false	0.5
zum			__DUMMY__ 0.9401049366501602 neg 0.030125256004762152 off 0.029769807345077684	false	0.0
zersetzen	neg 1.0		__DUMMY__ 0.9320792355204813 neg 0.034204750489723525 off 0.03371601398979515	false	1.0
zur			__DUMMY__ 0.9382986652124493 neg 0.03210338140040571 off 0.029597953387144986	false	0.0
frust	neg 1.0		__DUMMY__ 0.93159967865095 off 0.03631122453970527 neg 0.03208909680934476	false	0.5
unerbittlichkeit	neg 1.0		__DUMMY__ 0.9330259758715524 off 0.033634774811959756 neg 0.033339249316487754	false	0.5
zwei			__DUMMY__ 0.938560687552088 neg 0.030786828743748305 off 0.030652483704163815	false	0.0
unkorrekt	neg 1.0		__DUMMY__ 0.9242914092732396 off 0.04422889796499464 neg 0.03147969276176571	false	0.5
hexe	off 1.0		__DUMMY__ 0.9251795950787524 off 0.04153098015088593 neg 0.03328942477036164	false	1.0
lasch	neg 1.0		__DUMMY__ 0.9256870282840307 off 0.04101938776224251 neg 0.033293583953726724	false	0.5
rivale	neg 1.0		__DUMMY__ 0.9262182080133807 off 0.04328278492285784 neg 0.030499007063761404	false	0.5
mutlos	off 1.0	off 1.0	off 0.5015487675047525 __DUMMY__ 0.4670557196435976 neg 0.03139551285164999	false	1.0
wirr	off 1.0		__DUMMY__ 0.9237248186413458 off 0.04490454824784726 neg 0.03137063311080687	false	1.0
jahr			__DUMMY__ 0.93901831471722 off 0.03252044642475792 neg 0.028461238858022094	false	0.0
wird			__DUMMY__ 0.9315863865875115 off 0.03535747892971308 neg 0.033056134482775425	false	0.0
strafbar	neg 1.0		__DUMMY__ 0.9312472359319763 off 0.03477402386204578 neg 0.033978740205977964	false	0.5
erosion	neg 1.0		__DUMMY__ 0.9326870897385917 off 0.037375776749321916 neg 0.029937133512086395	false	0.5
eingehen	neg 1.0		__DUMMY__ 0.9308668379936959 off 0.03490894070926445 neg 0.03422422129703973	false	0.5
faul	off 1.0		__DUMMY__ 0.9294590632216608 off 0.04060825725842222 neg 0.02993267951991697	false	1.0
provisorium	neg 1.0		__DUMMY__ 0.9405859077480896 neg 0.03179372211608091 off 0.027620370135829513	false	1.0
schmerzen	neg 1.0		__DUMMY__ 0.9305252067688283 off 0.03629403813419883 neg 0.03318075509697282	false	0.5
schrumpfen	neg 1.0		__DUMMY__ 0.934930969053177 neg 0.03500063192823988 off 0.030068399018583217	false	1.0
geistlos	off 1.0		__DUMMY__ 0.9254787282636578 off 0.04025124290886732 neg 0.03427002882747487	false	1.0
fehlkauf	neg 1.0		__DUMMY__ 0.931084963529681 off 0.03903750668761466 neg 0.02987752978270439	false	0.5
frustrierend	neg 1.0		__DUMMY__ 0.9278264776299371 off 0.040816470692483106 neg 0.03135705167757985	false	0.5
unzufrieden	neg 1.0		__DUMMY__ 0.9296031024486786 off 0.03609062604398228 neg 0.03430627150733906	false	0.5
verzweifeln	neg 1.0		__DUMMY__ 0.930560898634241 off 0.03696725828707059 neg 0.03247184307868846	false	0.5
verzweifelt	neg 1.0	neg 1.0	neg 0.5010245649647516 __DUMMY__ 0.4636723262215878 off 0.035303108813660625	false	1.0
misstrauensantrag	neg 1.0		__DUMMY__ 0.9290429564310431 off 0.03910415683893796 neg 0.03185288673001897	false	0.5
abfallen	neg 1.0		__DUMMY__ 0.9322688176075675 off 0.03789065933571807 neg 0.02984052305671445	false	0.5
fucker	off 1.0		__DUMMY__ 0.9268417054847691 off 0.04401952509984713 neg 0.02913876941538371	false	1.0
ungezogen	neg 1.0		__DUMMY__ 0.9199808094178785 off 0.04984174781152415 neg 0.0301774427705973	false	0.5
irrsinnig	neg 1.0	neg 1.0	neg 0.5004064095202858 __DUMMY__ 0.46431278840649753 off 0.03528080207321666	false	1.0
unfassbar	neg 1.0		__DUMMY__ 0.9270945817440269 off 0.04250625780337587 neg 0.03039916045259724	false	0.5
hart	neg 1.0		__DUMMY__ 0.9275398212674117 off 0.0419727022958191 neg 0.03048747643676924	false	0.5
widerlich	off 1.0		__DUMMY__ 0.9245911244526109 off 0.04310138400481526 neg 0.03230749154257383	false	1.0
fatal	neg 1.0		__DUMMY__ 0.9296368746935019 off 0.039521292803336446 neg 0.03084183250316168	false	0.5
bruch	neg 1.0		__DUMMY__ 0.934084885669687 neg 0.03340370830705449 off 0.03251140602325849	false	1.0
aushungern	neg 1.0		__DUMMY__ 0.9325050389263103 off 0.0364174142207314 neg 0.031077546852958278	false	0.5
anspannung	neg 1.0		__DUMMY__ 0.9387072624307554 neg 0.031232396780609527 off 0.030060340788635044	false	1.0
von			__DUMMY__ 0.9407542679056276 off 0.032548404541917694 neg 0.026697327552454724	false	0.0
kraftlos	neg 1.0		__DUMMY__ 0.932772331453226 off 0.035620041562111834 neg 0.03160762698466209	false	0.5
vom			__DUMMY__ 0.9417672516748994 neg 0.03035800166098087 off 0.02787474666411983	false	0.0
grenzdebil	off 1.0		__DUMMY__ 0.9276619475681376 off 0.042659385101343816 neg 0.02967866733051869	false	1.0
vor			__DUMMY__ 0.9356901258803584 off 0.03279988380191113 neg 0.03150999031773045	false	0.0
unterwerfen	neg 1.0		__DUMMY__ 0.9325305102971778 off 0.03494101397776412 neg 0.03252847572505806	false	0.5
versenkung	neg 1.0		__DUMMY__ 0.9334584226683882 off 0.03508729379663361 neg 0.03145428353497823	false	0.5
entziehen	neg 1.0		__DUMMY__ 0.9336360670610894 neg 0.03380063881958606 off 0.0325632941193246	false	1.0
finanzkrise	neg 1.0		__DUMMY__ 0.9298670662037507 off 0.03681418483382768 neg 0.0333187489624217	false	0.5
schimpfend	neg 1.0		__DUMMY__ 0.9297067726374912 off 0.038794226759710004 neg 0.031499000602798775	false	0.5
profan	neg 1.0		__DUMMY__ 0.9278896420659397 off 0.03979388095137817 neg 0.03231647698268217	false	0.5
korruption	neg 1.0		__DUMMY__ 0.931773394799492 off 0.03538591268795595 neg 0.03284069251255205	false	0.5
â			__DUMMY__ 0.9343272473061377 off 0.03507795876086181 neg 0.030594793933000547	false	0.0
schmutzig	neg 1.0		__DUMMY__ 0.9281691887118804 off 0.043018979882231426 neg 0.028811831405888104	false	0.5
sexy	neg 1.0		__DUMMY__ 0.9295409851306238 off 0.04047412312045036 neg 0.02998489174892591	false	0.5
abraten	neg 1.0		__DUMMY__ 0.9293455126150706 off 0.039129707923177194 neg 0.031524779461752285	false	0.5
schwarz	neg 1.0		__DUMMY__ 0.9296615607326637 off 0.038915808644887626 neg 0.031422630622448745	false	0.5
fotze	off 1.0	off 1.0	off 0.5025137392763284 __DUMMY__ 0.46898257164517626 neg 0.02850368907849528	false	1.0
verwirren	neg 1.0		__DUMMY__ 0.9284266803211746 off 0.040225896157859535 neg 0.031347423520965874	false	0.5
zahnlos	off 1.0		__DUMMY__ 0.9298613028470408 off 0.03673430628680249 neg 0.03340439086615671	false	1.0
verheeren	neg 1.0		__DUMMY__ 0.9217647081431443 off 0.051140146862484845 neg 0.027095144994370834	false	0.5
hippie	neg 1.0		__DUMMY__ 0.9296230157364217 off 0.040267173221624014 neg 0.03010981104195436	false	0.5
rammen	neg 1.0		__DUMMY__ 0.928731044735268 off 0.038383640369434494 neg 0.032885314895297495	false	0.5
unlauter	neg 1.0		__DUMMY__ 0.9268618735150286 off 0.038521826142977264 neg 0.03461630034199414	false	0.5
unheilvoll	neg 1.0		__DUMMY__ 0.9310376868411931 off 0.03872925815507703 neg 0.03023305500372981	false	0.5
niedrig	neg 1.0		__DUMMY__ 0.9314028665568549 neg 0.03491792723283253 off 0.0336792062103126	false	1.0
explosion	neg 1.0		__DUMMY__ 0.929410065926361 off 0.03976452011265196 neg 0.030825413960987025	false	0.5
weichei	off 1.0	off 1.0	off 0.5124012246634373 __DUMMY__ 0.4590706673132471 neg 0.02852810802331557	false	1.0
minusmensch	off 1.0		__DUMMY__ 0.9187343082417858 off 0.049432671384449435 neg 0.03183302037376468	false	1.0
farblos	neg 1.0		__DUMMY__ 0.9327587542898493 off 0.03673875378454078 neg 0.030502491925609842	false	0.5
unwissend	neg 1.0	neg 1.0	neg 0.49973984815233913 __DUMMY__ 0.4622700470026962 off 0.03799010484496462	false	1.0
traurig	neg 1.0		__DUMMY__ 0.9257869092174743 off 0.0443347424236421 neg 0.029878348358883578	false	0.5
senkung	neg 1.0		__DUMMY__ 0.926465201582415 off 0.03966108148984458 neg 0.03387371692774051	false	0.5
ungleich	neg 1.0	neg 1.0	neg 0.5017044689015673 __DUMMY__ 0.46730487257608455 off 0.030990658522348304	false	1.0
heikel	neg 1.0		__DUMMY__ 0.9310248031647087 neg 0.03465750016445374 off 0.03431769667083755	false	1.0
drosselung	neg 1.0		__DUMMY__ 0.927054873277873 off 0.04241448842530812 neg 0.030530638296818943	false	0.5
falsch	neg 1.0		__DUMMY__ 0.9269468125489525 off 0.040928772914869786 neg 0.03212441453617774	false	0.5
unzufriedenheit	neg 1.0		__DUMMY__ 0.9333481624113134 neg 0.03348416298823513 off 0.03316767460045151	false	1.0
kurz	neg 1.0		__DUMMY__ 0.9335315082533595 off 0.03614034430460555 neg 0.03032814744203495	false	0.5
unsinnig	neg 1.0		__DUMMY__ 0.9289652127541765 off 0.03682847577980191 neg 0.034206311466021586	false	0.5
penner	off 1.0	off 1.0	off 0.5136178934269836 __DUMMY__ 0.4587320700651944 neg 0.02765003650782187	false	1.0
seicht	neg 1.0		__DUMMY__ 0.9186271041879182 off 0.049774793857588616 neg 0.03159810195449318	false	0.5
dummheit	off 1.0	off 1.0	off 0.506755871747591 __DUMMY__ 0.4631627412832351 neg 0.030081386969173948	false	1.0
unerfreulich	neg 1.0		__DUMMY__ 0.9330105419293275 off 0.033495744059581584 neg 0.03349371401109092	false	0.5
motherfucker	off 1.0	off 1.0	off 0.5097221349275355 __DUMMY__ 0.46297226438622874 neg 0.027305600686235738	false	1.0
pikiert	neg 1.0		__DUMMY__ 0.9258321377418615 off 0.042491909726035386 neg 0.03167595253210306	false	0.5
wrack	neg 1.0		__DUMMY__ 0.9339190360064699 off 0.03543193588105559 neg 0.03064902811247454	false	0.5
gangster	neg 1.0		__DUMMY__ 0.9295832326490993 off 0.04025951909819043 neg 0.030157248252710392	false	0.5
krank	neg 1.0		__DUMMY__ 0.9277090136842333 off 0.042438482796876544 neg 0.02985250351889018	false	0.5
reich	neg 1.0		__DUMMY__ 0.9303686475534669 off 0.041622950426869025 neg 0.028008402019664088	false	0.5
gnadenlos	neg 1.0		__DUMMY__ 0.9290252747229166 off 0.03878637783087405 neg 0.032188347446209326	false	0.5
niedergeschlagen	neg 1.0		__DUMMY__ 0.9323051002788693 off 0.03643949323574788 neg 0.03125540648538287	false	0.5
terrorisieren	off 1.0	off 1.0	off 0.5016730983970329 __DUMMY__ 0.46869279243795386 neg 0.02963410916501328	false	1.0
sinnlosigkeit	neg 1.0		__DUMMY__ 0.9305924609263722 off 0.03622578126803115 neg 0.033181757805596734	false	0.5
behindern	neg 1.0		__DUMMY__ 0.9317940093276189 off 0.0368164740775 neg 0.03138951659488108	false	0.5
undemokratisch	neg 1.0		__DUMMY__ 0.9293115260386465 off 0.038690844119866764 neg 0.0319976298414867	false	0.5
wirtschaftskrise	neg 1.0		__DUMMY__ 0.931270307128101 off 0.035235513344391046 neg 0.03349417952750791	false	0.5
neid	neg 1.0		__DUMMY__ 0.9293830105654955 off 0.040512894756575615 neg 0.030104094677928846	false	0.5
rutschen	neg 1.0		__DUMMY__ 0.9396078580379794 off 0.03048460461738124 neg 0.029907537344639343	false	0.5
rezession	neg 1.0		__DUMMY__ 0.9203674130249311 off 0.04495587651128547 neg 0.03467671046378352	false	0.5
fehlgeburt	neg 1.0		__DUMMY__ 0.9313290812371864 off 0.03872989256982543 neg 0.029941026192988166	false	0.5
charakterschwach	off 1.0		__DUMMY__ 0.9247233675923597 off 0.04305731020434805 neg 0.032219322203292315	false	1.0
isolation	neg 1.0		__DUMMY__ 0.9286916464171975 off 0.040412498169320285 neg 0.03089585541348224	false	0.5
ablenkung	neg 1.0		__DUMMY__ 0.9312018007088609 off 0.03763799358504962 neg 0.03116020570608946	false	0.5
pech	neg 1.0		__DUMMY__ 0.9272099442437363 off 0.04016142358615304 neg 0.03262863217011067	false	0.5
vermeidung	neg 1.0		__DUMMY__ 0.9279926413365297 off 0.04254587578579697 neg 0.029461482877673386	false	0.5
dominieren	neg 1.0		__DUMMY__ 0.9336909592766778 off 0.034546469793295266 neg 0.03176257093002698	false	0.5
schwindlig	neg 1.0		__DUMMY__ 0.9309757818629025 off 0.038825589445756294 neg 0.030198628691341146	false	0.5
lutscher	neg 1.0		__DUMMY__ 0.9192892440858699 off 0.04981517455892679 neg 0.030895581355203382	false	0.5
pflicht	neg 1.0		__DUMMY__ 0.9319120889424918 neg 0.03455670482557221 off 0.033531206231936	false	1.0
faschist	off 1.0		__DUMMY__ 0.9284253898246604 off 0.04066963753431168 neg 0.030904972641027942	false	1.0
verschleudern	neg 1.0		__DUMMY__ 0.9312995438633912 neg 0.03456941689154805 off 0.03413103924506077	false	1.0
wenn			__DUMMY__ 0.927791813012404 off 0.041068328587629745 neg 0.031139858399966337	false	0.0
ehebruch	neg 1.0		__DUMMY__ 0.9325269186327796 off 0.03536199629960357 neg 0.03211108506761679	false	0.5
spott	off 1.0		__DUMMY__ 0.9315047288944981 off 0.0350338493931112 neg 0.03346142171239076	false	1.0
trostlosigkeit	neg 1.0		__DUMMY__ 0.9357792847238617 off 0.032840756782249694 neg 0.03137995849388847	false	0.5
lutschen	neg 1.0		__DUMMY__ 0.9277048731193093 off 0.04067710705808477 neg 0.031618019822605856	false	0.5
undiszipliniert	neg 1.0		__DUMMY__ 0.9250709490902016 off 0.043901588811729925 neg 0.031027462098068493	false	0.5
kopfschmerz	neg 1.0		__DUMMY__ 0.931340142959551 off 0.035522712617655716 neg 0.033137144422793245	false	0.5
unvorhergesehen	neg 1.0		__DUMMY__ 0.9364770772381578 off 0.03323493058948619 neg 0.03028799217235609	false	0.5
desinteressiert	neg 1.0		__DUMMY__ 0.92538349026565 off 0.04360004020075435 neg 0.03101646953359559	false	0.5
armselig	off 1.0		__DUMMY__ 0.9228914101084479 off 0.044745742946054476 neg 0.032362846945497625	false	1.0
desaster	neg 1.0		__DUMMY__ 0.934313032770242 neg 0.03360950171193301 off 0.03207746551782491	false	1.0
tod	neg 1.0		__DUMMY__ 0.9375656420095897 off 0.03493034638659316 neg 0.027504011603817144	false	0.5
herzlos	neg 1.0		__DUMMY__ 0.9246751607293193 off 0.04448790446627469 neg 0.030836934804405997	false	0.5
unwissenheit	neg 1.0		__DUMMY__ 0.9308011814555656 off 0.03598836362882606 neg 0.033210454915608444	false	0.5
widersinnig	neg 1.0		__DUMMY__ 0.9279879833517659 off 0.03621177135017253 neg 0.035800245298061535	false	0.5
bedenklich	neg 1.0		__DUMMY__ 0.9305234472926754 off 0.0352763333502007 neg 0.03420021935712385	false	0.5
beanstanden	neg 1.0		__DUMMY__ 0.932734598195911 neg 0.034114032173234686 off 0.033151369630854306	false	1.0
panisch	neg 1.0	neg 1.0	neg 0.4962369670180608 __DUMMY__ 0.46814822681586293 off 0.03561480616607624	false	1.0
debil	off 1.0		__DUMMY__ 0.9402794738507663 neg 0.03145494696617578 off 0.02826557918305788	false	0.5
abstrich	neg 1.0		__DUMMY__ 0.9386310956286221 off 0.03558174785805766 neg 0.025787156513320156	false	0.5
primitiv	neg 1.0		__DUMMY__ 0.9243426682525784 off 0.0432935465849185 neg 0.032363785162503066	false	0.5
abschaum	off 1.0	off 1.0	off 0.5084795619116907 __DUMMY__ 0.46270081281809816 neg 0.02881962527021116	false	1.0
provozieren	neg 1.0		__DUMMY__ 0.9276643218927695 off 0.038672912752000604 neg 0.03366276535522995	false	0.5
tot	neg 1.0		__DUMMY__ 0.9323397565820994 off 0.035058016052940816 neg 0.03260222736495969	false	0.5
instabil	neg 1.0		__DUMMY__ 0.9243266541633878 off 0.04410811940530064 neg 0.03156522643131167	false	0.5
schwuchtel	off 1.0	off 1.0	off 0.5181626020523111 __DUMMY__ 0.45372235387265414 neg 0.02811504407503469	false	1.0
zerren	neg 1.0		__DUMMY__ 0.9322567954244325 off 0.036139862002601206 neg 0.03160334257296625	false	0.5
kinderficker	off 1.0		__DUMMY__ 0.923539286679468 off 0.04681799202939478 neg 0.029642721291137143	false	1.0
gefahr	neg 1.0		__DUMMY__ 0.9347639476484116 off 0.033022576936096185 neg 0.03221347541549214	false	0.5
rabiat	neg 1.0		__DUMMY__ 0.9305365638887918 off 0.037894233746834 neg 0.03156920236437413	false	0.5
verlangsamung	neg 1.0		__DUMMY__ 0.9199251645773655 off 0.04822819064345772 neg 0.031846644779176723	false	0.5
ausgestorben	neg 1.0		__DUMMY__ 0.9314700402877749 off 0.037554606651759616 neg 0.03097535306046543	false	0.5
anklagen	neg 1.0		__DUMMY__ 0.9321138756760311 off 0.03545989894473243 neg 0.03242622537923642	false	0.5
trott	neg 1.0		__DUMMY__ 0.931390558684334 off 0.03715448262512137 neg 0.031454958690544654	false	0.5
verminderung	neg 1.0		__DUMMY__ 0.9266412697386085 off 0.04277775730400018 neg 0.030580972957391327	false	0.5
nach			__DUMMY__ 0.9393961939690159 neg 0.0309316124729232 off 0.029672193558060934	false	0.0
rost	neg 1.0		__DUMMY__ 0.922873941287616 off 0.04683220274752187 neg 0.030293855964862067	false	0.5
destruktiv	neg 1.0		__DUMMY__ 0.928842833231967 off 0.037693252707554935 neg 0.033463914060478085	false	0.5
unzumutbarkeit	neg 1.0		__DUMMY__ 0.9285283209192651 off 0.0418680716481579 neg 0.029603607432576996	false	0.5
labil	off 1.0	off 1.0	off 0.5078637373633743 __DUMMY__ 0.4636658605192477 neg 0.028470402117378023	false	1.0
ziemlich	neg 1.0		__DUMMY__ 0.9278073608454032 off 0.042274129563068995 neg 0.0299185095915278	false	0.5
lachnummer	off 1.0		__DUMMY__ 0.9284345989023058 off 0.03843602736711907 neg 0.03312937373057506	false	1.0
oder			__DUMMY__ 0.9309866331808347 off 0.03810998728743528 neg 0.03090337953172996	false	0.0
verfall	neg 1.0		__DUMMY__ 0.9362539225073762 neg 0.033700841618939714 off 0.03004523587368417	false	1.0
ausgrenzung	neg 1.0		__DUMMY__ 0.9294467591811838 off 0.03915823004029345 neg 0.03139501077852281	false	0.5
unordnung	neg 1.0		__DUMMY__ 0.9293355469762852 off 0.04377068741791971 neg 0.026893765605795067	false	0.5
fehlverhalten	neg 1.0		__DUMMY__ 0.9310454695304285 neg 0.03489508443858933 off 0.03405944603098206	false	1.0
eine			__DUMMY__ 0.934685105276476 off 0.03317146278878806 neg 0.03214343193473597	false	0.0
nille	neg 1.0		__DUMMY__ 0.932201522065781 off 0.03735665866613709 neg 0.030441819268081927	false	0.5
qual	neg 1.0		__DUMMY__ 0.9318148071665064 off 0.0368637556464178 neg 0.03132143718707577	false	0.5
verschwenden	neg 1.0		__DUMMY__ 0.9307645086694354 neg 0.03463253960030241 off 0.03460295173026221	false	1.0
riesig	neg 1.0		__DUMMY__ 0.9347869559985643 off 0.03455621222516918 neg 0.030656831776266442	false	0.5
verurteilen	neg 1.0		__DUMMY__ 0.9298779392127677 off 0.03605064487639095 neg 0.03407141591084136	false	0.5
klischee	neg 1.0	neg 1.0	neg 0.499838097475945 __DUMMY__ 0.4629497999411799 off 0.03721210258287517	false	1.0
diktatorisch	neg 1.0		__DUMMY__ 0.928584956053398 off 0.03888785672934603 neg 0.03252718721725592	false	0.5
vorhersehbar	neg 1.0		__DUMMY__ 0.9258670005132258 off 0.04050373485910268 neg 0.033629264627671455	false	0.5
sowie			__DUMMY__ 0.9233091150268723 off 0.04620126311682607 neg 0.030489621856301666	false	0.0
stornieren	neg 1.0		__DUMMY__ 0.9341601678503223 off 0.03882066891750944 neg 0.027019163232168193	false	0.5
besteuerung	neg 1.0		__DUMMY__ 0.9271791444596836 off 0.03800010956249597 neg 0.034820745977820367	false	0.5
ungeschminkt	neg 1.0		__DUMMY__ 0.9238983040737989 off 0.04264036307250892 neg 0.03346133285369211	false	0.5
kritisch	neg 1.0		__DUMMY__ 0.9311492120051811 off 0.03512420756858464 neg 0.03372658042623425	false	0.5
schlamperei	off 1.0		__DUMMY__ 0.9335651516554485 off 0.03399277338461435 neg 0.03244207495993715	false	1.0
sucht	neg 1.0	neg 1.0	neg 0.49266972040331036 __DUMMY__ 0.4733774079747235 off 0.03395287162196613	false	1.0
egoistisch	off 1.0		__DUMMY__ 0.921279427581865 off 0.04686218640735758 neg 0.031858386010777416	false	1.0
ausbeuter	off 1.0		__DUMMY__ 0.9304104341145455 neg 0.03552914138911992 off 0.03406042449633467	false	0.5
arschgeburt	off 1.0		__DUMMY__ 0.9149425698654392 off 0.0533008245729813 neg 0.03175660556157948	false	1.0
schubs	neg 1.0		__DUMMY__ 0.9317472332069484 off 0.035528646065815184 neg 0.03272412072723637	false	0.5
unsolide	neg 1.0		__DUMMY__ 0.9269912312337069 off 0.03931793494717898 neg 0.033690833819114176	false	0.5
beschwerde	neg 1.0		__DUMMY__ 0.9314260041237076 off 0.03462527951632913 neg 0.033948716359963306	false	0.5
stocken	neg 1.0		__DUMMY__ 0.933522140098625 off 0.03419968975585824 neg 0.03227817014551685	false	0.5
isolieren	neg 1.0		__DUMMY__ 0.9320738556430942 off 0.03540608935039295 neg 0.032520055006512914	false	0.5
unheilbar	neg 1.0		__DUMMY__ 0.9315235947978913 off 0.03810341753569974 neg 0.03037298766640894	false	0.5
pisser	off 1.0		__DUMMY__ 0.9242665476905623 off 0.04431313631382338 neg 0.03142031599561437	false	1.0
löschen	neg 1.0		__DUMMY__ 0.9316191426092272 off 0.037494372453150654 neg 0.030886484937622076	false	0.5
durchfallen	neg 1.0		__DUMMY__ 0.9291425488280757 off 0.035574038180526735 neg 0.03528341299139759	false	0.5
wichser	off 1.0	off 1.0	off 0.5159377445310543 __DUMMY__ 0.45683027621268285 neg 0.027231979256262792	false	1.0
terror	neg 1.0		__DUMMY__ 0.9298826566112004 off 0.03977874763647162 neg 0.030338595752328078	false	0.5
krass	neg 1.0		__DUMMY__ 0.9240771477952541 off 0.04468710380805867 neg 0.03123574839668721	false	0.5
revolte	neg 1.0		__DUMMY__ 0.9296039528055561 off 0.03945643910382513 neg 0.03093960809061887	false	0.5
besorgt	neg 1.0		__DUMMY__ 0.9355866500514772 off 0.0361110684053043 neg 0.028302281543218493	false	0.5
nachlassen	neg 1.0		__DUMMY__ 0.9360199818187452 off 0.03374294565639371 neg 0.03023707252486115	false	0.5
alt	neg 1.0		__DUMMY__ 0.9325373197040455 off 0.035063252043268815 neg 0.0323994282526856	false	0.5
hundesohn	off 1.0		__DUMMY__ 0.9192495837487672 off 0.05049488849063748 neg 0.030255527760595344	false	1.0
als			__DUMMY__ 0.9312128794250898 off 0.03602939082143405 neg 0.032757729753476156	false	0.0
abschreckung	neg 1.0		__DUMMY__ 0.9336780133809083 neg 0.0332698515747631 off 0.03305213504432857	false	1.0
unqualifiziert	neg 1.0		__DUMMY__ 0.9251211224285345 off 0.04126353620538519 neg 0.03361534136608035	false	0.5
abgewichst	off 1.0		__DUMMY__ 0.932701471756133 off 0.036644953878889885 neg 0.030653574364977128	false	1.0
schwer	neg 1.0		__DUMMY__ 0.9295606059405573 off 0.03732843599840034 neg 0.03311095806104239	false	0.5
bedeutungslosigkeit	neg 1.0		__DUMMY__ 0.9323124199874998 off 0.03388101206315296 neg 0.03380656794934724	false	0.5
kapitulation	neg 1.0		__DUMMY__ 0.9329353772000202 off 0.03487188640613549 neg 0.03219273639384437	false	0.5
unscharf	neg 1.0		__DUMMY__ 0.9276375175323325 off 0.039055919111414004 neg 0.03330656335625356	false	0.5
schwinden	neg 1.0		__DUMMY__ 0.9344861907804284 off 0.03354894379424898 neg 0.031964865425322675	false	0.5
versklavung	neg 1.0		__DUMMY__ 0.9312654780536428 off 0.03843648700038218 neg 0.030298034945975046	false	0.5
schlecht	neg 1.0		__DUMMY__ 0.9276686852197297 off 0.04249652073450509 neg 0.029834794045765233	false	0.5
verhasst	neg 1.0		__DUMMY__ 0.9264246150585613 off 0.039161391491678875 neg 0.03441399344975987	false	0.5
beschweren	neg 1.0		__DUMMY__ 0.9288172418785202 off 0.039366221717804455 neg 0.03181653640367535	false	0.5
scheiden	neg 1.0		__DUMMY__ 0.9328372107819844 off 0.03704591988254176 neg 0.030116869335473764	false	0.5
frustriert	neg 1.0		__DUMMY__ 0.9299240986431233 off 0.03671931255131825 neg 0.03335658880555851	false	0.5
schimmelig	neg 1.0		__DUMMY__ 0.9302195025901091 neg 0.034963986972413784 off 0.034816510437477084	false	1.0
fisch	neg 1.0		__DUMMY__ 0.9327428736315474 neg 0.03491427234753188 off 0.032342854020920735	false	1.0
schmuggel	neg 1.0		__DUMMY__ 0.9335544129724389 off 0.03408781463801789 neg 0.03235777238954321	false	0.5
auffallen	neg 1.0		__DUMMY__ 0.9284694523619332 off 0.039941067720649266 neg 0.03158947991741757	false	0.5
konkurrenz	neg 1.0		__DUMMY__ 0.9337185476917073 neg 0.033498665530728916 off 0.0327827867775639	false	1.0
teufelskreis	neg 1.0		__DUMMY__ 0.9292150452223519 off 0.03762989184097955 neg 0.033155062936668575	false	0.5
aufschreien	neg 1.0		__DUMMY__ 0.927322282415033 off 0.04009347333314575 neg 0.03258424425182128	false	0.5
schuldner	neg 1.0		__DUMMY__ 0.9318899938621872 neg 0.034747911354695446 off 0.03336209478311741	false	1.0
missgeburt	off 1.0	off 1.0	off 0.5131277984839347 __DUMMY__ 0.4581445421907086 neg 0.02872765932535664	false	1.0
arbeitslos	neg 1.0		__DUMMY__ 0.928726166323113 off 0.03594508866122352 neg 0.035328745015663444	false	0.5
befallen	neg 1.0		__DUMMY__ 0.9336716699006908 off 0.03655977992619037 neg 0.029768550173118736	false	0.5
miesepetrig	off 1.0	off 1.0	off 0.5079281699449046 __DUMMY__ 0.46376734652947665 neg 0.02830448352561883	false	1.0
alarmieren	neg 1.0		__DUMMY__ 0.9267547036467267 off 0.041539056855592824 neg 0.03170623949768039	false	0.5
ungeduscht	off 1.0		__DUMMY__ 0.9268281532549473 off 0.04056316653466328 neg 0.03260868021038946	false	1.0
knappheit	neg 1.0		__DUMMY__ 0.9293975199410136 off 0.03538807798709284 neg 0.03521440207189355	false	0.5
schlange	neg 1.0		__DUMMY__ 0.9328683710245635 off 0.038634679624142604 neg 0.028496949351293942	false	0.5
harsch	neg 1.0		__DUMMY__ 0.9268965409844789 off 0.04568789915193224 neg 0.02741555986358878	false	0.5
lang	neg 1.0		__DUMMY__ 0.9313240583357386 off 0.038184742018776655 neg 0.030491199645484635	false	0.5
ziellos	neg 1.0		__DUMMY__ 0.933545748042006 off 0.03504424267920468 neg 0.03141000927878941	false	0.5
selbstverliebt	neg 1.0		__DUMMY__ 0.9171353125093424 off 0.051179566225198196 neg 0.031685121265459415	false	0.5
beseitigen	neg 1.0		__DUMMY__ 0.9329654045182849 off 0.036306548000060584 neg 0.03072804748165453	false	0.5
dumm	off 1.0		__DUMMY__ 0.9219020193197082 off 0.04727031228523987 neg 0.030827668395052032	false	1.0
arbeitsloser	neg 1.0		__DUMMY__ 0.9309293033961598 off 0.03595670865502178 neg 0.03311398794881836	false	0.5
blitzen	neg 1.0		__DUMMY__ 0.929615618205059 off 0.04018741889938237 neg 0.030196962895558618	false	0.5
hilflos	neg 1.0		__DUMMY__ 0.9305868063052679 off 0.03626535275493387 neg 0.03314784093979823	false	0.5
eklig	off 1.0		__DUMMY__ 0.9201276764739128 off 0.04777542366993233 neg 0.03209689985615488	false	1.0
begriff			__DUMMY__ 0.9300780920258446 off 0.037251778475754865 neg 0.03267012949840045	false	0.0
hungersnot	neg 1.0		__DUMMY__ 0.9337616388160451 off 0.03569921575778881 neg 0.030539145426166165	false	0.5
ungesetzlich	neg 1.0		__DUMMY__ 0.9261099691315788 off 0.03883975636638721 neg 0.03505027450203397	false	0.5
verschwendung	neg 1.0		__DUMMY__ 0.932545027490724 off 0.034306738972829876 neg 0.033148233536446116	false	0.5
schmerzvoll	neg 1.0		__DUMMY__ 0.9297438458794205 off 0.039051565900423434 neg 0.03120458822015604	false	0.5
vorzeitig	neg 1.0		__DUMMY__ 0.9302347427694313 off 0.03980738281828361 neg 0.029957874412285125	false	0.5
unvollkommenheit	neg 1.0		__DUMMY__ 0.9360939037659488 off 0.034957930217164264 neg 0.028948166016886948	false	0.5
intervenieren	neg 1.0		__DUMMY__ 0.9312413707674163 neg 0.034403059545166904 off 0.034355569687416834	false	1.0
banause	off 1.0		__DUMMY__ 0.9171403167460468 off 0.049904486129040304 neg 0.03295519712491294	false	1.0
rebell	neg 1.0		__DUMMY__ 0.9350734153053565 neg 0.034062012591626514 off 0.0308645721030169	false	1.0
unlogisch	neg 1.0		__DUMMY__ 0.9230876032893974 off 0.04437423527446619 neg 0.03253816143613637	false	0.5
leiden	neg 1.0		__DUMMY__ 0.9352664116918571 off 0.03286409888761009 neg 0.031869489420532846	false	0.5
abschaffung	neg 1.0		__DUMMY__ 0.9295835245139502 off 0.03791675631571104 neg 0.03249971917033868	false	0.5
sturz	neg 1.0		__DUMMY__ 0.9325179728823233 off 0.037605278254400715 neg 0.029876748863275997	false	0.5
verkleinerung	neg 1.0		__DUMMY__ 0.9248820417846938 off 0.04020704841335852 neg 0.034910909801947665	false	0.5
schmarotzer	off 1.0		__DUMMY__ 0.9274213762665339 off 0.03662854002080925 neg 0.03595008371265689	false	1.0
bestrafung	neg 1.0		__DUMMY__ 0.9305273287321443 off 0.03862078237501475 neg 0.03085188889284094	false	0.5
achtlos	neg 1.0	neg 1.0	neg 0.49860105189461307 __DUMMY__ 0.46767681796641475 off 0.033722130138972226	false	1.0
ungeheuer	neg 1.0		__DUMMY__ 0.9304116223485591 off 0.03941376471843413 neg 0.030174612933006793	false	0.5
