unsolidarisch	neg 1.0		off 0.4976720982186498 neg 0.4334571383470515 __DUMMY__ 0.06887076343429854	false	0.5
nachteilig	neg 1.0		off 0.49561621950357526 neg 0.4348763752054036 __DUMMY__ 0.06950740529102106	false	0.5
skeptisch	neg 1.0		off 0.4950550407616883 neg 0.43538613143754096 __DUMMY__ 0.06955882780077079	false	0.5
schrecklich	neg 1.0		off 0.5091649934951535 neg 0.42237174996945853 __DUMMY__ 0.06846325653538807	false	0.5
schlapp	neg 1.0		off 0.5059192842739418 neg 0.4252292212504905 __DUMMY__ 0.06885149447556765	false	0.5
abfall	neg 1.0		off 0.49355494483846774 neg 0.4363294242077031 __DUMMY__ 0.07011563095382901	false	0.5
widerspenstig	neg 1.0		off 0.5011588995237151 neg 0.4295353102171775 __DUMMY__ 0.06930579025910748	false	0.5
abrupt	neg 1.0		off 0.4986266843378505 neg 0.4314598708554463 __DUMMY__ 0.06991344480670313	false	0.5
unwirksam	neg 1.0		off 0.49684725734373064 neg 0.43444319532171244 __DUMMY__ 0.06870954733455698	false	0.5
angreifen	neg 1.0		off 0.4952479443846654 neg 0.43515542935765317 __DUMMY__ 0.06959662625768148	false	0.5
inkonsistent	neg 1.0		off 0.501100555222414 neg 0.429800135961004 __DUMMY__ 0.06909930881658205	false	0.5
abrutschen	neg 1.0		off 0.49230471003294235 neg 0.43788435188473446 __DUMMY__ 0.06981093808232325	false	0.5
unsicher	neg 1.0		off 0.5009683591853997 neg 0.4296437153225323 __DUMMY__ 0.0693879254920681	false	0.5
bauernkind	off 1.0	off 1.0	off 0.7396468464155423 neg 0.2280876831751656 __DUMMY__ 0.032265470409292125	false	1.0
angreifer	neg 1.0	neg 1.0	neg 0.6977084600692876 off 0.26901966782294545 __DUMMY__ 0.03327187210776699	false	1.0
trennen	neg 1.0		off 0.4972259072056088 neg 0.43280011263656193 __DUMMY__ 0.06997398015782938	false	0.5
schmutz	neg 1.0		off 0.5066257730231328 neg 0.423513371551662 __DUMMY__ 0.06986085542520505	false	0.5
inkonsistenz	neg 1.0		off 0.501689276351369 neg 0.4301086106667528 __DUMMY__ 0.06820211298187817	false	0.5
erschreckend	neg 1.0		off 0.4986439128824501 neg 0.432188539469268 __DUMMY__ 0.06916754764828198	false	0.5
ertrinken	neg 1.0		off 0.49735594489681145 neg 0.43283296317554587 __DUMMY__ 0.06981109192764257	false	0.5
pickelface	off 1.0		off 0.5004764175772498 neg 0.4300374678105526 __DUMMY__ 0.06948611461219781	false	1.0
seiner			off 0.4960962425522169 neg 0.43425587683516165 __DUMMY__ 0.06964788061262157	false	0.0
lauch	neg 1.0		off 0.4947787236864568 neg 0.4351468756702672 __DUMMY__ 0.07007440064327589	false	0.5
unwichtig	neg 1.0		off 0.5038415926324734 neg 0.42751205121477404 __DUMMY__ 0.06864635615275257	false	0.5
steuerhinterziehung	neg 1.0	neg 1.0	neg 0.7016361900867126 off 0.2651785558363255 __DUMMY__ 0.03318525407696187	false	1.0
schock	neg 1.0		off 0.5006945711395537 neg 0.4297939868566961 __DUMMY__ 0.06951144200375008	false	0.5
beule	neg 1.0		off 0.5067178946104425 neg 0.4245496096420771 __DUMMY__ 0.06873249574748032	false	0.5
vergelten	neg 1.0		off 0.5098505110198784 neg 0.42128558903748026 __DUMMY__ 0.06886389994264117	false	0.5
verdorbenheit	neg 1.0		off 0.5033853702448943 neg 0.427029066316469 __DUMMY__ 0.06958556343863682	false	0.5
trauma	neg 1.0		off 0.5019171688645347 neg 0.4287982803361779 __DUMMY__ 0.06928455079928736	false	0.5
sinnlos	neg 1.0		off 0.5028691004040161 neg 0.4279953748534733 __DUMMY__ 0.06913552474251053	false	0.5
fettsack	off 1.0	off 1.0	off 0.741210775072877 neg 0.22639734356421065 __DUMMY__ 0.03239188136291235	false	1.0
feige	off 1.0	off 1.0	off 0.7387366538190238 neg 0.22852421277982826 __DUMMY__ 0.03273913340114799	false	1.0
abdanken	neg 1.0		off 0.4999470054554871 neg 0.4306898457091278 __DUMMY__ 0.06936314883538502	false	0.5
wichtigtuer	off 1.0	off 1.0	off 0.7377134038259802 neg 0.22939015583783212 __DUMMY__ 0.03289644033618776	false	1.0
misslingen	neg 1.0		off 0.504391667573307 neg 0.42580916906755245 __DUMMY__ 0.06979916335914046	false	0.5
untreu	off 1.0		off 0.5053000006067176 neg 0.4259467794381687 __DUMMY__ 0.0687532199551135	false	1.0
missmutig	neg 1.0		off 0.5057342470862011 neg 0.42528176086584235 __DUMMY__ 0.06898399204795667	false	0.5
hurenbock	off 1.0		off 0.5048295448571684 neg 0.42568808996928725 __DUMMY__ 0.06948236517354432	false	1.0
betrunken	neg 1.0		off 0.5077404558933344 neg 0.4235135816252805 __DUMMY__ 0.06874596248138527	false	0.5
korrupt	off 1.0		off 0.4954300850435061 neg 0.4355348170059544 __DUMMY__ 0.0690350979505394	false	1.0
unmut	neg 1.0		off 0.4929431888782892 neg 0.43715650036540393 __DUMMY__ 0.06990031075630698	false	0.5
hackfresse	off 1.0		off 0.5115886755817307 neg 0.420414206228533 __DUMMY__ 0.06799711818973621	false	1.0
aufblasen	neg 1.0		off 0.5033918723537384 neg 0.42731273360985067 __DUMMY__ 0.06929539403641095	false	0.5
gewaltsam	neg 1.0		off 0.5001986626497283 neg 0.4302350507953229 __DUMMY__ 0.06956628655494879	false	0.5
unbeliebtheit	neg 1.0		off 0.501688098945575 neg 0.42981384395450317 __DUMMY__ 0.06849805709992189	false	0.5
sturheit	neg 1.0		off 0.49840715979013084 neg 0.43232602967259787 __DUMMY__ 0.06926681053727134	false	0.5
kuh	neg 1.0		off 0.49925925343122385 neg 0.4323105714542558 __DUMMY__ 0.06843017511452026	false	0.5
erschrecken	neg 1.0		off 0.5060641705579638 neg 0.4248150293238224 __DUMMY__ 0.06912080011821384	false	0.5
opfer	neg 1.0		off 0.49727901565948585 neg 0.43313763629858176 __DUMMY__ 0.06958334804193239	false	0.5
sinken	neg 1.0		off 0.4942796992382365 neg 0.4357674928384044 __DUMMY__ 0.06995280792335923	false	0.5
stinktier	neg 1.0		off 0.5057738815677674 neg 0.4265220577556704 __DUMMY__ 0.06770406067656227	false	0.5
tucke	off 1.0		off 0.5125868945562896 neg 0.4195604343000047 __DUMMY__ 0.06785267114370558	false	1.0
ein			off 0.501666647066961 neg 0.4291414342520635 __DUMMY__ 0.06919191868097563	false	0.0
abstieg	neg 1.0		off 0.49615843922155284 neg 0.4341967692595431 __DUMMY__ 0.06964479151890404	false	0.5
missverstehen	neg 1.0		off 0.5013173026253358 neg 0.4299906708481451 __DUMMY__ 0.06869202652651911	false	0.5
ergebnislos	neg 1.0		off 0.49584721854126296 neg 0.4344762002940573 __DUMMY__ 0.0696765811646797	false	0.5
unter			off 0.4904252502473587 neg 0.4389700413671984 __DUMMY__ 0.07060470838544299	false	0.0
manipulieren	neg 1.0		off 0.4958324549781953 neg 0.43439772540142463 __DUMMY__ 0.06976981962038009	false	0.5
unbewiesen	neg 1.0		off 0.49701500628451595 neg 0.43421852405209427 __DUMMY__ 0.06876646966338977	false	0.5
verschleppen	neg 1.0		off 0.49669143270012894 neg 0.4338963119591801 __DUMMY__ 0.06941225534069095	false	0.5
weib	off 1.0		off 0.5101717584332354 neg 0.4222460255692669 __DUMMY__ 0.06758221599749772	false	1.0
opposition	neg 1.0		off 0.500799116698132 neg 0.4302615295281439 __DUMMY__ 0.06893935377372418	false	0.5
verkehrswidrig	neg 1.0		off 0.5120826282074135 neg 0.41896031849441884 __DUMMY__ 0.06895705329816769	false	0.5
inkorrekt	neg 1.0		off 0.5066001105354959 neg 0.42517482054133143 __DUMMY__ 0.0682250689231725	false	0.5
vermeiden	neg 1.0		off 0.4919231767566766 neg 0.43798500084704894 __DUMMY__ 0.07009182239627461	false	0.5
abweichung	neg 1.0		off 0.49593869264897195 neg 0.434675329276868 __DUMMY__ 0.06938597807416015	false	0.5
alkoholisiert	neg 1.0		off 0.49699338080651095 neg 0.43328900192701847 __DUMMY__ 0.06971761726647063	false	0.5
scheiss	off 1.0	off 1.0	off 0.7397901196493728 neg 0.2273863182927786 __DUMMY__ 0.03282356205784868	false	1.0
herausforderung	neg 1.0		off 0.49611865984402637 neg 0.43416050967954656 __DUMMY__ 0.06972083047642713	false	0.5
pervers	off 1.0		off 0.514412667590388 neg 0.41794361985157813 __DUMMY__ 0.06764371255803389	false	1.0
wackelig	neg 1.0		off 0.5008878220939216 neg 0.42930950966929604 __DUMMY__ 0.06980266823678227	false	0.5
verwickeln	neg 1.0		off 0.500881792117021 neg 0.43036747439679657 __DUMMY__ 0.06875073348618253	false	0.5
vorwand	neg 1.0		off 0.49478314746190716 neg 0.43558698520977124 __DUMMY__ 0.06962986732832166	false	0.5
muschi	off 1.0		off 0.5003755195586335 neg 0.43018102159776145 __DUMMY__ 0.06944345884360519	false	1.0
entmutigung	neg 1.0		off 0.5009648435329691 neg 0.4299543165536731 __DUMMY__ 0.06908083991335774	false	0.5
unangemessen	neg 1.0		off 0.4965411153026216 neg 0.4344354561532395 __DUMMY__ 0.06902342854413875	false	0.5
unstetig	neg 1.0		off 0.5030239883984263 neg 0.4279513799545263 __DUMMY__ 0.06902463164704739	false	0.5
entmutigen	neg 1.0		off 0.5014589914949238 neg 0.4293376337753547 __DUMMY__ 0.06920337472972152	false	0.5
schwanz	neg 1.0		off 0.49813489721798154 neg 0.4322192750963425 __DUMMY__ 0.06964582768567605	false	0.5
verbot	neg 1.0		off 0.4968917855939785 neg 0.4337378184785267 __DUMMY__ 0.06937039592749494	false	0.5
leid	neg 1.0		off 0.5095340967179218 neg 0.42233720484113507 __DUMMY__ 0.06812869844094316	false	0.5
archaisch	neg 1.0		off 0.4988785145079533 neg 0.4317943041344358 __DUMMY__ 0.06932718135761086	false	0.5
gegen			off 0.4937482202505453 neg 0.43637781790688396 __DUMMY__ 0.06987396184257068	false	0.0
scheidung	neg 1.0		off 0.5222545851844156 neg 0.40979232829164897 __DUMMY__ 0.06795308652393543	false	0.5
einschlag	neg 1.0		off 0.5081452253138738 neg 0.4232672078012922 __DUMMY__ 0.0685875668848339	false	0.5
m			off 0.4991479006470014 neg 0.4312418876191805 __DUMMY__ 0.06961021173381818	false	0.0
abgestanden	neg 1.0		off 0.5006694111602836 neg 0.4302518723697403 __DUMMY__ 0.06907871646997615	false	0.5
schmierig	off 1.0		off 0.5103938246300854 neg 0.4211662589380688 __DUMMY__ 0.06843991643184567	false	1.0
unpraktisch	neg 1.0		off 0.5021158511881932 neg 0.4287361389894505 __DUMMY__ 0.06914800982235622	false	0.5
wixxer	off 1.0		off 0.5133132714244298 neg 0.41926945301886903 __DUMMY__ 0.06741727555670128	false	1.0
bezeichnet			off 0.49858081073566285 neg 0.4324708902770185 __DUMMY__ 0.06894829898731855	false	0.0
jammerlappen	off 1.0		off 0.5055976029395022 neg 0.42547902653321357 __DUMMY__ 0.06892337052728428	false	1.0
farce	neg 1.0		off 0.49743918873300025 neg 0.4333432094762529 __DUMMY__ 0.06921760179074689	false	0.5
zwecklos	neg 1.0		off 0.49741079683693973 neg 0.43335029056166174 __DUMMY__ 0.06923891260139856	false	0.5
turbulent	neg 1.0		off 0.5063888899403705 neg 0.4249641419150954 __DUMMY__ 0.06864696814453411	false	0.5
invasion	neg 1.0		off 0.5019179726799391 neg 0.4290546401895445 __DUMMY__ 0.06902738713051647	false	0.5
schuld	neg 1.0		off 0.5004282281756223 neg 0.4305714863577452 __DUMMY__ 0.06900028546663246	false	0.5
risiko	neg 1.0	neg 1.0	neg 0.698026910120308 off 0.2686692512494363 __DUMMY__ 0.033303838630255565	false	1.0
finster	neg 1.0		off 0.5003237254171786 neg 0.43079762275736777 __DUMMY__ 0.06887865182545354	false	0.5
geisteskrank	off 1.0		off 0.5042320305932605 neg 0.42749884727889276 __DUMMY__ 0.06826912212784655	false	1.0
zusammenbrechen	neg 1.0		off 0.49860439494342745 neg 0.4319884321012489 __DUMMY__ 0.06940717295532386	false	0.5
ausbeute	neg 1.0		off 0.5019633428598496 neg 0.42771909379635886 __DUMMY__ 0.07031756334379148	false	0.5
hinterhalt	neg 1.0		off 0.5041213107247275 neg 0.4256507401560866 __DUMMY__ 0.07022794911918585	false	0.5
kritik	neg 1.0		off 0.4970563593683489 neg 0.4337410550788442 __DUMMY__ 0.06920258555280674	false	0.5
einschrumpfen	neg 1.0		off 0.5033346453668083 neg 0.4278995536798182 __DUMMY__ 0.06876580095337348	false	0.5
riskant	neg 1.0		off 0.4950472668585486 neg 0.43553442867049313 __DUMMY__ 0.06941830447095833	false	0.5
frustrieren	neg 1.0		off 0.4962226977682412 neg 0.4343753447188111 __DUMMY__ 0.06940195751294777	false	0.5
groll	neg 1.0		off 0.49683264383142356 neg 0.43391395041398406 __DUMMY__ 0.06925340575459236	false	0.5
gibt			off 0.49870158844361684 neg 0.4318834149301036 __DUMMY__ 0.06941499662627955	false	0.0
qualvoll	neg 1.0		off 0.504562190168393 neg 0.4262701956130771 __DUMMY__ 0.06916761421853003	false	0.5
wackeln	neg 1.0		off 0.5035316026680448 neg 0.42691865015930336 __DUMMY__ 0.06954974717265201	false	0.5
klagen	neg 1.0		off 0.4930737786508338 neg 0.4371861113610921 __DUMMY__ 0.06974010998807402	false	0.5
bankrott	neg 1.0		off 0.5061280172568248 neg 0.42473081325641876 __DUMMY__ 0.06914116948675643	false	0.5
trauern	neg 1.0		off 0.4986472826977426 neg 0.43145381119487025 __DUMMY__ 0.06989890610738722	false	0.5
ablehnung	neg 1.0		off 0.4965139231326029 neg 0.4343000747272508 __DUMMY__ 0.06918600214014642	false	0.5
stur	neg 1.0		off 0.5003741832428488 neg 0.4306743187751723 __DUMMY__ 0.06895149798197901	false	0.5
aufruhr	neg 1.0		off 0.4995544664924498 neg 0.43106075120827236 __DUMMY__ 0.06938478229927796	false	0.5
melancholie	neg 1.0		off 0.49822667611865884 neg 0.43217163043500706 __DUMMY__ 0.06960169344633406	false	0.5
ist			off 0.502350920883296 neg 0.42853904749148225 __DUMMY__ 0.06911003162522185	false	0.0
torheit	neg 1.0		off 0.500792212257105 neg 0.42996423483769003 __DUMMY__ 0.06924355290520501	false	0.5
dreckskind	off 1.0		off 0.5092744478466383 neg 0.4228756318058532 __DUMMY__ 0.06784992034750852	false	1.0
umtauschen	neg 1.0		off 0.500380906116296 neg 0.43032459489749453 __DUMMY__ 0.06929449898620943	false	0.5
zum			off 0.4948855383317379 neg 0.43455513206816626 __DUMMY__ 0.07055932960009599	false	0.0
zersetzen	neg 1.0		off 0.49445029695856885 neg 0.436046816591131 __DUMMY__ 0.0695028864503001	false	0.5
zur			off 0.49247220560752497 neg 0.43719634071172275 __DUMMY__ 0.07033145368075228	false	0.0
frust	neg 1.0		off 0.4988305013491673 neg 0.43171709330245905 __DUMMY__ 0.0694524053483737	false	0.5
unerbittlichkeit	neg 1.0		off 0.49510928735756055 neg 0.43526961400052866 __DUMMY__ 0.06962109864191066	false	0.5
zwei			off 0.49527422610065275 neg 0.43436468682720625 __DUMMY__ 0.0703610870721409	false	0.0
unkorrekt	neg 1.0		off 0.5070392203903117 neg 0.42458233474324336 __DUMMY__ 0.06837844486644488	false	0.5
hexe	off 1.0		off 0.5037073768295811 neg 0.4277994673506537 __DUMMY__ 0.06849315581976512	false	1.0
lasch	neg 1.0		off 0.5022744234878767 neg 0.4291058977380818 __DUMMY__ 0.0686196787740416	false	0.5
rivale	neg 1.0		off 0.5074572145597114 neg 0.42390544289486837 __DUMMY__ 0.06863734254542006	false	0.5
mutlos	off 1.0	off 1.0	off 0.7341849375778816 neg 0.23260512889555085 __DUMMY__ 0.03320993352656753	false	1.0
wirr	off 1.0		off 0.5079880532541655 neg 0.42369944040384583 __DUMMY__ 0.06831250634198875	false	1.0
jahr			off 0.499040414645504 neg 0.4305740344096524 __DUMMY__ 0.07038555094484347	false	0.0
wird			off 0.497300361420606 neg 0.4332572395096047 __DUMMY__ 0.06944239906978925	false	0.0
strafbar	neg 1.0		off 0.49545877201361377 neg 0.43515598448721854 __DUMMY__ 0.06938524349916761	false	0.5
erosion	neg 1.0		off 0.502292842301915 neg 0.4281581314738858 __DUMMY__ 0.06954902622419916	false	0.5
eingehen	neg 1.0		off 0.4955951445877368 neg 0.43504858936997376 __DUMMY__ 0.06935626604228942	false	0.5
faul	off 1.0		off 0.5056203049375634 neg 0.4253263344330326 __DUMMY__ 0.06905336062940395	false	1.0
provisorium	neg 1.0		off 0.49136870106474684 neg 0.43800558823644103 __DUMMY__ 0.07062571069881224	false	0.5
schmerzen	neg 1.0		off 0.4989616264549819 neg 0.43182105882733984 __DUMMY__ 0.06921731471767834	false	0.5
schrumpfen	neg 1.0		off 0.4903185672151224 neg 0.43979035960183266 __DUMMY__ 0.06989107318304486	false	0.5
geistlos	off 1.0		off 0.5004281125471606 neg 0.43097432473899117 __DUMMY__ 0.06859756271384831	false	1.0
fehlkauf	neg 1.0		off 0.5036351883689364 neg 0.4270355278313557 __DUMMY__ 0.06932928379970799	false	0.5
frustrierend	neg 1.0		off 0.5040046587869286 neg 0.4270953495301564 __DUMMY__ 0.06889999168291501	false	0.5
unzufrieden	neg 1.0		off 0.4966002278279876 neg 0.43421001691024746 __DUMMY__ 0.06918975526176507	false	0.5
verzweifeln	neg 1.0		off 0.4992227529062559 neg 0.4314765062558231 __DUMMY__ 0.06930074083792097	false	0.5
verzweifelt	neg 1.0	neg 1.0	neg 0.700329557877176 off 0.2667287654646052 __DUMMY__ 0.03294167665821867	false	1.0
misstrauensantrag	neg 1.0		off 0.50237830233219 neg 0.428574630682714 __DUMMY__ 0.069047066985096	false	0.5
abfallen	neg 1.0		off 0.5030526642808714 neg 0.4274958604528619 __DUMMY__ 0.06945147526626677	false	0.5
fucker	off 1.0		off 0.5089393531256203 neg 0.42227651593787485 __DUMMY__ 0.06878413093650484	false	1.0
ungezogen	neg 1.0		off 0.5139553356892942 neg 0.41826401168071625 __DUMMY__ 0.06778065262998952	false	0.5
irrsinnig	neg 1.0	neg 1.0	neg 0.7000169449319283 off 0.26699339119396576 __DUMMY__ 0.03298966387410591	false	1.0
unfassbar	neg 1.0		off 0.5064851248266405 neg 0.42472693426094055 __DUMMY__ 0.06878794091241894	false	0.5
hart	neg 1.0		off 0.5061822351019815 neg 0.4250136545506007 __DUMMY__ 0.06880411034741785	false	0.5
widerlich	off 1.0		off 0.5053490380011529 neg 0.4262041365002451 __DUMMY__ 0.068446825498602	false	1.0
fatal	neg 1.0		off 0.5032562811706632 neg 0.42757822427983966 __DUMMY__ 0.06916549454949696	false	0.5
bruch	neg 1.0		off 0.49379722646863206 neg 0.4364288023394258 __DUMMY__ 0.06977397119194194	false	0.5
aushungern	neg 1.0		off 0.49923198687545034 neg 0.43122483889826724 __DUMMY__ 0.06954317422628234	false	0.5
anspannung	neg 1.0		off 0.4939233789446321 neg 0.43568284609417807 __DUMMY__ 0.07039377496118976	false	0.5
von			off 0.5003601510944485 neg 0.42904460894797397 __DUMMY__ 0.07059523995757745	false	0.0
kraftlos	neg 1.0		off 0.49894096879186817 neg 0.43148655974991634 __DUMMY__ 0.06957247145821539	false	0.5
vom			off 0.4930584159746277 neg 0.4361622880779113 __DUMMY__ 0.07077929594746095	false	0.0
grenzdebil	off 1.0		off 0.5073693288525554 neg 0.42379109699163237 __DUMMY__ 0.06883957415581227	false	1.0
vor			off 0.496128147256706 neg 0.4338689091337489 __DUMMY__ 0.07000294360954508	false	0.0
unterwerfen	neg 1.0		off 0.4969869928716993 neg 0.4334662830069046 __DUMMY__ 0.06954672412139613	false	0.5
versenkung	neg 1.0		off 0.49800920121581005 neg 0.4322827304351602 __DUMMY__ 0.06970806834902965	false	0.5
entziehen	neg 1.0		off 0.49366756160745306 neg 0.4366104608285803 __DUMMY__ 0.06972197756396671	false	0.5
finanzkrise	neg 1.0		off 0.49828702612795334 neg 0.43254560098162803 __DUMMY__ 0.0691673728904186	false	0.5
schimpfend	neg 1.0		off 0.5027073660314044 neg 0.4281815248294625 __DUMMY__ 0.06911110913913318	false	0.5
profan	neg 1.0		off 0.5023054164392996 neg 0.4287937588220423 __DUMMY__ 0.06890082473865822	false	0.5
korruption	neg 1.0		off 0.4970065634925732 neg 0.433557871356675 __DUMMY__ 0.0694355651507516	false	0.5
â			off 0.49952121352233225 neg 0.4306921466526934 __DUMMY__ 0.06978663982497436	false	0.0
schmutzig	neg 1.0		off 0.508451594838809 neg 0.42263814227204255 __DUMMY__ 0.06891026288914848	false	0.5
sexy	neg 1.0		off 0.5050455969571084 neg 0.4258144054511071 __DUMMY__ 0.06913999759178445	false	0.5
abraten	neg 1.0		off 0.5024320519231066 neg 0.4284854996030931 __DUMMY__ 0.06908244847380042	false	0.5
schwarz	neg 1.0		off 0.5022358618501189 neg 0.4286003184908075 __DUMMY__ 0.06916381965907356	false	0.5
fotze	off 1.0	off 1.0	off 0.7364935747202913 neg 0.23015909126343484 __DUMMY__ 0.033347334016273926	false	1.0
verwirren	neg 1.0		off 0.5034231484258573 neg 0.42759308526247625 __DUMMY__ 0.06898376631166657	false	0.5
zahnlos	off 1.0		off 0.4979263057089446 neg 0.4328529848089425 __DUMMY__ 0.06922070948211283	false	1.0
verheeren	neg 1.0		off 0.5173464433349497 neg 0.4146087084640351 __DUMMY__ 0.0680448482010153	false	0.5
hippie	neg 1.0		off 0.5046535434214208 neg 0.42618437408486953 __DUMMY__ 0.06916208249370963	false	0.5
rammen	neg 1.0		off 0.5011874494071618 neg 0.4298463366753318 __DUMMY__ 0.06896621391750651	false	0.5
unlauter	neg 1.0		off 0.4987955615831796 neg 0.43244981767399376 __DUMMY__ 0.06875462074282669	false	0.5
unheilvoll	neg 1.0		off 0.5035215807069068 neg 0.4272021379578159 __DUMMY__ 0.06927628133527736	false	0.5
niedrig	neg 1.0		off 0.49442006215008594 neg 0.4362245004172535 __DUMMY__ 0.06935543743266061	false	0.5
explosion	neg 1.0		off 0.5036593180813891 neg 0.42723611363983055 __DUMMY__ 0.06910456827878035	false	0.5
weichei	off 1.0	off 1.0	off 0.7422356401279924 neg 0.22523501383557482 __DUMMY__ 0.0325293460364328	false	1.0
minusmensch	off 1.0		off 0.5114617918690304 neg 0.42085293228806825 __DUMMY__ 0.06768527584290135	false	1.0
farblos	neg 1.0		off 0.5016590771041625 neg 0.42885008221260423 __DUMMY__ 0.06949084068323327	false	0.5
unwissend	neg 1.0	neg 1.0	neg 0.6982373845567177 off 0.2689581594768563 __DUMMY__ 0.03280445596642609	false	1.0
traurig	neg 1.0		off 0.5088052537129166 neg 0.42260999713135977 __DUMMY__ 0.06858474915572375	false	0.5
senkung	neg 1.0		off 0.5010439513730638 neg 0.43026242686370875 __DUMMY__ 0.06869362176322749	false	0.5
ungleich	neg 1.0	neg 1.0	neg 0.7029836120681764 off 0.263796644641017 __DUMMY__ 0.033219743290806646	false	1.0
heikel	neg 1.0		off 0.49467954386303387 neg 0.43595235109908537 __DUMMY__ 0.06936810503788085	false	0.5
drosselung	neg 1.0		off 0.5067353374773469 neg 0.4245163433195695 __DUMMY__ 0.06874831920308354	false	0.5
falsch	neg 1.0		off 0.503517105353865 neg 0.42771604735956903 __DUMMY__ 0.06876684728656597	false	0.5
unzufriedenheit	neg 1.0		off 0.4944581522653422 neg 0.43586325846002594 __DUMMY__ 0.06967858927463189	false	0.5
kurz	neg 1.0		off 0.5007472568623662 neg 0.42959461380495817 __DUMMY__ 0.06965812933267573	false	0.5
unsinnig	neg 1.0		off 0.4974219041930082 neg 0.4334944023618841 __DUMMY__ 0.06908369344510766	false	0.5
penner	off 1.0	off 1.0	off 0.7432526248558812 neg 0.22423767053233634 __DUMMY__ 0.0325097046117825	false	1.0
seicht	neg 1.0		off 0.5121683774652879 neg 0.42020099748173556 __DUMMY__ 0.0676306250529767	false	0.5
dummheit	off 1.0	off 1.0	off 0.7379474950046603 neg 0.22916053617104232 __DUMMY__ 0.03289196882429747	false	1.0
unerfreulich	neg 1.0		off 0.4950588693023029 neg 0.435325435217784 __DUMMY__ 0.06961569547991307	false	0.5
motherfucker	off 1.0	off 1.0	off 0.7410545496866601 neg 0.22606869927291492 __DUMMY__ 0.03287675104042505	false	1.0
pikiert	neg 1.0		off 0.5052972905216072 neg 0.4260875481608729 __DUMMY__ 0.06861516131751991	false	0.5
wrack	neg 1.0		off 0.4999462490855987 neg 0.4303802056053869 __DUMMY__ 0.0696735453090143	false	0.5
gangster	neg 1.0		off 0.5046709638469915 neg 0.42618087844560304 __DUMMY__ 0.06914815770740537	false	0.5
krank	neg 1.0		off 0.5073068584912094 neg 0.42387004467886696 __DUMMY__ 0.0688230968299236	false	0.5
reich	neg 1.0		off 0.5078731909834207 neg 0.4229570523830343 __DUMMY__ 0.069169756633545	false	0.5
gnadenlos	neg 1.0		off 0.5011482540099126 neg 0.4297536409151532 __DUMMY__ 0.06909810507493398	false	0.5
niedergeschlagen	neg 1.0		off 0.5000389539716953 neg 0.43044765460650036 __DUMMY__ 0.06951339142180445	false	0.5
terrorisieren	off 1.0	off 1.0	off 0.7351884768669644 neg 0.231468542466069 __DUMMY__ 0.03334298066696658	false	1.0
sinnlosigkeit	neg 1.0		off 0.49781668191612405 neg 0.4328725162360182 __DUMMY__ 0.06931080184785766	false	0.5
behindern	neg 1.0		off 0.5004949104343863 neg 0.4300703937956114 __DUMMY__ 0.0694346957700021	false	0.5
undemokratisch	neg 1.0		off 0.5007107009779018 neg 0.4301923215603583 __DUMMY__ 0.06909697746173984	false	0.5
wirtschaftskrise	neg 1.0		off 0.49642803180073297 neg 0.43419670361478163 __DUMMY__ 0.06937526458448534	false	0.5
neid	neg 1.0		off 0.5051931871670012 neg 0.4257465008045327 __DUMMY__ 0.06906031202846616	false	0.5
rutschen	neg 1.0		off 0.4958775584095935 neg 0.4336398014259914 __DUMMY__ 0.07048264016441504	false	0.5
rezession	neg 1.0		off 0.5051153905067601 neg 0.42698341218108077 __DUMMY__ 0.06790119731215911	false	0.5
fehlgeburt	neg 1.0		off 0.5036096845124397 neg 0.42708190273645613 __DUMMY__ 0.06930841275110414	false	0.5
charakterschwach	off 1.0		off 0.5051733093786627 neg 0.4263584408388571 __DUMMY__ 0.06846824978248017	false	1.0
isolation	neg 1.0		off 0.5043447443974257 neg 0.4266480221679244 __DUMMY__ 0.06900723343464998	false	0.5
ablenkung	neg 1.0		off 0.5011977336258873 neg 0.42944257152479276 __DUMMY__ 0.06935969484931988	false	0.5
pech	neg 1.0		off 0.5031144398826124 neg 0.42812361220309614 __DUMMY__ 0.06876194791429152	false	0.5
vermeidung	neg 1.0		off 0.5077676588664879 neg 0.4233434165899668 __DUMMY__ 0.06888892454354527	false	0.5
dominieren	neg 1.0		off 0.49763721439126635 neg 0.43267678851242547 __DUMMY__ 0.06968599709630809	false	0.5
schwindlig	neg 1.0		off 0.5039245350723829 neg 0.4268257331419424 __DUMMY__ 0.06924973178567458	false	0.5
lutscher	neg 1.0		off 0.5133148208044175 neg 0.41898739865688056 __DUMMY__ 0.06769778053870196	false	0.5
pflicht	neg 1.0		off 0.49384622287767616 neg 0.4366423155186812 __DUMMY__ 0.06951146160364262	false	0.5
faschist	off 1.0		off 0.5035637723947914 neg 0.4274615216680501 __DUMMY__ 0.06897470593715853	false	1.0
verschleudern	neg 1.0		off 0.49455401792468684 neg 0.436077783290613 __DUMMY__ 0.06936819878470026	false	0.5
wenn			off 0.5044992953256346 neg 0.4266107457041323 __DUMMY__ 0.06888995897023298	false	0.0
ehebruch	neg 1.0		off 0.4976676108453409 neg 0.4327838590432638 __DUMMY__ 0.06954853011139536	false	0.5
spott	off 1.0		off 0.4961484119483731 neg 0.43442539858258494 __DUMMY__ 0.06942618946904203	false	1.0
trostlosigkeit	neg 1.0		off 0.4961641057714571 neg 0.4338504301486386 __DUMMY__ 0.06998546407990439	false	0.5
lutschen	neg 1.0		off 0.5037615183480979 neg 0.4273598693096794 __DUMMY__ 0.06887861234222256	false	0.5
undiszipliniert	neg 1.0		off 0.5074869995755158 neg 0.4240264320765953 __DUMMY__ 0.06848656834788884	false	0.5
kopfschmerz	neg 1.0		off 0.4982735611549431 neg 0.4323949429465966 __DUMMY__ 0.0693314958984603	false	0.5
unvorhergesehen	neg 1.0		off 0.4985250559557746 neg 0.43144885012304396 __DUMMY__ 0.07002609392118145	false	0.5
desinteressiert	neg 1.0		off 0.5070450540339881 neg 0.42441684219199355 __DUMMY__ 0.06853810377401834	false	0.5
armselig	off 1.0		off 0.5067551287678193 neg 0.4250211034017585 __DUMMY__ 0.06822376783042222	false	1.0
desaster	neg 1.0		off 0.4931882912564378 neg 0.4369962193861754 __DUMMY__ 0.06981548935738678	false	0.5
tod	neg 1.0		off 0.5020134143962587 neg 0.42783999299898157 __DUMMY__ 0.07014659260475965	false	0.5
herzlos	neg 1.0		off 0.5080746689240374 neg 0.42348277563998804 __DUMMY__ 0.06844255543597462	false	0.5
unwissenheit	neg 1.0		off 0.4974088850492521 neg 0.43327074995905335 __DUMMY__ 0.06932036499169444	false	0.5
widersinnig	neg 1.0		off 0.4951473612236724 neg 0.4359100631955611 __DUMMY__ 0.06894257558076665	false	0.5
bedenklich	neg 1.0		off 0.49596530252024396 neg 0.4347325385282034 __DUMMY__ 0.06930215895155269	false	0.5
beanstanden	neg 1.0		off 0.4938794047107294 neg 0.4365249552911571 __DUMMY__ 0.06959563999811352	false	0.5
panisch	neg 1.0	neg 1.0	neg 0.6971712693331025 off 0.26957347904958445 __DUMMY__ 0.03325525161731294	false	1.0
debil	off 1.0		off 0.49238954075191865 neg 0.43704008027694397 __DUMMY__ 0.07057037897113748	false	1.0
abstrich	neg 1.0		off 0.5052787469092674 neg 0.4245361930511582 __DUMMY__ 0.07018506003957431	false	0.5
primitiv	neg 1.0		off 0.5054485178368276 neg 0.42613348835559584 __DUMMY__ 0.0684179938075765	false	0.5
abschaum	off 1.0	off 1.0	off 0.7394712969208699 neg 0.22767804642712164 __DUMMY__ 0.03285065665200842	false	1.0
provozieren	neg 1.0		off 0.49974417544206773 neg 0.4313439686341336 __DUMMY__ 0.06891185592379859	false	0.5
tot	neg 1.0		off 0.4981109464814251 neg 0.43244662099729253 __DUMMY__ 0.0694424325212823	false	0.5
instabil	neg 1.0		off 0.5071187696718201 neg 0.42448840903746576 __DUMMY__ 0.06839282129071404	false	0.5
schwuchtel	off 1.0	off 1.0	off 0.7453752161638381 neg 0.2224971113653015 __DUMMY__ 0.03212767247086033	false	1.0
zerren	neg 1.0		off 0.4992727080595584 neg 0.43120230134726784 __DUMMY__ 0.06952499059317363	false	0.5
kinderficker	off 1.0		off 0.5108619650089014 neg 0.42086284413203 __DUMMY__ 0.06827519085906862	false	1.0
gefahr	neg 1.0		off 0.49535278844629094 neg 0.4347873907278518 __DUMMY__ 0.06985982082585745	false	0.5
rabiat	neg 1.0		off 0.5008829205668206 neg 0.4298276561153816 __DUMMY__ 0.06928942331779772	false	0.5
verlangsamung	neg 1.0		off 0.510396538083336 neg 0.42179075997554194 __DUMMY__ 0.0678127019411221	false	0.5
ausgestorben	neg 1.0		off 0.5011351986168555 neg 0.4294567218931781 __DUMMY__ 0.06940807948996654	false	0.5
anklagen	neg 1.0		off 0.49761511610982745 neg 0.4329060367284499 __DUMMY__ 0.0694788471617228	false	0.5
trott	neg 1.0		off 0.5007140338206877 neg 0.4298893908470224 __DUMMY__ 0.06939657533229002	false	0.5
verminderung	neg 1.0		off 0.5071203896722459 neg 0.4241803855063143 __DUMMY__ 0.06869922482143954	false	0.5
nach			off 0.49405788680348983 neg 0.4354636855817504 __DUMMY__ 0.07047842761475959	false	0.0
rost	neg 1.0		off 0.5109076937791052 neg 0.4209228872407521 __DUMMY__ 0.06816941898014273	false	0.5
destruktiv	neg 1.0		off 0.49885082382125345 neg 0.4320990309189029 __DUMMY__ 0.06905014525984372	false	0.5
unzumutbarkeit	neg 1.0		off 0.5067505050403776 neg 0.42430266524578747 __DUMMY__ 0.068946829713835	false	0.5
labil	off 1.0	off 1.0	off 0.7393910226183329 neg 0.22767299982187592 __DUMMY__ 0.03293597755979119	false	1.0
ziemlich	neg 1.0		off 0.5067884043144771 neg 0.4243429426907571 __DUMMY__ 0.06886865299476572	false	0.5
lachnummer	off 1.0		off 0.4996216506362062 neg 0.43134912745865656 __DUMMY__ 0.0690292219051371	false	1.0
oder			off 0.5020685032939074 neg 0.42861934915768674 __DUMMY__ 0.06931214754840581	false	0.0
verfall	neg 1.0		off 0.49148225893713243 neg 0.4384548863714426 __DUMMY__ 0.07006285469142501	false	0.5
ausgrenzung	neg 1.0		off 0.5017232388668064 neg 0.4291609671812394 __DUMMY__ 0.06911579395195418	false	0.5
unordnung	neg 1.0		off 0.5109502187154782 neg 0.4200181365084384 __DUMMY__ 0.06903164477608335	false	0.5
fehlverhalten	neg 1.0		off 0.4939520572565467 neg 0.4366685480398394 __DUMMY__ 0.06937939470361398	false	0.5
eine			off 0.4960648398817742 neg 0.4340819604908932 __DUMMY__ 0.06985319962733245	false	0.0
nille	neg 1.0		off 0.5012988152596154 neg 0.4291884476921427 __DUMMY__ 0.06951273704824183	false	0.5
qual	neg 1.0		off 0.5004933884241933 neg 0.43005296085509975 __DUMMY__ 0.06945365072070683	false	0.5
verschwenden	neg 1.0		off 0.49526222970365846 neg 0.4354164742273627 __DUMMY__ 0.06932129606897883	false	0.5
riesig	neg 1.0		off 0.4990740162561782 neg 0.4311194846011523 __DUMMY__ 0.06980649914266963	false	0.5
verurteilen	neg 1.0		off 0.49657603123302135 neg 0.4342159288900846 __DUMMY__ 0.06920803987689396	false	0.5
klischee	neg 1.0	neg 1.0	neg 0.6987664124384229 off 0.2683574577866166 __DUMMY__ 0.0328761297749606	false	1.0
diktatorisch	neg 1.0		off 0.5003891138591868 neg 0.4306077111046953 __DUMMY__ 0.069003175036118	false	0.5
vorhersehbar	neg 1.0		off 0.5014829172249227 neg 0.4298621078855479 __DUMMY__ 0.06865497488952928	false	0.5
sowie			off 0.5100590848226852 neg 0.4216730319312624 __DUMMY__ 0.06826788324605242	false	0.0
stornieren	neg 1.0		off 0.5060804152402735 neg 0.4242114246288259 __DUMMY__ 0.06970816013090057	false	0.5
besteuerung	neg 1.0		off 0.4986426577548351 neg 0.43256860861631585 __DUMMY__ 0.06878873362884909	false	0.5
ungeschminkt	neg 1.0		off 0.5046555326139064 neg 0.4270254198460782 __DUMMY__ 0.0683190475400156	false	0.5
kritisch	neg 1.0		off 0.49604234931174307 neg 0.4345755618020922 __DUMMY__ 0.06938208888616468	false	0.5
schlamperei	off 1.0		off 0.49598671845920794 neg 0.43433712790150353 __DUMMY__ 0.06967615363928857	false	1.0
sucht	neg 1.0	neg 1.0	neg 0.6958630316132227 off 0.27050242969860155 __DUMMY__ 0.03363453868817562	false	1.0
egoistisch	off 1.0		off 0.5093903345469575 neg 0.4226223298830854 __DUMMY__ 0.06798733556995723	false	1.0
ausbeuter	off 1.0		off 0.49339598394407397 neg 0.4373179579648605 __DUMMY__ 0.06928605809106558	false	1.0
arschgeburt	off 1.0		off 0.5151972935215074 neg 0.4176328356520192 __DUMMY__ 0.06716987082647331	false	1.0
schubs	neg 1.0		off 0.4986857350047306 neg 0.43193308650239876 __DUMMY__ 0.06938117849287077	false	0.5
unsolide	neg 1.0		off 0.5000580314186458 neg 0.43116441166712766 __DUMMY__ 0.0687775569142265	false	0.5
beschwerde	neg 1.0		off 0.495410441241451 neg 0.43519573670717 __DUMMY__ 0.06939382205137898	false	0.5
stocken	neg 1.0		off 0.4965932720535278 neg 0.4337249596007241 __DUMMY__ 0.06968176834574806	false	0.5
isolieren	neg 1.0		off 0.49743702557335456 neg 0.43309597178504117 __DUMMY__ 0.06946700264160417	false	0.5
unheilbar	neg 1.0		off 0.5019158998406156 neg 0.428680882062359 __DUMMY__ 0.0694032180970255	false	0.5
pisser	off 1.0		off 0.5073441541499628 neg 0.42424858061560783 __DUMMY__ 0.06840726523442917	false	1.0
löschen	neg 1.0		off 0.501355067878609 neg 0.42922124186860877 __DUMMY__ 0.06942369025278225	false	0.5
durchfallen	neg 1.0		off 0.49535447307838176 neg 0.4355356217071911 __DUMMY__ 0.06910990521442699	false	0.5
wichser	off 1.0	off 1.0	off 0.7447041538670532 neg 0.22293685532259094 __DUMMY__ 0.03235899081035582	false	1.0
terror	neg 1.0		off 0.5043515771655965 neg 0.42648814449915556 __DUMMY__ 0.06916027833524785	false	0.5
krass	neg 1.0		off 0.5084791721637201 neg 0.42319832000435204 __DUMMY__ 0.06832250783192784	false	0.5
revolte	neg 1.0		off 0.5026507914991557 neg 0.42820162706283826 __DUMMY__ 0.06914758143800592	false	0.5
besorgt	neg 1.0		off 0.502112617341652 neg 0.42794951435714573 __DUMMY__ 0.06993786830120231	false	0.5
nachlassen	neg 1.0		off 0.49845532997058234 neg 0.43157537416086617 __DUMMY__ 0.06996929586855148	false	0.5
alt	neg 1.0		off 0.4984438452086733 neg 0.43209062461297354 __DUMMY__ 0.06946553017835327	false	0.5
hundesohn	off 1.0		off 0.5136491813568342 neg 0.4185942155618938 __DUMMY__ 0.06775660308127206	false	1.0
als			off 0.49815115022401296 neg 0.4324751034591631 __DUMMY__ 0.06937374631682389	false	0.0
abschreckung	neg 1.0		off 0.49438146225299384 neg 0.43590133950067617 __DUMMY__ 0.06971719824632991	false	0.5
unqualifiziert	neg 1.0		off 0.5019898208300709 neg 0.42946581481867707 __DUMMY__ 0.06854436435125208	false	0.5
abgewichst	off 1.0		off 0.5006683618959887 neg 0.4297687029828185 __DUMMY__ 0.06956293512119276	false	1.0
schwer	neg 1.0		off 0.4991438365795463 neg 0.4316885082078284 __DUMMY__ 0.06916765521262529	false	0.5
bedeutungslosigkeit	neg 1.0		off 0.49478624826700834 neg 0.43566427543309083 __DUMMY__ 0.06954947629990087	false	0.5
kapitulation	neg 1.0		off 0.4970088900963272 neg 0.4333890710842599 __DUMMY__ 0.06960203881941276	false	0.5
unscharf	neg 1.0		off 0.5017179858686538 neg 0.4294815006810723 __DUMMY__ 0.06880051345027383	false	0.5
schwinden	neg 1.0		off 0.4961518830004278 neg 0.43403642085268695 __DUMMY__ 0.06981169614688532	false	0.5
versklavung	neg 1.0		off 0.5021295121474151 neg 0.4285114018254564 __DUMMY__ 0.06935908602712842	false	0.5
schlecht	neg 1.0		off 0.5069399218145972 neg 0.4241969295939664 __DUMMY__ 0.0688631485914365	false	0.5
verhasst	neg 1.0		off 0.4995408076440316 neg 0.43171224126491675 __DUMMY__ 0.06874695109105167	false	0.5
beschweren	neg 1.0		off 0.5021162841493613 neg 0.4288371201115861 __DUMMY__ 0.06904659573905259	false	0.5
scheiden	neg 1.0		off 0.5020440883970192 neg 0.4284518233375581 __DUMMY__ 0.06950408826542284	false	0.5
frustriert	neg 1.0		off 0.4982045336370054 neg 0.4325736934109742 __DUMMY__ 0.0692217729520204	false	0.5
schimmelig	neg 1.0		off 0.49628582619325223 neg 0.4345535296738648 __DUMMY__ 0.06916064413288299	false	0.5
fisch	neg 1.0		off 0.4940394505397174 neg 0.43649408731789135 __DUMMY__ 0.06946646214239129	false	0.5
schmuggel	neg 1.0		off 0.49648769904318873 neg 0.4338184029009156 __DUMMY__ 0.06969389805589553	false	0.5
auffallen	neg 1.0		off 0.5029438208821911 neg 0.4280650012290724 __DUMMY__ 0.06899117788873654	false	0.5
konkurrenz	neg 1.0		off 0.49400236719996865 neg 0.43625698566323284 __DUMMY__ 0.06974064713679863	false	0.5
teufelskreis	neg 1.0		off 0.4991236027429037 neg 0.43174408657661517 __DUMMY__ 0.06913231068048119	false	0.5
aufschreien	neg 1.0		off 0.5021730662905907 neg 0.42898751922521317 __DUMMY__ 0.06883941448419624	false	0.5
schuldner	neg 1.0		off 0.4935465117988511 neg 0.43700237289594385 __DUMMY__ 0.06945111530520504	false	0.5
missgeburt	off 1.0	off 1.0	off 0.7423585044245751 neg 0.2251680248289431 __DUMMY__ 0.03247347074648182	false	1.0
arbeitslos	neg 1.0		off 0.4955793194066429 neg 0.4353458864663456 __DUMMY__ 0.06907479412701154	false	0.5
befallen	neg 1.0		off 0.5010723510213654 neg 0.42925642193907354 __DUMMY__ 0.06967122703956104	false	0.5
miesepetrig	off 1.0	off 1.0	off 0.7399494440853541 neg 0.22715190075759287 __DUMMY__ 0.032898655157052974	false	1.0
alarmieren	neg 1.0		off 0.5039017934079724 neg 0.42732669433543397 __DUMMY__ 0.06877151225659366	false	0.5
ungeduscht	off 1.0		off 0.5036705363821509 neg 0.4276398512838035 __DUMMY__ 0.0686896123340456	false	1.0
knappheit	neg 1.0		off 0.4951704554413899 neg 0.4357215141971426 __DUMMY__ 0.06910803036146762	false	0.5
schlange	neg 1.0		off 0.5046468532062007 neg 0.4257932577485228 __DUMMY__ 0.06955988904527635	false	0.5
harsch	neg 1.0		off 0.5123681945487899 neg 0.41887544840573976 __DUMMY__ 0.0687563570454703	false	0.5
lang	neg 1.0		off 0.5023595414044774 neg 0.428253254261098 __DUMMY__ 0.06938720433442457	false	0.5
ziellos	neg 1.0		off 0.49844519723017733 neg 0.431856429133038 __DUMMY__ 0.06969837363678472	false	0.5
selbstverliebt	neg 1.0		off 0.5136103573840035 neg 0.4189577893872031 __DUMMY__ 0.06743185322879347	false	0.5
beseitigen	neg 1.0		off 0.5002372217827085 neg 0.4302057880502897 __DUMMY__ 0.06955699016700183	false	0.5
dumm	off 1.0		off 0.5107936230471474 neg 0.42115643832907695 __DUMMY__ 0.06804993862377572	false	1.0
arbeitsloser	neg 1.0		off 0.49719086777344323 neg 0.43345050664970003 __DUMMY__ 0.06935862557685678	false	0.5
blitzen	neg 1.0		off 0.5043939295541859 neg 0.42646771801254507 __DUMMY__ 0.069138352433269	false	0.5
hilflos	neg 1.0		off 0.49810388611254 neg 0.43259645393595325 __DUMMY__ 0.06929965995150672	false	0.5
eklig	off 1.0		off 0.5103997629616074 neg 0.42178273421386236 __DUMMY__ 0.06781750282453024	false	1.0
begriff			off 0.4991636926847211 neg 0.4316215565577862 __DUMMY__ 0.06921475075749269	false	0.0
hungersnot	neg 1.0		off 0.49956066383280684 neg 0.43074855101098053 __DUMMY__ 0.06969078515621253	false	0.5
ungesetzlich	neg 1.0		off 0.49803020132609394 neg 0.4332682184607289 __DUMMY__ 0.06870158021317713	false	0.5
verschwendung	neg 1.0		off 0.49605579089784047 neg 0.4343749053113528 __DUMMY__ 0.06956930379080675	false	0.5
schmerzvoll	neg 1.0		off 0.5024943109613914 neg 0.42834248738621633 __DUMMY__ 0.0691632016523923	false	0.5
vorzeitig	neg 1.0		off 0.5043705462584674 neg 0.42643445756519777 __DUMMY__ 0.06919499617633483	false	0.5
unvollkommenheit	neg 1.0		off 0.5007151738055375 neg 0.42933321774484257 __DUMMY__ 0.0699516084496199	false	0.5
intervenieren	neg 1.0		off 0.4946076089145003 neg 0.43600523422478293 __DUMMY__ 0.06938715686071689	false	0.5
banause	off 1.0		off 0.5116283698782433 neg 0.4209524025959005 __DUMMY__ 0.06741922752585604	false	1.0
rebell	neg 1.0		off 0.49274457227463175 neg 0.4374074209037502 __DUMMY__ 0.06984800682161814	false	0.5
unlogisch	neg 1.0		off 0.5065208036796477 neg 0.4252464800108239 __DUMMY__ 0.06823271630952848	false	0.5
leiden	neg 1.0		off 0.49648568413223676 neg 0.4336619198432306 __DUMMY__ 0.06985239602453268	false	0.5
abschaffung	neg 1.0		off 0.4999923739818542 neg 0.43088606094681436 __DUMMY__ 0.06912156507133135	false	0.5
sturz	neg 1.0		off 0.5022242651232081 neg 0.4282507355730699 __DUMMY__ 0.06952499930372204	false	0.5
verkleinerung	neg 1.0		off 0.5001416197207409 neg 0.43135518103826903 __DUMMY__ 0.06850319924099016	false	0.5
schmarotzer	off 1.0		off 0.49556486027548025 neg 0.43554227013601293 __DUMMY__ 0.0688928695885067	false	1.0
bestrafung	neg 1.0		off 0.5021008877509087 neg 0.4286315222878957 __DUMMY__ 0.06926758996119559	false	0.5
achtlos	neg 1.0	neg 1.0	neg 0.6996405852568565 off 0.2671117968533266 __DUMMY__ 0.03324761788981692	false	1.0
ungeheuer	neg 1.0		off 0.5040015143456766 neg 0.42677317137073717 __DUMMY__ 0.06922531428358633	false	0.5
unaufrichtig	neg 1.0		off 0.5049303245464211 neg 0.42580635183493654 __DUMMY__ 0.06926332361864236	false	0.5
groggy	neg 1.0		off 0.5042909193588836 neg 0.4265485111381296 __DUMMY__ 0.0691605695029869	false	0.5
verletzlich	neg 1.0		off 0.5051723112837395 neg 0.42635502383988405 __DUMMY__ 0.06847266487637632	false	0.5
