unsolidarisch	neg 1.0		off 0.512007666785202 neg 0.4458837797332639 __DUMMY__ 0.042108553481534146	false	0.5
nachteilig	neg 1.0		off 0.5100796180111267 neg 0.4474214873220338 __DUMMY__ 0.0424988946668394	false	0.5
skeptisch	neg 1.0		off 0.5095270545889078 neg 0.4479421731045641 __DUMMY__ 0.04253077230652818	false	0.5
schrecklich	neg 1.0		off 0.5234615813566104 neg 0.4346799155731065 __DUMMY__ 0.041858503070283215	false	0.5
schlapp	neg 1.0		off 0.5202885650494237 neg 0.43761497553294554 __DUMMY__ 0.04209645941763078	false	0.5
abfall	neg 1.0		off 0.508138208247059 neg 0.44898979388739324 __DUMMY__ 0.0428719978655477	false	0.5
widerspenstig	neg 1.0		off 0.5156042010266918 neg 0.442020685545418 __DUMMY__ 0.04237511342789015	false	0.5
abrupt	neg 1.0		off 0.5131892784276642 neg 0.4440633365770017 __DUMMY__ 0.042747384995334224	false	0.5
unwirksam	neg 1.0		off 0.5111531777266353 neg 0.4468373705843513 __DUMMY__ 0.04200945168901359	false	0.5
angreifen	neg 1.0		off 0.5097280430771585 neg 0.4477179786273413 __DUMMY__ 0.04255397829550029	false	0.5
inkonsistent	neg 1.0		off 0.5155038369655551 neg 0.44224795890889845 __DUMMY__ 0.04224820412554628	false	0.5
abrutschen	neg 1.0		off 0.5068211781662002 neg 0.45049344730701074 __DUMMY__ 0.0426853745267891	false	0.5
unsicher	neg 1.0		off 0.5154265172564685 neg 0.4421476514904799 __DUMMY__ 0.042425831253051605	false	0.5
bauernkind	off 1.0	off 1.0	off 0.746384867322131 neg 0.23390852772153317 __DUMMY__ 0.01970660495633575	false	1.0
angreifer	neg 1.0	neg 1.0	neg 0.7037170655854623 off 0.275960743058743 __DUMMY__ 0.0203221913557945	false	1.0
trennen	neg 1.0		off 0.5117946149646834 neg 0.44542022087488226 __DUMMY__ 0.042785164160434354	false	0.5
schmutz	neg 1.0		off 0.5212035070769638 neg 0.43608162566502645 __DUMMY__ 0.04271486725800969	false	0.5
inkonsistenz	neg 1.0		off 0.5159025480156618 neg 0.44239914802643066 __DUMMY__ 0.041698303957907475	false	0.5
erschreckend	neg 1.0		off 0.5130471248474971 neg 0.4446620429877556 __DUMMY__ 0.04229083216474738	false	0.5
ertrinken	neg 1.0		off 0.5118904317223785 neg 0.4454242944287722 __DUMMY__ 0.04268527384884936	false	0.5
pickelface	off 1.0		off 0.5149535504834812 neg 0.44256058038052154 __DUMMY__ 0.042485869135997334	false	1.0
seiner			off 0.510591440086003 neg 0.4468231965788209 __DUMMY__ 0.04258536333517603	false	0.0
lauch	neg 1.0		off 0.5093605815616081 neg 0.4477927459089979 __DUMMY__ 0.04284667252939393	false	0.5
unwichtig	neg 1.0		off 0.518155957248411 neg 0.4398730583785242 __DUMMY__ 0.04197098437306482	false	0.5
steuerhinterziehung	neg 1.0	neg 1.0	neg 0.7076318012483734 off 0.27209893945450014 __DUMMY__ 0.020269259297126342	false	1.0
schock	neg 1.0		off 0.5151792252414802 neg 0.4423193501634417 __DUMMY__ 0.042501424595078184	false	0.5
beule	neg 1.0		off 0.5210659749624356 neg 0.43691067045405574 __DUMMY__ 0.04202335458350859	false	0.5
vergelten	neg 1.0		off 0.5242292397027143 neg 0.43366710355469895 __DUMMY__ 0.042103656742586724	false	0.5
verdorbenheit	neg 1.0		off 0.5178982827938461 neg 0.43955502819047637 __DUMMY__ 0.04254668901567749	false	0.5
trauma	neg 1.0		off 0.516358608673083 neg 0.4412787719271702 __DUMMY__ 0.04236261939974685	false	0.5
sinnlos	neg 1.0		off 0.5172813873215976 neg 0.44044755530214014 __DUMMY__ 0.042271057376262314	false	0.5
fettsack	off 1.0	off 1.0	off 0.7479745629981794 neg 0.23224147140910997 __DUMMY__ 0.019783965592710572	false	1.0
feige	off 1.0	off 1.0	off 0.7455679909904158 neg 0.23443551053615186 __DUMMY__ 0.019996498473432392	false	1.0
abdanken	neg 1.0		off 0.5143914882164919 neg 0.44319810318247926 __DUMMY__ 0.04241040860102887	false	0.5
wichtigtuer	off 1.0	off 1.0	off 0.7445764126347896 neg 0.23533086331455 __DUMMY__ 0.020092724050660378	false	1.0
misslingen	neg 1.0		off 0.5189485719438468 neg 0.4383741220195954 __DUMMY__ 0.04267730603655779	false	0.5
untreu	off 1.0		off 0.5196427650915835 neg 0.43832076877721243 __DUMMY__ 0.0420364661312041	false	1.0
missmutig	neg 1.0		off 0.5201269501416464 neg 0.43769525818224647 __DUMMY__ 0.042177791676107086	false	0.5
hurenbock	off 1.0		off 0.519324631481198 neg 0.4381924222289416 __DUMMY__ 0.04248294628986031	false	1.0
betrunken	neg 1.0		off 0.522093009700503 neg 0.43587521609574 __DUMMY__ 0.04203177420375698	false	0.5
korrupt	off 1.0		off 0.5097922855391335 neg 0.44799830895481113 __DUMMY__ 0.04220940550605548	false	1.0
unmut	neg 1.0		off 0.5074778632674826 neg 0.4497819779739449 __DUMMY__ 0.042740158758572545	false	0.5
hackfresse	off 1.0		off 0.5257975138096701 neg 0.4326299680863826 __DUMMY__ 0.04157251810394749	false	1.0
aufblasen	neg 1.0		off 0.5178416340000118 neg 0.43978948621643066 __DUMMY__ 0.04236887978355749	false	0.5
gewaltsam	neg 1.0		off 0.5146915425731552 neg 0.44277366445218724 __DUMMY__ 0.04253479297465772	false	0.5
unbeliebtheit	neg 1.0		off 0.5159637074946025 neg 0.44215679230642285 __DUMMY__ 0.041879500198974746	false	0.5
sturheit	neg 1.0		off 0.5128280918424645 neg 0.444820320793004 __DUMMY__ 0.04235158736453155	false	0.5
kuh	neg 1.0		off 0.5135195993833789 neg 0.44464264430878586 __DUMMY__ 0.04183775630783543	false	0.5
erschrecken	neg 1.0		off 0.5204855763326529 neg 0.4372525289761122 __DUMMY__ 0.04226189469123482	false	0.5
opfer	neg 1.0		off 0.5117633591664249 neg 0.44569093485478767 __DUMMY__ 0.04254570597878742	false	0.5
sinken	neg 1.0		off 0.5088318533161194 neg 0.4483962387983483 __DUMMY__ 0.0427719078855324	false	0.5
stinktier	neg 1.0		off 0.5199034552888722 neg 0.4387038352811523 __DUMMY__ 0.041392709429975576	false	0.5
tucke	off 1.0		off 0.5267706423614089 neg 0.4317458294584169 __DUMMY__ 0.041483528180174103	false	1.0
ein			off 0.5160908137338995 neg 0.44160402076663574 __DUMMY__ 0.04230516549946475	false	0.0
abstieg	neg 1.0		off 0.5106523394485702 neg 0.4467647035711745 __DUMMY__ 0.04258295698025523	false	0.5
missverstehen	neg 1.0		off 0.5156314375234144 neg 0.44236951078367026 __DUMMY__ 0.04199905169291521	false	0.5
ergebnislos	neg 1.0		off 0.5103460091850646 neg 0.44705134053231826 __DUMMY__ 0.0426026502826171	false	0.5
unter			off 0.5051019929207823 neg 0.4517260177021364 __DUMMY__ 0.04317198937708117	false	0.0
manipulieren	neg 1.0		off 0.5103492135129282 neg 0.4469908514078186 __DUMMY__ 0.0426599350792533	false	0.5
unbewiesen	neg 1.0		off 0.5113266976462365 neg 0.4466287815028328 __DUMMY__ 0.0420445208509308	false	0.5
verschleppen	neg 1.0		off 0.5111372131072444 neg 0.4464223020117843 __DUMMY__ 0.04244048488097148	false	0.5
weib	off 1.0		off 0.5242902557536844 neg 0.43439175088246135 __DUMMY__ 0.041317993363854326	false	1.0
opposition	neg 1.0		off 0.5151675544099868 neg 0.44268196854984265 __DUMMY__ 0.042150477040170435	false	0.5
verkehrswidrig	neg 1.0		off 0.5264942231677354 neg 0.43134500002170056 __DUMMY__ 0.04216077681056404	false	0.5
inkorrekt	neg 1.0		off 0.5208332693921969 neg 0.4374543909292859 __DUMMY__ 0.041712339678517396	false	0.5
vermeiden	neg 1.0		off 0.5064975797716926 neg 0.4506451288471667 __DUMMY__ 0.04285729138114066	false	0.5
abweichung	neg 1.0		off 0.5103780671617223 neg 0.4471976884240654 __DUMMY__ 0.042424244414212345	false	0.5
alkoholisiert	neg 1.0		off 0.5115146222291342 neg 0.44585827807110934 __DUMMY__ 0.042627099699756386	false	0.5
scheiss	off 1.0	off 1.0	off 0.7466442634357566 neg 0.23330781894909677 __DUMMY__ 0.020047917615146564	false	1.0
herausforderung	neg 1.0		off 0.5106297341175374 neg 0.446740712892777 __DUMMY__ 0.042629552989685536	false	0.5
pervers	off 1.0		off 0.5285573705836503 neg 0.43008696353600334 __DUMMY__ 0.041355665880346296	false	1.0
wackelig	neg 1.0		off 0.5154355489998618 neg 0.44188451066617707 __DUMMY__ 0.04267994033396115	false	0.5
verwickeln	neg 1.0		off 0.5152064056146778 neg 0.44275854212476207 __DUMMY__ 0.04203505226056016	false	0.5
vorwand	neg 1.0		off 0.5092684126859375 neg 0.4481572763743172 __DUMMY__ 0.04257431093974533	false	0.5
muschi	off 1.0		off 0.5148432571669859 neg 0.44269694248149954 __DUMMY__ 0.04245980035151459	false	1.0
entmutigung	neg 1.0		off 0.5153555005066156 neg 0.44240733297719054 __DUMMY__ 0.04223716651619394	false	0.5
unangemessen	neg 1.0		off 0.5109060979692519 neg 0.4468915217168806 __DUMMY__ 0.042202380313867395	false	0.5
unstetig	neg 1.0		off 0.517417911200642 neg 0.44037993197082115 __DUMMY__ 0.04220215682853689	false	0.5
entmutigen	neg 1.0		off 0.5158805399373018 neg 0.44180699030545684 __DUMMY__ 0.042312469757241344	false	0.5
schwanz	neg 1.0		off 0.5126395641993235 neg 0.4447767010312416 __DUMMY__ 0.04258373476943473	false	0.5
verbot	neg 1.0		off 0.5113281796447722 neg 0.4462568732449708 __DUMMY__ 0.04241494711025688	false	0.5
leid	neg 1.0		off 0.5237633770417803 neg 0.4345834038719486 __DUMMY__ 0.04165321908627117	false	0.5
archaisch	neg 1.0		off 0.5133161503664191 neg 0.44429536431808825 __DUMMY__ 0.04238848531549269	false	0.5
gegen			off 0.5082792000039399 neg 0.448996923166351 __DUMMY__ 0.04272387682970914	false	0.0
scheidung	neg 1.0		off 0.5364849356974798 neg 0.42197018313008583 __DUMMY__ 0.04154488117243437	false	0.5
einschlag	neg 1.0		off 0.5224638367303115 neg 0.4356016524053488 __DUMMY__ 0.04193451086433965	false	0.5
m			off 0.5136488695513448 neg 0.44378877590603266 __DUMMY__ 0.04256235454262254	false	0.0
abgestanden	neg 1.0		off 0.5150720083668234 neg 0.44269252789483865 __DUMMY__ 0.04223546373833788	false	0.5
schmierig	off 1.0		off 0.5246901277280442 neg 0.433465790762898 __DUMMY__ 0.04184408150905776	false	1.0
unpraktisch	neg 1.0		off 0.5165327718299721 neg 0.44118879902900526 __DUMMY__ 0.0422784291410226	false	0.5
wixxer	off 1.0		off 0.5274077140732903 neg 0.431375467489613 __DUMMY__ 0.04121681843709669	false	1.0
bezeichnet			off 0.5129380714413091 neg 0.44490562364499603 __DUMMY__ 0.042156304913694854	false	0.0
jammerlappen	off 1.0		off 0.5199754854560238 neg 0.4378836361674729 __DUMMY__ 0.04214087837650336	false	1.0
farce	neg 1.0		off 0.5118464362003438 neg 0.44583236319969827 __DUMMY__ 0.042321200599958184	false	0.5
zwecklos	neg 1.0		off 0.5118242806428185 neg 0.44584115607755465 __DUMMY__ 0.04233456327962687	false	0.5
turbulent	neg 1.0		off 0.520714671414378 neg 0.4373148661628452 __DUMMY__ 0.0419704624227769	false	0.5
invasion	neg 1.0		off 0.5163066424493779 neg 0.44148856634389144 __DUMMY__ 0.04220479120673067	false	0.5
schuld	neg 1.0		off 0.5148033786381556 neg 0.4430083984123695 __DUMMY__ 0.042188222949474934	false	0.5
risiko	neg 1.0	neg 1.0	neg 0.7040416255563404 off 0.2756167069777063 __DUMMY__ 0.020341667465953197	false	1.0
finster	neg 1.0		off 0.5146821100529093 neg 0.44320488113882023 __DUMMY__ 0.042113008808270354	false	0.5
geisteskrank	off 1.0		off 0.5184687005210259 neg 0.43979166027667765 __DUMMY__ 0.04173963920229653	false	1.0
zusammenbrechen	neg 1.0		off 0.5130584294498212 neg 0.4445038366797924 __DUMMY__ 0.04243773387038649	false	0.5
ausbeute	neg 1.0		off 0.5166226174052536 neg 0.44038211932525384 __DUMMY__ 0.04299526326949251	false	0.5
hinterhalt	neg 1.0		off 0.518767053671321 neg 0.4382928057828142 __DUMMY__ 0.04294014054586473	false	0.5
kritik	neg 1.0		off 0.511458932928184 neg 0.44622903615631737 __DUMMY__ 0.042312030915498594	false	0.5
einschrumpfen	neg 1.0		off 0.5176724494124189 neg 0.4402834375576735 __DUMMY__ 0.042044113029907494	false	0.5
riskant	neg 1.0		off 0.5094908195338531 neg 0.44806454319767697 __DUMMY__ 0.042444637268469886	false	0.5
frustrieren	neg 1.0		off 0.5106665114278371 neg 0.4468989316607956 __DUMMY__ 0.04243455691136727	false	0.5
groll	neg 1.0		off 0.5112468162555859 neg 0.4464098132608691 __DUMMY__ 0.04234337048354503	false	0.5
gibt			off 0.5131566102190241 neg 0.4444008335292328 __DUMMY__ 0.04244255625174319	false	0.0
qualvoll	neg 1.0		off 0.5189895060620936 neg 0.43872007240701727 __DUMMY__ 0.042290421530889064	false	0.5
wackeln	neg 1.0		off 0.5180340295749382 neg 0.43944108029996654 __DUMMY__ 0.04252489012509517	false	0.5
klagen	neg 1.0		off 0.5075751482835817 neg 0.44978307750416247 __DUMMY__ 0.042641774212255755	false	0.5
bankrott	neg 1.0		off 0.5205569872722529 neg 0.43716867269489784 __DUMMY__ 0.04227434003284935	false	0.5
trauern	neg 1.0		off 0.513202219600418 neg 0.4440587977683126 __DUMMY__ 0.04273898263126936	false	0.5
ablehnung	neg 1.0		off 0.510910665324776 neg 0.4467874264991371 __DUMMY__ 0.04230190817608695	false	0.5
stur	neg 1.0		off 0.5147394012563681 neg 0.4431023564454065 __DUMMY__ 0.04215824229822533	false	0.5
aufruhr	neg 1.0		off 0.5140059357674636 neg 0.44357045299256076 __DUMMY__ 0.04242361123997569	false	0.5
melancholie	neg 1.0		off 0.5127253432672085 neg 0.44471812098568586 __DUMMY__ 0.04255653574710553	false	0.5
ist			off 0.5167569293681993 neg 0.4409876552071201 __DUMMY__ 0.04225541542468067	false	0.0
torheit	neg 1.0		off 0.5152170368235351 neg 0.4424459769358906 __DUMMY__ 0.042336986240574394	false	0.5
dreckskind	off 1.0		off 0.5234444409475498 neg 0.43507332885409866 __DUMMY__ 0.04148223019835154	false	1.0
umtauschen	neg 1.0		off 0.5148248931279445 neg 0.4428069762904517 __DUMMY__ 0.042368130581603804	false	0.5
zum			off 0.5095691523596642 neg 0.44728690717433867 __DUMMY__ 0.043143940465997205	false	0.0
zersetzen	neg 1.0		off 0.5089083906401164 neg 0.448595221350014 __DUMMY__ 0.0424963880098695	false	0.5
zur			off 0.5070962837420144 neg 0.44989934565903283 __DUMMY__ 0.04300437059895266	false	0.0
frust	neg 1.0		off 0.5132938399867365 neg 0.44424069103160274 __DUMMY__ 0.04246546898166076	false	0.5
unerbittlichkeit	neg 1.0		off 0.5095938107054699 neg 0.4478373550401095 __DUMMY__ 0.04256883425442056	false	0.5
zwei			off 0.5099190835607834 neg 0.44705846977752933 __DUMMY__ 0.04302244666168717	false	0.0
unkorrekt	neg 1.0		off 0.5213081013593581 neg 0.4368856725186685 __DUMMY__ 0.041806226121973475	false	0.5
hexe	off 1.0		off 0.5179953744178282 neg 0.44012815837561187 __DUMMY__ 0.041876467206560075	false	1.0
lasch	neg 1.0		off 0.516576457174042 neg 0.44146897980395583 __DUMMY__ 0.04195456302200213	false	0.5
rivale	neg 1.0		off 0.5217850672908215 neg 0.43624993338974677 __DUMMY__ 0.041964999319431595	false	0.5
mutlos	off 1.0	off 1.0	off 0.7411097256600006 neg 0.2386058159100369 __DUMMY__ 0.02028445842996262	false	1.0
wirr	off 1.0		off 0.5222483705290313 neg 0.4359859456508238 __DUMMY__ 0.041765683820144874	false	1.0
jahr			off 0.5137026652249574 neg 0.44326018778758325 __DUMMY__ 0.0430371469874594	false	0.0
wird			off 0.5117580103542526 neg 0.4457826263573727 __DUMMY__ 0.04245936328837464	false	0.0
strafbar	neg 1.0		off 0.5098943532046396 neg 0.4476814756506702 __DUMMY__ 0.04242417114469016	false	0.5
erosion	neg 1.0		off 0.5167918616698688 neg 0.44068350164225223 __DUMMY__ 0.04252463668787892	false	0.5
eingehen	neg 1.0		off 0.5100271574508208 neg 0.44756629895919786 __DUMMY__ 0.04240654358998125	false	0.5
faul	off 1.0		off 0.5200297209508467 neg 0.4377499782042759 __DUMMY__ 0.042220300844877406	false	1.0
provisorium	neg 1.0		off 0.5060539386269087 neg 0.4507612517198372 __DUMMY__ 0.043184809653254136	false	0.5
schmerzen	neg 1.0		off 0.5133847387581968 neg 0.44429445994325073 __DUMMY__ 0.04232080129855241	false	0.5
schrumpfen	neg 1.0		off 0.5048436768974025 neg 0.45242202556495914 __DUMMY__ 0.04273429753763846	false	0.5
geistlos	off 1.0		off 0.5147173210136408 neg 0.4433417553265868 __DUMMY__ 0.041940923659772464	false	1.0
fehlkauf	neg 1.0		off 0.5180907897719823 neg 0.43951937314517814 __DUMMY__ 0.04238983708283964	false	0.5
frustrierend	neg 1.0		off 0.5183728073327455 neg 0.4395006912330064 __DUMMY__ 0.042126501434248155	false	0.5
unzufrieden	neg 1.0		off 0.511000798223009 neg 0.44669475861271785 __DUMMY__ 0.042304443164273085	false	0.5
verzweifeln	neg 1.0		off 0.5136566658639219 neg 0.44397087217130765 __DUMMY__ 0.04237246196477048	false	0.5
verzweifelt	neg 1.0	neg 1.0	neg 0.7062779568856119 off 0.2736016403557895 __DUMMY__ 0.020120402758598638	false	1.0
misstrauensantrag	neg 1.0		off 0.5167745445217629 neg 0.44100890715172647 __DUMMY__ 0.04221654832651059	false	0.5
abfallen	neg 1.0		off 0.5175356010433769 neg 0.43999985173979994 __DUMMY__ 0.04246454721682315	false	0.5
fucker	off 1.0		off 0.5232995931826857 neg 0.43464478120036837 __DUMMY__ 0.04205562561694592	false	1.0
ungezogen	neg 1.0		off 0.5281272048066908 neg 0.43043315334026405 __DUMMY__ 0.04143964185304507	false	0.5
irrsinnig	neg 1.0	neg 1.0	neg 0.7059742423828095 off 0.27387601291278346 __DUMMY__ 0.02014974470440708	false	1.0
unfassbar	neg 1.0		off 0.5208384423344833 neg 0.4371038220966674 __DUMMY__ 0.04205773556884918	false	0.5
hart	neg 1.0		off 0.5205397412595543 neg 0.4373931630800657 __DUMMY__ 0.04206709566037993	false	0.5
widerlich	off 1.0		off 0.5196273558118323 neg 0.4385240831375585 __DUMMY__ 0.04184856105060915	false	1.0
fatal	neg 1.0		off 0.5176768494167038 neg 0.4400335378407495 __DUMMY__ 0.042289612742546556	false	0.5
bruch	neg 1.0		off 0.5083079551964871 neg 0.4490296982877529 __DUMMY__ 0.04266234651575995	false	0.5
aushungern	neg 1.0		off 0.5137106742386044 neg 0.4437684844279755 __DUMMY__ 0.04252084133342007	false	0.5
anspannung	neg 1.0		off 0.5085674611383979 neg 0.4483900635130765 __DUMMY__ 0.04304247534852567	false	0.5
von			off 0.515068335419404 neg 0.441766124613832 __DUMMY__ 0.04316553996676391	false	0.0
kraftlos	neg 1.0		off 0.5134320979121544 neg 0.44402899582499966 __DUMMY__ 0.04253890626284598	false	0.5
vom			off 0.5077827221703267 neg 0.4489384545531888 __DUMMY__ 0.04327882327648451	false	0.0
grenzdebil	off 1.0		off 0.5217371163334772 neg 0.43617351440787655 __DUMMY__ 0.04208936925864617	false	1.0
vor			off 0.5106973007547128 neg 0.44649956281125025 __DUMMY__ 0.042803136434037124	false	0.0
unterwerfen	neg 1.0		off 0.5114618901723564 neg 0.44601492974382206 __DUMMY__ 0.042523180083821464	false	0.5
versenkung	neg 1.0		off 0.5125209670760562 neg 0.4448567900417761 __DUMMY__ 0.04262224288216781	false	0.5
entziehen	neg 1.0		off 0.5081681299622298 neg 0.44920103447718446 __DUMMY__ 0.04263083556058583	false	0.5
finanzkrise	neg 1.0		off 0.5126895521205498 neg 0.44502016502686464 __DUMMY__ 0.04229028285258544	false	0.5
schimpfend	neg 1.0		off 0.5171204319184598 neg 0.44062408765152933 __DUMMY__ 0.04225548043001104	false	0.5
profan	neg 1.0		off 0.5166687228875091 neg 0.4412043037466042 __DUMMY__ 0.04212697336588678	false	0.5
korruption	neg 1.0		off 0.5114576263000955 neg 0.44608746720517933 __DUMMY__ 0.0424549064947252	false	0.5
â			off 0.514059967892018 neg 0.44326949978287106 __DUMMY__ 0.042670532325110894	false	0.0
schmutzig	neg 1.0		off 0.5228377730063479 neg 0.4350295517003477 __DUMMY__ 0.04213267529330444	false	0.5
sexy	neg 1.0		off 0.5194680070250433 neg 0.4382580814314871 __DUMMY__ 0.04227391154346978	false	0.5
abraten	neg 1.0		off 0.5168338841386252 neg 0.440927829535782 __DUMMY__ 0.0422382863255927	false	0.5
schwarz	neg 1.0		off 0.5166530958886802 neg 0.4410583788944653 __DUMMY__ 0.04228852521685452	false	0.5
fotze	off 1.0	off 1.0	off 0.7434501270167317 neg 0.23618147880622584 __DUMMY__ 0.020368394177042393	false	1.0
verwirren	neg 1.0		off 0.5178063504924643 neg 0.44001568522363904 __DUMMY__ 0.042177964283896606	false	0.5
zahnlos	off 1.0		off 0.5123370172424637 neg 0.4453395530952736 __DUMMY__ 0.042323429662262754	false	1.0
verheeren	neg 1.0		off 0.53158093609962 neg 0.42681754629729357 __DUMMY__ 0.0416015176030865	false	0.5
hippie	neg 1.0		off 0.5190785614959331 neg 0.4386339315715061 __DUMMY__ 0.042287506932560795	false	0.5
rammen	neg 1.0		off 0.5155659628129614 neg 0.4422675709308812 __DUMMY__ 0.04216646625615749	false	0.5
unlauter	neg 1.0		off 0.5131145018069746 neg 0.4448484687272864 __DUMMY__ 0.04203702946573914	false	0.5
unheilvoll	neg 1.0		off 0.5179696496222735 neg 0.4396734675718283 __DUMMY__ 0.04235688280589814	false	0.5
niedrig	neg 1.0		off 0.5088525055966618 neg 0.44874220369933115 __DUMMY__ 0.04240529070400705	false	0.5
explosion	neg 1.0		off 0.518069821370308 neg 0.43967814371450764 __DUMMY__ 0.04225203491518434	false	0.5
weichei	off 1.0	off 1.0	off 0.7490279776204446 neg 0.2311039657940319 __DUMMY__ 0.019868056585523493	false	1.0
minusmensch	off 1.0		off 0.5256007704177265 neg 0.43301802654578353 __DUMMY__ 0.041381203036489976	false	1.0
farblos	neg 1.0		off 0.5161471292576161 neg 0.4413647841542583 __DUMMY__ 0.042488086588125695	false	0.5
unwissend	neg 1.0	neg 1.0	neg 0.7041593941358513 off 0.2758041983835606 __DUMMY__ 0.020036407480588214	false	1.0
traurig	neg 1.0		off 0.5231251991845799 neg 0.43494176059066386 __DUMMY__ 0.04193304022475631	false	0.5
senkung	neg 1.0		off 0.5153617534663685 neg 0.4426385673327254 __DUMMY__ 0.04199967920090623	false	0.5
ungleich	neg 1.0	neg 1.0	neg 0.708985655989785 off 0.27072391883145397 __DUMMY__ 0.02029042517876103	false	1.0
heikel	neg 1.0		off 0.5091109326546043 neg 0.44847527961493827 __DUMMY__ 0.04241378773045734	false	0.5
drosselung	neg 1.0		off 0.5210847733173901 neg 0.43688218224090686 __DUMMY__ 0.04203304444170306	false	0.5
falsch	neg 1.0		off 0.5178562660287052 neg 0.4400988727348862 __DUMMY__ 0.042044861236408694	false	0.5
unzufriedenheit	neg 1.0		off 0.508951935116084 neg 0.4484438980024914 __DUMMY__ 0.04260416688142461	false	0.5
kurz	neg 1.0		off 0.5152637167817239 neg 0.44214486205503634 __DUMMY__ 0.04259142116323965	false	0.5
unsinnig	neg 1.0		off 0.5118033408646971 neg 0.4459573386323513 __DUMMY__ 0.04223932050295146	false	0.5
penner	off 1.0	off 1.0	off 0.7500406526712938 neg 0.23010328249646414 __DUMMY__ 0.019856064832241997	false	1.0
seicht	neg 1.0		off 0.5262994834922884 neg 0.4323527638612754 __DUMMY__ 0.04134775264643615	false	0.5
dummheit	off 1.0	off 1.0	off 0.7448099400747079 neg 0.23510007813428413 __DUMMY__ 0.02008998179100802	false	1.0
unerfreulich	neg 1.0		off 0.5095440865621901 neg 0.4478904238844022 __DUMMY__ 0.042565489553407804	false	0.5
motherfucker	off 1.0	off 1.0	off 0.7479158172537456 neg 0.2320035174441687 __DUMMY__ 0.02008066530208568	false	1.0
pikiert	neg 1.0		off 0.5196100774683234 neg 0.4384381471321334 __DUMMY__ 0.04195177539954317	false	0.5
wrack	neg 1.0		off 0.5144641119967576 neg 0.4429356765425933 __DUMMY__ 0.04260021146064909	false	0.5
gangster	neg 1.0		off 0.5190935938851889 neg 0.43862746826861043 __DUMMY__ 0.042278937846200695	false	0.5
krank	neg 1.0		off 0.5216733441985683 neg 0.43624757056717983 __DUMMY__ 0.04207908523425191	false	0.5
reich	neg 1.0		off 0.5223115763244638 neg 0.43539750284685325 __DUMMY__ 0.042290920828682806	false	0.5
gnadenlos	neg 1.0		off 0.5155462145229385 neg 0.44220556494082053 __DUMMY__ 0.04224822053624093	false	0.5
niedergeschlagen	neg 1.0		off 0.5145214751630794 neg 0.4429759205168461 __DUMMY__ 0.04250260432007445	false	0.5
terrorisieren	off 1.0	off 1.0	off 0.7421415679874408 neg 0.23749259277096957 __DUMMY__ 0.020365839241589603	false	1.0
sinnlosigkeit	neg 1.0		off 0.5122470932877599 neg 0.44537427840133054 __DUMMY__ 0.0423786283109097	false	0.5
behindern	neg 1.0		off 0.5149641002487683 neg 0.4425813100756635 __DUMMY__ 0.042454589675568165	false	0.5
undemokratisch	neg 1.0		off 0.5151028124915183 neg 0.44265001241601276 __DUMMY__ 0.042247175092468774	false	0.5
wirtschaftskrise	neg 1.0		off 0.5108658073072574 neg 0.4467163360471281 __DUMMY__ 0.042417856645614496	false	0.5
neid	neg 1.0		off 0.5196010674909852 neg 0.4381743526296627 __DUMMY__ 0.042224579879352145	false	0.5
rutschen	neg 1.0		off 0.5105496287101245 neg 0.4463533738327669 __DUMMY__ 0.043096997457108606	false	0.5
rezession	neg 1.0		off 0.5192809503774851 neg 0.4392053812029653 __DUMMY__ 0.041513668419549364	false	0.5
fehlgeburt	neg 1.0		off 0.518063634666497 neg 0.4395602996961294 __DUMMY__ 0.04237606563737362	false	0.5
charakterschwach	off 1.0		off 0.5194538904421918 neg 0.43868451317393337 __DUMMY__ 0.041861596383874745	false	1.0
isolation	neg 1.0		off 0.5187384878640274 neg 0.43906923232351824 __DUMMY__ 0.04219227981245428	false	0.5
ablenkung	neg 1.0		off 0.5156519456829518 neg 0.441939554910275 __DUMMY__ 0.04240849940677311	false	0.5
pech	neg 1.0		off 0.5174570231226057 neg 0.4405015850404421 __DUMMY__ 0.042041391836952303	false	0.5
vermeidung	neg 1.0		off 0.5221495832685742 neg 0.43573098799005394 __DUMMY__ 0.0421194287413718	false	0.5
dominieren	neg 1.0		off 0.512146355090447 neg 0.4452454762864777 __DUMMY__ 0.04260816862307534	false	0.5
schwindlig	neg 1.0		off 0.5183706416681662 neg 0.43928866347054285 __DUMMY__ 0.042340694861290815	false	0.5
lutscher	neg 1.0		off 0.5274673747526497 neg 0.43114379566817196 __DUMMY__ 0.04138882957917834	false	0.5
pflicht	neg 1.0		off 0.5083033567503253 neg 0.44919489880639163 __DUMMY__ 0.042501744443283154	false	0.5
faschist	off 1.0		off 0.51794004717409 neg 0.4398878263970318 __DUMMY__ 0.042172126428878104	false	1.0
verschleudern	neg 1.0		off 0.5089849876518502 neg 0.44860162836286727 __DUMMY__ 0.04241338398528261	false	0.5
wenn			off 0.5188674027421197 neg 0.43901220553992815 __DUMMY__ 0.04212039171795221	false	0.0
ehebruch	neg 1.0		off 0.5121445109844036 neg 0.4453312812850831 __DUMMY__ 0.04252420773051318	false	0.5
spott	off 1.0		off 0.5105946648464322 neg 0.44695603227438646 __DUMMY__ 0.04244930287918142	false	1.0
trostlosigkeit	neg 1.0		off 0.5107286724133596 neg 0.44647921512783983 __DUMMY__ 0.04279211245880065	false	0.5
lutschen	neg 1.0		off 0.5181248176156598 neg 0.43976200501426144 __DUMMY__ 0.04211317737007881	false	0.5
undiszipliniert	neg 1.0		off 0.5217828784783813 neg 0.4363443965575572 __DUMMY__ 0.04187272496406153	false	0.5
kopfschmerz	neg 1.0		off 0.5127183313388934 neg 0.44489100022189026 __DUMMY__ 0.04239066843921638	false	0.5
unvorhergesehen	neg 1.0		off 0.5131140526749246 neg 0.44406924666263337 __DUMMY__ 0.042816700662442114	false	0.5
desinteressiert	neg 1.0		off 0.5213487609777825 neg 0.4367467511440729 __DUMMY__ 0.04190448787814475	false	0.5
armselig	off 1.0		off 0.5209911176742366 neg 0.43729711032791013 __DUMMY__ 0.041711771997853316	false	1.0
desaster	neg 1.0		off 0.5077053732180862 neg 0.4496065577438521 __DUMMY__ 0.04268806903806171	false	0.5
tod	neg 1.0		off 0.5166347526768689 neg 0.44047498045188554 __DUMMY__ 0.0428902668712456	false	0.5
herzlos	neg 1.0		off 0.5223623172366199 neg 0.43579180991764976 __DUMMY__ 0.04184587284573039	false	0.5
unwissenheit	neg 1.0		off 0.511838466654007 neg 0.4457771306699986 __DUMMY__ 0.04238440267599437	false	0.5
widersinnig	neg 1.0		off 0.5094895912781261 neg 0.44835780869534075 __DUMMY__ 0.04215260002653302	false	0.5
bedenklich	neg 1.0		off 0.510387162381682 neg 0.4472394632732225 __DUMMY__ 0.04237337434509538	false	0.5
beanstanden	neg 1.0		off 0.5083540482453862 neg 0.4490927041365941 __DUMMY__ 0.04255324761801958	false	0.5
panisch	neg 1.0	neg 1.0	neg 0.7031737490060422 off 0.27651422203950243 __DUMMY__ 0.020312028954455375	false	1.0
debil	off 1.0		off 0.5070673078071832 neg 0.4497819401712616 __DUMMY__ 0.04315075202155505	false	1.0
abstrich	neg 1.0		off 0.5199272117312261 neg 0.43715944024792114 __DUMMY__ 0.04291334802085282	false	0.5
primitiv	neg 1.0		off 0.5197208773825504 neg 0.43844822249761023 __DUMMY__ 0.04183090011983938	false	0.5
abschaum	off 1.0	off 1.0	off 0.7463252677809081 neg 0.23361003159438765 __DUMMY__ 0.020064700624704248	false	1.0
provozieren	neg 1.0		off 0.5140984650967781 neg 0.4437675515921463 __DUMMY__ 0.04213398331107568	false	0.5
tot	neg 1.0		off 0.5125764223557443 neg 0.4449652313043665 __DUMMY__ 0.04245834633988909	false	0.5
instabil	neg 1.0		off 0.5213935013513453 neg 0.4367917226923296 __DUMMY__ 0.04181477595632497	false	0.5
schwuchtel	off 1.0	off 1.0	off 0.7520839931096462 neg 0.22829357941867898 __DUMMY__ 0.019622427471674878	false	1.0
zerren	neg 1.0		off 0.5137537914142338 neg 0.4437362446490432 __DUMMY__ 0.04250996393672307	false	0.5
kinderficker	off 1.0		off 0.5251203757420793 neg 0.433136635593348 __DUMMY__ 0.04174298866457292	false	1.0
gefahr	neg 1.0		off 0.5098866950934511 neg 0.4473982112443291 __DUMMY__ 0.04271509366221976	false	0.5
rabiat	neg 1.0		off 0.5153198900384863 neg 0.442314733143097 __DUMMY__ 0.04236537681841665	false	0.5
verlangsamung	neg 1.0		off 0.5245593468098371 neg 0.4339815042766919 __DUMMY__ 0.04145914891347092	false	0.5
ausgestorben	neg 1.0		off 0.5155980670557925 neg 0.44196374657843535 __DUMMY__ 0.042438186365772235	false	0.5
anklagen	neg 1.0		off 0.5120786308656623 neg 0.44544003722135617 __DUMMY__ 0.04248133191298156	false	0.5
trott	neg 1.0		off 0.515175800541771 neg 0.4423928719981192 __DUMMY__ 0.042431327460109726	false	0.5
verminderung	neg 1.0		off 0.5214615600350728 neg 0.43653535660730086 __DUMMY__ 0.04200308335762624	false	0.5
nach			off 0.5087216041094856 neg 0.4481838870098656 __DUMMY__ 0.043094508880648794	false	0.0
rost	neg 1.0		off 0.5251492435000717 neg 0.4331730061378976 __DUMMY__ 0.04167775036203065	false	0.5
destruktiv	neg 1.0		off 0.5132295979895594 neg 0.4445517504908917 __DUMMY__ 0.04221865151954878	false	0.5
unzumutbarkeit	neg 1.0		off 0.5211391360286629 neg 0.43670610316278036 __DUMMY__ 0.04215476080855672	false	0.5
labil	off 1.0	off 1.0	off 0.7462634374406129 neg 0.23361965470547327 __DUMMY__ 0.020116907853913787	false	1.0
ziemlich	neg 1.0		off 0.5211604137815232 neg 0.4367323962576292 __DUMMY__ 0.04210718996084756	false	0.5
lachnummer	off 1.0		off 0.5139971649708447 neg 0.4437968894008401 __DUMMY__ 0.042205945628315124	false	1.0
oder			off 0.5165173553851422 neg 0.44110340853241314 __DUMMY__ 0.04237923608244472	false	0.0
verfall	neg 1.0		off 0.5060469539164845 neg 0.4511132534971221 __DUMMY__ 0.04283979258639334	false	0.5
ausgrenzung	neg 1.0		off 0.5161229698959944 neg 0.44161830650808687 __DUMMY__ 0.04225872359591884	false	0.5
unordnung	neg 1.0		off 0.5253706189928232 neg 0.432422986156186 __DUMMY__ 0.04220639485099085	false	0.5
fehlverhalten	neg 1.0		off 0.5083812352403151 neg 0.44919806771160153 __DUMMY__ 0.04242069704808332	false	0.5
eine			off 0.5106037685980216 neg 0.4466850154270442 __DUMMY__ 0.04271121597493406	false	0.0
nille	neg 1.0		off 0.5157828322824491 neg 0.441714793236459 __DUMMY__ 0.042502374481091974	false	0.5
qual	neg 1.0		off 0.5149657426395666 neg 0.44256792132377504 __DUMMY__ 0.04246633603665828	false	0.5
verschwenden	neg 1.0		off 0.5096883056852233 neg 0.44792671927580013 __DUMMY__ 0.04238497503897659	false	0.5
riesig	neg 1.0		off 0.5136159672830085 neg 0.4437019075287497 __DUMMY__ 0.0426821251882417	false	0.5
verurteilen	neg 1.0		off 0.510978492575594 neg 0.446706000578543 __DUMMY__ 0.04231550684586287	false	0.5
klischee	neg 1.0	neg 1.0	neg 0.7047025064846917 off 0.27521719836985964 __DUMMY__ 0.02008029514544869	false	1.0
diktatorisch	neg 1.0		off 0.5147602848612836 neg 0.44305008911025984 __DUMMY__ 0.04218962602845647	false	0.5
vorhersehbar	neg 1.0		off 0.515789749592887 neg 0.44223397137671333 __DUMMY__ 0.041976279030399695	false	0.5
sowie			off 0.524317717454116 neg 0.43394364545764136 __DUMMY__ 0.04173863708824255	false	0.0
stornieren	neg 1.0		off 0.5206243762594803 neg 0.4367540545662538 __DUMMY__ 0.04262156917426566	false	0.5
besteuerung	neg 1.0		off 0.5129720289223458 neg 0.4449699500302958 __DUMMY__ 0.04205802104735841	false	0.5
ungeschminkt	neg 1.0		off 0.518910640478297 neg 0.4393194646784536 __DUMMY__ 0.041769894843249354	false	0.5
kritisch	neg 1.0		off 0.5104795604292338 neg 0.447098100555196 __DUMMY__ 0.04242233901557035	false	0.5
schlamperei	off 1.0		off 0.510483957987629 neg 0.4469136578018466 __DUMMY__ 0.042602384210524445	false	1.0
sucht	neg 1.0	neg 1.0	neg 0.7019342386907791 off 0.27752198641057435 __DUMMY__ 0.020543774898646425	false	1.0
egoistisch	off 1.0		off 0.5235876742934085 neg 0.4348457286177637 __DUMMY__ 0.041566597088827886	false	1.0
ausbeuter	off 1.0		off 0.5078038949297344 neg 0.4498327040792634 __DUMMY__ 0.04236340099100223	false	1.0
arschgeburt	off 1.0		off 0.5292419807305943 neg 0.42969286537752477 __DUMMY__ 0.04106515389188089	false	1.0
schubs	neg 1.0		off 0.5131420859917732 neg 0.44443672067397216 __DUMMY__ 0.042421193334254696	false	0.5
unsolide	neg 1.0		off 0.5143836288245377 neg 0.44356535564916894 __DUMMY__ 0.0420510155262934	false	0.5
beschwerde	neg 1.0		off 0.5098484226243503 neg 0.4477223759433997 __DUMMY__ 0.042429201432250034	false	0.5
stocken	neg 1.0		off 0.5110959740699492 neg 0.4462982052549623 __DUMMY__ 0.04260582067508846	false	0.5
isolieren	neg 1.0		off 0.5118972910118116 neg 0.4456287455662816 __DUMMY__ 0.04247396342190695	false	0.5
unheilbar	neg 1.0		off 0.5163782948971474 neg 0.4411867265919351 __DUMMY__ 0.04243497851091745	false	0.5
pisser	off 1.0		off 0.5216215404121066 neg 0.4365544338893469 __DUMMY__ 0.041824025698546465	false	1.0
löschen	neg 1.0		off 0.5158232449337148 neg 0.4417288882568455 __DUMMY__ 0.042447866809439766	false	0.5
durchfallen	neg 1.0		off 0.5097349747330044 neg 0.44800967229131433 __DUMMY__ 0.042255352975681365	false	0.5
wichser	off 1.0	off 1.0	off 0.7514612882537868 neg 0.22877482239667216 __DUMMY__ 0.019763889349541035	false	1.0
terror	neg 1.0		off 0.5187780541816298 neg 0.4389358732188149 __DUMMY__ 0.042286072599555344	false	0.5
krass	neg 1.0		off 0.5227473622953721 neg 0.4354806778172 __DUMMY__ 0.04177195988742802	false	0.5
revolte	neg 1.0		off 0.5170621711160667 neg 0.44065967842622156 __DUMMY__ 0.04227815045771167	false	0.5
besorgt	neg 1.0		off 0.516688667957512 neg 0.44054848401421015 __DUMMY__ 0.04276284802827782	false	0.5
nachlassen	neg 1.0		off 0.5130275873506497 neg 0.4441904830612698 __DUMMY__ 0.04278192958808053	false	0.5
alt	neg 1.0		off 0.5129159822982526 neg 0.4446112507175411 __DUMMY__ 0.04247276698420631	false	0.5
hundesohn	off 1.0		off 0.5278087698728988 neg 0.43076618969771174 __DUMMY__ 0.041425040429389416	false	1.0
als			off 0.5125970270300999 neg 0.44498591243496105 __DUMMY__ 0.04241706053493912	false	0.0
abschreckung	neg 1.0		off 0.5088817649381585 neg 0.44849047291342325 __DUMMY__ 0.04262776214841814	false	0.5
unqualifiziert	neg 1.0		off 0.5162735528778882 neg 0.4418180776569237 __DUMMY__ 0.04190836946518804	false	0.5
abgewichst	off 1.0		off 0.5151623352625563 neg 0.44230449881230105 __DUMMY__ 0.04253316592514271	false	1.0
schwer	neg 1.0		off 0.5135509727765479 neg 0.44415821909064973 __DUMMY__ 0.042290808132802345	false	0.5
bedeutungslosigkeit	neg 1.0		off 0.5092538637257062 neg 0.4482211123075011 __DUMMY__ 0.04252502396679253	false	0.5
kapitulation	neg 1.0		off 0.5114938432904291 neg 0.44594912315355045 __DUMMY__ 0.042557033556020515	false	0.5
unscharf	neg 1.0		off 0.5160654748809689 neg 0.4418695549321048 __DUMMY__ 0.042064970186926384	false	0.5
schwinden	neg 1.0		off 0.5106792448439955 neg 0.44663524708310326 __DUMMY__ 0.04268550807290123	false	0.5
versklavung	neg 1.0		off 0.5165820382343214 neg 0.4410100918654785 __DUMMY__ 0.042407869900199915	false	0.5
schlecht	neg 1.0		off 0.5213103426190651 neg 0.4365857810232554 __DUMMY__ 0.042103876357679634	false	0.5
verhasst	neg 1.0		off 0.5138601271237058 neg 0.4441070665547065 __DUMMY__ 0.042032806321587714	false	0.5
beschweren	neg 1.0		off 0.5165075426191041 neg 0.44127594054317343 __DUMMY__ 0.04221651683772247	false	0.5
scheiden	neg 1.0		off 0.5165346259508744 neg 0.4409691171575093 __DUMMY__ 0.042496256891616443	false	0.5
frustriert	neg 1.0		off 0.5126185307239357 neg 0.44505740495884777 __DUMMY__ 0.04232406431721657	false	0.5
schimmelig	neg 1.0		off 0.5106899053311162 neg 0.44702427211878587 __DUMMY__ 0.042285822550097836	false	0.5
fisch	neg 1.0		off 0.5084998782700755 neg 0.4490270430190076 __DUMMY__ 0.04247307871091695	false	0.5
schmuggel	neg 1.0		off 0.5109931828122698 neg 0.44639389213058356 __DUMMY__ 0.04261292505714678	false	0.5
auffallen	neg 1.0		off 0.517327039866265 neg 0.4404904825214929 __DUMMY__ 0.04218247761224188	false	0.5
konkurrenz	neg 1.0		off 0.5085073626642383 neg 0.44885065553701087 __DUMMY__ 0.04264198179875095	false	0.5
teufelskreis	neg 1.0		off 0.5135212198118814 neg 0.4442096198200308 __DUMMY__ 0.042269160368087755	false	0.5
aufschreien	neg 1.0		off 0.516521570804049 neg 0.4413889699801029 __DUMMY__ 0.04208945921584815	false	0.5
schuldner	neg 1.0		off 0.5079902166521828 neg 0.44954541381536556 __DUMMY__ 0.042464369532451675	false	0.5
missgeburt	off 1.0	off 1.0	off 0.7491378900597156 neg 0.23102824840306715 __DUMMY__ 0.019833861537217067	false	1.0
arbeitslos	neg 1.0		off 0.5099526738435526 neg 0.44781339399925646 __DUMMY__ 0.04223393215719114	false	0.5
befallen	neg 1.0		off 0.5155881874225668 neg 0.44181282082791207 __DUMMY__ 0.04259899174952098	false	0.5
miesepetrig	off 1.0	off 1.0	off 0.7468176062227033 neg 0.23308848411075245 __DUMMY__ 0.02009390966654422	false	1.0
alarmieren	neg 1.0		off 0.5182392731034935 neg 0.4397132617685868 __DUMMY__ 0.04204746512791959	false	0.5
ungeduscht	off 1.0		off 0.5180010050965803 neg 0.4400018948901047 __DUMMY__ 0.041997100013314956	false	1.0
knappheit	neg 1.0		off 0.5095495160340673 neg 0.448196648843819 __DUMMY__ 0.0422538351221137	false	0.5
schlange	neg 1.0		off 0.5191555990822185 neg 0.43831331590427325 __DUMMY__ 0.04253108501350816	false	0.5
harsch	neg 1.0		off 0.526737197659809 neg 0.4312247933123056 __DUMMY__ 0.042038009027885265	false	0.5
lang	neg 1.0		off 0.5168235812758756 neg 0.440750878551054 __DUMMY__ 0.04242554017307039	false	0.5
ziellos	neg 1.0		off 0.5129599435707053 neg 0.4444238480477036 __DUMMY__ 0.042616208381591095	false	0.5
selbstverliebt	neg 1.0		off 0.5277065535338679 neg 0.43106756667383955 __DUMMY__ 0.041225879792292676	false	0.5
beseitigen	neg 1.0		off 0.514728487587831 neg 0.4427425650969783 __DUMMY__ 0.042528947315190815	false	0.5
dumm	off 1.0		off 0.5250094954811407 neg 0.4333855289590026 __DUMMY__ 0.04160497555985666	false	1.0
arbeitsloser	neg 1.0		off 0.5116259338289905 neg 0.44596627706286407 __DUMMY__ 0.04240778910814534	false	0.5
blitzen	neg 1.0		off 0.5188121192712432 neg 0.43891510590310195 __DUMMY__ 0.04227277482565501	false	0.5
hilflos	neg 1.0		off 0.5125346426185178 neg 0.4450935478377347 __DUMMY__ 0.04237180954374741	false	0.5
eklig	off 1.0		off 0.5245680568146156 neg 0.4339695849753372 __DUMMY__ 0.04146235821004715	false	1.0
begriff			off 0.5135779565593296 neg 0.4441024232445223 __DUMMY__ 0.04231962019614805	false	0.0
hungersnot	neg 1.0		off 0.5140751721775946 neg 0.44331365802962036 __DUMMY__ 0.04261116979278511	false	0.5
ungesetzlich	neg 1.0		off 0.5123303151604415 neg 0.4456649802662416 __DUMMY__ 0.04200470457331683	false	0.5
verschwendung	neg 1.0		off 0.5105340414910938 neg 0.44692874728347914 __DUMMY__ 0.0425372112254271	false	0.5
schmerzvoll	neg 1.0		off 0.5169120838374065 neg 0.44079991166776206 __DUMMY__ 0.042288004494831354	false	0.5
vorzeitig	neg 1.0		off 0.5188017373215302 neg 0.4388912940977776 __DUMMY__ 0.04230696858069211	false	0.5
unvollkommenheit	neg 1.0		off 0.5152911025597587 neg 0.4419379877333202 __DUMMY__ 0.042770909706921136	false	0.5
intervenieren	neg 1.0		off 0.5090401359061811 neg 0.4485345288325872 __DUMMY__ 0.042425335261231586	false	0.5
banause	off 1.0		off 0.5257179146304252 neg 0.43306408809981445 __DUMMY__ 0.041217997269760276	false	1.0
rebell	neg 1.0		off 0.5072750114778584 neg 0.45001743875185096 __DUMMY__ 0.042707549770290607	false	0.5
unlogisch	neg 1.0		off 0.520760093971464 neg 0.4375227557249099 __DUMMY__ 0.04171715030362611	false	0.5
leiden	neg 1.0		off 0.5110291727698805 neg 0.44626059971196946 __DUMMY__ 0.042710227518150165	false	0.5
abschaffung	neg 1.0		off 0.5143906907041044 neg 0.443347086424875 __DUMMY__ 0.042262222871020654	false	0.5
sturz	neg 1.0		off 0.5167156861840161 neg 0.4407749161495806 __DUMMY__ 0.04250939766640341	false	0.5
verkleinerung	neg 1.0		off 0.514413137414969 neg 0.4437040514568047 __DUMMY__ 0.04188281112822625	false	0.5
schmarotzer	off 1.0		off 0.5098993552639995 neg 0.4479783348285074 __DUMMY__ 0.04212230990749313	false	1.0
bestrafung	neg 1.0		off 0.516536382708047 neg 0.4411116792306346 __DUMMY__ 0.04235193806131835	false	0.5
achtlos	neg 1.0	neg 1.0	neg 0.7056442719807918 off 0.27404826432334584 __DUMMY__ 0.02030746369586233	false	1.0
ungeheuer	neg 1.0		off 0.5184392286287528 neg 0.4392351313158482 __DUMMY__ 0.042325640055399044	false	0.5
unaufrichtig	neg 1.0		off 0.5193732278916957 neg 0.4382777459336359 __DUMMY__ 0.042349026174668354	false	0.5
groggy	neg 1.0		off 0.5187112481919254 neg 0.4390022456792572 __DUMMY__ 0.04228650612881735	false	0.5
verletzlich	neg 1.0		off 0.5194578965557883 neg 0.4386778887014074 __DUMMY__ 0.041864214742804315	false	0.5
