unsolidarisch	neg 1.0		__DUMMY__ 0.4566269005988416 neg 0.30808534742599086 off 0.2352877519751676	false	1.0
nachteilig	neg 1.0		__DUMMY__ 0.4615227796537866 neg 0.30637590648642266 off 0.23210131385979077	false	1.0
skeptisch	neg 1.0		__DUMMY__ 0.46259059934387586 neg 0.30578681364839433 off 0.23162258700772972	false	1.0
schrecklich	neg 1.0		__DUMMY__ 0.45949919636235886 neg 0.2916326193380751 off 0.2488681842995662	false	1.0
schlapp	neg 1.0	neg 1.0	neg 0.6371147855840761 __DUMMY__ 0.22430125528974112 off 0.1385839591261828	false	1.0
abfall	neg 1.0		__DUMMY__ 0.4638412659270462 neg 0.30742975694903685 off 0.22872897712391702	false	1.0
widerspenstig	neg 1.0		__DUMMY__ 0.4625187302896738 neg 0.2996083400067678 off 0.23787292970355847	false	1.0
abrupt	neg 1.0		__DUMMY__ 0.4661089681734794 neg 0.30036368496638055 off 0.23352734686014007	false	1.0
unwirksam	neg 1.0		__DUMMY__ 0.45782024621393613 neg 0.3064643376808573 off 0.23571541610520652	false	1.0
angreifen	neg 1.0	neg 1.0	neg 0.6436035781603017 __DUMMY__ 0.22466175260788973 off 0.13173466923180854	false	1.0
inkonsistent	neg 1.0		__DUMMY__ 0.4609209994466763 neg 0.3009359801776908 off 0.23814302037563276	false	1.0
abrutschen	neg 1.0		__DUMMY__ 0.46402208935205247 neg 0.306718717056165 off 0.22925919359178254	false	1.0
unsicher	neg 1.0		__DUMMY__ 0.4628298628297213 neg 0.29909021148270587 off 0.2380799256875728	false	1.0
bauernkind	off 1.0	off 1.0	off 0.6102710836797143 __DUMMY__ 0.22068672594342437 neg 0.16904219037686147	false	1.0
angreifer	neg 1.0		__DUMMY__ 0.46262226607573054 neg 0.29799702148267415 off 0.23938071244159537	false	1.0
trennen	neg 1.0		__DUMMY__ 0.4673001789487127 neg 0.2982121391216795 off 0.23448768192960792	false	1.0
schmutz	neg 1.0		__DUMMY__ 0.4636743130062728 neg 0.2962956411735754 off 0.24003004582015183	false	1.0
inkonsistenz	neg 1.0		__DUMMY__ 0.4581656563342152 neg 0.30038316815018223 off 0.24145117551560238	false	1.0
erschreckend	neg 1.0		__DUMMY__ 0.46171710792577797 neg 0.3020302176175797 off 0.23625267445664233	false	1.0
ertrinken	neg 1.0		__DUMMY__ 0.46426220370023646 neg 0.3016259484188817 off 0.23411184788088185	false	1.0
pickelface	off 1.0		__DUMMY__ 0.46121625677974526 neg 0.30405721522433954 off 0.23472652799591537	false	0.5
seiner			__DUMMY__ 0.4643561760012047 neg 0.302779598610204 off 0.23286422538859125	false	0.0
lauch	neg 1.0		__DUMMY__ 0.4617847391693406 neg 0.3098668364498959 off 0.22834842438076353	false	1.0
unwichtig	neg 1.0		__DUMMY__ 0.459806635180406 neg 0.29727061286772566 off 0.24292275195186835	false	1.0
steuerhinterziehung	neg 1.0		__DUMMY__ 0.45904495263828604 neg 0.30683572560208133 off 0.2341193217596326	false	1.0
schock	neg 1.0		__DUMMY__ 0.46498063569132964 neg 0.29734220484526497 off 0.23767715946340554	false	1.0
beule	neg 1.0		__DUMMY__ 0.46130639504818555 neg 0.29459134569666623 off 0.2441022592551482	false	1.0
vergelten	neg 1.0		__DUMMY__ 0.4614223549862941 neg 0.29098508886165514 off 0.24759255615205075	false	1.0
verdorbenheit	neg 1.0		__DUMMY__ 0.46253056046921465 neg 0.3004043391994101 off 0.23706510033137537	false	1.0
trauma	neg 1.0		__DUMMY__ 0.46131807294674004 neg 0.30007462676013474 off 0.23860730029312532	false	1.0
sinnlos	neg 1.0		__DUMMY__ 0.4620405828763307 neg 0.2973044970641972 off 0.24065492005947212	false	1.0
fettsack	off 1.0	off 1.0	off 0.6118268421907839 __DUMMY__ 0.22153669958897332 neg 0.16663645822024292	false	1.0
feige	off 1.0	off 1.0	off 0.6081944263450138 __DUMMY__ 0.22230547910167464 neg 0.16950009455331155	false	1.0
abdanken	neg 1.0		__DUMMY__ 0.45987090087115673 neg 0.3045158061188164 off 0.23561329301002673	false	1.0
wichtigtuer	off 1.0	off 1.0	off 0.6064193408835575 __DUMMY__ 0.2233031077539429 neg 0.17027755136249956	false	1.0
misslingen	neg 1.0		__DUMMY__ 0.4659884677633623 neg 0.293803969241282 off 0.24020756299535556	false	1.0
untreu	off 1.0		__DUMMY__ 0.4592270805496494 neg 0.29654235876461166 off 0.2442305606857388	false	0.5
missmutig	neg 1.0		__DUMMY__ 0.4613001944499512 neg 0.2951417248566245 off 0.24355808069342444	false	1.0
hurenbock	off 1.0		__DUMMY__ 0.4626443042602859 neg 0.29793899879215 off 0.23941669694756404	false	0.5
betrunken	neg 1.0		__DUMMY__ 0.4617135886002896 neg 0.291260903844915 off 0.24702550755479544	false	1.0
korrupt	off 1.0		__DUMMY__ 0.45813942350161546 neg 0.3088128834673845 off 0.2330476930309999	false	0.5
unmut	neg 1.0		__DUMMY__ 0.46317490072668605 neg 0.30814054378960387 off 0.2286845554837101	false	1.0
hackfresse	off 1.0		__DUMMY__ 0.4567512901154568 neg 0.29113955528711116 off 0.2521091545974321	false	0.5
aufblasen	neg 1.0		__DUMMY__ 0.4632921361295376 neg 0.2968142385750512 off 0.23989362529541122	false	1.0
gewaltsam	neg 1.0		__DUMMY__ 0.4617337310169266 neg 0.30201748478134366 off 0.2362487842017297	false	1.0
unbeliebtheit	neg 1.0		__DUMMY__ 0.4550932757855963 neg 0.30448667943717783 off 0.24042004477722587	false	1.0
sturheit	neg 1.0		__DUMMY__ 0.46133415041541 neg 0.30259204475870644 off 0.23607380482588358	false	1.0
kuh	neg 1.0		__DUMMY__ 0.4590658409031057 neg 0.3038512329356931 off 0.23708292616120102	false	1.0
erschrecken	neg 1.0		__DUMMY__ 0.46177613112580707 neg 0.29536756147345045 off 0.2428563074007424	false	1.0
opfer	neg 1.0		__DUMMY__ 0.46338088356042934 neg 0.3027316538351139 off 0.23388746260445675	false	1.0
sinken	neg 1.0		__DUMMY__ 0.46455628946917765 neg 0.305532059002243 off 0.22991165152857934	false	1.0
stinktier	neg 1.0		__DUMMY__ 0.4567387321377165 neg 0.2949086831998521 off 0.24835258466243154	false	1.0
tucke	off 1.0		__DUMMY__ 0.4532782057588358 neg 0.29541479243000546 off 0.25130700181115895	false	0.5
ein			__DUMMY__ 0.4638413590999923 neg 0.2968841715737095 off 0.23927446932629806	false	0.0
abstieg	neg 1.0		__DUMMY__ 0.46487896345230795 neg 0.3018414664058824 off 0.23327957014180972	false	1.0
missverstehen	neg 1.0		__DUMMY__ 0.45964559491304063 neg 0.3003021788853705 off 0.24005222620158886	false	1.0
ergebnislos	neg 1.0		__DUMMY__ 0.4628551494672744 neg 0.30475695906264655 off 0.23238789147007907	false	1.0
unter			__DUMMY__ 0.46969407984901446 neg 0.30444233023878625 off 0.2258635899121994	false	0.0
manipulieren	neg 1.0		__DUMMY__ 0.4628706998029053 neg 0.30529789688081554 off 0.23183140331627924	false	1.0
unbewiesen	neg 1.0		__DUMMY__ 0.4560140022295229 neg 0.3086001767800067 off 0.23538582099047034	false	1.0
verschleppen	neg 1.0		__DUMMY__ 0.4617989825089205 neg 0.30424775059482567 off 0.23395326689625384	false	1.0
weib	off 1.0		__DUMMY__ 0.45608171493310723 neg 0.29218038537847657 off 0.25173789968841614	false	0.5
opposition	neg 1.0		__DUMMY__ 0.4591751809598433 neg 0.30221913670276845 off 0.23860568233738813	false	1.0
verkehrswidrig	neg 1.0	neg 1.0	neg 0.6312850221296566 __DUMMY__ 0.22678113990723314 off 0.14193383796311018	false	1.0
inkorrekt	neg 1.0		__DUMMY__ 0.4558606054979795 neg 0.29973723112211986 off 0.24440216337990073	false	1.0
vermeiden	neg 1.0		__DUMMY__ 0.46665720928733534 neg 0.30585130393662957 off 0.22749148677603517	false	1.0
abweichung	neg 1.0	neg 1.0	neg 0.6424895520729045 __DUMMY__ 0.22508987881003228 off 0.1324205691170633	false	1.0
alkoholisiert	neg 1.0		__DUMMY__ 0.46987983680462614 neg 0.2955491598099754 off 0.23457100338539832	false	1.0
scheiss	off 1.0	off 1.0	off 0.6087979283578226 __DUMMY__ 0.22357048868251916 neg 0.16763158295965813	false	1.0
herausforderung	neg 1.0	neg 1.0	neg 0.6387122172222168 __DUMMY__ 0.22827351441370416 off 0.13301426836407898	false	1.0
pervers	off 1.0		__DUMMY__ 0.45549946282800147 neg 0.2890033188519893 off 0.25549721832000927	false	0.5
wackelig	neg 1.0		__DUMMY__ 0.46665807472711657 neg 0.2969706929957719 off 0.2363712322771115	false	1.0
verwickeln	neg 1.0		__DUMMY__ 0.4600475450185989 neg 0.29986133566263035 off 0.2400911193187707	false	1.0
vorwand	neg 1.0		__DUMMY__ 0.46294435947931645 neg 0.30618313892135546 off 0.23087250159932807	false	1.0
muschi	off 1.0		__DUMMY__ 0.4616994212564697 neg 0.3028228333966903 off 0.23547774534683985	false	0.5
entmutigung	neg 1.0		__DUMMY__ 0.4582270434398272 neg 0.3039136837418536 off 0.23785927281831903	false	1.0
unangemessen	neg 1.0		__DUMMY__ 0.4607638220613524 neg 0.3044445076405248 off 0.23479167029812278	false	1.0
unstetig	neg 1.0		__DUMMY__ 0.4612863711905566 neg 0.30037543203242684 off 0.2383381967770166	false	1.0
entmutigen	neg 1.0		__DUMMY__ 0.4622831310738731 neg 0.298204328027977 off 0.23951254089815	false	1.0
schwanz	neg 1.0		__DUMMY__ 0.4629409974641036 neg 0.30499363998422335 off 0.23206536255167307	false	1.0
verbot	neg 1.0		__DUMMY__ 0.4594446147758311 neg 0.3074328729767586 off 0.23312251224741024	false	1.0
leid	neg 1.0		__DUMMY__ 0.45875384235625155 neg 0.29128224788531715 off 0.24996390975843127	false	1.0
archaisch	neg 1.0		__DUMMY__ 0.4624726856478046 neg 0.3022526286890657 off 0.23527468566312973	false	1.0
gegen			__DUMMY__ 0.46471261195149116 neg 0.30461443556338413 off 0.2306729524851246	false	0.0
scheidung	neg 1.0		__DUMMY__ 0.4557325264627067 neg 0.2845540895959619 off 0.25971338394133153	false	1.0
einschlag	neg 1.0	neg 1.0	neg 0.6359118746166382 __DUMMY__ 0.22365123420046934 off 0.1404368911828925	false	1.0
m			__DUMMY__ 0.46377043330921286 neg 0.3007552501999563 off 0.2354743164908307	false	0.0
abgestanden	neg 1.0		__DUMMY__ 0.46176480961882316 neg 0.3000210300499047 off 0.23821416033127205	false	1.0
schmierig	off 1.0		__DUMMY__ 0.45895527258921 neg 0.2916446565466408 off 0.2494000708641493	false	0.5
unpraktisch	neg 1.0		__DUMMY__ 0.46386764386947793 neg 0.2964904150872456 off 0.23964194104327646	false	1.0
wixxer	off 1.0		__DUMMY__ 0.45466145699536137 neg 0.29046159020147755 off 0.25487695280316097	false	0.5
bezeichnet			__DUMMY__ 0.4611296097554852 neg 0.3020996959631008 off 0.23677069428141395	false	0.0
jammerlappen	off 1.0		__DUMMY__ 0.4600268499144246 neg 0.29678389874796646 off 0.2431892513376089	false	0.5
farce	neg 1.0		__DUMMY__ 0.4589168617458573 neg 0.3071418994046461 off 0.2339412388494967	false	1.0
zwecklos	neg 1.0		__DUMMY__ 0.4614723596722152 neg 0.30351081964518495 off 0.23501682068259983	false	1.0
turbulent	neg 1.0		__DUMMY__ 0.45867566593874765 neg 0.2981918586027671 off 0.24313247545848532	false	1.0
invasion	neg 1.0		__DUMMY__ 0.4618879887870196 neg 0.29743243337352876 off 0.24067957783945165	false	1.0
schuld	neg 1.0		__DUMMY__ 0.46164065821478656 neg 0.2996549430266545 off 0.23870439875855895	false	1.0
risiko	neg 1.0		__DUMMY__ 0.46330408078812896 neg 0.2982813175256627 off 0.23841460168620826	false	1.0
finster	neg 1.0		__DUMMY__ 0.4630509292071808 neg 0.29771505127381137 off 0.23923401951900775	false	1.0
geisteskrank	off 1.0		__DUMMY__ 0.45809037853071954 neg 0.2973127218911466 off 0.2445968995781338	false	0.5
zusammenbrechen	neg 1.0		__DUMMY__ 0.4636480413131603 neg 0.29983781989504554 off 0.23651413879179414	false	1.0
ausbeute	neg 1.0		__DUMMY__ 0.4671312596511241 neg 0.2990943991262667 off 0.2337743412226091	false	1.0
hinterhalt	neg 1.0		__DUMMY__ 0.464101790081761 neg 0.2999814999411333 off 0.23591670997710582	false	1.0
kritik	neg 1.0		__DUMMY__ 0.45931110195826896 neg 0.3068006060900609 off 0.23388829195167016	false	1.0
einschrumpfen	neg 1.0		__DUMMY__ 0.4573946749610193 neg 0.30300050088814534 off 0.2396048241508353	false	1.0
riskant	neg 1.0		__DUMMY__ 0.4619578749606469 neg 0.3050052323175789 off 0.23303689272177427	false	1.0
frustrieren	neg 1.0		__DUMMY__ 0.46289012231347876 neg 0.30343850557326024 off 0.23367137211326108	false	1.0
groll	neg 1.0		__DUMMY__ 0.4626730894835298 neg 0.30220875258899477 off 0.23511815792747542	false	1.0
gibt			__DUMMY__ 0.46277861645954355 neg 0.3014831048339758 off 0.23573827870648062	false	0.0
qualvoll	neg 1.0		__DUMMY__ 0.4627057669538975 neg 0.29508652861414536 off 0.24220770443195724	false	1.0
wackeln	neg 1.0	neg 1.0	neg 0.6380067595297352 __DUMMY__ 0.22593981932471166 off 0.1360534211455532	false	1.0
klagen	neg 1.0		__DUMMY__ 0.4634983565671453 neg 0.30708199772122313 off 0.22941964571163156	false	1.0
bankrott	neg 1.0		__DUMMY__ 0.4612039570086752 neg 0.29653251105557943 off 0.24226353193574526	false	1.0
trauern	neg 1.0		__DUMMY__ 0.46491644856805653 neg 0.30086094046451023 off 0.23422261096743305	false	1.0
ablehnung	neg 1.0		__DUMMY__ 0.45909933720263635 neg 0.30703801918998014 off 0.23386264360738346	false	1.0
stur	neg 1.0		__DUMMY__ 0.4610570898451171 neg 0.2997044427574394 off 0.23923846739744353	false	1.0
aufruhr	neg 1.0		__DUMMY__ 0.46156250346273775 neg 0.30235081695119576 off 0.23608667958606655	false	1.0
melancholie	neg 1.0		__DUMMY__ 0.46450221364354055 neg 0.30004307791122276 off 0.23545470844523683	false	1.0
ist			__DUMMY__ 0.4618873991971806 neg 0.2982068582733761 off 0.23990574252944324	false	0.0
torheit	neg 1.0		__DUMMY__ 0.45973702086903284 neg 0.302549865716972 off 0.2377131134139953	false	1.0
dreckskind	off 1.0		__DUMMY__ 0.4560656552386497 neg 0.2941123054171263 off 0.24982203934422406	false	0.5
umtauschen	neg 1.0		__DUMMY__ 0.46315806494459927 neg 0.29935626067805093 off 0.23748567437734985	false	1.0
zum			__DUMMY__ 0.4709482785879886 neg 0.29967872306021226 off 0.2293729983517991	false	0.0
zersetzen	neg 1.0		__DUMMY__ 0.4615768380544125 neg 0.30722537213752216 off 0.2311977898080654	false	1.0
zur			__DUMMY__ 0.466652732935934 neg 0.30654733904293857 off 0.22679992802112728	false	0.0
frust	neg 1.0		__DUMMY__ 0.4636954986900361 neg 0.29997467318509585 off 0.23632982812486797	false	1.0
unerbittlichkeit	neg 1.0		__DUMMY__ 0.4621967594610017 neg 0.30620259584260523 off 0.2316006446963932	false	1.0
zwei			__DUMMY__ 0.46907796239501814 neg 0.29962439099778504 off 0.23129764660719687	false	0.0
unkorrekt	neg 1.0		__DUMMY__ 0.45658696407826843 neg 0.29799821973370616 off 0.24541481618802524	false	1.0
hexe	off 1.0		__DUMMY__ 0.4603242915073968 neg 0.295601165922298 off 0.2440745425703052	false	0.5
lasch	neg 1.0		__DUMMY__ 0.459073918117877 neg 0.29963588353184106 off 0.241290198350282	false	1.0
rivale	neg 1.0		__DUMMY__ 0.46069355999466993 neg 0.29250499571392335 off 0.2468014442914067	false	1.0
mutlos	off 1.0	off 1.0	off 0.6021178491588581 __DUMMY__ 0.223724678445901 neg 0.17415747239524096	false	1.0
wirr	off 1.0		__DUMMY__ 0.45693622752512925 neg 0.2971834830161632 off 0.24588028945870763	false	0.5
jahr			__DUMMY__ 0.46877927440438893 neg 0.29780839648255425 off 0.23341232911305676	false	0.0
wird			__DUMMY__ 0.46382780102413823 neg 0.30170632553304655 off 0.23446587344281522	false	0.0
strafbar	neg 1.0		__DUMMY__ 0.46139109111627175 neg 0.3056668103357295 off 0.23294209854799888	false	1.0
erosion	neg 1.0		__DUMMY__ 0.4631418401697029 neg 0.2980676673624323 off 0.2387904924678648	false	1.0
eingehen	neg 1.0		__DUMMY__ 0.4612976620660267 neg 0.3046344117543271 off 0.2340679261796462	false	1.0
faul	off 1.0		__DUMMY__ 0.4616892210336635 neg 0.2954842495286103 off 0.24282652943772629	false	0.5
provisorium	neg 1.0		__DUMMY__ 0.46779749052667685 neg 0.30746481194380393 off 0.22473769752951908	false	1.0
schmerzen	neg 1.0		__DUMMY__ 0.46280113349377133 neg 0.29937449072676525 off 0.2378243757794633	false	1.0
schrumpfen	neg 1.0		__DUMMY__ 0.46463799522106053 neg 0.30879137588250816 off 0.22657062889643123	false	1.0
geistlos	off 1.0		__DUMMY__ 0.45681638638796535 neg 0.30424011672347856 off 0.23894349688855618	false	0.5
fehlkauf	neg 1.0		__DUMMY__ 0.4604121675912857 neg 0.3003948444422182 off 0.239192987966496	false	1.0
frustrierend	neg 1.0		__DUMMY__ 0.46232220556127684 neg 0.2947980575170291 off 0.2428797369216941	false	1.0
unzufrieden	neg 1.0		__DUMMY__ 0.46163004387503126 neg 0.30346900665742804 off 0.23490094946754064	false	1.0
verzweifeln	neg 1.0		__DUMMY__ 0.4627426719727374 neg 0.29986140213535345 off 0.2373959258919091	false	1.0
verzweifelt	neg 1.0		__DUMMY__ 0.46106589353959193 neg 0.2996231874919332 off 0.23931091896847495	false	1.0
misstrauensantrag	neg 1.0		__DUMMY__ 0.4596760652936954 neg 0.3007308857555028 off 0.23959304895080183	false	1.0
abfallen	neg 1.0		__DUMMY__ 0.4643287094643706 neg 0.29549621862476033 off 0.24017507191086912	false	1.0
fucker	off 1.0		__DUMMY__ 0.4583862923805047 neg 0.29642599082629095 off 0.2451877167932044	false	0.5
ungezogen	neg 1.0		__DUMMY__ 0.45737747037710347 neg 0.2884777355543824 off 0.25414479406851415	false	1.0
irrsinnig	neg 1.0	neg 1.0	neg 0.6406497792451726 __DUMMY__ 0.22372617177033996 off 0.13562404898448735	false	1.0
unfassbar	neg 1.0		__DUMMY__ 0.4602215328488336 neg 0.29556992985662367 off 0.24420853729454287	false	1.0
hart	neg 1.0		__DUMMY__ 0.45953205635703515 neg 0.29946302819939713 off 0.24100491544356784	false	1.0
widerlich	off 1.0		__DUMMY__ 0.4581376978477645 neg 0.2973320751451687 off 0.24453022700706692	false	0.5
fatal	neg 1.0		__DUMMY__ 0.4605622437060746 neg 0.29979873970292675 off 0.2396390165909987	false	1.0
bruch	neg 1.0		__DUMMY__ 0.46278806696500246 neg 0.30783853418440194 off 0.22937339885059557	false	1.0
aushungern	neg 1.0		__DUMMY__ 0.4596414950873755 neg 0.30515232711859364 off 0.23520617779403077	false	1.0
anspannung	neg 1.0	neg 1.0	neg 0.6406815760143248 __DUMMY__ 0.22905566429882068 off 0.13026275968685444	false	1.0
von			__DUMMY__ 0.46784824218924337 neg 0.30000265243913515 off 0.2321491053716216	false	0.0
kraftlos	neg 1.0		__DUMMY__ 0.4651012745079393 neg 0.298646964197753 off 0.23625176129430772	false	1.0
vom			__DUMMY__ 0.47063625747359356 neg 0.3026891153210772 off 0.22667462720532916	false	0.0
grenzdebil	off 1.0		__DUMMY__ 0.460018925286696 neg 0.2946155852894757 off 0.24536548942382821	false	0.5
vor			__DUMMY__ 0.464835832690238 neg 0.3035502289634642 off 0.23161393834629787	false	0.0
unterwerfen	neg 1.0		__DUMMY__ 0.4631012278709622 neg 0.30345767868613277 off 0.23344109344290506	false	1.0
versenkung	neg 1.0		__DUMMY__ 0.4628058937782859 neg 0.3042574170580907 off 0.23293668916362353	false	1.0
entziehen	neg 1.0		__DUMMY__ 0.4635219425432904 neg 0.3062243824304924 off 0.23025367502621724	false	1.0
finanzkrise	neg 1.0		__DUMMY__ 0.4582536138972441 neg 0.3069969090063597 off 0.2347494770963964	false	1.0
schimpfend	neg 1.0		__DUMMY__ 0.46515833740759227 neg 0.2946539338210242 off 0.24018772877138334	false	1.0
profan	neg 1.0		__DUMMY__ 0.4609776141332912 neg 0.2980436649230881 off 0.24097872094362088	false	1.0
korruption	neg 1.0	neg 1.0	neg 0.6447831495073323 __DUMMY__ 0.2228675690786607 off 0.13234928141400698	false	1.0
â			__DUMMY__ 0.4634713264651476 neg 0.3024983186002189 off 0.23403035493463342	false	0.0
schmutzig	neg 1.0		__DUMMY__ 0.4605733890834218 neg 0.2945924431608778 off 0.2448341677557004	false	1.0
sexy	neg 1.0		__DUMMY__ 0.4609319029157859 neg 0.29739079721851275 off 0.24167729986570133	false	1.0
abraten	neg 1.0		__DUMMY__ 0.4614327777378786 neg 0.2986846992495976 off 0.2398825230125238	false	1.0
schwarz	neg 1.0		__DUMMY__ 0.4608531842401429 neg 0.30011650245811916 off 0.2390303133017379	false	1.0
fotze	off 1.0		__DUMMY__ 0.4619916925703905 neg 0.30507430647222555 off 0.23293400095738392	false	0.5
verwirren	neg 1.0		__DUMMY__ 0.4611492869465686 neg 0.29753610098731215 off 0.24131461206611926	false	1.0
zahnlos	off 1.0		__DUMMY__ 0.4611942829773151 neg 0.30405268813828734 off 0.2347530288843976	false	0.5
verheeren	neg 1.0		__DUMMY__ 0.4568689561008101 neg 0.28818420227486097 off 0.25494684162432896	false	1.0
hippie	neg 1.0		__DUMMY__ 0.46048368709650034 neg 0.298637214060909 off 0.24087909884259065	false	1.0
rammen	neg 1.0		__DUMMY__ 0.46029934484275353 neg 0.3018632533975495 off 0.23783740175969692	false	1.0
unlauter	neg 1.0		__DUMMY__ 0.45768662283031836 neg 0.305723903038662 off 0.23658947413101963	false	1.0
unheilvoll	neg 1.0		__DUMMY__ 0.4635508605569208 neg 0.29526103618089233 off 0.24118810326218687	false	1.0
niedrig	neg 1.0		__DUMMY__ 0.46283170937445467 neg 0.3050757510853821 off 0.23209253954016318	false	1.0
explosion	neg 1.0		__DUMMY__ 0.46036472002749523 neg 0.29947282748953247 off 0.2401624524829721	false	1.0
weichei	off 1.0		__DUMMY__ 0.45677775786052693 neg 0.29299761113482387 off 0.25022463100464915	false	0.5
minusmensch	off 1.0		__DUMMY__ 0.45187898013828454 neg 0.2953682667877971 off 0.25275275307391837	false	0.5
farblos	neg 1.0		__DUMMY__ 0.46584469949757074 neg 0.29651941686607725 off 0.23763588363635196	false	1.0
unwissend	neg 1.0	neg 1.0	neg 0.6384099864453866 __DUMMY__ 0.22312875938461074 off 0.13846125417000255	false	1.0
traurig	neg 1.0		__DUMMY__ 0.4600936000774791 neg 0.29209501435950025 off 0.24781138556302074	false	1.0
senkung	neg 1.0		__DUMMY__ 0.4586688913779697 neg 0.30151637344372795 off 0.2398147351783025	false	1.0
ungleich	neg 1.0	neg 1.0	neg 0.6442946192506831 __DUMMY__ 0.22382770888070172 off 0.1318776718686152	false	1.0
heikel	neg 1.0		__DUMMY__ 0.46208522548090886 neg 0.30627324739405526 off 0.23164152712503586	false	1.0
drosselung	neg 1.0		__DUMMY__ 0.46006802794415064 neg 0.29529555502238064 off 0.24463641703346875	false	1.0
falsch	neg 1.0		__DUMMY__ 0.4608317367919883 neg 0.2965577007313539 off 0.24261056247665794	false	1.0
unzufriedenheit	neg 1.0		__DUMMY__ 0.4628322856994603 neg 0.3059718476182242 off 0.23119586668231554	false	1.0
kurz	neg 1.0		__DUMMY__ 0.46539769941257936 neg 0.29761942210597986 off 0.2369828784814408	false	1.0
unsinnig	neg 1.0		__DUMMY__ 0.4603423048648637 neg 0.30459532625387503 off 0.23506236888126125	false	1.0
penner	off 1.0	off 1.0	off 0.6135954602085357 __DUMMY__ 0.2213935705576735 neg 0.16501096923379086	false	1.0
seicht	neg 1.0		__DUMMY__ 0.45461668966735236 neg 0.2924283077904777 off 0.25295500254217	false	1.0
dummheit	off 1.0	off 1.0	off 0.6064859837757212 __DUMMY__ 0.22284605585032333 neg 0.17066796037395549	false	1.0
unerfreulich	neg 1.0		__DUMMY__ 0.4638744557441913 neg 0.30498674861920555 off 0.23113879563660314	false	1.0
motherfucker	off 1.0	off 1.0	off 0.6091731581340416 __DUMMY__ 0.2219639869756691 neg 0.16886285489028938	false	1.0
pikiert	neg 1.0		__DUMMY__ 0.4581125940213189 neg 0.29873978757578346 off 0.24314761840289772	false	1.0
wrack	neg 1.0		__DUMMY__ 0.4663949600886999 neg 0.2993438022303366 off 0.23426123768096352	false	1.0
gangster	neg 1.0		__DUMMY__ 0.4610783895023197 neg 0.29828027750238767 off 0.2406413329952927	false	1.0
krank	neg 1.0		__DUMMY__ 0.4614758722168985 neg 0.29234273241144726 off 0.24618139537165418	false	1.0
reich	neg 1.0		__DUMMY__ 0.45937187989520417 neg 0.29864713383973396 off 0.24198098626506195	false	1.0
gnadenlos	neg 1.0		__DUMMY__ 0.46192706732360217 neg 0.2992614201711096 off 0.2388115125052883	false	1.0
niedergeschlagen	neg 1.0		__DUMMY__ 0.4639603303366416 neg 0.29929779602878975 off 0.23674187363456875	false	1.0
terrorisieren	off 1.0	off 1.0	off 0.6027940017763367 __DUMMY__ 0.2248239626750701 neg 0.17238203554859322	false	1.0
sinnlosigkeit	neg 1.0		__DUMMY__ 0.46214752770530626 neg 0.30254722780291754 off 0.23530524449177628	false	1.0
behindern	neg 1.0		__DUMMY__ 0.46119786191498086 neg 0.3024633228545329 off 0.2363388152304862	false	1.0
undemokratisch	neg 1.0		__DUMMY__ 0.4583496409055829 neg 0.30446630897287413 off 0.23718405012154295	false	1.0
wirtschaftskrise	neg 1.0		__DUMMY__ 0.46047322772105437 neg 0.306705782139946 off 0.2328209901389997	false	1.0
neid	neg 1.0		__DUMMY__ 0.46381913170943095 neg 0.29167909024174715 off 0.24450177804882178	false	1.0
rutschen	neg 1.0	neg 1.0	neg 0.6398495200691449 __DUMMY__ 0.22870485149361253 off 0.13144562843724258	false	1.0
rezession	neg 1.0		__DUMMY__ 0.4547679100025403 neg 0.2986805173746074 off 0.24655157262285235	false	1.0
fehlgeburt	neg 1.0		__DUMMY__ 0.4629544830137024 neg 0.2965358371296841 off 0.24050967985661348	false	1.0
charakterschwach	off 1.0		__DUMMY__ 0.4591111825862982 neg 0.2964213283396187 off 0.24446748907408303	false	0.5
isolation	neg 1.0		__DUMMY__ 0.4621849875333445 neg 0.2950423577654097 off 0.24277265470124576	false	1.0
ablenkung	neg 1.0		__DUMMY__ 0.462673134733023 neg 0.2989585796612337 off 0.23836828560574336	false	1.0
pech	neg 1.0		__DUMMY__ 0.46192313135734964 neg 0.2955469306924876 off 0.2425299379501628	false	1.0
vermeidung	neg 1.0		__DUMMY__ 0.45835435672764424 neg 0.29728417917899985 off 0.2443614640933559	false	1.0
dominieren	neg 1.0		__DUMMY__ 0.4657751869153668 neg 0.29940619130458396 off 0.23481862178004917	false	1.0
schwindlig	neg 1.0		__DUMMY__ 0.4640950778746126 neg 0.29428321208067265 off 0.24162171004471467	false	1.0
lutscher	neg 1.0	neg 1.0	neg 0.6352585819493971 __DUMMY__ 0.22049789240919665 off 0.14424352564140624	false	1.0
pflicht	neg 1.0		__DUMMY__ 0.4628212021988058 neg 0.3054184800850133 off 0.23176031771618097	false	1.0
faschist	off 1.0		__DUMMY__ 0.4580509063906694 neg 0.30213123293702326 off 0.23981786067230726	false	0.5
verschleudern	neg 1.0		__DUMMY__ 0.45891933882331387 neg 0.30978941179704195 off 0.23129124937964415	false	1.0
wenn			__DUMMY__ 0.460946018952817 neg 0.2961226130257137 off 0.24293136802146933	false	0.0
ehebruch	neg 1.0		__DUMMY__ 0.4615678476608997 neg 0.3049446027939617 off 0.23348754954513853	false	1.0
spott	off 1.0		__DUMMY__ 0.46105518002970913 neg 0.30631310045691107 off 0.23263171951337974	false	0.5
trostlosigkeit	neg 1.0		__DUMMY__ 0.463489670071171 neg 0.30602769665722007 off 0.23048263327160903	false	1.0
lutschen	neg 1.0		__DUMMY__ 0.45918054696382743 neg 0.3011292379247176 off 0.23969021511145497	false	1.0
undiszipliniert	neg 1.0		__DUMMY__ 0.4599015187603675 neg 0.29347795196763604 off 0.24662052927199646	false	1.0
kopfschmerz	neg 1.0		__DUMMY__ 0.4642723932043667 neg 0.299067688666234 off 0.2366599181293994	false	1.0
unvorhergesehen	neg 1.0		__DUMMY__ 0.46721352761960205 neg 0.29782718347334597 off 0.234959288907052	false	1.0
desinteressiert	neg 1.0		__DUMMY__ 0.4588197742769795 neg 0.29513175117360413 off 0.24604847454941647	false	1.0
armselig	off 1.0		__DUMMY__ 0.456969001106016 neg 0.29649074090588357 off 0.2465402579881006	false	0.5
desaster	neg 1.0		__DUMMY__ 0.4627966460877016 neg 0.3084764515812124 off 0.22872690233108603	false	1.0
tod	neg 1.0		__DUMMY__ 0.46366690219743595 neg 0.302263523503979 off 0.2340695742985851	false	1.0
herzlos	neg 1.0		__DUMMY__ 0.45820085319582377 neg 0.2941600430833839 off 0.24763910372079234	false	1.0
unwissenheit	neg 1.0		__DUMMY__ 0.460210156322389 neg 0.3055725444617608 off 0.2342172992158503	false	1.0
widersinnig	neg 1.0	neg 1.0	neg 0.6444472752045574 __DUMMY__ 0.22254071548229484 off 0.13301200931314786	false	1.0
bedenklich	neg 1.0		__DUMMY__ 0.46164992102294466 neg 0.3050727115142938 off 0.23327736746276162	false	1.0
beanstanden	neg 1.0		__DUMMY__ 0.4631227909840758 neg 0.30580224196076844 off 0.23107496705515587	false	1.0
panisch	neg 1.0	neg 1.0	neg 0.6359365876573704 __DUMMY__ 0.22633686692480642 off 0.1377265454178232	false	1.0
debil	off 1.0		__DUMMY__ 0.4653049671842342 neg 0.30900147395924343 off 0.2256935588565224	false	0.5
abstrich	neg 1.0		__DUMMY__ 0.462055430782109 neg 0.3042274636593078 off 0.23371710555858322	false	1.0
primitiv	neg 1.0		__DUMMY__ 0.4581453244598399 neg 0.2967940526161923 off 0.2450606229239678	false	1.0
abschaum	off 1.0	off 1.0	off 0.6080206611533626 __DUMMY__ 0.22280367085923528 neg 0.16917566798740205	false	1.0
provozieren	neg 1.0		__DUMMY__ 0.4608805245382034 neg 0.3009291974427393 off 0.23819027801905743	false	1.0
tot	neg 1.0		__DUMMY__ 0.46343770103672166 neg 0.3031613987866872 off 0.2334009001765912	false	1.0
instabil	neg 1.0		__DUMMY__ 0.45653743665986796 neg 0.29937874552730215 off 0.24408381781283	false	1.0
schwuchtel	off 1.0		__DUMMY__ 0.4522424780210282 neg 0.28931013072469847 off 0.2584473912542733	false	0.5
zerren	neg 1.0		__DUMMY__ 0.46413187073842216 neg 0.29890569572002684 off 0.23696243354155108	false	1.0
kinderficker	off 1.0		__DUMMY__ 0.45588533019312905 neg 0.2949645525436364 off 0.24915011726323452	false	0.5
gefahr	neg 1.0		__DUMMY__ 0.4629789641844543 neg 0.3057123552767944 off 0.2313086805387512	false	1.0
rabiat	neg 1.0		__DUMMY__ 0.46080453549952555 neg 0.3018861861012172 off 0.2373092783992573	false	1.0
verlangsamung	neg 1.0		__DUMMY__ 0.4552853098694037 neg 0.2937470790156941 off 0.2509676111149021	false	1.0
ausgestorben	neg 1.0		__DUMMY__ 0.4634776661790132 neg 0.2989547061073253 off 0.23756762771366144	false	1.0
anklagen	neg 1.0		__DUMMY__ 0.4606659478081316 neg 0.3044490068016371 off 0.2348850453902312	false	1.0
trott	neg 1.0		__DUMMY__ 0.46274591058947967 neg 0.3000602573864716 off 0.23719383202404865	false	1.0
verminderung	neg 1.0		__DUMMY__ 0.45893152046214436 neg 0.29545781007086147 off 0.24561066946699422	false	1.0
nach			__DUMMY__ 0.46999859481899525 neg 0.30053771784145483 off 0.22946368733954992	false	0.0
rost	neg 1.0		__DUMMY__ 0.4572114838100578 neg 0.2926165355315051 off 0.25017198065843727	false	1.0
destruktiv	neg 1.0		__DUMMY__ 0.45965081314678163 neg 0.30403532177834103 off 0.23631386507487734	false	1.0
unzumutbarkeit	neg 1.0		__DUMMY__ 0.46127794450035786 neg 0.2953839504441587 off 0.2433381050554835	false	1.0
labil	off 1.0	off 1.0	off 0.6079070596179913 __DUMMY__ 0.22275957154490064 neg 0.16933336883710803	false	1.0
ziemlich	neg 1.0		__DUMMY__ 0.46128957239647267 neg 0.29358184928893816 off 0.24512857831458912	false	1.0
lachnummer	off 1.0		__DUMMY__ 0.461185160839638 neg 0.3016295745451486 off 0.2371852646152134	false	0.5
oder			__DUMMY__ 0.4637642513616251 neg 0.2974782165555325 off 0.2387575320828424	false	0.0
verfall	neg 1.0		__DUMMY__ 0.4636357114837868 neg 0.310212783573515 off 0.22615150494269812	false	1.0
ausgrenzung	neg 1.0		__DUMMY__ 0.45758658028211713 neg 0.3046613566897705 off 0.2377520630281123	false	1.0
unordnung	neg 1.0		__DUMMY__ 0.46074448882435415 neg 0.295235598925708 off 0.2440199122499379	false	1.0
fehlverhalten	neg 1.0		__DUMMY__ 0.46177452447371026 neg 0.3065289041114623 off 0.2316965714148274	false	1.0
eine			__DUMMY__ 0.464048184528328 neg 0.3041759009453242 off 0.23177591452634766	false	0.0
nille	neg 1.0		__DUMMY__ 0.46193405815517985 neg 0.3019358579196365 off 0.23613008392518364	false	1.0
qual	neg 1.0		__DUMMY__ 0.46240439856221216 neg 0.30078051614705226 off 0.2368150852907356	false	1.0
verschwenden	neg 1.0		__DUMMY__ 0.4618454782489129 neg 0.30423746330190354 off 0.23391705844918337	false	1.0
riesig	neg 1.0	neg 1.0	neg 0.6411494035979707 __DUMMY__ 0.22576164437196755 off 0.13308895203006188	false	1.0
verurteilen	neg 1.0		__DUMMY__ 0.4608463549768683 neg 0.30471525100347885 off 0.23443839401965277	false	1.0
klischee	neg 1.0	neg 1.0	neg 0.6402473128357166 __DUMMY__ 0.22266857441354032 off 0.13708411275074303	false	1.0
diktatorisch	neg 1.0		__DUMMY__ 0.45688836647193587 neg 0.30583333012747527 off 0.23727830340058886	false	1.0
vorhersehbar	neg 1.0	neg 1.0	neg 0.6400190081725042 __DUMMY__ 0.22318312448257827 off 0.1367978673449176	false	1.0
sowie			__DUMMY__ 0.45615282617777214 neg 0.2947174216489125 off 0.24912975217331534	false	0.0
stornieren	neg 1.0		__DUMMY__ 0.4662681208307801 neg 0.2935361051255608 off 0.24019577404365922	false	1.0
besteuerung	neg 1.0		__DUMMY__ 0.45846282469384514 neg 0.3045093852970695 off 0.23702779000908533	false	1.0
ungeschminkt	neg 1.0		__DUMMY__ 0.45847974851585593 neg 0.29729492936849455 off 0.24422532211564946	false	1.0
kritisch	neg 1.0		__DUMMY__ 0.4620742824419671 neg 0.3047260659578003 off 0.23319965160023257	false	1.0
schlamperei	off 1.0		__DUMMY__ 0.4609665629771984 neg 0.3077023074065881 off 0.23133112961621347	false	0.5
sucht	neg 1.0	neg 1.0	neg 0.6402202807341493 __DUMMY__ 0.22478845077131365 off 0.13499126849453716	false	1.0
egoistisch	off 1.0		__DUMMY__ 0.45807978998204874 neg 0.29124969898984954 off 0.25067051102810156	false	0.5
ausbeuter	off 1.0		__DUMMY__ 0.4604955011905683 neg 0.3084888089565798 off 0.2310156898528518	false	0.5
arschgeburt	off 1.0		__DUMMY__ 0.45178369009168623 neg 0.2897764973393245 off 0.25843981256898935	false	0.5
schubs	neg 1.0	neg 1.0	neg 0.6396347158302319 __DUMMY__ 0.2262564175479827 off 0.13410886662178537	false	1.0
unsolide	neg 1.0		__DUMMY__ 0.45464369559188433 neg 0.3083132336043124 off 0.23704307080380313	false	1.0
beschwerde	neg 1.0		__DUMMY__ 0.4606203537953133 neg 0.30796683957742954 off 0.23141280662725708	false	1.0
stocken	neg 1.0		__DUMMY__ 0.46169724350786495 neg 0.30573564872287445 off 0.23256710776926057	false	1.0
isolieren	neg 1.0		__DUMMY__ 0.4612942310867763 neg 0.3048132535221293 off 0.2338925153910944	false	1.0
unheilbar	neg 1.0		__DUMMY__ 0.46315358135541634 neg 0.29807099162608375 off 0.2387754270184998	false	1.0
pisser	off 1.0		__DUMMY__ 0.45809320743200693 neg 0.29663551088417495 off 0.24527128168381826	false	0.5
löschen	neg 1.0		__DUMMY__ 0.4619280937342181 neg 0.30062588741719243 off 0.23744601884858937	false	1.0
durchfallen	neg 1.0		__DUMMY__ 0.46080155565968905 neg 0.3048281387830644 off 0.2343703055572466	false	1.0
wichser	off 1.0		__DUMMY__ 0.45601760278747916 neg 0.2881452808282516 off 0.2558371163842692	false	0.5
terror	neg 1.0		__DUMMY__ 0.4620285791846276 neg 0.2969168135204897 off 0.2410546072948827	false	1.0
krass	neg 1.0		__DUMMY__ 0.4580777109764505 neg 0.29377776425237767 off 0.24814452477117194	false	1.0
revolte	neg 1.0	neg 1.0	neg 0.6418391889121435 __DUMMY__ 0.22246756011718752 off 0.13569325097066898	false	1.0
besorgt	neg 1.0		__DUMMY__ 0.46545334843694686 neg 0.29816606907375826 off 0.23638058248929494	false	1.0
nachlassen	neg 1.0		__DUMMY__ 0.46343044869148825 neg 0.3037072153867666 off 0.2328623359217451	false	1.0
alt	neg 1.0		__DUMMY__ 0.46330712541351543 neg 0.3025907602615173 off 0.23410211432496728	false	1.0
hundesohn	off 1.0		__DUMMY__ 0.4540678936991415 neg 0.292948669052923 off 0.2529834372479354	false	0.5
als			__DUMMY__ 0.4642909294114918 neg 0.2994501088382884 off 0.23625896175021976	false	0.0
abschreckung	neg 1.0		__DUMMY__ 0.46278291986319575 neg 0.30698539393640006 off 0.23023168620040427	false	1.0
unqualifiziert	neg 1.0		__DUMMY__ 0.4579565915321724 neg 0.3016032546313458 off 0.24044015383648185	false	1.0
abgewichst	off 1.0		__DUMMY__ 0.4628083134565597 neg 0.3014666392065967 off 0.23572504733684357	false	0.5
schwer	neg 1.0		__DUMMY__ 0.46268857115442213 neg 0.29943257292639885 off 0.23787885591917898	false	1.0
bedeutungslosigkeit	neg 1.0		__DUMMY__ 0.4625868948862102 neg 0.306055269642776 off 0.23135783547101385	false	1.0
kapitulation	neg 1.0		__DUMMY__ 0.45912571775104993 neg 0.30918067030513846 off 0.23169361194381172	false	1.0
unscharf	neg 1.0		__DUMMY__ 0.46101906939168735 neg 0.2986589701542169 off 0.24032196045409565	false	1.0
schwinden	neg 1.0		__DUMMY__ 0.4630766104867285 neg 0.3055591693382155 off 0.23136422017505587	false	1.0
versklavung	neg 1.0		__DUMMY__ 0.4570464624771526 neg 0.3061127964550633 off 0.236840741067784	false	1.0
schlecht	neg 1.0		__DUMMY__ 0.4613676478980067 neg 0.29335423156260815 off 0.2452781205393851	false	1.0
verhasst	neg 1.0		__DUMMY__ 0.4611494278372155 neg 0.30004834905849065 off 0.23880222310429397	false	1.0
beschweren	neg 1.0		__DUMMY__ 0.46183312932168613 neg 0.2980687680059729 off 0.2400981026723409	false	1.0
scheiden	neg 1.0		__DUMMY__ 0.4675363237971949 neg 0.29224153263906066 off 0.24022214356374447	false	1.0
frustriert	neg 1.0		__DUMMY__ 0.4628521381252181 neg 0.3005283244209305 off 0.23661953745385128	false	1.0
schimmelig	neg 1.0		__DUMMY__ 0.4635731088246068 neg 0.3031159814562857 off 0.23331090971910765	false	1.0
fisch	neg 1.0		__DUMMY__ 0.4672983540825154 neg 0.2995345300638309 off 0.2331671158536536	false	1.0
schmuggel	neg 1.0		__DUMMY__ 0.46555341258827865 neg 0.3021483508452802 off 0.23229823656644122	false	1.0
auffallen	neg 1.0		__DUMMY__ 0.4616851962602452 neg 0.2974146363335228 off 0.24090016740623219	false	1.0
konkurrenz	neg 1.0	neg 1.0	neg 0.6428293582374888 __DUMMY__ 0.22606538535116846 off 0.13110525641134269	false	1.0
teufelskreis	neg 1.0	neg 1.0	neg 0.6416844287876142 __DUMMY__ 0.2239377432447363 off 0.1343778279676495	false	1.0
aufschreien	neg 1.0		__DUMMY__ 0.4605020312195053 neg 0.29919743250020103 off 0.24030053628029371	false	1.0
schuldner	neg 1.0		__DUMMY__ 0.462903361962648 neg 0.3055194791657551 off 0.2315771588715968	false	1.0
missgeburt	off 1.0	off 1.0	off 0.6116344143740327 __DUMMY__ 0.221147677597984 neg 0.16721790802798334	false	1.0
arbeitslos	neg 1.0		__DUMMY__ 0.46098653400476086 neg 0.3042558696626846 off 0.23475759633255444	false	1.0
befallen	neg 1.0		__DUMMY__ 0.46023177592984876 neg 0.30503484232097955 off 0.23473338174917166	false	1.0
miesepetrig	off 1.0	off 1.0	off 0.6092083350387615 __DUMMY__ 0.2238990197620553 neg 0.16689264519918323	false	1.0
alarmieren	neg 1.0		__DUMMY__ 0.45756427526195464 neg 0.30091129177548814 off 0.24152443296255727	false	1.0
ungeduscht	off 1.0		__DUMMY__ 0.46219782588075486 neg 0.2953551315214713 off 0.24244704259777375	false	0.5
knappheit	neg 1.0		__DUMMY__ 0.4602896554942295 neg 0.3074333874303122 off 0.23227695707545837	false	1.0
schlange	neg 1.0		__DUMMY__ 0.4647966843135044 neg 0.29411531621552495 off 0.24108799947097065	false	1.0
harsch	neg 1.0		__DUMMY__ 0.46011326732865143 neg 0.290324863284002 off 0.24956186938734667	false	1.0
lang	neg 1.0		__DUMMY__ 0.4619724169976201 neg 0.30000797593549444 off 0.2380196070668856	false	1.0
ziellos	neg 1.0		__DUMMY__ 0.4647107940565194 neg 0.29967452170697506 off 0.23561468423650558	false	1.0
selbstverliebt	neg 1.0		__DUMMY__ 0.45326871049046064 neg 0.2908370546376995 off 0.2558942348718397	false	1.0
beseitigen	neg 1.0	neg 1.0	neg 0.639613206250144 __DUMMY__ 0.22566731150485475 off 0.13471948224500124	false	1.0
dumm	off 1.0		__DUMMY__ 0.4568182834220433 neg 0.2917686883012612 off 0.2514130282766956	false	0.5
arbeitsloser	neg 1.0		__DUMMY__ 0.4631445754009934 neg 0.3023879326985548 off 0.23446749190045182	false	1.0
blitzen	neg 1.0		__DUMMY__ 0.46043042366320025 neg 0.2985217828665505 off 0.24104779347024907	false	1.0
hilflos	neg 1.0		__DUMMY__ 0.4630620438029785 neg 0.3008284280216953 off 0.23610952817532618	false	1.0
eklig	off 1.0		__DUMMY__ 0.4565945660375366 neg 0.2913011889152263 off 0.25210424504723705	false	0.5
begriff			__DUMMY__ 0.46106449037607544 neg 0.3030930164022028 off 0.23584249322172177	false	0.0
hungersnot	neg 1.0		__DUMMY__ 0.4613196865299607 neg 0.3037222359644487 off 0.2349580775055906	false	1.0
ungesetzlich	neg 1.0		__DUMMY__ 0.4561950209144535 neg 0.3058389018810087 off 0.23796607720453777	false	1.0
verschwendung	neg 1.0		__DUMMY__ 0.46300623273293184 neg 0.30417261380013627 off 0.23282115346693194	false	1.0
schmerzvoll	neg 1.0		__DUMMY__ 0.46203611215010787 neg 0.29786480793093806 off 0.24009907991895404	false	1.0
vorzeitig	neg 1.0		__DUMMY__ 0.4622053524077313 neg 0.29616528061275094 off 0.24162936697951767	false	1.0
unvollkommenheit	neg 1.0		__DUMMY__ 0.4652756962181099 neg 0.29898703994974096 off 0.2357372638321492	false	1.0
intervenieren	neg 1.0		__DUMMY__ 0.4602150126672826 neg 0.3085223356153403 off 0.23126265171737712	false	1.0
banause	off 1.0		__DUMMY__ 0.4544646085358011 neg 0.2916981211042901 off 0.2538372703599087	false	0.5
rebell	neg 1.0		__DUMMY__ 0.46358997347145836 neg 0.30773323090229526 off 0.22867679562624646	false	1.0
unlogisch	neg 1.0		__DUMMY__ 0.4585458603568591 neg 0.2940720219617125 off 0.24738211768142818	false	1.0
leiden	neg 1.0		__DUMMY__ 0.46942780824361197 neg 0.295916138145379 off 0.2346560536110089	false	1.0
abschaffung	neg 1.0		__DUMMY__ 0.45851824582805567 neg 0.3046561353334602 off 0.23682561883848413	false	1.0
sturz	neg 1.0		__DUMMY__ 0.46244229003270027 neg 0.2999518426221835 off 0.23760586734511607	false	1.0
verkleinerung	neg 1.0		__DUMMY__ 0.4561461231310254 neg 0.30477721512394057 off 0.23907666174503395	false	1.0
schmarotzer	off 1.0		__DUMMY__ 0.46050053568690197 neg 0.30508686549208347 off 0.2344125988210146	false	0.5
bestrafung	neg 1.0		__DUMMY__ 0.46139693620280287 neg 0.29934203718107794 off 0.23926102661611925	false	1.0
achtlos	neg 1.0		__DUMMY__ 0.4640627924745779 neg 0.2976072749729662 off 0.23832993255245588	false	1.0
ungeheuer	neg 1.0		__DUMMY__ 0.46358949028100754 neg 0.2940745456568294 off 0.2423359640621631	false	1.0
unaufrichtig	neg 1.0		__DUMMY__ 0.45850761961017766 neg 0.3023878149742748 off 0.23910456541554745	false	1.0
groggy	neg 1.0		__DUMMY__ 0.4596508735837572 neg 0.30019113096903527 off 0.2401579954472075	false	1.0
