unsolidarisch	neg 1.0		__DUMMY__ 0.8706129381717527 neg 0.07524590953374696 off 0.05414115229450037	false	1.0
nachteilig	neg 1.0		__DUMMY__ 0.877419900687764 neg 0.0722834737585804 off 0.05029662555365558	false	1.0
skeptisch	neg 1.0		__DUMMY__ 0.8787102726865785 neg 0.07155255012081455 off 0.04973717719260692	false	1.0
schrecklich	neg 1.0		__DUMMY__ 0.8745836172539838 neg 0.06281668244508326 off 0.0625997003009329	false	1.0
schlapp	neg 1.0	neg 1.0	neg 0.5184344098039194 __DUMMY__ 0.4374198001519197 off 0.044145790044160804	false	1.0
abfall	neg 1.0		__DUMMY__ 0.880390867559249 neg 0.07232341340691877 off 0.047285719033832205	false	1.0
widerspenstig	neg 1.0		__DUMMY__ 0.8787646999179606 neg 0.06743465045319923 off 0.05380064962884012	false	1.0
abrupt	neg 1.0		__DUMMY__ 0.8837956007617754 neg 0.0664194334765223 off 0.04978496576170229	false	1.0
unwirksam	neg 1.0		__DUMMY__ 0.8723568343812438 neg 0.07390440039017465 off 0.053738765228581634	false	1.0
angreifen	neg 1.0	neg 1.0	neg 0.5242134685882053 __DUMMY__ 0.4378378882853945 off 0.03794864312640017	false	1.0
inkonsistent	neg 1.0		__DUMMY__ 0.8767730195343149 neg 0.06879572678543852 off 0.05443125368024659	false	1.0
abrutschen	neg 1.0		__DUMMY__ 0.8805624562766604 neg 0.07180907752668396 off 0.04762846619665556	false	1.0
unsicher	neg 1.0		__DUMMY__ 0.8789396595268231 neg 0.06687270946316598 off 0.054187631010011	false	1.0
bauernkind	off 1.0	off 1.0	off 0.5170383546954942 __DUMMY__ 0.43096743081861655 neg 0.05199421448588924	false	1.0
angreifer	neg 1.0		__DUMMY__ 0.8789918141911585 neg 0.06578177419701071 off 0.05522641161183086	false	1.0
trennen	neg 1.0		__DUMMY__ 0.885140726310073 neg 0.06452271206570463 off 0.050336561624222294	false	1.0
schmutz	neg 1.0		__DUMMY__ 0.8807165019392146 neg 0.06420837434081289 off 0.055075123719972446	false	1.0
inkonsistenz	neg 1.0		__DUMMY__ 0.872869037110162 neg 0.06924332374029445 off 0.05788763914954364	false	1.0
erschreckend	neg 1.0		__DUMMY__ 0.8774616585458349 neg 0.0692667155869831 off 0.05327162586718207	false	1.0
ertrinken	neg 1.0		__DUMMY__ 0.880911036016704 neg 0.0681197960718958 off 0.050969167911400236	false	1.0
pickelface	off 1.0		__DUMMY__ 0.8770785831306696 neg 0.07075428726823833 off 0.0521671296010921	false	0.5
seiner			__DUMMY__ 0.8810793983227095 neg 0.06882500206062624 off 0.0500955996166641	false	0.0
lauch	neg 1.0		__DUMMY__ 0.8777392411570877 neg 0.07485650390458025 off 0.04740425493833201	false	1.0
unwichtig	neg 1.0		__DUMMY__ 0.8749453504357676 neg 0.06664797696760497 off 0.05840667259662739	false	1.0
steuerhinterziehung	neg 1.0		__DUMMY__ 0.8740684699476886 neg 0.07335931441493311 off 0.05257221563737823	false	1.0
schock	neg 1.0		__DUMMY__ 0.8819461448711151 neg 0.0648160480798806 off 0.053237807049004375	false	1.0
beule	neg 1.0		__DUMMY__ 0.8773531854223261 neg 0.06426187991883929 off 0.05838493465883452	false	1.0
vergelten	neg 1.0		__DUMMY__ 0.8775925900119842 off 0.061415741667535655 neg 0.060991668320480086	false	0.5
verdorbenheit	neg 1.0		__DUMMY__ 0.8788507332921205 neg 0.06800684803845011 off 0.053142418669429446	false	1.0
trauma	neg 1.0		__DUMMY__ 0.8769719409580341 neg 0.06809542345129915 off 0.05493263559066667	false	1.0
sinnlos	neg 1.0		__DUMMY__ 0.8779593993903335 neg 0.06583377652523131 off 0.05620682408443518	false	1.0
fettsack	off 1.0	off 1.0	off 0.5183233255182919 __DUMMY__ 0.4324847457935474 neg 0.049191928688160795	false	1.0
feige	off 1.0	off 1.0	off 0.5148462681148714 __DUMMY__ 0.43366155848891985 neg 0.05149217339620876	false	1.0
abdanken	neg 1.0		__DUMMY__ 0.8751503839702174 neg 0.07130823157352234 off 0.053541384456260256	false	1.0
wichtigtuer	off 1.0	off 1.0	off 0.512799882055945 __DUMMY__ 0.43548990513239005 neg 0.05171021281166503	false	1.0
misslingen	neg 1.0		__DUMMY__ 0.8838909681298612 neg 0.06150267236185834 off 0.05460635950828041	false	1.0
untreu	off 1.0		__DUMMY__ 0.8740616325851481 neg 0.06647578321175855 off 0.059462584203093354	false	0.5
missmutig	neg 1.0		__DUMMY__ 0.8770178320987133 neg 0.06464642173204427 off 0.0583357461692424	false	1.0
hurenbock	off 1.0		__DUMMY__ 0.8792198759351803 neg 0.06586507170499377 off 0.05491505235982587	false	0.5
betrunken	neg 1.0		__DUMMY__ 0.8777314922597368 neg 0.061745566676475724 off 0.06052294106378746	false	1.0
korrupt	off 1.0		__DUMMY__ 0.8727243536051369 neg 0.07514860179135466 off 0.052127044603508574	false	0.5
unmut	neg 1.0		__DUMMY__ 0.8795724492390334 neg 0.07287566473726259 off 0.04755188602370401	false	1.0
hackfresse	off 1.0		__DUMMY__ 0.8708890111235033 off 0.06562956546026864 neg 0.0634814234162282	false	1.0
aufblasen	neg 1.0		__DUMMY__ 0.8797162485745721 neg 0.06515480945443076 off 0.05512894197099715	false	1.0
gewaltsam	neg 1.0		__DUMMY__ 0.877738892196504 neg 0.06905533534567464 off 0.05320577245782131	false	1.0
unbeliebtheit	neg 1.0		__DUMMY__ 0.868645284171134 neg 0.07331007970077154 off 0.05804463612809457	false	1.0
sturheit	neg 1.0		__DUMMY__ 0.8770633038418104 neg 0.06956928237385897 off 0.05336741378433065	false	1.0
kuh	neg 1.0		__DUMMY__ 0.8744018383033503 neg 0.07160763085847043 off 0.05399053083817937	false	1.0
erschrecken	neg 1.0		__DUMMY__ 0.8775863074699091 neg 0.06467518064408778 off 0.057738511886003215	false	1.0
opfer	neg 1.0		__DUMMY__ 0.8798697851719787 neg 0.06896456900056691 off 0.05116564582745442	false	1.0
sinken	neg 1.0		__DUMMY__ 0.8816126491960053 neg 0.07048917890221701 off 0.04789817190177763	false	1.0
stinktier	neg 1.0		__DUMMY__ 0.8710164372717573 neg 0.06603658611983487 off 0.06294697660840784	false	1.0
tucke	off 1.0		__DUMMY__ 0.8662647945785479 neg 0.06784603727073837 off 0.06588916815071379	false	0.5
ein			__DUMMY__ 0.8805204802795611 neg 0.06500361405996741 off 0.054475905660471634	false	0.0
abstieg	neg 1.0		__DUMMY__ 0.8820910333965355 neg 0.06761596557230931 off 0.05029300103115523	false	1.0
missverstehen	neg 1.0		__DUMMY__ 0.8747081524655367 neg 0.06881052596053076 off 0.05648132157393257	false	1.0
ergebnislos	neg 1.0		__DUMMY__ 0.8792337525543424 neg 0.0705164493909497 off 0.05024979805470786	false	1.0
unter			__DUMMY__ 0.8885021507511968 neg 0.0680197641811766 off 0.04347808506762661	false	0.0
manipulieren	neg 1.0		__DUMMY__ 0.8792081252667531 neg 0.07092492715969693 off 0.04986694757354991	false	1.0
unbewiesen	neg 1.0		__DUMMY__ 0.8697544670003585 neg 0.07582152824459833 off 0.05442400475504318	false	1.0
verschleppen	neg 1.0		__DUMMY__ 0.8778778546832204 neg 0.07040171721612698 off 0.05172042810065257	false	1.0
weib	off 1.0		__DUMMY__ 0.870082755002745 off 0.0655696729168578 neg 0.06434757208039721	false	1.0
opposition	neg 1.0		__DUMMY__ 0.8741838099110631 neg 0.07045107567843654 off 0.05536511441050031	false	1.0
verkehrswidrig	neg 1.0	neg 1.0	neg 0.5112600334332231 __DUMMY__ 0.44228815867138954 off 0.04645180789538741	false	1.0
inkorrekt	neg 1.0		__DUMMY__ 0.8696635106282922 neg 0.06966173487982646 off 0.060674754491881235	false	1.0
vermeiden	neg 1.0		__DUMMY__ 0.8845385227256618 neg 0.07004129905484319 off 0.04542017821949509	false	1.0
abweichung	neg 1.0	neg 1.0	neg 0.5227197200305781 __DUMMY__ 0.4389303426542253 off 0.03834993731519653	false	1.0
alkoholisiert	neg 1.0		__DUMMY__ 0.8894021579349571 neg 0.061389675058956 off 0.04920816700608678	false	1.0
scheiss	off 1.0	off 1.0	off 0.514463440483005 __DUMMY__ 0.43625554254517335 neg 0.04928101697182169	false	1.0
herausforderung	neg 1.0	neg 1.0	neg 0.5175460769351878 __DUMMY__ 0.4447398694178923 off 0.037714053646919966	false	1.0
pervers	off 1.0		__DUMMY__ 0.8692933446997475 off 0.06842143856285597 neg 0.06228521673739656	false	1.0
wackelig	neg 1.0		__DUMMY__ 0.8844190123503128 neg 0.06397972304810251 off 0.051601264601584665	false	1.0
verwickeln	neg 1.0		__DUMMY__ 0.8752151654404727 neg 0.06834715801228264 off 0.05643767654724464	false	1.0
vorwand	neg 1.0		__DUMMY__ 0.879254790045124 neg 0.0716241979574156 off 0.049121011997460384	false	1.0
muschi	off 1.0		__DUMMY__ 0.877662648619376 neg 0.06968840664372161 off 0.052648944736902466	false	0.5
entmutigung	neg 1.0		__DUMMY__ 0.8729954731971883 neg 0.07147712739228887 off 0.055527399410522885	false	1.0
unangemessen	neg 1.0		__DUMMY__ 0.8762763507434199 neg 0.07117322072782309 off 0.05255042852875706	false	1.0
unstetig	neg 1.0		__DUMMY__ 0.8773635967546377 neg 0.06819486737020151 off 0.054441535875160735	false	1.0
entmutigen	neg 1.0		__DUMMY__ 0.8783852249942137 neg 0.06629319747253133 off 0.05532157753325494	false	1.0
schwanz	neg 1.0		__DUMMY__ 0.8795433662284868 neg 0.07080239837006894 off 0.04965423540144423	false	1.0
verbot	neg 1.0		__DUMMY__ 0.8745757104519544 neg 0.07359090260218314 off 0.05183338694586246	false	1.0
leid	neg 1.0		__DUMMY__ 0.873671560645822 off 0.06349610235753986 neg 0.06283233699663818	false	0.5
archaisch	neg 1.0		__DUMMY__ 0.8786646935144126 neg 0.06906878205871589 off 0.05226652442687152	false	1.0
gegen			__DUMMY__ 0.8816802380962672 neg 0.06966705049922955 off 0.048652711404503265	false	0.0
scheidung	neg 1.0		__DUMMY__ 0.8696738981322922 off 0.07171448448307444 neg 0.05861161738463326	false	0.5
einschlag	neg 1.0	neg 1.0	neg 0.5172493033743375 __DUMMY__ 0.4363701110265158 off 0.04638058559914677	false	1.0
m			__DUMMY__ 0.8803560649131587 neg 0.06770321974433109 off 0.05194071534251029	false	0.0
abgestanden	neg 1.0		__DUMMY__ 0.8780224328251297 neg 0.06805560539414943 off 0.05392196178072091	false	1.0
schmierig	off 1.0		__DUMMY__ 0.8739113610129083 off 0.06307434736940196 neg 0.06301429161768965	false	1.0
unpraktisch	neg 1.0		__DUMMY__ 0.8806563766549252 neg 0.06470309239604181 off 0.054640530949033	false	1.0
wixxer	off 1.0		__DUMMY__ 0.8681392452098309 off 0.06820557303364821 neg 0.06365518175652088	false	1.0
bezeichnet			__DUMMY__ 0.8767723904769025 neg 0.06943803896289184 off 0.05378957056020565	false	0.0
jammerlappen	off 1.0		__DUMMY__ 0.8751910997634282 neg 0.06627056857590585 off 0.05853833166066586	false	0.5
farce	neg 1.0		__DUMMY__ 0.8738917792239289 neg 0.07360357802394134 off 0.052504642752129724	false	1.0
zwecklos	neg 1.0		__DUMMY__ 0.8771419375140594 neg 0.07037462306801401 off 0.05248343941792645	false	1.0
turbulent	neg 1.0		__DUMMY__ 0.8738651602087889 neg 0.06740803035896638 off 0.058726809432244814	false	1.0
invasion	neg 1.0		__DUMMY__ 0.8778113809618339 neg 0.06596351584194696 off 0.05622510319621918	false	1.0
schuld	neg 1.0		__DUMMY__ 0.8774022133183137 neg 0.06759654343092315 off 0.055001243250763186	false	1.0
risiko	neg 1.0		__DUMMY__ 0.8801463000723351 neg 0.06561502499111425 off 0.05423867493655075	false	1.0
finster	neg 1.0		__DUMMY__ 0.8795838203455412 neg 0.06603227412333594 off 0.054383905531122774	false	1.0
geisteskrank	off 1.0		__DUMMY__ 0.8726419885474784 neg 0.0672278809783481 off 0.06013013047417354	false	0.5
zusammenbrechen	neg 1.0		__DUMMY__ 0.8800535603523345 neg 0.06706631892299494 off 0.052880120724670514	false	1.0
ausbeute	neg 1.0		__DUMMY__ 0.8853843153365214 neg 0.06512633852052681 off 0.04948934614295168	false	1.0
hinterhalt	neg 1.0		__DUMMY__ 0.8812228962758283 neg 0.06670677014509746 off 0.052070333579074264	false	1.0
kritik	neg 1.0		__DUMMY__ 0.874419491658965 neg 0.07319765111715115 off 0.05238285722388377	false	1.0
einschrumpfen	neg 1.0		__DUMMY__ 0.8717655434946403 neg 0.0715337943173572 off 0.05670066218800247	false	1.0
riskant	neg 1.0		__DUMMY__ 0.8777126056334112 neg 0.07134126743132285 off 0.050946126935265915	false	1.0
frustrieren	neg 1.0		__DUMMY__ 0.8790853444073538 neg 0.06982022624617575 off 0.05109442934647056	false	1.0
groll	neg 1.0		__DUMMY__ 0.8789309184052291 neg 0.06882221545573772 off 0.05224686613903329	false	1.0
gibt			__DUMMY__ 0.8788074048958178 neg 0.06856388213822076 off 0.05262871296596145	false	0.0
qualvoll	neg 1.0		__DUMMY__ 0.8789272661022363 neg 0.06409982422922919 off 0.05697290966853453	false	1.0
wackeln	neg 1.0	neg 1.0	neg 0.5183787298463671 __DUMMY__ 0.4402585772207915 off 0.04136269293284153	false	1.0
klagen	neg 1.0		__DUMMY__ 0.8801629170587412 neg 0.07186408414495209 off 0.04797299879630673	false	1.0
bankrott	neg 1.0		__DUMMY__ 0.8768608722264342 neg 0.06578221506431767 off 0.05735691270924809	false	1.0
trauern	neg 1.0		__DUMMY__ 0.8820713627104767 neg 0.0669995983314884 off 0.05092903895803497	false	1.0
ablehnung	neg 1.0		__DUMMY__ 0.8741104967325782 neg 0.0734253854254614 off 0.05246411784196033	false	1.0
stur	neg 1.0		__DUMMY__ 0.8765889765135598 neg 0.06788955242840394 off 0.05552147105803617	false	1.0
aufruhr	neg 1.0		__DUMMY__ 0.8775302479968051 neg 0.06926483086137598 off 0.05320492114181885	false	1.0
melancholie	neg 1.0		__DUMMY__ 0.8814998345387003 neg 0.06701065857727506 off 0.051489506884024636	false	1.0
ist			__DUMMY__ 0.8776634574816894 neg 0.06665161762046468 off 0.05568492489784596	false	0.0
torheit	neg 1.0		__DUMMY__ 0.8750025357779786 neg 0.07007565956538397 off 0.054921804656637416	false	1.0
dreckskind	off 1.0		__DUMMY__ 0.8700543158917496 neg 0.06570693048182678 off 0.06423875362642358	false	0.5
umtauschen	neg 1.0		__DUMMY__ 0.8796655078642285 neg 0.06714047397879759 off 0.05319401815697401	false	1.0
zum			__DUMMY__ 0.8903113880512274 neg 0.06416556685884686 off 0.04552304508992563	false	0.0
zersetzen	neg 1.0		__DUMMY__ 0.8773549202996934 neg 0.07292079295471995 off 0.04972428674558659	false	1.0
zur			__DUMMY__ 0.8843929108710085 neg 0.07049802748156998 off 0.04510906164742152	false	0.0
frust	neg 1.0		__DUMMY__ 0.8800847511544919 neg 0.06712252749427074 off 0.05279272135123737	false	1.0
unerbittlichkeit	neg 1.0		__DUMMY__ 0.8782684145299247 neg 0.07188713015087665 off 0.04984445531919864	false	1.0
zwei			__DUMMY__ 0.8875912717322594 neg 0.06497404388671815 off 0.04743468438102239	false	0.0
unkorrekt	neg 1.0		__DUMMY__ 0.8707632348094168 neg 0.06814223707082025 off 0.061094528119762875	false	1.0
hexe	off 1.0		__DUMMY__ 0.8759556501217785 neg 0.0652622935330084 off 0.05878205634521316	false	0.5
lasch	neg 1.0		__DUMMY__ 0.8739649525486436 neg 0.0684909406667044 off 0.05754410678465197	false	1.0
rivale	neg 1.0		__DUMMY__ 0.8764936248686258 neg 0.06272562634877137 off 0.06078074878260275	false	1.0
mutlos	off 1.0	off 1.0	off 0.5086855113854427 __DUMMY__ 0.4362711135263148 neg 0.05504337508824246	false	1.0
wirr	off 1.0		__DUMMY__ 0.8711787364039427 neg 0.0675898876068229 off 0.061231375989234435	false	0.5
jahr			__DUMMY__ 0.8873983017741154 neg 0.06361741388084799 off 0.0489842843450366	false	0.0
wird			__DUMMY__ 0.8803182118232815 neg 0.06837884695434802 off 0.051302941222370536	false	0.0
strafbar	neg 1.0		__DUMMY__ 0.8772117435350126 neg 0.07167642943468407 off 0.05111182703030326	false	1.0
erosion	neg 1.0		__DUMMY__ 0.8795037682168236 neg 0.06603932760042777 off 0.054456904182748705	false	1.0
eingehen	neg 1.0		__DUMMY__ 0.8768060177458189 neg 0.07129374946602657 off 0.05190023278815447	false	1.0
faul	off 1.0		__DUMMY__ 0.8776840043635716 neg 0.06484791765950856 off 0.05746807797691974	false	0.5
provisorium	neg 1.0		__DUMMY__ 0.8858578835987813 neg 0.07105573617759373 off 0.04308638022362501	false	1.0
schmerzen	neg 1.0		__DUMMY__ 0.8791668499263957 neg 0.06728828920660987 off 0.05354486086699442	false	1.0
schrumpfen	neg 1.0		__DUMMY__ 0.8816325690560476 neg 0.0728261750396526 off 0.04554125590429979	false	1.0
geistlos	off 1.0		__DUMMY__ 0.8708791686972605 neg 0.07248118101814569 off 0.056639650284593855	false	0.5
fehlkauf	neg 1.0		__DUMMY__ 0.8758749094030189 neg 0.06852915691128283 off 0.05559593368569822	false	1.0
frustrierend	neg 1.0		__DUMMY__ 0.8783648361094225 neg 0.06396425229495001 off 0.05767091159562742	false	1.0
unzufrieden	neg 1.0		__DUMMY__ 0.8772755567557039 neg 0.07033767527616439 off 0.05238676796813174	false	1.0
verzweifeln	neg 1.0		__DUMMY__ 0.8788090255496785 neg 0.06743100206907138 off 0.05375997238125011	false	1.0
verzweifelt	neg 1.0		__DUMMY__ 0.8764698768290938 neg 0.06797996449105231 off 0.055550158679853946	false	1.0
misstrauensantrag	neg 1.0		__DUMMY__ 0.87482783269326 neg 0.06925653518770286 off 0.055915632119037134	false	1.0
abfallen	neg 1.0		__DUMMY__ 0.8812287909952162 neg 0.06385675580814286 off 0.05491445319664092	false	1.0
fucker	off 1.0		__DUMMY__ 0.8728826213930065 neg 0.06659834167592071 off 0.060519036931072745	false	0.5
ungezogen	neg 1.0		__DUMMY__ 0.8718833236141317 off 0.0668722515616677 neg 0.06124442482420062	false	0.5
irrsinnig	neg 1.0	neg 1.0	neg 0.5219985595959175 __DUMMY__ 0.4361339715150435 off 0.04186746888903906	false	1.0
unfassbar	neg 1.0		__DUMMY__ 0.875472348644811 neg 0.06536684537533646 off 0.059160805979852495	false	1.0
hart	neg 1.0		__DUMMY__ 0.8750399817432394 neg 0.0680851602301472 off 0.0568748580266135	false	1.0
widerlich	off 1.0		__DUMMY__ 0.8726862338766527 neg 0.06732510690140873 off 0.05998865922193865	false	0.5
fatal	neg 1.0		__DUMMY__ 0.8759322978383736 neg 0.06814531180188162 off 0.05592239035974481	false	1.0
bruch	neg 1.0		__DUMMY__ 0.8790901770732893 neg 0.07274866825724736 off 0.04816115466946339	false	1.0
aushungern	neg 1.0		__DUMMY__ 0.8748472736258118 neg 0.07178344410041525 off 0.053369282273772856	false	1.0
anspannung	neg 1.0	neg 1.0	neg 0.5191944058738166 __DUMMY__ 0.4460186177328256 off 0.03478697639335777	false	1.0
von			__DUMMY__ 0.886140413169434 neg 0.06548391474713933 off 0.048375672083426725	false	0.0
kraftlos	neg 1.0		__DUMMY__ 0.8821882894488531 neg 0.06567480973012879 off 0.0521369008210182	false	1.0
vom			__DUMMY__ 0.8898338244957807 neg 0.06654918601866049 off 0.043616989485558776	false	0.0
grenzdebil	off 1.0		__DUMMY__ 0.8752593300047359 neg 0.064751379590387 off 0.05998929040487706	false	0.5
vor			__DUMMY__ 0.8816445386889298 neg 0.06928181197442752 off 0.04907364933664261	false	0.0
unterwerfen	neg 1.0		__DUMMY__ 0.8796092251265057 neg 0.06949464832528678 off 0.050896126548207424	false	1.0
versenkung	neg 1.0		__DUMMY__ 0.8788722304810282 neg 0.07042291262131883 off 0.05070485689765291	false	1.0
entziehen	neg 1.0		__DUMMY__ 0.8800414165587898 neg 0.07141548349631796 off 0.04854309994489237	false	1.0
finanzkrise	neg 1.0		__DUMMY__ 0.8729850076680891 neg 0.0739225186149358 off 0.05309247371697512	false	1.0
schimpfend	neg 1.0		__DUMMY__ 0.8825703714645048 neg 0.06284957358382547 off 0.05458005495166975	false	1.0
profan	neg 1.0		__DUMMY__ 0.8764925398132287 neg 0.0668783451475756 off 0.05662911503919574	false	1.0
korruption	neg 1.0	neg 1.0	neg 0.5260042480723169 __DUMMY__ 0.4347900387204166 off 0.03920571320726652	false	1.0
â			__DUMMY__ 0.8799619214724019 neg 0.0690677357618406 off 0.05097034276575746	false	0.0
schmutzig	neg 1.0		__DUMMY__ 0.8759852818939479 neg 0.0645801326000271 off 0.059434585506025074	false	1.0
sexy	neg 1.0		__DUMMY__ 0.8764327902945915 neg 0.06636037556908533 off 0.05720683413632316	false	1.0
abraten	neg 1.0		__DUMMY__ 0.8771473485298393 neg 0.06718391160761975 off 0.055668739862540874	false	1.0
schwarz	neg 1.0		__DUMMY__ 0.8763504249153677 neg 0.06828216577609142 off 0.05536740930854086	false	1.0
fotze	off 1.0		__DUMMY__ 0.8780699192284154 neg 0.07124446101519458 off 0.05068561975639006	false	0.5
verwirren	neg 1.0		__DUMMY__ 0.8767011197692831 neg 0.0664062967520567 off 0.05689258347866019	false	1.0
zahnlos	off 1.0		__DUMMY__ 0.8767624643559763 neg 0.07083001626886813 off 0.05240751937515561	false	0.5
verheeren	neg 1.0		__DUMMY__ 0.8711681156910005 off 0.06786601269648758 neg 0.06096587161251192	false	0.5
hippie	neg 1.0		__DUMMY__ 0.8757883536361656 neg 0.06739468326390438 off 0.05681696309993008	false	1.0
rammen	neg 1.0		__DUMMY__ 0.8758747719119444 neg 0.06989120750372703 off 0.05423402058432857	false	1.0
unlauter	neg 1.0		__DUMMY__ 0.8722211239178026 neg 0.0732411083713693 off 0.054537767710828175	false	1.0
unheilvoll	neg 1.0		__DUMMY__ 0.8803389731984912 neg 0.06379240202730595 off 0.05586862477420276	false	1.0
niedrig	neg 1.0		__DUMMY__ 0.8793954260865937 neg 0.07089301930951988 off 0.0497115546038864	false	1.0
explosion	neg 1.0		__DUMMY__ 0.8757382929849402 neg 0.06803604049815909 off 0.0562256665169006	false	1.0
weichei	off 1.0		__DUMMY__ 0.8708894697504179 neg 0.06490191129283618 off 0.06420861895674589	false	0.5
minusmensch	off 1.0		__DUMMY__ 0.8641122645933444 neg 0.06797212575265497 off 0.06791560965400058	false	0.5
farblos	neg 1.0		__DUMMY__ 0.8839463952434873 neg 0.06346187209115751 off 0.05259173266535512	false	1.0
unwissend	neg 1.0	neg 1.0	neg 0.520143219627947 __DUMMY__ 0.4351673477195199 off 0.04468943265253306	false	1.0
traurig	neg 1.0		__DUMMY__ 0.8754054804186056 neg 0.06289890075499195 off 0.061695618826402406	false	1.0
senkung	neg 1.0		__DUMMY__ 0.8735355383133036 neg 0.07008900818902784 off 0.05637545349766858	false	1.0
ungleich	neg 1.0	neg 1.0	neg 0.525187807329101 __DUMMY__ 0.4364596468457096 off 0.03835254582518957	false	1.0
heikel	neg 1.0		__DUMMY__ 0.8780323439669389 neg 0.07210804886389942 off 0.04985960716916175	false	1.0
drosselung	neg 1.0		__DUMMY__ 0.8755607019433228 neg 0.06509432851768326 off 0.059344969538994034	false	1.0
falsch	neg 1.0		__DUMMY__ 0.8763899074220198 neg 0.06577215431160165 off 0.05783793826637862	false	1.0
unzufriedenheit	neg 1.0		__DUMMY__ 0.8790842856863627 neg 0.07147691667907193 off 0.049438797634565365	false	1.0
kurz	neg 1.0		__DUMMY__ 0.8825581266653 neg 0.06497001636707413 off 0.052471856967625866	false	1.0
unsinnig	neg 1.0		__DUMMY__ 0.8756126904756498 neg 0.07158267159654914 off 0.052804637927800914	false	1.0
penner	off 1.0	off 1.0	off 0.5201768248346935 __DUMMY__ 0.4319958999427727 neg 0.04782727522253369	false	1.0
seicht	neg 1.0		__DUMMY__ 0.8679146956562198 off 0.06702479159775404 neg 0.06506051274602616	false	0.5
dummheit	off 1.0	off 1.0	off 0.5130132445836759 __DUMMY__ 0.4346116441948146 neg 0.05237511122150958	false	1.0
unerfreulich	neg 1.0		__DUMMY__ 0.8804987813428916 neg 0.07060026785931599 off 0.048900950797792324	false	1.0
motherfucker	off 1.0	off 1.0	off 0.515945967839115 __DUMMY__ 0.43294086948934196 neg 0.051113162671543144	false	1.0
pikiert	neg 1.0		__DUMMY__ 0.8726507781136317 neg 0.06833514393721292 off 0.059014077949155454	false	1.0
wrack	neg 1.0		__DUMMY__ 0.8845043255858932 neg 0.06536482442038424 off 0.05013084999372255	false	1.0
gangster	neg 1.0		__DUMMY__ 0.8766571683990755 neg 0.0669246649644196 off 0.05641816663650503	false	1.0
krank	neg 1.0		__DUMMY__ 0.8773744121883934 neg 0.06261795605118727 off 0.060007631760419324	false	1.0
reich	neg 1.0		__DUMMY__ 0.8747037316206289 neg 0.06755495451514452 off 0.057741313864226505	false	1.0
gnadenlos	neg 1.0		__DUMMY__ 0.8777062033507405 neg 0.06727773171727348 off 0.05501606493198595	false	1.0
niedergeschlagen	neg 1.0		__DUMMY__ 0.8805954227132441 neg 0.06658255033591555 off 0.052822026950840435	false	1.0
terrorisieren	off 1.0	off 1.0	off 0.5089225672848342 __DUMMY__ 0.4382409208064885 neg 0.05283651190867721	false	1.0
sinnlosigkeit	neg 1.0		__DUMMY__ 0.8780676734312367 neg 0.06945885460859874 off 0.05247347196016451	false	1.0
behindern	neg 1.0		__DUMMY__ 0.8768287616080778 neg 0.06994088078255657 off 0.05323035760936561	false	1.0
undemokratisch	neg 1.0		__DUMMY__ 0.8731216752267342 neg 0.07185245968153978 off 0.055025865091726016	false	1.0
wirtschaftskrise	neg 1.0		__DUMMY__ 0.8760401909054744 neg 0.07277492600091803 off 0.05118488309360764	false	1.0
neid	neg 1.0		__DUMMY__ 0.8806543072706302 neg 0.06110882738712856 off 0.05823686534224125	false	1.0
rutschen	neg 1.0	neg 1.0	neg 0.5187580736360976 __DUMMY__ 0.44534441586026063 off 0.03589751050364181	false	1.0
rezession	neg 1.0		__DUMMY__ 0.8680562987071392 neg 0.06947705459710468 off 0.06246664669575615	false	1.0
fehlgeburt	neg 1.0		__DUMMY__ 0.8797100342280871 neg 0.06463608523079525 off 0.05565388054111762	false	1.0
charakterschwach	off 1.0		__DUMMY__ 0.8740897167863055 neg 0.06615432755095038 off 0.059755955662744005	false	0.5
isolation	neg 1.0		__DUMMY__ 0.8782682737407657 neg 0.06418358738474526 off 0.05754813887448898	false	1.0
ablenkung	neg 1.0		__DUMMY__ 0.8787425412520072 neg 0.06690263190541099 off 0.05435482684258183	false	1.0
pech	neg 1.0		__DUMMY__ 0.8780907992489762 neg 0.0647746509020837 off 0.05713454984894012	false	1.0
vermeidung	neg 1.0		__DUMMY__ 0.8729598246591944 neg 0.06737035292397842 off 0.059669822416827244	false	1.0
dominieren	neg 1.0		__DUMMY__ 0.8833732885481586 neg 0.06563038845360995 off 0.05099632299823146	false	1.0
schwindlig	neg 1.0		__DUMMY__ 0.8810857829643622 neg 0.06306309795559836 off 0.055851119080039355	false	1.0
lutscher	neg 1.0	neg 1.0	neg 0.5183623465180327 __DUMMY__ 0.4305205782409854 off 0.051117075240981906	false	1.0
pflicht	neg 1.0		__DUMMY__ 0.8789374359449558 neg 0.07116892500360104 off 0.049893639051443305	false	1.0
faschist	off 1.0		__DUMMY__ 0.8727505114474851 neg 0.07028116657176063 off 0.05696832198075434	false	0.5
verschleudern	neg 1.0		__DUMMY__ 0.8738011045892784 neg 0.07569660995358529 off 0.05050228545713629	false	1.0
wenn			__DUMMY__ 0.8764336069622747 neg 0.06550224607694596 off 0.05806414696077941	false	0.0
ehebruch	neg 1.0		__DUMMY__ 0.87747457837615 neg 0.07110485462031363 off 0.051420567003536394	false	1.0
spott	off 1.0		__DUMMY__ 0.876727542707008 neg 0.0722891207417611 off 0.05098333655123079	false	0.5
trostlosigkeit	neg 1.0		__DUMMY__ 0.8800623550022457 neg 0.07130232891532232 off 0.04863531608243195	false	1.0
lutschen	neg 1.0		__DUMMY__ 0.874315052896694 neg 0.06942638683882425 off 0.05625856026448185	false	1.0
undiszipliniert	neg 1.0		__DUMMY__ 0.875207572916311 neg 0.06393611007159189 off 0.06085631701209704	false	1.0
kopfschmerz	neg 1.0		__DUMMY__ 0.8812581970733557 neg 0.06643713734995428 off 0.052304665576689925	false	1.0
unvorhergesehen	neg 1.0		__DUMMY__ 0.8852898840282187 neg 0.06436511538297367 off 0.050345000588807504	false	1.0
desinteressiert	neg 1.0		__DUMMY__ 0.8736419929165893 neg 0.06552422625447261 off 0.0608337808289381	false	1.0
armselig	off 1.0		__DUMMY__ 0.8710586054751539 neg 0.0671373172796384 off 0.06180407724520771	false	0.5
desaster	neg 1.0		__DUMMY__ 0.8790566453649928 neg 0.07321967939519806 off 0.04772367523980904	false	1.0
tod	neg 1.0		__DUMMY__ 0.8806026985159062 neg 0.06852375845726488 off 0.05087354302682892	false	1.0
herzlos	neg 1.0		__DUMMY__ 0.8727560365095504 neg 0.06510164226985805 off 0.062142321220591594	false	1.0
unwissenheit	neg 1.0		__DUMMY__ 0.8755094317794413 neg 0.07221056497514336 off 0.05228000324541544	false	1.0
widersinnig	neg 1.0	neg 1.0	neg 0.5258389905270294 __DUMMY__ 0.43415038514320986 off 0.04001062432976078	false	1.0
bedenklich	neg 1.0		__DUMMY__ 0.8774247995663976 neg 0.07139848974672369 off 0.051176710686878735	false	1.0
beanstanden	neg 1.0		__DUMMY__ 0.8795043148254853 neg 0.07122153121581104 off 0.04927415395870365	false	1.0
panisch	neg 1.0	neg 1.0	neg 0.5162075741413932 __DUMMY__ 0.4411035581960893 off 0.042688867662517525	false	1.0
debil	off 1.0		__DUMMY__ 0.8826532749757285 neg 0.07286083407292043 off 0.044485890951351074	false	0.5
abstrich	neg 1.0		__DUMMY__ 0.8786416538870914 neg 0.070942039670576 off 0.05041630644233266	false	1.0
primitiv	neg 1.0		__DUMMY__ 0.8727127345984191 neg 0.06689151556125304 off 0.0603957498403279	false	1.0
abschaum	off 1.0	off 1.0	off 0.5145286109890808 __DUMMY__ 0.43461963299083634 neg 0.05085175602008288	false	1.0
provozieren	neg 1.0		__DUMMY__ 0.8763674060950155 neg 0.0687808099558282 off 0.05485178394915637	false	1.0
tot	neg 1.0		__DUMMY__ 0.8804616241268205 neg 0.06929501560809753 off 0.05024336026508188	false	1.0
instabil	neg 1.0		__DUMMY__ 0.8706152964745036 neg 0.06928901371922497 off 0.06009568980627126	false	1.0
schwuchtel	off 1.0		__DUMMY__ 0.8646889453372114 off 0.07170346538399264 neg 0.06360758927879599	false	1.0
zerren	neg 1.0		__DUMMY__ 0.8807707217371515 neg 0.06617660914276191 off 0.053052669120086465	false	1.0
kinderficker	off 1.0		__DUMMY__ 0.8698107007242999 neg 0.06614599609361363 off 0.06404330318208654	false	0.5
gefahr	neg 1.0		__DUMMY__ 0.8793699752087526 neg 0.07110485871989665 off 0.04952516607135079	false	1.0
rabiat	neg 1.0		__DUMMY__ 0.8761311959231524 neg 0.0696330733755493 off 0.05423573070129833	false	1.0
verlangsamung	neg 1.0		__DUMMY__ 0.8689397266021108 neg 0.06554909874316825 off 0.06551117465472084	false	1.0
ausgestorben	neg 1.0		__DUMMY__ 0.8799100186916479 neg 0.06648403551238445 off 0.05360594579596777	false	1.0
anklagen	neg 1.0		__DUMMY__ 0.8763130898680729 neg 0.07101368191715993 off 0.05267322821476729	false	1.0
trott	neg 1.0		__DUMMY__ 0.878943361104894 neg 0.06760664674441091 off 0.053449992150695104	false	1.0
verminderung	neg 1.0		__DUMMY__ 0.873811712028696 neg 0.06581918979739232 off 0.060369098173911735	false	1.0
nach			__DUMMY__ 0.8889130267387328 neg 0.06516855363565623 off 0.0459184196256109	false	0.0
rost	neg 1.0		__DUMMY__ 0.8718595419157849 off 0.06419477190551329 neg 0.06394568617870183	false	0.5
destruktiv	neg 1.0		__DUMMY__ 0.8747606426882968 neg 0.07134608863297875 off 0.05389326867872443	false	1.0
unzumutbarkeit	neg 1.0		__DUMMY__ 0.8772827373522177 neg 0.06457161062059802 off 0.05814565202718432	false	1.0
labil	off 1.0	off 1.0	off 0.51446962685092 __DUMMY__ 0.4344188419486646 neg 0.05111153120041532	false	1.0
ziemlich	neg 1.0		__DUMMY__ 0.8769864395636797 neg 0.06353766447941313 off 0.0594758959569072	false	1.0
lachnummer	off 1.0		__DUMMY__ 0.8768016672747249 neg 0.06898169962558855 off 0.054216633099686544	false	0.5
oder			__DUMMY__ 0.8803328218503564 neg 0.06549714559884494 off 0.054170032550798636	false	0.0
verfall	neg 1.0		__DUMMY__ 0.8802385127450583 neg 0.07425772804637659 off 0.04550375920856514	false	1.0
ausgrenzung	neg 1.0		__DUMMY__ 0.872067884494375 neg 0.0723049133454883 off 0.05562720216013668	false	1.0
unordnung	neg 1.0		__DUMMY__ 0.8767603030496051 neg 0.06447400855537355 off 0.05876568839502134	false	1.0
fehlverhalten	neg 1.0		__DUMMY__ 0.8776650476617802 neg 0.07218670860744761 off 0.05014824373077219	false	1.0
eine			__DUMMY__ 0.8805732639688819 neg 0.07010975081632075 off 0.04931698521479735	false	0.0
nille	neg 1.0		__DUMMY__ 0.8779105260403255 neg 0.06896311357223174 off 0.05312636038744285	false	1.0
qual	neg 1.0		__DUMMY__ 0.8784720472759433 neg 0.06822213916549467 off 0.05330581355856205	false	1.0
verschwenden	neg 1.0		__DUMMY__ 0.8775923737888327 neg 0.07094930907816147 off 0.051458317133005894	false	1.0
riesig	neg 1.0	neg 1.0	neg 0.5212011209823654 __DUMMY__ 0.44023892921163355 off 0.03855994980600107	false	1.0
verurteilen	neg 1.0		__DUMMY__ 0.876468146539212 neg 0.07118610621858414 off 0.05234574724220388	false	1.0
klischee	neg 1.0	neg 1.0	neg 0.5221339087218215 __DUMMY__ 0.4342194879735316 off 0.04364660330464694	false	1.0
diktatorisch	neg 1.0		__DUMMY__ 0.87109302317463 neg 0.07335524466198164 off 0.055551732163388344	false	1.0
vorhersehbar	neg 1.0	neg 1.0	neg 0.5215562585236647 __DUMMY__ 0.4352159324995346 off 0.04322780897680057	false	1.0
sowie			__DUMMY__ 0.870008473520792 neg 0.06615401685126612 off 0.06383750962794188	false	0.0
stornieren	neg 1.0		__DUMMY__ 0.8841801780770732 neg 0.061267949863306186 off 0.05455187205962066	false	1.0
besteuerung	neg 1.0		__DUMMY__ 0.8732756198299056 neg 0.07229507713638382 off 0.054429303033710665	false	1.0
ungeschminkt	neg 1.0		__DUMMY__ 0.8734119505590642 neg 0.06723956571201758 off 0.05934848372891827	false	1.0
kritisch	neg 1.0		__DUMMY__ 0.8780701710814734 neg 0.07084190942829552 off 0.05108791949023102	false	1.0
schlamperei	off 1.0		__DUMMY__ 0.8766862481848161 neg 0.07323739185457465 off 0.05007635996060916	false	0.5
sucht	neg 1.0	neg 1.0	neg 0.520882834499733 __DUMMY__ 0.4385387403173649 off 0.04057842518290207	false	1.0
egoistisch	off 1.0		__DUMMY__ 0.8727212449366774 off 0.064344469235342 neg 0.06293428582798072	false	1.0
ausbeuter	off 1.0		__DUMMY__ 0.8759318842582793 neg 0.07406461061750888 off 0.05000350512421187	false	0.5
arschgeburt	off 1.0		__DUMMY__ 0.8640284388106176 off 0.07198314787294194 neg 0.06398841331644038	false	1.0
schubs	neg 1.0	neg 1.0	neg 0.519741894078051 __DUMMY__ 0.4411282479396162 off 0.03912985798233283	false	1.0
unsolide	neg 1.0		__DUMMY__ 0.8679123342906002 neg 0.0761912441869604 off 0.05589642152243943	false	1.0
beschwerde	neg 1.0		__DUMMY__ 0.8761962305675809 neg 0.07365041051635766 off 0.05015335891606149	false	1.0
stocken	neg 1.0		__DUMMY__ 0.8775694932197781 neg 0.07174879141325312 off 0.05068171536696869	false	1.0
isolieren	neg 1.0		__DUMMY__ 0.8771711988424773 neg 0.07111378797069023 off 0.05171501318683245	false	1.0
unheilbar	neg 1.0		__DUMMY__ 0.8796048300657547 neg 0.06572338220983306 off 0.0546717877244122	false	1.0
pisser	off 1.0		__DUMMY__ 0.8728752190108389 neg 0.06658401601739022 off 0.06054076497177079	false	0.5
löschen	neg 1.0		__DUMMY__ 0.8778464819890343 neg 0.06822232166824636 off 0.0539311963427193	false	1.0
durchfallen	neg 1.0		__DUMMY__ 0.8762107116552076 neg 0.07159980273836947 off 0.05218948560642297	false	1.0
wichser	off 1.0		__DUMMY__ 0.8698582539524199 off 0.06860053189619059 neg 0.061541214151389564	false	1.0
terror	neg 1.0		__DUMMY__ 0.8780259889853721 neg 0.06569987280983546 off 0.05627413820479247	false	1.0
krass	neg 1.0		__DUMMY__ 0.8728356720536131 neg 0.06489339626499699 off 0.06227093168138995	false	1.0
revolte	neg 1.0	neg 1.0	neg 0.5234187379941957 __DUMMY__ 0.43403512538524164 off 0.04254613662056268	false	1.0
besorgt	neg 1.0		__DUMMY__ 0.8827109891248626 neg 0.06507906447173499 off 0.05220994640340238	false	1.0
nachlassen	neg 1.0		__DUMMY__ 0.88001123465912 neg 0.06986283015903685 off 0.050125935181843086	false	1.0
alt	neg 1.0		__DUMMY__ 0.8802285694439248 neg 0.06906505203139682 off 0.05070637852467827	false	1.0
hundesohn	off 1.0		__DUMMY__ 0.8672044255064985 off 0.06747489462699587 neg 0.06532067986650561	false	1.0
als			__DUMMY__ 0.8810511238371472 neg 0.06650008165184376 off 0.05244879451100901	false	0.0
abschreckung	neg 1.0		__DUMMY__ 0.8791686040534632 neg 0.07202693083677747 off 0.04880446510975927	false	1.0
unqualifiziert	neg 1.0		__DUMMY__ 0.8724491484069552 neg 0.07021255805852995 off 0.05733829353451488	false	1.0
abgewichst	off 1.0		__DUMMY__ 0.8791508334957168 neg 0.0683845346415048 off 0.05246463186277844	false	0.5
schwer	neg 1.0		__DUMMY__ 0.878706591996303 neg 0.06722196485109044 off 0.05407144315260661	false	1.0
bedeutungslosigkeit	neg 1.0		__DUMMY__ 0.8787876901180689 neg 0.07157455474062081 off 0.049637755141310275	false	1.0
kapitulation	neg 1.0		__DUMMY__ 0.8741018533188172 neg 0.07502472446377974 off 0.05087342221740314	false	1.0
unscharf	neg 1.0		__DUMMY__ 0.8769649169519247 neg 0.06732601157750252 off 0.0557090714705728	false	1.0
schwinden	neg 1.0		__DUMMY__ 0.8795234668384999 neg 0.07105033607615525 off 0.04942619708534488	false	1.0
versklavung	neg 1.0		__DUMMY__ 0.8712283733490978 neg 0.07366894008047553 off 0.055102686570426676	false	1.0
schlecht	neg 1.0		__DUMMY__ 0.8770662452507518 neg 0.06330731583228434 off 0.05962643891696385	false	1.0
verhasst	neg 1.0		__DUMMY__ 0.8767939965240699 neg 0.06799503935722229 off 0.055210964118707836	false	1.0
beschweren	neg 1.0		__DUMMY__ 0.8776172828015344 neg 0.06650751818757634 off 0.05587519901088941	false	1.0
scheiden	neg 1.0		__DUMMY__ 0.8860637053004667 neg 0.05989037496270202 off 0.05404591973683114	false	1.0
frustriert	neg 1.0		__DUMMY__ 0.8789788160059988 neg 0.06784750321490324 off 0.053173680779097995	false	1.0
schimmelig	neg 1.0		__DUMMY__ 0.8806410278175498 neg 0.06942387212648987 off 0.04993510005596029	false	1.0
fisch	neg 1.0		__DUMMY__ 0.886044172347134 neg 0.06517415324282944 off 0.04878167441003657	false	1.0
schmuggel	neg 1.0		__DUMMY__ 0.883011624870489 neg 0.06762523179358601 off 0.04936314333592502	false	1.0
auffallen	neg 1.0		__DUMMY__ 0.8774464623036955 neg 0.06612493360849159 off 0.05642860408781295	false	1.0
konkurrenz	neg 1.0	neg 1.0	neg 0.522652730427705 __DUMMY__ 0.4404584159025014 off 0.0368888536697937	false	1.0
teufelskreis	neg 1.0	neg 1.0	neg 0.522817475629746 __DUMMY__ 0.4365154197258309 off 0.0406671046444232	false	1.0
aufschreien	neg 1.0		__DUMMY__ 0.8758844214288789 neg 0.06775341431656075 off 0.05636216425456034	false	1.0
schuldner	neg 1.0		__DUMMY__ 0.8794687148338012 neg 0.07089427258257466 off 0.049637012583624136	false	1.0
missgeburt	off 1.0	off 1.0	off 0.5184336332887509 __DUMMY__ 0.43177692891889635 neg 0.04978943779235262	false	1.0
arbeitslos	neg 1.0		__DUMMY__ 0.8763950089971995 neg 0.07112735152886167 off 0.05247763947393889	false	1.0
befallen	neg 1.0		__DUMMY__ 0.8756835931316995 neg 0.07174442244015145 off 0.052571984428149025	false	1.0
miesepetrig	off 1.0	off 1.0	off 0.514915990494478 __DUMMY__ 0.4366811192205261 neg 0.0484028902849959	false	1.0
alarmieren	neg 1.0		__DUMMY__ 0.8719231258299303 neg 0.0697710403468423 off 0.058305833823227446	false	1.0
ungeduscht	off 1.0		__DUMMY__ 0.8786020166323885 neg 0.06453909808444334 off 0.05685888528316816	false	0.5
knappheit	neg 1.0		__DUMMY__ 0.8758055926076662 neg 0.07343550585618211 off 0.05075890153615176	false	1.0
schlange	neg 1.0		__DUMMY__ 0.8817610919505146 neg 0.06260899957385485 off 0.055629908475630666	false	1.0
harsch	neg 1.0		__DUMMY__ 0.8754019116544218 off 0.06300213351731888 neg 0.0615959548282592	false	0.5
lang	neg 1.0		__DUMMY__ 0.8778765603669784 neg 0.06780055538269399 off 0.05432288425032761	false	1.0
ziellos	neg 1.0		__DUMMY__ 0.8815189721357667 neg 0.06658371545203179 off 0.05189731241220152	false	1.0
selbstverliebt	neg 1.0		__DUMMY__ 0.8660254529070334 off 0.0695067515435029 neg 0.06446779554946369	false	0.5
beseitigen	neg 1.0	neg 1.0	neg 0.5197340702262933 __DUMMY__ 0.4399996975213318 off 0.04026623225237489	false	1.0
dumm	off 1.0		__DUMMY__ 0.8709389340820104 off 0.06517875918781861 neg 0.06388230673017105	false	1.0
arbeitsloser	neg 1.0		__DUMMY__ 0.8795375733184951 neg 0.06870733593271354 off 0.051755090748791296	false	1.0
blitzen	neg 1.0		__DUMMY__ 0.8758870398346384 neg 0.06716213030901953 off 0.05695082985634202	false	1.0
hilflos	neg 1.0		__DUMMY__ 0.8793520986449398 neg 0.06796286874876774 off 0.052685032606292495	false	1.0
eklig	off 1.0		__DUMMY__ 0.870686090833456 off 0.06565855988566896 neg 0.06365534928087511	false	1.0
begriff			__DUMMY__ 0.8767101128078113 neg 0.07016734622229646 off 0.053122540969892294	false	0.0
hungersnot	neg 1.0		__DUMMY__ 0.8772790424182424 neg 0.07024558299662179 off 0.052475374585135875	false	1.0
ungesetzlich	neg 1.0		__DUMMY__ 0.8700225499468219 neg 0.07360315919487384 off 0.05637429085830429	false	1.0
verschwendung	neg 1.0		__DUMMY__ 0.8792725707324365 neg 0.07028616178811013 off 0.0504412674794534	false	1.0
schmerzvoll	neg 1.0		__DUMMY__ 0.877905556122601 neg 0.06633232941571077 off 0.05576211446168819	false	1.0
vorzeitig	neg 1.0		__DUMMY__ 0.8784858915357612 neg 0.06472340961625864 off 0.05679069884798019	false	1.0
unvollkommenheit	neg 1.0		__DUMMY__ 0.8828163395271647 neg 0.06552856533520067 off 0.05165509513763473	false	1.0
intervenieren	neg 1.0		__DUMMY__ 0.8755943241761599 neg 0.07413686313481424 off 0.05026881268902591	false	1.0
banause	off 1.0		__DUMMY__ 0.8677479600642947 off 0.06751195806134606 neg 0.06474008187435921	false	1.0
rebell	neg 1.0		__DUMMY__ 0.8804585429410213 neg 0.07255348329019302 off 0.04698797376878559	false	1.0
unlogisch	neg 1.0		__DUMMY__ 0.8732803357013007 neg 0.06487834083684635 off 0.061841323461852976	false	1.0
leiden	neg 1.0		__DUMMY__ 0.8885198899682843 neg 0.06192714950951775 off 0.04955296052219788	false	1.0
abschaffung	neg 1.0		__DUMMY__ 0.8733523009369034 neg 0.07212323045488417 off 0.05452446860821251	false	1.0
sturz	neg 1.0		__DUMMY__ 0.8787153242052893 neg 0.06735841412658752 off 0.053926261668123116	false	1.0
verkleinerung	neg 1.0		__DUMMY__ 0.8700409512665983 neg 0.07318270945181726 off 0.05677633928158448	false	1.0
schmarotzer	off 1.0		__DUMMY__ 0.8758865616522643 neg 0.07174632752447957 off 0.052367110823256145	false	0.5
bestrafung	neg 1.0		__DUMMY__ 0.8771505534508095 neg 0.06734977594107755 off 0.05549967060811296	false	1.0
achtlos	neg 1.0		__DUMMY__ 0.8807008313863391 neg 0.06534009549958661 off 0.05395907311407416	false	1.0
ungeheuer	neg 1.0		__DUMMY__ 0.8802710909386172 neg 0.06286676540941749 off 0.0568621436519653	false	1.0
unaufrichtig	neg 1.0		__DUMMY__ 0.8733138012296076 neg 0.07048427005298927 off 0.05620192871740308	false	1.0
