unsolidarisch	neg 1.0		neg 0.3847535280913569 __DUMMY__ 0.31994237115091617 off 0.29530410075772695	false	1.0
nachteilig	neg 1.0		neg 0.383822158970903 __DUMMY__ 0.323474428649094 off 0.29270341238000286	false	1.0
skeptisch	neg 1.0		neg 0.3833928776129207 __DUMMY__ 0.32426214916540563 off 0.29234497322167347	false	1.0
schrecklich	neg 1.0		neg 0.368183459995265 __DUMMY__ 0.3220195906451435 off 0.30979694935959146	false	1.0
schlapp	neg 1.0	neg 1.0	neg 0.6752171667334598 off 0.1686575186470601 __DUMMY__ 0.15612531461948012	false	1.0
abfall	neg 1.0		neg 0.38530486259776314 __DUMMY__ 0.32515810582103194 off 0.2895370315812049	false	1.0
widerspenstig	neg 1.0		neg 0.3769452647745727 __DUMMY__ 0.32419368517951525 off 0.29886105004591207	false	1.0
abrupt	neg 1.0		neg 0.3783912917131312 __DUMMY__ 0.32676430229828346 off 0.29484440598858536	false	1.0
unwirksam	neg 1.0		neg 0.38323838296275786 __DUMMY__ 0.32079394598544503 off 0.29596767105179717	false	1.0
angreifen	neg 1.0	neg 1.0	neg 0.6818434317440022 off 0.16176822586866924 __DUMMY__ 0.15638834238732857	false	1.0
inkonsistent	neg 1.0		neg 0.37806117009406315 __DUMMY__ 0.32302127604654307 off 0.29891755385939367	false	1.0
abrutschen	neg 1.0		neg 0.3845928391899456 __DUMMY__ 0.32529940832209775 off 0.2901077524879568	false	1.0
unsicher	neg 1.0		neg 0.37648920916218465 __DUMMY__ 0.32443743778388423 off 0.2990733530539313	false	1.0
bauernkind	off 1.0	off 1.0	off 0.639879808590093 neg 0.2065458203682897 __DUMMY__ 0.15357437104161734	false	1.0
angreifer	neg 1.0		neg 0.37537711362127085 __DUMMY__ 0.3242537833028691 off 0.3003691030758601	false	1.0
trennen	neg 1.0		neg 0.37637037507675986 __DUMMY__ 0.3276591456364331 off 0.295970479286807	false	1.0
schmutz	neg 1.0		neg 0.3737836428133662 __DUMMY__ 0.32498909123980174 off 0.3012272659468321	false	1.0
inkonsistenz	neg 1.0		neg 0.3770442075758834 __DUMMY__ 0.32104367208725726 off 0.3019121203368593	false	1.0
erschreckend	neg 1.0		neg 0.3793489208672108 __DUMMY__ 0.32363465347034925 off 0.29701642566243996	false	1.0
ertrinken	neg 1.0		neg 0.37936762808074476 __DUMMY__ 0.3254663312274001 off 0.29516604069185515	false	1.0
pickelface	off 1.0		neg 0.38136741426175635 __DUMMY__ 0.3232493154853312 off 0.29538327025291233	false	0.5
seiner			neg 0.3805856844953487 __DUMMY__ 0.3255383526428603 off 0.293875962861791	false	0.0
lauch	neg 1.0		neg 0.38745005400149374 __DUMMY__ 0.32366517411638795 off 0.2888847718821184	false	1.0
unwichtig	neg 1.0		neg 0.3740798285530477 __DUMMY__ 0.32224732607291856 off 0.30367284537403383	false	1.0
steuerhinterziehung	neg 1.0		neg 0.38389358560754194 __DUMMY__ 0.32167764251862796 off 0.29442877187383	false	1.0
schock	neg 1.0		neg 0.3750610035348319 __DUMMY__ 0.3259809642094766 off 0.2989580322556914	false	1.0
beule	neg 1.0		neg 0.37154040798344246 __DUMMY__ 0.32330435983916794 off 0.30515523217738966	false	1.0
vergelten	neg 1.0		neg 0.36794687245107066 __DUMMY__ 0.3233681343749241 off 0.30868499317400533	false	1.0
verdorbenheit	neg 1.0		neg 0.3777646315618595 __DUMMY__ 0.32419883228648294 off 0.2980365361516574	false	1.0
trauma	neg 1.0		neg 0.3772397581007007 __DUMMY__ 0.32334772840053466 off 0.2994125134987645	false	1.0
sinnlos	neg 1.0		neg 0.37450778340596963 __DUMMY__ 0.32386498597913665 off 0.30162723061489377	false	1.0
fettsack	off 1.0	off 1.0	off 0.6415427330238949 neg 0.20428208506928403 __DUMMY__ 0.15417518190682108	false	1.0
feige	off 1.0	off 1.0	off 0.637965256489772 neg 0.20730777062997824 __DUMMY__ 0.15472697288024964	false	1.0
abdanken	neg 1.0		neg 0.3816598559824253 __DUMMY__ 0.3222758492573393 off 0.29606429476023527	false	1.0
wichtigtuer	off 1.0	off 1.0	off 0.6363091844263598 neg 0.2082620601458015 __DUMMY__ 0.15542875542783868	false	1.0
misslingen	neg 1.0		neg 0.3716188182150402 __DUMMY__ 0.32667196079734895 off 0.30170922098761094	false	1.0
untreu	off 1.0		neg 0.3732103198759902 __DUMMY__ 0.32183133610361664 off 0.3049583440203933	false	0.5
missmutig	neg 1.0		neg 0.3721304031750246 __DUMMY__ 0.3233168201767053 off 0.3045527766482701	false	1.0
hurenbock	off 1.0		neg 0.3752888379398097 __DUMMY__ 0.32425267811772773 off 0.30045848394246244	false	0.5
betrunken	neg 1.0		neg 0.3681766808720138 __DUMMY__ 0.3236119132709339 off 0.30821140585705237	false	1.0
korrupt	off 1.0		neg 0.3857757104608411 __DUMMY__ 0.321034587975054 off 0.2931897015641049	false	0.5
unmut	neg 1.0		neg 0.3859484146632988 __DUMMY__ 0.3246789273587678 off 0.2893726579779334	false	1.0
hackfresse	off 1.0		neg 0.36719208475379295 __DUMMY__ 0.32002884435393436 off 0.31277907089227264	false	0.5
aufblasen	neg 1.0		neg 0.37419656334145285 __DUMMY__ 0.32476112049599565 off 0.3010423161625514	false	1.0
gewaltsam	neg 1.0		neg 0.37936674724041947 __DUMMY__ 0.3236146742641635 off 0.297018578495417	false	1.0
unbeliebtheit	neg 1.0		neg 0.3807555381332389 __DUMMY__ 0.3188122837498961 off 0.30043217811686507	false	1.0
sturheit	neg 1.0		neg 0.3798979431625425 __DUMMY__ 0.3233476494083319 off 0.29675440742912557	false	1.0
kuh	neg 1.0		neg 0.38073481259841047 __DUMMY__ 0.32166861279246184 off 0.2975965746091276	false	1.0
erschrecken	neg 1.0		neg 0.37244056745889276 __DUMMY__ 0.32367198163330385 off 0.30388745090780334	false	1.0
opfer	neg 1.0		neg 0.380390823158273 __DUMMY__ 0.32482563968689054 off 0.2947835371548365	false	1.0
sinken	neg 1.0		neg 0.3834926878522447 __DUMMY__ 0.3256560225811579 off 0.29085128956659756	false	1.0
stinktier	neg 1.0		neg 0.3711032775643398 __DUMMY__ 0.3200055756903816 off 0.3088911467452786	false	1.0
tucke	off 1.0		neg 0.3709997793425482 __DUMMY__ 0.3174990840925421 off 0.31150113656490963	false	0.5
ein			neg 0.3743674264314719 __DUMMY__ 0.3251444411754014 off 0.3004881323931268	false	0.0
abstieg	neg 1.0		neg 0.3797558203829214 __DUMMY__ 0.3258832006637252 off 0.2943609789533534	false	1.0
missverstehen	neg 1.0		neg 0.3771963085666687 __DUMMY__ 0.32213143631168395 off 0.30067225512164736	false	1.0
ergebnislos	neg 1.0		neg 0.38240553201361327 __DUMMY__ 0.32443297253148823 off 0.29316149545489856	false	1.0
unter			neg 0.3832325026119921 __DUMMY__ 0.3293840935469146 off 0.28738340384109323	false	0.0
manipulieren	neg 1.0		neg 0.38296181818257596 __DUMMY__ 0.3244523192856923 off 0.2925858625317318	false	1.0
unbewiesen	neg 1.0		neg 0.38518461606542875 __DUMMY__ 0.31949706725051463 off 0.29531831668405645	false	1.0
verschleppen	neg 1.0		neg 0.3817137654297577 __DUMMY__ 0.3236636092620643 off 0.294622625308178	false	1.0
weib	off 1.0		neg 0.36816809301919556 __DUMMY__ 0.31953390267066073 off 0.3122980043101437	false	0.5
opposition	neg 1.0		neg 0.3790747636372226 __DUMMY__ 0.32177763757417904 off 0.2991475987885984	false	1.0
verkehrswidrig	neg 1.0	neg 1.0	neg 0.6698106928151061 off 0.17233656775458753 __DUMMY__ 0.1578527394303064	false	1.0
inkorrekt	neg 1.0		neg 0.3759737625034909 __DUMMY__ 0.3193801162814852 off 0.30464612121502394	false	1.0
vermeiden	neg 1.0		neg 0.38416491777100953 __DUMMY__ 0.32717911056727067 off 0.2886559716617198	false	1.0
abweichung	neg 1.0	neg 1.0	neg 0.6808089262407799 off 0.16251503147626808 __DUMMY__ 0.15667604228295204	false	1.0
alkoholisiert	neg 1.0		neg 0.3740821466111518 __DUMMY__ 0.32946387815946676 off 0.29645397522938144	false	1.0
scheiss	off 1.0	off 1.0	off 0.6387882363328412 neg 0.205607451530644 __DUMMY__ 0.1556043121365147	false	1.0
herausforderung	neg 1.0	neg 1.0	neg 0.6775512492144312 off 0.16353410603341603 __DUMMY__ 0.15891464475215267	false	1.0
pervers	off 1.0		neg 0.3647837537421855 __DUMMY__ 0.31911407531455604 off 0.31610217094325843	false	0.5
wackelig	neg 1.0		neg 0.37494670922541123 __DUMMY__ 0.32718723145036577 off 0.297866059324223	false	1.0
verwickeln	neg 1.0		neg 0.37681404376494265 __DUMMY__ 0.3224229830300583 off 0.30076297320499906	false	1.0
vorwand	neg 1.0		neg 0.3838745943743587 __DUMMY__ 0.32451374784346887 off 0.2916116577821723	false	1.0
muschi	off 1.0		neg 0.3801804546814524 __DUMMY__ 0.3236040882268761 off 0.2962154570916717	false	0.5
entmutigung	neg 1.0		neg 0.3807465788377597 __DUMMY__ 0.3210818791600294 off 0.2981715420022111	false	1.0
unangemessen	neg 1.0		neg 0.38169998329192534 __DUMMY__ 0.32293786700872046 off 0.2953621496993542	false	1.0
unstetig	neg 1.0		neg 0.37755586795548496 __DUMMY__ 0.3232703036042588 off 0.29917382844025636	false	1.0
entmutigen	neg 1.0		neg 0.3754938719268509 __DUMMY__ 0.32402885438060297 off 0.30047727369254607	false	1.0
schwanz	neg 1.0		neg 0.382626910978634 __DUMMY__ 0.32448876158927187 off 0.2928843274320941	false	1.0
verbot	neg 1.0		neg 0.3845894948185127 __DUMMY__ 0.3219715071210582 off 0.2934389980604291	false	1.0
leid	neg 1.0		neg 0.36768830773795846 __DUMMY__ 0.3214734328318618 off 0.31083825943017973	false	1.0
archaisch	neg 1.0		neg 0.3797162518276773 __DUMMY__ 0.32416581654826987 off 0.29611793162405275	false	1.0
gegen			neg 0.38259698965348676 __DUMMY__ 0.32578277117653154 off 0.2916202391699816	false	0.0
scheidung	neg 1.0		neg 0.3603018324157017 off 0.3204412612796414 __DUMMY__ 0.3192569063046569	false	1.0
einschlag	neg 1.0	neg 1.0	neg 0.6739365169542966 off 0.1704026402805686 __DUMMY__ 0.1556608427651348	false	1.0
m			neg 0.37836383378476696 __DUMMY__ 0.32511876519191685 off 0.29651740102331625	false	0.0
abgestanden	neg 1.0		neg 0.37721936058334826 __DUMMY__ 0.3236251014208658 off 0.2991555379957859	false	1.0
schmierig	off 1.0		neg 0.3680993900280561 __DUMMY__ 0.3216211947290774 off 0.31027941524286656	false	0.5
unpraktisch	neg 1.0		neg 0.3739539542218788 __DUMMY__ 0.32516964423341577 off 0.30087640154470535	false	1.0
wixxer	off 1.0		neg 0.36614242200724073 __DUMMY__ 0.31850818270164455 off 0.31534939529111466	false	0.5
bezeichnet			neg 0.37932873889876684 __DUMMY__ 0.32320317688538136 off 0.29746808421585186	false	0.0
jammerlappen	off 1.0		neg 0.37360983718188046 __DUMMY__ 0.3224093147244472 off 0.3039808480936724	false	0.5
farce	neg 1.0		neg 0.38419024722481476 __DUMMY__ 0.32158807073671913 off 0.2942216820384662	false	1.0
zwecklos	neg 1.0		neg 0.38084293156567905 __DUMMY__ 0.3234555328741668 off 0.2957015355601541	false	1.0
turbulent	neg 1.0		neg 0.37487445448397944 __DUMMY__ 0.3213760526376379 off 0.30374949287838254	false	1.0
invasion	neg 1.0		neg 0.3746122440340207 __DUMMY__ 0.32375357228021173 off 0.30163418368576744	false	1.0
schuld	neg 1.0		neg 0.37687839166001985 __DUMMY__ 0.3235777976907917 off 0.29954381064918845	false	1.0
risiko	neg 1.0		neg 0.3757938375998788 __DUMMY__ 0.3247354718562212 off 0.2994706905439	false	1.0
finster	neg 1.0		neg 0.37505297652021435 __DUMMY__ 0.324569331761216 off 0.30037769171856954	false	1.0
geisteskrank	off 1.0		neg 0.3738364757318258 __DUMMY__ 0.3210046065753293 off 0.3051589176928449	false	0.5
zusammenbrechen	neg 1.0		neg 0.3774103127525638 __DUMMY__ 0.32503054131585285 off 0.2975591459315833	false	1.0
ausbeute	neg 1.0		neg 0.37724533845556124 __DUMMY__ 0.3274995173359066 off 0.2952551442085321	false	1.0
hinterhalt	neg 1.0		neg 0.3776670991718688 __DUMMY__ 0.32530464118957986 off 0.2970282596385514	false	1.0
kritik	neg 1.0		neg 0.38390940372478144 __DUMMY__ 0.3218743302819819 off 0.2942162659932368	false	1.0
einschrumpfen	neg 1.0		neg 0.3795928657450266 __DUMMY__ 0.3204927260063913 off 0.2999144082485821	false	1.0
riskant	neg 1.0		neg 0.3824640112895835 __DUMMY__ 0.32381160022977024 off 0.2937243884806462	false	1.0
frustrieren	neg 1.0		neg 0.38101129985904647 __DUMMY__ 0.32447987645390725 off 0.2945088236870464	false	1.0
groll	neg 1.0		neg 0.3797295584737841 __DUMMY__ 0.3243136337994377 off 0.2959568077267783	false	1.0
gibt			neg 0.3789626666754596 __DUMMY__ 0.3244045110548793 off 0.29663282226966114	false	0.0
qualvoll	neg 1.0		neg 0.37231733381291926 __DUMMY__ 0.3243325257339684 off 0.30335014045311215	false	1.0
wackeln	neg 1.0	neg 1.0	neg 0.6764111369258405 off 0.16630577646364106 __DUMMY__ 0.15728308661051849	false	1.0
klagen	neg 1.0		neg 0.3849257469985977 __DUMMY__ 0.32490242067459857 off 0.2901718323268036	false	1.0
bankrott	neg 1.0		neg 0.37353210587118085 __DUMMY__ 0.3232538374195601 off 0.303214056709259	false	1.0
trauern	neg 1.0		neg 0.37873291413689214 __DUMMY__ 0.32592290141107194 off 0.29534418445203586	false	1.0
ablehnung	neg 1.0		neg 0.384121282175086 __DUMMY__ 0.32172404687149897 off 0.294154670953415	false	1.0
stur	neg 1.0		neg 0.3768224357485183 __DUMMY__ 0.3231551511829003 off 0.30002241306858146	false	1.0
aufruhr	neg 1.0		neg 0.37969225972627546 __DUMMY__ 0.3234935681346503 off 0.2968141721390742	false	1.0
melancholie	neg 1.0		neg 0.3777406185394501 __DUMMY__ 0.3256224237159994 off 0.29663695774455046	false	1.0
ist			neg 0.375400069802985 __DUMMY__ 0.3237571512854453 off 0.3008427789115697	false	0.0
torheit	neg 1.0		neg 0.3795818135910034 __DUMMY__ 0.3221783316329533 off 0.2982398547760433	false	1.0
dreckskind	off 1.0		neg 0.37016657736894654 __DUMMY__ 0.3195238023126529 off 0.3103096203184005	false	0.5
umtauschen	neg 1.0		neg 0.37677432137484596 __DUMMY__ 0.32465274349189405 off 0.29857293513325994	false	1.0
zum			neg 0.3785236678703018 __DUMMY__ 0.33027968396710056 off 0.2911966481625977	false	0.0
zersetzen	neg 1.0		neg 0.3847075216997338 __DUMMY__ 0.3235257480813619 off 0.29176673021890426	false	1.0
zur			neg 0.38490000142225356 __DUMMY__ 0.32718267968859793 off 0.28791731888914857	false	0.0
frust	neg 1.0		neg 0.3775668328479102 __DUMMY__ 0.3250652044157592 off 0.29736796273633054	false	1.0
unerbittlichkeit	neg 1.0		neg 0.38376817144179076 __DUMMY__ 0.3239694349479909 off 0.2922623936102183	false	1.0
zwei			neg 0.37812459958552375 __DUMMY__ 0.32893818877929 off 0.29293721163518627	false	0.0
unkorrekt	neg 1.0		neg 0.3743006373179714 __DUMMY__ 0.31989576991749485 off 0.3058035927645337	false	1.0
hexe	off 1.0		neg 0.37243441430166707 __DUMMY__ 0.32258950723640833 off 0.3049760784619245	false	0.5
lasch	neg 1.0		neg 0.3764172598149372 __DUMMY__ 0.32171238101522937 off 0.30187035916983346	false	1.0
rivale	neg 1.0		neg 0.36932761305789036 __DUMMY__ 0.3228581463607303 off 0.3078142405813793	false	1.0
mutlos	off 1.0	off 1.0	off 0.6320213420383686 neg 0.21225478861258334 __DUMMY__ 0.1557238693490481	false	1.0
wirr	off 1.0		neg 0.37350003982840285 __DUMMY__ 0.32014567201363303 off 0.30635428815796406	false	0.5
jahr			neg 0.37621408725688565 __DUMMY__ 0.3287041845271683 off 0.2950817282159461	false	0.0
wird			neg 0.3793636379289991 __DUMMY__ 0.32516066095476553 off 0.29547570111623545	false	0.0
strafbar	neg 1.0		neg 0.38309224729417535 __DUMMY__ 0.32338417422234916 off 0.2935235784834756	false	1.0
erosion	neg 1.0		neg 0.3754755332973876 __DUMMY__ 0.3246590054215552 off 0.2998654612810572	false	1.0
eingehen	neg 1.0		neg 0.38197080708757597 __DUMMY__ 0.3233333246177536 off 0.2946958682946705	false	1.0
faul	off 1.0		neg 0.3725242907849957 __DUMMY__ 0.32359516563493446 off 0.30388054358006983	false	0.5
provisorium	neg 1.0		neg 0.3859987802217657 __DUMMY__ 0.32801531710976045 off 0.285985902668474	false	1.0
schmerzen	neg 1.0		neg 0.37673110713684643 __DUMMY__ 0.3243957394983168 off 0.29887315336483683	false	1.0
schrumpfen	neg 1.0		neg 0.3868710976114515 __DUMMY__ 0.32572597590037294 off 0.28740292648817545	false	1.0
geistlos	off 1.0		neg 0.3808059541920635 __DUMMY__ 0.3200765279655137 off 0.29911751784242285	false	0.5
fehlkauf	neg 1.0		neg 0.3774290346699643 __DUMMY__ 0.32268020854986623 off 0.29989075678016947	false	1.0
frustrierend	neg 1.0		neg 0.3719625942262192 __DUMMY__ 0.3240642040466832 off 0.30397320172709774	false	1.0
unzufrieden	neg 1.0		neg 0.38082363230726857 __DUMMY__ 0.3235734143793605 off 0.295602953313371	false	1.0
verzweifeln	neg 1.0		neg 0.37727476849690966 __DUMMY__ 0.32437721052414514 off 0.29834802097894525	false	1.0
verzweifelt	neg 1.0		neg 0.37672268012585064 __DUMMY__ 0.3231676361741572 off 0.30010968369999214	false	1.0
misstrauensantrag	neg 1.0		neg 0.37761715415399094 __DUMMY__ 0.32214292381662 off 0.300239922029389	false	1.0
abfallen	neg 1.0		neg 0.37300436645260254 __DUMMY__ 0.3255066832005041 off 0.3014889503468934	false	1.0
fucker	off 1.0		neg 0.3729604714800032 __DUMMY__ 0.32122954978083246 off 0.3058099787391642	false	0.5
ungezogen	neg 1.0		neg 0.3645617901528838 __DUMMY__ 0.3204702811418929 off 0.3149679287052234	false	1.0
irrsinnig	neg 1.0	neg 1.0	neg 0.6786962541668348 off 0.16557339398597753 __DUMMY__ 0.1557303518471877	false	1.0
unfassbar	neg 1.0		neg 0.37238395497381394 __DUMMY__ 0.32254662177131105 off 0.30506942325487507	false	1.0
hart	neg 1.0		neg 0.3763178097494297 __DUMMY__ 0.32200571078215356 off 0.3016764794684167	false	1.0
widerlich	off 1.0		neg 0.37384847780971003 __DUMMY__ 0.32103952416131354 off 0.3051119980289765	false	0.5
fatal	neg 1.0		neg 0.37682877287534783 __DUMMY__ 0.32280171643330685 off 0.3003695106913454	false	1.0
bruch	neg 1.0		neg 0.38558136854605907 __DUMMY__ 0.3243843472762673 off 0.29003428417767363	false	1.0
aushungern	neg 1.0		neg 0.3822862081494163 __DUMMY__ 0.32211134697316013 off 0.29560244487742376	false	1.0
anspannung	neg 1.0	neg 1.0	neg 0.6796519977870373 off 0.16087746968957242 __DUMMY__ 0.15947053252339027	false	1.0
von			neg 0.37832948058493093 __DUMMY__ 0.32802444964669214 off 0.29364606976837687	false	0.0
kraftlos	neg 1.0		neg 0.3764264433304672 __DUMMY__ 0.3260690789002544 off 0.2975044777692784	false	1.0
vom			neg 0.38156459314558916 __DUMMY__ 0.3300557431217765 off 0.2883796637326343	false	0.0
grenzdebil	off 1.0		neg 0.37135842024737015 __DUMMY__ 0.32239879657805653 off 0.3062427831745734	false	0.5
vor			neg 0.3814565627779747 __DUMMY__ 0.3258897012714492 off 0.2926537359505761	false	0.0
unterwerfen	neg 1.0		neg 0.38109940961406047 __DUMMY__ 0.32461757264699564 off 0.2942830177389439	false	1.0
versenkung	neg 1.0		neg 0.38185346765907735 __DUMMY__ 0.3244199661915545 off 0.29372656614936826	false	1.0
entziehen	neg 1.0		neg 0.3840217690430649 __DUMMY__ 0.3249322458446172 off 0.291045985112318	false	1.0
finanzkrise	neg 1.0		neg 0.38389577736719355 __DUMMY__ 0.32110614667400467 off 0.2949980759588017	false	1.0
schimpfend	neg 1.0		neg 0.3722897035674606 __DUMMY__ 0.32608274132049686 off 0.30162755511204253	false	1.0
profan	neg 1.0		neg 0.3750684189130712 __DUMMY__ 0.32309314840167014 off 0.3018384326852586	false	1.0
korruption	neg 1.0	neg 1.0	neg 0.6827423012114018 off 0.16214119554222445 __DUMMY__ 0.15511650324637383	false	1.0
â			neg 0.3801106882665689 __DUMMY__ 0.3249014169630784 off 0.2949878947703528	false	0.0
schmutzig	neg 1.0		neg 0.3714252751978749 __DUMMY__ 0.32279884008274917 off 0.305775884719376	false	1.0
sexy	neg 1.0		neg 0.3743935480628456 __DUMMY__ 0.3230681612450637 off 0.30253829069209065	false	1.0
abraten	neg 1.0		neg 0.3758062620832245 __DUMMY__ 0.3234191251604529 off 0.3007746127563226	false	1.0
schwarz	neg 1.0		neg 0.37720485646925844 __DUMMY__ 0.32300910808594646 off 0.29978603544479504	false	1.0
fotze	off 1.0		neg 0.3825486670131982 __DUMMY__ 0.32381404562731997 off 0.29363728735948186	false	0.5
verwirren	neg 1.0		neg 0.37458146505297724 __DUMMY__ 0.32322222547966367 off 0.30219630946735926	false	1.0
zahnlos	off 1.0		neg 0.3813598282370064 __DUMMY__ 0.3232550357835189 off 0.2953851359794747	false	0.5
verheeren	neg 1.0		neg 0.36421848604324975 __DUMMY__ 0.3200935168591949 off 0.3156879970975552	false	1.0
hippie	neg 1.0		neg 0.375608677660724 __DUMMY__ 0.32274637722998323 off 0.3016449451092928	false	1.0
rammen	neg 1.0		neg 0.37888172371715884 __DUMMY__ 0.3225686331781455 off 0.2985496431046956	false	1.0
unlauter	neg 1.0		neg 0.3824791784008794 __DUMMY__ 0.32069255244862604 off 0.2968282691504945	false	1.0
unheilvoll	neg 1.0		neg 0.37265057875211083 __DUMMY__ 0.32492830870514416 off 0.30242111254274495	false	1.0
niedrig	neg 1.0		neg 0.3826990451159503 __DUMMY__ 0.32439652303823324 off 0.2929044318458164	false	1.0
explosion	neg 1.0		neg 0.37644638899121374 __DUMMY__ 0.3226503916128325 off 0.3009032193959539	false	1.0
weichei	off 1.0		neg 0.3691015730710204 __DUMMY__ 0.32004893062754386 off 0.3108494963014358	false	0.5
minusmensch	off 1.0		neg 0.3707820816417362 __DUMMY__ 0.31650073808167056 off 0.3127171802765933	false	0.5
farblos	neg 1.0		neg 0.37439366457514545 __DUMMY__ 0.32654925640230587 off 0.2990570790225488	false	1.0
unwissend	neg 1.0	neg 1.0	neg 0.6763386391304733 off 0.1683553664865692 __DUMMY__ 0.15530599438295742	false	1.0
traurig	neg 1.0		neg 0.36876906200562265 __DUMMY__ 0.3224494014443531 off 0.3087815365500244	false	1.0
senkung	neg 1.0		neg 0.3782659538563993 __DUMMY__ 0.3214077571582867 off 0.3003262889853141	false	1.0
ungleich	neg 1.0	neg 1.0	neg 0.6824018225471516 off 0.16180191617066078 __DUMMY__ 0.15579626128218763	false	1.0
heikel	neg 1.0		neg 0.3838030219507964 __DUMMY__ 0.3238959120394641 off 0.2923010660097396	false	1.0
drosselung	neg 1.0		neg 0.37208331691770336 __DUMMY__ 0.3224091366886218 off 0.3055075463936747	false	1.0
falsch	neg 1.0		neg 0.3735166814529204 __DUMMY__ 0.3229864678458263 off 0.3034968507012534	false	1.0
unzufriedenheit	neg 1.0		neg 0.38364475283047317 __DUMMY__ 0.3244325506082122 off 0.2919226965613147	false	1.0
kurz	neg 1.0		neg 0.37539479301601136 __DUMMY__ 0.3262862470880677 off 0.2983189598959211	false	1.0
unsinnig	neg 1.0		neg 0.38176273269965855 __DUMMY__ 0.32263751401935387 off 0.29559975328098753	false	1.0
penner	off 1.0	off 1.0	off 0.6432975815489296 neg 0.20261833392923445 __DUMMY__ 0.15408408452183597	false	1.0
seicht	neg 1.0		neg 0.3681794214971281 __DUMMY__ 0.31848505901471136 off 0.3133355194881604	false	1.0
dummheit	off 1.0	off 1.0	off 0.6363203787232183 neg 0.20857104959109257 __DUMMY__ 0.15510857168568898	false	1.0
unerfreulich	neg 1.0		neg 0.38277358033772857 __DUMMY__ 0.3251843875980351 off 0.29204203206423635	false	1.0
motherfucker	off 1.0	off 1.0	off 0.6389043367287705 neg 0.20660583642529265 __DUMMY__ 0.1544898268459369	false	1.0
pikiert	neg 1.0		neg 0.3753008903623339 __DUMMY__ 0.32101987436339663 off 0.3036792352742695	false	1.0
wrack	neg 1.0		neg 0.3774049559805302 __DUMMY__ 0.32695593300207143 off 0.2956391110173983	false	1.0
gangster	neg 1.0		neg 0.3753394319342142 __DUMMY__ 0.32317345763772115 off 0.3014871104280648	false	1.0
krank	neg 1.0		neg 0.3692530731680063 __DUMMY__ 0.32344154406571296 off 0.30730538276628067	false	1.0
reich	neg 1.0		neg 0.3754627358837901 __DUMMY__ 0.3218793639166039 off 0.302657900199606	false	1.0
gnadenlos	neg 1.0		neg 0.37651583083725854 __DUMMY__ 0.3237882652922309 off 0.2996959038705106	false	1.0
niedergeschlagen	neg 1.0		neg 0.37690209200370145 __DUMMY__ 0.32524246309265653 off 0.2978554449036419	false	1.0
terrorisieren	off 1.0	off 1.0	off 0.6328474989474098 neg 0.21065395201337464 __DUMMY__ 0.1564985490392155	false	1.0
sinnlosigkeit	neg 1.0		neg 0.3799613157858405 __DUMMY__ 0.3239426823385306 off 0.2960960018756288	false	1.0
behindern	neg 1.0		neg 0.3796711797672316 __DUMMY__ 0.3232570269852946 off 0.2970717932474739	false	1.0
undemokratisch	neg 1.0		neg 0.38133442168145043 __DUMMY__ 0.3211775170015221 off 0.29748806131702754	false	1.0
wirtschaftskrise	neg 1.0		neg 0.3840010102803688 __DUMMY__ 0.32270991056261783 off 0.2932890791570133	false	1.0
neid	neg 1.0		neg 0.3690006993270468 __DUMMY__ 0.32513046904514187 off 0.30586883162781126	false	1.0
rutschen	neg 1.0	neg 1.0	neg 0.6787338352989022 off 0.1620402510818738 __DUMMY__ 0.15922591361922406	false	1.0
rezession	neg 1.0		neg 0.3746710691068049 __DUMMY__ 0.3185915040793396 off 0.3067374268138554	false	1.0
fehlgeburt	neg 1.0		neg 0.37391216782179987 __DUMMY__ 0.3244668496262396 off 0.3016209825519606	false	1.0
charakterschwach	off 1.0		neg 0.37310226652114964 __DUMMY__ 0.3217348130831791 off 0.3051629203956713	false	0.5
isolation	neg 1.0		neg 0.372186888196932 __DUMMY__ 0.32396188526943387 off 0.3038512265336341	false	1.0
ablenkung	neg 1.0		neg 0.37631312590614857 __DUMMY__ 0.32432410907983983 off 0.2993627650140115	false	1.0
pech	neg 1.0		neg 0.3726349075499489 __DUMMY__ 0.32375116995458525 off 0.30361392249546576	false	1.0
vermeidung	neg 1.0		neg 0.37381606872550577 __DUMMY__ 0.32118725754573196 off 0.30499667372876227	false	1.0
dominieren	neg 1.0		neg 0.3773770433071662 __DUMMY__ 0.3265289661271722 off 0.2960939905656616	false	1.0
schwindlig	neg 1.0		neg 0.37170213553444265 __DUMMY__ 0.3253279468313258 off 0.30296991763423164	false	1.0
lutscher	neg 1.0	neg 1.0	neg 0.6727265943147892 off 0.17382649381873186 __DUMMY__ 0.1534469118664789	false	1.0
pflicht	neg 1.0		neg 0.3830652914377137 __DUMMY__ 0.3244309480836554 off 0.2925037604786309	false	1.0
faschist	off 1.0		neg 0.37887165547130924 __DUMMY__ 0.3209578431277913 off 0.30017050140089946	false	0.5
verschleudern	neg 1.0		neg 0.38690126524589047 __DUMMY__ 0.32158791918686785 off 0.29151081556724173	false	1.0
wenn			neg 0.3730799727130623 __DUMMY__ 0.3230742178043111 off 0.30384580948262657	false	0.0
ehebruch	neg 1.0		neg 0.38237659864661694 __DUMMY__ 0.32350729969917336 off 0.29411610165420965	false	1.0
spott	off 1.0		neg 0.3836991759767794 __DUMMY__ 0.32314246176193356 off 0.29315836226128705	false	0.5
trostlosigkeit	neg 1.0		neg 0.383811389955419 __DUMMY__ 0.3248952937172105 off 0.2912933163273705	false	1.0
lutschen	neg 1.0		neg 0.3779853996835355 __DUMMY__ 0.3217729477835321 off 0.3002416525329324	false	1.0
undiszipliniert	neg 1.0		neg 0.3701660944777636 __DUMMY__ 0.3223036083706151 off 0.3075302971516213	false	1.0
kopfschmerz	neg 1.0		neg 0.37668313910054557 __DUMMY__ 0.3254479838347101 off 0.2978688770647443	false	1.0
unvorhergesehen	neg 1.0		neg 0.37593012881029403 __DUMMY__ 0.32757386233714275 off 0.2964960088525633	false	1.0
desinteressiert	neg 1.0		neg 0.37168834956559577 __DUMMY__ 0.32153106359867206 off 0.3067805868357322	false	1.0
armselig	off 1.0		neg 0.37278084579064796 __DUMMY__ 0.3201961509871197 off 0.3070230032222323	false	0.5
desaster	neg 1.0		neg 0.3862369646389899 __DUMMY__ 0.3244021300294548 off 0.2893609053315555	false	1.0
tod	neg 1.0		neg 0.37994687119108395 __DUMMY__ 0.3249912938977285 off 0.2950618349111876	false	1.0
herzlos	neg 1.0		neg 0.3705721480282069 __DUMMY__ 0.32108502911505704 off 0.30834282285673603	false	1.0
unwissenheit	neg 1.0		neg 0.38276637121595863 __DUMMY__ 0.3225363880084663 off 0.2946972407755751	false	1.0
widersinnig	neg 1.0	neg 1.0	neg 0.6823513743979112 off 0.16275985361099338 __DUMMY__ 0.15488877199109546	false	1.0
bedenklich	neg 1.0		neg 0.3824890255148357 __DUMMY__ 0.3235830218321823 off 0.29392795265298205	false	1.0
beanstanden	neg 1.0		neg 0.3835238737229381 __DUMMY__ 0.32463964732155803 off 0.29183647895550385	false	1.0
panisch	neg 1.0	neg 1.0	neg 0.674391206829064 off 0.16805032576234163 __DUMMY__ 0.15755846740859444	false	1.0
debil	off 1.0		neg 0.3871779983449636 __DUMMY__ 0.32620042500427837 off 0.2866215766507581	false	0.5
abstrich	neg 1.0		neg 0.3816144693519744 __DUMMY__ 0.32380724518459186 off 0.2945782854634336	false	1.0
primitiv	neg 1.0		neg 0.3733008691329434 __DUMMY__ 0.3210445881766607 off 0.30565454269039594	false	1.0
abschaum	off 1.0	off 1.0	off 0.6378499886954496 neg 0.20707432662381103 __DUMMY__ 0.15507568468073926	false	1.0
provozieren	neg 1.0		neg 0.3780641581720579 __DUMMY__ 0.32302754334282946 off 0.29890829848511274	false	1.0
tot	neg 1.0		neg 0.38081681593383704 __DUMMY__ 0.32481566108641297 off 0.2943675229797499	false	1.0
instabil	neg 1.0		neg 0.37570462116390374 __DUMMY__ 0.31985170371856303 off 0.3044436751175332	false	1.0
schwuchtel	off 1.0		neg 0.3645603761941866 off 0.3186735271584976 __DUMMY__ 0.3167660966473158	false	0.5
zerren	neg 1.0		neg 0.3765360347803534 __DUMMY__ 0.3253773573552592 off 0.29808660786438745	false	1.0
kinderficker	off 1.0		neg 0.37105645365945145 __DUMMY__ 0.3193924181674374 off 0.3095511281731111	false	0.5
gefahr	neg 1.0		neg 0.3834236952640059 __DUMMY__ 0.3245259018871576 off 0.2920504028488365	false	1.0
rabiat	neg 1.0		neg 0.37902771877920144 __DUMMY__ 0.32297253152590033 off 0.2979997496948981	false	1.0
verlangsamung	neg 1.0		neg 0.36969138221258796 __DUMMY__ 0.3189502194444686 off 0.3113583983429433	false	1.0
ausgestorben	neg 1.0		neg 0.37646591078478486 __DUMMY__ 0.32490130016512764 off 0.29863278905008767	false	1.0
anklagen	neg 1.0		neg 0.3817157345304803 __DUMMY__ 0.3228478041653433 off 0.2954364613041763	false	1.0
trott	neg 1.0		neg 0.37746420024039623 __DUMMY__ 0.3243790458971341 off 0.29815675386246954	false	1.0
verminderung	neg 1.0		neg 0.3720303436965597 __DUMMY__ 0.32160263943434575 off 0.30636701686909446	false	1.0
nach			neg 0.3792435048726485 __DUMMY__ 0.32960384333523696 off 0.2911526517921146	false	0.0
rost	neg 1.0		neg 0.36885720242202163 __DUMMY__ 0.3203265554460535 off 0.3108162421319248	false	1.0
destruktiv	neg 1.0		neg 0.3810745467967183 __DUMMY__ 0.32213140876589874 off 0.296794044437383	false	1.0
unzumutbarkeit	neg 1.0		neg 0.37240482967829985 __DUMMY__ 0.32327888193638854 off 0.30431628838531155	false	1.0
labil	off 1.0	off 1.0	off 0.6377313668187634 neg 0.2072197233204717 __DUMMY__ 0.15504890986076497	false	1.0
ziemlich	neg 1.0		neg 0.370513710992614 __DUMMY__ 0.3233160069168467 off 0.3061702820905394	false	1.0
lachnummer	off 1.0		neg 0.378872589023682 __DUMMY__ 0.3232441453489843 off 0.29788326562733364	false	0.5
oder			neg 0.3749588163386552 __DUMMY__ 0.32510618194549556 off 0.29993500171584936	false	0.0
verfall	neg 1.0		neg 0.38815642928097027 __DUMMY__ 0.3250091408736593 off 0.2868344298453704	false	1.0
ausgrenzung	neg 1.0		neg 0.38139832527975115 __DUMMY__ 0.3206266966947841 off 0.29797497802546463	false	1.0
unordnung	neg 1.0		neg 0.3721850039296384 __DUMMY__ 0.3228702690692902 off 0.3049447270010715	false	1.0
fehlverhalten	neg 1.0		neg 0.3840475322500274 __DUMMY__ 0.3236666634214901 off 0.2922858043284825	false	1.0
eine			neg 0.38195065159606356 __DUMMY__ 0.3253187730261316 off 0.2927305753778049	false	0.0
nille	neg 1.0		neg 0.37930937454858715 __DUMMY__ 0.32377898412977296 off 0.2969116413216398	false	1.0
qual	neg 1.0		neg 0.37815344762995134 __DUMMY__ 0.32413247786521165 off 0.2977140745048371	false	1.0
verschwenden	neg 1.0		neg 0.3816308690991477 __DUMMY__ 0.32372522298528256 off 0.2946439079155697	false	1.0
riesig	neg 1.0	neg 1.0	neg 0.6795618180745211 off 0.16329414082977287 __DUMMY__ 0.1571440410957061	false	1.0
verurteilen	neg 1.0		neg 0.38201651221047583 __DUMMY__ 0.3229902061504196 off 0.29499328163910443	false	1.0
klischee	neg 1.0	neg 1.0	neg 0.6781118768020629 off 0.166902156603217 __DUMMY__ 0.15498596659472005	false	1.0
diktatorisch	neg 1.0		neg 0.3824973476577528 __DUMMY__ 0.32012149620916 off 0.29738115613308735	false	1.0
vorhersehbar	neg 1.0	neg 1.0	neg 0.6779798615253473 off 0.16667440694855562 __DUMMY__ 0.15534573152609701	false	1.0
sowie			neg 0.37080787162671625 __DUMMY__ 0.31959644441632623 off 0.30959568395695747	false	0.0
stornieren	neg 1.0		neg 0.37138684218916557 __DUMMY__ 0.32687651363597353 off 0.3017366441748609	false	1.0
besteuerung	neg 1.0		neg 0.38132256840820977 __DUMMY__ 0.32125820054594495 off 0.2974192310458453	false	1.0
ungeschminkt	neg 1.0		neg 0.3738463101750465 __DUMMY__ 0.32126639139876517 off 0.30488729842618834	false	1.0
kritisch	neg 1.0		neg 0.38222723279127563 __DUMMY__ 0.3238846746606707 off 0.29388809254805365	false	1.0
schlamperei	off 1.0		neg 0.38512983338791046 __DUMMY__ 0.32306828334360865 off 0.2918018832684809	false	0.5
sucht	neg 1.0	neg 1.0	neg 0.67844862540509 off 0.1650965267289993 __DUMMY__ 0.15645484786591063	false	1.0
egoistisch	off 1.0		neg 0.3675598404166792 __DUMMY__ 0.32098773036617056 off 0.3114524292171501	false	0.5
ausbeuter	off 1.0		neg 0.38584823285251324 __DUMMY__ 0.3227403064308214 off 0.2914114607166653	false	0.5
arschgeburt	off 1.0		neg 0.3649864704938154 off 0.31858058692380287 __DUMMY__ 0.31643294258238175	false	0.5
schubs	neg 1.0	neg 1.0	neg 0.6780939624902954 off 0.1644124928759203 __DUMMY__ 0.1574935446337844	false	1.0
unsolide	neg 1.0		neg 0.3846404337363002 __DUMMY__ 0.31849603415718536 off 0.29686353210651434	false	1.0
beschwerde	neg 1.0		neg 0.38532823538790256 __DUMMY__ 0.32281719164460665 off 0.2918545729674908	false	1.0
stocken	neg 1.0		neg 0.3832016887269618 __DUMMY__ 0.3236002703716425 off 0.29319804090139573	false	1.0
isolieren	neg 1.0		neg 0.38219074554848637 __DUMMY__ 0.3232985629004604 off 0.2945106915510532	false	1.0
unheilbar	neg 1.0		neg 0.3755339767079788 __DUMMY__ 0.3246523526939466 off 0.2998136705980745	false	1.0
pisser	off 1.0		neg 0.3731561108218048 __DUMMY__ 0.32098316788316794 off 0.3058607212950273	false	0.5
löschen	neg 1.0		neg 0.3779220044433009 __DUMMY__ 0.32378339389474975 off 0.2982946016619493	false	1.0
durchfallen	neg 1.0		neg 0.38208281442937014 __DUMMY__ 0.3229687375915344 off 0.2949484479790955	false	1.0
wichser	off 1.0		neg 0.3639846384495819 __DUMMY__ 0.3194983145044347 off 0.31651704704598344	false	0.5
terror	neg 1.0		neg 0.37407903866451614 __DUMMY__ 0.32384805429642455 off 0.30207290703905926	false	1.0
krass	neg 1.0		neg 0.37014028516598313 __DUMMY__ 0.32097736603201776 off 0.3088823488019991	false	1.0
revolte	neg 1.0	neg 1.0	neg 0.6797129828453511 off 0.1654526076904905 __DUMMY__ 0.15483440946415833	false	1.0
besorgt	neg 1.0		neg 0.37601225041595204 __DUMMY__ 0.32631633660077625 off 0.29767141298327165	false	1.0
nachlassen	neg 1.0		neg 0.38137103623673985 __DUMMY__ 0.3248460624764446 off 0.2937829012868156	false	1.0
alt	neg 1.0		neg 0.38018124123790714 __DUMMY__ 0.32473512121004905 off 0.2950836375520438	false	1.0
hundesohn	off 1.0		neg 0.3686741059889909 __DUMMY__ 0.3180818991284043 off 0.3132439948826046	false	0.5
als			neg 0.37712563943488286 __DUMMY__ 0.3254848036926044 off 0.2973895568725127	false	0.0
abschreckung	neg 1.0		neg 0.3847075155263961 __DUMMY__ 0.3243867293335037 off 0.2909057551401002	false	1.0
unqualifiziert	neg 1.0		neg 0.3782705262930115 __DUMMY__ 0.3209040181430417 off 0.30082545556394685	false	1.0
abgewichst	off 1.0		neg 0.37895926071270836 __DUMMY__ 0.32441120496608156 off 0.29662953432121003	false	0.5
schwer	neg 1.0		neg 0.37681199723936787 __DUMMY__ 0.32433808185145147 off 0.2988499209091806	false	1.0
bedeutungslosigkeit	neg 1.0		neg 0.3836941436446766 __DUMMY__ 0.32425389626393886 off 0.29205196009138457	false	1.0
kapitulation	neg 1.0		neg 0.3863307145427056 __DUMMY__ 0.32174402167259514 off 0.29192526378469924	false	1.0
unscharf	neg 1.0		neg 0.3756878916134425 __DUMMY__ 0.32309173067851504 off 0.3012203777080425	false	1.0
schwinden	neg 1.0		neg 0.3832658225362318 __DUMMY__ 0.32459406860145695 off 0.29214010886231123	false	1.0
versklavung	neg 1.0		neg 0.38279089706001784 __DUMMY__ 0.3202383608663224 off 0.29697074207366	false	1.0
schlecht	neg 1.0		neg 0.37029988951174797 __DUMMY__ 0.32337464121948584 off 0.30632546926876614	false	1.0
verhasst	neg 1.0		neg 0.3772078221184556 __DUMMY__ 0.32321729062291493 off 0.29957488725862946	false	1.0
beschweren	neg 1.0		neg 0.37525716753887267 __DUMMY__ 0.3237168264485176 off 0.3010260060126098	false	1.0
scheiden	neg 1.0		neg 0.3702599978854545 __DUMMY__ 0.3277831682454997 off 0.3019568338690458	false	1.0
frustriert	neg 1.0		neg 0.37798488750789716 __DUMMY__ 0.3244559913483103 off 0.2975591211437925	false	1.0
schimmelig	neg 1.0		neg 0.38075311421182595 __DUMMY__ 0.32492617955167274 off 0.29432070623650136	false	1.0
fisch	neg 1.0		neg 0.3777383055478125 __DUMMY__ 0.3275952984108003 off 0.2946663960413871	false	1.0
schmuggel	neg 1.0		neg 0.3801877104987755 __DUMMY__ 0.3263645846328751 off 0.2934477048683495	false	1.0
auffallen	neg 1.0		neg 0.3745485760075827 __DUMMY__ 0.32360741362092466 off 0.30184401037149255	false	1.0
konkurrenz	neg 1.0	neg 1.0	neg 0.681317248924274 off 0.16131182799308774 __DUMMY__ 0.15737092308263823	false	1.0
teufelskreis	neg 1.0	neg 1.0	neg 0.6797809115918773 off 0.1643399732705421 __DUMMY__ 0.15587911513758074	false	1.0
aufschreien	neg 1.0		neg 0.37619455555039233 __DUMMY__ 0.32275179499315554 off 0.3010536494564521	false	1.0
schuldner	neg 1.0		neg 0.38321432147484785 __DUMMY__ 0.3244620722794546 off 0.29232360624569764	false	1.0
missgeburt	off 1.0	off 1.0	off 0.6412799772196907 neg 0.20482040513708066 __DUMMY__ 0.1538996176432287	false	1.0
arbeitslos	neg 1.0		neg 0.3815266945606523 __DUMMY__ 0.32310779109956383 off 0.29536551433978375	false	1.0
befallen	neg 1.0		neg 0.3822275401720273 __DUMMY__ 0.3225244136054216 off 0.29524804622255113	false	1.0
miesepetrig	off 1.0	off 1.0	off 0.6392290708775235 neg 0.20492829962392878 __DUMMY__ 0.15584262949854788	false	1.0
alarmieren	neg 1.0		neg 0.37750743972817297 __DUMMY__ 0.32060947033486253 off 0.3018830899369646	false	1.0
ungeduscht	off 1.0		neg 0.37247272125180864 __DUMMY__ 0.32394893953651965 off 0.30357833921167166	false	0.5
knappheit	neg 1.0		neg 0.384708031334397 __DUMMY__ 0.32257355390459314 off 0.2927184147610099	false	1.0
schlange	neg 1.0		neg 0.371682056269 __DUMMY__ 0.3258482973689194 off 0.30246964636208057	false	1.0
harsch	neg 1.0		neg 0.3669580421114977 __DUMMY__ 0.3224501220135911 off 0.3105918358749112	false	1.0
lang	neg 1.0		neg 0.37728608742185454 __DUMMY__ 0.32381871575495796 off 0.29889519682318755	false	1.0
ziellos	neg 1.0		neg 0.37742341210775876 __DUMMY__ 0.32579393716468946 off 0.2967826507275517	false	1.0
selbstverliebt	neg 1.0		neg 0.36629463663414163 __DUMMY__ 0.3175144135144227 off 0.31619094985143553	false	1.0
beseitigen	neg 1.0	neg 1.0	neg 0.6780093548969871 off 0.164910842419366 __DUMMY__ 0.1570798026836469	false	1.0
dumm	off 1.0		neg 0.36785980742914687 __DUMMY__ 0.3200806638189942 off 0.3120595287518589	false	0.5
arbeitsloser	neg 1.0		neg 0.38001355995043207 __DUMMY__ 0.3246504743713225 off 0.29533596567824555	false	1.0
blitzen	neg 1.0		neg 0.3755009507036489 __DUMMY__ 0.3226949279669161 off 0.3018041213294349	false	1.0
hilflos	neg 1.0		neg 0.37832976902350224 __DUMMY__ 0.3246040090145921 off 0.2970662219619055	false	1.0
eklig	off 1.0		neg 0.3673315683296084 __DUMMY__ 0.31991312182912995 off 0.31275530984126165	false	0.5
begriff			neg 0.3803430178608883 __DUMMY__ 0.3231531726293289 off 0.2965038095097828	false	0.0
hungersnot	neg 1.0		neg 0.38107767756375305 __DUMMY__ 0.3233120292651642 off 0.2956102931710826	false	1.0
ungesetzlich	neg 1.0		neg 0.38239276122488386 __DUMMY__ 0.31962455269331563 off 0.2979826860818006	false	1.0
verschwendung	neg 1.0		neg 0.38179039545688104 __DUMMY__ 0.32456395621656975 off 0.2936456483265493	false	1.0
schmerzvoll	neg 1.0		neg 0.3750734280078413 __DUMMY__ 0.3238628407707845 off 0.3010637312213742	false	1.0
vorzeitig	neg 1.0		neg 0.3733909281262148 __DUMMY__ 0.3239498488933822 off 0.30265922298040304	false	1.0
unvollkommenheit	neg 1.0		neg 0.376846516215103 __DUMMY__ 0.32616272733433427 off 0.2969907564505627	false	1.0
intervenieren	neg 1.0		neg 0.3858411346167524 __DUMMY__ 0.32253365563569286 off 0.29162520974755474	false	1.0
banause	off 1.0		neg 0.36737220451966535 __DUMMY__ 0.318370555931044 off 0.31425723954929063	false	0.5
rebell	neg 1.0		neg 0.38556650467127496 __DUMMY__ 0.32495006576392915 off 0.2894834295647958	false	1.0
unlogisch	neg 1.0		neg 0.3705437783502619 __DUMMY__ 0.3213304945762928 off 0.3081257270734453	false	1.0
leiden	neg 1.0		neg 0.37437067632134224 __DUMMY__ 0.32916829417365545 off 0.29646102950500236	false	1.0
abschaffung	neg 1.0		neg 0.3815263523745637 __DUMMY__ 0.3212996418101078 off 0.29717400581532855	false	1.0
sturz	neg 1.0		neg 0.3773494891412775 __DUMMY__ 0.3241240267617234 off 0.2985264840969989	false	1.0
verkleinerung	neg 1.0		neg 0.38123034644466086 __DUMMY__ 0.3195800211105355 off 0.2991896324448037	false	1.0
schmarotzer	off 1.0		neg 0.3823173351456759 __DUMMY__ 0.32274801202493003 off 0.2949346528293942	false	0.5
bestrafung	neg 1.0		neg 0.3765300787931524 __DUMMY__ 0.3233914305438239 off 0.3000784906630237	false	1.0
achtlos	neg 1.0		neg 0.37517063402665707 __DUMMY__ 0.3253234736667719 off 0.29950589230657115	false	1.0
ungeheuer	neg 1.0		neg 0.3714509614081469 __DUMMY__ 0.32495848186105025 off 0.3035905567308029	false	1.0
unaufrichtig	neg 1.0		neg 0.3791895224088469 __DUMMY__ 0.3212885679304748 off 0.29952190966067826	false	1.0
groggy	neg 1.0		neg 0.37710296676759464 __DUMMY__ 0.3221401813453284 off 0.300756851887077	false	1.0
verletzlich	neg 1.0		neg 0.3705895068418862 __DUMMY__ 0.32232118410097566 off 0.3070893090571381	false	1.0
