unsolidarisch	neg 1.0		neg 0.5270411092249161 off 0.4067465803459306 __DUMMY__ 0.0662123104291532	false	1.0
nachteilig	neg 1.0		neg 0.5276801456093381 off 0.4053489807069993 __DUMMY__ 0.06697087368366259	false	1.0
skeptisch	neg 1.0		neg 0.5275985457424915 off 0.40525591339487965 __DUMMY__ 0.06714554086262889	false	1.0
schrecklich	neg 1.0		neg 0.5106166409790057 off 0.4227231641842578 __DUMMY__ 0.06666019483673646	false	1.0
schlapp	neg 1.0	neg 1.0	neg 0.7446554184785865 off 0.22337323009464524 __DUMMY__ 0.03197135142676833	false	1.0
abfall	neg 1.0		neg 0.5300000027715082 off 0.40266472344188126 __DUMMY__ 0.06733527378661051	false	1.0
widerspenstig	neg 1.0		neg 0.5207568023562588 off 0.4121177906434146 __DUMMY__ 0.06712540700032667	false	1.0
abrupt	neg 1.0		neg 0.5235013315050467 off 0.4088283048794231 __DUMMY__ 0.06767036361553017	false	1.0
unwirksam	neg 1.0		neg 0.5257810727436302 off 0.40782676568204096 __DUMMY__ 0.06639216157432881	false	1.0
angreifen	neg 1.0	neg 1.0	neg 0.7515102005413502 off 0.21646125707002195 __DUMMY__ 0.03202854238862782	false	1.0
inkonsistent	neg 1.0		neg 0.521397922150465 off 0.4117346480317915 __DUMMY__ 0.06686742981774355	false	1.0
abrutschen	neg 1.0		neg 0.5293166037023149 off 0.40331411844015685 __DUMMY__ 0.06736927785752818	false	1.0
unsicher	neg 1.0		neg 0.5204408115574065 off 0.4123755456105272 __DUMMY__ 0.06718364283206624	false	1.0
bauernkind	off 1.0	off 1.0	off 0.6937113520711264 neg 0.27485009230101337 __DUMMY__ 0.03143855562786012	false	1.0
angreifer	neg 1.0		neg 0.5192507013124954 off 0.41361599670049687 __DUMMY__ 0.06713330198700777	false	1.0
trennen	neg 1.0		neg 0.5218211523198453 off 0.4103046224127938 __DUMMY__ 0.06787422526736088	false	1.0
schmutz	neg 1.0		neg 0.5178874482726658 off 0.41482884917427765 __DUMMY__ 0.06728370255305657	false	1.0
inkonsistenz	neg 1.0		neg 0.5194749211881174 off 0.4140789491023097 __DUMMY__ 0.06644612970957285	false	1.0
erschreckend	neg 1.0		neg 0.5230752395320588 off 0.4099131613883188 __DUMMY__ 0.06701159907962223	false	1.0
ertrinken	neg 1.0		neg 0.5239309844082596 off 0.40866617887345474 __DUMMY__ 0.06740283671828574	false	1.0
pickelface	off 1.0		neg 0.525004828919708 off 0.40807366621879093 __DUMMY__ 0.06692150486150088	false	0.5
seiner			neg 0.5252517725952187 off 0.4073281328795588 __DUMMY__ 0.0674200945252224	false	0.0
lauch	neg 1.0		neg 0.5315209475194622 off 0.4014667678006557 __DUMMY__ 0.06701228467988199	false	1.0
unwichtig	neg 1.0		neg 0.5169029983003802 off 0.4163860149964447 __DUMMY__ 0.0667109867031751	false	1.0
steuerhinterziehung	neg 1.0		neg 0.5269561383115335 off 0.4064618117988027 __DUMMY__ 0.06658204988966382	false	1.0
schock	neg 1.0		neg 0.5196657158244944 off 0.41282211097488947 __DUMMY__ 0.06751217320061617	false	1.0
beule	neg 1.0		neg 0.5146820076259616 off 0.4183876367863496 __DUMMY__ 0.06693035558768891	false	1.0
vergelten	neg 1.0		neg 0.5111082741309662 off 0.42195470718301825 __DUMMY__ 0.06693701868601576	false	1.0
verdorbenheit	neg 1.0		neg 0.5216049952529476 off 0.4112693682457865 __DUMMY__ 0.06712563650126602	false	1.0
trauma	neg 1.0		neg 0.5207152003378388 off 0.4123340996898796 __DUMMY__ 0.06695069997228156	false	1.0
sinnlos	neg 1.0		neg 0.5181077375227415 off 0.4148320804994035 __DUMMY__ 0.06706018197785496	false	1.0
fettsack	off 1.0	off 1.0	off 0.6955799608260648 neg 0.27285566517328486 __DUMMY__ 0.03156437400065036	false	1.0
feige	off 1.0	off 1.0	off 0.6921381587928314 neg 0.2761796395204032 __DUMMY__ 0.03168220168676551	false	1.0
abdanken	neg 1.0		neg 0.5249316500732311 off 0.4083573166372701 __DUMMY__ 0.06671103328949896	false	1.0
wichtigtuer	off 1.0	off 1.0	off 0.6907114744836259 neg 0.27746039215234053 __DUMMY__ 0.03182813336403352	false	1.0
misslingen	neg 1.0		neg 0.5164256451196827 off 0.41592444178943855 __DUMMY__ 0.06764991309087871	false	1.0
untreu	off 1.0		neg 0.5157816852023887 off 0.4175962856323042 __DUMMY__ 0.06662202916530717	false	0.5
missmutig	neg 1.0		neg 0.5153454424559152 off 0.41771691728259225 __DUMMY__ 0.0669376402614927	false	1.0
hurenbock	off 1.0		neg 0.5191021360940588 off 0.4137701353966285 __DUMMY__ 0.06712772850931288	false	0.5
betrunken	neg 1.0		neg 0.5113321278522309 off 0.4216672913019551 __DUMMY__ 0.067000580845814	false	1.0
korrupt	off 1.0		neg 0.5286242165662838 off 0.4049284711317981 __DUMMY__ 0.0664473123019182	false	0.5
unmut	neg 1.0		neg 0.5304860899757593 off 0.40228038167193103 __DUMMY__ 0.06723352835230963	false	1.0
hackfresse	off 1.0		neg 0.5086505024555096 off 0.4251193021353046 __DUMMY__ 0.06623019540918593	false	0.5
aufblasen	neg 1.0		neg 0.5181619736229655 off 0.41458784724444014 __DUMMY__ 0.06725017913259453	false	1.0
gewaltsam	neg 1.0		neg 0.5231052960632404 off 0.40989803868372826 __DUMMY__ 0.06699666525303126	false	1.0
unbeliebtheit	neg 1.0		neg 0.5223139359518658 off 0.4117244493849619 __DUMMY__ 0.06596161466317216	false	1.0
sturheit	neg 1.0		neg 0.523558462604321 off 0.4094948971661298 __DUMMY__ 0.0669466402295492	false	1.0
kuh	neg 1.0		neg 0.5235309505766994 off 0.4098963809409914 __DUMMY__ 0.06657266848230929	false	1.0
erschrecken	neg 1.0		neg 0.5158320136451098 off 0.41715011898486754 __DUMMY__ 0.06701786737002267	false	1.0
opfer	neg 1.0		neg 0.5247473979449211 off 0.4079882192638081 __DUMMY__ 0.06726438279127077	false	1.0
sinken	neg 1.0		neg 0.5283627309218542 off 0.404200577362264 __DUMMY__ 0.06743669171588194	false	1.0
stinktier	neg 1.0		neg 0.5127390362365594 off 0.421040316796212 __DUMMY__ 0.06622064696722858	false	1.0
tucke	off 1.0		neg 0.5114308993525843 off 0.42289018812993384 __DUMMY__ 0.06567891251748176	false	0.5
ein			neg 0.5185145477011376 off 0.41415759765324395 __DUMMY__ 0.06732785464561843	false	0.0
abstieg	neg 1.0		neg 0.5245941303067729 off 0.4079223340262934 __DUMMY__ 0.06748353566693377	false	1.0
missverstehen	neg 1.0		neg 0.5201186052415241 off 0.413195257200577 __DUMMY__ 0.06668613755789878	false	1.0
ergebnislos	neg 1.0		neg 0.5266787175169066 off 0.40614574135581427 __DUMMY__ 0.06717554112727908	false	1.0
unter			neg 0.5297904245855255 off 0.401965500572004 __DUMMY__ 0.06824407484247053	false	0.0
manipulieren	neg 1.0		neg 0.5272652556529617 off 0.405552260350947 __DUMMY__ 0.06718248399609135	false	1.0
unbewiesen	neg 1.0		neg 0.5272910360503664 off 0.4065935003925466 __DUMMY__ 0.06611546355708695	false	1.0
verschleppen	neg 1.0		neg 0.5256216334638675 off 0.40737024101737324 __DUMMY__ 0.06700812551875926	false	1.0
weib	off 1.0		neg 0.5094567574254668 off 0.42442313013772426 __DUMMY__ 0.06612011243680893	false	0.5
opposition	neg 1.0		neg 0.5218773356506768 off 0.41151721357936577 __DUMMY__ 0.06660545076995741	false	1.0
verkehrswidrig	neg 1.0	neg 1.0	neg 0.7400210349717476 off 0.2276533242245689 __DUMMY__ 0.03232564080368342	false	1.0
inkorrekt	neg 1.0		neg 0.5175848499312306 off 0.4163265285690641 __DUMMY__ 0.06608862149970532	false	1.0
vermeiden	neg 1.0		neg 0.5297409450218897 off 0.40249244934886325 __DUMMY__ 0.06776660562924715	false	1.0
abweichung	neg 1.0	neg 1.0	neg 0.750606598909164 off 0.21730871931400608 __DUMMY__ 0.03208468177682988	false	1.0
alkoholisiert	neg 1.0		neg 0.5202554832691392 off 0.4115002662412516 __DUMMY__ 0.06824425048960946	false	1.0
scheiss	off 1.0	off 1.0	off 0.693335075550324 neg 0.2748037670937364 __DUMMY__ 0.03186115735593962	false	1.0
herausforderung	neg 1.0	neg 1.0	neg 0.7483290635519941 off 0.21912116656720954 __DUMMY__ 0.03254976988079629	false	1.0
pervers	off 1.0		neg 0.5057306320776579 off 0.4282392328805655 __DUMMY__ 0.06603013504177663	false	0.5
wackelig	neg 1.0		neg 0.5200703248186829 off 0.41215914852546864 __DUMMY__ 0.06777052665584843	false	1.0
verwickeln	neg 1.0		neg 0.5198602961742722 off 0.4133906446422917 __DUMMY__ 0.06674905918343615	false	1.0
vorwand	neg 1.0		neg 0.5282305330512328 off 0.40457097296764816 __DUMMY__ 0.067198493981119	false	1.0
muschi	off 1.0		neg 0.5239402948752205 off 0.40906014052341644 __DUMMY__ 0.06699956460136317	false	0.5
entmutigung	neg 1.0		neg 0.5234136841958433 off 0.410134018846717 __DUMMY__ 0.06645229695743961	false	1.0
unangemessen	neg 1.0		neg 0.5252320108241786 off 0.40790869664274226 __DUMMY__ 0.06685929253307922	false	1.0
unstetig	neg 1.0		neg 0.5209915630178086 off 0.4120925599277458 __DUMMY__ 0.06691587705444565	false	1.0
entmutigen	neg 1.0		neg 0.5192259636050449 off 0.41368237078047776 __DUMMY__ 0.06709166561447726	false	1.0
schwanz	neg 1.0		neg 0.5268782411878394 off 0.4059355205525152 __DUMMY__ 0.06718623825964541	false	1.0
verbot	neg 1.0		neg 0.527834942633771 off 0.40551808152797314 __DUMMY__ 0.06664697583825598	false	1.0
leid	neg 1.0		neg 0.5098374718635992 off 0.42362214228315814 __DUMMY__ 0.06654038585324266	false	1.0
archaisch	neg 1.0		neg 0.523704519956533 off 0.40917423751762405 __DUMMY__ 0.0671212425258429	false	1.0
gegen			neg 0.527531118578946 off 0.40500051257735153 __DUMMY__ 0.0674683688437023	false	0.0
scheidung	neg 1.0		neg 0.5012096259541902 off 0.43273874201351004 __DUMMY__ 0.06605163203229981	false	1.0
einschlag	neg 1.0	neg 1.0	neg 0.7432059461133471 off 0.2249213500763435 __DUMMY__ 0.03187270381030935	false	1.0
m			neg 0.5227006940907538 off 0.4099676926480748 __DUMMY__ 0.06733161326117143	false	0.0
abgestanden	neg 1.0		neg 0.5207350350149252 off 0.41226929944442897 __DUMMY__ 0.06699566554064575	false	1.0
schmierig	off 1.0		neg 0.5103382090711274 off 0.42308896136337215 __DUMMY__ 0.06657282956550031	false	0.5
unpraktisch	neg 1.0		neg 0.5180823619193033 off 0.4145814776673754 __DUMMY__ 0.06733616041332123	false	1.0
wixxer	off 1.0		neg 0.5068639365941517 off 0.42723649497873967 __DUMMY__ 0.0658995684271085	false	0.5
bezeichnet			neg 0.5228645435811922 off 0.41021871953014744 __DUMMY__ 0.06691673688866048	false	0.0
jammerlappen	off 1.0		neg 0.5164817959174232 off 0.41677157546601923 __DUMMY__ 0.06674662861655768	false	0.5
farce	neg 1.0		neg 0.5272296851785495 off 0.4062064356449752 __DUMMY__ 0.06656387917647535	false	1.0
zwecklos	neg 1.0		neg 0.5245593021170519 off 0.40846842013025453 __DUMMY__ 0.06697227775269363	false	1.0
turbulent	neg 1.0		neg 0.5173512366921554 off 0.4161430531291035 __DUMMY__ 0.06650571017874102	false	1.0
invasion	neg 1.0		neg 0.5181628530226736 off 0.4148010323567589 __DUMMY__ 0.06703611462056731	false	1.0
schuld	neg 1.0		neg 0.5204658198802212 off 0.41253518221679547 __DUMMY__ 0.06699899790298335	false	1.0
risiko	neg 1.0		neg 0.5199077321935162 off 0.4128582561590847 __DUMMY__ 0.0672340116473991	false	1.0
finster	neg 1.0		neg 0.5189106327976168 off 0.41388597252879106 __DUMMY__ 0.0672033946735921	false	1.0
geisteskrank	off 1.0		neg 0.5160878775691466 off 0.41746930567135687 __DUMMY__ 0.06644281675949647	false	0.5
zusammenbrechen	neg 1.0		neg 0.5216870283964716 off 0.4110010056643874 __DUMMY__ 0.06731196593914097	false	1.0
ausbeute	neg 1.0		neg 0.5226272866314996 off 0.4095444166088884 __DUMMY__ 0.06782829675961204	false	1.0
hinterhalt	neg 1.0		neg 0.5220912366716342 off 0.4105550610523739 __DUMMY__ 0.06735370227599212	false	1.0
kritik	neg 1.0		neg 0.5270747608133723 off 0.40629929837523227 __DUMMY__ 0.06662594081139543	false	1.0
einschrumpfen	neg 1.0		neg 0.5218522212507015 off 0.41181813478839696 __DUMMY__ 0.06632964396090157	false	1.0
riskant	neg 1.0		neg 0.5264085831861919 off 0.4065410384620361 __DUMMY__ 0.06705037835177201	false	1.0
frustrieren	neg 1.0		neg 0.5252049079649196 off 0.40760239434654266 __DUMMY__ 0.06719269768853776	false	1.0
groll	neg 1.0		neg 0.5238224905069025 off 0.4090233670145427 __DUMMY__ 0.06715414247855486	false	1.0
gibt			neg 0.5230229852118042 off 0.40979924583284777 __DUMMY__ 0.06717776895534797	false	0.0
qualvoll	neg 1.0		neg 0.5160107677201543 off 0.41683305442371954 __DUMMY__ 0.0671561778561262	false	1.0
wackeln	neg 1.0	neg 1.0	neg 0.7464067546697979 off 0.2213798985455762 __DUMMY__ 0.03221334678462588	false	1.0
klagen	neg 1.0		neg 0.5295371672469825 off 0.40318425448804174 __DUMMY__ 0.06727857826497582	false	1.0
bankrott	neg 1.0		neg 0.5167567445425452 off 0.41631681623428396 __DUMMY__ 0.06692643922317075	false	1.0
trauern	neg 1.0		neg 0.5235299282495286 off 0.40897364330501157 __DUMMY__ 0.06749642844545972	false	1.0
ablehnung	neg 1.0		neg 0.5272325170965352 off 0.40617296295045324 __DUMMY__ 0.06659451995301176	false	1.0
stur	neg 1.0		neg 0.5202029629271526 off 0.41288943921262833 __DUMMY__ 0.06690759786021896	false	1.0
aufruhr	neg 1.0		neg 0.5234053308701592 off 0.4096229480374659 __DUMMY__ 0.06697172109237491	false	1.0
melancholie	neg 1.0		neg 0.5222480995695545 off 0.41032059456678865 __DUMMY__ 0.06743130586365688	false	1.0
ist			neg 0.5189716704628269 off 0.41399074097354815 __DUMMY__ 0.06703758856362503	false	0.0
torheit	neg 1.0		neg 0.5226845839640791 off 0.4106254736618902 __DUMMY__ 0.06668994237403077	false	1.0
dreckskind	off 1.0		neg 0.5115457452193728 off 0.42233578775293196 __DUMMY__ 0.06611846702769532	false	0.5
umtauschen	neg 1.0		neg 0.5207588315677829 off 0.41201792248573493 __DUMMY__ 0.0672232459464821	false	1.0
zum			neg 0.5252787097351885 off 0.4062880001036768 __DUMMY__ 0.0684332901611348	false	0.0
zersetzen	neg 1.0		neg 0.5286329486787792 off 0.40438127203826185 __DUMMY__ 0.06698577928295892	false	1.0
zur			neg 0.5305375295269669 off 0.4016932817365417 __DUMMY__ 0.06776918873649143	false	0.0
frust	neg 1.0		neg 0.5218763404189365 off 0.4108042756214509 __DUMMY__ 0.06731938395961254	false	1.0
unerbittlichkeit	neg 1.0		neg 0.5278696523763293 off 0.40505033685411074 __DUMMY__ 0.06708001076955991	false	1.0
zwei			neg 0.5242215812190033 off 0.4076309287048631 __DUMMY__ 0.06814749007613358	false	0.0
unkorrekt	neg 1.0		neg 0.5160689870313153 off 0.41773430547521373 __DUMMY__ 0.06619670749347091	false	1.0
hexe	off 1.0		neg 0.5153105899245604 off 0.4179151287874641 __DUMMY__ 0.06677428128797563	false	0.5
lasch	neg 1.0		neg 0.5191203203020827 off 0.41428576409306006 __DUMMY__ 0.06659391560485736	false	1.0
rivale	neg 1.0		neg 0.5122340336264172 off 0.42093300135372447 __DUMMY__ 0.06683296501985833	false	1.0
mutlos	off 1.0	off 1.0	off 0.6864693799795073 neg 0.28164159432754776 __DUMMY__ 0.03188902569294496	false	1.0
wirr	off 1.0		neg 0.5153207044490049 off 0.4184300549795298 __DUMMY__ 0.06624924057146528	false	0.5
jahr			neg 0.5221333652952992 off 0.40977518510183286 __DUMMY__ 0.06809144960286787	false	0.0
wird			neg 0.523773763170678 off 0.4088860786496618 __DUMMY__ 0.06734015817966017	false	0.0
strafbar	neg 1.0		neg 0.5269159716541387 off 0.40613088744550735 __DUMMY__ 0.06695314090035404	false	1.0
erosion	neg 1.0		neg 0.5194676145761677 off 0.4133017637704172 __DUMMY__ 0.06723062165341492	false	1.0
eingehen	neg 1.0		neg 0.5256780697864467 off 0.4073749536799008 __DUMMY__ 0.0669469765336524	false	1.0
faul	off 1.0		neg 0.5158445863011221 off 0.4171581884960647 __DUMMY__ 0.06699722520281313	false	0.5
provisorium	neg 1.0		neg 0.5320054120378145 off 0.40004471089463306 __DUMMY__ 0.0679498770675525	false	1.0
schmerzen	neg 1.0		neg 0.5205952302229468 off 0.4122365432229264 __DUMMY__ 0.06716822655412677	false	1.0
schrumpfen	neg 1.0		neg 0.5319221292100847 off 0.4006225220173021 __DUMMY__ 0.0674553487726131	false	1.0
geistlos	off 1.0		neg 0.5229723045004168 off 0.4107875183194386 __DUMMY__ 0.06624017718014462	false	0.5
fehlkauf	neg 1.0		neg 0.5206179897477655 off 0.41257905790910815 __DUMMY__ 0.06680295234312633	false	1.0
frustrierend	neg 1.0		neg 0.5155354040863536 off 0.4173630446509538 __DUMMY__ 0.06710155126269249	false	1.0
unzufrieden	neg 1.0		neg 0.5245912222629998 off 0.4084100866158662 __DUMMY__ 0.06699869112113419	false	1.0
verzweifeln	neg 1.0		neg 0.5212397548391713 off 0.4115885789336817 __DUMMY__ 0.06717166622714704	false	1.0
verzweifelt	neg 1.0		neg 0.5200839528768386 off 0.4130041564276237 __DUMMY__ 0.06691189069553756	false	1.0
misstrauensantrag	neg 1.0		neg 0.5205179613224238 off 0.4127969402012347 __DUMMY__ 0.06668509847634163	false	1.0
abfallen	neg 1.0		neg 0.517246586629044 off 0.4153435801746953 __DUMMY__ 0.06740983319626075	false	1.0
fucker	off 1.0		neg 0.5152686859306206 off 0.4182367633957803 __DUMMY__ 0.06649455067359929	false	0.5
ungezogen	neg 1.0		neg 0.5061195853178331 off 0.42755861985103805 __DUMMY__ 0.06632179483112877	false	1.0
irrsinnig	neg 1.0	neg 1.0	neg 0.7480192010079248 off 0.2200889934172889 __DUMMY__ 0.03189180557478626	false	1.0
unfassbar	neg 1.0		neg 0.5152567284848398 off 0.41796828610851205 __DUMMY__ 0.06677498540664811	false	1.0
hart	neg 1.0		neg 0.5191291690149064 off 0.41422552779900956 __DUMMY__ 0.06664530318608412	false	1.0
widerlich	off 1.0		neg 0.5160939689183885 off 0.4174555346686185 __DUMMY__ 0.06645049641299297	false	0.5
fatal	neg 1.0		neg 0.5200410452602338 off 0.41312573549043163 __DUMMY__ 0.06683321924933448	false	1.0
bruch	neg 1.0		neg 0.5299747479764247 off 0.40286052419847945 __DUMMY__ 0.06716472782509585	false	1.0
aushungern	neg 1.0		neg 0.5255215377979264 off 0.40780229464019835 __DUMMY__ 0.06667616756187526	false	1.0
anspannung	neg 1.0	neg 1.0	neg 0.7506818119883665 off 0.21665135926038057 __DUMMY__ 0.03266682875125294	false	1.0
von			neg 0.5240357622395063 off 0.4080216093135133 __DUMMY__ 0.0679426284469803	false	0.0
kraftlos	neg 1.0		neg 0.5211261948174979 off 0.4113419038041036 __DUMMY__ 0.06753190137839847	false	1.0
vom			neg 0.5283276138157101 off 0.4032869845442764 __DUMMY__ 0.06838540164001347	false	0.0
grenzdebil	off 1.0		neg 0.514111039509655 off 0.41914597497048484 __DUMMY__ 0.06674298551986023	false	0.5
vor			neg 0.5263137437267923 off 0.4061892452803827 __DUMMY__ 0.06749701099282507	false	0.0
unterwerfen	neg 1.0		neg 0.5253963474281154 off 0.4073856448282714 __DUMMY__ 0.06721800774361318	false	1.0
versenkung	neg 1.0		neg 0.5260716708553377 off 0.4067486928443475 __DUMMY__ 0.06717963630031472	false	1.0
entziehen	neg 1.0		neg 0.5285846121827745 off 0.40412641789739967 __DUMMY__ 0.06728896991982594	false	1.0
finanzkrise	neg 1.0		neg 0.5266559466272519 off 0.4068848764959223 __DUMMY__ 0.06645917687682562	false	1.0
schimpfend	neg 1.0		neg 0.5167700547204319 off 0.41570384615245426 __DUMMY__ 0.06752609912711374	false	1.0
profan	neg 1.0		neg 0.5183069296486597 off 0.41480046735156634 __DUMMY__ 0.066892602999774	false	1.0
korruption	neg 1.0	neg 1.0	neg 0.7518626722301895 off 0.21637586036159054 __DUMMY__ 0.03176146740821993	false	1.0
â			neg 0.524418928310599 off 0.4082966105948212 __DUMMY__ 0.06728446109457974	false	0.0
schmutzig	neg 1.0		neg 0.5143577881662833 off 0.418813530881598 __DUMMY__ 0.06682868095211866	false	1.0
sexy	neg 1.0		neg 0.5176068804221855 off 0.41550283615747663 __DUMMY__ 0.06689028342033791	false	1.0
abraten	neg 1.0		neg 0.5192210958236702 off 0.4138170789641691 __DUMMY__ 0.06696182521216079	false	1.0
schwarz	neg 1.0		neg 0.5205240129471151 off 0.412599096616083 __DUMMY__ 0.06687689043680171	false	1.0
fotze	off 1.0		neg 0.5264954870349019 off 0.40646018758354724 __DUMMY__ 0.06704432538155075	false	0.5
verwirren	neg 1.0		neg 0.5178724528611335 off 0.4152054173705409 __DUMMY__ 0.06692212976832562	false	1.0
zahnlos	off 1.0		neg 0.5250135059518682 off 0.4080571962253279 __DUMMY__ 0.06692929782280367	false	0.5
verheeren	neg 1.0		neg 0.5056490106588432 off 0.4281138536315836 __DUMMY__ 0.06623713570957321	false	1.0
hippie	neg 1.0		neg 0.5187342248241704 off 0.4144441215706164 __DUMMY__ 0.06682165360521322	false	1.0
rammen	neg 1.0		neg 0.5220004757684944 off 0.4112310553981337 __DUMMY__ 0.06676846883337184	false	1.0
unlauter	neg 1.0		neg 0.5249798875339619 off 0.4086513381301646 __DUMMY__ 0.0663687743358735	false	1.0
unheilvoll	neg 1.0		neg 0.5166341843595741 off 0.41608564313757984 __DUMMY__ 0.0672801725028461	false	1.0
niedrig	neg 1.0		neg 0.526911167495224 off 0.40592743412549454 __DUMMY__ 0.0671613983792813	false	1.0
explosion	neg 1.0		neg 0.5195507004632776 off 0.4136514699522029 __DUMMY__ 0.06679782958451963	false	1.0
weichei	off 1.0		neg 0.5106316979395419 off 0.42313361166928815 __DUMMY__ 0.06623469039117004	false	0.5
minusmensch	off 1.0		neg 0.5108522661900387 off 0.4236801542241968 __DUMMY__ 0.06546757958576463	false	0.5
farblos	neg 1.0		neg 0.5192447646888774 off 0.41313743173940715 __DUMMY__ 0.06761780357171558	false	1.0
unwissend	neg 1.0	neg 1.0	neg 0.745445587841079 off 0.22275185554746976 __DUMMY__ 0.03180255661145133	false	1.0
traurig	neg 1.0		neg 0.5114335341067273 off 0.42181361595301803 __DUMMY__ 0.06675284994025464	false	1.0
senkung	neg 1.0		neg 0.5208668394580209 off 0.4126085891044069 __DUMMY__ 0.06652457143757225	false	1.0
ungleich	neg 1.0	neg 1.0	neg 0.7518106612649176 off 0.21628528771823496 __DUMMY__ 0.031904051016847505	false	1.0
heikel	neg 1.0		neg 0.5278495619531673 off 0.4050840390928585 __DUMMY__ 0.06706639895397414	false	1.0
drosselung	neg 1.0		neg 0.5148766598991378 off 0.4183862838220765 __DUMMY__ 0.06673705627878565	false	1.0
falsch	neg 1.0		neg 0.516650280005991 off 0.41648003762848546 __DUMMY__ 0.06686968236552343	false	1.0
unzufriedenheit	neg 1.0		neg 0.5279641734512281 off 0.40485497328813974 __DUMMY__ 0.0671808532606322	false	1.0
kurz	neg 1.0		neg 0.5201220060625116 off 0.41229842738040356 __DUMMY__ 0.0675795665570849	false	1.0
unsinnig	neg 1.0		neg 0.5251327832835403 off 0.40807143401291635 __DUMMY__ 0.06679578270354343	false	1.0
penner	off 1.0	off 1.0	off 0.6973146843251391 neg 0.27113727483994515 __DUMMY__ 0.031548040834915796	false	1.0
seicht	neg 1.0		neg 0.509002269966401 off 0.42510055731177226 __DUMMY__ 0.06589717272182664	false	1.0
dummheit	off 1.0	off 1.0	off 0.6906175033785767 neg 0.2776206131376285 __DUMMY__ 0.03176188348379474	false	1.0
unerfreulich	neg 1.0		neg 0.5273540988333345 off 0.4053037731944702 __DUMMY__ 0.06734212797219533	false	1.0
motherfucker	off 1.0	off 1.0	off 0.6930030350385729 neg 0.27536332691874293 __DUMMY__ 0.03163363804268433	false	1.0
pikiert	neg 1.0		neg 0.5176028359830649 off 0.41595146873799377 __DUMMY__ 0.06644569527894133	false	1.0
wrack	neg 1.0		neg 0.5225770156497134 off 0.40971531703556446 __DUMMY__ 0.06770766731472215	false	1.0
gangster	neg 1.0		neg 0.5186443110578726 off 0.4144428261241803 __DUMMY__ 0.06691286281794699	false	1.0
krank	neg 1.0		neg 0.5123770191060557 off 0.420658709236686 __DUMMY__ 0.06696427165725823	false	1.0
reich	neg 1.0		neg 0.5181941380171372 off 0.4151923451642675 __DUMMY__ 0.06661351681859544	false	1.0
gnadenlos	neg 1.0		neg 0.5201790389069914 off 0.41277581629494275 __DUMMY__ 0.06704514479806573	false	1.0
niedergeschlagen	neg 1.0		neg 0.5212407704994777 off 0.4114062096361332 __DUMMY__ 0.06735301986438912	false	1.0
terrorisieren	off 1.0	off 1.0	off 0.687575214268768 neg 0.2803743380367635 __DUMMY__ 0.03205044769446856	false	1.0
sinnlosigkeit	neg 1.0		neg 0.5238600025931388 off 0.40906314027754864 __DUMMY__ 0.06707685712931254	false	1.0
behindern	neg 1.0		neg 0.5231856701785379 off 0.4098844795883755 __DUMMY__ 0.06692985023308644	false	1.0
undemokratisch	neg 1.0		neg 0.524069243708822 off 0.4094554551471158 __DUMMY__ 0.06647530114406223	false	1.0
wirtschaftskrise	neg 1.0		neg 0.5275376935360074 off 0.4056579441958931 __DUMMY__ 0.06680436226809956	false	1.0
neid	neg 1.0		neg 0.5129307719471878 off 0.4197427116598688 __DUMMY__ 0.06732651639294328	false	1.0
rutschen	neg 1.0	neg 1.0	neg 0.7496182452182543 off 0.21776514133445682 __DUMMY__ 0.03261661344728888	false	1.0
rezession	neg 1.0		neg 0.5158307050808475 off 0.4182505867440067 __DUMMY__ 0.06591870817514575	false	1.0
fehlgeburt	neg 1.0		neg 0.5177863632496772 off 0.41504321808616135 __DUMMY__ 0.06717041866416143	false	1.0
charakterschwach	off 1.0		neg 0.5156688529840208 off 0.417733696837573 __DUMMY__ 0.06659745017840614	false	0.5
isolation	neg 1.0		neg 0.5157144257508723 off 0.41720672509095696 __DUMMY__ 0.06707884915817068	false	1.0
ablenkung	neg 1.0		neg 0.5201863728341168 off 0.4126543089233765 __DUMMY__ 0.06715931824250673	false	1.0
pech	neg 1.0		neg 0.5160320587710404 off 0.4169415717547236 __DUMMY__ 0.06702636947423593	false	1.0
vermeidung	neg 1.0		neg 0.5160943200540034 off 0.4174267947145772 __DUMMY__ 0.06647888523141936	false	1.0
dominieren	neg 1.0		neg 0.5223842840034357 off 0.4099936036885441 __DUMMY__ 0.06762211230802019	false	1.0
schwindlig	neg 1.0		neg 0.5157872504536484 off 0.41684416087526216 __DUMMY__ 0.06736858867108954	false	1.0
lutscher	neg 1.0	neg 1.0	neg 0.740971627269969 off 0.2276147684136056 __DUMMY__ 0.03141360431642543	false	1.0
pflicht	neg 1.0		neg 0.5273545802770584 off 0.40546320858334384 __DUMMY__ 0.06718221113959784	false	1.0
faschist	off 1.0		neg 0.5213983948054086 off 0.4121748229755646 __DUMMY__ 0.06642678221902659	false	0.5
verschleudern	neg 1.0		neg 0.5300221361126993 off 0.4034152498595801 __DUMMY__ 0.06656261402772053	false	1.0
wenn			neg 0.5162284493625089 off 0.41688164030856967 __DUMMY__ 0.06688991032892146	false	0.0
ehebruch	neg 1.0		neg 0.5262236425600322 off 0.406798332785441 __DUMMY__ 0.06697802465452679	false	1.0
spott	off 1.0		neg 0.5274345784968016 off 0.40566405002133243 __DUMMY__ 0.06690137148186598	false	0.5
trostlosigkeit	neg 1.0		neg 0.5283375998003162 off 0.40438615253289234 __DUMMY__ 0.06727624766679142	false	1.0
lutschen	neg 1.0		neg 0.5207841628419181 off 0.41261395318300215 __DUMMY__ 0.06660188397507971	false	1.0
undiszipliniert	neg 1.0		neg 0.5128215924755793 off 0.42045921062340075 __DUMMY__ 0.06671919690102003	false	1.0
kopfschmerz	neg 1.0		neg 0.5210447845391399 off 0.41156419954428575 __DUMMY__ 0.06739101591657419	false	1.0
unvorhergesehen	neg 1.0		neg 0.521269583377353 off 0.4108816323491851 __DUMMY__ 0.06784878427346205	false	1.0
desinteressiert	neg 1.0		neg 0.5140595962099098 off 0.4193845001975906 __DUMMY__ 0.06655590359249954	false	1.0
armselig	off 1.0		neg 0.5145966328750244 off 0.41913410575130366 __DUMMY__ 0.06626926137367194	false	0.5
desaster	neg 1.0		neg 0.5306669075257292 off 0.40216042503621297 __DUMMY__ 0.06717266743805768	false	1.0
tod	neg 1.0		neg 0.524321882882274 off 0.40839164123724253 __DUMMY__ 0.0672864758804835	false	1.0
herzlos	neg 1.0		neg 0.5126824638561437 off 0.4208573815582207 __DUMMY__ 0.06646015458563558	false	1.0
unwissenheit	neg 1.0		neg 0.5261538089981389 off 0.40707387542883317 __DUMMY__ 0.06677231557302792	false	1.0
widersinnig	neg 1.0	neg 1.0	neg 0.7513709401929843 off 0.21691430470097436 __DUMMY__ 0.03171475510604127	false	1.0
bedenklich	neg 1.0		neg 0.526337439775384 off 0.4066629370208786 __DUMMY__ 0.06699962320373722	false	1.0
beanstanden	neg 1.0		neg 0.52793771049345 off 0.4048378068396737 __DUMMY__ 0.0672244826668764	false	1.0
panisch	neg 1.0	neg 1.0	neg 0.7444852497458893 off 0.22324512389183246 __DUMMY__ 0.03226962636227826	false	1.0
debil	off 1.0		neg 0.5324213757888808 off 0.40002338681843547 __DUMMY__ 0.06755523739268385	false	0.5
abstrich	neg 1.0		neg 0.5253868438332615 off 0.40758756244081595 __DUMMY__ 0.06702559372592252	false	1.0
primitiv	neg 1.0		neg 0.515534578838585 off 0.4180139176334657 __DUMMY__ 0.06645150352794929	false	1.0
abschaum	off 1.0	off 1.0	off 0.6921346140422618 neg 0.2761111316053065 __DUMMY__ 0.031754254352431725	false	1.0
provozieren	neg 1.0		neg 0.5214493837415676 off 0.411670384360506 __DUMMY__ 0.06688023189792651	false	1.0
tot	neg 1.0		neg 0.5251167604300707 off 0.40763739999933507 __DUMMY__ 0.06724583957059417	false	1.0
instabil	neg 1.0		neg 0.5174888187060411 off 0.4163274765316987 __DUMMY__ 0.06618370476226006	false	1.0
schwuchtel	off 1.0		neg 0.5044489572093673 off 0.4300249314932894 __DUMMY__ 0.0655261112973433	false	0.5
zerren	neg 1.0		neg 0.5209406078893953 off 0.41167354370087633 __DUMMY__ 0.06738584840972847	false	1.0
kinderficker	off 1.0		neg 0.5124701699705907 off 0.4214400466668394 __DUMMY__ 0.06608978336256997	false	0.5
gefahr	neg 1.0		neg 0.5277996533040082 off 0.4050036865595037 __DUMMY__ 0.06719666013648808	false	1.0
rabiat	neg 1.0		neg 0.5224123990340299 off 0.410719951136557 __DUMMY__ 0.06686764982941301	false	1.0
verlangsamung	neg 1.0		neg 0.5108309032814526 off 0.42317794237232026 __DUMMY__ 0.0659911543462271	false	1.0
ausgestorben	neg 1.0		neg 0.5206347670027275 off 0.4120829116704203 __DUMMY__ 0.06728232132685207	false	1.0
anklagen	neg 1.0		neg 0.5252346022901256 off 0.4079318131251872 __DUMMY__ 0.06683358458468726	false	1.0
trott	neg 1.0		neg 0.5214146217311928 off 0.41141279537611225 __DUMMY__ 0.06717258289269502	false	1.0
verminderung	neg 1.0		neg 0.5144239239980212 off 0.41900809852258286 __DUMMY__ 0.06656797747939597	false	1.0
nach			neg 0.5257193850033778 off 0.40598938299842685 __DUMMY__ 0.06829123199819526	false	0.0
rost	neg 1.0		neg 0.510588145237258 off 0.42312882372591387 __DUMMY__ 0.06628303103682821	false	1.0
destruktiv	neg 1.0		neg 0.5241913441413472 off 0.40912370845828744 __DUMMY__ 0.06668494740036535	false	1.0
unzumutbarkeit	neg 1.0		neg 0.5156403210860911 off 0.41743680243743847 __DUMMY__ 0.06692287647647036	false	1.0
labil	off 1.0	off 1.0	off 0.6920100125965487 neg 0.27624022586129193 __DUMMY__ 0.03174976154215934	false	1.0
ziemlich	neg 1.0		neg 0.5136576092787296 off 0.4194024321355595 __DUMMY__ 0.06693995858571095	false	1.0
lachnummer	off 1.0		neg 0.5224359945037956 off 0.41063839043736355 __DUMMY__ 0.06692561505884083	false	0.5
oder			neg 0.5191115188097386 off 0.4135627241052276 __DUMMY__ 0.06732575708503372	false	0.0
verfall	neg 1.0		neg 0.5329228955554353 off 0.39977335902122435 __DUMMY__ 0.06730374542334032	false	1.0
ausgrenzung	neg 1.0		neg 0.5238739437747567 off 0.40976913254309266 __DUMMY__ 0.06635692368215057	false	1.0
unordnung	neg 1.0		neg 0.5152448518422477 off 0.4179277901827756 __DUMMY__ 0.06682735797497674	false	1.0
fehlverhalten	neg 1.0		neg 0.5280440684528983 off 0.4049403369370968 __DUMMY__ 0.0670155946100049	false	1.0
eine			neg 0.5265417113647997 off 0.4060847832746177 __DUMMY__ 0.06737350536058247	false	0.0
nille	neg 1.0		neg 0.5231221491919776 off 0.40983903274187594 __DUMMY__ 0.06703881806614634	false	1.0
qual	neg 1.0		neg 0.5220258667051875 off 0.41085455898261236 __DUMMY__ 0.06711957431220016	false	1.0
verschwenden	neg 1.0		neg 0.5254673412779405 off 0.40750263176276913 __DUMMY__ 0.06703002695929036	false	1.0
riesig	neg 1.0	neg 1.0	neg 0.7495393329317291 off 0.21828003307962635 __DUMMY__ 0.03218063398864446	false	1.0
verurteilen	neg 1.0		neg 0.5256138578658704 off 0.40751790467015253 __DUMMY__ 0.06686823746397712	false	1.0
klischee	neg 1.0	neg 1.0	neg 0.7470959119542291 off 0.22116713836520024 __DUMMY__ 0.03173694968057058	false	1.0
diktatorisch	neg 1.0		neg 0.5247995071773871 off 0.4089526547062109 __DUMMY__ 0.06624783811640203	false	1.0
vorhersehbar	neg 1.0	neg 1.0	neg 0.7471369191479111 off 0.22105190359574442 __DUMMY__ 0.03181117725634436	false	1.0
sowie			neg 0.5122554662055688 off 0.42160768261423065 __DUMMY__ 0.06613685118020049	false	0.0
stornieren	neg 1.0		neg 0.5162743131676483 off 0.41603131769892254 __DUMMY__ 0.06769436913342915	false	1.0
besteuerung	neg 1.0		neg 0.5239864294292156 off 0.4095213148492603 __DUMMY__ 0.06649225572152405	false	1.0
ungeschminkt	neg 1.0		neg 0.5161519248158939 off 0.41735498229235235 __DUMMY__ 0.06649309289175373	false	1.0
kritisch	neg 1.0		neg 0.526232903199988 off 0.40670408425269017 __DUMMY__ 0.06706301254732194	false	1.0
schlamperei	off 1.0		neg 0.528901786060754 off 0.40421617004812305 __DUMMY__ 0.06688204389112297	false	0.5
sucht	neg 1.0	neg 1.0	neg 0.748086917272842 off 0.21987709517066117 __DUMMY__ 0.03203598755649681	false	1.0
egoistisch	off 1.0		neg 0.5095105861830094 off 0.4240531866931431 __DUMMY__ 0.06643622712384747	false	0.5
ausbeuter	off 1.0		neg 0.5294893786833416 off 0.40369510103197626 __DUMMY__ 0.06681552028468211	false	0.5
arschgeburt	off 1.0		neg 0.5047719311458946 off 0.42977443915258856 __DUMMY__ 0.06545362970151679	false	0.5
schubs	neg 1.0	neg 1.0	neg 0.7481788767471383 off 0.21956734978009057 __DUMMY__ 0.03225377347277114	false	1.0
unsolide	neg 1.0		neg 0.5262393652903794 off 0.40786449180190903 __DUMMY__ 0.06589614290771148	false	1.0
beschwerde	neg 1.0		neg 0.5289710234581481 off 0.40420139918980724 __DUMMY__ 0.06682757735204457	false	1.0
stocken	neg 1.0		neg 0.5271063235238923 off 0.4058962667681777 __DUMMY__ 0.06699740970793014	false	1.0
isolieren	neg 1.0		neg 0.5259222140583998 off 0.4071484308106204 __DUMMY__ 0.06692935513097968	false	1.0
unheilbar	neg 1.0		neg 0.5195909871308997 off 0.4131850717940142 __DUMMY__ 0.067223941075086	false	1.0
pisser	off 1.0		neg 0.5153805321654291 off 0.4181888304001014 __DUMMY__ 0.06643063743446939	false	0.5
löschen	neg 1.0		neg 0.5216353329904684 off 0.41132192176523535 __DUMMY__ 0.0670427452442963	false	1.0
durchfallen	neg 1.0		neg 0.5256195081015198 off 0.40751382659617 __DUMMY__ 0.06686666530231025	false	1.0
wichser	off 1.0		neg 0.5050770849298988 off 0.4288071763357495 __DUMMY__ 0.0661157387343518	false	0.5
terror	neg 1.0		neg 0.5176109266860573 off 0.41533517779348467 __DUMMY__ 0.06705389552045814	false	1.0
krass	neg 1.0		neg 0.5121488777351079 off 0.42141982611114687 __DUMMY__ 0.06643129615374514	false	1.0
revolte	neg 1.0	neg 1.0	neg 0.7486820599052818 off 0.21961545370704677 __DUMMY__ 0.03170248638767137	false	1.0
besorgt	neg 1.0		neg 0.5208348410199705 off 0.4115825176140413 __DUMMY__ 0.06758264136598828	false	1.0
nachlassen	neg 1.0		neg 0.5257189174676506 off 0.4070176926761315 __DUMMY__ 0.06726338985621802	false	1.0
alt	neg 1.0		neg 0.5243920099671583 off 0.4083745990806304 __DUMMY__ 0.06723339095221134	false	1.0
hundesohn	off 1.0		neg 0.5094013995977321 off 0.4247904325484306 __DUMMY__ 0.06580816785383728	false	0.5
als			neg 0.5216003143636997 off 0.4109931999895327 __DUMMY__ 0.06740648564676757	false	0.0
abschreckung	neg 1.0		neg 0.5290796095498398 off 0.40375240022252085 __DUMMY__ 0.06716799022763945	false	1.0
unqualifiziert	neg 1.0		neg 0.5206993605907333 off 0.41288098711189886 __DUMMY__ 0.06641965229736776	false	1.0
abgewichst	off 1.0		neg 0.5230257745381525 off 0.4097989283796075 __DUMMY__ 0.06717529708224	false	0.5
schwer	neg 1.0		neg 0.5207243595332801 off 0.41211256080738773 __DUMMY__ 0.06716307965933213	false	1.0
bedeutungslosigkeit	neg 1.0		neg 0.5279402709780443 off 0.4049176192073951 __DUMMY__ 0.0671421098145607	false	1.0
kapitulation	neg 1.0		neg 0.5295352453153832 off 0.4038658326670689 __DUMMY__ 0.0665989220175481	false	1.0
unscharf	neg 1.0		neg 0.5189008699122084 off 0.4142163884744121 __DUMMY__ 0.06688274161337944	false	1.0
schwinden	neg 1.0		neg 0.5276414973399814 off 0.40514796908237144 __DUMMY__ 0.06721053357764704	false	1.0
versklavung	neg 1.0		neg 0.5251298191547418 off 0.40859662859217705 __DUMMY__ 0.06627355225308121	false	1.0
schlecht	neg 1.0		neg 0.513473981117236 off 0.4195727533229447 __DUMMY__ 0.06695326555981929	false	1.0
verhasst	neg 1.0		neg 0.5206510291553857 off 0.4124293052755059 __DUMMY__ 0.0669196655691083	false	1.0
beschweren	neg 1.0		neg 0.5188161934343811 off 0.41415516641553224 __DUMMY__ 0.06702864015008662	false	1.0
scheiden	neg 1.0		neg 0.5154993908226342 off 0.41661400904132173 __DUMMY__ 0.06788660013604411	false	1.0
frustriert	neg 1.0		neg 0.5220199189321263 off 0.41079147312354514 __DUMMY__ 0.06718860794432867	false	1.0
schimmelig	neg 1.0		neg 0.5250526571331158 off 0.40767299495715975 __DUMMY__ 0.0672743479097244	false	1.0
fisch	neg 1.0		neg 0.5231836670802967 off 0.4089744843026836 __DUMMY__ 0.06784184861701976	false	1.0
schmuggel	neg 1.0		neg 0.525261131816185 off 0.40715399188421175 __DUMMY__ 0.06758487629960339	false	1.0
auffallen	neg 1.0		neg 0.5180146132522016 off 0.4149810706792062 __DUMMY__ 0.06700431606859224	false	1.0
konkurrenz	neg 1.0	neg 1.0	neg 0.7514373265055574 off 0.21633133473751512 __DUMMY__ 0.03223133875692743	false	1.0
teufelskreis	neg 1.0	neg 1.0	neg 0.7491901671667907 off 0.21888713573367655 __DUMMY__ 0.03192269709953282	false	1.0
aufschreien	neg 1.0		neg 0.5193488267140858 off 0.41383094364638456 __DUMMY__ 0.06682022963952969	false	1.0
schuldner	neg 1.0		neg 0.5275499960250842 off 0.4052694537131398 __DUMMY__ 0.06718055026177584	false	1.0
missgeburt	off 1.0	off 1.0	off 0.6951934342436449 neg 0.27330015304490796 __DUMMY__ 0.031506412711447135	false	1.0
arbeitslos	neg 1.0		neg 0.525111344529693 off 0.4079904057067593 __DUMMY__ 0.06689824976354782	false	1.0
befallen	neg 1.0		neg 0.5255875302073618 off 0.4076523141683127 __DUMMY__ 0.06676015562432551	false	1.0
miesepetrig	off 1.0	off 1.0	off 0.6938457912374209 neg 0.2742415453243119 __DUMMY__ 0.03191266343826713	false	1.0
alarmieren	neg 1.0		neg 0.5197883205250189 off 0.4138594833847201 __DUMMY__ 0.06635219609026088	false	1.0
ungeduscht	off 1.0		neg 0.5159374379923835 off 0.4169931680851486 __DUMMY__ 0.06706939392246801	false	0.5
knappheit	neg 1.0		neg 0.5281915751789705 off 0.40503471363817123 __DUMMY__ 0.06677371118285821	false	1.0
schlange	neg 1.0		neg 0.5160600589782579 off 0.4164558638687403 __DUMMY__ 0.06748407715300195	false	1.0
harsch	neg 1.0		neg 0.5095566362886631 off 0.4236955512382031 __DUMMY__ 0.06674781247313379	false	1.0
lang	neg 1.0		neg 0.5209828354864815 off 0.4119657458089403 __DUMMY__ 0.06705141870457824	false	1.0
ziellos	neg 1.0		neg 0.5220476660946896 off 0.41047773003072935 __DUMMY__ 0.06747460387458123	false	1.0
selbstverliebt	neg 1.0		neg 0.5065788307967257 off 0.42773184082594773 __DUMMY__ 0.06568932837732666	false	1.0
beseitigen	neg 1.0	neg 1.0	neg 0.7479585897093652 off 0.21987359674627915 __DUMMY__ 0.03216781354435558	false	1.0
dumm	off 1.0		neg 0.5093818131481403 off 0.4243757853490736 __DUMMY__ 0.06624240150278615	false	0.5
arbeitsloser	neg 1.0		neg 0.5242964417916035 off 0.4084785767554295 __DUMMY__ 0.06722498145296704	false	1.0
blitzen	neg 1.0		neg 0.5186196412698816 off 0.414573732407732 __DUMMY__ 0.06680662632238646	false	1.0
hilflos	neg 1.0		neg 0.522443865717675 off 0.41033658695119757 __DUMMY__ 0.06721954733112735	false	1.0
eklig	off 1.0		neg 0.5087404047251781 off 0.4250551623005398 __DUMMY__ 0.06620443297428212	false	0.5
begriff			neg 0.5238966714149025 off 0.40919831576096344 __DUMMY__ 0.06690501282413407	false	0.0
hungersnot	neg 1.0		neg 0.5247779677667769 off 0.4082912344121786 __DUMMY__ 0.06693079782104455	false	1.0
ungesetzlich	neg 1.0		neg 0.5244768230391321 off 0.4093814067201067 __DUMMY__ 0.06614177024076118	false	1.0
verschwendung	neg 1.0		neg 0.5260575483618968 off 0.40673143796497485 __DUMMY__ 0.06721101367312837	false	1.0
schmerzvoll	neg 1.0		neg 0.5186800526877713 off 0.4142600731014076 __DUMMY__ 0.06705987421082127	false	1.0
vorzeitig	neg 1.0		neg 0.5170059215851057 off 0.4159268515229638 __DUMMY__ 0.06706722689193048	false	1.0
unvollkommenheit	neg 1.0		neg 0.5216428195050922 off 0.4108151944698654 __DUMMY__ 0.0675419860250424	false	1.0
intervenieren	neg 1.0		neg 0.5293936262721641 off 0.4038365679274838 __DUMMY__ 0.06676980580035198	false	1.0
banause	off 1.0		neg 0.5080668992195657 off 0.4260620698646597 __DUMMY__ 0.06587103091577468	false	0.5
rebell	neg 1.0		neg 0.5301492757167887 off 0.4025679333760827 __DUMMY__ 0.06728279090712859	false	1.0
unlogisch	neg 1.0		neg 0.5127678318169239 off 0.420720350823123 __DUMMY__ 0.06651181735995323	false	1.0
leiden	neg 1.0		neg 0.5204208824799577 off 0.4113882364946717 __DUMMY__ 0.06819088102537056	false	1.0
abschaffung	neg 1.0		neg 0.5242790255181052 off 0.40921927219945015 __DUMMY__ 0.0665017022824446	false	1.0
sturz	neg 1.0		neg 0.5212262326759252 off 0.4116684473093804 __DUMMY__ 0.06710532001469441	false	1.0
verkleinerung	neg 1.0		neg 0.523157504585723 off 0.4107132948417236 __DUMMY__ 0.06612920057255345	false	1.0
schmarotzer	off 1.0		neg 0.525787586931159 off 0.4073939900314689 __DUMMY__ 0.06681842303737197	false	0.5
bestrafung	neg 1.0		neg 0.5200344016556587 off 0.41301013562603606 __DUMMY__ 0.06695546271830517	false	1.0
achtlos	neg 1.0		neg 0.5194717350392005 off 0.413155374971151 __DUMMY__ 0.06737288998964848	false	1.0
ungeheuer	neg 1.0		neg 0.5154253136942933 off 0.4172878220785768 __DUMMY__ 0.0672868642271299	false	1.0
unaufrichtig	neg 1.0		neg 0.5218462821857089 off 0.41165580739075947 __DUMMY__ 0.06649791042353169	false	1.0
groggy	neg 1.0		neg 0.5200571950976967 off 0.4132533870301791 __DUMMY__ 0.06668941787212429	false	1.0
verletzlich	neg 1.0		neg 0.5132757580064898 off 0.4200011915982336 __DUMMY__ 0.06672305039527672	false	1.0
