unsolidarisch	neg 1.0		neg 0.5270411092249163 off 0.40674658034593036 __DUMMY__ 0.06621231042915315	false	1.0
nachteilig	neg 1.0		neg 0.5276801456093383 off 0.40534898070699926 __DUMMY__ 0.06697087368366252	false	1.0
skeptisch	neg 1.0		neg 0.5275985457424911 off 0.40525591339488004 __DUMMY__ 0.0671455408626288	false	1.0
schrecklich	neg 1.0		neg 0.5106166409790054 off 0.42272316418425826 __DUMMY__ 0.06666019483673638	false	1.0
schlapp	neg 1.0	neg 1.0	neg 0.7446554184785866 off 0.22337323009464505 __DUMMY__ 0.03197135142676833	false	1.0
abfall	neg 1.0		neg 0.5300000027715084 off 0.4026647234418811 __DUMMY__ 0.06733527378661044	false	1.0
widerspenstig	neg 1.0		neg 0.5207568023562584 off 0.41211779064341486 __DUMMY__ 0.06712540700032667	false	1.0
abrupt	neg 1.0		neg 0.5235013315050467 off 0.4088283048794233 __DUMMY__ 0.0676703636155301	false	1.0
unwirksam	neg 1.0		neg 0.5257810727436305 off 0.40782676568204096 __DUMMY__ 0.06639216157432869	false	1.0
angreifen	neg 1.0	neg 1.0	neg 0.7515102005413501 off 0.216461257070022 __DUMMY__ 0.03202854238862783	false	1.0
inkonsistent	neg 1.0		neg 0.5213979221504647 off 0.41173464803179183 __DUMMY__ 0.06686742981774355	false	1.0
abrutschen	neg 1.0		neg 0.5293166037023149 off 0.40331411844015685 __DUMMY__ 0.06736927785752823	false	1.0
unsicher	neg 1.0		neg 0.5204408115574063 off 0.4123755456105273 __DUMMY__ 0.06718364283206638	false	1.0
bauernkind	off 1.0	off 1.0	off 0.6937113520711264 neg 0.2748500923010136 __DUMMY__ 0.03143855562786011	false	1.0
angreifer	neg 1.0		neg 0.5192507013124954 off 0.41361599670049676 __DUMMY__ 0.06713330198700775	false	1.0
trennen	neg 1.0		neg 0.5218211523198449 off 0.4103046224127944 __DUMMY__ 0.06787422526736073	false	1.0
schmutz	neg 1.0		neg 0.5178874482726658 off 0.4148288491742776 __DUMMY__ 0.0672837025530566	false	1.0
inkonsistenz	neg 1.0		neg 0.5194749211881172 off 0.41407894910230997 __DUMMY__ 0.06644612970957298	false	1.0
erschreckend	neg 1.0		neg 0.5230752395320593 off 0.40991316138831835 __DUMMY__ 0.06701159907962234	false	1.0
ertrinken	neg 1.0		neg 0.5239309844082596 off 0.4086661788734545 __DUMMY__ 0.06740283671828591	false	1.0
pickelface	off 1.0		neg 0.5250048289197079 off 0.4080736662187914 __DUMMY__ 0.06692150486150072	false	0.5
seiner			neg 0.525251772595219 off 0.4073281328795585 __DUMMY__ 0.06742009452522246	false	0.0
lauch	neg 1.0		neg 0.5315209475194629 off 0.40146676780065504 __DUMMY__ 0.06701228467988196	false	1.0
unwichtig	neg 1.0		neg 0.5169029983003797 off 0.41638601499644523 __DUMMY__ 0.06671098670317513	false	1.0
steuerhinterziehung	neg 1.0		neg 0.526956138311534 off 0.40646181179880225 __DUMMY__ 0.06658204988966379	false	1.0
schock	neg 1.0		neg 0.519665715824495 off 0.4128221109748891 __DUMMY__ 0.06751217320061587	false	1.0
beule	neg 1.0		neg 0.5146820076259616 off 0.4183876367863493 __DUMMY__ 0.06693035558768896	false	1.0
vergelten	neg 1.0		neg 0.5111082741309664 off 0.421954707183018 __DUMMY__ 0.06693701868601573	false	1.0
verdorbenheit	neg 1.0		neg 0.521604995252947 off 0.4112693682457871 __DUMMY__ 0.06712563650126602	false	1.0
trauma	neg 1.0		neg 0.5207152003378375 off 0.41233409968988083 __DUMMY__ 0.06695069997228165	false	1.0
sinnlos	neg 1.0		neg 0.518107737522742 off 0.41483208049940323 __DUMMY__ 0.06706018197785495	false	1.0
fettsack	off 1.0	off 1.0	off 0.6955799608260645 neg 0.2728556651732851 __DUMMY__ 0.03156437400065039	false	1.0
feige	off 1.0	off 1.0	off 0.6921381587928315 neg 0.27617963952040303 __DUMMY__ 0.03168220168676553	false	1.0
abdanken	neg 1.0		neg 0.5249316500732308 off 0.4083573166372702 __DUMMY__ 0.06671103328949898	false	1.0
wichtigtuer	off 1.0	off 1.0	off 0.6907114744836264 neg 0.2774603921523402 __DUMMY__ 0.031828133364033444	false	1.0
misslingen	neg 1.0		neg 0.5164256451196823 off 0.4159244417894389 __DUMMY__ 0.06764991309087867	false	1.0
untreu	off 1.0		neg 0.515781685202389 off 0.4175962856323038 __DUMMY__ 0.06662202916530714	false	0.5
missmutig	neg 1.0		neg 0.5153454424559145 off 0.41771691728259286 __DUMMY__ 0.0669376402614926	false	1.0
hurenbock	off 1.0		neg 0.5191021360940583 off 0.4137701353966289 __DUMMY__ 0.06712772850931292	false	0.5
betrunken	neg 1.0		neg 0.5113321278522306 off 0.42166729130195535 __DUMMY__ 0.06700058084581409	false	1.0
korrupt	off 1.0		neg 0.5286242165662837 off 0.40492847113179814 __DUMMY__ 0.06644731230191825	false	0.5
unmut	neg 1.0		neg 0.5304860899757586 off 0.4022803816719319 __DUMMY__ 0.06723352835230949	false	1.0
hackfresse	off 1.0		neg 0.508650502455509 off 0.42511930213530513 __DUMMY__ 0.06623019540918584	false	0.5
aufblasen	neg 1.0		neg 0.5181619736229657 off 0.41458784724444 __DUMMY__ 0.06725017913259447	false	1.0
gewaltsam	neg 1.0		neg 0.5231052960632402 off 0.4098980386837286 __DUMMY__ 0.06699666525303127	false	1.0
unbeliebtheit	neg 1.0		neg 0.5223139359518659 off 0.41172444938496205 __DUMMY__ 0.06596161466317206	false	1.0
sturheit	neg 1.0		neg 0.5235584626043217 off 0.4094948971661294 __DUMMY__ 0.06694664022954905	false	1.0
kuh	neg 1.0		neg 0.5235309505766991 off 0.4098963809409915 __DUMMY__ 0.06657266848230935	false	1.0
erschrecken	neg 1.0		neg 0.5158320136451097 off 0.4171501189848677 __DUMMY__ 0.06701786737002263	false	1.0
opfer	neg 1.0		neg 0.5247473979449206 off 0.4079882192638085 __DUMMY__ 0.0672643827912708	false	1.0
sinken	neg 1.0		neg 0.5283627309218544 off 0.4042005773622637 __DUMMY__ 0.06743669171588185	false	1.0
stinktier	neg 1.0		neg 0.5127390362365595 off 0.42104031679621207 __DUMMY__ 0.06622064696722856	false	1.0
tucke	off 1.0		neg 0.511430899352584 off 0.4228901881299343 __DUMMY__ 0.06567891251748173	false	0.5
ein			neg 0.5185145477011377 off 0.414157597653244 __DUMMY__ 0.06732785464561847	false	0.0
abstieg	neg 1.0		neg 0.5245941303067727 off 0.4079223340262936 __DUMMY__ 0.06748353566693378	false	1.0
missverstehen	neg 1.0		neg 0.5201186052415242 off 0.41319525720057687 __DUMMY__ 0.06668613755789887	false	1.0
ergebnislos	neg 1.0		neg 0.5266787175169069 off 0.4061457413558142 __DUMMY__ 0.06717554112727897	false	1.0
unter			neg 0.5297904245855257 off 0.40196550057200386 __DUMMY__ 0.06824407484247041	false	0.0
manipulieren	neg 1.0		neg 0.5272652556529611 off 0.4055522603509476 __DUMMY__ 0.06718248399609136	false	1.0
unbewiesen	neg 1.0		neg 0.5272910360503665 off 0.4065935003925465 __DUMMY__ 0.06611546355708693	false	1.0
verschleppen	neg 1.0		neg 0.5256216334638678 off 0.40737024101737307 __DUMMY__ 0.06700812551875923	false	1.0
weib	off 1.0		neg 0.5094567574254664 off 0.42442313013772476 __DUMMY__ 0.06612011243680897	false	0.5
opposition	neg 1.0		neg 0.5218773356506763 off 0.4115172135793662 __DUMMY__ 0.06660545076995743	false	1.0
verkehrswidrig	neg 1.0	neg 1.0	neg 0.7400210349717475 off 0.22765332422456894 __DUMMY__ 0.03232564080368342	false	1.0
inkorrekt	neg 1.0		neg 0.5175848499312304 off 0.41632652856906416 __DUMMY__ 0.06608862149970539	false	1.0
vermeiden	neg 1.0		neg 0.5297409450218888 off 0.4024924493488641 __DUMMY__ 0.06776660562924701	false	1.0
abweichung	neg 1.0	neg 1.0	neg 0.7506065989091639 off 0.2173087193140061 __DUMMY__ 0.032084681776829896	false	1.0
alkoholisiert	neg 1.0		neg 0.520255483269139 off 0.4115002662412515 __DUMMY__ 0.06824425048960943	false	1.0
scheiss	off 1.0	off 1.0	off 0.693335075550324 neg 0.2748037670937363 __DUMMY__ 0.031861157355939584	false	1.0
herausforderung	neg 1.0	neg 1.0	neg 0.7483290635519939 off 0.2191211665672098 __DUMMY__ 0.03254976988079632	false	1.0
pervers	off 1.0		neg 0.5057306320776574 off 0.42823923288056587 __DUMMY__ 0.06603013504177664	false	0.5
wackelig	neg 1.0		neg 0.5200703248186829 off 0.4121591485254688 __DUMMY__ 0.06777052665584835	false	1.0
verwickeln	neg 1.0		neg 0.5198602961742721 off 0.41339064464229186 __DUMMY__ 0.0667490591834361	false	1.0
vorwand	neg 1.0		neg 0.5282305330512324 off 0.4045709729676483 __DUMMY__ 0.06719849398111934	false	1.0
muschi	off 1.0		neg 0.5239402948752201 off 0.40906014052341677 __DUMMY__ 0.06699956460136323	false	0.5
entmutigung	neg 1.0		neg 0.523413684195843 off 0.4101340188467173 __DUMMY__ 0.0664522969574397	false	1.0
unangemessen	neg 1.0		neg 0.5252320108241786 off 0.40790869664274226 __DUMMY__ 0.06685929253307905	false	1.0
unstetig	neg 1.0		neg 0.5209915630178085 off 0.4120925599277459 __DUMMY__ 0.0669158770544457	false	1.0
entmutigen	neg 1.0		neg 0.5192259636050455 off 0.4136823707804775 __DUMMY__ 0.06709166561447716	false	1.0
schwanz	neg 1.0		neg 0.5268782411878397 off 0.40593552055251486 __DUMMY__ 0.06718623825964538	false	1.0
verbot	neg 1.0		neg 0.5278349426337717 off 0.40551808152797236 __DUMMY__ 0.06664697583825584	false	1.0
leid	neg 1.0		neg 0.5098374718635995 off 0.4236221422831579 __DUMMY__ 0.06654038585324257	false	1.0
archaisch	neg 1.0		neg 0.5237045199565334 off 0.4091742375176237 __DUMMY__ 0.06712124252584294	false	1.0
gegen			neg 0.5275311185789454 off 0.4050005125773522 __DUMMY__ 0.0674683688437024	false	0.0
scheidung	neg 1.0		neg 0.5012096259541899 off 0.4327387420135101 __DUMMY__ 0.06605163203229983	false	1.0
einschlag	neg 1.0	neg 1.0	neg 0.7432059461133474 off 0.22492135007634323 __DUMMY__ 0.0318727038103093	false	1.0
m			neg 0.5227006940907536 off 0.4099676926480749 __DUMMY__ 0.06733161326117161	false	0.0
abgestanden	neg 1.0		neg 0.5207350350149257 off 0.41226929944442847 __DUMMY__ 0.0669956655406458	false	1.0
schmierig	off 1.0		neg 0.5103382090711268 off 0.42308896136337276 __DUMMY__ 0.06657282956550044	false	0.5
unpraktisch	neg 1.0		neg 0.5180823619193038 off 0.41458147766737496 __DUMMY__ 0.06733616041332133	false	1.0
wixxer	off 1.0		neg 0.5068639365941517 off 0.42723649497873956 __DUMMY__ 0.06589956842710858	false	0.5
bezeichnet			neg 0.522864543581192 off 0.41021871953014766 __DUMMY__ 0.06691673688866032	false	0.0
jammerlappen	off 1.0		neg 0.5164817959174224 off 0.41677157546602 __DUMMY__ 0.06674662861655763	false	0.5
farce	neg 1.0		neg 0.5272296851785492 off 0.40620643564497544 __DUMMY__ 0.06656387917647531	false	1.0
zwecklos	neg 1.0		neg 0.5245593021170519 off 0.4084684201302546 __DUMMY__ 0.06697227775269363	false	1.0
turbulent	neg 1.0		neg 0.5173512366921558 off 0.4161430531291031 __DUMMY__ 0.06650571017874113	false	1.0
invasion	neg 1.0		neg 0.5181628530226734 off 0.414801032356759 __DUMMY__ 0.06703611462056741	false	1.0
schuld	neg 1.0		neg 0.5204658198802209 off 0.41253518221679586 __DUMMY__ 0.0669989979029833	false	1.0
risiko	neg 1.0		neg 0.5199077321935164 off 0.4128582561590846 __DUMMY__ 0.06723401164739912	false	1.0
finster	neg 1.0		neg 0.5189106327976167 off 0.4138859725287913 __DUMMY__ 0.06720339467359206	false	1.0
geisteskrank	off 1.0		neg 0.5160878775691463 off 0.4174693056713572 __DUMMY__ 0.06644281675949637	false	0.5
zusammenbrechen	neg 1.0		neg 0.5216870283964716 off 0.4110010056643876 __DUMMY__ 0.06731196593914077	false	1.0
ausbeute	neg 1.0		neg 0.5226272866314995 off 0.4095444166088886 __DUMMY__ 0.06782829675961208	false	1.0
hinterhalt	neg 1.0		neg 0.5220912366716343 off 0.41055506105237366 __DUMMY__ 0.06735370227599216	false	1.0
kritik	neg 1.0		neg 0.527074760813372 off 0.40629929837523243 __DUMMY__ 0.06662594081139546	false	1.0
einschrumpfen	neg 1.0		neg 0.5218522212507014 off 0.41181813478839696 __DUMMY__ 0.06632964396090159	false	1.0
riskant	neg 1.0		neg 0.5264085831861927 off 0.40654103846203543 __DUMMY__ 0.06705037835177201	false	1.0
frustrieren	neg 1.0		neg 0.5252049079649194 off 0.40760239434654305 __DUMMY__ 0.06719269768853765	false	1.0
groll	neg 1.0		neg 0.5238224905069027 off 0.40902336701454256 __DUMMY__ 0.06715414247855475	false	1.0
gibt			neg 0.5230229852118047 off 0.40979924583284727 __DUMMY__ 0.067177768955348	false	0.0
qualvoll	neg 1.0		neg 0.5160107677201546 off 0.4168330544237192 __DUMMY__ 0.06715617785612626	false	1.0
wackeln	neg 1.0	neg 1.0	neg 0.7464067546697979 off 0.22137989854557621 __DUMMY__ 0.03221334678462591	false	1.0
klagen	neg 1.0		neg 0.5295371672469833 off 0.4031842544880409 __DUMMY__ 0.06727857826497594	false	1.0
bankrott	neg 1.0		neg 0.5167567445425449 off 0.4163168162342841 __DUMMY__ 0.06692643922317085	false	1.0
trauern	neg 1.0		neg 0.5235299282495285 off 0.40897364330501174 __DUMMY__ 0.06749642844545971	false	1.0
ablehnung	neg 1.0		neg 0.527232517096535 off 0.40617296295045335 __DUMMY__ 0.06659451995301176	false	1.0
stur	neg 1.0		neg 0.5202029629271523 off 0.4128894392126287 __DUMMY__ 0.06690759786021915	false	1.0
aufruhr	neg 1.0		neg 0.523405330870159 off 0.4096229480374662 __DUMMY__ 0.06697172109237487	false	1.0
melancholie	neg 1.0		neg 0.5222480995695544 off 0.4103205945667889 __DUMMY__ 0.06743130586365685	false	1.0
ist			neg 0.5189716704628269 off 0.4139907409735482 __DUMMY__ 0.06703758856362488	false	0.0
torheit	neg 1.0		neg 0.5226845839640786 off 0.4106254736618907 __DUMMY__ 0.06668994237403082	false	1.0
dreckskind	off 1.0		neg 0.5115457452193731 off 0.4223357877529318 __DUMMY__ 0.06611846702769522	false	0.5
umtauschen	neg 1.0		neg 0.5207588315677826 off 0.41201792248573516 __DUMMY__ 0.06722324594648206	false	1.0
zum			neg 0.5252787097351879 off 0.4062880001036773 __DUMMY__ 0.06843329016113475	false	0.0
zersetzen	neg 1.0		neg 0.5286329486787792 off 0.4043812720382617 __DUMMY__ 0.06698577928295896	false	1.0
zur			neg 0.5305375295269665 off 0.40169328173654195 __DUMMY__ 0.06776918873649158	false	0.0
frust	neg 1.0		neg 0.521876340418937 off 0.4108042756214503 __DUMMY__ 0.06731938395961257	false	1.0
unerbittlichkeit	neg 1.0		neg 0.5278696523763289 off 0.40505033685411107 __DUMMY__ 0.06708001076955995	false	1.0
zwei			neg 0.524221581219004 off 0.40763092870486256 __DUMMY__ 0.06814749007613342	false	0.0
unkorrekt	neg 1.0		neg 0.5160689870313159 off 0.4177343054752133 __DUMMY__ 0.06619670749347084	false	1.0
hexe	off 1.0		neg 0.5153105899245604 off 0.417915128787464 __DUMMY__ 0.0667742812879757	false	0.5
lasch	neg 1.0		neg 0.5191203203020828 off 0.4142857640930599 __DUMMY__ 0.06659391560485735	false	1.0
rivale	neg 1.0		neg 0.5122340336264167 off 0.42093300135372475 __DUMMY__ 0.06683296501985847	false	1.0
mutlos	off 1.0	off 1.0	off 0.6864693799795074 neg 0.28164159432754754 __DUMMY__ 0.031889025692944994	false	1.0
wirr	off 1.0		neg 0.515320704449005 off 0.41843005497952973 __DUMMY__ 0.06624924057146524	false	0.5
jahr			neg 0.5221333652952991 off 0.409775185101833 __DUMMY__ 0.06809144960286789	false	0.0
wird			neg 0.5237737631706781 off 0.4088860786496617 __DUMMY__ 0.0673401581796602	false	0.0
strafbar	neg 1.0		neg 0.5269159716541384 off 0.4061308874455076 __DUMMY__ 0.066953140900354	false	1.0
erosion	neg 1.0		neg 0.5194676145761676 off 0.41330176377041744 __DUMMY__ 0.0672306216534149	false	1.0
eingehen	neg 1.0		neg 0.5256780697864469 off 0.40737495367990045 __DUMMY__ 0.06694697653365243	false	1.0
faul	off 1.0		neg 0.5158445863011221 off 0.4171581884960649 __DUMMY__ 0.0669972252028131	false	0.5
provisorium	neg 1.0		neg 0.5320054120378145 off 0.4000447108946333 __DUMMY__ 0.0679498770675524	false	1.0
schmerzen	neg 1.0		neg 0.5205952302229472 off 0.41223654322292613 __DUMMY__ 0.06716822655412662	false	1.0
schrumpfen	neg 1.0		neg 0.5319221292100853 off 0.40062252201730175 __DUMMY__ 0.06745534877261307	false	1.0
geistlos	off 1.0		neg 0.5229723045004167 off 0.4107875183194388 __DUMMY__ 0.06624017718014465	false	0.5
fehlkauf	neg 1.0		neg 0.5206179897477646 off 0.412579057909109 __DUMMY__ 0.06680295234312643	false	1.0
frustrierend	neg 1.0		neg 0.5155354040863542 off 0.4173630446509533 __DUMMY__ 0.06710155126269249	false	1.0
unzufrieden	neg 1.0		neg 0.5245912222629997 off 0.40841008661586614 __DUMMY__ 0.06699869112113432	false	1.0
verzweifeln	neg 1.0		neg 0.521239754839172 off 0.411588578933681 __DUMMY__ 0.06717166622714707	false	1.0
verzweifelt	neg 1.0		neg 0.5200839528768388 off 0.4130041564276237 __DUMMY__ 0.06691189069553748	false	1.0
misstrauensantrag	neg 1.0		neg 0.5205179613224241 off 0.4127969402012342 __DUMMY__ 0.06668509847634171	false	1.0
abfallen	neg 1.0		neg 0.5172465866290434 off 0.4153435801746957 __DUMMY__ 0.06740983319626083	false	1.0
fucker	off 1.0		neg 0.5152686859306207 off 0.4182367633957799 __DUMMY__ 0.0664945506735994	false	0.5
ungezogen	neg 1.0		neg 0.5061195853178337 off 0.4275586198510374 __DUMMY__ 0.06632179483112875	false	1.0
irrsinnig	neg 1.0	neg 1.0	neg 0.7480192010079255 off 0.2200889934172882 __DUMMY__ 0.03189180557478623	false	1.0
unfassbar	neg 1.0		neg 0.5152567284848396 off 0.4179682861085122 __DUMMY__ 0.06677498540664815	false	1.0
hart	neg 1.0		neg 0.5191291690149066 off 0.41422552779900923 __DUMMY__ 0.06664530318608407	false	1.0
widerlich	off 1.0		neg 0.5160939689183889 off 0.417455534668618 __DUMMY__ 0.06645049641299308	false	0.5
fatal	neg 1.0		neg 0.5200410452602343 off 0.41312573549043113 __DUMMY__ 0.06683321924933458	false	1.0
bruch	neg 1.0		neg 0.5299747479764243 off 0.40286052419847973 __DUMMY__ 0.06716472782509583	false	1.0
aushungern	neg 1.0		neg 0.5255215377979258 off 0.407802294640199 __DUMMY__ 0.06667616756187518	false	1.0
anspannung	neg 1.0	neg 1.0	neg 0.7506818119883666 off 0.21665135926038062 __DUMMY__ 0.032666828751252854	false	1.0
von			neg 0.5240357622395063 off 0.4080216093135134 __DUMMY__ 0.06794262844698033	false	0.0
kraftlos	neg 1.0		neg 0.5211261948174976 off 0.41134190380410407 __DUMMY__ 0.06753190137839844	false	1.0
vom			neg 0.5283276138157101 off 0.40328698454427647 __DUMMY__ 0.06838540164001351	false	0.0
grenzdebil	off 1.0		neg 0.5141110395096556 off 0.41914597497048417 __DUMMY__ 0.06674298551986031	false	0.5
vor			neg 0.5263137437267916 off 0.4061892452803836 __DUMMY__ 0.06749701099282496	false	0.0
unterwerfen	neg 1.0		neg 0.5253963474281151 off 0.40738564482827155 __DUMMY__ 0.06721800774361325	false	1.0
versenkung	neg 1.0		neg 0.5260716708553377 off 0.40674869284434756 __DUMMY__ 0.06717963630031484	false	1.0
entziehen	neg 1.0		neg 0.5285846121827743 off 0.4041264178973998 __DUMMY__ 0.06728896991982587	false	1.0
finanzkrise	neg 1.0		neg 0.5266559466272517 off 0.40688487649592253 __DUMMY__ 0.06645917687682568	false	1.0
schimpfend	neg 1.0		neg 0.5167700547204332 off 0.4157038461524531 __DUMMY__ 0.06752609912711378	false	1.0
profan	neg 1.0		neg 0.5183069296486593 off 0.4148004673515667 __DUMMY__ 0.06689260299977401	false	1.0
korruption	neg 1.0	neg 1.0	neg 0.7518626722301897 off 0.21637586036159048 __DUMMY__ 0.031761467408219925	false	1.0
â			neg 0.5244189283105988 off 0.4082966105948217 __DUMMY__ 0.06728446109457961	false	0.0
schmutzig	neg 1.0		neg 0.5143577881662829 off 0.4188135308815985 __DUMMY__ 0.06682868095211866	false	1.0
sexy	neg 1.0		neg 0.5176068804221856 off 0.4155028361574764 __DUMMY__ 0.06689028342033805	false	1.0
abraten	neg 1.0		neg 0.51922109582367 off 0.4138170789641693 __DUMMY__ 0.06696182521216068	false	1.0
schwarz	neg 1.0		neg 0.5205240129471146 off 0.41259909661608346 __DUMMY__ 0.06687689043680181	false	1.0
fotze	off 1.0		neg 0.5264954870349021 off 0.4064601875835473 __DUMMY__ 0.06704432538155078	false	0.5
verwirren	neg 1.0		neg 0.5178724528611334 off 0.415205417370541 __DUMMY__ 0.06692212976832568	false	1.0
zahnlos	off 1.0		neg 0.5250135059518681 off 0.408057196225328 __DUMMY__ 0.06692929782280377	false	0.5
verheeren	neg 1.0		neg 0.5056490106588437 off 0.4281138536315832 __DUMMY__ 0.06623713570957321	false	1.0
hippie	neg 1.0		neg 0.5187342248241702 off 0.41444412157061666 __DUMMY__ 0.06682165360521318	false	1.0
rammen	neg 1.0		neg 0.5220004757684947 off 0.4112310553981334 __DUMMY__ 0.06676846883337187	false	1.0
unlauter	neg 1.0		neg 0.5249798875339616 off 0.4086513381301648 __DUMMY__ 0.06636877433587342	false	1.0
unheilvoll	neg 1.0		neg 0.5166341843595743 off 0.4160856431375797 __DUMMY__ 0.06728017250284617	false	1.0
niedrig	neg 1.0		neg 0.5269111674952237 off 0.4059274341254949 __DUMMY__ 0.06716139837928124	false	1.0
explosion	neg 1.0		neg 0.5195507004632768 off 0.4136514699522037 __DUMMY__ 0.06679782958451964	false	1.0
weichei	off 1.0		neg 0.5106316979395428 off 0.42313361166928726 __DUMMY__ 0.06623469039117001	false	0.5
minusmensch	off 1.0		neg 0.5108522661900381 off 0.42368015422419736 __DUMMY__ 0.06546757958576466	false	0.5
farblos	neg 1.0		neg 0.5192447646888773 off 0.413137431739407 __DUMMY__ 0.06761780357171565	false	1.0
unwissend	neg 1.0	neg 1.0	neg 0.7454455878410788 off 0.22275185554746987 __DUMMY__ 0.03180255661145135	false	1.0
traurig	neg 1.0		neg 0.5114335341067274 off 0.4218136159530179 __DUMMY__ 0.06675284994025464	false	1.0
senkung	neg 1.0		neg 0.5208668394580204 off 0.4126085891044074 __DUMMY__ 0.06652457143757234	false	1.0
ungleich	neg 1.0	neg 1.0	neg 0.7518106612649172 off 0.2162852877182352 __DUMMY__ 0.031904051016847526	false	1.0
heikel	neg 1.0		neg 0.5278495619531671 off 0.40508403909285856 __DUMMY__ 0.06706639895397422	false	1.0
drosselung	neg 1.0		neg 0.514876659899138 off 0.41838628382207615 __DUMMY__ 0.06673705627878589	false	1.0
falsch	neg 1.0		neg 0.5166502800059907 off 0.4164800376284859 __DUMMY__ 0.06686968236552354	false	1.0
unzufriedenheit	neg 1.0		neg 0.5279641734512281 off 0.4048549732881398 __DUMMY__ 0.06718085326063218	false	1.0
kurz	neg 1.0		neg 0.5201220060625116 off 0.4122984273804036 __DUMMY__ 0.06757956655708489	false	1.0
unsinnig	neg 1.0		neg 0.5251327832835396 off 0.4080714340129169 __DUMMY__ 0.06679578270354342	false	1.0
penner	off 1.0	off 1.0	off 0.6973146843251393 neg 0.2711372748399449 __DUMMY__ 0.03154804083491579	false	1.0
seicht	neg 1.0		neg 0.5090022699664006 off 0.42510055731177276 __DUMMY__ 0.06589717272182656	false	1.0
dummheit	off 1.0	off 1.0	off 0.690617503378577 neg 0.2776206131376283 __DUMMY__ 0.03176188348379473	false	1.0
unerfreulich	neg 1.0		neg 0.5273540988333341 off 0.4053037731944705 __DUMMY__ 0.06734212797219531	false	1.0
motherfucker	off 1.0	off 1.0	off 0.6930030350385726 neg 0.2753633269187431 __DUMMY__ 0.03163363804268432	false	1.0
pikiert	neg 1.0		neg 0.5176028359830653 off 0.4159514687379934 __DUMMY__ 0.06644569527894133	false	1.0
wrack	neg 1.0		neg 0.5225770156497134 off 0.40971531703556446 __DUMMY__ 0.06770766731472214	false	1.0
gangster	neg 1.0		neg 0.5186443110578735 off 0.4144428261241797 __DUMMY__ 0.06691286281794684	false	1.0
krank	neg 1.0		neg 0.5123770191060558 off 0.420658709236686 __DUMMY__ 0.0669642716572583	false	1.0
reich	neg 1.0		neg 0.5181941380171377 off 0.415192345164267 __DUMMY__ 0.06661351681859541	false	1.0
gnadenlos	neg 1.0		neg 0.5201790389069916 off 0.4127758162949426 __DUMMY__ 0.06704514479806573	false	1.0
niedergeschlagen	neg 1.0		neg 0.5212407704994777 off 0.4114062096361331 __DUMMY__ 0.06735301986438919	false	1.0
terrorisieren	off 1.0	off 1.0	off 0.6875752142687679 neg 0.2803743380367636 __DUMMY__ 0.03205044769446858	false	1.0
sinnlosigkeit	neg 1.0		neg 0.5238600025931385 off 0.4090631402775492 __DUMMY__ 0.06707685712931247	false	1.0
behindern	neg 1.0		neg 0.523185670178538 off 0.40988447958837554 __DUMMY__ 0.0669298502330864	false	1.0
undemokratisch	neg 1.0		neg 0.524069243708822 off 0.4094554551471158 __DUMMY__ 0.06647530114406217	false	1.0
wirtschaftskrise	neg 1.0		neg 0.5275376935360072 off 0.4056579441958932 __DUMMY__ 0.06680436226809958	false	1.0
neid	neg 1.0		neg 0.5129307719471877 off 0.41974271165986893 __DUMMY__ 0.06732651639294328	false	1.0
rutschen	neg 1.0	neg 1.0	neg 0.7496182452182539 off 0.21776514133445715 __DUMMY__ 0.0326166134472889	false	1.0
rezession	neg 1.0		neg 0.5158307050808483 off 0.4182505867440059 __DUMMY__ 0.06591870817514582	false	1.0
fehlgeburt	neg 1.0		neg 0.5177863632496772 off 0.41504321808616124 __DUMMY__ 0.0671704186641615	false	1.0
charakterschwach	off 1.0		neg 0.5156688529840207 off 0.4177336968375731 __DUMMY__ 0.06659745017840618	false	0.5
isolation	neg 1.0		neg 0.5157144257508722 off 0.41720672509095685 __DUMMY__ 0.06707884915817078	false	1.0
ablenkung	neg 1.0		neg 0.5201863728341162 off 0.412654308923377 __DUMMY__ 0.0671593182425068	false	1.0
pech	neg 1.0		neg 0.5160320587710406 off 0.4169415717547233 __DUMMY__ 0.067026369474236	false	1.0
vermeidung	neg 1.0		neg 0.5160943200540032 off 0.4174267947145774 __DUMMY__ 0.06647888523141925	false	1.0
dominieren	neg 1.0		neg 0.5223842840034356 off 0.4099936036885444 __DUMMY__ 0.06762211230802018	false	1.0
schwindlig	neg 1.0		neg 0.5157872504536486 off 0.41684416087526216 __DUMMY__ 0.06736858867108943	false	1.0
lutscher	neg 1.0	neg 1.0	neg 0.7409716272699689 off 0.2276147684136057 __DUMMY__ 0.031413604316425446	false	1.0
pflicht	neg 1.0		neg 0.5273545802770585 off 0.4054632085833439 __DUMMY__ 0.06718221113959769	false	1.0
faschist	off 1.0		neg 0.521398394805409 off 0.4121748229755644 __DUMMY__ 0.06642678221902652	false	0.5
verschleudern	neg 1.0		neg 0.5300221361126997 off 0.4034152498595797 __DUMMY__ 0.06656261402772064	false	1.0
wenn			neg 0.5162284493625088 off 0.41688164030856967 __DUMMY__ 0.06688991032892146	false	0.0
ehebruch	neg 1.0		neg 0.5262236425600323 off 0.40679833278544075 __DUMMY__ 0.06697802465452686	false	1.0
spott	off 1.0		neg 0.5274345784968019 off 0.4056640500213322 __DUMMY__ 0.06690137148186591	false	0.5
trostlosigkeit	neg 1.0		neg 0.5283375998003157 off 0.4043861525328928 __DUMMY__ 0.06727624766679144	false	1.0
lutschen	neg 1.0		neg 0.5207841628419182 off 0.41261395318300204 __DUMMY__ 0.0666018839750798	false	1.0
undiszipliniert	neg 1.0		neg 0.5128215924755796 off 0.42045921062340047 __DUMMY__ 0.06671919690101995	false	1.0
kopfschmerz	neg 1.0		neg 0.5210447845391403 off 0.4115641995442855 __DUMMY__ 0.06739101591657422	false	1.0
unvorhergesehen	neg 1.0		neg 0.5212695833773531 off 0.41088163234918507 __DUMMY__ 0.0678487842734619	false	1.0
desinteressiert	neg 1.0		neg 0.5140595962099098 off 0.41938450019759066 __DUMMY__ 0.06655590359249951	false	1.0
armselig	off 1.0		neg 0.5145966328750241 off 0.41913410575130405 __DUMMY__ 0.06626926137367184	false	0.5
desaster	neg 1.0		neg 0.5306669075257292 off 0.40216042503621297 __DUMMY__ 0.06717266743805772	false	1.0
tod	neg 1.0		neg 0.5243218828822743 off 0.40839164123724225 __DUMMY__ 0.06728647588048348	false	1.0
herzlos	neg 1.0		neg 0.512682463856144 off 0.42085738155822044 __DUMMY__ 0.06646015458563558	false	1.0
unwissenheit	neg 1.0		neg 0.5261538089981386 off 0.4070738754288333 __DUMMY__ 0.06677231557302793	false	1.0
widersinnig	neg 1.0	neg 1.0	neg 0.7513709401929843 off 0.21691430470097442 __DUMMY__ 0.03171475510604126	false	1.0
bedenklich	neg 1.0		neg 0.5263374397753839 off 0.4066629370208788 __DUMMY__ 0.06699962320373729	false	1.0
beanstanden	neg 1.0		neg 0.5279377104934505 off 0.4048378068396732 __DUMMY__ 0.06722448266687635	false	1.0
panisch	neg 1.0	neg 1.0	neg 0.7444852497458894 off 0.22324512389183235 __DUMMY__ 0.03226962636227826	false	1.0
debil	off 1.0		neg 0.532421375788881 off 0.40002338681843524 __DUMMY__ 0.06755523739268374	false	0.5
abstrich	neg 1.0		neg 0.5253868438332617 off 0.4075875624408156 __DUMMY__ 0.06702559372592255	false	1.0
primitiv	neg 1.0		neg 0.5155345788385844 off 0.41801391763346635 __DUMMY__ 0.06645150352794922	false	1.0
abschaum	off 1.0	off 1.0	off 0.6921346140422613 neg 0.276111131605307 __DUMMY__ 0.031754254352431704	false	1.0
provozieren	neg 1.0		neg 0.5214493837415676 off 0.4116703843605059 __DUMMY__ 0.0668802318979265	false	1.0
tot	neg 1.0		neg 0.5251167604300714 off 0.4076373999993345 __DUMMY__ 0.06724583957059412	false	1.0
instabil	neg 1.0		neg 0.5174888187060412 off 0.4163274765316987 __DUMMY__ 0.06618370476226003	false	1.0
schwuchtel	off 1.0		neg 0.5044489572093676 off 0.43002493149328913 __DUMMY__ 0.06552611129734336	false	0.5
zerren	neg 1.0		neg 0.5209406078893952 off 0.41167354370087617 __DUMMY__ 0.0673858484097286	false	1.0
kinderficker	off 1.0		neg 0.5124701699705908 off 0.4214400466668391 __DUMMY__ 0.06608978336257006	false	0.5
gefahr	neg 1.0		neg 0.5277996533040078 off 0.4050036865595041 __DUMMY__ 0.06719666013648803	false	1.0
rabiat	neg 1.0		neg 0.5224123990340295 off 0.41071995113655746 __DUMMY__ 0.06686764982941304	false	1.0
verlangsamung	neg 1.0		neg 0.510830903281453 off 0.4231779423723198 __DUMMY__ 0.06599115434622708	false	1.0
ausgestorben	neg 1.0		neg 0.5206347670027269 off 0.4120829116704209 __DUMMY__ 0.0672823213268521	false	1.0
anklagen	neg 1.0		neg 0.5252346022901251 off 0.40793181312518756 __DUMMY__ 0.06683358458468733	false	1.0
trott	neg 1.0		neg 0.5214146217311924 off 0.41141279537611264 __DUMMY__ 0.06717258289269507	false	1.0
verminderung	neg 1.0		neg 0.5144239239980211 off 0.4190080985225829 __DUMMY__ 0.06656797747939601	false	1.0
nach			neg 0.5257193850033781 off 0.40598938299842646 __DUMMY__ 0.06829123199819541	false	0.0
rost	neg 1.0		neg 0.5105881452372574 off 0.42312882372591426 __DUMMY__ 0.0662830310368284	false	1.0
destruktiv	neg 1.0		neg 0.5241913441413466 off 0.4091237084582882 __DUMMY__ 0.06668494740036526	false	1.0
unzumutbarkeit	neg 1.0		neg 0.5156403210860917 off 0.417436802437438 __DUMMY__ 0.06692287647647023	false	1.0
labil	off 1.0	off 1.0	off 0.6920100125965487 neg 0.27624022586129193 __DUMMY__ 0.03174976154215928	false	1.0
ziemlich	neg 1.0		neg 0.5136576092787295 off 0.4194024321355596 __DUMMY__ 0.06693995858571089	false	1.0
lachnummer	off 1.0		neg 0.5224359945037956 off 0.41063839043736367 __DUMMY__ 0.06692561505884075	false	0.5
oder			neg 0.519111518809739 off 0.4135627241052272 __DUMMY__ 0.06732575708503379	false	0.0
verfall	neg 1.0		neg 0.5329228955554354 off 0.3997733590212243 __DUMMY__ 0.06730374542334047	false	1.0
ausgrenzung	neg 1.0		neg 0.5238739437747566 off 0.4097691325430929 __DUMMY__ 0.0663569236821506	false	1.0
unordnung	neg 1.0		neg 0.5152448518422474 off 0.4179277901827759 __DUMMY__ 0.06682735797497667	false	1.0
fehlverhalten	neg 1.0		neg 0.5280440684528983 off 0.4049403369370969 __DUMMY__ 0.06701559461000485	false	1.0
eine			neg 0.5265417113648 off 0.4060847832746174 __DUMMY__ 0.06737350536058252	false	0.0
nille	neg 1.0		neg 0.5231221491919777 off 0.4098390327418757 __DUMMY__ 0.06703881806614642	false	1.0
qual	neg 1.0		neg 0.5220258667051875 off 0.41085455898261247 __DUMMY__ 0.0671195743122	false	1.0
verschwenden	neg 1.0		neg 0.5254673412779398 off 0.4075026317627699 __DUMMY__ 0.06703002695929035	false	1.0
riesig	neg 1.0	neg 1.0	neg 0.749539332931729 off 0.21828003307962637 __DUMMY__ 0.032180633988644514	false	1.0
verurteilen	neg 1.0		neg 0.5256138578658706 off 0.4075179046701521 __DUMMY__ 0.0668682374639773	false	1.0
klischee	neg 1.0	neg 1.0	neg 0.747095911954229 off 0.22116713836520044 __DUMMY__ 0.03173694968057057	false	1.0
diktatorisch	neg 1.0		neg 0.5247995071773872 off 0.4089526547062108 __DUMMY__ 0.06624783811640207	false	1.0
vorhersehbar	neg 1.0	neg 1.0	neg 0.7471369191479114 off 0.22105190359574436 __DUMMY__ 0.03181117725634428	false	1.0
sowie			neg 0.5122554662055683 off 0.4216076826142313 __DUMMY__ 0.0661368511802005	false	0.0
stornieren	neg 1.0		neg 0.516274313167648 off 0.4160313176989229 __DUMMY__ 0.06769436913342915	false	1.0
besteuerung	neg 1.0		neg 0.5239864294292153 off 0.40952131484926074 __DUMMY__ 0.06649225572152404	false	1.0
ungeschminkt	neg 1.0		neg 0.5161519248158942 off 0.417354982292352 __DUMMY__ 0.06649309289175372	false	1.0
kritisch	neg 1.0		neg 0.5262329031999882 off 0.40670408425269 __DUMMY__ 0.06706301254732192	false	1.0
schlamperei	off 1.0		neg 0.528901786060754 off 0.40421617004812316 __DUMMY__ 0.06688204389112284	false	0.5
sucht	neg 1.0	neg 1.0	neg 0.7480869172728419 off 0.21987709517066123 __DUMMY__ 0.03203598755649679	false	1.0
egoistisch	off 1.0		neg 0.509510586183009 off 0.4240531866931437 __DUMMY__ 0.06643622712384743	false	0.5
ausbeuter	off 1.0		neg 0.5294893786833418 off 0.40369510103197614 __DUMMY__ 0.06681552028468216	false	0.5
arschgeburt	off 1.0		neg 0.5047719311458946 off 0.4297744391525887 __DUMMY__ 0.06545362970151672	false	0.5
schubs	neg 1.0	neg 1.0	neg 0.7481788767471383 off 0.21956734978009057 __DUMMY__ 0.03225377347277108	false	1.0
unsolide	neg 1.0		neg 0.5262393652903795 off 0.407864491801909 __DUMMY__ 0.06589614290771145	false	1.0
beschwerde	neg 1.0		neg 0.528971023458148 off 0.40420139918980763 __DUMMY__ 0.06682757735204456	false	1.0
stocken	neg 1.0		neg 0.5271063235238924 off 0.40589626676817736 __DUMMY__ 0.06699740970793026	false	1.0
isolieren	neg 1.0		neg 0.5259222140583996 off 0.4071484308106207 __DUMMY__ 0.06692935513097979	false	1.0
unheilbar	neg 1.0		neg 0.5195909871308995 off 0.4131850717940144 __DUMMY__ 0.06722394107508604	false	1.0
pisser	off 1.0		neg 0.5153805321654298 off 0.41818883040010096 __DUMMY__ 0.06643063743446931	false	0.5
löschen	neg 1.0		neg 0.5216353329904685 off 0.4113219217652352 __DUMMY__ 0.06704274524429642	false	1.0
durchfallen	neg 1.0		neg 0.5256195081015195 off 0.40751382659617047 __DUMMY__ 0.06686666530231013	false	1.0
wichser	off 1.0		neg 0.5050770849298991 off 0.42880717633574905 __DUMMY__ 0.06611573873435181	false	0.5
terror	neg 1.0		neg 0.5176109266860578 off 0.41533517779348406 __DUMMY__ 0.0670538955204581	false	1.0
krass	neg 1.0		neg 0.5121488777351079 off 0.4214198261111469 __DUMMY__ 0.06643129615374509	false	1.0
revolte	neg 1.0	neg 1.0	neg 0.7486820599052822 off 0.21961545370704635 __DUMMY__ 0.03170248638767127	false	1.0
besorgt	neg 1.0		neg 0.520834841019971 off 0.4115825176140407 __DUMMY__ 0.06758264136598831	false	1.0
nachlassen	neg 1.0		neg 0.5257189174676501 off 0.40701769267613197 __DUMMY__ 0.06726338985621794	false	1.0
alt	neg 1.0		neg 0.5243920099671576 off 0.40837459908063106 __DUMMY__ 0.06723339095221142	false	1.0
hundesohn	off 1.0		neg 0.5094013995977317 off 0.4247904325484311 __DUMMY__ 0.06580816785383722	false	0.5
als			neg 0.5216003143636996 off 0.41099319998953265 __DUMMY__ 0.0674064856467677	false	0.0
abschreckung	neg 1.0		neg 0.5290796095498399 off 0.4037524002225207 __DUMMY__ 0.06716799022763946	false	1.0
unqualifiziert	neg 1.0		neg 0.5206993605907333 off 0.41288098711189886 __DUMMY__ 0.06641965229736782	false	1.0
abgewichst	off 1.0		neg 0.5230257745381525 off 0.4097989283796075 __DUMMY__ 0.06717529708224003	false	0.5
schwer	neg 1.0		neg 0.5207243595332798 off 0.41211256080738795 __DUMMY__ 0.0671630796593322	false	1.0
bedeutungslosigkeit	neg 1.0		neg 0.5279402709780442 off 0.40491761920739516 __DUMMY__ 0.06714210981456067	false	1.0
kapitulation	neg 1.0		neg 0.5295352453153831 off 0.40386583266706894 __DUMMY__ 0.06659892201754808	false	1.0
unscharf	neg 1.0		neg 0.5189008699122084 off 0.41421638847441206 __DUMMY__ 0.06688274161337944	false	1.0
schwinden	neg 1.0		neg 0.5276414973399814 off 0.4051479690823716 __DUMMY__ 0.06721053357764703	false	1.0
versklavung	neg 1.0		neg 0.5251298191547416 off 0.4085966285921771 __DUMMY__ 0.06627355225308133	false	1.0
schlecht	neg 1.0		neg 0.5134739811172355 off 0.41957275332294525 __DUMMY__ 0.06695326555981933	false	1.0
verhasst	neg 1.0		neg 0.5206510291553855 off 0.41242930527550603 __DUMMY__ 0.06691966556910837	false	1.0
beschweren	neg 1.0		neg 0.5188161934343813 off 0.41415516641553207 __DUMMY__ 0.06702864015008657	false	1.0
scheiden	neg 1.0		neg 0.5154993908226343 off 0.4166140090413216 __DUMMY__ 0.06788660013604417	false	1.0
frustriert	neg 1.0		neg 0.522019918932126 off 0.4107914731235455 __DUMMY__ 0.06718860794432856	false	1.0
schimmelig	neg 1.0		neg 0.5250526571331152 off 0.4076729949571604 __DUMMY__ 0.06727434790972447	false	1.0
fisch	neg 1.0		neg 0.5231836670802963 off 0.40897448430268385 __DUMMY__ 0.06784184861701979	false	1.0
schmuggel	neg 1.0		neg 0.525261131816185 off 0.40715399188421164 __DUMMY__ 0.06758487629960341	false	1.0
auffallen	neg 1.0		neg 0.518014613252201 off 0.41498107067920675 __DUMMY__ 0.06700431606859224	false	1.0
konkurrenz	neg 1.0	neg 1.0	neg 0.7514373265055573 off 0.2163313347375154 __DUMMY__ 0.03223133875692742	false	1.0
teufelskreis	neg 1.0	neg 1.0	neg 0.7491901671667905 off 0.21888713573367644 __DUMMY__ 0.03192269709953292	false	1.0
aufschreien	neg 1.0		neg 0.5193488267140859 off 0.4138309436463846 __DUMMY__ 0.06682022963952958	false	1.0
schuldner	neg 1.0		neg 0.5275499960250839 off 0.4052694537131401 __DUMMY__ 0.06718055026177587	false	1.0
missgeburt	off 1.0	off 1.0	off 0.6951934342436449 neg 0.27330015304490785 __DUMMY__ 0.03150641271144721	false	1.0
arbeitslos	neg 1.0		neg 0.5251113445296933 off 0.40799040570675915 __DUMMY__ 0.06689824976354757	false	1.0
befallen	neg 1.0		neg 0.5255875302073617 off 0.40765231416831277 __DUMMY__ 0.06676015562432557	false	1.0
miesepetrig	off 1.0	off 1.0	off 0.6938457912374213 neg 0.27424154532431155 __DUMMY__ 0.03191266343826711	false	1.0
alarmieren	neg 1.0		neg 0.5197883205250192 off 0.41385948338472006 __DUMMY__ 0.06635219609026081	false	1.0
ungeduscht	off 1.0		neg 0.5159374379923838 off 0.41699316808514825 __DUMMY__ 0.06706939392246795	false	0.5
knappheit	neg 1.0		neg 0.5281915751789702 off 0.4050347136381716 __DUMMY__ 0.06677371118285813	false	1.0
schlange	neg 1.0		neg 0.516060058978258 off 0.4164558638687401 __DUMMY__ 0.06748407715300202	false	1.0
harsch	neg 1.0		neg 0.5095566362886631 off 0.4236955512382032 __DUMMY__ 0.06674781247313384	false	1.0
lang	neg 1.0		neg 0.5209828354864814 off 0.41196574580894046 __DUMMY__ 0.06705141870457808	false	1.0
ziellos	neg 1.0		neg 0.5220476660946896 off 0.4104777300307292 __DUMMY__ 0.06747460387458115	false	1.0
selbstverliebt	neg 1.0		neg 0.5065788307967255 off 0.4277318408259479 __DUMMY__ 0.06568932837732669	false	1.0
beseitigen	neg 1.0	neg 1.0	neg 0.747958589709365 off 0.21987359674627951 __DUMMY__ 0.03216781354435556	false	1.0
dumm	off 1.0		neg 0.5093818131481405 off 0.4243757853490735 __DUMMY__ 0.06624240150278608	false	0.5
arbeitsloser	neg 1.0		neg 0.5242964417916035 off 0.4084785767554295 __DUMMY__ 0.06722498145296701	false	1.0
blitzen	neg 1.0		neg 0.5186196412698812 off 0.4145737324077323 __DUMMY__ 0.06680662632238649	false	1.0
hilflos	neg 1.0		neg 0.5224438657176751 off 0.4103365869511976 __DUMMY__ 0.06721954733112726	false	1.0
eklig	off 1.0		neg 0.5087404047251772 off 0.42505516230054063 __DUMMY__ 0.06620443297428216	false	0.5
begriff			neg 0.5238966714149026 off 0.4091983157609632 __DUMMY__ 0.06690501282413415	false	0.0
hungersnot	neg 1.0		neg 0.5247779677667769 off 0.4082912344121787 __DUMMY__ 0.06693079782104447	false	1.0
ungesetzlich	neg 1.0		neg 0.5244768230391319 off 0.40938140672010676 __DUMMY__ 0.0661417702407612	false	1.0
verschwendung	neg 1.0		neg 0.526057548361897 off 0.4067314379649748 __DUMMY__ 0.06721101367312837	false	1.0
schmerzvoll	neg 1.0		neg 0.5186800526877706 off 0.41426007310140794 __DUMMY__ 0.06705987421082131	false	1.0
vorzeitig	neg 1.0		neg 0.5170059215851058 off 0.4159268515229637 __DUMMY__ 0.06706722689193047	false	1.0
unvollkommenheit	neg 1.0		neg 0.5216428195050922 off 0.4108151944698654 __DUMMY__ 0.06754198602504231	false	1.0
intervenieren	neg 1.0		neg 0.5293936262721641 off 0.40383656792748385 __DUMMY__ 0.06676980580035204	false	1.0
banause	off 1.0		neg 0.5080668992195654 off 0.42606206986466 __DUMMY__ 0.06587103091577465	false	0.5
rebell	neg 1.0		neg 0.5301492757167886 off 0.40256793337608293 __DUMMY__ 0.06728279090712856	false	1.0
unlogisch	neg 1.0		neg 0.5127678318169236 off 0.42072035082312315 __DUMMY__ 0.06651181735995328	false	1.0
leiden	neg 1.0		neg 0.5204208824799579 off 0.41138823649467166 __DUMMY__ 0.06819088102537055	false	1.0
abschaffung	neg 1.0		neg 0.524279025518105 off 0.4092192721994505 __DUMMY__ 0.06650170228244466	false	1.0
sturz	neg 1.0		neg 0.5212262326759259 off 0.41166844730937974 __DUMMY__ 0.06710532001469435	false	1.0
verkleinerung	neg 1.0		neg 0.5231575045857237 off 0.41071329484172303 __DUMMY__ 0.06612920057255339	false	1.0
schmarotzer	off 1.0		neg 0.5257875869311583 off 0.4073939900314696 __DUMMY__ 0.0668184230373722	false	0.5
bestrafung	neg 1.0		neg 0.5200344016556584 off 0.41301013562603645 __DUMMY__ 0.06695546271830514	false	1.0
achtlos	neg 1.0		neg 0.5194717350392001 off 0.4131553749711515 __DUMMY__ 0.0673728899896484	false	1.0
ungeheuer	neg 1.0		neg 0.5154253136942932 off 0.41728782207857695 __DUMMY__ 0.06728686422712991	false	1.0
unaufrichtig	neg 1.0		neg 0.5218462821857092 off 0.4116558073907592 __DUMMY__ 0.06649791042353168	false	1.0
groggy	neg 1.0		neg 0.5200571950976959 off 0.41325338703017983 __DUMMY__ 0.06668941787212429	false	1.0
verletzlich	neg 1.0		neg 0.5132757580064895 off 0.4200011915982337 __DUMMY__ 0.06672305039527676	false	1.0
ablehnen	neg 1.0		neg 0.5262794197516434 off 0.4067841486047322 __DUMMY__ 0.06693643164362453	false	1.0
