unsolidarisch	neg 1.0		__DUMMY__ 0.9182748758192935 neg 0.04802973464219641 off 0.03369538953851021	false	1.0
nachteilig	neg 1.0		__DUMMY__ 0.9241761445656533 neg 0.04545549644743949 off 0.030368358986907252	false	1.0
skeptisch	neg 1.0		__DUMMY__ 0.925242490263773 neg 0.044846832912349775 off 0.029910676823877224	false	1.0
schrecklich	neg 1.0		__DUMMY__ 0.9217253355463908 off 0.040348765281991356 neg 0.03792589917161782	false	0.5
schlapp	neg 1.0	neg 1.0	neg 0.5052653497899293 __DUMMY__ 0.46137847435285945 off 0.03335617585721118	false	1.0
abfall	neg 1.0		__DUMMY__ 0.9266320472708207 neg 0.045474310036384254 off 0.027893642692795026	false	1.0
widerspenstig	neg 1.0		__DUMMY__ 0.9253190165666769 neg 0.041604916438164746 off 0.0330760669951584	false	1.0
abrupt	neg 1.0		__DUMMY__ 0.929618852932187 neg 0.04059448565045152 off 0.02978666141736143	false	1.0
unwirksam	neg 1.0		__DUMMY__ 0.9197977519809878 neg 0.04699606637833539 off 0.03320618164067689	false	1.0
angreifen	neg 1.0	neg 1.0	neg 0.510812935908074 __DUMMY__ 0.46168654371628975 off 0.027500520375636255	false	1.0
inkonsistent	neg 1.0		__DUMMY__ 0.9236551543223924 neg 0.04271693290841225 off 0.0336279127691953	false	1.0
abrutschen	neg 1.0		__DUMMY__ 0.926775707049109 neg 0.045060025240856935 off 0.028164267710034035	false	1.0
unsicher	neg 1.0		__DUMMY__ 0.9253838329016072 neg 0.0411054843203356 off 0.03351068277805719	false	1.0
bauernkind	off 1.0	off 1.0	off 0.5062884016271676 __DUMMY__ 0.4547678682746621 neg 0.038943730098170336	false	1.0
angreifer	neg 1.0		__DUMMY__ 0.9255011714265297 neg 0.040103623252717345 off 0.03439520532075294	false	1.0
trennen	neg 1.0		__DUMMY__ 0.9307350880639562 neg 0.03900694233437767 off 0.030257969601666098	false	1.0
schmutz	neg 1.0		__DUMMY__ 0.9270677967976049 neg 0.038798439098238366 off 0.03413376410415673	false	1.0
inkonsistenz	neg 1.0		__DUMMY__ 0.9202709801914727 neg 0.04310620162919294 off 0.03662281817933439	false	1.0
erschreckend	neg 1.0		__DUMMY__ 0.9241490458346132 neg 0.04304394037748952 off 0.03280701378789733	false	1.0
ertrinken	neg 1.0		__DUMMY__ 0.9270590299353707 neg 0.04207069581746602 off 0.030870274247163293	false	1.0
pickelface	off 1.0		__DUMMY__ 0.9239160865827671 neg 0.04422824502101825 off 0.03185566839621455	false	0.5
seiner			__DUMMY__ 0.9272494642037077 neg 0.04259683928625507 off 0.03015369651003722	false	0.0
lauch	neg 1.0		__DUMMY__ 0.924427221719312 neg 0.047620842920818286 off 0.02795193535986969	false	1.0
unwichtig	neg 1.0		__DUMMY__ 0.9220216702864665 neg 0.041005688680211816 off 0.03697264103332172	false	1.0
steuerhinterziehung	neg 1.0		__DUMMY__ 0.9212886942784907 neg 0.04636939374508636 off 0.03234191197642291	false	1.0
schock	neg 1.0		__DUMMY__ 0.9279645172564437 neg 0.039362991493462396 off 0.03267249125009385	false	1.0
beule	neg 1.0		__DUMMY__ 0.924211116409184 neg 0.039036388194267156 off 0.036752495396548894	false	1.0
vergelten	neg 1.0		__DUMMY__ 0.9243778759145331 off 0.03946643885107567 neg 0.036155685234391104	false	0.5
verdorbenheit	neg 1.0		__DUMMY__ 0.9254210746889503 neg 0.042073413288076754 off 0.03250551202297298	false	1.0
trauma	neg 1.0		__DUMMY__ 0.9237701193383644 neg 0.04212121890614302 off 0.03410866175549266	false	1.0
sinnlos	neg 1.0		__DUMMY__ 0.9245989621545063 neg 0.04025365808985797 off 0.03514737975563561	false	1.0
fettsack	off 1.0	off 1.0	off 0.5075652891686302 __DUMMY__ 0.4563299979661764 neg 0.03610471286519349	false	1.0
feige	off 1.0	off 1.0	off 0.5042615561595634 __DUMMY__ 0.457447031297626 neg 0.0382914125428106	false	1.0
abdanken	neg 1.0		__DUMMY__ 0.9221949885600689 neg 0.04464118625108465 off 0.0331638251888465	false	1.0
wichtigtuer	off 1.0	off 1.0	off 0.5022290708824094 __DUMMY__ 0.45934110076586 neg 0.03842982835173066	false	1.0
misslingen	neg 1.0		__DUMMY__ 0.9298513493832512 neg 0.03645753825626983 off 0.033691112360478954	false	1.0
untreu	off 1.0		__DUMMY__ 0.9212127127726861 neg 0.04094622718431224 off 0.03784106004300155	false	0.5
missmutig	neg 1.0		__DUMMY__ 0.9237799480546187 neg 0.03936301548864837 off 0.03685703645673291	false	1.0
hurenbock	off 1.0		__DUMMY__ 0.9257539357088234 neg 0.04022374935390211 off 0.03402231493727464	false	0.5
betrunken	neg 1.0		__DUMMY__ 0.9244766389461779 off 0.03854885789734158 neg 0.036974503156480536	false	0.5
korrupt	off 1.0		__DUMMY__ 0.9201158577398494 neg 0.04786854128584768 off 0.032015600974302935	false	0.5
unmut	neg 1.0		__DUMMY__ 0.9260017873350322 neg 0.0458531911675975 off 0.028145021497370196	false	1.0
hackfresse	off 1.0		__DUMMY__ 0.9185698647238538 off 0.042859583409113625 neg 0.03857055186703243	false	1.0
aufblasen	neg 1.0		__DUMMY__ 0.9261028991507988 neg 0.03971476380218522 off 0.03418233704701601	false	1.0
gewaltsam	neg 1.0		__DUMMY__ 0.9244122895389209 neg 0.04283329513221976 off 0.03275441532885948	false	1.0
unbeliebtheit	neg 1.0		__DUMMY__ 0.9165682281068399 neg 0.046563657343257826 off 0.03686811454990222	false	1.0
sturheit	neg 1.0		__DUMMY__ 0.9238456861111779 neg 0.0432179068196256 off 0.032936407069196524	false	1.0
kuh	neg 1.0		__DUMMY__ 0.9216739446448678 neg 0.045094758794817856 off 0.03323129656031437	false	1.0
erschrecken	neg 1.0		__DUMMY__ 0.9242619363192761 neg 0.03937277791190033 off 0.03636528576882351	false	1.0
opfer	neg 1.0		__DUMMY__ 0.9262584919544639 neg 0.04267315152476066 off 0.031068356520775383	false	1.0
sinken	neg 1.0		__DUMMY__ 0.9277618914609498 neg 0.043874348900990665 off 0.02836375963805952	false	1.0
stinktier	neg 1.0		__DUMMY__ 0.9187106633086509 off 0.04067849866806204 neg 0.040610838023287084	false	0.5
tucke	off 1.0		__DUMMY__ 0.914587600839956 off 0.04311816442603518 neg 0.04229423473400875	false	1.0
ein			__DUMMY__ 0.9267711091455032 neg 0.03959677723003648 off 0.033632113624460384	false	0.0
abstieg	neg 1.0		__DUMMY__ 0.9281705716197338 neg 0.04148677027625042 off 0.030342658104015815	false	1.0
missverstehen	neg 1.0		__DUMMY__ 0.9218081987777302 neg 0.042753269492540144 off 0.03543853172972961	false	1.0
ergebnislos	neg 1.0		__DUMMY__ 0.9257081601942116 neg 0.04393844712534131 off 0.030353392680446983	false	1.0
unter			__DUMMY__ 0.9336616566445723 neg 0.0417424868227034 off 0.02459585653272429	false	0.0
manipulieren	neg 1.0		__DUMMY__ 0.9256931966500317 neg 0.04426699455416386 off 0.030039808795804385	false	1.0
unbewiesen	neg 1.0		__DUMMY__ 0.9175119344304551 neg 0.048523053293954815 off 0.03396501227559001	false	1.0
verschleppen	neg 1.0		__DUMMY__ 0.924574429811178 neg 0.04382754943891395 off 0.03159802074990808	false	1.0
weib	off 1.0		__DUMMY__ 0.9178983034682561 off 0.04283864516671988 neg 0.039263051365024046	false	1.0
opposition	neg 1.0		__DUMMY__ 0.9213711776014512 neg 0.04415675832030938 off 0.034472064078239405	false	1.0
verkehrswidrig	neg 1.0	neg 1.0	neg 0.497922429559128 __DUMMY__ 0.46654964525042086 off 0.035527925190451115	false	1.0
inkorrekt	neg 1.0		__DUMMY__ 0.9174888186733217 neg 0.04354613092018609 off 0.03896505040649221	false	1.0
vermeiden	neg 1.0		__DUMMY__ 0.9303357917773794 neg 0.0434497255902561 off 0.026214482632364578	false	1.0
abweichung	neg 1.0	neg 1.0	neg 0.5092119183516954 __DUMMY__ 0.46296302656033417 off 0.02782505508797037	false	1.0
alkoholisiert	neg 1.0		__DUMMY__ 0.9346269002872727 neg 0.036271136358439586 off 0.029101963354287774	false	1.0
scheiss	off 1.0	off 1.0	off 0.5036071590711652 __DUMMY__ 0.46026144390192625 neg 0.03613139702690858	false	1.0
herausforderung	neg 1.0	neg 1.0	neg 0.5039658774553748 __DUMMY__ 0.4689540002311477 off 0.02708012231347758	false	1.0
pervers	off 1.0		__DUMMY__ 0.9172294578805007 off 0.04517474699500822 neg 0.03759579512449102	false	1.0
wackelig	neg 1.0		__DUMMY__ 0.9301844423848649 neg 0.038615711511015324 off 0.03119984610411976	false	1.0
verwickeln	neg 1.0		__DUMMY__ 0.9222207687706604 neg 0.04236547140826513 off 0.0354137598210745	false	1.0
vorwand	neg 1.0		__DUMMY__ 0.925733974105353 neg 0.04486121502332299 off 0.02940481087132405	false	1.0
muschi	off 1.0		__DUMMY__ 0.9243910843478187 neg 0.04333850268540441 off 0.032270412966776796	false	0.5
entmutigung	neg 1.0		__DUMMY__ 0.9203765711700596 neg 0.04483204295724036 off 0.03479138587270008	false	1.0
unangemessen	neg 1.0		__DUMMY__ 0.9231752854199351 neg 0.04456683221671859 off 0.032257882363346334	false	1.0
unstetig	neg 1.0		__DUMMY__ 0.9241572030348323 neg 0.04220715296323411 off 0.03363564400193363	false	1.0
entmutigen	neg 1.0		__DUMMY__ 0.9249779395769263 neg 0.0405962408598944 off 0.03442581956317923	false	1.0
schwanz	neg 1.0		__DUMMY__ 0.9260746607062018 neg 0.04420841955945637 off 0.02971691973434182	false	1.0
verbot	neg 1.0		__DUMMY__ 0.9217222128837882 neg 0.04652111198315696 off 0.03175667513305476	false	1.0
leid	neg 1.0		__DUMMY__ 0.9209807470211359 off 0.041055671071774574 neg 0.037963581907089504	false	0.5
archaisch	neg 1.0		__DUMMY__ 0.925232114266954 neg 0.04283104991348498 off 0.03193683581956104	false	1.0
gegen			__DUMMY__ 0.9277827978467308 neg 0.04315395769183253 off 0.02906324446143665	false	0.0
scheidung	neg 1.0		__DUMMY__ 0.9174785095427779 off 0.04803591873898752 neg 0.0344855717182345	false	0.5
einschlag	neg 1.0	neg 1.0	neg 0.5039850813901888 __DUMMY__ 0.4603476049548943 off 0.03566731365491681	false	1.0
m			__DUMMY__ 0.9266938649451509 neg 0.04172049819767345 off 0.03158563685717559	false	0.0
abgestanden	neg 1.0		__DUMMY__ 0.9247668955781234 neg 0.04216482945650154 off 0.03306827496537498	false	1.0
schmierig	off 1.0		__DUMMY__ 0.9211717229067128 off 0.04072617937901231 neg 0.03810209771427495	false	1.0
unpraktisch	neg 1.0		__DUMMY__ 0.9269810558118613 neg 0.03931395739717819 off 0.03370498679096055	false	1.0
wixxer	off 1.0		__DUMMY__ 0.9162307102645201 off 0.04501670136766575 neg 0.038752588367814256	false	1.0
bezeichnet			__DUMMY__ 0.9236034724914093 neg 0.0431678484978447 off 0.03322867901074604	false	0.0
jammerlappen	off 1.0		__DUMMY__ 0.922207909158272 neg 0.04071202351034579 off 0.0370800673313822	false	0.5
farce	neg 1.0		__DUMMY__ 0.9211504337626285 neg 0.046558610276881025 off 0.032290955960490385	false	1.0
zwecklos	neg 1.0		__DUMMY__ 0.923874628988941 neg 0.04394370856088775 off 0.03218166245017127	false	1.0
turbulent	neg 1.0		__DUMMY__ 0.9211623222325164 neg 0.04159571481688056 off 0.03724196295060305	false	1.0
invasion	neg 1.0		__DUMMY__ 0.9245053242513398 neg 0.04035333891960819 off 0.035141336829052086	false	1.0
schuld	neg 1.0		__DUMMY__ 0.9241212786667508 neg 0.041680924717887195 off 0.03419779661536205	false	1.0
risiko	neg 1.0		__DUMMY__ 0.9265958184711718 neg 0.03987944957856196 off 0.03352473195026634	false	1.0
finster	neg 1.0		__DUMMY__ 0.926043281612415 neg 0.040502110097322165 off 0.03345460829026286	false	1.0
geisteskrank	off 1.0		__DUMMY__ 0.9200609373155654 neg 0.041509133177201105 off 0.03842992950723352	false	0.5
zusammenbrechen	neg 1.0		__DUMMY__ 0.9263460662001396 neg 0.04121588624398924 off 0.03243804755587118	false	1.0
ausbeute	neg 1.0		__DUMMY__ 0.9310968029811709 neg 0.03947857022831486 off 0.029424626790514264	false	1.0
hinterhalt	neg 1.0		__DUMMY__ 0.9274782419774457 neg 0.0408290144970427 off 0.03169274352551169	false	1.0
kritik	neg 1.0		__DUMMY__ 0.921602572939843 neg 0.046205944583357916 off 0.032191482476798976	false	1.0
einschrumpfen	neg 1.0		__DUMMY__ 0.9193129207749622 neg 0.04504925581110063 off 0.03563782341393719	false	1.0
riskant	neg 1.0		__DUMMY__ 0.924324721894761 neg 0.04474762284626677 off 0.03092765525897222	false	1.0
frustrieren	neg 1.0		__DUMMY__ 0.9255471779815143 neg 0.04344726742264448 off 0.03100555459584121	false	1.0
groll	neg 1.0		__DUMMY__ 0.9254689396830709 neg 0.04256642070051854 off 0.031964639616410585	false	1.0
gibt			__DUMMY__ 0.9252462165958117 neg 0.042473615191041654 off 0.0322801682131467	false	0.0
qualvoll	neg 1.0		__DUMMY__ 0.9254115632124338 neg 0.03887320964796953 off 0.03571522713959671	false	1.0
wackeln	neg 1.0	neg 1.0	neg 0.5050814796574026 __DUMMY__ 0.46422423735640106 off 0.03069428298619643	false	1.0
klagen	neg 1.0		__DUMMY__ 0.9265624620527059 neg 0.04496359610231151 off 0.028473941844982607	false	1.0
bankrott	neg 1.0		__DUMMY__ 0.9236536467476045 neg 0.04032474264054202 off 0.036021610611853515	false	1.0
trauern	neg 1.0		__DUMMY__ 0.9281637263268365 neg 0.041003241448506304 off 0.03083303222465711	false	1.0
ablehnung	neg 1.0		__DUMMY__ 0.9213368229895458 neg 0.04638765489399824 off 0.03227552211645602	false	1.0
stur	neg 1.0		__DUMMY__ 0.9234081047584994 neg 0.04196116258109673 off 0.034630732660403736	false	1.0
aufruhr	neg 1.0		__DUMMY__ 0.9242624981265153 neg 0.0429618358013405 off 0.03277566607214418	false	1.0
melancholie	neg 1.0		__DUMMY__ 0.9276637844883416 neg 0.041192973539246655 off 0.031143241972411622	false	1.0
ist			__DUMMY__ 0.9242985870132829 neg 0.04097842309208849 off 0.03472298989462852	false	0.0
torheit	neg 1.0		__DUMMY__ 0.9220883445124206 neg 0.043683298355689314 off 0.034228357131890104	false	1.0
dreckskind	off 1.0		__DUMMY__ 0.9178765317551258 off 0.04176219665860423 neg 0.040361271586269905	false	1.0
umtauschen	neg 1.0		__DUMMY__ 0.926097451095818 neg 0.04138891133349609 off 0.03251363757068593	false	1.0
zum			__DUMMY__ 0.9352329540899638 neg 0.03856736800413652 off 0.026199677905899818	false	0.0
zersetzen	neg 1.0		__DUMMY__ 0.9240814038858319 neg 0.04598951693817906 off 0.029929079175989023	false	1.0
zur			__DUMMY__ 0.9301461761801431 neg 0.04381718331050649 off 0.026036640509350503	false	0.0
frust	neg 1.0		__DUMMY__ 0.9263517960030668 neg 0.041255928280442014 off 0.03239227571649121	false	1.0
unerbittlichkeit	neg 1.0		__DUMMY__ 0.9248917872733182 neg 0.04509694229786803 off 0.03001127042881369	false	1.0
zwei			__DUMMY__ 0.9328288376814925 neg 0.03935938649816243 off 0.027811775820344966	false	0.0
unkorrekt	neg 1.0		__DUMMY__ 0.9184635170978566 neg 0.04228271900859634 off 0.03925376389354702	false	1.0
hexe	off 1.0		__DUMMY__ 0.9229493924157645 neg 0.039878445231765924 off 0.03717216235246964	false	0.5
lasch	neg 1.0		__DUMMY__ 0.9211696367214597 neg 0.04250047433259464 off 0.03632988894594562	false	1.0
rivale	neg 1.0		__DUMMY__ 0.9234394598915624 off 0.038842049040152746 neg 0.03771849106828485	false	0.5
mutlos	off 1.0	off 1.0	off 0.49825568823303623 __DUMMY__ 0.4601450575813688 neg 0.041599254185594986	false	1.0
wirr	off 1.0		__DUMMY__ 0.9187654079645006 neg 0.041898559989637575 off 0.039336032045861856	false	0.5
jahr			__DUMMY__ 0.9327282015433447 neg 0.03820265105307524 off 0.029069147403580017	false	0.0
wird			__DUMMY__ 0.926586600882748 neg 0.04229372407399902 off 0.031119675043252852	false	0.0
strafbar	neg 1.0		__DUMMY__ 0.9240004378428778 neg 0.04490465006843963 off 0.031094912088682564	false	1.0
erosion	neg 1.0		__DUMMY__ 0.9259423482631217 neg 0.04040802552630333 off 0.033649626210574955	false	1.0
eingehen	neg 1.0		__DUMMY__ 0.9235378170006832 neg 0.04472512758993666 off 0.03173705540938024	false	1.0
faul	off 1.0		__DUMMY__ 0.9244299937807802 neg 0.03953294038085916 off 0.03603706583836063	false	0.5
provisorium	neg 1.0		__DUMMY__ 0.9313621375863624 neg 0.044356673420831 off 0.024281188992806603	false	1.0
schmerzen	neg 1.0		__DUMMY__ 0.925665530095084 neg 0.04152390504135895 off 0.032810564863557004	false	1.0
schrumpfen	neg 1.0		__DUMMY__ 0.9277668165970069 neg 0.045781701531094156 off 0.026451481871899017	false	1.0
geistlos	off 1.0		__DUMMY__ 0.9184965618058712 neg 0.04579624129253036 off 0.035707196901598466	false	0.5
fehlkauf	neg 1.0		__DUMMY__ 0.9228652097092003 neg 0.04246567136523546 off 0.03466911892556418	false	1.0
frustrierend	neg 1.0		__DUMMY__ 0.9249423479666314 neg 0.0387336916235941 off 0.03632396040977442	false	1.0
unzufrieden	neg 1.0		__DUMMY__ 0.9239511648294023 neg 0.04393187696181315 off 0.03211695820878453	false	1.0
verzweifeln	neg 1.0		__DUMMY__ 0.9252760293032707 neg 0.04155030754865065 off 0.0331736631480787	false	1.0
verzweifelt	neg 1.0		__DUMMY__ 0.9232435643844089 neg 0.04209989975707541 off 0.03465653585851558	false	1.0
misstrauensantrag	neg 1.0		__DUMMY__ 0.9219123672210043 neg 0.043184321813723316 off 0.03490331096527227	false	1.0
abfallen	neg 1.0		__DUMMY__ 0.9274516940112046 neg 0.03862082033787931 off 0.033927485650916085	false	1.0
fucker	off 1.0		__DUMMY__ 0.9202029926635305 neg 0.04102894384353192 off 0.038768063492937606	false	0.5
ungezogen	neg 1.0		__DUMMY__ 0.919466605441859 off 0.04384533102592959 neg 0.03668806353221142	false	0.5
irrsinnig	neg 1.0	neg 1.0	neg 0.5087599763972763 __DUMMY__ 0.45993058967447253 off 0.03130943392825105	false	1.0
unfassbar	neg 1.0		__DUMMY__ 0.9224456157044724 neg 0.03998698948940097 off 0.03756739480612665	false	1.0
hart	neg 1.0		__DUMMY__ 0.9222226293842357 neg 0.04212544356745016 off 0.03565192704831419	false	1.0
widerlich	off 1.0		__DUMMY__ 0.9200879678564532 neg 0.04162457154288188 off 0.0382874606006649	false	0.5
fatal	neg 1.0		__DUMMY__ 0.9228732603200258 neg 0.04217775700655577 off 0.034948982673418366	false	1.0
bruch	neg 1.0		__DUMMY__ 0.9255512777417223 neg 0.04576978957970487 off 0.02867893267857275	false	1.0
aushungern	neg 1.0		__DUMMY__ 0.9219468191009925 neg 0.045006236486290686 off 0.033046944412716904	false	1.0
anspannung	neg 1.0	neg 1.0	neg 0.5056126253842262 __DUMMY__ 0.47019734295772986 off 0.024190031658043832	false	1.0
von			__DUMMY__ 0.931626698274928 neg 0.03975603671102066 off 0.028617265014051325	false	0.0
kraftlos	neg 1.0		__DUMMY__ 0.9282291306249112 neg 0.04002777791282179 off 0.031743091462267066	false	1.0
vom			__DUMMY__ 0.934794433544375 neg 0.04057388772095168 off 0.024631678734673316	false	0.0
grenzdebil	off 1.0		__DUMMY__ 0.9222987995313011 neg 0.03948013419764329 off 0.03822106627105552	false	0.5
vor			__DUMMY__ 0.9276941806444098 neg 0.04298659912158067 off 0.0293192202340096	false	0.0
unterwerfen	neg 1.0		__DUMMY__ 0.9260900408240943 neg 0.04307162955059296 off 0.03083832962531286	false	1.0
versenkung	neg 1.0		__DUMMY__ 0.9253025537856868 neg 0.04395182434025597 off 0.030745621874057126	false	1.0
entziehen	neg 1.0		__DUMMY__ 0.9264124846332321 neg 0.04465887982099112 off 0.02892863554577675	false	1.0
finanzkrise	neg 1.0		__DUMMY__ 0.9203580828478742 neg 0.046914955658483026 off 0.032726961493642744	false	1.0
schimpfend	neg 1.0		__DUMMY__ 0.9286409647882482 neg 0.0377529184066029 off 0.03360611680514894	false	1.0
profan	neg 1.0		__DUMMY__ 0.9233127213575082 neg 0.04120112059781061 off 0.035486158044681235	false	1.0
korruption	neg 1.0	neg 1.0	neg 0.5125624446683047 __DUMMY__ 0.4586481188318156 off 0.028789436499879785	false	1.0
â			__DUMMY__ 0.9263599759703047 neg 0.04284715447493941 off 0.030792869554755933	false	0.0
schmutzig	neg 1.0		__DUMMY__ 0.9228971305528978 neg 0.039344934923424245 off 0.03775793452367793	false	1.0
sexy	neg 1.0		__DUMMY__ 0.9232964976186524 neg 0.0407384943008054 off 0.03596500808054216	false	1.0
abraten	neg 1.0		__DUMMY__ 0.9238848791189967 neg 0.041440918361008 off 0.03467420251999529	false	1.0
schwarz	neg 1.0		__DUMMY__ 0.923233653092582 neg 0.042289216448189025 off 0.034477130459229045	false	1.0
fotze	off 1.0		__DUMMY__ 0.9247405020857592 neg 0.04461945054957438 off 0.03064004736466637	false	0.5
verwirren	neg 1.0		__DUMMY__ 0.9234968416533675 neg 0.04078579762118676 off 0.03571736072544573	false	1.0
zahnlos	off 1.0		__DUMMY__ 0.923551355919421 neg 0.044310517534704386 off 0.032138126545874626	false	0.5
verheeren	neg 1.0		__DUMMY__ 0.9187929041753301 off 0.044800529538993224 neg 0.03640656628567666	false	0.5
hippie	neg 1.0		__DUMMY__ 0.9227307337508198 neg 0.04159016404457512 off 0.035679102204605045	false	1.0
rammen	neg 1.0		__DUMMY__ 0.92283571970177 neg 0.04372227150465134 off 0.033442008793578636	false	1.0
unlauter	neg 1.0		__DUMMY__ 0.9196913374898165 neg 0.04639392167329417 off 0.033914740836889314	false	1.0
unheilvoll	neg 1.0		__DUMMY__ 0.9267310040473664 neg 0.0385385264912649 off 0.03473046946136878	false	1.0
niedrig	neg 1.0		__DUMMY__ 0.925891318088978 neg 0.04430742891302175 off 0.029801252998000242	false	1.0
explosion	neg 1.0		__DUMMY__ 0.922719556645189 neg 0.042120759027283336 off 0.03515968432752773	false	1.0
weichei	off 1.0		__DUMMY__ 0.9185500615431578 off 0.04168085008825426 neg 0.03976908836858805	false	1.0
minusmensch	off 1.0		__DUMMY__ 0.9126316588903004 off 0.04504424499848537 neg 0.04232409611121422	false	1.0
farblos	neg 1.0		__DUMMY__ 0.929982229373312 neg 0.03805190020156968 off 0.0319658704251183	false	1.0
unwissend	neg 1.0	neg 1.0	neg 0.506963847063208 __DUMMY__ 0.45900319496353204 off 0.03403295797325993	false	1.0
traurig	neg 1.0		__DUMMY__ 0.922439261466142 off 0.039601486707273544 neg 0.037959251826584606	false	0.5
senkung	neg 1.0		__DUMMY__ 0.9208255546505877 neg 0.0438627454273465 off 0.035311699922065856	false	1.0
ungleich	neg 1.0	neg 1.0	neg 0.5117617657278142 __DUMMY__ 0.46033916345338827 off 0.027899070818797583	false	1.0
heikel	neg 1.0		__DUMMY__ 0.9246640596017213 neg 0.04532558539124293 off 0.030010355007035805	false	1.0
drosselung	neg 1.0		__DUMMY__ 0.9225975879247102 neg 0.0397339196176794 off 0.03766849245761034	false	1.0
falsch	neg 1.0		__DUMMY__ 0.9232848476382454 neg 0.040254893941713055 off 0.03646025842004162	false	1.0
unzufriedenheit	neg 1.0		__DUMMY__ 0.9255739981516111 neg 0.04473510644897431 off 0.029690895399414503	false	1.0
kurz	neg 1.0		__DUMMY__ 0.9285358153428436 neg 0.03949485769009276 off 0.03196932696706367	false	1.0
unsinnig	neg 1.0		__DUMMY__ 0.9225645038630235 neg 0.04497463953083296 off 0.03246085660614355	false	1.0
penner	off 1.0	off 1.0	off 0.5094499577738366 __DUMMY__ 0.4557139157851734 neg 0.034836126440989955	false	1.0
seicht	neg 1.0		__DUMMY__ 0.9159703939316434 off 0.044129738007280934 neg 0.03989986806107572	false	0.5
dummheit	off 1.0	off 1.0	off 0.5024500309673943 __DUMMY__ 0.45840790002018367 neg 0.039142069012422134	false	1.0
unerfreulich	neg 1.0		__DUMMY__ 0.9267772575696955 neg 0.044064624885401533 off 0.029158117544902943	false	1.0
motherfucker	off 1.0	off 1.0	off 0.5053802941579446 __DUMMY__ 0.45664551197099346 neg 0.037974193871062	false	1.0
pikiert	neg 1.0		__DUMMY__ 0.9200498796017724 neg 0.04245222028050835 off 0.03749790011771928	false	1.0
wrack	neg 1.0		__DUMMY__ 0.9303735244397592 neg 0.03962512418100149 off 0.03000135137923939	false	1.0
gangster	neg 1.0		__DUMMY__ 0.9235033294825238 neg 0.041184384455428255 off 0.03531228606204793	false	1.0
krank	neg 1.0		__DUMMY__ 0.9241546889036059 off 0.03814505032239798 neg 0.037700260773996144	false	0.5
reich	neg 1.0		__DUMMY__ 0.9218054108052736 neg 0.04173956017701935 off 0.036455029017707107	false	1.0
gnadenlos	neg 1.0		__DUMMY__ 0.9243383782764708 neg 0.04144260972588789 off 0.03421901199764132	false	1.0
niedergeschlagen	neg 1.0		__DUMMY__ 0.9268284679215356 neg 0.04083294094516265 off 0.03233859113330173	false	1.0
terrorisieren	off 1.0	off 1.0	off 0.49845010738574835 __DUMMY__ 0.46216054379727195 neg 0.03938934881697966	false	1.0
sinnlosigkeit	neg 1.0		__DUMMY__ 0.9246681932419931 neg 0.04318232288502682 off 0.032149483872980035	false	1.0
behindern	neg 1.0		__DUMMY__ 0.9236444308804617 neg 0.04367054674222632 off 0.032685022377312044	false	1.0
undemokratisch	neg 1.0		__DUMMY__ 0.9204891058681999 neg 0.045132885612662266 off 0.03437800851913786	false	1.0
wirtschaftskrise	neg 1.0		__DUMMY__ 0.9229981450309996 neg 0.045851972451932 off 0.031149882517068347	false	1.0
neid	neg 1.0		__DUMMY__ 0.9270055417726738 off 0.03667383339729071 neg 0.03632062483003552	false	0.5
rutschen	neg 1.0	neg 1.0	neg 0.5052856005873217 __DUMMY__ 0.4694907676556938 off 0.02522363175698445	false	1.0
rezession	neg 1.0		__DUMMY__ 0.9160296810134951 neg 0.043513102084800664 off 0.04045721690170424	false	1.0
fehlgeburt	neg 1.0		__DUMMY__ 0.9261771065157047 neg 0.039182402108562026 off 0.034640491375733204	false	1.0
charakterschwach	off 1.0		__DUMMY__ 0.921306379130472 neg 0.04058214620087188 off 0.03811147466865618	false	0.5
isolation	neg 1.0		__DUMMY__ 0.9249039543408378 neg 0.03891201439733109 off 0.03618403126183107	false	1.0
ablenkung	neg 1.0		__DUMMY__ 0.9252255438794483 neg 0.04115724284329568 off 0.03361721327725603	false	1.0
pech	neg 1.0		__DUMMY__ 0.9247803349374385 neg 0.03947050871560572 off 0.03574915634695574	false	1.0
vermeidung	neg 1.0		__DUMMY__ 0.9202633012935418 neg 0.041739797875873993 off 0.03799690083058416	false	1.0
dominieren	neg 1.0		__DUMMY__ 0.9293033127213663 neg 0.039861366944873904 off 0.0308353203337597	false	1.0
schwindlig	neg 1.0		__DUMMY__ 0.9274033940961738 neg 0.037970543246440974 off 0.03462606265738534	false	1.0
lutscher	neg 1.0	neg 1.0	neg 0.5053446910391296 __DUMMY__ 0.454264937890087 off 0.04039037107078355	false	1.0
pflicht	neg 1.0		__DUMMY__ 0.9253874884565327 neg 0.04452350651045092 off 0.030089005033016227	false	1.0
faschist	off 1.0		__DUMMY__ 0.9201802737601231 neg 0.04386314313657591 off 0.03595658310330104	false	0.5
verschleudern	neg 1.0		__DUMMY__ 0.921000399466115 neg 0.04836091029126281 off 0.03063869024262216	false	1.0
wenn			__DUMMY__ 0.9232689848084725 neg 0.04006869154678004 off 0.03666232364474745	false	0.0
ehebruch	neg 1.0		__DUMMY__ 0.924219705009776 neg 0.04444611177592574 off 0.03133418321429818	false	1.0
spott	off 1.0		__DUMMY__ 0.9235722380329552 neg 0.04542983679488582 off 0.030997925172159067	false	0.5
trostlosigkeit	neg 1.0		__DUMMY__ 0.9264126196267819 neg 0.044594080045072065 off 0.02899330032814605	false	1.0
lutschen	neg 1.0		__DUMMY__ 0.921529620048285 neg 0.04323204468907364 off 0.03523833526264141	false	1.0
undiszipliniert	neg 1.0		__DUMMY__ 0.9222810163554951 off 0.03891000264925158 neg 0.03880898099525325	false	0.5
kopfschmerz	neg 1.0		__DUMMY__ 0.9274665605947504 neg 0.040753024040895085 off 0.03178041536435448	false	1.0
unvorhergesehen	neg 1.0		__DUMMY__ 0.9309428268012327 neg 0.03891741443685243 off 0.030139758761914787	false	1.0
desinteressiert	neg 1.0		__DUMMY__ 0.9209187100942252 neg 0.040139199658916186 off 0.03894209024685862	false	1.0
armselig	off 1.0		__DUMMY__ 0.9186748213686734 neg 0.0415102229414497 off 0.03981495568987694	false	0.5
desaster	neg 1.0		__DUMMY__ 0.9255433925845149 neg 0.04614122938647824 off 0.028315378029006785	false	1.0
tod	neg 1.0		__DUMMY__ 0.9269313554378966 neg 0.042338780189377416 off 0.030729864372725922	false	1.0
herzlos	neg 1.0		__DUMMY__ 0.9201357259802313 off 0.04002634295935551 neg 0.039837931060413265	false	0.5
unwissenheit	neg 1.0		__DUMMY__ 0.9225030315025048 neg 0.04544854661796187 off 0.03204842187953345	false	1.0
widersinnig	neg 1.0	neg 1.0	neg 0.5124168703412045 __DUMMY__ 0.4579691671467099 off 0.02961396251208563	false	1.0
bedenklich	neg 1.0		__DUMMY__ 0.9241409062259823 neg 0.044756691538135225 off 0.03110240223588237	false	1.0
beanstanden	neg 1.0		__DUMMY__ 0.9259377294964412 neg 0.04450814284278942 off 0.029554127660769456	false	1.0
panisch	neg 1.0	neg 1.0	neg 0.5029231756671366 __DUMMY__ 0.46516581203511886 off 0.031911012297744554	false	1.0
debil	off 1.0		__DUMMY__ 0.9286801636415525 neg 0.04583980924826178 off 0.025480027110185786	false	0.5
abstrich	neg 1.0		__DUMMY__ 0.9253232715734682 neg 0.044534111432647606 off 0.0301426169938842	false	1.0
primitiv	neg 1.0		__DUMMY__ 0.9201197411030974 neg 0.04125275688368094 off 0.03862750201322162	false	1.0
abschaum	off 1.0	off 1.0	off 0.503943133595447 __DUMMY__ 0.4584632281516242 neg 0.03759363825292882	false	1.0
provozieren	neg 1.0		__DUMMY__ 0.9232314334191452 neg 0.042673408627070634 off 0.034095157953784316	false	1.0
tot	neg 1.0		__DUMMY__ 0.9268818529160413 neg 0.04298588313386133 off 0.03013226395009742	false	1.0
instabil	neg 1.0		__DUMMY__ 0.9182428139225802 neg 0.04330362535131793 off 0.03845356072610191	false	1.0
schwuchtel	off 1.0		__DUMMY__ 0.913194853089703 off 0.04803709809698493 neg 0.03876804881331207	false	1.0
zerren	neg 1.0		__DUMMY__ 0.9269873028256432 neg 0.04045439687436496 off 0.03255830029999184	false	1.0
kinderficker	off 1.0		__DUMMY__ 0.9176672330833311 off 0.04169388089240817 neg 0.04063888602426072	false	1.0
gefahr	neg 1.0		__DUMMY__ 0.9258188082018186 neg 0.04439293727391968 off 0.029788254524261794	false	1.0
rabiat	neg 1.0		__DUMMY__ 0.9229380896281766 neg 0.0434468793652386 off 0.033615031006584736	false	1.0
verlangsamung	neg 1.0		__DUMMY__ 0.9168394932595944 off 0.04294314060055322 neg 0.04021736613985244	false	0.5
ausgestorben	neg 1.0		__DUMMY__ 0.9262567592990507 neg 0.04074081077967732 off 0.033002429921271934	false	1.0
anklagen	neg 1.0		__DUMMY__ 0.9232312568960198 neg 0.04438269565718286 off 0.03238604744679726	false	1.0
trott	neg 1.0		__DUMMY__ 0.9254748944908406 neg 0.04168748496993326 off 0.032837620539226064	false	1.0
verminderung	neg 1.0		__DUMMY__ 0.9210309491742518 neg 0.04043443387282958 off 0.03853461695291871	false	1.0
nach			__DUMMY__ 0.9340088216036168 neg 0.03943012013392173 off 0.026561058262461596	false	0.0
rost	neg 1.0		__DUMMY__ 0.919474957927553 off 0.04172668886495279 neg 0.038798353207494245	false	0.5
destruktiv	neg 1.0		__DUMMY__ 0.921866922408331 neg 0.04477244646424844 off 0.033360631127420555	false	1.0
unzumutbarkeit	neg 1.0		__DUMMY__ 0.9241040149061311 neg 0.03920829796222555 off 0.03668768713164335	false	1.0
labil	off 1.0	off 1.0	off 0.5039146303720423 __DUMMY__ 0.45818891449522914 neg 0.037896455132728615	false	1.0
ziemlich	neg 1.0		__DUMMY__ 0.9237714408398369 neg 0.03844534260717473 off 0.037783216552988504	false	1.0
lachnummer	off 1.0		__DUMMY__ 0.9236007063000665 neg 0.04276061899590349 off 0.033638674704029994	false	0.5
oder			__DUMMY__ 0.9266299713381061 neg 0.039990224269434195 off 0.0333798043924597	false	0.0
verfall	neg 1.0		__DUMMY__ 0.926585840675018 neg 0.04699134041560323 off 0.026422818909378747	false	1.0
ausgrenzung	neg 1.0		__DUMMY__ 0.9195785171497478 neg 0.045541921354152054 off 0.03487956149610016	false	1.0
unordnung	neg 1.0		__DUMMY__ 0.9236914951167383 neg 0.03909878532921428 off 0.037209719554047414	false	1.0
fehlverhalten	neg 1.0		__DUMMY__ 0.9243657738625304 neg 0.045320800860249096 off 0.030313425277220547	false	1.0
eine			__DUMMY__ 0.9267700495081809 neg 0.04372569577752483 off 0.029504254714294284	false	0.0
nille	neg 1.0		__DUMMY__ 0.9245793488317862 neg 0.04273674872924133 off 0.0326839024389725	false	1.0
qual	neg 1.0		__DUMMY__ 0.9250680784045434 neg 0.04219228771491734 off 0.03273963388053932	false	1.0
verschwenden	neg 1.0		__DUMMY__ 0.9242212459495062 neg 0.04447993748471804 off 0.03129881656577576	false	1.0
riesig	neg 1.0	neg 1.0	neg 0.507731669595932 __DUMMY__ 0.464347201966538 off 0.027921128437530005	false	1.0
verurteilen	neg 1.0		__DUMMY__ 0.9233604817862193 neg 0.04452238304077709 off 0.03211713517300355	false	1.0
klischee	neg 1.0	neg 1.0	neg 0.5089527688041288 __DUMMY__ 0.4579638961082283 off 0.03308333508764306	false	1.0
diktatorisch	neg 1.0		__DUMMY__ 0.9187248495937981 neg 0.04641140771992955 off 0.0348637426862724	false	1.0
vorhersehbar	neg 1.0	neg 1.0	neg 0.5083050984479289 __DUMMY__ 0.4590226939698558 off 0.03267220758221525	false	1.0
sowie			__DUMMY__ 0.9177676979496548 off 0.04148834303351345 neg 0.040743959016831734	false	0.0
stornieren	neg 1.0		__DUMMY__ 0.9300475010125855 neg 0.036286923861055045 off 0.03366557512635945	false	1.0
besteuerung	neg 1.0		__DUMMY__ 0.9206144291404992 neg 0.04566295793585397 off 0.03372261292364688	false	1.0
ungeschminkt	neg 1.0		__DUMMY__ 0.920792020067394 neg 0.041573191773380445 off 0.0376347881592255	false	1.0
kritisch	neg 1.0		__DUMMY__ 0.9247172239867235 neg 0.044230592120442516 off 0.031052183892834057	false	1.0
schlamperei	off 1.0		__DUMMY__ 0.9235423507816087 neg 0.04618705320999235 off 0.030270596008398962	false	0.5
sucht	neg 1.0	neg 1.0	neg 0.507517631706263 __DUMMY__ 0.4626172583665794 off 0.02986510992715753	false	1.0
egoistisch	off 1.0		__DUMMY__ 0.9201499642450311 off 0.04182331860159464 neg 0.03802671715337417	false	1.0
ausbeuter	off 1.0		__DUMMY__ 0.9228775354562085 neg 0.04690112935823769 off 0.030221335185553727	false	0.5
arschgeburt	off 1.0		__DUMMY__ 0.9125966588011056 off 0.04834437197338419 neg 0.03905896922551024	false	1.0
schubs	neg 1.0	neg 1.0	neg 0.5063717420413233 __DUMMY__ 0.46526684547973457 off 0.028361412478941972	false	1.0
unsolide	neg 1.0		__DUMMY__ 0.9158999521114933 neg 0.048920682367323096 off 0.035179365521183524	false	1.0
beschwerde	neg 1.0		__DUMMY__ 0.9231052385693567 neg 0.04657683705259143 off 0.030317924378051902	false	1.0
stocken	neg 1.0		__DUMMY__ 0.9242413158915764 neg 0.0450274311812975 off 0.030731252927126043	false	1.0
isolieren	neg 1.0		__DUMMY__ 0.9239555094419462 neg 0.04447380203161434 off 0.03157068852643953	false	1.0
unheilbar	neg 1.0		__DUMMY__ 0.9260210153558298 neg 0.04005087793626431 off 0.03392810670790581	false	1.0
pisser	off 1.0		__DUMMY__ 0.9203065662995638 neg 0.040943158674677814 off 0.038750275025758465	false	0.5
löschen	neg 1.0		__DUMMY__ 0.9245256074501236 neg 0.042192722739565654 off 0.033281669810310804	false	1.0
durchfallen	neg 1.0		__DUMMY__ 0.9230554135564086 neg 0.04498607354943183 off 0.031958512894159644	false	1.0
wichser	off 1.0		__DUMMY__ 0.9176637346675851 off 0.04534294803354758 neg 0.03699331729886737	false	1.0
terror	neg 1.0		__DUMMY__ 0.9246729886519244 neg 0.0402045334455517 off 0.03512247790252391	false	1.0
krass	neg 1.0		__DUMMY__ 0.9202876627026266 off 0.040030693087156954 neg 0.03968164421021631	false	0.5
revolte	neg 1.0	neg 1.0	neg 0.5100766151918692 __DUMMY__ 0.45784056451878274 off 0.03208282028934814	false	1.0
besorgt	neg 1.0		__DUMMY__ 0.9286749331715419 neg 0.039494945024099955 off 0.03183012180435804	false	1.0
nachlassen	neg 1.0		__DUMMY__ 0.9263607947622727 neg 0.04350690450073405 off 0.030132300736993287	false	1.0
alt	neg 1.0		__DUMMY__ 0.926708522824182 neg 0.04283092982834183 off 0.030460547347476167	false	1.0
hundesohn	off 1.0		__DUMMY__ 0.9153544370366922 off 0.04462215312644689 neg 0.04002340983686088	false	1.0
als			__DUMMY__ 0.9272383243643139 neg 0.04071561006264583 off 0.03204606557304038	false	0.0
abschreckung	neg 1.0		__DUMMY__ 0.9257037228281852 neg 0.04510970177901096 off 0.029186575392803806	false	1.0
unqualifiziert	neg 1.0		__DUMMY__ 0.9198700896016567 neg 0.043906760018428935 off 0.036223150379914366	false	1.0
abgewichst	off 1.0		__DUMMY__ 0.9256776432185244 neg 0.04225423725371046 off 0.03206811952776501	false	0.5
schwer	neg 1.0		__DUMMY__ 0.9251686352929217 neg 0.041416829569633946 off 0.03341453513744444	false	1.0
bedeutungslosigkeit	neg 1.0		__DUMMY__ 0.9253399749024535 neg 0.04479939441396577 off 0.029860630683580754	false	1.0
kapitulation	neg 1.0		__DUMMY__ 0.9213032821787749 neg 0.04772708929849866 off 0.030969628522726476	false	1.0
unscharf	neg 1.0		__DUMMY__ 0.9238579680738115 neg 0.041578562040420354 off 0.03456346988576817	false	1.0
schwinden	neg 1.0		__DUMMY__ 0.9259541753844005 neg 0.04437872209779098 off 0.029667102517808484	false	1.0
versklavung	neg 1.0		__DUMMY__ 0.9187966654229331 neg 0.046736498437298386 off 0.0344668361397685	false	1.0
schlecht	neg 1.0		__DUMMY__ 0.9238317805937337 neg 0.0382394666358901 off 0.037928752770376176	false	1.0
verhasst	neg 1.0		__DUMMY__ 0.9236175859134694 neg 0.04200262593669356 off 0.03437978814983696	false	1.0
beschweren	neg 1.0		__DUMMY__ 0.9242734023479781 neg 0.040836145416411 off 0.034890452235610936	false	1.0
scheiden	neg 1.0		__DUMMY__ 0.9317265575184325 neg 0.03512104723599942 off 0.03315239524556804	false	1.0
frustriert	neg 1.0		__DUMMY__ 0.9254340814482044 neg 0.04187645052222851 off 0.03268946802956709	false	1.0
schimmelig	neg 1.0		__DUMMY__ 0.9270894516502123 neg 0.04314039854777422 off 0.029770149802013503	false	1.0
fisch	neg 1.0		__DUMMY__ 0.9318419619950926 neg 0.03941827642206941 off 0.028739761582837996	false	1.0
schmuggel	neg 1.0		__DUMMY__ 0.9289341279044667 neg 0.0415007128423708 off 0.02956515925316249	false	1.0
auffallen	neg 1.0		__DUMMY__ 0.9241367200210481 neg 0.04054033764664553 off 0.03532294233230642	false	1.0
konkurrenz	neg 1.0	neg 1.0	neg 0.5091506110427402 __DUMMY__ 0.46440105390678577 off 0.02644833505047411	false	1.0
teufelskreis	neg 1.0	neg 1.0	neg 0.5095225566065132 __DUMMY__ 0.46032021782731714 off 0.030157225566169697	false	1.0
aufschreien	neg 1.0		__DUMMY__ 0.922829593952007 neg 0.04187380852384047 off 0.035296597524152526	false	1.0
schuldner	neg 1.0		__DUMMY__ 0.9259987686646358 neg 0.04417048945839762 off 0.029830741876966476	false	1.0
missgeburt	off 1.0	off 1.0	off 0.5077594661612297 __DUMMY__ 0.4555852555597243 neg 0.03665527827904597	false	1.0
arbeitslos	neg 1.0		__DUMMY__ 0.92319124456468 neg 0.04459692117102957 off 0.03221183426429035	false	1.0
befallen	neg 1.0		__DUMMY__ 0.9226252377803231 neg 0.04507768993315138 off 0.03229707228652558	false	1.0
miesepetrig	off 1.0	off 1.0	off 0.5041342142551718 __DUMMY__ 0.46061382053579936 neg 0.0352519652090288	false	1.0
alarmieren	neg 1.0		__DUMMY__ 0.9193709389748768 neg 0.04355309121608282 off 0.037075969809040404	false	1.0
ungeduscht	off 1.0		__DUMMY__ 0.9253063875186013 neg 0.039249255553328505 off 0.03544435692807026	false	0.5
knappheit	neg 1.0		__DUMMY__ 0.9227912851916281 neg 0.046427262658493555 off 0.030781452149878378	false	1.0
schlange	neg 1.0		__DUMMY__ 0.9278511618251802 neg 0.037565696951199615 off 0.034583141223620155	false	1.0
harsch	neg 1.0		__DUMMY__ 0.9223493077679641 off 0.0407263699249672 neg 0.03692432230706864	false	0.5
lang	neg 1.0		__DUMMY__ 0.9245459796760265 neg 0.04185800141704856 off 0.03359601890692493	false	1.0
ziellos	neg 1.0		__DUMMY__ 0.9275938043192493 neg 0.040801637733914826 off 0.03160455794683586	false	1.0
selbstverliebt	neg 1.0		__DUMMY__ 0.9143296079281156 off 0.0461868605524947 neg 0.039483531519389714	false	0.5
beseitigen	neg 1.0	neg 1.0	neg 0.5062815655453334 __DUMMY__ 0.46406041903322715 off 0.029658015421439362	false	1.0
dumm	off 1.0		__DUMMY__ 0.9186004454470807 off 0.04251465463707176 neg 0.03888489991584747	false	1.0
arbeitsloser	neg 1.0		__DUMMY__ 0.9259470476970694 neg 0.04244479654701942 off 0.03160815575591116	false	1.0
blitzen	neg 1.0		__DUMMY__ 0.9228736667049929 neg 0.04134144128634552 off 0.03578489200866156	false	1.0
hilflos	neg 1.0		__DUMMY__ 0.9257969009330472 neg 0.041949221756857794 off 0.032253877310094915	false	1.0
eklig	off 1.0		__DUMMY__ 0.918390592306653 off 0.04288769909648084 neg 0.03872170859686626	false	1.0
begriff			__DUMMY__ 0.9235544957457108 neg 0.04376343084834099 off 0.03268207340594814	false	0.0
hungersnot	neg 1.0		__DUMMY__ 0.9240745523823417 neg 0.043735808229671096 off 0.032189639387987114	false	1.0
ungesetzlich	neg 1.0		__DUMMY__ 0.9177401556524947 neg 0.04664521148471113 off 0.03561463286279414	false	1.0
verschwendung	neg 1.0		__DUMMY__ 0.9257278381048222 neg 0.043812619849826755 off 0.03045954204535113	false	1.0
schmerzvoll	neg 1.0		__DUMMY__ 0.9245251080815898 neg 0.04070261323403798 off 0.03477227868437226	false	1.0
vorzeitig	neg 1.0		__DUMMY__ 0.9250987252652974 neg 0.03928621923152437 off 0.03561505550317823	false	1.0
unvollkommenheit	neg 1.0		__DUMMY__ 0.9288845445073314 neg 0.039793627012090174 off 0.03132182848057849	false	1.0
intervenieren	neg 1.0		__DUMMY__ 0.9226002373670716 neg 0.046950508521787615 off 0.030449254111140737	false	1.0
banause	off 1.0		__DUMMY__ 0.9158327046335708 off 0.04446542064046169 neg 0.03970187472596752	false	1.0
rebell	neg 1.0		__DUMMY__ 0.9268453205294718 neg 0.04563768843140296 off 0.027516991039125263	false	1.0
unlogisch	neg 1.0		__DUMMY__ 0.9206048726005559 off 0.03976577613529755 neg 0.039629351264146524	false	0.5
leiden	neg 1.0		__DUMMY__ 0.9338308722942847 neg 0.03673539871149607 off 0.029433728994219144	false	1.0
abschaffung	neg 1.0		__DUMMY__ 0.9206872233093099 neg 0.04542129950917132 off 0.03389147718151892	false	1.0
sturz	neg 1.0		__DUMMY__ 0.9252452936378618 neg 0.04144352041850034 off 0.03331118594363788	false	1.0
verkleinerung	neg 1.0		__DUMMY__ 0.9177704562884689 neg 0.0464320614725025 off 0.03579748223902852	false	1.0
schmarotzer	off 1.0		__DUMMY__ 0.9228221540246371 neg 0.045053857470473524 off 0.032123988504889456	false	0.5
bestrafung	neg 1.0		__DUMMY__ 0.9239159725439728 neg 0.04145610156276586 off 0.034627925893261254	false	1.0
achtlos	neg 1.0		__DUMMY__ 0.9269264519980115 neg 0.0398029793073643 off 0.033270568694624254	false	1.0
