unsolidarisch	neg 1.0		neg 0.560297112174999 off 0.4327983810031453 __DUMMY__ 0.006904506821855554	false	1.0
nachteilig	neg 1.0		neg 0.5613193690217988 off 0.43169648912476016 __DUMMY__ 0.006984141853440922	false	1.0
skeptisch	neg 1.0		neg 0.5613261339941732 off 0.4316712720746774 __DUMMY__ 0.0070025939311492685	false	1.0
schrecklich	neg 1.0		neg 0.5439508264572742 off 0.44909760791815995 __DUMMY__ 0.006951565624565901	false	1.0
schlapp	neg 1.0	neg 1.0	neg 0.7606827063122862 off 0.235990722143616 __DUMMY__ 0.003326571544097776	false	1.0
abfall	neg 1.0		neg 0.5638404033753003 off 0.4291371491767836 __DUMMY__ 0.007022447447916205	false	1.0
widerspenstig	neg 1.0		neg 0.5544039749218755 off 0.43859566095113806 __DUMMY__ 0.0070003641269863	false	1.0
abrupt	neg 1.0		neg 0.5574531845123538 off 0.4354894022792781 __DUMMY__ 0.0070574132083680635	false	1.0
unwirksam	neg 1.0		neg 0.559103591734774 off 0.43397308511089483 __DUMMY__ 0.006923323154331144	false	1.0
angreifen	neg 1.0	neg 1.0	neg 0.7675877877597891 off 0.22907962483277625 __DUMMY__ 0.003332587407434557	false	1.0
inkonsistent	neg 1.0		neg 0.5549231369568922 off 0.43810371068287296 __DUMMY__ 0.0069731523602348695	false	1.0
abrutschen	neg 1.0		neg 0.5631680078633052 off 0.4298058953603099 __DUMMY__ 0.007026096776384741	false	1.0
unsicher	neg 1.0		neg 0.5541243893772163 off 0.43886901194594996 __DUMMY__ 0.007006598676833891	false	1.0
bauernkind	off 1.0	off 1.0	off 0.7061195851468859 neg 0.29060949442003503 __DUMMY__ 0.003270920433079114	false	1.0
angreifer	neg 1.0		neg 0.5529090700256644 off 0.4400898470044956 __DUMMY__ 0.007001082969840096	false	1.0
trennen	neg 1.0		neg 0.5558664839746699 off 0.43705445030064516 __DUMMY__ 0.007079065724684797	false	1.0
schmutz	neg 1.0		neg 0.5516023821223761 off 0.44138090378837613 __DUMMY__ 0.007016714089247741	false	1.0
inkonsistenz	neg 1.0		neg 0.5527829134203719 off 0.440288088754616 __DUMMY__ 0.006928997825012101	false	1.0
erschreckend	neg 1.0		neg 0.5566970831765522 off 0.43631436730636686 __DUMMY__ 0.006988549517080994	false	1.0
ertrinken	neg 1.0		neg 0.557754555079352 off 0.4352158768122307 __DUMMY__ 0.007029568108417366	false	1.0
pickelface	off 1.0		neg 0.5585961678149408 off 0.43442489164147297 __DUMMY__ 0.006978940543586185	false	0.5
seiner			neg 0.5590978539483811 off 0.43387072302941937 __DUMMY__ 0.007031423022199605	false	0.0
lauch	neg 1.0		neg 0.56520520181285 off 0.42780630092184635 __DUMMY__ 0.006988497265303551	false	1.0
unwichtig	neg 1.0		neg 0.5503180629323023 off 0.442724999696403 __DUMMY__ 0.006956937371294839	false	1.0
steuerhinterziehung	neg 1.0		neg 0.5603995027084512 off 0.43265723662542316 __DUMMY__ 0.006943260666125585	false	1.0
schock	neg 1.0		neg 0.553508842334143 off 0.4394501365638845 __DUMMY__ 0.007041021101972613	false	1.0
beule	neg 1.0		neg 0.5481779466319912 off 0.4448422437198579 __DUMMY__ 0.006979809648150861	false	1.0
vergelten	neg 1.0		neg 0.5446066370667626 off 0.4484130105107315 __DUMMY__ 0.006980352422505935	false	1.0
verdorbenheit	neg 1.0		neg 0.5552571822215525 off 0.4377424454660981 __DUMMY__ 0.007000372312349365	false	1.0
trauma	neg 1.0		neg 0.5542827252037253 off 0.4387350981501306 __DUMMY__ 0.006982176646144162	false	1.0
sinnlos	neg 1.0		neg 0.5517104514143987 off 0.44129591640403487 __DUMMY__ 0.006993632181566435	false	1.0
fettsack	off 1.0	off 1.0	off 0.708037138637893 neg 0.2886787916865516 __DUMMY__ 0.003284069675555456	false	1.0
feige	off 1.0	off 1.0	off 0.7046311933456444 neg 0.2920723791607128 __DUMMY__ 0.0032964274936428113	false	1.0
abdanken	neg 1.0		neg 0.5584298154724117 off 0.4346133751948888 __DUMMY__ 0.0069568093326994075	false	1.0
wichtigtuer	off 1.0	off 1.0	off 0.7032591189278949 neg 0.2934292235382144 __DUMMY__ 0.0033116575338907467	false	1.0
misslingen	neg 1.0		neg 0.5503178000516173 off 0.44262693313968837 __DUMMY__ 0.007055266808694363	false	1.0
untreu	off 1.0		neg 0.5491389316595459 off 0.4439134653844517 __DUMMY__ 0.006947602956002501	false	0.5
missmutig	neg 1.0		neg 0.5488587326556058 off 0.4441606055003433 __DUMMY__ 0.006980661844050791	false	1.0
hurenbock	off 1.0		neg 0.5527452936925331 off 0.44025431989023023 __DUMMY__ 0.007000386417236616	false	0.5
betrunken	neg 1.0		neg 0.5448408074323929 off 0.44817192534523786 __DUMMY__ 0.006987267222369224	false	1.0
korrupt	off 1.0		neg 0.5620134501477745 off 0.4310573618424482 __DUMMY__ 0.006929188009777369	false	0.5
unmut	neg 1.0		neg 0.5642861009897466 off 0.4287021001782199 __DUMMY__ 0.0070117988320333195	false	1.0
hackfresse	off 1.0		neg 0.5417500327381309 off 0.45134359299475135 __DUMMY__ 0.006906374267117684	false	0.5
aufblasen	neg 1.0		neg 0.5518538821019564 off 0.44113259512212705 __DUMMY__ 0.007013522775916563	false	1.0
gewaltsam	neg 1.0		neg 0.5567228313910948 off 0.43629041670349 __DUMMY__ 0.006986751905415198	false	1.0
unbeliebtheit	neg 1.0		neg 0.5553991574313124 off 0.43772282798804857 __DUMMY__ 0.006878014580638974	false	1.0
sturheit	neg 1.0		neg 0.5571593097733889 off 0.4358590289722519 __DUMMY__ 0.00698166125435908	false	1.0
kuh	neg 1.0		neg 0.5569180444219846 off 0.43613983372770837 __DUMMY__ 0.0069421218503070625	false	1.0
erschrecken	neg 1.0		neg 0.5493897103348708 off 0.44362111986230357 __DUMMY__ 0.006989169802825727	false	1.0
opfer	neg 1.0		neg 0.5585162069751901 off 0.434468769480442 __DUMMY__ 0.007015023544367812	false	1.0
sinken	neg 1.0		neg 0.5622452968107633 off 0.43072172261520364 __DUMMY__ 0.007032980574033051	false	1.0
stinktier	neg 1.0		neg 0.5458690775418301 off 0.44722564676467114 __DUMMY__ 0.006905275693498767	false	1.0
tucke	off 1.0		neg 0.544269318120187 off 0.44888235361330037 __DUMMY__ 0.006848328266512714	false	0.5
ein			neg 0.5522474125950888 off 0.4407310146997339 __DUMMY__ 0.007021572705177279	false	0.0
abstieg	neg 1.0		neg 0.5584752992534598 off 0.4344868453727248 __DUMMY__ 0.0070378553738152565	false	1.0
missverstehen	neg 1.0		neg 0.553549839767946 off 0.43949583135672793 __DUMMY__ 0.006954328875325941	false	1.0
ergebnislos	neg 1.0		neg 0.5604195510016089 off 0.4325748502093152 __DUMMY__ 0.007005598789075839	false	1.0
unter			neg 0.5640872802988256 off 0.4287948387716279 __DUMMY__ 0.007117880929546407	false	0.0
manipulieren	neg 1.0		neg 0.5610139133679135 off 0.43197969782622264 __DUMMY__ 0.007006388805863863	false	1.0
unbewiesen	neg 1.0		neg 0.5605012004900651 off 0.43260448791532624 __DUMMY__ 0.006894311594608731	false	1.0
verschleppen	neg 1.0		neg 0.559273406770266 off 0.433738613795571 __DUMMY__ 0.006987979434163073	false	1.0
weib	off 1.0		neg 0.5425099925478077 off 0.4505952696040835 __DUMMY__ 0.006894737848108692	false	0.5
opposition	neg 1.0		neg 0.5552740949939274 off 0.43778014710500895 __DUMMY__ 0.0069457579010636285	false	1.0
verkehrswidrig	neg 1.0	neg 1.0	neg 0.7562267517762189 off 0.24040980025855344 __DUMMY__ 0.003363447965227601	false	1.0
inkorrekt	neg 1.0		neg 0.5506969063745217 off 0.44241163292932295 __DUMMY__ 0.006891460696155276	false	1.0
vermeiden	neg 1.0		neg 0.5637957653128577 off 0.4291365546640089 __DUMMY__ 0.00706768002313332	false	1.0
abweichung	neg 1.0	neg 1.0	neg 0.766712623348838 off 0.2299490016685627 __DUMMY__ 0.0033383749825992843	false	1.0
alkoholisiert	neg 1.0		neg 0.5544710490347675 off 0.4384114050737838 __DUMMY__ 0.007117545891448731	false	1.0
scheiss	off 1.0	off 1.0	off 0.7059113712510737 neg 0.29077359284858034 __DUMMY__ 0.003315035900345972	false	1.0
herausforderung	neg 1.0	neg 1.0	neg 0.7646658913716654 off 0.2319472053380359 __DUMMY__ 0.0033869032902986533	false	1.0
pervers	off 1.0		neg 0.5387089870343805 off 0.4544057157493624 __DUMMY__ 0.00688529721625703	false	0.5
wackelig	neg 1.0		neg 0.5540403059659407 off 0.4388915590941124 __DUMMY__ 0.007068134939946784	false	1.0
verwickeln	neg 1.0		neg 0.553322334159766 off 0.43971672724187627 __DUMMY__ 0.006960938598357755	false	1.0
vorwand	neg 1.0		neg 0.5619922018422835 off 0.43099966706664555 __DUMMY__ 0.0070081310910708105	false	1.0
muschi	off 1.0		neg 0.5575646367925862 off 0.4354481898299712 __DUMMY__ 0.006987173377442631	false	0.5
entmutigung	neg 1.0		neg 0.5567667091828282 off 0.43630368967988165 __DUMMY__ 0.006929601137289997	false	1.0
unangemessen	neg 1.0		neg 0.5587987767551313 off 0.434228716429853 __DUMMY__ 0.006972506815015716	false	1.0
unstetig	neg 1.0		neg 0.5545385841999162 off 0.4384832883256504 __DUMMY__ 0.006978127474433511	false	1.0
entmutigen	neg 1.0		neg 0.5528556329107559 off 0.4401475099596541 __DUMMY__ 0.006996857129590091	false	1.0
schwanz	neg 1.0		neg 0.5606150417677682 off 0.4323782552304175 __DUMMY__ 0.007006703001814239	false	1.0
verbot	neg 1.0		neg 0.5613213690621699 off 0.43172851542278184 __DUMMY__ 0.006950115515048404	false	1.0
leid	neg 1.0		neg 0.5431030054283836 off 0.44995805750398893 __DUMMY__ 0.006938937067627465	false	1.0
archaisch	neg 1.0		neg 0.5573862724401758 off 0.4356137608265677 __DUMMY__ 0.006999966733256455	false	1.0
gegen			neg 0.5614320342176888 off 0.43153156574266177 __DUMMY__ 0.007036400039649552	false	0.0
scheidung	neg 1.0		neg 0.5341792666662684 off 0.45893338632151115 __DUMMY__ 0.006887347012220616	false	1.0
einschlag	neg 1.0	neg 1.0	neg 0.7591907000889025 off 0.23749306483460111 __DUMMY__ 0.003316235076496455	false	1.0
m			neg 0.5564747826090725 off 0.4365030404833504 __DUMMY__ 0.007022176907577001	false	0.0
abgestanden	neg 1.0		neg 0.554307365663134 off 0.4387060485236819 __DUMMY__ 0.006986585813184126	false	1.0
schmierig	off 1.0		neg 0.5436247392216514 off 0.44943290360349564 __DUMMY__ 0.006942357174852952	false	0.5
unpraktisch	neg 1.0		neg 0.5518139145741975 off 0.4411635686720851 __DUMMY__ 0.0070225167537175245	false	1.0
wixxer	off 1.0		neg 0.53978456324367 off 0.45334385616084133 __DUMMY__ 0.0068715805954888765	false	0.5
bezeichnet			neg 0.5564386251701732 off 0.4365828274673727 __DUMMY__ 0.006978547362454254	false	0.0
jammerlappen	off 1.0		neg 0.5499104848281574 off 0.443128819825285 __DUMMY__ 0.006960695346557556	false	0.5
farce	neg 1.0		neg 0.5606672031887071 off 0.4323914192924286 __DUMMY__ 0.0069413775188642765	false	1.0
zwecklos	neg 1.0		neg 0.5581744804633731 off 0.4348411164858463 __DUMMY__ 0.006984403050780462	false	1.0
turbulent	neg 1.0		neg 0.5506688164655777 off 0.4423961853300123 __DUMMY__ 0.006934998204410086	false	1.0
invasion	neg 1.0		neg 0.5517534412602699 off 0.4412554526099343 __DUMMY__ 0.006991106129795745	false	1.0
schuld	neg 1.0		neg 0.554059681716004 off 0.4389530980252074 __DUMMY__ 0.0069872202587885	false	1.0
risiko	neg 1.0		neg 0.5536216480232461 off 0.4393667478962832 __DUMMY__ 0.007011604080470711	false	1.0
finster	neg 1.0		neg 0.5525736129416396 off 0.440417892839358 __DUMMY__ 0.007008494219002259	false	1.0
geisteskrank	off 1.0		neg 0.5493637849328394 off 0.4437074553494511 __DUMMY__ 0.006928759717709413	false	0.5
zusammenbrechen	neg 1.0		neg 0.5554473049328728 off 0.4375326044386337 __DUMMY__ 0.007020090628493628	false	1.0
ausbeute	neg 1.0		neg 0.5566484576724561 off 0.4362775389232943 __DUMMY__ 0.007074003404249759	false	1.0
hinterhalt	neg 1.0		neg 0.5558759743454981 off 0.43709991647088314 __DUMMY__ 0.007024109183618655	false	1.0
kritik	neg 1.0		neg 0.5605435005744854 off 0.43250859434655364 __DUMMY__ 0.0069479050789608915	false	1.0
einschrumpfen	neg 1.0		neg 0.5551152210366178 off 0.43796796921395137 __DUMMY__ 0.0069168097494307045	false	1.0
riskant	neg 1.0		neg 0.5600765613700592 off 0.43293080478813273 __DUMMY__ 0.006992633841808056	false	1.0
frustrieren	neg 1.0		neg 0.558935630712267 off 0.43405681795937423 __DUMMY__ 0.007007551328358678	false	1.0
groll	neg 1.0		neg 0.5575287333220994 off 0.43546782024195857 __DUMMY__ 0.007003446435942049	false	1.0
gibt			neg 0.5567272446192414 off 0.4362667492205324 __DUMMY__ 0.007006006160226255	false	0.0
qualvoll	neg 1.0		neg 0.5496396354552373 off 0.44335675354264337 __DUMMY__ 0.007003611002119313	false	1.0
wackeln	neg 1.0	neg 1.0	neg 0.7625638930335759 off 0.23408425781725417 __DUMMY__ 0.0033518491491699182	false	1.0
klagen	neg 1.0		neg 0.5633549535813249 off 0.4296285779479403 __DUMMY__ 0.007016468470734777	false	1.0
bankrott	neg 1.0		neg 0.5502715438343231 off 0.4427489178314373 __DUMMY__ 0.006979538334239568	false	1.0
trauern	neg 1.0		neg 0.5574067352942099 off 0.43555395974743233 __DUMMY__ 0.007039304958357808	false	1.0
ablehnung	neg 1.0		neg 0.5606879100856523 off 0.43236746468563686 __DUMMY__ 0.006944625228710768	false	1.0
stur	neg 1.0		neg 0.5537468721035043 off 0.43927551755345773 __DUMMY__ 0.00697761034303793	false	1.0
aufruhr	neg 1.0		neg 0.5570158586025646 off 0.4359999821278909 __DUMMY__ 0.006984159269544366	false	1.0
melancholie	neg 1.0		neg 0.556061303209998 off 0.4369062417859071 __DUMMY__ 0.007032455004094863	false	1.0
ist			neg 0.5525665591965624 off 0.44044217210838976 __DUMMY__ 0.00699126869504791	false	0.0
torheit	neg 1.0		neg 0.5561479472606008 off 0.4368974588418898 __DUMMY__ 0.006954593897509403	false	1.0
dreckskind	off 1.0		neg 0.5446163150990294 off 0.44848910813854453 __DUMMY__ 0.006894576762426118	false	0.5
umtauschen	neg 1.0		neg 0.5544491668329078 off 0.43854021427132117 __DUMMY__ 0.007010618895771179	false	1.0
zum			neg 0.5596326649022478 off 0.4332296582439775 __DUMMY__ 0.0071376768537745935	false	0.0
zersetzen	neg 1.0		neg 0.5622886016588405 off 0.4307256103365272 __DUMMY__ 0.006985788004632337	false	1.0
zur			neg 0.5646054562365349 off 0.42832655855811164 __DUMMY__ 0.00706798520535347	false	0.0
frust	neg 1.0		neg 0.555643744362184 off 0.4373353888016627 __DUMMY__ 0.007020866836153454	false	1.0
unerbittlichkeit	neg 1.0		neg 0.5615689547221395 off 0.43143538610121107 __DUMMY__ 0.006995659176649272	false	1.0
zwei			neg 0.5584194170487248 off 0.4344728634229592 __DUMMY__ 0.007107719528316183	false	0.0
unkorrekt	neg 1.0		neg 0.5492217198307826 off 0.44387552837199334 __DUMMY__ 0.006902751797224083	false	1.0
hexe	off 1.0		neg 0.5487375647849405 off 0.4442990706984189 __DUMMY__ 0.00696336451664067	false	0.5
lasch	neg 1.0		neg 0.5524985746662592 off 0.44055682628959647 __DUMMY__ 0.0069445990441444816	false	1.0
rivale	neg 1.0		neg 0.5456742600795552 off 0.4473561904235197 __DUMMY__ 0.0069695494969249944	false	1.0
mutlos	off 1.0	off 1.0	off 0.6990300806097347 neg 0.297651917138224 __DUMMY__ 0.003318002252041355	false	1.0
wirr	off 1.0		neg 0.5484884695722047 off 0.4446032934295874 __DUMMY__ 0.006908236998207773	false	0.5
jahr			neg 0.556288470045851 off 0.4366098141201566 __DUMMY__ 0.0071017158339922665	false	0.0
wird			neg 0.5575625527167555 off 0.43541439044477526 __DUMMY__ 0.007023056838469109	false	0.0
strafbar	neg 1.0		neg 0.560547896510816 off 0.4324697867835868 __DUMMY__ 0.006982316705597074	false	1.0
erosion	neg 1.0		neg 0.553163771855004 off 0.43982470404760804 __DUMMY__ 0.007011524097387918	false	1.0
eingehen	neg 1.0		neg 0.5592890745164139 off 0.433729162028628 __DUMMY__ 0.0069817634549583785	false	1.0
faul	off 1.0		neg 0.5493840960139715 off 0.4436289842515083 __DUMMY__ 0.006986919734520202	false	0.5
provisorium	neg 1.0		neg 0.5661640266943637 off 0.426748983414227 __DUMMY__ 0.007086989891409313	false	1.0
schmerzen	neg 1.0		neg 0.5542566237227853 off 0.4387385294684817 __DUMMY__ 0.007004846808733185	false	1.0
schrumpfen	neg 1.0		neg 0.565842911211719 off 0.4271220714626724 __DUMMY__ 0.007035017325608597	false	1.0
geistlos	off 1.0		neg 0.5562079310541325 off 0.43688465821707484 __DUMMY__ 0.006907410728792725	false	0.5
fehlkauf	neg 1.0		neg 0.5541125268919491 off 0.4389208989143302 __DUMMY__ 0.006966574193720611	false	1.0
frustrierend	neg 1.0		neg 0.5491368503343681 off 0.44386520623596487 __DUMMY__ 0.006997943429667017	false	1.0
unzufrieden	neg 1.0		neg 0.5582195870103915 off 0.434793216574033 __DUMMY__ 0.006987196415575466	false	1.0
verzweifeln	neg 1.0		neg 0.5549250566931058 off 0.43806958045607514 __DUMMY__ 0.0070053628508191254	false	1.0
verzweifelt	neg 1.0		neg 0.5536252628494669 off 0.43939664637102427 __DUMMY__ 0.00697809077950878	false	1.0
misstrauensantrag	neg 1.0		neg 0.5539428559434814 off 0.4391030000885127 __DUMMY__ 0.0069541439680057895	false	1.0
abfallen	neg 1.0		neg 0.5510086529133723 off 0.4419610703455532 __DUMMY__ 0.007030276741074425	false	1.0
fucker	off 1.0		neg 0.5485627345811179 off 0.44450300518133107 __DUMMY__ 0.006934260237551079	false	0.5
ungezogen	neg 1.0		neg 0.5392468454438621 off 0.45383723061477527 __DUMMY__ 0.0069159239413627135	false	1.0
irrsinnig	neg 1.0	neg 1.0	neg 0.7640182678321418 off 0.23266341282353895 __DUMMY__ 0.003318319344319218	false	1.0
unfassbar	neg 1.0		neg 0.5486881399926467 off 0.444348213191797 __DUMMY__ 0.006963646815556299	false	1.0
hart	neg 1.0		neg 0.5525279493310173 off 0.440522298528754 __DUMMY__ 0.006949752140228582	false	1.0
widerlich	off 1.0		neg 0.5493694692691937 off 0.4437009618153706 __DUMMY__ 0.0069295689154357	false	0.5
fatal	neg 1.0		neg 0.5535453640100436 off 0.4394847969953873 __DUMMY__ 0.0069698389945690425	false	1.0
bruch	neg 1.0		neg 0.5637369811186275 off 0.4292585667665616 __DUMMY__ 0.007004452114810954	false	1.0
aushungern	neg 1.0		neg 0.5590091701107017 off 0.43403766924889126 __DUMMY__ 0.006953160640406945	false	1.0
anspannung	neg 1.0	neg 1.0	neg 0.7670785168351307 off 0.2295223359899633 __DUMMY__ 0.003399147174906028	false	1.0
von			neg 0.5581323924654451 off 0.4347815782812744 __DUMMY__ 0.007086029253280377	false	0.0
kraftlos	neg 1.0		neg 0.5549898738589032 off 0.4379670113611828 __DUMMY__ 0.007043114779914035	false	1.0
vom			neg 0.5626776041370052 off 0.4301897440744386 __DUMMY__ 0.007132651788556238	false	0.0
grenzdebil	off 1.0		neg 0.5475158542875476 off 0.4455238602124374 __DUMMY__ 0.00696028550001496	false	0.5
vor			neg 0.5602053318188165 off 0.4327551424478173 __DUMMY__ 0.007039525733366179	false	0.0
unterwerfen	neg 1.0		neg 0.5591478301844722 off 0.4338420464406501 __DUMMY__ 0.0070101233748776914	false	1.0
versenkung	neg 1.0		neg 0.5598056211573826 off 0.4331882085599611 __DUMMY__ 0.007006170282656193	false	1.0
entziehen	neg 1.0		neg 0.5623960848431449 off 0.4305862729295813 __DUMMY__ 0.007017642227273998	false	1.0
finanzkrise	neg 1.0		neg 0.5600276758174867 off 0.4330419650867306 __DUMMY__ 0.006930359095782668	false	1.0
schimpfend	neg 1.0		neg 0.5505868291584717 off 0.44237084898904755 __DUMMY__ 0.007042321852480909	false	1.0
profan	neg 1.0		neg 0.5518210215328796 off 0.4412029800401198 __DUMMY__ 0.006975998427000532	false	1.0
korruption	neg 1.0	neg 1.0	neg 0.7678094522812399 off 0.2288858830441499 __DUMMY__ 0.003304664674610237	false	1.0
â			neg 0.5581819982771907 off 0.43480078459460036 __DUMMY__ 0.007017217128208928	false	0.0
schmutzig	neg 1.0		neg 0.5478061743621683 off 0.4452245511648039 __DUMMY__ 0.006969274473027658	false	1.0
sexy	neg 1.0		neg 0.5511176085212439 off 0.44190656616143287 __DUMMY__ 0.006975825317323229	false	1.0
abraten	neg 1.0		neg 0.5527759992554417 off 0.44024075213723324 __DUMMY__ 0.006983248607325021	false	1.0
schwarz	neg 1.0		neg 0.5540530661923938 off 0.4389725293554213 __DUMMY__ 0.0069744044521848495	false	1.0
fotze	off 1.0		neg 0.5601600590172237 off 0.4328480760727565 __DUMMY__ 0.006991864910019748	false	0.5
verwirren	neg 1.0		neg 0.5514008464046256 off 0.44162001563424746 __DUMMY__ 0.006979137961127016	false	1.0
zahnlos	off 1.0		neg 0.5586120509845306 off 0.4344080558568499 __DUMMY__ 0.00697989315861937	false	0.5
verheeren	neg 1.0		neg 0.5387412660095209 off 0.45435178371687757 __DUMMY__ 0.006906950273601593	false	1.0
hippie	neg 1.0		neg 0.5522208608346525 off 0.4408105089119807 __DUMMY__ 0.006968630253366942	false	1.0
rammen	neg 1.0		neg 0.5554718564195037 off 0.43756542234249557 __DUMMY__ 0.00696272123800087	false	1.0
unlauter	neg 1.0		neg 0.5582913719379905 off 0.43478779434636994 __DUMMY__ 0.006920833715639682	false	1.0
unheilvoll	neg 1.0		neg 0.5503301927010563 off 0.4426532568340504 __DUMMY__ 0.007016550464893465	false	1.0
niedrig	neg 1.0		neg 0.5606351820853687 off 0.4323608380242786 __DUMMY__ 0.007003979890352658	false	1.0
explosion	neg 1.0		neg 0.5530289335950733 off 0.44000500455184965 __DUMMY__ 0.0069660618530768825	false	1.0
weichei	off 1.0		neg 0.5437452034593111 off 0.4493479482141621 __DUMMY__ 0.006906848326526821	false	0.5
minusmensch	off 1.0		neg 0.5436008526597083 off 0.4495729458917691 __DUMMY__ 0.00682620144852267	false	0.5
farblos	neg 1.0		neg 0.5531387599120504 off 0.43980946187643455 __DUMMY__ 0.00705177821151493	false	1.0
unwissend	neg 1.0	neg 1.0	neg 0.7613945136898995 off 0.23529649925573018 __DUMMY__ 0.003308987054370311	false	1.0
traurig	neg 1.0		neg 0.5448222870525441 off 0.448216412561405 __DUMMY__ 0.006961300386050998	false	1.0
senkung	neg 1.0		neg 0.5542155468657787 off 0.43884721605234556 __DUMMY__ 0.006937237081875718	false	1.0
ungleich	neg 1.0	neg 1.0	neg 0.7678265720691682 off 0.22885385817214635 __DUMMY__ 0.003319569758685392	false	1.0
heikel	neg 1.0		neg 0.561537726731824 off 0.4314679975804964 __DUMMY__ 0.006994275687679382	false	1.0
drosselung	neg 1.0		neg 0.5482846292786593 off 0.4447558812842824 __DUMMY__ 0.006959489437058377	false	1.0
falsch	neg 1.0		neg 0.5501420381287975 off 0.44288436437603973 __DUMMY__ 0.00697359749516283	false	1.0
unzufriedenheit	neg 1.0		neg 0.5617169272371508 off 0.43127679901394295 __DUMMY__ 0.007006273748906297	false	1.0
kurz	neg 1.0		neg 0.5539965210183854 off 0.43895533902750744 __DUMMY__ 0.007048139954107188	false	1.0
unsinnig	neg 1.0		neg 0.5586618751144636 off 0.4343722668579007 __DUMMY__ 0.006965858027635721	false	1.0
penner	off 1.0	off 1.0	off 0.7097678834943554 neg 0.2869497010325743 __DUMMY__ 0.0032824154730704143	false	1.0
seicht	neg 1.0		neg 0.5419432927505996 off 0.45118532833566694 __DUMMY__ 0.0068713789137334865	false	1.0
dummheit	off 1.0	off 1.0	off 0.7031402997193807 neg 0.2935549509060922 __DUMMY__ 0.003304749374527033	false	1.0
unerfreulich	neg 1.0		neg 0.5611739880348079 off 0.43180281375578655 __DUMMY__ 0.007023198209405553	false	1.0
motherfucker	off 1.0	off 1.0	off 0.7054786312593818 neg 0.29122999633842306 __DUMMY__ 0.003291372402195067	false	1.0
pikiert	neg 1.0		neg 0.5508882538899795 off 0.4421826945793786 __DUMMY__ 0.006929051530641862	false	1.0
wrack	neg 1.0		neg 0.5565432012258957 off 0.43639554034465383 __DUMMY__ 0.0070612584294504396	false	1.0
gangster	neg 1.0		neg 0.5521749580096921 off 0.4408468459095622 __DUMMY__ 0.006978196080745771	false	1.0
krank	neg 1.0		neg 0.5458757536579082 off 0.4471407859774702 __DUMMY__ 0.00698346036462171	false	1.0
reich	neg 1.0		neg 0.5515719651140354 off 0.4414817325881467 __DUMMY__ 0.006946302297817994	false	1.0
gnadenlos	neg 1.0		neg 0.5537928610489629 off 0.43921505760253726 __DUMMY__ 0.006992081348499996	false	1.0
niedergeschlagen	neg 1.0		neg 0.5550151904783502 off 0.4379605054174438 __DUMMY__ 0.007024304104205923	false	1.0
terrorisieren	off 1.0	off 1.0	off 0.7002014061963199 neg 0.2964637391006519 __DUMMY__ 0.003334854703028221	false	1.0
sinnlosigkeit	neg 1.0		neg 0.5575214923490758 off 0.4354831273853873 __DUMMY__ 0.006995380265537061	false	1.0
behindern	neg 1.0		neg 0.5567573401638523 off 0.43626270217252106 __DUMMY__ 0.006979957663626653	false	1.0
undemokratisch	neg 1.0		neg 0.5574388782616759 off 0.4356290515402928 __DUMMY__ 0.006932070198031198	false	1.0
wirtschaftskrise	neg 1.0		neg 0.561096314023316 off 0.43193707336173853 __DUMMY__ 0.0069666126149454145	false	1.0
neid	neg 1.0		neg 0.5466234053878768 off 0.4463551150243115 __DUMMY__ 0.007021479587811699	false	1.0
rutschen	neg 1.0	neg 1.0	neg 0.7659827548722189 off 0.23062332521881176 __DUMMY__ 0.003393919908969305	false	1.0
rezession	neg 1.0		neg 0.5488373383594018 off 0.44428905564718557 __DUMMY__ 0.006873605993412602	false	1.0
fehlgeburt	neg 1.0		neg 0.5514445215636651 off 0.4415506830660481 __DUMMY__ 0.007004795370286777	false	1.0
charakterschwach	off 1.0		neg 0.549020988246141 off 0.4440340670208995 __DUMMY__ 0.006944944732959696	false	0.5
isolation	neg 1.0		neg 0.5493043663182634 off 0.4437000847707132 __DUMMY__ 0.006995548911023459	false	1.0
ablenkung	neg 1.0		neg 0.5538521832164288 off 0.43914377023594936 __DUMMY__ 0.007004046547621791	false	1.0
pech	neg 1.0		neg 0.549587333504131 off 0.44342278270553664 __DUMMY__ 0.00698988379033246	false	1.0
vermeidung	neg 1.0		neg 0.5493772620125349 off 0.4436902665349072 __DUMMY__ 0.006932471452557872	false	1.0
dominieren	neg 1.0		neg 0.5563128371566002 off 0.43663476008829055 __DUMMY__ 0.007052402755109298	false	1.0
schwindlig	neg 1.0		neg 0.5495133432197604 off 0.4434607654250017 __DUMMY__ 0.007025891355237882	false	1.0
lutscher	neg 1.0	neg 1.0	neg 0.7567181295767577 off 0.24001352283689878 __DUMMY__ 0.003268347586343546	false	1.0
pflicht	neg 1.0		neg 0.5611025445534273 off 0.4318910073872671 __DUMMY__ 0.007006448059305566	false	1.0
faschist	off 1.0		neg 0.5547225048204939 off 0.4383505470459208 __DUMMY__ 0.006926948133585253	false	0.5
verschleudern	neg 1.0		neg 0.5634739720438355 off 0.42958481677164584 __DUMMY__ 0.006941211184518541	false	1.0
wenn			neg 0.5497258941716582 off 0.4432983594040069 __DUMMY__ 0.00697574642433494	false	0.0
ehebruch	neg 1.0		neg 0.5598620540515472 off 0.43315305172925594 __DUMMY__ 0.006984894219196972	false	1.0
spott	off 1.0		neg 0.5610439710818985 off 0.43197914475078675 __DUMMY__ 0.006976884167314574	false	0.5
trostlosigkeit	neg 1.0		neg 0.5621382479859985 off 0.4308455515322119 __DUMMY__ 0.007016200481789552	false	1.0
lutschen	neg 1.0		neg 0.5541790440909927 off 0.43887562433493027 __DUMMY__ 0.006945331574077135	false	1.0
undiszipliniert	neg 1.0		neg 0.5462036814256631 off 0.4468386009835104 __DUMMY__ 0.006957717590826336	false	1.0
kopfschmerz	neg 1.0		neg 0.554824194564547 off 0.43814764057737077 __DUMMY__ 0.007028164858082316	false	1.0
unvorhergesehen	neg 1.0		neg 0.5552869532089043 off 0.437636800464047 __DUMMY__ 0.007076246327048649	false	1.0
desinteressiert	neg 1.0		neg 0.5473706930640313 off 0.4456886754155931 __DUMMY__ 0.006940631520375684	false	1.0
armselig	off 1.0		neg 0.5477702119823317 off 0.4453192480958367 __DUMMY__ 0.0069105399218316295	false	0.5
desaster	neg 1.0		neg 0.5644389843889177 off 0.4285556379107752 __DUMMY__ 0.007005377700307022	false	1.0
tod	neg 1.0		neg 0.5580897176950269 off 0.4348932298559901 __DUMMY__ 0.007017052448983051	false	1.0
herzlos	neg 1.0		neg 0.5459332383489245 off 0.44713618240033426 __DUMMY__ 0.006930579250741084	false	1.0
unwissenheit	neg 1.0		neg 0.5596829267194472 off 0.43335371454610033 __DUMMY__ 0.006963358734452446	false	1.0
widersinnig	neg 1.0	neg 1.0	neg 0.767294383148892 off 0.2294058142055025 __DUMMY__ 0.003299802645605538	false	1.0
bedenklich	neg 1.0		neg 0.5599807412187235 off 0.4330319837352353 __DUMMY__ 0.00698727504604112	false	1.0
beanstanden	neg 1.0		neg 0.5617129072158844 off 0.4312762573162807 __DUMMY__ 0.007010835467834968	false	1.0
panisch	neg 1.0	neg 1.0	neg 0.7606660117233844 off 0.23597628343753946 __DUMMY__ 0.003357704839076122	false	1.0
debil	off 1.0		neg 0.5663886258496039 off 0.4265659109332042 __DUMMY__ 0.007045463217192042	false	0.5
abstrich	neg 1.0		neg 0.5590066285288147 off 0.4340038425532178 __DUMMY__ 0.006989528917967581	false	1.0
primitiv	neg 1.0		neg 0.5488080289619038 off 0.44426229736543965 __DUMMY__ 0.006929673672656479	false	1.0
abschaum	off 1.0	off 1.0	off 0.7046541236482445 neg 0.2920419378222228 __DUMMY__ 0.0033039385295326284	false	1.0
provozieren	neg 1.0		neg 0.554991225249504 off 0.43803403511367517 __DUMMY__ 0.00697473963682102	false	1.0
tot	neg 1.0		neg 0.5588640674968133 off 0.43412320316861136 __DUMMY__ 0.007012729334575404	false	1.0
instabil	neg 1.0		neg 0.5506410457981238 off 0.44245765280738064 __DUMMY__ 0.006901301394495434	false	1.0
schwuchtel	off 1.0		neg 0.537170175219383 off 0.4559974394004997 __DUMMY__ 0.006832385380117233	false	0.5
zerren	neg 1.0		neg 0.5547332552041491 off 0.4382389091992047 __DUMMY__ 0.007027835596646212	false	1.0
kinderficker	off 1.0		neg 0.5455443698319261 off 0.447564075215352 __DUMMY__ 0.006891554952721934	false	0.5
gefahr	neg 1.0		neg 0.5615630676190936 off 0.4314290918764452 __DUMMY__ 0.007007840504461185	false	1.0
rabiat	neg 1.0		neg 0.5559521491399056 off 0.43707445694631075 __DUMMY__ 0.006973393913783546	false	1.0
verlangsamung	neg 1.0		neg 0.5438399620575779 off 0.44927892269872227 __DUMMY__ 0.006881115243699899	false	1.0
ausgestorben	neg 1.0		neg 0.5543702776647995 off 0.4386127820794309 __DUMMY__ 0.007016940255769737	false	1.0
anklagen	neg 1.0		neg 0.5587931264805187 off 0.43423720170753244 __DUMMY__ 0.006969671811948838	false	1.0
trott	neg 1.0		neg 0.5550973510201308 off 0.43789717047430027 __DUMMY__ 0.0070054785055688835	false	1.0
verminderung	neg 1.0		neg 0.5477387554173725 off 0.445319420097591 __DUMMY__ 0.0069418244850365934	false	1.0
nach			neg 0.5600059213703537 off 0.43287124855637216 __DUMMY__ 0.007122830073274087	false	0.0
rost	neg 1.0		neg 0.5437405049758697 off 0.4493478100813426 __DUMMY__ 0.006911684942787795	false	1.0
destruktiv	neg 1.0		neg 0.5576589888561261 off 0.4353868318742966 __DUMMY__ 0.006954179269577273	false	1.0
unzumutbarkeit	neg 1.0		neg 0.5491528608114004 off 0.4438681622342937 __DUMMY__ 0.006978976954305898	false	1.0
labil	off 1.0	off 1.0	off 0.704528508230562 neg 0.29216800255295894 __DUMMY__ 0.0033034892164789864	false	1.0
ziemlich	neg 1.0		neg 0.5471588644065103 off 0.4458601740127296 __DUMMY__ 0.006980961580760271	false	1.0
lachnummer	off 1.0		neg 0.5560165812653536 off 0.43700394016279276 __DUMMY__ 0.00697947857185374	false	0.5
oder			neg 0.5528481587542303 off 0.4401303525781896 __DUMMY__ 0.007021488667579942	false	0.0
verfall	neg 1.0		neg 0.566773702352182 off 0.42620714198571835 __DUMMY__ 0.007019155662099507	false	1.0
ausgrenzung	neg 1.0		neg 0.557180957346012 off 0.4358994013038074 __DUMMY__ 0.006919641350180447	false	1.0
unordnung	neg 1.0		neg 0.548709784101962 off 0.4443214325459442 __DUMMY__ 0.006968783352093738	false	1.0
fehlverhalten	neg 1.0		neg 0.5617166894709736 off 0.43129440075729636 __DUMMY__ 0.006988909771730026	false	1.0
eine			neg 0.5603682243188367 off 0.43260523490912417 __DUMMY__ 0.007026540772038935	false	0.0
nille	neg 1.0		neg 0.5567618702397131 off 0.43624680106480923 __DUMMY__ 0.006991328695477629	false	1.0
qual	neg 1.0		neg 0.5556878486012944 off 0.43731223888301896 __DUMMY__ 0.0069999125156865296	false	1.0
verschwenden	neg 1.0		neg 0.5591113292500899 off 0.4338982127896495 __DUMMY__ 0.006990457960260643	false	1.0
riesig	neg 1.0	neg 1.0	neg 0.7656880912328361 off 0.23096354794991786 __DUMMY__ 0.0033483608172460264	false	1.0
verurteilen	neg 1.0		neg 0.5591931733850166 off 0.43383342913411466 __DUMMY__ 0.006973397480868762	false	1.0
klischee	neg 1.0	neg 1.0	neg 0.7630156442490792 off 0.23368219841983076 __DUMMY__ 0.0033021573310900477	false	1.0
diktatorisch	neg 1.0		neg 0.5580611374337635 off 0.43503068691895286 __DUMMY__ 0.006908175647283567	false	1.0
vorhersehbar	neg 1.0	neg 1.0	neg 0.7630963954192633 off 0.23359371157514655 __DUMMY__ 0.003309893005590003	false	1.0
sowie			neg 0.5453424511246859 off 0.4477609874341918 __DUMMY__ 0.006896561441122287	false	0.0
stornieren	neg 1.0		neg 0.5501869472962505 off 0.4427531122682413 __DUMMY__ 0.00705994043550827	false	1.0
besteuerung	neg 1.0		neg 0.5573433272169922 off 0.435722831303453 __DUMMY__ 0.006933841479554693	false	1.0
ungeschminkt	neg 1.0		neg 0.5494402720599059 off 0.4436258136340204 __DUMMY__ 0.00693391430607382	false	1.0
kritisch	neg 1.0		neg 0.5599127754587645 off 0.4330933237380252 __DUMMY__ 0.006993900803210204	false	1.0
schlamperei	off 1.0		neg 0.5625143312412559 off 0.43051088678391813 __DUMMY__ 0.006974781974825804	false	0.5
sucht	neg 1.0	neg 1.0	neg 0.7641565779308606 off 0.2325101839313349 __DUMMY__ 0.0033332381378045305	false	1.0
egoistisch	off 1.0		neg 0.5427271023041976 off 0.4503448925135914 __DUMMY__ 0.0069280051822109825	false	0.5
ausbeuter	off 1.0		neg 0.5630714082931877 off 0.42996070936405617 __DUMMY__ 0.006967882342756215	false	0.5
arschgeburt	off 1.0		neg 0.5374652431167035 off 0.45571000329961303 __DUMMY__ 0.006824753583683549	false	0.5
schubs	neg 1.0	neg 1.0	neg 0.7643552384981951 off 0.2322887576815078 __DUMMY__ 0.003356003820297094	false	1.0
unsolide	neg 1.0		neg 0.559326223496387 off 0.4338025853065693 __DUMMY__ 0.006871191197043552	false	1.0
beschwerde	neg 1.0		neg 0.5625524438862999 off 0.4304785049578045 __DUMMY__ 0.0069690511558955165	false	1.0
stocken	neg 1.0		neg 0.5607572983750463 off 0.4322557902148451 __DUMMY__ 0.006986911410108687	false	1.0
isolieren	neg 1.0		neg 0.5595311743411044 off 0.4334891245118522 __DUMMY__ 0.0069797011470433806	false	1.0
unheilbar	neg 1.0		neg 0.5532967328629466 off 0.43969256040683974 __DUMMY__ 0.007010706730213793	false	1.0
pisser	off 1.0		neg 0.5486464006638263 off 0.44442627894693154 __DUMMY__ 0.006927320389242184	false	0.5
löschen	neg 1.0		neg 0.5552576872500886 off 0.43775050646170355 __DUMMY__ 0.006991806288207648	false	1.0
durchfallen	neg 1.0		neg 0.5591880626698801 off 0.4338386460008775 __DUMMY__ 0.006973291329242348	false	1.0
wichser	off 1.0		neg 0.5380942057816698 off 0.45501144824347356 __DUMMY__ 0.0068943459748566655	false	0.5
terror	neg 1.0		neg 0.551198370543358 off 0.441808713228888 __DUMMY__ 0.006992916227754081	false	1.0
krass	neg 1.0		neg 0.5453740347486828 off 0.44769853326700226 __DUMMY__ 0.006927431984314919	false	1.0
revolte	neg 1.0	neg 1.0	neg 0.7645942319488228 off 0.23210726680279456 __DUMMY__ 0.0032985012483826965	false	1.0
besorgt	neg 1.0		neg 0.554726664560726 off 0.43822494633243625 __DUMMY__ 0.00704838910683785	false	1.0
nachlassen	neg 1.0		neg 0.5594827330738019 off 0.43350246702111633 __DUMMY__ 0.007014799905081643	false	1.0
alt	neg 1.0		neg 0.5581231887361996 off 0.4348652805836326 __DUMMY__ 0.007011530680167871	false	1.0
hundesohn	off 1.0		neg 0.5423137103172234 off 0.45082430697446496 __DUMMY__ 0.006861982708311557	false	0.5
als			neg 0.5554073430919064 off 0.4375627075584747 __DUMMY__ 0.007029949349618788	false	0.0
abschreckung	neg 1.0		neg 0.5628396928526991 off 0.4301554446483268 __DUMMY__ 0.0070048624989742245	false	1.0
unqualifiziert	neg 1.0		neg 0.5540057733869194 off 0.43906793487760337 __DUMMY__ 0.0069262917354773685	false	1.0
abgewichst	off 1.0		neg 0.5567291514735455 off 0.4362651746029859 __DUMMY__ 0.007005673923468535	false	0.5
schwer	neg 1.0		neg 0.5543984968820421 off 0.43859704741895417 __DUMMY__ 0.007004455699003563	false	1.0
bedeutungslosigkeit	neg 1.0		neg 0.5616746378417334 off 0.4313231619140646 __DUMMY__ 0.00700220024420199	false	1.0
kapitulation	neg 1.0		neg 0.5630087807217188 off 0.43004613186117474 __DUMMY__ 0.006945087417106439	false	1.0
unscharf	neg 1.0		neg 0.5524039498994917 off 0.4406212831190617 __DUMMY__ 0.0069747669814466525	false	1.0
schwinden	neg 1.0		neg 0.5614057878128802 off 0.431584931882874 __DUMMY__ 0.007009280304245838	false	1.0
versklavung	neg 1.0		neg 0.5584013520070304 off 0.4346877632686866 __DUMMY__ 0.006910884724283106	false	1.0
schlecht	neg 1.0		neg 0.5469829235086084 off 0.4460347031283837 __DUMMY__ 0.0069823733630077775	false	1.0
verhasst	neg 1.0		neg 0.5542077599118432 off 0.43881338797097635 __DUMMY__ 0.006978852117180487	false	1.0
beschweren	neg 1.0		neg 0.5524076700075718 off 0.4406020057418441 __DUMMY__ 0.006990324250583979	false	1.0
scheiden	neg 1.0		neg 0.5494991201440347 off 0.44342080936863554 __DUMMY__ 0.007080070487329732	false	1.0
frustriert	neg 1.0		neg 0.5557204638559184 off 0.43727239323225475 __DUMMY__ 0.007007142911826842	false	1.0
schimmelig	neg 1.0		neg 0.5588050514309646 off 0.4341791174281709 __DUMMY__ 0.007015831140864408	false	1.0
fisch	neg 1.0		neg 0.5572149967161341 off 0.43570971436688427 __DUMMY__ 0.007075288916981739	false	1.0
schmuggel	neg 1.0		neg 0.5591972818351132 off 0.4337542717850285 __DUMMY__ 0.007048446379858244	false	1.0
auffallen	neg 1.0		neg 0.5515851914590947 off 0.4414270548991562 __DUMMY__ 0.0069877536417492616	false	1.0
konkurrenz	neg 1.0	neg 1.0	neg 0.7676198160873786 off 0.2290264641596302 __DUMMY__ 0.003353719752991146	false	1.0
teufelskreis	neg 1.0	neg 1.0	neg 0.7652086123968415 off 0.2314698454354812 __DUMMY__ 0.003321542167677416	false	1.0
aufschreien	neg 1.0		neg 0.5528395013590245 off 0.44019207365470303 __DUMMY__ 0.006968424986272536	false	1.0
schuldner	neg 1.0		neg 0.5613027655683771 off 0.43169112892643574 __DUMMY__ 0.007006105505187096	false	1.0
missgeburt	off 1.0	off 1.0	off 0.7076224052442257 neg 0.289099588785096 __DUMMY__ 0.0032780059706783364	false	1.0
arbeitslos	neg 1.0		neg 0.5586934834870418 off 0.4343298739326426 __DUMMY__ 0.006976642580315473	false	1.0
befallen	neg 1.0		neg 0.5591053644818175 off 0.43393276523997737 __DUMMY__ 0.006961870278205214	false	1.0
miesepetrig	off 1.0	off 1.0	off 0.7064400572555856 neg 0.29023949397742244 __DUMMY__ 0.0033204487669919913	false	1.0
alarmieren	neg 1.0		neg 0.5530572062712632 off 0.440023678511442 __DUMMY__ 0.0069191152172947135	false	1.0
ungeduscht	off 1.0		neg 0.5495105339459623 off 0.44349504554085717 __DUMMY__ 0.006994420513180513	false	0.5
knappheit	neg 1.0		neg 0.5617357541597484 off 0.43130088125260785 __DUMMY__ 0.00696336458764371	false	1.0
schlange	neg 1.0		neg 0.5498570095418568 off 0.4431049058685502 __DUMMY__ 0.007038084589592984	false	1.0
harsch	neg 1.0		neg 0.5429298826257849 off 0.45010946622035924 __DUMMY__ 0.006960651153855738	false	1.0
lang	neg 1.0		neg 0.554603502113842 off 0.4384037578651144 __DUMMY__ 0.006992740021043656	false	1.0
ziellos	neg 1.0		neg 0.55589149416416 off 0.4370713720918994 __DUMMY__ 0.00703713374394068	false	1.0
selbstverliebt	neg 1.0		neg 0.5393944726050947 off 0.45375595486369125 __DUMMY__ 0.0068495725312141265	false	1.0
beseitigen	neg 1.0	neg 1.0	neg 0.7641009730705225 off 0.23255199418415679 __DUMMY__ 0.00334703274532069	false	1.0
dumm	off 1.0		neg 0.5424953973565996 off 0.4505969246949183 __DUMMY__ 0.006907677948482236	false	0.5
arbeitsloser	neg 1.0		neg 0.5580461441532991 off 0.4349430098133107 __DUMMY__ 0.007010846033390243	false	1.0
blitzen	neg 1.0		neg 0.5521015889162418 off 0.44093144014566843 __DUMMY__ 0.006966970938089593	false	1.0
hilflos	neg 1.0		neg 0.5561624674458957 off 0.4368271565612682 __DUMMY__ 0.007010375992836142	false	1.0
eklig	off 1.0		neg 0.5418271441671203 off 0.4512692060545359 __DUMMY__ 0.006903649778343821	false	0.5
begriff			neg 0.5574722761871053 off 0.4355504282701931 __DUMMY__ 0.006977295542701708	false	0.0
hungersnot	neg 1.0		neg 0.558380603234334 off 0.4346395733341014 __DUMMY__ 0.006979823431564504	false	1.0
ungesetzlich	neg 1.0		neg 0.5576855629861699 off 0.43541738730812 __DUMMY__ 0.0068970497057099425	false	1.0
verschwendung	neg 1.0		neg 0.5598044340462395 off 0.4331860843852088 __DUMMY__ 0.007009481568551737	false	1.0
schmerzvoll	neg 1.0		neg 0.5522839078652988 off 0.44072249138234854 __DUMMY__ 0.006993600752352716	false	1.0
vorzeitig	neg 1.0		neg 0.5506071137516012 off 0.44239875429463066 __DUMMY__ 0.006994131953768094	false	1.0
unvollkommenheit	neg 1.0		neg 0.555521473528164 off 0.4374345614929324 __DUMMY__ 0.0070439649789036515	false	1.0
intervenieren	neg 1.0		neg 0.5629530998291317 off 0.4300838446454468 __DUMMY__ 0.006963055525421564	false	1.0
banause	off 1.0		neg 0.5409795250412478 off 0.45215187341358254 __DUMMY__ 0.006868601545169756	false	0.5
rebell	neg 1.0		neg 0.5639584862788071 off 0.4290247315540308 __DUMMY__ 0.007016782167162264	false	1.0
unlogisch	neg 1.0		neg 0.5460454913221278 off 0.4470185275393174 __DUMMY__ 0.006935981138554793	false	1.0
leiden	neg 1.0		neg 0.5546119612371189 off 0.43827587787921973 __DUMMY__ 0.007112160883661471	false	1.0
abschaffung	neg 1.0		neg 0.5576546670694681 off 0.43541048722041115 __DUMMY__ 0.006934845710120729	false	1.0
sturz	neg 1.0		neg 0.5548817833599564 off 0.4381200754251863 __DUMMY__ 0.006998141214857349	false	1.0
verkleinerung	neg 1.0		neg 0.5563328158593993 off 0.4367715180302907 __DUMMY__ 0.006895666110309966	false	1.0
schmarotzer	off 1.0		neg 0.5593379603059275 off 0.43369382694340847 __DUMMY__ 0.006968212750663948	false	0.5
bestrafung	neg 1.0		neg 0.5536060647031281 off 0.4394113612920951 __DUMMY__ 0.006982574004776799	false	1.0
achtlos	neg 1.0		neg 0.5532424250897006 off 0.439731130105622 __DUMMY__ 0.007026444804677536	false	1.0
