unsolidarisch	neg 1.0		__DUMMY__ 0.9182748758192935 neg 0.048029734642196384 off 0.03369538953851017	false	1.0
nachteilig	neg 1.0		__DUMMY__ 0.9241761445656533 neg 0.045455496447439486 off 0.030368358986907203	false	1.0
skeptisch	neg 1.0		__DUMMY__ 0.925242490263773 neg 0.044846832912349754 off 0.02991067682387717	false	1.0
schrecklich	neg 1.0		__DUMMY__ 0.9217253355463907 off 0.04034876528199138 neg 0.037925899171617886	false	0.5
schlapp	neg 1.0	neg 1.0	neg 0.5052653497899293 __DUMMY__ 0.4613784743528594 off 0.03335617585721119	false	1.0
abfall	neg 1.0		__DUMMY__ 0.9266320472708207 neg 0.04547431003638423 off 0.027893642692795057	false	1.0
widerspenstig	neg 1.0		__DUMMY__ 0.9253190165666769 neg 0.04160491643816476 off 0.033076066995158346	false	1.0
abrupt	neg 1.0		__DUMMY__ 0.929618852932187 neg 0.04059448565045153 off 0.029786661417361412	false	1.0
unwirksam	neg 1.0		__DUMMY__ 0.9197977519809877 neg 0.046996066378335415 off 0.03320618164067691	false	1.0
angreifen	neg 1.0	neg 1.0	neg 0.510812935908074 __DUMMY__ 0.46168654371628975 off 0.027500520375636245	false	1.0
inkonsistent	neg 1.0		__DUMMY__ 0.9236551543223925 neg 0.04271693290841222 off 0.03362791276919528	false	1.0
abrutschen	neg 1.0		__DUMMY__ 0.9267757070491092 neg 0.04506002524085688 off 0.02816426771003399	false	1.0
unsicher	neg 1.0		__DUMMY__ 0.9253838329016072 neg 0.041105484320335485 off 0.03351068277805721	false	1.0
bauernkind	off 1.0	off 1.0	off 0.5062884016271676 __DUMMY__ 0.4547678682746621 neg 0.038943730098170336	false	1.0
angreifer	neg 1.0		__DUMMY__ 0.9255011714265298 neg 0.040103623252717276 off 0.03439520532075288	false	1.0
trennen	neg 1.0		__DUMMY__ 0.9307350880639563 neg 0.03900694233437766 off 0.03025796960166605	false	1.0
schmutz	neg 1.0		__DUMMY__ 0.9270677967976049 neg 0.03879843909823836 off 0.034133764104156715	false	1.0
inkonsistenz	neg 1.0		__DUMMY__ 0.9202709801914728 neg 0.0431062016291929 off 0.03662281817933428	false	1.0
erschreckend	neg 1.0		__DUMMY__ 0.9241490458346132 neg 0.04304394037748953 off 0.032807013787897306	false	1.0
ertrinken	neg 1.0		__DUMMY__ 0.9270590299353706 neg 0.04207069581746607 off 0.030870274247163352	false	1.0
pickelface	off 1.0		__DUMMY__ 0.923916086582767 neg 0.04422824502101834 off 0.031855668396214634	false	0.5
seiner			__DUMMY__ 0.9272494642037079 neg 0.04259683928625489 off 0.030153696510037256	false	0.0
lauch	neg 1.0		__DUMMY__ 0.924427221719312 neg 0.04762084292081827 off 0.027951935359869645	false	1.0
unwichtig	neg 1.0		__DUMMY__ 0.9220216702864664 neg 0.041005688680211844 off 0.036972641033321714	false	1.0
steuerhinterziehung	neg 1.0		__DUMMY__ 0.9212886942784908 neg 0.04636939374508628 off 0.03234191197642287	false	1.0
schock	neg 1.0		__DUMMY__ 0.9279645172564439 neg 0.03936299149346236 off 0.03267249125009381	false	1.0
beule	neg 1.0		__DUMMY__ 0.9242111164091839 neg 0.039036388194267184 off 0.03675249539654889	false	1.0
vergelten	neg 1.0		__DUMMY__ 0.9243778759145331 off 0.03946643885107568 neg 0.03615568523439115	false	0.5
verdorbenheit	neg 1.0		__DUMMY__ 0.9254210746889503 neg 0.04207341328807674 off 0.03250551202297298	false	1.0
trauma	neg 1.0		__DUMMY__ 0.9237701193383645 neg 0.042121218906142885 off 0.03410866175549266	false	1.0
sinnlos	neg 1.0		__DUMMY__ 0.9245989621545067 neg 0.040253658089857904 off 0.03514737975563555	false	1.0
fettsack	off 1.0	off 1.0	off 0.5075652891686301 __DUMMY__ 0.4563299979661764 neg 0.03610471286519354	false	1.0
feige	off 1.0	off 1.0	off 0.5042615561595634 __DUMMY__ 0.4574470312976261 neg 0.03829141254281054	false	1.0
abdanken	neg 1.0		__DUMMY__ 0.9221949885600689 neg 0.04464118625108467 off 0.03316382518884644	false	1.0
wichtigtuer	off 1.0	off 1.0	off 0.5022290708824095 __DUMMY__ 0.4593411007658599 neg 0.03842982835173072	false	1.0
misslingen	neg 1.0		__DUMMY__ 0.9298513493832511 neg 0.036457538256269864 off 0.03369111236047899	false	1.0
untreu	off 1.0		__DUMMY__ 0.921212712772686 neg 0.040946227184312387 off 0.03784106004300162	false	0.5
missmutig	neg 1.0		__DUMMY__ 0.9237799480546187 neg 0.03936301548864832 off 0.03685703645673296	false	1.0
hurenbock	off 1.0		__DUMMY__ 0.9257539357088231 neg 0.040223749353902126 off 0.03402231493727469	false	0.5
betrunken	neg 1.0		__DUMMY__ 0.9244766389461779 off 0.038548857897341575 neg 0.03697450315648047	false	0.5
korrupt	off 1.0		__DUMMY__ 0.9201158577398492 neg 0.047868541285847686 off 0.03201560097430304	false	0.5
unmut	neg 1.0		__DUMMY__ 0.9260017873350325 neg 0.04585319116759742 off 0.028145021497370158	false	1.0
hackfresse	off 1.0		__DUMMY__ 0.9185698647238537 off 0.04285958340911364 neg 0.038570551867032586	false	1.0
aufblasen	neg 1.0		__DUMMY__ 0.9261028991507988 neg 0.03971476380218519 off 0.034182337047016	false	1.0
gewaltsam	neg 1.0		__DUMMY__ 0.9244122895389209 neg 0.04283329513221971 off 0.03275441532885947	false	1.0
unbeliebtheit	neg 1.0		__DUMMY__ 0.9165682281068399 neg 0.04656365734325782 off 0.03686811454990222	false	1.0
sturheit	neg 1.0		__DUMMY__ 0.9238456861111779 neg 0.043217906819625625 off 0.0329364070691965	false	1.0
kuh	neg 1.0		__DUMMY__ 0.921673944644868 neg 0.04509475879481774 off 0.033231296560314344	false	1.0
erschrecken	neg 1.0		__DUMMY__ 0.924261936319276 neg 0.03937277791190048 off 0.036365285768823544	false	1.0
opfer	neg 1.0		__DUMMY__ 0.9262584919544639 neg 0.04267315152476074 off 0.031068356520775373	false	1.0
sinken	neg 1.0		__DUMMY__ 0.9277618914609498 neg 0.04387434890099067 off 0.028363759638059493	false	1.0
stinktier	neg 1.0		__DUMMY__ 0.9187106633086508 off 0.04067849866806205 neg 0.04061083802328712	false	0.5
tucke	off 1.0		__DUMMY__ 0.914587600839956 off 0.04311816442603521 neg 0.04229423473400872	false	1.0
ein			__DUMMY__ 0.9267711091455032 neg 0.039596777230036455 off 0.03363211362446036	false	0.0
abstieg	neg 1.0		__DUMMY__ 0.9281705716197338 neg 0.0414867702762504 off 0.030342658104015784	false	1.0
missverstehen	neg 1.0		__DUMMY__ 0.9218081987777302 neg 0.04275326949254016 off 0.035438531729729605	false	1.0
ergebnislos	neg 1.0		__DUMMY__ 0.9257081601942118 neg 0.04393844712534127 off 0.030353392680446945	false	1.0
unter			__DUMMY__ 0.9336616566445723 neg 0.04174248682270343 off 0.02459585653272429	false	0.0
manipulieren	neg 1.0		__DUMMY__ 0.9256931966500317 neg 0.04426699455416395 off 0.030039808795804382	false	1.0
unbewiesen	neg 1.0		__DUMMY__ 0.9175119344304551 neg 0.04852305329395484 off 0.03396501227559004	false	1.0
verschleppen	neg 1.0		__DUMMY__ 0.924574429811178 neg 0.04382754943891392 off 0.03159802074990811	false	1.0
weib	off 1.0		__DUMMY__ 0.9178983034682562 off 0.04283864516671978 neg 0.039263051365024046	false	1.0
opposition	neg 1.0		__DUMMY__ 0.921371177601451 neg 0.04415675832030949 off 0.03447206407823942	false	1.0
verkehrswidrig	neg 1.0	neg 1.0	neg 0.49792242955912797 __DUMMY__ 0.46654964525042075 off 0.03552792519045118	false	1.0
inkorrekt	neg 1.0		__DUMMY__ 0.9174888186733217 neg 0.04354613092018609 off 0.0389650504064922	false	1.0
vermeiden	neg 1.0		__DUMMY__ 0.9303357917773794 neg 0.04344972559025611 off 0.026214482632364568	false	1.0
abweichung	neg 1.0	neg 1.0	neg 0.5092119183516955 __DUMMY__ 0.46296302656033417 off 0.027825055087970348	false	1.0
alkoholisiert	neg 1.0		__DUMMY__ 0.9346269002872726 neg 0.03627113635843962 off 0.029101963354287764	false	1.0
scheiss	off 1.0	off 1.0	off 0.5036071590711652 __DUMMY__ 0.4602614439019263 neg 0.036131397026908596	false	1.0
herausforderung	neg 1.0	neg 1.0	neg 0.5039658774553748 __DUMMY__ 0.4689540002311477 off 0.02708012231347759	false	1.0
pervers	off 1.0		__DUMMY__ 0.9172294578805007 off 0.04517474699500831 neg 0.037595795124491065	false	1.0
wackelig	neg 1.0		__DUMMY__ 0.9301844423848648 neg 0.03861571151101537 off 0.031199846104119817	false	1.0
verwickeln	neg 1.0		__DUMMY__ 0.9222207687706604 neg 0.04236547140826507 off 0.03541375982107451	false	1.0
vorwand	neg 1.0		__DUMMY__ 0.925733974105353 neg 0.04486121502332298 off 0.02940481087132412	false	1.0
muschi	off 1.0		__DUMMY__ 0.9243910843478188 neg 0.04333850268540438 off 0.03227041296677673	false	0.5
entmutigung	neg 1.0		__DUMMY__ 0.9203765711700594 neg 0.044832042957240435 off 0.0347913858727001	false	1.0
unangemessen	neg 1.0		__DUMMY__ 0.9231752854199353 neg 0.04456683221671852 off 0.03225788236334617	false	1.0
unstetig	neg 1.0		__DUMMY__ 0.9241572030348323 neg 0.04220715296323407 off 0.033635644001933605	false	1.0
entmutigen	neg 1.0		__DUMMY__ 0.9249779395769263 neg 0.04059624085989441 off 0.0344258195631792	false	1.0
schwanz	neg 1.0		__DUMMY__ 0.9260746607062018 neg 0.04420841955945631 off 0.029716919734341863	false	1.0
verbot	neg 1.0		__DUMMY__ 0.9217222128837882 neg 0.04652111198315697 off 0.031756675133054774	false	1.0
leid	neg 1.0		__DUMMY__ 0.9209807470211359 off 0.041055671071774574 neg 0.03796358190708954	false	0.5
archaisch	neg 1.0		__DUMMY__ 0.9252321142669541 neg 0.042831049913485006 off 0.03193683581956097	false	1.0
gegen			__DUMMY__ 0.927782797846731 neg 0.04315395769183246 off 0.02906324446143661	false	0.0
scheidung	neg 1.0		__DUMMY__ 0.917478509542778 off 0.04803591873898748 neg 0.03448557171823454	false	0.5
einschlag	neg 1.0	neg 1.0	neg 0.5039850813901888 __DUMMY__ 0.4603476049548942 off 0.03566731365491685	false	1.0
m			__DUMMY__ 0.9266938649451509 neg 0.04172049819767356 off 0.03158563685717558	false	0.0
abgestanden	neg 1.0		__DUMMY__ 0.9247668955781237 neg 0.04216482945650143 off 0.03306827496537492	false	1.0
schmierig	off 1.0		__DUMMY__ 0.9211717229067129 off 0.0407261793790122 neg 0.03810209771427495	false	1.0
unpraktisch	neg 1.0		__DUMMY__ 0.9269810558118613 neg 0.03931395739717814 off 0.03370498679096053	false	1.0
wixxer	off 1.0		__DUMMY__ 0.9162307102645201 off 0.04501670136766567 neg 0.03875258836781427	false	1.0
bezeichnet			__DUMMY__ 0.9236034724914093 neg 0.04316784849784463 off 0.03322867901074603	false	0.0
jammerlappen	off 1.0		__DUMMY__ 0.922207909158272 neg 0.04071202351034582 off 0.037080067331382215	false	0.5
farce	neg 1.0		__DUMMY__ 0.9211504337626287 neg 0.046558610276881005 off 0.03229095596049038	false	1.0
zwecklos	neg 1.0		__DUMMY__ 0.9238746289889409 neg 0.04394370856088774 off 0.03218166245017135	false	1.0
turbulent	neg 1.0		__DUMMY__ 0.9211623222325165 neg 0.041595714816880514 off 0.03724196295060304	false	1.0
invasion	neg 1.0		__DUMMY__ 0.9245053242513398 neg 0.040353338919608135 off 0.03514133682905209	false	1.0
schuld	neg 1.0		__DUMMY__ 0.9241212786667509 neg 0.04168092471788718 off 0.03419779661536192	false	1.0
risiko	neg 1.0		__DUMMY__ 0.9265958184711717 neg 0.03987944957856201 off 0.03352473195026636	false	1.0
finster	neg 1.0		__DUMMY__ 0.9260432816124149 neg 0.040502110097322234 off 0.03345460829026283	false	1.0
geisteskrank	off 1.0		__DUMMY__ 0.9200609373155652 neg 0.04150913317720126 off 0.03842992950723352	false	0.5
zusammenbrechen	neg 1.0		__DUMMY__ 0.9263460662001396 neg 0.0412158862439892 off 0.03243804755587126	false	1.0
ausbeute	neg 1.0		__DUMMY__ 0.9310968029811709 neg 0.03947857022831485 off 0.029424626790514236	false	1.0
hinterhalt	neg 1.0		__DUMMY__ 0.9274782419774455 neg 0.04082901449704274 off 0.03169274352551171	false	1.0
kritik	neg 1.0		__DUMMY__ 0.921602572939843 neg 0.04620594458335797 off 0.03219148247679902	false	1.0
einschrumpfen	neg 1.0		__DUMMY__ 0.9193129207749623 neg 0.04504925581110059 off 0.03563782341393711	false	1.0
riskant	neg 1.0		__DUMMY__ 0.924324721894761 neg 0.044747622846266766 off 0.03092765525897221	false	1.0
frustrieren	neg 1.0		__DUMMY__ 0.9255471779815142 neg 0.043447267422644514 off 0.03100555459584121	false	1.0
groll	neg 1.0		__DUMMY__ 0.9254689396830709 neg 0.04256642070051864 off 0.03196463961641056	false	1.0
gibt			__DUMMY__ 0.9252462165958117 neg 0.04247361519104162 off 0.03228016821314668	false	0.0
qualvoll	neg 1.0		__DUMMY__ 0.9254115632124337 neg 0.03887320964796954 off 0.035715227139596725	false	1.0
wackeln	neg 1.0	neg 1.0	neg 0.5050814796574026 __DUMMY__ 0.464224237356401 off 0.030694282986196395	false	1.0
klagen	neg 1.0		__DUMMY__ 0.9265624620527059 neg 0.04496359610231147 off 0.028473941844982663	false	1.0
bankrott	neg 1.0		__DUMMY__ 0.9236536467476044 neg 0.04032474264054201 off 0.036021610611853556	false	1.0
trauern	neg 1.0		__DUMMY__ 0.9281637263268365 neg 0.04100324144850631 off 0.0308330322246571	false	1.0
ablehnung	neg 1.0		__DUMMY__ 0.9213368229895459 neg 0.046387654893998216 off 0.0322755221164559	false	1.0
stur	neg 1.0		__DUMMY__ 0.9234081047584993 neg 0.0419611625810968 off 0.03463073266040379	false	1.0
aufruhr	neg 1.0		__DUMMY__ 0.9242624981265153 neg 0.0429618358013405 off 0.03277566607214418	false	1.0
melancholie	neg 1.0		__DUMMY__ 0.9276637844883417 neg 0.041192973539246606 off 0.031143241972411664	false	1.0
ist			__DUMMY__ 0.9242985870132829 neg 0.04097842309208855 off 0.03472298989462852	false	0.0
torheit	neg 1.0		__DUMMY__ 0.9220883445124206 neg 0.04368329835568931 off 0.0342283571318901	false	1.0
dreckskind	off 1.0		__DUMMY__ 0.917876531755126 off 0.04176219665860422 neg 0.04036127158626984	false	1.0
umtauschen	neg 1.0		__DUMMY__ 0.9260974510958181 neg 0.04138891133349605 off 0.03251363757068591	false	1.0
zum			__DUMMY__ 0.9352329540899638 neg 0.03856736800413649 off 0.0261996779058998	false	0.0
zersetzen	neg 1.0		__DUMMY__ 0.9240814038858318 neg 0.04598951693817917 off 0.029929079175989092	false	1.0
zur			__DUMMY__ 0.9301461761801431 neg 0.04381718331050652 off 0.02603664050935051	false	0.0
frust	neg 1.0		__DUMMY__ 0.9263517960030669 neg 0.041255928280441986 off 0.03239227571649115	false	1.0
unerbittlichkeit	neg 1.0		__DUMMY__ 0.9248917872733183 neg 0.04509694229786796 off 0.03001127042881364	false	1.0
zwei			__DUMMY__ 0.9328288376814925 neg 0.03935938649816247 off 0.027811775820344976	false	0.0
unkorrekt	neg 1.0		__DUMMY__ 0.9184635170978567 neg 0.042282719008596335 off 0.039253763893546983	false	1.0
hexe	off 1.0		__DUMMY__ 0.9229493924157643 neg 0.039878445231766015 off 0.037172162352469645	false	0.5
lasch	neg 1.0		__DUMMY__ 0.9211696367214597 neg 0.042500474332594664 off 0.0363298889459456	false	1.0
rivale	neg 1.0		__DUMMY__ 0.9234394598915623 off 0.038842049040152794 neg 0.03771849106828489	false	0.5
mutlos	off 1.0	off 1.0	off 0.4982556882330363 __DUMMY__ 0.46014505758136864 neg 0.04159925418559499	false	1.0
wirr	off 1.0		__DUMMY__ 0.9187654079645005 neg 0.04189855998963762 off 0.03933603204586187	false	0.5
jahr			__DUMMY__ 0.9327282015433447 neg 0.03820265105307526 off 0.029069147403580006	false	0.0
wird			__DUMMY__ 0.9265866008827479 neg 0.04229372407399911 off 0.031119675043252908	false	0.0
strafbar	neg 1.0		__DUMMY__ 0.9240004378428779 neg 0.044904650068439626 off 0.031094912088682487	false	1.0
erosion	neg 1.0		__DUMMY__ 0.9259423482631217 neg 0.040408025526303425 off 0.03364962621057488	false	1.0
eingehen	neg 1.0		__DUMMY__ 0.9235378170006829 neg 0.04472512758993675 off 0.031737055409380314	false	1.0
faul	off 1.0		__DUMMY__ 0.9244299937807802 neg 0.039532940380859256 off 0.036037065838360596	false	0.5
provisorium	neg 1.0		__DUMMY__ 0.9313621375863624 neg 0.04435667342083101 off 0.024281188992806534	false	1.0
schmerzen	neg 1.0		__DUMMY__ 0.925665530095084 neg 0.041523905041358965 off 0.032810564863557	false	1.0
schrumpfen	neg 1.0		__DUMMY__ 0.9277668165970069 neg 0.04578170153109417 off 0.02645148187189897	false	1.0
geistlos	off 1.0		__DUMMY__ 0.9184965618058712 neg 0.04579624129253034 off 0.03570719690159845	false	0.5
fehlkauf	neg 1.0		__DUMMY__ 0.9228652097092005 neg 0.04246567136523545 off 0.03466911892556404	false	1.0
frustrierend	neg 1.0		__DUMMY__ 0.9249423479666316 neg 0.0387336916235941 off 0.03632396040977432	false	1.0
unzufrieden	neg 1.0		__DUMMY__ 0.9239511648294024 neg 0.04393187696181306 off 0.03211695820878444	false	1.0
verzweifeln	neg 1.0		__DUMMY__ 0.9252760293032706 neg 0.041550307548650724 off 0.03317366314807867	false	1.0
verzweifelt	neg 1.0		__DUMMY__ 0.9232435643844089 neg 0.042099899757075517 off 0.03465653585851558	false	1.0
misstrauensantrag	neg 1.0		__DUMMY__ 0.9219123672210044 neg 0.04318432181372331 off 0.03490331096527228	false	1.0
abfallen	neg 1.0		__DUMMY__ 0.9274516940112045 neg 0.03862082033787937 off 0.033927485650916134	false	1.0
fucker	off 1.0		__DUMMY__ 0.9202029926635306 neg 0.04102894384353189 off 0.03876806349293761	false	0.5
ungezogen	neg 1.0		__DUMMY__ 0.9194666054418591 off 0.043845331025929524 neg 0.036688063532211365	false	0.5
irrsinnig	neg 1.0	neg 1.0	neg 0.5087599763972764 __DUMMY__ 0.4599305896744724 off 0.03130943392825108	false	1.0
unfassbar	neg 1.0		__DUMMY__ 0.9224456157044725 neg 0.039986989489400916 off 0.03756739480612667	false	1.0
hart	neg 1.0		__DUMMY__ 0.9222226293842356 neg 0.04212544356745021 off 0.03565192704831423	false	1.0
widerlich	off 1.0		__DUMMY__ 0.9200879678564532 neg 0.04162457154288182 off 0.03828746060066491	false	0.5
fatal	neg 1.0		__DUMMY__ 0.9228732603200259 neg 0.04217775700655573 off 0.034948982673418325	false	1.0
bruch	neg 1.0		__DUMMY__ 0.9255512777417224 neg 0.04576978957970483 off 0.028678932678572775	false	1.0
aushungern	neg 1.0		__DUMMY__ 0.9219468191009923 neg 0.0450062364862907 off 0.033046944412716925	false	1.0
anspannung	neg 1.0	neg 1.0	neg 0.5056126253842264 __DUMMY__ 0.4701973429577298 off 0.02419003165804384	false	1.0
von			__DUMMY__ 0.931626698274928 neg 0.03975603671102067 off 0.02861726501405135	false	0.0
kraftlos	neg 1.0		__DUMMY__ 0.9282291306249112 neg 0.04002777791282177 off 0.031743091462267045	false	1.0
vom			__DUMMY__ 0.9347944335443752 neg 0.040573887720951635 off 0.02463167873467327	false	0.0
grenzdebil	off 1.0		__DUMMY__ 0.922298799531301 neg 0.039480134197643284 off 0.03822106627105563	false	0.5
vor			__DUMMY__ 0.9276941806444098 neg 0.042986599121580635 off 0.029319220234009576	false	0.0
unterwerfen	neg 1.0		__DUMMY__ 0.9260900408240943 neg 0.04307162955059291 off 0.030838329625312792	false	1.0
versenkung	neg 1.0		__DUMMY__ 0.9253025537856868 neg 0.04395182434025595 off 0.03074562187405715	false	1.0
entziehen	neg 1.0		__DUMMY__ 0.9264124846332322 neg 0.04465887982099108 off 0.028928635545776734	false	1.0
finanzkrise	neg 1.0		__DUMMY__ 0.9203580828478743 neg 0.046914955658483 off 0.03272696149364266	false	1.0
schimpfend	neg 1.0		__DUMMY__ 0.9286409647882482 neg 0.03775291840660293 off 0.03360611680514891	false	1.0
profan	neg 1.0		__DUMMY__ 0.9233127213575082 neg 0.04120112059781059 off 0.03548615804468117	false	1.0
korruption	neg 1.0	neg 1.0	neg 0.5125624446683048 __DUMMY__ 0.45864811883181544 off 0.02878943649987983	false	1.0
â			__DUMMY__ 0.9263599759703046 neg 0.04284715447493952 off 0.030792869554755898	false	0.0
schmutzig	neg 1.0		__DUMMY__ 0.922897130552898 neg 0.03934493492342416 off 0.037757934523677865	false	1.0
sexy	neg 1.0		__DUMMY__ 0.9232964976186523 neg 0.04073849430080541 off 0.035965008080542246	false	1.0
abraten	neg 1.0		__DUMMY__ 0.9238848791189966 neg 0.04144091836100803 off 0.03467420251999534	false	1.0
schwarz	neg 1.0		__DUMMY__ 0.9232336530925818 neg 0.042289216448189094 off 0.034477130459229156	false	1.0
fotze	off 1.0		__DUMMY__ 0.9247405020857593 neg 0.04461945054957431 off 0.030640047364666363	false	0.5
verwirren	neg 1.0		__DUMMY__ 0.9234968416533677 neg 0.040785797621186684 off 0.03571736072544561	false	1.0
zahnlos	off 1.0		__DUMMY__ 0.923551355919421 neg 0.04431051753470445 off 0.03213812654587461	false	0.5
verheeren	neg 1.0		__DUMMY__ 0.91879290417533 off 0.044800529538993224 neg 0.03640656628567673	false	0.5
hippie	neg 1.0		__DUMMY__ 0.92273073375082 neg 0.041590164044575065 off 0.035679102204604934	false	1.0
rammen	neg 1.0		__DUMMY__ 0.9228357197017701 neg 0.043722271504651265 off 0.03344200879357861	false	1.0
unlauter	neg 1.0		__DUMMY__ 0.9196913374898165 neg 0.046393921673294175 off 0.03391474083688932	false	1.0
unheilvoll	neg 1.0		__DUMMY__ 0.9267310040473664 neg 0.038538526491264914 off 0.034730469461368756	false	1.0
niedrig	neg 1.0		__DUMMY__ 0.925891318088978 neg 0.044307428913021744 off 0.02980125299800023	false	1.0
explosion	neg 1.0		__DUMMY__ 0.9227195566451889 neg 0.04212075902728331 off 0.0351596843275278	false	1.0
weichei	off 1.0		__DUMMY__ 0.9185500615431579 off 0.041680850088254215 neg 0.03976908836858799	false	1.0
minusmensch	off 1.0		__DUMMY__ 0.9126316588903002 off 0.0450442449984855 neg 0.04232409611121428	false	1.0
farblos	neg 1.0		__DUMMY__ 0.9299822293733122 neg 0.03805190020156965 off 0.03196587042511825	false	1.0
unwissend	neg 1.0	neg 1.0	neg 0.5069638470632081 __DUMMY__ 0.4590031949635319 off 0.034032957973259954	false	1.0
traurig	neg 1.0		__DUMMY__ 0.9224392614661419 off 0.03960148670727357 neg 0.03795925182658459	false	0.5
senkung	neg 1.0		__DUMMY__ 0.9208255546505876 neg 0.04386274542734646 off 0.03531169992206596	false	1.0
ungleich	neg 1.0	neg 1.0	neg 0.5117617657278143 __DUMMY__ 0.46033916345338816 off 0.027899070818797576	false	1.0
heikel	neg 1.0		__DUMMY__ 0.9246640596017213 neg 0.045325585391242866 off 0.030010355007035788	false	1.0
drosselung	neg 1.0		__DUMMY__ 0.9225975879247102 neg 0.03973391961767942 off 0.03766849245761038	false	1.0
falsch	neg 1.0		__DUMMY__ 0.9232848476382455 neg 0.04025489394171301 off 0.036460258420041546	false	1.0
unzufriedenheit	neg 1.0		__DUMMY__ 0.9255739981516113 neg 0.04473510644897419 off 0.02969089539941446	false	1.0
kurz	neg 1.0		__DUMMY__ 0.9285358153428435 neg 0.039494857690092776 off 0.03196932696706369	false	1.0
unsinnig	neg 1.0		__DUMMY__ 0.9225645038630235 neg 0.04497463953083299 off 0.03246085660614352	false	1.0
penner	off 1.0	off 1.0	off 0.5094499577738366 __DUMMY__ 0.4557139157851735 neg 0.03483612644098987	false	1.0
seicht	neg 1.0		__DUMMY__ 0.9159703939316435 off 0.04412973800728079 neg 0.03989986806107571	false	0.5
dummheit	off 1.0	off 1.0	off 0.5024500309673943 __DUMMY__ 0.4584079000201838 neg 0.03914206901242204	false	1.0
unerfreulich	neg 1.0		__DUMMY__ 0.9267772575696953 neg 0.04406462488540162 off 0.029158117544903005	false	1.0
motherfucker	off 1.0	off 1.0	off 0.5053802941579447 __DUMMY__ 0.45664551197099346 neg 0.03797419387106192	false	1.0
pikiert	neg 1.0		__DUMMY__ 0.9200498796017724 neg 0.04245222028050834 off 0.037497900117719266	false	1.0
wrack	neg 1.0		__DUMMY__ 0.9303735244397592 neg 0.03962512418100144 off 0.030001351379239434	false	1.0
gangster	neg 1.0		__DUMMY__ 0.9235033294825238 neg 0.041184384455428324 off 0.03531228606204793	false	1.0
krank	neg 1.0		__DUMMY__ 0.924154688903606 off 0.03814505032239796 neg 0.03770026077399616	false	0.5
reich	neg 1.0		__DUMMY__ 0.9218054108052737 neg 0.0417395601770193 off 0.03645502901770707	false	1.0
gnadenlos	neg 1.0		__DUMMY__ 0.9243383782764709 neg 0.041442609725887834 off 0.03421901199764127	false	1.0
niedergeschlagen	neg 1.0		__DUMMY__ 0.9268284679215357 neg 0.040832940945162585 off 0.032338591133301675	false	1.0
terrorisieren	off 1.0	off 1.0	off 0.49845010738574835 __DUMMY__ 0.462160543797272 neg 0.03938934881697963	false	1.0
sinnlosigkeit	neg 1.0		__DUMMY__ 0.9246681932419932 neg 0.043182322885026714 off 0.03214948387298008	false	1.0
behindern	neg 1.0		__DUMMY__ 0.9236444308804617 neg 0.043670546742226264 off 0.03268502237731203	false	1.0
undemokratisch	neg 1.0		__DUMMY__ 0.9204891058682001 neg 0.045132885612662155 off 0.0343780085191378	false	1.0
wirtschaftskrise	neg 1.0		__DUMMY__ 0.9229981450309995 neg 0.04585197245193213 off 0.03114988251706832	false	1.0
neid	neg 1.0		__DUMMY__ 0.9270055417726739 off 0.0366738333972907 neg 0.03632062483003548	false	0.5
rutschen	neg 1.0	neg 1.0	neg 0.5052856005873217 __DUMMY__ 0.46949076765569375 off 0.02522363175698451	false	1.0
rezession	neg 1.0		__DUMMY__ 0.9160296810134951 neg 0.04351310208480068 off 0.040457216901704236	false	1.0
fehlgeburt	neg 1.0		__DUMMY__ 0.9261771065157047 neg 0.03918240210856204 off 0.0346404913757332	false	1.0
charakterschwach	off 1.0		__DUMMY__ 0.9213063791304719 neg 0.04058214620087196 off 0.038111474668656185	false	0.5
isolation	neg 1.0		__DUMMY__ 0.9249039543408377 neg 0.03891201439733118 off 0.03618403126183108	false	1.0
ablenkung	neg 1.0		__DUMMY__ 0.9252255438794483 neg 0.041157242843295604 off 0.03361721327725609	false	1.0
pech	neg 1.0		__DUMMY__ 0.9247803349374384 neg 0.03947050871560573 off 0.035749156346955864	false	1.0
vermeidung	neg 1.0		__DUMMY__ 0.9202633012935418 neg 0.04173979787587398 off 0.03799690083058417	false	1.0
dominieren	neg 1.0		__DUMMY__ 0.9293033127213665 neg 0.039861366944873904 off 0.030835320333759655	false	1.0
schwindlig	neg 1.0		__DUMMY__ 0.9274033940961737 neg 0.037970543246440974 off 0.03462606265738539	false	1.0
lutscher	neg 1.0	neg 1.0	neg 0.5053446910391294 __DUMMY__ 0.454264937890087 off 0.040390371070783526	false	1.0
pflicht	neg 1.0		__DUMMY__ 0.9253874884565327 neg 0.044523506510451 off 0.03008900503301623	false	1.0
faschist	off 1.0		__DUMMY__ 0.9201802737601231 neg 0.04386314313657594 off 0.03595658310330103	false	0.5
verschleudern	neg 1.0		__DUMMY__ 0.921000399466115 neg 0.04836091029126295 off 0.03063869024262214	false	1.0
wenn			__DUMMY__ 0.9232689848084722 neg 0.04006869154678012 off 0.036662323644747606	false	0.0
ehebruch	neg 1.0		__DUMMY__ 0.9242197050097759 neg 0.044446111775925765 off 0.031334183214298233	false	1.0
spott	off 1.0		__DUMMY__ 0.9235722380329553 neg 0.04542983679488572 off 0.030997925172159036	false	0.5
trostlosigkeit	neg 1.0		__DUMMY__ 0.9264126196267817 neg 0.04459408004507221 off 0.028993300328146093	false	1.0
lutschen	neg 1.0		__DUMMY__ 0.921529620048285 neg 0.043232044689073615 off 0.03523833526264139	false	1.0
undiszipliniert	neg 1.0		__DUMMY__ 0.9222810163554953 off 0.03891000264925156 neg 0.03880898099525317	false	0.5
kopfschmerz	neg 1.0		__DUMMY__ 0.9274665605947505 neg 0.04075302404089501 off 0.031780415364354504	false	1.0
unvorhergesehen	neg 1.0		__DUMMY__ 0.9309428268012329 neg 0.03891741443685237 off 0.03013975876191475	false	1.0
desinteressiert	neg 1.0		__DUMMY__ 0.9209187100942252 neg 0.0401391996589161 off 0.03894209024685867	false	1.0
armselig	off 1.0		__DUMMY__ 0.9186748213686735 neg 0.0415102229414496 off 0.039814955689876884	false	0.5
desaster	neg 1.0		__DUMMY__ 0.9255433925845149 neg 0.04614122938647831 off 0.028315378029006768	false	1.0
tod	neg 1.0		__DUMMY__ 0.9269313554378967 neg 0.04233878018937744 off 0.03072986437272587	false	1.0
herzlos	neg 1.0		__DUMMY__ 0.9201357259802314 off 0.040026342959355414 neg 0.03983793106041322	false	0.5
unwissenheit	neg 1.0		__DUMMY__ 0.9225030315025046 neg 0.04544854661796186 off 0.0320484218795335	false	1.0
widersinnig	neg 1.0	neg 1.0	neg 0.5124168703412046 __DUMMY__ 0.4579691671467097 off 0.029613962512085666	false	1.0
bedenklich	neg 1.0		__DUMMY__ 0.9241409062259822 neg 0.04475669153813529 off 0.031102402235882436	false	1.0
beanstanden	neg 1.0		__DUMMY__ 0.9259377294964412 neg 0.04450814284278942 off 0.029554127660769428	false	1.0
panisch	neg 1.0	neg 1.0	neg 0.5029231756671366 __DUMMY__ 0.46516581203511864 off 0.031911012297744665	false	1.0
debil	off 1.0		__DUMMY__ 0.9286801636415526 neg 0.04583980924826171 off 0.025480027110185776	false	0.5
abstrich	neg 1.0		__DUMMY__ 0.9253232715734682 neg 0.0445341114326476 off 0.030142616993884205	false	1.0
primitiv	neg 1.0		__DUMMY__ 0.9201197411030976 neg 0.041252756883680845 off 0.03862750201322168	false	1.0
abschaum	off 1.0	off 1.0	off 0.503943133595447 __DUMMY__ 0.45846322815162427 neg 0.037593638252928795	false	1.0
provozieren	neg 1.0		__DUMMY__ 0.9232314334191452 neg 0.042673408627070614 off 0.03409515795378431	false	1.0
tot	neg 1.0		__DUMMY__ 0.9268818529160414 neg 0.04298588313386128 off 0.030132263950097334	false	1.0
instabil	neg 1.0		__DUMMY__ 0.9182428139225803 neg 0.043303625351317876 off 0.03845356072610184	false	1.0
schwuchtel	off 1.0		__DUMMY__ 0.9131948530897029 off 0.048037098096984934 neg 0.038768048813312105	false	1.0
zerren	neg 1.0		__DUMMY__ 0.9269873028256431 neg 0.040454396874365035 off 0.03255830029999187	false	1.0
kinderficker	off 1.0		__DUMMY__ 0.9176672330833311 off 0.04169388089240817 neg 0.04063888602426074	false	1.0
gefahr	neg 1.0		__DUMMY__ 0.9258188082018187 neg 0.04439293727391964 off 0.02978825452426175	false	1.0
rabiat	neg 1.0		__DUMMY__ 0.9229380896281766 neg 0.04344687936523864 off 0.03361503100658479	false	1.0
verlangsamung	neg 1.0		__DUMMY__ 0.9168394932595942 off 0.042943140600553285 neg 0.04021736613985248	false	0.5
ausgestorben	neg 1.0		__DUMMY__ 0.9262567592990507 neg 0.040740810779677346 off 0.03300242992127189	false	1.0
anklagen	neg 1.0		__DUMMY__ 0.9232312568960198 neg 0.044382695657182884 off 0.03238604744679724	false	1.0
trott	neg 1.0		__DUMMY__ 0.9254748944908406 neg 0.04168748496993322 off 0.032837620539226155	false	1.0
verminderung	neg 1.0		__DUMMY__ 0.9210309491742519 neg 0.04043443387282947 off 0.038534616952918654	false	1.0
nach			__DUMMY__ 0.9340088216036168 neg 0.03943012013392171 off 0.02656105826246161	false	0.0
rost	neg 1.0		__DUMMY__ 0.9194749579275531 off 0.04172668886495273 neg 0.03879835320749418	false	0.5
destruktiv	neg 1.0		__DUMMY__ 0.9218669224083311 neg 0.04477244646424831 off 0.03336063112742054	false	1.0
unzumutbarkeit	neg 1.0		__DUMMY__ 0.9241040149061313 neg 0.03920829796222545 off 0.03668768713164333	false	1.0
labil	off 1.0	off 1.0	off 0.5039146303720423 __DUMMY__ 0.458188914495229 neg 0.03789645513272868	false	1.0
ziemlich	neg 1.0		__DUMMY__ 0.9237714408398368 neg 0.03844534260717475 off 0.03778321655298854	false	1.0
lachnummer	off 1.0		__DUMMY__ 0.9236007063000665 neg 0.04276061899590357 off 0.03363867470402994	false	0.5
oder			__DUMMY__ 0.9266299713381061 neg 0.03999022426943417 off 0.03337980439245967	false	0.0
verfall	neg 1.0		__DUMMY__ 0.9265858406750179 neg 0.04699134041560328 off 0.02642281890937872	false	1.0
ausgrenzung	neg 1.0		__DUMMY__ 0.9195785171497478 neg 0.04554192135415206 off 0.0348795614961002	false	1.0
unordnung	neg 1.0		__DUMMY__ 0.9236914951167384 neg 0.039098785329214195 off 0.03720971955404739	false	1.0
fehlverhalten	neg 1.0		__DUMMY__ 0.9243657738625304 neg 0.045320800860249096 off 0.03031342527722047	false	1.0
eine			__DUMMY__ 0.9267700495081809 neg 0.04372569577752487 off 0.029504254714294225	false	0.0
nille	neg 1.0		__DUMMY__ 0.924579348831786 neg 0.04273674872924136 off 0.03268390243897252	false	1.0
qual	neg 1.0		__DUMMY__ 0.9250680784045432 neg 0.042192287714917405 off 0.032739633880539375	false	1.0
verschwenden	neg 1.0		__DUMMY__ 0.9242212459495063 neg 0.04447993748471798 off 0.031298816565775704	false	1.0
riesig	neg 1.0	neg 1.0	neg 0.507731669595932 __DUMMY__ 0.464347201966538 off 0.027921128437530026	false	1.0
verurteilen	neg 1.0		__DUMMY__ 0.9233604817862193 neg 0.04452238304077711 off 0.03211713517300362	false	1.0
klischee	neg 1.0	neg 1.0	neg 0.5089527688041287 __DUMMY__ 0.45796389610822835 off 0.03308333508764303	false	1.0
diktatorisch	neg 1.0		__DUMMY__ 0.9187248495937981 neg 0.04641140771992954 off 0.03486374268627241	false	1.0
vorhersehbar	neg 1.0	neg 1.0	neg 0.5083050984479289 __DUMMY__ 0.4590226939698558 off 0.03267220758221524	false	1.0
sowie			__DUMMY__ 0.9177676979496548 off 0.04148834303351337 neg 0.04074395901683177	false	0.0
stornieren	neg 1.0		__DUMMY__ 0.9300475010125856 neg 0.036286923861055025 off 0.033665575126359426	false	1.0
besteuerung	neg 1.0		__DUMMY__ 0.9206144291404992 neg 0.04566295793585393 off 0.03372261292364688	false	1.0
ungeschminkt	neg 1.0		__DUMMY__ 0.9207920200673941 neg 0.041573191773380404 off 0.037634788159225475	false	1.0
kritisch	neg 1.0		__DUMMY__ 0.9247172239867236 neg 0.04423059212044245 off 0.031052183892833932	false	1.0
schlamperei	off 1.0		__DUMMY__ 0.9235423507816087 neg 0.04618705320999232 off 0.030270596008398955	false	0.5
sucht	neg 1.0	neg 1.0	neg 0.5075176317062631 __DUMMY__ 0.46261725836657946 off 0.029865109927157508	false	1.0
egoistisch	off 1.0		__DUMMY__ 0.9201499642450311 off 0.04182331860159464 neg 0.03802671715337419	false	1.0
ausbeuter	off 1.0		__DUMMY__ 0.9228775354562084 neg 0.04690112935823781 off 0.030221335185553727	false	0.5
arschgeburt	off 1.0		__DUMMY__ 0.9125966588011056 off 0.048344371973384176 neg 0.03905896922551023	false	1.0
schubs	neg 1.0	neg 1.0	neg 0.5063717420413233 __DUMMY__ 0.46526684547973457 off 0.028361412478941975	false	1.0
unsolide	neg 1.0		__DUMMY__ 0.9158999521114933 neg 0.04892068236732315 off 0.03517936552118349	false	1.0
beschwerde	neg 1.0		__DUMMY__ 0.9231052385693569 neg 0.04657683705259139 off 0.03031792437805181	false	1.0
stocken	neg 1.0		__DUMMY__ 0.9242413158915764 neg 0.045027431181297504 off 0.03073125292712602	false	1.0
isolieren	neg 1.0		__DUMMY__ 0.9239555094419462 neg 0.04447380203161432 off 0.03157068852643952	false	1.0
unheilbar	neg 1.0		__DUMMY__ 0.9260210153558298 neg 0.04005087793626431 off 0.03392810670790587	false	1.0
pisser	off 1.0		__DUMMY__ 0.9203065662995638 neg 0.04094315867467782 off 0.0387502750257584	false	0.5
löschen	neg 1.0		__DUMMY__ 0.9245256074501234 neg 0.0421927227395657 off 0.03328166981031083	false	1.0
durchfallen	neg 1.0		__DUMMY__ 0.9230554135564084 neg 0.04498607354943188 off 0.031958512894159685	false	1.0
wichser	off 1.0		__DUMMY__ 0.917663734667585 off 0.04534294803354765 neg 0.03699331729886736	false	1.0
terror	neg 1.0		__DUMMY__ 0.9246729886519246 neg 0.04020453344555161 off 0.03512247790252382	false	1.0
krass	neg 1.0		__DUMMY__ 0.9202876627026266 off 0.04003069308715694 neg 0.03968164421021631	false	0.5
revolte	neg 1.0	neg 1.0	neg 0.5100766151918693 __DUMMY__ 0.4578405645187826 off 0.032082820289348134	false	1.0
besorgt	neg 1.0		__DUMMY__ 0.9286749331715419 neg 0.03949494502410003 off 0.03183012180435808	false	1.0
nachlassen	neg 1.0		__DUMMY__ 0.9263607947622727 neg 0.04350690450073406 off 0.03013230073699331	false	1.0
alt	neg 1.0		__DUMMY__ 0.926708522824182 neg 0.04283092982834184 off 0.030460547347476188	false	1.0
hundesohn	off 1.0		__DUMMY__ 0.9153544370366922 off 0.04462215312644694 neg 0.04002340983686092	false	1.0
als			__DUMMY__ 0.927238324364314 neg 0.04071561006264577 off 0.032046065573040315	false	0.0
abschreckung	neg 1.0		__DUMMY__ 0.9257037228281854 neg 0.045109701779010906 off 0.029186575392803758	false	1.0
unqualifiziert	neg 1.0		__DUMMY__ 0.9198700896016567 neg 0.04390676001842897 off 0.03622315037991434	false	1.0
abgewichst	off 1.0		__DUMMY__ 0.9256776432185246 neg 0.042254237253710386 off 0.03206811952776503	false	0.5
schwer	neg 1.0		__DUMMY__ 0.9251686352929218 neg 0.041416829569633905 off 0.03341453513744433	false	1.0
bedeutungslosigkeit	neg 1.0		__DUMMY__ 0.9253399749024532 neg 0.04479939441396594 off 0.029860630683580774	false	1.0
kapitulation	neg 1.0		__DUMMY__ 0.9213032821787749 neg 0.0477270892984987 off 0.030969628522726417	false	1.0
unscharf	neg 1.0		__DUMMY__ 0.9238579680738113 neg 0.04157856204042041 off 0.034563469885768236	false	1.0
schwinden	neg 1.0		__DUMMY__ 0.9259541753844006 neg 0.04437872209779094 off 0.029667102517808453	false	1.0
versklavung	neg 1.0		__DUMMY__ 0.9187966654229331 neg 0.04673649843729836 off 0.03446683613976848	false	1.0
schlecht	neg 1.0		__DUMMY__ 0.9238317805937337 neg 0.03823946663589019 off 0.03792875277037612	false	1.0
verhasst	neg 1.0		__DUMMY__ 0.9236175859134697 neg 0.04200262593669343 off 0.03437978814983696	false	1.0
beschweren	neg 1.0		__DUMMY__ 0.9242734023479781 neg 0.04083614541641106 off 0.03489045223561098	false	1.0
scheiden	neg 1.0		__DUMMY__ 0.9317265575184325 neg 0.03512104723599941 off 0.03315239524556803	false	1.0
frustriert	neg 1.0		__DUMMY__ 0.9254340814482044 neg 0.041876450522228534 off 0.0326894680295671	false	1.0
schimmelig	neg 1.0		__DUMMY__ 0.9270894516502123 neg 0.04314039854777427 off 0.029770149802013493	false	1.0
fisch	neg 1.0		__DUMMY__ 0.9318419619950926 neg 0.03941827642206946 off 0.028739761582837996	false	1.0
schmuggel	neg 1.0		__DUMMY__ 0.9289341279044666 neg 0.04150071284237084 off 0.0295651592531625	false	1.0
auffallen	neg 1.0		__DUMMY__ 0.9241367200210477 neg 0.04054033764664563 off 0.035322942332306546	false	1.0
konkurrenz	neg 1.0	neg 1.0	neg 0.5091506110427402 __DUMMY__ 0.4644010539067859 off 0.026448335050474028	false	1.0
teufelskreis	neg 1.0	neg 1.0	neg 0.5095225566065132 __DUMMY__ 0.4603202178273172 off 0.030157225566169624	false	1.0
aufschreien	neg 1.0		__DUMMY__ 0.922829593952007 neg 0.04187380852384052 off 0.0352965975241525	false	1.0
schuldner	neg 1.0		__DUMMY__ 0.9259987686646358 neg 0.044170489458397674 off 0.029830741876966493	false	1.0
missgeburt	off 1.0	off 1.0	off 0.5077594661612297 __DUMMY__ 0.45558525555972423 neg 0.03665527827904603	false	1.0
arbeitslos	neg 1.0		__DUMMY__ 0.9231912445646802 neg 0.04459692117102949 off 0.03221183426429034	false	1.0
befallen	neg 1.0		__DUMMY__ 0.9226252377803231 neg 0.04507768993315141 off 0.03229707228652556	false	1.0
miesepetrig	off 1.0	off 1.0	off 0.5041342142551718 __DUMMY__ 0.46061382053579925 neg 0.03525196520902886	false	1.0
alarmieren	neg 1.0		__DUMMY__ 0.919370938974877 neg 0.04355309121608272 off 0.037075969809040384	false	1.0
ungeduscht	off 1.0		__DUMMY__ 0.9253063875186012 neg 0.039249255553328505 off 0.03544435692807032	false	0.5
knappheit	neg 1.0		__DUMMY__ 0.922791285191628 neg 0.04642726265849357 off 0.030781452149878367	false	1.0
schlange	neg 1.0		__DUMMY__ 0.9278511618251803 neg 0.03756569695119959 off 0.034583141223620106	false	1.0
harsch	neg 1.0		__DUMMY__ 0.9223493077679642 off 0.04072636992496713 neg 0.036924322307068644	false	0.5
lang	neg 1.0		__DUMMY__ 0.9245459796760265 neg 0.04185800141704863 off 0.03359601890692494	false	1.0
ziellos	neg 1.0		__DUMMY__ 0.9275938043192494 neg 0.04080163773391481 off 0.031604557946835796	false	1.0
selbstverliebt	neg 1.0		__DUMMY__ 0.9143296079281157 off 0.04618686055249467 neg 0.03948353151938967	false	0.5
beseitigen	neg 1.0	neg 1.0	neg 0.5062815655453335 __DUMMY__ 0.4640604190332271 off 0.029658015421439345	false	1.0
dumm	off 1.0		__DUMMY__ 0.9186004454470807 off 0.04251465463707181 neg 0.03888489991584743	false	1.0
arbeitsloser	neg 1.0		__DUMMY__ 0.9259470476970694 neg 0.0424447965470194 off 0.03160815575591116	false	1.0
blitzen	neg 1.0		__DUMMY__ 0.922873666704993 neg 0.04134144128634543 off 0.035784892008661584	false	1.0
hilflos	neg 1.0		__DUMMY__ 0.9257969009330472 neg 0.041949221756857814 off 0.0322538773100949	false	1.0
eklig	off 1.0		__DUMMY__ 0.918390592306653 off 0.04288769909648084 neg 0.038721708596866224	false	1.0
begriff			__DUMMY__ 0.9235544957457108 neg 0.04376343084834102 off 0.03268207340594811	false	0.0
hungersnot	neg 1.0		__DUMMY__ 0.9240745523823419 neg 0.04373580822967106 off 0.03218963938798709	false	1.0
ungesetzlich	neg 1.0		__DUMMY__ 0.9177401556524949 neg 0.04664521148471105 off 0.03561463286279411	false	1.0
verschwendung	neg 1.0		__DUMMY__ 0.9257278381048221 neg 0.043812619849826796 off 0.030459542045351135	false	1.0
schmerzvoll	neg 1.0		__DUMMY__ 0.9245251080815898 neg 0.04070261323403797 off 0.034772278684372236	false	1.0
vorzeitig	neg 1.0		__DUMMY__ 0.9250987252652975 neg 0.03928621923152434 off 0.03561505550317813	false	1.0
unvollkommenheit	neg 1.0		__DUMMY__ 0.9288845445073314 neg 0.03979362701209015 off 0.031321828480578545	false	1.0
intervenieren	neg 1.0		__DUMMY__ 0.9226002373670716 neg 0.046950508521787594 off 0.030449254111140765	false	1.0
banause	off 1.0		__DUMMY__ 0.9158327046335707 off 0.04446542064046169 neg 0.03970187472596754	false	1.0
rebell	neg 1.0		__DUMMY__ 0.9268453205294719 neg 0.04563768843140286 off 0.02751699103912527	false	1.0
unlogisch	neg 1.0		__DUMMY__ 0.9206048726005559 off 0.03976577613529753 neg 0.039629351264146566	false	0.5
leiden	neg 1.0		__DUMMY__ 0.9338308722942847 neg 0.03673539871149616 off 0.029433728994219092	false	1.0
abschaffung	neg 1.0		__DUMMY__ 0.9206872233093095 neg 0.045421299509171405 off 0.03389147718151897	false	1.0
sturz	neg 1.0		__DUMMY__ 0.9252452936378618 neg 0.0414435204185003 off 0.0333111859436379	false	1.0
verkleinerung	neg 1.0		__DUMMY__ 0.9177704562884689 neg 0.04643206147250256 off 0.03579748223902847	false	1.0
schmarotzer	off 1.0		__DUMMY__ 0.9228221540246372 neg 0.04505385747047345 off 0.032123988504889414	false	0.5
bestrafung	neg 1.0		__DUMMY__ 0.9239159725439728 neg 0.04145610156276582 off 0.03462792589326127	false	1.0
achtlos	neg 1.0		__DUMMY__ 0.9269264519980113 neg 0.03980297930736435 off 0.03327056869462431	false	1.0
