unsolidarisch	neg 1.0		neg 0.5414761976923311 off 0.4180544779397367 __DUMMY__ 0.04046932436793206	false	1.0
nachteilig	neg 1.0		neg 0.5422809616166182 off 0.4167846899021271 __DUMMY__ 0.0409343484812547	false	1.0
skeptisch	neg 1.0		neg 0.5422374352996828 off 0.41672084301849394 __DUMMY__ 0.041041721681823164	false	1.0
schrecklich	neg 1.0		neg 0.525084044618627 off 0.4341719626493268 __DUMMY__ 0.040743992732046326	false	1.0
schlapp	neg 1.0	neg 1.0	neg 0.7516207280097725 off 0.2288571154192421 __DUMMY__ 0.019522156570985418	false	1.0
abfall	neg 1.0		neg 0.5446879279765972 off 0.41415420297923816 __DUMMY__ 0.041157869044164734	false	1.0
widerspenstig	neg 1.0		neg 0.53536038384205 off 0.42361053541618293 __DUMMY__ 0.04102908074176694	false	1.0
abrupt	neg 1.0		neg 0.538237139152742 off 0.4204001160362003 __DUMMY__ 0.04136274481105788	false	1.0
unwirksam	neg 1.0		neg 0.5402447863956142 off 0.4191758007991457 __DUMMY__ 0.04057941280524003	false	1.0
angreifen	neg 1.0	neg 1.0	neg 0.7584974543261379 off 0.22194529801107235 __DUMMY__ 0.019557247662789764	false	1.0
inkonsistent	neg 1.0		neg 0.5359489946817336 off 0.4231804049316641 __DUMMY__ 0.0408706003866024	false	1.0
abrutschen	neg 1.0		neg 0.5440091320547253 off 0.4148119493161732 __DUMMY__ 0.04117891862910149	false	1.0
unsicher	neg 1.0		neg 0.5350600446947685 off 0.42387486261932517 __DUMMY__ 0.04106509268590625	false	1.0
bauernkind	off 1.0	off 1.0	off 0.6991045017962942 neg 0.28169922919786133 __DUMMY__ 0.01919626900584442	false	1.0
angreifer	neg 1.0		neg 0.533859289561435 off 0.4251070716868236 __DUMMY__ 0.041033638751741354	false	1.0
trennen	neg 1.0		neg 0.5365969816646908 off 0.42191465568937053 __DUMMY__ 0.04148836264593858	false	1.0
schmutz	neg 1.0		neg 0.5325205093106654 off 0.42635405815720695 __DUMMY__ 0.04112543253212773	false	1.0
inkonsistenz	neg 1.0		neg 0.5339319067014112 off 0.4254555734730781 __DUMMY__ 0.0406125198255107	false	1.0
erschreckend	neg 1.0		neg 0.5376680048819377 off 0.4213723403948421 __DUMMY__ 0.04095965472322032	false	1.0
ertrinken	neg 1.0		neg 0.5386110939243463 off 0.42018954702361894 __DUMMY__ 0.04119935905203492	false	1.0
pickelface	off 1.0		neg 0.5395847302676317 off 0.41951123418551967 __DUMMY__ 0.0409040355468488	false	0.5
seiner			neg 0.539941694921425 off 0.41884825660094194 __DUMMY__ 0.041210048477633154	false	0.0
lauch	neg 1.0		neg 0.5461414769519534 off 0.41289876734315134 __DUMMY__ 0.04095975570489528	false	1.0
unwichtig	neg 1.0		neg 0.5314058709398982 off 0.42781889754209307 __DUMMY__ 0.04077523151800869	false	1.0
steuerhinterziehung	neg 1.0		neg 0.5414723254355072 off 0.4178318470163258 __DUMMY__ 0.040695827548166995	false	1.0
schock	neg 1.0		neg 0.5343539576202542 off 0.424379721491631 __DUMMY__ 0.04126632088811476	false	1.0
beule	neg 1.0		neg 0.5292197649526291 off 0.4298709286827673 __DUMMY__ 0.040909306364603625	false	1.0
vergelten	neg 1.0		neg 0.5256472048134722 off 0.43343980530202 __DUMMY__ 0.04091298988450775	false	1.0
verdorbenheit	neg 1.0		neg 0.5362108154368939 off 0.42276000458660173 __DUMMY__ 0.041029179976504355	false	1.0
trauma	neg 1.0		neg 0.5352842254127125 off 0.4237934016636727 __DUMMY__ 0.04092237292361495	false	1.0
sinnlos	neg 1.0		neg 0.5326918237932999 off 0.42631878413850854 __DUMMY__ 0.04098939206819164	false	1.0
fettsack	off 1.0	off 1.0	off 0.700994322572283 neg 0.27973243197036995 __DUMMY__ 0.01927324545734695	false	1.0
feige	off 1.0	off 1.0	off 0.6975679313291211 neg 0.2830866220428481 __DUMMY__ 0.01934544662803072	false	1.0
abdanken	neg 1.0		neg 0.5394714096525831 off 0.41975367104262556 __DUMMY__ 0.0407749193047913	false	1.0
wichtigtuer	off 1.0	off 1.0	off 0.6961649153794702 neg 0.28440041094442026 __DUMMY__ 0.019434673676109602	false	1.0
misslingen	neg 1.0		neg 0.5311351280276394 off 0.42751466555937134 __DUMMY__ 0.04135020641298907	false	1.0
untreu	off 1.0		neg 0.5302594289102189 off 0.42901986118880575 __DUMMY__ 0.04072070990097535	false	0.5
missmutig	neg 1.0		neg 0.5298907198161129 off 0.4291952811633667 __DUMMY__ 0.040913999020520384	false	1.0
hurenbock	off 1.0		neg 0.5337041780853763 off 0.4252658866528404 __DUMMY__ 0.04102993526178345	false	0.5
betrunken	neg 1.0		neg 0.5258750587700711 off 0.4331723647497582 __DUMMY__ 0.040952576480170595	false	1.0
korrupt	off 1.0		neg 0.5431170469910025 off 0.41626953842383907 __DUMMY__ 0.04061341458515844	false	0.5
unmut	neg 1.0		neg 0.5451566054268941 off 0.4137478163275205 __DUMMY__ 0.0410955782455853	false	1.0
hackfresse	off 1.0		neg 0.5230163203050289 off 0.436503418257123 __DUMMY__ 0.040480261437848046	false	0.5
aufblasen	neg 1.0		neg 0.5327846435566721 off 0.4261096319986099 __DUMMY__ 0.04110572444471795	false	1.0
gewaltsam	neg 1.0		neg 0.5376964964044691 off 0.42135359359461183 __DUMMY__ 0.04094991000091919	false	1.0
unbeliebtheit	neg 1.0		neg 0.5366749511400487 off 0.42300985507077776 __DUMMY__ 0.04031519378917348	false	1.0
sturheit	neg 1.0		neg 0.5381423321539115 off 0.4209380121607935 __DUMMY__ 0.04091965568529504	false	1.0
kuh	neg 1.0		neg 0.5380225158101525 off 0.4212878042018563 __DUMMY__ 0.040689679987991105	false	1.0
erschrecken	neg 1.0		neg 0.530396431381856 off 0.4286401681430418 __DUMMY__ 0.04096340047510233	false	1.0
opfer	neg 1.0		neg 0.5394039708462472 off 0.41948157309188105 __DUMMY__ 0.04111445606187179	false	1.0
sinken	neg 1.0		neg 0.5430689269662683 off 0.41571132478751033 __DUMMY__ 0.041219748246221245	false	1.0
stinktier	neg 1.0		neg 0.5271185099395038 off 0.43240732934832404 __DUMMY__ 0.04047416071217211	false	1.0
tucke	off 1.0		neg 0.5256841891736254 off 0.4341739442340232 __DUMMY__ 0.040141866592351375	false	0.5
ein			neg 0.5331550709533366 off 0.42569185439558627 __DUMMY__ 0.041153074651077017	false	0.0
abstieg	neg 1.0		neg 0.5392995119895809 off 0.41945213289648314 __DUMMY__ 0.04124835511393594	false	1.0
missverstehen	neg 1.0		neg 0.5346287509986807 off 0.42461125016702395 __DUMMY__ 0.040759998834295395	false	1.0
ergebnislos	neg 1.0		neg 0.5413234766425731 off 0.4176167815823038 __DUMMY__ 0.04105974177512295	false	1.0
unter			neg 0.5446756790856141 off 0.41360925968958906 __DUMMY__ 0.04171506122479691	false	0.0
manipulieren	neg 1.0		neg 0.5419133704536273 off 0.41702247485268484 __DUMMY__ 0.04106415469368785	false	1.0
unbewiesen	neg 1.0		neg 0.5417063650549588 off 0.41788375259979077 __DUMMY__ 0.04040988234525037	false	1.0
verschleppen	neg 1.0		neg 0.5402278805949446 off 0.41881512204650123 __DUMMY__ 0.040956997358553945	false	1.0
weib	off 1.0		neg 0.5238027377895585 off 0.4357846903258844 __DUMMY__ 0.04041257188455699	false	0.5
opposition	neg 1.0		neg 0.536372770843467 off 0.4229169517659422 __DUMMY__ 0.040710277390590764	false	1.0
verkehrswidrig	neg 1.0	neg 1.0	neg 0.7470638769172138 off 0.2331975988330042 __DUMMY__ 0.019738524249781987	false	1.0
inkorrekt	neg 1.0		neg 0.5319569599497354 off 0.42764969828901606 __DUMMY__ 0.04039334176124853	false	1.0
vermeiden	neg 1.0		neg 0.5445216184346677 off 0.41405622028532235 __DUMMY__ 0.041422161280010014	false	1.0
abweichung	neg 1.0	neg 1.0	neg 0.757606278341173 off 0.22280233405852373 __DUMMY__ 0.019591387600303364	false	1.0
alkoholisiert	neg 1.0		neg 0.5351052006214012 off 0.4231805402133975 __DUMMY__ 0.04171425916520128	false	1.0
scheiss	off 1.0	off 1.0	off 0.698801142110316 neg 0.28174416921184775 __DUMMY__ 0.019454688677836375	false	1.0
herausforderung	neg 1.0	neg 1.0	neg 0.7554288670618546 off 0.22469540246629338 __DUMMY__ 0.019875730471851892	false	1.0
pervers	off 1.0		neg 0.5200439309995359 off 0.43959864281771094 __DUMMY__ 0.040357426182753044	false	0.5
wackelig	neg 1.0		neg 0.5348134120423552 off 0.4237619111135907 __DUMMY__ 0.04142467684405407	false	1.0
verwickeln	neg 1.0		neg 0.5343837457623698 off 0.4248176712796526 __DUMMY__ 0.040798582957977655	false	1.0
vorwand	neg 1.0		neg 0.5428842547669828 off 0.41604161813391527 __DUMMY__ 0.04107412709910184	false	1.0
muschi	off 1.0		neg 0.5385343553772353 off 0.4205136578724649 __DUMMY__ 0.040951986750299964	false	0.5
entmutigung	neg 1.0		neg 0.5378905958309559 off 0.4214932168550913 __DUMMY__ 0.04061618731395278	false	1.0
unangemessen	neg 1.0		neg 0.5398012313077629 off 0.41933262062543547 __DUMMY__ 0.04086614806680159	false	1.0
unstetig	neg 1.0		neg 0.5355521704409568 off 0.42354781366748795 __DUMMY__ 0.040900015891555175	false	1.0
entmutigen	neg 1.0		neg 0.5338219070608893 off 0.42516960626785666 __DUMMY__ 0.041008486671254125	false	1.0
schwanz	neg 1.0		neg 0.5415212037741512 off 0.41741254684130374 __DUMMY__ 0.04106624938454501	false	1.0
verbot	neg 1.0		neg 0.5423698009256548 off 0.4168944700722097 __DUMMY__ 0.040735729002135394	false	1.0
leid	neg 1.0		neg 0.52427516946871 off 0.43505441581276094 __DUMMY__ 0.04067041471852915	false	1.0
archaisch	neg 1.0		neg 0.5383233487152721 off 0.42065002147438935 __DUMMY__ 0.04102662981033855	false	1.0
gegen			neg 0.5422451426868379 off 0.41651544837213117 __DUMMY__ 0.04123940894103099	false	0.0
scheidung	neg 1.0		neg 0.51551917891575 off 0.44411074587628496 __DUMMY__ 0.04037007520796491	false	1.0
einschlag	neg 1.0	neg 1.0	neg 0.7501529082811763 off 0.23038535799271614 __DUMMY__ 0.019461733726107534	false	1.0
m			neg 0.5373591750479766 off 0.42148491020938267 __DUMMY__ 0.04115591474264065	false	0.0
abgestanden	neg 1.0		neg 0.5353063634882568 off 0.4237444981005892 __DUMMY__ 0.040949138411154065	false	1.0
schmierig	off 1.0		neg 0.524785015989662 off 0.43452464374776245 __DUMMY__ 0.04069034026257554	false	0.5
unpraktisch	neg 1.0		neg 0.5327221815701298 off 0.42611946907470405 __DUMMY__ 0.041158349355166234	false	1.0
wixxer	off 1.0		neg 0.521152366799379 off 0.43857027314426755 __DUMMY__ 0.04027736005635328	false	0.5
bezeichnet			neg 0.5374367030597494 off 0.4216619080295979 __DUMMY__ 0.040901388910652654	false	0.0
jammerlappen	off 1.0		neg 0.5309904993675603 off 0.4282123773345797 __DUMMY__ 0.040797123297860026	false	0.5
farce	neg 1.0		neg 0.5417433455619207 off 0.4175719037105119 __DUMMY__ 0.040684750727567394	false	1.0
zwecklos	neg 1.0		neg 0.5391493362384064 off 0.4199151616547131 __DUMMY__ 0.04093550210688035	false	1.0
turbulent	neg 1.0		neg 0.5318124729524379 off 0.42753913552588746 __DUMMY__ 0.04064839152167457	false	1.0
invasion	neg 1.0		neg 0.5327416949845298 off 0.4262836663091867 __DUMMY__ 0.04097463870628354	false	1.0
schuld	neg 1.0		neg 0.5350462777644788 off 0.42400180922137853 __DUMMY__ 0.040951913014142693	false	1.0
risiko	neg 1.0		neg 0.5345404526579961 off 0.4243643041002341 __DUMMY__ 0.04109524324176982	false	1.0
finster	neg 1.0		neg 0.5335208998112679 off 0.42540235732519954 __DUMMY__ 0.041076742863532474	false	1.0
geisteskrank	off 1.0		neg 0.5305305599988862 off 0.42885866965259045 __DUMMY__ 0.04061077034852327	false	0.5
zusammenbrechen	neg 1.0		neg 0.5363395192797372 off 0.42251666938882565 __DUMMY__ 0.04114381133143706	false	1.0
ausbeute	neg 1.0		neg 0.5373929576114213 off 0.42114745530065084 __DUMMY__ 0.04145958708792801	false	1.0
hinterhalt	neg 1.0		neg 0.5367547692702316 off 0.4220767665787713 __DUMMY__ 0.041168464150996995	false	1.0
kritik	neg 1.0		neg 0.5416019045681505 off 0.41767526740051997 __DUMMY__ 0.040722828031329324	false	1.0
einschrumpfen	neg 1.0		neg 0.5362898495978992 off 0.423168935784555 __DUMMY__ 0.040541214617545875	false	1.0
riskant	neg 1.0		neg 0.5410215484337919 off 0.41799498920515316 __DUMMY__ 0.04098346236105494	false	1.0
frustrieren	neg 1.0		neg 0.539844941592597 off 0.4190844102107753 __DUMMY__ 0.04107064819662761	false	1.0
groll	neg 1.0		neg 0.5384519432126876 off 0.42050119216107423 __DUMMY__ 0.04104686462623806	false	1.0
gibt			neg 0.5376513635005192 off 0.42128708240766366 __DUMMY__ 0.041061554091817075	false	0.0
qualvoll	neg 1.0		neg 0.5306060689165294 off 0.42834594358996236 __DUMMY__ 0.04104798749350817	false	1.0
wackeln	neg 1.0	neg 1.0	neg 0.7534284436665867 off 0.22690137895030005 __DUMMY__ 0.01967017738311332	false	1.0
klagen	neg 1.0		neg 0.5442153860355838 off 0.41466157282893096 __DUMMY__ 0.04112304113548518	false	1.0
bankrott	neg 1.0		neg 0.5313026905986039 off 0.4277900430027253 __DUMMY__ 0.04090726639867084	false	1.0
trauern	neg 1.0		neg 0.5382332044463376 off 0.42051029055494965 __DUMMY__ 0.041256504998712765	false	1.0
ablehnung	neg 1.0		neg 0.5417538901838538 off 0.4175424957320274 __DUMMY__ 0.04070361408411892	false	1.0
stur	neg 1.0		neg 0.5347618026493611 off 0.42434235284005706 __DUMMY__ 0.04089584451058181	false	1.0
aufruhr	neg 1.0		neg 0.5379935212049227 off 0.4210717942002679 __DUMMY__ 0.04093468459480933	false	1.0
melancholie	neg 1.0		neg 0.536923621832209 off 0.42185982944613437 __DUMMY__ 0.04121654872165666	false	1.0
ist			neg 0.5335524050853088 off 0.4254720309925015 __DUMMY__ 0.04097556392218953	false	0.0
torheit	neg 1.0		neg 0.537209065753099 off 0.4220289480493298 __DUMMY__ 0.040761986197571126	false	1.0
dreckskind	off 1.0		neg 0.5258993853935804 off 0.43368902158232375 __DUMMY__ 0.040411593024095714	false	0.5
umtauschen	neg 1.0		neg 0.5353810478691833 off 0.4235299351958021 __DUMMY__ 0.041089016935014634	false	1.0
zum			neg 0.5401883576823782 off 0.41798076068850565 __DUMMY__ 0.04183088162911616	false	0.0
zersetzen	neg 1.0		neg 0.5432408581020197 off 0.41581544653635333 __DUMMY__ 0.04094369536162701	false	1.0
zur			neg 0.545323936857574 off 0.41325222998364114 __DUMMY__ 0.04142383315878481	false	0.0
frust	neg 1.0		neg 0.5365319468015981 off 0.4223197004989049 __DUMMY__ 0.041148352699496904	false	1.0
unerbittlichkeit	neg 1.0		neg 0.5424964180849944 off 0.416502174735917 __DUMMY__ 0.041001407179088636	false	1.0
zwei			neg 0.539063551424439 off 0.4192806520552602 __DUMMY__ 0.04165579652030089	false	0.0
unkorrekt	neg 1.0		neg 0.5304586169815372 off 0.4290819248098955 __DUMMY__ 0.040459458208567396	false	1.0
hexe	off 1.0		neg 0.5298186859655485 off 0.429367839808226 __DUMMY__ 0.040813474226225416	false	0.5
lasch	neg 1.0		neg 0.5336075458299254 off 0.4256891141574972 __DUMMY__ 0.04070334001257741	false	1.0
rivale	neg 1.0		neg 0.5267476513516204 off 0.43240283768011123 __DUMMY__ 0.040849510968268415	false	1.0
mutlos	off 1.0	off 1.0	off 0.6919284040243121 neg 0.28859971729487977 __DUMMY__ 0.019471878680808116	false	1.0
wirr	off 1.0		neg 0.5297167654696001 off 0.4297916471924729 __DUMMY__ 0.04049158733792682	false	0.5
jahr			neg 0.5369568532416056 off 0.4214220149922422 __DUMMY__ 0.04162113176615214	false	0.0
wird			neg 0.5384387225552327 off 0.42040016679585124 __DUMMY__ 0.04116111064891597	false	0.0
strafbar	neg 1.0		neg 0.5415135888693589 off 0.41756284002350136 __DUMMY__ 0.04092357110713987	false	1.0
erosion	neg 1.0		neg 0.5340921884958476 off 0.4248139372812115 __DUMMY__ 0.04109387422294086	false	1.0
eingehen	neg 1.0		neg 0.5402663669362989 off 0.4188135981313077 __DUMMY__ 0.04092003493239353	false	1.0
faul	off 1.0		neg 0.5304011753765763 off 0.42864829287832057 __DUMMY__ 0.040950531745103075	false	0.5
provisorium	neg 1.0		neg 0.5468310111399585 off 0.41163429509185295 __DUMMY__ 0.04153469376818852	false	1.0
schmerzen	neg 1.0		neg 0.5352049143277263 off 0.4237397873781911 __DUMMY__ 0.041055298294082575	false	1.0
schrumpfen	neg 1.0		neg 0.5466450448357586 off 0.41212356902089625 __DUMMY__ 0.04123138614334527	false	1.0
geistlos	off 1.0		neg 0.5373982655286493 off 0.422115382014229 __DUMMY__ 0.04048635245712167	false	0.5
fehlkauf	neg 1.0		neg 0.535155572675788 off 0.42401286448405145 __DUMMY__ 0.04083156284016056	false	1.0
frustrierend	neg 1.0		neg 0.5301187624882934 off 0.42886656596252504 __DUMMY__ 0.041014671549181474	false	1.0
unzufrieden	neg 1.0		neg 0.5391869339773356 off 0.4198613184989715 __DUMMY__ 0.040951747523692836	false	1.0
verzweifeln	neg 1.0		neg 0.5358597827585954 off 0.4230824116171601 __DUMMY__ 0.041057805624244666	false	1.0
verzweifelt	neg 1.0		neg 0.5346415933380787 off 0.42445985306276107 __DUMMY__ 0.0408985535991604	false	1.0
misstrauensantrag	neg 1.0		neg 0.5350254154297908 off 0.42421541728296297 __DUMMY__ 0.04075916728724629	false	1.0
abfallen	neg 1.0		neg 0.5318995040223627 off 0.42689691636297766 __DUMMY__ 0.04120357961465968	false	1.0
fucker	off 1.0		neg 0.5297190553800657 off 0.429638280607201 __DUMMY__ 0.04064266401273318	false	0.5
ungezogen	neg 1.0		neg 0.5204972850508043 off 0.43896647143141154 __DUMMY__ 0.04053624351778401	false	1.0
irrsinnig	neg 1.0	neg 1.0	neg 0.7549723044990327 off 0.22555404687794584 __DUMMY__ 0.019473648623021325	false	1.0
unfassbar	neg 1.0		neg 0.5297665269019193 off 0.42941903129468806 __DUMMY__ 0.04081444180339261	false	1.0
hart	neg 1.0		neg 0.5336255128933294 off 0.4256402668169081 __DUMMY__ 0.04073422028976254	false	1.0
widerlich	off 1.0		neg 0.5305364383340616 off 0.4288480756068321 __DUMMY__ 0.04061548605910636	false	0.5
fatal	neg 1.0		neg 0.5345827016721822 off 0.42456695618931745 __DUMMY__ 0.04085034213850029	false	1.0
bruch	neg 1.0		neg 0.544629042807626 off 0.41431787305006507 __DUMMY__ 0.041053084142308995	false	1.0
aushungern	neg 1.0		neg 0.5400567959927292 off 0.41918962919358116 __DUMMY__ 0.04075357481368952	false	1.0
anspannung	neg 1.0	neg 1.0	neg 0.7578075702473447 off 0.22224505517771997 __DUMMY__ 0.01994737457493537	false	1.0
von			neg 0.5388342021299815 off 0.41963605995276304 __DUMMY__ 0.04152973791725541	false	0.0
kraftlos	neg 1.0		neg 0.5358234071623647 off 0.42289812106236574 __DUMMY__ 0.041278471775269596	false	1.0
vom			neg 0.5432357531369664 off 0.4149627160228649 __DUMMY__ 0.04180153084016863	false	0.0
grenzdebil	off 1.0		neg 0.5286092378806277 off 0.4305959429653872 __DUMMY__ 0.040794819153984974	false	0.5
vor			neg 0.5410233825113604 off 0.4177193443205404 __DUMMY__ 0.041257273168099205	false	0.0
unterwerfen	neg 1.0		neg 0.5400455256081726 off 0.4188685299857785 __DUMMY__ 0.04108594440604891	false	1.0
versenkung	neg 1.0		neg 0.5407132044520063 off 0.4182241784891124 __DUMMY__ 0.0410626170588813	false	1.0
entziehen	neg 1.0		neg 0.5432598940601232 off 0.41561048115536026 __DUMMY__ 0.041129624784516566	false	1.0
finanzkrise	neg 1.0		neg 0.5411410770658213 off 0.4182384263389506 __DUMMY__ 0.04062049659522816	false	1.0
schimpfend	neg 1.0		neg 0.5314467800096562 off 0.4272787778510053 __DUMMY__ 0.04127444213933855	false	1.0
profan	neg 1.0		neg 0.5328527127377928 off 0.4262607316144897 __DUMMY__ 0.040886555647717475	false	1.0
korruption	neg 1.0	neg 1.0	neg 0.7587932615868991 off 0.2218129176733299 __DUMMY__ 0.019393820739771115	false	1.0
â			neg 0.5390727855364935 off 0.41980023049326604 __DUMMY__ 0.0411269839702404	false	0.0
schmutzig	neg 1.0		neg 0.5288748442580216 off 0.43027782104531626 __DUMMY__ 0.04084733469666212	false	1.0
sexy	neg 1.0		neg 0.5321510956195201 off 0.42696359101690523 __DUMMY__ 0.040885313363574635	false	1.0
abraten	neg 1.0		neg 0.5337846082029909 off 0.42528644396587795 __DUMMY__ 0.04092894783113107	false	1.0
schwarz	neg 1.0		neg 0.5350764167611514 off 0.42404651842366164 __DUMMY__ 0.04087706481518685	false	1.0
fotze	off 1.0		neg 0.5411071343132071 off 0.4179134583239846 __DUMMY__ 0.04097940736280836	false	0.5
verwirren	neg 1.0		neg 0.5324243614056656 off 0.42667088017299637 __DUMMY__ 0.04090475842133798	false	1.0
zahnlos	off 1.0		neg 0.5395963927064912 off 0.41949444774188094 __DUMMY__ 0.04090915955162779	false	0.5
verheeren	neg 1.0		neg 0.5200117332002725 off 0.4395041417918005 __DUMMY__ 0.0404841250079271	false	1.0
hippie	neg 1.0		neg 0.5332681129414242 off 0.4258886207841726 __DUMMY__ 0.04084326627440331	false	1.0
rammen	neg 1.0		neg 0.5365282984869865 off 0.4226618744838777 __DUMMY__ 0.04080982702913576	false	1.0
unlauter	neg 1.0		neg 0.5394388644653183 off 0.41999614779108396 __DUMMY__ 0.04056498774359773	false	1.0
unheilvoll	neg 1.0		neg 0.5312586566937098 off 0.4276175439774959 __DUMMY__ 0.04112379932879427	false	1.0
niedrig	neg 1.0		neg 0.541548740048134 off 0.4174005329075941 __DUMMY__ 0.04105072704427181	false	1.0
explosion	neg 1.0		neg 0.5340810768537997 off 0.42509043494586696 __DUMMY__ 0.040828488200333385	false	1.0
weichei	off 1.0		neg 0.5250036820600714 off 0.43451329499930486 __DUMMY__ 0.040483022940623656	false	0.5
minusmensch	off 1.0		neg 0.5250667686519115 off 0.43492076531384183 __DUMMY__ 0.04001246603424667	false	0.5
farblos	neg 1.0		neg 0.5339553705124044 off 0.4247144106708047 __DUMMY__ 0.041330218816791	false	1.0
unwissend	neg 1.0	neg 1.0	neg 0.752376914021088 off 0.22820405372495223 __DUMMY__ 0.019419032253959773	false	1.0
traurig	neg 1.0		neg 0.5259246000643092 off 0.43327458687879405 __DUMMY__ 0.04080081305689669	false	1.0
senkung	neg 1.0		neg 0.5353414582665619 off 0.42399792322865093 __DUMMY__ 0.04066061850478733	false	1.0
ungleich	neg 1.0	neg 1.0	neg 0.7587711939063675 off 0.22174774202000555 __DUMMY__ 0.019481064073626934	false	1.0
heikel	neg 1.0		neg 0.5424714237040108 off 0.41653539652843574 __DUMMY__ 0.040993179767553574	false	1.0
drosselung	neg 1.0		neg 0.5293764892782187 off 0.4298327723839261 __DUMMY__ 0.040790738337855174	false	1.0
falsch	neg 1.0		neg 0.5311862857429408 off 0.42794119723748636 __DUMMY__ 0.04087251701957292	false	1.0
unzufriedenheit	neg 1.0		neg 0.5426140423843233 off 0.4163226584864164 __DUMMY__ 0.04106329912926035	false	1.0
kurz	neg 1.0		neg 0.5348237562299842 off 0.4238684970428313 __DUMMY__ 0.04130774672718448	false	1.0
unsinnig	neg 1.0		neg 0.5396856444167938 off 0.419487092872565 __DUMMY__ 0.04082726271064123	false	1.0
penner	off 1.0	off 1.0	off 0.7027272909480664 neg 0.27800931925421596 __DUMMY__ 0.0192633897977177	false	1.0
seicht	neg 1.0		neg 0.5232996682187911 off 0.4364243113278124 __DUMMY__ 0.04027602045339638	false	1.0
dummheit	off 1.0	off 1.0	off 0.6960601683694924 neg 0.2845456495672921 __DUMMY__ 0.019394182063215564	false	1.0
unerfreulich	neg 1.0		neg 0.5420328830088603 off 0.4168049671054418 __DUMMY__ 0.04116214988569787	false	1.0
motherfucker	off 1.0	off 1.0	off 0.6984252422402557 neg 0.2822589697849952 __DUMMY__ 0.019315787974749213	false	1.0
pikiert	neg 1.0		neg 0.5320497319611939 off 0.42733775933428386 __DUMMY__ 0.04061250870452219	false	1.0
wrack	neg 1.0		neg 0.5373190529670243 off 0.42129551851358416 __DUMMY__ 0.04138542851939158	false	1.0
gangster	neg 1.0		neg 0.5331972236605341 off 0.4259036204047867 __DUMMY__ 0.04089915593467912	false	1.0
krank	neg 1.0		neg 0.5269157277196931 off 0.432153941632163 __DUMMY__ 0.04093033064814389	false	1.0
reich	neg 1.0		neg 0.5326815035656395 off 0.42660404926588186 __DUMMY__ 0.04071444716847863	false	1.0
gnadenlos	neg 1.0		neg 0.5347680778665787 off 0.4242516763445841 __DUMMY__ 0.04098024578883727	false	1.0
niedergeschlagen	neg 1.0		neg 0.5358994297142987 off 0.4229318389603698 __DUMMY__ 0.04116873132533164	false	1.0
terrorisieren	off 1.0	off 1.0	off 0.6930626617466513 neg 0.2873667461186252 __DUMMY__ 0.019570592134723393	false	1.0
sinnlosigkeit	neg 1.0		neg 0.5384700021022034 off 0.42053038935232023 __DUMMY__ 0.040999608545476254	false	1.0
behindern	neg 1.0		neg 0.537756679933177 off 0.4213338059614736 __DUMMY__ 0.04090951410534939	false	1.0
undemokratisch	neg 1.0		neg 0.5385533243149714 off 0.42081624752646335 __DUMMY__ 0.04063042815856523	false	1.0
wirtschaftskrise	neg 1.0		neg 0.5421037373237602 off 0.41706411626085826 __DUMMY__ 0.040832146415381666	false	1.0
neid	neg 1.0		neg 0.5275534359067607 off 0.4312941906653652 __DUMMY__ 0.0411523734278741	false	1.0
rutschen	neg 1.0	neg 1.0	neg 0.7567299622945607 off 0.22335333162557836 __DUMMY__ 0.019916706079860985	false	1.0
rezession	neg 1.0		neg 0.5301570645807946 off 0.4295537985539187 __DUMMY__ 0.04028913686528681	false	1.0
fehlgeburt	neg 1.0		neg 0.5323949038228851 off 0.42654917678323573 __DUMMY__ 0.0410559193938791	false	1.0
charakterschwach	off 1.0		neg 0.5301445357945248 off 0.42915002298836613 __DUMMY__ 0.04070544121710906	false	0.5
isolation	neg 1.0		neg 0.5302928222070257 off 0.42870645311292704 __DUMMY__ 0.04100072468004722	false	1.0
ablenkung	neg 1.0		neg 0.534797872866227 off 0.4241519426165074 __DUMMY__ 0.04105018451726563	false	1.0
pech	neg 1.0		neg 0.53059558898798 off 0.42843625777707356 __DUMMY__ 0.04096815323494641	false	1.0
vermeidung	neg 1.0		neg 0.5305400448408216 off 0.42882726419562467 __DUMMY__ 0.040632690963553555	false	1.0
dominieren	neg 1.0		neg 0.5371099405746486 off 0.4215567541812453 __DUMMY__ 0.04133330524410616	false	1.0
schwindlig	neg 1.0		neg 0.5304245324657751 off 0.42839731583244095 __DUMMY__ 0.04117815170178397	false	1.0
lutscher	neg 1.0	neg 1.0	neg 0.74781512762007 off 0.23300377863200747 __DUMMY__ 0.019181093747922557	false	1.0
pflicht	neg 1.0		neg 0.542002287054231 off 0.4169334988518545 __DUMMY__ 0.04106421409391463	false	1.0
faschist	off 1.0		neg 0.5358626103262059 off 0.42353677838289305 __DUMMY__ 0.040600611290901006	false	0.5
verschleudern	neg 1.0		neg 0.5445421921183138 off 0.4147739172997611 __DUMMY__ 0.04068389058192514	false	1.0
wenn			neg 0.5307668417199704 off 0.42834817482001414 __DUMMY__ 0.04088498346001553	false	0.0
ehebruch	neg 1.0		neg 0.5408240449650419 off 0.4182372184794949 __DUMMY__ 0.0409387365554632	false	1.0
spott	off 1.0		neg 0.5420224855834789 off 0.4170856736243872 __DUMMY__ 0.04089184079213395	false	0.5
trostlosigkeit	neg 1.0		neg 0.5430082880062111 off 0.415870158167779 __DUMMY__ 0.04112155382600985	false	1.0
lutschen	neg 1.0		neg 0.535278828132254 off 0.4240132148787684 __DUMMY__ 0.040707956988977424	false	1.0
undiszipliniert	neg 1.0		neg 0.5273099406845261 off 0.43191000475146946 __DUMMY__ 0.040780054564004596	false	1.0
kopfschmerz	neg 1.0		neg 0.5357056397090014 off 0.4231026658746516 __DUMMY__ 0.04119169441634684	false	1.0
unvorhergesehen	neg 1.0		neg 0.5360333684318765 off 0.42249424743190495 __DUMMY__ 0.04147238413621855	false	1.0
desinteressiert	neg 1.0		neg 0.5285172891372364 off 0.4308026149818215 __DUMMY__ 0.04068009588094218	false	1.0
armselig	off 1.0		neg 0.5289949242144604 off 0.43050069955566267 __DUMMY__ 0.04050437622987698	false	0.5
desaster	neg 1.0		neg 0.5453254072060744 off 0.41361640578255626 __DUMMY__ 0.04105818701136941	false	1.0
tod	neg 1.0		neg 0.5389782768111016 off 0.4198944688524745 __DUMMY__ 0.04112725433642402	false	1.0
herzlos	neg 1.0		neg 0.5271139540693878 off 0.432264648083503 __DUMMY__ 0.04062139784710928	false	1.0
unwissenheit	neg 1.0		neg 0.5407068339798974 off 0.4184803814259089 __DUMMY__ 0.0408127845941937	false	1.0
widersinnig	neg 1.0	neg 1.0	neg 0.7582913902666594 off 0.22234331652480796 __DUMMY__ 0.01936529320853264	false	1.0
bedenklich	neg 1.0		neg 0.5409397766437833 off 0.41810795484704477 __DUMMY__ 0.040952268509171885	false	1.0
beanstanden	neg 1.0		neg 0.5425973098134264 off 0.41631269237058305 __DUMMY__ 0.04108999781599071	false	1.0
panisch	neg 1.0	neg 1.0	neg 0.7515171703811244 off 0.22877828791504148 __DUMMY__ 0.019704541703834136	false	1.0
debil	off 1.0		neg 0.5471644067977492 off 0.4115430767205763 __DUMMY__ 0.04129251648167455	false	0.5
abstrich	neg 1.0		neg 0.5399792595072528 off 0.41905376519902254 __DUMMY__ 0.04096697529372464	false	1.0
primitiv	neg 1.0		neg 0.5299761329940054 off 0.4294077662045415 __DUMMY__ 0.04061610080145303	false	1.0
abschaum	off 1.0	off 1.0	off 0.697575865563846 neg 0.28303465522892374 __DUMMY__ 0.019389479207230203	false	1.0
provozieren	neg 1.0		neg 0.5360074399492808 off 0.42311348637999896 __DUMMY__ 0.0408790736707203	false	1.0
tot	neg 1.0		neg 0.5397643575119881 off 0.41913344719614176 __DUMMY__ 0.04110219529187013	false	1.0
instabil	neg 1.0		neg 0.5318784045979207 off 0.4276703254713411 __DUMMY__ 0.04045126993073831	false	1.0
schwuchtel	off 1.0		neg 0.5186510202691277 off 0.4413005325007384 __DUMMY__ 0.0400484472301339	false	0.5
zerren	neg 1.0		neg 0.5356070582585555 off 0.4232038674272447 __DUMMY__ 0.041189074314199714	false	1.0
kinderficker	off 1.0		neg 0.5268255522622868 off 0.4327804657300128 __DUMMY__ 0.04039398200770057	false	0.5
gefahr	neg 1.0		neg 0.5424542612143222 off 0.4164729871113903 __DUMMY__ 0.04107275167428753	false	1.0
rabiat	neg 1.0		neg 0.536969630049288 off 0.4221590715147828 __DUMMY__ 0.040871298435929154	false	1.0
verlangsamung	neg 1.0		neg 0.525158073873559 off 0.4345086249929155 __DUMMY__ 0.04033330113352544	false	1.0
ausgestorben	neg 1.0		neg 0.535276498152086 off 0.4235979622903784 __DUMMY__ 0.04112553955753569	false	1.0
anklagen	neg 1.0		neg 0.5398004593193578 off 0.41934950207951455 __DUMMY__ 0.04085003860112761	false	1.0
trott	neg 1.0		neg 0.5360334909183477 off 0.4229080933784275 __DUMMY__ 0.04105841570322488	false	1.0
verminderung	neg 1.0		neg 0.5288833073498004 off 0.43042938574142237 __DUMMY__ 0.040687306908777296	false	1.0
nach			neg 0.5405998399891179 off 0.41765619356550737 __DUMMY__ 0.0417439664453746	false	0.0
rost	neg 1.0		neg 0.5249773297262342 off 0.43451062545895525 __DUMMY__ 0.04051204481481067	false	1.0
destruktiv	neg 1.0		neg 0.5387176253595594 off 0.4205231688865695 __DUMMY__ 0.04075920575387125	false	1.0
unzumutbarkeit	neg 1.0		neg 0.5301854931964193 off 0.42890990646946653 __DUMMY__ 0.040904600334114236	false	1.0
labil	off 1.0	off 1.0	off 0.6974508104469593 neg 0.28316240624423233 __DUMMY__ 0.019386783308808313	false	1.0
ziemlich	neg 1.0		neg 0.5281974837632506 off 0.43088695191918286 __DUMMY__ 0.040915564317566606	false	1.0
lachnummer	off 1.0		neg 0.5370109790190036 off 0.42208219106649 __DUMMY__ 0.04090682991450647	false	0.5
oder			neg 0.5337535612217228 off 0.42509430142291127 __DUMMY__ 0.04115213735536585	false	0.0
verfall	neg 1.0		neg 0.5476155547037772 off 0.41124585939950625 __DUMMY__ 0.041138585896716595	false	1.0
ausgrenzung	neg 1.0		neg 0.5383309207787437 off 0.4211112240249951 __DUMMY__ 0.04055785519626114	false	1.0
unordnung	neg 1.0		neg 0.5297696316411306 off 0.42938475016429095 __DUMMY__ 0.040845618194578555	false	1.0
fehlverhalten	neg 1.0		neg 0.5426593314105518 off 0.41637871701576384 __DUMMY__ 0.04096195157368441	false	1.0
eine			neg 0.5412232145432145 off 0.4175952744810069 __DUMMY__ 0.04118151097577862	false	0.0
nille	neg 1.0		neg 0.5377227709046617 off 0.42130108988270587 __DUMMY__ 0.040976139212632524	false	1.0
qual	neg 1.0		neg 0.5366358233730486 off 0.4223382596978756 __DUMMY__ 0.0410259169290758	false	1.0
verschwenden	neg 1.0		neg 0.5400698547544229 off 0.4189592598656845 __DUMMY__ 0.04097088537989246	false	1.0
riesig	neg 1.0	neg 1.0	neg 0.7565575397928046 off 0.22379247720855386 __DUMMY__ 0.019649982998641517	false	1.0
verurteilen	neg 1.0		neg 0.5401886329459556 off 0.4189398598639961 __DUMMY__ 0.04087150719004835	false	1.0
klischee	neg 1.0	neg 1.0	neg 0.7540145830411472 off 0.22660645364156234 __DUMMY__ 0.019378963317290464	false	1.0
diktatorisch	neg 1.0		neg 0.53923696797277 off 0.4202720849032976 __DUMMY__ 0.04049094712393233	false	1.0
vorhersehbar	neg 1.0	neg 1.0	neg 0.7540728671595974 off 0.22650281324310148 __DUMMY__ 0.019424319597301044	false	1.0
sowie			neg 0.5266162098206266 off 0.4329607856096965 __DUMMY__ 0.040423004569676804	false	0.0
stornieren	neg 1.0		neg 0.5309926274539105 off 0.4276298952693081 __DUMMY__ 0.04137747727678134	false	1.0
besteuerung	neg 1.0		neg 0.5384648392533599 off 0.42089436091574756 __DUMMY__ 0.040640799830892686	false	1.0
ungeschminkt	neg 1.0		neg 0.530600029904068 off 0.4287586967099617 __DUMMY__ 0.04064127338597042	false	1.0
kritisch	neg 1.0		neg 0.5408511241940142 off 0.4181578220770042 __DUMMY__ 0.040991053728981486	false	1.0
schlamperei	off 1.0		neg 0.5434912709897705 off 0.41562892443479843 __DUMMY__ 0.04087980457543116	false	0.5
sucht	neg 1.0	neg 1.0	neg 0.7550707863865561 off 0.22536774115037161 __DUMMY__ 0.019561472463072247	false	1.0
egoistisch	off 1.0		neg 0.5239271078414361 off 0.43546632275798464 __DUMMY__ 0.04060656940057925	false	0.5
ausbeuter	off 1.0		neg 0.5440656018522538 off 0.4150951587941118 __DUMMY__ 0.040839239353634295	false	0.5
arschgeburt	off 1.0		neg 0.5189620292801448 off 0.44103401450463214 __DUMMY__ 0.04000395621522293	false	0.5
schubs	neg 1.0	neg 1.0	neg 0.7552089731442604 off 0.22509629876349516 __DUMMY__ 0.01969472809224452	false	1.0
unsolide	neg 1.0		neg 0.5406013693462564 off 0.4191234444441759 __DUMMY__ 0.040275186209567854	false	1.0
beschwerde	neg 1.0		neg 0.5435470366648155 off 0.4156065812516672 __DUMMY__ 0.040846382083517326	false	1.0
stocken	neg 1.0		neg 0.5417122177847661 off 0.41733720676069014 __DUMMY__ 0.040950575454543815	false	1.0
isolieren	neg 1.0		neg 0.5405099389387734 off 0.4185813750914217 __DUMMY__ 0.04090868596980487	false	1.0
unheilbar	neg 1.0		neg 0.5342199527424455 off 0.4246905656454652 __DUMMY__ 0.041089481612089494	false	1.0
pisser	off 1.0		neg 0.5298190217639069 off 0.4295780872600122 __DUMMY__ 0.04060289097608092	false	0.5
löschen	neg 1.0		neg 0.5362281889193623 off 0.42279309698086637 __DUMMY__ 0.04097871409977125	false	1.0
durchfallen	neg 1.0		neg 0.5401894810205718 off 0.4189398230365562 __DUMMY__ 0.040870695942871925	false	1.0
wichser	off 1.0		neg 0.5194070284134858 off 0.4401829075671505 __DUMMY__ 0.04041006401936377	false	0.5
terror	neg 1.0		neg 0.5321883700727518 off 0.4268262356101699 __DUMMY__ 0.04098539431707835	false	1.0
krass	neg 1.0		neg 0.5265693319837437 off 0.432827264580837 __DUMMY__ 0.040603403435419405	false	1.0
revolte	neg 1.0	neg 1.0	neg 0.7555976021865407 off 0.22504466004122187 __DUMMY__ 0.01935773777223744	false	1.0
besorgt	neg 1.0		neg 0.5355443011331884 off 0.42314625605812484 __DUMMY__ 0.04130944280868685	false	1.0
nachlassen	neg 1.0		neg 0.5403734529419537 off 0.4185130054160629 __DUMMY__ 0.04111354164198342	false	1.0
alt	neg 1.0		neg 0.5390324116744769 off 0.41987274747042885 __DUMMY__ 0.041094840855094135	false	1.0
hundesohn	off 1.0		neg 0.5236865819311475 off 0.43609209483727246 __DUMMY__ 0.04022132323158003	false	0.5
als			neg 0.5362730886926769 off 0.42252532108733126 __DUMMY__ 0.041201590219991806	false	0.0
abschreckung	neg 1.0		neg 0.5437328492227582 off 0.41521189422848287 __DUMMY__ 0.041055256548758995	false	1.0
unqualifiziert	neg 1.0		neg 0.5351556906263273 off 0.42424783184570536 __DUMMY__ 0.04059647752796725	false	1.0
abgewichst	off 1.0		neg 0.5376538580923732 off 0.42128629225201814 __DUMMY__ 0.04105984965560866	false	0.5
schwer	neg 1.0		neg 0.5353395028870144 off 0.42360796964929875 __DUMMY__ 0.04105252746368691	false	1.0
bedeutungslosigkeit	neg 1.0		neg 0.5425822054618902 off 0.41637826262860195 __DUMMY__ 0.04103953190950776	false	1.0
kapitulation	neg 1.0		neg 0.5440646266543666 off 0.4152290600193694 __DUMMY__ 0.040706313326264065	false	1.0
unscharf	neg 1.0		neg 0.5334420824588227 off 0.42567791281119605 __DUMMY__ 0.0408800047299811	false	1.0
schwinden	neg 1.0		neg 0.5422964531411775 off 0.4166223330234147 __DUMMY__ 0.041081213835407845	false	1.0
versklavung	neg 1.0		neg 0.5395715301378878 off 0.4199217337943264 __DUMMY__ 0.040506736067785806	false	1.0
schlecht	neg 1.0		neg 0.528017167352247 off 0.4310590726156935 __DUMMY__ 0.040923760032059595	false	1.0
verhasst	neg 1.0		neg 0.5352155032532409 off 0.4238813192905584 __DUMMY__ 0.04090317745620082	false	1.0
beschweren	neg 1.0		neg 0.5333954648993686 off 0.4256344699985243 __DUMMY__ 0.04097006510210711	false	1.0
scheiden	neg 1.0		neg 0.5302553342533278 off 0.4282494751265644 __DUMMY__ 0.04149519062010784	false	1.0
frustriert	neg 1.0		neg 0.5366466022065552 off 0.422285202715301 __DUMMY__ 0.04106819507814381	false	1.0
schimmelig	neg 1.0		neg 0.5397022458758491 off 0.4191778039078573 __DUMMY__ 0.04111995021629348	false	1.0
fisch	neg 1.0		neg 0.5379539289939839 off 0.4205785312170814 __DUMMY__ 0.041467539788934527	false	1.0
schmuggel	neg 1.0		neg 0.5399903861083254 off 0.41869925572457006 __DUMMY__ 0.041310358167104516	false	1.0
auffallen	neg 1.0		neg 0.532584786461911 off 0.4264601037705391 __DUMMY__ 0.04095510976754985	false	1.0
konkurrenz	neg 1.0	neg 1.0	neg 0.7584701571717161 off 0.22184868267174163 __DUMMY__ 0.01968116015654235	false	1.0
teufelskreis	neg 1.0	neg 1.0	neg 0.7561517112700581 off 0.22435575499860477 __DUMMY__ 0.01949253373133725	false	1.0
aufschreien	neg 1.0		neg 0.5338845751871322 off 0.42527317462145175 __DUMMY__ 0.04084225019141593	false	1.0
schuldner	neg 1.0		neg 0.5422000296102026 off 0.41673720858832114 __DUMMY__ 0.04106276180147609	false	1.0
missgeburt	off 1.0	off 1.0	off 0.7005955283298563 neg 0.28016670305584235 __DUMMY__ 0.019237768614301442	false	1.0
arbeitslos	neg 1.0		neg 0.5396871220613418 off 0.41942272831427396 __DUMMY__ 0.04089014962438434	false	1.0
befallen	neg 1.0		neg 0.5401358792004504 off 0.4190593333776196 __DUMMY__ 0.040804787421929896	false	1.0
miesepetrig	off 1.0	off 1.0	off 0.6993195977036616 neg 0.2811941238373906 __DUMMY__ 0.01948627845894784	false	1.0
alarmieren	neg 1.0		neg 0.534228493740607 off 0.4252166241713774 __DUMMY__ 0.040554882088015665	false	1.0
ungeduscht	off 1.0		neg 0.5305086170751807 off 0.42849680477364194 __DUMMY__ 0.0409945781511773	false	0.5
knappheit	neg 1.0		neg 0.54275142992562 off 0.41643529120897127 __DUMMY__ 0.040813278865408746	false	1.0
schlange	neg 1.0		neg 0.5307280057603695 off 0.4280228646006263 __DUMMY__ 0.04124912963900421	false	1.0
harsch	neg 1.0		neg 0.5240410071540043 off 0.43516157514430903 __DUMMY__ 0.040797417701686677	false	1.0
lang	neg 1.0		neg 0.5355748752037967 off 0.42344103403226535 __DUMMY__ 0.040984090763938	false	1.0
ziellos	neg 1.0		neg 0.536736341336757 off 0.422020223576714 __DUMMY__ 0.04124343508652904	false	1.0
selbstverliebt	neg 1.0		neg 0.5208217925489024 off 0.43902956800231546 __DUMMY__ 0.04014863944878213	false	1.0
beseitigen	neg 1.0	neg 1.0	neg 0.754974020713857 off 0.2253838092193136 __DUMMY__ 0.019642170066829435	false	1.0
dumm	off 1.0		neg 0.5237537568843168 off 0.4357584415907105 __DUMMY__ 0.04048780152497272	false	0.5
arbeitsloser	neg 1.0		neg 0.538944802035969 off 0.4199650011407807 __DUMMY__ 0.041090196823250213	false	1.0
blitzen	neg 1.0		neg 0.5331516196017017 off 0.42601453694042163 __DUMMY__ 0.04083384345787668	false	1.0
hilflos	neg 1.0		neg 0.537078400550902 off 0.42183447665615603 __DUMMY__ 0.04108712279294205	false	1.0
eklig	off 1.0		neg 0.5231007188878916 off 0.4364348639325422 __DUMMY__ 0.040464417179566246	false	0.5
begriff			neg 0.5384695915417853 off 0.42063626075425514 __DUMMY__ 0.04089414770395948	false	0.0
hungersnot	neg 1.0		neg 0.5393629170195523 off 0.4197275878971275 __DUMMY__ 0.04090949508332019	false	1.0
ungesetzlich	neg 1.0		neg 0.5388914027260726 off 0.42068264854559095 __DUMMY__ 0.04042594872833652	false	1.0
verschwendung	neg 1.0		neg 0.5407046309363567 off 0.41821347395393027 __DUMMY__ 0.04108189510971316	false	1.0
schmerzvoll	neg 1.0		neg 0.5332646505780777 off 0.42574614325938076 __DUMMY__ 0.04098920616254147	false	1.0
vorzeitig	neg 1.0		neg 0.5315895754926151 off 0.42741732941265226 __DUMMY__ 0.04099309509473258	false	1.0
unvollkommenheit	neg 1.0		neg 0.5363468406650697 off 0.42236904206833475 __DUMMY__ 0.04128411726659566	false	1.0
intervenieren	neg 1.0		neg 0.5439601313838706 off 0.41522872492258844 __DUMMY__ 0.040811143693540886	false	1.0
banause	off 1.0		neg 0.522351920500293 off 0.4373881695332356 __DUMMY__ 0.0402599099664713	false	0.5
rebell	neg 1.0		neg 0.5448238600191249 off 0.4140508465472527 __DUMMY__ 0.041125293433622416	false	1.0
unlogisch	neg 1.0		neg 0.5272109822336185 off 0.4321360049565699 __DUMMY__ 0.04065301280981162	false	1.0
leiden	neg 1.0		neg 0.5352597760623282 off 0.4230581229935356 __DUMMY__ 0.0416821009441362	false	1.0
abschaffung	neg 1.0		neg 0.5387656432480911 off 0.42058773389861887 __DUMMY__ 0.04064662285329013	false	1.0
sturz	neg 1.0		neg 0.535833728175096 off 0.42314979728057756 __DUMMY__ 0.041016474544326414	false	1.0
verkleinerung	neg 1.0		neg 0.5375574655660934 off 0.4220244557828971 __DUMMY__ 0.040418078651009604	false	1.0
schmarotzer	off 1.0		neg 0.5403497659674636 off 0.41880914904899635 __DUMMY__ 0.04084108498354008	false	0.5
bestrafung	neg 1.0		neg 0.5346053414800817 off 0.42446962867169374 __DUMMY__ 0.04092502984822472	false	1.0
achtlos	neg 1.0		neg 0.5341285803434483 off 0.42469036718706743 __DUMMY__ 0.041181052469484246	false	1.0
ungeheuer	neg 1.0		neg 0.5300494473179597 off 0.42882265477824755 __DUMMY__ 0.041127897903792836	false	1.0
unaufrichtig	neg 1.0		neg 0.5363244776055003 off 0.4230313101785317 __DUMMY__ 0.04064421221596798	false	1.0
groggy	neg 1.0		neg 0.534570555636114 off 0.4246673634655985 __DUMMY__ 0.04076208089828734	false	1.0
