unsolidarisch	neg 1.0		neg 0.3847535280913571 __DUMMY__ 0.319942371150916 off 0.29530410075772684	false	1.0
nachteilig	neg 1.0		neg 0.3838221589709032 __DUMMY__ 0.32347442864909387 off 0.29270341238000286	false	1.0
skeptisch	neg 1.0		neg 0.3833928776129207 __DUMMY__ 0.3242621491654058 off 0.2923449732216737	false	1.0
schrecklich	neg 1.0		neg 0.36818345999526547 __DUMMY__ 0.32201959064514335 off 0.3097969493595913	false	1.0
schlapp	neg 1.0	neg 1.0	neg 0.6752171667334599 off 0.16865751864705997 __DUMMY__ 0.1561253146194801	false	1.0
abfall	neg 1.0		neg 0.38530486259776314 __DUMMY__ 0.325158105821032 off 0.28953703158120486	false	1.0
widerspenstig	neg 1.0		neg 0.376945264774573 __DUMMY__ 0.3241936851795152 off 0.2988610500459118	false	1.0
abrupt	neg 1.0		neg 0.37839129171313135 __DUMMY__ 0.3267643022982833 off 0.29484440598858536	false	1.0
unwirksam	neg 1.0		neg 0.383238382962758 __DUMMY__ 0.3207939459854447 off 0.2959676710517973	false	1.0
angreifen	neg 1.0	neg 1.0	neg 0.6818434317440025 off 0.16176822586866882 __DUMMY__ 0.15638834238732863	false	1.0
inkonsistent	neg 1.0		neg 0.3780611700940628 __DUMMY__ 0.32302127604654296 off 0.2989175538593943	false	1.0
abrutschen	neg 1.0		neg 0.3845928391899458 __DUMMY__ 0.32529940832209736 off 0.29010775248795684	false	1.0
unsicher	neg 1.0		neg 0.37648920916218537 __DUMMY__ 0.32443743778388384 off 0.2990733530539308	false	1.0
bauernkind	off 1.0	off 1.0	off 0.6398798085900927 neg 0.20654582036828978 __DUMMY__ 0.15357437104161742	false	1.0
angreifer	neg 1.0		neg 0.37537711362127096 __DUMMY__ 0.32425378330286914 off 0.30036910307586007	false	1.0
trennen	neg 1.0		neg 0.37637037507675963 __DUMMY__ 0.32765914563643334 off 0.295970479286807	false	1.0
schmutz	neg 1.0		neg 0.37378364281336607 __DUMMY__ 0.32498909123980174 off 0.30122726594683213	false	1.0
inkonsistenz	neg 1.0		neg 0.37704420757588303 __DUMMY__ 0.3210436720872575 off 0.30191212033685944	false	1.0
erschreckend	neg 1.0		neg 0.3793489208672106 __DUMMY__ 0.32363465347034914 off 0.29701642566244035	false	1.0
ertrinken	neg 1.0		neg 0.3793676280807451 __DUMMY__ 0.32546633122739993 off 0.29516604069185504	false	1.0
pickelface	off 1.0		neg 0.38136741426175597 __DUMMY__ 0.32324931548533115 off 0.295383270252913	false	0.5
seiner			neg 0.3805856844953488 __DUMMY__ 0.3255383526428603 off 0.2938759628617909	false	0.0
lauch	neg 1.0		neg 0.3874500540014938 __DUMMY__ 0.3236651741163883 off 0.288884771882118	false	1.0
unwichtig	neg 1.0		neg 0.3740798285530476 __DUMMY__ 0.32224732607291845 off 0.30367284537403405	false	1.0
steuerhinterziehung	neg 1.0		neg 0.38389358560754205 __DUMMY__ 0.32167764251862796 off 0.2944287718738299	false	1.0
schock	neg 1.0		neg 0.375061003534832 __DUMMY__ 0.32598096420947664 off 0.2989580322556913	false	1.0
beule	neg 1.0		neg 0.37154040798344246 __DUMMY__ 0.3233043598391679 off 0.3051552321773896	false	1.0
vergelten	neg 1.0		neg 0.3679468724510709 __DUMMY__ 0.3233681343749241 off 0.3086849931740051	false	1.0
verdorbenheit	neg 1.0		neg 0.37776463156185996 __DUMMY__ 0.324198832286483 off 0.29803653615165693	false	1.0
trauma	neg 1.0		neg 0.37723975810070065 __DUMMY__ 0.3233477284005347 off 0.2994125134987645	false	1.0
sinnlos	neg 1.0		neg 0.37450778340596935 __DUMMY__ 0.3238649859791366 off 0.3016272306148941	false	1.0
fettsack	off 1.0	off 1.0	off 0.6415427330238948 neg 0.20428208506928416 __DUMMY__ 0.15417518190682108	false	1.0
feige	off 1.0	off 1.0	off 0.6379652564897725 neg 0.2073077706299779 __DUMMY__ 0.15472697288024967	false	1.0
abdanken	neg 1.0		neg 0.38165985598242524 __DUMMY__ 0.32227584925733926 off 0.2960642947602356	false	1.0
wichtigtuer	off 1.0	off 1.0	off 0.6363091844263596 neg 0.2082620601458014 __DUMMY__ 0.15542875542783896	false	1.0
misslingen	neg 1.0		neg 0.3716188182150402 __DUMMY__ 0.32667196079734895 off 0.30170922098761077	false	1.0
untreu	off 1.0		neg 0.37321031987599007 __DUMMY__ 0.3218313361036167 off 0.30495834402039335	false	0.5
missmutig	neg 1.0		neg 0.37213040317502455 __DUMMY__ 0.3233168201767054 off 0.30455277664827013	false	1.0
hurenbock	off 1.0		neg 0.37528883793980955 __DUMMY__ 0.3242526781177279 off 0.30045848394246255	false	0.5
betrunken	neg 1.0		neg 0.3681766808720135 __DUMMY__ 0.3236119132709341 off 0.30821140585705237	false	1.0
korrupt	off 1.0		neg 0.385775710460841 __DUMMY__ 0.3210345879750539 off 0.29318970156410507	false	0.5
unmut	neg 1.0		neg 0.3859484146632993 __DUMMY__ 0.32467892735876763 off 0.289372657977933	false	1.0
hackfresse	off 1.0		neg 0.36719208475379295 __DUMMY__ 0.3200288443539346 off 0.31277907089227247	false	0.5
aufblasen	neg 1.0		neg 0.37419656334145307 __DUMMY__ 0.32476112049599576 off 0.30104231616255117	false	1.0
gewaltsam	neg 1.0		neg 0.37936674724041924 __DUMMY__ 0.32361467426416357 off 0.297018578495417	false	1.0
unbeliebtheit	neg 1.0		neg 0.38075553813323887 __DUMMY__ 0.3188122837498961 off 0.30043217811686496	false	1.0
sturheit	neg 1.0		neg 0.3798979431625425 __DUMMY__ 0.3233476494083322 off 0.2967544074291253	false	1.0
kuh	neg 1.0		neg 0.3807348125984107 __DUMMY__ 0.32166861279246217 off 0.29759657460912714	false	1.0
erschrecken	neg 1.0		neg 0.37244056745889303 __DUMMY__ 0.32367198163330446 off 0.3038874509078026	false	1.0
opfer	neg 1.0		neg 0.3803908231582727 __DUMMY__ 0.32482563968689065 off 0.29478353715483663	false	1.0
sinken	neg 1.0		neg 0.38349268785224444 __DUMMY__ 0.325656022581158 off 0.29085128956659767	false	1.0
stinktier	neg 1.0		neg 0.3711032775643403 __DUMMY__ 0.3200055756903817 off 0.3088911467452781	false	1.0
tucke	off 1.0		neg 0.37099977934254813 __DUMMY__ 0.3174990840925422 off 0.3115011365649096	false	0.5
ein			neg 0.3743674264314717 __DUMMY__ 0.3251444411754015 off 0.3004881323931269	false	0.0
abstieg	neg 1.0		neg 0.3797558203829211 __DUMMY__ 0.32588320066372556 off 0.2943609789533533	false	1.0
missverstehen	neg 1.0		neg 0.3771963085666687 __DUMMY__ 0.3221314363116843 off 0.3006722551216471	false	1.0
ergebnislos	neg 1.0		neg 0.3824055320136134 __DUMMY__ 0.32443297253148823 off 0.2931614954548985	false	1.0
unter			neg 0.3832325026119922 __DUMMY__ 0.3293840935469145 off 0.2873834038410934	false	0.0
manipulieren	neg 1.0		neg 0.38296181818257613 __DUMMY__ 0.32445231928569196 off 0.2925858625317319	false	1.0
unbewiesen	neg 1.0		neg 0.3851846160654289 __DUMMY__ 0.3194970672505146 off 0.2953183166840565	false	1.0
verschleppen	neg 1.0		neg 0.38171376542975727 __DUMMY__ 0.32366360926206444 off 0.2946226253081783	false	1.0
weib	off 1.0		neg 0.3681680930191954 __DUMMY__ 0.3195339026706609 off 0.3122980043101438	false	0.5
opposition	neg 1.0		neg 0.37907476363722253 __DUMMY__ 0.3217776375741791 off 0.29914759878859837	false	1.0
verkehrswidrig	neg 1.0	neg 1.0	neg 0.669810692815106 off 0.17233656775458764 __DUMMY__ 0.15785273943030645	false	1.0
inkorrekt	neg 1.0		neg 0.3759737625034909 __DUMMY__ 0.3193801162814853 off 0.3046461212150238	false	1.0
vermeiden	neg 1.0		neg 0.3841649177710094 __DUMMY__ 0.3271791105672708 off 0.2886559716617199	false	1.0
abweichung	neg 1.0	neg 1.0	neg 0.6808089262407799 off 0.16251503147626792 __DUMMY__ 0.1566760422829521	false	1.0
alkoholisiert	neg 1.0		neg 0.3740821466111519 __DUMMY__ 0.32946387815946676 off 0.2964539752293813	false	1.0
scheiss	off 1.0	off 1.0	off 0.6387882363328412 neg 0.20560745153064403 __DUMMY__ 0.15560431213651482	false	1.0
herausforderung	neg 1.0	neg 1.0	neg 0.6775512492144312 off 0.16353410603341603 __DUMMY__ 0.15891464475215272	false	1.0
pervers	off 1.0		neg 0.36478375374218536 __DUMMY__ 0.31911407531455604 off 0.31610217094325843	false	0.5
wackelig	neg 1.0		neg 0.37494670922541096 __DUMMY__ 0.3271872314503658 off 0.2978660593242233	false	1.0
verwickeln	neg 1.0		neg 0.37681404376494265 __DUMMY__ 0.3224229830300586 off 0.3007629732049988	false	1.0
vorwand	neg 1.0		neg 0.3838745943743582 __DUMMY__ 0.32451374784346904 off 0.2916116577821725	false	1.0
muschi	off 1.0		neg 0.380180454681453 __DUMMY__ 0.3236040882268756 off 0.2962154570916716	false	0.5
entmutigung	neg 1.0		neg 0.38074657883775914 __DUMMY__ 0.32108187916002967 off 0.2981715420022112	false	1.0
unangemessen	neg 1.0		neg 0.38169998329192534 __DUMMY__ 0.3229378670087203 off 0.2953621496993545	false	1.0
unstetig	neg 1.0		neg 0.37755586795548507 __DUMMY__ 0.3232703036042587 off 0.29917382844025636	false	1.0
entmutigen	neg 1.0		neg 0.3754938719268508 __DUMMY__ 0.3240288543806032 off 0.30047727369254607	false	1.0
schwanz	neg 1.0		neg 0.38262691097863416 __DUMMY__ 0.324488761589272 off 0.2928843274320938	false	1.0
verbot	neg 1.0		neg 0.38458949481851284 __DUMMY__ 0.32197150712105804 off 0.29343899806042895	false	1.0
leid	neg 1.0		neg 0.3676883077379583 __DUMMY__ 0.3214734328318618 off 0.31083825943018	false	1.0
archaisch	neg 1.0		neg 0.37971625182767815 __DUMMY__ 0.32416581654826965 off 0.2961179316240521	false	1.0
gegen			neg 0.3825969896534863 __DUMMY__ 0.325782771176532 off 0.2916202391699816	false	0.0
scheidung	neg 1.0		neg 0.36030183241570146 off 0.3204412612796418 __DUMMY__ 0.3192569063046568	false	1.0
einschlag	neg 1.0	neg 1.0	neg 0.6739365169542968 off 0.17040264028056842 __DUMMY__ 0.15566084276513473	false	1.0
m			neg 0.37836383378476723 __DUMMY__ 0.32511876519191707 off 0.2965174010233158	false	0.0
abgestanden	neg 1.0		neg 0.37721936058334815 __DUMMY__ 0.3236251014208657 off 0.2991555379957862	false	1.0
schmierig	off 1.0		neg 0.36809939002805586 __DUMMY__ 0.32162119472907763 off 0.3102794152428665	false	0.5
unpraktisch	neg 1.0		neg 0.3739539542218789 __DUMMY__ 0.3251696442334159 off 0.3008764015447052	false	1.0
wixxer	off 1.0		neg 0.36614242200724056 __DUMMY__ 0.3185081827016449 off 0.3153493952911145	false	0.5
bezeichnet			neg 0.3793287388987672 __DUMMY__ 0.3232031768853813 off 0.2974680842158516	false	0.0
jammerlappen	off 1.0		neg 0.3736098371818807 __DUMMY__ 0.3224093147244472 off 0.30398084809367215	false	0.5
farce	neg 1.0		neg 0.38419024722481493 __DUMMY__ 0.32158807073671924 off 0.2942216820384659	false	1.0
zwecklos	neg 1.0		neg 0.38084293156567917 __DUMMY__ 0.32345553287416706 off 0.2957015355601538	false	1.0
turbulent	neg 1.0		neg 0.37487445448397955 __DUMMY__ 0.32137605263763797 off 0.3037494928783825	false	1.0
invasion	neg 1.0		neg 0.3746122440340216 __DUMMY__ 0.32375357228021145 off 0.30163418368576694	false	1.0
schuld	neg 1.0		neg 0.3768783916600189 __DUMMY__ 0.32357779769079215 off 0.29954381064918895	false	1.0
risiko	neg 1.0		neg 0.37579383759987905 __DUMMY__ 0.324735471856221 off 0.29947069054389996	false	1.0
finster	neg 1.0		neg 0.3750529765202139 __DUMMY__ 0.32456933176121644 off 0.30037769171856954	false	1.0
geisteskrank	off 1.0		neg 0.37383647573182566 __DUMMY__ 0.32100460657532914 off 0.30515891769284526	false	0.5
zusammenbrechen	neg 1.0		neg 0.3774103127525633 __DUMMY__ 0.3250305413158537 off 0.29755914593158295	false	1.0
ausbeute	neg 1.0		neg 0.37724533845556124 __DUMMY__ 0.32749951733590654 off 0.2952551442085321	false	1.0
hinterhalt	neg 1.0		neg 0.37766709917186897 __DUMMY__ 0.32530464118957964 off 0.2970282596385514	false	1.0
kritik	neg 1.0		neg 0.3839094037247814 __DUMMY__ 0.32187433028198165 off 0.29421626599323697	false	1.0
einschrumpfen	neg 1.0		neg 0.3795928657450268 __DUMMY__ 0.3204927260063914 off 0.2999144082485818	false	1.0
riskant	neg 1.0		neg 0.38246401128958407 __DUMMY__ 0.32381160022976985 off 0.29372438848064614	false	1.0
frustrieren	neg 1.0		neg 0.3810112998590471 __DUMMY__ 0.32447987645390675 off 0.2945088236870462	false	1.0
groll	neg 1.0		neg 0.3797295584737842 __DUMMY__ 0.32431363379943795 off 0.295956807726778	false	1.0
gibt			neg 0.37896266667545947 __DUMMY__ 0.3244045110548794 off 0.2966328222696612	false	0.0
qualvoll	neg 1.0		neg 0.37231733381291915 __DUMMY__ 0.32433252573396854 off 0.3033501404531121	false	1.0
wackeln	neg 1.0	neg 1.0	neg 0.6764111369258402 off 0.1663057764636413 __DUMMY__ 0.1572830866105184	false	1.0
klagen	neg 1.0		neg 0.3849257469985976 __DUMMY__ 0.3249024206745985 off 0.29017183232680394	false	1.0
bankrott	neg 1.0		neg 0.3735321058711812 __DUMMY__ 0.32325383741955976 off 0.30321405670925905	false	1.0
trauern	neg 1.0		neg 0.3787329141368925 __DUMMY__ 0.3259229014110717 off 0.29534418445203564	false	1.0
ablehnung	neg 1.0		neg 0.38412128217508607 __DUMMY__ 0.32172404687149875 off 0.2941546709534152	false	1.0
stur	neg 1.0		neg 0.37682243574851865 __DUMMY__ 0.3231551511829002 off 0.3000224130685811	false	1.0
aufruhr	neg 1.0		neg 0.37969225972627624 __DUMMY__ 0.32349356813465036 off 0.29681417213907346	false	1.0
melancholie	neg 1.0		neg 0.3777406185394499 __DUMMY__ 0.32562242371599953 off 0.29663695774455057	false	1.0
ist			neg 0.3754000698029853 __DUMMY__ 0.323757151285445 off 0.30084277891156974	false	0.0
torheit	neg 1.0		neg 0.3795818135910034 __DUMMY__ 0.32217833163295356 off 0.29823985477604287	false	1.0
dreckskind	off 1.0		neg 0.370166577368946 __DUMMY__ 0.3195238023126534 off 0.3103096203184006	false	0.5
umtauschen	neg 1.0		neg 0.3767743213748453 __DUMMY__ 0.3246527434918944 off 0.29857293513326033	false	1.0
zum			neg 0.3785236678703015 __DUMMY__ 0.33027968396710045 off 0.29119664816259794	false	0.0
zersetzen	neg 1.0		neg 0.3847075216997339 __DUMMY__ 0.32352574808136214 off 0.291766730218904	false	1.0
zur			neg 0.3849000014222532 __DUMMY__ 0.32718267968859815 off 0.2879173188891487	false	0.0
frust	neg 1.0		neg 0.37756683284791054 __DUMMY__ 0.3250652044157592 off 0.29736796273633037	false	1.0
unerbittlichkeit	neg 1.0		neg 0.3837681714417913 __DUMMY__ 0.32396943494799063 off 0.29226239361021816	false	1.0
zwei			neg 0.37812459958552347 __DUMMY__ 0.32893818877928976 off 0.29293721163518677	false	0.0
unkorrekt	neg 1.0		neg 0.37430063731797153 __DUMMY__ 0.319895769917495 off 0.3058035927645334	false	1.0
hexe	off 1.0		neg 0.3724344143016673 __DUMMY__ 0.32258950723640845 off 0.3049760784619243	false	0.5
lasch	neg 1.0		neg 0.3764172598149372 __DUMMY__ 0.32171238101522925 off 0.30187035916983357	false	1.0
rivale	neg 1.0		neg 0.36932761305789036 __DUMMY__ 0.32285814636073074 off 0.30781424058137874	false	1.0
mutlos	off 1.0	off 1.0	off 0.6320213420383685 neg 0.2122547886125832 __DUMMY__ 0.15572386934904825	false	1.0
wirr	off 1.0		neg 0.3735000398284024 __DUMMY__ 0.32014567201363303 off 0.30635428815796456	false	0.5
jahr			neg 0.3762140872568857 __DUMMY__ 0.3287041845271682 off 0.2950817282159461	false	0.0
wird			neg 0.37936363792899896 __DUMMY__ 0.32516066095476565 off 0.2954757011162355	false	0.0
strafbar	neg 1.0		neg 0.3830922472941751 __DUMMY__ 0.3233841742223493 off 0.2935235784834756	false	1.0
erosion	neg 1.0		neg 0.3754755332973874 __DUMMY__ 0.32465900542155524 off 0.29986546128105723	false	1.0
eingehen	neg 1.0		neg 0.3819708070875757 __DUMMY__ 0.32333332461775394 off 0.29469586829467026	false	1.0
faul	off 1.0		neg 0.37252429078499577 __DUMMY__ 0.32359516563493407 off 0.30388054358007016	false	0.5
provisorium	neg 1.0		neg 0.3859987802217659 __DUMMY__ 0.32801531710976023 off 0.28598590266847396	false	1.0
schmerzen	neg 1.0		neg 0.3767311071368464 __DUMMY__ 0.32439573949831685 off 0.2988731533648367	false	1.0
schrumpfen	neg 1.0		neg 0.3868710976114521 __DUMMY__ 0.32572597590037267 off 0.2874029264881752	false	1.0
geistlos	off 1.0		neg 0.3808059541920633 __DUMMY__ 0.3200765279655134 off 0.2991175178424232	false	0.5
fehlkauf	neg 1.0		neg 0.37742903466996464 __DUMMY__ 0.3226802085498667 off 0.29989075678016863	false	1.0
frustrierend	neg 1.0		neg 0.3719625942262187 __DUMMY__ 0.3240642040466834 off 0.30397320172709796	false	1.0
unzufrieden	neg 1.0		neg 0.3808236323072684 __DUMMY__ 0.32357341437936055 off 0.29560295331337105	false	1.0
verzweifeln	neg 1.0		neg 0.37727476849690994 __DUMMY__ 0.3243772105241451 off 0.2983480209789449	false	1.0
verzweifelt	neg 1.0		neg 0.376722680125851 __DUMMY__ 0.3231676361741571 off 0.30010968369999175	false	1.0
misstrauensantrag	neg 1.0		neg 0.3776171541539908 __DUMMY__ 0.32214292381662024 off 0.300239922029389	false	1.0
abfallen	neg 1.0		neg 0.3730043664526026 __DUMMY__ 0.3255066832005042 off 0.30148895034689316	false	1.0
fucker	off 1.0		neg 0.37296047148000266 __DUMMY__ 0.32122954978083273 off 0.3058099787391646	false	0.5
ungezogen	neg 1.0		neg 0.3645617901528838 __DUMMY__ 0.32047028114189274 off 0.3149679287052235	false	1.0
irrsinnig	neg 1.0	neg 1.0	neg 0.6786962541668349 off 0.16557339398597734 __DUMMY__ 0.15573035184718773	false	1.0
unfassbar	neg 1.0		neg 0.37238395497381355 __DUMMY__ 0.3225466217713106 off 0.30506942325487585	false	1.0
hart	neg 1.0		neg 0.37631780974942974 __DUMMY__ 0.3220057107821538 off 0.3016764794684164	false	1.0
widerlich	off 1.0		neg 0.37384847780970987 __DUMMY__ 0.3210395241613136 off 0.3051119980289765	false	0.5
fatal	neg 1.0		neg 0.376828772875348 __DUMMY__ 0.32280171643330674 off 0.3003695106913454	false	1.0
bruch	neg 1.0		neg 0.38558136854605923 __DUMMY__ 0.3243843472762677 off 0.29003428417767313	false	1.0
aushungern	neg 1.0		neg 0.3822862081494167 __DUMMY__ 0.32211134697315974 off 0.2956024448774235	false	1.0
anspannung	neg 1.0	neg 1.0	neg 0.6796519977870374 off 0.16087746968957237 __DUMMY__ 0.15947053252339022	false	1.0
von			neg 0.3783294805849306 __DUMMY__ 0.3280244496466924 off 0.2936460697683768	false	0.0
kraftlos	neg 1.0		neg 0.3764264433304676 __DUMMY__ 0.32606907890025405 off 0.2975044777692785	false	1.0
vom			neg 0.38156459314558894 __DUMMY__ 0.3300557431217764 off 0.28837966373263463	false	0.0
grenzdebil	off 1.0		neg 0.3713584202473695 __DUMMY__ 0.32239879657805726 off 0.3062427831745732	false	0.5
vor			neg 0.3814565627779747 __DUMMY__ 0.3258897012714493 off 0.29265373595057603	false	0.0
unterwerfen	neg 1.0		neg 0.3810994096140607 __DUMMY__ 0.32461757264699503 off 0.2942830177389444	false	1.0
versenkung	neg 1.0		neg 0.38185346765907696 __DUMMY__ 0.32441996619155467 off 0.2937265661493683	false	1.0
entziehen	neg 1.0		neg 0.3840217690430649 __DUMMY__ 0.3249322458446175 off 0.29104598511231755	false	1.0
finanzkrise	neg 1.0		neg 0.3838957773671935 __DUMMY__ 0.3211061466740049 off 0.29499807595880156	false	1.0
schimpfend	neg 1.0		neg 0.37228970356746083 __DUMMY__ 0.3260827413204971 off 0.30162755511204214	false	1.0
profan	neg 1.0		neg 0.37506841891307074 __DUMMY__ 0.3230931484016707 off 0.3018384326852586	false	1.0
korruption	neg 1.0	neg 1.0	neg 0.6827423012114018 off 0.16214119554222445 __DUMMY__ 0.15511650324637383	false	1.0
â			neg 0.38011068826656796 __DUMMY__ 0.3249014169630789 off 0.29498789477035303	false	0.0
schmutzig	neg 1.0		neg 0.371425275197875 __DUMMY__ 0.3227988400827488 off 0.3057758847193763	false	1.0
sexy	neg 1.0		neg 0.374393548062845 __DUMMY__ 0.32306816124506343 off 0.3025382906920914	false	1.0
abraten	neg 1.0		neg 0.37580626208322476 __DUMMY__ 0.32341912516045257 off 0.3007746127563226	false	1.0
schwarz	neg 1.0		neg 0.37720485646925866 __DUMMY__ 0.3230091080859464 off 0.299786035444795	false	1.0
fotze	off 1.0		neg 0.3825486670131985 __DUMMY__ 0.3238140456273199 off 0.2936372873594817	false	0.5
verwirren	neg 1.0		neg 0.37458146505297707 __DUMMY__ 0.32322222547966417 off 0.3021963094673587	false	1.0
zahnlos	off 1.0		neg 0.38135982823700654 __DUMMY__ 0.3232550357835187 off 0.29538513597947474	false	0.5
verheeren	neg 1.0		neg 0.36421848604324997 __DUMMY__ 0.32009351685919507 off 0.315687997097555	false	1.0
hippie	neg 1.0		neg 0.3756086776607244 __DUMMY__ 0.32274637722998345 off 0.30164494510929224	false	1.0
rammen	neg 1.0		neg 0.37888172371715856 __DUMMY__ 0.3225686331781458 off 0.2985496431046956	false	1.0
unlauter	neg 1.0		neg 0.3824791784008796 __DUMMY__ 0.3206925524486261 off 0.2968282691504943	false	1.0
unheilvoll	neg 1.0		neg 0.3726505787521109 __DUMMY__ 0.3249283087051443 off 0.3024211125427449	false	1.0
niedrig	neg 1.0		neg 0.3826990451159504 __DUMMY__ 0.32439652303823313 off 0.29290443184581644	false	1.0
explosion	neg 1.0		neg 0.376446388991214 __DUMMY__ 0.3226503916128325 off 0.3009032193959536	false	1.0
weichei	off 1.0		neg 0.36910157307102026 __DUMMY__ 0.320048930627544 off 0.3108494963014357	false	0.5
minusmensch	off 1.0		neg 0.3707820816417363 __DUMMY__ 0.31650073808167056 off 0.31271718027659295	false	0.5
farblos	neg 1.0		neg 0.37439366457514545 __DUMMY__ 0.32654925640230587 off 0.2990570790225488	false	1.0
unwissend	neg 1.0	neg 1.0	neg 0.6763386391304733 off 0.16835536648656904 __DUMMY__ 0.1553059943829575	false	1.0
traurig	neg 1.0		neg 0.3687690620056231 __DUMMY__ 0.32244940144435336 off 0.3087815365500235	false	1.0
senkung	neg 1.0		neg 0.3782659538563995 __DUMMY__ 0.321407757158286 off 0.30032628898531444	false	1.0
ungleich	neg 1.0	neg 1.0	neg 0.6824018225471515 off 0.16180191617066084 __DUMMY__ 0.1557962612821876	false	1.0
heikel	neg 1.0		neg 0.3838030219507964 __DUMMY__ 0.32389591203946394 off 0.29230106600973976	false	1.0
drosselung	neg 1.0		neg 0.372083316917703 __DUMMY__ 0.3224091366886221 off 0.30550754639367483	false	1.0
falsch	neg 1.0		neg 0.37351668145292033 __DUMMY__ 0.3229864678458264 off 0.30349685070125326	false	1.0
unzufriedenheit	neg 1.0		neg 0.3836447528304733 __DUMMY__ 0.3244325506082123 off 0.2919226965613144	false	1.0
kurz	neg 1.0		neg 0.3753947930160118 __DUMMY__ 0.3262862470880676 off 0.29831895989592067	false	1.0
unsinnig	neg 1.0		neg 0.3817627326996584 __DUMMY__ 0.32263751401935425 off 0.2955997532809874	false	1.0
penner	off 1.0	off 1.0	off 0.6432975815489296 neg 0.2026183339292346 __DUMMY__ 0.1540840845218358	false	1.0
seicht	neg 1.0		neg 0.36817942149712807 __DUMMY__ 0.3184850590147114 off 0.31333551948816046	false	1.0
dummheit	off 1.0	off 1.0	off 0.6363203787232182 neg 0.208571049591093 __DUMMY__ 0.1551085716856888	false	1.0
unerfreulich	neg 1.0		neg 0.38277358033772824 __DUMMY__ 0.32518438759803514 off 0.2920420320642366	false	1.0
motherfucker	off 1.0	off 1.0	off 0.6389043367287707 neg 0.20660583642529287 __DUMMY__ 0.15448982684593654	false	1.0
pikiert	neg 1.0		neg 0.3753008903623344 __DUMMY__ 0.32101987436339674 off 0.30367923527426893	false	1.0
wrack	neg 1.0		neg 0.37740495598052987 __DUMMY__ 0.3269559330020717 off 0.2956391110173983	false	1.0
gangster	neg 1.0		neg 0.37533943193421426 __DUMMY__ 0.3231734576377213 off 0.30148711042806436	false	1.0
krank	neg 1.0		neg 0.3692530731680065 __DUMMY__ 0.32344154406571296 off 0.30730538276628055	false	1.0
reich	neg 1.0		neg 0.3754627358837902 __DUMMY__ 0.3218793639166037 off 0.3026579001996062	false	1.0
gnadenlos	neg 1.0		neg 0.3765158308372583 __DUMMY__ 0.3237882652922313 off 0.2996959038705103	false	1.0
niedergeschlagen	neg 1.0		neg 0.3769020920037013 __DUMMY__ 0.3252424630926569 off 0.2978554449036418	false	1.0
terrorisieren	off 1.0	off 1.0	off 0.6328474989474097 neg 0.21065395201337472 __DUMMY__ 0.1564985490392156	false	1.0
sinnlosigkeit	neg 1.0		neg 0.3799613157858407 __DUMMY__ 0.32394268233853063 off 0.2960960018756287	false	1.0
behindern	neg 1.0		neg 0.37967117976723197 __DUMMY__ 0.3232570269852945 off 0.2970717932474735	false	1.0
undemokratisch	neg 1.0		neg 0.38133442168145065 __DUMMY__ 0.32117751700152203 off 0.29748806131702743	false	1.0
wirtschaftskrise	neg 1.0		neg 0.38400101028036904 __DUMMY__ 0.3227099105626178 off 0.2932890791570132	false	1.0
neid	neg 1.0		neg 0.36900069932704743 __DUMMY__ 0.3251304690451418 off 0.30586883162781076	false	1.0
rutschen	neg 1.0	neg 1.0	neg 0.678733835298902 off 0.16204025108187398 __DUMMY__ 0.15922591361922403	false	1.0
rezession	neg 1.0		neg 0.374671069106805 __DUMMY__ 0.3185915040793394 off 0.3067374268138557	false	1.0
fehlgeburt	neg 1.0		neg 0.3739121678218 __DUMMY__ 0.3244668496262393 off 0.3016209825519606	false	1.0
charakterschwach	off 1.0		neg 0.37310226652114964 __DUMMY__ 0.32173481308317925 off 0.3051629203956713	false	0.5
isolation	neg 1.0		neg 0.3721868881969321 __DUMMY__ 0.32396188526943404 off 0.30385122653363394	false	1.0
ablenkung	neg 1.0		neg 0.37631312590614896 __DUMMY__ 0.32432410907983955 off 0.2993627650140116	false	1.0
pech	neg 1.0		neg 0.3726349075499491 __DUMMY__ 0.3237511699545854 off 0.3036139224954656	false	1.0
vermeidung	neg 1.0		neg 0.3738160687255058 __DUMMY__ 0.3211872575457316 off 0.3049966737287625	false	1.0
dominieren	neg 1.0		neg 0.3773770433071665 __DUMMY__ 0.32652896612717225 off 0.29609399056566127	false	1.0
schwindlig	neg 1.0		neg 0.3717021355344424 __DUMMY__ 0.32532794683132593 off 0.3029699176342316	false	1.0
lutscher	neg 1.0	neg 1.0	neg 0.6727265943147892 off 0.17382649381873186 __DUMMY__ 0.1534469118664789	false	1.0
pflicht	neg 1.0		neg 0.3830652914377132 __DUMMY__ 0.32443094808365586 off 0.29250376047863114	false	1.0
faschist	off 1.0		neg 0.3788716554713091 __DUMMY__ 0.32095784312779135 off 0.3001705014008995	false	0.5
verschleudern	neg 1.0		neg 0.38690126524589075 __DUMMY__ 0.32158791918686763 off 0.2915108155672417	false	1.0
wenn			neg 0.37307997271306215 __DUMMY__ 0.32307421780431117 off 0.30384580948262685	false	0.0
ehebruch	neg 1.0		neg 0.3823765986466171 __DUMMY__ 0.3235072996991733 off 0.2941161016542096	false	1.0
spott	off 1.0		neg 0.3836991759767794 __DUMMY__ 0.3231424617619339 off 0.29315836226128666	false	0.5
trostlosigkeit	neg 1.0		neg 0.3838113899554191 __DUMMY__ 0.3248952937172104 off 0.2912933163273705	false	1.0
lutschen	neg 1.0		neg 0.37798539968353545 __DUMMY__ 0.3217729477835318 off 0.3002416525329328	false	1.0
undiszipliniert	neg 1.0		neg 0.3701660944777642 __DUMMY__ 0.32230360837061517 off 0.30753029715162084	false	1.0
kopfschmerz	neg 1.0		neg 0.37668313910054546 __DUMMY__ 0.32544798383471013 off 0.29786887706474435	false	1.0
unvorhergesehen	neg 1.0		neg 0.37593012881029386 __DUMMY__ 0.3275738623371426 off 0.29649600885256355	false	1.0
desinteressiert	neg 1.0		neg 0.3716883495655952 __DUMMY__ 0.3215310635986724 off 0.30678058683573245	false	1.0
armselig	off 1.0		neg 0.3727808457906482 __DUMMY__ 0.32019615098711934 off 0.30702300322223236	false	0.5
desaster	neg 1.0		neg 0.3862369646389894 __DUMMY__ 0.32440213002945467 off 0.289360905331556	false	1.0
tod	neg 1.0		neg 0.37994687119108367 __DUMMY__ 0.3249912938977285 off 0.29506183491118776	false	1.0
herzlos	neg 1.0		neg 0.37057214802820726 __DUMMY__ 0.3210850291150567 off 0.308342822856736	false	1.0
unwissenheit	neg 1.0		neg 0.38276637121595847 __DUMMY__ 0.32253638800846607 off 0.29469724077557535	false	1.0
widersinnig	neg 1.0	neg 1.0	neg 0.6823513743979115 off 0.162759853610993 __DUMMY__ 0.15488877199109555	false	1.0
bedenklich	neg 1.0		neg 0.38248902551483543 __DUMMY__ 0.3235830218321819 off 0.29392795265298266	false	1.0
beanstanden	neg 1.0		neg 0.3835238737229376 __DUMMY__ 0.32463964732155787 off 0.2918364789555045	false	1.0
panisch	neg 1.0	neg 1.0	neg 0.6743912068290641 off 0.16805032576234147 __DUMMY__ 0.15755846740859447	false	1.0
debil	off 1.0		neg 0.38717799834496314 __DUMMY__ 0.32620042500427865 off 0.28662157665075816	false	0.5
abstrich	neg 1.0		neg 0.3816144693519746 __DUMMY__ 0.3238072451845919 off 0.2945782854634337	false	1.0
primitiv	neg 1.0		neg 0.37330086913294364 __DUMMY__ 0.32104458817666054 off 0.3056545426903958	false	1.0
abschaum	off 1.0	off 1.0	off 0.6378499886954493 neg 0.20707432662381114 __DUMMY__ 0.15507568468073954	false	1.0
provozieren	neg 1.0		neg 0.37806415817205813 __DUMMY__ 0.3230275433428295 off 0.2989082984851123	false	1.0
tot	neg 1.0		neg 0.380816815933837 __DUMMY__ 0.32481566108641313 off 0.2943675229797499	false	1.0
instabil	neg 1.0		neg 0.3757046211639039 __DUMMY__ 0.3198517037185629 off 0.3044436751175332	false	1.0
schwuchtel	off 1.0		neg 0.36456037619418646 off 0.31867352715849745 __DUMMY__ 0.31676609664731603	false	0.5
zerren	neg 1.0		neg 0.37653603478035325 __DUMMY__ 0.32537735735525947 off 0.2980866078643873	false	1.0
kinderficker	off 1.0		neg 0.37105645365945183 __DUMMY__ 0.31939241816743735 off 0.3095511281731108	false	0.5
gefahr	neg 1.0		neg 0.38342369526400627 __DUMMY__ 0.32452590188715735 off 0.29205040284883643	false	1.0
rabiat	neg 1.0		neg 0.3790277187792008 __DUMMY__ 0.322972531525901 off 0.2979997496948982	false	1.0
verlangsamung	neg 1.0		neg 0.3696913822125877 __DUMMY__ 0.31895021944446844 off 0.31135839834294377	false	1.0
ausgestorben	neg 1.0		neg 0.3764659107847848 __DUMMY__ 0.32490130016512764 off 0.29863278905008755	false	1.0
anklagen	neg 1.0		neg 0.38171573453048024 __DUMMY__ 0.3228478041653437 off 0.2954364613041761	false	1.0
trott	neg 1.0		neg 0.37746420024039606 __DUMMY__ 0.3243790458971346 off 0.2981567538624693	false	1.0
verminderung	neg 1.0		neg 0.37203034369655963 __DUMMY__ 0.32160263943434614 off 0.30636701686909423	false	1.0
nach			neg 0.3792435048726485 __DUMMY__ 0.32960384333523685 off 0.29115265179211464	false	0.0
rost	neg 1.0		neg 0.36885720242202136 __DUMMY__ 0.32032655544605354 off 0.3108162421319251	false	1.0
destruktiv	neg 1.0		neg 0.3810745467967184 __DUMMY__ 0.3221314087658986 off 0.2967940444373829	false	1.0
unzumutbarkeit	neg 1.0		neg 0.37240482967830035 __DUMMY__ 0.3232788819363883 off 0.30431628838531144	false	1.0
labil	off 1.0	off 1.0	off 0.6377313668187631 neg 0.2072197233204714 __DUMMY__ 0.15504890986076547	false	1.0
ziemlich	neg 1.0		neg 0.37051371099261365 __DUMMY__ 0.3233160069168465 off 0.30617028209053965	false	1.0
lachnummer	off 1.0		neg 0.37887258902368154 __DUMMY__ 0.3232441453489847 off 0.2978832656273337	false	0.5
oder			neg 0.37495881633865563 __DUMMY__ 0.3251061819454953 off 0.2999350017158491	false	0.0
verfall	neg 1.0		neg 0.3881564292809703 __DUMMY__ 0.32500914087365906 off 0.2868344298453707	false	1.0
ausgrenzung	neg 1.0		neg 0.38139832527975104 __DUMMY__ 0.3206266966947839 off 0.29797497802546513	false	1.0
unordnung	neg 1.0		neg 0.37218500392963827 __DUMMY__ 0.3228702690692898 off 0.3049447270010718	false	1.0
fehlverhalten	neg 1.0		neg 0.3840475322500281 __DUMMY__ 0.3236666634214901 off 0.292285804328482	false	1.0
eine			neg 0.3819506515960634 __DUMMY__ 0.32531877302613177 off 0.2927305753778047	false	0.0
nille	neg 1.0		neg 0.37930937454858693 __DUMMY__ 0.3237789841297729 off 0.2969116413216401	false	1.0
qual	neg 1.0		neg 0.37815344762995107 __DUMMY__ 0.32413247786521115 off 0.2977140745048377	false	1.0
verschwenden	neg 1.0		neg 0.38163086909914756 __DUMMY__ 0.32372522298528233 off 0.29464390791557005	false	1.0
riesig	neg 1.0	neg 1.0	neg 0.6795618180745214 off 0.1632941408297725 __DUMMY__ 0.15714404109570615	false	1.0
verurteilen	neg 1.0		neg 0.38201651221047617 __DUMMY__ 0.3229902061504195 off 0.2949932816391045	false	1.0
klischee	neg 1.0	neg 1.0	neg 0.6781118768020624 off 0.1669021566032173 __DUMMY__ 0.15498596659472016	false	1.0
diktatorisch	neg 1.0		neg 0.3824973476577526 __DUMMY__ 0.32012149620915986 off 0.2973811561330874	false	1.0
vorhersehbar	neg 1.0	neg 1.0	neg 0.677979861525347 off 0.16667440694855581 __DUMMY__ 0.15534573152609724	false	1.0
sowie			neg 0.370807871626716 __DUMMY__ 0.31959644441632623 off 0.30959568395695775	false	0.0
stornieren	neg 1.0		neg 0.3713868421891656 __DUMMY__ 0.32687651363597353 off 0.3017366441748609	false	1.0
besteuerung	neg 1.0		neg 0.3813225684082095 __DUMMY__ 0.321258200545945 off 0.29741923104584556	false	1.0
ungeschminkt	neg 1.0		neg 0.37384631017504694 __DUMMY__ 0.32126639139876506 off 0.30488729842618795	false	1.0
kritisch	neg 1.0		neg 0.38222723279127613 __DUMMY__ 0.32388467466067083 off 0.293888092548053	false	1.0
schlamperei	off 1.0		neg 0.3851298333879106 __DUMMY__ 0.32306828334360865 off 0.29180188326848067	false	0.5
sucht	neg 1.0	neg 1.0	neg 0.6784486254050901 off 0.1650965267289993 __DUMMY__ 0.15645484786591057	false	1.0
egoistisch	off 1.0		neg 0.3675598404166798 __DUMMY__ 0.32098773036617034 off 0.31145242921714994	false	0.5
ausbeuter	off 1.0		neg 0.38584823285251346 __DUMMY__ 0.32274030643082163 off 0.29141146071666485	false	0.5
arschgeburt	off 1.0		neg 0.36498647049381555 off 0.3185805869238026 __DUMMY__ 0.3164329425823818	false	0.5
schubs	neg 1.0	neg 1.0	neg 0.6780939624902955 off 0.16441249287592025 __DUMMY__ 0.15749354463378423	false	1.0
unsolide	neg 1.0		neg 0.3846404337363001 __DUMMY__ 0.3184960341571856 off 0.2968635321065144	false	1.0
beschwerde	neg 1.0		neg 0.38532823538790234 __DUMMY__ 0.3228171916446069 off 0.29185457296749073	false	1.0
stocken	neg 1.0		neg 0.3832016887269618 __DUMMY__ 0.32360027037164246 off 0.29319804090139584	false	1.0
isolieren	neg 1.0		neg 0.3821907455484864 __DUMMY__ 0.3232985629004605 off 0.29451069155105325	false	1.0
unheilbar	neg 1.0		neg 0.37553397670797944 __DUMMY__ 0.3246523526939467 off 0.2998136705980739	false	1.0
pisser	off 1.0		neg 0.3731561108218048 __DUMMY__ 0.32098316788316794 off 0.3058607212950274	false	0.5
löschen	neg 1.0		neg 0.37792200444330126 __DUMMY__ 0.32378339389474925 off 0.2982946016619495	false	1.0
durchfallen	neg 1.0		neg 0.38208281442937025 __DUMMY__ 0.3229687375915341 off 0.29494844797909553	false	1.0
wichser	off 1.0		neg 0.36398463844958173 __DUMMY__ 0.31949831450443494 off 0.3165170470459833	false	0.5
terror	neg 1.0		neg 0.3740790386645161 __DUMMY__ 0.3238480542964248 off 0.30207290703905915	false	1.0
krass	neg 1.0		neg 0.3701402851659833 __DUMMY__ 0.32097736603201754 off 0.3088823488019992	false	1.0
revolte	neg 1.0	neg 1.0	neg 0.6797129828453511 off 0.16545260769049056 __DUMMY__ 0.1548344094641584	false	1.0
besorgt	neg 1.0		neg 0.37601225041595226 __DUMMY__ 0.3263163366007762 off 0.2976714129832716	false	1.0
nachlassen	neg 1.0		neg 0.3813710362367396 __DUMMY__ 0.32484606247644465 off 0.29378290128681567	false	1.0
alt	neg 1.0		neg 0.3801812412379067 __DUMMY__ 0.32473512121004966 off 0.29508363755204375	false	1.0
hundesohn	off 1.0		neg 0.3686741059889914 __DUMMY__ 0.31808189912840457 off 0.31324399488260407	false	0.5
als			neg 0.37712563943488286 __DUMMY__ 0.3254848036926045 off 0.2973895568725127	false	0.0
abschreckung	neg 1.0		neg 0.38470751552639637 __DUMMY__ 0.3243867293335035 off 0.2909057551401002	false	1.0
unqualifiziert	neg 1.0		neg 0.3782705262930111 __DUMMY__ 0.32090401814304176 off 0.30082545556394713	false	1.0
abgewichst	off 1.0		neg 0.37895926071270863 __DUMMY__ 0.3244112049660814 off 0.2966295343212098	false	0.5
schwer	neg 1.0		neg 0.3768119972393678 __DUMMY__ 0.3243380818514513 off 0.2988499209091809	false	1.0
bedeutungslosigkeit	neg 1.0		neg 0.38369414364467697 __DUMMY__ 0.32425389626393925 off 0.2920519600913839	false	1.0
kapitulation	neg 1.0		neg 0.38633071454270523 __DUMMY__ 0.3217440216725955 off 0.2919252637846993	false	1.0
unscharf	neg 1.0		neg 0.37568789161344224 __DUMMY__ 0.32309173067851477 off 0.3012203777080429	false	1.0
schwinden	neg 1.0		neg 0.3832658225362319 __DUMMY__ 0.32459406860145706 off 0.292140108862311	false	1.0
versklavung	neg 1.0		neg 0.3827908970600175 __DUMMY__ 0.3202383608663224 off 0.29697074207366003	false	1.0
schlecht	neg 1.0		neg 0.37029988951174747 __DUMMY__ 0.3233746412194864 off 0.30632546926876597	false	1.0
verhasst	neg 1.0		neg 0.37720782211845516 __DUMMY__ 0.32321729062291504 off 0.29957488725862974	false	1.0
beschweren	neg 1.0		neg 0.37525716753887306 __DUMMY__ 0.3237168264485175 off 0.3010260060126093	false	1.0
scheiden	neg 1.0		neg 0.37025999788545433 __DUMMY__ 0.3277831682454997 off 0.30195683386904604	false	1.0
frustriert	neg 1.0		neg 0.37798488750789666 __DUMMY__ 0.32445599134831055 off 0.2975591211437929	false	1.0
schimmelig	neg 1.0		neg 0.3807531142118259 __DUMMY__ 0.3249261795516726 off 0.29432070623650153	false	1.0
fisch	neg 1.0		neg 0.3777383055478127 __DUMMY__ 0.32759529841080065 off 0.2946663960413868	false	1.0
schmuggel	neg 1.0		neg 0.38018771049877553 __DUMMY__ 0.3263645846328749 off 0.2934477048683497	false	1.0
auffallen	neg 1.0		neg 0.37454857600758273 __DUMMY__ 0.3236074136209246 off 0.30184401037149267	false	1.0
konkurrenz	neg 1.0	neg 1.0	neg 0.6813172489242739 off 0.1613118279930876 __DUMMY__ 0.15737092308263842	false	1.0
teufelskreis	neg 1.0	neg 1.0	neg 0.6797809115918769 off 0.16433997327054242 __DUMMY__ 0.15587911513758065	false	1.0
aufschreien	neg 1.0		neg 0.3761945555503928 __DUMMY__ 0.3227517949931554 off 0.30105364945645186	false	1.0
schuldner	neg 1.0		neg 0.3832143214748476 __DUMMY__ 0.32446207227945467 off 0.2923236062456977	false	1.0
missgeburt	off 1.0	off 1.0	off 0.6412799772196909 neg 0.2048204051370805 __DUMMY__ 0.1538996176432287	false	1.0
arbeitslos	neg 1.0		neg 0.38152669456065225 __DUMMY__ 0.32310779109956417 off 0.2953655143397836	false	1.0
befallen	neg 1.0		neg 0.3822275401720274 __DUMMY__ 0.32252441360542156 off 0.2952480462225509	false	1.0
miesepetrig	off 1.0	off 1.0	off 0.6392290708775232 neg 0.2049282996239289 __DUMMY__ 0.1558426294985479	false	1.0
alarmieren	neg 1.0		neg 0.3775074397281728 __DUMMY__ 0.32060947033486237 off 0.30188308993696483	false	1.0
ungeduscht	off 1.0		neg 0.3724727212518085 __DUMMY__ 0.3239489395365197 off 0.30357833921167177	false	0.5
knappheit	neg 1.0		neg 0.38470803133439657 __DUMMY__ 0.32257355390459314 off 0.29271841476101024	false	1.0
schlange	neg 1.0		neg 0.371682056269 __DUMMY__ 0.3258482973689194 off 0.30246964636208057	false	1.0
harsch	neg 1.0		neg 0.36695804211149785 __DUMMY__ 0.3224501220135907 off 0.3105918358749115	false	1.0
lang	neg 1.0		neg 0.3772860874218542 __DUMMY__ 0.32381871575495824 off 0.2988951968231876	false	1.0
ziellos	neg 1.0		neg 0.37742341210775876 __DUMMY__ 0.3257939371646891 off 0.2967826507275521	false	1.0
selbstverliebt	neg 1.0		neg 0.3662946366341414 __DUMMY__ 0.31751441351442306 off 0.31619094985143553	false	1.0
beseitigen	neg 1.0	neg 1.0	neg 0.6780093548969871 off 0.16491084241936615 __DUMMY__ 0.15707980268364677	false	1.0
dumm	off 1.0		neg 0.36785980742914637 __DUMMY__ 0.32008066381899436 off 0.31205952875185927	false	0.5
arbeitsloser	neg 1.0		neg 0.3800135599504317 __DUMMY__ 0.3246504743713225 off 0.2953359656782458	false	1.0
blitzen	neg 1.0		neg 0.37550095070364936 __DUMMY__ 0.32269492796691607 off 0.3018041213294345	false	1.0
hilflos	neg 1.0		neg 0.37832976902350207 __DUMMY__ 0.3246040090145923 off 0.2970662219619055	false	1.0
eklig	off 1.0		neg 0.36733156832960867 __DUMMY__ 0.3199131218291296 off 0.31275530984126176	false	0.5
begriff			neg 0.3803430178608879 __DUMMY__ 0.3231531726293291 off 0.296503809509783	false	0.0
hungersnot	neg 1.0		neg 0.38107767756375294 __DUMMY__ 0.323312029265164 off 0.29561029317108306	false	1.0
ungesetzlich	neg 1.0		neg 0.3823927612248839 __DUMMY__ 0.31962455269331524 off 0.2979826860818008	false	1.0
verschwendung	neg 1.0		neg 0.38179039545688087 __DUMMY__ 0.32456395621656986 off 0.2936456483265493	false	1.0
schmerzvoll	neg 1.0		neg 0.37507342800784144 __DUMMY__ 0.323862840770784 off 0.3010637312213747	false	1.0
vorzeitig	neg 1.0		neg 0.37339092812621516 __DUMMY__ 0.32394984889338196 off 0.302659222980403	false	1.0
unvollkommenheit	neg 1.0		neg 0.37684651621510257 __DUMMY__ 0.3261627273343344 off 0.29699075645056305	false	1.0
intervenieren	neg 1.0		neg 0.38584113461675235 __DUMMY__ 0.32253365563569303 off 0.2916252097475547	false	1.0
banause	off 1.0		neg 0.36737220451966524 __DUMMY__ 0.31837055593104413 off 0.3142572395492906	false	0.5
rebell	neg 1.0		neg 0.38556650467127457 __DUMMY__ 0.3249500657639294 off 0.28948342956479595	false	1.0
unlogisch	neg 1.0		neg 0.3705437783502622 __DUMMY__ 0.3213304945762924 off 0.3081257270734455	false	1.0
leiden	neg 1.0		neg 0.3743706763213421 __DUMMY__ 0.32916829417365523 off 0.2964610295050027	false	1.0
abschaffung	neg 1.0		neg 0.38152635237456334 __DUMMY__ 0.3212996418101083 off 0.2971740058153283	false	1.0
sturz	neg 1.0		neg 0.3773494891412775 __DUMMY__ 0.32412402676172375 off 0.2985264840969989	false	1.0
verkleinerung	neg 1.0		neg 0.3812303464446605 __DUMMY__ 0.31958002111053574 off 0.2991896324448038	false	1.0
schmarotzer	off 1.0		neg 0.38231733514567573 __DUMMY__ 0.3227480120249301 off 0.2949346528293941	false	0.5
bestrafung	neg 1.0		neg 0.37653007879315215 __DUMMY__ 0.32339143054382413 off 0.30007849066302356	false	1.0
achtlos	neg 1.0		neg 0.3751706340266563 __DUMMY__ 0.3253234736667719 off 0.2995058923065717	false	1.0
ungeheuer	neg 1.0		neg 0.37145096140814715 __DUMMY__ 0.32495848186105003 off 0.3035905567308027	false	1.0
unaufrichtig	neg 1.0		neg 0.3791895224088469 __DUMMY__ 0.32128856793047483 off 0.29952190966067815	false	1.0
groggy	neg 1.0		neg 0.3771029667675955 __DUMMY__ 0.3221401813453279 off 0.3007568518870767	false	1.0
verletzlich	neg 1.0		neg 0.3705895068418867 __DUMMY__ 0.32232118410097554 off 0.3070893090571377	false	1.0
