unsolidarisch	neg 1.0		neg 0.38475352809135654 __DUMMY__ 0.31994237115091606 off 0.2953041007577273	false	1.0
nachteilig	neg 1.0		neg 0.38382215897090277 __DUMMY__ 0.32347442864909426 off 0.29270341238000286	false	1.0
skeptisch	neg 1.0		neg 0.38339287761292035 __DUMMY__ 0.32426214916540586 off 0.29234497322167363	false	1.0
schrecklich	neg 1.0		neg 0.36818345999526514 __DUMMY__ 0.3220195906451432 off 0.30979694935959157	false	1.0
schlapp	neg 1.0	neg 1.0	neg 0.6752171667334598 off 0.1686575186470603 __DUMMY__ 0.15612531461947984	false	1.0
abfall	neg 1.0		neg 0.3853048625977631 __DUMMY__ 0.3251581058210316 off 0.2895370315812053	false	1.0
widerspenstig	neg 1.0		neg 0.37694526477457285 __DUMMY__ 0.3241936851795154 off 0.2988610500459117	false	1.0
abrupt	neg 1.0		neg 0.3783912917131313 __DUMMY__ 0.32676430229828357 off 0.2948444059885853	false	1.0
unwirksam	neg 1.0		neg 0.3832383829627583 __DUMMY__ 0.3207939459854444 off 0.29596767105179717	false	1.0
angreifen	neg 1.0	neg 1.0	neg 0.6818434317440024 off 0.16176822586866904 __DUMMY__ 0.15638834238732854	false	1.0
inkonsistent	neg 1.0		neg 0.3780611700940635 __DUMMY__ 0.32302127604654257 off 0.298917553859394	false	1.0
abrutschen	neg 1.0		neg 0.38459283918994613 __DUMMY__ 0.32529940832209703 off 0.2901077524879569	false	1.0
unsicher	neg 1.0		neg 0.37648920916218526 __DUMMY__ 0.32443743778388406 off 0.2990733530539308	false	1.0
bauernkind	off 1.0	off 1.0	off 0.6398798085900932 neg 0.20654582036828947 __DUMMY__ 0.15357437104161742	false	1.0
angreifer	neg 1.0		neg 0.3753771136212705 __DUMMY__ 0.3242537833028691 off 0.3003691030758604	false	1.0
trennen	neg 1.0		neg 0.37637037507675963 __DUMMY__ 0.32765914563643367 off 0.29597047928680686	false	1.0
schmutz	neg 1.0		neg 0.3737836428133662 __DUMMY__ 0.32498909123980185 off 0.30122726594683197	false	1.0
inkonsistenz	neg 1.0		neg 0.37704420757588336 __DUMMY__ 0.3210436720872577 off 0.3019121203368589	false	1.0
erschreckend	neg 1.0		neg 0.37934892086721117 __DUMMY__ 0.3236346534703489 off 0.29701642566244	false	1.0
ertrinken	neg 1.0		neg 0.37936762808074503 __DUMMY__ 0.3254663312274001 off 0.2951660406918549	false	1.0
pickelface	off 1.0		neg 0.38136741426175635 __DUMMY__ 0.3232493154853312 off 0.29538327025291233	false	0.5
seiner			neg 0.3805856844953491 __DUMMY__ 0.32553835264286013 off 0.29387596286179085	false	0.0
lauch	neg 1.0		neg 0.3874500540014935 __DUMMY__ 0.3236651741163887 off 0.28888477188211786	false	1.0
unwichtig	neg 1.0		neg 0.3740798285530474 __DUMMY__ 0.32224732607291834 off 0.3036728453740343	false	1.0
steuerhinterziehung	neg 1.0		neg 0.3838935856075423 __DUMMY__ 0.3216776425186277 off 0.29442877187382993	false	1.0
schock	neg 1.0		neg 0.3750610035348321 __DUMMY__ 0.3259809642094764 off 0.29895803225569145	false	1.0
beule	neg 1.0		neg 0.37154040798344223 __DUMMY__ 0.323304359839168 off 0.3051552321773898	false	1.0
vergelten	neg 1.0		neg 0.3679468724510704 __DUMMY__ 0.32336813437492434 off 0.30868499317400533	false	1.0
verdorbenheit	neg 1.0		neg 0.3777646315618599 __DUMMY__ 0.324198832286483 off 0.298036536151657	false	1.0
trauma	neg 1.0		neg 0.37723975810070076 __DUMMY__ 0.32334772840053483 off 0.2994125134987644	false	1.0
sinnlos	neg 1.0		neg 0.37450778340596935 __DUMMY__ 0.3238649859791369 off 0.30162723061489377	false	1.0
fettsack	off 1.0	off 1.0	off 0.6415427330238948 neg 0.20428208506928403 __DUMMY__ 0.15417518190682117	false	1.0
feige	off 1.0	off 1.0	off 0.6379652564897723 neg 0.20730777062997788 __DUMMY__ 0.15472697288024986	false	1.0
abdanken	neg 1.0		neg 0.3816598559824257 __DUMMY__ 0.32227584925733904 off 0.29606429476023527	false	1.0
wichtigtuer	off 1.0	off 1.0	off 0.6363091844263598 neg 0.20826206014580134 __DUMMY__ 0.15542875542783885	false	1.0
misslingen	neg 1.0		neg 0.37161881821504034 __DUMMY__ 0.3266719607973487 off 0.3017092209876109	false	1.0
untreu	off 1.0		neg 0.3732103198759905 __DUMMY__ 0.32183133610361647 off 0.3049583440203931	false	0.5
missmutig	neg 1.0		neg 0.37213040317502394 __DUMMY__ 0.32331682017670554 off 0.3045527766482705	false	1.0
hurenbock	off 1.0		neg 0.37528883793980994 __DUMMY__ 0.32425267811772746 off 0.3004584839424627	false	0.5
betrunken	neg 1.0		neg 0.3681766808720139 __DUMMY__ 0.3236119132709339 off 0.3082114058570523	false	1.0
korrupt	off 1.0		neg 0.38577571046084097 __DUMMY__ 0.3210345879750538 off 0.2931897015641053	false	0.5
unmut	neg 1.0		neg 0.38594841466329927 __DUMMY__ 0.3246789273587676 off 0.2893726579779331	false	1.0
hackfresse	off 1.0		neg 0.36719208475379306 __DUMMY__ 0.32002884435393425 off 0.31277907089227275	false	0.5
aufblasen	neg 1.0		neg 0.3741965633414533 __DUMMY__ 0.3247611204959953 off 0.30104231616255145	false	1.0
gewaltsam	neg 1.0		neg 0.3793667472404192 __DUMMY__ 0.32361467426416335 off 0.2970185784954173	false	1.0
unbeliebtheit	neg 1.0		neg 0.3807555381332389 __DUMMY__ 0.31881228374989634 off 0.30043217811686473	false	1.0
sturheit	neg 1.0		neg 0.3798979431625428 __DUMMY__ 0.32334764940833166 off 0.2967544074291255	false	1.0
kuh	neg 1.0		neg 0.3807348125984107 __DUMMY__ 0.32166861279246217 off 0.2975965746091271	false	1.0
erschrecken	neg 1.0		neg 0.37244056745889315 __DUMMY__ 0.32367198163330435 off 0.3038874509078026	false	1.0
opfer	neg 1.0		neg 0.38039082315827305 __DUMMY__ 0.32482563968689043 off 0.29478353715483663	false	1.0
sinken	neg 1.0		neg 0.3834926878522446 __DUMMY__ 0.3256560225811579 off 0.2908512895665976	false	1.0
stinktier	neg 1.0		neg 0.37110327756433986 __DUMMY__ 0.320005575690382 off 0.3088911467452781	false	1.0
tucke	off 1.0		neg 0.370999779342548 __DUMMY__ 0.31749908409254224 off 0.31150113656490963	false	0.5
ein			neg 0.3743674264314714 __DUMMY__ 0.32514444117540164 off 0.300488132393127	false	0.0
abstieg	neg 1.0		neg 0.37975582038292116 __DUMMY__ 0.3258832006637256 off 0.2943609789533532	false	1.0
missverstehen	neg 1.0		neg 0.37719630856666886 __DUMMY__ 0.32213143631168406 off 0.3006722551216471	false	1.0
ergebnislos	neg 1.0		neg 0.3824055320136134 __DUMMY__ 0.32443297253148806 off 0.29316149545489867	false	1.0
unter			neg 0.38323250261199227 __DUMMY__ 0.32938409354691456 off 0.2873834038410932	false	0.0
manipulieren	neg 1.0		neg 0.38296181818257624 __DUMMY__ 0.3244523192856923 off 0.2925858625317314	false	1.0
unbewiesen	neg 1.0		neg 0.38518461606542875 __DUMMY__ 0.3194970672505149 off 0.29531831668405634	false	1.0
verschleppen	neg 1.0		neg 0.38171376542975693 __DUMMY__ 0.32366360926206483 off 0.2946226253081781	false	1.0
weib	off 1.0		neg 0.36816809301919545 __DUMMY__ 0.319533902670661 off 0.31229800431014343	false	0.5
opposition	neg 1.0		neg 0.37907476363722253 __DUMMY__ 0.32177763757417915 off 0.29914759878859826	false	1.0
verkehrswidrig	neg 1.0	neg 1.0	neg 0.6698106928151061 off 0.17233656775458772 __DUMMY__ 0.15785273943030625	false	1.0
inkorrekt	neg 1.0		neg 0.375973762503491 __DUMMY__ 0.31938011628148494 off 0.304646121215024	false	1.0
vermeiden	neg 1.0		neg 0.38416491777100953 __DUMMY__ 0.3271791105672711 off 0.2886559716617194	false	1.0
abweichung	neg 1.0	neg 1.0	neg 0.6808089262407797 off 0.16251503147626808 __DUMMY__ 0.1566760422829522	false	1.0
alkoholisiert	neg 1.0		neg 0.374082146611152 __DUMMY__ 0.3294638781594667 off 0.29645397522938133	false	1.0
scheiss	off 1.0	off 1.0	off 0.6387882363328413 neg 0.20560745153064372 __DUMMY__ 0.15560431213651488	false	1.0
herausforderung	neg 1.0	neg 1.0	neg 0.6775512492144312 off 0.16353410603341612 __DUMMY__ 0.1589146447521527	false	1.0
pervers	off 1.0		neg 0.3647837537421854 __DUMMY__ 0.3191140753145558 off 0.3161021709432588	false	0.5
wackelig	neg 1.0		neg 0.37494670922541085 __DUMMY__ 0.32718723145036616 off 0.29786605932422294	false	1.0
verwickeln	neg 1.0		neg 0.3768140437649424 __DUMMY__ 0.32242298303005895 off 0.3007629732049988	false	1.0
vorwand	neg 1.0		neg 0.3838745943743586 __DUMMY__ 0.32451374784346887 off 0.29161165778217235	false	1.0
muschi	off 1.0		neg 0.3801804546814524 __DUMMY__ 0.32360408822687553 off 0.296215457091672	false	0.5
entmutigung	neg 1.0		neg 0.38074657883776003 __DUMMY__ 0.3210818791600292 off 0.2981715420022107	false	1.0
unangemessen	neg 1.0		neg 0.3816999832919254 __DUMMY__ 0.3229378670087204 off 0.29536214969935415	false	1.0
unstetig	neg 1.0		neg 0.3775558679554854 __DUMMY__ 0.32327030360425835 off 0.2991738284402562	false	1.0
entmutigen	neg 1.0		neg 0.3754938719268506 __DUMMY__ 0.324028854380603 off 0.30047727369254645	false	1.0
schwanz	neg 1.0		neg 0.38262691097863427 __DUMMY__ 0.3244887615892718 off 0.2928843274320938	false	1.0
verbot	neg 1.0		neg 0.3845894948185125 __DUMMY__ 0.321971507121058 off 0.29343899806042956	false	1.0
leid	neg 1.0		neg 0.3676883077379584 __DUMMY__ 0.3214734328318616 off 0.3108382594301801	false	1.0
archaisch	neg 1.0		neg 0.3797162518276781 __DUMMY__ 0.3241658165482694 off 0.2961179316240524	false	1.0
gegen			neg 0.38259698965348654 __DUMMY__ 0.32578277117653165 off 0.2916202391699818	false	0.0
scheidung	neg 1.0		neg 0.36030183241570135 off 0.32044126127964156 __DUMMY__ 0.31925690630465703	false	1.0
einschlag	neg 1.0	neg 1.0	neg 0.6739365169542967 off 0.17040264028056862 __DUMMY__ 0.1556608427651347	false	1.0
m			neg 0.3783638337847671 __DUMMY__ 0.32511876519191657 off 0.29651740102331625	false	0.0
abgestanden	neg 1.0		neg 0.3772193605833488 __DUMMY__ 0.3236251014208654 off 0.2991555379957858	false	1.0
schmierig	off 1.0		neg 0.36809939002805636 __DUMMY__ 0.32162119472907724 off 0.31027941524286645	false	0.5
unpraktisch	neg 1.0		neg 0.37395395422187877 __DUMMY__ 0.3251696442334159 off 0.30087640154470524	false	1.0
wixxer	off 1.0		neg 0.3661424220072406 __DUMMY__ 0.31850818270164477 off 0.3153493952911146	false	0.5
bezeichnet			neg 0.37932873889876717 __DUMMY__ 0.32320317688538097 off 0.2974680842158518	false	0.0
jammerlappen	off 1.0		neg 0.3736098371818808 __DUMMY__ 0.32240931472444717 off 0.30398084809367204	false	0.5
farce	neg 1.0		neg 0.38419024722481465 __DUMMY__ 0.3215880707367195 off 0.2942216820384659	false	1.0
zwecklos	neg 1.0		neg 0.38084293156567894 __DUMMY__ 0.32345553287416684 off 0.29570153556015427	false	1.0
turbulent	neg 1.0		neg 0.3748744544839796 __DUMMY__ 0.3213760526376377 off 0.3037494928783826	false	1.0
invasion	neg 1.0		neg 0.37461224403402105 __DUMMY__ 0.32375357228021184 off 0.30163418368576694	false	1.0
schuld	neg 1.0		neg 0.3768783916600191 __DUMMY__ 0.323577797690792 off 0.2995438106491889	false	1.0
risiko	neg 1.0		neg 0.3757938375998787 __DUMMY__ 0.3247354718562211 off 0.2994706905439002	false	1.0
finster	neg 1.0		neg 0.37505297652021413 __DUMMY__ 0.3245693317612164 off 0.30037769171856954	false	1.0
geisteskrank	off 1.0		neg 0.37383647573182605 __DUMMY__ 0.32100460657532914 off 0.305158917692845	false	0.5
zusammenbrechen	neg 1.0		neg 0.3774103127525631 __DUMMY__ 0.32503054131585335 off 0.29755914593158356	false	1.0
ausbeute	neg 1.0		neg 0.3772453384555613 __DUMMY__ 0.32749951733590654 off 0.2952551442085322	false	1.0
hinterhalt	neg 1.0		neg 0.3776670991718689 __DUMMY__ 0.32530464118957964 off 0.2970282596385513	false	1.0
kritik	neg 1.0		neg 0.38390940372478105 __DUMMY__ 0.32187433028198176 off 0.29421626599323714	false	1.0
einschrumpfen	neg 1.0		neg 0.3795928657450265 __DUMMY__ 0.3204927260063914 off 0.2999144082485821	false	1.0
riskant	neg 1.0		neg 0.3824640112895837 __DUMMY__ 0.32381160022977035 off 0.2937243884806459	false	1.0
frustrieren	neg 1.0		neg 0.3810112998590464 __DUMMY__ 0.32447987645390725 off 0.29450882368704634	false	1.0
groll	neg 1.0		neg 0.37972955847378437 __DUMMY__ 0.3243136337994376 off 0.29595680772677796	false	1.0
gibt			neg 0.37896266667545925 __DUMMY__ 0.3244045110548794 off 0.29663282226966126	false	0.0
qualvoll	neg 1.0		neg 0.37231733381291887 __DUMMY__ 0.32433252573396876 off 0.30335014045311226	false	1.0
wackeln	neg 1.0	neg 1.0	neg 0.6764111369258403 off 0.16630577646364098 __DUMMY__ 0.15728308661051874	false	1.0
klagen	neg 1.0		neg 0.3849257469985975 __DUMMY__ 0.3249024206745987 off 0.29017183232680366	false	1.0
bankrott	neg 1.0		neg 0.37353210587118113 __DUMMY__ 0.32325383741955965 off 0.3032140567092594	false	1.0
trauern	neg 1.0		neg 0.37873291413689253 __DUMMY__ 0.325922901411072 off 0.2953441844520354	false	1.0
ablehnung	neg 1.0		neg 0.3841212821750854 __DUMMY__ 0.3217240468714991 off 0.2941546709534154	false	1.0
stur	neg 1.0		neg 0.37682243574851876 __DUMMY__ 0.3231551511829003 off 0.30002241306858096	false	1.0
aufruhr	neg 1.0		neg 0.3796922597262757 __DUMMY__ 0.32349356813465024 off 0.29681417213907413	false	1.0
melancholie	neg 1.0		neg 0.3777406185394498 __DUMMY__ 0.32562242371599964 off 0.2966369577445506	false	1.0
ist			neg 0.3754000698029858 __DUMMY__ 0.3237571512854445 off 0.3008427789115697	false	0.0
torheit	neg 1.0		neg 0.37958181359100324 __DUMMY__ 0.32217833163295373 off 0.29823985477604303	false	1.0
dreckskind	off 1.0		neg 0.3701665773689463 __DUMMY__ 0.31952380231265304 off 0.31030962031840054	false	0.5
umtauschen	neg 1.0		neg 0.3767743213748453 __DUMMY__ 0.3246527434918943 off 0.2985729351332604	false	1.0
zum			neg 0.37852366787030145 __DUMMY__ 0.33027968396710083 off 0.2911966481625976	false	0.0
zersetzen	neg 1.0		neg 0.38470752169973427 __DUMMY__ 0.323525748081362 off 0.2917667302189038	false	1.0
zur			neg 0.3849000014222536 __DUMMY__ 0.32718267968859777 off 0.2879173188891485	false	0.0
frust	neg 1.0		neg 0.37756683284791065 __DUMMY__ 0.32506520441575926 off 0.2973679627363301	false	1.0
unerbittlichkeit	neg 1.0		neg 0.383768171441791 __DUMMY__ 0.32396943494799085 off 0.2922623936102182	false	1.0
zwei			neg 0.3781245995855232 __DUMMY__ 0.3289381887792901 off 0.29293721163518677	false	0.0
unkorrekt	neg 1.0		neg 0.37430063731797153 __DUMMY__ 0.31989576991749485 off 0.3058035927645337	false	1.0
hexe	off 1.0		neg 0.37243441430166746 __DUMMY__ 0.322589507236408 off 0.3049760784619244	false	0.5
lasch	neg 1.0		neg 0.3764172598149374 __DUMMY__ 0.32171238101522914 off 0.3018703591698334	false	1.0
rivale	neg 1.0		neg 0.36932761305789047 __DUMMY__ 0.32285814636073074 off 0.30781424058137885	false	1.0
mutlos	off 1.0	off 1.0	off 0.6320213420383686 neg 0.21225478861258343 __DUMMY__ 0.15572386934904806	false	1.0
wirr	off 1.0		neg 0.3735000398284028 __DUMMY__ 0.320145672013633 off 0.30635428815796434	false	0.5
jahr			neg 0.3762140872568855 __DUMMY__ 0.32870418452716826 off 0.2950817282159463	false	0.0
wird			neg 0.3793636379289989 __DUMMY__ 0.3251606609547653 off 0.29547570111623583	false	0.0
strafbar	neg 1.0		neg 0.38309224729417524 __DUMMY__ 0.32338417422234916 off 0.29352357848347577	false	1.0
erosion	neg 1.0		neg 0.375475533297388 __DUMMY__ 0.3246590054215545 off 0.2998654612810574	false	1.0
eingehen	neg 1.0		neg 0.3819708070875754 __DUMMY__ 0.3233333246177538 off 0.29469586829467065	false	1.0
faul	off 1.0		neg 0.3725242907849958 __DUMMY__ 0.32359516563493473 off 0.3038805435800695	false	0.5
provisorium	neg 1.0		neg 0.38599878022176587 __DUMMY__ 0.32801531710976023 off 0.28598590266847385	false	1.0
schmerzen	neg 1.0		neg 0.3767311071368464 __DUMMY__ 0.324395739498317 off 0.29887315336483666	false	1.0
schrumpfen	neg 1.0		neg 0.38687109761145144 __DUMMY__ 0.3257259759003732 off 0.2874029264881752	false	1.0
geistlos	off 1.0		neg 0.3808059541920627 __DUMMY__ 0.32007652796551367 off 0.29911751784242363	false	0.5
fehlkauf	neg 1.0		neg 0.37742903466996397 __DUMMY__ 0.32268020854986695 off 0.2998907567801689	false	1.0
frustrierend	neg 1.0		neg 0.37196259422621886 __DUMMY__ 0.3240642040466833 off 0.30397320172709785	false	1.0
unzufrieden	neg 1.0		neg 0.38082363230726857 __DUMMY__ 0.3235734143793604 off 0.2956029533133711	false	1.0
verzweifeln	neg 1.0		neg 0.3772747684969097 __DUMMY__ 0.32437721052414514 off 0.298348020978945	false	1.0
verzweifelt	neg 1.0		neg 0.3767226801258507 __DUMMY__ 0.3231676361741571 off 0.3001096836999923	false	1.0
misstrauensantrag	neg 1.0		neg 0.3776171541539912 __DUMMY__ 0.32214292381661985 off 0.30023992202938893	false	1.0
abfallen	neg 1.0		neg 0.3730043664526022 __DUMMY__ 0.3255066832005044 off 0.3014889503468933	false	1.0
fucker	off 1.0		neg 0.3729604714800032 __DUMMY__ 0.32122954978083235 off 0.3058099787391645	false	0.5
ungezogen	neg 1.0		neg 0.3645617901528837 __DUMMY__ 0.32047028114189274 off 0.3149679287052235	false	1.0
irrsinnig	neg 1.0	neg 1.0	neg 0.6786962541668351 off 0.16557339398597715 __DUMMY__ 0.15573035184718778	false	1.0
unfassbar	neg 1.0		neg 0.3723839549738137 __DUMMY__ 0.32254662177131116 off 0.30506942325487524	false	1.0
hart	neg 1.0		neg 0.37631780974942974 __DUMMY__ 0.3220057107821537 off 0.3016764794684165	false	1.0
widerlich	off 1.0		neg 0.37384847780970976 __DUMMY__ 0.32103952416131365 off 0.30511199802897665	false	0.5
fatal	neg 1.0		neg 0.37682877287534766 __DUMMY__ 0.3228017164333064 off 0.30036951069134593	false	1.0
bruch	neg 1.0		neg 0.3855813685460592 __DUMMY__ 0.3243843472762672 off 0.2900342841776736	false	1.0
aushungern	neg 1.0		neg 0.38228620814941655 __DUMMY__ 0.32211134697316013 off 0.29560244487742343	false	1.0
anspannung	neg 1.0	neg 1.0	neg 0.6796519977870372 off 0.16087746968957248 __DUMMY__ 0.15947053252339033	false	1.0
von			neg 0.37832948058493066 __DUMMY__ 0.3280244496466921 off 0.29364606976837715	false	0.0
kraftlos	neg 1.0		neg 0.3764264433304675 __DUMMY__ 0.32606907890025383 off 0.29750447776927863	false	1.0
vom			neg 0.38156459314558916 __DUMMY__ 0.3300557431217763 off 0.28837966373263435	false	0.0
grenzdebil	off 1.0		neg 0.37135842024736976 __DUMMY__ 0.3223987965780567 off 0.30624278317457343	false	0.5
vor			neg 0.381456562777975 __DUMMY__ 0.325889701271449 off 0.29265373595057603	false	0.0
unterwerfen	neg 1.0		neg 0.3810994096140599 __DUMMY__ 0.32461757264699576 off 0.29428301773894433	false	1.0
versenkung	neg 1.0		neg 0.3818534676590768 __DUMMY__ 0.32441996619155483 off 0.29372656614936843	false	1.0
entziehen	neg 1.0		neg 0.38402176904306484 __DUMMY__ 0.32493224584461766 off 0.29104598511231744	false	1.0
finanzkrise	neg 1.0		neg 0.38389577736719377 __DUMMY__ 0.32110614667400467 off 0.29499807595880145	false	1.0
schimpfend	neg 1.0		neg 0.37228970356746105 __DUMMY__ 0.3260827413204966 off 0.3016275551120424	false	1.0
profan	neg 1.0		neg 0.37506841891307124 __DUMMY__ 0.32309314840167047 off 0.3018384326852584	false	1.0
korruption	neg 1.0	neg 1.0	neg 0.6827423012114018 off 0.1621411955422244 __DUMMY__ 0.15511650324637374	false	1.0
â			neg 0.3801106882665681 __DUMMY__ 0.32490141696307845 off 0.2949878947703534	false	0.0
schmutzig	neg 1.0		neg 0.37142527519787466 __DUMMY__ 0.32279884008274956 off 0.3057758847193758	false	1.0
sexy	neg 1.0		neg 0.37439354806284514 __DUMMY__ 0.3230681612450636 off 0.30253829069209115	false	1.0
abraten	neg 1.0		neg 0.3758062620832243 __DUMMY__ 0.32341912516045257 off 0.3007746127563231	false	1.0
schwarz	neg 1.0		neg 0.37720485646925805 __DUMMY__ 0.3230091080859462 off 0.2997860354447958	false	1.0
fotze	off 1.0		neg 0.3825486670131981 __DUMMY__ 0.32381404562732025 off 0.2936372873594816	false	0.5
verwirren	neg 1.0		neg 0.37458146505297735 __DUMMY__ 0.32322222547966384 off 0.30219630946735887	false	1.0
zahnlos	off 1.0		neg 0.38135982823700637 __DUMMY__ 0.3232550357835187 off 0.29538513597947497	false	0.5
verheeren	neg 1.0		neg 0.36421848604325024 __DUMMY__ 0.3200935168591948 off 0.31568799709755513	false	1.0
hippie	neg 1.0		neg 0.3756086776607243 __DUMMY__ 0.3227463772299836 off 0.30164494510929213	false	1.0
rammen	neg 1.0		neg 0.3788817237171586 __DUMMY__ 0.32256863317814566 off 0.2985496431046957	false	1.0
unlauter	neg 1.0		neg 0.3824791784008797 __DUMMY__ 0.3206925524486259 off 0.2968282691504944	false	1.0
unheilvoll	neg 1.0		neg 0.3726505787521111 __DUMMY__ 0.32492830870514394 off 0.30242111254274484	false	1.0
niedrig	neg 1.0		neg 0.3826990451159504 __DUMMY__ 0.3243965230382334 off 0.2929044318458163	false	1.0
explosion	neg 1.0		neg 0.37644638899121374 __DUMMY__ 0.3226503916128323 off 0.300903219395954	false	1.0
weichei	off 1.0		neg 0.36910157307102015 __DUMMY__ 0.3200489306275443 off 0.3108494963014356	false	0.5
minusmensch	off 1.0		neg 0.3707820816417365 __DUMMY__ 0.31650073808167056 off 0.31271718027659284	false	0.5
farblos	neg 1.0		neg 0.37439366457514517 __DUMMY__ 0.32654925640230587 off 0.2990570790225489	false	1.0
unwissend	neg 1.0	neg 1.0	neg 0.6763386391304734 off 0.16835536648656876 __DUMMY__ 0.15530599438295786	false	1.0
traurig	neg 1.0		neg 0.36876906200562243 __DUMMY__ 0.32244940144435363 off 0.308781536550024	false	1.0
senkung	neg 1.0		neg 0.3782659538563992 __DUMMY__ 0.32140775715828623 off 0.3003262889853145	false	1.0
ungleich	neg 1.0	neg 1.0	neg 0.6824018225471514 off 0.16180191617066086 __DUMMY__ 0.15579626128218774	false	1.0
heikel	neg 1.0		neg 0.3838030219507963 __DUMMY__ 0.32389591203946416 off 0.29230106600973954	false	1.0
drosselung	neg 1.0		neg 0.37208331691770313 __DUMMY__ 0.32240913668862214 off 0.30550754639367467	false	1.0
falsch	neg 1.0		neg 0.3735166814529207 __DUMMY__ 0.3229864678458261 off 0.3034968507012533	false	1.0
unzufriedenheit	neg 1.0		neg 0.3836447528304725 __DUMMY__ 0.3244325506082125 off 0.29192269656131486	false	1.0
kurz	neg 1.0		neg 0.3753947930160114 __DUMMY__ 0.32628624708806775 off 0.2983189598959208	false	1.0
unsinnig	neg 1.0		neg 0.3817627326996582 __DUMMY__ 0.32263751401935425 off 0.29559975328098753	false	1.0
penner	off 1.0	off 1.0	off 0.6432975815489298 neg 0.20261833392923403 __DUMMY__ 0.15408408452183614	false	1.0
seicht	neg 1.0		neg 0.3681794214971287 __DUMMY__ 0.31848505901471114 off 0.31333551948816024	false	1.0
dummheit	off 1.0	off 1.0	off 0.6363203787232184 neg 0.20857104959109293 __DUMMY__ 0.1551085716856887	false	1.0
unerfreulich	neg 1.0		neg 0.382773580337728 __DUMMY__ 0.32518438759803525 off 0.2920420320642367	false	1.0
motherfucker	off 1.0	off 1.0	off 0.6389043367287705 neg 0.20660583642529257 __DUMMY__ 0.154489826845937	false	1.0
pikiert	neg 1.0		neg 0.37530089036233405 __DUMMY__ 0.32101987436339663 off 0.3036792352742694	false	1.0
wrack	neg 1.0		neg 0.3774049559805299 __DUMMY__ 0.326955933002072 off 0.2956391110173982	false	1.0
gangster	neg 1.0		neg 0.3753394319342142 __DUMMY__ 0.3231734576377214 off 0.3014871104280646	false	1.0
krank	neg 1.0		neg 0.36925307316800626 __DUMMY__ 0.32344154406571346 off 0.3073053827662803	false	1.0
reich	neg 1.0		neg 0.37546273588379037 __DUMMY__ 0.3218793639166035 off 0.3026579001996061	false	1.0
gnadenlos	neg 1.0		neg 0.3765158308372585 __DUMMY__ 0.3237882652922311 off 0.29969590387051037	false	1.0
niedergeschlagen	neg 1.0		neg 0.3769020920037011 __DUMMY__ 0.32524246309265675 off 0.2978554449036421	false	1.0
terrorisieren	off 1.0	off 1.0	off 0.6328474989474097 neg 0.2106539520133746 __DUMMY__ 0.15649854903921576	false	1.0
sinnlosigkeit	neg 1.0		neg 0.37996131578584025 __DUMMY__ 0.32394268233853113 off 0.2960960018756287	false	1.0
behindern	neg 1.0		neg 0.37967117976723114 __DUMMY__ 0.3232570269852945 off 0.2970717932474743	false	1.0
undemokratisch	neg 1.0		neg 0.3813344216814503 __DUMMY__ 0.3211775170015225 off 0.2974880613170273	false	1.0
wirtschaftskrise	neg 1.0		neg 0.3840010102803692 __DUMMY__ 0.3227099105626176 off 0.2932890791570133	false	1.0
neid	neg 1.0		neg 0.36900069932704704 __DUMMY__ 0.32513046904514203 off 0.305868831627811	false	1.0
rutschen	neg 1.0	neg 1.0	neg 0.678733835298902 off 0.16204025108187384 __DUMMY__ 0.15922591361922417	false	1.0
rezession	neg 1.0		neg 0.37467106910680503 __DUMMY__ 0.31859150407933934 off 0.3067374268138556	false	1.0
fehlgeburt	neg 1.0		neg 0.3739121678218 __DUMMY__ 0.3244668496262394 off 0.30162098255196057	false	1.0
charakterschwach	off 1.0		neg 0.37310226652115 __DUMMY__ 0.3217348130831789 off 0.3051629203956712	false	0.5
isolation	neg 1.0		neg 0.3721868881969322 __DUMMY__ 0.32396188526943415 off 0.3038512265336338	false	1.0
ablenkung	neg 1.0		neg 0.3763131259061487 __DUMMY__ 0.32432410907983983 off 0.2993627650140116	false	1.0
pech	neg 1.0		neg 0.3726349075499489 __DUMMY__ 0.3237511699545856 off 0.3036139224954656	false	1.0
vermeidung	neg 1.0		neg 0.3738160687255053 __DUMMY__ 0.3211872575457321 off 0.3049966737287626	false	1.0
dominieren	neg 1.0		neg 0.37737704330716615 __DUMMY__ 0.32652896612717247 off 0.29609399056566155	false	1.0
schwindlig	neg 1.0		neg 0.3717021355344431 __DUMMY__ 0.3253279468313257 off 0.3029699176342314	false	1.0
lutscher	neg 1.0	neg 1.0	neg 0.6727265943147892 off 0.1738264938187319 __DUMMY__ 0.15344691186647894	false	1.0
pflicht	neg 1.0		neg 0.38306529143771345 __DUMMY__ 0.3244309480836554 off 0.29250376047863114	false	1.0
faschist	off 1.0		neg 0.378871655471309 __DUMMY__ 0.3209578431277916 off 0.3001705014008993	false	0.5
verschleudern	neg 1.0		neg 0.38690126524589047 __DUMMY__ 0.32158791918686763 off 0.2915108155672419	false	1.0
wenn			neg 0.3730799727130623 __DUMMY__ 0.32307421780431084 off 0.30384580948262685	false	0.0
ehebruch	neg 1.0		neg 0.3823765986466168 __DUMMY__ 0.3235072996991735 off 0.29411610165420965	false	1.0
spott	off 1.0		neg 0.3836991759767791 __DUMMY__ 0.3231424617619338 off 0.2931583622612872	false	0.5
trostlosigkeit	neg 1.0		neg 0.3838113899554191 __DUMMY__ 0.32489529371721015 off 0.2912933163273708	false	1.0
lutschen	neg 1.0		neg 0.3779853996835356 __DUMMY__ 0.32177294778353216 off 0.30024165253293233	false	1.0
undiszipliniert	neg 1.0		neg 0.37016609447776394 __DUMMY__ 0.32230360837061517 off 0.30753029715162106	false	1.0
kopfschmerz	neg 1.0		neg 0.37668313910054546 __DUMMY__ 0.3254479838347105 off 0.2978688770647441	false	1.0
unvorhergesehen	neg 1.0		neg 0.3759301288102939 __DUMMY__ 0.3275738623371426 off 0.29649600885256344	false	1.0
desinteressiert	neg 1.0		neg 0.37168834956559543 __DUMMY__ 0.321531063598672 off 0.3067805868357324	false	1.0
armselig	off 1.0		neg 0.3727808457906484 __DUMMY__ 0.3201961509871193 off 0.3070230032222323	false	0.5
desaster	neg 1.0		neg 0.3862369646389896 __DUMMY__ 0.32440213002945517 off 0.28936090533155534	false	1.0
tod	neg 1.0		neg 0.3799468711910836 __DUMMY__ 0.3249912938977285 off 0.29506183491118787	false	1.0
herzlos	neg 1.0		neg 0.37057214802820704 __DUMMY__ 0.3210850291150571 off 0.30834282285673587	false	1.0
unwissenheit	neg 1.0		neg 0.3827663712159583 __DUMMY__ 0.3225363880084664 off 0.2946972407755752	false	1.0
widersinnig	neg 1.0	neg 1.0	neg 0.6823513743979112 off 0.16275985361099318 __DUMMY__ 0.15488877199109574	false	1.0
bedenklich	neg 1.0		neg 0.38248902551483543 __DUMMY__ 0.32358302183218174 off 0.29392795265298294	false	1.0
beanstanden	neg 1.0		neg 0.3835238737229378 __DUMMY__ 0.32463964732155803 off 0.29183647895550424	false	1.0
panisch	neg 1.0	neg 1.0	neg 0.6743912068290642 off 0.1680503257623414 __DUMMY__ 0.15755846740859447	false	1.0
debil	off 1.0		neg 0.3871779983449635 __DUMMY__ 0.32620042500427854 off 0.28662157665075805	false	0.5
abstrich	neg 1.0		neg 0.38161446935197463 __DUMMY__ 0.3238072451845918 off 0.29457828546343356	false	1.0
primitiv	neg 1.0		neg 0.37330086913294336 __DUMMY__ 0.32104458817666065 off 0.30565454269039594	false	1.0
abschaum	off 1.0	off 1.0	off 0.6378499886954495 neg 0.20707432662381128 __DUMMY__ 0.15507568468073918	false	1.0
provozieren	neg 1.0		neg 0.3780641581720577 __DUMMY__ 0.3230275433428299 off 0.2989082984851126	false	1.0
tot	neg 1.0		neg 0.38081681593383676 __DUMMY__ 0.3248156610864133 off 0.2943675229797501	false	1.0
instabil	neg 1.0		neg 0.3757046211639041 __DUMMY__ 0.3198517037185629 off 0.30444367511753295	false	1.0
schwuchtel	off 1.0		neg 0.3645603761941869 off 0.3186735271584975 __DUMMY__ 0.3167660966473157	false	0.5
zerren	neg 1.0		neg 0.3765360347803535 __DUMMY__ 0.32537735735525913 off 0.2980866078643873	false	1.0
kinderficker	off 1.0		neg 0.3710564536594517 __DUMMY__ 0.31939241816743746 off 0.3095511281731107	false	0.5
gefahr	neg 1.0		neg 0.38342369526400627 __DUMMY__ 0.32452590188715746 off 0.29205040284883627	false	1.0
rabiat	neg 1.0		neg 0.37902771877920083 __DUMMY__ 0.32297253152590083 off 0.2979997496948984	false	1.0
verlangsamung	neg 1.0		neg 0.369691382212588 __DUMMY__ 0.3189502194444684 off 0.3113583983429435	false	1.0
ausgestorben	neg 1.0		neg 0.37646591078478436 __DUMMY__ 0.32490130016512764 off 0.298632789050088	false	1.0
anklagen	neg 1.0		neg 0.38171573453048013 __DUMMY__ 0.32284780416534375 off 0.2954364613041761	false	1.0
trott	neg 1.0		neg 0.3774642002403962 __DUMMY__ 0.3243790458971344 off 0.2981567538624695	false	1.0
verminderung	neg 1.0		neg 0.3720303436965598 __DUMMY__ 0.32160263943434586 off 0.3063670168690943	false	1.0
nach			neg 0.3792435048726481 __DUMMY__ 0.3296038433352371 off 0.2911526517921148	false	0.0
rost	neg 1.0		neg 0.36885720242202175 __DUMMY__ 0.32032655544605354 off 0.3108162421319247	false	1.0
destruktiv	neg 1.0		neg 0.38107454679671826 __DUMMY__ 0.3221314087658984 off 0.2967940444373834	false	1.0
unzumutbarkeit	neg 1.0		neg 0.37240482967830013 __DUMMY__ 0.3232788819363883 off 0.3043162883853116	false	1.0
labil	off 1.0	off 1.0	off 0.6377313668187631 neg 0.20721972332047167 __DUMMY__ 0.15504890986076514	false	1.0
ziemlich	neg 1.0		neg 0.3705137109926138 __DUMMY__ 0.32331600691684664 off 0.30617028209053965	false	1.0
lachnummer	off 1.0		neg 0.3788725890236818 __DUMMY__ 0.32324414534898455 off 0.29788326562733364	false	0.5
oder			neg 0.3749588163386551 __DUMMY__ 0.32510618194549545 off 0.29993500171584936	false	0.0
verfall	neg 1.0		neg 0.3881564292809705 __DUMMY__ 0.3250091408736594 off 0.2868344298453701	false	1.0
ausgrenzung	neg 1.0		neg 0.381398325279751 __DUMMY__ 0.32062669669478394 off 0.2979749780254649	false	1.0
unordnung	neg 1.0		neg 0.37218500392963855 __DUMMY__ 0.3228702690692899 off 0.30494472700107156	false	1.0
fehlverhalten	neg 1.0		neg 0.3840475322500281 __DUMMY__ 0.32366666342148975 off 0.2922858043284821	false	1.0
eine			neg 0.38195065159606356 __DUMMY__ 0.32531877302613166 off 0.29273057537780467	false	0.0
nille	neg 1.0		neg 0.37930937454858743 __DUMMY__ 0.32377898412977213 off 0.2969116413216404	false	1.0
qual	neg 1.0		neg 0.37815344762995123 __DUMMY__ 0.3241324778652114 off 0.2977140745048375	false	1.0
verschwenden	neg 1.0		neg 0.3816308690991478 __DUMMY__ 0.3237252229852825 off 0.2946439079155697	false	1.0
riesig	neg 1.0	neg 1.0	neg 0.679561818074521 off 0.1632941408297728 __DUMMY__ 0.1571440410957062	false	1.0
verurteilen	neg 1.0		neg 0.3820165122104762 __DUMMY__ 0.32299020615041923 off 0.29499328163910454	false	1.0
klischee	neg 1.0	neg 1.0	neg 0.6781118768020624 off 0.16690215660321717 __DUMMY__ 0.1549859665947203	false	1.0
diktatorisch	neg 1.0		neg 0.38249734765775234 __DUMMY__ 0.32012149620916003 off 0.29738115613308763	false	1.0
vorhersehbar	neg 1.0	neg 1.0	neg 0.6779798615253471 off 0.16667440694855562 __DUMMY__ 0.1553457315260973	false	1.0
sowie			neg 0.37080787162671575 __DUMMY__ 0.31959644441632645 off 0.3095956839569578	false	0.0
stornieren	neg 1.0		neg 0.37138684218916573 __DUMMY__ 0.3268765136359733 off 0.30173664417486096	false	1.0
besteuerung	neg 1.0		neg 0.3813225684082099 __DUMMY__ 0.32125820054594484 off 0.2974192310458454	false	1.0
ungeschminkt	neg 1.0		neg 0.37384631017504655 __DUMMY__ 0.3212663913987655 off 0.304887298426188	false	1.0
kritisch	neg 1.0		neg 0.3822272327912759 __DUMMY__ 0.3238846746606706 off 0.29388809254805337	false	1.0
schlamperei	off 1.0		neg 0.38512983338791096 __DUMMY__ 0.3230682833436082 off 0.2918018832684809	false	0.5
sucht	neg 1.0	neg 1.0	neg 0.6784486254050898 off 0.16509652672899938 __DUMMY__ 0.1564548478659108	false	1.0
egoistisch	off 1.0		neg 0.3675598404166792 __DUMMY__ 0.3209877303661706 off 0.31145242921715016	false	0.5
ausbeuter	off 1.0		neg 0.3858482328525136 __DUMMY__ 0.32274030643082163 off 0.2914114607166648	false	0.5
arschgeburt	off 1.0		neg 0.3649864704938153 off 0.31858058692380253 __DUMMY__ 0.3164329425823821	false	0.5
schubs	neg 1.0	neg 1.0	neg 0.6780939624902953 off 0.16441249287592022 __DUMMY__ 0.1574935446337844	false	1.0
unsolide	neg 1.0		neg 0.38464043373629986 __DUMMY__ 0.31849603415718547 off 0.2968635321065146	false	1.0
beschwerde	neg 1.0		neg 0.3853282353879018 __DUMMY__ 0.32281719164460737 off 0.2918545729674909	false	1.0
stocken	neg 1.0		neg 0.3832016887269615 __DUMMY__ 0.3236002703716428 off 0.2931980409013958	false	1.0
isolieren	neg 1.0		neg 0.3821907455484867 __DUMMY__ 0.3232985629004602 off 0.2945106915510532	false	1.0
unheilbar	neg 1.0		neg 0.37553397670797867 __DUMMY__ 0.32465235269394704 off 0.29981367059807434	false	1.0
pisser	off 1.0		neg 0.37315611082180455 __DUMMY__ 0.32098316788316805 off 0.3058607212950275	false	0.5
löschen	neg 1.0		neg 0.37792200444330054 __DUMMY__ 0.3237833938947497 off 0.2982946016619498	false	1.0
durchfallen	neg 1.0		neg 0.38208281442937053 __DUMMY__ 0.3229687375915338 off 0.29494844797909564	false	1.0
wichser	off 1.0		neg 0.3639846384495819 __DUMMY__ 0.3194983145044345 off 0.31651704704598377	false	0.5
terror	neg 1.0		neg 0.3740790386645161 __DUMMY__ 0.32384805429642477 off 0.3020729070390591	false	1.0
krass	neg 1.0		neg 0.3701402851659831 __DUMMY__ 0.32097736603201765 off 0.3088823488019993	false	1.0
revolte	neg 1.0	neg 1.0	neg 0.679712982845351 off 0.1654526076904904 __DUMMY__ 0.1548344094641587	false	1.0
besorgt	neg 1.0		neg 0.3760122504159522 __DUMMY__ 0.3263163366007761 off 0.2976714129832717	false	1.0
nachlassen	neg 1.0		neg 0.38137103623673935 __DUMMY__ 0.32484606247644476 off 0.29378290128681595	false	1.0
alt	neg 1.0		neg 0.38018124123790703 __DUMMY__ 0.3247351212100493 off 0.29508363755204375	false	1.0
hundesohn	off 1.0		neg 0.3686741059889913 __DUMMY__ 0.31808189912840457 off 0.3132439948826042	false	0.5
als			neg 0.377125639434883 __DUMMY__ 0.32548480369260424 off 0.29738955687251273	false	0.0
abschreckung	neg 1.0		neg 0.3847075155263966 __DUMMY__ 0.3243867293335033 off 0.2909057551401001	false	1.0
unqualifiziert	neg 1.0		neg 0.37827052629301094 __DUMMY__ 0.3209040181430419 off 0.3008254555639473	false	1.0
abgewichst	off 1.0		neg 0.3789592607127085 __DUMMY__ 0.3244112049660819 off 0.2966295343212096	false	0.5
schwer	neg 1.0		neg 0.37681199723936815 __DUMMY__ 0.3243380818514511 off 0.2988499209091807	false	1.0
bedeutungslosigkeit	neg 1.0		neg 0.3836941436446767 __DUMMY__ 0.32425389626393886 off 0.2920519600913844	false	1.0
kapitulation	neg 1.0		neg 0.3863307145427055 __DUMMY__ 0.3217440216725951 off 0.29192526378469935	false	1.0
unscharf	neg 1.0		neg 0.3756878916134426 __DUMMY__ 0.3230917306785149 off 0.3012203777080425	false	1.0
schwinden	neg 1.0		neg 0.3832658225362318 __DUMMY__ 0.324594068601457 off 0.2921401088623113	false	1.0
versklavung	neg 1.0		neg 0.38279089706001773 __DUMMY__ 0.32023836086632257 off 0.29697074207365964	false	1.0
schlecht	neg 1.0		neg 0.3702998895117477 __DUMMY__ 0.32337464121948617 off 0.306325469268766	false	1.0
verhasst	neg 1.0		neg 0.3772078221184553 __DUMMY__ 0.3232172906229146 off 0.2995748872586299	false	1.0
beschweren	neg 1.0		neg 0.37525716753887306 __DUMMY__ 0.32371682644851735 off 0.30102600601260954	false	1.0
scheiden	neg 1.0		neg 0.3702599978854547 __DUMMY__ 0.32778316824549963 off 0.3019568338690457	false	1.0
frustriert	neg 1.0		neg 0.3779848875078968 __DUMMY__ 0.32445599134831077 off 0.2975591211437923	false	1.0
schimmelig	neg 1.0		neg 0.3807531142118258 __DUMMY__ 0.32492617955167286 off 0.2943207062365013	false	1.0
fisch	neg 1.0		neg 0.37773830554781274 __DUMMY__ 0.3275952984108006 off 0.2946663960413866	false	1.0
schmuggel	neg 1.0		neg 0.38018771049877537 __DUMMY__ 0.326364584632875 off 0.2934477048683496	false	1.0
auffallen	neg 1.0		neg 0.37454857600758257 __DUMMY__ 0.3236074136209248 off 0.3018440103714926	false	1.0
konkurrenz	neg 1.0	neg 1.0	neg 0.6813172489242738 off 0.16131182799308763 __DUMMY__ 0.1573709230826385	false	1.0
teufelskreis	neg 1.0	neg 1.0	neg 0.6797809115918771 off 0.16433997327054217 __DUMMY__ 0.15587911513758063	false	1.0
aufschreien	neg 1.0		neg 0.3761945555503927 __DUMMY__ 0.3227517949931554 off 0.3010536494564518	false	1.0
schuldner	neg 1.0		neg 0.38321432147484746 __DUMMY__ 0.3244620722794548 off 0.29232360624569786	false	1.0
missgeburt	off 1.0	off 1.0	off 0.6412799772196907 neg 0.20482040513708066 __DUMMY__ 0.15389961764322863	false	1.0
arbeitslos	neg 1.0		neg 0.38152669456065247 __DUMMY__ 0.32310779109956345 off 0.29536551433978414	false	1.0
befallen	neg 1.0		neg 0.38222754017202754 __DUMMY__ 0.3225244136054214 off 0.295248046222551	false	1.0
miesepetrig	off 1.0	off 1.0	off 0.6392290708775232 neg 0.20492829962392878 __DUMMY__ 0.15584262949854796	false	1.0
alarmieren	neg 1.0		neg 0.37750743972817313 __DUMMY__ 0.3206094703348623 off 0.30188308993696444	false	1.0
ungeduscht	off 1.0		neg 0.3724727212518082 __DUMMY__ 0.3239489395365197 off 0.30357833921167215	false	0.5
knappheit	neg 1.0		neg 0.3847080313343966 __DUMMY__ 0.3225735539045932 off 0.29271841476101	false	1.0
schlange	neg 1.0		neg 0.3716820562690001 __DUMMY__ 0.32584829736891946 off 0.30246964636208046	false	1.0
harsch	neg 1.0		neg 0.366958042111498 __DUMMY__ 0.32245012201359086 off 0.3105918358749112	false	1.0
lang	neg 1.0		neg 0.3772860874218543 __DUMMY__ 0.3238187157549581 off 0.2988951968231877	false	1.0
ziellos	neg 1.0		neg 0.3774234121077586 __DUMMY__ 0.3257939371646895 off 0.296782650727552	false	1.0
selbstverliebt	neg 1.0		neg 0.3662946366341412 __DUMMY__ 0.3175144135144231 off 0.3161909498514358	false	1.0
beseitigen	neg 1.0	neg 1.0	neg 0.6780093548969873 off 0.16491084241936596 __DUMMY__ 0.1570798026836468	false	1.0
dumm	off 1.0		neg 0.3678598074291462 __DUMMY__ 0.32008066381899464 off 0.31205952875185916	false	0.5
arbeitsloser	neg 1.0		neg 0.3800135599504318 __DUMMY__ 0.32465047437132255 off 0.29533596567824577	false	1.0
blitzen	neg 1.0		neg 0.3755009507036491 __DUMMY__ 0.32269492796691523 off 0.30180412132943557	false	1.0
hilflos	neg 1.0		neg 0.37832976902350174 __DUMMY__ 0.3246040090145923 off 0.29706622196190585	false	1.0
eklig	off 1.0		neg 0.3673315683296084 __DUMMY__ 0.3199131218291296 off 0.3127553098412619	false	0.5
begriff			neg 0.3803430178608878 __DUMMY__ 0.3231531726293291 off 0.29650380950978317	false	0.0
hungersnot	neg 1.0		neg 0.3810776775637531 __DUMMY__ 0.32331202926516445 off 0.29561029317108245	false	1.0
ungesetzlich	neg 1.0		neg 0.382392761224884 __DUMMY__ 0.31962455269331563 off 0.2979826860818005	false	1.0
verschwendung	neg 1.0		neg 0.38179039545688076 __DUMMY__ 0.3245639562165697 off 0.29364564832654955	false	1.0
schmerzvoll	neg 1.0		neg 0.3750734280078414 __DUMMY__ 0.32386284077078414 off 0.3010637312213745	false	1.0
vorzeitig	neg 1.0		neg 0.3733909281262146 __DUMMY__ 0.32394984889338224 off 0.3026592229804032	false	1.0
unvollkommenheit	neg 1.0		neg 0.37684651621510284 __DUMMY__ 0.3261627273343346 off 0.29699075645056255	false	1.0
intervenieren	neg 1.0		neg 0.38584113461675185 __DUMMY__ 0.32253365563569325 off 0.2916252097475549	false	1.0
banause	off 1.0		neg 0.36737220451966535 __DUMMY__ 0.31837055593104435 off 0.3142572395492902	false	0.5
rebell	neg 1.0		neg 0.38556650467127485 __DUMMY__ 0.3249500657639292 off 0.2894834295647959	false	1.0
unlogisch	neg 1.0		neg 0.37054377835026153 __DUMMY__ 0.32133049457629265 off 0.30812572707344577	false	1.0
leiden	neg 1.0		neg 0.3743706763213422 __DUMMY__ 0.3291682941736553 off 0.2964610295050026	false	1.0
abschaffung	neg 1.0		neg 0.3815263523745634 __DUMMY__ 0.32129964181010817 off 0.29717400581532855	false	1.0
sturz	neg 1.0		neg 0.3773494891412772 __DUMMY__ 0.32412402676172364 off 0.2985264840969991	false	1.0
verkleinerung	neg 1.0		neg 0.3812303464446603 __DUMMY__ 0.3195800211105355 off 0.299189632444804	false	1.0
schmarotzer	off 1.0		neg 0.38231733514567523 __DUMMY__ 0.3227480120249304 off 0.29493465282939424	false	0.5
bestrafung	neg 1.0		neg 0.376530078793152 __DUMMY__ 0.3233914305438245 off 0.30007849066302367	false	1.0
achtlos	neg 1.0		neg 0.3751706340266568 __DUMMY__ 0.32532347366677233 off 0.29950589230657093	false	1.0
ungeheuer	neg 1.0		neg 0.371450961408147 __DUMMY__ 0.3249584818610503 off 0.30359055673080276	false	1.0
unaufrichtig	neg 1.0		neg 0.3791895224088475 __DUMMY__ 0.3212885679304746 off 0.2995219096606779	false	1.0
groggy	neg 1.0		neg 0.37710296676759486 __DUMMY__ 0.3221401813453284 off 0.3007568518870769	false	1.0
verletzlich	neg 1.0		neg 0.37058950684188635 __DUMMY__ 0.3223211841009755 off 0.30708930905713805	false	1.0
