unsolidarisch	neg 1.0		neg 0.5270411092249168 off 0.40674658034593003 __DUMMY__ 0.0662123104291533	false	1.0
nachteilig	neg 1.0		neg 0.5276801456093383 off 0.4053489807069992 __DUMMY__ 0.06697087368366246	false	1.0
skeptisch	neg 1.0		neg 0.5275985457424915 off 0.40525591339487965 __DUMMY__ 0.06714554086262883	false	1.0
schrecklich	neg 1.0		neg 0.5106166409790054 off 0.4227231641842581 __DUMMY__ 0.06666019483673638	false	1.0
schlapp	neg 1.0	neg 1.0	neg 0.7446554184785862 off 0.22337323009464544 __DUMMY__ 0.03197135142676837	false	1.0
abfall	neg 1.0		neg 0.5300000027715078 off 0.4026647234418817 __DUMMY__ 0.06733527378661044	false	1.0
widerspenstig	neg 1.0		neg 0.5207568023562587 off 0.41211779064341475 __DUMMY__ 0.06712540700032661	false	1.0
abrupt	neg 1.0		neg 0.5235013315050467 off 0.40882830487942307 __DUMMY__ 0.06767036361553011	false	1.0
unwirksam	neg 1.0		neg 0.52578107274363 off 0.40782676568204124 __DUMMY__ 0.06639216157432873	false	1.0
angreifen	neg 1.0	neg 1.0	neg 0.7515102005413504 off 0.21646125707002176 __DUMMY__ 0.032028542388627804	false	1.0
inkonsistent	neg 1.0		neg 0.521397922150465 off 0.41173464803179155 __DUMMY__ 0.06686742981774359	false	1.0
abrutschen	neg 1.0		neg 0.5293166037023149 off 0.40331411844015685 __DUMMY__ 0.06736927785752822	false	1.0
unsicher	neg 1.0		neg 0.5204408115574067 off 0.4123755456105269 __DUMMY__ 0.06718364283206626	false	1.0
bauernkind	off 1.0	off 1.0	off 0.6937113520711266 neg 0.27485009230101326 __DUMMY__ 0.03143855562786013	false	1.0
angreifer	neg 1.0		neg 0.5192507013124951 off 0.413615996700497 __DUMMY__ 0.06713330198700783	false	1.0
trennen	neg 1.0		neg 0.521821152319845 off 0.41030462241279403 __DUMMY__ 0.06787422526736078	false	1.0
schmutz	neg 1.0		neg 0.517887448272666 off 0.4148288491742774 __DUMMY__ 0.06728370255305663	false	1.0
inkonsistenz	neg 1.0		neg 0.5194749211881174 off 0.4140789491023097 __DUMMY__ 0.06644612970957296	false	1.0
erschreckend	neg 1.0		neg 0.5230752395320584 off 0.40991316138831935 __DUMMY__ 0.0670115990796223	false	1.0
ertrinken	neg 1.0		neg 0.5239309844082596 off 0.4086661788734548 __DUMMY__ 0.06740283671828574	false	1.0
pickelface	off 1.0		neg 0.5250048289197079 off 0.4080736662187914 __DUMMY__ 0.06692150486150071	false	0.5
seiner			neg 0.5252517725952185 off 0.4073281328795589 __DUMMY__ 0.06742009452522257	false	0.0
lauch	neg 1.0		neg 0.5315209475194628 off 0.40146676780065516 __DUMMY__ 0.06701228467988195	false	1.0
unwichtig	neg 1.0		neg 0.5169029983003799 off 0.41638601499644484 __DUMMY__ 0.06671098670317528	false	1.0
steuerhinterziehung	neg 1.0		neg 0.5269561383115339 off 0.40646181179880225 __DUMMY__ 0.06658204988966379	false	1.0
schock	neg 1.0		neg 0.5196657158244948 off 0.4128221109748891 __DUMMY__ 0.06751217320061598	false	1.0
beule	neg 1.0		neg 0.5146820076259616 off 0.41838763678634955 __DUMMY__ 0.06693035558768883	false	1.0
vergelten	neg 1.0		neg 0.5111082741309666 off 0.4219547071830177 __DUMMY__ 0.06693701868601573	false	1.0
verdorbenheit	neg 1.0		neg 0.5216049952529472 off 0.4112693682457866 __DUMMY__ 0.06712563650126607	false	1.0
trauma	neg 1.0		neg 0.5207152003378379 off 0.41233409968988066 __DUMMY__ 0.0669506999722815	false	1.0
sinnlos	neg 1.0		neg 0.5181077375227419 off 0.4148320804994032 __DUMMY__ 0.06706018197785496	false	1.0
fettsack	off 1.0	off 1.0	off 0.6955799608260649 neg 0.27285566517328474 __DUMMY__ 0.03156437400065041	false	1.0
feige	off 1.0	off 1.0	off 0.6921381587928317 neg 0.27617963952040275 __DUMMY__ 0.03168220168676553	false	1.0
abdanken	neg 1.0		neg 0.524931650073231 off 0.40835731663727015 __DUMMY__ 0.0667110332894989	false	1.0
wichtigtuer	off 1.0	off 1.0	off 0.6907114744836259 neg 0.27746039215234053 __DUMMY__ 0.03182813336403348	false	1.0
misslingen	neg 1.0		neg 0.5164256451196821 off 0.41592444178943905 __DUMMY__ 0.06764991309087864	false	1.0
untreu	off 1.0		neg 0.515781685202389 off 0.4175962856323037 __DUMMY__ 0.06662202916530728	false	0.5
missmutig	neg 1.0		neg 0.5153454424559153 off 0.4177169172825922 __DUMMY__ 0.06693764026149257	false	1.0
hurenbock	off 1.0		neg 0.5191021360940586 off 0.4137701353966285 __DUMMY__ 0.06712772850931284	false	0.5
betrunken	neg 1.0		neg 0.5113321278522309 off 0.4216672913019548 __DUMMY__ 0.06700058084581423	false	1.0
korrupt	off 1.0		neg 0.5286242165662838 off 0.40492847113179803 __DUMMY__ 0.06644731230191822	false	0.5
unmut	neg 1.0		neg 0.5304860899757586 off 0.4022803816719318 __DUMMY__ 0.06723352835230952	false	1.0
hackfresse	off 1.0		neg 0.5086505024555094 off 0.42511930213530486 __DUMMY__ 0.0662301954091859	false	0.5
aufblasen	neg 1.0		neg 0.5181619736229658 off 0.41458784724443976 __DUMMY__ 0.06725017913259455	false	1.0
gewaltsam	neg 1.0		neg 0.5231052960632401 off 0.40989803868372876 __DUMMY__ 0.0669966652530312	false	1.0
unbeliebtheit	neg 1.0		neg 0.5223139359518654 off 0.4117244493849625 __DUMMY__ 0.06596161466317213	false	1.0
sturheit	neg 1.0		neg 0.5235584626043213 off 0.40949489716612963 __DUMMY__ 0.06694664022954908	false	1.0
kuh	neg 1.0		neg 0.5235309505766994 off 0.4098963809409914 __DUMMY__ 0.06657266848230929	false	1.0
erschrecken	neg 1.0		neg 0.5158320136451094 off 0.41715011898486787 __DUMMY__ 0.06701786737002272	false	1.0
opfer	neg 1.0		neg 0.524747397944921 off 0.40798821926380824 __DUMMY__ 0.0672643827912708	false	1.0
sinken	neg 1.0		neg 0.5283627309218548 off 0.40420057736226345 __DUMMY__ 0.06743669171588183	false	1.0
stinktier	neg 1.0		neg 0.5127390362365597 off 0.42104031679621184 __DUMMY__ 0.06622064696722854	false	1.0
tucke	off 1.0		neg 0.5114308993525842 off 0.4228901881299339 __DUMMY__ 0.0656789125174818	false	0.5
ein			neg 0.5185145477011374 off 0.41415759765324417 __DUMMY__ 0.0673278546456185	false	0.0
abstieg	neg 1.0		neg 0.5245941303067729 off 0.4079223340262934 __DUMMY__ 0.06748353566693369	false	1.0
missverstehen	neg 1.0		neg 0.5201186052415245 off 0.4131952572005769 __DUMMY__ 0.06668613755789875	false	1.0
ergebnislos	neg 1.0		neg 0.5266787175169064 off 0.40614574135581444 __DUMMY__ 0.06717554112727907	false	1.0
unter			neg 0.5297904245855253 off 0.4019655005720042 __DUMMY__ 0.06824407484247043	false	0.0
manipulieren	neg 1.0		neg 0.5272652556529609 off 0.4055522603509477 __DUMMY__ 0.06718248399609127	false	1.0
unbewiesen	neg 1.0		neg 0.527291036050367 off 0.40659350039254605 __DUMMY__ 0.06611546355708685	false	1.0
verschleppen	neg 1.0		neg 0.5256216334638676 off 0.4073702410173733 __DUMMY__ 0.06700812551875925	false	1.0
weib	off 1.0		neg 0.5094567574254666 off 0.4244231301377245 __DUMMY__ 0.06612011243680892	false	0.5
opposition	neg 1.0		neg 0.5218773356506765 off 0.4115172135793661 __DUMMY__ 0.06660545076995736	false	1.0
verkehrswidrig	neg 1.0	neg 1.0	neg 0.7400210349717474 off 0.22765332422456905 __DUMMY__ 0.0323256408036834	false	1.0
inkorrekt	neg 1.0		neg 0.5175848499312308 off 0.4163265285690638 __DUMMY__ 0.0660886214997053	false	1.0
vermeiden	neg 1.0		neg 0.5297409450218891 off 0.4024924493488639 __DUMMY__ 0.0677666056292472	false	1.0
abweichung	neg 1.0	neg 1.0	neg 0.7506065989091639 off 0.2173087193140062 __DUMMY__ 0.03208468177682989	false	1.0
alkoholisiert	neg 1.0		neg 0.5202554832691391 off 0.4115002662412515 __DUMMY__ 0.06824425048960948	false	1.0
scheiss	off 1.0	off 1.0	off 0.693335075550324 neg 0.2748037670937363 __DUMMY__ 0.03186115735593965	false	1.0
herausforderung	neg 1.0	neg 1.0	neg 0.748329063551994 off 0.21912116656720979 __DUMMY__ 0.032549769880796275	false	1.0
pervers	off 1.0		neg 0.5057306320776577 off 0.42823923288056553 __DUMMY__ 0.06603013504177671	false	0.5
wackelig	neg 1.0		neg 0.5200703248186834 off 0.41215914852546826 __DUMMY__ 0.0677705266558483	false	1.0
verwickeln	neg 1.0		neg 0.5198602961742718 off 0.4133906446422923 __DUMMY__ 0.06674905918343597	false	1.0
vorwand	neg 1.0		neg 0.5282305330512326 off 0.4045709729676484 __DUMMY__ 0.06719849398111903	false	1.0
muschi	off 1.0		neg 0.5239402948752204 off 0.40906014052341655 __DUMMY__ 0.06699956460136312	false	0.5
entmutigung	neg 1.0		neg 0.5234136841958436 off 0.4101340188467169 __DUMMY__ 0.06645229695743965	false	1.0
unangemessen	neg 1.0		neg 0.5252320108241786 off 0.4079086966427423 __DUMMY__ 0.06685929253307907	false	1.0
unstetig	neg 1.0		neg 0.5209915630178085 off 0.41209255992774585 __DUMMY__ 0.06691587705444568	false	1.0
entmutigen	neg 1.0		neg 0.519225963605045 off 0.41368237078047765 __DUMMY__ 0.06709166561447724	false	1.0
schwanz	neg 1.0		neg 0.5268782411878391 off 0.4059355205525154 __DUMMY__ 0.06718623825964536	false	1.0
verbot	neg 1.0		neg 0.5278349426337712 off 0.4055180815279729 __DUMMY__ 0.06664697583825595	false	1.0
leid	neg 1.0		neg 0.5098374718635988 off 0.42362214228315836 __DUMMY__ 0.06654038585324266	false	1.0
archaisch	neg 1.0		neg 0.5237045199565331 off 0.40917423751762383 __DUMMY__ 0.06712124252584298	false	1.0
gegen			neg 0.5275311185789463 off 0.4050005125773513 __DUMMY__ 0.06746836884370237	false	0.0
scheidung	neg 1.0		neg 0.5012096259541904 off 0.43273874201350976 __DUMMY__ 0.06605163203229983	false	1.0
einschlag	neg 1.0	neg 1.0	neg 0.7432059461133471 off 0.22492135007634337 __DUMMY__ 0.03187270381030937	false	1.0
m			neg 0.5227006940907538 off 0.40996769264807487 __DUMMY__ 0.06733161326117142	false	0.0
abgestanden	neg 1.0		neg 0.5207350350149251 off 0.41226929944442897 __DUMMY__ 0.06699566554064582	false	1.0
schmierig	off 1.0		neg 0.510338209071127 off 0.4230889613633723 __DUMMY__ 0.06657282956550047	false	0.5
unpraktisch	neg 1.0		neg 0.5180823619193038 off 0.4145814776673749 __DUMMY__ 0.06733616041332129	false	1.0
wixxer	off 1.0		neg 0.506863936594152 off 0.4272364949787395 __DUMMY__ 0.06589956842710856	false	0.5
bezeichnet			neg 0.5228645435811917 off 0.4102187195301478 __DUMMY__ 0.06691673688866051	false	0.0
jammerlappen	off 1.0		neg 0.5164817959174234 off 0.41677157546601895 __DUMMY__ 0.0667466286165577	false	0.5
farce	neg 1.0		neg 0.5272296851785497 off 0.40620643564497505 __DUMMY__ 0.06656387917647529	false	1.0
zwecklos	neg 1.0		neg 0.5245593021170517 off 0.40846842013025475 __DUMMY__ 0.06697227775269358	false	1.0
turbulent	neg 1.0		neg 0.5173512366921557 off 0.4161430531291033 __DUMMY__ 0.06650571017874106	false	1.0
invasion	neg 1.0		neg 0.5181628530226734 off 0.4148010323567593 __DUMMY__ 0.06703611462056727	false	1.0
schuld	neg 1.0		neg 0.5204658198802207 off 0.4125351822167961 __DUMMY__ 0.06699899790298333	false	1.0
risiko	neg 1.0		neg 0.519907732193516 off 0.41285825615908495 __DUMMY__ 0.06723401164739909	false	1.0
finster	neg 1.0		neg 0.5189106327976171 off 0.41388597252879095 __DUMMY__ 0.06720339467359208	false	1.0
geisteskrank	off 1.0		neg 0.5160878775691464 off 0.41746930567135715 __DUMMY__ 0.06644281675949643	false	0.5
zusammenbrechen	neg 1.0		neg 0.5216870283964711 off 0.411001005664388 __DUMMY__ 0.0673119659391409	false	1.0
ausbeute	neg 1.0		neg 0.5226272866314989 off 0.409544416608889 __DUMMY__ 0.06782829675961206	false	1.0
hinterhalt	neg 1.0		neg 0.5220912366716342 off 0.4105550610523739 __DUMMY__ 0.06735370227599208	false	1.0
kritik	neg 1.0		neg 0.5270747608133726 off 0.40629929837523177 __DUMMY__ 0.06662594081139561	false	1.0
einschrumpfen	neg 1.0		neg 0.5218522212507016 off 0.41181813478839674 __DUMMY__ 0.06632964396090156	false	1.0
riskant	neg 1.0		neg 0.5264085831861928 off 0.4065410384620354 __DUMMY__ 0.06705037835177198	false	1.0
frustrieren	neg 1.0		neg 0.5252049079649195 off 0.4076023943465429 __DUMMY__ 0.06719269768853763	false	1.0
groll	neg 1.0		neg 0.5238224905069028 off 0.4090233670145424 __DUMMY__ 0.06715414247855477	false	1.0
gibt			neg 0.5230229852118042 off 0.40979924583284777 __DUMMY__ 0.06717776895534791	false	0.0
qualvoll	neg 1.0		neg 0.5160107677201548 off 0.4168330544237191 __DUMMY__ 0.06715617785612625	false	1.0
wackeln	neg 1.0	neg 1.0	neg 0.7464067546697979 off 0.22137989854557621 __DUMMY__ 0.0322133467846259	false	1.0
klagen	neg 1.0		neg 0.5295371672469824 off 0.4031842544880416 __DUMMY__ 0.06727857826497587	false	1.0
bankrott	neg 1.0		neg 0.5167567445425445 off 0.41631681623428446 __DUMMY__ 0.06692643922317083	false	1.0
trauern	neg 1.0		neg 0.523529928249529 off 0.40897364330501124 __DUMMY__ 0.06749642844545979	false	1.0
ablehnung	neg 1.0		neg 0.5272325170965347 off 0.4061729629504534 __DUMMY__ 0.06659451995301183	false	1.0
stur	neg 1.0		neg 0.5202029629271528 off 0.4128894392126278 __DUMMY__ 0.06690759786021917	false	1.0
aufruhr	neg 1.0		neg 0.5234053308701596 off 0.40962294803746546 __DUMMY__ 0.06697172109237501	false	1.0
melancholie	neg 1.0		neg 0.5222480995695542 off 0.41032059456678893 __DUMMY__ 0.06743130586365689	false	1.0
ist			neg 0.5189716704628273 off 0.4139907409735477 __DUMMY__ 0.06703758856362495	false	0.0
torheit	neg 1.0		neg 0.5226845839640789 off 0.41062547366189034 __DUMMY__ 0.06668994237403084	false	1.0
dreckskind	off 1.0		neg 0.5115457452193727 off 0.42233578775293207 __DUMMY__ 0.06611846702769529	false	0.5
umtauschen	neg 1.0		neg 0.5207588315677827 off 0.4120179224857351 __DUMMY__ 0.06722324594648209	false	1.0
zum			neg 0.5252787097351884 off 0.4062880001036769 __DUMMY__ 0.06843329016113477	false	0.0
zersetzen	neg 1.0		neg 0.5286329486787785 off 0.4043812720382625 __DUMMY__ 0.06698577928295889	false	1.0
zur			neg 0.5305375295269664 off 0.4016932817365421 __DUMMY__ 0.06776918873649156	false	0.0
frust	neg 1.0		neg 0.5218763404189368 off 0.41080427562145055 __DUMMY__ 0.06731938395961265	false	1.0
unerbittlichkeit	neg 1.0		neg 0.5278696523763291 off 0.40505033685411096 __DUMMY__ 0.06708001076955991	false	1.0
zwei			neg 0.5242215812190038 off 0.40763092870486284 __DUMMY__ 0.06814749007613344	false	0.0
unkorrekt	neg 1.0		neg 0.5160689870313158 off 0.4177343054752135 __DUMMY__ 0.06619670749347081	false	1.0
hexe	off 1.0		neg 0.5153105899245606 off 0.41791512878746384 __DUMMY__ 0.06677428128797563	false	0.5
lasch	neg 1.0		neg 0.5191203203020827 off 0.41428576409306006 __DUMMY__ 0.06659391560485739	false	1.0
rivale	neg 1.0		neg 0.5122340336264174 off 0.42093300135372425 __DUMMY__ 0.06683296501985832	false	1.0
mutlos	off 1.0	off 1.0	off 0.6864693799795073 neg 0.2816415943275477 __DUMMY__ 0.03188902569294496	false	1.0
wirr	off 1.0		neg 0.5153207044490048 off 0.4184300549795299 __DUMMY__ 0.06624924057146532	false	0.5
jahr			neg 0.5221333652952994 off 0.4097751851018328 __DUMMY__ 0.06809144960286789	false	0.0
wird			neg 0.5237737631706781 off 0.4088860786496616 __DUMMY__ 0.06734015817966013	false	0.0
strafbar	neg 1.0		neg 0.5269159716541383 off 0.4061308874455076 __DUMMY__ 0.06695314090035404	false	1.0
erosion	neg 1.0		neg 0.5194676145761672 off 0.4133017637704178 __DUMMY__ 0.0672306216534149	false	1.0
eingehen	neg 1.0		neg 0.5256780697864469 off 0.4073749536799007 __DUMMY__ 0.06694697653365239	false	1.0
faul	off 1.0		neg 0.5158445863011222 off 0.41715818849606473 __DUMMY__ 0.06699722520281313	false	0.5
provisorium	neg 1.0		neg 0.5320054120378146 off 0.4000447108946329 __DUMMY__ 0.06794987706755239	false	1.0
schmerzen	neg 1.0		neg 0.5205952302229468 off 0.41223654322292635 __DUMMY__ 0.06716822655412677	false	1.0
schrumpfen	neg 1.0		neg 0.5319221292100852 off 0.40062252201730164 __DUMMY__ 0.0674553487726131	false	1.0
geistlos	off 1.0		neg 0.5229723045004159 off 0.4107875183194394 __DUMMY__ 0.06624017718014473	false	0.5
fehlkauf	neg 1.0		neg 0.5206179897477652 off 0.41257905790910837 __DUMMY__ 0.06680295234312626	false	1.0
frustrierend	neg 1.0		neg 0.515535404086354 off 0.4173630446509534 __DUMMY__ 0.06710155126269253	false	1.0
unzufrieden	neg 1.0		neg 0.524591222263 off 0.4084100866158657 __DUMMY__ 0.06699869112113421	false	1.0
verzweifeln	neg 1.0		neg 0.5212397548391717 off 0.4115885789336812 __DUMMY__ 0.0671716662271471	false	1.0
verzweifelt	neg 1.0		neg 0.5200839528768382 off 0.4130041564276242 __DUMMY__ 0.06691189069553756	false	1.0
misstrauensantrag	neg 1.0		neg 0.5205179613224238 off 0.4127969402012347 __DUMMY__ 0.06668509847634166	false	1.0
abfallen	neg 1.0		neg 0.5172465866290432 off 0.41534358017469597 __DUMMY__ 0.06740983319626087	false	1.0
fucker	off 1.0		neg 0.5152686859306205 off 0.41823676339578014 __DUMMY__ 0.06649455067359934	false	0.5
ungezogen	neg 1.0		neg 0.5061195853178332 off 0.42755861985103827 __DUMMY__ 0.06632179483112875	false	1.0
irrsinnig	neg 1.0	neg 1.0	neg 0.7480192010079251 off 0.22008899341728866 __DUMMY__ 0.03189180557478621	false	1.0
unfassbar	neg 1.0		neg 0.5152567284848394 off 0.4179682861085125 __DUMMY__ 0.0667749854066481	false	1.0
hart	neg 1.0		neg 0.5191291690149065 off 0.41422552779900945 __DUMMY__ 0.06664530318608418	false	1.0
widerlich	off 1.0		neg 0.5160939689183874 off 0.41745553466861945 __DUMMY__ 0.06645049641299301	false	0.5
fatal	neg 1.0		neg 0.5200410452602343 off 0.4131257354904311 __DUMMY__ 0.06683321924933465	false	1.0
bruch	neg 1.0		neg 0.5299747479764247 off 0.40286052419847934 __DUMMY__ 0.06716472782509593	false	1.0
aushungern	neg 1.0		neg 0.5255215377979261 off 0.4078022946401986 __DUMMY__ 0.06667616756187517	false	1.0
anspannung	neg 1.0	neg 1.0	neg 0.7506818119883667 off 0.21665135926038034 __DUMMY__ 0.03266682875125292	false	1.0
von			neg 0.5240357622395064 off 0.4080216093135131 __DUMMY__ 0.0679426284469803	false	0.0
kraftlos	neg 1.0		neg 0.5211261948174981 off 0.4113419038041033 __DUMMY__ 0.06753190137839851	false	1.0
vom			neg 0.5283276138157103 off 0.40328698454427636 __DUMMY__ 0.06838540164001344	false	0.0
grenzdebil	off 1.0		neg 0.5141110395096548 off 0.4191459749704849 __DUMMY__ 0.06674298551986031	false	0.5
vor			neg 0.5263137437267917 off 0.40618924528038325 __DUMMY__ 0.06749701099282505	false	0.0
unterwerfen	neg 1.0		neg 0.5253963474281159 off 0.40738564482827083 __DUMMY__ 0.0672180077436132	false	1.0
versenkung	neg 1.0		neg 0.5260716708553377 off 0.4067486928443476 __DUMMY__ 0.06717963630031477	false	1.0
entziehen	neg 1.0		neg 0.5285846121827749 off 0.4041264178973993 __DUMMY__ 0.06728896991982587	false	1.0
finanzkrise	neg 1.0		neg 0.5266559466272518 off 0.4068848764959226 __DUMMY__ 0.06645917687682551	false	1.0
schimpfend	neg 1.0		neg 0.5167700547204327 off 0.41570384615245354 __DUMMY__ 0.06752609912711373	false	1.0
profan	neg 1.0		neg 0.5183069296486591 off 0.4148004673515667 __DUMMY__ 0.06689260299977413	false	1.0
korruption	neg 1.0	neg 1.0	neg 0.7518626722301895 off 0.21637586036159046 __DUMMY__ 0.031761467408219966	false	1.0
â			neg 0.5244189283105992 off 0.4082966105948209 __DUMMY__ 0.06728446109457975	false	0.0
schmutzig	neg 1.0		neg 0.5143577881662837 off 0.4188135308815977 __DUMMY__ 0.06682868095211861	false	1.0
sexy	neg 1.0		neg 0.5176068804221863 off 0.41550283615747596 __DUMMY__ 0.06689028342033787	false	1.0
abraten	neg 1.0		neg 0.5192210958236703 off 0.413817078964169 __DUMMY__ 0.06696182521216071	false	1.0
schwarz	neg 1.0		neg 0.520524012947115 off 0.4125990966160833 __DUMMY__ 0.06687689043680184	false	1.0
fotze	off 1.0		neg 0.526495487034902 off 0.4064601875835472 __DUMMY__ 0.06704432538155079	false	0.5
verwirren	neg 1.0		neg 0.5178724528611331 off 0.4152054173705412 __DUMMY__ 0.06692212976832566	false	1.0
zahnlos	off 1.0		neg 0.5250135059518684 off 0.408057196225328 __DUMMY__ 0.06692929782280363	false	0.5
verheeren	neg 1.0		neg 0.5056490106588437 off 0.4281138536315831 __DUMMY__ 0.06623713570957325	false	1.0
hippie	neg 1.0		neg 0.5187342248241708 off 0.41444412157061616 __DUMMY__ 0.06682165360521308	false	1.0
rammen	neg 1.0		neg 0.5220004757684946 off 0.4112310553981336 __DUMMY__ 0.06676846883337186	false	1.0
unlauter	neg 1.0		neg 0.5249798875339621 off 0.4086513381301645 __DUMMY__ 0.06636877433587345	false	1.0
unheilvoll	neg 1.0		neg 0.5166341843595736 off 0.4160856431375802 __DUMMY__ 0.06728017250284615	false	1.0
niedrig	neg 1.0		neg 0.5269111674952238 off 0.4059274341254947 __DUMMY__ 0.06716139837928144	false	1.0
explosion	neg 1.0		neg 0.5195507004632776 off 0.4136514699522028 __DUMMY__ 0.06679782958451959	false	1.0
weichei	off 1.0		neg 0.5106316979395426 off 0.42313361166928753 __DUMMY__ 0.06623469039117	false	0.5
minusmensch	off 1.0		neg 0.5108522661900381 off 0.42368015422419736 __DUMMY__ 0.06546757958576457	false	0.5
farblos	neg 1.0		neg 0.5192447646888776 off 0.41313743173940687 __DUMMY__ 0.06761780357171554	false	1.0
unwissend	neg 1.0	neg 1.0	neg 0.7454455878410784 off 0.22275185554747023 __DUMMY__ 0.031802556611451385	false	1.0
traurig	neg 1.0		neg 0.5114335341067278 off 0.42181361595301753 __DUMMY__ 0.0667528499402547	false	1.0
senkung	neg 1.0		neg 0.5208668394580208 off 0.41260858910440695 __DUMMY__ 0.06652457143757227	false	1.0
ungleich	neg 1.0	neg 1.0	neg 0.7518106612649172 off 0.2162852877182351 __DUMMY__ 0.031904051016847575	false	1.0
heikel	neg 1.0		neg 0.527849561953167 off 0.4050840390928587 __DUMMY__ 0.06706639895397426	false	1.0
drosselung	neg 1.0		neg 0.5148766598991377 off 0.4183862838220766 __DUMMY__ 0.06673705627878576	false	1.0
falsch	neg 1.0		neg 0.5166502800059912 off 0.4164800376284854 __DUMMY__ 0.06686968236552344	false	1.0
unzufriedenheit	neg 1.0		neg 0.5279641734512285 off 0.40485497328813946 __DUMMY__ 0.0671808532606322	false	1.0
kurz	neg 1.0		neg 0.5201220060625115 off 0.41229842738040356 __DUMMY__ 0.06757956655708501	false	1.0
unsinnig	neg 1.0		neg 0.5251327832835403 off 0.4080714340129164 __DUMMY__ 0.06679578270354346	false	1.0
penner	off 1.0	off 1.0	off 0.6973146843251393 neg 0.2711372748399448 __DUMMY__ 0.031548040834915844	false	1.0
seicht	neg 1.0		neg 0.5090022699664007 off 0.42510055731177254 __DUMMY__ 0.06589717272182674	false	1.0
dummheit	off 1.0	off 1.0	off 0.6906175033785772 neg 0.27762061313762804 __DUMMY__ 0.03176188348379474	false	1.0
unerfreulich	neg 1.0		neg 0.5273540988333344 off 0.4053037731944704 __DUMMY__ 0.06734212797219526	false	1.0
motherfucker	off 1.0	off 1.0	off 0.6930030350385723 neg 0.2753633269187434 __DUMMY__ 0.03163363804268439	false	1.0
pikiert	neg 1.0		neg 0.5176028359830646 off 0.4159514687379941 __DUMMY__ 0.06644569527894145	false	1.0
wrack	neg 1.0		neg 0.5225770156497133 off 0.4097153170355645 __DUMMY__ 0.06770766731472212	false	1.0
gangster	neg 1.0		neg 0.5186443110578723 off 0.4144428261241809 __DUMMY__ 0.0669128628179469	false	1.0
krank	neg 1.0		neg 0.5123770191060557 off 0.42065870923668613 __DUMMY__ 0.0669642716572583	false	1.0
reich	neg 1.0		neg 0.5181941380171375 off 0.415192345164267 __DUMMY__ 0.06661351681859543	false	1.0
gnadenlos	neg 1.0		neg 0.5201790389069915 off 0.41277581629494287 __DUMMY__ 0.06704514479806573	false	1.0
niedergeschlagen	neg 1.0		neg 0.5212407704994778 off 0.4114062096361331 __DUMMY__ 0.06735301986438912	false	1.0
terrorisieren	off 1.0	off 1.0	off 0.6875752142687678 neg 0.2803743380367635 __DUMMY__ 0.0320504476944686	false	1.0
sinnlosigkeit	neg 1.0		neg 0.523860002593139 off 0.4090631402775487 __DUMMY__ 0.0670768571293124	false	1.0
behindern	neg 1.0		neg 0.523185670178538 off 0.4098844795883757 __DUMMY__ 0.06692985023308647	false	1.0
undemokratisch	neg 1.0		neg 0.5240692437088225 off 0.40945545514711523 __DUMMY__ 0.06647530114406222	false	1.0
wirtschaftskrise	neg 1.0		neg 0.5275376935360071 off 0.4056579441958933 __DUMMY__ 0.06680436226809958	false	1.0
neid	neg 1.0		neg 0.5129307719471877 off 0.4197427116598691 __DUMMY__ 0.06732651639294329	false	1.0
rutschen	neg 1.0	neg 1.0	neg 0.7496182452182542 off 0.21776514133445712 __DUMMY__ 0.03261661344728884	false	1.0
rezession	neg 1.0		neg 0.5158307050808477 off 0.4182505867440064 __DUMMY__ 0.06591870817514583	false	1.0
fehlgeburt	neg 1.0		neg 0.5177863632496774 off 0.4150432180861612 __DUMMY__ 0.06717041866416139	false	1.0
charakterschwach	off 1.0		neg 0.5156688529840207 off 0.41773369683757294 __DUMMY__ 0.06659745017840629	false	0.5
isolation	neg 1.0		neg 0.5157144257508728 off 0.4172067250909563 __DUMMY__ 0.06707884915817074	false	1.0
ablenkung	neg 1.0		neg 0.5201863728341166 off 0.4126543089233765 __DUMMY__ 0.06715931824250677	false	1.0
pech	neg 1.0		neg 0.516032058771041 off 0.4169415717547232 __DUMMY__ 0.0670263694742359	false	1.0
vermeidung	neg 1.0		neg 0.5160943200540034 off 0.4174267947145774 __DUMMY__ 0.06647888523141932	false	1.0
dominieren	neg 1.0		neg 0.5223842840034358 off 0.4099936036885441 __DUMMY__ 0.06762211230802014	false	1.0
schwindlig	neg 1.0		neg 0.515787250453648 off 0.41684416087526244 __DUMMY__ 0.06736858867108948	false	1.0
lutscher	neg 1.0	neg 1.0	neg 0.7409716272699689 off 0.22761476841360567 __DUMMY__ 0.031413604316425384	false	1.0
pflicht	neg 1.0		neg 0.5273545802770585 off 0.4054632085833437 __DUMMY__ 0.06718221113959774	false	1.0
faschist	off 1.0		neg 0.5213983948054094 off 0.4121748229755641 __DUMMY__ 0.06642678221902654	false	0.5
verschleudern	neg 1.0		neg 0.5300221361126993 off 0.40341524985958005 __DUMMY__ 0.0665626140277207	false	1.0
wenn			neg 0.516228449362509 off 0.41688164030856945 __DUMMY__ 0.06688991032892143	false	0.0
ehebruch	neg 1.0		neg 0.5262236425600317 off 0.4067983327854414 __DUMMY__ 0.06697802465452687	false	1.0
spott	off 1.0		neg 0.527434578496802 off 0.4056640500213321 __DUMMY__ 0.06690137148186591	false	0.5
trostlosigkeit	neg 1.0		neg 0.5283375998003159 off 0.40438615253289256 __DUMMY__ 0.06727624766679144	false	1.0
lutschen	neg 1.0		neg 0.5207841628419181 off 0.41261395318300215 __DUMMY__ 0.0666018839750798	false	1.0
undiszipliniert	neg 1.0		neg 0.5128215924755791 off 0.42045921062340086 __DUMMY__ 0.06671919690101988	false	1.0
kopfschmerz	neg 1.0		neg 0.5210447845391397 off 0.41156419954428597 __DUMMY__ 0.06739101591657418	false	1.0
unvorhergesehen	neg 1.0		neg 0.5212695833773529 off 0.4108816323491851 __DUMMY__ 0.06784878427346196	false	1.0
desinteressiert	neg 1.0		neg 0.5140595962099099 off 0.41938450019759055 __DUMMY__ 0.06655590359249942	false	1.0
armselig	off 1.0		neg 0.5145966328750243 off 0.4191341057513039 __DUMMY__ 0.06626926137367188	false	0.5
desaster	neg 1.0		neg 0.5306669075257292 off 0.40216042503621297 __DUMMY__ 0.0671726674380577	false	1.0
tod	neg 1.0		neg 0.5243218828822743 off 0.40839164123724225 __DUMMY__ 0.0672864758804835	false	1.0
herzlos	neg 1.0		neg 0.512682463856144 off 0.4208573815582204 __DUMMY__ 0.06646015458563559	false	1.0
unwissenheit	neg 1.0		neg 0.5261538089981385 off 0.40707387542883344 __DUMMY__ 0.06677231557302794	false	1.0
widersinnig	neg 1.0	neg 1.0	neg 0.7513709401929844 off 0.21691430470097423 __DUMMY__ 0.03171475510604123	false	1.0
bedenklich	neg 1.0		neg 0.5263374397753838 off 0.40666293702087886 __DUMMY__ 0.06699962320373726	false	1.0
beanstanden	neg 1.0		neg 0.5279377104934507 off 0.4048378068396731 __DUMMY__ 0.06722448266687624	false	1.0
panisch	neg 1.0	neg 1.0	neg 0.7444852497458897 off 0.22324512389183193 __DUMMY__ 0.03226962636227831	false	1.0
debil	off 1.0		neg 0.5324213757888812 off 0.40002338681843497 __DUMMY__ 0.06755523739268383	false	0.5
abstrich	neg 1.0		neg 0.5253868438332614 off 0.4075875624408161 __DUMMY__ 0.06702559372592257	false	1.0
primitiv	neg 1.0		neg 0.5155345788385848 off 0.4180139176334661 __DUMMY__ 0.06645150352794922	false	1.0
abschaum	off 1.0	off 1.0	off 0.6921346140422617 neg 0.2761111316053066 __DUMMY__ 0.0317542543524317	false	1.0
provozieren	neg 1.0		neg 0.5214493837415677 off 0.4116703843605057 __DUMMY__ 0.06688023189792666	false	1.0
tot	neg 1.0		neg 0.525116760430071 off 0.40763739999933485 __DUMMY__ 0.06724583957059413	false	1.0
instabil	neg 1.0		neg 0.5174888187060412 off 0.41632747653169866 __DUMMY__ 0.06618370476226013	false	1.0
schwuchtel	off 1.0		neg 0.5044489572093676 off 0.43002493149328924 __DUMMY__ 0.06552611129734327	false	0.5
zerren	neg 1.0		neg 0.5209406078893953 off 0.4116735437008762 __DUMMY__ 0.06738584840972854	false	1.0
kinderficker	off 1.0		neg 0.512470169970591 off 0.42144004666683893 __DUMMY__ 0.06608978336257004	false	0.5
gefahr	neg 1.0		neg 0.5277996533040077 off 0.40500368655950414 __DUMMY__ 0.06719666013648812	false	1.0
rabiat	neg 1.0		neg 0.5224123990340293 off 0.41071995113655774 __DUMMY__ 0.06686764982941305	false	1.0
verlangsamung	neg 1.0		neg 0.5108309032814531 off 0.42317794237231987 __DUMMY__ 0.06599115434622704	false	1.0
ausgestorben	neg 1.0		neg 0.5206347670027269 off 0.41208291167042094 __DUMMY__ 0.06728232132685205	false	1.0
anklagen	neg 1.0		neg 0.525234602290125 off 0.4079318131251877 __DUMMY__ 0.06683358458468736	false	1.0
trott	neg 1.0		neg 0.5214146217311928 off 0.41141279537611236 __DUMMY__ 0.06717258289269488	false	1.0
verminderung	neg 1.0		neg 0.5144239239980216 off 0.41900809852258253 __DUMMY__ 0.06656797747939594	false	1.0
nach			neg 0.5257193850033783 off 0.4059893829984264 __DUMMY__ 0.06829123199819541	false	0.0
rost	neg 1.0		neg 0.5105881452372577 off 0.42312882372591387 __DUMMY__ 0.06628303103682828	false	1.0
destruktiv	neg 1.0		neg 0.5241913441413459 off 0.4091237084582887 __DUMMY__ 0.06668494740036532	false	1.0
unzumutbarkeit	neg 1.0		neg 0.5156403210860914 off 0.41743680243743814 __DUMMY__ 0.06692287647647036	false	1.0
labil	off 1.0	off 1.0	off 0.6920100125965483 neg 0.2762402258612924 __DUMMY__ 0.0317497615421593	false	1.0
ziemlich	neg 1.0		neg 0.5136576092787289 off 0.41940243213556005 __DUMMY__ 0.06693995858571102	false	1.0
lachnummer	off 1.0		neg 0.5224359945037954 off 0.4106383904373638 __DUMMY__ 0.06692561505884079	false	0.5
oder			neg 0.5191115188097383 off 0.41356272410522776 __DUMMY__ 0.06732575708503391	false	0.0
verfall	neg 1.0		neg 0.5329228955554356 off 0.3997733590212241 __DUMMY__ 0.06730374542334033	false	1.0
ausgrenzung	neg 1.0		neg 0.5238739437747568 off 0.4097691325430926 __DUMMY__ 0.06635692368215049	false	1.0
unordnung	neg 1.0		neg 0.5152448518422479 off 0.41792779018277554 __DUMMY__ 0.06682735797497666	false	1.0
fehlverhalten	neg 1.0		neg 0.5280440684528986 off 0.4049403369370967 __DUMMY__ 0.06701559461000486	false	1.0
eine			neg 0.5265417113647997 off 0.4060847832746179 __DUMMY__ 0.06737350536058238	false	0.0
nille	neg 1.0		neg 0.523122149191978 off 0.4098390327418756 __DUMMY__ 0.06703881806614635	false	1.0
qual	neg 1.0		neg 0.5220258667051868 off 0.4108545589826129 __DUMMY__ 0.06711957431220023	false	1.0
verschwenden	neg 1.0		neg 0.5254673412779398 off 0.4075026317627699 __DUMMY__ 0.06703002695929035	false	1.0
riesig	neg 1.0	neg 1.0	neg 0.7495393329317291 off 0.21828003307962643 __DUMMY__ 0.03218063398864443	false	1.0
verurteilen	neg 1.0		neg 0.5256138578658709 off 0.40751790467015186 __DUMMY__ 0.06686823746397721	false	1.0
klischee	neg 1.0	neg 1.0	neg 0.7470959119542289 off 0.22116713836520047 __DUMMY__ 0.03173694968057063	false	1.0
diktatorisch	neg 1.0		neg 0.524799507177387 off 0.4089526547062109 __DUMMY__ 0.06624783811640206	false	1.0
vorhersehbar	neg 1.0	neg 1.0	neg 0.7471369191479114 off 0.22105190359574442 __DUMMY__ 0.031811177256344275	false	1.0
sowie			neg 0.5122554662055689 off 0.42160768261423065 __DUMMY__ 0.06613685118020049	false	0.0
stornieren	neg 1.0		neg 0.5162743131676483 off 0.41603131769892265 __DUMMY__ 0.06769436913342908	false	1.0
besteuerung	neg 1.0		neg 0.523986429429216 off 0.40952131484925997 __DUMMY__ 0.06649225572152401	false	1.0
ungeschminkt	neg 1.0		neg 0.5161519248158949 off 0.41735498229235135 __DUMMY__ 0.06649309289175377	false	1.0
kritisch	neg 1.0		neg 0.5262329031999878 off 0.40670408425269 __DUMMY__ 0.06706301254732197	false	1.0
schlamperei	off 1.0		neg 0.5289017860607542 off 0.404216170048123 __DUMMY__ 0.06688204389112289	false	0.5
sucht	neg 1.0	neg 1.0	neg 0.748086917272842 off 0.21987709517066117 __DUMMY__ 0.03203598755649681	false	1.0
egoistisch	off 1.0		neg 0.509510586183009 off 0.4240531866931435 __DUMMY__ 0.06643622712384743	false	0.5
ausbeuter	off 1.0		neg 0.5294893786833414 off 0.4036951010319763 __DUMMY__ 0.06681552028468214	false	0.5
arschgeburt	off 1.0		neg 0.5047719311458954 off 0.429774439152588 __DUMMY__ 0.06545362970151675	false	0.5
schubs	neg 1.0	neg 1.0	neg 0.7481788767471383 off 0.21956734978009057 __DUMMY__ 0.032253773472771134	false	1.0
unsolide	neg 1.0		neg 0.5262393652903795 off 0.40786449180190887 __DUMMY__ 0.06589614290771154	false	1.0
beschwerde	neg 1.0		neg 0.5289710234581481 off 0.40420139918980724 __DUMMY__ 0.06682757735204457	false	1.0
stocken	neg 1.0		neg 0.5271063235238924 off 0.4058962667681775 __DUMMY__ 0.0669974097079301	false	1.0
isolieren	neg 1.0		neg 0.5259222140583998 off 0.4071484308106205 __DUMMY__ 0.06692935513097976	false	1.0
unheilbar	neg 1.0		neg 0.5195909871308998 off 0.413185071794014 __DUMMY__ 0.06722394107508609	false	1.0
pisser	off 1.0		neg 0.5153805321654296 off 0.4181888304001011 __DUMMY__ 0.06643063743446938	false	0.5
löschen	neg 1.0		neg 0.5216353329904682 off 0.4113219217652355 __DUMMY__ 0.06704274524429646	false	1.0
durchfallen	neg 1.0		neg 0.5256195081015199 off 0.40751382659617 __DUMMY__ 0.06686666530231015	false	1.0
wichser	off 1.0		neg 0.5050770849298993 off 0.42880717633574894 __DUMMY__ 0.06611573873435182	false	0.5
terror	neg 1.0		neg 0.5176109266860579 off 0.4153351777934837 __DUMMY__ 0.06705389552045826	false	1.0
krass	neg 1.0		neg 0.5121488777351074 off 0.4214198261111475 __DUMMY__ 0.06643129615374503	false	1.0
revolte	neg 1.0	neg 1.0	neg 0.7486820599052824 off 0.21961545370704635 __DUMMY__ 0.03170248638767131	false	1.0
besorgt	neg 1.0		neg 0.5208348410199708 off 0.4115825176140409 __DUMMY__ 0.06758264136598825	false	1.0
nachlassen	neg 1.0		neg 0.5257189174676505 off 0.4070176926761314 __DUMMY__ 0.06726338985621802	false	1.0
alt	neg 1.0		neg 0.5243920099671578 off 0.40837459908063073 __DUMMY__ 0.06723339095221134	false	1.0
hundesohn	off 1.0		neg 0.5094013995977317 off 0.4247904325484311 __DUMMY__ 0.06580816785383728	false	0.5
als			neg 0.5216003143636998 off 0.4109931999895326 __DUMMY__ 0.06740648564676759	false	0.0
abschreckung	neg 1.0		neg 0.5290796095498399 off 0.40375240022252074 __DUMMY__ 0.0671679902276395	false	1.0
unqualifiziert	neg 1.0		neg 0.5206993605907335 off 0.4128809871118987 __DUMMY__ 0.06641965229736792	false	1.0
abgewichst	off 1.0		neg 0.523025774538152 off 0.40979892837960785 __DUMMY__ 0.06717529708223993	false	0.5
schwer	neg 1.0		neg 0.5207243595332799 off 0.41211256080738806 __DUMMY__ 0.06716307965933217	false	1.0
bedeutungslosigkeit	neg 1.0		neg 0.5279402709780443 off 0.404917619207395 __DUMMY__ 0.06714210981456063	false	1.0
kapitulation	neg 1.0		neg 0.5295352453153832 off 0.4038658326670689 __DUMMY__ 0.06659892201754802	false	1.0
unscharf	neg 1.0		neg 0.5189008699122086 off 0.414216388474412 __DUMMY__ 0.06688274161337937	false	1.0
schwinden	neg 1.0		neg 0.5276414973399818 off 0.4051479690823713 __DUMMY__ 0.06721053357764703	false	1.0
versklavung	neg 1.0		neg 0.525129819154742 off 0.40859662859217666 __DUMMY__ 0.06627355225308129	false	1.0
schlecht	neg 1.0		neg 0.5134739811172355 off 0.4195727533229451 __DUMMY__ 0.06695326555981942	false	1.0
verhasst	neg 1.0		neg 0.5206510291553853 off 0.4124293052755063 __DUMMY__ 0.06691966556910829	false	1.0
beschweren	neg 1.0		neg 0.518816193434381 off 0.41415516641553235 __DUMMY__ 0.06702864015008664	false	1.0
scheiden	neg 1.0		neg 0.5154993908226343 off 0.4166140090413216 __DUMMY__ 0.06788660013604418	false	1.0
frustriert	neg 1.0		neg 0.5220199189321266 off 0.4107914731235447 __DUMMY__ 0.0671886079443286	false	1.0
schimmelig	neg 1.0		neg 0.5250526571331149 off 0.4076729949571607 __DUMMY__ 0.06727434790972445	false	1.0
fisch	neg 1.0		neg 0.5231836670802965 off 0.40897448430268374 __DUMMY__ 0.06784184861701979	false	1.0
schmuggel	neg 1.0		neg 0.5252611318161848 off 0.4071539918842118 __DUMMY__ 0.06758487629960334	false	1.0
auffallen	neg 1.0		neg 0.5180146132522008 off 0.414981070679207 __DUMMY__ 0.0670043160685922	false	1.0
konkurrenz	neg 1.0	neg 1.0	neg 0.7514373265055574 off 0.2163313347375152 __DUMMY__ 0.03223133875692741	false	1.0
teufelskreis	neg 1.0	neg 1.0	neg 0.7491901671667907 off 0.21888713573367652 __DUMMY__ 0.03192269709953289	false	1.0
aufschreien	neg 1.0		neg 0.5193488267140863 off 0.4138309436463842 __DUMMY__ 0.0668202296395296	false	1.0
schuldner	neg 1.0		neg 0.5275499960250843 off 0.40526945371313966 __DUMMY__ 0.06718055026177595	false	1.0
missgeburt	off 1.0	off 1.0	off 0.695193434243645 neg 0.27330015304490773 __DUMMY__ 0.03150641271144722	false	1.0
arbeitslos	neg 1.0		neg 0.5251113445296924 off 0.4079904057067599 __DUMMY__ 0.06689824976354773	false	1.0
befallen	neg 1.0		neg 0.5255875302073619 off 0.4076523141683126 __DUMMY__ 0.06676015562432557	false	1.0
miesepetrig	off 1.0	off 1.0	off 0.6938457912374209 neg 0.274241545324312 __DUMMY__ 0.03191266343826711	false	1.0
alarmieren	neg 1.0		neg 0.5197883205250193 off 0.4138594833847199 __DUMMY__ 0.06635219609026081	false	1.0
ungeduscht	off 1.0		neg 0.5159374379923832 off 0.41699316808514886 __DUMMY__ 0.06706939392246809	false	0.5
knappheit	neg 1.0		neg 0.5281915751789706 off 0.4050347136381711 __DUMMY__ 0.06677371118285819	false	1.0
schlange	neg 1.0		neg 0.5160600589782578 off 0.4164558638687403 __DUMMY__ 0.06748407715300202	false	1.0
harsch	neg 1.0		neg 0.5095566362886632 off 0.42369555123820307 __DUMMY__ 0.06674781247313379	false	1.0
lang	neg 1.0		neg 0.5209828354864808 off 0.4119657458089411 __DUMMY__ 0.06705141870457824	false	1.0
ziellos	neg 1.0		neg 0.5220476660946896 off 0.4104777300307295 __DUMMY__ 0.0674746038745811	false	1.0
selbstverliebt	neg 1.0		neg 0.5065788307967254 off 0.4277318408259477 __DUMMY__ 0.06568932837732686	false	1.0
beseitigen	neg 1.0	neg 1.0	neg 0.7479585897093654 off 0.21987359674627913 __DUMMY__ 0.03216781354435551	false	1.0
dumm	off 1.0		neg 0.5093818131481405 off 0.42437578534907333 __DUMMY__ 0.06624240150278618	false	0.5
arbeitsloser	neg 1.0		neg 0.5242964417916032 off 0.40847857675542976 __DUMMY__ 0.0672249814529671	false	1.0
blitzen	neg 1.0		neg 0.5186196412698816 off 0.41457373240773193 __DUMMY__ 0.06680662632238646	false	1.0
hilflos	neg 1.0		neg 0.522443865717675 off 0.4103365869511977 __DUMMY__ 0.06721954733112738	false	1.0
eklig	off 1.0		neg 0.5087404047251777 off 0.4250551623005401 __DUMMY__ 0.06620443297428225	false	0.5
begriff			neg 0.523896671414902 off 0.40919831576096394 __DUMMY__ 0.06690501282413402	false	0.0
hungersnot	neg 1.0		neg 0.5247779677667771 off 0.40829123441217846 __DUMMY__ 0.06693079782104444	false	1.0
ungesetzlich	neg 1.0		neg 0.5244768230391325 off 0.4093814067201063 __DUMMY__ 0.06614177024076118	false	1.0
verschwendung	neg 1.0		neg 0.5260575483618967 off 0.4067314379649751 __DUMMY__ 0.06721101367312836	false	1.0
schmerzvoll	neg 1.0		neg 0.5186800526877708 off 0.41426007310140806 __DUMMY__ 0.06705987421082127	false	1.0
vorzeitig	neg 1.0		neg 0.517005921585106 off 0.41592685152296344 __DUMMY__ 0.0670672268919304	false	1.0
unvollkommenheit	neg 1.0		neg 0.5216428195050923 off 0.41081519446986536 __DUMMY__ 0.06754198602504229	false	1.0
intervenieren	neg 1.0		neg 0.5293936262721641 off 0.4038365679274839 __DUMMY__ 0.06676980580035201	false	1.0
banause	off 1.0		neg 0.5080668992195659 off 0.4260620698646595 __DUMMY__ 0.06587103091577468	false	0.5
rebell	neg 1.0		neg 0.5301492757167879 off 0.4025679333760835 __DUMMY__ 0.06728279090712849	false	1.0
unlogisch	neg 1.0		neg 0.5127678318169234 off 0.42072035082312315 __DUMMY__ 0.06651181735995329	false	1.0
leiden	neg 1.0		neg 0.5204208824799577 off 0.411388236494672 __DUMMY__ 0.06819088102537042	false	1.0
abschaffung	neg 1.0		neg 0.5242790255181049 off 0.4092192721994505 __DUMMY__ 0.06650170228244467	false	1.0
sturz	neg 1.0		neg 0.5212262326759253 off 0.41166844730938024 __DUMMY__ 0.06710532001469448	false	1.0
verkleinerung	neg 1.0		neg 0.5231575045857231 off 0.4107132948417236 __DUMMY__ 0.06612920057255339	false	1.0
schmarotzer	off 1.0		neg 0.5257875869311586 off 0.4073939900314695 __DUMMY__ 0.06681842303737205	false	0.5
bestrafung	neg 1.0		neg 0.5200344016556584 off 0.41301013562603645 __DUMMY__ 0.06695546271830517	false	1.0
achtlos	neg 1.0		neg 0.5194717350392002 off 0.4131553749711513 __DUMMY__ 0.06737288998964847	false	1.0
ungeheuer	neg 1.0		neg 0.5154253136942932 off 0.41728782207857706 __DUMMY__ 0.06728686422712978	false	1.0
unaufrichtig	neg 1.0		neg 0.5218462821857085 off 0.41165580739075985 __DUMMY__ 0.06649791042353174	false	1.0
groggy	neg 1.0		neg 0.5200571950976964 off 0.4132533870301793 __DUMMY__ 0.06668941787212429	false	1.0
verletzlich	neg 1.0		neg 0.5132757580064897 off 0.4200011915982334 __DUMMY__ 0.06672305039527679	false	1.0
