unsolidarisch	neg 1.0		__DUMMY__ 0.4566269005988414 neg 0.30808534742599075 off 0.2352877519751678	false	1.0
nachteilig	neg 1.0		__DUMMY__ 0.4615227796537865 neg 0.3063759064864227 off 0.23210131385979074	false	1.0
skeptisch	neg 1.0		__DUMMY__ 0.46259059934387514 neg 0.30578681364839466 off 0.23162258700773022	false	1.0
schrecklich	neg 1.0		__DUMMY__ 0.45949919636235864 neg 0.2916326193380752 off 0.248868184299566	false	1.0
schlapp	neg 1.0	neg 1.0	neg 0.6371147855840762 __DUMMY__ 0.22430125528974101 off 0.1385839591261828	false	1.0
abfall	neg 1.0		__DUMMY__ 0.4638412659270461 neg 0.3074297569490372 off 0.22872897712391677	false	1.0
widerspenstig	neg 1.0		__DUMMY__ 0.46251873028967383 neg 0.2996083400067676 off 0.23787292970355853	false	1.0
abrupt	neg 1.0		__DUMMY__ 0.4661089681734791 neg 0.3003636849663805 off 0.2335273468601403	false	1.0
unwirksam	neg 1.0		__DUMMY__ 0.457820246213936 neg 0.30646433768085724 off 0.23571541610520674	false	1.0
angreifen	neg 1.0	neg 1.0	neg 0.6436035781603017 __DUMMY__ 0.22466175260788976 off 0.13173466923180843	false	1.0
inkonsistent	neg 1.0		__DUMMY__ 0.46092099944667625 neg 0.3009359801776909 off 0.2381430203756328	false	1.0
abrutschen	neg 1.0		__DUMMY__ 0.46402208935205186 neg 0.30671871705616527 off 0.22925919359178276	false	1.0
unsicher	neg 1.0		__DUMMY__ 0.46282986282972155 neg 0.2990902114827058 off 0.23807992568757275	false	1.0
bauernkind	off 1.0	off 1.0	off 0.6102710836797143 __DUMMY__ 0.22068672594342442 neg 0.16904219037686136	false	1.0
angreifer	neg 1.0		__DUMMY__ 0.46262226607573 neg 0.2979970214826745 off 0.23938071244159545	false	1.0
trennen	neg 1.0		__DUMMY__ 0.4673001789487128 neg 0.29821213912167976 off 0.23448768192960742	false	1.0
schmutz	neg 1.0		__DUMMY__ 0.4636743130062725 neg 0.2962956411735754 off 0.24003004582015205	false	1.0
inkonsistenz	neg 1.0		__DUMMY__ 0.4581656563342151 neg 0.3003831681501824 off 0.2414511755156026	false	1.0
erschreckend	neg 1.0		__DUMMY__ 0.46171710792577775 neg 0.30203021761757987 off 0.23625267445664233	false	1.0
ertrinken	neg 1.0		__DUMMY__ 0.46426220370023635 neg 0.3016259484188818 off 0.23411184788088174	false	1.0
pickelface	off 1.0		__DUMMY__ 0.46121625677974537 neg 0.3040572152243394 off 0.23472652799591515	false	0.5
seiner			__DUMMY__ 0.4643561760012047 neg 0.30277959861020376 off 0.23286422538859156	false	0.0
lauch	neg 1.0		__DUMMY__ 0.46178473916934065 neg 0.309866836449896 off 0.22834842438076322	false	1.0
unwichtig	neg 1.0		__DUMMY__ 0.4598066351804058 neg 0.29727061286772544 off 0.24292275195186872	false	1.0
steuerhinterziehung	neg 1.0		__DUMMY__ 0.45904495263828604 neg 0.30683572560208117 off 0.2341193217596329	false	1.0
schock	neg 1.0		__DUMMY__ 0.4649806356913299 neg 0.29734220484526425 off 0.23767715946340573	false	1.0
beule	neg 1.0		__DUMMY__ 0.46130639504818577 neg 0.2945913456966662 off 0.244102259255148	false	1.0
vergelten	neg 1.0		__DUMMY__ 0.4614223549862939 neg 0.29098508886165536 off 0.24759255615205075	false	1.0
verdorbenheit	neg 1.0		__DUMMY__ 0.4625305604692148 neg 0.30040433919940995 off 0.2370651003313753	false	1.0
trauma	neg 1.0		__DUMMY__ 0.4613180729467395 neg 0.3000746267601349 off 0.2386073002931256	false	1.0
sinnlos	neg 1.0		__DUMMY__ 0.46204058287633043 neg 0.2973044970641972 off 0.24065492005947228	false	1.0
fettsack	off 1.0	off 1.0	off 0.6118268421907839 __DUMMY__ 0.22153669958897299 neg 0.1666364582202431	false	1.0
feige	off 1.0	off 1.0	off 0.6081944263450136 __DUMMY__ 0.22230547910167472 neg 0.1695000945533116	false	1.0
abdanken	neg 1.0		__DUMMY__ 0.45987090087115645 neg 0.30451580611881646 off 0.23561329301002712	false	1.0
wichtigtuer	off 1.0	off 1.0	off 0.6064193408835572 __DUMMY__ 0.22330310775394316 neg 0.17027755136249967	false	1.0
misslingen	neg 1.0		__DUMMY__ 0.46598846776336234 neg 0.29380396924128194 off 0.24020756299535578	false	1.0
untreu	off 1.0		__DUMMY__ 0.45922708054964895 neg 0.2965423587646116 off 0.24423056068573942	false	0.5
missmutig	neg 1.0		__DUMMY__ 0.4613001944499507 neg 0.29514172485662477 off 0.24355808069342438	false	1.0
hurenbock	off 1.0		__DUMMY__ 0.46264430426028597 neg 0.2979389987921501 off 0.23941669694756385	false	0.5
betrunken	neg 1.0		__DUMMY__ 0.4617135886002896 neg 0.2912609038449152 off 0.24702550755479513	false	1.0
korrupt	off 1.0		__DUMMY__ 0.4581394235016158 neg 0.3088128834673844 off 0.23304769303099965	false	0.5
unmut	neg 1.0		__DUMMY__ 0.4631749007266857 neg 0.3081405437896039 off 0.22868455548371033	false	1.0
hackfresse	off 1.0		__DUMMY__ 0.456751290115457 neg 0.2911395552871109 off 0.2521091545974322	false	0.5
aufblasen	neg 1.0		__DUMMY__ 0.46329213612953773 neg 0.29681423857505107 off 0.23989362529541122	false	1.0
gewaltsam	neg 1.0		__DUMMY__ 0.4617337310169265 neg 0.3020174847813439 off 0.23624878420172946	false	1.0
unbeliebtheit	neg 1.0		__DUMMY__ 0.4550932757855964 neg 0.3044866794371777 off 0.24042004477722587	false	1.0
sturheit	neg 1.0		__DUMMY__ 0.4613341504154097 neg 0.3025920447587065 off 0.23607380482588386	false	1.0
kuh	neg 1.0		__DUMMY__ 0.45906584090310554 neg 0.30385123293569344 off 0.23708292616120097	false	1.0
erschrecken	neg 1.0		__DUMMY__ 0.46177613112580623 neg 0.29536756147345117 off 0.24285630740074263	false	1.0
opfer	neg 1.0		__DUMMY__ 0.46338088356043006 neg 0.3027316538351138 off 0.23388746260445625	false	1.0
sinken	neg 1.0		__DUMMY__ 0.4645562894691778 neg 0.3055320590022432 off 0.22991165152857912	false	1.0
stinktier	neg 1.0		__DUMMY__ 0.4567387321377164 neg 0.2949086831998522 off 0.24835258466243146	false	1.0
tucke	off 1.0		__DUMMY__ 0.4532782057588358 neg 0.2954147924300052 off 0.2513070018111591	false	0.5
ein			__DUMMY__ 0.4638413590999924 neg 0.2968841715737093 off 0.23927446932629823	false	0.0
abstieg	neg 1.0		__DUMMY__ 0.46487896345230795 neg 0.30184146640588216 off 0.2332795701418099	false	1.0
missverstehen	neg 1.0		__DUMMY__ 0.45964559491304047 neg 0.3003021788853709 off 0.24005222620158875	false	1.0
ergebnislos	neg 1.0		__DUMMY__ 0.46285514946727435 neg 0.30475695906264666 off 0.23238789147007902	false	1.0
unter			__DUMMY__ 0.4696940798490147 neg 0.304442330238786 off 0.22586358991219932	false	0.0
manipulieren	neg 1.0		__DUMMY__ 0.4628706998029058 neg 0.3052978968808148 off 0.23183140331627944	false	1.0
unbewiesen	neg 1.0		__DUMMY__ 0.4560140022295226 neg 0.3086001767800067 off 0.2353858209904707	false	1.0
verschleppen	neg 1.0		__DUMMY__ 0.4617989825089202 neg 0.30424775059482567 off 0.2339532668962542	false	1.0
weib	off 1.0		__DUMMY__ 0.4560817149331071 neg 0.2921803853784766 off 0.25173789968841614	false	0.5
opposition	neg 1.0		__DUMMY__ 0.4591751809598436 neg 0.30221913670276845 off 0.23860568233738813	false	1.0
verkehrswidrig	neg 1.0	neg 1.0	neg 0.6312850221296566 __DUMMY__ 0.22678113990723336 off 0.14193383796311002	false	1.0
inkorrekt	neg 1.0		__DUMMY__ 0.45586060549797947 neg 0.2997372311221198 off 0.24440216337990078	false	1.0
vermeiden	neg 1.0		__DUMMY__ 0.46665720928733534 neg 0.30585130393662957 off 0.22749148677603517	false	1.0
abweichung	neg 1.0	neg 1.0	neg 0.6424895520729044 __DUMMY__ 0.2250898788100324 off 0.13242056911706326	false	1.0
alkoholisiert	neg 1.0		__DUMMY__ 0.4698798368046259 neg 0.2955491598099755 off 0.23457100338539846	false	1.0
scheiss	off 1.0	off 1.0	off 0.6087979283578225 __DUMMY__ 0.2235704886825191 neg 0.16763158295965833	false	1.0
herausforderung	neg 1.0	neg 1.0	neg 0.6387122172222167 __DUMMY__ 0.22827351441370447 off 0.13301426836407895	false	1.0
pervers	off 1.0		__DUMMY__ 0.4554994628280012 neg 0.28900331885198943 off 0.25549721832000927	false	0.5
wackelig	neg 1.0		__DUMMY__ 0.4666580747271169 neg 0.296970692995772 off 0.23637123227711113	false	1.0
verwickeln	neg 1.0		__DUMMY__ 0.46004754501859896 neg 0.29986133566263085 off 0.24009111931877034	false	1.0
vorwand	neg 1.0		__DUMMY__ 0.462944359479317 neg 0.30618313892135485 off 0.23087250159932812	false	1.0
muschi	off 1.0		__DUMMY__ 0.4616994212564702 neg 0.30282283339669025 off 0.2354777453468396	false	0.5
entmutigung	neg 1.0		__DUMMY__ 0.4582270434398272 neg 0.3039136837418536 off 0.23785927281831912	false	1.0
unangemessen	neg 1.0		__DUMMY__ 0.46076382206135297 neg 0.3044445076405245 off 0.2347916702981225	false	1.0
unstetig	neg 1.0		__DUMMY__ 0.46128637119055643 neg 0.30037543203242695 off 0.23833819677701665	false	1.0
entmutigen	neg 1.0		__DUMMY__ 0.46228313107387325 neg 0.29820432802797675 off 0.23951254089815008	false	1.0
schwanz	neg 1.0		__DUMMY__ 0.46294099746410355 neg 0.30499363998422363 off 0.23206536255167295	false	1.0
verbot	neg 1.0		__DUMMY__ 0.4594446147758309 neg 0.30743287297675836 off 0.23312251224741062	false	1.0
leid	neg 1.0		__DUMMY__ 0.4587538423562513 neg 0.29128224788531726 off 0.24996390975843147	false	1.0
archaisch	neg 1.0		__DUMMY__ 0.462472685647805 neg 0.30225262868906566 off 0.2352746856631294	false	1.0
gegen			__DUMMY__ 0.4647126119514911 neg 0.304614435563384 off 0.23067295248512482	false	0.0
scheidung	neg 1.0		__DUMMY__ 0.4557325264627067 neg 0.2845540895959617 off 0.25971338394133164	false	1.0
einschlag	neg 1.0	neg 1.0	neg 0.6359118746166381 __DUMMY__ 0.2236512342004692 off 0.14043689118289268	false	1.0
m			__DUMMY__ 0.46377043330921247 neg 0.30075525019995647 off 0.23547431649083098	false	0.0
abgestanden	neg 1.0		__DUMMY__ 0.46176480961882366 neg 0.3000210300499046 off 0.23821416033127168	false	1.0
schmierig	off 1.0		__DUMMY__ 0.45895527258921104 neg 0.29164465654664024 off 0.2494000708641489	false	0.5
unpraktisch	neg 1.0		__DUMMY__ 0.46386764386947826 neg 0.2964904150872453 off 0.2396419410432764	false	1.0
wixxer	off 1.0		__DUMMY__ 0.454661456995361 neg 0.29046159020147744 off 0.2548769528031614	false	0.5
bezeichnet			__DUMMY__ 0.4611296097554858 neg 0.3020996959631005 off 0.23677069428141373	false	0.0
jammerlappen	off 1.0		__DUMMY__ 0.46002684991442516 neg 0.29678389874796596 off 0.243189251337609	false	0.5
farce	neg 1.0		__DUMMY__ 0.4589168617458573 neg 0.3071418994046463 off 0.23394123884949639	false	1.0
zwecklos	neg 1.0		__DUMMY__ 0.4614723596722153 neg 0.30351081964518484 off 0.23501682068259983	false	1.0
turbulent	neg 1.0		__DUMMY__ 0.4586756659387476 neg 0.29819185860276703 off 0.24313247545848524	false	1.0
invasion	neg 1.0		__DUMMY__ 0.46188798878701937 neg 0.29743243337352876 off 0.2406795778394518	false	1.0
schuld	neg 1.0		__DUMMY__ 0.4616406582147872 neg 0.29965494302665413 off 0.2387043987585587	false	1.0
risiko	neg 1.0		__DUMMY__ 0.4633040807881292 neg 0.2982813175256627 off 0.23841460168620798	false	1.0
finster	neg 1.0		__DUMMY__ 0.46305092920718116 neg 0.2977150512738113 off 0.23923401951900744	false	1.0
geisteskrank	off 1.0		__DUMMY__ 0.4580903785307193 neg 0.2973127218911473 off 0.24459689957813338	false	0.5
zusammenbrechen	neg 1.0		__DUMMY__ 0.46364804131315956 neg 0.2998378198950458 off 0.23651413879179467	false	1.0
ausbeute	neg 1.0		__DUMMY__ 0.46713125965112445 neg 0.2990943991262668 off 0.23377434122260882	false	1.0
hinterhalt	neg 1.0		__DUMMY__ 0.4641017900817611 neg 0.299981499941133 off 0.23591670997710582	false	1.0
kritik	neg 1.0		__DUMMY__ 0.45931110195826885 neg 0.3068006060900608 off 0.23388829195167027	false	1.0
einschrumpfen	neg 1.0		__DUMMY__ 0.45739467496102 neg 0.303000500888145 off 0.23960482415083484	false	1.0
riskant	neg 1.0		__DUMMY__ 0.46195787496064694 neg 0.3050052323175791 off 0.2330368927217741	false	1.0
frustrieren	neg 1.0		__DUMMY__ 0.46289012231347854 neg 0.3034385055732601 off 0.23367137211326147	false	1.0
groll	neg 1.0		__DUMMY__ 0.4626730894835294 neg 0.30220875258899493 off 0.2351181579274756	false	1.0
gibt			__DUMMY__ 0.46277861645954366 neg 0.3014831048339756 off 0.23573827870648068	false	0.0
qualvoll	neg 1.0		__DUMMY__ 0.4627057669538972 neg 0.2950865286141457 off 0.24220770443195705	false	1.0
wackeln	neg 1.0	neg 1.0	neg 0.6380067595297353 __DUMMY__ 0.2259398193247116 off 0.13605342114555305	false	1.0
klagen	neg 1.0		__DUMMY__ 0.46349835656714544 neg 0.30708199772122297 off 0.22941964571163173	false	1.0
bankrott	neg 1.0		__DUMMY__ 0.4612039570086748 neg 0.29653251105557965 off 0.2422635319357455	false	1.0
trauern	neg 1.0		__DUMMY__ 0.46491644856805675 neg 0.30086094046451023 off 0.2342226109674329	false	1.0
ablehnung	neg 1.0		__DUMMY__ 0.45909933720263646 neg 0.3070380191899802 off 0.23386264360738335	false	1.0
stur	neg 1.0		__DUMMY__ 0.4610570898451174 neg 0.2997044427574395 off 0.23923846739744312	false	1.0
aufruhr	neg 1.0		__DUMMY__ 0.46156250346273753 neg 0.3023508169511957 off 0.23608667958606666	false	1.0
melancholie	neg 1.0		__DUMMY__ 0.46450221364354016 neg 0.3000430779112228 off 0.23545470844523683	false	1.0
ist			__DUMMY__ 0.4618873991971807 neg 0.29820685827337623 off 0.23990574252944302	false	0.0
torheit	neg 1.0		__DUMMY__ 0.459737020869033 neg 0.3025498657169722 off 0.2377131134139949	false	1.0
dreckskind	off 1.0		__DUMMY__ 0.4560656552386498 neg 0.2941123054171261 off 0.24982203934422423	false	0.5
umtauschen	neg 1.0		__DUMMY__ 0.46315806494459894 neg 0.2993562606780508 off 0.23748567437735021	false	1.0
zum			__DUMMY__ 0.4709482785879886 neg 0.29967872306021226 off 0.2293729983517992	false	0.0
zersetzen	neg 1.0		__DUMMY__ 0.4615768380544124 neg 0.30722537213752216 off 0.2311977898080656	false	1.0
zur			__DUMMY__ 0.4666527329359335 neg 0.306547339042939 off 0.2267999280211274	false	0.0
frust	neg 1.0		__DUMMY__ 0.46369549869003557 neg 0.2999746731850955 off 0.23632982812486875	false	1.0
unerbittlichkeit	neg 1.0		__DUMMY__ 0.46219675946100225 neg 0.30620259584260484 off 0.2316006446963929	false	1.0
zwei			__DUMMY__ 0.4690779623950177 neg 0.29962439099778526 off 0.23129764660719704	false	0.0
unkorrekt	neg 1.0		__DUMMY__ 0.45658696407826843 neg 0.2979982197337061 off 0.2454148161880255	false	1.0
hexe	off 1.0		__DUMMY__ 0.46032429150739695 neg 0.2956011659222978 off 0.24407454257030525	false	0.5
lasch	neg 1.0		__DUMMY__ 0.4590739181178771 neg 0.29963588353184073 off 0.2412901983502823	false	1.0
rivale	neg 1.0		__DUMMY__ 0.4606935599946701 neg 0.29250499571392335 off 0.24680144429140655	false	1.0
mutlos	off 1.0	off 1.0	off 0.6021178491588582 __DUMMY__ 0.22372467844590088 neg 0.174157472395241	false	1.0
wirr	off 1.0		__DUMMY__ 0.4569362275251296 neg 0.297183483016163 off 0.24588028945870746	false	0.5
jahr			__DUMMY__ 0.4687792744043887 neg 0.29780839648255464 off 0.23341232911305654	false	0.0
wird			__DUMMY__ 0.463827801024138 neg 0.3017063255330465 off 0.23446587344281541	false	0.0
strafbar	neg 1.0		__DUMMY__ 0.4613910911162714 neg 0.3056668103357301 off 0.23294209854799852	false	1.0
erosion	neg 1.0		__DUMMY__ 0.46314184016970317 neg 0.29806766736243256 off 0.23879049246786416	false	1.0
eingehen	neg 1.0		__DUMMY__ 0.4612976620660268 neg 0.30463441175432676 off 0.2340679261796463	false	1.0
faul	off 1.0		__DUMMY__ 0.46168922103366355 neg 0.2954842495286101 off 0.24282652943772634	false	0.5
provisorium	neg 1.0		__DUMMY__ 0.46779749052667674 neg 0.30746481194380426 off 0.22473769752951905	false	1.0
schmerzen	neg 1.0		__DUMMY__ 0.46280113349377106 neg 0.2993744907267656 off 0.23782437577946336	false	1.0
schrumpfen	neg 1.0		__DUMMY__ 0.4646379952210607 neg 0.3087913758825081 off 0.2265706288964313	false	1.0
geistlos	off 1.0		__DUMMY__ 0.4568163863879649 neg 0.30424011672347867 off 0.2389434968885563	false	0.5
fehlkauf	neg 1.0		__DUMMY__ 0.460412167591286 neg 0.300394844442218 off 0.23919298796649593	false	1.0
frustrierend	neg 1.0		__DUMMY__ 0.4623222055612762 neg 0.2947980575170295 off 0.2428797369216944	false	1.0
unzufrieden	neg 1.0		__DUMMY__ 0.4616300438750314 neg 0.30346900665742804 off 0.23490094946754042	false	1.0
verzweifeln	neg 1.0		__DUMMY__ 0.4627426719727378 neg 0.2998614021353536 off 0.23739592589190864	false	1.0
verzweifelt	neg 1.0		__DUMMY__ 0.46106589353959154 neg 0.2996231874919334 off 0.23931091896847517	false	1.0
misstrauensantrag	neg 1.0		__DUMMY__ 0.4596760652936955 neg 0.30073088575550294 off 0.23959304895080175	false	1.0
abfallen	neg 1.0		__DUMMY__ 0.46432870946437044 neg 0.2954962186247608 off 0.24017507191086876	false	1.0
fucker	off 1.0		__DUMMY__ 0.458386292380505 neg 0.2964259908262911 off 0.24518771679320403	false	0.5
ungezogen	neg 1.0		__DUMMY__ 0.4573774703771036 neg 0.28847773555438233 off 0.2541447940685141	false	1.0
irrsinnig	neg 1.0	neg 1.0	neg 0.6406497792451726 __DUMMY__ 0.2237261717703399 off 0.13562404898448746	false	1.0
unfassbar	neg 1.0		__DUMMY__ 0.4602215328488335 neg 0.29556992985662395 off 0.24420853729454264	false	1.0
hart	neg 1.0		__DUMMY__ 0.459532056357035 neg 0.29946302819939746 off 0.2410049154435677	false	1.0
widerlich	off 1.0		__DUMMY__ 0.45813769784776476 neg 0.29733207514516835 off 0.24453022700706672	false	0.5
fatal	neg 1.0		__DUMMY__ 0.46056224370607446 neg 0.29979873970292686 off 0.2396390165909986	false	1.0
bruch	neg 1.0		__DUMMY__ 0.46278806696500235 neg 0.3078385341844021 off 0.22937339885059552	false	1.0
aushungern	neg 1.0		__DUMMY__ 0.4596414950873756 neg 0.30515232711859375 off 0.23520617779403077	false	1.0
anspannung	neg 1.0	neg 1.0	neg 0.6406815760143247 __DUMMY__ 0.22905566429882054 off 0.13026275968685475	false	1.0
von			__DUMMY__ 0.46784824218924315 neg 0.30000265243913515 off 0.23214910537162173	false	0.0
kraftlos	neg 1.0		__DUMMY__ 0.4651012745079397 neg 0.298646964197753 off 0.2362517612943073	false	1.0
vom			__DUMMY__ 0.4706362574735941 neg 0.30268911532107673 off 0.2266746272053292	false	0.0
grenzdebil	off 1.0		__DUMMY__ 0.46001892528669575 neg 0.29461558528947623 off 0.24536548942382802	false	0.5
vor			__DUMMY__ 0.4648358326902381 neg 0.30355022896346395 off 0.2316139383462979	false	0.0
unterwerfen	neg 1.0		__DUMMY__ 0.4631012278709621 neg 0.3034576786861329 off 0.233441093442905	false	1.0
versenkung	neg 1.0		__DUMMY__ 0.4628058937782853 neg 0.3042574170580914 off 0.23293668916362337	false	1.0
entziehen	neg 1.0		__DUMMY__ 0.46352194254329027 neg 0.3062243824304923 off 0.2302536750262173	false	1.0
finanzkrise	neg 1.0		__DUMMY__ 0.4582536138972438 neg 0.30699690900636 off 0.2347494770963963	false	1.0
schimpfend	neg 1.0		__DUMMY__ 0.4651583374075925 neg 0.29465393382102384 off 0.24018772877138347	false	1.0
profan	neg 1.0		__DUMMY__ 0.4609776141332911 neg 0.2980436649230881 off 0.24097872094362083	false	1.0
korruption	neg 1.0	neg 1.0	neg 0.6447831495073321 __DUMMY__ 0.22286756907866104 off 0.13234928141400681	false	1.0
â			__DUMMY__ 0.46347132646514777 neg 0.30249831860021864 off 0.23403035493463353	false	0.0
schmutzig	neg 1.0		__DUMMY__ 0.4605733890834215 neg 0.29459244316087824 off 0.24483416775570024	false	1.0
sexy	neg 1.0		__DUMMY__ 0.46093190291578545 neg 0.2973907972185127 off 0.2416772998657018	false	1.0
abraten	neg 1.0		__DUMMY__ 0.46143277773787855 neg 0.29868469924959734 off 0.23988252301252408	false	1.0
schwarz	neg 1.0		__DUMMY__ 0.46085318424014277 neg 0.30011650245811883 off 0.23903031330173838	false	1.0
fotze	off 1.0		__DUMMY__ 0.46199169257039047 neg 0.3050743064722258 off 0.23293400095738367	false	0.5
verwirren	neg 1.0		__DUMMY__ 0.4611492869465684 neg 0.2975361009873122 off 0.24131461206611937	false	1.0
zahnlos	off 1.0		__DUMMY__ 0.4611942829773151 neg 0.3040526881382876 off 0.2347530288843974	false	0.5
verheeren	neg 1.0		__DUMMY__ 0.45686895610081 neg 0.2881842022748608 off 0.25494684162432907	false	1.0
hippie	neg 1.0		__DUMMY__ 0.46048368709650084 neg 0.29863721406090876 off 0.24087909884259034	false	1.0
rammen	neg 1.0		__DUMMY__ 0.460299344842754 neg 0.30186325339754955 off 0.23783740175969656	false	1.0
unlauter	neg 1.0		__DUMMY__ 0.4576866228303182 neg 0.30572390303866237 off 0.23658947413101955	false	1.0
unheilvoll	neg 1.0		__DUMMY__ 0.4635508605569208 neg 0.2952610361808923 off 0.24118810326218704	false	1.0
niedrig	neg 1.0		__DUMMY__ 0.4628317093744546 neg 0.30507575108538226 off 0.23209253954016312	false	1.0
explosion	neg 1.0		__DUMMY__ 0.46036472002749507 neg 0.2994728274895328 off 0.24016245248297222	false	1.0
weichei	off 1.0		__DUMMY__ 0.45677775786052693 neg 0.29299761113482403 off 0.2502246310046489	false	0.5
minusmensch	off 1.0		__DUMMY__ 0.45187898013828487 neg 0.29536826678779693 off 0.25275275307391815	false	0.5
farblos	neg 1.0		__DUMMY__ 0.4658446994975705 neg 0.2965194168660776 off 0.23763588363635185	false	1.0
unwissend	neg 1.0	neg 1.0	neg 0.6384099864453868 __DUMMY__ 0.22312875938461055 off 0.13846125417000263	false	1.0
traurig	neg 1.0		__DUMMY__ 0.46009360007747907 neg 0.29209501435950014 off 0.24781138556302082	false	1.0
senkung	neg 1.0		__DUMMY__ 0.45866889137797 neg 0.3015163734437278 off 0.23981473517830237	false	1.0
ungleich	neg 1.0	neg 1.0	neg 0.6442946192506835 __DUMMY__ 0.22382770888070133 off 0.13187767186861515	false	1.0
heikel	neg 1.0		__DUMMY__ 0.4620852254809092 neg 0.3062732473940549 off 0.23164152712503597	false	1.0
drosselung	neg 1.0		__DUMMY__ 0.46006802794415047 neg 0.295295555022381 off 0.24463641703346858	false	1.0
falsch	neg 1.0		__DUMMY__ 0.46083173679198847 neg 0.29655770073135357 off 0.24261056247665808	false	1.0
unzufriedenheit	neg 1.0		__DUMMY__ 0.4628322856994604 neg 0.30597184761822405 off 0.2311958666823156	false	1.0
kurz	neg 1.0		__DUMMY__ 0.4653976994125794 neg 0.2976194221059798 off 0.23698287848144076	false	1.0
unsinnig	neg 1.0		__DUMMY__ 0.46034230486486366 neg 0.30459532625387514 off 0.23506236888126125	false	1.0
penner	off 1.0	off 1.0	off 0.6135954602085355 __DUMMY__ 0.2213935705576732 neg 0.1650109692337912	false	1.0
seicht	neg 1.0		__DUMMY__ 0.45461668966735225 neg 0.29242830779047757 off 0.25295500254217007	false	1.0
dummheit	off 1.0	off 1.0	off 0.6064859837757212 __DUMMY__ 0.22284605585032355 neg 0.17066796037395526	false	1.0
unerfreulich	neg 1.0		__DUMMY__ 0.46387445574419084 neg 0.3049867486192059 off 0.23113879563660322	false	1.0
motherfucker	off 1.0	off 1.0	off 0.6091731581340418 __DUMMY__ 0.22196398697566888 neg 0.16886285489028932	false	1.0
pikiert	neg 1.0		__DUMMY__ 0.45811259402131915 neg 0.2987397875757832 off 0.24314761840289778	false	1.0
wrack	neg 1.0		__DUMMY__ 0.4663949600886999 neg 0.2993438022303369 off 0.23426123768096316	false	1.0
gangster	neg 1.0		__DUMMY__ 0.46107838950232016 neg 0.2982802775023874 off 0.2406413329952924	false	1.0
krank	neg 1.0		__DUMMY__ 0.4614758722168983 neg 0.2923427324114474 off 0.24618139537165445	false	1.0
reich	neg 1.0		__DUMMY__ 0.45937187989520417 neg 0.2986471338397336 off 0.2419809862650621	false	1.0
gnadenlos	neg 1.0		__DUMMY__ 0.46192706732360217 neg 0.2992614201711096 off 0.23881151250528831	false	1.0
niedergeschlagen	neg 1.0		__DUMMY__ 0.46396033033664136 neg 0.2992977960287901 off 0.23674187363456856	false	1.0
terrorisieren	off 1.0	off 1.0	off 0.6027940017763367 __DUMMY__ 0.22482396267507024 neg 0.1723820355485931	false	1.0
sinnlosigkeit	neg 1.0		__DUMMY__ 0.4621475277053064 neg 0.30254722780291704 off 0.23530524449177634	false	1.0
behindern	neg 1.0		__DUMMY__ 0.4611978619149811 neg 0.3024633228545331 off 0.23633881523048572	false	1.0
undemokratisch	neg 1.0		__DUMMY__ 0.4583496409055834 neg 0.30446630897287374 off 0.23718405012154284	false	1.0
wirtschaftskrise	neg 1.0		__DUMMY__ 0.46047322772105415 neg 0.30670578213994626 off 0.23282099013899957	false	1.0
neid	neg 1.0		__DUMMY__ 0.4638191317094317 neg 0.2916790902417472 off 0.24450177804882114	false	1.0
rutschen	neg 1.0	neg 1.0	neg 0.639849520069145 __DUMMY__ 0.2287048514936124 off 0.13144562843724272	false	1.0
rezession	neg 1.0		__DUMMY__ 0.45476791000254 neg 0.2986805173746078 off 0.2465515726228521	false	1.0
fehlgeburt	neg 1.0		__DUMMY__ 0.4629544830137026 neg 0.29653583712968395 off 0.24050967985661348	false	1.0
charakterschwach	off 1.0		__DUMMY__ 0.4591111825862983 neg 0.29642132833961854 off 0.24446748907408308	false	0.5
isolation	neg 1.0		__DUMMY__ 0.4621849875333452 neg 0.2950423577654095 off 0.24277265470124518	false	1.0
ablenkung	neg 1.0		__DUMMY__ 0.4626731347330228 neg 0.29895857966123424 off 0.23836828560574305	false	1.0
pech	neg 1.0		__DUMMY__ 0.4619231313573497 neg 0.2955469306924874 off 0.24252993795016292	false	1.0
vermeidung	neg 1.0		__DUMMY__ 0.45835435672764446 neg 0.29728417917899974 off 0.24436146409335585	false	1.0
dominieren	neg 1.0		__DUMMY__ 0.4657751869153665 neg 0.2994061913045842 off 0.23481862178004928	false	1.0
schwindlig	neg 1.0		__DUMMY__ 0.4640950778746128 neg 0.2942832120806726 off 0.24162171004471455	false	1.0
lutscher	neg 1.0	neg 1.0	neg 0.6352585819493971 __DUMMY__ 0.2204978924091967 off 0.14424352564140624	false	1.0
pflicht	neg 1.0		__DUMMY__ 0.46282120219880524 neg 0.30541848008501415 off 0.23176031771618053	false	1.0
faschist	off 1.0		__DUMMY__ 0.45805090639066975 neg 0.30213123293702315 off 0.2398178606723072	false	0.5
verschleudern	neg 1.0		__DUMMY__ 0.4589193388233138 neg 0.3097894117970422 off 0.23129124937964407	false	1.0
wenn			__DUMMY__ 0.4609460189528172 neg 0.2961226130257132 off 0.24293136802146945	false	0.0
ehebruch	neg 1.0		__DUMMY__ 0.4615678476608994 neg 0.30494460279396185 off 0.2334875495451387	false	1.0
spott	off 1.0		__DUMMY__ 0.46105518002970913 neg 0.3063131004569111 off 0.23263171951337977	false	0.5
trostlosigkeit	neg 1.0		__DUMMY__ 0.4634896700711709 neg 0.3060276966572198 off 0.23048263327160928	false	1.0
lutschen	neg 1.0		__DUMMY__ 0.459180546963828 neg 0.30112923792471724 off 0.23969021511145477	false	1.0
undiszipliniert	neg 1.0		__DUMMY__ 0.4599015187603673 neg 0.29347795196763615 off 0.24662052927199662	false	1.0
kopfschmerz	neg 1.0		__DUMMY__ 0.4642723932043664 neg 0.2990676886662341 off 0.23665991812939954	false	1.0
unvorhergesehen	neg 1.0		__DUMMY__ 0.46721352761960244 neg 0.29782718347334536 off 0.23495928890705212	false	1.0
desinteressiert	neg 1.0		__DUMMY__ 0.45881977427697923 neg 0.2951317511736039 off 0.24604847454941695	false	1.0
armselig	off 1.0		__DUMMY__ 0.4569690011060161 neg 0.29649074090588334 off 0.24654025798810053	false	0.5
desaster	neg 1.0		__DUMMY__ 0.4627966460877021 neg 0.3084764515812117 off 0.22872690233108617	false	1.0
tod	neg 1.0		__DUMMY__ 0.4636669021974357 neg 0.30226352350397906 off 0.23406957429858527	false	1.0
herzlos	neg 1.0		__DUMMY__ 0.4582008531958243 neg 0.29416004308338317 off 0.24763910372079265	false	1.0
unwissenheit	neg 1.0		__DUMMY__ 0.46021015632238926 neg 0.30557254446176113 off 0.2342172992158496	false	1.0
widersinnig	neg 1.0	neg 1.0	neg 0.6444472752045571 __DUMMY__ 0.22254071548229498 off 0.13301200931314797	false	1.0
bedenklich	neg 1.0		__DUMMY__ 0.46164992102294466 neg 0.3050727115142943 off 0.23327736746276118	false	1.0
beanstanden	neg 1.0		__DUMMY__ 0.46312279098407566 neg 0.3058022419607685 off 0.23107496705515587	false	1.0
panisch	neg 1.0	neg 1.0	neg 0.6359365876573704 __DUMMY__ 0.22633686692480615 off 0.13772654541782342	false	1.0
debil	off 1.0		__DUMMY__ 0.4653049671842345 neg 0.30900147395924327 off 0.22569355885652237	false	0.5
abstrich	neg 1.0		__DUMMY__ 0.46205543078210964 neg 0.3042274636593073 off 0.23371710555858297	false	1.0
primitiv	neg 1.0		__DUMMY__ 0.4581453244598393 neg 0.2967940526161929 off 0.2450606229239679	false	1.0
abschaum	off 1.0	off 1.0	off 0.6080206611533627 __DUMMY__ 0.22280367085923547 neg 0.16917566798740177	false	1.0
provozieren	neg 1.0		__DUMMY__ 0.4608805245382036 neg 0.3009291974427388 off 0.2381902780190574	false	1.0
tot	neg 1.0		__DUMMY__ 0.46343770103672166 neg 0.30316139878668724 off 0.23340090017659115	false	1.0
instabil	neg 1.0		__DUMMY__ 0.456537436659868 neg 0.29937874552730226 off 0.24408381781282973	false	1.0
schwuchtel	off 1.0		__DUMMY__ 0.4522424780210287 neg 0.2893101307246982 off 0.2584473912542731	false	0.5
zerren	neg 1.0		__DUMMY__ 0.46413187073842194 neg 0.29890569572002706 off 0.23696243354155094	false	1.0
kinderficker	off 1.0		__DUMMY__ 0.45588533019312844 neg 0.29496455254363657 off 0.24915011726323488	false	0.5
gefahr	neg 1.0		__DUMMY__ 0.4629789641844539 neg 0.3057123552767943 off 0.23130868053875178	false	1.0
rabiat	neg 1.0		__DUMMY__ 0.46080453549952577 neg 0.3018861861012169 off 0.23730927839925736	false	1.0
verlangsamung	neg 1.0		__DUMMY__ 0.45528530986940396 neg 0.29374707901569413 off 0.2509676111149019	false	1.0
ausgestorben	neg 1.0		__DUMMY__ 0.463477666179014 neg 0.29895470610732516 off 0.23756762771366086	false	1.0
anklagen	neg 1.0		__DUMMY__ 0.4606659478081319 neg 0.30444900680163667 off 0.23488504539023136	false	1.0
trott	neg 1.0		__DUMMY__ 0.4627459105894798 neg 0.3000602573864717 off 0.23719383202404865	false	1.0
verminderung	neg 1.0		__DUMMY__ 0.45893152046214386 neg 0.29545781007086197 off 0.2456106694669941	false	1.0
nach			__DUMMY__ 0.46999859481899536 neg 0.30053771784145483 off 0.22946368733954978	false	0.0
rost	neg 1.0		__DUMMY__ 0.4572114838100577 neg 0.2926165355315052 off 0.25017198065843715	false	1.0
destruktiv	neg 1.0		__DUMMY__ 0.45965081314678213 neg 0.30403532177834114 off 0.23631386507487673	false	1.0
unzumutbarkeit	neg 1.0		__DUMMY__ 0.4612779445003576 neg 0.29538395044415877 off 0.24333810505548362	false	1.0
labil	off 1.0	off 1.0	off 0.6079070596179915 __DUMMY__ 0.22275957154490092 neg 0.16933336883710762	false	1.0
ziemlich	neg 1.0		__DUMMY__ 0.46128957239647306 neg 0.2935818492889381 off 0.24512857831458895	false	1.0
lachnummer	off 1.0		__DUMMY__ 0.4611851608396376 neg 0.30162957454514916 off 0.23718526461521314	false	0.5
oder			__DUMMY__ 0.4637642513616255 neg 0.29747821655553225 off 0.2387575320828424	false	0.0
verfall	neg 1.0		__DUMMY__ 0.4636357114837868 neg 0.31021278357351484 off 0.22615150494269842	false	1.0
ausgrenzung	neg 1.0		__DUMMY__ 0.457586580282117 neg 0.30466135668977035 off 0.2377520630281125	false	1.0
unordnung	neg 1.0		__DUMMY__ 0.46074448882435376 neg 0.29523559892570816 off 0.24401991224993808	false	1.0
fehlverhalten	neg 1.0		__DUMMY__ 0.4617745244737108 neg 0.30652890411146205 off 0.23169657141482708	false	1.0
eine			__DUMMY__ 0.464048184528328 neg 0.3041759009453244 off 0.2317759145263476	false	0.0
nille	neg 1.0		__DUMMY__ 0.46193405815518035 neg 0.30193585791963623 off 0.23613008392518345	false	1.0
qual	neg 1.0		__DUMMY__ 0.4624043985622124 neg 0.3007805161470519 off 0.2368150852907357	false	1.0
verschwenden	neg 1.0		__DUMMY__ 0.4618454782489127 neg 0.304237463301904 off 0.2339170584491832	false	1.0
riesig	neg 1.0	neg 1.0	neg 0.6411494035979707 __DUMMY__ 0.2257616443719676 off 0.1330889520300617	false	1.0
verurteilen	neg 1.0		__DUMMY__ 0.46084635497686827 neg 0.3047152510034788 off 0.23443839401965294	false	1.0
klischee	neg 1.0	neg 1.0	neg 0.6402473128357169 __DUMMY__ 0.2226685744135403 off 0.1370841127507428	false	1.0
diktatorisch	neg 1.0		__DUMMY__ 0.456888366471936 neg 0.3058333301274754 off 0.2372783034005886	false	1.0
vorhersehbar	neg 1.0	neg 1.0	neg 0.6400190081725043 __DUMMY__ 0.2231831244825781 off 0.1367978673449176	false	1.0
sowie			__DUMMY__ 0.4561528261777725 neg 0.2947174216489121 off 0.2491297521733155	false	0.0
stornieren	neg 1.0		__DUMMY__ 0.46626812083078034 neg 0.2935361051255606 off 0.240195774043659	false	1.0
besteuerung	neg 1.0		__DUMMY__ 0.4584628246938458 neg 0.3045093852970691 off 0.23702779000908514	false	1.0
ungeschminkt	neg 1.0		__DUMMY__ 0.4584797485158557 neg 0.297294929368495 off 0.24422532211564935	false	1.0
kritisch	neg 1.0		__DUMMY__ 0.46207428244196697 neg 0.30472606595779994 off 0.23319965160023298	false	1.0
schlamperei	off 1.0		__DUMMY__ 0.4609665629771984 neg 0.307702307406588 off 0.2313311296162137	false	0.5
sucht	neg 1.0	neg 1.0	neg 0.6402202807341492 __DUMMY__ 0.22478845077131382 off 0.13499126849453702	false	1.0
egoistisch	off 1.0		__DUMMY__ 0.4580797899820485 neg 0.29124969898984965 off 0.2506705110281017	false	0.5
ausbeuter	off 1.0		__DUMMY__ 0.4604955011905683 neg 0.30848880895658 off 0.23101568985285165	false	0.5
arschgeburt	off 1.0		__DUMMY__ 0.4517836900916862 neg 0.289776497339324 off 0.2584398125689898	false	0.5
schubs	neg 1.0	neg 1.0	neg 0.6396347158302319 __DUMMY__ 0.22625641754798276 off 0.13410886662178528	false	1.0
unsolide	neg 1.0		__DUMMY__ 0.45464369559188444 neg 0.30831323360431245 off 0.23704307080380296	false	1.0
beschwerde	neg 1.0		__DUMMY__ 0.4606203537953133 neg 0.3079668395774294 off 0.23141280662725727	false	1.0
stocken	neg 1.0		__DUMMY__ 0.46169724350786495 neg 0.3057356487228745 off 0.23256710776926065	false	1.0
isolieren	neg 1.0		__DUMMY__ 0.4612942310867763 neg 0.3048132535221293 off 0.23389251539109446	false	1.0
unheilbar	neg 1.0		__DUMMY__ 0.4631535813554163 neg 0.2980709916260837 off 0.23877542701850007	false	1.0
pisser	off 1.0		__DUMMY__ 0.45809320743200704 neg 0.29663551088417506 off 0.2452712816838179	false	0.5
löschen	neg 1.0		__DUMMY__ 0.4619280937342182 neg 0.30062588741719254 off 0.23744601884858918	false	1.0
durchfallen	neg 1.0		__DUMMY__ 0.4608015556596889 neg 0.30482813878306475 off 0.23437030555724644	false	1.0
wichser	off 1.0		__DUMMY__ 0.45601760278747894 neg 0.2881452808282519 off 0.25583711638426915	false	0.5
terror	neg 1.0		__DUMMY__ 0.4620285791846282 neg 0.29691681352048926 off 0.2410546072948826	false	1.0
krass	neg 1.0		__DUMMY__ 0.4580777109764511 neg 0.29377776425237734 off 0.24814452477117155	false	1.0
revolte	neg 1.0	neg 1.0	neg 0.6418391889121434 __DUMMY__ 0.22246756011718777 off 0.13569325097066884	false	1.0
besorgt	neg 1.0		__DUMMY__ 0.4654533484369466 neg 0.29816606907375803 off 0.23638058248929536	false	1.0
nachlassen	neg 1.0		__DUMMY__ 0.46343044869148825 neg 0.3037072153867666 off 0.23286233592174516	false	1.0
alt	neg 1.0		__DUMMY__ 0.46330712541351565 neg 0.3025907602615171 off 0.23410211432496728	false	1.0
hundesohn	off 1.0		__DUMMY__ 0.4540678936991413 neg 0.2929486690529229 off 0.2529834372479357	false	0.5
als			__DUMMY__ 0.46429092941149225 neg 0.2994501088382882 off 0.2362589617502195	false	0.0
abschreckung	neg 1.0		__DUMMY__ 0.4627829198631958 neg 0.3069853939363998 off 0.2302316862004044	false	1.0
unqualifiziert	neg 1.0		__DUMMY__ 0.45795659153217155 neg 0.3016032546313461 off 0.2404401538364824	false	1.0
abgewichst	off 1.0		__DUMMY__ 0.4628083134565596 neg 0.3014666392065968 off 0.23572504733684366	false	0.5
schwer	neg 1.0		__DUMMY__ 0.46268857115442236 neg 0.2994325729263987 off 0.2378788559191789	false	1.0
bedeutungslosigkeit	neg 1.0		__DUMMY__ 0.46258689488620947 neg 0.3060552696427765 off 0.23135783547101402	false	1.0
kapitulation	neg 1.0		__DUMMY__ 0.4591257177510496 neg 0.30918067030513896 off 0.23169361194381138	false	1.0
unscharf	neg 1.0		__DUMMY__ 0.46101906939168785 neg 0.29865897015421666 off 0.2403219604540954	false	1.0
schwinden	neg 1.0		__DUMMY__ 0.46307661048672843 neg 0.3055591693382157 off 0.23136422017505584	false	1.0
versklavung	neg 1.0		__DUMMY__ 0.4570464624771526 neg 0.3061127964550632 off 0.23684074106778424	false	1.0
schlecht	neg 1.0		__DUMMY__ 0.4613676478980073 neg 0.29335423156260804 off 0.2452781205393847	false	1.0
verhasst	neg 1.0		__DUMMY__ 0.4611494278372153 neg 0.3000483490584908 off 0.23880222310429386	false	1.0
beschweren	neg 1.0		__DUMMY__ 0.46183312932168613 neg 0.29806876800597293 off 0.24009810267234108	false	1.0
scheiden	neg 1.0		__DUMMY__ 0.467536323797195 neg 0.2922415326390605 off 0.24022214356374436	false	1.0
frustriert	neg 1.0		__DUMMY__ 0.46285213812521786 neg 0.30052832442093047 off 0.23661953745385175	false	1.0
schimmelig	neg 1.0		__DUMMY__ 0.46357310882460667 neg 0.3031159814562856 off 0.23331090971910784	false	1.0
fisch	neg 1.0		__DUMMY__ 0.4672983540825153 neg 0.2995345300638313 off 0.23316711585365354	false	1.0
schmuggel	neg 1.0		__DUMMY__ 0.4655534125882785 neg 0.3021483508452806 off 0.23229823656644108	false	1.0
auffallen	neg 1.0		__DUMMY__ 0.461685196260245 neg 0.29741463633352294 off 0.24090016740623202	false	1.0
konkurrenz	neg 1.0	neg 1.0	neg 0.6428293582374888 __DUMMY__ 0.22606538535116838 off 0.13110525641134274	false	1.0
teufelskreis	neg 1.0	neg 1.0	neg 0.6416844287876141 __DUMMY__ 0.2239377432447362 off 0.1343778279676498	false	1.0
aufschreien	neg 1.0		__DUMMY__ 0.4605020312195058 neg 0.2991974325002005 off 0.24030053628029374	false	1.0
schuldner	neg 1.0		__DUMMY__ 0.46290336196264814 neg 0.3055194791657553 off 0.23157715887159666	false	1.0
missgeburt	off 1.0	off 1.0	off 0.6116344143740323 __DUMMY__ 0.2211476775979845 neg 0.16721790802798325	false	1.0
arbeitslos	neg 1.0		__DUMMY__ 0.46098653400476136 neg 0.3042558696626844 off 0.23475759633255436	false	1.0
befallen	neg 1.0		__DUMMY__ 0.46023177592984843 neg 0.3050348423209797 off 0.23473338174917177	false	1.0
miesepetrig	off 1.0	off 1.0	off 0.6092083350387615 __DUMMY__ 0.22389901976205512 neg 0.1668926451991833	false	1.0
alarmieren	neg 1.0		__DUMMY__ 0.4575642752619547 neg 0.30091129177548775 off 0.24152443296255743	false	1.0
ungeduscht	off 1.0		__DUMMY__ 0.4621978258807551 neg 0.29535513152147136 off 0.2424470425977735	false	0.5
knappheit	neg 1.0		__DUMMY__ 0.4602896554942297 neg 0.30743338743031223 off 0.23227695707545823	false	1.0
schlange	neg 1.0		__DUMMY__ 0.4647966843135043 neg 0.29411531621552495 off 0.24108799947097082	false	1.0
harsch	neg 1.0		__DUMMY__ 0.46011326732865154 neg 0.29032486328400203 off 0.24956186938734637	false	1.0
lang	neg 1.0		__DUMMY__ 0.4619724169976205 neg 0.3000079759354941 off 0.2380196070668855	false	1.0
ziellos	neg 1.0		__DUMMY__ 0.4647107940565193 neg 0.2996745217069752 off 0.23561468423650545	false	1.0
selbstverliebt	neg 1.0		__DUMMY__ 0.4532687104904605 neg 0.2908370546376996 off 0.25589423487183993	false	1.0
beseitigen	neg 1.0	neg 1.0	neg 0.639613206250144 __DUMMY__ 0.22566731150485464 off 0.13471948224500138	false	1.0
dumm	off 1.0		__DUMMY__ 0.45681828342204306 neg 0.2917686883012612 off 0.25141302827669576	false	0.5
arbeitsloser	neg 1.0		__DUMMY__ 0.46314457540099335 neg 0.3023879326985548 off 0.23446749190045182	false	1.0
blitzen	neg 1.0		__DUMMY__ 0.46043042366320086 neg 0.2985217828665502 off 0.24104779347024882	false	1.0
hilflos	neg 1.0		__DUMMY__ 0.4630620438029783 neg 0.3008284280216953 off 0.23610952817532638	false	1.0
eklig	off 1.0		__DUMMY__ 0.45659456603753695 neg 0.29130118891522605 off 0.25210424504723705	false	0.5
begriff			__DUMMY__ 0.46106449037607555 neg 0.3030930164022028 off 0.23584249322172154	false	0.0
hungersnot	neg 1.0		__DUMMY__ 0.4613196865299608 neg 0.3037222359644487 off 0.23495807750559045	false	1.0
ungesetzlich	neg 1.0		__DUMMY__ 0.4561950209144538 neg 0.3058389018810086 off 0.2379660772045376	false	1.0
verschwendung	neg 1.0		__DUMMY__ 0.46300623273293245 neg 0.30417261380013577 off 0.23282115346693177	false	1.0
schmerzvoll	neg 1.0		__DUMMY__ 0.4620361121501082 neg 0.29786480793093784 off 0.2400990799189539	false	1.0
vorzeitig	neg 1.0		__DUMMY__ 0.4622053524077312 neg 0.2961652806127508 off 0.24162936697951798	false	1.0
unvollkommenheit	neg 1.0		__DUMMY__ 0.46527569621811 neg 0.29898703994974085 off 0.23573726383214907	false	1.0
intervenieren	neg 1.0		__DUMMY__ 0.4602150126672828 neg 0.30852233561534026 off 0.23126265171737703	false	1.0
banause	off 1.0		__DUMMY__ 0.4544646085358008 neg 0.29169812110429005 off 0.25383727035990905	false	0.5
rebell	neg 1.0		__DUMMY__ 0.46358997347145836 neg 0.3077332309022953 off 0.22867679562624638	false	1.0
unlogisch	neg 1.0		__DUMMY__ 0.4585458603568592 neg 0.2940720219617125 off 0.24738211768142843	false	1.0
leiden	neg 1.0		__DUMMY__ 0.4694278082436121 neg 0.29591613814537887 off 0.23465605361100886	false	1.0
abschaffung	neg 1.0		__DUMMY__ 0.45851824582805584 neg 0.30465613533346025 off 0.2368256188384839	false	1.0
sturz	neg 1.0		__DUMMY__ 0.4624422900327005 neg 0.29995184262218333 off 0.23760586734511602	false	1.0
verkleinerung	neg 1.0		__DUMMY__ 0.4561461231310252 neg 0.3047772151239407 off 0.2390766617450342	false	1.0
schmarotzer	off 1.0		__DUMMY__ 0.46050053568690247 neg 0.30508686549208314 off 0.23441259882101442	false	0.5
bestrafung	neg 1.0		__DUMMY__ 0.4613969362028027 neg 0.2993420371810781 off 0.23926102661611914	false	1.0
achtlos	neg 1.0		__DUMMY__ 0.46406279247457816 neg 0.29760727497296663 off 0.23832993255245516	false	1.0
ungeheuer	neg 1.0		__DUMMY__ 0.46358949028100754 neg 0.2940745456568292 off 0.2423359640621632	false	1.0
unaufrichtig	neg 1.0		__DUMMY__ 0.45850761961017744 neg 0.30238781497427525 off 0.23910456541554734	false	1.0
groggy	neg 1.0		__DUMMY__ 0.4596508735837573 neg 0.3001911309690352 off 0.24015799544720742	false	1.0
verletzlich	neg 1.0		__DUMMY__ 0.45992478936375747 neg 0.29388139567391963 off 0.2461938149623229	false	1.0
