unsolidarisch	neg 1.0		neg 0.3847535280913565 __DUMMY__ 0.319942371150916 off 0.2953041007577274	false	1.0
nachteilig	neg 1.0		neg 0.38382215897090305 __DUMMY__ 0.323474428649094 off 0.29270341238000297	false	1.0
skeptisch	neg 1.0		neg 0.38339287761292057 __DUMMY__ 0.3242621491654058 off 0.29234497322167363	false	1.0
schrecklich	neg 1.0		neg 0.3681834599952649 __DUMMY__ 0.32201959064514346 off 0.3097969493595915	false	1.0
schlapp	neg 1.0	neg 1.0	neg 0.6752171667334599 off 0.16865751864706013 __DUMMY__ 0.15612531461948007	false	1.0
abfall	neg 1.0		neg 0.38530486259776314 __DUMMY__ 0.325158105821032 off 0.28953703158120503	false	1.0
widerspenstig	neg 1.0		neg 0.37694526477457274 __DUMMY__ 0.32419368517951536 off 0.29886105004591185	false	1.0
abrupt	neg 1.0		neg 0.3783912917131316 __DUMMY__ 0.3267643022982831 off 0.2948444059885853	false	1.0
unwirksam	neg 1.0		neg 0.3832383829627581 __DUMMY__ 0.32079394598544475 off 0.29596767105179717	false	1.0
angreifen	neg 1.0	neg 1.0	neg 0.6818434317440026 off 0.16176822586866876 __DUMMY__ 0.15638834238732854	false	1.0
inkonsistent	neg 1.0		neg 0.37806117009406354 __DUMMY__ 0.3230212760465426 off 0.29891755385939367	false	1.0
abrutschen	neg 1.0		neg 0.38459283918994575 __DUMMY__ 0.3252994083220974 off 0.2901077524879569	false	1.0
unsicher	neg 1.0		neg 0.3764892091621845 __DUMMY__ 0.3244374377838843 off 0.29907335305393107	false	1.0
bauernkind	off 1.0	off 1.0	off 0.6398798085900929 neg 0.20654582036828964 __DUMMY__ 0.1535743710416175	false	1.0
angreifer	neg 1.0		neg 0.37537711362127085 __DUMMY__ 0.32425378330286914 off 0.3003691030758602	false	1.0
trennen	neg 1.0		neg 0.3763703750767601 __DUMMY__ 0.32765914563643334 off 0.29597047928680664	false	1.0
schmutz	neg 1.0		neg 0.3737836428133662 __DUMMY__ 0.32498909123980196 off 0.3012272659468319	false	1.0
inkonsistenz	neg 1.0		neg 0.3770442075758836 __DUMMY__ 0.32104367208725726 off 0.30191212033685905	false	1.0
erschreckend	neg 1.0		neg 0.37934892086721095 __DUMMY__ 0.32363465347034887 off 0.29701642566244024	false	1.0
ertrinken	neg 1.0		neg 0.37936762808074515 __DUMMY__ 0.32546633122739965 off 0.29516604069185504	false	1.0
pickelface	off 1.0		neg 0.3813674142617561 __DUMMY__ 0.3232493154853312 off 0.2953832702529128	false	0.5
seiner			neg 0.3805856844953486 __DUMMY__ 0.3255383526428606 off 0.2938759628617908	false	0.0
lauch	neg 1.0		neg 0.38745005400149357 __DUMMY__ 0.3236651741163882 off 0.2888847718821184	false	1.0
unwichtig	neg 1.0		neg 0.3740798285530475 __DUMMY__ 0.32224732607291845 off 0.30367284537403394	false	1.0
steuerhinterziehung	neg 1.0		neg 0.38389358560754194 __DUMMY__ 0.3216776425186283 off 0.2944287718738297	false	1.0
schock	neg 1.0		neg 0.37506100353483235 __DUMMY__ 0.32598096420947625 off 0.2989580322556914	false	1.0
beule	neg 1.0		neg 0.37154040798344257 __DUMMY__ 0.32330435983916817 off 0.30515523217738927	false	1.0
vergelten	neg 1.0		neg 0.3679468724510706 __DUMMY__ 0.3233681343749239 off 0.3086849931740054	false	1.0
verdorbenheit	neg 1.0		neg 0.3777646315618596 __DUMMY__ 0.3241988322864832 off 0.2980365361516571	false	1.0
trauma	neg 1.0		neg 0.3772397581007009 __DUMMY__ 0.32334772840053516 off 0.29941251349876397	false	1.0
sinnlos	neg 1.0		neg 0.374507783405969 __DUMMY__ 0.32386498597913677 off 0.30162723061489416	false	1.0
fettsack	off 1.0	off 1.0	off 0.6415427330238945 neg 0.20428208506928414 __DUMMY__ 0.15417518190682128	false	1.0
feige	off 1.0	off 1.0	off 0.6379652564897721 neg 0.20730777062997804 __DUMMY__ 0.1547269728802498	false	1.0
abdanken	neg 1.0		neg 0.38165985598242536 __DUMMY__ 0.3222758492573394 off 0.2960642947602353	false	1.0
wichtigtuer	off 1.0	off 1.0	off 0.6363091844263596 neg 0.2082620601458013 __DUMMY__ 0.15542875542783902	false	1.0
misslingen	neg 1.0		neg 0.3716188182150401 __DUMMY__ 0.3266719607973488 off 0.3017092209876111	false	1.0
untreu	off 1.0		neg 0.3732103198759903 __DUMMY__ 0.32183133610361697 off 0.3049583440203926	false	0.5
missmutig	neg 1.0		neg 0.3721304031750246 __DUMMY__ 0.3233168201767051 off 0.30455277664827035	false	1.0
hurenbock	off 1.0		neg 0.37528883793980955 __DUMMY__ 0.3242526781177279 off 0.3004584839424625	false	0.5
betrunken	neg 1.0		neg 0.3681766808720143 __DUMMY__ 0.3236119132709337 off 0.3082114058570521	false	1.0
korrupt	off 1.0		neg 0.38577571046084097 __DUMMY__ 0.3210345879750541 off 0.29318970156410507	false	0.5
unmut	neg 1.0		neg 0.38594841466329866 __DUMMY__ 0.3246789273587678 off 0.28937265797793355	false	1.0
hackfresse	off 1.0		neg 0.36719208475379267 __DUMMY__ 0.3200288443539346 off 0.31277907089227275	false	0.5
aufblasen	neg 1.0		neg 0.3741965633414529 __DUMMY__ 0.3247611204959956 off 0.3010423161625514	false	1.0
gewaltsam	neg 1.0		neg 0.3793667472404192 __DUMMY__ 0.32361467426416385 off 0.29701857849541696	false	1.0
unbeliebtheit	neg 1.0		neg 0.38075553813323904 __DUMMY__ 0.3188122837498961 off 0.3004321781168648	false	1.0
sturheit	neg 1.0		neg 0.37989794316254255 __DUMMY__ 0.32334764940833194 off 0.29675440742912557	false	1.0
kuh	neg 1.0		neg 0.38073481259841047 __DUMMY__ 0.321668612792462 off 0.29759657460912753	false	1.0
erschrecken	neg 1.0		neg 0.37244056745889315 __DUMMY__ 0.3236719816333039 off 0.303887450907803	false	1.0
opfer	neg 1.0		neg 0.38039082315827294 __DUMMY__ 0.3248256396868906 off 0.2947835371548365	false	1.0
sinken	neg 1.0		neg 0.3834926878522446 __DUMMY__ 0.3256560225811578 off 0.2908512895665976	false	1.0
stinktier	neg 1.0		neg 0.37110327756433975 __DUMMY__ 0.32000557569038196 off 0.30889114674527823	false	1.0
tucke	off 1.0		neg 0.3709997793425485 __DUMMY__ 0.3174990840925419 off 0.31150113656490946	false	0.5
ein			neg 0.37436742643147153 __DUMMY__ 0.32514444117540187 off 0.3004881323931267	false	0.0
abstieg	neg 1.0		neg 0.37975582038292177 __DUMMY__ 0.32588320066372545 off 0.2943609789533527	false	1.0
missverstehen	neg 1.0		neg 0.37719630856666864 __DUMMY__ 0.3221314363116838 off 0.3006722551216475	false	1.0
ergebnislos	neg 1.0		neg 0.38240553201361327 __DUMMY__ 0.3244329725314881 off 0.2931614954548986	false	1.0
unter			neg 0.3832325026119918 __DUMMY__ 0.32938409354691495 off 0.28738340384109334	false	0.0
manipulieren	neg 1.0		neg 0.3829618181825758 __DUMMY__ 0.32445231928569207 off 0.29258586253173213	false	1.0
unbewiesen	neg 1.0		neg 0.38518461606542875 __DUMMY__ 0.31949706725051463 off 0.29531831668405656	false	1.0
verschleppen	neg 1.0		neg 0.38171376542975743 __DUMMY__ 0.32366360926206433 off 0.2946226253081783	false	1.0
weib	off 1.0		neg 0.36816809301919556 __DUMMY__ 0.3195339026706609 off 0.31229800431014343	false	0.5
opposition	neg 1.0		neg 0.37907476363722226 __DUMMY__ 0.3217776375741793 off 0.29914759878859837	false	1.0
verkehrswidrig	neg 1.0	neg 1.0	neg 0.669810692815106 off 0.1723365677545876 __DUMMY__ 0.15785273943030642	false	1.0
inkorrekt	neg 1.0		neg 0.3759737625034908 __DUMMY__ 0.3193801162814851 off 0.30464612121502405	false	1.0
vermeiden	neg 1.0		neg 0.3841649177710099 __DUMMY__ 0.3271791105672707 off 0.2886559716617194	false	1.0
abweichung	neg 1.0	neg 1.0	neg 0.6808089262407798 off 0.16251503147626795 __DUMMY__ 0.15667604228295223	false	1.0
alkoholisiert	neg 1.0		neg 0.37408214661115197 __DUMMY__ 0.3294638781594667 off 0.2964539752293812	false	1.0
scheiss	off 1.0	off 1.0	off 0.6387882363328412 neg 0.20560745153064378 __DUMMY__ 0.15560431213651502	false	1.0
herausforderung	neg 1.0	neg 1.0	neg 0.6775512492144313 off 0.1635341060334158 __DUMMY__ 0.15891464475215283	false	1.0
pervers	off 1.0		neg 0.36478375374218547 __DUMMY__ 0.319114075314556 off 0.31610217094325854	false	0.5
wackelig	neg 1.0		neg 0.37494670922541057 __DUMMY__ 0.32718723145036605 off 0.2978660593242232	false	1.0
verwickeln	neg 1.0		neg 0.3768140437649425 __DUMMY__ 0.3224229830300586 off 0.3007629732049988	false	1.0
vorwand	neg 1.0		neg 0.38387459437435884 __DUMMY__ 0.3245137478434691 off 0.29161165778217224	false	1.0
muschi	off 1.0		neg 0.3801804546814523 __DUMMY__ 0.32360408822687553 off 0.296215457091672	false	0.5
entmutigung	neg 1.0		neg 0.38074657883775936 __DUMMY__ 0.3210818791600295 off 0.29817154200221124	false	1.0
unangemessen	neg 1.0		neg 0.38169998329192534 __DUMMY__ 0.32293786700872035 off 0.29536214969935426	false	1.0
unstetig	neg 1.0		neg 0.37755586795548507 __DUMMY__ 0.3232703036042585 off 0.2991738284402565	false	1.0
entmutigen	neg 1.0		neg 0.37549387192685046 __DUMMY__ 0.3240288543806034 off 0.300477273692546	false	1.0
schwanz	neg 1.0		neg 0.3826269109786343 __DUMMY__ 0.3244887615892721 off 0.2928843274320935	false	1.0
verbot	neg 1.0		neg 0.38458949481851273 __DUMMY__ 0.3219715071210581 off 0.2934389980604293	false	1.0
leid	neg 1.0		neg 0.3676883077379585 __DUMMY__ 0.3214734328318617 off 0.3108382594301797	false	1.0
archaisch	neg 1.0		neg 0.3797162518276778 __DUMMY__ 0.32416581654826965 off 0.29611793162405253	false	1.0
gegen			neg 0.3825969896534867 __DUMMY__ 0.3257827711765318 off 0.2916202391699815	false	0.0
scheidung	neg 1.0		neg 0.3603018324157014 off 0.3204412612796418 __DUMMY__ 0.3192569063046569	false	1.0
einschlag	neg 1.0	neg 1.0	neg 0.673936516954297 off 0.1704026402805684 __DUMMY__ 0.1556608427651346	false	1.0
m			neg 0.37836383378476696 __DUMMY__ 0.32511876519191674 off 0.29651740102331636	false	0.0
abgestanden	neg 1.0		neg 0.37721936058334843 __DUMMY__ 0.32362510142086554 off 0.2991555379957861	false	1.0
schmierig	off 1.0		neg 0.368099390028056 __DUMMY__ 0.32162119472907724 off 0.31027941524286673	false	0.5
unpraktisch	neg 1.0		neg 0.37395395422187877 __DUMMY__ 0.3251696442334157 off 0.30087640154470535	false	1.0
wixxer	off 1.0		neg 0.3661424220072407 __DUMMY__ 0.3185081827016448 off 0.31534939529111455	false	0.5
bezeichnet			neg 0.3793287388987667 __DUMMY__ 0.3232031768853817 off 0.29746808421585164	false	0.0
jammerlappen	off 1.0		neg 0.37360983718188084 __DUMMY__ 0.3224093147244469 off 0.30398084809367215	false	0.5
farce	neg 1.0		neg 0.38419024722481476 __DUMMY__ 0.3215880707367192 off 0.29422168203846594	false	1.0
zwecklos	neg 1.0		neg 0.3808429315656786 __DUMMY__ 0.3234555328741673 off 0.2957015355601539	false	1.0
turbulent	neg 1.0		neg 0.37487445448397966 __DUMMY__ 0.3213760526376379 off 0.30374949287838254	false	1.0
invasion	neg 1.0		neg 0.3746122440340208 __DUMMY__ 0.32375357228021157 off 0.3016341836857676	false	1.0
schuld	neg 1.0		neg 0.3768783916600196 __DUMMY__ 0.3235777976907918 off 0.2995438106491886	false	1.0
risiko	neg 1.0		neg 0.37579383759987894 __DUMMY__ 0.32473547185622115 off 0.29947069054389996	false	1.0
finster	neg 1.0		neg 0.37505297652021424 __DUMMY__ 0.32456933176121633 off 0.3003776917185695	false	1.0
geisteskrank	off 1.0		neg 0.3738364757318257 __DUMMY__ 0.32100460657532937 off 0.3051589176928449	false	0.5
zusammenbrechen	neg 1.0		neg 0.3774103127525633 __DUMMY__ 0.32503054131585346 off 0.2975591459315831	false	1.0
ausbeute	neg 1.0		neg 0.37724533845556146 __DUMMY__ 0.32749951733590643 off 0.29525514420853205	false	1.0
hinterhalt	neg 1.0		neg 0.3776670991718688 __DUMMY__ 0.32530464118957975 off 0.2970282596385514	false	1.0
kritik	neg 1.0		neg 0.3839094037247816 __DUMMY__ 0.32187433028198187 off 0.29421626599323647	false	1.0
einschrumpfen	neg 1.0		neg 0.37959286574502704 __DUMMY__ 0.32049272600639145 off 0.29991440824858145	false	1.0
riskant	neg 1.0		neg 0.3824640112895839 __DUMMY__ 0.3238116002297698 off 0.29372438848064636	false	1.0
frustrieren	neg 1.0		neg 0.3810112998590469 __DUMMY__ 0.32447987645390686 off 0.2945088236870462	false	1.0
groll	neg 1.0		neg 0.37972955847378453 __DUMMY__ 0.3243136337994377 off 0.2959568077267779	false	1.0
gibt			neg 0.3789626666754591 __DUMMY__ 0.3244045110548798 off 0.2966328222696611	false	0.0
qualvoll	neg 1.0		neg 0.37231733381291937 __DUMMY__ 0.3243325257339685 off 0.3033501404531122	false	1.0
wackeln	neg 1.0	neg 1.0	neg 0.6764111369258405 off 0.16630577646364084 __DUMMY__ 0.15728308661051854	false	1.0
klagen	neg 1.0		neg 0.38492574699859805 __DUMMY__ 0.3249024206745984 off 0.2901718323268035	false	1.0
bankrott	neg 1.0		neg 0.3735321058711812 __DUMMY__ 0.3232538374195601 off 0.3032140567092588	false	1.0
trauern	neg 1.0		neg 0.37873291413689203 __DUMMY__ 0.32592290141107233 off 0.2953441844520356	false	1.0
ablehnung	neg 1.0		neg 0.3841212821750861 __DUMMY__ 0.32172404687149886 off 0.2941546709534151	false	1.0
stur	neg 1.0		neg 0.37682243574851837 __DUMMY__ 0.3231551511829001 off 0.3000224130685814	false	1.0
aufruhr	neg 1.0		neg 0.3796922597262756 __DUMMY__ 0.32349356813465047 off 0.2968141721390739	false	1.0
melancholie	neg 1.0		neg 0.3777406185394498 __DUMMY__ 0.3256224237159998 off 0.2966369577445504	false	1.0
ist			neg 0.3754000698029853 __DUMMY__ 0.3237571512854448 off 0.3008427789115699	false	0.0
torheit	neg 1.0		neg 0.379581813591003 __DUMMY__ 0.32217833163295356 off 0.2982398547760433	false	1.0
dreckskind	off 1.0		neg 0.3701665773689461 __DUMMY__ 0.31952380231265315 off 0.31030962031840076	false	0.5
umtauschen	neg 1.0		neg 0.3767743213748456 __DUMMY__ 0.3246527434918943 off 0.29857293513326	false	1.0
zum			neg 0.3785236678703014 __DUMMY__ 0.3302796839671004 off 0.29119664816259816	false	0.0
zersetzen	neg 1.0		neg 0.38470752169973405 __DUMMY__ 0.32352574808136214 off 0.29176673021890376	false	1.0
zur			neg 0.3849000014222529 __DUMMY__ 0.327182679688598 off 0.287917318889149	false	0.0
frust	neg 1.0		neg 0.37756683284791026 __DUMMY__ 0.3250652044157594 off 0.2973679627363302	false	1.0
unerbittlichkeit	neg 1.0		neg 0.3837681714417911 __DUMMY__ 0.3239694349479906 off 0.2922623936102184	false	1.0
zwei			neg 0.37812459958552386 __DUMMY__ 0.32893818877928965 off 0.29293721163518655	false	0.0
unkorrekt	neg 1.0		neg 0.3743006373179718 __DUMMY__ 0.3198957699174948 off 0.30580359276453334	false	1.0
hexe	off 1.0		neg 0.3724344143016673 __DUMMY__ 0.32258950723640833 off 0.30497607846192437	false	0.5
lasch	neg 1.0		neg 0.3764172598149372 __DUMMY__ 0.32171238101522937 off 0.30187035916983357	false	1.0
rivale	neg 1.0		neg 0.3693276130578903 __DUMMY__ 0.32285814636073057 off 0.30781424058137896	false	1.0
mutlos	off 1.0	off 1.0	off 0.6320213420383685 neg 0.21225478861258343 __DUMMY__ 0.15572386934904806	false	1.0
wirr	off 1.0		neg 0.37350003982840274 __DUMMY__ 0.32014567201363303 off 0.30635428815796417	false	0.5
jahr			neg 0.37621408725688593 __DUMMY__ 0.32870418452716826 off 0.29508172821594586	false	0.0
wird			neg 0.37936363792899863 __DUMMY__ 0.3251606609547659 off 0.29547570111623545	false	0.0
strafbar	neg 1.0		neg 0.3830922472941749 __DUMMY__ 0.32338417422234955 off 0.29352357848347566	false	1.0
erosion	neg 1.0		neg 0.37547553329738775 __DUMMY__ 0.32465900542155485 off 0.29986546128105734	false	1.0
eingehen	neg 1.0		neg 0.381970807087576 __DUMMY__ 0.3233333246177536 off 0.2946958682946704	false	1.0
faul	off 1.0		neg 0.3725242907849959 __DUMMY__ 0.32359516563493457 off 0.30388054358006955	false	0.5
provisorium	neg 1.0		neg 0.38599878022176604 __DUMMY__ 0.32801531710976006 off 0.28598590266847385	false	1.0
schmerzen	neg 1.0		neg 0.3767311071368462 __DUMMY__ 0.3243957394983169 off 0.298873153364837	false	1.0
schrumpfen	neg 1.0		neg 0.38687109761145205 __DUMMY__ 0.3257259759003728 off 0.2874029264881753	false	1.0
geistlos	off 1.0		neg 0.38080595419206315 __DUMMY__ 0.3200765279655135 off 0.29911751784242335	false	0.5
fehlkauf	neg 1.0		neg 0.3774290346699643 __DUMMY__ 0.322680208549867 off 0.2998907567801688	false	1.0
frustrierend	neg 1.0		neg 0.3719625942262189 __DUMMY__ 0.3240642040466832 off 0.3039732017270979	false	1.0
unzufrieden	neg 1.0		neg 0.38082363230726834 __DUMMY__ 0.3235734143793608 off 0.2956029533133708	false	1.0
verzweifeln	neg 1.0		neg 0.3772747684969099 __DUMMY__ 0.324377210524145 off 0.2983480209789452	false	1.0
verzweifelt	neg 1.0		neg 0.376722680125851 __DUMMY__ 0.32316763617415717 off 0.30010968369999197	false	1.0
misstrauensantrag	neg 1.0		neg 0.3776171541539908 __DUMMY__ 0.3221429238166201 off 0.30023992202938915	false	1.0
abfallen	neg 1.0		neg 0.3730043664526022 __DUMMY__ 0.3255066832005043 off 0.3014889503468935	false	1.0
fucker	off 1.0		neg 0.3729604714800024 __DUMMY__ 0.321229549780833 off 0.30580997873916466	false	0.5
ungezogen	neg 1.0		neg 0.36456179015288365 __DUMMY__ 0.3204702811418925 off 0.3149679287052239	false	1.0
irrsinnig	neg 1.0	neg 1.0	neg 0.678696254166835 off 0.1655733939859774 __DUMMY__ 0.1557303518471877	false	1.0
unfassbar	neg 1.0		neg 0.3723839549738136 __DUMMY__ 0.32254662177131116 off 0.30506942325487524	false	1.0
hart	neg 1.0		neg 0.3763178097494298 __DUMMY__ 0.3220057107821538 off 0.3016764794684164	false	1.0
widerlich	off 1.0		neg 0.37384847780971014 __DUMMY__ 0.3210395241613136 off 0.30511199802897626	false	0.5
fatal	neg 1.0		neg 0.3768287728753475 __DUMMY__ 0.3228017164333064 off 0.300369510691346	false	1.0
bruch	neg 1.0		neg 0.3855813685460595 __DUMMY__ 0.32438434727626736 off 0.29003428417767324	false	1.0
aushungern	neg 1.0		neg 0.3822862081494162 __DUMMY__ 0.32211134697316013 off 0.2956024448774238	false	1.0
anspannung	neg 1.0	neg 1.0	neg 0.6796519977870372 off 0.16087746968957253 __DUMMY__ 0.15947053252339025	false	1.0
von			neg 0.3783294805849308 __DUMMY__ 0.32802444964669236 off 0.29364606976837676	false	0.0
kraftlos	neg 1.0		neg 0.37642644333046804 __DUMMY__ 0.3260690789002536 off 0.2975044777692784	false	1.0
vom			neg 0.3815645931455892 __DUMMY__ 0.3300557431217765 off 0.2883796637326345	false	0.0
grenzdebil	off 1.0		neg 0.3713584202473701 __DUMMY__ 0.3223987965780562 off 0.30624278317457365	false	0.5
vor			neg 0.3814565627779748 __DUMMY__ 0.32588970127144934 off 0.29265373595057576	false	0.0
unterwerfen	neg 1.0		neg 0.3810994096140598 __DUMMY__ 0.3246175726469959 off 0.29428301773894433	false	1.0
versenkung	neg 1.0		neg 0.3818534676590773 __DUMMY__ 0.3244199661915547 off 0.293726566149368	false	1.0
entziehen	neg 1.0		neg 0.3840217690430653 __DUMMY__ 0.3249322458446175 off 0.2910459851123172	false	1.0
finanzkrise	neg 1.0		neg 0.38389577736719366 __DUMMY__ 0.32110614667400483 off 0.29499807595880156	false	1.0
schimpfend	neg 1.0		neg 0.37228970356746055 __DUMMY__ 0.3260827413204968 off 0.30162755511204264	false	1.0
profan	neg 1.0		neg 0.375068418913071 __DUMMY__ 0.3230931484016706 off 0.30183843268525834	false	1.0
korruption	neg 1.0	neg 1.0	neg 0.6827423012114017 off 0.16214119554222442 __DUMMY__ 0.15511650324637388	false	1.0
â			neg 0.3801106882665682 __DUMMY__ 0.32490141696307856 off 0.2949878947703533	false	0.0
schmutzig	neg 1.0		neg 0.371425275197875 __DUMMY__ 0.32279884008274934 off 0.30577588471937567	false	1.0
sexy	neg 1.0		neg 0.3743935480628452 __DUMMY__ 0.32306816124506377 off 0.302538290692091	false	1.0
abraten	neg 1.0		neg 0.37580626208322465 __DUMMY__ 0.3234191251604531 off 0.3007746127563222	false	1.0
schwarz	neg 1.0		neg 0.3772048564692586 __DUMMY__ 0.3230091080859459 off 0.29978603544479543	false	1.0
fotze	off 1.0		neg 0.38254866701319795 __DUMMY__ 0.32381404562731986 off 0.2936372873594822	false	0.5
verwirren	neg 1.0		neg 0.3745814650529774 __DUMMY__ 0.32322222547966395 off 0.3021963094673586	false	1.0
zahnlos	off 1.0		neg 0.3813598282370072 __DUMMY__ 0.32325503578351833 off 0.2953851359794745	false	0.5
verheeren	neg 1.0		neg 0.36421848604325036 __DUMMY__ 0.3200935168591948 off 0.31568799709755496	false	1.0
hippie	neg 1.0		neg 0.37560867766072514 __DUMMY__ 0.322746377229983 off 0.30164494510929196	false	1.0
rammen	neg 1.0		neg 0.3788817237171585 __DUMMY__ 0.32256863317814594 off 0.29854964310469556	false	1.0
unlauter	neg 1.0		neg 0.38247917840087975 __DUMMY__ 0.3206925524486257 off 0.2968282691504945	false	1.0
unheilvoll	neg 1.0		neg 0.37265057875211033 __DUMMY__ 0.32492830870514416 off 0.3024211125427455	false	1.0
niedrig	neg 1.0		neg 0.38269904511595015 __DUMMY__ 0.32439652303823346 off 0.29290443184581644	false	1.0
explosion	neg 1.0		neg 0.3764463889912136 __DUMMY__ 0.3226503916128326 off 0.3009032193959538	false	1.0
weichei	off 1.0		neg 0.36910157307102015 __DUMMY__ 0.3200489306275441 off 0.31084949630143566	false	0.5
minusmensch	off 1.0		neg 0.3707820816417362 __DUMMY__ 0.3165007380816705 off 0.3127171802765933	false	0.5
farblos	neg 1.0		neg 0.37439366457514545 __DUMMY__ 0.32654925640230603 off 0.2990570790225486	false	1.0
unwissend	neg 1.0	neg 1.0	neg 0.6763386391304733 off 0.168355366486569 __DUMMY__ 0.15530599438295764	false	1.0
traurig	neg 1.0		neg 0.36876906200562276 __DUMMY__ 0.3224494014443534 off 0.3087815365500238	false	1.0
senkung	neg 1.0		neg 0.3782659538563992 __DUMMY__ 0.32140775715828634 off 0.30032628898531444	false	1.0
ungleich	neg 1.0	neg 1.0	neg 0.6824018225471518 off 0.16180191617066067 __DUMMY__ 0.15579626128218754	false	1.0
heikel	neg 1.0		neg 0.3838030219507963 __DUMMY__ 0.3238959120394639 off 0.2923010660097398	false	1.0
drosselung	neg 1.0		neg 0.372083316917703 __DUMMY__ 0.3224091366886221 off 0.30550754639367494	false	1.0
falsch	neg 1.0		neg 0.3735166814529205 __DUMMY__ 0.3229864678458263 off 0.30349685070125326	false	1.0
unzufriedenheit	neg 1.0		neg 0.3836447528304731 __DUMMY__ 0.32443255060821197 off 0.2919226965613149	false	1.0
kurz	neg 1.0		neg 0.3753947930160119 __DUMMY__ 0.32628624708806714 off 0.2983189598959211	false	1.0
unsinnig	neg 1.0		neg 0.3817627326996584 __DUMMY__ 0.32263751401935425 off 0.29559975328098737	false	1.0
penner	off 1.0	off 1.0	off 0.6432975815489297 neg 0.2026183339292344 __DUMMY__ 0.15408408452183586	false	1.0
seicht	neg 1.0		neg 0.3681794214971278 __DUMMY__ 0.3184850590147117 off 0.3133355194881605	false	1.0
dummheit	off 1.0	off 1.0	off 0.6363203787232186 neg 0.20857104959109277 __DUMMY__ 0.1551085716856887	false	1.0
unerfreulich	neg 1.0		neg 0.382773580337728 __DUMMY__ 0.32518438759803564 off 0.29204203206423635	false	1.0
motherfucker	off 1.0	off 1.0	off 0.6389043367287707 neg 0.20660583642529262 __DUMMY__ 0.1544898268459368	false	1.0
pikiert	neg 1.0		neg 0.3753008903623347 __DUMMY__ 0.32101987436339696 off 0.3036792352742685	false	1.0
wrack	neg 1.0		neg 0.37740495598052975 __DUMMY__ 0.3269559330020717 off 0.2956391110173984	false	1.0
gangster	neg 1.0		neg 0.37533943193421443 __DUMMY__ 0.3231734576377206 off 0.30148711042806503	false	1.0
krank	neg 1.0		neg 0.36925307316800643 __DUMMY__ 0.32344154406571285 off 0.3073053827662806	false	1.0
reich	neg 1.0		neg 0.37546273588379037 __DUMMY__ 0.3218793639166034 off 0.3026579001996062	false	1.0
gnadenlos	neg 1.0		neg 0.3765158308372581 __DUMMY__ 0.3237882652922314 off 0.29969590387051037	false	1.0
niedergeschlagen	neg 1.0		neg 0.3769020920037009 __DUMMY__ 0.325242463092657 off 0.2978554449036421	false	1.0
terrorisieren	off 1.0	off 1.0	off 0.6328474989474099 neg 0.21065395201337456 __DUMMY__ 0.15649854903921556	false	1.0
sinnlosigkeit	neg 1.0		neg 0.37996131578584064 __DUMMY__ 0.32394268233853096 off 0.2960960018756284	false	1.0
behindern	neg 1.0		neg 0.37967117976723147 __DUMMY__ 0.323257026985295 off 0.29707179324747346	false	1.0
undemokratisch	neg 1.0		neg 0.3813344216814503 __DUMMY__ 0.3211775170015221 off 0.29748806131702754	false	1.0
wirtschaftskrise	neg 1.0		neg 0.38400101028036915 __DUMMY__ 0.3227099105626178 off 0.29328907915701313	false	1.0
neid	neg 1.0		neg 0.36900069932704727 __DUMMY__ 0.3251304690451414 off 0.3058688316278113	false	1.0
rutschen	neg 1.0	neg 1.0	neg 0.6787338352989019 off 0.1620402510818739 __DUMMY__ 0.15922591361922425	false	1.0
rezession	neg 1.0		neg 0.37467106910680503 __DUMMY__ 0.3185915040793393 off 0.30673742681385563	false	1.0
fehlgeburt	neg 1.0		neg 0.3739121678217999 __DUMMY__ 0.32446684962623945 off 0.3016209825519607	false	1.0
charakterschwach	off 1.0		neg 0.37310226652115025 __DUMMY__ 0.3217348130831787 off 0.30516292039567117	false	0.5
isolation	neg 1.0		neg 0.37218688819693224 __DUMMY__ 0.32396188526943387 off 0.30385122653363394	false	1.0
ablenkung	neg 1.0		neg 0.37631312590614874 __DUMMY__ 0.3243241090798397 off 0.2993627650140116	false	1.0
pech	neg 1.0		neg 0.37263490754994916 __DUMMY__ 0.3237511699545855 off 0.3036139224954653	false	1.0
vermeidung	neg 1.0		neg 0.37381606872550555 __DUMMY__ 0.3211872575457318 off 0.3049966737287626	false	1.0
dominieren	neg 1.0		neg 0.37737704330716604 __DUMMY__ 0.3265289661271722 off 0.2960939905656617	false	1.0
schwindlig	neg 1.0		neg 0.3717021355344423 __DUMMY__ 0.32532794683132593 off 0.3029699176342317	false	1.0
lutscher	neg 1.0	neg 1.0	neg 0.6727265943147893 off 0.17382649381873178 __DUMMY__ 0.15344691186647888	false	1.0
pflicht	neg 1.0		neg 0.38306529143771306 __DUMMY__ 0.3244309480836557 off 0.29250376047863125	false	1.0
faschist	off 1.0		neg 0.378871655471309 __DUMMY__ 0.32095784312779135 off 0.30017050140089946	false	0.5
verschleudern	neg 1.0		neg 0.3869012652458903 __DUMMY__ 0.32158791918686774 off 0.29151081556724195	false	1.0
wenn			neg 0.3730799727130627 __DUMMY__ 0.32307421780431084 off 0.30384580948262657	false	0.0
ehebruch	neg 1.0		neg 0.38237659864661716 __DUMMY__ 0.3235072996991734 off 0.29411610165420954	false	1.0
spott	off 1.0		neg 0.38369917597677916 __DUMMY__ 0.323142461761934 off 0.29315836226128694	false	0.5
trostlosigkeit	neg 1.0		neg 0.38381138995541914 __DUMMY__ 0.32489529371721015 off 0.2912933163273708	false	1.0
lutschen	neg 1.0		neg 0.37798539968353506 __DUMMY__ 0.32177294778353216 off 0.30024165253293267	false	1.0
undiszipliniert	neg 1.0		neg 0.37016609447776394 __DUMMY__ 0.32230360837061484 off 0.3075302971516212	false	1.0
kopfschmerz	neg 1.0		neg 0.3766831391005457 __DUMMY__ 0.3254479838347101 off 0.2978688770647442	false	1.0
unvorhergesehen	neg 1.0		neg 0.37593012881029375 __DUMMY__ 0.3275738623371426 off 0.2964960088525637	false	1.0
desinteressiert	neg 1.0		neg 0.3716883495655955 __DUMMY__ 0.32153106359867223 off 0.3067805868357323	false	1.0
armselig	off 1.0		neg 0.37278084579064824 __DUMMY__ 0.32019615098711957 off 0.30702300322223225	false	0.5
desaster	neg 1.0		neg 0.38623696463899 __DUMMY__ 0.3244021300294546 off 0.28936090533155545	false	1.0
tod	neg 1.0		neg 0.3799468711910837 __DUMMY__ 0.3249912938977282 off 0.29506183491118804	false	1.0
herzlos	neg 1.0		neg 0.3705721480282077 __DUMMY__ 0.3210850291150565 off 0.30834282285673575	false	1.0
unwissenheit	neg 1.0		neg 0.3827663712159583 __DUMMY__ 0.3225363880084666 off 0.2946972407755751	false	1.0
widersinnig	neg 1.0	neg 1.0	neg 0.6823513743979113 off 0.16275985361099335 __DUMMY__ 0.1548887719910954	false	1.0
bedenklich	neg 1.0		neg 0.38248902551483543 __DUMMY__ 0.32358302183218196 off 0.29392795265298277	false	1.0
beanstanden	neg 1.0		neg 0.38352387372293806 __DUMMY__ 0.3246396473215576 off 0.2918364789555043	false	1.0
panisch	neg 1.0	neg 1.0	neg 0.6743912068290641 off 0.16805032576234138 __DUMMY__ 0.15755846740859453	false	1.0
debil	off 1.0		neg 0.3871779983449633 __DUMMY__ 0.32620042500427887 off 0.2866215766507579	false	0.5
abstrich	neg 1.0		neg 0.38161446935197435 __DUMMY__ 0.32380724518459203 off 0.29457828546343356	false	1.0
primitiv	neg 1.0		neg 0.37330086913294397 __DUMMY__ 0.32104458817666043 off 0.30565454269039555	false	1.0
abschaum	off 1.0	off 1.0	off 0.6378499886954495 neg 0.20707432662381084 __DUMMY__ 0.15507568468073954	false	1.0
provozieren	neg 1.0		neg 0.37806415817205796 __DUMMY__ 0.3230275433428297 off 0.2989082984851124	false	1.0
tot	neg 1.0		neg 0.3808168159338372 __DUMMY__ 0.3248156610864134 off 0.29436752297974944	false	1.0
instabil	neg 1.0		neg 0.37570462116390385 __DUMMY__ 0.3198517037185631 off 0.30444367511753306	false	1.0
schwuchtel	off 1.0		neg 0.3645603761941867 off 0.3186735271584975 __DUMMY__ 0.3167660966473158	false	0.5
zerren	neg 1.0		neg 0.3765360347803537 __DUMMY__ 0.32537735735525897 off 0.2980866078643873	false	1.0
kinderficker	off 1.0		neg 0.37105645365945183 __DUMMY__ 0.3193924181674375 off 0.3095511281731107	false	0.5
gefahr	neg 1.0		neg 0.3834236952640062 __DUMMY__ 0.32452590188715713 off 0.2920504028488366	false	1.0
rabiat	neg 1.0		neg 0.3790277187792011 __DUMMY__ 0.3229725315259005 off 0.29799974969489845	false	1.0
verlangsamung	neg 1.0		neg 0.36969138221258785 __DUMMY__ 0.3189502194444688 off 0.31135839834294343	false	1.0
ausgestorben	neg 1.0		neg 0.3764659107847844 __DUMMY__ 0.3249013001651276 off 0.298632789050088	false	1.0
anklagen	neg 1.0		neg 0.3817157345304802 __DUMMY__ 0.32284780416534337 off 0.29543646130417633	false	1.0
trott	neg 1.0		neg 0.37746420024039534 __DUMMY__ 0.324379045897135 off 0.29815675386246965	false	1.0
verminderung	neg 1.0		neg 0.37203034369655963 __DUMMY__ 0.3216026394343458 off 0.30636701686909457	false	1.0
nach			neg 0.37924350487264813 __DUMMY__ 0.3296038433352375 off 0.29115265179211436	false	0.0
rost	neg 1.0		neg 0.3688572024220209 __DUMMY__ 0.32032655544605393 off 0.31081624213192516	false	1.0
destruktiv	neg 1.0		neg 0.3810745467967185 __DUMMY__ 0.3221314087658986 off 0.29679404443738294	false	1.0
unzumutbarkeit	neg 1.0		neg 0.3724048296783001 __DUMMY__ 0.3232788819363884 off 0.3043162883853116	false	1.0
labil	off 1.0	off 1.0	off 0.6377313668187634 neg 0.20721972332047178 __DUMMY__ 0.15504890986076483	false	1.0
ziemlich	neg 1.0		neg 0.37051371099261354 __DUMMY__ 0.32331600691684675 off 0.30617028209053965	false	1.0
lachnummer	off 1.0		neg 0.3788725890236821 __DUMMY__ 0.32324414534898405 off 0.2978832656273339	false	0.5
oder			neg 0.37495881633865485 __DUMMY__ 0.32510618194549573 off 0.2999350017158494	false	0.0
verfall	neg 1.0		neg 0.3881564292809706 __DUMMY__ 0.3250091408736593 off 0.2868344298453702	false	1.0
ausgrenzung	neg 1.0		neg 0.38139832527975076 __DUMMY__ 0.32062669669478416 off 0.29797497802546496	false	1.0
unordnung	neg 1.0		neg 0.37218500392963866 __DUMMY__ 0.3228702690692898 off 0.30494472700107167	false	1.0
fehlverhalten	neg 1.0		neg 0.38404753225002825 __DUMMY__ 0.32366666342148953 off 0.2922858043284823	false	1.0
eine			neg 0.3819506515960635 __DUMMY__ 0.32531877302613205 off 0.2927305753778043	false	0.0
nille	neg 1.0		neg 0.37930937454858765 __DUMMY__ 0.32377898412977285 off 0.2969116413216396	false	1.0
qual	neg 1.0		neg 0.37815344762995123 __DUMMY__ 0.3241324778652113 off 0.2977140745048373	false	1.0
verschwenden	neg 1.0		neg 0.3816308690991479 __DUMMY__ 0.3237252229852825 off 0.2946439079155696	false	1.0
riesig	neg 1.0	neg 1.0	neg 0.6795618180745215 off 0.16329414082977253 __DUMMY__ 0.15714404109570593	false	1.0
verurteilen	neg 1.0		neg 0.38201651221047606 __DUMMY__ 0.32299020615041946 off 0.2949932816391045	false	1.0
klischee	neg 1.0	neg 1.0	neg 0.6781118768020625 off 0.1669021566032174 __DUMMY__ 0.15498596659472003	false	1.0
diktatorisch	neg 1.0		neg 0.3824973476577523 __DUMMY__ 0.3201214962091601 off 0.2973811561330876	false	1.0
vorhersehbar	neg 1.0	neg 1.0	neg 0.6779798615253472 off 0.1666744069485556 __DUMMY__ 0.15534573152609724	false	1.0
sowie			neg 0.3708078716267161 __DUMMY__ 0.3195964444163263 off 0.30959568395695763	false	0.0
stornieren	neg 1.0		neg 0.3713868421891661 __DUMMY__ 0.32687651363597314 off 0.30173664417486057	false	1.0
besteuerung	neg 1.0		neg 0.381322568408209 __DUMMY__ 0.3212582005459452 off 0.2974192310458458	false	1.0
ungeschminkt	neg 1.0		neg 0.37384631017504666 __DUMMY__ 0.32126639139876484 off 0.30488729842618834	false	1.0
kritisch	neg 1.0		neg 0.38222723279127596 __DUMMY__ 0.3238846746606706 off 0.2938880925480533	false	1.0
schlamperei	off 1.0		neg 0.38512983338791046 __DUMMY__ 0.3230682833436088 off 0.2918018832684808	false	0.5
sucht	neg 1.0	neg 1.0	neg 0.6784486254050901 off 0.16509652672899922 __DUMMY__ 0.15645484786591063	false	1.0
egoistisch	off 1.0		neg 0.36755984041667905 __DUMMY__ 0.3209877303661705 off 0.31145242921715033	false	0.5
ausbeuter	off 1.0		neg 0.3858482328525134 __DUMMY__ 0.3227403064308214 off 0.29141146071666496	false	0.5
arschgeburt	off 1.0		neg 0.36498647049381494 off 0.31858058692380287 __DUMMY__ 0.316432942582382	false	0.5
schubs	neg 1.0	neg 1.0	neg 0.6780939624902952 off 0.16441249287592039 __DUMMY__ 0.1574935446337844	false	1.0
unsolide	neg 1.0		neg 0.3846404337363003 __DUMMY__ 0.3184960341571852 off 0.29686353210651445	false	1.0
beschwerde	neg 1.0		neg 0.38532823538790245 __DUMMY__ 0.3228171916446071 off 0.2918545729674905	false	1.0
stocken	neg 1.0		neg 0.3832016887269616 __DUMMY__ 0.3236002703716425 off 0.2931980409013959	false	1.0
isolieren	neg 1.0		neg 0.38219074554848653 __DUMMY__ 0.32329856290046033 off 0.2945106915510532	false	1.0
unheilbar	neg 1.0		neg 0.37553397670797917 __DUMMY__ 0.3246523526939467 off 0.29981367059807423	false	1.0
pisser	off 1.0		neg 0.37315611082180494 __DUMMY__ 0.32098316788316766 off 0.30586072129502745	false	0.5
löschen	neg 1.0		neg 0.37792200444330054 __DUMMY__ 0.32378339389474997 off 0.29829460166194943	false	1.0
durchfallen	neg 1.0		neg 0.3820828144293699 __DUMMY__ 0.3229687375915339 off 0.2949484479790963	false	1.0
wichser	off 1.0		neg 0.3639846384495821 __DUMMY__ 0.3194983145044344 off 0.3165170470459836	false	0.5
terror	neg 1.0		neg 0.37407903866451614 __DUMMY__ 0.3238480542964247 off 0.3020729070390592	false	1.0
krass	neg 1.0		neg 0.37014028516598296 __DUMMY__ 0.32097736603201743 off 0.3088823488019996	false	1.0
revolte	neg 1.0	neg 1.0	neg 0.6797129828453508 off 0.16545260769049083 __DUMMY__ 0.1548344094641584	false	1.0
besorgt	neg 1.0		neg 0.3760122504159516 __DUMMY__ 0.3263163366007764 off 0.2976714129832719	false	1.0
nachlassen	neg 1.0		neg 0.38137103623673935 __DUMMY__ 0.3248460624764448 off 0.2937829012868159	false	1.0
alt	neg 1.0		neg 0.3801812412379072 __DUMMY__ 0.3247351212100495 off 0.29508363755204337	false	1.0
hundesohn	off 1.0		neg 0.36867410598899125 __DUMMY__ 0.3180818991284048 off 0.31324399488260407	false	0.5
als			neg 0.3771256394348826 __DUMMY__ 0.3254848036926044 off 0.297389556872513	false	0.0
abschreckung	neg 1.0		neg 0.3847075155263961 __DUMMY__ 0.32438672933350343 off 0.2909057551401005	false	1.0
unqualifiziert	neg 1.0		neg 0.3782705262930111 __DUMMY__ 0.3209040181430415 off 0.30082545556394746	false	1.0
abgewichst	off 1.0		neg 0.3789592607127083 __DUMMY__ 0.3244112049660816 off 0.29662953432121003	false	0.5
schwer	neg 1.0		neg 0.3768119972393676 __DUMMY__ 0.3243380818514515 off 0.2988499209091808	false	1.0
bedeutungslosigkeit	neg 1.0		neg 0.38369414364467647 __DUMMY__ 0.32425389626393913 off 0.2920519600913843	false	1.0
kapitulation	neg 1.0		neg 0.38633071454270534 __DUMMY__ 0.3217440216725956 off 0.2919252637846992	false	1.0
unscharf	neg 1.0		neg 0.3756878916134422 __DUMMY__ 0.32309173067851493 off 0.30122037770804283	false	1.0
schwinden	neg 1.0		neg 0.38326582253623187 __DUMMY__ 0.32459406860145695 off 0.2921401088623112	false	1.0
versklavung	neg 1.0		neg 0.3827908970600173 __DUMMY__ 0.32023836086632307 off 0.2969707420736596	false	1.0
schlecht	neg 1.0		neg 0.37029988951174775 __DUMMY__ 0.32337464121948584 off 0.3063254692687665	false	1.0
verhasst	neg 1.0		neg 0.3772078221184556 __DUMMY__ 0.3232172906229143 off 0.29957488725863013	false	1.0
beschweren	neg 1.0		neg 0.3752571675388722 __DUMMY__ 0.3237168264485175 off 0.30102600601261015	false	1.0
scheiden	neg 1.0		neg 0.3702599978854546 __DUMMY__ 0.32778316824549975 off 0.30195683386904576	false	1.0
frustriert	neg 1.0		neg 0.3779848875078967 __DUMMY__ 0.3244559913483105 off 0.29755912114379274	false	1.0
schimmelig	neg 1.0		neg 0.380753114211826 __DUMMY__ 0.3249261795516728 off 0.29432070623650114	false	1.0
fisch	neg 1.0		neg 0.37773830554781285 __DUMMY__ 0.3275952984108005 off 0.29466639604138656	false	1.0
schmuggel	neg 1.0		neg 0.3801877104987753 __DUMMY__ 0.3263645846328748 off 0.29344770486834976	false	1.0
auffallen	neg 1.0		neg 0.3745485760075826 __DUMMY__ 0.3236074136209251 off 0.3018440103714923	false	1.0
konkurrenz	neg 1.0	neg 1.0	neg 0.681317248924274 off 0.16131182799308763 __DUMMY__ 0.15737092308263836	false	1.0
teufelskreis	neg 1.0	neg 1.0	neg 0.679780911591877 off 0.16433997327054217 __DUMMY__ 0.15587911513758074	false	1.0
aufschreien	neg 1.0		neg 0.3761945555503924 __DUMMY__ 0.3227517949931557 off 0.30105364945645186	false	1.0
schuldner	neg 1.0		neg 0.3832143214748475 __DUMMY__ 0.32446207227945484 off 0.2923236062456977	false	1.0
missgeburt	off 1.0	off 1.0	off 0.6412799772196909 neg 0.20482040513708055 __DUMMY__ 0.15389961764322857	false	1.0
arbeitslos	neg 1.0		neg 0.38152669456065247 __DUMMY__ 0.3231077910995634 off 0.295365514339784	false	1.0
befallen	neg 1.0		neg 0.38222754017202765 __DUMMY__ 0.3225244136054214 off 0.29524804622255096	false	1.0
miesepetrig	off 1.0	off 1.0	off 0.6392290708775235 neg 0.20492829962392856 __DUMMY__ 0.1558426294985481	false	1.0
alarmieren	neg 1.0		neg 0.37750743972817247 __DUMMY__ 0.32060947033486253 off 0.30188308993696494	false	1.0
ungeduscht	off 1.0		neg 0.37247272125180825 __DUMMY__ 0.3239489395365196 off 0.30357833921167215	false	0.5
knappheit	neg 1.0		neg 0.3847080313343964 __DUMMY__ 0.32257355390459347 off 0.29271841476101	false	1.0
schlange	neg 1.0		neg 0.3716820562690003 __DUMMY__ 0.32584829736891946 off 0.30246964636208024	false	1.0
harsch	neg 1.0		neg 0.36695804211149763 __DUMMY__ 0.3224501220135913 off 0.31059183587491107	false	1.0
lang	neg 1.0		neg 0.3772860874218542 __DUMMY__ 0.3238187157549581 off 0.2988951968231876	false	1.0
ziellos	neg 1.0		neg 0.3774234121077592 __DUMMY__ 0.32579393716468896 off 0.29678265072755194	false	1.0
selbstverliebt	neg 1.0		neg 0.36629463663414125 __DUMMY__ 0.31751441351442317 off 0.3161909498514355	false	1.0
beseitigen	neg 1.0	neg 1.0	neg 0.6780093548969873 off 0.16491084241936596 __DUMMY__ 0.15707980268364677	false	1.0
dumm	off 1.0		neg 0.36785980742914687 __DUMMY__ 0.3200806638189943 off 0.31205952875185883	false	0.5
arbeitsloser	neg 1.0		neg 0.380013559950432 __DUMMY__ 0.32465047437132255 off 0.2953359656782455	false	1.0
blitzen	neg 1.0		neg 0.37550095070364903 __DUMMY__ 0.32269492796691623 off 0.30180412132943474	false	1.0
hilflos	neg 1.0		neg 0.3783297690235021 __DUMMY__ 0.3246040090145923 off 0.2970662219619057	false	1.0
eklig	off 1.0		neg 0.3673315683296084 __DUMMY__ 0.3199131218291297 off 0.3127553098412619	false	0.5
begriff			neg 0.3803430178608882 __DUMMY__ 0.32315317262932874 off 0.296503809509783	false	0.0
hungersnot	neg 1.0		neg 0.3810776775637528 __DUMMY__ 0.32331202926516445 off 0.29561029317108267	false	1.0
ungesetzlich	neg 1.0		neg 0.3823927612248842 __DUMMY__ 0.3196245526933154 off 0.2979826860818005	false	1.0
verschwendung	neg 1.0		neg 0.38179039545688065 __DUMMY__ 0.32456395621656986 off 0.2936456483265495	false	1.0
schmerzvoll	neg 1.0		neg 0.3750734280078409 __DUMMY__ 0.32386284077078414 off 0.30106373122137503	false	1.0
vorzeitig	neg 1.0		neg 0.3733909281262147 __DUMMY__ 0.323949848893382 off 0.30265922298040326	false	1.0
unvollkommenheit	neg 1.0		neg 0.3768465162151029 __DUMMY__ 0.3261627273343345 off 0.2969907564505627	false	1.0
intervenieren	neg 1.0		neg 0.3858411346167519 __DUMMY__ 0.32253365563569303 off 0.29162520974755507	false	1.0
banause	off 1.0		neg 0.36737220451966546 __DUMMY__ 0.3183705559310442 off 0.31425723954929047	false	0.5
rebell	neg 1.0		neg 0.385566504671275 __DUMMY__ 0.3249500657639293 off 0.2894834295647956	false	1.0
unlogisch	neg 1.0		neg 0.37054377835026225 __DUMMY__ 0.32133049457629265 off 0.30812572707344515	false	1.0
leiden	neg 1.0		neg 0.37437067632134213 __DUMMY__ 0.32916829417365534 off 0.2964610295050025	false	1.0
abschaffung	neg 1.0		neg 0.38152635237456356 __DUMMY__ 0.3212996418101082 off 0.2971740058153281	false	1.0
sturz	neg 1.0		neg 0.37734948914127747 __DUMMY__ 0.3241240267617236 off 0.298526484096999	false	1.0
verkleinerung	neg 1.0		neg 0.3812303464446604 __DUMMY__ 0.3195800211105359 off 0.2991896324448038	false	1.0
schmarotzer	off 1.0		neg 0.3823173351456755 __DUMMY__ 0.32274801202493053 off 0.2949346528293939	false	0.5
bestrafung	neg 1.0		neg 0.37653007879315237 __DUMMY__ 0.3233914305438241 off 0.3000784906630235	false	1.0
achtlos	neg 1.0		neg 0.3751706340266565 __DUMMY__ 0.3253234736667724 off 0.299505892306571	false	1.0
ungeheuer	neg 1.0		neg 0.37145096140814676 __DUMMY__ 0.3249584818610503 off 0.3035905567308029	false	1.0
unaufrichtig	neg 1.0		neg 0.3791895224088472 __DUMMY__ 0.3212885679304747 off 0.2995219096606782	false	1.0
groggy	neg 1.0		neg 0.3771029667675952 __DUMMY__ 0.322140181345328 off 0.30075685188707674	false	1.0
verletzlich	neg 1.0		neg 0.3705895068418869 __DUMMY__ 0.3223211841009755 off 0.3070893090571377	false	1.0
