unsolidarisch	neg 1.0		neg 0.5602971121749986 off 0.43279838100314594 __DUMMY__ 0.006904506821855543	false	1.0
nachteilig	neg 1.0		neg 0.5613193690217987 off 0.4316964891247604 __DUMMY__ 0.00698414185344092	false	1.0
skeptisch	neg 1.0		neg 0.5613261339941726 off 0.4316712720746781 __DUMMY__ 0.007002593931149277	false	1.0
schrecklich	neg 1.0		neg 0.5439508264572738 off 0.4490976079181603 __DUMMY__ 0.0069515656245658945	false	1.0
schlapp	neg 1.0	neg 1.0	neg 0.760682706312286 off 0.23599072214361616 __DUMMY__ 0.003326571544097777	false	1.0
abfall	neg 1.0		neg 0.5638404033753001 off 0.42913714917678375 __DUMMY__ 0.007022447447916204	false	1.0
widerspenstig	neg 1.0		neg 0.5544039749218759 off 0.43859566095113767 __DUMMY__ 0.007000364126986305	false	1.0
abrupt	neg 1.0		neg 0.557453184512354 off 0.43548940227927785 __DUMMY__ 0.0070574132083680635	false	1.0
unwirksam	neg 1.0		neg 0.5591035917347742 off 0.4339730851108946 __DUMMY__ 0.006923323154331128	false	1.0
angreifen	neg 1.0	neg 1.0	neg 0.7675877877597891 off 0.22907962483277636 __DUMMY__ 0.0033325874074345598	false	1.0
inkonsistent	neg 1.0		neg 0.5549231369568922 off 0.438103710682873 __DUMMY__ 0.006973152360234885	false	1.0
abrutschen	neg 1.0		neg 0.5631680078633052 off 0.4298058953603099 __DUMMY__ 0.007026096776384741	false	1.0
unsicher	neg 1.0		neg 0.5541243893772168 off 0.4388690119459494 __DUMMY__ 0.007006598676833894	false	1.0
bauernkind	off 1.0	off 1.0	off 0.7061195851468859 neg 0.29060949442003503 __DUMMY__ 0.0032709204330791117	false	1.0
angreifer	neg 1.0		neg 0.5529090700256645 off 0.4400898470044956 __DUMMY__ 0.007001082969840095	false	1.0
trennen	neg 1.0		neg 0.5558664839746694 off 0.43705445030064577 __DUMMY__ 0.007079065724684801	false	1.0
schmutz	neg 1.0		neg 0.5516023821223756 off 0.4413809037883767 __DUMMY__ 0.007016714089247746	false	1.0
inkonsistenz	neg 1.0		neg 0.5527829134203719 off 0.440288088754616 __DUMMY__ 0.006928997825012102	false	1.0
erschreckend	neg 1.0		neg 0.5566970831765525 off 0.43631436730636636 __DUMMY__ 0.006988549517080985	false	1.0
ertrinken	neg 1.0		neg 0.5577545550793521 off 0.4352158768122306 __DUMMY__ 0.007029568108417369	false	1.0
pickelface	off 1.0		neg 0.5585961678149404 off 0.43442489164147335 __DUMMY__ 0.006978940543586188	false	0.5
seiner			neg 0.5590978539483806 off 0.43387072302941976 __DUMMY__ 0.0070314230221996035	false	0.0
lauch	neg 1.0		neg 0.5652052018128499 off 0.42780630092184646 __DUMMY__ 0.006988497265303539	false	1.0
unwichtig	neg 1.0		neg 0.5503180629323022 off 0.44272499969640305 __DUMMY__ 0.006956937371294823	false	1.0
steuerhinterziehung	neg 1.0		neg 0.5603995027084511 off 0.4326572366254234 __DUMMY__ 0.00694326066612559	false	1.0
schock	neg 1.0		neg 0.5535088423341433 off 0.43945013656388415 __DUMMY__ 0.007041021101972614	false	1.0
beule	neg 1.0		neg 0.5481779466319916 off 0.44484224371985753 __DUMMY__ 0.006979809648150861	false	1.0
vergelten	neg 1.0		neg 0.5446066370667622 off 0.44841301051073185 __DUMMY__ 0.006980352422505945	false	1.0
verdorbenheit	neg 1.0		neg 0.5552571822215525 off 0.4377424454660979 __DUMMY__ 0.007000372312349361	false	1.0
trauma	neg 1.0		neg 0.5542827252037257 off 0.4387350981501302 __DUMMY__ 0.0069821766461441205	false	1.0
sinnlos	neg 1.0		neg 0.5517104514143982 off 0.4412959164040354 __DUMMY__ 0.006993632181566426	false	1.0
fettsack	off 1.0	off 1.0	off 0.708037138637893 neg 0.2886787916865516 __DUMMY__ 0.003284069675555458	false	1.0
feige	off 1.0	off 1.0	off 0.7046311933456444 neg 0.29207237916071294 __DUMMY__ 0.00329642749364281	false	1.0
abdanken	neg 1.0		neg 0.5584298154724114 off 0.43461337519488913 __DUMMY__ 0.006956809332699407	false	1.0
wichtigtuer	off 1.0	off 1.0	off 0.7032591189278948 neg 0.2934292235382144 __DUMMY__ 0.0033116575338907463	false	1.0
misslingen	neg 1.0		neg 0.5503178000516171 off 0.4426269331396884 __DUMMY__ 0.007055266808694364	false	1.0
untreu	off 1.0		neg 0.549138931659546 off 0.4439134653844514 __DUMMY__ 0.006947602956002517	false	0.5
missmutig	neg 1.0		neg 0.548858732655606 off 0.4441606055003431 __DUMMY__ 0.00698066184405079	false	1.0
hurenbock	off 1.0		neg 0.5527452936925326 off 0.4402543198902309 __DUMMY__ 0.007000386417236619	false	0.5
betrunken	neg 1.0		neg 0.5448408074323934 off 0.4481719253452375 __DUMMY__ 0.006987267222369237	false	1.0
korrupt	off 1.0		neg 0.5620134501477744 off 0.4310573618424483 __DUMMY__ 0.00692918800977738	false	0.5
unmut	neg 1.0		neg 0.5642861009897466 off 0.4287021001782199 __DUMMY__ 0.007011798832033324	false	1.0
hackfresse	off 1.0		neg 0.5417500327381305 off 0.45134359299475174 __DUMMY__ 0.006906374267117688	false	0.5
aufblasen	neg 1.0		neg 0.551853882101957 off 0.4411325951221265 __DUMMY__ 0.007013522775916567	false	1.0
gewaltsam	neg 1.0		neg 0.5567228313910947 off 0.4362904167034901 __DUMMY__ 0.0069867519054152005	false	1.0
unbeliebtheit	neg 1.0		neg 0.5553991574313123 off 0.43772282798804885 __DUMMY__ 0.006878014580638985	false	1.0
sturheit	neg 1.0		neg 0.5571593097733892 off 0.43585902897225176 __DUMMY__ 0.0069816612543590895	false	1.0
kuh	neg 1.0		neg 0.5569180444219846 off 0.43613983372770826 __DUMMY__ 0.006942121850307059	false	1.0
erschrecken	neg 1.0		neg 0.5493897103348709 off 0.44362111986230346 __DUMMY__ 0.00698916980282573	false	1.0
opfer	neg 1.0		neg 0.5585162069751909 off 0.43446876948044133 __DUMMY__ 0.00701502354436782	false	1.0
sinken	neg 1.0		neg 0.5622452968107636 off 0.43072172261520325 __DUMMY__ 0.007032980574033052	false	1.0
stinktier	neg 1.0		neg 0.5458690775418301 off 0.44722564676467114 __DUMMY__ 0.00690527569349878	false	1.0
tucke	off 1.0		neg 0.544269318120187 off 0.4488823536133003 __DUMMY__ 0.006848328266512715	false	0.5
ein			neg 0.5522474125950888 off 0.4407310146997338 __DUMMY__ 0.007021572705177274	false	0.0
abstieg	neg 1.0		neg 0.55847529925346 off 0.4344868453727247 __DUMMY__ 0.00703785537381524	false	1.0
missverstehen	neg 1.0		neg 0.5535498397679471 off 0.43949583135672693 __DUMMY__ 0.006954328875325948	false	1.0
ergebnislos	neg 1.0		neg 0.560419551001609 off 0.4325748502093152 __DUMMY__ 0.007005598789075847	false	1.0
unter			neg 0.5640872802988255 off 0.428794838771628 __DUMMY__ 0.00711788092954641	false	0.0
manipulieren	neg 1.0		neg 0.5610139133679132 off 0.43197969782622303 __DUMMY__ 0.007006388805863866	false	1.0
unbewiesen	neg 1.0		neg 0.5605012004900654 off 0.4326044879153261 __DUMMY__ 0.00689431159460874	false	1.0
verschleppen	neg 1.0		neg 0.5592734067702652 off 0.4337386137955718 __DUMMY__ 0.006987979434163061	false	1.0
weib	off 1.0		neg 0.5425099925478071 off 0.45059526960408425 __DUMMY__ 0.006894737848108696	false	0.5
opposition	neg 1.0		neg 0.555274094993927 off 0.4377801471050093 __DUMMY__ 0.006945757901063636	false	1.0
verkehrswidrig	neg 1.0	neg 1.0	neg 0.7562267517762189 off 0.24040980025855355 __DUMMY__ 0.003363447965227596	false	1.0
inkorrekt	neg 1.0		neg 0.5506969063745222 off 0.44241163292932256 __DUMMY__ 0.006891460696155261	false	1.0
vermeiden	neg 1.0		neg 0.5637957653128585 off 0.42913655466400813 __DUMMY__ 0.007067680023133306	false	1.0
abweichung	neg 1.0	neg 1.0	neg 0.7667126233488377 off 0.22994900166856297 __DUMMY__ 0.0033383749825992895	false	1.0
alkoholisiert	neg 1.0		neg 0.5544710490347674 off 0.4384114050737839 __DUMMY__ 0.007117545891448726	false	1.0
scheiss	off 1.0	off 1.0	off 0.7059113712510737 neg 0.29077359284858034 __DUMMY__ 0.003315035900345967	false	1.0
herausforderung	neg 1.0	neg 1.0	neg 0.7646658913716653 off 0.23194720533803606 __DUMMY__ 0.0033869032902986503	false	1.0
pervers	off 1.0		neg 0.5387089870343801 off 0.45440571574936295 __DUMMY__ 0.0068852972162570265	false	0.5
wackelig	neg 1.0		neg 0.5540403059659406 off 0.43889155909411265 __DUMMY__ 0.007068134939946796	false	1.0
verwickeln	neg 1.0		neg 0.5533223341597664 off 0.43971672724187577 __DUMMY__ 0.006960938598357755	false	1.0
vorwand	neg 1.0		neg 0.5619922018422839 off 0.43099966706664533 __DUMMY__ 0.007008131091070811	false	1.0
muschi	off 1.0		neg 0.5575646367925855 off 0.43544818982997185 __DUMMY__ 0.006987173377442634	false	0.5
entmutigung	neg 1.0		neg 0.5567667091828287 off 0.4363036896798812 __DUMMY__ 0.006929601137289995	false	1.0
unangemessen	neg 1.0		neg 0.5587987767551313 off 0.43422871642985283 __DUMMY__ 0.006972506815015716	false	1.0
unstetig	neg 1.0		neg 0.5545385841999164 off 0.4384832883256502 __DUMMY__ 0.006978127474433507	false	1.0
entmutigen	neg 1.0		neg 0.5528556329107552 off 0.4401475099596547 __DUMMY__ 0.006996857129590056	false	1.0
schwanz	neg 1.0		neg 0.5606150417677682 off 0.43237825523041745 __DUMMY__ 0.007006703001814241	false	1.0
verbot	neg 1.0		neg 0.5613213690621701 off 0.4317285154227816 __DUMMY__ 0.00695011551504841	false	1.0
leid	neg 1.0		neg 0.543103005428383 off 0.44995805750398954 __DUMMY__ 0.006938937067627475	false	1.0
archaisch	neg 1.0		neg 0.5573862724401761 off 0.43561376082656733 __DUMMY__ 0.006999966733256457	false	1.0
gegen			neg 0.5614320342176891 off 0.4315315657426615 __DUMMY__ 0.007036400039649555	false	0.0
scheidung	neg 1.0		neg 0.5341792666662681 off 0.45893338632151126 __DUMMY__ 0.006887347012220617	false	1.0
einschlag	neg 1.0	neg 1.0	neg 0.7591907000889025 off 0.2374930648346011 __DUMMY__ 0.003316235076496453	false	1.0
m			neg 0.5564747826090726 off 0.4365030404833504 __DUMMY__ 0.007022176907577025	false	0.0
abgestanden	neg 1.0		neg 0.5543073656631341 off 0.4387060485236817 __DUMMY__ 0.00698658581318412	false	1.0
schmierig	off 1.0		neg 0.5436247392216516 off 0.4494329036034957 __DUMMY__ 0.006942357174852953	false	0.5
unpraktisch	neg 1.0		neg 0.5518139145741981 off 0.4411635686720844 __DUMMY__ 0.007022516753717528	false	1.0
wixxer	off 1.0		neg 0.53978456324367 off 0.4533438561608413 __DUMMY__ 0.006871580595488893	false	0.5
bezeichnet			neg 0.5564386251701733 off 0.4365828274673725 __DUMMY__ 0.0069785473624542575	false	0.0
jammerlappen	off 1.0		neg 0.5499104848281576 off 0.44312881982528474 __DUMMY__ 0.00696069534655756	false	0.5
farce	neg 1.0		neg 0.5606672031887068 off 0.432391419292429 __DUMMY__ 0.006941377518864282	false	1.0
zwecklos	neg 1.0		neg 0.5581744804633729 off 0.43484111648584656 __DUMMY__ 0.006984403050780467	false	1.0
turbulent	neg 1.0		neg 0.5506688164655776 off 0.4423961853300123 __DUMMY__ 0.006934998204410084	false	1.0
invasion	neg 1.0		neg 0.5517534412602699 off 0.4412554526099342 __DUMMY__ 0.006991106129795747	false	1.0
schuld	neg 1.0		neg 0.5540596817160041 off 0.4389530980252074 __DUMMY__ 0.006987220258788498	false	1.0
risiko	neg 1.0		neg 0.5536216480232459 off 0.4393667478962833 __DUMMY__ 0.0070116040804707	false	1.0
finster	neg 1.0		neg 0.5525736129416399 off 0.4404178928393578 __DUMMY__ 0.0070084942190022596	false	1.0
geisteskrank	off 1.0		neg 0.5493637849328393 off 0.4437074553494512 __DUMMY__ 0.006928759717709426	false	0.5
zusammenbrechen	neg 1.0		neg 0.5554473049328726 off 0.4375326044386337 __DUMMY__ 0.007020090628493624	false	1.0
ausbeute	neg 1.0		neg 0.5566484576724562 off 0.436277538923294 __DUMMY__ 0.007074003404249758	false	1.0
hinterhalt	neg 1.0		neg 0.5558759743454981 off 0.43709991647088314 __DUMMY__ 0.00702410918361866	false	1.0
kritik	neg 1.0		neg 0.5605435005744854 off 0.43250859434655364 __DUMMY__ 0.006947905078960885	false	1.0
einschrumpfen	neg 1.0		neg 0.5551152210366175 off 0.43796796921395176 __DUMMY__ 0.006916809749430696	false	1.0
riskant	neg 1.0		neg 0.5600765613700592 off 0.4329308047881328 __DUMMY__ 0.006992633841808059	false	1.0
frustrieren	neg 1.0		neg 0.5589356307122668 off 0.4340568179593745 __DUMMY__ 0.007007551328358674	false	1.0
groll	neg 1.0		neg 0.5575287333220994 off 0.4354678202419587 __DUMMY__ 0.007003446435942066	false	1.0
gibt			neg 0.5567272446192414 off 0.43626674922053243 __DUMMY__ 0.007006006160226264	false	0.0
qualvoll	neg 1.0		neg 0.5496396354552373 off 0.44335675354264326 __DUMMY__ 0.007003611002119312	false	1.0
wackeln	neg 1.0	neg 1.0	neg 0.7625638930335757 off 0.23408425781725428 __DUMMY__ 0.0033518491491699195	false	1.0
klagen	neg 1.0		neg 0.5633549535813257 off 0.42962857794793946 __DUMMY__ 0.007016468470734773	false	1.0
bankrott	neg 1.0		neg 0.5502715438343234 off 0.4427489178314369 __DUMMY__ 0.006979538334239568	false	1.0
trauern	neg 1.0		neg 0.55740673529421 off 0.43555395974743216 __DUMMY__ 0.007039304958357808	false	1.0
ablehnung	neg 1.0		neg 0.5606879100856521 off 0.432367464685637 __DUMMY__ 0.006944625228710783	false	1.0
stur	neg 1.0		neg 0.5537468721035042 off 0.43927551755345784 __DUMMY__ 0.006977610343037935	false	1.0
aufruhr	neg 1.0		neg 0.5570158586025644 off 0.43599998212789115 __DUMMY__ 0.006984159269544368	false	1.0
melancholie	neg 1.0		neg 0.5560613032099978 off 0.4369062417859073 __DUMMY__ 0.007032455004094864	false	1.0
ist			neg 0.5525665591965618 off 0.4404421721083902 __DUMMY__ 0.0069912686950479135	false	0.0
torheit	neg 1.0		neg 0.5561479472606012 off 0.43689745884188935 __DUMMY__ 0.006954593897509401	false	1.0
dreckskind	off 1.0		neg 0.5446163150990291 off 0.4484891081385449 __DUMMY__ 0.006894576762426122	false	0.5
umtauschen	neg 1.0		neg 0.554449166832908 off 0.43854021427132095 __DUMMY__ 0.007010618895771176	false	1.0
zum			neg 0.5596326649022481 off 0.4332296582439773 __DUMMY__ 0.007137676853774585	false	0.0
zersetzen	neg 1.0		neg 0.5622886016588405 off 0.4307256103365272 __DUMMY__ 0.006985788004632336	false	1.0
zur			neg 0.5646054562365348 off 0.4283265585581116 __DUMMY__ 0.007067985205353454	false	0.0
frust	neg 1.0		neg 0.555643744362184 off 0.43733538880166245 __DUMMY__ 0.007020866836153451	false	1.0
unerbittlichkeit	neg 1.0		neg 0.5615689547221396 off 0.431435386101211 __DUMMY__ 0.006995659176649289	false	1.0
zwei			neg 0.5584194170487242 off 0.4344728634229595 __DUMMY__ 0.007107719528316177	false	0.0
unkorrekt	neg 1.0		neg 0.5492217198307825 off 0.4438755283719935 __DUMMY__ 0.006902751797224083	false	1.0
hexe	off 1.0		neg 0.5487375647849403 off 0.4442990706984192 __DUMMY__ 0.006963364516640674	false	0.5
lasch	neg 1.0		neg 0.552498574666259 off 0.4405568262895966 __DUMMY__ 0.0069445990441444885	false	1.0
rivale	neg 1.0		neg 0.5456742600795548 off 0.4473561904235201 __DUMMY__ 0.00696954949692498	false	1.0
mutlos	off 1.0	off 1.0	off 0.6990300806097348 neg 0.29765191713822386 __DUMMY__ 0.0033180022520413496	false	1.0
wirr	off 1.0		neg 0.5484884695722047 off 0.44460329342958743 __DUMMY__ 0.006908236998207775	false	0.5
jahr			neg 0.5562884700458506 off 0.43660981412015704 __DUMMY__ 0.007101715833992265	false	0.0
wird			neg 0.5575625527167548 off 0.4354143904447761 __DUMMY__ 0.007023056838469109	false	0.0
strafbar	neg 1.0		neg 0.5605478965108156 off 0.4324697867835873 __DUMMY__ 0.006982316705597082	false	1.0
erosion	neg 1.0		neg 0.5531637718550029 off 0.4398247040476091 __DUMMY__ 0.007011524097387922	false	1.0
eingehen	neg 1.0		neg 0.5592890745164142 off 0.43372916202862727 __DUMMY__ 0.00698176345495839	false	1.0
faul	off 1.0		neg 0.5493840960139713 off 0.4436289842515085 __DUMMY__ 0.006986919734520205	false	0.5
provisorium	neg 1.0		neg 0.5661640266943637 off 0.426748983414227 __DUMMY__ 0.007086989891409324	false	1.0
schmerzen	neg 1.0		neg 0.554256623722785 off 0.438738529468482 __DUMMY__ 0.007004846808733193	false	1.0
schrumpfen	neg 1.0		neg 0.5658429112117187 off 0.4271220714626726 __DUMMY__ 0.007035017325608607	false	1.0
geistlos	off 1.0		neg 0.5562079310541322 off 0.43688465821707506 __DUMMY__ 0.006907410728792741	false	0.5
fehlkauf	neg 1.0		neg 0.5541125268919479 off 0.43892089891433145 __DUMMY__ 0.006966574193720618	false	1.0
frustrierend	neg 1.0		neg 0.5491368503343674 off 0.44386520623596565 __DUMMY__ 0.006997943429667019	false	1.0
unzufrieden	neg 1.0		neg 0.5582195870103918 off 0.43479321657403275 __DUMMY__ 0.00698719641557546	false	1.0
verzweifeln	neg 1.0		neg 0.5549250566931058 off 0.43806958045607514 __DUMMY__ 0.007005362850819119	false	1.0
verzweifelt	neg 1.0		neg 0.5536252628494672 off 0.4393966463710239 __DUMMY__ 0.006978090779508778	false	1.0
misstrauensantrag	neg 1.0		neg 0.5539428559434816 off 0.4391030000885125 __DUMMY__ 0.006954143968005781	false	1.0
abfallen	neg 1.0		neg 0.5510086529133726 off 0.4419610703455531 __DUMMY__ 0.007030276741074415	false	1.0
fucker	off 1.0		neg 0.5485627345811179 off 0.44450300518133107 __DUMMY__ 0.006934260237551086	false	0.5
ungezogen	neg 1.0		neg 0.5392468454438625 off 0.4538372306147748 __DUMMY__ 0.006915923941362711	false	1.0
irrsinnig	neg 1.0	neg 1.0	neg 0.7640182678321418 off 0.232663412823539 __DUMMY__ 0.0033183193443192087	false	1.0
unfassbar	neg 1.0		neg 0.5486881399926464 off 0.44434821319179724 __DUMMY__ 0.0069636468155563	false	1.0
hart	neg 1.0		neg 0.5525279493310167 off 0.4405222985287547 __DUMMY__ 0.00694975214022857	false	1.0
widerlich	off 1.0		neg 0.5493694692691937 off 0.44370096181537055 __DUMMY__ 0.006929568915435701	false	0.5
fatal	neg 1.0		neg 0.5535453640100432 off 0.43948479699538767 __DUMMY__ 0.006969838994569051	false	1.0
bruch	neg 1.0		neg 0.5637369811186279 off 0.4292585667665611 __DUMMY__ 0.0070044521148109485	false	1.0
aushungern	neg 1.0		neg 0.5590091701107022 off 0.4340376692488908 __DUMMY__ 0.006953160640406941	false	1.0
anspannung	neg 1.0	neg 1.0	neg 0.7670785168351305 off 0.22952233598996347 __DUMMY__ 0.003399147174906027	false	1.0
von			neg 0.5581323924654453 off 0.43478157828127434 __DUMMY__ 0.007086029253280375	false	0.0
kraftlos	neg 1.0		neg 0.554989873858903 off 0.43796701136118293 __DUMMY__ 0.007043114779914031	false	1.0
vom			neg 0.5626776041370054 off 0.4301897440744383 __DUMMY__ 0.007132651788556257	false	0.0
grenzdebil	off 1.0		neg 0.5475158542875475 off 0.4455238602124376 __DUMMY__ 0.006960285500014957	false	0.5
vor			neg 0.5602053318188172 off 0.43275514244781677 __DUMMY__ 0.007039525733366163	false	0.0
unterwerfen	neg 1.0		neg 0.559147830184472 off 0.4338420464406504 __DUMMY__ 0.007010123374877689	false	1.0
versenkung	neg 1.0		neg 0.5598056211573825 off 0.4331882085599613 __DUMMY__ 0.00700617028265618	false	1.0
entziehen	neg 1.0		neg 0.5623960848431449 off 0.4305862729295813 __DUMMY__ 0.007017642227274013	false	1.0
finanzkrise	neg 1.0		neg 0.5600276758174868 off 0.43304196508673054 __DUMMY__ 0.006930359095782673	false	1.0
schimpfend	neg 1.0		neg 0.5505868291584719 off 0.44237084898904716 __DUMMY__ 0.007042321852480906	false	1.0
profan	neg 1.0		neg 0.5518210215328789 off 0.44120298004012054 __DUMMY__ 0.006975998427000542	false	1.0
korruption	neg 1.0	neg 1.0	neg 0.7678094522812401 off 0.2288858830441497 __DUMMY__ 0.0033046646746102393	false	1.0
â			neg 0.5581819982771903 off 0.4348007845946008 __DUMMY__ 0.007017217128208926	false	0.0
schmutzig	neg 1.0		neg 0.5478061743621682 off 0.445224551164804 __DUMMY__ 0.006969274473027651	false	1.0
sexy	neg 1.0		neg 0.5511176085212435 off 0.44190656616143337 __DUMMY__ 0.00697582531732323	false	1.0
abraten	neg 1.0		neg 0.5527759992554419 off 0.4402407521372331 __DUMMY__ 0.006983248607325019	false	1.0
schwarz	neg 1.0		neg 0.5540530661923948 off 0.43897252935542036 __DUMMY__ 0.0069744044521848365	false	1.0
fotze	off 1.0		neg 0.560160059017224 off 0.4328480760727562 __DUMMY__ 0.006991864910019747	false	0.5
verwirren	neg 1.0		neg 0.5514008464046255 off 0.4416200156342476 __DUMMY__ 0.0069791379611270216	false	1.0
zahnlos	off 1.0		neg 0.5586120509845309 off 0.43440805585684966 __DUMMY__ 0.0069798931586193625	false	0.5
verheeren	neg 1.0		neg 0.538741266009521 off 0.4543517837168775 __DUMMY__ 0.006906950273601591	false	1.0
hippie	neg 1.0		neg 0.5522208608346526 off 0.4408105089119806 __DUMMY__ 0.006968630253366932	false	1.0
rammen	neg 1.0		neg 0.5554718564195037 off 0.43756542234249546 __DUMMY__ 0.006962721238000868	false	1.0
unlauter	neg 1.0		neg 0.5582913719379906 off 0.4347877943463697 __DUMMY__ 0.006920833715639691	false	1.0
unheilvoll	neg 1.0		neg 0.5503301927010562 off 0.44265325683405043 __DUMMY__ 0.007016550464893455	false	1.0
niedrig	neg 1.0		neg 0.5606351820853686 off 0.4323608380242789 __DUMMY__ 0.007003979890352658	false	1.0
explosion	neg 1.0		neg 0.5530289335950734 off 0.4400050045518495 __DUMMY__ 0.006966061853076884	false	1.0
weichei	off 1.0		neg 0.5437452034593117 off 0.4493479482141615 __DUMMY__ 0.006906848326526824	false	0.5
minusmensch	off 1.0		neg 0.5436008526597088 off 0.4495729458917687 __DUMMY__ 0.006826201448522669	false	0.5
farblos	neg 1.0		neg 0.5531387599120509 off 0.4398094618764344 __DUMMY__ 0.007051778211514935	false	1.0
unwissend	neg 1.0	neg 1.0	neg 0.7613945136898996 off 0.2352964992557301 __DUMMY__ 0.003308987054370308	false	1.0
traurig	neg 1.0		neg 0.5448222870525441 off 0.4482164125614048 __DUMMY__ 0.006961300386050995	false	1.0
senkung	neg 1.0		neg 0.5542155468657787 off 0.4388472160523456 __DUMMY__ 0.006937237081875735	false	1.0
ungleich	neg 1.0	neg 1.0	neg 0.7678265720691682 off 0.22885385817214637 __DUMMY__ 0.003319569758685388	false	1.0
heikel	neg 1.0		neg 0.5615377267318241 off 0.4314679975804963 __DUMMY__ 0.006994275687679377	false	1.0
drosselung	neg 1.0		neg 0.548284629278659 off 0.44475588128428256 __DUMMY__ 0.006959489437058365	false	1.0
falsch	neg 1.0		neg 0.5501420381287978 off 0.4428843643760393 __DUMMY__ 0.0069735974951628185	false	1.0
unzufriedenheit	neg 1.0		neg 0.5617169272371508 off 0.43127679901394295 __DUMMY__ 0.007006273748906292	false	1.0
kurz	neg 1.0		neg 0.5539965210183853 off 0.4389553390275075 __DUMMY__ 0.007048139954107185	false	1.0
unsinnig	neg 1.0		neg 0.5586618751144633 off 0.434372266857901 __DUMMY__ 0.006965858027635733	false	1.0
penner	off 1.0	off 1.0	off 0.7097678834943556 neg 0.28694970103257406 __DUMMY__ 0.003282415473070426	false	1.0
seicht	neg 1.0		neg 0.5419432927505989 off 0.4511853283356675 __DUMMY__ 0.0068713789137334925	false	1.0
dummheit	off 1.0	off 1.0	off 0.7031402997193811 neg 0.2935549509060919 __DUMMY__ 0.0033047493745270357	false	1.0
unerfreulich	neg 1.0		neg 0.5611739880348073 off 0.4318028137557871 __DUMMY__ 0.007023198209405562	false	1.0
motherfucker	off 1.0	off 1.0	off 0.7054786312593818 neg 0.2912299963384231 __DUMMY__ 0.003291372402195075	false	1.0
pikiert	neg 1.0		neg 0.5508882538899791 off 0.44218269457937903 __DUMMY__ 0.006929051530641855	false	1.0
wrack	neg 1.0		neg 0.5565432012258957 off 0.4363955403446537 __DUMMY__ 0.0070612584294504335	false	1.0
gangster	neg 1.0		neg 0.5521749580096914 off 0.4408468459095628 __DUMMY__ 0.006978196080745778	false	1.0
krank	neg 1.0		neg 0.5458757536579082 off 0.44714078597747015 __DUMMY__ 0.006983460364621705	false	1.0
reich	neg 1.0		neg 0.5515719651140354 off 0.4414817325881466 __DUMMY__ 0.006946302297818007	false	1.0
gnadenlos	neg 1.0		neg 0.5537928610489625 off 0.4392150576025376 __DUMMY__ 0.0069920813484999995	false	1.0
niedergeschlagen	neg 1.0		neg 0.5550151904783498 off 0.43796050541744436 __DUMMY__ 0.007024304104205925	false	1.0
terrorisieren	off 1.0	off 1.0	off 0.7002014061963197 neg 0.2964637391006522 __DUMMY__ 0.003334854703028219	false	1.0
sinnlosigkeit	neg 1.0		neg 0.5575214923490757 off 0.4354831273853874 __DUMMY__ 0.006995380265537059	false	1.0
behindern	neg 1.0		neg 0.5567573401638529 off 0.4362627021725205 __DUMMY__ 0.006979957663626649	false	1.0
undemokratisch	neg 1.0		neg 0.5574388782616765 off 0.43562905154029236 __DUMMY__ 0.006932070198031202	false	1.0
wirtschaftskrise	neg 1.0		neg 0.5610963140233163 off 0.4319370733617383 __DUMMY__ 0.006966612614945418	false	1.0
neid	neg 1.0		neg 0.5466234053878767 off 0.4463551150243116 __DUMMY__ 0.007021479587811689	false	1.0
rutschen	neg 1.0	neg 1.0	neg 0.765982754872219 off 0.23062332521881176 __DUMMY__ 0.0033939199089693018	false	1.0
rezession	neg 1.0		neg 0.548837338359402 off 0.4442890556471855 __DUMMY__ 0.0068736059934126036	false	1.0
fehlgeburt	neg 1.0		neg 0.5514445215636651 off 0.4415506830660482 __DUMMY__ 0.007004795370286782	false	1.0
charakterschwach	off 1.0		neg 0.5490209882461418 off 0.44403406702089865 __DUMMY__ 0.006944944732959695	false	0.5
isolation	neg 1.0		neg 0.5493043663182631 off 0.44370008477071354 __DUMMY__ 0.006995548911023453	false	1.0
ablenkung	neg 1.0		neg 0.5538521832164283 off 0.43914377023594997 __DUMMY__ 0.007004046547621802	false	1.0
pech	neg 1.0		neg 0.5495873335041314 off 0.44342278270553637 __DUMMY__ 0.0069898837903324415	false	1.0
vermeidung	neg 1.0		neg 0.5493772620125348 off 0.44369026653490745 __DUMMY__ 0.006932471452557853	false	1.0
dominieren	neg 1.0		neg 0.5563128371566 off 0.43663476008829066 __DUMMY__ 0.0070524027551092956	false	1.0
schwindlig	neg 1.0		neg 0.5495133432197601 off 0.443460765425002 __DUMMY__ 0.007025891355237888	false	1.0
lutscher	neg 1.0	neg 1.0	neg 0.756718129576758 off 0.24001352283689842 __DUMMY__ 0.0032683475863435445	false	1.0
pflicht	neg 1.0		neg 0.5611025445534271 off 0.4318910073872672 __DUMMY__ 0.007006448059305565	false	1.0
faschist	off 1.0		neg 0.5547225048204935 off 0.43835054704592114 __DUMMY__ 0.006926948133585264	false	0.5
verschleudern	neg 1.0		neg 0.5634739720438359 off 0.4295848167716455 __DUMMY__ 0.006941211184518538	false	1.0
wenn			neg 0.5497258941716586 off 0.4432983594040065 __DUMMY__ 0.006975746424334941	false	0.0
ehebruch	neg 1.0		neg 0.559862054051547 off 0.43315305172925617 __DUMMY__ 0.006984894219196977	false	1.0
spott	off 1.0		neg 0.5610439710818982 off 0.4319791447507872 __DUMMY__ 0.006976884167314566	false	0.5
trostlosigkeit	neg 1.0		neg 0.5621382479859983 off 0.43084555153221205 __DUMMY__ 0.007016200481789556	false	1.0
lutschen	neg 1.0		neg 0.554179044090993 off 0.43887562433493005 __DUMMY__ 0.006945331574077132	false	1.0
undiszipliniert	neg 1.0		neg 0.5462036814256628 off 0.4468386009835108 __DUMMY__ 0.006957717590826348	false	1.0
kopfschmerz	neg 1.0		neg 0.5548241945645469 off 0.4381476405773709 __DUMMY__ 0.007028164858082324	false	1.0
unvorhergesehen	neg 1.0		neg 0.5552869532089046 off 0.4376368004640468 __DUMMY__ 0.007076246327048655	false	1.0
desinteressiert	neg 1.0		neg 0.547370693064031 off 0.4456886754155934 __DUMMY__ 0.006940631520375692	false	1.0
armselig	off 1.0		neg 0.5477702119823314 off 0.4453192480958369 __DUMMY__ 0.006910539921831634	false	0.5
desaster	neg 1.0		neg 0.5644389843889175 off 0.42855563791077544 __DUMMY__ 0.007005377700307035	false	1.0
tod	neg 1.0		neg 0.5580897176950268 off 0.43489322985599016 __DUMMY__ 0.007017052448983056	false	1.0
herzlos	neg 1.0		neg 0.5459332383489248 off 0.4471361824003341 __DUMMY__ 0.006930579250741081	false	1.0
unwissenheit	neg 1.0		neg 0.5596829267194472 off 0.43335371454610044 __DUMMY__ 0.006963358734452448	false	1.0
widersinnig	neg 1.0	neg 1.0	neg 0.7672943831488919 off 0.2294058142055025 __DUMMY__ 0.0032998026456055366	false	1.0
bedenklich	neg 1.0		neg 0.559980741218724 off 0.4330319837352348 __DUMMY__ 0.006987275046041134	false	1.0
beanstanden	neg 1.0		neg 0.5617129072158842 off 0.43127625731628083 __DUMMY__ 0.007010835467834973	false	1.0
panisch	neg 1.0	neg 1.0	neg 0.7606660117233845 off 0.23597628343753935 __DUMMY__ 0.0033577048390761163	false	1.0
debil	off 1.0		neg 0.5663886258496036 off 0.42656591093320445 __DUMMY__ 0.007045463217192062	false	0.5
abstrich	neg 1.0		neg 0.5590066285288143 off 0.4340038425532181 __DUMMY__ 0.006989528917967582	false	1.0
primitiv	neg 1.0		neg 0.5488080289619041 off 0.44426229736543943 __DUMMY__ 0.006929673672656463	false	1.0
abschaum	off 1.0	off 1.0	off 0.7046541236482443 neg 0.29204193782222315 __DUMMY__ 0.0033039385295326276	false	1.0
provozieren	neg 1.0		neg 0.5549912252495042 off 0.43803403511367467 __DUMMY__ 0.006974739636821026	false	1.0
tot	neg 1.0		neg 0.5588640674968129 off 0.43412320316861175 __DUMMY__ 0.007012729334575413	false	1.0
instabil	neg 1.0		neg 0.550641045798124 off 0.4424576528073806 __DUMMY__ 0.006901301394495434	false	1.0
schwuchtel	off 1.0		neg 0.5371701752193828 off 0.4559974394005 __DUMMY__ 0.006832385380117243	false	0.5
zerren	neg 1.0		neg 0.5547332552041487 off 0.438238909199205 __DUMMY__ 0.007027835596646208	false	1.0
kinderficker	off 1.0		neg 0.5455443698319261 off 0.44756407521535213 __DUMMY__ 0.0068915549527219285	false	0.5
gefahr	neg 1.0		neg 0.5615630676190936 off 0.4314290918764451 __DUMMY__ 0.007007840504461187	false	1.0
rabiat	neg 1.0		neg 0.5559521491399062 off 0.43707445694631036 __DUMMY__ 0.006973393913783546	false	1.0
verlangsamung	neg 1.0		neg 0.5438399620575779 off 0.44927892269872227 __DUMMY__ 0.006881115243699902	false	1.0
ausgestorben	neg 1.0		neg 0.5543702776647994 off 0.4386127820794309 __DUMMY__ 0.007016940255769724	false	1.0
anklagen	neg 1.0		neg 0.5587931264805188 off 0.4342372017075324 __DUMMY__ 0.006969671811948831	false	1.0
trott	neg 1.0		neg 0.5550973510201305 off 0.4378971704743007 __DUMMY__ 0.007005478505568882	false	1.0
verminderung	neg 1.0		neg 0.5477387554173732 off 0.44531942009759024 __DUMMY__ 0.006941824485036593	false	1.0
nach			neg 0.5600059213703537 off 0.4328712485563724 __DUMMY__ 0.007122830073274094	false	0.0
rost	neg 1.0		neg 0.5437405049758702 off 0.44934781008134195 __DUMMY__ 0.0069116849427878005	false	1.0
destruktiv	neg 1.0		neg 0.5576589888561254 off 0.43538683187429733 __DUMMY__ 0.006954179269577281	false	1.0
unzumutbarkeit	neg 1.0		neg 0.5491528608114001 off 0.4438681622342938 __DUMMY__ 0.006978976954305901	false	1.0
labil	off 1.0	off 1.0	off 0.7045285082305616 neg 0.2921680025529594 __DUMMY__ 0.003303489216478989	false	1.0
ziemlich	neg 1.0		neg 0.5471588644065107 off 0.4458601740127291 __DUMMY__ 0.006980961580760247	false	1.0
lachnummer	off 1.0		neg 0.5560165812653531 off 0.43700394016279304 __DUMMY__ 0.006979478571853761	false	0.5
oder			neg 0.5528481587542303 off 0.4401303525781898 __DUMMY__ 0.007021488667579958	false	0.0
verfall	neg 1.0		neg 0.566773702352182 off 0.4262071419857184 __DUMMY__ 0.007019155662099497	false	1.0
ausgrenzung	neg 1.0		neg 0.557180957346012 off 0.43589940130380744 __DUMMY__ 0.0069196413501804565	false	1.0
unordnung	neg 1.0		neg 0.5487097841019623 off 0.44432143254594414 __DUMMY__ 0.00696878335209373	false	1.0
fehlverhalten	neg 1.0		neg 0.5617166894709723 off 0.4312944007572976 __DUMMY__ 0.006988909771730027	false	1.0
eine			neg 0.5603682243188365 off 0.4326052349091244 __DUMMY__ 0.0070265407720389375	false	0.0
nille	neg 1.0		neg 0.5567618702397131 off 0.43624680106480923 __DUMMY__ 0.006991328695477637	false	1.0
qual	neg 1.0		neg 0.5556878486012943 off 0.4373122388830192 __DUMMY__ 0.00699991251568651	false	1.0
verschwenden	neg 1.0		neg 0.5591113292500905 off 0.4338982127896488 __DUMMY__ 0.0069904579602606326	false	1.0
riesig	neg 1.0	neg 1.0	neg 0.7656880912328359 off 0.23096354794991805 __DUMMY__ 0.003348360817246028	false	1.0
verurteilen	neg 1.0		neg 0.5591931733850165 off 0.43383342913411477 __DUMMY__ 0.006973397480868766	false	1.0
klischee	neg 1.0	neg 1.0	neg 0.7630156442490792 off 0.23368219841983076 __DUMMY__ 0.0033021573310900564	false	1.0
diktatorisch	neg 1.0		neg 0.5580611374337634 off 0.43503068691895297 __DUMMY__ 0.006908175647283567	false	1.0
vorhersehbar	neg 1.0	neg 1.0	neg 0.7630963954192633 off 0.2335937115751467 __DUMMY__ 0.0033098930055900045	false	1.0
sowie			neg 0.545342451124686 off 0.4477609874341916 __DUMMY__ 0.006896561441122282	false	0.0
stornieren	neg 1.0		neg 0.5501869472962506 off 0.4427531122682412 __DUMMY__ 0.007059940435508248	false	1.0
besteuerung	neg 1.0		neg 0.5573433272169922 off 0.43572283130345313 __DUMMY__ 0.006933841479554707	false	1.0
ungeschminkt	neg 1.0		neg 0.5494402720599061 off 0.44362581363402015 __DUMMY__ 0.006933914306073822	false	1.0
kritisch	neg 1.0		neg 0.5599127754587645 off 0.4330933237380252 __DUMMY__ 0.006993900803210194	false	1.0
schlamperei	off 1.0		neg 0.5625143312412562 off 0.4305108867839182 __DUMMY__ 0.006974781974825794	false	0.5
sucht	neg 1.0	neg 1.0	neg 0.7641565779308603 off 0.23251018393133505 __DUMMY__ 0.003333238137804523	false	1.0
egoistisch	off 1.0		neg 0.5427271023041974 off 0.4503448925135916 __DUMMY__ 0.006928005182210983	false	0.5
ausbeuter	off 1.0		neg 0.5630714082931877 off 0.42996070936405606 __DUMMY__ 0.006967882342756225	false	0.5
arschgeburt	off 1.0		neg 0.5374652431167035 off 0.4557100032996129 __DUMMY__ 0.006824753583683544	false	0.5
schubs	neg 1.0	neg 1.0	neg 0.764355238498195 off 0.23228875768150792 __DUMMY__ 0.003356003820297095	false	1.0
unsolide	neg 1.0		neg 0.5593262234963866 off 0.43380258530656973 __DUMMY__ 0.006871191197043564	false	1.0
beschwerde	neg 1.0		neg 0.5625524438862998 off 0.4304785049578049 __DUMMY__ 0.006969051155895528	false	1.0
stocken	neg 1.0		neg 0.5607572983750463 off 0.4322557902148451 __DUMMY__ 0.0069869114101087015	false	1.0
isolieren	neg 1.0		neg 0.5595311743411047 off 0.433489124511852 __DUMMY__ 0.006979701147043387	false	1.0
unheilbar	neg 1.0		neg 0.5532967328629464 off 0.4396925604068398 __DUMMY__ 0.007010706730213795	false	1.0
pisser	off 1.0		neg 0.5486464006638263 off 0.4444262789469316 __DUMMY__ 0.006927320389242185	false	0.5
löschen	neg 1.0		neg 0.5552576872500884 off 0.43775050646170394 __DUMMY__ 0.006991806288207651	false	1.0
durchfallen	neg 1.0		neg 0.5591880626698805 off 0.433838646000877 __DUMMY__ 0.006973291329242351	false	1.0
wichser	off 1.0		neg 0.5380942057816694 off 0.4550114482434739 __DUMMY__ 0.006894345974856682	false	0.5
terror	neg 1.0		neg 0.5511983705433576 off 0.4418087132288882 __DUMMY__ 0.006992916227754093	false	1.0
krass	neg 1.0		neg 0.545374034748683 off 0.4476985332670022 __DUMMY__ 0.006927431984314926	false	1.0
revolte	neg 1.0	neg 1.0	neg 0.7645942319488228 off 0.2321072668027945 __DUMMY__ 0.0032985012483826973	false	1.0
besorgt	neg 1.0		neg 0.5547266645607257 off 0.4382249463324364 __DUMMY__ 0.007048389106837841	false	1.0
nachlassen	neg 1.0		neg 0.5594827330738023 off 0.43350246702111606 __DUMMY__ 0.007014799905081653	false	1.0
alt	neg 1.0		neg 0.5581231887361993 off 0.4348652805836329 __DUMMY__ 0.007011530680167876	false	1.0
hundesohn	off 1.0		neg 0.5423137103172238 off 0.4508243069744646 __DUMMY__ 0.006861982708311546	false	0.5
als			neg 0.5554073430919055 off 0.4375627075584756 __DUMMY__ 0.007029949349618795	false	0.0
abschreckung	neg 1.0		neg 0.5628396928526983 off 0.4301554446483276 __DUMMY__ 0.007004862498974222	false	1.0
unqualifiziert	neg 1.0		neg 0.5540057733869197 off 0.43906793487760293 __DUMMY__ 0.0069262917354773615	false	1.0
abgewichst	off 1.0		neg 0.5567291514735463 off 0.43626517460298514 __DUMMY__ 0.007005673923468527	false	0.5
schwer	neg 1.0		neg 0.5543984968820415 off 0.4385970474189549 __DUMMY__ 0.007004455699003559	false	1.0
bedeutungslosigkeit	neg 1.0		neg 0.5616746378417332 off 0.4313231619140649 __DUMMY__ 0.0070022002442020025	false	1.0
kapitulation	neg 1.0		neg 0.563008780721718 off 0.43004613186117546 __DUMMY__ 0.006945087417106443	false	1.0
unscharf	neg 1.0		neg 0.5524039498994917 off 0.44062128311906157 __DUMMY__ 0.0069747669814466465	false	1.0
schwinden	neg 1.0		neg 0.56140578781288 off 0.4315849318828742 __DUMMY__ 0.007009280304245845	false	1.0
versklavung	neg 1.0		neg 0.5584013520070298 off 0.4346877632686871 __DUMMY__ 0.006910884724283111	false	1.0
schlecht	neg 1.0		neg 0.5469829235086084 off 0.4460347031283838 __DUMMY__ 0.0069823733630077775	false	1.0
verhasst	neg 1.0		neg 0.5542077599118429 off 0.4388133879709765 __DUMMY__ 0.0069788521171805	false	1.0
beschweren	neg 1.0		neg 0.5524076700075717 off 0.4406020057418443 __DUMMY__ 0.006990324250583984	false	1.0
scheiden	neg 1.0		neg 0.5494991201440347 off 0.44342080936863565 __DUMMY__ 0.007080070487329736	false	1.0
frustriert	neg 1.0		neg 0.5557204638559182 off 0.437272393232255 __DUMMY__ 0.007007142911826846	false	1.0
schimmelig	neg 1.0		neg 0.5588050514309648 off 0.4341791174281706 __DUMMY__ 0.007015831140864412	false	1.0
fisch	neg 1.0		neg 0.557214996716134 off 0.4357097143668842 __DUMMY__ 0.007075288916981735	false	1.0
schmuggel	neg 1.0		neg 0.5591972818351137 off 0.43375427178502796 __DUMMY__ 0.007048446379858252	false	1.0
auffallen	neg 1.0		neg 0.5515851914590941 off 0.44142705489915673 __DUMMY__ 0.0069877536417492685	false	1.0
konkurrenz	neg 1.0	neg 1.0	neg 0.7676198160873785 off 0.22902646415963032 __DUMMY__ 0.0033537197529911484	false	1.0
teufelskreis	neg 1.0	neg 1.0	neg 0.7652086123968418 off 0.23146984543548083 __DUMMY__ 0.003321542167677416	false	1.0
aufschreien	neg 1.0		neg 0.5528395013590253 off 0.44019207365470214 __DUMMY__ 0.0069684249862725384	false	1.0
schuldner	neg 1.0		neg 0.5613027655683774 off 0.4316911289264354 __DUMMY__ 0.007006105505187087	false	1.0
missgeburt	off 1.0	off 1.0	off 0.7076224052442257 neg 0.289099588785096 __DUMMY__ 0.0032780059706783325	false	1.0
arbeitslos	neg 1.0		neg 0.5586934834870421 off 0.4343298739326425 __DUMMY__ 0.0069766425803154865	false	1.0
befallen	neg 1.0		neg 0.5591053644818171 off 0.43393276523997776 __DUMMY__ 0.006961870278205216	false	1.0
miesepetrig	off 1.0	off 1.0	off 0.7064400572555855 neg 0.2902394939774226 __DUMMY__ 0.0033204487669919944	false	1.0
alarmieren	neg 1.0		neg 0.5530572062712629 off 0.4400236785114424 __DUMMY__ 0.0069191152172947065	false	1.0
ungeduscht	off 1.0		neg 0.5495105339459628 off 0.4434950455408567 __DUMMY__ 0.006994420513180514	false	0.5
knappheit	neg 1.0		neg 0.5617357541597487 off 0.4313008812526077 __DUMMY__ 0.0069633645876437085	false	1.0
schlange	neg 1.0		neg 0.5498570095418563 off 0.4431049058685507 __DUMMY__ 0.007038084589592972	false	1.0
harsch	neg 1.0		neg 0.5429298826257852 off 0.45010946622035913 __DUMMY__ 0.006960651153855742	false	1.0
lang	neg 1.0		neg 0.554603502113842 off 0.43840375786511426 __DUMMY__ 0.006992740021043649	false	1.0
ziellos	neg 1.0		neg 0.5558914941641598 off 0.4370713720918995 __DUMMY__ 0.007037133743940677	false	1.0
selbstverliebt	neg 1.0		neg 0.5393944726050954 off 0.45375595486369047 __DUMMY__ 0.006849572531214113	false	1.0
beseitigen	neg 1.0	neg 1.0	neg 0.7641009730705226 off 0.23255199418415676 __DUMMY__ 0.0033470327453206904	false	1.0
dumm	off 1.0		neg 0.5424953973565994 off 0.4505969246949185 __DUMMY__ 0.006907677948482244	false	0.5
arbeitsloser	neg 1.0		neg 0.5580461441532987 off 0.4349430098133111 __DUMMY__ 0.007010846033390245	false	1.0
blitzen	neg 1.0		neg 0.5521015889162427 off 0.4409314401456677 __DUMMY__ 0.0069669709380895915	false	1.0
hilflos	neg 1.0		neg 0.5561624674458961 off 0.4368271565612678 __DUMMY__ 0.007010375992836156	false	1.0
eklig	off 1.0		neg 0.5418271441671204 off 0.45126920605453585 __DUMMY__ 0.006903649778343821	false	0.5
begriff			neg 0.5574722761871052 off 0.4355504282701932 __DUMMY__ 0.006977295542701715	false	0.0
hungersnot	neg 1.0		neg 0.558380603234334 off 0.43463957333410136 __DUMMY__ 0.006979823431564511	false	1.0
ungesetzlich	neg 1.0		neg 0.5576855629861697 off 0.43541738730812035 __DUMMY__ 0.006897049705709942	false	1.0
verschwendung	neg 1.0		neg 0.5598044340462393 off 0.43318608438520895 __DUMMY__ 0.007009481568551727	false	1.0
schmerzvoll	neg 1.0		neg 0.5522839078652991 off 0.4407224913823482 __DUMMY__ 0.00699360075235272	false	1.0
vorzeitig	neg 1.0		neg 0.5506071137516019 off 0.44239875429463 __DUMMY__ 0.0069941319537680895	false	1.0
unvollkommenheit	neg 1.0		neg 0.5555214735281643 off 0.4374345614929321 __DUMMY__ 0.007043964978903651	false	1.0
intervenieren	neg 1.0		neg 0.5629530998291328 off 0.43008384464544563 __DUMMY__ 0.006963055525421568	false	1.0
banause	off 1.0		neg 0.5409795250412477 off 0.4521518734135825 __DUMMY__ 0.00686860154516975	false	0.5
rebell	neg 1.0		neg 0.5639584862788063 off 0.4290247315540315 __DUMMY__ 0.00701678216716227	false	1.0
unlogisch	neg 1.0		neg 0.546045491322128 off 0.44701852753931737 __DUMMY__ 0.006935981138554793	false	1.0
leiden	neg 1.0		neg 0.5546119612371189 off 0.4382758778792197 __DUMMY__ 0.0071121608836614775	false	1.0
abschaffung	neg 1.0		neg 0.5576546670694681 off 0.43541048722041115 __DUMMY__ 0.0069348457101207255	false	1.0
sturz	neg 1.0		neg 0.5548817833599564 off 0.4381200754251863 __DUMMY__ 0.006998141214857359	false	1.0
verkleinerung	neg 1.0		neg 0.5563328158593991 off 0.4367715180302908 __DUMMY__ 0.006895666110309969	false	1.0
schmarotzer	off 1.0		neg 0.5593379603059271 off 0.4336938269434089 __DUMMY__ 0.006968212750663959	false	0.5
bestrafung	neg 1.0		neg 0.5536060647031275 off 0.43941136129209585 __DUMMY__ 0.006982574004776796	false	1.0
achtlos	neg 1.0		neg 0.5532424250897 off 0.43973113010562237 __DUMMY__ 0.00702644480467754	false	1.0
