unsolidarisch	neg 1.0		__DUMMY__ 0.8706129381717527 neg 0.07524590953374705 off 0.054141152294500366	false	1.0
nachteilig	neg 1.0		__DUMMY__ 0.877419900687764 neg 0.07228347375858038 off 0.050296625553655605	false	1.0
skeptisch	neg 1.0		__DUMMY__ 0.8787102726865783 neg 0.07155255012081463 off 0.049737177192607056	false	1.0
schrecklich	neg 1.0		__DUMMY__ 0.8745836172539837 neg 0.06281668244508325 off 0.06259970030093298	false	1.0
schlapp	neg 1.0	neg 1.0	neg 0.5184344098039194 __DUMMY__ 0.43741980015191984 off 0.04414579004416074	false	1.0
abfall	neg 1.0		__DUMMY__ 0.8803908675592489 neg 0.0723234134069188 off 0.04728571903383225	false	1.0
widerspenstig	neg 1.0		__DUMMY__ 0.8787646999179606 neg 0.06743465045319914 off 0.053800649628840215	false	1.0
abrupt	neg 1.0		__DUMMY__ 0.8837956007617757 neg 0.06641943347652221 off 0.049784965761702195	false	1.0
unwirksam	neg 1.0		__DUMMY__ 0.8723568343812439 neg 0.07390440039017447 off 0.05373876522858167	false	1.0
angreifen	neg 1.0	neg 1.0	neg 0.5242134685882054 __DUMMY__ 0.43783788828539444 off 0.037948643126400214	false	1.0
inkonsistent	neg 1.0		__DUMMY__ 0.8767730195343149 neg 0.0687957267854386 off 0.054431253680246594	false	1.0
abrutschen	neg 1.0		__DUMMY__ 0.8805624562766603 neg 0.07180907752668403 off 0.04762846619665562	false	1.0
unsicher	neg 1.0		__DUMMY__ 0.878939659526823 neg 0.06687270946316601 off 0.054187631010011	false	1.0
bauernkind	off 1.0	off 1.0	off 0.5170383546954942 __DUMMY__ 0.4309674308186165 neg 0.05199421448588925	false	1.0
angreifer	neg 1.0		__DUMMY__ 0.8789918141911583 neg 0.06578177419701076 off 0.05522641161183091	false	1.0
trennen	neg 1.0		__DUMMY__ 0.885140726310073 neg 0.06452271206570473 off 0.05033656162422232	false	1.0
schmutz	neg 1.0		__DUMMY__ 0.8807165019392146 neg 0.06420837434081295 off 0.05507512371997247	false	1.0
inkonsistenz	neg 1.0		__DUMMY__ 0.872869037110162 neg 0.06924332374029439 off 0.0578876391495437	false	1.0
erschreckend	neg 1.0		__DUMMY__ 0.877461658545835 neg 0.06926671558698298 off 0.053271625867182044	false	1.0
ertrinken	neg 1.0		__DUMMY__ 0.880911036016704 neg 0.06811979607189579 off 0.05096916791140034	false	1.0
pickelface	off 1.0		__DUMMY__ 0.8770785831306694 neg 0.0707542872682384 off 0.052167129601092085	false	0.5
seiner			__DUMMY__ 0.8810793983227094 neg 0.06882500206062629 off 0.050095599616664245	false	0.0
lauch	neg 1.0		__DUMMY__ 0.8777392411570877 neg 0.07485650390458025 off 0.047404254938332134	false	1.0
unwichtig	neg 1.0		__DUMMY__ 0.8749453504357676 neg 0.06664797696760494 off 0.05840667259662747	false	1.0
steuerhinterziehung	neg 1.0		__DUMMY__ 0.8740684699476886 neg 0.07335931441493318 off 0.0525722156373782	false	1.0
schock	neg 1.0		__DUMMY__ 0.8819461448711149 neg 0.06481604807988064 off 0.05323780704900442	false	1.0
beule	neg 1.0		__DUMMY__ 0.8773531854223262 neg 0.06426187991883923 off 0.05838493465883454	false	1.0
vergelten	neg 1.0		__DUMMY__ 0.8775925900119842 off 0.06141574166753568 neg 0.06099166832048011	false	0.5
verdorbenheit	neg 1.0		__DUMMY__ 0.8788507332921205 neg 0.06800684803845007 off 0.053142418669429446	false	1.0
trauma	neg 1.0		__DUMMY__ 0.876971940958034 neg 0.06809542345129928 off 0.05493263559066681	false	1.0
sinnlos	neg 1.0		__DUMMY__ 0.8779593993903335 neg 0.06583377652523133 off 0.05620682408443522	false	1.0
fettsack	off 1.0	off 1.0	off 0.5183233255182919 __DUMMY__ 0.4324847457935474 neg 0.049191928688160816	false	1.0
feige	off 1.0	off 1.0	off 0.5148462681148714 __DUMMY__ 0.4336615584889197 neg 0.051492173396208825	false	1.0
abdanken	neg 1.0		__DUMMY__ 0.8751503839702174 neg 0.07130823157352241 off 0.05354138445626026	false	1.0
wichtigtuer	off 1.0	off 1.0	off 0.5127998820559451 __DUMMY__ 0.43548990513238983 neg 0.05171021281166512	false	1.0
misslingen	neg 1.0		__DUMMY__ 0.8838909681298613 neg 0.06150267236185836 off 0.05460635950828034	false	1.0
untreu	off 1.0		__DUMMY__ 0.8740616325851482 neg 0.06647578321175844 off 0.0594625842030934	false	0.5
missmutig	neg 1.0		__DUMMY__ 0.8770178320987133 neg 0.06464642173204424 off 0.0583357461692424	false	1.0
hurenbock	off 1.0		__DUMMY__ 0.8792198759351803 neg 0.06586507170499378 off 0.05491505235982589	false	0.5
betrunken	neg 1.0		__DUMMY__ 0.8777314922597368 neg 0.06174556667647564 off 0.06052294106378752	false	1.0
korrupt	off 1.0		__DUMMY__ 0.8727243536051369 neg 0.07514860179135462 off 0.052127044603508504	false	0.5
unmut	neg 1.0		__DUMMY__ 0.8795724492390333 neg 0.07287566473726255 off 0.04755188602370411	false	1.0
hackfresse	off 1.0		__DUMMY__ 0.870889011123503 off 0.06562956546026871 neg 0.06348142341622828	false	1.0
aufblasen	neg 1.0		__DUMMY__ 0.879716248574572 neg 0.06515480945443079 off 0.05512894197099719	false	1.0
gewaltsam	neg 1.0		__DUMMY__ 0.8777388921965039 neg 0.06905533534567475 off 0.05320577245782134	false	1.0
unbeliebtheit	neg 1.0		__DUMMY__ 0.868645284171134 neg 0.07331007970077147 off 0.058044636128094546	false	1.0
sturheit	neg 1.0		__DUMMY__ 0.8770633038418105 neg 0.06956928237385887 off 0.05336741378433058	false	1.0
kuh	neg 1.0		__DUMMY__ 0.8744018383033503 neg 0.07160763085847037 off 0.05399053083817933	false	1.0
erschrecken	neg 1.0		__DUMMY__ 0.8775863074699092 neg 0.06467518064408777 off 0.05773851188600314	false	1.0
opfer	neg 1.0		__DUMMY__ 0.8798697851719787 neg 0.06896456900056686 off 0.05116564582745447	false	1.0
sinken	neg 1.0		__DUMMY__ 0.8816126491960053 neg 0.07048917890221706 off 0.04789817190177771	false	1.0
stinktier	neg 1.0		__DUMMY__ 0.8710164372717574 neg 0.06603658611983472 off 0.06294697660840788	false	1.0
tucke	off 1.0		__DUMMY__ 0.8662647945785478 neg 0.06784603727073837 off 0.06588916815071386	false	0.5
ein			__DUMMY__ 0.8805204802795611 neg 0.06500361405996738 off 0.05447590566047166	false	0.0
abstieg	neg 1.0		__DUMMY__ 0.8820910333965354 neg 0.06761596557230927 off 0.050293001031155304	false	1.0
missverstehen	neg 1.0		__DUMMY__ 0.8747081524655368 neg 0.06881052596053072 off 0.05648132157393255	false	1.0
ergebnislos	neg 1.0		__DUMMY__ 0.8792337525543424 neg 0.07051644939094963 off 0.05024979805470786	false	1.0
unter			__DUMMY__ 0.8885021507511969 neg 0.06801976418117654 off 0.04347808506762661	false	0.0
manipulieren	neg 1.0		__DUMMY__ 0.8792081252667531 neg 0.07092492715969696 off 0.04986694757354998	false	1.0
unbewiesen	neg 1.0		__DUMMY__ 0.8697544670003583 neg 0.07582152824459835 off 0.05442400475504326	false	1.0
verschleppen	neg 1.0		__DUMMY__ 0.8778778546832205 neg 0.07040171721612697 off 0.051720428100652596	false	1.0
weib	off 1.0		__DUMMY__ 0.870082755002745 off 0.06556967291685774 neg 0.06434757208039729	false	1.0
opposition	neg 1.0		__DUMMY__ 0.8741838099110633 neg 0.07045107567843653 off 0.055365114410500266	false	1.0
verkehrswidrig	neg 1.0	neg 1.0	neg 0.5112600334332231 __DUMMY__ 0.44228815867138954 off 0.04645180789538735	false	1.0
inkorrekt	neg 1.0		__DUMMY__ 0.8696635106282922 neg 0.06966173487982652 off 0.06067475449188128	false	1.0
vermeiden	neg 1.0		__DUMMY__ 0.8845385227256619 neg 0.07004129905484302 off 0.045420178219495136	false	1.0
abweichung	neg 1.0	neg 1.0	neg 0.5227197200305781 __DUMMY__ 0.4389303426542254 off 0.038349937315196495	false	1.0
alkoholisiert	neg 1.0		__DUMMY__ 0.889402157934957 neg 0.06138967505895605 off 0.049208167006086836	false	1.0
scheiss	off 1.0	off 1.0	off 0.514463440483005 __DUMMY__ 0.4362555425451734 neg 0.04928101697182165	false	1.0
herausforderung	neg 1.0	neg 1.0	neg 0.517546076935188 __DUMMY__ 0.44473986941789223 off 0.03771405364691998	false	1.0
pervers	off 1.0		__DUMMY__ 0.8692933446997472 off 0.06842143856285608 neg 0.062285216737396676	false	1.0
wackelig	neg 1.0		__DUMMY__ 0.8844190123503126 neg 0.06397972304810266 off 0.05160126460158471	false	1.0
verwickeln	neg 1.0		__DUMMY__ 0.8752151654404727 neg 0.06834715801228264 off 0.05643767654724465	false	1.0
vorwand	neg 1.0		__DUMMY__ 0.879254790045124 neg 0.07162419795741577 off 0.04912101199746026	false	1.0
muschi	off 1.0		__DUMMY__ 0.8776626486193758 neg 0.06968840664372171 off 0.05264894473690251	false	0.5
entmutigung	neg 1.0		__DUMMY__ 0.8729954731971883 neg 0.07147712739228888 off 0.05552739941052293	false	1.0
unangemessen	neg 1.0		__DUMMY__ 0.8762763507434199 neg 0.07117322072782302 off 0.05255042852875708	false	1.0
unstetig	neg 1.0		__DUMMY__ 0.8773635967546376 neg 0.06819486737020161 off 0.05444153587516083	false	1.0
entmutigen	neg 1.0		__DUMMY__ 0.8783852249942137 neg 0.06629319747253128 off 0.05532157753325503	false	1.0
schwanz	neg 1.0		__DUMMY__ 0.8795433662284868 neg 0.07080239837006888 off 0.04965423540144428	false	1.0
verbot	neg 1.0		__DUMMY__ 0.8745757104519545 neg 0.07359090260218314 off 0.051833386945862356	false	1.0
leid	neg 1.0		__DUMMY__ 0.8736715606458217 off 0.06349610235753998 neg 0.06283233699663832	false	0.5
archaisch	neg 1.0		__DUMMY__ 0.8786646935144126 neg 0.06906878205871592 off 0.0522665244268715	false	1.0
gegen			__DUMMY__ 0.8816802380962673 neg 0.06966705049922949 off 0.048652711404503265	false	0.0
scheidung	neg 1.0		__DUMMY__ 0.8696738981322923 off 0.07171448448307442 neg 0.05861161738463325	false	0.5
einschlag	neg 1.0	neg 1.0	neg 0.5172493033743374 __DUMMY__ 0.4363701110265158 off 0.04638058559914678	false	1.0
m			__DUMMY__ 0.880356064913159 neg 0.06770321974433094 off 0.05194071534251004	false	0.0
abgestanden	neg 1.0		__DUMMY__ 0.8780224328251297 neg 0.06805560539414944 off 0.05392196178072087	false	1.0
schmierig	off 1.0		__DUMMY__ 0.8739113610129083 off 0.06307434736940214 neg 0.06301429161768966	false	1.0
unpraktisch	neg 1.0		__DUMMY__ 0.8806563766549254 neg 0.0647030923960418 off 0.05464053094903286	false	1.0
wixxer	off 1.0		__DUMMY__ 0.8681392452098309 off 0.06820557303364805 neg 0.06365518175652098	false	1.0
bezeichnet			__DUMMY__ 0.8767723904769027 neg 0.0694380389628917 off 0.05378957056020557	false	0.0
jammerlappen	off 1.0		__DUMMY__ 0.8751910997634285 neg 0.06627056857590569 off 0.05853833166066587	false	0.5
farce	neg 1.0		__DUMMY__ 0.8738917792239288 neg 0.0736035780239414 off 0.052504642752129786	false	1.0
zwecklos	neg 1.0		__DUMMY__ 0.8771419375140597 neg 0.07037462306801394 off 0.052483439417926374	false	1.0
turbulent	neg 1.0		__DUMMY__ 0.8738651602087888 neg 0.06740803035896639 off 0.058726809432244856	false	1.0
invasion	neg 1.0		__DUMMY__ 0.877811380961834 neg 0.06596351584194693 off 0.05622510319621907	false	1.0
schuld	neg 1.0		__DUMMY__ 0.8774022133183134 neg 0.06759654343092339 off 0.05500124325076335	false	1.0
risiko	neg 1.0		__DUMMY__ 0.8801463000723349 neg 0.06561502499111434 off 0.054238674936550754	false	1.0
finster	neg 1.0		__DUMMY__ 0.8795838203455412 neg 0.06603227412333597 off 0.05438390553112278	false	1.0
geisteskrank	off 1.0		__DUMMY__ 0.8726419885474781 neg 0.06722788097834827 off 0.06013013047417357	false	0.5
zusammenbrechen	neg 1.0		__DUMMY__ 0.8800535603523345 neg 0.067066318922995 off 0.052880120724670514	false	1.0
ausbeute	neg 1.0		__DUMMY__ 0.8853843153365216 neg 0.06512633852052688 off 0.049489346142951605	false	1.0
hinterhalt	neg 1.0		__DUMMY__ 0.8812228962758285 neg 0.06670677014509736 off 0.05207033357907422	false	1.0
kritik	neg 1.0		__DUMMY__ 0.8744194916589653 neg 0.073197651117151 off 0.052382857223883715	false	1.0
einschrumpfen	neg 1.0		__DUMMY__ 0.8717655434946403 neg 0.07153379431735715 off 0.05670066218800245	false	1.0
riskant	neg 1.0		__DUMMY__ 0.8777126056334111 neg 0.0713412674313229 off 0.05094612693526599	false	1.0
frustrieren	neg 1.0		__DUMMY__ 0.8790853444073535 neg 0.06982022624617579 off 0.05109442934647057	false	1.0
groll	neg 1.0		__DUMMY__ 0.8789309184052291 neg 0.06882221545573772 off 0.05224686613903326	false	1.0
gibt			__DUMMY__ 0.8788074048958177 neg 0.06856388213822082 off 0.05262871296596147	false	0.0
qualvoll	neg 1.0		__DUMMY__ 0.8789272661022359 neg 0.06409982422922937 off 0.05697290966853464	false	1.0
wackeln	neg 1.0	neg 1.0	neg 0.518378729846367 __DUMMY__ 0.4402585772207916 off 0.04136269293284149	false	1.0
klagen	neg 1.0		__DUMMY__ 0.8801629170587416 neg 0.07186408414495182 off 0.04797299879630658	false	1.0
bankrott	neg 1.0		__DUMMY__ 0.876860872226434 neg 0.06578221506431778 off 0.0573569127092482	false	1.0
trauern	neg 1.0		__DUMMY__ 0.8820713627104765 neg 0.06699959833148841 off 0.050929038958034994	false	1.0
ablehnung	neg 1.0		__DUMMY__ 0.8741104967325782 neg 0.07342538542546136 off 0.05246411784196034	false	1.0
stur	neg 1.0		__DUMMY__ 0.8765889765135598 neg 0.067889552428404 off 0.05552147105803612	false	1.0
aufruhr	neg 1.0		__DUMMY__ 0.8775302479968051 neg 0.06926483086137604 off 0.05320492114181882	false	1.0
melancholie	neg 1.0		__DUMMY__ 0.8814998345387004 neg 0.06701065857727502 off 0.05148950688402459	false	1.0
ist			__DUMMY__ 0.8776634574816891 neg 0.06665161762046486 off 0.05568492489784608	false	0.0
torheit	neg 1.0		__DUMMY__ 0.8750025357779786 neg 0.07007565956538406 off 0.054921804656637443	false	1.0
dreckskind	off 1.0		__DUMMY__ 0.8700543158917495 neg 0.06570693048182692 off 0.06423875362642364	false	0.5
umtauschen	neg 1.0		__DUMMY__ 0.8796655078642283 neg 0.06714047397879767 off 0.053194018156974054	false	1.0
zum			__DUMMY__ 0.8903113880512274 neg 0.06416556685884685 off 0.04552304508992566	false	0.0
zersetzen	neg 1.0		__DUMMY__ 0.8773549202996933 neg 0.07292079295472009 off 0.04972428674558657	false	1.0
zur			__DUMMY__ 0.8843929108710086 neg 0.07049802748156993 off 0.045109061647421525	false	0.0
frust	neg 1.0		__DUMMY__ 0.8800847511544918 neg 0.06712252749427088 off 0.0527927213512374	false	1.0
unerbittlichkeit	neg 1.0		__DUMMY__ 0.8782684145299249 neg 0.0718871301508766 off 0.04984445531919858	false	1.0
zwei			__DUMMY__ 0.8875912717322593 neg 0.06497404388671837 off 0.047434684381022406	false	0.0
unkorrekt	neg 1.0		__DUMMY__ 0.8707632348094169 neg 0.0681422370708202 off 0.06109452811976297	false	1.0
hexe	off 1.0		__DUMMY__ 0.8759556501217783 neg 0.06526229353300848 off 0.05878205634521318	false	0.5
lasch	neg 1.0		__DUMMY__ 0.8739649525486434 neg 0.06849094066670454 off 0.05754410678465208	false	1.0
rivale	neg 1.0		__DUMMY__ 0.8764936248686258 neg 0.06272562634877141 off 0.06078074878260282	false	1.0
mutlos	off 1.0	off 1.0	off 0.5086855113854428 __DUMMY__ 0.4362711135263149 neg 0.05504337508824241	false	1.0
wirr	off 1.0		__DUMMY__ 0.8711787364039426 neg 0.06758988760682294 off 0.061231375989234435	false	0.5
jahr			__DUMMY__ 0.8873983017741154 neg 0.06361741388084804 off 0.04898428434503656	false	0.0
wird			__DUMMY__ 0.8803182118232815 neg 0.06837884695434801 off 0.051302941222370495	false	0.0
strafbar	neg 1.0		__DUMMY__ 0.8772117435350124 neg 0.07167642943468422 off 0.05111182703030337	false	1.0
erosion	neg 1.0		__DUMMY__ 0.8795037682168234 neg 0.066039327600428 off 0.05445690418274858	false	1.0
eingehen	neg 1.0		__DUMMY__ 0.876806017745819 neg 0.07129374946602647 off 0.051900232788154435	false	1.0
faul	off 1.0		__DUMMY__ 0.8776840043635716 neg 0.06484791765950862 off 0.05746807797691969	false	0.5
provisorium	neg 1.0		__DUMMY__ 0.8858578835987813 neg 0.07105573617759373 off 0.043086380223625036	false	1.0
schmerzen	neg 1.0		__DUMMY__ 0.8791668499263958 neg 0.06728828920660988 off 0.05354486086699432	false	1.0
schrumpfen	neg 1.0		__DUMMY__ 0.8816325690560475 neg 0.07282617503965265 off 0.04554125590429987	false	1.0
geistlos	off 1.0		__DUMMY__ 0.8708791686972605 neg 0.07248118101814567 off 0.056639650284593876	false	0.5
fehlkauf	neg 1.0		__DUMMY__ 0.8758749094030192 neg 0.06852915691128285 off 0.055595933685698054	false	1.0
frustrierend	neg 1.0		__DUMMY__ 0.8783648361094227 neg 0.0639642522949499 off 0.05767091159562734	false	1.0
unzufrieden	neg 1.0		__DUMMY__ 0.8772755567557037 neg 0.0703376752761644 off 0.0523867679681319	false	1.0
verzweifeln	neg 1.0		__DUMMY__ 0.8788090255496785 neg 0.06743100206907125 off 0.05375997238125025	false	1.0
verzweifelt	neg 1.0		__DUMMY__ 0.8764698768290936 neg 0.06797996449105238 off 0.05555015867985396	false	1.0
misstrauensantrag	neg 1.0		__DUMMY__ 0.8748278326932601 neg 0.06925653518770278 off 0.05591563211903696	false	1.0
abfallen	neg 1.0		__DUMMY__ 0.8812287909952162 neg 0.06385675580814287 off 0.05491445319664087	false	1.0
fucker	off 1.0		__DUMMY__ 0.8728826213930067 neg 0.0665983416759207 off 0.060519036931072745	false	0.5
ungezogen	neg 1.0		__DUMMY__ 0.8718833236141317 off 0.06687225156166766 neg 0.06124442482420075	false	0.5
irrsinnig	neg 1.0	neg 1.0	neg 0.5219985595959173 __DUMMY__ 0.43613397151504346 off 0.041867468889039146	false	1.0
unfassbar	neg 1.0		__DUMMY__ 0.8754723486448109 neg 0.06536684537533652 off 0.059160805979852536	false	1.0
hart	neg 1.0		__DUMMY__ 0.8750399817432394 neg 0.06808516023014717 off 0.05687485802661351	false	1.0
widerlich	off 1.0		__DUMMY__ 0.8726862338766526 neg 0.06732510690140873 off 0.059988659221938655	false	0.5
fatal	neg 1.0		__DUMMY__ 0.8759322978383736 neg 0.06814531180188155 off 0.05592239035974492	false	1.0
bruch	neg 1.0		__DUMMY__ 0.8790901770732895 neg 0.07274866825724724 off 0.04816115466946333	false	1.0
aushungern	neg 1.0		__DUMMY__ 0.8748472736258118 neg 0.07178344410041528 off 0.053369282273772904	false	1.0
anspannung	neg 1.0	neg 1.0	neg 0.5191944058738167 __DUMMY__ 0.44601861773282553 off 0.034786976393357746	false	1.0
von			__DUMMY__ 0.8861404131694339 neg 0.06548391474713938 off 0.048375672083426725	false	0.0
kraftlos	neg 1.0		__DUMMY__ 0.8821882894488531 neg 0.06567480973012872 off 0.05213690082101819	false	1.0
vom			__DUMMY__ 0.8898338244957807 neg 0.06654918601866046 off 0.04361698948555872	false	0.0
grenzdebil	off 1.0		__DUMMY__ 0.875259330004736 neg 0.06475137959038697 off 0.05998929040487698	false	0.5
vor			__DUMMY__ 0.8816445386889297 neg 0.0692818119744276 off 0.04907364933664268	false	0.0
unterwerfen	neg 1.0		__DUMMY__ 0.879609225126506 neg 0.06949464832528678 off 0.050896126548207375	false	1.0
versenkung	neg 1.0		__DUMMY__ 0.8788722304810281 neg 0.07042291262131883 off 0.05070485689765298	false	1.0
entziehen	neg 1.0		__DUMMY__ 0.8800414165587896 neg 0.07141548349631795 off 0.04854309994489239	false	1.0
finanzkrise	neg 1.0		__DUMMY__ 0.8729850076680891 neg 0.07392251861493584 off 0.05309247371697506	false	1.0
schimpfend	neg 1.0		__DUMMY__ 0.8825703714645049 neg 0.06284957358382551 off 0.054580054951669676	false	1.0
profan	neg 1.0		__DUMMY__ 0.8764925398132285 neg 0.06687834514757575 off 0.05662911503919584	false	1.0
korruption	neg 1.0	neg 1.0	neg 0.5260042480723168 __DUMMY__ 0.4347900387204166 off 0.03920571320726653	false	1.0
â			__DUMMY__ 0.8799619214724019 neg 0.06906773576184065 off 0.050970342765757404	false	0.0
schmutzig	neg 1.0		__DUMMY__ 0.8759852818939475 neg 0.06458013260002718 off 0.059434585506025255	false	1.0
sexy	neg 1.0		__DUMMY__ 0.8764327902945919 neg 0.06636037556908522 off 0.05720683413632301	false	1.0
abraten	neg 1.0		__DUMMY__ 0.8771473485298393 neg 0.06718391160761976 off 0.05566873986254092	false	1.0
schwarz	neg 1.0		__DUMMY__ 0.8763504249153675 neg 0.06828216577609152 off 0.05536740930854095	false	1.0
fotze	off 1.0		__DUMMY__ 0.8780699192284156 neg 0.07124446101519441 off 0.05068561975639005	false	0.5
verwirren	neg 1.0		__DUMMY__ 0.8767011197692831 neg 0.06640629675205668 off 0.05689258347866023	false	1.0
zahnlos	off 1.0		__DUMMY__ 0.8767624643559762 neg 0.07083001626886816 off 0.05240751937515568	false	0.5
verheeren	neg 1.0		__DUMMY__ 0.8711681156910007 off 0.06786601269648743 neg 0.0609658716125118	false	0.5
hippie	neg 1.0		__DUMMY__ 0.8757883536361658 neg 0.06739468326390416 off 0.05681696309993003	false	1.0
rammen	neg 1.0		__DUMMY__ 0.8758747719119444 neg 0.06989120750372699 off 0.05423402058432856	false	1.0
unlauter	neg 1.0		__DUMMY__ 0.8722211239178026 neg 0.07324110837136937 off 0.054537767710828085	false	1.0
unheilvoll	neg 1.0		__DUMMY__ 0.8803389731984912 neg 0.06379240202730597 off 0.05586862477420284	false	1.0
niedrig	neg 1.0		__DUMMY__ 0.8793954260865936 neg 0.0708930193095199 off 0.049711554603886425	false	1.0
explosion	neg 1.0		__DUMMY__ 0.8757382929849401 neg 0.06803604049815923 off 0.056225666516900676	false	1.0
weichei	off 1.0		__DUMMY__ 0.8708894697504179 neg 0.06490191129283619 off 0.06420861895674591	false	0.5
minusmensch	off 1.0		__DUMMY__ 0.8641122645933446 neg 0.06797212575265495 off 0.06791560965400047	false	0.5
farblos	neg 1.0		__DUMMY__ 0.8839463952434873 neg 0.06346187209115756 off 0.05259173266535509	false	1.0
unwissend	neg 1.0	neg 1.0	neg 0.5201432196279469 __DUMMY__ 0.43516734771952015 off 0.04468943265253305	false	1.0
traurig	neg 1.0		__DUMMY__ 0.8754054804186058 neg 0.06289890075499194 off 0.061695618826402385	false	1.0
senkung	neg 1.0		__DUMMY__ 0.8735355383133034 neg 0.07008900818902801 off 0.05637545349766857	false	1.0
ungleich	neg 1.0	neg 1.0	neg 0.525187807329101 __DUMMY__ 0.4364596468457096 off 0.03835254582518955	false	1.0
heikel	neg 1.0		__DUMMY__ 0.878032343966939 neg 0.07210804886389931 off 0.04985960716916169	false	1.0
drosselung	neg 1.0		__DUMMY__ 0.8755607019433226 neg 0.06509432851768338 off 0.05934496953899396	false	1.0
falsch	neg 1.0		__DUMMY__ 0.8763899074220198 neg 0.06577215431160158 off 0.05783793826637873	false	1.0
unzufriedenheit	neg 1.0		__DUMMY__ 0.8790842856863625 neg 0.07147691667907208 off 0.04943879763456534	false	1.0
kurz	neg 1.0		__DUMMY__ 0.8825581266653001 neg 0.06497001636707406 off 0.05247185696762577	false	1.0
unsinnig	neg 1.0		__DUMMY__ 0.8756126904756498 neg 0.07158267159654914 off 0.05280463792780097	false	1.0
penner	off 1.0	off 1.0	off 0.5201768248346934 __DUMMY__ 0.4319958999427728 neg 0.04782727522253376	false	1.0
seicht	neg 1.0		__DUMMY__ 0.8679146956562198 off 0.06702479159775404 neg 0.06506051274602619	false	0.5
dummheit	off 1.0	off 1.0	off 0.5130132445836759 __DUMMY__ 0.43461164419481435 neg 0.05237511122150973	false	1.0
unerfreulich	neg 1.0		__DUMMY__ 0.8804987813428916 neg 0.07060026785931599 off 0.04890095079779238	false	1.0
motherfucker	off 1.0	off 1.0	off 0.515945967839115 __DUMMY__ 0.43294086948934196 neg 0.051113162671543026	false	1.0
pikiert	neg 1.0		__DUMMY__ 0.8726507781136318 neg 0.06833514393721297 off 0.059014077949155294	false	1.0
wrack	neg 1.0		__DUMMY__ 0.8845043255858931 neg 0.0653648244203843 off 0.05013084999372251	false	1.0
gangster	neg 1.0		__DUMMY__ 0.8766571683990753 neg 0.06692466496441968 off 0.056418166636505056	false	1.0
krank	neg 1.0		__DUMMY__ 0.8773744121883934 neg 0.06261795605118736 off 0.06000763176041928	false	1.0
reich	neg 1.0		__DUMMY__ 0.8747037316206291 neg 0.06755495451514443 off 0.05774131386422643	false	1.0
gnadenlos	neg 1.0		__DUMMY__ 0.8777062033507405 neg 0.06727773171727354 off 0.05501606493198595	false	1.0
niedergeschlagen	neg 1.0		__DUMMY__ 0.8805954227132439 neg 0.06658255033591565 off 0.05282202695084046	false	1.0
terrorisieren	off 1.0	off 1.0	off 0.5089225672848342 __DUMMY__ 0.4382409208064886 neg 0.0528365119086772	false	1.0
sinnlosigkeit	neg 1.0		__DUMMY__ 0.8780676734312368 neg 0.06945885460859871 off 0.05247347196016443	false	1.0
behindern	neg 1.0		__DUMMY__ 0.8768287616080778 neg 0.06994088078255664 off 0.05323035760936558	false	1.0
undemokratisch	neg 1.0		__DUMMY__ 0.8731216752267341 neg 0.07185245968153994 off 0.055025865091725946	false	1.0
wirtschaftskrise	neg 1.0		__DUMMY__ 0.8760401909054746 neg 0.07277492600091792 off 0.05118488309360753	false	1.0
neid	neg 1.0		__DUMMY__ 0.88065430727063 neg 0.0611088273871287 off 0.058236865342241255	false	1.0
rutschen	neg 1.0	neg 1.0	neg 0.5187580736360976 __DUMMY__ 0.4453444158602605 off 0.0358975105036419	false	1.0
rezession	neg 1.0		__DUMMY__ 0.8680562987071392 neg 0.06947705459710458 off 0.062466646695756196	false	1.0
fehlgeburt	neg 1.0		__DUMMY__ 0.8797100342280871 neg 0.0646360852307953 off 0.05565388054111758	false	1.0
charakterschwach	off 1.0		__DUMMY__ 0.8740897167863056 neg 0.06615432755095034 off 0.059755955662744	false	0.5
isolation	neg 1.0		__DUMMY__ 0.8782682737407655 neg 0.06418358738474543 off 0.057548138874488994	false	1.0
ablenkung	neg 1.0		__DUMMY__ 0.8787425412520068 neg 0.06690263190541128 off 0.0543548268425819	false	1.0
pech	neg 1.0		__DUMMY__ 0.8780907992489763 neg 0.06477465090208358 off 0.05713454984894007	false	1.0
vermeidung	neg 1.0		__DUMMY__ 0.8729598246591944 neg 0.06737035292397835 off 0.05966982241682729	false	1.0
dominieren	neg 1.0		__DUMMY__ 0.8833732885481586 neg 0.06563038845361002 off 0.05099632299823153	false	1.0
schwindlig	neg 1.0		__DUMMY__ 0.8810857829643622 neg 0.06306309795559832 off 0.055851119080039306	false	1.0
lutscher	neg 1.0	neg 1.0	neg 0.5183623465180325 __DUMMY__ 0.43052057824098566 off 0.05111707524098186	false	1.0
pflicht	neg 1.0		__DUMMY__ 0.8789374359449557 neg 0.07116892500360111 off 0.04989363905144317	false	1.0
faschist	off 1.0		__DUMMY__ 0.8727505114474848 neg 0.07028116657176083 off 0.05696832198075435	false	0.5
verschleudern	neg 1.0		__DUMMY__ 0.8738011045892785 neg 0.07569660995358515 off 0.05050228545713638	false	1.0
wenn			__DUMMY__ 0.8764336069622748 neg 0.0655022460769459 off 0.05806414696077935	false	0.0
ehebruch	neg 1.0		__DUMMY__ 0.8774745783761502 neg 0.07110485462031353 off 0.051420567003536345	false	1.0
spott	off 1.0		__DUMMY__ 0.876727542707008 neg 0.07228912074176115 off 0.05098333655123084	false	0.5
trostlosigkeit	neg 1.0		__DUMMY__ 0.8800623550022457 neg 0.07130232891532237 off 0.04863531608243188	false	1.0
lutschen	neg 1.0		__DUMMY__ 0.874315052896694 neg 0.06942638683882432 off 0.05625856026448176	false	1.0
undiszipliniert	neg 1.0		__DUMMY__ 0.8752075729163112 neg 0.06393611007159176 off 0.06085631701209703	false	1.0
kopfschmerz	neg 1.0		__DUMMY__ 0.881258197073356 neg 0.06643713734995423 off 0.05230466557668988	false	1.0
unvorhergesehen	neg 1.0		__DUMMY__ 0.8852898840282187 neg 0.0643651153829737 off 0.050345000588807524	false	1.0
desinteressiert	neg 1.0		__DUMMY__ 0.8736419929165892 neg 0.06552422625447267 off 0.06083378082893814	false	1.0
armselig	off 1.0		__DUMMY__ 0.8710586054751542 neg 0.06713731727963818 off 0.06180407724520761	false	0.5
desaster	neg 1.0		__DUMMY__ 0.8790566453649928 neg 0.07321967939519808 off 0.047723675239808985	false	1.0
tod	neg 1.0		__DUMMY__ 0.8806026985159063 neg 0.06852375845726488 off 0.05087354302682885	false	1.0
herzlos	neg 1.0		__DUMMY__ 0.8727560365095502 neg 0.06510164226985819 off 0.062142321220591566	false	1.0
unwissenheit	neg 1.0		__DUMMY__ 0.8755094317794413 neg 0.07221056497514335 off 0.0522800032454154	false	1.0
widersinnig	neg 1.0	neg 1.0	neg 0.5258389905270294 __DUMMY__ 0.4341503851432098 off 0.040010624329760804	false	1.0
bedenklich	neg 1.0		__DUMMY__ 0.8774247995663976 neg 0.07139848974672366 off 0.051176710686878665	false	1.0
beanstanden	neg 1.0		__DUMMY__ 0.8795043148254854 neg 0.071221531215811 off 0.04927415395870364	false	1.0
panisch	neg 1.0	neg 1.0	neg 0.5162075741413932 __DUMMY__ 0.44110355819608943 off 0.04268886766251741	false	1.0
debil	off 1.0		__DUMMY__ 0.8826532749757285 neg 0.07286083407292039 off 0.044485890951351026	false	0.5
abstrich	neg 1.0		__DUMMY__ 0.8786416538870913 neg 0.07094203967057607 off 0.05041630644233273	false	1.0
primitiv	neg 1.0		__DUMMY__ 0.8727127345984189 neg 0.06689151556125328 off 0.060395749840327785	false	1.0
abschaum	off 1.0	off 1.0	off 0.5145286109890808 __DUMMY__ 0.43461963299083645 neg 0.0508517560200828	false	1.0
provozieren	neg 1.0		__DUMMY__ 0.8763674060950158 neg 0.06878080995582792 off 0.05485178394915633	false	1.0
tot	neg 1.0		__DUMMY__ 0.8804616241268205 neg 0.06929501560809753 off 0.050243360265081895	false	1.0
instabil	neg 1.0		__DUMMY__ 0.8706152964745039 neg 0.06928901371922487 off 0.060095689806271245	false	1.0
schwuchtel	off 1.0		__DUMMY__ 0.8646889453372116 off 0.07170346538399251 neg 0.06360758927879588	false	1.0
zerren	neg 1.0		__DUMMY__ 0.8807707217371518 neg 0.06617660914276195 off 0.053052669120086396	false	1.0
kinderficker	off 1.0		__DUMMY__ 0.8698107007242999 neg 0.06614599609361353 off 0.06404330318208656	false	0.5
gefahr	neg 1.0		__DUMMY__ 0.8793699752087527 neg 0.07110485871989657 off 0.04952516607135082	false	1.0
rabiat	neg 1.0		__DUMMY__ 0.8761311959231524 neg 0.06963307337554923 off 0.054235730701298286	false	1.0
verlangsamung	neg 1.0		__DUMMY__ 0.8689397266021109 neg 0.06554909874316821 off 0.06551117465472084	false	1.0
ausgestorben	neg 1.0		__DUMMY__ 0.879910018691648 neg 0.06648403551238437 off 0.05360594579596771	false	1.0
anklagen	neg 1.0		__DUMMY__ 0.8763130898680727 neg 0.07101368191715997 off 0.0526732282147674	false	1.0
trott	neg 1.0		__DUMMY__ 0.8789433611048939 neg 0.06760664674441091 off 0.053449992150695236	false	1.0
verminderung	neg 1.0		__DUMMY__ 0.8738117120286956 neg 0.06581918979739244 off 0.06036909817391197	false	1.0
nach			__DUMMY__ 0.8889130267387328 neg 0.06516855363565625 off 0.04591841962561087	false	0.0
rost	neg 1.0		__DUMMY__ 0.8718595419157847 off 0.0641947719055134 neg 0.06394568617870183	false	0.5
destruktiv	neg 1.0		__DUMMY__ 0.874760642688297 neg 0.07134608863297871 off 0.053893268678724335	false	1.0
unzumutbarkeit	neg 1.0		__DUMMY__ 0.8772827373522178 neg 0.06457161062059785 off 0.058145652027184254	false	1.0
labil	off 1.0	off 1.0	off 0.5144696268509199 __DUMMY__ 0.4344188419486644 neg 0.051111531200415575	false	1.0
ziemlich	neg 1.0		__DUMMY__ 0.8769864395636798 neg 0.06353766447941314 off 0.059475895956907096	false	1.0
lachnummer	off 1.0		__DUMMY__ 0.876801667274725 neg 0.06898169962558855 off 0.054216633099686544	false	0.5
oder			__DUMMY__ 0.8803328218503564 neg 0.06549714559884492 off 0.054170032550798636	false	0.0
verfall	neg 1.0		__DUMMY__ 0.8802385127450583 neg 0.07425772804637656 off 0.045503759208565205	false	1.0
ausgrenzung	neg 1.0		__DUMMY__ 0.872067884494375 neg 0.07230491334548839 off 0.055627202160136655	false	1.0
unordnung	neg 1.0		__DUMMY__ 0.876760303049605 neg 0.06447400855537361 off 0.05876568839502143	false	1.0
fehlverhalten	neg 1.0		__DUMMY__ 0.8776650476617802 neg 0.07218670860744766 off 0.05014824373077211	false	1.0
eine			__DUMMY__ 0.8805732639688819 neg 0.07010975081632079 off 0.04931698521479735	false	0.0
nille	neg 1.0		__DUMMY__ 0.8779105260403257 neg 0.06896311357223163 off 0.0531263603874427	false	1.0
qual	neg 1.0		__DUMMY__ 0.8784720472759431 neg 0.06822213916549481 off 0.05330581355856211	false	1.0
verschwenden	neg 1.0		__DUMMY__ 0.8775923737888328 neg 0.0709493090781614 off 0.0514583171330058	false	1.0
riesig	neg 1.0	neg 1.0	neg 0.5212011209823654 __DUMMY__ 0.4402389292116335 off 0.03855994980600106	false	1.0
verurteilen	neg 1.0		__DUMMY__ 0.8764681465392118 neg 0.0711861062185842 off 0.05234574724220395	false	1.0
klischee	neg 1.0	neg 1.0	neg 0.5221339087218216 __DUMMY__ 0.4342194879735314 off 0.043646603304646994	false	1.0
diktatorisch	neg 1.0		__DUMMY__ 0.8710930231746298 neg 0.07335524466198168 off 0.05555173216338846	false	1.0
vorhersehbar	neg 1.0	neg 1.0	neg 0.5215562585236647 __DUMMY__ 0.43521593249953466 off 0.04322780897680052	false	1.0
sowie			__DUMMY__ 0.8700084735207924 neg 0.06615401685126587 off 0.06383750962794171	false	0.0
stornieren	neg 1.0		__DUMMY__ 0.8841801780770733 neg 0.06126794986330609 off 0.05455187205962063	false	1.0
besteuerung	neg 1.0		__DUMMY__ 0.8732756198299056 neg 0.07229507713638382 off 0.05442930303371061	false	1.0
ungeschminkt	neg 1.0		__DUMMY__ 0.8734119505590642 neg 0.06723956571201757 off 0.059348483728918294	false	1.0
kritisch	neg 1.0		__DUMMY__ 0.8780701710814732 neg 0.0708419094282957 off 0.051087919490231094	false	1.0
schlamperei	off 1.0		__DUMMY__ 0.8766862481848163 neg 0.07323739185457459 off 0.050076359960609204	false	0.5
sucht	neg 1.0	neg 1.0	neg 0.520882834499733 __DUMMY__ 0.4385387403173647 off 0.04057842518290216	false	1.0
egoistisch	off 1.0		__DUMMY__ 0.8727212449366772 off 0.06434446923534208 neg 0.06293428582798079	false	1.0
ausbeuter	off 1.0		__DUMMY__ 0.8759318842582792 neg 0.07406461061750906 off 0.050003505124211804	false	0.5
arschgeburt	off 1.0		__DUMMY__ 0.8640284388106176 off 0.07198314787294194 neg 0.0639884133164404	false	1.0
schubs	neg 1.0	neg 1.0	neg 0.519741894078051 __DUMMY__ 0.44112824793961597 off 0.03912985798233295	false	1.0
unsolide	neg 1.0		__DUMMY__ 0.8679123342906002 neg 0.07619124418696037 off 0.055896421522439454	false	1.0
beschwerde	neg 1.0		__DUMMY__ 0.8761962305675809 neg 0.07365041051635765 off 0.05015335891606154	false	1.0
stocken	neg 1.0		__DUMMY__ 0.8775694932197783 neg 0.07174879141325316 off 0.05068171536696867	false	1.0
isolieren	neg 1.0		__DUMMY__ 0.8771711988424776 neg 0.07111378797069014 off 0.051715013186832325	false	1.0
unheilbar	neg 1.0		__DUMMY__ 0.8796048300657546 neg 0.0657233822098331 off 0.05467178772441226	false	1.0
pisser	off 1.0		__DUMMY__ 0.8728752190108389 neg 0.0665840160173902 off 0.06054076497177081	false	0.5
löschen	neg 1.0		__DUMMY__ 0.8778464819890343 neg 0.06822232166824649 off 0.0539311963427192	false	1.0
durchfallen	neg 1.0		__DUMMY__ 0.8762107116552075 neg 0.07159980273836948 off 0.05218948560642306	false	1.0
wichser	off 1.0		__DUMMY__ 0.86985825395242 off 0.06860053189619049 neg 0.061541214151389564	false	1.0
terror	neg 1.0		__DUMMY__ 0.8780259889853721 neg 0.06569987280983546 off 0.056274138204792386	false	1.0
krass	neg 1.0		__DUMMY__ 0.8728356720536129 neg 0.06489339626499716 off 0.06227093168138998	false	1.0
revolte	neg 1.0	neg 1.0	neg 0.5234187379941957 __DUMMY__ 0.43403512538524164 off 0.04254613662056272	false	1.0
besorgt	neg 1.0		__DUMMY__ 0.8827109891248628 neg 0.06507906447173495 off 0.05220994640340238	false	1.0
nachlassen	neg 1.0		__DUMMY__ 0.8800112346591201 neg 0.06986283015903685 off 0.05012593518184304	false	1.0
alt	neg 1.0		__DUMMY__ 0.8802285694439248 neg 0.06906505203139687 off 0.05070637852467821	false	1.0
hundesohn	off 1.0		__DUMMY__ 0.8672044255064985 off 0.06747489462699592 neg 0.06532067986650557	false	1.0
als			__DUMMY__ 0.8810511238371469 neg 0.06650008165184393 off 0.05244879451100912	false	0.0
abschreckung	neg 1.0		__DUMMY__ 0.8791686040534634 neg 0.07202693083677741 off 0.04880446510975922	false	1.0
unqualifiziert	neg 1.0		__DUMMY__ 0.8724491484069552 neg 0.07021255805852991 off 0.05733829353451488	false	1.0
abgewichst	off 1.0		__DUMMY__ 0.8791508334957165 neg 0.06838453464150486 off 0.05246463186277855	false	0.5
schwer	neg 1.0		__DUMMY__ 0.8787065919963027 neg 0.06722196485109051 off 0.05407144315260672	false	1.0
bedeutungslosigkeit	neg 1.0		__DUMMY__ 0.8787876901180688 neg 0.07157455474062081 off 0.04963775514131035	false	1.0
kapitulation	neg 1.0		__DUMMY__ 0.8741018533188174 neg 0.07502472446377965 off 0.05087342221740306	false	1.0
unscharf	neg 1.0		__DUMMY__ 0.8769649169519247 neg 0.0673260115775025 off 0.05570907147057285	false	1.0
schwinden	neg 1.0		__DUMMY__ 0.8795234668384998 neg 0.07105033607615528 off 0.049426197085344854	false	1.0
versklavung	neg 1.0		__DUMMY__ 0.8712283733490979 neg 0.07366894008047546 off 0.055102686570426704	false	1.0
schlecht	neg 1.0		__DUMMY__ 0.8770662452507518 neg 0.06330731583228442 off 0.059626438916963835	false	1.0
verhasst	neg 1.0		__DUMMY__ 0.87679399652407 neg 0.06799503935722219 off 0.05521096411870777	false	1.0
beschweren	neg 1.0		__DUMMY__ 0.8776172828015342 neg 0.06650751818757639 off 0.05587519901088943	false	1.0
scheiden	neg 1.0		__DUMMY__ 0.8860637053004667 neg 0.059890374962702 off 0.05404591973683118	false	1.0
frustriert	neg 1.0		__DUMMY__ 0.8789788160059987 neg 0.06784750321490328 off 0.05317368077909803	false	1.0
schimmelig	neg 1.0		__DUMMY__ 0.8806410278175498 neg 0.06942387212648987 off 0.04993510005596037	false	1.0
fisch	neg 1.0		__DUMMY__ 0.886044172347134 neg 0.06517415324282946 off 0.04878167441003652	false	1.0
schmuggel	neg 1.0		__DUMMY__ 0.883011624870489 neg 0.06762523179358598 off 0.04936314333592503	false	1.0
auffallen	neg 1.0		__DUMMY__ 0.8774464623036954 neg 0.06612493360849164 off 0.056428604087812965	false	1.0
konkurrenz	neg 1.0	neg 1.0	neg 0.5226527304277049 __DUMMY__ 0.4404584159025013 off 0.03688885366979372	false	1.0
teufelskreis	neg 1.0	neg 1.0	neg 0.5228174756297459 __DUMMY__ 0.4365154197258309 off 0.04066710464442314	false	1.0
aufschreien	neg 1.0		__DUMMY__ 0.875884421428879 neg 0.0677534143165607 off 0.05636216425456029	false	1.0
schuldner	neg 1.0		__DUMMY__ 0.8794687148338011 neg 0.07089427258257477 off 0.04963701258362414	false	1.0
missgeburt	off 1.0	off 1.0	off 0.518433633288751 __DUMMY__ 0.43177692891889635 neg 0.049789437792352675	false	1.0
arbeitslos	neg 1.0		__DUMMY__ 0.8763950089971995 neg 0.07112735152886168 off 0.05247763947393886	false	1.0
befallen	neg 1.0		__DUMMY__ 0.8756835931316993 neg 0.07174442244015156 off 0.052571984428149074	false	1.0
miesepetrig	off 1.0	off 1.0	off 0.5149159904944779 __DUMMY__ 0.4366811192205262 neg 0.048402890284995885	false	1.0
alarmieren	neg 1.0		__DUMMY__ 0.8719231258299303 neg 0.06977104034684228 off 0.058305833823227474	false	1.0
ungeduscht	off 1.0		__DUMMY__ 0.8786020166323887 neg 0.06453909808444332 off 0.05685888528316804	false	0.5
knappheit	neg 1.0		__DUMMY__ 0.875805592607666 neg 0.07343550585618218 off 0.05075890153615173	false	1.0
schlange	neg 1.0		__DUMMY__ 0.8817610919505146 neg 0.06260899957385485 off 0.055629908475630666	false	1.0
harsch	neg 1.0		__DUMMY__ 0.875401911654422 off 0.06300213351731883 neg 0.06159595482825925	false	0.5
lang	neg 1.0		__DUMMY__ 0.8778765603669783 neg 0.06780055538269393 off 0.05432288425032776	false	1.0
ziellos	neg 1.0		__DUMMY__ 0.8815189721357665 neg 0.06658371545203193 off 0.05189731241220163	false	1.0
selbstverliebt	neg 1.0		__DUMMY__ 0.8660254529070331 off 0.0695067515435031 neg 0.06446779554946377	false	0.5
beseitigen	neg 1.0	neg 1.0	neg 0.5197340702262934 __DUMMY__ 0.43999969752133183 off 0.04026623225237483	false	1.0
dumm	off 1.0		__DUMMY__ 0.8709389340820105 off 0.0651787591878186 neg 0.06388230673017098	false	1.0
arbeitsloser	neg 1.0		__DUMMY__ 0.8795375733184951 neg 0.06870733593271354 off 0.051755090748791324	false	1.0
blitzen	neg 1.0		__DUMMY__ 0.8758870398346383 neg 0.06716213030901957 off 0.05695082985634203	false	1.0
hilflos	neg 1.0		__DUMMY__ 0.8793520986449398 neg 0.06796286874876777 off 0.05268503260629242	false	1.0
eklig	off 1.0		__DUMMY__ 0.8706860908334558 off 0.0656585598856691 neg 0.06365534928087511	false	1.0
begriff			__DUMMY__ 0.8767101128078112 neg 0.07016734622229653 off 0.053122540969892225	false	0.0
hungersnot	neg 1.0		__DUMMY__ 0.8772790424182426 neg 0.07024558299662159 off 0.05247537458513578	false	1.0
ungesetzlich	neg 1.0		__DUMMY__ 0.8700225499468219 neg 0.07360315919487381 off 0.056374290858304345	false	1.0
verschwendung	neg 1.0		__DUMMY__ 0.8792725707324364 neg 0.07028616178811019 off 0.050441267479453454	false	1.0
schmerzvoll	neg 1.0		__DUMMY__ 0.877905556122601 neg 0.06633232941571077 off 0.055762114461688196	false	1.0
vorzeitig	neg 1.0		__DUMMY__ 0.8784858915357612 neg 0.06472340961625865 off 0.056790698847980145	false	1.0
unvollkommenheit	neg 1.0		__DUMMY__ 0.8828163395271644 neg 0.06552856533520078 off 0.051655095137634735	false	1.0
intervenieren	neg 1.0		__DUMMY__ 0.8755943241761598 neg 0.07413686313481434 off 0.050268812689025895	false	1.0
banause	off 1.0		__DUMMY__ 0.8677479600642946 off 0.06751195806134619 neg 0.06474008187435924	false	1.0
rebell	neg 1.0		__DUMMY__ 0.8804585429410213 neg 0.07255348329019307 off 0.0469879737687856	false	1.0
unlogisch	neg 1.0		__DUMMY__ 0.8732803357013006 neg 0.06487834083684642 off 0.06184132346185296	false	1.0
leiden	neg 1.0		__DUMMY__ 0.8885198899682843 neg 0.06192714950951775 off 0.049552960522197834	false	1.0
abschaffung	neg 1.0		__DUMMY__ 0.8733523009369032 neg 0.07212323045488422 off 0.05452446860821252	false	1.0
sturz	neg 1.0		__DUMMY__ 0.8787153242052894 neg 0.06735841412658752 off 0.053926261668123046	false	1.0
verkleinerung	neg 1.0		__DUMMY__ 0.8700409512665983 neg 0.07318270945181728 off 0.05677633928158446	false	1.0
schmarotzer	off 1.0		__DUMMY__ 0.8758865616522642 neg 0.07174632752447965 off 0.05236711082325614	false	0.5
bestrafung	neg 1.0		__DUMMY__ 0.8771505534508091 neg 0.06734977594107773 off 0.055499670608113144	false	1.0
achtlos	neg 1.0		__DUMMY__ 0.8807008313863394 neg 0.06534009549958648 off 0.05395907311407413	false	1.0
ungeheuer	neg 1.0		__DUMMY__ 0.8802710909386172 neg 0.06286676540941752 off 0.05686214365196528	false	1.0
unaufrichtig	neg 1.0		__DUMMY__ 0.8733138012296073 neg 0.07048427005298949 off 0.05620192871740315	false	1.0
