unsolidarisch	neg 1.0		__DUMMY__ 0.4566269005988418 neg 0.30808534742599036 off 0.23528775197516774	false	1.0
nachteilig	neg 1.0		__DUMMY__ 0.46152277965378646 neg 0.30637590648642254 off 0.23210131385979096	false	1.0
skeptisch	neg 1.0		__DUMMY__ 0.4625905993438756 neg 0.30578681364839433 off 0.23162258700773014	false	1.0
schrecklich	neg 1.0		__DUMMY__ 0.45949919636235886 neg 0.2916326193380751 off 0.24886818429956606	false	1.0
schlapp	neg 1.0	neg 1.0	neg 0.6371147855840761 __DUMMY__ 0.22430125528974135 off 0.1385839591261826	false	1.0
abfall	neg 1.0		__DUMMY__ 0.463841265927046 neg 0.3074297569490371 off 0.22872897712391688	false	1.0
widerspenstig	neg 1.0		__DUMMY__ 0.46251873028967383 neg 0.29960834000676745 off 0.23787292970355872	false	1.0
abrupt	neg 1.0		__DUMMY__ 0.46610896817347947 neg 0.30036368496638033 off 0.23352734686014034	false	1.0
unwirksam	neg 1.0		__DUMMY__ 0.45782024621393674 neg 0.3064643376808566 off 0.23571541610520663	false	1.0
angreifen	neg 1.0	neg 1.0	neg 0.6436035781603016 __DUMMY__ 0.22466175260788984 off 0.13173466923180854	false	1.0
inkonsistent	neg 1.0		__DUMMY__ 0.46092099944667636 neg 0.30093598017769085 off 0.2381430203756328	false	1.0
abrutschen	neg 1.0		__DUMMY__ 0.46402208935205214 neg 0.3067187170561649 off 0.22925919359178293	false	1.0
unsicher	neg 1.0		__DUMMY__ 0.4628298628297219 neg 0.29909021148270537 off 0.23807992568757275	false	1.0
bauernkind	off 1.0	off 1.0	off 0.6102710836797142 __DUMMY__ 0.22068672594342428 neg 0.1690421903768615	false	1.0
angreifer	neg 1.0		__DUMMY__ 0.46262226607573 neg 0.29799702148267443 off 0.23938071244159562	false	1.0
trennen	neg 1.0		__DUMMY__ 0.46730017894871295 neg 0.29821213912167965 off 0.2344876819296075	false	1.0
schmutz	neg 1.0		__DUMMY__ 0.4636743130062728 neg 0.29629564117357515 off 0.24003004582015208	false	1.0
inkonsistenz	neg 1.0		__DUMMY__ 0.45816565633421485 neg 0.30038316815018257 off 0.24145117551560266	false	1.0
erschreckend	neg 1.0		__DUMMY__ 0.4617171079257783 neg 0.3020302176175795 off 0.23625267445664214	false	1.0
ertrinken	neg 1.0		__DUMMY__ 0.46426220370023635 neg 0.3016259484188821 off 0.23411184788088157	false	1.0
pickelface	off 1.0		__DUMMY__ 0.4612162567797455 neg 0.30405721522433954 off 0.2347265279959151	false	0.5
seiner			__DUMMY__ 0.4643561760012048 neg 0.3027795986102037 off 0.23286422538859142	false	0.0
lauch	neg 1.0		__DUMMY__ 0.46178473916934043 neg 0.30986683644989615 off 0.22834842438076347	false	1.0
unwichtig	neg 1.0		__DUMMY__ 0.459806635180406 neg 0.2972706128677253 off 0.2429227519518686	false	1.0
steuerhinterziehung	neg 1.0		__DUMMY__ 0.45904495263828526 neg 0.3068357256020816 off 0.23411932175963307	false	1.0
schock	neg 1.0		__DUMMY__ 0.46498063569132986 neg 0.2973422048452647 off 0.23767715946340534	false	1.0
beule	neg 1.0		__DUMMY__ 0.46130639504818555 neg 0.29459134569666673 off 0.24410225925514778	false	1.0
vergelten	neg 1.0		__DUMMY__ 0.4614223549862942 neg 0.2909850888616552 off 0.24759255615205056	false	1.0
verdorbenheit	neg 1.0		__DUMMY__ 0.4625305604692142 neg 0.3004043391994102 off 0.2370651003313757	false	1.0
trauma	neg 1.0		__DUMMY__ 0.46131807294673977 neg 0.3000746267601344 off 0.2386073002931258	false	1.0
sinnlos	neg 1.0		__DUMMY__ 0.46204058287633026 neg 0.2973044970641975 off 0.24065492005947217	false	1.0
fettsack	off 1.0	off 1.0	off 0.611826842190784 __DUMMY__ 0.22153669958897318 neg 0.1666364582202429	false	1.0
feige	off 1.0	off 1.0	off 0.6081944263450136 __DUMMY__ 0.22230547910167464 neg 0.1695000945533117	false	1.0
abdanken	neg 1.0		__DUMMY__ 0.45987090087115634 neg 0.30451580611881673 off 0.23561329301002693	false	1.0
wichtigtuer	off 1.0	off 1.0	off 0.6064193408835572 __DUMMY__ 0.22330310775394316 neg 0.17027755136249967	false	1.0
misslingen	neg 1.0		__DUMMY__ 0.4659884677633624 neg 0.2938039692412818 off 0.2402075629953558	false	1.0
untreu	off 1.0		__DUMMY__ 0.4592270805496491 neg 0.29654235876461144 off 0.24423056068573942	false	0.5
missmutig	neg 1.0		__DUMMY__ 0.46130019444995135 neg 0.2951417248566246 off 0.24355808069342402	false	1.0
hurenbock	off 1.0		__DUMMY__ 0.4626443042602857 neg 0.29793899879215036 off 0.2394166969475639	false	0.5
betrunken	neg 1.0		__DUMMY__ 0.4617135886002898 neg 0.2912609038449151 off 0.24702550755479513	false	1.0
korrupt	off 1.0		__DUMMY__ 0.458139423501616 neg 0.3088128834673842 off 0.2330476930309996	false	0.5
unmut	neg 1.0		__DUMMY__ 0.46317490072668627 neg 0.3081405437896037 off 0.22868455548371014	false	1.0
hackfresse	off 1.0		__DUMMY__ 0.4567512901154575 neg 0.2911395552871102 off 0.2521091545974322	false	0.5
aufblasen	neg 1.0		__DUMMY__ 0.4632921361295376 neg 0.2968142385750512 off 0.23989362529541122	false	1.0
gewaltsam	neg 1.0		__DUMMY__ 0.46173373101692666 neg 0.3020174847813436 off 0.23624878420172965	false	1.0
unbeliebtheit	neg 1.0		__DUMMY__ 0.4550932757855961 neg 0.3044866794371777 off 0.24042004477722606	false	1.0
sturheit	neg 1.0		__DUMMY__ 0.46133415041541026 neg 0.3025920447587059 off 0.2360738048258838	false	1.0
kuh	neg 1.0		__DUMMY__ 0.4590658409031056 neg 0.30385123293569327 off 0.23708292616120102	false	1.0
erschrecken	neg 1.0		__DUMMY__ 0.4617761311258072 neg 0.29536756147345056 off 0.2428563074007422	false	1.0
opfer	neg 1.0		__DUMMY__ 0.463380883560429 neg 0.30273165383511447 off 0.23388746260445645	false	1.0
sinken	neg 1.0		__DUMMY__ 0.4645562894691776 neg 0.30553205900224295 off 0.22991165152857954	false	1.0
stinktier	neg 1.0		__DUMMY__ 0.45673873213771643 neg 0.2949086831998518 off 0.24835258466243165	false	1.0
tucke	off 1.0		__DUMMY__ 0.45327820575883576 neg 0.29541479243000535 off 0.251307001811159	false	0.5
ein			__DUMMY__ 0.46384135909999213 neg 0.29688417157370967 off 0.23927446932629812	false	0.0
abstieg	neg 1.0		__DUMMY__ 0.46487896345230795 neg 0.30184146640588205 off 0.23327957014181006	false	1.0
missverstehen	neg 1.0		__DUMMY__ 0.45964559491304036 neg 0.30030217888537086 off 0.2400522262015888	false	1.0
ergebnislos	neg 1.0		__DUMMY__ 0.4628551494672741 neg 0.3047569590626469 off 0.23238789147007918	false	1.0
unter			__DUMMY__ 0.4696940798490145 neg 0.3044423302387862 off 0.22586358991219926	false	0.0
manipulieren	neg 1.0		__DUMMY__ 0.462870699802906 neg 0.3052978968808149 off 0.2318314033162792	false	1.0
unbewiesen	neg 1.0		__DUMMY__ 0.45601400222952276 neg 0.3086001767800069 off 0.23538582099047034	false	1.0
verschleppen	neg 1.0		__DUMMY__ 0.4617989825089202 neg 0.3042477505948256 off 0.2339532668962542	false	1.0
weib	off 1.0		__DUMMY__ 0.456081714933107 neg 0.29218038537847685 off 0.25173789968841614	false	0.5
opposition	neg 1.0		__DUMMY__ 0.4591751809598436 neg 0.3022191367027683 off 0.23860568233738796	false	1.0
verkehrswidrig	neg 1.0	neg 1.0	neg 0.6312850221296566 __DUMMY__ 0.22678113990723323 off 0.14193383796311004	false	1.0
inkorrekt	neg 1.0		__DUMMY__ 0.45586060549797947 neg 0.2997372311221197 off 0.24440216337990084	false	1.0
vermeiden	neg 1.0		__DUMMY__ 0.4666572092873356 neg 0.3058513039366292 off 0.2274914867760352	false	1.0
abweichung	neg 1.0	neg 1.0	neg 0.6424895520729044 __DUMMY__ 0.22508987881003245 off 0.13242056911706326	false	1.0
alkoholisiert	neg 1.0		__DUMMY__ 0.46987983680462625 neg 0.29554915980997537 off 0.23457100338539832	false	1.0
scheiss	off 1.0	off 1.0	off 0.6087979283578226 __DUMMY__ 0.22357048868251933 neg 0.16763158295965794	false	1.0
herausforderung	neg 1.0	neg 1.0	neg 0.6387122172222168 __DUMMY__ 0.22827351441370428 off 0.13301426836407884	false	1.0
pervers	off 1.0		__DUMMY__ 0.4554994628280011 neg 0.2890033188519895 off 0.2554972183200095	false	0.5
wackelig	neg 1.0		__DUMMY__ 0.4666580747271164 neg 0.2969706929957721 off 0.23637123227711138	false	1.0
verwickeln	neg 1.0		__DUMMY__ 0.4600475450185994 neg 0.29986133566263024 off 0.24009111931877028	false	1.0
vorwand	neg 1.0		__DUMMY__ 0.4629443594793163 neg 0.3061831389213556 off 0.23087250159932807	false	1.0
muschi	off 1.0		__DUMMY__ 0.46169942125647007 neg 0.3028228333966901 off 0.23547774534684002	false	0.5
entmutigung	neg 1.0		__DUMMY__ 0.4582270434398271 neg 0.3039136837418538 off 0.23785927281831903	false	1.0
unangemessen	neg 1.0		__DUMMY__ 0.4607638220613522 neg 0.30444450764052533 off 0.2347916702981225	false	1.0
unstetig	neg 1.0		__DUMMY__ 0.4612863711905563 neg 0.300375432032427 off 0.23833819677701665	false	1.0
entmutigen	neg 1.0		__DUMMY__ 0.4622831310738731 neg 0.29820432802797686 off 0.23951254089815008	false	1.0
schwanz	neg 1.0		__DUMMY__ 0.4629409974641035 neg 0.3049936399842234 off 0.23206536255167318	false	1.0
verbot	neg 1.0		__DUMMY__ 0.459444614775831 neg 0.30743287297675853 off 0.23312251224741048	false	1.0
leid	neg 1.0		__DUMMY__ 0.458753842356251 neg 0.29128224788531726 off 0.24996390975843175	false	1.0
archaisch	neg 1.0		__DUMMY__ 0.4624726856478047 neg 0.30225262868906577 off 0.23527468566312967	false	1.0
gegen			__DUMMY__ 0.4647126119514912 neg 0.30461443556338413 off 0.23067295248512465	false	0.0
scheidung	neg 1.0		__DUMMY__ 0.45573252646270646 neg 0.28455408959596207 off 0.2597133839413316	false	1.0
einschlag	neg 1.0	neg 1.0	neg 0.6359118746166382 __DUMMY__ 0.2236512342004692 off 0.1404368911828926	false	1.0
m			__DUMMY__ 0.46377043330921225 neg 0.30075525019995686 off 0.2354743164908308	false	0.0
abgestanden	neg 1.0		__DUMMY__ 0.46176480961882327 neg 0.30002103004990455 off 0.2382141603312722	false	1.0
schmierig	off 1.0		__DUMMY__ 0.4589552725892102 neg 0.29164465654664057 off 0.2494000708641491	false	0.5
unpraktisch	neg 1.0		__DUMMY__ 0.4638676438694776 neg 0.2964904150872459 off 0.23964194104327635	false	1.0
wixxer	off 1.0		__DUMMY__ 0.45466145699536115 neg 0.2904615902014772 off 0.2548769528031615	false	0.5
bezeichnet			__DUMMY__ 0.46112960975548556 neg 0.3020996959631005 off 0.23677069428141398	false	0.0
jammerlappen	off 1.0		__DUMMY__ 0.46002684991442494 neg 0.2967838987479662 off 0.24318925133760874	false	0.5
farce	neg 1.0		__DUMMY__ 0.4589168617458576 neg 0.3071418994046459 off 0.2339412388494965	false	1.0
zwecklos	neg 1.0		__DUMMY__ 0.46147235967221517 neg 0.303510819645185 off 0.23501682068259983	false	1.0
turbulent	neg 1.0		__DUMMY__ 0.4586756659387475 neg 0.29819185860276703 off 0.24313247545848543	false	1.0
invasion	neg 1.0		__DUMMY__ 0.4618879887870191 neg 0.29743243337352937 off 0.24067957783945165	false	1.0
schuld	neg 1.0		__DUMMY__ 0.4616406582147869 neg 0.2996549430266543 off 0.23870439875855876	false	1.0
risiko	neg 1.0		__DUMMY__ 0.463304080788129 neg 0.2982813175256627 off 0.23841460168620826	false	1.0
finster	neg 1.0		__DUMMY__ 0.4630509292071808 neg 0.2977150512738113 off 0.23923401951900788	false	1.0
geisteskrank	off 1.0		__DUMMY__ 0.45809037853071904 neg 0.2973127218911471 off 0.2445968995781339	false	0.5
zusammenbrechen	neg 1.0		__DUMMY__ 0.46364804131315956 neg 0.2998378198950459 off 0.2365141387917945	false	1.0
ausbeute	neg 1.0		__DUMMY__ 0.46713125965112456 neg 0.2990943991262666 off 0.23377434122260887	false	1.0
hinterhalt	neg 1.0		__DUMMY__ 0.46410179008176117 neg 0.29998149994113305 off 0.23591670997710576	false	1.0
kritik	neg 1.0		__DUMMY__ 0.459311101958269 neg 0.3068006060900611 off 0.2338882919516698	false	1.0
einschrumpfen	neg 1.0		__DUMMY__ 0.45739467496102 neg 0.3030005008881447 off 0.23960482415083537	false	1.0
riskant	neg 1.0		__DUMMY__ 0.4619578749606471 neg 0.30500523231757876 off 0.2330368927217742	false	1.0
frustrieren	neg 1.0		__DUMMY__ 0.46289012231347915 neg 0.3034385055732594 off 0.23367137211326153	false	1.0
groll	neg 1.0		__DUMMY__ 0.4626730894835292 neg 0.30220875258899504 off 0.23511815792747565	false	1.0
gibt			__DUMMY__ 0.4627786164595434 neg 0.3014831048339756 off 0.23573827870648098	false	0.0
qualvoll	neg 1.0		__DUMMY__ 0.4627057669538975 neg 0.2950865286141457 off 0.24220770443195686	false	1.0
wackeln	neg 1.0	neg 1.0	neg 0.6380067595297353 __DUMMY__ 0.22593981932471163 off 0.13605342114555302	false	1.0
klagen	neg 1.0		__DUMMY__ 0.46349835656714533 neg 0.3070819977212231 off 0.2294196457116316	false	1.0
bankrott	neg 1.0		__DUMMY__ 0.4612039570086751 neg 0.29653251105557926 off 0.24226353193574557	false	1.0
trauern	neg 1.0		__DUMMY__ 0.4649164485680567 neg 0.3008609404645102 off 0.23422261096743321	false	1.0
ablehnung	neg 1.0		__DUMMY__ 0.4590993372026366 neg 0.30703801918998 off 0.2338626436073834	false	1.0
stur	neg 1.0		__DUMMY__ 0.46105708984511695 neg 0.29970444275743946 off 0.23923846739744348	false	1.0
aufruhr	neg 1.0		__DUMMY__ 0.46156250346273764 neg 0.3023508169511958 off 0.2360866795860665	false	1.0
melancholie	neg 1.0		__DUMMY__ 0.4645022136435403 neg 0.3000430779112228 off 0.23545470844523683	false	1.0
ist			__DUMMY__ 0.4618873991971807 neg 0.29820685827337606 off 0.2399057425294432	false	0.0
torheit	neg 1.0		__DUMMY__ 0.4597370208690331 neg 0.3025498657169722 off 0.23771311341399481	false	1.0
dreckskind	off 1.0		__DUMMY__ 0.4560656552386498 neg 0.294112305417126 off 0.24982203934422417	false	0.5
umtauschen	neg 1.0		__DUMMY__ 0.46315806494459916 neg 0.2993562606780508 off 0.23748567437735002	false	1.0
zum			__DUMMY__ 0.47094827858798843 neg 0.29967872306021237 off 0.22937299835179925	false	0.0
zersetzen	neg 1.0		__DUMMY__ 0.46157683805441246 neg 0.3072253721375218 off 0.23119778980806563	false	1.0
zur			__DUMMY__ 0.4666527329359335 neg 0.30654733904293924 off 0.22679992802112728	false	0.0
frust	neg 1.0		__DUMMY__ 0.4636954986900357 neg 0.2999746731850958 off 0.23632982812486844	false	1.0
unerbittlichkeit	neg 1.0		__DUMMY__ 0.46219675946100147 neg 0.3062025958426053 off 0.23160064469639327	false	1.0
zwei			__DUMMY__ 0.4690779623950179 neg 0.2996243909977851 off 0.23129764660719712	false	0.0
unkorrekt	neg 1.0		__DUMMY__ 0.4565869640782685 neg 0.29799821973370594 off 0.24541481618802544	false	1.0
hexe	off 1.0		__DUMMY__ 0.46032429150739673 neg 0.2956011659222982 off 0.24407454257030525	false	0.5
lasch	neg 1.0		__DUMMY__ 0.4590739181178766 neg 0.29963588353184106 off 0.2412901983502823	false	1.0
rivale	neg 1.0		__DUMMY__ 0.46069355999466993 neg 0.2925049957139233 off 0.24680144429140685	false	1.0
mutlos	off 1.0	off 1.0	off 0.6021178491588581 __DUMMY__ 0.22372467844590094 neg 0.174157472395241	false	1.0
wirr	off 1.0		__DUMMY__ 0.45693622752512936 neg 0.29718348301616293 off 0.24588028945870763	false	0.5
jahr			__DUMMY__ 0.46877927440438893 neg 0.29780839648255447 off 0.23341232911305648	false	0.0
wird			__DUMMY__ 0.463827801024138 neg 0.30170632553304666 off 0.23446587344281528	false	0.0
strafbar	neg 1.0		__DUMMY__ 0.46139109111627175 neg 0.30566681033572984 off 0.23294209854799852	false	1.0
erosion	neg 1.0		__DUMMY__ 0.4631418401697034 neg 0.29806766736243245 off 0.2387904924678642	false	1.0
eingehen	neg 1.0		__DUMMY__ 0.46129766206602696 neg 0.3046344117543269 off 0.23406792617964617	false	1.0
faul	off 1.0		__DUMMY__ 0.4616892210336633 neg 0.2954842495286104 off 0.24282652943772617	false	0.5
provisorium	neg 1.0		__DUMMY__ 0.46779749052667674 neg 0.3074648119438043 off 0.22473769752951897	false	1.0
schmerzen	neg 1.0		__DUMMY__ 0.4628011334937707 neg 0.29937449072676575 off 0.23782437577946347	false	1.0
schrumpfen	neg 1.0		__DUMMY__ 0.4646379952210609 neg 0.30879137588250816 off 0.22657062889643106	false	1.0
geistlos	off 1.0		__DUMMY__ 0.456816386387965 neg 0.30424011672347867 off 0.23894349688855634	false	0.5
fehlkauf	neg 1.0		__DUMMY__ 0.4604121675912855 neg 0.30039484444221853 off 0.23919298796649593	false	1.0
frustrierend	neg 1.0		__DUMMY__ 0.4623222055612764 neg 0.29479805751702937 off 0.24287973692169432	false	1.0
unzufrieden	neg 1.0		__DUMMY__ 0.4616300438750313 neg 0.30346900665742826 off 0.23490094946754048	false	1.0
verzweifeln	neg 1.0		__DUMMY__ 0.46274267197273705 neg 0.29986140213535384 off 0.23739592589190917	false	1.0
verzweifelt	neg 1.0		__DUMMY__ 0.46106589353959165 neg 0.2996231874919332 off 0.2393109189684752	false	1.0
misstrauensantrag	neg 1.0		__DUMMY__ 0.459676065293695 neg 0.3007308857555034 off 0.23959304895080175	false	1.0
abfallen	neg 1.0		__DUMMY__ 0.46432870946437044 neg 0.29549621862476044 off 0.24017507191086918	false	1.0
fucker	off 1.0		__DUMMY__ 0.4583862923805049 neg 0.29642599082629106 off 0.24518771679320425	false	0.5
ungezogen	neg 1.0		__DUMMY__ 0.45737747037710375 neg 0.28847773555438216 off 0.2541447940685141	false	1.0
irrsinnig	neg 1.0	neg 1.0	neg 0.6406497792451727 __DUMMY__ 0.22372617177033985 off 0.13562404898448732	false	1.0
unfassbar	neg 1.0		__DUMMY__ 0.4602215328488332 neg 0.2955699298566236 off 0.24420853729454312	false	1.0
hart	neg 1.0		__DUMMY__ 0.4595320563570348 neg 0.29946302819939735 off 0.24100491544356784	false	1.0
widerlich	off 1.0		__DUMMY__ 0.45813769784776476 neg 0.2973320751451686 off 0.24453022700706661	false	0.5
fatal	neg 1.0		__DUMMY__ 0.4605622437060749 neg 0.2997987397029266 off 0.23963901659099854	false	1.0
bruch	neg 1.0		__DUMMY__ 0.46278806696500224 neg 0.3078385341844021 off 0.22937339885059568	false	1.0
aushungern	neg 1.0		__DUMMY__ 0.45964149508737523 neg 0.30515232711859386 off 0.23520617779403083	false	1.0
anspannung	neg 1.0	neg 1.0	neg 0.6406815760143247 __DUMMY__ 0.2290556642988206 off 0.13026275968685466	false	1.0
von			__DUMMY__ 0.46784824218924304 neg 0.30000265243913526 off 0.23214910537162173	false	0.0
kraftlos	neg 1.0		__DUMMY__ 0.46510127450793987 neg 0.29864696419775294 off 0.23625176129430722	false	1.0
vom			__DUMMY__ 0.47063625747359367 neg 0.30268911532107734 off 0.22667462720532902	false	0.0
grenzdebil	off 1.0		__DUMMY__ 0.4600189252866957 neg 0.2946155852894763 off 0.2453654894238281	false	0.5
vor			__DUMMY__ 0.46483583269023876 neg 0.3035502289634638 off 0.2316139383462976	false	0.0
unterwerfen	neg 1.0		__DUMMY__ 0.46310122787096225 neg 0.3034576786861328 off 0.233441093442905	false	1.0
versenkung	neg 1.0		__DUMMY__ 0.46280589377828557 neg 0.30425741705809084 off 0.23293668916362353	false	1.0
entziehen	neg 1.0		__DUMMY__ 0.46352194254329 neg 0.30622438243049244 off 0.2302536750262175	false	1.0
finanzkrise	neg 1.0		__DUMMY__ 0.45825361389724356 neg 0.3069969090063599 off 0.2347494770963965	false	1.0
schimpfend	neg 1.0		__DUMMY__ 0.46515833740759216 neg 0.29465393382102417 off 0.24018772877138359	false	1.0
profan	neg 1.0		__DUMMY__ 0.4609776141332912 neg 0.29804366492308776 off 0.24097872094362094	false	1.0
korruption	neg 1.0	neg 1.0	neg 0.6447831495073322 __DUMMY__ 0.22286756907866087 off 0.13234928141400698	false	1.0
â			__DUMMY__ 0.4634713264651483 neg 0.30249831860021836 off 0.23403035493463326	false	0.0
schmutzig	neg 1.0		__DUMMY__ 0.4605733890834219 neg 0.29459244316087824 off 0.24483416775569988	false	1.0
sexy	neg 1.0		__DUMMY__ 0.46093190291578523 neg 0.2973907972185135 off 0.24167729986570127	false	1.0
abraten	neg 1.0		__DUMMY__ 0.4614327777378792 neg 0.2986846992495971 off 0.2398825230125236	false	1.0
schwarz	neg 1.0		__DUMMY__ 0.4608531842401425 neg 0.3001165024581193 off 0.2390303133017382	false	1.0
fotze	off 1.0		__DUMMY__ 0.4619916925703904 neg 0.30507430647222555 off 0.2329340009573841	false	0.5
verwirren	neg 1.0		__DUMMY__ 0.46114928694656826 neg 0.2975361009873125 off 0.2413146120661192	false	1.0
zahnlos	off 1.0		__DUMMY__ 0.46119428297731563 neg 0.304052688138287 off 0.2347530288843974	false	0.5
verheeren	neg 1.0		__DUMMY__ 0.45686895610081024 neg 0.28818420227486075 off 0.254946841624329	false	1.0
hippie	neg 1.0		__DUMMY__ 0.4604836870965005 neg 0.29863721406090865 off 0.24087909884259082	false	1.0
rammen	neg 1.0		__DUMMY__ 0.46029934484275403 neg 0.3018632533975492 off 0.2378374017596968	false	1.0
unlauter	neg 1.0		__DUMMY__ 0.457686622830318 neg 0.30572390303866204 off 0.23658947413101986	false	1.0
unheilvoll	neg 1.0		__DUMMY__ 0.46355086055692124 neg 0.29526103618089233 off 0.24118810326218657	false	1.0
niedrig	neg 1.0		__DUMMY__ 0.4628317093744544 neg 0.30507575108538243 off 0.23209253954016318	false	1.0
explosion	neg 1.0		__DUMMY__ 0.46036472002749523 neg 0.2994728274895323 off 0.24016245248297227	false	1.0
weichei	off 1.0		__DUMMY__ 0.45677775786052716 neg 0.2929976111348238 off 0.2502246310046491	false	0.5
minusmensch	off 1.0		__DUMMY__ 0.45187898013828465 neg 0.2953682667877969 off 0.2527527530739185	false	0.5
farblos	neg 1.0		__DUMMY__ 0.4658446994975711 neg 0.2965194168660774 off 0.2376358836363516	false	1.0
unwissend	neg 1.0	neg 1.0	neg 0.6384099864453867 __DUMMY__ 0.22312875938461058 off 0.13846125417000266	false	1.0
traurig	neg 1.0		__DUMMY__ 0.46009360007747907 neg 0.29209501435950014 off 0.24781138556302088	false	1.0
senkung	neg 1.0		__DUMMY__ 0.4586688913779699 neg 0.3015163734437281 off 0.23981473517830215	false	1.0
ungleich	neg 1.0	neg 1.0	neg 0.6442946192506832 __DUMMY__ 0.22382770888070144 off 0.13187767186861526	false	1.0
heikel	neg 1.0		__DUMMY__ 0.46208522548090847 neg 0.30627324739405565 off 0.231641527125036	false	1.0
drosselung	neg 1.0		__DUMMY__ 0.46006802794415025 neg 0.2952955550223811 off 0.24463641703346853	false	1.0
falsch	neg 1.0		__DUMMY__ 0.4608317367919887 neg 0.2965577007313537 off 0.2426105624766576	false	1.0
unzufriedenheit	neg 1.0		__DUMMY__ 0.46283228569946067 neg 0.3059718476182242 off 0.23119586668231507	false	1.0
kurz	neg 1.0		__DUMMY__ 0.4653976994125793 neg 0.2976194221059799 off 0.2369828784814409	false	1.0
unsinnig	neg 1.0		__DUMMY__ 0.4603423048648637 neg 0.30459532625387525 off 0.23506236888126109	false	1.0
penner	off 1.0	off 1.0	off 0.6135954602085357 __DUMMY__ 0.22139357055767325 neg 0.16501096923379102	false	1.0
seicht	neg 1.0		__DUMMY__ 0.45461668966735247 neg 0.2924283077904776 off 0.2529550025421699	false	1.0
dummheit	off 1.0	off 1.0	off 0.606485983775721 __DUMMY__ 0.22284605585032355 neg 0.17066796037395537	false	1.0
unerfreulich	neg 1.0		__DUMMY__ 0.46387445574419117 neg 0.30498674861920544 off 0.23113879563660342	false	1.0
motherfucker	off 1.0	off 1.0	off 0.6091731581340414 __DUMMY__ 0.22196398697566913 neg 0.1688628548902894	false	1.0
pikiert	neg 1.0		__DUMMY__ 0.4581125940213189 neg 0.29873978757578357 off 0.24314761840289761	false	1.0
wrack	neg 1.0		__DUMMY__ 0.46639496008870024 neg 0.2993438022303366 off 0.23426123768096332	false	1.0
gangster	neg 1.0		__DUMMY__ 0.4610783895023205 neg 0.29828027750238645 off 0.240641332995293	false	1.0
krank	neg 1.0		__DUMMY__ 0.46147587221689873 neg 0.29234273241144704 off 0.2461813953716543	false	1.0
reich	neg 1.0		__DUMMY__ 0.45937187989520434 neg 0.29864713383973346 off 0.2419809862650622	false	1.0
gnadenlos	neg 1.0		__DUMMY__ 0.4619270673236018 neg 0.2992614201711097 off 0.23881151250528845	false	1.0
niedergeschlagen	neg 1.0		__DUMMY__ 0.4639603303366408 neg 0.2992977960287903 off 0.2367418736345688	false	1.0
terrorisieren	off 1.0	off 1.0	off 0.6027940017763366 __DUMMY__ 0.22482396267507038 neg 0.1723820355485931	false	1.0
sinnlosigkeit	neg 1.0		__DUMMY__ 0.4621475277053067 neg 0.30254722780291715 off 0.23530524449177614	false	1.0
behindern	neg 1.0		__DUMMY__ 0.4611978619149809 neg 0.30246332285453315 off 0.23633881523048597	false	1.0
undemokratisch	neg 1.0		__DUMMY__ 0.4583496409055834 neg 0.304466308972874 off 0.23718405012154264	false	1.0
wirtschaftskrise	neg 1.0		__DUMMY__ 0.46047322772105426 neg 0.3067057821399461 off 0.23282099013899954	false	1.0
neid	neg 1.0		__DUMMY__ 0.46381913170943123 neg 0.2916790902417473 off 0.2445017780488214	false	1.0
rutschen	neg 1.0	neg 1.0	neg 0.6398495200691448 __DUMMY__ 0.22870485149361242 off 0.1314456284372428	false	1.0
rezession	neg 1.0		__DUMMY__ 0.4547679100025405 neg 0.29868051737460743 off 0.2465515726228521	false	1.0
fehlgeburt	neg 1.0		__DUMMY__ 0.46295448301370234 neg 0.29653583712968407 off 0.24050967985661365	false	1.0
charakterschwach	off 1.0		__DUMMY__ 0.45911118258629824 neg 0.2964213283396191 off 0.24446748907408272	false	0.5
isolation	neg 1.0		__DUMMY__ 0.46218498753334464 neg 0.2950423577654098 off 0.2427726547012456	false	1.0
ablenkung	neg 1.0		__DUMMY__ 0.46267313473302296 neg 0.2989585796612339 off 0.2383682856057431	false	1.0
pech	neg 1.0		__DUMMY__ 0.46192313135734997 neg 0.2955469306924874 off 0.2425299379501627	false	1.0
vermeidung	neg 1.0		__DUMMY__ 0.45835435672764446 neg 0.2972841791789996 off 0.24436146409335602	false	1.0
dominieren	neg 1.0		__DUMMY__ 0.4657751869153669 neg 0.2994061913045841 off 0.23481862178004906	false	1.0
schwindlig	neg 1.0		__DUMMY__ 0.4640950778746125 neg 0.294283212080673 off 0.24162171004471444	false	1.0
lutscher	neg 1.0	neg 1.0	neg 0.6352585819493973 __DUMMY__ 0.2204978924091964 off 0.1442435256414063	false	1.0
pflicht	neg 1.0		__DUMMY__ 0.4628212021988055 neg 0.3054184800850135 off 0.23176031771618097	false	1.0
faschist	off 1.0		__DUMMY__ 0.4580509063906691 neg 0.30213123293702343 off 0.23981786067230745	false	0.5
verschleudern	neg 1.0		__DUMMY__ 0.45891933882331354 neg 0.3097894117970422 off 0.23129124937964424	false	1.0
wenn			__DUMMY__ 0.4609460189528173 neg 0.2961226130257133 off 0.2429313680214693	false	0.0
ehebruch	neg 1.0		__DUMMY__ 0.4615678476608997 neg 0.30494460279396174 off 0.23348754954513853	false	1.0
spott	off 1.0		__DUMMY__ 0.46105518002970924 neg 0.3063131004569112 off 0.23263171951337963	false	0.5
trostlosigkeit	neg 1.0		__DUMMY__ 0.4634896700711707 neg 0.30602769665721996 off 0.2304826332716093	false	1.0
lutschen	neg 1.0		__DUMMY__ 0.4591805469638274 neg 0.30112923792471724 off 0.23969021511145533	false	1.0
undiszipliniert	neg 1.0		__DUMMY__ 0.4599015187603672 neg 0.2934779519676361 off 0.24662052927199657	false	1.0
kopfschmerz	neg 1.0		__DUMMY__ 0.46427239320436653 neg 0.299067688666234 off 0.2366599181293996	false	1.0
unvorhergesehen	neg 1.0		__DUMMY__ 0.46721352761960216 neg 0.2978271834733455 off 0.2349592889070522	false	1.0
desinteressiert	neg 1.0		__DUMMY__ 0.4588197742769791 neg 0.2951317511736046 off 0.24604847454941645	false	1.0
armselig	off 1.0		__DUMMY__ 0.45696900110601624 neg 0.29649074090588334 off 0.24654025798810025	false	0.5
desaster	neg 1.0		__DUMMY__ 0.4627966460877021 neg 0.3084764515812117 off 0.2287269023310862	false	1.0
tod	neg 1.0		__DUMMY__ 0.46366690219743595 neg 0.3022635235039792 off 0.2340695742985849	false	1.0
herzlos	neg 1.0		__DUMMY__ 0.45820085319582365 neg 0.29416004308338345 off 0.2476391037207928	false	1.0
unwissenheit	neg 1.0		__DUMMY__ 0.46021015632238943 neg 0.3055725444617605 off 0.23421729921585002	false	1.0
widersinnig	neg 1.0	neg 1.0	neg 0.6444472752045575 __DUMMY__ 0.22254071548229487 off 0.13301200931314777	false	1.0
bedenklich	neg 1.0		__DUMMY__ 0.4616499210229448 neg 0.30507271151429405 off 0.23327736746276118	false	1.0
beanstanden	neg 1.0		__DUMMY__ 0.46312279098407566 neg 0.3058022419607685 off 0.23107496705515576	false	1.0
panisch	neg 1.0	neg 1.0	neg 0.6359365876573705 __DUMMY__ 0.22633686692480615 off 0.1377265454178234	false	1.0
debil	off 1.0		__DUMMY__ 0.46530496718423436 neg 0.30900147395924343 off 0.22569355885652229	false	0.5
abstrich	neg 1.0		__DUMMY__ 0.46205543078210926 neg 0.3042274636593076 off 0.23371710555858316	false	1.0
primitiv	neg 1.0		__DUMMY__ 0.45814532445983946 neg 0.2967940526161925 off 0.2450606229239679	false	1.0
abschaum	off 1.0	off 1.0	off 0.6080206611533626 __DUMMY__ 0.2228036708592352 neg 0.16917566798740208	false	1.0
provozieren	neg 1.0		__DUMMY__ 0.4608805245382038 neg 0.3009291974427388 off 0.23819027801905754	false	1.0
tot	neg 1.0		__DUMMY__ 0.4634377010367218 neg 0.3031613987866871 off 0.23340090017659115	false	1.0
instabil	neg 1.0		__DUMMY__ 0.45653743665986807 neg 0.29937874552730226 off 0.24408381781282962	false	1.0
schwuchtel	off 1.0		__DUMMY__ 0.4522424780210284 neg 0.2893101307246986 off 0.2584473912542731	false	0.5
zerren	neg 1.0		__DUMMY__ 0.4641318707384223 neg 0.29890569572002657 off 0.23696243354155108	false	1.0
kinderficker	off 1.0		__DUMMY__ 0.45588533019312877 neg 0.2949645525436364 off 0.24915011726323483	false	0.5
gefahr	neg 1.0		__DUMMY__ 0.46297896418445417 neg 0.3057123552767945 off 0.23130868053875123	false	1.0
rabiat	neg 1.0		__DUMMY__ 0.46080453549952555 neg 0.30188618610121704 off 0.23730927839925753	false	1.0
verlangsamung	neg 1.0		__DUMMY__ 0.45528530986940347 neg 0.2937470790156945 off 0.2509676111149019	false	1.0
ausgestorben	neg 1.0		__DUMMY__ 0.46347766617901365 neg 0.2989547061073251 off 0.23756762771366124	false	1.0
anklagen	neg 1.0		__DUMMY__ 0.46066594780813197 neg 0.304449006801637 off 0.23488504539023108	false	1.0
trott	neg 1.0		__DUMMY__ 0.4627459105894795 neg 0.3000602573864718 off 0.23719383202404878	false	1.0
verminderung	neg 1.0		__DUMMY__ 0.4589315204621446 neg 0.2954578100708614 off 0.245610669466994	false	1.0
nach			__DUMMY__ 0.46999859481899503 neg 0.3005377178414548 off 0.2294636873395502	false	0.0
rost	neg 1.0		__DUMMY__ 0.45721148381005794 neg 0.29261653553150485 off 0.2501719806584371	false	1.0
destruktiv	neg 1.0		__DUMMY__ 0.45965081314678224 neg 0.30403532177834075 off 0.23631386507487703	false	1.0
unzumutbarkeit	neg 1.0		__DUMMY__ 0.4612779445003582 neg 0.2953839504441586 off 0.24333810505548312	false	1.0
labil	off 1.0	off 1.0	off 0.6079070596179914 __DUMMY__ 0.22275957154490075 neg 0.16933336883710784	false	1.0
ziemlich	neg 1.0		__DUMMY__ 0.4612895723964728 neg 0.29358184928893816 off 0.24512857831458912	false	1.0
lachnummer	off 1.0		__DUMMY__ 0.46118516083963795 neg 0.3016295745451487 off 0.23718526461521333	false	0.5
oder			__DUMMY__ 0.4637642513616253 neg 0.29747821655553175 off 0.23875753208284287	false	0.0
verfall	neg 1.0		__DUMMY__ 0.4636357114837868 neg 0.31021278357351445 off 0.22615150494269867	false	1.0
ausgrenzung	neg 1.0		__DUMMY__ 0.45758658028211696 neg 0.3046613566897705 off 0.23775206302811247	false	1.0
unordnung	neg 1.0		__DUMMY__ 0.4607444888243538 neg 0.295235598925708 off 0.2440199122499382	false	1.0
fehlverhalten	neg 1.0		__DUMMY__ 0.4617745244737104 neg 0.3065289041114622 off 0.2316965714148273	false	1.0
eine			__DUMMY__ 0.46404818452832775 neg 0.3041759009453245 off 0.2317759145263478	false	0.0
nille	neg 1.0		__DUMMY__ 0.46193405815518007 neg 0.30193585791963623 off 0.23613008392518364	false	1.0
qual	neg 1.0		__DUMMY__ 0.46240439856221227 neg 0.30078051614705203 off 0.23681508529073556	false	1.0
verschwenden	neg 1.0		__DUMMY__ 0.46184547824891253 neg 0.30423746330190404 off 0.23391705844918337	false	1.0
riesig	neg 1.0	neg 1.0	neg 0.6411494035979707 __DUMMY__ 0.2257616443719676 off 0.13308895203006174	false	1.0
verurteilen	neg 1.0		__DUMMY__ 0.4608463549768683 neg 0.30471525100347846 off 0.23443839401965302	false	1.0
klischee	neg 1.0	neg 1.0	neg 0.6402473128357166 __DUMMY__ 0.22266857441354035 off 0.137084112750743	false	1.0
diktatorisch	neg 1.0		__DUMMY__ 0.456888366471936 neg 0.3058333301274752 off 0.23727830340058875	false	1.0
vorhersehbar	neg 1.0	neg 1.0	neg 0.6400190081725041 __DUMMY__ 0.22318312448257824 off 0.1367978673449176	false	1.0
sowie			__DUMMY__ 0.4561528261777719 neg 0.2947174216489128 off 0.2491297521733153	false	0.0
stornieren	neg 1.0		__DUMMY__ 0.4662681208307801 neg 0.2935361051255606 off 0.24019577404365935	false	1.0
besteuerung	neg 1.0		__DUMMY__ 0.45846282469384536 neg 0.30450938529706917 off 0.2370277900090854	false	1.0
ungeschminkt	neg 1.0		__DUMMY__ 0.4584797485158562 neg 0.2972949293684946 off 0.2442253221156492	false	1.0
kritisch	neg 1.0		__DUMMY__ 0.4620742824419678 neg 0.30472606595779983 off 0.23319965160023237	false	1.0
schlamperei	off 1.0		__DUMMY__ 0.4609665629771987 neg 0.30770230740658816 off 0.23133112961621324	false	0.5
sucht	neg 1.0	neg 1.0	neg 0.6402202807341494 __DUMMY__ 0.22478845077131349 off 0.1349912684945372	false	1.0
egoistisch	off 1.0		__DUMMY__ 0.4580797899820486 neg 0.29124969898984987 off 0.2506705110281015	false	0.5
ausbeuter	off 1.0		__DUMMY__ 0.46049550119056865 neg 0.3084888089565799 off 0.2310156898528515	false	0.5
arschgeburt	off 1.0		__DUMMY__ 0.4517836900916861 neg 0.2897764973393242 off 0.25843981256898957	false	0.5
schubs	neg 1.0	neg 1.0	neg 0.6396347158302319 __DUMMY__ 0.22625641754798273 off 0.13410886662178537	false	1.0
unsolide	neg 1.0		__DUMMY__ 0.4546436955918844 neg 0.30831323360431256 off 0.23704307080380296	false	1.0
beschwerde	neg 1.0		__DUMMY__ 0.4606203537953133 neg 0.3079668395774294 off 0.23141280662725738	false	1.0
stocken	neg 1.0		__DUMMY__ 0.46169724350786523 neg 0.30573564872287434 off 0.2325671077692605	false	1.0
isolieren	neg 1.0		__DUMMY__ 0.46129423108677664 neg 0.30481325352212896 off 0.2338925153910944	false	1.0
unheilbar	neg 1.0		__DUMMY__ 0.4631535813554163 neg 0.2980709916260836 off 0.23877542701850016	false	1.0
pisser	off 1.0		__DUMMY__ 0.4580932074320067 neg 0.29663551088417506 off 0.24527128168381815	false	0.5
löschen	neg 1.0		__DUMMY__ 0.4619280937342181 neg 0.3006258874171925 off 0.23744601884858949	false	1.0
durchfallen	neg 1.0		__DUMMY__ 0.46080155565968883 neg 0.3048281387830644 off 0.23437030555724675	false	1.0
wichser	off 1.0		__DUMMY__ 0.45601760278747877 neg 0.2881452808282519 off 0.2558371163842693	false	0.5
terror	neg 1.0		__DUMMY__ 0.4620285791846275 neg 0.2969168135204899 off 0.2410546072948827	false	1.0
krass	neg 1.0		__DUMMY__ 0.4580777109764509 neg 0.2937777642523772 off 0.24814452477117188	false	1.0
revolte	neg 1.0	neg 1.0	neg 0.6418391889121435 __DUMMY__ 0.22246756011718755 off 0.1356932509706689	false	1.0
besorgt	neg 1.0		__DUMMY__ 0.46545334843694636 neg 0.2981660690737582 off 0.23638058248929547	false	1.0
nachlassen	neg 1.0		__DUMMY__ 0.46343044869148775 neg 0.303707215386767 off 0.23286233592174524	false	1.0
alt	neg 1.0		__DUMMY__ 0.46330712541351554 neg 0.3025907602615172 off 0.23410211432496728	false	1.0
hundesohn	off 1.0		__DUMMY__ 0.45406789369914174 neg 0.29294866905292216 off 0.2529834372479361	false	0.5
als			__DUMMY__ 0.46429092941149197 neg 0.2994501088382884 off 0.23625896175021965	false	0.0
abschreckung	neg 1.0		__DUMMY__ 0.4627829198631957 neg 0.3069853939363999 off 0.2302316862004044	false	1.0
unqualifiziert	neg 1.0		__DUMMY__ 0.45795659153217205 neg 0.301603254631346 off 0.2404401538364819	false	1.0
abgewichst	off 1.0		__DUMMY__ 0.46280831345656004 neg 0.30146663920659644 off 0.23572504733684346	false	0.5
schwer	neg 1.0		__DUMMY__ 0.46268857115442297 neg 0.2994325729263987 off 0.23787885591917848	false	1.0
bedeutungslosigkeit	neg 1.0		__DUMMY__ 0.4625868948862103 neg 0.3060552696427763 off 0.23135783547101346	false	1.0
kapitulation	neg 1.0		__DUMMY__ 0.45912571775105004 neg 0.30918067030513846 off 0.23169361194381136	false	1.0
unscharf	neg 1.0		__DUMMY__ 0.461019069391687 neg 0.298658970154217 off 0.240321960454096	false	1.0
schwinden	neg 1.0		__DUMMY__ 0.46307661048672843 neg 0.3055591693382158 off 0.23136422017505578	false	1.0
versklavung	neg 1.0		__DUMMY__ 0.45704646247715236 neg 0.30611279645506345 off 0.2368407410677842	false	1.0
schlecht	neg 1.0		__DUMMY__ 0.4613676478980068 neg 0.29335423156260854 off 0.2452781205393846	false	1.0
verhasst	neg 1.0		__DUMMY__ 0.4611494278372152 neg 0.30004834905849087 off 0.23880222310429391	false	1.0
beschweren	neg 1.0		__DUMMY__ 0.4618331293216863 neg 0.2980687680059728 off 0.24009810267234083	false	1.0
scheiden	neg 1.0		__DUMMY__ 0.467536323797195 neg 0.29224153263906066 off 0.2402221435637444	false	1.0
frustriert	neg 1.0		__DUMMY__ 0.4628521381252182 neg 0.30052832442093047 off 0.23661953745385128	false	1.0
schimmelig	neg 1.0		__DUMMY__ 0.4635731088246069 neg 0.3031159814562856 off 0.23331090971910748	false	1.0
fisch	neg 1.0		__DUMMY__ 0.46729835408251563 neg 0.2995345300638311 off 0.23316711585365343	false	1.0
schmuggel	neg 1.0		__DUMMY__ 0.4655534125882785 neg 0.3021483508452803 off 0.2322982365664412	false	1.0
auffallen	neg 1.0		__DUMMY__ 0.4616851962602452 neg 0.2974146363335229 off 0.24090016740623202	false	1.0
konkurrenz	neg 1.0	neg 1.0	neg 0.6428293582374889 __DUMMY__ 0.22606538535116832 off 0.1311052564113428	false	1.0
teufelskreis	neg 1.0	neg 1.0	neg 0.6416844287876141 __DUMMY__ 0.22393774324473623 off 0.13437782796764966	false	1.0
aufschreien	neg 1.0		__DUMMY__ 0.46050203121950517 neg 0.29919743250020137 off 0.2403005362802935	false	1.0
schuldner	neg 1.0		__DUMMY__ 0.4629033619626483 neg 0.30551947916575484 off 0.2315771588715969	false	1.0
missgeburt	off 1.0	off 1.0	off 0.6116344143740324 __DUMMY__ 0.22114767759798426 neg 0.16721790802798328	false	1.0
arbeitslos	neg 1.0		__DUMMY__ 0.46098653400476136 neg 0.3042558696626844 off 0.23475759633255436	false	1.0
befallen	neg 1.0		__DUMMY__ 0.46023177592984815 neg 0.3050348423209797 off 0.23473338174917202	false	1.0
miesepetrig	off 1.0	off 1.0	off 0.6092083350387614 __DUMMY__ 0.22389901976205528 neg 0.1668926451991833	false	1.0
alarmieren	neg 1.0		__DUMMY__ 0.45756427526195464 neg 0.30091129177548803 off 0.24152443296255743	false	1.0
ungeduscht	off 1.0		__DUMMY__ 0.4621978258807555 neg 0.295355131521471 off 0.2424470425977734	false	0.5
knappheit	neg 1.0		__DUMMY__ 0.4602896554942296 neg 0.30743338743031173 off 0.23227695707545856	false	1.0
schlange	neg 1.0		__DUMMY__ 0.4647966843135044 neg 0.2941153162155249 off 0.24108799947097065	false	1.0
harsch	neg 1.0		__DUMMY__ 0.4601132673286514 neg 0.2903248632840019 off 0.24956186938734684	false	1.0
lang	neg 1.0		__DUMMY__ 0.46197241699762087 neg 0.30000797593549433 off 0.23801960706688494	false	1.0
ziellos	neg 1.0		__DUMMY__ 0.4647107940565197 neg 0.29967452170697495 off 0.23561468423650528	false	1.0
selbstverliebt	neg 1.0		__DUMMY__ 0.4532687104904604 neg 0.2908370546376998 off 0.2558942348718399	false	1.0
beseitigen	neg 1.0	neg 1.0	neg 0.639613206250144 __DUMMY__ 0.2256673115048547 off 0.13471948224500135	false	1.0
dumm	off 1.0		__DUMMY__ 0.45681828342204306 neg 0.29176868830126135 off 0.2514130282766956	false	0.5
arbeitsloser	neg 1.0		__DUMMY__ 0.4631445754009932 neg 0.30238793269855496 off 0.23446749190045182	false	1.0
blitzen	neg 1.0		__DUMMY__ 0.46043042366320114 neg 0.29852178286655 off 0.2410477934702489	false	1.0
hilflos	neg 1.0		__DUMMY__ 0.4630620438029783 neg 0.3008284280216953 off 0.23610952817532632	false	1.0
eklig	off 1.0		__DUMMY__ 0.45659456603753645 neg 0.29130118891522644 off 0.25210424504723694	false	0.5
begriff			__DUMMY__ 0.46106449037607594 neg 0.3030930164022024 off 0.23584249322172185	false	0.0
hungersnot	neg 1.0		__DUMMY__ 0.4613196865299607 neg 0.3037222359644488 off 0.23495807750559042	false	1.0
ungesetzlich	neg 1.0		__DUMMY__ 0.45619502091445385 neg 0.3058389018810084 off 0.23796607720453772	false	1.0
verschwendung	neg 1.0		__DUMMY__ 0.46300623273293223 neg 0.30417261380013616 off 0.23282115346693158	false	1.0
schmerzvoll	neg 1.0		__DUMMY__ 0.4620361121501077 neg 0.2978648079309384 off 0.2400990799189538	false	1.0
vorzeitig	neg 1.0		__DUMMY__ 0.4622053524077311 neg 0.29616528061275116 off 0.24162936697951773	false	1.0
unvollkommenheit	neg 1.0		__DUMMY__ 0.4652756962181095 neg 0.2989870399497409 off 0.23573726383214974	false	1.0
intervenieren	neg 1.0		__DUMMY__ 0.4602150126672828 neg 0.3085223356153401 off 0.2312626517173772	false	1.0
banause	off 1.0		__DUMMY__ 0.4544646085358005 neg 0.2916981211042902 off 0.2538372703599092	false	0.5
rebell	neg 1.0		__DUMMY__ 0.46358997347145825 neg 0.30773323090229515 off 0.22867679562624657	false	1.0
unlogisch	neg 1.0		__DUMMY__ 0.4585458603568591 neg 0.29407202196171245 off 0.24738211768142832	false	1.0
leiden	neg 1.0		__DUMMY__ 0.4694278082436121 neg 0.2959161381453788 off 0.2346560536110089	false	1.0
abschaffung	neg 1.0		__DUMMY__ 0.45851824582805595 neg 0.3046561353334601 off 0.2368256188384839	false	1.0
sturz	neg 1.0		__DUMMY__ 0.4624422900327007 neg 0.2999518426221831 off 0.23760586734511602	false	1.0
verkleinerung	neg 1.0		__DUMMY__ 0.4561461231310255 neg 0.3047772151239404 off 0.239076661745034	false	1.0
schmarotzer	off 1.0		__DUMMY__ 0.4605005356869026 neg 0.3050868654920826 off 0.23441259882101478	false	0.5
bestrafung	neg 1.0		__DUMMY__ 0.4613969362028024 neg 0.29934203718107844 off 0.2392610266161191	false	1.0
achtlos	neg 1.0		__DUMMY__ 0.46406279247457827 neg 0.29760727497296596 off 0.2383299325524557	false	1.0
ungeheuer	neg 1.0		__DUMMY__ 0.46358949028100743 neg 0.29407454565682906 off 0.24233596406216346	false	1.0
unaufrichtig	neg 1.0		__DUMMY__ 0.45850761961017716 neg 0.302387814974275 off 0.23910456541554775	false	1.0
groggy	neg 1.0		__DUMMY__ 0.4596508735837576 neg 0.3001911309690349 off 0.24015799544720742	false	1.0
verletzlich	neg 1.0		__DUMMY__ 0.45992478936375736 neg 0.2938813956739195 off 0.2461938149623231	false	1.0
