unsolidarisch	neg 1.0		__DUMMY__ 0.8706129381717528 neg 0.07524590953374694 off 0.05414115229450025	false	1.0
nachteilig	neg 1.0		__DUMMY__ 0.877419900687764 neg 0.07228347375858046 off 0.05029662555365566	false	1.0
skeptisch	neg 1.0		__DUMMY__ 0.8787102726865783 neg 0.07155255012081459 off 0.04973717719260702	false	1.0
schrecklich	neg 1.0		__DUMMY__ 0.8745836172539837 neg 0.06281668244508318 off 0.06259970030093305	false	1.0
schlapp	neg 1.0	neg 1.0	neg 0.5184344098039195 __DUMMY__ 0.4374198001519197 off 0.0441457900441608	false	1.0
abfall	neg 1.0		__DUMMY__ 0.880390867559249 neg 0.07232341340691882 off 0.04728571903383221	false	1.0
widerspenstig	neg 1.0		__DUMMY__ 0.8787646999179608 neg 0.0674346504531991 off 0.053800649628840194	false	1.0
abrupt	neg 1.0		__DUMMY__ 0.8837956007617753 neg 0.0664194334765223 off 0.04978496576170233	false	1.0
unwirksam	neg 1.0		__DUMMY__ 0.8723568343812435 neg 0.07390440039017471 off 0.053738765228581786	false	1.0
angreifen	neg 1.0	neg 1.0	neg 0.5242134685882053 __DUMMY__ 0.43783788828539455 off 0.03794864312640015	false	1.0
inkonsistent	neg 1.0		__DUMMY__ 0.876773019534315 neg 0.06879572678543852 off 0.054431253680246545	false	1.0
abrutschen	neg 1.0		__DUMMY__ 0.8805624562766603 neg 0.07180907752668403 off 0.04762846619665568	false	1.0
unsicher	neg 1.0		__DUMMY__ 0.878939659526823 neg 0.06687270946316609 off 0.05418763101001098	false	1.0
bauernkind	off 1.0	off 1.0	off 0.5170383546954942 __DUMMY__ 0.4309674308186166 neg 0.051994214485889124	false	1.0
angreifer	neg 1.0		__DUMMY__ 0.8789918141911583 neg 0.06578177419701077 off 0.055226411611830895	false	1.0
trennen	neg 1.0		__DUMMY__ 0.8851407263100731 neg 0.06452271206570456 off 0.05033656162422231	false	1.0
schmutz	neg 1.0		__DUMMY__ 0.8807165019392145 neg 0.06420837434081304 off 0.05507512371997256	false	1.0
inkonsistenz	neg 1.0		__DUMMY__ 0.872869037110162 neg 0.06924332374029445 off 0.05788763914954365	false	1.0
erschreckend	neg 1.0		__DUMMY__ 0.8774616585458349 neg 0.06926671558698311 off 0.05327162586718197	false	1.0
ertrinken	neg 1.0		__DUMMY__ 0.8809110360167037 neg 0.06811979607189589 off 0.05096916791140032	false	1.0
pickelface	off 1.0		__DUMMY__ 0.8770785831306696 neg 0.07075428726823826 off 0.052167129601092134	false	0.5
seiner			__DUMMY__ 0.8810793983227094 neg 0.06882500206062633 off 0.05009559961666418	false	0.0
lauch	neg 1.0		__DUMMY__ 0.8777392411570877 neg 0.07485650390458022 off 0.047404254938332176	false	1.0
unwichtig	neg 1.0		__DUMMY__ 0.8749453504357676 neg 0.06664797696760495 off 0.058406672596627435	false	1.0
steuerhinterziehung	neg 1.0		__DUMMY__ 0.8740684699476888 neg 0.07335931441493304 off 0.05257221563737814	false	1.0
schock	neg 1.0		__DUMMY__ 0.8819461448711151 neg 0.06481604807988059 off 0.0532378070490043	false	1.0
beule	neg 1.0		__DUMMY__ 0.8773531854223261 neg 0.06426187991883932 off 0.05838493465883457	false	1.0
vergelten	neg 1.0		__DUMMY__ 0.8775925900119842 off 0.061415741667535724 neg 0.060991668320480134	false	0.5
verdorbenheit	neg 1.0		__DUMMY__ 0.8788507332921205 neg 0.06800684803845007 off 0.05314241866942939	false	1.0
trauma	neg 1.0		__DUMMY__ 0.8769719409580341 neg 0.06809542345129924 off 0.054932635590666724	false	1.0
sinnlos	neg 1.0		__DUMMY__ 0.8779593993903333 neg 0.0658337765252314 off 0.05620682408443526	false	1.0
fettsack	off 1.0	off 1.0	off 0.5183233255182919 __DUMMY__ 0.4324847457935475 neg 0.04919192868816075	false	1.0
feige	off 1.0	off 1.0	off 0.5148462681148714 __DUMMY__ 0.43366155848891974 neg 0.05149217339620874	false	1.0
abdanken	neg 1.0		__DUMMY__ 0.8751503839702174 neg 0.07130823157352228 off 0.053541384456260256	false	1.0
wichtigtuer	off 1.0	off 1.0	off 0.5127998820559451 __DUMMY__ 0.43548990513238983 neg 0.05171021281166513	false	1.0
misslingen	neg 1.0		__DUMMY__ 0.8838909681298613 neg 0.06150267236185831 off 0.054606359508280404	false	1.0
untreu	off 1.0		__DUMMY__ 0.8740616325851482 neg 0.06647578321175844 off 0.05946258420309334	false	0.5
missmutig	neg 1.0		__DUMMY__ 0.8770178320987133 neg 0.06464642173204421 off 0.058335746169242524	false	1.0
hurenbock	off 1.0		__DUMMY__ 0.8792198759351803 neg 0.06586507170499373 off 0.05491505235982593	false	0.5
betrunken	neg 1.0		__DUMMY__ 0.8777314922597369 neg 0.06174556667647559 off 0.060522941063787514	false	1.0
korrupt	off 1.0		__DUMMY__ 0.8727243536051367 neg 0.07514860179135471 off 0.0521270446035086	false	0.5
unmut	neg 1.0		__DUMMY__ 0.8795724492390334 neg 0.07287566473726255 off 0.04755188602370411	false	1.0
hackfresse	off 1.0		__DUMMY__ 0.870889011123503 off 0.0656295654602687 neg 0.06348142341622828	false	1.0
aufblasen	neg 1.0		__DUMMY__ 0.8797162485745721 neg 0.06515480945443071 off 0.05512894197099716	false	1.0
gewaltsam	neg 1.0		__DUMMY__ 0.8777388921965039 neg 0.06905533534567466 off 0.053205772457821376	false	1.0
unbeliebtheit	neg 1.0		__DUMMY__ 0.868645284171134 neg 0.07331007970077147 off 0.058044636128094546	false	1.0
sturheit	neg 1.0		__DUMMY__ 0.8770633038418104 neg 0.06956928237385902 off 0.053367413784330554	false	1.0
kuh	neg 1.0		__DUMMY__ 0.8744018383033503 neg 0.07160763085847041 off 0.05399053083817936	false	1.0
erschrecken	neg 1.0		__DUMMY__ 0.877586307469909 neg 0.06467518064408778 off 0.057738511886003235	false	1.0
opfer	neg 1.0		__DUMMY__ 0.8798697851719786 neg 0.06896456900056706 off 0.05116564582745442	false	1.0
sinken	neg 1.0		__DUMMY__ 0.8816126491960051 neg 0.07048917890221705 off 0.04789817190177769	false	1.0
stinktier	neg 1.0		__DUMMY__ 0.8710164372717573 neg 0.06603658611983486 off 0.06294697660840788	false	1.0
tucke	off 1.0		__DUMMY__ 0.8662647945785477 neg 0.06784603727073843 off 0.06588916815071388	false	0.5
ein			__DUMMY__ 0.8805204802795611 neg 0.06500361405996737 off 0.054475905660471585	false	0.0
abstieg	neg 1.0		__DUMMY__ 0.8820910333965356 neg 0.06761596557230916 off 0.05029300103115523	false	1.0
missverstehen	neg 1.0		__DUMMY__ 0.8747081524655365 neg 0.06881052596053083 off 0.05648132157393264	false	1.0
ergebnislos	neg 1.0		__DUMMY__ 0.8792337525543428 neg 0.07051644939094945 off 0.0502497980547078	false	1.0
unter			__DUMMY__ 0.8885021507511968 neg 0.0680197641811766 off 0.04347808506762666	false	0.0
manipulieren	neg 1.0		__DUMMY__ 0.8792081252667531 neg 0.07092492715969696 off 0.049866947573549966	false	1.0
unbewiesen	neg 1.0		__DUMMY__ 0.8697544670003586 neg 0.07582152824459826 off 0.0544240047550431	false	1.0
verschleppen	neg 1.0		__DUMMY__ 0.8778778546832207 neg 0.07040171721612688 off 0.051720428100652506	false	1.0
weib	off 1.0		__DUMMY__ 0.8700827550027448 off 0.06556967291685789 neg 0.06434757208039733	false	1.0
opposition	neg 1.0		__DUMMY__ 0.8741838099110633 neg 0.07045107567843653 off 0.05536511441050025	false	1.0
verkehrswidrig	neg 1.0	neg 1.0	neg 0.5112600334332231 __DUMMY__ 0.44228815867138954 off 0.046451807895387436	false	1.0
inkorrekt	neg 1.0		__DUMMY__ 0.8696635106282922 neg 0.0696617348798265 off 0.060674754491881276	false	1.0
vermeiden	neg 1.0		__DUMMY__ 0.8845385227256618 neg 0.07004129905484319 off 0.045420178219495067	false	1.0
abweichung	neg 1.0	neg 1.0	neg 0.5227197200305782 __DUMMY__ 0.4389303426542253 off 0.03834993731519661	false	1.0
alkoholisiert	neg 1.0		__DUMMY__ 0.889402157934957 neg 0.061389675058956115 off 0.04920816700608688	false	1.0
scheiss	off 1.0	off 1.0	off 0.514463440483005 __DUMMY__ 0.43625554254517346 neg 0.04928101697182161	false	1.0
herausforderung	neg 1.0	neg 1.0	neg 0.5175460769351878 __DUMMY__ 0.44473986941789223 off 0.03771405364691998	false	1.0
pervers	off 1.0		__DUMMY__ 0.8692933446997474 off 0.06842143856285605 neg 0.06228521673739665	false	1.0
wackelig	neg 1.0		__DUMMY__ 0.8844190123503128 neg 0.06397972304810247 off 0.05160126460158477	false	1.0
verwickeln	neg 1.0		__DUMMY__ 0.8752151654404726 neg 0.06834715801228272 off 0.056437676547244686	false	1.0
vorwand	neg 1.0		__DUMMY__ 0.8792547900451241 neg 0.07162419795741559 off 0.049121011997460336	false	1.0
muschi	off 1.0		__DUMMY__ 0.8776626486193757 neg 0.06968840664372164 off 0.0526489447369026	false	0.5
entmutigung	neg 1.0		__DUMMY__ 0.8729954731971883 neg 0.0714771273922888 off 0.055527399410522885	false	1.0
unangemessen	neg 1.0		__DUMMY__ 0.8762763507434196 neg 0.07117322072782307 off 0.05255042852875723	false	1.0
unstetig	neg 1.0		__DUMMY__ 0.8773635967546374 neg 0.06819486737020165 off 0.054441535875160894	false	1.0
entmutigen	neg 1.0		__DUMMY__ 0.8783852249942137 neg 0.06629319747253128 off 0.05532157753325505	false	1.0
schwanz	neg 1.0		__DUMMY__ 0.8795433662284867 neg 0.070802398370069 off 0.04965423540144429	false	1.0
verbot	neg 1.0		__DUMMY__ 0.8745757104519544 neg 0.07359090260218325 off 0.05183338694586246	false	1.0
leid	neg 1.0		__DUMMY__ 0.8736715606458219 off 0.06349610235753983 neg 0.06283233699663832	false	0.5
archaisch	neg 1.0		__DUMMY__ 0.8786646935144126 neg 0.06906878205871587 off 0.052266524426871616	false	1.0
gegen			__DUMMY__ 0.8816802380962672 neg 0.06966705049922955 off 0.048652711404503224	false	0.0
scheidung	neg 1.0		__DUMMY__ 0.8696738981322922 off 0.07171448448307445 neg 0.05861161738463333	false	0.5
einschlag	neg 1.0	neg 1.0	neg 0.5172493033743374 __DUMMY__ 0.4363701110265159 off 0.04638058559914671	false	1.0
m			__DUMMY__ 0.880356064913159 neg 0.06770321974433091 off 0.05194071534251013	false	0.0
abgestanden	neg 1.0		__DUMMY__ 0.8780224328251297 neg 0.06805560539414943 off 0.05392196178072093	false	1.0
schmierig	off 1.0		__DUMMY__ 0.8739113610129083 off 0.06307434736940214 neg 0.06301429161768957	false	1.0
unpraktisch	neg 1.0		__DUMMY__ 0.8806563766549252 neg 0.06470309239604181 off 0.054640530949032935	false	1.0
wixxer	off 1.0		__DUMMY__ 0.8681392452098311 off 0.06820557303364808 neg 0.0636551817565209	false	1.0
bezeichnet			__DUMMY__ 0.8767723904769028 neg 0.06943803896289169 off 0.05378957056020555	false	0.0
jammerlappen	off 1.0		__DUMMY__ 0.8751910997634285 neg 0.06627056857590571 off 0.05853833166066588	false	0.5
farce	neg 1.0		__DUMMY__ 0.8738917792239289 neg 0.07360357802394144 off 0.05250464275212971	false	1.0
zwecklos	neg 1.0		__DUMMY__ 0.8771419375140596 neg 0.07037462306801388 off 0.052483439417926527	false	1.0
turbulent	neg 1.0		__DUMMY__ 0.8738651602087889 neg 0.06740803035896631 off 0.05872680943224478	false	1.0
invasion	neg 1.0		__DUMMY__ 0.8778113809618342 neg 0.06596351584194679 off 0.056225103196219005	false	1.0
schuld	neg 1.0		__DUMMY__ 0.8774022133183134 neg 0.06759654343092326 off 0.05500124325076331	false	1.0
risiko	neg 1.0		__DUMMY__ 0.8801463000723351 neg 0.06561502499111425 off 0.05423867493655071	false	1.0
finster	neg 1.0		__DUMMY__ 0.8795838203455412 neg 0.06603227412333601 off 0.054383905531122774	false	1.0
geisteskrank	off 1.0		__DUMMY__ 0.8726419885474781 neg 0.0672278809783483 off 0.06013013047417362	false	0.5
zusammenbrechen	neg 1.0		__DUMMY__ 0.8800535603523346 neg 0.06706631892299485 off 0.052880120724670535	false	1.0
ausbeute	neg 1.0		__DUMMY__ 0.8853843153365214 neg 0.06512633852052688 off 0.04948934614295163	false	1.0
hinterhalt	neg 1.0		__DUMMY__ 0.8812228962758284 neg 0.06670677014509736 off 0.052070333579074236	false	1.0
kritik	neg 1.0		__DUMMY__ 0.8744194916589654 neg 0.07319765111715097 off 0.05238285722388372	false	1.0
einschrumpfen	neg 1.0		__DUMMY__ 0.8717655434946403 neg 0.07153379431735722 off 0.05670066218800237	false	1.0
riskant	neg 1.0		__DUMMY__ 0.8777126056334111 neg 0.07134126743132292 off 0.05094612693526601	false	1.0
frustrieren	neg 1.0		__DUMMY__ 0.8790853444073534 neg 0.06982022624617587 off 0.0510944293464707	false	1.0
groll	neg 1.0		__DUMMY__ 0.878930918405229 neg 0.0688222154557378 off 0.05224686613903332	false	1.0
gibt			__DUMMY__ 0.8788074048958177 neg 0.06856388213822086 off 0.05262871296596156	false	0.0
qualvoll	neg 1.0		__DUMMY__ 0.8789272661022361 neg 0.0640998242292293 off 0.05697290966853455	false	1.0
wackeln	neg 1.0	neg 1.0	neg 0.518378729846367 __DUMMY__ 0.4402585772207916 off 0.041362692932841456	false	1.0
klagen	neg 1.0		__DUMMY__ 0.8801629170587413 neg 0.07186408414495206 off 0.04797299879630668	false	1.0
bankrott	neg 1.0		__DUMMY__ 0.8768608722264342 neg 0.06578221506431767 off 0.05735691270924809	false	1.0
trauern	neg 1.0		__DUMMY__ 0.8820713627104767 neg 0.06699959833148839 off 0.05092903895803493	false	1.0
ablehnung	neg 1.0		__DUMMY__ 0.8741104967325785 neg 0.07342538542546137 off 0.05246411784196028	false	1.0
stur	neg 1.0		__DUMMY__ 0.8765889765135597 neg 0.06788955242840405 off 0.055521471058036224	false	1.0
aufruhr	neg 1.0		__DUMMY__ 0.8775302479968051 neg 0.06926483086137597 off 0.05320492114181886	false	1.0
melancholie	neg 1.0		__DUMMY__ 0.8814998345387002 neg 0.06701065857727508 off 0.051489506884024656	false	1.0
ist			__DUMMY__ 0.8776634574816892 neg 0.0666516176204648 off 0.05568492489784606	false	0.0
torheit	neg 1.0		__DUMMY__ 0.8750025357779784 neg 0.07007565956538404 off 0.05492180465663757	false	1.0
dreckskind	off 1.0		__DUMMY__ 0.8700543158917495 neg 0.06570693048182681 off 0.06423875362642376	false	0.5
umtauschen	neg 1.0		__DUMMY__ 0.8796655078642284 neg 0.06714047397879767 off 0.05319401815697406	false	1.0
zum			__DUMMY__ 0.8903113880512274 neg 0.06416556685884689 off 0.04552304508992571	false	0.0
zersetzen	neg 1.0		__DUMMY__ 0.8773549202996932 neg 0.07292079295472007 off 0.04972428674558665	false	1.0
zur			__DUMMY__ 0.8843929108710086 neg 0.07049802748156994 off 0.04510906164742151	false	0.0
frust	neg 1.0		__DUMMY__ 0.8800847511544919 neg 0.06712252749427071 off 0.05279272135123732	false	1.0
unerbittlichkeit	neg 1.0		__DUMMY__ 0.8782684145299249 neg 0.07188713015087668 off 0.04984445531919856	false	1.0
zwei			__DUMMY__ 0.8875912717322595 neg 0.06497404388671818 off 0.04743468438102236	false	0.0
unkorrekt	neg 1.0		__DUMMY__ 0.870763234809417 neg 0.06814223707082025 off 0.06109452811976284	false	1.0
hexe	off 1.0		__DUMMY__ 0.8759556501217785 neg 0.0652622935330084 off 0.05878205634521313	false	0.5
lasch	neg 1.0		__DUMMY__ 0.8739649525486436 neg 0.06849094066670443 off 0.05754410678465193	false	1.0
rivale	neg 1.0		__DUMMY__ 0.8764936248686258 neg 0.0627256263487713 off 0.060780748782602825	false	1.0
mutlos	off 1.0	off 1.0	off 0.5086855113854428 __DUMMY__ 0.4362711135263148 neg 0.055043375088242516	false	1.0
wirr	off 1.0		__DUMMY__ 0.8711787364039427 neg 0.0675898876068229 off 0.06123137598923441	false	0.5
jahr			__DUMMY__ 0.8873983017741155 neg 0.06361741388084792 off 0.04898428434503656	false	0.0
wird			__DUMMY__ 0.8803182118232814 neg 0.06837884695434802 off 0.051302941222370564	false	0.0
strafbar	neg 1.0		__DUMMY__ 0.8772117435350125 neg 0.07167642943468416 off 0.05111182703030332	false	1.0
erosion	neg 1.0		__DUMMY__ 0.8795037682168234 neg 0.06603932760042786 off 0.05445690418274866	false	1.0
eingehen	neg 1.0		__DUMMY__ 0.876806017745819 neg 0.07129374946602658 off 0.051900232788154456	false	1.0
faul	off 1.0		__DUMMY__ 0.8776840043635716 neg 0.06484791765950862 off 0.05746807797691967	false	0.5
provisorium	neg 1.0		__DUMMY__ 0.8858578835987813 neg 0.07105573617759375 off 0.043086380223625015	false	1.0
schmerzen	neg 1.0		__DUMMY__ 0.8791668499263958 neg 0.06728828920660979 off 0.05354486086699443	false	1.0
schrumpfen	neg 1.0		__DUMMY__ 0.8816325690560476 neg 0.07282617503965268 off 0.045541255904299756	false	1.0
geistlos	off 1.0		__DUMMY__ 0.8708791686972603 neg 0.07248118101814571 off 0.056639650284593834	false	0.5
fehlkauf	neg 1.0		__DUMMY__ 0.8758749094030189 neg 0.0685291569112829 off 0.05559593368569815	false	1.0
frustrierend	neg 1.0		__DUMMY__ 0.8783648361094227 neg 0.0639642522949499 off 0.05767091159562737	false	1.0
unzufrieden	neg 1.0		__DUMMY__ 0.8772755567557041 neg 0.07033767527616423 off 0.052386767968131666	false	1.0
verzweifeln	neg 1.0		__DUMMY__ 0.8788090255496785 neg 0.06743100206907136 off 0.053759972381250166	false	1.0
verzweifelt	neg 1.0		__DUMMY__ 0.8764698768290937 neg 0.06797996449105233 off 0.05555015867985392	false	1.0
misstrauensantrag	neg 1.0		__DUMMY__ 0.87482783269326 neg 0.06925653518770285 off 0.05591563211903715	false	1.0
abfallen	neg 1.0		__DUMMY__ 0.8812287909952162 neg 0.06385675580814287 off 0.05491445319664096	false	1.0
fucker	off 1.0		__DUMMY__ 0.8728826213930064 neg 0.06659834167592074 off 0.06051903693107286	false	0.5
ungezogen	neg 1.0		__DUMMY__ 0.8718833236141317 off 0.0668722515616677 neg 0.061244424824200706	false	0.5
irrsinnig	neg 1.0	neg 1.0	neg 0.5219985595959175 __DUMMY__ 0.43613397151504335 off 0.04186746888903919	false	1.0
unfassbar	neg 1.0		__DUMMY__ 0.8754723486448109 neg 0.06536684537533644 off 0.059160805979852515	false	1.0
hart	neg 1.0		__DUMMY__ 0.8750399817432392 neg 0.06808516023014718 off 0.05687485802661355	false	1.0
widerlich	off 1.0		__DUMMY__ 0.8726862338766526 neg 0.06732510690140875 off 0.05998865922193873	false	0.5
fatal	neg 1.0		__DUMMY__ 0.8759322978383737 neg 0.06814531180188146 off 0.05592239035974481	false	1.0
bruch	neg 1.0		__DUMMY__ 0.8790901770732893 neg 0.07274866825724725 off 0.048161154669463385	false	1.0
aushungern	neg 1.0		__DUMMY__ 0.8748472736258122 neg 0.07178344410041511 off 0.053369282273772786	false	1.0
anspannung	neg 1.0	neg 1.0	neg 0.5191944058738167 __DUMMY__ 0.4460186177328254 off 0.03478697639335778	false	1.0
von			__DUMMY__ 0.8861404131694339 neg 0.0654839147471394 off 0.048375672083426725	false	0.0
kraftlos	neg 1.0		__DUMMY__ 0.8821882894488531 neg 0.06567480973012867 off 0.0521369008210182	false	1.0
vom			__DUMMY__ 0.8898338244957807 neg 0.06654918601866043 off 0.04361698948555878	false	0.0
grenzdebil	off 1.0		__DUMMY__ 0.875259330004736 neg 0.06475137959038707 off 0.05998929040487693	false	0.5
vor			__DUMMY__ 0.8816445386889297 neg 0.06928181197442758 off 0.049073649336642655	false	0.0
unterwerfen	neg 1.0		__DUMMY__ 0.8796092251265057 neg 0.06949464832528673 off 0.05089612654820749	false	1.0
versenkung	neg 1.0		__DUMMY__ 0.8788722304810281 neg 0.07042291262131889 off 0.05070485689765296	false	1.0
entziehen	neg 1.0		__DUMMY__ 0.8800414165587895 neg 0.07141548349631802 off 0.04854309994489244	false	1.0
finanzkrise	neg 1.0		__DUMMY__ 0.8729850076680892 neg 0.07392251861493582 off 0.05309247371697509	false	1.0
schimpfend	neg 1.0		__DUMMY__ 0.8825703714645049 neg 0.06284957358382541 off 0.0545800549516696	false	1.0
profan	neg 1.0		__DUMMY__ 0.8764925398132285 neg 0.06687834514757571 off 0.056629115039195786	false	1.0
korruption	neg 1.0	neg 1.0	neg 0.5260042480723169 __DUMMY__ 0.4347900387204167 off 0.0392057132072665	false	1.0
â			__DUMMY__ 0.879961921472402 neg 0.06906773576184055 off 0.050970342765757425	false	0.0
schmutzig	neg 1.0		__DUMMY__ 0.8759852818939479 neg 0.0645801326000271 off 0.05943458550602511	false	1.0
sexy	neg 1.0		__DUMMY__ 0.8764327902945916 neg 0.06636037556908518 off 0.05720683413632306	false	1.0
abraten	neg 1.0		__DUMMY__ 0.8771473485298394 neg 0.06718391160761973 off 0.05566873986254077	false	1.0
schwarz	neg 1.0		__DUMMY__ 0.8763504249153679 neg 0.06828216577609125 off 0.05536740930854091	false	1.0
fotze	off 1.0		__DUMMY__ 0.8780699192284156 neg 0.07124446101519431 off 0.05068561975639002	false	0.5
verwirren	neg 1.0		__DUMMY__ 0.876701119769283 neg 0.06640629675205682 off 0.05689258347866022	false	1.0
zahnlos	off 1.0		__DUMMY__ 0.8767624643559762 neg 0.07083001626886824 off 0.052407519375155615	false	0.5
verheeren	neg 1.0		__DUMMY__ 0.8711681156910007 off 0.06786601269648743 neg 0.06096587161251171	false	0.5
hippie	neg 1.0		__DUMMY__ 0.8757883536361658 neg 0.0673946832639042 off 0.05681696309993006	false	1.0
rammen	neg 1.0		__DUMMY__ 0.8758747719119444 neg 0.06989120750372708 off 0.054234020584328545	false	1.0
unlauter	neg 1.0		__DUMMY__ 0.8722211239178025 neg 0.07324110837136932 off 0.05453776771082815	false	1.0
unheilvoll	neg 1.0		__DUMMY__ 0.8803389731984914 neg 0.06379240202730589 off 0.05586862477420281	false	1.0
niedrig	neg 1.0		__DUMMY__ 0.8793954260865937 neg 0.07089301930951983 off 0.049711554603886425	false	1.0
explosion	neg 1.0		__DUMMY__ 0.87573829298494 neg 0.06803604049815928 off 0.05622566651690072	false	1.0
weichei	off 1.0		__DUMMY__ 0.8708894697504178 neg 0.06490191129283629 off 0.06420861895674591	false	0.5
minusmensch	off 1.0		__DUMMY__ 0.8641122645933447 neg 0.06797212575265486 off 0.0679156096540005	false	0.5
farblos	neg 1.0		__DUMMY__ 0.8839463952434873 neg 0.06346187209115754 off 0.05259173266535512	false	1.0
unwissend	neg 1.0	neg 1.0	neg 0.520143219627947 __DUMMY__ 0.43516734771952004 off 0.04468943265253301	false	1.0
traurig	neg 1.0		__DUMMY__ 0.8754054804186054 neg 0.06289890075499213 off 0.06169561882640244	false	1.0
senkung	neg 1.0		__DUMMY__ 0.8735355383133036 neg 0.0700890081890279 off 0.056375453497668634	false	1.0
ungleich	neg 1.0	neg 1.0	neg 0.525187807329101 __DUMMY__ 0.4364596468457095 off 0.03835254582518966	false	1.0
heikel	neg 1.0		__DUMMY__ 0.8780323439669389 neg 0.07210804886389943 off 0.049859607169161685	false	1.0
drosselung	neg 1.0		__DUMMY__ 0.8755607019433226 neg 0.06509432851768339 off 0.059344969538993944	false	1.0
falsch	neg 1.0		__DUMMY__ 0.8763899074220199 neg 0.06577215431160156 off 0.05783793826637858	false	1.0
unzufriedenheit	neg 1.0		__DUMMY__ 0.8790842856863625 neg 0.07147691667907195 off 0.04943879763456541	false	1.0
kurz	neg 1.0		__DUMMY__ 0.8825581266653 neg 0.06497001636707417 off 0.05247185696762586	false	1.0
unsinnig	neg 1.0		__DUMMY__ 0.87561269047565 neg 0.07158267159654902 off 0.05280463792780094	false	1.0
penner	off 1.0	off 1.0	off 0.5201768248346933 __DUMMY__ 0.4319958999427728 neg 0.047827275222533765	false	1.0
seicht	neg 1.0		__DUMMY__ 0.86791469565622 off 0.0670247915977539 neg 0.06506051274602609	false	0.5
dummheit	off 1.0	off 1.0	off 0.5130132445836758 __DUMMY__ 0.43461164419481463 neg 0.05237511122150958	false	1.0
unerfreulich	neg 1.0		__DUMMY__ 0.8804987813428916 neg 0.07060026785931606 off 0.0489009507977923	false	1.0
motherfucker	off 1.0	off 1.0	off 0.5159459678391151 __DUMMY__ 0.4329408694893417 neg 0.05111316267154325	false	1.0
pikiert	neg 1.0		__DUMMY__ 0.872650778113632 neg 0.06833514393721285 off 0.05901407794915526	false	1.0
wrack	neg 1.0		__DUMMY__ 0.8845043255858932 neg 0.06536482442038426 off 0.05013084999372249	false	1.0
gangster	neg 1.0		__DUMMY__ 0.8766571683990753 neg 0.06692466496441965 off 0.05641816663650503	false	1.0
krank	neg 1.0		__DUMMY__ 0.8773744121883935 neg 0.06261795605118715 off 0.06000763176041924	false	1.0
reich	neg 1.0		__DUMMY__ 0.8747037316206291 neg 0.06755495451514443 off 0.05774131386422644	false	1.0
gnadenlos	neg 1.0		__DUMMY__ 0.8777062033507405 neg 0.06727773171727353 off 0.05501606493198597	false	1.0
niedergeschlagen	neg 1.0		__DUMMY__ 0.8805954227132439 neg 0.06658255033591558 off 0.052822026950840505	false	1.0
terrorisieren	off 1.0	off 1.0	off 0.5089225672848343 __DUMMY__ 0.43824092080648847 neg 0.05283651190867731	false	1.0
sinnlosigkeit	neg 1.0		__DUMMY__ 0.8780676734312367 neg 0.06945885460859874 off 0.05247347196016451	false	1.0
behindern	neg 1.0		__DUMMY__ 0.8768287616080779 neg 0.06994088078255659 off 0.053230357609365606	false	1.0
undemokratisch	neg 1.0		__DUMMY__ 0.8731216752267341 neg 0.07185245968153985 off 0.05502586509172603	false	1.0
wirtschaftskrise	neg 1.0		__DUMMY__ 0.8760401909054746 neg 0.07277492600091788 off 0.05118488309360753	false	1.0
neid	neg 1.0		__DUMMY__ 0.8806543072706302 neg 0.06110882738712857 off 0.05823686534224128	false	1.0
rutschen	neg 1.0	neg 1.0	neg 0.5187580736360976 __DUMMY__ 0.4453444158602605 off 0.035897510503641886	false	1.0
rezession	neg 1.0		__DUMMY__ 0.8680562987071393 neg 0.06947705459710461 off 0.06246664669575613	false	1.0
fehlgeburt	neg 1.0		__DUMMY__ 0.8797100342280871 neg 0.06463608523079521 off 0.05565388054111755	false	1.0
charakterschwach	off 1.0		__DUMMY__ 0.8740897167863059 neg 0.06615432755095026 off 0.05975595566274385	false	0.5
isolation	neg 1.0		__DUMMY__ 0.8782682737407657 neg 0.06418358738474536 off 0.05754813887448899	false	1.0
ablenkung	neg 1.0		__DUMMY__ 0.8787425412520071 neg 0.06690263190541114 off 0.05435482684258176	false	1.0
pech	neg 1.0		__DUMMY__ 0.8780907992489763 neg 0.06477465090208359 off 0.05713454984894007	false	1.0
vermeidung	neg 1.0		__DUMMY__ 0.8729598246591943 neg 0.06737035292397843 off 0.059669822416827244	false	1.0
dominieren	neg 1.0		__DUMMY__ 0.8833732885481586 neg 0.06563038845360998 off 0.05099632299823155	false	1.0
schwindlig	neg 1.0		__DUMMY__ 0.8810857829643625 neg 0.06306309795559825 off 0.0558511190800393	false	1.0
lutscher	neg 1.0	neg 1.0	neg 0.5183623465180326 __DUMMY__ 0.4305205782409854 off 0.051117075240981906	false	1.0
pflicht	neg 1.0		__DUMMY__ 0.8789374359449557 neg 0.07116892500360114 off 0.04989363905144319	false	1.0
faschist	off 1.0		__DUMMY__ 0.872750511447485 neg 0.07028116657176069 off 0.0569683219807543	false	0.5
verschleudern	neg 1.0		__DUMMY__ 0.8738011045892785 neg 0.0756966099535851 off 0.050502285457136364	false	1.0
wenn			__DUMMY__ 0.8764336069622747 neg 0.0655022460769459 off 0.05806414696077946	false	0.0
ehebruch	neg 1.0		__DUMMY__ 0.8774745783761502 neg 0.07110485462031356 off 0.05142056700353635	false	1.0
spott	off 1.0		__DUMMY__ 0.8767275427070079 neg 0.07228912074176114 off 0.050983336551230864	false	0.5
trostlosigkeit	neg 1.0		__DUMMY__ 0.8800623550022458 neg 0.07130232891532234 off 0.04863531608243182	false	1.0
lutschen	neg 1.0		__DUMMY__ 0.874315052896694 neg 0.06942638683882427 off 0.05625856026448178	false	1.0
undiszipliniert	neg 1.0		__DUMMY__ 0.8752075729163109 neg 0.06393611007159189 off 0.060856317012097254	false	1.0
kopfschmerz	neg 1.0		__DUMMY__ 0.8812581970733557 neg 0.06643713734995434 off 0.05230466557668994	false	1.0
unvorhergesehen	neg 1.0		__DUMMY__ 0.885289884028219 neg 0.0643651153829736 off 0.050345000588807434	false	1.0
desinteressiert	neg 1.0		__DUMMY__ 0.8736419929165892 neg 0.06552422625447267 off 0.0608337808289381	false	1.0
armselig	off 1.0		__DUMMY__ 0.871058605475154 neg 0.06713731727963827 off 0.061804077245207624	false	0.5
desaster	neg 1.0		__DUMMY__ 0.879056645364993 neg 0.07321967939519812 off 0.047723675239808895	false	1.0
tod	neg 1.0		__DUMMY__ 0.880602698515906 neg 0.06852375845726501 off 0.0508735430268289	false	1.0
herzlos	neg 1.0		__DUMMY__ 0.8727560365095502 neg 0.06510164226985818 off 0.0621423212205916	false	1.0
unwissenheit	neg 1.0		__DUMMY__ 0.8755094317794413 neg 0.07221056497514336 off 0.052280003245415374	false	1.0
widersinnig	neg 1.0	neg 1.0	neg 0.5258389905270294 __DUMMY__ 0.43415038514320986 off 0.04001062432976074	false	1.0
bedenklich	neg 1.0		__DUMMY__ 0.8774247995663974 neg 0.07139848974672383 off 0.05117671068687869	false	1.0
beanstanden	neg 1.0		__DUMMY__ 0.8795043148254854 neg 0.07122153121581101 off 0.049274153958703625	false	1.0
panisch	neg 1.0	neg 1.0	neg 0.5162075741413932 __DUMMY__ 0.4411035581960893 off 0.042688867662517435	false	1.0
debil	off 1.0		__DUMMY__ 0.8826532749757288 neg 0.07286083407292028 off 0.04448589095135101	false	0.5
abstrich	neg 1.0		__DUMMY__ 0.8786416538870914 neg 0.070942039670576 off 0.0504163064423327	false	1.0
primitiv	neg 1.0		__DUMMY__ 0.8727127345984189 neg 0.06689151556125318 off 0.0603957498403279	false	1.0
abschaum	off 1.0	off 1.0	off 0.5145286109890808 __DUMMY__ 0.43461963299083634 neg 0.05085175602008287	false	1.0
provozieren	neg 1.0		__DUMMY__ 0.8763674060950156 neg 0.06878080995582798 off 0.05485178394915635	false	1.0
tot	neg 1.0		__DUMMY__ 0.8804616241268207 neg 0.06929501560809749 off 0.050243360265081895	false	1.0
instabil	neg 1.0		__DUMMY__ 0.8706152964745039 neg 0.06928901371922487 off 0.0600956898062712	false	1.0
schwuchtel	off 1.0		__DUMMY__ 0.8646889453372114 off 0.07170346538399265 neg 0.06360758927879596	false	1.0
zerren	neg 1.0		__DUMMY__ 0.8807707217371518 neg 0.06617660914276191 off 0.0530526691200863	false	1.0
kinderficker	off 1.0		__DUMMY__ 0.8698107007242998 neg 0.06614599609361364 off 0.06404330318208665	false	0.5
gefahr	neg 1.0		__DUMMY__ 0.8793699752087526 neg 0.07110485871989661 off 0.04952516607135077	false	1.0
rabiat	neg 1.0		__DUMMY__ 0.8761311959231526 neg 0.06963307337554923 off 0.05423573070129824	false	1.0
verlangsamung	neg 1.0		__DUMMY__ 0.8689397266021109 neg 0.06554909874316822 off 0.06551117465472087	false	1.0
ausgestorben	neg 1.0		__DUMMY__ 0.8799100186916479 neg 0.06648403551238437 off 0.0536059457959678	false	1.0
anklagen	neg 1.0		__DUMMY__ 0.8763130898680725 neg 0.07101368191715997 off 0.05267322821476747	false	1.0
trott	neg 1.0		__DUMMY__ 0.878943361104894 neg 0.0676066467444109 off 0.05344999215069514	false	1.0
verminderung	neg 1.0		__DUMMY__ 0.8738117120286959 neg 0.06581918979739237 off 0.060369098173911805	false	1.0
nach			__DUMMY__ 0.8889130267387327 neg 0.06516855363565632 off 0.04591841962561092	false	0.0
rost	neg 1.0		__DUMMY__ 0.8718595419157847 off 0.06419477190551336 neg 0.06394568617870183	false	0.5
destruktiv	neg 1.0		__DUMMY__ 0.874760642688297 neg 0.07134608863297862 off 0.05389326867872435	false	1.0
unzumutbarkeit	neg 1.0		__DUMMY__ 0.8772827373522178 neg 0.06457161062059788 off 0.058145652027184205	false	1.0
labil	off 1.0	off 1.0	off 0.51446962685092 __DUMMY__ 0.43441884194866437 neg 0.05111153120041551	false	1.0
ziemlich	neg 1.0		__DUMMY__ 0.8769864395636798 neg 0.06353766447941311 off 0.05947589595690711	false	1.0
lachnummer	off 1.0		__DUMMY__ 0.876801667274725 neg 0.06898169962558852 off 0.05421663309968653	false	0.5
oder			__DUMMY__ 0.8803328218503566 neg 0.0654971455988449 off 0.05417003255079859	false	0.0
verfall	neg 1.0		__DUMMY__ 0.8802385127450583 neg 0.07425772804637659 off 0.045503759208565184	false	1.0
ausgrenzung	neg 1.0		__DUMMY__ 0.8720678844943749 neg 0.07230491334548836 off 0.05562720216013678	false	1.0
unordnung	neg 1.0		__DUMMY__ 0.876760303049605 neg 0.06447400855537362 off 0.05876568839502142	false	1.0
fehlverhalten	neg 1.0		__DUMMY__ 0.8776650476617802 neg 0.07218670860744747 off 0.050148243730772216	false	1.0
eine			__DUMMY__ 0.8805732639688816 neg 0.07010975081632087 off 0.04931698521479749	false	0.0
nille	neg 1.0		__DUMMY__ 0.8779105260403255 neg 0.06896311357223181 off 0.05312636038744278	false	1.0
qual	neg 1.0		__DUMMY__ 0.8784720472759432 neg 0.06822213916549481 off 0.053305813558562065	false	1.0
verschwenden	neg 1.0		__DUMMY__ 0.8775923737888325 neg 0.07094930907816158 off 0.0514583171330059	false	1.0
riesig	neg 1.0	neg 1.0	neg 0.5212011209823654 __DUMMY__ 0.44023892921163355 off 0.038559949806001075	false	1.0
verurteilen	neg 1.0		__DUMMY__ 0.8764681465392122 neg 0.07118610621858398 off 0.05234574724220383	false	1.0
klischee	neg 1.0	neg 1.0	neg 0.5221339087218215 __DUMMY__ 0.4342194879735315 off 0.04364660330464699	false	1.0
diktatorisch	neg 1.0		__DUMMY__ 0.8710930231746302 neg 0.07335524466198153 off 0.0555517321633883	false	1.0
vorhersehbar	neg 1.0	neg 1.0	neg 0.5215562585236648 __DUMMY__ 0.4352159324995347 off 0.043227808976800536	false	1.0
sowie			__DUMMY__ 0.8700084735207921 neg 0.06615401685126603 off 0.06383750962794188	false	0.0
stornieren	neg 1.0		__DUMMY__ 0.8841801780770732 neg 0.061267949863306165 off 0.05455187205962063	false	1.0
besteuerung	neg 1.0		__DUMMY__ 0.8732756198299056 neg 0.07229507713638376 off 0.05442930303371062	false	1.0
ungeschminkt	neg 1.0		__DUMMY__ 0.8734119505590641 neg 0.06723956571201765 off 0.059348483728918336	false	1.0
kritisch	neg 1.0		__DUMMY__ 0.8780701710814732 neg 0.07084190942829562 off 0.051087919490231115	false	1.0
schlamperei	off 1.0		__DUMMY__ 0.8766862481848161 neg 0.07323739185457465 off 0.050076359960609156	false	0.5
sucht	neg 1.0	neg 1.0	neg 0.520882834499733 __DUMMY__ 0.4385387403173648 off 0.04057842518290211	false	1.0
egoistisch	off 1.0		__DUMMY__ 0.8727212449366772 off 0.06434446923534205 neg 0.06293428582798072	false	1.0
ausbeuter	off 1.0		__DUMMY__ 0.8759318842582794 neg 0.07406461061750887 off 0.05000350512421168	false	0.5
arschgeburt	off 1.0		__DUMMY__ 0.8640284388106175 off 0.07198314787294206 neg 0.06398841331644041	false	1.0
schubs	neg 1.0	neg 1.0	neg 0.5197418940780512 __DUMMY__ 0.4411282479396161 off 0.03912985798233288	false	1.0
unsolide	neg 1.0		__DUMMY__ 0.8679123342905999 neg 0.07619124418696048 off 0.05589642152243952	false	1.0
beschwerde	neg 1.0		__DUMMY__ 0.876196230567581 neg 0.07365041051635744 off 0.050153358916061534	false	1.0
stocken	neg 1.0		__DUMMY__ 0.8775694932197781 neg 0.07174879141325322 off 0.05068171536696865	false	1.0
isolieren	neg 1.0		__DUMMY__ 0.8771711988424776 neg 0.07111378797069011 off 0.05171501318683233	false	1.0
unheilbar	neg 1.0		__DUMMY__ 0.8796048300657547 neg 0.06572338220983306 off 0.05467178772441223	false	1.0
pisser	off 1.0		__DUMMY__ 0.8728752190108391 neg 0.06658401601739017 off 0.06054076497177078	false	0.5
löschen	neg 1.0		__DUMMY__ 0.8778464819890343 neg 0.0682223216682465 off 0.053931196342719236	false	1.0
durchfallen	neg 1.0		__DUMMY__ 0.8762107116552076 neg 0.07159980273836948 off 0.05218948560642296	false	1.0
wichser	off 1.0		__DUMMY__ 0.86985825395242 off 0.06860053189619043 neg 0.06154121415138949	false	1.0
terror	neg 1.0		__DUMMY__ 0.878025988985372 neg 0.06569987280983552 off 0.05627413820479248	false	1.0
krass	neg 1.0		__DUMMY__ 0.8728356720536129 neg 0.06489339626499716 off 0.06227093168139002	false	1.0
revolte	neg 1.0	neg 1.0	neg 0.5234187379941957 __DUMMY__ 0.43403512538524164 off 0.04254613662056267	false	1.0
besorgt	neg 1.0		__DUMMY__ 0.8827109891248629 neg 0.0650790644717348 off 0.05220994640340231	false	1.0
nachlassen	neg 1.0		__DUMMY__ 0.8800112346591199 neg 0.06986283015903695 off 0.050125935181843134	false	1.0
alt	neg 1.0		__DUMMY__ 0.880228569443925 neg 0.06906505203139685 off 0.05070637852467822	false	1.0
hundesohn	off 1.0		__DUMMY__ 0.8672044255064985 off 0.06747489462699592 neg 0.06532067986650561	false	1.0
als			__DUMMY__ 0.8810511238371472 neg 0.06650008165184375 off 0.05244879451100901	false	0.0
abschreckung	neg 1.0		__DUMMY__ 0.8791686040534631 neg 0.07202693083677754 off 0.04880446510975934	false	1.0
unqualifiziert	neg 1.0		__DUMMY__ 0.8724491484069553 neg 0.07021255805852988 off 0.05733829353451474	false	1.0
abgewichst	off 1.0		__DUMMY__ 0.8791508334957164 neg 0.068384534641505 off 0.05246463186277852	false	0.5
schwer	neg 1.0		__DUMMY__ 0.8787065919963029 neg 0.0672219648510905 off 0.054071443152606646	false	1.0
bedeutungslosigkeit	neg 1.0		__DUMMY__ 0.8787876901180687 neg 0.07157455474062097 off 0.049637755141310455	false	1.0
kapitulation	neg 1.0		__DUMMY__ 0.8741018533188175 neg 0.07502472446377956 off 0.05087342221740297	false	1.0
unscharf	neg 1.0		__DUMMY__ 0.8769649169519246 neg 0.06732601157750259 off 0.055709071470572906	false	1.0
schwinden	neg 1.0		__DUMMY__ 0.8795234668384998 neg 0.07105033607615527 off 0.0494261970853449	false	1.0
versklavung	neg 1.0		__DUMMY__ 0.8712283733490979 neg 0.07366894008047543 off 0.05510268657042671	false	1.0
schlecht	neg 1.0		__DUMMY__ 0.8770662452507518 neg 0.06330731583228434 off 0.05962643891696385	false	1.0
verhasst	neg 1.0		__DUMMY__ 0.87679399652407 neg 0.06799503935722222 off 0.055210964118707774	false	1.0
beschweren	neg 1.0		__DUMMY__ 0.8776172828015344 neg 0.06650751818757623 off 0.05587519901088944	false	1.0
scheiden	neg 1.0		__DUMMY__ 0.8860637053004667 neg 0.05989037496270206 off 0.05404591973683121	false	1.0
frustriert	neg 1.0		__DUMMY__ 0.8789788160059987 neg 0.06784750321490332 off 0.05317368077909801	false	1.0
schimmelig	neg 1.0		__DUMMY__ 0.8806410278175498 neg 0.06942387212648991 off 0.04993510005596034	false	1.0
fisch	neg 1.0		__DUMMY__ 0.886044172347134 neg 0.06517415324282938 off 0.04878167441003656	false	1.0
schmuggel	neg 1.0		__DUMMY__ 0.883011624870489 neg 0.06762523179358597 off 0.0493631433359251	false	1.0
auffallen	neg 1.0		__DUMMY__ 0.8774464623036955 neg 0.06612493360849155 off 0.05642860408781285	false	1.0
konkurrenz	neg 1.0	neg 1.0	neg 0.522652730427705 __DUMMY__ 0.4404584159025013 off 0.036888853669793636	false	1.0
teufelskreis	neg 1.0	neg 1.0	neg 0.522817475629746 __DUMMY__ 0.43651541972583097 off 0.0406671046444231	false	1.0
aufschreien	neg 1.0		__DUMMY__ 0.8758844214288789 neg 0.06775341431656079 off 0.0563621642545603	false	1.0
schuldner	neg 1.0		__DUMMY__ 0.8794687148338012 neg 0.07089427258257475 off 0.049637012583624095	false	1.0
missgeburt	off 1.0	off 1.0	off 0.5184336332887509 __DUMMY__ 0.43177692891889635 neg 0.04978943779235262	false	1.0
arbeitslos	neg 1.0		__DUMMY__ 0.8763950089971997 neg 0.07112735152886158 off 0.052477639473938714	false	1.0
befallen	neg 1.0		__DUMMY__ 0.8756835931316995 neg 0.07174442244015143 off 0.05257198442814909	false	1.0
miesepetrig	off 1.0	off 1.0	off 0.5149159904944779 __DUMMY__ 0.4366811192205261 neg 0.04840289028499594	false	1.0
alarmieren	neg 1.0		__DUMMY__ 0.8719231258299301 neg 0.06977104034684238 off 0.058305833823227494	false	1.0
ungeduscht	off 1.0		__DUMMY__ 0.8786020166323885 neg 0.06453909808444339 off 0.056858885283168174	false	0.5
knappheit	neg 1.0		__DUMMY__ 0.875805592607666 neg 0.07343550585618215 off 0.05075890153615182	false	1.0
schlange	neg 1.0		__DUMMY__ 0.8817610919505143 neg 0.06260899957385495 off 0.05562990847563066	false	1.0
harsch	neg 1.0		__DUMMY__ 0.875401911654422 off 0.06300213351731873 neg 0.061595954828259254	false	0.5
lang	neg 1.0		__DUMMY__ 0.8778765603669783 neg 0.06780055538269403 off 0.054322884250327726	false	1.0
ziellos	neg 1.0		__DUMMY__ 0.8815189721357667 neg 0.06658371545203187 off 0.051897312412201566	false	1.0
selbstverliebt	neg 1.0		__DUMMY__ 0.8660254529070334 off 0.06950675154350293 neg 0.0644677955494637	false	0.5
beseitigen	neg 1.0	neg 1.0	neg 0.5197340702262934 __DUMMY__ 0.4399996975213318 off 0.04026623225237486	false	1.0
dumm	off 1.0		__DUMMY__ 0.8709389340820103 off 0.06517875918781875 neg 0.06388230673017098	false	1.0
arbeitsloser	neg 1.0		__DUMMY__ 0.8795375733184949 neg 0.06870733593271364 off 0.05175509074879133	false	1.0
blitzen	neg 1.0		__DUMMY__ 0.8758870398346387 neg 0.06716213030901941 off 0.05695082985634201	false	1.0
hilflos	neg 1.0		__DUMMY__ 0.8793520986449396 neg 0.06796286874876788 off 0.052685032606292544	false	1.0
eklig	off 1.0		__DUMMY__ 0.870686090833456 off 0.06565855988566895 neg 0.06365534928087502	false	1.0
begriff			__DUMMY__ 0.8767101128078113 neg 0.07016734622229656 off 0.05312254096989221	false	0.0
hungersnot	neg 1.0		__DUMMY__ 0.8772790424182427 neg 0.07024558299662151 off 0.05247537458513579	false	1.0
ungesetzlich	neg 1.0		__DUMMY__ 0.8700225499468218 neg 0.07360315919487391 off 0.05637429085830427	false	1.0
verschwendung	neg 1.0		__DUMMY__ 0.8792725707324361 neg 0.07028616178811029 off 0.05044126747945352	false	1.0
schmerzvoll	neg 1.0		__DUMMY__ 0.8779055561226012 neg 0.06633232941571068 off 0.05576211446168818	false	1.0
vorzeitig	neg 1.0		__DUMMY__ 0.8784858915357613 neg 0.06472340961625869 off 0.05679069884798005	false	1.0
unvollkommenheit	neg 1.0		__DUMMY__ 0.8828163395271647 neg 0.0655285653352007 off 0.05165509513763471	false	1.0
intervenieren	neg 1.0		__DUMMY__ 0.8755943241761598 neg 0.07413686313481427 off 0.050268812689025916	false	1.0
banause	off 1.0		__DUMMY__ 0.8677479600642948 off 0.0675119580613461 neg 0.06474008187435912	false	1.0
rebell	neg 1.0		__DUMMY__ 0.8804585429410214 neg 0.07255348329019304 off 0.04698797376878558	false	1.0
unlogisch	neg 1.0		__DUMMY__ 0.8732803357013007 neg 0.06487834083684631 off 0.06184132346185297	false	1.0
leiden	neg 1.0		__DUMMY__ 0.8885198899682845 neg 0.06192714950951773 off 0.04955296052219779	false	1.0
abschaffung	neg 1.0		__DUMMY__ 0.8733523009369034 neg 0.07212323045488411 off 0.05452446860821252	false	1.0
sturz	neg 1.0		__DUMMY__ 0.8787153242052893 neg 0.0673584141265875 off 0.05392626166812313	false	1.0
verkleinerung	neg 1.0		__DUMMY__ 0.8700409512665983 neg 0.0731827094518172 off 0.05677633928158447	false	1.0
schmarotzer	off 1.0		__DUMMY__ 0.8758865616522644 neg 0.07174632752447946 off 0.05236711082325607	false	0.5
bestrafung	neg 1.0		__DUMMY__ 0.8771505534508092 neg 0.06734977594107759 off 0.05549967060811316	false	1.0
achtlos	neg 1.0		__DUMMY__ 0.8807008313863391 neg 0.0653400954995866 off 0.05395907311407422	false	1.0
ungeheuer	neg 1.0		__DUMMY__ 0.880271090938617 neg 0.06286676540941755 off 0.05686214365196539	false	1.0
unaufrichtig	neg 1.0		__DUMMY__ 0.8733138012296076 neg 0.0704842700529893 off 0.05620192871740311	false	1.0
