unsolidarisch	neg 1.0		neg 0.541476197692331 off 0.4180544779397369 __DUMMY__ 0.04046932436793204	false	1.0
nachteilig	neg 1.0		neg 0.5422809616166174 off 0.4167846899021278 __DUMMY__ 0.040934348481254705	false	1.0
skeptisch	neg 1.0		neg 0.542237435299683 off 0.4167208430184939 __DUMMY__ 0.041041721681823164	false	1.0
schrecklich	neg 1.0		neg 0.5250840446186272 off 0.43417196264932656 __DUMMY__ 0.04074399273204628	false	1.0
schlapp	neg 1.0	neg 1.0	neg 0.7516207280097721 off 0.22885711541924242 __DUMMY__ 0.01952215657098545	false	1.0
abfall	neg 1.0		neg 0.5446879279765969 off 0.41415420297923833 __DUMMY__ 0.04115786904416486	false	1.0
widerspenstig	neg 1.0		neg 0.5353603838420504 off 0.4236105354161825 __DUMMY__ 0.04102908074176694	false	1.0
abrupt	neg 1.0		neg 0.538237139152742 off 0.4204001160362002 __DUMMY__ 0.041362744811057846	false	1.0
unwirksam	neg 1.0		neg 0.5402447863956146 off 0.41917580079914546 __DUMMY__ 0.04057941280523996	false	1.0
angreifen	neg 1.0	neg 1.0	neg 0.758497454326138 off 0.22194529801107216 __DUMMY__ 0.01955724766278979	false	1.0
inkonsistent	neg 1.0		neg 0.5359489946817337 off 0.4231804049316639 __DUMMY__ 0.0408706003866024	false	1.0
abrutschen	neg 1.0		neg 0.544009132054725 off 0.41481194931617343 __DUMMY__ 0.04117891862910144	false	1.0
unsicher	neg 1.0		neg 0.5350600446947689 off 0.423874862619325 __DUMMY__ 0.04106509268590627	false	1.0
bauernkind	off 1.0	off 1.0	off 0.6991045017962944 neg 0.2816992291978613 __DUMMY__ 0.019196269005844445	false	1.0
angreifer	neg 1.0		neg 0.5338592895614358 off 0.4251070716868229 __DUMMY__ 0.041033638751741354	false	1.0
trennen	neg 1.0		neg 0.5365969816646913 off 0.4219146556893701 __DUMMY__ 0.04148836264593855	false	1.0
schmutz	neg 1.0		neg 0.5325205093106651 off 0.426354058157207 __DUMMY__ 0.04112543253212773	false	1.0
inkonsistenz	neg 1.0		neg 0.5339319067014111 off 0.4254555734730783 __DUMMY__ 0.04061251982551069	false	1.0
erschreckend	neg 1.0		neg 0.5376680048819381 off 0.4213723403948415 __DUMMY__ 0.040959654723220405	false	1.0
ertrinken	neg 1.0		neg 0.5386110939243466 off 0.4201895470236186 __DUMMY__ 0.04119935905203497	false	1.0
pickelface	off 1.0		neg 0.5395847302676318 off 0.41951123418551967 __DUMMY__ 0.040904035546848745	false	0.5
seiner			neg 0.539941694921425 off 0.4188482566009418 __DUMMY__ 0.041210048477633175	false	0.0
lauch	neg 1.0		neg 0.5461414769519537 off 0.4128987673431512 __DUMMY__ 0.04095975570489531	false	1.0
unwichtig	neg 1.0		neg 0.5314058709398983 off 0.42781889754209296 __DUMMY__ 0.040775231518008645	false	1.0
steuerhinterziehung	neg 1.0		neg 0.5414723254355066 off 0.4178318470163265 __DUMMY__ 0.04069582754816701	false	1.0
schock	neg 1.0		neg 0.5343539576202538 off 0.4243797214916313 __DUMMY__ 0.04126632088811478	false	1.0
beule	neg 1.0		neg 0.5292197649526285 off 0.42987092868276816 __DUMMY__ 0.040909306364603555	false	1.0
vergelten	neg 1.0		neg 0.5256472048134725 off 0.4334398053020198 __DUMMY__ 0.04091298988450771	false	1.0
verdorbenheit	neg 1.0		neg 0.5362108154368943 off 0.4227600045866014 __DUMMY__ 0.04102917997650437	false	1.0
trauma	neg 1.0		neg 0.5352842254127124 off 0.4237934016636727 __DUMMY__ 0.040922372923615016	false	1.0
sinnlos	neg 1.0		neg 0.5326918237933 off 0.4263187841385084 __DUMMY__ 0.04098939206819176	false	1.0
fettsack	off 1.0	off 1.0	off 0.7009943225722831 neg 0.27973243197036995 __DUMMY__ 0.01927324545734693	false	1.0
feige	off 1.0	off 1.0	off 0.6975679313291212 neg 0.283086622042848 __DUMMY__ 0.019345446628030744	false	1.0
abdanken	neg 1.0		neg 0.5394714096525827 off 0.4197536710426261 __DUMMY__ 0.04077491930479129	false	1.0
wichtigtuer	off 1.0	off 1.0	off 0.6961649153794705 neg 0.28440041094442003 __DUMMY__ 0.019434673676109546	false	1.0
misslingen	neg 1.0		neg 0.5311351280276396 off 0.42751466555937134 __DUMMY__ 0.04135020641298904	false	1.0
untreu	off 1.0		neg 0.5302594289102196 off 0.4290198611888051 __DUMMY__ 0.04072070990097534	false	0.5
missmutig	neg 1.0		neg 0.529890719816113 off 0.42919528116336664 __DUMMY__ 0.04091399902052036	false	1.0
hurenbock	off 1.0		neg 0.5337041780853763 off 0.4252658866528402 __DUMMY__ 0.041029935261783446	false	0.5
betrunken	neg 1.0		neg 0.525875058770071 off 0.43317236474975823 __DUMMY__ 0.04095257648017065	false	1.0
korrupt	off 1.0		neg 0.5431170469910017 off 0.41626953842383985 __DUMMY__ 0.040613414585158485	false	0.5
unmut	neg 1.0		neg 0.5451566054268945 off 0.41374781632752017 __DUMMY__ 0.04109557824558529	false	1.0
hackfresse	off 1.0		neg 0.5230163203050292 off 0.43650341825712285 __DUMMY__ 0.04048026143784797	false	0.5
aufblasen	neg 1.0		neg 0.5327846435566722 off 0.4261096319986097 __DUMMY__ 0.04110572444471795	false	1.0
gewaltsam	neg 1.0		neg 0.5376964964044693 off 0.42135359359461155 __DUMMY__ 0.040949910000919146	false	1.0
unbeliebtheit	neg 1.0		neg 0.5366749511400489 off 0.4230098550707777 __DUMMY__ 0.04031519378917349	false	1.0
sturheit	neg 1.0		neg 0.5381423321539116 off 0.4209380121607935 __DUMMY__ 0.040919655685295014	false	1.0
kuh	neg 1.0		neg 0.5380225158101528 off 0.421287804201856 __DUMMY__ 0.0406896799879911	false	1.0
erschrecken	neg 1.0		neg 0.5303964313818561 off 0.42864016814304173 __DUMMY__ 0.04096340047510231	false	1.0
opfer	neg 1.0		neg 0.5394039708462471 off 0.41948157309188105 __DUMMY__ 0.04111445606187184	false	1.0
sinken	neg 1.0		neg 0.5430689269662682 off 0.4157113247875105 __DUMMY__ 0.04121974824622133	false	1.0
stinktier	neg 1.0		neg 0.527118509939504 off 0.43240732934832393 __DUMMY__ 0.04047416071217206	false	1.0
tucke	off 1.0		neg 0.5256841891736254 off 0.4341739442340232 __DUMMY__ 0.04014186659235133	false	0.5
ein			neg 0.5331550709533366 off 0.4256918543955864 __DUMMY__ 0.04115307465107698	false	0.0
abstieg	neg 1.0		neg 0.5392995119895814 off 0.4194521328964827 __DUMMY__ 0.04124835511393589	false	1.0
missverstehen	neg 1.0		neg 0.5346287509986808 off 0.4246112501670237 __DUMMY__ 0.0407599988342954	false	1.0
ergebnislos	neg 1.0		neg 0.5413234766425733 off 0.4176167815823036 __DUMMY__ 0.04105974177512299	false	1.0
unter			neg 0.5446756790856139 off 0.4136092596895893 __DUMMY__ 0.041715061224796936	false	0.0
manipulieren	neg 1.0		neg 0.5419133704536268 off 0.41702247485268545 __DUMMY__ 0.041064154693687877	false	1.0
unbewiesen	neg 1.0		neg 0.5417063650549593 off 0.4178837525997904 __DUMMY__ 0.04040988234525033	false	1.0
verschleppen	neg 1.0		neg 0.5402278805949445 off 0.4188151220465014 __DUMMY__ 0.04095699735855396	false	1.0
weib	off 1.0		neg 0.5238027377895589 off 0.43578469032588407 __DUMMY__ 0.04041257188455698	false	0.5
opposition	neg 1.0		neg 0.5363727708434669 off 0.4229169517659423 __DUMMY__ 0.040710277390590625	false	1.0
verkehrswidrig	neg 1.0	neg 1.0	neg 0.7470638769172143 off 0.23319759883300378 __DUMMY__ 0.019738524249781945	false	1.0
inkorrekt	neg 1.0		neg 0.5319569599497356 off 0.42764969828901567 __DUMMY__ 0.04039334176124862	false	1.0
vermeiden	neg 1.0		neg 0.5445216184346676 off 0.41405622028532235 __DUMMY__ 0.04142216128001002	false	1.0
abweichung	neg 1.0	neg 1.0	neg 0.7576062783411729 off 0.22280233405852384 __DUMMY__ 0.019591387600303354	false	1.0
alkoholisiert	neg 1.0		neg 0.5351052006214013 off 0.42318054021339746 __DUMMY__ 0.041714259165201294	false	1.0
scheiss	off 1.0	off 1.0	off 0.6988011421103159 neg 0.28174416921184786 __DUMMY__ 0.01945468867783632	false	1.0
herausforderung	neg 1.0	neg 1.0	neg 0.7554288670618549 off 0.22469540246629321 __DUMMY__ 0.01987573047185189	false	1.0
pervers	off 1.0		neg 0.5200439309995357 off 0.4395986428177111 __DUMMY__ 0.040357426182752995	false	0.5
wackelig	neg 1.0		neg 0.5348134120423551 off 0.4237619111135908 __DUMMY__ 0.04142467684405412	false	1.0
verwickeln	neg 1.0		neg 0.5343837457623696 off 0.4248176712796529 __DUMMY__ 0.040798582957977565	false	1.0
vorwand	neg 1.0		neg 0.5428842547669825 off 0.4160416181339155 __DUMMY__ 0.04107412709910186	false	1.0
muschi	off 1.0		neg 0.5385343553772357 off 0.4205136578724645 __DUMMY__ 0.040951986750299964	false	0.5
entmutigung	neg 1.0		neg 0.5378905958309558 off 0.4214932168550914 __DUMMY__ 0.04061618731395279	false	1.0
unangemessen	neg 1.0		neg 0.539801231307763 off 0.4193326206254356 __DUMMY__ 0.04086614806680155	false	1.0
unstetig	neg 1.0		neg 0.5355521704409568 off 0.42354781366748806 __DUMMY__ 0.04090001589155516	false	1.0
entmutigen	neg 1.0		neg 0.5338219070608895 off 0.4251696062678563 __DUMMY__ 0.04100848667125414	false	1.0
schwanz	neg 1.0		neg 0.5415212037741515 off 0.4174125468413035 __DUMMY__ 0.041066249384545055	false	1.0
verbot	neg 1.0		neg 0.542369800925655 off 0.4168944700722094 __DUMMY__ 0.04073572900213545	false	1.0
leid	neg 1.0		neg 0.5242751694687098 off 0.435054415812761 __DUMMY__ 0.040670414718529176	false	1.0
archaisch	neg 1.0		neg 0.5383233487152723 off 0.4206500214743891 __DUMMY__ 0.041026629810338486	false	1.0
gegen			neg 0.5422451426868371 off 0.4165154483721318 __DUMMY__ 0.04123940894103107	false	0.0
scheidung	neg 1.0		neg 0.51551917891575 off 0.4441107458762849 __DUMMY__ 0.04037007520796488	false	1.0
einschlag	neg 1.0	neg 1.0	neg 0.7501529082811768 off 0.23038535799271567 __DUMMY__ 0.019461733726107537	false	1.0
m			neg 0.5373591750479764 off 0.421484910209383 __DUMMY__ 0.04115591474264062	false	0.0
abgestanden	neg 1.0		neg 0.5353063634882568 off 0.4237444981005892 __DUMMY__ 0.040949138411154065	false	1.0
schmierig	off 1.0		neg 0.5247850159896619 off 0.43452464374776256 __DUMMY__ 0.04069034026257552	false	0.5
unpraktisch	neg 1.0		neg 0.5327221815701295 off 0.426119469074704 __DUMMY__ 0.041158349355166275	false	1.0
wixxer	off 1.0		neg 0.5211523667993794 off 0.43857027314426733 __DUMMY__ 0.04027736005635331	false	0.5
bezeichnet			neg 0.5374367030597499 off 0.42166190802959747 __DUMMY__ 0.04090138891065271	false	0.0
jammerlappen	off 1.0		neg 0.5309904993675598 off 0.4282123773345801 __DUMMY__ 0.040797123297860116	false	0.5
farce	neg 1.0		neg 0.5417433455619203 off 0.4175719037105125 __DUMMY__ 0.040684750727567415	false	1.0
zwecklos	neg 1.0		neg 0.5391493362384063 off 0.4199151616547132 __DUMMY__ 0.04093550210688033	false	1.0
turbulent	neg 1.0		neg 0.5318124729524379 off 0.42753913552588746 __DUMMY__ 0.04064839152167456	false	1.0
invasion	neg 1.0		neg 0.5327416949845301 off 0.42628366630918657 __DUMMY__ 0.040974638706283525	false	1.0
schuld	neg 1.0		neg 0.5350462777644783 off 0.42400180922137903 __DUMMY__ 0.04095191301414273	false	1.0
risiko	neg 1.0		neg 0.534540452657996 off 0.424364304100234 __DUMMY__ 0.04109524324176986	false	1.0
finster	neg 1.0		neg 0.5335208998112683 off 0.4254023573251994 __DUMMY__ 0.04107674286353245	false	1.0
geisteskrank	off 1.0		neg 0.5305305599988862 off 0.42885866965259045 __DUMMY__ 0.040610770348523284	false	0.5
zusammenbrechen	neg 1.0		neg 0.5363395192797372 off 0.4225166693888257 __DUMMY__ 0.041143811331437075	false	1.0
ausbeute	neg 1.0		neg 0.5373929576114215 off 0.42114745530065056 __DUMMY__ 0.04145958708792803	false	1.0
hinterhalt	neg 1.0		neg 0.5367547692702315 off 0.4220767665787714 __DUMMY__ 0.04116846415099703	false	1.0
kritik	neg 1.0		neg 0.5416019045681504 off 0.4176752674005201 __DUMMY__ 0.040722828031329365	false	1.0
einschrumpfen	neg 1.0		neg 0.5362898495978994 off 0.4231689357845548 __DUMMY__ 0.040541214617545805	false	1.0
riskant	neg 1.0		neg 0.5410215484337919 off 0.4179949892051531 __DUMMY__ 0.04098346236105491	false	1.0
frustrieren	neg 1.0		neg 0.5398449415925973 off 0.4190844102107752 __DUMMY__ 0.04107064819662753	false	1.0
groll	neg 1.0		neg 0.5384519432126882 off 0.4205011921610738 __DUMMY__ 0.04104686462623811	false	1.0
gibt			neg 0.5376513635005198 off 0.4212870824076631 __DUMMY__ 0.041061554091817117	false	0.0
qualvoll	neg 1.0		neg 0.5306060689165292 off 0.4283459435899627 __DUMMY__ 0.04104798749350815	false	1.0
wackeln	neg 1.0	neg 1.0	neg 0.7534284436665869 off 0.22690137895029974 __DUMMY__ 0.019670177383113316	false	1.0
klagen	neg 1.0		neg 0.5442153860355833 off 0.41466157282893146 __DUMMY__ 0.04112304113548528	false	1.0
bankrott	neg 1.0		neg 0.5313026905986041 off 0.42779004300272505 __DUMMY__ 0.04090726639867083	false	1.0
trauern	neg 1.0		neg 0.5382332044463374 off 0.4205102905549499 __DUMMY__ 0.041256504998712765	false	1.0
ablehnung	neg 1.0		neg 0.5417538901838531 off 0.41754249573202773 __DUMMY__ 0.040703614084118975	false	1.0
stur	neg 1.0		neg 0.534761802649361 off 0.42434235284005717 __DUMMY__ 0.04089584451058172	false	1.0
aufruhr	neg 1.0		neg 0.5379935212049222 off 0.4210717942002684 __DUMMY__ 0.04093468459480937	false	1.0
melancholie	neg 1.0		neg 0.5369236218322093 off 0.42185982944613404 __DUMMY__ 0.0412165487216567	false	1.0
ist			neg 0.533552405085309 off 0.4254720309925013 __DUMMY__ 0.040975563922189547	false	0.0
torheit	neg 1.0		neg 0.5372090657530988 off 0.4220289480493301 __DUMMY__ 0.04076198619757112	false	1.0
dreckskind	off 1.0		neg 0.5258993853935802 off 0.4336890215823241 __DUMMY__ 0.0404115930240958	false	0.5
umtauschen	neg 1.0		neg 0.5353810478691832 off 0.4235299351958022 __DUMMY__ 0.04108901693501463	false	1.0
zum			neg 0.540188357682379 off 0.41798076068850487 __DUMMY__ 0.041830881629116176	false	0.0
zersetzen	neg 1.0		neg 0.5432408581020193 off 0.41581544653635366 __DUMMY__ 0.04094369536162699	false	1.0
zur			neg 0.5453239368575745 off 0.4132522299836407 __DUMMY__ 0.041423833158784784	false	0.0
frust	neg 1.0		neg 0.5365319468015981 off 0.42231970049890527 __DUMMY__ 0.04114835269949677	false	1.0
unerbittlichkeit	neg 1.0		neg 0.5424964180849944 off 0.41650217473591694 __DUMMY__ 0.04100140717908861	false	1.0
zwei			neg 0.539063551424439 off 0.41928065205526005 __DUMMY__ 0.04165579652030084	false	0.0
unkorrekt	neg 1.0		neg 0.5304586169815366 off 0.42908192480989604 __DUMMY__ 0.040459458208567355	false	1.0
hexe	off 1.0		neg 0.5298186859655486 off 0.429367839808226 __DUMMY__ 0.04081347422622541	false	0.5
lasch	neg 1.0		neg 0.533607545829925 off 0.42568911415749766 __DUMMY__ 0.04070334001257747	false	1.0
rivale	neg 1.0		neg 0.5267476513516202 off 0.43240283768011134 __DUMMY__ 0.04084951096826839	false	1.0
mutlos	off 1.0	off 1.0	off 0.6919284040243122 neg 0.2885997172948797 __DUMMY__ 0.019471878680808106	false	1.0
wirr	off 1.0		neg 0.5297167654696 off 0.4297916471924731 __DUMMY__ 0.040491587337926765	false	0.5
jahr			neg 0.5369568532416059 off 0.4214220149922421 __DUMMY__ 0.041621131766152036	false	0.0
wird			neg 0.5384387225552335 off 0.42040016679585057 __DUMMY__ 0.041161110648915915	false	0.0
strafbar	neg 1.0		neg 0.5415135888693586 off 0.41756284002350147 __DUMMY__ 0.04092357110713988	false	1.0
erosion	neg 1.0		neg 0.5340921884958482 off 0.42481393728121103 __DUMMY__ 0.0410938742229409	false	1.0
eingehen	neg 1.0		neg 0.5402663669362991 off 0.4188135981313075 __DUMMY__ 0.04092003493239351	false	1.0
faul	off 1.0		neg 0.530401175376576 off 0.4286482928783209 __DUMMY__ 0.040950531745103096	false	0.5
provisorium	neg 1.0		neg 0.5468310111399585 off 0.411634295091853 __DUMMY__ 0.041534693768188524	false	1.0
schmerzen	neg 1.0		neg 0.5352049143277263 off 0.423739787378191 __DUMMY__ 0.04105529829408263	false	1.0
schrumpfen	neg 1.0		neg 0.5466450448357585 off 0.4121235690208962 __DUMMY__ 0.04123138614334528	false	1.0
geistlos	off 1.0		neg 0.5373982655286488 off 0.42211538201422966 __DUMMY__ 0.04048635245712167	false	0.5
fehlkauf	neg 1.0		neg 0.5351555726757884 off 0.42401286448405096 __DUMMY__ 0.040831562840160644	false	1.0
frustrierend	neg 1.0		neg 0.5301187624882927 off 0.4288665659625258 __DUMMY__ 0.041014671549181446	false	1.0
unzufrieden	neg 1.0		neg 0.5391869339773349 off 0.4198613184989722 __DUMMY__ 0.04095174752369287	false	1.0
verzweifeln	neg 1.0		neg 0.5358597827585952 off 0.42308241161716015 __DUMMY__ 0.04105780562424466	false	1.0
verzweifelt	neg 1.0		neg 0.5346415933380784 off 0.42445985306276124 __DUMMY__ 0.04089855359916041	false	1.0
misstrauensantrag	neg 1.0		neg 0.5350254154297904 off 0.4242154172829633 __DUMMY__ 0.040759167287246253	false	1.0
abfallen	neg 1.0		neg 0.5318995040223624 off 0.4268969163629779 __DUMMY__ 0.04120357961465977	false	1.0
fucker	off 1.0		neg 0.5297190553800658 off 0.42963828060720083 __DUMMY__ 0.04064266401273318	false	0.5
ungezogen	neg 1.0		neg 0.5204972850508045 off 0.4389664714314115 __DUMMY__ 0.04053624351778395	false	1.0
irrsinnig	neg 1.0	neg 1.0	neg 0.7549723044990327 off 0.22555404687794592 __DUMMY__ 0.019473648623021304	false	1.0
unfassbar	neg 1.0		neg 0.529766526901919 off 0.4294190312946883 __DUMMY__ 0.04081444180339258	false	1.0
hart	neg 1.0		neg 0.5336255128933292 off 0.42564026681690836 __DUMMY__ 0.040734220289762514	false	1.0
widerlich	off 1.0		neg 0.5305364383340619 off 0.42884807560683175 __DUMMY__ 0.040615486059106386	false	0.5
fatal	neg 1.0		neg 0.5345827016721826 off 0.42456695618931695 __DUMMY__ 0.040850342138500424	false	1.0
bruch	neg 1.0		neg 0.5446290428076259 off 0.4143178730500652 __DUMMY__ 0.04105308414230898	false	1.0
aushungern	neg 1.0		neg 0.5400567959927292 off 0.41918962919358127 __DUMMY__ 0.04075357481368958	false	1.0
anspannung	neg 1.0	neg 1.0	neg 0.7578075702473445 off 0.22224505517772017 __DUMMY__ 0.019947374574935364	false	1.0
von			neg 0.5388342021299815 off 0.41963605995276315 __DUMMY__ 0.04152973791725543	false	0.0
kraftlos	neg 1.0		neg 0.5358234071623649 off 0.4228981210623656 __DUMMY__ 0.04127847177526953	false	1.0
vom			neg 0.5432357531369666 off 0.41496271602286483 __DUMMY__ 0.0418015308401687	false	0.0
grenzdebil	off 1.0		neg 0.5286092378806281 off 0.43059594296538695 __DUMMY__ 0.04079481915398502	false	0.5
vor			neg 0.54102338251136 off 0.4177193443205408 __DUMMY__ 0.04125727316809926	false	0.0
unterwerfen	neg 1.0		neg 0.5400455256081722 off 0.4188685299857789 __DUMMY__ 0.041085944406048944	false	1.0
versenkung	neg 1.0		neg 0.5407132044520053 off 0.41822417848911336 __DUMMY__ 0.04106261705888133	false	1.0
entziehen	neg 1.0		neg 0.5432598940601234 off 0.41561048115536003 __DUMMY__ 0.0411296247845166	false	1.0
finanzkrise	neg 1.0		neg 0.5411410770658213 off 0.4182384263389504 __DUMMY__ 0.0406204965952282	false	1.0
schimpfend	neg 1.0		neg 0.5314467800096562 off 0.4272787778510053 __DUMMY__ 0.04127444213933848	false	1.0
profan	neg 1.0		neg 0.5328527127377934 off 0.42626073161448924 __DUMMY__ 0.040886555647717454	false	1.0
korruption	neg 1.0	neg 1.0	neg 0.7587932615868992 off 0.22181291767332975 __DUMMY__ 0.01939382073977111	false	1.0
â			neg 0.5390727855364941 off 0.4198002304932654 __DUMMY__ 0.041126983970240456	false	0.0
schmutzig	neg 1.0		neg 0.5288748442580211 off 0.4302778210453167 __DUMMY__ 0.04084733469666209	false	1.0
sexy	neg 1.0		neg 0.5321510956195209 off 0.42696359101690456 __DUMMY__ 0.04088531336357457	false	1.0
abraten	neg 1.0		neg 0.5337846082029913 off 0.4252864439658778 __DUMMY__ 0.04092894783113097	false	1.0
schwarz	neg 1.0		neg 0.5350764167611518 off 0.42404651842366137 __DUMMY__ 0.0408770648151869	false	1.0
fotze	off 1.0		neg 0.5411071343132071 off 0.41791345832398447 __DUMMY__ 0.04097940736280842	false	0.5
verwirren	neg 1.0		neg 0.5324243614056652 off 0.4266708801729967 __DUMMY__ 0.04090475842133797	false	1.0
zahnlos	off 1.0		neg 0.539596392706492 off 0.4194944477418802 __DUMMY__ 0.04090915955162778	false	0.5
verheeren	neg 1.0		neg 0.5200117332002725 off 0.4395041417918005 __DUMMY__ 0.040484125007927044	false	1.0
hippie	neg 1.0		neg 0.5332681129414237 off 0.42588862078417306 __DUMMY__ 0.040843266274403295	false	1.0
rammen	neg 1.0		neg 0.5365282984869867 off 0.4226618744838776 __DUMMY__ 0.04080982702913574	false	1.0
unlauter	neg 1.0		neg 0.5394388644653184 off 0.4199961477910839 __DUMMY__ 0.040564987743597763	false	1.0
unheilvoll	neg 1.0		neg 0.5312586566937105 off 0.42761754397749524 __DUMMY__ 0.04112379932879426	false	1.0
niedrig	neg 1.0		neg 0.5415487400481338 off 0.41740053290759443 __DUMMY__ 0.041050727044271824	false	1.0
explosion	neg 1.0		neg 0.5340810768537998 off 0.42509043494586685 __DUMMY__ 0.04082848820033328	false	1.0
weichei	off 1.0		neg 0.5250036820600711 off 0.43451329499930524 __DUMMY__ 0.040483022940623614	false	0.5
minusmensch	off 1.0		neg 0.5250667686519117 off 0.4349207653138414 __DUMMY__ 0.04001246603424673	false	0.5
farblos	neg 1.0		neg 0.5339553705124043 off 0.4247144106708048 __DUMMY__ 0.04133021881679099	false	1.0
unwissend	neg 1.0	neg 1.0	neg 0.752376914021088 off 0.2282040537249522 __DUMMY__ 0.019419032253959804	false	1.0
traurig	neg 1.0		neg 0.5259246000643093 off 0.4332745868787941 __DUMMY__ 0.040800813056896715	false	1.0
senkung	neg 1.0		neg 0.5353414582665623 off 0.42399792322865026 __DUMMY__ 0.04066061850478734	false	1.0
ungleich	neg 1.0	neg 1.0	neg 0.7587711939063677 off 0.22174774202000538 __DUMMY__ 0.019481064073626948	false	1.0
heikel	neg 1.0		neg 0.5424714237040111 off 0.41653539652843513 __DUMMY__ 0.040993179767553595	false	1.0
drosselung	neg 1.0		neg 0.5293764892782181 off 0.4298327723839266 __DUMMY__ 0.04079073833785519	false	1.0
falsch	neg 1.0		neg 0.5311862857429412 off 0.42794119723748586 __DUMMY__ 0.040872517019572945	false	1.0
unzufriedenheit	neg 1.0		neg 0.5426140423843238 off 0.41632265848641586 __DUMMY__ 0.04106329912926037	false	1.0
kurz	neg 1.0		neg 0.5348237562299846 off 0.423868497042831 __DUMMY__ 0.04130774672718444	false	1.0
unsinnig	neg 1.0		neg 0.5396856444167935 off 0.4194870928725653 __DUMMY__ 0.04082726271064121	false	1.0
penner	off 1.0	off 1.0	off 0.7027272909480663 neg 0.27800931925421596 __DUMMY__ 0.01926338979771775	false	1.0
seicht	neg 1.0		neg 0.5232996682187915 off 0.43642431132781206 __DUMMY__ 0.040276020453396344	false	1.0
dummheit	off 1.0	off 1.0	off 0.696060168369492 neg 0.28454564956729234 __DUMMY__ 0.019394182063215554	false	1.0
unerfreulich	neg 1.0		neg 0.5420328830088602 off 0.4168049671054421 __DUMMY__ 0.041162149885697843	false	1.0
motherfucker	off 1.0	off 1.0	off 0.6984252422402558 neg 0.28225896978499504 __DUMMY__ 0.019315787974749223	false	1.0
pikiert	neg 1.0		neg 0.5320497319611938 off 0.42733775933428414 __DUMMY__ 0.04061250870452221	false	1.0
wrack	neg 1.0		neg 0.5373190529670246 off 0.42129551851358404 __DUMMY__ 0.0413854285193915	false	1.0
gangster	neg 1.0		neg 0.5331972236605337 off 0.4259036204047872 __DUMMY__ 0.04089915593467914	false	1.0
krank	neg 1.0		neg 0.5269157277196928 off 0.4321539416321633 __DUMMY__ 0.04093033064814386	false	1.0
reich	neg 1.0		neg 0.5326815035656396 off 0.4266040492658819 __DUMMY__ 0.0407144471684786	false	1.0
gnadenlos	neg 1.0		neg 0.5347680778665784 off 0.42425167634458416 __DUMMY__ 0.04098024578883734	false	1.0
niedergeschlagen	neg 1.0		neg 0.5358994297142987 off 0.4229318389603698 __DUMMY__ 0.041168731325331616	false	1.0
terrorisieren	off 1.0	off 1.0	off 0.6930626617466513 neg 0.2873667461186253 __DUMMY__ 0.019570592134723345	false	1.0
sinnlosigkeit	neg 1.0		neg 0.5384700021022033 off 0.4205303893523203 __DUMMY__ 0.04099960854547624	false	1.0
behindern	neg 1.0		neg 0.5377566799331764 off 0.42133380596147413 __DUMMY__ 0.04090951410534945	false	1.0
undemokratisch	neg 1.0		neg 0.5385533243149715 off 0.4208162475264633 __DUMMY__ 0.040630428158565206	false	1.0
wirtschaftskrise	neg 1.0		neg 0.5421037373237602 off 0.4170641162608582 __DUMMY__ 0.04083214641538163	false	1.0
neid	neg 1.0		neg 0.5275534359067603 off 0.43129419066536556 __DUMMY__ 0.04115237342787417	false	1.0
rutschen	neg 1.0	neg 1.0	neg 0.7567299622945606 off 0.2233533316255785 __DUMMY__ 0.019916706079860964	false	1.0
rezession	neg 1.0		neg 0.530157064580795 off 0.42955379855391823 __DUMMY__ 0.04028913686528678	false	1.0
fehlgeburt	neg 1.0		neg 0.5323949038228851 off 0.42654917678323573 __DUMMY__ 0.04105591939387908	false	1.0
charakterschwach	off 1.0		neg 0.530144535794525 off 0.4291500229883659 __DUMMY__ 0.04070544121710895	false	0.5
isolation	neg 1.0		neg 0.5302928222070257 off 0.42870645311292715 __DUMMY__ 0.04100072468004723	false	1.0
ablenkung	neg 1.0		neg 0.5347978728662269 off 0.42415194261650746 __DUMMY__ 0.04105018451726568	false	1.0
pech	neg 1.0		neg 0.5305955889879802 off 0.4284362577770734 __DUMMY__ 0.0409681532349464	false	1.0
vermeidung	neg 1.0		neg 0.5305400448408213 off 0.4288272641956252 __DUMMY__ 0.040632690963553535	false	1.0
dominieren	neg 1.0		neg 0.5371099405746491 off 0.42155675418124466 __DUMMY__ 0.04133330524410619	false	1.0
schwindlig	neg 1.0		neg 0.5304245324657751 off 0.4283973158324408 __DUMMY__ 0.041178151701783995	false	1.0
lutscher	neg 1.0	neg 1.0	neg 0.7478151276200701 off 0.2330037786320074 __DUMMY__ 0.019181093747922533	false	1.0
pflicht	neg 1.0		neg 0.5420022870542313 off 0.4169334988518542 __DUMMY__ 0.04106421409391467	false	1.0
faschist	off 1.0		neg 0.5358626103262055 off 0.4235367783828935 __DUMMY__ 0.04060061129090112	false	0.5
verschleudern	neg 1.0		neg 0.544542192118314 off 0.4147739172997608 __DUMMY__ 0.04068389058192515	false	1.0
wenn			neg 0.53076684171997 off 0.42834817482001447 __DUMMY__ 0.04088498346001551	false	0.0
ehebruch	neg 1.0		neg 0.5408240449650422 off 0.41823721847949463 __DUMMY__ 0.04093873655546324	false	1.0
spott	off 1.0		neg 0.542022485583479 off 0.417085673624387 __DUMMY__ 0.040891840792133954	false	0.5
trostlosigkeit	neg 1.0		neg 0.5430082880062107 off 0.4158701581677794 __DUMMY__ 0.041121553826009925	false	1.0
lutschen	neg 1.0		neg 0.5352788281322542 off 0.4240132148787683 __DUMMY__ 0.04070795698897741	false	1.0
undiszipliniert	neg 1.0		neg 0.527309940684526 off 0.43191000475146946 __DUMMY__ 0.0407800545640046	false	1.0
kopfschmerz	neg 1.0		neg 0.5357056397090014 off 0.4231026658746518 __DUMMY__ 0.041191694416346805	false	1.0
unvorhergesehen	neg 1.0		neg 0.5360333684318763 off 0.4224942474319052 __DUMMY__ 0.0414723841362185	false	1.0
desinteressiert	neg 1.0		neg 0.528517289137236 off 0.43080261498182193 __DUMMY__ 0.040680095880942166	false	1.0
armselig	off 1.0		neg 0.5289949242144607 off 0.43050069955566234 __DUMMY__ 0.040504376229876966	false	0.5
desaster	neg 1.0		neg 0.5453254072060746 off 0.4136164057825558 __DUMMY__ 0.041058187011369464	false	1.0
tod	neg 1.0		neg 0.5389782768111011 off 0.4198944688524749 __DUMMY__ 0.041127254336424	false	1.0
herzlos	neg 1.0		neg 0.5271139540693878 off 0.43226464808350307 __DUMMY__ 0.04062139784710932	false	1.0
unwissenheit	neg 1.0		neg 0.5407068339798972 off 0.4184803814259092 __DUMMY__ 0.04081278459419374	false	1.0
widersinnig	neg 1.0	neg 1.0	neg 0.7582913902666594 off 0.2223433165248079 __DUMMY__ 0.019365293208532634	false	1.0
bedenklich	neg 1.0		neg 0.5409397766437833 off 0.4181079548470447 __DUMMY__ 0.04095226850917191	false	1.0
beanstanden	neg 1.0		neg 0.5425973098134266 off 0.4163126923705826 __DUMMY__ 0.04108999781599087	false	1.0
panisch	neg 1.0	neg 1.0	neg 0.7515171703811243 off 0.22877828791504162 __DUMMY__ 0.019704541703834087	false	1.0
debil	off 1.0		neg 0.5471644067977497 off 0.41154307672057566 __DUMMY__ 0.04129251648167453	false	0.5
abstrich	neg 1.0		neg 0.5399792595072528 off 0.4190537651990226 __DUMMY__ 0.04096697529372463	false	1.0
primitiv	neg 1.0		neg 0.5299761329940053 off 0.4294077662045419 __DUMMY__ 0.040616100801453	false	1.0
abschaum	off 1.0	off 1.0	off 0.697575865563846 neg 0.28303465522892385 __DUMMY__ 0.01938947920723022	false	1.0
provozieren	neg 1.0		neg 0.5360074399492806 off 0.423113486379999 __DUMMY__ 0.04087907367072032	false	1.0
tot	neg 1.0		neg 0.5397643575119883 off 0.41913344719614176 __DUMMY__ 0.04110219529187014	false	1.0
instabil	neg 1.0		neg 0.5318784045979209 off 0.4276703254713409 __DUMMY__ 0.040451269930738325	false	1.0
schwuchtel	off 1.0		neg 0.5186510202691279 off 0.44130053250073825 __DUMMY__ 0.040048447230133864	false	0.5
zerren	neg 1.0		neg 0.5356070582585558 off 0.42320386742724436 __DUMMY__ 0.041189074314199714	false	1.0
kinderficker	off 1.0		neg 0.5268255522622864 off 0.432780465730013 __DUMMY__ 0.04039398200770058	false	0.5
gefahr	neg 1.0		neg 0.5424542612143219 off 0.4164729871113905 __DUMMY__ 0.041072751674287526	false	1.0
rabiat	neg 1.0		neg 0.5369696300492882 off 0.42215907151478266 __DUMMY__ 0.04087129843592914	false	1.0
verlangsamung	neg 1.0		neg 0.5251580738735586 off 0.43450862499291587 __DUMMY__ 0.04033330113352544	false	1.0
ausgestorben	neg 1.0		neg 0.5352764981520853 off 0.42359796229037905 __DUMMY__ 0.04112553955753571	false	1.0
anklagen	neg 1.0		neg 0.5398004593193576 off 0.41934950207951477 __DUMMY__ 0.04085003860112761	false	1.0
trott	neg 1.0		neg 0.5360334909183483 off 0.4229080933784269 __DUMMY__ 0.04105841570322486	false	1.0
verminderung	neg 1.0		neg 0.5288833073498002 off 0.4304293857414226 __DUMMY__ 0.04068730690877727	false	1.0
nach			neg 0.5405998399891178 off 0.41765619356550754 __DUMMY__ 0.04174396644537469	false	0.0
rost	neg 1.0		neg 0.5249773297262341 off 0.4345106254589552 __DUMMY__ 0.0405120448148107	false	1.0
destruktiv	neg 1.0		neg 0.53871762535956 off 0.42052316888656877 __DUMMY__ 0.04075920575387127	false	1.0
unzumutbarkeit	neg 1.0		neg 0.5301854931964193 off 0.4289099064694665 __DUMMY__ 0.040904600334114215	false	1.0
labil	off 1.0	off 1.0	off 0.6974508104469591 neg 0.2831624062442325 __DUMMY__ 0.0193867833088083	false	1.0
ziemlich	neg 1.0		neg 0.5281974837632506 off 0.4308869519191827 __DUMMY__ 0.040915564317566655	false	1.0
lachnummer	off 1.0		neg 0.5370109790190031 off 0.42208219106649036 __DUMMY__ 0.040906829914506504	false	0.5
oder			neg 0.5337535612217228 off 0.4250943014229113 __DUMMY__ 0.04115213735536582	false	0.0
verfall	neg 1.0		neg 0.5476155547037773 off 0.4112458593995062 __DUMMY__ 0.04113858589671647	false	1.0
ausgrenzung	neg 1.0		neg 0.5383309207787442 off 0.4211112240249946 __DUMMY__ 0.040557855196261115	false	1.0
unordnung	neg 1.0		neg 0.5297696316411308 off 0.42938475016429073 __DUMMY__ 0.04084561819457856	false	1.0
fehlverhalten	neg 1.0		neg 0.5426593314105519 off 0.41637871701576373 __DUMMY__ 0.04096195157368444	false	1.0
eine			neg 0.5412232145432152 off 0.41759527448100625 __DUMMY__ 0.041181510975778615	false	0.0
nille	neg 1.0		neg 0.5377227709046615 off 0.42130108988270615 __DUMMY__ 0.04097613921263246	false	1.0
qual	neg 1.0		neg 0.5366358233730483 off 0.4223382596978758 __DUMMY__ 0.04102591692907583	false	1.0
verschwenden	neg 1.0		neg 0.5400698547544235 off 0.41895925986568405 __DUMMY__ 0.04097088537989248	false	1.0
riesig	neg 1.0	neg 1.0	neg 0.7565575397928045 off 0.2237924772085539 __DUMMY__ 0.019649982998641544	false	1.0
verurteilen	neg 1.0		neg 0.540188632945956 off 0.4189398598639957 __DUMMY__ 0.04087150719004838	false	1.0
klischee	neg 1.0	neg 1.0	neg 0.7540145830411473 off 0.22660645364156218 __DUMMY__ 0.019378963317290467	false	1.0
diktatorisch	neg 1.0		neg 0.5392369679727708 off 0.420272084903297 __DUMMY__ 0.040490947123932274	false	1.0
vorhersehbar	neg 1.0	neg 1.0	neg 0.7540728671595972 off 0.22650281324310179 __DUMMY__ 0.01942431959730104	false	1.0
sowie			neg 0.526616209820627 off 0.4329607856096962 __DUMMY__ 0.04042300456967676	false	0.0
stornieren	neg 1.0		neg 0.5309926274539111 off 0.42762989526930745 __DUMMY__ 0.04137747727678137	false	1.0
besteuerung	neg 1.0		neg 0.5384648392533601 off 0.4208943609157474 __DUMMY__ 0.0406407998308927	false	1.0
ungeschminkt	neg 1.0		neg 0.5306000299040677 off 0.4287586967099618 __DUMMY__ 0.040641273385970504	false	1.0
kritisch	neg 1.0		neg 0.540851124194014 off 0.4181578220770043 __DUMMY__ 0.040991053728981534	false	1.0
schlamperei	off 1.0		neg 0.5434912709897707 off 0.4156289244347981 __DUMMY__ 0.040879804575431125	false	0.5
sucht	neg 1.0	neg 1.0	neg 0.7550707863865562 off 0.22536774115037153 __DUMMY__ 0.01956147246307228	false	1.0
egoistisch	off 1.0		neg 0.5239271078414366 off 0.4354663227579841 __DUMMY__ 0.04060656940057928	false	0.5
ausbeuter	off 1.0		neg 0.5440656018522539 off 0.4150951587941118 __DUMMY__ 0.0408392393536343	false	0.5
arschgeburt	off 1.0		neg 0.5189620292801449 off 0.44103401450463203 __DUMMY__ 0.04000395621522287	false	0.5
schubs	neg 1.0	neg 1.0	neg 0.7552089731442605 off 0.22509629876349502 __DUMMY__ 0.019694728092244526	false	1.0
unsolide	neg 1.0		neg 0.5406013693462559 off 0.41912344444417604 __DUMMY__ 0.04027518620956789	false	1.0
beschwerde	neg 1.0		neg 0.5435470366648157 off 0.41560658125166705 __DUMMY__ 0.04084638208351728	false	1.0
stocken	neg 1.0		neg 0.5417122177847661 off 0.41733720676069014 __DUMMY__ 0.04095057545454382	false	1.0
isolieren	neg 1.0		neg 0.5405099389387737 off 0.41858137509142135 __DUMMY__ 0.04090868596980485	false	1.0
unheilbar	neg 1.0		neg 0.5342199527424449 off 0.42469056564546565 __DUMMY__ 0.04108948161208935	false	1.0
pisser	off 1.0		neg 0.5298190217639073 off 0.4295780872600119 __DUMMY__ 0.04060289097608093	false	0.5
löschen	neg 1.0		neg 0.5362281889193619 off 0.422793096980867 __DUMMY__ 0.040978714099771246	false	1.0
durchfallen	neg 1.0		neg 0.5401894810205721 off 0.418939823036556 __DUMMY__ 0.040870695942871946	false	1.0
wichser	off 1.0		neg 0.5194070284134856 off 0.4401829075671506 __DUMMY__ 0.04041006401936377	false	0.5
terror	neg 1.0		neg 0.5321883700727518 off 0.42682623561016975 __DUMMY__ 0.040985394317078344	false	1.0
krass	neg 1.0		neg 0.5265693319837437 off 0.43282726458083703 __DUMMY__ 0.040603403435419384	false	1.0
revolte	neg 1.0	neg 1.0	neg 0.7555976021865408 off 0.22504466004122176 __DUMMY__ 0.019357737772237434	false	1.0
besorgt	neg 1.0		neg 0.5355443011331882 off 0.42314625605812495 __DUMMY__ 0.041309442808686855	false	1.0
nachlassen	neg 1.0		neg 0.5403734529419537 off 0.41851300541606284 __DUMMY__ 0.041113541641983414	false	1.0
alt	neg 1.0		neg 0.5390324116744768 off 0.419872747470429 __DUMMY__ 0.04109484085509414	false	1.0
hundesohn	off 1.0		neg 0.5236865819311471 off 0.4360920948372728 __DUMMY__ 0.04022132323157996	false	0.5
als			neg 0.5362730886926772 off 0.42252532108733104 __DUMMY__ 0.04120159021999175	false	0.0
abschreckung	neg 1.0		neg 0.5437328492227581 off 0.41521189422848304 __DUMMY__ 0.04105525654875895	false	1.0
unqualifiziert	neg 1.0		neg 0.5351556906263285 off 0.42424783184570425 __DUMMY__ 0.04059647752796716	false	1.0
abgewichst	off 1.0		neg 0.5376538580923731 off 0.4212862922520182 __DUMMY__ 0.04105984965560858	false	0.5
schwer	neg 1.0		neg 0.5353395028870147 off 0.42360796964929864 __DUMMY__ 0.04105252746368683	false	1.0
bedeutungslosigkeit	neg 1.0		neg 0.5425822054618902 off 0.41637826262860206 __DUMMY__ 0.04103953190950768	false	1.0
kapitulation	neg 1.0		neg 0.5440646266543666 off 0.41522906001936927 __DUMMY__ 0.04070631332626414	false	1.0
unscharf	neg 1.0		neg 0.5334420824588229 off 0.4256779128111961 __DUMMY__ 0.04088000472998107	false	1.0
schwinden	neg 1.0		neg 0.5422964531411784 off 0.41662233302341384 __DUMMY__ 0.04108121383540782	false	1.0
versklavung	neg 1.0		neg 0.539571530137888 off 0.41992173379432624 __DUMMY__ 0.0405067360677858	false	1.0
schlecht	neg 1.0		neg 0.5280171673522469 off 0.43105907261569354 __DUMMY__ 0.04092376003205969	false	1.0
verhasst	neg 1.0		neg 0.5352155032532406 off 0.4238813192905585 __DUMMY__ 0.04090317745620079	false	1.0
beschweren	neg 1.0		neg 0.5333954648993685 off 0.4256344699985242 __DUMMY__ 0.04097006510210716	false	1.0
scheiden	neg 1.0		neg 0.5302553342533276 off 0.4282494751265647 __DUMMY__ 0.04149519062010784	false	1.0
frustriert	neg 1.0		neg 0.5366466022065556 off 0.4222852027153007 __DUMMY__ 0.0410681950781438	false	1.0
schimmelig	neg 1.0		neg 0.5397022458758496 off 0.41917780390785686 __DUMMY__ 0.041119950216293534	false	1.0
fisch	neg 1.0		neg 0.5379539289939838 off 0.42057853121708166 __DUMMY__ 0.041467539788934596	false	1.0
schmuggel	neg 1.0		neg 0.5399903861083252 off 0.41869925572457023 __DUMMY__ 0.041310358167104565	false	1.0
auffallen	neg 1.0		neg 0.5325847864619109 off 0.4264601037705394 __DUMMY__ 0.04095510976754978	false	1.0
konkurrenz	neg 1.0	neg 1.0	neg 0.7584701571717164 off 0.2218486826717413 __DUMMY__ 0.019681160156542355	false	1.0
teufelskreis	neg 1.0	neg 1.0	neg 0.756151711270058 off 0.22435575499860466 __DUMMY__ 0.01949253373133726	false	1.0
aufschreien	neg 1.0		neg 0.5338845751871326 off 0.42527317462145153 __DUMMY__ 0.040842250191415824	false	1.0
schuldner	neg 1.0		neg 0.5422000296102029 off 0.4167372085883208 __DUMMY__ 0.0410627618014761	false	1.0
missgeburt	off 1.0	off 1.0	off 0.7005955283298563 neg 0.28016670305584224 __DUMMY__ 0.019237768614301445	false	1.0
arbeitslos	neg 1.0		neg 0.539687122061342 off 0.4194227283142737 __DUMMY__ 0.040890149624384295	false	1.0
befallen	neg 1.0		neg 0.5401358792004506 off 0.4190593333776196 __DUMMY__ 0.04080478742192985	false	1.0
miesepetrig	off 1.0	off 1.0	off 0.6993195977036615 neg 0.2811941238373906 __DUMMY__ 0.019486278458947855	false	1.0
alarmieren	neg 1.0		neg 0.5342284937406067 off 0.42521662417137773 __DUMMY__ 0.04055488208801566	false	1.0
ungeduscht	off 1.0		neg 0.5305086170751809 off 0.4284968047736419 __DUMMY__ 0.04099457815117728	false	0.5
knappheit	neg 1.0		neg 0.5427514299256195 off 0.4164352912089716 __DUMMY__ 0.040813278865408795	false	1.0
schlange	neg 1.0		neg 0.5307280057603698 off 0.42802286460062605 __DUMMY__ 0.04124912963900424	false	1.0
harsch	neg 1.0		neg 0.5240410071540045 off 0.43516157514430875 __DUMMY__ 0.04079741770168667	false	1.0
lang	neg 1.0		neg 0.5355748752037962 off 0.42344103403226563 __DUMMY__ 0.040984090763938066	false	1.0
ziellos	neg 1.0		neg 0.5367363413367564 off 0.42202022357671465 __DUMMY__ 0.041243435086529	false	1.0
selbstverliebt	neg 1.0		neg 0.520821792548902 off 0.43902956800231596 __DUMMY__ 0.04014863944878207	false	1.0
beseitigen	neg 1.0	neg 1.0	neg 0.7549740207138569 off 0.22538380921931364 __DUMMY__ 0.019642170066829452	false	1.0
dumm	off 1.0		neg 0.5237537568843166 off 0.43575844159071064 __DUMMY__ 0.04048780152497277	false	0.5
arbeitsloser	neg 1.0		neg 0.5389448020359694 off 0.4199650011407803 __DUMMY__ 0.04109019682325029	false	1.0
blitzen	neg 1.0		neg 0.5331516196017018 off 0.4260145369404215 __DUMMY__ 0.040833843457876697	false	1.0
hilflos	neg 1.0		neg 0.5370784005509025 off 0.42183447665615553 __DUMMY__ 0.04108712279294206	false	1.0
eklig	off 1.0		neg 0.523100718887892 off 0.4364348639325418 __DUMMY__ 0.04046441717956624	false	0.5
begriff			neg 0.5384695915417858 off 0.42063626075425475 __DUMMY__ 0.04089414770395952	false	0.0
hungersnot	neg 1.0		neg 0.5393629170195523 off 0.41972758789712755 __DUMMY__ 0.04090949508332017	false	1.0
ungesetzlich	neg 1.0		neg 0.5388914027260725 off 0.4206826485455911 __DUMMY__ 0.04042594872833654	false	1.0
verschwendung	neg 1.0		neg 0.5407046309363566 off 0.4182134739539302 __DUMMY__ 0.041081895109713176	false	1.0
schmerzvoll	neg 1.0		neg 0.5332646505780783 off 0.4257461432593803 __DUMMY__ 0.04098920616254149	false	1.0
vorzeitig	neg 1.0		neg 0.5315895754926155 off 0.4274173294126518 __DUMMY__ 0.0409930950947326	false	1.0
unvollkommenheit	neg 1.0		neg 0.5363468406650694 off 0.422369042068335 __DUMMY__ 0.041284117266595546	false	1.0
intervenieren	neg 1.0		neg 0.5439601313838707 off 0.4152287249225885 __DUMMY__ 0.0408111436935409	false	1.0
banause	off 1.0		neg 0.5223519205002931 off 0.4373881695332356 __DUMMY__ 0.040259909966471275	false	0.5
rebell	neg 1.0		neg 0.5448238600191253 off 0.41405084654725244 __DUMMY__ 0.04112529343362239	false	1.0
unlogisch	neg 1.0		neg 0.527210982233619 off 0.43213600495656934 __DUMMY__ 0.04065301280981165	false	1.0
leiden	neg 1.0		neg 0.5352597760623286 off 0.42305812299353523 __DUMMY__ 0.04168210094413622	false	1.0
abschaffung	neg 1.0		neg 0.5387656432480901 off 0.42058773389861975 __DUMMY__ 0.040646622853290196	false	1.0
sturz	neg 1.0		neg 0.5358337281750957 off 0.423149797280578 __DUMMY__ 0.04101647454432642	false	1.0
verkleinerung	neg 1.0		neg 0.5375574655660933 off 0.42202445578289727 __DUMMY__ 0.040418078651009534	false	1.0
schmarotzer	off 1.0		neg 0.5403497659674633 off 0.41880914904899663 __DUMMY__ 0.04084108498354008	false	0.5
bestrafung	neg 1.0		neg 0.534605341480082 off 0.42446962867169347 __DUMMY__ 0.04092502984822475	false	1.0
achtlos	neg 1.0		neg 0.5341285803434483 off 0.42469036718706754 __DUMMY__ 0.04118105246948423	false	1.0
ungeheuer	neg 1.0		neg 0.5300494473179594 off 0.4288226547782477 __DUMMY__ 0.04112789790379285	false	1.0
unaufrichtig	neg 1.0		neg 0.5363244776055003 off 0.42303131017853174 __DUMMY__ 0.04064421221596799	false	1.0
groggy	neg 1.0		neg 0.5345705556361137 off 0.42466736346559886 __DUMMY__ 0.04076208089828744	false	1.0
