unsolidarisch	neg 1.0		__DUMMY__ 0.4566269005988414 neg 0.308085347425991 off 0.2352877519751676	false	1.0
nachteilig	neg 1.0		__DUMMY__ 0.46152277965378674 neg 0.3063759064864225 off 0.23210131385979074	false	1.0
skeptisch	neg 1.0		__DUMMY__ 0.46259059934387553 neg 0.3057868136483944 off 0.23162258700773025	false	1.0
schrecklich	neg 1.0		__DUMMY__ 0.4594991963623583 neg 0.2916326193380751 off 0.24886818429956656	false	1.0
schlapp	neg 1.0	neg 1.0	neg 0.6371147855840763 __DUMMY__ 0.22430125528974115 off 0.1385839591261826	false	1.0
abfall	neg 1.0		__DUMMY__ 0.4638412659270464 neg 0.3074297569490369 off 0.22872897712391682	false	1.0
widerspenstig	neg 1.0		__DUMMY__ 0.462518730289674 neg 0.29960834000676756 off 0.23787292970355856	false	1.0
abrupt	neg 1.0		__DUMMY__ 0.4661089681734793 neg 0.30036368496638033 off 0.2335273468601404	false	1.0
unwirksam	neg 1.0		__DUMMY__ 0.45782024621393647 neg 0.3064643376808569 off 0.23571541610520658	false	1.0
angreifen	neg 1.0	neg 1.0	neg 0.6436035781603016 __DUMMY__ 0.22466175260788987 off 0.13173466923180857	false	1.0
inkonsistent	neg 1.0		__DUMMY__ 0.46092099944667614 neg 0.300935980177691 off 0.23814302037563287	false	1.0
abrutschen	neg 1.0		__DUMMY__ 0.46402208935205264 neg 0.30671871705616466 off 0.22925919359178268	false	1.0
unsicher	neg 1.0		__DUMMY__ 0.46282986282972116 neg 0.29909021148270604 off 0.2380799256875728	false	1.0
bauernkind	off 1.0	off 1.0	off 0.6102710836797143 __DUMMY__ 0.22068672594342428 neg 0.1690421903768614	false	1.0
angreifer	neg 1.0		__DUMMY__ 0.46262226607573015 neg 0.2979970214826744 off 0.23938071244159545	false	1.0
trennen	neg 1.0		__DUMMY__ 0.46730017894871273 neg 0.29821213912167954 off 0.23448768192960778	false	1.0
schmutz	neg 1.0		__DUMMY__ 0.4636743130062729 neg 0.29629564117357504 off 0.24003004582015214	false	1.0
inkonsistenz	neg 1.0		__DUMMY__ 0.45816565633421497 neg 0.3003831681501824 off 0.24145117551560255	false	1.0
erschreckend	neg 1.0		__DUMMY__ 0.461717107925778 neg 0.3020302176175796 off 0.23625267445664244	false	1.0
ertrinken	neg 1.0		__DUMMY__ 0.46426220370023635 neg 0.30162594841888174 off 0.23411184788088174	false	1.0
pickelface	off 1.0		__DUMMY__ 0.4612162567797455 neg 0.30405721522433926 off 0.2347265279959152	false	0.5
seiner			__DUMMY__ 0.4643561760012048 neg 0.3027795986102038 off 0.23286422538859133	false	0.0
lauch	neg 1.0		__DUMMY__ 0.4617847391693405 neg 0.3098668364498957 off 0.22834842438076386	false	1.0
unwichtig	neg 1.0		__DUMMY__ 0.45980663518040604 neg 0.2972706128677254 off 0.24292275195186866	false	1.0
steuerhinterziehung	neg 1.0		__DUMMY__ 0.45904495263828576 neg 0.3068357256020813 off 0.23411932175963282	false	1.0
schock	neg 1.0		__DUMMY__ 0.4649806356913303 neg 0.297342204845264 off 0.2376771594634057	false	1.0
beule	neg 1.0		__DUMMY__ 0.4613063950481854 neg 0.29459134569666634 off 0.2441022592551482	false	1.0
vergelten	neg 1.0		__DUMMY__ 0.46142235498629375 neg 0.29098508886165547 off 0.2475925561520507	false	1.0
verdorbenheit	neg 1.0		__DUMMY__ 0.46253056046921426 neg 0.3004043391994102 off 0.2370651003313756	false	1.0
trauma	neg 1.0		__DUMMY__ 0.4613180729467393 neg 0.30007462676013485 off 0.23860730029312566	false	1.0
sinnlos	neg 1.0		__DUMMY__ 0.4620405828763304 neg 0.29730449706419715 off 0.24065492005947237	false	1.0
fettsack	off 1.0	off 1.0	off 0.6118268421907839 __DUMMY__ 0.22153669958897343 neg 0.1666364582202426	false	1.0
feige	off 1.0	off 1.0	off 0.6081944263450138 __DUMMY__ 0.2223054791016747 neg 0.16950009455331166	false	1.0
abdanken	neg 1.0		__DUMMY__ 0.4598709008711565 neg 0.3045158061188166 off 0.23561329301002687	false	1.0
wichtigtuer	off 1.0	off 1.0	off 0.6064193408835573 __DUMMY__ 0.22330310775394316 neg 0.17027755136249953	false	1.0
misslingen	neg 1.0		__DUMMY__ 0.4659884677633624 neg 0.2938039692412819 off 0.24020756299535578	false	1.0
untreu	off 1.0		__DUMMY__ 0.4592270805496492 neg 0.29654235876461177 off 0.244230560685739	false	0.5
missmutig	neg 1.0		__DUMMY__ 0.46130019444995124 neg 0.2951417248566243 off 0.24355808069342433	false	1.0
hurenbock	off 1.0		__DUMMY__ 0.4626443042602859 neg 0.2979389987921499 off 0.23941669694756415	false	0.5
betrunken	neg 1.0		__DUMMY__ 0.4617135886002899 neg 0.29126090384491476 off 0.2470255075547954	false	1.0
korrupt	off 1.0		__DUMMY__ 0.4581394235016156 neg 0.30881288346738434 off 0.23304769303100015	false	0.5
unmut	neg 1.0		__DUMMY__ 0.4631749007266857 neg 0.30814054378960387 off 0.2286845554837105	false	1.0
hackfresse	off 1.0		__DUMMY__ 0.4567512901154571 neg 0.2911395552871106 off 0.25210915459743233	false	0.5
aufblasen	neg 1.0		__DUMMY__ 0.46329213612953773 neg 0.29681423857505085 off 0.23989362529541142	false	1.0
gewaltsam	neg 1.0		__DUMMY__ 0.4617337310169264 neg 0.3020174847813436 off 0.23624878420172998	false	1.0
unbeliebtheit	neg 1.0		__DUMMY__ 0.45509327578559616 neg 0.3044866794371777 off 0.24042004477722598	false	1.0
sturheit	neg 1.0		__DUMMY__ 0.4613341504154097 neg 0.30259204475870655 off 0.23607380482588375	false	1.0
kuh	neg 1.0		__DUMMY__ 0.45906584090310554 neg 0.3038512329356932 off 0.2370829261612013	false	1.0
erschrecken	neg 1.0		__DUMMY__ 0.46177613112580695 neg 0.2953675614734508 off 0.24285630740074238	false	1.0
opfer	neg 1.0		__DUMMY__ 0.46338088356042956 neg 0.3027316538351139 off 0.23388746260445661	false	1.0
sinken	neg 1.0		__DUMMY__ 0.46455628946917765 neg 0.3055320590022431 off 0.22991165152857937	false	1.0
stinktier	neg 1.0		__DUMMY__ 0.4567387321377162 neg 0.2949086831998521 off 0.2483525846624317	false	1.0
tucke	off 1.0		__DUMMY__ 0.45327820575883576 neg 0.29541479243000546 off 0.25130700181115895	false	0.5
ein			__DUMMY__ 0.4638413590999924 neg 0.2968841715737094 off 0.23927446932629817	false	0.0
abstieg	neg 1.0		__DUMMY__ 0.4648789634523078 neg 0.301841466405882 off 0.23327957014181033	false	1.0
missverstehen	neg 1.0		__DUMMY__ 0.4596455949130402 neg 0.30030217888537075 off 0.24005222620158892	false	1.0
ergebnislos	neg 1.0		__DUMMY__ 0.4628551494672744 neg 0.3047569590626466 off 0.232387891470079	false	1.0
unter			__DUMMY__ 0.46969407984901457 neg 0.3044423302387859 off 0.22586358991219954	false	0.0
manipulieren	neg 1.0		__DUMMY__ 0.4628706998029057 neg 0.30529789688081493 off 0.23183140331627938	false	1.0
unbewiesen	neg 1.0		__DUMMY__ 0.4560140022295224 neg 0.3086001767800072 off 0.23538582099047045	false	1.0
verschleppen	neg 1.0		__DUMMY__ 0.4617989825089201 neg 0.3042477505948255 off 0.23395326689625437	false	1.0
weib	off 1.0		__DUMMY__ 0.456081714933107 neg 0.2921803853784771 off 0.25173789968841576	false	0.5
opposition	neg 1.0		__DUMMY__ 0.45917518095984344 neg 0.3022191367027686 off 0.23860568233738802	false	1.0
verkehrswidrig	neg 1.0	neg 1.0	neg 0.6312850221296568 __DUMMY__ 0.22678113990723323 off 0.14193383796311018	false	1.0
inkorrekt	neg 1.0		__DUMMY__ 0.4558606054979796 neg 0.2997372311221198 off 0.24440216337990062	false	1.0
vermeiden	neg 1.0		__DUMMY__ 0.4666572092873356 neg 0.3058513039366289 off 0.22749148677603562	false	1.0
abweichung	neg 1.0	neg 1.0	neg 0.6424895520729045 __DUMMY__ 0.22508987881003215 off 0.13242056911706337	false	1.0
alkoholisiert	neg 1.0		__DUMMY__ 0.46987983680462625 neg 0.2955491598099757 off 0.2345710033853981	false	1.0
scheiss	off 1.0	off 1.0	off 0.6087979283578225 __DUMMY__ 0.22357048868251925 neg 0.1676315829596582	false	1.0
herausforderung	neg 1.0	neg 1.0	neg 0.6387122172222166 __DUMMY__ 0.22827351441370422 off 0.13301426836407906	false	1.0
pervers	off 1.0		__DUMMY__ 0.45549946282800075 neg 0.28900331885198977 off 0.25549721832000943	false	0.5
wackelig	neg 1.0		__DUMMY__ 0.4666580747271165 neg 0.29697069299577195 off 0.23637123227711154	false	1.0
verwickeln	neg 1.0		__DUMMY__ 0.4600475450185991 neg 0.2998613356626307 off 0.24009111931877036	false	1.0
vorwand	neg 1.0		__DUMMY__ 0.4629443594793165 neg 0.30618313892135557 off 0.23087250159932782	false	1.0
muschi	off 1.0		__DUMMY__ 0.4616994212564697 neg 0.30282283339669025 off 0.2354777453468401	false	0.5
entmutigung	neg 1.0		__DUMMY__ 0.4582270434398274 neg 0.30391368374185374 off 0.23785927281831906	false	1.0
unangemessen	neg 1.0		__DUMMY__ 0.46076382206135247 neg 0.30444450764052494 off 0.23479167029812256	false	1.0
unstetig	neg 1.0		__DUMMY__ 0.4612863711905565 neg 0.3003754320324269 off 0.23833819677701654	false	1.0
entmutigen	neg 1.0		__DUMMY__ 0.462283131073873 neg 0.29820432802797725 off 0.23951254089814977	false	1.0
schwanz	neg 1.0		__DUMMY__ 0.46294099746410383 neg 0.304993639984223 off 0.23206536255167315	false	1.0
verbot	neg 1.0		__DUMMY__ 0.45944461477583115 neg 0.3074328729767584 off 0.23312251224741035	false	1.0
leid	neg 1.0		__DUMMY__ 0.4587538423562514 neg 0.2912822478853169 off 0.24996390975843175	false	1.0
archaisch	neg 1.0		__DUMMY__ 0.4624726856478048 neg 0.30225262868906594 off 0.2352746856631293	false	1.0
gegen			__DUMMY__ 0.46471261195149094 neg 0.30461443556338424 off 0.2306729524851247	false	0.0
scheidung	neg 1.0		__DUMMY__ 0.45573252646270657 neg 0.28455408959596196 off 0.2597133839413316	false	1.0
einschlag	neg 1.0	neg 1.0	neg 0.6359118746166383 __DUMMY__ 0.223651234200469 off 0.14043689118289274	false	1.0
m			__DUMMY__ 0.46377043330921275 neg 0.3007552501999562 off 0.23547431649083098	false	0.0
abgestanden	neg 1.0		__DUMMY__ 0.4617648096188234 neg 0.3000210300499046 off 0.23821416033127196	false	1.0
schmierig	off 1.0		__DUMMY__ 0.4589552725892107 neg 0.29164465654664035 off 0.24940007086414903	false	0.5
unpraktisch	neg 1.0		__DUMMY__ 0.46386764386947865 neg 0.2964904150872455 off 0.23964194104327594	false	1.0
wixxer	off 1.0		__DUMMY__ 0.45466145699536137 neg 0.29046159020147716 off 0.2548769528031613	false	0.5
bezeichnet			__DUMMY__ 0.4611296097554851 neg 0.3020996959631009 off 0.23677069428141398	false	0.0
jammerlappen	off 1.0		__DUMMY__ 0.46002684991442455 neg 0.29678389874796646 off 0.24318925133760894	false	0.5
farce	neg 1.0		__DUMMY__ 0.45891686174585755 neg 0.3071418994046461 off 0.23394123884949639	false	1.0
zwecklos	neg 1.0		__DUMMY__ 0.46147235967221467 neg 0.3035108196451855 off 0.23501682068259971	false	1.0
turbulent	neg 1.0		__DUMMY__ 0.45867566593874737 neg 0.29819185860276715 off 0.24313247545848538	false	1.0
invasion	neg 1.0		__DUMMY__ 0.4618879887870194 neg 0.2974324333735292 off 0.24067957783945138	false	1.0
schuld	neg 1.0		__DUMMY__ 0.4616406582147865 neg 0.2996549430266544 off 0.23870439875855912	false	1.0
risiko	neg 1.0		__DUMMY__ 0.46330408078812885 neg 0.29828131752566306 off 0.23841460168620798	false	1.0
finster	neg 1.0		__DUMMY__ 0.46305092920718116 neg 0.297715051273811 off 0.23923401951900775	false	1.0
geisteskrank	off 1.0		__DUMMY__ 0.4580903785307195 neg 0.29731272189114677 off 0.2445968995781338	false	0.5
zusammenbrechen	neg 1.0		__DUMMY__ 0.4636480413131597 neg 0.2998378198950459 off 0.2365141387917943	false	1.0
ausbeute	neg 1.0		__DUMMY__ 0.4671312596511241 neg 0.299094399126267 off 0.23377434122260887	false	1.0
hinterhalt	neg 1.0		__DUMMY__ 0.464101790081761 neg 0.29998149994113305 off 0.23591670997710598	false	1.0
kritik	neg 1.0		__DUMMY__ 0.4593111019582689 neg 0.3068006060900613 off 0.23388829195166985	false	1.0
einschrumpfen	neg 1.0		__DUMMY__ 0.45739467496101954 neg 0.3030005008881451 off 0.2396048241508353	false	1.0
riskant	neg 1.0		__DUMMY__ 0.46195787496064666 neg 0.30500523231757926 off 0.2330368927217741	false	1.0
frustrieren	neg 1.0		__DUMMY__ 0.46289012231347865 neg 0.3034385055732596 off 0.23367137211326186	false	1.0
groll	neg 1.0		__DUMMY__ 0.4626730894835293 neg 0.30220875258899493 off 0.23511815792747576	false	1.0
gibt			__DUMMY__ 0.46277861645954366 neg 0.3014831048339755 off 0.23573827870648076	false	0.0
qualvoll	neg 1.0		__DUMMY__ 0.4627057669538975 neg 0.295086528614145 off 0.2422077044319574	false	1.0
wackeln	neg 1.0	neg 1.0	neg 0.6380067595297356 __DUMMY__ 0.22593981932471116 off 0.13605342114555316	false	1.0
klagen	neg 1.0		__DUMMY__ 0.46349835656714533 neg 0.30708199772122297 off 0.22941964571163184	false	1.0
bankrott	neg 1.0		__DUMMY__ 0.46120395700867506 neg 0.29653251105557915 off 0.24226353193574587	false	1.0
trauern	neg 1.0		__DUMMY__ 0.4649164485680566 neg 0.30086094046451045 off 0.234222610967433	false	1.0
ablehnung	neg 1.0		__DUMMY__ 0.45909933720263635 neg 0.3070380191899802 off 0.23386264360738349	false	1.0
stur	neg 1.0		__DUMMY__ 0.46105708984511684 neg 0.2997044427574399 off 0.23923846739744326	false	1.0
aufruhr	neg 1.0		__DUMMY__ 0.4615625034627371 neg 0.3023508169511963 off 0.2360866795860667	false	1.0
melancholie	neg 1.0		__DUMMY__ 0.4645022136435406 neg 0.30004307791122264 off 0.23545470844523683	false	1.0
ist			__DUMMY__ 0.46188739919718075 neg 0.2982068582733761 off 0.239905742529443	false	0.0
torheit	neg 1.0		__DUMMY__ 0.45973702086903295 neg 0.30254986571697196 off 0.23771311341399518	false	1.0
dreckskind	off 1.0		__DUMMY__ 0.4560656552386497 neg 0.29411230541712624 off 0.24982203934422406	false	0.5
umtauschen	neg 1.0		__DUMMY__ 0.4631580649445987 neg 0.2993562606780511 off 0.23748567437735016	false	1.0
zum			__DUMMY__ 0.47094827858798843 neg 0.29967872306021237 off 0.22937299835179928	false	0.0
zersetzen	neg 1.0		__DUMMY__ 0.4615768380544123 neg 0.30722537213752205 off 0.23119778980806563	false	1.0
zur			__DUMMY__ 0.46665273293593373 neg 0.3065473390429387 off 0.22679992802112756	false	0.0
frust	neg 1.0		__DUMMY__ 0.4636954986900362 neg 0.2999746731850957 off 0.23632982812486825	false	1.0
unerbittlichkeit	neg 1.0		__DUMMY__ 0.46219675946100186 neg 0.3062025958426053 off 0.2316006446963929	false	1.0
zwei			__DUMMY__ 0.4690779623950177 neg 0.2996243909977854 off 0.2312976466071969	false	0.0
unkorrekt	neg 1.0		__DUMMY__ 0.4565869640782685 neg 0.2979982197337063 off 0.2454148161880252	false	1.0
hexe	off 1.0		__DUMMY__ 0.4603242915073966 neg 0.29560116592229785 off 0.2440745425703055	false	0.5
lasch	neg 1.0		__DUMMY__ 0.459073918117877 neg 0.2996358835318407 off 0.24129019835028234	false	1.0
rivale	neg 1.0		__DUMMY__ 0.4606935599946699 neg 0.2925049957139234 off 0.24680144429140677	false	1.0
mutlos	off 1.0	off 1.0	off 0.6021178491588581 __DUMMY__ 0.22372467844590105 neg 0.17415747239524088	false	1.0
wirr	off 1.0		__DUMMY__ 0.4569362275251295 neg 0.2971834830161628 off 0.24588028945870752	false	0.5
jahr			__DUMMY__ 0.4687792744043888 neg 0.2978083964825545 off 0.23341232911305648	false	0.0
wird			__DUMMY__ 0.4638278010241376 neg 0.30170632553304727 off 0.2344658734428151	false	0.0
strafbar	neg 1.0		__DUMMY__ 0.46139109111627163 neg 0.30566681033572984 off 0.23294209854799844	false	1.0
erosion	neg 1.0		__DUMMY__ 0.4631418401697026 neg 0.29806766736243295 off 0.23879049246786457	false	1.0
eingehen	neg 1.0		__DUMMY__ 0.4612976620660268 neg 0.3046344117543269 off 0.23406792617964625	false	1.0
faul	off 1.0		__DUMMY__ 0.46168922103366344 neg 0.2954842495286099 off 0.2428265294377266	false	0.5
provisorium	neg 1.0		__DUMMY__ 0.4677974905266765 neg 0.3074648119438044 off 0.22473769752951897	false	1.0
schmerzen	neg 1.0		__DUMMY__ 0.4628011334937714 neg 0.2993744907267653 off 0.23782437577946325	false	1.0
schrumpfen	neg 1.0		__DUMMY__ 0.4646379952210603 neg 0.30879137588250855 off 0.2265706288964313	false	1.0
geistlos	off 1.0		__DUMMY__ 0.45681638638796546 neg 0.30424011672347867 off 0.23894349688855598	false	0.5
fehlkauf	neg 1.0		__DUMMY__ 0.4604121675912858 neg 0.300394844442218 off 0.23919298796649613	false	1.0
frustrierend	neg 1.0		__DUMMY__ 0.462322205561277 neg 0.29479805751702914 off 0.24287973692169396	false	1.0
unzufrieden	neg 1.0		__DUMMY__ 0.46163004387503137 neg 0.3034690066574285 off 0.23490094946754012	false	1.0
verzweifeln	neg 1.0		__DUMMY__ 0.46274267197273744 neg 0.2998614021353538 off 0.2373959258919087	false	1.0
verzweifelt	neg 1.0		__DUMMY__ 0.46106589353959143 neg 0.29962318749193306 off 0.23931091896847553	false	1.0
misstrauensantrag	neg 1.0		__DUMMY__ 0.4596760652936951 neg 0.30073088575550305 off 0.2395930489508018	false	1.0
abfallen	neg 1.0		__DUMMY__ 0.46432870946437044 neg 0.29549621862476055 off 0.24017507191086906	false	1.0
fucker	off 1.0		__DUMMY__ 0.4583862923805048 neg 0.29642599082629134 off 0.24518771679320392	false	0.5
ungezogen	neg 1.0		__DUMMY__ 0.4573774703771033 neg 0.2884777355543823 off 0.2541447940685145	false	1.0
irrsinnig	neg 1.0	neg 1.0	neg 0.6406497792451726 __DUMMY__ 0.22372617177033982 off 0.13562404898448746	false	1.0
unfassbar	neg 1.0		__DUMMY__ 0.460221532848833 neg 0.29556992985662384 off 0.24420853729454312	false	1.0
hart	neg 1.0		__DUMMY__ 0.45953205635703503 neg 0.29946302819939713 off 0.241004915443568	false	1.0
widerlich	off 1.0		__DUMMY__ 0.45813769784776515 neg 0.29733207514516835 off 0.24453022700706656	false	0.5
fatal	neg 1.0		__DUMMY__ 0.46056224370607485 neg 0.2997987397029267 off 0.23963901659099854	false	1.0
bruch	neg 1.0		__DUMMY__ 0.46278806696500185 neg 0.30783853418440227 off 0.22937339885059582	false	1.0
aushungern	neg 1.0		__DUMMY__ 0.45964149508737584 neg 0.3051523271185935 off 0.23520617779403066	false	1.0
anspannung	neg 1.0	neg 1.0	neg 0.6406815760143247 __DUMMY__ 0.2290556642988207 off 0.13026275968685455	false	1.0
von			__DUMMY__ 0.467848242189243 neg 0.30000265243913526 off 0.2321491053716218	false	0.0
kraftlos	neg 1.0		__DUMMY__ 0.4651012745079399 neg 0.2986469641977528 off 0.23625176129430742	false	1.0
vom			__DUMMY__ 0.47063625747359356 neg 0.30268911532107695 off 0.2266746272053294	false	0.0
grenzdebil	off 1.0		__DUMMY__ 0.46001892528669575 neg 0.29461558528947596 off 0.24536548942382833	false	0.5
vor			__DUMMY__ 0.4648358326902379 neg 0.303550228963464 off 0.23161393834629798	false	0.0
unterwerfen	neg 1.0		__DUMMY__ 0.46310122787096186 neg 0.30345767868613327 off 0.23344109344290476	false	1.0
versenkung	neg 1.0		__DUMMY__ 0.4628058937782853 neg 0.3042574170580913 off 0.23293668916362345	false	1.0
entziehen	neg 1.0		__DUMMY__ 0.4635219425432901 neg 0.3062243824304927 off 0.23025367502621724	false	1.0
finanzkrise	neg 1.0		__DUMMY__ 0.4582536138972437 neg 0.30699690900635973 off 0.2347494770963966	false	1.0
schimpfend	neg 1.0		__DUMMY__ 0.4651583374075923 neg 0.29465393382102417 off 0.24018772877138359	false	1.0
profan	neg 1.0		__DUMMY__ 0.46097761413329097 neg 0.29804366492308804 off 0.24097872094362083	false	1.0
korruption	neg 1.0	neg 1.0	neg 0.6447831495073323 __DUMMY__ 0.22286756907866087 off 0.13234928141400695	false	1.0
â			__DUMMY__ 0.4634713264651481 neg 0.3024983186002183 off 0.23403035493463356	false	0.0
schmutzig	neg 1.0		__DUMMY__ 0.4605733890834215 neg 0.2945924431608781 off 0.24483416775570035	false	1.0
sexy	neg 1.0		__DUMMY__ 0.4609319029157854 neg 0.2973907972185128 off 0.24167729986570174	false	1.0
abraten	neg 1.0		__DUMMY__ 0.4614327777378784 neg 0.29868469924959745 off 0.23988252301252402	false	1.0
schwarz	neg 1.0		__DUMMY__ 0.4608531842401431 neg 0.3001165024581185 off 0.23903031330173843	false	1.0
fotze	off 1.0		__DUMMY__ 0.46199169257039074 neg 0.3050743064722258 off 0.23293400095738354	false	0.5
verwirren	neg 1.0		__DUMMY__ 0.46114928694656837 neg 0.2975361009873124 off 0.2413146120661192	false	1.0
zahnlos	off 1.0		__DUMMY__ 0.46119428297731524 neg 0.3040526881382873 off 0.23475302888439756	false	0.5
verheeren	neg 1.0		__DUMMY__ 0.45686895610080996 neg 0.28818420227486125 off 0.2549468416243288	false	1.0
hippie	neg 1.0		__DUMMY__ 0.46048368709650084 neg 0.29863721406090876 off 0.24087909884259043	false	1.0
rammen	neg 1.0		__DUMMY__ 0.46029934484275375 neg 0.30186325339754927 off 0.23783740175969698	false	1.0
unlauter	neg 1.0		__DUMMY__ 0.45768662283031825 neg 0.3057239030386621 off 0.23658947413101974	false	1.0
unheilvoll	neg 1.0		__DUMMY__ 0.4635508605569207 neg 0.29526103618089244 off 0.24118810326218698	false	1.0
niedrig	neg 1.0		__DUMMY__ 0.4628317093744546 neg 0.30507575108538193 off 0.23209253954016354	false	1.0
explosion	neg 1.0		__DUMMY__ 0.46036472002749484 neg 0.29947282748953297 off 0.24016245248297233	false	1.0
weichei	off 1.0		__DUMMY__ 0.4567777578605267 neg 0.29299761113482414 off 0.2502246310046491	false	0.5
minusmensch	off 1.0		__DUMMY__ 0.4518789801382844 neg 0.29536826678779743 off 0.25275275307391815	false	0.5
farblos	neg 1.0		__DUMMY__ 0.4658446994975708 neg 0.2965194168660772 off 0.23763588363635207	false	1.0
unwissend	neg 1.0	neg 1.0	neg 0.6384099864453868 __DUMMY__ 0.2231287593846105 off 0.13846125417000274	false	1.0
traurig	neg 1.0		__DUMMY__ 0.4600936000774793 neg 0.2920950143595 off 0.24781138556302074	false	1.0
senkung	neg 1.0		__DUMMY__ 0.4586688913779698 neg 0.3015163734437281 off 0.2398147351783022	false	1.0
ungleich	neg 1.0	neg 1.0	neg 0.6442946192506834 __DUMMY__ 0.22382770888070128 off 0.13187767186861535	false	1.0
heikel	neg 1.0		__DUMMY__ 0.4620852254809085 neg 0.30627324739405515 off 0.23164152712503638	false	1.0
drosselung	neg 1.0		__DUMMY__ 0.46006802794415025 neg 0.2952955550223812 off 0.24463641703346853	false	1.0
falsch	neg 1.0		__DUMMY__ 0.46083173679198863 neg 0.296557700731354 off 0.24261056247665724	false	1.0
unzufriedenheit	neg 1.0		__DUMMY__ 0.4628322856994603 neg 0.30597184761822444 off 0.23119586668231537	false	1.0
kurz	neg 1.0		__DUMMY__ 0.46539769941257925 neg 0.29761942210597997 off 0.2369828784814407	false	1.0
unsinnig	neg 1.0		__DUMMY__ 0.46034230486486327 neg 0.30459532625387514 off 0.23506236888126142	false	1.0
penner	off 1.0	off 1.0	off 0.6135954602085358 __DUMMY__ 0.22139357055767328 neg 0.16501096923379097	false	1.0
seicht	neg 1.0		__DUMMY__ 0.45461668966735275 neg 0.2924283077904774 off 0.2529550025421697	false	1.0
dummheit	off 1.0	off 1.0	off 0.6064859837757212 __DUMMY__ 0.2228460558503232 neg 0.17066796037395568	false	1.0
unerfreulich	neg 1.0		__DUMMY__ 0.4638744557441912 neg 0.3049867486192058 off 0.23113879563660306	false	1.0
motherfucker	off 1.0	off 1.0	off 0.6091731581340416 __DUMMY__ 0.22196398697566896 neg 0.16886285489028943	false	1.0
pikiert	neg 1.0		__DUMMY__ 0.4581125940213191 neg 0.2987397875757833 off 0.24314761840289756	false	1.0
wrack	neg 1.0		__DUMMY__ 0.4663949600887 neg 0.2993438022303366 off 0.23426123768096338	false	1.0
gangster	neg 1.0		__DUMMY__ 0.4610783895023206 neg 0.29828027750238695 off 0.24064133299529242	false	1.0
krank	neg 1.0		__DUMMY__ 0.46147587221689884 neg 0.2923427324114473 off 0.24618139537165393	false	1.0
reich	neg 1.0		__DUMMY__ 0.4593718798952042 neg 0.2986471338397336 off 0.2419809862650621	false	1.0
gnadenlos	neg 1.0		__DUMMY__ 0.46192706732360234 neg 0.2992614201711095 off 0.2388115125052881	false	1.0
niedergeschlagen	neg 1.0		__DUMMY__ 0.46396033033664164 neg 0.29929779602879003 off 0.23674187363456833	false	1.0
terrorisieren	off 1.0	off 1.0	off 0.6027940017763365 __DUMMY__ 0.22482396267507032 neg 0.17238203554859322	false	1.0
sinnlosigkeit	neg 1.0		__DUMMY__ 0.4621475277053067 neg 0.30254722780291726 off 0.2353052444917761	false	1.0
behindern	neg 1.0		__DUMMY__ 0.4611978619149815 neg 0.3024633228545326 off 0.2363388152304859	false	1.0
undemokratisch	neg 1.0		__DUMMY__ 0.4583496409055833 neg 0.3044663089728739 off 0.23718405012154276	false	1.0
wirtschaftskrise	neg 1.0		__DUMMY__ 0.46047322772105426 neg 0.3067057821399461 off 0.23282099013899962	false	1.0
neid	neg 1.0		__DUMMY__ 0.46381913170943145 neg 0.29167909024174726 off 0.24450177804882137	false	1.0
rutschen	neg 1.0	neg 1.0	neg 0.639849520069145 __DUMMY__ 0.22870485149361255 off 0.13144562843724245	false	1.0
rezession	neg 1.0		__DUMMY__ 0.45476791000254063 neg 0.29868051737460727 off 0.24655157262285204	false	1.0
fehlgeburt	neg 1.0		__DUMMY__ 0.46295448301370257 neg 0.29653583712968395 off 0.24050967985661345	false	1.0
charakterschwach	off 1.0		__DUMMY__ 0.45911118258629846 neg 0.2964213283396186 off 0.24446748907408278	false	0.5
isolation	neg 1.0		__DUMMY__ 0.4621849875333444 neg 0.2950423577654102 off 0.24277265470124545	false	1.0
ablenkung	neg 1.0		__DUMMY__ 0.46267313473302357 neg 0.29895857966123357 off 0.23836828560574289	false	1.0
pech	neg 1.0		__DUMMY__ 0.46192313135734975 neg 0.29554693069248733 off 0.24252993795016292	false	1.0
vermeidung	neg 1.0		__DUMMY__ 0.4583543567276438 neg 0.2972841791789998 off 0.24436146409335627	false	1.0
dominieren	neg 1.0		__DUMMY__ 0.465775186915367 neg 0.29940619130458374 off 0.23481862178004934	false	1.0
schwindlig	neg 1.0		__DUMMY__ 0.4640950778746127 neg 0.29428321208067276 off 0.24162171004471455	false	1.0
lutscher	neg 1.0	neg 1.0	neg 0.6352585819493971 __DUMMY__ 0.22049789240919662 off 0.14424352564140633	false	1.0
pflicht	neg 1.0		__DUMMY__ 0.46282120219880574 neg 0.3054184800850135 off 0.23176031771618094	false	1.0
faschist	off 1.0		__DUMMY__ 0.4580509063906696 neg 0.30213123293702315 off 0.23981786067230726	false	0.5
verschleudern	neg 1.0		__DUMMY__ 0.45891933882331354 neg 0.3097894117970421 off 0.2312912493796443	false	1.0
wenn			__DUMMY__ 0.46094601895281667 neg 0.29612261302571385 off 0.2429313680214696	false	0.0
ehebruch	neg 1.0		__DUMMY__ 0.4615678476608993 neg 0.30494460279396224 off 0.23348754954513837	false	1.0
spott	off 1.0		__DUMMY__ 0.4610551800297089 neg 0.306313100456911 off 0.2326317195133802	false	0.5
trostlosigkeit	neg 1.0		__DUMMY__ 0.4634896700711711 neg 0.30602769665721996 off 0.23048263327160898	false	1.0
lutschen	neg 1.0		__DUMMY__ 0.4591805469638279 neg 0.3011292379247173 off 0.23969021511145483	false	1.0
undiszipliniert	neg 1.0		__DUMMY__ 0.4599015187603675 neg 0.2934779519676361 off 0.24662052927199646	false	1.0
kopfschmerz	neg 1.0		__DUMMY__ 0.4642723932043667 neg 0.299067688666234 off 0.23665991812939924	false	1.0
unvorhergesehen	neg 1.0		__DUMMY__ 0.46721352761960244 neg 0.29782718347334564 off 0.2349592889070519	false	1.0
desinteressiert	neg 1.0		__DUMMY__ 0.45881977427697923 neg 0.295131751173604 off 0.24604847454941675	false	1.0
armselig	off 1.0		__DUMMY__ 0.456969001106016 neg 0.29649074090588345 off 0.24654025798810042	false	0.5
desaster	neg 1.0		__DUMMY__ 0.46279664608770227 neg 0.30847645158121156 off 0.22872690233108608	false	1.0
tod	neg 1.0		__DUMMY__ 0.46366690219743584 neg 0.3022635235039789 off 0.23406957429858521	false	1.0
herzlos	neg 1.0		__DUMMY__ 0.4582008531958237 neg 0.2941600430833833 off 0.24763910372079287	false	1.0
unwissenheit	neg 1.0		__DUMMY__ 0.4602101563223893 neg 0.30557254446176063 off 0.23421729921585002	false	1.0
widersinnig	neg 1.0	neg 1.0	neg 0.6444472752045569 __DUMMY__ 0.22254071548229515 off 0.1330120093131479	false	1.0
bedenklich	neg 1.0		__DUMMY__ 0.46164992102294466 neg 0.3050727115142942 off 0.23327736746276106	false	1.0
beanstanden	neg 1.0		__DUMMY__ 0.46312279098407544 neg 0.30580224196076855 off 0.23107496705515584	false	1.0
panisch	neg 1.0	neg 1.0	neg 0.6359365876573705 __DUMMY__ 0.22633686692480634 off 0.13772654541782317	false	1.0
debil	off 1.0		__DUMMY__ 0.4653049671842345 neg 0.3090014739592434 off 0.2256935588565221	false	0.5
abstrich	neg 1.0		__DUMMY__ 0.4620554307821094 neg 0.3042274636593076 off 0.23371710555858305	false	1.0
primitiv	neg 1.0		__DUMMY__ 0.45814532445983996 neg 0.2967940526161926 off 0.24506062292396755	false	1.0
abschaum	off 1.0	off 1.0	off 0.6080206611533627 __DUMMY__ 0.2228036708592353 neg 0.16917566798740197	false	1.0
provozieren	neg 1.0		__DUMMY__ 0.46088052453820394 neg 0.30092919744273877 off 0.2381902780190573	false	1.0
tot	neg 1.0		__DUMMY__ 0.4634377010367215 neg 0.3031613987866874 off 0.23340090017659113	false	1.0
instabil	neg 1.0		__DUMMY__ 0.456537436659868 neg 0.2993787455273022 off 0.24408381781282967	false	1.0
schwuchtel	off 1.0		__DUMMY__ 0.45224247802102885 neg 0.2893101307246984 off 0.2584473912542729	false	0.5
zerren	neg 1.0		__DUMMY__ 0.4641318707384224 neg 0.2989056957200266 off 0.23696243354155097	false	1.0
kinderficker	off 1.0		__DUMMY__ 0.45588533019312866 neg 0.2949645525436365 off 0.24915011726323472	false	0.5
gefahr	neg 1.0		__DUMMY__ 0.4629789641844541 neg 0.3057123552767944 off 0.23130868053875148	false	1.0
rabiat	neg 1.0		__DUMMY__ 0.4608045354995252 neg 0.301886186101217 off 0.2373092783992579	false	1.0
verlangsamung	neg 1.0		__DUMMY__ 0.45528530986940363 neg 0.29374707901569436 off 0.250967611114902	false	1.0
ausgestorben	neg 1.0		__DUMMY__ 0.4634776661790134 neg 0.2989547061073251 off 0.2375676277136615	false	1.0
anklagen	neg 1.0		__DUMMY__ 0.4606659478081316 neg 0.30444900680163733 off 0.23488504539023114	false	1.0
trott	neg 1.0		__DUMMY__ 0.4627459105894803 neg 0.30006025738647163 off 0.23719383202404823	false	1.0
verminderung	neg 1.0		__DUMMY__ 0.45893152046214414 neg 0.2954578100708621 off 0.24561066946699386	false	1.0
nach			__DUMMY__ 0.46999859481899514 neg 0.30053771784145467 off 0.22946368733955014	false	0.0
rost	neg 1.0		__DUMMY__ 0.4572114838100579 neg 0.29261653553150485 off 0.2501719806584373	false	1.0
destruktiv	neg 1.0		__DUMMY__ 0.45965081314678224 neg 0.3040353217783409 off 0.23631386507487703	false	1.0
unzumutbarkeit	neg 1.0		__DUMMY__ 0.46127794450035786 neg 0.295383950444159 off 0.24333810505548314	false	1.0
labil	off 1.0	off 1.0	off 0.6079070596179917 __DUMMY__ 0.22275957154490067 neg 0.16933336883710776	false	1.0
ziemlich	neg 1.0		__DUMMY__ 0.4612895723964729 neg 0.29358184928893793 off 0.24512857831458917	false	1.0
lachnummer	off 1.0		__DUMMY__ 0.4611851608396375 neg 0.3016295745451489 off 0.23718526461521344	false	0.5
oder			__DUMMY__ 0.46376425136162563 neg 0.297478216555532 off 0.23875753208284223	false	0.0
verfall	neg 1.0		__DUMMY__ 0.4636357114837869 neg 0.31021278357351445 off 0.22615150494269853	false	1.0
ausgrenzung	neg 1.0		__DUMMY__ 0.4575865802821171 neg 0.30466135668977057 off 0.2377520630281123	false	1.0
unordnung	neg 1.0		__DUMMY__ 0.46074448882435387 neg 0.29523559892570816 off 0.24401991224993813	false	1.0
fehlverhalten	neg 1.0		__DUMMY__ 0.46177452447371037 neg 0.3065289041114622 off 0.23169657141482738	false	1.0
eine			__DUMMY__ 0.46404818452832847 neg 0.30417590094532404 off 0.23177591452634752	false	0.0
nille	neg 1.0		__DUMMY__ 0.46193405815518035 neg 0.3019358579196363 off 0.23613008392518345	false	1.0
qual	neg 1.0		__DUMMY__ 0.46240439856221266 neg 0.3007805161470516 off 0.23681508529073564	false	1.0
verschwenden	neg 1.0		__DUMMY__ 0.4618454782489129 neg 0.30423746330190365 off 0.23391705844918337	false	1.0
riesig	neg 1.0	neg 1.0	neg 0.6411494035979703 __DUMMY__ 0.22576164437196775 off 0.13308895203006185	false	1.0
verurteilen	neg 1.0		__DUMMY__ 0.46084635497686827 neg 0.3047152510034789 off 0.23443839401965277	false	1.0
klischee	neg 1.0	neg 1.0	neg 0.6402473128357165 __DUMMY__ 0.22266857441354046 off 0.137084112750743	false	1.0
diktatorisch	neg 1.0		__DUMMY__ 0.45688836647193626 neg 0.3058333301274752 off 0.23727830340058864	false	1.0
vorhersehbar	neg 1.0	neg 1.0	neg 0.6400190081725042 __DUMMY__ 0.22318312448257807 off 0.13679786734491772	false	1.0
sowie			__DUMMY__ 0.45615282617777225 neg 0.2947174216489125 off 0.2491297521733153	false	0.0
stornieren	neg 1.0		__DUMMY__ 0.4662681208307804 neg 0.2935361051255608 off 0.2401957740436589	false	1.0
besteuerung	neg 1.0		__DUMMY__ 0.45846282469384547 neg 0.30450938529706906 off 0.23702779000908544	false	1.0
ungeschminkt	neg 1.0		__DUMMY__ 0.45847974851585593 neg 0.29729492936849455 off 0.24422532211564962	false	1.0
kritisch	neg 1.0		__DUMMY__ 0.4620742824419669 neg 0.30472606595780044 off 0.23319965160023268	false	1.0
schlamperei	off 1.0		__DUMMY__ 0.4609665629771986 neg 0.3077023074065877 off 0.2313311296162137	false	0.5
sucht	neg 1.0	neg 1.0	neg 0.640220280734149 __DUMMY__ 0.2247884507713139 off 0.13499126849453708	false	1.0
egoistisch	off 1.0		__DUMMY__ 0.45807978998204824 neg 0.29124969898985004 off 0.2506705110281016	false	0.5
ausbeuter	off 1.0		__DUMMY__ 0.4604955011905684 neg 0.30848880895657993 off 0.23101568985285156	false	0.5
arschgeburt	off 1.0		__DUMMY__ 0.45178369009168623 neg 0.2897764973393242 off 0.2584398125689897	false	0.5
schubs	neg 1.0	neg 1.0	neg 0.6396347158302319 __DUMMY__ 0.22625641754798279 off 0.13410886662178526	false	1.0
unsolide	neg 1.0		__DUMMY__ 0.4546436955918845 neg 0.30831323360431256 off 0.23704307080380296	false	1.0
beschwerde	neg 1.0		__DUMMY__ 0.4606203537953134 neg 0.3079668395774293 off 0.2314128066272573	false	1.0
stocken	neg 1.0		__DUMMY__ 0.461697243507865 neg 0.3057356487228744 off 0.23256710776926068	false	1.0
isolieren	neg 1.0		__DUMMY__ 0.46129423108677636 neg 0.30481325352212907 off 0.23389251539109457	false	1.0
unheilbar	neg 1.0		__DUMMY__ 0.4631535813554167 neg 0.29807099162608347 off 0.23877542701850002	false	1.0
pisser	off 1.0		__DUMMY__ 0.45809320743200643 neg 0.29663551088417545 off 0.2452712816838181	false	0.5
löschen	neg 1.0		__DUMMY__ 0.4619280937342181 neg 0.30062588741719193 off 0.23744601884858996	false	1.0
durchfallen	neg 1.0		__DUMMY__ 0.46080155565968883 neg 0.30482813878306453 off 0.2343703055572466	false	1.0
wichser	off 1.0		__DUMMY__ 0.456017602787479 neg 0.2881452808282516 off 0.25583711638426926	false	0.5
terror	neg 1.0		__DUMMY__ 0.4620285791846277 neg 0.29691681352049004 off 0.24105460729488232	false	1.0
krass	neg 1.0		__DUMMY__ 0.4580777109764509 neg 0.2937777642523772 off 0.24814452477117183	false	1.0
revolte	neg 1.0	neg 1.0	neg 0.6418391889121436 __DUMMY__ 0.22246756011718738 off 0.1356932509706689	false	1.0
besorgt	neg 1.0		__DUMMY__ 0.46545334843694636 neg 0.29816606907375826 off 0.23638058248929533	false	1.0
nachlassen	neg 1.0		__DUMMY__ 0.46343044869148764 neg 0.303707215386767 off 0.23286233592174543	false	1.0
alt	neg 1.0		__DUMMY__ 0.46330712541351554 neg 0.3025907602615175 off 0.23410211432496703	false	1.0
hundesohn	off 1.0		__DUMMY__ 0.4540678936991421 neg 0.2929486690529224 off 0.25298343724793565	false	0.5
als			__DUMMY__ 0.4642909294114921 neg 0.2994501088382881 off 0.23625896175021982	false	0.0
abschreckung	neg 1.0		__DUMMY__ 0.4627829198631959 neg 0.3069853939363998 off 0.2302316862004042	false	1.0
unqualifiziert	neg 1.0		__DUMMY__ 0.4579565915321723 neg 0.3016032546313459 off 0.2404401538364819	false	1.0
abgewichst	off 1.0		__DUMMY__ 0.46280831345656026 neg 0.3014666392065962 off 0.23572504733684346	false	0.5
schwer	neg 1.0		__DUMMY__ 0.46268857115442236 neg 0.29943257292639874 off 0.23787885591917884	false	1.0
bedeutungslosigkeit	neg 1.0		__DUMMY__ 0.46258689488620996 neg 0.30605526964277635 off 0.2313578354710136	false	1.0
kapitulation	neg 1.0		__DUMMY__ 0.4591257177510506 neg 0.3091806703051379 off 0.23169361194381155	false	1.0
unscharf	neg 1.0		__DUMMY__ 0.46101906939168713 neg 0.298658970154217 off 0.24032196045409585	false	1.0
schwinden	neg 1.0		__DUMMY__ 0.4630766104867282 neg 0.3055591693382158 off 0.23136422017505592	false	1.0
versklavung	neg 1.0		__DUMMY__ 0.45704646247715247 neg 0.3061127964550636 off 0.23684074106778388	false	1.0
schlecht	neg 1.0		__DUMMY__ 0.46136764789800666 neg 0.29335423156260826 off 0.24527812053938503	false	1.0
verhasst	neg 1.0		__DUMMY__ 0.4611494278372153 neg 0.3000483490584907 off 0.23880222310429397	false	1.0
beschweren	neg 1.0		__DUMMY__ 0.46183312932168585 neg 0.298068768005973 off 0.24009810267234113	false	1.0
scheiden	neg 1.0		__DUMMY__ 0.467536323797195 neg 0.29224153263906066 off 0.2402221435637443	false	1.0
frustriert	neg 1.0		__DUMMY__ 0.46285213812521814 neg 0.3005283244209305 off 0.23661953745385134	false	1.0
schimmelig	neg 1.0		__DUMMY__ 0.46357310882460667 neg 0.30311598145628565 off 0.23331090971910762	false	1.0
fisch	neg 1.0		__DUMMY__ 0.4672983540825153 neg 0.2995345300638312 off 0.23316711585365354	false	1.0
schmuggel	neg 1.0		__DUMMY__ 0.46555341258827837 neg 0.30214835084528047 off 0.23229823656644114	false	1.0
auffallen	neg 1.0		__DUMMY__ 0.4616851962602455 neg 0.29741463633352233 off 0.24090016740623213	false	1.0
konkurrenz	neg 1.0	neg 1.0	neg 0.6428293582374889 __DUMMY__ 0.22606538535116855 off 0.13110525641134263	false	1.0
teufelskreis	neg 1.0	neg 1.0	neg 0.6416844287876143 __DUMMY__ 0.22393774324473645 off 0.13437782796764933	false	1.0
aufschreien	neg 1.0		__DUMMY__ 0.46050203121950556 neg 0.299197432500201 off 0.24030053628029335	false	1.0
schuldner	neg 1.0		__DUMMY__ 0.462903361962648 neg 0.30551947916575534 off 0.23157715887159672	false	1.0
missgeburt	off 1.0	off 1.0	off 0.6116344143740325 __DUMMY__ 0.22114767759798415 neg 0.16721790802798334	false	1.0
arbeitslos	neg 1.0		__DUMMY__ 0.46098653400476125 neg 0.3042558696626848 off 0.23475759633255408	false	1.0
befallen	neg 1.0		__DUMMY__ 0.46023177592984854 neg 0.30503484232097944 off 0.23473338174917194	false	1.0
miesepetrig	off 1.0	off 1.0	off 0.6092083350387616 __DUMMY__ 0.22389901976205503 neg 0.16689264519918337	false	1.0
alarmieren	neg 1.0		__DUMMY__ 0.4575642752619546 neg 0.300911291775488 off 0.2415244329625575	false	1.0
ungeduscht	off 1.0		__DUMMY__ 0.4621978258807553 neg 0.29535513152147114 off 0.24244704259777355	false	0.5
knappheit	neg 1.0		__DUMMY__ 0.46028965549422984 neg 0.3074333874303118 off 0.23227695707545848	false	1.0
schlange	neg 1.0		__DUMMY__ 0.4647966843135046 neg 0.294115316215525 off 0.24108799947097034	false	1.0
harsch	neg 1.0		__DUMMY__ 0.46011326732865143 neg 0.2903248632840019 off 0.24956186938734667	false	1.0
lang	neg 1.0		__DUMMY__ 0.46197241699762087 neg 0.3000079759354941 off 0.23801960706688507	false	1.0
ziellos	neg 1.0		__DUMMY__ 0.4647107940565195 neg 0.29967452170697517 off 0.23561468423650545	false	1.0
selbstverliebt	neg 1.0		__DUMMY__ 0.4532687104904601 neg 0.2908370546376995 off 0.25589423487184043	false	1.0
beseitigen	neg 1.0	neg 1.0	neg 0.6396132062501442 __DUMMY__ 0.22566731150485486 off 0.13471948224500102	false	1.0
dumm	off 1.0		__DUMMY__ 0.4568182834220438 neg 0.291768688301261 off 0.2514130282766952	false	0.5
arbeitsloser	neg 1.0		__DUMMY__ 0.46314457540099335 neg 0.3023879326985548 off 0.23446749190045188	false	1.0
blitzen	neg 1.0		__DUMMY__ 0.4604304236632011 neg 0.2985217828665502 off 0.2410477934702488	false	1.0
hilflos	neg 1.0		__DUMMY__ 0.46306204380297816 neg 0.3008284280216958 off 0.23610952817532607	false	1.0
eklig	off 1.0		__DUMMY__ 0.4565945660375369 neg 0.2913011889152261 off 0.25210424504723694	false	0.5
begriff			__DUMMY__ 0.4610644903760757 neg 0.3030930164022028 off 0.2358424932217214	false	0.0
hungersnot	neg 1.0		__DUMMY__ 0.46131968652996075 neg 0.3037222359644488 off 0.2349580775055906	false	1.0
ungesetzlich	neg 1.0		__DUMMY__ 0.45619502091445385 neg 0.30583890188100843 off 0.23796607720453783	false	1.0
verschwendung	neg 1.0		__DUMMY__ 0.4630062327329326 neg 0.30417261380013544 off 0.23282115346693183	false	1.0
schmerzvoll	neg 1.0		__DUMMY__ 0.4620361121501079 neg 0.29786480793093845 off 0.24009907991895363	false	1.0
vorzeitig	neg 1.0		__DUMMY__ 0.46220535240773153 neg 0.2961652806127508 off 0.24162936697951762	false	1.0
unvollkommenheit	neg 1.0		__DUMMY__ 0.46527569621810994 neg 0.2989870399497408 off 0.2357372638321494	false	1.0
intervenieren	neg 1.0		__DUMMY__ 0.46021501266728304 neg 0.30852233561534004 off 0.23126265171737703	false	1.0
banause	off 1.0		__DUMMY__ 0.45446460853580045 neg 0.2916981211042905 off 0.25383727035990894	false	0.5
rebell	neg 1.0		__DUMMY__ 0.4635899734714586 neg 0.30773323090229504 off 0.22867679562624635	false	1.0
unlogisch	neg 1.0		__DUMMY__ 0.4585458603568585 neg 0.29407202196171284 off 0.24738211768142865	false	1.0
leiden	neg 1.0		__DUMMY__ 0.4694278082436122 neg 0.2959161381453792 off 0.2346560536110086	false	1.0
abschaffung	neg 1.0		__DUMMY__ 0.45851824582805617 neg 0.3046561353334597 off 0.2368256188384842	false	1.0
sturz	neg 1.0		__DUMMY__ 0.46244229003270027 neg 0.29995184262218344 off 0.23760586734511616	false	1.0
verkleinerung	neg 1.0		__DUMMY__ 0.4561461231310257 neg 0.3047772151239405 off 0.23907666174503378	false	1.0
schmarotzer	off 1.0		__DUMMY__ 0.4605005356869027 neg 0.3050868654920831 off 0.23441259882101428	false	0.5
bestrafung	neg 1.0		__DUMMY__ 0.46139693620280287 neg 0.2993420371810781 off 0.2392610266161191	false	1.0
achtlos	neg 1.0		__DUMMY__ 0.46406279247457816 neg 0.29760727497296613 off 0.2383299325524557	false	1.0
ungeheuer	neg 1.0		__DUMMY__ 0.46358949028100727 neg 0.29407454565682933 off 0.2423359640621634	false	1.0
unaufrichtig	neg 1.0		__DUMMY__ 0.45850761961017755 neg 0.30238781497427475 off 0.23910456541554764	false	1.0
groggy	neg 1.0		__DUMMY__ 0.4596508735837579 neg 0.3001911309690345 off 0.24015799544720756	false	1.0
