unsolidarisch	neg 1.0		neg 0.5414761976923305 off 0.4180544779397374 __DUMMY__ 0.0404693243679321	false	1.0
nachteilig	neg 1.0		neg 0.5422809616166181 off 0.41678468990212725 __DUMMY__ 0.04093434848125474	false	1.0
skeptisch	neg 1.0		neg 0.542237435299683 off 0.4167208430184938 __DUMMY__ 0.04104172168182322	false	1.0
schrecklich	neg 1.0		neg 0.5250840446186271 off 0.4341719626493266 __DUMMY__ 0.040743992732046215	false	1.0
schlapp	neg 1.0	neg 1.0	neg 0.7516207280097723 off 0.2288571154192422 __DUMMY__ 0.019522156570985456	false	1.0
abfall	neg 1.0		neg 0.5446879279765969 off 0.41415420297923833 __DUMMY__ 0.04115786904416482	false	1.0
widerspenstig	neg 1.0		neg 0.5353603838420499 off 0.4236105354161832 __DUMMY__ 0.04102908074176692	false	1.0
abrupt	neg 1.0		neg 0.5382371391527421 off 0.4204001160362002 __DUMMY__ 0.04136274481105783	false	1.0
unwirksam	neg 1.0		neg 0.5402447863956141 off 0.4191758007991459 __DUMMY__ 0.04057941280524	false	1.0
angreifen	neg 1.0	neg 1.0	neg 0.7584974543261381 off 0.22194529801107193 __DUMMY__ 0.019557247662789806	false	1.0
inkonsistent	neg 1.0		neg 0.5359489946817333 off 0.4231804049316644 __DUMMY__ 0.04087060038660239	false	1.0
abrutschen	neg 1.0		neg 0.5440091320547251 off 0.41481194931617343 __DUMMY__ 0.04117891862910147	false	1.0
unsicher	neg 1.0		neg 0.5350600446947691 off 0.42387486261932467 __DUMMY__ 0.04106509268590624	false	1.0
bauernkind	off 1.0	off 1.0	off 0.699104501796294 neg 0.28169922919786156 __DUMMY__ 0.01919626900584442	false	1.0
angreifer	neg 1.0		neg 0.5338592895614354 off 0.42510707168682316 __DUMMY__ 0.041033638751741396	false	1.0
trennen	neg 1.0		neg 0.536596981664691 off 0.4219146556893703 __DUMMY__ 0.04148836264593852	false	1.0
schmutz	neg 1.0		neg 0.5325205093106651 off 0.4263540581572073 __DUMMY__ 0.04112543253212772	false	1.0
inkonsistenz	neg 1.0		neg 0.5339319067014113 off 0.425455573473078 __DUMMY__ 0.04061251982551066	false	1.0
erschreckend	neg 1.0		neg 0.5376680048819379 off 0.4213723403948418 __DUMMY__ 0.040959654723220315	false	1.0
ertrinken	neg 1.0		neg 0.5386110939243464 off 0.4201895470236187 __DUMMY__ 0.041199359052034916	false	1.0
pickelface	off 1.0		neg 0.5395847302676322 off 0.4195112341855191 __DUMMY__ 0.04090403554684882	false	0.5
seiner			neg 0.5399416949214246 off 0.4188482566009421 __DUMMY__ 0.041210048477633265	false	0.0
lauch	neg 1.0		neg 0.5461414769519537 off 0.4128987673431511 __DUMMY__ 0.040959755704895295	false	1.0
unwichtig	neg 1.0		neg 0.5314058709398981 off 0.4278188975420933 __DUMMY__ 0.040775231518008624	false	1.0
steuerhinterziehung	neg 1.0		neg 0.541472325435506 off 0.4178318470163269 __DUMMY__ 0.04069582754816703	false	1.0
schock	neg 1.0		neg 0.5343539576202537 off 0.4243797214916314 __DUMMY__ 0.041266320888114764	false	1.0
beule	neg 1.0		neg 0.529219764952629 off 0.42987092868276733 __DUMMY__ 0.04090930636460359	false	1.0
vergelten	neg 1.0		neg 0.5256472048134719 off 0.43343980530202036 __DUMMY__ 0.04091298988450773	false	1.0
verdorbenheit	neg 1.0		neg 0.5362108154368936 off 0.4227600045866021 __DUMMY__ 0.041029179976504335	false	1.0
trauma	neg 1.0		neg 0.535284225412712 off 0.423793401663673 __DUMMY__ 0.04092237292361497	false	1.0
sinnlos	neg 1.0		neg 0.5326918237933003 off 0.42631878413850804 __DUMMY__ 0.04098939206819163	false	1.0
fettsack	off 1.0	off 1.0	off 0.7009943225722829 neg 0.2797324319703701 __DUMMY__ 0.019273245457346964	false	1.0
feige	off 1.0	off 1.0	off 0.6975679313291208 neg 0.28308662204284857 __DUMMY__ 0.019345446628030772	false	1.0
abdanken	neg 1.0		neg 0.5394714096525828 off 0.41975367104262595 __DUMMY__ 0.040774919304791345	false	1.0
wichtigtuer	off 1.0	off 1.0	off 0.6961649153794709 neg 0.2844004109444196 __DUMMY__ 0.019434673676109553	false	1.0
misslingen	neg 1.0		neg 0.5311351280276394 off 0.42751466555937156 __DUMMY__ 0.041350206412989046	false	1.0
untreu	off 1.0		neg 0.5302594289102193 off 0.4290198611888055 __DUMMY__ 0.0407207099009753	false	0.5
missmutig	neg 1.0		neg 0.529890719816113 off 0.4291952811633665 __DUMMY__ 0.040913999020520335	false	1.0
hurenbock	off 1.0		neg 0.5337041780853765 off 0.42526588665284015 __DUMMY__ 0.04102993526178346	false	0.5
betrunken	neg 1.0		neg 0.5258750587700717 off 0.43317236474975795 __DUMMY__ 0.040952576480170554	false	1.0
korrupt	off 1.0		neg 0.5431170469910019 off 0.4162695384238397 __DUMMY__ 0.04061341458515839	false	0.5
unmut	neg 1.0		neg 0.5451566054268947 off 0.4137478163275201 __DUMMY__ 0.041095578245585324	false	1.0
hackfresse	off 1.0		neg 0.5230163203050288 off 0.43650341825712324 __DUMMY__ 0.04048026143784803	false	0.5
aufblasen	neg 1.0		neg 0.5327846435566717 off 0.42610963199861057 __DUMMY__ 0.041105724444717856	false	1.0
gewaltsam	neg 1.0		neg 0.5376964964044694 off 0.42135359359461155 __DUMMY__ 0.04094991000091917	false	1.0
unbeliebtheit	neg 1.0		neg 0.5366749511400489 off 0.4230098550707776 __DUMMY__ 0.04031519378917347	false	1.0
sturheit	neg 1.0		neg 0.5381423321539117 off 0.4209380121607933 __DUMMY__ 0.04091965568529496	false	1.0
kuh	neg 1.0		neg 0.5380225158101526 off 0.42128780420185635 __DUMMY__ 0.0406896799879911	false	1.0
erschrecken	neg 1.0		neg 0.5303964313818564 off 0.42864016814304134 __DUMMY__ 0.0409634004751023	false	1.0
opfer	neg 1.0		neg 0.539403970846247 off 0.4194815730918813 __DUMMY__ 0.041114456061871765	false	1.0
sinken	neg 1.0		neg 0.5430689269662684 off 0.41571132478751016 __DUMMY__ 0.04121974824622127	false	1.0
stinktier	neg 1.0		neg 0.5271185099395039 off 0.43240732934832404 __DUMMY__ 0.04047416071217207	false	1.0
tucke	off 1.0		neg 0.5256841891736254 off 0.43417394423402345 __DUMMY__ 0.04014186659235132	false	0.5
ein			neg 0.5331550709533367 off 0.42569185439558627 __DUMMY__ 0.04115307465107699	false	0.0
abstieg	neg 1.0		neg 0.5392995119895813 off 0.4194521328964827 __DUMMY__ 0.04124835511393588	false	1.0
missverstehen	neg 1.0		neg 0.5346287509986805 off 0.42461125016702417 __DUMMY__ 0.04075999883429531	false	1.0
ergebnislos	neg 1.0		neg 0.5413234766425731 off 0.4176167815823038 __DUMMY__ 0.04105974177512304	false	1.0
unter			neg 0.5446756790856142 off 0.41360925968958884 __DUMMY__ 0.04171506122479697	false	0.0
manipulieren	neg 1.0		neg 0.5419133704536272 off 0.41702247485268495 __DUMMY__ 0.041064154693687786	false	1.0
unbewiesen	neg 1.0		neg 0.5417063650549587 off 0.4178837525997909 __DUMMY__ 0.0404098823452504	false	1.0
verschleppen	neg 1.0		neg 0.5402278805949449 off 0.4188151220465014 __DUMMY__ 0.04095699735855395	false	1.0
weib	off 1.0		neg 0.523802737789559 off 0.43578469032588396 __DUMMY__ 0.04041257188455698	false	0.5
opposition	neg 1.0		neg 0.5363727708434671 off 0.42291695176594224 __DUMMY__ 0.04071027739059065	false	1.0
verkehrswidrig	neg 1.0	neg 1.0	neg 0.747063876917214 off 0.23319759883300395 __DUMMY__ 0.01973852424978196	false	1.0
inkorrekt	neg 1.0		neg 0.5319569599497355 off 0.4276496982890158 __DUMMY__ 0.04039334176124861	false	1.0
vermeiden	neg 1.0		neg 0.5445216184346674 off 0.41405622028532263 __DUMMY__ 0.04142216128000998	false	1.0
abweichung	neg 1.0	neg 1.0	neg 0.7576062783411729 off 0.2228023340585238 __DUMMY__ 0.01959138760030333	false	1.0
alkoholisiert	neg 1.0		neg 0.535105200621401 off 0.4231805402133977 __DUMMY__ 0.04171425916520133	false	1.0
scheiss	off 1.0	off 1.0	off 0.6988011421103156 neg 0.28174416921184803 __DUMMY__ 0.01945468867783635	false	1.0
herausforderung	neg 1.0	neg 1.0	neg 0.7554288670618549 off 0.22469540246629338 __DUMMY__ 0.019875730471851885	false	1.0
pervers	off 1.0		neg 0.5200439309995358 off 0.4395986428177111 __DUMMY__ 0.04035742618275307	false	0.5
wackelig	neg 1.0		neg 0.5348134120423553 off 0.42376191111359046 __DUMMY__ 0.041424676844054174	false	1.0
verwickeln	neg 1.0		neg 0.5343837457623697 off 0.42481767127965253 __DUMMY__ 0.04079858295797763	false	1.0
vorwand	neg 1.0		neg 0.5428842547669824 off 0.41604161813391566 __DUMMY__ 0.04107412709910182	false	1.0
muschi	off 1.0		neg 0.5385343553772353 off 0.4205136578724648 __DUMMY__ 0.040951986750300075	false	0.5
entmutigung	neg 1.0		neg 0.5378905958309561 off 0.4214932168550912 __DUMMY__ 0.04061618731395277	false	1.0
unangemessen	neg 1.0		neg 0.539801231307763 off 0.4193326206254355 __DUMMY__ 0.040866148066801625	false	1.0
unstetig	neg 1.0		neg 0.5355521704409573 off 0.42354781366748756 __DUMMY__ 0.04090001589155521	false	1.0
entmutigen	neg 1.0		neg 0.5338219070608894 off 0.4251696062678567 __DUMMY__ 0.04100848667125408	false	1.0
schwanz	neg 1.0		neg 0.5415212037741512 off 0.41741254684130374 __DUMMY__ 0.04106624938454503	false	1.0
verbot	neg 1.0		neg 0.5423698009256549 off 0.41689447007220953 __DUMMY__ 0.04073572900213547	false	1.0
leid	neg 1.0		neg 0.5242751694687091 off 0.43505441581276166 __DUMMY__ 0.040670414718529106	false	1.0
archaisch	neg 1.0		neg 0.5383233487152721 off 0.4206500214743894 __DUMMY__ 0.04102662981033849	false	1.0
gegen			neg 0.5422451426868373 off 0.41651544837213167 __DUMMY__ 0.041239408941031036	false	0.0
scheidung	neg 1.0		neg 0.5155191789157502 off 0.444110745876285 __DUMMY__ 0.040370075207964894	false	1.0
einschlag	neg 1.0	neg 1.0	neg 0.7501529082811764 off 0.23038535799271603 __DUMMY__ 0.01946173372610756	false	1.0
m			neg 0.5373591750479768 off 0.42148491020938256 __DUMMY__ 0.041155914742640666	false	0.0
abgestanden	neg 1.0		neg 0.5353063634882564 off 0.42374449810058945 __DUMMY__ 0.04094913841115411	false	1.0
schmierig	off 1.0		neg 0.5247850159896613 off 0.4345246437477632 __DUMMY__ 0.040690340262575585	false	0.5
unpraktisch	neg 1.0		neg 0.5327221815701298 off 0.42611946907470405 __DUMMY__ 0.04115834935516624	false	1.0
wixxer	off 1.0		neg 0.5211523667993794 off 0.43857027314426733 __DUMMY__ 0.040277360056353254	false	0.5
bezeichnet			neg 0.5374367030597496 off 0.42166190802959763 __DUMMY__ 0.04090138891065263	false	0.0
jammerlappen	off 1.0		neg 0.5309904993675598 off 0.4282123773345802 __DUMMY__ 0.04079712329786008	false	0.5
farce	neg 1.0		neg 0.5417433455619209 off 0.4175719037105117 __DUMMY__ 0.04068475072756742	false	1.0
zwecklos	neg 1.0		neg 0.5391493362384054 off 0.4199151616547141 __DUMMY__ 0.040935502106880337	false	1.0
turbulent	neg 1.0		neg 0.5318124729524379 off 0.4275391355258876 __DUMMY__ 0.04064839152167454	false	1.0
invasion	neg 1.0		neg 0.5327416949845295 off 0.4262836663091869 __DUMMY__ 0.04097463870628355	false	1.0
schuld	neg 1.0		neg 0.5350462777644781 off 0.42400180922137914 __DUMMY__ 0.04095191301414272	false	1.0
risiko	neg 1.0		neg 0.534540452657996 off 0.424364304100234 __DUMMY__ 0.041095243241769844	false	1.0
finster	neg 1.0		neg 0.5335208998112682 off 0.42540235732519943 __DUMMY__ 0.0410767428635324	false	1.0
geisteskrank	off 1.0		neg 0.5305305599988857 off 0.4288586696525911 __DUMMY__ 0.040610770348523256	false	0.5
zusammenbrechen	neg 1.0		neg 0.5363395192797376 off 0.4225166693888255 __DUMMY__ 0.041143811331437054	false	1.0
ausbeute	neg 1.0		neg 0.5373929576114213 off 0.42114745530065084 __DUMMY__ 0.041459587087928004	false	1.0
hinterhalt	neg 1.0		neg 0.5367547692702315 off 0.42207676657877147 __DUMMY__ 0.041168464150997015	false	1.0
kritik	neg 1.0		neg 0.5416019045681505 off 0.41767526740052036 __DUMMY__ 0.04072282803132932	false	1.0
einschrumpfen	neg 1.0		neg 0.5362898495978994 off 0.4231689357845548 __DUMMY__ 0.04054121461754582	false	1.0
riskant	neg 1.0		neg 0.5410215484337917 off 0.4179949892051534 __DUMMY__ 0.04098346236105496	false	1.0
frustrieren	neg 1.0		neg 0.539844941592597 off 0.4190844102107755 __DUMMY__ 0.04107064819662757	false	1.0
groll	neg 1.0		neg 0.5384519432126881 off 0.42050119216107396 __DUMMY__ 0.041046864626238036	false	1.0
gibt			neg 0.537651363500519 off 0.4212870824076638 __DUMMY__ 0.041061554091817186	false	0.0
qualvoll	neg 1.0		neg 0.5306060689165287 off 0.42834594358996314 __DUMMY__ 0.04104798749350818	false	1.0
wackeln	neg 1.0	neg 1.0	neg 0.753428443666587 off 0.2269013789502996 __DUMMY__ 0.019670177383113302	false	1.0
klagen	neg 1.0		neg 0.5442153860355835 off 0.4146615728289312 __DUMMY__ 0.04112304113548524	false	1.0
bankrott	neg 1.0		neg 0.5313026905986041 off 0.4277900430027249 __DUMMY__ 0.0409072663986709	false	1.0
trauern	neg 1.0		neg 0.5382332044463375 off 0.42051029055494965 __DUMMY__ 0.041256504998712744	false	1.0
ablehnung	neg 1.0		neg 0.5417538901838533 off 0.4175424957320278 __DUMMY__ 0.04070361408411891	false	1.0
stur	neg 1.0		neg 0.5347618026493609 off 0.4243423528400572 __DUMMY__ 0.04089584451058177	false	1.0
aufruhr	neg 1.0		neg 0.5379935212049223 off 0.42107179420026825 __DUMMY__ 0.04093468459480942	false	1.0
melancholie	neg 1.0		neg 0.536923621832209 off 0.42185982944613426 __DUMMY__ 0.041216548721656705	false	1.0
ist			neg 0.5335524050853087 off 0.4254720309925017 __DUMMY__ 0.04097556392218965	false	0.0
torheit	neg 1.0		neg 0.5372090657530987 off 0.42202894804933005 __DUMMY__ 0.04076198619757113	false	1.0
dreckskind	off 1.0		neg 0.5258993853935799 off 0.43368902158232425 __DUMMY__ 0.040411593024095756	false	0.5
umtauschen	neg 1.0		neg 0.5353810478691835 off 0.42352993519580195 __DUMMY__ 0.041089016935014634	false	1.0
zum			neg 0.5401883576823785 off 0.41798076068850537 __DUMMY__ 0.04183088162911613	false	0.0
zersetzen	neg 1.0		neg 0.5432408581020197 off 0.41581544653635333 __DUMMY__ 0.04094369536162704	false	1.0
zur			neg 0.545323936857574 off 0.4132522299836413 __DUMMY__ 0.041423833158784784	false	0.0
frust	neg 1.0		neg 0.5365319468015979 off 0.4223197004989053 __DUMMY__ 0.04114835269949687	false	1.0
unerbittlichkeit	neg 1.0		neg 0.5424964180849946 off 0.4165021747359168 __DUMMY__ 0.04100140717908859	false	1.0
zwei			neg 0.5390635514244388 off 0.41928065205526016 __DUMMY__ 0.04165579652030086	false	0.0
unkorrekt	neg 1.0		neg 0.530458616981537 off 0.42908192480989554 __DUMMY__ 0.040459458208567375	false	1.0
hexe	off 1.0		neg 0.5298186859655486 off 0.4293678398082259 __DUMMY__ 0.04081347422622538	false	0.5
lasch	neg 1.0		neg 0.5336075458299253 off 0.4256891141574973 __DUMMY__ 0.040703340012577464	false	1.0
rivale	neg 1.0		neg 0.5267476513516207 off 0.4324028376801109 __DUMMY__ 0.04084951096826841	false	1.0
mutlos	off 1.0	off 1.0	off 0.691928404024312 neg 0.2885997172948799 __DUMMY__ 0.019471878680808134	false	1.0
wirr	off 1.0		neg 0.5297167654696003 off 0.42979164719247287 __DUMMY__ 0.040491587337926786	false	0.5
jahr			neg 0.5369568532416056 off 0.4214220149922423 __DUMMY__ 0.04162113176615212	false	0.0
wird			neg 0.5384387225552336 off 0.4204001667958505 __DUMMY__ 0.04116111064891594	false	0.0
strafbar	neg 1.0		neg 0.5415135888693591 off 0.417562840023501 __DUMMY__ 0.04092357110713993	false	1.0
erosion	neg 1.0		neg 0.5340921884958477 off 0.42481393728121136 __DUMMY__ 0.041093874222940856	false	1.0
eingehen	neg 1.0		neg 0.5402663669362994 off 0.4188135981313072 __DUMMY__ 0.04092003493239345	false	1.0
faul	off 1.0		neg 0.5304011753765756 off 0.4286482928783212 __DUMMY__ 0.04095053174510308	false	0.5
provisorium	neg 1.0		neg 0.5468310111399581 off 0.41163429509185334 __DUMMY__ 0.04153469376818853	false	1.0
schmerzen	neg 1.0		neg 0.535204914327726 off 0.4237397873781915 __DUMMY__ 0.041055298294082554	false	1.0
schrumpfen	neg 1.0		neg 0.5466450448357589 off 0.41212356902089575 __DUMMY__ 0.041231386143345254	false	1.0
geistlos	off 1.0		neg 0.5373982655286486 off 0.42211538201422977 __DUMMY__ 0.04048635245712174	false	0.5
fehlkauf	neg 1.0		neg 0.5351555726757877 off 0.42401286448405173 __DUMMY__ 0.04083156284016059	false	1.0
frustrierend	neg 1.0		neg 0.5301187624882925 off 0.4288665659625261 __DUMMY__ 0.041014671549181425	false	1.0
unzufrieden	neg 1.0		neg 0.5391869339773356 off 0.4198613184989715 __DUMMY__ 0.04095174752369288	false	1.0
verzweifeln	neg 1.0		neg 0.5358597827585948 off 0.42308241161716065 __DUMMY__ 0.04105780562424458	false	1.0
verzweifelt	neg 1.0		neg 0.5346415933380785 off 0.42445985306276107 __DUMMY__ 0.040898553599160434	false	1.0
misstrauensantrag	neg 1.0		neg 0.5350254154297905 off 0.4242154172829633 __DUMMY__ 0.04075916728724623	false	1.0
abfallen	neg 1.0		neg 0.5318995040223624 off 0.426896916362978 __DUMMY__ 0.04120357961465964	false	1.0
fucker	off 1.0		neg 0.5297190553800661 off 0.4296382806072008 __DUMMY__ 0.04064266401273314	false	0.5
ungezogen	neg 1.0		neg 0.520497285050805 off 0.4389664714314111 __DUMMY__ 0.04053624351778397	false	1.0
irrsinnig	neg 1.0	neg 1.0	neg 0.7549723044990326 off 0.225554046877946 __DUMMY__ 0.019473648623021325	false	1.0
unfassbar	neg 1.0		neg 0.5297665269019196 off 0.4294190312946879 __DUMMY__ 0.040814441803392526	false	1.0
hart	neg 1.0		neg 0.5336255128933293 off 0.42564026681690825 __DUMMY__ 0.04073422028976254	false	1.0
widerlich	off 1.0		neg 0.5305364383340622 off 0.4288480756068315 __DUMMY__ 0.04061548605910639	false	0.5
fatal	neg 1.0		neg 0.5345827016721819 off 0.42456695618931756 __DUMMY__ 0.04085034213850041	false	1.0
bruch	neg 1.0		neg 0.5446290428076256 off 0.4143178730500655 __DUMMY__ 0.04105308414230896	false	1.0
aushungern	neg 1.0		neg 0.5400567959927292 off 0.4191896291935812 __DUMMY__ 0.040753574813689554	false	1.0
anspannung	neg 1.0	neg 1.0	neg 0.7578075702473445 off 0.22224505517772014 __DUMMY__ 0.019947374574935343	false	1.0
von			neg 0.5388342021299817 off 0.4196360599527628 __DUMMY__ 0.041529737917255435	false	0.0
kraftlos	neg 1.0		neg 0.5358234071623652 off 0.4228981210623653 __DUMMY__ 0.04127847177526958	false	1.0
vom			neg 0.5432357531369664 off 0.41496271602286483 __DUMMY__ 0.041801530840168716	false	0.0
grenzdebil	off 1.0		neg 0.5286092378806275 off 0.4305959429653874 __DUMMY__ 0.04079481915398501	false	0.5
vor			neg 0.5410233825113597 off 0.4177193443205409 __DUMMY__ 0.041257273168099295	false	0.0
unterwerfen	neg 1.0		neg 0.5400455256081728 off 0.4188685299857784 __DUMMY__ 0.04108594440604887	false	1.0
versenkung	neg 1.0		neg 0.540713204452006 off 0.41822417848911286 __DUMMY__ 0.04106261705888128	false	1.0
entziehen	neg 1.0		neg 0.5432598940601229 off 0.41561048115536053 __DUMMY__ 0.04112962478451661	false	1.0
finanzkrise	neg 1.0		neg 0.5411410770658215 off 0.41823842633895025 __DUMMY__ 0.04062049659522815	false	1.0
schimpfend	neg 1.0		neg 0.5314467800096561 off 0.42727877785100554 __DUMMY__ 0.041274442139338514	false	1.0
profan	neg 1.0		neg 0.5328527127377926 off 0.42626073161449 __DUMMY__ 0.04088655564771746	false	1.0
korruption	neg 1.0	neg 1.0	neg 0.758793261586899 off 0.22181291767332986 __DUMMY__ 0.019393820739771125	false	1.0
â			neg 0.5390727855364941 off 0.41980023049326565 __DUMMY__ 0.04112698397024039	false	0.0
schmutzig	neg 1.0		neg 0.5288748442580219 off 0.4302778210453161 __DUMMY__ 0.040847334696662144	false	1.0
sexy	neg 1.0		neg 0.5321510956195197 off 0.4269635910169058 __DUMMY__ 0.04088531336357454	false	1.0
abraten	neg 1.0		neg 0.5337846082029915 off 0.42528644396587756 __DUMMY__ 0.04092894783113104	false	1.0
schwarz	neg 1.0		neg 0.5350764167611514 off 0.4240465184236616 __DUMMY__ 0.04087706481518688	false	1.0
fotze	off 1.0		neg 0.541107134313207 off 0.4179134583239847 __DUMMY__ 0.040979407362808404	false	0.5
verwirren	neg 1.0		neg 0.5324243614056656 off 0.42667088017299637 __DUMMY__ 0.04090475842133797	false	1.0
zahnlos	off 1.0		neg 0.5395963927064912 off 0.4194944477418811 __DUMMY__ 0.04090915955162777	false	0.5
verheeren	neg 1.0		neg 0.5200117332002723 off 0.43950414179180053 __DUMMY__ 0.0404841250079271	false	1.0
hippie	neg 1.0		neg 0.5332681129414242 off 0.4258886207841725 __DUMMY__ 0.040843266274403274	false	1.0
rammen	neg 1.0		neg 0.5365282984869867 off 0.4226618744838776 __DUMMY__ 0.04080982702913577	false	1.0
unlauter	neg 1.0		neg 0.5394388644653185 off 0.4199961477910837 __DUMMY__ 0.04056498774359779	false	1.0
unheilvoll	neg 1.0		neg 0.5312586566937103 off 0.4276175439774953 __DUMMY__ 0.04112379932879431	false	1.0
niedrig	neg 1.0		neg 0.5415487400481336 off 0.41740053290759466 __DUMMY__ 0.04105072704427181	false	1.0
explosion	neg 1.0		neg 0.5340810768537995 off 0.4250904349458672 __DUMMY__ 0.04082848820033338	false	1.0
weichei	off 1.0		neg 0.5250036820600712 off 0.434513294999305 __DUMMY__ 0.04048302294062369	false	0.5
minusmensch	off 1.0		neg 0.5250667686519117 off 0.43492076531384155 __DUMMY__ 0.04001246603424668	false	0.5
farblos	neg 1.0		neg 0.533955370512404 off 0.4247144106708049 __DUMMY__ 0.04133021881679102	false	1.0
unwissend	neg 1.0	neg 1.0	neg 0.7523769140210881 off 0.2282040537249521 __DUMMY__ 0.019419032253959814	false	1.0
traurig	neg 1.0		neg 0.5259246000643085 off 0.4332745868787949 __DUMMY__ 0.04080081305689666	false	1.0
senkung	neg 1.0		neg 0.5353414582665624 off 0.4239979232286503 __DUMMY__ 0.040660618504787346	false	1.0
ungleich	neg 1.0	neg 1.0	neg 0.7587711939063674 off 0.22174774202000563 __DUMMY__ 0.01948106407362694	false	1.0
heikel	neg 1.0		neg 0.5424714237040116 off 0.416535396528435 __DUMMY__ 0.040993179767553484	false	1.0
drosselung	neg 1.0		neg 0.529376489278219 off 0.42983277238392587 __DUMMY__ 0.040790738337855195	false	1.0
falsch	neg 1.0		neg 0.5311862857429411 off 0.42794119723748614 __DUMMY__ 0.04087251701957294	false	1.0
unzufriedenheit	neg 1.0		neg 0.5426140423843243 off 0.41632265848641536 __DUMMY__ 0.04106329912926028	false	1.0
kurz	neg 1.0		neg 0.5348237562299843 off 0.4238684970428312 __DUMMY__ 0.0413077467271845	false	1.0
unsinnig	neg 1.0		neg 0.5396856444167935 off 0.41948709287256547 __DUMMY__ 0.04082726271064121	false	1.0
penner	off 1.0	off 1.0	off 0.7027272909480664 neg 0.2780093192542158 __DUMMY__ 0.019263389797717783	false	1.0
seicht	neg 1.0		neg 0.5232996682187914 off 0.43642431132781223 __DUMMY__ 0.04027602045339636	false	1.0
dummheit	off 1.0	off 1.0	off 0.6960601683694921 neg 0.2845456495672924 __DUMMY__ 0.01939418206321552	false	1.0
unerfreulich	neg 1.0		neg 0.5420328830088604 off 0.4168049671054417 __DUMMY__ 0.04116214988569784	false	1.0
motherfucker	off 1.0	off 1.0	off 0.6984252422402554 neg 0.2822589697849954 __DUMMY__ 0.019315787974749265	false	1.0
pikiert	neg 1.0		neg 0.5320497319611933 off 0.42733775933428453 __DUMMY__ 0.040612508704522245	false	1.0
wrack	neg 1.0		neg 0.5373190529670249 off 0.4212955185135837 __DUMMY__ 0.04138542851939152	false	1.0
gangster	neg 1.0		neg 0.5331972236605335 off 0.42590362040478735 __DUMMY__ 0.04089915593467917	false	1.0
krank	neg 1.0		neg 0.5269157277196928 off 0.4321539416321634 __DUMMY__ 0.04093033064814381	false	1.0
reich	neg 1.0		neg 0.5326815035656396 off 0.4266040492658818 __DUMMY__ 0.04071444716847861	false	1.0
gnadenlos	neg 1.0		neg 0.534768077866578 off 0.4242516763445847 __DUMMY__ 0.04098024578883732	false	1.0
niedergeschlagen	neg 1.0		neg 0.5358994297142987 off 0.4229318389603697 __DUMMY__ 0.04116873132533161	false	1.0
terrorisieren	off 1.0	off 1.0	off 0.6930626617466514 neg 0.2873667461186253 __DUMMY__ 0.019570592134723366	false	1.0
sinnlosigkeit	neg 1.0		neg 0.5384700021022033 off 0.4205303893523203 __DUMMY__ 0.040999608545476254	false	1.0
behindern	neg 1.0		neg 0.5377566799331766 off 0.4213338059614741 __DUMMY__ 0.04090951410534942	false	1.0
undemokratisch	neg 1.0		neg 0.5385533243149714 off 0.42081624752646324 __DUMMY__ 0.04063042815856525	false	1.0
wirtschaftskrise	neg 1.0		neg 0.5421037373237607 off 0.4170641162608578 __DUMMY__ 0.0408321464153816	false	1.0
neid	neg 1.0		neg 0.5275534359067606 off 0.4312941906653653 __DUMMY__ 0.041152373427874124	false	1.0
rutschen	neg 1.0	neg 1.0	neg 0.7567299622945602 off 0.2233533316255788 __DUMMY__ 0.01991670607986099	false	1.0
rezession	neg 1.0		neg 0.5301570645807948 off 0.4295537985539185 __DUMMY__ 0.04028913686528673	false	1.0
fehlgeburt	neg 1.0		neg 0.5323949038228852 off 0.4265491767832357 __DUMMY__ 0.04105591939387907	false	1.0
charakterschwach	off 1.0		neg 0.5301445357945247 off 0.42915002298836624 __DUMMY__ 0.040705441217109055	false	0.5
isolation	neg 1.0		neg 0.5302928222070256 off 0.4287064531129272 __DUMMY__ 0.0410007246800473	false	1.0
ablenkung	neg 1.0		neg 0.534797872866227 off 0.42415194261650724 __DUMMY__ 0.04105018451726568	false	1.0
pech	neg 1.0		neg 0.5305955889879798 off 0.42843625777707367 __DUMMY__ 0.04096815323494646	false	1.0
vermeidung	neg 1.0		neg 0.5305400448408216 off 0.4288272641956248 __DUMMY__ 0.040632690963553576	false	1.0
dominieren	neg 1.0		neg 0.537109940574649 off 0.4215567541812447 __DUMMY__ 0.04133330524410625	false	1.0
schwindlig	neg 1.0		neg 0.5304245324657754 off 0.42839731583244073 __DUMMY__ 0.041178151701783974	false	1.0
lutscher	neg 1.0	neg 1.0	neg 0.74781512762007 off 0.2330037786320076 __DUMMY__ 0.01918109374792257	false	1.0
pflicht	neg 1.0		neg 0.5420022870542308 off 0.4169334988518546 __DUMMY__ 0.04106421409391467	false	1.0
faschist	off 1.0		neg 0.5358626103262054 off 0.42353677838289366 __DUMMY__ 0.04060061129090102	false	0.5
verschleudern	neg 1.0		neg 0.5445421921183133 off 0.41477391729976154 __DUMMY__ 0.04068389058192512	false	1.0
wenn			neg 0.5307668417199705 off 0.428348174820014 __DUMMY__ 0.040884983460015505	false	0.0
ehebruch	neg 1.0		neg 0.5408240449650416 off 0.41823721847949524 __DUMMY__ 0.04093873655546326	false	1.0
spott	off 1.0		neg 0.542022485583479 off 0.4170856736243871 __DUMMY__ 0.04089184079213396	false	0.5
trostlosigkeit	neg 1.0		neg 0.5430082880062111 off 0.415870158167779 __DUMMY__ 0.04112155382600985	false	1.0
lutschen	neg 1.0		neg 0.5352788281322539 off 0.4240132148787686 __DUMMY__ 0.04070795698897746	false	1.0
undiszipliniert	neg 1.0		neg 0.5273099406845263 off 0.43191000475146907 __DUMMY__ 0.040780054564004624	false	1.0
kopfschmerz	neg 1.0		neg 0.535705639709001 off 0.42310266587465206 __DUMMY__ 0.04119169441634683	false	1.0
unvorhergesehen	neg 1.0		neg 0.5360333684318767 off 0.4224942474319048 __DUMMY__ 0.04147238413621854	false	1.0
desinteressiert	neg 1.0		neg 0.5285172891372364 off 0.43080261498182143 __DUMMY__ 0.04068009588094216	false	1.0
armselig	off 1.0		neg 0.5289949242144607 off 0.4305006995556623 __DUMMY__ 0.04050437622987698	false	0.5
desaster	neg 1.0		neg 0.5453254072060745 off 0.41361640578255615 __DUMMY__ 0.04105818701136941	false	1.0
tod	neg 1.0		neg 0.5389782768111011 off 0.4198944688524747 __DUMMY__ 0.04112725433642404	false	1.0
herzlos	neg 1.0		neg 0.5271139540693879 off 0.43226464808350296 __DUMMY__ 0.040621397847109254	false	1.0
unwissenheit	neg 1.0		neg 0.5407068339798975 off 0.418480381425909 __DUMMY__ 0.04081278459419369	false	1.0
widersinnig	neg 1.0	neg 1.0	neg 0.7582913902666591 off 0.22234331652480815 __DUMMY__ 0.019365293208532645	false	1.0
bedenklich	neg 1.0		neg 0.5409397766437832 off 0.4181079548470448 __DUMMY__ 0.04095226850917194	false	1.0
beanstanden	neg 1.0		neg 0.5425973098134269 off 0.4163126923705823 __DUMMY__ 0.04108999781599082	false	1.0
panisch	neg 1.0	neg 1.0	neg 0.7515171703811242 off 0.22877828791504176 __DUMMY__ 0.019704541703834077	false	1.0
debil	off 1.0		neg 0.547164406797749 off 0.41154307672057644 __DUMMY__ 0.04129251648167455	false	0.5
abstrich	neg 1.0		neg 0.539979259507253 off 0.41905376519902243 __DUMMY__ 0.04096697529372463	false	1.0
primitiv	neg 1.0		neg 0.529976132994005 off 0.42940776620454196 __DUMMY__ 0.04061610080145301	false	1.0
abschaum	off 1.0	off 1.0	off 0.697575865563846 neg 0.2830346552289238 __DUMMY__ 0.01938947920723019	false	1.0
provozieren	neg 1.0		neg 0.5360074399492807 off 0.42311348637999896 __DUMMY__ 0.04087907367072032	false	1.0
tot	neg 1.0		neg 0.5397643575119883 off 0.41913344719614176 __DUMMY__ 0.04110219529187009	false	1.0
instabil	neg 1.0		neg 0.5318784045979209 off 0.4276703254713409 __DUMMY__ 0.0404512699307384	false	1.0
schwuchtel	off 1.0		neg 0.5186510202691279 off 0.4413005325007382 __DUMMY__ 0.040048447230133816	false	0.5
zerren	neg 1.0		neg 0.5356070582585557 off 0.42320386742724464 __DUMMY__ 0.04118907431419974	false	1.0
kinderficker	off 1.0		neg 0.5268255522622864 off 0.43278046573001305 __DUMMY__ 0.04039398200770058	false	0.5
gefahr	neg 1.0		neg 0.5424542612143222 off 0.41647298711139025 __DUMMY__ 0.04107275167428748	false	1.0
rabiat	neg 1.0		neg 0.5369696300492881 off 0.42215907151478277 __DUMMY__ 0.04087129843592908	false	1.0
verlangsamung	neg 1.0		neg 0.5251580738735587 off 0.43450862499291576 __DUMMY__ 0.04033330113352546	false	1.0
ausgestorben	neg 1.0		neg 0.5352764981520858 off 0.42359796229037855 __DUMMY__ 0.04112553955753567	false	1.0
anklagen	neg 1.0		neg 0.5398004593193577 off 0.4193495020795147 __DUMMY__ 0.04085003860112767	false	1.0
trott	neg 1.0		neg 0.5360334909183476 off 0.4229080933784276 __DUMMY__ 0.041058415703224896	false	1.0
verminderung	neg 1.0		neg 0.5288833073498007 off 0.4304293857414221 __DUMMY__ 0.04068730690877727	false	1.0
nach			neg 0.540599839989118 off 0.41765619356550737 __DUMMY__ 0.041743966445374675	false	0.0
rost	neg 1.0		neg 0.5249773297262341 off 0.4345106254589553 __DUMMY__ 0.040512044814810654	false	1.0
destruktiv	neg 1.0		neg 0.5387176253595599 off 0.4205231688865689 __DUMMY__ 0.04075920575387124	false	1.0
unzumutbarkeit	neg 1.0		neg 0.5301854931964195 off 0.42890990646946636 __DUMMY__ 0.04090460033411424	false	1.0
labil	off 1.0	off 1.0	off 0.697450810446959 neg 0.2831624062442326 __DUMMY__ 0.0193867833088083	false	1.0
ziemlich	neg 1.0		neg 0.5281974837632507 off 0.4308869519191827 __DUMMY__ 0.040915564317566606	false	1.0
lachnummer	off 1.0		neg 0.5370109790190032 off 0.42208219106649025 __DUMMY__ 0.040906829914506525	false	0.5
oder			neg 0.5337535612217229 off 0.42509430142291116 __DUMMY__ 0.04115213735536588	false	0.0
verfall	neg 1.0		neg 0.5476155547037772 off 0.41124585939950625 __DUMMY__ 0.041138585896716415	false	1.0
ausgrenzung	neg 1.0		neg 0.5383309207787442 off 0.4211112240249946 __DUMMY__ 0.0405578551962611	false	1.0
unordnung	neg 1.0		neg 0.5297696316411304 off 0.429384750164291 __DUMMY__ 0.04084561819457862	false	1.0
fehlverhalten	neg 1.0		neg 0.5426593314105517 off 0.41637871701576384 __DUMMY__ 0.04096195157368448	false	1.0
eine			neg 0.5412232145432144 off 0.417595274481007 __DUMMY__ 0.04118151097577858	false	0.0
nille	neg 1.0		neg 0.5377227709046608 off 0.4213010898827067 __DUMMY__ 0.0409761392126325	false	1.0
qual	neg 1.0		neg 0.5366358233730479 off 0.42233825969787614 __DUMMY__ 0.04102591692907582	false	1.0
verschwenden	neg 1.0		neg 0.5400698547544233 off 0.4189592598656844 __DUMMY__ 0.04097088537989253	false	1.0
riesig	neg 1.0	neg 1.0	neg 0.7565575397928044 off 0.22379247720855405 __DUMMY__ 0.019649982998641527	false	1.0
verurteilen	neg 1.0		neg 0.5401886329459559 off 0.41893985986399573 __DUMMY__ 0.0408715071900484	false	1.0
klischee	neg 1.0	neg 1.0	neg 0.7540145830411472 off 0.22660645364156237 __DUMMY__ 0.019378963317290488	false	1.0
diktatorisch	neg 1.0		neg 0.5392369679727695 off 0.4202720849032983 __DUMMY__ 0.040490947123932294	false	1.0
vorhersehbar	neg 1.0	neg 1.0	neg 0.7540728671595972 off 0.22650281324310179 __DUMMY__ 0.019424319597301034	false	1.0
sowie			neg 0.5266162098206268 off 0.43296078560969636 __DUMMY__ 0.040423004569676804	false	0.0
stornieren	neg 1.0		neg 0.530992627453911 off 0.4276298952693076 __DUMMY__ 0.04137747727678135	false	1.0
besteuerung	neg 1.0		neg 0.5384648392533598 off 0.42089436091574756 __DUMMY__ 0.04064079983089266	false	1.0
ungeschminkt	neg 1.0		neg 0.5306000299040681 off 0.4287586967099615 __DUMMY__ 0.040641273385970525	false	1.0
kritisch	neg 1.0		neg 0.5408511241940137 off 0.41815782207700475 __DUMMY__ 0.040991053728981486	false	1.0
schlamperei	off 1.0		neg 0.5434912709897711 off 0.4156289244347978 __DUMMY__ 0.040879804575431174	false	0.5
sucht	neg 1.0	neg 1.0	neg 0.7550707863865562 off 0.22536774115037156 __DUMMY__ 0.019561472463072264	false	1.0
egoistisch	off 1.0		neg 0.5239271078414361 off 0.4354663227579845 __DUMMY__ 0.040606569400579266	false	0.5
ausbeuter	off 1.0		neg 0.5440656018522535 off 0.4150951587941122 __DUMMY__ 0.04083923935363428	false	0.5
arschgeburt	off 1.0		neg 0.5189620292801448 off 0.4410340145046323 __DUMMY__ 0.040003956215222944	false	0.5
schubs	neg 1.0	neg 1.0	neg 0.7552089731442606 off 0.22509629876349502 __DUMMY__ 0.019694728092244512	false	1.0
unsolide	neg 1.0		neg 0.5406013693462565 off 0.41912344444417576 __DUMMY__ 0.04027518620956785	false	1.0
beschwerde	neg 1.0		neg 0.5435470366648157 off 0.4156065812516672 __DUMMY__ 0.04084638208351728	false	1.0
stocken	neg 1.0		neg 0.5417122177847662 off 0.41733720676069 __DUMMY__ 0.04095057545454375	false	1.0
isolieren	neg 1.0		neg 0.5405099389387735 off 0.4185813750914216 __DUMMY__ 0.04090868596980484	false	1.0
unheilbar	neg 1.0		neg 0.5342199527424453 off 0.4246905656454653 __DUMMY__ 0.04108948161208942	false	1.0
pisser	off 1.0		neg 0.5298190217639074 off 0.42957808726001173 __DUMMY__ 0.04060289097608093	false	0.5
löschen	neg 1.0		neg 0.5362281889193613 off 0.4227930969808673 __DUMMY__ 0.04097871409977131	false	1.0
durchfallen	neg 1.0		neg 0.5401894810205723 off 0.4189398230365558 __DUMMY__ 0.04087069594287193	false	1.0
wichser	off 1.0		neg 0.519407028413486 off 0.44018290756715023 __DUMMY__ 0.04041006401936381	false	0.5
terror	neg 1.0		neg 0.5321883700727518 off 0.4268262356101699 __DUMMY__ 0.04098539431707836	false	1.0
krass	neg 1.0		neg 0.5265693319837436 off 0.432827264580837 __DUMMY__ 0.04060340343541944	false	1.0
revolte	neg 1.0	neg 1.0	neg 0.7555976021865408 off 0.22504466004122176 __DUMMY__ 0.019357737772237447	false	1.0
besorgt	neg 1.0		neg 0.5355443011331883 off 0.42314625605812495 __DUMMY__ 0.04130944280868689	false	1.0
nachlassen	neg 1.0		neg 0.5403734529419537 off 0.4185130054160629 __DUMMY__ 0.04111354164198348	false	1.0
alt	neg 1.0		neg 0.5390324116744771 off 0.41987274747042863 __DUMMY__ 0.04109484085509418	false	1.0
hundesohn	off 1.0		neg 0.5236865819311468 off 0.4360920948372732 __DUMMY__ 0.040221323231579974	false	0.5
als			neg 0.5362730886926772 off 0.4225253210873311 __DUMMY__ 0.04120159021999182	false	0.0
abschreckung	neg 1.0		neg 0.5437328492227573 off 0.41521189422848376 __DUMMY__ 0.04105525654875892	false	1.0
unqualifiziert	neg 1.0		neg 0.5351556906263273 off 0.4242478318457054 __DUMMY__ 0.04059647752796719	false	1.0
abgewichst	off 1.0		neg 0.5376538580923732 off 0.4212862922520182 __DUMMY__ 0.04105984965560863	false	0.5
schwer	neg 1.0		neg 0.5353395028870143 off 0.4236079696492989 __DUMMY__ 0.04105252746368686	false	1.0
bedeutungslosigkeit	neg 1.0		neg 0.5425822054618907 off 0.4163782626286014 __DUMMY__ 0.04103953190950783	false	1.0
kapitulation	neg 1.0		neg 0.5440646266543666 off 0.41522906001936927 __DUMMY__ 0.04070631332626411	false	1.0
unscharf	neg 1.0		neg 0.5334420824588226 off 0.42567791281119616 __DUMMY__ 0.0408800047299811	false	1.0
schwinden	neg 1.0		neg 0.5422964531411782 off 0.41662233302341395 __DUMMY__ 0.04108121383540785	false	1.0
versklavung	neg 1.0		neg 0.5395715301378876 off 0.4199217337943266 __DUMMY__ 0.040506736067785834	false	1.0
schlecht	neg 1.0		neg 0.5280171673522469 off 0.43105907261569326 __DUMMY__ 0.04092376003205969	false	1.0
verhasst	neg 1.0		neg 0.5352155032532403 off 0.4238813192905588 __DUMMY__ 0.04090317745620082	false	1.0
beschweren	neg 1.0		neg 0.5333954648993685 off 0.42563446999852433 __DUMMY__ 0.040970065102107094	false	1.0
scheiden	neg 1.0		neg 0.5302553342533273 off 0.4282494751265649 __DUMMY__ 0.04149519062010786	false	1.0
frustriert	neg 1.0		neg 0.5366466022065554 off 0.4222852027153008 __DUMMY__ 0.04106819507814376	false	1.0
schimmelig	neg 1.0		neg 0.5397022458758493 off 0.41917780390785714 __DUMMY__ 0.04111995021629356	false	1.0
fisch	neg 1.0		neg 0.5379539289939839 off 0.4205785312170814 __DUMMY__ 0.04146753978893461	false	1.0
schmuggel	neg 1.0		neg 0.539990386108325 off 0.4186992557245705 __DUMMY__ 0.04131035816710455	false	1.0
auffallen	neg 1.0		neg 0.5325847864619107 off 0.42646010377053944 __DUMMY__ 0.04095510976754986	false	1.0
konkurrenz	neg 1.0	neg 1.0	neg 0.7584701571717163 off 0.2218486826717413 __DUMMY__ 0.019681160156542348	false	1.0
teufelskreis	neg 1.0	neg 1.0	neg 0.7561517112700582 off 0.22435575499860458 __DUMMY__ 0.01949253373133718	false	1.0
aufschreien	neg 1.0		neg 0.5338845751871317 off 0.4252731746214523 __DUMMY__ 0.04084225019141585	false	1.0
schuldner	neg 1.0		neg 0.5422000296102027 off 0.4167372085883213 __DUMMY__ 0.0410627618014761	false	1.0
missgeburt	off 1.0	off 1.0	off 0.7005955283298563 neg 0.28016670305584235 __DUMMY__ 0.019237768614301445	false	1.0
arbeitslos	neg 1.0		neg 0.539687122061342 off 0.41942272831427385 __DUMMY__ 0.04089014962438434	false	1.0
befallen	neg 1.0		neg 0.5401358792004508 off 0.41905933337761925 __DUMMY__ 0.04080478742192982	false	1.0
miesepetrig	off 1.0	off 1.0	off 0.6993195977036617 neg 0.2811941238373904 __DUMMY__ 0.01948627845894783	false	1.0
alarmieren	neg 1.0		neg 0.534228493740606 off 0.42521662417137845 __DUMMY__ 0.04055488208801568	false	1.0
ungeduscht	off 1.0		neg 0.5305086170751806 off 0.42849680477364205 __DUMMY__ 0.04099457815117732	false	0.5
knappheit	neg 1.0		neg 0.5427514299256193 off 0.4164352912089718 __DUMMY__ 0.04081327886540873	false	1.0
schlange	neg 1.0		neg 0.5307280057603699 off 0.42802286460062583 __DUMMY__ 0.041249129639004234	false	1.0
harsch	neg 1.0		neg 0.5240410071540048 off 0.4351615751443086 __DUMMY__ 0.04079741770168668	false	1.0
lang	neg 1.0		neg 0.5355748752037957 off 0.42344103403226624 __DUMMY__ 0.04098409076393809	false	1.0
ziellos	neg 1.0		neg 0.5367363413367561 off 0.4220202235767148 __DUMMY__ 0.04124343508652905	false	1.0
selbstverliebt	neg 1.0		neg 0.5208217925489016 off 0.43902956800231635 __DUMMY__ 0.04014863944878207	false	1.0
beseitigen	neg 1.0	neg 1.0	neg 0.7549740207138569 off 0.2253838092193137 __DUMMY__ 0.019642170066829442	false	1.0
dumm	off 1.0		neg 0.5237537568843171 off 0.4357584415907101 __DUMMY__ 0.04048780152497281	false	0.5
arbeitsloser	neg 1.0		neg 0.5389448020359691 off 0.41996500114078067 __DUMMY__ 0.041090196823250234	false	1.0
blitzen	neg 1.0		neg 0.5331516196017022 off 0.42601453694042113 __DUMMY__ 0.04083384345787668	false	1.0
hilflos	neg 1.0		neg 0.5370784005509018 off 0.42183447665615603 __DUMMY__ 0.04108712279294202	false	1.0
eklig	off 1.0		neg 0.5231007188878919 off 0.43643486393254194 __DUMMY__ 0.04046441717956622	false	0.5
begriff			neg 0.5384695915417859 off 0.42063626075425464 __DUMMY__ 0.040894147703959514	false	0.0
hungersnot	neg 1.0		neg 0.5393629170195522 off 0.41972758789712766 __DUMMY__ 0.04090949508332016	false	1.0
ungesetzlich	neg 1.0		neg 0.5388914027260724 off 0.42068264854559123 __DUMMY__ 0.04042594872833647	false	1.0
verschwendung	neg 1.0		neg 0.540704630936357 off 0.41821347395392977 __DUMMY__ 0.04108189510971315	false	1.0
schmerzvoll	neg 1.0		neg 0.5332646505780781 off 0.4257461432593805 __DUMMY__ 0.04098920616254142	false	1.0
vorzeitig	neg 1.0		neg 0.5315895754926151 off 0.4274173294126522 __DUMMY__ 0.04099309509473263	false	1.0
unvollkommenheit	neg 1.0		neg 0.5363468406650695 off 0.42236904206833487 __DUMMY__ 0.041284117266595616	false	1.0
intervenieren	neg 1.0		neg 0.5439601313838704 off 0.41522872492258855 __DUMMY__ 0.0408111436935409	false	1.0
banause	off 1.0		neg 0.5223519205002928 off 0.43738816953323584 __DUMMY__ 0.040259909966471254	false	0.5
rebell	neg 1.0		neg 0.5448238600191245 off 0.41405084654725316 __DUMMY__ 0.041125293433622374	false	1.0
unlogisch	neg 1.0		neg 0.527210982233619 off 0.4321360049565695 __DUMMY__ 0.04065301280981169	false	1.0
leiden	neg 1.0		neg 0.5352597760623283 off 0.4230581229935355 __DUMMY__ 0.04168210094413621	false	1.0
abschaffung	neg 1.0		neg 0.5387656432480908 off 0.42058773389861903 __DUMMY__ 0.040646622853290175	false	1.0
sturz	neg 1.0		neg 0.5358337281750959 off 0.42314979728057783 __DUMMY__ 0.04101647454432639	false	1.0
verkleinerung	neg 1.0		neg 0.5375574655660937 off 0.42202445578289677 __DUMMY__ 0.04041807865100957	false	1.0
schmarotzer	off 1.0		neg 0.5403497659674629 off 0.4188091490489971 __DUMMY__ 0.040841084983540124	false	0.5
bestrafung	neg 1.0		neg 0.5346053414800815 off 0.42446962867169374 __DUMMY__ 0.040925029848224645	false	1.0
achtlos	neg 1.0		neg 0.5341285803434483 off 0.42469036718706743 __DUMMY__ 0.0411810524694842	false	1.0
ungeheuer	neg 1.0		neg 0.5300494473179597 off 0.4288226547782476 __DUMMY__ 0.04112789790379286	false	1.0
unaufrichtig	neg 1.0		neg 0.5363244776055005 off 0.4230313101785316 __DUMMY__ 0.040644212215968006	false	1.0
groggy	neg 1.0		neg 0.5345705556361138 off 0.4246673634655989 __DUMMY__ 0.0407620808982874	false	1.0
