unsolidarisch	neg 1.0		__DUMMY__ 0.870612938171753 neg 0.07524590953374684 off 0.05414115229450025	false	1.0
nachteilig	neg 1.0		__DUMMY__ 0.877419900687764 neg 0.07228347375858042 off 0.05029662555365563	false	1.0
skeptisch	neg 1.0		__DUMMY__ 0.8787102726865783 neg 0.07155255012081471 off 0.049737177192607056	false	1.0
schrecklich	neg 1.0		__DUMMY__ 0.8745836172539838 neg 0.06281668244508325 off 0.06259970030093295	false	1.0
schlapp	neg 1.0	neg 1.0	neg 0.5184344098039193 __DUMMY__ 0.4374198001519199 off 0.04414579004416072	false	1.0
abfall	neg 1.0		__DUMMY__ 0.880390867559249 neg 0.07232341340691878 off 0.047285719033832226	false	1.0
widerspenstig	neg 1.0		__DUMMY__ 0.8787646999179608 neg 0.06743465045319913 off 0.053800649628840125	false	1.0
abrupt	neg 1.0		__DUMMY__ 0.8837956007617753 neg 0.0664194334765223 off 0.04978496576170228	false	1.0
unwirksam	neg 1.0		__DUMMY__ 0.8723568343812438 neg 0.07390440039017447 off 0.053738765228581765	false	1.0
angreifen	neg 1.0	neg 1.0	neg 0.5242134685882053 __DUMMY__ 0.43783788828539444 off 0.03794864312640023	false	1.0
inkonsistent	neg 1.0		__DUMMY__ 0.8767730195343149 neg 0.06879572678543852 off 0.05443125368024659	false	1.0
abrutschen	neg 1.0		__DUMMY__ 0.8805624562766606 neg 0.07180907752668388 off 0.04762846619665554	false	1.0
unsicher	neg 1.0		__DUMMY__ 0.8789396595268231 neg 0.06687270946316587 off 0.05418763101001097	false	1.0
bauernkind	off 1.0	off 1.0	off 0.5170383546954942 __DUMMY__ 0.43096743081861666 neg 0.05199421448588917	false	1.0
angreifer	neg 1.0		__DUMMY__ 0.8789918141911583 neg 0.06578177419701076 off 0.05522641161183093	false	1.0
trennen	neg 1.0		__DUMMY__ 0.885140726310073 neg 0.06452271206570469 off 0.050336561624222356	false	1.0
schmutz	neg 1.0		__DUMMY__ 0.8807165019392145 neg 0.06420837434081302 off 0.05507512371997261	false	1.0
inkonsistenz	neg 1.0		__DUMMY__ 0.872869037110162 neg 0.06924332374029445 off 0.05788763914954357	false	1.0
erschreckend	neg 1.0		__DUMMY__ 0.8774616585458349 neg 0.06926671558698314 off 0.05327162586718208	false	1.0
ertrinken	neg 1.0		__DUMMY__ 0.8809110360167037 neg 0.06811979607189586 off 0.05096916791140031	false	1.0
pickelface	off 1.0		__DUMMY__ 0.8770785831306696 neg 0.07075428726823828 off 0.052167129601092085	false	0.5
seiner			__DUMMY__ 0.8810793983227095 neg 0.06882500206062624 off 0.050095599616664155	false	0.0
lauch	neg 1.0		__DUMMY__ 0.8777392411570879 neg 0.07485650390458008 off 0.04740425493833208	false	1.0
unwichtig	neg 1.0		__DUMMY__ 0.8749453504357676 neg 0.06664797696760497 off 0.05840667259662741	false	1.0
steuerhinterziehung	neg 1.0		__DUMMY__ 0.8740684699476888 neg 0.07335931441493304 off 0.052572215637378183	false	1.0
schock	neg 1.0		__DUMMY__ 0.8819461448711151 neg 0.06481604807988063 off 0.053237807049004285	false	1.0
beule	neg 1.0		__DUMMY__ 0.8773531854223262 neg 0.06426187991883925 off 0.0583849346588345	false	1.0
vergelten	neg 1.0		__DUMMY__ 0.8775925900119843 off 0.061415741667535585 neg 0.060991668320480155	false	0.5
verdorbenheit	neg 1.0		__DUMMY__ 0.8788507332921205 neg 0.06800684803845009 off 0.05314241866942936	false	1.0
trauma	neg 1.0		__DUMMY__ 0.8769719409580341 neg 0.06809542345129907 off 0.05493263559066678	false	1.0
sinnlos	neg 1.0		__DUMMY__ 0.8779593993903335 neg 0.06583377652523129 off 0.05620682408443516	false	1.0
fettsack	off 1.0	off 1.0	off 0.5183233255182919 __DUMMY__ 0.4324847457935475 neg 0.049191928688160746	false	1.0
feige	off 1.0	off 1.0	off 0.5148462681148714 __DUMMY__ 0.4336615584889198 neg 0.05149217339620878	false	1.0
abdanken	neg 1.0		__DUMMY__ 0.8751503839702174 neg 0.0713082315735224 off 0.053541384456260284	false	1.0
wichtigtuer	off 1.0	off 1.0	off 0.5127998820559451 __DUMMY__ 0.43548990513238994 neg 0.05171021281166506	false	1.0
misslingen	neg 1.0		__DUMMY__ 0.8838909681298611 neg 0.061502672361858406 off 0.05460635950828045	false	1.0
untreu	off 1.0		__DUMMY__ 0.8740616325851481 neg 0.06647578321175847 off 0.05946258420309339	false	0.5
missmutig	neg 1.0		__DUMMY__ 0.8770178320987133 neg 0.06464642173204423 off 0.05833574616924243	false	1.0
hurenbock	off 1.0		__DUMMY__ 0.8792198759351801 neg 0.06586507170499394 off 0.05491505235982598	false	0.5
betrunken	neg 1.0		__DUMMY__ 0.8777314922597367 neg 0.06174556667647579 off 0.06052294106378758	false	1.0
korrupt	off 1.0		__DUMMY__ 0.8727243536051367 neg 0.07514860179135464 off 0.05212704460350867	false	0.5
unmut	neg 1.0		__DUMMY__ 0.8795724492390333 neg 0.07287566473726252 off 0.04755188602370417	false	1.0
hackfresse	off 1.0		__DUMMY__ 0.8708890111235033 off 0.06562956546026857 neg 0.0634814234162282	false	1.0
aufblasen	neg 1.0		__DUMMY__ 0.8797162485745721 neg 0.06515480945443067 off 0.05512894197099713	false	1.0
gewaltsam	neg 1.0		__DUMMY__ 0.8777388921965039 neg 0.06905533534567472 off 0.053205772457821335	false	1.0
unbeliebtheit	neg 1.0		__DUMMY__ 0.8686452841711337 neg 0.07331007970077157 off 0.05804463612809461	false	1.0
sturheit	neg 1.0		__DUMMY__ 0.8770633038418104 neg 0.06956928237385905 off 0.05336741378433054	false	1.0
kuh	neg 1.0		__DUMMY__ 0.8744018383033503 neg 0.0716076308584704 off 0.05399053083817937	false	1.0
erschrecken	neg 1.0		__DUMMY__ 0.8775863074699088 neg 0.06467518064408785 off 0.057738511886003194	false	1.0
opfer	neg 1.0		__DUMMY__ 0.8798697851719786 neg 0.06896456900056698 off 0.051165645827454406	false	1.0
sinken	neg 1.0		__DUMMY__ 0.8816126491960053 neg 0.07048917890221698 off 0.04789817190177766	false	1.0
stinktier	neg 1.0		__DUMMY__ 0.8710164372717574 neg 0.06603658611983484 off 0.06294697660840785	false	1.0
tucke	off 1.0		__DUMMY__ 0.8662647945785479 neg 0.06784603727073835 off 0.06588916815071376	false	0.5
ein			__DUMMY__ 0.8805204802795611 neg 0.06500361405996735 off 0.0544759056604716	false	0.0
abstieg	neg 1.0		__DUMMY__ 0.8820910333965354 neg 0.06761596557230926 off 0.05029300103115531	false	1.0
missverstehen	neg 1.0		__DUMMY__ 0.8747081524655367 neg 0.06881052596053078 off 0.05648132157393259	false	1.0
ergebnislos	neg 1.0		__DUMMY__ 0.8792337525543426 neg 0.0705164493909495 off 0.05024979805470784	false	1.0
unter			__DUMMY__ 0.8885021507511969 neg 0.06801976418117649 off 0.04347808506762664	false	0.0
manipulieren	neg 1.0		__DUMMY__ 0.8792081252667532 neg 0.07092492715969693 off 0.049866947573549814	false	1.0
unbewiesen	neg 1.0		__DUMMY__ 0.8697544670003585 neg 0.07582152824459834 off 0.054424004755043165	false	1.0
verschleppen	neg 1.0		__DUMMY__ 0.8778778546832204 neg 0.07040171721612702 off 0.05172042810065257	false	1.0
weib	off 1.0		__DUMMY__ 0.870082755002745 off 0.06556967291685774 neg 0.06434757208039724	false	1.0
opposition	neg 1.0		__DUMMY__ 0.8741838099110633 neg 0.07045107567843646 off 0.055365114410500266	false	1.0
verkehrswidrig	neg 1.0	neg 1.0	neg 0.5112600334332231 __DUMMY__ 0.44228815867138954 off 0.046451807895387436	false	1.0
inkorrekt	neg 1.0		__DUMMY__ 0.8696635106282921 neg 0.06966173487982648 off 0.06067475449188136	false	1.0
vermeiden	neg 1.0		__DUMMY__ 0.8845385227256618 neg 0.07004129905484312 off 0.04542017821949507	false	1.0
abweichung	neg 1.0	neg 1.0	neg 0.5227197200305781 __DUMMY__ 0.4389303426542253 off 0.038349937315196515	false	1.0
alkoholisiert	neg 1.0		__DUMMY__ 0.8894021579349571 neg 0.061389675058956025 off 0.0492081670060868	false	1.0
scheiss	off 1.0	off 1.0	off 0.514463440483005 __DUMMY__ 0.43625554254517346 neg 0.04928101697182167	false	1.0
herausforderung	neg 1.0	neg 1.0	neg 0.5175460769351878 __DUMMY__ 0.4447398694178923 off 0.03771405364691998	false	1.0
pervers	off 1.0		__DUMMY__ 0.8692933446997474 off 0.068421438562856 neg 0.062285216737396634	false	1.0
wackelig	neg 1.0		__DUMMY__ 0.8844190123503128 neg 0.06397972304810254 off 0.051601264601584734	false	1.0
verwickeln	neg 1.0		__DUMMY__ 0.8752151654404726 neg 0.0683471580122827 off 0.056437676547244624	false	1.0
vorwand	neg 1.0		__DUMMY__ 0.8792547900451241 neg 0.07162419795741565 off 0.049121011997460266	false	1.0
muschi	off 1.0		__DUMMY__ 0.877662648619376 neg 0.06968840664372158 off 0.05264894473690244	false	0.5
entmutigung	neg 1.0		__DUMMY__ 0.8729954731971883 neg 0.07147712739228887 off 0.05552739941052292	false	1.0
unangemessen	neg 1.0		__DUMMY__ 0.8762763507434196 neg 0.07117322072782319 off 0.05255042852875714	false	1.0
unstetig	neg 1.0		__DUMMY__ 0.8773635967546376 neg 0.06819486737020158 off 0.05444153587516079	false	1.0
entmutigen	neg 1.0		__DUMMY__ 0.8783852249942138 neg 0.06629319747253123 off 0.055321577533254965	false	1.0
schwanz	neg 1.0		__DUMMY__ 0.8795433662284868 neg 0.07080239837006896 off 0.049654235401444265	false	1.0
verbot	neg 1.0		__DUMMY__ 0.8745757104519545 neg 0.07359090260218307 off 0.05183338694586241	false	1.0
leid	neg 1.0		__DUMMY__ 0.8736715606458219 off 0.0634961023575399 neg 0.06283233699663823	false	0.5
archaisch	neg 1.0		__DUMMY__ 0.8786646935144126 neg 0.06906878205871593 off 0.052266524426871484	false	1.0
gegen			__DUMMY__ 0.8816802380962672 neg 0.06966705049922961 off 0.048652711404503224	false	0.0
scheidung	neg 1.0		__DUMMY__ 0.8696738981322923 off 0.0717144844830744 neg 0.058611617384633184	false	0.5
einschlag	neg 1.0	neg 1.0	neg 0.5172493033743373 __DUMMY__ 0.43637011102651596 off 0.046380585599146686	false	1.0
m			__DUMMY__ 0.8803560649131587 neg 0.0677032197443311 off 0.05194071534251016	false	0.0
abgestanden	neg 1.0		__DUMMY__ 0.8780224328251297 neg 0.06805560539414945 off 0.053921961780720916	false	1.0
schmierig	off 1.0		__DUMMY__ 0.8739113610129081 off 0.06307434736940215 neg 0.06301429161768973	false	1.0
unpraktisch	neg 1.0		__DUMMY__ 0.8806563766549252 neg 0.06470309239604176 off 0.054640530949033	false	1.0
wixxer	off 1.0		__DUMMY__ 0.8681392452098311 off 0.0682055730336481 neg 0.06365518175652088	false	1.0
bezeichnet			__DUMMY__ 0.8767723904769028 neg 0.06943803896289173 off 0.05378957056020554	false	0.0
jammerlappen	off 1.0		__DUMMY__ 0.8751910997634285 neg 0.06627056857590573 off 0.05853833166066589	false	0.5
farce	neg 1.0		__DUMMY__ 0.873891779223929 neg 0.07360357802394131 off 0.05250464275212967	false	1.0
zwecklos	neg 1.0		__DUMMY__ 0.8771419375140594 neg 0.07037462306801409 off 0.052483439417926527	false	1.0
turbulent	neg 1.0		__DUMMY__ 0.8738651602087889 neg 0.06740803035896639 off 0.05872680943224479	false	1.0
invasion	neg 1.0		__DUMMY__ 0.8778113809618341 neg 0.0659635158419467 off 0.05622510319621916	false	1.0
schuld	neg 1.0		__DUMMY__ 0.8774022133183134 neg 0.06759654343092317 off 0.05500124325076343	false	1.0
risiko	neg 1.0		__DUMMY__ 0.8801463000723351 neg 0.06561502499111424 off 0.05423867493655073	false	1.0
finster	neg 1.0		__DUMMY__ 0.8795838203455412 neg 0.06603227412333602 off 0.05438390553112282	false	1.0
geisteskrank	off 1.0		__DUMMY__ 0.8726419885474781 neg 0.06722788097834827 off 0.060130130474173565	false	0.5
zusammenbrechen	neg 1.0		__DUMMY__ 0.8800535603523344 neg 0.06706631892299489 off 0.05288012072467066	false	1.0
ausbeute	neg 1.0		__DUMMY__ 0.8853843153365214 neg 0.06512633852052692 off 0.04948934614295162	false	1.0
hinterhalt	neg 1.0		__DUMMY__ 0.8812228962758284 neg 0.06670677014509734 off 0.052070333579074264	false	1.0
kritik	neg 1.0		__DUMMY__ 0.8744194916589654 neg 0.07319765111715101 off 0.05238285722388372	false	1.0
einschrumpfen	neg 1.0		__DUMMY__ 0.8717655434946402 neg 0.07153379431735729 off 0.05670066218800243	false	1.0
riskant	neg 1.0		__DUMMY__ 0.8777126056334112 neg 0.07134126743132277 off 0.050946126935266046	false	1.0
frustrieren	neg 1.0		__DUMMY__ 0.8790853444073535 neg 0.06982022624617587 off 0.05109442934647063	false	1.0
groll	neg 1.0		__DUMMY__ 0.8789309184052291 neg 0.06882221545573772 off 0.0522468661390332	false	1.0
gibt			__DUMMY__ 0.8788074048958178 neg 0.06856388213822077 off 0.05262871296596146	false	0.0
qualvoll	neg 1.0		__DUMMY__ 0.8789272661022359 neg 0.06409982422922939 off 0.05697290966853462	false	1.0
wackeln	neg 1.0	neg 1.0	neg 0.518378729846367 __DUMMY__ 0.4402585772207916 off 0.0413626929328415	false	1.0
klagen	neg 1.0		__DUMMY__ 0.8801629170587413 neg 0.07186408414495206 off 0.047972998796306725	false	1.0
bankrott	neg 1.0		__DUMMY__ 0.8768608722264342 neg 0.06578221506431767 off 0.057356912709248205	false	1.0
trauern	neg 1.0		__DUMMY__ 0.8820713627104768 neg 0.06699959833148833 off 0.05092903895803491	false	1.0
ablehnung	neg 1.0		__DUMMY__ 0.8741104967325785 neg 0.07342538542546133 off 0.052464117841960305	false	1.0
stur	neg 1.0		__DUMMY__ 0.8765889765135598 neg 0.06788955242840403 off 0.05552147105803618	false	1.0
aufruhr	neg 1.0		__DUMMY__ 0.8775302479968052 neg 0.0692648308613759 off 0.05320492114181876	false	1.0
melancholie	neg 1.0		__DUMMY__ 0.8814998345387003 neg 0.06701065857727508 off 0.05148950688402461	false	1.0
ist			__DUMMY__ 0.8776634574816892 neg 0.06665161762046472 off 0.0556849248978461	false	0.0
torheit	neg 1.0		__DUMMY__ 0.8750025357779784 neg 0.07007565956538399 off 0.05492180465663753	false	1.0
dreckskind	off 1.0		__DUMMY__ 0.8700543158917495 neg 0.0657069304818269 off 0.06423875362642369	false	0.5
umtauschen	neg 1.0		__DUMMY__ 0.8796655078642284 neg 0.06714047397879763 off 0.053194018156974054	false	1.0
zum			__DUMMY__ 0.8903113880512274 neg 0.06416556685884692 off 0.04552304508992572	false	0.0
zersetzen	neg 1.0		__DUMMY__ 0.8773549202996935 neg 0.0729207929547199 off 0.049724286745586564	false	1.0
zur			__DUMMY__ 0.8843929108710085 neg 0.0704980274815699 off 0.04510906164742155	false	0.0
frust	neg 1.0		__DUMMY__ 0.8800847511544919 neg 0.06712252749427078 off 0.05279272135123732	false	1.0
unerbittlichkeit	neg 1.0		__DUMMY__ 0.8782684145299249 neg 0.07188713015087662 off 0.04984445531919851	false	1.0
zwei			__DUMMY__ 0.8875912717322593 neg 0.06497404388671829 off 0.04743468438102253	false	0.0
unkorrekt	neg 1.0		__DUMMY__ 0.8707632348094168 neg 0.0681422370708203 off 0.06109452811976295	false	1.0
hexe	off 1.0		__DUMMY__ 0.8759556501217785 neg 0.06526229353300833 off 0.05878205634521321	false	0.5
lasch	neg 1.0		__DUMMY__ 0.8739649525486433 neg 0.06849094066670454 off 0.05754410678465212	false	1.0
rivale	neg 1.0		__DUMMY__ 0.8764936248686258 neg 0.06272562634877141 off 0.06078074878260278	false	1.0
mutlos	off 1.0	off 1.0	off 0.5086855113854428 __DUMMY__ 0.4362711135263148 neg 0.055043375088242495	false	1.0
wirr	off 1.0		__DUMMY__ 0.8711787364039426 neg 0.06758988760682297 off 0.06123137598923442	false	0.5
jahr			__DUMMY__ 0.8873983017741155 neg 0.06361741388084798 off 0.04898428434503655	false	0.0
wird			__DUMMY__ 0.8803182118232815 neg 0.06837884695434798 off 0.05130294122237054	false	0.0
strafbar	neg 1.0		__DUMMY__ 0.8772117435350125 neg 0.07167642943468419 off 0.0511118270303033	false	1.0
erosion	neg 1.0		__DUMMY__ 0.8795037682168233 neg 0.06603932760042791 off 0.054456904182748754	false	1.0
eingehen	neg 1.0		__DUMMY__ 0.8768060177458192 neg 0.07129374946602642 off 0.05190023278815437	false	1.0
faul	off 1.0		__DUMMY__ 0.8776840043635716 neg 0.06484791765950862 off 0.0574680779769197	false	0.5
provisorium	neg 1.0		__DUMMY__ 0.8858578835987813 neg 0.07105573617759371 off 0.043086380223625	false	1.0
schmerzen	neg 1.0		__DUMMY__ 0.8791668499263958 neg 0.06728828920660987 off 0.0535448608669944	false	1.0
schrumpfen	neg 1.0		__DUMMY__ 0.8816325690560475 neg 0.07282617503965265 off 0.04554125590429982	false	1.0
geistlos	off 1.0		__DUMMY__ 0.8708791686972605 neg 0.07248118101814569 off 0.056639650284593876	false	0.5
fehlkauf	neg 1.0		__DUMMY__ 0.8758749094030192 neg 0.06852915691128286 off 0.0555959336856981	false	1.0
frustrierend	neg 1.0		__DUMMY__ 0.8783648361094227 neg 0.06396425229494991 off 0.057670911595627386	false	1.0
unzufrieden	neg 1.0		__DUMMY__ 0.877275556755704 neg 0.07033767527616432 off 0.052386767968131714	false	1.0
verzweifeln	neg 1.0		__DUMMY__ 0.8788090255496785 neg 0.06743100206907127 off 0.05375997238125018	false	1.0
verzweifelt	neg 1.0		__DUMMY__ 0.8764698768290937 neg 0.06797996449105231 off 0.05555015867985397	false	1.0
misstrauensantrag	neg 1.0		__DUMMY__ 0.8748278326932601 neg 0.06925653518770286 off 0.05591563211903701	false	1.0
abfallen	neg 1.0		__DUMMY__ 0.881228790995216 neg 0.06385675580814304 off 0.05491445319664098	false	1.0
fucker	off 1.0		__DUMMY__ 0.8728826213930063 neg 0.06659834167592084 off 0.060519036931072766	false	0.5
ungezogen	neg 1.0		__DUMMY__ 0.8718833236141318 off 0.06687225156166764 neg 0.06124442482420066	false	0.5
irrsinnig	neg 1.0	neg 1.0	neg 0.5219985595959172 __DUMMY__ 0.4361339715150436 off 0.04186746888903911	false	1.0
unfassbar	neg 1.0		__DUMMY__ 0.8754723486448109 neg 0.0653668453753365 off 0.059160805979852474	false	1.0
hart	neg 1.0		__DUMMY__ 0.8750399817432392 neg 0.06808516023014721 off 0.05687485802661359	false	1.0
widerlich	off 1.0		__DUMMY__ 0.8726862338766526 neg 0.06732510690140882 off 0.059988659221938676	false	0.5
fatal	neg 1.0		__DUMMY__ 0.8759322978383738 neg 0.06814531180188146 off 0.05592239035974476	false	1.0
bruch	neg 1.0		__DUMMY__ 0.8790901770732893 neg 0.07274866825724732 off 0.048161154669463385	false	1.0
aushungern	neg 1.0		__DUMMY__ 0.874847273625812 neg 0.0717834441004152 off 0.05336928227377285	false	1.0
anspannung	neg 1.0	neg 1.0	neg 0.5191944058738168 __DUMMY__ 0.4460186177328254 off 0.03478697639335782	false	1.0
von			__DUMMY__ 0.8861404131694338 neg 0.06548391474713941 off 0.04837567208342673	false	0.0
kraftlos	neg 1.0		__DUMMY__ 0.8821882894488531 neg 0.06567480973012865 off 0.0521369008210182	false	1.0
vom			__DUMMY__ 0.8898338244957809 neg 0.06654918601866042 off 0.043616989485558706	false	0.0
grenzdebil	off 1.0		__DUMMY__ 0.875259330004736 neg 0.06475137959038693 off 0.059989290404877	false	0.5
vor			__DUMMY__ 0.8816445386889297 neg 0.06928181197442758 off 0.04907364933664267	false	0.0
unterwerfen	neg 1.0		__DUMMY__ 0.8796092251265057 neg 0.0694946483252868 off 0.05089612654820744	false	1.0
versenkung	neg 1.0		__DUMMY__ 0.8788722304810282 neg 0.07042291262131889 off 0.05070485689765294	false	1.0
entziehen	neg 1.0		__DUMMY__ 0.8800414165587899 neg 0.07141548349631781 off 0.04854309994489239	false	1.0
finanzkrise	neg 1.0		__DUMMY__ 0.8729850076680891 neg 0.07392251861493587 off 0.05309247371697509	false	1.0
schimpfend	neg 1.0		__DUMMY__ 0.8825703714645048 neg 0.06284957358382548 off 0.054580054951669774	false	1.0
profan	neg 1.0		__DUMMY__ 0.8764925398132283 neg 0.06687834514757586 off 0.056629115039195786	false	1.0
korruption	neg 1.0	neg 1.0	neg 0.5260042480723169 __DUMMY__ 0.4347900387204165 off 0.03920571320726656	false	1.0
â			__DUMMY__ 0.8799619214724018 neg 0.06906773576184068 off 0.05097034276575742	false	0.0
schmutzig	neg 1.0		__DUMMY__ 0.8759852818939476 neg 0.06458013260002715 off 0.059434585506025116	false	1.0
sexy	neg 1.0		__DUMMY__ 0.8764327902945916 neg 0.06636037556908517 off 0.05720683413632314	false	1.0
abraten	neg 1.0		__DUMMY__ 0.8771473485298394 neg 0.06718391160761972 off 0.05566873986254093	false	1.0
schwarz	neg 1.0		__DUMMY__ 0.8763504249153673 neg 0.06828216577609159 off 0.05536740930854105	false	1.0
fotze	off 1.0		__DUMMY__ 0.8780699192284156 neg 0.07124446101519458 off 0.05068561975638991	false	0.5
verwirren	neg 1.0		__DUMMY__ 0.876701119769283 neg 0.06640629675205674 off 0.05689258347866022	false	1.0
zahnlos	off 1.0		__DUMMY__ 0.8767624643559759 neg 0.07083001626886826 off 0.05240751937515569	false	0.5
verheeren	neg 1.0		__DUMMY__ 0.8711681156910007 off 0.0678660126964875 neg 0.06096587161251181	false	0.5
hippie	neg 1.0		__DUMMY__ 0.8757883536361655 neg 0.06739468326390435 off 0.05681696309993017	false	1.0
rammen	neg 1.0		__DUMMY__ 0.8758747719119445 neg 0.06989120750372696 off 0.054234020584328586	false	1.0
unlauter	neg 1.0		__DUMMY__ 0.8722211239178026 neg 0.07324110837136928 off 0.05453776771082812	false	1.0
unheilvoll	neg 1.0		__DUMMY__ 0.8803389731984912 neg 0.06379240202730585 off 0.05586862477420286	false	1.0
niedrig	neg 1.0		__DUMMY__ 0.8793954260865936 neg 0.07089301930951991 off 0.049711554603886404	false	1.0
explosion	neg 1.0		__DUMMY__ 0.8757382929849401 neg 0.06803604049815927 off 0.05622566651690064	false	1.0
weichei	off 1.0		__DUMMY__ 0.8708894697504178 neg 0.06490191129283626 off 0.06420861895674598	false	0.5
minusmensch	off 1.0		__DUMMY__ 0.8641122645933446 neg 0.0679721257526549 off 0.06791560965400059	false	0.5
farblos	neg 1.0		__DUMMY__ 0.8839463952434873 neg 0.06346187209115758 off 0.052591732665355106	false	1.0
unwissend	neg 1.0	neg 1.0	neg 0.5201432196279469 __DUMMY__ 0.43516734771952015 off 0.044689432652532966	false	1.0
traurig	neg 1.0		__DUMMY__ 0.8754054804186056 neg 0.06289890075499212 off 0.06169561882640236	false	1.0
senkung	neg 1.0		__DUMMY__ 0.8735355383133033 neg 0.070089008189028 off 0.056375453497668614	false	1.0
ungleich	neg 1.0	neg 1.0	neg 0.525187807329101 __DUMMY__ 0.43645964684570937 off 0.03835254582518959	false	1.0
heikel	neg 1.0		__DUMMY__ 0.878032343966939 neg 0.07210804886389943 off 0.04985960716916163	false	1.0
drosselung	neg 1.0		__DUMMY__ 0.8755607019433225 neg 0.06509432851768343 off 0.059344969538994034	false	1.0
falsch	neg 1.0		__DUMMY__ 0.8763899074220196 neg 0.0657721543116016 off 0.057837938266378716	false	1.0
unzufriedenheit	neg 1.0		__DUMMY__ 0.8790842856863629 neg 0.07147691667907195 off 0.049438797634565275	false	1.0
kurz	neg 1.0		__DUMMY__ 0.8825581266653001 neg 0.0649700163670741 off 0.05247185696762581	false	1.0
unsinnig	neg 1.0		__DUMMY__ 0.87561269047565 neg 0.07158267159654906 off 0.05280463792780096	false	1.0
penner	off 1.0	off 1.0	off 0.5201768248346934 __DUMMY__ 0.4319958999427727 neg 0.04782727522253376	false	1.0
seicht	neg 1.0		__DUMMY__ 0.8679146956562203 off 0.06702479159775382 neg 0.06506051274602596	false	0.5
dummheit	off 1.0	off 1.0	off 0.5130132445836758 __DUMMY__ 0.4346116441948146 neg 0.052375111221509625	false	1.0
unerfreulich	neg 1.0		__DUMMY__ 0.8804987813428916 neg 0.07060026785931603 off 0.048900950797792324	false	1.0
motherfucker	off 1.0	off 1.0	off 0.515945967839115 __DUMMY__ 0.4329408694893421 neg 0.051113162671542964	false	1.0
pikiert	neg 1.0		__DUMMY__ 0.8726507781136318 neg 0.06833514393721282 off 0.05901407794915534	false	1.0
wrack	neg 1.0		__DUMMY__ 0.8845043255858932 neg 0.06536482442038427 off 0.05013084999372249	false	1.0
gangster	neg 1.0		__DUMMY__ 0.8766571683990756 neg 0.06692466496441951 off 0.05641816663650495	false	1.0
krank	neg 1.0		__DUMMY__ 0.8773744121883935 neg 0.06261795605118717 off 0.06000763176041921	false	1.0
reich	neg 1.0		__DUMMY__ 0.8747037316206291 neg 0.0675549545151445 off 0.05774131386422646	false	1.0
gnadenlos	neg 1.0		__DUMMY__ 0.8777062033507407 neg 0.06727773171727343 off 0.055016064931985936	false	1.0
niedergeschlagen	neg 1.0		__DUMMY__ 0.8805954227132439 neg 0.06658255033591562 off 0.0528220269508404	false	1.0
terrorisieren	off 1.0	off 1.0	off 0.5089225672848342 __DUMMY__ 0.4382409208064887 neg 0.05283651190867712	false	1.0
sinnlosigkeit	neg 1.0		__DUMMY__ 0.8780676734312368 neg 0.06945885460859876 off 0.05247347196016446	false	1.0
behindern	neg 1.0		__DUMMY__ 0.8768287616080779 neg 0.0699408807825566 off 0.053230357609365564	false	1.0
undemokratisch	neg 1.0		__DUMMY__ 0.873121675226734 neg 0.07185245968153993 off 0.0550258650917261	false	1.0
wirtschaftskrise	neg 1.0		__DUMMY__ 0.8760401909054747 neg 0.07277492600091788 off 0.05118488309360753	false	1.0
neid	neg 1.0		__DUMMY__ 0.8806543072706302 neg 0.061108827387128556 off 0.05823686534224127	false	1.0
rutschen	neg 1.0	neg 1.0	neg 0.5187580736360977 __DUMMY__ 0.44534441586026036 off 0.03589751050364199	false	1.0
rezession	neg 1.0		__DUMMY__ 0.8680562987071393 neg 0.06947705459710461 off 0.062466646695756106	false	1.0
fehlgeburt	neg 1.0		__DUMMY__ 0.879710034228087 neg 0.06463608523079532 off 0.05565388054111758	false	1.0
charakterschwach	off 1.0		__DUMMY__ 0.8740897167863056 neg 0.06615432755095038 off 0.05975595566274398	false	0.5
isolation	neg 1.0		__DUMMY__ 0.8782682737407657 neg 0.06418358738474546 off 0.05754813887448888	false	1.0
ablenkung	neg 1.0		__DUMMY__ 0.878742541252007 neg 0.06690263190541114 off 0.054354826842581874	false	1.0
pech	neg 1.0		__DUMMY__ 0.8780907992489763 neg 0.06477465090208356 off 0.05713454984894022	false	1.0
vermeidung	neg 1.0		__DUMMY__ 0.8729598246591943 neg 0.06737035292397839 off 0.05966982241682726	false	1.0
dominieren	neg 1.0		__DUMMY__ 0.8833732885481586 neg 0.06563038845361001 off 0.05099632299823154	false	1.0
schwindlig	neg 1.0		__DUMMY__ 0.8810857829643625 neg 0.06306309795559827 off 0.05585111908003928	false	1.0
lutscher	neg 1.0	neg 1.0	neg 0.5183623465180325 __DUMMY__ 0.43052057824098555 off 0.05111707524098184	false	1.0
pflicht	neg 1.0		__DUMMY__ 0.8789374359449557 neg 0.07116892500360113 off 0.04989363905144319	false	1.0
faschist	off 1.0		__DUMMY__ 0.872750511447485 neg 0.0702811665717607 off 0.05696832198075437	false	0.5
verschleudern	neg 1.0		__DUMMY__ 0.8738011045892785 neg 0.07569660995358521 off 0.050502285457136364	false	1.0
wenn			__DUMMY__ 0.8764336069622748 neg 0.06550224607694591 off 0.05806414696077931	false	0.0
ehebruch	neg 1.0		__DUMMY__ 0.8774745783761502 neg 0.07110485462031345 off 0.05142056700353637	false	1.0
spott	off 1.0		__DUMMY__ 0.8767275427070079 neg 0.07228912074176118 off 0.05098333655123086	false	0.5
trostlosigkeit	neg 1.0		__DUMMY__ 0.8800623550022458 neg 0.07130232891532229 off 0.04863531608243191	false	1.0
lutschen	neg 1.0		__DUMMY__ 0.874315052896694 neg 0.06942638683882438 off 0.05625856026448177	false	1.0
undiszipliniert	neg 1.0		__DUMMY__ 0.8752075729163112 neg 0.06393611007159178 off 0.06085631701209703	false	1.0
kopfschmerz	neg 1.0		__DUMMY__ 0.8812581970733557 neg 0.06643713734995439 off 0.05230466557668991	false	1.0
unvorhergesehen	neg 1.0		__DUMMY__ 0.885289884028219 neg 0.0643651153829736 off 0.05034500058880746	false	1.0
desinteressiert	neg 1.0		__DUMMY__ 0.8736419929165892 neg 0.06552422625447271 off 0.060833780828938255	false	1.0
armselig	off 1.0		__DUMMY__ 0.8710586054751541 neg 0.06713731727963823 off 0.0618040772452077	false	0.5
desaster	neg 1.0		__DUMMY__ 0.879056645364993 neg 0.07321967939519801 off 0.04772367523980901	false	1.0
tod	neg 1.0		__DUMMY__ 0.8806026985159062 neg 0.06852375845726488 off 0.05087354302682893	false	1.0
herzlos	neg 1.0		__DUMMY__ 0.8727560365095502 neg 0.06510164226985811 off 0.062142321220591636	false	1.0
unwissenheit	neg 1.0		__DUMMY__ 0.8755094317794413 neg 0.07221056497514337 off 0.052280003245415374	false	1.0
widersinnig	neg 1.0	neg 1.0	neg 0.5258389905270294 __DUMMY__ 0.43415038514320975 off 0.04001062432976077	false	1.0
bedenklich	neg 1.0		__DUMMY__ 0.8774247995663976 neg 0.07139848974672364 off 0.05117671068687867	false	1.0
beanstanden	neg 1.0		__DUMMY__ 0.8795043148254853 neg 0.07122153121581103 off 0.049274153958703666	false	1.0
panisch	neg 1.0	neg 1.0	neg 0.5162075741413932 __DUMMY__ 0.4411035581960893 off 0.04268886766251744	false	1.0
debil	off 1.0		__DUMMY__ 0.8826532749757288 neg 0.07286083407292025 off 0.044485890951351074	false	0.5
abstrich	neg 1.0		__DUMMY__ 0.8786416538870913 neg 0.07094203967057604 off 0.05041630644233272	false	1.0
primitiv	neg 1.0		__DUMMY__ 0.8727127345984189 neg 0.06689151556125314 off 0.06039574984032785	false	1.0
abschaum	off 1.0	off 1.0	off 0.5145286109890808 __DUMMY__ 0.4346196329908362 neg 0.05085175602008294	false	1.0
provozieren	neg 1.0		__DUMMY__ 0.8763674060950155 neg 0.06878080995582812 off 0.05485178394915637	false	1.0
tot	neg 1.0		__DUMMY__ 0.8804616241268207 neg 0.06929501560809745 off 0.05024336026508187	false	1.0
instabil	neg 1.0		__DUMMY__ 0.8706152964745039 neg 0.06928901371922493 off 0.06009568980627118	false	1.0
schwuchtel	off 1.0		__DUMMY__ 0.8646889453372115 off 0.07170346538399261 neg 0.06360758927879596	false	1.0
zerren	neg 1.0		__DUMMY__ 0.8807707217371519 neg 0.06617660914276188 off 0.05305266912008629	false	1.0
kinderficker	off 1.0		__DUMMY__ 0.8698107007242999 neg 0.06614599609361353 off 0.06404330318208663	false	0.5
gefahr	neg 1.0		__DUMMY__ 0.8793699752087526 neg 0.07110485871989665 off 0.04952516607135077	false	1.0
rabiat	neg 1.0		__DUMMY__ 0.8761311959231526 neg 0.06963307337554922 off 0.05423573070129823	false	1.0
verlangsamung	neg 1.0		__DUMMY__ 0.8689397266021109 neg 0.06554909874316825 off 0.06551117465472084	false	1.0
ausgestorben	neg 1.0		__DUMMY__ 0.8799100186916479 neg 0.06648403551238442 off 0.05360594579596775	false	1.0
anklagen	neg 1.0		__DUMMY__ 0.8763130898680722 neg 0.07101368191716023 off 0.0526732282147675	false	1.0
trott	neg 1.0		__DUMMY__ 0.8789433611048938 neg 0.06760664674441094 off 0.05344999215069523	false	1.0
verminderung	neg 1.0		__DUMMY__ 0.873811712028696 neg 0.06581918979739226 off 0.060369098173911805	false	1.0
nach			__DUMMY__ 0.8889130267387328 neg 0.06516855363565625 off 0.04591841962561092	false	0.0
rost	neg 1.0		__DUMMY__ 0.8718595419157849 off 0.06419477190551336 neg 0.06394568617870179	false	0.5
destruktiv	neg 1.0		__DUMMY__ 0.8747606426882969 neg 0.0713460886329787 off 0.05389326867872435	false	1.0
unzumutbarkeit	neg 1.0		__DUMMY__ 0.8772827373522177 neg 0.06457161062059788 off 0.05814565202718433	false	1.0
labil	off 1.0	off 1.0	off 0.51446962685092 __DUMMY__ 0.43441884194866454 neg 0.0511115312004154	false	1.0
ziemlich	neg 1.0		__DUMMY__ 0.8769864395636799 neg 0.06353766447941303 off 0.059475895956907034	false	1.0
lachnummer	off 1.0		__DUMMY__ 0.8768016672747249 neg 0.0689816996255886 off 0.05421663309968663	false	0.5
oder			__DUMMY__ 0.8803328218503566 neg 0.06549714559884483 off 0.054170032550798546	false	0.0
verfall	neg 1.0		__DUMMY__ 0.8802385127450584 neg 0.07425772804637643 off 0.045503759208565135	false	1.0
ausgrenzung	neg 1.0		__DUMMY__ 0.8720678844943751 neg 0.07230491334548822 off 0.05562720216013671	false	1.0
unordnung	neg 1.0		__DUMMY__ 0.876760303049605 neg 0.0644740085553736 off 0.05876568839502138	false	1.0
fehlverhalten	neg 1.0		__DUMMY__ 0.8776650476617802 neg 0.07218670860744758 off 0.05014824373077212	false	1.0
eine			__DUMMY__ 0.880573263968882 neg 0.07010975081632065 off 0.0493169852147973	false	0.0
nille	neg 1.0		__DUMMY__ 0.8779105260403255 neg 0.0689631135722318 off 0.05312636038744279	false	1.0
qual	neg 1.0		__DUMMY__ 0.8784720472759434 neg 0.06822213916549456 off 0.05330581355856208	false	1.0
verschwenden	neg 1.0		__DUMMY__ 0.8775923737888327 neg 0.07094930907816145 off 0.05145831713300589	false	1.0
riesig	neg 1.0	neg 1.0	neg 0.5212011209823655 __DUMMY__ 0.44023892921163343 off 0.038559949806001095	false	1.0
verurteilen	neg 1.0		__DUMMY__ 0.876468146539212 neg 0.07118610621858418 off 0.0523457472422039	false	1.0
klischee	neg 1.0	neg 1.0	neg 0.5221339087218215 __DUMMY__ 0.4342194879735316 off 0.043646603304646925	false	1.0
diktatorisch	neg 1.0		__DUMMY__ 0.8710930231746298 neg 0.07335524466198162 off 0.055551732163388476	false	1.0
vorhersehbar	neg 1.0	neg 1.0	neg 0.5215562585236647 __DUMMY__ 0.4352159324995346 off 0.0432278089768005	false	1.0
sowie			__DUMMY__ 0.8700084735207919 neg 0.0661540168512661 off 0.063837509627942	false	0.0
stornieren	neg 1.0		__DUMMY__ 0.8841801780770733 neg 0.06126794986330605 off 0.05455187205962067	false	1.0
besteuerung	neg 1.0		__DUMMY__ 0.8732756198299056 neg 0.07229507713638376 off 0.05442930303371067	false	1.0
ungeschminkt	neg 1.0		__DUMMY__ 0.8734119505590641 neg 0.06723956571201757 off 0.059348483728918405	false	1.0
kritisch	neg 1.0		__DUMMY__ 0.8780701710814734 neg 0.07084190942829553 off 0.05108791949023107	false	1.0
schlamperei	off 1.0		__DUMMY__ 0.8766862481848163 neg 0.0732373918545746 off 0.05007635996060911	false	0.5
sucht	neg 1.0	neg 1.0	neg 0.5208828344997332 __DUMMY__ 0.43853874031736473 off 0.04057842518290214	false	1.0
egoistisch	off 1.0		__DUMMY__ 0.872721244936677 off 0.0643444692353421 neg 0.06293428582798082	false	1.0
ausbeuter	off 1.0		__DUMMY__ 0.8759318842582793 neg 0.07406461061750891 off 0.05000350512421175	false	0.5
arschgeburt	off 1.0		__DUMMY__ 0.8640284388106175 off 0.07198314787294206 neg 0.06398841331644044	false	1.0
schubs	neg 1.0	neg 1.0	neg 0.519741894078051 __DUMMY__ 0.4411282479396162 off 0.039129857982332844	false	1.0
unsolide	neg 1.0		__DUMMY__ 0.8679123342906002 neg 0.07619124418696042 off 0.05589642152243942	false	1.0
beschwerde	neg 1.0		__DUMMY__ 0.8761962305675809 neg 0.07365041051635761 off 0.05015335891606149	false	1.0
stocken	neg 1.0		__DUMMY__ 0.8775694932197783 neg 0.07174879141325313 off 0.05068171536696862	false	1.0
isolieren	neg 1.0		__DUMMY__ 0.8771711988424775 neg 0.07111378797069014 off 0.0517150131868324	false	1.0
unheilbar	neg 1.0		__DUMMY__ 0.8796048300657547 neg 0.06572338220983306 off 0.05467178772441221	false	1.0
pisser	off 1.0		__DUMMY__ 0.8728752190108389 neg 0.06658401601739018 off 0.060540764971770814	false	0.5
löschen	neg 1.0		__DUMMY__ 0.8778464819890343 neg 0.06822232166824638 off 0.05393119634271928	false	1.0
durchfallen	neg 1.0		__DUMMY__ 0.8762107116552076 neg 0.07159980273836945 off 0.05218948560642297	false	1.0
wichser	off 1.0		__DUMMY__ 0.86985825395242 off 0.06860053189619046 neg 0.06154121415138949	false	1.0
terror	neg 1.0		__DUMMY__ 0.8780259889853719 neg 0.06569987280983555 off 0.056274138204792566	false	1.0
krass	neg 1.0		__DUMMY__ 0.8728356720536128 neg 0.06489339626499716 off 0.06227093168139	false	1.0
revolte	neg 1.0	neg 1.0	neg 0.5234187379941957 __DUMMY__ 0.43403512538524164 off 0.042546136620562724	false	1.0
besorgt	neg 1.0		__DUMMY__ 0.8827109891248628 neg 0.06507906447173491 off 0.05220994640340236	false	1.0
nachlassen	neg 1.0		__DUMMY__ 0.8800112346591199 neg 0.06986283015903685 off 0.05012593518184313	false	1.0
alt	neg 1.0		__DUMMY__ 0.8802285694439248 neg 0.0690650520313969 off 0.05070637852467829	false	1.0
hundesohn	off 1.0		__DUMMY__ 0.8672044255064985 off 0.06747489462699588 neg 0.06532067986650558	false	1.0
als			__DUMMY__ 0.8810511238371472 neg 0.06650008165184372 off 0.052448794511009	false	0.0
abschreckung	neg 1.0		__DUMMY__ 0.8791686040534631 neg 0.07202693083677751 off 0.048804465109759394	false	1.0
unqualifiziert	neg 1.0		__DUMMY__ 0.8724491484069552 neg 0.07021255805852995 off 0.05733829353451491	false	1.0
abgewichst	off 1.0		__DUMMY__ 0.8791508334957168 neg 0.06838453464150482 off 0.05246463186277845	false	0.5
schwer	neg 1.0		__DUMMY__ 0.878706591996303 neg 0.06722196485109037 off 0.05407144315260664	false	1.0
bedeutungslosigkeit	neg 1.0		__DUMMY__ 0.8787876901180687 neg 0.07157455474062091 off 0.04963775514131042	false	1.0
kapitulation	neg 1.0		__DUMMY__ 0.8741018533188174 neg 0.07502472446377957 off 0.050873422217403125	false	1.0
unscharf	neg 1.0		__DUMMY__ 0.8769649169519246 neg 0.06732601157750258 off 0.05570907147057294	false	1.0
schwinden	neg 1.0		__DUMMY__ 0.8795234668385001 neg 0.07105033607615512 off 0.04942619708534474	false	1.0
versklavung	neg 1.0		__DUMMY__ 0.8712283733490978 neg 0.07366894008047553 off 0.05510268657042672	false	1.0
schlecht	neg 1.0		__DUMMY__ 0.8770662452507518 neg 0.06330731583228437 off 0.05962643891696378	false	1.0
verhasst	neg 1.0		__DUMMY__ 0.8767939965240699 neg 0.06799503935722225 off 0.05521096411870784	false	1.0
beschweren	neg 1.0		__DUMMY__ 0.8776172828015344 neg 0.0665075181875763 off 0.05587519901088939	false	1.0
scheiden	neg 1.0		__DUMMY__ 0.8860637053004667 neg 0.05989037496270203 off 0.05404591973683121	false	1.0
frustriert	neg 1.0		__DUMMY__ 0.8789788160059987 neg 0.06784750321490328 off 0.05317368077909798	false	1.0
schimmelig	neg 1.0		__DUMMY__ 0.8806410278175496 neg 0.06942387212648995 off 0.04993510005596044	false	1.0
fisch	neg 1.0		__DUMMY__ 0.886044172347134 neg 0.06517415324282942 off 0.048781674410036516	false	1.0
schmuggel	neg 1.0		__DUMMY__ 0.883011624870489 neg 0.06762523179358597 off 0.049363143335925085	false	1.0
auffallen	neg 1.0		__DUMMY__ 0.8774464623036955 neg 0.06612493360849162 off 0.05642860408781292	false	1.0
konkurrenz	neg 1.0	neg 1.0	neg 0.5226527304277049 __DUMMY__ 0.4404584159025014 off 0.036888853669793685	false	1.0
teufelskreis	neg 1.0	neg 1.0	neg 0.5228174756297459 __DUMMY__ 0.43651541972583113 off 0.04066710464442309	false	1.0
aufschreien	neg 1.0		__DUMMY__ 0.875884421428879 neg 0.06775341431656072 off 0.05636216425456026	false	1.0
schuldner	neg 1.0		__DUMMY__ 0.8794687148338012 neg 0.07089427258257473 off 0.04963701258362407	false	1.0
missgeburt	off 1.0	off 1.0	off 0.518433633288751 __DUMMY__ 0.43177692891889635 neg 0.04978943779235273	false	1.0
arbeitslos	neg 1.0		__DUMMY__ 0.8763950089971995 neg 0.07112735152886172 off 0.05247763947393877	false	1.0
befallen	neg 1.0		__DUMMY__ 0.8756835931316993 neg 0.0717444224401515 off 0.05257198442814907	false	1.0
miesepetrig	off 1.0	off 1.0	off 0.5149159904944779 __DUMMY__ 0.4366811192205262 neg 0.04840289028499595	false	1.0
alarmieren	neg 1.0		__DUMMY__ 0.8719231258299305 neg 0.06977104034684223 off 0.05830583382322736	false	1.0
ungeduscht	off 1.0		__DUMMY__ 0.8786020166323887 neg 0.06453909808444341 off 0.05685888528316802	false	0.5
knappheit	neg 1.0		__DUMMY__ 0.875805592607666 neg 0.07343550585618216 off 0.05075890153615178	false	1.0
schlange	neg 1.0		__DUMMY__ 0.8817610919505143 neg 0.06260899957385495 off 0.055629908475630666	false	1.0
harsch	neg 1.0		__DUMMY__ 0.8754019116544217 off 0.06300213351731894 neg 0.061595954828259344	false	0.5
lang	neg 1.0		__DUMMY__ 0.8778765603669783 neg 0.06780055538269401 off 0.05432288425032775	false	1.0
ziellos	neg 1.0		__DUMMY__ 0.8815189721357664 neg 0.06658371545203198 off 0.05189731241220169	false	1.0
selbstverliebt	neg 1.0		__DUMMY__ 0.8660254529070334 off 0.06950675154350303 neg 0.06446779554946373	false	0.5
beseitigen	neg 1.0	neg 1.0	neg 0.5197340702262934 __DUMMY__ 0.4399996975213317 off 0.04026623225237484	false	1.0
dumm	off 1.0		__DUMMY__ 0.8709389340820105 off 0.06517875918781856 neg 0.06388230673017095	false	1.0
arbeitsloser	neg 1.0		__DUMMY__ 0.8795375733184952 neg 0.06870733593271344 off 0.0517550907487913	false	1.0
blitzen	neg 1.0		__DUMMY__ 0.8758870398346388 neg 0.0671621303090193 off 0.05695082985634191	false	1.0
hilflos	neg 1.0		__DUMMY__ 0.8793520986449397 neg 0.06796286874876784 off 0.0526850326062924	false	1.0
eklig	off 1.0		__DUMMY__ 0.8706860908334558 off 0.06565855988566906 neg 0.0636553492808751	false	1.0
begriff			__DUMMY__ 0.8767101128078114 neg 0.07016734622229642 off 0.053122540969892204	false	0.0
hungersnot	neg 1.0		__DUMMY__ 0.8772790424182427 neg 0.07024558299662148 off 0.052475374585135764	false	1.0
ungesetzlich	neg 1.0		__DUMMY__ 0.8700225499468219 neg 0.07360315919487387 off 0.056374290858304296	false	1.0
verschwendung	neg 1.0		__DUMMY__ 0.8792725707324364 neg 0.07028616178811017 off 0.05044126747945348	false	1.0
schmerzvoll	neg 1.0		__DUMMY__ 0.877905556122601 neg 0.06633232941571071 off 0.05576211446168819	false	1.0
vorzeitig	neg 1.0		__DUMMY__ 0.8784858915357614 neg 0.06472340961625858 off 0.056790698847980076	false	1.0
unvollkommenheit	neg 1.0		__DUMMY__ 0.8828163395271647 neg 0.06552856533520071 off 0.05165509513763473	false	1.0
intervenieren	neg 1.0		__DUMMY__ 0.8755943241761601 neg 0.07413686313481407 off 0.05026881268902579	false	1.0
banause	off 1.0		__DUMMY__ 0.8677479600642947 off 0.06751195806134608 neg 0.06474008187435921	false	1.0
rebell	neg 1.0		__DUMMY__ 0.8804585429410211 neg 0.07255348329019315 off 0.04698797376878567	false	1.0
unlogisch	neg 1.0		__DUMMY__ 0.8732803357013006 neg 0.06487834083684639 off 0.061841323461852976	false	1.0
leiden	neg 1.0		__DUMMY__ 0.8885198899682842 neg 0.0619271495095178 off 0.04955296052219788	false	1.0
abschaffung	neg 1.0		__DUMMY__ 0.8733523009369032 neg 0.07212323045488428 off 0.054524468608212556	false	1.0
sturz	neg 1.0		__DUMMY__ 0.8787153242052893 neg 0.06735841412658755 off 0.05392626166812313	false	1.0
verkleinerung	neg 1.0		__DUMMY__ 0.8700409512665982 neg 0.07318270945181729 off 0.05677633928158453	false	1.0
schmarotzer	off 1.0		__DUMMY__ 0.8758865616522641 neg 0.07174632752447972 off 0.052367110823256145	false	0.5
bestrafung	neg 1.0		__DUMMY__ 0.8771505534508094 neg 0.06734977594107758 off 0.055499670608113096	false	1.0
achtlos	neg 1.0		__DUMMY__ 0.8807008313863391 neg 0.06534009549958657 off 0.05395907311407419	false	1.0
ungeheuer	neg 1.0		__DUMMY__ 0.8802710909386172 neg 0.0628667654094175 off 0.05686214365196527	false	1.0
unaufrichtig	neg 1.0		__DUMMY__ 0.8733138012296076 neg 0.07048427005298934 off 0.056201928717403024	false	1.0
