unsolidarisch	neg 1.0		__DUMMY__ 0.9182748758192932 neg 0.04802973464219649 off 0.033695389538510256	false	1.0
nachteilig	neg 1.0		__DUMMY__ 0.9241761445656533 neg 0.04545549644743953 off 0.03036835898690719	false	1.0
skeptisch	neg 1.0		__DUMMY__ 0.925242490263773 neg 0.04484683291234978 off 0.029910676823877234	false	1.0
schrecklich	neg 1.0		__DUMMY__ 0.9217253355463908 off 0.040348765281991425 neg 0.03792589917161784	false	0.5
schlapp	neg 1.0	neg 1.0	neg 0.5052653497899293 __DUMMY__ 0.46137847435285934 off 0.03335617585721123	false	1.0
abfall	neg 1.0		__DUMMY__ 0.9266320472708207 neg 0.04547431003638421 off 0.027893642692795033	false	1.0
widerspenstig	neg 1.0		__DUMMY__ 0.9253190165666768 neg 0.04160491643816474 off 0.033076066995158436	false	1.0
abrupt	neg 1.0		__DUMMY__ 0.929618852932187 neg 0.04059448565045151 off 0.029786661417361405	false	1.0
unwirksam	neg 1.0		__DUMMY__ 0.9197977519809878 neg 0.046996066378335366 off 0.033206181640676936	false	1.0
angreifen	neg 1.0	neg 1.0	neg 0.510812935908074 __DUMMY__ 0.4616865437162898 off 0.027500520375636186	false	1.0
inkonsistent	neg 1.0		__DUMMY__ 0.9236551543223925 neg 0.04271693290841217 off 0.033627912769195266	false	1.0
abrutschen	neg 1.0		__DUMMY__ 0.9267757070491092 neg 0.04506002524085694 off 0.028164267710033965	false	1.0
unsicher	neg 1.0		__DUMMY__ 0.9253838329016071 neg 0.041105484320335624 off 0.033510682778057264	false	1.0
bauernkind	off 1.0	off 1.0	off 0.5062884016271675 __DUMMY__ 0.4547678682746622 neg 0.038943730098170246	false	1.0
angreifer	neg 1.0		__DUMMY__ 0.9255011714265299 neg 0.040103623252717255 off 0.03439520532075287	false	1.0
trennen	neg 1.0		__DUMMY__ 0.9307350880639562 neg 0.039006942334377674 off 0.030257969601666126	false	1.0
schmutz	neg 1.0		__DUMMY__ 0.9270677967976049 neg 0.03879843909823838 off 0.034133764104156694	false	1.0
inkonsistenz	neg 1.0		__DUMMY__ 0.9202709801914728 neg 0.04310620162919287 off 0.03662281817933431	false	1.0
erschreckend	neg 1.0		__DUMMY__ 0.9241490458346131 neg 0.043043940377489556 off 0.03280701378789736	false	1.0
ertrinken	neg 1.0		__DUMMY__ 0.9270590299353706 neg 0.042070695817466114 off 0.030870274247163283	false	1.0
pickelface	off 1.0		__DUMMY__ 0.923916086582767 neg 0.044228245021018284 off 0.0318556683962146	false	0.5
seiner			__DUMMY__ 0.9272494642037077 neg 0.04259683928625505 off 0.030153696510037256	false	0.0
lauch	neg 1.0		__DUMMY__ 0.924427221719312 neg 0.04762084292081835 off 0.02795193535986964	false	1.0
unwichtig	neg 1.0		__DUMMY__ 0.9220216702864664 neg 0.04100568868021184 off 0.03697264103332179	false	1.0
steuerhinterziehung	neg 1.0		__DUMMY__ 0.9212886942784908 neg 0.04636939374508629 off 0.03234191197642286	false	1.0
schock	neg 1.0		__DUMMY__ 0.9279645172564439 neg 0.039362991493462354 off 0.03267249125009381	false	1.0
beule	neg 1.0		__DUMMY__ 0.9242111164091839 neg 0.0390363881942672 off 0.03675249539654892	false	1.0
vergelten	neg 1.0		__DUMMY__ 0.9243778759145332 off 0.03946643885107564 neg 0.036155685234391104	false	0.5
verdorbenheit	neg 1.0		__DUMMY__ 0.9254210746889501 neg 0.042073413288076844 off 0.03250551202297303	false	1.0
trauma	neg 1.0		__DUMMY__ 0.9237701193383644 neg 0.04212121890614304 off 0.03410866175549267	false	1.0
sinnlos	neg 1.0		__DUMMY__ 0.9245989621545064 neg 0.04025365808985794 off 0.03514737975563561	false	1.0
fettsack	off 1.0	off 1.0	off 0.5075652891686301 __DUMMY__ 0.45632999796617635 neg 0.03610471286519356	false	1.0
feige	off 1.0	off 1.0	off 0.5042615561595634 __DUMMY__ 0.457447031297626 neg 0.038291412542810564	false	1.0
abdanken	neg 1.0		__DUMMY__ 0.9221949885600689 neg 0.04464118625108465 off 0.03316382518884648	false	1.0
wichtigtuer	off 1.0	off 1.0	off 0.5022290708824094 __DUMMY__ 0.45934110076586 neg 0.03842982835173066	false	1.0
misslingen	neg 1.0		__DUMMY__ 0.9298513493832511 neg 0.0364575382562699 off 0.03369111236047901	false	1.0
untreu	off 1.0		__DUMMY__ 0.921212712772686 neg 0.040946227184312324 off 0.03784106004300156	false	0.5
missmutig	neg 1.0		__DUMMY__ 0.9237799480546187 neg 0.03936301548864837 off 0.03685703645673292	false	1.0
hurenbock	off 1.0		__DUMMY__ 0.9257539357088231 neg 0.04022374935390217 off 0.03402231493727467	false	0.5
betrunken	neg 1.0		__DUMMY__ 0.9244766389461778 off 0.03854885789734167 neg 0.03697450315648059	false	0.5
korrupt	off 1.0		__DUMMY__ 0.9201158577398495 neg 0.04786854128584762 off 0.03201560097430289	false	0.5
unmut	neg 1.0		__DUMMY__ 0.9260017873350322 neg 0.0458531911675975 off 0.0281450214973702	false	1.0
hackfresse	off 1.0		__DUMMY__ 0.9185698647238538 off 0.04285958340911361 neg 0.03857055186703254	false	1.0
aufblasen	neg 1.0		__DUMMY__ 0.926102899150799 neg 0.03971476380218505 off 0.03418233704701594	false	1.0
gewaltsam	neg 1.0		__DUMMY__ 0.9244122895389209 neg 0.04283329513221973 off 0.03275441532885951	false	1.0
unbeliebtheit	neg 1.0		__DUMMY__ 0.9165682281068399 neg 0.046563657343257854 off 0.03686811454990222	false	1.0
sturheit	neg 1.0		__DUMMY__ 0.9238456861111778 neg 0.04321790681962562 off 0.03293640706919657	false	1.0
kuh	neg 1.0		__DUMMY__ 0.9216739446448678 neg 0.04509475879481782 off 0.0332312965603144	false	1.0
erschrecken	neg 1.0		__DUMMY__ 0.9242619363192759 neg 0.03937277791190048 off 0.036365285768823585	false	1.0
opfer	neg 1.0		__DUMMY__ 0.9262584919544639 neg 0.04267315152476068 off 0.03106835652077538	false	1.0
sinken	neg 1.0		__DUMMY__ 0.9277618914609498 neg 0.04387434890099068 off 0.02836375963805949	false	1.0
stinktier	neg 1.0		__DUMMY__ 0.9187106633086509 off 0.04067849866806208 neg 0.04061083802328706	false	0.5
tucke	off 1.0		__DUMMY__ 0.9145876008399562 off 0.04311816442603515 neg 0.04229423473400871	false	1.0
ein			__DUMMY__ 0.9267711091455032 neg 0.039596777230036524 off 0.03363211362446036	false	0.0
abstieg	neg 1.0		__DUMMY__ 0.9281705716197338 neg 0.041486770276250376 off 0.0303426581040158	false	1.0
missverstehen	neg 1.0		__DUMMY__ 0.9218081987777301 neg 0.04275326949254019 off 0.03543853172972971	false	1.0
ergebnislos	neg 1.0		__DUMMY__ 0.9257081601942115 neg 0.04393844712534137 off 0.030353392680447004	false	1.0
unter			__DUMMY__ 0.9336616566445722 neg 0.04174248682270345 off 0.02459585653272429	false	0.0
manipulieren	neg 1.0		__DUMMY__ 0.9256931966500317 neg 0.044266994554163934 off 0.03003980879580438	false	1.0
unbewiesen	neg 1.0		__DUMMY__ 0.9175119344304553 neg 0.048523053293954725 off 0.03396501227558998	false	1.0
verschleppen	neg 1.0		__DUMMY__ 0.9245744298111779 neg 0.04382754943891403 off 0.03159802074990815	false	1.0
weib	off 1.0		__DUMMY__ 0.9178983034682561 off 0.04283864516671987 neg 0.03926305136502405	false	1.0
opposition	neg 1.0		__DUMMY__ 0.9213711776014512 neg 0.044156758320309464 off 0.03447206407823937	false	1.0
verkehrswidrig	neg 1.0	neg 1.0	neg 0.4979224295591281 __DUMMY__ 0.46654964525042075 off 0.035527925190451205	false	1.0
inkorrekt	neg 1.0		__DUMMY__ 0.9174888186733217 neg 0.04354613092018609 off 0.03896505040649221	false	1.0
vermeiden	neg 1.0		__DUMMY__ 0.9303357917773794 neg 0.04344972559025609 off 0.026214482632364592	false	1.0
abweichung	neg 1.0	neg 1.0	neg 0.5092119183516955 __DUMMY__ 0.46296302656033406 off 0.02782505508797039	false	1.0
alkoholisiert	neg 1.0		__DUMMY__ 0.9346269002872726 neg 0.03627113635843964 off 0.029101963354287736	false	1.0
scheiss	off 1.0	off 1.0	off 0.5036071590711652 __DUMMY__ 0.46026144390192625 neg 0.03613139702690861	false	1.0
herausforderung	neg 1.0	neg 1.0	neg 0.5039658774553748 __DUMMY__ 0.4689540002311477 off 0.027080122313477555	false	1.0
pervers	off 1.0		__DUMMY__ 0.9172294578805007 off 0.045174746995008244 neg 0.03759579512449107	false	1.0
wackelig	neg 1.0		__DUMMY__ 0.9301844423848649 neg 0.038615711511015324 off 0.031199846104119754	false	1.0
verwickeln	neg 1.0		__DUMMY__ 0.9222207687706604 neg 0.042365471408265125 off 0.03541375982107448	false	1.0
vorwand	neg 1.0		__DUMMY__ 0.925733974105353 neg 0.044861215023323 off 0.029404810871324072	false	1.0
muschi	off 1.0		__DUMMY__ 0.924391084347819 neg 0.04333850268540427 off 0.03227041296677671	false	0.5
entmutigung	neg 1.0		__DUMMY__ 0.9203765711700596 neg 0.04483204295724039 off 0.034791385872700066	false	1.0
unangemessen	neg 1.0		__DUMMY__ 0.9231752854199352 neg 0.044566832216718484 off 0.03225788236334632	false	1.0
unstetig	neg 1.0		__DUMMY__ 0.9241572030348322 neg 0.04220715296323414 off 0.03363564400193364	false	1.0
entmutigen	neg 1.0		__DUMMY__ 0.9249779395769266 neg 0.040596240859894286 off 0.03442581956317915	false	1.0
schwanz	neg 1.0		__DUMMY__ 0.9260746607062018 neg 0.044208419559456376 off 0.029716919734341853	false	1.0
verbot	neg 1.0		__DUMMY__ 0.9217222128837881 neg 0.046521111983157094 off 0.03175667513305482	false	1.0
leid	neg 1.0		__DUMMY__ 0.9209807470211359 off 0.041055671071774553 neg 0.03796358190708956	false	0.5
archaisch	neg 1.0		__DUMMY__ 0.9252321142669542 neg 0.04283104991348488 off 0.03193683581956095	false	1.0
gegen			__DUMMY__ 0.927782797846731 neg 0.04315395769183243 off 0.029063244461436565	false	0.0
scheidung	neg 1.0		__DUMMY__ 0.9174785095427779 off 0.04803591873898752 neg 0.03448557171823454	false	0.5
einschlag	neg 1.0	neg 1.0	neg 0.503985081390189 __DUMMY__ 0.4603476049548942 off 0.03566731365491691	false	1.0
m			__DUMMY__ 0.9266938649451509 neg 0.041720498197673546 off 0.03158563685717556	false	0.0
abgestanden	neg 1.0		__DUMMY__ 0.9247668955781234 neg 0.04216482945650153 off 0.03306827496537495	false	1.0
schmierig	off 1.0		__DUMMY__ 0.9211717229067128 off 0.040726179379012274 neg 0.038102097714274925	false	1.0
unpraktisch	neg 1.0		__DUMMY__ 0.9269810558118612 neg 0.039313957397178245 off 0.03370498679096056	false	1.0
wixxer	off 1.0		__DUMMY__ 0.9162307102645202 off 0.04501670136766555 neg 0.03875258836781428	false	1.0
bezeichnet			__DUMMY__ 0.9236034724914092 neg 0.04316784849784474 off 0.033228679010746054	false	0.0
jammerlappen	off 1.0		__DUMMY__ 0.9222079091582721 neg 0.040712023510345835 off 0.037080067331382166	false	0.5
farce	neg 1.0		__DUMMY__ 0.9211504337626287 neg 0.046558610276881 off 0.03229095596049029	false	1.0
zwecklos	neg 1.0		__DUMMY__ 0.9238746289889409 neg 0.04394370856088779 off 0.032181662450171275	false	1.0
turbulent	neg 1.0		__DUMMY__ 0.9211623222325164 neg 0.041595714816880645 off 0.03724196295060308	false	1.0
invasion	neg 1.0		__DUMMY__ 0.9245053242513398 neg 0.040353338919608184 off 0.035141336829052086	false	1.0
schuld	neg 1.0		__DUMMY__ 0.9241212786667509 neg 0.04168092471788711 off 0.03419779661536201	false	1.0
risiko	neg 1.0		__DUMMY__ 0.9265958184711718 neg 0.03987944957856195 off 0.03352473195026635	false	1.0
finster	neg 1.0		__DUMMY__ 0.926043281612415 neg 0.04050211009732213 off 0.03345460829026284	false	1.0
geisteskrank	off 1.0		__DUMMY__ 0.9200609373155654 neg 0.04150913317720118 off 0.0384299295072335	false	0.5
zusammenbrechen	neg 1.0		__DUMMY__ 0.9263460662001396 neg 0.041215886243989176 off 0.03243804755587126	false	1.0
ausbeute	neg 1.0		__DUMMY__ 0.9310968029811709 neg 0.03947857022831487 off 0.029424626790514236	false	1.0
hinterhalt	neg 1.0		__DUMMY__ 0.9274782419774457 neg 0.04082901449704265 off 0.03169274352551172	false	1.0
kritik	neg 1.0		__DUMMY__ 0.921602572939843 neg 0.046205944583357896 off 0.03219148247679899	false	1.0
einschrumpfen	neg 1.0		__DUMMY__ 0.9193129207749623 neg 0.04504925581110052 off 0.03563782341393708	false	1.0
riskant	neg 1.0		__DUMMY__ 0.924324721894761 neg 0.044747622846266766 off 0.030927655258972238	false	1.0
frustrieren	neg 1.0		__DUMMY__ 0.9255471779815143 neg 0.04344726742264443 off 0.03100555459584125	false	1.0
groll	neg 1.0		__DUMMY__ 0.9254689396830709 neg 0.04256642070051861 off 0.03196463961641056	false	1.0
gibt			__DUMMY__ 0.9252462165958117 neg 0.04247361519104164 off 0.032280168213146616	false	0.0
qualvoll	neg 1.0		__DUMMY__ 0.9254115632124338 neg 0.03887320964796953 off 0.03571522713959673	false	1.0
wackeln	neg 1.0	neg 1.0	neg 0.5050814796574026 __DUMMY__ 0.46422423735640106 off 0.030694282986196364	false	1.0
klagen	neg 1.0		__DUMMY__ 0.9265624620527059 neg 0.04496359610231152 off 0.028473941844982642	false	1.0
bankrott	neg 1.0		__DUMMY__ 0.9236536467476045 neg 0.040324742640541984 off 0.036021610611853466	false	1.0
trauern	neg 1.0		__DUMMY__ 0.9281637263268365 neg 0.04100324144850636 off 0.03083303222465709	false	1.0
ablehnung	neg 1.0		__DUMMY__ 0.9213368229895458 neg 0.04638765489399826 off 0.03227552211645596	false	1.0
stur	neg 1.0		__DUMMY__ 0.9234081047584993 neg 0.04196116258109682 off 0.034630732660403805	false	1.0
aufruhr	neg 1.0		__DUMMY__ 0.9242624981265154 neg 0.04296183580134052 off 0.03277566607214411	false	1.0
melancholie	neg 1.0		__DUMMY__ 0.9276637844883416 neg 0.04119297353924663 off 0.03114324197241172	false	1.0
ist			__DUMMY__ 0.9242985870132829 neg 0.04097842309208852 off 0.03472298989462854	false	0.0
torheit	neg 1.0		__DUMMY__ 0.9220883445124206 neg 0.04368329835568931 off 0.034228357131890125	false	1.0
dreckskind	off 1.0		__DUMMY__ 0.9178765317551258 off 0.04176219665860423 neg 0.04036127158626992	false	1.0
umtauschen	neg 1.0		__DUMMY__ 0.9260974510958181 neg 0.04138891133349606 off 0.032513637570685906	false	1.0
zum			__DUMMY__ 0.9352329540899637 neg 0.038567368004136536 off 0.02619967790589987	false	0.0
zersetzen	neg 1.0		__DUMMY__ 0.9240814038858318 neg 0.045989516938179174 off 0.029929079175989085	false	1.0
zur			__DUMMY__ 0.9301461761801431 neg 0.04381718331050647 off 0.026036640509350513	false	0.0
frust	neg 1.0		__DUMMY__ 0.9263517960030668 neg 0.04125592828044209 off 0.0323922757164912	false	1.0
unerbittlichkeit	neg 1.0		__DUMMY__ 0.9248917872733182 neg 0.04509694229786813 off 0.03001127042881368	false	1.0
zwei			__DUMMY__ 0.9328288376814925 neg 0.03935938649816246 off 0.027811775820344973	false	0.0
unkorrekt	neg 1.0		__DUMMY__ 0.9184635170978566 neg 0.04228271900859634 off 0.039253763893547004	false	1.0
hexe	off 1.0		__DUMMY__ 0.9229493924157645 neg 0.039878445231765994 off 0.03717216235246962	false	0.5
lasch	neg 1.0		__DUMMY__ 0.9211696367214598 neg 0.04250047433259459 off 0.036329888945945576	false	1.0
rivale	neg 1.0		__DUMMY__ 0.9234394598915624 off 0.03884204904015278 neg 0.03771849106828484	false	0.5
mutlos	off 1.0	off 1.0	off 0.4982556882330363 __DUMMY__ 0.46014505758136875 neg 0.041599254185595035	false	1.0
wirr	off 1.0		__DUMMY__ 0.9187654079645006 neg 0.041898559989637575 off 0.03933603204586185	false	0.5
jahr			__DUMMY__ 0.9327282015433447 neg 0.038202651053075236 off 0.029069147403579985	false	0.0
wird			__DUMMY__ 0.9265866008827479 neg 0.0422937240739991 off 0.031119675043252897	false	0.0
strafbar	neg 1.0		__DUMMY__ 0.9240004378428778 neg 0.044904650068439696 off 0.03109491208868248	false	1.0
erosion	neg 1.0		__DUMMY__ 0.9259423482631216 neg 0.04040802552630352 off 0.03364962621057495	false	1.0
eingehen	neg 1.0		__DUMMY__ 0.923537817000683 neg 0.04472512758993671 off 0.031737055409380266	false	1.0
faul	off 1.0		__DUMMY__ 0.9244299937807802 neg 0.039532940380859236 off 0.03603706583836069	false	0.5
provisorium	neg 1.0		__DUMMY__ 0.9313621375863624 neg 0.04435667342083099 off 0.024281188992806575	false	1.0
schmerzen	neg 1.0		__DUMMY__ 0.925665530095084 neg 0.041523905041358965 off 0.032810564863557025	false	1.0
schrumpfen	neg 1.0		__DUMMY__ 0.9277668165970069 neg 0.04578170153109426 off 0.02645148187189896	false	1.0
geistlos	off 1.0		__DUMMY__ 0.9184965618058714 neg 0.045796241292530286 off 0.03570719690159843	false	0.5
fehlkauf	neg 1.0		__DUMMY__ 0.9228652097092005 neg 0.042465671365235394 off 0.03466911892556405	false	1.0
frustrierend	neg 1.0		__DUMMY__ 0.9249423479666314 neg 0.038733691623594156 off 0.03632396040977434	false	1.0
unzufrieden	neg 1.0		__DUMMY__ 0.9239511648294024 neg 0.04393187696181307 off 0.032116958208784435	false	1.0
verzweifeln	neg 1.0		__DUMMY__ 0.9252760293032706 neg 0.04155030754865073 off 0.03317366314807865	false	1.0
verzweifelt	neg 1.0		__DUMMY__ 0.9232435643844089 neg 0.04209989975707545 off 0.03465653585851557	false	1.0
misstrauensantrag	neg 1.0		__DUMMY__ 0.9219123672210044 neg 0.04318432181372332 off 0.03490331096527216	false	1.0
abfallen	neg 1.0		__DUMMY__ 0.9274516940112045 neg 0.03862082033787939 off 0.03392748565091611	false	1.0
fucker	off 1.0		__DUMMY__ 0.9202029926635303 neg 0.041028943843531944 off 0.03876806349293766	false	0.5
ungezogen	neg 1.0		__DUMMY__ 0.919466605441859 off 0.04384533102592952 neg 0.036688063532211435	false	0.5
irrsinnig	neg 1.0	neg 1.0	neg 0.5087599763972764 __DUMMY__ 0.4599305896744725 off 0.03130943392825103	false	1.0
unfassbar	neg 1.0		__DUMMY__ 0.9224456157044725 neg 0.03998698948940097 off 0.037567394806126544	false	1.0
hart	neg 1.0		__DUMMY__ 0.9222226293842357 neg 0.04212544356745013 off 0.03565192704831421	false	1.0
widerlich	off 1.0		__DUMMY__ 0.9200879678564533 neg 0.04162457154288176 off 0.03828746060066491	false	0.5
fatal	neg 1.0		__DUMMY__ 0.9228732603200258 neg 0.0421777570065557 off 0.03494898267341842	false	1.0
bruch	neg 1.0		__DUMMY__ 0.9255512777417224 neg 0.04576978957970482 off 0.02867893267857276	false	1.0
aushungern	neg 1.0		__DUMMY__ 0.9219468191009925 neg 0.04500623648629065 off 0.033046944412716925	false	1.0
anspannung	neg 1.0	neg 1.0	neg 0.5056126253842262 __DUMMY__ 0.4701973429577298 off 0.024190031658043856	false	1.0
von			__DUMMY__ 0.9316266982749281 neg 0.039756036711020584 off 0.02861726501405132	false	0.0
kraftlos	neg 1.0		__DUMMY__ 0.9282291306249112 neg 0.04002777791282175 off 0.03174309146226706	false	1.0
vom			__DUMMY__ 0.934794433544375 neg 0.04057388772095164 off 0.024631678734673323	false	0.0
grenzdebil	off 1.0		__DUMMY__ 0.9222987995313011 neg 0.03948013419764332 off 0.03822106627105557	false	0.5
vor			__DUMMY__ 0.9276941806444098 neg 0.042986599121580676 off 0.02931922023400956	false	0.0
unterwerfen	neg 1.0		__DUMMY__ 0.9260900408240943 neg 0.04307162955059292 off 0.030838329625312813	false	1.0
versenkung	neg 1.0		__DUMMY__ 0.925302553785687 neg 0.04395182434025595 off 0.030745621874057102	false	1.0
entziehen	neg 1.0		__DUMMY__ 0.9264124846332323 neg 0.04465887982099103 off 0.028928635545776717	false	1.0
finanzkrise	neg 1.0		__DUMMY__ 0.9203580828478742 neg 0.04691495565848307 off 0.03272696149364274	false	1.0
schimpfend	neg 1.0		__DUMMY__ 0.9286409647882482 neg 0.03775291840660286 off 0.03360611680514889	false	1.0
profan	neg 1.0		__DUMMY__ 0.9233127213575082 neg 0.041201120597810614 off 0.035486158044681165	false	1.0
korruption	neg 1.0	neg 1.0	neg 0.5125624446683047 __DUMMY__ 0.4586481188318156 off 0.02878943649987977	false	1.0
â			__DUMMY__ 0.9263599759703047 neg 0.04284715447493941 off 0.03079286955475586	false	0.0
schmutzig	neg 1.0		__DUMMY__ 0.9228971305528979 neg 0.03934493492342422 off 0.03775793452367787	false	1.0
sexy	neg 1.0		__DUMMY__ 0.9232964976186525 neg 0.04073849430080534 off 0.03596500808054216	false	1.0
abraten	neg 1.0		__DUMMY__ 0.9238848791189969 neg 0.04144091836100795 off 0.034674202519995215	false	1.0
schwarz	neg 1.0		__DUMMY__ 0.9232336530925819 neg 0.04228921644818916 off 0.034477130459229004	false	1.0
fotze	off 1.0		__DUMMY__ 0.9247405020857592 neg 0.044619450549574335 off 0.03064004736466635	false	0.5
verwirren	neg 1.0		__DUMMY__ 0.9234968416533677 neg 0.04078579762118666 off 0.03571736072544566	false	1.0
zahnlos	off 1.0		__DUMMY__ 0.9235513559194211 neg 0.044310517534704344 off 0.032138126545874654	false	0.5
verheeren	neg 1.0		__DUMMY__ 0.9187929041753301 off 0.0448005295389932 neg 0.03640656628567668	false	0.5
hippie	neg 1.0		__DUMMY__ 0.92273073375082 neg 0.041590164044575065 off 0.035679102204605004	false	1.0
rammen	neg 1.0		__DUMMY__ 0.9228357197017699 neg 0.043722271504651376 off 0.03344200879357868	false	1.0
unlauter	neg 1.0		__DUMMY__ 0.9196913374898165 neg 0.04639392167329423 off 0.03391474083688933	false	1.0
unheilvoll	neg 1.0		__DUMMY__ 0.9267310040473664 neg 0.03853852649126483 off 0.0347304694613688	false	1.0
niedrig	neg 1.0		__DUMMY__ 0.925891318088978 neg 0.044307428913021744 off 0.029801252998000308	false	1.0
explosion	neg 1.0		__DUMMY__ 0.922719556645189 neg 0.04212075902728333 off 0.035159684327527745	false	1.0
weichei	off 1.0		__DUMMY__ 0.9185500615431577 off 0.041680850088254305 neg 0.039769088368588106	false	1.0
minusmensch	off 1.0		__DUMMY__ 0.9126316588903003 off 0.04504424499848546 neg 0.04232409611121421	false	1.0
farblos	neg 1.0		__DUMMY__ 0.929982229373312 neg 0.03805190020156962 off 0.03196587042511831	false	1.0
unwissend	neg 1.0	neg 1.0	neg 0.5069638470632081 __DUMMY__ 0.4590031949635319 off 0.03403295797325993	false	1.0
traurig	neg 1.0		__DUMMY__ 0.922439261466142 off 0.03960148670727353 neg 0.037959251826584564	false	0.5
senkung	neg 1.0		__DUMMY__ 0.9208255546505877 neg 0.04386274542734648 off 0.03531169992206585	false	1.0
ungleich	neg 1.0	neg 1.0	neg 0.5117617657278143 __DUMMY__ 0.46033916345338816 off 0.02789907081879757	false	1.0
heikel	neg 1.0		__DUMMY__ 0.9246640596017213 neg 0.04532558539124291 off 0.030010355007035805	false	1.0
drosselung	neg 1.0		__DUMMY__ 0.9225975879247104 neg 0.03973391961767938 off 0.03766849245761032	false	1.0
falsch	neg 1.0		__DUMMY__ 0.9232848476382453 neg 0.04025489394171316 off 0.03646025842004162	false	1.0
unzufriedenheit	neg 1.0		__DUMMY__ 0.9255739981516112 neg 0.044735106448974174 off 0.029690895399414545	false	1.0
kurz	neg 1.0		__DUMMY__ 0.9285358153428436 neg 0.039494857690092734 off 0.03196932696706369	false	1.0
unsinnig	neg 1.0		__DUMMY__ 0.9225645038630235 neg 0.044974639530832985 off 0.032460856606143604	false	1.0
penner	off 1.0	off 1.0	off 0.5094499577738366 __DUMMY__ 0.45571391578517345 neg 0.03483612644098991	false	1.0
seicht	neg 1.0		__DUMMY__ 0.9159703939316435 off 0.044129738007280775 neg 0.0398998680610757	false	0.5
dummheit	off 1.0	off 1.0	off 0.5024500309673942 __DUMMY__ 0.45840790002018367 neg 0.039142069012422155	false	1.0
unerfreulich	neg 1.0		__DUMMY__ 0.9267772575696955 neg 0.044064624885401554 off 0.02915811754490288	false	1.0
motherfucker	off 1.0	off 1.0	off 0.5053802941579446 __DUMMY__ 0.45664551197099346 neg 0.03797419387106195	false	1.0
pikiert	neg 1.0		__DUMMY__ 0.9200498796017723 neg 0.04245222028050842 off 0.03749790011771931	false	1.0
wrack	neg 1.0		__DUMMY__ 0.9303735244397593 neg 0.0396251241810014 off 0.030001351379239375	false	1.0
gangster	neg 1.0		__DUMMY__ 0.9235033294825239 neg 0.04118438445542824 off 0.035312286062047865	false	1.0
krank	neg 1.0		__DUMMY__ 0.9241546889036059 off 0.038145050322398 neg 0.03770026077399617	false	0.5
reich	neg 1.0		__DUMMY__ 0.9218054108052737 neg 0.041739560177019325 off 0.03645502901770705	false	1.0
gnadenlos	neg 1.0		__DUMMY__ 0.9243383782764708 neg 0.0414426097258879 off 0.034219011997641297	false	1.0
niedergeschlagen	neg 1.0		__DUMMY__ 0.9268284679215356 neg 0.040832940945162634 off 0.03233859113330172	false	1.0
terrorisieren	off 1.0	off 1.0	off 0.4984501073857483 __DUMMY__ 0.46216054379727206 neg 0.039389348816979614	false	1.0
sinnlosigkeit	neg 1.0		__DUMMY__ 0.9246681932419932 neg 0.04318232288502672 off 0.03214948387298002	false	1.0
behindern	neg 1.0		__DUMMY__ 0.9236444308804617 neg 0.04367054674222626 off 0.03268502237731207	false	1.0
undemokratisch	neg 1.0		__DUMMY__ 0.9204891058682 neg 0.04513288561266217 off 0.034378008519137804	false	1.0
wirtschaftskrise	neg 1.0		__DUMMY__ 0.9229981450309995 neg 0.045851972451932115 off 0.031149882517068368	false	1.0
neid	neg 1.0		__DUMMY__ 0.9270055417726738 off 0.036673833397290655 neg 0.036320624830035536	false	0.5
rutschen	neg 1.0	neg 1.0	neg 0.5052856005873217 __DUMMY__ 0.46949076765569386 off 0.025223631756984454	false	1.0
rezession	neg 1.0		__DUMMY__ 0.9160296810134951 neg 0.04351310208480069 off 0.040457216901704236	false	1.0
fehlgeburt	neg 1.0		__DUMMY__ 0.9261771065157047 neg 0.03918240210856203 off 0.034640491375733176	false	1.0
charakterschwach	off 1.0		__DUMMY__ 0.921306379130472 neg 0.040582146200871916 off 0.03811147466865622	false	0.5
isolation	neg 1.0		__DUMMY__ 0.9249039543408377 neg 0.038912014397331246 off 0.03618403126183101	false	1.0
ablenkung	neg 1.0		__DUMMY__ 0.9252255438794483 neg 0.04115724284329557 off 0.03361721327725605	false	1.0
pech	neg 1.0		__DUMMY__ 0.9247803349374384 neg 0.03947050871560573 off 0.03574915634695586	false	1.0
vermeidung	neg 1.0		__DUMMY__ 0.920263301293542 neg 0.04173979787587394 off 0.037996900830584115	false	1.0
dominieren	neg 1.0		__DUMMY__ 0.9293033127213665 neg 0.03986136694487391 off 0.030835320333759603	false	1.0
schwindlig	neg 1.0		__DUMMY__ 0.9274033940961737 neg 0.037970543246441 off 0.034626062657385395	false	1.0
lutscher	neg 1.0	neg 1.0	neg 0.5053446910391296 __DUMMY__ 0.4542649378900869 off 0.040390371070783575	false	1.0
pflicht	neg 1.0		__DUMMY__ 0.9253874884565327 neg 0.044523506510450964 off 0.030089005033016245	false	1.0
faschist	off 1.0		__DUMMY__ 0.920180273760123 neg 0.04386314313657593 off 0.035956583103301076	false	0.5
verschleudern	neg 1.0		__DUMMY__ 0.9210003994661151 neg 0.048360910291262806 off 0.030638690242622155	false	1.0
wenn			__DUMMY__ 0.9232689848084724 neg 0.04006869154678007 off 0.03666232364474752	false	0.0
ehebruch	neg 1.0		__DUMMY__ 0.924219705009776 neg 0.04444611177592571 off 0.03133418321429818	false	1.0
spott	off 1.0		__DUMMY__ 0.9235722380329552 neg 0.045429836794885776 off 0.030997925172159	false	0.5
trostlosigkeit	neg 1.0		__DUMMY__ 0.9264126196267818 neg 0.04459408004507216 off 0.028993300328146086	false	1.0
lutschen	neg 1.0		__DUMMY__ 0.9215296200482851 neg 0.043232044689073525 off 0.03523833526264139	false	1.0
undiszipliniert	neg 1.0		__DUMMY__ 0.9222810163554953 off 0.038910002649251534 neg 0.038808980995253185	false	0.5
kopfschmerz	neg 1.0		__DUMMY__ 0.9274665605947505 neg 0.04075302404089504 off 0.03178041536435451	false	1.0
unvorhergesehen	neg 1.0		__DUMMY__ 0.9309428268012327 neg 0.0389174144368524 off 0.030139758761914815	false	1.0
desinteressiert	neg 1.0		__DUMMY__ 0.920918710094225 neg 0.04013919965891619 off 0.03894209024685872	false	1.0
armselig	off 1.0		__DUMMY__ 0.9186748213686733 neg 0.041510222941449716 off 0.039814955689876974	false	0.5
desaster	neg 1.0		__DUMMY__ 0.925543392584515 neg 0.046141229386478196 off 0.02831537802900678	false	1.0
tod	neg 1.0		__DUMMY__ 0.9269313554378967 neg 0.04233878018937741 off 0.03072986437272586	false	1.0
herzlos	neg 1.0		__DUMMY__ 0.9201357259802314 off 0.04002634295935543 neg 0.03983793106041323	false	0.5
unwissenheit	neg 1.0		__DUMMY__ 0.9225030315025046 neg 0.04544854661796191 off 0.03204842187953348	false	1.0
widersinnig	neg 1.0	neg 1.0	neg 0.5124168703412046 __DUMMY__ 0.45796916714670977 off 0.029613962512085652	false	1.0
bedenklich	neg 1.0		__DUMMY__ 0.9241409062259823 neg 0.04475669153813523 off 0.031102402235882416	false	1.0
beanstanden	neg 1.0		__DUMMY__ 0.925937729496441 neg 0.0445081428427895 off 0.029554127660769466	false	1.0
panisch	neg 1.0	neg 1.0	neg 0.5029231756671366 __DUMMY__ 0.46516581203511886 off 0.031911012297744575	false	1.0
debil	off 1.0		__DUMMY__ 0.9286801636415526 neg 0.045839809248261726 off 0.025480027110185745	false	0.5
abstrich	neg 1.0		__DUMMY__ 0.9253232715734682 neg 0.044534111432647586 off 0.03014261699388417	false	1.0
primitiv	neg 1.0		__DUMMY__ 0.9201197411030974 neg 0.04125275688368091 off 0.0386275020132217	false	1.0
abschaum	off 1.0	off 1.0	off 0.5039431335954468 __DUMMY__ 0.4584632281516243 neg 0.0375936382529288	false	1.0
provozieren	neg 1.0		__DUMMY__ 0.923231433419145 neg 0.042673408627070676 off 0.034095157953784344	false	1.0
tot	neg 1.0		__DUMMY__ 0.9268818529160413 neg 0.04298588313386129 off 0.030132263950097386	false	1.0
instabil	neg 1.0		__DUMMY__ 0.9182428139225802 neg 0.04330362535131788 off 0.038453560726101836	false	1.0
schwuchtel	off 1.0		__DUMMY__ 0.9131948530897029 off 0.04803709809698495 neg 0.03876804881331215	false	1.0
zerren	neg 1.0		__DUMMY__ 0.926987302825643 neg 0.04045439687436509 off 0.032558300299991905	false	1.0
kinderficker	off 1.0		__DUMMY__ 0.9176672330833311 off 0.041693880892408185 neg 0.04063888602426071	false	1.0
gefahr	neg 1.0		__DUMMY__ 0.9258188082018187 neg 0.0443929372739196 off 0.0297882545242617	false	1.0
rabiat	neg 1.0		__DUMMY__ 0.9229380896281766 neg 0.04344687936523856 off 0.033615031006584764	false	1.0
verlangsamung	neg 1.0		__DUMMY__ 0.9168394932595942 off 0.042943140600553334 neg 0.04021736613985247	false	0.5
ausgestorben	neg 1.0		__DUMMY__ 0.9262567592990507 neg 0.04074081077967735 off 0.033002429921271906	false	1.0
anklagen	neg 1.0		__DUMMY__ 0.9232312568960197 neg 0.044382695657183 off 0.03238604744679732	false	1.0
trott	neg 1.0		__DUMMY__ 0.9254748944908406 neg 0.04168748496993324 off 0.03283762053922605	false	1.0
verminderung	neg 1.0		__DUMMY__ 0.9210309491742519 neg 0.04043443387282942 off 0.038534616952918634	false	1.0
nach			__DUMMY__ 0.9340088216036166 neg 0.03943012013392177 off 0.026561058262461638	false	0.0
rost	neg 1.0		__DUMMY__ 0.919474957927553 off 0.04172668886495273 neg 0.038798353207494224	false	0.5
destruktiv	neg 1.0		__DUMMY__ 0.9218669224083311 neg 0.04477244646424838 off 0.03336063112742052	false	1.0
unzumutbarkeit	neg 1.0		__DUMMY__ 0.9241040149061313 neg 0.0392082979622255 off 0.03668768713164333	false	1.0
labil	off 1.0	off 1.0	off 0.5039146303720422 __DUMMY__ 0.45818891449522914 neg 0.03789645513272855	false	1.0
ziemlich	neg 1.0		__DUMMY__ 0.9237714408398369 neg 0.03844534260717474 off 0.037783216552988476	false	1.0
lachnummer	off 1.0		__DUMMY__ 0.9236007063000664 neg 0.042760618995903533 off 0.033638674704029994	false	0.5
oder			__DUMMY__ 0.9266299713381061 neg 0.039990224269434174 off 0.0333798043924597	false	0.0
verfall	neg 1.0		__DUMMY__ 0.926585840675018 neg 0.046991340415603274 off 0.0264228189093787	false	1.0
ausgrenzung	neg 1.0		__DUMMY__ 0.9195785171497478 neg 0.045541921354152005 off 0.03487956149610017	false	1.0
unordnung	neg 1.0		__DUMMY__ 0.9236914951167384 neg 0.039098785329214174 off 0.03720971955404735	false	1.0
fehlverhalten	neg 1.0		__DUMMY__ 0.9243657738625305 neg 0.045320800860249054 off 0.03031342527722048	false	1.0
eine			__DUMMY__ 0.9267700495081809 neg 0.043725695777524866 off 0.02950425471429424	false	0.0
nille	neg 1.0		__DUMMY__ 0.9245793488317862 neg 0.042736748729241325 off 0.03268390243897255	false	1.0
qual	neg 1.0		__DUMMY__ 0.9250680784045431 neg 0.04219228771491745 off 0.03273963388053941	false	1.0
verschwenden	neg 1.0		__DUMMY__ 0.9242212459495062 neg 0.044479937484718075 off 0.031298816565775774	false	1.0
riesig	neg 1.0	neg 1.0	neg 0.507731669595932 __DUMMY__ 0.46434720196653806 off 0.027921128437529957	false	1.0
verurteilen	neg 1.0		__DUMMY__ 0.9233604817862193 neg 0.04452238304077714 off 0.032117135173003596	false	1.0
klischee	neg 1.0	neg 1.0	neg 0.5089527688041288 __DUMMY__ 0.4579638961082282 off 0.03308333508764311	false	1.0
diktatorisch	neg 1.0		__DUMMY__ 0.9187248495937981 neg 0.04641140771992956 off 0.034863742686272424	false	1.0
vorhersehbar	neg 1.0	neg 1.0	neg 0.508305098447929 __DUMMY__ 0.4590226939698558 off 0.032672207582215215	false	1.0
sowie			__DUMMY__ 0.917767697949655 off 0.04148834303351336 neg 0.04074395901683172	false	0.0
stornieren	neg 1.0		__DUMMY__ 0.9300475010125855 neg 0.03628692386105504 off 0.033665575126359454	false	1.0
besteuerung	neg 1.0		__DUMMY__ 0.9206144291404993 neg 0.045662957935853836 off 0.033722612923646866	false	1.0
ungeschminkt	neg 1.0		__DUMMY__ 0.9207920200673941 neg 0.041573191773380376 off 0.03763478815922552	false	1.0
kritisch	neg 1.0		__DUMMY__ 0.9247172239867233 neg 0.044230592120442544 off 0.031052183892834085	false	1.0
schlamperei	off 1.0		__DUMMY__ 0.9235423507816087 neg 0.04618705320999237 off 0.030270596008398976	false	0.5
sucht	neg 1.0	neg 1.0	neg 0.5075176317062631 __DUMMY__ 0.46261725836657935 off 0.029865109927157504	false	1.0
egoistisch	off 1.0		__DUMMY__ 0.9201499642450314 off 0.04182331860159456 neg 0.03802671715337417	false	1.0
ausbeuter	off 1.0		__DUMMY__ 0.9228775354562085 neg 0.0469011293582378 off 0.03022133518555371	false	0.5
arschgeburt	off 1.0		__DUMMY__ 0.9125966588011055 off 0.04834437197338424 neg 0.03905896922551024	false	1.0
schubs	neg 1.0	neg 1.0	neg 0.5063717420413233 __DUMMY__ 0.4652668454797347 off 0.028361412478942017	false	1.0
unsolide	neg 1.0		__DUMMY__ 0.9158999521114932 neg 0.048920682367323165 off 0.03517936552118357	false	1.0
beschwerde	neg 1.0		__DUMMY__ 0.9231052385693568 neg 0.04657683705259135 off 0.030317924378051843	false	1.0
stocken	neg 1.0		__DUMMY__ 0.9242413158915765 neg 0.04502743118129748 off 0.030731252927126022	false	1.0
isolieren	neg 1.0		__DUMMY__ 0.923955509441946 neg 0.044473802031614364 off 0.03157068852643952	false	1.0
unheilbar	neg 1.0		__DUMMY__ 0.9260210153558298 neg 0.04005087793626431 off 0.033928106707905845	false	1.0
pisser	off 1.0		__DUMMY__ 0.9203065662995638 neg 0.04094315867467776 off 0.03875027502575838	false	0.5
löschen	neg 1.0		__DUMMY__ 0.9245256074501236 neg 0.042192722739565744 off 0.03328166981031077	false	1.0
durchfallen	neg 1.0		__DUMMY__ 0.9230554135564084 neg 0.04498607354943189 off 0.03195851289415963	false	1.0
wichser	off 1.0		__DUMMY__ 0.9176637346675849 off 0.04534294803354765 neg 0.0369933172988674	false	1.0
terror	neg 1.0		__DUMMY__ 0.9246729886519244 neg 0.040204533445551645 off 0.035122477902523916	false	1.0
krass	neg 1.0		__DUMMY__ 0.9202876627026266 off 0.04003069308715695 neg 0.03968164421021635	false	0.5
revolte	neg 1.0	neg 1.0	neg 0.5100766151918692 __DUMMY__ 0.45784056451878274 off 0.032082820289348085	false	1.0
besorgt	neg 1.0		__DUMMY__ 0.9286749331715419 neg 0.03949494502409997 off 0.0318301218043581	false	1.0
nachlassen	neg 1.0		__DUMMY__ 0.9263607947622727 neg 0.04350690450073403 off 0.03013230073699328	false	1.0
alt	neg 1.0		__DUMMY__ 0.9267085228241821 neg 0.04283092982834175 off 0.030460547347476125	false	1.0
hundesohn	off 1.0		__DUMMY__ 0.9153544370366923 off 0.04462215312644687 neg 0.04002340983686082	false	1.0
als			__DUMMY__ 0.9272383243643139 neg 0.04071561006264585 off 0.03204606557304035	false	0.0
abschreckung	neg 1.0		__DUMMY__ 0.9257037228281852 neg 0.045109701779011004 off 0.029186575392803765	false	1.0
unqualifiziert	neg 1.0		__DUMMY__ 0.9198700896016567 neg 0.04390676001842898 off 0.03622315037991435	false	1.0
abgewichst	off 1.0		__DUMMY__ 0.9256776432185246 neg 0.04225423725371039 off 0.032068119527764956	false	0.5
schwer	neg 1.0		__DUMMY__ 0.9251686352929217 neg 0.041416829569633926 off 0.03341453513744446	false	1.0
bedeutungslosigkeit	neg 1.0		__DUMMY__ 0.9253399749024535 neg 0.04479939441396577 off 0.02986063068358074	false	1.0
kapitulation	neg 1.0		__DUMMY__ 0.9213032821787749 neg 0.04772708929849863 off 0.030969628522726438	false	1.0
unscharf	neg 1.0		__DUMMY__ 0.9238579680738113 neg 0.041578562040420396 off 0.0345634698857683	false	1.0
schwinden	neg 1.0		__DUMMY__ 0.9259541753844006 neg 0.044378722097790944 off 0.02966710251780843	false	1.0
versklavung	neg 1.0		__DUMMY__ 0.9187966654229331 neg 0.046736498437298345 off 0.03446683613976849	false	1.0
schlecht	neg 1.0		__DUMMY__ 0.9238317805937337 neg 0.03823946663589011 off 0.03792875277037616	false	1.0
verhasst	neg 1.0		__DUMMY__ 0.9236175859134695 neg 0.04200262593669355 off 0.034379788149836915	false	1.0
beschweren	neg 1.0		__DUMMY__ 0.9242734023479781 neg 0.040836145416410945 off 0.03489045223561095	false	1.0
scheiden	neg 1.0		__DUMMY__ 0.9317265575184325 neg 0.035121047235999445 off 0.03315239524556805	false	1.0
frustriert	neg 1.0		__DUMMY__ 0.9254340814482044 neg 0.041876450522228534 off 0.032689468029567105	false	1.0
schimmelig	neg 1.0		__DUMMY__ 0.9270894516502123 neg 0.04314039854777425 off 0.02977014980201352	false	1.0
fisch	neg 1.0		__DUMMY__ 0.9318419619950926 neg 0.03941827642206941 off 0.028739761582837975	false	1.0
schmuggel	neg 1.0		__DUMMY__ 0.9289341279044667 neg 0.04150071284237082 off 0.029565159253162485	false	1.0
auffallen	neg 1.0		__DUMMY__ 0.9241367200210479 neg 0.04054033764664562 off 0.035322942332306484	false	1.0
konkurrenz	neg 1.0	neg 1.0	neg 0.5091506110427402 __DUMMY__ 0.46440105390678577 off 0.02644833505047409	false	1.0
teufelskreis	neg 1.0	neg 1.0	neg 0.5095225566065132 __DUMMY__ 0.4603202178273171 off 0.03015722556616971	false	1.0
aufschreien	neg 1.0		__DUMMY__ 0.9228295939520068 neg 0.04187380852384068 off 0.03529659752415249	false	1.0
schuldner	neg 1.0		__DUMMY__ 0.9259987686646357 neg 0.04417048945839772 off 0.029830741876966622	false	1.0
missgeburt	off 1.0	off 1.0	off 0.5077594661612296 __DUMMY__ 0.45558525555972434 neg 0.036655278279045994	false	1.0
arbeitslos	neg 1.0		__DUMMY__ 0.9231912445646799 neg 0.04459692117102958 off 0.032211834264290404	false	1.0
befallen	neg 1.0		__DUMMY__ 0.9226252377803231 neg 0.045077689933151366 off 0.03229707228652559	false	1.0
miesepetrig	off 1.0	off 1.0	off 0.5041342142551719 __DUMMY__ 0.46061382053579936 neg 0.035251965209028846	false	1.0
alarmieren	neg 1.0		__DUMMY__ 0.9193709389748768 neg 0.043553091216082765 off 0.037075969809040474	false	1.0
ungeduscht	off 1.0		__DUMMY__ 0.9253063875186013 neg 0.03924925555332844 off 0.03544435692807029	false	0.5
knappheit	neg 1.0		__DUMMY__ 0.9227912851916281 neg 0.04642726265849352 off 0.030781452149878336	false	1.0
schlange	neg 1.0		__DUMMY__ 0.9278511618251802 neg 0.037565696951199594 off 0.03458314122362015	false	1.0
harsch	neg 1.0		__DUMMY__ 0.9223493077679641 off 0.040726369924967205 neg 0.03692432230706867	false	0.5
lang	neg 1.0		__DUMMY__ 0.9245459796760264 neg 0.0418580014170487 off 0.03359601890692492	false	1.0
ziellos	neg 1.0		__DUMMY__ 0.9275938043192493 neg 0.040801637733914896 off 0.03160455794683582	false	1.0
selbstverliebt	neg 1.0		__DUMMY__ 0.9143296079281156 off 0.04618686055249466 neg 0.03948353151938971	false	0.5
beseitigen	neg 1.0	neg 1.0	neg 0.5062815655453334 __DUMMY__ 0.4640604190332272 off 0.029658015421439324	false	1.0
dumm	off 1.0		__DUMMY__ 0.9186004454470807 off 0.042514654637071866 neg 0.03888489991584743	false	1.0
arbeitsloser	neg 1.0		__DUMMY__ 0.9259470476970695 neg 0.04244479654701939 off 0.03160815575591114	false	1.0
blitzen	neg 1.0		__DUMMY__ 0.922873666704993 neg 0.04134144128634545 off 0.0357848920086615	false	1.0
hilflos	neg 1.0		__DUMMY__ 0.9257969009330471 neg 0.041949221756857835 off 0.03225387731009499	false	1.0
eklig	off 1.0		__DUMMY__ 0.9183905923066528 off 0.042887699096480915 neg 0.03872170859686624	false	1.0
begriff			__DUMMY__ 0.9235544957457108 neg 0.043763430848340966 off 0.032682073405948156	false	0.0
hungersnot	neg 1.0		__DUMMY__ 0.9240745523823416 neg 0.04373580822967118 off 0.03218963938798716	false	1.0
ungesetzlich	neg 1.0		__DUMMY__ 0.9177401556524949 neg 0.04664521148471106 off 0.03561463286279407	false	1.0
verschwendung	neg 1.0		__DUMMY__ 0.9257278381048221 neg 0.04381261984982677 off 0.030459542045351146	false	1.0
schmerzvoll	neg 1.0		__DUMMY__ 0.9245251080815898 neg 0.040702613234037927 off 0.03477227868437222	false	1.0
vorzeitig	neg 1.0		__DUMMY__ 0.9250987252652974 neg 0.039286219231524436 off 0.0356150555031782	false	1.0
unvollkommenheit	neg 1.0		__DUMMY__ 0.9288845445073314 neg 0.039793627012090174 off 0.03132182848057852	false	1.0
intervenieren	neg 1.0		__DUMMY__ 0.9226002373670715 neg 0.046950508521787726 off 0.030449254111140814	false	1.0
banause	off 1.0		__DUMMY__ 0.9158327046335707 off 0.044465420640461786 neg 0.03970187472596746	false	1.0
rebell	neg 1.0		__DUMMY__ 0.9268453205294718 neg 0.04563768843140292 off 0.02751699103912527	false	1.0
unlogisch	neg 1.0		__DUMMY__ 0.9206048726005559 off 0.039765776135297574 neg 0.03962935126414653	false	0.5
leiden	neg 1.0		__DUMMY__ 0.9338308722942847 neg 0.03673539871149612 off 0.029433728994219116	false	1.0
abschaffung	neg 1.0		__DUMMY__ 0.9206872233093099 neg 0.045421299509171266 off 0.033891477181518956	false	1.0
sturz	neg 1.0		__DUMMY__ 0.9252452936378618 neg 0.041443520418500294 off 0.03331118594363792	false	1.0
verkleinerung	neg 1.0		__DUMMY__ 0.9177704562884691 neg 0.04643206147250252 off 0.03579748223902849	false	1.0
schmarotzer	off 1.0		__DUMMY__ 0.9228221540246372 neg 0.04505385747047339 off 0.03212398850488947	false	0.5
bestrafung	neg 1.0		__DUMMY__ 0.9239159725439728 neg 0.0414561015627658 off 0.034627925893261295	false	1.0
achtlos	neg 1.0		__DUMMY__ 0.9269264519980115 neg 0.03980297930736432 off 0.03327056869462427	false	1.0
