unsolidarisch	neg 1.0		neg 0.5602971121749983 off 0.432798381003146 __DUMMY__ 0.006904506821855554	false	1.0
nachteilig	neg 1.0		neg 0.5613193690217985 off 0.4316964891247606 __DUMMY__ 0.006984141853440916	false	1.0
skeptisch	neg 1.0		neg 0.5613261339941733 off 0.4316712720746774 __DUMMY__ 0.007002593931149271	false	1.0
schrecklich	neg 1.0		neg 0.5439508264572743 off 0.44909760791815984 __DUMMY__ 0.006951565624565907	false	1.0
schlapp	neg 1.0	neg 1.0	neg 0.7606827063122861 off 0.23599072214361613 __DUMMY__ 0.003326571544097779	false	1.0
abfall	neg 1.0		neg 0.5638404033753004 off 0.42913714917678336 __DUMMY__ 0.007022447447916204	false	1.0
widerspenstig	neg 1.0		neg 0.5544039749218759 off 0.4385956609511378 __DUMMY__ 0.0070003641269862854	false	1.0
abrupt	neg 1.0		neg 0.5574531845123538 off 0.4354894022792781 __DUMMY__ 0.007057413208368068	false	1.0
unwirksam	neg 1.0		neg 0.5591035917347745 off 0.43397308511089433 __DUMMY__ 0.006923323154331125	false	1.0
angreifen	neg 1.0	neg 1.0	neg 0.7675877877597892 off 0.22907962483277625 __DUMMY__ 0.003332587407434555	false	1.0
inkonsistent	neg 1.0		neg 0.5549231369568921 off 0.438103710682873 __DUMMY__ 0.0069731523602348825	false	1.0
abrutschen	neg 1.0		neg 0.5631680078633057 off 0.4298058953603096 __DUMMY__ 0.007026096776384735	false	1.0
unsicher	neg 1.0		neg 0.5541243893772162 off 0.43886901194594996 __DUMMY__ 0.007006598676833899	false	1.0
bauernkind	off 1.0	off 1.0	off 0.706119585146886 neg 0.2906094944200349 __DUMMY__ 0.0032709204330791165	false	1.0
angreifer	neg 1.0		neg 0.5529090700256646 off 0.4400898470044954 __DUMMY__ 0.007001082969840081	false	1.0
trennen	neg 1.0		neg 0.5558664839746698 off 0.4370544503006453 __DUMMY__ 0.007079065724684801	false	1.0
schmutz	neg 1.0		neg 0.551602382122376 off 0.4413809037883763 __DUMMY__ 0.007016714089247738	false	1.0
inkonsistenz	neg 1.0		neg 0.5527829134203717 off 0.4402880887546161 __DUMMY__ 0.006928997825012092	false	1.0
erschreckend	neg 1.0		neg 0.5566970831765533 off 0.4363143673063657 __DUMMY__ 0.006988549517080993	false	1.0
ertrinken	neg 1.0		neg 0.5577545550793518 off 0.4352158768122309 __DUMMY__ 0.007029568108417369	false	1.0
pickelface	off 1.0		neg 0.5585961678149405 off 0.43442489164147335 __DUMMY__ 0.006978940543586175	false	0.5
seiner			neg 0.5590978539483812 off 0.4338707230294192 __DUMMY__ 0.007031423022199619	false	0.0
lauch	neg 1.0		neg 0.5652052018128503 off 0.4278063009218462 __DUMMY__ 0.006988497265303546	false	1.0
unwichtig	neg 1.0		neg 0.5503180629323025 off 0.44272499969640283 __DUMMY__ 0.006956937371294819	false	1.0
steuerhinterziehung	neg 1.0		neg 0.5603995027084502 off 0.4326572366254242 __DUMMY__ 0.006943260666125589	false	1.0
schock	neg 1.0		neg 0.5535088423341431 off 0.4394501365638843 __DUMMY__ 0.007041021101972604	false	1.0
beule	neg 1.0		neg 0.5481779466319917 off 0.4448422437198574 __DUMMY__ 0.00697980964815086	false	1.0
vergelten	neg 1.0		neg 0.5446066370667625 off 0.4484130105107316 __DUMMY__ 0.006980352422505945	false	1.0
verdorbenheit	neg 1.0		neg 0.5552571822215525 off 0.4377424454660979 __DUMMY__ 0.007000372312349369	false	1.0
trauma	neg 1.0		neg 0.554282725203726 off 0.4387350981501298 __DUMMY__ 0.006982176646144126	false	1.0
sinnlos	neg 1.0		neg 0.5517104514143988 off 0.4412959164040348 __DUMMY__ 0.006993632181566426	false	1.0
fettsack	off 1.0	off 1.0	off 0.7080371386378931 neg 0.2886787916865515 __DUMMY__ 0.0032840696755554615	false	1.0
feige	off 1.0	off 1.0	off 0.7046311933456444 neg 0.29207237916071294 __DUMMY__ 0.0032964274936428013	false	1.0
abdanken	neg 1.0		neg 0.5584298154724113 off 0.43461337519488913 __DUMMY__ 0.006956809332699405	false	1.0
wichtigtuer	off 1.0	off 1.0	off 0.7032591189278948 neg 0.2934292235382145 __DUMMY__ 0.0033116575338907445	false	1.0
misslingen	neg 1.0		neg 0.5503178000516168 off 0.44262693313968887 __DUMMY__ 0.007055266808694366	false	1.0
untreu	off 1.0		neg 0.5491389316595453 off 0.4439134653844522 __DUMMY__ 0.006947602956002497	false	0.5
missmutig	neg 1.0		neg 0.5488587326556055 off 0.44416060550034364 __DUMMY__ 0.006980661844050793	false	1.0
hurenbock	off 1.0		neg 0.5527452936925324 off 0.44025431989023106 __DUMMY__ 0.007000386417236617	false	0.5
betrunken	neg 1.0		neg 0.5448408074323934 off 0.44817192534523737 __DUMMY__ 0.006987267222369233	false	1.0
korrupt	off 1.0		neg 0.5620134501477739 off 0.43105736184244875 __DUMMY__ 0.006929188009777378	false	0.5
unmut	neg 1.0		neg 0.5642861009897469 off 0.4287021001782199 __DUMMY__ 0.007011798832033311	false	1.0
hackfresse	off 1.0		neg 0.541750032738131 off 0.45134359299475113 __DUMMY__ 0.006906374267117677	false	0.5
aufblasen	neg 1.0		neg 0.5518538821019568 off 0.44113259512212666 __DUMMY__ 0.007013522775916549	false	1.0
gewaltsam	neg 1.0		neg 0.5567228313910949 off 0.43629041670348967 __DUMMY__ 0.006986751905415196	false	1.0
unbeliebtheit	neg 1.0		neg 0.5553991574313123 off 0.4377228279880487 __DUMMY__ 0.006878014580638983	false	1.0
sturheit	neg 1.0		neg 0.5571593097733891 off 0.4358590289722518 __DUMMY__ 0.0069816612543590895	false	1.0
kuh	neg 1.0		neg 0.5569180444219842 off 0.4361398337277087 __DUMMY__ 0.006942121850307053	false	1.0
erschrecken	neg 1.0		neg 0.5493897103348708 off 0.4436211198623035 __DUMMY__ 0.006989169802825727	false	1.0
opfer	neg 1.0		neg 0.5585162069751909 off 0.4344687694804412 __DUMMY__ 0.007015023544367825	false	1.0
sinken	neg 1.0		neg 0.5622452968107632 off 0.43072172261520364 __DUMMY__ 0.007032980574033047	false	1.0
stinktier	neg 1.0		neg 0.5458690775418298 off 0.4472256467646715 __DUMMY__ 0.006905275693498783	false	1.0
tucke	off 1.0		neg 0.5442693181201869 off 0.4488823536133004 __DUMMY__ 0.006848328266512717	false	0.5
ein			neg 0.552247412595089 off 0.4407310146997336 __DUMMY__ 0.00702157270517728	false	0.0
abstieg	neg 1.0		neg 0.5584752992534602 off 0.43448684537272464 __DUMMY__ 0.0070378553738152435	false	1.0
missverstehen	neg 1.0		neg 0.5535498397679471 off 0.439495831356727 __DUMMY__ 0.0069543288753259455	false	1.0
ergebnislos	neg 1.0		neg 0.5604195510016089 off 0.4325748502093152 __DUMMY__ 0.007005598789075855	false	1.0
unter			neg 0.5640872802988258 off 0.4287948387716276 __DUMMY__ 0.007117880929546409	false	0.0
manipulieren	neg 1.0		neg 0.561013913367913 off 0.4319796978262231 __DUMMY__ 0.007006388805863865	false	1.0
unbewiesen	neg 1.0		neg 0.5605012004900649 off 0.43260448791532624 __DUMMY__ 0.006894311594608742	false	1.0
verschleppen	neg 1.0		neg 0.5592734067702654 off 0.4337386137955716 __DUMMY__ 0.0069879794341630745	false	1.0
weib	off 1.0		neg 0.5425099925478067 off 0.4505952696040846 __DUMMY__ 0.006894737848108694	false	0.5
opposition	neg 1.0		neg 0.5552740949939267 off 0.4377801471050097 __DUMMY__ 0.006945757901063622	false	1.0
verkehrswidrig	neg 1.0	neg 1.0	neg 0.7562267517762187 off 0.24040980025855369 __DUMMY__ 0.0033634479652275995	false	1.0
inkorrekt	neg 1.0		neg 0.5506969063745214 off 0.4424116329293234 __DUMMY__ 0.006891460696155262	false	1.0
vermeiden	neg 1.0		neg 0.5637957653128584 off 0.4291365546640082 __DUMMY__ 0.00706768002313331	false	1.0
abweichung	neg 1.0	neg 1.0	neg 0.7667126233488382 off 0.22994900166856252 __DUMMY__ 0.0033383749825992856	false	1.0
alkoholisiert	neg 1.0		neg 0.5544710490347678 off 0.4384114050737834 __DUMMY__ 0.0071175458914487216	false	1.0
scheiss	off 1.0	off 1.0	off 0.7059113712510736 neg 0.2907735928485804 __DUMMY__ 0.003315035900345973	false	1.0
herausforderung	neg 1.0	neg 1.0	neg 0.7646658913716655 off 0.2319472053380359 __DUMMY__ 0.0033869032902986485	false	1.0
pervers	off 1.0		neg 0.5387089870343802 off 0.4544057157493628 __DUMMY__ 0.006885297216257031	false	0.5
wackelig	neg 1.0		neg 0.5540403059659403 off 0.4388915590941129 __DUMMY__ 0.007068134939946791	false	1.0
verwickeln	neg 1.0		neg 0.5533223341597661 off 0.4397167272418761 __DUMMY__ 0.006960938598357758	false	1.0
vorwand	neg 1.0		neg 0.5619922018422834 off 0.43099966706664594 __DUMMY__ 0.007008131091070806	false	1.0
muschi	off 1.0		neg 0.5575646367925852 off 0.4354481898299722 __DUMMY__ 0.006987173377442635	false	0.5
entmutigung	neg 1.0		neg 0.5567667091828286 off 0.4363036896798814 __DUMMY__ 0.006929601137290003	false	1.0
unangemessen	neg 1.0		neg 0.5587987767551316 off 0.43422871642985267 __DUMMY__ 0.0069725068150157075	false	1.0
unstetig	neg 1.0		neg 0.5545385841999164 off 0.4384832883256501 __DUMMY__ 0.0069781274744335105	false	1.0
entmutigen	neg 1.0		neg 0.552855632910756 off 0.44014750995965396 __DUMMY__ 0.006996857129590076	false	1.0
schwanz	neg 1.0		neg 0.560615041767768 off 0.4323782552304177 __DUMMY__ 0.007006703001814258	false	1.0
verbot	neg 1.0		neg 0.5613213690621699 off 0.4317285154227818 __DUMMY__ 0.006950115515048409	false	1.0
leid	neg 1.0		neg 0.5431030054283829 off 0.44995805750398965 __DUMMY__ 0.006938937067627475	false	1.0
archaisch	neg 1.0		neg 0.5573862724401765 off 0.4356137608265671 __DUMMY__ 0.00699996673325646	false	1.0
gegen			neg 0.5614320342176885 off 0.4315315657426618 __DUMMY__ 0.00703640003964956	false	0.0
scheidung	neg 1.0		neg 0.5341792666662682 off 0.45893338632151126 __DUMMY__ 0.006887347012220623	false	1.0
einschlag	neg 1.0	neg 1.0	neg 0.7591907000889024 off 0.23749306483460098 __DUMMY__ 0.003316235076496457	false	1.0
m			neg 0.556474782609072 off 0.436503040483351 __DUMMY__ 0.007022176907577018	false	0.0
abgestanden	neg 1.0		neg 0.5543073656631341 off 0.4387060485236817 __DUMMY__ 0.006986585813184121	false	1.0
schmierig	off 1.0		neg 0.5436247392216517 off 0.4494329036034956 __DUMMY__ 0.006942357174852957	false	0.5
unpraktisch	neg 1.0		neg 0.5518139145741976 off 0.441163568672085 __DUMMY__ 0.0070225167537175314	false	1.0
wixxer	off 1.0		neg 0.5397845632436695 off 0.4533438561608418 __DUMMY__ 0.006871580595488893	false	0.5
bezeichnet			neg 0.5564386251701727 off 0.4365828274673731 __DUMMY__ 0.006978547362454242	false	0.0
jammerlappen	off 1.0		neg 0.5499104848281574 off 0.44312881982528496 __DUMMY__ 0.006960695346557567	false	0.5
farce	neg 1.0		neg 0.5606672031887068 off 0.43239141929242886 __DUMMY__ 0.00694137751886428	false	1.0
zwecklos	neg 1.0		neg 0.5581744804633733 off 0.43484111648584634 __DUMMY__ 0.006984403050780462	false	1.0
turbulent	neg 1.0		neg 0.5506688164655781 off 0.4423961853300119 __DUMMY__ 0.006934998204410092	false	1.0
invasion	neg 1.0		neg 0.5517534412602694 off 0.44125545260993476 __DUMMY__ 0.00699110612979574	false	1.0
schuld	neg 1.0		neg 0.5540596817160048 off 0.43895309802520666 __DUMMY__ 0.006987220258788495	false	1.0
risiko	neg 1.0		neg 0.5536216480232461 off 0.43936674789628305 __DUMMY__ 0.0070116040804707	false	1.0
finster	neg 1.0		neg 0.5525736129416394 off 0.44041789283935845 __DUMMY__ 0.007008494219002266	false	1.0
geisteskrank	off 1.0		neg 0.5493637849328393 off 0.44370745534945133 __DUMMY__ 0.006928759717709424	false	0.5
zusammenbrechen	neg 1.0		neg 0.5554473049328728 off 0.4375326044386335 __DUMMY__ 0.007020090628493645	false	1.0
ausbeute	neg 1.0		neg 0.5566484576724564 off 0.4362775389232939 __DUMMY__ 0.007074003404249759	false	1.0
hinterhalt	neg 1.0		neg 0.5558759743454981 off 0.4370999164708832 __DUMMY__ 0.007024109183618657	false	1.0
kritik	neg 1.0		neg 0.5605435005744865 off 0.4325085943465526 __DUMMY__ 0.00694790507896088	false	1.0
einschrumpfen	neg 1.0		neg 0.5551152210366178 off 0.4379679692139514 __DUMMY__ 0.006916809749430694	false	1.0
riskant	neg 1.0		neg 0.5600765613700592 off 0.43293080478813273 __DUMMY__ 0.0069926338418080675	false	1.0
frustrieren	neg 1.0		neg 0.5589356307122668 off 0.4340568179593745 __DUMMY__ 0.00700755132835868	false	1.0
groll	neg 1.0		neg 0.5575287333220996 off 0.43546782024195835 __DUMMY__ 0.007003446435942045	false	1.0
gibt			neg 0.5567272446192414 off 0.4362667492205323 __DUMMY__ 0.0070060061602262545	false	0.0
qualvoll	neg 1.0		neg 0.5496396354552373 off 0.4433567535426432 __DUMMY__ 0.0070036110021192985	false	1.0
wackeln	neg 1.0	neg 1.0	neg 0.7625638930335757 off 0.23408425781725434 __DUMMY__ 0.0033518491491699187	false	1.0
klagen	neg 1.0		neg 0.5633549535813247 off 0.4296285779479405 __DUMMY__ 0.007016468470734776	false	1.0
bankrott	neg 1.0		neg 0.5502715438343232 off 0.44274891783143744 __DUMMY__ 0.006979538334239557	false	1.0
trauern	neg 1.0		neg 0.5574067352942098 off 0.4355539597474323 __DUMMY__ 0.007039304958357792	false	1.0
ablehnung	neg 1.0		neg 0.5606879100856522 off 0.4323674646856369 __DUMMY__ 0.006944625228710792	false	1.0
stur	neg 1.0		neg 0.5537468721035044 off 0.43927551755345756 __DUMMY__ 0.00697761034303794	false	1.0
aufruhr	neg 1.0		neg 0.5570158586025641 off 0.4359999821278915 __DUMMY__ 0.006984159269544366	false	1.0
melancholie	neg 1.0		neg 0.556061303209998 off 0.43690624178590703 __DUMMY__ 0.007032455004094871	false	1.0
ist			neg 0.5525665591965615 off 0.44044217210839054 __DUMMY__ 0.0069912686950479065	false	0.0
torheit	neg 1.0		neg 0.5561479472606008 off 0.4368974588418898 __DUMMY__ 0.006954593897509409	false	1.0
dreckskind	off 1.0		neg 0.5446163150990296 off 0.4484891081385443 __DUMMY__ 0.006894576762426106	false	0.5
umtauschen	neg 1.0		neg 0.5544491668329078 off 0.4385402142713209 __DUMMY__ 0.0070106188957711766	false	1.0
zum			neg 0.5596326649022478 off 0.4332296582439776 __DUMMY__ 0.007137676853774578	false	0.0
zersetzen	neg 1.0		neg 0.5622886016588412 off 0.4307256103365265 __DUMMY__ 0.006985788004632337	false	1.0
zur			neg 0.5646054562365347 off 0.4283265585581118 __DUMMY__ 0.007067985205353453	false	0.0
frust	neg 1.0		neg 0.5556437443621839 off 0.4373353888016626 __DUMMY__ 0.007020866836153449	false	1.0
unerbittlichkeit	neg 1.0		neg 0.5615689547221397 off 0.43143538610121096 __DUMMY__ 0.006995659176649279	false	1.0
zwei			neg 0.5584194170487244 off 0.43447286342295927 __DUMMY__ 0.007107719528316181	false	0.0
unkorrekt	neg 1.0		neg 0.549221719830782 off 0.44387552837199395 __DUMMY__ 0.006902751797224084	false	1.0
hexe	off 1.0		neg 0.54873756478494 off 0.44429907069841934 __DUMMY__ 0.006963364516640686	false	0.5
lasch	neg 1.0		neg 0.5524985746662594 off 0.4405568262895962 __DUMMY__ 0.00694459904414448	false	1.0
rivale	neg 1.0		neg 0.5456742600795553 off 0.4473561904235196 __DUMMY__ 0.006969549496924986	false	1.0
mutlos	off 1.0	off 1.0	off 0.6990300806097348 neg 0.29765191713822386 __DUMMY__ 0.003318002252041364	false	1.0
wirr	off 1.0		neg 0.5484884695722045 off 0.44460329342958754 __DUMMY__ 0.0069082369982077785	false	0.5
jahr			neg 0.5562884700458509 off 0.436609814120157 __DUMMY__ 0.0071017158339922665	false	0.0
wird			neg 0.5575625527167556 off 0.43541439044477515 __DUMMY__ 0.0070230568384691055	false	0.0
strafbar	neg 1.0		neg 0.5605478965108157 off 0.4324697867835873 __DUMMY__ 0.0069823167055970805	false	1.0
erosion	neg 1.0		neg 0.5531637718550031 off 0.439824704047609 __DUMMY__ 0.007011524097387935	false	1.0
eingehen	neg 1.0		neg 0.5592890745164139 off 0.43372916202862766 __DUMMY__ 0.0069817634549583975	false	1.0
faul	off 1.0		neg 0.5493840960139712 off 0.44362898425150854 __DUMMY__ 0.006986919734520199	false	0.5
provisorium	neg 1.0		neg 0.5661640266943637 off 0.4267489834142269 __DUMMY__ 0.007086989891409318	false	1.0
schmerzen	neg 1.0		neg 0.5542566237227854 off 0.4387385294684816 __DUMMY__ 0.007004846808733192	false	1.0
schrumpfen	neg 1.0		neg 0.5658429112117187 off 0.42712207146267267 __DUMMY__ 0.007035017325608604	false	1.0
geistlos	off 1.0		neg 0.5562079310541325 off 0.43688465821707495 __DUMMY__ 0.0069074107287927285	false	0.5
fehlkauf	neg 1.0		neg 0.5541125268919498 off 0.43892089891432967 __DUMMY__ 0.006966574193720629	false	1.0
frustrierend	neg 1.0		neg 0.5491368503343677 off 0.4438652062359653 __DUMMY__ 0.006997943429667011	false	1.0
unzufrieden	neg 1.0		neg 0.5582195870103919 off 0.4347932165740326 __DUMMY__ 0.006987196415575452	false	1.0
verzweifeln	neg 1.0		neg 0.5549250566931064 off 0.4380695804560743 __DUMMY__ 0.007005362850819113	false	1.0
verzweifelt	neg 1.0		neg 0.5536252628494671 off 0.43939664637102405 __DUMMY__ 0.006978090779508756	false	1.0
misstrauensantrag	neg 1.0		neg 0.5539428559434811 off 0.439103000088513 __DUMMY__ 0.006954143968005776	false	1.0
abfallen	neg 1.0		neg 0.5510086529133722 off 0.4419610703455535 __DUMMY__ 0.007030276741074413	false	1.0
fucker	off 1.0		neg 0.5485627345811186 off 0.4445030051813304 __DUMMY__ 0.006934260237551089	false	0.5
ungezogen	neg 1.0		neg 0.539246845443862 off 0.4538372306147753 __DUMMY__ 0.00691592394136272	false	1.0
irrsinnig	neg 1.0	neg 1.0	neg 0.7640182678321419 off 0.23266341282353878 __DUMMY__ 0.0033183193443192135	false	1.0
unfassbar	neg 1.0		neg 0.5486881399926467 off 0.444348213191797 __DUMMY__ 0.006963646815556302	false	1.0
hart	neg 1.0		neg 0.5525279493310173 off 0.4405222985287542 __DUMMY__ 0.006949752140228577	false	1.0
widerlich	off 1.0		neg 0.5493694692691939 off 0.44370096181537044 __DUMMY__ 0.006929568915435693	false	0.5
fatal	neg 1.0		neg 0.5535453640100433 off 0.43948479699538756 __DUMMY__ 0.006969838994569043	false	1.0
bruch	neg 1.0		neg 0.563736981118628 off 0.42925856676656104 __DUMMY__ 0.00700445211481095	false	1.0
aushungern	neg 1.0		neg 0.5590091701107022 off 0.43403766924889087 __DUMMY__ 0.006953160640406938	false	1.0
anspannung	neg 1.0	neg 1.0	neg 0.7670785168351303 off 0.22952233598996366 __DUMMY__ 0.0033991471749060236	false	1.0
von			neg 0.5581323924654452 off 0.43478157828127445 __DUMMY__ 0.007086029253280367	false	0.0
kraftlos	neg 1.0		neg 0.5549898738589035 off 0.4379670113611825 __DUMMY__ 0.007043114779914026	false	1.0
vom			neg 0.5626776041370051 off 0.4301897440744387 __DUMMY__ 0.0071326517885562535	false	0.0
grenzdebil	off 1.0		neg 0.5475158542875478 off 0.44552386021243734 __DUMMY__ 0.006960285500014953	false	0.5
vor			neg 0.5602053318188175 off 0.43275514244781627 __DUMMY__ 0.007039525733366167	false	0.0
unterwerfen	neg 1.0		neg 0.5591478301844717 off 0.43384204644065066 __DUMMY__ 0.007010123374877681	false	1.0
versenkung	neg 1.0		neg 0.559805621157383 off 0.43318820855996076 __DUMMY__ 0.007006170282656186	false	1.0
entziehen	neg 1.0		neg 0.5623960848431451 off 0.4305862729295809 __DUMMY__ 0.007017642227273998	false	1.0
finanzkrise	neg 1.0		neg 0.5600276758174869 off 0.4330419650867305 __DUMMY__ 0.0069303590957826575	false	1.0
schimpfend	neg 1.0		neg 0.5505868291584715 off 0.44237084898904755 __DUMMY__ 0.007042321852480904	false	1.0
profan	neg 1.0		neg 0.5518210215328792 off 0.4412029800401203 __DUMMY__ 0.006975998427000539	false	1.0
korruption	neg 1.0	neg 1.0	neg 0.7678094522812402 off 0.22888588304414964 __DUMMY__ 0.0033046646746102302	false	1.0
â			neg 0.5581819982771903 off 0.4348007845946009 __DUMMY__ 0.007017217128208915	false	0.0
schmutzig	neg 1.0		neg 0.547806174362168 off 0.44522455116480414 __DUMMY__ 0.00696927447302766	false	1.0
sexy	neg 1.0		neg 0.5511176085212441 off 0.4419065661614327 __DUMMY__ 0.006975825317323244	false	1.0
abraten	neg 1.0		neg 0.5527759992554415 off 0.4402407521372335 __DUMMY__ 0.006983248607325021	false	1.0
schwarz	neg 1.0		neg 0.554053066192395 off 0.43897252935542014 __DUMMY__ 0.006974404452184818	false	1.0
fotze	off 1.0		neg 0.5601600590172238 off 0.4328480760727564 __DUMMY__ 0.006991864910019757	false	0.5
verwirren	neg 1.0		neg 0.5514008464046255 off 0.44162001563424746 __DUMMY__ 0.006979137961127016	false	1.0
zahnlos	off 1.0		neg 0.5586120509845308 off 0.43440805585684983 __DUMMY__ 0.0069798931586193625	false	0.5
verheeren	neg 1.0		neg 0.5387412660095212 off 0.4543517837168772 __DUMMY__ 0.006906950273601586	false	1.0
hippie	neg 1.0		neg 0.552220860834652 off 0.440810508911981 __DUMMY__ 0.006968630253366923	false	1.0
rammen	neg 1.0		neg 0.5554718564195036 off 0.4375654223424956 __DUMMY__ 0.0069627212380008645	false	1.0
unlauter	neg 1.0		neg 0.5582913719379906 off 0.43478779434636977 __DUMMY__ 0.006920833715639687	false	1.0
unheilvoll	neg 1.0		neg 0.5503301927010565 off 0.4426532568340501 __DUMMY__ 0.007016550464893464	false	1.0
niedrig	neg 1.0		neg 0.5606351820853686 off 0.43236083802427877 __DUMMY__ 0.007003979890352657	false	1.0
explosion	neg 1.0		neg 0.5530289335950737 off 0.4400050045518494 __DUMMY__ 0.006966061853076866	false	1.0
weichei	off 1.0		neg 0.5437452034593115 off 0.4493479482141615 __DUMMY__ 0.006906848326526837	false	0.5
minusmensch	off 1.0		neg 0.5436008526597088 off 0.4495729458917687 __DUMMY__ 0.0068262014485226796	false	0.5
farblos	neg 1.0		neg 0.553138759912051 off 0.43980946187643405 __DUMMY__ 0.007051778211514923	false	1.0
unwissend	neg 1.0	neg 1.0	neg 0.7613945136898995 off 0.23529649925573012 __DUMMY__ 0.003308987054370307	false	1.0
traurig	neg 1.0		neg 0.5448222870525439 off 0.44821641256140515 __DUMMY__ 0.0069613003860510055	false	1.0
senkung	neg 1.0		neg 0.5542155468657791 off 0.4388472160523453 __DUMMY__ 0.006937237081875724	false	1.0
ungleich	neg 1.0	neg 1.0	neg 0.7678265720691683 off 0.22885385817214632 __DUMMY__ 0.003319569758685389	false	1.0
heikel	neg 1.0		neg 0.5615377267318239 off 0.4314679975804966 __DUMMY__ 0.0069942756876793825	false	1.0
drosselung	neg 1.0		neg 0.5482846292786593 off 0.44475588128428223 __DUMMY__ 0.006959489437058364	false	1.0
falsch	neg 1.0		neg 0.5501420381287977 off 0.44288436437603934 __DUMMY__ 0.006973597495162816	false	1.0
unzufriedenheit	neg 1.0		neg 0.5617169272371514 off 0.4312767990139424 __DUMMY__ 0.007006273748906293	false	1.0
kurz	neg 1.0		neg 0.5539965210183851 off 0.4389553390275076 __DUMMY__ 0.00704813995410719	false	1.0
unsinnig	neg 1.0		neg 0.5586618751144634 off 0.4343722668579009 __DUMMY__ 0.006965858027635726	false	1.0
penner	off 1.0	off 1.0	off 0.7097678834943552 neg 0.28694970103257444 __DUMMY__ 0.003282415473070428	false	1.0
seicht	neg 1.0		neg 0.5419432927505993 off 0.45118532833566716 __DUMMY__ 0.006871378913733496	false	1.0
dummheit	off 1.0	off 1.0	off 0.7031402997193807 neg 0.2935549509060923 __DUMMY__ 0.00330474937452703	false	1.0
unerfreulich	neg 1.0		neg 0.5611739880348083 off 0.4318028137557861 __DUMMY__ 0.007023198209405568	false	1.0
motherfucker	off 1.0	off 1.0	off 0.7054786312593817 neg 0.2912299963384232 __DUMMY__ 0.0032913724021950723	false	1.0
pikiert	neg 1.0		neg 0.5508882538899791 off 0.44218269457937914 __DUMMY__ 0.006929051530641866	false	1.0
wrack	neg 1.0		neg 0.5565432012258955 off 0.43639554034465394 __DUMMY__ 0.007061258429450429	false	1.0
gangster	neg 1.0		neg 0.5521749580096916 off 0.44084684590956263 __DUMMY__ 0.006978196080745764	false	1.0
krank	neg 1.0		neg 0.5458757536579086 off 0.4471407859774697 __DUMMY__ 0.006983460364621715	false	1.0
reich	neg 1.0		neg 0.5515719651140355 off 0.4414817325881465 __DUMMY__ 0.006946302297818001	false	1.0
gnadenlos	neg 1.0		neg 0.5537928610489629 off 0.43921505760253726 __DUMMY__ 0.006992081348499987	false	1.0
niedergeschlagen	neg 1.0		neg 0.5550151904783499 off 0.43796050541744413 __DUMMY__ 0.007024304104205923	false	1.0
terrorisieren	off 1.0	off 1.0	off 0.7002014061963199 neg 0.296463739100652 __DUMMY__ 0.0033348547030282224	false	1.0
sinnlosigkeit	neg 1.0		neg 0.5575214923490759 off 0.435483127385387 __DUMMY__ 0.006995380265537049	false	1.0
behindern	neg 1.0		neg 0.5567573401638528 off 0.43626270217252067 __DUMMY__ 0.0069799576636266365	false	1.0
undemokratisch	neg 1.0		neg 0.5574388782616763 off 0.4356290515402924 __DUMMY__ 0.006932070198031203	false	1.0
wirtschaftskrise	neg 1.0		neg 0.5610963140233163 off 0.43193707336173826 __DUMMY__ 0.006966612614945414	false	1.0
neid	neg 1.0		neg 0.5466234053878771 off 0.4463551150243112 __DUMMY__ 0.007021479587811696	false	1.0
rutschen	neg 1.0	neg 1.0	neg 0.7659827548722187 off 0.2306233252188119 __DUMMY__ 0.003393919908969301	false	1.0
rezession	neg 1.0		neg 0.548837338359402 off 0.4442890556471855 __DUMMY__ 0.006873605993412603	false	1.0
fehlgeburt	neg 1.0		neg 0.5514445215636651 off 0.44155068306604817 __DUMMY__ 0.0070047953702867755	false	1.0
charakterschwach	off 1.0		neg 0.5490209882461413 off 0.44403406702089904 __DUMMY__ 0.006944944732959685	false	0.5
isolation	neg 1.0		neg 0.5493043663182633 off 0.4437000847707132 __DUMMY__ 0.006995548911023461	false	1.0
ablenkung	neg 1.0		neg 0.5538521832164278 off 0.43914377023595036 __DUMMY__ 0.007004046547621796	false	1.0
pech	neg 1.0		neg 0.5495873335041312 off 0.4434227827055365 __DUMMY__ 0.006989883790332446	false	1.0
vermeidung	neg 1.0		neg 0.5493772620125345 off 0.44369026653490773 __DUMMY__ 0.006932471452557857	false	1.0
dominieren	neg 1.0		neg 0.5563128371565997 off 0.4366347600882909 __DUMMY__ 0.007052402755109305	false	1.0
schwindlig	neg 1.0		neg 0.54951334321976 off 0.44346076542500207 __DUMMY__ 0.007025891355237894	false	1.0
lutscher	neg 1.0	neg 1.0	neg 0.7567181295767578 off 0.2400135228368987 __DUMMY__ 0.003268347586343547	false	1.0
pflicht	neg 1.0		neg 0.5611025445534277 off 0.4318910073872667 __DUMMY__ 0.007006448059305556	false	1.0
faschist	off 1.0		neg 0.5547225048204942 off 0.43835054704592036 __DUMMY__ 0.006926948133585254	false	0.5
verschleudern	neg 1.0		neg 0.563473972043836 off 0.4295848167716455 __DUMMY__ 0.006941211184518543	false	1.0
wenn			neg 0.5497258941716577 off 0.44329835940400725 __DUMMY__ 0.006975746424334936	false	0.0
ehebruch	neg 1.0		neg 0.5598620540515471 off 0.433153051729256 __DUMMY__ 0.006984894219196961	false	1.0
spott	off 1.0		neg 0.5610439710818983 off 0.43197914475078697 __DUMMY__ 0.006976884167314573	false	0.5
trostlosigkeit	neg 1.0		neg 0.5621382479859982 off 0.43084555153221216 __DUMMY__ 0.007016200481789558	false	1.0
lutschen	neg 1.0		neg 0.5541790440909932 off 0.4388756243349298 __DUMMY__ 0.00694533157407713	false	1.0
undiszipliniert	neg 1.0		neg 0.546203681425663 off 0.4468386009835105 __DUMMY__ 0.006957717590826347	false	1.0
kopfschmerz	neg 1.0		neg 0.5548241945645468 off 0.438147640577371 __DUMMY__ 0.0070281648580823	false	1.0
unvorhergesehen	neg 1.0		neg 0.5552869532089046 off 0.43763680046404674 __DUMMY__ 0.0070762463270486456	false	1.0
desinteressiert	neg 1.0		neg 0.547370693064031 off 0.44568867541559337 __DUMMY__ 0.0069406315203756844	false	1.0
armselig	off 1.0		neg 0.5477702119823317 off 0.4453192480958367 __DUMMY__ 0.006910539921831624	false	0.5
desaster	neg 1.0		neg 0.5644389843889176 off 0.42855563791077533 __DUMMY__ 0.007005377700307032	false	1.0
tod	neg 1.0		neg 0.5580897176950271 off 0.4348932298559899 __DUMMY__ 0.007017052448983067	false	1.0
herzlos	neg 1.0		neg 0.5459332383489238 off 0.4471361824003351 __DUMMY__ 0.006930579250741096	false	1.0
unwissenheit	neg 1.0		neg 0.559682926719447 off 0.4333537145461006 __DUMMY__ 0.0069633587344524435	false	1.0
widersinnig	neg 1.0	neg 1.0	neg 0.7672943831488921 off 0.22940581420550243 __DUMMY__ 0.003299802645605536	false	1.0
bedenklich	neg 1.0		neg 0.5599807412187239 off 0.4330319837352349 __DUMMY__ 0.006987275046041105	false	1.0
beanstanden	neg 1.0		neg 0.5617129072158838 off 0.4312762573162813 __DUMMY__ 0.007010835467834993	false	1.0
panisch	neg 1.0	neg 1.0	neg 0.7606660117233847 off 0.23597628343753932 __DUMMY__ 0.0033577048390761232	false	1.0
debil	off 1.0		neg 0.5663886258496038 off 0.42656591093320423 __DUMMY__ 0.00704546321719206	false	0.5
abstrich	neg 1.0		neg 0.5590066285288144 off 0.43400384255321794 __DUMMY__ 0.006989528917967578	false	1.0
primitiv	neg 1.0		neg 0.548808028961904 off 0.4442622973654396 __DUMMY__ 0.006929673672656472	false	1.0
abschaum	off 1.0	off 1.0	off 0.7046541236482448 neg 0.2920419378222226 __DUMMY__ 0.00330393852953263	false	1.0
provozieren	neg 1.0		neg 0.5549912252495046 off 0.43803403511367445 __DUMMY__ 0.0069747396368210314	false	1.0
tot	neg 1.0		neg 0.5588640674968129 off 0.43412320316861175 __DUMMY__ 0.00701272933457541	false	1.0
instabil	neg 1.0		neg 0.5506410457981243 off 0.4424576528073801 __DUMMY__ 0.006901301394495433	false	1.0
schwuchtel	off 1.0		neg 0.5371701752193827 off 0.4559974394004999 __DUMMY__ 0.006832385380117243	false	0.5
zerren	neg 1.0		neg 0.5547332552041492 off 0.43823890919920455 __DUMMY__ 0.007027835596646204	false	1.0
kinderficker	off 1.0		neg 0.5455443698319267 off 0.4475640752153516 __DUMMY__ 0.006891554952721925	false	0.5
gefahr	neg 1.0		neg 0.5615630676190941 off 0.4314290918764447 __DUMMY__ 0.007007840504461186	false	1.0
rabiat	neg 1.0		neg 0.5559521491399061 off 0.4370744569463103 __DUMMY__ 0.006973393913783547	false	1.0
verlangsamung	neg 1.0		neg 0.5438399620575778 off 0.4492789226987225 __DUMMY__ 0.006881115243699904	false	1.0
ausgestorben	neg 1.0		neg 0.5543702776647995 off 0.4386127820794309 __DUMMY__ 0.007016940255769734	false	1.0
anklagen	neg 1.0		neg 0.5587931264805185 off 0.43423720170753266 __DUMMY__ 0.006969671811948827	false	1.0
trott	neg 1.0		neg 0.5550973510201308 off 0.4378971704743004 __DUMMY__ 0.00700547850556887	false	1.0
verminderung	neg 1.0		neg 0.547738755417373 off 0.44531942009759057 __DUMMY__ 0.006941824485036587	false	1.0
nach			neg 0.5600059213703535 off 0.4328712485563723 __DUMMY__ 0.007122830073274086	false	0.0
rost	neg 1.0		neg 0.5437405049758701 off 0.4493478100813422 __DUMMY__ 0.006911684942787787	false	1.0
destruktiv	neg 1.0		neg 0.557658988856126 off 0.43538683187429683 __DUMMY__ 0.006954179269577267	false	1.0
unzumutbarkeit	neg 1.0		neg 0.5491528608114005 off 0.44386816223429365 __DUMMY__ 0.006978976954305912	false	1.0
labil	off 1.0	off 1.0	off 0.7045285082305619 neg 0.2921680025529591 __DUMMY__ 0.0033034892164789907	false	1.0
ziemlich	neg 1.0		neg 0.5471588644065106 off 0.44586017401272926 __DUMMY__ 0.006980961580760266	false	1.0
lachnummer	off 1.0		neg 0.5560165812653535 off 0.4370039401627927 __DUMMY__ 0.006979478571853747	false	0.5
oder			neg 0.55284815875423 off 0.44013035257819005 __DUMMY__ 0.007021488667579955	false	0.0
verfall	neg 1.0		neg 0.5667737023521816 off 0.42620714198571885 __DUMMY__ 0.007019155662099497	false	1.0
ausgrenzung	neg 1.0		neg 0.5571809573460117 off 0.43589940130380783 __DUMMY__ 0.006919641350180454	false	1.0
unordnung	neg 1.0		neg 0.548709784101962 off 0.4443214325459441 __DUMMY__ 0.0069687833520937275	false	1.0
fehlverhalten	neg 1.0		neg 0.5617166894709736 off 0.43129440075729636 __DUMMY__ 0.006988909771730021	false	1.0
eine			neg 0.5603682243188368 off 0.4326052349091242 __DUMMY__ 0.0070265407720389505	false	0.0
nille	neg 1.0		neg 0.556761870239713 off 0.4362468010648093 __DUMMY__ 0.0069913286954776275	false	1.0
qual	neg 1.0		neg 0.5556878486012939 off 0.4373122388830195 __DUMMY__ 0.006999912515686532	false	1.0
verschwenden	neg 1.0		neg 0.5591113292500902 off 0.4338982127896492 __DUMMY__ 0.006990457960260623	false	1.0
riesig	neg 1.0	neg 1.0	neg 0.7656880912328359 off 0.23096354794991814 __DUMMY__ 0.0033483608172460255	false	1.0
verurteilen	neg 1.0		neg 0.5591931733850164 off 0.43383342913411477 __DUMMY__ 0.006973397480868773	false	1.0
klischee	neg 1.0	neg 1.0	neg 0.7630156442490792 off 0.23368219841983082 __DUMMY__ 0.0033021573310900456	false	1.0
diktatorisch	neg 1.0		neg 0.5580611374337628 off 0.4350306869189536 __DUMMY__ 0.0069081756472835695	false	1.0
vorhersehbar	neg 1.0	neg 1.0	neg 0.7630963954192631 off 0.23359371157514688 __DUMMY__ 0.0033098930055900032	false	1.0
sowie			neg 0.5453424511246859 off 0.4477609874341917 __DUMMY__ 0.006896561441122282	false	0.0
stornieren	neg 1.0		neg 0.5501869472962508 off 0.442753112268241 __DUMMY__ 0.007059940435508261	false	1.0
besteuerung	neg 1.0		neg 0.5573433272169921 off 0.4357228313034531 __DUMMY__ 0.0069338414795547	false	1.0
ungeschminkt	neg 1.0		neg 0.5494402720599056 off 0.44362581363402054 __DUMMY__ 0.0069339143060738176	false	1.0
kritisch	neg 1.0		neg 0.5599127754587649 off 0.4330933237380248 __DUMMY__ 0.0069939008032102006	false	1.0
schlamperei	off 1.0		neg 0.5625143312412558 off 0.4305108867839182 __DUMMY__ 0.006974781974825803	false	0.5
sucht	neg 1.0	neg 1.0	neg 0.7641565779308601 off 0.2325101839313353 __DUMMY__ 0.0033332381378045318	false	1.0
egoistisch	off 1.0		neg 0.5427271023041976 off 0.45034489251359133 __DUMMY__ 0.006928005182210989	false	0.5
ausbeuter	off 1.0		neg 0.5630714082931877 off 0.4299607093640561 __DUMMY__ 0.006967882342756222	false	0.5
arschgeburt	off 1.0		neg 0.5374652431167033 off 0.45571000329961314 __DUMMY__ 0.006824753583683549	false	0.5
schubs	neg 1.0	neg 1.0	neg 0.7643552384981946 off 0.23228875768150825 __DUMMY__ 0.003356003820297093	false	1.0
unsolide	neg 1.0		neg 0.5593262234963872 off 0.43380258530656934 __DUMMY__ 0.006871191197043551	false	1.0
beschwerde	neg 1.0		neg 0.5625524438863001 off 0.4304785049578044 __DUMMY__ 0.006969051155895523	false	1.0
stocken	neg 1.0		neg 0.5607572983750463 off 0.432255790214845 __DUMMY__ 0.006986911410108699	false	1.0
isolieren	neg 1.0		neg 0.5595311743411046 off 0.4334891245118521 __DUMMY__ 0.00697970114704338	false	1.0
unheilbar	neg 1.0		neg 0.5532967328629463 off 0.43969256040683985 __DUMMY__ 0.007010706730213792	false	1.0
pisser	off 1.0		neg 0.5486464006638262 off 0.44442627894693165 __DUMMY__ 0.006927320389242188	false	0.5
löschen	neg 1.0		neg 0.5552576872500878 off 0.4377505064617044 __DUMMY__ 0.0069918062882076545	false	1.0
durchfallen	neg 1.0		neg 0.5591880626698803 off 0.43383864600087724 __DUMMY__ 0.006973291329242351	false	1.0
wichser	off 1.0		neg 0.5380942057816697 off 0.4550114482434737 __DUMMY__ 0.006894345974856692	false	0.5
terror	neg 1.0		neg 0.5511983705433581 off 0.4418087132288878 __DUMMY__ 0.006992916227754083	false	1.0
krass	neg 1.0		neg 0.5453740347486827 off 0.44769853326700243 __DUMMY__ 0.006927431984314937	false	1.0
revolte	neg 1.0	neg 1.0	neg 0.7645942319488224 off 0.23210726680279495 __DUMMY__ 0.0032985012483826947	false	1.0
besorgt	neg 1.0		neg 0.5547266645607257 off 0.43822494633243647 __DUMMY__ 0.007048389106837853	false	1.0
nachlassen	neg 1.0		neg 0.5594827330738021 off 0.4335024670211161 __DUMMY__ 0.007014799905081643	false	1.0
alt	neg 1.0		neg 0.558123188736199 off 0.43486528058363305 __DUMMY__ 0.007011530680167873	false	1.0
hundesohn	off 1.0		neg 0.5423137103172236 off 0.4508243069744648 __DUMMY__ 0.006861982708311559	false	0.5
als			neg 0.5554073430919056 off 0.4375627075584755 __DUMMY__ 0.007029949349618787	false	0.0
abschreckung	neg 1.0		neg 0.5628396928526986 off 0.43015544464832733 __DUMMY__ 0.00700486249897422	false	1.0
unqualifiziert	neg 1.0		neg 0.5540057733869194 off 0.4390679348776033 __DUMMY__ 0.006926291735477362	false	1.0
abgewichst	off 1.0		neg 0.5567291514735456 off 0.4362651746029858 __DUMMY__ 0.007005673923468533	false	0.5
schwer	neg 1.0		neg 0.5543984968820417 off 0.4385970474189546 __DUMMY__ 0.007004455699003563	false	1.0
bedeutungslosigkeit	neg 1.0		neg 0.5616746378417339 off 0.43132316191406417 __DUMMY__ 0.007002200244201997	false	1.0
kapitulation	neg 1.0		neg 0.5630087807217187 off 0.4300461318611748 __DUMMY__ 0.006945087417106438	false	1.0
unscharf	neg 1.0		neg 0.5524039498994922 off 0.4406212831190612 __DUMMY__ 0.006974766981446649	false	1.0
schwinden	neg 1.0		neg 0.56140578781288 off 0.4315849318828742 __DUMMY__ 0.007009280304245845	false	1.0
versklavung	neg 1.0		neg 0.5584013520070311 off 0.4346877632686859 __DUMMY__ 0.006910884724283118	false	1.0
schlecht	neg 1.0		neg 0.5469829235086088 off 0.4460347031283834 __DUMMY__ 0.0069823733630077775	false	1.0
verhasst	neg 1.0		neg 0.5542077599118432 off 0.43881338797097624 __DUMMY__ 0.006978852117180496	false	1.0
beschweren	neg 1.0		neg 0.5524076700075718 off 0.4406020057418441 __DUMMY__ 0.006990324250583981	false	1.0
scheiden	neg 1.0		neg 0.5494991201440351 off 0.44342080936863526 __DUMMY__ 0.007080070487329737	false	1.0
frustriert	neg 1.0		neg 0.5557204638559181 off 0.4372723932322551 __DUMMY__ 0.007007142911826852	false	1.0
schimmelig	neg 1.0		neg 0.5588050514309648 off 0.4341791174281708 __DUMMY__ 0.0070158311408644175	false	1.0
fisch	neg 1.0		neg 0.5572149967161337 off 0.4357097143668846 __DUMMY__ 0.00707528891698174	false	1.0
schmuggel	neg 1.0		neg 0.5591972818351136 off 0.43375427178502807 __DUMMY__ 0.007048446379858249	false	1.0
auffallen	neg 1.0		neg 0.5515851914590941 off 0.4414270548991566 __DUMMY__ 0.006987753641749264	false	1.0
konkurrenz	neg 1.0	neg 1.0	neg 0.7676198160873788 off 0.22902646415963 __DUMMY__ 0.0033537197529911484	false	1.0
teufelskreis	neg 1.0	neg 1.0	neg 0.7652086123968417 off 0.23146984543548083 __DUMMY__ 0.003321542167677415	false	1.0
aufschreien	neg 1.0		neg 0.5528395013590247 off 0.44019207365470275 __DUMMY__ 0.006968424986272548	false	1.0
schuldner	neg 1.0		neg 0.5613027655683772 off 0.4316911289264358 __DUMMY__ 0.007006105505187102	false	1.0
missgeburt	off 1.0	off 1.0	off 0.7076224052442257 neg 0.2890995887850959 __DUMMY__ 0.003278005970678339	false	1.0
arbeitslos	neg 1.0		neg 0.5586934834870424 off 0.4343298739326421 __DUMMY__ 0.0069766425803154865	false	1.0
befallen	neg 1.0		neg 0.5591053644818168 off 0.43393276523997804 __DUMMY__ 0.00696187027820523	false	1.0
miesepetrig	off 1.0	off 1.0	off 0.7064400572555853 neg 0.29023949397742266 __DUMMY__ 0.0033204487669919853	false	1.0
alarmieren	neg 1.0		neg 0.5530572062712628 off 0.44002367851144253 __DUMMY__ 0.0069191152172947135	false	1.0
ungeduscht	off 1.0		neg 0.5495105339459628 off 0.4434950455408566 __DUMMY__ 0.0069944205131805106	false	0.5
knappheit	neg 1.0		neg 0.5617357541597485 off 0.43130088125260785 __DUMMY__ 0.00696336458764371	false	1.0
schlange	neg 1.0		neg 0.5498570095418559 off 0.44310490586855106 __DUMMY__ 0.007038084589592983	false	1.0
harsch	neg 1.0		neg 0.5429298826257846 off 0.4501094662203598 __DUMMY__ 0.006960651153855737	false	1.0
lang	neg 1.0		neg 0.5546035021138424 off 0.4384037578651141 __DUMMY__ 0.00699274002104366	false	1.0
ziellos	neg 1.0		neg 0.5558914941641601 off 0.4370713720918993 __DUMMY__ 0.007037133743940696	false	1.0
selbstverliebt	neg 1.0		neg 0.5393944726050947 off 0.45375595486369125 __DUMMY__ 0.006849572531214122	false	1.0
beseitigen	neg 1.0	neg 1.0	neg 0.7641009730705225 off 0.23255199418415676 __DUMMY__ 0.0033470327453206856	false	1.0
dumm	off 1.0		neg 0.542495397356599 off 0.4505969246949187 __DUMMY__ 0.006907677948482253	false	0.5
arbeitsloser	neg 1.0		neg 0.5580461441532991 off 0.43494300981331074 __DUMMY__ 0.007010846033390241	false	1.0
blitzen	neg 1.0		neg 0.5521015889162431 off 0.4409314401456675 __DUMMY__ 0.006966970938089576	false	1.0
hilflos	neg 1.0		neg 0.5561624674458963 off 0.43682715656126764 __DUMMY__ 0.0070103759928361485	false	1.0
eklig	off 1.0		neg 0.5418271441671205 off 0.45126920605453563 __DUMMY__ 0.006903649778343824	false	0.5
begriff			neg 0.5574722761871049 off 0.43555042827019325 __DUMMY__ 0.006977295542701711	false	0.0
hungersnot	neg 1.0		neg 0.5583806032343346 off 0.43463957333410086 __DUMMY__ 0.0069798234315645085	false	1.0
ungesetzlich	neg 1.0		neg 0.5576855629861701 off 0.4354173873081198 __DUMMY__ 0.006897049705709951	false	1.0
verschwendung	neg 1.0		neg 0.5598044340462396 off 0.43318608438520867 __DUMMY__ 0.007009481568551738	false	1.0
schmerzvoll	neg 1.0		neg 0.5522839078652984 off 0.440722491382349 __DUMMY__ 0.006993600752352705	false	1.0
vorzeitig	neg 1.0		neg 0.5506071137516013 off 0.44239875429463066 __DUMMY__ 0.006994131953768099	false	1.0
unvollkommenheit	neg 1.0		neg 0.555521473528164 off 0.43743456149293236 __DUMMY__ 0.0070439649789036446	false	1.0
intervenieren	neg 1.0		neg 0.562953099829132 off 0.43008384464544636 __DUMMY__ 0.006963055525421557	false	1.0
banause	off 1.0		neg 0.5409795250412477 off 0.4521518734135825 __DUMMY__ 0.0068686015451697585	false	0.5
rebell	neg 1.0		neg 0.5639584862788066 off 0.42902473155403115 __DUMMY__ 0.007016782167162267	false	1.0
unlogisch	neg 1.0		neg 0.5460454913221281 off 0.44701852753931726 __DUMMY__ 0.006935981138554792	false	1.0
leiden	neg 1.0		neg 0.5546119612371188 off 0.43827587787921984 __DUMMY__ 0.007112160883661468	false	1.0
abschaffung	neg 1.0		neg 0.5576546670694679 off 0.4354104872204114 __DUMMY__ 0.0069348457101207185	false	1.0
sturz	neg 1.0		neg 0.5548817833599566 off 0.43812007542518605 __DUMMY__ 0.006998141214857365	false	1.0
verkleinerung	neg 1.0		neg 0.5563328158593996 off 0.43677151803029035 __DUMMY__ 0.006895666110309958	false	1.0
schmarotzer	off 1.0		neg 0.559337960305927 off 0.4336938269434091 __DUMMY__ 0.006968212750663954	false	0.5
bestrafung	neg 1.0		neg 0.5536060647031276 off 0.4394113612920957 __DUMMY__ 0.006982574004776806	false	1.0
achtlos	neg 1.0		neg 0.5532424250897002 off 0.43973113010562215 __DUMMY__ 0.007026444804677522	false	1.0
