unsolidarisch	neg 1.0		__DUMMY__ 0.4566269005988417 neg 0.308085347425991 off 0.23528775197516744	false	1.0
nachteilig	neg 1.0		__DUMMY__ 0.46152277965378646 neg 0.3063759064864225 off 0.23210131385979102	false	1.0
skeptisch	neg 1.0		__DUMMY__ 0.4625905993438759 neg 0.3057868136483942 off 0.23162258700772972	false	1.0
schrecklich	neg 1.0		__DUMMY__ 0.45949919636235886 neg 0.29163261933807505 off 0.24886818429956606	false	1.0
schlapp	neg 1.0	neg 1.0	neg 0.6371147855840762 __DUMMY__ 0.22430125528974096 off 0.13858395912618277	false	1.0
abfall	neg 1.0		__DUMMY__ 0.46384126592704644 neg 0.30742975694903674 off 0.22872897712391685	false	1.0
widerspenstig	neg 1.0		__DUMMY__ 0.46251873028967383 neg 0.29960834000676756 off 0.2378729297035586	false	1.0
abrupt	neg 1.0		__DUMMY__ 0.4661089681734793 neg 0.30036368496638044 off 0.23352734686014034	false	1.0
unwirksam	neg 1.0		__DUMMY__ 0.45782024621393647 neg 0.30646433768085674 off 0.23571541610520688	false	1.0
angreifen	neg 1.0	neg 1.0	neg 0.6436035781603016 __DUMMY__ 0.22466175260788981 off 0.13173466923180854	false	1.0
inkonsistent	neg 1.0		__DUMMY__ 0.4609209994466763 neg 0.3009359801776908 off 0.238143020375633	false	1.0
abrutschen	neg 1.0		__DUMMY__ 0.4640220893520522 neg 0.3067187170561649 off 0.22925919359178296	false	1.0
unsicher	neg 1.0		__DUMMY__ 0.4628298628297219 neg 0.29909021148270576 off 0.23807992568757244	false	1.0
bauernkind	off 1.0	off 1.0	off 0.6102710836797143 __DUMMY__ 0.22068672594342434 neg 0.1690421903768615	false	1.0
angreifer	neg 1.0		__DUMMY__ 0.46262226607573037 neg 0.2979970214826742 off 0.23938071244159545	false	1.0
trennen	neg 1.0		__DUMMY__ 0.46730017894871273 neg 0.29821213912167965 off 0.23448768192960773	false	1.0
schmutz	neg 1.0		__DUMMY__ 0.463674313006273 neg 0.29629564117357515 off 0.24003004582015194	false	1.0
inkonsistenz	neg 1.0		__DUMMY__ 0.4581656563342145 neg 0.3003831681501826 off 0.2414511755156029	false	1.0
erschreckend	neg 1.0		__DUMMY__ 0.46171710792577825 neg 0.3020302176175797 off 0.23625267445664208	false	1.0
ertrinken	neg 1.0		__DUMMY__ 0.4642622037002366 neg 0.3016259484188818 off 0.23411184788088157	false	1.0
pickelface	off 1.0		__DUMMY__ 0.4612162567797453 neg 0.30405721522433937 off 0.23472652799591526	false	0.5
seiner			__DUMMY__ 0.46435617600120493 neg 0.3027795986102037 off 0.23286422538859136	false	0.0
lauch	neg 1.0		__DUMMY__ 0.46178473916934065 neg 0.3098668364498959 off 0.2283484243807634	false	1.0
unwichtig	neg 1.0		__DUMMY__ 0.459806635180406 neg 0.2972706128677254 off 0.24292275195186858	false	1.0
steuerhinterziehung	neg 1.0		__DUMMY__ 0.45904495263828565 neg 0.3068357256020814 off 0.23411932175963296	false	1.0
schock	neg 1.0		__DUMMY__ 0.46498063569132986 neg 0.2973422048452645 off 0.23767715946340554	false	1.0
beule	neg 1.0		__DUMMY__ 0.4613063950481855 neg 0.29459134569666673 off 0.24410225925514778	false	1.0
vergelten	neg 1.0		__DUMMY__ 0.46142235498629375 neg 0.29098508886165547 off 0.24759255615205075	false	1.0
verdorbenheit	neg 1.0		__DUMMY__ 0.46253056046921437 neg 0.30040433919941006 off 0.23706510033137565	false	1.0
trauma	neg 1.0		__DUMMY__ 0.4613180729467395 neg 0.30007462676013513 off 0.23860730029312543	false	1.0
sinnlos	neg 1.0		__DUMMY__ 0.46204058287633065 neg 0.29730449706419754 off 0.24065492005947187	false	1.0
fettsack	off 1.0	off 1.0	off 0.6118268421907839 __DUMMY__ 0.22153669958897315 neg 0.16663645822024303	false	1.0
feige	off 1.0	off 1.0	off 0.608194426345014 __DUMMY__ 0.22230547910167456 neg 0.16950009455331147	false	1.0
abdanken	neg 1.0		__DUMMY__ 0.4598709008711564 neg 0.3045158061188168 off 0.23561329301002681	false	1.0
wichtigtuer	off 1.0	off 1.0	off 0.6064193408835574 __DUMMY__ 0.22330310775394302 neg 0.1702775513624995	false	1.0
misslingen	neg 1.0		__DUMMY__ 0.4659884677633625 neg 0.2938039692412818 off 0.24020756299535567	false	1.0
untreu	off 1.0		__DUMMY__ 0.45922708054964917 neg 0.2965423587646116 off 0.24423056068573928	false	0.5
missmutig	neg 1.0		__DUMMY__ 0.46130019444995096 neg 0.29514172485662454 off 0.24355808069342438	false	1.0
hurenbock	off 1.0		__DUMMY__ 0.4626443042602861 neg 0.29793899879214986 off 0.23941669694756404	false	0.5
betrunken	neg 1.0		__DUMMY__ 0.46171358860028994 neg 0.2912609038449148 off 0.2470255075547952	false	1.0
korrupt	off 1.0		__DUMMY__ 0.45813942350161546 neg 0.3088128834673847 off 0.23304769303099968	false	0.5
unmut	neg 1.0		__DUMMY__ 0.4631749007266865 neg 0.3081405437896034 off 0.22868455548371017	false	1.0
hackfresse	off 1.0		__DUMMY__ 0.4567512901154567 neg 0.29113955528711105 off 0.2521091545974324	false	0.5
aufblasen	neg 1.0		__DUMMY__ 0.4632921361295374 neg 0.2968142385750514 off 0.2398936252954111	false	1.0
gewaltsam	neg 1.0		__DUMMY__ 0.46173373101692616 neg 0.3020174847813437 off 0.23624878420173007	false	1.0
unbeliebtheit	neg 1.0		__DUMMY__ 0.4550932757855963 neg 0.3044866794371776 off 0.24042004477722598	false	1.0
sturheit	neg 1.0		__DUMMY__ 0.46133415041540976 neg 0.3025920447587066 off 0.23607380482588364	false	1.0
kuh	neg 1.0		__DUMMY__ 0.45906584090310537 neg 0.3038512329356934 off 0.23708292616120125	false	1.0
erschrecken	neg 1.0		__DUMMY__ 0.4617761311258069 neg 0.29536756147345083 off 0.24285630740074238	false	1.0
opfer	neg 1.0		__DUMMY__ 0.4633808835604292 neg 0.30273165383511424 off 0.23388746260445656	false	1.0
sinken	neg 1.0		__DUMMY__ 0.46455628946917793 neg 0.30553205900224295 off 0.22991165152857912	false	1.0
stinktier	neg 1.0		__DUMMY__ 0.45673873213771643 neg 0.29490868319985186 off 0.24835258466243176	false	1.0
tucke	off 1.0		__DUMMY__ 0.4532782057588358 neg 0.2954147924300051 off 0.251307001811159	false	0.5
ein			__DUMMY__ 0.4638413590999923 neg 0.2968841715737094 off 0.23927446932629828	false	0.0
abstieg	neg 1.0		__DUMMY__ 0.46487896345230795 neg 0.30184146640588183 off 0.23327957014181014	false	1.0
missverstehen	neg 1.0		__DUMMY__ 0.4596455949130406 neg 0.30030217888537053 off 0.2400522262015889	false	1.0
ergebnislos	neg 1.0		__DUMMY__ 0.46285514946727413 neg 0.304756959062647 off 0.2323878914700789	false	1.0
unter			__DUMMY__ 0.46969407984901407 neg 0.30444233023878636 off 0.2258635899121995	false	0.0
manipulieren	neg 1.0		__DUMMY__ 0.46287069980290535 neg 0.30529789688081505 off 0.23183140331627952	false	1.0
unbewiesen	neg 1.0		__DUMMY__ 0.4560140022295223 neg 0.30860017678000706 off 0.2353858209904707	false	1.0
verschleppen	neg 1.0		__DUMMY__ 0.46179898250892076 neg 0.30424775059482523 off 0.23395326689625406	false	1.0
weib	off 1.0		__DUMMY__ 0.45608171493310745 neg 0.2921803853784766 off 0.251737899688416	false	0.5
opposition	neg 1.0		__DUMMY__ 0.45917518095984355 neg 0.30221913670276845 off 0.23860568233738808	false	1.0
verkehrswidrig	neg 1.0	neg 1.0	neg 0.6312850221296568 __DUMMY__ 0.226781139907233 off 0.1419338379631102	false	1.0
inkorrekt	neg 1.0		__DUMMY__ 0.4558606054979796 neg 0.29973723112211986 off 0.24440216337990053	false	1.0
vermeiden	neg 1.0		__DUMMY__ 0.46665720928733545 neg 0.3058513039366294 off 0.22749148677603506	false	1.0
abweichung	neg 1.0	neg 1.0	neg 0.6424895520729045 __DUMMY__ 0.22508987881003234 off 0.1324205691170633	false	1.0
alkoholisiert	neg 1.0		__DUMMY__ 0.46987983680462625 neg 0.29554915980997554 off 0.2345710033853981	false	1.0
scheiss	off 1.0	off 1.0	off 0.6087979283578226 __DUMMY__ 0.22357048868251936 neg 0.16763158295965802	false	1.0
herausforderung	neg 1.0	neg 1.0	neg 0.6387122172222167 __DUMMY__ 0.22827351441370447 off 0.13301426836407884	false	1.0
pervers	off 1.0		__DUMMY__ 0.4554994628280011 neg 0.28900331885198954 off 0.25549721832000943	false	0.5
wackelig	neg 1.0		__DUMMY__ 0.4666580747271165 neg 0.296970692995772 off 0.23637123227711143	false	1.0
verwickeln	neg 1.0		__DUMMY__ 0.4600475450185992 neg 0.29986133566263046 off 0.24009111931877042	false	1.0
vorwand	neg 1.0		__DUMMY__ 0.4629443594793166 neg 0.3061831389213554 off 0.230872501599328	false	1.0
muschi	off 1.0		__DUMMY__ 0.46169942125646957 neg 0.30282283339669064 off 0.2354777453468398	false	0.5
entmutigung	neg 1.0		__DUMMY__ 0.4582270434398269 neg 0.3039136837418539 off 0.23785927281831923	false	1.0
unangemessen	neg 1.0		__DUMMY__ 0.46076382206135225 neg 0.30444450764052483 off 0.23479167029812287	false	1.0
unstetig	neg 1.0		__DUMMY__ 0.4612863711905566 neg 0.300375432032427 off 0.23833819677701654	false	1.0
entmutigen	neg 1.0		__DUMMY__ 0.4622831310738731 neg 0.298204328027977 off 0.23951254089814994	false	1.0
schwanz	neg 1.0		__DUMMY__ 0.4629409974641038 neg 0.30499363998422296 off 0.23206536255167326	false	1.0
verbot	neg 1.0		__DUMMY__ 0.459444614775831 neg 0.30743287297675836 off 0.23312251224741054	false	1.0
leid	neg 1.0		__DUMMY__ 0.4587538423562511 neg 0.2912822478853171 off 0.24996390975843163	false	1.0
archaisch	neg 1.0		__DUMMY__ 0.4624726856478048 neg 0.30225262868906594 off 0.2352746856631294	false	1.0
gegen			__DUMMY__ 0.4647126119514909 neg 0.30461443556338413 off 0.2306729524851249	false	0.0
scheidung	neg 1.0		__DUMMY__ 0.45573252646270657 neg 0.284554089595962 off 0.25971338394133153	false	1.0
einschlag	neg 1.0	neg 1.0	neg 0.6359118746166382 __DUMMY__ 0.2236512342004691 off 0.14043689118289274	false	1.0
m			__DUMMY__ 0.4637704333092124 neg 0.30075525019995647 off 0.23547431649083106	false	0.0
abgestanden	neg 1.0		__DUMMY__ 0.4617648096188233 neg 0.30002103004990455 off 0.23821416033127205	false	1.0
schmierig	off 1.0		__DUMMY__ 0.4589552725892106 neg 0.2916446565466405 off 0.24940007086414892	false	0.5
unpraktisch	neg 1.0		__DUMMY__ 0.463867643869478 neg 0.2964904150872456 off 0.23964194104327635	false	1.0
wixxer	off 1.0		__DUMMY__ 0.45466145699536115 neg 0.2904615902014775 off 0.25487695280316136	false	0.5
bezeichnet			__DUMMY__ 0.46112960975548517 neg 0.30209969596310104 off 0.23677069428141384	false	0.0
jammerlappen	off 1.0		__DUMMY__ 0.46002684991442444 neg 0.2967838987479665 off 0.24318925133760905	false	0.5
farce	neg 1.0		__DUMMY__ 0.4589168617458573 neg 0.30714189940464615 off 0.2339412388494967	false	1.0
zwecklos	neg 1.0		__DUMMY__ 0.46147235967221484 neg 0.3035108196451851 off 0.2350168206826	false	1.0
turbulent	neg 1.0		__DUMMY__ 0.4586756659387474 neg 0.29819185860276715 off 0.24313247545848532	false	1.0
invasion	neg 1.0		__DUMMY__ 0.46188798878701964 neg 0.2974324333735289 off 0.24067957783945143	false	1.0
schuld	neg 1.0		__DUMMY__ 0.4616406582147872 neg 0.29965494302665385 off 0.23870439875855895	false	1.0
risiko	neg 1.0		__DUMMY__ 0.463304080788129 neg 0.2982813175256629 off 0.2384146016862081	false	1.0
finster	neg 1.0		__DUMMY__ 0.463050929207181 neg 0.2977150512738113 off 0.23923401951900763	false	1.0
geisteskrank	off 1.0		__DUMMY__ 0.45809037853071993 neg 0.29731272189114644 off 0.24459689957813371	false	0.5
zusammenbrechen	neg 1.0		__DUMMY__ 0.46364804131315956 neg 0.29983781989504593 off 0.23651413879179445	false	1.0
ausbeute	neg 1.0		__DUMMY__ 0.46713125965112434 neg 0.2990943991262669 off 0.2337743412226088	false	1.0
hinterhalt	neg 1.0		__DUMMY__ 0.4641017900817611 neg 0.2999814999411332 off 0.2359167099771057	false	1.0
kritik	neg 1.0		__DUMMY__ 0.4593111019582691 neg 0.3068006060900611 off 0.23388829195166974	false	1.0
einschrumpfen	neg 1.0		__DUMMY__ 0.45739467496101976 neg 0.30300050088814484 off 0.23960482415083537	false	1.0
riskant	neg 1.0		__DUMMY__ 0.4619578749606471 neg 0.3050052323175787 off 0.23303689272177427	false	1.0
frustrieren	neg 1.0		__DUMMY__ 0.46289012231347854 neg 0.30343850557326 off 0.23367137211326144	false	1.0
groll	neg 1.0		__DUMMY__ 0.4626730894835297 neg 0.3022087525889947 off 0.23511815792747565	false	1.0
gibt			__DUMMY__ 0.4627786164595435 neg 0.3014831048339757 off 0.2357382787064807	false	0.0
qualvoll	neg 1.0		__DUMMY__ 0.46270576695389726 neg 0.29508652861414575 off 0.2422077044319571	false	1.0
wackeln	neg 1.0	neg 1.0	neg 0.6380067595297355 __DUMMY__ 0.22593981932471144 off 0.13605342114555302	false	1.0
klagen	neg 1.0		__DUMMY__ 0.4634983565671453 neg 0.3070819977212229 off 0.2294196457116319	false	1.0
bankrott	neg 1.0		__DUMMY__ 0.46120395700867467 neg 0.2965325110555796 off 0.24226353193574574	false	1.0
trauern	neg 1.0		__DUMMY__ 0.46491644856805653 neg 0.30086094046451023 off 0.2342226109674331	false	1.0
ablehnung	neg 1.0		__DUMMY__ 0.45909933720263657 neg 0.3070380191899801 off 0.2338626436073833	false	1.0
stur	neg 1.0		__DUMMY__ 0.46105708984511695 neg 0.29970444275743974 off 0.2392384673974432	false	1.0
aufruhr	neg 1.0		__DUMMY__ 0.46156250346273764 neg 0.3023508169511958 off 0.2360866795860666	false	1.0
melancholie	neg 1.0		__DUMMY__ 0.46450221364354016 neg 0.3000430779112229 off 0.23545470844523694	false	1.0
ist			__DUMMY__ 0.46188739919718036 neg 0.2982068582733761 off 0.23990574252944338	false	0.0
torheit	neg 1.0		__DUMMY__ 0.4597370208690331 neg 0.30254986571697196 off 0.237713113413995	false	1.0
dreckskind	off 1.0		__DUMMY__ 0.45606565523864984 neg 0.2941123054171262 off 0.249822039344224	false	0.5
umtauschen	neg 1.0		__DUMMY__ 0.4631580649445988 neg 0.299356260678051 off 0.23748567437735021	false	1.0
zum			__DUMMY__ 0.4709482785879881 neg 0.2996787230602127 off 0.22937299835179908	false	0.0
zersetzen	neg 1.0		__DUMMY__ 0.46157683805441235 neg 0.30722537213752216 off 0.23119778980806538	false	1.0
zur			__DUMMY__ 0.4666527329359332 neg 0.30654733904293935 off 0.22679992802112744	false	0.0
frust	neg 1.0		__DUMMY__ 0.46369549869003607 neg 0.2999746731850957 off 0.23632982812486833	false	1.0
unerbittlichkeit	neg 1.0		__DUMMY__ 0.4621967594610019 neg 0.30620259584260534 off 0.2316006446963928	false	1.0
zwei			__DUMMY__ 0.4690779623950178 neg 0.29962439099778504 off 0.23129764660719712	false	0.0
unkorrekt	neg 1.0		__DUMMY__ 0.4565869640782685 neg 0.2979982197337063 off 0.24541481618802513	false	1.0
hexe	off 1.0		__DUMMY__ 0.4603242915073965 neg 0.29560116592229796 off 0.24407454257030547	false	0.5
lasch	neg 1.0		__DUMMY__ 0.459073918117877 neg 0.299635883531841 off 0.24129019835028206	false	1.0
rivale	neg 1.0		__DUMMY__ 0.4606935599946697 neg 0.2925049957139234 off 0.2468014442914067	false	1.0
mutlos	off 1.0	off 1.0	off 0.6021178491588579 __DUMMY__ 0.2237246784459012 neg 0.17415747239524088	false	1.0
wirr	off 1.0		__DUMMY__ 0.45693622752512947 neg 0.2971834830161631 off 0.24588028945870752	false	0.5
jahr			__DUMMY__ 0.46877927440438893 neg 0.29780839648255436 off 0.23341232911305665	false	0.0
wird			__DUMMY__ 0.46382780102413784 neg 0.30170632553304677 off 0.23446587344281541	false	0.0
strafbar	neg 1.0		__DUMMY__ 0.46139109111627175 neg 0.30566681033572957 off 0.23294209854799883	false	1.0
erosion	neg 1.0		__DUMMY__ 0.46314184016970295 neg 0.29806766736243284 off 0.23879049246786407	false	1.0
eingehen	neg 1.0		__DUMMY__ 0.4612976620660268 neg 0.3046344117543264 off 0.23406792617964672	false	1.0
faul	off 1.0		__DUMMY__ 0.46168922103366344 neg 0.2954842495286102 off 0.2428265294377264	false	0.5
provisorium	neg 1.0		__DUMMY__ 0.46779749052667674 neg 0.30746481194380454 off 0.2247376975295188	false	1.0
schmerzen	neg 1.0		__DUMMY__ 0.4628011334937714 neg 0.29937449072676536 off 0.23782437577946336	false	1.0
schrumpfen	neg 1.0		__DUMMY__ 0.4646379952210602 neg 0.30879137588250843 off 0.22657062889643134	false	1.0
geistlos	off 1.0		__DUMMY__ 0.4568163863879652 neg 0.3042401167234787 off 0.23894349688855623	false	0.5
fehlkauf	neg 1.0		__DUMMY__ 0.4604121675912855 neg 0.3003948444422185 off 0.23919298796649602	false	1.0
frustrierend	neg 1.0		__DUMMY__ 0.4623222055612764 neg 0.2947980575170295 off 0.24287973692169426	false	1.0
unzufrieden	neg 1.0		__DUMMY__ 0.46163004387503154 neg 0.30346900665742793 off 0.2349009494675406	false	1.0
verzweifeln	neg 1.0		__DUMMY__ 0.462742671972737 neg 0.29986140213535406 off 0.2373959258919089	false	1.0
verzweifelt	neg 1.0		__DUMMY__ 0.46106589353959176 neg 0.2996231874919334 off 0.2393109189684749	false	1.0
misstrauensantrag	neg 1.0		__DUMMY__ 0.4596760652936951 neg 0.3007308857555028 off 0.23959304895080205	false	1.0
abfallen	neg 1.0		__DUMMY__ 0.4643287094643704 neg 0.2954962186247604 off 0.2401750719108693	false	1.0
fucker	off 1.0		__DUMMY__ 0.4583862923805042 neg 0.29642599082629145 off 0.2451877167932044	false	0.5
ungezogen	neg 1.0		__DUMMY__ 0.4573774703771038 neg 0.2884777355543822 off 0.25414479406851387	false	1.0
irrsinnig	neg 1.0	neg 1.0	neg 0.6406497792451726 __DUMMY__ 0.22372617177034002 off 0.13562404898448727	false	1.0
unfassbar	neg 1.0		__DUMMY__ 0.4602215328488334 neg 0.295569929856624 off 0.2442085372945427	false	1.0
hart	neg 1.0		__DUMMY__ 0.459532056357035 neg 0.29946302819939696 off 0.24100491544356814	false	1.0
widerlich	off 1.0		__DUMMY__ 0.45813769784776454 neg 0.2973320751451686 off 0.24453022700706692	false	0.5
fatal	neg 1.0		__DUMMY__ 0.46056224370607424 neg 0.2997987397029268 off 0.23963901659099887	false	1.0
bruch	neg 1.0		__DUMMY__ 0.46278806696500246 neg 0.3078385341844019 off 0.22937339885059574	false	1.0
aushungern	neg 1.0		__DUMMY__ 0.45964149508737584 neg 0.3051523271185937 off 0.2352061777940304	false	1.0
anspannung	neg 1.0	neg 1.0	neg 0.6406815760143247 __DUMMY__ 0.2290556642988207 off 0.1302627596868546	false	1.0
von			__DUMMY__ 0.467848242189243 neg 0.3000026524391352 off 0.23214910537162173	false	0.0
kraftlos	neg 1.0		__DUMMY__ 0.4651012745079399 neg 0.29864696419775283 off 0.23625176129430725	false	1.0
vom			__DUMMY__ 0.47063625747359344 neg 0.3026891153210771 off 0.22667462720532938	false	0.0
grenzdebil	off 1.0		__DUMMY__ 0.4600189252866964 neg 0.29461558528947585 off 0.2453654894238278	false	0.5
vor			__DUMMY__ 0.4648358326902382 neg 0.30355022896346384 off 0.231613938346298	false	0.0
unterwerfen	neg 1.0		__DUMMY__ 0.4631012278709621 neg 0.30345767868613344 off 0.23344109344290445	false	1.0
versenkung	neg 1.0		__DUMMY__ 0.46280589377828535 neg 0.3042574170580913 off 0.23293668916362345	false	1.0
entziehen	neg 1.0		__DUMMY__ 0.4635219425432904 neg 0.30622438243049255 off 0.2302536750262171	false	1.0
finanzkrise	neg 1.0		__DUMMY__ 0.4582536138972438 neg 0.3069969090063598 off 0.23474947709639646	false	1.0
schimpfend	neg 1.0		__DUMMY__ 0.4651583374075921 neg 0.29465393382102395 off 0.2401877287713839	false	1.0
profan	neg 1.0		__DUMMY__ 0.46097761413329136 neg 0.2980436649230878 off 0.24097872094362088	false	1.0
korruption	neg 1.0	neg 1.0	neg 0.6447831495073323 __DUMMY__ 0.22286756907866084 off 0.1323492814140069	false	1.0
â			__DUMMY__ 0.4634713264651476 neg 0.3024983186002187 off 0.23403035493463356	false	0.0
schmutzig	neg 1.0		__DUMMY__ 0.4605733890834216 neg 0.29459244316087796 off 0.24483416775570047	false	1.0
sexy	neg 1.0		__DUMMY__ 0.4609319029157851 neg 0.2973907972185128 off 0.241677299865702	false	1.0
abraten	neg 1.0		__DUMMY__ 0.4614327777378787 neg 0.29868469924959734 off 0.23988252301252397	false	1.0
schwarz	neg 1.0		__DUMMY__ 0.460853184240143 neg 0.3001165024581191 off 0.2390303133017378	false	1.0
fotze	off 1.0		__DUMMY__ 0.4619916925703903 neg 0.30507430647222594 off 0.23293400095738365	false	0.5
verwirren	neg 1.0		__DUMMY__ 0.4611492869465683 neg 0.29753610098731265 off 0.24131461206611918	false	1.0
zahnlos	off 1.0		__DUMMY__ 0.4611942829773149 neg 0.3040526881382873 off 0.2347530288843978	false	0.5
verheeren	neg 1.0		__DUMMY__ 0.4568689561008101 neg 0.288184202274861 off 0.2549468416243289	false	1.0
hippie	neg 1.0		__DUMMY__ 0.4604836870965006 neg 0.2986372140609091 off 0.24087909884259018	false	1.0
rammen	neg 1.0		__DUMMY__ 0.46029934484275375 neg 0.30186325339754977 off 0.23783740175969664	false	1.0
unlauter	neg 1.0		__DUMMY__ 0.4576866228303185 neg 0.3057239030386618 off 0.23658947413101955	false	1.0
unheilvoll	neg 1.0		__DUMMY__ 0.4635508605569206 neg 0.2952610361808923 off 0.24118810326218723	false	1.0
niedrig	neg 1.0		__DUMMY__ 0.46283170937445467 neg 0.305075751085382 off 0.23209253954016326	false	1.0
explosion	neg 1.0		__DUMMY__ 0.46036472002749473 neg 0.2994728274895329 off 0.24016245248297233	false	1.0
weichei	off 1.0		__DUMMY__ 0.4567777578605268 neg 0.29299761113482375 off 0.25022463100464926	false	0.5
minusmensch	off 1.0		__DUMMY__ 0.45187898013828426 neg 0.2953682667877972 off 0.2527527530739184	false	0.5
farblos	neg 1.0		__DUMMY__ 0.46584469949757085 neg 0.29651941686607747 off 0.23763588363635155	false	1.0
unwissend	neg 1.0	neg 1.0	neg 0.6384099864453868 __DUMMY__ 0.22312875938461046 off 0.1384612541700027	false	1.0
traurig	neg 1.0		__DUMMY__ 0.4600936000774791 neg 0.2920950143595001 off 0.24781138556302082	false	1.0
senkung	neg 1.0		__DUMMY__ 0.4586688913779696 neg 0.30151637344372767 off 0.23981473517830257	false	1.0
ungleich	neg 1.0	neg 1.0	neg 0.6442946192506834 __DUMMY__ 0.22382770888070114 off 0.13187767186861543	false	1.0
heikel	neg 1.0		__DUMMY__ 0.46208522548090863 neg 0.30627324739405537 off 0.23164152712503597	false	1.0
drosselung	neg 1.0		__DUMMY__ 0.4600680279441505 neg 0.29529555502238103 off 0.24463641703346853	false	1.0
falsch	neg 1.0		__DUMMY__ 0.4608317367919886 neg 0.29655770073135357 off 0.24261056247665788	false	1.0
unzufriedenheit	neg 1.0		__DUMMY__ 0.46283228569946033 neg 0.305971847618224 off 0.23119586668231554	false	1.0
kurz	neg 1.0		__DUMMY__ 0.4653976994125791 neg 0.29761942210598014 off 0.2369828784814409	false	1.0
unsinnig	neg 1.0		__DUMMY__ 0.46034230486486355 neg 0.30459532625387514 off 0.2350623688812612	false	1.0
penner	off 1.0	off 1.0	off 0.6135954602085358 __DUMMY__ 0.2213935705576733 neg 0.16501096923379094	false	1.0
seicht	neg 1.0		__DUMMY__ 0.45461668966735286 neg 0.29242830779047746 off 0.25295500254216974	false	1.0
dummheit	off 1.0	off 1.0	off 0.6064859837757212 __DUMMY__ 0.22284605585032338 neg 0.17066796037395546	false	1.0
unerfreulich	neg 1.0		__DUMMY__ 0.4638744557441915 neg 0.3049867486192056 off 0.2311387956366028	false	1.0
motherfucker	off 1.0	off 1.0	off 0.6091731581340415 __DUMMY__ 0.22196398697566902 neg 0.16886285489028954	false	1.0
pikiert	neg 1.0		__DUMMY__ 0.45811259402131915 neg 0.2987397875757833 off 0.24314761840289756	false	1.0
wrack	neg 1.0		__DUMMY__ 0.4663949600887 neg 0.2993438022303368 off 0.23426123768096332	false	1.0
gangster	neg 1.0		__DUMMY__ 0.4610783895023196 neg 0.29828027750238784 off 0.24064133299529247	false	1.0
krank	neg 1.0		__DUMMY__ 0.4614758722168984 neg 0.292342732411447 off 0.2461813953716547	false	1.0
reich	neg 1.0		__DUMMY__ 0.4593718798952042 neg 0.29864713383973374 off 0.2419809862650621	false	1.0
gnadenlos	neg 1.0		__DUMMY__ 0.4619270673236022 neg 0.2992614201711094 off 0.23881151250528845	false	1.0
niedergeschlagen	neg 1.0		__DUMMY__ 0.46396033033664114 neg 0.29929779602879003 off 0.2367418736345687	false	1.0
terrorisieren	off 1.0	off 1.0	off 0.602794001776337 __DUMMY__ 0.22482396267506982 neg 0.1723820355485932	false	1.0
sinnlosigkeit	neg 1.0		__DUMMY__ 0.4621475277053065 neg 0.30254722780291743 off 0.2353052444917761	false	1.0
behindern	neg 1.0		__DUMMY__ 0.4611978619149811 neg 0.30246332285453276 off 0.23633881523048625	false	1.0
undemokratisch	neg 1.0		__DUMMY__ 0.45834964090558306 neg 0.304466308972874 off 0.23718405012154284	false	1.0
wirtschaftskrise	neg 1.0		__DUMMY__ 0.46047322772105415 neg 0.30670578213994615 off 0.23282099013899957	false	1.0
neid	neg 1.0		__DUMMY__ 0.46381913170943156 neg 0.29167909024174715 off 0.24450177804882126	false	1.0
rutschen	neg 1.0	neg 1.0	neg 0.639849520069145 __DUMMY__ 0.22870485149361255 off 0.13144562843724245	false	1.0
rezession	neg 1.0		__DUMMY__ 0.4547679100025404 neg 0.2986805173746074 off 0.24655157262285235	false	1.0
fehlgeburt	neg 1.0		__DUMMY__ 0.4629544830137025 neg 0.296535837129684 off 0.2405096798566136	false	1.0
charakterschwach	off 1.0		__DUMMY__ 0.459111182586298 neg 0.29642132833961876 off 0.24446748907408333	false	0.5
isolation	neg 1.0		__DUMMY__ 0.4621849875333446 neg 0.29504235776541 off 0.24277265470124545	false	1.0
ablenkung	neg 1.0		__DUMMY__ 0.4626731347330227 neg 0.298958579661234 off 0.23836828560574327	false	1.0
pech	neg 1.0		__DUMMY__ 0.4619231313573495 neg 0.29554693069248755 off 0.24252993795016287	false	1.0
vermeidung	neg 1.0		__DUMMY__ 0.4583543567276443 neg 0.2972841791789995 off 0.24436146409335616	false	1.0
dominieren	neg 1.0		__DUMMY__ 0.4657751869153668 neg 0.2994061913045841 off 0.23481862178004906	false	1.0
schwindlig	neg 1.0		__DUMMY__ 0.46409507787461257 neg 0.2942832120806729 off 0.24162171004471455	false	1.0
lutscher	neg 1.0	neg 1.0	neg 0.6352585819493969 __DUMMY__ 0.2204978924091966 off 0.14424352564140644	false	1.0
pflicht	neg 1.0		__DUMMY__ 0.4628212021988052 neg 0.30541848008501377 off 0.23176031771618102	false	1.0
faschist	off 1.0		__DUMMY__ 0.4580509063906691 neg 0.3021312329370235 off 0.2398178606723074	false	0.5
verschleudern	neg 1.0		__DUMMY__ 0.45891933882331365 neg 0.3097894117970419 off 0.23129124937964438	false	1.0
wenn			__DUMMY__ 0.4609460189528169 neg 0.296122613025714 off 0.2429313680214692	false	0.0
ehebruch	neg 1.0		__DUMMY__ 0.4615678476608995 neg 0.30494460279396196 off 0.2334875495451386	false	1.0
spott	off 1.0		__DUMMY__ 0.4610551800297094 neg 0.30631310045691074 off 0.2326317195133798	false	0.5
trostlosigkeit	neg 1.0		__DUMMY__ 0.4634896700711709 neg 0.30602769665722007 off 0.23048263327160906	false	1.0
lutschen	neg 1.0		__DUMMY__ 0.459180546963828 neg 0.30112923792471724 off 0.23969021511145472	false	1.0
undiszipliniert	neg 1.0		__DUMMY__ 0.4599015187603672 neg 0.2934779519676363 off 0.24662052927199662	false	1.0
kopfschmerz	neg 1.0		__DUMMY__ 0.46427239320436664 neg 0.29906768866623407 off 0.2366599181293994	false	1.0
unvorhergesehen	neg 1.0		__DUMMY__ 0.46721352761960244 neg 0.2978271834733454 off 0.23495928890705214	false	1.0
desinteressiert	neg 1.0		__DUMMY__ 0.4588197742769794 neg 0.29513175117360424 off 0.2460484745494164	false	1.0
armselig	off 1.0		__DUMMY__ 0.45696900110601596 neg 0.2964907409058836 off 0.24654025798810036	false	0.5
desaster	neg 1.0		__DUMMY__ 0.46279664608770216 neg 0.3084764515812119 off 0.228726902331086	false	1.0
tod	neg 1.0		__DUMMY__ 0.4636669021974356 neg 0.3022635235039792 off 0.2340695742985851	false	1.0
herzlos	neg 1.0		__DUMMY__ 0.45820085319582354 neg 0.2941600430833835 off 0.24763910372079287	false	1.0
unwissenheit	neg 1.0		__DUMMY__ 0.4602101563223891 neg 0.305572544461761 off 0.23421729921584994	false	1.0
widersinnig	neg 1.0	neg 1.0	neg 0.6444472752045574 __DUMMY__ 0.22254071548229462 off 0.1330120093131481	false	1.0
bedenklich	neg 1.0		__DUMMY__ 0.4616499210229449 neg 0.305072711514294 off 0.23327736746276106	false	1.0
beanstanden	neg 1.0		__DUMMY__ 0.46312279098407555 neg 0.3058022419607687 off 0.2310749670551556	false	1.0
panisch	neg 1.0	neg 1.0	neg 0.6359365876573706 __DUMMY__ 0.2263368669248062 off 0.13772654541782314	false	1.0
debil	off 1.0		__DUMMY__ 0.46530496718423425 neg 0.3090014739592434 off 0.2256935588565223	false	0.5
abstrich	neg 1.0		__DUMMY__ 0.4620554307821093 neg 0.3042274636593076 off 0.23371710555858316	false	1.0
primitiv	neg 1.0		__DUMMY__ 0.4581453244598394 neg 0.29679405261619257 off 0.2450606229239681	false	1.0
abschaum	off 1.0	off 1.0	off 0.6080206611533627 __DUMMY__ 0.22280367085923544 neg 0.1691756679874017	false	1.0
provozieren	neg 1.0		__DUMMY__ 0.4608805245382037 neg 0.3009291974427383 off 0.23819027801905795	false	1.0
tot	neg 1.0		__DUMMY__ 0.46343770103672155 neg 0.30316139878668724 off 0.2334009001765912	false	1.0
instabil	neg 1.0		__DUMMY__ 0.456537436659868 neg 0.29937874552730226 off 0.24408381781282967	false	1.0
schwuchtel	off 1.0		__DUMMY__ 0.4522424780210287 neg 0.2893101307246983 off 0.258447391254273	false	0.5
zerren	neg 1.0		__DUMMY__ 0.46413187073842194 neg 0.298905695720027 off 0.23696243354155108	false	1.0
kinderficker	off 1.0		__DUMMY__ 0.45588533019312855 neg 0.29496455254363657 off 0.24915011726323477	false	0.5
gefahr	neg 1.0		__DUMMY__ 0.46297896418445406 neg 0.30571235527679463 off 0.23130868053875145	false	1.0
rabiat	neg 1.0		__DUMMY__ 0.46080453549952577 neg 0.30188618610121665 off 0.2373092783992576	false	1.0
verlangsamung	neg 1.0		__DUMMY__ 0.45528530986940335 neg 0.293747079015694 off 0.25096761111490257	false	1.0
ausgestorben	neg 1.0		__DUMMY__ 0.4634776661790137 neg 0.298954706107325 off 0.2375676277136615	false	1.0
anklagen	neg 1.0		__DUMMY__ 0.46066594780813197 neg 0.3044490068016369 off 0.23488504539023125	false	1.0
trott	neg 1.0		__DUMMY__ 0.4627459105894793 neg 0.3000602573864719 off 0.23719383202404876	false	1.0
verminderung	neg 1.0		__DUMMY__ 0.45893152046214414 neg 0.29545781007086197 off 0.2456106694669939	false	1.0
nach			__DUMMY__ 0.4699985948189955 neg 0.3005377178414545 off 0.22946368733955	false	0.0
rost	neg 1.0		__DUMMY__ 0.4572114838100576 neg 0.2926165355315052 off 0.25017198065843715	false	1.0
destruktiv	neg 1.0		__DUMMY__ 0.4596508131467817 neg 0.30403532177834125 off 0.23631386507487703	false	1.0
unzumutbarkeit	neg 1.0		__DUMMY__ 0.4612779445003578 neg 0.29538395044415877 off 0.24333810505548326	false	1.0
labil	off 1.0	off 1.0	off 0.6079070596179914 __DUMMY__ 0.2227595715449003 neg 0.16933336883710828	false	1.0
ziemlich	neg 1.0		__DUMMY__ 0.46128957239647295 neg 0.29358184928893805 off 0.24512857831458912	false	1.0
lachnummer	off 1.0		__DUMMY__ 0.4611851608396374 neg 0.30162957454514927 off 0.23718526461521328	false	0.5
oder			__DUMMY__ 0.4637642513616254 neg 0.2974782165555322 off 0.2387575320828425	false	0.0
verfall	neg 1.0		__DUMMY__ 0.4636357114837868 neg 0.3102127835735149 off 0.22615150494269826	false	1.0
ausgrenzung	neg 1.0		__DUMMY__ 0.4575865802821173 neg 0.3046613566897702 off 0.23775206302811241	false	1.0
unordnung	neg 1.0		__DUMMY__ 0.4607444888243541 neg 0.2952355989257081 off 0.24401991224993777	false	1.0
fehlverhalten	neg 1.0		__DUMMY__ 0.4617745244737104 neg 0.3065289041114625 off 0.23169657141482725	false	1.0
eine			__DUMMY__ 0.46404818452832775 neg 0.3041759009453243 off 0.23177591452634785	false	0.0
nille	neg 1.0		__DUMMY__ 0.4619340581551802 neg 0.30193585791963623 off 0.23613008392518356	false	1.0
qual	neg 1.0		__DUMMY__ 0.46240439856221216 neg 0.30078051614705187 off 0.23681508529073597	false	1.0
verschwenden	neg 1.0		__DUMMY__ 0.4618454782489129 neg 0.3042374633019039 off 0.2339170584491832	false	1.0
riesig	neg 1.0	neg 1.0	neg 0.6411494035979709 __DUMMY__ 0.22576164437196752 off 0.13308895203006157	false	1.0
verurteilen	neg 1.0		__DUMMY__ 0.46084635497686827 neg 0.304715251003479 off 0.23443839401965272	false	1.0
klischee	neg 1.0	neg 1.0	neg 0.6402473128357169 __DUMMY__ 0.2226685744135401 off 0.13708411275074303	false	1.0
diktatorisch	neg 1.0		__DUMMY__ 0.4568883664719357 neg 0.30583333012747554 off 0.2372783034005887	false	1.0
vorhersehbar	neg 1.0	neg 1.0	neg 0.640019008172504 __DUMMY__ 0.2231831244825782 off 0.1367978673449178	false	1.0
sowie			__DUMMY__ 0.45615282617777214 neg 0.29471742164891235 off 0.24912975217331546	false	0.0
stornieren	neg 1.0		__DUMMY__ 0.4662681208307801 neg 0.2935361051255605 off 0.24019577404365952	false	1.0
besteuerung	neg 1.0		__DUMMY__ 0.45846282469384564 neg 0.30450938529706895 off 0.2370277900090854	false	1.0
ungeschminkt	neg 1.0		__DUMMY__ 0.45847974851585654 neg 0.2972949293684945 off 0.2442253221156489	false	1.0
kritisch	neg 1.0		__DUMMY__ 0.4620742824419674 neg 0.3047260659577998 off 0.23319965160023273	false	1.0
schlamperei	off 1.0		__DUMMY__ 0.46096656297719835 neg 0.3077023074065879 off 0.23133112961621383	false	0.5
sucht	neg 1.0	neg 1.0	neg 0.6402202807341494 __DUMMY__ 0.22478845077131354 off 0.13499126849453716	false	1.0
egoistisch	off 1.0		__DUMMY__ 0.4580797899820485 neg 0.2912496989898495 off 0.25067051102810195	false	0.5
ausbeuter	off 1.0		__DUMMY__ 0.46049550119056815 neg 0.3084888089565802 off 0.23101568985285167	false	0.5
arschgeburt	off 1.0		__DUMMY__ 0.4517836900916863 neg 0.289776497339324 off 0.2584398125689897	false	0.5
schubs	neg 1.0	neg 1.0	neg 0.639634715830232 __DUMMY__ 0.22625641754798273 off 0.13410886662178528	false	1.0
unsolide	neg 1.0		__DUMMY__ 0.4546436955918843 neg 0.3083132336043125 off 0.2370430708038032	false	1.0
beschwerde	neg 1.0		__DUMMY__ 0.4606203537953133 neg 0.30796683957742943 off 0.23141280662725722	false	1.0
stocken	neg 1.0		__DUMMY__ 0.46169724350786506 neg 0.30573564872287445 off 0.23256710776926046	false	1.0
isolieren	neg 1.0		__DUMMY__ 0.4612942310867762 neg 0.3048132535221293 off 0.2338925153910945	false	1.0
unheilbar	neg 1.0		__DUMMY__ 0.46315358135541623 neg 0.29807099162608386 off 0.2387754270184998	false	1.0
pisser	off 1.0		__DUMMY__ 0.45809320743200715 neg 0.29663551088417456 off 0.24527128168381826	false	0.5
löschen	neg 1.0		__DUMMY__ 0.4619280937342185 neg 0.3006258874171925 off 0.23744601884858896	false	1.0
durchfallen	neg 1.0		__DUMMY__ 0.4608015556596887 neg 0.30482813878306475 off 0.2343703055572464	false	1.0
wichser	off 1.0		__DUMMY__ 0.45601760278747905 neg 0.28814528082825164 off 0.2558371163842694	false	0.5
terror	neg 1.0		__DUMMY__ 0.46202857918462736 neg 0.29691681352048993 off 0.24105460729488273	false	1.0
krass	neg 1.0		__DUMMY__ 0.4580777109764509 neg 0.2937777642523773 off 0.24814452477117183	false	1.0
revolte	neg 1.0	neg 1.0	neg 0.6418391889121436 __DUMMY__ 0.22246756011718752 off 0.13569325097066887	false	1.0
besorgt	neg 1.0		__DUMMY__ 0.4654533484369459 neg 0.29816606907375875 off 0.23638058248929522	false	1.0
nachlassen	neg 1.0		__DUMMY__ 0.4634304486914879 neg 0.30370721538676665 off 0.23286233592174532	false	1.0
alt	neg 1.0		__DUMMY__ 0.46330712541351543 neg 0.3025907602615175 off 0.23410211432496722	false	1.0
hundesohn	off 1.0		__DUMMY__ 0.4540678936991416 neg 0.2929486690529228 off 0.25298343724793565	false	0.5
als			__DUMMY__ 0.46429092941149186 neg 0.29945010883828826 off 0.23625896175021976	false	0.0
abschreckung	neg 1.0		__DUMMY__ 0.46278291986319575 neg 0.30698539393639995 off 0.23023168620040438	false	1.0
unqualifiziert	neg 1.0		__DUMMY__ 0.45795659153217194 neg 0.3016032546313458 off 0.24044015383648226	false	1.0
abgewichst	off 1.0		__DUMMY__ 0.46280831345655987 neg 0.3014666392065965 off 0.23572504733684357	false	0.5
schwer	neg 1.0		__DUMMY__ 0.4626885711544226 neg 0.29943257292639874 off 0.23787885591917884	false	1.0
bedeutungslosigkeit	neg 1.0		__DUMMY__ 0.4625868948862102 neg 0.30605526964277596 off 0.23135783547101388	false	1.0
kapitulation	neg 1.0		__DUMMY__ 0.4591257177510499 neg 0.3091806703051387 off 0.2316936119438115	false	1.0
unscharf	neg 1.0		__DUMMY__ 0.46101906939168746 neg 0.298658970154217 off 0.24032196045409554	false	1.0
schwinden	neg 1.0		__DUMMY__ 0.46307661048672827 neg 0.30555916933821575 off 0.23136422017505612	false	1.0
versklavung	neg 1.0		__DUMMY__ 0.4570464624771525 neg 0.3061127964550634 off 0.2368407410677841	false	1.0
schlecht	neg 1.0		__DUMMY__ 0.4613676478980065 neg 0.29335423156260854 off 0.24527812053938508	false	1.0
verhasst	neg 1.0		__DUMMY__ 0.46114942783721535 neg 0.3000483490584909 off 0.23880222310429386	false	1.0
beschweren	neg 1.0		__DUMMY__ 0.4618331293216859 neg 0.29806876800597315 off 0.24009810267234097	false	1.0
scheiden	neg 1.0		__DUMMY__ 0.4675363237971948 neg 0.2922415326390609 off 0.24022214356374436	false	1.0
frustriert	neg 1.0		__DUMMY__ 0.4628521381252178 neg 0.3005283244209307 off 0.23661953745385159	false	1.0
schimmelig	neg 1.0		__DUMMY__ 0.463573108824607 neg 0.3031159814562854 off 0.23331090971910765	false	1.0
fisch	neg 1.0		__DUMMY__ 0.4672983540825157 neg 0.2995345300638309 off 0.23316711585365354	false	1.0
schmuggel	neg 1.0		__DUMMY__ 0.4655534125882785 neg 0.3021483508452802 off 0.2322982365664414	false	1.0
auffallen	neg 1.0		__DUMMY__ 0.46168519626024535 neg 0.2974146363335228 off 0.240900167406232	false	1.0
konkurrenz	neg 1.0	neg 1.0	neg 0.6428293582374887 __DUMMY__ 0.2260653853511685 off 0.13110525641134282	false	1.0
teufelskreis	neg 1.0	neg 1.0	neg 0.641684428787614 __DUMMY__ 0.22393774324473648 off 0.1343778279676495	false	1.0
aufschreien	neg 1.0		__DUMMY__ 0.46050203121950517 neg 0.299197432500201 off 0.2403005362802938	false	1.0
schuldner	neg 1.0		__DUMMY__ 0.4629033619626479 neg 0.30551947916575534 off 0.23157715887159686	false	1.0
missgeburt	off 1.0	off 1.0	off 0.6116344143740324 __DUMMY__ 0.22114767759798434 neg 0.16721790802798323	false	1.0
arbeitslos	neg 1.0		__DUMMY__ 0.46098653400476114 neg 0.3042558696626843 off 0.2347575963325545	false	1.0
befallen	neg 1.0		__DUMMY__ 0.4602317759298489 neg 0.30503484232097944 off 0.23473338174917166	false	1.0
miesepetrig	off 1.0	off 1.0	off 0.6092083350387614 __DUMMY__ 0.22389901976205528 neg 0.1668926451991833	false	1.0
alarmieren	neg 1.0		__DUMMY__ 0.45756427526195437 neg 0.3009112917754883 off 0.24152443296255732	false	1.0
ungeduscht	off 1.0		__DUMMY__ 0.462197825880755 neg 0.2953551315214715 off 0.2424470425977735	false	0.5
knappheit	neg 1.0		__DUMMY__ 0.4602896554942302 neg 0.3074333874303117 off 0.23227695707545826	false	1.0
schlange	neg 1.0		__DUMMY__ 0.464796684313504 neg 0.29411531621552506 off 0.2410879994709709	false	1.0
harsch	neg 1.0		__DUMMY__ 0.46011326732865143 neg 0.2903248632840018 off 0.24956186938734679	false	1.0
lang	neg 1.0		__DUMMY__ 0.46197241699762087 neg 0.30000797593549416 off 0.23801960706688502	false	1.0
ziellos	neg 1.0		__DUMMY__ 0.4647107940565194 neg 0.2996745217069753 off 0.23561468423650533	false	1.0
selbstverliebt	neg 1.0		__DUMMY__ 0.4532687104904603 neg 0.2908370546376998 off 0.2558942348718399	false	1.0
beseitigen	neg 1.0	neg 1.0	neg 0.639613206250144 __DUMMY__ 0.22566731150485475 off 0.13471948224500116	false	1.0
dumm	off 1.0		__DUMMY__ 0.45681828342204317 neg 0.291768688301261 off 0.25141302827669576	false	0.5
arbeitsloser	neg 1.0		__DUMMY__ 0.463144575400993 neg 0.3023879326985549 off 0.234467491900452	false	1.0
blitzen	neg 1.0		__DUMMY__ 0.4604304236632009 neg 0.29852178286655 off 0.24104779347024902	false	1.0
hilflos	neg 1.0		__DUMMY__ 0.4630620438029782 neg 0.3008284280216949 off 0.2361095281753269	false	1.0
eklig	off 1.0		__DUMMY__ 0.45659456603753656 neg 0.29130118891522616 off 0.2521042450472373	false	0.5
begriff			__DUMMY__ 0.46106449037607505 neg 0.3030930164022032 off 0.23584249322172177	false	0.0
hungersnot	neg 1.0		__DUMMY__ 0.4613196865299605 neg 0.30372223596444886 off 0.23495807750559056	false	1.0
ungesetzlich	neg 1.0		__DUMMY__ 0.45619502091445324 neg 0.3058389018810088 off 0.23796607720453802	false	1.0
verschwendung	neg 1.0		__DUMMY__ 0.4630062327329322 neg 0.30417261380013594 off 0.2328211534669319	false	1.0
schmerzvoll	neg 1.0		__DUMMY__ 0.46203611215010765 neg 0.29786480793093834 off 0.24009907991895385	false	1.0
vorzeitig	neg 1.0		__DUMMY__ 0.46220535240773136 neg 0.296165280612751 off 0.24162936697951767	false	1.0
unvollkommenheit	neg 1.0		__DUMMY__ 0.4652756962181096 neg 0.29898703994974113 off 0.23573726383214932	false	1.0
intervenieren	neg 1.0		__DUMMY__ 0.4602150126672826 neg 0.3085223356153402 off 0.23126265171737714	false	1.0
banause	off 1.0		__DUMMY__ 0.4544646085358008 neg 0.2916981211042899 off 0.25383727035990916	false	0.5
rebell	neg 1.0		__DUMMY__ 0.463589973471458 neg 0.3077332309022954 off 0.22867679562624676	false	1.0
unlogisch	neg 1.0		__DUMMY__ 0.4585458603568592 neg 0.2940720219617123 off 0.24738211768142854	false	1.0
leiden	neg 1.0		__DUMMY__ 0.4694278082436121 neg 0.2959161381453792 off 0.23465605361100855	false	1.0
abschaffung	neg 1.0		__DUMMY__ 0.45851824582805595 neg 0.3046561353334602 off 0.23682561883848377	false	1.0
sturz	neg 1.0		__DUMMY__ 0.4624422900327009 neg 0.2999518426221833 off 0.2376058673451159	false	1.0
verkleinerung	neg 1.0		__DUMMY__ 0.4561461231310255 neg 0.3047772151239408 off 0.23907666174503375	false	1.0
schmarotzer	off 1.0		__DUMMY__ 0.4605005356869027 neg 0.30508686549208286 off 0.2344125988210146	false	0.5
bestrafung	neg 1.0		__DUMMY__ 0.4613969362028024 neg 0.29934203718107816 off 0.2392610266161194	false	1.0
achtlos	neg 1.0		__DUMMY__ 0.464062792474578 neg 0.2976072749729662 off 0.23832993255245577	false	1.0
ungeheuer	neg 1.0		__DUMMY__ 0.4635894902810074 neg 0.29407454565682933 off 0.24233596406216326	false	1.0
unaufrichtig	neg 1.0		__DUMMY__ 0.45850761961017755 neg 0.3023878149742751 off 0.2391045654155474	false	1.0
groggy	neg 1.0		__DUMMY__ 0.4596508735837574 neg 0.30019113096903544 off 0.2401579954472072	false	1.0
verletzlich	neg 1.0		__DUMMY__ 0.4599247893637573 neg 0.2938813956739196 off 0.2461938149623231	false	1.0
