unsolidarisch	neg 1.0		neg 0.5270411092249163 off 0.4067465803459304 __DUMMY__ 0.06621231042915325	false	1.0
nachteilig	neg 1.0		neg 0.5276801456093383 off 0.4053489807069992 __DUMMY__ 0.06697087368366253	false	1.0
skeptisch	neg 1.0		neg 0.5275985457424917 off 0.4052559133948796 __DUMMY__ 0.06714554086262886	false	1.0
schrecklich	neg 1.0		neg 0.5106166409790059 off 0.4227231641842576 __DUMMY__ 0.06666019483673645	false	1.0
schlapp	neg 1.0	neg 1.0	neg 0.7446554184785864 off 0.22337323009464527 __DUMMY__ 0.031971351426768296	false	1.0
abfall	neg 1.0		neg 0.5300000027715078 off 0.40266472344188176 __DUMMY__ 0.06733527378661044	false	1.0
widerspenstig	neg 1.0		neg 0.5207568023562589 off 0.4121177906434144 __DUMMY__ 0.06712540700032664	false	1.0
abrupt	neg 1.0		neg 0.5235013315050466 off 0.4088283048794232 __DUMMY__ 0.06767036361553014	false	1.0
unwirksam	neg 1.0		neg 0.5257810727436301 off 0.4078267656820412 __DUMMY__ 0.06639216157432878	false	1.0
angreifen	neg 1.0	neg 1.0	neg 0.7515102005413502 off 0.21646125707002198 __DUMMY__ 0.03202854238862777	false	1.0
inkonsistent	neg 1.0		neg 0.521397922150465 off 0.4117346480317913 __DUMMY__ 0.0668674298177436	false	1.0
abrutschen	neg 1.0		neg 0.5293166037023147 off 0.40331411844015697 __DUMMY__ 0.0673692778575282	false	1.0
unsicher	neg 1.0		neg 0.5204408115574071 off 0.41237554561052653 __DUMMY__ 0.06718364283206636	false	1.0
bauernkind	off 1.0	off 1.0	off 0.6937113520711264 neg 0.2748500923010136 __DUMMY__ 0.03143855562786008	false	1.0
angreifer	neg 1.0		neg 0.5192507013124954 off 0.41361599670049676 __DUMMY__ 0.06713330198700779	false	1.0
trennen	neg 1.0		neg 0.5218211523198444 off 0.4103046224127949 __DUMMY__ 0.06787422526736074	false	1.0
schmutz	neg 1.0		neg 0.517887448272666 off 0.4148288491742776 __DUMMY__ 0.06728370255305653	false	1.0
inkonsistenz	neg 1.0		neg 0.5194749211881174 off 0.41407894910230963 __DUMMY__ 0.06644612970957285	false	1.0
erschreckend	neg 1.0		neg 0.5230752395320589 off 0.4099131613883188 __DUMMY__ 0.06701159907962241	false	1.0
ertrinken	neg 1.0		neg 0.5239309844082596 off 0.4086661788734547 __DUMMY__ 0.06740283671828574	false	1.0
pickelface	off 1.0		neg 0.5250048289197081 off 0.408073666218791 __DUMMY__ 0.06692150486150081	false	0.5
seiner			neg 0.5252517725952186 off 0.40732813287955894 __DUMMY__ 0.06742009452522259	false	0.0
lauch	neg 1.0		neg 0.5315209475194624 off 0.4014667678006556 __DUMMY__ 0.06701228467988207	false	1.0
unwichtig	neg 1.0		neg 0.5169029983003802 off 0.41638601499644445 __DUMMY__ 0.06671098670317531	false	1.0
steuerhinterziehung	neg 1.0		neg 0.5269561383115333 off 0.406461811798803 __DUMMY__ 0.06658204988966376	false	1.0
schock	neg 1.0		neg 0.5196657158244945 off 0.4128221109748895 __DUMMY__ 0.06751217320061602	false	1.0
beule	neg 1.0		neg 0.5146820076259616 off 0.41838763678634955 __DUMMY__ 0.06693035558768888	false	1.0
vergelten	neg 1.0		neg 0.5111082741309667 off 0.4219547071830177 __DUMMY__ 0.06693701868601568	false	1.0
verdorbenheit	neg 1.0		neg 0.5216049952529471 off 0.41126936824578664 __DUMMY__ 0.06712563650126617	false	1.0
trauma	neg 1.0		neg 0.5207152003378376 off 0.41233409968988094 __DUMMY__ 0.0669506999722815	false	1.0
sinnlos	neg 1.0		neg 0.5181077375227423 off 0.4148320804994029 __DUMMY__ 0.06706018197785499	false	1.0
fettsack	off 1.0	off 1.0	off 0.6955799608260649 neg 0.27285566517328474 __DUMMY__ 0.03156437400065045	false	1.0
feige	off 1.0	off 1.0	off 0.6921381587928314 neg 0.27617963952040314 __DUMMY__ 0.03168220168676551	false	1.0
abdanken	neg 1.0		neg 0.5249316500732313 off 0.4083573166372699 __DUMMY__ 0.06671103328949889	false	1.0
wichtigtuer	off 1.0	off 1.0	off 0.6907114744836261 neg 0.27746039215234036 __DUMMY__ 0.03182813336403352	false	1.0
misslingen	neg 1.0		neg 0.5164256451196827 off 0.41592444178943855 __DUMMY__ 0.06764991309087867	false	1.0
untreu	off 1.0		neg 0.5157816852023891 off 0.41759628563230383 __DUMMY__ 0.06662202916530721	false	0.5
missmutig	neg 1.0		neg 0.5153454424559151 off 0.4177169172825924 __DUMMY__ 0.0669376402614926	false	1.0
hurenbock	off 1.0		neg 0.5191021360940586 off 0.4137701353966286 __DUMMY__ 0.06712772850931291	false	0.5
betrunken	neg 1.0		neg 0.5113321278522311 off 0.4216672913019546 __DUMMY__ 0.06700058084581413	false	1.0
korrupt	off 1.0		neg 0.5286242165662841 off 0.40492847113179775 __DUMMY__ 0.06644731230191822	false	0.5
unmut	neg 1.0		neg 0.5304860899757589 off 0.4022803816719314 __DUMMY__ 0.06723352835230967	false	1.0
hackfresse	off 1.0		neg 0.5086505024555092 off 0.42511930213530497 __DUMMY__ 0.0662301954091859	false	0.5
aufblasen	neg 1.0		neg 0.5181619736229657 off 0.4145878472444399 __DUMMY__ 0.06725017913259453	false	1.0
gewaltsam	neg 1.0		neg 0.5231052960632406 off 0.4098980386837281 __DUMMY__ 0.0669966652530312	false	1.0
unbeliebtheit	neg 1.0		neg 0.5223139359518658 off 0.4117244493849619 __DUMMY__ 0.06596161466317219	false	1.0
sturheit	neg 1.0		neg 0.5235584626043222 off 0.40949489716612875 __DUMMY__ 0.06694664022954908	false	1.0
kuh	neg 1.0		neg 0.5235309505766994 off 0.40989638094099123 __DUMMY__ 0.06657266848230929	false	1.0
erschrecken	neg 1.0		neg 0.51583201364511 off 0.4171501189848673 __DUMMY__ 0.06701786737002269	false	1.0
opfer	neg 1.0		neg 0.5247473979449211 off 0.4079882192638082 __DUMMY__ 0.06726438279127081	false	1.0
sinken	neg 1.0		neg 0.5283627309218546 off 0.40420057736226367 __DUMMY__ 0.06743669171588179	false	1.0
stinktier	neg 1.0		neg 0.5127390362365597 off 0.42104031679621173 __DUMMY__ 0.06622064696722867	false	1.0
tucke	off 1.0		neg 0.5114308993525843 off 0.422890188129934 __DUMMY__ 0.06567891251748179	false	0.5
ein			neg 0.5185145477011377 off 0.4141575976532438 __DUMMY__ 0.06732785464561854	false	0.0
abstieg	neg 1.0		neg 0.524594130306773 off 0.4079223340262931 __DUMMY__ 0.06748353566693387	false	1.0
missverstehen	neg 1.0		neg 0.5201186052415244 off 0.4131952572005768 __DUMMY__ 0.06668613755789878	false	1.0
ergebnislos	neg 1.0		neg 0.526678717516907 off 0.40614574135581394 __DUMMY__ 0.06717554112727905	false	1.0
unter			neg 0.5297904245855253 off 0.4019655005720043 __DUMMY__ 0.06824407484247046	false	0.0
manipulieren	neg 1.0		neg 0.5272652556529613 off 0.40555226035094727 __DUMMY__ 0.06718248399609135	false	1.0
unbewiesen	neg 1.0		neg 0.5272910360503668 off 0.4065935003925462 __DUMMY__ 0.06611546355708695	false	1.0
verschleppen	neg 1.0		neg 0.5256216334638676 off 0.407370241017373 __DUMMY__ 0.0670081255187593	false	1.0
weib	off 1.0		neg 0.5094567574254658 off 0.42442313013772537 __DUMMY__ 0.06612011243680888	false	0.5
opposition	neg 1.0		neg 0.5218773356506764 off 0.41151721357936627 __DUMMY__ 0.06660545076995737	false	1.0
verkehrswidrig	neg 1.0	neg 1.0	neg 0.7400210349717473 off 0.22765332422456916 __DUMMY__ 0.032325640803683414	false	1.0
inkorrekt	neg 1.0		neg 0.5175848499312303 off 0.4163265285690644 __DUMMY__ 0.06608862149970529	false	1.0
vermeiden	neg 1.0		neg 0.5297409450218888 off 0.40249244934886413 __DUMMY__ 0.06776660562924719	false	1.0
abweichung	neg 1.0	neg 1.0	neg 0.7506065989091639 off 0.21730871931400628 __DUMMY__ 0.032084681776829875	false	1.0
alkoholisiert	neg 1.0		neg 0.5202554832691388 off 0.4115002662412516 __DUMMY__ 0.06824425048960948	false	1.0
scheiss	off 1.0	off 1.0	off 0.693335075550324 neg 0.2748037670937364 __DUMMY__ 0.03186115735593961	false	1.0
herausforderung	neg 1.0	neg 1.0	neg 0.748329063551994 off 0.2191211665672097 __DUMMY__ 0.03254976988079631	false	1.0
pervers	off 1.0		neg 0.5057306320776572 off 0.4282392328805661 __DUMMY__ 0.06603013504177666	false	0.5
wackelig	neg 1.0		neg 0.5200703248186834 off 0.41215914852546814 __DUMMY__ 0.06777052665584832	false	1.0
verwickeln	neg 1.0		neg 0.519860296174272 off 0.4133906446422921 __DUMMY__ 0.06674905918343593	false	1.0
vorwand	neg 1.0		neg 0.5282305330512328 off 0.404570972967648 __DUMMY__ 0.06719849398111909	false	1.0
muschi	off 1.0		neg 0.5239402948752199 off 0.40906014052341705 __DUMMY__ 0.0669995646013631	false	0.5
entmutigung	neg 1.0		neg 0.5234136841958433 off 0.41013401884671713 __DUMMY__ 0.06645229695743966	false	1.0
unangemessen	neg 1.0		neg 0.5252320108241784 off 0.40790869664274254 __DUMMY__ 0.06685929253307907	false	1.0
unstetig	neg 1.0		neg 0.5209915630178087 off 0.4120925599277455 __DUMMY__ 0.06691587705444578	false	1.0
entmutigen	neg 1.0		neg 0.5192259636050445 off 0.41368237078047826 __DUMMY__ 0.0670916656144773	false	1.0
schwanz	neg 1.0		neg 0.5268782411878395 off 0.40593552055251525 __DUMMY__ 0.0671862382596453	false	1.0
verbot	neg 1.0		neg 0.527834942633771 off 0.4055180815279731 __DUMMY__ 0.066646975838256	false	1.0
leid	neg 1.0		neg 0.5098374718635994 off 0.42362214228315787 __DUMMY__ 0.06654038585324265	false	1.0
archaisch	neg 1.0		neg 0.5237045199565332 off 0.40917423751762394 __DUMMY__ 0.06712124252584295	false	1.0
gegen			neg 0.5275311185789457 off 0.4050005125773518 __DUMMY__ 0.06746836884370237	false	0.0
scheidung	neg 1.0		neg 0.5012096259541902 off 0.43273874201351004 __DUMMY__ 0.06605163203229988	false	1.0
einschlag	neg 1.0	neg 1.0	neg 0.7432059461133476 off 0.22492135007634317 __DUMMY__ 0.03187270381030936	false	1.0
m			neg 0.522700694090754 off 0.4099676926480745 __DUMMY__ 0.06733161326117157	false	0.0
abgestanden	neg 1.0		neg 0.5207350350149252 off 0.412269299444429 __DUMMY__ 0.06699566554064584	false	1.0
schmierig	off 1.0		neg 0.5103382090711269 off 0.42308896136337265 __DUMMY__ 0.06657282956550038	false	0.5
unpraktisch	neg 1.0		neg 0.5180823619193039 off 0.41458147766737463 __DUMMY__ 0.06733616041332137	false	1.0
wixxer	off 1.0		neg 0.5068639365941517 off 0.4272364949787398 __DUMMY__ 0.06589956842710852	false	0.5
bezeichnet			neg 0.5228645435811922 off 0.41021871953014744 __DUMMY__ 0.0669167368886604	false	0.0
jammerlappen	off 1.0		neg 0.5164817959174225 off 0.41677157546601984 __DUMMY__ 0.06674662861655778	false	0.5
farce	neg 1.0		neg 0.5272296851785491 off 0.4062064356449756 __DUMMY__ 0.06656387917647524	false	1.0
zwecklos	neg 1.0		neg 0.5245593021170523 off 0.40846842013025425 __DUMMY__ 0.06697227775269358	false	1.0
turbulent	neg 1.0		neg 0.5173512366921558 off 0.4161430531291031 __DUMMY__ 0.06650571017874106	false	1.0
invasion	neg 1.0		neg 0.5181628530226733 off 0.4148010323567592 __DUMMY__ 0.06703611462056744	false	1.0
schuld	neg 1.0		neg 0.5204658198802211 off 0.4125351822167955 __DUMMY__ 0.06699899790298336	false	1.0
risiko	neg 1.0		neg 0.5199077321935168 off 0.4128582561590842 __DUMMY__ 0.06723401164739902	false	1.0
finster	neg 1.0		neg 0.5189106327976167 off 0.41388597252879117 __DUMMY__ 0.06720339467359203	false	1.0
geisteskrank	off 1.0		neg 0.5160878775691461 off 0.4174693056713575 __DUMMY__ 0.06644281675949636	false	0.5
zusammenbrechen	neg 1.0		neg 0.5216870283964711 off 0.41100100566438796 __DUMMY__ 0.0673119659391409	false	1.0
ausbeute	neg 1.0		neg 0.5226272866314994 off 0.4095444166088887 __DUMMY__ 0.06782829675961208	false	1.0
hinterhalt	neg 1.0		neg 0.5220912366716342 off 0.41055506105237377 __DUMMY__ 0.06735370227599206	false	1.0
kritik	neg 1.0		neg 0.5270747608133727 off 0.4062992983752316 __DUMMY__ 0.06662594081139564	false	1.0
einschrumpfen	neg 1.0		neg 0.5218522212507014 off 0.4118181347883969 __DUMMY__ 0.0663296439609016	false	1.0
riskant	neg 1.0		neg 0.5264085831861924 off 0.4065410384620356 __DUMMY__ 0.067050378351772	false	1.0
frustrieren	neg 1.0		neg 0.5252049079649195 off 0.40760239434654294 __DUMMY__ 0.06719269768853761	false	1.0
groll	neg 1.0		neg 0.5238224905069035 off 0.4090233670145417 __DUMMY__ 0.06715414247855488	false	1.0
gibt			neg 0.5230229852118043 off 0.40979924583284777 __DUMMY__ 0.0671777689553479	false	0.0
qualvoll	neg 1.0		neg 0.5160107677201548 off 0.4168330544237189 __DUMMY__ 0.0671561778561263	false	1.0
wackeln	neg 1.0	neg 1.0	neg 0.746406754669798 off 0.22137989854557616 __DUMMY__ 0.03221334678462589	false	1.0
klagen	neg 1.0		neg 0.5295371672469825 off 0.4031842544880417 __DUMMY__ 0.06727857826497573	false	1.0
bankrott	neg 1.0		neg 0.5167567445425446 off 0.4163168162342845 __DUMMY__ 0.06692643922317087	false	1.0
trauern	neg 1.0		neg 0.5235299282495285 off 0.40897364330501174 __DUMMY__ 0.06749642844545971	false	1.0
ablehnung	neg 1.0		neg 0.527232517096535 off 0.40617296295045346 __DUMMY__ 0.06659451995301179	false	1.0
stur	neg 1.0		neg 0.5202029629271526 off 0.41288943921262844 __DUMMY__ 0.06690759786021908	false	1.0
aufruhr	neg 1.0		neg 0.5234053308701592 off 0.40962294803746585 __DUMMY__ 0.06697172109237495	false	1.0
melancholie	neg 1.0		neg 0.5222480995695542 off 0.41032059456678893 __DUMMY__ 0.06743130586365684	false	1.0
ist			neg 0.5189716704628272 off 0.4139907409735478 __DUMMY__ 0.06703758856362498	false	0.0
torheit	neg 1.0		neg 0.5226845839640788 off 0.4106254736618904 __DUMMY__ 0.06668994237403077	false	1.0
dreckskind	off 1.0		neg 0.5115457452193726 off 0.42233578775293223 __DUMMY__ 0.06611846702769511	false	0.5
umtauschen	neg 1.0		neg 0.5207588315677826 off 0.4120179224857354 __DUMMY__ 0.06722324594648202	false	1.0
zum			neg 0.5252787097351884 off 0.4062880001036768 __DUMMY__ 0.0684332901611347	false	0.0
zersetzen	neg 1.0		neg 0.5286329486787786 off 0.4043812720382624 __DUMMY__ 0.06698577928295887	false	1.0
zur			neg 0.5305375295269663 off 0.40169328173654206 __DUMMY__ 0.06776918873649165	false	0.0
frust	neg 1.0		neg 0.5218763404189364 off 0.4108042756214511 __DUMMY__ 0.06731938395961255	false	1.0
unerbittlichkeit	neg 1.0		neg 0.5278696523763292 off 0.4050503368541109 __DUMMY__ 0.06708001076955993	false	1.0
zwei			neg 0.5242215812190041 off 0.40763092870486245 __DUMMY__ 0.06814749007613344	false	0.0
unkorrekt	neg 1.0		neg 0.516068987031316 off 0.41773430547521323 __DUMMY__ 0.0661967074934708	false	1.0
hexe	off 1.0		neg 0.5153105899245601 off 0.41791512878746423 __DUMMY__ 0.06677428128797563	false	0.5
lasch	neg 1.0		neg 0.519120320302083 off 0.4142857640930596 __DUMMY__ 0.06659391560485735	false	1.0
rivale	neg 1.0		neg 0.5122340336264171 off 0.42093300135372463 __DUMMY__ 0.06683296501985835	false	1.0
mutlos	off 1.0	off 1.0	off 0.6864693799795073 neg 0.28164159432754776 __DUMMY__ 0.03188902569294497	false	1.0
wirr	off 1.0		neg 0.5153207044490052 off 0.4184300549795295 __DUMMY__ 0.06624924057146524	false	0.5
jahr			neg 0.5221333652952996 off 0.4097751851018327 __DUMMY__ 0.0680914496028678	false	0.0
wird			neg 0.523773763170678 off 0.4088860786496617 __DUMMY__ 0.06734015817966024	false	0.0
strafbar	neg 1.0		neg 0.5269159716541385 off 0.4061308874455073 __DUMMY__ 0.06695314090035413	false	1.0
erosion	neg 1.0		neg 0.5194676145761671 off 0.41330176377041794 __DUMMY__ 0.06723062165341488	false	1.0
eingehen	neg 1.0		neg 0.525678069786447 off 0.4073749536799006 __DUMMY__ 0.06694697653365239	false	1.0
faul	off 1.0		neg 0.5158445863011223 off 0.41715818849606456 __DUMMY__ 0.06699722520281319	false	0.5
provisorium	neg 1.0		neg 0.5320054120378143 off 0.40004471089463334 __DUMMY__ 0.0679498770675525	false	1.0
schmerzen	neg 1.0		neg 0.5205952302229472 off 0.41223654322292597 __DUMMY__ 0.06716822655412673	false	1.0
schrumpfen	neg 1.0		neg 0.5319221292100851 off 0.4006225220173018 __DUMMY__ 0.06745534877261314	false	1.0
geistlos	off 1.0		neg 0.5229723045004168 off 0.41078751831943866 __DUMMY__ 0.06624017718014466	false	0.5
fehlkauf	neg 1.0		neg 0.5206179897477651 off 0.4125790579091086 __DUMMY__ 0.06680295234312636	false	1.0
frustrierend	neg 1.0		neg 0.515535404086354 off 0.41736304465095364 __DUMMY__ 0.06710155126269247	false	1.0
unzufrieden	neg 1.0		neg 0.524591222263 off 0.4084100866158657 __DUMMY__ 0.06699869112113423	false	1.0
verzweifeln	neg 1.0		neg 0.521239754839172 off 0.4115885789336811 __DUMMY__ 0.06717166622714695	false	1.0
verzweifelt	neg 1.0		neg 0.5200839528768376 off 0.41300415642762467 __DUMMY__ 0.06691189069553764	false	1.0
misstrauensantrag	neg 1.0		neg 0.5205179613224236 off 0.41279694020123464 __DUMMY__ 0.0666850984763417	false	1.0
abfallen	neg 1.0		neg 0.5172465866290439 off 0.41534358017469547 __DUMMY__ 0.06740983319626079	false	1.0
fucker	off 1.0		neg 0.5152686859306199 off 0.41823676339578064 __DUMMY__ 0.0664945506735994	false	0.5
ungezogen	neg 1.0		neg 0.5061195853178341 off 0.4275586198510372 __DUMMY__ 0.06632179483112874	false	1.0
irrsinnig	neg 1.0	neg 1.0	neg 0.7480192010079254 off 0.22008899341728844 __DUMMY__ 0.03189180557478623	false	1.0
unfassbar	neg 1.0		neg 0.5152567284848397 off 0.4179682861085123 __DUMMY__ 0.06677498540664814	false	1.0
hart	neg 1.0		neg 0.5191291690149067 off 0.41422552779900923 __DUMMY__ 0.06664530318608414	false	1.0
widerlich	off 1.0		neg 0.5160939689183877 off 0.41745553466861934 __DUMMY__ 0.06645049641299303	false	0.5
fatal	neg 1.0		neg 0.5200410452602348 off 0.4131257354904307 __DUMMY__ 0.06683321924933458	false	1.0
bruch	neg 1.0		neg 0.5299747479764245 off 0.4028605241984795 __DUMMY__ 0.06716472782509592	false	1.0
aushungern	neg 1.0		neg 0.5255215377979259 off 0.4078022946401989 __DUMMY__ 0.06667616756187522	false	1.0
anspannung	neg 1.0	neg 1.0	neg 0.7506818119883667 off 0.21665135926038054 __DUMMY__ 0.032666828751252895	false	1.0
von			neg 0.5240357622395068 off 0.4080216093135129 __DUMMY__ 0.06794262844698028	false	0.0
kraftlos	neg 1.0		neg 0.5211261948174976 off 0.41134190380410385 __DUMMY__ 0.06753190137839855	false	1.0
vom			neg 0.5283276138157103 off 0.40328698454427625 __DUMMY__ 0.06838540164001342	false	0.0
grenzdebil	off 1.0		neg 0.514111039509655 off 0.4191459749704847 __DUMMY__ 0.06674298551986026	false	0.5
vor			neg 0.5263137437267923 off 0.40618924528038275 __DUMMY__ 0.06749701099282493	false	0.0
unterwerfen	neg 1.0		neg 0.5253963474281158 off 0.40738564482827094 __DUMMY__ 0.06721800774361317	false	1.0
versenkung	neg 1.0		neg 0.5260716708553373 off 0.40674869284434795 __DUMMY__ 0.06717963630031469	false	1.0
entziehen	neg 1.0		neg 0.5285846121827745 off 0.40412641789739956 __DUMMY__ 0.06728896991982593	false	1.0
finanzkrise	neg 1.0		neg 0.5266559466272518 off 0.40688487649592275 __DUMMY__ 0.06645917687682555	false	1.0
schimpfend	neg 1.0		neg 0.5167700547204327 off 0.4157038461524536 __DUMMY__ 0.0675260991271137	false	1.0
profan	neg 1.0		neg 0.5183069296486589 off 0.414800467351567 __DUMMY__ 0.06689260299977409	false	1.0
korruption	neg 1.0	neg 1.0	neg 0.7518626722301895 off 0.21637586036159046 __DUMMY__ 0.03176146740821996	false	1.0
â			neg 0.5244189283105988 off 0.4082966105948214 __DUMMY__ 0.06728446109457975	false	0.0
schmutzig	neg 1.0		neg 0.5143577881662829 off 0.41881353088159856 __DUMMY__ 0.0668286809521186	false	1.0
sexy	neg 1.0		neg 0.5176068804221859 off 0.41550283615747613 __DUMMY__ 0.06689028342033786	false	1.0
abraten	neg 1.0		neg 0.5192210958236699 off 0.4138170789641694 __DUMMY__ 0.0669618252121607	false	1.0
schwarz	neg 1.0		neg 0.5205240129471153 off 0.4125990966160833 __DUMMY__ 0.06687689043680159	false	1.0
fotze	off 1.0		neg 0.5264954870349021 off 0.40646018758354713 __DUMMY__ 0.06704432538155079	false	0.5
verwirren	neg 1.0		neg 0.5178724528611334 off 0.41520541737054095 __DUMMY__ 0.06692212976832573	false	1.0
zahnlos	off 1.0		neg 0.5250135059518682 off 0.4080571962253279 __DUMMY__ 0.06692929782280375	false	0.5
verheeren	neg 1.0		neg 0.5056490106588439 off 0.428113853631583 __DUMMY__ 0.06623713570957322	false	1.0
hippie	neg 1.0		neg 0.5187342248241699 off 0.41444412157061705 __DUMMY__ 0.06682165360521315	false	1.0
rammen	neg 1.0		neg 0.5220004757684947 off 0.4112310553981332 __DUMMY__ 0.0667684688333719	false	1.0
unlauter	neg 1.0		neg 0.524979887533962 off 0.4086513381301645 __DUMMY__ 0.06636877433587345	false	1.0
unheilvoll	neg 1.0		neg 0.5166341843595736 off 0.4160856431375804 __DUMMY__ 0.06728017250284606	false	1.0
niedrig	neg 1.0		neg 0.5269111674952236 off 0.405927434125495 __DUMMY__ 0.06716139837928128	false	1.0
explosion	neg 1.0		neg 0.5195507004632776 off 0.413651469952203 __DUMMY__ 0.06679782958451956	false	1.0
weichei	off 1.0		neg 0.5106316979395426 off 0.42313361166928737 __DUMMY__ 0.0662346903911701	false	0.5
minusmensch	off 1.0		neg 0.5108522661900382 off 0.42368015422419714 __DUMMY__ 0.06546757958576471	false	0.5
farblos	neg 1.0		neg 0.5192447646888776 off 0.41313743173940665 __DUMMY__ 0.0676178035717156	false	1.0
unwissend	neg 1.0	neg 1.0	neg 0.7454455878410785 off 0.22275185554747015 __DUMMY__ 0.031802556611451364	false	1.0
traurig	neg 1.0		neg 0.5114335341067276 off 0.4218136159530177 __DUMMY__ 0.06675284994025461	false	1.0
senkung	neg 1.0		neg 0.5208668394580206 off 0.4126085891044069 __DUMMY__ 0.06652457143757237	false	1.0
ungleich	neg 1.0	neg 1.0	neg 0.7518106612649174 off 0.21628528771823502 __DUMMY__ 0.031904051016847554	false	1.0
heikel	neg 1.0		neg 0.5278495619531672 off 0.40508403909285856 __DUMMY__ 0.0670663989539742	false	1.0
drosselung	neg 1.0		neg 0.5148766598991382 off 0.418386283822076 __DUMMY__ 0.06673705627878576	false	1.0
falsch	neg 1.0		neg 0.5166502800059909 off 0.4164800376284855 __DUMMY__ 0.06686968236552353	false	1.0
unzufriedenheit	neg 1.0		neg 0.5279641734512283 off 0.4048549732881395 __DUMMY__ 0.06718085326063218	false	1.0
kurz	neg 1.0		neg 0.5201220060625111 off 0.4122984273804039 __DUMMY__ 0.06757956655708493	false	1.0
unsinnig	neg 1.0		neg 0.5251327832835399 off 0.4080714340129168 __DUMMY__ 0.06679578270354336	false	1.0
penner	off 1.0	off 1.0	off 0.6973146843251393 neg 0.27113727483994493 __DUMMY__ 0.03154804083491581	false	1.0
seicht	neg 1.0		neg 0.5090022699664016 off 0.42510055731177193 __DUMMY__ 0.06589717272182657	false	1.0
dummheit	off 1.0	off 1.0	off 0.6906175033785771 neg 0.27762061313762815 __DUMMY__ 0.03176188348379474	false	1.0
unerfreulich	neg 1.0		neg 0.5273540988333344 off 0.40530377319447025 __DUMMY__ 0.06734212797219534	false	1.0
motherfucker	off 1.0	off 1.0	off 0.6930030350385724 neg 0.27536332691874327 __DUMMY__ 0.03163363804268426	false	1.0
pikiert	neg 1.0		neg 0.5176028359830651 off 0.4159514687379935 __DUMMY__ 0.06644569527894136	false	1.0
wrack	neg 1.0		neg 0.5225770156497129 off 0.4097153170355649 __DUMMY__ 0.06770766731472211	false	1.0
gangster	neg 1.0		neg 0.5186443110578728 off 0.41444282612418043 __DUMMY__ 0.06691286281794688	false	1.0
krank	neg 1.0		neg 0.5123770191060559 off 0.4206587092366859 __DUMMY__ 0.06696427165725824	false	1.0
reich	neg 1.0		neg 0.5181941380171375 off 0.41519234516426706 __DUMMY__ 0.06661351681859544	false	1.0
gnadenlos	neg 1.0		neg 0.520179038906992 off 0.4127758162949422 __DUMMY__ 0.0670451447980658	false	1.0
niedergeschlagen	neg 1.0		neg 0.5212407704994774 off 0.4114062096361334 __DUMMY__ 0.06735301986438923	false	1.0
terrorisieren	off 1.0	off 1.0	off 0.6875752142687678 neg 0.2803743380367636 __DUMMY__ 0.03205044769446861	false	1.0
sinnlosigkeit	neg 1.0		neg 0.5238600025931386 off 0.4090631402775489 __DUMMY__ 0.06707685712931245	false	1.0
behindern	neg 1.0		neg 0.5231856701785385 off 0.40988447958837526 __DUMMY__ 0.06692985023308644	false	1.0
undemokratisch	neg 1.0		neg 0.5240692437088224 off 0.40945545514711557 __DUMMY__ 0.06647530114406211	false	1.0
wirtschaftskrise	neg 1.0		neg 0.5275376935360075 off 0.4056579441958928 __DUMMY__ 0.06680436226809951	false	1.0
neid	neg 1.0		neg 0.5129307719471877 off 0.41974271165986893 __DUMMY__ 0.0673265163929434	false	1.0
rutschen	neg 1.0	neg 1.0	neg 0.7496182452182542 off 0.21776514133445693 __DUMMY__ 0.03261661344728888	false	1.0
rezession	neg 1.0		neg 0.5158307050808479 off 0.41825058674400634 __DUMMY__ 0.06591870817514582	false	1.0
fehlgeburt	neg 1.0		neg 0.5177863632496773 off 0.41504321808616124 __DUMMY__ 0.06717041866416139	false	1.0
charakterschwach	off 1.0		neg 0.5156688529840209 off 0.41773369683757294 __DUMMY__ 0.06659745017840625	false	0.5
isolation	neg 1.0		neg 0.515714425750872 off 0.41720672509095713 __DUMMY__ 0.06707884915817078	false	1.0
ablenkung	neg 1.0		neg 0.5201863728341163 off 0.41265430892337696 __DUMMY__ 0.06715931824250679	false	1.0
pech	neg 1.0		neg 0.5160320587710406 off 0.41694157175472346 __DUMMY__ 0.06702636947423593	false	1.0
vermeidung	neg 1.0		neg 0.5160943200540039 off 0.4174267947145769 __DUMMY__ 0.06647888523141926	false	1.0
dominieren	neg 1.0		neg 0.5223842840034357 off 0.40999360368854426 __DUMMY__ 0.0676221123080201	false	1.0
schwindlig	neg 1.0		neg 0.5157872504536488 off 0.4168441608752619 __DUMMY__ 0.06736858867108944	false	1.0
lutscher	neg 1.0	neg 1.0	neg 0.7409716272699691 off 0.22761476841360556 __DUMMY__ 0.03141360431642542	false	1.0
pflicht	neg 1.0		neg 0.5273545802770581 off 0.40546320858334417 __DUMMY__ 0.06718221113959777	false	1.0
faschist	off 1.0		neg 0.521398394805409 off 0.4121748229755645 __DUMMY__ 0.06642678221902647	false	0.5
verschleudern	neg 1.0		neg 0.5300221361126993 off 0.4034152498595799 __DUMMY__ 0.06656261402772065	false	1.0
wenn			neg 0.5162284493625087 off 0.4168816403085699 __DUMMY__ 0.06688991032892153	false	0.0
ehebruch	neg 1.0		neg 0.5262236425600321 off 0.406798332785441 __DUMMY__ 0.06697802465452683	false	1.0
spott	off 1.0		neg 0.5274345784968016 off 0.4056640500213325 __DUMMY__ 0.06690137148186594	false	0.5
trostlosigkeit	neg 1.0		neg 0.528337599800316 off 0.40438615253289234 __DUMMY__ 0.06727624766679156	false	1.0
lutschen	neg 1.0		neg 0.5207841628419181 off 0.4126139531830021 __DUMMY__ 0.0666018839750798	false	1.0
undiszipliniert	neg 1.0		neg 0.5128215924755793 off 0.42045921062340064 __DUMMY__ 0.06671919690101993	false	1.0
kopfschmerz	neg 1.0		neg 0.5210447845391399 off 0.4115641995442858 __DUMMY__ 0.06739101591657416	false	1.0
unvorhergesehen	neg 1.0		neg 0.5212695833773527 off 0.4108816323491853 __DUMMY__ 0.06784878427346203	false	1.0
desinteressiert	neg 1.0		neg 0.5140595962099094 off 0.4193845001975911 __DUMMY__ 0.06655590359249954	false	1.0
armselig	off 1.0		neg 0.5145966328750242 off 0.41913410575130394 __DUMMY__ 0.0662692613736718	false	0.5
desaster	neg 1.0		neg 0.5306669075257291 off 0.4021604250362132 __DUMMY__ 0.06717266743805775	false	1.0
tod	neg 1.0		neg 0.5243218828822745 off 0.40839164123724186 __DUMMY__ 0.06728647588048346	false	1.0
herzlos	neg 1.0		neg 0.5126824638561436 off 0.42085738155822083 __DUMMY__ 0.06646015458563552	false	1.0
unwissenheit	neg 1.0		neg 0.5261538089981385 off 0.4070738754288334 __DUMMY__ 0.06677231557302796	false	1.0
widersinnig	neg 1.0	neg 1.0	neg 0.7513709401929842 off 0.21691430470097456 __DUMMY__ 0.031714755106041236	false	1.0
bedenklich	neg 1.0		neg 0.5263374397753842 off 0.40666293702087847 __DUMMY__ 0.0669996232037373	false	1.0
beanstanden	neg 1.0		neg 0.5279377104934506 off 0.40483780683967296 __DUMMY__ 0.06722448266687636	false	1.0
panisch	neg 1.0	neg 1.0	neg 0.7444852497458895 off 0.22324512389183215 __DUMMY__ 0.0322696263622783	false	1.0
debil	off 1.0		neg 0.5324213757888805 off 0.4000233868184357 __DUMMY__ 0.0675552373926838	false	0.5
abstrich	neg 1.0		neg 0.5253868438332613 off 0.407587562440816 __DUMMY__ 0.06702559372592254	false	1.0
primitiv	neg 1.0		neg 0.5155345788385853 off 0.41801391763346535 __DUMMY__ 0.06645150352794917	false	1.0
abschaum	off 1.0	off 1.0	off 0.6921346140422614 neg 0.2761111316053068 __DUMMY__ 0.031754254352431725	false	1.0
provozieren	neg 1.0		neg 0.5214493837415685 off 0.4116703843605052 __DUMMY__ 0.06688023189792651	false	1.0
tot	neg 1.0		neg 0.5251167604300714 off 0.4076373999993346 __DUMMY__ 0.06724583957059407	false	1.0
instabil	neg 1.0		neg 0.5174888187060417 off 0.41632747653169827 __DUMMY__ 0.06618370476226015	false	1.0
schwuchtel	off 1.0		neg 0.5044489572093672 off 0.43002493149328946 __DUMMY__ 0.06552611129734334	false	0.5
zerren	neg 1.0		neg 0.5209406078893951 off 0.4116735437008763 __DUMMY__ 0.06738584840972864	false	1.0
kinderficker	off 1.0		neg 0.5124701699705906 off 0.42144004666683915 __DUMMY__ 0.06608978336257011	false	0.5
gefahr	neg 1.0		neg 0.5277996533040079 off 0.40500368655950403 __DUMMY__ 0.06719666013648815	false	1.0
rabiat	neg 1.0		neg 0.5224123990340298 off 0.4107199511365571 __DUMMY__ 0.06686764982941305	false	1.0
verlangsamung	neg 1.0		neg 0.5108309032814526 off 0.42317794237232026 __DUMMY__ 0.06599115434622707	false	1.0
ausgestorben	neg 1.0		neg 0.5206347670027272 off 0.41208291167042077 __DUMMY__ 0.06728232132685205	false	1.0
anklagen	neg 1.0		neg 0.5252346022901256 off 0.40793181312518706 __DUMMY__ 0.0668335845846872	false	1.0
trott	neg 1.0		neg 0.5214146217311924 off 0.4114127953761126 __DUMMY__ 0.067172582892695	false	1.0
verminderung	neg 1.0		neg 0.5144239239980205 off 0.41900809852258364 __DUMMY__ 0.06656797747939586	false	1.0
nach			neg 0.5257193850033778 off 0.4059893829984267 __DUMMY__ 0.06829123199819542	false	0.0
rost	neg 1.0		neg 0.5105881452372576 off 0.42312882372591404 __DUMMY__ 0.06628303103682828	false	1.0
destruktiv	neg 1.0		neg 0.5241913441413468 off 0.4091237084582877 __DUMMY__ 0.06668494740036537	false	1.0
unzumutbarkeit	neg 1.0		neg 0.5156403210860911 off 0.4174368024374383 __DUMMY__ 0.06692287647647038	false	1.0
labil	off 1.0	off 1.0	off 0.6920100125965486 neg 0.27624022586129204 __DUMMY__ 0.03174976154215934	false	1.0
ziemlich	neg 1.0		neg 0.5136576092787296 off 0.41940243213555956 __DUMMY__ 0.06693995858571102	false	1.0
lachnummer	off 1.0		neg 0.5224359945037952 off 0.41063839043736405 __DUMMY__ 0.06692561505884077	false	0.5
oder			neg 0.5191115188097387 off 0.4135627241052275 __DUMMY__ 0.06732575708503373	false	0.0
verfall	neg 1.0		neg 0.5329228955554351 off 0.39977335902122446 __DUMMY__ 0.06730374542334037	false	1.0
ausgrenzung	neg 1.0		neg 0.5238739437747569 off 0.40976913254309255 __DUMMY__ 0.06635692368215049	false	1.0
unordnung	neg 1.0		neg 0.5152448518422479 off 0.4179277901827755 __DUMMY__ 0.06682735797497666	false	1.0
fehlverhalten	neg 1.0		neg 0.5280440684528979 off 0.40494033693709747 __DUMMY__ 0.06701559461000488	false	1.0
eine			neg 0.5265417113647995 off 0.40608478327461783 __DUMMY__ 0.06737350536058252	false	0.0
nille	neg 1.0		neg 0.5231221491919777 off 0.4098390327418759 __DUMMY__ 0.06703881806614632	false	1.0
qual	neg 1.0		neg 0.5220258667051871 off 0.41085455898261275 __DUMMY__ 0.06711957431220009	false	1.0
verschwenden	neg 1.0		neg 0.52546734127794 off 0.4075026317627695 __DUMMY__ 0.06703002695929038	false	1.0
riesig	neg 1.0	neg 1.0	neg 0.7495393329317289 off 0.21828003307962665 __DUMMY__ 0.03218063398864445	false	1.0
verurteilen	neg 1.0		neg 0.525613857865871 off 0.40751790467015175 __DUMMY__ 0.06686823746397716	false	1.0
klischee	neg 1.0	neg 1.0	neg 0.7470959119542289 off 0.22116713836520066 __DUMMY__ 0.03173694968057058	false	1.0
diktatorisch	neg 1.0		neg 0.5247995071773868 off 0.40895265470621117 __DUMMY__ 0.06624783811640209	false	1.0
vorhersehbar	neg 1.0	neg 1.0	neg 0.7471369191479112 off 0.22105190359574442 __DUMMY__ 0.03181117725634427	false	1.0
sowie			neg 0.5122554662055687 off 0.4216076826142309 __DUMMY__ 0.0661368511802005	false	0.0
stornieren	neg 1.0		neg 0.5162743131676475 off 0.41603131769892354 __DUMMY__ 0.06769436913342909	false	1.0
besteuerung	neg 1.0		neg 0.5239864294292154 off 0.4095213148492606 __DUMMY__ 0.06649225572152395	false	1.0
ungeschminkt	neg 1.0		neg 0.516151924815894 off 0.4173549822923522 __DUMMY__ 0.06649309289175367	false	1.0
kritisch	neg 1.0		neg 0.5262329031999884 off 0.4067040842526896 __DUMMY__ 0.06706301254732203	false	1.0
schlamperei	off 1.0		neg 0.5289017860607541 off 0.404216170048123 __DUMMY__ 0.06688204389112293	false	0.5
sucht	neg 1.0	neg 1.0	neg 0.748086917272842 off 0.21987709517066117 __DUMMY__ 0.032035987556496816	false	1.0
egoistisch	off 1.0		neg 0.5095105861830089 off 0.4240531866931435 __DUMMY__ 0.06643622712384749	false	0.5
ausbeuter	off 1.0		neg 0.5294893786833419 off 0.403695101031976 __DUMMY__ 0.06681552028468211	false	0.5
arschgeburt	off 1.0		neg 0.5047719311458948 off 0.4297744391525884 __DUMMY__ 0.06545362970151679	false	0.5
schubs	neg 1.0	neg 1.0	neg 0.7481788767471382 off 0.21956734978009065 __DUMMY__ 0.03225377347277107	false	1.0
unsolide	neg 1.0		neg 0.5262393652903794 off 0.40786449180190887 __DUMMY__ 0.06589614290771158	false	1.0
beschwerde	neg 1.0		neg 0.5289710234581484 off 0.40420139918980685 __DUMMY__ 0.06682757735204467	false	1.0
stocken	neg 1.0		neg 0.5271063235238923 off 0.4058962667681775 __DUMMY__ 0.06699740970793015	false	1.0
isolieren	neg 1.0		neg 0.5259222140583995 off 0.4071484308106208 __DUMMY__ 0.06692935513097982	false	1.0
unheilbar	neg 1.0		neg 0.5195909871309005 off 0.4131850717940135 __DUMMY__ 0.06722394107508603	false	1.0
pisser	off 1.0		neg 0.5153805321654298 off 0.4181888304001009 __DUMMY__ 0.06643063743446928	false	0.5
löschen	neg 1.0		neg 0.5216353329904687 off 0.4113219217652349 __DUMMY__ 0.06704274524429639	false	1.0
durchfallen	neg 1.0		neg 0.5256195081015197 off 0.40751382659617014 __DUMMY__ 0.06686666530231014	false	1.0
wichser	off 1.0		neg 0.5050770849298991 off 0.42880717633574905 __DUMMY__ 0.06611573873435174	false	0.5
terror	neg 1.0		neg 0.5176109266860573 off 0.4153351777934843 __DUMMY__ 0.06705389552045822	false	1.0
krass	neg 1.0		neg 0.512148877735108 off 0.42141982611114687 __DUMMY__ 0.06643129615374507	false	1.0
revolte	neg 1.0	neg 1.0	neg 0.7486820599052822 off 0.21961545370704644 __DUMMY__ 0.03170248638767134	false	1.0
besorgt	neg 1.0		neg 0.5208348410199707 off 0.41158251761404097 __DUMMY__ 0.06758264136598839	false	1.0
nachlassen	neg 1.0		neg 0.5257189174676509 off 0.4070176926761311 __DUMMY__ 0.06726338985621802	false	1.0
alt	neg 1.0		neg 0.5243920099671575 off 0.408374599080631 __DUMMY__ 0.06723339095221145	false	1.0
hundesohn	off 1.0		neg 0.5094013995977315 off 0.4247904325484313 __DUMMY__ 0.06580816785383735	false	0.5
als			neg 0.5216003143636997 off 0.41099319998953265 __DUMMY__ 0.06740648564676764	false	0.0
abschreckung	neg 1.0		neg 0.5290796095498402 off 0.40375240022252035 __DUMMY__ 0.06716799022763946	false	1.0
unqualifiziert	neg 1.0		neg 0.5206993605907334 off 0.4128809871118989 __DUMMY__ 0.06641965229736774	false	1.0
abgewichst	off 1.0		neg 0.5230257745381522 off 0.4097989283796079 __DUMMY__ 0.06717529708223985	false	0.5
schwer	neg 1.0		neg 0.5207243595332797 off 0.4121125608073882 __DUMMY__ 0.0671630796593322	false	1.0
bedeutungslosigkeit	neg 1.0		neg 0.5279402709780437 off 0.4049176192073956 __DUMMY__ 0.06714210981456056	false	1.0
kapitulation	neg 1.0		neg 0.5295352453153829 off 0.4038658326670691 __DUMMY__ 0.06659892201754802	false	1.0
unscharf	neg 1.0		neg 0.5189008699122084 off 0.4142163884744122 __DUMMY__ 0.06688274161337945	false	1.0
schwinden	neg 1.0		neg 0.5276414973399814 off 0.40514796908237166 __DUMMY__ 0.06721053357764695	false	1.0
versklavung	neg 1.0		neg 0.5251298191547416 off 0.408596628592177 __DUMMY__ 0.0662735522530813	false	1.0
schlecht	neg 1.0		neg 0.5134739811172355 off 0.419572753322945 __DUMMY__ 0.06695326555981945	false	1.0
verhasst	neg 1.0		neg 0.5206510291553854 off 0.41242930527550614 __DUMMY__ 0.06691966556910835	false	1.0
beschweren	neg 1.0		neg 0.5188161934343811 off 0.41415516641553224 __DUMMY__ 0.06702864015008661	false	1.0
scheiden	neg 1.0		neg 0.515499390822634 off 0.41661400904132195 __DUMMY__ 0.06788660013604418	false	1.0
frustriert	neg 1.0		neg 0.5220199189321265 off 0.41079147312354497 __DUMMY__ 0.06718860794432868	false	1.0
schimmelig	neg 1.0		neg 0.5250526571331149 off 0.4076729949571607 __DUMMY__ 0.0672743479097245	false	1.0
fisch	neg 1.0		neg 0.5231836670802964 off 0.40897448430268385 __DUMMY__ 0.06784184861701972	false	1.0
schmuggel	neg 1.0		neg 0.5252611318161851 off 0.40715399188421164 __DUMMY__ 0.06758487629960337	false	1.0
auffallen	neg 1.0		neg 0.5180146132522009 off 0.4149810706792068 __DUMMY__ 0.06700431606859232	false	1.0
konkurrenz	neg 1.0	neg 1.0	neg 0.7514373265055573 off 0.21633133473751537 __DUMMY__ 0.03223133875692739	false	1.0
teufelskreis	neg 1.0	neg 1.0	neg 0.7491901671667907 off 0.2188871357336765 __DUMMY__ 0.0319226970995329	false	1.0
aufschreien	neg 1.0		neg 0.5193488267140863 off 0.4138309436463842 __DUMMY__ 0.06682022963952958	false	1.0
schuldner	neg 1.0		neg 0.527549996025084 off 0.40526945371314016 __DUMMY__ 0.06718055026177581	false	1.0
missgeburt	off 1.0	off 1.0	off 0.6951934342436449 neg 0.27330015304490785 __DUMMY__ 0.03150641271144724	false	1.0
arbeitslos	neg 1.0		neg 0.5251113445296933 off 0.40799040570675893 __DUMMY__ 0.06689824976354777	false	1.0
befallen	neg 1.0		neg 0.5255875302073619 off 0.4076523141683126 __DUMMY__ 0.06676015562432551	false	1.0
miesepetrig	off 1.0	off 1.0	off 0.693845791237421 neg 0.274241545324312 __DUMMY__ 0.0319126634382671	false	1.0
alarmieren	neg 1.0		neg 0.5197883205250193 off 0.41385948338471984 __DUMMY__ 0.06635219609026086	false	1.0
ungeduscht	off 1.0		neg 0.5159374379923832 off 0.41699316808514886 __DUMMY__ 0.06706939392246794	false	0.5
knappheit	neg 1.0		neg 0.52819157517897 off 0.4050347136381716 __DUMMY__ 0.06677371118285823	false	1.0
schlange	neg 1.0		neg 0.5160600589782578 off 0.41645586386874023 __DUMMY__ 0.06748407715300206	false	1.0
harsch	neg 1.0		neg 0.5095566362886627 off 0.42369555123820335 __DUMMY__ 0.06674781247313386	false	1.0
lang	neg 1.0		neg 0.5209828354864815 off 0.41196574580894046 __DUMMY__ 0.06705141870457806	false	1.0
ziellos	neg 1.0		neg 0.5220476660946896 off 0.4104777300307292 __DUMMY__ 0.06747460387458121	false	1.0
selbstverliebt	neg 1.0		neg 0.5065788307967262 off 0.4277318408259472 __DUMMY__ 0.06568932837732676	false	1.0
beseitigen	neg 1.0	neg 1.0	neg 0.7479585897093651 off 0.2198735967462793 __DUMMY__ 0.03216781354435556	false	1.0
dumm	off 1.0		neg 0.5093818131481403 off 0.4243757853490735 __DUMMY__ 0.06624240150278624	false	0.5
arbeitsloser	neg 1.0		neg 0.5242964417916033 off 0.4084785767554296 __DUMMY__ 0.06722498145296706	false	1.0
blitzen	neg 1.0		neg 0.5186196412698816 off 0.4145737324077319 __DUMMY__ 0.06680662632238643	false	1.0
hilflos	neg 1.0		neg 0.5224438657176748 off 0.4103365869511982 __DUMMY__ 0.0672195473311272	false	1.0
eklig	off 1.0		neg 0.5087404047251778 off 0.4250551623005401 __DUMMY__ 0.06620443297428218	false	0.5
begriff			neg 0.523896671414902 off 0.4091983157609639 __DUMMY__ 0.066905012824134	false	0.0
hungersnot	neg 1.0		neg 0.5247779677667769 off 0.4082912344121787 __DUMMY__ 0.06693079782104448	false	1.0
ungesetzlich	neg 1.0		neg 0.5244768230391319 off 0.40938140672010687 __DUMMY__ 0.06614177024076123	false	1.0
verschwendung	neg 1.0		neg 0.5260575483618963 off 0.40673143796497524 __DUMMY__ 0.06721101367312844	false	1.0
schmerzvoll	neg 1.0		neg 0.5186800526877708 off 0.41426007310140794 __DUMMY__ 0.06705987421082127	false	1.0
vorzeitig	neg 1.0		neg 0.5170059215851054 off 0.41592685152296416 __DUMMY__ 0.06706722689193047	false	1.0
unvollkommenheit	neg 1.0		neg 0.521642819505093 off 0.4108151944698647 __DUMMY__ 0.06754198602504234	false	1.0
intervenieren	neg 1.0		neg 0.5293936262721644 off 0.40383656792748374 __DUMMY__ 0.06676980580035193	false	1.0
banause	off 1.0		neg 0.5080668992195657 off 0.4260620698646597 __DUMMY__ 0.06587103091577466	false	0.5
rebell	neg 1.0		neg 0.5301492757167885 off 0.4025679333760829 __DUMMY__ 0.06728279090712853	false	1.0
unlogisch	neg 1.0		neg 0.5127678318169233 off 0.4207203508231233 __DUMMY__ 0.06651181735995333	false	1.0
leiden	neg 1.0		neg 0.5204208824799578 off 0.41138823649467177 __DUMMY__ 0.06819088102537049	false	1.0
abschaffung	neg 1.0		neg 0.5242790255181051 off 0.4092192721994502 __DUMMY__ 0.06650170228244462	false	1.0
sturz	neg 1.0		neg 0.5212262326759257 off 0.41166844730937985 __DUMMY__ 0.06710532001469441	false	1.0
verkleinerung	neg 1.0		neg 0.5231575045857234 off 0.4107132948417233 __DUMMY__ 0.06612920057255338	false	1.0
schmarotzer	off 1.0		neg 0.5257875869311591 off 0.4073939900314688 __DUMMY__ 0.06681842303737211	false	0.5
bestrafung	neg 1.0		neg 0.5200344016556586 off 0.4130101356260363 __DUMMY__ 0.06695546271830508	false	1.0
achtlos	neg 1.0		neg 0.5194717350392001 off 0.4131553749711514 __DUMMY__ 0.06737288998964845	false	1.0
ungeheuer	neg 1.0		neg 0.5154253136942933 off 0.4172878220785769 __DUMMY__ 0.06728686422712983	false	1.0
unaufrichtig	neg 1.0		neg 0.5218462821857087 off 0.4116558073907596 __DUMMY__ 0.06649791042353169	false	1.0
groggy	neg 1.0		neg 0.5200571950976964 off 0.4132533870301793 __DUMMY__ 0.06668941787212433	false	1.0
verletzlich	neg 1.0		neg 0.5132757580064902 off 0.4200011915982331 __DUMMY__ 0.06672305039527682	false	1.0
