unsolidarisch	neg 1.0		neg 0.5270411092249169 off 0.4067465803459299 __DUMMY__ 0.06621231042915322	false	1.0
nachteilig	neg 1.0		neg 0.5276801456093382 off 0.4053489807069993 __DUMMY__ 0.0669708736836625	false	1.0
skeptisch	neg 1.0		neg 0.5275985457424913 off 0.4052559133948798 __DUMMY__ 0.06714554086262878	false	1.0
schrecklich	neg 1.0		neg 0.5106166409790056 off 0.42272316418425804 __DUMMY__ 0.06666019483673645	false	1.0
schlapp	neg 1.0	neg 1.0	neg 0.7446554184785865 off 0.2233732300946452 __DUMMY__ 0.03197135142676829	false	1.0
abfall	neg 1.0		neg 0.530000002771508 off 0.4026647234418815 __DUMMY__ 0.06733527378661047	false	1.0
widerspenstig	neg 1.0		neg 0.5207568023562588 off 0.4121177906434145 __DUMMY__ 0.0671254070003267	false	1.0
abrupt	neg 1.0		neg 0.5235013315050469 off 0.40882830487942295 __DUMMY__ 0.06767036361553015	false	1.0
unwirksam	neg 1.0		neg 0.5257810727436303 off 0.40782676568204096 __DUMMY__ 0.06639216157432883	false	1.0
angreifen	neg 1.0	neg 1.0	neg 0.7515102005413502 off 0.21646125707002195 __DUMMY__ 0.032028542388627804	false	1.0
inkonsistent	neg 1.0		neg 0.5213979221504649 off 0.41173464803179155 __DUMMY__ 0.0668674298177435	false	1.0
abrutschen	neg 1.0		neg 0.5293166037023149 off 0.4033141184401568 __DUMMY__ 0.06736927785752812	false	1.0
unsicher	neg 1.0		neg 0.5204408115574067 off 0.4123755456105269 __DUMMY__ 0.06718364283206635	false	1.0
bauernkind	off 1.0	off 1.0	off 0.6937113520711264 neg 0.27485009230101337 __DUMMY__ 0.03143855562786013	false	1.0
angreifer	neg 1.0		neg 0.5192507013124953 off 0.41361599670049676 __DUMMY__ 0.06713330198700782	false	1.0
trennen	neg 1.0		neg 0.5218211523198453 off 0.4103046224127939 __DUMMY__ 0.06787422526736088	false	1.0
schmutz	neg 1.0		neg 0.5178874482726659 off 0.4148288491742775 __DUMMY__ 0.06728370255305656	false	1.0
inkonsistenz	neg 1.0		neg 0.5194749211881168 off 0.4140789491023101 __DUMMY__ 0.066446129709573	false	1.0
erschreckend	neg 1.0		neg 0.5230752395320586 off 0.40991316138831896 __DUMMY__ 0.06701159907962238	false	1.0
ertrinken	neg 1.0		neg 0.5239309844082602 off 0.40866617887345397 __DUMMY__ 0.06740283671828574	false	1.0
pickelface	off 1.0		neg 0.5250048289197079 off 0.4080736662187913 __DUMMY__ 0.0669215048615008	false	0.5
seiner			neg 0.5252517725952185 off 0.4073281328795592 __DUMMY__ 0.06742009452522241	false	0.0
lauch	neg 1.0		neg 0.5315209475194624 off 0.40146676780065554 __DUMMY__ 0.06701228467988216	false	1.0
unwichtig	neg 1.0		neg 0.5169029983003801 off 0.4163860149964447 __DUMMY__ 0.06671098670317513	false	1.0
steuerhinterziehung	neg 1.0		neg 0.5269561383115337 off 0.40646181179880264 __DUMMY__ 0.06658204988966375	false	1.0
schock	neg 1.0		neg 0.519665715824495 off 0.41282211097488924 __DUMMY__ 0.06751217320061603	false	1.0
beule	neg 1.0		neg 0.514682007625962 off 0.418387636786349 __DUMMY__ 0.06693035558768892	false	1.0
vergelten	neg 1.0		neg 0.5111082741309665 off 0.4219547071830178 __DUMMY__ 0.06693701868601573	false	1.0
verdorbenheit	neg 1.0		neg 0.521604995252947 off 0.41126936824578686 __DUMMY__ 0.06712563650126609	false	1.0
trauma	neg 1.0		neg 0.520715200337838 off 0.41233409968988044 __DUMMY__ 0.06695069997228159	false	1.0
sinnlos	neg 1.0		neg 0.5181077375227416 off 0.41483208049940357 __DUMMY__ 0.06706018197785496	false	1.0
fettsack	off 1.0	off 1.0	off 0.6955799608260649 neg 0.27285566517328474 __DUMMY__ 0.03156437400065036	false	1.0
feige	off 1.0	off 1.0	off 0.6921381587928315 neg 0.27617963952040303 __DUMMY__ 0.031682201686765527	false	1.0
abdanken	neg 1.0		neg 0.5249316500732312 off 0.4083573166372699 __DUMMY__ 0.06671103328949891	false	1.0
wichtigtuer	off 1.0	off 1.0	off 0.690711474483626 neg 0.27746039215234036 __DUMMY__ 0.03182813336403351	false	1.0
misslingen	neg 1.0		neg 0.5164256451196825 off 0.41592444178943894 __DUMMY__ 0.06764991309087859	false	1.0
untreu	off 1.0		neg 0.5157816852023887 off 0.41759628563230394 __DUMMY__ 0.06662202916530734	false	0.5
missmutig	neg 1.0		neg 0.5153454424559151 off 0.4177169172825924 __DUMMY__ 0.06693764026149261	false	1.0
hurenbock	off 1.0		neg 0.5191021360940588 off 0.4137701353966285 __DUMMY__ 0.06712772850931288	false	0.5
betrunken	neg 1.0		neg 0.5113321278522305 off 0.42166729130195535 __DUMMY__ 0.06700058084581413	false	1.0
korrupt	off 1.0		neg 0.5286242165662837 off 0.4049284711317981 __DUMMY__ 0.06644731230191822	false	0.5
unmut	neg 1.0		neg 0.5304860899757586 off 0.40228038167193175 __DUMMY__ 0.06723352835230954	false	1.0
hackfresse	off 1.0		neg 0.5086505024555091 off 0.4251193021353049 __DUMMY__ 0.06623019540918593	false	0.5
aufblasen	neg 1.0		neg 0.5181619736229657 off 0.41458784724443987 __DUMMY__ 0.06725017913259451	false	1.0
gewaltsam	neg 1.0		neg 0.5231052960632403 off 0.40989803868372865 __DUMMY__ 0.06699666525303116	false	1.0
unbeliebtheit	neg 1.0		neg 0.522313935951866 off 0.4117244493849617 __DUMMY__ 0.06596161466317216	false	1.0
sturheit	neg 1.0		neg 0.5235584626043217 off 0.40949489716612925 __DUMMY__ 0.06694664022954906	false	1.0
kuh	neg 1.0		neg 0.5235309505766997 off 0.4098963809409912 __DUMMY__ 0.06657266848230925	false	1.0
erschrecken	neg 1.0		neg 0.51583201364511 off 0.4171501189848674 __DUMMY__ 0.0670178673700226	false	1.0
opfer	neg 1.0		neg 0.5247473979449213 off 0.407988219263808 __DUMMY__ 0.06726438279127081	false	1.0
sinken	neg 1.0		neg 0.528362730921854 off 0.4042005773622641 __DUMMY__ 0.06743669171588189	false	1.0
stinktier	neg 1.0		neg 0.5127390362365588 off 0.42104031679621257 __DUMMY__ 0.06622064696722861	false	1.0
tucke	off 1.0		neg 0.5114308993525847 off 0.42289018812993356 __DUMMY__ 0.06567891251748184	false	0.5
ein			neg 0.5185145477011377 off 0.41415759765324384 __DUMMY__ 0.0673278546456185	false	0.0
abstieg	neg 1.0		neg 0.5245941303067733 off 0.4079223340262931 __DUMMY__ 0.06748353566693376	false	1.0
missverstehen	neg 1.0		neg 0.5201186052415245 off 0.4131952572005767 __DUMMY__ 0.0666861375578987	false	1.0
ergebnislos	neg 1.0		neg 0.526678717516907 off 0.406145741355814 __DUMMY__ 0.06717554112727897	false	1.0
unter			neg 0.5297904245855258 off 0.40196550057200375 __DUMMY__ 0.0682440748424704	false	0.0
manipulieren	neg 1.0		neg 0.5272652556529618 off 0.4055522603509469 __DUMMY__ 0.06718248399609143	false	1.0
unbewiesen	neg 1.0		neg 0.5272910360503664 off 0.40659350039254655 __DUMMY__ 0.06611546355708692	false	1.0
verschleppen	neg 1.0		neg 0.5256216334638674 off 0.4073702410173733 __DUMMY__ 0.06700812551875925	false	1.0
weib	off 1.0		neg 0.5094567574254663 off 0.42442313013772476 __DUMMY__ 0.06612011243680901	false	0.5
opposition	neg 1.0		neg 0.5218773356506765 off 0.41151721357936605 __DUMMY__ 0.06660545076995739	false	1.0
verkehrswidrig	neg 1.0	neg 1.0	neg 0.7400210349717475 off 0.22765332422456913 __DUMMY__ 0.03232564080368339	false	1.0
inkorrekt	neg 1.0		neg 0.5175848499312307 off 0.41632652856906394 __DUMMY__ 0.0660886214997053	false	1.0
vermeiden	neg 1.0		neg 0.5297409450218894 off 0.4024924493488636 __DUMMY__ 0.06776660562924712	false	1.0
abweichung	neg 1.0	neg 1.0	neg 0.7506065989091641 off 0.21730871931400603 __DUMMY__ 0.03208468177682991	false	1.0
alkoholisiert	neg 1.0		neg 0.5202554832691393 off 0.41150026624125136 __DUMMY__ 0.06824425048960944	false	1.0
scheiss	off 1.0	off 1.0	off 0.6933350755503239 neg 0.2748037670937364 __DUMMY__ 0.0318611573559396	false	1.0
herausforderung	neg 1.0	neg 1.0	neg 0.7483290635519939 off 0.21912116656720967 __DUMMY__ 0.03254976988079633	false	1.0
pervers	off 1.0		neg 0.5057306320776574 off 0.428239232880566 __DUMMY__ 0.06603013504177664	false	0.5
wackelig	neg 1.0		neg 0.5200703248186832 off 0.4121591485254684 __DUMMY__ 0.06777052665584833	false	1.0
verwickeln	neg 1.0		neg 0.5198602961742721 off 0.4133906446422919 __DUMMY__ 0.06674905918343606	false	1.0
vorwand	neg 1.0		neg 0.5282305330512327 off 0.40457097296764816 __DUMMY__ 0.06719849398111918	false	1.0
muschi	off 1.0		neg 0.5239402948752195 off 0.4090601405234174 __DUMMY__ 0.0669995646013631	false	0.5
entmutigung	neg 1.0		neg 0.5234136841958431 off 0.41013401884671713 __DUMMY__ 0.06645229695743972	false	1.0
unangemessen	neg 1.0		neg 0.5252320108241789 off 0.40790869664274215 __DUMMY__ 0.06685929253307904	false	1.0
unstetig	neg 1.0		neg 0.5209915630178086 off 0.4120925599277457 __DUMMY__ 0.0669158770544457	false	1.0
entmutigen	neg 1.0		neg 0.5192259636050449 off 0.41368237078047804 __DUMMY__ 0.06709166561447719	false	1.0
schwanz	neg 1.0		neg 0.52687824118784 off 0.40593552055251464 __DUMMY__ 0.06718623825964545	false	1.0
verbot	neg 1.0		neg 0.5278349426337711 off 0.4055180815279729 __DUMMY__ 0.06664697583825599	false	1.0
leid	neg 1.0		neg 0.5098374718635995 off 0.423622142283158 __DUMMY__ 0.06654038585324262	false	1.0
archaisch	neg 1.0		neg 0.523704519956534 off 0.4091742375176233 __DUMMY__ 0.06712124252584285	false	1.0
gegen			neg 0.5275311185789461 off 0.40500051257735153 __DUMMY__ 0.06746836884370248	false	0.0
scheidung	neg 1.0		neg 0.50120962595419 off 0.43273874201351015 __DUMMY__ 0.06605163203229977	false	1.0
einschlag	neg 1.0	neg 1.0	neg 0.7432059461133471 off 0.2249213500763434 __DUMMY__ 0.031872703810309384	false	1.0
m			neg 0.5227006940907539 off 0.4099676926480744 __DUMMY__ 0.0673316132611716	false	0.0
abgestanden	neg 1.0		neg 0.5207350350149251 off 0.412269299444429 __DUMMY__ 0.06699566554064582	false	1.0
schmierig	off 1.0		neg 0.5103382090711273 off 0.42308896136337226 __DUMMY__ 0.06657282956550051	false	0.5
unpraktisch	neg 1.0		neg 0.5180823619193037 off 0.414581477667375 __DUMMY__ 0.06733616041332131	false	1.0
wixxer	off 1.0		neg 0.5068639365941516 off 0.42723649497873983 __DUMMY__ 0.06589956842710852	false	0.5
bezeichnet			neg 0.5228645435811922 off 0.41021871953014755 __DUMMY__ 0.06691673688866032	false	0.0
jammerlappen	off 1.0		neg 0.516481795917423 off 0.4167715754660194 __DUMMY__ 0.06674662861655764	false	0.5
farce	neg 1.0		neg 0.5272296851785496 off 0.4062064356449751 __DUMMY__ 0.06656387917647533	false	1.0
zwecklos	neg 1.0		neg 0.5245593021170518 off 0.40846842013025464 __DUMMY__ 0.06697227775269357	false	1.0
turbulent	neg 1.0		neg 0.517351236692156 off 0.41614305312910294 __DUMMY__ 0.0665057101787411	false	1.0
invasion	neg 1.0		neg 0.5181628530226733 off 0.41480103235675925 __DUMMY__ 0.06703611462056734	false	1.0
schuld	neg 1.0		neg 0.5204658198802206 off 0.4125351822167961 __DUMMY__ 0.06699899790298329	false	1.0
risiko	neg 1.0		neg 0.5199077321935159 off 0.41285825615908495 __DUMMY__ 0.0672340116473991	false	1.0
finster	neg 1.0		neg 0.5189106327976171 off 0.4138859725287909 __DUMMY__ 0.06720339467359211	false	1.0
geisteskrank	off 1.0		neg 0.5160878775691468 off 0.417469305671357 __DUMMY__ 0.06644281675949633	false	0.5
zusammenbrechen	neg 1.0		neg 0.5216870283964715 off 0.4110010056643876 __DUMMY__ 0.06731196593914088	false	1.0
ausbeute	neg 1.0		neg 0.5226272866314993 off 0.4095444166088887 __DUMMY__ 0.06782829675961206	false	1.0
hinterhalt	neg 1.0		neg 0.5220912366716342 off 0.4105550610523737 __DUMMY__ 0.06735370227599209	false	1.0
kritik	neg 1.0		neg 0.5270747608133726 off 0.40629929837523193 __DUMMY__ 0.06662594081139557	false	1.0
einschrumpfen	neg 1.0		neg 0.5218522212507013 off 0.41181813478839696 __DUMMY__ 0.06632964396090163	false	1.0
riskant	neg 1.0		neg 0.5264085831861923 off 0.40654103846203554 __DUMMY__ 0.06705037835177209	false	1.0
frustrieren	neg 1.0		neg 0.5252049079649195 off 0.4076023943465429 __DUMMY__ 0.06719269768853767	false	1.0
groll	neg 1.0		neg 0.5238224905069029 off 0.4090233670145422 __DUMMY__ 0.06715414247855485	false	1.0
gibt			neg 0.5230229852118041 off 0.4097992458328479 __DUMMY__ 0.067177768955348	false	0.0
qualvoll	neg 1.0		neg 0.5160107677201552 off 0.4168330544237183 __DUMMY__ 0.0671561778561263	false	1.0
wackeln	neg 1.0	neg 1.0	neg 0.746406754669798 off 0.2213798985455762 __DUMMY__ 0.03221334678462586	false	1.0
klagen	neg 1.0		neg 0.5295371672469827 off 0.40318425448804146 __DUMMY__ 0.06727857826497591	false	1.0
bankrott	neg 1.0		neg 0.5167567445425448 off 0.41631681623428424 __DUMMY__ 0.06692643922317082	false	1.0
trauern	neg 1.0		neg 0.523529928249529 off 0.40897364330501124 __DUMMY__ 0.06749642844545979	false	1.0
ablehnung	neg 1.0		neg 0.5272325170965348 off 0.4061729629504533 __DUMMY__ 0.06659451995301185	false	1.0
stur	neg 1.0		neg 0.5202029629271526 off 0.4128894392126283 __DUMMY__ 0.06690759786021912	false	1.0
aufruhr	neg 1.0		neg 0.5234053308701595 off 0.4096229480374655 __DUMMY__ 0.06697172109237497	false	1.0
melancholie	neg 1.0		neg 0.5222480995695542 off 0.410320594566789 __DUMMY__ 0.0674313058636569	false	1.0
ist			neg 0.5189716704628266 off 0.41399074097354854 __DUMMY__ 0.06703758856362496	false	0.0
torheit	neg 1.0		neg 0.5226845839640788 off 0.41062547366189045 __DUMMY__ 0.06668994237403084	false	1.0
dreckskind	off 1.0		neg 0.5115457452193736 off 0.4223357877529312 __DUMMY__ 0.06611846702769521	false	0.5
umtauschen	neg 1.0		neg 0.5207588315677829 off 0.4120179224857351 __DUMMY__ 0.06722324594648202	false	1.0
zum			neg 0.525278709735188 off 0.4062880001036773 __DUMMY__ 0.06843329016113474	false	0.0
zersetzen	neg 1.0		neg 0.5286329486787793 off 0.4043812720382619 __DUMMY__ 0.06698577928295879	false	1.0
zur			neg 0.5305375295269666 off 0.401693281736542 __DUMMY__ 0.0677691887364915	false	0.0
frust	neg 1.0		neg 0.5218763404189362 off 0.41080427562145105 __DUMMY__ 0.06731938395961266	false	1.0
unerbittlichkeit	neg 1.0		neg 0.5278696523763291 off 0.40505033685411085 __DUMMY__ 0.06708001076955994	false	1.0
zwei			neg 0.5242215812190032 off 0.4076309287048632 __DUMMY__ 0.06814749007613354	false	0.0
unkorrekt	neg 1.0		neg 0.5160689870313155 off 0.41773430547521356 __DUMMY__ 0.06619670749347087	false	1.0
hexe	off 1.0		neg 0.5153105899245607 off 0.4179151287874638 __DUMMY__ 0.0667742812879756	false	0.5
lasch	neg 1.0		neg 0.5191203203020829 off 0.4142857640930597 __DUMMY__ 0.06659391560485733	false	1.0
rivale	neg 1.0		neg 0.5122340336264167 off 0.4209330013537249 __DUMMY__ 0.06683296501985837	false	1.0
mutlos	off 1.0	off 1.0	off 0.6864693799795073 neg 0.28164159432754776 __DUMMY__ 0.031889025692944974	false	1.0
wirr	off 1.0		neg 0.515320704449005 off 0.41843005497952973 __DUMMY__ 0.06624924057146528	false	0.5
jahr			neg 0.5221333652952996 off 0.4097751851018324 __DUMMY__ 0.06809144960286787	false	0.0
wird			neg 0.5237737631706785 off 0.40888607864966137 __DUMMY__ 0.06734015817966017	false	0.0
strafbar	neg 1.0		neg 0.5269159716541386 off 0.4061308874455074 __DUMMY__ 0.06695314090035398	false	1.0
erosion	neg 1.0		neg 0.5194676145761671 off 0.41330176377041805 __DUMMY__ 0.06723062165341481	false	1.0
eingehen	neg 1.0		neg 0.5256780697864469 off 0.4073749536799005 __DUMMY__ 0.06694697653365243	false	1.0
faul	off 1.0		neg 0.5158445863011218 off 0.417158188496065 __DUMMY__ 0.06699722520281311	false	0.5
provisorium	neg 1.0		neg 0.5320054120378142 off 0.40004471089463334 __DUMMY__ 0.06794987706755247	false	1.0
schmerzen	neg 1.0		neg 0.5205952302229466 off 0.4122365432229265 __DUMMY__ 0.06716822655412674	false	1.0
schrumpfen	neg 1.0		neg 0.531922129210085 off 0.4006225220173018 __DUMMY__ 0.06745534877261311	false	1.0
geistlos	off 1.0		neg 0.5229723045004164 off 0.4107875183194387 __DUMMY__ 0.06624017718014467	false	0.5
fehlkauf	neg 1.0		neg 0.520617989747765 off 0.41257905790910876 __DUMMY__ 0.06680295234312626	false	1.0
frustrierend	neg 1.0		neg 0.5155354040863539 off 0.4173630446509536 __DUMMY__ 0.0671015512626925	false	1.0
unzufrieden	neg 1.0		neg 0.5245912222630001 off 0.4084100866158657 __DUMMY__ 0.06699869112113417	false	1.0
verzweifeln	neg 1.0		neg 0.5212397548391718 off 0.4115885789336812 __DUMMY__ 0.06717166622714703	false	1.0
verzweifelt	neg 1.0		neg 0.5200839528768374 off 0.41300415642762495 __DUMMY__ 0.06691189069553763	false	1.0
misstrauensantrag	neg 1.0		neg 0.5205179613224239 off 0.4127969402012343 __DUMMY__ 0.06668509847634177	false	1.0
abfallen	neg 1.0		neg 0.5172465866290435 off 0.4153435801746956 __DUMMY__ 0.06740983319626083	false	1.0
fucker	off 1.0		neg 0.5152686859306206 off 0.41823676339578014 __DUMMY__ 0.06649455067359931	false	0.5
ungezogen	neg 1.0		neg 0.5061195853178337 off 0.4275586198510375 __DUMMY__ 0.06632179483112882	false	1.0
irrsinnig	neg 1.0	neg 1.0	neg 0.7480192010079254 off 0.22008899341728846 __DUMMY__ 0.031891805574786186	false	1.0
unfassbar	neg 1.0		neg 0.5152567284848398 off 0.417968286108512 __DUMMY__ 0.0667749854066482	false	1.0
hart	neg 1.0		neg 0.5191291690149067 off 0.4142255277990092 __DUMMY__ 0.06664530318608412	false	1.0
widerlich	off 1.0		neg 0.5160939689183878 off 0.4174555346686191 __DUMMY__ 0.06645049641299303	false	0.5
fatal	neg 1.0		neg 0.5200410452602346 off 0.4131257354904308 __DUMMY__ 0.06683321924933448	false	1.0
bruch	neg 1.0		neg 0.5299747479764239 off 0.4028605241984801 __DUMMY__ 0.06716472782509593	false	1.0
aushungern	neg 1.0		neg 0.5255215377979262 off 0.4078022946401985 __DUMMY__ 0.0666761675618752	false	1.0
anspannung	neg 1.0	neg 1.0	neg 0.7506818119883669 off 0.21665135926038026 __DUMMY__ 0.03266682875125289	false	1.0
von			neg 0.5240357622395065 off 0.408021609313513 __DUMMY__ 0.06794262844698029	false	0.0
kraftlos	neg 1.0		neg 0.5211261948174973 off 0.4113419038041043 __DUMMY__ 0.06753190137839844	false	1.0
vom			neg 0.5283276138157103 off 0.4032869845442763 __DUMMY__ 0.06838540164001343	false	0.0
grenzdebil	off 1.0		neg 0.5141110395096554 off 0.4191459749704842 __DUMMY__ 0.0667429855198603	false	0.5
vor			neg 0.5263137437267921 off 0.4061892452803829 __DUMMY__ 0.06749701099282496	false	0.0
unterwerfen	neg 1.0		neg 0.5253963474281155 off 0.40738564482827133 __DUMMY__ 0.0672180077436132	false	1.0
versenkung	neg 1.0		neg 0.5260716708553379 off 0.4067486928443473 __DUMMY__ 0.06717963630031479	false	1.0
entziehen	neg 1.0		neg 0.5285846121827744 off 0.40412641789739956 __DUMMY__ 0.06728896991982602	false	1.0
finanzkrise	neg 1.0		neg 0.5266559466272522 off 0.40688487649592203 __DUMMY__ 0.0664591768768257	false	1.0
schimpfend	neg 1.0		neg 0.5167700547204327 off 0.4157038461524535 __DUMMY__ 0.06752609912711378	false	1.0
profan	neg 1.0		neg 0.5183069296486594 off 0.41480046735156645 __DUMMY__ 0.06689260299977406	false	1.0
korruption	neg 1.0	neg 1.0	neg 0.7518626722301897 off 0.21637586036159043 __DUMMY__ 0.031761467408219925	false	1.0
â			neg 0.5244189283105992 off 0.4082966105948211 __DUMMY__ 0.06728446109457975	false	0.0
schmutzig	neg 1.0		neg 0.514357788166283 off 0.41881353088159823 __DUMMY__ 0.06682868095211873	false	1.0
sexy	neg 1.0		neg 0.5176068804221862 off 0.4155028361574758 __DUMMY__ 0.06689028342033798	false	1.0
abraten	neg 1.0		neg 0.5192210958236705 off 0.41381707896416875 __DUMMY__ 0.06696182521216056	false	1.0
schwarz	neg 1.0		neg 0.5205240129471146 off 0.4125990966160836 __DUMMY__ 0.06687689043680181	false	1.0
fotze	off 1.0		neg 0.5264954870349018 off 0.40646018758354757 __DUMMY__ 0.06704432538155078	false	0.5
verwirren	neg 1.0		neg 0.5178724528611331 off 0.4152054173705412 __DUMMY__ 0.06692212976832575	false	1.0
zahnlos	off 1.0		neg 0.5250135059518684 off 0.40805719622532793 __DUMMY__ 0.06692929782280373	false	0.5
verheeren	neg 1.0		neg 0.5056490106588438 off 0.42811385363158294 __DUMMY__ 0.06623713570957325	false	1.0
hippie	neg 1.0		neg 0.5187342248241698 off 0.414444121570617 __DUMMY__ 0.06682165360521325	false	1.0
rammen	neg 1.0		neg 0.5220004757684943 off 0.41123105539813365 __DUMMY__ 0.0667684688333719	false	1.0
unlauter	neg 1.0		neg 0.5249798875339617 off 0.40865133813016474 __DUMMY__ 0.06636877433587346	false	1.0
unheilvoll	neg 1.0		neg 0.5166341843595741 off 0.4160856431375799 __DUMMY__ 0.06728017250284617	false	1.0
niedrig	neg 1.0		neg 0.5269111674952234 off 0.40592743412549526 __DUMMY__ 0.06716139837928131	false	1.0
explosion	neg 1.0		neg 0.5195507004632773 off 0.4136514699522031 __DUMMY__ 0.06679782958451957	false	1.0
weichei	off 1.0		neg 0.5106316979395422 off 0.42313361166928776 __DUMMY__ 0.06623469039116998	false	0.5
minusmensch	off 1.0		neg 0.5108522661900382 off 0.4236801542241972 __DUMMY__ 0.06546757958576462	false	0.5
farblos	neg 1.0		neg 0.5192447646888775 off 0.41313743173940676 __DUMMY__ 0.06761780357171567	false	1.0
unwissend	neg 1.0	neg 1.0	neg 0.7454455878410786 off 0.22275185554747004 __DUMMY__ 0.0318025566114514	false	1.0
traurig	neg 1.0		neg 0.5114335341067278 off 0.4218136159530177 __DUMMY__ 0.06675284994025467	false	1.0
senkung	neg 1.0		neg 0.520866839458021 off 0.4126085891044066 __DUMMY__ 0.06652457143757223	false	1.0
ungleich	neg 1.0	neg 1.0	neg 0.7518106612649174 off 0.21628528771823516 __DUMMY__ 0.03190405101684757	false	1.0
heikel	neg 1.0		neg 0.5278495619531673 off 0.4050840390928584 __DUMMY__ 0.06706639895397427	false	1.0
drosselung	neg 1.0		neg 0.5148766598991379 off 0.4183862838220764 __DUMMY__ 0.06673705627878573	false	1.0
falsch	neg 1.0		neg 0.5166502800059908 off 0.4164800376284858 __DUMMY__ 0.06686968236552344	false	1.0
unzufriedenheit	neg 1.0		neg 0.5279641734512283 off 0.4048549732881395 __DUMMY__ 0.06718085326063218	false	1.0
kurz	neg 1.0		neg 0.5201220060625114 off 0.4122984273804036 __DUMMY__ 0.06757956655708504	false	1.0
unsinnig	neg 1.0		neg 0.5251327832835404 off 0.40807143401291623 __DUMMY__ 0.06679578270354335	false	1.0
penner	off 1.0	off 1.0	off 0.6973146843251392 neg 0.27113727483994493 __DUMMY__ 0.0315480408349158	false	1.0
seicht	neg 1.0		neg 0.5090022699664016 off 0.42510055731177177 __DUMMY__ 0.06589717272182663	false	1.0
dummheit	off 1.0	off 1.0	off 0.6906175033785771 neg 0.27762061313762826 __DUMMY__ 0.031761883483794745	false	1.0
unerfreulich	neg 1.0		neg 0.5273540988333343 off 0.40530377319447053 __DUMMY__ 0.06734212797219531	false	1.0
motherfucker	off 1.0	off 1.0	off 0.6930030350385723 neg 0.2753633269187433 __DUMMY__ 0.03163363804268433	false	1.0
pikiert	neg 1.0		neg 0.5176028359830646 off 0.4159514687379939 __DUMMY__ 0.06644569527894152	false	1.0
wrack	neg 1.0		neg 0.5225770156497135 off 0.4097153170355646 __DUMMY__ 0.0677076673147221	false	1.0
gangster	neg 1.0		neg 0.5186443110578722 off 0.4144428261241808 __DUMMY__ 0.06691286281794696	false	1.0
krank	neg 1.0		neg 0.5123770191060554 off 0.42065870923668647 __DUMMY__ 0.06696427165725834	false	1.0
reich	neg 1.0		neg 0.5181941380171375 off 0.41519234516426706 __DUMMY__ 0.06661351681859533	false	1.0
gnadenlos	neg 1.0		neg 0.5201790389069917 off 0.41277581629494264 __DUMMY__ 0.06704514479806568	false	1.0
niedergeschlagen	neg 1.0		neg 0.5212407704994775 off 0.4114062096361333 __DUMMY__ 0.06735301986438921	false	1.0
terrorisieren	off 1.0	off 1.0	off 0.6875752142687677 neg 0.2803743380367637 __DUMMY__ 0.032050447694468624	false	1.0
sinnlosigkeit	neg 1.0		neg 0.523860002593138 off 0.40906314027754964 __DUMMY__ 0.06707685712931247	false	1.0
behindern	neg 1.0		neg 0.5231856701785379 off 0.4098844795883756 __DUMMY__ 0.06692985023308656	false	1.0
undemokratisch	neg 1.0		neg 0.5240692437088221 off 0.4094554551471156 __DUMMY__ 0.06647530114406237	false	1.0
wirtschaftskrise	neg 1.0		neg 0.5275376935360075 off 0.40565794419589296 __DUMMY__ 0.06680436226809965	false	1.0
neid	neg 1.0		neg 0.5129307719471877 off 0.4197427116598689 __DUMMY__ 0.06732651639294342	false	1.0
rutschen	neg 1.0	neg 1.0	neg 0.7496182452182538 off 0.21776514133445724 __DUMMY__ 0.03261661344728888	false	1.0
rezession	neg 1.0		neg 0.5158307050808477 off 0.41825058674400634 __DUMMY__ 0.06591870817514586	false	1.0
fehlgeburt	neg 1.0		neg 0.5177863632496774 off 0.41504321808616107 __DUMMY__ 0.0671704186641614	false	1.0
charakterschwach	off 1.0		neg 0.5156688529840208 off 0.417733696837573 __DUMMY__ 0.06659745017840622	false	0.5
isolation	neg 1.0		neg 0.5157144257508722 off 0.41720672509095696 __DUMMY__ 0.06707884915817075	false	1.0
ablenkung	neg 1.0		neg 0.5201863728341156 off 0.4126543089233775 __DUMMY__ 0.06715931824250683	false	1.0
pech	neg 1.0		neg 0.5160320587710403 off 0.41694157175472374 __DUMMY__ 0.06702636947423589	false	1.0
vermeidung	neg 1.0		neg 0.516094320054004 off 0.4174267947145769 __DUMMY__ 0.0664788852314192	false	1.0
dominieren	neg 1.0		neg 0.522384284003436 off 0.40999360368854404 __DUMMY__ 0.06762211230802018	false	1.0
schwindlig	neg 1.0		neg 0.5157872504536483 off 0.41684416087526244 __DUMMY__ 0.0673685886710894	false	1.0
lutscher	neg 1.0	neg 1.0	neg 0.740971627269969 off 0.22761476841360564 __DUMMY__ 0.03141360431642539	false	1.0
pflicht	neg 1.0		neg 0.5273545802770586 off 0.4054632085833436 __DUMMY__ 0.06718221113959773	false	1.0
faschist	off 1.0		neg 0.5213983948054088 off 0.4121748229755644 __DUMMY__ 0.06642678221902659	false	0.5
verschleudern	neg 1.0		neg 0.5300221361126993 off 0.4034152498595801 __DUMMY__ 0.06656261402772061	false	1.0
wenn			neg 0.5162284493625094 off 0.4168816403085693 __DUMMY__ 0.0668899103289214	false	0.0
ehebruch	neg 1.0		neg 0.5262236425600321 off 0.406798332785441 __DUMMY__ 0.06697802465452689	false	1.0
spott	off 1.0		neg 0.5274345784968019 off 0.40566405002133216 __DUMMY__ 0.06690137148186594	false	0.5
trostlosigkeit	neg 1.0		neg 0.5283375998003165 off 0.4043861525328921 __DUMMY__ 0.06727624766679152	false	1.0
lutschen	neg 1.0		neg 0.5207841628419183 off 0.41261395318300204 __DUMMY__ 0.06660188397507967	false	1.0
undiszipliniert	neg 1.0		neg 0.5128215924755793 off 0.4204592106234007 __DUMMY__ 0.06671919690101993	false	1.0
kopfschmerz	neg 1.0		neg 0.5210447845391397 off 0.411564199544286 __DUMMY__ 0.06739101591657426	false	1.0
unvorhergesehen	neg 1.0		neg 0.5212695833773529 off 0.4108816323491854 __DUMMY__ 0.06784878427346192	false	1.0
desinteressiert	neg 1.0		neg 0.5140595962099099 off 0.4193845001975905 __DUMMY__ 0.06655590359249951	false	1.0
armselig	off 1.0		neg 0.5145966328750246 off 0.41913410575130366 __DUMMY__ 0.06626926137367184	false	0.5
desaster	neg 1.0		neg 0.5306669075257285 off 0.4021604250362135 __DUMMY__ 0.06717266743805787	false	1.0
tod	neg 1.0		neg 0.5243218828822744 off 0.40839164123724186 __DUMMY__ 0.06728647588048353	false	1.0
herzlos	neg 1.0		neg 0.5126824638561437 off 0.4208573815582208 __DUMMY__ 0.06646015458563563	false	1.0
unwissenheit	neg 1.0		neg 0.5261538089981389 off 0.4070738754288331 __DUMMY__ 0.066772315573028	false	1.0
widersinnig	neg 1.0	neg 1.0	neg 0.7513709401929844 off 0.2169143047009743 __DUMMY__ 0.03171475510604127	false	1.0
bedenklich	neg 1.0		neg 0.5263374397753843 off 0.4066629370208785 __DUMMY__ 0.0669996232037372	false	1.0
beanstanden	neg 1.0		neg 0.5279377104934504 off 0.4048378068396734 __DUMMY__ 0.06722448266687635	false	1.0
panisch	neg 1.0	neg 1.0	neg 0.7444852497458894 off 0.22324512389183224 __DUMMY__ 0.03226962636227827	false	1.0
debil	off 1.0		neg 0.5324213757888809 off 0.40002338681843524 __DUMMY__ 0.06755523739268385	false	0.5
abstrich	neg 1.0		neg 0.5253868438332615 off 0.40758756244081606 __DUMMY__ 0.0670255937259226	false	1.0
primitiv	neg 1.0		neg 0.5155345788385847 off 0.41801391763346585 __DUMMY__ 0.06645150352794929	false	1.0
abschaum	off 1.0	off 1.0	off 0.6921346140422617 neg 0.2761111316053066 __DUMMY__ 0.03175425435243171	false	1.0
provozieren	neg 1.0		neg 0.5214493837415677 off 0.4116703843605059 __DUMMY__ 0.06688023189792655	false	1.0
tot	neg 1.0		neg 0.5251167604300708 off 0.407637399999335 __DUMMY__ 0.06724583957059409	false	1.0
instabil	neg 1.0		neg 0.5174888187060415 off 0.41632747653169855 __DUMMY__ 0.06618370476226007	false	1.0
schwuchtel	off 1.0		neg 0.5044489572093677 off 0.4300249314932891 __DUMMY__ 0.0655261112973433	false	0.5
zerren	neg 1.0		neg 0.5209406078893947 off 0.4116735437008768 __DUMMY__ 0.06738584840972858	false	1.0
kinderficker	off 1.0		neg 0.5124701699705908 off 0.42144004666683904 __DUMMY__ 0.06608978336257022	false	0.5
gefahr	neg 1.0		neg 0.5277996533040075 off 0.4050036865595045 __DUMMY__ 0.067196660136488	false	1.0
rabiat	neg 1.0		neg 0.5224123990340297 off 0.41071995113655735 __DUMMY__ 0.06686764982941297	false	1.0
verlangsamung	neg 1.0		neg 0.5108309032814525 off 0.4231779423723203 __DUMMY__ 0.06599115434622703	false	1.0
ausgestorben	neg 1.0		neg 0.5206347670027272 off 0.4120829116704207 __DUMMY__ 0.0672823213268521	false	1.0
anklagen	neg 1.0		neg 0.5252346022901258 off 0.4079318131251871 __DUMMY__ 0.06683358458468729	false	1.0
trott	neg 1.0		neg 0.5214146217311919 off 0.411412795376113 __DUMMY__ 0.06717258289269498	false	1.0
verminderung	neg 1.0		neg 0.5144239239980211 off 0.4190080985225831 __DUMMY__ 0.06656797747939595	false	1.0
nach			neg 0.5257193850033779 off 0.4059893829984266 __DUMMY__ 0.06829123199819538	false	0.0
rost	neg 1.0		neg 0.5105881452372575 off 0.4231288237259142 __DUMMY__ 0.06628303103682832	false	1.0
destruktiv	neg 1.0		neg 0.5241913441413463 off 0.4091237084582884 __DUMMY__ 0.06668494740036547	false	1.0
unzumutbarkeit	neg 1.0		neg 0.5156403210860913 off 0.41743680243743825 __DUMMY__ 0.06692287647647037	false	1.0
labil	off 1.0	off 1.0	off 0.6920100125965484 neg 0.2762402258612924 __DUMMY__ 0.03174976154215932	false	1.0
ziemlich	neg 1.0		neg 0.5136576092787296 off 0.4194024321355596 __DUMMY__ 0.0669399585857109	false	1.0
lachnummer	off 1.0		neg 0.5224359945037953 off 0.4106383904373639 __DUMMY__ 0.06692561505884083	false	0.5
oder			neg 0.5191115188097385 off 0.4135627241052277 __DUMMY__ 0.06732575708503373	false	0.0
verfall	neg 1.0		neg 0.5329228955554354 off 0.3997733590212243 __DUMMY__ 0.0673037454233404	false	1.0
ausgrenzung	neg 1.0		neg 0.5238739437747574 off 0.40976913254309205 __DUMMY__ 0.06635692368215046	false	1.0
unordnung	neg 1.0		neg 0.5152448518422474 off 0.4179277901827758 __DUMMY__ 0.06682735797497671	false	1.0
fehlverhalten	neg 1.0		neg 0.5280440684528986 off 0.40494033693709663 __DUMMY__ 0.06701559461000475	false	1.0
eine			neg 0.5265417113647997 off 0.4060847832746181 __DUMMY__ 0.06737350536058238	false	0.0
nille	neg 1.0		neg 0.5231221491919777 off 0.4098390327418759 __DUMMY__ 0.06703881806614632	false	1.0
qual	neg 1.0		neg 0.5220258667051864 off 0.4108545589826134 __DUMMY__ 0.06711957431220017	false	1.0
verschwenden	neg 1.0		neg 0.5254673412779403 off 0.40750263176276924 __DUMMY__ 0.06703002695929036	false	1.0
riesig	neg 1.0	neg 1.0	neg 0.7495393329317289 off 0.21828003307962657 __DUMMY__ 0.032180633988644514	false	1.0
verurteilen	neg 1.0		neg 0.5256138578658706 off 0.40751790467015225 __DUMMY__ 0.06686823746397716	false	1.0
klischee	neg 1.0	neg 1.0	neg 0.747095911954229 off 0.2211671383652005 __DUMMY__ 0.03173694968057057	false	1.0
diktatorisch	neg 1.0		neg 0.5247995071773874 off 0.40895265470621056 __DUMMY__ 0.06624783811640202	false	1.0
vorhersehbar	neg 1.0	neg 1.0	neg 0.7471369191479111 off 0.2210519035957445 __DUMMY__ 0.031811177256344296	false	1.0
sowie			neg 0.512255466205569 off 0.42160768261423054 __DUMMY__ 0.06613685118020049	false	0.0
stornieren	neg 1.0		neg 0.5162743131676483 off 0.41603131769892276 __DUMMY__ 0.06769436913342905	false	1.0
besteuerung	neg 1.0		neg 0.5239864294292156 off 0.40952131484926046 __DUMMY__ 0.06649225572152391	false	1.0
ungeschminkt	neg 1.0		neg 0.516151924815894 off 0.4173549822923523 __DUMMY__ 0.06649309289175374	false	1.0
kritisch	neg 1.0		neg 0.5262329031999882 off 0.4067040842526899 __DUMMY__ 0.06706301254732194	false	1.0
schlamperei	off 1.0		neg 0.5289017860607538 off 0.4042161700481232 __DUMMY__ 0.06688204389112298	false	0.5
sucht	neg 1.0	neg 1.0	neg 0.7480869172728419 off 0.21987709517066123 __DUMMY__ 0.03203598755649687	false	1.0
egoistisch	off 1.0		neg 0.5095105861830096 off 0.424053186693143 __DUMMY__ 0.06643622712384743	false	0.5
ausbeuter	off 1.0		neg 0.5294893786833417 off 0.4036951010319762 __DUMMY__ 0.06681552028468213	false	0.5
arschgeburt	off 1.0		neg 0.5047719311458948 off 0.4297744391525883 __DUMMY__ 0.06545362970151686	false	0.5
schubs	neg 1.0	neg 1.0	neg 0.7481788767471382 off 0.21956734978009068 __DUMMY__ 0.032253773472771086	false	1.0
unsolide	neg 1.0		neg 0.5262393652903796 off 0.40786449180190876 __DUMMY__ 0.06589614290771152	false	1.0
beschwerde	neg 1.0		neg 0.5289710234581477 off 0.4042013991898076 __DUMMY__ 0.06682757735204466	false	1.0
stocken	neg 1.0		neg 0.5271063235238925 off 0.4058962667681774 __DUMMY__ 0.06699740970793004	false	1.0
isolieren	neg 1.0		neg 0.5259222140583996 off 0.4071484308106206 __DUMMY__ 0.06692935513097979	false	1.0
unheilbar	neg 1.0		neg 0.5195909871309001 off 0.413185071794014 __DUMMY__ 0.06722394107508596	false	1.0
pisser	off 1.0		neg 0.5153805321654297 off 0.41818883040010096 __DUMMY__ 0.06643063743446939	false	0.5
löschen	neg 1.0		neg 0.5216353329904685 off 0.4113219217652352 __DUMMY__ 0.06704274524429633	false	1.0
durchfallen	neg 1.0		neg 0.5256195081015197 off 0.40751382659617014 __DUMMY__ 0.0668666653023102	false	1.0
wichser	off 1.0		neg 0.5050770849298996 off 0.4288071763357486 __DUMMY__ 0.0661157387343518	false	0.5
terror	neg 1.0		neg 0.5176109266860571 off 0.41533517779348467 __DUMMY__ 0.06705389552045815	false	1.0
krass	neg 1.0		neg 0.5121488777351079 off 0.4214198261111471 __DUMMY__ 0.06643129615374513	false	1.0
revolte	neg 1.0	neg 1.0	neg 0.7486820599052824 off 0.21961545370704633 __DUMMY__ 0.031702486387671355	false	1.0
besorgt	neg 1.0		neg 0.5208348410199708 off 0.4115825176140411 __DUMMY__ 0.06758264136598827	false	1.0
nachlassen	neg 1.0		neg 0.5257189174676508 off 0.4070176926761311 __DUMMY__ 0.06726338985621809	false	1.0
alt	neg 1.0		neg 0.5243920099671582 off 0.4083745990806304 __DUMMY__ 0.06723339095221136	false	1.0
hundesohn	off 1.0		neg 0.5094013995977312 off 0.42479043254843163 __DUMMY__ 0.06580816785383727	false	0.5
als			neg 0.5216003143636999 off 0.4109931999895325 __DUMMY__ 0.06740648564676766	false	0.0
abschreckung	neg 1.0		neg 0.5290796095498399 off 0.40375240022252074 __DUMMY__ 0.06716799022763943	false	1.0
unqualifiziert	neg 1.0		neg 0.520699360590734 off 0.41288098711189825 __DUMMY__ 0.06641965229736778	false	1.0
abgewichst	off 1.0		neg 0.5230257745381512 off 0.4097989283796087 __DUMMY__ 0.06717529708224003	false	0.5
schwer	neg 1.0		neg 0.5207243595332798 off 0.41211256080738806 __DUMMY__ 0.06716307965933212	false	1.0
bedeutungslosigkeit	neg 1.0		neg 0.5279402709780445 off 0.40491761920739483 __DUMMY__ 0.06714210981456054	false	1.0
kapitulation	neg 1.0		neg 0.5295352453153831 off 0.4038658326670688 __DUMMY__ 0.06659892201754813	false	1.0
unscharf	neg 1.0		neg 0.5189008699122086 off 0.41421638847441195 __DUMMY__ 0.06688274161337933	false	1.0
schwinden	neg 1.0		neg 0.5276414973399818 off 0.4051479690823713 __DUMMY__ 0.06721053357764703	false	1.0
versklavung	neg 1.0		neg 0.5251298191547417 off 0.408596628592177 __DUMMY__ 0.06627355225308132	false	1.0
schlecht	neg 1.0		neg 0.5134739811172354 off 0.4195727533229452 __DUMMY__ 0.06695326555981942	false	1.0
verhasst	neg 1.0		neg 0.5206510291553857 off 0.4124293052755059 __DUMMY__ 0.06691966556910835	false	1.0
beschweren	neg 1.0		neg 0.5188161934343812 off 0.4141551664155321 __DUMMY__ 0.06702864015008662	false	1.0
scheiden	neg 1.0		neg 0.5154993908226343 off 0.41661400904132145 __DUMMY__ 0.0678866001360442	false	1.0
frustriert	neg 1.0		neg 0.5220199189321266 off 0.4107914731235448 __DUMMY__ 0.06718860794432858	false	1.0
schimmelig	neg 1.0		neg 0.5250526571331149 off 0.40767299495716075 __DUMMY__ 0.06727434790972445	false	1.0
fisch	neg 1.0		neg 0.5231836670802967 off 0.40897448430268346 __DUMMY__ 0.0678418486170198	false	1.0
schmuggel	neg 1.0		neg 0.5252611318161851 off 0.4071539918842117 __DUMMY__ 0.06758487629960326	false	1.0
auffallen	neg 1.0		neg 0.5180146132522007 off 0.41498107067920703 __DUMMY__ 0.06700431606859225	false	1.0
konkurrenz	neg 1.0	neg 1.0	neg 0.7514373265055572 off 0.21633133473751542 __DUMMY__ 0.03223133875692737	false	1.0
teufelskreis	neg 1.0	neg 1.0	neg 0.7491901671667905 off 0.21888713573367663 __DUMMY__ 0.031922697099532854	false	1.0
aufschreien	neg 1.0		neg 0.5193488267140856 off 0.41383094364638484 __DUMMY__ 0.06682022963952956	false	1.0
schuldner	neg 1.0		neg 0.5275499960250845 off 0.40526945371313966 __DUMMY__ 0.06718055026177588	false	1.0
missgeburt	off 1.0	off 1.0	off 0.6951934342436449 neg 0.273300153044908 __DUMMY__ 0.031506412711447176	false	1.0
arbeitslos	neg 1.0		neg 0.5251113445296932 off 0.40799040570675915 __DUMMY__ 0.06689824976354763	false	1.0
befallen	neg 1.0		neg 0.525587530207362 off 0.40765231416831255 __DUMMY__ 0.06676015562432551	false	1.0
miesepetrig	off 1.0	off 1.0	off 0.693845791237421 neg 0.274241545324312 __DUMMY__ 0.03191266343826715	false	1.0
alarmieren	neg 1.0		neg 0.5197883205250192 off 0.4138594833847198 __DUMMY__ 0.06635219609026088	false	1.0
ungeduscht	off 1.0		neg 0.5159374379923836 off 0.4169931680851485 __DUMMY__ 0.06706939392246804	false	0.5
knappheit	neg 1.0		neg 0.5281915751789708 off 0.4050347136381712 __DUMMY__ 0.06677371118285821	false	1.0
schlange	neg 1.0		neg 0.5160600589782575 off 0.4164558638687405 __DUMMY__ 0.06748407715300203	false	1.0
harsch	neg 1.0		neg 0.5095566362886628 off 0.42369555123820346 __DUMMY__ 0.06674781247313376	false	1.0
lang	neg 1.0		neg 0.5209828354864816 off 0.41196574580894024 __DUMMY__ 0.06705141870457829	false	1.0
ziellos	neg 1.0		neg 0.5220476660946898 off 0.410477730030729 __DUMMY__ 0.06747460387458115	false	1.0
selbstverliebt	neg 1.0		neg 0.5065788307967256 off 0.4277318408259478 __DUMMY__ 0.06568932837732676	false	1.0
beseitigen	neg 1.0	neg 1.0	neg 0.747958589709365 off 0.21987359674627946 __DUMMY__ 0.03216781354435554	false	1.0
dumm	off 1.0		neg 0.5093818131481401 off 0.42437578534907383 __DUMMY__ 0.06624240150278614	false	0.5
arbeitsloser	neg 1.0		neg 0.5242964417916032 off 0.40847857675542976 __DUMMY__ 0.06722498145296715	false	1.0
blitzen	neg 1.0		neg 0.5186196412698821 off 0.4145737324077314 __DUMMY__ 0.06680662632238646	false	1.0
hilflos	neg 1.0		neg 0.5224438657176755 off 0.4103365869511972 __DUMMY__ 0.06721954733112742	false	1.0
eklig	off 1.0		neg 0.5087404047251779 off 0.42505516230054013 __DUMMY__ 0.06620443297428209	false	0.5
begriff			neg 0.5238966714149021 off 0.4091983157609639 __DUMMY__ 0.066905012824134	false	0.0
hungersnot	neg 1.0		neg 0.5247779677667771 off 0.4082912344121785 __DUMMY__ 0.0669307978210444	false	1.0
ungesetzlich	neg 1.0		neg 0.5244768230391322 off 0.40938140672010664 __DUMMY__ 0.06614177024076115	false	1.0
verschwendung	neg 1.0		neg 0.5260575483618967 off 0.4067314379649751 __DUMMY__ 0.0672110136731284	false	1.0
schmerzvoll	neg 1.0		neg 0.5186800526877706 off 0.414260073101408 __DUMMY__ 0.0670598742108213	false	1.0
vorzeitig	neg 1.0		neg 0.5170059215851057 off 0.4159268515229638 __DUMMY__ 0.06706722689193047	false	1.0
unvollkommenheit	neg 1.0		neg 0.5216428195050925 off 0.4108151944698651 __DUMMY__ 0.06754198602504223	false	1.0
intervenieren	neg 1.0		neg 0.5293936262721648 off 0.40383656792748324 __DUMMY__ 0.06676980580035201	false	1.0
banause	off 1.0		neg 0.5080668992195656 off 0.4260620698646597 __DUMMY__ 0.06587103091577465	false	0.5
rebell	neg 1.0		neg 0.5301492757167886 off 0.40256793337608276 __DUMMY__ 0.06728279090712859	false	1.0
unlogisch	neg 1.0		neg 0.5127678318169239 off 0.4207203508231229 __DUMMY__ 0.06651181735995322	false	1.0
leiden	neg 1.0		neg 0.5204208824799579 off 0.4113882364946717 __DUMMY__ 0.06819088102537045	false	1.0
abschaffung	neg 1.0		neg 0.5242790255181051 off 0.4092192721994501 __DUMMY__ 0.06650170228244472	false	1.0
sturz	neg 1.0		neg 0.5212262326759255 off 0.4116684473093801 __DUMMY__ 0.06710532001469446	false	1.0
verkleinerung	neg 1.0		neg 0.5231575045857231 off 0.4107132948417234 __DUMMY__ 0.06612920057255348	false	1.0
schmarotzer	off 1.0		neg 0.525787586931159 off 0.40739399003146914 __DUMMY__ 0.06681842303737201	false	0.5
bestrafung	neg 1.0		neg 0.5200344016556591 off 0.4130101356260359 __DUMMY__ 0.06695546271830512	false	1.0
achtlos	neg 1.0		neg 0.5194717350392002 off 0.41315537497115123 __DUMMY__ 0.06737288998964854	false	1.0
ungeheuer	neg 1.0		neg 0.5154253136942935 off 0.4172878220785768 __DUMMY__ 0.06728686422712979	false	1.0
unaufrichtig	neg 1.0		neg 0.5218462821857088 off 0.4116558073907597 __DUMMY__ 0.06649791042353155	false	1.0
groggy	neg 1.0		neg 0.5200571950976969 off 0.41325338703017883 __DUMMY__ 0.06668941787212426	false	1.0
verletzlich	neg 1.0		neg 0.5132757580064897 off 0.42000119159823346 __DUMMY__ 0.06672305039527675	false	1.0
ablehnen	neg 1.0		neg 0.5262794197516435 off 0.4067841486047321 __DUMMY__ 0.0669364316436245	false	1.0
