unsolidarisch	neg 1.0		neg 0.5602971121749981 off 0.4327983810031464 __DUMMY__ 0.0069045068218555605	false	1.0
nachteilig	neg 1.0		neg 0.5613193690217982 off 0.4316964891247607 __DUMMY__ 0.006984141853440921	false	1.0
skeptisch	neg 1.0		neg 0.5613261339941727 off 0.4316712720746779 __DUMMY__ 0.007002593931149275	false	1.0
schrecklich	neg 1.0		neg 0.5439508264572745 off 0.4490976079181595 __DUMMY__ 0.0069515656245658945	false	1.0
schlapp	neg 1.0	neg 1.0	neg 0.760682706312286 off 0.23599072214361622 __DUMMY__ 0.003326571544097777	false	1.0
abfall	neg 1.0		neg 0.5638404033753006 off 0.42913714917678314 __DUMMY__ 0.007022447447916208	false	1.0
widerspenstig	neg 1.0		neg 0.554403974921876 off 0.43859566095113756 __DUMMY__ 0.007000364126986299	false	1.0
abrupt	neg 1.0		neg 0.5574531845123537 off 0.4354894022792782 __DUMMY__ 0.007057413208368065	false	1.0
unwirksam	neg 1.0		neg 0.559103591734774 off 0.43397308511089483 __DUMMY__ 0.006923323154331135	false	1.0
angreifen	neg 1.0	neg 1.0	neg 0.767587787759789 off 0.2290796248327764 __DUMMY__ 0.0033325874074345632	false	1.0
inkonsistent	neg 1.0		neg 0.554923136956892 off 0.4381037106828732 __DUMMY__ 0.00697315236023489	false	1.0
abrutschen	neg 1.0		neg 0.5631680078633053 off 0.4298058953603098 __DUMMY__ 0.007026096776384738	false	1.0
unsicher	neg 1.0		neg 0.554124389377216 off 0.43886901194595024 __DUMMY__ 0.0070065986768338894	false	1.0
bauernkind	off 1.0	off 1.0	off 0.7061195851468859 neg 0.29060949442003503 __DUMMY__ 0.003270920433079115	false	1.0
angreifer	neg 1.0		neg 0.5529090700256644 off 0.44008984700449555 __DUMMY__ 0.00700108296984009	false	1.0
trennen	neg 1.0		neg 0.5558664839746698 off 0.4370544503006454 __DUMMY__ 0.007079065724684815	false	1.0
schmutz	neg 1.0		neg 0.551602382122376 off 0.4413809037883762 __DUMMY__ 0.0070167140892477345	false	1.0
inkonsistenz	neg 1.0		neg 0.5527829134203719 off 0.440288088754616 __DUMMY__ 0.006928997825012095	false	1.0
erschreckend	neg 1.0		neg 0.5566970831765524 off 0.43631436730636664 __DUMMY__ 0.006988549517080987	false	1.0
ertrinken	neg 1.0		neg 0.5577545550793518 off 0.435215876812231 __DUMMY__ 0.007029568108417369	false	1.0
pickelface	off 1.0		neg 0.5585961678149405 off 0.43442489164147324 __DUMMY__ 0.006978940543586175	false	0.5
seiner			neg 0.5590978539483811 off 0.4338707230294194 __DUMMY__ 0.007031423022199617	false	0.0
lauch	neg 1.0		neg 0.5652052018128496 off 0.42780630092184674 __DUMMY__ 0.00698849726530356	false	1.0
unwichtig	neg 1.0		neg 0.5503180629323032 off 0.44272499969640194 __DUMMY__ 0.006956937371294819	false	1.0
steuerhinterziehung	neg 1.0		neg 0.5603995027084506 off 0.4326572366254238 __DUMMY__ 0.006943260666125592	false	1.0
schock	neg 1.0		neg 0.553508842334143 off 0.4394501365638844 __DUMMY__ 0.007041021101972616	false	1.0
beule	neg 1.0		neg 0.5481779466319916 off 0.44484224371985753 __DUMMY__ 0.006979809648150855	false	1.0
vergelten	neg 1.0		neg 0.544606637066762 off 0.44841301051073196 __DUMMY__ 0.006980352422505948	false	1.0
verdorbenheit	neg 1.0		neg 0.5552571822215523 off 0.4377424454660982 __DUMMY__ 0.007000372312349374	false	1.0
trauma	neg 1.0		neg 0.5542827252037257 off 0.4387350981501302 __DUMMY__ 0.006982176646144136	false	1.0
sinnlos	neg 1.0		neg 0.5517104514143982 off 0.4412959164040353 __DUMMY__ 0.006993632181566426	false	1.0
fettsack	off 1.0	off 1.0	off 0.708037138637893 neg 0.28867879168655164 __DUMMY__ 0.0032840696755554563	false	1.0
feige	off 1.0	off 1.0	off 0.704631193345644 neg 0.2920723791607132 __DUMMY__ 0.003296427493642806	false	1.0
abdanken	neg 1.0		neg 0.5584298154724112 off 0.43461337519488935 __DUMMY__ 0.00695680933269941	false	1.0
wichtigtuer	off 1.0	off 1.0	off 0.7032591189278948 neg 0.2934292235382145 __DUMMY__ 0.0033116575338907484	false	1.0
misslingen	neg 1.0		neg 0.550317800051617 off 0.4426269331396886 __DUMMY__ 0.007055266808694376	false	1.0
untreu	off 1.0		neg 0.5491389316595465 off 0.4439134653844509 __DUMMY__ 0.0069476029560025096	false	0.5
missmutig	neg 1.0		neg 0.5488587326556059 off 0.44416060550034314 __DUMMY__ 0.006980661844050797	false	1.0
hurenbock	off 1.0		neg 0.5527452936925324 off 0.44025431989023106 __DUMMY__ 0.007000386417236621	false	0.5
betrunken	neg 1.0		neg 0.5448408074323936 off 0.44817192534523714 __DUMMY__ 0.0069872672223692395	false	1.0
korrupt	off 1.0		neg 0.5620134501477742 off 0.43105736184244836 __DUMMY__ 0.006929188009777368	false	0.5
unmut	neg 1.0		neg 0.5642861009897472 off 0.4287021001782194 __DUMMY__ 0.007011798832033329	false	1.0
hackfresse	off 1.0		neg 0.541750032738131 off 0.4513435929947512 __DUMMY__ 0.006906374267117676	false	0.5
aufblasen	neg 1.0		neg 0.5518538821019573 off 0.4411325951221263 __DUMMY__ 0.007013522775916555	false	1.0
gewaltsam	neg 1.0		neg 0.5567228313910952 off 0.43629041670348956 __DUMMY__ 0.006986751905415201	false	1.0
unbeliebtheit	neg 1.0		neg 0.5553991574313125 off 0.4377228279880485 __DUMMY__ 0.006878014580638979	false	1.0
sturheit	neg 1.0		neg 0.5571593097733891 off 0.43585902897225187 __DUMMY__ 0.006981661254359077	false	1.0
kuh	neg 1.0		neg 0.5569180444219843 off 0.43613983372770854 __DUMMY__ 0.006942121850307054	false	1.0
erschrecken	neg 1.0		neg 0.5493897103348706 off 0.4436211198623038 __DUMMY__ 0.006989169802825737	false	1.0
opfer	neg 1.0		neg 0.55851620697519 off 0.43446876948044216 __DUMMY__ 0.0070150235443678325	false	1.0
sinken	neg 1.0		neg 0.5622452968107634 off 0.4307217226152034 __DUMMY__ 0.007032980574033038	false	1.0
stinktier	neg 1.0		neg 0.5458690775418298 off 0.4472256467646715 __DUMMY__ 0.0069052756934987755	false	1.0
tucke	off 1.0		neg 0.5442693181201869 off 0.4488823536133004 __DUMMY__ 0.006848328266512717	false	0.5
ein			neg 0.5522474125950889 off 0.44073101469973386 __DUMMY__ 0.00702157270517728	false	0.0
abstieg	neg 1.0		neg 0.5584752992534603 off 0.43448684537272453 __DUMMY__ 0.007037855373815255	false	1.0
missverstehen	neg 1.0		neg 0.5535498397679467 off 0.43949583135672726 __DUMMY__ 0.006954328875325943	false	1.0
ergebnislos	neg 1.0		neg 0.560419551001609 off 0.43257485020931524 __DUMMY__ 0.0070055987890758386	false	1.0
unter			neg 0.564087280298826 off 0.42879483877162744 __DUMMY__ 0.007117880929546421	false	0.0
manipulieren	neg 1.0		neg 0.5610139133679136 off 0.4319796978262225 __DUMMY__ 0.007006388805863858	false	1.0
unbewiesen	neg 1.0		neg 0.5605012004900655 off 0.4326044879153259 __DUMMY__ 0.006894311594608729	false	1.0
verschleppen	neg 1.0		neg 0.5592734067702659 off 0.43373861379557094 __DUMMY__ 0.006987979434163071	false	1.0
weib	off 1.0		neg 0.5425099925478077 off 0.45059526960408347 __DUMMY__ 0.006894737848108708	false	0.5
opposition	neg 1.0		neg 0.5552740949939274 off 0.43778014710500884 __DUMMY__ 0.006945757901063629	false	1.0
verkehrswidrig	neg 1.0	neg 1.0	neg 0.7562267517762189 off 0.2404098002585535 __DUMMY__ 0.0033634479652275974	false	1.0
inkorrekt	neg 1.0		neg 0.5506969063745213 off 0.4424116329293234 __DUMMY__ 0.006891460696155263	false	1.0
vermeiden	neg 1.0		neg 0.563795765312858 off 0.4291365546640087 __DUMMY__ 0.007067680023133322	false	1.0
abweichung	neg 1.0	neg 1.0	neg 0.7667126233488382 off 0.22994900166856266 __DUMMY__ 0.003338374982599284	false	1.0
alkoholisiert	neg 1.0		neg 0.5544710490347673 off 0.438411405073784 __DUMMY__ 0.0071175458914487354	false	1.0
scheiss	off 1.0	off 1.0	off 0.7059113712510737 neg 0.2907735928485803 __DUMMY__ 0.0033150359003459727	false	1.0
herausforderung	neg 1.0	neg 1.0	neg 0.7646658913716654 off 0.23194720533803595 __DUMMY__ 0.003386903290298647	false	1.0
pervers	off 1.0		neg 0.5387089870343807 off 0.4544057157493622 __DUMMY__ 0.006885297216257022	false	0.5
wackelig	neg 1.0		neg 0.554040305965941 off 0.43889155909411215 __DUMMY__ 0.007068134939946772	false	1.0
verwickeln	neg 1.0		neg 0.553322334159766 off 0.43971672724187627 __DUMMY__ 0.006960938598357761	false	1.0
vorwand	neg 1.0		neg 0.5619922018422832 off 0.43099966706664605 __DUMMY__ 0.007008131091070812	false	1.0
muschi	off 1.0		neg 0.557564636792585 off 0.4354481898299723 __DUMMY__ 0.0069871733774426355	false	0.5
entmutigung	neg 1.0		neg 0.5567667091828288 off 0.43630368967988103 __DUMMY__ 0.006929601137289997	false	1.0
unangemessen	neg 1.0		neg 0.5587987767551309 off 0.43422871642985333 __DUMMY__ 0.006972506815015711	false	1.0
unstetig	neg 1.0		neg 0.5545385841999163 off 0.4384832883256502 __DUMMY__ 0.0069781274744335	false	1.0
entmutigen	neg 1.0		neg 0.5528556329107559 off 0.44014750995965407 __DUMMY__ 0.006996857129590082	false	1.0
schwanz	neg 1.0		neg 0.5606150417677686 off 0.4323782552304171 __DUMMY__ 0.007006703001814244	false	1.0
verbot	neg 1.0		neg 0.5613213690621693 off 0.4317285154227821 __DUMMY__ 0.006950115515048423	false	1.0
leid	neg 1.0		neg 0.5431030054283833 off 0.44995805750398926 __DUMMY__ 0.006938937067627478	false	1.0
archaisch	neg 1.0		neg 0.5573862724401761 off 0.4356137608265675 __DUMMY__ 0.006999966733256454	false	1.0
gegen			neg 0.5614320342176891 off 0.4315315657426614 __DUMMY__ 0.007036400039649558	false	0.0
scheidung	neg 1.0		neg 0.5341792666662682 off 0.45893338632151115 __DUMMY__ 0.0068873470122206145	false	1.0
einschlag	neg 1.0	neg 1.0	neg 0.7591907000889025 off 0.237493064834601 __DUMMY__ 0.003316235076496451	false	1.0
m			neg 0.5564747826090718 off 0.43650304048335103 __DUMMY__ 0.007022176907577024	false	0.0
abgestanden	neg 1.0		neg 0.554307365663134 off 0.43870604852368195 __DUMMY__ 0.00698658581318412	false	1.0
schmierig	off 1.0		neg 0.5436247392216511 off 0.449432903603496 __DUMMY__ 0.00694235717485294	false	0.5
unpraktisch	neg 1.0		neg 0.5518139145741976 off 0.441163568672085 __DUMMY__ 0.0070225167537175445	false	1.0
wixxer	off 1.0		neg 0.5397845632436696 off 0.4533438561608416 __DUMMY__ 0.006871580595488885	false	0.5
bezeichnet			neg 0.5564386251701734 off 0.43658282746737237 __DUMMY__ 0.006978547362454242	false	0.0
jammerlappen	off 1.0		neg 0.5499104848281579 off 0.4431288198252847 __DUMMY__ 0.006960695346557547	false	0.5
farce	neg 1.0		neg 0.5606672031887073 off 0.4323914192924284 __DUMMY__ 0.006941377518864274	false	1.0
zwecklos	neg 1.0		neg 0.5581744804633738 off 0.4348411164858457 __DUMMY__ 0.006984403050780474	false	1.0
turbulent	neg 1.0		neg 0.5506688164655779 off 0.4423961853300121 __DUMMY__ 0.0069349982044100865	false	1.0
invasion	neg 1.0		neg 0.5517534412602696 off 0.4412554526099345 __DUMMY__ 0.00699110612979573	false	1.0
schuld	neg 1.0		neg 0.5540596817160046 off 0.438953098025207 __DUMMY__ 0.0069872202587885	false	1.0
risiko	neg 1.0		neg 0.5536216480232458 off 0.4393667478962834 __DUMMY__ 0.007011604080470706	false	1.0
finster	neg 1.0		neg 0.5525736129416395 off 0.44041789283935834 __DUMMY__ 0.007008494219002267	false	1.0
geisteskrank	off 1.0		neg 0.5493637849328394 off 0.4437074553494511 __DUMMY__ 0.006928759717709411	false	0.5
zusammenbrechen	neg 1.0		neg 0.5554473049328728 off 0.4375326044386335 __DUMMY__ 0.007020090628493636	false	1.0
ausbeute	neg 1.0		neg 0.5566484576724566 off 0.43627753892329374 __DUMMY__ 0.00707400340424977	false	1.0
hinterhalt	neg 1.0		neg 0.5558759743454978 off 0.43709991647088337 __DUMMY__ 0.0070241091836186565	false	1.0
kritik	neg 1.0		neg 0.5605435005744853 off 0.43250859434655375 __DUMMY__ 0.00694790507896089	false	1.0
einschrumpfen	neg 1.0		neg 0.5551152210366171 off 0.43796796921395204 __DUMMY__ 0.006916809749430696	false	1.0
riskant	neg 1.0		neg 0.5600765613700589 off 0.43293080478813295 __DUMMY__ 0.006992633841808063	false	1.0
frustrieren	neg 1.0		neg 0.5589356307122667 off 0.4340568179593745 __DUMMY__ 0.0070075513283586735	false	1.0
groll	neg 1.0		neg 0.5575287333220997 off 0.43546782024195835 __DUMMY__ 0.007003446435942052	false	1.0
gibt			neg 0.556727244619241 off 0.43626674922053277 __DUMMY__ 0.007006006160226258	false	0.0
qualvoll	neg 1.0		neg 0.549639635455237 off 0.44335675354264376 __DUMMY__ 0.007003611002119313	false	1.0
wackeln	neg 1.0	neg 1.0	neg 0.7625638930335759 off 0.23408425781725428 __DUMMY__ 0.0033518491491699278	false	1.0
klagen	neg 1.0		neg 0.5633549535813247 off 0.42962857794794046 __DUMMY__ 0.0070164684707347755	false	1.0
bankrott	neg 1.0		neg 0.5502715438343235 off 0.44274891783143694 __DUMMY__ 0.006979538334239571	false	1.0
trauern	neg 1.0		neg 0.5574067352942096 off 0.43555395974743266 __DUMMY__ 0.007039304958357804	false	1.0
ablehnung	neg 1.0		neg 0.560687910085652 off 0.4323674646856371 __DUMMY__ 0.006944625228710773	false	1.0
stur	neg 1.0		neg 0.5537468721035045 off 0.4392755175534575 __DUMMY__ 0.006977610343037924	false	1.0
aufruhr	neg 1.0		neg 0.5570158586025642 off 0.43599998212789143 __DUMMY__ 0.006984159269544375	false	1.0
melancholie	neg 1.0		neg 0.556061303209998 off 0.4369062417859072 __DUMMY__ 0.0070324550040948685	false	1.0
ist			neg 0.5525665591965612 off 0.44044217210839093 __DUMMY__ 0.006991268695047906	false	0.0
torheit	neg 1.0		neg 0.5561479472606008 off 0.43689745884188985 __DUMMY__ 0.006954593897509397	false	1.0
dreckskind	off 1.0		neg 0.5446163150990291 off 0.4484891081385449 __DUMMY__ 0.006894576762426104	false	0.5
umtauschen	neg 1.0		neg 0.5544491668329077 off 0.43854021427132106 __DUMMY__ 0.00701061889577117	false	1.0
zum			neg 0.5596326649022478 off 0.4332296582439776 __DUMMY__ 0.007137676853774587	false	0.0
zersetzen	neg 1.0		neg 0.5622886016588405 off 0.4307256103365271 __DUMMY__ 0.006985788004632336	false	1.0
zur			neg 0.5646054562365348 off 0.4283265585581116 __DUMMY__ 0.007067985205353465	false	0.0
frust	neg 1.0		neg 0.5556437443621842 off 0.4373353888016622 __DUMMY__ 0.007020866836153462	false	1.0
unerbittlichkeit	neg 1.0		neg 0.5615689547221399 off 0.43143538610121074 __DUMMY__ 0.006995659176649274	false	1.0
zwei			neg 0.5584194170487244 off 0.4344728634229593 __DUMMY__ 0.007107719528316189	false	0.0
unkorrekt	neg 1.0		neg 0.5492217198307825 off 0.4438755283719935 __DUMMY__ 0.006902751797224085	false	1.0
hexe	off 1.0		neg 0.5487375647849402 off 0.4442990706984193 __DUMMY__ 0.00696336451664068	false	0.5
lasch	neg 1.0		neg 0.5524985746662583 off 0.440556826289597 __DUMMY__ 0.00694459904414449	false	1.0
rivale	neg 1.0		neg 0.5456742600795559 off 0.4473561904235191 __DUMMY__ 0.006969549496924983	false	1.0
mutlos	off 1.0	off 1.0	off 0.6990300806097349 neg 0.29765191713822375 __DUMMY__ 0.0033180022520413583	false	1.0
wirr	off 1.0		neg 0.5484884695722048 off 0.4446032934295873 __DUMMY__ 0.006908236998207777	false	0.5
jahr			neg 0.556288470045851 off 0.43660981412015687 __DUMMY__ 0.007101715833992263	false	0.0
wird			neg 0.5575625527167557 off 0.43541439044477515 __DUMMY__ 0.007023056838469104	false	0.0
strafbar	neg 1.0		neg 0.5605478965108156 off 0.4324697867835874 __DUMMY__ 0.006982316705597087	false	1.0
erosion	neg 1.0		neg 0.5531637718550028 off 0.4398247040476092 __DUMMY__ 0.007011524097387927	false	1.0
eingehen	neg 1.0		neg 0.5592890745164134 off 0.4337291620286281 __DUMMY__ 0.006981763454958396	false	1.0
faul	off 1.0		neg 0.5493840960139711 off 0.44362898425150876 __DUMMY__ 0.006986919734520206	false	0.5
provisorium	neg 1.0		neg 0.5661640266943637 off 0.4267489834142268 __DUMMY__ 0.007086989891409319	false	1.0
schmerzen	neg 1.0		neg 0.554256623722785 off 0.4387385294684819 __DUMMY__ 0.0070048468087331875	false	1.0
schrumpfen	neg 1.0		neg 0.5658429112117184 off 0.42712207146267306 __DUMMY__ 0.0070350173256086	false	1.0
geistlos	off 1.0		neg 0.5562079310541326 off 0.43688465821707473 __DUMMY__ 0.006907410728792733	false	0.5
fehlkauf	neg 1.0		neg 0.5541125268919492 off 0.43892089891433006 __DUMMY__ 0.006966574193720602	false	1.0
frustrierend	neg 1.0		neg 0.5491368503343678 off 0.44386520623596526 __DUMMY__ 0.00699794342966702	false	1.0
unzufrieden	neg 1.0		neg 0.5582195870103921 off 0.4347932165740324 __DUMMY__ 0.0069871964155754545	false	1.0
verzweifeln	neg 1.0		neg 0.5549250566931063 off 0.4380695804560745 __DUMMY__ 0.007005362850819115	false	1.0
verzweifelt	neg 1.0		neg 0.5536252628494676 off 0.4393966463710237 __DUMMY__ 0.0069780907795087685	false	1.0
misstrauensantrag	neg 1.0		neg 0.5539428559434816 off 0.4391030000885125 __DUMMY__ 0.006954143968005786	false	1.0
abfallen	neg 1.0		neg 0.5510086529133723 off 0.4419610703455534 __DUMMY__ 0.007030276741074413	false	1.0
fucker	off 1.0		neg 0.5485627345811183 off 0.44450300518133073 __DUMMY__ 0.006934260237551089	false	0.5
ungezogen	neg 1.0		neg 0.5392468454438625 off 0.45383723061477477 __DUMMY__ 0.006915923941362719	false	1.0
irrsinnig	neg 1.0	neg 1.0	neg 0.764018267832142 off 0.23266341282353883 __DUMMY__ 0.003318319344319209	false	1.0
unfassbar	neg 1.0		neg 0.5486881399926468 off 0.44434821319179685 __DUMMY__ 0.0069636468155563	false	1.0
hart	neg 1.0		neg 0.5525279493310177 off 0.4405222985287538 __DUMMY__ 0.006949752140228586	false	1.0
widerlich	off 1.0		neg 0.5493694692691944 off 0.44370096181536994 __DUMMY__ 0.006929568915435696	false	0.5
fatal	neg 1.0		neg 0.5535453640100427 off 0.4394847969953881 __DUMMY__ 0.0069698389945690425	false	1.0
bruch	neg 1.0		neg 0.5637369811186276 off 0.42925856676656154 __DUMMY__ 0.00700445211481095	false	1.0
aushungern	neg 1.0		neg 0.5590091701107023 off 0.43403766924889087 __DUMMY__ 0.006953160640406934	false	1.0
anspannung	neg 1.0	neg 1.0	neg 0.7670785168351305 off 0.22952233598996352 __DUMMY__ 0.0033991471749060293	false	1.0
von			neg 0.5581323924654449 off 0.43478157828127467 __DUMMY__ 0.007086029253280379	false	0.0
kraftlos	neg 1.0		neg 0.5549898738589031 off 0.4379670113611828 __DUMMY__ 0.007043114779914031	false	1.0
vom			neg 0.5626776041370052 off 0.4301897440744386 __DUMMY__ 0.007132651788556255	false	0.0
grenzdebil	off 1.0		neg 0.5475158542875476 off 0.44552386021243745 __DUMMY__ 0.00696028550001496	false	0.5
vor			neg 0.5602053318188168 off 0.43275514244781704 __DUMMY__ 0.007039525733366174	false	0.0
unterwerfen	neg 1.0		neg 0.559147830184472 off 0.4338420464406503 __DUMMY__ 0.007010123374877693	false	1.0
versenkung	neg 1.0		neg 0.5598056211573832 off 0.43318820855996065 __DUMMY__ 0.007006170282656192	false	1.0
entziehen	neg 1.0		neg 0.562396084843145 off 0.43058627292958107 __DUMMY__ 0.007017642227274012	false	1.0
finanzkrise	neg 1.0		neg 0.560027675817487 off 0.43304196508673026 __DUMMY__ 0.006930359095782676	false	1.0
schimpfend	neg 1.0		neg 0.5505868291584711 off 0.4423708489890478 __DUMMY__ 0.007042321852480901	false	1.0
profan	neg 1.0		neg 0.551821021532879 off 0.44120298004012054 __DUMMY__ 0.006975998427000538	false	1.0
korruption	neg 1.0	neg 1.0	neg 0.7678094522812401 off 0.2288858830441497 __DUMMY__ 0.0033046646746102393	false	1.0
â			neg 0.558181998277191 off 0.43480078459460014 __DUMMY__ 0.00701721712820893	false	0.0
schmutzig	neg 1.0		neg 0.5478061743621683 off 0.44522455116480397 __DUMMY__ 0.006969274473027643	false	1.0
sexy	neg 1.0		neg 0.5511176085212436 off 0.44190656616143315 __DUMMY__ 0.006975825317323251	false	1.0
abraten	neg 1.0		neg 0.5527759992554419 off 0.4402407521372332 __DUMMY__ 0.006983248607325011	false	1.0
schwarz	neg 1.0		neg 0.5540530661923954 off 0.4389725293554199 __DUMMY__ 0.006974404452184834	false	1.0
fotze	off 1.0		neg 0.560160059017224 off 0.4328480760727562 __DUMMY__ 0.006991864910019743	false	0.5
verwirren	neg 1.0		neg 0.5514008464046251 off 0.441620015634248 __DUMMY__ 0.006979137961127018	false	1.0
zahnlos	off 1.0		neg 0.5586120509845307 off 0.43440805585684983 __DUMMY__ 0.006979893158619356	false	0.5
verheeren	neg 1.0		neg 0.5387412660095211 off 0.45435178371687734 __DUMMY__ 0.006906950273601588	false	1.0
hippie	neg 1.0		neg 0.5522208608346524 off 0.44081050891198065 __DUMMY__ 0.006968630253366924	false	1.0
rammen	neg 1.0		neg 0.555471856419504 off 0.4375654223424951 __DUMMY__ 0.006962721238000861	false	1.0
unlauter	neg 1.0		neg 0.5582913719379902 off 0.4347877943463701 __DUMMY__ 0.006920833715639683	false	1.0
unheilvoll	neg 1.0		neg 0.5503301927010557 off 0.44265325683405077 __DUMMY__ 0.0070165504648934595	false	1.0
niedrig	neg 1.0		neg 0.5606351820853688 off 0.43236083802427866 __DUMMY__ 0.007003979890352655	false	1.0
explosion	neg 1.0		neg 0.5530289335950732 off 0.4400050045518499 __DUMMY__ 0.006966061853076868	false	1.0
weichei	off 1.0		neg 0.5437452034593119 off 0.44934794821416135 __DUMMY__ 0.0069068483265268335	false	0.5
minusmensch	off 1.0		neg 0.5436008526597091 off 0.4495729458917682 __DUMMY__ 0.0068262014485226735	false	0.5
farblos	neg 1.0		neg 0.5531387599120509 off 0.43980946187643416 __DUMMY__ 0.007051778211514933	false	1.0
unwissend	neg 1.0	neg 1.0	neg 0.7613945136898999 off 0.23529649925572985 __DUMMY__ 0.0033089870543703097	false	1.0
traurig	neg 1.0		neg 0.5448222870525439 off 0.44821641256140504 __DUMMY__ 0.006961300386050998	false	1.0
senkung	neg 1.0		neg 0.5542155468657789 off 0.4388472160523454 __DUMMY__ 0.006937237081875727	false	1.0
ungleich	neg 1.0	neg 1.0	neg 0.7678265720691685 off 0.22885385817214607 __DUMMY__ 0.0033195697586853846	false	1.0
heikel	neg 1.0		neg 0.5615377267318242 off 0.4314679975804962 __DUMMY__ 0.006994275687679388	false	1.0
drosselung	neg 1.0		neg 0.5482846292786592 off 0.4447558812842825 __DUMMY__ 0.006959489437058367	false	1.0
falsch	neg 1.0		neg 0.5501420381287976 off 0.44288436437603956 __DUMMY__ 0.006973597495162821	false	1.0
unzufriedenheit	neg 1.0		neg 0.5617169272371512 off 0.43127679901394256 __DUMMY__ 0.0070062737489062915	false	1.0
kurz	neg 1.0		neg 0.5539965210183853 off 0.43895533902750744 __DUMMY__ 0.00704813995410719	false	1.0
unsinnig	neg 1.0		neg 0.5586618751144637 off 0.4343722668579006 __DUMMY__ 0.006965858027635735	false	1.0
penner	off 1.0	off 1.0	off 0.7097678834943555 neg 0.2869497010325741 __DUMMY__ 0.0032824154730704226	false	1.0
seicht	neg 1.0		neg 0.5419432927505995 off 0.4511853283356671 __DUMMY__ 0.006871378913733487	false	1.0
dummheit	off 1.0	off 1.0	off 0.7031402997193811 neg 0.2935549509060919 __DUMMY__ 0.003304749374527031	false	1.0
unerfreulich	neg 1.0		neg 0.5611739880348077 off 0.4318028137557867 __DUMMY__ 0.007023198209405559	false	1.0
motherfucker	off 1.0	off 1.0	off 0.7054786312593818 neg 0.29122999633842306 __DUMMY__ 0.0032913724021950675	false	1.0
pikiert	neg 1.0		neg 0.55088825388998 off 0.4421826945793782 __DUMMY__ 0.006929051530641866	false	1.0
wrack	neg 1.0		neg 0.5565432012258953 off 0.4363955403446543 __DUMMY__ 0.0070612584294504266	false	1.0
gangster	neg 1.0		neg 0.5521749580096914 off 0.44084684590956286 __DUMMY__ 0.0069781960807457815	false	1.0
krank	neg 1.0		neg 0.5458757536579084 off 0.44714078597746987 __DUMMY__ 0.006983460364621721	false	1.0
reich	neg 1.0		neg 0.5515719651140356 off 0.4414817325881465 __DUMMY__ 0.006946302297818	false	1.0
gnadenlos	neg 1.0		neg 0.5537928610489622 off 0.43921505760253793 __DUMMY__ 0.006992081348499998	false	1.0
niedergeschlagen	neg 1.0		neg 0.55501519047835 off 0.43796050541744413 __DUMMY__ 0.007024304104205926	false	1.0
terrorisieren	off 1.0	off 1.0	off 0.7002014061963197 neg 0.29646373910065205 __DUMMY__ 0.00333485470302822	false	1.0
sinnlosigkeit	neg 1.0		neg 0.5575214923490757 off 0.4354831273853874 __DUMMY__ 0.006995380265537052	false	1.0
behindern	neg 1.0		neg 0.5567573401638529 off 0.4362627021725205 __DUMMY__ 0.006979957663626652	false	1.0
undemokratisch	neg 1.0		neg 0.5574388782616762 off 0.43562905154029247 __DUMMY__ 0.006932070198031208	false	1.0
wirtschaftskrise	neg 1.0		neg 0.561096314023316 off 0.43193707336173853 __DUMMY__ 0.006966612614945412	false	1.0
neid	neg 1.0		neg 0.5466234053878767 off 0.44635511502431147 __DUMMY__ 0.007021479587811696	false	1.0
rutschen	neg 1.0	neg 1.0	neg 0.7659827548722189 off 0.2306233252188118 __DUMMY__ 0.003393919908969305	false	1.0
rezession	neg 1.0		neg 0.5488373383594018 off 0.44428905564718557 __DUMMY__ 0.006873605993412607	false	1.0
fehlgeburt	neg 1.0		neg 0.5514445215636651 off 0.4415506830660481 __DUMMY__ 0.007004795370286775	false	1.0
charakterschwach	off 1.0		neg 0.5490209882461412 off 0.4440340670208991 __DUMMY__ 0.006944944732959678	false	0.5
isolation	neg 1.0		neg 0.5493043663182635 off 0.44370008477071304 __DUMMY__ 0.006995548911023463	false	1.0
ablenkung	neg 1.0		neg 0.5538521832164287 off 0.4391437702359495 __DUMMY__ 0.007004046547621802	false	1.0
pech	neg 1.0		neg 0.5495873335041308 off 0.44342278270553664 __DUMMY__ 0.006989883790332455	false	1.0
vermeidung	neg 1.0		neg 0.5493772620125347 off 0.44369026653490756 __DUMMY__ 0.00693247145255787	false	1.0
dominieren	neg 1.0		neg 0.5563128371566003 off 0.4366347600882905 __DUMMY__ 0.007052402755109296	false	1.0
schwindlig	neg 1.0		neg 0.5495133432197604 off 0.44346076542500157 __DUMMY__ 0.007025891355237888	false	1.0
lutscher	neg 1.0	neg 1.0	neg 0.7567181295767578 off 0.24001352283689875 __DUMMY__ 0.0032683475863435492	false	1.0
pflicht	neg 1.0		neg 0.5611025445534278 off 0.4318910073872666 __DUMMY__ 0.007006448059305563	false	1.0
faschist	off 1.0		neg 0.5547225048204938 off 0.43835054704592086 __DUMMY__ 0.006926948133585253	false	0.5
verschleudern	neg 1.0		neg 0.5634739720438358 off 0.4295848167716457 __DUMMY__ 0.006941211184518538	false	1.0
wenn			neg 0.5497258941716582 off 0.44329835940400697 __DUMMY__ 0.006975746424334944	false	0.0
ehebruch	neg 1.0		neg 0.5598620540515477 off 0.43315305172925544 __DUMMY__ 0.0069848942191969585	false	1.0
spott	off 1.0		neg 0.5610439710818987 off 0.43197914475078664 __DUMMY__ 0.006976884167314581	false	0.5
trostlosigkeit	neg 1.0		neg 0.5621382479859984 off 0.430845551532212 __DUMMY__ 0.007016200481789553	false	1.0
lutschen	neg 1.0		neg 0.5541790440909931 off 0.43887562433492977 __DUMMY__ 0.0069453315740771295	false	1.0
undiszipliniert	neg 1.0		neg 0.546203681425663 off 0.4468386009835106 __DUMMY__ 0.006957717590826346	false	1.0
kopfschmerz	neg 1.0		neg 0.5548241945645475 off 0.43814764057737027 __DUMMY__ 0.00702816485808232	false	1.0
unvorhergesehen	neg 1.0		neg 0.5552869532089046 off 0.4376368004640468 __DUMMY__ 0.007076246327048655	false	1.0
desinteressiert	neg 1.0		neg 0.5473706930640306 off 0.4456886754155936 __DUMMY__ 0.006940631520375677	false	1.0
armselig	off 1.0		neg 0.5477702119823313 off 0.4453192480958371 __DUMMY__ 0.006910539921831628	false	0.5
desaster	neg 1.0		neg 0.564438984388917 off 0.42855563791077594 __DUMMY__ 0.007005377700307035	false	1.0
tod	neg 1.0		neg 0.5580897176950269 off 0.43489322985599 __DUMMY__ 0.007017052448983059	false	1.0
herzlos	neg 1.0		neg 0.545933238348924 off 0.44713618240033487 __DUMMY__ 0.006930579250741092	false	1.0
unwissenheit	neg 1.0		neg 0.559682926719447 off 0.43335371454610067 __DUMMY__ 0.006963358734452439	false	1.0
widersinnig	neg 1.0	neg 1.0	neg 0.7672943831488916 off 0.22940581420550282 __DUMMY__ 0.0032998026456055388	false	1.0
bedenklich	neg 1.0		neg 0.559980741218724 off 0.43303198373523494 __DUMMY__ 0.006987275046041131	false	1.0
beanstanden	neg 1.0		neg 0.5617129072158845 off 0.43127625731628055 __DUMMY__ 0.007010835467834974	false	1.0
panisch	neg 1.0	neg 1.0	neg 0.7606660117233848 off 0.2359762834375391 __DUMMY__ 0.0033577048390761185	false	1.0
debil	off 1.0		neg 0.5663886258496034 off 0.42656591093320473 __DUMMY__ 0.007045463217192063	false	0.5
abstrich	neg 1.0		neg 0.5590066285288148 off 0.4340038425532178 __DUMMY__ 0.006989528917967574	false	1.0
primitiv	neg 1.0		neg 0.5488080289619036 off 0.4442622973654398 __DUMMY__ 0.006929673672656471	false	1.0
abschaum	off 1.0	off 1.0	off 0.7046541236482448 neg 0.2920419378222227 __DUMMY__ 0.0033039385295326284	false	1.0
provozieren	neg 1.0		neg 0.5549912252495042 off 0.43803403511367467 __DUMMY__ 0.0069747396368210045	false	1.0
tot	neg 1.0		neg 0.5588640674968129 off 0.43412320316861175 __DUMMY__ 0.007012729334575407	false	1.0
instabil	neg 1.0		neg 0.5506410457981241 off 0.4424576528073804 __DUMMY__ 0.006901301394495437	false	1.0
schwuchtel	off 1.0		neg 0.537170175219383 off 0.45599743940049986 __DUMMY__ 0.006832385380117245	false	0.5
zerren	neg 1.0		neg 0.5547332552041487 off 0.43823890919920505 __DUMMY__ 0.007027835596646211	false	1.0
kinderficker	off 1.0		neg 0.5455443698319263 off 0.44756407521535174 __DUMMY__ 0.006891554952721922	false	0.5
gefahr	neg 1.0		neg 0.5615630676190939 off 0.43142909187644496 __DUMMY__ 0.0070078405044611885	false	1.0
rabiat	neg 1.0		neg 0.5559521491399056 off 0.43707445694631086 __DUMMY__ 0.006973393913783552	false	1.0
verlangsamung	neg 1.0		neg 0.5438399620575778 off 0.4492789226987224 __DUMMY__ 0.006881115243699898	false	1.0
ausgestorben	neg 1.0		neg 0.5543702776648001 off 0.4386127820794304 __DUMMY__ 0.0070169402557697345	false	1.0
anklagen	neg 1.0		neg 0.5587931264805186 off 0.43423720170753255 __DUMMY__ 0.006969671811948824	false	1.0
trott	neg 1.0		neg 0.5550973510201304 off 0.4378971704743008 __DUMMY__ 0.007005478505568858	false	1.0
verminderung	neg 1.0		neg 0.547738755417373 off 0.44531942009759035 __DUMMY__ 0.006941824485036592	false	1.0
nach			neg 0.5600059213703531 off 0.4328712485563727 __DUMMY__ 0.007122830073274082	false	0.0
rost	neg 1.0		neg 0.5437405049758703 off 0.449347810081342 __DUMMY__ 0.0069116849427878005	false	1.0
destruktiv	neg 1.0		neg 0.5576589888561257 off 0.43538683187429694 __DUMMY__ 0.006954179269577267	false	1.0
unzumutbarkeit	neg 1.0		neg 0.5491528608114002 off 0.4438681622342937 __DUMMY__ 0.006978976954305904	false	1.0
labil	off 1.0	off 1.0	off 0.7045285082305619 neg 0.2921680025529591 __DUMMY__ 0.003303489216478991	false	1.0
ziemlich	neg 1.0		neg 0.5471588644065107 off 0.44586017401272915 __DUMMY__ 0.006980961580760265	false	1.0
lachnummer	off 1.0		neg 0.5560165812653528 off 0.4370039401627934 __DUMMY__ 0.006979478571853743	false	0.5
oder			neg 0.55284815875423 off 0.44013035257818994 __DUMMY__ 0.007021488667579948	false	0.0
verfall	neg 1.0		neg 0.566773702352182 off 0.4262071419857185 __DUMMY__ 0.007019155662099497	false	1.0
ausgrenzung	neg 1.0		neg 0.5571809573460119 off 0.4358994013038076 __DUMMY__ 0.006919641350180456	false	1.0
unordnung	neg 1.0		neg 0.548709784101962 off 0.4443214325459441 __DUMMY__ 0.006968783352093724	false	1.0
fehlverhalten	neg 1.0		neg 0.5617166894709733 off 0.4312944007572967 __DUMMY__ 0.006988909771730019	false	1.0
eine			neg 0.5603682243188366 off 0.4326052349091244 __DUMMY__ 0.007026540772038929	false	0.0
nille	neg 1.0		neg 0.5567618702397132 off 0.4362468010648091 __DUMMY__ 0.006991328695477627	false	1.0
qual	neg 1.0		neg 0.5556878486012947 off 0.4373122388830187 __DUMMY__ 0.006999912515686511	false	1.0
verschwenden	neg 1.0		neg 0.55911132925009 off 0.4338982127896493 __DUMMY__ 0.006990457960260626	false	1.0
riesig	neg 1.0	neg 1.0	neg 0.765688091232836 off 0.230963547949918 __DUMMY__ 0.0033483608172460294	false	1.0
verurteilen	neg 1.0		neg 0.5591931733850167 off 0.43383342913411455 __DUMMY__ 0.0069733974808687755	false	1.0
klischee	neg 1.0	neg 1.0	neg 0.7630156442490792 off 0.2336821984198308 __DUMMY__ 0.0033021573310900504	false	1.0
diktatorisch	neg 1.0		neg 0.558061137433763 off 0.43503068691895347 __DUMMY__ 0.00690817564728358	false	1.0
vorhersehbar	neg 1.0	neg 1.0	neg 0.763096395419263 off 0.23359371157514697 __DUMMY__ 0.0033098930055899976	false	1.0
sowie			neg 0.5453424511246857 off 0.44776098743419196 __DUMMY__ 0.006896561441122289	false	0.0
stornieren	neg 1.0		neg 0.5501869472962503 off 0.4427531122682416 __DUMMY__ 0.00705994043550828	false	1.0
besteuerung	neg 1.0		neg 0.5573433272169918 off 0.4357228313034536 __DUMMY__ 0.006933841479554706	false	1.0
ungeschminkt	neg 1.0		neg 0.5494402720599062 off 0.44362581363402 __DUMMY__ 0.006933914306073828	false	1.0
kritisch	neg 1.0		neg 0.5599127754587642 off 0.43309332373802556 __DUMMY__ 0.0069939008032102006	false	1.0
schlamperei	off 1.0		neg 0.5625143312412565 off 0.4305108867839178 __DUMMY__ 0.006974781974825801	false	0.5
sucht	neg 1.0	neg 1.0	neg 0.7641565779308603 off 0.2325101839313351 __DUMMY__ 0.0033332381378045305	false	1.0
egoistisch	off 1.0		neg 0.5427271023041977 off 0.4503448925135914 __DUMMY__ 0.006928005182210983	false	0.5
ausbeuter	off 1.0		neg 0.5630714082931874 off 0.42996070936405645 __DUMMY__ 0.006967882342756216	false	0.5
arschgeburt	off 1.0		neg 0.5374652431167033 off 0.4557100032996131 __DUMMY__ 0.006824753583683542	false	0.5
schubs	neg 1.0	neg 1.0	neg 0.7643552384981948 off 0.23228875768150808 __DUMMY__ 0.0033560038202970917	false	1.0
unsolide	neg 1.0		neg 0.5593262234963867 off 0.4338025853065697 __DUMMY__ 0.006871191197043564	false	1.0
beschwerde	neg 1.0		neg 0.5625524438863001 off 0.4304785049578044 __DUMMY__ 0.006969051155895525	false	1.0
stocken	neg 1.0		neg 0.5607572983750463 off 0.432255790214845 __DUMMY__ 0.006986911410108702	false	1.0
isolieren	neg 1.0		neg 0.5595311743411042 off 0.4334891245118523 __DUMMY__ 0.006979701147043389	false	1.0
unheilbar	neg 1.0		neg 0.5532967328629463 off 0.43969256040684 __DUMMY__ 0.007010706730213796	false	1.0
pisser	off 1.0		neg 0.5486464006638265 off 0.4444262789469314 __DUMMY__ 0.0069273203892421765	false	0.5
löschen	neg 1.0		neg 0.5552576872500886 off 0.43775050646170355 __DUMMY__ 0.006991806288207668	false	1.0
durchfallen	neg 1.0		neg 0.5591880626698801 off 0.4338386460008775 __DUMMY__ 0.006973291329242344	false	1.0
wichser	off 1.0		neg 0.5380942057816697 off 0.45501144824347367 __DUMMY__ 0.006894345974856675	false	0.5
terror	neg 1.0		neg 0.5511983705433576 off 0.4418087132288884 __DUMMY__ 0.006992916227754085	false	1.0
krass	neg 1.0		neg 0.5453740347486826 off 0.4476985332670025 __DUMMY__ 0.006927431984314932	false	1.0
revolte	neg 1.0	neg 1.0	neg 0.7645942319488229 off 0.2321072668027944 __DUMMY__ 0.003298501248382697	false	1.0
besorgt	neg 1.0		neg 0.5547266645607256 off 0.4382249463324365 __DUMMY__ 0.007048389106837848	false	1.0
nachlassen	neg 1.0		neg 0.559482733073802 off 0.4335024670211162 __DUMMY__ 0.007014799905081654	false	1.0
alt	neg 1.0		neg 0.5581231887361995 off 0.4348652805836326 __DUMMY__ 0.0070115306801678675	false	1.0
hundesohn	off 1.0		neg 0.542313710317223 off 0.45082430697446535 __DUMMY__ 0.006861982708311557	false	0.5
als			neg 0.555407343091906 off 0.4375627075584752 __DUMMY__ 0.0070299493496187825	false	0.0
abschreckung	neg 1.0		neg 0.5628396928526984 off 0.43015544464832745 __DUMMY__ 0.00700486249897423	false	1.0
unqualifiziert	neg 1.0		neg 0.5540057733869195 off 0.4390679348776033 __DUMMY__ 0.006926291735477367	false	1.0
abgewichst	off 1.0		neg 0.5567291514735455 off 0.436265174602986 __DUMMY__ 0.007005673923468518	false	0.5
schwer	neg 1.0		neg 0.5543984968820415 off 0.4385970474189549 __DUMMY__ 0.007004455699003574	false	1.0
bedeutungslosigkeit	neg 1.0		neg 0.5616746378417337 off 0.4313231619140644 __DUMMY__ 0.0070022002442019955	false	1.0
kapitulation	neg 1.0		neg 0.5630087807217181 off 0.4300461318611754 __DUMMY__ 0.0069450874171064466	false	1.0
unscharf	neg 1.0		neg 0.5524039498994919 off 0.4406212831190614 __DUMMY__ 0.006974766981446649	false	1.0
schwinden	neg 1.0		neg 0.5614057878128799 off 0.43158493188287433 __DUMMY__ 0.0070092803042458495	false	1.0
versklavung	neg 1.0		neg 0.55840135200703 off 0.4346877632686869 __DUMMY__ 0.006910884724283108	false	1.0
schlecht	neg 1.0		neg 0.5469829235086089 off 0.4460347031283832 __DUMMY__ 0.006982373363007765	false	1.0
verhasst	neg 1.0		neg 0.5542077599118438 off 0.4388133879709757 __DUMMY__ 0.006978852117180497	false	1.0
beschweren	neg 1.0		neg 0.5524076700075721 off 0.4406020057418438 __DUMMY__ 0.006990324250583973	false	1.0
scheiden	neg 1.0		neg 0.549499120144035 off 0.44342080936863537 __DUMMY__ 0.007080070487329737	false	1.0
frustriert	neg 1.0		neg 0.5557204638559181 off 0.4372723932322551 __DUMMY__ 0.00700714291182684	false	1.0
schimmelig	neg 1.0		neg 0.5588050514309648 off 0.43417911742817067 __DUMMY__ 0.0070158311408644244	false	1.0
fisch	neg 1.0		neg 0.5572149967161334 off 0.43570971436688494 __DUMMY__ 0.007075288916981739	false	1.0
schmuggel	neg 1.0		neg 0.5591972818351135 off 0.43375427178502823 __DUMMY__ 0.007048446379858244	false	1.0
auffallen	neg 1.0		neg 0.5515851914590943 off 0.4414270548991564 __DUMMY__ 0.006987753641749267	false	1.0
konkurrenz	neg 1.0	neg 1.0	neg 0.7676198160873786 off 0.22902646415963018 __DUMMY__ 0.0033537197529911484	false	1.0
teufelskreis	neg 1.0	neg 1.0	neg 0.7652086123968416 off 0.23146984543548094 __DUMMY__ 0.003321542167677423	false	1.0
aufschreien	neg 1.0		neg 0.5528395013590246 off 0.4401920736547028 __DUMMY__ 0.006968424986272554	false	1.0
schuldner	neg 1.0		neg 0.5613027655683774 off 0.4316911289264354 __DUMMY__ 0.007006105505187103	false	1.0
missgeburt	off 1.0	off 1.0	off 0.7076224052442258 neg 0.2890995887850959 __DUMMY__ 0.0032780059706783377	false	1.0
arbeitslos	neg 1.0		neg 0.5586934834870421 off 0.43432987393264244 __DUMMY__ 0.006976642580315492	false	1.0
befallen	neg 1.0		neg 0.5591053644818175 off 0.4339327652399774 __DUMMY__ 0.006961870278205216	false	1.0
miesepetrig	off 1.0	off 1.0	off 0.7064400572555856 neg 0.2902394939774224 __DUMMY__ 0.0033204487669919952	false	1.0
alarmieren	neg 1.0		neg 0.5530572062712622 off 0.440023678511443 __DUMMY__ 0.0069191152172947	false	1.0
ungeduscht	off 1.0		neg 0.5495105339459627 off 0.44349504554085667 __DUMMY__ 0.006994420513180519	false	0.5
knappheit	neg 1.0		neg 0.5617357541597487 off 0.4313008812526075 __DUMMY__ 0.006963364587643712	false	1.0
schlange	neg 1.0		neg 0.5498570095418567 off 0.44310490586855034 __DUMMY__ 0.007038084589592977	false	1.0
harsch	neg 1.0		neg 0.5429298826257848 off 0.45010946622035936 __DUMMY__ 0.006960651153855752	false	1.0
lang	neg 1.0		neg 0.5546035021138428 off 0.4384037578651136 __DUMMY__ 0.006992740021043653	false	1.0
ziellos	neg 1.0		neg 0.5558914941641603 off 0.437071372091899 __DUMMY__ 0.007037133743940685	false	1.0
selbstverliebt	neg 1.0		neg 0.539394472605095 off 0.4537559548636909 __DUMMY__ 0.006849572531214133	false	1.0
beseitigen	neg 1.0	neg 1.0	neg 0.7641009730705226 off 0.23255199418415673 __DUMMY__ 0.003347032745320688	false	1.0
dumm	off 1.0		neg 0.5424953973565997 off 0.45059692469491813 __DUMMY__ 0.006907677948482242	false	0.5
arbeitsloser	neg 1.0		neg 0.5580461441532992 off 0.4349430098133105 __DUMMY__ 0.00701084603339024	false	1.0
blitzen	neg 1.0		neg 0.5521015889162431 off 0.4409314401456674 __DUMMY__ 0.006966970938089583	false	1.0
hilflos	neg 1.0		neg 0.5561624674458955 off 0.43682715656126836 __DUMMY__ 0.007010375992836129	false	1.0
eklig	off 1.0		neg 0.5418271441671207 off 0.4512692060545354 __DUMMY__ 0.006903649778343815	false	0.5
begriff			neg 0.5574722761871052 off 0.435550428270193 __DUMMY__ 0.00697729554270171	false	0.0
hungersnot	neg 1.0		neg 0.5583806032343347 off 0.4346395733341007 __DUMMY__ 0.006979823431564497	false	1.0
ungesetzlich	neg 1.0		neg 0.5576855629861699 off 0.43541738730812 __DUMMY__ 0.006897049705709955	false	1.0
verschwendung	neg 1.0		neg 0.5598044340462396 off 0.4331860843852086 __DUMMY__ 0.007009481568551722	false	1.0
schmerzvoll	neg 1.0		neg 0.5522839078652986 off 0.4407224913823488 __DUMMY__ 0.006993600752352709	false	1.0
vorzeitig	neg 1.0		neg 0.5506071137516011 off 0.44239875429463077 __DUMMY__ 0.006994131953768093	false	1.0
unvollkommenheit	neg 1.0		neg 0.5555214735281637 off 0.4374345614929325 __DUMMY__ 0.0070439649789036515	false	1.0
intervenieren	neg 1.0		neg 0.5629530998291321 off 0.4300838446454464 __DUMMY__ 0.006963055525421565	false	1.0
banause	off 1.0		neg 0.540979525041248 off 0.45215187341358215 __DUMMY__ 0.006868601545169743	false	0.5
rebell	neg 1.0		neg 0.5639584862788068 off 0.42902473155403104 __DUMMY__ 0.007016782167162285	false	1.0
unlogisch	neg 1.0		neg 0.5460454913221281 off 0.44701852753931715 __DUMMY__ 0.006935981138554791	false	1.0
leiden	neg 1.0		neg 0.5546119612371186 off 0.43827587787921995 __DUMMY__ 0.007112160883661464	false	1.0
abschaffung	neg 1.0		neg 0.5576546670694682 off 0.435410487220411 __DUMMY__ 0.006934845710120725	false	1.0
sturz	neg 1.0		neg 0.5548817833599563 off 0.4381200754251864 __DUMMY__ 0.006998141214857359	false	1.0
verkleinerung	neg 1.0		neg 0.5563328158593992 off 0.43677151803029074 __DUMMY__ 0.006895666110309967	false	1.0
schmarotzer	off 1.0		neg 0.5593379603059274 off 0.4336938269434086 __DUMMY__ 0.0069682127506639525	false	0.5
bestrafung	neg 1.0		neg 0.5536060647031281 off 0.4394113612920952 __DUMMY__ 0.006982574004776806	false	1.0
achtlos	neg 1.0		neg 0.5532424250897003 off 0.43973113010562215 __DUMMY__ 0.007026444804677524	false	1.0
