unsolidarisch	neg 1.0		__DUMMY__ 0.9182748758192936 neg 0.04802973464219635 off 0.03369538953851018	false	1.0
nachteilig	neg 1.0		__DUMMY__ 0.9241761445656533 neg 0.045455496447439535 off 0.030368358986907193	false	1.0
skeptisch	neg 1.0		__DUMMY__ 0.9252424902637731 neg 0.04484683291234967 off 0.029910676823877203	false	1.0
schrecklich	neg 1.0		__DUMMY__ 0.9217253355463907 off 0.04034876528199141 neg 0.037925899171617865	false	0.5
schlapp	neg 1.0	neg 1.0	neg 0.5052653497899293 __DUMMY__ 0.4613784743528595 off 0.033356175857211165	false	1.0
abfall	neg 1.0		__DUMMY__ 0.9266320472708208 neg 0.04547431003638419 off 0.027893642692795005	false	1.0
widerspenstig	neg 1.0		__DUMMY__ 0.9253190165666769 neg 0.041604916438164746 off 0.0330760669951584	false	1.0
abrupt	neg 1.0		__DUMMY__ 0.929618852932187 neg 0.04059448565045155 off 0.02978666141736142	false	1.0
unwirksam	neg 1.0		__DUMMY__ 0.9197977519809877 neg 0.046996066378335484 off 0.03320618164067693	false	1.0
angreifen	neg 1.0	neg 1.0	neg 0.510812935908074 __DUMMY__ 0.46168654371628975 off 0.02750052037563623	false	1.0
inkonsistent	neg 1.0		__DUMMY__ 0.9236551543223924 neg 0.04271693290841225 off 0.03362791276919531	false	1.0
abrutschen	neg 1.0		__DUMMY__ 0.9267757070491092 neg 0.04506002524085694 off 0.028164267710033983	false	1.0
unsicher	neg 1.0		__DUMMY__ 0.9253838329016071 neg 0.041105484320335534 off 0.033510682778057285	false	1.0
bauernkind	off 1.0	off 1.0	off 0.5062884016271676 __DUMMY__ 0.4547678682746621 neg 0.038943730098170294	false	1.0
angreifer	neg 1.0		__DUMMY__ 0.9255011714265299 neg 0.040103623252717255 off 0.03439520532075288	false	1.0
trennen	neg 1.0		__DUMMY__ 0.9307350880639562 neg 0.03900694233437766 off 0.030257969601666105	false	1.0
schmutz	neg 1.0		__DUMMY__ 0.9270677967976049 neg 0.03879843909823839 off 0.03413376410415678	false	1.0
inkonsistenz	neg 1.0		__DUMMY__ 0.9202709801914728 neg 0.043106201629192945 off 0.036622818179334334	false	1.0
erschreckend	neg 1.0		__DUMMY__ 0.9241490458346132 neg 0.043043940377489466 off 0.03280701378789733	false	1.0
ertrinken	neg 1.0		__DUMMY__ 0.9270590299353705 neg 0.04207069581746616 off 0.030870274247163352	false	1.0
pickelface	off 1.0		__DUMMY__ 0.9239160865827671 neg 0.044228245021018193 off 0.031855668396214586	false	0.5
seiner			__DUMMY__ 0.9272494642037078 neg 0.04259683928625497 off 0.030153696510037277	false	0.0
lauch	neg 1.0		__DUMMY__ 0.924427221719312 neg 0.04762084292081829 off 0.027951935359869676	false	1.0
unwichtig	neg 1.0		__DUMMY__ 0.9220216702864663 neg 0.04100568868021191 off 0.03697264103332177	false	1.0
steuerhinterziehung	neg 1.0		__DUMMY__ 0.9212886942784907 neg 0.04636939374508639 off 0.0323419119764229	false	1.0
schock	neg 1.0		__DUMMY__ 0.9279645172564439 neg 0.0393629914934623 off 0.03267249125009383	false	1.0
beule	neg 1.0		__DUMMY__ 0.9242111164091839 neg 0.039036388194267226 off 0.03675249539654892	false	1.0
vergelten	neg 1.0		__DUMMY__ 0.9243778759145331 off 0.03946643885107568 neg 0.036155685234391104	false	0.5
verdorbenheit	neg 1.0		__DUMMY__ 0.9254210746889502 neg 0.04207341328807681 off 0.03250551202297303	false	1.0
trauma	neg 1.0		__DUMMY__ 0.9237701193383644 neg 0.042121218906143024 off 0.03410866175549265	false	1.0
sinnlos	neg 1.0		__DUMMY__ 0.9245989621545067 neg 0.04025365808985783 off 0.03514737975563552	false	1.0
fettsack	off 1.0	off 1.0	off 0.5075652891686301 __DUMMY__ 0.4563299979661764 neg 0.03610471286519354	false	1.0
feige	off 1.0	off 1.0	off 0.5042615561595634 __DUMMY__ 0.45744703129762604 neg 0.03829141254281056	false	1.0
abdanken	neg 1.0		__DUMMY__ 0.922194988560069 neg 0.044641186251084576 off 0.03316382518884643	false	1.0
wichtigtuer	off 1.0	off 1.0	off 0.5022290708824093 __DUMMY__ 0.4593411007658599 neg 0.03842982835173073	false	1.0
misslingen	neg 1.0		__DUMMY__ 0.9298513493832512 neg 0.0364575382562698 off 0.033691112360478934	false	1.0
untreu	off 1.0		__DUMMY__ 0.9212127127726862 neg 0.04094622718431229 off 0.0378410600430015	false	0.5
missmutig	neg 1.0		__DUMMY__ 0.9237799480546187 neg 0.03936301548864837 off 0.036857036456732925	false	1.0
hurenbock	off 1.0		__DUMMY__ 0.9257539357088231 neg 0.04022374935390213 off 0.034022314937274624	false	0.5
betrunken	neg 1.0		__DUMMY__ 0.9244766389461778 off 0.03854885789734159 neg 0.03697450315648061	false	0.5
korrupt	off 1.0		__DUMMY__ 0.9201158577398495 neg 0.04786854128584763 off 0.03201560097430292	false	0.5
unmut	neg 1.0		__DUMMY__ 0.9260017873350325 neg 0.04585319116759746 off 0.02814502149737016	false	1.0
hackfresse	off 1.0		__DUMMY__ 0.9185698647238538 off 0.042859583409113576 neg 0.038570551867032565	false	1.0
aufblasen	neg 1.0		__DUMMY__ 0.926102899150799 neg 0.0397147638021851 off 0.03418233704701595	false	1.0
gewaltsam	neg 1.0		__DUMMY__ 0.9244122895389206 neg 0.04283329513221977 off 0.03275441532885953	false	1.0
unbeliebtheit	neg 1.0		__DUMMY__ 0.9165682281068399 neg 0.046563657343257875 off 0.03686811454990225	false	1.0
sturheit	neg 1.0		__DUMMY__ 0.9238456861111779 neg 0.04321790681962558 off 0.032936407069196524	false	1.0
kuh	neg 1.0		__DUMMY__ 0.9216739446448678 neg 0.04509475879481777 off 0.03323129656031435	false	1.0
erschrecken	neg 1.0		__DUMMY__ 0.9242619363192759 neg 0.039372777911900546 off 0.03636528576882353	false	1.0
opfer	neg 1.0		__DUMMY__ 0.926258491954464 neg 0.04267315152476065 off 0.031068356520775355	false	1.0
sinken	neg 1.0		__DUMMY__ 0.9277618914609498 neg 0.04387434890099069 off 0.028363759638059514	false	1.0
stinktier	neg 1.0		__DUMMY__ 0.9187106633086508 off 0.040678498668062134 neg 0.0406108380232871	false	0.5
tucke	off 1.0		__DUMMY__ 0.914587600839956 off 0.04311816442603528 neg 0.04229423473400875	false	1.0
ein			__DUMMY__ 0.9267711091455032 neg 0.03959677723003646 off 0.0336321136244604	false	0.0
abstieg	neg 1.0		__DUMMY__ 0.9281705716197338 neg 0.041486770276250404 off 0.03034265810401583	false	1.0
missverstehen	neg 1.0		__DUMMY__ 0.9218081987777301 neg 0.04275326949254025 off 0.035438531729729605	false	1.0
ergebnislos	neg 1.0		__DUMMY__ 0.9257081601942116 neg 0.043938447125341326 off 0.030353392680446956	false	1.0
unter			__DUMMY__ 0.9336616566445723 neg 0.04174248682270337 off 0.024595856532724288	false	0.0
manipulieren	neg 1.0		__DUMMY__ 0.9256931966500317 neg 0.04426699455416392 off 0.0300398087958044	false	1.0
unbewiesen	neg 1.0		__DUMMY__ 0.9175119344304551 neg 0.04852305329395487 off 0.03396501227559004	false	1.0
verschleppen	neg 1.0		__DUMMY__ 0.9245744298111779 neg 0.043827549438913975 off 0.0315980207499081	false	1.0
weib	off 1.0		__DUMMY__ 0.917898303468256 off 0.04283864516671989 neg 0.03926305136502408	false	1.0
opposition	neg 1.0		__DUMMY__ 0.9213711776014513 neg 0.0441567583203094 off 0.03447206407823936	false	1.0
verkehrswidrig	neg 1.0	neg 1.0	neg 0.4979224295591281 __DUMMY__ 0.46654964525042075 off 0.03552792519045116	false	1.0
inkorrekt	neg 1.0		__DUMMY__ 0.9174888186733217 neg 0.043546130920186096 off 0.03896505040649227	false	1.0
vermeiden	neg 1.0		__DUMMY__ 0.9303357917773794 neg 0.043449725590256116 off 0.026214482632364585	false	1.0
abweichung	neg 1.0	neg 1.0	neg 0.5092119183516955 __DUMMY__ 0.46296302656033417 off 0.027825055087970372	false	1.0
alkoholisiert	neg 1.0		__DUMMY__ 0.9346269002872727 neg 0.036271136358439586 off 0.02910196335428775	false	1.0
scheiss	off 1.0	off 1.0	off 0.5036071590711652 __DUMMY__ 0.4602614439019262 neg 0.03613139702690861	false	1.0
herausforderung	neg 1.0	neg 1.0	neg 0.5039658774553748 __DUMMY__ 0.4689540002311477 off 0.02708012231347759	false	1.0
pervers	off 1.0		__DUMMY__ 0.9172294578805007 off 0.04517474699500826 neg 0.03759579512449104	false	1.0
wackelig	neg 1.0		__DUMMY__ 0.9301844423848649 neg 0.03861571151101532 off 0.031199846104119765	false	1.0
verwickeln	neg 1.0		__DUMMY__ 0.9222207687706605 neg 0.04236547140826504 off 0.035413759821074475	false	1.0
vorwand	neg 1.0		__DUMMY__ 0.9257339741053527 neg 0.044861215023323076 off 0.029404810871324096	false	1.0
muschi	off 1.0		__DUMMY__ 0.9243910843478189 neg 0.04333850268540439 off 0.03227041296677668	false	0.5
entmutigung	neg 1.0		__DUMMY__ 0.9203765711700596 neg 0.044832042957240435 off 0.034791385872700045	false	1.0
unangemessen	neg 1.0		__DUMMY__ 0.9231752854199351 neg 0.04456683221671855 off 0.03225788236334634	false	1.0
unstetig	neg 1.0		__DUMMY__ 0.9241572030348323 neg 0.04220715296323413 off 0.03363564400193363	false	1.0
entmutigen	neg 1.0		__DUMMY__ 0.9249779395769264 neg 0.04059624085989434 off 0.03442581956317915	false	1.0
schwanz	neg 1.0		__DUMMY__ 0.9260746607062017 neg 0.044208419559456466 off 0.0297169197343419	false	1.0
verbot	neg 1.0		__DUMMY__ 0.9217222128837882 neg 0.04652111198315699 off 0.03175667513305477	false	1.0
leid	neg 1.0		__DUMMY__ 0.9209807470211359 off 0.04105567107177458 neg 0.03796358190708952	false	0.5
archaisch	neg 1.0		__DUMMY__ 0.9252321142669541 neg 0.04283104991348496 off 0.031936835819560985	false	1.0
gegen			__DUMMY__ 0.9277827978467308 neg 0.043153957691832535 off 0.029063244461436624	false	0.0
scheidung	neg 1.0		__DUMMY__ 0.9174785095427779 off 0.048035918738987514 neg 0.03448557171823456	false	0.5
einschlag	neg 1.0	neg 1.0	neg 0.503985081390189 __DUMMY__ 0.4603476049548942 off 0.03566731365491688	false	1.0
m			__DUMMY__ 0.926693864945151 neg 0.04172049819767347 off 0.03158563685717554	false	0.0
abgestanden	neg 1.0		__DUMMY__ 0.9247668955781237 neg 0.04216482945650143 off 0.03306827496537492	false	1.0
schmierig	off 1.0		__DUMMY__ 0.9211717229067128 off 0.04072617937901231 neg 0.03810209771427491	false	1.0
unpraktisch	neg 1.0		__DUMMY__ 0.9269810558118614 neg 0.03931395739717819 off 0.03370498679096047	false	1.0
wixxer	off 1.0		__DUMMY__ 0.9162307102645201 off 0.0450167013676657 neg 0.0387525883678143	false	1.0
bezeichnet			__DUMMY__ 0.9236034724914094 neg 0.04316784849784455 off 0.03322867901074599	false	0.0
jammerlappen	off 1.0		__DUMMY__ 0.9222079091582721 neg 0.04071202351034577 off 0.037080067331382194	false	0.5
farce	neg 1.0		__DUMMY__ 0.9211504337626287 neg 0.046558610276881 off 0.03229095596049038	false	1.0
zwecklos	neg 1.0		__DUMMY__ 0.9238746289889409 neg 0.04394370856088773 off 0.032181662450171296	false	1.0
turbulent	neg 1.0		__DUMMY__ 0.9211623222325164 neg 0.041595714816880576 off 0.037241962950603	false	1.0
invasion	neg 1.0		__DUMMY__ 0.9245053242513399 neg 0.04035333891960815 off 0.03514133682905202	false	1.0
schuld	neg 1.0		__DUMMY__ 0.9241212786667509 neg 0.04168092471788711 off 0.03419779661536203	false	1.0
risiko	neg 1.0		__DUMMY__ 0.9265958184711718 neg 0.03987944957856198 off 0.033524731950266326	false	1.0
finster	neg 1.0		__DUMMY__ 0.926043281612415 neg 0.04050211009732214 off 0.03345460829026286	false	1.0
geisteskrank	off 1.0		__DUMMY__ 0.9200609373155654 neg 0.04150913317720115 off 0.03842992950723352	false	0.5
zusammenbrechen	neg 1.0		__DUMMY__ 0.9263460662001395 neg 0.04121588624398928 off 0.032438047555871284	false	1.0
ausbeute	neg 1.0		__DUMMY__ 0.9310968029811709 neg 0.039478570228314844 off 0.029424626790514188	false	1.0
hinterhalt	neg 1.0		__DUMMY__ 0.9274782419774455 neg 0.04082901449704275 off 0.03169274352551169	false	1.0
kritik	neg 1.0		__DUMMY__ 0.921602572939843 neg 0.04620594458335789 off 0.03219148247679898	false	1.0
einschrumpfen	neg 1.0		__DUMMY__ 0.9193129207749622 neg 0.04504925581110061 off 0.03563782341393709	false	1.0
riskant	neg 1.0		__DUMMY__ 0.924324721894761 neg 0.044747622846266794 off 0.030927655258972207	false	1.0
frustrieren	neg 1.0		__DUMMY__ 0.9255471779815143 neg 0.04344726742264443 off 0.03100555459584125	false	1.0
groll	neg 1.0		__DUMMY__ 0.9254689396830709 neg 0.04256642070051857 off 0.03196463961641055	false	1.0
gibt			__DUMMY__ 0.9252462165958117 neg 0.04247361519104157 off 0.032280168213146665	false	0.0
qualvoll	neg 1.0		__DUMMY__ 0.9254115632124337 neg 0.038873209647969566 off 0.03571522713959676	false	1.0
wackeln	neg 1.0	neg 1.0	neg 0.5050814796574026 __DUMMY__ 0.46422423735640117 off 0.030694282986196388	false	1.0
klagen	neg 1.0		__DUMMY__ 0.926562462052706 neg 0.04496359610231145 off 0.02847394184498254	false	1.0
bankrott	neg 1.0		__DUMMY__ 0.9236536467476045 neg 0.040324742640542 off 0.036021610611853494	false	1.0
trauern	neg 1.0		__DUMMY__ 0.9281637263268366 neg 0.04100324144850627 off 0.0308330322246571	false	1.0
ablehnung	neg 1.0		__DUMMY__ 0.9213368229895459 neg 0.0463876548939983 off 0.032275522116455915	false	1.0
stur	neg 1.0		__DUMMY__ 0.9234081047584993 neg 0.04196116258109681 off 0.034630732660403854	false	1.0
aufruhr	neg 1.0		__DUMMY__ 0.9242624981265154 neg 0.042961835801340484 off 0.03277566607214414	false	1.0
melancholie	neg 1.0		__DUMMY__ 0.9276637844883416 neg 0.04119297353924667 off 0.03114324197241167	false	1.0
ist			__DUMMY__ 0.9242985870132829 neg 0.04097842309208849 off 0.03472298989462854	false	0.0
torheit	neg 1.0		__DUMMY__ 0.9220883445124206 neg 0.04368329835568931 off 0.03422835713189006	false	1.0
dreckskind	off 1.0		__DUMMY__ 0.917876531755126 off 0.04176219665860419 neg 0.040361271586269926	false	1.0
umtauschen	neg 1.0		__DUMMY__ 0.9260974510958181 neg 0.041388911333496065 off 0.03251363757068586	false	1.0
zum			__DUMMY__ 0.9352329540899637 neg 0.038567368004136474 off 0.026199677905899877	false	0.0
zersetzen	neg 1.0		__DUMMY__ 0.9240814038858317 neg 0.04598951693817915 off 0.029929079175989127	false	1.0
zur			__DUMMY__ 0.9301461761801431 neg 0.043817183310506456 off 0.02603664050935052	false	0.0
frust	neg 1.0		__DUMMY__ 0.9263517960030668 neg 0.041255928280442035 off 0.03239227571649122	false	1.0
unerbittlichkeit	neg 1.0		__DUMMY__ 0.9248917872733182 neg 0.045096942297868085 off 0.030011270428813654	false	1.0
zwei			__DUMMY__ 0.9328288376814927 neg 0.03935938649816242 off 0.02781177582034492	false	0.0
unkorrekt	neg 1.0		__DUMMY__ 0.9184635170978566 neg 0.04228271900859638 off 0.03925376389354708	false	1.0
hexe	off 1.0		__DUMMY__ 0.9229493924157643 neg 0.039878445231766015 off 0.03717216235246964	false	0.5
lasch	neg 1.0		__DUMMY__ 0.9211696367214597 neg 0.042500474332594705 off 0.036329888945945674	false	1.0
rivale	neg 1.0		__DUMMY__ 0.9234394598915624 off 0.038842049040152746 neg 0.03771849106828487	false	0.5
mutlos	off 1.0	off 1.0	off 0.49825568823303634 __DUMMY__ 0.46014505758136853 neg 0.0415992541855951	false	1.0
wirr	off 1.0		__DUMMY__ 0.9187654079645005 neg 0.041898559989637596 off 0.039336032045861856	false	0.5
jahr			__DUMMY__ 0.9327282015433447 neg 0.03820265105307522 off 0.029069147403580006	false	0.0
wird			__DUMMY__ 0.926586600882748 neg 0.0422937240739991 off 0.03111967504325288	false	0.0
strafbar	neg 1.0		__DUMMY__ 0.924000437842878 neg 0.04490465006843958 off 0.03109491208868244	false	1.0
erosion	neg 1.0		__DUMMY__ 0.9259423482631216 neg 0.04040802552630346 off 0.033649626210574955	false	1.0
eingehen	neg 1.0		__DUMMY__ 0.9235378170006829 neg 0.04472512758993674 off 0.03173705540938033	false	1.0
faul	off 1.0		__DUMMY__ 0.9244299937807803 neg 0.03953294038085916 off 0.03603706583836063	false	0.5
provisorium	neg 1.0		__DUMMY__ 0.9313621375863624 neg 0.04435667342083103 off 0.02428118899280661	false	1.0
schmerzen	neg 1.0		__DUMMY__ 0.9256655300950839 neg 0.04152390504135904 off 0.032810564863557046	false	1.0
schrumpfen	neg 1.0		__DUMMY__ 0.9277668165970069 neg 0.0457817015310942 off 0.02645148187189895	false	1.0
geistlos	off 1.0		__DUMMY__ 0.9184965618058712 neg 0.04579624129253035 off 0.03570719690159849	false	0.5
fehlkauf	neg 1.0		__DUMMY__ 0.9228652097092005 neg 0.042465671365235304 off 0.03466911892556408	false	1.0
frustrierend	neg 1.0		__DUMMY__ 0.9249423479666316 neg 0.03873369162359409 off 0.03632396040977434	false	1.0
unzufrieden	neg 1.0		__DUMMY__ 0.9239511648294024 neg 0.04393187696181308 off 0.03211695820878445	false	1.0
verzweifeln	neg 1.0		__DUMMY__ 0.9252760293032706 neg 0.04155030754865076 off 0.03317366314807869	false	1.0
verzweifelt	neg 1.0		__DUMMY__ 0.923243564384409 neg 0.042099899757075385 off 0.034656535858515546	false	1.0
misstrauensantrag	neg 1.0		__DUMMY__ 0.9219123672210043 neg 0.04318432181372334 off 0.034903310965272265	false	1.0
abfallen	neg 1.0		__DUMMY__ 0.9274516940112044 neg 0.03862082033787942 off 0.033927485650916134	false	1.0
fucker	off 1.0		__DUMMY__ 0.9202029926635306 neg 0.04102894384353184 off 0.03876806349293767	false	0.5
ungezogen	neg 1.0		__DUMMY__ 0.9194666054418591 off 0.04384533102592943 neg 0.03668806353221137	false	0.5
irrsinnig	neg 1.0	neg 1.0	neg 0.5087599763972764 __DUMMY__ 0.4599305896744725 off 0.03130943392825106	false	1.0
unfassbar	neg 1.0		__DUMMY__ 0.9224456157044725 neg 0.039986989489400944 off 0.03756739480612654	false	1.0
hart	neg 1.0		__DUMMY__ 0.9222226293842356 neg 0.042125443567450224 off 0.03565192704831418	false	1.0
widerlich	off 1.0		__DUMMY__ 0.9200879678564532 neg 0.04162457154288189 off 0.038287460600664916	false	0.5
fatal	neg 1.0		__DUMMY__ 0.9228732603200258 neg 0.04217775700655575 off 0.034948982673418415	false	1.0
bruch	neg 1.0		__DUMMY__ 0.9255512777417224 neg 0.04576978957970479 off 0.028678932678572727	false	1.0
aushungern	neg 1.0		__DUMMY__ 0.9219468191009925 neg 0.04500623648629066 off 0.03304694441271689	false	1.0
anspannung	neg 1.0	neg 1.0	neg 0.5056126253842264 __DUMMY__ 0.4701973429577298 off 0.024190031658043835	false	1.0
von			__DUMMY__ 0.9316266982749281 neg 0.039756036711020584 off 0.028617265014051298	false	0.0
kraftlos	neg 1.0		__DUMMY__ 0.9282291306249113 neg 0.040027777912821735 off 0.031743091462267004	false	1.0
vom			__DUMMY__ 0.934794433544375 neg 0.04057388772095165 off 0.024631678734673326	false	0.0
grenzdebil	off 1.0		__DUMMY__ 0.9222987995313013 neg 0.03948013419764319 off 0.03822106627105554	false	0.5
vor			__DUMMY__ 0.9276941806444098 neg 0.04298659912158072 off 0.02931922023400954	false	0.0
unterwerfen	neg 1.0		__DUMMY__ 0.9260900408240944 neg 0.043071629550592884 off 0.030838329625312792	false	1.0
versenkung	neg 1.0		__DUMMY__ 0.925302553785687 neg 0.04395182434025586 off 0.030745621874057095	false	1.0
entziehen	neg 1.0		__DUMMY__ 0.9264124846332323 neg 0.04465887982099102 off 0.02892863554577671	false	1.0
finanzkrise	neg 1.0		__DUMMY__ 0.9203580828478743 neg 0.046914955658483005 off 0.03272696149364268	false	1.0
schimpfend	neg 1.0		__DUMMY__ 0.9286409647882482 neg 0.03775291840660287 off 0.03360611680514892	false	1.0
profan	neg 1.0		__DUMMY__ 0.9233127213575082 neg 0.041201120597810614 off 0.03548615804468119	false	1.0
korruption	neg 1.0	neg 1.0	neg 0.5125624446683047 __DUMMY__ 0.4586481188318155 off 0.028789436499879802	false	1.0
â			__DUMMY__ 0.9263599759703048 neg 0.042847154474939364 off 0.030792869554755818	false	0.0
schmutzig	neg 1.0		__DUMMY__ 0.9228971305528978 neg 0.03934493492342425 off 0.037757934523677934	false	1.0
sexy	neg 1.0		__DUMMY__ 0.9232964976186525 neg 0.04073849430080539 off 0.035965008080542114	false	1.0
abraten	neg 1.0		__DUMMY__ 0.9238848791189969 neg 0.04144091836100793 off 0.03467420251999525	false	1.0
schwarz	neg 1.0		__DUMMY__ 0.9232336530925821 neg 0.042289216448189025 off 0.034477130459228914	false	1.0
fotze	off 1.0		__DUMMY__ 0.9247405020857593 neg 0.0446194505495743 off 0.03064004736466631	false	0.5
verwirren	neg 1.0		__DUMMY__ 0.9234968416533675 neg 0.040785797621186816 off 0.03571736072544565	false	1.0
zahnlos	off 1.0		__DUMMY__ 0.9235513559194208 neg 0.04431051753470446 off 0.03213812654587466	false	0.5
verheeren	neg 1.0		__DUMMY__ 0.91879290417533 off 0.04480052953899321 neg 0.036406566285676775	false	0.5
hippie	neg 1.0		__DUMMY__ 0.9227307337508198 neg 0.041590164044575106 off 0.03567910220460509	false	1.0
rammen	neg 1.0		__DUMMY__ 0.92283571970177 neg 0.04372227150465132 off 0.033442008793578636	false	1.0
unlauter	neg 1.0		__DUMMY__ 0.9196913374898165 neg 0.04639392167329427 off 0.03391474083688929	false	1.0
unheilvoll	neg 1.0		__DUMMY__ 0.9267310040473664 neg 0.03853852649126482 off 0.03473046946136878	false	1.0
niedrig	neg 1.0		__DUMMY__ 0.925891318088978 neg 0.04430742891302176 off 0.029801252998000297	false	1.0
explosion	neg 1.0		__DUMMY__ 0.9227195566451888 neg 0.04212075902728343 off 0.03515968432752784	false	1.0
weichei	off 1.0		__DUMMY__ 0.9185500615431577 off 0.04168085008825426 neg 0.03976908836858814	false	1.0
minusmensch	off 1.0		__DUMMY__ 0.9126316588903003 off 0.04504424499848548 neg 0.04232409611121427	false	1.0
farblos	neg 1.0		__DUMMY__ 0.929982229373312 neg 0.03805190020156971 off 0.03196587042511834	false	1.0
unwissend	neg 1.0	neg 1.0	neg 0.5069638470632081 __DUMMY__ 0.45900319496353215 off 0.03403295797325991	false	1.0
traurig	neg 1.0		__DUMMY__ 0.9224392614661419 off 0.03960148670727353 neg 0.03795925182658465	false	0.5
senkung	neg 1.0		__DUMMY__ 0.9208255546505877 neg 0.04386274542734649 off 0.03531169992206587	false	1.0
ungleich	neg 1.0	neg 1.0	neg 0.5117617657278142 __DUMMY__ 0.46033916345338816 off 0.02789907081879758	false	1.0
heikel	neg 1.0		__DUMMY__ 0.9246640596017215 neg 0.04532558539124285 off 0.03001035500703575	false	1.0
drosselung	neg 1.0		__DUMMY__ 0.9225975879247102 neg 0.03973391961767945 off 0.037668492457610336	false	1.0
falsch	neg 1.0		__DUMMY__ 0.9232848476382454 neg 0.04025489394171301 off 0.03646025842004159	false	1.0
unzufriedenheit	neg 1.0		__DUMMY__ 0.9255739981516112 neg 0.04473510644897424 off 0.029690895399414507	false	1.0
kurz	neg 1.0		__DUMMY__ 0.9285358153428437 neg 0.039494857690092665 off 0.031969326967063644	false	1.0
unsinnig	neg 1.0		__DUMMY__ 0.9225645038630235 neg 0.044974639530832944 off 0.03246085660614353	false	1.0
penner	off 1.0	off 1.0	off 0.5094499577738365 __DUMMY__ 0.45571391578517356 neg 0.03483612644098988	false	1.0
seicht	neg 1.0		__DUMMY__ 0.9159703939316434 off 0.044129738007280865 neg 0.03989986806107574	false	0.5
dummheit	off 1.0	off 1.0	off 0.5024500309673943 __DUMMY__ 0.4584079000201836 neg 0.03914206901242215	false	1.0
unerfreulich	neg 1.0		__DUMMY__ 0.9267772575696954 neg 0.04406462488540158 off 0.029158117544902988	false	1.0
motherfucker	off 1.0	off 1.0	off 0.5053802941579447 __DUMMY__ 0.45664551197099346 neg 0.037974193871061886	false	1.0
pikiert	neg 1.0		__DUMMY__ 0.9200498796017724 neg 0.042452220280508386 off 0.037497900117719286	false	1.0
wrack	neg 1.0		__DUMMY__ 0.9303735244397592 neg 0.03962512418100148 off 0.030001351379239434	false	1.0
gangster	neg 1.0		__DUMMY__ 0.9235033294825238 neg 0.04118438445542826 off 0.03531228606204787	false	1.0
krank	neg 1.0		__DUMMY__ 0.924154688903606 off 0.03814505032239798 neg 0.037700260773996117	false	0.5
reich	neg 1.0		__DUMMY__ 0.9218054108052736 neg 0.04173956017701933 off 0.03645502901770708	false	1.0
gnadenlos	neg 1.0		__DUMMY__ 0.9243383782764706 neg 0.04144260972588794 off 0.034219011997641394	false	1.0
niedergeschlagen	neg 1.0		__DUMMY__ 0.9268284679215358 neg 0.04083294094516258 off 0.032338591133301654	false	1.0
terrorisieren	off 1.0	off 1.0	off 0.4984501073857483 __DUMMY__ 0.462160543797272 neg 0.039389348816979676	false	1.0
sinnlosigkeit	neg 1.0		__DUMMY__ 0.9246681932419932 neg 0.04318232288502673 off 0.032149483872980056	false	1.0
behindern	neg 1.0		__DUMMY__ 0.9236444308804617 neg 0.04367054674222628 off 0.03268502237731207	false	1.0
undemokratisch	neg 1.0		__DUMMY__ 0.9204891058682 neg 0.04513288561266217 off 0.034378008519137825	false	1.0
wirtschaftskrise	neg 1.0		__DUMMY__ 0.9229981450309995 neg 0.04585197245193217 off 0.031149882517068343	false	1.0
neid	neg 1.0		__DUMMY__ 0.9270055417726739 off 0.03667383339729069 neg 0.03632062483003545	false	0.5
rutschen	neg 1.0	neg 1.0	neg 0.5052856005873217 __DUMMY__ 0.46949076765569386 off 0.025223631756984482	false	1.0
rezession	neg 1.0		__DUMMY__ 0.9160296810134952 neg 0.04351310208480065 off 0.04045721690170413	false	1.0
fehlgeburt	neg 1.0		__DUMMY__ 0.9261771065157047 neg 0.03918240210856205 off 0.034640491375733246	false	1.0
charakterschwach	off 1.0		__DUMMY__ 0.921306379130472 neg 0.04058214620087186 off 0.038111474668656165	false	0.5
isolation	neg 1.0		__DUMMY__ 0.9249039543408379 neg 0.03891201439733105 off 0.036184031261831076	false	1.0
ablenkung	neg 1.0		__DUMMY__ 0.9252255438794483 neg 0.04115724284329554 off 0.03361721327725609	false	1.0
pech	neg 1.0		__DUMMY__ 0.9247803349374384 neg 0.03947050871560578 off 0.03574915634695585	false	1.0
vermeidung	neg 1.0		__DUMMY__ 0.9202633012935418 neg 0.04173979787587397 off 0.03799690083058422	false	1.0
dominieren	neg 1.0		__DUMMY__ 0.9293033127213663 neg 0.03986136694487393 off 0.03083532033375965	false	1.0
schwindlig	neg 1.0		__DUMMY__ 0.9274033940961736 neg 0.03797054324644102 off 0.03462606265738541	false	1.0
lutscher	neg 1.0	neg 1.0	neg 0.5053446910391294 __DUMMY__ 0.4542649378900869 off 0.04039037107078359	false	1.0
pflicht	neg 1.0		__DUMMY__ 0.925387488456533 neg 0.04452350651045083 off 0.03008900503301622	false	1.0
faschist	off 1.0		__DUMMY__ 0.920180273760123 neg 0.04386314313657594 off 0.035956583103301035	false	0.5
verschleudern	neg 1.0		__DUMMY__ 0.9210003994661151 neg 0.04836091029126287 off 0.030638690242622096	false	1.0
wenn			__DUMMY__ 0.9232689848084723 neg 0.040068691546780076 off 0.0366623236447476	false	0.0
ehebruch	neg 1.0		__DUMMY__ 0.924219705009776 neg 0.0444461117759257 off 0.031334183214298206	false	1.0
spott	off 1.0		__DUMMY__ 0.9235722380329552 neg 0.0454298367948858 off 0.03099792517215903	false	0.5
trostlosigkeit	neg 1.0		__DUMMY__ 0.9264126196267819 neg 0.044594080045072086 off 0.028993300328146034	false	1.0
lutschen	neg 1.0		__DUMMY__ 0.921529620048285 neg 0.04323204468907363 off 0.03523833526264142	false	1.0
undiszipliniert	neg 1.0		__DUMMY__ 0.9222810163554953 off 0.038910002649251506 neg 0.0388089809952532	false	0.5
kopfschmerz	neg 1.0		__DUMMY__ 0.9274665605947504 neg 0.040753024040895106 off 0.031780415364354504	false	1.0
unvorhergesehen	neg 1.0		__DUMMY__ 0.9309428268012327 neg 0.03891741443685244 off 0.030139758761914836	false	1.0
desinteressiert	neg 1.0		__DUMMY__ 0.9209187100942251 neg 0.0401391996589162 off 0.03894209024685869	false	1.0
armselig	off 1.0		__DUMMY__ 0.9186748213686735 neg 0.04151022294144962 off 0.03981495568987689	false	0.5
desaster	neg 1.0		__DUMMY__ 0.925543392584515 neg 0.04614122938647818 off 0.028315378029006757	false	1.0
tod	neg 1.0		__DUMMY__ 0.9269313554378967 neg 0.04233878018937739 off 0.030729864372725884	false	1.0
herzlos	neg 1.0		__DUMMY__ 0.9201357259802313 off 0.04002634295935553 neg 0.03983793106041318	false	0.5
unwissenheit	neg 1.0		__DUMMY__ 0.9225030315025048 neg 0.045448546617961876 off 0.032048421879533426	false	1.0
widersinnig	neg 1.0	neg 1.0	neg 0.5124168703412045 __DUMMY__ 0.45796916714670977 off 0.029613962512085663	false	1.0
bedenklich	neg 1.0		__DUMMY__ 0.9241409062259826 neg 0.04475669153813514 off 0.031102402235882322	false	1.0
beanstanden	neg 1.0		__DUMMY__ 0.925937729496441 neg 0.04450814284278946 off 0.029554127660769477	false	1.0
panisch	neg 1.0	neg 1.0	neg 0.5029231756671366 __DUMMY__ 0.46516581203511875 off 0.031911012297744595	false	1.0
debil	off 1.0		__DUMMY__ 0.9286801636415526 neg 0.04583980924826171 off 0.0254800271101857	false	0.5
abstrich	neg 1.0		__DUMMY__ 0.9253232715734682 neg 0.04453411143264755 off 0.0301426169938842	false	1.0
primitiv	neg 1.0		__DUMMY__ 0.9201197411030976 neg 0.04125275688368088 off 0.03862750201322161	false	1.0
abschaum	off 1.0	off 1.0	off 0.503943133595447 __DUMMY__ 0.4584632281516242 neg 0.03759363825292887	false	1.0
provozieren	neg 1.0		__DUMMY__ 0.9232314334191452 neg 0.0426734086270706 off 0.03409515795378432	false	1.0
tot	neg 1.0		__DUMMY__ 0.9268818529160413 neg 0.042985883133861355 off 0.03013226395009741	false	1.0
instabil	neg 1.0		__DUMMY__ 0.9182428139225803 neg 0.043303625351317855 off 0.03845356072610176	false	1.0
schwuchtel	off 1.0		__DUMMY__ 0.913194853089703 off 0.04803709809698489 neg 0.03876804881331209	false	1.0
zerren	neg 1.0		__DUMMY__ 0.9269873028256432 neg 0.04045439687436501 off 0.03255830029999176	false	1.0
kinderficker	off 1.0		__DUMMY__ 0.9176672330833311 off 0.04169388089240819 neg 0.0406388860242607	false	1.0
gefahr	neg 1.0		__DUMMY__ 0.9258188082018187 neg 0.04439293727391965 off 0.029788254524261714	false	1.0
rabiat	neg 1.0		__DUMMY__ 0.9229380896281766 neg 0.04344687936523863 off 0.0336150310065847	false	1.0
verlangsamung	neg 1.0		__DUMMY__ 0.9168394932595944 off 0.042943140600553265 neg 0.04021736613985248	false	0.5
ausgestorben	neg 1.0		__DUMMY__ 0.9262567592990506 neg 0.04074081077967734 off 0.033002429921271934	false	1.0
anklagen	neg 1.0		__DUMMY__ 0.9232312568960198 neg 0.04438269565718286 off 0.03238604744679727	false	1.0
trott	neg 1.0		__DUMMY__ 0.9254748944908405 neg 0.04168748496993328 off 0.032837620539226106	false	1.0
verminderung	neg 1.0		__DUMMY__ 0.9210309491742519 neg 0.04043443387282954 off 0.03853461695291863	false	1.0
nach			__DUMMY__ 0.9340088216036168 neg 0.03943012013392169 off 0.02656105826246164	false	0.0
rost	neg 1.0		__DUMMY__ 0.919474957927553 off 0.04172668886495277 neg 0.038798353207494224	false	0.5
destruktiv	neg 1.0		__DUMMY__ 0.921866922408331 neg 0.04477244646424837 off 0.03336063112742064	false	1.0
unzumutbarkeit	neg 1.0		__DUMMY__ 0.9241040149061313 neg 0.03920829796222543 off 0.03668768713164333	false	1.0
labil	off 1.0	off 1.0	off 0.5039146303720423 __DUMMY__ 0.45818891449522925 neg 0.03789645513272851	false	1.0
ziemlich	neg 1.0		__DUMMY__ 0.9237714408398369 neg 0.038445342607174714 off 0.037783216552988504	false	1.0
lachnummer	off 1.0		__DUMMY__ 0.9236007063000664 neg 0.042760618995903506 off 0.03363867470403004	false	0.5
oder			__DUMMY__ 0.9266299713381063 neg 0.03999022426943411 off 0.033379804392459654	false	0.0
verfall	neg 1.0		__DUMMY__ 0.926585840675018 neg 0.04699134041560322 off 0.02642281890937867	false	1.0
ausgrenzung	neg 1.0		__DUMMY__ 0.9195785171497478 neg 0.04554192135415203 off 0.034879561496100234	false	1.0
unordnung	neg 1.0		__DUMMY__ 0.9236914951167384 neg 0.039098785329214195 off 0.037209719554047345	false	1.0
fehlverhalten	neg 1.0		__DUMMY__ 0.9243657738625305 neg 0.04532080086024907 off 0.03031342527722047	false	1.0
eine			__DUMMY__ 0.926770049508181 neg 0.04372569577752481 off 0.029504254714294204	false	0.0
nille	neg 1.0		__DUMMY__ 0.9245793488317859 neg 0.04273674872924147 off 0.03268390243897262	false	1.0
qual	neg 1.0		__DUMMY__ 0.9250680784045432 neg 0.042192287714917426 off 0.032739633880539375	false	1.0
verschwenden	neg 1.0		__DUMMY__ 0.9242212459495064 neg 0.044479937484717964 off 0.031298816565775704	false	1.0
riesig	neg 1.0	neg 1.0	neg 0.507731669595932 __DUMMY__ 0.46434720196653806 off 0.02792112843753	false	1.0
verurteilen	neg 1.0		__DUMMY__ 0.9233604817862193 neg 0.04452238304077711 off 0.03211713517300354	false	1.0
klischee	neg 1.0	neg 1.0	neg 0.5089527688041287 __DUMMY__ 0.45796389610822835 off 0.03308333508764305	false	1.0
diktatorisch	neg 1.0		__DUMMY__ 0.9187248495937981 neg 0.04641140771992952 off 0.03486374268627242	false	1.0
vorhersehbar	neg 1.0	neg 1.0	neg 0.5083050984479289 __DUMMY__ 0.45902269396985584 off 0.032672207582215194	false	1.0
sowie			__DUMMY__ 0.9177676979496548 off 0.041488343033513383 neg 0.04074395901683176	false	0.0
stornieren	neg 1.0		__DUMMY__ 0.9300475010125856 neg 0.036286923861055 off 0.033665575126359426	false	1.0
besteuerung	neg 1.0		__DUMMY__ 0.9206144291404992 neg 0.04566295793585395 off 0.033722612923646825	false	1.0
ungeschminkt	neg 1.0		__DUMMY__ 0.9207920200673939 neg 0.0415731917733805 off 0.03763478815922558	false	1.0
kritisch	neg 1.0		__DUMMY__ 0.9247172239867235 neg 0.0442305921204425 off 0.031052183892834002	false	1.0
schlamperei	off 1.0		__DUMMY__ 0.9235423507816087 neg 0.04618705320999234 off 0.030270596008398924	false	0.5
sucht	neg 1.0	neg 1.0	neg 0.5075176317062631 __DUMMY__ 0.46261725836657935 off 0.029865109927157504	false	1.0
egoistisch	off 1.0		__DUMMY__ 0.9201499642450311 off 0.04182331860159456 neg 0.038026717153374225	false	1.0
ausbeuter	off 1.0		__DUMMY__ 0.9228775354562084 neg 0.04690112935823779 off 0.030221335185553717	false	0.5
arschgeburt	off 1.0		__DUMMY__ 0.9125966588011054 off 0.04834437197338425 neg 0.039058969225510325	false	1.0
schubs	neg 1.0	neg 1.0	neg 0.5063717420413234 __DUMMY__ 0.46526684547973457 off 0.028361412478942024	false	1.0
unsolide	neg 1.0		__DUMMY__ 0.9158999521114934 neg 0.048920682367323096 off 0.03517936552118348	false	1.0
beschwerde	neg 1.0		__DUMMY__ 0.9231052385693568 neg 0.0465768370525914 off 0.03031792437805189	false	1.0
stocken	neg 1.0		__DUMMY__ 0.9242413158915765 neg 0.04502743118129746 off 0.030731252927126033	false	1.0
isolieren	neg 1.0		__DUMMY__ 0.923955509441946 neg 0.04447380203161445 off 0.03157068852643955	false	1.0
unheilbar	neg 1.0		__DUMMY__ 0.9260210153558298 neg 0.040050877936264315 off 0.03392810670790589	false	1.0
pisser	off 1.0		__DUMMY__ 0.9203065662995638 neg 0.04094315867467781 off 0.03875027502575845	false	0.5
löschen	neg 1.0		__DUMMY__ 0.9245256074501236 neg 0.04219272273956563 off 0.033281669810310784	false	1.0
durchfallen	neg 1.0		__DUMMY__ 0.9230554135564084 neg 0.0449860735494319 off 0.0319585128941597	false	1.0
wichser	off 1.0		__DUMMY__ 0.9176637346675851 off 0.045342948033547624 neg 0.036993317298867325	false	1.0
terror	neg 1.0		__DUMMY__ 0.9246729886519247 neg 0.04020453344555159 off 0.0351224779025238	false	1.0
krass	neg 1.0		__DUMMY__ 0.9202876627026266 off 0.040030693087156954 neg 0.039681644210216305	false	0.5
revolte	neg 1.0	neg 1.0	neg 0.5100766151918692 __DUMMY__ 0.45784056451878263 off 0.03208282028934814	false	1.0
besorgt	neg 1.0		__DUMMY__ 0.9286749331715418 neg 0.03949494502410001 off 0.031830121804358125	false	1.0
nachlassen	neg 1.0		__DUMMY__ 0.9263607947622725 neg 0.04350690450073411 off 0.030132300736993314	false	1.0
alt	neg 1.0		__DUMMY__ 0.926708522824182 neg 0.04283092982834185 off 0.03046054734747621	false	1.0
hundesohn	off 1.0		__DUMMY__ 0.9153544370366922 off 0.04462215312644692 neg 0.04002340983686086	false	1.0
als			__DUMMY__ 0.927238324364314 neg 0.04071561006264578 off 0.032046065573040315	false	0.0
abschreckung	neg 1.0		__DUMMY__ 0.9257037228281854 neg 0.04510970177901095 off 0.029186575392803737	false	1.0
unqualifiziert	neg 1.0		__DUMMY__ 0.9198700896016566 neg 0.043906760018429025 off 0.03622315037991441	false	1.0
abgewichst	off 1.0		__DUMMY__ 0.9256776432185244 neg 0.04225423725371054 off 0.032068119527764984	false	0.5
schwer	neg 1.0		__DUMMY__ 0.9251686352929215 neg 0.04141682956963397 off 0.03341453513744448	false	1.0
bedeutungslosigkeit	neg 1.0		__DUMMY__ 0.9253399749024532 neg 0.044799394413965896 off 0.029860630683580816	false	1.0
kapitulation	neg 1.0		__DUMMY__ 0.9213032821787749 neg 0.04772708929849868 off 0.030969628522726455	false	1.0
unscharf	neg 1.0		__DUMMY__ 0.9238579680738113 neg 0.041578562040420416 off 0.03456346988576832	false	1.0
schwinden	neg 1.0		__DUMMY__ 0.9259541753844006 neg 0.044378722097790944 off 0.02966710251780848	false	1.0
versklavung	neg 1.0		__DUMMY__ 0.918796665422933 neg 0.04673649843729836 off 0.03446683613976851	false	1.0
schlecht	neg 1.0		__DUMMY__ 0.9238317805937337 neg 0.03823946663589017 off 0.037928752770376134	false	1.0
verhasst	neg 1.0		__DUMMY__ 0.9236175859134695 neg 0.042002625936693495 off 0.03437978814983694	false	1.0
beschweren	neg 1.0		__DUMMY__ 0.924273402347978 neg 0.040836145416411014 off 0.034890452235611075	false	1.0
scheiden	neg 1.0		__DUMMY__ 0.9317265575184325 neg 0.03512104723599943 off 0.03315239524556804	false	1.0
frustriert	neg 1.0		__DUMMY__ 0.9254340814482044 neg 0.041876450522228506 off 0.032689468029567084	false	1.0
schimmelig	neg 1.0		__DUMMY__ 0.9270894516502122 neg 0.04314039854777429 off 0.029770149802013552	false	1.0
fisch	neg 1.0		__DUMMY__ 0.9318419619950926 neg 0.0394182764220694 off 0.028739761582837996	false	1.0
schmuggel	neg 1.0		__DUMMY__ 0.9289341279044666 neg 0.041500712842370814 off 0.02956515925316251	false	1.0
auffallen	neg 1.0		__DUMMY__ 0.9241367200210477 neg 0.04054033764664563 off 0.03532294233230659	false	1.0
konkurrenz	neg 1.0	neg 1.0	neg 0.5091506110427402 __DUMMY__ 0.46440105390678577 off 0.026448335050474073	false	1.0
teufelskreis	neg 1.0	neg 1.0	neg 0.5095225566065134 __DUMMY__ 0.4603202178273169 off 0.030157225566169683	false	1.0
aufschreien	neg 1.0		__DUMMY__ 0.9228295939520069 neg 0.04187380852384059 off 0.035296597524152526	false	1.0
schuldner	neg 1.0		__DUMMY__ 0.9259987686646357 neg 0.044170489458397716 off 0.029830741876966507	false	1.0
missgeburt	off 1.0	off 1.0	off 0.5077594661612297 __DUMMY__ 0.45558525555972434 neg 0.03665527827904599	false	1.0
arbeitslos	neg 1.0		__DUMMY__ 0.9231912445646799 neg 0.04459692117102964 off 0.03221183426429038	false	1.0
befallen	neg 1.0		__DUMMY__ 0.9226252377803231 neg 0.045077689933151366 off 0.03229707228652561	false	1.0
miesepetrig	off 1.0	off 1.0	off 0.5041342142551718 __DUMMY__ 0.46061382053579913 neg 0.03525196520902891	false	1.0
alarmieren	neg 1.0		__DUMMY__ 0.9193709389748768 neg 0.043553091216082786 off 0.0370759698090405	false	1.0
ungeduscht	off 1.0		__DUMMY__ 0.9253063875186013 neg 0.039249255553328456 off 0.03544435692807031	false	0.5
knappheit	neg 1.0		__DUMMY__ 0.9227912851916281 neg 0.04642726265849353 off 0.030781452149878347	false	1.0
schlange	neg 1.0		__DUMMY__ 0.9278511618251802 neg 0.03756569695119968 off 0.03458314122362018	false	1.0
harsch	neg 1.0		__DUMMY__ 0.9223493077679641 off 0.040726369924967185 neg 0.036924322307068665	false	0.5
lang	neg 1.0		__DUMMY__ 0.9245459796760265 neg 0.04185800141704865 off 0.03359601890692495	false	1.0
ziellos	neg 1.0		__DUMMY__ 0.9275938043192492 neg 0.040801637733914944 off 0.03160455794683584	false	1.0
selbstverliebt	neg 1.0		__DUMMY__ 0.9143296079281157 off 0.04618686055249457 neg 0.03948353151938971	false	0.5
beseitigen	neg 1.0	neg 1.0	neg 0.5062815655453335 __DUMMY__ 0.4640604190332271 off 0.029658015421439393	false	1.0
dumm	off 1.0		__DUMMY__ 0.9186004454470809 off 0.04251465463707179 neg 0.03888489991584735	false	1.0
arbeitsloser	neg 1.0		__DUMMY__ 0.9259470476970695 neg 0.042444796547019416 off 0.03160815575591113	false	1.0
blitzen	neg 1.0		__DUMMY__ 0.922873666704993 neg 0.04134144128634549 off 0.03578489200866154	false	1.0
hilflos	neg 1.0		__DUMMY__ 0.9257969009330475 neg 0.04194922175685771 off 0.03225387731009491	false	1.0
eklig	off 1.0		__DUMMY__ 0.9183905923066528 off 0.042887699096480915 neg 0.03872170859686625	false	1.0
begriff			__DUMMY__ 0.9235544957457109 neg 0.043763430848340966 off 0.03268207340594811	false	0.0
hungersnot	neg 1.0		__DUMMY__ 0.9240745523823417 neg 0.04373580822967113 off 0.03218963938798711	false	1.0
ungesetzlich	neg 1.0		__DUMMY__ 0.9177401556524949 neg 0.046645211484711055 off 0.035614632862794114	false	1.0
verschwendung	neg 1.0		__DUMMY__ 0.9257278381048221 neg 0.043812619849826824 off 0.030459542045351177	false	1.0
schmerzvoll	neg 1.0		__DUMMY__ 0.9245251080815898 neg 0.040702613234038 off 0.034772278684372236	false	1.0
vorzeitig	neg 1.0		__DUMMY__ 0.9250987252652975 neg 0.03928621923152438 off 0.035615055503178165	false	1.0
unvollkommenheit	neg 1.0		__DUMMY__ 0.9288845445073312 neg 0.0397936270120902 off 0.03132182848057856	false	1.0
intervenieren	neg 1.0		__DUMMY__ 0.9226002373670715 neg 0.04695050852178764 off 0.030449254111140828	false	1.0
banause	off 1.0		__DUMMY__ 0.9158327046335707 off 0.04446542064046174 neg 0.03970187472596751	false	1.0
rebell	neg 1.0		__DUMMY__ 0.9268453205294718 neg 0.04563768843140289 off 0.027516991039125298	false	1.0
unlogisch	neg 1.0		__DUMMY__ 0.920604872600556 off 0.0397657761352975 neg 0.039629351264146455	false	0.5
leiden	neg 1.0		__DUMMY__ 0.9338308722942847 neg 0.036735398711496156 off 0.029433728994219133	false	1.0
abschaffung	neg 1.0		__DUMMY__ 0.9206872233093096 neg 0.0454212995091713 off 0.03389147718151899	false	1.0
sturz	neg 1.0		__DUMMY__ 0.9252452936378618 neg 0.041443520418500294 off 0.0333111859436379	false	1.0
verkleinerung	neg 1.0		__DUMMY__ 0.9177704562884691 neg 0.04643206147250243 off 0.035797482239028476	false	1.0
schmarotzer	off 1.0		__DUMMY__ 0.9228221540246371 neg 0.04505385747047353 off 0.0321239885048894	false	0.5
bestrafung	neg 1.0		__DUMMY__ 0.923915972543973 neg 0.0414561015627658 off 0.03462792589326121	false	1.0
achtlos	neg 1.0		__DUMMY__ 0.9269264519980115 neg 0.03980297930736435 off 0.033270568694624275	false	1.0
