unsolidarisch	neg 1.0		neg 0.5602971121749989 off 0.43279838100314544 __DUMMY__ 0.006904506821855559	false	1.0
nachteilig	neg 1.0		neg 0.5613193690217987 off 0.43169648912476044 __DUMMY__ 0.006984141853440913	false	1.0
skeptisch	neg 1.0		neg 0.5613261339941727 off 0.431671272074678 __DUMMY__ 0.007002593931149259	false	1.0
schrecklich	neg 1.0		neg 0.5439508264572749 off 0.4490976079181593 __DUMMY__ 0.006951565624565903	false	1.0
schlapp	neg 1.0	neg 1.0	neg 0.760682706312286 off 0.2359907221436163 __DUMMY__ 0.0033265715440977768	false	1.0
abfall	neg 1.0		neg 0.5638404033753005 off 0.4291371491767834 __DUMMY__ 0.007022447447916206	false	1.0
widerspenstig	neg 1.0		neg 0.5544039749218759 off 0.43859566095113767 __DUMMY__ 0.0070003641269863	false	1.0
abrupt	neg 1.0		neg 0.5574531845123536 off 0.43548940227927835 __DUMMY__ 0.007057413208368059	false	1.0
unwirksam	neg 1.0		neg 0.559103591734774 off 0.43397308511089483 __DUMMY__ 0.006923323154331128	false	1.0
angreifen	neg 1.0	neg 1.0	neg 0.7675877877597891 off 0.22907962483277625 __DUMMY__ 0.0033325874074345554	false	1.0
inkonsistent	neg 1.0		neg 0.5549231369568922 off 0.4381037106828729 __DUMMY__ 0.006973152360234872	false	1.0
abrutschen	neg 1.0		neg 0.5631680078633051 off 0.42980589536031016 __DUMMY__ 0.00702609677638476	false	1.0
unsicher	neg 1.0		neg 0.5541243893772161 off 0.43886901194595 __DUMMY__ 0.007006598676833888	false	1.0
bauernkind	off 1.0	off 1.0	off 0.7061195851468861 neg 0.2906094944200348 __DUMMY__ 0.003270920433079116	false	1.0
angreifer	neg 1.0		neg 0.5529090700256641 off 0.4400898470044959 __DUMMY__ 0.00700108296984008	false	1.0
trennen	neg 1.0		neg 0.5558664839746702 off 0.4370544503006448 __DUMMY__ 0.00707906572468481	false	1.0
schmutz	neg 1.0		neg 0.5516023821223759 off 0.44138090378837647 __DUMMY__ 0.007016714089247737	false	1.0
inkonsistenz	neg 1.0		neg 0.5527829134203722 off 0.44028808875461567 __DUMMY__ 0.0069289978250121	false	1.0
erschreckend	neg 1.0		neg 0.5566970831765529 off 0.436314367306366 __DUMMY__ 0.006988549517080983	false	1.0
ertrinken	neg 1.0		neg 0.5577545550793523 off 0.43521587681223034 __DUMMY__ 0.007029568108417378	false	1.0
pickelface	off 1.0		neg 0.558596167814941 off 0.43442489164147285 __DUMMY__ 0.006978940543586178	false	0.5
seiner			neg 0.559097853948381 off 0.43387072302941937 __DUMMY__ 0.00703142302219961	false	0.0
lauch	neg 1.0		neg 0.5652052018128496 off 0.42780630092184674 __DUMMY__ 0.006988497265303545	false	1.0
unwichtig	neg 1.0		neg 0.5503180629323029 off 0.4427249996964024 __DUMMY__ 0.006956937371294827	false	1.0
steuerhinterziehung	neg 1.0		neg 0.560399502708451 off 0.4326572366254234 __DUMMY__ 0.006943260666125592	false	1.0
schock	neg 1.0		neg 0.5535088423341434 off 0.4394501365638841 __DUMMY__ 0.007041021101972624	false	1.0
beule	neg 1.0		neg 0.5481779466319909 off 0.4448422437198581 __DUMMY__ 0.00697980964815086	false	1.0
vergelten	neg 1.0		neg 0.5446066370667622 off 0.4484130105107319 __DUMMY__ 0.006980352422505947	false	1.0
verdorbenheit	neg 1.0		neg 0.5552571822215526 off 0.4377424454660979 __DUMMY__ 0.007000372312349369	false	1.0
trauma	neg 1.0		neg 0.5542827252037255 off 0.43873509815013045 __DUMMY__ 0.006982176646144134	false	1.0
sinnlos	neg 1.0		neg 0.5517104514143988 off 0.44129591640403476 __DUMMY__ 0.006993632181566415	false	1.0
fettsack	off 1.0	off 1.0	off 0.7080371386378931 neg 0.2886787916865515 __DUMMY__ 0.003284069675555455	false	1.0
feige	off 1.0	off 1.0	off 0.7046311933456446 neg 0.2920723791607126 __DUMMY__ 0.003296427493642807	false	1.0
abdanken	neg 1.0		neg 0.5584298154724111 off 0.43461337519488935 __DUMMY__ 0.0069568093326994075	false	1.0
wichtigtuer	off 1.0	off 1.0	off 0.7032591189278947 neg 0.29342922353821455 __DUMMY__ 0.0033116575338907454	false	1.0
misslingen	neg 1.0		neg 0.5503178000516173 off 0.4426269331396883 __DUMMY__ 0.007055266808694374	false	1.0
untreu	off 1.0		neg 0.5491389316595459 off 0.4439134653844515 __DUMMY__ 0.006947602956002508	false	0.5
missmutig	neg 1.0		neg 0.5488587326556058 off 0.44416060550034325 __DUMMY__ 0.006980661844050796	false	1.0
hurenbock	off 1.0		neg 0.5527452936925328 off 0.44025431989023067 __DUMMY__ 0.007000386417236621	false	0.5
betrunken	neg 1.0		neg 0.544840807432393 off 0.44817192534523775 __DUMMY__ 0.006987267222369233	false	1.0
korrupt	off 1.0		neg 0.5620134501477736 off 0.4310573618424489 __DUMMY__ 0.006929188009777363	false	0.5
unmut	neg 1.0		neg 0.5642861009897473 off 0.4287021001782193 __DUMMY__ 0.007011798832033314	false	1.0
hackfresse	off 1.0		neg 0.5417500327381308 off 0.4513435929947514 __DUMMY__ 0.006906374267117685	false	0.5
aufblasen	neg 1.0		neg 0.5518538821019564 off 0.44113259512212694 __DUMMY__ 0.007013522775916547	false	1.0
gewaltsam	neg 1.0		neg 0.5567228313910946 off 0.4362904167034902 __DUMMY__ 0.006986751905415197	false	1.0
unbeliebtheit	neg 1.0		neg 0.5553991574313122 off 0.43772282798804885 __DUMMY__ 0.006878014580638973	false	1.0
sturheit	neg 1.0		neg 0.557159309773389 off 0.4358590289722519 __DUMMY__ 0.006981661254359089	false	1.0
kuh	neg 1.0		neg 0.5569180444219846 off 0.43613983372770826 __DUMMY__ 0.006942121850307053	false	1.0
erschrecken	neg 1.0		neg 0.5493897103348709 off 0.44362111986230335 __DUMMY__ 0.006989169802825728	false	1.0
opfer	neg 1.0		neg 0.55851620697519 off 0.43446876948044216 __DUMMY__ 0.007015023544367827	false	1.0
sinken	neg 1.0		neg 0.5622452968107633 off 0.43072172261520353 __DUMMY__ 0.007032980574033043	false	1.0
stinktier	neg 1.0		neg 0.5458690775418301 off 0.44722564676467114 __DUMMY__ 0.0069052756934987755	false	1.0
tucke	off 1.0		neg 0.5442693181201869 off 0.4488823536133005 __DUMMY__ 0.00684832826651272	false	0.5
ein			neg 0.5522474125950885 off 0.4407310146997342 __DUMMY__ 0.00702157270517728	false	0.0
abstieg	neg 1.0		neg 0.5584752992534603 off 0.4344868453727245 __DUMMY__ 0.0070378553738152435	false	1.0
missverstehen	neg 1.0		neg 0.5535498397679463 off 0.43949583135672776 __DUMMY__ 0.0069543288753259385	false	1.0
ergebnislos	neg 1.0		neg 0.5604195510016089 off 0.4325748502093152 __DUMMY__ 0.007005598789075848	false	1.0
unter			neg 0.5640872802988252 off 0.42879483877162833 __DUMMY__ 0.0071178809295464225	false	0.0
manipulieren	neg 1.0		neg 0.5610139133679133 off 0.43197969782622275 __DUMMY__ 0.00700638880586385	false	1.0
unbewiesen	neg 1.0		neg 0.5605012004900657 off 0.4326044879153257 __DUMMY__ 0.006894311594608736	false	1.0
verschleppen	neg 1.0		neg 0.5592734067702659 off 0.4337386137955711 __DUMMY__ 0.006987979434163064	false	1.0
weib	off 1.0		neg 0.5425099925478073 off 0.4505952696040839 __DUMMY__ 0.006894737848108702	false	0.5
opposition	neg 1.0		neg 0.5552740949939278 off 0.4377801471050087 __DUMMY__ 0.006945757901063628	false	1.0
verkehrswidrig	neg 1.0	neg 1.0	neg 0.756226751776219 off 0.2404098002585534 __DUMMY__ 0.0033634479652275995	false	1.0
inkorrekt	neg 1.0		neg 0.5506969063745216 off 0.4424116329293231 __DUMMY__ 0.0068914606961552665	false	1.0
vermeiden	neg 1.0		neg 0.5637957653128576 off 0.429136554664009 __DUMMY__ 0.007067680023133318	false	1.0
abweichung	neg 1.0	neg 1.0	neg 0.7667126233488379 off 0.22994900166856286 __DUMMY__ 0.0033383749825992895	false	1.0
alkoholisiert	neg 1.0		neg 0.5544710490347672 off 0.4384114050737842 __DUMMY__ 0.007117545891448733	false	1.0
scheiss	off 1.0	off 1.0	off 0.7059113712510737 neg 0.2907735928485804 __DUMMY__ 0.0033150359003459714	false	1.0
herausforderung	neg 1.0	neg 1.0	neg 0.7646658913716654 off 0.23194720533803598 __DUMMY__ 0.0033869032902986494	false	1.0
pervers	off 1.0		neg 0.5387089870343802 off 0.4544057157493629 __DUMMY__ 0.006885297216257037	false	0.5
wackelig	neg 1.0		neg 0.5540403059659403 off 0.4388915590941128 __DUMMY__ 0.007068134939946791	false	1.0
verwickeln	neg 1.0		neg 0.5533223341597665 off 0.43971672724187577 __DUMMY__ 0.00696093859835776	false	1.0
vorwand	neg 1.0		neg 0.5619922018422833 off 0.430999667066646 __DUMMY__ 0.007008131091070808	false	1.0
muschi	off 1.0		neg 0.5575646367925856 off 0.43544818982997163 __DUMMY__ 0.00698717337744263	false	0.5
entmutigung	neg 1.0		neg 0.5567667091828283 off 0.4363036896798815 __DUMMY__ 0.006929601137290001	false	1.0
unangemessen	neg 1.0		neg 0.5587987767551321 off 0.43422871642985217 __DUMMY__ 0.006972506815015728	false	1.0
unstetig	neg 1.0		neg 0.5545385841999162 off 0.43848328832565026 __DUMMY__ 0.006978127474433503	false	1.0
entmutigen	neg 1.0		neg 0.5528556329107559 off 0.44014750995965396 __DUMMY__ 0.006996857129590077	false	1.0
schwanz	neg 1.0		neg 0.5606150417677683 off 0.4323782552304175 __DUMMY__ 0.007006703001814244	false	1.0
verbot	neg 1.0		neg 0.5613213690621697 off 0.4317285154227818 __DUMMY__ 0.006950115515048417	false	1.0
leid	neg 1.0		neg 0.5431030054283834 off 0.44995805750398915 __DUMMY__ 0.006938937067627476	false	1.0
archaisch	neg 1.0		neg 0.5573862724401761 off 0.43561376082656733 __DUMMY__ 0.006999966733256454	false	1.0
gegen			neg 0.5614320342176893 off 0.4315315657426612 __DUMMY__ 0.007036400039649553	false	0.0
scheidung	neg 1.0		neg 0.5341792666662679 off 0.45893338632151154 __DUMMY__ 0.00688734701222062	false	1.0
einschlag	neg 1.0	neg 1.0	neg 0.7591907000889022 off 0.23749306483460134 __DUMMY__ 0.0033162350764964596	false	1.0
m			neg 0.5564747826090718 off 0.43650304048335103 __DUMMY__ 0.00702217690757702	false	0.0
abgestanden	neg 1.0		neg 0.5543073656631343 off 0.43870604852368156 __DUMMY__ 0.006986585813184118	false	1.0
schmierig	off 1.0		neg 0.5436247392216517 off 0.4494329036034955 __DUMMY__ 0.006942357174852951	false	0.5
unpraktisch	neg 1.0		neg 0.5518139145741976 off 0.441163568672085 __DUMMY__ 0.007022516753717531	false	1.0
wixxer	off 1.0		neg 0.5397845632436701 off 0.4533438561608411 __DUMMY__ 0.006871580595488883	false	0.5
bezeichnet			neg 0.5564386251701727 off 0.4365828274673731 __DUMMY__ 0.006978547362454249	false	0.0
jammerlappen	off 1.0		neg 0.5499104848281573 off 0.4431288198252851 __DUMMY__ 0.006960695346557552	false	0.5
farce	neg 1.0		neg 0.5606672031887069 off 0.4323914192924289 __DUMMY__ 0.0069413775188642834	false	1.0
zwecklos	neg 1.0		neg 0.5581744804633737 off 0.4348411164858459 __DUMMY__ 0.0069844030507804685	false	1.0
turbulent	neg 1.0		neg 0.5506688164655775 off 0.4423961853300125 __DUMMY__ 0.006934998204410089	false	1.0
invasion	neg 1.0		neg 0.5517534412602692 off 0.44125545260993504 __DUMMY__ 0.006991106129795749	false	1.0
schuld	neg 1.0		neg 0.5540596817160038 off 0.43895309802520777 __DUMMY__ 0.006987220258788512	false	1.0
risiko	neg 1.0		neg 0.5536216480232458 off 0.4393667478962835 __DUMMY__ 0.007011604080470708	false	1.0
finster	neg 1.0		neg 0.55257361294164 off 0.4404178928393578 __DUMMY__ 0.007008494219002263	false	1.0
geisteskrank	off 1.0		neg 0.5493637849328393 off 0.44370745534945133 __DUMMY__ 0.006928759717709423	false	0.5
zusammenbrechen	neg 1.0		neg 0.5554473049328728 off 0.4375326044386337 __DUMMY__ 0.007020090628493637	false	1.0
ausbeute	neg 1.0		neg 0.5566484576724561 off 0.4362775389232943 __DUMMY__ 0.0070740034042497645	false	1.0
hinterhalt	neg 1.0		neg 0.5558759743454982 off 0.43709991647088314 __DUMMY__ 0.0070241091836186565	false	1.0
kritik	neg 1.0		neg 0.5605435005744854 off 0.4325085943465536 __DUMMY__ 0.006947905078960901	false	1.0
einschrumpfen	neg 1.0		neg 0.555115221036617 off 0.4379679692139522 __DUMMY__ 0.006916809749430696	false	1.0
riskant	neg 1.0		neg 0.5600765613700587 off 0.4329308047881332 __DUMMY__ 0.006992633841808081	false	1.0
frustrieren	neg 1.0		neg 0.558935630712267 off 0.4340568179593743 __DUMMY__ 0.007007551328358664	false	1.0
groll	neg 1.0		neg 0.5575287333220995 off 0.43546782024195857 __DUMMY__ 0.007003446435942056	false	1.0
gibt			neg 0.5567272446192408 off 0.43626674922053293 __DUMMY__ 0.007006006160226248	false	0.0
qualvoll	neg 1.0		neg 0.549639635455237 off 0.44335675354264353 __DUMMY__ 0.007003611002119316	false	1.0
wackeln	neg 1.0	neg 1.0	neg 0.7625638930335759 off 0.2340842578172541 __DUMMY__ 0.003351849149169917	false	1.0
klagen	neg 1.0		neg 0.5633549535813249 off 0.42962857794794035 __DUMMY__ 0.0070164684707347685	false	1.0
bankrott	neg 1.0		neg 0.5502715438343232 off 0.4427489178314372 __DUMMY__ 0.00697953833423957	false	1.0
trauern	neg 1.0		neg 0.5574067352942099 off 0.4355539597474323 __DUMMY__ 0.007039304958357804	false	1.0
ablehnung	neg 1.0		neg 0.5606879100856519 off 0.4323674646856373 __DUMMY__ 0.006944625228710776	false	1.0
stur	neg 1.0		neg 0.5537468721035039 off 0.43927551755345823 __DUMMY__ 0.006977610343037924	false	1.0
aufruhr	neg 1.0		neg 0.5570158586025648 off 0.4359999821278909 __DUMMY__ 0.006984159269544368	false	1.0
melancholie	neg 1.0		neg 0.5560613032099982 off 0.436906241785907 __DUMMY__ 0.007032455004094871	false	1.0
ist			neg 0.5525665591965617 off 0.4404421721083903 __DUMMY__ 0.006991268695047906	false	0.0
torheit	neg 1.0		neg 0.5561479472606011 off 0.4368974588418894 __DUMMY__ 0.0069545938975093995	false	1.0
dreckskind	off 1.0		neg 0.544616315099029 off 0.4484891081385449 __DUMMY__ 0.006894576762426127	false	0.5
umtauschen	neg 1.0		neg 0.5544491668329073 off 0.43854021427132145 __DUMMY__ 0.007010618895771168	false	1.0
zum			neg 0.559632664902248 off 0.43322965824397736 __DUMMY__ 0.007137676853774581	false	0.0
zersetzen	neg 1.0		neg 0.5622886016588409 off 0.4307256103365268 __DUMMY__ 0.0069857880046323255	false	1.0
zur			neg 0.5646054562365354 off 0.4283265585581112 __DUMMY__ 0.007067985205353459	false	0.0
frust	neg 1.0		neg 0.5556437443621832 off 0.4373353888016633 __DUMMY__ 0.007020866836153448	false	1.0
unerbittlichkeit	neg 1.0		neg 0.5615689547221401 off 0.43143538610121057 __DUMMY__ 0.006995659176649272	false	1.0
zwei			neg 0.5584194170487241 off 0.4344728634229596 __DUMMY__ 0.007107719528316184	false	0.0
unkorrekt	neg 1.0		neg 0.5492217198307824 off 0.4438755283719936 __DUMMY__ 0.006902751797224088	false	1.0
hexe	off 1.0		neg 0.5487375647849406 off 0.4442990706984187 __DUMMY__ 0.006963364516640677	false	0.5
lasch	neg 1.0		neg 0.5524985746662587 off 0.44055682628959686 __DUMMY__ 0.0069445990441444885	false	1.0
rivale	neg 1.0		neg 0.5456742600795552 off 0.4473561904235197 __DUMMY__ 0.006969549496924984	false	1.0
mutlos	off 1.0	off 1.0	off 0.6990300806097346 neg 0.29765191713822403 __DUMMY__ 0.0033180022520413574	false	1.0
wirr	off 1.0		neg 0.5484884695722049 off 0.44460329342958743 __DUMMY__ 0.006908236998207775	false	0.5
jahr			neg 0.556288470045851 off 0.4366098141201566 __DUMMY__ 0.007101715833992273	false	0.0
wird			neg 0.5575625527167555 off 0.4354143904447755 __DUMMY__ 0.007023056838469104	false	0.0
strafbar	neg 1.0		neg 0.5605478965108159 off 0.43246978678358705 __DUMMY__ 0.006982316705597078	false	1.0
erosion	neg 1.0		neg 0.5531637718550033 off 0.43982470404760876 __DUMMY__ 0.007011524097387921	false	1.0
eingehen	neg 1.0		neg 0.5592890745164139 off 0.4337291620286277 __DUMMY__ 0.006981763454958389	false	1.0
faul	off 1.0		neg 0.5493840960139714 off 0.44362898425150843 __DUMMY__ 0.006986919734520212	false	0.5
provisorium	neg 1.0		neg 0.5661640266943634 off 0.4267489834142273 __DUMMY__ 0.00708698989140932	false	1.0
schmerzen	neg 1.0		neg 0.5542566237227851 off 0.4387385294684819 __DUMMY__ 0.007004846808733191	false	1.0
schrumpfen	neg 1.0		neg 0.5658429112117187 off 0.4271220714626726 __DUMMY__ 0.007035017325608605	false	1.0
geistlos	off 1.0		neg 0.5562079310541325 off 0.43688465821707495 __DUMMY__ 0.006907410728792724	false	0.5
fehlkauf	neg 1.0		neg 0.554112526891949 off 0.43892089891433034 __DUMMY__ 0.006966574193720608	false	1.0
frustrierend	neg 1.0		neg 0.5491368503343672 off 0.44386520623596576 __DUMMY__ 0.0069979434296670185	false	1.0
unzufrieden	neg 1.0		neg 0.5582195870103918 off 0.4347932165740328 __DUMMY__ 0.006987196415575471	false	1.0
verzweifeln	neg 1.0		neg 0.554925056693106 off 0.4380695804560749 __DUMMY__ 0.007005362850819113	false	1.0
verzweifelt	neg 1.0		neg 0.5536252628494669 off 0.4393966463710242 __DUMMY__ 0.0069780907795087745	false	1.0
misstrauensantrag	neg 1.0		neg 0.5539428559434812 off 0.4391030000885129 __DUMMY__ 0.0069541439680057895	false	1.0
abfallen	neg 1.0		neg 0.5510086529133723 off 0.44196107034555343 __DUMMY__ 0.007030276741074424	false	1.0
fucker	off 1.0		neg 0.5485627345811175 off 0.4445030051813315 __DUMMY__ 0.00693426023755108	false	0.5
ungezogen	neg 1.0		neg 0.5392468454438627 off 0.45383723061477454 __DUMMY__ 0.006915923941362711	false	1.0
irrsinnig	neg 1.0	neg 1.0	neg 0.7640182678321416 off 0.23266341282353925 __DUMMY__ 0.0033183193443192148	false	1.0
unfassbar	neg 1.0		neg 0.5486881399926469 off 0.4443482131917968 __DUMMY__ 0.006963646815556298	false	1.0
hart	neg 1.0		neg 0.552527949331017 off 0.4405222985287545 __DUMMY__ 0.006949752140228575	false	1.0
widerlich	off 1.0		neg 0.5493694692691936 off 0.4437009618153707 __DUMMY__ 0.0069295689154356965	false	0.5
fatal	neg 1.0		neg 0.5535453640100437 off 0.4394847969953871 __DUMMY__ 0.00696983899456905	false	1.0
bruch	neg 1.0		neg 0.5637369811186272 off 0.4292585667665619 __DUMMY__ 0.007004452114810936	false	1.0
aushungern	neg 1.0		neg 0.5590091701107021 off 0.434037669248891 __DUMMY__ 0.006953160640406937	false	1.0
anspannung	neg 1.0	neg 1.0	neg 0.7670785168351305 off 0.2295223359899634 __DUMMY__ 0.00339914717490603	false	1.0
von			neg 0.5581323924654452 off 0.4347815782812744 __DUMMY__ 0.0070860292532803765	false	0.0
kraftlos	neg 1.0		neg 0.5549898738589033 off 0.43796701136118266 __DUMMY__ 0.007043114779914038	false	1.0
vom			neg 0.5626776041370052 off 0.43018974407443855 __DUMMY__ 0.007132651788556244	false	0.0
grenzdebil	off 1.0		neg 0.5475158542875473 off 0.4455238602124377 __DUMMY__ 0.006960285500014953	false	0.5
vor			neg 0.5602053318188172 off 0.43275514244781677 __DUMMY__ 0.007039525733366188	false	0.0
unterwerfen	neg 1.0		neg 0.5591478301844724 off 0.43384204644064983 __DUMMY__ 0.007010123374877695	false	1.0
versenkung	neg 1.0		neg 0.5598056211573824 off 0.43318820855996143 __DUMMY__ 0.007006170282656187	false	1.0
entziehen	neg 1.0		neg 0.5623960848431449 off 0.4305862729295813 __DUMMY__ 0.007017642227273996	false	1.0
finanzkrise	neg 1.0		neg 0.5600276758174869 off 0.43304196508673043 __DUMMY__ 0.006930359095782662	false	1.0
schimpfend	neg 1.0		neg 0.5505868291584715 off 0.44237084898904755 __DUMMY__ 0.007042321852480911	false	1.0
profan	neg 1.0		neg 0.5518210215328788 off 0.4412029800401207 __DUMMY__ 0.006975998427000538	false	1.0
korruption	neg 1.0	neg 1.0	neg 0.76780945228124 off 0.22888588304414975 __DUMMY__ 0.003304664674610238	false	1.0
â			neg 0.5581819982771905 off 0.4348007845946006 __DUMMY__ 0.007017217128208904	false	0.0
schmutzig	neg 1.0		neg 0.5478061743621682 off 0.445224551164804 __DUMMY__ 0.006969274473027645	false	1.0
sexy	neg 1.0		neg 0.5511176085212433 off 0.4419065661614334 __DUMMY__ 0.006975825317323227	false	1.0
abraten	neg 1.0		neg 0.552775999255442 off 0.44024075213723296 __DUMMY__ 0.006983248607325015	false	1.0
schwarz	neg 1.0		neg 0.5540530661923947 off 0.43897252935542047 __DUMMY__ 0.006974404452184823	false	1.0
fotze	off 1.0		neg 0.5601600590172235 off 0.4328480760727567 __DUMMY__ 0.006991864910019754	false	0.5
verwirren	neg 1.0		neg 0.551400846404625 off 0.4416200156342481 __DUMMY__ 0.0069791379611270155	false	1.0
zahnlos	off 1.0		neg 0.5586120509845307 off 0.43440805585684983 __DUMMY__ 0.006979893158619362	false	0.5
verheeren	neg 1.0		neg 0.5387412660095209 off 0.4543517837168777 __DUMMY__ 0.006906950273601588	false	1.0
hippie	neg 1.0		neg 0.5522208608346514 off 0.4408105089119817 __DUMMY__ 0.006968630253366941	false	1.0
rammen	neg 1.0		neg 0.5554718564195037 off 0.43756542234249546 __DUMMY__ 0.006962721238000881	false	1.0
unlauter	neg 1.0		neg 0.5582913719379903 off 0.4347877943463701 __DUMMY__ 0.0069208337156396816	false	1.0
unheilvoll	neg 1.0		neg 0.5503301927010561 off 0.4426532568340503 __DUMMY__ 0.007016550464893458	false	1.0
niedrig	neg 1.0		neg 0.5606351820853687 off 0.4323608380242787 __DUMMY__ 0.007003979890352662	false	1.0
explosion	neg 1.0		neg 0.5530289335950732 off 0.4400050045518497 __DUMMY__ 0.006966061853076871	false	1.0
weichei	off 1.0		neg 0.5437452034593104 off 0.44934794821416263 __DUMMY__ 0.00690684832652683	false	0.5
minusmensch	off 1.0		neg 0.5436008526597088 off 0.44957294589176866 __DUMMY__ 0.006826201448522678	false	0.5
farblos	neg 1.0		neg 0.5531387599120506 off 0.4398094618764343 __DUMMY__ 0.0070517782115149304	false	1.0
unwissend	neg 1.0	neg 1.0	neg 0.7613945136898997 off 0.23529649925572996 __DUMMY__ 0.003308987054370309	false	1.0
traurig	neg 1.0		neg 0.5448222870525438 off 0.44821641256140515 __DUMMY__ 0.006961300386050993	false	1.0
senkung	neg 1.0		neg 0.5542155468657786 off 0.4388472160523457 __DUMMY__ 0.006937237081875726	false	1.0
ungleich	neg 1.0	neg 1.0	neg 0.7678265720691685 off 0.22885385817214615 __DUMMY__ 0.003319569758685392	false	1.0
heikel	neg 1.0		neg 0.5615377267318242 off 0.4314679975804963 __DUMMY__ 0.006994275687679376	false	1.0
drosselung	neg 1.0		neg 0.5482846292786593 off 0.4447558812842824 __DUMMY__ 0.006959489437058365	false	1.0
falsch	neg 1.0		neg 0.5501420381287975 off 0.4428843643760396 __DUMMY__ 0.006973597495162813	false	1.0
unzufriedenheit	neg 1.0		neg 0.5617169272371499 off 0.4312767990139438 __DUMMY__ 0.007006273748906298	false	1.0
kurz	neg 1.0		neg 0.5539965210183856 off 0.43895533902750716 __DUMMY__ 0.00704813995410719	false	1.0
unsinnig	neg 1.0		neg 0.5586618751144635 off 0.43437226685790065 __DUMMY__ 0.006965858027635713	false	1.0
penner	off 1.0	off 1.0	off 0.7097678834943555 neg 0.28694970103257417 __DUMMY__ 0.0032824154730704234	false	1.0
seicht	neg 1.0		neg 0.5419432927505993 off 0.4511853283356673 __DUMMY__ 0.0068713789137334865	false	1.0
dummheit	off 1.0	off 1.0	off 0.703140299719381 neg 0.2935549509060921 __DUMMY__ 0.003304749374527035	false	1.0
unerfreulich	neg 1.0		neg 0.5611739880348076 off 0.4318028137557868 __DUMMY__ 0.00702319820940556	false	1.0
motherfucker	off 1.0	off 1.0	off 0.705478631259382 neg 0.291229996338423 __DUMMY__ 0.0032913724021950627	false	1.0
pikiert	neg 1.0		neg 0.5508882538899791 off 0.44218269457937903 __DUMMY__ 0.006929051530641861	false	1.0
wrack	neg 1.0		neg 0.5565432012258951 off 0.43639554034465444 __DUMMY__ 0.00706125842945043	false	1.0
gangster	neg 1.0		neg 0.5521749580096916 off 0.4408468459095625 __DUMMY__ 0.006978196080745771	false	1.0
krank	neg 1.0		neg 0.5458757536579085 off 0.44714078597746976 __DUMMY__ 0.006983460364621706	false	1.0
reich	neg 1.0		neg 0.5515719651140352 off 0.44148173258814694 __DUMMY__ 0.0069463022978180095	false	1.0
gnadenlos	neg 1.0		neg 0.5537928610489621 off 0.439215057602538 __DUMMY__ 0.0069920813485000064	false	1.0
niedergeschlagen	neg 1.0		neg 0.5550151904783499 off 0.43796050541744425 __DUMMY__ 0.007024304104205929	false	1.0
terrorisieren	off 1.0	off 1.0	off 0.7002014061963197 neg 0.29646373910065216 __DUMMY__ 0.0033348547030282254	false	1.0
sinnlosigkeit	neg 1.0		neg 0.5575214923490757 off 0.4354831273853874 __DUMMY__ 0.006995380265537052	false	1.0
behindern	neg 1.0		neg 0.5567573401638528 off 0.43626270217252056 __DUMMY__ 0.006979957663626647	false	1.0
undemokratisch	neg 1.0		neg 0.5574388782616763 off 0.4356290515402924 __DUMMY__ 0.006932070198031206	false	1.0
wirtschaftskrise	neg 1.0		neg 0.5610963140233161 off 0.43193707336173853 __DUMMY__ 0.006966612614945407	false	1.0
neid	neg 1.0		neg 0.5466234053878765 off 0.44635511502431185 __DUMMY__ 0.007021479587811691	false	1.0
rutschen	neg 1.0	neg 1.0	neg 0.7659827548722189 off 0.23062332521881176 __DUMMY__ 0.0033939199089693052	false	1.0
rezession	neg 1.0		neg 0.5488373383594021 off 0.44428905564718535 __DUMMY__ 0.006873605993412607	false	1.0
fehlgeburt	neg 1.0		neg 0.5514445215636652 off 0.44155068306604794 __DUMMY__ 0.0070047953702867755	false	1.0
charakterschwach	off 1.0		neg 0.5490209882461412 off 0.44403406702089915 __DUMMY__ 0.006944944732959695	false	0.5
isolation	neg 1.0		neg 0.5493043663182633 off 0.4437000847707132 __DUMMY__ 0.006995548911023465	false	1.0
ablenkung	neg 1.0		neg 0.5538521832164286 off 0.43914377023594947 __DUMMY__ 0.007004046547621804	false	1.0
pech	neg 1.0		neg 0.5495873335041308 off 0.4434227827055368 __DUMMY__ 0.006989883790332459	false	1.0
vermeidung	neg 1.0		neg 0.5493772620125346 off 0.4436902665349077 __DUMMY__ 0.006932471452557871	false	1.0
dominieren	neg 1.0		neg 0.5563128371566 off 0.4366347600882908 __DUMMY__ 0.007052402755109281	false	1.0
schwindlig	neg 1.0		neg 0.5495133432197596 off 0.44346076542500235 __DUMMY__ 0.007025891355237889	false	1.0
lutscher	neg 1.0	neg 1.0	neg 0.7567181295767577 off 0.2400135228368988 __DUMMY__ 0.0032683475863435527	false	1.0
pflicht	neg 1.0		neg 0.5611025445534275 off 0.43189100738726693 __DUMMY__ 0.007006448059305564	false	1.0
faschist	off 1.0		neg 0.5547225048204937 off 0.4383505470459209 __DUMMY__ 0.006926948133585255	false	0.5
verschleudern	neg 1.0		neg 0.5634739720438359 off 0.4295848167716457 __DUMMY__ 0.006941211184518536	false	1.0
wenn			neg 0.5497258941716585 off 0.44329835940400664 __DUMMY__ 0.006975746424334944	false	0.0
ehebruch	neg 1.0		neg 0.559862054051547 off 0.43315305172925617 __DUMMY__ 0.0069848942191969585	false	1.0
spott	off 1.0		neg 0.5610439710818982 off 0.4319791447507872 __DUMMY__ 0.006976884167314577	false	0.5
trostlosigkeit	neg 1.0		neg 0.5621382479859982 off 0.43084555153221216 __DUMMY__ 0.007016200481789556	false	1.0
lutschen	neg 1.0		neg 0.5541790440909928 off 0.4388756243349301 __DUMMY__ 0.006945331574077136	false	1.0
undiszipliniert	neg 1.0		neg 0.546203681425663 off 0.4468386009835106 __DUMMY__ 0.006957717590826346	false	1.0
kopfschmerz	neg 1.0		neg 0.5548241945645467 off 0.43814764057737104 __DUMMY__ 0.007028164858082328	false	1.0
unvorhergesehen	neg 1.0		neg 0.5552869532089043 off 0.4376368004640471 __DUMMY__ 0.007076246327048655	false	1.0
desinteressiert	neg 1.0		neg 0.5473706930640307 off 0.44568867541559365 __DUMMY__ 0.006940631520375684	false	1.0
armselig	off 1.0		neg 0.5477702119823318 off 0.4453192480958367 __DUMMY__ 0.006910539921831625	false	0.5
desaster	neg 1.0		neg 0.564438984388918 off 0.4285556379107749 __DUMMY__ 0.007005377700307046	false	1.0
tod	neg 1.0		neg 0.5580897176950267 off 0.43489322985599016 __DUMMY__ 0.007017052448983057	false	1.0
herzlos	neg 1.0		neg 0.5459332383489245 off 0.4471361824003344 __DUMMY__ 0.006930579250741085	false	1.0
unwissenheit	neg 1.0		neg 0.5596829267194476 off 0.4333537145461 __DUMMY__ 0.00696335873445245	false	1.0
widersinnig	neg 1.0	neg 1.0	neg 0.7672943831488918 off 0.2294058142055026 __DUMMY__ 0.003299802645605548	false	1.0
bedenklich	neg 1.0		neg 0.559980741218724 off 0.43303198373523477 __DUMMY__ 0.006987275046041125	false	1.0
beanstanden	neg 1.0		neg 0.5617129072158841 off 0.43127625731628094 __DUMMY__ 0.007010835467834986	false	1.0
panisch	neg 1.0	neg 1.0	neg 0.7606660117233848 off 0.23597628343753912 __DUMMY__ 0.003357704839076115	false	1.0
debil	off 1.0		neg 0.5663886258496035 off 0.42656591093320445 __DUMMY__ 0.007045463217192063	false	0.5
abstrich	neg 1.0		neg 0.5590066285288141 off 0.43400384255321833 __DUMMY__ 0.00698952891796758	false	1.0
primitiv	neg 1.0		neg 0.5488080289619038 off 0.4442622973654397 __DUMMY__ 0.006929673672656464	false	1.0
abschaum	off 1.0	off 1.0	off 0.7046541236482446 neg 0.2920419378222227 __DUMMY__ 0.0033039385295326323	false	1.0
provozieren	neg 1.0		neg 0.5549912252495043 off 0.43803403511367456 __DUMMY__ 0.006974739636821024	false	1.0
tot	neg 1.0		neg 0.5588640674968132 off 0.4341232031686115 __DUMMY__ 0.00701272933457541	false	1.0
instabil	neg 1.0		neg 0.5506410457981238 off 0.4424576528073807 __DUMMY__ 0.006901301394495424	false	1.0
schwuchtel	off 1.0		neg 0.5371701752193829 off 0.45599743940049997 __DUMMY__ 0.0068323853801172466	false	0.5
zerren	neg 1.0		neg 0.5547332552041493 off 0.43823890919920455 __DUMMY__ 0.0070278355966462095	false	1.0
kinderficker	off 1.0		neg 0.5455443698319263 off 0.4475640752153518 __DUMMY__ 0.006891554952721927	false	0.5
gefahr	neg 1.0		neg 0.5615630676190937 off 0.431429091876445 __DUMMY__ 0.007007840504461185	false	1.0
rabiat	neg 1.0		neg 0.5559521491399058 off 0.4370744569463108 __DUMMY__ 0.006973393913783549	false	1.0
verlangsamung	neg 1.0		neg 0.5438399620575775 off 0.44927892269872277 __DUMMY__ 0.006881115243699898	false	1.0
ausgestorben	neg 1.0		neg 0.5543702776647997 off 0.4386127820794306 __DUMMY__ 0.007016940255769727	false	1.0
anklagen	neg 1.0		neg 0.5587931264805189 off 0.43423720170753227 __DUMMY__ 0.006969671811948826	false	1.0
trott	neg 1.0		neg 0.5550973510201312 off 0.43789717047429993 __DUMMY__ 0.007005478505568879	false	1.0
verminderung	neg 1.0		neg 0.5477387554173726 off 0.44531942009759085 __DUMMY__ 0.006941824485036587	false	1.0
nach			neg 0.5600059213703532 off 0.43287124855637255 __DUMMY__ 0.007122830073274086	false	0.0
rost	neg 1.0		neg 0.5437405049758701 off 0.4493478100813422 __DUMMY__ 0.006911684942787807	false	1.0
destruktiv	neg 1.0		neg 0.5576589888561254 off 0.43538683187429733 __DUMMY__ 0.00695417926957728	false	1.0
unzumutbarkeit	neg 1.0		neg 0.5491528608114001 off 0.4438681622342939 __DUMMY__ 0.006978976954305905	false	1.0
labil	off 1.0	off 1.0	off 0.7045285082305615 neg 0.2921680025529595 __DUMMY__ 0.0033034892164789933	false	1.0
ziemlich	neg 1.0		neg 0.5471588644065096 off 0.4458601740127301 __DUMMY__ 0.006980961580760259	false	1.0
lachnummer	off 1.0		neg 0.5560165812653531 off 0.4370039401627932 __DUMMY__ 0.006979478571853737	false	0.5
oder			neg 0.5528481587542294 off 0.4401303525781906 __DUMMY__ 0.007021488667579948	false	0.0
verfall	neg 1.0		neg 0.5667737023521818 off 0.4262071419857186 __DUMMY__ 0.00701915566209951	false	1.0
ausgrenzung	neg 1.0		neg 0.5571809573460125 off 0.4358994013038071 __DUMMY__ 0.006919641350180458	false	1.0
unordnung	neg 1.0		neg 0.5487097841019623 off 0.444321432545944 __DUMMY__ 0.006968783352093729	false	1.0
fehlverhalten	neg 1.0		neg 0.5617166894709725 off 0.43129440075729736 __DUMMY__ 0.006988909771730028	false	1.0
eine			neg 0.5603682243188368 off 0.4326052349091242 __DUMMY__ 0.0070265407720389505	false	0.0
nille	neg 1.0		neg 0.5567618702397128 off 0.4362468010648095 __DUMMY__ 0.0069913286954776215	false	1.0
qual	neg 1.0		neg 0.555687848601294 off 0.43731223888301946 __DUMMY__ 0.006999912515686531	false	1.0
verschwenden	neg 1.0		neg 0.5591113292500901 off 0.43389821278964924 __DUMMY__ 0.00699045796026063	false	1.0
riesig	neg 1.0	neg 1.0	neg 0.7656880912328362 off 0.23096354794991786 __DUMMY__ 0.003348360817246028	false	1.0
verurteilen	neg 1.0		neg 0.5591931733850162 off 0.4338334291341151 __DUMMY__ 0.006973397480868766	false	1.0
klischee	neg 1.0	neg 1.0	neg 0.7630156442490791 off 0.2336821984198309 __DUMMY__ 0.003302157331090044	false	1.0
diktatorisch	neg 1.0		neg 0.5580611374337633 off 0.4350306869189531 __DUMMY__ 0.006908175647283568	false	1.0
vorhersehbar	neg 1.0	neg 1.0	neg 0.7630963954192632 off 0.23359371157514672 __DUMMY__ 0.0033098930055899963	false	1.0
sowie			neg 0.545342451124686 off 0.4477609874341916 __DUMMY__ 0.006896561441122284	false	0.0
stornieren	neg 1.0		neg 0.5501869472962505 off 0.4427531122682412 __DUMMY__ 0.007059940435508264	false	1.0
besteuerung	neg 1.0		neg 0.5573433272169922 off 0.4357228313034531 __DUMMY__ 0.006933841479554701	false	1.0
ungeschminkt	neg 1.0		neg 0.5494402720599059 off 0.4436258136340203 __DUMMY__ 0.006933914306073826	false	1.0
kritisch	neg 1.0		neg 0.5599127754587644 off 0.43309332373802534 __DUMMY__ 0.006993900803210206	false	1.0
schlamperei	off 1.0		neg 0.5625143312412564 off 0.43051088678391763 __DUMMY__ 0.006974781974825802	false	0.5
sucht	neg 1.0	neg 1.0	neg 0.7641565779308603 off 0.2325101839313351 __DUMMY__ 0.003333238137804532	false	1.0
egoistisch	off 1.0		neg 0.5427271023041974 off 0.45034489251359167 __DUMMY__ 0.006928005182210978	false	0.5
ausbeuter	off 1.0		neg 0.563071408293187 off 0.4299607093640567 __DUMMY__ 0.006967882342756218	false	0.5
arschgeburt	off 1.0		neg 0.537465243116703 off 0.45571000329961325 __DUMMY__ 0.0068247535836835505	false	0.5
schubs	neg 1.0	neg 1.0	neg 0.7643552384981946 off 0.23228875768150825 __DUMMY__ 0.0033560038202970935	false	1.0
unsolide	neg 1.0		neg 0.559326223496387 off 0.43380258530656934 __DUMMY__ 0.0068711911970435495	false	1.0
beschwerde	neg 1.0		neg 0.5625524438863001 off 0.4304785049578045 __DUMMY__ 0.006969051155895525	false	1.0
stocken	neg 1.0		neg 0.5607572983750464 off 0.432255790214845 __DUMMY__ 0.006986911410108693	false	1.0
isolieren	neg 1.0		neg 0.5595311743411047 off 0.43348912451185184 __DUMMY__ 0.006979701147043381	false	1.0
unheilbar	neg 1.0		neg 0.5532967328629462 off 0.43969256040684007 __DUMMY__ 0.007010706730213808	false	1.0
pisser	off 1.0		neg 0.5486464006638262 off 0.4444262789469317 __DUMMY__ 0.006927320389242189	false	0.5
löschen	neg 1.0		neg 0.5552576872500876 off 0.43775050646170466 __DUMMY__ 0.0069918062882076415	false	1.0
durchfallen	neg 1.0		neg 0.5591880626698804 off 0.4338386460008772 __DUMMY__ 0.006973291329242342	false	1.0
wichser	off 1.0		neg 0.5380942057816696 off 0.45501144824347384 __DUMMY__ 0.006894345974856684	false	0.5
terror	neg 1.0		neg 0.5511983705433577 off 0.44180871322888826 __DUMMY__ 0.006992916227754088	false	1.0
krass	neg 1.0		neg 0.545374034748683 off 0.44769853326700226 __DUMMY__ 0.006927431984314933	false	1.0
revolte	neg 1.0	neg 1.0	neg 0.7645942319488228 off 0.23210726680279453 __DUMMY__ 0.0032985012483827012	false	1.0
besorgt	neg 1.0		neg 0.5547266645607258 off 0.4382249463324362 __DUMMY__ 0.007048389106837853	false	1.0
nachlassen	neg 1.0		neg 0.5594827330738019 off 0.43350246702111633 __DUMMY__ 0.007014799905081642	false	1.0
alt	neg 1.0		neg 0.5581231887361989 off 0.43486528058363316 __DUMMY__ 0.007011530680167871	false	1.0
hundesohn	off 1.0		neg 0.5423137103172232 off 0.4508243069744652 __DUMMY__ 0.0068619827083115535	false	0.5
als			neg 0.5554073430919062 off 0.43756270755847493 __DUMMY__ 0.00702994934961879	false	0.0
abschreckung	neg 1.0		neg 0.5628396928526996 off 0.43015544464832617 __DUMMY__ 0.007004862498974217	false	1.0
unqualifiziert	neg 1.0		neg 0.5540057733869194 off 0.43906793487760326 __DUMMY__ 0.006926291735477362	false	1.0
abgewichst	off 1.0		neg 0.5567291514735458 off 0.4362651746029856 __DUMMY__ 0.00700567392346854	false	0.5
schwer	neg 1.0		neg 0.554398496882042 off 0.43859704741895433 __DUMMY__ 0.007004455699003564	false	1.0
bedeutungslosigkeit	neg 1.0		neg 0.5616746378417337 off 0.43132316191406445 __DUMMY__ 0.007002200244201983	false	1.0
kapitulation	neg 1.0		neg 0.5630087807217179 off 0.4300461318611755 __DUMMY__ 0.006945087417106441	false	1.0
unscharf	neg 1.0		neg 0.5524039498994917 off 0.4406212831190617 __DUMMY__ 0.006974766981446641	false	1.0
schwinden	neg 1.0		neg 0.5614057878128804 off 0.4315849318828737 __DUMMY__ 0.007009280304245837	false	1.0
versklavung	neg 1.0		neg 0.5584013520070304 off 0.4346877632686865 __DUMMY__ 0.006910884724283118	false	1.0
schlecht	neg 1.0		neg 0.5469829235086082 off 0.446034703128384 __DUMMY__ 0.00698237336300776	false	1.0
verhasst	neg 1.0		neg 0.5542077599118436 off 0.43881338797097597 __DUMMY__ 0.006978852117180495	false	1.0
beschweren	neg 1.0		neg 0.5524076700075722 off 0.4406020057418438 __DUMMY__ 0.006990324250583984	false	1.0
scheiden	neg 1.0		neg 0.5494991201440351 off 0.44342080936863515 __DUMMY__ 0.007080070487329736	false	1.0
frustriert	neg 1.0		neg 0.5557204638559184 off 0.43727239323225464 __DUMMY__ 0.00700714291182685	false	1.0
schimmelig	neg 1.0		neg 0.5588050514309644 off 0.4341791174281712 __DUMMY__ 0.0070158311408644244	false	1.0
fisch	neg 1.0		neg 0.5572149967161333 off 0.43570971436688494 __DUMMY__ 0.007075288916981737	false	1.0
schmuggel	neg 1.0		neg 0.5591972818351133 off 0.4337542717850284 __DUMMY__ 0.007048446379858247	false	1.0
auffallen	neg 1.0		neg 0.5515851914590941 off 0.4414270548991566 __DUMMY__ 0.0069877536417492616	false	1.0
konkurrenz	neg 1.0	neg 1.0	neg 0.7676198160873788 off 0.22902646415962993 __DUMMY__ 0.0033537197529911454	false	1.0
teufelskreis	neg 1.0	neg 1.0	neg 0.7652086123968416 off 0.2314698454354809 __DUMMY__ 0.003321542167677414	false	1.0
aufschreien	neg 1.0		neg 0.5528395013590244 off 0.4401920736547032 __DUMMY__ 0.006968424986272541	false	1.0
schuldner	neg 1.0		neg 0.5613027655683774 off 0.4316911289264354 __DUMMY__ 0.007006105505187104	false	1.0
missgeburt	off 1.0	off 1.0	off 0.7076224052442257 neg 0.289099588785096 __DUMMY__ 0.0032780059706783334	false	1.0
arbeitslos	neg 1.0		neg 0.5586934834870417 off 0.4343298739326428 __DUMMY__ 0.0069766425803154805	false	1.0
befallen	neg 1.0		neg 0.559105364481817 off 0.43393276523997776 __DUMMY__ 0.006961870278205228	false	1.0
miesepetrig	off 1.0	off 1.0	off 0.7064400572555853 neg 0.2902394939774227 __DUMMY__ 0.003320448766991995	false	1.0
alarmieren	neg 1.0		neg 0.5530572062712629 off 0.4400236785114423 __DUMMY__ 0.006919115217294713	false	1.0
ungeduscht	off 1.0		neg 0.5495105339459624 off 0.4434950455408571 __DUMMY__ 0.006994420513180514	false	0.5
knappheit	neg 1.0		neg 0.5617357541597489 off 0.43130088125260746 __DUMMY__ 0.006963364587643716	false	1.0
schlange	neg 1.0		neg 0.549857009541857 off 0.4431049058685501 __DUMMY__ 0.007038084589592975	false	1.0
harsch	neg 1.0		neg 0.5429298826257841 off 0.4501094662203601 __DUMMY__ 0.006960651153855737	false	1.0
lang	neg 1.0		neg 0.5546035021138427 off 0.4384037578651136 __DUMMY__ 0.006992740021043644	false	1.0
ziellos	neg 1.0		neg 0.5558914941641605 off 0.4370713720918987 __DUMMY__ 0.00703713374394069	false	1.0
selbstverliebt	neg 1.0		neg 0.539394472605095 off 0.45375595486369086 __DUMMY__ 0.006849572531214121	false	1.0
beseitigen	neg 1.0	neg 1.0	neg 0.7641009730705225 off 0.2325519941841569 __DUMMY__ 0.003347032745320688	false	1.0
dumm	off 1.0		neg 0.5424953973565988 off 0.45059692469491885 __DUMMY__ 0.006907677948482255	false	0.5
arbeitsloser	neg 1.0		neg 0.5580461441532992 off 0.43494300981331063 __DUMMY__ 0.007010846033390255	false	1.0
blitzen	neg 1.0		neg 0.552101588916243 off 0.44093144014566765 __DUMMY__ 0.0069669709380895785	false	1.0
hilflos	neg 1.0		neg 0.5561624674458957 off 0.4368271565612682 __DUMMY__ 0.007010375992836153	false	1.0
eklig	off 1.0		neg 0.5418271441671204 off 0.45126920605453574 __DUMMY__ 0.006903649778343814	false	0.5
begriff			neg 0.5574722761871049 off 0.4355504282701934 __DUMMY__ 0.006977295542701717	false	0.0
hungersnot	neg 1.0		neg 0.5583806032343339 off 0.4346395733341015 __DUMMY__ 0.006979823431564509	false	1.0
ungesetzlich	neg 1.0		neg 0.5576855629861696 off 0.43541738730812035 __DUMMY__ 0.006897049705709946	false	1.0
verschwendung	neg 1.0		neg 0.5598044340462393 off 0.433186084385209 __DUMMY__ 0.007009481568551728	false	1.0
schmerzvoll	neg 1.0		neg 0.5522839078652987 off 0.4407224913823487 __DUMMY__ 0.006993600752352708	false	1.0
vorzeitig	neg 1.0		neg 0.5506071137516013 off 0.44239875429463066 __DUMMY__ 0.006994131953768088	false	1.0
unvollkommenheit	neg 1.0		neg 0.5555214735281637 off 0.4374345614929325 __DUMMY__ 0.007043964978903647	false	1.0
intervenieren	neg 1.0		neg 0.5629530998291319 off 0.43008384464544647 __DUMMY__ 0.006963055525421565	false	1.0
banause	off 1.0		neg 0.5409795250412479 off 0.45215187341358226 __DUMMY__ 0.006868601545169756	false	0.5
rebell	neg 1.0		neg 0.5639584862788066 off 0.4290247315540312 __DUMMY__ 0.007016782167162267	false	1.0
unlogisch	neg 1.0		neg 0.5460454913221285 off 0.44701852753931676 __DUMMY__ 0.006935981138554805	false	1.0
leiden	neg 1.0		neg 0.5546119612371188 off 0.4382758778792199 __DUMMY__ 0.007112160883661476	false	1.0
abschaffung	neg 1.0		neg 0.5576546670694679 off 0.4354104872204114 __DUMMY__ 0.006934845710120727	false	1.0
sturz	neg 1.0		neg 0.5548817833599561 off 0.43812007542518666 __DUMMY__ 0.006998141214857349	false	1.0
verkleinerung	neg 1.0		neg 0.5563328158593988 off 0.43677151803029113 __DUMMY__ 0.006895666110309962	false	1.0
schmarotzer	off 1.0		neg 0.5593379603059274 off 0.4336938269434086 __DUMMY__ 0.006968212750663946	false	0.5
bestrafung	neg 1.0		neg 0.5536060647031277 off 0.43941136129209557 __DUMMY__ 0.0069825740047768	false	1.0
achtlos	neg 1.0		neg 0.5532424250897002 off 0.4397311301056222 __DUMMY__ 0.007026444804677525	false	1.0
