unsolidarisch	neg 1.0		neg 0.3847535280913565 __DUMMY__ 0.3199423711509162 off 0.2953041007577273	false	1.0
nachteilig	neg 1.0		neg 0.38382215897090316 __DUMMY__ 0.323474428649094 off 0.29270341238000286	false	1.0
skeptisch	neg 1.0		neg 0.38339287761292123 __DUMMY__ 0.32426214916540563 off 0.2923449732216732	false	1.0
schrecklich	neg 1.0		neg 0.36818345999526525 __DUMMY__ 0.32201959064514346 off 0.30979694935959123	false	1.0
schlapp	neg 1.0	neg 1.0	neg 0.6752171667334597 off 0.16865751864706033 __DUMMY__ 0.15612531461947995	false	1.0
abfall	neg 1.0		neg 0.38530486259776303 __DUMMY__ 0.3251581058210322 off 0.2895370315812047	false	1.0
widerspenstig	neg 1.0		neg 0.3769452647745729 __DUMMY__ 0.32419368517951497 off 0.298861050045912	false	1.0
abrupt	neg 1.0		neg 0.37839129171313146 __DUMMY__ 0.3267643022982835 off 0.2948444059885851	false	1.0
unwirksam	neg 1.0		neg 0.38323838296275803 __DUMMY__ 0.3207939459854447 off 0.2959676710517972	false	1.0
angreifen	neg 1.0	neg 1.0	neg 0.6818434317440023 off 0.16176822586866887 __DUMMY__ 0.15638834238732877	false	1.0
inkonsistent	neg 1.0		neg 0.3780611700940634 __DUMMY__ 0.3230212760465428 off 0.2989175538593938	false	1.0
abrutschen	neg 1.0		neg 0.38459283918994586 __DUMMY__ 0.3252994083220975 off 0.2901077524879565	false	1.0
unsicher	neg 1.0		neg 0.3764892091621851 __DUMMY__ 0.3244374377838844 off 0.2990733530539307	false	1.0
bauernkind	off 1.0	off 1.0	off 0.6398798085900929 neg 0.20654582036828953 __DUMMY__ 0.15357437104161759	false	1.0
angreifer	neg 1.0		neg 0.3753771136212708 __DUMMY__ 0.3242537833028691 off 0.30036910307586007	false	1.0
trennen	neg 1.0		neg 0.37637037507675986 __DUMMY__ 0.32765914563643295 off 0.2959704792868072	false	1.0
schmutz	neg 1.0		neg 0.37378364281336596 __DUMMY__ 0.3249890912398022 off 0.301227265946832	false	1.0
inkonsistenz	neg 1.0		neg 0.3770442075758833 __DUMMY__ 0.3210436720872574 off 0.30191212033685927	false	1.0
erschreckend	neg 1.0		neg 0.37934892086721095 __DUMMY__ 0.32363465347034887 off 0.2970164256624402	false	1.0
ertrinken	neg 1.0		neg 0.3793676280807449 __DUMMY__ 0.3254663312273999 off 0.29516604069185504	false	1.0
pickelface	off 1.0		neg 0.38136741426175635 __DUMMY__ 0.3232493154853312 off 0.2953832702529124	false	0.5
seiner			neg 0.3805856844953489 __DUMMY__ 0.3255383526428604 off 0.29387596286179063	false	0.0
lauch	neg 1.0		neg 0.3874500540014934 __DUMMY__ 0.3236651741163885 off 0.28888477188211814	false	1.0
unwichtig	neg 1.0		neg 0.3740798285530477 __DUMMY__ 0.32224732607291845 off 0.3036728453740337	false	1.0
steuerhinterziehung	neg 1.0		neg 0.38389358560754216 __DUMMY__ 0.32167764251862796 off 0.2944287718738298	false	1.0
schock	neg 1.0		neg 0.3750610035348319 __DUMMY__ 0.3259809642094766 off 0.29895803225569145	false	1.0
beule	neg 1.0		neg 0.3715404079834425 __DUMMY__ 0.32330435983916767 off 0.3051552321773899	false	1.0
vergelten	neg 1.0		neg 0.36794687245107055 __DUMMY__ 0.3233681343749242 off 0.3086849931740052	false	1.0
verdorbenheit	neg 1.0		neg 0.37776463156185985 __DUMMY__ 0.32419883228648316 off 0.29803653615165693	false	1.0
trauma	neg 1.0		neg 0.3772397581007009 __DUMMY__ 0.32334772840053444 off 0.2994125134987647	false	1.0
sinnlos	neg 1.0		neg 0.37450778340596946 __DUMMY__ 0.3238649859791365 off 0.301627230614894	false	1.0
fettsack	off 1.0	off 1.0	off 0.6415427330238949 neg 0.20428208506928383 __DUMMY__ 0.1541751819068212	false	1.0
feige	off 1.0	off 1.0	off 0.6379652564897724 neg 0.20730777062997774 __DUMMY__ 0.15472697288024984	false	1.0
abdanken	neg 1.0		neg 0.3816598559824253 __DUMMY__ 0.32227584925733926 off 0.2960642947602354	false	1.0
wichtigtuer	off 1.0	off 1.0	off 0.6363091844263599 neg 0.20826206014580134 __DUMMY__ 0.15542875542783874	false	1.0
misslingen	neg 1.0		neg 0.37161881821504006 __DUMMY__ 0.32667196079734895 off 0.3017092209876109	false	1.0
untreu	off 1.0		neg 0.37321031987599024 __DUMMY__ 0.32183133610361675 off 0.304958344020393	false	0.5
missmutig	neg 1.0		neg 0.37213040317502455 __DUMMY__ 0.3233168201767054 off 0.3045527766482701	false	1.0
hurenbock	off 1.0		neg 0.3752888379398096 __DUMMY__ 0.32425267811772784 off 0.3004584839424626	false	0.5
betrunken	neg 1.0		neg 0.3681766808720138 __DUMMY__ 0.3236119132709339 off 0.3082114058570522	false	1.0
korrupt	off 1.0		neg 0.38577571046084136 __DUMMY__ 0.32103458797505363 off 0.2931897015641049	false	0.5
unmut	neg 1.0		neg 0.3859484146632991 __DUMMY__ 0.3246789273587677 off 0.2893726579779333	false	1.0
hackfresse	off 1.0		neg 0.3671920847537927 __DUMMY__ 0.3200288443539346 off 0.3127790708922728	false	0.5
aufblasen	neg 1.0		neg 0.37419656334145335 __DUMMY__ 0.3247611204959956 off 0.30104231616255095	false	1.0
gewaltsam	neg 1.0		neg 0.3793667472404196 __DUMMY__ 0.32361467426416357 off 0.29701857849541674	false	1.0
unbeliebtheit	neg 1.0		neg 0.38075553813323876 __DUMMY__ 0.3188122837498961 off 0.30043217811686507	false	1.0
sturheit	neg 1.0		neg 0.37989794316254294 __DUMMY__ 0.32334764940833133 off 0.29675440742912573	false	1.0
kuh	neg 1.0		neg 0.3807348125984107 __DUMMY__ 0.32166861279246234 off 0.2975965746091269	false	1.0
erschrecken	neg 1.0		neg 0.37244056745889315 __DUMMY__ 0.3236719816333041 off 0.3038874509078029	false	1.0
opfer	neg 1.0		neg 0.380390823158273 __DUMMY__ 0.3248256396868904 off 0.29478353715483674	false	1.0
sinken	neg 1.0		neg 0.3834926878522448 __DUMMY__ 0.3256560225811577 off 0.2908512895665975	false	1.0
stinktier	neg 1.0		neg 0.3711032775643398 __DUMMY__ 0.3200055756903821 off 0.3088911467452782	false	1.0
tucke	off 1.0		neg 0.37099977934254824 __DUMMY__ 0.3174990840925425 off 0.31150113656490924	false	0.5
ein			neg 0.37436742643147136 __DUMMY__ 0.32514444117540164 off 0.3004881323931269	false	0.0
abstieg	neg 1.0		neg 0.37975582038292116 __DUMMY__ 0.3258832006637256 off 0.2943609789533532	false	1.0
missverstehen	neg 1.0		neg 0.3771963085666689 __DUMMY__ 0.3221314363116836 off 0.3006722551216473	false	1.0
ergebnislos	neg 1.0		neg 0.3824055320136132 __DUMMY__ 0.3244329725314884 off 0.2931614954548984	false	1.0
unter			neg 0.38323250261199193 __DUMMY__ 0.3293840935469146 off 0.2873834038410934	false	0.0
manipulieren	neg 1.0		neg 0.3829618181825756 __DUMMY__ 0.32445231928569274 off 0.2925858625317317	false	1.0
unbewiesen	neg 1.0		neg 0.38518461606542925 __DUMMY__ 0.31949706725051463 off 0.29531831668405617	false	1.0
verschleppen	neg 1.0		neg 0.3817137654297573 __DUMMY__ 0.3236636092620647 off 0.2946226253081779	false	1.0
weib	off 1.0		neg 0.3681680930191957 __DUMMY__ 0.3195339026706606 off 0.3122980043101437	false	0.5
opposition	neg 1.0		neg 0.37907476363722215 __DUMMY__ 0.3217776375741793 off 0.2991475987885985	false	1.0
verkehrswidrig	neg 1.0	neg 1.0	neg 0.6698106928151061 off 0.17233656775458747 __DUMMY__ 0.15785273943030645	false	1.0
inkorrekt	neg 1.0		neg 0.37597376250349085 __DUMMY__ 0.31938011628148544 off 0.30464612121502377	false	1.0
vermeiden	neg 1.0		neg 0.3841649177710102 __DUMMY__ 0.3271791105672702 off 0.28865597166171963	false	1.0
abweichung	neg 1.0	neg 1.0	neg 0.6808089262407798 off 0.16251503147626822 __DUMMY__ 0.15667604228295204	false	1.0
alkoholisiert	neg 1.0		neg 0.37408214661115197 __DUMMY__ 0.3294638781594667 off 0.2964539752293814	false	1.0
scheiss	off 1.0	off 1.0	off 0.6387882363328414 neg 0.20560745153064383 __DUMMY__ 0.15560431213651488	false	1.0
herausforderung	neg 1.0	neg 1.0	neg 0.6775512492144314 off 0.16353410603341595 __DUMMY__ 0.15891464475215264	false	1.0
pervers	off 1.0		neg 0.3647837537421854 __DUMMY__ 0.31911407531455577 off 0.3161021709432589	false	0.5
wackelig	neg 1.0		neg 0.3749467092254113 __DUMMY__ 0.3271872314503659 off 0.2978660593242227	false	1.0
verwickeln	neg 1.0		neg 0.3768140437649425 __DUMMY__ 0.3224229830300588 off 0.30076297320499884	false	1.0
vorwand	neg 1.0		neg 0.38387459437435884 __DUMMY__ 0.3245137478434694 off 0.2916116577821718	false	1.0
muschi	off 1.0		neg 0.38018045468145256 __DUMMY__ 0.32360408822687553 off 0.29621545709167174	false	0.5
entmutigung	neg 1.0		neg 0.38074657883775975 __DUMMY__ 0.32108187916002917 off 0.2981715420022112	false	1.0
unangemessen	neg 1.0		neg 0.3816999832919259 __DUMMY__ 0.3229378670087203 off 0.295362149699354	false	1.0
unstetig	neg 1.0		neg 0.3775558679554851 __DUMMY__ 0.3232703036042586 off 0.2991738284402563	false	1.0
entmutigen	neg 1.0		neg 0.3754938719268509 __DUMMY__ 0.3240288543806031 off 0.30047727369254607	false	1.0
schwanz	neg 1.0		neg 0.3826269109786343 __DUMMY__ 0.32448876158927176 off 0.29288432743209397	false	1.0
verbot	neg 1.0		neg 0.3845894948185129 __DUMMY__ 0.32197150712105793 off 0.29343899806042906	false	1.0
leid	neg 1.0		neg 0.3676883077379584 __DUMMY__ 0.3214734328318619 off 0.3108382594301798	false	1.0
archaisch	neg 1.0		neg 0.379716251827678 __DUMMY__ 0.3241658165482692 off 0.2961179316240527	false	1.0
gegen			neg 0.3825969896534863 __DUMMY__ 0.32578277117653187 off 0.29162023916998175	false	0.0
scheidung	neg 1.0		neg 0.3603018324157016 off 0.3204412612796414 __DUMMY__ 0.319256906304657	false	1.0
einschlag	neg 1.0	neg 1.0	neg 0.6739365169542968 off 0.17040264028056845 __DUMMY__ 0.1556608427651348	false	1.0
m			neg 0.37836383378476723 __DUMMY__ 0.32511876519191696 off 0.2965174010233159	false	0.0
abgestanden	neg 1.0		neg 0.37721936058334843 __DUMMY__ 0.32362510142086554 off 0.2991555379957861	false	1.0
schmierig	off 1.0		neg 0.36809939002805614 __DUMMY__ 0.32162119472907735 off 0.31027941524286656	false	0.5
unpraktisch	neg 1.0		neg 0.3739539542218791 __DUMMY__ 0.32516964423341566 off 0.30087640154470513	false	1.0
wixxer	off 1.0		neg 0.3661424220072408 __DUMMY__ 0.3185081827016447 off 0.31534939529111444	false	0.5
bezeichnet			neg 0.37932873889876706 __DUMMY__ 0.32320317688538164 off 0.29746808421585136	false	0.0
jammerlappen	off 1.0		neg 0.37360983718188134 __DUMMY__ 0.3224093147244472 off 0.30398084809367143	false	0.5
farce	neg 1.0		neg 0.38419024722481515 __DUMMY__ 0.32158807073671886 off 0.294221682038466	false	1.0
zwecklos	neg 1.0		neg 0.380842931565679 __DUMMY__ 0.32345553287416723 off 0.29570153556015394	false	1.0
turbulent	neg 1.0		neg 0.3748744544839794 __DUMMY__ 0.3213760526376381 off 0.3037494928783827	false	1.0
invasion	neg 1.0		neg 0.3746122440340212 __DUMMY__ 0.32375357228021134 off 0.3016341836857674	false	1.0
schuld	neg 1.0		neg 0.3768783916600193 __DUMMY__ 0.3235777976907919 off 0.2995438106491887	false	1.0
risiko	neg 1.0		neg 0.3757938375998786 __DUMMY__ 0.3247354718562212 off 0.2994706905439001	false	1.0
finster	neg 1.0		neg 0.3750529765202139 __DUMMY__ 0.3245693317612162 off 0.30037769171857	false	1.0
geisteskrank	off 1.0		neg 0.37383647573182543 __DUMMY__ 0.32100460657532953 off 0.30515891769284514	false	0.5
zusammenbrechen	neg 1.0		neg 0.37741031275256337 __DUMMY__ 0.3250305413158534 off 0.29755914593158306	false	1.0
ausbeute	neg 1.0		neg 0.3772453384555616 __DUMMY__ 0.3274995173359063 off 0.2952551442085321	false	1.0
hinterhalt	neg 1.0		neg 0.3776670991718689 __DUMMY__ 0.3253046411895794 off 0.2970282596385515	false	1.0
kritik	neg 1.0		neg 0.38390940372478133 __DUMMY__ 0.3218743302819818 off 0.29421626599323686	false	1.0
einschrumpfen	neg 1.0		neg 0.3795928657450269 __DUMMY__ 0.3204927260063914 off 0.2999144082485818	false	1.0
riskant	neg 1.0		neg 0.38246401128958357 __DUMMY__ 0.32381160022977 off 0.29372438848064647	false	1.0
frustrieren	neg 1.0		neg 0.3810112998590467 __DUMMY__ 0.32447987645390713 off 0.2945088236870461	false	1.0
groll	neg 1.0		neg 0.3797295584737846 __DUMMY__ 0.3243136337994375 off 0.29595680772677807	false	1.0
gibt			neg 0.37896266667545975 __DUMMY__ 0.32440451105487916 off 0.29663282226966114	false	0.0
qualvoll	neg 1.0		neg 0.37231733381291965 __DUMMY__ 0.3243325257339682 off 0.30335014045311204	false	1.0
wackeln	neg 1.0	neg 1.0	neg 0.6764111369258405 off 0.16630577646364095 __DUMMY__ 0.1572830866105185	false	1.0
klagen	neg 1.0		neg 0.384925746998598 __DUMMY__ 0.32490242067459835 off 0.2901718323268036	false	1.0
bankrott	neg 1.0		neg 0.37353210587118085 __DUMMY__ 0.3232538374195602 off 0.303214056709259	false	1.0
trauern	neg 1.0		neg 0.3787329141368926 __DUMMY__ 0.3259229014110717 off 0.29534418445203564	false	1.0
ablehnung	neg 1.0		neg 0.38412128217508584 __DUMMY__ 0.32172404687149875 off 0.29415467095341535	false	1.0
stur	neg 1.0		neg 0.3768224357485188 __DUMMY__ 0.32315515118289995 off 0.30002241306858113	false	1.0
aufruhr	neg 1.0		neg 0.37969225972627585 __DUMMY__ 0.32349356813465036 off 0.2968141721390738	false	1.0
melancholie	neg 1.0		neg 0.3777406185394498 __DUMMY__ 0.3256224237159996 off 0.2966369577445505	false	1.0
ist			neg 0.3754000698029853 __DUMMY__ 0.3237571512854449 off 0.30084277891156985	false	0.0
torheit	neg 1.0		neg 0.37958181359100324 __DUMMY__ 0.32217833163295334 off 0.2982398547760434	false	1.0
dreckskind	off 1.0		neg 0.3701665773689458 __DUMMY__ 0.31952380231265337 off 0.31030962031840076	false	0.5
umtauschen	neg 1.0		neg 0.37677432137484584 __DUMMY__ 0.32465274349189444 off 0.2985729351332597	false	1.0
zum			neg 0.37852366787030195 __DUMMY__ 0.3302796839671 off 0.29119664816259805	false	0.0
zersetzen	neg 1.0		neg 0.3847075216997345 __DUMMY__ 0.3235257480813618 off 0.2917667302189038	false	1.0
zur			neg 0.3849000014222531 __DUMMY__ 0.32718267968859804 off 0.28791731888914884	false	0.0
frust	neg 1.0		neg 0.37756683284791087 __DUMMY__ 0.32506520441575915 off 0.29736796273633004	false	1.0
unerbittlichkeit	neg 1.0		neg 0.3837681714417908 __DUMMY__ 0.323969434947991 off 0.2922623936102182	false	1.0
zwei			neg 0.37812459958552375 __DUMMY__ 0.32893818877929026 off 0.2929372116351858	false	0.0
unkorrekt	neg 1.0		neg 0.3743006373179718 __DUMMY__ 0.3198957699174947 off 0.3058035927645335	false	1.0
hexe	off 1.0		neg 0.3724344143016671 __DUMMY__ 0.32258950723640833 off 0.3049760784619245	false	0.5
lasch	neg 1.0		neg 0.3764172598149372 __DUMMY__ 0.32171238101522903 off 0.30187035916983374	false	1.0
rivale	neg 1.0		neg 0.3693276130578908 __DUMMY__ 0.32285814636073046 off 0.3078142405813788	false	1.0
mutlos	off 1.0	off 1.0	off 0.6320213420383686 neg 0.2122547886125835 __DUMMY__ 0.15572386934904794	false	1.0
wirr	off 1.0		neg 0.37350003982840313 __DUMMY__ 0.32014567201363264 off 0.3063542881579643	false	0.5
jahr			neg 0.3762140872568855 __DUMMY__ 0.3287041845271685 off 0.2950817282159462	false	0.0
wird			neg 0.37936363792899913 __DUMMY__ 0.3251606609547656 off 0.2954757011162353	false	0.0
strafbar	neg 1.0		neg 0.3830922472941755 __DUMMY__ 0.323384174222349 off 0.29352357848347554	false	1.0
erosion	neg 1.0		neg 0.37547553329738803 __DUMMY__ 0.32465900542155474 off 0.29986546128105723	false	1.0
eingehen	neg 1.0		neg 0.38197080708757536 __DUMMY__ 0.3233333246177536 off 0.2946958682946709	false	1.0
faul	off 1.0		neg 0.3725242907849959 __DUMMY__ 0.32359516563493457 off 0.3038805435800697	false	0.5
provisorium	neg 1.0		neg 0.38599878022176565 __DUMMY__ 0.32801531710976045 off 0.28598590266847407	false	1.0
schmerzen	neg 1.0		neg 0.37673110713684643 __DUMMY__ 0.3243957394983167 off 0.2988731533648368	false	1.0
schrumpfen	neg 1.0		neg 0.38687109761145155 __DUMMY__ 0.3257259759003729 off 0.2874029264881755	false	1.0
geistlos	off 1.0		neg 0.38080595419206303 __DUMMY__ 0.3200765279655136 off 0.29911751784242324	false	0.5
fehlkauf	neg 1.0		neg 0.37742903466996436 __DUMMY__ 0.32268020854986657 off 0.2998907567801689	false	1.0
frustrierend	neg 1.0		neg 0.3719625942262191 __DUMMY__ 0.3240642040466832 off 0.30397320172709774	false	1.0
unzufrieden	neg 1.0		neg 0.380823632307268 __DUMMY__ 0.32357341437936055 off 0.29560295331337144	false	1.0
verzweifeln	neg 1.0		neg 0.37727476849690966 __DUMMY__ 0.32437721052414537 off 0.298348020978945	false	1.0
verzweifelt	neg 1.0		neg 0.376722680125851 __DUMMY__ 0.3231676361741569 off 0.30010968369999214	false	1.0
misstrauensantrag	neg 1.0		neg 0.37761715415399155 __DUMMY__ 0.3221429238166196 off 0.3002399220293889	false	1.0
abfallen	neg 1.0		neg 0.3730043664526027 __DUMMY__ 0.32550668320050385 off 0.3014889503468935	false	1.0
fucker	off 1.0		neg 0.3729604714800024 __DUMMY__ 0.3212295497808326 off 0.30580997873916477	false	0.5
ungezogen	neg 1.0		neg 0.36456179015288387 __DUMMY__ 0.3204702811418928 off 0.31496792870522333	false	1.0
irrsinnig	neg 1.0	neg 1.0	neg 0.678696254166835 off 0.1655733939859774 __DUMMY__ 0.15573035184718753	false	1.0
unfassbar	neg 1.0		neg 0.3723839549738138 __DUMMY__ 0.32254662177131105 off 0.3050694232548752	false	1.0
hart	neg 1.0		neg 0.3763178097494297 __DUMMY__ 0.3220057107821537 off 0.3016764794684165	false	1.0
widerlich	off 1.0		neg 0.37384847780971 __DUMMY__ 0.3210395241613136 off 0.3051119980289765	false	0.5
fatal	neg 1.0		neg 0.37682877287534833 __DUMMY__ 0.32280171643330596 off 0.3003695106913456	false	1.0
bruch	neg 1.0		neg 0.385581368546059 __DUMMY__ 0.32438434727626747 off 0.29003428417767346	false	1.0
aushungern	neg 1.0		neg 0.3822862081494164 __DUMMY__ 0.3221113469731601 off 0.29560244487742365	false	1.0
anspannung	neg 1.0	neg 1.0	neg 0.6796519977870371 off 0.16087746968957253 __DUMMY__ 0.1594705325233904	false	1.0
von			neg 0.37832948058493115 __DUMMY__ 0.32802444964669186 off 0.29364606976837704	false	0.0
kraftlos	neg 1.0		neg 0.3764264433304673 __DUMMY__ 0.3260690789002543 off 0.2975044777692784	false	1.0
vom			neg 0.3815645931455887 __DUMMY__ 0.3300557431217765 off 0.28837966373263474	false	0.0
grenzdebil	off 1.0		neg 0.3713584202473703 __DUMMY__ 0.32239879657805637 off 0.3062427831745732	false	0.5
vor			neg 0.38145656277797463 __DUMMY__ 0.3258897012714492 off 0.29265373595057603	false	0.0
unterwerfen	neg 1.0		neg 0.38109940961406025 __DUMMY__ 0.32461757264699564 off 0.2942830177389441	false	1.0
versenkung	neg 1.0		neg 0.38185346765907674 __DUMMY__ 0.3244199661915548 off 0.2937265661493685	false	1.0
entziehen	neg 1.0		neg 0.38402176904306523 __DUMMY__ 0.32493224584461744 off 0.2910459851123174	false	1.0
finanzkrise	neg 1.0		neg 0.38389577736719355 __DUMMY__ 0.32110614667400494 off 0.2949980759588015	false	1.0
schimpfend	neg 1.0		neg 0.3722897035674607 __DUMMY__ 0.32608274132049686 off 0.3016275551120424	false	1.0
profan	neg 1.0		neg 0.3750684189130712 __DUMMY__ 0.3230931484016706 off 0.30183843268525823	false	1.0
korruption	neg 1.0	neg 1.0	neg 0.6827423012114017 off 0.16214119554222478 __DUMMY__ 0.15511650324637358	false	1.0
â			neg 0.3801106882665679 __DUMMY__ 0.32490141696307867 off 0.29498789477035336	false	0.0
schmutzig	neg 1.0		neg 0.3714252751978747 __DUMMY__ 0.32279884008274917 off 0.3057758847193761	false	1.0
sexy	neg 1.0		neg 0.37439354806284536 __DUMMY__ 0.3230681612450637 off 0.3025382906920909	false	1.0
abraten	neg 1.0		neg 0.3758062620832247 __DUMMY__ 0.32341912516045285 off 0.3007746127563224	false	1.0
schwarz	neg 1.0		neg 0.3772048564692587 __DUMMY__ 0.32300910808594624 off 0.2997860354447951	false	1.0
fotze	off 1.0		neg 0.38254866701319784 __DUMMY__ 0.3238140456273206 off 0.29363728735948175	false	0.5
verwirren	neg 1.0		neg 0.3745814650529765 __DUMMY__ 0.32322222547966395 off 0.30219630946735954	false	1.0
zahnlos	off 1.0		neg 0.38135982823700665 __DUMMY__ 0.3232550357835187 off 0.2953851359794747	false	0.5
verheeren	neg 1.0		neg 0.3642184860432499 __DUMMY__ 0.3200935168591953 off 0.3156879970975549	false	1.0
hippie	neg 1.0		neg 0.37560867766072414 __DUMMY__ 0.3227463772299833 off 0.30164494510929263	false	1.0
rammen	neg 1.0		neg 0.37888172371715817 __DUMMY__ 0.3225686331781459 off 0.2985496431046959	false	1.0
unlauter	neg 1.0		neg 0.3824791784008799 __DUMMY__ 0.3206925524486258 off 0.2968282691504943	false	1.0
unheilvoll	neg 1.0		neg 0.3726505787521105 __DUMMY__ 0.32492830870514444 off 0.3024211125427452	false	1.0
niedrig	neg 1.0		neg 0.3826990451159503 __DUMMY__ 0.324396523038233 off 0.2929044318458166	false	1.0
explosion	neg 1.0		neg 0.37644638899121335 __DUMMY__ 0.3226503916128326 off 0.30090321939595405	false	1.0
weichei	off 1.0		neg 0.36910157307101993 __DUMMY__ 0.32004893062754425 off 0.31084949630143577	false	0.5
minusmensch	off 1.0		neg 0.37078208164173637 __DUMMY__ 0.3165007380816704 off 0.3127171802765931	false	0.5
farblos	neg 1.0		neg 0.3743936645751452 __DUMMY__ 0.3265492564023059 off 0.2990570790225488	false	1.0
unwissend	neg 1.0	neg 1.0	neg 0.6763386391304734 off 0.16835536648656904 __DUMMY__ 0.1553059943829575	false	1.0
traurig	neg 1.0		neg 0.36876906200562254 __DUMMY__ 0.3224494014443534 off 0.3087815365500239	false	1.0
senkung	neg 1.0		neg 0.37826595385639933 __DUMMY__ 0.3214077571582866 off 0.3003262889853141	false	1.0
ungleich	neg 1.0	neg 1.0	neg 0.6824018225471519 off 0.1618019161706609 __DUMMY__ 0.1557962612821873	false	1.0
heikel	neg 1.0		neg 0.3838030219507958 __DUMMY__ 0.32389591203946416 off 0.2923010660097401	false	1.0
drosselung	neg 1.0		neg 0.3720833169177031 __DUMMY__ 0.32240913668862203 off 0.30550754639367483	false	1.0
falsch	neg 1.0		neg 0.37351668145292066 __DUMMY__ 0.32298646784582613 off 0.30349685070125315	false	1.0
unzufriedenheit	neg 1.0		neg 0.38364475283047283 __DUMMY__ 0.3244325506082123 off 0.29192269656131486	false	1.0
kurz	neg 1.0		neg 0.37539479301601175 __DUMMY__ 0.32628624708806736 off 0.298318959895921	false	1.0
unsinnig	neg 1.0		neg 0.38176273269965827 __DUMMY__ 0.32263751401935425 off 0.2955997532809876	false	1.0
penner	off 1.0	off 1.0	off 0.6432975815489298 neg 0.20261833392923423 __DUMMY__ 0.15408408452183603	false	1.0
seicht	neg 1.0		neg 0.3681794214971282 __DUMMY__ 0.31848505901471136 off 0.3133355194881604	false	1.0
dummheit	off 1.0	off 1.0	off 0.6363203787232186 neg 0.2085710495910925 __DUMMY__ 0.1551085716856889	false	1.0
unerfreulich	neg 1.0		neg 0.3827735803377282 __DUMMY__ 0.3251843875980355 off 0.29204203206423635	false	1.0
motherfucker	off 1.0	off 1.0	off 0.6389043367287708 neg 0.2066058364252924 __DUMMY__ 0.15448982684593682	false	1.0
pikiert	neg 1.0		neg 0.37530089036233427 __DUMMY__ 0.3210198743633966 off 0.30367923527426904	false	1.0
wrack	neg 1.0		neg 0.3774049559805297 __DUMMY__ 0.32695593300207193 off 0.2956391110173985	false	1.0
gangster	neg 1.0		neg 0.3753394319342147 __DUMMY__ 0.32317345763772093 off 0.30148711042806453	false	1.0
krank	neg 1.0		neg 0.3692530731680064 __DUMMY__ 0.32344154406571296 off 0.30730538276628067	false	1.0
reich	neg 1.0		neg 0.3754627358837903 __DUMMY__ 0.3218793639166036 off 0.30265790019960614	false	1.0
gnadenlos	neg 1.0		neg 0.3765158308372586 __DUMMY__ 0.3237882652922311 off 0.2996959038705102	false	1.0
niedergeschlagen	neg 1.0		neg 0.37690209200370123 __DUMMY__ 0.32524246309265653 off 0.2978554449036422	false	1.0
terrorisieren	off 1.0	off 1.0	off 0.6328474989474095 neg 0.2106539520133748 __DUMMY__ 0.1564985490392157	false	1.0
sinnlosigkeit	neg 1.0		neg 0.3799613157858405 __DUMMY__ 0.32394268233853074 off 0.2960960018756287	false	1.0
behindern	neg 1.0		neg 0.37967117976723147 __DUMMY__ 0.3232570269852948 off 0.2970717932474738	false	1.0
undemokratisch	neg 1.0		neg 0.3813344216814507 __DUMMY__ 0.3211775170015223 off 0.29748806131702704	false	1.0
wirtschaftskrise	neg 1.0		neg 0.38400101028036926 __DUMMY__ 0.3227099105626179 off 0.29328907915701297	false	1.0
neid	neg 1.0		neg 0.36900069932704727 __DUMMY__ 0.3251304690451416 off 0.3058688316278112	false	1.0
rutschen	neg 1.0	neg 1.0	neg 0.6787338352989019 off 0.1620402510818741 __DUMMY__ 0.15922591361922414	false	1.0
rezession	neg 1.0		neg 0.37467106910680487 __DUMMY__ 0.31859150407933934 off 0.30673742681385585	false	1.0
fehlgeburt	neg 1.0		neg 0.37391216782179987 __DUMMY__ 0.32446684962623934 off 0.3016209825519608	false	1.0
charakterschwach	off 1.0		neg 0.3731022665211498 __DUMMY__ 0.3217348130831792 off 0.3051629203956711	false	0.5
isolation	neg 1.0		neg 0.37218688819693246 __DUMMY__ 0.32396188526943415 off 0.3038512265336335	false	1.0
ablenkung	neg 1.0		neg 0.37631312590614885 __DUMMY__ 0.3243241090798396 off 0.29936276501401166	false	1.0
pech	neg 1.0		neg 0.37263490754994916 __DUMMY__ 0.3237511699545852 off 0.3036139224954655	false	1.0
vermeidung	neg 1.0		neg 0.37381606872550516 __DUMMY__ 0.3211872575457321 off 0.30499667372876266	false	1.0
dominieren	neg 1.0		neg 0.3773770433071662 __DUMMY__ 0.3265289661271724 off 0.29609399056566144	false	1.0
schwindlig	neg 1.0		neg 0.37170213553444265 __DUMMY__ 0.3253279468313258 off 0.3029699176342317	false	1.0
lutscher	neg 1.0	neg 1.0	neg 0.6727265943147892 off 0.17382649381873186 __DUMMY__ 0.1534469118664789	false	1.0
pflicht	neg 1.0		neg 0.3830652914377135 __DUMMY__ 0.3244309480836557 off 0.29250376047863086	false	1.0
faschist	off 1.0		neg 0.3788716554713091 __DUMMY__ 0.32095784312779146 off 0.30017050140089946	false	0.5
verschleudern	neg 1.0		neg 0.38690126524589036 __DUMMY__ 0.32158791918686774 off 0.2915108155672418	false	1.0
wenn			neg 0.37307997271306237 __DUMMY__ 0.32307421780431095 off 0.3038458094826266	false	0.0
ehebruch	neg 1.0		neg 0.3823765986466168 __DUMMY__ 0.3235072996991732 off 0.2941161016542098	false	1.0
spott	off 1.0		neg 0.38369917597677955 __DUMMY__ 0.32314246176193334 off 0.29315836226128716	false	0.5
trostlosigkeit	neg 1.0		neg 0.38381138995541886 __DUMMY__ 0.32489529371721054 off 0.2912933163273706	false	1.0
lutschen	neg 1.0		neg 0.3779853996835353 __DUMMY__ 0.32177294778353216 off 0.3002416525329326	false	1.0
undiszipliniert	neg 1.0		neg 0.3701660944777636 __DUMMY__ 0.32230360837061534 off 0.307530297151621	false	1.0
kopfschmerz	neg 1.0		neg 0.37668313910054546 __DUMMY__ 0.3254479838347104 off 0.2978688770647441	false	1.0
unvorhergesehen	neg 1.0		neg 0.37593012881029386 __DUMMY__ 0.32757386233714253 off 0.29649600885256366	false	1.0
desinteressiert	neg 1.0		neg 0.3716883495655956 __DUMMY__ 0.32153106359867245 off 0.306780586835732	false	1.0
armselig	off 1.0		neg 0.3727808457906483 __DUMMY__ 0.32019615098711934 off 0.30702300322223236	false	0.5
desaster	neg 1.0		neg 0.3862369646389899 __DUMMY__ 0.3244021300294548 off 0.2893609053315554	false	1.0
tod	neg 1.0		neg 0.37994687119108406 __DUMMY__ 0.32499129389772835 off 0.2950618349111876	false	1.0
herzlos	neg 1.0		neg 0.3705721480282073 __DUMMY__ 0.32108502911505676 off 0.3083428228567359	false	1.0
unwissenheit	neg 1.0		neg 0.38276637121595813 __DUMMY__ 0.3225363880084664 off 0.29469724077557535	false	1.0
widersinnig	neg 1.0	neg 1.0	neg 0.6823513743979113 off 0.16275985361099315 __DUMMY__ 0.15488877199109558	false	1.0
bedenklich	neg 1.0		neg 0.38248902551483593 __DUMMY__ 0.323583021832182 off 0.293927952652982	false	1.0
beanstanden	neg 1.0		neg 0.383523873722938 __DUMMY__ 0.3246396473215577 off 0.29183647895550413	false	1.0
panisch	neg 1.0	neg 1.0	neg 0.6743912068290641 off 0.16805032576234158 __DUMMY__ 0.15755846740859442	false	1.0
debil	off 1.0		neg 0.3871779983449634 __DUMMY__ 0.32620042500427854 off 0.28662157665075816	false	0.5
abstrich	neg 1.0		neg 0.3816144693519745 __DUMMY__ 0.32380724518459186 off 0.2945782854634336	false	1.0
primitiv	neg 1.0		neg 0.3733008691329434 __DUMMY__ 0.3210445881766605 off 0.30565454269039605	false	1.0
abschaum	off 1.0	off 1.0	off 0.6378499886954494 neg 0.20707432662381114 __DUMMY__ 0.15507568468073943	false	1.0
provozieren	neg 1.0		neg 0.37806415817205813 __DUMMY__ 0.32302754334282946 off 0.2989082984851126	false	1.0
tot	neg 1.0		neg 0.380816815933837 __DUMMY__ 0.3248156610864133 off 0.2943675229797498	false	1.0
instabil	neg 1.0		neg 0.37570462116390396 __DUMMY__ 0.3198517037185629 off 0.30444367511753306	false	1.0
schwuchtel	off 1.0		neg 0.3645603761941868 off 0.3186735271584973 __DUMMY__ 0.3167660966473159	false	0.5
zerren	neg 1.0		neg 0.37653603478035425 __DUMMY__ 0.3253773573552589 off 0.298086607864387	false	1.0
kinderficker	off 1.0		neg 0.3710564536594519 __DUMMY__ 0.31939241816743735 off 0.3095511281731108	false	0.5
gefahr	neg 1.0		neg 0.383423695264006 __DUMMY__ 0.3245259018871575 off 0.29205040284883665	false	1.0
rabiat	neg 1.0		neg 0.3790277187792012 __DUMMY__ 0.32297253152590083 off 0.297999749694898	false	1.0
verlangsamung	neg 1.0		neg 0.36969138221258796 __DUMMY__ 0.3189502194444684 off 0.31135839834294365	false	1.0
ausgestorben	neg 1.0		neg 0.3764659107847842 __DUMMY__ 0.3249013001651277 off 0.29863278905008805	false	1.0
anklagen	neg 1.0		neg 0.3817157345304802 __DUMMY__ 0.3228478041653437 off 0.2954364613041761	false	1.0
trott	neg 1.0		neg 0.3774642002403965 __DUMMY__ 0.3243790458971347 off 0.2981567538624688	false	1.0
verminderung	neg 1.0		neg 0.3720303436965598 __DUMMY__ 0.3216026394343457 off 0.3063670168690945	false	1.0
nach			neg 0.3792435048726484 __DUMMY__ 0.32960384333523707 off 0.2911526517921146	false	0.0
rost	neg 1.0		neg 0.3688572024220217 __DUMMY__ 0.32032655544605354 off 0.3108162421319247	false	1.0
destruktiv	neg 1.0		neg 0.38107454679671876 __DUMMY__ 0.32213140876589846 off 0.2967940444373828	false	1.0
unzumutbarkeit	neg 1.0		neg 0.3724048296783 __DUMMY__ 0.3232788819363883 off 0.3043162883853116	false	1.0
labil	off 1.0	off 1.0	off 0.6377313668187633 neg 0.20721972332047142 __DUMMY__ 0.15504890986076528	false	1.0
ziemlich	neg 1.0		neg 0.3705137109926138 __DUMMY__ 0.3233160069168467 off 0.3061702820905396	false	1.0
lachnummer	off 1.0		neg 0.37887258902368204 __DUMMY__ 0.3232441453489846 off 0.2978832656273334	false	0.5
oder			neg 0.3749588163386552 __DUMMY__ 0.3251061819454957 off 0.29993500171584914	false	0.0
verfall	neg 1.0		neg 0.38815642928097 __DUMMY__ 0.3250091408736593 off 0.2868344298453707	false	1.0
ausgrenzung	neg 1.0		neg 0.3813983252797508 __DUMMY__ 0.3206266966947842 off 0.2979749780254649	false	1.0
unordnung	neg 1.0		neg 0.3721850039296387 __DUMMY__ 0.3228702690692898 off 0.30494472700107156	false	1.0
fehlverhalten	neg 1.0		neg 0.3840475322500277 __DUMMY__ 0.32366666342148986 off 0.2922858043284824	false	1.0
eine			neg 0.38195065159606356 __DUMMY__ 0.3253187730261313 off 0.29273057537780506	false	0.0
nille	neg 1.0		neg 0.37930937454858776 __DUMMY__ 0.3237789841297725 off 0.2969116413216396	false	1.0
qual	neg 1.0		neg 0.37815344762995173 __DUMMY__ 0.32413247786521104 off 0.29771407450483717	false	1.0
verschwenden	neg 1.0		neg 0.3816308690991475 __DUMMY__ 0.3237252229852828 off 0.2946439079155696	false	1.0
riesig	neg 1.0	neg 1.0	neg 0.6795618180745212 off 0.16329414082977256 __DUMMY__ 0.15714404109570623	false	1.0
verurteilen	neg 1.0		neg 0.3820165122104763 __DUMMY__ 0.3229902061504194 off 0.2949932816391044	false	1.0
klischee	neg 1.0	neg 1.0	neg 0.6781118768020628 off 0.1669021566032171 __DUMMY__ 0.15498596659472005	false	1.0
diktatorisch	neg 1.0		neg 0.3824973476577529 __DUMMY__ 0.3201214962091596 off 0.29738115613308747	false	1.0
vorhersehbar	neg 1.0	neg 1.0	neg 0.6779798615253471 off 0.16667440694855568 __DUMMY__ 0.15534573152609726	false	1.0
sowie			neg 0.37080787162671636 __DUMMY__ 0.3195964444163263 off 0.3095956839569574	false	0.0
stornieren	neg 1.0		neg 0.3713868421891657 __DUMMY__ 0.3268765136359733 off 0.30173664417486107	false	1.0
besteuerung	neg 1.0		neg 0.3813225684082096 __DUMMY__ 0.3212582005459451 off 0.2974192310458452	false	1.0
ungeschminkt	neg 1.0		neg 0.37384631017504727 __DUMMY__ 0.32126639139876456 off 0.3048872984261883	false	1.0
kritisch	neg 1.0		neg 0.38222723279127546 __DUMMY__ 0.3238846746606712 off 0.2938880925480533	false	1.0
schlamperei	off 1.0		neg 0.3851298333879113 __DUMMY__ 0.32306828334360826 off 0.2918018832684805	false	0.5
sucht	neg 1.0	neg 1.0	neg 0.6784486254050899 off 0.16509652672899938 __DUMMY__ 0.15645484786591074	false	1.0
egoistisch	off 1.0		neg 0.3675598404166794 __DUMMY__ 0.3209877303661704 off 0.3114524292171502	false	0.5
ausbeuter	off 1.0		neg 0.3858482328525134 __DUMMY__ 0.32274030643082163 off 0.291411460716665	false	0.5
arschgeburt	off 1.0		neg 0.36498647049381544 off 0.3185805869238026 __DUMMY__ 0.316432942582382	false	0.5
schubs	neg 1.0	neg 1.0	neg 0.6780939624902953 off 0.16441249287592036 __DUMMY__ 0.1574935446337843	false	1.0
unsolide	neg 1.0		neg 0.3846404337362998 __DUMMY__ 0.31849603415718547 off 0.2968635321065147	false	1.0
beschwerde	neg 1.0		neg 0.38532823538790223 __DUMMY__ 0.3228171916446069 off 0.29185457296749096	false	1.0
stocken	neg 1.0		neg 0.38320168872696175 __DUMMY__ 0.32360027037164263 off 0.2931980409013957	false	1.0
isolieren	neg 1.0		neg 0.3821907455484866 __DUMMY__ 0.3232985629004605 off 0.294510691551053	false	1.0
unheilbar	neg 1.0		neg 0.3755339767079785 __DUMMY__ 0.32465235269394704 off 0.2998136705980746	false	1.0
pisser	off 1.0		neg 0.37315611082180516 __DUMMY__ 0.3209831678831676 off 0.3058607212950273	false	0.5
löschen	neg 1.0		neg 0.37792200444330093 __DUMMY__ 0.32378339389474975 off 0.2982946016619493	false	1.0
durchfallen	neg 1.0		neg 0.38208281442937 __DUMMY__ 0.32296873759153394 off 0.29494844797909603	false	1.0
wichser	off 1.0		neg 0.36398463844958195 __DUMMY__ 0.3194983145044343 off 0.31651704704598377	false	0.5
terror	neg 1.0		neg 0.37407903866451625 __DUMMY__ 0.3238480542964246 off 0.3020729070390591	false	1.0
krass	neg 1.0		neg 0.3701402851659832 __DUMMY__ 0.3209773660320176 off 0.3088823488019993	false	1.0
revolte	neg 1.0	neg 1.0	neg 0.679712982845351 off 0.16545260769049056 __DUMMY__ 0.15483440946415852	false	1.0
besorgt	neg 1.0		neg 0.3760122504159521 __DUMMY__ 0.32631633660077586 off 0.29767141298327204	false	1.0
nachlassen	neg 1.0		neg 0.3813710362367394 __DUMMY__ 0.324846062476445 off 0.2937829012868156	false	1.0
alt	neg 1.0		neg 0.38018124123790675 __DUMMY__ 0.3247351212100496 off 0.29508363755204364	false	1.0
hundesohn	off 1.0		neg 0.3686741059889914 __DUMMY__ 0.3180818991284043 off 0.31324399488260435	false	0.5
als			neg 0.37712563943488264 __DUMMY__ 0.3254848036926045 off 0.29738955687251284	false	0.0
abschreckung	neg 1.0		neg 0.38470751552639615 __DUMMY__ 0.3243867293335032 off 0.2909057551401007	false	1.0
unqualifiziert	neg 1.0		neg 0.3782705262930119 __DUMMY__ 0.32090401814304154 off 0.30082545556394663	false	1.0
abgewichst	off 1.0		neg 0.37895926071270847 __DUMMY__ 0.32441120496608183 off 0.29662953432120975	false	0.5
schwer	neg 1.0		neg 0.3768119972393671 __DUMMY__ 0.3243380818514517 off 0.2988499209091811	false	1.0
bedeutungslosigkeit	neg 1.0		neg 0.3836941436446768 __DUMMY__ 0.32425389626393925 off 0.29205196009138396	false	1.0
kapitulation	neg 1.0		neg 0.38633071454270546 __DUMMY__ 0.3217440216725952 off 0.2919252637846993	false	1.0
unscharf	neg 1.0		neg 0.37568789161344235 __DUMMY__ 0.3230917306785151 off 0.30122037770804255	false	1.0
schwinden	neg 1.0		neg 0.3832658225362317 __DUMMY__ 0.32459406860145723 off 0.29214010886231107	false	1.0
versklavung	neg 1.0		neg 0.3827908970600177 __DUMMY__ 0.3202383608663227 off 0.29697074207365953	false	1.0
schlecht	neg 1.0		neg 0.3702998895117479 __DUMMY__ 0.32337464121948617 off 0.3063254692687658	false	1.0
verhasst	neg 1.0		neg 0.3772078221184555 __DUMMY__ 0.3232172906229146 off 0.29957488725863	false	1.0
beschweren	neg 1.0		neg 0.3752571675388723 __DUMMY__ 0.3237168264485181 off 0.30102600601260954	false	1.0
scheiden	neg 1.0		neg 0.3702599978854546 __DUMMY__ 0.32778316824549925 off 0.30195683386904604	false	1.0
frustriert	neg 1.0		neg 0.3779848875078967 __DUMMY__ 0.3244559913483106 off 0.2975591211437928	false	1.0
schimmelig	neg 1.0		neg 0.38075311421182606 __DUMMY__ 0.3249261795516727 off 0.2943207062365011	false	1.0
fisch	neg 1.0		neg 0.37773830554781235 __DUMMY__ 0.327595298410801 off 0.29466639604138667	false	1.0
schmuggel	neg 1.0		neg 0.3801877104987753 __DUMMY__ 0.32636458463287477 off 0.2934477048683498	false	1.0
auffallen	neg 1.0		neg 0.3745485760075828 __DUMMY__ 0.32360741362092493 off 0.3018440103714923	false	1.0
konkurrenz	neg 1.0	neg 1.0	neg 0.6813172489242739 off 0.16131182799308771 __DUMMY__ 0.15737092308263825	false	1.0
teufelskreis	neg 1.0	neg 1.0	neg 0.679780911591877 off 0.16433997327054217 __DUMMY__ 0.15587911513758085	false	1.0
aufschreien	neg 1.0		neg 0.3761945555503923 __DUMMY__ 0.3227517949931557 off 0.30105364945645186	false	1.0
schuldner	neg 1.0		neg 0.38321432147484746 __DUMMY__ 0.3244620722794547 off 0.29232360624569786	false	1.0
missgeburt	off 1.0	off 1.0	off 0.6412799772196908 neg 0.2048204051370806 __DUMMY__ 0.15389961764322874	false	1.0
arbeitslos	neg 1.0		neg 0.3815266945606528 __DUMMY__ 0.32310779109956367 off 0.29536551433978353	false	1.0
befallen	neg 1.0		neg 0.3822275401720275 __DUMMY__ 0.3225244136054214 off 0.29524804622255113	false	1.0
miesepetrig	off 1.0	off 1.0	off 0.6392290708775233 neg 0.2049282996239287 __DUMMY__ 0.15584262949854802	false	1.0
alarmieren	neg 1.0		neg 0.3775074397281726 __DUMMY__ 0.32060947033486265 off 0.30188308993696483	false	1.0
ungeduscht	off 1.0		neg 0.3724727212518086 __DUMMY__ 0.3239489395365197 off 0.30357833921167177	false	0.5
knappheit	neg 1.0		neg 0.3847080313343967 __DUMMY__ 0.3225735539045934 off 0.2927184147610099	false	1.0
schlange	neg 1.0		neg 0.37168205626899997 __DUMMY__ 0.32584829736891957 off 0.30246964636208057	false	1.0
harsch	neg 1.0		neg 0.36695804211149763 __DUMMY__ 0.3224501220135913 off 0.310591835874911	false	1.0
lang	neg 1.0		neg 0.37728608742185493 __DUMMY__ 0.32381871575495763 off 0.29889519682318755	false	1.0
ziellos	neg 1.0		neg 0.37742341210775876 __DUMMY__ 0.3257939371646893 off 0.29678265072755183	false	1.0
selbstverliebt	neg 1.0		neg 0.36629463663414125 __DUMMY__ 0.31751441351442333 off 0.3161909498514356	false	1.0
beseitigen	neg 1.0	neg 1.0	neg 0.6780093548969871 off 0.1649108424193659 __DUMMY__ 0.157079802683647	false	1.0
dumm	off 1.0		neg 0.36785980742914637 __DUMMY__ 0.3200806638189946 off 0.3120595287518591	false	0.5
arbeitsloser	neg 1.0		neg 0.3800135599504319 __DUMMY__ 0.3246504743713227 off 0.2953359656782454	false	1.0
blitzen	neg 1.0		neg 0.37550095070364925 __DUMMY__ 0.32269492796691596 off 0.30180412132943474	false	1.0
hilflos	neg 1.0		neg 0.378329769023502 __DUMMY__ 0.3246040090145923 off 0.2970662219619056	false	1.0
eklig	off 1.0		neg 0.3673315683296084 __DUMMY__ 0.31991312182913006 off 0.3127553098412615	false	0.5
begriff			neg 0.380343017860888 __DUMMY__ 0.32315317262932886 off 0.2965038095097833	false	0.0
hungersnot	neg 1.0		neg 0.38107767756375294 __DUMMY__ 0.323312029265164 off 0.29561029317108295	false	1.0
ungesetzlich	neg 1.0		neg 0.3823927612248842 __DUMMY__ 0.3196245526933155 off 0.2979826860818003	false	1.0
verschwendung	neg 1.0		neg 0.381790395456881 __DUMMY__ 0.32456395621656975 off 0.2936456483265493	false	1.0
schmerzvoll	neg 1.0		neg 0.37507342800784094 __DUMMY__ 0.3238628407707841 off 0.3010637312213751	false	1.0
vorzeitig	neg 1.0		neg 0.3733909281262149 __DUMMY__ 0.32394984889338213 off 0.3026592229804031	false	1.0
unvollkommenheit	neg 1.0		neg 0.37684651621510307 __DUMMY__ 0.3261627273343343 off 0.29699075645056255	false	1.0
intervenieren	neg 1.0		neg 0.38584113461675223 __DUMMY__ 0.32253365563569286 off 0.2916252097475548	false	1.0
banause	off 1.0		neg 0.3673722045196656 __DUMMY__ 0.3183705559310442 off 0.31425723954929025	false	0.5
rebell	neg 1.0		neg 0.38556650467127546 __DUMMY__ 0.32495006576392915 off 0.28948342956479534	false	1.0
unlogisch	neg 1.0		neg 0.3705437783502623 __DUMMY__ 0.3213304945762923 off 0.3081257270734454	false	1.0
leiden	neg 1.0		neg 0.37437067632134224 __DUMMY__ 0.3291682941736552 off 0.2964610295050024	false	1.0
abschaffung	neg 1.0		neg 0.3815263523745636 __DUMMY__ 0.3212996418101082 off 0.2971740058153282	false	1.0
sturz	neg 1.0		neg 0.3773494891412773 __DUMMY__ 0.3241240267617236 off 0.29852648409699906	false	1.0
verkleinerung	neg 1.0		neg 0.38123034644466014 __DUMMY__ 0.3195800211105359 off 0.2991896324448039	false	1.0
schmarotzer	off 1.0		neg 0.3823173351456756 __DUMMY__ 0.32274801202493036 off 0.29493465282939396	false	0.5
bestrafung	neg 1.0		neg 0.37653007879315187 __DUMMY__ 0.3233914305438239 off 0.3000784906630242	false	1.0
achtlos	neg 1.0		neg 0.37517063402665657 __DUMMY__ 0.3253234736667718 off 0.29950589230657165	false	1.0
ungeheuer	neg 1.0		neg 0.3714509614081468 __DUMMY__ 0.3249584818610502 off 0.3035905567308029	false	1.0
unaufrichtig	neg 1.0		neg 0.3791895224088473 __DUMMY__ 0.3212885679304742 off 0.2995219096606784	false	1.0
groggy	neg 1.0		neg 0.3771029667675956 __DUMMY__ 0.322140181345328 off 0.30075685188707657	false	1.0
verletzlich	neg 1.0		neg 0.37058950684188646 __DUMMY__ 0.32232118410097543 off 0.30708930905713816	false	1.0
ablehnen	neg 1.0		neg 0.3825212469234399 __DUMMY__ 0.32330294833053247 off 0.2941758047460276	false	1.0
