unsolidarisch	neg 1.0		__DUMMY__ 0.8706129381717527 neg 0.07524590953374695 off 0.054141152294500366	false	1.0
nachteilig	neg 1.0		__DUMMY__ 0.877419900687764 neg 0.07228347375858044 off 0.05029662555365559	false	1.0
skeptisch	neg 1.0		__DUMMY__ 0.8787102726865782 neg 0.0715525501208147 off 0.049737177192607104	false	1.0
schrecklich	neg 1.0		__DUMMY__ 0.8745836172539835 neg 0.06281668244508337 off 0.06259970030093302	false	1.0
schlapp	neg 1.0	neg 1.0	neg 0.5184344098039193 __DUMMY__ 0.4374198001519199 off 0.04414579004416074	false	1.0
abfall	neg 1.0		__DUMMY__ 0.8803908675592489 neg 0.07232341340691889 off 0.04728571903383224	false	1.0
widerspenstig	neg 1.0		__DUMMY__ 0.8787646999179606 neg 0.06743465045319916 off 0.05380064962884016	false	1.0
abrupt	neg 1.0		__DUMMY__ 0.8837956007617754 neg 0.0664194334765223 off 0.04978496576170231	false	1.0
unwirksam	neg 1.0		__DUMMY__ 0.8723568343812438 neg 0.07390440039017453 off 0.05373876522858168	false	1.0
angreifen	neg 1.0	neg 1.0	neg 0.5242134685882053 __DUMMY__ 0.43783788828539444 off 0.03794864312640025	false	1.0
inkonsistent	neg 1.0		__DUMMY__ 0.876773019534315 neg 0.06879572678543852 off 0.054431253680246545	false	1.0
abrutschen	neg 1.0		__DUMMY__ 0.8805624562766604 neg 0.07180907752668392 off 0.04762846619665561	false	1.0
unsicher	neg 1.0		__DUMMY__ 0.878939659526823 neg 0.06687270946316608 off 0.05418763101001104	false	1.0
bauernkind	off 1.0	off 1.0	off 0.5170383546954942 __DUMMY__ 0.43096743081861677 neg 0.05199421448588911	false	1.0
angreifer	neg 1.0		__DUMMY__ 0.8789918141911581 neg 0.06578177419701077 off 0.055226411611831	false	1.0
trennen	neg 1.0		__DUMMY__ 0.885140726310073 neg 0.06452271206570463 off 0.05033656162422229	false	1.0
schmutz	neg 1.0		__DUMMY__ 0.8807165019392146 neg 0.06420837434081289 off 0.055075123719972474	false	1.0
inkonsistenz	neg 1.0		__DUMMY__ 0.872869037110162 neg 0.06924332374029436 off 0.05788763914954365	false	1.0
erschreckend	neg 1.0		__DUMMY__ 0.8774616585458349 neg 0.06926671558698314 off 0.05327162586718208	false	1.0
ertrinken	neg 1.0		__DUMMY__ 0.8809110360167037 neg 0.06811979607189592 off 0.050969167911400326	false	1.0
pickelface	off 1.0		__DUMMY__ 0.8770785831306696 neg 0.07075428726823837 off 0.052167129601092	false	0.5
seiner			__DUMMY__ 0.8810793983227095 neg 0.06882500206062625 off 0.05009559961666413	false	0.0
lauch	neg 1.0		__DUMMY__ 0.8777392411570877 neg 0.07485650390458026 off 0.047404254938332085	false	1.0
unwichtig	neg 1.0		__DUMMY__ 0.8749453504357676 neg 0.06664797696760495 off 0.058406672596627435	false	1.0
steuerhinterziehung	neg 1.0		__DUMMY__ 0.8740684699476886 neg 0.0733593144149331 off 0.05257221563737821	false	1.0
schock	neg 1.0		__DUMMY__ 0.8819461448711149 neg 0.0648160480798807 off 0.05323780704900436	false	1.0
beule	neg 1.0		__DUMMY__ 0.8773531854223261 neg 0.06426187991883926 off 0.05838493465883455	false	1.0
vergelten	neg 1.0		__DUMMY__ 0.8775925900119843 off 0.061415741667535655 neg 0.06099166832048004	false	0.5
verdorbenheit	neg 1.0		__DUMMY__ 0.8788507332921205 neg 0.06800684803845006 off 0.05314241866942942	false	1.0
trauma	neg 1.0		__DUMMY__ 0.876971940958034 neg 0.06809542345129929 off 0.05493263559066669	false	1.0
sinnlos	neg 1.0		__DUMMY__ 0.8779593993903333 neg 0.06583377652523133 off 0.05620682408443532	false	1.0
fettsack	off 1.0	off 1.0	off 0.5183233255182917 __DUMMY__ 0.4324847457935475 neg 0.049191928688160774	false	1.0
feige	off 1.0	off 1.0	off 0.5148462681148712 __DUMMY__ 0.43366155848891996 neg 0.051492173396208686	false	1.0
abdanken	neg 1.0		__DUMMY__ 0.8751503839702175 neg 0.07130823157352217 off 0.053541384456260235	false	1.0
wichtigtuer	off 1.0	off 1.0	off 0.512799882055945 __DUMMY__ 0.43548990513239 neg 0.05171021281166501	false	1.0
misslingen	neg 1.0		__DUMMY__ 0.8838909681298612 neg 0.061502672361858336 off 0.0546063595082804	false	1.0
untreu	off 1.0		__DUMMY__ 0.8740616325851479 neg 0.06647578321175864 off 0.05946258420309348	false	0.5
missmutig	neg 1.0		__DUMMY__ 0.8770178320987133 neg 0.06464642173204427 off 0.0583357461692425	false	1.0
hurenbock	off 1.0		__DUMMY__ 0.8792198759351801 neg 0.06586507170499385 off 0.05491505235982596	false	0.5
betrunken	neg 1.0		__DUMMY__ 0.8777314922597368 neg 0.06174556667647572 off 0.060522941063787514	false	1.0
korrupt	off 1.0		__DUMMY__ 0.8727243536051369 neg 0.07514860179135459 off 0.05212704460350857	false	0.5
unmut	neg 1.0		__DUMMY__ 0.8795724492390334 neg 0.07287566473726247 off 0.047551886023704054	false	1.0
hackfresse	off 1.0		__DUMMY__ 0.8708890111235033 off 0.06562956546026862 neg 0.06348142341622821	false	1.0
aufblasen	neg 1.0		__DUMMY__ 0.8797162485745721 neg 0.06515480945443074 off 0.055128941970997145	false	1.0
gewaltsam	neg 1.0		__DUMMY__ 0.8777388921965039 neg 0.06905533534567464 off 0.05320577245782138	false	1.0
unbeliebtheit	neg 1.0		__DUMMY__ 0.8686452841711338 neg 0.07331007970077161 off 0.05804463612809453	false	1.0
sturheit	neg 1.0		__DUMMY__ 0.8770633038418105 neg 0.0695692823738589 off 0.0533674137843306	false	1.0
kuh	neg 1.0		__DUMMY__ 0.8744018383033504 neg 0.07160763085847027 off 0.05399053083817938	false	1.0
erschrecken	neg 1.0		__DUMMY__ 0.8775863074699091 neg 0.0646751806440878 off 0.0577385118860031	false	1.0
opfer	neg 1.0		__DUMMY__ 0.8798697851719788 neg 0.0689645690005669 off 0.051165645827454385	false	1.0
sinken	neg 1.0		__DUMMY__ 0.8816126491960055 neg 0.070489178902217 off 0.047898171901777586	false	1.0
stinktier	neg 1.0		__DUMMY__ 0.8710164372717573 neg 0.06603658611983483 off 0.06294697660840784	false	1.0
tucke	off 1.0		__DUMMY__ 0.866264794578548 neg 0.06784603727073821 off 0.0658891681507138	false	0.5
ein			__DUMMY__ 0.8805204802795611 neg 0.06500361405996731 off 0.05447590566047158	false	0.0
abstieg	neg 1.0		__DUMMY__ 0.8820910333965354 neg 0.0676159655723093 off 0.050293001031155214	false	1.0
missverstehen	neg 1.0		__DUMMY__ 0.8747081524655365 neg 0.06881052596053085 off 0.05648132157393261	false	1.0
ergebnislos	neg 1.0		__DUMMY__ 0.8792337525543424 neg 0.07051644939094963 off 0.05024979805470784	false	1.0
unter			__DUMMY__ 0.8885021507511971 neg 0.0680197641811764 off 0.04347808506762654	false	0.0
manipulieren	neg 1.0		__DUMMY__ 0.8792081252667531 neg 0.07092492715969696 off 0.04986694757354999	false	1.0
unbewiesen	neg 1.0		__DUMMY__ 0.8697544670003585 neg 0.07582152824459835 off 0.0544240047550432	false	1.0
verschleppen	neg 1.0		__DUMMY__ 0.8778778546832207 neg 0.07040171721612694 off 0.0517204281006524	false	1.0
weib	off 1.0		__DUMMY__ 0.8700827550027451 off 0.06556967291685768 neg 0.06434757208039721	false	1.0
opposition	neg 1.0		__DUMMY__ 0.8741838099110631 neg 0.0704510756784366 off 0.05536511441050034	false	1.0
verkehrswidrig	neg 1.0	neg 1.0	neg 0.5112600334332231 __DUMMY__ 0.44228815867138965 off 0.04645180789538738	false	1.0
inkorrekt	neg 1.0		__DUMMY__ 0.8696635106282921 neg 0.06966173487982658 off 0.060674754491881304	false	1.0
vermeiden	neg 1.0		__DUMMY__ 0.8845385227256618 neg 0.07004129905484313 off 0.045420178219495094	false	1.0
abweichung	neg 1.0	neg 1.0	neg 0.5227197200305781 __DUMMY__ 0.4389303426542252 off 0.03834993731519657	false	1.0
alkoholisiert	neg 1.0		__DUMMY__ 0.8894021579349571 neg 0.061389675058956 off 0.049208167006086795	false	1.0
scheiss	off 1.0	off 1.0	off 0.514463440483005 __DUMMY__ 0.4362555425451733 neg 0.0492810169718217	false	1.0
herausforderung	neg 1.0	neg 1.0	neg 0.517546076935188 __DUMMY__ 0.4447398694178921 off 0.037714053646920064	false	1.0
pervers	off 1.0		__DUMMY__ 0.8692933446997475 off 0.06842143856285593 neg 0.06228521673739663	false	1.0
wackelig	neg 1.0		__DUMMY__ 0.8844190123503128 neg 0.0639797230481026 off 0.05160126460158466	false	1.0
verwickeln	neg 1.0		__DUMMY__ 0.8752151654404726 neg 0.06834715801228268 off 0.056437676547244665	false	1.0
vorwand	neg 1.0		__DUMMY__ 0.879254790045124 neg 0.07162419795741566 off 0.049121011997460426	false	1.0
muschi	off 1.0		__DUMMY__ 0.8776626486193758 neg 0.06968840664372164 off 0.05264894473690248	false	0.5
entmutigung	neg 1.0		__DUMMY__ 0.8729954731971883 neg 0.0714771273922888 off 0.055527399410522885	false	1.0
unangemessen	neg 1.0		__DUMMY__ 0.8762763507434197 neg 0.0711732207278231 off 0.05255042852875716	false	1.0
unstetig	neg 1.0		__DUMMY__ 0.8773635967546377 neg 0.06819486737020157 off 0.05444153587516076	false	1.0
entmutigen	neg 1.0		__DUMMY__ 0.8783852249942139 neg 0.06629319747253111 off 0.055321577533254944	false	1.0
schwanz	neg 1.0		__DUMMY__ 0.879543366228487 neg 0.07080239837006881 off 0.049654235401444216	false	1.0
verbot	neg 1.0		__DUMMY__ 0.8745757104519546 neg 0.07359090260218308 off 0.051833386945862335	false	1.0
leid	neg 1.0		__DUMMY__ 0.8736715606458219 off 0.06349610235753993 neg 0.06283233699663815	false	0.5
archaisch	neg 1.0		__DUMMY__ 0.8786646935144125 neg 0.06906878205871596 off 0.05226652442687159	false	1.0
gegen			__DUMMY__ 0.8816802380962672 neg 0.06966705049922949 off 0.04865271140450326	false	0.0
scheidung	neg 1.0		__DUMMY__ 0.8696738981322923 off 0.07171448448307437 neg 0.05861161738463325	false	0.5
einschlag	neg 1.0	neg 1.0	neg 0.5172493033743375 __DUMMY__ 0.4363701110265158 off 0.04638058559914677	false	1.0
m			__DUMMY__ 0.8803560649131587 neg 0.06770321974433116 off 0.051940715342510164	false	0.0
abgestanden	neg 1.0		__DUMMY__ 0.8780224328251297 neg 0.06805560539414938 off 0.0539219617807209	false	1.0
schmierig	off 1.0		__DUMMY__ 0.8739113610129081 off 0.06307434736940219 neg 0.06301429161768969	false	1.0
unpraktisch	neg 1.0		__DUMMY__ 0.8806563766549252 neg 0.06470309239604181 off 0.05464053094903287	false	1.0
wixxer	off 1.0		__DUMMY__ 0.8681392452098311 off 0.06820557303364812 neg 0.06365518175652086	false	1.0
bezeichnet			__DUMMY__ 0.8767723904769025 neg 0.06943803896289182 off 0.053789570560205634	false	0.0
jammerlappen	off 1.0		__DUMMY__ 0.8751910997634282 neg 0.06627056857590578 off 0.05853833166066603	false	0.5
farce	neg 1.0		__DUMMY__ 0.8738917792239289 neg 0.0736035780239414 off 0.052504642752129696	false	1.0
zwecklos	neg 1.0		__DUMMY__ 0.8771419375140598 neg 0.07037462306801384 off 0.05248343941792643	false	1.0
turbulent	neg 1.0		__DUMMY__ 0.8738651602087889 neg 0.06740803035896636 off 0.058726809432244786	false	1.0
invasion	neg 1.0		__DUMMY__ 0.8778113809618341 neg 0.06596351584194686 off 0.05622510319621911	false	1.0
schuld	neg 1.0		__DUMMY__ 0.8774022133183131 neg 0.06759654343092326 off 0.05500124325076346	false	1.0
risiko	neg 1.0		__DUMMY__ 0.8801463000723349 neg 0.06561502499111432 off 0.0542386749365508	false	1.0
finster	neg 1.0		__DUMMY__ 0.8795838203455412 neg 0.06603227412333598 off 0.0543839055311229	false	1.0
geisteskrank	off 1.0		__DUMMY__ 0.8726419885474782 neg 0.06722788097834817 off 0.06013013047417352	false	0.5
zusammenbrechen	neg 1.0		__DUMMY__ 0.8800535603523345 neg 0.06706631892299489 off 0.05288012072467058	false	1.0
ausbeute	neg 1.0		__DUMMY__ 0.8853843153365217 neg 0.06512633852052675 off 0.049489346142951564	false	1.0
hinterhalt	neg 1.0		__DUMMY__ 0.8812228962758285 neg 0.06670677014509735 off 0.05207033357907426	false	1.0
kritik	neg 1.0		__DUMMY__ 0.8744194916589654 neg 0.07319765111715087 off 0.052382857223883715	false	1.0
einschrumpfen	neg 1.0		__DUMMY__ 0.8717655434946403 neg 0.07153379431735715 off 0.0567006621880025	false	1.0
riskant	neg 1.0		__DUMMY__ 0.8777126056334109 neg 0.07134126743132306 off 0.05094612693526604	false	1.0
frustrieren	neg 1.0		__DUMMY__ 0.8790853444073538 neg 0.06982022624617573 off 0.051094429346470537	false	1.0
groll	neg 1.0		__DUMMY__ 0.8789309184052291 neg 0.06882221545573775 off 0.052246866139033225	false	1.0
gibt			__DUMMY__ 0.8788074048958178 neg 0.0685638821382208 off 0.05262871296596148	false	0.0
qualvoll	neg 1.0		__DUMMY__ 0.8789272661022361 neg 0.06409982422922929 off 0.05697290966853458	false	1.0
wackeln	neg 1.0	neg 1.0	neg 0.518378729846367 __DUMMY__ 0.4402585772207915 off 0.04136269293284158	false	1.0
klagen	neg 1.0		__DUMMY__ 0.8801629170587412 neg 0.07186408414495218 off 0.047972998796306676	false	1.0
bankrott	neg 1.0		__DUMMY__ 0.876860872226434 neg 0.06578221506431774 off 0.05735691270924823	false	1.0
trauern	neg 1.0		__DUMMY__ 0.8820713627104767 neg 0.06699959833148834 off 0.05092903895803492	false	1.0
ablehnung	neg 1.0		__DUMMY__ 0.8741104967325785 neg 0.07342538542546137 off 0.052464117841960305	false	1.0
stur	neg 1.0		__DUMMY__ 0.8765889765135598 neg 0.06788955242840404 off 0.055521471058036176	false	1.0
aufruhr	neg 1.0		__DUMMY__ 0.8775302479968051 neg 0.06926483086137605 off 0.053204921141818906	false	1.0
melancholie	neg 1.0		__DUMMY__ 0.8814998345387003 neg 0.06701065857727508 off 0.05148950688402458	false	1.0
ist			__DUMMY__ 0.8776634574816892 neg 0.06665161762046479 off 0.05568492489784598	false	0.0
torheit	neg 1.0		__DUMMY__ 0.8750025357779786 neg 0.070075659565384 off 0.0549218046566374	false	1.0
dreckskind	off 1.0		__DUMMY__ 0.8700543158917495 neg 0.06570693048182683 off 0.0642387536264236	false	0.5
umtauschen	neg 1.0		__DUMMY__ 0.8796655078642284 neg 0.0671404739787976 off 0.0531940181569741	false	1.0
zum			__DUMMY__ 0.8903113880512274 neg 0.0641655668588469 off 0.045523045089925655	false	0.0
zersetzen	neg 1.0		__DUMMY__ 0.8773549202996935 neg 0.07292079295471982 off 0.04972428674558652	false	1.0
zur			__DUMMY__ 0.8843929108710085 neg 0.07049802748157001 off 0.04510906164742152	false	0.0
frust	neg 1.0		__DUMMY__ 0.8800847511544919 neg 0.06712252749427082 off 0.0527927213512373	false	1.0
unerbittlichkeit	neg 1.0		__DUMMY__ 0.8782684145299249 neg 0.07188713015087661 off 0.04984445531919858	false	1.0
zwei			__DUMMY__ 0.8875912717322594 neg 0.06497404388671818 off 0.047434684381022496	false	0.0
unkorrekt	neg 1.0		__DUMMY__ 0.8707632348094169 neg 0.06814223707082022 off 0.061094528119762945	false	1.0
hexe	off 1.0		__DUMMY__ 0.8759556501217785 neg 0.06526229353300843 off 0.05878205634521313	false	0.5
lasch	neg 1.0		__DUMMY__ 0.8739649525486435 neg 0.0684909406667045 off 0.057544106784651994	false	1.0
rivale	neg 1.0		__DUMMY__ 0.8764936248686257 neg 0.06272562634877145 off 0.060780748782602916	false	1.0
mutlos	off 1.0	off 1.0	off 0.5086855113854428 __DUMMY__ 0.4362711135263149 neg 0.055043375088242405	false	1.0
wirr	off 1.0		__DUMMY__ 0.8711787364039426 neg 0.06758988760682293 off 0.06123137598923447	false	0.5
jahr			__DUMMY__ 0.8873983017741155 neg 0.06361741388084798 off 0.048984284345036586	false	0.0
wird			__DUMMY__ 0.8803182118232815 neg 0.06837884695434798 off 0.05130294122237047	false	0.0
strafbar	neg 1.0		__DUMMY__ 0.8772117435350125 neg 0.07167642943468418 off 0.05111182703030337	false	1.0
erosion	neg 1.0		__DUMMY__ 0.8795037682168233 neg 0.06603932760042792 off 0.054456904182748726	false	1.0
eingehen	neg 1.0		__DUMMY__ 0.876806017745819 neg 0.07129374946602643 off 0.051900232788154435	false	1.0
faul	off 1.0		__DUMMY__ 0.8776840043635719 neg 0.06484791765950856 off 0.05746807797691965	false	0.5
provisorium	neg 1.0		__DUMMY__ 0.8858578835987814 neg 0.07105573617759363 off 0.04308638022362495	false	1.0
schmerzen	neg 1.0		__DUMMY__ 0.8791668499263957 neg 0.06728828920660988 off 0.053544860866994407	false	1.0
schrumpfen	neg 1.0		__DUMMY__ 0.8816325690560476 neg 0.07282617503965265 off 0.045541255904299735	false	1.0
geistlos	off 1.0		__DUMMY__ 0.8708791686972606 neg 0.07248118101814559 off 0.05663965028459381	false	0.5
fehlkauf	neg 1.0		__DUMMY__ 0.875874909403019 neg 0.06852915691128285 off 0.055595933685698075	false	1.0
frustrierend	neg 1.0		__DUMMY__ 0.8783648361094227 neg 0.06396425229494977 off 0.05767091159562744	false	1.0
unzufrieden	neg 1.0		__DUMMY__ 0.877275556755704 neg 0.07033767527616433 off 0.05238676796813171	false	1.0
verzweifeln	neg 1.0		__DUMMY__ 0.8788090255496787 neg 0.06743100206907127 off 0.05375997238125013	false	1.0
verzweifelt	neg 1.0		__DUMMY__ 0.8764698768290939 neg 0.0679799644910522 off 0.055550158679853814	false	1.0
misstrauensantrag	neg 1.0		__DUMMY__ 0.87482783269326 neg 0.0692565351877029 off 0.055915632119037134	false	1.0
abfallen	neg 1.0		__DUMMY__ 0.8812287909952162 neg 0.06385675580814293 off 0.054914453196640935	false	1.0
fucker	off 1.0		__DUMMY__ 0.8728826213930063 neg 0.06659834167592091 off 0.060519036931072814	false	0.5
ungezogen	neg 1.0		__DUMMY__ 0.8718833236141318 off 0.06687225156166764 neg 0.06124442482420065	false	0.5
irrsinnig	neg 1.0	neg 1.0	neg 0.5219985595959173 __DUMMY__ 0.43613397151504346 off 0.04186746888903916	false	1.0
unfassbar	neg 1.0		__DUMMY__ 0.8754723486448109 neg 0.06536684537533646 off 0.059160805979852536	false	1.0
hart	neg 1.0		__DUMMY__ 0.8750399817432394 neg 0.06808516023014718 off 0.05687485802661352	false	1.0
widerlich	off 1.0		__DUMMY__ 0.8726862338766527 neg 0.06732510690140878 off 0.059988659221938585	false	0.5
fatal	neg 1.0		__DUMMY__ 0.8759322978383736 neg 0.06814531180188162 off 0.055922390359744896	false	1.0
bruch	neg 1.0		__DUMMY__ 0.8790901770732895 neg 0.07274866825724718 off 0.04816115466946336	false	1.0
aushungern	neg 1.0		__DUMMY__ 0.874847273625812 neg 0.07178344410041525 off 0.05336928227377278	false	1.0
anspannung	neg 1.0	neg 1.0	neg 0.5191944058738168 __DUMMY__ 0.4460186177328254 off 0.03478697639335779	false	1.0
von			__DUMMY__ 0.8861404131694339 neg 0.06548391474713944 off 0.048375672083426684	false	0.0
kraftlos	neg 1.0		__DUMMY__ 0.8821882894488532 neg 0.06567480973012876 off 0.0521369008210181	false	1.0
vom			__DUMMY__ 0.8898338244957807 neg 0.0665491860186605 off 0.043616989485558755	false	0.0
grenzdebil	off 1.0		__DUMMY__ 0.875259330004736 neg 0.06475137959038703 off 0.05998929040487702	false	0.5
vor			__DUMMY__ 0.8816445386889298 neg 0.06928181197442755 off 0.04907364933664257	false	0.0
unterwerfen	neg 1.0		__DUMMY__ 0.8796092251265057 neg 0.0694946483252868 off 0.05089612654820744	false	1.0
versenkung	neg 1.0		__DUMMY__ 0.8788722304810282 neg 0.07042291262131888 off 0.05070485689765291	false	1.0
entziehen	neg 1.0		__DUMMY__ 0.8800414165587895 neg 0.07141548349631799 off 0.048543099944892476	false	1.0
finanzkrise	neg 1.0		__DUMMY__ 0.8729850076680891 neg 0.07392251861493583 off 0.05309247371697517	false	1.0
schimpfend	neg 1.0		__DUMMY__ 0.8825703714645049 neg 0.0628495735838255 off 0.05458005495166963	false	1.0
profan	neg 1.0		__DUMMY__ 0.8764925398132285 neg 0.06687834514757576 off 0.056629115039195765	false	1.0
korruption	neg 1.0	neg 1.0	neg 0.5260042480723169 __DUMMY__ 0.4347900387204167 off 0.039205713207266485	false	1.0
â			__DUMMY__ 0.8799619214724019 neg 0.06906773576184065 off 0.05097034276575741	false	0.0
schmutzig	neg 1.0		__DUMMY__ 0.8759852818939479 neg 0.06458013260002708 off 0.059434585506025116	false	1.0
sexy	neg 1.0		__DUMMY__ 0.876432790294592 neg 0.06636037556908506 off 0.057206834136322944	false	1.0
abraten	neg 1.0		__DUMMY__ 0.8771473485298394 neg 0.06718391160761972 off 0.05566873986254094	false	1.0
schwarz	neg 1.0		__DUMMY__ 0.8763504249153675 neg 0.06828216577609136 off 0.05536740930854106	false	1.0
fotze	off 1.0		__DUMMY__ 0.8780699192284154 neg 0.07124446101519448 off 0.05068561975639001	false	0.5
verwirren	neg 1.0		__DUMMY__ 0.8767011197692831 neg 0.06640629675205667 off 0.05689258347866019	false	1.0
zahnlos	off 1.0		__DUMMY__ 0.8767624643559763 neg 0.07083001626886799 off 0.052407519375155684	false	0.5
verheeren	neg 1.0		__DUMMY__ 0.8711681156910006 off 0.06786601269648751 neg 0.0609658716125119	false	0.5
hippie	neg 1.0		__DUMMY__ 0.8757883536361654 neg 0.06739468326390442 off 0.056816963099930215	false	1.0
rammen	neg 1.0		__DUMMY__ 0.8758747719119444 neg 0.06989120750372696 off 0.05423402058432856	false	1.0
unlauter	neg 1.0		__DUMMY__ 0.8722211239178026 neg 0.07324110837136925 off 0.05453776771082812	false	1.0
unheilvoll	neg 1.0		__DUMMY__ 0.8803389731984912 neg 0.0637924020273059 off 0.05586862477420282	false	1.0
niedrig	neg 1.0		__DUMMY__ 0.8793954260865936 neg 0.0708930193095199 off 0.049711554603886404	false	1.0
explosion	neg 1.0		__DUMMY__ 0.8757382929849404 neg 0.0680360404981592 off 0.05622566651690048	false	1.0
weichei	off 1.0		__DUMMY__ 0.8708894697504178 neg 0.06490191129283625 off 0.06420861895674593	false	0.5
minusmensch	off 1.0		__DUMMY__ 0.8641122645933446 neg 0.06797212575265488 off 0.06791560965400058	false	0.5
farblos	neg 1.0		__DUMMY__ 0.8839463952434872 neg 0.06346187209115758 off 0.05259173266535521	false	1.0
unwissend	neg 1.0	neg 1.0	neg 0.520143219627947 __DUMMY__ 0.4351673477195198 off 0.04468943265253316	false	1.0
traurig	neg 1.0		__DUMMY__ 0.8754054804186058 neg 0.0628989007549919 off 0.061695618826402406	false	1.0
senkung	neg 1.0		__DUMMY__ 0.8735355383133037 neg 0.07008900818902783 off 0.05637545349766862	false	1.0
ungleich	neg 1.0	neg 1.0	neg 0.525187807329101 __DUMMY__ 0.43645964684570937 off 0.038352545825189634	false	1.0
heikel	neg 1.0		__DUMMY__ 0.8780323439669386 neg 0.07210804886389953 off 0.04985960716916175	false	1.0
drosselung	neg 1.0		__DUMMY__ 0.8755607019433226 neg 0.06509432851768333 off 0.05934496953899398	false	1.0
falsch	neg 1.0		__DUMMY__ 0.8763899074220199 neg 0.06577215431160155 off 0.057837938266378584	false	1.0
unzufriedenheit	neg 1.0		__DUMMY__ 0.8790842856863627 neg 0.07147691667907195 off 0.04943879763456532	false	1.0
kurz	neg 1.0		__DUMMY__ 0.8825581266653 neg 0.0649700163670741 off 0.05247185696762583	false	1.0
unsinnig	neg 1.0		__DUMMY__ 0.8756126904756497 neg 0.07158267159654928 off 0.05280463792780104	false	1.0
penner	off 1.0	off 1.0	off 0.5201768248346935 __DUMMY__ 0.4319958999427728 neg 0.047827275222533716	false	1.0
seicht	neg 1.0		__DUMMY__ 0.8679146956562199 off 0.06702479159775396 neg 0.06506051274602613	false	0.5
dummheit	off 1.0	off 1.0	off 0.5130132445836758 __DUMMY__ 0.4346116441948146 neg 0.05237511122150957	false	1.0
unerfreulich	neg 1.0		__DUMMY__ 0.8804987813428915 neg 0.07060026785931603 off 0.04890095079779237	false	1.0
motherfucker	off 1.0	off 1.0	off 0.515945967839115 __DUMMY__ 0.43294086948934196 neg 0.05111316267154303	false	1.0
pikiert	neg 1.0		__DUMMY__ 0.8726507781136321 neg 0.06833514393721277 off 0.059014077949155176	false	1.0
wrack	neg 1.0		__DUMMY__ 0.8845043255858932 neg 0.06536482442038428 off 0.05013084999372252	false	1.0
gangster	neg 1.0		__DUMMY__ 0.8766571683990755 neg 0.06692466496441953 off 0.056418166636505084	false	1.0
krank	neg 1.0		__DUMMY__ 0.8773744121883932 neg 0.06261795605118742 off 0.06000763176041934	false	1.0
reich	neg 1.0		__DUMMY__ 0.8747037316206291 neg 0.06755495451514447 off 0.05774131386422648	false	1.0
gnadenlos	neg 1.0		__DUMMY__ 0.8777062033507405 neg 0.06727773171727351 off 0.05501606493198602	false	1.0
niedergeschlagen	neg 1.0		__DUMMY__ 0.8805954227132439 neg 0.06658255033591572 off 0.05282202695084045	false	1.0
terrorisieren	off 1.0	off 1.0	off 0.5089225672848343 __DUMMY__ 0.4382409208064885 neg 0.05283651190867716	false	1.0
sinnlosigkeit	neg 1.0		__DUMMY__ 0.8780676734312367 neg 0.06945885460859871 off 0.05247347196016451	false	1.0
behindern	neg 1.0		__DUMMY__ 0.8768287616080779 neg 0.06994088078255663 off 0.0532303576093655	false	1.0
undemokratisch	neg 1.0		__DUMMY__ 0.873121675226734 neg 0.07185245968153993 off 0.05502586509172606	false	1.0
wirtschaftskrise	neg 1.0		__DUMMY__ 0.8760401909054746 neg 0.07277492600091791 off 0.051184883093607546	false	1.0
neid	neg 1.0		__DUMMY__ 0.8806543072706302 neg 0.061108827387128535 off 0.058236865342241324	false	1.0
rutschen	neg 1.0	neg 1.0	neg 0.5187580736360977 __DUMMY__ 0.44534441586026036 off 0.03589751050364192	false	1.0
rezession	neg 1.0		__DUMMY__ 0.8680562987071394 neg 0.06947705459710453 off 0.06246664669575608	false	1.0
fehlgeburt	neg 1.0		__DUMMY__ 0.879710034228087 neg 0.06463608523079531 off 0.055653880541117695	false	1.0
charakterschwach	off 1.0		__DUMMY__ 0.8740897167863059 neg 0.06615432755095027 off 0.05975595566274388	false	0.5
isolation	neg 1.0		__DUMMY__ 0.8782682737407657 neg 0.06418358738474533 off 0.057548138874488945	false	1.0
ablenkung	neg 1.0		__DUMMY__ 0.878742541252007 neg 0.06690263190541113 off 0.054354826842581874	false	1.0
pech	neg 1.0		__DUMMY__ 0.8780907992489762 neg 0.06477465090208359 off 0.057134549848940196	false	1.0
vermeidung	neg 1.0		__DUMMY__ 0.8729598246591944 neg 0.06737035292397842 off 0.059669822416827244	false	1.0
dominieren	neg 1.0		__DUMMY__ 0.8833732885481586 neg 0.06563038845360995 off 0.0509963229982315	false	1.0
schwindlig	neg 1.0		__DUMMY__ 0.8810857829643626 neg 0.0630630979555982 off 0.055851119080039265	false	1.0
lutscher	neg 1.0	neg 1.0	neg 0.5183623465180326 __DUMMY__ 0.43052057824098555 off 0.05111707524098186	false	1.0
pflicht	neg 1.0		__DUMMY__ 0.8789374359449558 neg 0.07116892500360097 off 0.04989363905144317	false	1.0
faschist	off 1.0		__DUMMY__ 0.872750511447485 neg 0.07028116657176073 off 0.056968321980754334	false	0.5
verschleudern	neg 1.0		__DUMMY__ 0.8738011045892785 neg 0.07569660995358515 off 0.0505022854571363	false	1.0
wenn			__DUMMY__ 0.8764336069622748 neg 0.06550224607694585 off 0.05806414696077935	false	0.0
ehebruch	neg 1.0		__DUMMY__ 0.87747457837615 neg 0.07110485462031363 off 0.05142056700353635	false	1.0
spott	off 1.0		__DUMMY__ 0.8767275427070083 neg 0.07228912074176108 off 0.05098333655123063	false	0.5
trostlosigkeit	neg 1.0		__DUMMY__ 0.8800623550022457 neg 0.07130232891532233 off 0.048635316082431906	false	1.0
lutschen	neg 1.0		__DUMMY__ 0.874315052896694 neg 0.06942638683882428 off 0.056258560264481734	false	1.0
undiszipliniert	neg 1.0		__DUMMY__ 0.8752075729163109 neg 0.06393611007159195 off 0.06085631701209714	false	1.0
kopfschmerz	neg 1.0		__DUMMY__ 0.8812581970733557 neg 0.0664371373499543 off 0.05230466557668993	false	1.0
unvorhergesehen	neg 1.0		__DUMMY__ 0.885289884028219 neg 0.06436511538297358 off 0.050345000588807455	false	1.0
desinteressiert	neg 1.0		__DUMMY__ 0.8736419929165895 neg 0.06552422625447259 off 0.060833780828937985	false	1.0
armselig	off 1.0		__DUMMY__ 0.8710586054751542 neg 0.06713731727963825 off 0.06180407724520759	false	0.5
desaster	neg 1.0		__DUMMY__ 0.8790566453649928 neg 0.07321967939519809 off 0.047723675239809034	false	1.0
tod	neg 1.0		__DUMMY__ 0.8806026985159062 neg 0.06852375845726497 off 0.05087354302682893	false	1.0
herzlos	neg 1.0		__DUMMY__ 0.87275603650955 neg 0.06510164226985829 off 0.0621423212205917	false	1.0
unwissenheit	neg 1.0		__DUMMY__ 0.8755094317794414 neg 0.0722105649751432 off 0.0522800032454154	false	1.0
widersinnig	neg 1.0	neg 1.0	neg 0.5258389905270294 __DUMMY__ 0.43415038514320986 off 0.0400106243297607	false	1.0
bedenklich	neg 1.0		__DUMMY__ 0.8774247995663974 neg 0.07139848974672382 off 0.0511767106868787	false	1.0
beanstanden	neg 1.0		__DUMMY__ 0.8795043148254855 neg 0.07122153121581092 off 0.049274153958703604	false	1.0
panisch	neg 1.0	neg 1.0	neg 0.5162075741413932 __DUMMY__ 0.44110355819608954 off 0.042688867662517414	false	1.0
debil	off 1.0		__DUMMY__ 0.8826532749757284 neg 0.07286083407292042 off 0.0444858909513512	false	0.5
abstrich	neg 1.0		__DUMMY__ 0.8786416538870914 neg 0.07094203967057598 off 0.05041630644233266	false	1.0
primitiv	neg 1.0		__DUMMY__ 0.8727127345984191 neg 0.0668915155612531 off 0.060395749840327834	false	1.0
abschaum	off 1.0	off 1.0	off 0.5145286109890808 __DUMMY__ 0.43461963299083645 neg 0.050851756020082836	false	1.0
provozieren	neg 1.0		__DUMMY__ 0.8763674060950152 neg 0.06878080995582818 off 0.05485178394915656	false	1.0
tot	neg 1.0		__DUMMY__ 0.8804616241268205 neg 0.06929501560809759 off 0.050243360265081916	false	1.0
instabil	neg 1.0		__DUMMY__ 0.8706152964745039 neg 0.06928901371922491 off 0.06009568980627127	false	1.0
schwuchtel	off 1.0		__DUMMY__ 0.8646889453372114 off 0.07170346538399267 neg 0.06360758927879594	false	1.0
zerren	neg 1.0		__DUMMY__ 0.8807707217371518 neg 0.06617660914276181 off 0.05305266912008639	false	1.0
kinderficker	off 1.0		__DUMMY__ 0.8698107007242999 neg 0.06614599609361348 off 0.06404330318208659	false	0.5
gefahr	neg 1.0		__DUMMY__ 0.8793699752087527 neg 0.07110485871989648 off 0.049525166071350775	false	1.0
rabiat	neg 1.0		__DUMMY__ 0.8761311959231527 neg 0.06963307337554918 off 0.05423573070129814	false	1.0
verlangsamung	neg 1.0		__DUMMY__ 0.8689397266021108 neg 0.06554909874316832 off 0.06551117465472087	false	1.0
ausgestorben	neg 1.0		__DUMMY__ 0.8799100186916476 neg 0.06648403551238452 off 0.053605945795967856	false	1.0
anklagen	neg 1.0		__DUMMY__ 0.8763130898680727 neg 0.07101368191715993 off 0.052673228214767415	false	1.0
trott	neg 1.0		__DUMMY__ 0.8789433611048941 neg 0.0676066467444107 off 0.05344999215069515	false	1.0
verminderung	neg 1.0		__DUMMY__ 0.8738117120286958 neg 0.0658191897973924 off 0.06036909817391176	false	1.0
nach			__DUMMY__ 0.8889130267387328 neg 0.06516855363565634 off 0.045918419625610864	false	0.0
rost	neg 1.0		__DUMMY__ 0.8718595419157849 off 0.06419477190551329 neg 0.06394568617870179	false	0.5
destruktiv	neg 1.0		__DUMMY__ 0.8747606426882969 neg 0.07134608863297874 off 0.05389326867872445	false	1.0
unzumutbarkeit	neg 1.0		__DUMMY__ 0.8772827373522177 neg 0.06457161062059795 off 0.05814565202718433	false	1.0
labil	off 1.0	off 1.0	off 0.5144696268509199 __DUMMY__ 0.43441884194866454 neg 0.05111153120041544	false	1.0
ziemlich	neg 1.0		__DUMMY__ 0.8769864395636798 neg 0.06353766447941304 off 0.059475895956907096	false	1.0
lachnummer	off 1.0		__DUMMY__ 0.8768016672747246 neg 0.06898169962558864 off 0.05421663309968666	false	0.5
oder			__DUMMY__ 0.8803328218503564 neg 0.06549714559884488 off 0.054170032550798705	false	0.0
verfall	neg 1.0		__DUMMY__ 0.8802385127450584 neg 0.07425772804637643 off 0.04550375920856515	false	1.0
ausgrenzung	neg 1.0		__DUMMY__ 0.8720678844943749 neg 0.07230491334548833 off 0.05562720216013674	false	1.0
unordnung	neg 1.0		__DUMMY__ 0.876760303049605 neg 0.06447400855537357 off 0.058765688395021456	false	1.0
fehlverhalten	neg 1.0		__DUMMY__ 0.8776650476617802 neg 0.07218670860744765 off 0.050148243730772105	false	1.0
eine			__DUMMY__ 0.8805732639688819 neg 0.07010975081632077 off 0.04931698521479741	false	0.0
nille	neg 1.0		__DUMMY__ 0.8779105260403256 neg 0.06896311357223166 off 0.053126360387442714	false	1.0
qual	neg 1.0		__DUMMY__ 0.8784720472759434 neg 0.06822213916549469 off 0.053305813558561975	false	1.0
verschwenden	neg 1.0		__DUMMY__ 0.8775923737888324 neg 0.07094930907816163 off 0.051458317133005936	false	1.0
riesig	neg 1.0	neg 1.0	neg 0.5212011209823654 __DUMMY__ 0.4402389292116335 off 0.038559949806001075	false	1.0
verurteilen	neg 1.0		__DUMMY__ 0.876468146539212 neg 0.07118610621858415 off 0.05234574724220386	false	1.0
klischee	neg 1.0	neg 1.0	neg 0.5221339087218215 __DUMMY__ 0.43421948797353144 off 0.04364660330464702	false	1.0
diktatorisch	neg 1.0		__DUMMY__ 0.8710930231746298 neg 0.0733552446619817 off 0.055551732163388406	false	1.0
vorhersehbar	neg 1.0	neg 1.0	neg 0.5215562585236646 __DUMMY__ 0.4352159324995349 off 0.043227808976800466	false	1.0
sowie			__DUMMY__ 0.8700084735207919 neg 0.06615401685126615 off 0.06383750962794194	false	0.0
stornieren	neg 1.0		__DUMMY__ 0.8841801780770732 neg 0.061267949863306116 off 0.054551872059620685	false	1.0
besteuerung	neg 1.0		__DUMMY__ 0.8732756198299055 neg 0.07229507713638383 off 0.05442930303371061	false	1.0
ungeschminkt	neg 1.0		__DUMMY__ 0.8734119505590645 neg 0.0672395657120174 off 0.05934848372891814	false	1.0
kritisch	neg 1.0		__DUMMY__ 0.8780701710814732 neg 0.07084190942829564 off 0.05108791949023107	false	1.0
schlamperei	off 1.0		__DUMMY__ 0.8766862481848163 neg 0.07323739185457462 off 0.05007635996060912	false	0.5
sucht	neg 1.0	neg 1.0	neg 0.5208828344997332 __DUMMY__ 0.4385387403173648 off 0.040578425182902084	false	1.0
egoistisch	off 1.0		__DUMMY__ 0.8727212449366772 off 0.06434446923534212 neg 0.0629342858279807	false	1.0
ausbeuter	off 1.0		__DUMMY__ 0.8759318842582793 neg 0.07406461061750891 off 0.05000350512421175	false	0.5
arschgeburt	off 1.0		__DUMMY__ 0.8640284388106176 off 0.07198314787294194 neg 0.06398841331644037	false	1.0
schubs	neg 1.0	neg 1.0	neg 0.519741894078051 __DUMMY__ 0.4411282479396161 off 0.03912985798233285	false	1.0
unsolide	neg 1.0		__DUMMY__ 0.8679123342906001 neg 0.07619124418696045 off 0.05589642152243948	false	1.0
beschwerde	neg 1.0		__DUMMY__ 0.8761962305675809 neg 0.07365041051635754 off 0.05015335891606151	false	1.0
stocken	neg 1.0		__DUMMY__ 0.8775694932197783 neg 0.0717487914132531 off 0.05068171536696867	false	1.0
isolieren	neg 1.0		__DUMMY__ 0.8771711988424775 neg 0.07111378797069015 off 0.05171501318683233	false	1.0
unheilbar	neg 1.0		__DUMMY__ 0.8796048300657545 neg 0.06572338220983323 off 0.05467178772441224	false	1.0
pisser	off 1.0		__DUMMY__ 0.8728752190108391 neg 0.06658401601739013 off 0.060540764971770744	false	0.5
löschen	neg 1.0		__DUMMY__ 0.8778464819890345 neg 0.06822232166824632 off 0.05393119634271931	false	1.0
durchfallen	neg 1.0		__DUMMY__ 0.8762107116552075 neg 0.07159980273836943 off 0.05218948560642308	false	1.0
wichser	off 1.0		__DUMMY__ 0.86985825395242 off 0.06860053189619053 neg 0.06154121415138953	false	1.0
terror	neg 1.0		__DUMMY__ 0.8780259889853721 neg 0.06569987280983551 off 0.056274138204792455	false	1.0
krass	neg 1.0		__DUMMY__ 0.8728356720536129 neg 0.06489339626499704 off 0.06227093168139001	false	1.0
revolte	neg 1.0	neg 1.0	neg 0.5234187379941957 __DUMMY__ 0.4340351253852417 off 0.04254613662056266	false	1.0
besorgt	neg 1.0		__DUMMY__ 0.8827109891248628 neg 0.0650790644717349 off 0.05220994640340237	false	1.0
nachlassen	neg 1.0		__DUMMY__ 0.8800112346591201 neg 0.06986283015903676 off 0.050125935181843086	false	1.0
alt	neg 1.0		__DUMMY__ 0.880228569443925 neg 0.06906505203139685 off 0.0507063785246782	false	1.0
hundesohn	off 1.0		__DUMMY__ 0.8672044255064987 off 0.06747489462699584 neg 0.06532067986650547	false	1.0
als			__DUMMY__ 0.8810511238371472 neg 0.06650008165184378 off 0.05244879451100907	false	0.0
abschreckung	neg 1.0		__DUMMY__ 0.8791686040534632 neg 0.07202693083677743 off 0.04880446510975935	false	1.0
unqualifiziert	neg 1.0		__DUMMY__ 0.872449148406955 neg 0.07021255805853005 off 0.05733829353451496	false	1.0
abgewichst	off 1.0		__DUMMY__ 0.8791508334957165 neg 0.06838453464150496 off 0.05246463186277855	false	0.5
schwer	neg 1.0		__DUMMY__ 0.8787065919963025 neg 0.06722196485109051 off 0.05407144315260684	false	1.0
bedeutungslosigkeit	neg 1.0		__DUMMY__ 0.8787876901180689 neg 0.07157455474062079 off 0.049637755141310386	false	1.0
kapitulation	neg 1.0		__DUMMY__ 0.8741018533188172 neg 0.07502472446377975 off 0.050873422217403014	false	1.0
unscharf	neg 1.0		__DUMMY__ 0.8769649169519246 neg 0.06732601157750258 off 0.055709071470572816	false	1.0
schwinden	neg 1.0		__DUMMY__ 0.8795234668384999 neg 0.07105033607615523 off 0.04942619708534482	false	1.0
versklavung	neg 1.0		__DUMMY__ 0.8712283733490978 neg 0.07366894008047553 off 0.05510268657042674	false	1.0
schlecht	neg 1.0		__DUMMY__ 0.8770662452507518 neg 0.06330731583228441 off 0.05962643891696383	false	1.0
verhasst	neg 1.0		__DUMMY__ 0.8767939965240701 neg 0.06799503935722213 off 0.05521096411870779	false	1.0
beschweren	neg 1.0		__DUMMY__ 0.8776172828015341 neg 0.06650751818757636 off 0.055875199010889554	false	1.0
scheiden	neg 1.0		__DUMMY__ 0.8860637053004667 neg 0.05989037496270209 off 0.054045919736831226	false	1.0
frustriert	neg 1.0		__DUMMY__ 0.878978816005999 neg 0.0678475032149032 off 0.0531736807790978	false	1.0
schimmelig	neg 1.0		__DUMMY__ 0.8806410278175497 neg 0.06942387212648993 off 0.049935100055960344	false	1.0
fisch	neg 1.0		__DUMMY__ 0.886044172347134 neg 0.06517415324282948 off 0.04878167441003654	false	1.0
schmuggel	neg 1.0		__DUMMY__ 0.8830116248704891 neg 0.06762523179358594 off 0.04936314333592498	false	1.0
auffallen	neg 1.0		__DUMMY__ 0.8774464623036954 neg 0.06612493360849162 off 0.05642860408781294	false	1.0
konkurrenz	neg 1.0	neg 1.0	neg 0.522652730427705 __DUMMY__ 0.4404584159025013 off 0.036888853669793734	false	1.0
teufelskreis	neg 1.0	neg 1.0	neg 0.5228174756297458 __DUMMY__ 0.436515419725831 off 0.040667104644423135	false	1.0
aufschreien	neg 1.0		__DUMMY__ 0.8758844214288788 neg 0.06775341431656084 off 0.05636216425456038	false	1.0
schuldner	neg 1.0		__DUMMY__ 0.8794687148338012 neg 0.0708942725825747 off 0.04963701258362407	false	1.0
missgeburt	off 1.0	off 1.0	off 0.5184336332887509 __DUMMY__ 0.4317769289188963 neg 0.04978943779235268	false	1.0
arbeitslos	neg 1.0		__DUMMY__ 0.8763950089971995 neg 0.07112735152886161 off 0.052477639473938784	false	1.0
befallen	neg 1.0		__DUMMY__ 0.8756835931316993 neg 0.07174442244015164 off 0.052571984428149046	false	1.0
miesepetrig	off 1.0	off 1.0	off 0.514915990494478 __DUMMY__ 0.436681119220526 neg 0.048402890284995975	false	1.0
alarmieren	neg 1.0		__DUMMY__ 0.8719231258299305 neg 0.06977104034684221 off 0.058305833823227335	false	1.0
ungeduscht	off 1.0		__DUMMY__ 0.8786020166323887 neg 0.06453909808444334 off 0.05685888528316802	false	0.5
knappheit	neg 1.0		__DUMMY__ 0.8758055926076662 neg 0.07343550585618205 off 0.0507589015361518	false	1.0
schlange	neg 1.0		__DUMMY__ 0.8817610919505146 neg 0.06260899957385485 off 0.05562990847563066	false	1.0
harsch	neg 1.0		__DUMMY__ 0.8754019116544222 off 0.06300213351731879 neg 0.06159595482825904	false	0.5
lang	neg 1.0		__DUMMY__ 0.8778765603669783 neg 0.06780055538269406 off 0.05432288425032761	false	1.0
ziellos	neg 1.0		__DUMMY__ 0.8815189721357667 neg 0.0665837154520318 off 0.051897312412201524	false	1.0
selbstverliebt	neg 1.0		__DUMMY__ 0.8660254529070335 off 0.06950675154350293 neg 0.06446779554946357	false	0.5
beseitigen	neg 1.0	neg 1.0	neg 0.5197340702262933 __DUMMY__ 0.43999969752133183 off 0.04026623225237488	false	1.0
dumm	off 1.0		__DUMMY__ 0.8709389340820101 off 0.06517875918781876 neg 0.06388230673017119	false	1.0
arbeitsloser	neg 1.0		__DUMMY__ 0.8795375733184952 neg 0.06870733593271344 off 0.05175509074879129	false	1.0
blitzen	neg 1.0		__DUMMY__ 0.8758870398346386 neg 0.06716213030901948 off 0.056950829856341985	false	1.0
hilflos	neg 1.0		__DUMMY__ 0.8793520986449397 neg 0.06796286874876786 off 0.052685032606292446	false	1.0
eklig	off 1.0		__DUMMY__ 0.870686090833456 off 0.06565855988566897 neg 0.06365534928087507	false	1.0
begriff			__DUMMY__ 0.8767101128078112 neg 0.07016734622229653 off 0.053122540969892273	false	0.0
hungersnot	neg 1.0		__DUMMY__ 0.8772790424182426 neg 0.07024558299662162 off 0.05247537458513577	false	1.0
ungesetzlich	neg 1.0		__DUMMY__ 0.8700225499468219 neg 0.07360315919487385 off 0.05637429085830421	false	1.0
verschwendung	neg 1.0		__DUMMY__ 0.8792725707324364 neg 0.07028616178811027 off 0.05044126747945343	false	1.0
schmerzvoll	neg 1.0		__DUMMY__ 0.877905556122601 neg 0.06633232941571068 off 0.055762114461688154	false	1.0
vorzeitig	neg 1.0		__DUMMY__ 0.8784858915357611 neg 0.06472340961625868 off 0.05679069884798022	false	1.0
unvollkommenheit	neg 1.0		__DUMMY__ 0.8828163395271645 neg 0.06552856533520066 off 0.05165509513763478	false	1.0
intervenieren	neg 1.0		__DUMMY__ 0.8755943241761598 neg 0.07413686313481431 off 0.05026881268902591	false	1.0
banause	off 1.0		__DUMMY__ 0.8677479600642947 off 0.06751195806134623 neg 0.06474008187435913	false	1.0
rebell	neg 1.0		__DUMMY__ 0.8804585429410213 neg 0.07255348329019301 off 0.046987973768785614	false	1.0
unlogisch	neg 1.0		__DUMMY__ 0.8732803357013006 neg 0.06487834083684639 off 0.061841323461853	false	1.0
leiden	neg 1.0		__DUMMY__ 0.8885198899682842 neg 0.06192714950951783 off 0.049552960522197854	false	1.0
abschaffung	neg 1.0		__DUMMY__ 0.8733523009369031 neg 0.07212323045488425 off 0.054524468608212646	false	1.0
sturz	neg 1.0		__DUMMY__ 0.8787153242052893 neg 0.06735841412658748 off 0.05392626166812318	false	1.0
verkleinerung	neg 1.0		__DUMMY__ 0.8700409512665983 neg 0.0731827094518172 off 0.05677633928158441	false	1.0
schmarotzer	off 1.0		__DUMMY__ 0.8758865616522644 neg 0.07174632752447956 off 0.052367110823256076	false	0.5
bestrafung	neg 1.0		__DUMMY__ 0.8771505534508092 neg 0.0673497759410777 off 0.055499670608113096	false	1.0
achtlos	neg 1.0		__DUMMY__ 0.8807008313863391 neg 0.06534009549958658 off 0.05395907311407419	false	1.0
ungeheuer	neg 1.0		__DUMMY__ 0.880271090938617 neg 0.0628667654094176 off 0.05686214365196537	false	1.0
unaufrichtig	neg 1.0		__DUMMY__ 0.8733138012296074 neg 0.07048427005298931 off 0.05620192871740313	false	1.0
