unsolidarisch	neg 1.0		__DUMMY__ 0.8706129381717524 neg 0.07524590953374716 off 0.05414115229450035	false	1.0
nachteilig	neg 1.0		__DUMMY__ 0.877419900687764 neg 0.07228347375858038 off 0.05029662555365558	false	1.0
skeptisch	neg 1.0		__DUMMY__ 0.8787102726865785 neg 0.07155255012081459 off 0.04973717719260699	false	1.0
schrecklich	neg 1.0		__DUMMY__ 0.8745836172539837 neg 0.06281668244508339 off 0.06259970030093298	false	1.0
schlapp	neg 1.0	neg 1.0	neg 0.5184344098039193 __DUMMY__ 0.4374198001519197 off 0.04414579004416078	false	1.0
abfall	neg 1.0		__DUMMY__ 0.8803908675592489 neg 0.0723234134069189 off 0.04728571903383218	false	1.0
widerspenstig	neg 1.0		__DUMMY__ 0.8787646999179607 neg 0.06743465045319917 off 0.053800649628840166	false	1.0
abrupt	neg 1.0		__DUMMY__ 0.8837956007617755 neg 0.06641943347652224 off 0.04978496576170225	false	1.0
unwirksam	neg 1.0		__DUMMY__ 0.8723568343812436 neg 0.07390440039017458 off 0.05373876522858187	false	1.0
angreifen	neg 1.0	neg 1.0	neg 0.5242134685882054 __DUMMY__ 0.4378378882853944 off 0.03794864312640018	false	1.0
inkonsistent	neg 1.0		__DUMMY__ 0.876773019534315 neg 0.06879572678543855 off 0.05443125368024652	false	1.0
abrutschen	neg 1.0		__DUMMY__ 0.8805624562766602 neg 0.07180907752668411 off 0.047628466196655755	false	1.0
unsicher	neg 1.0		__DUMMY__ 0.8789396595268231 neg 0.06687270946316584 off 0.05418763101001105	false	1.0
bauernkind	off 1.0	off 1.0	off 0.5170383546954942 __DUMMY__ 0.43096743081861677 neg 0.05199421448588912	false	1.0
angreifer	neg 1.0		__DUMMY__ 0.8789918141911583 neg 0.06578177419701083 off 0.05522641161183091	false	1.0
trennen	neg 1.0		__DUMMY__ 0.885140726310073 neg 0.06452271206570466 off 0.05033656162422231	false	1.0
schmutz	neg 1.0		__DUMMY__ 0.8807165019392145 neg 0.06420837434081299 off 0.055075123719972516	false	1.0
inkonsistenz	neg 1.0		__DUMMY__ 0.872869037110162 neg 0.06924332374029436 off 0.057887639149543584	false	1.0
erschreckend	neg 1.0		__DUMMY__ 0.8774616585458347 neg 0.06926671558698325 off 0.053271625867182024	false	1.0
ertrinken	neg 1.0		__DUMMY__ 0.880911036016704 neg 0.06811979607189578 off 0.050969167911400284	false	1.0
pickelface	off 1.0		__DUMMY__ 0.8770785831306696 neg 0.07075428726823843 off 0.052167129601092044	false	0.5
seiner			__DUMMY__ 0.8810793983227095 neg 0.06882500206062628 off 0.0500955996166641	false	0.0
lauch	neg 1.0		__DUMMY__ 0.8777392411570876 neg 0.07485650390458023 off 0.047404254938332155	false	1.0
unwichtig	neg 1.0		__DUMMY__ 0.8749453504357676 neg 0.06664797696760508 off 0.05840667259662742	false	1.0
steuerhinterziehung	neg 1.0		__DUMMY__ 0.8740684699476889 neg 0.07335931441493297 off 0.05257221563737815	false	1.0
schock	neg 1.0		__DUMMY__ 0.8819461448711149 neg 0.06481604807988073 off 0.053237807049004326	false	1.0
beule	neg 1.0		__DUMMY__ 0.8773531854223262 neg 0.06426187991883922 off 0.05838493465883455	false	1.0
vergelten	neg 1.0		__DUMMY__ 0.8775925900119842 off 0.061415741667535675 neg 0.06099166832048008	false	0.5
verdorbenheit	neg 1.0		__DUMMY__ 0.8788507332921205 neg 0.06800684803845002 off 0.053142418669429474	false	1.0
trauma	neg 1.0		__DUMMY__ 0.8769719409580342 neg 0.06809542345129907 off 0.05493263559066665	false	1.0
sinnlos	neg 1.0		__DUMMY__ 0.8779593993903333 neg 0.0658337765252314 off 0.05620682408443526	false	1.0
fettsack	off 1.0	off 1.0	off 0.5183233255182917 __DUMMY__ 0.4324847457935474 neg 0.04919192868816077	false	1.0
feige	off 1.0	off 1.0	off 0.5148462681148713 __DUMMY__ 0.4336615584889197 neg 0.05149217339620881	false	1.0
abdanken	neg 1.0		__DUMMY__ 0.8751503839702173 neg 0.0713082315735224 off 0.053541384456260326	false	1.0
wichtigtuer	off 1.0	off 1.0	off 0.5127998820559451 __DUMMY__ 0.43548990513238983 neg 0.051710212811665136	false	1.0
misslingen	neg 1.0		__DUMMY__ 0.8838909681298613 neg 0.06150267236185834 off 0.054606359508280376	false	1.0
untreu	off 1.0		__DUMMY__ 0.8740616325851481 neg 0.06647578321175848 off 0.05946258420309338	false	0.5
missmutig	neg 1.0		__DUMMY__ 0.8770178320987134 neg 0.06464642173204421 off 0.058335746169242475	false	1.0
hurenbock	off 1.0		__DUMMY__ 0.8792198759351804 neg 0.06586507170499378 off 0.05491505235982586	false	0.5
betrunken	neg 1.0		__DUMMY__ 0.8777314922597367 neg 0.06174556667647577 off 0.06052294106378759	false	1.0
korrupt	off 1.0		__DUMMY__ 0.8727243536051367 neg 0.07514860179135475 off 0.05212704460350862	false	0.5
unmut	neg 1.0		__DUMMY__ 0.8795724492390334 neg 0.07287566473726256 off 0.04755188602370403	false	1.0
hackfresse	off 1.0		__DUMMY__ 0.870889011123503 off 0.06562956546026864 neg 0.06348142341622823	false	1.0
aufblasen	neg 1.0		__DUMMY__ 0.879716248574572 neg 0.06515480945443076 off 0.05512894197099719	false	1.0
gewaltsam	neg 1.0		__DUMMY__ 0.8777388921965039 neg 0.06905533534567464 off 0.0532057724578214	false	1.0
unbeliebtheit	neg 1.0		__DUMMY__ 0.8686452841711337 neg 0.07331007970077162 off 0.05804463612809465	false	1.0
sturheit	neg 1.0		__DUMMY__ 0.8770633038418105 neg 0.06956928237385894 off 0.05336741378433062	false	1.0
kuh	neg 1.0		__DUMMY__ 0.8744018383033503 neg 0.07160763085847036 off 0.05399053083817941	false	1.0
erschrecken	neg 1.0		__DUMMY__ 0.8775863074699091 neg 0.06467518064408777 off 0.05773851188600318	false	1.0
opfer	neg 1.0		__DUMMY__ 0.8798697851719786 neg 0.06896456900056697 off 0.05116564582745449	false	1.0
sinken	neg 1.0		__DUMMY__ 0.8816126491960055 neg 0.07048917890221693 off 0.047898171901777656	false	1.0
stinktier	neg 1.0		__DUMMY__ 0.8710164372717573 neg 0.0660365861198348 off 0.06294697660840791	false	1.0
tucke	off 1.0		__DUMMY__ 0.8662647945785479 neg 0.06784603727073833 off 0.06588916815071376	false	0.5
ein			__DUMMY__ 0.8805204802795611 neg 0.06500361405996734 off 0.05447590566047156	false	0.0
abstieg	neg 1.0		__DUMMY__ 0.8820910333965353 neg 0.06761596557230931 off 0.05029300103115538	false	1.0
missverstehen	neg 1.0		__DUMMY__ 0.8747081524655367 neg 0.06881052596053076 off 0.05648132157393264	false	1.0
ergebnislos	neg 1.0		__DUMMY__ 0.8792337525543424 neg 0.07051644939094956 off 0.05024979805470794	false	1.0
unter			__DUMMY__ 0.8885021507511969 neg 0.06801976418117653 off 0.043478085067626626	false	0.0
manipulieren	neg 1.0		__DUMMY__ 0.8792081252667531 neg 0.07092492715969696 off 0.04986694757354998	false	1.0
unbewiesen	neg 1.0		__DUMMY__ 0.8697544670003586 neg 0.07582152824459817 off 0.05442400475504316	false	1.0
verschleppen	neg 1.0		__DUMMY__ 0.8778778546832205 neg 0.07040171721612692 off 0.051720428100652575	false	1.0
weib	off 1.0		__DUMMY__ 0.8700827550027448 off 0.06556967291685784 neg 0.06434757208039739	false	1.0
opposition	neg 1.0		__DUMMY__ 0.8741838099110629 neg 0.07045107567843659 off 0.055365114410500384	false	1.0
verkehrswidrig	neg 1.0	neg 1.0	neg 0.5112600334332231 __DUMMY__ 0.44228815867138965 off 0.046451807895387345	false	1.0
inkorrekt	neg 1.0		__DUMMY__ 0.8696635106282922 neg 0.06966173487982649 off 0.060674754491881325	false	1.0
vermeiden	neg 1.0		__DUMMY__ 0.8845385227256619 neg 0.07004129905484308 off 0.045420178219495115	false	1.0
abweichung	neg 1.0	neg 1.0	neg 0.5227197200305782 __DUMMY__ 0.4389303426542253 off 0.03834993731519653	false	1.0
alkoholisiert	neg 1.0		__DUMMY__ 0.8894021579349571 neg 0.06138967505895604 off 0.04920816700608685	false	1.0
scheiss	off 1.0	off 1.0	off 0.5144634404830049 __DUMMY__ 0.4362555425451736 neg 0.04928101697182152	false	1.0
herausforderung	neg 1.0	neg 1.0	neg 0.5175460769351878 __DUMMY__ 0.44473986941789223 off 0.037714053646920015	false	1.0
pervers	off 1.0		__DUMMY__ 0.8692933446997473 off 0.06842143856285608 neg 0.062285216737396655	false	1.0
wackelig	neg 1.0		__DUMMY__ 0.8844190123503128 neg 0.06397972304810257 off 0.05160126460158464	false	1.0
verwickeln	neg 1.0		__DUMMY__ 0.8752151654404727 neg 0.06834715801228267 off 0.05643767654724464	false	1.0
vorwand	neg 1.0		__DUMMY__ 0.879254790045124 neg 0.07162419795741562 off 0.04912101199746038	false	1.0
muschi	off 1.0		__DUMMY__ 0.8776626486193758 neg 0.06968840664372167 off 0.05264894473690246	false	0.5
entmutigung	neg 1.0		__DUMMY__ 0.8729954731971883 neg 0.07147712739228883 off 0.05552739941052298	false	1.0
unangemessen	neg 1.0		__DUMMY__ 0.8762763507434198 neg 0.07117322072782303 off 0.052550428528757166	false	1.0
unstetig	neg 1.0		__DUMMY__ 0.8773635967546377 neg 0.06819486737020154 off 0.054441535875160776	false	1.0
entmutigen	neg 1.0		__DUMMY__ 0.8783852249942137 neg 0.06629319747253137 off 0.05532157753325503	false	1.0
schwanz	neg 1.0		__DUMMY__ 0.8795433662284868 neg 0.07080239837006892 off 0.04965423540144425	false	1.0
verbot	neg 1.0		__DUMMY__ 0.8745757104519545 neg 0.07359090260218307 off 0.05183338694586238	false	1.0
leid	neg 1.0		__DUMMY__ 0.8736715606458219 off 0.06349610235753997 neg 0.06283233699663826	false	0.5
archaisch	neg 1.0		__DUMMY__ 0.8786646935144127 neg 0.06906878205871583 off 0.05226652442687145	false	1.0
gegen			__DUMMY__ 0.8816802380962672 neg 0.06966705049922958 off 0.048652711404503265	false	0.0
scheidung	neg 1.0		__DUMMY__ 0.8696738981322923 off 0.0717144844830744 neg 0.05861161738463319	false	0.5
einschlag	neg 1.0	neg 1.0	neg 0.5172493033743374 __DUMMY__ 0.43637011102651596 off 0.04638058559914667	false	1.0
m			__DUMMY__ 0.8803560649131587 neg 0.06770321974433102 off 0.05194071534251034	false	0.0
abgestanden	neg 1.0		__DUMMY__ 0.8780224328251297 neg 0.06805560539414945 off 0.05392196178072095	false	1.0
schmierig	off 1.0		__DUMMY__ 0.8739113610129083 off 0.06307434736940211 neg 0.06301429161768957	false	1.0
unpraktisch	neg 1.0		__DUMMY__ 0.8806563766549252 neg 0.06470309239604177 off 0.054640530949032935	false	1.0
wixxer	off 1.0		__DUMMY__ 0.8681392452098308 off 0.06820557303364828 neg 0.06365518175652102	false	1.0
bezeichnet			__DUMMY__ 0.8767723904769027 neg 0.06943803896289186 off 0.05378957056020554	false	0.0
jammerlappen	off 1.0		__DUMMY__ 0.8751910997634281 neg 0.06627056857590582 off 0.05853833166066598	false	0.5
farce	neg 1.0		__DUMMY__ 0.8738917792239288 neg 0.07360357802394137 off 0.0525046427521298	false	1.0
zwecklos	neg 1.0		__DUMMY__ 0.8771419375140594 neg 0.07037462306801408 off 0.0524834394179265	false	1.0
turbulent	neg 1.0		__DUMMY__ 0.8738651602087889 neg 0.06740803035896634 off 0.05872680943224481	false	1.0
invasion	neg 1.0		__DUMMY__ 0.8778113809618341 neg 0.0659635158419468 off 0.05622510319621913	false	1.0
schuld	neg 1.0		__DUMMY__ 0.8774022133183135 neg 0.06759654343092318 off 0.05500124325076336	false	1.0
risiko	neg 1.0		__DUMMY__ 0.8801463000723349 neg 0.06561502499111432 off 0.054238674936550844	false	1.0
finster	neg 1.0		__DUMMY__ 0.8795838203455411 neg 0.06603227412333612 off 0.0543839055311229	false	1.0
geisteskrank	off 1.0		__DUMMY__ 0.8726419885474782 neg 0.06722788097834828 off 0.06013013047417351	false	0.5
zusammenbrechen	neg 1.0		__DUMMY__ 0.8800535603523341 neg 0.06706631892299511 off 0.052880120724670736	false	1.0
ausbeute	neg 1.0		__DUMMY__ 0.8853843153365216 neg 0.06512633852052681 off 0.049489346142951585	false	1.0
hinterhalt	neg 1.0		__DUMMY__ 0.8812228962758284 neg 0.0667067701450974 off 0.05207033357907423	false	1.0
kritik	neg 1.0		__DUMMY__ 0.874419491658965 neg 0.07319765111715108 off 0.05238285722388376	false	1.0
einschrumpfen	neg 1.0		__DUMMY__ 0.8717655434946403 neg 0.07153379431735712 off 0.056700662188002474	false	1.0
riskant	neg 1.0		__DUMMY__ 0.8777126056334111 neg 0.07134126743132298 off 0.050946126935265956	false	1.0
frustrieren	neg 1.0		__DUMMY__ 0.8790853444073535 neg 0.0698202262461759 off 0.051094429346470585	false	1.0
groll	neg 1.0		__DUMMY__ 0.8789309184052291 neg 0.06882221545573766 off 0.052246866139033246	false	1.0
gibt			__DUMMY__ 0.8788074048958179 neg 0.06856388213822075 off 0.05262871296596141	false	0.0
qualvoll	neg 1.0		__DUMMY__ 0.8789272661022363 neg 0.06409982422922922 off 0.056972909668534494	false	1.0
wackeln	neg 1.0	neg 1.0	neg 0.518378729846367 __DUMMY__ 0.4402585772207916 off 0.0413626929328415	false	1.0
klagen	neg 1.0		__DUMMY__ 0.880162917058741 neg 0.07186408414495221 off 0.047972998796306725	false	1.0
bankrott	neg 1.0		__DUMMY__ 0.8768608722264343 neg 0.06578221506431763 off 0.05735691270924812	false	1.0
trauern	neg 1.0		__DUMMY__ 0.8820713627104768 neg 0.0669995983314882 off 0.050929038958034946	false	1.0
ablehnung	neg 1.0		__DUMMY__ 0.8741104967325782 neg 0.07342538542546137 off 0.05246411784196033	false	1.0
stur	neg 1.0		__DUMMY__ 0.8765889765135598 neg 0.06788955242840407 off 0.055521471058036155	false	1.0
aufruhr	neg 1.0		__DUMMY__ 0.8775302479968052 neg 0.06926483086137594 off 0.053204921141818774	false	1.0
melancholie	neg 1.0		__DUMMY__ 0.8814998345387002 neg 0.0670106585772751 off 0.051489506884024705	false	1.0
ist			__DUMMY__ 0.8776634574816892 neg 0.06665161762046483 off 0.05568492489784605	false	0.0
torheit	neg 1.0		__DUMMY__ 0.8750025357779786 neg 0.0700756595653841 off 0.05492180465663743	false	1.0
dreckskind	off 1.0		__DUMMY__ 0.8700543158917495 neg 0.06570693048182692 off 0.06423875362642363	false	0.5
umtauschen	neg 1.0		__DUMMY__ 0.8796655078642284 neg 0.06714047397879767 off 0.05319401815697401	false	1.0
zum			__DUMMY__ 0.8903113880512276 neg 0.0641655668588468 off 0.045523045089925586	false	0.0
zersetzen	neg 1.0		__DUMMY__ 0.8773549202996934 neg 0.07292079295472 off 0.04972428674558661	false	1.0
zur			__DUMMY__ 0.8843929108710086 neg 0.07049802748156993 off 0.04510906164742151	false	0.0
frust	neg 1.0		__DUMMY__ 0.8800847511544918 neg 0.06712252749427082 off 0.05279272135123737	false	1.0
unerbittlichkeit	neg 1.0		__DUMMY__ 0.8782684145299249 neg 0.07188713015087661 off 0.04984445531919853	false	1.0
zwei			__DUMMY__ 0.8875912717322594 neg 0.06497404388671825 off 0.0474346843810224	false	0.0
unkorrekt	neg 1.0		__DUMMY__ 0.870763234809417 neg 0.06814223707082022 off 0.06109452811976292	false	1.0
hexe	off 1.0		__DUMMY__ 0.8759556501217785 neg 0.06526229353300832 off 0.058782056345213225	false	0.5
lasch	neg 1.0		__DUMMY__ 0.8739649525486436 neg 0.06849094066670448 off 0.05754410678465198	false	1.0
rivale	neg 1.0		__DUMMY__ 0.8764936248686257 neg 0.06272562634877141 off 0.06078074878260286	false	1.0
mutlos	off 1.0	off 1.0	off 0.5086855113854427 __DUMMY__ 0.4362711135263148 neg 0.055043375088242454	false	1.0
wirr	off 1.0		__DUMMY__ 0.8711787364039426 neg 0.06758988760682295 off 0.061231375989234456	false	0.5
jahr			__DUMMY__ 0.8873983017741154 neg 0.06361741388084799 off 0.0489842843450366	false	0.0
wird			__DUMMY__ 0.8803182118232815 neg 0.06837884695434797 off 0.05130294122237048	false	0.0
strafbar	neg 1.0		__DUMMY__ 0.8772117435350125 neg 0.07167642943468423 off 0.0511118270303033	false	1.0
erosion	neg 1.0		__DUMMY__ 0.8795037682168233 neg 0.06603932760042779 off 0.054456904182748796	false	1.0
eingehen	neg 1.0		__DUMMY__ 0.876806017745819 neg 0.07129374946602646 off 0.0519002327881544	false	1.0
faul	off 1.0		__DUMMY__ 0.8776840043635719 neg 0.06484791765950862 off 0.05746807797691962	false	0.5
provisorium	neg 1.0		__DUMMY__ 0.8858578835987814 neg 0.07105573617759367 off 0.04308638022362497	false	1.0
schmerzen	neg 1.0		__DUMMY__ 0.8791668499263957 neg 0.0672882892066098 off 0.053544860866994476	false	1.0
schrumpfen	neg 1.0		__DUMMY__ 0.8816325690560476 neg 0.07282617503965272 off 0.04554125590429974	false	1.0
geistlos	off 1.0		__DUMMY__ 0.8708791686972606 neg 0.07248118101814563 off 0.05663965028459388	false	0.5
fehlkauf	neg 1.0		__DUMMY__ 0.8758749094030188 neg 0.06852915691128292 off 0.05559593368569822	false	1.0
frustrierend	neg 1.0		__DUMMY__ 0.8783648361094225 neg 0.06396425229494994 off 0.05767091159562742	false	1.0
unzufrieden	neg 1.0		__DUMMY__ 0.8772755567557041 neg 0.07033767527616422 off 0.05238676796813166	false	1.0
verzweifeln	neg 1.0		__DUMMY__ 0.8788090255496785 neg 0.06743100206907127 off 0.05375997238125014	false	1.0
verzweifelt	neg 1.0		__DUMMY__ 0.8764698768290938 neg 0.06797996449105219 off 0.05555015867985401	false	1.0
misstrauensantrag	neg 1.0		__DUMMY__ 0.8748278326932601 neg 0.06925653518770278 off 0.05591563211903701	false	1.0
abfallen	neg 1.0		__DUMMY__ 0.8812287909952162 neg 0.06385675580814286 off 0.054914453196640914	false	1.0
fucker	off 1.0		__DUMMY__ 0.8728826213930065 neg 0.06659834167592076 off 0.06051903693107277	false	0.5
ungezogen	neg 1.0		__DUMMY__ 0.8718833236141317 off 0.06687225156166765 neg 0.0612444248242007	false	0.5
irrsinnig	neg 1.0	neg 1.0	neg 0.5219985595959172 __DUMMY__ 0.4361339715150436 off 0.041867468889039125	false	1.0
unfassbar	neg 1.0		__DUMMY__ 0.8754723486448109 neg 0.0653668453753365 off 0.05916080597985254	false	1.0
hart	neg 1.0		__DUMMY__ 0.8750399817432392 neg 0.06808516023014721 off 0.0568748580266136	false	1.0
widerlich	off 1.0		__DUMMY__ 0.8726862338766526 neg 0.06732510690140883 off 0.0599886592219387	false	0.5
fatal	neg 1.0		__DUMMY__ 0.8759322978383735 neg 0.0681453118018816 off 0.05592239035974491	false	1.0
bruch	neg 1.0		__DUMMY__ 0.8790901770732893 neg 0.07274866825724724 off 0.04816115466946336	false	1.0
aushungern	neg 1.0		__DUMMY__ 0.8748472736258119 neg 0.07178344410041528 off 0.0533692822737728	false	1.0
anspannung	neg 1.0	neg 1.0	neg 0.5191944058738167 __DUMMY__ 0.4460186177328254 off 0.03478697639335783	false	1.0
von			__DUMMY__ 0.886140413169434 neg 0.06548391474713933 off 0.048375672083426725	false	0.0
kraftlos	neg 1.0		__DUMMY__ 0.8821882894488531 neg 0.06567480973012874 off 0.05213690082101821	false	1.0
vom			__DUMMY__ 0.8898338244957807 neg 0.06654918601866049 off 0.04361698948555873	false	0.0
grenzdebil	off 1.0		__DUMMY__ 0.875259330004736 neg 0.06475137959038703 off 0.059989290404876994	false	0.5
vor			__DUMMY__ 0.8816445386889297 neg 0.06928181197442758 off 0.04907364933664268	false	0.0
unterwerfen	neg 1.0		__DUMMY__ 0.8796092251265057 neg 0.06949464832528683 off 0.05089612654820745	false	1.0
versenkung	neg 1.0		__DUMMY__ 0.8788722304810282 neg 0.0704229126213189 off 0.0507048568976529	false	1.0
entziehen	neg 1.0		__DUMMY__ 0.8800414165587895 neg 0.07141548349631804 off 0.048543099944892414	false	1.0
finanzkrise	neg 1.0		__DUMMY__ 0.8729850076680891 neg 0.07392251861493596 off 0.05309247371697506	false	1.0
schimpfend	neg 1.0		__DUMMY__ 0.8825703714645049 neg 0.0628495735838255 off 0.054580054951669586	false	1.0
profan	neg 1.0		__DUMMY__ 0.8764925398132285 neg 0.06687834514757568 off 0.056629115039195814	false	1.0
korruption	neg 1.0	neg 1.0	neg 0.5260042480723169 __DUMMY__ 0.4347900387204166 off 0.03920571320726653	false	1.0
â			__DUMMY__ 0.8799619214724022 neg 0.06906773576184055 off 0.050970342765757314	false	0.0
schmutzig	neg 1.0		__DUMMY__ 0.8759852818939479 neg 0.06458013260002708 off 0.05943458550602506	false	1.0
sexy	neg 1.0		__DUMMY__ 0.8764327902945916 neg 0.06636037556908524 off 0.057206834136323104	false	1.0
abraten	neg 1.0		__DUMMY__ 0.8771473485298394 neg 0.06718391160761975 off 0.055668739862540846	false	1.0
schwarz	neg 1.0		__DUMMY__ 0.8763504249153675 neg 0.06828216577609146 off 0.05536740930854101	false	1.0
fotze	off 1.0		__DUMMY__ 0.8780699192284154 neg 0.07124446101519456 off 0.05068561975638995	false	0.5
verwirren	neg 1.0		__DUMMY__ 0.8767011197692831 neg 0.06640629675205663 off 0.05689258347866021	false	1.0
zahnlos	off 1.0		__DUMMY__ 0.8767624643559763 neg 0.07083001626886812 off 0.05240751937515564	false	0.5
verheeren	neg 1.0		__DUMMY__ 0.8711681156910006 off 0.06786601269648754 neg 0.0609658716125118	false	0.5
hippie	neg 1.0		__DUMMY__ 0.8757883536361659 neg 0.06739468326390412 off 0.05681696309992998	false	1.0
rammen	neg 1.0		__DUMMY__ 0.8758747719119445 neg 0.06989120750372696 off 0.05423402058432847	false	1.0
unlauter	neg 1.0		__DUMMY__ 0.8722211239178026 neg 0.07324110837136923 off 0.05453776771082813	false	1.0
unheilvoll	neg 1.0		__DUMMY__ 0.8803389731984912 neg 0.0637924020273059 off 0.05586862477420289	false	1.0
niedrig	neg 1.0		__DUMMY__ 0.8793954260865936 neg 0.07089301930951994 off 0.04971155460388642	false	1.0
explosion	neg 1.0		__DUMMY__ 0.8757382929849401 neg 0.06803604049815923 off 0.05622566651690066	false	1.0
weichei	off 1.0		__DUMMY__ 0.8708894697504178 neg 0.06490191129283622 off 0.06420861895674591	false	0.5
minusmensch	off 1.0		__DUMMY__ 0.8641122645933447 neg 0.06797212575265495 off 0.06791560965400044	false	0.5
farblos	neg 1.0		__DUMMY__ 0.8839463952434873 neg 0.06346187209115758 off 0.052591732665355134	false	1.0
unwissend	neg 1.0	neg 1.0	neg 0.520143219627947 __DUMMY__ 0.4351673477195199 off 0.04468943265253309	false	1.0
traurig	neg 1.0		__DUMMY__ 0.8754054804186056 neg 0.06289890075499192 off 0.061695618826402406	false	1.0
senkung	neg 1.0		__DUMMY__ 0.8735355383133037 neg 0.07008900818902793 off 0.056375453497668516	false	1.0
ungleich	neg 1.0	neg 1.0	neg 0.525187807329101 __DUMMY__ 0.43645964684570937 off 0.03835254582518965	false	1.0
heikel	neg 1.0		__DUMMY__ 0.8780323439669386 neg 0.07210804886389954 off 0.049859607169161824	false	1.0
drosselung	neg 1.0		__DUMMY__ 0.8755607019433226 neg 0.06509432851768342 off 0.059344969538993986	false	1.0
falsch	neg 1.0		__DUMMY__ 0.8763899074220199 neg 0.06577215431160152 off 0.05783793826637862	false	1.0
unzufriedenheit	neg 1.0		__DUMMY__ 0.8790842856863625 neg 0.07147691667907205 off 0.04943879763456538	false	1.0
kurz	neg 1.0		__DUMMY__ 0.8825581266653001 neg 0.0649700163670741 off 0.05247185696762584	false	1.0
unsinnig	neg 1.0		__DUMMY__ 0.87561269047565 neg 0.07158267159654903 off 0.052804637927800865	false	1.0
penner	off 1.0	off 1.0	off 0.5201768248346934 __DUMMY__ 0.4319958999427728 neg 0.04782727522253373	false	1.0
seicht	neg 1.0		__DUMMY__ 0.8679146956562199 off 0.06702479159775387 neg 0.06506051274602616	false	0.5
dummheit	off 1.0	off 1.0	off 0.5130132445836759 __DUMMY__ 0.4346116441948145 neg 0.05237511122150962	false	1.0
unerfreulich	neg 1.0		__DUMMY__ 0.8804987813428918 neg 0.07060026785931606 off 0.04890095079779223	false	1.0
motherfucker	off 1.0	off 1.0	off 0.515945967839115 __DUMMY__ 0.43294086948934185 neg 0.05111316267154314	false	1.0
pikiert	neg 1.0		__DUMMY__ 0.8726507781136318 neg 0.06833514393721296 off 0.05901407794915531	false	1.0
wrack	neg 1.0		__DUMMY__ 0.8845043255858932 neg 0.06536482442038433 off 0.0501308499937225	false	1.0
gangster	neg 1.0		__DUMMY__ 0.8766571683990753 neg 0.06692466496441966 off 0.05641816663650506	false	1.0
krank	neg 1.0		__DUMMY__ 0.8773744121883935 neg 0.06261795605118721 off 0.0600076317604193	false	1.0
reich	neg 1.0		__DUMMY__ 0.8747037316206289 neg 0.06755495451514462 off 0.05774131386422648	false	1.0
gnadenlos	neg 1.0		__DUMMY__ 0.8777062033507407 neg 0.06727773171727343 off 0.055016064931985936	false	1.0
niedergeschlagen	neg 1.0		__DUMMY__ 0.8805954227132441 neg 0.06658255033591559 off 0.05282202695084041	false	1.0
terrorisieren	off 1.0	off 1.0	off 0.5089225672848343 __DUMMY__ 0.43824092080648863 neg 0.052836511908677136	false	1.0
sinnlosigkeit	neg 1.0		__DUMMY__ 0.8780676734312366 neg 0.06945885460859881 off 0.05247347196016461	false	1.0
behindern	neg 1.0		__DUMMY__ 0.8768287616080778 neg 0.06994088078255649 off 0.05323035760936572	false	1.0
undemokratisch	neg 1.0		__DUMMY__ 0.873121675226734 neg 0.07185245968153992 off 0.05502586509172604	false	1.0
wirtschaftskrise	neg 1.0		__DUMMY__ 0.8760401909054744 neg 0.07277492600091794 off 0.05118488309360762	false	1.0
neid	neg 1.0		__DUMMY__ 0.88065430727063 neg 0.061108827387128556 off 0.058236865342241366	false	1.0
rutschen	neg 1.0	neg 1.0	neg 0.5187580736360977 __DUMMY__ 0.4453444158602604 off 0.03589751050364199	false	1.0
rezession	neg 1.0		__DUMMY__ 0.8680562987071394 neg 0.06947705459710454 off 0.062466646695755954	false	1.0
fehlgeburt	neg 1.0		__DUMMY__ 0.8797100342280874 neg 0.06463608523079517 off 0.05565388054111757	false	1.0
charakterschwach	off 1.0		__DUMMY__ 0.8740897167863055 neg 0.06615432755095038 off 0.059755955662744074	false	0.5
isolation	neg 1.0		__DUMMY__ 0.8782682737407659 neg 0.0641835873847453 off 0.05754813887448881	false	1.0
ablenkung	neg 1.0		__DUMMY__ 0.8787425412520073 neg 0.06690263190541092 off 0.05435482684258175	false	1.0
pech	neg 1.0		__DUMMY__ 0.8780907992489763 neg 0.06477465090208363 off 0.05713454984894015	false	1.0
vermeidung	neg 1.0		__DUMMY__ 0.8729598246591943 neg 0.06737035292397847 off 0.05966982241682727	false	1.0
dominieren	neg 1.0		__DUMMY__ 0.8833732885481587 neg 0.0656303884536099 off 0.050996322998231446	false	1.0
schwindlig	neg 1.0		__DUMMY__ 0.8810857829643622 neg 0.06306309795559838 off 0.055851119080039306	false	1.0
lutscher	neg 1.0	neg 1.0	neg 0.5183623465180327 __DUMMY__ 0.4305205782409856 off 0.05111707524098183	false	1.0
pflicht	neg 1.0		__DUMMY__ 0.8789374359449558 neg 0.071168925003601 off 0.04989363905144322	false	1.0
faschist	off 1.0		__DUMMY__ 0.8727505114474848 neg 0.07028116657176077 off 0.05696832198075435	false	0.5
verschleudern	neg 1.0		__DUMMY__ 0.8738011045892785 neg 0.07569660995358513 off 0.05050228545713629	false	1.0
wenn			__DUMMY__ 0.8764336069622748 neg 0.06550224607694594 off 0.058064146960779314	false	0.0
ehebruch	neg 1.0		__DUMMY__ 0.8774745783761502 neg 0.07110485462031353 off 0.05142056700353638	false	1.0
spott	off 1.0		__DUMMY__ 0.876727542707008 neg 0.0722891207417611 off 0.05098333655123082	false	0.5
trostlosigkeit	neg 1.0		__DUMMY__ 0.8800623550022457 neg 0.07130232891532232 off 0.04863531608243197	false	1.0
lutschen	neg 1.0		__DUMMY__ 0.8743150528966938 neg 0.06942638683882436 off 0.056258560264481804	false	1.0
undiszipliniert	neg 1.0		__DUMMY__ 0.8752075729163109 neg 0.06393611007159193 off 0.060856317012097136	false	1.0
kopfschmerz	neg 1.0		__DUMMY__ 0.8812581970733561 neg 0.06643713734995417 off 0.05230466557668984	false	1.0
unvorhergesehen	neg 1.0		__DUMMY__ 0.885289884028219 neg 0.06436511538297356 off 0.050345000588807455	false	1.0
desinteressiert	neg 1.0		__DUMMY__ 0.8736419929165891 neg 0.06552422625447275 off 0.060833780828938186	false	1.0
armselig	off 1.0		__DUMMY__ 0.8710586054751546 neg 0.06713731727963809 off 0.061804077245207464	false	0.5
desaster	neg 1.0		__DUMMY__ 0.879056645364993 neg 0.07321967939519813 off 0.04772367523980892	false	1.0
tod	neg 1.0		__DUMMY__ 0.8806026985159062 neg 0.06852375845726488 off 0.05087354302682887	false	1.0
herzlos	neg 1.0		__DUMMY__ 0.8727560365095505 neg 0.06510164226985805 off 0.06214232122059144	false	1.0
unwissenheit	neg 1.0		__DUMMY__ 0.8755094317794413 neg 0.0722105649751433 off 0.05228000324541539	false	1.0
widersinnig	neg 1.0	neg 1.0	neg 0.5258389905270294 __DUMMY__ 0.43415038514320986 off 0.040010624329760706	false	1.0
bedenklich	neg 1.0		__DUMMY__ 0.8774247995663974 neg 0.07139848974672375 off 0.05117671068687876	false	1.0
beanstanden	neg 1.0		__DUMMY__ 0.8795043148254854 neg 0.07122153121581098 off 0.049274153958703694	false	1.0
panisch	neg 1.0	neg 1.0	neg 0.5162075741413933 __DUMMY__ 0.44110355819608943 off 0.0426888676625174	false	1.0
debil	off 1.0		__DUMMY__ 0.8826532749757285 neg 0.07286083407292036 off 0.04448589095135106	false	0.5
abstrich	neg 1.0		__DUMMY__ 0.8786416538870914 neg 0.070942039670576 off 0.050416306442332706	false	1.0
primitiv	neg 1.0		__DUMMY__ 0.8727127345984189 neg 0.0668915155612531 off 0.06039574984032795	false	1.0
abschaum	off 1.0	off 1.0	off 0.5145286109890808 __DUMMY__ 0.43461963299083645 neg 0.050851756020082794	false	1.0
provozieren	neg 1.0		__DUMMY__ 0.8763674060950155 neg 0.06878080995582801 off 0.054851783949156414	false	1.0
tot	neg 1.0		__DUMMY__ 0.8804616241268207 neg 0.06929501560809749 off 0.05024336026508187	false	1.0
instabil	neg 1.0		__DUMMY__ 0.8706152964745039 neg 0.06928901371922487 off 0.060095689806271224	false	1.0
schwuchtel	off 1.0		__DUMMY__ 0.8646889453372112 off 0.07170346538399273 neg 0.06360758927879602	false	1.0
zerren	neg 1.0		__DUMMY__ 0.8807707217371515 neg 0.06617660914276198 off 0.05305266912008642	false	1.0
kinderficker	off 1.0		__DUMMY__ 0.8698107007242999 neg 0.06614599609361353 off 0.06404330318208651	false	0.5
gefahr	neg 1.0		__DUMMY__ 0.8793699752087527 neg 0.07110485871989658 off 0.049525166071350775	false	1.0
rabiat	neg 1.0		__DUMMY__ 0.8761311959231524 neg 0.06963307337554933 off 0.05423573070129825	false	1.0
verlangsamung	neg 1.0		__DUMMY__ 0.8689397266021108 neg 0.06554909874316828 off 0.06551117465472091	false	1.0
ausgestorben	neg 1.0		__DUMMY__ 0.8799100186916476 neg 0.0664840355123845 off 0.053605945795967856	false	1.0
anklagen	neg 1.0		__DUMMY__ 0.8763130898680727 neg 0.07101368191716 off 0.05267322821476738	false	1.0
trott	neg 1.0		__DUMMY__ 0.8789433611048939 neg 0.06760664674441091 off 0.05344999215069525	false	1.0
verminderung	neg 1.0		__DUMMY__ 0.8738117120286957 neg 0.06581918979739243 off 0.060369098173911825	false	1.0
nach			__DUMMY__ 0.8889130267387327 neg 0.06516855363565635 off 0.04591841962561092	false	0.0
rost	neg 1.0		__DUMMY__ 0.8718595419157849 off 0.06419477190551334 neg 0.06394568617870182	false	0.5
destruktiv	neg 1.0		__DUMMY__ 0.8747606426882968 neg 0.07134608863297881 off 0.05389326867872446	false	1.0
unzumutbarkeit	neg 1.0		__DUMMY__ 0.8772827373522177 neg 0.06457161062059791 off 0.05814565202718438	false	1.0
labil	off 1.0	off 1.0	off 0.5144696268509199 __DUMMY__ 0.4344188419486646 neg 0.05111153120041544	false	1.0
ziemlich	neg 1.0		__DUMMY__ 0.8769864395636798 neg 0.06353766447941302 off 0.059475895956907124	false	1.0
lachnummer	off 1.0		__DUMMY__ 0.8768016672747249 neg 0.06898169962558857 off 0.05421663309968662	false	0.5
oder			__DUMMY__ 0.8803328218503567 neg 0.06549714559884484 off 0.0541700325507985	false	0.0
verfall	neg 1.0		__DUMMY__ 0.8802385127450583 neg 0.07425772804637654 off 0.045503759208565205	false	1.0
ausgrenzung	neg 1.0		__DUMMY__ 0.872067884494375 neg 0.07230491334548834 off 0.05562720216013673	false	1.0
unordnung	neg 1.0		__DUMMY__ 0.8767603030496052 neg 0.0644740085553736 off 0.05876568839502133	false	1.0
fehlverhalten	neg 1.0		__DUMMY__ 0.8776650476617804 neg 0.07218670860744746 off 0.050148243730772084	false	1.0
eine			__DUMMY__ 0.880573263968882 neg 0.07010975081632062 off 0.049316985214797306	false	0.0
nille	neg 1.0		__DUMMY__ 0.8779105260403253 neg 0.06896311357223182 off 0.05312636038744281	false	1.0
qual	neg 1.0		__DUMMY__ 0.8784720472759432 neg 0.06822213916549466 off 0.05330581355856207	false	1.0
verschwenden	neg 1.0		__DUMMY__ 0.8775923737888327 neg 0.07094930907816152 off 0.05145831713300585	false	1.0
riesig	neg 1.0	neg 1.0	neg 0.5212011209823655 __DUMMY__ 0.4402389292116335 off 0.038559949806001075	false	1.0
verurteilen	neg 1.0		__DUMMY__ 0.876468146539212 neg 0.07118610621858418 off 0.0523457472422039	false	1.0
klischee	neg 1.0	neg 1.0	neg 0.5221339087218216 __DUMMY__ 0.4342194879735315 off 0.043646603304646946	false	1.0
diktatorisch	neg 1.0		__DUMMY__ 0.87109302317463 neg 0.07335524466198166 off 0.055551732163388365	false	1.0
vorhersehbar	neg 1.0	neg 1.0	neg 0.5215562585236647 __DUMMY__ 0.43521593249953466 off 0.043227808976800515	false	1.0
sowie			__DUMMY__ 0.8700084735207922 neg 0.06615401685126591 off 0.06383750962794177	false	0.0
stornieren	neg 1.0		__DUMMY__ 0.8841801780770733 neg 0.061267949863306075 off 0.05455187205962064	false	1.0
besteuerung	neg 1.0		__DUMMY__ 0.8732756198299056 neg 0.07229507713638383 off 0.054429303033710595	false	1.0
ungeschminkt	neg 1.0		__DUMMY__ 0.8734119505590642 neg 0.06723956571201753 off 0.0593484837289182	false	1.0
kritisch	neg 1.0		__DUMMY__ 0.8780701710814731 neg 0.07084190942829566 off 0.05108791949023118	false	1.0
schlamperei	off 1.0		__DUMMY__ 0.8766862481848161 neg 0.07323739185457467 off 0.05007635996060913	false	0.5
sucht	neg 1.0	neg 1.0	neg 0.520882834499733 __DUMMY__ 0.4385387403173648 off 0.04057842518290211	false	1.0
egoistisch	off 1.0		__DUMMY__ 0.8727212449366772 off 0.06434446923534207 neg 0.06293428582798066	false	1.0
ausbeuter	off 1.0		__DUMMY__ 0.8759318842582794 neg 0.0740646106175089 off 0.05000350512421171	false	0.5
arschgeburt	off 1.0		__DUMMY__ 0.8640284388106175 off 0.07198314787294208 neg 0.06398841331644041	false	1.0
schubs	neg 1.0	neg 1.0	neg 0.5197418940780512 __DUMMY__ 0.4411282479396161 off 0.03912985798233283	false	1.0
unsolide	neg 1.0		__DUMMY__ 0.8679123342906002 neg 0.07619124418696031 off 0.0558964215224394	false	1.0
beschwerde	neg 1.0		__DUMMY__ 0.876196230567581 neg 0.07365041051635754 off 0.0501533589160614	false	1.0
stocken	neg 1.0		__DUMMY__ 0.877569493219778 neg 0.07174879141325333 off 0.0506817153669687	false	1.0
isolieren	neg 1.0		__DUMMY__ 0.8771711988424773 neg 0.07111378797069016 off 0.05171501318683244	false	1.0
unheilbar	neg 1.0		__DUMMY__ 0.8796048300657547 neg 0.06572338220983306 off 0.05467178772441216	false	1.0
pisser	off 1.0		__DUMMY__ 0.8728752190108391 neg 0.06658401601739017 off 0.060540764971770765	false	0.5
löschen	neg 1.0		__DUMMY__ 0.8778464819890341 neg 0.06822232166824653 off 0.05393119634271933	false	1.0
durchfallen	neg 1.0		__DUMMY__ 0.8762107116552073 neg 0.07159980273836959 off 0.052189485606423086	false	1.0
wichser	off 1.0		__DUMMY__ 0.86985825395242 off 0.06860053189619049 neg 0.06154121415138953	false	1.0
terror	neg 1.0		__DUMMY__ 0.8780259889853722 neg 0.06569987280983541 off 0.05627413820479242	false	1.0
krass	neg 1.0		__DUMMY__ 0.8728356720536128 neg 0.06489339626499722 off 0.06227093168138995	false	1.0
revolte	neg 1.0	neg 1.0	neg 0.5234187379941957 __DUMMY__ 0.4340351253852416 off 0.04254613662056274	false	1.0
besorgt	neg 1.0		__DUMMY__ 0.8827109891248629 neg 0.06507906447173485 off 0.05220994640340234	false	1.0
nachlassen	neg 1.0		__DUMMY__ 0.88001123465912 neg 0.06986283015903687 off 0.050125935181843106	false	1.0
alt	neg 1.0		__DUMMY__ 0.8802285694439247 neg 0.06906505203139698 off 0.05070637852467828	false	1.0
hundesohn	off 1.0		__DUMMY__ 0.8672044255064983 off 0.06747489462699599 neg 0.06532067986650572	false	1.0
als			__DUMMY__ 0.8810511238371471 neg 0.06650008165184385 off 0.05244879451100907	false	0.0
abschreckung	neg 1.0		__DUMMY__ 0.8791686040534634 neg 0.07202693083677744 off 0.04880446510975917	false	1.0
unqualifiziert	neg 1.0		__DUMMY__ 0.8724491484069553 neg 0.0702125580585299 off 0.057338293534514854	false	1.0
abgewichst	off 1.0		__DUMMY__ 0.8791508334957164 neg 0.06838453464150501 off 0.05246463186277859	false	0.5
schwer	neg 1.0		__DUMMY__ 0.8787065919963029 neg 0.06722196485109053 off 0.05407144315260666	false	1.0
bedeutungslosigkeit	neg 1.0		__DUMMY__ 0.8787876901180687 neg 0.07157455474062102 off 0.049637755141310407	false	1.0
kapitulation	neg 1.0		__DUMMY__ 0.8741018533188174 neg 0.07502472446377972 off 0.050873422217402965	false	1.0
unscharf	neg 1.0		__DUMMY__ 0.8769649169519247 neg 0.06732601157750256 off 0.055709071470572816	false	1.0
schwinden	neg 1.0		__DUMMY__ 0.8795234668384999 neg 0.07105033607615524 off 0.04942619708534484	false	1.0
versklavung	neg 1.0		__DUMMY__ 0.8712283733490979 neg 0.07366894008047539 off 0.055102686570426655	false	1.0
schlecht	neg 1.0		__DUMMY__ 0.8770662452507516 neg 0.06330731583228444 off 0.05962643891696393	false	1.0
verhasst	neg 1.0		__DUMMY__ 0.8767939965240699 neg 0.0679950393572223 off 0.055210964118707795	false	1.0
beschweren	neg 1.0		__DUMMY__ 0.8776172828015344 neg 0.06650751818757625 off 0.05587519901088934	false	1.0
scheiden	neg 1.0		__DUMMY__ 0.8860637053004667 neg 0.05989037496270197 off 0.0540459197368312	false	1.0
frustriert	neg 1.0		__DUMMY__ 0.8789788160059988 neg 0.06784750321490321 off 0.05317368077909796	false	1.0
schimmelig	neg 1.0		__DUMMY__ 0.8806410278175498 neg 0.06942387212648989 off 0.04993510005596031	false	1.0
fisch	neg 1.0		__DUMMY__ 0.886044172347134 neg 0.06517415324282941 off 0.04878167441003654	false	1.0
schmuggel	neg 1.0		__DUMMY__ 0.883011624870489 neg 0.06762523179358597 off 0.04936314333592508	false	1.0
auffallen	neg 1.0		__DUMMY__ 0.8774464623036953 neg 0.06612493360849174 off 0.05642860408781299	false	1.0
konkurrenz	neg 1.0	neg 1.0	neg 0.5226527304277049 __DUMMY__ 0.4404584159025013 off 0.03688885366979369	false	1.0
teufelskreis	neg 1.0	neg 1.0	neg 0.5228174756297458 __DUMMY__ 0.436515419725831 off 0.040667104644423156	false	1.0
aufschreien	neg 1.0		__DUMMY__ 0.8758844214288791 neg 0.06775341431656061 off 0.05636216425456026	false	1.0
schuldner	neg 1.0		__DUMMY__ 0.8794687148338014 neg 0.07089427258257458 off 0.049637012583624004	false	1.0
missgeburt	off 1.0	off 1.0	off 0.5184336332887509 __DUMMY__ 0.4317769289188963 neg 0.04978943779235268	false	1.0
arbeitslos	neg 1.0		__DUMMY__ 0.8763950089971994 neg 0.07112735152886179 off 0.05247763947393889	false	1.0
befallen	neg 1.0		__DUMMY__ 0.8756835931316995 neg 0.07174442244015143 off 0.052571984428149046	false	1.0
miesepetrig	off 1.0	off 1.0	off 0.514915990494478 __DUMMY__ 0.4366811192205261 neg 0.048402890284995954	false	1.0
alarmieren	neg 1.0		__DUMMY__ 0.8719231258299301 neg 0.06977104034684231 off 0.05830583382322747	false	1.0
ungeduscht	off 1.0		__DUMMY__ 0.8786020166323887 neg 0.06453909808444336 off 0.05685888528316803	false	0.5
knappheit	neg 1.0		__DUMMY__ 0.875805592607666 neg 0.07343550585618218 off 0.05075890153615187	false	1.0
schlange	neg 1.0		__DUMMY__ 0.8817610919505147 neg 0.06260899957385471 off 0.05562990847563052	false	1.0
harsch	neg 1.0		__DUMMY__ 0.8754019116544217 off 0.0630021335173189 neg 0.06159595482825928	false	0.5
lang	neg 1.0		__DUMMY__ 0.8778765603669783 neg 0.06780055538269403 off 0.05432288425032769	false	1.0
ziellos	neg 1.0		__DUMMY__ 0.8815189721357665 neg 0.06658371545203187 off 0.051897312412201545	false	1.0
selbstverliebt	neg 1.0		__DUMMY__ 0.8660254529070334 off 0.06950675154350301 neg 0.06446779554946357	false	0.5
beseitigen	neg 1.0	neg 1.0	neg 0.5197340702262934 __DUMMY__ 0.4399996975213317 off 0.04026623225237484	false	1.0
dumm	off 1.0		__DUMMY__ 0.8709389340820103 off 0.06517875918781865 neg 0.06388230673017105	false	1.0
arbeitsloser	neg 1.0		__DUMMY__ 0.8795375733184952 neg 0.06870733593271344 off 0.05175509074879128	false	1.0
blitzen	neg 1.0		__DUMMY__ 0.8758870398346387 neg 0.06716213030901944 off 0.056950829856341874	false	1.0
hilflos	neg 1.0		__DUMMY__ 0.8793520986449397 neg 0.06796286874876782 off 0.052685032606292474	false	1.0
eklig	off 1.0		__DUMMY__ 0.8706860908334558 off 0.06565855988566907 neg 0.06365534928087513	false	1.0
begriff			__DUMMY__ 0.8767101128078112 neg 0.07016734622229646 off 0.05312254096989233	false	0.0
hungersnot	neg 1.0		__DUMMY__ 0.8772790424182426 neg 0.07024558299662162 off 0.05247537458513575	false	1.0
ungesetzlich	neg 1.0		__DUMMY__ 0.8700225499468218 neg 0.07360315919487388 off 0.05637429085830431	false	1.0
verschwendung	neg 1.0		__DUMMY__ 0.8792725707324361 neg 0.07028616178811027 off 0.050441267479453517	false	1.0
schmerzvoll	neg 1.0		__DUMMY__ 0.8779055561226009 neg 0.06633232941571075 off 0.05576211446168827	false	1.0
vorzeitig	neg 1.0		__DUMMY__ 0.8784858915357612 neg 0.06472340961625868 off 0.05679069884798015	false	1.0
unvollkommenheit	neg 1.0		__DUMMY__ 0.8828163395271647 neg 0.06552856533520068 off 0.05165509513763473	false	1.0
intervenieren	neg 1.0		__DUMMY__ 0.8755943241761598 neg 0.07413686313481438 off 0.05026881268902591	false	1.0
banause	off 1.0		__DUMMY__ 0.8677479600642947 off 0.0675119580613461 neg 0.06474008187435913	false	1.0
rebell	neg 1.0		__DUMMY__ 0.8804585429410214 neg 0.07255348329019301 off 0.04698797376878561	false	1.0
unlogisch	neg 1.0		__DUMMY__ 0.8732803357013008 neg 0.0648783408368462 off 0.06184132346185296	false	1.0
leiden	neg 1.0		__DUMMY__ 0.8885198899682845 neg 0.06192714950951772 off 0.049552960522197785	false	1.0
abschaffung	neg 1.0		__DUMMY__ 0.8733523009369032 neg 0.07212323045488417 off 0.0545244686082126	false	1.0
sturz	neg 1.0		__DUMMY__ 0.8787153242052892 neg 0.06735841412658772 off 0.0539262616681232	false	1.0
verkleinerung	neg 1.0		__DUMMY__ 0.8700409512665982 neg 0.07318270945181721 off 0.05677633928158454	false	1.0
schmarotzer	off 1.0		__DUMMY__ 0.8758865616522643 neg 0.07174632752447954 off 0.052367110823256166	false	0.5
bestrafung	neg 1.0		__DUMMY__ 0.8771505534508092 neg 0.06734977594107766 off 0.05549967060811308	false	1.0
achtlos	neg 1.0		__DUMMY__ 0.8807008313863393 neg 0.06534009549958658 off 0.053959073114074156	false	1.0
ungeheuer	neg 1.0		__DUMMY__ 0.8802710909386173 neg 0.06286676540941752 off 0.05686214365196525	false	1.0
unaufrichtig	neg 1.0		__DUMMY__ 0.8733138012296074 neg 0.07048427005298936 off 0.056201928717403093	false	1.0
