unsolidarisch	neg 1.0		neg 0.5602971121749986 off 0.4327983810031459 __DUMMY__ 0.006904506821855561	false	1.0
nachteilig	neg 1.0		neg 0.5613193690217985 off 0.43169648912476066 __DUMMY__ 0.006984141853440921	false	1.0
skeptisch	neg 1.0		neg 0.5613261339941725 off 0.43167127207467815 __DUMMY__ 0.007002593931149254	false	1.0
schrecklich	neg 1.0		neg 0.5439508264572745 off 0.44909760791815956 __DUMMY__ 0.006951565624565907	false	1.0
schlapp	neg 1.0	neg 1.0	neg 0.7606827063122861 off 0.2359907221436161 __DUMMY__ 0.0033265715440977807	false	1.0
abfall	neg 1.0		neg 0.5638404033753005 off 0.4291371491767834 __DUMMY__ 0.007022447447916206	false	1.0
widerspenstig	neg 1.0		neg 0.5544039749218757 off 0.43859566095113806 __DUMMY__ 0.0070003641269862985	false	1.0
abrupt	neg 1.0		neg 0.5574531845123541 off 0.43548940227927785 __DUMMY__ 0.007057413208368066	false	1.0
unwirksam	neg 1.0		neg 0.5591035917347741 off 0.43397308511089483 __DUMMY__ 0.006923323154331137	false	1.0
angreifen	neg 1.0	neg 1.0	neg 0.7675877877597893 off 0.2290796248327761 __DUMMY__ 0.0033325874074345615	false	1.0
inkonsistent	neg 1.0		neg 0.5549231369568921 off 0.43810371068287307 __DUMMY__ 0.006973152360234872	false	1.0
abrutschen	neg 1.0		neg 0.5631680078633053 off 0.42980589536030994 __DUMMY__ 0.007026096776384721	false	1.0
unsicher	neg 1.0		neg 0.5541243893772163 off 0.43886901194594974 __DUMMY__ 0.007006598676833895	false	1.0
bauernkind	off 1.0	off 1.0	off 0.7061195851468861 neg 0.29060949442003475 __DUMMY__ 0.003270920433079113	false	1.0
angreifer	neg 1.0		neg 0.5529090700256645 off 0.44008984700449555 __DUMMY__ 0.007001082969840091	false	1.0
trennen	neg 1.0		neg 0.5558664839746693 off 0.43705445030064577 __DUMMY__ 0.007079065724684802	false	1.0
schmutz	neg 1.0		neg 0.5516023821223757 off 0.4413809037883765 __DUMMY__ 0.0070167140892477406	false	1.0
inkonsistenz	neg 1.0		neg 0.5527829134203719 off 0.4402880887546159 __DUMMY__ 0.006928997825012092	false	1.0
erschreckend	neg 1.0		neg 0.5566970831765524 off 0.43631436730636647 __DUMMY__ 0.006988549517080994	false	1.0
ertrinken	neg 1.0		neg 0.5577545550793515 off 0.43521587681223134 __DUMMY__ 0.0070295681084173705	false	1.0
pickelface	off 1.0		neg 0.5585961678149405 off 0.43442489164147324 __DUMMY__ 0.006978940543586178	false	0.5
seiner			neg 0.5590978539483807 off 0.4338707230294196 __DUMMY__ 0.007031423022199611	false	0.0
lauch	neg 1.0		neg 0.5652052018128498 off 0.4278063009218466 __DUMMY__ 0.006988497265303543	false	1.0
unwichtig	neg 1.0		neg 0.5503180629323021 off 0.4427249996964032 __DUMMY__ 0.006956937371294837	false	1.0
steuerhinterziehung	neg 1.0		neg 0.560399502708451 off 0.4326572366254235 __DUMMY__ 0.0069432606661255876	false	1.0
schock	neg 1.0		neg 0.553508842334143 off 0.43945013656388443 __DUMMY__ 0.00704102110197262	false	1.0
beule	neg 1.0		neg 0.5481779466319913 off 0.44484224371985787 __DUMMY__ 0.0069798096481508655	false	1.0
vergelten	neg 1.0		neg 0.5446066370667626 off 0.4484130105107315 __DUMMY__ 0.006980352422505952	false	1.0
verdorbenheit	neg 1.0		neg 0.555257182221553 off 0.43774244546609753 __DUMMY__ 0.007000372312349376	false	1.0
trauma	neg 1.0		neg 0.5542827252037263 off 0.43873509815012945 __DUMMY__ 0.006982176646144141	false	1.0
sinnlos	neg 1.0		neg 0.5517104514143981 off 0.4412959164040354 __DUMMY__ 0.006993632181566428	false	1.0
fettsack	off 1.0	off 1.0	off 0.708037138637893 neg 0.2886787916865516 __DUMMY__ 0.003284069675555461	false	1.0
feige	off 1.0	off 1.0	off 0.7046311933456444 neg 0.2920723791607129 __DUMMY__ 0.0032964274936428057	false	1.0
abdanken	neg 1.0		neg 0.5584298154724112 off 0.43461337519488924 __DUMMY__ 0.006956809332699399	false	1.0
wichtigtuer	off 1.0	off 1.0	off 0.7032591189278947 neg 0.29342922353821455 __DUMMY__ 0.003311657533890742	false	1.0
misslingen	neg 1.0		neg 0.5503178000516172 off 0.4426269331396883 __DUMMY__ 0.007055266808694368	false	1.0
untreu	off 1.0		neg 0.5491389316595456 off 0.44391346538445203 __DUMMY__ 0.0069476029560025	false	0.5
missmutig	neg 1.0		neg 0.5488587326556057 off 0.44416060550034336 __DUMMY__ 0.006980661844050797	false	1.0
hurenbock	off 1.0		neg 0.5527452936925329 off 0.44025431989023045 __DUMMY__ 0.0070003864172366115	false	0.5
betrunken	neg 1.0		neg 0.5448408074323933 off 0.44817192534523764 __DUMMY__ 0.006987267222369233	false	1.0
korrupt	off 1.0		neg 0.5620134501477742 off 0.4310573618424485 __DUMMY__ 0.006929188009777371	false	0.5
unmut	neg 1.0		neg 0.5642861009897469 off 0.4287021001782197 __DUMMY__ 0.007011798832033328	false	1.0
hackfresse	off 1.0		neg 0.5417500327381312 off 0.45134359299475113 __DUMMY__ 0.006906374267117683	false	0.5
aufblasen	neg 1.0		neg 0.5518538821019568 off 0.4411325951221266 __DUMMY__ 0.0070135227759165536	false	1.0
gewaltsam	neg 1.0		neg 0.5567228313910949 off 0.43629041670348984 __DUMMY__ 0.006986751905415195	false	1.0
unbeliebtheit	neg 1.0		neg 0.5553991574313124 off 0.43772282798804873 __DUMMY__ 0.006878014580638983	false	1.0
sturheit	neg 1.0		neg 0.5571593097733895 off 0.43585902897225154 __DUMMY__ 0.006981661254359085	false	1.0
kuh	neg 1.0		neg 0.5569180444219841 off 0.4361398337277087 __DUMMY__ 0.006942121850307056	false	1.0
erschrecken	neg 1.0		neg 0.5493897103348709 off 0.44362111986230335 __DUMMY__ 0.006989169802825712	false	1.0
opfer	neg 1.0		neg 0.5585162069751898 off 0.43446876948044233 __DUMMY__ 0.007015023544367843	false	1.0
sinken	neg 1.0		neg 0.5622452968107637 off 0.43072172261520314 __DUMMY__ 0.007032980574033049	false	1.0
stinktier	neg 1.0		neg 0.54586907754183 off 0.44722564676467114 __DUMMY__ 0.006905275693498779	false	1.0
tucke	off 1.0		neg 0.5442693181201863 off 0.4488823536133011 __DUMMY__ 0.006848328266512714	false	0.5
ein			neg 0.5522474125950887 off 0.4407310146997339 __DUMMY__ 0.007021572705177264	false	0.0
abstieg	neg 1.0		neg 0.5584752992534601 off 0.43448684537272464 __DUMMY__ 0.007037855373815234	false	1.0
missverstehen	neg 1.0		neg 0.5535498397679457 off 0.43949583135672826 __DUMMY__ 0.006954328875325947	false	1.0
ergebnislos	neg 1.0		neg 0.5604195510016091 off 0.4325748502093151 __DUMMY__ 0.007005598789075845	false	1.0
unter			neg 0.5640872802988258 off 0.42879483877162755 __DUMMY__ 0.007117880929546403	false	0.0
manipulieren	neg 1.0		neg 0.5610139133679134 off 0.43197969782622275 __DUMMY__ 0.007006388805863856	false	1.0
unbewiesen	neg 1.0		neg 0.5605012004900654 off 0.4326044879153258 __DUMMY__ 0.006894311594608738	false	1.0
verschleppen	neg 1.0		neg 0.5592734067702659 off 0.43373861379557094 __DUMMY__ 0.006987979434163068	false	1.0
weib	off 1.0		neg 0.5425099925478079 off 0.4505952696040833 __DUMMY__ 0.006894737848108696	false	0.5
opposition	neg 1.0		neg 0.5552740949939274 off 0.4377801471050089 __DUMMY__ 0.006945757901063627	false	1.0
verkehrswidrig	neg 1.0	neg 1.0	neg 0.7562267517762188 off 0.2404098002585536 __DUMMY__ 0.0033634479652275987	false	1.0
inkorrekt	neg 1.0		neg 0.550696906374522 off 0.44241163292932284 __DUMMY__ 0.006891460696155261	false	1.0
vermeiden	neg 1.0		neg 0.5637957653128584 off 0.42913655466400835 __DUMMY__ 0.007067680023133302	false	1.0
abweichung	neg 1.0	neg 1.0	neg 0.7667126233488377 off 0.22994900166856294 __DUMMY__ 0.0033383749825992887	false	1.0
alkoholisiert	neg 1.0		neg 0.5544710490347677 off 0.4384114050737837 __DUMMY__ 0.007117545891448728	false	1.0
scheiss	off 1.0	off 1.0	off 0.7059113712510738 neg 0.29077359284858023 __DUMMY__ 0.003315035900345974	false	1.0
herausforderung	neg 1.0	neg 1.0	neg 0.7646658913716655 off 0.23194720533803592 __DUMMY__ 0.003386903290298652	false	1.0
pervers	off 1.0		neg 0.5387089870343801 off 0.45440571574936295 __DUMMY__ 0.006885297216257026	false	0.5
wackelig	neg 1.0		neg 0.5540403059659402 off 0.4388915590941129 __DUMMY__ 0.007068134939946795	false	1.0
verwickeln	neg 1.0		neg 0.5533223341597658 off 0.4397167272418763 __DUMMY__ 0.006960938598357743	false	1.0
vorwand	neg 1.0		neg 0.5619922018422834 off 0.4309996670666459 __DUMMY__ 0.007008131091070803	false	1.0
muschi	off 1.0		neg 0.5575646367925856 off 0.43544818982997174 __DUMMY__ 0.006987173377442635	false	0.5
entmutigung	neg 1.0		neg 0.556766709182829 off 0.4363036896798808 __DUMMY__ 0.006929601137289998	false	1.0
unangemessen	neg 1.0		neg 0.5587987767551313 off 0.43422871642985283 __DUMMY__ 0.006972506815015723	false	1.0
unstetig	neg 1.0		neg 0.5545385841999163 off 0.43848328832565014 __DUMMY__ 0.00697812747443351	false	1.0
entmutigen	neg 1.0		neg 0.5528556329107557 off 0.4401475099596542 __DUMMY__ 0.006996857129590074	false	1.0
schwanz	neg 1.0		neg 0.5606150417677684 off 0.4323782552304174 __DUMMY__ 0.007006703001814252	false	1.0
verbot	neg 1.0		neg 0.5613213690621702 off 0.4317285154227813 __DUMMY__ 0.006950115515048417	false	1.0
leid	neg 1.0		neg 0.5431030054283839 off 0.4499580575039887 __DUMMY__ 0.006938937067627471	false	1.0
archaisch	neg 1.0		neg 0.557386272440176 off 0.4356137608265676 __DUMMY__ 0.006999966733256458	false	1.0
gegen			neg 0.5614320342176887 off 0.4315315657426618 __DUMMY__ 0.007036400039649548	false	0.0
scheidung	neg 1.0		neg 0.5341792666662685 off 0.458933386321511 __DUMMY__ 0.006887347012220609	false	1.0
einschlag	neg 1.0	neg 1.0	neg 0.7591907000889024 off 0.23749306483460106 __DUMMY__ 0.0033162350764964583	false	1.0
m			neg 0.5564747826090728 off 0.4365030404833502 __DUMMY__ 0.007022176907577026	false	0.0
abgestanden	neg 1.0		neg 0.5543073656631338 off 0.43870604852368206 __DUMMY__ 0.006986585813184118	false	1.0
schmierig	off 1.0		neg 0.5436247392216518 off 0.4494329036034953 __DUMMY__ 0.006942357174852945	false	0.5
unpraktisch	neg 1.0		neg 0.551813914574198 off 0.4411635686720845 __DUMMY__ 0.007022516753717544	false	1.0
wixxer	off 1.0		neg 0.53978456324367 off 0.4533438561608412 __DUMMY__ 0.006871580595488878	false	0.5
bezeichnet			neg 0.5564386251701732 off 0.4365828274673726 __DUMMY__ 0.006978547362454245	false	0.0
jammerlappen	off 1.0		neg 0.5499104848281577 off 0.4431288198252848 __DUMMY__ 0.006960695346557552	false	0.5
farce	neg 1.0		neg 0.5606672031887073 off 0.43239141929242836 __DUMMY__ 0.0069413775188642704	false	1.0
zwecklos	neg 1.0		neg 0.5581744804633736 off 0.4348411164858459 __DUMMY__ 0.006984403050780467	false	1.0
turbulent	neg 1.0		neg 0.5506688164655775 off 0.4423961853300125 __DUMMY__ 0.006934998204410076	false	1.0
invasion	neg 1.0		neg 0.5517534412602692 off 0.44125545260993493 __DUMMY__ 0.00699110612979574	false	1.0
schuld	neg 1.0		neg 0.554059681716005 off 0.4389530980252065 __DUMMY__ 0.006987220258788505	false	1.0
risiko	neg 1.0		neg 0.5536216480232459 off 0.43936674789628327 __DUMMY__ 0.007011604080470696	false	1.0
finster	neg 1.0		neg 0.5525736129416398 off 0.44041789283935806 __DUMMY__ 0.007008494219002272	false	1.0
geisteskrank	off 1.0		neg 0.5493637849328397 off 0.44370745534945083 __DUMMY__ 0.006928759717709419	false	0.5
zusammenbrechen	neg 1.0		neg 0.5554473049328728 off 0.43753260443863357 __DUMMY__ 0.007020090628493641	false	1.0
ausbeute	neg 1.0		neg 0.5566484576724564 off 0.4362775389232939 __DUMMY__ 0.00707400340424977	false	1.0
hinterhalt	neg 1.0		neg 0.5558759743454985 off 0.43709991647088275 __DUMMY__ 0.007024109183618661	false	1.0
kritik	neg 1.0		neg 0.5605435005744858 off 0.43250859434655337 __DUMMY__ 0.006947905078960888	false	1.0
einschrumpfen	neg 1.0		neg 0.5551152210366183 off 0.437967969213951 __DUMMY__ 0.0069168097494306975	false	1.0
riskant	neg 1.0		neg 0.5600765613700582 off 0.4329308047881337 __DUMMY__ 0.006992633841808064	false	1.0
frustrieren	neg 1.0		neg 0.558935630712267 off 0.43405681795937423 __DUMMY__ 0.007007551328358673	false	1.0
groll	neg 1.0		neg 0.5575287333220997 off 0.43546782024195824 __DUMMY__ 0.0070034464359420585	false	1.0
gibt			neg 0.556727244619241 off 0.43626674922053277 __DUMMY__ 0.007006006160226247	false	0.0
qualvoll	neg 1.0		neg 0.5496396354552372 off 0.44335675354264353 __DUMMY__ 0.007003611002119308	false	1.0
wackeln	neg 1.0	neg 1.0	neg 0.7625638930335759 off 0.2340842578172541 __DUMMY__ 0.00335184914916992	false	1.0
klagen	neg 1.0		neg 0.5633549535813243 off 0.4296285779479409 __DUMMY__ 0.007016468470734774	false	1.0
bankrott	neg 1.0		neg 0.5502715438343231 off 0.4427489178314372 __DUMMY__ 0.006979538334239567	false	1.0
trauern	neg 1.0		neg 0.5574067352942096 off 0.43555395974743255 __DUMMY__ 0.007039304958357792	false	1.0
ablehnung	neg 1.0		neg 0.5606879100856527 off 0.4323674646856364 __DUMMY__ 0.006944625228710787	false	1.0
stur	neg 1.0		neg 0.5537468721035045 off 0.43927551755345745 __DUMMY__ 0.006977610343037934	false	1.0
aufruhr	neg 1.0		neg 0.5570158586025643 off 0.43599998212789126 __DUMMY__ 0.006984159269544371	false	1.0
melancholie	neg 1.0		neg 0.5560613032099984 off 0.4369062417859067 __DUMMY__ 0.0070324550040948754	false	1.0
ist			neg 0.5525665591965614 off 0.44044217210839065 __DUMMY__ 0.006991268695047905	false	0.0
torheit	neg 1.0		neg 0.556147947260601 off 0.43689745884188963 __DUMMY__ 0.0069545938975093995	false	1.0
dreckskind	off 1.0		neg 0.5446163150990295 off 0.44848910813854437 __DUMMY__ 0.006894576762426108	false	0.5
umtauschen	neg 1.0		neg 0.554449166832908 off 0.43854021427132095 __DUMMY__ 0.007010618895771162	false	1.0
zum			neg 0.5596326649022477 off 0.4332296582439776 __DUMMY__ 0.007137676853774584	false	0.0
zersetzen	neg 1.0		neg 0.5622886016588409 off 0.43072561033652673 __DUMMY__ 0.006985788004632344	false	1.0
zur			neg 0.564605456236535 off 0.42832655855811136 __DUMMY__ 0.007067985205353462	false	0.0
frust	neg 1.0		neg 0.5556437443621837 off 0.43733538880166284 __DUMMY__ 0.007020866836153453	false	1.0
unerbittlichkeit	neg 1.0		neg 0.561568954722139 off 0.43143538610121174 __DUMMY__ 0.006995659176649272	false	1.0
zwei			neg 0.5584194170487243 off 0.43447286342295965 __DUMMY__ 0.007107719528316175	false	0.0
unkorrekt	neg 1.0		neg 0.5492217198307826 off 0.4438755283719933 __DUMMY__ 0.006902751797224092	false	1.0
hexe	off 1.0		neg 0.5487375647849405 off 0.44429907069841884 __DUMMY__ 0.006963364516640685	false	0.5
lasch	neg 1.0		neg 0.5524985746662587 off 0.4405568262895968 __DUMMY__ 0.006944599044144487	false	1.0
rivale	neg 1.0		neg 0.5456742600795556 off 0.4473561904235195 __DUMMY__ 0.0069695494969249875	false	1.0
mutlos	off 1.0	off 1.0	off 0.6990300806097349 neg 0.29765191713822364 __DUMMY__ 0.003318002252041352	false	1.0
wirr	off 1.0		neg 0.5484884695722044 off 0.4446032934295876 __DUMMY__ 0.006908236998207774	false	0.5
jahr			neg 0.5562884700458509 off 0.4366098141201569 __DUMMY__ 0.0071017158339922665	false	0.0
wird			neg 0.5575625527167545 off 0.4354143904447763 __DUMMY__ 0.007023056838469099	false	0.0
strafbar	neg 1.0		neg 0.5605478965108152 off 0.4324697867835878 __DUMMY__ 0.0069823167055970805	false	1.0
erosion	neg 1.0		neg 0.5531637718550029 off 0.4398247040476091 __DUMMY__ 0.007011524097387921	false	1.0
eingehen	neg 1.0		neg 0.5592890745164136 off 0.43372916202862777 __DUMMY__ 0.006981763454958386	false	1.0
faul	off 1.0		neg 0.5493840960139718 off 0.44362898425150804 __DUMMY__ 0.006986919734520205	false	0.5
provisorium	neg 1.0		neg 0.5661640266943636 off 0.4267489834142271 __DUMMY__ 0.007086989891409318	false	1.0
schmerzen	neg 1.0		neg 0.5542566237227851 off 0.4387385294684818 __DUMMY__ 0.007004846808733198	false	1.0
schrumpfen	neg 1.0		neg 0.5658429112117184 off 0.42712207146267284 __DUMMY__ 0.007035017325608604	false	1.0
geistlos	off 1.0		neg 0.556207931054132 off 0.4368846582170754 __DUMMY__ 0.006907410728792734	false	0.5
fehlkauf	neg 1.0		neg 0.554112526891949 off 0.4389208989143304 __DUMMY__ 0.00696657419372061	false	1.0
frustrierend	neg 1.0		neg 0.5491368503343672 off 0.44386520623596576 __DUMMY__ 0.006997943429667019	false	1.0
unzufrieden	neg 1.0		neg 0.5582195870103921 off 0.43479321657403236 __DUMMY__ 0.006987196415575469	false	1.0
verzweifeln	neg 1.0		neg 0.5549250566931052 off 0.4380695804560757 __DUMMY__ 0.007005362850819128	false	1.0
verzweifelt	neg 1.0		neg 0.5536252628494669 off 0.43939664637102427 __DUMMY__ 0.006978090779508776	false	1.0
misstrauensantrag	neg 1.0		neg 0.5539428559434815 off 0.43910300008851266 __DUMMY__ 0.006954143968005783	false	1.0
abfallen	neg 1.0		neg 0.5510086529133723 off 0.44196107034555343 __DUMMY__ 0.00703027674107442	false	1.0
fucker	off 1.0		neg 0.5485627345811179 off 0.444503005181331 __DUMMY__ 0.0069342602375511	false	0.5
ungezogen	neg 1.0		neg 0.5392468454438625 off 0.4538372306147748 __DUMMY__ 0.0069159239413627135	false	1.0
irrsinnig	neg 1.0	neg 1.0	neg 0.7640182678321422 off 0.23266341282353847 __DUMMY__ 0.003318319344319211	false	1.0
unfassbar	neg 1.0		neg 0.5486881399926468 off 0.44434821319179696 __DUMMY__ 0.006963646815556295	false	1.0
hart	neg 1.0		neg 0.5525279493310175 off 0.44052229852875396 __DUMMY__ 0.0069497521402285736	false	1.0
widerlich	off 1.0		neg 0.5493694692691939 off 0.44370096181537055 __DUMMY__ 0.006929568915435695	false	0.5
fatal	neg 1.0		neg 0.5535453640100435 off 0.43948479699538734 __DUMMY__ 0.006969838994569043	false	1.0
bruch	neg 1.0		neg 0.5637369811186277 off 0.42925856676656143 __DUMMY__ 0.007004452114810933	false	1.0
aushungern	neg 1.0		neg 0.5590091701107028 off 0.4340376692488902 __DUMMY__ 0.006953160640406936	false	1.0
anspannung	neg 1.0	neg 1.0	neg 0.7670785168351305 off 0.2295223359899634 __DUMMY__ 0.003399147174906027	false	1.0
von			neg 0.558132392465445 off 0.4347815782812746 __DUMMY__ 0.007086029253280371	false	0.0
kraftlos	neg 1.0		neg 0.5549898738589039 off 0.43796701136118205 __DUMMY__ 0.007043114779914035	false	1.0
vom			neg 0.5626776041370051 off 0.4301897440744388 __DUMMY__ 0.007132651788556243	false	0.0
grenzdebil	off 1.0		neg 0.5475158542875481 off 0.4455238602124369 __DUMMY__ 0.006960285500014954	false	0.5
vor			neg 0.5602053318188162 off 0.43275514244781765 __DUMMY__ 0.007039525733366177	false	0.0
unterwerfen	neg 1.0		neg 0.5591478301844719 off 0.4338420464406504 __DUMMY__ 0.007010123374877683	false	1.0
versenkung	neg 1.0		neg 0.5598056211573829 off 0.433188208559961 __DUMMY__ 0.007006170282656186	false	1.0
entziehen	neg 1.0		neg 0.562396084843145 off 0.430586272929581 __DUMMY__ 0.007017642227274012	false	1.0
finanzkrise	neg 1.0		neg 0.5600276758174869 off 0.4330419650867303 __DUMMY__ 0.00693035909578267	false	1.0
schimpfend	neg 1.0		neg 0.5505868291584715 off 0.44237084898904766 __DUMMY__ 0.0070423218524809	false	1.0
profan	neg 1.0		neg 0.5518210215328783 off 0.44120298004012126 __DUMMY__ 0.006975998427000544	false	1.0
korruption	neg 1.0	neg 1.0	neg 0.7678094522812401 off 0.2288858830441497 __DUMMY__ 0.0033046646746102346	false	1.0
â			neg 0.5581819982771901 off 0.4348007845946011 __DUMMY__ 0.007017217128208922	false	0.0
schmutzig	neg 1.0		neg 0.5478061743621685 off 0.4452245511648037 __DUMMY__ 0.0069692744730276614	false	1.0
sexy	neg 1.0		neg 0.5511176085212435 off 0.44190656616143337 __DUMMY__ 0.0069758253173232265	false	1.0
abraten	neg 1.0		neg 0.5527759992554421 off 0.44024075213723285 __DUMMY__ 0.006983248607325027	false	1.0
schwarz	neg 1.0		neg 0.5540530661923948 off 0.43897252935542047 __DUMMY__ 0.006974404452184816	false	1.0
fotze	off 1.0		neg 0.5601600590172242 off 0.43284807607275594 __DUMMY__ 0.0069918649100197535	false	0.5
verwirren	neg 1.0		neg 0.5514008464046248 off 0.44162001563424813 __DUMMY__ 0.006979137961127012	false	1.0
zahnlos	off 1.0		neg 0.558612050984531 off 0.4344080558568496 __DUMMY__ 0.006979893158619349	false	0.5
verheeren	neg 1.0		neg 0.5387412660095212 off 0.4543517837168773 __DUMMY__ 0.006906950273601581	false	1.0
hippie	neg 1.0		neg 0.5522208608346525 off 0.44081050891198065 __DUMMY__ 0.006968630253366918	false	1.0
rammen	neg 1.0		neg 0.5554718564195039 off 0.43756542234249524 __DUMMY__ 0.006962721238000872	false	1.0
unlauter	neg 1.0		neg 0.5582913719379905 off 0.4347877943463699 __DUMMY__ 0.006920833715639686	false	1.0
unheilvoll	neg 1.0		neg 0.5503301927010564 off 0.44265325683405 __DUMMY__ 0.00701655046489346	false	1.0
niedrig	neg 1.0		neg 0.5606351820853684 off 0.4323608380242789 __DUMMY__ 0.007003979890352657	false	1.0
explosion	neg 1.0		neg 0.5530289335950731 off 0.44000500455184993 __DUMMY__ 0.006966061853076864	false	1.0
weichei	off 1.0		neg 0.5437452034593113 off 0.44934794821416185 __DUMMY__ 0.006906848326526838	false	0.5
minusmensch	off 1.0		neg 0.5436008526597087 off 0.4495729458917687 __DUMMY__ 0.006826201448522671	false	0.5
farblos	neg 1.0		neg 0.5531387599120509 off 0.4398094618764344 __DUMMY__ 0.007051778211514932	false	1.0
unwissend	neg 1.0	neg 1.0	neg 0.7613945136898997 off 0.23529649925572999 __DUMMY__ 0.0033089870543703136	false	1.0
traurig	neg 1.0		neg 0.5448222870525432 off 0.44821641256140565 __DUMMY__ 0.006961300386050999	false	1.0
senkung	neg 1.0		neg 0.5542155468657789 off 0.43884721605234556 __DUMMY__ 0.006937237081875745	false	1.0
ungleich	neg 1.0	neg 1.0	neg 0.7678265720691685 off 0.2288538581721462 __DUMMY__ 0.0033195697586853937	false	1.0
heikel	neg 1.0		neg 0.561537726731824 off 0.4314679975804967 __DUMMY__ 0.006994275687679384	false	1.0
drosselung	neg 1.0		neg 0.5482846292786591 off 0.4447558812842825 __DUMMY__ 0.006959489437058368	false	1.0
falsch	neg 1.0		neg 0.5501420381287978 off 0.4428843643760394 __DUMMY__ 0.00697359749516282	false	1.0
unzufriedenheit	neg 1.0		neg 0.5617169272371506 off 0.4312767990139433 __DUMMY__ 0.007006273748906292	false	1.0
kurz	neg 1.0		neg 0.5539965210183856 off 0.4389553390275072 __DUMMY__ 0.007048139954107192	false	1.0
unsinnig	neg 1.0		neg 0.5586618751144629 off 0.43437226685790137 __DUMMY__ 0.006965858027635731	false	1.0
penner	off 1.0	off 1.0	off 0.7097678834943555 neg 0.28694970103257417 __DUMMY__ 0.0032824154730704247	false	1.0
seicht	neg 1.0		neg 0.5419432927505993 off 0.45118532833566727 __DUMMY__ 0.006871378913733497	false	1.0
dummheit	off 1.0	off 1.0	off 0.7031402997193815 neg 0.2935549509060915 __DUMMY__ 0.0033047493745270292	false	1.0
unerfreulich	neg 1.0		neg 0.5611739880348078 off 0.4318028137557867 __DUMMY__ 0.007023198209405555	false	1.0
motherfucker	off 1.0	off 1.0	off 0.7054786312593817 neg 0.29122999633842317 __DUMMY__ 0.0032913724021950727	false	1.0
pikiert	neg 1.0		neg 0.5508882538899796 off 0.4421826945793786 __DUMMY__ 0.006929051530641854	false	1.0
wrack	neg 1.0		neg 0.5565432012258955 off 0.43639554034465405 __DUMMY__ 0.007061258429450428	false	1.0
gangster	neg 1.0		neg 0.5521749580096914 off 0.44084684590956275 __DUMMY__ 0.006978196080745759	false	1.0
krank	neg 1.0		neg 0.5458757536579085 off 0.44714078597746976 __DUMMY__ 0.006983460364621716	false	1.0
reich	neg 1.0		neg 0.5515719651140355 off 0.4414817325881466 __DUMMY__ 0.006946302297817998	false	1.0
gnadenlos	neg 1.0		neg 0.5537928610489616 off 0.43921505760253843 __DUMMY__ 0.006992081348500003	false	1.0
niedergeschlagen	neg 1.0		neg 0.5550151904783501 off 0.43796050541744386 __DUMMY__ 0.0070243041042059255	false	1.0
terrorisieren	off 1.0	off 1.0	off 0.7002014061963198 neg 0.29646373910065205 __DUMMY__ 0.003334854703028219	false	1.0
sinnlosigkeit	neg 1.0		neg 0.5575214923490751 off 0.4354831273853879 __DUMMY__ 0.006995380265537051	false	1.0
behindern	neg 1.0		neg 0.556757340163852 off 0.4362627021725214 __DUMMY__ 0.006979957663626645	false	1.0
undemokratisch	neg 1.0		neg 0.5574388782616766 off 0.43562905154029213 __DUMMY__ 0.006932070198031206	false	1.0
wirtschaftskrise	neg 1.0		neg 0.561096314023316 off 0.43193707336173853 __DUMMY__ 0.006966612614945423	false	1.0
neid	neg 1.0		neg 0.5466234053878767 off 0.44635511502431163 __DUMMY__ 0.007021479587811694	false	1.0
rutschen	neg 1.0	neg 1.0	neg 0.7659827548722189 off 0.23062332521881176 __DUMMY__ 0.0033939199089693026	false	1.0
rezession	neg 1.0		neg 0.5488373383594023 off 0.44428905564718507 __DUMMY__ 0.006873605993412594	false	1.0
fehlgeburt	neg 1.0		neg 0.5514445215636655 off 0.4415506830660478 __DUMMY__ 0.007004795370286774	false	1.0
charakterschwach	off 1.0		neg 0.5490209882461408 off 0.4440340670208996 __DUMMY__ 0.006944944732959699	false	0.5
isolation	neg 1.0		neg 0.5493043663182634 off 0.4437000847707132 __DUMMY__ 0.0069955489110234545	false	1.0
ablenkung	neg 1.0		neg 0.5538521832164285 off 0.4391437702359497 __DUMMY__ 0.007004046547621785	false	1.0
pech	neg 1.0		neg 0.5495873335041315 off 0.4434227827055362 __DUMMY__ 0.0069898837903324485	false	1.0
vermeidung	neg 1.0		neg 0.5493772620125345 off 0.44369026653490784 __DUMMY__ 0.0069324714525578635	false	1.0
dominieren	neg 1.0		neg 0.5563128371566001 off 0.43663476008829055 __DUMMY__ 0.007052402755109289	false	1.0
schwindlig	neg 1.0		neg 0.5495133432197598 off 0.4434607654250024 __DUMMY__ 0.007025891355237883	false	1.0
lutscher	neg 1.0	neg 1.0	neg 0.7567181295767577 off 0.2400135228368988 __DUMMY__ 0.0032683475863435505	false	1.0
pflicht	neg 1.0		neg 0.5611025445534277 off 0.43189100738726666 __DUMMY__ 0.007006448059305569	false	1.0
faschist	off 1.0		neg 0.5547225048204939 off 0.4383505470459208 __DUMMY__ 0.006926948133585251	false	0.5
verschleudern	neg 1.0		neg 0.5634739720438354 off 0.42958481677164595 __DUMMY__ 0.006941211184518534	false	1.0
wenn			neg 0.5497258941716582 off 0.44329835940400697 __DUMMY__ 0.006975746424334952	false	0.0
ehebruch	neg 1.0		neg 0.559862054051547 off 0.43315305172925606 __DUMMY__ 0.006984894219196978	false	1.0
spott	off 1.0		neg 0.5610439710818982 off 0.43197914475078725 __DUMMY__ 0.006976884167314567	false	0.5
trostlosigkeit	neg 1.0		neg 0.5621382479859987 off 0.4308455515322117 __DUMMY__ 0.0070162004817895555	false	1.0
lutschen	neg 1.0		neg 0.5541790440909923 off 0.4388756243349306 __DUMMY__ 0.0069453315740771295	false	1.0
undiszipliniert	neg 1.0		neg 0.546203681425663 off 0.4468386009835105 __DUMMY__ 0.006957717590826347	false	1.0
kopfschmerz	neg 1.0		neg 0.5548241945645466 off 0.43814764057737116 __DUMMY__ 0.007028164858082318	false	1.0
unvorhergesehen	neg 1.0		neg 0.5552869532089043 off 0.4376368004640472 __DUMMY__ 0.00707624632704865	false	1.0
desinteressiert	neg 1.0		neg 0.547370693064031 off 0.44568867541559326 __DUMMY__ 0.00694063152037569	false	1.0
armselig	off 1.0		neg 0.5477702119823318 off 0.4453192480958366 __DUMMY__ 0.006910539921831614	false	0.5
desaster	neg 1.0		neg 0.5644389843889175 off 0.42855563791077544 __DUMMY__ 0.007005377700307021	false	1.0
tod	neg 1.0		neg 0.5580897176950269 off 0.43489322985599 __DUMMY__ 0.007017052448983066	false	1.0
herzlos	neg 1.0		neg 0.5459332383489246 off 0.4471361824003343 __DUMMY__ 0.006930579250741092	false	1.0
unwissenheit	neg 1.0		neg 0.5596829267194475 off 0.4333537145461 __DUMMY__ 0.006963358734452444	false	1.0
widersinnig	neg 1.0	neg 1.0	neg 0.7672943831488919 off 0.22940581420550257 __DUMMY__ 0.00329980264560554	false	1.0
bedenklich	neg 1.0		neg 0.5599807412187242 off 0.43303198373523455 __DUMMY__ 0.00698727504604114	false	1.0
beanstanden	neg 1.0		neg 0.561712907215884 off 0.4312762573162811 __DUMMY__ 0.007010835467834978	false	1.0
panisch	neg 1.0	neg 1.0	neg 0.7606660117233845 off 0.23597628343753935 __DUMMY__ 0.003357704839076117	false	1.0
debil	off 1.0		neg 0.5663886258496045 off 0.42656591093320356 __DUMMY__ 0.007045463217192065	false	0.5
abstrich	neg 1.0		neg 0.5590066285288142 off 0.4340038425532182 __DUMMY__ 0.006989528917967583	false	1.0
primitiv	neg 1.0		neg 0.5488080289619031 off 0.44426229736544043 __DUMMY__ 0.006929673672656455	false	1.0
abschaum	off 1.0	off 1.0	off 0.7046541236482443 neg 0.29204193782222304 __DUMMY__ 0.003303938529532629	false	1.0
provozieren	neg 1.0		neg 0.554991225249504 off 0.4380340351136749 __DUMMY__ 0.006974739636821024	false	1.0
tot	neg 1.0		neg 0.5588640674968129 off 0.4341232031686116 __DUMMY__ 0.007012729334575407	false	1.0
instabil	neg 1.0		neg 0.5506410457981242 off 0.4424576528073803 __DUMMY__ 0.006901301394495427	false	1.0
schwuchtel	off 1.0		neg 0.5371701752193829 off 0.4559974394004999 __DUMMY__ 0.006832385380117248	false	0.5
zerren	neg 1.0		neg 0.5547332552041484 off 0.43823890919920533 __DUMMY__ 0.007027835596646212	false	1.0
kinderficker	off 1.0		neg 0.5455443698319263 off 0.44756407521535174 __DUMMY__ 0.006891554952721929	false	0.5
gefahr	neg 1.0		neg 0.5615630676190935 off 0.4314290918764453 __DUMMY__ 0.007007840504461178	false	1.0
rabiat	neg 1.0		neg 0.5559521491399053 off 0.43707445694631114 __DUMMY__ 0.006973393913783549	false	1.0
verlangsamung	neg 1.0		neg 0.5438399620575779 off 0.4492789226987222 __DUMMY__ 0.006881115243699906	false	1.0
ausgestorben	neg 1.0		neg 0.5543702776647996 off 0.4386127820794307 __DUMMY__ 0.007016940255769734	false	1.0
anklagen	neg 1.0		neg 0.5587931264805189 off 0.4342372017075322 __DUMMY__ 0.006969671811948832	false	1.0
trott	neg 1.0		neg 0.5550973510201309 off 0.43789717047430016 __DUMMY__ 0.007005478505568879	false	1.0
verminderung	neg 1.0		neg 0.5477387554173722 off 0.4453194200975912 __DUMMY__ 0.006941824485036592	false	1.0
nach			neg 0.5600059213703535 off 0.4328712485563723 __DUMMY__ 0.00712283007327408	false	0.0
rost	neg 1.0		neg 0.5437405049758703 off 0.44934781008134195 __DUMMY__ 0.006911684942787806	false	1.0
destruktiv	neg 1.0		neg 0.5576589888561257 off 0.43538683187429705 __DUMMY__ 0.0069541792695772785	false	1.0
unzumutbarkeit	neg 1.0		neg 0.5491528608114007 off 0.4438681622342933 __DUMMY__ 0.0069789769543058995	false	1.0
labil	off 1.0	off 1.0	off 0.704528508230562 neg 0.29216800255295894 __DUMMY__ 0.0033034892164789916	false	1.0
ziemlich	neg 1.0		neg 0.5471588644065102 off 0.4458601740127297 __DUMMY__ 0.006980961580760261	false	1.0
lachnummer	off 1.0		neg 0.556016581265353 off 0.4370039401627933 __DUMMY__ 0.006979478571853745	false	0.5
oder			neg 0.5528481587542302 off 0.4401303525781898 __DUMMY__ 0.007021488667579935	false	0.0
verfall	neg 1.0		neg 0.5667737023521817 off 0.4262071419857187 __DUMMY__ 0.007019155662099486	false	1.0
ausgrenzung	neg 1.0		neg 0.5571809573460123 off 0.4358994013038073 __DUMMY__ 0.0069196413501804565	false	1.0
unordnung	neg 1.0		neg 0.5487097841019619 off 0.44432143254594425 __DUMMY__ 0.0069687833520937345	false	1.0
fehlverhalten	neg 1.0		neg 0.561716689470973 off 0.4312944007572969 __DUMMY__ 0.00698890977173002	false	1.0
eine			neg 0.5603682243188367 off 0.43260523490912434 __DUMMY__ 0.00702654077203895	false	0.0
nille	neg 1.0		neg 0.5567618702397124 off 0.4362468010648099 __DUMMY__ 0.0069913286954776275	false	1.0
qual	neg 1.0		neg 0.5556878486012948 off 0.4373122388830186 __DUMMY__ 0.006999912515686519	false	1.0
verschwenden	neg 1.0		neg 0.5591113292500903 off 0.43389821278964896 __DUMMY__ 0.006990457960260625	false	1.0
riesig	neg 1.0	neg 1.0	neg 0.7656880912328359 off 0.230963547949918 __DUMMY__ 0.0033483608172460225	false	1.0
verurteilen	neg 1.0		neg 0.5591931733850166 off 0.43383342913411455 __DUMMY__ 0.006973397480868771	false	1.0
klischee	neg 1.0	neg 1.0	neg 0.7630156442490792 off 0.23368219841983073 __DUMMY__ 0.003302157331090048	false	1.0
diktatorisch	neg 1.0		neg 0.5580611374337634 off 0.43503068691895297 __DUMMY__ 0.0069081756472835765	false	1.0
vorhersehbar	neg 1.0	neg 1.0	neg 0.7630963954192633 off 0.23359371157514663 __DUMMY__ 0.003309893005590005	false	1.0
sowie			neg 0.5453424511246859 off 0.44776098743419185 __DUMMY__ 0.006896561441122273	false	0.0
stornieren	neg 1.0		neg 0.5501869472962503 off 0.44275311226824154 __DUMMY__ 0.007059940435508266	false	1.0
besteuerung	neg 1.0		neg 0.5573433272169923 off 0.43572283130345296 __DUMMY__ 0.006933841479554694	false	1.0
ungeschminkt	neg 1.0		neg 0.5494402720599058 off 0.44362581363402054 __DUMMY__ 0.006933914306073828	false	1.0
kritisch	neg 1.0		neg 0.5599127754587643 off 0.4330933237380255 __DUMMY__ 0.006993900803210204	false	1.0
schlamperei	off 1.0		neg 0.562514331241256 off 0.4305108867839183 __DUMMY__ 0.006974781974825798	false	0.5
sucht	neg 1.0	neg 1.0	neg 0.7641565779308606 off 0.2325101839313349 __DUMMY__ 0.0033332381378045296	false	1.0
egoistisch	off 1.0		neg 0.5427271023041972 off 0.45034489251359183 __DUMMY__ 0.006928005182210983	false	0.5
ausbeuter	off 1.0		neg 0.5630714082931871 off 0.4299607093640568 __DUMMY__ 0.006967882342756222	false	0.5
arschgeburt	off 1.0		neg 0.5374652431167041 off 0.4557100032996125 __DUMMY__ 0.006824753583683547	false	0.5
schubs	neg 1.0	neg 1.0	neg 0.7643552384981949 off 0.23228875768150795 __DUMMY__ 0.003356003820297091	false	1.0
unsolide	neg 1.0		neg 0.5593262234963869 off 0.43380258530656945 __DUMMY__ 0.0068711911970435555	false	1.0
beschwerde	neg 1.0		neg 0.5625524438863003 off 0.4304785049578043 __DUMMY__ 0.006969051155895519	false	1.0
stocken	neg 1.0		neg 0.5607572983750462 off 0.4322557902148452 __DUMMY__ 0.006986911410108701	false	1.0
isolieren	neg 1.0		neg 0.5595311743411046 off 0.43348912451185206 __DUMMY__ 0.006979701147043378	false	1.0
unheilbar	neg 1.0		neg 0.5532967328629461 off 0.43969256040684024 __DUMMY__ 0.0070107067302137924	false	1.0
pisser	off 1.0		neg 0.5486464006638261 off 0.4444262789469318 __DUMMY__ 0.006927320389242179	false	0.5
löschen	neg 1.0		neg 0.5552576872500881 off 0.4377505064617042 __DUMMY__ 0.006991806288207651	false	1.0
durchfallen	neg 1.0		neg 0.5591880626698801 off 0.4338386460008775 __DUMMY__ 0.006973291329242351	false	1.0
wichser	off 1.0		neg 0.538094205781669 off 0.45501144824347434 __DUMMY__ 0.006894345974856693	false	0.5
terror	neg 1.0		neg 0.5511983705433576 off 0.44180871322888826 __DUMMY__ 0.006992916227754092	false	1.0
krass	neg 1.0		neg 0.5453740347486828 off 0.4476985332670023 __DUMMY__ 0.006927431984314928	false	1.0
revolte	neg 1.0	neg 1.0	neg 0.7645942319488228 off 0.23210726680279456 __DUMMY__ 0.0032985012483826978	false	1.0
besorgt	neg 1.0		neg 0.5547266645607262 off 0.43822494633243597 __DUMMY__ 0.007048389106837841	false	1.0
nachlassen	neg 1.0		neg 0.5594827330738024 off 0.433502467021116 __DUMMY__ 0.0070147999050816515	false	1.0
alt	neg 1.0		neg 0.558123188736199 off 0.43486528058363305 __DUMMY__ 0.007011530680167871	false	1.0
hundesohn	off 1.0		neg 0.5423137103172232 off 0.4508243069744652 __DUMMY__ 0.006861982708311541	false	0.5
als			neg 0.5554073430919059 off 0.4375627075584753 __DUMMY__ 0.0070299493496187885	false	0.0
abschreckung	neg 1.0		neg 0.5628396928526989 off 0.43015544464832706 __DUMMY__ 0.007004862498974233	false	1.0
unqualifiziert	neg 1.0		neg 0.5540057733869199 off 0.4390679348776029 __DUMMY__ 0.006926291735477359	false	1.0
abgewichst	off 1.0		neg 0.5567291514735455 off 0.436265174602986 __DUMMY__ 0.007005673923468532	false	0.5
schwer	neg 1.0		neg 0.5543984968820416 off 0.43859704741895483 __DUMMY__ 0.007004455699003557	false	1.0
bedeutungslosigkeit	neg 1.0		neg 0.5616746378417337 off 0.4313231619140644 __DUMMY__ 0.007002200244201983	false	1.0
kapitulation	neg 1.0		neg 0.5630087807217184 off 0.43004613186117513 __DUMMY__ 0.006945087417106441	false	1.0
unscharf	neg 1.0		neg 0.5524039498994916 off 0.4406212831190616 __DUMMY__ 0.006974766981446635	false	1.0
schwinden	neg 1.0		neg 0.5614057878128802 off 0.43158493188287406 __DUMMY__ 0.007009280304245838	false	1.0
versklavung	neg 1.0		neg 0.5584013520070304 off 0.43468776326868647 __DUMMY__ 0.006910884724283104	false	1.0
schlecht	neg 1.0		neg 0.5469829235086088 off 0.44603470312838334 __DUMMY__ 0.006982373363007765	false	1.0
verhasst	neg 1.0		neg 0.5542077599118433 off 0.43881338797097613 __DUMMY__ 0.006978852117180508	false	1.0
beschweren	neg 1.0		neg 0.5524076700075717 off 0.4406020057418442 __DUMMY__ 0.00699032425058398	false	1.0
scheiden	neg 1.0		neg 0.5494991201440347 off 0.44342080936863554 __DUMMY__ 0.007080070487329738	false	1.0
frustriert	neg 1.0		neg 0.5557204638559188 off 0.4372723932322543 __DUMMY__ 0.007007142911826836	false	1.0
schimmelig	neg 1.0		neg 0.5588050514309643 off 0.43417911742817117 __DUMMY__ 0.007015831140864416	false	1.0
fisch	neg 1.0		neg 0.5572149967161335 off 0.43570971436688466 __DUMMY__ 0.007075288916981744	false	1.0
schmuggel	neg 1.0		neg 0.5591972818351136 off 0.4337542717850282 __DUMMY__ 0.007048446379858249	false	1.0
auffallen	neg 1.0		neg 0.5515851914590943 off 0.4414270548991565 __DUMMY__ 0.006987753641749268	false	1.0
konkurrenz	neg 1.0	neg 1.0	neg 0.7676198160873791 off 0.22902646415962977 __DUMMY__ 0.003353719752991147	false	1.0
teufelskreis	neg 1.0	neg 1.0	neg 0.7652086123968415 off 0.2314698454354811 __DUMMY__ 0.0033215421676774217	false	1.0
aufschreien	neg 1.0		neg 0.5528395013590249 off 0.44019207365470253 __DUMMY__ 0.006968424986272541	false	1.0
schuldner	neg 1.0		neg 0.5613027655683773 off 0.4316911289264357 __DUMMY__ 0.0070061055051871025	false	1.0
missgeburt	off 1.0	off 1.0	off 0.7076224052442257 neg 0.2890995887850959 __DUMMY__ 0.003278005970678337	false	1.0
arbeitslos	neg 1.0		neg 0.5586934834870426 off 0.43432987393264194 __DUMMY__ 0.0069766425803154735	false	1.0
befallen	neg 1.0		neg 0.5591053644818171 off 0.4339327652399776 __DUMMY__ 0.006961870278205214	false	1.0
miesepetrig	off 1.0	off 1.0	off 0.7064400572555853 neg 0.2902394939774226 __DUMMY__ 0.0033204487669919952	false	1.0
alarmieren	neg 1.0		neg 0.5530572062712626 off 0.4400236785114427 __DUMMY__ 0.006919115217294708	false	1.0
ungeduscht	off 1.0		neg 0.549510533945963 off 0.4434950455408565 __DUMMY__ 0.006994420513180514	false	0.5
knappheit	neg 1.0		neg 0.5617357541597485 off 0.4313008812526078 __DUMMY__ 0.006963364587643711	false	1.0
schlange	neg 1.0		neg 0.5498570095418566 off 0.44310490586855056 __DUMMY__ 0.007038084589592982	false	1.0
harsch	neg 1.0		neg 0.5429298826257846 off 0.4501094662203596 __DUMMY__ 0.0069606511538557354	false	1.0
lang	neg 1.0		neg 0.554603502113843 off 0.43840375786511343 __DUMMY__ 0.006992740021043649	false	1.0
ziellos	neg 1.0		neg 0.5558914941641605 off 0.43707137209189884 __DUMMY__ 0.007037133743940686	false	1.0
selbstverliebt	neg 1.0		neg 0.5393944726050954 off 0.4537559548636905 __DUMMY__ 0.006849572531214125	false	1.0
beseitigen	neg 1.0	neg 1.0	neg 0.7641009730705225 off 0.2325519941841569 __DUMMY__ 0.0033470327453206934	false	1.0
dumm	off 1.0		neg 0.5424953973565991 off 0.4505969246949185 __DUMMY__ 0.006907677948482239	false	0.5
arbeitsloser	neg 1.0		neg 0.5580461441532996 off 0.43494300981331024 __DUMMY__ 0.007010846033390245	false	1.0
blitzen	neg 1.0		neg 0.5521015889162423 off 0.4409314401456681 __DUMMY__ 0.00696697093808959	false	1.0
hilflos	neg 1.0		neg 0.5561624674458963 off 0.43682715656126764 __DUMMY__ 0.007010375992836152	false	1.0
eklig	off 1.0		neg 0.5418271441671205 off 0.45126920605453574 __DUMMY__ 0.006903649778343822	false	0.5
begriff			neg 0.5574722761871047 off 0.43555042827019363 __DUMMY__ 0.0069772955427017174	false	0.0
hungersnot	neg 1.0		neg 0.5583806032343341 off 0.43463957333410125 __DUMMY__ 0.006979823431564503	false	1.0
ungesetzlich	neg 1.0		neg 0.5576855629861697 off 0.43541738730812024 __DUMMY__ 0.006897049705709946	false	1.0
verschwendung	neg 1.0		neg 0.5598044340462395 off 0.4331860843852087 __DUMMY__ 0.00700948156855173	false	1.0
schmerzvoll	neg 1.0		neg 0.552283907865298 off 0.4407224913823493 __DUMMY__ 0.006993600752352703	false	1.0
vorzeitig	neg 1.0		neg 0.5506071137516012 off 0.44239875429463066 __DUMMY__ 0.006994131953768089	false	1.0
unvollkommenheit	neg 1.0		neg 0.5555214735281636 off 0.4374345614929327 __DUMMY__ 0.007043964978903649	false	1.0
intervenieren	neg 1.0		neg 0.562953099829132 off 0.43008384464544636 __DUMMY__ 0.006963055525421557	false	1.0
banause	off 1.0		neg 0.5409795250412478 off 0.4521518734135824 __DUMMY__ 0.0068686015451697386	false	0.5
rebell	neg 1.0		neg 0.5639584862788063 off 0.4290247315540314 __DUMMY__ 0.007016782167162279	false	1.0
unlogisch	neg 1.0		neg 0.5460454913221278 off 0.4470185275393175 __DUMMY__ 0.006935981138554796	false	1.0
leiden	neg 1.0		neg 0.5546119612371186 off 0.43827587787921995 __DUMMY__ 0.007112160883661478	false	1.0
abschaffung	neg 1.0		neg 0.5576546670694683 off 0.435410487220411 __DUMMY__ 0.006934845710120727	false	1.0
sturz	neg 1.0		neg 0.554881783359956 off 0.43812007542518683 __DUMMY__ 0.006998141214857345	false	1.0
verkleinerung	neg 1.0		neg 0.5563328158593992 off 0.4367715180302907 __DUMMY__ 0.006895666110309969	false	1.0
schmarotzer	off 1.0		neg 0.5593379603059279 off 0.43369382694340824 __DUMMY__ 0.006968212750663953	false	0.5
bestrafung	neg 1.0		neg 0.5536060647031278 off 0.43941136129209546 __DUMMY__ 0.006982574004776811	false	1.0
achtlos	neg 1.0		neg 0.5532424250897003 off 0.43973113010562204 __DUMMY__ 0.007026444804677536	false	1.0
