unsolidarisch	neg 1.0		neg 0.5414761976923306 off 0.4180544779397373 __DUMMY__ 0.04046932436793205	false	1.0
nachteilig	neg 1.0		neg 0.5422809616166175 off 0.41678468990212775 __DUMMY__ 0.04093434848125475	false	1.0
skeptisch	neg 1.0		neg 0.5422374352996824 off 0.41672084301849444 __DUMMY__ 0.04104172168182325	false	1.0
schrecklich	neg 1.0		neg 0.5250840446186267 off 0.4341719626493271 __DUMMY__ 0.04074399273204628	false	1.0
schlapp	neg 1.0	neg 1.0	neg 0.7516207280097722 off 0.22885711541924242 __DUMMY__ 0.01952215657098543	false	1.0
abfall	neg 1.0		neg 0.5446879279765969 off 0.4141542029792383 __DUMMY__ 0.04115786904416483	false	1.0
widerspenstig	neg 1.0		neg 0.5353603838420502 off 0.42361053541618265 __DUMMY__ 0.041029080741766956	false	1.0
abrupt	neg 1.0		neg 0.538237139152742 off 0.4204001160362001 __DUMMY__ 0.04136274481105791	false	1.0
unwirksam	neg 1.0		neg 0.5402447863956149 off 0.41917580079914507 __DUMMY__ 0.04057941280524	false	1.0
angreifen	neg 1.0	neg 1.0	neg 0.7584974543261384 off 0.2219452980110718 __DUMMY__ 0.019557247662789767	false	1.0
inkonsistent	neg 1.0		neg 0.5359489946817341 off 0.4231804049316636 __DUMMY__ 0.040870600386602396	false	1.0
abrutschen	neg 1.0		neg 0.5440091320547248 off 0.41481194931617377 __DUMMY__ 0.04117891862910143	false	1.0
unsicher	neg 1.0		neg 0.5350600446947692 off 0.42387486261932456 __DUMMY__ 0.041065092685906156	false	1.0
bauernkind	off 1.0	off 1.0	off 0.6991045017962942 neg 0.28169922919786133 __DUMMY__ 0.019196269005844396	false	1.0
angreifer	neg 1.0		neg 0.5338592895614356 off 0.42510707168682305 __DUMMY__ 0.041033638751741375	false	1.0
trennen	neg 1.0		neg 0.5365969816646909 off 0.42191465568937037 __DUMMY__ 0.04148836264593851	false	1.0
schmutz	neg 1.0		neg 0.5325205093106651 off 0.4263540581572072 __DUMMY__ 0.04112543253212773	false	1.0
inkonsistenz	neg 1.0		neg 0.5339319067014111 off 0.4254555734730781 __DUMMY__ 0.0406125198255107	false	1.0
erschreckend	neg 1.0		neg 0.5376680048819378 off 0.4213723403948419 __DUMMY__ 0.040959654723220364	false	1.0
ertrinken	neg 1.0		neg 0.5386110939243466 off 0.4201895470236185 __DUMMY__ 0.04119935905203488	false	1.0
pickelface	off 1.0		neg 0.5395847302676318 off 0.4195112341855195 __DUMMY__ 0.04090403554684876	false	0.5
seiner			neg 0.5399416949214244 off 0.4188482566009424 __DUMMY__ 0.041210048477633175	false	0.0
lauch	neg 1.0		neg 0.5461414769519536 off 0.41289876734315123 __DUMMY__ 0.040959755704895254	false	1.0
unwichtig	neg 1.0		neg 0.5314058709398983 off 0.42781889754209296 __DUMMY__ 0.040775231518008666	false	1.0
steuerhinterziehung	neg 1.0		neg 0.5414723254355063 off 0.41783184701632675 __DUMMY__ 0.04069582754816699	false	1.0
schock	neg 1.0		neg 0.5343539576202542 off 0.42437972149163106 __DUMMY__ 0.041266320888114764	false	1.0
beule	neg 1.0		neg 0.5292197649526283 off 0.429870928682768 __DUMMY__ 0.04090930636460359	false	1.0
vergelten	neg 1.0		neg 0.5256472048134722 off 0.43343980530202003 __DUMMY__ 0.04091298988450774	false	1.0
verdorbenheit	neg 1.0		neg 0.5362108154368938 off 0.42276000458660185 __DUMMY__ 0.04102917997650439	false	1.0
trauma	neg 1.0		neg 0.5352842254127133 off 0.42379340166367196 __DUMMY__ 0.04092237292361488	false	1.0
sinnlos	neg 1.0		neg 0.5326918237932994 off 0.426318784138509 __DUMMY__ 0.040989392068191695	false	1.0
fettsack	off 1.0	off 1.0	off 0.7009943225722829 neg 0.2797324319703701 __DUMMY__ 0.019273245457346943	false	1.0
feige	off 1.0	off 1.0	off 0.6975679313291211 neg 0.2830866220428481 __DUMMY__ 0.01934544662803076	false	1.0
abdanken	neg 1.0		neg 0.5394714096525827 off 0.4197536710426261 __DUMMY__ 0.040774919304791275	false	1.0
wichtigtuer	off 1.0	off 1.0	off 0.6961649153794701 neg 0.2844004109444203 __DUMMY__ 0.01943467367610957	false	1.0
misslingen	neg 1.0		neg 0.5311351280276392 off 0.42751466555937173 __DUMMY__ 0.04135020641298901	false	1.0
untreu	off 1.0		neg 0.530259428910219 off 0.4290198611888057 __DUMMY__ 0.04072070990097532	false	0.5
missmutig	neg 1.0		neg 0.5298907198161129 off 0.42919528116336664 __DUMMY__ 0.04091399902052041	false	1.0
hurenbock	off 1.0		neg 0.5337041780853762 off 0.4252658866528403 __DUMMY__ 0.04102993526178345	false	0.5
betrunken	neg 1.0		neg 0.525875058770071 off 0.4331723647497584 __DUMMY__ 0.04095257648017057	false	1.0
korrupt	off 1.0		neg 0.5431170469910016 off 0.41626953842383996 __DUMMY__ 0.040613414585158436	false	0.5
unmut	neg 1.0		neg 0.5451566054268943 off 0.4137478163275204 __DUMMY__ 0.04109557824558531	false	1.0
hackfresse	off 1.0		neg 0.523016320305029 off 0.436503418257123 __DUMMY__ 0.040480261437848046	false	0.5
aufblasen	neg 1.0		neg 0.5327846435566715 off 0.4261096319986105 __DUMMY__ 0.04110572444471798	false	1.0
gewaltsam	neg 1.0		neg 0.5376964964044688 off 0.42135359359461194 __DUMMY__ 0.04094991000091922	false	1.0
unbeliebtheit	neg 1.0		neg 0.5366749511400487 off 0.4230098550707778 __DUMMY__ 0.04031519378917345	false	1.0
sturheit	neg 1.0		neg 0.5381423321539118 off 0.4209380121607932 __DUMMY__ 0.040919655685295014	false	1.0
kuh	neg 1.0		neg 0.5380225158101523 off 0.4212878042018567 __DUMMY__ 0.04068967998799109	false	1.0
erschrecken	neg 1.0		neg 0.5303964313818563 off 0.4286401681430414 __DUMMY__ 0.040963400475102295	false	1.0
opfer	neg 1.0		neg 0.5394039708462469 off 0.4194815730918814 __DUMMY__ 0.04111445606187179	false	1.0
sinken	neg 1.0		neg 0.5430689269662682 off 0.41571132478751044 __DUMMY__ 0.04121974824622125	false	1.0
stinktier	neg 1.0		neg 0.5271185099395039 off 0.432407329348324 __DUMMY__ 0.040474160712172115	false	1.0
tucke	off 1.0		neg 0.5256841891736252 off 0.4341739442340234 __DUMMY__ 0.04014186659235137	false	0.5
ein			neg 0.5331550709533365 off 0.4256918543955865 __DUMMY__ 0.04115307465107701	false	0.0
abstieg	neg 1.0		neg 0.5392995119895815 off 0.41945213289648264 __DUMMY__ 0.041248355113935924	false	1.0
missverstehen	neg 1.0		neg 0.5346287509986809 off 0.4246112501670239 __DUMMY__ 0.04075999883429535	false	1.0
ergebnislos	neg 1.0		neg 0.5413234766425729 off 0.41761678158230414 __DUMMY__ 0.04105974177512298	false	1.0
unter			neg 0.544675679085614 off 0.41360925968958917 __DUMMY__ 0.041715061224796915	false	0.0
manipulieren	neg 1.0		neg 0.5419133704536271 off 0.417022474852685 __DUMMY__ 0.04106415469368775	false	1.0
unbewiesen	neg 1.0		neg 0.5417063650549592 off 0.4178837525997905 __DUMMY__ 0.04040988234525028	false	1.0
verschleppen	neg 1.0		neg 0.5402278805949443 off 0.4188151220465018 __DUMMY__ 0.040956997358553904	false	1.0
weib	off 1.0		neg 0.5238027377895589 off 0.43578469032588424 __DUMMY__ 0.04041257188455697	false	0.5
opposition	neg 1.0		neg 0.5363727708434671 off 0.42291695176594213 __DUMMY__ 0.040710277390590764	false	1.0
verkehrswidrig	neg 1.0	neg 1.0	neg 0.747063876917214 off 0.233197598833004 __DUMMY__ 0.019738524249782004	false	1.0
inkorrekt	neg 1.0		neg 0.5319569599497357 off 0.4276496982890157 __DUMMY__ 0.04039334176124855	false	1.0
vermeiden	neg 1.0		neg 0.5445216184346674 off 0.41405622028532246 __DUMMY__ 0.04142216128001002	false	1.0
abweichung	neg 1.0	neg 1.0	neg 0.7576062783411729 off 0.22280233405852382 __DUMMY__ 0.019591387600303368	false	1.0
alkoholisiert	neg 1.0		neg 0.5351052006214012 off 0.4231805402133976 __DUMMY__ 0.04171425916520123	false	1.0
scheiss	off 1.0	off 1.0	off 0.698801142110316 neg 0.28174416921184775 __DUMMY__ 0.019454688677836323	false	1.0
herausforderung	neg 1.0	neg 1.0	neg 0.7554288670618549 off 0.22469540246629333 __DUMMY__ 0.019875730471851875	false	1.0
pervers	off 1.0		neg 0.5200439309995357 off 0.4395986428177112 __DUMMY__ 0.04035742618275299	false	0.5
wackelig	neg 1.0		neg 0.534813412042355 off 0.42376191111359096 __DUMMY__ 0.041424676844054105	false	1.0
verwickeln	neg 1.0		neg 0.5343837457623695 off 0.4248176712796531 __DUMMY__ 0.040798582957977586	false	1.0
vorwand	neg 1.0		neg 0.5428842547669828 off 0.41604161813391544 __DUMMY__ 0.04107412709910187	false	1.0
muschi	off 1.0		neg 0.5385343553772353 off 0.4205136578724646 __DUMMY__ 0.040951986750300054	false	0.5
entmutigung	neg 1.0		neg 0.5378905958309562 off 0.421493216855091 __DUMMY__ 0.04061618731395276	false	1.0
unangemessen	neg 1.0		neg 0.5398012313077638 off 0.41933262062543464 __DUMMY__ 0.04086614806680166	false	1.0
unstetig	neg 1.0		neg 0.5355521704409568 off 0.42354781366748795 __DUMMY__ 0.04090001589155518	false	1.0
entmutigen	neg 1.0		neg 0.5338219070608892 off 0.42516960626785677 __DUMMY__ 0.041008486671254056	false	1.0
schwanz	neg 1.0		neg 0.5415212037741521 off 0.4174125468413029 __DUMMY__ 0.041066249384544985	false	1.0
verbot	neg 1.0		neg 0.542369800925655 off 0.41689447007220953 __DUMMY__ 0.04073572900213542	false	1.0
leid	neg 1.0		neg 0.5242751694687094 off 0.4350544158127614 __DUMMY__ 0.04067041471852911	false	1.0
archaisch	neg 1.0		neg 0.5383233487152725 off 0.42065002147438907 __DUMMY__ 0.04102662981033853	false	1.0
gegen			neg 0.5422451426868374 off 0.4165154483721315 __DUMMY__ 0.04123940894103106	false	0.0
scheidung	neg 1.0		neg 0.5155191789157503 off 0.4441107458762847 __DUMMY__ 0.04037007520796491	false	1.0
einschlag	neg 1.0	neg 1.0	neg 0.7501529082811768 off 0.23038535799271576 __DUMMY__ 0.019461733726107586	false	1.0
m			neg 0.5373591750479764 off 0.42148491020938295 __DUMMY__ 0.04115591474264071	false	0.0
abgestanden	neg 1.0		neg 0.5353063634882564 off 0.4237444981005896 __DUMMY__ 0.04094913841115405	false	1.0
schmierig	off 1.0		neg 0.5247850159896614 off 0.43452464374776306 __DUMMY__ 0.04069034026257545	false	0.5
unpraktisch	neg 1.0		neg 0.5327221815701297 off 0.42611946907470416 __DUMMY__ 0.041158349355166206	false	1.0
wixxer	off 1.0		neg 0.5211523667993797 off 0.43857027314426694 __DUMMY__ 0.04027736005635327	false	0.5
bezeichnet			neg 0.5374367030597498 off 0.4216619080295978 __DUMMY__ 0.040901388910652606	false	0.0
jammerlappen	off 1.0		neg 0.5309904993675603 off 0.4282123773345797 __DUMMY__ 0.040797123297860054	false	0.5
farce	neg 1.0		neg 0.5417433455619205 off 0.41757190371051184 __DUMMY__ 0.040684750727567436	false	1.0
zwecklos	neg 1.0		neg 0.5391493362384062 off 0.41991516165471326 __DUMMY__ 0.04093550210688033	false	1.0
turbulent	neg 1.0		neg 0.5318124729524378 off 0.4275391355258875 __DUMMY__ 0.040648391521674564	false	1.0
invasion	neg 1.0		neg 0.5327416949845294 off 0.42628366630918707 __DUMMY__ 0.04097463870628344	false	1.0
schuld	neg 1.0		neg 0.535046277764478 off 0.4240018092213793 __DUMMY__ 0.040951913014142735	false	1.0
risiko	neg 1.0		neg 0.5345404526579959 off 0.4243643041002341 __DUMMY__ 0.0410952432417699	false	1.0
finster	neg 1.0		neg 0.5335208998112683 off 0.4254023573251993 __DUMMY__ 0.04107674286353239	false	1.0
geisteskrank	off 1.0		neg 0.5305305599988862 off 0.4288586696525905 __DUMMY__ 0.040610770348523284	false	0.5
zusammenbrechen	neg 1.0		neg 0.5363395192797373 off 0.4225166693888257 __DUMMY__ 0.0411438113314371	false	1.0
ausbeute	neg 1.0		neg 0.5373929576114214 off 0.4211474553006507 __DUMMY__ 0.04145958708792797	false	1.0
hinterhalt	neg 1.0		neg 0.5367547692702317 off 0.4220767665787714 __DUMMY__ 0.041168464150996995	false	1.0
kritik	neg 1.0		neg 0.5416019045681508 off 0.4176752674005198 __DUMMY__ 0.040722828031329254	false	1.0
einschrumpfen	neg 1.0		neg 0.5362898495978996 off 0.4231689357845545 __DUMMY__ 0.040541214617545854	false	1.0
riskant	neg 1.0		neg 0.5410215484337916 off 0.41799498920515354 __DUMMY__ 0.04098346236105489	false	1.0
frustrieren	neg 1.0		neg 0.5398449415925973 off 0.4190844102107752 __DUMMY__ 0.0410706481966276	false	1.0
groll	neg 1.0		neg 0.538451943212688 off 0.42050119216107384 __DUMMY__ 0.04104686462623813	false	1.0
gibt			neg 0.5376513635005188 off 0.42128708240766416 __DUMMY__ 0.041061554091817117	false	0.0
qualvoll	neg 1.0		neg 0.5306060689165295 off 0.4283459435899624 __DUMMY__ 0.041047987493508145	false	1.0
wackeln	neg 1.0	neg 1.0	neg 0.7534284436665868 off 0.2269013789502999 __DUMMY__ 0.019670177383113333	false	1.0
klagen	neg 1.0		neg 0.5442153860355835 off 0.41466157282893124 __DUMMY__ 0.04112304113548523	false	1.0
bankrott	neg 1.0		neg 0.5313026905986049 off 0.42779004300272416 __DUMMY__ 0.040907266398670844	false	1.0
trauern	neg 1.0		neg 0.5382332044463374 off 0.4205102905549498 __DUMMY__ 0.04125650499871281	false	1.0
ablehnung	neg 1.0		neg 0.5417538901838538 off 0.41754249573202723 __DUMMY__ 0.0407036140841189	false	1.0
stur	neg 1.0		neg 0.5347618026493614 off 0.4243423528400567 __DUMMY__ 0.04089584451058174	false	1.0
aufruhr	neg 1.0		neg 0.5379935212049225 off 0.42107179420026813 __DUMMY__ 0.04093468459480931	false	1.0
melancholie	neg 1.0		neg 0.5369236218322097 off 0.4218598294461337 __DUMMY__ 0.041216548721656664	false	1.0
ist			neg 0.5335524050853085 off 0.4254720309925018 __DUMMY__ 0.04097556392218954	false	0.0
torheit	neg 1.0		neg 0.537209065753099 off 0.4220289480493298 __DUMMY__ 0.04076198619757106	false	1.0
dreckskind	off 1.0		neg 0.52589938539358 off 0.43368902158232425 __DUMMY__ 0.04041159302409572	false	0.5
umtauschen	neg 1.0		neg 0.5353810478691834 off 0.42352993519580195 __DUMMY__ 0.04108901693501469	false	1.0
zum			neg 0.5401883576823787 off 0.4179807606885049 __DUMMY__ 0.04183088162911622	false	0.0
zersetzen	neg 1.0		neg 0.5432408581020195 off 0.4158154465363536 __DUMMY__ 0.04094369536162699	false	1.0
zur			neg 0.5453239368575742 off 0.41325222998364114 __DUMMY__ 0.0414238331587847	false	0.0
frust	neg 1.0		neg 0.5365319468015981 off 0.4223197004989051 __DUMMY__ 0.04114835269949686	false	1.0
unerbittlichkeit	neg 1.0		neg 0.5424964180849943 off 0.4165021747359171 __DUMMY__ 0.0410014071790886	false	1.0
zwei			neg 0.539063551424439 off 0.4192806520552602 __DUMMY__ 0.04165579652030086	false	0.0
unkorrekt	neg 1.0		neg 0.5304586169815368 off 0.42908192480989593 __DUMMY__ 0.04045945820856734	false	1.0
hexe	off 1.0		neg 0.529818685965549 off 0.42936783980822546 __DUMMY__ 0.040813474226225374	false	0.5
lasch	neg 1.0		neg 0.5336075458299251 off 0.42568911415749744 __DUMMY__ 0.04070334001257743	false	1.0
rivale	neg 1.0		neg 0.5267476513516203 off 0.4324028376801113 __DUMMY__ 0.04084951096826844	false	1.0
mutlos	off 1.0	off 1.0	off 0.6919284040243121 neg 0.28859971729487977 __DUMMY__ 0.019471878680808123	false	1.0
wirr	off 1.0		neg 0.5297167654696 off 0.42979164719247304 __DUMMY__ 0.04049158733792676	false	0.5
jahr			neg 0.5369568532416054 off 0.42142201499224247 __DUMMY__ 0.04162113176615214	false	0.0
wird			neg 0.5384387225552342 off 0.4204001667958499 __DUMMY__ 0.041161110648915894	false	0.0
strafbar	neg 1.0		neg 0.541513588869359 off 0.41756284002350097 __DUMMY__ 0.040923571107139935	false	1.0
erosion	neg 1.0		neg 0.5340921884958477 off 0.4248139372812113 __DUMMY__ 0.04109387422294079	false	1.0
eingehen	neg 1.0		neg 0.5402663669362994 off 0.41881359813130725 __DUMMY__ 0.04092003493239348	false	1.0
faul	off 1.0		neg 0.5304011753765759 off 0.42864829287832096 __DUMMY__ 0.04095053174510307	false	0.5
provisorium	neg 1.0		neg 0.5468310111399581 off 0.4116342950918533 __DUMMY__ 0.041534693768188524	false	1.0
schmerzen	neg 1.0		neg 0.5352049143277263 off 0.4237397873781911 __DUMMY__ 0.04105529829408265	false	1.0
schrumpfen	neg 1.0		neg 0.5466450448357585 off 0.4121235690208963 __DUMMY__ 0.04123138614334524	false	1.0
geistlos	off 1.0		neg 0.537398265528649 off 0.4221153820142293 __DUMMY__ 0.04048635245712173	false	0.5
fehlkauf	neg 1.0		neg 0.535155572675788 off 0.42401286448405145 __DUMMY__ 0.04083156284016058	false	1.0
frustrierend	neg 1.0		neg 0.5301187624882928 off 0.4288665659625256 __DUMMY__ 0.04101467154918145	false	1.0
unzufrieden	neg 1.0		neg 0.539186933977336 off 0.4198613184989712 __DUMMY__ 0.04095174752369284	false	1.0
verzweifeln	neg 1.0		neg 0.5358597827585952 off 0.4230824116171603 __DUMMY__ 0.04105780562424453	false	1.0
verzweifelt	neg 1.0		neg 0.5346415933380786 off 0.424459853062761 __DUMMY__ 0.040898553599160455	false	1.0
misstrauensantrag	neg 1.0		neg 0.5350254154297905 off 0.42421541728296314 __DUMMY__ 0.04075916728724631	false	1.0
abfallen	neg 1.0		neg 0.5318995040223631 off 0.4268969163629772 __DUMMY__ 0.04120357961465972	false	1.0
fucker	off 1.0		neg 0.5297190553800657 off 0.4296382806072011 __DUMMY__ 0.04064266401273324	false	0.5
ungezogen	neg 1.0		neg 0.5204972850508045 off 0.4389664714314115 __DUMMY__ 0.04053624351778394	false	1.0
irrsinnig	neg 1.0	neg 1.0	neg 0.7549723044990322 off 0.22555404687794645 __DUMMY__ 0.01947364862302132	false	1.0
unfassbar	neg 1.0		neg 0.5297665269019198 off 0.42941903129468756 __DUMMY__ 0.04081444180339256	false	1.0
hart	neg 1.0		neg 0.5336255128933292 off 0.42564026681690825 __DUMMY__ 0.04073422028976257	false	1.0
widerlich	off 1.0		neg 0.5305364383340617 off 0.428848075606832 __DUMMY__ 0.04061548605910633	false	0.5
fatal	neg 1.0		neg 0.5345827016721825 off 0.42456695618931717 __DUMMY__ 0.040850342138500355	false	1.0
bruch	neg 1.0		neg 0.5446290428076258 off 0.4143178730500653 __DUMMY__ 0.04105308414230895	false	1.0
aushungern	neg 1.0		neg 0.540056795992729 off 0.4191896291935813 __DUMMY__ 0.040753574813689554	false	1.0
anspannung	neg 1.0	neg 1.0	neg 0.7578075702473445 off 0.22224505517772009 __DUMMY__ 0.019947374574935332	false	1.0
von			neg 0.5388342021299817 off 0.4196360599527628 __DUMMY__ 0.04152973791725542	false	0.0
kraftlos	neg 1.0		neg 0.5358234071623652 off 0.42289812106236535 __DUMMY__ 0.04127847177526961	false	1.0
vom			neg 0.5432357531369665 off 0.4149627160228648 __DUMMY__ 0.04180153084016872	false	0.0
grenzdebil	off 1.0		neg 0.528609237880628 off 0.4305959429653871 __DUMMY__ 0.04079481915398502	false	0.5
vor			neg 0.5410233825113601 off 0.41771934432054064 __DUMMY__ 0.04125727316809917	false	0.0
unterwerfen	neg 1.0		neg 0.5400455256081724 off 0.41886852998577856 __DUMMY__ 0.04108594440604892	false	1.0
versenkung	neg 1.0		neg 0.540713204452006 off 0.41822417848911264 __DUMMY__ 0.04106261705888138	false	1.0
entziehen	neg 1.0		neg 0.5432598940601233 off 0.41561048115536015 __DUMMY__ 0.041129624784516594	false	1.0
finanzkrise	neg 1.0		neg 0.5411410770658218 off 0.41823842633895003 __DUMMY__ 0.04062049659522816	false	1.0
schimpfend	neg 1.0		neg 0.5314467800096563 off 0.42727877785100515 __DUMMY__ 0.041274442139338535	false	1.0
profan	neg 1.0		neg 0.5328527127377934 off 0.426260731614489 __DUMMY__ 0.04088655564771751	false	1.0
korruption	neg 1.0	neg 1.0	neg 0.7587932615868991 off 0.22181291767332995 __DUMMY__ 0.019393820739771115	false	1.0
â			neg 0.5390727855364938 off 0.4198002304932656 __DUMMY__ 0.04112698397024046	false	0.0
schmutzig	neg 1.0		neg 0.5288748442580217 off 0.43027782104531614 __DUMMY__ 0.040847334696662116	false	1.0
sexy	neg 1.0		neg 0.5321510956195201 off 0.4269635910169053 __DUMMY__ 0.04088531336357451	false	1.0
abraten	neg 1.0		neg 0.5337846082029911 off 0.42528644396587784 __DUMMY__ 0.04092894783113101	false	1.0
schwarz	neg 1.0		neg 0.5350764167611514 off 0.4240465184236616 __DUMMY__ 0.04087706481518686	false	1.0
fotze	off 1.0		neg 0.5411071343132068 off 0.4179134583239849 __DUMMY__ 0.04097940736280843	false	0.5
verwirren	neg 1.0		neg 0.5324243614056652 off 0.4266708801729967 __DUMMY__ 0.04090475842133797	false	1.0
zahnlos	off 1.0		neg 0.5395963927064917 off 0.41949444774188027 __DUMMY__ 0.04090915955162787	false	0.5
verheeren	neg 1.0		neg 0.5200117332002723 off 0.43950414179180064 __DUMMY__ 0.040484125007927106	false	1.0
hippie	neg 1.0		neg 0.5332681129414236 off 0.425888620784173 __DUMMY__ 0.04084326627440324	false	1.0
rammen	neg 1.0		neg 0.5365282984869867 off 0.4226618744838775 __DUMMY__ 0.04080982702913581	false	1.0
unlauter	neg 1.0		neg 0.5394388644653183 off 0.4199961477910839 __DUMMY__ 0.04056498774359776	false	1.0
unheilvoll	neg 1.0		neg 0.53125865669371 off 0.4276175439774956 __DUMMY__ 0.04112379932879432	false	1.0
niedrig	neg 1.0		neg 0.5415487400481339 off 0.4174005329075942 __DUMMY__ 0.04105072704427173	false	1.0
explosion	neg 1.0		neg 0.5340810768537997 off 0.425090434945867 __DUMMY__ 0.040828488200333295	false	1.0
weichei	off 1.0		neg 0.5250036820600712 off 0.43451329499930513 __DUMMY__ 0.04048302294062365	false	0.5
minusmensch	off 1.0		neg 0.5250667686519117 off 0.43492076531384166 __DUMMY__ 0.04001246603424673	false	0.5
farblos	neg 1.0		neg 0.5339553705124046 off 0.42471441067080434 __DUMMY__ 0.04133021881679096	false	1.0
unwissend	neg 1.0	neg 1.0	neg 0.7523769140210882 off 0.22820405372495203 __DUMMY__ 0.019419032253959786	false	1.0
traurig	neg 1.0		neg 0.5259246000643092 off 0.4332745868787941 __DUMMY__ 0.04080081305689674	false	1.0
senkung	neg 1.0		neg 0.5353414582665621 off 0.42399792322865054 __DUMMY__ 0.04066061850478734	false	1.0
ungleich	neg 1.0	neg 1.0	neg 0.7587711939063676 off 0.22174774202000547 __DUMMY__ 0.019481064073626948	false	1.0
heikel	neg 1.0		neg 0.542471423704011 off 0.4165353965284354 __DUMMY__ 0.04099317976755362	false	1.0
drosselung	neg 1.0		neg 0.5293764892782186 off 0.4298327723839263 __DUMMY__ 0.040790738337855195	false	1.0
falsch	neg 1.0		neg 0.5311862857429407 off 0.4279411972374864 __DUMMY__ 0.040872517019572924	false	1.0
unzufriedenheit	neg 1.0		neg 0.5426140423843236 off 0.41632265848641614 __DUMMY__ 0.041063299129260294	false	1.0
kurz	neg 1.0		neg 0.5348237562299841 off 0.4238684970428314 __DUMMY__ 0.04130774672718451	false	1.0
unsinnig	neg 1.0		neg 0.5396856444167939 off 0.419487092872565 __DUMMY__ 0.040827262710641236	false	1.0
penner	off 1.0	off 1.0	off 0.7027272909480664 neg 0.27800931925421585 __DUMMY__ 0.019263389797717734	false	1.0
seicht	neg 1.0		neg 0.5232996682187916 off 0.4364243113278121 __DUMMY__ 0.04027602045339637	false	1.0
dummheit	off 1.0	off 1.0	off 0.696060168369492 neg 0.28454564956729234 __DUMMY__ 0.019394182063215564	false	1.0
unerfreulich	neg 1.0		neg 0.5420328830088603 off 0.41680496710544196 __DUMMY__ 0.041162149885697885	false	1.0
motherfucker	off 1.0	off 1.0	off 0.6984252422402557 neg 0.28225896978499493 __DUMMY__ 0.01931578797474925	false	1.0
pikiert	neg 1.0		neg 0.5320497319611931 off 0.42733775933428464 __DUMMY__ 0.04061250870452216	false	1.0
wrack	neg 1.0		neg 0.5373190529670245 off 0.42129551851358416 __DUMMY__ 0.04138542851939149	false	1.0
gangster	neg 1.0		neg 0.5331972236605342 off 0.4259036204047867 __DUMMY__ 0.0408991559346791	false	1.0
krank	neg 1.0		neg 0.5269157277196928 off 0.4321539416321634 __DUMMY__ 0.04093033064814385	false	1.0
reich	neg 1.0		neg 0.5326815035656395 off 0.42660404926588197 __DUMMY__ 0.04071444716847858	false	1.0
gnadenlos	neg 1.0		neg 0.5347680778665785 off 0.4242516763445842 __DUMMY__ 0.04098024578883729	false	1.0
niedergeschlagen	neg 1.0		neg 0.5358994297142986 off 0.4229318389603698 __DUMMY__ 0.041168731325331547	false	1.0
terrorisieren	off 1.0	off 1.0	off 0.6930626617466513 neg 0.28736674611862534 __DUMMY__ 0.01957059213472339	false	1.0
sinnlosigkeit	neg 1.0		neg 0.5384700021022041 off 0.4205303893523197 __DUMMY__ 0.04099960854547628	false	1.0
behindern	neg 1.0		neg 0.5377566799331763 off 0.42133380596147413 __DUMMY__ 0.04090951410534941	false	1.0
undemokratisch	neg 1.0		neg 0.5385533243149713 off 0.42081624752646346 __DUMMY__ 0.04063042815856522	false	1.0
wirtschaftskrise	neg 1.0		neg 0.5421037373237602 off 0.41706411626085826 __DUMMY__ 0.04083214641538166	false	1.0
neid	neg 1.0		neg 0.5275534359067606 off 0.4312941906653652 __DUMMY__ 0.041152373427874145	false	1.0
rutschen	neg 1.0	neg 1.0	neg 0.7567299622945605 off 0.2233533316255786 __DUMMY__ 0.019916706079860985	false	1.0
rezession	neg 1.0		neg 0.5301570645807948 off 0.4295537985539185 __DUMMY__ 0.04028913686528674	false	1.0
fehlgeburt	neg 1.0		neg 0.5323949038228853 off 0.4265491767832356 __DUMMY__ 0.04105591939387906	false	1.0
charakterschwach	off 1.0		neg 0.5301445357945251 off 0.4291500229883658 __DUMMY__ 0.04070544121710905	false	0.5
isolation	neg 1.0		neg 0.5302928222070256 off 0.42870645311292727 __DUMMY__ 0.04100072468004727	false	1.0
ablenkung	neg 1.0		neg 0.5347978728662266 off 0.4241519426165077 __DUMMY__ 0.0410501845172657	false	1.0
pech	neg 1.0		neg 0.5305955889879799 off 0.42843625777707384 __DUMMY__ 0.040968153234946396	false	1.0
vermeidung	neg 1.0		neg 0.530540044840822 off 0.42882726419562467 __DUMMY__ 0.04063269096355352	false	1.0
dominieren	neg 1.0		neg 0.5371099405746487 off 0.42155675418124505 __DUMMY__ 0.04133330524410618	false	1.0
schwindlig	neg 1.0		neg 0.5304245324657758 off 0.4283973158324403 __DUMMY__ 0.04117815170178394	false	1.0
lutscher	neg 1.0	neg 1.0	neg 0.7478151276200701 off 0.23300377863200739 __DUMMY__ 0.019181093747922543	false	1.0
pflicht	neg 1.0		neg 0.5420022870542315 off 0.4169334988518539 __DUMMY__ 0.041064214093914704	false	1.0
faschist	off 1.0		neg 0.5358626103262055 off 0.4235367783828934 __DUMMY__ 0.04060061129090109	false	0.5
verschleudern	neg 1.0		neg 0.5445421921183137 off 0.41477391729976115 __DUMMY__ 0.040683890581925154	false	1.0
wenn			neg 0.5307668417199705 off 0.42834817482001414 __DUMMY__ 0.04088498346001552	false	0.0
ehebruch	neg 1.0		neg 0.5408240449650418 off 0.4182372184794951 __DUMMY__ 0.04093873655546323	false	1.0
spott	off 1.0		neg 0.5420224855834792 off 0.41708567362438675 __DUMMY__ 0.04089184079213392	false	0.5
trostlosigkeit	neg 1.0		neg 0.5430082880062108 off 0.4158701581677793 __DUMMY__ 0.04112155382600989	false	1.0
lutschen	neg 1.0		neg 0.5352788281322541 off 0.4240132148787684 __DUMMY__ 0.04070795698897752	false	1.0
undiszipliniert	neg 1.0		neg 0.527309940684526 off 0.43191000475146946 __DUMMY__ 0.040780054564004596	false	1.0
kopfschmerz	neg 1.0		neg 0.5357056397090015 off 0.4231026658746516 __DUMMY__ 0.04119169441634679	false	1.0
unvorhergesehen	neg 1.0		neg 0.5360333684318767 off 0.42249424743190483 __DUMMY__ 0.04147238413621853	false	1.0
desinteressiert	neg 1.0		neg 0.5285172891372362 off 0.43080261498182176 __DUMMY__ 0.040680095880942214	false	1.0
armselig	off 1.0		neg 0.5289949242144608 off 0.4305006995556621 __DUMMY__ 0.040504376229876994	false	0.5
desaster	neg 1.0		neg 0.5453254072060745 off 0.413616405782556 __DUMMY__ 0.04105818701136946	false	1.0
tod	neg 1.0		neg 0.5389782768111018 off 0.4198944688524742 __DUMMY__ 0.04112725433642403	false	1.0
herzlos	neg 1.0		neg 0.5271139540693882 off 0.4322646480835025 __DUMMY__ 0.04062139784710931	false	1.0
unwissenheit	neg 1.0		neg 0.5407068339798969 off 0.4184803814259095 __DUMMY__ 0.04081278459419375	false	1.0
widersinnig	neg 1.0	neg 1.0	neg 0.7582913902666591 off 0.22234331652480818 __DUMMY__ 0.019365293208532645	false	1.0
bedenklich	neg 1.0		neg 0.540939776643783 off 0.41810795484704494 __DUMMY__ 0.04095226850917198	false	1.0
beanstanden	neg 1.0		neg 0.542597309813426 off 0.4163126923705832 __DUMMY__ 0.041089997815990764	false	1.0
panisch	neg 1.0	neg 1.0	neg 0.7515171703811241 off 0.22877828791504182 __DUMMY__ 0.01970454170383409	false	1.0
debil	off 1.0		neg 0.5471644067977497 off 0.41154307672057594 __DUMMY__ 0.041292516481674514	false	0.5
abstrich	neg 1.0		neg 0.5399792595072528 off 0.41905376519902265 __DUMMY__ 0.04096697529372464	false	1.0
primitiv	neg 1.0		neg 0.5299761329940047 off 0.4294077662045423 __DUMMY__ 0.04061610080145302	false	1.0
abschaum	off 1.0	off 1.0	off 0.6975758655638459 neg 0.28303465522892396 __DUMMY__ 0.019389479207230203	false	1.0
provozieren	neg 1.0		neg 0.5360074399492811 off 0.42311348637999857 __DUMMY__ 0.04087907367072038	false	1.0
tot	neg 1.0		neg 0.539764357511988 off 0.419133447196142 __DUMMY__ 0.041102195291870126	false	1.0
instabil	neg 1.0		neg 0.5318784045979207 off 0.427670325471341 __DUMMY__ 0.04045126993073834	false	1.0
schwuchtel	off 1.0		neg 0.518651020269128 off 0.4413005325007381 __DUMMY__ 0.040048447230133816	false	0.5
zerren	neg 1.0		neg 0.5356070582585553 off 0.4232038674272449 __DUMMY__ 0.041189074314199686	false	1.0
kinderficker	off 1.0		neg 0.5268255522622871 off 0.4327804657300123 __DUMMY__ 0.04039398200770063	false	0.5
gefahr	neg 1.0		neg 0.5424542612143218 off 0.4164729871113906 __DUMMY__ 0.0410727516742875	false	1.0
rabiat	neg 1.0		neg 0.5369696300492883 off 0.42215907151478266 __DUMMY__ 0.040871298435929106	false	1.0
verlangsamung	neg 1.0		neg 0.5251580738735588 off 0.4345086249929157 __DUMMY__ 0.04033330113352543	false	1.0
ausgestorben	neg 1.0		neg 0.5352764981520859 off 0.4235979622903785 __DUMMY__ 0.04112553955753571	false	1.0
anklagen	neg 1.0		neg 0.5398004593193582 off 0.41934950207951427 __DUMMY__ 0.0408500386011276	false	1.0
trott	neg 1.0		neg 0.5360334909183484 off 0.4229080933784268 __DUMMY__ 0.0410584157032249	false	1.0
verminderung	neg 1.0		neg 0.5288833073498009 off 0.4304293857414219 __DUMMY__ 0.04068730690877724	false	1.0
nach			neg 0.5405998399891178 off 0.4176561935655075 __DUMMY__ 0.041743966445374585	false	0.0
rost	neg 1.0		neg 0.5249773297262342 off 0.4345106254589552 __DUMMY__ 0.040512044814810654	false	1.0
destruktiv	neg 1.0		neg 0.5387176253595597 off 0.42052316888656904 __DUMMY__ 0.04075920575387123	false	1.0
unzumutbarkeit	neg 1.0		neg 0.5301854931964198 off 0.4289099064694659 __DUMMY__ 0.04090460033411424	false	1.0
labil	off 1.0	off 1.0	off 0.6974508104469593 neg 0.2831624062442325 __DUMMY__ 0.019386783308808293	false	1.0
ziemlich	neg 1.0		neg 0.5281974837632506 off 0.43088695191918275 __DUMMY__ 0.04091556431756663	false	1.0
lachnummer	off 1.0		neg 0.5370109790190032 off 0.4220821910664903 __DUMMY__ 0.04090682991450651	false	0.5
oder			neg 0.5337535612217229 off 0.42509430142291116 __DUMMY__ 0.041152137355365985	false	0.0
verfall	neg 1.0		neg 0.547615554703778 off 0.4112458593995056 __DUMMY__ 0.04113858589671642	false	1.0
ausgrenzung	neg 1.0		neg 0.5383309207787439 off 0.42111122402499507 __DUMMY__ 0.040557855196261094	false	1.0
unordnung	neg 1.0		neg 0.5297696316411309 off 0.42938475016429056 __DUMMY__ 0.040845618194578596	false	1.0
fehlverhalten	neg 1.0		neg 0.5426593314105512 off 0.41637871701576423 __DUMMY__ 0.040961951573684464	false	1.0
eine			neg 0.5412232145432145 off 0.4175952744810069 __DUMMY__ 0.04118151097577852	false	0.0
nille	neg 1.0		neg 0.537722770904662 off 0.4213010898827056 __DUMMY__ 0.04097613921263252	false	1.0
qual	neg 1.0		neg 0.5366358233730487 off 0.42233825969787536 __DUMMY__ 0.041025916929075874	false	1.0
verschwenden	neg 1.0		neg 0.5400698547544229 off 0.4189592598656848 __DUMMY__ 0.04097088537989243	false	1.0
riesig	neg 1.0	neg 1.0	neg 0.7565575397928045 off 0.22379247720855405 __DUMMY__ 0.019649982998641517	false	1.0
verurteilen	neg 1.0		neg 0.5401886329459559 off 0.4189398598639958 __DUMMY__ 0.04087150719004829	false	1.0
klischee	neg 1.0	neg 1.0	neg 0.7540145830411471 off 0.2266064536415624 __DUMMY__ 0.019378963317290488	false	1.0
diktatorisch	neg 1.0		neg 0.53923696797277 off 0.42027208490329754 __DUMMY__ 0.04049094712393239	false	1.0
vorhersehbar	neg 1.0	neg 1.0	neg 0.754072867159597 off 0.226502813243102 __DUMMY__ 0.019424319597301	false	1.0
sowie			neg 0.5266162098206272 off 0.43296078560969603 __DUMMY__ 0.04042300456967689	false	0.0
stornieren	neg 1.0		neg 0.5309926274539108 off 0.4276298952693078 __DUMMY__ 0.041377477276781316	false	1.0
besteuerung	neg 1.0		neg 0.5384648392533598 off 0.4208943609157477 __DUMMY__ 0.040640799830892686	false	1.0
ungeschminkt	neg 1.0		neg 0.5306000299040676 off 0.42875869670996186 __DUMMY__ 0.040641273385970435	false	1.0
kritisch	neg 1.0		neg 0.5408511241940139 off 0.4181578220770045 __DUMMY__ 0.04099105372898147	false	1.0
schlamperei	off 1.0		neg 0.5434912709897712 off 0.41562892443479765 __DUMMY__ 0.04087980457543115	false	0.5
sucht	neg 1.0	neg 1.0	neg 0.7550707863865561 off 0.22536774115037167 __DUMMY__ 0.019561472463072244	false	1.0
egoistisch	off 1.0		neg 0.5239271078414359 off 0.4354663227579848 __DUMMY__ 0.04060656940057932	false	0.5
ausbeuter	off 1.0		neg 0.5440656018522544 off 0.41509515879411135 __DUMMY__ 0.040839239353634295	false	0.5
arschgeburt	off 1.0		neg 0.5189620292801453 off 0.44103401450463176 __DUMMY__ 0.04000395621522285	false	0.5
schubs	neg 1.0	neg 1.0	neg 0.7552089731442603 off 0.22509629876349524 __DUMMY__ 0.01969472809224453	false	1.0
unsolide	neg 1.0		neg 0.5406013693462567 off 0.41912344444417526 __DUMMY__ 0.04027518620956787	false	1.0
beschwerde	neg 1.0		neg 0.5435470366648154 off 0.41560658125166755 __DUMMY__ 0.04084638208351725	false	1.0
stocken	neg 1.0		neg 0.5417122177847662 off 0.4173372067606899 __DUMMY__ 0.04095057545454388	false	1.0
isolieren	neg 1.0		neg 0.5405099389387734 off 0.41858137509142174 __DUMMY__ 0.04090868596980487	false	1.0
unheilbar	neg 1.0		neg 0.5342199527424452 off 0.42469056564546537 __DUMMY__ 0.041089481612089425	false	1.0
pisser	off 1.0		neg 0.5298190217639067 off 0.4295780872600122 __DUMMY__ 0.040602890976080996	false	0.5
löschen	neg 1.0		neg 0.5362281889193624 off 0.4227930969808663 __DUMMY__ 0.040978714099771205	false	1.0
durchfallen	neg 1.0		neg 0.540189481020572 off 0.4189398230365561 __DUMMY__ 0.04087069594287191	false	1.0
wichser	off 1.0		neg 0.5194070284134854 off 0.4401829075671508 __DUMMY__ 0.04041006401936377	false	0.5
terror	neg 1.0		neg 0.5321883700727519 off 0.4268262356101697 __DUMMY__ 0.04098539431707836	false	1.0
krass	neg 1.0		neg 0.5265693319837437 off 0.432827264580837 __DUMMY__ 0.0406034034354194	false	1.0
revolte	neg 1.0	neg 1.0	neg 0.7555976021865406 off 0.22504466004122195 __DUMMY__ 0.019357737772237437	false	1.0
besorgt	neg 1.0		neg 0.5355443011331884 off 0.4231462560581248 __DUMMY__ 0.041309442808686904	false	1.0
nachlassen	neg 1.0		neg 0.5403734529419536 off 0.41851300541606307 __DUMMY__ 0.04111354164198346	false	1.0
alt	neg 1.0		neg 0.5390324116744769 off 0.4198727474704289 __DUMMY__ 0.04109484085509416	false	1.0
hundesohn	off 1.0		neg 0.5236865819311474 off 0.4360920948372725 __DUMMY__ 0.04022132323157994	false	0.5
als			neg 0.5362730886926765 off 0.4225253210873317 __DUMMY__ 0.04120159021999174	false	0.0
abschreckung	neg 1.0		neg 0.543732849222758 off 0.4152118942284831 __DUMMY__ 0.04105525654875895	false	1.0
unqualifiziert	neg 1.0		neg 0.5351556906263276 off 0.4242478318457051 __DUMMY__ 0.04059647752796717	false	1.0
abgewichst	off 1.0		neg 0.5376538580923733 off 0.4212862922520182 __DUMMY__ 0.04105984965560846	false	0.5
schwer	neg 1.0		neg 0.5353395028870138 off 0.4236079696492992 __DUMMY__ 0.041052527463686914	false	1.0
bedeutungslosigkeit	neg 1.0		neg 0.5425822054618902 off 0.416378262628602 __DUMMY__ 0.04103953190950778	false	1.0
kapitulation	neg 1.0		neg 0.5440646266543671 off 0.4152290600193689 __DUMMY__ 0.040706313326264065	false	1.0
unscharf	neg 1.0		neg 0.533442082458823 off 0.4256779128111959 __DUMMY__ 0.0408800047299811	false	1.0
schwinden	neg 1.0		neg 0.5422964531411788 off 0.4166223330234135 __DUMMY__ 0.04108121383540778	false	1.0
versklavung	neg 1.0		neg 0.5395715301378871 off 0.4199217337943271 __DUMMY__ 0.04050673606778577	false	1.0
schlecht	neg 1.0		neg 0.528017167352247 off 0.43105907261569343 __DUMMY__ 0.04092376003205966	false	1.0
verhasst	neg 1.0		neg 0.5352155032532405 off 0.42388131929055856 __DUMMY__ 0.04090317745620079	false	1.0
beschweren	neg 1.0		neg 0.5333954648993678 off 0.42563446999852494 __DUMMY__ 0.040970065102107114	false	1.0
scheiden	neg 1.0		neg 0.5302553342533279 off 0.42824947512656436 __DUMMY__ 0.041495190620107814	false	1.0
frustriert	neg 1.0		neg 0.5366466022065547 off 0.42228520271530146 __DUMMY__ 0.04106819507814383	false	1.0
schimmelig	neg 1.0		neg 0.5397022458758494 off 0.4191778039078572 __DUMMY__ 0.04111995021629346	false	1.0
fisch	neg 1.0		neg 0.5379539289939842 off 0.42057853121708133 __DUMMY__ 0.04146753978893458	false	1.0
schmuggel	neg 1.0		neg 0.5399903861083251 off 0.4186992557245704 __DUMMY__ 0.04131035816710449	false	1.0
auffallen	neg 1.0		neg 0.532584786461911 off 0.4264601037705391 __DUMMY__ 0.04095510976754989	false	1.0
konkurrenz	neg 1.0	neg 1.0	neg 0.758470157171716 off 0.2218486826717416 __DUMMY__ 0.019681160156542345	false	1.0
teufelskreis	neg 1.0	neg 1.0	neg 0.7561517112700582 off 0.22435575499860458 __DUMMY__ 0.01949253373133722	false	1.0
aufschreien	neg 1.0		neg 0.5338845751871324 off 0.4252731746214516 __DUMMY__ 0.04084225019141587	false	1.0
schuldner	neg 1.0		neg 0.542200029610203 off 0.41673720858832114 __DUMMY__ 0.04106276180147601	false	1.0
missgeburt	off 1.0	off 1.0	off 0.7005955283298559 neg 0.2801667030558426 __DUMMY__ 0.019237768614301466	false	1.0
arbeitslos	neg 1.0		neg 0.5396871220613424 off 0.41942272831427324 __DUMMY__ 0.0408901496243844	false	1.0
befallen	neg 1.0		neg 0.5401358792004506 off 0.4190593333776195 __DUMMY__ 0.04080478742192985	false	1.0
miesepetrig	off 1.0	off 1.0	off 0.6993195977036615 neg 0.28119412383739073 __DUMMY__ 0.019486278458947827	false	1.0
alarmieren	neg 1.0		neg 0.5342284937406069 off 0.4252166241713775 __DUMMY__ 0.04055488208801565	false	1.0
ungeduscht	off 1.0		neg 0.530508617075181 off 0.4284968047736417 __DUMMY__ 0.040994578151177366	false	0.5
knappheit	neg 1.0		neg 0.5427514299256195 off 0.4164352912089717 __DUMMY__ 0.04081327886540871	false	1.0
schlange	neg 1.0		neg 0.5307280057603698 off 0.42802286460062605 __DUMMY__ 0.04124912963900421	false	1.0
harsch	neg 1.0		neg 0.5240410071540047 off 0.4351615751443086 __DUMMY__ 0.040797417701686704	false	1.0
lang	neg 1.0		neg 0.535574875203796 off 0.42344103403226613 __DUMMY__ 0.040984090763938	false	1.0
ziellos	neg 1.0		neg 0.5367363413367562 off 0.4220202235767148 __DUMMY__ 0.04124343508652908	false	1.0
selbstverliebt	neg 1.0		neg 0.5208217925489019 off 0.43902956800231596 __DUMMY__ 0.040148639448782004	false	1.0
beseitigen	neg 1.0	neg 1.0	neg 0.7549740207138567 off 0.22538380921931372 __DUMMY__ 0.019642170066829442	false	1.0
dumm	off 1.0		neg 0.523753756884317 off 0.43575844159071014 __DUMMY__ 0.04048780152497278	false	0.5
arbeitsloser	neg 1.0		neg 0.5389448020359692 off 0.41996500114078056 __DUMMY__ 0.04109019682325022	false	1.0
blitzen	neg 1.0		neg 0.5331516196017024 off 0.4260145369404209 __DUMMY__ 0.04083384345787662	false	1.0
hilflos	neg 1.0		neg 0.5370784005509018 off 0.42183447665615603 __DUMMY__ 0.041087122792942056	false	1.0
eklig	off 1.0		neg 0.5231007188878917 off 0.4364348639325419 __DUMMY__ 0.04046441717956629	false	0.5
begriff			neg 0.5384695915417863 off 0.4206362607542542 __DUMMY__ 0.040894147703959514	false	0.0
hungersnot	neg 1.0		neg 0.5393629170195523 off 0.4197275878971276 __DUMMY__ 0.04090949508332017	false	1.0
ungesetzlich	neg 1.0		neg 0.5388914027260726 off 0.4206826485455909 __DUMMY__ 0.04042594872833648	false	1.0
verschwendung	neg 1.0		neg 0.5407046309363563 off 0.4182134739539306 __DUMMY__ 0.04108189510971317	false	1.0
schmerzvoll	neg 1.0		neg 0.5332646505780779 off 0.42574614325938054 __DUMMY__ 0.04098920616254152	false	1.0
vorzeitig	neg 1.0		neg 0.5315895754926154 off 0.42741732941265204 __DUMMY__ 0.040993095094732625	false	1.0
unvollkommenheit	neg 1.0		neg 0.5363468406650698 off 0.42236904206833475 __DUMMY__ 0.04128411726659555	false	1.0
intervenieren	neg 1.0		neg 0.5439601313838707 off 0.41522872492258833 __DUMMY__ 0.04081114369354093	false	1.0
banause	off 1.0		neg 0.5223519205002924 off 0.4373881695332361 __DUMMY__ 0.0402599099664713	false	0.5
rebell	neg 1.0		neg 0.5448238600191245 off 0.41405084654725316 __DUMMY__ 0.04112529343362242	false	1.0
unlogisch	neg 1.0		neg 0.5272109822336192 off 0.43213600495656923 __DUMMY__ 0.04065301280981166	false	1.0
leiden	neg 1.0		neg 0.535259776062328 off 0.4230581229935358 __DUMMY__ 0.04168210094413627	false	1.0
abschaffung	neg 1.0		neg 0.5387656432480903 off 0.42058773389861953 __DUMMY__ 0.040646622853290175	false	1.0
sturz	neg 1.0		neg 0.5358337281750958 off 0.4231497972805778 __DUMMY__ 0.04101647454432636	false	1.0
verkleinerung	neg 1.0		neg 0.5375574655660936 off 0.42202445578289677 __DUMMY__ 0.040418078651009576	false	1.0
schmarotzer	off 1.0		neg 0.5403497659674634 off 0.41880914904899624 __DUMMY__ 0.04084108498354017	false	0.5
bestrafung	neg 1.0		neg 0.5346053414800814 off 0.4244696286716939 __DUMMY__ 0.040925029848224645	false	1.0
achtlos	neg 1.0		neg 0.5341285803434491 off 0.4246903671870667 __DUMMY__ 0.04118105246948421	false	1.0
ungeheuer	neg 1.0		neg 0.5300494473179594 off 0.4288226547782479 __DUMMY__ 0.04112789790379283	false	1.0
unaufrichtig	neg 1.0		neg 0.5363244776055008 off 0.4230313101785312 __DUMMY__ 0.040644212215968	false	1.0
groggy	neg 1.0		neg 0.534570555636114 off 0.4246673634655986 __DUMMY__ 0.04076208089828742	false	1.0
