unsolidarisch	neg 1.0		__DUMMY__ 0.4566269005988416 neg 0.3080853474259908 off 0.2352877519751676	false	1.0
nachteilig	neg 1.0		__DUMMY__ 0.4615227796537866 neg 0.3063759064864228 off 0.2321013138597906	false	1.0
skeptisch	neg 1.0		__DUMMY__ 0.46259059934387564 neg 0.30578681364839444 off 0.23162258700772984	false	1.0
schrecklich	neg 1.0		__DUMMY__ 0.4594991963623589 neg 0.2916326193380752 off 0.2488681842995659	false	1.0
schlapp	neg 1.0	neg 1.0	neg 0.637114785584076 __DUMMY__ 0.22430125528974115 off 0.1385839591261828	false	1.0
abfall	neg 1.0		__DUMMY__ 0.4638412659270462 neg 0.30742975694903685 off 0.22872897712391702	false	1.0
widerspenstig	neg 1.0		__DUMMY__ 0.4625187302896742 neg 0.2996083400067673 off 0.23787292970355853	false	1.0
abrupt	neg 1.0		__DUMMY__ 0.4661089681734791 neg 0.3003636849663804 off 0.23352734686014046	false	1.0
unwirksam	neg 1.0		__DUMMY__ 0.4578202462139366 neg 0.30646433768085685 off 0.23571541610520652	false	1.0
angreifen	neg 1.0	neg 1.0	neg 0.6436035781603018 __DUMMY__ 0.22466175260788968 off 0.13173466923180863	false	1.0
inkonsistent	neg 1.0		__DUMMY__ 0.4609209994466765 neg 0.3009359801776907 off 0.2381430203756328	false	1.0
abrutschen	neg 1.0		__DUMMY__ 0.46402208935205214 neg 0.306718717056165 off 0.2292591935917828	false	1.0
unsicher	neg 1.0		__DUMMY__ 0.4628298628297214 neg 0.2990902114827061 off 0.23807992568757252	false	1.0
bauernkind	off 1.0	off 1.0	off 0.6102710836797143 __DUMMY__ 0.22068672594342426 neg 0.16904219037686138	false	1.0
angreifer	neg 1.0		__DUMMY__ 0.46262226607573015 neg 0.29799702148267465 off 0.2393807124415953	false	1.0
trennen	neg 1.0		__DUMMY__ 0.46730017894871284 neg 0.29821213912167976 off 0.23448768192960742	false	1.0
schmutz	neg 1.0		__DUMMY__ 0.4636743130062728 neg 0.29629564117357543 off 0.24003004582015183	false	1.0
inkonsistenz	neg 1.0		__DUMMY__ 0.45816565633421474 neg 0.30038316815018257 off 0.24145117551560272	false	1.0
erschreckend	neg 1.0		__DUMMY__ 0.4617171079257781 neg 0.30203021761758003 off 0.23625267445664191	false	1.0
ertrinken	neg 1.0		__DUMMY__ 0.46426220370023674 neg 0.30162594841888185 off 0.23411184788088144	false	1.0
pickelface	off 1.0		__DUMMY__ 0.46121625677974526 neg 0.30405721522433954 off 0.23472652799591537	false	0.5
seiner			__DUMMY__ 0.4643561760012047 neg 0.3027795986102038 off 0.23286422538859136	false	0.0
lauch	neg 1.0		__DUMMY__ 0.46178473916934065 neg 0.30986683644989554 off 0.22834842438076372	false	1.0
unwichtig	neg 1.0		__DUMMY__ 0.4598066351804061 neg 0.29727061286772555 off 0.2429227519518683	false	1.0
steuerhinterziehung	neg 1.0		__DUMMY__ 0.45904495263828593 neg 0.3068357256020813 off 0.23411932175963276	false	1.0
schock	neg 1.0		__DUMMY__ 0.46498063569133 neg 0.29734220484526447 off 0.23767715946340548	false	1.0
beule	neg 1.0		__DUMMY__ 0.46130639504818544 neg 0.2945913456966664 off 0.2441022592551482	false	1.0
vergelten	neg 1.0		__DUMMY__ 0.46142235498629414 neg 0.29098508886165514 off 0.24759255615205075	false	1.0
verdorbenheit	neg 1.0		__DUMMY__ 0.4625305604692142 neg 0.3004043391994103 off 0.23706510033137554	false	1.0
trauma	neg 1.0		__DUMMY__ 0.4613180729467396 neg 0.3000746267601348 off 0.23860730029312566	false	1.0
sinnlos	neg 1.0		__DUMMY__ 0.46204058287633004 neg 0.29730449706419737 off 0.24065492005947253	false	1.0
fettsack	off 1.0	off 1.0	off 0.6118268421907839 __DUMMY__ 0.2215366995889732 neg 0.16663645822024298	false	1.0
feige	off 1.0	off 1.0	off 0.608194426345014 __DUMMY__ 0.2223054791016742 neg 0.16950009455331186	false	1.0
abdanken	neg 1.0		__DUMMY__ 0.45987090087115673 neg 0.3045158061188167 off 0.2356132930100267	false	1.0
wichtigtuer	off 1.0	off 1.0	off 0.6064193408835572 __DUMMY__ 0.2233031077539435 neg 0.17027755136249928	false	1.0
misslingen	neg 1.0		__DUMMY__ 0.46598846776336256 neg 0.2938039692412819 off 0.24020756299535556	false	1.0
untreu	off 1.0		__DUMMY__ 0.45922708054964895 neg 0.2965423587646117 off 0.24423056068573934	false	0.5
missmutig	neg 1.0		__DUMMY__ 0.4613001944499512 neg 0.2951417248566243 off 0.2435580806934245	false	1.0
hurenbock	off 1.0		__DUMMY__ 0.46264430426028585 neg 0.29793899879215013 off 0.23941669694756396	false	0.5
betrunken	neg 1.0		__DUMMY__ 0.4617135886002901 neg 0.2912609038449149 off 0.24702550755479502	false	1.0
korrupt	off 1.0		__DUMMY__ 0.45813942350161535 neg 0.3088128834673846 off 0.23304769303099987	false	0.5
unmut	neg 1.0		__DUMMY__ 0.46317490072668593 neg 0.3081405437896039 off 0.22868455548371017	false	1.0
hackfresse	off 1.0		__DUMMY__ 0.456751290115457 neg 0.29113955528711094 off 0.25210915459743216	false	0.5
aufblasen	neg 1.0		__DUMMY__ 0.46329213612953724 neg 0.29681423857505135 off 0.23989362529541153	false	1.0
gewaltsam	neg 1.0		__DUMMY__ 0.4617337310169263 neg 0.3020174847813441 off 0.23624878420172965	false	1.0
unbeliebtheit	neg 1.0		__DUMMY__ 0.4550932757855962 neg 0.3044866794371775 off 0.24042004477722628	false	1.0
sturheit	neg 1.0		__DUMMY__ 0.4613341504154101 neg 0.3025920447587063 off 0.2360738048258835	false	1.0
kuh	neg 1.0		__DUMMY__ 0.4590658409031053 neg 0.3038512329356936 off 0.23708292616120114	false	1.0
erschrecken	neg 1.0		__DUMMY__ 0.46177613112580723 neg 0.29536756147345083 off 0.24285630740074204	false	1.0
opfer	neg 1.0		__DUMMY__ 0.4633808835604292 neg 0.30273165383511436 off 0.2338874626044564	false	1.0
sinken	neg 1.0		__DUMMY__ 0.4645562894691778 neg 0.30553205900224306 off 0.2299116515285792	false	1.0
stinktier	neg 1.0		__DUMMY__ 0.45673873213771665 neg 0.2949086831998519 off 0.24835258466243135	false	1.0
tucke	off 1.0		__DUMMY__ 0.453278205758836 neg 0.2954147924300052 off 0.2513070018111588	false	0.5
ein			__DUMMY__ 0.4638413590999923 neg 0.29688417157370933 off 0.23927446932629828	false	0.0
abstieg	neg 1.0		__DUMMY__ 0.4648789634523079 neg 0.3018414664058819 off 0.2332795701418102	false	1.0
missverstehen	neg 1.0		__DUMMY__ 0.45964559491304013 neg 0.3003021788853709 off 0.24005222620158895	false	1.0
ergebnislos	neg 1.0		__DUMMY__ 0.4628551494672744 neg 0.3047569590626466 off 0.23238789147007904	false	1.0
unter			__DUMMY__ 0.4696940798490144 neg 0.3044423302387863 off 0.22586358991219938	false	0.0
manipulieren	neg 1.0		__DUMMY__ 0.46287069980290557 neg 0.3052978968808151 off 0.23183140331627933	false	1.0
unbewiesen	neg 1.0		__DUMMY__ 0.45601400222952265 neg 0.3086001767800066 off 0.2353858209904706	false	1.0
verschleppen	neg 1.0		__DUMMY__ 0.46179898250892065 neg 0.30424775059482506 off 0.23395326689625442	false	1.0
weib	off 1.0		__DUMMY__ 0.45608171493310706 neg 0.29218038537847724 off 0.25173789968841576	false	0.5
opposition	neg 1.0		__DUMMY__ 0.45917518095984317 neg 0.30221913670276856 off 0.23860568233738833	false	1.0
verkehrswidrig	neg 1.0	neg 1.0	neg 0.6312850221296568 __DUMMY__ 0.22678113990723334 off 0.14193383796310996	false	1.0
inkorrekt	neg 1.0		__DUMMY__ 0.45586060549797947 neg 0.2997372311221197 off 0.24440216337990095	false	1.0
vermeiden	neg 1.0		__DUMMY__ 0.4666572092873355 neg 0.3058513039366291 off 0.22749148677603534	false	1.0
abweichung	neg 1.0	neg 1.0	neg 0.6424895520729045 __DUMMY__ 0.2250898788100323 off 0.13242056911706318	false	1.0
alkoholisiert	neg 1.0		__DUMMY__ 0.46987983680462575 neg 0.29554915980997587 off 0.23457100338539832	false	1.0
scheiss	off 1.0	off 1.0	off 0.6087979283578226 __DUMMY__ 0.2235704886825191 neg 0.16763158295965822	false	1.0
herausforderung	neg 1.0	neg 1.0	neg 0.6387122172222167 __DUMMY__ 0.22827351441370425 off 0.13301426836407904	false	1.0
pervers	off 1.0		__DUMMY__ 0.4554994628280013 neg 0.2890033188519894 off 0.2554972183200093	false	0.5
wackelig	neg 1.0		__DUMMY__ 0.466658074727117 neg 0.2969706929957715 off 0.23637123227711154	false	1.0
verwickeln	neg 1.0		__DUMMY__ 0.4600475450185993 neg 0.2998613356626303 off 0.24009111931877036	false	1.0
vorwand	neg 1.0		__DUMMY__ 0.4629443594793163 neg 0.3061831389213556 off 0.230872501599328	false	1.0
muschi	off 1.0		__DUMMY__ 0.4616994212564697 neg 0.3028228333966904 off 0.2354777453468399	false	0.5
entmutigung	neg 1.0		__DUMMY__ 0.45822704343982695 neg 0.3039136837418537 off 0.23785927281831934	false	1.0
unangemessen	neg 1.0		__DUMMY__ 0.46076382206135214 neg 0.30444450764052533 off 0.23479167029812245	false	1.0
unstetig	neg 1.0		__DUMMY__ 0.4612863711905564 neg 0.300375432032427 off 0.23833819677701665	false	1.0
entmutigen	neg 1.0		__DUMMY__ 0.46228313107387337 neg 0.29820432802797653 off 0.23951254089815002	false	1.0
schwanz	neg 1.0		__DUMMY__ 0.46294099746410344 neg 0.3049936399842237 off 0.2320653625516729	false	1.0
verbot	neg 1.0		__DUMMY__ 0.4594446147758311 neg 0.30743287297675864 off 0.23312251224741032	false	1.0
leid	neg 1.0		__DUMMY__ 0.45875384235625133 neg 0.29128224788531726 off 0.24996390975843147	false	1.0
archaisch	neg 1.0		__DUMMY__ 0.4624726856478045 neg 0.30225262868906594 off 0.23527468566312945	false	1.0
gegen			__DUMMY__ 0.4647126119514913 neg 0.30461443556338397 off 0.23067295248512487	false	0.0
scheidung	neg 1.0		__DUMMY__ 0.45573252646270646 neg 0.284554089595962 off 0.2597133839413315	false	1.0
einschlag	neg 1.0	neg 1.0	neg 0.6359118746166381 __DUMMY__ 0.22365123420046926 off 0.14043689118289263	false	1.0
m			__DUMMY__ 0.46377043330921297 neg 0.3007552501999563 off 0.2354743164908307	false	0.0
abgestanden	neg 1.0		__DUMMY__ 0.46176480961882327 neg 0.3000210300499047 off 0.23821416033127216	false	1.0
schmierig	off 1.0		__DUMMY__ 0.4589552725892108 neg 0.29164465654664024 off 0.24940007086414892	false	0.5
unpraktisch	neg 1.0		__DUMMY__ 0.4638676438694786 neg 0.2964904150872455 off 0.239641941043276	false	1.0
wixxer	off 1.0		__DUMMY__ 0.45466145699536126 neg 0.2904615902014771 off 0.25487695280316164	false	0.5
bezeichnet			__DUMMY__ 0.4611296097554855 neg 0.3020996959631005 off 0.23677069428141398	false	0.0
jammerlappen	off 1.0		__DUMMY__ 0.46002684991442466 neg 0.2967838987479663 off 0.24318925133760916	false	0.5
farce	neg 1.0		__DUMMY__ 0.45891686174585755 neg 0.3071418994046458 off 0.23394123884949664	false	1.0
zwecklos	neg 1.0		__DUMMY__ 0.46147235967221517 neg 0.3035108196451847 off 0.23501682068260019	false	1.0
turbulent	neg 1.0		__DUMMY__ 0.45867566593874776 neg 0.2981918586027671 off 0.2431324754584853	false	1.0
invasion	neg 1.0		__DUMMY__ 0.46188798878701953 neg 0.297432433373529 off 0.24067957783945154	false	1.0
schuld	neg 1.0		__DUMMY__ 0.4616406582147872 neg 0.29965494302665435 off 0.23870439875855845	false	1.0
risiko	neg 1.0		__DUMMY__ 0.4633040807881289 neg 0.2982813175256629 off 0.2384146016862083	false	1.0
finster	neg 1.0		__DUMMY__ 0.46305092920718105 neg 0.2977150512738112 off 0.2392340195190077	false	1.0
geisteskrank	off 1.0		__DUMMY__ 0.4580903785307192 neg 0.2973127218911468 off 0.24459689957813396	false	0.5
zusammenbrechen	neg 1.0		__DUMMY__ 0.4636480413131595 neg 0.2998378198950457 off 0.2365141387917948	false	1.0
ausbeute	neg 1.0		__DUMMY__ 0.46713125965112423 neg 0.29909439912626684 off 0.23377434122260893	false	1.0
hinterhalt	neg 1.0		__DUMMY__ 0.46410179008176095 neg 0.29998149994113316 off 0.23591670997710595	false	1.0
kritik	neg 1.0		__DUMMY__ 0.45931110195826885 neg 0.30680060609006127 off 0.23388829195167	false	1.0
einschrumpfen	neg 1.0		__DUMMY__ 0.45739467496101943 neg 0.30300050088814523 off 0.23960482415083525	false	1.0
riskant	neg 1.0		__DUMMY__ 0.4619578749606471 neg 0.3050052323175787 off 0.23303689272177422	false	1.0
frustrieren	neg 1.0		__DUMMY__ 0.46289012231347937 neg 0.3034385055732595 off 0.23367137211326117	false	1.0
groll	neg 1.0		__DUMMY__ 0.4626730894835294 neg 0.30220875258899516 off 0.23511815792747542	false	1.0
gibt			__DUMMY__ 0.4627786164595434 neg 0.3014831048339758 off 0.23573827870648076	false	0.0
qualvoll	neg 1.0		__DUMMY__ 0.4627057669538974 neg 0.2950865286141456 off 0.24220770443195694	false	1.0
wackeln	neg 1.0	neg 1.0	neg 0.6380067595297353 __DUMMY__ 0.22593981932471163 off 0.13605342114555302	false	1.0
klagen	neg 1.0		__DUMMY__ 0.4634983565671457 neg 0.3070819977212226 off 0.22941964571163168	false	1.0
bankrott	neg 1.0		__DUMMY__ 0.46120395700867467 neg 0.2965325110555794 off 0.24226353193574593	false	1.0
trauern	neg 1.0		__DUMMY__ 0.46491644856805686 neg 0.3008609404645103 off 0.234222610967433	false	1.0
ablehnung	neg 1.0		__DUMMY__ 0.45909933720263674 neg 0.3070380191899799 off 0.23386264360738335	false	1.0
stur	neg 1.0		__DUMMY__ 0.4610570898451171 neg 0.2997044427574394 off 0.2392384673974433	false	1.0
aufruhr	neg 1.0		__DUMMY__ 0.46156250346273814 neg 0.30235081695119537 off 0.2360866795860666	false	1.0
melancholie	neg 1.0		__DUMMY__ 0.4645022136435405 neg 0.3000430779112227 off 0.23545470844523683	false	1.0
ist			__DUMMY__ 0.461887399197181 neg 0.2982068582733757 off 0.2399057425294432	false	0.0
torheit	neg 1.0		__DUMMY__ 0.45973702086903284 neg 0.30254986571697223 off 0.2377131134139949	false	1.0
dreckskind	off 1.0		__DUMMY__ 0.4560656552386491 neg 0.2941123054171263 off 0.24982203934422464	false	0.5
umtauschen	neg 1.0		__DUMMY__ 0.4631580649445987 neg 0.2993562606780511 off 0.23748567437735016	false	1.0
zum			__DUMMY__ 0.47094827858798843 neg 0.29967872306021237 off 0.2293729983517993	false	0.0
zersetzen	neg 1.0		__DUMMY__ 0.4615768380544124 neg 0.3072253721375221 off 0.23119778980806546	false	1.0
zur			__DUMMY__ 0.46665273293593373 neg 0.3065473390429388 off 0.22679992802112747	false	0.0
frust	neg 1.0		__DUMMY__ 0.4636954986900359 neg 0.299974673185096 off 0.23632982812486814	false	1.0
unerbittlichkeit	neg 1.0		__DUMMY__ 0.4621967594610017 neg 0.3062025958426055 off 0.2316006446963929	false	1.0
zwei			__DUMMY__ 0.46907796239501814 neg 0.299624390997785 off 0.23129764660719704	false	0.0
unkorrekt	neg 1.0		__DUMMY__ 0.4565869640782689 neg 0.2979982197337059 off 0.24541481618802513	false	1.0
hexe	off 1.0		__DUMMY__ 0.46032429150739695 neg 0.29560116592229796 off 0.244074542570305	false	0.5
lasch	neg 1.0		__DUMMY__ 0.45907391811787707 neg 0.29963588353184095 off 0.241290198350282	false	1.0
rivale	neg 1.0		__DUMMY__ 0.4606935599946701 neg 0.2925049957139236 off 0.24680144429140635	false	1.0
mutlos	off 1.0	off 1.0	off 0.6021178491588581 __DUMMY__ 0.22372467844590108 neg 0.17415747239524088	false	1.0
wirr	off 1.0		__DUMMY__ 0.4569362275251292 neg 0.29718348301616304 off 0.24588028945870768	false	0.5
jahr			__DUMMY__ 0.46877927440438893 neg 0.29780839648255464 off 0.23341232911305643	false	0.0
wird			__DUMMY__ 0.4638278010241376 neg 0.30170632553304705 off 0.23446587344281528	false	0.0
strafbar	neg 1.0		__DUMMY__ 0.4613910911162718 neg 0.3056668103357297 off 0.2329420985479985	false	1.0
erosion	neg 1.0		__DUMMY__ 0.4631418401697032 neg 0.29806766736243234 off 0.23879049246786443	false	1.0
eingehen	neg 1.0		__DUMMY__ 0.46129766206602657 neg 0.304634411754327 off 0.23406792617964647	false	1.0
faul	off 1.0		__DUMMY__ 0.46168922103366333 neg 0.29548424952861 off 0.2428265294377266	false	0.5
provisorium	neg 1.0		__DUMMY__ 0.4677974905266765 neg 0.30746481194380415 off 0.2247376975295193	false	1.0
schmerzen	neg 1.0		__DUMMY__ 0.4628011334937713 neg 0.2993744907267656 off 0.2378243757794632	false	1.0
schrumpfen	neg 1.0		__DUMMY__ 0.4646379952210607 neg 0.3087913758825084 off 0.22657062889643098	false	1.0
geistlos	off 1.0		__DUMMY__ 0.45681638638796546 neg 0.3042401167234785 off 0.23894349688855612	false	0.5
fehlkauf	neg 1.0		__DUMMY__ 0.4604121675912858 neg 0.3003948444422183 off 0.23919298796649577	false	1.0
frustrierend	neg 1.0		__DUMMY__ 0.46232220556127634 neg 0.29479805751702937 off 0.24287973692169415	false	1.0
unzufrieden	neg 1.0		__DUMMY__ 0.4616300438750317 neg 0.30346900665742793 off 0.23490094946754048	false	1.0
verzweifeln	neg 1.0		__DUMMY__ 0.4627426719727372 neg 0.2998614021353535 off 0.2373959258919092	false	1.0
verzweifelt	neg 1.0		__DUMMY__ 0.4610658935395917 neg 0.2996231874919334 off 0.2393109189684749	false	1.0
misstrauensantrag	neg 1.0		__DUMMY__ 0.459676065293695 neg 0.3007308857555028 off 0.2395930489508022	false	1.0
abfallen	neg 1.0		__DUMMY__ 0.46432870946436994 neg 0.2954962186247609 off 0.2401750719108693	false	1.0
fucker	off 1.0		__DUMMY__ 0.45838629238050466 neg 0.2964259908262913 off 0.24518771679320425	false	0.5
ungezogen	neg 1.0		__DUMMY__ 0.4573774703771037 neg 0.2884777355543822 off 0.2541447940685141	false	1.0
irrsinnig	neg 1.0	neg 1.0	neg 0.6406497792451727 __DUMMY__ 0.2237261717703399 off 0.13562404898448738	false	1.0
unfassbar	neg 1.0		__DUMMY__ 0.4602215328488334 neg 0.2955699298566238 off 0.24420853729454275	false	1.0
hart	neg 1.0		__DUMMY__ 0.45953205635703476 neg 0.29946302819939735 off 0.24100491544356784	false	1.0
widerlich	off 1.0		__DUMMY__ 0.45813769784776476 neg 0.29733207514516835 off 0.24453022700706672	false	0.5
fatal	neg 1.0		__DUMMY__ 0.4605622437060751 neg 0.2997987397029263 off 0.23963901659099854	false	1.0
bruch	neg 1.0		__DUMMY__ 0.46278806696500185 neg 0.3078385341844022 off 0.22937339885059585	false	1.0
aushungern	neg 1.0		__DUMMY__ 0.45964149508737545 neg 0.3051523271185938 off 0.23520617779403066	false	1.0
anspannung	neg 1.0	neg 1.0	neg 0.6406815760143248 __DUMMY__ 0.22905566429882063 off 0.1302627596868546	false	1.0
von			__DUMMY__ 0.46784824218924315 neg 0.300002652439135 off 0.23214910537162187	false	0.0
kraftlos	neg 1.0		__DUMMY__ 0.4651012745079401 neg 0.29864696419775266 off 0.23625176129430717	false	1.0
vom			__DUMMY__ 0.47063625747359356 neg 0.30268911532107723 off 0.2266746272053291	false	0.0
grenzdebil	off 1.0		__DUMMY__ 0.46001892528669647 neg 0.29461558528947573 off 0.24536548942382785	false	0.5
vor			__DUMMY__ 0.46483583269023815 neg 0.3035502289634639 off 0.2316139383462979	false	0.0
unterwerfen	neg 1.0		__DUMMY__ 0.46310122787096214 neg 0.3034576786861328 off 0.233441093442905	false	1.0
versenkung	neg 1.0		__DUMMY__ 0.46280589377828535 neg 0.30425741705809106 off 0.23293668916362362	false	1.0
entziehen	neg 1.0		__DUMMY__ 0.4635219425432901 neg 0.3062243824304923 off 0.23025367502621763	false	1.0
finanzkrise	neg 1.0		__DUMMY__ 0.45825361389724373 neg 0.3069969090063598 off 0.23474947709639654	false	1.0
schimpfend	neg 1.0		__DUMMY__ 0.46515833740759205 neg 0.294653933821024 off 0.24018772877138395	false	1.0
profan	neg 1.0		__DUMMY__ 0.46097761413329075 neg 0.2980436649230881 off 0.240978720943621	false	1.0
korruption	neg 1.0	neg 1.0	neg 0.6447831495073322 __DUMMY__ 0.22286756907866107 off 0.13234928141400681	false	1.0
â			__DUMMY__ 0.46347132646514777 neg 0.3024983186002186 off 0.23403035493463348	false	0.0
schmutzig	neg 1.0		__DUMMY__ 0.46057338908342194 neg 0.294592443160878 off 0.2448341677557	false	1.0
sexy	neg 1.0		__DUMMY__ 0.4609319029157853 neg 0.2973907972185132 off 0.24167729986570163	false	1.0
abraten	neg 1.0		__DUMMY__ 0.46143277773787866 neg 0.29868469924959723 off 0.23988252301252422	false	1.0
schwarz	neg 1.0		__DUMMY__ 0.4608531842401426 neg 0.3001165024581192 off 0.2390303133017381	false	1.0
fotze	off 1.0		__DUMMY__ 0.4619916925703906 neg 0.30507430647222517 off 0.23293400095738417	false	0.5
verwirren	neg 1.0		__DUMMY__ 0.4611492869465686 neg 0.29753610098731265 off 0.24131461206611884	false	1.0
zahnlos	off 1.0		__DUMMY__ 0.4611942829773155 neg 0.30405268813828695 off 0.23475302888439756	false	0.5
verheeren	neg 1.0		__DUMMY__ 0.45686895610081035 neg 0.2881842022748609 off 0.25494684162432885	false	1.0
hippie	neg 1.0		__DUMMY__ 0.4604836870965002 neg 0.29863721406090926 off 0.2408790988425906	false	1.0
rammen	neg 1.0		__DUMMY__ 0.46029934484275353 neg 0.30186325339754966 off 0.23783740175969675	false	1.0
unlauter	neg 1.0		__DUMMY__ 0.45768662283031836 neg 0.305723903038662 off 0.2365894741310197	false	1.0
unheilvoll	neg 1.0		__DUMMY__ 0.46355086055692113 neg 0.29526103618089194 off 0.24118810326218704	false	1.0
niedrig	neg 1.0		__DUMMY__ 0.4628317093744546 neg 0.3050757510853823 off 0.23209253954016307	false	1.0
explosion	neg 1.0		__DUMMY__ 0.46036472002749534 neg 0.29947282748953274 off 0.2401624524829719	false	1.0
weichei	off 1.0		__DUMMY__ 0.45677775786052704 neg 0.292997611134824 off 0.2502246310046488	false	0.5
minusmensch	off 1.0		__DUMMY__ 0.4518789801382845 neg 0.29536826678779715 off 0.25275275307391837	false	0.5
farblos	neg 1.0		__DUMMY__ 0.46584469949757085 neg 0.2965194168660774 off 0.23763588363635166	false	1.0
unwissend	neg 1.0	neg 1.0	neg 0.6384099864453866 __DUMMY__ 0.22312875938461066 off 0.13846125417000263	false	1.0
traurig	neg 1.0		__DUMMY__ 0.4600936000774789 neg 0.29209501435949997 off 0.24781138556302112	false	1.0
senkung	neg 1.0		__DUMMY__ 0.45866889137796985 neg 0.3015163734437279 off 0.23981473517830237	false	1.0
ungleich	neg 1.0	neg 1.0	neg 0.6442946192506835 __DUMMY__ 0.22382770888070128 off 0.1318776718686153	false	1.0
heikel	neg 1.0		__DUMMY__ 0.4620852254809085 neg 0.3062732473940555 off 0.23164152712503608	false	1.0
drosselung	neg 1.0		__DUMMY__ 0.46006802794415 neg 0.29529555502238103 off 0.24463641703346883	false	1.0
falsch	neg 1.0		__DUMMY__ 0.4608317367919891 neg 0.29655770073135346 off 0.24261056247665758	false	1.0
unzufriedenheit	neg 1.0		__DUMMY__ 0.4628322856994603 neg 0.3059718476182245 off 0.2311958666823153	false	1.0
kurz	neg 1.0		__DUMMY__ 0.4653976994125792 neg 0.2976194221059801 off 0.23698287848144076	false	1.0
unsinnig	neg 1.0		__DUMMY__ 0.46034230486486344 neg 0.3045953262538752 off 0.2350623688812613	false	1.0
penner	off 1.0	off 1.0	off 0.6135954602085355 __DUMMY__ 0.22139357055767336 neg 0.16501096923379102	false	1.0
seicht	neg 1.0		__DUMMY__ 0.4546166896673523 neg 0.2924283077904773 off 0.25295500254217024	false	1.0
dummheit	off 1.0	off 1.0	off 0.6064859837757213 __DUMMY__ 0.2228460558503233 neg 0.1706679603739554	false	1.0
unerfreulich	neg 1.0		__DUMMY__ 0.46387445574419145 neg 0.30498674861920544 off 0.23113879563660308	false	1.0
motherfucker	off 1.0	off 1.0	off 0.6091731581340416 __DUMMY__ 0.2219639869756688 neg 0.16886285489028954	false	1.0
pikiert	neg 1.0		__DUMMY__ 0.45811259402131926 neg 0.2987397875757832 off 0.24314761840289761	false	1.0
wrack	neg 1.0		__DUMMY__ 0.46639496008869985 neg 0.2993438022303368 off 0.23426123768096332	false	1.0
gangster	neg 1.0		__DUMMY__ 0.4610783895023202 neg 0.2982802775023874 off 0.2406413329952924	false	1.0
krank	neg 1.0		__DUMMY__ 0.4614758722168981 neg 0.2923427324114474 off 0.24618139537165445	false	1.0
reich	neg 1.0		__DUMMY__ 0.459371879895204 neg 0.29864713383973385 off 0.241980986265062	false	1.0
gnadenlos	neg 1.0		__DUMMY__ 0.4619270673236026 neg 0.29926142017110896 off 0.23881151250528862	false	1.0
niedergeschlagen	neg 1.0		__DUMMY__ 0.46396033033664114 neg 0.2992977960287902 off 0.23674187363456864	false	1.0
terrorisieren	off 1.0	off 1.0	off 0.6027940017763367 __DUMMY__ 0.22482396267507015 neg 0.1723820355485931	false	1.0
sinnlosigkeit	neg 1.0		__DUMMY__ 0.46214752770530687 neg 0.302547227802917 off 0.2353052444917761	false	1.0
behindern	neg 1.0		__DUMMY__ 0.4611978619149808 neg 0.30246332285453315 off 0.23633881523048608	false	1.0
undemokratisch	neg 1.0		__DUMMY__ 0.4583496409055837 neg 0.3044663089728736 off 0.2371840501215427	false	1.0
wirtschaftskrise	neg 1.0		__DUMMY__ 0.4604732277210536 neg 0.30670578213994665 off 0.23282099013899984	false	1.0
neid	neg 1.0		__DUMMY__ 0.46381913170943123 neg 0.29167909024174743 off 0.2445017780488214	false	1.0
rutschen	neg 1.0	neg 1.0	neg 0.6398495200691446 __DUMMY__ 0.2287048514936128 off 0.13144562843724253	false	1.0
rezession	neg 1.0		__DUMMY__ 0.45476791000254047 neg 0.29868051737460766 off 0.24655157262285193	false	1.0
fehlgeburt	neg 1.0		__DUMMY__ 0.4629544830137025 neg 0.2965358371296839 off 0.2405096798566136	false	1.0
charakterschwach	off 1.0		__DUMMY__ 0.45911118258629824 neg 0.2964213283396186 off 0.24446748907408303	false	0.5
isolation	neg 1.0		__DUMMY__ 0.46218498753334464 neg 0.2950423577654102 off 0.24277265470124512	false	1.0
ablenkung	neg 1.0		__DUMMY__ 0.4626731347330229 neg 0.29895857966123407 off 0.23836828560574294	false	1.0
pech	neg 1.0		__DUMMY__ 0.4619231313573494 neg 0.29554693069248783 off 0.24252993795016264	false	1.0
vermeidung	neg 1.0		__DUMMY__ 0.45835435672764435 neg 0.2972841791789997 off 0.24436146409335596	false	1.0
dominieren	neg 1.0		__DUMMY__ 0.4657751869153669 neg 0.29940619130458396 off 0.234818621780049	false	1.0
schwindlig	neg 1.0		__DUMMY__ 0.4640950778746124 neg 0.29428321208067276 off 0.24162171004471475	false	1.0
lutscher	neg 1.0	neg 1.0	neg 0.6352585819493973 __DUMMY__ 0.22049789240919657 off 0.14424352564140613	false	1.0
pflicht	neg 1.0		__DUMMY__ 0.4628212021988058 neg 0.3054184800850135 off 0.23176031771618072	false	1.0
faschist	off 1.0		__DUMMY__ 0.4580509063906694 neg 0.30213123293702354 off 0.23981786067230698	false	0.5
verschleudern	neg 1.0		__DUMMY__ 0.45891933882331365 neg 0.3097894117970421 off 0.2312912493796443	false	1.0
wenn			__DUMMY__ 0.46094601895281645 neg 0.29612261302571424 off 0.2429313680214694	false	0.0
ehebruch	neg 1.0		__DUMMY__ 0.4615678476608997 neg 0.3049446027939619 off 0.23348754954513834	false	1.0
spott	off 1.0		__DUMMY__ 0.461055180029709 neg 0.30631310045691096 off 0.23263171951338	false	0.5
trostlosigkeit	neg 1.0		__DUMMY__ 0.46348967007117103 neg 0.30602769665722 off 0.23048263327160892	false	1.0
lutschen	neg 1.0		__DUMMY__ 0.45918054696382793 neg 0.3011292379247173 off 0.23969021511145477	false	1.0
undiszipliniert	neg 1.0		__DUMMY__ 0.45990151876036756 neg 0.29347795196763626 off 0.2466205292719962	false	1.0
kopfschmerz	neg 1.0		__DUMMY__ 0.46427239320436653 neg 0.2990676886662339 off 0.23665991812939954	false	1.0
unvorhergesehen	neg 1.0		__DUMMY__ 0.46721352761960255 neg 0.29782718347334536 off 0.234959288907052	false	1.0
desinteressiert	neg 1.0		__DUMMY__ 0.45881977427697906 neg 0.2951317511736043 off 0.24604847454941658	false	1.0
armselig	off 1.0		__DUMMY__ 0.45696900110601624 neg 0.29649074090588307 off 0.24654025798810061	false	0.5
desaster	neg 1.0		__DUMMY__ 0.4627966460877023 neg 0.3084764515812116 off 0.22872690233108603	false	1.0
tod	neg 1.0		__DUMMY__ 0.4636669021974359 neg 0.3022635235039791 off 0.23406957429858502	false	1.0
herzlos	neg 1.0		__DUMMY__ 0.4582008531958241 neg 0.2941600430833833 off 0.24763910372079276	false	1.0
unwissenheit	neg 1.0		__DUMMY__ 0.4602101563223894 neg 0.3055725444617608 off 0.23421729921584983	false	1.0
widersinnig	neg 1.0	neg 1.0	neg 0.6444472752045572 __DUMMY__ 0.222540715482295 off 0.1330120093131478	false	1.0
bedenklich	neg 1.0		__DUMMY__ 0.4616499210229445 neg 0.3050727115142942 off 0.2332773674627612	false	1.0
beanstanden	neg 1.0		__DUMMY__ 0.4631227909840757 neg 0.3058022419607687 off 0.23107496705515557	false	1.0
panisch	neg 1.0	neg 1.0	neg 0.6359365876573706 __DUMMY__ 0.2263368669248062 off 0.13772654541782328	false	1.0
debil	off 1.0		__DUMMY__ 0.46530496718423464 neg 0.30900147395924304 off 0.22569355885652226	false	0.5
abstrich	neg 1.0		__DUMMY__ 0.4620554307821093 neg 0.3042274636593076 off 0.2337171055585831	false	1.0
primitiv	neg 1.0		__DUMMY__ 0.45814532445983963 neg 0.29679405261619257 off 0.2450606229239678	false	1.0
abschaum	off 1.0	off 1.0	off 0.6080206611533625 __DUMMY__ 0.22280367085923544 neg 0.16917566798740202	false	1.0
provozieren	neg 1.0		__DUMMY__ 0.4608805245382036 neg 0.3009291974427391 off 0.23819027801905718	false	1.0
tot	neg 1.0		__DUMMY__ 0.46343770103672166 neg 0.3031613987866873 off 0.233400900176591	false	1.0
instabil	neg 1.0		__DUMMY__ 0.45653743665986807 neg 0.29937874552730226 off 0.24408381781282967	false	1.0
schwuchtel	off 1.0		__DUMMY__ 0.452242478021028 neg 0.28931013072469913 off 0.25844739125427285	false	0.5
zerren	neg 1.0		__DUMMY__ 0.4641318707384225 neg 0.2989056957200264 off 0.23696243354155108	false	1.0
kinderficker	off 1.0		__DUMMY__ 0.45588533019312844 neg 0.2949645525436366 off 0.24915011726323488	false	0.5
gefahr	neg 1.0		__DUMMY__ 0.4629789641844537 neg 0.30571235527679474 off 0.23130868053875162	false	1.0
rabiat	neg 1.0		__DUMMY__ 0.4608045354995258 neg 0.3018861861012168 off 0.23730927839925736	false	1.0
verlangsamung	neg 1.0		__DUMMY__ 0.4552853098694038 neg 0.29374707901569425 off 0.250967611114902	false	1.0
ausgestorben	neg 1.0		__DUMMY__ 0.46347766617901365 neg 0.2989547061073251 off 0.23756762771366127	false	1.0
anklagen	neg 1.0		__DUMMY__ 0.46066594780813175 neg 0.3044490068016367 off 0.23488504539023147	false	1.0
trott	neg 1.0		__DUMMY__ 0.4627459105894795 neg 0.3000602573864717 off 0.23719383202404878	false	1.0
verminderung	neg 1.0		__DUMMY__ 0.45893152046214414 neg 0.2954578100708621 off 0.24561066946699375	false	1.0
nach			__DUMMY__ 0.46999859481899503 neg 0.300537717841455 off 0.22946368733954992	false	0.0
rost	neg 1.0		__DUMMY__ 0.4572114838100576 neg 0.29261653553150513 off 0.2501719806584374	false	1.0
destruktiv	neg 1.0		__DUMMY__ 0.45965081314678213 neg 0.30403532177834086 off 0.23631386507487687	false	1.0
unzumutbarkeit	neg 1.0		__DUMMY__ 0.46127794450035803 neg 0.2953839504441587 off 0.24333810505548342	false	1.0
labil	off 1.0	off 1.0	off 0.6079070596179913 __DUMMY__ 0.22275957154490061 neg 0.16933336883710814	false	1.0
ziemlich	neg 1.0		__DUMMY__ 0.4612895723964729 neg 0.2935818492889381 off 0.24512857831458912	false	1.0
lachnummer	off 1.0		__DUMMY__ 0.4611851608396381 neg 0.30162957454514877 off 0.2371852646152132	false	0.5
oder			__DUMMY__ 0.4637642513616255 neg 0.29747821655553225 off 0.23875753208284223	false	0.0
verfall	neg 1.0		__DUMMY__ 0.46363571148378646 neg 0.3102127835735148 off 0.22615150494269867	false	1.0
ausgrenzung	neg 1.0		__DUMMY__ 0.45758658028211696 neg 0.30466135668977085 off 0.2377520630281122	false	1.0
unordnung	neg 1.0		__DUMMY__ 0.46074448882435365 neg 0.2952355989257084 off 0.2440199122499379	false	1.0
fehlverhalten	neg 1.0		__DUMMY__ 0.46177452447371037 neg 0.30652890411146233 off 0.23169657141482722	false	1.0
eine			__DUMMY__ 0.464048184528328 neg 0.3041759009453245 off 0.23177591452634752	false	0.0
nille	neg 1.0		__DUMMY__ 0.46193405815517957 neg 0.30193585791963673 off 0.23613008392518361	false	1.0
qual	neg 1.0		__DUMMY__ 0.46240439856221294 neg 0.3007805161470519 off 0.2368150852907352	false	1.0
verschwenden	neg 1.0		__DUMMY__ 0.4618454782489127 neg 0.3042374633019037 off 0.2339170584491835	false	1.0
riesig	neg 1.0	neg 1.0	neg 0.6411494035979707 __DUMMY__ 0.22576164437196755 off 0.13308895203006182	false	1.0
verurteilen	neg 1.0		__DUMMY__ 0.4608463549768684 neg 0.3047152510034791 off 0.23443839401965255	false	1.0
klischee	neg 1.0	neg 1.0	neg 0.6402473128357167 __DUMMY__ 0.22266857441354038 off 0.13708411275074295	false	1.0
diktatorisch	neg 1.0		__DUMMY__ 0.456888366471936 neg 0.3058333301274753 off 0.2372783034005887	false	1.0
vorhersehbar	neg 1.0	neg 1.0	neg 0.6400190081725041 __DUMMY__ 0.22318312448257824 off 0.13679786734491764	false	1.0
sowie			__DUMMY__ 0.45615282617777186 neg 0.29471742164891235 off 0.2491297521733157	false	0.0
stornieren	neg 1.0		__DUMMY__ 0.46626812083077995 neg 0.2935361051255608 off 0.24019577404365927	false	1.0
besteuerung	neg 1.0		__DUMMY__ 0.45846282469384536 neg 0.3045093852970692 off 0.23702779000908544	false	1.0
ungeschminkt	neg 1.0		__DUMMY__ 0.4584797485158564 neg 0.2972949293684943 off 0.24422532211564932	false	1.0
kritisch	neg 1.0		__DUMMY__ 0.462074282441967 neg 0.3047260659578004 off 0.2331996516002326	false	1.0
schlamperei	off 1.0		__DUMMY__ 0.4609665629771989 neg 0.30770230740658794 off 0.23133112961621327	false	0.5
sucht	neg 1.0	neg 1.0	neg 0.6402202807341494 __DUMMY__ 0.22478845077131354 off 0.1349912684945372	false	1.0
egoistisch	off 1.0		__DUMMY__ 0.45807978998204846 neg 0.29124969898984987 off 0.2506705110281016	false	0.5
ausbeuter	off 1.0		__DUMMY__ 0.4604955011905684 neg 0.30848880895657976 off 0.23101568985285187	false	0.5
arschgeburt	off 1.0		__DUMMY__ 0.4517836900916862 neg 0.28977649733932404 off 0.2584398125689898	false	0.5
schubs	neg 1.0	neg 1.0	neg 0.639634715830232 __DUMMY__ 0.22625641754798273 off 0.13410886662178526	false	1.0
unsolide	neg 1.0		__DUMMY__ 0.45464369559188456 neg 0.3083132336043124 off 0.23704307080380307	false	1.0
beschwerde	neg 1.0		__DUMMY__ 0.4606203537953134 neg 0.3079668395774294 off 0.2314128066272573	false	1.0
stocken	neg 1.0		__DUMMY__ 0.46169724350786456 neg 0.3057356487228748 off 0.23256710776926054	false	1.0
isolieren	neg 1.0		__DUMMY__ 0.4612942310867763 neg 0.304813253522129 off 0.23389251539109465	false	1.0
unheilbar	neg 1.0		__DUMMY__ 0.463153581355416 neg 0.298070991626084 off 0.2387754270184999	false	1.0
pisser	off 1.0		__DUMMY__ 0.4580932074320066 neg 0.2966355108841752 off 0.2452712816838182	false	0.5
löschen	neg 1.0		__DUMMY__ 0.4619280937342178 neg 0.3006258874171924 off 0.23744601884858985	false	1.0
durchfallen	neg 1.0		__DUMMY__ 0.4608015556596883 neg 0.304828138783065 off 0.23437030555724675	false	1.0
wichser	off 1.0		__DUMMY__ 0.456017602787479 neg 0.28814528082825214 off 0.2558371163842688	false	0.5
terror	neg 1.0		__DUMMY__ 0.46202857918462736 neg 0.2969168135204901 off 0.2410546072948826	false	1.0
krass	neg 1.0		__DUMMY__ 0.4580777109764508 neg 0.2937777642523774 off 0.24814452477117194	false	1.0
revolte	neg 1.0	neg 1.0	neg 0.6418391889121435 __DUMMY__ 0.22246756011718766 off 0.13569325097066878	false	1.0
besorgt	neg 1.0		__DUMMY__ 0.4654533484369463 neg 0.29816606907375875 off 0.23638058248929486	false	1.0
nachlassen	neg 1.0		__DUMMY__ 0.4634304486914879 neg 0.30370721538676676 off 0.2328623359217453	false	1.0
alt	neg 1.0		__DUMMY__ 0.46330712541351543 neg 0.30259076026151754 off 0.2341021143249671	false	1.0
hundesohn	off 1.0		__DUMMY__ 0.4540678936991412 neg 0.29294866905292294 off 0.25298343724793576	false	0.5
als			__DUMMY__ 0.4642909294114916 neg 0.29945010883828876 off 0.23625896175021965	false	0.0
abschreckung	neg 1.0		__DUMMY__ 0.4627829198631959 neg 0.30698539393639973 off 0.23023168620040443	false	1.0
unqualifiziert	neg 1.0		__DUMMY__ 0.45795659153217205 neg 0.3016032546313459 off 0.2404401538364821	false	1.0
abgewichst	off 1.0		__DUMMY__ 0.46280831345655976 neg 0.30146663920659683 off 0.23572504733684352	false	0.5
schwer	neg 1.0		__DUMMY__ 0.4626885711544226 neg 0.29943257292639874 off 0.23787885591917884	false	1.0
bedeutungslosigkeit	neg 1.0		__DUMMY__ 0.4625868948862097 neg 0.3060552696427767 off 0.23135783547101363	false	1.0
kapitulation	neg 1.0		__DUMMY__ 0.4591257177510498 neg 0.3091806703051384 off 0.23169361194381172	false	1.0
unscharf	neg 1.0		__DUMMY__ 0.46101906939168735 neg 0.29865897015421705 off 0.24032196045409548	false	1.0
schwinden	neg 1.0		__DUMMY__ 0.4630766104867284 neg 0.3055591693382158 off 0.23136422017505576	false	1.0
versklavung	neg 1.0		__DUMMY__ 0.45704646247715264 neg 0.3061127964550633 off 0.23684074106778405	false	1.0
schlecht	neg 1.0		__DUMMY__ 0.4613676478980066 neg 0.29335423156260826 off 0.24527812053938516	false	1.0
verhasst	neg 1.0		__DUMMY__ 0.46114942783721524 neg 0.3000483490584907 off 0.23880222310429403	false	1.0
beschweren	neg 1.0		__DUMMY__ 0.46183312932168585 neg 0.29806876800597293 off 0.24009810267234113	false	1.0
scheiden	neg 1.0		__DUMMY__ 0.467536323797195 neg 0.29224153263906044 off 0.24022214356374463	false	1.0
frustriert	neg 1.0		__DUMMY__ 0.4628521381252181 neg 0.3005283244209306 off 0.23661953745385128	false	1.0
schimmelig	neg 1.0		__DUMMY__ 0.46357310882460656 neg 0.303115981456286 off 0.23331090971910753	false	1.0
fisch	neg 1.0		__DUMMY__ 0.4672983540825154 neg 0.299534530063831 off 0.23316711585365354	false	1.0
schmuggel	neg 1.0		__DUMMY__ 0.4655534125882783 neg 0.30214835084528036 off 0.23229823656644125	false	1.0
auffallen	neg 1.0		__DUMMY__ 0.46168519626024485 neg 0.2974146363335229 off 0.24090016740623235	false	1.0
konkurrenz	neg 1.0	neg 1.0	neg 0.6428293582374888 __DUMMY__ 0.22606538535116838 off 0.1311052564113428	false	1.0
teufelskreis	neg 1.0	neg 1.0	neg 0.6416844287876144 __DUMMY__ 0.22393774324473614 off 0.13437782796764944	false	1.0
aufschreien	neg 1.0		__DUMMY__ 0.4605020312195054 neg 0.2991974325002007 off 0.24030053628029396	false	1.0
schuldner	neg 1.0		__DUMMY__ 0.462903361962648 neg 0.30551947916575534 off 0.23157715887159663	false	1.0
missgeburt	off 1.0	off 1.0	off 0.6116344143740325 __DUMMY__ 0.22114767759798418 neg 0.16721790802798323	false	1.0
arbeitslos	neg 1.0		__DUMMY__ 0.46098653400476114 neg 0.30425586966268436 off 0.23475759633255455	false	1.0
befallen	neg 1.0		__DUMMY__ 0.46023177592984854 neg 0.3050348423209793 off 0.23473338174917213	false	1.0
miesepetrig	off 1.0	off 1.0	off 0.6092083350387615 __DUMMY__ 0.22389901976205523 neg 0.1668926451991833	false	1.0
alarmieren	neg 1.0		__DUMMY__ 0.4575642752619547 neg 0.300911291775488 off 0.24152443296255738	false	1.0
ungeduscht	off 1.0		__DUMMY__ 0.4621978258807551 neg 0.29535513152147136 off 0.24244704259777344	false	0.5
knappheit	neg 1.0		__DUMMY__ 0.4602896554942301 neg 0.30743338743031157 off 0.23227695707545826	false	1.0
schlange	neg 1.0		__DUMMY__ 0.46479668431350424 neg 0.2941153162155253 off 0.24108799947097054	false	1.0
harsch	neg 1.0		__DUMMY__ 0.4601132673286512 neg 0.29032486328400203 off 0.24956186938734679	false	1.0
lang	neg 1.0		__DUMMY__ 0.4619724169976208 neg 0.300007975935494 off 0.23801960706688519	false	1.0
ziellos	neg 1.0		__DUMMY__ 0.46471079405651944 neg 0.29967452170697484 off 0.23561468423650575	false	1.0
selbstverliebt	neg 1.0		__DUMMY__ 0.4532687104904602 neg 0.29083705463769954 off 0.2558942348718401	false	1.0
beseitigen	neg 1.0	neg 1.0	neg 0.639613206250144 __DUMMY__ 0.22566731150485464 off 0.13471948224500138	false	1.0
dumm	off 1.0		__DUMMY__ 0.4568182834220434 neg 0.2917686883012612 off 0.25141302827669554	false	0.5
arbeitsloser	neg 1.0		__DUMMY__ 0.4631445754009935 neg 0.30238793269855463 off 0.23446749190045188	false	1.0
blitzen	neg 1.0		__DUMMY__ 0.4604304236632007 neg 0.29852178286655034 off 0.24104779347024902	false	1.0
hilflos	neg 1.0		__DUMMY__ 0.46306204380297794 neg 0.3008284280216954 off 0.23610952817532668	false	1.0
eklig	off 1.0		__DUMMY__ 0.456594566037537 neg 0.291301188915226 off 0.25210424504723694	false	0.5
begriff			__DUMMY__ 0.4610644903760757 neg 0.30309301640220265 off 0.23584249322172166	false	0.0
hungersnot	neg 1.0		__DUMMY__ 0.4613196865299607 neg 0.3037222359644485 off 0.23495807750559078	false	1.0
ungesetzlich	neg 1.0		__DUMMY__ 0.4561950209144536 neg 0.3058389018810089 off 0.23796607720453766	false	1.0
verschwendung	neg 1.0		__DUMMY__ 0.4630062327329318 neg 0.3041726138001362 off 0.23282115346693188	false	1.0
schmerzvoll	neg 1.0		__DUMMY__ 0.46203611215010765 neg 0.29786480793093834 off 0.24009907991895404	false	1.0
vorzeitig	neg 1.0		__DUMMY__ 0.46220535240773136 neg 0.2961652806127509 off 0.24162936697951762	false	1.0
unvollkommenheit	neg 1.0		__DUMMY__ 0.4652756962181097 neg 0.2989870399497407 off 0.23573726383214957	false	1.0
intervenieren	neg 1.0		__DUMMY__ 0.46021501266728254 neg 0.30852233561534026 off 0.23126265171737723	false	1.0
banause	off 1.0		__DUMMY__ 0.4544646085358005 neg 0.2916981211042904 off 0.2538372703599091	false	0.5
rebell	neg 1.0		__DUMMY__ 0.4635899734714581 neg 0.3077332309022956 off 0.22867679562624632	false	1.0
unlogisch	neg 1.0		__DUMMY__ 0.4585458603568591 neg 0.2940720219617124 off 0.24738211768142837	false	1.0
leiden	neg 1.0		__DUMMY__ 0.4694278082436121 neg 0.295916138145379 off 0.2346560536110088	false	1.0
abschaffung	neg 1.0		__DUMMY__ 0.45851824582805556 neg 0.3046561353334604 off 0.23682561883848413	false	1.0
sturz	neg 1.0		__DUMMY__ 0.4624422900327006 neg 0.29995184262218344 off 0.23760586734511585	false	1.0
verkleinerung	neg 1.0		__DUMMY__ 0.45614612313102565 neg 0.30477721512394035 off 0.2390766617450339	false	1.0
schmarotzer	off 1.0		__DUMMY__ 0.46050053568690247 neg 0.30508686549208325 off 0.23441259882101442	false	0.5
bestrafung	neg 1.0		__DUMMY__ 0.4613969362028031 neg 0.299342037181078 off 0.23926102661611898	false	1.0
achtlos	neg 1.0		__DUMMY__ 0.4640627924745779 neg 0.29760727497296635 off 0.2383299325524557	false	1.0
ungeheuer	neg 1.0		__DUMMY__ 0.46358949028100777 neg 0.29407454565682917 off 0.24233596406216304	false	1.0
unaufrichtig	neg 1.0		__DUMMY__ 0.45850761961017755 neg 0.302387814974275 off 0.23910456541554745	false	1.0
groggy	neg 1.0		__DUMMY__ 0.4596508735837576 neg 0.30019113096903466 off 0.24015799544720762	false	1.0
verletzlich	neg 1.0		__DUMMY__ 0.45992478936375764 neg 0.29388139567391935 off 0.24619381496232298	false	1.0
