unsolidarisch	neg 1.0		neg 0.3847535280913565 __DUMMY__ 0.31994237115091645 off 0.295304100757727	false	1.0
nachteilig	neg 1.0		neg 0.3838221589709033 __DUMMY__ 0.32347442864909404 off 0.2927034123800028	false	1.0
skeptisch	neg 1.0		neg 0.38339287761292057 __DUMMY__ 0.32426214916540574 off 0.2923449732216737	false	1.0
schrecklich	neg 1.0		neg 0.368183459995265 __DUMMY__ 0.32201959064514324 off 0.30979694935959184	false	1.0
schlapp	neg 1.0	neg 1.0	neg 0.6752171667334598 off 0.1686575186470602 __DUMMY__ 0.15612531461947995	false	1.0
abfall	neg 1.0		neg 0.38530486259776303 __DUMMY__ 0.32515810582103216 off 0.28953703158120486	false	1.0
widerspenstig	neg 1.0		neg 0.3769452647745727 __DUMMY__ 0.324193685179515 off 0.2988610500459122	false	1.0
abrupt	neg 1.0		neg 0.3783912917131314 __DUMMY__ 0.3267643022982833 off 0.29484440598858536	false	1.0
unwirksam	neg 1.0		neg 0.3832383829627582 __DUMMY__ 0.32079394598544464 off 0.2959676710517972	false	1.0
angreifen	neg 1.0	neg 1.0	neg 0.6818434317440024 off 0.16176822586866896 __DUMMY__ 0.15638834238732854	false	1.0
inkonsistent	neg 1.0		neg 0.37806117009406337 __DUMMY__ 0.3230212760465425 off 0.2989175538593941	false	1.0
abrutschen	neg 1.0		neg 0.38459283918994586 __DUMMY__ 0.32529940832209764 off 0.2901077524879566	false	1.0
unsicher	neg 1.0		neg 0.3764892091621845 __DUMMY__ 0.3244374377838848 off 0.29907335305393085	false	1.0
bauernkind	off 1.0	off 1.0	off 0.6398798085900931 neg 0.20654582036828953 __DUMMY__ 0.15357437104161742	false	1.0
angreifer	neg 1.0		neg 0.37537711362127096 __DUMMY__ 0.324253783302869 off 0.30036910307586	false	1.0
trennen	neg 1.0		neg 0.3763703750767595 __DUMMY__ 0.3276591456364334 off 0.295970479286807	false	1.0
schmutz	neg 1.0		neg 0.37378364281336585 __DUMMY__ 0.324989091239802 off 0.30122726594683213	false	1.0
inkonsistenz	neg 1.0		neg 0.3770442075758833 __DUMMY__ 0.3210436720872574 off 0.3019121203368593	false	1.0
erschreckend	neg 1.0		neg 0.37934892086721106 __DUMMY__ 0.3236346534703489 off 0.2970164256624402	false	1.0
ertrinken	neg 1.0		neg 0.37936762808074487 __DUMMY__ 0.3254663312273998 off 0.2951660406918551	false	1.0
pickelface	off 1.0		neg 0.3813674142617561 __DUMMY__ 0.3232493154853313 off 0.29538327025291256	false	0.5
seiner			neg 0.3805856844953486 __DUMMY__ 0.3255383526428607 off 0.29387596286179063	false	0.0
lauch	neg 1.0		neg 0.38745005400149324 __DUMMY__ 0.3236651741163884 off 0.2888847718821184	false	1.0
unwichtig	neg 1.0		neg 0.37407982855304733 __DUMMY__ 0.322247326072918 off 0.3036728453740345	false	1.0
steuerhinterziehung	neg 1.0		neg 0.38389358560754194 __DUMMY__ 0.3216776425186281 off 0.2944287718738298	false	1.0
schock	neg 1.0		neg 0.3750610035348322 __DUMMY__ 0.32598096420947675 off 0.298958032255691	false	1.0
beule	neg 1.0		neg 0.3715404079834424 __DUMMY__ 0.32330435983916817 off 0.30515523217738943	false	1.0
vergelten	neg 1.0		neg 0.3679468724510708 __DUMMY__ 0.32336813437492407 off 0.30868499317400516	false	1.0
verdorbenheit	neg 1.0		neg 0.3777646315618598 __DUMMY__ 0.32419883228648333 off 0.298036536151657	false	1.0
trauma	neg 1.0		neg 0.3772397581007007 __DUMMY__ 0.32334772840053494 off 0.2994125134987643	false	1.0
sinnlos	neg 1.0		neg 0.3745077834059693 __DUMMY__ 0.3238649859791368 off 0.30162723061489394	false	1.0
fettsack	off 1.0	off 1.0	off 0.6415427330238945 neg 0.20428208506928414 __DUMMY__ 0.15417518190682125	false	1.0
feige	off 1.0	off 1.0	off 0.6379652564897724 neg 0.20730777062997782 __DUMMY__ 0.1547269728802498	false	1.0
abdanken	neg 1.0		neg 0.38165985598242547 __DUMMY__ 0.32227584925733926 off 0.2960642947602354	false	1.0
wichtigtuer	off 1.0	off 1.0	off 0.6363091844263596 neg 0.20826206014580148 __DUMMY__ 0.1554287554278389	false	1.0
misslingen	neg 1.0		neg 0.3716188182150404 __DUMMY__ 0.3266719607973487 off 0.301709220987611	false	1.0
untreu	off 1.0		neg 0.37321031987599035 __DUMMY__ 0.3218313361036168 off 0.30495834402039285	false	0.5
missmutig	neg 1.0		neg 0.3721304031750247 __DUMMY__ 0.3233168201767055 off 0.30455277664826985	false	1.0
hurenbock	off 1.0		neg 0.3752888379398095 __DUMMY__ 0.3242526781177277 off 0.3004584839424628	false	0.5
betrunken	neg 1.0		neg 0.36817668087201383 __DUMMY__ 0.3236119132709342 off 0.30821140585705187	false	1.0
korrupt	off 1.0		neg 0.3857757104608411 __DUMMY__ 0.3210345879750541 off 0.29318970156410484	false	0.5
unmut	neg 1.0		neg 0.385948414663299 __DUMMY__ 0.32467892735876785 off 0.28937265797793316	false	1.0
hackfresse	off 1.0		neg 0.36719208475379267 __DUMMY__ 0.3200288443539346 off 0.3127790708922728	false	0.5
aufblasen	neg 1.0		neg 0.3741965633414531 __DUMMY__ 0.324761120495996 off 0.30104231616255084	false	1.0
gewaltsam	neg 1.0		neg 0.37936674724041936 __DUMMY__ 0.32361467426416374 off 0.2970185784954169	false	1.0
unbeliebtheit	neg 1.0		neg 0.38075553813323865 __DUMMY__ 0.31881228374989623 off 0.300432178116865	false	1.0
sturheit	neg 1.0		neg 0.3798979431625431 __DUMMY__ 0.3233476494083316 off 0.2967544074291252	false	1.0
kuh	neg 1.0		neg 0.3807348125984102 __DUMMY__ 0.3216686127924621 off 0.2975965746091277	false	1.0
erschrecken	neg 1.0		neg 0.3724405674588926 __DUMMY__ 0.3236719816333043 off 0.30388745090780295	false	1.0
opfer	neg 1.0		neg 0.38039082315827294 __DUMMY__ 0.3248256396868903 off 0.29478353715483685	false	1.0
sinken	neg 1.0		neg 0.3834926878522445 __DUMMY__ 0.3256560225811579 off 0.29085128956659767	false	1.0
stinktier	neg 1.0		neg 0.37110327756433986 __DUMMY__ 0.3200055756903818 off 0.3088911467452784	false	1.0
tucke	off 1.0		neg 0.3709997793425482 __DUMMY__ 0.31749908409254224 off 0.3115011365649095	false	0.5
ein			neg 0.3743674264314722 __DUMMY__ 0.3251444411754016 off 0.30048813239312633	false	0.0
abstieg	neg 1.0		neg 0.37975582038292155 __DUMMY__ 0.3258832006637253 off 0.29436097895335306	false	1.0
missverstehen	neg 1.0		neg 0.3771963085666689 __DUMMY__ 0.32213143631168367 off 0.3006722551216474	false	1.0
ergebnislos	neg 1.0		neg 0.3824055320136127 __DUMMY__ 0.32443297253148845 off 0.2931614954548989	false	1.0
unter			neg 0.3832325026119918 __DUMMY__ 0.3293840935469147 off 0.2873834038410934	false	0.0
manipulieren	neg 1.0		neg 0.38296181818257674 __DUMMY__ 0.32445231928569185 off 0.29258586253173136	false	1.0
unbewiesen	neg 1.0		neg 0.38518461606542925 __DUMMY__ 0.31949706725051474 off 0.295318316684056	false	1.0
verschleppen	neg 1.0		neg 0.3817137654297576 __DUMMY__ 0.3236636092620643 off 0.29462262530817807	false	1.0
weib	off 1.0		neg 0.36816809301919556 __DUMMY__ 0.3195339026706609 off 0.31229800431014365	false	0.5
opposition	neg 1.0		neg 0.3790747636372224 __DUMMY__ 0.32177763757417965 off 0.2991475987885978	false	1.0
verkehrswidrig	neg 1.0	neg 1.0	neg 0.6698106928151062 off 0.1723365677545873 __DUMMY__ 0.15785273943030648	false	1.0
inkorrekt	neg 1.0		neg 0.37597376250349074 __DUMMY__ 0.3193801162814852 off 0.30464612121502394	false	1.0
vermeiden	neg 1.0		neg 0.3841649177710098 __DUMMY__ 0.32717911056727067 off 0.28865597166171963	false	1.0
abweichung	neg 1.0	neg 1.0	neg 0.6808089262407797 off 0.1625150314762682 __DUMMY__ 0.15667604228295218	false	1.0
alkoholisiert	neg 1.0		neg 0.3740821466111523 __DUMMY__ 0.32946387815946654 off 0.2964539752293811	false	1.0
scheiss	off 1.0	off 1.0	off 0.6387882363328413 neg 0.2056074515306437 __DUMMY__ 0.15560431213651504	false	1.0
herausforderung	neg 1.0	neg 1.0	neg 0.6775512492144313 off 0.16353410603341598 __DUMMY__ 0.15891464475215272	false	1.0
pervers	off 1.0		neg 0.36478375374218547 __DUMMY__ 0.3191140753145561 off 0.3161021709432583	false	0.5
wackelig	neg 1.0		neg 0.37494670922541096 __DUMMY__ 0.32718723145036605 off 0.29786605932422305	false	1.0
verwickeln	neg 1.0		neg 0.3768140437649429 __DUMMY__ 0.32242298303005845 off 0.3007629732049988	false	1.0
vorwand	neg 1.0		neg 0.38387459437435884 __DUMMY__ 0.32451374784346887 off 0.2916116577821722	false	1.0
muschi	off 1.0		neg 0.380180454681452 __DUMMY__ 0.3236040882268759 off 0.296215457091672	false	0.5
entmutigung	neg 1.0		neg 0.38074657883775986 __DUMMY__ 0.3210818791600294 off 0.29817154200221085	false	1.0
unangemessen	neg 1.0		neg 0.3816999832919255 __DUMMY__ 0.32293786700872046 off 0.29536214969935415	false	1.0
unstetig	neg 1.0		neg 0.3775558679554849 __DUMMY__ 0.3232703036042587 off 0.2991738284402564	false	1.0
entmutigen	neg 1.0		neg 0.3754938719268504 __DUMMY__ 0.3240288543806035 off 0.300477273692546	false	1.0
schwanz	neg 1.0		neg 0.3826269109786345 __DUMMY__ 0.3244887615892719 off 0.29288432743209364	false	1.0
verbot	neg 1.0		neg 0.38458949481851284 __DUMMY__ 0.3219715071210581 off 0.29343899806042906	false	1.0
leid	neg 1.0		neg 0.3676883077379581 __DUMMY__ 0.321473432831862 off 0.3108382594301799	false	1.0
archaisch	neg 1.0		neg 0.37971625182767826 __DUMMY__ 0.3241658165482695 off 0.2961179316240522	false	1.0
gegen			neg 0.3825969896534866 __DUMMY__ 0.3257827711765319 off 0.29162023916998153	false	0.0
scheidung	neg 1.0		neg 0.3603018324157015 off 0.3204412612796416 __DUMMY__ 0.3192569063046568	false	1.0
einschlag	neg 1.0	neg 1.0	neg 0.6739365169542967 off 0.1704026402805687 __DUMMY__ 0.1556608427651346	false	1.0
m			neg 0.37836383378476734 __DUMMY__ 0.32511876519191685 off 0.2965174010233158	false	0.0
abgestanden	neg 1.0		neg 0.3772193605833487 __DUMMY__ 0.3236251014208655 off 0.2991555379957859	false	1.0
schmierig	off 1.0		neg 0.3680993900280562 __DUMMY__ 0.3216211947290773 off 0.31027941524286656	false	0.5
unpraktisch	neg 1.0		neg 0.3739539542218787 __DUMMY__ 0.3251696442334162 off 0.30087640154470513	false	1.0
wixxer	off 1.0		neg 0.3661424220072403 __DUMMY__ 0.31850818270164466 off 0.315349395291115	false	0.5
bezeichnet			neg 0.3793287388987674 __DUMMY__ 0.3232031768853812 off 0.2974680842158514	false	0.0
jammerlappen	off 1.0		neg 0.3736098371818809 __DUMMY__ 0.3224093147244474 off 0.3039808480936717	false	0.5
farce	neg 1.0		neg 0.3841902472248148 __DUMMY__ 0.32158807073671924 off 0.29422168203846594	false	1.0
zwecklos	neg 1.0		neg 0.3808429315656787 __DUMMY__ 0.3234555328741669 off 0.2957015355601542	false	1.0
turbulent	neg 1.0		neg 0.3748744544839794 __DUMMY__ 0.3213760526376379 off 0.3037494928783827	false	1.0
invasion	neg 1.0		neg 0.3746122440340212 __DUMMY__ 0.3237535722802114 off 0.30163418368576744	false	1.0
schuld	neg 1.0		neg 0.3768783916600188 __DUMMY__ 0.3235777976907921 off 0.2995438106491892	false	1.0
risiko	neg 1.0		neg 0.37579383759987867 __DUMMY__ 0.32473547185622137 off 0.2994706905438999	false	1.0
finster	neg 1.0		neg 0.3750529765202141 __DUMMY__ 0.3245693317612164 off 0.30037769171856965	false	1.0
geisteskrank	off 1.0		neg 0.37383647573182577 __DUMMY__ 0.32100460657532937 off 0.3051589176928448	false	0.5
zusammenbrechen	neg 1.0		neg 0.3774103127525632 __DUMMY__ 0.3250305413158534 off 0.29755914593158334	false	1.0
ausbeute	neg 1.0		neg 0.3772453384555612 __DUMMY__ 0.3274995173359069 off 0.29525514420853194	false	1.0
hinterhalt	neg 1.0		neg 0.3776670991718687 __DUMMY__ 0.32530464118957975 off 0.2970282596385515	false	1.0
kritik	neg 1.0		neg 0.38390940372478144 __DUMMY__ 0.32187433028198204 off 0.29421626599323647	false	1.0
einschrumpfen	neg 1.0		neg 0.3795928657450264 __DUMMY__ 0.32049272600639156 off 0.299914408248582	false	1.0
riskant	neg 1.0		neg 0.38246401128958407 __DUMMY__ 0.3238116002297698 off 0.2937243884806461	false	1.0
frustrieren	neg 1.0		neg 0.3810112998590467 __DUMMY__ 0.3244798764539071 off 0.29450882368704623	false	1.0
groll	neg 1.0		neg 0.3797295584737844 __DUMMY__ 0.3243136337994378 off 0.29595680772677774	false	1.0
gibt			neg 0.3789626666754599 __DUMMY__ 0.32440451105487905 off 0.2966328222696612	false	0.0
qualvoll	neg 1.0		neg 0.37231733381291937 __DUMMY__ 0.3243325257339686 off 0.30335014045311204	false	1.0
wackeln	neg 1.0	neg 1.0	neg 0.6764111369258405 off 0.16630577646364103 __DUMMY__ 0.15728308661051846	false	1.0
klagen	neg 1.0		neg 0.384925746998598 __DUMMY__ 0.32490242067459835 off 0.29017183232680377	false	1.0
bankrott	neg 1.0		neg 0.3735321058711813 __DUMMY__ 0.3232538374195599 off 0.3032140567092588	false	1.0
trauern	neg 1.0		neg 0.3787329141368924 __DUMMY__ 0.32592290141107205 off 0.2953441844520354	false	1.0
ablehnung	neg 1.0		neg 0.38412128217508595 __DUMMY__ 0.32172404687149875 off 0.2941546709534153	false	1.0
stur	neg 1.0		neg 0.3768224357485183 __DUMMY__ 0.3231551511829 off 0.3000224130685817	false	1.0
aufruhr	neg 1.0		neg 0.3796922597262756 __DUMMY__ 0.3234935681346506 off 0.29681417213907385	false	1.0
melancholie	neg 1.0		neg 0.37774061853944985 __DUMMY__ 0.3256224237159997 off 0.2966369577445505	false	1.0
ist			neg 0.37540006980298507 __DUMMY__ 0.3237571512854448 off 0.3008427789115701	false	0.0
torheit	neg 1.0		neg 0.3795818135910031 __DUMMY__ 0.3221783316329537 off 0.29823985477604315	false	1.0
dreckskind	off 1.0		neg 0.3701665773689461 __DUMMY__ 0.319523802312653 off 0.3103096203184009	false	0.5
umtauschen	neg 1.0		neg 0.37677432137484557 __DUMMY__ 0.32465274349189466 off 0.2985729351332599	false	1.0
zum			neg 0.3785236678703013 __DUMMY__ 0.33027968396710045 off 0.29119664816259816	false	0.0
zersetzen	neg 1.0		neg 0.384707521699734 __DUMMY__ 0.3235257480813619 off 0.29176673021890415	false	1.0
zur			neg 0.3849000014222531 __DUMMY__ 0.3271826796885978 off 0.28791731888914907	false	0.0
frust	neg 1.0		neg 0.37756683284791037 __DUMMY__ 0.32506520441575937 off 0.2973679627363303	false	1.0
unerbittlichkeit	neg 1.0		neg 0.38376817144179076 __DUMMY__ 0.32396943494799085 off 0.2922623936102184	false	1.0
zwei			neg 0.37812459958552375 __DUMMY__ 0.3289381887792898 off 0.2929372116351865	false	0.0
unkorrekt	neg 1.0		neg 0.3743006373179719 __DUMMY__ 0.3198957699174947 off 0.3058035927645334	false	1.0
hexe	off 1.0		neg 0.3724344143016671 __DUMMY__ 0.3225895072364085 off 0.30497607846192437	false	0.5
lasch	neg 1.0		neg 0.37641725981493734 __DUMMY__ 0.3217123810152295 off 0.3018703591698332	false	1.0
rivale	neg 1.0		neg 0.3693276130578906 __DUMMY__ 0.3228581463607308 off 0.3078142405813785	false	1.0
mutlos	off 1.0	off 1.0	off 0.6320213420383685 neg 0.21225478861258334 __DUMMY__ 0.15572386934904814	false	1.0
wirr	off 1.0		neg 0.37350003982840263 __DUMMY__ 0.320145672013633 off 0.30635428815796434	false	0.5
jahr			neg 0.37621408725688577 __DUMMY__ 0.3287041845271683 off 0.29508172821594586	false	0.0
wird			neg 0.3793636379289985 __DUMMY__ 0.3251606609547657 off 0.2954757011162359	false	0.0
strafbar	neg 1.0		neg 0.38309224729417474 __DUMMY__ 0.3233841742223496 off 0.29352357848347577	false	1.0
erosion	neg 1.0		neg 0.37547553329738803 __DUMMY__ 0.32465900542155485 off 0.2998654612810571	false	1.0
eingehen	neg 1.0		neg 0.38197080708757597 __DUMMY__ 0.3233333246177534 off 0.29469586829467054	false	1.0
faul	off 1.0		neg 0.37252429078499566 __DUMMY__ 0.3235951656349345 off 0.30388054358006994	false	0.5
provisorium	neg 1.0		neg 0.38599878022176604 __DUMMY__ 0.3280153171097607 off 0.2859859026684732	false	1.0
schmerzen	neg 1.0		neg 0.37673110713684627 __DUMMY__ 0.32439573949831685 off 0.2988731533648368	false	1.0
schrumpfen	neg 1.0		neg 0.3868710976114517 __DUMMY__ 0.3257259759003731 off 0.28740292648817506	false	1.0
geistlos	off 1.0		neg 0.380805954192063 __DUMMY__ 0.3200765279655135 off 0.29911751784242346	false	0.5
fehlkauf	neg 1.0		neg 0.37742903466996425 __DUMMY__ 0.32268020854986684 off 0.299890756780169	false	1.0
frustrierend	neg 1.0		neg 0.3719625942262192 __DUMMY__ 0.32406420404668296 off 0.3039732017270979	false	1.0
unzufrieden	neg 1.0		neg 0.38082363230726846 __DUMMY__ 0.32357341437936055 off 0.29560295331337105	false	1.0
verzweifeln	neg 1.0		neg 0.37727476849691016 __DUMMY__ 0.32437721052414487 off 0.298348020978945	false	1.0
verzweifelt	neg 1.0		neg 0.37672268012585075 __DUMMY__ 0.3231676361741575 off 0.30010968369999186	false	1.0
misstrauensantrag	neg 1.0		neg 0.3776171541539915 __DUMMY__ 0.3221429238166199 off 0.3002399220293886	false	1.0
abfallen	neg 1.0		neg 0.3730043664526023 __DUMMY__ 0.3255066832005043 off 0.3014889503468934	false	1.0
fucker	off 1.0		neg 0.37296047148000294 __DUMMY__ 0.32122954978083257 off 0.3058099787391646	false	0.5
ungezogen	neg 1.0		neg 0.3645617901528837 __DUMMY__ 0.32047028114189274 off 0.31496792870522355	false	1.0
irrsinnig	neg 1.0	neg 1.0	neg 0.6786962541668351 off 0.16557339398597723 __DUMMY__ 0.15573035184718761	false	1.0
unfassbar	neg 1.0		neg 0.3723839549738135 __DUMMY__ 0.32254662177131094 off 0.30506942325487535	false	1.0
hart	neg 1.0		neg 0.3763178097494297 __DUMMY__ 0.32200571078215356 off 0.30167647946841664	false	1.0
widerlich	off 1.0		neg 0.37384847780970987 __DUMMY__ 0.32103952416131337 off 0.30511199802897687	false	0.5
fatal	neg 1.0		neg 0.37682877287534716 __DUMMY__ 0.32280171643330685 off 0.30036951069134593	false	1.0
bruch	neg 1.0		neg 0.3855813685460594 __DUMMY__ 0.32438434727626736 off 0.29003428417767324	false	1.0
aushungern	neg 1.0		neg 0.38228620814941655 __DUMMY__ 0.3221113469731598 off 0.2956024448774237	false	1.0
anspannung	neg 1.0	neg 1.0	neg 0.6796519977870371 off 0.1608774696895726 __DUMMY__ 0.15947053252339033	false	1.0
von			neg 0.37832948058493104 __DUMMY__ 0.3280244496466922 off 0.29364606976837676	false	0.0
kraftlos	neg 1.0		neg 0.37642644333046793 __DUMMY__ 0.3260690789002539 off 0.29750447776927835	false	1.0
vom			neg 0.38156459314558944 __DUMMY__ 0.3300557431217762 off 0.28837966373263424	false	0.0
grenzdebil	off 1.0		neg 0.3713584202473704 __DUMMY__ 0.3223987965780564 off 0.3062427831745732	false	0.5
vor			neg 0.3814565627779747 __DUMMY__ 0.3258897012714493 off 0.29265373595057603	false	0.0
unterwerfen	neg 1.0		neg 0.38109940961406036 __DUMMY__ 0.3246175726469956 off 0.29428301773894416	false	1.0
versenkung	neg 1.0		neg 0.38185346765907746 __DUMMY__ 0.3244199661915541 off 0.2937265661493684	false	1.0
entziehen	neg 1.0		neg 0.38402176904306473 __DUMMY__ 0.32493224584461794 off 0.29104598511231733	false	1.0
finanzkrise	neg 1.0		neg 0.3838957773671937 __DUMMY__ 0.3211061466740049 off 0.29499807595880145	false	1.0
schimpfend	neg 1.0		neg 0.37228970356746083 __DUMMY__ 0.3260827413204966 off 0.30162755511204276	false	1.0
profan	neg 1.0		neg 0.375068418913071 __DUMMY__ 0.32309314840167025 off 0.30183843268525884	false	1.0
korruption	neg 1.0	neg 1.0	neg 0.6827423012114018 off 0.16214119554222456 __DUMMY__ 0.1551165032463737	false	1.0
â			neg 0.3801106882665687 __DUMMY__ 0.3249014169630786 off 0.2949878947703528	false	0.0
schmutzig	neg 1.0		neg 0.3714252751978746 __DUMMY__ 0.32279884008274934 off 0.30577588471937617	false	1.0
sexy	neg 1.0		neg 0.3743935480628451 __DUMMY__ 0.3230681612450639 off 0.3025382906920909	false	1.0
abraten	neg 1.0		neg 0.37580626208322493 __DUMMY__ 0.32341912516045246 off 0.3007746127563227	false	1.0
schwarz	neg 1.0		neg 0.3772048564692582 __DUMMY__ 0.323009108085946 off 0.29978603544479576	false	1.0
fotze	off 1.0		neg 0.38254866701319806 __DUMMY__ 0.32381404562732036 off 0.2936372873594817	false	0.5
verwirren	neg 1.0		neg 0.37458146505297707 __DUMMY__ 0.3232222254796638 off 0.30219630946735915	false	1.0
zahnlos	off 1.0		neg 0.38135982823700704 __DUMMY__ 0.32325503578351833 off 0.29538513597947463	false	0.5
verheeren	neg 1.0		neg 0.3642184860432496 __DUMMY__ 0.32009351685919524 off 0.31568799709755535	false	1.0
hippie	neg 1.0		neg 0.37560867766072464 __DUMMY__ 0.3227463772299834 off 0.30164494510929185	false	1.0
rammen	neg 1.0		neg 0.37888172371715845 __DUMMY__ 0.32256863317814566 off 0.29854964310469584	false	1.0
unlauter	neg 1.0		neg 0.3824791784008795 __DUMMY__ 0.3206925524486258 off 0.2968282691504946	false	1.0
unheilvoll	neg 1.0		neg 0.3726505787521109 __DUMMY__ 0.324928308705144 off 0.302421112542745	false	1.0
niedrig	neg 1.0		neg 0.3826990451159503 __DUMMY__ 0.3243965230382335 off 0.2929044318458161	false	1.0
explosion	neg 1.0		neg 0.37644638899121385 __DUMMY__ 0.3226503916128326 off 0.30090321939595355	false	1.0
weichei	off 1.0		neg 0.3691015730710199 __DUMMY__ 0.3200489306275443 off 0.3108494963014359	false	0.5
minusmensch	off 1.0		neg 0.37078208164173665 __DUMMY__ 0.3165007380816701 off 0.31271718027659307	false	0.5
farblos	neg 1.0		neg 0.37439366457514506 __DUMMY__ 0.326549256402306 off 0.299057079022549	false	1.0
unwissend	neg 1.0	neg 1.0	neg 0.676338639130473 off 0.16835536648656907 __DUMMY__ 0.15530599438295783	false	1.0
traurig	neg 1.0		neg 0.36876906200562265 __DUMMY__ 0.3224494014443532 off 0.30878153655002405	false	1.0
senkung	neg 1.0		neg 0.3782659538563994 __DUMMY__ 0.3214077571582864 off 0.3003262889853142	false	1.0
ungleich	neg 1.0	neg 1.0	neg 0.6824018225471516 off 0.16180191617066078 __DUMMY__ 0.15579626128218765	false	1.0
heikel	neg 1.0		neg 0.3838030219507961 __DUMMY__ 0.3238959120394643 off 0.2923010660097396	false	1.0
drosselung	neg 1.0		neg 0.3720833169177031 __DUMMY__ 0.3224091366886223 off 0.3055075463936746	false	1.0
falsch	neg 1.0		neg 0.37351668145292055 __DUMMY__ 0.32298646784582613 off 0.3034968507012533	false	1.0
unzufriedenheit	neg 1.0		neg 0.3836447528304728 __DUMMY__ 0.32443255060821286 off 0.29192269656131453	false	1.0
kurz	neg 1.0		neg 0.3753947930160114 __DUMMY__ 0.32628624708806775 off 0.2983189598959208	false	1.0
unsinnig	neg 1.0		neg 0.38176273269965855 __DUMMY__ 0.32263751401935403 off 0.29559975328098737	false	1.0
penner	off 1.0	off 1.0	off 0.6432975815489298 neg 0.2026183339292343 __DUMMY__ 0.15408408452183583	false	1.0
seicht	neg 1.0		neg 0.3681794214971283 __DUMMY__ 0.31848505901471125 off 0.31333551948816046	false	1.0
dummheit	off 1.0	off 1.0	off 0.6363203787232182 neg 0.20857104959109285 __DUMMY__ 0.15510857168568884	false	1.0
unerfreulich	neg 1.0		neg 0.3827735803377281 __DUMMY__ 0.3251843875980354 off 0.29204203206423635	false	1.0
motherfucker	off 1.0	off 1.0	off 0.6389043367287705 neg 0.20660583642529257 __DUMMY__ 0.15448982684593693	false	1.0
pikiert	neg 1.0		neg 0.37530089036233394 __DUMMY__ 0.32101987436339685 off 0.3036792352742693	false	1.0
wrack	neg 1.0		neg 0.3774049559805299 __DUMMY__ 0.3269559330020716 off 0.2956391110173985	false	1.0
gangster	neg 1.0		neg 0.3753394319342147 __DUMMY__ 0.3231734576377211 off 0.30148711042806425	false	1.0
krank	neg 1.0		neg 0.36925307316800604 __DUMMY__ 0.32344154406571335 off 0.30730538276628055	false	1.0
reich	neg 1.0		neg 0.37546273588379014 __DUMMY__ 0.32187936391660377 off 0.3026579001996061	false	1.0
gnadenlos	neg 1.0		neg 0.37651583083725876 __DUMMY__ 0.323788265292231 off 0.2996959038705102	false	1.0
niedergeschlagen	neg 1.0		neg 0.3769020920037008 __DUMMY__ 0.32524246309265703 off 0.29785544490364213	false	1.0
terrorisieren	off 1.0	off 1.0	off 0.6328474989474098 neg 0.2106539520133747 __DUMMY__ 0.1564985490392155	false	1.0
sinnlosigkeit	neg 1.0		neg 0.37996131578584047 __DUMMY__ 0.32394268233853063 off 0.29609600187562884	false	1.0
behindern	neg 1.0		neg 0.3796711797672313 __DUMMY__ 0.32325702698529507 off 0.2970717932474736	false	1.0
undemokratisch	neg 1.0		neg 0.38133442168145065 __DUMMY__ 0.32117751700152225 off 0.2974880613170271	false	1.0
wirtschaftskrise	neg 1.0		neg 0.3840010102803696 __DUMMY__ 0.32270991056261733 off 0.29328907915701313	false	1.0
neid	neg 1.0		neg 0.36900069932704727 __DUMMY__ 0.32513046904514176 off 0.30586883162781103	false	1.0
rutschen	neg 1.0	neg 1.0	neg 0.678733835298902 off 0.16204025108187387 __DUMMY__ 0.15922591361922417	false	1.0
rezession	neg 1.0		neg 0.3746710691068048 __DUMMY__ 0.3185915040793394 off 0.30673742681385585	false	1.0
fehlgeburt	neg 1.0		neg 0.3739121678217999 __DUMMY__ 0.3244668496262394 off 0.3016209825519607	false	1.0
charakterschwach	off 1.0		neg 0.3731022665211495 __DUMMY__ 0.32173481308317925 off 0.3051629203956714	false	0.5
isolation	neg 1.0		neg 0.37218688819693213 __DUMMY__ 0.3239618852694341 off 0.3038512265336339	false	1.0
ablenkung	neg 1.0		neg 0.3763131259061485 __DUMMY__ 0.32432410907983966 off 0.29936276501401177	false	1.0
pech	neg 1.0		neg 0.37263490754994916 __DUMMY__ 0.3237511699545853 off 0.30361392249546554	false	1.0
vermeidung	neg 1.0		neg 0.37381606872550543 __DUMMY__ 0.32118725754573146 off 0.304996673728763	false	1.0
dominieren	neg 1.0		neg 0.3773770433071662 __DUMMY__ 0.3265289661271724 off 0.2960939905656615	false	1.0
schwindlig	neg 1.0		neg 0.371702135534443 __DUMMY__ 0.32532794683132565 off 0.30296991763423153	false	1.0
lutscher	neg 1.0	neg 1.0	neg 0.6727265943147893 off 0.1738264938187317 __DUMMY__ 0.15344691186647905	false	1.0
pflicht	neg 1.0		neg 0.38306529143771295 __DUMMY__ 0.3244309480836558 off 0.29250376047863114	false	1.0
faschist	off 1.0		neg 0.3788716554713091 __DUMMY__ 0.32095784312779185 off 0.30017050140089896	false	0.5
verschleudern	neg 1.0		neg 0.38690126524589064 __DUMMY__ 0.32158791918686763 off 0.2915108155672417	false	1.0
wenn			neg 0.3730799727130626 __DUMMY__ 0.3230742178043107 off 0.3038458094826268	false	0.0
ehebruch	neg 1.0		neg 0.3823765986466171 __DUMMY__ 0.3235072996991732 off 0.2941161016542098	false	1.0
spott	off 1.0		neg 0.3836991759767795 __DUMMY__ 0.32314246176193334 off 0.29315836226128716	false	0.5
trostlosigkeit	neg 1.0		neg 0.38381138995541886 __DUMMY__ 0.32489529371721054 off 0.2912933163273706	false	1.0
lutschen	neg 1.0		neg 0.37798539968353495 __DUMMY__ 0.3217729477835322 off 0.3002416525329328	false	1.0
undiszipliniert	neg 1.0		neg 0.3701660944777634 __DUMMY__ 0.32230360837061534 off 0.30753029715162133	false	1.0
kopfschmerz	neg 1.0		neg 0.3766831391005454 __DUMMY__ 0.32544798383471013 off 0.2978688770647445	false	1.0
unvorhergesehen	neg 1.0		neg 0.3759301288102942 __DUMMY__ 0.3275738623371423 off 0.29649600885256355	false	1.0
desinteressiert	neg 1.0		neg 0.37168834956559554 __DUMMY__ 0.32153106359867223 off 0.30678058683573234	false	1.0
armselig	off 1.0		neg 0.3727808457906478 __DUMMY__ 0.3201961509871195 off 0.30702300322223264	false	0.5
desaster	neg 1.0		neg 0.38623696463899004 __DUMMY__ 0.3244021300294547 off 0.2893609053315552	false	1.0
tod	neg 1.0		neg 0.37994687119108395 __DUMMY__ 0.32499129389772846 off 0.2950618349111875	false	1.0
herzlos	neg 1.0		neg 0.37057214802820715 __DUMMY__ 0.32108502911505693 off 0.308342822856736	false	1.0
unwissenheit	neg 1.0		neg 0.3827663712159584 __DUMMY__ 0.3225363880084665 off 0.29469724077557496	false	1.0
widersinnig	neg 1.0	neg 1.0	neg 0.6823513743979109 off 0.1627598536109933 __DUMMY__ 0.15488877199109582	false	1.0
bedenklich	neg 1.0		neg 0.3824890255148353 __DUMMY__ 0.32358302183218207 off 0.29392795265298255	false	1.0
beanstanden	neg 1.0		neg 0.3835238737229377 __DUMMY__ 0.32463964732155787 off 0.29183647895550435	false	1.0
panisch	neg 1.0	neg 1.0	neg 0.674391206829064 off 0.16805032576234163 __DUMMY__ 0.15755846740859442	false	1.0
debil	off 1.0		neg 0.3871779983449632 __DUMMY__ 0.32620042500427854 off 0.2866215766507582	false	0.5
abstrich	neg 1.0		neg 0.38161446935197435 __DUMMY__ 0.323807245184592 off 0.2945782854634336	false	1.0
primitiv	neg 1.0		neg 0.37330086913294386 __DUMMY__ 0.32104458817666043 off 0.3056545426903958	false	1.0
abschaum	off 1.0	off 1.0	off 0.6378499886954495 neg 0.2070743266238113 __DUMMY__ 0.15507568468073935	false	1.0
provozieren	neg 1.0		neg 0.3780641581720581 __DUMMY__ 0.3230275433428297 off 0.2989082984851124	false	1.0
tot	neg 1.0		neg 0.3808168159338367 __DUMMY__ 0.3248156610864135 off 0.29436752297974983	false	1.0
instabil	neg 1.0		neg 0.3757046211639038 __DUMMY__ 0.3198517037185631 off 0.3044436751175331	false	1.0
schwuchtel	off 1.0		neg 0.3645603761941867 off 0.31867352715849756 __DUMMY__ 0.3167660966473158	false	0.5
zerren	neg 1.0		neg 0.37653603478035336 __DUMMY__ 0.3253773573552593 off 0.29808660786438745	false	1.0
kinderficker	off 1.0		neg 0.37105645365945206 __DUMMY__ 0.31939241816743724 off 0.3095511281731107	false	0.5
gefahr	neg 1.0		neg 0.3834236952640055 __DUMMY__ 0.3245259018871578 off 0.2920504028488367	false	1.0
rabiat	neg 1.0		neg 0.3790277187792009 __DUMMY__ 0.322972531525901 off 0.29799974969489823	false	1.0
verlangsamung	neg 1.0		neg 0.3696913822125878 __DUMMY__ 0.3189502194444688 off 0.3113583983429435	false	1.0
ausgestorben	neg 1.0		neg 0.37646591078478464 __DUMMY__ 0.32490130016512764 off 0.29863278905008783	false	1.0
anklagen	neg 1.0		neg 0.38171573453048036 __DUMMY__ 0.32284780416534364 off 0.2954364613041761	false	1.0
trott	neg 1.0		neg 0.377464200240396 __DUMMY__ 0.32437904589713445 off 0.2981567538624695	false	1.0
verminderung	neg 1.0		neg 0.37203034369655924 __DUMMY__ 0.32160263943434614 off 0.3063670168690946	false	1.0
nach			neg 0.37924350487264846 __DUMMY__ 0.3296038433352372 off 0.2911526517921144	false	0.0
rost	neg 1.0		neg 0.36885720242202175 __DUMMY__ 0.32032655544605343 off 0.3108162421319249	false	1.0
destruktiv	neg 1.0		neg 0.38107454679671865 __DUMMY__ 0.32213140876589846 off 0.29679404443738283	false	1.0
unzumutbarkeit	neg 1.0		neg 0.3724048296783002 __DUMMY__ 0.32327888193638843 off 0.3043162883853115	false	1.0
labil	off 1.0	off 1.0	off 0.6377313668187633 neg 0.20721972332047173 __DUMMY__ 0.155048909860765	false	1.0
ziemlich	neg 1.0		neg 0.37051371099261426 __DUMMY__ 0.3233160069168462 off 0.3061702820905395	false	1.0
lachnummer	off 1.0		neg 0.3788725890236822 __DUMMY__ 0.3232441453489841 off 0.2978832656273337	false	0.5
oder			neg 0.374958816338655 __DUMMY__ 0.32510618194549556 off 0.2999350017158495	false	0.0
verfall	neg 1.0		neg 0.38815642928097 __DUMMY__ 0.32500914087365906 off 0.286834429845371	false	1.0
ausgrenzung	neg 1.0		neg 0.38139832527975115 __DUMMY__ 0.32062669669478405 off 0.2979749780254647	false	1.0
unordnung	neg 1.0		neg 0.3721850039296385 __DUMMY__ 0.3228702690692899 off 0.3049447270010716	false	1.0
fehlverhalten	neg 1.0		neg 0.3840475322500277 __DUMMY__ 0.32366666342148975 off 0.2922858043284825	false	1.0
eine			neg 0.38195065159606356 __DUMMY__ 0.3253187730261317 off 0.2927305753778047	false	0.0
nille	neg 1.0		neg 0.3793093745485878 __DUMMY__ 0.3237789841297723 off 0.29691164132164	false	1.0
qual	neg 1.0		neg 0.37815344762995134 __DUMMY__ 0.3241324778652113 off 0.2977140745048374	false	1.0
verschwenden	neg 1.0		neg 0.3816308690991478 __DUMMY__ 0.32372522298528217 off 0.2946439079155699	false	1.0
riesig	neg 1.0	neg 1.0	neg 0.6795618180745211 off 0.16329414082977264 __DUMMY__ 0.15714404109570634	false	1.0
verurteilen	neg 1.0		neg 0.3820165122104759 __DUMMY__ 0.32299020615041946 off 0.29499328163910465	false	1.0
klischee	neg 1.0	neg 1.0	neg 0.6781118768020625 off 0.1669021566032173 __DUMMY__ 0.15498596659472022	false	1.0
diktatorisch	neg 1.0		neg 0.38249734765775256 __DUMMY__ 0.32012149620915986 off 0.29738115613308763	false	1.0
vorhersehbar	neg 1.0	neg 1.0	neg 0.6779798615253471 off 0.16667440694855576 __DUMMY__ 0.1553457315260971	false	1.0
sowie			neg 0.3708078716267162 __DUMMY__ 0.31959644441632623 off 0.30959568395695747	false	0.0
stornieren	neg 1.0		neg 0.37138684218916573 __DUMMY__ 0.3268765136359733 off 0.30173664417486096	false	1.0
besteuerung	neg 1.0		neg 0.38132256840820955 __DUMMY__ 0.3212582005459451 off 0.29741923104584533	false	1.0
ungeschminkt	neg 1.0		neg 0.3738463101750466 __DUMMY__ 0.3212663913987652 off 0.30488729842618834	false	1.0
kritisch	neg 1.0		neg 0.3822272327912758 __DUMMY__ 0.32388467466067083 off 0.2938880925480534	false	1.0
schlamperei	off 1.0		neg 0.3851298333879109 __DUMMY__ 0.3230682833436086 off 0.29180188326848067	false	0.5
sucht	neg 1.0	neg 1.0	neg 0.6784486254050901 off 0.16509652672899924 __DUMMY__ 0.15645484786591066	false	1.0
egoistisch	off 1.0		neg 0.36755984041667933 __DUMMY__ 0.32098773036617045 off 0.3114524292171502	false	0.5
ausbeuter	off 1.0		neg 0.38584823285251324 __DUMMY__ 0.3227403064308214 off 0.2914114607166651	false	0.5
arschgeburt	off 1.0		neg 0.3649864704938153 off 0.3185805869238028 __DUMMY__ 0.31643294258238186	false	0.5
schubs	neg 1.0	neg 1.0	neg 0.6780939624902955 off 0.1644124928759203 __DUMMY__ 0.15749354463378423	false	1.0
unsolide	neg 1.0		neg 0.38464043373630025 __DUMMY__ 0.3184960341571855 off 0.2968635321065142	false	1.0
beschwerde	neg 1.0		neg 0.3853282353879023 __DUMMY__ 0.3228171916446069 off 0.29185457296749084	false	1.0
stocken	neg 1.0		neg 0.38320168872696175 __DUMMY__ 0.32360027037164246 off 0.29319804090139573	false	1.0
isolieren	neg 1.0		neg 0.38219074554848625 __DUMMY__ 0.3232985629004606 off 0.29451069155105314	false	1.0
unheilbar	neg 1.0		neg 0.37553397670797894 __DUMMY__ 0.3246523526939467 off 0.29981367059807434	false	1.0
pisser	off 1.0		neg 0.3731561108218054 __DUMMY__ 0.32098316788316733 off 0.3058607212950274	false	0.5
löschen	neg 1.0		neg 0.37792200444330043 __DUMMY__ 0.3237833938947496 off 0.29829460166194993	false	1.0
durchfallen	neg 1.0		neg 0.3820828144293702 __DUMMY__ 0.3229687375915342 off 0.2949484479790956	false	1.0
wichser	off 1.0		neg 0.36398463844958184 __DUMMY__ 0.3194983145044347 off 0.31651704704598344	false	0.5
terror	neg 1.0		neg 0.3740790386645164 __DUMMY__ 0.32384805429642455 off 0.302072907039059	false	1.0
krass	neg 1.0		neg 0.3701402851659831 __DUMMY__ 0.32097736603201754 off 0.30888234880199944	false	1.0
revolte	neg 1.0	neg 1.0	neg 0.6797129828453509 off 0.16545260769049053 __DUMMY__ 0.15483440946415863	false	1.0
besorgt	neg 1.0		neg 0.37601225041595177 __DUMMY__ 0.326316336600776 off 0.2976714129832721	false	1.0
nachlassen	neg 1.0		neg 0.3813710362367394 __DUMMY__ 0.3248460624764448 off 0.2937829012868157	false	1.0
alt	neg 1.0		neg 0.380181241237907 __DUMMY__ 0.32473512121004944 off 0.2950836375520436	false	1.0
hundesohn	off 1.0		neg 0.3686741059889915 __DUMMY__ 0.31808189912840457 off 0.31324399488260407	false	0.5
als			neg 0.3771256394348829 __DUMMY__ 0.325484803692604 off 0.29738955687251306	false	0.0
abschreckung	neg 1.0		neg 0.3847075155263958 __DUMMY__ 0.32438672933350327 off 0.290905755140101	false	1.0
unqualifiziert	neg 1.0		neg 0.37827052629301117 __DUMMY__ 0.3209040181430416 off 0.3008254555639472	false	1.0
abgewichst	off 1.0		neg 0.37895926071270813 __DUMMY__ 0.3244112049660821 off 0.29662953432120975	false	0.5
schwer	neg 1.0		neg 0.3768119972393679 __DUMMY__ 0.3243380818514516 off 0.29884992090918056	false	1.0
bedeutungslosigkeit	neg 1.0		neg 0.38369414364467636 __DUMMY__ 0.32425389626393897 off 0.2920519600913847	false	1.0
kapitulation	neg 1.0		neg 0.3863307145427055 __DUMMY__ 0.32174402167259525 off 0.2919252637846992	false	1.0
unscharf	neg 1.0		neg 0.3756878916134423 __DUMMY__ 0.323091730678515 off 0.3012203777080427	false	1.0
schwinden	neg 1.0		neg 0.38326582253623187 __DUMMY__ 0.3245940686014568 off 0.2921401088623113	false	1.0
versklavung	neg 1.0		neg 0.3827908970600176 __DUMMY__ 0.32023836086632274 off 0.29697074207365964	false	1.0
schlecht	neg 1.0		neg 0.37029988951174786 __DUMMY__ 0.32337464121948617 off 0.306325469268766	false	1.0
verhasst	neg 1.0		neg 0.3772078221184553 __DUMMY__ 0.32321729062291477 off 0.29957488725863013	false	1.0
beschweren	neg 1.0		neg 0.37525716753887234 __DUMMY__ 0.323716826448518 off 0.3010260060126097	false	1.0
scheiden	neg 1.0		neg 0.3702599978854543 __DUMMY__ 0.3277831682454998 off 0.30195683386904604	false	1.0
frustriert	neg 1.0		neg 0.3779848875078961 __DUMMY__ 0.32445599134831105 off 0.2975591211437928	false	1.0
schimmelig	neg 1.0		neg 0.38075311421182617 __DUMMY__ 0.3249261795516727 off 0.29432070623650114	false	1.0
fisch	neg 1.0		neg 0.37773830554781257 __DUMMY__ 0.3275952984108007 off 0.29466639604138667	false	1.0
schmuggel	neg 1.0		neg 0.3801877104987755 __DUMMY__ 0.32636458463287465 off 0.29344770486835	false	1.0
auffallen	neg 1.0		neg 0.3745485760075827 __DUMMY__ 0.3236074136209251 off 0.30184401037149217	false	1.0
konkurrenz	neg 1.0	neg 1.0	neg 0.6813172489242741 off 0.16131182799308771 __DUMMY__ 0.15737092308263817	false	1.0
teufelskreis	neg 1.0	neg 1.0	neg 0.679780911591877 off 0.1643399732705425 __DUMMY__ 0.15587911513758046	false	1.0
aufschreien	neg 1.0		neg 0.37619455555039244 __DUMMY__ 0.3227517949931556 off 0.30105364945645197	false	1.0
schuldner	neg 1.0		neg 0.3832143214748474 __DUMMY__ 0.3244620722794547 off 0.292323606245698	false	1.0
missgeburt	off 1.0	off 1.0	off 0.6412799772196908 neg 0.20482040513708044 __DUMMY__ 0.15389961764322888	false	1.0
arbeitslos	neg 1.0		neg 0.38152669456065263 __DUMMY__ 0.32310779109956317 off 0.29536551433978425	false	1.0
befallen	neg 1.0		neg 0.38222754017202737 __DUMMY__ 0.32252441360542156 off 0.2952480462225512	false	1.0
miesepetrig	off 1.0	off 1.0	off 0.6392290708775232 neg 0.20492829962392883 __DUMMY__ 0.15584262949854794	false	1.0
alarmieren	neg 1.0		neg 0.3775074397281731 __DUMMY__ 0.3206094703348621 off 0.3018830899369649	false	1.0
ungeduscht	off 1.0		neg 0.3724727212518085 __DUMMY__ 0.32394893953651993 off 0.30357833921167154	false	0.5
knappheit	neg 1.0		neg 0.3847080313343968 __DUMMY__ 0.3225735539045932 off 0.2927184147610098	false	1.0
schlange	neg 1.0		neg 0.3716820562689998 __DUMMY__ 0.32584829736891946 off 0.30246964636208085	false	1.0
harsch	neg 1.0		neg 0.3669580421114976 __DUMMY__ 0.3224501220135911 off 0.31059183587491135	false	1.0
lang	neg 1.0		neg 0.37728608742185427 __DUMMY__ 0.3238187157549578 off 0.2988951968231878	false	1.0
ziellos	neg 1.0		neg 0.3774234121077589 __DUMMY__ 0.3257939371646892 off 0.2967826507275519	false	1.0
selbstverliebt	neg 1.0		neg 0.3662946366341416 __DUMMY__ 0.3175144135144229 off 0.31619094985143553	false	1.0
beseitigen	neg 1.0	neg 1.0	neg 0.6780093548969871 off 0.16491084241936596 __DUMMY__ 0.1570798026836469	false	1.0
dumm	off 1.0		neg 0.3678598074291466 __DUMMY__ 0.3200806638189946 off 0.31205952875185883	false	0.5
arbeitsloser	neg 1.0		neg 0.38001355995043185 __DUMMY__ 0.3246504743713224 off 0.2953359656782458	false	1.0
blitzen	neg 1.0		neg 0.375500950703649 __DUMMY__ 0.3226949279669158 off 0.3018041213294352	false	1.0
hilflos	neg 1.0		neg 0.37832976902350196 __DUMMY__ 0.3246040090145926 off 0.29706622196190535	false	1.0
eklig	off 1.0		neg 0.3673315683296085 __DUMMY__ 0.31991312182912973 off 0.3127553098412619	false	0.5
begriff			neg 0.38034301786088753 __DUMMY__ 0.32315317262932935 off 0.29650380950978306	false	0.0
hungersnot	neg 1.0		neg 0.3810776775637532 __DUMMY__ 0.3233120292651642 off 0.2956102931710826	false	1.0
ungesetzlich	neg 1.0		neg 0.3823927612248839 __DUMMY__ 0.31962455269331586 off 0.29798268608180034	false	1.0
verschwendung	neg 1.0		neg 0.38179039545688065 __DUMMY__ 0.32456395621656964 off 0.2936456483265496	false	1.0
schmerzvoll	neg 1.0		neg 0.3750734280078411 __DUMMY__ 0.3238628407707842 off 0.3010637312213748	false	1.0
vorzeitig	neg 1.0		neg 0.3733909281262148 __DUMMY__ 0.3239498488933823 off 0.3026592229804029	false	1.0
unvollkommenheit	neg 1.0		neg 0.37684651621510273 __DUMMY__ 0.3261627273343347 off 0.2969907564505626	false	1.0
intervenieren	neg 1.0		neg 0.385841134616752 __DUMMY__ 0.32253365563569314 off 0.2916252097475548	false	1.0
banause	off 1.0		neg 0.3673722045196656 __DUMMY__ 0.31837055593104435 off 0.3142572395492899	false	0.5
rebell	neg 1.0		neg 0.385566504671275 __DUMMY__ 0.32495006576392904 off 0.28948342956479595	false	1.0
unlogisch	neg 1.0		neg 0.3705437783502624 __DUMMY__ 0.3213304945762923 off 0.30812572707344527	false	1.0
leiden	neg 1.0		neg 0.37437067632134213 __DUMMY__ 0.3291682941736549 off 0.29646102950500286	false	1.0
abschaffung	neg 1.0		neg 0.3815263523745633 __DUMMY__ 0.3212996418101082 off 0.29717400581532855	false	1.0
sturz	neg 1.0		neg 0.3773494891412773 __DUMMY__ 0.3241240267617236 off 0.29852648409699917	false	1.0
verkleinerung	neg 1.0		neg 0.38123034644466053 __DUMMY__ 0.3195800211105359 off 0.2991896324448036	false	1.0
schmarotzer	off 1.0		neg 0.3823173351456756 __DUMMY__ 0.3227480120249303 off 0.2949346528293942	false	0.5
bestrafung	neg 1.0		neg 0.37653007879315215 __DUMMY__ 0.32339143054382397 off 0.30007849066302394	false	1.0
achtlos	neg 1.0		neg 0.3751706340266564 __DUMMY__ 0.325323473666772 off 0.2995058923065715	false	1.0
ungeheuer	neg 1.0		neg 0.3714509614081468 __DUMMY__ 0.3249584818610501 off 0.30359055673080304	false	1.0
unaufrichtig	neg 1.0		neg 0.37918952240884746 __DUMMY__ 0.3212885679304745 off 0.29952190966067804	false	1.0
groggy	neg 1.0		neg 0.377102966767595 __DUMMY__ 0.3221401813453283 off 0.3007568518870766	false	1.0
verletzlich	neg 1.0		neg 0.37058950684188674 __DUMMY__ 0.3223211841009759 off 0.30708930905713744	false	1.0
ablehnen	neg 1.0		neg 0.3825212469234398 __DUMMY__ 0.3233029483305328 off 0.29417580474602745	false	1.0
