unsolidarisch	neg 1.0		__DUMMY__ 0.9182748758192935 neg 0.04802973464219634 off 0.033695389538510166	false	1.0
nachteilig	neg 1.0		__DUMMY__ 0.9241761445656533 neg 0.045455496447439514 off 0.030368358986907186	false	1.0
skeptisch	neg 1.0		__DUMMY__ 0.9252424902637731 neg 0.044846832912349664 off 0.029910676823877158	false	1.0
schrecklich	neg 1.0		__DUMMY__ 0.9217253355463907 off 0.040348765281991425 neg 0.037925899171617865	false	0.5
schlapp	neg 1.0	neg 1.0	neg 0.5052653497899293 __DUMMY__ 0.4613784743528594 off 0.03335617585721123	false	1.0
abfall	neg 1.0		__DUMMY__ 0.9266320472708208 neg 0.04547431003638423 off 0.027893642692794988	false	1.0
widerspenstig	neg 1.0		__DUMMY__ 0.9253190165666769 neg 0.04160491643816472 off 0.03307606699515834	false	1.0
abrupt	neg 1.0		__DUMMY__ 0.929618852932187 neg 0.040594485650451546 off 0.02978666141736139	false	1.0
unwirksam	neg 1.0		__DUMMY__ 0.9197977519809877 neg 0.046996066378335484 off 0.033206181640676936	false	1.0
angreifen	neg 1.0	neg 1.0	neg 0.510812935908074 __DUMMY__ 0.46168654371628975 off 0.02750052037563624	false	1.0
inkonsistent	neg 1.0		__DUMMY__ 0.9236551543223925 neg 0.04271693290841222 off 0.03362791276919526	false	1.0
abrutschen	neg 1.0		__DUMMY__ 0.9267757070491093 neg 0.04506002524085681 off 0.028164267710033938	false	1.0
unsicher	neg 1.0		__DUMMY__ 0.9253838329016071 neg 0.04110548432033556 off 0.03351068277805729	false	1.0
bauernkind	off 1.0	off 1.0	off 0.5062884016271676 __DUMMY__ 0.45476786827466215 neg 0.03894373009817029	false	1.0
angreifer	neg 1.0		__DUMMY__ 0.9255011714265298 neg 0.04010362325271732 off 0.034395205320752895	false	1.0
trennen	neg 1.0		__DUMMY__ 0.9307350880639563 neg 0.03900694233437765 off 0.030257969601666105	false	1.0
schmutz	neg 1.0		__DUMMY__ 0.9270677967976049 neg 0.038798439098238345 off 0.034133764104156736	false	1.0
inkonsistenz	neg 1.0		__DUMMY__ 0.9202709801914727 neg 0.043106201629192986 off 0.03662281817933434	false	1.0
erschreckend	neg 1.0		__DUMMY__ 0.924149045834613 neg 0.043043940377489556 off 0.03280701378789739	false	1.0
ertrinken	neg 1.0		__DUMMY__ 0.9270590299353705 neg 0.042070695817466155 off 0.030870274247163324	false	1.0
pickelface	off 1.0		__DUMMY__ 0.9239160865827671 neg 0.044228245021018193 off 0.03185566839621458	false	0.5
seiner			__DUMMY__ 0.9272494642037078 neg 0.042596839286254934 off 0.030153696510037235	false	0.0
lauch	neg 1.0		__DUMMY__ 0.924427221719312 neg 0.04762084292081829 off 0.027951935359869666	false	1.0
unwichtig	neg 1.0		__DUMMY__ 0.9220216702864664 neg 0.04100568868021187 off 0.036972641033321804	false	1.0
steuerhinterziehung	neg 1.0		__DUMMY__ 0.9212886942784907 neg 0.046369393745086356 off 0.03234191197642292	false	1.0
schock	neg 1.0		__DUMMY__ 0.9279645172564437 neg 0.039362991493462354 off 0.03267249125009386	false	1.0
beule	neg 1.0		__DUMMY__ 0.9242111164091837 neg 0.03903638819426724 off 0.036752495396548936	false	1.0
vergelten	neg 1.0		__DUMMY__ 0.9243778759145331 off 0.039466438851075675 neg 0.03615568523439111	false	0.5
verdorbenheit	neg 1.0		__DUMMY__ 0.9254210746889501 neg 0.04207341328807685 off 0.032505512022973033	false	1.0
trauma	neg 1.0		__DUMMY__ 0.9237701193383644 neg 0.042121218906142906 off 0.03410866175549273	false	1.0
sinnlos	neg 1.0		__DUMMY__ 0.9245989621545065 neg 0.040253658089857945 off 0.035147379755635595	false	1.0
fettsack	off 1.0	off 1.0	off 0.5075652891686301 __DUMMY__ 0.4563299979661763 neg 0.036104712865193594	false	1.0
feige	off 1.0	off 1.0	off 0.5042615561595635 __DUMMY__ 0.457447031297626 neg 0.03829141254281061	false	1.0
abdanken	neg 1.0		__DUMMY__ 0.922194988560069 neg 0.0446411862510846 off 0.03316382518884642	false	1.0
wichtigtuer	off 1.0	off 1.0	off 0.5022290708824094 __DUMMY__ 0.4593411007658599 neg 0.03842982835173067	false	1.0
misslingen	neg 1.0		__DUMMY__ 0.9298513493832512 neg 0.036457538256269816 off 0.03369111236047895	false	1.0
untreu	off 1.0		__DUMMY__ 0.9212127127726862 neg 0.0409462271843123 off 0.03784106004300146	false	0.5
missmutig	neg 1.0		__DUMMY__ 0.9237799480546188 neg 0.03936301548864833 off 0.036857036456732925	false	1.0
hurenbock	off 1.0		__DUMMY__ 0.9257539357088234 neg 0.040223749353902105 off 0.03402231493727462	false	0.5
betrunken	neg 1.0		__DUMMY__ 0.9244766389461778 off 0.03854885789734157 neg 0.03697450315648059	false	0.5
korrupt	off 1.0		__DUMMY__ 0.9201158577398495 neg 0.04786854128584765 off 0.03201560097430286	false	0.5
unmut	neg 1.0		__DUMMY__ 0.9260017873350322 neg 0.045853191167597486 off 0.028145021497370203	false	1.0
hackfresse	off 1.0		__DUMMY__ 0.9185698647238537 off 0.042859583409113666 neg 0.03857055186703265	false	1.0
aufblasen	neg 1.0		__DUMMY__ 0.926102899150799 neg 0.03971476380218508 off 0.03418233704701597	false	1.0
gewaltsam	neg 1.0		__DUMMY__ 0.9244122895389206 neg 0.042833295132219805 off 0.03275441532885949	false	1.0
unbeliebtheit	neg 1.0		__DUMMY__ 0.9165682281068399 neg 0.04656365734325788 off 0.03686811454990223	false	1.0
sturheit	neg 1.0		__DUMMY__ 0.923845686111178 neg 0.0432179068196255 off 0.03293640706919649	false	1.0
kuh	neg 1.0		__DUMMY__ 0.921673944644868 neg 0.04509475879481776 off 0.03323129656031433	false	1.0
erschrecken	neg 1.0		__DUMMY__ 0.924261936319276 neg 0.039372777911900435 off 0.03636528576882356	false	1.0
opfer	neg 1.0		__DUMMY__ 0.9262584919544639 neg 0.04267315152476071 off 0.031068356520775393	false	1.0
sinken	neg 1.0		__DUMMY__ 0.9277618914609498 neg 0.043874348900990706 off 0.028363759638059538	false	1.0
stinktier	neg 1.0		__DUMMY__ 0.9187106633086508 off 0.04067849866806215 neg 0.04061083802328709	false	0.5
tucke	off 1.0		__DUMMY__ 0.9145876008399562 off 0.043118164426035124 neg 0.04229423473400866	false	1.0
ein			__DUMMY__ 0.9267711091455032 neg 0.03959677723003648 off 0.03363211362446038	false	0.0
abstieg	neg 1.0		__DUMMY__ 0.9281705716197338 neg 0.0414867702762504 off 0.030342658104015832	false	1.0
missverstehen	neg 1.0		__DUMMY__ 0.9218081987777302 neg 0.04275326949254021 off 0.03543853172972959	false	1.0
ergebnislos	neg 1.0		__DUMMY__ 0.9257081601942116 neg 0.04393844712534139 off 0.03035339268044696	false	1.0
unter			__DUMMY__ 0.9336616566445722 neg 0.04174248682270345 off 0.0245958565327243	false	0.0
manipulieren	neg 1.0		__DUMMY__ 0.9256931966500317 neg 0.04426699455416391 off 0.030039808795804403	false	1.0
unbewiesen	neg 1.0		__DUMMY__ 0.9175119344304551 neg 0.0485230532939549 off 0.033965012275590005	false	1.0
verschleppen	neg 1.0		__DUMMY__ 0.924574429811178 neg 0.04382754943891391 off 0.0315980207499081	false	1.0
weib	off 1.0		__DUMMY__ 0.917898303468256 off 0.04283864516671992 neg 0.039263051365024094	false	1.0
opposition	neg 1.0		__DUMMY__ 0.9213711776014512 neg 0.04415675832030938 off 0.03447206407823939	false	1.0
verkehrswidrig	neg 1.0	neg 1.0	neg 0.49792242955912797 __DUMMY__ 0.46654964525042075 off 0.03552792519045117	false	1.0
inkorrekt	neg 1.0		__DUMMY__ 0.9174888186733218 neg 0.04354613092018604 off 0.038965050406492244	false	1.0
vermeiden	neg 1.0		__DUMMY__ 0.9303357917773794 neg 0.04344972559025612 off 0.026214482632364623	false	1.0
abweichung	neg 1.0	neg 1.0	neg 0.5092119183516954 __DUMMY__ 0.4629630265603343 off 0.02782505508797033	false	1.0
alkoholisiert	neg 1.0		__DUMMY__ 0.9346269002872727 neg 0.03627113635843959 off 0.029101963354287715	false	1.0
scheiss	off 1.0	off 1.0	off 0.5036071590711652 __DUMMY__ 0.46026144390192625 neg 0.03613139702690858	false	1.0
herausforderung	neg 1.0	neg 1.0	neg 0.5039658774553748 __DUMMY__ 0.4689540002311477 off 0.027080122313477575	false	1.0
pervers	off 1.0		__DUMMY__ 0.9172294578805007 off 0.04517474699500827 neg 0.037595795124491065	false	1.0
wackelig	neg 1.0		__DUMMY__ 0.9301844423848649 neg 0.03861571151101533 off 0.031199846104119758	false	1.0
verwickeln	neg 1.0		__DUMMY__ 0.9222207687706603 neg 0.04236547140826516 off 0.03541375982107458	false	1.0
vorwand	neg 1.0		__DUMMY__ 0.9257339741053531 neg 0.04486121502332297 off 0.02940481087132405	false	1.0
muschi	off 1.0		__DUMMY__ 0.9243910843478188 neg 0.04333850268540442 off 0.03227041296677673	false	0.5
entmutigung	neg 1.0		__DUMMY__ 0.9203765711700597 neg 0.04483204295724035 off 0.034791385872700045	false	1.0
unangemessen	neg 1.0		__DUMMY__ 0.9231752854199354 neg 0.04456683221671845 off 0.03225788236334617	false	1.0
unstetig	neg 1.0		__DUMMY__ 0.9241572030348323 neg 0.0422071529632341 off 0.03363564400193361	false	1.0
entmutigen	neg 1.0		__DUMMY__ 0.9249779395769266 neg 0.040596240859894314 off 0.03442581956317912	false	1.0
schwanz	neg 1.0		__DUMMY__ 0.9260746607062017 neg 0.044208419559456445 off 0.02971691973434193	false	1.0
verbot	neg 1.0		__DUMMY__ 0.9217222128837882 neg 0.04652111198315697 off 0.03175667513305476	false	1.0
leid	neg 1.0		__DUMMY__ 0.9209807470211357 off 0.04105567107177466 neg 0.03796358190708956	false	0.5
archaisch	neg 1.0		__DUMMY__ 0.925232114266954 neg 0.04283104991348507 off 0.031936835819561	false	1.0
gegen			__DUMMY__ 0.9277827978467308 neg 0.043153957691832515 off 0.02906324446143659	false	0.0
scheidung	neg 1.0		__DUMMY__ 0.9174785095427779 off 0.048035918738987576 neg 0.03448557171823452	false	0.5
einschlag	neg 1.0	neg 1.0	neg 0.503985081390189 __DUMMY__ 0.4603476049548943 off 0.0356673136549168	false	1.0
m			__DUMMY__ 0.9266938649451509 neg 0.04172049819767358 off 0.03158563685717556	false	0.0
abgestanden	neg 1.0		__DUMMY__ 0.9247668955781235 neg 0.042164829456501504 off 0.03306827496537492	false	1.0
schmierig	off 1.0		__DUMMY__ 0.9211717229067128 off 0.04072617937901226 neg 0.03810209771427496	false	1.0
unpraktisch	neg 1.0		__DUMMY__ 0.9269810558118613 neg 0.039313957397178176 off 0.03370498679096054	false	1.0
wixxer	off 1.0		__DUMMY__ 0.9162307102645201 off 0.04501670136766572 neg 0.03875258836781428	false	1.0
bezeichnet			__DUMMY__ 0.9236034724914094 neg 0.04316784849784456 off 0.033228679010746005	false	0.0
jammerlappen	off 1.0		__DUMMY__ 0.922207909158272 neg 0.04071202351034584 off 0.037080067331382166	false	0.5
farce	neg 1.0		__DUMMY__ 0.9211504337626285 neg 0.04655861027688099 off 0.03229095596049042	false	1.0
zwecklos	neg 1.0		__DUMMY__ 0.9238746289889409 neg 0.043943708560887786 off 0.03218166245017138	false	1.0
turbulent	neg 1.0		__DUMMY__ 0.9211623222325164 neg 0.041595714816880555 off 0.03724196295060305	false	1.0
invasion	neg 1.0		__DUMMY__ 0.9245053242513399 neg 0.04035333891960808 off 0.03514133682905203	false	1.0
schuld	neg 1.0		__DUMMY__ 0.9241212786667508 neg 0.041680924717887174 off 0.034197796615362014	false	1.0
risiko	neg 1.0		__DUMMY__ 0.9265958184711718 neg 0.03987944957856196 off 0.03352473195026633	false	1.0
finster	neg 1.0		__DUMMY__ 0.926043281612415 neg 0.040502110097322165 off 0.03345460829026284	false	1.0
geisteskrank	off 1.0		__DUMMY__ 0.9200609373155654 neg 0.04150913317720116 off 0.03842992950723346	false	0.5
zusammenbrechen	neg 1.0		__DUMMY__ 0.9263460662001396 neg 0.041215886243989135 off 0.03243804755587124	false	1.0
ausbeute	neg 1.0		__DUMMY__ 0.9310968029811709 neg 0.039478570228314906 off 0.029424626790514243	false	1.0
hinterhalt	neg 1.0		__DUMMY__ 0.9274782419774457 neg 0.040829014497042695 off 0.03169274352551165	false	1.0
kritik	neg 1.0		__DUMMY__ 0.921602572939843 neg 0.046205944583357916 off 0.03219148247679903	false	1.0
einschrumpfen	neg 1.0		__DUMMY__ 0.9193129207749622 neg 0.04504925581110059 off 0.03563782341393714	false	1.0
riskant	neg 1.0		__DUMMY__ 0.9243247218947611 neg 0.044747622846266724 off 0.030927655258972203	false	1.0
frustrieren	neg 1.0		__DUMMY__ 0.9255471779815143 neg 0.04344726742264438 off 0.031005554595841284	false	1.0
groll	neg 1.0		__DUMMY__ 0.9254689396830709 neg 0.04256642070051861 off 0.031964639616410544	false	1.0
gibt			__DUMMY__ 0.9252462165958117 neg 0.042473615191041675 off 0.03228016821314662	false	0.0
qualvoll	neg 1.0		__DUMMY__ 0.9254115632124338 neg 0.0388732096479695 off 0.03571522713959672	false	1.0
wackeln	neg 1.0	neg 1.0	neg 0.5050814796574025 __DUMMY__ 0.46422423735640106 off 0.03069428298619637	false	1.0
klagen	neg 1.0		__DUMMY__ 0.9265624620527059 neg 0.04496359610231153 off 0.028473941844982635	false	1.0
bankrott	neg 1.0		__DUMMY__ 0.9236536467476044 neg 0.04032474264054205 off 0.03602161061185355	false	1.0
trauern	neg 1.0		__DUMMY__ 0.9281637263268365 neg 0.04100324144850635 off 0.030833032224657126	false	1.0
ablehnung	neg 1.0		__DUMMY__ 0.9213368229895458 neg 0.04638765489399825 off 0.032275522116455985	false	1.0
stur	neg 1.0		__DUMMY__ 0.9234081047584993 neg 0.04196116258109678 off 0.034630732660403826	false	1.0
aufruhr	neg 1.0		__DUMMY__ 0.9242624981265154 neg 0.042961835801340484 off 0.03277566607214413	false	1.0
melancholie	neg 1.0		__DUMMY__ 0.9276637844883416 neg 0.041192973539246655 off 0.031143241972411664	false	1.0
ist			__DUMMY__ 0.9242985870132829 neg 0.04097842309208851 off 0.03472298989462855	false	0.0
torheit	neg 1.0		__DUMMY__ 0.9220883445124206 neg 0.04368329835568939 off 0.03422835713189003	false	1.0
dreckskind	off 1.0		__DUMMY__ 0.9178765317551258 off 0.041762196658604256 neg 0.04036127158626986	false	1.0
umtauschen	neg 1.0		__DUMMY__ 0.9260974510958181 neg 0.041388911333496 off 0.0325136375706859	false	1.0
zum			__DUMMY__ 0.9352329540899637 neg 0.0385673680041365 off 0.026199677905899874	false	0.0
zersetzen	neg 1.0		__DUMMY__ 0.9240814038858316 neg 0.04598951693817922 off 0.029929079175989134	false	1.0
zur			__DUMMY__ 0.9301461761801431 neg 0.04381718331050645 off 0.026036640509350544	false	0.0
frust	neg 1.0		__DUMMY__ 0.9263517960030668 neg 0.041255928280442035 off 0.03239227571649119	false	1.0
unerbittlichkeit	neg 1.0		__DUMMY__ 0.9248917872733182 neg 0.04509694229786809 off 0.030011270428813734	false	1.0
zwei			__DUMMY__ 0.9328288376814926 neg 0.039359386498162445 off 0.027811775820344945	false	0.0
unkorrekt	neg 1.0		__DUMMY__ 0.9184635170978566 neg 0.04228271900859638 off 0.03925376389354706	false	1.0
hexe	off 1.0		__DUMMY__ 0.9229493924157645 neg 0.039878445231765924 off 0.03717216235246965	false	0.5
lasch	neg 1.0		__DUMMY__ 0.9211696367214598 neg 0.04250047433259461 off 0.03632988894594557	false	1.0
rivale	neg 1.0		__DUMMY__ 0.9234394598915624 off 0.038842049040152704 neg 0.03771849106828485	false	0.5
mutlos	off 1.0	off 1.0	off 0.4982556882330363 __DUMMY__ 0.46014505758136853 neg 0.04159925418559512	false	1.0
wirr	off 1.0		__DUMMY__ 0.9187654079645005 neg 0.04189855998963761 off 0.03933603204586184	false	0.5
jahr			__DUMMY__ 0.9327282015433448 neg 0.03820265105307519 off 0.029069147403580017	false	0.0
wird			__DUMMY__ 0.926586600882748 neg 0.04229372407399908 off 0.031119675043252873	false	0.0
strafbar	neg 1.0		__DUMMY__ 0.9240004378428779 neg 0.04490465006843958 off 0.031094912088682525	false	1.0
erosion	neg 1.0		__DUMMY__ 0.9259423482631216 neg 0.04040802552630351 off 0.0336496262105749	false	1.0
eingehen	neg 1.0		__DUMMY__ 0.923537817000683 neg 0.04472512758993668 off 0.0317370554093803	false	1.0
faul	off 1.0		__DUMMY__ 0.9244299937807802 neg 0.0395329403808592 off 0.03603706583836066	false	0.5
provisorium	neg 1.0		__DUMMY__ 0.9313621375863623 neg 0.044356673420831036 off 0.024281188992806617	false	1.0
schmerzen	neg 1.0		__DUMMY__ 0.925665530095084 neg 0.041523905041359 off 0.03281056486355697	false	1.0
schrumpfen	neg 1.0		__DUMMY__ 0.927766816597007 neg 0.04578170153109411 off 0.02645148187189893	false	1.0
geistlos	off 1.0		__DUMMY__ 0.9184965618058712 neg 0.04579624129253026 off 0.03570719690159848	false	0.5
fehlkauf	neg 1.0		__DUMMY__ 0.9228652097092005 neg 0.04246567136523541 off 0.03466911892556412	false	1.0
frustrierend	neg 1.0		__DUMMY__ 0.9249423479666314 neg 0.03873369162359416 off 0.03632396040977437	false	1.0
unzufrieden	neg 1.0		__DUMMY__ 0.9239511648294024 neg 0.043931876961813186 off 0.032116958208784435	false	1.0
verzweifeln	neg 1.0		__DUMMY__ 0.9252760293032705 neg 0.04155030754865076 off 0.03317366314807878	false	1.0
verzweifelt	neg 1.0		__DUMMY__ 0.9232435643844089 neg 0.042099899757075475 off 0.03465653585851559	false	1.0
misstrauensantrag	neg 1.0		__DUMMY__ 0.9219123672210044 neg 0.043184321813723274 off 0.03490331096527226	false	1.0
abfallen	neg 1.0		__DUMMY__ 0.9274516940112045 neg 0.03862082033787942 off 0.03392748565091608	false	1.0
fucker	off 1.0		__DUMMY__ 0.9202029926635306 neg 0.041028943843531854 off 0.03876806349293759	false	0.5
ungezogen	neg 1.0		__DUMMY__ 0.9194666054418591 off 0.04384533102592949 neg 0.036688063532211365	false	0.5
irrsinnig	neg 1.0	neg 1.0	neg 0.5087599763972764 __DUMMY__ 0.4599305896744725 off 0.03130943392825105	false	1.0
unfassbar	neg 1.0		__DUMMY__ 0.9224456157044725 neg 0.03998698948940094 off 0.03756739480612658	false	1.0
hart	neg 1.0		__DUMMY__ 0.9222226293842357 neg 0.04212544356745018 off 0.035651927048314144	false	1.0
widerlich	off 1.0		__DUMMY__ 0.9200879678564532 neg 0.041624571542881815 off 0.03828746060066495	false	0.5
fatal	neg 1.0		__DUMMY__ 0.9228732603200258 neg 0.0421777570065558 off 0.03494898267341833	false	1.0
bruch	neg 1.0		__DUMMY__ 0.9255512777417224 neg 0.04576978957970486 off 0.02867893267857275	false	1.0
aushungern	neg 1.0		__DUMMY__ 0.9219468191009925 neg 0.04500623648629063 off 0.033046944412716925	false	1.0
anspannung	neg 1.0	neg 1.0	neg 0.5056126253842264 __DUMMY__ 0.47019734295772975 off 0.024190031658043853	false	1.0
von			__DUMMY__ 0.931626698274928 neg 0.03975603671102063 off 0.02861726501405133	false	0.0
kraftlos	neg 1.0		__DUMMY__ 0.9282291306249112 neg 0.04002777791282174 off 0.03174309146226705	false	1.0
vom			__DUMMY__ 0.934794433544375 neg 0.04057388772095163 off 0.0246316787346733	false	0.0
grenzdebil	off 1.0		__DUMMY__ 0.9222987995313011 neg 0.0394801341976433 off 0.038221066271055586	false	0.5
vor			__DUMMY__ 0.9276941806444098 neg 0.04298659912158066 off 0.02931922023400952	false	0.0
unterwerfen	neg 1.0		__DUMMY__ 0.9260900408240943 neg 0.043071629550592884 off 0.03083832962531283	false	1.0
versenkung	neg 1.0		__DUMMY__ 0.925302553785687 neg 0.043951824340255886 off 0.030745621874057116	false	1.0
entziehen	neg 1.0		__DUMMY__ 0.9264124846332323 neg 0.04465887982099098 off 0.028928635545776696	false	1.0
finanzkrise	neg 1.0		__DUMMY__ 0.9203580828478742 neg 0.04691495565848304 off 0.032726961493642716	false	1.0
schimpfend	neg 1.0		__DUMMY__ 0.9286409647882481 neg 0.03775291840660291 off 0.03360611680514896	false	1.0
profan	neg 1.0		__DUMMY__ 0.9233127213575081 neg 0.041201120597810656 off 0.035486158044681256	false	1.0
korruption	neg 1.0	neg 1.0	neg 0.5125624446683047 __DUMMY__ 0.4586481188318155 off 0.02878943649987986	false	1.0
â			__DUMMY__ 0.9263599759703045 neg 0.04284715447493958 off 0.03079286955475593	false	0.0
schmutzig	neg 1.0		__DUMMY__ 0.9228971305528979 neg 0.039344934923424196 off 0.037757934523677865	false	1.0
sexy	neg 1.0		__DUMMY__ 0.9232964976186525 neg 0.04073849430080534 off 0.03596500808054214	false	1.0
abraten	neg 1.0		__DUMMY__ 0.9238848791189969 neg 0.041440918361007974 off 0.03467420251999522	false	1.0
schwarz	neg 1.0		__DUMMY__ 0.9232336530925819 neg 0.04228921644818907 off 0.034477130459229045	false	1.0
fotze	off 1.0		__DUMMY__ 0.9247405020857593 neg 0.04461945054957433 off 0.030640047364666346	false	0.5
verwirren	neg 1.0		__DUMMY__ 0.9234968416533675 neg 0.04078579762118672 off 0.03571736072544573	false	1.0
zahnlos	off 1.0		__DUMMY__ 0.923551355919421 neg 0.04431051753470444 off 0.03213812654587456	false	0.5
verheeren	neg 1.0		__DUMMY__ 0.9187929041753301 off 0.04480052953899319 neg 0.03640656628567667	false	0.5
hippie	neg 1.0		__DUMMY__ 0.9227307337508199 neg 0.041590164044575106 off 0.03567910220460495	false	1.0
rammen	neg 1.0		__DUMMY__ 0.9228357197017699 neg 0.04372227150465133 off 0.0334420087935787	false	1.0
unlauter	neg 1.0		__DUMMY__ 0.9196913374898165 neg 0.046393921673294175 off 0.0339147408368893	false	1.0
unheilvoll	neg 1.0		__DUMMY__ 0.9267310040473662 neg 0.03853852649126494 off 0.03473046946136882	false	1.0
niedrig	neg 1.0		__DUMMY__ 0.9258913180889778 neg 0.0443074289130218 off 0.029801252998000318	false	1.0
explosion	neg 1.0		__DUMMY__ 0.9227195566451889 neg 0.04212075902728332 off 0.03515968432752781	false	1.0
weichei	off 1.0		__DUMMY__ 0.9185500615431574 off 0.041680850088254257 neg 0.03976908836858822	false	1.0
minusmensch	off 1.0		__DUMMY__ 0.9126316588903003 off 0.04504424499848547 neg 0.042324096111214224	false	1.0
farblos	neg 1.0		__DUMMY__ 0.929982229373312 neg 0.03805190020156969 off 0.031965870425118295	false	1.0
unwissend	neg 1.0	neg 1.0	neg 0.5069638470632082 __DUMMY__ 0.45900319496353204 off 0.03403295797325988	false	1.0
traurig	neg 1.0		__DUMMY__ 0.9224392614661419 off 0.039601486707273544 neg 0.03795925182658464	false	0.5
senkung	neg 1.0		__DUMMY__ 0.9208255546505877 neg 0.04386274542734641 off 0.03531169992206593	false	1.0
ungleich	neg 1.0	neg 1.0	neg 0.5117617657278143 __DUMMY__ 0.46033916345338816 off 0.02789907081879757	false	1.0
heikel	neg 1.0		__DUMMY__ 0.9246640596017213 neg 0.045325585391242915 off 0.030010355007035826	false	1.0
drosselung	neg 1.0		__DUMMY__ 0.9225975879247102 neg 0.03973391961767948 off 0.03766849245761029	false	1.0
falsch	neg 1.0		__DUMMY__ 0.9232848476382454 neg 0.04025489394171312 off 0.036460258420041594	false	1.0
unzufriedenheit	neg 1.0		__DUMMY__ 0.9255739981516115 neg 0.04473510644897411 off 0.02969089539941445	false	1.0
kurz	neg 1.0		__DUMMY__ 0.9285358153428436 neg 0.03949485769009279 off 0.03196932696706367	false	1.0
unsinnig	neg 1.0		__DUMMY__ 0.9225645038630235 neg 0.044974639530832965 off 0.03246085660614349	false	1.0
penner	off 1.0	off 1.0	off 0.5094499577738366 __DUMMY__ 0.45571391578517356 neg 0.03483612644098993	false	1.0
seicht	neg 1.0		__DUMMY__ 0.9159703939316434 off 0.04412973800728081 neg 0.039899868061075754	false	0.5
dummheit	off 1.0	off 1.0	off 0.5024500309673943 __DUMMY__ 0.4584079000201836 neg 0.03914206901242213	false	1.0
unerfreulich	neg 1.0		__DUMMY__ 0.9267772575696955 neg 0.04406462488540159 off 0.029158117544902936	false	1.0
motherfucker	off 1.0	off 1.0	off 0.5053802941579446 __DUMMY__ 0.45664551197099357 neg 0.03797419387106192	false	1.0
pikiert	neg 1.0		__DUMMY__ 0.9200498796017725 neg 0.042452220280508324 off 0.037497900117719224	false	1.0
wrack	neg 1.0		__DUMMY__ 0.9303735244397593 neg 0.03962512418100139 off 0.0300013513792394	false	1.0
gangster	neg 1.0		__DUMMY__ 0.9235033294825238 neg 0.04118438445542825 off 0.03531228606204792	false	1.0
krank	neg 1.0		__DUMMY__ 0.924154688903606 off 0.03814505032239796 neg 0.037700260773996075	false	0.5
reich	neg 1.0		__DUMMY__ 0.9218054108052737 neg 0.0417395601770193 off 0.03645502901770706	false	1.0
gnadenlos	neg 1.0		__DUMMY__ 0.9243383782764706 neg 0.04144260972588795 off 0.03421901199764136	false	1.0
niedergeschlagen	neg 1.0		__DUMMY__ 0.9268284679215357 neg 0.040832940945162585 off 0.03233859113330161	false	1.0
terrorisieren	off 1.0	off 1.0	off 0.4984501073857483 __DUMMY__ 0.46216054379727206 neg 0.0393893488169796	false	1.0
sinnlosigkeit	neg 1.0		__DUMMY__ 0.9246681932419932 neg 0.043182322885026686 off 0.03214948387298007	false	1.0
behindern	neg 1.0		__DUMMY__ 0.9236444308804617 neg 0.043670546742226334 off 0.03268502237731198	false	1.0
undemokratisch	neg 1.0		__DUMMY__ 0.9204891058682 neg 0.045132885612662224 off 0.034378008519137804	false	1.0
wirtschaftskrise	neg 1.0		__DUMMY__ 0.9229981450309995 neg 0.045851972451932115 off 0.031149882517068326	false	1.0
neid	neg 1.0		__DUMMY__ 0.9270055417726739 off 0.03667383339729066 neg 0.036320624830035425	false	0.5
rutschen	neg 1.0	neg 1.0	neg 0.5052856005873217 __DUMMY__ 0.46949076765569386 off 0.025223631756984465	false	1.0
rezession	neg 1.0		__DUMMY__ 0.9160296810134951 neg 0.043513102084800664 off 0.040457216901704264	false	1.0
fehlgeburt	neg 1.0		__DUMMY__ 0.9261771065157047 neg 0.039182402108562046 off 0.034640491375733176	false	1.0
charakterschwach	off 1.0		__DUMMY__ 0.921306379130472 neg 0.04058214620087191 off 0.03811147466865619	false	0.5
isolation	neg 1.0		__DUMMY__ 0.9249039543408378 neg 0.038912014397331086 off 0.03618403126183112	false	1.0
ablenkung	neg 1.0		__DUMMY__ 0.9252255438794484 neg 0.04115724284329555 off 0.03361721327725606	false	1.0
pech	neg 1.0		__DUMMY__ 0.9247803349374384 neg 0.03947050871560572 off 0.03574915634695588	false	1.0
vermeidung	neg 1.0		__DUMMY__ 0.9202633012935418 neg 0.04173979787587398 off 0.03799690083058417	false	1.0
dominieren	neg 1.0		__DUMMY__ 0.9293033127213663 neg 0.03986136694487396 off 0.03083532033375969	false	1.0
schwindlig	neg 1.0		__DUMMY__ 0.9274033940961735 neg 0.037970543246440974 off 0.03462606265738548	false	1.0
lutscher	neg 1.0	neg 1.0	neg 0.5053446910391295 __DUMMY__ 0.45426493789008704 off 0.040390371070783485	false	1.0
pflicht	neg 1.0		__DUMMY__ 0.9253874884565327 neg 0.04452350651045092 off 0.030089005033016248	false	1.0
faschist	off 1.0		__DUMMY__ 0.920180273760123 neg 0.043863143136575945 off 0.03595658310330102	false	0.5
verschleudern	neg 1.0		__DUMMY__ 0.9210003994661151 neg 0.048360910291262826 off 0.030638690242622134	false	1.0
wenn			__DUMMY__ 0.9232689848084722 neg 0.040068691546780166 off 0.03666232364474763	false	0.0
ehebruch	neg 1.0		__DUMMY__ 0.924219705009776 neg 0.04444611177592573 off 0.031334183214298164	false	1.0
spott	off 1.0		__DUMMY__ 0.9235722380329552 neg 0.04542983679488575 off 0.030997925172159095	false	0.5
trostlosigkeit	neg 1.0		__DUMMY__ 0.9264126196267819 neg 0.04459408004507207 off 0.02899330032814606	false	1.0
lutschen	neg 1.0		__DUMMY__ 0.9215296200482849 neg 0.04323204468907375 off 0.035238335262641446	false	1.0
undiszipliniert	neg 1.0		__DUMMY__ 0.9222810163554953 off 0.03891000264925148 neg 0.03880898099525322	false	0.5
kopfschmerz	neg 1.0		__DUMMY__ 0.9274665605947505 neg 0.04075302404089496 off 0.031780415364354477	false	1.0
unvorhergesehen	neg 1.0		__DUMMY__ 0.9309428268012329 neg 0.03891741443685239 off 0.030139758761914787	false	1.0
desinteressiert	neg 1.0		__DUMMY__ 0.9209187100942251 neg 0.040139199658916214 off 0.03894209024685862	false	1.0
armselig	off 1.0		__DUMMY__ 0.9186748213686734 neg 0.04151022294144973 off 0.039814955689876926	false	0.5
desaster	neg 1.0		__DUMMY__ 0.925543392584515 neg 0.04614122938647819 off 0.028315378029006733	false	1.0
tod	neg 1.0		__DUMMY__ 0.9269313554378967 neg 0.042338780189377354 off 0.030729864372725818	false	1.0
herzlos	neg 1.0		__DUMMY__ 0.9201357259802315 off 0.04002634295935539 neg 0.03983793106041315	false	0.5
unwissenheit	neg 1.0		__DUMMY__ 0.9225030315025046 neg 0.045448546617961924 off 0.03204842187953345	false	1.0
widersinnig	neg 1.0	neg 1.0	neg 0.5124168703412045 __DUMMY__ 0.4579691671467099 off 0.02961396251208565	false	1.0
bedenklich	neg 1.0		__DUMMY__ 0.9241409062259823 neg 0.04475669153813529 off 0.031102402235882416	false	1.0
beanstanden	neg 1.0		__DUMMY__ 0.925937729496441 neg 0.04450814284278943 off 0.02955412766076949	false	1.0
panisch	neg 1.0	neg 1.0	neg 0.5029231756671366 __DUMMY__ 0.46516581203511875 off 0.03191101229774457	false	1.0
debil	off 1.0		__DUMMY__ 0.9286801636415525 neg 0.04583980924826177 off 0.025480027110185745	false	0.5
abstrich	neg 1.0		__DUMMY__ 0.9253232715734682 neg 0.04453411143264757 off 0.030142616993884194	false	1.0
primitiv	neg 1.0		__DUMMY__ 0.9201197411030974 neg 0.04125275688368091 off 0.03862750201322165	false	1.0
abschaum	off 1.0	off 1.0	off 0.5039431335954468 __DUMMY__ 0.45846322815162427 neg 0.03759363825292882	false	1.0
provozieren	neg 1.0		__DUMMY__ 0.923231433419145 neg 0.04267340862707065 off 0.0340951579537843	false	1.0
tot	neg 1.0		__DUMMY__ 0.9268818529160413 neg 0.04298588313386129 off 0.030132263950097358	false	1.0
instabil	neg 1.0		__DUMMY__ 0.9182428139225802 neg 0.04330362535131792 off 0.038453560726101926	false	1.0
schwuchtel	off 1.0		__DUMMY__ 0.913194853089703 off 0.04803709809698487 neg 0.038768048813312105	false	1.0
zerren	neg 1.0		__DUMMY__ 0.9269873028256431 neg 0.04045439687436497 off 0.03255830029999185	false	1.0
kinderficker	off 1.0		__DUMMY__ 0.9176672330833311 off 0.04169388089240818 neg 0.04063888602426079	false	1.0
gefahr	neg 1.0		__DUMMY__ 0.9258188082018187 neg 0.04439293727391964 off 0.02978825452426172	false	1.0
rabiat	neg 1.0		__DUMMY__ 0.9229380896281765 neg 0.04344687936523865 off 0.033615031006584827	false	1.0
verlangsamung	neg 1.0		__DUMMY__ 0.9168394932595942 off 0.04294314060055331 neg 0.04021736613985247	false	0.5
ausgestorben	neg 1.0		__DUMMY__ 0.9262567592990506 neg 0.04074081077967742 off 0.033002429921271954	false	1.0
anklagen	neg 1.0		__DUMMY__ 0.9232312568960199 neg 0.04438269565718286 off 0.03238604744679723	false	1.0
trott	neg 1.0		__DUMMY__ 0.9254748944908405 neg 0.04168748496993329 off 0.03283762053922617	false	1.0
verminderung	neg 1.0		__DUMMY__ 0.9210309491742518 neg 0.040434433872829544 off 0.03853461695291873	false	1.0
nach			__DUMMY__ 0.9340088216036166 neg 0.03943012013392174 off 0.02656105826246168	false	0.0
rost	neg 1.0		__DUMMY__ 0.9194749579275531 off 0.04172668886495273 neg 0.03879835320749417	false	0.5
destruktiv	neg 1.0		__DUMMY__ 0.9218669224083312 neg 0.04477244646424827 off 0.03336063112742054	false	1.0
unzumutbarkeit	neg 1.0		__DUMMY__ 0.9241040149061311 neg 0.039208297962225476 off 0.036687687131643366	false	1.0
labil	off 1.0	off 1.0	off 0.5039146303720423 __DUMMY__ 0.4581889144952291 neg 0.03789645513272863	false	1.0
ziemlich	neg 1.0		__DUMMY__ 0.9237714408398369 neg 0.038445342607174755 off 0.03778321655298843	false	1.0
lachnummer	off 1.0		__DUMMY__ 0.9236007063000665 neg 0.04276061899590352 off 0.033638674704029925	false	0.5
oder			__DUMMY__ 0.926629971338106 neg 0.03999022426943426 off 0.03337980439245975	false	0.0
verfall	neg 1.0		__DUMMY__ 0.926585840675018 neg 0.04699134041560328 off 0.02642281890937871	false	1.0
ausgrenzung	neg 1.0		__DUMMY__ 0.9195785171497478 neg 0.045541921354152 off 0.034879561496100206	false	1.0
unordnung	neg 1.0		__DUMMY__ 0.9236914951167384 neg 0.03909878532921424 off 0.03720971955404738	false	1.0
fehlverhalten	neg 1.0		__DUMMY__ 0.9243657738625304 neg 0.04532080086024912 off 0.03031342527722052	false	1.0
eine			__DUMMY__ 0.9267700495081809 neg 0.043725695777524894 off 0.029504254714294284	false	0.0
nille	neg 1.0		__DUMMY__ 0.924579348831786 neg 0.042736748729241394 off 0.032683902438972554	false	1.0
qual	neg 1.0		__DUMMY__ 0.9250680784045432 neg 0.042192287714917405 off 0.0327396338805394	false	1.0
verschwenden	neg 1.0		__DUMMY__ 0.9242212459495063 neg 0.04447993748471805 off 0.03129881656577568	false	1.0
riesig	neg 1.0	neg 1.0	neg 0.507731669595932 __DUMMY__ 0.46434720196653806 off 0.02792112843752996	false	1.0
verurteilen	neg 1.0		__DUMMY__ 0.9233604817862193 neg 0.044522383040777165 off 0.03211713517300355	false	1.0
klischee	neg 1.0	neg 1.0	neg 0.5089527688041287 __DUMMY__ 0.4579638961082283 off 0.03308333508764301	false	1.0
diktatorisch	neg 1.0		__DUMMY__ 0.9187248495937981 neg 0.04641140771992951 off 0.034863742686272396	false	1.0
vorhersehbar	neg 1.0	neg 1.0	neg 0.5083050984479288 __DUMMY__ 0.4590226939698558 off 0.03267220758221525	false	1.0
sowie			__DUMMY__ 0.9177676979496548 off 0.04148834303351342 neg 0.04074395901683182	false	0.0
stornieren	neg 1.0		__DUMMY__ 0.9300475010125855 neg 0.03628692386105507 off 0.03366557512635944	false	1.0
besteuerung	neg 1.0		__DUMMY__ 0.9206144291404993 neg 0.04566295793585387 off 0.033722612923646866	false	1.0
ungeschminkt	neg 1.0		__DUMMY__ 0.9207920200673939 neg 0.04157319177338045 off 0.0376347881592256	false	1.0
kritisch	neg 1.0		__DUMMY__ 0.9247172239867233 neg 0.044230592120442565 off 0.031052183892834054	false	1.0
schlamperei	off 1.0		__DUMMY__ 0.9235423507816087 neg 0.04618705320999237 off 0.030270596008398938	false	0.5
sucht	neg 1.0	neg 1.0	neg 0.5075176317062632 __DUMMY__ 0.46261725836657935 off 0.029865109927157518	false	1.0
egoistisch	off 1.0		__DUMMY__ 0.9201499642450311 off 0.04182331860159457 neg 0.03802671715337424	false	1.0
ausbeuter	off 1.0		__DUMMY__ 0.9228775354562084 neg 0.046901129358237814 off 0.030221335185553748	false	0.5
arschgeburt	off 1.0		__DUMMY__ 0.9125966588011056 off 0.0483443719733842 neg 0.039058969225510255	false	1.0
schubs	neg 1.0	neg 1.0	neg 0.5063717420413234 __DUMMY__ 0.4652668454797347 off 0.028361412478942014	false	1.0
unsolide	neg 1.0		__DUMMY__ 0.9158999521114932 neg 0.048920682367323116 off 0.03517936552118359	false	1.0
beschwerde	neg 1.0		__DUMMY__ 0.9231052385693568 neg 0.04657683705259141 off 0.030317924378051853	false	1.0
stocken	neg 1.0		__DUMMY__ 0.9242413158915765 neg 0.045027431181297504 off 0.030731252927126033	false	1.0
isolieren	neg 1.0		__DUMMY__ 0.923955509441946 neg 0.04447380203161445 off 0.03157068852643952	false	1.0
unheilbar	neg 1.0		__DUMMY__ 0.9260210153558298 neg 0.04005087793626428 off 0.033928106707905865	false	1.0
pisser	off 1.0		__DUMMY__ 0.9203065662995638 neg 0.04094315867467783 off 0.038750275025758375	false	0.5
löschen	neg 1.0		__DUMMY__ 0.9245256074501236 neg 0.042192722739565675 off 0.03328166981031076	false	1.0
durchfallen	neg 1.0		__DUMMY__ 0.9230554135564082 neg 0.04498607354943202 off 0.03195851289415972	false	1.0
wichser	off 1.0		__DUMMY__ 0.9176637346675849 off 0.04534294803354762 neg 0.03699331729886742	false	1.0
terror	neg 1.0		__DUMMY__ 0.9246729886519246 neg 0.04020453344555162 off 0.03512247790252386	false	1.0
krass	neg 1.0		__DUMMY__ 0.9202876627026266 off 0.040030693087157045 neg 0.03968164421021637	false	0.5
revolte	neg 1.0	neg 1.0	neg 0.5100766151918693 __DUMMY__ 0.4578405645187825 off 0.03208282028934817	false	1.0
besorgt	neg 1.0		__DUMMY__ 0.9286749331715419 neg 0.03949494502410002 off 0.031830121804358076	false	1.0
nachlassen	neg 1.0		__DUMMY__ 0.9263607947622725 neg 0.0435069045007341 off 0.03013230073699331	false	1.0
alt	neg 1.0		__DUMMY__ 0.926708522824182 neg 0.042830929828341795 off 0.030460547347476163	false	1.0
hundesohn	off 1.0		__DUMMY__ 0.9153544370366922 off 0.0446221531264469 neg 0.04002340983686085	false	1.0
als			__DUMMY__ 0.9272383243643139 neg 0.04071561006264585 off 0.032046065573040336	false	0.0
abschreckung	neg 1.0		__DUMMY__ 0.9257037228281852 neg 0.04510970177901104 off 0.029186575392803796	false	1.0
unqualifiziert	neg 1.0		__DUMMY__ 0.9198700896016568 neg 0.04390676001842892 off 0.0362231503799143	false	1.0
abgewichst	off 1.0		__DUMMY__ 0.9256776432185246 neg 0.0422542372537104 off 0.032068119527765074	false	0.5
schwer	neg 1.0		__DUMMY__ 0.9251686352929217 neg 0.041416829569633946 off 0.03341453513744447	false	1.0
bedeutungslosigkeit	neg 1.0		__DUMMY__ 0.9253399749024535 neg 0.04479939441396577 off 0.029860630683580795	false	1.0
kapitulation	neg 1.0		__DUMMY__ 0.9213032821787749 neg 0.04772708929849864 off 0.0309696285227264	false	1.0
unscharf	neg 1.0		__DUMMY__ 0.9238579680738113 neg 0.04157856204042041 off 0.034563469885768236	false	1.0
schwinden	neg 1.0		__DUMMY__ 0.9259541753844006 neg 0.04437872209779098 off 0.029667102517808443	false	1.0
versklavung	neg 1.0		__DUMMY__ 0.9187966654229331 neg 0.04673649843729838 off 0.03446683613976845	false	1.0
schlecht	neg 1.0		__DUMMY__ 0.9238317805937337 neg 0.03823946663589011 off 0.03792875277037608	false	1.0
verhasst	neg 1.0		__DUMMY__ 0.9236175859134695 neg 0.04200262593669353 off 0.034379788149836964	false	1.0
beschweren	neg 1.0		__DUMMY__ 0.9242734023479781 neg 0.04083614541641099 off 0.03489045223561097	false	1.0
scheiden	neg 1.0		__DUMMY__ 0.9317265575184327 neg 0.035121047235999375 off 0.033152395245568005	false	1.0
frustriert	neg 1.0		__DUMMY__ 0.9254340814482044 neg 0.041876450522228485 off 0.03268946802956716	false	1.0
schimmelig	neg 1.0		__DUMMY__ 0.9270894516502122 neg 0.04314039854777427 off 0.029770149802013528	false	1.0
fisch	neg 1.0		__DUMMY__ 0.9318419619950927 neg 0.03941827642206938 off 0.028739761582837954	false	1.0
schmuggel	neg 1.0		__DUMMY__ 0.9289341279044667 neg 0.041500712842370786 off 0.029565159253162495	false	1.0
auffallen	neg 1.0		__DUMMY__ 0.9241367200210477 neg 0.04054033764664563 off 0.03532294233230655	false	1.0
konkurrenz	neg 1.0	neg 1.0	neg 0.5091506110427402 __DUMMY__ 0.46440105390678577 off 0.026448335050474076	false	1.0
teufelskreis	neg 1.0	neg 1.0	neg 0.5095225566065134 __DUMMY__ 0.460320217827317 off 0.030157225566169697	false	1.0
aufschreien	neg 1.0		__DUMMY__ 0.9228295939520069 neg 0.041873808523840525 off 0.035296597524152575	false	1.0
schuldner	neg 1.0		__DUMMY__ 0.9259987686646357 neg 0.04417048945839777 off 0.029830741876966528	false	1.0
missgeburt	off 1.0	off 1.0	off 0.5077594661612297 __DUMMY__ 0.45558525555972423 neg 0.03665527827904603	false	1.0
arbeitslos	neg 1.0		__DUMMY__ 0.9231912445646799 neg 0.04459692117102968 off 0.032211834264290355	false	1.0
befallen	neg 1.0		__DUMMY__ 0.9226252377803231 neg 0.04507768993315136 off 0.03229707228652557	false	1.0
miesepetrig	off 1.0	off 1.0	off 0.5041342142551719 __DUMMY__ 0.46061382053579925 neg 0.03525196520902887	false	1.0
alarmieren	neg 1.0		__DUMMY__ 0.9193709389748768 neg 0.04355309121608285 off 0.037075969809040474	false	1.0
ungeduscht	off 1.0		__DUMMY__ 0.9253063875186012 neg 0.03924925555332852 off 0.0354443569280703	false	0.5
knappheit	neg 1.0		__DUMMY__ 0.9227912851916281 neg 0.046427262658493465 off 0.030781452149878395	false	1.0
schlange	neg 1.0		__DUMMY__ 0.9278511618251803 neg 0.03756569695119959 off 0.03458314122362012	false	1.0
harsch	neg 1.0		__DUMMY__ 0.9223493077679642 off 0.04072636992496717 neg 0.03692432230706864	false	0.5
lang	neg 1.0		__DUMMY__ 0.9245459796760266 neg 0.04185800141704853 off 0.03359601890692485	false	1.0
ziellos	neg 1.0		__DUMMY__ 0.9275938043192493 neg 0.04080163773391487 off 0.03160455794683579	false	1.0
selbstverliebt	neg 1.0		__DUMMY__ 0.9143296079281156 off 0.0461868605524947 neg 0.0394835315193898	false	0.5
beseitigen	neg 1.0	neg 1.0	neg 0.5062815655453335 __DUMMY__ 0.46406041903322715 off 0.029658015421439334	false	1.0
dumm	off 1.0		__DUMMY__ 0.9186004454470807 off 0.042514654637071825 neg 0.03888489991584742	false	1.0
arbeitsloser	neg 1.0		__DUMMY__ 0.9259470476970694 neg 0.04244479654701942 off 0.03160815575591117	false	1.0
blitzen	neg 1.0		__DUMMY__ 0.9228736667049929 neg 0.04134144128634551 off 0.03578489200866161	false	1.0
hilflos	neg 1.0		__DUMMY__ 0.9257969009330472 neg 0.04194922175685778 off 0.03225387731009496	false	1.0
eklig	off 1.0		__DUMMY__ 0.9183905923066529 off 0.042887699096480866 neg 0.03872170859686625	false	1.0
begriff			__DUMMY__ 0.9235544957457108 neg 0.04376343084834099 off 0.03268207340594815	false	0.0
hungersnot	neg 1.0		__DUMMY__ 0.9240745523823417 neg 0.043735808229671144 off 0.032189639387987114	false	1.0
ungesetzlich	neg 1.0		__DUMMY__ 0.9177401556524949 neg 0.046645211484711104 off 0.035614632862794086	false	1.0
verschwendung	neg 1.0		__DUMMY__ 0.9257278381048222 neg 0.04381261984982675 off 0.030459542045351052	false	1.0
schmerzvoll	neg 1.0		__DUMMY__ 0.9245251080815898 neg 0.040702613234037996 off 0.03477227868437223	false	1.0
vorzeitig	neg 1.0		__DUMMY__ 0.9250987252652975 neg 0.03928621923152435 off 0.03561505550317821	false	1.0
unvollkommenheit	neg 1.0		__DUMMY__ 0.9288845445073314 neg 0.03979362701209019 off 0.03132182848057848	false	1.0
intervenieren	neg 1.0		__DUMMY__ 0.9226002373670715 neg 0.04695050852178766 off 0.03044925411114079	false	1.0
banause	off 1.0		__DUMMY__ 0.9158327046335707 off 0.0444654206404617 neg 0.03970187472596752	false	1.0
rebell	neg 1.0		__DUMMY__ 0.9268453205294719 neg 0.045637688431402805 off 0.027516991039125284	false	1.0
unlogisch	neg 1.0		__DUMMY__ 0.9206048726005559 off 0.039765776135297554 neg 0.03962935126414653	false	0.5
leiden	neg 1.0		__DUMMY__ 0.9338308722942849 neg 0.03673539871149608 off 0.029433728994219102	false	1.0
abschaffung	neg 1.0		__DUMMY__ 0.9206872233093095 neg 0.045421299509171446 off 0.033891477181519004	false	1.0
sturz	neg 1.0		__DUMMY__ 0.9252452936378618 neg 0.04144352041850032 off 0.03331118594363791	false	1.0
verkleinerung	neg 1.0		__DUMMY__ 0.9177704562884691 neg 0.046432061472502485 off 0.035797482239028504	false	1.0
schmarotzer	off 1.0		__DUMMY__ 0.922822154024637 neg 0.045053857470473496 off 0.032123988504889504	false	0.5
bestrafung	neg 1.0		__DUMMY__ 0.923915972543973 neg 0.04145610156276581 off 0.034627925893261226	false	1.0
achtlos	neg 1.0		__DUMMY__ 0.9269264519980112 neg 0.0398029793073644 off 0.033270568694624324	false	1.0
