unsolidarisch	neg 1.0		neg 0.5270411092249168 off 0.4067465803459299 __DUMMY__ 0.06621231042915325	false	1.0
nachteilig	neg 1.0		neg 0.5276801456093382 off 0.4053489807069992 __DUMMY__ 0.06697087368366257	false	1.0
skeptisch	neg 1.0		neg 0.5275985457424914 off 0.4052559133948795 __DUMMY__ 0.06714554086262892	false	1.0
schrecklich	neg 1.0		neg 0.5106166409790052 off 0.4227231641842585 __DUMMY__ 0.06666019483673637	false	1.0
schlapp	neg 1.0	neg 1.0	neg 0.7446554184785865 off 0.22337323009464521 __DUMMY__ 0.03197135142676832	false	1.0
abfall	neg 1.0		neg 0.5300000027715086 off 0.40266472344188076 __DUMMY__ 0.06733527378661053	false	1.0
widerspenstig	neg 1.0		neg 0.5207568023562585 off 0.4121177906434147 __DUMMY__ 0.06712540700032671	false	1.0
abrupt	neg 1.0		neg 0.5235013315050466 off 0.40882830487942323 __DUMMY__ 0.06767036361553015	false	1.0
unwirksam	neg 1.0		neg 0.5257810727436307 off 0.40782676568204046 __DUMMY__ 0.06639216157432883	false	1.0
angreifen	neg 1.0	neg 1.0	neg 0.7515102005413502 off 0.216461257070022 __DUMMY__ 0.032028542388627776	false	1.0
inkonsistent	neg 1.0		neg 0.5213979221504653 off 0.41173464803179116 __DUMMY__ 0.06686742981774357	false	1.0
abrutschen	neg 1.0		neg 0.5293166037023145 off 0.40331411844015724 __DUMMY__ 0.06736927785752826	false	1.0
unsicher	neg 1.0		neg 0.5204408115574068 off 0.41237554561052686 __DUMMY__ 0.06718364283206625	false	1.0
bauernkind	off 1.0	off 1.0	off 0.6937113520711263 neg 0.2748500923010135 __DUMMY__ 0.031438555627860146	false	1.0
angreifer	neg 1.0		neg 0.5192507013124952 off 0.41361599670049687 __DUMMY__ 0.06713330198700787	false	1.0
trennen	neg 1.0		neg 0.521821152319845 off 0.4103046224127942 __DUMMY__ 0.06787422526736082	false	1.0
schmutz	neg 1.0		neg 0.5178874482726658 off 0.41482884917427754 __DUMMY__ 0.06728370255305657	false	1.0
inkonsistenz	neg 1.0		neg 0.5194749211881173 off 0.4140789491023097 __DUMMY__ 0.06644612970957295	false	1.0
erschreckend	neg 1.0		neg 0.5230752395320587 off 0.409913161388319 __DUMMY__ 0.06701159907962224	false	1.0
ertrinken	neg 1.0		neg 0.5239309844082597 off 0.4086661788734545 __DUMMY__ 0.0674028367182858	false	1.0
pickelface	off 1.0		neg 0.5250048289197082 off 0.40807366621879104 __DUMMY__ 0.06692150486150074	false	0.5
seiner			neg 0.5252517725952189 off 0.40732813287955866 __DUMMY__ 0.0674200945252225	false	0.0
lauch	neg 1.0		neg 0.5315209475194623 off 0.40146676780065554 __DUMMY__ 0.06701228467988204	false	1.0
unwichtig	neg 1.0		neg 0.5169029983003802 off 0.4163860149964445 __DUMMY__ 0.06671098670317517	false	1.0
steuerhinterziehung	neg 1.0		neg 0.5269561383115341 off 0.4064618117988022 __DUMMY__ 0.06658204988966376	false	1.0
schock	neg 1.0		neg 0.5196657158244945 off 0.4128221109748895 __DUMMY__ 0.06751217320061607	false	1.0
beule	neg 1.0		neg 0.5146820076259621 off 0.41838763678634916 __DUMMY__ 0.06693035558768888	false	1.0
vergelten	neg 1.0		neg 0.5111082741309662 off 0.4219547071830181 __DUMMY__ 0.06693701868601576	false	1.0
verdorbenheit	neg 1.0		neg 0.5216049952529469 off 0.4112693682457872 __DUMMY__ 0.067125636501266	false	1.0
trauma	neg 1.0		neg 0.5207152003378385 off 0.4123340996898801 __DUMMY__ 0.0669506999722815	false	1.0
sinnlos	neg 1.0		neg 0.5181077375227418 off 0.4148320804994033 __DUMMY__ 0.06706018197785497	false	1.0
fettsack	off 1.0	off 1.0	off 0.6955799608260649 neg 0.27285566517328474 __DUMMY__ 0.031564374000650416	false	1.0
feige	off 1.0	off 1.0	off 0.6921381587928316 neg 0.276179639520403 __DUMMY__ 0.03168220168676547	false	1.0
abdanken	neg 1.0		neg 0.5249316500732312 off 0.40835731663726993 __DUMMY__ 0.06671103328949897	false	1.0
wichtigtuer	off 1.0	off 1.0	off 0.6907114744836259 neg 0.2774603921523406 __DUMMY__ 0.031828133364033416	false	1.0
misslingen	neg 1.0		neg 0.5164256451196821 off 0.4159244417894392 __DUMMY__ 0.06764991309087862	false	1.0
untreu	off 1.0		neg 0.5157816852023892 off 0.4175962856323036 __DUMMY__ 0.06662202916530732	false	0.5
missmutig	neg 1.0		neg 0.5153454424559146 off 0.41771691728259286 __DUMMY__ 0.06693764026149258	false	1.0
hurenbock	off 1.0		neg 0.5191021360940589 off 0.4137701353966283 __DUMMY__ 0.06712772850931296	false	0.5
betrunken	neg 1.0		neg 0.5113321278522311 off 0.4216672913019548 __DUMMY__ 0.06700058084581414	false	1.0
korrupt	off 1.0		neg 0.528624216566284 off 0.40492847113179786 __DUMMY__ 0.0664473123019182	false	0.5
unmut	neg 1.0		neg 0.5304860899757587 off 0.40228038167193153 __DUMMY__ 0.06723352835230961	false	1.0
hackfresse	off 1.0		neg 0.5086505024555088 off 0.4251193021353054 __DUMMY__ 0.06623019540918586	false	0.5
aufblasen	neg 1.0		neg 0.5181619736229658 off 0.41458784724443987 __DUMMY__ 0.06725017913259447	false	1.0
gewaltsam	neg 1.0		neg 0.5231052960632402 off 0.4098980386837287 __DUMMY__ 0.06699666525303119	false	1.0
unbeliebtheit	neg 1.0		neg 0.5223139359518655 off 0.4117244493849624 __DUMMY__ 0.06596161466317214	false	1.0
sturheit	neg 1.0		neg 0.5235584626043216 off 0.4094948971661294 __DUMMY__ 0.06694664022954902	false	1.0
kuh	neg 1.0		neg 0.5235309505766997 off 0.409896380940991 __DUMMY__ 0.06657266848230935	false	1.0
erschrecken	neg 1.0		neg 0.5158320136451096 off 0.4171501189848679 __DUMMY__ 0.0670178673700227	false	1.0
opfer	neg 1.0		neg 0.5247473979449208 off 0.4079882192638084 __DUMMY__ 0.06726438279127084	false	1.0
sinken	neg 1.0		neg 0.5283627309218543 off 0.40420057736226395 __DUMMY__ 0.06743669171588189	false	1.0
stinktier	neg 1.0		neg 0.5127390362365593 off 0.4210403167962123 __DUMMY__ 0.06622064696722856	false	1.0
tucke	off 1.0		neg 0.5114308993525841 off 0.42289018812993406 __DUMMY__ 0.0656789125174819	false	0.5
ein			neg 0.5185145477011379 off 0.4141575976532436 __DUMMY__ 0.0673278546456185	false	0.0
abstieg	neg 1.0		neg 0.5245941303067727 off 0.4079223340262935 __DUMMY__ 0.06748353566693384	false	1.0
missverstehen	neg 1.0		neg 0.5201186052415243 off 0.4131952572005767 __DUMMY__ 0.0666861375578989	false	1.0
ergebnislos	neg 1.0		neg 0.5266787175169066 off 0.4061457413558144 __DUMMY__ 0.06717554112727914	false	1.0
unter			neg 0.5297904245855252 off 0.40196550057200436 __DUMMY__ 0.06824407484247046	false	0.0
manipulieren	neg 1.0		neg 0.5272652556529615 off 0.40555226035094727 __DUMMY__ 0.06718248399609124	false	1.0
unbewiesen	neg 1.0		neg 0.5272910360503666 off 0.4065935003925465 __DUMMY__ 0.06611546355708695	false	1.0
verschleppen	neg 1.0		neg 0.5256216334638676 off 0.407370241017373 __DUMMY__ 0.06700812551875925	false	1.0
weib	off 1.0		neg 0.5094567574254666 off 0.42442313013772454 __DUMMY__ 0.06612011243680892	false	0.5
opposition	neg 1.0		neg 0.521877335650676 off 0.4115172135793666 __DUMMY__ 0.06660545076995748	false	1.0
verkehrswidrig	neg 1.0	neg 1.0	neg 0.7400210349717474 off 0.22765332422456913 __DUMMY__ 0.03232564080368342	false	1.0
inkorrekt	neg 1.0		neg 0.5175848499312306 off 0.4163265285690641 __DUMMY__ 0.06608862149970529	false	1.0
vermeiden	neg 1.0		neg 0.529740945021889 off 0.40249244934886397 __DUMMY__ 0.06776660562924712	false	1.0
abweichung	neg 1.0	neg 1.0	neg 0.7506065989091639 off 0.2173087193140061 __DUMMY__ 0.03208468177682986	false	1.0
alkoholisiert	neg 1.0		neg 0.5202554832691392 off 0.41150026624125147 __DUMMY__ 0.06824425048960941	false	1.0
scheiss	off 1.0	off 1.0	off 0.693335075550324 neg 0.2748037670937364 __DUMMY__ 0.03186115735593962	false	1.0
herausforderung	neg 1.0	neg 1.0	neg 0.7483290635519939 off 0.21912116656720987 __DUMMY__ 0.032549769880796255	false	1.0
pervers	off 1.0		neg 0.5057306320776577 off 0.42823923288056565 __DUMMY__ 0.06603013504177663	false	0.5
wackelig	neg 1.0		neg 0.5200703248186832 off 0.4121591485254685 __DUMMY__ 0.06777052665584837	false	1.0
verwickeln	neg 1.0		neg 0.5198602961742724 off 0.4133906446422916 __DUMMY__ 0.06674905918343604	false	1.0
vorwand	neg 1.0		neg 0.528230533051233 off 0.4045709729676479 __DUMMY__ 0.06719849398111909	false	1.0
muschi	off 1.0		neg 0.5239402948752198 off 0.409060140523417 __DUMMY__ 0.06699956460136328	false	0.5
entmutigung	neg 1.0		neg 0.5234136841958432 off 0.410134018846717 __DUMMY__ 0.06645229695743977	false	1.0
unangemessen	neg 1.0		neg 0.525232010824178 off 0.40790869664274304 __DUMMY__ 0.06685929253307905	false	1.0
unstetig	neg 1.0		neg 0.5209915630178087 off 0.4120925599277456 __DUMMY__ 0.06691587705444568	false	1.0
entmutigen	neg 1.0		neg 0.5192259636050448 off 0.41368237078047804 __DUMMY__ 0.06709166561447719	false	1.0
schwanz	neg 1.0		neg 0.5268782411878392 off 0.4059355205525153 __DUMMY__ 0.06718623825964536	false	1.0
verbot	neg 1.0		neg 0.5278349426337715 off 0.4055180815279724 __DUMMY__ 0.06664697583825602	false	1.0
leid	neg 1.0		neg 0.5098374718635996 off 0.4236221422831576 __DUMMY__ 0.0665403858532427	false	1.0
archaisch	neg 1.0		neg 0.5237045199565332 off 0.4091742375176238 __DUMMY__ 0.0671212425258429	false	1.0
gegen			neg 0.5275311185789459 off 0.40500051257735165 __DUMMY__ 0.06746836884370237	false	0.0
scheidung	neg 1.0		neg 0.5012096259541902 off 0.43273874201350987 __DUMMY__ 0.06605163203229981	false	1.0
einschlag	neg 1.0	neg 1.0	neg 0.7432059461133472 off 0.22492135007634337 __DUMMY__ 0.031872703810309384	false	1.0
m			neg 0.5227006940907541 off 0.40996769264807437 __DUMMY__ 0.06733161326117165	false	0.0
abgestanden	neg 1.0		neg 0.5207350350149255 off 0.41226929944442875 __DUMMY__ 0.06699566554064568	false	1.0
schmierig	off 1.0		neg 0.5103382090711266 off 0.4230889613633729 __DUMMY__ 0.06657282956550044	false	0.5
unpraktisch	neg 1.0		neg 0.5180823619193039 off 0.41458147766737474 __DUMMY__ 0.06733616041332134	false	1.0
wixxer	off 1.0		neg 0.5068639365941517 off 0.4272364949787396 __DUMMY__ 0.06589956842710855	false	0.5
bezeichnet			neg 0.5228645435811926 off 0.4102187195301471 __DUMMY__ 0.06691673688866027	false	0.0
jammerlappen	off 1.0		neg 0.5164817959174232 off 0.41677157546601906 __DUMMY__ 0.0667466286165577	false	0.5
farce	neg 1.0		neg 0.52722968517855 off 0.40620643564497483 __DUMMY__ 0.06656387917647516	false	1.0
zwecklos	neg 1.0		neg 0.524559302117052 off 0.4084684201302544 __DUMMY__ 0.06697227775269358	false	1.0
turbulent	neg 1.0		neg 0.5173512366921559 off 0.41614305312910305 __DUMMY__ 0.06650571017874109	false	1.0
invasion	neg 1.0		neg 0.5181628530226738 off 0.41480103235675886 __DUMMY__ 0.06703611462056734	false	1.0
schuld	neg 1.0		neg 0.5204658198802206 off 0.41253518221679625 __DUMMY__ 0.06699899790298323	false	1.0
risiko	neg 1.0		neg 0.5199077321935163 off 0.41285825615908467 __DUMMY__ 0.06723401164739916	false	1.0
finster	neg 1.0		neg 0.5189106327976167 off 0.4138859725287912 __DUMMY__ 0.06720339467359193	false	1.0
geisteskrank	off 1.0		neg 0.5160878775691464 off 0.41746930567135726 __DUMMY__ 0.06644281675949645	false	0.5
zusammenbrechen	neg 1.0		neg 0.5216870283964712 off 0.41100100566438785 __DUMMY__ 0.06731196593914081	false	1.0
ausbeute	neg 1.0		neg 0.5226272866314992 off 0.4095444166088888 __DUMMY__ 0.067828296759612	false	1.0
hinterhalt	neg 1.0		neg 0.5220912366716343 off 0.4105550610523737 __DUMMY__ 0.06735370227599213	false	1.0
kritik	neg 1.0		neg 0.5270747608133723 off 0.4062992983752321 __DUMMY__ 0.06662594081139549	false	1.0
einschrumpfen	neg 1.0		neg 0.5218522212507007 off 0.41181813478839757 __DUMMY__ 0.06632964396090162	false	1.0
riskant	neg 1.0		neg 0.5264085831861929 off 0.406541038462035 __DUMMY__ 0.06705037835177205	false	1.0
frustrieren	neg 1.0		neg 0.5252049079649189 off 0.4076023943465435 __DUMMY__ 0.0671926976885377	false	1.0
groll	neg 1.0		neg 0.5238224905069029 off 0.4090233670145422 __DUMMY__ 0.06715414247855479	false	1.0
gibt			neg 0.5230229852118042 off 0.40979924583284777 __DUMMY__ 0.06717776895534794	false	0.0
qualvoll	neg 1.0		neg 0.5160107677201549 off 0.4168330544237187 __DUMMY__ 0.06715617785612633	false	1.0
wackeln	neg 1.0	neg 1.0	neg 0.7464067546697979 off 0.2213798985455761 __DUMMY__ 0.03221334678462591	false	1.0
klagen	neg 1.0		neg 0.5295371672469824 off 0.4031842544880417 __DUMMY__ 0.06727857826497592	false	1.0
bankrott	neg 1.0		neg 0.5167567445425452 off 0.4163168162342839 __DUMMY__ 0.06692643922317093	false	1.0
trauern	neg 1.0		neg 0.5235299282495283 off 0.40897364330501185 __DUMMY__ 0.06749642844545979	false	1.0
ablehnung	neg 1.0		neg 0.5272325170965348 off 0.40617296295045335 __DUMMY__ 0.06659451995301185	false	1.0
stur	neg 1.0		neg 0.5202029629271526 off 0.41288943921262816 __DUMMY__ 0.06690759786021906	false	1.0
aufruhr	neg 1.0		neg 0.5234053308701588 off 0.40962294803746613 __DUMMY__ 0.06697172109237502	false	1.0
melancholie	neg 1.0		neg 0.5222480995695545 off 0.4103205945667887 __DUMMY__ 0.06743130586365693	false	1.0
ist			neg 0.5189716704628271 off 0.41399074097354793 __DUMMY__ 0.06703758856362499	false	0.0
torheit	neg 1.0		neg 0.5226845839640789 off 0.41062547366189034 __DUMMY__ 0.06668994237403077	false	1.0
dreckskind	off 1.0		neg 0.5115457452193733 off 0.42233578775293157 __DUMMY__ 0.06611846702769518	false	0.5
umtauschen	neg 1.0		neg 0.5207588315677828 off 0.41201792248573493 __DUMMY__ 0.06722324594648206	false	1.0
zum			neg 0.5252787097351883 off 0.4062880001036769 __DUMMY__ 0.06843329016113477	false	0.0
zersetzen	neg 1.0		neg 0.5286329486787781 off 0.4043812720382631 __DUMMY__ 0.06698577928295896	false	1.0
zur			neg 0.5305375295269659 off 0.4016932817365427 __DUMMY__ 0.06776918873649156	false	0.0
frust	neg 1.0		neg 0.5218763404189366 off 0.4108042756214507 __DUMMY__ 0.06731938395961266	false	1.0
unerbittlichkeit	neg 1.0		neg 0.527869652376329 off 0.40505033685411107 __DUMMY__ 0.06708001076955995	false	1.0
zwei			neg 0.524221581219004 off 0.40763092870486256 __DUMMY__ 0.06814749007613345	false	0.0
unkorrekt	neg 1.0		neg 0.5160689870313155 off 0.4177343054752138 __DUMMY__ 0.06619670749347081	false	1.0
hexe	off 1.0		neg 0.5153105899245605 off 0.4179151287874639 __DUMMY__ 0.06677428128797559	false	0.5
lasch	neg 1.0		neg 0.5191203203020824 off 0.41428576409306017 __DUMMY__ 0.06659391560485735	false	1.0
rivale	neg 1.0		neg 0.5122340336264172 off 0.42093300135372447 __DUMMY__ 0.0668329650198583	false	1.0
mutlos	off 1.0	off 1.0	off 0.6864693799795073 neg 0.2816415943275477 __DUMMY__ 0.03188902569294498	false	1.0
wirr	off 1.0		neg 0.5153207044490051 off 0.4184300549795295 __DUMMY__ 0.06624924057146524	false	0.5
jahr			neg 0.5221333652952997 off 0.40977518510183264 __DUMMY__ 0.06809144960286778	false	0.0
wird			neg 0.5237737631706785 off 0.4088860786496614 __DUMMY__ 0.06734015817966015	false	0.0
strafbar	neg 1.0		neg 0.526915971654139 off 0.40613088744550707 __DUMMY__ 0.06695314090035398	false	1.0
erosion	neg 1.0		neg 0.5194676145761672 off 0.4133017637704178 __DUMMY__ 0.06723062165341491	false	1.0
eingehen	neg 1.0		neg 0.5256780697864466 off 0.40737495367990106 __DUMMY__ 0.06694697653365227	false	1.0
faul	off 1.0		neg 0.5158445863011226 off 0.4171581884960643 __DUMMY__ 0.06699722520281308	false	0.5
provisorium	neg 1.0		neg 0.5320054120378146 off 0.4000447108946329 __DUMMY__ 0.0679498770675525	false	1.0
schmerzen	neg 1.0		neg 0.5205952302229471 off 0.4122365432229261 __DUMMY__ 0.06716822655412673	false	1.0
schrumpfen	neg 1.0		neg 0.5319221292100846 off 0.40062252201730225 __DUMMY__ 0.06745534877261317	false	1.0
geistlos	off 1.0		neg 0.5229723045004165 off 0.4107875183194388 __DUMMY__ 0.06624017718014463	false	0.5
fehlkauf	neg 1.0		neg 0.5206179897477652 off 0.41257905790910837 __DUMMY__ 0.0668029523431263	false	1.0
frustrierend	neg 1.0		neg 0.5155354040863539 off 0.4173630446509535 __DUMMY__ 0.06710155126269261	false	1.0
unzufrieden	neg 1.0		neg 0.5245912222629997 off 0.4084100866158662 __DUMMY__ 0.06699869112113413	false	1.0
verzweifeln	neg 1.0		neg 0.5212397548391717 off 0.4115885789336814 __DUMMY__ 0.06717166622714706	false	1.0
verzweifelt	neg 1.0		neg 0.5200839528768386 off 0.4130041564276238 __DUMMY__ 0.06691189069553757	false	1.0
misstrauensantrag	neg 1.0		neg 0.5205179613224235 off 0.41279694020123475 __DUMMY__ 0.06668509847634167	false	1.0
abfallen	neg 1.0		neg 0.5172465866290447 off 0.4153435801746947 __DUMMY__ 0.06740983319626075	false	1.0
fucker	off 1.0		neg 0.5152686859306205 off 0.4182367633957802 __DUMMY__ 0.06649455067359938	false	0.5
ungezogen	neg 1.0		neg 0.5061195853178332 off 0.4275586198510381 __DUMMY__ 0.06632179483112878	false	1.0
irrsinnig	neg 1.0	neg 1.0	neg 0.7480192010079253 off 0.22008899341728858 __DUMMY__ 0.0318918055747862	false	1.0
unfassbar	neg 1.0		neg 0.5152567284848399 off 0.4179682861085119 __DUMMY__ 0.06677498540664811	false	1.0
hart	neg 1.0		neg 0.5191291690149064 off 0.4142255277990095 __DUMMY__ 0.0666453031860842	false	1.0
widerlich	off 1.0		neg 0.5160939689183882 off 0.41745553466861873 __DUMMY__ 0.06645049641299298	false	0.5
fatal	neg 1.0		neg 0.5200410452602344 off 0.41312573549043097 __DUMMY__ 0.06683321924933462	false	1.0
bruch	neg 1.0		neg 0.5299747479764241 off 0.4028605241984799 __DUMMY__ 0.06716472782509596	false	1.0
aushungern	neg 1.0		neg 0.5255215377979262 off 0.4078022946401985 __DUMMY__ 0.06667616756187517	false	1.0
anspannung	neg 1.0	neg 1.0	neg 0.7506818119883665 off 0.21665135926038062 __DUMMY__ 0.03266682875125285	false	1.0
von			neg 0.5240357622395062 off 0.40802160931351367 __DUMMY__ 0.06794262844698024	false	0.0
kraftlos	neg 1.0		neg 0.521126194817497 off 0.4113419038041043 __DUMMY__ 0.06753190137839862	false	1.0
vom			neg 0.5283276138157098 off 0.40328698454427675 __DUMMY__ 0.06838540164001343	false	0.0
grenzdebil	off 1.0		neg 0.5141110395096549 off 0.41914597497048495 __DUMMY__ 0.06674298551986027	false	0.5
vor			neg 0.5263137437267927 off 0.4061892452803823 __DUMMY__ 0.06749701099282501	false	0.0
unterwerfen	neg 1.0		neg 0.525396347428116 off 0.4073856448282709 __DUMMY__ 0.06721800774361311	false	1.0
versenkung	neg 1.0		neg 0.5260716708553377 off 0.4067486928443475 __DUMMY__ 0.06717963630031482	false	1.0
entziehen	neg 1.0		neg 0.5285846121827744 off 0.40412641789739956 __DUMMY__ 0.06728896991982598	false	1.0
finanzkrise	neg 1.0		neg 0.5266559466272517 off 0.40688487649592264 __DUMMY__ 0.06645917687682563	false	1.0
schimpfend	neg 1.0		neg 0.5167700547204319 off 0.41570384615245426 __DUMMY__ 0.0675260991271137	false	1.0
profan	neg 1.0		neg 0.5183069296486589 off 0.4148004673515671 __DUMMY__ 0.06689260299977393	false	1.0
korruption	neg 1.0	neg 1.0	neg 0.7518626722301897 off 0.21637586036159037 __DUMMY__ 0.031761467408219966	false	1.0
â			neg 0.5244189283105989 off 0.4082966105948213 __DUMMY__ 0.06728446109457974	false	0.0
schmutzig	neg 1.0		neg 0.5143577881662833 off 0.4188135308815982 __DUMMY__ 0.06682868095211861	false	1.0
sexy	neg 1.0		neg 0.5176068804221859 off 0.41550283615747613 __DUMMY__ 0.06689028342033786	false	1.0
abraten	neg 1.0		neg 0.5192210958236703 off 0.41381707896416914 __DUMMY__ 0.06696182521216057	false	1.0
schwarz	neg 1.0		neg 0.5205240129471154 off 0.4125990966160829 __DUMMY__ 0.06687689043680177	false	1.0
fotze	off 1.0		neg 0.5264954870349023 off 0.40646018758354696 __DUMMY__ 0.06704432538155072	false	0.5
verwirren	neg 1.0		neg 0.5178724528611328 off 0.41520541737054145 __DUMMY__ 0.06692212976832569	false	1.0
zahnlos	off 1.0		neg 0.5250135059518685 off 0.4080571962253277 __DUMMY__ 0.06692929782280384	false	0.5
verheeren	neg 1.0		neg 0.5056490106588439 off 0.428113853631583 __DUMMY__ 0.06623713570957317	false	1.0
hippie	neg 1.0		neg 0.5187342248241704 off 0.4144441215706166 __DUMMY__ 0.06682165360521307	false	1.0
rammen	neg 1.0		neg 0.5220004757684946 off 0.4112310553981336 __DUMMY__ 0.06676846883337186	false	1.0
unlauter	neg 1.0		neg 0.5249798875339614 off 0.40865133813016513 __DUMMY__ 0.06636877433587345	false	1.0
unheilvoll	neg 1.0		neg 0.5166341843595742 off 0.4160856431375797 __DUMMY__ 0.06728017250284613	false	1.0
niedrig	neg 1.0		neg 0.5269111674952237 off 0.4059274341254947 __DUMMY__ 0.06716139837928137	false	1.0
explosion	neg 1.0		neg 0.5195507004632768 off 0.4136514699522035 __DUMMY__ 0.06679782958451971	false	1.0
weichei	off 1.0		neg 0.5106316979395421 off 0.4231336116692879 __DUMMY__ 0.06623469039117005	false	0.5
minusmensch	off 1.0		neg 0.5108522661900383 off 0.42368015422419714 __DUMMY__ 0.06546757958576471	false	0.5
farblos	neg 1.0		neg 0.5192447646888771 off 0.41313743173940704 __DUMMY__ 0.06761780357171565	false	1.0
unwissend	neg 1.0	neg 1.0	neg 0.7454455878410787 off 0.22275185554746998 __DUMMY__ 0.03180255661145134	false	1.0
traurig	neg 1.0		neg 0.5114335341067278 off 0.4218136159530176 __DUMMY__ 0.06675284994025461	false	1.0
senkung	neg 1.0		neg 0.5208668394580208 off 0.41260858910440695 __DUMMY__ 0.06652457143757233	false	1.0
ungleich	neg 1.0	neg 1.0	neg 0.7518106612649172 off 0.2162852877182352 __DUMMY__ 0.03190405101684753	false	1.0
heikel	neg 1.0		neg 0.5278495619531675 off 0.4050840390928584 __DUMMY__ 0.0670663989539742	false	1.0
drosselung	neg 1.0		neg 0.5148766598991381 off 0.4183862838220761 __DUMMY__ 0.06673705627878576	false	1.0
falsch	neg 1.0		neg 0.5166502800059906 off 0.4164800376284859 __DUMMY__ 0.06686968236552335	false	1.0
unzufriedenheit	neg 1.0		neg 0.5279641734512285 off 0.40485497328813935 __DUMMY__ 0.06718085326063213	false	1.0
kurz	neg 1.0		neg 0.5201220060625112 off 0.4122984273804038 __DUMMY__ 0.06757956655708496	false	1.0
unsinnig	neg 1.0		neg 0.5251327832835396 off 0.4080714340129169 __DUMMY__ 0.06679578270354342	false	1.0
penner	off 1.0	off 1.0	off 0.6973146843251394 neg 0.271137274839945 __DUMMY__ 0.03154804083491574	false	1.0
seicht	neg 1.0		neg 0.5090022699664012 off 0.42510055731177204 __DUMMY__ 0.06589717272182669	false	1.0
dummheit	off 1.0	off 1.0	off 0.690617503378577 neg 0.27762061313762826 __DUMMY__ 0.03176188348379475	false	1.0
unerfreulich	neg 1.0		neg 0.5273540988333342 off 0.4053037731944704 __DUMMY__ 0.06734212797219537	false	1.0
motherfucker	off 1.0	off 1.0	off 0.6930030350385727 neg 0.2753633269187428 __DUMMY__ 0.03163363804268436	false	1.0
pikiert	neg 1.0		neg 0.5176028359830648 off 0.4159514687379939 __DUMMY__ 0.06644569527894136	false	1.0
wrack	neg 1.0		neg 0.5225770156497135 off 0.4097153170355643 __DUMMY__ 0.06770766731472218	false	1.0
gangster	neg 1.0		neg 0.5186443110578728 off 0.41444282612418043 __DUMMY__ 0.06691286281794688	false	1.0
krank	neg 1.0		neg 0.5123770191060552 off 0.4206587092366866 __DUMMY__ 0.06696427165725831	false	1.0
reich	neg 1.0		neg 0.5181941380171372 off 0.41519234516426745 __DUMMY__ 0.06661351681859543	false	1.0
gnadenlos	neg 1.0		neg 0.5201790389069914 off 0.4127758162949428 __DUMMY__ 0.06704514479806582	false	1.0
niedergeschlagen	neg 1.0		neg 0.5212407704994775 off 0.4114062096361333 __DUMMY__ 0.06735301986438916	false	1.0
terrorisieren	off 1.0	off 1.0	off 0.6875752142687679 neg 0.2803743380367636 __DUMMY__ 0.0320504476944686	false	1.0
sinnlosigkeit	neg 1.0		neg 0.5238600025931387 off 0.4090631402775489 __DUMMY__ 0.06707685712931244	false	1.0
behindern	neg 1.0		neg 0.5231856701785383 off 0.40988447958837504 __DUMMY__ 0.06692985023308647	false	1.0
undemokratisch	neg 1.0		neg 0.5240692437088226 off 0.4094554551471151 __DUMMY__ 0.06647530114406221	false	1.0
wirtschaftskrise	neg 1.0		neg 0.5275376935360072 off 0.4056579441958931 __DUMMY__ 0.06680436226809959	false	1.0
neid	neg 1.0		neg 0.5129307719471877 off 0.41974271165986893 __DUMMY__ 0.06732651639294342	false	1.0
rutschen	neg 1.0	neg 1.0	neg 0.7496182452182543 off 0.2177651413344569 __DUMMY__ 0.03261661344728886	false	1.0
rezession	neg 1.0		neg 0.5158307050808478 off 0.4182505867440063 __DUMMY__ 0.06591870817514586	false	1.0
fehlgeburt	neg 1.0		neg 0.5177863632496773 off 0.4150432180861613 __DUMMY__ 0.06717041866416142	false	1.0
charakterschwach	off 1.0		neg 0.515668852984021 off 0.41773369683757267 __DUMMY__ 0.06659745017840626	false	0.5
isolation	neg 1.0		neg 0.5157144257508721 off 0.417206725090957 __DUMMY__ 0.06707884915817085	false	1.0
ablenkung	neg 1.0		neg 0.5201863728341156 off 0.4126543089233777 __DUMMY__ 0.06715931824250665	false	1.0
pech	neg 1.0		neg 0.5160320587710406 off 0.41694157175472346 __DUMMY__ 0.06702636947423597	false	1.0
vermeidung	neg 1.0		neg 0.5160943200540031 off 0.4174267947145777 __DUMMY__ 0.06647888523141916	false	1.0
dominieren	neg 1.0		neg 0.5223842840034358 off 0.40999360368854415 __DUMMY__ 0.06762211230802015	false	1.0
schwindlig	neg 1.0		neg 0.5157872504536487 off 0.4168441608752619 __DUMMY__ 0.06736858867108936	false	1.0
lutscher	neg 1.0	neg 1.0	neg 0.7409716272699689 off 0.22761476841360567 __DUMMY__ 0.03141360431642541	false	1.0
pflicht	neg 1.0		neg 0.5273545802770582 off 0.40546320858334417 __DUMMY__ 0.06718221113959771	false	1.0
faschist	off 1.0		neg 0.5213983948054094 off 0.4121748229755641 __DUMMY__ 0.06642678221902651	false	0.5
verschleudern	neg 1.0		neg 0.5300221361126995 off 0.40341524985957994 __DUMMY__ 0.06656261402772068	false	1.0
wenn			neg 0.5162284493625089 off 0.41688164030856956 __DUMMY__ 0.06688991032892147	false	0.0
ehebruch	neg 1.0		neg 0.5262236425600324 off 0.40679833278544064 __DUMMY__ 0.06697802465452692	false	1.0
spott	off 1.0		neg 0.5274345784968021 off 0.40566405002133193 __DUMMY__ 0.06690137148186595	false	0.5
trostlosigkeit	neg 1.0		neg 0.528337599800316 off 0.40438615253289245 __DUMMY__ 0.06727624766679142	false	1.0
lutschen	neg 1.0		neg 0.5207841628419178 off 0.4126139531830024 __DUMMY__ 0.06660188397507974	false	1.0
undiszipliniert	neg 1.0		neg 0.5128215924755791 off 0.4204592106234012 __DUMMY__ 0.06671919690101978	false	1.0
kopfschmerz	neg 1.0		neg 0.5210447845391397 off 0.41156419954428597 __DUMMY__ 0.06739101591657425	false	1.0
unvorhergesehen	neg 1.0		neg 0.521269583377353 off 0.410881632349185 __DUMMY__ 0.06784878427346196	false	1.0
desinteressiert	neg 1.0		neg 0.514059596209909 off 0.4193845001975915 __DUMMY__ 0.06655590359249951	false	1.0
armselig	off 1.0		neg 0.5145966328750249 off 0.4191341057513033 __DUMMY__ 0.06626926137367185	false	0.5
desaster	neg 1.0		neg 0.5306669075257288 off 0.4021604250362134 __DUMMY__ 0.06717266743805786	false	1.0
tod	neg 1.0		neg 0.5243218828822739 off 0.40839164123724264 __DUMMY__ 0.06728647588048343	false	1.0
herzlos	neg 1.0		neg 0.5126824638561436 off 0.42085738155822083 __DUMMY__ 0.06646015458563566	false	1.0
unwissenheit	neg 1.0		neg 0.5261538089981387 off 0.40707387542883317 __DUMMY__ 0.06677231557302804	false	1.0
widersinnig	neg 1.0	neg 1.0	neg 0.7513709401929843 off 0.21691430470097442 __DUMMY__ 0.031714755106041236	false	1.0
bedenklich	neg 1.0		neg 0.5263374397753834 off 0.40666293702087936 __DUMMY__ 0.06699962320373724	false	1.0
beanstanden	neg 1.0		neg 0.5279377104934504 off 0.4048378068396735 __DUMMY__ 0.06722448266687621	false	1.0
panisch	neg 1.0	neg 1.0	neg 0.7444852497458893 off 0.2232451238918325 __DUMMY__ 0.03226962636227827	false	1.0
debil	off 1.0		neg 0.532421375788881 off 0.40002338681843513 __DUMMY__ 0.06755523739268376	false	0.5
abstrich	neg 1.0		neg 0.5253868438332613 off 0.40758756244081623 __DUMMY__ 0.06702559372592251	false	1.0
primitiv	neg 1.0		neg 0.5155345788385848 off 0.4180139176334661 __DUMMY__ 0.06645150352794929	false	1.0
abschaum	off 1.0	off 1.0	off 0.6921346140422615 neg 0.27611113160530665 __DUMMY__ 0.03175425435243179	false	1.0
provozieren	neg 1.0		neg 0.5214493837415676 off 0.4116703843605059 __DUMMY__ 0.06688023189792654	false	1.0
tot	neg 1.0		neg 0.5251167604300707 off 0.4076373999993351 __DUMMY__ 0.06724583957059412	false	1.0
instabil	neg 1.0		neg 0.5174888187060415 off 0.4163274765316984 __DUMMY__ 0.06618370476226001	false	1.0
schwuchtel	off 1.0		neg 0.5044489572093669 off 0.43002493149328974 __DUMMY__ 0.06552611129734333	false	0.5
zerren	neg 1.0		neg 0.5209406078893951 off 0.41167354370087655 __DUMMY__ 0.06738584840972839	false	1.0
kinderficker	off 1.0		neg 0.512470169970591 off 0.4214400466668389 __DUMMY__ 0.06608978336257008	false	0.5
gefahr	neg 1.0		neg 0.5277996533040078 off 0.40500368655950403 __DUMMY__ 0.0671966601364881	false	1.0
rabiat	neg 1.0		neg 0.5224123990340298 off 0.4107199511365572 __DUMMY__ 0.06686764982941293	false	1.0
verlangsamung	neg 1.0		neg 0.5108309032814525 off 0.4231779423723203 __DUMMY__ 0.06599115434622699	false	1.0
ausgestorben	neg 1.0		neg 0.5206347670027272 off 0.4120829116704208 __DUMMY__ 0.06728232132685201	false	1.0
anklagen	neg 1.0		neg 0.5252346022901251 off 0.4079318131251876 __DUMMY__ 0.06683358458468738	false	1.0
trott	neg 1.0		neg 0.5214146217311927 off 0.4114127953761125 __DUMMY__ 0.06717258289269482	false	1.0
verminderung	neg 1.0		neg 0.5144239239980216 off 0.4190080985225826 __DUMMY__ 0.06656797747939595	false	1.0
nach			neg 0.5257193850033777 off 0.405989382998427 __DUMMY__ 0.06829123199819537	false	0.0
rost	neg 1.0		neg 0.5105881452372579 off 0.4231288237259137 __DUMMY__ 0.06628303103682834	false	1.0
destruktiv	neg 1.0		neg 0.5241913441413466 off 0.4091237084582879 __DUMMY__ 0.06668494740036544	false	1.0
unzumutbarkeit	neg 1.0		neg 0.5156403210860913 off 0.4174368024374384 __DUMMY__ 0.06692287647647027	false	1.0
labil	off 1.0	off 1.0	off 0.6920100125965486 neg 0.27624022586129204 __DUMMY__ 0.03174976154215933	false	1.0
ziemlich	neg 1.0		neg 0.5136576092787293 off 0.41940243213555983 __DUMMY__ 0.06693995858571092	false	1.0
lachnummer	off 1.0		neg 0.5224359945037953 off 0.4106383904373639 __DUMMY__ 0.06692561505884081	false	0.5
oder			neg 0.5191115188097388 off 0.4135627241052274 __DUMMY__ 0.06732575708503376	false	0.0
verfall	neg 1.0		neg 0.532922895555435 off 0.3997733590212246 __DUMMY__ 0.06730374542334035	false	1.0
ausgrenzung	neg 1.0		neg 0.523873943774757 off 0.4097691325430925 __DUMMY__ 0.0663569236821505	false	1.0
unordnung	neg 1.0		neg 0.5152448518422479 off 0.41792779018277554 __DUMMY__ 0.06682735797497667	false	1.0
fehlverhalten	neg 1.0		neg 0.5280440684528984 off 0.4049403369370968 __DUMMY__ 0.06701559461000486	false	1.0
eine			neg 0.5265417113647998 off 0.40608478327461767 __DUMMY__ 0.06737350536058248	false	0.0
nille	neg 1.0		neg 0.5231221491919777 off 0.4098390327418757 __DUMMY__ 0.06703881806614641	false	1.0
qual	neg 1.0		neg 0.5220258667051869 off 0.410854558982613 __DUMMY__ 0.06711957431220007	false	1.0
verschwenden	neg 1.0		neg 0.5254673412779405 off 0.40750263176276924 __DUMMY__ 0.06703002695929033	false	1.0
riesig	neg 1.0	neg 1.0	neg 0.7495393329317289 off 0.2182800330796266 __DUMMY__ 0.03218063398864451	false	1.0
verurteilen	neg 1.0		neg 0.5256138578658707 off 0.40751790467015203 __DUMMY__ 0.06686823746397727	false	1.0
klischee	neg 1.0	neg 1.0	neg 0.7470959119542291 off 0.2211671383652004 __DUMMY__ 0.031736949680570566	false	1.0
diktatorisch	neg 1.0		neg 0.524799507177387 off 0.4089526547062109 __DUMMY__ 0.06624783811640203	false	1.0
vorhersehbar	neg 1.0	neg 1.0	neg 0.7471369191479112 off 0.22105190359574436 __DUMMY__ 0.031811177256344365	false	1.0
sowie			neg 0.5122554662055686 off 0.42160768261423087 __DUMMY__ 0.06613685118020059	false	0.0
stornieren	neg 1.0		neg 0.5162743131676478 off 0.416031317698923 __DUMMY__ 0.06769436913342913	false	1.0
besteuerung	neg 1.0		neg 0.5239864294292154 off 0.40952131484926046 __DUMMY__ 0.06649225572152405	false	1.0
ungeschminkt	neg 1.0		neg 0.5161519248158946 off 0.4173549822923517 __DUMMY__ 0.0664930928917537	false	1.0
kritisch	neg 1.0		neg 0.526232903199988 off 0.40670408425269 __DUMMY__ 0.06706301254732203	false	1.0
schlamperei	off 1.0		neg 0.5289017860607534 off 0.4042161700481236 __DUMMY__ 0.06688204389112302	false	0.5
sucht	neg 1.0	neg 1.0	neg 0.7480869172728418 off 0.2198770951706613 __DUMMY__ 0.032035987556496816	false	1.0
egoistisch	off 1.0		neg 0.5095105861830089 off 0.4240531866931435 __DUMMY__ 0.06643622712384746	false	0.5
ausbeuter	off 1.0		neg 0.529489378683342 off 0.40369510103197576 __DUMMY__ 0.06681552028468216	false	0.5
arschgeburt	off 1.0		neg 0.5047719311458949 off 0.42977443915258823 __DUMMY__ 0.06545362970151676	false	0.5
schubs	neg 1.0	neg 1.0	neg 0.7481788767471383 off 0.21956734978009057 __DUMMY__ 0.032253773472771134	false	1.0
unsolide	neg 1.0		neg 0.5262393652903796 off 0.4078644918019089 __DUMMY__ 0.0658961429077115	false	1.0
beschwerde	neg 1.0		neg 0.5289710234581482 off 0.4042013991898072 __DUMMY__ 0.06682757735204461	false	1.0
stocken	neg 1.0		neg 0.5271063235238923 off 0.40589626676817764 __DUMMY__ 0.06699740970793015	false	1.0
isolieren	neg 1.0		neg 0.5259222140584 off 0.4071484308106202 __DUMMY__ 0.06692935513097986	false	1.0
unheilbar	neg 1.0		neg 0.5195909871308998 off 0.4131850717940141 __DUMMY__ 0.06722394107508603	false	1.0
pisser	off 1.0		neg 0.5153805321654292 off 0.41818883040010135 __DUMMY__ 0.06643063743446934	false	0.5
löschen	neg 1.0		neg 0.5216353329904685 off 0.41132192176523524 __DUMMY__ 0.06704274524429629	false	1.0
durchfallen	neg 1.0		neg 0.5256195081015201 off 0.4075138265961697 __DUMMY__ 0.06686666530231018	false	1.0
wichser	off 1.0		neg 0.5050770849298992 off 0.428807176335749 __DUMMY__ 0.06611573873435175	false	0.5
terror	neg 1.0		neg 0.5176109266860573 off 0.41533517779348444 __DUMMY__ 0.06705389552045818	false	1.0
krass	neg 1.0		neg 0.5121488777351079 off 0.421419826111147 __DUMMY__ 0.06643129615374511	false	1.0
revolte	neg 1.0	neg 1.0	neg 0.748682059905282 off 0.21961545370704677 __DUMMY__ 0.03170248638767136	false	1.0
besorgt	neg 1.0		neg 0.520834841019971 off 0.4115825176140408 __DUMMY__ 0.0675826413659883	false	1.0
nachlassen	neg 1.0		neg 0.5257189174676509 off 0.4070176926761312 __DUMMY__ 0.06726338985621798	false	1.0
alt	neg 1.0		neg 0.5243920099671577 off 0.40837459908063095 __DUMMY__ 0.0672333909522114	false	1.0
hundesohn	off 1.0		neg 0.5094013995977318 off 0.42479043254843085 __DUMMY__ 0.06580816785383735	false	0.5
als			neg 0.5216003143636997 off 0.4109931999895327 __DUMMY__ 0.06740648564676757	false	0.0
abschreckung	neg 1.0		neg 0.5290796095498399 off 0.40375240022252085 __DUMMY__ 0.06716799022763939	false	1.0
unqualifiziert	neg 1.0		neg 0.520699360590734 off 0.4128809871118982 __DUMMY__ 0.06641965229736774	false	1.0
abgewichst	off 1.0		neg 0.5230257745381522 off 0.4097989283796076 __DUMMY__ 0.06717529708224011	false	0.5
schwer	neg 1.0		neg 0.52072435953328 off 0.41211256080738773 __DUMMY__ 0.0671630796593322	false	1.0
bedeutungslosigkeit	neg 1.0		neg 0.527940270978044 off 0.40491761920739566 __DUMMY__ 0.0671421098145605	false	1.0
kapitulation	neg 1.0		neg 0.5295352453153831 off 0.40386583266706894 __DUMMY__ 0.06659892201754804	false	1.0
unscharf	neg 1.0		neg 0.5189008699122085 off 0.41421638847441206 __DUMMY__ 0.06688274161337947	false	1.0
schwinden	neg 1.0		neg 0.5276414973399816 off 0.40514796908237155 __DUMMY__ 0.06721053357764702	false	1.0
versklavung	neg 1.0		neg 0.5251298191547417 off 0.4085966285921772 __DUMMY__ 0.06627355225308124	false	1.0
schlecht	neg 1.0		neg 0.5134739811172353 off 0.41957275332294536 __DUMMY__ 0.06695326555981934	false	1.0
verhasst	neg 1.0		neg 0.5206510291553851 off 0.4124293052755066 __DUMMY__ 0.06691966556910826	false	1.0
beschweren	neg 1.0		neg 0.5188161934343813 off 0.4141551664155319 __DUMMY__ 0.06702864015008662	false	1.0
scheiden	neg 1.0		neg 0.5154993908226341 off 0.4166140090413218 __DUMMY__ 0.0678866001360442	false	1.0
frustriert	neg 1.0		neg 0.5220199189321266 off 0.41079147312354486 __DUMMY__ 0.06718860794432853	false	1.0
schimmelig	neg 1.0		neg 0.5250526571331154 off 0.40767299495716014 __DUMMY__ 0.06727434790972443	false	1.0
fisch	neg 1.0		neg 0.5231836670802967 off 0.40897448430268346 __DUMMY__ 0.06784184861701974	false	1.0
schmuggel	neg 1.0		neg 0.5252611318161851 off 0.4071539918842116 __DUMMY__ 0.06758487629960336	false	1.0
auffallen	neg 1.0		neg 0.5180146132522006 off 0.4149810706792071 __DUMMY__ 0.06700431606859224	false	1.0
konkurrenz	neg 1.0	neg 1.0	neg 0.7514373265055573 off 0.2163313347375154 __DUMMY__ 0.032231338756927415	false	1.0
teufelskreis	neg 1.0	neg 1.0	neg 0.7491901671667905 off 0.2188871357336766 __DUMMY__ 0.03192269709953283	false	1.0
aufschreien	neg 1.0		neg 0.5193488267140862 off 0.41383094364638395 __DUMMY__ 0.06682022963952972	false	1.0
schuldner	neg 1.0		neg 0.5275499960250839 off 0.40526945371314016 __DUMMY__ 0.06718055026177584	false	1.0
missgeburt	off 1.0	off 1.0	off 0.695193434243645 neg 0.27330015304490773 __DUMMY__ 0.0315064127114472	false	1.0
arbeitslos	neg 1.0		neg 0.525111344529693 off 0.4079904057067595 __DUMMY__ 0.0668982497635476	false	1.0
befallen	neg 1.0		neg 0.5255875302073609 off 0.40765231416831355 __DUMMY__ 0.06676015562432551	false	1.0
miesepetrig	off 1.0	off 1.0	off 0.6938457912374207 neg 0.27424154532431216 __DUMMY__ 0.03191266343826717	false	1.0
alarmieren	neg 1.0		neg 0.5197883205250189 off 0.4138594833847202 __DUMMY__ 0.06635219609026093	false	1.0
ungeduscht	off 1.0		neg 0.5159374379923832 off 0.4169931680851489 __DUMMY__ 0.06706939392246791	false	0.5
knappheit	neg 1.0		neg 0.52819157517897 off 0.4050347136381718 __DUMMY__ 0.06677371118285823	false	1.0
schlange	neg 1.0		neg 0.516060058978258 off 0.41645586386874006 __DUMMY__ 0.06748407715300203	false	1.0
harsch	neg 1.0		neg 0.5095566362886633 off 0.4236955512382028 __DUMMY__ 0.06674781247313386	false	1.0
lang	neg 1.0		neg 0.5209828354864815 off 0.41196574580894035 __DUMMY__ 0.06705141870457808	false	1.0
ziellos	neg 1.0		neg 0.52204766609469 off 0.41047773003072896 __DUMMY__ 0.06747460387458108	false	1.0
selbstverliebt	neg 1.0		neg 0.5065788307967258 off 0.4277318408259474 __DUMMY__ 0.0656893283773267	false	1.0
beseitigen	neg 1.0	neg 1.0	neg 0.7479585897093651 off 0.21987359674627938 __DUMMY__ 0.032167813544355515	false	1.0
dumm	off 1.0		neg 0.5093818131481401 off 0.4243757853490737 __DUMMY__ 0.06624240150278614	false	0.5
arbeitsloser	neg 1.0		neg 0.5242964417916031 off 0.4084785767554298 __DUMMY__ 0.067224981452967	false	1.0
blitzen	neg 1.0		neg 0.5186196412698816 off 0.4145737324077321 __DUMMY__ 0.06680662632238633	false	1.0
hilflos	neg 1.0		neg 0.5224438657176756 off 0.41033658695119696 __DUMMY__ 0.06721954733112721	false	1.0
eklig	off 1.0		neg 0.5087404047251776 off 0.42505516230054036 __DUMMY__ 0.06620443297428213	false	0.5
begriff			neg 0.5238966714149023 off 0.40919831576096377 __DUMMY__ 0.06690501282413402	false	0.0
hungersnot	neg 1.0		neg 0.5247779677667771 off 0.40829123441217857 __DUMMY__ 0.06693079782104448	false	1.0
ungesetzlich	neg 1.0		neg 0.5244768230391322 off 0.40938140672010664 __DUMMY__ 0.06614177024076115	false	1.0
verschwendung	neg 1.0		neg 0.5260575483618969 off 0.40673143796497485 __DUMMY__ 0.0672110136731283	false	1.0
schmerzvoll	neg 1.0		neg 0.5186800526877705 off 0.41426007310140817 __DUMMY__ 0.0670598742108213	false	1.0
vorzeitig	neg 1.0		neg 0.5170059215851062 off 0.4159268515229633 __DUMMY__ 0.06706722689193044	false	1.0
unvollkommenheit	neg 1.0		neg 0.5216428195050927 off 0.4108151944698648 __DUMMY__ 0.06754198602504238	false	1.0
intervenieren	neg 1.0		neg 0.5293936262721642 off 0.40383656792748374 __DUMMY__ 0.06676980580035193	false	1.0
banause	off 1.0		neg 0.5080668992195657 off 0.4260620698646595 __DUMMY__ 0.06587103091577474	false	0.5
rebell	neg 1.0		neg 0.530149275716788 off 0.40256793337608343 __DUMMY__ 0.06728279090712863	false	1.0
unlogisch	neg 1.0		neg 0.5127678318169234 off 0.42072035082312315 __DUMMY__ 0.06651181735995336	false	1.0
leiden	neg 1.0		neg 0.5204208824799574 off 0.41138823649467204 __DUMMY__ 0.06819088102537048	false	1.0
abschaffung	neg 1.0		neg 0.5242790255181055 off 0.4092192721994499 __DUMMY__ 0.0665017022824446	false	1.0
sturz	neg 1.0		neg 0.5212262326759255 off 0.4116684473093802 __DUMMY__ 0.06710532001469435	false	1.0
verkleinerung	neg 1.0		neg 0.5231575045857233 off 0.41071329484172325 __DUMMY__ 0.06612920057255345	false	1.0
schmarotzer	off 1.0		neg 0.5257875869311586 off 0.4073939900314693 __DUMMY__ 0.06681842303737219	false	0.5
bestrafung	neg 1.0		neg 0.5200344016556585 off 0.4130101356260365 __DUMMY__ 0.06695546271830502	false	1.0
achtlos	neg 1.0		neg 0.5194717350392001 off 0.41315537497115135 __DUMMY__ 0.06737288998964854	false	1.0
ungeheuer	neg 1.0		neg 0.5154253136942933 off 0.41728782207857673 __DUMMY__ 0.06728686422712991	false	1.0
unaufrichtig	neg 1.0		neg 0.5218462821857087 off 0.4116558073907595 __DUMMY__ 0.06649791042353165	false	1.0
groggy	neg 1.0		neg 0.5200571950976962 off 0.4132533870301795 __DUMMY__ 0.06668941787212428	false	1.0
verletzlich	neg 1.0		neg 0.5132757580064898 off 0.4200011915982335 __DUMMY__ 0.06672305039527669	false	1.0
