unsolidarisch	neg 1.0		neg 0.5414761976923307 off 0.4180544779397371 __DUMMY__ 0.04046932436793207	false	1.0
nachteilig	neg 1.0		neg 0.5422809616166177 off 0.4167846899021275 __DUMMY__ 0.04093434848125474	false	1.0
skeptisch	neg 1.0		neg 0.5422374352996824 off 0.4167208430184945 __DUMMY__ 0.04104172168182319	false	1.0
schrecklich	neg 1.0		neg 0.5250840446186271 off 0.4341719626493266 __DUMMY__ 0.04074399273204631	false	1.0
schlapp	neg 1.0	neg 1.0	neg 0.7516207280097723 off 0.22885711541924225 __DUMMY__ 0.019522156570985435	false	1.0
abfall	neg 1.0		neg 0.5446879279765967 off 0.41415420297923844 __DUMMY__ 0.041157869044164845	false	1.0
widerspenstig	neg 1.0		neg 0.5353603838420501 off 0.4236105354161828 __DUMMY__ 0.041029080741766935	false	1.0
abrupt	neg 1.0		neg 0.5382371391527422 off 0.42040011603620003 __DUMMY__ 0.04136274481105784	false	1.0
unwirksam	neg 1.0		neg 0.540244786395614 off 0.419175800799146 __DUMMY__ 0.040579412805239995	false	1.0
angreifen	neg 1.0	neg 1.0	neg 0.7584974543261381 off 0.22194529801107207 __DUMMY__ 0.019557247662789764	false	1.0
inkonsistent	neg 1.0		neg 0.5359489946817331 off 0.42318040493166453 __DUMMY__ 0.04087060038660237	false	1.0
abrutschen	neg 1.0		neg 0.5440091320547257 off 0.41481194931617293 __DUMMY__ 0.041178918629101405	false	1.0
unsicher	neg 1.0		neg 0.5350600446947682 off 0.4238748626193256 __DUMMY__ 0.0410650926859062	false	1.0
bauernkind	off 1.0	off 1.0	off 0.6991045017962944 neg 0.2816992291978612 __DUMMY__ 0.019196269005844407	false	1.0
angreifer	neg 1.0		neg 0.5338592895614351 off 0.42510707168682343 __DUMMY__ 0.04103363875174133	false	1.0
trennen	neg 1.0		neg 0.5365969816646912 off 0.4219146556893705 __DUMMY__ 0.041488362645938456	false	1.0
schmutz	neg 1.0		neg 0.532520509310665 off 0.42635405815720734 __DUMMY__ 0.04112543253212773	false	1.0
inkonsistenz	neg 1.0		neg 0.5339319067014117 off 0.42545557347307755 __DUMMY__ 0.0406125198255107	false	1.0
erschreckend	neg 1.0		neg 0.5376680048819379 off 0.42137234039484195 __DUMMY__ 0.040959654723220294	false	1.0
ertrinken	neg 1.0		neg 0.5386110939243468 off 0.4201895470236184 __DUMMY__ 0.04119935905203487	false	1.0
pickelface	off 1.0		neg 0.5395847302676315 off 0.4195112341855197 __DUMMY__ 0.04090403554684876	false	0.5
seiner			neg 0.5399416949214249 off 0.4188482566009419 __DUMMY__ 0.04121004847763326	false	0.0
lauch	neg 1.0		neg 0.5461414769519535 off 0.4128987673431512 __DUMMY__ 0.04095975570489531	false	1.0
unwichtig	neg 1.0		neg 0.5314058709398981 off 0.4278188975420933 __DUMMY__ 0.040775231518008735	false	1.0
steuerhinterziehung	neg 1.0		neg 0.5414723254355062 off 0.41783184701632686 __DUMMY__ 0.040695827548166995	false	1.0
schock	neg 1.0		neg 0.5343539576202541 off 0.42437972149163106 __DUMMY__ 0.041266320888114785	false	1.0
beule	neg 1.0		neg 0.529219764952629 off 0.4298709286827676 __DUMMY__ 0.04090930636460356	false	1.0
vergelten	neg 1.0		neg 0.5256472048134724 off 0.43343980530202003 __DUMMY__ 0.04091298988450772	false	1.0
verdorbenheit	neg 1.0		neg 0.5362108154368938 off 0.42276000458660196 __DUMMY__ 0.041029179976504335	false	1.0
trauma	neg 1.0		neg 0.5352842254127127 off 0.42379340166367235 __DUMMY__ 0.04092237292361491	false	1.0
sinnlos	neg 1.0		neg 0.5326918237932998 off 0.4263187841385086 __DUMMY__ 0.0409893920681917	false	1.0
fettsack	off 1.0	off 1.0	off 0.7009943225722832 neg 0.27973243197036984 __DUMMY__ 0.019273245457346922	false	1.0
feige	off 1.0	off 1.0	off 0.6975679313291213 neg 0.28308662204284796 __DUMMY__ 0.019345446628030713	false	1.0
abdanken	neg 1.0		neg 0.539471409652583 off 0.4197536710426258 __DUMMY__ 0.04077491930479129	false	1.0
wichtigtuer	off 1.0	off 1.0	off 0.6961649153794706 neg 0.2844004109444199 __DUMMY__ 0.019434673676109553	false	1.0
misslingen	neg 1.0		neg 0.5311351280276393 off 0.4275146655593718 __DUMMY__ 0.041350206412989074	false	1.0
untreu	off 1.0		neg 0.5302594289102188 off 0.42901986118880586 __DUMMY__ 0.04072070990097533	false	0.5
missmutig	neg 1.0		neg 0.5298907198161127 off 0.429195281163367 __DUMMY__ 0.04091399902052039	false	1.0
hurenbock	off 1.0		neg 0.5337041780853767 off 0.4252658866528398 __DUMMY__ 0.04102993526178343	false	0.5
betrunken	neg 1.0		neg 0.5258750587700715 off 0.43317236474975784 __DUMMY__ 0.04095257648017057	false	1.0
korrupt	off 1.0		neg 0.5431170469910017 off 0.4162695384238399 __DUMMY__ 0.04061341458515846	false	0.5
unmut	neg 1.0		neg 0.5451566054268947 off 0.41374781632751995 __DUMMY__ 0.041095578245585275	false	1.0
hackfresse	off 1.0		neg 0.5230163203050291 off 0.43650341825712285 __DUMMY__ 0.04048026143784802	false	0.5
aufblasen	neg 1.0		neg 0.5327846435566727 off 0.42610963199860946 __DUMMY__ 0.041105724444717884	false	1.0
gewaltsam	neg 1.0		neg 0.5376964964044691 off 0.42135359359461183 __DUMMY__ 0.04094991000091919	false	1.0
unbeliebtheit	neg 1.0		neg 0.5366749511400488 off 0.4230098550707776 __DUMMY__ 0.04031519378917351	false	1.0
sturheit	neg 1.0		neg 0.5381423321539119 off 0.420938012160793 __DUMMY__ 0.04091965568529502	false	1.0
kuh	neg 1.0		neg 0.5380225158101521 off 0.42128780420185685 __DUMMY__ 0.04068967998799106	false	1.0
erschrecken	neg 1.0		neg 0.5303964313818569 off 0.42864016814304085 __DUMMY__ 0.04096340047510231	false	1.0
opfer	neg 1.0		neg 0.5394039708462474 off 0.41948157309188083 __DUMMY__ 0.04111445606187176	false	1.0
sinken	neg 1.0		neg 0.5430689269662685 off 0.41571132478751005 __DUMMY__ 0.04121974824622126	false	1.0
stinktier	neg 1.0		neg 0.527118509939504 off 0.43240732934832393 __DUMMY__ 0.04047416071217206	false	1.0
tucke	off 1.0		neg 0.5256841891736257 off 0.4341739442340229 __DUMMY__ 0.040141866592351354	false	0.5
ein			neg 0.5331550709533367 off 0.42569185439558616 __DUMMY__ 0.041153074651077	false	0.0
abstieg	neg 1.0		neg 0.5392995119895811 off 0.4194521328964828 __DUMMY__ 0.04124835511393588	false	1.0
missverstehen	neg 1.0		neg 0.5346287509986805 off 0.42461125016702406 __DUMMY__ 0.04075999883429536	false	1.0
ergebnislos	neg 1.0		neg 0.5413234766425731 off 0.41761678158230386 __DUMMY__ 0.041059741775122956	false	1.0
unter			neg 0.5446756790856142 off 0.413609259689589 __DUMMY__ 0.04171506122479691	false	0.0
manipulieren	neg 1.0		neg 0.5419133704536274 off 0.41702247485268473 __DUMMY__ 0.04106415469368779	false	1.0
unbewiesen	neg 1.0		neg 0.5417063650549588 off 0.41788375259979066 __DUMMY__ 0.040409882345250364	false	1.0
verschleppen	neg 1.0		neg 0.5402278805949444 off 0.4188151220465016 __DUMMY__ 0.040956997358553925	false	1.0
weib	off 1.0		neg 0.5238027377895592 off 0.4357846903258838 __DUMMY__ 0.040412571884556985	false	0.5
opposition	neg 1.0		neg 0.5363727708434674 off 0.42291695176594196 __DUMMY__ 0.0407102773905907	false	1.0
verkehrswidrig	neg 1.0	neg 1.0	neg 0.7470638769172142 off 0.23319759883300387 __DUMMY__ 0.019738524249781925	false	1.0
inkorrekt	neg 1.0		neg 0.5319569599497357 off 0.42764969828901583 __DUMMY__ 0.0403933417612486	false	1.0
vermeiden	neg 1.0		neg 0.5445216184346676 off 0.41405622028532224 __DUMMY__ 0.04142216128001005	false	1.0
abweichung	neg 1.0	neg 1.0	neg 0.7576062783411731 off 0.22280233405852362 __DUMMY__ 0.01959138760030337	false	1.0
alkoholisiert	neg 1.0		neg 0.5351052006214012 off 0.4231805402133974 __DUMMY__ 0.041714259165201294	false	1.0
scheiss	off 1.0	off 1.0	off 0.6988011421103161 neg 0.2817441692118477 __DUMMY__ 0.019454688677836333	false	1.0
herausforderung	neg 1.0	neg 1.0	neg 0.755428867061855 off 0.22469540246629316 __DUMMY__ 0.019875730471851878	false	1.0
pervers	off 1.0		neg 0.5200439309995352 off 0.43959864281771166 __DUMMY__ 0.04035742618275305	false	0.5
wackelig	neg 1.0		neg 0.5348134120423551 off 0.4237619111135907 __DUMMY__ 0.041424676844054105	false	1.0
verwickeln	neg 1.0		neg 0.5343837457623691 off 0.42481767127965314 __DUMMY__ 0.040798582957977635	false	1.0
vorwand	neg 1.0		neg 0.5428842547669832 off 0.41604161813391477 __DUMMY__ 0.04107412709910183	false	1.0
muschi	off 1.0		neg 0.5385343553772359 off 0.4205136578724642 __DUMMY__ 0.04095198675029999	false	0.5
entmutigung	neg 1.0		neg 0.5378905958309557 off 0.42149321685509156 __DUMMY__ 0.04061618731395274	false	1.0
unangemessen	neg 1.0		neg 0.5398012313077635 off 0.41933262062543497 __DUMMY__ 0.040866148066801576	false	1.0
unstetig	neg 1.0		neg 0.535552170440957 off 0.4235478136674878 __DUMMY__ 0.04090001589155519	false	1.0
entmutigen	neg 1.0		neg 0.5338219070608885 off 0.42516960626785727 __DUMMY__ 0.04100848667125412	false	1.0
schwanz	neg 1.0		neg 0.5415212037741514 off 0.4174125468413035 __DUMMY__ 0.04106624938454501	false	1.0
verbot	neg 1.0		neg 0.5423698009256551 off 0.4168944700722093 __DUMMY__ 0.04073572900213543	false	1.0
leid	neg 1.0		neg 0.5242751694687101 off 0.43505441581276066 __DUMMY__ 0.04067041471852919	false	1.0
archaisch	neg 1.0		neg 0.5383233487152724 off 0.4206500214743891 __DUMMY__ 0.04102662981033849	false	1.0
gegen			neg 0.5422451426868373 off 0.4165154483721317 __DUMMY__ 0.04123940894103104	false	0.0
scheidung	neg 1.0		neg 0.5155191789157499 off 0.4441107458762851 __DUMMY__ 0.0403700752079649	false	1.0
einschlag	neg 1.0	neg 1.0	neg 0.7501529082811766 off 0.23038535799271576 __DUMMY__ 0.01946173372610754	false	1.0
m			neg 0.537359175047976 off 0.42148491020938333 __DUMMY__ 0.041155914742640715	false	0.0
abgestanden	neg 1.0		neg 0.5353063634882564 off 0.4237444981005896 __DUMMY__ 0.040949138411154086	false	1.0
schmierig	off 1.0		neg 0.5247850159896617 off 0.4345246437477629 __DUMMY__ 0.04069034026257546	false	0.5
unpraktisch	neg 1.0		neg 0.5327221815701297 off 0.42611946907470416 __DUMMY__ 0.041158349355166254	false	1.0
wixxer	off 1.0		neg 0.52115236679938 off 0.4385702731442666 __DUMMY__ 0.04027736005635328	false	0.5
bezeichnet			neg 0.5374367030597496 off 0.42166190802959796 __DUMMY__ 0.04090138891065256	false	0.0
jammerlappen	off 1.0		neg 0.5309904993675602 off 0.4282123773345797 __DUMMY__ 0.04079712329786002	false	0.5
farce	neg 1.0		neg 0.5417433455619203 off 0.4175719037105122 __DUMMY__ 0.040684750727567394	false	1.0
zwecklos	neg 1.0		neg 0.5391493362384058 off 0.41991516165471404 __DUMMY__ 0.04093550210688032	false	1.0
turbulent	neg 1.0		neg 0.5318124729524377 off 0.4275391355258876 __DUMMY__ 0.04064839152167457	false	1.0
invasion	neg 1.0		neg 0.5327416949845302 off 0.42628366630918624 __DUMMY__ 0.04097463870628356	false	1.0
schuld	neg 1.0		neg 0.5350462777644787 off 0.4240018092213786 __DUMMY__ 0.04095191301414269	false	1.0
risiko	neg 1.0		neg 0.534540452657996 off 0.42436430410023424 __DUMMY__ 0.04109524324176984	false	1.0
finster	neg 1.0		neg 0.5335208998112684 off 0.4254023573251992 __DUMMY__ 0.04107674286353244	false	1.0
geisteskrank	off 1.0		neg 0.5305305599988865 off 0.42885866965259023 __DUMMY__ 0.040610770348523256	false	0.5
zusammenbrechen	neg 1.0		neg 0.5363395192797368 off 0.42251666938882615 __DUMMY__ 0.04114381133143708	false	1.0
ausbeute	neg 1.0		neg 0.5373929576114211 off 0.4211474553006508 __DUMMY__ 0.04145958708792802	false	1.0
hinterhalt	neg 1.0		neg 0.5367547692702314 off 0.4220767665787717 __DUMMY__ 0.041168464150997036	false	1.0
kritik	neg 1.0		neg 0.54160190456815 off 0.41767526740052047 __DUMMY__ 0.040722828031329365	false	1.0
einschrumpfen	neg 1.0		neg 0.5362898495978997 off 0.42316893578455445 __DUMMY__ 0.0405412146175458	false	1.0
riskant	neg 1.0		neg 0.5410215484337916 off 0.41799498920515354 __DUMMY__ 0.04098346236105491	false	1.0
frustrieren	neg 1.0		neg 0.5398449415925969 off 0.4190844102107756 __DUMMY__ 0.04107064819662759	false	1.0
groll	neg 1.0		neg 0.5384519432126877 off 0.42050119216107423 __DUMMY__ 0.04104686462623809	false	1.0
gibt			neg 0.5376513635005192 off 0.4212870824076637 __DUMMY__ 0.04106155409181706	false	0.0
qualvoll	neg 1.0		neg 0.5306060689165292 off 0.4283459435899627 __DUMMY__ 0.04104798749350814	false	1.0
wackeln	neg 1.0	neg 1.0	neg 0.7534284436665867 off 0.22690137895029996 __DUMMY__ 0.019670177383113337	false	1.0
klagen	neg 1.0		neg 0.5442153860355835 off 0.41466157282893135 __DUMMY__ 0.041123041135485226	false	1.0
bankrott	neg 1.0		neg 0.5313026905986039 off 0.42779004300272516 __DUMMY__ 0.040907266398670844	false	1.0
trauern	neg 1.0		neg 0.5382332044463375 off 0.42051029055494976 __DUMMY__ 0.04125650499871275	false	1.0
ablehnung	neg 1.0		neg 0.5417538901838536 off 0.41754249573202745 __DUMMY__ 0.04070361408411895	false	1.0
stur	neg 1.0		neg 0.5347618026493612 off 0.42434235284005695 __DUMMY__ 0.04089584451058178	false	1.0
aufruhr	neg 1.0		neg 0.5379935212049222 off 0.42107179420026847 __DUMMY__ 0.04093468459480935	false	1.0
melancholie	neg 1.0		neg 0.5369236218322094 off 0.42185982944613387 __DUMMY__ 0.0412165487216566	false	1.0
ist			neg 0.5335524050853094 off 0.425472030992501 __DUMMY__ 0.04097556392218949	false	0.0
torheit	neg 1.0		neg 0.5372090657530988 off 0.42202894804933005 __DUMMY__ 0.04076198619757107	false	1.0
dreckskind	off 1.0		neg 0.5258993853935805 off 0.43368902158232375 __DUMMY__ 0.040411593024095784	false	0.5
umtauschen	neg 1.0		neg 0.5353810478691832 off 0.4235299351958023 __DUMMY__ 0.04108901693501465	false	1.0
zum			neg 0.5401883576823786 off 0.4179807606885052 __DUMMY__ 0.04183088162911617	false	0.0
zersetzen	neg 1.0		neg 0.5432408581020193 off 0.4158154465363536 __DUMMY__ 0.04094369536162706	false	1.0
zur			neg 0.5453239368575746 off 0.4132522299836406 __DUMMY__ 0.041423833158784736	false	0.0
frust	neg 1.0		neg 0.5365319468015985 off 0.4223197004989047 __DUMMY__ 0.04114835269949685	false	1.0
unerbittlichkeit	neg 1.0		neg 0.5424964180849944 off 0.41650217473591694 __DUMMY__ 0.0410014071790886	false	1.0
zwei			neg 0.5390635514244392 off 0.4192806520552601 __DUMMY__ 0.04165579652030083	false	0.0
unkorrekt	neg 1.0		neg 0.530458616981537 off 0.4290819248098958 __DUMMY__ 0.04045945820856734	false	1.0
hexe	off 1.0		neg 0.5298186859655488 off 0.4293678398082258 __DUMMY__ 0.04081347422622542	false	0.5
lasch	neg 1.0		neg 0.5336075458299252 off 0.42568911415749733 __DUMMY__ 0.04070334001257743	false	1.0
rivale	neg 1.0		neg 0.5267476513516203 off 0.43240283768011134 __DUMMY__ 0.04084951096826843	false	1.0
mutlos	off 1.0	off 1.0	off 0.691928404024312 neg 0.2885997172948798 __DUMMY__ 0.01947187868080813	false	1.0
wirr	off 1.0		neg 0.5297167654696007 off 0.42979164719247265 __DUMMY__ 0.040491587337926765	false	0.5
jahr			neg 0.5369568532416057 off 0.4214220149922423 __DUMMY__ 0.04162113176615208	false	0.0
wird			neg 0.5384387225552335 off 0.4204001667958505 __DUMMY__ 0.04116111064891595	false	0.0
strafbar	neg 1.0		neg 0.5415135888693591 off 0.417562840023501 __DUMMY__ 0.040923571107139824	false	1.0
erosion	neg 1.0		neg 0.5340921884958476 off 0.42481393728121153 __DUMMY__ 0.04109387422294081	false	1.0
eingehen	neg 1.0		neg 0.5402663669362994 off 0.4188135981313073 __DUMMY__ 0.04092003493239345	false	1.0
faul	off 1.0		neg 0.5304011753765758 off 0.428648292878321 __DUMMY__ 0.040950531745103116	false	0.5
provisorium	neg 1.0		neg 0.5468310111399581 off 0.4116342950918533 __DUMMY__ 0.041534693768188476	false	1.0
schmerzen	neg 1.0		neg 0.5352049143277259 off 0.42373978737819146 __DUMMY__ 0.041055298294082616	false	1.0
schrumpfen	neg 1.0		neg 0.5466450448357587 off 0.4121235690208961 __DUMMY__ 0.041231386143345254	false	1.0
geistlos	off 1.0		neg 0.5373982655286491 off 0.42211538201422905 __DUMMY__ 0.04048635245712181	false	0.5
fehlkauf	neg 1.0		neg 0.5351555726757886 off 0.4240128644840509 __DUMMY__ 0.04083156284016045	false	1.0
frustrierend	neg 1.0		neg 0.5301187624882926 off 0.428866565962526 __DUMMY__ 0.041014671549181425	false	1.0
unzufrieden	neg 1.0		neg 0.5391869339773352 off 0.41986131849897196 __DUMMY__ 0.0409517475236929	false	1.0
verzweifeln	neg 1.0		neg 0.5358597827585952 off 0.4230824116171601 __DUMMY__ 0.04105780562424459	false	1.0
verzweifelt	neg 1.0		neg 0.5346415933380786 off 0.42445985306276107 __DUMMY__ 0.040898553599160344	false	1.0
misstrauensantrag	neg 1.0		neg 0.535025415429791 off 0.42421541728296275 __DUMMY__ 0.040759167287246226	false	1.0
abfallen	neg 1.0		neg 0.5318995040223626 off 0.4268969163629777 __DUMMY__ 0.041203579614659716	false	1.0
fucker	off 1.0		neg 0.5297190553800657 off 0.42963828060720094 __DUMMY__ 0.04064266401273322	false	0.5
ungezogen	neg 1.0		neg 0.5204972850508047 off 0.43896647143141126 __DUMMY__ 0.04053624351778393	false	1.0
irrsinnig	neg 1.0	neg 1.0	neg 0.7549723044990329 off 0.2255540468779459 __DUMMY__ 0.019473648623021294	false	1.0
unfassbar	neg 1.0		neg 0.5297665269019199 off 0.4294190312946875 __DUMMY__ 0.04081444180339255	false	1.0
hart	neg 1.0		neg 0.5336255128933292 off 0.42564026681690825 __DUMMY__ 0.040734220289762466	false	1.0
widerlich	off 1.0		neg 0.5305364383340623 off 0.4288480756068313 __DUMMY__ 0.040615486059106407	false	0.5
fatal	neg 1.0		neg 0.534582701672182 off 0.4245669561893174 __DUMMY__ 0.04085034213850041	false	1.0
bruch	neg 1.0		neg 0.5446290428076257 off 0.4143178730500654 __DUMMY__ 0.04105308414230898	false	1.0
aushungern	neg 1.0		neg 0.5400567959927293 off 0.4191896291935811 __DUMMY__ 0.04075357481368955	false	1.0
anspannung	neg 1.0	neg 1.0	neg 0.7578075702473445 off 0.22224505517772022 __DUMMY__ 0.01994737457493536	false	1.0
von			neg 0.5388342021299815 off 0.4196360599527631 __DUMMY__ 0.04152973791725541	false	0.0
kraftlos	neg 1.0		neg 0.5358234071623652 off 0.42289812106236535 __DUMMY__ 0.0412784717752696	false	1.0
vom			neg 0.5432357531369665 off 0.4149627160228648 __DUMMY__ 0.04180153084016869	false	0.0
grenzdebil	off 1.0		neg 0.528609237880628 off 0.4305959429653869 __DUMMY__ 0.040794819153985085	false	0.5
vor			neg 0.5410233825113604 off 0.41771934432054025 __DUMMY__ 0.04125727316809922	false	0.0
unterwerfen	neg 1.0		neg 0.5400455256081723 off 0.41886852998577884 __DUMMY__ 0.041085944406048965	false	1.0
versenkung	neg 1.0		neg 0.5407132044520059 off 0.4182241784891128 __DUMMY__ 0.041062617058881284	false	1.0
entziehen	neg 1.0		neg 0.5432598940601228 off 0.4156104811553606 __DUMMY__ 0.04112962478451661	false	1.0
finanzkrise	neg 1.0		neg 0.5411410770658217 off 0.41823842633895 __DUMMY__ 0.04062049659522816	false	1.0
schimpfend	neg 1.0		neg 0.5314467800096564 off 0.4272787778510051 __DUMMY__ 0.04127444213933853	false	1.0
profan	neg 1.0		neg 0.5328527127377932 off 0.42626073161448946 __DUMMY__ 0.04088655564771747	false	1.0
korruption	neg 1.0	neg 1.0	neg 0.758793261586899 off 0.22181291767332997 __DUMMY__ 0.019393820739771098	false	1.0
â			neg 0.5390727855364953 off 0.41980023049326437 __DUMMY__ 0.04112698397024038	false	0.0
schmutzig	neg 1.0		neg 0.5288748442580217 off 0.43027782104531626 __DUMMY__ 0.040847334696662206	false	1.0
sexy	neg 1.0		neg 0.5321510956195205 off 0.42696359101690495 __DUMMY__ 0.04088531336357451	false	1.0
abraten	neg 1.0		neg 0.5337846082029912 off 0.42528644396587784 __DUMMY__ 0.040928947831131	false	1.0
schwarz	neg 1.0		neg 0.5350764167611517 off 0.42404651842366137 __DUMMY__ 0.04087706481518689	false	1.0
fotze	off 1.0		neg 0.541107134313207 off 0.4179134583239847 __DUMMY__ 0.04097940736280835	false	0.5
verwirren	neg 1.0		neg 0.5324243614056658 off 0.4266708801729961 __DUMMY__ 0.04090475842133794	false	1.0
zahnlos	off 1.0		neg 0.5395963927064915 off 0.4194944477418807 __DUMMY__ 0.04090915955162782	false	0.5
verheeren	neg 1.0		neg 0.5200117332002725 off 0.43950414179180036 __DUMMY__ 0.04048412500792706	false	1.0
hippie	neg 1.0		neg 0.533268112941424 off 0.4258886207841727 __DUMMY__ 0.04084326627440329	false	1.0
rammen	neg 1.0		neg 0.5365282984869865 off 0.4226618744838779 __DUMMY__ 0.040809827029135784	false	1.0
unlauter	neg 1.0		neg 0.539438864465318 off 0.41999614779108424 __DUMMY__ 0.040564987743597784	false	1.0
unheilvoll	neg 1.0		neg 0.5312586566937103 off 0.4276175439774953 __DUMMY__ 0.04112379932879427	false	1.0
niedrig	neg 1.0		neg 0.5415487400481339 off 0.4174005329075944 __DUMMY__ 0.04105072704427175	false	1.0
explosion	neg 1.0		neg 0.5340810768537995 off 0.4250904349458671 __DUMMY__ 0.04082848820033334	false	1.0
weichei	off 1.0		neg 0.5250036820600714 off 0.43451329499930486 __DUMMY__ 0.04048302294062369	false	0.5
minusmensch	off 1.0		neg 0.5250667686519114 off 0.43492076531384194 __DUMMY__ 0.04001246603424666	false	0.5
farblos	neg 1.0		neg 0.5339553705124044 off 0.42471441067080473 __DUMMY__ 0.04133021881679101	false	1.0
unwissend	neg 1.0	neg 1.0	neg 0.7523769140210881 off 0.22820405372495225 __DUMMY__ 0.019419032253959783	false	1.0
traurig	neg 1.0		neg 0.5259246000643087 off 0.4332745868787945 __DUMMY__ 0.040800813056896694	false	1.0
senkung	neg 1.0		neg 0.5353414582665622 off 0.4239979232286505 __DUMMY__ 0.04066061850478732	false	1.0
ungleich	neg 1.0	neg 1.0	neg 0.7587711939063673 off 0.22174774202000574 __DUMMY__ 0.01948106407362696	false	1.0
heikel	neg 1.0		neg 0.5424714237040111 off 0.41653539652843546 __DUMMY__ 0.040993179767553574	false	1.0
drosselung	neg 1.0		neg 0.529376489278218 off 0.42983277238392675 __DUMMY__ 0.04079073833785518	false	1.0
falsch	neg 1.0		neg 0.5311862857429409 off 0.4279411972374862 __DUMMY__ 0.040872517019573	false	1.0
unzufriedenheit	neg 1.0		neg 0.5426140423843238 off 0.4163226584864159 __DUMMY__ 0.0410632991292604	false	1.0
kurz	neg 1.0		neg 0.5348237562299842 off 0.42386849704283147 __DUMMY__ 0.041307746727184465	false	1.0
unsinnig	neg 1.0		neg 0.5396856444167937 off 0.4194870928725653 __DUMMY__ 0.04082726271064116	false	1.0
penner	off 1.0	off 1.0	off 0.7027272909480664 neg 0.27800931925421596 __DUMMY__ 0.019263389797717717	false	1.0
seicht	neg 1.0		neg 0.5232996682187918 off 0.4364243113278118 __DUMMY__ 0.040276020453396455	false	1.0
dummheit	off 1.0	off 1.0	off 0.6960601683694919 neg 0.2845456495672925 __DUMMY__ 0.01939418206321553	false	1.0
unerfreulich	neg 1.0		neg 0.54203288300886 off 0.4168049671054422 __DUMMY__ 0.041162149885697864	false	1.0
motherfucker	off 1.0	off 1.0	off 0.6984252422402559 neg 0.28225896978499476 __DUMMY__ 0.01931578797474926	false	1.0
pikiert	neg 1.0		neg 0.5320497319611937 off 0.42733775933428425 __DUMMY__ 0.04061250870452217	false	1.0
wrack	neg 1.0		neg 0.5373190529670246 off 0.4212955185135839 __DUMMY__ 0.04138542851939153	false	1.0
gangster	neg 1.0		neg 0.5331972236605333 off 0.4259036204047877 __DUMMY__ 0.04089915593467899	false	1.0
krank	neg 1.0		neg 0.5269157277196929 off 0.43215394163216336 __DUMMY__ 0.04093033064814387	false	1.0
reich	neg 1.0		neg 0.5326815035656396 off 0.42660404926588186 __DUMMY__ 0.04071444716847865	false	1.0
gnadenlos	neg 1.0		neg 0.534768077866579 off 0.42425167634458383 __DUMMY__ 0.040980245788837265	false	1.0
niedergeschlagen	neg 1.0		neg 0.5358994297142987 off 0.4229318389603698 __DUMMY__ 0.041168731325331616	false	1.0
terrorisieren	off 1.0	off 1.0	off 0.6930626617466515 neg 0.28736674611862506 __DUMMY__ 0.019570592134723397	false	1.0
sinnlosigkeit	neg 1.0		neg 0.5384700021022042 off 0.4205303893523194 __DUMMY__ 0.04099960854547625	false	1.0
behindern	neg 1.0		neg 0.5377566799331763 off 0.42133380596147424 __DUMMY__ 0.04090951410534943	false	1.0
undemokratisch	neg 1.0		neg 0.5385533243149715 off 0.4208162475264634 __DUMMY__ 0.04063042815856524	false	1.0
wirtschaftskrise	neg 1.0		neg 0.5421037373237605 off 0.417064116260858 __DUMMY__ 0.04083214641538163	false	1.0
neid	neg 1.0		neg 0.5275534359067606 off 0.43129419066536534 __DUMMY__ 0.041152373427874096	false	1.0
rutschen	neg 1.0	neg 1.0	neg 0.7567299622945605 off 0.2233533316255785 __DUMMY__ 0.019916706079860957	false	1.0
rezession	neg 1.0		neg 0.5301570645807948 off 0.42955379855391845 __DUMMY__ 0.040289136865286755	false	1.0
fehlgeburt	neg 1.0		neg 0.5323949038228851 off 0.4265491767832358 __DUMMY__ 0.04105591939387911	false	1.0
charakterschwach	off 1.0		neg 0.5301445357945247 off 0.4291500229883663 __DUMMY__ 0.04070544121710902	false	0.5
isolation	neg 1.0		neg 0.5302928222070259 off 0.42870645311292693 __DUMMY__ 0.041000724680047264	false	1.0
ablenkung	neg 1.0		neg 0.5347978728662269 off 0.4241519426165073 __DUMMY__ 0.041050184517265664	false	1.0
pech	neg 1.0		neg 0.5305955889879799 off 0.4284362577770737 __DUMMY__ 0.04096815323494638	false	1.0
vermeidung	neg 1.0		neg 0.5305400448408217 off 0.4288272641956248 __DUMMY__ 0.04063269096355354	false	1.0
dominieren	neg 1.0		neg 0.537109940574649 off 0.42155675418124494 __DUMMY__ 0.041333305244106146	false	1.0
schwindlig	neg 1.0		neg 0.5304245324657756 off 0.4283973158324405 __DUMMY__ 0.04117815170178395	false	1.0
lutscher	neg 1.0	neg 1.0	neg 0.7478151276200702 off 0.23300377863200736 __DUMMY__ 0.019181093747922574	false	1.0
pflicht	neg 1.0		neg 0.542002287054231 off 0.4169334988518543 __DUMMY__ 0.04106421409391467	false	1.0
faschist	off 1.0		neg 0.5358626103262055 off 0.4235367783828935 __DUMMY__ 0.04060061129090109	false	0.5
verschleudern	neg 1.0		neg 0.5445421921183139 off 0.4147739172997608 __DUMMY__ 0.040683890581925106	false	1.0
wenn			neg 0.5307668417199701 off 0.4283481748200143 __DUMMY__ 0.04088498346001548	false	0.0
ehebruch	neg 1.0		neg 0.5408240449650421 off 0.4182372184794947 __DUMMY__ 0.040938736555463234	false	1.0
spott	off 1.0		neg 0.5420224855834787 off 0.4170856736243873 __DUMMY__ 0.040891840792133885	false	0.5
trostlosigkeit	neg 1.0		neg 0.543008288006211 off 0.41587015816777906 __DUMMY__ 0.04112155382600989	false	1.0
lutschen	neg 1.0		neg 0.5352788281322541 off 0.42401321487876825 __DUMMY__ 0.040707956988977466	false	1.0
undiszipliniert	neg 1.0		neg 0.5273099406845263 off 0.43191000475146923 __DUMMY__ 0.04078005456400463	false	1.0
kopfschmerz	neg 1.0		neg 0.5357056397090013 off 0.42310266587465184 __DUMMY__ 0.041191694416346875	false	1.0
unvorhergesehen	neg 1.0		neg 0.5360333684318765 off 0.422494247431905 __DUMMY__ 0.04147238413621851	false	1.0
desinteressiert	neg 1.0		neg 0.5285172891372365 off 0.4308026149818214 __DUMMY__ 0.040680095880942214	false	1.0
armselig	off 1.0		neg 0.5289949242144606 off 0.43050069955566256 __DUMMY__ 0.040504376229876946	false	0.5
desaster	neg 1.0		neg 0.5453254072060748 off 0.4136164057825557 __DUMMY__ 0.041058187011369436	false	1.0
tod	neg 1.0		neg 0.5389782768111018 off 0.41989446885247406 __DUMMY__ 0.041127254336424064	false	1.0
herzlos	neg 1.0		neg 0.5271139540693881 off 0.4322646480835027 __DUMMY__ 0.04062139784710928	false	1.0
unwissenheit	neg 1.0		neg 0.5407068339798976 off 0.4184803814259086 __DUMMY__ 0.0408127845941937	false	1.0
widersinnig	neg 1.0	neg 1.0	neg 0.7582913902666594 off 0.2223433165248079 __DUMMY__ 0.01936529320853266	false	1.0
bedenklich	neg 1.0		neg 0.5409397766437831 off 0.41810795484704494 __DUMMY__ 0.04095226850917198	false	1.0
beanstanden	neg 1.0		neg 0.5425973098134257 off 0.41631269237058355 __DUMMY__ 0.04108999781599073	false	1.0
panisch	neg 1.0	neg 1.0	neg 0.7515171703811241 off 0.22877828791504184 __DUMMY__ 0.01970454170383409	false	1.0
debil	off 1.0		neg 0.5471644067977492 off 0.4115430767205764 __DUMMY__ 0.041292516481674535	false	0.5
abstrich	neg 1.0		neg 0.5399792595072529 off 0.41905376519902243 __DUMMY__ 0.040966975293724624	false	1.0
primitiv	neg 1.0		neg 0.5299761329940049 off 0.42940776620454224 __DUMMY__ 0.040616100801453	false	1.0
abschaum	off 1.0	off 1.0	off 0.697575865563846 neg 0.28303465522892374 __DUMMY__ 0.019389479207230192	false	1.0
provozieren	neg 1.0		neg 0.5360074399492809 off 0.42311348637999874 __DUMMY__ 0.04087907367072032	false	1.0
tot	neg 1.0		neg 0.5397643575119879 off 0.41913344719614204 __DUMMY__ 0.04110219529187014	false	1.0
instabil	neg 1.0		neg 0.5318784045979206 off 0.4276703254713412 __DUMMY__ 0.040451269930738346	false	1.0
schwuchtel	off 1.0		neg 0.5186510202691279 off 0.4413005325007382 __DUMMY__ 0.04004844723013386	false	0.5
zerren	neg 1.0		neg 0.535607058258555 off 0.4232038674272453 __DUMMY__ 0.04118907431419976	false	1.0
kinderficker	off 1.0		neg 0.5268255522622863 off 0.43278046573001305 __DUMMY__ 0.04039398200770061	false	0.5
gefahr	neg 1.0		neg 0.5424542612143225 off 0.41647298711139014 __DUMMY__ 0.041072751674287485	false	1.0
rabiat	neg 1.0		neg 0.5369696300492882 off 0.42215907151478277 __DUMMY__ 0.040871298435929126	false	1.0
verlangsamung	neg 1.0		neg 0.5251580738735585 off 0.43450862499291587 __DUMMY__ 0.04033330113352543	false	1.0
ausgestorben	neg 1.0		neg 0.535276498152086 off 0.4235979622903782 __DUMMY__ 0.04112553955753576	false	1.0
anklagen	neg 1.0		neg 0.5398004593193579 off 0.41934950207951444 __DUMMY__ 0.04085003860112762	false	1.0
trott	neg 1.0		neg 0.5360334909183477 off 0.4229080933784272 __DUMMY__ 0.04105841570322491	false	1.0
verminderung	neg 1.0		neg 0.5288833073498003 off 0.43042938574142253 __DUMMY__ 0.04068730690877725	false	1.0
nach			neg 0.5405998399891178 off 0.4176561935655075 __DUMMY__ 0.04174396644537462	false	0.0
rost	neg 1.0		neg 0.5249773297262342 off 0.4345106254589551 __DUMMY__ 0.04051204481481068	false	1.0
destruktiv	neg 1.0		neg 0.5387176253595598 off 0.420523168886569 __DUMMY__ 0.04075920575387128	false	1.0
unzumutbarkeit	neg 1.0		neg 0.5301854931964197 off 0.4289099064694662 __DUMMY__ 0.04090460033411428	false	1.0
labil	off 1.0	off 1.0	off 0.6974508104469593 neg 0.2831624062442323 __DUMMY__ 0.0193867833088083	false	1.0
ziemlich	neg 1.0		neg 0.5281974837632505 off 0.4308869519191829 __DUMMY__ 0.040915564317566634	false	1.0
lachnummer	off 1.0		neg 0.5370109790190035 off 0.42208219106649014 __DUMMY__ 0.04090682991450646	false	0.5
oder			neg 0.5337535612217231 off 0.42509430142291116 __DUMMY__ 0.04115213735536583	false	0.0
verfall	neg 1.0		neg 0.5476155547037773 off 0.4112458593995062 __DUMMY__ 0.04113858589671643	false	1.0
ausgrenzung	neg 1.0		neg 0.5383309207787432 off 0.42111122402499546 __DUMMY__ 0.04055785519626114	false	1.0
unordnung	neg 1.0		neg 0.5297696316411308 off 0.42938475016429073 __DUMMY__ 0.04084561819457858	false	1.0
fehlverhalten	neg 1.0		neg 0.542659331410551 off 0.41637871701576445 __DUMMY__ 0.04096195157368449	false	1.0
eine			neg 0.5412232145432145 off 0.41759527448100675 __DUMMY__ 0.041181510975778594	false	0.0
nille	neg 1.0		neg 0.5377227709046611 off 0.4213010898827063 __DUMMY__ 0.04097613921263258	false	1.0
qual	neg 1.0		neg 0.5366358233730483 off 0.42233825969787603 __DUMMY__ 0.041025916929075736	false	1.0
verschwenden	neg 1.0		neg 0.5400698547544233 off 0.4189592598656841 __DUMMY__ 0.040970885379892505	false	1.0
riesig	neg 1.0	neg 1.0	neg 0.7565575397928044 off 0.22379247720855405 __DUMMY__ 0.01964998299864154	false	1.0
verurteilen	neg 1.0		neg 0.5401886329459564 off 0.41893985986399523 __DUMMY__ 0.04087150719004833	false	1.0
klischee	neg 1.0	neg 1.0	neg 0.7540145830411471 off 0.22660645364156243 __DUMMY__ 0.019378963317290464	false	1.0
diktatorisch	neg 1.0		neg 0.5392369679727704 off 0.42027208490329726 __DUMMY__ 0.04049094712393235	false	1.0
vorhersehbar	neg 1.0	neg 1.0	neg 0.7540728671595972 off 0.22650281324310173 __DUMMY__ 0.019424319597301006	false	1.0
sowie			neg 0.5266162098206263 off 0.4329607856096968 __DUMMY__ 0.04042300456967687	false	0.0
stornieren	neg 1.0		neg 0.5309926274539105 off 0.42762989526930795 __DUMMY__ 0.041377477276781365	false	1.0
besteuerung	neg 1.0		neg 0.5384648392533602 off 0.4208943609157472 __DUMMY__ 0.04064079983089263	false	1.0
ungeschminkt	neg 1.0		neg 0.5306000299040676 off 0.42875869670996186 __DUMMY__ 0.040641273385970386	false	1.0
kritisch	neg 1.0		neg 0.5408511241940129 off 0.4181578220770055 __DUMMY__ 0.040991053728981486	false	1.0
schlamperei	off 1.0		neg 0.5434912709897702 off 0.41562892443479854 __DUMMY__ 0.04087980457543118	false	0.5
sucht	neg 1.0	neg 1.0	neg 0.7550707863865562 off 0.2253677411503715 __DUMMY__ 0.019561472463072247	false	1.0
egoistisch	off 1.0		neg 0.5239271078414363 off 0.43546632275798447 __DUMMY__ 0.040606569400579315	false	0.5
ausbeuter	off 1.0		neg 0.5440656018522543 off 0.4150951587941115 __DUMMY__ 0.04083923935363424	false	0.5
arschgeburt	off 1.0		neg 0.5189620292801451 off 0.4410340145046318 __DUMMY__ 0.0400039562152229	false	0.5
schubs	neg 1.0	neg 1.0	neg 0.7552089731442603 off 0.22509629876349532 __DUMMY__ 0.019694728092244505	false	1.0
unsolide	neg 1.0		neg 0.5406013693462564 off 0.4191234444441758 __DUMMY__ 0.04027518620956785	false	1.0
beschwerde	neg 1.0		neg 0.5435470366648156 off 0.41560658125166733 __DUMMY__ 0.040846382083517235	false	1.0
stocken	neg 1.0		neg 0.5417122177847663 off 0.41733720676068986 __DUMMY__ 0.0409505754545438	false	1.0
isolieren	neg 1.0		neg 0.5405099389387734 off 0.4185813750914216 __DUMMY__ 0.04090868596980489	false	1.0
unheilbar	neg 1.0		neg 0.5342199527424456 off 0.42469056564546503 __DUMMY__ 0.04108948161208942	false	1.0
pisser	off 1.0		neg 0.5298190217639072 off 0.42957808726001184 __DUMMY__ 0.04060289097608095	false	0.5
löschen	neg 1.0		neg 0.5362281889193621 off 0.42279309698086676 __DUMMY__ 0.040978714099771295	false	1.0
durchfallen	neg 1.0		neg 0.540189481020572 off 0.4189398230365562 __DUMMY__ 0.04087069594287192	false	1.0
wichser	off 1.0		neg 0.5194070284134854 off 0.44018290756715095 __DUMMY__ 0.0404100640193638	false	0.5
terror	neg 1.0		neg 0.5321883700727521 off 0.4268262356101696 __DUMMY__ 0.04098539431707836	false	1.0
krass	neg 1.0		neg 0.5265693319837439 off 0.4328272645808367 __DUMMY__ 0.040603403435419405	false	1.0
revolte	neg 1.0	neg 1.0	neg 0.755597602186541 off 0.2250446600412215 __DUMMY__ 0.01935773777223746	false	1.0
besorgt	neg 1.0		neg 0.5355443011331883 off 0.4231462560581248 __DUMMY__ 0.04130944280868687	false	1.0
nachlassen	neg 1.0		neg 0.5403734529419533 off 0.4185130054160634 __DUMMY__ 0.04111354164198341	false	1.0
alt	neg 1.0		neg 0.5390324116744767 off 0.4198727474704292 __DUMMY__ 0.04109484085509418	false	1.0
hundesohn	off 1.0		neg 0.523686581931147 off 0.4360920948372729 __DUMMY__ 0.040221323231580015	false	0.5
als			neg 0.536273088692677 off 0.42252532108733126 __DUMMY__ 0.04120159021999182	false	0.0
abschreckung	neg 1.0		neg 0.5437328492227574 off 0.41521189422848376 __DUMMY__ 0.041055256548758905	false	1.0
unqualifiziert	neg 1.0		neg 0.5351556906263275 off 0.42424783184570514 __DUMMY__ 0.04059647752796723	false	1.0
abgewichst	off 1.0		neg 0.5376538580923734 off 0.4212862922520182 __DUMMY__ 0.041059849655608514	false	0.5
schwer	neg 1.0		neg 0.5353395028870144 off 0.4236079696492988 __DUMMY__ 0.04105252746368691	false	1.0
bedeutungslosigkeit	neg 1.0		neg 0.5425822054618902 off 0.41637826262860195 __DUMMY__ 0.04103953190950778	false	1.0
kapitulation	neg 1.0		neg 0.544064626654367 off 0.41522906001936893 __DUMMY__ 0.04070631332626408	false	1.0
unscharf	neg 1.0		neg 0.5334420824588224 off 0.42567791281119655 __DUMMY__ 0.0408800047299811	false	1.0
schwinden	neg 1.0		neg 0.5422964531411776 off 0.4166223330234146 __DUMMY__ 0.04108121383540782	false	1.0
versklavung	neg 1.0		neg 0.5395715301378877 off 0.4199217337943265 __DUMMY__ 0.04050673606778581	false	1.0
schlecht	neg 1.0		neg 0.5280171673522471 off 0.43105907261569326 __DUMMY__ 0.0409237600320596	false	1.0
verhasst	neg 1.0		neg 0.5352155032532406 off 0.4238813192905585 __DUMMY__ 0.04090317745620084	false	1.0
beschweren	neg 1.0		neg 0.5333954648993684 off 0.4256344699985245 __DUMMY__ 0.04097006510210709	false	1.0
scheiden	neg 1.0		neg 0.5302553342533277 off 0.42824947512656436 __DUMMY__ 0.04149519062010786	false	1.0
frustriert	neg 1.0		neg 0.5366466022065551 off 0.42228520271530123 __DUMMY__ 0.04106819507814374	false	1.0
schimmelig	neg 1.0		neg 0.5397022458758489 off 0.4191778039078575 __DUMMY__ 0.04111995021629345	false	1.0
fisch	neg 1.0		neg 0.5379539289939834 off 0.42057853121708205 __DUMMY__ 0.041467539788934575	false	1.0
schmuggel	neg 1.0		neg 0.5399903861083253 off 0.4186992557245702 __DUMMY__ 0.04131035816710455	false	1.0
auffallen	neg 1.0		neg 0.5325847864619112 off 0.42646010377053895 __DUMMY__ 0.04095510976754991	false	1.0
konkurrenz	neg 1.0	neg 1.0	neg 0.7584701571717161 off 0.22184868267174152 __DUMMY__ 0.019681160156542393	false	1.0
teufelskreis	neg 1.0	neg 1.0	neg 0.7561517112700579 off 0.2243557549986049 __DUMMY__ 0.01949253373133724	false	1.0
aufschreien	neg 1.0		neg 0.533884575187132 off 0.4252731746214521 __DUMMY__ 0.040842250191415866	false	1.0
schuldner	neg 1.0		neg 0.5422000296102033 off 0.4167372085883208 __DUMMY__ 0.04106276180147609	false	1.0
missgeburt	off 1.0	off 1.0	off 0.700595528329856 neg 0.2801667030558425 __DUMMY__ 0.019237768614301442	false	1.0
arbeitslos	neg 1.0		neg 0.5396871220613423 off 0.41942272831427335 __DUMMY__ 0.0408901496243844	false	1.0
befallen	neg 1.0		neg 0.5401358792004507 off 0.4190593333776194 __DUMMY__ 0.04080478742192986	false	1.0
miesepetrig	off 1.0	off 1.0	off 0.6993195977036616 neg 0.2811941238373906 __DUMMY__ 0.019486278458947813	false	1.0
alarmieren	neg 1.0		neg 0.5342284937406069 off 0.42521662417137734 __DUMMY__ 0.040554882088015706	false	1.0
ungeduscht	off 1.0		neg 0.5305086170751809 off 0.4284968047736419 __DUMMY__ 0.04099457815117736	false	0.5
knappheit	neg 1.0		neg 0.5427514299256198 off 0.4164352912089716 __DUMMY__ 0.0408132788654087	false	1.0
schlange	neg 1.0		neg 0.5307280057603695 off 0.4280228646006264 __DUMMY__ 0.04124912963900422	false	1.0
harsch	neg 1.0		neg 0.5240410071540047 off 0.4351615751443086 __DUMMY__ 0.04079741770168669	false	1.0
lang	neg 1.0		neg 0.5355748752037964 off 0.42344103403226563 __DUMMY__ 0.04098409076393799	false	1.0
ziellos	neg 1.0		neg 0.536736341336757 off 0.42202022357671376 __DUMMY__ 0.0412434350865291	false	1.0
selbstverliebt	neg 1.0		neg 0.5208217925489016 off 0.4390295680023162 __DUMMY__ 0.04014863944878215	false	1.0
beseitigen	neg 1.0	neg 1.0	neg 0.7549740207138569 off 0.22538380921931372 __DUMMY__ 0.019642170066829417	false	1.0
dumm	off 1.0		neg 0.5237537568843172 off 0.43575844159071003 __DUMMY__ 0.040487801524972736	false	0.5
arbeitsloser	neg 1.0		neg 0.5389448020359694 off 0.4199650011407803 __DUMMY__ 0.04109019682325023	false	1.0
blitzen	neg 1.0		neg 0.5331516196017019 off 0.42601453694042146 __DUMMY__ 0.04083384345787659	false	1.0
hilflos	neg 1.0		neg 0.5370784005509018 off 0.42183447665615614 __DUMMY__ 0.041087122792942014	false	1.0
eklig	off 1.0		neg 0.5231007188878918 off 0.4364348639325421 __DUMMY__ 0.040464417179566246	false	0.5
begriff			neg 0.5384695915417853 off 0.420636260754255 __DUMMY__ 0.040894147703959605	false	0.0
hungersnot	neg 1.0		neg 0.5393629170195521 off 0.41972758789712755 __DUMMY__ 0.040909495083320195	false	1.0
ungesetzlich	neg 1.0		neg 0.5388914027260725 off 0.42068264854559106 __DUMMY__ 0.04042594872833649	false	1.0
verschwendung	neg 1.0		neg 0.540704630936356 off 0.4182134739539307 __DUMMY__ 0.041081895109713225	false	1.0
schmerzvoll	neg 1.0		neg 0.5332646505780781 off 0.42574614325938026 __DUMMY__ 0.04098920616254151	false	1.0
vorzeitig	neg 1.0		neg 0.5315895754926152 off 0.42741732941265226 __DUMMY__ 0.04099309509473257	false	1.0
unvollkommenheit	neg 1.0		neg 0.5363468406650691 off 0.4223690420683353 __DUMMY__ 0.0412841172665956	false	1.0
intervenieren	neg 1.0		neg 0.54396013138387 off 0.4152287249225891 __DUMMY__ 0.040811143693540865	false	1.0
banause	off 1.0		neg 0.5223519205002926 off 0.43738816953323606 __DUMMY__ 0.04025990996647126	false	0.5
rebell	neg 1.0		neg 0.5448238600191246 off 0.414050846547253 __DUMMY__ 0.04112529343362236	false	1.0
unlogisch	neg 1.0		neg 0.527210982233619 off 0.43213600495656934 __DUMMY__ 0.04065301280981163	false	1.0
leiden	neg 1.0		neg 0.5352597760623282 off 0.42305812299353546 __DUMMY__ 0.04168210094413617	false	1.0
abschaffung	neg 1.0		neg 0.5387656432480906 off 0.4205877338986193 __DUMMY__ 0.04064662285329015	false	1.0
sturz	neg 1.0		neg 0.5358337281750958 off 0.4231497972805778 __DUMMY__ 0.041016474544326414	false	1.0
verkleinerung	neg 1.0		neg 0.5375574655660933 off 0.42202445578289727 __DUMMY__ 0.04041807865100952	false	1.0
schmarotzer	off 1.0		neg 0.5403497659674635 off 0.41880914904899624 __DUMMY__ 0.04084108498354011	false	0.5
bestrafung	neg 1.0		neg 0.5346053414800813 off 0.42446962867169397 __DUMMY__ 0.04092502984822466	false	1.0
achtlos	neg 1.0		neg 0.5341285803434482 off 0.4246903671870677 __DUMMY__ 0.041181052469484225	false	1.0
ungeheuer	neg 1.0		neg 0.5300494473179597 off 0.4288226547782475 __DUMMY__ 0.041127897903792815	false	1.0
unaufrichtig	neg 1.0		neg 0.5363244776055006 off 0.42303131017853135 __DUMMY__ 0.04064421221596798	false	1.0
groggy	neg 1.0		neg 0.5345705556361136 off 0.42466736346559913 __DUMMY__ 0.04076208089828737	false	1.0
