unsolidarisch	neg 1.0		neg 0.5414761976923306 off 0.4180544779397373 __DUMMY__ 0.040469324367932095	false	1.0
nachteilig	neg 1.0		neg 0.5422809616166178 off 0.4167846899021275 __DUMMY__ 0.040934348481254774	false	1.0
skeptisch	neg 1.0		neg 0.5422374352996826 off 0.41672084301849416 __DUMMY__ 0.04104172168182323	false	1.0
schrecklich	neg 1.0		neg 0.5250840446186272 off 0.43417196264932656 __DUMMY__ 0.0407439927320463	false	1.0
schlapp	neg 1.0	neg 1.0	neg 0.7516207280097722 off 0.22885711541924228 __DUMMY__ 0.019522156570985445	false	1.0
abfall	neg 1.0		neg 0.5446879279765972 off 0.4141542029792381 __DUMMY__ 0.04115786904416487	false	1.0
widerspenstig	neg 1.0		neg 0.5353603838420503 off 0.4236105354161829 __DUMMY__ 0.04102908074176691	false	1.0
abrupt	neg 1.0		neg 0.538237139152742 off 0.42040011603620026 __DUMMY__ 0.04136274481105784	false	1.0
unwirksam	neg 1.0		neg 0.5402447863956148 off 0.4191758007991451 __DUMMY__ 0.04057941280524002	false	1.0
angreifen	neg 1.0	neg 1.0	neg 0.7584974543261382 off 0.22194529801107202 __DUMMY__ 0.01955724766278977	false	1.0
inkonsistent	neg 1.0		neg 0.5359489946817336 off 0.4231804049316641 __DUMMY__ 0.0408706003866024	false	1.0
abrutschen	neg 1.0		neg 0.5440091320547251 off 0.41481194931617343 __DUMMY__ 0.04117891862910139	false	1.0
unsicher	neg 1.0		neg 0.5350600446947683 off 0.4238748626193254 __DUMMY__ 0.041065092685906225	false	1.0
bauernkind	off 1.0	off 1.0	off 0.6991045017962941 neg 0.2816992291978615 __DUMMY__ 0.019196269005844393	false	1.0
angreifer	neg 1.0		neg 0.5338592895614357 off 0.4251070716868228 __DUMMY__ 0.04103363875174139	false	1.0
trennen	neg 1.0		neg 0.5365969816646909 off 0.4219146556893705 __DUMMY__ 0.04148836264593853	false	1.0
schmutz	neg 1.0		neg 0.5325205093106652 off 0.42635405815720717 __DUMMY__ 0.041125432532127706	false	1.0
inkonsistenz	neg 1.0		neg 0.5339319067014114 off 0.4254555734730778 __DUMMY__ 0.040612519825510715	false	1.0
erschreckend	neg 1.0		neg 0.5376680048819378 off 0.4213723403948418 __DUMMY__ 0.04095965472322032	false	1.0
ertrinken	neg 1.0		neg 0.5386110939243467 off 0.42018954702361844 __DUMMY__ 0.04119935905203494	false	1.0
pickelface	off 1.0		neg 0.5395847302676325 off 0.41951123418551883 __DUMMY__ 0.04090403554684869	false	0.5
seiner			neg 0.5399416949214245 off 0.41884825660094216 __DUMMY__ 0.04121004847763316	false	0.0
lauch	neg 1.0		neg 0.5461414769519539 off 0.41289876734315084 __DUMMY__ 0.04095975570489529	false	1.0
unwichtig	neg 1.0		neg 0.5314058709398978 off 0.42781889754209346 __DUMMY__ 0.040775231518008666	false	1.0
steuerhinterziehung	neg 1.0		neg 0.5414723254355062 off 0.41783184701632675 __DUMMY__ 0.040695827548167036	false	1.0
schock	neg 1.0		neg 0.5343539576202542 off 0.4243797214916311 __DUMMY__ 0.04126632088811472	false	1.0
beule	neg 1.0		neg 0.5292197649526286 off 0.4298709286827677 __DUMMY__ 0.04090930636460364	false	1.0
vergelten	neg 1.0		neg 0.525647204813472 off 0.4334398053020203 __DUMMY__ 0.04091298988450775	false	1.0
verdorbenheit	neg 1.0		neg 0.536210815436894 off 0.42276000458660173 __DUMMY__ 0.04102917997650432	false	1.0
trauma	neg 1.0		neg 0.5352842254127127 off 0.4237934016636723 __DUMMY__ 0.04092237292361497	false	1.0
sinnlos	neg 1.0		neg 0.5326918237933002 off 0.42631878413850804 __DUMMY__ 0.04098939206819177	false	1.0
fettsack	off 1.0	off 1.0	off 0.7009943225722833 neg 0.2797324319703697 __DUMMY__ 0.01927324545734695	false	1.0
feige	off 1.0	off 1.0	off 0.6975679313291214 neg 0.2830866220428478 __DUMMY__ 0.019345446628030744	false	1.0
abdanken	neg 1.0		neg 0.5394714096525831 off 0.4197536710426257 __DUMMY__ 0.04077491930479133	false	1.0
wichtigtuer	off 1.0	off 1.0	off 0.6961649153794702 neg 0.28440041094442026 __DUMMY__ 0.019434673676109543	false	1.0
misslingen	neg 1.0		neg 0.5311351280276398 off 0.42751466555937107 __DUMMY__ 0.041350206412989025	false	1.0
untreu	off 1.0		neg 0.5302594289102188 off 0.4290198611888058 __DUMMY__ 0.04072070990097532	false	0.5
missmutig	neg 1.0		neg 0.5298907198161125 off 0.4291952811633672 __DUMMY__ 0.040913999020520356	false	1.0
hurenbock	off 1.0		neg 0.5337041780853765 off 0.42526588665284004 __DUMMY__ 0.04102993526178349	false	0.5
betrunken	neg 1.0		neg 0.5258750587700712 off 0.4331723647497581 __DUMMY__ 0.04095257648017061	false	1.0
korrupt	off 1.0		neg 0.5431170469910019 off 0.41626953842383957 __DUMMY__ 0.04061341458515842	false	0.5
unmut	neg 1.0		neg 0.5451566054268944 off 0.41374781632752033 __DUMMY__ 0.0410955782455853	false	1.0
hackfresse	off 1.0		neg 0.523016320305029 off 0.4365034182571229 __DUMMY__ 0.04048026143784801	false	0.5
aufblasen	neg 1.0		neg 0.5327846435566722 off 0.42610963199860996 __DUMMY__ 0.04110572444471791	false	1.0
gewaltsam	neg 1.0		neg 0.5376964964044691 off 0.4213535935946116 __DUMMY__ 0.04094991000091922	false	1.0
unbeliebtheit	neg 1.0		neg 0.5366749511400488 off 0.4230098550707776 __DUMMY__ 0.04031519378917352	false	1.0
sturheit	neg 1.0		neg 0.5381423321539115 off 0.4209380121607934 __DUMMY__ 0.040919655685295056	false	1.0
kuh	neg 1.0		neg 0.5380225158101519 off 0.4212878042018569 __DUMMY__ 0.04068967998799105	false	1.0
erschrecken	neg 1.0		neg 0.5303964313818567 off 0.4286401681430411 __DUMMY__ 0.040963400475102316	false	1.0
opfer	neg 1.0		neg 0.5394039708462471 off 0.4194815730918812 __DUMMY__ 0.04111445606187177	false	1.0
sinken	neg 1.0		neg 0.5430689269662685 off 0.4157113247875101 __DUMMY__ 0.0412197482462213	false	1.0
stinktier	neg 1.0		neg 0.5271185099395036 off 0.43240732934832427 __DUMMY__ 0.04047416071217208	false	1.0
tucke	off 1.0		neg 0.5256841891736255 off 0.4341739442340233 __DUMMY__ 0.04014186659235136	false	0.5
ein			neg 0.5331550709533365 off 0.4256918543955865 __DUMMY__ 0.04115307465107703	false	0.0
abstieg	neg 1.0		neg 0.5392995119895813 off 0.41945213289648275 __DUMMY__ 0.04124835511393591	false	1.0
missverstehen	neg 1.0		neg 0.5346287509986808 off 0.4246112501670238 __DUMMY__ 0.040759998834295395	false	1.0
ergebnislos	neg 1.0		neg 0.5413234766425731 off 0.4176167815823038 __DUMMY__ 0.04105974177512296	false	1.0
unter			neg 0.5446756790856142 off 0.41360925968958867 __DUMMY__ 0.04171506122479696	false	0.0
manipulieren	neg 1.0		neg 0.5419133704536273 off 0.4170224748526849 __DUMMY__ 0.04106415469368779	false	1.0
unbewiesen	neg 1.0		neg 0.5417063650549585 off 0.4178837525997913 __DUMMY__ 0.04040988234525029	false	1.0
verschleppen	neg 1.0		neg 0.5402278805949442 off 0.41881512204650184 __DUMMY__ 0.04095699735855392	false	1.0
weib	off 1.0		neg 0.5238027377895585 off 0.43578469032588446 __DUMMY__ 0.04041257188455697	false	0.5
opposition	neg 1.0		neg 0.5363727708434664 off 0.42291695176594296 __DUMMY__ 0.040710277390590764	false	1.0
verkehrswidrig	neg 1.0	neg 1.0	neg 0.747063876917214 off 0.23319759883300403 __DUMMY__ 0.019738524249781984	false	1.0
inkorrekt	neg 1.0		neg 0.5319569599497354 off 0.42764969828901606 __DUMMY__ 0.04039334176124857	false	1.0
vermeiden	neg 1.0		neg 0.5445216184346674 off 0.4140562202853228 __DUMMY__ 0.041422161280010014	false	1.0
abweichung	neg 1.0	neg 1.0	neg 0.7576062783411727 off 0.222802334058524 __DUMMY__ 0.01959138760030336	false	1.0
alkoholisiert	neg 1.0		neg 0.535105200621401 off 0.4231805402133978 __DUMMY__ 0.04171425916520129	false	1.0
scheiss	off 1.0	off 1.0	off 0.6988011421103162 neg 0.2817441692118475 __DUMMY__ 0.019454688677836344	false	1.0
herausforderung	neg 1.0	neg 1.0	neg 0.7554288670618549 off 0.22469540246629316 __DUMMY__ 0.019875730471851885	false	1.0
pervers	off 1.0		neg 0.5200439309995355 off 0.4395986428177114 __DUMMY__ 0.04035742618275299	false	0.5
wackelig	neg 1.0		neg 0.5348134120423548 off 0.423761911113591 __DUMMY__ 0.04142467684405405	false	1.0
verwickeln	neg 1.0		neg 0.5343837457623698 off 0.4248176712796524 __DUMMY__ 0.04079858295797765	false	1.0
vorwand	neg 1.0		neg 0.5428842547669831 off 0.4160416181339151 __DUMMY__ 0.04107412709910194	false	1.0
muschi	off 1.0		neg 0.5385343553772356 off 0.42051365787246425 __DUMMY__ 0.04095198675029998	false	0.5
entmutigung	neg 1.0		neg 0.5378905958309559 off 0.4214932168550911 __DUMMY__ 0.0406161873139528	false	1.0
unangemessen	neg 1.0		neg 0.5398012313077635 off 0.41933262062543486 __DUMMY__ 0.04086614806680162	false	1.0
unstetig	neg 1.0		neg 0.5355521704409568 off 0.42354781366748806 __DUMMY__ 0.04090001589155517	false	1.0
entmutigen	neg 1.0		neg 0.5338219070608893 off 0.42516960626785677 __DUMMY__ 0.04100848667125405	false	1.0
schwanz	neg 1.0		neg 0.5415212037741516 off 0.41741254684130324 __DUMMY__ 0.041066249384545075	false	1.0
verbot	neg 1.0		neg 0.5423698009256553 off 0.4168944700722091 __DUMMY__ 0.040735729002135464	false	1.0
leid	neg 1.0		neg 0.5242751694687096 off 0.4350544158127614 __DUMMY__ 0.04067041471852921	false	1.0
archaisch	neg 1.0		neg 0.5383233487152723 off 0.42065002147438924 __DUMMY__ 0.041026629810338465	false	1.0
gegen			neg 0.5422451426868371 off 0.41651544837213184 __DUMMY__ 0.041239408941031064	false	0.0
scheidung	neg 1.0		neg 0.5155191789157503 off 0.44411074587628474 __DUMMY__ 0.040370075207964914	false	1.0
einschlag	neg 1.0	neg 1.0	neg 0.7501529082811765 off 0.2303853579927159 __DUMMY__ 0.019461733726107544	false	1.0
m			neg 0.5373591750479766 off 0.4214849102093828 __DUMMY__ 0.04115591474264072	false	0.0
abgestanden	neg 1.0		neg 0.535306363488256 off 0.4237444981005899 __DUMMY__ 0.04094913841115404	false	1.0
schmierig	off 1.0		neg 0.5247850159896613 off 0.4345246437477631 __DUMMY__ 0.04069034026257555	false	0.5
unpraktisch	neg 1.0		neg 0.5327221815701294 off 0.42611946907470427 __DUMMY__ 0.041158349355166275	false	1.0
wixxer	off 1.0		neg 0.5211523667993794 off 0.4385702731442673 __DUMMY__ 0.04027736005635332	false	0.5
bezeichnet			neg 0.53743670305975 off 0.42166190802959735 __DUMMY__ 0.04090138891065265	false	0.0
jammerlappen	off 1.0		neg 0.5309904993675599 off 0.42821237733457995 __DUMMY__ 0.04079712329786009	false	0.5
farce	neg 1.0		neg 0.5417433455619203 off 0.4175719037105121 __DUMMY__ 0.040684750727567436	false	1.0
zwecklos	neg 1.0		neg 0.5391493362384058 off 0.419915161654714 __DUMMY__ 0.040935502106880316	false	1.0
turbulent	neg 1.0		neg 0.5318124729524376 off 0.42753913552588785 __DUMMY__ 0.0406483915216745	false	1.0
invasion	neg 1.0		neg 0.5327416949845298 off 0.4262836663091866 __DUMMY__ 0.040974638706283616	false	1.0
schuld	neg 1.0		neg 0.5350462777644786 off 0.4240018092213787 __DUMMY__ 0.04095191301414271	false	1.0
risiko	neg 1.0		neg 0.534540452657996 off 0.4243643041002341 __DUMMY__ 0.04109524324176985	false	1.0
finster	neg 1.0		neg 0.5335208998112682 off 0.4254023573251995 __DUMMY__ 0.041076742863532405	false	1.0
geisteskrank	off 1.0		neg 0.530530559998886 off 0.4288586696525907 __DUMMY__ 0.0406107703485233	false	0.5
zusammenbrechen	neg 1.0		neg 0.536339519279737 off 0.422516669388826 __DUMMY__ 0.04114381133143711	false	1.0
ausbeute	neg 1.0		neg 0.5373929576114216 off 0.4211474553006505 __DUMMY__ 0.041459587087928004	false	1.0
hinterhalt	neg 1.0		neg 0.5367547692702318 off 0.42207676657877125 __DUMMY__ 0.041168464150997015	false	1.0
kritik	neg 1.0		neg 0.5416019045681505 off 0.41767526740051997 __DUMMY__ 0.04072282803132939	false	1.0
einschrumpfen	neg 1.0		neg 0.5362898495978995 off 0.4231689357845545 __DUMMY__ 0.0405412146175458	false	1.0
riskant	neg 1.0		neg 0.5410215484337912 off 0.4179949892051538 __DUMMY__ 0.04098346236105498	false	1.0
frustrieren	neg 1.0		neg 0.5398449415925973 off 0.4190844102107752 __DUMMY__ 0.04107064819662753	false	1.0
groll	neg 1.0		neg 0.538451943212688 off 0.4205011921610738 __DUMMY__ 0.04104686462623812	false	1.0
gibt			neg 0.5376513635005192 off 0.42128708240766366 __DUMMY__ 0.04106155409181717	false	0.0
qualvoll	neg 1.0		neg 0.5306060689165292 off 0.4283459435899627 __DUMMY__ 0.04104798749350813	false	1.0
wackeln	neg 1.0	neg 1.0	neg 0.7534284436665867 off 0.22690137895030005 __DUMMY__ 0.01967017738311334	false	1.0
klagen	neg 1.0		neg 0.5442153860355835 off 0.41466157282893124 __DUMMY__ 0.041123041135485254	false	1.0
bankrott	neg 1.0		neg 0.5313026905986045 off 0.42779004300272466 __DUMMY__ 0.04090726639867083	false	1.0
trauern	neg 1.0		neg 0.538233204446337 off 0.42051029055495026 __DUMMY__ 0.04125650499871274	false	1.0
ablehnung	neg 1.0		neg 0.5417538901838528 off 0.41754249573202806 __DUMMY__ 0.040703614084118975	false	1.0
stur	neg 1.0		neg 0.5347618026493609 off 0.4243423528400573 __DUMMY__ 0.0408958445105818	false	1.0
aufruhr	neg 1.0		neg 0.5379935212049222 off 0.4210717942002685 __DUMMY__ 0.04093468459480938	false	1.0
melancholie	neg 1.0		neg 0.536923621832209 off 0.4218598294461344 __DUMMY__ 0.04121654872165664	false	1.0
ist			neg 0.5335524050853089 off 0.4254720309925016 __DUMMY__ 0.04097556392218959	false	0.0
torheit	neg 1.0		neg 0.5372090657530991 off 0.4220289480493297 __DUMMY__ 0.04076198619757105	false	1.0
dreckskind	off 1.0		neg 0.5258993853935804 off 0.4336890215823238 __DUMMY__ 0.04041159302409569	false	0.5
umtauschen	neg 1.0		neg 0.5353810478691838 off 0.4235299351958015 __DUMMY__ 0.04108901693501463	false	1.0
zum			neg 0.5401883576823785 off 0.41798076068850526 __DUMMY__ 0.04183088162911618	false	0.0
zersetzen	neg 1.0		neg 0.5432408581020187 off 0.4158154465363541 __DUMMY__ 0.04094369536162707	false	1.0
zur			neg 0.5453239368575745 off 0.4132522299836407 __DUMMY__ 0.041423833158784784	false	0.0
frust	neg 1.0		neg 0.5365319468015977 off 0.4223197004989056 __DUMMY__ 0.04114835269949684	false	1.0
unerbittlichkeit	neg 1.0		neg 0.5424964180849947 off 0.41650217473591655 __DUMMY__ 0.04100140717908858	false	1.0
zwei			neg 0.5390635514244387 off 0.41928065205526044 __DUMMY__ 0.04165579652030089	false	0.0
unkorrekt	neg 1.0		neg 0.5304586169815367 off 0.429081924809896 __DUMMY__ 0.04045945820856734	false	1.0
hexe	off 1.0		neg 0.5298186859655489 off 0.4293678398082256 __DUMMY__ 0.040813474226225485	false	0.5
lasch	neg 1.0		neg 0.5336075458299254 off 0.4256891141574971 __DUMMY__ 0.04070334001257744	false	1.0
rivale	neg 1.0		neg 0.5267476513516203 off 0.43240283768011134 __DUMMY__ 0.04084951096826841	false	1.0
mutlos	off 1.0	off 1.0	off 0.6919284040243121 neg 0.2885997172948797 __DUMMY__ 0.019471878680808127	false	1.0
wirr	off 1.0		neg 0.5297167654696006 off 0.4297916471924726 __DUMMY__ 0.040491587337926786	false	0.5
jahr			neg 0.5369568532416059 off 0.4214220149922421 __DUMMY__ 0.04162113176615209	false	0.0
wird			neg 0.5384387225552332 off 0.4204001667958508 __DUMMY__ 0.041161110648915956	false	0.0
strafbar	neg 1.0		neg 0.5415135888693591 off 0.417562840023501 __DUMMY__ 0.040923571107139914	false	1.0
erosion	neg 1.0		neg 0.5340921884958484 off 0.42481393728121075 __DUMMY__ 0.041093874222940883	false	1.0
eingehen	neg 1.0		neg 0.5402663669362987 off 0.4188135981313078 __DUMMY__ 0.04092003493239349	false	1.0
faul	off 1.0		neg 0.5304011753765759 off 0.42864829287832096 __DUMMY__ 0.040950531745103075	false	0.5
provisorium	neg 1.0		neg 0.5468310111399582 off 0.4116342950918533 __DUMMY__ 0.041534693768188496	false	1.0
schmerzen	neg 1.0		neg 0.5352049143277263 off 0.4237397873781912 __DUMMY__ 0.041055298294082644	false	1.0
schrumpfen	neg 1.0		neg 0.5466450448357583 off 0.4121235690208965 __DUMMY__ 0.04123138614334527	false	1.0
geistlos	off 1.0		neg 0.5373982655286493 off 0.4221153820142288 __DUMMY__ 0.04048635245712172	false	0.5
fehlkauf	neg 1.0		neg 0.535155572675788 off 0.42401286448405145 __DUMMY__ 0.04083156284016061	false	1.0
frustrierend	neg 1.0		neg 0.5301187624882924 off 0.4288665659625261 __DUMMY__ 0.04101467154918148	false	1.0
unzufrieden	neg 1.0		neg 0.5391869339773354 off 0.4198613184989716 __DUMMY__ 0.04095174752369287	false	1.0
verzweifeln	neg 1.0		neg 0.5358597827585955 off 0.42308241161715987 __DUMMY__ 0.041057805624244624	false	1.0
verzweifelt	neg 1.0		neg 0.5346415933380784 off 0.42445985306276124 __DUMMY__ 0.04089855359916041	false	1.0
misstrauensantrag	neg 1.0		neg 0.5350254154297902 off 0.42421541728296347 __DUMMY__ 0.040759167287246344	false	1.0
abfallen	neg 1.0		neg 0.531899504022363 off 0.4268969163629775 __DUMMY__ 0.04120357961465968	false	1.0
fucker	off 1.0		neg 0.529719055380066 off 0.4296382806072007 __DUMMY__ 0.04064266401273324	false	0.5
ungezogen	neg 1.0		neg 0.5204972850508044 off 0.43896647143141176 __DUMMY__ 0.04053624351778394	false	1.0
irrsinnig	neg 1.0	neg 1.0	neg 0.7549723044990325 off 0.2255540468779462 __DUMMY__ 0.019473648623021294	false	1.0
unfassbar	neg 1.0		neg 0.5297665269019194 off 0.4294190312946879 __DUMMY__ 0.04081444180339261	false	1.0
hart	neg 1.0		neg 0.5336255128933288 off 0.42564026681690864 __DUMMY__ 0.04073422028976254	false	1.0
widerlich	off 1.0		neg 0.5305364383340618 off 0.42884807560683175 __DUMMY__ 0.04061548605910634	false	0.5
fatal	neg 1.0		neg 0.5345827016721828 off 0.4245669561893169 __DUMMY__ 0.04085034213850034	false	1.0
bruch	neg 1.0		neg 0.5446290428076258 off 0.4143178730500651 __DUMMY__ 0.041053084142308946	false	1.0
aushungern	neg 1.0		neg 0.540056795992729 off 0.4191896291935814 __DUMMY__ 0.040753574813689575	false	1.0
anspannung	neg 1.0	neg 1.0	neg 0.7578075702473446 off 0.22224505517772 __DUMMY__ 0.019947374574935357	false	1.0
von			neg 0.5388342021299815 off 0.4196360599527631 __DUMMY__ 0.04152973791725542	false	0.0
kraftlos	neg 1.0		neg 0.5358234071623648 off 0.42289812106236563 __DUMMY__ 0.041278471775269644	false	1.0
vom			neg 0.5432357531369664 off 0.41496271602286494 __DUMMY__ 0.041801530840168716	false	0.0
grenzdebil	off 1.0		neg 0.5286092378806281 off 0.4305959429653869 __DUMMY__ 0.04079481915398503	false	0.5
vor			neg 0.54102338251136 off 0.41771934432054064 __DUMMY__ 0.041257273168099275	false	0.0
unterwerfen	neg 1.0		neg 0.5400455256081721 off 0.4188685299857788 __DUMMY__ 0.041085944406049	false	1.0
versenkung	neg 1.0		neg 0.5407132044520058 off 0.4182241784891131 __DUMMY__ 0.041062617058881326	false	1.0
entziehen	neg 1.0		neg 0.5432598940601231 off 0.41561048115536026 __DUMMY__ 0.041129624784516636	false	1.0
finanzkrise	neg 1.0		neg 0.5411410770658213 off 0.4182384263389504 __DUMMY__ 0.040620496595228164	false	1.0
schimpfend	neg 1.0		neg 0.5314467800096563 off 0.4272787778510051 __DUMMY__ 0.04127444213933852	false	1.0
profan	neg 1.0		neg 0.5328527127377934 off 0.4262607316144892 __DUMMY__ 0.0408865556477174	false	1.0
korruption	neg 1.0	neg 1.0	neg 0.7587932615868992 off 0.22181291767332975 __DUMMY__ 0.01939382073977111	false	1.0
â			neg 0.5390727855364941 off 0.41980023049326554 __DUMMY__ 0.04112698397024039	false	0.0
schmutzig	neg 1.0		neg 0.5288748442580218 off 0.4302778210453162 __DUMMY__ 0.04084733469666209	false	1.0
sexy	neg 1.0		neg 0.5321510956195196 off 0.42696359101690584 __DUMMY__ 0.040885313363574545	false	1.0
abraten	neg 1.0		neg 0.533784608202991 off 0.4252864439658778 __DUMMY__ 0.04092894783113111	false	1.0
schwarz	neg 1.0		neg 0.5350764167611519 off 0.42404651842366126 __DUMMY__ 0.040877064815186825	false	1.0
fotze	off 1.0		neg 0.541107134313207 off 0.4179134583239847 __DUMMY__ 0.04097940736280839	false	0.5
verwirren	neg 1.0		neg 0.5324243614056654 off 0.42667088017299665 __DUMMY__ 0.040904758421337936	false	1.0
zahnlos	off 1.0		neg 0.5395963927064915 off 0.4194944477418805 __DUMMY__ 0.040909159551627834	false	0.5
verheeren	neg 1.0		neg 0.5200117332002729 off 0.4395041417918 __DUMMY__ 0.04048412500792707	false	1.0
hippie	neg 1.0		neg 0.5332681129414234 off 0.4258886207841731 __DUMMY__ 0.040843266274403364	false	1.0
rammen	neg 1.0		neg 0.5365282984869862 off 0.422661874483878 __DUMMY__ 0.04080982702913574	false	1.0
unlauter	neg 1.0		neg 0.5394388644653182 off 0.4199961477910841 __DUMMY__ 0.040564987743597715	false	1.0
unheilvoll	neg 1.0		neg 0.5312586566937101 off 0.4276175439774955 __DUMMY__ 0.04112379932879432	false	1.0
niedrig	neg 1.0		neg 0.541548740048134 off 0.41740053290759427 __DUMMY__ 0.041050727044271776	false	1.0
explosion	neg 1.0		neg 0.5340810768538001 off 0.4250904349458665 __DUMMY__ 0.04082848820033327	false	1.0
weichei	off 1.0		neg 0.5250036820600709 off 0.4345132949993057 __DUMMY__ 0.04048302294062361	false	0.5
minusmensch	off 1.0		neg 0.5250667686519116 off 0.43492076531384183 __DUMMY__ 0.04001246603424671	false	0.5
farblos	neg 1.0		neg 0.533955370512404 off 0.42471441067080495 __DUMMY__ 0.04133021881679097	false	1.0
unwissend	neg 1.0	neg 1.0	neg 0.7523769140210879 off 0.22820405372495225 __DUMMY__ 0.0194190322539598	false	1.0
traurig	neg 1.0		neg 0.5259246000643094 off 0.433274586878794 __DUMMY__ 0.04080081305689665	false	1.0
senkung	neg 1.0		neg 0.535341458266562 off 0.4239979232286507 __DUMMY__ 0.040660618504787305	false	1.0
ungleich	neg 1.0	neg 1.0	neg 0.7587711939063673 off 0.22174774202000566 __DUMMY__ 0.019481064073626972	false	1.0
heikel	neg 1.0		neg 0.5424714237040104 off 0.41653539652843596 __DUMMY__ 0.040993179767553595	false	1.0
drosselung	neg 1.0		neg 0.5293764892782187 off 0.42983277238392614 __DUMMY__ 0.04079073833785525	false	1.0
falsch	neg 1.0		neg 0.5311862857429408 off 0.4279411972374863 __DUMMY__ 0.04087251701957298	false	1.0
unzufriedenheit	neg 1.0		neg 0.5426140423843231 off 0.4163226584864166 __DUMMY__ 0.04106329912926034	false	1.0
kurz	neg 1.0		neg 0.5348237562299843 off 0.4238684970428312 __DUMMY__ 0.041307746727184534	false	1.0
unsinnig	neg 1.0		neg 0.5396856444167935 off 0.4194870928725654 __DUMMY__ 0.04082726271064124	false	1.0
penner	off 1.0	off 1.0	off 0.7027272909480667 neg 0.2780093192542155 __DUMMY__ 0.019263389797717714	false	1.0
seicht	neg 1.0		neg 0.5232996682187918 off 0.43642431132781184 __DUMMY__ 0.04027602045339636	false	1.0
dummheit	off 1.0	off 1.0	off 0.6960601683694921 neg 0.2845456495672923 __DUMMY__ 0.019394182063215533	false	1.0
unerfreulich	neg 1.0		neg 0.5420328830088605 off 0.41680496710544157 __DUMMY__ 0.041162149885697864	false	1.0
motherfucker	off 1.0	off 1.0	off 0.6984252422402557 neg 0.28225896978499515 __DUMMY__ 0.019315787974749223	false	1.0
pikiert	neg 1.0		neg 0.5320497319611932 off 0.42733775933428453 __DUMMY__ 0.040612508704522154	false	1.0
wrack	neg 1.0		neg 0.5373190529670244 off 0.42129551851358393 __DUMMY__ 0.041385428519391546	false	1.0
gangster	neg 1.0		neg 0.533197223660534 off 0.4259036204047869 __DUMMY__ 0.04089915593467912	false	1.0
krank	neg 1.0		neg 0.5269157277196925 off 0.43215394163216353 __DUMMY__ 0.04093033064814386	false	1.0
reich	neg 1.0		neg 0.5326815035656396 off 0.4266040492658819 __DUMMY__ 0.04071444716847861	false	1.0
gnadenlos	neg 1.0		neg 0.5347680778665781 off 0.42425167634458444 __DUMMY__ 0.04098024578883733	false	1.0
niedergeschlagen	neg 1.0		neg 0.5358994297142987 off 0.4229318389603698 __DUMMY__ 0.041168731325331616	false	1.0
terrorisieren	off 1.0	off 1.0	off 0.6930626617466514 neg 0.28736674611862517 __DUMMY__ 0.019570592134723414	false	1.0
sinnlosigkeit	neg 1.0		neg 0.5384700021022033 off 0.42053038935232034 __DUMMY__ 0.04099960854547628	false	1.0
behindern	neg 1.0		neg 0.5377566799331768 off 0.4213338059614737 __DUMMY__ 0.04090951410534945	false	1.0
undemokratisch	neg 1.0		neg 0.5385533243149708 off 0.4208162475264639 __DUMMY__ 0.040630428158565206	false	1.0
wirtschaftskrise	neg 1.0		neg 0.5421037373237603 off 0.4170641162608582 __DUMMY__ 0.04083214641538157	false	1.0
neid	neg 1.0		neg 0.5275534359067608 off 0.43129419066536506 __DUMMY__ 0.04115237342787412	false	1.0
rutschen	neg 1.0	neg 1.0	neg 0.7567299622945606 off 0.2233533316255784 __DUMMY__ 0.019916706079861006	false	1.0
rezession	neg 1.0		neg 0.530157064580795 off 0.4295537985539183 __DUMMY__ 0.040289136865286755	false	1.0
fehlgeburt	neg 1.0		neg 0.5323949038228853 off 0.4265491767832357 __DUMMY__ 0.041055919393879106	false	1.0
charakterschwach	off 1.0		neg 0.5301445357945248 off 0.4291500229883661 __DUMMY__ 0.04070544121710905	false	0.5
isolation	neg 1.0		neg 0.5302928222070248 off 0.4287064531129279 __DUMMY__ 0.041000724680047285	false	1.0
ablenkung	neg 1.0		neg 0.5347978728662274 off 0.42415194261650696 __DUMMY__ 0.04105018451726562	false	1.0
pech	neg 1.0		neg 0.5305955889879798 off 0.4284362577770737 __DUMMY__ 0.040968153234946444	false	1.0
vermeidung	neg 1.0		neg 0.5305400448408217 off 0.4288272641956249 __DUMMY__ 0.04063269096355354	false	1.0
dominieren	neg 1.0		neg 0.5371099405746487 off 0.42155675418124516 __DUMMY__ 0.041333305244106194	false	1.0
schwindlig	neg 1.0		neg 0.5304245324657757 off 0.42839731583244034 __DUMMY__ 0.041178151701784	false	1.0
lutscher	neg 1.0	neg 1.0	neg 0.74781512762007 off 0.23300377863200747 __DUMMY__ 0.019181093747922554	false	1.0
pflicht	neg 1.0		neg 0.5420022870542316 off 0.41693349885185393 __DUMMY__ 0.041064214093914655	false	1.0
faschist	off 1.0		neg 0.5358626103262057 off 0.42353677838289316 __DUMMY__ 0.04060061129090099	false	0.5
verschleudern	neg 1.0		neg 0.5445421921183138 off 0.41477391729976104 __DUMMY__ 0.04068389058192521	false	1.0
wenn			neg 0.5307668417199699 off 0.4283481748200145 __DUMMY__ 0.04088498346001549	false	0.0
ehebruch	neg 1.0		neg 0.5408240449650419 off 0.418237218479495 __DUMMY__ 0.0409387365554632	false	1.0
spott	off 1.0		neg 0.5420224855834788 off 0.4170856736243873 __DUMMY__ 0.04089184079213398	false	0.5
trostlosigkeit	neg 1.0		neg 0.5430082880062108 off 0.4158701581677792 __DUMMY__ 0.041121553826009925	false	1.0
lutschen	neg 1.0		neg 0.5352788281322544 off 0.42401321487876825 __DUMMY__ 0.040707956988977445	false	1.0
undiszipliniert	neg 1.0		neg 0.5273099406845263 off 0.4319100047514692 __DUMMY__ 0.040780054564004624	false	1.0
kopfschmerz	neg 1.0		neg 0.5357056397090015 off 0.4231026658746516 __DUMMY__ 0.04119169441634686	false	1.0
unvorhergesehen	neg 1.0		neg 0.5360333684318764 off 0.4224942474319051 __DUMMY__ 0.04147238413621852	false	1.0
desinteressiert	neg 1.0		neg 0.5285172891372357 off 0.430802614981822 __DUMMY__ 0.04068009588094227	false	1.0
armselig	off 1.0		neg 0.5289949242144608 off 0.4305006995556621 __DUMMY__ 0.040504376229877063	false	0.5
desaster	neg 1.0		neg 0.545325407206075 off 0.41361640578255565 __DUMMY__ 0.041058187011369415	false	1.0
tod	neg 1.0		neg 0.5389782768111013 off 0.4198944688524745 __DUMMY__ 0.041127254336424064	false	1.0
herzlos	neg 1.0		neg 0.5271139540693875 off 0.4322646480835031 __DUMMY__ 0.04062139784710927	false	1.0
unwissenheit	neg 1.0		neg 0.540706833979897 off 0.41848038142590926 __DUMMY__ 0.04081278459419369	false	1.0
widersinnig	neg 1.0	neg 1.0	neg 0.7582913902666591 off 0.22234331652480818 __DUMMY__ 0.019365293208532655	false	1.0
bedenklich	neg 1.0		neg 0.5409397766437832 off 0.4181079548470448 __DUMMY__ 0.04095226850917194	false	1.0
beanstanden	neg 1.0		neg 0.5425973098134264 off 0.41631269237058294 __DUMMY__ 0.04108999781599068	false	1.0
panisch	neg 1.0	neg 1.0	neg 0.7515171703811244 off 0.2287782879150415 __DUMMY__ 0.019704541703834115	false	1.0
debil	off 1.0		neg 0.5471644067977495 off 0.41154307672057605 __DUMMY__ 0.04129251648167454	false	0.5
abstrich	neg 1.0		neg 0.5399792595072529 off 0.41905376519902243 __DUMMY__ 0.04096697529372459	false	1.0
primitiv	neg 1.0		neg 0.5299761329940055 off 0.4294077662045415 __DUMMY__ 0.040616100801453	false	1.0
abschaum	off 1.0	off 1.0	off 0.6975758655638461 neg 0.2830346552289236 __DUMMY__ 0.019389479207230168	false	1.0
provozieren	neg 1.0		neg 0.5360074399492805 off 0.4231134863799992 __DUMMY__ 0.04087907367072036	false	1.0
tot	neg 1.0		neg 0.5397643575119883 off 0.41913344719614165 __DUMMY__ 0.04110219529187011	false	1.0
instabil	neg 1.0		neg 0.5318784045979206 off 0.4276703254713411 __DUMMY__ 0.040451269930738394	false	1.0
schwuchtel	off 1.0		neg 0.5186510202691277 off 0.4413005325007384 __DUMMY__ 0.040048447230133837	false	0.5
zerren	neg 1.0		neg 0.5356070582585556 off 0.42320386742724475 __DUMMY__ 0.041189074314199686	false	1.0
kinderficker	off 1.0		neg 0.5268255522622868 off 0.43278046573001244 __DUMMY__ 0.04039398200770062	false	0.5
gefahr	neg 1.0		neg 0.5424542612143224 off 0.4164729871113901 __DUMMY__ 0.04107275167428749	false	1.0
rabiat	neg 1.0		neg 0.5369696300492881 off 0.42215907151478277 __DUMMY__ 0.040871298435929085	false	1.0
verlangsamung	neg 1.0		neg 0.525158073873559 off 0.43450862499291554 __DUMMY__ 0.04033330113352546	false	1.0
ausgestorben	neg 1.0		neg 0.5352764981520862 off 0.4235979622903782 __DUMMY__ 0.04112553955753567	false	1.0
anklagen	neg 1.0		neg 0.5398004593193579 off 0.41934950207951444 __DUMMY__ 0.040850038601127604	false	1.0
trott	neg 1.0		neg 0.5360334909183474 off 0.4229080933784276 __DUMMY__ 0.041058415703224826	false	1.0
verminderung	neg 1.0		neg 0.5288833073498009 off 0.43042938574142187 __DUMMY__ 0.0406873069087773	false	1.0
nach			neg 0.5405998399891179 off 0.4176561935655074 __DUMMY__ 0.04174396644537463	false	0.0
rost	neg 1.0		neg 0.5249773297262342 off 0.43451062545895514 __DUMMY__ 0.04051204481481065	false	1.0
destruktiv	neg 1.0		neg 0.53871762535956 off 0.4205231688865687 __DUMMY__ 0.040759205753871285	false	1.0
unzumutbarkeit	neg 1.0		neg 0.5301854931964197 off 0.42890990646946614 __DUMMY__ 0.04090460033411427	false	1.0
labil	off 1.0	off 1.0	off 0.6974508104469593 neg 0.2831624062442324 __DUMMY__ 0.01938678330880828	false	1.0
ziemlich	neg 1.0		neg 0.5281974837632503 off 0.43088695191918297 __DUMMY__ 0.040915564317566676	false	1.0
lachnummer	off 1.0		neg 0.5370109790190039 off 0.42208219106648986 __DUMMY__ 0.04090682991450648	false	0.5
oder			neg 0.5337535612217228 off 0.4250943014229112 __DUMMY__ 0.04115213735536591	false	0.0
verfall	neg 1.0		neg 0.5476155547037773 off 0.41124585939950614 __DUMMY__ 0.04113858589671647	false	1.0
ausgrenzung	neg 1.0		neg 0.5383309207787439 off 0.42111122402499485 __DUMMY__ 0.04055785519626115	false	1.0
unordnung	neg 1.0		neg 0.5297696316411306 off 0.42938475016429095 __DUMMY__ 0.04084561819457858	false	1.0
fehlverhalten	neg 1.0		neg 0.5426593314105513 off 0.41637871701576423 __DUMMY__ 0.040961951573684464	false	1.0
eine			neg 0.541223214543215 off 0.4175952744810066 __DUMMY__ 0.04118151097577858	false	0.0
nille	neg 1.0		neg 0.5377227709046615 off 0.4213010898827059 __DUMMY__ 0.04097613921263246	false	1.0
qual	neg 1.0		neg 0.5366358233730476 off 0.42233825969787653 __DUMMY__ 0.041025916929075826	false	1.0
verschwenden	neg 1.0		neg 0.5400698547544233 off 0.41895925986568416 __DUMMY__ 0.04097088537989248	false	1.0
riesig	neg 1.0	neg 1.0	neg 0.7565575397928043 off 0.22379247720855414 __DUMMY__ 0.019649982998641517	false	1.0
verurteilen	neg 1.0		neg 0.5401886329459562 off 0.41893985986399546 __DUMMY__ 0.04087150719004838	false	1.0
klischee	neg 1.0	neg 1.0	neg 0.7540145830411473 off 0.22660645364156223 __DUMMY__ 0.019378963317290464	false	1.0
diktatorisch	neg 1.0		neg 0.5392369679727695 off 0.42027208490329804 __DUMMY__ 0.040490947123932385	false	1.0
vorhersehbar	neg 1.0	neg 1.0	neg 0.7540728671595972 off 0.22650281324310179 __DUMMY__ 0.019424319597301017	false	1.0
sowie			neg 0.526616209820627 off 0.43296078560969614 __DUMMY__ 0.04042300456967678	false	0.0
stornieren	neg 1.0		neg 0.5309926274539105 off 0.4276298952693082 __DUMMY__ 0.041377477276781344	false	1.0
besteuerung	neg 1.0		neg 0.5384648392533602 off 0.4208943609157473 __DUMMY__ 0.040640799830892645	false	1.0
ungeschminkt	neg 1.0		neg 0.5306000299040676 off 0.42875869670996186 __DUMMY__ 0.04064127338597043	false	1.0
kritisch	neg 1.0		neg 0.5408511241940137 off 0.41815782207700486 __DUMMY__ 0.04099105372898151	false	1.0
schlamperei	off 1.0		neg 0.5434912709897706 off 0.41562892443479804 __DUMMY__ 0.04087980457543119	false	0.5
sucht	neg 1.0	neg 1.0	neg 0.7550707863865562 off 0.22536774115037153 __DUMMY__ 0.0195614724630723	false	1.0
egoistisch	off 1.0		neg 0.5239271078414364 off 0.4354663227579844 __DUMMY__ 0.04060656940057924	false	0.5
ausbeuter	off 1.0		neg 0.5440656018522539 off 0.4150951587941118 __DUMMY__ 0.04083923935363431	false	0.5
arschgeburt	off 1.0		neg 0.5189620292801452 off 0.44103401450463176 __DUMMY__ 0.04000395621522292	false	0.5
schubs	neg 1.0	neg 1.0	neg 0.7552089731442605 off 0.22509629876349502 __DUMMY__ 0.019694728092244516	false	1.0
unsolide	neg 1.0		neg 0.5406013693462565 off 0.4191234444441756 __DUMMY__ 0.040275186209567895	false	1.0
beschwerde	neg 1.0		neg 0.5435470366648156 off 0.41560658125166716 __DUMMY__ 0.040846382083517284	false	1.0
stocken	neg 1.0		neg 0.5417122177847659 off 0.41733720676069047 __DUMMY__ 0.04095057545454376	false	1.0
isolieren	neg 1.0		neg 0.5405099389387737 off 0.41858137509142124 __DUMMY__ 0.04090868596980488	false	1.0
unheilbar	neg 1.0		neg 0.5342199527424449 off 0.42469056564546576 __DUMMY__ 0.0410894816120894	false	1.0
pisser	off 1.0		neg 0.5298190217639069 off 0.429578087260012 __DUMMY__ 0.040602890976080996	false	0.5
löschen	neg 1.0		neg 0.5362281889193622 off 0.4227930969808666 __DUMMY__ 0.040978714099771205	false	1.0
durchfallen	neg 1.0		neg 0.5401894810205717 off 0.4189398230365563 __DUMMY__ 0.04087069594287194	false	1.0
wichser	off 1.0		neg 0.5194070284134858 off 0.4401829075671505 __DUMMY__ 0.04041006401936374	false	0.5
terror	neg 1.0		neg 0.5321883700727518 off 0.42682623561016997 __DUMMY__ 0.04098539431707832	false	1.0
krass	neg 1.0		neg 0.5265693319837439 off 0.4328272645808368 __DUMMY__ 0.04060340343541937	false	1.0
revolte	neg 1.0	neg 1.0	neg 0.7555976021865408 off 0.22504466004122173 __DUMMY__ 0.01935773777223743	false	1.0
besorgt	neg 1.0		neg 0.5355443011331881 off 0.42314625605812495 __DUMMY__ 0.04130944280868694	false	1.0
nachlassen	neg 1.0		neg 0.5403734529419535 off 0.41851300541606323 __DUMMY__ 0.04111354164198345	false	1.0
alt	neg 1.0		neg 0.539032411674477 off 0.4198727474704287 __DUMMY__ 0.04109484085509418	false	1.0
hundesohn	off 1.0		neg 0.5236865819311469 off 0.43609209483727296 __DUMMY__ 0.04022132323157998	false	0.5
als			neg 0.536273088692677 off 0.42252532108733126 __DUMMY__ 0.041201590219991764	false	0.0
abschreckung	neg 1.0		neg 0.5437328492227581 off 0.4152118942284829 __DUMMY__ 0.041055256548758925	false	1.0
unqualifiziert	neg 1.0		neg 0.5351556906263277 off 0.42424783184570514 __DUMMY__ 0.04059647752796717	false	1.0
abgewichst	off 1.0		neg 0.5376538580923731 off 0.42128629225201847 __DUMMY__ 0.04105984965560853	false	0.5
schwer	neg 1.0		neg 0.5353395028870143 off 0.4236079696492988 __DUMMY__ 0.041052527463686844	false	1.0
bedeutungslosigkeit	neg 1.0		neg 0.5425822054618904 off 0.4163782626286017 __DUMMY__ 0.041039531909507834	false	1.0
kapitulation	neg 1.0		neg 0.5440646266543666 off 0.41522906001936916 __DUMMY__ 0.04070631332626408	false	1.0
unscharf	neg 1.0		neg 0.533442082458823 off 0.42567791281119594 __DUMMY__ 0.04088000472998109	false	1.0
schwinden	neg 1.0		neg 0.5422964531411777 off 0.4166223330234144 __DUMMY__ 0.04108121383540786	false	1.0
versklavung	neg 1.0		neg 0.5395715301378874 off 0.41992173379432685 __DUMMY__ 0.040506736067785806	false	1.0
schlecht	neg 1.0		neg 0.5280171673522477 off 0.43105907261569276 __DUMMY__ 0.04092376003205959	false	1.0
verhasst	neg 1.0		neg 0.5352155032532406 off 0.4238813192905586 __DUMMY__ 0.04090317745620078	false	1.0
beschweren	neg 1.0		neg 0.5333954648993684 off 0.4256344699985246 __DUMMY__ 0.04097006510210709	false	1.0
scheiden	neg 1.0		neg 0.5302553342533275 off 0.42824947512656475 __DUMMY__ 0.041495190620107834	false	1.0
frustriert	neg 1.0		neg 0.5366466022065551 off 0.42228520271530096 __DUMMY__ 0.04106819507814377	false	1.0
schimmelig	neg 1.0		neg 0.5397022458758495 off 0.419177803907857 __DUMMY__ 0.04111995021629346	false	1.0
fisch	neg 1.0		neg 0.5379539289939838 off 0.4205785312170817 __DUMMY__ 0.041467539788934624	false	1.0
schmuggel	neg 1.0		neg 0.5399903861083253 off 0.41869925572457023 __DUMMY__ 0.04131035816710451	false	1.0
auffallen	neg 1.0		neg 0.5325847864619113 off 0.42646010377053883 __DUMMY__ 0.04095510976754984	false	1.0
konkurrenz	neg 1.0	neg 1.0	neg 0.7584701571717162 off 0.2218486826717415 __DUMMY__ 0.01968116015654236	false	1.0
teufelskreis	neg 1.0	neg 1.0	neg 0.7561517112700582 off 0.2243557549986046 __DUMMY__ 0.01949253373133724	false	1.0
aufschreien	neg 1.0		neg 0.5338845751871317 off 0.42527317462145225 __DUMMY__ 0.04084225019141591	false	1.0
schuldner	neg 1.0		neg 0.5422000296102032 off 0.41673720858832075 __DUMMY__ 0.041062761801476104	false	1.0
missgeburt	off 1.0	off 1.0	off 0.700595528329856 neg 0.2801667030558425 __DUMMY__ 0.01923776861430147	false	1.0
arbeitslos	neg 1.0		neg 0.5396871220613422 off 0.4194227283142736 __DUMMY__ 0.04089014962438436	false	1.0
befallen	neg 1.0		neg 0.5401358792004508 off 0.41905933337761936 __DUMMY__ 0.04080478742192987	false	1.0
miesepetrig	off 1.0	off 1.0	off 0.6993195977036614 neg 0.28119412383739073 __DUMMY__ 0.01948627845894783	false	1.0
alarmieren	neg 1.0		neg 0.5342284937406064 off 0.42521662417137773 __DUMMY__ 0.040554882088015706	false	1.0
ungeduscht	off 1.0		neg 0.5305086170751815 off 0.4284968047736413 __DUMMY__ 0.04099457815117735	false	0.5
knappheit	neg 1.0		neg 0.5427514299256201 off 0.4164352912089711 __DUMMY__ 0.040813278865408704	false	1.0
schlange	neg 1.0		neg 0.5307280057603698 off 0.428022864600626 __DUMMY__ 0.04124912963900422	false	1.0
harsch	neg 1.0		neg 0.5240410071540045 off 0.4351615751443089 __DUMMY__ 0.040797417701686635	false	1.0
lang	neg 1.0		neg 0.5355748752037965 off 0.4234410340322654 __DUMMY__ 0.04098409076393808	false	1.0
ziellos	neg 1.0		neg 0.5367363413367561 off 0.4220202235767148 __DUMMY__ 0.04124343508652903	false	1.0
selbstverliebt	neg 1.0		neg 0.5208217925489019 off 0.4390295680023159 __DUMMY__ 0.04014863944878209	false	1.0
beseitigen	neg 1.0	neg 1.0	neg 0.754974020713857 off 0.2253838092193135 __DUMMY__ 0.01964217006682944	false	1.0
dumm	off 1.0		neg 0.5237537568843167 off 0.4357584415907104 __DUMMY__ 0.040487801524972784	false	0.5
arbeitsloser	neg 1.0		neg 0.5389448020359697 off 0.4199650011407801 __DUMMY__ 0.04109019682325026	false	1.0
blitzen	neg 1.0		neg 0.5331516196017025 off 0.42601453694042074 __DUMMY__ 0.040833843457876634	false	1.0
hilflos	neg 1.0		neg 0.5370784005509018 off 0.4218344766561561 __DUMMY__ 0.041087122792942084	false	1.0
eklig	off 1.0		neg 0.5231007188878916 off 0.43643486393254227 __DUMMY__ 0.04046441717956628	false	0.5
begriff			neg 0.5384695915417854 off 0.420636260754255 __DUMMY__ 0.040894147703959535	false	0.0
hungersnot	neg 1.0		neg 0.5393629170195524 off 0.41972758789712733 __DUMMY__ 0.040909495083320195	false	1.0
ungesetzlich	neg 1.0		neg 0.5388914027260724 off 0.4206826485455912 __DUMMY__ 0.0404259487283365	false	1.0
verschwendung	neg 1.0		neg 0.5407046309363566 off 0.41821347395393027 __DUMMY__ 0.04108189510971316	false	1.0
schmerzvoll	neg 1.0		neg 0.5332646505780777 off 0.4257461432593807 __DUMMY__ 0.04098920616254146	false	1.0
vorzeitig	neg 1.0		neg 0.5315895754926153 off 0.42741732941265204 __DUMMY__ 0.040993095094732535	false	1.0
unvollkommenheit	neg 1.0		neg 0.5363468406650693 off 0.42236904206833503 __DUMMY__ 0.04128411726659565	false	1.0
intervenieren	neg 1.0		neg 0.5439601313838711 off 0.415228724922588 __DUMMY__ 0.04081114369354092	false	1.0
banause	off 1.0		neg 0.5223519205002927 off 0.437388169533236 __DUMMY__ 0.04025990996647137	false	0.5
rebell	neg 1.0		neg 0.5448238600191254 off 0.41405084654725227 __DUMMY__ 0.04112529343362239	false	1.0
unlogisch	neg 1.0		neg 0.5272109822336191 off 0.43213600495656923 __DUMMY__ 0.04065301280981167	false	1.0
leiden	neg 1.0		neg 0.5352597760623282 off 0.42305812299353557 __DUMMY__ 0.041682100944136255	false	1.0
abschaffung	neg 1.0		neg 0.5387656432480906 off 0.4205877338986193 __DUMMY__ 0.0406466228532902	false	1.0
sturz	neg 1.0		neg 0.5358337281750956 off 0.423149797280578 __DUMMY__ 0.04101647454432636	false	1.0
verkleinerung	neg 1.0		neg 0.537557465566093 off 0.42202445578289755 __DUMMY__ 0.040418078651009576	false	1.0
schmarotzer	off 1.0		neg 0.5403497659674633 off 0.4188091490489967 __DUMMY__ 0.040841084983540124	false	0.5
bestrafung	neg 1.0		neg 0.5346053414800819 off 0.42446962867169347 __DUMMY__ 0.04092502984822474	false	1.0
achtlos	neg 1.0		neg 0.5341285803434483 off 0.42469036718706754 __DUMMY__ 0.041181052469484114	false	1.0
ungeheuer	neg 1.0		neg 0.5300494473179591 off 0.42882265477824805 __DUMMY__ 0.04112789790379285	false	1.0
unaufrichtig	neg 1.0		neg 0.5363244776055002 off 0.4230313101785318 __DUMMY__ 0.04064421221596802	false	1.0
groggy	neg 1.0		neg 0.5345705556361138 off 0.42466736346559875 __DUMMY__ 0.04076208089828746	false	1.0
