unsolidarisch	neg 1.0		neg 0.5270411092249169 off 0.4067465803459299 __DUMMY__ 0.0662123104291533	false	1.0
nachteilig	neg 1.0		neg 0.5276801456093383 off 0.4053489807069993 __DUMMY__ 0.06697087368366257	false	1.0
skeptisch	neg 1.0		neg 0.5275985457424915 off 0.4052559133948796 __DUMMY__ 0.0671455408626288	false	1.0
schrecklich	neg 1.0		neg 0.5106166409790052 off 0.42272316418425854 __DUMMY__ 0.0666601948367364	false	1.0
schlapp	neg 1.0	neg 1.0	neg 0.7446554184785864 off 0.22337323009464527 __DUMMY__ 0.031971351426768345	false	1.0
abfall	neg 1.0		neg 0.5300000027715084 off 0.4026647234418812 __DUMMY__ 0.06733527378661038	false	1.0
widerspenstig	neg 1.0		neg 0.5207568023562587 off 0.4121177906434147 __DUMMY__ 0.06712540700032678	false	1.0
abrupt	neg 1.0		neg 0.5235013315050464 off 0.4088283048794234 __DUMMY__ 0.0676703636155301	false	1.0
unwirksam	neg 1.0		neg 0.5257810727436301 off 0.407826765682041 __DUMMY__ 0.06639216157432885	false	1.0
angreifen	neg 1.0	neg 1.0	neg 0.7515102005413501 off 0.21646125707002217 __DUMMY__ 0.032028542388627776	false	1.0
inkonsistent	neg 1.0		neg 0.5213979221504651 off 0.4117346480317914 __DUMMY__ 0.0668674298177436	false	1.0
abrutschen	neg 1.0		neg 0.529316603702315 off 0.4033141184401566 __DUMMY__ 0.06736927785752823	false	1.0
unsicher	neg 1.0		neg 0.5204408115574063 off 0.41237554561052736 __DUMMY__ 0.06718364283206629	false	1.0
bauernkind	off 1.0	off 1.0	off 0.6937113520711264 neg 0.27485009230101337 __DUMMY__ 0.03143855562786013	false	1.0
angreifer	neg 1.0		neg 0.5192507013124951 off 0.4136159967004971 __DUMMY__ 0.06713330198700777	false	1.0
trennen	neg 1.0		neg 0.5218211523198448 off 0.41030462241279425 __DUMMY__ 0.0678742252673608	false	1.0
schmutz	neg 1.0		neg 0.5178874482726659 off 0.4148288491742776 __DUMMY__ 0.06728370255305653	false	1.0
inkonsistenz	neg 1.0		neg 0.5194749211881171 off 0.4140789491023101 __DUMMY__ 0.06644612970957281	false	1.0
erschreckend	neg 1.0		neg 0.5230752395320588 off 0.40991316138831874 __DUMMY__ 0.06701159907962233	false	1.0
ertrinken	neg 1.0		neg 0.5239309844082596 off 0.4086661788734546 __DUMMY__ 0.06740283671828583	false	1.0
pickelface	off 1.0		neg 0.5250048289197078 off 0.4080736662187915 __DUMMY__ 0.06692150486150072	false	0.5
seiner			neg 0.5252517725952186 off 0.40732813287955894 __DUMMY__ 0.0674200945252225	false	0.0
lauch	neg 1.0		neg 0.5315209475194621 off 0.4014667678006558 __DUMMY__ 0.0670122846798821	false	1.0
unwichtig	neg 1.0		neg 0.5169029983003802 off 0.4163860149964445 __DUMMY__ 0.06671098670317523	false	1.0
steuerhinterziehung	neg 1.0		neg 0.526956138311534 off 0.40646181179880225 __DUMMY__ 0.06658204988966387	false	1.0
schock	neg 1.0		neg 0.5196657158244948 off 0.41282211097488913 __DUMMY__ 0.06751217320061591	false	1.0
beule	neg 1.0		neg 0.5146820076259618 off 0.4183876367863492 __DUMMY__ 0.06693035558768898	false	1.0
vergelten	neg 1.0		neg 0.5111082741309667 off 0.42195470718301775 __DUMMY__ 0.06693701868601573	false	1.0
verdorbenheit	neg 1.0		neg 0.5216049952529476 off 0.4112693682457865 __DUMMY__ 0.06712563650126599	false	1.0
trauma	neg 1.0		neg 0.5207152003378374 off 0.41233409968988116 __DUMMY__ 0.06695069997228155	false	1.0
sinnlos	neg 1.0		neg 0.5181077375227416 off 0.4148320804994034 __DUMMY__ 0.0670601819778549	false	1.0
fettsack	off 1.0	off 1.0	off 0.6955799608260648 neg 0.2728556651732848 __DUMMY__ 0.031564374000650354	false	1.0
feige	off 1.0	off 1.0	off 0.6921381587928314 neg 0.2761796395204031 __DUMMY__ 0.03168220168676554	false	1.0
abdanken	neg 1.0		neg 0.5249316500732312 off 0.4083573166372698 __DUMMY__ 0.06671103328949887	false	1.0
wichtigtuer	off 1.0	off 1.0	off 0.6907114744836259 neg 0.2774603921523406 __DUMMY__ 0.03182813336403346	false	1.0
misslingen	neg 1.0		neg 0.5164256451196823 off 0.41592444178943905 __DUMMY__ 0.06764991309087867	false	1.0
untreu	off 1.0		neg 0.5157816852023889 off 0.417596285632304 __DUMMY__ 0.06662202916530727	false	0.5
missmutig	neg 1.0		neg 0.5153454424559147 off 0.4177169172825927 __DUMMY__ 0.06693764026149267	false	1.0
hurenbock	off 1.0		neg 0.5191021360940586 off 0.4137701353966286 __DUMMY__ 0.0671277285093129	false	0.5
betrunken	neg 1.0		neg 0.5113321278522309 off 0.4216672913019552 __DUMMY__ 0.06700058084581403	false	1.0
korrupt	off 1.0		neg 0.5286242165662839 off 0.40492847113179786 __DUMMY__ 0.06644731230191822	false	0.5
unmut	neg 1.0		neg 0.5304860899757586 off 0.40228038167193175 __DUMMY__ 0.0672335283523096	false	1.0
hackfresse	off 1.0		neg 0.5086505024555097 off 0.4251193021353045 __DUMMY__ 0.06623019540918586	false	0.5
aufblasen	neg 1.0		neg 0.5181619736229652 off 0.4145878472444401 __DUMMY__ 0.0672501791325946	false	1.0
gewaltsam	neg 1.0		neg 0.52310529606324 off 0.40989803868372865 __DUMMY__ 0.06699666525303126	false	1.0
unbeliebtheit	neg 1.0		neg 0.5223139359518658 off 0.4117244493849621 __DUMMY__ 0.06596161466317213	false	1.0
sturheit	neg 1.0		neg 0.5235584626043216 off 0.40949489716612925 __DUMMY__ 0.06694664022954908	false	1.0
kuh	neg 1.0		neg 0.5235309505766996 off 0.40989638094099123 __DUMMY__ 0.06657266848230925	false	1.0
erschrecken	neg 1.0		neg 0.5158320136451092 off 0.41715011898486803 __DUMMY__ 0.0670178673700229	false	1.0
opfer	neg 1.0		neg 0.5247473979449212 off 0.407988219263808 __DUMMY__ 0.0672643827912708	false	1.0
sinken	neg 1.0		neg 0.5283627309218546 off 0.40420057736226356 __DUMMY__ 0.06743669171588187	false	1.0
stinktier	neg 1.0		neg 0.5127390362365598 off 0.4210403167962116 __DUMMY__ 0.06622064696722858	false	1.0
tucke	off 1.0		neg 0.5114308993525843 off 0.422890188129934 __DUMMY__ 0.06567891251748177	false	0.5
ein			neg 0.5185145477011377 off 0.41415759765324384 __DUMMY__ 0.06732785464561855	false	0.0
abstieg	neg 1.0		neg 0.5245941303067733 off 0.4079223340262929 __DUMMY__ 0.06748353566693384	false	1.0
missverstehen	neg 1.0		neg 0.5201186052415242 off 0.41319525720057687 __DUMMY__ 0.06668613755789879	false	1.0
ergebnislos	neg 1.0		neg 0.5266787175169068 off 0.4061457413558143 __DUMMY__ 0.06717554112727901	false	1.0
unter			neg 0.5297904245855254 off 0.4019655005720043 __DUMMY__ 0.06824407484247036	false	0.0
manipulieren	neg 1.0		neg 0.5272652556529612 off 0.4055522603509475 __DUMMY__ 0.06718248399609122	false	1.0
unbewiesen	neg 1.0		neg 0.5272910360503665 off 0.4065935003925466 __DUMMY__ 0.06611546355708689	false	1.0
verschleppen	neg 1.0		neg 0.5256216334638676 off 0.40737024101737307 __DUMMY__ 0.0670081255187593	false	1.0
weib	off 1.0		neg 0.5094567574254665 off 0.42442313013772454 __DUMMY__ 0.06612011243680897	false	0.5
opposition	neg 1.0		neg 0.521877335650676 off 0.41151721357936655 __DUMMY__ 0.06660545076995744	false	1.0
verkehrswidrig	neg 1.0	neg 1.0	neg 0.7400210349717474 off 0.2276533242245692 __DUMMY__ 0.032325640803683386	false	1.0
inkorrekt	neg 1.0		neg 0.5175848499312307 off 0.4163265285690641 __DUMMY__ 0.0660886214997053	false	1.0
vermeiden	neg 1.0		neg 0.5297409450218894 off 0.4024924493488635 __DUMMY__ 0.06776660562924718	false	1.0
abweichung	neg 1.0	neg 1.0	neg 0.750606598909164 off 0.21730871931400617 __DUMMY__ 0.03208468177682985	false	1.0
alkoholisiert	neg 1.0		neg 0.5202554832691395 off 0.411500266241251 __DUMMY__ 0.06824425048960947	false	1.0
scheiss	off 1.0	off 1.0	off 0.6933350755503239 neg 0.27480376709373644 __DUMMY__ 0.03186115735593963	false	1.0
herausforderung	neg 1.0	neg 1.0	neg 0.7483290635519938 off 0.21912116656720976 __DUMMY__ 0.032549769880796366	false	1.0
pervers	off 1.0		neg 0.5057306320776574 off 0.42823923288056587 __DUMMY__ 0.06603013504177664	false	0.5
wackelig	neg 1.0		neg 0.5200703248186833 off 0.41215914852546837 __DUMMY__ 0.06777052665584837	false	1.0
verwickeln	neg 1.0		neg 0.5198602961742719 off 0.4133906446422921 __DUMMY__ 0.06674905918343595	false	1.0
vorwand	neg 1.0		neg 0.5282305330512328 off 0.4045709729676479 __DUMMY__ 0.06719849398111918	false	1.0
muschi	off 1.0		neg 0.5239402948752209 off 0.4090601405234162 __DUMMY__ 0.06699956460136305	false	0.5
entmutigung	neg 1.0		neg 0.5234136841958436 off 0.4101340188467168 __DUMMY__ 0.06645229695743968	false	1.0
unangemessen	neg 1.0		neg 0.5252320108241784 off 0.40790869664274243 __DUMMY__ 0.06685929253307908	false	1.0
unstetig	neg 1.0		neg 0.5209915630178085 off 0.4120925599277459 __DUMMY__ 0.0669158770544457	false	1.0
entmutigen	neg 1.0		neg 0.5192259636050454 off 0.4136823707804775 __DUMMY__ 0.06709166561447716	false	1.0
schwanz	neg 1.0		neg 0.5268782411878394 off 0.40593552055251514 __DUMMY__ 0.06718623825964536	false	1.0
verbot	neg 1.0		neg 0.5278349426337711 off 0.4055180815279729 __DUMMY__ 0.06664697583825603	false	1.0
leid	neg 1.0		neg 0.5098374718635992 off 0.4236221422831583 __DUMMY__ 0.06654038585324264	false	1.0
archaisch	neg 1.0		neg 0.5237045199565333 off 0.4091742375176238 __DUMMY__ 0.06712124252584295	false	1.0
gegen			neg 0.5275311185789459 off 0.4050005125773516 __DUMMY__ 0.06746836884370247	false	0.0
scheidung	neg 1.0		neg 0.5012096259541902 off 0.4327387420135099 __DUMMY__ 0.0660516320322998	false	1.0
einschlag	neg 1.0	neg 1.0	neg 0.7432059461133473 off 0.22492135007634337 __DUMMY__ 0.03187270381030934	false	1.0
m			neg 0.5227006940907545 off 0.4099676926480741 __DUMMY__ 0.06733161326117149	false	0.0
abgestanden	neg 1.0		neg 0.5207350350149254 off 0.4122692994444289 __DUMMY__ 0.06699566554064579	false	1.0
schmierig	off 1.0		neg 0.5103382090711271 off 0.42308896136337243 __DUMMY__ 0.06657282956550041	false	0.5
unpraktisch	neg 1.0		neg 0.5180823619193038 off 0.41458147766737496 __DUMMY__ 0.06733616041332131	false	1.0
wixxer	off 1.0		neg 0.5068639365941514 off 0.42723649497874006 __DUMMY__ 0.06589956842710862	false	0.5
bezeichnet			neg 0.5228645435811923 off 0.41021871953014727 __DUMMY__ 0.06691673688866051	false	0.0
jammerlappen	off 1.0		neg 0.5164817959174232 off 0.4167715754660191 __DUMMY__ 0.06674662861655761	false	0.5
farce	neg 1.0		neg 0.52722968517855 off 0.40620643564497466 __DUMMY__ 0.06656387917647524	false	1.0
zwecklos	neg 1.0		neg 0.5245593021170525 off 0.408468420130254 __DUMMY__ 0.06697227775269358	false	1.0
turbulent	neg 1.0		neg 0.5173512366921557 off 0.41614305312910327 __DUMMY__ 0.06650571017874111	false	1.0
invasion	neg 1.0		neg 0.5181628530226734 off 0.41480103235675914 __DUMMY__ 0.06703611462056745	false	1.0
schuld	neg 1.0		neg 0.5204658198802209 off 0.4125351822167958 __DUMMY__ 0.06699899790298337	false	1.0
risiko	neg 1.0		neg 0.5199077321935162 off 0.4128582561590848 __DUMMY__ 0.0672340116473991	false	1.0
finster	neg 1.0		neg 0.5189106327976165 off 0.41388597252879156 __DUMMY__ 0.06720339467359202	false	1.0
geisteskrank	off 1.0		neg 0.5160878775691463 off 0.4174693056713572 __DUMMY__ 0.06644281675949634	false	0.5
zusammenbrechen	neg 1.0		neg 0.5216870283964712 off 0.41100100566438785 __DUMMY__ 0.06731196593914086	false	1.0
ausbeute	neg 1.0		neg 0.5226272866314993 off 0.40954441660888874 __DUMMY__ 0.067828296759612	false	1.0
hinterhalt	neg 1.0		neg 0.5220912366716344 off 0.41055506105237366 __DUMMY__ 0.0673537022759921	false	1.0
kritik	neg 1.0		neg 0.5270747608133725 off 0.4062992983752319 __DUMMY__ 0.06662594081139561	false	1.0
einschrumpfen	neg 1.0		neg 0.5218522212507013 off 0.411818134788397 __DUMMY__ 0.06632964396090164	false	1.0
riskant	neg 1.0		neg 0.5264085831861923 off 0.4065410384620356 __DUMMY__ 0.0670503783517722	false	1.0
frustrieren	neg 1.0		neg 0.5252049079649195 off 0.407602394346543 __DUMMY__ 0.0671926976885377	false	1.0
groll	neg 1.0		neg 0.5238224905069027 off 0.40902336701454245 __DUMMY__ 0.06715414247855479	false	1.0
gibt			neg 0.5230229852118043 off 0.40979924583284766 __DUMMY__ 0.06717776895534798	false	0.0
qualvoll	neg 1.0		neg 0.516010767720155 off 0.4168330544237189 __DUMMY__ 0.06715617785612628	false	1.0
wackeln	neg 1.0	neg 1.0	neg 0.7464067546697977 off 0.2213798985455765 __DUMMY__ 0.032213346784625896	false	1.0
klagen	neg 1.0		neg 0.5295371672469822 off 0.403184254488042 __DUMMY__ 0.06727857826497578	false	1.0
bankrott	neg 1.0		neg 0.5167567445425446 off 0.41631681623428446 __DUMMY__ 0.06692643922317087	false	1.0
trauern	neg 1.0		neg 0.5235299282495289 off 0.40897364330501135 __DUMMY__ 0.06749642844545975	false	1.0
ablehnung	neg 1.0		neg 0.5272325170965352 off 0.4061729629504528 __DUMMY__ 0.06659451995301183	false	1.0
stur	neg 1.0		neg 0.5202029629271525 off 0.4128894392126286 __DUMMY__ 0.06690759786021902	false	1.0
aufruhr	neg 1.0		neg 0.5234053308701588 off 0.4096229480374662 __DUMMY__ 0.06697172109237497	false	1.0
melancholie	neg 1.0		neg 0.5222480995695541 off 0.4103205945667891 __DUMMY__ 0.06743130586365684	false	1.0
ist			neg 0.5189716704628264 off 0.4139907409735486 __DUMMY__ 0.06703758856362502	false	0.0
torheit	neg 1.0		neg 0.5226845839640789 off 0.41062547366189045 __DUMMY__ 0.06668994237403077	false	1.0
dreckskind	off 1.0		neg 0.5115457452193731 off 0.42233578775293174 __DUMMY__ 0.06611846702769517	false	0.5
umtauschen	neg 1.0		neg 0.5207588315677827 off 0.4120179224857352 __DUMMY__ 0.06722324594648196	false	1.0
zum			neg 0.5252787097351881 off 0.4062880001036772 __DUMMY__ 0.06843329016113472	false	0.0
zersetzen	neg 1.0		neg 0.5286329486787786 off 0.4043812720382624 __DUMMY__ 0.06698577928295887	false	1.0
zur			neg 0.5305375295269663 off 0.4016932817365423 __DUMMY__ 0.06776918873649158	false	0.0
frust	neg 1.0		neg 0.521876340418936 off 0.4108042756214512 __DUMMY__ 0.06731938395961272	false	1.0
unerbittlichkeit	neg 1.0		neg 0.5278696523763293 off 0.40505033685411096 __DUMMY__ 0.0670800107695598	false	1.0
zwei			neg 0.5242215812190039 off 0.4076309287048626 __DUMMY__ 0.06814749007613347	false	0.0
unkorrekt	neg 1.0		neg 0.5160689870313155 off 0.41773430547521373 __DUMMY__ 0.06619670749347085	false	1.0
hexe	off 1.0		neg 0.5153105899245602 off 0.4179151287874641 __DUMMY__ 0.0667742812879757	false	0.5
lasch	neg 1.0		neg 0.5191203203020831 off 0.4142857640930596 __DUMMY__ 0.06659391560485733	false	1.0
rivale	neg 1.0		neg 0.5122340336264173 off 0.42093300135372436 __DUMMY__ 0.06683296501985836	false	1.0
mutlos	off 1.0	off 1.0	off 0.6864693799795074 neg 0.2816415943275476 __DUMMY__ 0.03188902569294498	false	1.0
wirr	off 1.0		neg 0.515320704449005 off 0.4184300549795299 __DUMMY__ 0.0662492405714652	false	0.5
jahr			neg 0.5221333652952989 off 0.40977518510183314 __DUMMY__ 0.06809144960286793	false	0.0
wird			neg 0.5237737631706783 off 0.4088860786496616 __DUMMY__ 0.06734015817966016	false	0.0
strafbar	neg 1.0		neg 0.5269159716541383 off 0.40613088744550757 __DUMMY__ 0.06695314090035406	false	1.0
erosion	neg 1.0		neg 0.5194676145761673 off 0.41330176377041783 __DUMMY__ 0.06723062165341483	false	1.0
eingehen	neg 1.0		neg 0.5256780697864467 off 0.4073749536799008 __DUMMY__ 0.06694697653365243	false	1.0
faul	off 1.0		neg 0.5158445863011223 off 0.4171581884960644 __DUMMY__ 0.0669972252028132	false	0.5
provisorium	neg 1.0		neg 0.5320054120378148 off 0.4000447108946328 __DUMMY__ 0.06794987706755241	false	1.0
schmerzen	neg 1.0		neg 0.5205952302229467 off 0.4122365432229265 __DUMMY__ 0.06716822655412677	false	1.0
schrumpfen	neg 1.0		neg 0.531922129210085 off 0.4006225220173021 __DUMMY__ 0.06745534877261306	false	1.0
geistlos	off 1.0		neg 0.5229723045004167 off 0.4107875183194385 __DUMMY__ 0.0662401771801447	false	0.5
fehlkauf	neg 1.0		neg 0.5206179897477655 off 0.4125790579091082 __DUMMY__ 0.06680295234312636	false	1.0
frustrierend	neg 1.0		neg 0.5155354040863538 off 0.4173630446509537 __DUMMY__ 0.06710155126269259	false	1.0
unzufrieden	neg 1.0		neg 0.5245912222629994 off 0.4084100866158665 __DUMMY__ 0.06699869112113425	false	1.0
verzweifeln	neg 1.0		neg 0.5212397548391716 off 0.4115885789336813 __DUMMY__ 0.06717166622714715	false	1.0
verzweifelt	neg 1.0		neg 0.5200839528768378 off 0.4130041564276245 __DUMMY__ 0.06691189069553755	false	1.0
misstrauensantrag	neg 1.0		neg 0.5205179613224235 off 0.41279694020123475 __DUMMY__ 0.06668509847634166	false	1.0
abfallen	neg 1.0		neg 0.5172465866290438 off 0.41534358017469547 __DUMMY__ 0.06740983319626075	false	1.0
fucker	off 1.0		neg 0.5152686859306206 off 0.41823676339578 __DUMMY__ 0.06649455067359931	false	0.5
ungezogen	neg 1.0		neg 0.5061195853178332 off 0.42755861985103805 __DUMMY__ 0.06632179483112878	false	1.0
irrsinnig	neg 1.0	neg 1.0	neg 0.7480192010079253 off 0.22008899341728846 __DUMMY__ 0.03189180557478627	false	1.0
unfassbar	neg 1.0		neg 0.5152567284848398 off 0.41796828610851217 __DUMMY__ 0.06677498540664813	false	1.0
hart	neg 1.0		neg 0.5191291690149066 off 0.41422552779900934 __DUMMY__ 0.06664530318608415	false	1.0
widerlich	off 1.0		neg 0.5160939689183881 off 0.41745553466861895 __DUMMY__ 0.06645049641299311	false	0.5
fatal	neg 1.0		neg 0.520041045260234 off 0.4131257354904314 __DUMMY__ 0.06683321924933464	false	1.0
bruch	neg 1.0		neg 0.5299747479764247 off 0.4028605241984793 __DUMMY__ 0.06716472782509586	false	1.0
aushungern	neg 1.0		neg 0.5255215377979258 off 0.40780229464019896 __DUMMY__ 0.06667616756187511	false	1.0
anspannung	neg 1.0	neg 1.0	neg 0.7506818119883665 off 0.21665135926038062 __DUMMY__ 0.03266682875125286	false	1.0
von			neg 0.5240357622395067 off 0.40802160931351295 __DUMMY__ 0.06794262844698028	false	0.0
kraftlos	neg 1.0		neg 0.5211261948174972 off 0.4113419038041041 __DUMMY__ 0.06753190137839853	false	1.0
vom			neg 0.5283276138157103 off 0.40328698454427625 __DUMMY__ 0.06838540164001347	false	0.0
grenzdebil	off 1.0		neg 0.5141110395096554 off 0.41914597497048456 __DUMMY__ 0.0667429855198601	false	0.5
vor			neg 0.5263137437267916 off 0.40618924528038347 __DUMMY__ 0.06749701099282489	false	0.0
unterwerfen	neg 1.0		neg 0.5253963474281157 off 0.40738564482827117 __DUMMY__ 0.06721800774361325	false	1.0
versenkung	neg 1.0		neg 0.5260716708553372 off 0.406748692844348 __DUMMY__ 0.06717963630031488	false	1.0
entziehen	neg 1.0		neg 0.5285846121827749 off 0.4041264178973992 __DUMMY__ 0.06728896991982593	false	1.0
finanzkrise	neg 1.0		neg 0.5266559466272518 off 0.40688487649592264 __DUMMY__ 0.06645917687682559	false	1.0
schimpfend	neg 1.0		neg 0.5167700547204322 off 0.4157038461524539 __DUMMY__ 0.06752609912711373	false	1.0
profan	neg 1.0		neg 0.5183069296486594 off 0.4148004673515665 __DUMMY__ 0.06689260299977401	false	1.0
korruption	neg 1.0	neg 1.0	neg 0.7518626722301894 off 0.21637586036159054 __DUMMY__ 0.03176146740821996	false	1.0
â			neg 0.524418928310599 off 0.4082966105948214 __DUMMY__ 0.06728446109457965	false	0.0
schmutzig	neg 1.0		neg 0.5143577881662833 off 0.4188135308815982 __DUMMY__ 0.06682868095211855	false	1.0
sexy	neg 1.0		neg 0.5176068804221859 off 0.41550283615747613 __DUMMY__ 0.06689028342033783	false	1.0
abraten	neg 1.0		neg 0.5192210958236702 off 0.4138170789641692 __DUMMY__ 0.06696182521216065	false	1.0
schwarz	neg 1.0		neg 0.5205240129471151 off 0.41259909661608307 __DUMMY__ 0.06687689043680177	false	1.0
fotze	off 1.0		neg 0.5264954870349019 off 0.4064601875835475 __DUMMY__ 0.06704432538155078	false	0.5
verwirren	neg 1.0		neg 0.517872452861133 off 0.4152054173705412 __DUMMY__ 0.06692212976832569	false	1.0
zahnlos	off 1.0		neg 0.5250135059518687 off 0.40805719622532743 __DUMMY__ 0.06692929782280377	false	0.5
verheeren	neg 1.0		neg 0.5056490106588437 off 0.4281138536315832 __DUMMY__ 0.06623713570957325	false	1.0
hippie	neg 1.0		neg 0.5187342248241701 off 0.4144441215706167 __DUMMY__ 0.06682165360521321	false	1.0
rammen	neg 1.0		neg 0.5220004757684945 off 0.41123105539813354 __DUMMY__ 0.06676846883337183	false	1.0
unlauter	neg 1.0		neg 0.5249798875339611 off 0.4086513381301653 __DUMMY__ 0.06636877433587347	false	1.0
unheilvoll	neg 1.0		neg 0.5166341843595741 off 0.4160856431375799 __DUMMY__ 0.06728017250284617	false	1.0
niedrig	neg 1.0		neg 0.5269111674952233 off 0.40592743412549526 __DUMMY__ 0.06716139837928149	false	1.0
explosion	neg 1.0		neg 0.5195507004632777 off 0.4136514699522027 __DUMMY__ 0.06679782958451962	false	1.0
weichei	off 1.0		neg 0.5106316979395424 off 0.42313361166928765 __DUMMY__ 0.06623469039117	false	0.5
minusmensch	off 1.0		neg 0.5108522661900381 off 0.42368015422419725 __DUMMY__ 0.0654675795857647	false	0.5
farblos	neg 1.0		neg 0.5192447646888774 off 0.413137431739407 __DUMMY__ 0.06761780357171564	false	1.0
unwissend	neg 1.0	neg 1.0	neg 0.7454455878410786 off 0.22275185554747012 __DUMMY__ 0.03180255661145135	false	1.0
traurig	neg 1.0		neg 0.5114335341067274 off 0.421813615953018 __DUMMY__ 0.06675284994025459	false	1.0
senkung	neg 1.0		neg 0.5208668394580204 off 0.4126085891044073 __DUMMY__ 0.0665245714375723	false	1.0
ungleich	neg 1.0	neg 1.0	neg 0.7518106612649176 off 0.21628528771823496 __DUMMY__ 0.031904051016847505	false	1.0
heikel	neg 1.0		neg 0.5278495619531671 off 0.4050840390928586 __DUMMY__ 0.06706639895397414	false	1.0
drosselung	neg 1.0		neg 0.5148766598991379 off 0.4183862838220763 __DUMMY__ 0.06673705627878576	false	1.0
falsch	neg 1.0		neg 0.516650280005991 off 0.41648003762848557 __DUMMY__ 0.06686968236552353	false	1.0
unzufriedenheit	neg 1.0		neg 0.5279641734512284 off 0.40485497328813946 __DUMMY__ 0.06718085326063214	false	1.0
kurz	neg 1.0		neg 0.5201220060625114 off 0.41229842738040373 __DUMMY__ 0.06757956655708497	false	1.0
unsinnig	neg 1.0		neg 0.5251327832835404 off 0.40807143401291623 __DUMMY__ 0.0667957827035434	false	1.0
penner	off 1.0	off 1.0	off 0.697314684325139 neg 0.27113727483994515 __DUMMY__ 0.0315480408349158	false	1.0
seicht	neg 1.0		neg 0.5090022699664009 off 0.4251005573117725 __DUMMY__ 0.06589717272182666	false	1.0
dummheit	off 1.0	off 1.0	off 0.6906175033785767 neg 0.27762061313762854 __DUMMY__ 0.03176188348379472	false	1.0
unerfreulich	neg 1.0		neg 0.5273540988333344 off 0.4053037731944703 __DUMMY__ 0.0673421279721953	false	1.0
motherfucker	off 1.0	off 1.0	off 0.6930030350385726 neg 0.2753633269187431 __DUMMY__ 0.03163363804268428	false	1.0
pikiert	neg 1.0		neg 0.5176028359830648 off 0.4159514687379937 __DUMMY__ 0.06644569527894151	false	1.0
wrack	neg 1.0		neg 0.5225770156497133 off 0.4097153170355647 __DUMMY__ 0.0677076673147221	false	1.0
gangster	neg 1.0		neg 0.5186443110578733 off 0.4144428261241799 __DUMMY__ 0.06691286281794687	false	1.0
krank	neg 1.0		neg 0.5123770191060556 off 0.4206587092366862 __DUMMY__ 0.06696427165725828	false	1.0
reich	neg 1.0		neg 0.5181941380171378 off 0.41519234516426695 __DUMMY__ 0.0666135168185954	false	1.0
gnadenlos	neg 1.0		neg 0.5201790389069917 off 0.41277581629494253 __DUMMY__ 0.06704514479806584	false	1.0
niedergeschlagen	neg 1.0		neg 0.5212407704994776 off 0.4114062096361333 __DUMMY__ 0.06735301986438919	false	1.0
terrorisieren	off 1.0	off 1.0	off 0.6875752142687677 neg 0.2803743380367638 __DUMMY__ 0.03205044769446858	false	1.0
sinnlosigkeit	neg 1.0		neg 0.5238600025931387 off 0.40906314027754886 __DUMMY__ 0.06707685712931241	false	1.0
behindern	neg 1.0		neg 0.5231856701785386 off 0.4098844795883748 __DUMMY__ 0.06692985023308648	false	1.0
undemokratisch	neg 1.0		neg 0.5240692437088224 off 0.4094554551471154 __DUMMY__ 0.06647530114406226	false	1.0
wirtschaftskrise	neg 1.0		neg 0.5275376935360075 off 0.4056579441958929 __DUMMY__ 0.06680436226809963	false	1.0
neid	neg 1.0		neg 0.5129307719471876 off 0.41974271165986893 __DUMMY__ 0.06732651639294347	false	1.0
rutschen	neg 1.0	neg 1.0	neg 0.7496182452182538 off 0.21776514133445726 __DUMMY__ 0.03261661344728888	false	1.0
rezession	neg 1.0		neg 0.5158307050808483 off 0.4182505867440058 __DUMMY__ 0.06591870817514592	false	1.0
fehlgeburt	neg 1.0		neg 0.5177863632496773 off 0.41504321808616146 __DUMMY__ 0.06717041866416135	false	1.0
charakterschwach	off 1.0		neg 0.5156688529840211 off 0.41773369683757283 __DUMMY__ 0.0665974501784062	false	0.5
isolation	neg 1.0		neg 0.515714425750873 off 0.41720672509095613 __DUMMY__ 0.06707884915817075	false	1.0
ablenkung	neg 1.0		neg 0.520186372834116 off 0.4126543089233772 __DUMMY__ 0.06715931824250679	false	1.0
pech	neg 1.0		neg 0.5160320587710407 off 0.41694157175472335 __DUMMY__ 0.06702636947423597	false	1.0
vermeidung	neg 1.0		neg 0.5160943200540035 off 0.41742679471457733 __DUMMY__ 0.0664788852314192	false	1.0
dominieren	neg 1.0		neg 0.5223842840034353 off 0.40999360368854465 __DUMMY__ 0.06762211230802015	false	1.0
schwindlig	neg 1.0		neg 0.5157872504536486 off 0.4168441608752618 __DUMMY__ 0.06736858867108944	false	1.0
lutscher	neg 1.0	neg 1.0	neg 0.7409716272699689 off 0.22761476841360573 __DUMMY__ 0.031413604316425404	false	1.0
pflicht	neg 1.0		neg 0.5273545802770584 off 0.4054632085833439 __DUMMY__ 0.06718221113959777	false	1.0
faschist	off 1.0		neg 0.5213983948054094 off 0.4121748229755641 __DUMMY__ 0.06642678221902655	false	0.5
verschleudern	neg 1.0		neg 0.5300221361126991 off 0.40341524985958016 __DUMMY__ 0.06656261402772076	false	1.0
wenn			neg 0.5162284493625091 off 0.41688164030856933 __DUMMY__ 0.06688991032892155	false	0.0
ehebruch	neg 1.0		neg 0.5262236425600321 off 0.40679833278544103 __DUMMY__ 0.06697802465452693	false	1.0
spott	off 1.0		neg 0.5274345784968016 off 0.40566405002133227 __DUMMY__ 0.06690137148186599	false	0.5
trostlosigkeit	neg 1.0		neg 0.5283375998003164 off 0.4043861525328921 __DUMMY__ 0.06727624766679144	false	1.0
lutschen	neg 1.0		neg 0.5207841628419183 off 0.4126139531830017 __DUMMY__ 0.06660188397507982	false	1.0
undiszipliniert	neg 1.0		neg 0.5128215924755797 off 0.42045921062340036 __DUMMY__ 0.06671919690101982	false	1.0
kopfschmerz	neg 1.0		neg 0.5210447845391403 off 0.4115641995442856 __DUMMY__ 0.06739101591657415	false	1.0
unvorhergesehen	neg 1.0		neg 0.5212695833773531 off 0.41088163234918507 __DUMMY__ 0.06784878427346196	false	1.0
desinteressiert	neg 1.0		neg 0.5140595962099094 off 0.4193845001975911 __DUMMY__ 0.06655590359249951	false	1.0
armselig	off 1.0		neg 0.5145966328750247 off 0.4191341057513036 __DUMMY__ 0.06626926137367177	false	0.5
desaster	neg 1.0		neg 0.5306669075257285 off 0.40216042503621374 __DUMMY__ 0.06717266743805775	false	1.0
tod	neg 1.0		neg 0.5243218828822739 off 0.4083916412372426 __DUMMY__ 0.06728647588048348	false	1.0
herzlos	neg 1.0		neg 0.5126824638561438 off 0.42085738155822056 __DUMMY__ 0.06646015458563558	false	1.0
unwissenheit	neg 1.0		neg 0.5261538089981386 off 0.40707387542883333 __DUMMY__ 0.06677231557302797	false	1.0
widersinnig	neg 1.0	neg 1.0	neg 0.7513709401929843 off 0.2169143047009744 __DUMMY__ 0.031714755106041236	false	1.0
bedenklich	neg 1.0		neg 0.5263374397753839 off 0.4066629370208788 __DUMMY__ 0.06699962320373727	false	1.0
beanstanden	neg 1.0		neg 0.5279377104934503 off 0.4048378068396734 __DUMMY__ 0.06722448266687626	false	1.0
panisch	neg 1.0	neg 1.0	neg 0.7444852497458894 off 0.22324512389183224 __DUMMY__ 0.03226962636227831	false	1.0
debil	off 1.0		neg 0.5324213757888812 off 0.40002338681843524 __DUMMY__ 0.06755523739268367	false	0.5
abstrich	neg 1.0		neg 0.5253868438332615 off 0.407587562440816 __DUMMY__ 0.06702559372592258	false	1.0
primitiv	neg 1.0		neg 0.5155345788385848 off 0.4180139176334659 __DUMMY__ 0.06645150352794917	false	1.0
abschaum	off 1.0	off 1.0	off 0.6921346140422614 neg 0.2761111316053068 __DUMMY__ 0.03175425435243177	false	1.0
provozieren	neg 1.0		neg 0.5214493837415679 off 0.41167038436050546 __DUMMY__ 0.06688023189792663	false	1.0
tot	neg 1.0		neg 0.5251167604300712 off 0.40763739999933474 __DUMMY__ 0.06724583957059406	false	1.0
instabil	neg 1.0		neg 0.5174888187060415 off 0.4163274765316985 __DUMMY__ 0.06618370476226004	false	1.0
schwuchtel	off 1.0		neg 0.5044489572093674 off 0.43002493149328935 __DUMMY__ 0.06552611129734323	false	0.5
zerren	neg 1.0		neg 0.5209406078893952 off 0.4116735437008764 __DUMMY__ 0.06738584840972854	false	1.0
kinderficker	off 1.0		neg 0.5124701699705905 off 0.42144004666683943 __DUMMY__ 0.06608978336257011	false	0.5
gefahr	neg 1.0		neg 0.5277996533040075 off 0.4050036865595042 __DUMMY__ 0.0671966601364883	false	1.0
rabiat	neg 1.0		neg 0.5224123990340298 off 0.4107199511365571 __DUMMY__ 0.06686764982941298	false	1.0
verlangsamung	neg 1.0		neg 0.5108309032814529 off 0.4231779423723199 __DUMMY__ 0.06599115434622706	false	1.0
ausgestorben	neg 1.0		neg 0.5206347670027274 off 0.4120829116704206 __DUMMY__ 0.06728232132685212	false	1.0
anklagen	neg 1.0		neg 0.5252346022901252 off 0.4079318131251876 __DUMMY__ 0.06683358458468727	false	1.0
trott	neg 1.0		neg 0.5214146217311927 off 0.4114127953761123 __DUMMY__ 0.06717258289269502	false	1.0
verminderung	neg 1.0		neg 0.5144239239980208 off 0.4190080985225832 __DUMMY__ 0.06656797747939597	false	1.0
nach			neg 0.5257193850033779 off 0.4059893829984266 __DUMMY__ 0.06829123199819545	false	0.0
rost	neg 1.0		neg 0.5105881452372578 off 0.42312882372591387 __DUMMY__ 0.06628303103682841	false	1.0
destruktiv	neg 1.0		neg 0.5241913441413464 off 0.40912370845828827 __DUMMY__ 0.06668494740036546	false	1.0
unzumutbarkeit	neg 1.0		neg 0.5156403210860911 off 0.4174368024374383 __DUMMY__ 0.06692287647647038	false	1.0
labil	off 1.0	off 1.0	off 0.6920100125965485 neg 0.2762402258612922 __DUMMY__ 0.03174976154215937	false	1.0
ziemlich	neg 1.0		neg 0.5136576092787294 off 0.41940243213555983 __DUMMY__ 0.06693995858571095	false	1.0
lachnummer	off 1.0		neg 0.5224359945037956 off 0.4106383904373636 __DUMMY__ 0.06692561505884073	false	0.5
oder			neg 0.5191115188097384 off 0.4135627241052277 __DUMMY__ 0.06732575708503388	false	0.0
verfall	neg 1.0		neg 0.5329228955554353 off 0.39977335902122446 __DUMMY__ 0.06730374542334035	false	1.0
ausgrenzung	neg 1.0		neg 0.5238739437747572 off 0.4097691325430922 __DUMMY__ 0.0663569236821505	false	1.0
unordnung	neg 1.0		neg 0.5152448518422479 off 0.4179277901827754 __DUMMY__ 0.06682735797497674	false	1.0
fehlverhalten	neg 1.0		neg 0.5280440684528983 off 0.40494033693709675 __DUMMY__ 0.06701559461000492	false	1.0
eine			neg 0.5265417113647994 off 0.4060847832746181 __DUMMY__ 0.06737350536058248	false	0.0
nille	neg 1.0		neg 0.5231221491919779 off 0.4098390327418758 __DUMMY__ 0.06703881806614632	false	1.0
qual	neg 1.0		neg 0.5220258667051866 off 0.41085455898261336 __DUMMY__ 0.06711957431219998	false	1.0
verschwenden	neg 1.0		neg 0.5254673412779396 off 0.4075026317627699 __DUMMY__ 0.06703002695929051	false	1.0
riesig	neg 1.0	neg 1.0	neg 0.749539332931729 off 0.21828003307962646 __DUMMY__ 0.032180633988644416	false	1.0
verurteilen	neg 1.0		neg 0.5256138578658707 off 0.40751790467015214 __DUMMY__ 0.06686823746397723	false	1.0
klischee	neg 1.0	neg 1.0	neg 0.7470959119542289 off 0.2211671383652005 __DUMMY__ 0.03173694968057065	false	1.0
diktatorisch	neg 1.0		neg 0.5247995071773873 off 0.40895265470621056 __DUMMY__ 0.06624783811640203	false	1.0
vorhersehbar	neg 1.0	neg 1.0	neg 0.7471369191479114 off 0.22105190359574434 __DUMMY__ 0.03181117725634429	false	1.0
sowie			neg 0.5122554662055683 off 0.4216076826142311 __DUMMY__ 0.06613685118020053	false	0.0
stornieren	neg 1.0		neg 0.516274313167648 off 0.416031317698923 __DUMMY__ 0.06769436913342908	false	1.0
besteuerung	neg 1.0		neg 0.5239864294292153 off 0.4095213148492607 __DUMMY__ 0.06649225572152401	false	1.0
ungeschminkt	neg 1.0		neg 0.5161519248158944 off 0.41735498229235174 __DUMMY__ 0.06649309289175379	false	1.0
kritisch	neg 1.0		neg 0.5262329031999885 off 0.4067040842526894 __DUMMY__ 0.06706301254732197	false	1.0
schlamperei	off 1.0		neg 0.528901786060754 off 0.404216170048123 __DUMMY__ 0.06688204389112293	false	0.5
sucht	neg 1.0	neg 1.0	neg 0.7480869172728422 off 0.21987709517066106 __DUMMY__ 0.032035987556496816	false	1.0
egoistisch	off 1.0		neg 0.5095105861830092 off 0.4240531866931436 __DUMMY__ 0.06643622712384734	false	0.5
ausbeuter	off 1.0		neg 0.5294893786833416 off 0.40369510103197603 __DUMMY__ 0.06681552028468225	false	0.5
arschgeburt	off 1.0		neg 0.5047719311458947 off 0.4297744391525886 __DUMMY__ 0.06545362970151677	false	0.5
schubs	neg 1.0	neg 1.0	neg 0.7481788767471383 off 0.2195673497800905 __DUMMY__ 0.03225377347277112	false	1.0
unsolide	neg 1.0		neg 0.526239365290379 off 0.4078644918019094 __DUMMY__ 0.06589614290771156	false	1.0
beschwerde	neg 1.0		neg 0.5289710234581485 off 0.40420139918980685 __DUMMY__ 0.0668275773520446	false	1.0
stocken	neg 1.0		neg 0.5271063235238923 off 0.4058962667681777 __DUMMY__ 0.06699740970793014	false	1.0
isolieren	neg 1.0		neg 0.5259222140583998 off 0.40714843081062047 __DUMMY__ 0.06692935513097979	false	1.0
unheilbar	neg 1.0		neg 0.5195909871308999 off 0.413185071794014 __DUMMY__ 0.06722394107508603	false	1.0
pisser	off 1.0		neg 0.5153805321654293 off 0.41818883040010135 __DUMMY__ 0.06643063743446928	false	0.5
löschen	neg 1.0		neg 0.521635332990468 off 0.4113219217652355 __DUMMY__ 0.06704274524429651	false	1.0
durchfallen	neg 1.0		neg 0.5256195081015198 off 0.4075138265961701 __DUMMY__ 0.06686666530231014	false	1.0
wichser	off 1.0		neg 0.5050770849298993 off 0.428807176335749 __DUMMY__ 0.06611573873435173	false	0.5
terror	neg 1.0		neg 0.5176109266860581 off 0.4153351777934838 __DUMMY__ 0.06705389552045819	false	1.0
krass	neg 1.0		neg 0.5121488777351079 off 0.42141982611114703 __DUMMY__ 0.06643129615374506	false	1.0
revolte	neg 1.0	neg 1.0	neg 0.7486820599052821 off 0.21961545370704658 __DUMMY__ 0.03170248638767134	false	1.0
besorgt	neg 1.0		neg 0.520834841019971 off 0.41158251761404063 __DUMMY__ 0.06758264136598831	false	1.0
nachlassen	neg 1.0		neg 0.5257189174676506 off 0.4070176926761313 __DUMMY__ 0.067263389856218	false	1.0
alt	neg 1.0		neg 0.5243920099671575 off 0.4083745990806309 __DUMMY__ 0.06723339095221148	false	1.0
hundesohn	off 1.0		neg 0.5094013995977312 off 0.42479043254843146 __DUMMY__ 0.06580816785383733	false	0.5
als			neg 0.5216003143636994 off 0.4109931999895329 __DUMMY__ 0.06740648564676768	false	0.0
abschreckung	neg 1.0		neg 0.5290796095498397 off 0.40375240022252085 __DUMMY__ 0.0671679902276394	false	1.0
unqualifiziert	neg 1.0		neg 0.5206993605907337 off 0.41288098711189836 __DUMMY__ 0.06641965229736778	false	1.0
abgewichst	off 1.0		neg 0.5230257745381529 off 0.40979892837960713 __DUMMY__ 0.06717529708223992	false	0.5
schwer	neg 1.0		neg 0.5207243595332803 off 0.4121125608073876 __DUMMY__ 0.06716307965933219	false	1.0
bedeutungslosigkeit	neg 1.0		neg 0.527940270978044 off 0.40491761920739544 __DUMMY__ 0.0671421098145606	false	1.0
kapitulation	neg 1.0		neg 0.5295352453153832 off 0.4038658326670689 __DUMMY__ 0.06659892201754807	false	1.0
unscharf	neg 1.0		neg 0.5189008699122084 off 0.41421638847441217 __DUMMY__ 0.06688274161337941	false	1.0
schwinden	neg 1.0		neg 0.5276414973399819 off 0.40514796908237105 __DUMMY__ 0.06721053357764703	false	1.0
versklavung	neg 1.0		neg 0.5251298191547417 off 0.40859662859217694 __DUMMY__ 0.0662735522530813	false	1.0
schlecht	neg 1.0		neg 0.5134739811172353 off 0.4195727533229454 __DUMMY__ 0.06695326555981934	false	1.0
verhasst	neg 1.0		neg 0.5206510291553854 off 0.4124293052755062 __DUMMY__ 0.06691966556910842	false	1.0
beschweren	neg 1.0		neg 0.5188161934343816 off 0.4141551664155318 __DUMMY__ 0.06702864015008664	false	1.0
scheiden	neg 1.0		neg 0.5154993908226341 off 0.41661400904132173 __DUMMY__ 0.06788660013604421	false	1.0
frustriert	neg 1.0		neg 0.5220199189321263 off 0.410791473123545 __DUMMY__ 0.06718860794432863	false	1.0
schimmelig	neg 1.0		neg 0.5250526571331152 off 0.40767299495716036 __DUMMY__ 0.06727434790972453	false	1.0
fisch	neg 1.0		neg 0.5231836670802965 off 0.4089744843026836 __DUMMY__ 0.06784184861701976	false	1.0
schmuggel	neg 1.0		neg 0.5252611318161851 off 0.40715399188421164 __DUMMY__ 0.06758487629960337	false	1.0
auffallen	neg 1.0		neg 0.5180146132522007 off 0.4149810706792069 __DUMMY__ 0.06700431606859233	false	1.0
konkurrenz	neg 1.0	neg 1.0	neg 0.7514373265055574 off 0.21633133473751529 __DUMMY__ 0.032231338756927415	false	1.0
teufelskreis	neg 1.0	neg 1.0	neg 0.7491901671667904 off 0.21888713573367669 __DUMMY__ 0.031922697099532875	false	1.0
aufschreien	neg 1.0		neg 0.5193488267140851 off 0.41383094364638534 __DUMMY__ 0.06682022963952962	false	1.0
schuldner	neg 1.0		neg 0.5275499960250843 off 0.4052694537131397 __DUMMY__ 0.06718055026177587	false	1.0
missgeburt	off 1.0	off 1.0	off 0.695193434243645 neg 0.2733001530449078 __DUMMY__ 0.03150641271144721	false	1.0
arbeitslos	neg 1.0		neg 0.5251113445296931 off 0.40799040570675915 __DUMMY__ 0.06689824976354765	false	1.0
befallen	neg 1.0		neg 0.5255875302073619 off 0.4076523141683126 __DUMMY__ 0.06676015562432543	false	1.0
miesepetrig	off 1.0	off 1.0	off 0.693845791237421 neg 0.2742415453243119 __DUMMY__ 0.031912663438267125	false	1.0
alarmieren	neg 1.0		neg 0.5197883205250188 off 0.4138594833847204 __DUMMY__ 0.06635219609026088	false	1.0
ungeduscht	off 1.0		neg 0.5159374379923832 off 0.41699316808514886 __DUMMY__ 0.06706939392246807	false	0.5
knappheit	neg 1.0		neg 0.5281915751789706 off 0.40503471363817106 __DUMMY__ 0.06677371118285828	false	1.0
schlange	neg 1.0		neg 0.5160600589782581 off 0.4164558638687396 __DUMMY__ 0.06748407715300206	false	1.0
harsch	neg 1.0		neg 0.5095566362886627 off 0.4236955512382036 __DUMMY__ 0.06674781247313384	false	1.0
lang	neg 1.0		neg 0.520982835486482 off 0.41196574580894 __DUMMY__ 0.06705141870457809	false	1.0
ziellos	neg 1.0		neg 0.5220476660946898 off 0.41047773003072924 __DUMMY__ 0.06747460387458112	false	1.0
selbstverliebt	neg 1.0		neg 0.5065788307967254 off 0.427731840825948 __DUMMY__ 0.06568932837732679	false	1.0
beseitigen	neg 1.0	neg 1.0	neg 0.7479585897093651 off 0.21987359674627924 __DUMMY__ 0.03216781354435558	false	1.0
dumm	off 1.0		neg 0.5093818131481412 off 0.4243757853490726 __DUMMY__ 0.06624240150278621	false	0.5
arbeitsloser	neg 1.0		neg 0.5242964417916031 off 0.40847857675543 __DUMMY__ 0.06722498145296697	false	1.0
blitzen	neg 1.0		neg 0.5186196412698817 off 0.4145737324077319 __DUMMY__ 0.06680662632238643	false	1.0
hilflos	neg 1.0		neg 0.5224438657176746 off 0.41033658695119796 __DUMMY__ 0.06721954733112727	false	1.0
eklig	off 1.0		neg 0.508740404725178 off 0.4250551623005398 __DUMMY__ 0.06620443297428213	false	0.5
begriff			neg 0.5238966714149024 off 0.40919831576096344 __DUMMY__ 0.06690501282413411	false	0.0
hungersnot	neg 1.0		neg 0.5247779677667769 off 0.4082912344121788 __DUMMY__ 0.06693079782104444	false	1.0
ungesetzlich	neg 1.0		neg 0.5244768230391317 off 0.40938140672010714 __DUMMY__ 0.06614177024076116	false	1.0
verschwendung	neg 1.0		neg 0.5260575483618966 off 0.40673143796497496 __DUMMY__ 0.06721101367312844	false	1.0
schmerzvoll	neg 1.0		neg 0.5186800526877711 off 0.4142600731014078 __DUMMY__ 0.0670598742108212	false	1.0
vorzeitig	neg 1.0		neg 0.5170059215851059 off 0.4159268515229636 __DUMMY__ 0.06706722689193044	false	1.0
unvollkommenheit	neg 1.0		neg 0.5216428195050925 off 0.4108151944698651 __DUMMY__ 0.0675419860250423	false	1.0
intervenieren	neg 1.0		neg 0.5293936262721644 off 0.4038365679274836 __DUMMY__ 0.06676980580035202	false	1.0
banause	off 1.0		neg 0.5080668992195656 off 0.4260620698646598 __DUMMY__ 0.06587103091577473	false	0.5
rebell	neg 1.0		neg 0.530149275716788 off 0.40256793337608343 __DUMMY__ 0.06728279090712856	false	1.0
unlogisch	neg 1.0		neg 0.5127678318169231 off 0.4207203508231234 __DUMMY__ 0.0665118173599534	false	1.0
leiden	neg 1.0		neg 0.5204208824799577 off 0.41138823649467193 __DUMMY__ 0.06819088102537046	false	1.0
abschaffung	neg 1.0		neg 0.5242790255181052 off 0.4092192721994502 __DUMMY__ 0.06650170228244469	false	1.0
sturz	neg 1.0		neg 0.5212262326759256 off 0.4116684473093799 __DUMMY__ 0.06710532001469445	false	1.0
verkleinerung	neg 1.0		neg 0.5231575045857234 off 0.41071329484172325 __DUMMY__ 0.06612920057255345	false	1.0
schmarotzer	off 1.0		neg 0.5257875869311588 off 0.4073939900314692 __DUMMY__ 0.0668184230373721	false	0.5
bestrafung	neg 1.0		neg 0.5200344016556584 off 0.4130101356260363 __DUMMY__ 0.06695546271830524	false	1.0
achtlos	neg 1.0		neg 0.5194717350392002 off 0.41315537497115123 __DUMMY__ 0.06737288998964856	false	1.0
ungeheuer	neg 1.0		neg 0.5154253136942939 off 0.41728782207857634 __DUMMY__ 0.06728686422712983	false	1.0
unaufrichtig	neg 1.0		neg 0.5218462821857087 off 0.41165580739075963 __DUMMY__ 0.06649791042353162	false	1.0
groggy	neg 1.0		neg 0.5200571950976967 off 0.41325338703017916 __DUMMY__ 0.0666894178721242	false	1.0
verletzlich	neg 1.0		neg 0.5132757580064898 off 0.42000119159823346 __DUMMY__ 0.06672305039527682	false	1.0
ablehnen	neg 1.0		neg 0.526279419751643 off 0.4067841486047325 __DUMMY__ 0.06693643164362457	false	1.0
