unsolidarisch	neg 1.0		__DUMMY__ 0.9182748758192933 neg 0.04802973464219641 off 0.033695389538510236	false	1.0
nachteilig	neg 1.0		__DUMMY__ 0.9241761445656533 neg 0.04545549644743946 off 0.030368358986907155	false	1.0
skeptisch	neg 1.0		__DUMMY__ 0.9252424902637731 neg 0.04484683291234971 off 0.02991067682387711	false	1.0
schrecklich	neg 1.0		__DUMMY__ 0.9217253355463908 off 0.04034876528199136 neg 0.03792589917161783	false	0.5
schlapp	neg 1.0	neg 1.0	neg 0.5052653497899293 __DUMMY__ 0.46137847435285945 off 0.03335617585721119	false	1.0
abfall	neg 1.0		__DUMMY__ 0.9266320472708207 neg 0.04547431003638424 off 0.02789364269279501	false	1.0
widerspenstig	neg 1.0		__DUMMY__ 0.9253190165666769 neg 0.041604916438164795 off 0.03307606699515837	false	1.0
abrupt	neg 1.0		__DUMMY__ 0.929618852932187 neg 0.04059448565045151 off 0.029786661417361446	false	1.0
unwirksam	neg 1.0		__DUMMY__ 0.9197977519809878 neg 0.046996066378335366 off 0.03320618164067693	false	1.0
angreifen	neg 1.0	neg 1.0	neg 0.5108129359080741 __DUMMY__ 0.46168654371628964 off 0.027500520375636297	false	1.0
inkonsistent	neg 1.0		__DUMMY__ 0.9236551543223925 neg 0.04271693290841223 off 0.03362791276919527	false	1.0
abrutschen	neg 1.0		__DUMMY__ 0.9267757070491092 neg 0.04506002524085694 off 0.028164267710033955	false	1.0
unsicher	neg 1.0		__DUMMY__ 0.9253838329016072 neg 0.04110548432033552 off 0.03351068277805724	false	1.0
bauernkind	off 1.0	off 1.0	off 0.5062884016271676 __DUMMY__ 0.4547678682746621 neg 0.038943730098170364	false	1.0
angreifer	neg 1.0		__DUMMY__ 0.92550117142653 neg 0.04010362325271721 off 0.03439520532075286	false	1.0
trennen	neg 1.0		__DUMMY__ 0.9307350880639562 neg 0.039006942334377646 off 0.030257969601666126	false	1.0
schmutz	neg 1.0		__DUMMY__ 0.9270677967976049 neg 0.038798439098238366 off 0.03413376410415676	false	1.0
inkonsistenz	neg 1.0		__DUMMY__ 0.9202709801914728 neg 0.04310620162919294 off 0.03662281817933433	false	1.0
erschreckend	neg 1.0		__DUMMY__ 0.924149045834613 neg 0.043043940377489584 off 0.03280701378789733	false	1.0
ertrinken	neg 1.0		__DUMMY__ 0.9270590299353706 neg 0.04207069581746606 off 0.03087027424716328	false	1.0
pickelface	off 1.0		__DUMMY__ 0.9239160865827671 neg 0.0442282450210182 off 0.03185566839621458	false	0.5
seiner			__DUMMY__ 0.9272494642037079 neg 0.04259683928625492 off 0.030153696510037173	false	0.0
lauch	neg 1.0		__DUMMY__ 0.9244272217193121 neg 0.04762084292081824 off 0.02795193535986964	false	1.0
unwichtig	neg 1.0		__DUMMY__ 0.9220216702864663 neg 0.04100568868021191 off 0.036972641033321756	false	1.0
steuerhinterziehung	neg 1.0		__DUMMY__ 0.9212886942784907 neg 0.04636939374508635 off 0.03234191197642286	false	1.0
schock	neg 1.0		__DUMMY__ 0.9279645172564437 neg 0.03936299149346238 off 0.03267249125009385	false	1.0
beule	neg 1.0		__DUMMY__ 0.9242111164091839 neg 0.03903638819426722 off 0.036752495396548956	false	1.0
vergelten	neg 1.0		__DUMMY__ 0.9243778759145331 off 0.03946643885107571 neg 0.03615568523439112	false	0.5
verdorbenheit	neg 1.0		__DUMMY__ 0.9254210746889504 neg 0.04207341328807671 off 0.03250551202297297	false	1.0
trauma	neg 1.0		__DUMMY__ 0.9237701193383645 neg 0.04212121890614292 off 0.03410866175549258	false	1.0
sinnlos	neg 1.0		__DUMMY__ 0.9245989621545065 neg 0.040253658089857904 off 0.035147379755635595	false	1.0
fettsack	off 1.0	off 1.0	off 0.5075652891686301 __DUMMY__ 0.4563299979661764 neg 0.03610471286519349	false	1.0
feige	off 1.0	off 1.0	off 0.5042615561595635 __DUMMY__ 0.457447031297626 neg 0.038291412542810606	false	1.0
abdanken	neg 1.0		__DUMMY__ 0.922194988560069 neg 0.04464118625108457 off 0.033163825188846405	false	1.0
wichtigtuer	off 1.0	off 1.0	off 0.5022290708824094 __DUMMY__ 0.4593411007658599 neg 0.03842982835173069	false	1.0
misslingen	neg 1.0		__DUMMY__ 0.9298513493832512 neg 0.036457538256269885 off 0.03369111236047894	false	1.0
untreu	off 1.0		__DUMMY__ 0.9212127127726862 neg 0.040946227184312275 off 0.03784106004300149	false	0.5
missmutig	neg 1.0		__DUMMY__ 0.9237799480546187 neg 0.039363015488648394 off 0.03685703645673296	false	1.0
hurenbock	off 1.0		__DUMMY__ 0.9257539357088231 neg 0.040223749353902105 off 0.03402231493727465	false	0.5
betrunken	neg 1.0		__DUMMY__ 0.9244766389461779 off 0.03854885789734153 neg 0.03697450315648052	false	0.5
korrupt	off 1.0		__DUMMY__ 0.9201158577398494 neg 0.047868541285847666 off 0.032015600974302956	false	0.5
unmut	neg 1.0		__DUMMY__ 0.9260017873350322 neg 0.04585319116759753 off 0.028145021497370193	false	1.0
hackfresse	off 1.0		__DUMMY__ 0.9185698647238538 off 0.0428595834091136 neg 0.038570551867032496	false	1.0
aufblasen	neg 1.0		__DUMMY__ 0.926102899150799 neg 0.03971476380218509 off 0.034182337047015954	false	1.0
gewaltsam	neg 1.0		__DUMMY__ 0.9244122895389206 neg 0.042833295132219805 off 0.032754415328859456	false	1.0
unbeliebtheit	neg 1.0		__DUMMY__ 0.91656822810684 neg 0.046563657343257785 off 0.03686811454990221	false	1.0
sturheit	neg 1.0		__DUMMY__ 0.9238456861111779 neg 0.04321790681962558 off 0.03293640706919654	false	1.0
kuh	neg 1.0		__DUMMY__ 0.9216739446448678 neg 0.045094758794817814 off 0.033231296560314365	false	1.0
erschrecken	neg 1.0		__DUMMY__ 0.9242619363192759 neg 0.03937277791190048 off 0.0363652857688236	false	1.0
opfer	neg 1.0		__DUMMY__ 0.9262584919544639 neg 0.042673151524760734 off 0.03106835652077536	false	1.0
sinken	neg 1.0		__DUMMY__ 0.9277618914609498 neg 0.043874348900990706 off 0.028363759638059517	false	1.0
stinktier	neg 1.0		__DUMMY__ 0.9187106633086509 off 0.04067849866806207 neg 0.040610838023286994	false	0.5
tucke	off 1.0		__DUMMY__ 0.9145876008399559 off 0.043118164426035235 neg 0.04229423473400877	false	1.0
ein			__DUMMY__ 0.9267711091455032 neg 0.039596777230036496 off 0.03363211362446032	false	0.0
abstieg	neg 1.0		__DUMMY__ 0.9281705716197338 neg 0.041486770276250376 off 0.030342658104015843	false	1.0
missverstehen	neg 1.0		__DUMMY__ 0.9218081987777301 neg 0.04275326949254031 off 0.03543853172972959	false	1.0
ergebnislos	neg 1.0		__DUMMY__ 0.9257081601942116 neg 0.04393844712534136 off 0.030353392680446997	false	1.0
unter			__DUMMY__ 0.9336616566445723 neg 0.04174248682270338 off 0.024595856532724277	false	0.0
manipulieren	neg 1.0		__DUMMY__ 0.9256931966500317 neg 0.04426699455416389 off 0.03003980879580439	false	1.0
unbewiesen	neg 1.0		__DUMMY__ 0.9175119344304551 neg 0.04852305329395485 off 0.03396501227559001	false	1.0
verschleppen	neg 1.0		__DUMMY__ 0.924574429811178 neg 0.04382754943891391 off 0.031598020749908064	false	1.0
weib	off 1.0		__DUMMY__ 0.917898303468256 off 0.04283864516671991 neg 0.039263051365024115	false	1.0
opposition	neg 1.0		__DUMMY__ 0.921371177601451 neg 0.0441567583203095 off 0.03447206407823948	false	1.0
verkehrswidrig	neg 1.0	neg 1.0	neg 0.497922429559128 __DUMMY__ 0.46654964525042075 off 0.03552792519045122	false	1.0
inkorrekt	neg 1.0		__DUMMY__ 0.9174888186733217 neg 0.043546130920186034 off 0.03896505040649228	false	1.0
vermeiden	neg 1.0		__DUMMY__ 0.9303357917773794 neg 0.04344972559025606 off 0.026214482632364575	false	1.0
abweichung	neg 1.0	neg 1.0	neg 0.5092119183516955 __DUMMY__ 0.46296302656033417 off 0.027825055087970372	false	1.0
alkoholisiert	neg 1.0		__DUMMY__ 0.9346269002872726 neg 0.03627113635843963 off 0.02910196335428775	false	1.0
scheiss	off 1.0	off 1.0	off 0.5036071590711652 __DUMMY__ 0.4602614439019262 neg 0.03613139702690863	false	1.0
herausforderung	neg 1.0	neg 1.0	neg 0.5039658774553748 __DUMMY__ 0.4689540002311476 off 0.027080122313477614	false	1.0
pervers	off 1.0		__DUMMY__ 0.9172294578805006 off 0.04517474699500833 neg 0.037595795124491065	false	1.0
wackelig	neg 1.0		__DUMMY__ 0.9301844423848649 neg 0.0386157115110153 off 0.031199846104119754	false	1.0
verwickeln	neg 1.0		__DUMMY__ 0.9222207687706604 neg 0.042365471408265076 off 0.035413759821074475	false	1.0
vorwand	neg 1.0		__DUMMY__ 0.9257339741053527 neg 0.04486121502332306 off 0.02940481087132411	false	1.0
muschi	off 1.0		__DUMMY__ 0.9243910843478188 neg 0.043338502685404415 off 0.03227041296677676	false	0.5
entmutigung	neg 1.0		__DUMMY__ 0.9203765711700596 neg 0.044832042957240394 off 0.03479138587270004	false	1.0
unangemessen	neg 1.0		__DUMMY__ 0.9231752854199353 neg 0.044566832216718505 off 0.03225788236334624	false	1.0
unstetig	neg 1.0		__DUMMY__ 0.9241572030348323 neg 0.04220715296323412 off 0.033635644001933626	false	1.0
entmutigen	neg 1.0		__DUMMY__ 0.9249779395769264 neg 0.04059624085989434 off 0.03442581956317919	false	1.0
schwanz	neg 1.0		__DUMMY__ 0.9260746607062018 neg 0.04420841955945634 off 0.02971691973434183	false	1.0
verbot	neg 1.0		__DUMMY__ 0.9217222128837882 neg 0.046521111983157004 off 0.03175667513305477	false	1.0
leid	neg 1.0		__DUMMY__ 0.9209807470211357 off 0.04105567107177467 neg 0.037963581907089594	false	0.5
archaisch	neg 1.0		__DUMMY__ 0.9252321142669541 neg 0.042831049913485 off 0.03193683581956099	false	1.0
gegen			__DUMMY__ 0.9277827978467308 neg 0.043153957691832515 off 0.029063244461436672	false	0.0
scheidung	neg 1.0		__DUMMY__ 0.9174785095427779 off 0.048035918738987535 neg 0.034485571718234534	false	0.5
einschlag	neg 1.0	neg 1.0	neg 0.5039850813901889 __DUMMY__ 0.4603476049548943 off 0.03566731365491688	false	1.0
m			__DUMMY__ 0.926693864945151 neg 0.04172049819767346 off 0.031585636857175456	false	0.0
abgestanden	neg 1.0		__DUMMY__ 0.9247668955781234 neg 0.04216482945650155 off 0.03306827496537499	false	1.0
schmierig	off 1.0		__DUMMY__ 0.9211717229067128 off 0.040726179379012316 neg 0.038102097714274946	false	1.0
unpraktisch	neg 1.0		__DUMMY__ 0.9269810558118613 neg 0.03931395739717821 off 0.03370498679096056	false	1.0
wixxer	off 1.0		__DUMMY__ 0.9162307102645199 off 0.045016701367665744 neg 0.03875258836781432	false	1.0
bezeichnet			__DUMMY__ 0.9236034724914094 neg 0.04316784849784459 off 0.03322867901074604	false	0.0
jammerlappen	off 1.0		__DUMMY__ 0.922207909158272 neg 0.040712023510345856 off 0.03708006733138215	false	0.5
farce	neg 1.0		__DUMMY__ 0.9211504337626287 neg 0.046558610276880984 off 0.032290955960490364	false	1.0
zwecklos	neg 1.0		__DUMMY__ 0.9238746289889408 neg 0.043943708560887876 off 0.03218166245017136	false	1.0
turbulent	neg 1.0		__DUMMY__ 0.9211623222325165 neg 0.04159571481688055 off 0.037241962950602954	false	1.0
invasion	neg 1.0		__DUMMY__ 0.9245053242513398 neg 0.04035333891960813 off 0.03514133682905206	false	1.0
schuld	neg 1.0		__DUMMY__ 0.924121278666751 neg 0.04168092471788707 off 0.034197796615361924	false	1.0
risiko	neg 1.0		__DUMMY__ 0.9265958184711718 neg 0.03987944957856196 off 0.03352473195026632	false	1.0
finster	neg 1.0		__DUMMY__ 0.9260432816124149 neg 0.04050211009732224 off 0.0334546082902629	false	1.0
geisteskrank	off 1.0		__DUMMY__ 0.9200609373155652 neg 0.041509133177201264 off 0.0384299295072335	false	0.5
zusammenbrechen	neg 1.0		__DUMMY__ 0.9263460662001396 neg 0.04121588624398914 off 0.032438047555871305	false	1.0
ausbeute	neg 1.0		__DUMMY__ 0.9310968029811709 neg 0.03947857022831489 off 0.029424626790514257	false	1.0
hinterhalt	neg 1.0		__DUMMY__ 0.9274782419774455 neg 0.040829014497042744 off 0.03169274352551169	false	1.0
kritik	neg 1.0		__DUMMY__ 0.9216025729398429 neg 0.046205944583358 off 0.03219148247679903	false	1.0
einschrumpfen	neg 1.0		__DUMMY__ 0.9193129207749622 neg 0.04504925581110056 off 0.03563782341393715	false	1.0
riskant	neg 1.0		__DUMMY__ 0.9243247218947609 neg 0.04474762284626683 off 0.030927655258972238	false	1.0
frustrieren	neg 1.0		__DUMMY__ 0.9255471779815143 neg 0.04344726742264444 off 0.03100555459584124	false	1.0
groll	neg 1.0		__DUMMY__ 0.9254689396830708 neg 0.04256642070051862 off 0.031964639616410585	false	1.0
gibt			__DUMMY__ 0.9252462165958114 neg 0.04247361519104177 off 0.03228016821314673	false	0.0
qualvoll	neg 1.0		__DUMMY__ 0.9254115632124338 neg 0.038873209647969545 off 0.035715227139596684	false	1.0
wackeln	neg 1.0	neg 1.0	neg 0.5050814796574026 __DUMMY__ 0.46422423735640106 off 0.03069428298619636	false	1.0
klagen	neg 1.0		__DUMMY__ 0.9265624620527059 neg 0.04496359610231148 off 0.02847394184498253	false	1.0
bankrott	neg 1.0		__DUMMY__ 0.9236536467476043 neg 0.04032474264054209 off 0.03602161061185361	false	1.0
trauern	neg 1.0		__DUMMY__ 0.9281637263268365 neg 0.041003241448506374 off 0.030833032224657133	false	1.0
ablehnung	neg 1.0		__DUMMY__ 0.9213368229895458 neg 0.046387654893998265 off 0.03227552211645604	false	1.0
stur	neg 1.0		__DUMMY__ 0.9234081047584992 neg 0.041961162581096834 off 0.03463073266040389	false	1.0
aufruhr	neg 1.0		__DUMMY__ 0.9242624981265154 neg 0.04296183580134042 off 0.032775666072144195	false	1.0
melancholie	neg 1.0		__DUMMY__ 0.9276637844883416 neg 0.041192973539246634 off 0.03114324197241168	false	1.0
ist			__DUMMY__ 0.9242985870132828 neg 0.040978423092088566 off 0.034722989894628596	false	0.0
torheit	neg 1.0		__DUMMY__ 0.9220883445124205 neg 0.04368329835568936 off 0.03422835713189012	false	1.0
dreckskind	off 1.0		__DUMMY__ 0.917876531755126 off 0.0417621966586042 neg 0.040361271586269856	false	1.0
umtauschen	neg 1.0		__DUMMY__ 0.9260974510958181 neg 0.041388911333496085 off 0.03251363757068588	false	1.0
zum			__DUMMY__ 0.9352329540899638 neg 0.03856736800413643 off 0.0261996779058998	false	0.0
zersetzen	neg 1.0		__DUMMY__ 0.9240814038858316 neg 0.04598951693817918 off 0.029929079175989116	false	1.0
zur			__DUMMY__ 0.9301461761801431 neg 0.04381718331050645 off 0.026036640509350475	false	0.0
frust	neg 1.0		__DUMMY__ 0.9263517960030668 neg 0.041255928280442 off 0.032392275716491184	false	1.0
unerbittlichkeit	neg 1.0		__DUMMY__ 0.9248917872733182 neg 0.04509694229786804 off 0.030011270428813682	false	1.0
zwei			__DUMMY__ 0.9328288376814925 neg 0.039359386498162514 off 0.02781177582034496	false	0.0
unkorrekt	neg 1.0		__DUMMY__ 0.9184635170978565 neg 0.0422827190085964 off 0.0392537638935471	false	1.0
hexe	off 1.0		__DUMMY__ 0.9229493924157643 neg 0.03987844523176604 off 0.03717216235246968	false	0.5
lasch	neg 1.0		__DUMMY__ 0.9211696367214598 neg 0.0425004743325946 off 0.036329888945945604	false	1.0
rivale	neg 1.0		__DUMMY__ 0.9234394598915623 off 0.03884204904015279 neg 0.03771849106828488	false	0.5
mutlos	off 1.0	off 1.0	off 0.49825568823303623 __DUMMY__ 0.46014505758136864 neg 0.04159925418559506	false	1.0
wirr	off 1.0		__DUMMY__ 0.9187654079645008 neg 0.04189855998963748 off 0.03933603204586182	false	0.5
jahr			__DUMMY__ 0.9327282015433447 neg 0.038202651053075236 off 0.029069147403580003	false	0.0
wird			__DUMMY__ 0.9265866008827479 neg 0.04229372407399914 off 0.031119675043252967	false	0.0
strafbar	neg 1.0		__DUMMY__ 0.9240004378428778 neg 0.04490465006843962 off 0.03109491208868255	false	1.0
erosion	neg 1.0		__DUMMY__ 0.9259423482631215 neg 0.04040802552630351 off 0.03364962621057501	false	1.0
eingehen	neg 1.0		__DUMMY__ 0.923537817000683 neg 0.04472512758993671 off 0.03173705540938027	false	1.0
faul	off 1.0		__DUMMY__ 0.9244299937807802 neg 0.03953294038085925 off 0.03603706583836066	false	0.5
provisorium	neg 1.0		__DUMMY__ 0.9313621375863624 neg 0.04435667342083105 off 0.02428118899280655	false	1.0
schmerzen	neg 1.0		__DUMMY__ 0.9256655300950839 neg 0.04152390504135908 off 0.03281056486355706	false	1.0
schrumpfen	neg 1.0		__DUMMY__ 0.9277668165970069 neg 0.04578170153109417 off 0.026451481871898955	false	1.0
geistlos	off 1.0		__DUMMY__ 0.9184965618058712 neg 0.04579624129253031 off 0.035707196901598466	false	0.5
fehlkauf	neg 1.0		__DUMMY__ 0.9228652097092004 neg 0.04246567136523548 off 0.03466911892556411	false	1.0
frustrierend	neg 1.0		__DUMMY__ 0.9249423479666316 neg 0.038733691623594135 off 0.036323960409774356	false	1.0
unzufrieden	neg 1.0		__DUMMY__ 0.9239511648294023 neg 0.04393187696181317 off 0.03211695820878452	false	1.0
verzweifeln	neg 1.0		__DUMMY__ 0.9252760293032707 neg 0.041550307548650724 off 0.03317366314807866	false	1.0
verzweifelt	neg 1.0		__DUMMY__ 0.9232435643844088 neg 0.04209989975707545 off 0.03465653585851569	false	1.0
misstrauensantrag	neg 1.0		__DUMMY__ 0.9219123672210046 neg 0.04318432181372322 off 0.03490331096527222	false	1.0
abfallen	neg 1.0		__DUMMY__ 0.9274516940112045 neg 0.038620820337879384 off 0.033927485650916085	false	1.0
fucker	off 1.0		__DUMMY__ 0.9202029926635303 neg 0.04102894384353197 off 0.03876806349293768	false	0.5
ungezogen	neg 1.0		__DUMMY__ 0.9194666054418591 off 0.043845331025929496 neg 0.03668806353221137	false	0.5
irrsinnig	neg 1.0	neg 1.0	neg 0.5087599763972764 __DUMMY__ 0.4599305896744726 off 0.031309433928250974	false	1.0
unfassbar	neg 1.0		__DUMMY__ 0.9224456157044725 neg 0.03998698948940097 off 0.037567394806126586	false	1.0
hart	neg 1.0		__DUMMY__ 0.9222226293842356 neg 0.04212544356745022 off 0.03565192704831424	false	1.0
widerlich	off 1.0		__DUMMY__ 0.9200879678564533 neg 0.041624571542881815 off 0.03828746060066487	false	0.5
fatal	neg 1.0		__DUMMY__ 0.9228732603200258 neg 0.042177757006555766 off 0.03494898267341839	false	1.0
bruch	neg 1.0		__DUMMY__ 0.9255512777417223 neg 0.045769789579704886 off 0.028678932678572782	false	1.0
aushungern	neg 1.0		__DUMMY__ 0.9219468191009925 neg 0.04500623648629061 off 0.03304694441271687	false	1.0
anspannung	neg 1.0	neg 1.0	neg 0.5056126253842264 __DUMMY__ 0.47019734295772986 off 0.02419003165804383	false	1.0
von			__DUMMY__ 0.9316266982749281 neg 0.039756036711020556 off 0.028617265014051287	false	0.0
kraftlos	neg 1.0		__DUMMY__ 0.9282291306249111 neg 0.04002777791282181 off 0.03174309146226709	false	1.0
vom			__DUMMY__ 0.934794433544375 neg 0.04057388772095164 off 0.024631678734673323	false	0.0
grenzdebil	off 1.0		__DUMMY__ 0.9222987995313011 neg 0.039480134197643235 off 0.038221066271055565	false	0.5
vor			__DUMMY__ 0.9276941806444097 neg 0.04298659912158071 off 0.029319220234009576	false	0.0
unterwerfen	neg 1.0		__DUMMY__ 0.9260900408240943 neg 0.04307162955059289 off 0.0308383296253128	false	1.0
versenkung	neg 1.0		__DUMMY__ 0.925302553785687 neg 0.04395182434025594 off 0.030745621874057102	false	1.0
entziehen	neg 1.0		__DUMMY__ 0.9264124846332322 neg 0.04465887982099103 off 0.028928635545776724	false	1.0
finanzkrise	neg 1.0		__DUMMY__ 0.9203580828478745 neg 0.046914955658482915 off 0.03272696149364262	false	1.0
schimpfend	neg 1.0		__DUMMY__ 0.9286409647882482 neg 0.0377529184066029 off 0.0336061168051489	false	1.0
profan	neg 1.0		__DUMMY__ 0.9233127213575082 neg 0.04120112059781063 off 0.035486158044681165	false	1.0
korruption	neg 1.0	neg 1.0	neg 0.5125624446683047 __DUMMY__ 0.4586481188318156 off 0.02878943649987979	false	1.0
â			__DUMMY__ 0.9263599759703046 neg 0.04284715447493949 off 0.03079286955475589	false	0.0
schmutzig	neg 1.0		__DUMMY__ 0.9228971305528979 neg 0.0393449349234242 off 0.03775793452367785	false	1.0
sexy	neg 1.0		__DUMMY__ 0.9232964976186524 neg 0.04073849430080541 off 0.03596500808054222	false	1.0
abraten	neg 1.0		__DUMMY__ 0.9238848791189966 neg 0.04144091836100802 off 0.03467420251999531	false	1.0
schwarz	neg 1.0		__DUMMY__ 0.9232336530925821 neg 0.04228921644818898 off 0.034477130459228976	false	1.0
fotze	off 1.0		__DUMMY__ 0.9247405020857593 neg 0.04461945054957431 off 0.030640047364666325	false	0.5
verwirren	neg 1.0		__DUMMY__ 0.9234968416533675 neg 0.040785797621186726 off 0.03571736072544572	false	1.0
zahnlos	off 1.0		__DUMMY__ 0.9235513559194208 neg 0.04431051753470451 off 0.03213812654587464	false	0.5
verheeren	neg 1.0		__DUMMY__ 0.9187929041753301 off 0.0448005295389932 neg 0.0364065662856767	false	0.5
hippie	neg 1.0		__DUMMY__ 0.9227307337508197 neg 0.04159016404457521 off 0.035679102204605045	false	1.0
rammen	neg 1.0		__DUMMY__ 0.9228357197017699 neg 0.043722271504651335 off 0.03344200879357867	false	1.0
unlauter	neg 1.0		__DUMMY__ 0.9196913374898165 neg 0.04639392167329425 off 0.033914740836889314	false	1.0
unheilvoll	neg 1.0		__DUMMY__ 0.9267310040473662 neg 0.03853852649126491 off 0.03473046946136879	false	1.0
niedrig	neg 1.0		__DUMMY__ 0.925891318088978 neg 0.04430742891302176 off 0.029801252998000287	false	1.0
explosion	neg 1.0		__DUMMY__ 0.9227195566451888 neg 0.042120759027283385 off 0.0351596843275278	false	1.0
weichei	off 1.0		__DUMMY__ 0.9185500615431577 off 0.041680850088254236 neg 0.03976908836858815	false	1.0
minusmensch	off 1.0		__DUMMY__ 0.9126316588903002 off 0.045044244998485514 neg 0.04232409611121432	false	1.0
farblos	neg 1.0		__DUMMY__ 0.929982229373312 neg 0.03805190020156961 off 0.03196587042511829	false	1.0
unwissend	neg 1.0	neg 1.0	neg 0.5069638470632081 __DUMMY__ 0.4590031949635319 off 0.034032957973259934	false	1.0
traurig	neg 1.0		__DUMMY__ 0.9224392614661419 off 0.039601486707273564 neg 0.037959251826584654	false	0.5
senkung	neg 1.0		__DUMMY__ 0.9208255546505878 neg 0.04386274542734644 off 0.03531169992206582	false	1.0
ungleich	neg 1.0	neg 1.0	neg 0.5117617657278143 __DUMMY__ 0.46033916345338816 off 0.027899070818797597	false	1.0
heikel	neg 1.0		__DUMMY__ 0.9246640596017213 neg 0.04532558539124293 off 0.030010355007035795	false	1.0
drosselung	neg 1.0		__DUMMY__ 0.9225975879247102 neg 0.039733919617679435 off 0.03766849245761037	false	1.0
falsch	neg 1.0		__DUMMY__ 0.9232848476382454 neg 0.04025489394171307 off 0.03646025842004153	false	1.0
unzufriedenheit	neg 1.0		__DUMMY__ 0.9255739981516113 neg 0.04473510644897411 off 0.02969089539941453	false	1.0
kurz	neg 1.0		__DUMMY__ 0.9285358153428436 neg 0.03949485769009275 off 0.03196932696706368	false	1.0
unsinnig	neg 1.0		__DUMMY__ 0.9225645038630234 neg 0.04497463953083307 off 0.03246085660614356	false	1.0
penner	off 1.0	off 1.0	off 0.5094499577738365 __DUMMY__ 0.4557139157851735 neg 0.03483612644098993	false	1.0
seicht	neg 1.0		__DUMMY__ 0.9159703939316434 off 0.0441297380072809 neg 0.03989986806107577	false	0.5
dummheit	off 1.0	off 1.0	off 0.5024500309673942 __DUMMY__ 0.45840790002018367 neg 0.03914206901242211	false	1.0
unerfreulich	neg 1.0		__DUMMY__ 0.9267772575696955 neg 0.044064624885401485 off 0.029158117544902964	false	1.0
motherfucker	off 1.0	off 1.0	off 0.5053802941579446 __DUMMY__ 0.45664551197099357 neg 0.03797419387106192	false	1.0
pikiert	neg 1.0		__DUMMY__ 0.9200498796017724 neg 0.04245222028050834 off 0.03749790011771923	false	1.0
wrack	neg 1.0		__DUMMY__ 0.9303735244397592 neg 0.039625124181001496 off 0.030001351379239413	false	1.0
gangster	neg 1.0		__DUMMY__ 0.9235033294825239 neg 0.041184384455428186 off 0.03531228606204784	false	1.0
krank	neg 1.0		__DUMMY__ 0.924154688903606 off 0.03814505032239799 neg 0.03770026077399614	false	0.5
reich	neg 1.0		__DUMMY__ 0.9218054108052736 neg 0.04173956017701935 off 0.03645502901770707	false	1.0
gnadenlos	neg 1.0		__DUMMY__ 0.9243383782764708 neg 0.041442609725887924 off 0.03421901199764138	false	1.0
niedergeschlagen	neg 1.0		__DUMMY__ 0.9268284679215357 neg 0.040832940945162564 off 0.032338591133301724	false	1.0
terrorisieren	off 1.0	off 1.0	off 0.4984501073857484 __DUMMY__ 0.46216054379727195 neg 0.039389348816979704	false	1.0
sinnlosigkeit	neg 1.0		__DUMMY__ 0.9246681932419931 neg 0.04318232288502682 off 0.03214948387298011	false	1.0
behindern	neg 1.0		__DUMMY__ 0.9236444308804616 neg 0.043670546742226334 off 0.03268502237731208	false	1.0
undemokratisch	neg 1.0		__DUMMY__ 0.9204891058682 neg 0.04513288561266219 off 0.03437800851913784	false	1.0
wirtschaftskrise	neg 1.0		__DUMMY__ 0.9229981450309995 neg 0.045851972451932094 off 0.031149882517068343	false	1.0
neid	neg 1.0		__DUMMY__ 0.9270055417726739 off 0.03667383339729069 neg 0.036320624830035446	false	0.5
rutschen	neg 1.0	neg 1.0	neg 0.5052856005873217 __DUMMY__ 0.4694907676556938 off 0.025223631756984458	false	1.0
rezession	neg 1.0		__DUMMY__ 0.9160296810134951 neg 0.0435131020848007 off 0.0404572169017042	false	1.0
fehlgeburt	neg 1.0		__DUMMY__ 0.9261771065157047 neg 0.039182402108562046 off 0.03464049137573323	false	1.0
charakterschwach	off 1.0		__DUMMY__ 0.9213063791304719 neg 0.04058214620087195 off 0.03811147466865623	false	0.5
isolation	neg 1.0		__DUMMY__ 0.9249039543408377 neg 0.038912014397331184 off 0.0361840312618311	false	1.0
ablenkung	neg 1.0		__DUMMY__ 0.9252255438794483 neg 0.04115724284329558 off 0.03361721327725604	false	1.0
pech	neg 1.0		__DUMMY__ 0.9247803349374385 neg 0.03947050871560573 off 0.03574915634695584	false	1.0
vermeidung	neg 1.0		__DUMMY__ 0.9202633012935416 neg 0.04173979787587407 off 0.037996900830584324	false	1.0
dominieren	neg 1.0		__DUMMY__ 0.9293033127213665 neg 0.03986136694487394 off 0.030835320333759637	false	1.0
schwindlig	neg 1.0		__DUMMY__ 0.9274033940961737 neg 0.037970543246440946 off 0.03462606265738538	false	1.0
lutscher	neg 1.0	neg 1.0	neg 0.5053446910391295 __DUMMY__ 0.454264937890087 off 0.04039037107078358	false	1.0
pflicht	neg 1.0		__DUMMY__ 0.9253874884565331 neg 0.04452350651045087 off 0.03008900503301615	false	1.0
faschist	off 1.0		__DUMMY__ 0.920180273760123 neg 0.04386314313657599 off 0.035956583103301076	false	0.5
verschleudern	neg 1.0		__DUMMY__ 0.921000399466115 neg 0.04836091029126281 off 0.03063869024262216	false	1.0
wenn			__DUMMY__ 0.9232689848084723 neg 0.04006869154678012 off 0.036662323644747585	false	0.0
ehebruch	neg 1.0		__DUMMY__ 0.9242197050097759 neg 0.04444611177592584 off 0.03133418321429821	false	1.0
spott	off 1.0		__DUMMY__ 0.9235722380329552 neg 0.045429836794885776 off 0.03099792517215903	false	0.5
trostlosigkeit	neg 1.0		__DUMMY__ 0.9264126196267818 neg 0.044594080045072135 off 0.028993300328146066	false	1.0
lutschen	neg 1.0		__DUMMY__ 0.921529620048285 neg 0.04323204468907368 off 0.03523833526264137	false	1.0
undiszipliniert	neg 1.0		__DUMMY__ 0.9222810163554953 off 0.03891000264925156 neg 0.03880898099525316	false	0.5
kopfschmerz	neg 1.0		__DUMMY__ 0.9274665605947505 neg 0.040753024040894974 off 0.031780415364354525	false	1.0
unvorhergesehen	neg 1.0		__DUMMY__ 0.9309428268012329 neg 0.03891741443685238 off 0.030139758761914773	false	1.0
desinteressiert	neg 1.0		__DUMMY__ 0.9209187100942251 neg 0.040139199658916255 off 0.03894209024685864	false	1.0
armselig	off 1.0		__DUMMY__ 0.9186748213686734 neg 0.041510222941449695 off 0.03981495568987697	false	0.5
desaster	neg 1.0		__DUMMY__ 0.925543392584515 neg 0.04614122938647818 off 0.02831537802900675	false	1.0
tod	neg 1.0		__DUMMY__ 0.9269313554378967 neg 0.04233878018937739 off 0.03072986437272586	false	1.0
herzlos	neg 1.0		__DUMMY__ 0.9201357259802314 off 0.04002634295935548 neg 0.03983793106041316	false	0.5
unwissenheit	neg 1.0		__DUMMY__ 0.9225030315025046 neg 0.04544854661796187 off 0.03204842187953348	false	1.0
widersinnig	neg 1.0	neg 1.0	neg 0.5124168703412044 __DUMMY__ 0.4579691671467099 off 0.029613962512085656	false	1.0
bedenklich	neg 1.0		__DUMMY__ 0.9241409062259827 neg 0.044756691538135086 off 0.031102402235882353	false	1.0
beanstanden	neg 1.0		__DUMMY__ 0.9259377294964412 neg 0.044508142842789464 off 0.029554127660769397	false	1.0
panisch	neg 1.0	neg 1.0	neg 0.5029231756671366 __DUMMY__ 0.46516581203511875 off 0.031911012297744595	false	1.0
debil	off 1.0		__DUMMY__ 0.9286801636415525 neg 0.04583980924826174 off 0.025480027110185773	false	0.5
abstrich	neg 1.0		__DUMMY__ 0.9253232715734683 neg 0.044534111432647544 off 0.030142616993884184	false	1.0
primitiv	neg 1.0		__DUMMY__ 0.9201197411030976 neg 0.04125275688368086 off 0.03862750201322158	false	1.0
abschaum	off 1.0	off 1.0	off 0.5039431335954468 __DUMMY__ 0.45846322815162427 neg 0.03759363825292885	false	1.0
provozieren	neg 1.0		__DUMMY__ 0.9232314334191452 neg 0.04267340862707052 off 0.0340951579537843	false	1.0
tot	neg 1.0		__DUMMY__ 0.9268818529160414 neg 0.04298588313386127 off 0.030132263950097347	false	1.0
instabil	neg 1.0		__DUMMY__ 0.9182428139225802 neg 0.043303625351317925 off 0.03845356072610179	false	1.0
schwuchtel	off 1.0		__DUMMY__ 0.913194853089703 off 0.04803709809698494 neg 0.03876804881331209	false	1.0
zerren	neg 1.0		__DUMMY__ 0.9269873028256431 neg 0.040454396874365035 off 0.03255830029999186	false	1.0
kinderficker	off 1.0		__DUMMY__ 0.9176672330833311 off 0.04169388089240818 neg 0.04063888602426076	false	1.0
gefahr	neg 1.0		__DUMMY__ 0.9258188082018187 neg 0.04439293727391959 off 0.029788254524261735	false	1.0
rabiat	neg 1.0		__DUMMY__ 0.9229380896281766 neg 0.043446879365238646 off 0.0336150310065848	false	1.0
verlangsamung	neg 1.0		__DUMMY__ 0.9168394932595942 off 0.04294314060055327 neg 0.04021736613985249	false	0.5
ausgestorben	neg 1.0		__DUMMY__ 0.9262567592990506 neg 0.04074081077967733 off 0.03300242992127197	false	1.0
anklagen	neg 1.0		__DUMMY__ 0.9232312568960198 neg 0.04438269565718292 off 0.032386047446797246	false	1.0
trott	neg 1.0		__DUMMY__ 0.9254748944908405 neg 0.0416874849699333 off 0.032837620539226155	false	1.0
verminderung	neg 1.0		__DUMMY__ 0.9210309491742519 neg 0.0404344338728295 off 0.03853461695291866	false	1.0
nach			__DUMMY__ 0.9340088216036166 neg 0.039430120133921734 off 0.026561058262461638	false	0.0
rost	neg 1.0		__DUMMY__ 0.919474957927553 off 0.04172668886495277 neg 0.038798353207494224	false	0.5
destruktiv	neg 1.0		__DUMMY__ 0.9218669224083311 neg 0.04477244646424837 off 0.03336063112742057	false	1.0
unzumutbarkeit	neg 1.0		__DUMMY__ 0.9241040149061311 neg 0.03920829796222548 off 0.03668768713164336	false	1.0
labil	off 1.0	off 1.0	off 0.5039146303720423 __DUMMY__ 0.458188914495229 neg 0.03789645513272861	false	1.0
ziemlich	neg 1.0		__DUMMY__ 0.9237714408398369 neg 0.03844534260717468 off 0.03778321655298852	false	1.0
lachnummer	off 1.0		__DUMMY__ 0.9236007063000664 neg 0.042760618995903575 off 0.03363867470403003	false	0.5
oder			__DUMMY__ 0.9266299713381061 neg 0.03999022426943417 off 0.033379804392459696	false	0.0
verfall	neg 1.0		__DUMMY__ 0.926585840675018 neg 0.046991340415603204 off 0.026422818909378695	false	1.0
ausgrenzung	neg 1.0		__DUMMY__ 0.9195785171497477 neg 0.04554192135415209 off 0.034879561496100185	false	1.0
unordnung	neg 1.0		__DUMMY__ 0.9236914951167383 neg 0.039098785329214264 off 0.03720971955404741	false	1.0
fehlverhalten	neg 1.0		__DUMMY__ 0.9243657738625304 neg 0.04532080086024912 off 0.030313425277220425	false	1.0
eine			__DUMMY__ 0.9267700495081809 neg 0.043725695777524845 off 0.029504254714294288	false	0.0
nille	neg 1.0		__DUMMY__ 0.924579348831786 neg 0.04273674872924136 off 0.03268390243897256	false	1.0
qual	neg 1.0		__DUMMY__ 0.9250680784045432 neg 0.042192287714917426 off 0.03273963388053937	false	1.0
verschwenden	neg 1.0		__DUMMY__ 0.9242212459495062 neg 0.04447993748471808 off 0.03129881656577574	false	1.0
riesig	neg 1.0	neg 1.0	neg 0.507731669595932 __DUMMY__ 0.46434720196653806 off 0.027921128437529974	false	1.0
verurteilen	neg 1.0		__DUMMY__ 0.9233604817862192 neg 0.04452238304077718 off 0.03211713517300359	false	1.0
klischee	neg 1.0	neg 1.0	neg 0.5089527688041288 __DUMMY__ 0.4579638961082283 off 0.033083335087643086	false	1.0
diktatorisch	neg 1.0		__DUMMY__ 0.9187248495937981 neg 0.04641140771992956 off 0.03486374268627242	false	1.0
vorhersehbar	neg 1.0	neg 1.0	neg 0.5083050984479289 __DUMMY__ 0.4590226939698558 off 0.03267220758221529	false	1.0
sowie			__DUMMY__ 0.9177676979496546 off 0.04148834303351351 neg 0.04074395901683177	false	0.0
stornieren	neg 1.0		__DUMMY__ 0.9300475010125856 neg 0.03628692386105502 off 0.033665575126359405	false	1.0
besteuerung	neg 1.0		__DUMMY__ 0.9206144291404993 neg 0.04566295793585391 off 0.03372261292364685	false	1.0
ungeschminkt	neg 1.0		__DUMMY__ 0.9207920200673941 neg 0.04157319177338043 off 0.03763478815922545	false	1.0
kritisch	neg 1.0		__DUMMY__ 0.9247172239867235 neg 0.044230592120442544 off 0.031052183892834023	false	1.0
schlamperei	off 1.0		__DUMMY__ 0.9235423507816087 neg 0.046187053209992286 off 0.030270596008398938	false	0.5
sucht	neg 1.0	neg 1.0	neg 0.5075176317062631 __DUMMY__ 0.46261725836657935 off 0.029865109927157508	false	1.0
egoistisch	off 1.0		__DUMMY__ 0.9201499642450311 off 0.041823318601594585 neg 0.03802671715337418	false	1.0
ausbeuter	off 1.0		__DUMMY__ 0.9228775354562084 neg 0.046901129358237814 off 0.030221335185553706	false	0.5
arschgeburt	off 1.0		__DUMMY__ 0.9125966588011054 off 0.04834437197338429 neg 0.039058969225510304	false	1.0
schubs	neg 1.0	neg 1.0	neg 0.5063717420413233 __DUMMY__ 0.46526684547973457 off 0.028361412478942017	false	1.0
unsolide	neg 1.0		__DUMMY__ 0.9158999521114932 neg 0.048920682367323144 off 0.035179365521183566	false	1.0
beschwerde	neg 1.0		__DUMMY__ 0.9231052385693568 neg 0.046576837052591365 off 0.030317924378051874	false	1.0
stocken	neg 1.0		__DUMMY__ 0.9242413158915764 neg 0.04502743118129755 off 0.030731252927126095	false	1.0
isolieren	neg 1.0		__DUMMY__ 0.9239555094419459 neg 0.044473802031614475 off 0.0315706885264396	false	1.0
unheilbar	neg 1.0		__DUMMY__ 0.9260210153558298 neg 0.040050877936264294 off 0.03392810670790586	false	1.0
pisser	off 1.0		__DUMMY__ 0.9203065662995636 neg 0.040943158674677876 off 0.038750275025758465	false	0.5
löschen	neg 1.0		__DUMMY__ 0.9245256074501236 neg 0.042192722739565695 off 0.033281669810310756	false	1.0
durchfallen	neg 1.0		__DUMMY__ 0.9230554135564084 neg 0.04498607354943187 off 0.03195851289415966	false	1.0
wichser	off 1.0		__DUMMY__ 0.9176637346675849 off 0.04534294803354765 neg 0.03699331729886737	false	1.0
terror	neg 1.0		__DUMMY__ 0.9246729886519246 neg 0.040204533445551534 off 0.03512247790252386	false	1.0
krass	neg 1.0		__DUMMY__ 0.920287662702627 off 0.040030693087156864 neg 0.03968164421021629	false	0.5
revolte	neg 1.0	neg 1.0	neg 0.5100766151918693 __DUMMY__ 0.45784056451878274 off 0.03208282028934806	false	1.0
besorgt	neg 1.0		__DUMMY__ 0.9286749331715419 neg 0.03949494502410005 off 0.031830121804358055	false	1.0
nachlassen	neg 1.0		__DUMMY__ 0.9263607947622727 neg 0.043506904500734044 off 0.03013230073699329	false	1.0
alt	neg 1.0		__DUMMY__ 0.926708522824182 neg 0.04283092982834183 off 0.030460547347476156	false	1.0
hundesohn	off 1.0		__DUMMY__ 0.9153544370366922 off 0.04462215312644689 neg 0.040023409836860875	false	1.0
als			__DUMMY__ 0.9272383243643139 neg 0.04071561006264586 off 0.03204606557304034	false	0.0
abschreckung	neg 1.0		__DUMMY__ 0.9257037228281852 neg 0.045109701779011 off 0.029186575392803827	false	1.0
unqualifiziert	neg 1.0		__DUMMY__ 0.9198700896016567 neg 0.04390676001842899 off 0.03622315037991433	false	1.0
abgewichst	off 1.0		__DUMMY__ 0.9256776432185244 neg 0.042254237253710435 off 0.03206811952776508	false	0.5
schwer	neg 1.0		__DUMMY__ 0.9251686352929217 neg 0.04141682956963393 off 0.033414535137444384	false	1.0
bedeutungslosigkeit	neg 1.0		__DUMMY__ 0.9253399749024535 neg 0.04479939441396574 off 0.029860630683580767	false	1.0
kapitulation	neg 1.0		__DUMMY__ 0.9213032821787749 neg 0.04772708929849861 off 0.030969628522726476	false	1.0
unscharf	neg 1.0		__DUMMY__ 0.9238579680738113 neg 0.04157856204042044 off 0.034563469885768305	false	1.0
schwinden	neg 1.0		__DUMMY__ 0.9259541753844006 neg 0.044378722097790986 off 0.029667102517808457	false	1.0
versklavung	neg 1.0		__DUMMY__ 0.9187966654229331 neg 0.04673649843729837 off 0.0344668361397685	false	1.0
schlecht	neg 1.0		__DUMMY__ 0.9238317805937337 neg 0.03823946663589008 off 0.03792875277037611	false	1.0
verhasst	neg 1.0		__DUMMY__ 0.9236175859134695 neg 0.04200262593669354 off 0.03437978814983697	false	1.0
beschweren	neg 1.0		__DUMMY__ 0.9242734023479781 neg 0.04083614541641101 off 0.034890452235610964	false	1.0
scheiden	neg 1.0		__DUMMY__ 0.9317265575184325 neg 0.035121047235999445 off 0.03315239524556804	false	1.0
frustriert	neg 1.0		__DUMMY__ 0.9254340814482044 neg 0.0418764505222285 off 0.03268946802956714	false	1.0
schimmelig	neg 1.0		__DUMMY__ 0.9270894516502123 neg 0.04314039854777422 off 0.029770149802013486	false	1.0
fisch	neg 1.0		__DUMMY__ 0.9318419619950926 neg 0.039418276422069444 off 0.028739761582838017	false	1.0
schmuggel	neg 1.0		__DUMMY__ 0.9289341279044667 neg 0.041500712842370814 off 0.02956515925316249	false	1.0
auffallen	neg 1.0		__DUMMY__ 0.9241367200210479 neg 0.04054033764664562 off 0.035322942332306546	false	1.0
konkurrenz	neg 1.0	neg 1.0	neg 0.5091506110427402 __DUMMY__ 0.46440105390678577 off 0.026448335050474083	false	1.0
teufelskreis	neg 1.0	neg 1.0	neg 0.5095225566065132 __DUMMY__ 0.4603202178273171 off 0.030157225566169694	false	1.0
aufschreien	neg 1.0		__DUMMY__ 0.922829593952007 neg 0.04187380852384051 off 0.035296597524152505	false	1.0
schuldner	neg 1.0		__DUMMY__ 0.9259987686646357 neg 0.04417048945839772 off 0.029830741876966504	false	1.0
missgeburt	off 1.0	off 1.0	off 0.5077594661612296 __DUMMY__ 0.45558525555972434 neg 0.036655278279046	false	1.0
arbeitslos	neg 1.0		__DUMMY__ 0.92319124456468 neg 0.04459692117102954 off 0.03221183426429038	false	1.0
befallen	neg 1.0		__DUMMY__ 0.9226252377803231 neg 0.045077689933151345 off 0.03229707228652557	false	1.0
miesepetrig	off 1.0	off 1.0	off 0.5041342142551718 __DUMMY__ 0.46061382053579925 neg 0.035251965209028874	false	1.0
alarmieren	neg 1.0		__DUMMY__ 0.9193709389748768 neg 0.04355309121608281 off 0.037075969809040515	false	1.0
ungeduscht	off 1.0		__DUMMY__ 0.9253063875186012 neg 0.03924925555332856 off 0.03544435692807034	false	0.5
knappheit	neg 1.0		__DUMMY__ 0.9227912851916281 neg 0.0464272626584935 off 0.030781452149878367	false	1.0
schlange	neg 1.0		__DUMMY__ 0.9278511618251802 neg 0.03756569695119964 off 0.03458314122362017	false	1.0
harsch	neg 1.0		__DUMMY__ 0.9223493077679641 off 0.040726369924967205 neg 0.03692432230706864	false	0.5
lang	neg 1.0		__DUMMY__ 0.9245459796760266 neg 0.041858001417048506 off 0.03359601890692492	false	1.0
ziellos	neg 1.0		__DUMMY__ 0.9275938043192493 neg 0.04080163773391491 off 0.031604557946835844	false	1.0
selbstverliebt	neg 1.0		__DUMMY__ 0.9143296079281157 off 0.046186860552494616 neg 0.03948353151938973	false	0.5
beseitigen	neg 1.0	neg 1.0	neg 0.5062815655453334 __DUMMY__ 0.4640604190332272 off 0.029658015421439365	false	1.0
dumm	off 1.0		__DUMMY__ 0.9186004454470809 off 0.042514654637071825 neg 0.03888489991584739	false	1.0
arbeitsloser	neg 1.0		__DUMMY__ 0.9259470476970695 neg 0.04244479654701937 off 0.03160815575591114	false	1.0
blitzen	neg 1.0		__DUMMY__ 0.9228736667049929 neg 0.041341441286345475 off 0.035784892008661646	false	1.0
hilflos	neg 1.0		__DUMMY__ 0.9257969009330472 neg 0.04194922175685786 off 0.03225387731009489	false	1.0
eklig	off 1.0		__DUMMY__ 0.918390592306653 off 0.042887699096480845 neg 0.03872170859686624	false	1.0
begriff			__DUMMY__ 0.9235544957457109 neg 0.04376343084834097 off 0.03268207340594808	false	0.0
hungersnot	neg 1.0		__DUMMY__ 0.9240745523823416 neg 0.04373580822967117 off 0.03218963938798716	false	1.0
ungesetzlich	neg 1.0		__DUMMY__ 0.9177401556524949 neg 0.046645211484711055 off 0.03561463286279414	false	1.0
verschwendung	neg 1.0		__DUMMY__ 0.9257278381048221 neg 0.04381261984982685 off 0.030459542045351132	false	1.0
schmerzvoll	neg 1.0		__DUMMY__ 0.9245251080815898 neg 0.04070261323403802 off 0.03477227868437219	false	1.0
vorzeitig	neg 1.0		__DUMMY__ 0.9250987252652974 neg 0.03928621923152439 off 0.03561505550317818	false	1.0
unvollkommenheit	neg 1.0		__DUMMY__ 0.9288845445073312 neg 0.0397936270120902 off 0.03132182848057854	false	1.0
intervenieren	neg 1.0		__DUMMY__ 0.9226002373670715 neg 0.0469505085217877 off 0.030449254111140838	false	1.0
banause	off 1.0		__DUMMY__ 0.9158327046335706 off 0.044465420640461814 neg 0.039701874725967555	false	1.0
rebell	neg 1.0		__DUMMY__ 0.9268453205294718 neg 0.045637688431402874 off 0.02751699103912529	false	1.0
unlogisch	neg 1.0		__DUMMY__ 0.9206048726005559 off 0.03976577613529755 neg 0.039629351264146594	false	0.5
leiden	neg 1.0		__DUMMY__ 0.9338308722942847 neg 0.03673539871149622 off 0.0294337289942191	false	1.0
abschaffung	neg 1.0		__DUMMY__ 0.9206872233093096 neg 0.045421299509171384 off 0.03389147718151899	false	1.0
sturz	neg 1.0		__DUMMY__ 0.9252452936378618 neg 0.04144352041850035 off 0.03331118594363788	false	1.0
verkleinerung	neg 1.0		__DUMMY__ 0.9177704562884691 neg 0.04643206147250249 off 0.03579748223902851	false	1.0
schmarotzer	off 1.0		__DUMMY__ 0.922822154024637 neg 0.04505385747047356 off 0.03212398850488947	false	0.5
bestrafung	neg 1.0		__DUMMY__ 0.9239159725439728 neg 0.04145610156276587 off 0.03462792589326122	false	1.0
achtlos	neg 1.0		__DUMMY__ 0.9269264519980115 neg 0.03980297930736426 off 0.03327056869462423	false	1.0
