unsolidarisch	neg 1.0		__DUMMY__ 0.4566269005988414 neg 0.3080853474259912 off 0.23528775197516724	false	1.0
nachteilig	neg 1.0		__DUMMY__ 0.46152277965378685 neg 0.30637590648642227 off 0.2321013138597909	false	1.0
skeptisch	neg 1.0		__DUMMY__ 0.4625905993438763 neg 0.3057868136483942 off 0.23162258700772942	false	1.0
schrecklich	neg 1.0		__DUMMY__ 0.4594991963623587 neg 0.29163261933807505 off 0.2488681842995662	false	1.0
schlapp	neg 1.0	neg 1.0	neg 0.6371147855840761 __DUMMY__ 0.22430125528974124 off 0.13858395912618268	false	1.0
abfall	neg 1.0		__DUMMY__ 0.4638412659270461 neg 0.30742975694903696 off 0.228728977123917	false	1.0
widerspenstig	neg 1.0		__DUMMY__ 0.4625187302896739 neg 0.2996083400067674 off 0.23787292970355883	false	1.0
abrupt	neg 1.0		__DUMMY__ 0.4661089681734791 neg 0.30036368496638033 off 0.23352734686014046	false	1.0
unwirksam	neg 1.0		__DUMMY__ 0.45782024621393647 neg 0.3064643376808569 off 0.23571541610520658	false	1.0
angreifen	neg 1.0	neg 1.0	neg 0.6436035781603017 __DUMMY__ 0.22466175260788976 off 0.1317346692318086	false	1.0
inkonsistent	neg 1.0		__DUMMY__ 0.460920999446676 neg 0.3009359801776909 off 0.23814302037563304	false	1.0
abrutschen	neg 1.0		__DUMMY__ 0.46402208935205275 neg 0.30671871705616444 off 0.2292591935917829	false	1.0
unsicher	neg 1.0		__DUMMY__ 0.46282986282972166 neg 0.2990902114827054 off 0.23807992568757289	false	1.0
bauernkind	off 1.0	off 1.0	off 0.6102710836797144 __DUMMY__ 0.22068672594342423 neg 0.16904219037686144	false	1.0
angreifer	neg 1.0		__DUMMY__ 0.4626222660757305 neg 0.2979970214826744 off 0.2393807124415953	false	1.0
trennen	neg 1.0		__DUMMY__ 0.46730017894871306 neg 0.29821213912167954 off 0.2344876819296075	false	1.0
schmutz	neg 1.0		__DUMMY__ 0.4636743130062727 neg 0.2962956411735753 off 0.240030045820152	false	1.0
inkonsistenz	neg 1.0		__DUMMY__ 0.4581656563342153 neg 0.30038316815018223 off 0.2414511755156026	false	1.0
erschreckend	neg 1.0		__DUMMY__ 0.46171710792577814 neg 0.30203021761757953 off 0.23625267445664244	false	1.0
ertrinken	neg 1.0		__DUMMY__ 0.46426220370023635 neg 0.3016259484188818 off 0.23411184788088174	false	1.0
pickelface	off 1.0		__DUMMY__ 0.4612162567797455 neg 0.30405721522433937 off 0.2347265279959153	false	0.5
seiner			__DUMMY__ 0.4643561760012046 neg 0.30277959861020437 off 0.23286422538859106	false	0.0
lauch	neg 1.0		__DUMMY__ 0.4617847391693404 neg 0.3098668364498962 off 0.2283484243807634	false	1.0
unwichtig	neg 1.0		__DUMMY__ 0.45980663518040626 neg 0.2972706128677255 off 0.24292275195186835	false	1.0
steuerhinterziehung	neg 1.0		__DUMMY__ 0.4590449526382859 neg 0.30683572560208106 off 0.23411932175963296	false	1.0
schock	neg 1.0		__DUMMY__ 0.4649806356913301 neg 0.2973422048452649 off 0.23767715946340512	false	1.0
beule	neg 1.0		__DUMMY__ 0.461306395048185 neg 0.29459134569666673 off 0.24410225925514814	false	1.0
vergelten	neg 1.0		__DUMMY__ 0.46142235498629397 neg 0.2909850888616553 off 0.24759255615205067	false	1.0
verdorbenheit	neg 1.0		__DUMMY__ 0.46253056046921504 neg 0.30040433919940956 off 0.23706510033137548	false	1.0
trauma	neg 1.0		__DUMMY__ 0.46131807294673954 neg 0.30007462676013485 off 0.23860730029312566	false	1.0
sinnlos	neg 1.0		__DUMMY__ 0.46204058287633043 neg 0.2973044970641971 off 0.24065492005947242	false	1.0
fettsack	off 1.0	off 1.0	off 0.6118268421907841 __DUMMY__ 0.22153669958897335 neg 0.16663645822024267	false	1.0
feige	off 1.0	off 1.0	off 0.6081944263450138 __DUMMY__ 0.2223054791016746 neg 0.16950009455331164	false	1.0
abdanken	neg 1.0		__DUMMY__ 0.4598709008711565 neg 0.3045158061188165 off 0.23561329301002698	false	1.0
wichtigtuer	off 1.0	off 1.0	off 0.6064193408835573 __DUMMY__ 0.22330310775394335 neg 0.17027755136249934	false	1.0
misslingen	neg 1.0		__DUMMY__ 0.4659884677633624 neg 0.293803969241282 off 0.24020756299535562	false	1.0
untreu	off 1.0		__DUMMY__ 0.4592270805496494 neg 0.29654235876461166 off 0.24423056068573898	false	0.5
missmutig	neg 1.0		__DUMMY__ 0.4613001944499511 neg 0.29514172485662443 off 0.2435580806934245	false	1.0
hurenbock	off 1.0		__DUMMY__ 0.46264430426028585 neg 0.29793899879215013 off 0.2394166969475639	false	0.5
betrunken	neg 1.0		__DUMMY__ 0.46171358860029027 neg 0.29126090384491454 off 0.24702550755479513	false	1.0
korrupt	off 1.0		__DUMMY__ 0.45813942350161535 neg 0.308812883467385 off 0.23304769303099962	false	0.5
unmut	neg 1.0		__DUMMY__ 0.4631749007266862 neg 0.3081405437896034 off 0.22868455548371047	false	1.0
hackfresse	off 1.0		__DUMMY__ 0.456751290115457 neg 0.2911395552871107 off 0.25210915459743233	false	0.5
aufblasen	neg 1.0		__DUMMY__ 0.4632921361295374 neg 0.2968142385750512 off 0.23989362529541142	false	1.0
gewaltsam	neg 1.0		__DUMMY__ 0.4617337310169267 neg 0.3020174847813436 off 0.23624878420172962	false	1.0
unbeliebtheit	neg 1.0		__DUMMY__ 0.45509327578559616 neg 0.304486679437178 off 0.24042004477722587	false	1.0
sturheit	neg 1.0		__DUMMY__ 0.46133415041541004 neg 0.3025920447587064 off 0.23607380482588358	false	1.0
kuh	neg 1.0		__DUMMY__ 0.459065840903105 neg 0.30385123293569344 off 0.2370829261612016	false	1.0
erschrecken	neg 1.0		__DUMMY__ 0.46177613112580684 neg 0.29536756147345045 off 0.24285630740074268	false	1.0
opfer	neg 1.0		__DUMMY__ 0.46338088356042884 neg 0.3027316538351144 off 0.2338874626044568	false	1.0
sinken	neg 1.0		__DUMMY__ 0.46455628946917776 neg 0.30553205900224323 off 0.22991165152857912	false	1.0
stinktier	neg 1.0		__DUMMY__ 0.45673873213771615 neg 0.2949086831998524 off 0.2483525846624315	false	1.0
tucke	off 1.0		__DUMMY__ 0.45327820575883565 neg 0.29541479243000535 off 0.25130700181115906	false	0.5
ein			__DUMMY__ 0.46384135909999236 neg 0.2968841715737097 off 0.23927446932629787	false	0.0
abstieg	neg 1.0		__DUMMY__ 0.46487896345230795 neg 0.30184146640588194 off 0.2332795701418102	false	1.0
missverstehen	neg 1.0		__DUMMY__ 0.45964559491304 neg 0.30030217888537086 off 0.24005222620158917	false	1.0
ergebnislos	neg 1.0		__DUMMY__ 0.4628551494672743 neg 0.3047569590626466 off 0.2323878914700791	false	1.0
unter			__DUMMY__ 0.4696940798490148 neg 0.30444233023878614 off 0.22586358991219907	false	0.0
manipulieren	neg 1.0		__DUMMY__ 0.4628706998029056 neg 0.305297896880815 off 0.23183140331627933	false	1.0
unbewiesen	neg 1.0		__DUMMY__ 0.4560140022295224 neg 0.30860017678000723 off 0.2353858209904704	false	1.0
verschleppen	neg 1.0		__DUMMY__ 0.4617989825089204 neg 0.3042477505948256 off 0.23395326689625395	false	1.0
weib	off 1.0		__DUMMY__ 0.4560817149331069 neg 0.2921803853784771 off 0.25173789968841603	false	0.5
opposition	neg 1.0		__DUMMY__ 0.45917518095984344 neg 0.30221913670276845 off 0.23860568233738796	false	1.0
verkehrswidrig	neg 1.0	neg 1.0	neg 0.6312850221296568 __DUMMY__ 0.22678113990723311 off 0.1419338379631102	false	1.0
inkorrekt	neg 1.0		__DUMMY__ 0.4558606054979795 neg 0.29973723112211975 off 0.24440216337990078	false	1.0
vermeiden	neg 1.0		__DUMMY__ 0.46665720928733573 neg 0.3058513039366292 off 0.2274914867760351	false	1.0
abweichung	neg 1.0	neg 1.0	neg 0.6424895520729045 __DUMMY__ 0.22508987881003215 off 0.1324205691170634	false	1.0
alkoholisiert	neg 1.0		__DUMMY__ 0.46987983680462614 neg 0.2955491598099756 off 0.23457100338539816	false	1.0
scheiss	off 1.0	off 1.0	off 0.6087979283578228 __DUMMY__ 0.2235704886825193 neg 0.16763158295965794	false	1.0
herausforderung	neg 1.0	neg 1.0	neg 0.6387122172222167 __DUMMY__ 0.22827351441370436 off 0.13301426836407892	false	1.0
pervers	off 1.0		__DUMMY__ 0.4554994628280011 neg 0.2890033188519895 off 0.2554972183200095	false	0.5
wackelig	neg 1.0		__DUMMY__ 0.4666580747271165 neg 0.2969706929957719 off 0.23637123227711154	false	1.0
verwickeln	neg 1.0		__DUMMY__ 0.4600475450185991 neg 0.29986133566263046 off 0.24009111931877047	false	1.0
vorwand	neg 1.0		__DUMMY__ 0.46294435947931606 neg 0.3061831389213558 off 0.23087250159932823	false	1.0
muschi	off 1.0		__DUMMY__ 0.46169942125646946 neg 0.30282283339669075 off 0.2354777453468397	false	0.5
entmutigung	neg 1.0		__DUMMY__ 0.45822704343982706 neg 0.30391368374185374 off 0.23785927281831917	false	1.0
unangemessen	neg 1.0		__DUMMY__ 0.46076382206135297 neg 0.3044445076405245 off 0.23479167029812262	false	1.0
unstetig	neg 1.0		__DUMMY__ 0.4612863711905563 neg 0.3003754320324269 off 0.23833819677701673	false	1.0
entmutigen	neg 1.0		__DUMMY__ 0.46228313107387325 neg 0.29820432802797664 off 0.23951254089815008	false	1.0
schwanz	neg 1.0		__DUMMY__ 0.46294099746410383 neg 0.3049936399842231 off 0.23206536255167315	false	1.0
verbot	neg 1.0		__DUMMY__ 0.4594446147758314 neg 0.30743287297675836 off 0.23312251224741018	false	1.0
leid	neg 1.0		__DUMMY__ 0.4587538423562518 neg 0.2912822478853169 off 0.24996390975843133	false	1.0
archaisch	neg 1.0		__DUMMY__ 0.46247268564780447 neg 0.30225262868906594 off 0.23527468566312967	false	1.0
gegen			__DUMMY__ 0.4647126119514912 neg 0.30461443556338413 off 0.2306729524851247	false	0.0
scheidung	neg 1.0		__DUMMY__ 0.45573252646270657 neg 0.28455408959596196 off 0.25971338394133153	false	1.0
einschlag	neg 1.0	neg 1.0	neg 0.6359118746166381 __DUMMY__ 0.2236512342004692 off 0.1404368911828927	false	1.0
m			__DUMMY__ 0.4637704333092129 neg 0.30075525019995664 off 0.23547431649083045	false	0.0
abgestanden	neg 1.0		__DUMMY__ 0.4617648096188234 neg 0.30002103004990477 off 0.2382141603312719	false	1.0
schmierig	off 1.0		__DUMMY__ 0.45895527258921 neg 0.2916446565466409 off 0.2494000708641493	false	0.5
unpraktisch	neg 1.0		__DUMMY__ 0.4638676438694777 neg 0.29649041508724583 off 0.2396419410432764	false	1.0
wixxer	off 1.0		__DUMMY__ 0.454661456995361 neg 0.29046159020147755 off 0.2548769528031613	false	0.5
bezeichnet			__DUMMY__ 0.4611296097554852 neg 0.30209969596310093 off 0.23677069428141395	false	0.0
jammerlappen	off 1.0		__DUMMY__ 0.46002684991442466 neg 0.29678389874796646 off 0.24318925133760885	false	0.5
farce	neg 1.0		__DUMMY__ 0.45891686174585716 neg 0.3071418994046463 off 0.23394123884949655	false	1.0
zwecklos	neg 1.0		__DUMMY__ 0.4614723596722151 neg 0.30351081964518517 off 0.23501682068259988	false	1.0
turbulent	neg 1.0		__DUMMY__ 0.4586756659387474 neg 0.29819185860276715 off 0.24313247545848538	false	1.0
invasion	neg 1.0		__DUMMY__ 0.46188798878701903 neg 0.29743243337352904 off 0.24067957783945196	false	1.0
schuld	neg 1.0		__DUMMY__ 0.4616406582147871 neg 0.29965494302665396 off 0.23870439875855887	false	1.0
risiko	neg 1.0		__DUMMY__ 0.46330408078812896 neg 0.29828131752566284 off 0.23841460168620815	false	1.0
finster	neg 1.0		__DUMMY__ 0.46305092920718105 neg 0.29771505127381115 off 0.23923401951900783	false	1.0
geisteskrank	off 1.0		__DUMMY__ 0.45809037853071943 neg 0.2973127218911472 off 0.24459689957813344	false	0.5
zusammenbrechen	neg 1.0		__DUMMY__ 0.4636480413131603 neg 0.2998378198950455 off 0.23651413879179425	false	1.0
ausbeute	neg 1.0		__DUMMY__ 0.46713125965112456 neg 0.29909439912626673 off 0.2337743412226088	false	1.0
hinterhalt	neg 1.0		__DUMMY__ 0.46410179008176106 neg 0.2999814999411332 off 0.23591670997710576	false	1.0
kritik	neg 1.0		__DUMMY__ 0.45931110195826885 neg 0.3068006060900612 off 0.23388829195166985	false	1.0
einschrumpfen	neg 1.0		__DUMMY__ 0.4573946749610193 neg 0.30300050088814534 off 0.23960482415083542	false	1.0
riskant	neg 1.0		__DUMMY__ 0.4619578749606466 neg 0.3050052323175795 off 0.233036892721774	false	1.0
frustrieren	neg 1.0		__DUMMY__ 0.46289012231347887 neg 0.30343850557325985 off 0.2336713721132614	false	1.0
groll	neg 1.0		__DUMMY__ 0.4626730894835297 neg 0.3022087525889948 off 0.23511815792747554	false	1.0
gibt			__DUMMY__ 0.4627786164595437 neg 0.30148310483397545 off 0.23573827870648076	false	0.0
qualvoll	neg 1.0		__DUMMY__ 0.4627057669538974 neg 0.2950865286141454 off 0.24220770443195716	false	1.0
wackeln	neg 1.0	neg 1.0	neg 0.6380067595297356 __DUMMY__ 0.22593981932471124 off 0.13605342114555313	false	1.0
klagen	neg 1.0		__DUMMY__ 0.4634983565671455 neg 0.3070819977212229 off 0.22941964571163162	false	1.0
bankrott	neg 1.0		__DUMMY__ 0.46120395700867506 neg 0.29653251105557943 off 0.24226353193574557	false	1.0
trauern	neg 1.0		__DUMMY__ 0.46491644856805664 neg 0.3008609404645103 off 0.23422261096743305	false	1.0
ablehnung	neg 1.0		__DUMMY__ 0.4590993372026362 neg 0.30703801918998036 off 0.2338626436073834	false	1.0
stur	neg 1.0		__DUMMY__ 0.46105708984511695 neg 0.2997044427574397 off 0.2392384673974433	false	1.0
aufruhr	neg 1.0		__DUMMY__ 0.4615625034627376 neg 0.30235081695119587 off 0.23608667958606666	false	1.0
melancholie	neg 1.0		__DUMMY__ 0.4645022136435402 neg 0.3000430779112228 off 0.23545470844523708	false	1.0
ist			__DUMMY__ 0.4618873991971808 neg 0.2982068582733761 off 0.23990574252944302	false	0.0
torheit	neg 1.0		__DUMMY__ 0.459737020869033 neg 0.3025498657169719 off 0.23771311341399506	false	1.0
dreckskind	off 1.0		__DUMMY__ 0.45606565523864956 neg 0.29411230541712624 off 0.24982203934422423	false	0.5
umtauschen	neg 1.0		__DUMMY__ 0.4631580649445987 neg 0.29935626067805104 off 0.23748567437735033	false	1.0
zum			__DUMMY__ 0.4709482785879885 neg 0.29967872306021215 off 0.22937299835179933	false	0.0
zersetzen	neg 1.0		__DUMMY__ 0.4615768380544126 neg 0.3072253721375218 off 0.23119778980806555	false	1.0
zur			__DUMMY__ 0.4666527329359336 neg 0.30654733904293907 off 0.22679992802112722	false	0.0
frust	neg 1.0		__DUMMY__ 0.4636954986900362 neg 0.2999746731850957 off 0.23632982812486825	false	1.0
unerbittlichkeit	neg 1.0		__DUMMY__ 0.4621967594610016 neg 0.3062025958426051 off 0.23160064469639322	false	1.0
zwei			__DUMMY__ 0.4690779623950179 neg 0.29962439099778493 off 0.23129764660719698	false	0.0
unkorrekt	neg 1.0		__DUMMY__ 0.45658696407826865 neg 0.297998219733706 off 0.24541481618802535	false	1.0
hexe	off 1.0		__DUMMY__ 0.4603242915073969 neg 0.295601165922298 off 0.24407454257030506	false	0.5
lasch	neg 1.0		__DUMMY__ 0.4590739181178769 neg 0.29963588353184106 off 0.24129019835028212	false	1.0
rivale	neg 1.0		__DUMMY__ 0.46069355999467027 neg 0.2925049957139235 off 0.24680144429140619	false	1.0
mutlos	off 1.0	off 1.0	off 0.6021178491588581 __DUMMY__ 0.22372467844590102 neg 0.17415747239524082	false	1.0
wirr	off 1.0		__DUMMY__ 0.4569362275251295 neg 0.29718348301616304 off 0.24588028945870752	false	0.5
jahr			__DUMMY__ 0.4687792744043888 neg 0.29780839648255447 off 0.2334123291130565	false	0.0
wird			__DUMMY__ 0.4638278010241379 neg 0.3017063255330467 off 0.23446587344281528	false	0.0
strafbar	neg 1.0		__DUMMY__ 0.4613910911162715 neg 0.30566681033572984 off 0.23294209854799866	false	1.0
erosion	neg 1.0		__DUMMY__ 0.46314184016970295 neg 0.2980676673624326 off 0.23879049246786443	false	1.0
eingehen	neg 1.0		__DUMMY__ 0.4612976620660272 neg 0.3046344117543263 off 0.23406792617964658	false	1.0
faul	off 1.0		__DUMMY__ 0.4616892210336633 neg 0.2954842495286102 off 0.24282652943772645	false	0.5
provisorium	neg 1.0		__DUMMY__ 0.46779749052667674 neg 0.30746481194380404 off 0.22473769752951908	false	1.0
schmerzen	neg 1.0		__DUMMY__ 0.4628011334937713 neg 0.2993744907267653 off 0.23782437577946336	false	1.0
schrumpfen	neg 1.0		__DUMMY__ 0.4646379952210609 neg 0.3087913758825082 off 0.22657062889643093	false	1.0
geistlos	off 1.0		__DUMMY__ 0.4568163863879653 neg 0.3042401167234784 off 0.23894349688855637	false	0.5
fehlkauf	neg 1.0		__DUMMY__ 0.4604121675912855 neg 0.3003948444422182 off 0.2391929879664963	false	1.0
frustrierend	neg 1.0		__DUMMY__ 0.4623222055612769 neg 0.29479805751702876 off 0.24287973692169432	false	1.0
unzufrieden	neg 1.0		__DUMMY__ 0.461630043875031 neg 0.3034690066574282 off 0.23490094946754084	false	1.0
verzweifeln	neg 1.0		__DUMMY__ 0.4627426719727372 neg 0.2998614021353538 off 0.237395925891909	false	1.0
verzweifelt	neg 1.0		__DUMMY__ 0.4610658935395917 neg 0.29962318749193306 off 0.23931091896847537	false	1.0
misstrauensantrag	neg 1.0		__DUMMY__ 0.4596760652936955 neg 0.3007308857555028 off 0.23959304895080177	false	1.0
abfallen	neg 1.0		__DUMMY__ 0.4643287094643701 neg 0.29549621862476066 off 0.24017507191086934	false	1.0
fucker	off 1.0		__DUMMY__ 0.4583862923805049 neg 0.2964259908262914 off 0.24518771679320372	false	0.5
ungezogen	neg 1.0		__DUMMY__ 0.45737747037710313 neg 0.28847773555438244 off 0.25414479406851437	false	1.0
irrsinnig	neg 1.0	neg 1.0	neg 0.640649779245173 __DUMMY__ 0.22372617177033988 off 0.1356240489844872	false	1.0
unfassbar	neg 1.0		__DUMMY__ 0.4602215328488332 neg 0.29556992985662417 off 0.24420853729454275	false	1.0
hart	neg 1.0		__DUMMY__ 0.459532056357035 neg 0.29946302819939713 off 0.2410049154435679	false	1.0
widerlich	off 1.0		__DUMMY__ 0.4581376978477647 neg 0.29733207514516846 off 0.24453022700706678	false	0.5
fatal	neg 1.0		__DUMMY__ 0.46056224370607446 neg 0.2997987397029271 off 0.2396390165909985	false	1.0
bruch	neg 1.0		__DUMMY__ 0.4627880669650022 neg 0.30783853418440227 off 0.22937339885059557	false	1.0
aushungern	neg 1.0		__DUMMY__ 0.45964149508737573 neg 0.30515232711859347 off 0.23520617779403083	false	1.0
anspannung	neg 1.0	neg 1.0	neg 0.6406815760143248 __DUMMY__ 0.22905566429882065 off 0.13026275968685444	false	1.0
von			__DUMMY__ 0.467848242189243 neg 0.3000026524391353 off 0.2321491053716217	false	0.0
kraftlos	neg 1.0		__DUMMY__ 0.4651012745079398 neg 0.2986469641977526 off 0.23625176129430767	false	1.0
vom			__DUMMY__ 0.47063625747359367 neg 0.30268911532107723 off 0.2266746272053291	false	0.0
grenzdebil	off 1.0		__DUMMY__ 0.4600189252866962 neg 0.2946155852894759 off 0.2453654894238279	false	0.5
vor			__DUMMY__ 0.4648358326902381 neg 0.3035502289634637 off 0.23161393834629831	false	0.0
unterwerfen	neg 1.0		__DUMMY__ 0.46310122787096214 neg 0.3034576786861328 off 0.23344109344290506	false	1.0
versenkung	neg 1.0		__DUMMY__ 0.46280589377828524 neg 0.304257417058091 off 0.23293668916362378	false	1.0
entziehen	neg 1.0		__DUMMY__ 0.4635219425432899 neg 0.30622438243049255 off 0.23025367502621757	false	1.0
finanzkrise	neg 1.0		__DUMMY__ 0.4582536138972441 neg 0.3069969090063595 off 0.2347494770963964	false	1.0
schimpfend	neg 1.0		__DUMMY__ 0.4651583374075921 neg 0.29465393382102417 off 0.24018772877138364	false	1.0
profan	neg 1.0		__DUMMY__ 0.4609776141332912 neg 0.2980436649230879 off 0.24097872094362094	false	1.0
korruption	neg 1.0	neg 1.0	neg 0.6447831495073324 __DUMMY__ 0.22286756907866084 off 0.1323492814140068	false	1.0
â			__DUMMY__ 0.463471326465148 neg 0.30249831860021903 off 0.23403035493463295	false	0.0
schmutzig	neg 1.0		__DUMMY__ 0.46057338908342205 neg 0.29459244316087796 off 0.24483416775569988	false	1.0
sexy	neg 1.0		__DUMMY__ 0.46093190291578545 neg 0.29739079721851275 off 0.2416772998657018	false	1.0
abraten	neg 1.0		__DUMMY__ 0.46143277773787866 neg 0.2986846992495974 off 0.2398825230125239	false	1.0
schwarz	neg 1.0		__DUMMY__ 0.46085318424014277 neg 0.30011650245811905 off 0.23903031330173816	false	1.0
fotze	off 1.0		__DUMMY__ 0.4619916925703906 neg 0.3050743064722255 off 0.23293400095738384	false	0.5
verwirren	neg 1.0		__DUMMY__ 0.4611492869465686 neg 0.2975361009873122 off 0.24131461206611932	false	1.0
zahnlos	off 1.0		__DUMMY__ 0.46119428297731485 neg 0.3040526881382874 off 0.23475302888439767	false	0.5
verheeren	neg 1.0		__DUMMY__ 0.45686895610081 neg 0.2881842022748608 off 0.25494684162432907	false	1.0
hippie	neg 1.0		__DUMMY__ 0.4604836870965004 neg 0.2986372140609087 off 0.24087909884259096	false	1.0
rammen	neg 1.0		__DUMMY__ 0.460299344842754 neg 0.30186325339754944 off 0.23783740175969664	false	1.0
unlauter	neg 1.0		__DUMMY__ 0.4576866228303186 neg 0.3057239030386619 off 0.23658947413101944	false	1.0
unheilvoll	neg 1.0		__DUMMY__ 0.46355086055692113 neg 0.2952610361808921 off 0.24118810326218687	false	1.0
niedrig	neg 1.0		__DUMMY__ 0.4628317093744546 neg 0.30507575108538215 off 0.23209253954016335	false	1.0
explosion	neg 1.0		__DUMMY__ 0.46036472002749507 neg 0.29947282748953297 off 0.24016245248297205	false	1.0
weichei	off 1.0		__DUMMY__ 0.4567777578605268 neg 0.2929976111348245 off 0.25022463100464876	false	0.5
minusmensch	off 1.0		__DUMMY__ 0.45187898013828404 neg 0.2953682667877975 off 0.2527527530739183	false	0.5
farblos	neg 1.0		__DUMMY__ 0.4658446994975708 neg 0.2965194168660775 off 0.23763588363635174	false	1.0
unwissend	neg 1.0	neg 1.0	neg 0.6384099864453865 __DUMMY__ 0.223128759384611 off 0.13846125417000266	false	1.0
traurig	neg 1.0		__DUMMY__ 0.46009360007747924 neg 0.29209501435949986 off 0.24781138556302093	false	1.0
senkung	neg 1.0		__DUMMY__ 0.45866889137796923 neg 0.30151637344372834 off 0.23981473517830237	false	1.0
ungleich	neg 1.0	neg 1.0	neg 0.6442946192506834 __DUMMY__ 0.22382770888070122 off 0.13187767186861538	false	1.0
heikel	neg 1.0		__DUMMY__ 0.46208522548090886 neg 0.3062732473940555 off 0.23164152712503575	false	1.0
drosselung	neg 1.0		__DUMMY__ 0.4600680279441505 neg 0.2952955550223812 off 0.24463641703346828	false	1.0
falsch	neg 1.0		__DUMMY__ 0.46083173679198847 neg 0.2965577007313539 off 0.24261056247665772	false	1.0
unzufriedenheit	neg 1.0		__DUMMY__ 0.46283228569946055 neg 0.305971847618224 off 0.23119586668231543	false	1.0
kurz	neg 1.0		__DUMMY__ 0.46539769941257914 neg 0.29761942210597997 off 0.23698287848144106	false	1.0
unsinnig	neg 1.0		__DUMMY__ 0.46034230486486366 neg 0.30459532625387525 off 0.23506236888126109	false	1.0
penner	off 1.0	off 1.0	off 0.6135954602085357 __DUMMY__ 0.2213935705576731 neg 0.16501096923379122	false	1.0
seicht	neg 1.0		__DUMMY__ 0.45461668966735214 neg 0.2924283077904777 off 0.2529550025421701	false	1.0
dummheit	off 1.0	off 1.0	off 0.6064859837757212 __DUMMY__ 0.22284605585032324 neg 0.1706679603739556	false	1.0
unerfreulich	neg 1.0		__DUMMY__ 0.463874455744191 neg 0.3049867486192058 off 0.23113879563660325	false	1.0
motherfucker	off 1.0	off 1.0	off 0.6091731581340415 __DUMMY__ 0.22196398697566888 neg 0.16886285489028963	false	1.0
pikiert	neg 1.0		__DUMMY__ 0.45811259402131915 neg 0.29873978757578284 off 0.24314761840289792	false	1.0
wrack	neg 1.0		__DUMMY__ 0.4663949600887 neg 0.29934380223033663 off 0.23426123768096319	false	1.0
gangster	neg 1.0		__DUMMY__ 0.4610783895023207 neg 0.29828027750238706 off 0.24064133299529206	false	1.0
krank	neg 1.0		__DUMMY__ 0.4614758722168986 neg 0.2923427324114474 off 0.2461813953716541	false	1.0
reich	neg 1.0		__DUMMY__ 0.45937187989520417 neg 0.29864713383973385 off 0.24198098626506204	false	1.0
gnadenlos	neg 1.0		__DUMMY__ 0.4619270673236024 neg 0.29926142017110924 off 0.2388115125052882	false	1.0
niedergeschlagen	neg 1.0		__DUMMY__ 0.46396033033664136 neg 0.2992977960287899 off 0.2367418736345687	false	1.0
terrorisieren	off 1.0	off 1.0	off 0.6027940017763367 __DUMMY__ 0.22482396267507004 neg 0.1723820355485932	false	1.0
sinnlosigkeit	neg 1.0		__DUMMY__ 0.46214752770530687 neg 0.3025472278029173 off 0.23530524449177587	false	1.0
behindern	neg 1.0		__DUMMY__ 0.4611978619149814 neg 0.30246332285453253 off 0.23633881523048614	false	1.0
undemokratisch	neg 1.0		__DUMMY__ 0.4583496409055833 neg 0.3044663089728741 off 0.23718405012154276	false	1.0
wirtschaftskrise	neg 1.0		__DUMMY__ 0.4604732277210544 neg 0.306705782139946 off 0.23282099013899968	false	1.0
neid	neg 1.0		__DUMMY__ 0.4638191317094312 neg 0.2916790902417473 off 0.2445017780488215	false	1.0
rutschen	neg 1.0	neg 1.0	neg 0.639849520069145 __DUMMY__ 0.22870485149361253 off 0.13144562843724253	false	1.0
rezession	neg 1.0		__DUMMY__ 0.45476791000254074 neg 0.29868051737460727 off 0.24655157262285193	false	1.0
fehlgeburt	neg 1.0		__DUMMY__ 0.46295448301370246 neg 0.29653583712968395 off 0.24050967985661365	false	1.0
charakterschwach	off 1.0		__DUMMY__ 0.45911118258629846 neg 0.2964213283396189 off 0.24446748907408267	false	0.5
isolation	neg 1.0		__DUMMY__ 0.4621849875333446 neg 0.2950423577654099 off 0.24277265470124554	false	1.0
ablenkung	neg 1.0		__DUMMY__ 0.46267313473302263 neg 0.29895857966123374 off 0.23836828560574364	false	1.0
pech	neg 1.0		__DUMMY__ 0.46192313135734986 neg 0.29554693069248744 off 0.24252993795016276	false	1.0
vermeidung	neg 1.0		__DUMMY__ 0.458354356727644 neg 0.29728417917899963 off 0.24436146409335627	false	1.0
dominieren	neg 1.0		__DUMMY__ 0.4657751869153668 neg 0.2994061913045842 off 0.234818621780049	false	1.0
schwindlig	neg 1.0		__DUMMY__ 0.46409507787461274 neg 0.29428321208067265 off 0.24162171004471467	false	1.0
lutscher	neg 1.0	neg 1.0	neg 0.6352585819493973 __DUMMY__ 0.22049789240919648 off 0.14424352564140624	false	1.0
pflicht	neg 1.0		__DUMMY__ 0.46282120219880546 neg 0.30541848008501343 off 0.231760317716181	false	1.0
faschist	off 1.0		__DUMMY__ 0.4580509063906696 neg 0.30213123293702326 off 0.23981786067230726	false	0.5
verschleudern	neg 1.0		__DUMMY__ 0.45891933882331365 neg 0.30978941179704195 off 0.23129124937964443	false	1.0
wenn			__DUMMY__ 0.46094601895281695 neg 0.29612261302571347 off 0.24293136802146956	false	0.0
ehebruch	neg 1.0		__DUMMY__ 0.46156784766089964 neg 0.3049446027939619 off 0.23348754954513853	false	1.0
spott	off 1.0		__DUMMY__ 0.46105518002970913 neg 0.3063131004569108 off 0.2326317195133801	false	0.5
trostlosigkeit	neg 1.0		__DUMMY__ 0.4634896700711711 neg 0.30602769665721985 off 0.23048263327160917	false	1.0
lutschen	neg 1.0		__DUMMY__ 0.4591805469638281 neg 0.30112923792471713 off 0.2396902151114546	false	1.0
undiszipliniert	neg 1.0		__DUMMY__ 0.45990151876036706 neg 0.29347795196763654 off 0.2466205292719964	false	1.0
kopfschmerz	neg 1.0		__DUMMY__ 0.4642723932043669 neg 0.2990676886662339 off 0.23665991812939924	false	1.0
unvorhergesehen	neg 1.0		__DUMMY__ 0.4672135276196023 neg 0.2978271834733456 off 0.23495928890705212	false	1.0
desinteressiert	neg 1.0		__DUMMY__ 0.45881977427697945 neg 0.29513175117360413 off 0.24604847454941658	false	1.0
armselig	off 1.0		__DUMMY__ 0.45696900110601596 neg 0.29649074090588357 off 0.24654025798810048	false	0.5
desaster	neg 1.0		__DUMMY__ 0.4627966460877025 neg 0.3084764515812116 off 0.228726902331086	false	1.0
tod	neg 1.0		__DUMMY__ 0.4636669021974358 neg 0.30226352350397906 off 0.2340695742985851	false	1.0
herzlos	neg 1.0		__DUMMY__ 0.45820085319582365 neg 0.29416004308338395 off 0.2476391037207924	false	1.0
unwissenheit	neg 1.0		__DUMMY__ 0.46021015632238915 neg 0.30557254446176085 off 0.23421729921585008	false	1.0
widersinnig	neg 1.0	neg 1.0	neg 0.6444472752045572 __DUMMY__ 0.2225407154822948 off 0.1330120093131479	false	1.0
bedenklich	neg 1.0		__DUMMY__ 0.461649921022945 neg 0.3050727115142939 off 0.23327736746276118	false	1.0
beanstanden	neg 1.0		__DUMMY__ 0.46312279098407566 neg 0.3058022419607685 off 0.23107496705515587	false	1.0
panisch	neg 1.0	neg 1.0	neg 0.6359365876573705 __DUMMY__ 0.22633686692480656 off 0.1377265454178231	false	1.0
debil	off 1.0		__DUMMY__ 0.46530496718423414 neg 0.30900147395924366 off 0.2256935588565223	false	0.5
abstrich	neg 1.0		__DUMMY__ 0.46205543078210926 neg 0.3042274636593077 off 0.23371710555858316	false	1.0
primitiv	neg 1.0		__DUMMY__ 0.4581453244598398 neg 0.29679405261619224 off 0.245060622923968	false	1.0
abschaum	off 1.0	off 1.0	off 0.6080206611533627 __DUMMY__ 0.22280367085923533 neg 0.16917566798740186	false	1.0
provozieren	neg 1.0		__DUMMY__ 0.46088052453820383 neg 0.30092919744273905 off 0.23819027801905698	false	1.0
tot	neg 1.0		__DUMMY__ 0.4634377010367216 neg 0.3031613987866874 off 0.2334009001765909	false	1.0
instabil	neg 1.0		__DUMMY__ 0.45653743665986785 neg 0.2993787455273022 off 0.24408381781282995	false	1.0
schwuchtel	off 1.0		__DUMMY__ 0.4522424780210283 neg 0.28931013072469874 off 0.258447391254273	false	0.5
zerren	neg 1.0		__DUMMY__ 0.4641318707384218 neg 0.298905695720027 off 0.2369624335415512	false	1.0
kinderficker	off 1.0		__DUMMY__ 0.4558853301931288 neg 0.29496455254363635 off 0.24915011726323488	false	0.5
gefahr	neg 1.0		__DUMMY__ 0.46297896418445417 neg 0.3057123552767944 off 0.23130868053875142	false	1.0
rabiat	neg 1.0		__DUMMY__ 0.46080453549952594 neg 0.30188618610121665 off 0.23730927839925753	false	1.0
verlangsamung	neg 1.0		__DUMMY__ 0.45528530986940385 neg 0.29374707901569413 off 0.2509676111149019	false	1.0
ausgestorben	neg 1.0		__DUMMY__ 0.4634776661790136 neg 0.29895470610732505 off 0.23756762771366138	false	1.0
anklagen	neg 1.0		__DUMMY__ 0.46066594780813214 neg 0.3044490068016366 off 0.2348850453902313	false	1.0
trott	neg 1.0		__DUMMY__ 0.4627459105894794 neg 0.30006025738647174 off 0.23719383202404878	false	1.0
verminderung	neg 1.0		__DUMMY__ 0.45893152046214425 neg 0.29545781007086164 off 0.24561066946699406	false	1.0
nach			__DUMMY__ 0.46999859481899564 neg 0.30053771784145467 off 0.22946368733954986	false	0.0
rost	neg 1.0		__DUMMY__ 0.45721148381005755 neg 0.2926165355315052 off 0.25017198065843727	false	1.0
destruktiv	neg 1.0		__DUMMY__ 0.4596508131467819 neg 0.3040353217783409 off 0.23631386507487714	false	1.0
unzumutbarkeit	neg 1.0		__DUMMY__ 0.461277944500358 neg 0.29538395044415905 off 0.243338105055483	false	1.0
labil	off 1.0	off 1.0	off 0.6079070596179915 __DUMMY__ 0.2227595715449006 neg 0.1693333688371079	false	1.0
ziemlich	neg 1.0		__DUMMY__ 0.46128957239647306 neg 0.29358184928893793 off 0.24512857831458906	false	1.0
lachnummer	off 1.0		__DUMMY__ 0.4611851608396377 neg 0.3016295745451488 off 0.23718526461521344	false	0.5
oder			__DUMMY__ 0.4637642513616254 neg 0.29747821655553186 off 0.2387575320828427	false	0.0
verfall	neg 1.0		__DUMMY__ 0.4636357114837867 neg 0.31021278357351495 off 0.22615150494269842	false	1.0
ausgrenzung	neg 1.0		__DUMMY__ 0.4575865802821168 neg 0.3046613566897706 off 0.2377520630281125	false	1.0
unordnung	neg 1.0		__DUMMY__ 0.4607444888243543 neg 0.295235598925708 off 0.2440199122499376	false	1.0
fehlverhalten	neg 1.0		__DUMMY__ 0.46177452447371053 neg 0.3065289041114622 off 0.2316965714148274	false	1.0
eine			__DUMMY__ 0.46404818452832797 neg 0.3041759009453243 off 0.23177591452634774	false	0.0
nille	neg 1.0		__DUMMY__ 0.46193405815518035 neg 0.30193585791963623 off 0.2361300839251834	false	1.0
qual	neg 1.0		__DUMMY__ 0.46240439856221205 neg 0.30078051614705237 off 0.2368150852907355	false	1.0
verschwenden	neg 1.0		__DUMMY__ 0.4618454782489129 neg 0.3042374633019038 off 0.2339170584491833	false	1.0
riesig	neg 1.0	neg 1.0	neg 0.6411494035979707 __DUMMY__ 0.22576164437196763 off 0.13308895203006169	false	1.0
verurteilen	neg 1.0		__DUMMY__ 0.4608463549768684 neg 0.3047152510034787 off 0.23443839401965288	false	1.0
klischee	neg 1.0	neg 1.0	neg 0.6402473128357166 __DUMMY__ 0.22266857441354032 off 0.1370841127507432	false	1.0
diktatorisch	neg 1.0		__DUMMY__ 0.4568883664719358 neg 0.30583333012747566 off 0.2372783034005886	false	1.0
vorhersehbar	neg 1.0	neg 1.0	neg 0.6400190081725041 __DUMMY__ 0.22318312448257832 off 0.13679786734491756	false	1.0
sowie			__DUMMY__ 0.4561528261777718 neg 0.2947174216489126 off 0.2491297521733156	false	0.0
stornieren	neg 1.0		__DUMMY__ 0.4662681208307801 neg 0.2935361051255608 off 0.240195774043659	false	1.0
besteuerung	neg 1.0		__DUMMY__ 0.4584628246938454 neg 0.304509385297069 off 0.23702779000908564	false	1.0
ungeschminkt	neg 1.0		__DUMMY__ 0.45847974851585604 neg 0.2972949293684945 off 0.2442253221156495	false	1.0
kritisch	neg 1.0		__DUMMY__ 0.46207428244196747 neg 0.30472606595780055 off 0.233199651600232	false	1.0
schlamperei	off 1.0		__DUMMY__ 0.4609665629771986 neg 0.30770230740658794 off 0.2313311296162135	false	0.5
sucht	neg 1.0	neg 1.0	neg 0.6402202807341492 __DUMMY__ 0.22478845077131365 off 0.13499126849453716	false	1.0
egoistisch	off 1.0		__DUMMY__ 0.45807978998204846 neg 0.2912496989898498 off 0.2506705110281018	false	0.5
ausbeuter	off 1.0		__DUMMY__ 0.4604955011905683 neg 0.3084888089565799 off 0.23101568985285176	false	0.5
arschgeburt	off 1.0		__DUMMY__ 0.45178369009168656 neg 0.28977649733932387 off 0.25843981256898957	false	0.5
schubs	neg 1.0	neg 1.0	neg 0.639634715830232 __DUMMY__ 0.22625641754798254 off 0.1341088666217854	false	1.0
unsolide	neg 1.0		__DUMMY__ 0.45464369559188417 neg 0.30831323360431273 off 0.23704307080380319	false	1.0
beschwerde	neg 1.0		__DUMMY__ 0.46062035379531396 neg 0.3079668395774291 off 0.2314128066272569	false	1.0
stocken	neg 1.0		__DUMMY__ 0.4616972435078652 neg 0.30573564872287423 off 0.23256710776926046	false	1.0
isolieren	neg 1.0		__DUMMY__ 0.4612942310867761 neg 0.3048132535221291 off 0.23389251539109487	false	1.0
unheilbar	neg 1.0		__DUMMY__ 0.46315358135541657 neg 0.2980709916260835 off 0.2387754270184999	false	1.0
pisser	off 1.0		__DUMMY__ 0.4580932074320068 neg 0.2966355108841748 off 0.24527128168381834	false	0.5
löschen	neg 1.0		__DUMMY__ 0.46192809373421834 neg 0.3006258874171925 off 0.23744601884858932	false	1.0
durchfallen	neg 1.0		__DUMMY__ 0.46080155565968867 neg 0.3048281387830645 off 0.2343703055572468	false	1.0
wichser	off 1.0		__DUMMY__ 0.45601760278747877 neg 0.2881452808282518 off 0.25583711638426926	false	0.5
terror	neg 1.0		__DUMMY__ 0.4620285791846279 neg 0.2969168135204898 off 0.2410546072948823	false	1.0
krass	neg 1.0		__DUMMY__ 0.4580777109764509 neg 0.2937777642523774 off 0.24814452477117172	false	1.0
revolte	neg 1.0	neg 1.0	neg 0.6418391889121435 __DUMMY__ 0.22246756011718766 off 0.1356932509706688	false	1.0
besorgt	neg 1.0		__DUMMY__ 0.46545334843694663 neg 0.29816606907375826 off 0.23638058248929517	false	1.0
nachlassen	neg 1.0		__DUMMY__ 0.46343044869148764 neg 0.3037072153867669 off 0.23286233592174554	false	1.0
alt	neg 1.0		__DUMMY__ 0.4633071254135151 neg 0.30259076026151743 off 0.23410211432496753	false	1.0
hundesohn	off 1.0		__DUMMY__ 0.45406789369914186 neg 0.2929486690529226 off 0.2529834372479356	false	0.5
als			__DUMMY__ 0.464290929411492 neg 0.2994501088382884 off 0.23625896175021954	false	0.0
abschreckung	neg 1.0		__DUMMY__ 0.4627829198631957 neg 0.30698539393639984 off 0.23023168620040443	false	1.0
unqualifiziert	neg 1.0		__DUMMY__ 0.4579565915321723 neg 0.30160325463134624 off 0.24044015383648168	false	1.0
abgewichst	off 1.0		__DUMMY__ 0.4628083134565601 neg 0.30146663920659655 off 0.23572504733684335	false	0.5
schwer	neg 1.0		__DUMMY__ 0.4626885711544227 neg 0.29943257292639863 off 0.23787885591917873	false	1.0
bedeutungslosigkeit	neg 1.0		__DUMMY__ 0.46258689488621013 neg 0.3060552696427762 off 0.23135783547101357	false	1.0
kapitulation	neg 1.0		__DUMMY__ 0.4591257177510503 neg 0.3091806703051382 off 0.23169361194381155	false	1.0
unscharf	neg 1.0		__DUMMY__ 0.46101906939168724 neg 0.29865897015421716 off 0.24032196045409565	false	1.0
schwinden	neg 1.0		__DUMMY__ 0.4630766104867283 neg 0.3055591693382159 off 0.23136422017505576	false	1.0
versklavung	neg 1.0		__DUMMY__ 0.4570464624771524 neg 0.3061127964550634 off 0.23684074106778424	false	1.0
schlecht	neg 1.0		__DUMMY__ 0.4613676478980066 neg 0.2933542315626086 off 0.2452781205393848	false	1.0
verhasst	neg 1.0		__DUMMY__ 0.46114942783721485 neg 0.3000483490584911 off 0.23880222310429403	false	1.0
beschweren	neg 1.0		__DUMMY__ 0.4618331293216862 neg 0.298068768005973 off 0.24009810267234077	false	1.0
scheiden	neg 1.0		__DUMMY__ 0.467536323797195 neg 0.2922415326390606 off 0.24022214356374447	false	1.0
frustriert	neg 1.0		__DUMMY__ 0.4628521381252182 neg 0.30052832442093014 off 0.23661953745385159	false	1.0
schimmelig	neg 1.0		__DUMMY__ 0.463573108824607 neg 0.3031159814562856 off 0.23331090971910734	false	1.0
fisch	neg 1.0		__DUMMY__ 0.4672983540825155 neg 0.2995345300638309 off 0.2331671158536536	false	1.0
schmuggel	neg 1.0		__DUMMY__ 0.4655534125882781 neg 0.30214835084528036 off 0.23229823656644158	false	1.0
auffallen	neg 1.0		__DUMMY__ 0.4616851962602451 neg 0.29741463633352244 off 0.24090016740623235	false	1.0
konkurrenz	neg 1.0	neg 1.0	neg 0.6428293582374888 __DUMMY__ 0.22606538535116844 off 0.13110525641134285	false	1.0
teufelskreis	neg 1.0	neg 1.0	neg 0.6416844287876142 __DUMMY__ 0.22393774324473634 off 0.13437782796764944	false	1.0
aufschreien	neg 1.0		__DUMMY__ 0.4605020312195056 neg 0.299197432500201 off 0.2403005362802935	false	1.0
schuldner	neg 1.0		__DUMMY__ 0.462903361962648 neg 0.3055194791657553 off 0.23157715887159672	false	1.0
missgeburt	off 1.0	off 1.0	off 0.6116344143740325 __DUMMY__ 0.22114767759798423 neg 0.1672179080279832	false	1.0
arbeitslos	neg 1.0		__DUMMY__ 0.4609865340047616 neg 0.30425586966268425 off 0.2347575963325542	false	1.0
befallen	neg 1.0		__DUMMY__ 0.46023177592984854 neg 0.3050348423209796 off 0.23473338174917188	false	1.0
miesepetrig	off 1.0	off 1.0	off 0.6092083350387615 __DUMMY__ 0.22389901976205517 neg 0.16689264519918334	false	1.0
alarmieren	neg 1.0		__DUMMY__ 0.45756427526195487 neg 0.30091129177548787 off 0.24152443296255732	false	1.0
ungeduscht	off 1.0		__DUMMY__ 0.46219782588075536 neg 0.29535513152147114 off 0.2424470425977735	false	0.5
knappheit	neg 1.0		__DUMMY__ 0.46028965549423007 neg 0.30743338743031184 off 0.23227695707545823	false	1.0
schlange	neg 1.0		__DUMMY__ 0.4647966843135047 neg 0.29411531621552506 off 0.2410879994709704	false	1.0
harsch	neg 1.0		__DUMMY__ 0.4601132673286516 neg 0.2903248632840015 off 0.24956186938734698	false	1.0
lang	neg 1.0		__DUMMY__ 0.46197241699762054 neg 0.30000797593549394 off 0.23801960706688555	false	1.0
ziellos	neg 1.0		__DUMMY__ 0.46471079405651966 neg 0.29967452170697506 off 0.23561468423650545	false	1.0
selbstverliebt	neg 1.0		__DUMMY__ 0.4532687104904603 neg 0.29083705463769993 off 0.25589423487183977	false	1.0
beseitigen	neg 1.0	neg 1.0	neg 0.639613206250144 __DUMMY__ 0.22566731150485483 off 0.13471948224500124	false	1.0
dumm	off 1.0		__DUMMY__ 0.45681828342204306 neg 0.2917686883012611 off 0.25141302827669576	false	0.5
arbeitsloser	neg 1.0		__DUMMY__ 0.4631445754009934 neg 0.30238793269855474 off 0.23446749190045182	false	1.0
blitzen	neg 1.0		__DUMMY__ 0.4604304236632011 neg 0.2985217828665498 off 0.24104779347024907	false	1.0
hilflos	neg 1.0		__DUMMY__ 0.4630620438029785 neg 0.30082842802169535 off 0.23610952817532616	false	1.0
eklig	off 1.0		__DUMMY__ 0.456594566037537 neg 0.29130118891522583 off 0.25210424504723716	false	0.5
begriff			__DUMMY__ 0.46106449037607533 neg 0.3030930164022028 off 0.2358424932217217	false	0.0
hungersnot	neg 1.0		__DUMMY__ 0.46131968652996075 neg 0.3037222359644488 off 0.2349580775055906	false	1.0
ungesetzlich	neg 1.0		__DUMMY__ 0.4561950209144533 neg 0.3058389018810087 off 0.23796607720453797	false	1.0
verschwendung	neg 1.0		__DUMMY__ 0.4630062327329317 neg 0.304172613800136 off 0.23282115346693222	false	1.0
schmerzvoll	neg 1.0		__DUMMY__ 0.46203611215010765 neg 0.2978648079309381 off 0.24009907991895404	false	1.0
vorzeitig	neg 1.0		__DUMMY__ 0.462205352407731 neg 0.29616528061275144 off 0.24162936697951756	false	1.0
unvollkommenheit	neg 1.0		__DUMMY__ 0.46527569621810966 neg 0.2989870399497409 off 0.23573726383214938	false	1.0
intervenieren	neg 1.0		__DUMMY__ 0.4602150126672822 neg 0.3085223356153406 off 0.23126265171737728	false	1.0
banause	off 1.0		__DUMMY__ 0.45446460853580106 neg 0.2916981211042902 off 0.25383727035990883	false	0.5
rebell	neg 1.0		__DUMMY__ 0.46358997347145836 neg 0.3077332309022954 off 0.22867679562624615	false	1.0
unlogisch	neg 1.0		__DUMMY__ 0.4585458603568592 neg 0.29407202196171234 off 0.2473821176814286	false	1.0
leiden	neg 1.0		__DUMMY__ 0.4694278082436121 neg 0.295916138145379 off 0.2346560536110089	false	1.0
abschaffung	neg 1.0		__DUMMY__ 0.4585182458280558 neg 0.3046561353334603 off 0.23682561883848402	false	1.0
sturz	neg 1.0		__DUMMY__ 0.4624422900327007 neg 0.29995184262218316 off 0.23760586734511596	false	1.0
verkleinerung	neg 1.0		__DUMMY__ 0.4561461231310258 neg 0.3047772151239405 off 0.23907666174503375	false	1.0
schmarotzer	off 1.0		__DUMMY__ 0.4605005356869027 neg 0.30508686549208264 off 0.23441259882101467	false	0.5
bestrafung	neg 1.0		__DUMMY__ 0.4613969362028024 neg 0.29934203718107827 off 0.23926102661611925	false	1.0
achtlos	neg 1.0		__DUMMY__ 0.46406279247457827 neg 0.297607274972966 off 0.23832993255245583	false	1.0
ungeheuer	neg 1.0		__DUMMY__ 0.4635894902810075 neg 0.29407454565682917 off 0.24233596406216332	false	1.0
unaufrichtig	neg 1.0		__DUMMY__ 0.4585076196101769 neg 0.3023878149742753 off 0.23910456541554784	false	1.0
groggy	neg 1.0		__DUMMY__ 0.4596508735837573 neg 0.30019113096903527 off 0.2401579954472075	false	1.0
verletzlich	neg 1.0		__DUMMY__ 0.45992478936375714 neg 0.2938813956739197 off 0.24619381496232326	false	1.0
