unsolidarisch	neg 1.0		__DUMMY__ 0.8706129381717526 neg 0.07524590953374709 off 0.054141152294500346	false	1.0
nachteilig	neg 1.0		__DUMMY__ 0.877419900687764 neg 0.07228347375858046 off 0.050296625553655536	false	1.0
skeptisch	neg 1.0		__DUMMY__ 0.8787102726865785 neg 0.07155255012081452 off 0.049737177192606945	false	1.0
schrecklich	neg 1.0		__DUMMY__ 0.8745836172539837 neg 0.06281668244508329 off 0.06259970030093297	false	1.0
schlapp	neg 1.0	neg 1.0	neg 0.5184344098039193 __DUMMY__ 0.4374198001519199 off 0.04414579004416071	false	1.0
abfall	neg 1.0		__DUMMY__ 0.8803908675592489 neg 0.07232341340691896 off 0.04728571903383223	false	1.0
widerspenstig	neg 1.0		__DUMMY__ 0.8787646999179608 neg 0.06743465045319913 off 0.05380064962884014	false	1.0
abrupt	neg 1.0		__DUMMY__ 0.8837956007617753 neg 0.06641943347652235 off 0.04978496576170228	false	1.0
unwirksam	neg 1.0		__DUMMY__ 0.8723568343812435 neg 0.07390440039017464 off 0.05373876522858182	false	1.0
angreifen	neg 1.0	neg 1.0	neg 0.5242134685882053 __DUMMY__ 0.43783788828539444 off 0.03794864312640023	false	1.0
inkonsistent	neg 1.0		__DUMMY__ 0.876773019534315 neg 0.06879572678543848 off 0.054431253680246545	false	1.0
abrutschen	neg 1.0		__DUMMY__ 0.8805624562766603 neg 0.07180907752668404 off 0.04762846619665566	false	1.0
unsicher	neg 1.0		__DUMMY__ 0.878939659526823 neg 0.06687270946316594 off 0.05418763101001112	false	1.0
bauernkind	off 1.0	off 1.0	off 0.5170383546954942 __DUMMY__ 0.4309674308186166 neg 0.0519942144858892	false	1.0
angreifer	neg 1.0		__DUMMY__ 0.8789918141911583 neg 0.06578177419701078 off 0.055226411611830874	false	1.0
trennen	neg 1.0		__DUMMY__ 0.885140726310073 neg 0.06452271206570473 off 0.050336561624222315	false	1.0
schmutz	neg 1.0		__DUMMY__ 0.8807165019392146 neg 0.06420837434081293 off 0.055075123719972474	false	1.0
inkonsistenz	neg 1.0		__DUMMY__ 0.872869037110162 neg 0.06924332374029442 off 0.05788763914954366	false	1.0
erschreckend	neg 1.0		__DUMMY__ 0.8774616585458346 neg 0.06926671558698327 off 0.05327162586718213	false	1.0
ertrinken	neg 1.0		__DUMMY__ 0.8809110360167037 neg 0.06811979607189589 off 0.05096916791140035	false	1.0
pickelface	off 1.0		__DUMMY__ 0.8770785831306698 neg 0.0707542872682382 off 0.05216712960109202	false	0.5
seiner			__DUMMY__ 0.8810793983227094 neg 0.06882500206062633 off 0.050095599616664196	false	0.0
lauch	neg 1.0		__DUMMY__ 0.8777392411570878 neg 0.07485650390458014 off 0.047404254938332085	false	1.0
unwichtig	neg 1.0		__DUMMY__ 0.8749453504357677 neg 0.06664797696760498 off 0.058406672596627345	false	1.0
steuerhinterziehung	neg 1.0		__DUMMY__ 0.8740684699476886 neg 0.0733593144149331 off 0.052572215637378246	false	1.0
schock	neg 1.0		__DUMMY__ 0.8819461448711151 neg 0.0648160480798806 off 0.05323780704900436	false	1.0
beule	neg 1.0		__DUMMY__ 0.8773531854223262 neg 0.06426187991883925 off 0.05838493465883451	false	1.0
vergelten	neg 1.0		__DUMMY__ 0.8775925900119842 off 0.061415741667535675 neg 0.060991668320480065	false	0.5
verdorbenheit	neg 1.0		__DUMMY__ 0.8788507332921204 neg 0.06800684803845014 off 0.053142418669429446	false	1.0
trauma	neg 1.0		__DUMMY__ 0.8769719409580342 neg 0.06809542345129918 off 0.05493263559066661	false	1.0
sinnlos	neg 1.0		__DUMMY__ 0.8779593993903335 neg 0.06583377652523133 off 0.05620682408443524	false	1.0
fettsack	off 1.0	off 1.0	off 0.518323325518292 __DUMMY__ 0.4324847457935473 neg 0.04919192868816079	false	1.0
feige	off 1.0	off 1.0	off 0.5148462681148714 __DUMMY__ 0.4336615584889198 neg 0.051492173396208735	false	1.0
abdanken	neg 1.0		__DUMMY__ 0.8751503839702174 neg 0.07130823157352235 off 0.053541384456260284	false	1.0
wichtigtuer	off 1.0	off 1.0	off 0.512799882055945 __DUMMY__ 0.43548990513238983 neg 0.05171021281166518	false	1.0
misslingen	neg 1.0		__DUMMY__ 0.8838909681298612 neg 0.06150267236185832 off 0.05460635950828043	false	1.0
untreu	off 1.0		__DUMMY__ 0.8740616325851481 neg 0.0664757832117585 off 0.059462584203093485	false	0.5
missmutig	neg 1.0		__DUMMY__ 0.8770178320987133 neg 0.0646464217320442 off 0.05833574616924255	false	1.0
hurenbock	off 1.0		__DUMMY__ 0.8792198759351801 neg 0.06586507170499382 off 0.054915052359826	false	0.5
betrunken	neg 1.0		__DUMMY__ 0.8777314922597367 neg 0.06174556667647579 off 0.06052294106378765	false	1.0
korrupt	off 1.0		__DUMMY__ 0.872724353605137 neg 0.07514860179135456 off 0.052127044603508504	false	0.5
unmut	neg 1.0		__DUMMY__ 0.8795724492390334 neg 0.0728756647372625 off 0.047551886023704075	false	1.0
hackfresse	off 1.0		__DUMMY__ 0.8708890111235031 off 0.06562956546026864 neg 0.06348142341622821	false	1.0
aufblasen	neg 1.0		__DUMMY__ 0.8797162485745723 neg 0.06515480945443061 off 0.05512894197099716	false	1.0
gewaltsam	neg 1.0		__DUMMY__ 0.877738892196504 neg 0.06905533534567461 off 0.05320577245782134	false	1.0
unbeliebtheit	neg 1.0		__DUMMY__ 0.8686452841711337 neg 0.07331007970077162 off 0.05804463612809461	false	1.0
sturheit	neg 1.0		__DUMMY__ 0.8770633038418105 neg 0.06956928237385894 off 0.05336741378433062	false	1.0
kuh	neg 1.0		__DUMMY__ 0.8744018383033503 neg 0.0716076308584704 off 0.05399053083817938	false	1.0
erschrecken	neg 1.0		__DUMMY__ 0.8775863074699092 neg 0.06467518064408775 off 0.0577385118860031	false	1.0
opfer	neg 1.0		__DUMMY__ 0.8798697851719786 neg 0.06896456900056694 off 0.05116564582745452	false	1.0
sinken	neg 1.0		__DUMMY__ 0.8816126491960053 neg 0.07048917890221709 off 0.04789817190177769	false	1.0
stinktier	neg 1.0		__DUMMY__ 0.8710164372717573 neg 0.06603658611983478 off 0.06294697660840799	false	1.0
tucke	off 1.0		__DUMMY__ 0.8662647945785478 neg 0.0678460372707384 off 0.06588916815071386	false	0.5
ein			__DUMMY__ 0.8805204802795611 neg 0.06500361405996741 off 0.054475905660471585	false	0.0
abstieg	neg 1.0		__DUMMY__ 0.8820910333965354 neg 0.06761596557230924 off 0.05029300103115528	false	1.0
missverstehen	neg 1.0		__DUMMY__ 0.8747081524655367 neg 0.06881052596053075 off 0.05648132157393265	false	1.0
ergebnislos	neg 1.0		__DUMMY__ 0.8792337525543424 neg 0.07051644939094959 off 0.05024979805470787	false	1.0
unter			__DUMMY__ 0.8885021507511969 neg 0.06801976418117653 off 0.04347808506762653	false	0.0
manipulieren	neg 1.0		__DUMMY__ 0.879208125266753 neg 0.07092492715969706 off 0.049866947573549994	false	1.0
unbewiesen	neg 1.0		__DUMMY__ 0.8697544670003586 neg 0.07582152824459817 off 0.05442400475504311	false	1.0
verschleppen	neg 1.0		__DUMMY__ 0.8778778546832203 neg 0.07040171721612705 off 0.05172042810065259	false	1.0
weib	off 1.0		__DUMMY__ 0.8700827550027451 off 0.06556967291685765 neg 0.06434757208039718	false	1.0
opposition	neg 1.0		__DUMMY__ 0.8741838099110633 neg 0.07045107567843646 off 0.05536511441050029	false	1.0
verkehrswidrig	neg 1.0	neg 1.0	neg 0.511260033433223 __DUMMY__ 0.44228815867138954 off 0.04645180789538736	false	1.0
inkorrekt	neg 1.0		__DUMMY__ 0.8696635106282922 neg 0.06966173487982656 off 0.060674754491881214	false	1.0
vermeiden	neg 1.0		__DUMMY__ 0.8845385227256618 neg 0.07004129905484315 off 0.045420178219495136	false	1.0
abweichung	neg 1.0	neg 1.0	neg 0.5227197200305781 __DUMMY__ 0.4389303426542254 off 0.038349937315196536	false	1.0
alkoholisiert	neg 1.0		__DUMMY__ 0.8894021579349571 neg 0.06138967505895602 off 0.04920816700608684	false	1.0
scheiss	off 1.0	off 1.0	off 0.514463440483005 __DUMMY__ 0.43625554254517335 neg 0.049281016971821696	false	1.0
herausforderung	neg 1.0	neg 1.0	neg 0.5175460769351878 __DUMMY__ 0.4447398694178923 off 0.03771405364691999	false	1.0
pervers	off 1.0		__DUMMY__ 0.8692933446997474 off 0.06842143856285597 neg 0.06228521673739662	false	1.0
wackelig	neg 1.0		__DUMMY__ 0.884419012350313 neg 0.06397972304810247 off 0.05160126460158462	false	1.0
verwickeln	neg 1.0		__DUMMY__ 0.8752151654404726 neg 0.06834715801228265 off 0.056437676547244735	false	1.0
vorwand	neg 1.0		__DUMMY__ 0.879254790045124 neg 0.07162419795741565 off 0.04912101199746041	false	1.0
muschi	off 1.0		__DUMMY__ 0.8776626486193758 neg 0.06968840664372165 off 0.052648944736902556	false	0.5
entmutigung	neg 1.0		__DUMMY__ 0.8729954731971884 neg 0.07147712739228873 off 0.05552739941052287	false	1.0
unangemessen	neg 1.0		__DUMMY__ 0.8762763507434199 neg 0.07117322072782298 off 0.05255042852875708	false	1.0
unstetig	neg 1.0		__DUMMY__ 0.8773635967546376 neg 0.06819486737020151 off 0.05444153587516084	false	1.0
entmutigen	neg 1.0		__DUMMY__ 0.8783852249942138 neg 0.06629319747253128 off 0.05532157753325497	false	1.0
schwanz	neg 1.0		__DUMMY__ 0.879543366228487 neg 0.07080239837006888 off 0.049654235401444126	false	1.0
verbot	neg 1.0		__DUMMY__ 0.8745757104519544 neg 0.07359090260218318 off 0.05183338694586247	false	1.0
leid	neg 1.0		__DUMMY__ 0.873671560645822 off 0.06349610235753986 neg 0.06283233699663818	false	0.5
archaisch	neg 1.0		__DUMMY__ 0.8786646935144126 neg 0.06906878205871582 off 0.05226652442687156	false	1.0
gegen			__DUMMY__ 0.881680238096267 neg 0.0696670504992296 off 0.048652711404503286	false	0.0
scheidung	neg 1.0		__DUMMY__ 0.8696738981322923 off 0.07171448448307441 neg 0.05861161738463327	false	0.5
einschlag	neg 1.0	neg 1.0	neg 0.5172493033743374 __DUMMY__ 0.436370111026516 off 0.04638058559914668	false	1.0
m			__DUMMY__ 0.8803560649131587 neg 0.06770321974433106 off 0.05194071534251025	false	0.0
abgestanden	neg 1.0		__DUMMY__ 0.8780224328251297 neg 0.0680556053941494 off 0.05392196178072088	false	1.0
schmierig	off 1.0		__DUMMY__ 0.8739113610129083 off 0.06307434736940207 neg 0.06301429161768954	false	1.0
unpraktisch	neg 1.0		__DUMMY__ 0.8806563766549254 neg 0.06470309239604174 off 0.05464053094903286	false	1.0
wixxer	off 1.0		__DUMMY__ 0.8681392452098309 off 0.06820557303364823 neg 0.06365518175652088	false	1.0
bezeichnet			__DUMMY__ 0.8767723904769025 neg 0.0694380389628918 off 0.05378957056020572	false	0.0
jammerlappen	off 1.0		__DUMMY__ 0.8751910997634283 neg 0.06627056857590584 off 0.05853833166066586	false	0.5
farce	neg 1.0		__DUMMY__ 0.8738917792239288 neg 0.07360357802394145 off 0.05250464275212978	false	1.0
zwecklos	neg 1.0		__DUMMY__ 0.8771419375140597 neg 0.07037462306801391 off 0.05248343941792649	false	1.0
turbulent	neg 1.0		__DUMMY__ 0.8738651602087889 neg 0.06740803035896638 off 0.05872680943224473	false	1.0
invasion	neg 1.0		__DUMMY__ 0.8778113809618341 neg 0.06596351584194675 off 0.056225103196219144	false	1.0
schuld	neg 1.0		__DUMMY__ 0.8774022133183134 neg 0.06759654343092328 off 0.055001243250763374	false	1.0
risiko	neg 1.0		__DUMMY__ 0.8801463000723351 neg 0.06561502499111423 off 0.05423867493655071	false	1.0
finster	neg 1.0		__DUMMY__ 0.8795838203455413 neg 0.06603227412333601 off 0.05438390553112275	false	1.0
geisteskrank	off 1.0		__DUMMY__ 0.8726419885474781 neg 0.06722788097834827 off 0.06013013047417365	false	0.5
zusammenbrechen	neg 1.0		__DUMMY__ 0.8800535603523347 neg 0.06706631892299479 off 0.052880120724670535	false	1.0
ausbeute	neg 1.0		__DUMMY__ 0.8853843153365216 neg 0.06512633852052682 off 0.04948934614295162	false	1.0
hinterhalt	neg 1.0		__DUMMY__ 0.8812228962758283 neg 0.06670677014509738 off 0.052070333579074236	false	1.0
kritik	neg 1.0		__DUMMY__ 0.8744194916589654 neg 0.07319765111715094 off 0.052382857223883715	false	1.0
einschrumpfen	neg 1.0		__DUMMY__ 0.8717655434946405 neg 0.07153379431735718 off 0.05670066218800241	false	1.0
riskant	neg 1.0		__DUMMY__ 0.8777126056334111 neg 0.07134126743132294 off 0.05094612693526603	false	1.0
frustrieren	neg 1.0		__DUMMY__ 0.8790853444073535 neg 0.06982022624617601 off 0.05109442934647054	false	1.0
groll	neg 1.0		__DUMMY__ 0.878930918405229 neg 0.06882221545573772 off 0.052246866139033295	false	1.0
gibt			__DUMMY__ 0.8788074048958178 neg 0.0685638821382207 off 0.052628712965961555	false	0.0
qualvoll	neg 1.0		__DUMMY__ 0.8789272661022363 neg 0.06409982422922915 off 0.05697290966853452	false	1.0
wackeln	neg 1.0	neg 1.0	neg 0.518378729846367 __DUMMY__ 0.4402585772207914 off 0.04136269293284157	false	1.0
klagen	neg 1.0		__DUMMY__ 0.8801629170587412 neg 0.07186408414495214 off 0.047972998796306794	false	1.0
bankrott	neg 1.0		__DUMMY__ 0.8768608722264342 neg 0.06578221506431764 off 0.05735691270924818	false	1.0
trauern	neg 1.0		__DUMMY__ 0.8820713627104769 neg 0.06699959833148826 off 0.0509290389580348	false	1.0
ablehnung	neg 1.0		__DUMMY__ 0.8741104967325785 neg 0.07342538542546127 off 0.05246411784196025	false	1.0
stur	neg 1.0		__DUMMY__ 0.8765889765135596 neg 0.06788955242840415 off 0.05552147105803631	false	1.0
aufruhr	neg 1.0		__DUMMY__ 0.8775302479968052 neg 0.06926483086137598 off 0.05320492114181883	false	1.0
melancholie	neg 1.0		__DUMMY__ 0.8814998345387003 neg 0.06701065857727509 off 0.05148950688402458	false	1.0
ist			__DUMMY__ 0.8776634574816892 neg 0.06665161762046488 off 0.0556849248978459	false	0.0
torheit	neg 1.0		__DUMMY__ 0.8750025357779786 neg 0.07007565956538402 off 0.05492180465663743	false	1.0
dreckskind	off 1.0		__DUMMY__ 0.8700543158917495 neg 0.0657069304818269 off 0.06423875362642362	false	0.5
umtauschen	neg 1.0		__DUMMY__ 0.8796655078642281 neg 0.06714047397879772 off 0.053194018156974054	false	1.0
zum			__DUMMY__ 0.8903113880512274 neg 0.06416556685884683 off 0.04552304508992568	false	0.0
zersetzen	neg 1.0		__DUMMY__ 0.8773549202996934 neg 0.07292079295472002 off 0.04972428674558663	false	1.0
zur			__DUMMY__ 0.8843929108710085 neg 0.07049802748157 off 0.0451090616474215	false	0.0
frust	neg 1.0		__DUMMY__ 0.8800847511544918 neg 0.06712252749427083 off 0.052792721351237415	false	1.0
unerbittlichkeit	neg 1.0		__DUMMY__ 0.8782684145299249 neg 0.07188713015087664 off 0.04984445531919855	false	1.0
zwei			__DUMMY__ 0.8875912717322595 neg 0.06497404388671814 off 0.047434684381022406	false	0.0
unkorrekt	neg 1.0		__DUMMY__ 0.870763234809417 neg 0.06814223707082019 off 0.061094528119762875	false	1.0
hexe	off 1.0		__DUMMY__ 0.8759556501217783 neg 0.06526229353300839 off 0.05878205634521319	false	0.5
lasch	neg 1.0		__DUMMY__ 0.8739649525486436 neg 0.0684909406667045 off 0.05754410678465195	false	1.0
rivale	neg 1.0		__DUMMY__ 0.8764936248686258 neg 0.06272562634877138 off 0.06078074878260284	false	1.0
mutlos	off 1.0	off 1.0	off 0.5086855113854427 __DUMMY__ 0.43627111352631504 neg 0.055043375088242356	false	1.0
wirr	off 1.0		__DUMMY__ 0.8711787364039425 neg 0.06758988760682307 off 0.061231375989234484	false	0.5
jahr			__DUMMY__ 0.8873983017741155 neg 0.06361741388084798 off 0.04898428434503658	false	0.0
wird			__DUMMY__ 0.8803182118232815 neg 0.06837884695434801 off 0.051302941222370495	false	0.0
strafbar	neg 1.0		__DUMMY__ 0.8772117435350125 neg 0.07167642943468414 off 0.05111182703030333	false	1.0
erosion	neg 1.0		__DUMMY__ 0.8795037682168234 neg 0.06603932760042783 off 0.05445690418274873	false	1.0
eingehen	neg 1.0		__DUMMY__ 0.8768060177458189 neg 0.07129374946602657 off 0.05190023278815447	false	1.0
faul	off 1.0		__DUMMY__ 0.8776840043635716 neg 0.06484791765950862 off 0.05746807797691971	false	0.5
provisorium	neg 1.0		__DUMMY__ 0.8858578835987814 neg 0.07105573617759374 off 0.04308638022362494	false	1.0
schmerzen	neg 1.0		__DUMMY__ 0.8791668499263957 neg 0.06728828920660986 off 0.05354486086699438	false	1.0
schrumpfen	neg 1.0		__DUMMY__ 0.8816325690560478 neg 0.07282617503965255 off 0.04554125590429973	false	1.0
geistlos	off 1.0		__DUMMY__ 0.8708791686972603 neg 0.0724811810181458 off 0.05663965028459381	false	0.5
fehlkauf	neg 1.0		__DUMMY__ 0.875874909403019 neg 0.06852915691128281 off 0.05559593368569815	false	1.0
frustrierend	neg 1.0		__DUMMY__ 0.8783648361094228 neg 0.06396425229494986 off 0.05767091159562726	false	1.0
unzufrieden	neg 1.0		__DUMMY__ 0.877275556755704 neg 0.07033767527616423 off 0.052386767968131714	false	1.0
verzweifeln	neg 1.0		__DUMMY__ 0.8788090255496785 neg 0.06743100206907131 off 0.05375997238125009	false	1.0
verzweifelt	neg 1.0		__DUMMY__ 0.8764698768290938 neg 0.06797996449105224 off 0.055550158679853995	false	1.0
misstrauensantrag	neg 1.0		__DUMMY__ 0.8748278326932601 neg 0.06925653518770279 off 0.05591563211903708	false	1.0
abfallen	neg 1.0		__DUMMY__ 0.8812287909952162 neg 0.06385675580814286 off 0.054914453196640935	false	1.0
fucker	off 1.0		__DUMMY__ 0.8728826213930063 neg 0.06659834167592084 off 0.06051903693107289	false	0.5
ungezogen	neg 1.0		__DUMMY__ 0.8718833236141316 off 0.06687225156166765 neg 0.06124442482420075	false	0.5
irrsinnig	neg 1.0	neg 1.0	neg 0.5219985595959175 __DUMMY__ 0.43613397151504346 off 0.041867468889039125	false	1.0
unfassbar	neg 1.0		__DUMMY__ 0.8754723486448108 neg 0.0653668453753366 off 0.05916080597985261	false	1.0
hart	neg 1.0		__DUMMY__ 0.8750399817432392 neg 0.06808516023014718 off 0.05687485802661352	false	1.0
widerlich	off 1.0		__DUMMY__ 0.8726862338766526 neg 0.06732510690140879 off 0.05998865922193865	false	0.5
fatal	neg 1.0		__DUMMY__ 0.8759322978383737 neg 0.06814531180188152 off 0.05592239035974488	false	1.0
bruch	neg 1.0		__DUMMY__ 0.8790901770732893 neg 0.07274866825724731 off 0.048161154669463385	false	1.0
aushungern	neg 1.0		__DUMMY__ 0.8748472736258118 neg 0.07178344410041539 off 0.053369282273772856	false	1.0
anspannung	neg 1.0	neg 1.0	neg 0.5191944058738167 __DUMMY__ 0.4460186177328255 off 0.034786976393357774	false	1.0
von			__DUMMY__ 0.886140413169434 neg 0.0654839147471393 off 0.048375672083426684	false	0.0
kraftlos	neg 1.0		__DUMMY__ 0.882188289448853 neg 0.06567480973012883 off 0.0521369008210182	false	1.0
vom			__DUMMY__ 0.8898338244957807 neg 0.06654918601866047 off 0.04361698948555877	false	0.0
grenzdebil	off 1.0		__DUMMY__ 0.8752593300047359 neg 0.06475137959038707 off 0.05998929040487706	false	0.5
vor			__DUMMY__ 0.88164453868893 neg 0.06928181197442752 off 0.04907364933664252	false	0.0
unterwerfen	neg 1.0		__DUMMY__ 0.879609225126506 neg 0.06949464832528673 off 0.05089612654820742	false	1.0
versenkung	neg 1.0		__DUMMY__ 0.8788722304810282 neg 0.07042291262131882 off 0.05070485689765291	false	1.0
entziehen	neg 1.0		__DUMMY__ 0.8800414165587896 neg 0.07141548349631792 off 0.048543099944892414	false	1.0
finanzkrise	neg 1.0		__DUMMY__ 0.8729850076680888 neg 0.073922518614936 off 0.05309247371697514	false	1.0
schimpfend	neg 1.0		__DUMMY__ 0.8825703714645048 neg 0.06284957358382556 off 0.05458005495166963	false	1.0
profan	neg 1.0		__DUMMY__ 0.8764925398132286 neg 0.06687834514757568 off 0.05662911503919567	false	1.0
korruption	neg 1.0	neg 1.0	neg 0.5260042480723168 __DUMMY__ 0.4347900387204167 off 0.03920571320726647	false	1.0
â			__DUMMY__ 0.879961921472402 neg 0.06906773576184062 off 0.050970342765757334	false	0.0
schmutzig	neg 1.0		__DUMMY__ 0.8759852818939479 neg 0.06458013260002707 off 0.059434585506025206	false	1.0
sexy	neg 1.0		__DUMMY__ 0.8764327902945915 neg 0.06636037556908526 off 0.05720683413632318	false	1.0
abraten	neg 1.0		__DUMMY__ 0.8771473485298394 neg 0.06718391160761965 off 0.05566873986254084	false	1.0
schwarz	neg 1.0		__DUMMY__ 0.8763504249153674 neg 0.06828216577609153 off 0.05536740930854103	false	1.0
fotze	off 1.0		__DUMMY__ 0.8780699192284157 neg 0.07124446101519434 off 0.050685619756389966	false	0.5
verwirren	neg 1.0		__DUMMY__ 0.8767011197692831 neg 0.06640629675205664 off 0.05689258347866022	false	1.0
zahnlos	off 1.0		__DUMMY__ 0.8767624643559762 neg 0.07083001626886812 off 0.052407519375155726	false	0.5
verheeren	neg 1.0		__DUMMY__ 0.8711681156910006 off 0.06786601269648754 neg 0.06096587161251188	false	0.5
hippie	neg 1.0		__DUMMY__ 0.8757883536361656 neg 0.06739468326390431 off 0.05681696309993016	false	1.0
rammen	neg 1.0		__DUMMY__ 0.8758747719119444 neg 0.06989120750372704 off 0.05423402058432853	false	1.0
unlauter	neg 1.0		__DUMMY__ 0.8722211239178025 neg 0.07324110837136934 off 0.054537767710828126	false	1.0
unheilvoll	neg 1.0		__DUMMY__ 0.8803389731984914 neg 0.06379240202730589 off 0.05586862477420281	false	1.0
niedrig	neg 1.0		__DUMMY__ 0.8793954260865936 neg 0.07089301930952 off 0.0497115546038864	false	1.0
explosion	neg 1.0		__DUMMY__ 0.8757382929849404 neg 0.06803604049815906 off 0.05622566651690048	false	1.0
weichei	off 1.0		__DUMMY__ 0.8708894697504178 neg 0.06490191129283623 off 0.06420861895674591	false	0.5
minusmensch	off 1.0		__DUMMY__ 0.8641122645933447 neg 0.06797212575265486 off 0.06791560965400054	false	0.5
farblos	neg 1.0		__DUMMY__ 0.8839463952434873 neg 0.06346187209115753 off 0.05259173266535511	false	1.0
unwissend	neg 1.0	neg 1.0	neg 0.520143219627947 __DUMMY__ 0.43516734771952004 off 0.04468943265253305	false	1.0
traurig	neg 1.0		__DUMMY__ 0.8754054804186054 neg 0.06289890075499212 off 0.06169561882640248	false	1.0
senkung	neg 1.0		__DUMMY__ 0.8735355383133037 neg 0.07008900818902786 off 0.056375453497668586	false	1.0
ungleich	neg 1.0	neg 1.0	neg 0.5251878073291009 __DUMMY__ 0.4364596468457095 off 0.038352545825189606	false	1.0
heikel	neg 1.0		__DUMMY__ 0.8780323439669387 neg 0.07210804886389949 off 0.04985960716916172	false	1.0
drosselung	neg 1.0		__DUMMY__ 0.8755607019433229 neg 0.06509432851768324 off 0.05934496953899387	false	1.0
falsch	neg 1.0		__DUMMY__ 0.8763899074220196 neg 0.06577215431160166 off 0.057837938266378765	false	1.0
unzufriedenheit	neg 1.0		__DUMMY__ 0.8790842856863625 neg 0.07147691667907202 off 0.04943879763456534	false	1.0
kurz	neg 1.0		__DUMMY__ 0.8825581266653001 neg 0.06497001636707407 off 0.05247185696762586	false	1.0
unsinnig	neg 1.0		__DUMMY__ 0.8756126904756502 neg 0.07158267159654899 off 0.05280463792780094	false	1.0
penner	off 1.0	off 1.0	off 0.5201768248346934 __DUMMY__ 0.4319958999427728 neg 0.04782727522253373	false	1.0
seicht	neg 1.0		__DUMMY__ 0.8679146956562199 off 0.06702479159775389 neg 0.06506051274602612	false	0.5
dummheit	off 1.0	off 1.0	off 0.5130132445836758 __DUMMY__ 0.4346116441948145 neg 0.052375111221509646	false	1.0
unerfreulich	neg 1.0		__DUMMY__ 0.8804987813428918 neg 0.0706002678593159 off 0.04890095079779219	false	1.0
motherfucker	off 1.0	off 1.0	off 0.515945967839115 __DUMMY__ 0.43294086948934196 neg 0.051113162671543096	false	1.0
pikiert	neg 1.0		__DUMMY__ 0.8726507781136318 neg 0.06833514393721292 off 0.059014077949155266	false	1.0
wrack	neg 1.0		__DUMMY__ 0.8845043255858934 neg 0.06536482442038426 off 0.05013084999372244	false	1.0
gangster	neg 1.0		__DUMMY__ 0.8766571683990753 neg 0.06692466496441954 off 0.056418166636505174	false	1.0
krank	neg 1.0		__DUMMY__ 0.8773744121883934 neg 0.06261795605118736 off 0.060007631760419254	false	1.0
reich	neg 1.0		__DUMMY__ 0.8747037316206291 neg 0.06755495451514443 off 0.05774131386422648	false	1.0
gnadenlos	neg 1.0		__DUMMY__ 0.8777062033507407 neg 0.06727773171727348 off 0.05501606493198595	false	1.0
niedergeschlagen	neg 1.0		__DUMMY__ 0.8805954227132441 neg 0.06658255033591554 off 0.05282202695084036	false	1.0
terrorisieren	off 1.0	off 1.0	off 0.5089225672848342 __DUMMY__ 0.4382409208064886 neg 0.05283651190867723	false	1.0
sinnlosigkeit	neg 1.0		__DUMMY__ 0.8780676734312368 neg 0.06945885460859869 off 0.05247347196016445	false	1.0
behindern	neg 1.0		__DUMMY__ 0.8768287616080778 neg 0.06994088078255664 off 0.05323035760936565	false	1.0
undemokratisch	neg 1.0		__DUMMY__ 0.873121675226734 neg 0.0718524596815399 off 0.05502586509172603	false	1.0
wirtschaftskrise	neg 1.0		__DUMMY__ 0.8760401909054744 neg 0.07277492600091807 off 0.05118488309360758	false	1.0
neid	neg 1.0		__DUMMY__ 0.8806543072706302 neg 0.061108827387128535 off 0.058236865342241276	false	1.0
rutschen	neg 1.0	neg 1.0	neg 0.5187580736360978 __DUMMY__ 0.44534441586026036 off 0.035897510503641934	false	1.0
rezession	neg 1.0		__DUMMY__ 0.8680562987071393 neg 0.06947705459710464 off 0.06246664669575605	false	1.0
fehlgeburt	neg 1.0		__DUMMY__ 0.8797100342280871 neg 0.06463608523079525 off 0.0556538805411176	false	1.0
charakterschwach	off 1.0		__DUMMY__ 0.8740897167863056 neg 0.06615432755095041 off 0.05975595566274395	false	0.5
isolation	neg 1.0		__DUMMY__ 0.8782682737407657 neg 0.06418358738474539 off 0.05754813887448898	false	1.0
ablenkung	neg 1.0		__DUMMY__ 0.878742541252007 neg 0.06690263190541121 off 0.054354826842581784	false	1.0
pech	neg 1.0		__DUMMY__ 0.8780907992489762 neg 0.06477465090208363 off 0.05713454984894019	false	1.0
vermeidung	neg 1.0		__DUMMY__ 0.8729598246591944 neg 0.0673703529239784 off 0.059669822416827153	false	1.0
dominieren	neg 1.0		__DUMMY__ 0.8833732885481586 neg 0.06563038845361 off 0.05099632299823151	false	1.0
schwindlig	neg 1.0		__DUMMY__ 0.8810857829643625 neg 0.06306309795559828 off 0.055851119080039334	false	1.0
lutscher	neg 1.0	neg 1.0	neg 0.5183623465180327 __DUMMY__ 0.4305205782409853 off 0.05111707524098204	false	1.0
pflicht	neg 1.0		__DUMMY__ 0.8789374359449554 neg 0.07116892500360124 off 0.0498936390514433	false	1.0
faschist	off 1.0		__DUMMY__ 0.872750511447485 neg 0.0702811665717607 off 0.056968321980754334	false	0.5
verschleudern	neg 1.0		__DUMMY__ 0.8738011045892785 neg 0.07569660995358515 off 0.05050228545713633	false	1.0
wenn			__DUMMY__ 0.8764336069622749 neg 0.06550224607694574 off 0.058064146960779356	false	0.0
ehebruch	neg 1.0		__DUMMY__ 0.87747457837615 neg 0.0711048546203136 off 0.05142056700353634	false	1.0
spott	off 1.0		__DUMMY__ 0.8767275427070083 neg 0.07228912074176105 off 0.05098333655123069	false	0.5
trostlosigkeit	neg 1.0		__DUMMY__ 0.8800623550022457 neg 0.07130232891532232 off 0.04863531608243198	false	1.0
lutschen	neg 1.0		__DUMMY__ 0.874315052896694 neg 0.06942638683882432 off 0.05625856026448181	false	1.0
undiszipliniert	neg 1.0		__DUMMY__ 0.8752075729163109 neg 0.06393611007159196 off 0.06085631701209711	false	1.0
kopfschmerz	neg 1.0		__DUMMY__ 0.8812581970733557 neg 0.06643713734995427 off 0.05230466557668994	false	1.0
unvorhergesehen	neg 1.0		__DUMMY__ 0.8852898840282187 neg 0.0643651153829737 off 0.05034500058880755	false	1.0
desinteressiert	neg 1.0		__DUMMY__ 0.8736419929165893 neg 0.06552422625447259 off 0.06083378082893809	false	1.0
armselig	off 1.0		__DUMMY__ 0.8710586054751541 neg 0.06713731727963836 off 0.06180407724520759	false	0.5
desaster	neg 1.0		__DUMMY__ 0.879056645364993 neg 0.0732196793951981 off 0.04772367523980897	false	1.0
tod	neg 1.0		__DUMMY__ 0.8806026985159063 neg 0.06852375845726487 off 0.05087354302682888	false	1.0
herzlos	neg 1.0		__DUMMY__ 0.8727560365095501 neg 0.06510164226985816 off 0.062142321220591615	false	1.0
unwissenheit	neg 1.0		__DUMMY__ 0.8755094317794414 neg 0.07221056497514326 off 0.052280003245415305	false	1.0
widersinnig	neg 1.0	neg 1.0	neg 0.5258389905270294 __DUMMY__ 0.43415038514320997 off 0.04001062432976068	false	1.0
bedenklich	neg 1.0		__DUMMY__ 0.8774247995663976 neg 0.07139848974672373 off 0.0511767106868786	false	1.0
beanstanden	neg 1.0		__DUMMY__ 0.8795043148254854 neg 0.07122153121581092 off 0.049274153958703694	false	1.0
panisch	neg 1.0	neg 1.0	neg 0.5162075741413932 __DUMMY__ 0.44110355819608943 off 0.04268886766251741	false	1.0
debil	off 1.0		__DUMMY__ 0.8826532749757288 neg 0.07286083407292028 off 0.04448589095135108	false	0.5
abstrich	neg 1.0		__DUMMY__ 0.8786416538870913 neg 0.070942039670576 off 0.05041630644233273	false	1.0
primitiv	neg 1.0		__DUMMY__ 0.8727127345984188 neg 0.06689151556125326 off 0.06039574984032788	false	1.0
abschaum	off 1.0	off 1.0	off 0.5145286109890808 __DUMMY__ 0.4346196329908365 neg 0.050851756020082774	false	1.0
provozieren	neg 1.0		__DUMMY__ 0.8763674060950158 neg 0.06878080995582793 off 0.05485178394915629	false	1.0
tot	neg 1.0		__DUMMY__ 0.8804616241268207 neg 0.06929501560809742 off 0.050243360265081846	false	1.0
instabil	neg 1.0		__DUMMY__ 0.8706152964745039 neg 0.06928901371922487 off 0.0600956898062712	false	1.0
schwuchtel	off 1.0		__DUMMY__ 0.8646889453372115 off 0.07170346538399265 neg 0.0636075892787959	false	1.0
zerren	neg 1.0		__DUMMY__ 0.8807707217371515 neg 0.06617660914276191 off 0.053052669120086465	false	1.0
kinderficker	off 1.0		__DUMMY__ 0.8698107007242999 neg 0.06614599609361356 off 0.0640433031820866	false	0.5
gefahr	neg 1.0		__DUMMY__ 0.8793699752087527 neg 0.07110485871989657 off 0.0495251660713508	false	1.0
rabiat	neg 1.0		__DUMMY__ 0.8761311959231525 neg 0.06963307337554923 off 0.05423573070129826	false	1.0
verlangsamung	neg 1.0		__DUMMY__ 0.8689397266021108 neg 0.06554909874316825 off 0.06551117465472085	false	1.0
ausgestorben	neg 1.0		__DUMMY__ 0.8799100186916479 neg 0.06648403551238441 off 0.05360594579596767	false	1.0
anklagen	neg 1.0		__DUMMY__ 0.8763130898680725 neg 0.07101368191716 off 0.05267322821476746	false	1.0
trott	neg 1.0		__DUMMY__ 0.8789433611048939 neg 0.06760664674441097 off 0.0534499921506952	false	1.0
verminderung	neg 1.0		__DUMMY__ 0.8738117120286957 neg 0.06581918979739244 off 0.06036909817391188	false	1.0
nach			__DUMMY__ 0.8889130267387327 neg 0.06516855363565631 off 0.04591841962561094	false	0.0
rost	neg 1.0		__DUMMY__ 0.8718595419157849 off 0.06419477190551336 neg 0.06394568617870183	false	0.5
destruktiv	neg 1.0		__DUMMY__ 0.8747606426882969 neg 0.07134608863297871 off 0.053893268678724335	false	1.0
unzumutbarkeit	neg 1.0		__DUMMY__ 0.8772827373522178 neg 0.06457161062059787 off 0.05814565202718426	false	1.0
labil	off 1.0	off 1.0	off 0.5144696268509201 __DUMMY__ 0.43441884194866437 neg 0.051111531200415505	false	1.0
ziemlich	neg 1.0		__DUMMY__ 0.8769864395636798 neg 0.06353766447941307 off 0.05947589595690713	false	1.0
lachnummer	off 1.0		__DUMMY__ 0.8768016672747249 neg 0.06898169962558849 off 0.05421663309968667	false	0.5
oder			__DUMMY__ 0.8803328218503564 neg 0.06549714559884487 off 0.05417003255079869	false	0.0
verfall	neg 1.0		__DUMMY__ 0.8802385127450585 neg 0.07425772804637633 off 0.04550375920856519	false	1.0
ausgrenzung	neg 1.0		__DUMMY__ 0.872067884494375 neg 0.0723049133454883 off 0.05562720216013668	false	1.0
unordnung	neg 1.0		__DUMMY__ 0.876760303049605 neg 0.06447400855537362 off 0.05876568839502137	false	1.0
fehlverhalten	neg 1.0		__DUMMY__ 0.8776650476617803 neg 0.07218670860744757 off 0.05014824373077206	false	1.0
eine			__DUMMY__ 0.8805732639688819 neg 0.07010975081632075 off 0.049316985214797326	false	0.0
nille	neg 1.0		__DUMMY__ 0.8779105260403255 neg 0.0689631135722317 off 0.05312636038744277	false	1.0
qual	neg 1.0		__DUMMY__ 0.8784720472759432 neg 0.06822213916549477 off 0.05330581355856198	false	1.0
verschwenden	neg 1.0		__DUMMY__ 0.8775923737888326 neg 0.07094930907816158 off 0.051458317133005874	false	1.0
riesig	neg 1.0	neg 1.0	neg 0.5212011209823654 __DUMMY__ 0.4402389292116335 off 0.03855994980600104	false	1.0
verurteilen	neg 1.0		__DUMMY__ 0.876468146539212 neg 0.07118610621858412 off 0.05234574724220398	false	1.0
klischee	neg 1.0	neg 1.0	neg 0.5221339087218216 __DUMMY__ 0.43421948797353144 off 0.04364660330464704	false	1.0
diktatorisch	neg 1.0		__DUMMY__ 0.8710930231746298 neg 0.07335524466198169 off 0.05555173216338849	false	1.0
vorhersehbar	neg 1.0	neg 1.0	neg 0.5215562585236648 __DUMMY__ 0.4352159324995347 off 0.04322780897680053	false	1.0
sowie			__DUMMY__ 0.8700084735207921 neg 0.06615401685126601 off 0.06383750962794182	false	0.0
stornieren	neg 1.0		__DUMMY__ 0.8841801780770732 neg 0.06126794986330617 off 0.05455187205962066	false	1.0
besteuerung	neg 1.0		__DUMMY__ 0.8732756198299054 neg 0.0722950771363839 off 0.054429303033710595	false	1.0
ungeschminkt	neg 1.0		__DUMMY__ 0.8734119505590642 neg 0.06723956571201746 off 0.05934848372891831	false	1.0
kritisch	neg 1.0		__DUMMY__ 0.8780701710814733 neg 0.07084190942829559 off 0.051087919490231094	false	1.0
schlamperei	off 1.0		__DUMMY__ 0.8766862481848164 neg 0.07323739185457451 off 0.05007635996060902	false	0.5
sucht	neg 1.0	neg 1.0	neg 0.520882834499733 __DUMMY__ 0.43853874031736484 off 0.0405784251829021	false	1.0
egoistisch	off 1.0		__DUMMY__ 0.8727212449366772 off 0.06434446923534207 neg 0.06293428582798068	false	1.0
ausbeuter	off 1.0		__DUMMY__ 0.8759318842582794 neg 0.07406461061750891 off 0.05000350512421171	false	0.5
arschgeburt	off 1.0		__DUMMY__ 0.8640284388106176 off 0.07198314787294195 neg 0.06398841331644035	false	1.0
schubs	neg 1.0	neg 1.0	neg 0.519741894078051 __DUMMY__ 0.4411282479396161 off 0.039129857982332816	false	1.0
unsolide	neg 1.0		__DUMMY__ 0.8679123342906001 neg 0.07619124418696051 off 0.055896421522439475	false	1.0
beschwerde	neg 1.0		__DUMMY__ 0.8761962305675809 neg 0.07365041051635761 off 0.05015335891606145	false	1.0
stocken	neg 1.0		__DUMMY__ 0.8775694932197783 neg 0.07174879141325312 off 0.05068171536696859	false	1.0
isolieren	neg 1.0		__DUMMY__ 0.8771711988424773 neg 0.07111378797069026 off 0.0517150131868324	false	1.0
unheilbar	neg 1.0		__DUMMY__ 0.8796048300657547 neg 0.06572338220983312 off 0.054671787724412155	false	1.0
pisser	off 1.0		__DUMMY__ 0.8728752190108391 neg 0.06658401601739017 off 0.06054076497177084	false	0.5
löschen	neg 1.0		__DUMMY__ 0.8778464819890343 neg 0.06822232166824642 off 0.05393119634271928	false	1.0
durchfallen	neg 1.0		__DUMMY__ 0.8762107116552075 neg 0.0715998027383696 off 0.05218948560642303	false	1.0
wichser	off 1.0		__DUMMY__ 0.86985825395242 off 0.06860053189619045 neg 0.06154121415138948	false	1.0
terror	neg 1.0		__DUMMY__ 0.8780259889853719 neg 0.06569987280983551 off 0.05627413820479253	false	1.0
krass	neg 1.0		__DUMMY__ 0.8728356720536129 neg 0.06489339626499707 off 0.06227093168138996	false	1.0
revolte	neg 1.0	neg 1.0	neg 0.5234187379941956 __DUMMY__ 0.4340351253852418 off 0.04254613662056265	false	1.0
besorgt	neg 1.0		__DUMMY__ 0.8827109891248628 neg 0.0650790644717349 off 0.05220994640340238	false	1.0
nachlassen	neg 1.0		__DUMMY__ 0.8800112346591201 neg 0.06986283015903681 off 0.050125935181843106	false	1.0
alt	neg 1.0		__DUMMY__ 0.8802285694439248 neg 0.0690650520313969 off 0.050706378524678186	false	1.0
hundesohn	off 1.0		__DUMMY__ 0.8672044255064987 off 0.06747489462699588 neg 0.06532067986650547	false	1.0
als			__DUMMY__ 0.8810511238371472 neg 0.06650008165184382 off 0.05244879451100901	false	0.0
abschreckung	neg 1.0		__DUMMY__ 0.8791686040534631 neg 0.07202693083677748 off 0.04880446510975935	false	1.0
unqualifiziert	neg 1.0		__DUMMY__ 0.8724491484069552 neg 0.07021255805852993 off 0.057338293534514875	false	1.0
abgewichst	off 1.0		__DUMMY__ 0.8791508334957164 neg 0.06838453464150496 off 0.05246463186277866	false	0.5
schwer	neg 1.0		__DUMMY__ 0.8787065919963029 neg 0.06722196485109048 off 0.054071443152606674	false	1.0
bedeutungslosigkeit	neg 1.0		__DUMMY__ 0.8787876901180689 neg 0.07157455474062069 off 0.04963775514131035	false	1.0
kapitulation	neg 1.0		__DUMMY__ 0.8741018533188172 neg 0.07502472446377965 off 0.05087342221740308	false	1.0
unscharf	neg 1.0		__DUMMY__ 0.8769649169519247 neg 0.06732601157750248 off 0.0557090714705728	false	1.0
schwinden	neg 1.0		__DUMMY__ 0.8795234668385001 neg 0.0710503360761551 off 0.049426197085344833	false	1.0
versklavung	neg 1.0		__DUMMY__ 0.8712283733490978 neg 0.07366894008047552 off 0.0551026865704268	false	1.0
schlecht	neg 1.0		__DUMMY__ 0.8770662452507518 neg 0.0633073158322844 off 0.05962643891696374	false	1.0
verhasst	neg 1.0		__DUMMY__ 0.8767939965240699 neg 0.06799503935722244 off 0.05521096411870772	false	1.0
beschweren	neg 1.0		__DUMMY__ 0.8776172828015341 neg 0.0665075181875764 off 0.05587519901088949	false	1.0
scheiden	neg 1.0		__DUMMY__ 0.8860637053004667 neg 0.05989037496270204 off 0.05404591973683123	false	1.0
frustriert	neg 1.0		__DUMMY__ 0.8789788160059988 neg 0.06784750321490325 off 0.05317368077909798	false	1.0
schimmelig	neg 1.0		__DUMMY__ 0.8806410278175498 neg 0.06942387212648987 off 0.04993510005596035	false	1.0
fisch	neg 1.0		__DUMMY__ 0.886044172347134 neg 0.06517415324282949 off 0.048781674410036564	false	1.0
schmuggel	neg 1.0		__DUMMY__ 0.8830116248704888 neg 0.06762523179358604 off 0.04936314333592507	false	1.0
auffallen	neg 1.0		__DUMMY__ 0.8774464623036954 neg 0.06612493360849171 off 0.05642860408781295	false	1.0
konkurrenz	neg 1.0	neg 1.0	neg 0.522652730427705 __DUMMY__ 0.4404584159025013 off 0.036888853669793685	false	1.0
teufelskreis	neg 1.0	neg 1.0	neg 0.522817475629746 __DUMMY__ 0.43651541972583086 off 0.04066710464442316	false	1.0
aufschreien	neg 1.0		__DUMMY__ 0.8758844214288788 neg 0.06775341431656075 off 0.056362164254560365	false	1.0
schuldner	neg 1.0		__DUMMY__ 0.8794687148338011 neg 0.07089427258257479 off 0.04963701258362411	false	1.0
missgeburt	off 1.0	off 1.0	off 0.518433633288751 __DUMMY__ 0.43177692891889624 neg 0.049789437792352655	false	1.0
arbeitslos	neg 1.0		__DUMMY__ 0.8763950089971994 neg 0.07112735152886179 off 0.0524776394739389	false	1.0
befallen	neg 1.0		__DUMMY__ 0.8756835931316995 neg 0.07174442244015143 off 0.05257198442814898	false	1.0
miesepetrig	off 1.0	off 1.0	off 0.514915990494478 __DUMMY__ 0.4366811192205261 neg 0.04840289028499597	false	1.0
alarmieren	neg 1.0		__DUMMY__ 0.8719231258299305 neg 0.06977104034684214 off 0.05830583382322736	false	1.0
ungeduscht	off 1.0		__DUMMY__ 0.8786020166323887 neg 0.06453909808444339 off 0.05685888528316803	false	0.5
knappheit	neg 1.0		__DUMMY__ 0.875805592607666 neg 0.0734355058561822 off 0.05075890153615177	false	1.0
schlange	neg 1.0		__DUMMY__ 0.8817610919505142 neg 0.06260899957385506 off 0.055629908475630686	false	1.0
harsch	neg 1.0		__DUMMY__ 0.875401911654422 off 0.06300213351731883 neg 0.06159595482825925	false	0.5
lang	neg 1.0		__DUMMY__ 0.8778765603669781 neg 0.06780055538269407 off 0.05432288425032778	false	1.0
ziellos	neg 1.0		__DUMMY__ 0.8815189721357667 neg 0.06658371545203177 off 0.0518973124122015	false	1.0
selbstverliebt	neg 1.0		__DUMMY__ 0.8660254529070334 off 0.06950675154350293 neg 0.06446779554946368	false	0.5
beseitigen	neg 1.0	neg 1.0	neg 0.5197340702262934 __DUMMY__ 0.43999969752133167 off 0.040266232252374905	false	1.0
dumm	off 1.0		__DUMMY__ 0.8709389340820105 off 0.06517875918781851 neg 0.06388230673017091	false	1.0
arbeitsloser	neg 1.0		__DUMMY__ 0.8795375733184951 neg 0.06870733593271347 off 0.05175509074879138	false	1.0
blitzen	neg 1.0		__DUMMY__ 0.8758870398346387 neg 0.06716213030901945 off 0.05695082985634192	false	1.0
hilflos	neg 1.0		__DUMMY__ 0.8793520986449398 neg 0.06796286874876777 off 0.052685032606292446	false	1.0
eklig	off 1.0		__DUMMY__ 0.8706860908334558 off 0.065658559885669 neg 0.0636553492808751	false	1.0
begriff			__DUMMY__ 0.8767101128078112 neg 0.0701673462222966 off 0.05312254096989225	false	0.0
hungersnot	neg 1.0		__DUMMY__ 0.8772790424182426 neg 0.07024558299662156 off 0.05247537458513579	false	1.0
ungesetzlich	neg 1.0		__DUMMY__ 0.8700225499468219 neg 0.07360315919487387 off 0.056374290858304296	false	1.0
verschwendung	neg 1.0		__DUMMY__ 0.8792725707324361 neg 0.07028616178811033 off 0.05044126747945353	false	1.0
schmerzvoll	neg 1.0		__DUMMY__ 0.8779055561226012 neg 0.06633232941571054 off 0.055762114461688245	false	1.0
vorzeitig	neg 1.0		__DUMMY__ 0.8784858915357613 neg 0.06472340961625862 off 0.05679069884798017	false	1.0
unvollkommenheit	neg 1.0		__DUMMY__ 0.8828163395271644 neg 0.06552856533520074 off 0.05165509513763481	false	1.0
intervenieren	neg 1.0		__DUMMY__ 0.8755943241761596 neg 0.07413686313481448 off 0.05026881268902592	false	1.0
banause	off 1.0		__DUMMY__ 0.8677479600642947 off 0.06751195806134609 neg 0.06474008187435926	false	1.0
rebell	neg 1.0		__DUMMY__ 0.8804585429410214 neg 0.07255348329019291 off 0.04698797376878561	false	1.0
unlogisch	neg 1.0		__DUMMY__ 0.8732803357013007 neg 0.06487834083684632 off 0.06184132346185292	false	1.0
leiden	neg 1.0		__DUMMY__ 0.8885198899682843 neg 0.06192714950951778 off 0.049552960522197785	false	1.0
abschaffung	neg 1.0		__DUMMY__ 0.8733523009369032 neg 0.0721232304548842 off 0.0545244686082125	false	1.0
sturz	neg 1.0		__DUMMY__ 0.8787153242052892 neg 0.06735841412658757 off 0.053926261668123227	false	1.0
verkleinerung	neg 1.0		__DUMMY__ 0.8700409512665983 neg 0.07318270945181715 off 0.05677633928158457	false	1.0
schmarotzer	off 1.0		__DUMMY__ 0.8758865616522643 neg 0.07174632752447957 off 0.05236711082325614	false	0.5
bestrafung	neg 1.0		__DUMMY__ 0.8771505534508092 neg 0.06734977594107765 off 0.055499670608113116	false	1.0
achtlos	neg 1.0		__DUMMY__ 0.8807008313863394 neg 0.06534009549958639 off 0.05395907311407421	false	1.0
ungeheuer	neg 1.0		__DUMMY__ 0.880271090938617 neg 0.06286676540941759 off 0.056862143651965326	false	1.0
unaufrichtig	neg 1.0		__DUMMY__ 0.8733138012296078 neg 0.07048427005298928 off 0.05620192871740306	false	1.0
