unsolidarisch	neg 1.0		neg 0.38475352809135654 __DUMMY__ 0.31994237115091634 off 0.2953041007577271	false	1.0
nachteilig	neg 1.0		neg 0.38382215897090305 __DUMMY__ 0.323474428649094 off 0.29270341238000297	false	1.0
skeptisch	neg 1.0		neg 0.38339287761292096 __DUMMY__ 0.3242621491654055 off 0.2923449732216736	false	1.0
schrecklich	neg 1.0		neg 0.36818345999526547 __DUMMY__ 0.32201959064514324 off 0.30979694935959134	false	1.0
schlapp	neg 1.0	neg 1.0	neg 0.6752171667334599 off 0.1686575186470602 __DUMMY__ 0.15612531461947984	false	1.0
abfall	neg 1.0		neg 0.38530486259776303 __DUMMY__ 0.325158105821032 off 0.28953703158120503	false	1.0
widerspenstig	neg 1.0		neg 0.37694526477457263 __DUMMY__ 0.32419368517951563 off 0.2988610500459119	false	1.0
abrupt	neg 1.0		neg 0.3783912917131316 __DUMMY__ 0.3267643022982832 off 0.29484440598858536	false	1.0
unwirksam	neg 1.0		neg 0.38323838296275775 __DUMMY__ 0.3207939459854449 off 0.29596767105179733	false	1.0
angreifen	neg 1.0	neg 1.0	neg 0.6818434317440024 off 0.1617682258686691 __DUMMY__ 0.1563883423873284	false	1.0
inkonsistent	neg 1.0		neg 0.3780611700940634 __DUMMY__ 0.3230212760465426 off 0.29891755385939384	false	1.0
abrutschen	neg 1.0		neg 0.3845928391899457 __DUMMY__ 0.3252994083220979 off 0.2901077524879565	false	1.0
unsicher	neg 1.0		neg 0.3764892091621847 __DUMMY__ 0.3244374377838842 off 0.299073353053931	false	1.0
bauernkind	off 1.0	off 1.0	off 0.639879808590093 neg 0.20654582036828956 __DUMMY__ 0.15357437104161742	false	1.0
angreifer	neg 1.0		neg 0.37537711362127074 __DUMMY__ 0.32425378330286897 off 0.30036910307586034	false	1.0
trennen	neg 1.0		neg 0.3763703750767596 __DUMMY__ 0.3276591456364334 off 0.295970479286807	false	1.0
schmutz	neg 1.0		neg 0.37378364281336607 __DUMMY__ 0.324989091239802 off 0.301227265946832	false	1.0
inkonsistenz	neg 1.0		neg 0.3770442075758834 __DUMMY__ 0.3210436720872574 off 0.30191212033685916	false	1.0
erschreckend	neg 1.0		neg 0.37934892086721045 __DUMMY__ 0.32363465347034936 off 0.29701642566244024	false	1.0
ertrinken	neg 1.0		neg 0.3793676280807451 __DUMMY__ 0.3254663312274001 off 0.2951660406918549	false	1.0
pickelface	off 1.0		neg 0.3813674142617565 __DUMMY__ 0.3232493154853309 off 0.2953832702529125	false	0.5
seiner			neg 0.3805856844953488 __DUMMY__ 0.3255383526428606 off 0.29387596286179074	false	0.0
lauch	neg 1.0		neg 0.3874500540014936 __DUMMY__ 0.3236651741163885 off 0.2888847718821178	false	1.0
unwichtig	neg 1.0		neg 0.37407982855304733 __DUMMY__ 0.32224732607291834 off 0.30367284537403444	false	1.0
steuerhinterziehung	neg 1.0		neg 0.38389358560754183 __DUMMY__ 0.32167764251862824 off 0.29442877187382993	false	1.0
schock	neg 1.0		neg 0.37506100353483157 __DUMMY__ 0.3259809642094769 off 0.29895803225569145	false	1.0
beule	neg 1.0		neg 0.37154040798344296 __DUMMY__ 0.32330435983916755 off 0.30515523217738955	false	1.0
vergelten	neg 1.0		neg 0.3679468724510707 __DUMMY__ 0.3233681343749241 off 0.3086849931740052	false	1.0
verdorbenheit	neg 1.0		neg 0.3777646315618595 __DUMMY__ 0.3241988322864836 off 0.29803653615165676	false	1.0
trauma	neg 1.0		neg 0.3772397581007002 __DUMMY__ 0.3233477284005353 off 0.2994125134987644	false	1.0
sinnlos	neg 1.0		neg 0.37450778340596913 __DUMMY__ 0.3238649859791368 off 0.30162723061489405	false	1.0
fettsack	off 1.0	off 1.0	off 0.6415427330238948 neg 0.20428208506928414 __DUMMY__ 0.15417518190682106	false	1.0
feige	off 1.0	off 1.0	off 0.6379652564897723 neg 0.2073077706299779 __DUMMY__ 0.1547269728802499	false	1.0
abdanken	neg 1.0		neg 0.3816598559824249 __DUMMY__ 0.32227584925733926 off 0.29606429476023577	false	1.0
wichtigtuer	off 1.0	off 1.0	off 0.6363091844263598 neg 0.2082620601458015 __DUMMY__ 0.15542875542783874	false	1.0
misslingen	neg 1.0		neg 0.3716188182150404 __DUMMY__ 0.32667196079734856 off 0.30170922098761094	false	1.0
untreu	off 1.0		neg 0.37321031987599035 __DUMMY__ 0.3218313361036167 off 0.30495834402039307	false	0.5
missmutig	neg 1.0		neg 0.3721304031750244 __DUMMY__ 0.3233168201767055 off 0.3045527766482701	false	1.0
hurenbock	off 1.0		neg 0.37528883793980977 __DUMMY__ 0.3242526781177276 off 0.30045848394246255	false	0.5
betrunken	neg 1.0		neg 0.3681766808720137 __DUMMY__ 0.323611913270934 off 0.30821140585705226	false	1.0
korrupt	off 1.0		neg 0.38577571046084047 __DUMMY__ 0.3210345879750542 off 0.29318970156410534	false	0.5
unmut	neg 1.0		neg 0.38594841466329916 __DUMMY__ 0.32467892735876774 off 0.289372657977933	false	1.0
hackfresse	off 1.0		neg 0.36719208475379284 __DUMMY__ 0.32002884435393464 off 0.31277907089227275	false	0.5
aufblasen	neg 1.0		neg 0.3741965633414535 __DUMMY__ 0.32476112049599537 off 0.3010423161625511	false	1.0
gewaltsam	neg 1.0		neg 0.37936674724041936 __DUMMY__ 0.32361467426416357 off 0.2970185784954169	false	1.0
unbeliebtheit	neg 1.0		neg 0.3807555381332389 __DUMMY__ 0.318812283749896 off 0.300432178116865	false	1.0
sturheit	neg 1.0		neg 0.37989794316254283 __DUMMY__ 0.3233476494083318 off 0.2967544074291255	false	1.0
kuh	neg 1.0		neg 0.38073481259841047 __DUMMY__ 0.32166861279246195 off 0.29759657460912753	false	1.0
erschrecken	neg 1.0		neg 0.3724405674588929 __DUMMY__ 0.32367198163330413 off 0.3038874509078028	false	1.0
opfer	neg 1.0		neg 0.3803908231582729 __DUMMY__ 0.3248256396868903 off 0.29478353715483674	false	1.0
sinken	neg 1.0		neg 0.3834926878522445 __DUMMY__ 0.32565602258115806 off 0.29085128956659745	false	1.0
stinktier	neg 1.0		neg 0.3711032775643399 __DUMMY__ 0.3200055756903816 off 0.30889114674527846	false	1.0
tucke	off 1.0		neg 0.3709997793425483 __DUMMY__ 0.3174990840925424 off 0.31150113656490924	false	0.5
ein			neg 0.37436742643147136 __DUMMY__ 0.325144441175402 off 0.3004881323931267	false	0.0
abstieg	neg 1.0		neg 0.37975582038292155 __DUMMY__ 0.3258832006637252 off 0.2943609789533532	false	1.0
missverstehen	neg 1.0		neg 0.3771963085666688 __DUMMY__ 0.32213143631168417 off 0.3006722551216471	false	1.0
ergebnislos	neg 1.0		neg 0.38240553201361327 __DUMMY__ 0.324432972531488 off 0.29316149545489856	false	1.0
unter			neg 0.3832325026119925 __DUMMY__ 0.3293840935469145 off 0.287383403841093	false	0.0
manipulieren	neg 1.0		neg 0.38296181818257663 __DUMMY__ 0.32445231928569224 off 0.2925858625317312	false	1.0
unbewiesen	neg 1.0		neg 0.38518461606542925 __DUMMY__ 0.31949706725051447 off 0.2953183166840563	false	1.0
verschleppen	neg 1.0		neg 0.38171376542975727 __DUMMY__ 0.3236636092620645 off 0.2946226253081782	false	1.0
weib	off 1.0		neg 0.3681680930191955 __DUMMY__ 0.31953390267066106 off 0.3122980043101434	false	0.5
opposition	neg 1.0		neg 0.37907476363722276 __DUMMY__ 0.32177763757417926 off 0.299147598788598	false	1.0
verkehrswidrig	neg 1.0	neg 1.0	neg 0.6698106928151061 off 0.17233656775458764 __DUMMY__ 0.1578527394303063	false	1.0
inkorrekt	neg 1.0		neg 0.37597376250349074 __DUMMY__ 0.319380116281485 off 0.30464612121502416	false	1.0
vermeiden	neg 1.0		neg 0.3841649177710093 __DUMMY__ 0.3271791105672707 off 0.2886559716617199	false	1.0
abweichung	neg 1.0	neg 1.0	neg 0.6808089262407795 off 0.16251503147626803 __DUMMY__ 0.1566760422829524	false	1.0
alkoholisiert	neg 1.0		neg 0.37408214661115213 __DUMMY__ 0.32946387815946665 off 0.2964539752293812	false	1.0
scheiss	off 1.0	off 1.0	off 0.6387882363328411 neg 0.20560745153064391 __DUMMY__ 0.15560431213651488	false	1.0
herausforderung	neg 1.0	neg 1.0	neg 0.6775512492144312 off 0.16353410603341587 __DUMMY__ 0.1589146447521528	false	1.0
pervers	off 1.0		neg 0.36478375374218547 __DUMMY__ 0.3191140753145558 off 0.31610217094325865	false	0.5
wackelig	neg 1.0		neg 0.3749467092254109 __DUMMY__ 0.327187231450366 off 0.2978660593242231	false	1.0
verwickeln	neg 1.0		neg 0.3768140437649426 __DUMMY__ 0.3224229830300585 off 0.30076297320499895	false	1.0
vorwand	neg 1.0		neg 0.3838745943743588 __DUMMY__ 0.3245137478434689 off 0.29161165778217235	false	1.0
muschi	off 1.0		neg 0.3801804546814525 __DUMMY__ 0.32360408822687575 off 0.29621545709167174	false	0.5
entmutigung	neg 1.0		neg 0.3807465788377594 __DUMMY__ 0.32108187916002967 off 0.2981715420022109	false	1.0
unangemessen	neg 1.0		neg 0.38169998329192556 __DUMMY__ 0.3229378670087203 off 0.2953621496993542	false	1.0
unstetig	neg 1.0		neg 0.3775558679554854 __DUMMY__ 0.3232703036042585 off 0.29917382844025603	false	1.0
entmutigen	neg 1.0		neg 0.3754938719268503 __DUMMY__ 0.32402885438060325 off 0.3004772736925464	false	1.0
schwanz	neg 1.0		neg 0.3826269109786342 __DUMMY__ 0.32448876158927215 off 0.2928843274320937	false	1.0
verbot	neg 1.0		neg 0.38458949481851273 __DUMMY__ 0.32197150712105815 off 0.2934389980604291	false	1.0
leid	neg 1.0		neg 0.36768830773795863 __DUMMY__ 0.3214734328318613 off 0.31083825943018006	false	1.0
archaisch	neg 1.0		neg 0.3797162518276779 __DUMMY__ 0.32416581654827 off 0.29611793162405203	false	1.0
gegen			neg 0.3825969896534869 __DUMMY__ 0.3257827711765319 off 0.29162023916998125	false	0.0
scheidung	neg 1.0		neg 0.3603018324157013 off 0.3204412612796416 __DUMMY__ 0.31925690630465714	false	1.0
einschlag	neg 1.0	neg 1.0	neg 0.6739365169542967 off 0.1704026402805684 __DUMMY__ 0.15566084276513487	false	1.0
m			neg 0.3783638337847673 __DUMMY__ 0.32511876519191685 off 0.2965174010233159	false	0.0
abgestanden	neg 1.0		neg 0.37721936058334865 __DUMMY__ 0.32362510142086554 off 0.2991555379957858	false	1.0
schmierig	off 1.0		neg 0.36809939002805614 __DUMMY__ 0.3216211947290774 off 0.31027941524286656	false	0.5
unpraktisch	neg 1.0		neg 0.37395395422187927 __DUMMY__ 0.32516964423341593 off 0.3008764015447047	false	1.0
wixxer	off 1.0		neg 0.36614242200724056 __DUMMY__ 0.31850818270164477 off 0.31534939529111455	false	0.5
bezeichnet			neg 0.37932873889876717 __DUMMY__ 0.3232031768853812 off 0.2974680842158516	false	0.0
jammerlappen	off 1.0		neg 0.3736098371818804 __DUMMY__ 0.3224093147244474 off 0.30398084809367226	false	0.5
farce	neg 1.0		neg 0.38419024722481493 __DUMMY__ 0.321588070736719 off 0.29422168203846616	false	1.0
zwecklos	neg 1.0		neg 0.3808429315656786 __DUMMY__ 0.32345553287416706 off 0.2957015355601543	false	1.0
turbulent	neg 1.0		neg 0.3748744544839793 __DUMMY__ 0.32137605263763813 off 0.3037494928783825	false	1.0
invasion	neg 1.0		neg 0.3746122440340209 __DUMMY__ 0.32375357228021123 off 0.301634183685768	false	1.0
schuld	neg 1.0		neg 0.3768783916600191 __DUMMY__ 0.32357779769079215 off 0.29954381064918884	false	1.0
risiko	neg 1.0		neg 0.37579383759987867 __DUMMY__ 0.32473547185622137 off 0.29947069054389985	false	1.0
finster	neg 1.0		neg 0.3750529765202138 __DUMMY__ 0.3245693317612163 off 0.3003776917185698	false	1.0
geisteskrank	off 1.0		neg 0.37383647573182577 __DUMMY__ 0.32100460657532925 off 0.305158917692845	false	0.5
zusammenbrechen	neg 1.0		neg 0.37741031275256326 __DUMMY__ 0.32503054131585346 off 0.29755914593158317	false	1.0
ausbeute	neg 1.0		neg 0.37724533845556113 __DUMMY__ 0.32749951733590665 off 0.2952551442085323	false	1.0
hinterhalt	neg 1.0		neg 0.37766709917186914 __DUMMY__ 0.3253046411895794 off 0.2970282596385513	false	1.0
kritik	neg 1.0		neg 0.38390940372478094 __DUMMY__ 0.3218743302819822 off 0.2942162659932368	false	1.0
einschrumpfen	neg 1.0		neg 0.37959286574502665 __DUMMY__ 0.32049272600639156 off 0.2999144082485817	false	1.0
riskant	neg 1.0		neg 0.38246401128958346 __DUMMY__ 0.32381160022977024 off 0.29372438848064625	false	1.0
frustrieren	neg 1.0		neg 0.38101129985904697 __DUMMY__ 0.32447987645390663 off 0.2945088236870465	false	1.0
groll	neg 1.0		neg 0.3797295584737845 __DUMMY__ 0.32431363379943773 off 0.29595680772677796	false	1.0
gibt			neg 0.37896266667545925 __DUMMY__ 0.3244045110548793 off 0.2966328222696616	false	0.0
qualvoll	neg 1.0		neg 0.3723173338129191 __DUMMY__ 0.32433252573396876 off 0.3033501404531122	false	1.0
wackeln	neg 1.0	neg 1.0	neg 0.6764111369258405 off 0.16630577646364106 __DUMMY__ 0.15728308661051846	false	1.0
klagen	neg 1.0		neg 0.3849257469985979 __DUMMY__ 0.32490242067459824 off 0.29017183232680377	false	1.0
bankrott	neg 1.0		neg 0.3735321058711812 __DUMMY__ 0.32325383741955993 off 0.30321405670925894	false	1.0
trauern	neg 1.0		neg 0.378732914136892 __DUMMY__ 0.3259229014110725 off 0.29534418445203564	false	1.0
ablehnung	neg 1.0		neg 0.3841212821750857 __DUMMY__ 0.3217240468714991 off 0.2941546709534152	false	1.0
stur	neg 1.0		neg 0.3768224357485187 __DUMMY__ 0.32315515118289995 off 0.3000224130685813	false	1.0
aufruhr	neg 1.0		neg 0.37969225972627596 __DUMMY__ 0.32349356813465047 off 0.29681417213907363	false	1.0
melancholie	neg 1.0		neg 0.37774061853944957 __DUMMY__ 0.32562242371600003 off 0.2966369577445505	false	1.0
ist			neg 0.37540006980298535 __DUMMY__ 0.32375715128544497 off 0.30084277891156974	false	0.0
torheit	neg 1.0		neg 0.37958181359100296 __DUMMY__ 0.3221783316329536 off 0.29823985477604337	false	1.0
dreckskind	off 1.0		neg 0.3701665773689465 __DUMMY__ 0.3195238023126529 off 0.31030962031840054	false	0.5
umtauschen	neg 1.0		neg 0.3767743213748458 __DUMMY__ 0.3246527434918943 off 0.29857293513325994	false	1.0
zum			neg 0.3785236678703014 __DUMMY__ 0.3302796839671006 off 0.29119664816259805	false	0.0
zersetzen	neg 1.0		neg 0.38470752169973405 __DUMMY__ 0.3235257480813622 off 0.2917667302189036	false	1.0
zur			neg 0.3849000014222534 __DUMMY__ 0.3271826796885979 off 0.2879173188891488	false	0.0
frust	neg 1.0		neg 0.3775668328479104 __DUMMY__ 0.32506520441575887 off 0.29736796273633076	false	1.0
unerbittlichkeit	neg 1.0		neg 0.3837681714417907 __DUMMY__ 0.32396943494799096 off 0.29226239361021833	false	1.0
zwei			neg 0.37812459958552347 __DUMMY__ 0.32893818877929 off 0.2929372116351867	false	0.0
unkorrekt	neg 1.0		neg 0.3743006373179713 __DUMMY__ 0.31989576991749463 off 0.3058035927645339	false	1.0
hexe	off 1.0		neg 0.3724344143016671 __DUMMY__ 0.3225895072364083 off 0.3049760784619246	false	0.5
lasch	neg 1.0		neg 0.3764172598149375 __DUMMY__ 0.32171238101522914 off 0.3018703591698335	false	1.0
rivale	neg 1.0		neg 0.3693276130578903 __DUMMY__ 0.32285814636073074 off 0.3078142405813789	false	1.0
mutlos	off 1.0	off 1.0	off 0.6320213420383686 neg 0.21225478861258334 __DUMMY__ 0.1557238693490482	false	1.0
wirr	off 1.0		neg 0.3735000398284028 __DUMMY__ 0.3201456720136331 off 0.3063542881579642	false	0.5
jahr			neg 0.3762140872568857 __DUMMY__ 0.32870418452716826 off 0.295081728215946	false	0.0
wird			neg 0.3793636379289986 __DUMMY__ 0.3251606609547658 off 0.2954757011162355	false	0.0
strafbar	neg 1.0		neg 0.38309224729417535 __DUMMY__ 0.3233841742223492 off 0.2935235784834755	false	1.0
erosion	neg 1.0		neg 0.37547553329738775 __DUMMY__ 0.32465900542155507 off 0.2998654612810571	false	1.0
eingehen	neg 1.0		neg 0.3819708070875753 __DUMMY__ 0.3233333246177539 off 0.2946958682946707	false	1.0
faul	off 1.0		neg 0.3725242907849955 __DUMMY__ 0.32359516563493457 off 0.30388054358007005	false	0.5
provisorium	neg 1.0		neg 0.3859987802217657 __DUMMY__ 0.32801531710976045 off 0.2859859026684739	false	1.0
schmerzen	neg 1.0		neg 0.3767311071368464 __DUMMY__ 0.3243957394983169 off 0.29887315336483683	false	1.0
schrumpfen	neg 1.0		neg 0.38687109761145216 __DUMMY__ 0.3257259759003726 off 0.2874029264881751	false	1.0
geistlos	off 1.0		neg 0.38080595419206303 __DUMMY__ 0.3200765279655135 off 0.2991175178424235	false	0.5
fehlkauf	neg 1.0		neg 0.3774290346699644 __DUMMY__ 0.32268020854986673 off 0.29989075678016885	false	1.0
frustrierend	neg 1.0		neg 0.3719625942262184 __DUMMY__ 0.3240642040466835 off 0.3039732017270982	false	1.0
unzufrieden	neg 1.0		neg 0.3808236323072682 __DUMMY__ 0.3235734143793611 off 0.2956029533133708	false	1.0
verzweifeln	neg 1.0		neg 0.3772747684969095 __DUMMY__ 0.3243772105241454 off 0.2983480209789452	false	1.0
verzweifelt	neg 1.0		neg 0.376722680125851 __DUMMY__ 0.32316763617415734 off 0.30010968369999186	false	1.0
misstrauensantrag	neg 1.0		neg 0.3776171541539912 __DUMMY__ 0.32214292381661974 off 0.30023992202938915	false	1.0
abfallen	neg 1.0		neg 0.37300436645260204 __DUMMY__ 0.32550668320050463 off 0.30148895034689344	false	1.0
fucker	off 1.0		neg 0.3729604714800033 __DUMMY__ 0.3212295497808324 off 0.3058099787391643	false	0.5
ungezogen	neg 1.0		neg 0.36456179015288365 __DUMMY__ 0.3204702811418926 off 0.31496792870522394	false	1.0
irrsinnig	neg 1.0	neg 1.0	neg 0.678696254166835 off 0.16557339398597729 __DUMMY__ 0.15573035184718778	false	1.0
unfassbar	neg 1.0		neg 0.37238395497381344 __DUMMY__ 0.3225466217713113 off 0.3050694232548752	false	1.0
hart	neg 1.0		neg 0.37631780974942963 __DUMMY__ 0.32200571078215356 off 0.3016764794684169	false	1.0
widerlich	off 1.0		neg 0.37384847780970965 __DUMMY__ 0.321039524161314 off 0.30511199802897626	false	0.5
fatal	neg 1.0		neg 0.3768287728753471 __DUMMY__ 0.32280171643330713 off 0.3003695106913458	false	1.0
bruch	neg 1.0		neg 0.3855813685460593 __DUMMY__ 0.3243843472762674 off 0.29003428417767335	false	1.0
aushungern	neg 1.0		neg 0.38228620814941633 __DUMMY__ 0.32211134697316035 off 0.2956024448774235	false	1.0
anspannung	neg 1.0	neg 1.0	neg 0.6796519977870372 off 0.1608774696895725 __DUMMY__ 0.15947053252339033	false	1.0
von			neg 0.3783294805849307 __DUMMY__ 0.32802444964669225 off 0.2936460697683771	false	0.0
kraftlos	neg 1.0		neg 0.37642644333046776 __DUMMY__ 0.326069078900254 off 0.2975044777692784	false	1.0
vom			neg 0.381564593145589 __DUMMY__ 0.3300557431217761 off 0.2883796637326349	false	0.0
grenzdebil	off 1.0		neg 0.37135842024737004 __DUMMY__ 0.3223987965780568 off 0.3062427831745731	false	0.5
vor			neg 0.3814565627779744 __DUMMY__ 0.32588970127144923 off 0.2926537359505762	false	0.0
unterwerfen	neg 1.0		neg 0.38109940961405997 __DUMMY__ 0.3246175726469958 off 0.2942830177389443	false	1.0
versenkung	neg 1.0		neg 0.38185346765907724 __DUMMY__ 0.32441996619155455 off 0.29372656614936815	false	1.0
entziehen	neg 1.0		neg 0.38402176904306534 __DUMMY__ 0.32493224584461733 off 0.2910459851123174	false	1.0
finanzkrise	neg 1.0		neg 0.3838957773671937 __DUMMY__ 0.32110614667400506 off 0.2949980759588013	false	1.0
schimpfend	neg 1.0		neg 0.3722897035674608 __DUMMY__ 0.3260827413204966 off 0.3016275551120427	false	1.0
profan	neg 1.0		neg 0.3750684189130712 __DUMMY__ 0.3230931484016706 off 0.30183843268525834	false	1.0
korruption	neg 1.0	neg 1.0	neg 0.6827423012114019 off 0.16214119554222456 __DUMMY__ 0.15511650324637355	false	1.0
â			neg 0.38011068826656796 __DUMMY__ 0.324901416963079 off 0.2949878947703531	false	0.0
schmutzig	neg 1.0		neg 0.37142527519787477 __DUMMY__ 0.32279884008274917 off 0.3057758847193759	false	1.0
sexy	neg 1.0		neg 0.3743935480628454 __DUMMY__ 0.3230681612450636 off 0.30253829069209087	false	1.0
abraten	neg 1.0		neg 0.3758062620832249 __DUMMY__ 0.32341912516045257 off 0.30077461275632245	false	1.0
schwarz	neg 1.0		neg 0.3772048564692581 __DUMMY__ 0.3230091080859465 off 0.2997860354447954	false	1.0
fotze	off 1.0		neg 0.3825486670131985 __DUMMY__ 0.3238140456273198 off 0.29363728735948175	false	0.5
verwirren	neg 1.0		neg 0.37458146505297707 __DUMMY__ 0.3232222254796636 off 0.30219630946735937	false	1.0
zahnlos	off 1.0		neg 0.38135982823700654 __DUMMY__ 0.32325503578351894 off 0.29538513597947463	false	0.5
verheeren	neg 1.0		neg 0.3642184860432499 __DUMMY__ 0.32009351685919507 off 0.315687997097555	false	1.0
hippie	neg 1.0		neg 0.37560867766072464 __DUMMY__ 0.3227463772299832 off 0.30164494510929224	false	1.0
rammen	neg 1.0		neg 0.3788817237171582 __DUMMY__ 0.3225686331781458 off 0.29854964310469595	false	1.0
unlauter	neg 1.0		neg 0.3824791784008799 __DUMMY__ 0.32069255244862577 off 0.2968282691504944	false	1.0
unheilvoll	neg 1.0		neg 0.372650578752111 __DUMMY__ 0.32492830870514405 off 0.30242111254274495	false	1.0
niedrig	neg 1.0		neg 0.3826990451159501 __DUMMY__ 0.32439652303823346 off 0.2929044318458165	false	1.0
explosion	neg 1.0		neg 0.3764463889912137 __DUMMY__ 0.32265039161283227 off 0.30090321939595405	false	1.0
weichei	off 1.0		neg 0.3691015730710201 __DUMMY__ 0.32004893062754475 off 0.31084949630143527	false	0.5
minusmensch	off 1.0		neg 0.37078208164173637 __DUMMY__ 0.31650073808167073 off 0.31271718027659284	false	0.5
farblos	neg 1.0		neg 0.37439366457514545 __DUMMY__ 0.32654925640230587 off 0.2990570790225488	false	1.0
unwissend	neg 1.0	neg 1.0	neg 0.6763386391304733 off 0.168355366486569 __DUMMY__ 0.1553059943829577	false	1.0
traurig	neg 1.0		neg 0.36876906200562226 __DUMMY__ 0.32244940144435336 off 0.3087815365500244	false	1.0
senkung	neg 1.0		neg 0.3782659538563993 __DUMMY__ 0.3214077571582865 off 0.3003262889853142	false	1.0
ungleich	neg 1.0	neg 1.0	neg 0.6824018225471518 off 0.16180191617066073 __DUMMY__ 0.15579626128218757	false	1.0
heikel	neg 1.0		neg 0.38380302195079663 __DUMMY__ 0.32389591203946355 off 0.2923010660097398	false	1.0
drosselung	neg 1.0		neg 0.37208331691770286 __DUMMY__ 0.32240913668862226 off 0.30550754639367483	false	1.0
falsch	neg 1.0		neg 0.37351668145292055 __DUMMY__ 0.3229864678458262 off 0.30349685070125326	false	1.0
unzufriedenheit	neg 1.0		neg 0.38364475283047333 __DUMMY__ 0.32443255060821236 off 0.2919226965613144	false	1.0
kurz	neg 1.0		neg 0.3753947930160117 __DUMMY__ 0.32628624708806736 off 0.29831895989592094	false	1.0
unsinnig	neg 1.0		neg 0.38176273269965855 __DUMMY__ 0.3226375140193542 off 0.29559975328098725	false	1.0
penner	off 1.0	off 1.0	off 0.6432975815489296 neg 0.20261833392923437 __DUMMY__ 0.1540840845218361	false	1.0
seicht	neg 1.0		neg 0.36817942149712823 __DUMMY__ 0.31848505901471136 off 0.31333551948816035	false	1.0
dummheit	off 1.0	off 1.0	off 0.6363203787232182 neg 0.2085710495910927 __DUMMY__ 0.15510857168568912	false	1.0
unerfreulich	neg 1.0		neg 0.382773580337728 __DUMMY__ 0.32518438759803525 off 0.2920420320642367	false	1.0
motherfucker	off 1.0	off 1.0	off 0.6389043367287709 neg 0.20660583642529243 __DUMMY__ 0.1544898268459368	false	1.0
pikiert	neg 1.0		neg 0.37530089036233416 __DUMMY__ 0.32101987436339663 off 0.30367923527426927	false	1.0
wrack	neg 1.0		neg 0.37740495598053014 __DUMMY__ 0.3269559330020715 off 0.2956391110173983	false	1.0
gangster	neg 1.0		neg 0.3753394319342143 __DUMMY__ 0.3231734576377214 off 0.3014871104280645	false	1.0
krank	neg 1.0		neg 0.36925307316800643 __DUMMY__ 0.3234415440657133 off 0.30730538276628044	false	1.0
reich	neg 1.0		neg 0.3754627358837899 __DUMMY__ 0.32187936391660377 off 0.3026579001996063	false	1.0
gnadenlos	neg 1.0		neg 0.3765158308372579 __DUMMY__ 0.32378826529223154 off 0.29969590387051037	false	1.0
niedergeschlagen	neg 1.0		neg 0.37690209200370134 __DUMMY__ 0.3252424630926568 off 0.2978554449036418	false	1.0
terrorisieren	off 1.0	off 1.0	off 0.63284749894741 neg 0.21065395201337464 __DUMMY__ 0.15649854903921548	false	1.0
sinnlosigkeit	neg 1.0		neg 0.3799613157858407 __DUMMY__ 0.3239426823385307 off 0.2960960018756285	false	1.0
behindern	neg 1.0		neg 0.3796711797672315 __DUMMY__ 0.3232570269852946 off 0.29707179324747385	false	1.0
undemokratisch	neg 1.0		neg 0.3813344216814503 __DUMMY__ 0.3211775170015222 off 0.29748806131702754	false	1.0
wirtschaftskrise	neg 1.0		neg 0.3840010102803693 __DUMMY__ 0.3227099105626177 off 0.2932890791570131	false	1.0
neid	neg 1.0		neg 0.36900069932704727 __DUMMY__ 0.3251304690451421 off 0.3058688316278107	false	1.0
rutschen	neg 1.0	neg 1.0	neg 0.678733835298902 off 0.162040251081874 __DUMMY__ 0.15922591361922403	false	1.0
rezession	neg 1.0		neg 0.3746710691068048 __DUMMY__ 0.3185915040793395 off 0.3067374268138556	false	1.0
fehlgeburt	neg 1.0		neg 0.37391216782179987 __DUMMY__ 0.32446684962623956 off 0.3016209825519606	false	1.0
charakterschwach	off 1.0		neg 0.37310226652115 __DUMMY__ 0.321734813083179 off 0.305162920395671	false	0.5
isolation	neg 1.0		neg 0.37218688819693235 __DUMMY__ 0.32396188526943404 off 0.3038512265336336	false	1.0
ablenkung	neg 1.0		neg 0.37631312590614896 __DUMMY__ 0.3243241090798396 off 0.2993627650140116	false	1.0
pech	neg 1.0		neg 0.37263490754994877 __DUMMY__ 0.3237511699545855 off 0.30361392249546576	false	1.0
vermeidung	neg 1.0		neg 0.37381606872550527 __DUMMY__ 0.3211872575457321 off 0.3049966737287625	false	1.0
dominieren	neg 1.0		neg 0.37737704330716626 __DUMMY__ 0.32652896612717214 off 0.29609399056566166	false	1.0
schwindlig	neg 1.0		neg 0.3717021355344425 __DUMMY__ 0.32532794683132626 off 0.30296991763423137	false	1.0
lutscher	neg 1.0	neg 1.0	neg 0.6727265943147892 off 0.173826493818732 __DUMMY__ 0.1534469118664788	false	1.0
pflicht	neg 1.0		neg 0.3830652914377131 __DUMMY__ 0.32443094808365575 off 0.2925037604786311	false	1.0
faschist	off 1.0		neg 0.3788716554713092 __DUMMY__ 0.3209578431277914 off 0.3001705014008995	false	0.5
verschleudern	neg 1.0		neg 0.38690126524589047 __DUMMY__ 0.3215879191868675 off 0.29151081556724195	false	1.0
wenn			neg 0.37307997271306276 __DUMMY__ 0.3230742178043112 off 0.30384580948262613	false	0.0
ehebruch	neg 1.0		neg 0.3823765986466168 __DUMMY__ 0.3235072996991736 off 0.2941161016542096	false	1.0
spott	off 1.0		neg 0.38369917597677944 __DUMMY__ 0.32314246176193384 off 0.29315836226128666	false	0.5
trostlosigkeit	neg 1.0		neg 0.38381138995541936 __DUMMY__ 0.3248952937172104 off 0.2912933163273704	false	1.0
lutschen	neg 1.0		neg 0.377985399683535 __DUMMY__ 0.32177294778353227 off 0.3002416525329328	false	1.0
undiszipliniert	neg 1.0		neg 0.37016609447776355 __DUMMY__ 0.3223036083706151 off 0.3075302971516214	false	1.0
kopfschmerz	neg 1.0		neg 0.37668313910054574 __DUMMY__ 0.3254479838347102 off 0.2978688770647441	false	1.0
unvorhergesehen	neg 1.0		neg 0.37593012881029403 __DUMMY__ 0.3275738623371423 off 0.29649600885256366	false	1.0
desinteressiert	neg 1.0		neg 0.3716883495655952 __DUMMY__ 0.321531063598672 off 0.3067805868357328	false	1.0
armselig	off 1.0		neg 0.3727808457906481 __DUMMY__ 0.32019615098711945 off 0.3070230032222324	false	0.5
desaster	neg 1.0		neg 0.3862369646389896 __DUMMY__ 0.32440213002945484 off 0.2893609053315555	false	1.0
tod	neg 1.0		neg 0.37994687119108395 __DUMMY__ 0.32499129389772824 off 0.2950618349111878	false	1.0
herzlos	neg 1.0		neg 0.37057214802820737 __DUMMY__ 0.32108502911505715 off 0.3083428228567355	false	1.0
unwissenheit	neg 1.0		neg 0.3827663712159588 __DUMMY__ 0.32253638800846607 off 0.29469724077557513	false	1.0
widersinnig	neg 1.0	neg 1.0	neg 0.6823513743979112 off 0.16275985361099324 __DUMMY__ 0.15488877199109558	false	1.0
bedenklich	neg 1.0		neg 0.3824890255148355 __DUMMY__ 0.3235830218321824 off 0.2939279526529821	false	1.0
beanstanden	neg 1.0		neg 0.3835238737229378 __DUMMY__ 0.3246396473215579 off 0.2918364789555043	false	1.0
panisch	neg 1.0	neg 1.0	neg 0.6743912068290641 off 0.16805032576234155 __DUMMY__ 0.15755846740859447	false	1.0
debil	off 1.0		neg 0.38717799834496314 __DUMMY__ 0.3262004250042788 off 0.286621576650758	false	0.5
abstrich	neg 1.0		neg 0.3816144693519743 __DUMMY__ 0.32380724518459203 off 0.2945782854634336	false	1.0
primitiv	neg 1.0		neg 0.37330086913294347 __DUMMY__ 0.32104458817666065 off 0.30565454269039594	false	1.0
abschaum	off 1.0	off 1.0	off 0.6378499886954493 neg 0.20707432662381134 __DUMMY__ 0.1550756846807393	false	1.0
provozieren	neg 1.0		neg 0.3780641581720581 __DUMMY__ 0.3230275433428298 off 0.29890829848511213	false	1.0
tot	neg 1.0		neg 0.38081681593383687 __DUMMY__ 0.3248156610864133 off 0.2943675229797499	false	1.0
instabil	neg 1.0		neg 0.3757046211639041 __DUMMY__ 0.31985170371856303 off 0.3044436751175329	false	1.0
schwuchtel	off 1.0		neg 0.364560376194187 off 0.31867352715849734 __DUMMY__ 0.3167660966473157	false	0.5
zerren	neg 1.0		neg 0.37653603478035347 __DUMMY__ 0.3253773573552594 off 0.2980866078643871	false	1.0
kinderficker	off 1.0		neg 0.3710564536594519 __DUMMY__ 0.31939241816743735 off 0.30955112817311065	false	0.5
gefahr	neg 1.0		neg 0.383423695264006 __DUMMY__ 0.32452590188715724 off 0.29205040284883677	false	1.0
rabiat	neg 1.0		neg 0.37902771877920094 __DUMMY__ 0.3229725315259008 off 0.2979997496948984	false	1.0
verlangsamung	neg 1.0		neg 0.3696913822125881 __DUMMY__ 0.31895021944446844 off 0.31135839834294343	false	1.0
ausgestorben	neg 1.0		neg 0.3764659107847844 __DUMMY__ 0.3249013001651275 off 0.2986327890500881	false	1.0
anklagen	neg 1.0		neg 0.3817157345304803 __DUMMY__ 0.3228478041653434 off 0.2954364613041764	false	1.0
trott	neg 1.0		neg 0.37746420024039634 __DUMMY__ 0.3243790458971345 off 0.2981567538624692	false	1.0
verminderung	neg 1.0		neg 0.37203034369655946 __DUMMY__ 0.3216026394343458 off 0.3063670168690948	false	1.0
nach			neg 0.37924350487264813 __DUMMY__ 0.329603843335237 off 0.29115265179211486	false	0.0
rost	neg 1.0		neg 0.36885720242202125 __DUMMY__ 0.3203265554460538 off 0.3108162421319249	false	1.0
destruktiv	neg 1.0		neg 0.38107454679671826 __DUMMY__ 0.3221314087658986 off 0.29679404443738316	false	1.0
unzumutbarkeit	neg 1.0		neg 0.37240482967829996 __DUMMY__ 0.3232788819363883 off 0.3043162883853119	false	1.0
labil	off 1.0	off 1.0	off 0.6377313668187634 neg 0.20721972332047148 __DUMMY__ 0.1550489098607651	false	1.0
ziemlich	neg 1.0		neg 0.37051371099261393 __DUMMY__ 0.3233160069168465 off 0.3061702820905396	false	1.0
lachnummer	off 1.0		neg 0.37887258902368187 __DUMMY__ 0.3232441453489846 off 0.2978832656273336	false	0.5
oder			neg 0.37495881633865474 __DUMMY__ 0.3251061819454954 off 0.2999350017158498	false	0.0
verfall	neg 1.0		neg 0.38815642928097027 __DUMMY__ 0.3250091408736591 off 0.28683442984537055	false	1.0
ausgrenzung	neg 1.0		neg 0.38139832527975126 __DUMMY__ 0.3206266966947842 off 0.29797497802546447	false	1.0
unordnung	neg 1.0		neg 0.37218500392963844 __DUMMY__ 0.3228702690692898 off 0.3049447270010716	false	1.0
fehlverhalten	neg 1.0		neg 0.3840475322500277 __DUMMY__ 0.32366666342149 off 0.29228580432848245	false	1.0
eine			neg 0.3819506515960635 __DUMMY__ 0.32531877302613166 off 0.2927305753778047	false	0.0
nille	neg 1.0		neg 0.3793093745485874 __DUMMY__ 0.32377898412977285 off 0.29691164132163983	false	1.0
qual	neg 1.0		neg 0.3781534476299519 __DUMMY__ 0.3241324778652108 off 0.2977140745048372	false	1.0
verschwenden	neg 1.0		neg 0.3816308690991479 __DUMMY__ 0.3237252229852824 off 0.2946439079155697	false	1.0
riesig	neg 1.0	neg 1.0	neg 0.6795618180745211 off 0.16329414082977273 __DUMMY__ 0.15714404109570612	false	1.0
verurteilen	neg 1.0		neg 0.3820165122104767 __DUMMY__ 0.32299020615041907 off 0.2949932816391042	false	1.0
klischee	neg 1.0	neg 1.0	neg 0.6781118768020624 off 0.16690215660321736 __DUMMY__ 0.15498596659472025	false	1.0
diktatorisch	neg 1.0		neg 0.3824973476577527 __DUMMY__ 0.3201214962091596 off 0.2973811561330877	false	1.0
vorhersehbar	neg 1.0	neg 1.0	neg 0.6779798615253474 off 0.16667440694855554 __DUMMY__ 0.1553457315260971	false	1.0
sowie			neg 0.37080787162671613 __DUMMY__ 0.3195964444163262 off 0.3095956839569578	false	0.0
stornieren	neg 1.0		neg 0.3713868421891658 __DUMMY__ 0.32687651363597336 off 0.3017366441748608	false	1.0
besteuerung	neg 1.0		neg 0.381322568408209 __DUMMY__ 0.321258200545945 off 0.297419231045846	false	1.0
ungeschminkt	neg 1.0		neg 0.3738463101750467 __DUMMY__ 0.3212663913987652 off 0.3048872984261882	false	1.0
kritisch	neg 1.0		neg 0.3822272327912761 __DUMMY__ 0.3238846746606707 off 0.2938880925480531	false	1.0
schlamperei	off 1.0		neg 0.38512983338791046 __DUMMY__ 0.3230682833436089 off 0.2918018832684808	false	0.5
sucht	neg 1.0	neg 1.0	neg 0.6784486254050901 off 0.16509652672899924 __DUMMY__ 0.15645484786591066	false	1.0
egoistisch	off 1.0		neg 0.3675598404166793 __DUMMY__ 0.3209877303661706 off 0.31145242921715005	false	0.5
ausbeuter	off 1.0		neg 0.3858482328525133 __DUMMY__ 0.3227403064308213 off 0.2914114607166653	false	0.5
arschgeburt	off 1.0		neg 0.36498647049381516 off 0.3185805869238027 __DUMMY__ 0.31643294258238214	false	0.5
schubs	neg 1.0	neg 1.0	neg 0.6780939624902954 off 0.16441249287592027 __DUMMY__ 0.1574935446337843	false	1.0
unsolide	neg 1.0		neg 0.3846404337363002 __DUMMY__ 0.31849603415718525 off 0.2968635321065145	false	1.0
beschwerde	neg 1.0		neg 0.3853282353879023 __DUMMY__ 0.3228171916446069 off 0.29185457296749073	false	1.0
stocken	neg 1.0		neg 0.38320168872696153 __DUMMY__ 0.32360027037164235 off 0.2931980409013961	false	1.0
isolieren	neg 1.0		neg 0.3821907455484863 __DUMMY__ 0.32329856290046066 off 0.2945106915510531	false	1.0
unheilbar	neg 1.0		neg 0.37553397670797867 __DUMMY__ 0.32465235269394715 off 0.2998136705980743	false	1.0
pisser	off 1.0		neg 0.37315611082180483 __DUMMY__ 0.32098316788316766 off 0.3058607212950275	false	0.5
löschen	neg 1.0		neg 0.37792200444330054 __DUMMY__ 0.3237833938947495 off 0.29829460166195	false	1.0
durchfallen	neg 1.0		neg 0.38208281442937014 __DUMMY__ 0.3229687375915342 off 0.2949484479790957	false	1.0
wichser	off 1.0		neg 0.36398463844958173 __DUMMY__ 0.3194983145044344 off 0.31651704704598393	false	0.5
terror	neg 1.0		neg 0.37407903866451586 __DUMMY__ 0.3238480542964248 off 0.30207290703905937	false	1.0
krass	neg 1.0		neg 0.3701402851659831 __DUMMY__ 0.32097736603201776 off 0.30888234880199933	false	1.0
revolte	neg 1.0	neg 1.0	neg 0.6797129828453511 off 0.16545260769049044 __DUMMY__ 0.15483440946415855	false	1.0
besorgt	neg 1.0		neg 0.3760122504159523 __DUMMY__ 0.32631633660077625 off 0.2976714129832715	false	1.0
nachlassen	neg 1.0		neg 0.3813710362367395 __DUMMY__ 0.32484606247644465 off 0.2937829012868158	false	1.0
alt	neg 1.0		neg 0.38018124123790725 __DUMMY__ 0.32473512121004916 off 0.2950836375520437	false	1.0
hundesohn	off 1.0		neg 0.36867410598899136 __DUMMY__ 0.31808189912840446 off 0.31324399488260424	false	0.5
als			neg 0.37712563943488286 __DUMMY__ 0.3254848036926046 off 0.29738955687251256	false	0.0
abschreckung	neg 1.0		neg 0.38470751552639626 __DUMMY__ 0.3243867293335038 off 0.29090575514010003	false	1.0
unqualifiziert	neg 1.0		neg 0.3782705262930119 __DUMMY__ 0.3209040181430412 off 0.3008254555639469	false	1.0
abgewichst	off 1.0		neg 0.3789592607127084 __DUMMY__ 0.32441120496608183 off 0.29662953432120986	false	0.5
schwer	neg 1.0		neg 0.37681199723936726 __DUMMY__ 0.3243380818514516 off 0.2988499209091812	false	1.0
bedeutungslosigkeit	neg 1.0		neg 0.3836941436446765 __DUMMY__ 0.32425389626393913 off 0.29205196009138434	false	1.0
kapitulation	neg 1.0		neg 0.3863307145427054 __DUMMY__ 0.3217440216725953 off 0.2919252637846993	false	1.0
unscharf	neg 1.0		neg 0.3756878916134422 __DUMMY__ 0.3230917306785152 off 0.30122037770804255	false	1.0
schwinden	neg 1.0		neg 0.3832658225362322 __DUMMY__ 0.3245940686014568 off 0.2921401088623111	false	1.0
versklavung	neg 1.0		neg 0.3827908970600175 __DUMMY__ 0.32023836086632246 off 0.29697074207365987	false	1.0
schlecht	neg 1.0		neg 0.3702998895117474 __DUMMY__ 0.32337464121948634 off 0.30632546926876625	false	1.0
verhasst	neg 1.0		neg 0.3772078221184556 __DUMMY__ 0.32321729062291443 off 0.2995748872586301	false	1.0
beschweren	neg 1.0		neg 0.37525716753887284 __DUMMY__ 0.32371682644851774 off 0.30102600601260937	false	1.0
scheiden	neg 1.0		neg 0.37025999788545455 __DUMMY__ 0.3277831682454998 off 0.30195683386904576	false	1.0
frustriert	neg 1.0		neg 0.3779848875078968 __DUMMY__ 0.32445599134831066 off 0.2975591211437925	false	1.0
schimmelig	neg 1.0		neg 0.3807531142118257 __DUMMY__ 0.32492617955167247 off 0.2943207062365018	false	1.0
fisch	neg 1.0		neg 0.3777383055478129 __DUMMY__ 0.32759529841080043 off 0.29466639604138667	false	1.0
schmuggel	neg 1.0		neg 0.3801877104987753 __DUMMY__ 0.326364584632875 off 0.2934477048683496	false	1.0
auffallen	neg 1.0		neg 0.37454857600758235 __DUMMY__ 0.32360741362092516 off 0.30184401037149255	false	1.0
konkurrenz	neg 1.0	neg 1.0	neg 0.6813172489242741 off 0.16131182799308766 __DUMMY__ 0.1573709230826382	false	1.0
teufelskreis	neg 1.0	neg 1.0	neg 0.679780911591877 off 0.16433997327054234 __DUMMY__ 0.15587911513758063	false	1.0
aufschreien	neg 1.0		neg 0.3761945555503927 __DUMMY__ 0.32275179499315526 off 0.301053649456452	false	1.0
schuldner	neg 1.0		neg 0.3832143214748475 __DUMMY__ 0.3244620722794549 off 0.29232360624569764	false	1.0
missgeburt	off 1.0	off 1.0	off 0.6412799772196908 neg 0.20482040513708052 __DUMMY__ 0.15389961764322865	false	1.0
arbeitslos	neg 1.0		neg 0.3815266945606524 __DUMMY__ 0.323107791099564 off 0.2953655143397836	false	1.0
befallen	neg 1.0		neg 0.38222754017202737 __DUMMY__ 0.3225244136054215 off 0.29524804622255113	false	1.0
miesepetrig	off 1.0	off 1.0	off 0.6392290708775233 neg 0.20492829962392875 __DUMMY__ 0.15584262949854788	false	1.0
alarmieren	neg 1.0		neg 0.3775074397281728 __DUMMY__ 0.32060947033486253 off 0.3018830899369647	false	1.0
ungeduscht	off 1.0		neg 0.3724727212518085 __DUMMY__ 0.3239489395365196 off 0.3035783392116718	false	0.5
knappheit	neg 1.0		neg 0.38470803133439646 __DUMMY__ 0.3225735539045934 off 0.29271841476101007	false	1.0
schlange	neg 1.0		neg 0.3716820562689999 __DUMMY__ 0.3258482973689194 off 0.3024696463620805	false	1.0
harsch	neg 1.0		neg 0.3669580421114978 __DUMMY__ 0.322450122013591 off 0.3105918358749112	false	1.0
lang	neg 1.0		neg 0.37728608742185415 __DUMMY__ 0.32381871575495824 off 0.29889519682318755	false	1.0
ziellos	neg 1.0		neg 0.3774234121077593 __DUMMY__ 0.3257939371646888 off 0.29678265072755194	false	1.0
selbstverliebt	neg 1.0		neg 0.3662946366341415 __DUMMY__ 0.31751441351442317 off 0.3161909498514354	false	1.0
beseitigen	neg 1.0	neg 1.0	neg 0.6780093548969871 off 0.16491084241936607 __DUMMY__ 0.15707980268364682	false	1.0
dumm	off 1.0		neg 0.36785980742914665 __DUMMY__ 0.32008066381899414 off 0.31205952875185927	false	0.5
arbeitsloser	neg 1.0		neg 0.3800135599504319 __DUMMY__ 0.32465047437132255 off 0.29533596567824577	false	1.0
blitzen	neg 1.0		neg 0.3755009507036491 __DUMMY__ 0.3226949279669158 off 0.3018041213294352	false	1.0
hilflos	neg 1.0		neg 0.37832976902350224 __DUMMY__ 0.3246040090145925 off 0.29706622196190524	false	1.0
eklig	off 1.0		neg 0.36733156832960895 __DUMMY__ 0.31991312182912995 off 0.31275530984126115	false	0.5
begriff			neg 0.380343017860888 __DUMMY__ 0.3231531726293291 off 0.296503809509783	false	0.0
hungersnot	neg 1.0		neg 0.3810776775637531 __DUMMY__ 0.323312029265164 off 0.2956102931710828	false	1.0
ungesetzlich	neg 1.0		neg 0.38239276122488414 __DUMMY__ 0.3196245526933154 off 0.29798268608180045	false	1.0
verschwendung	neg 1.0		neg 0.3817903954568811 __DUMMY__ 0.3245639562165693 off 0.29364564832654955	false	1.0
schmerzvoll	neg 1.0		neg 0.37507342800784127 __DUMMY__ 0.32386284077078414 off 0.3010637312213746	false	1.0
vorzeitig	neg 1.0		neg 0.37339092812621477 __DUMMY__ 0.3239498488933819 off 0.3026592229804032	false	1.0
unvollkommenheit	neg 1.0		neg 0.3768465162151026 __DUMMY__ 0.3261627273343347 off 0.2969907564505628	false	1.0
intervenieren	neg 1.0		neg 0.3858411346167519 __DUMMY__ 0.3225336556356929 off 0.29162520974755524	false	1.0
banause	off 1.0		neg 0.3673722045196656 __DUMMY__ 0.31837055593104413 off 0.31425723954929025	false	0.5
rebell	neg 1.0		neg 0.3855665046712752 __DUMMY__ 0.32495006576392926 off 0.2894834295647956	false	1.0
unlogisch	neg 1.0		neg 0.3705437783502627 __DUMMY__ 0.3213304945762924 off 0.3081257270734449	false	1.0
leiden	neg 1.0		neg 0.3743706763213422 __DUMMY__ 0.32916829417365523 off 0.2964610295050026	false	1.0
abschaffung	neg 1.0		neg 0.3815263523745636 __DUMMY__ 0.32129964181010834 off 0.29717400581532805	false	1.0
sturz	neg 1.0		neg 0.3773494891412773 __DUMMY__ 0.3241240267617236 off 0.2985264840969991	false	1.0
verkleinerung	neg 1.0		neg 0.38123034644466053 __DUMMY__ 0.31958002111053585 off 0.29918963244480373	false	1.0
schmarotzer	off 1.0		neg 0.382317335145676 __DUMMY__ 0.32274801202493014 off 0.29493465282939385	false	0.5
bestrafung	neg 1.0		neg 0.37653007879315237 __DUMMY__ 0.32339143054382413 off 0.3000784906630235	false	1.0
achtlos	neg 1.0		neg 0.37517063402665696 __DUMMY__ 0.3253234736667723 off 0.29950589230657076	false	1.0
ungeheuer	neg 1.0		neg 0.37145096140814693 __DUMMY__ 0.3249584818610499 off 0.3035905567308032	false	1.0
unaufrichtig	neg 1.0		neg 0.37918952240884696 __DUMMY__ 0.32128856793047444 off 0.29952190966067854	false	1.0
groggy	neg 1.0		neg 0.37710296676759514 __DUMMY__ 0.3221401813453283 off 0.30075685188707657	false	1.0
verletzlich	neg 1.0		neg 0.3705895068418864 __DUMMY__ 0.32232118410097593 off 0.30708930905713766	false	1.0
ablehnen	neg 1.0		neg 0.38252124692343936 __DUMMY__ 0.3233029483305328 off 0.2941758047460277	false	1.0
