unsolidarisch	neg 1.0		neg 0.5602971121749992 off 0.4327983810031452 __DUMMY__ 0.006904506821855558	false	1.0
nachteilig	neg 1.0		neg 0.5613193690217986 off 0.43169648912476044 __DUMMY__ 0.006984141853440911	false	1.0
skeptisch	neg 1.0		neg 0.561326133994173 off 0.4316712720746778 __DUMMY__ 0.007002593931149261	false	1.0
schrecklich	neg 1.0		neg 0.5439508264572749 off 0.4490976079181593 __DUMMY__ 0.00695156562456591	false	1.0
schlapp	neg 1.0	neg 1.0	neg 0.760682706312286 off 0.2359907221436163 __DUMMY__ 0.0033265715440977837	false	1.0
abfall	neg 1.0		neg 0.5638404033753004 off 0.4291371491767834 __DUMMY__ 0.007022447447916198	false	1.0
widerspenstig	neg 1.0		neg 0.5544039749218758 off 0.438595660951138 __DUMMY__ 0.007000364126986291	false	1.0
abrupt	neg 1.0		neg 0.5574531845123539 off 0.4354894022792779 __DUMMY__ 0.007057413208368071	false	1.0
unwirksam	neg 1.0		neg 0.5591035917347739 off 0.43397308511089494 __DUMMY__ 0.00692332315433114	false	1.0
angreifen	neg 1.0	neg 1.0	neg 0.7675877877597891 off 0.22907962483277639 __DUMMY__ 0.0033325874074345615	false	1.0
inkonsistent	neg 1.0		neg 0.5549231369568922 off 0.43810371068287296 __DUMMY__ 0.006973152360234874	false	1.0
abrutschen	neg 1.0		neg 0.5631680078633048 off 0.42980589536031033 __DUMMY__ 0.0070260967763847515	false	1.0
unsicher	neg 1.0		neg 0.5541243893772164 off 0.43886901194594974 __DUMMY__ 0.007006598676833894	false	1.0
bauernkind	off 1.0	off 1.0	off 0.7061195851468858 neg 0.2906094944200352 __DUMMY__ 0.0032709204330791156	false	1.0
angreifer	neg 1.0		neg 0.5529090700256646 off 0.4400898470044954 __DUMMY__ 0.00700108296984009	false	1.0
trennen	neg 1.0		neg 0.5558664839746704 off 0.43705445030064477 __DUMMY__ 0.007079065724684795	false	1.0
schmutz	neg 1.0		neg 0.551602382122376 off 0.4413809037883762 __DUMMY__ 0.007016714089247734	false	1.0
inkonsistenz	neg 1.0		neg 0.5527829134203724 off 0.4402880887546154 __DUMMY__ 0.006928997825012092	false	1.0
erschreckend	neg 1.0		neg 0.5566970831765523 off 0.4363143673063666 __DUMMY__ 0.006988549517080996	false	1.0
ertrinken	neg 1.0		neg 0.5577545550793518 off 0.43521587681223095 __DUMMY__ 0.007029568108417379	false	1.0
pickelface	off 1.0		neg 0.558596167814941 off 0.4344248916414728 __DUMMY__ 0.006978940543586192	false	0.5
seiner			neg 0.5590978539483815 off 0.433870723029419 __DUMMY__ 0.007031423022199605	false	0.0
lauch	neg 1.0		neg 0.56520520181285 off 0.4278063009218464 __DUMMY__ 0.006988497265303551	false	1.0
unwichtig	neg 1.0		neg 0.5503180629323025 off 0.4427249996964029 __DUMMY__ 0.00695693737129484	false	1.0
steuerhinterziehung	neg 1.0		neg 0.560399502708451 off 0.43265723662542344 __DUMMY__ 0.006943260666125592	false	1.0
schock	neg 1.0		neg 0.5535088423341437 off 0.4394501365638838 __DUMMY__ 0.007041021101972622	false	1.0
beule	neg 1.0		neg 0.5481779466319917 off 0.4448422437198573 __DUMMY__ 0.0069798096481508715	false	1.0
vergelten	neg 1.0		neg 0.5446066370667626 off 0.44841301051073146 __DUMMY__ 0.00698035242250594	false	1.0
verdorbenheit	neg 1.0		neg 0.5552571822215526 off 0.4377424454660979 __DUMMY__ 0.00700037231234938	false	1.0
trauma	neg 1.0		neg 0.5542827252037262 off 0.4387350981501296 __DUMMY__ 0.006982176646144131	false	1.0
sinnlos	neg 1.0		neg 0.5517104514143983 off 0.44129591640403526 __DUMMY__ 0.006993632181566431	false	1.0
fettsack	off 1.0	off 1.0	off 0.708037138637893 neg 0.2886787916865516 __DUMMY__ 0.0032840696755554494	false	1.0
feige	off 1.0	off 1.0	off 0.7046311933456444 neg 0.29207237916071294 __DUMMY__ 0.0032964274936428117	false	1.0
abdanken	neg 1.0		neg 0.5584298154724114 off 0.4346133751948891 __DUMMY__ 0.006956809332699402	false	1.0
wichtigtuer	off 1.0	off 1.0	off 0.7032591189278948 neg 0.2934292235382144 __DUMMY__ 0.0033116575338907476	false	1.0
misslingen	neg 1.0		neg 0.5503178000516169 off 0.44262693313968865 __DUMMY__ 0.007055266808694372	false	1.0
untreu	off 1.0		neg 0.5491389316595462 off 0.44391346538445114 __DUMMY__ 0.0069476029560025035	false	0.5
missmutig	neg 1.0		neg 0.5488587326556059 off 0.4441606055003432 __DUMMY__ 0.0069806618440508015	false	1.0
hurenbock	off 1.0		neg 0.5527452936925326 off 0.44025431989023095 __DUMMY__ 0.00700038641723662	false	0.5
betrunken	neg 1.0		neg 0.5448408074323932 off 0.4481719253452377 __DUMMY__ 0.006987267222369241	false	1.0
korrupt	off 1.0		neg 0.5620134501477744 off 0.43105736184244825 __DUMMY__ 0.00692918800977737	false	0.5
unmut	neg 1.0		neg 0.5642861009897469 off 0.4287021001782197 __DUMMY__ 0.007011798832033313	false	1.0
hackfresse	off 1.0		neg 0.5417500327381309 off 0.4513435929947513 __DUMMY__ 0.00690637426711768	false	0.5
aufblasen	neg 1.0		neg 0.5518538821019566 off 0.44113259512212677 __DUMMY__ 0.0070135227759165536	false	1.0
gewaltsam	neg 1.0		neg 0.5567228313910947 off 0.43629041670349034 __DUMMY__ 0.006986751905415189	false	1.0
unbeliebtheit	neg 1.0		neg 0.5553991574313125 off 0.43772282798804857 __DUMMY__ 0.0068780145806389805	false	1.0
sturheit	neg 1.0		neg 0.5571593097733895 off 0.4358590289722515 __DUMMY__ 0.006981661254359094	false	1.0
kuh	neg 1.0		neg 0.5569180444219843 off 0.4361398337277086 __DUMMY__ 0.006942121850307056	false	1.0
erschrecken	neg 1.0		neg 0.5493897103348713 off 0.4436211198623031 __DUMMY__ 0.006989169802825718	false	1.0
opfer	neg 1.0		neg 0.5585162069751903 off 0.4344687694804418 __DUMMY__ 0.00701502354436782	false	1.0
sinken	neg 1.0		neg 0.5622452968107634 off 0.43072172261520336 __DUMMY__ 0.00703298057403305	false	1.0
stinktier	neg 1.0		neg 0.5458690775418299 off 0.4472256467646714 __DUMMY__ 0.006905275693498784	false	1.0
tucke	off 1.0		neg 0.544269318120187 off 0.44888235361330026 __DUMMY__ 0.006848328266512711	false	0.5
ein			neg 0.5522474125950887 off 0.440731014699734 __DUMMY__ 0.007021572705177275	false	0.0
abstieg	neg 1.0		neg 0.5584752992534602 off 0.43448684537272453 __DUMMY__ 0.0070378553738152435	false	1.0
missverstehen	neg 1.0		neg 0.5535498397679467 off 0.43949583135672726 __DUMMY__ 0.006954328875325944	false	1.0
ergebnislos	neg 1.0		neg 0.560419551001609 off 0.43257485020931524 __DUMMY__ 0.007005598789075846	false	1.0
unter			neg 0.5640872802988258 off 0.4287948387716277 __DUMMY__ 0.007117880929546407	false	0.0
manipulieren	neg 1.0		neg 0.5610139133679134 off 0.4319796978262228 __DUMMY__ 0.0070063888058638606	false	1.0
unbewiesen	neg 1.0		neg 0.560501200490065 off 0.43260448791532624 __DUMMY__ 0.006894311594608727	false	1.0
verschleppen	neg 1.0		neg 0.5592734067702659 off 0.4337386137955711 __DUMMY__ 0.006987979434163075	false	1.0
weib	off 1.0		neg 0.5425099925478071 off 0.45059526960408425 __DUMMY__ 0.0068947378481087	false	0.5
opposition	neg 1.0		neg 0.555274094993927 off 0.4377801471050093 __DUMMY__ 0.006945757901063625	false	1.0
verkehrswidrig	neg 1.0	neg 1.0	neg 0.756226751776219 off 0.2404098002585534 __DUMMY__ 0.003363447965227602	false	1.0
inkorrekt	neg 1.0		neg 0.5506969063745222 off 0.44241163292932245 __DUMMY__ 0.006891460696155265	false	1.0
vermeiden	neg 1.0		neg 0.5637957653128581 off 0.4291365546640085 __DUMMY__ 0.007067680023133311	false	1.0
abweichung	neg 1.0	neg 1.0	neg 0.7667126233488379 off 0.2299490016685629 __DUMMY__ 0.00333837498259929	false	1.0
alkoholisiert	neg 1.0		neg 0.5544710490347676 off 0.4384114050737837 __DUMMY__ 0.0071175458914487354	false	1.0
scheiss	off 1.0	off 1.0	off 0.7059113712510737 neg 0.29077359284858034 __DUMMY__ 0.0033150359003459736	false	1.0
herausforderung	neg 1.0	neg 1.0	neg 0.7646658913716653 off 0.23194720533803612 __DUMMY__ 0.003386903290298651	false	1.0
pervers	off 1.0		neg 0.5387089870343805 off 0.4544057157493624 __DUMMY__ 0.006885297216257029	false	0.5
wackelig	neg 1.0		neg 0.5540403059659411 off 0.43889155909411215 __DUMMY__ 0.0070681349399467925	false	1.0
verwickeln	neg 1.0		neg 0.5533223341597664 off 0.4397167272418758 __DUMMY__ 0.006960938598357748	false	1.0
vorwand	neg 1.0		neg 0.5619922018422838 off 0.43099966706664555 __DUMMY__ 0.007008131091070801	false	1.0
muschi	off 1.0		neg 0.5575646367925857 off 0.4354481898299715 __DUMMY__ 0.006987173377442626	false	0.5
entmutigung	neg 1.0		neg 0.5567667091828289 off 0.4363036896798811 __DUMMY__ 0.00692960113728999	false	1.0
unangemessen	neg 1.0		neg 0.558798776755131 off 0.43422871642985317 __DUMMY__ 0.006972506815015727	false	1.0
unstetig	neg 1.0		neg 0.5545385841999166 off 0.43848328832565 __DUMMY__ 0.006978127474433506	false	1.0
entmutigen	neg 1.0		neg 0.5528556329107558 off 0.4401475099596542 __DUMMY__ 0.006996857129590071	false	1.0
schwanz	neg 1.0		neg 0.5606150417677683 off 0.4323782552304175 __DUMMY__ 0.007006703001814251	false	1.0
verbot	neg 1.0		neg 0.561321369062169 off 0.4317285154227827 __DUMMY__ 0.0069501155150483995	false	1.0
leid	neg 1.0		neg 0.5431030054283832 off 0.4499580575039894 __DUMMY__ 0.006938937067627479	false	1.0
archaisch	neg 1.0		neg 0.5573862724401764 off 0.43561376082656716 __DUMMY__ 0.006999966733256455	false	1.0
gegen			neg 0.5614320342176886 off 0.4315315657426619 __DUMMY__ 0.007036400039649555	false	0.0
scheidung	neg 1.0		neg 0.5341792666662685 off 0.458933386321511 __DUMMY__ 0.006887347012220622	false	1.0
einschlag	neg 1.0	neg 1.0	neg 0.7591907000889022 off 0.2374930648346012 __DUMMY__ 0.003316235076496457	false	1.0
m			neg 0.5564747826090718 off 0.4365030404833511 __DUMMY__ 0.007022176907577016	false	0.0
abgestanden	neg 1.0		neg 0.5543073656631344 off 0.43870604852368156 __DUMMY__ 0.006986585813184112	false	1.0
schmierig	off 1.0		neg 0.5436247392216513 off 0.4494329036034959 __DUMMY__ 0.006942357174852949	false	0.5
unpraktisch	neg 1.0		neg 0.5518139145741981 off 0.4411635686720845 __DUMMY__ 0.007022516753717542	false	1.0
wixxer	off 1.0		neg 0.5397845632436699 off 0.45334385616084133 __DUMMY__ 0.006871580595488875	false	0.5
bezeichnet			neg 0.5564386251701727 off 0.4365828274673731 __DUMMY__ 0.006978547362454251	false	0.0
jammerlappen	off 1.0		neg 0.5499104848281576 off 0.44312881982528485 __DUMMY__ 0.006960695346557556	false	0.5
farce	neg 1.0		neg 0.5606672031887076 off 0.43239141929242814 __DUMMY__ 0.006941377518864273	false	1.0
zwecklos	neg 1.0		neg 0.5581744804633736 off 0.43484111648584584 __DUMMY__ 0.006984403050780465	false	1.0
turbulent	neg 1.0		neg 0.5506688164655776 off 0.4423961853300123 __DUMMY__ 0.006934998204410083	false	1.0
invasion	neg 1.0		neg 0.5517534412602697 off 0.4412554526099344 __DUMMY__ 0.006991106129795755	false	1.0
schuld	neg 1.0		neg 0.5540596817160042 off 0.4389530980252072 __DUMMY__ 0.0069872202587885	false	1.0
risiko	neg 1.0		neg 0.5536216480232459 off 0.4393667478962834 __DUMMY__ 0.007011604080470704	false	1.0
finster	neg 1.0		neg 0.55257361294164 off 0.4404178928393577 __DUMMY__ 0.007008494219002258	false	1.0
geisteskrank	off 1.0		neg 0.5493637849328398 off 0.4437074553494509 __DUMMY__ 0.006928759717709431	false	0.5
zusammenbrechen	neg 1.0		neg 0.5554473049328723 off 0.437532604438634 __DUMMY__ 0.007020090628493633	false	1.0
ausbeute	neg 1.0		neg 0.5566484576724564 off 0.4362775389232939 __DUMMY__ 0.00707400340424976	false	1.0
hinterhalt	neg 1.0		neg 0.555875974345498 off 0.4370999164708834 __DUMMY__ 0.007024109183618658	false	1.0
kritik	neg 1.0		neg 0.5605435005744859 off 0.43250859434655314 __DUMMY__ 0.006947905078960874	false	1.0
einschrumpfen	neg 1.0		neg 0.5551152210366176 off 0.4379679692139516 __DUMMY__ 0.006916809749430687	false	1.0
riskant	neg 1.0		neg 0.5600765613700591 off 0.43293080478813284 __DUMMY__ 0.006992633841808068	false	1.0
frustrieren	neg 1.0		neg 0.5589356307122674 off 0.4340568179593739 __DUMMY__ 0.007007551328358679	false	1.0
groll	neg 1.0		neg 0.5575287333220991 off 0.43546782024195896 __DUMMY__ 0.007003446435942054	false	1.0
gibt			neg 0.5567272446192412 off 0.4362667492205326 __DUMMY__ 0.007006006160226245	false	0.0
qualvoll	neg 1.0		neg 0.5496396354552373 off 0.4433567535426435 __DUMMY__ 0.0070036110021193115	false	1.0
wackeln	neg 1.0	neg 1.0	neg 0.762563893033576 off 0.23408425781725406 __DUMMY__ 0.003351849149169921	false	1.0
klagen	neg 1.0		neg 0.5633549535813253 off 0.42962857794794 __DUMMY__ 0.0070164684707347625	false	1.0
bankrott	neg 1.0		neg 0.5502715438343235 off 0.44274891783143683 __DUMMY__ 0.006979538334239564	false	1.0
trauern	neg 1.0		neg 0.5574067352942099 off 0.4355539597474323 __DUMMY__ 0.007039304958357804	false	1.0
ablehnung	neg 1.0		neg 0.5606879100856522 off 0.43236746468563697 __DUMMY__ 0.00694462522871078	false	1.0
stur	neg 1.0		neg 0.5537468721035043 off 0.4392755175534576 __DUMMY__ 0.006977610343037913	false	1.0
aufruhr	neg 1.0		neg 0.5570158586025649 off 0.435999982127891 __DUMMY__ 0.0069841592695443645	false	1.0
melancholie	neg 1.0		neg 0.5560613032099976 off 0.4369062417859076 __DUMMY__ 0.00703245500409487	false	1.0
ist			neg 0.5525665591965613 off 0.4404421721083907 __DUMMY__ 0.006991268695047926	false	0.0
torheit	neg 1.0		neg 0.5561479472606009 off 0.43689745884188974 __DUMMY__ 0.0069545938975094125	false	1.0
dreckskind	off 1.0		neg 0.5446163150990295 off 0.4484891081385444 __DUMMY__ 0.006894576762426113	false	0.5
umtauschen	neg 1.0		neg 0.5544491668329077 off 0.4385402142713213 __DUMMY__ 0.007010618895771184	false	1.0
zum			neg 0.5596326649022477 off 0.4332296582439777 __DUMMY__ 0.007137676853774574	false	0.0
zersetzen	neg 1.0		neg 0.5622886016588412 off 0.4307256103365265 __DUMMY__ 0.006985788004632332	false	1.0
zur			neg 0.5646054562365352 off 0.42832655855811125 __DUMMY__ 0.007067985205353452	false	0.0
frust	neg 1.0		neg 0.555643744362184 off 0.4373353888016627 __DUMMY__ 0.007020866836153446	false	1.0
unerbittlichkeit	neg 1.0		neg 0.5615689547221403 off 0.4314353861012103 __DUMMY__ 0.0069956591766492686	false	1.0
zwei			neg 0.5584194170487246 off 0.4344728634229594 __DUMMY__ 0.007107719528316183	false	0.0
unkorrekt	neg 1.0		neg 0.5492217198307827 off 0.4438755283719932 __DUMMY__ 0.006902751797224096	false	1.0
hexe	off 1.0		neg 0.5487375647849402 off 0.4442990706984191 __DUMMY__ 0.006963364516640676	false	0.5
lasch	neg 1.0		neg 0.552498574666259 off 0.4405568262895966 __DUMMY__ 0.00694459904414449	false	1.0
rivale	neg 1.0		neg 0.5456742600795553 off 0.44735619042351965 __DUMMY__ 0.006969549496924974	false	1.0
mutlos	off 1.0	off 1.0	off 0.6990300806097348 neg 0.2976519171382238 __DUMMY__ 0.0033180022520413574	false	1.0
wirr	off 1.0		neg 0.5484884695722048 off 0.44460329342958754 __DUMMY__ 0.00690823699820778	false	0.5
jahr			neg 0.5562884700458511 off 0.4366098141201567 __DUMMY__ 0.007101715833992263	false	0.0
wird			neg 0.5575625527167554 off 0.4354143904447755 __DUMMY__ 0.007023056838469114	false	0.0
strafbar	neg 1.0		neg 0.5605478965108156 off 0.4324697867835874 __DUMMY__ 0.006982316705597078	false	1.0
erosion	neg 1.0		neg 0.5531637718550029 off 0.4398247040476091 __DUMMY__ 0.007011524097387928	false	1.0
eingehen	neg 1.0		neg 0.5592890745164136 off 0.4337291620286279 __DUMMY__ 0.00698176345495839	false	1.0
faul	off 1.0		neg 0.5493840960139711 off 0.4436289842515087 __DUMMY__ 0.006986919734520216	false	0.5
provisorium	neg 1.0		neg 0.5661640266943638 off 0.4267489834142267 __DUMMY__ 0.007086989891409311	false	1.0
schmerzen	neg 1.0		neg 0.554256623722785 off 0.438738529468482 __DUMMY__ 0.0070048468087332	false	1.0
schrumpfen	neg 1.0		neg 0.5658429112117186 off 0.4271220714626727 __DUMMY__ 0.007035017325608599	false	1.0
geistlos	off 1.0		neg 0.5562079310541325 off 0.4368846582170749 __DUMMY__ 0.006907410728792728	false	0.5
fehlkauf	neg 1.0		neg 0.5541125268919489 off 0.4389208989143304 __DUMMY__ 0.006966574193720614	false	1.0
frustrierend	neg 1.0		neg 0.549136850334368 off 0.4438652062359651 __DUMMY__ 0.006997943429667028	false	1.0
unzufrieden	neg 1.0		neg 0.558219587010392 off 0.4347932165740325 __DUMMY__ 0.006987196415575471	false	1.0
verzweifeln	neg 1.0		neg 0.5549250566931059 off 0.43806958045607497 __DUMMY__ 0.007005362850819122	false	1.0
verzweifelt	neg 1.0		neg 0.5536252628494673 off 0.43939664637102394 __DUMMY__ 0.00697809077950877	false	1.0
misstrauensantrag	neg 1.0		neg 0.5539428559434815 off 0.4391030000885126 __DUMMY__ 0.006954143968005788	false	1.0
abfallen	neg 1.0		neg 0.5510086529133725 off 0.44196107034555315 __DUMMY__ 0.007030276741074409	false	1.0
fucker	off 1.0		neg 0.5485627345811185 off 0.4445030051813304 __DUMMY__ 0.006934260237551073	false	0.5
ungezogen	neg 1.0		neg 0.5392468454438624 off 0.4538372306147749 __DUMMY__ 0.006915923941362711	false	1.0
irrsinnig	neg 1.0	neg 1.0	neg 0.764018267832142 off 0.2326634128235388 __DUMMY__ 0.003318319344319215	false	1.0
unfassbar	neg 1.0		neg 0.5486881399926469 off 0.4443482131917969 __DUMMY__ 0.006963646815556294	false	1.0
hart	neg 1.0		neg 0.5525279493310172 off 0.44052229852875424 __DUMMY__ 0.006949752140228575	false	1.0
widerlich	off 1.0		neg 0.5493694692691943 off 0.4437009618153702 __DUMMY__ 0.006929568915435698	false	0.5
fatal	neg 1.0		neg 0.5535453640100428 off 0.439484796995388 __DUMMY__ 0.00696983899456905	false	1.0
bruch	neg 1.0		neg 0.5637369811186279 off 0.4292585667665612 __DUMMY__ 0.007004452114810945	false	1.0
aushungern	neg 1.0		neg 0.5590091701107022 off 0.434037669248891 __DUMMY__ 0.006953160640406943	false	1.0
anspannung	neg 1.0	neg 1.0	neg 0.7670785168351306 off 0.2295223359899634 __DUMMY__ 0.0033991471749060254	false	1.0
von			neg 0.5581323924654451 off 0.4347815782812745 __DUMMY__ 0.007086029253280372	false	0.0
kraftlos	neg 1.0		neg 0.5549898738589034 off 0.4379670113611826 __DUMMY__ 0.007043114779914045	false	1.0
vom			neg 0.5626776041370054 off 0.43018974407443833 __DUMMY__ 0.007132651788556241	false	0.0
grenzdebil	off 1.0		neg 0.5475158542875479 off 0.4455238602124372 __DUMMY__ 0.006960285500014955	false	0.5
vor			neg 0.560205331818817 off 0.43275514244781677 __DUMMY__ 0.007039525733366169	false	0.0
unterwerfen	neg 1.0		neg 0.559147830184472 off 0.4338420464406504 __DUMMY__ 0.007010123374877695	false	1.0
versenkung	neg 1.0		neg 0.5598056211573829 off 0.43318820855996093 __DUMMY__ 0.007006170282656198	false	1.0
entziehen	neg 1.0		neg 0.5623960848431444 off 0.4305862729295817 __DUMMY__ 0.0070176422272740105	false	1.0
finanzkrise	neg 1.0		neg 0.5600276758174868 off 0.43304196508673054 __DUMMY__ 0.006930359095782672	false	1.0
schimpfend	neg 1.0		neg 0.5505868291584712 off 0.44237084898904777 __DUMMY__ 0.007042321852480914	false	1.0
profan	neg 1.0		neg 0.5518210215328792 off 0.44120298004012026 __DUMMY__ 0.006975998427000535	false	1.0
korruption	neg 1.0	neg 1.0	neg 0.7678094522812399 off 0.22888588304414995 __DUMMY__ 0.0033046646746102432	false	1.0
â			neg 0.5581819982771902 off 0.43480078459460103 __DUMMY__ 0.007017217128208923	false	0.0
schmutzig	neg 1.0		neg 0.5478061743621687 off 0.44522455116480353 __DUMMY__ 0.006969274473027661	false	1.0
sexy	neg 1.0		neg 0.5511176085212443 off 0.4419065661614325 __DUMMY__ 0.0069758253173232395	false	1.0
abraten	neg 1.0		neg 0.5527759992554422 off 0.44024075213723274 __DUMMY__ 0.006983248607325018	false	1.0
schwarz	neg 1.0		neg 0.5540530661923947 off 0.4389725293554206 __DUMMY__ 0.006974404452184837	false	1.0
fotze	off 1.0		neg 0.5601600590172238 off 0.4328480760727565 __DUMMY__ 0.0069918649100197475	false	0.5
verwirren	neg 1.0		neg 0.5514008464046248 off 0.44162001563424824 __DUMMY__ 0.006979137961127028	false	1.0
zahnlos	off 1.0		neg 0.5586120509845306 off 0.43440805585685005 __DUMMY__ 0.006979893158619359	false	0.5
verheeren	neg 1.0		neg 0.538741266009521 off 0.45435178371687757 __DUMMY__ 0.006906950273601586	false	1.0
hippie	neg 1.0		neg 0.5522208608346523 off 0.4408105089119809 __DUMMY__ 0.006968630253366931	false	1.0
rammen	neg 1.0		neg 0.5554718564195038 off 0.4375654223424954 __DUMMY__ 0.006962721238000874	false	1.0
unlauter	neg 1.0		neg 0.5582913719379905 off 0.43478779434636994 __DUMMY__ 0.006920833715639689	false	1.0
unheilvoll	neg 1.0		neg 0.5503301927010568 off 0.44265325683404994 __DUMMY__ 0.007016550464893462	false	1.0
niedrig	neg 1.0		neg 0.5606351820853684 off 0.43236083802427894 __DUMMY__ 0.00700397989035266	false	1.0
explosion	neg 1.0		neg 0.5530289335950733 off 0.4400050045518496 __DUMMY__ 0.006966061853076876	false	1.0
weichei	off 1.0		neg 0.5437452034593113 off 0.4493479482141619 __DUMMY__ 0.006906848326526846	false	0.5
minusmensch	off 1.0		neg 0.5436008526597086 off 0.4495729458917688 __DUMMY__ 0.006826201448522666	false	0.5
farblos	neg 1.0		neg 0.5531387599120506 off 0.43980946187643444 __DUMMY__ 0.007051778211514924	false	1.0
unwissend	neg 1.0	neg 1.0	neg 0.7613945136898996 off 0.23529649925573 __DUMMY__ 0.0033089870543703066	false	1.0
traurig	neg 1.0		neg 0.5448222870525439 off 0.4482164125614052 __DUMMY__ 0.006961300386051007	false	1.0
senkung	neg 1.0		neg 0.5542155468657789 off 0.43884721605234545 __DUMMY__ 0.006937237081875726	false	1.0
ungleich	neg 1.0	neg 1.0	neg 0.767826572069168 off 0.2288538581721465 __DUMMY__ 0.003319569758685394	false	1.0
heikel	neg 1.0		neg 0.5615377267318241 off 0.4314679975804963 __DUMMY__ 0.006994275687679386	false	1.0
drosselung	neg 1.0		neg 0.5482846292786592 off 0.4447558812842825 __DUMMY__ 0.006959489437058372	false	1.0
falsch	neg 1.0		neg 0.5501420381287979 off 0.4428843643760392 __DUMMY__ 0.006973597495162818	false	1.0
unzufriedenheit	neg 1.0		neg 0.561716927237151 off 0.43127679901394284 __DUMMY__ 0.007006273748906291	false	1.0
kurz	neg 1.0		neg 0.5539965210183855 off 0.4389553390275074 __DUMMY__ 0.007048139954107199	false	1.0
unsinnig	neg 1.0		neg 0.5586618751144632 off 0.434372266857901 __DUMMY__ 0.006965858027635731	false	1.0
penner	off 1.0	off 1.0	off 0.7097678834943553 neg 0.28694970103257433 __DUMMY__ 0.003282415473070416	false	1.0
seicht	neg 1.0		neg 0.5419432927505997 off 0.45118532833566677 __DUMMY__ 0.006871378913733493	false	1.0
dummheit	off 1.0	off 1.0	off 0.7031402997193813 neg 0.2935549509060918 __DUMMY__ 0.0033047493745270357	false	1.0
unerfreulich	neg 1.0		neg 0.5611739880348077 off 0.4318028137557867 __DUMMY__ 0.00702319820940556	false	1.0
motherfucker	off 1.0	off 1.0	off 0.7054786312593819 neg 0.29122999633842295 __DUMMY__ 0.0032913724021950658	false	1.0
pikiert	neg 1.0		neg 0.5508882538899791 off 0.4421826945793791 __DUMMY__ 0.006929051530641862	false	1.0
wrack	neg 1.0		neg 0.5565432012258951 off 0.4363955403446545 __DUMMY__ 0.0070612584294504396	false	1.0
gangster	neg 1.0		neg 0.5521749580096919 off 0.44084684590956247 __DUMMY__ 0.006978196080745764	false	1.0
krank	neg 1.0		neg 0.5458757536579087 off 0.44714078597746965 __DUMMY__ 0.006983460364621719	false	1.0
reich	neg 1.0		neg 0.5515719651140357 off 0.4414817325881464 __DUMMY__ 0.006946302297818011	false	1.0
gnadenlos	neg 1.0		neg 0.553792861048963 off 0.43921505760253704 __DUMMY__ 0.006992081348499987	false	1.0
niedergeschlagen	neg 1.0		neg 0.55501519047835 off 0.43796050541744413 __DUMMY__ 0.00702430410420593	false	1.0
terrorisieren	off 1.0	off 1.0	off 0.7002014061963197 neg 0.29646373910065227 __DUMMY__ 0.003334854703028223	false	1.0
sinnlosigkeit	neg 1.0		neg 0.5575214923490752 off 0.43548312738538775 __DUMMY__ 0.006995380265537066	false	1.0
behindern	neg 1.0		neg 0.5567573401638528 off 0.43626270217252056 __DUMMY__ 0.006979957663626652	false	1.0
undemokratisch	neg 1.0		neg 0.557438878261676 off 0.43562905154029263 __DUMMY__ 0.006932070198031213	false	1.0
wirtschaftskrise	neg 1.0		neg 0.5610963140233161 off 0.4319370733617384 __DUMMY__ 0.00696661261494541	false	1.0
neid	neg 1.0		neg 0.5466234053878767 off 0.4463551150243115 __DUMMY__ 0.007021479587811703	false	1.0
rutschen	neg 1.0	neg 1.0	neg 0.765982754872219 off 0.23062332521881174 __DUMMY__ 0.0033939199089693057	false	1.0
rezession	neg 1.0		neg 0.548837338359402 off 0.44428905564718546 __DUMMY__ 0.006873605993412606	false	1.0
fehlgeburt	neg 1.0		neg 0.5514445215636653 off 0.44155068306604794 __DUMMY__ 0.007004795370286777	false	1.0
charakterschwach	off 1.0		neg 0.5490209882461409 off 0.4440340670208996 __DUMMY__ 0.006944944732959687	false	0.5
isolation	neg 1.0		neg 0.5493043663182632 off 0.4437000847707134 __DUMMY__ 0.006995548911023443	false	1.0
ablenkung	neg 1.0		neg 0.5538521832164286 off 0.4391437702359496 __DUMMY__ 0.007004046547621808	false	1.0
pech	neg 1.0		neg 0.5495873335041314 off 0.44342278270553637 __DUMMY__ 0.006989883790332452	false	1.0
vermeidung	neg 1.0		neg 0.5493772620125346 off 0.44369026653490756 __DUMMY__ 0.006932471452557864	false	1.0
dominieren	neg 1.0		neg 0.5563128371566002 off 0.4366347600882905 __DUMMY__ 0.0070524027551092895	false	1.0
schwindlig	neg 1.0		neg 0.5495133432197608 off 0.4434607654250014 __DUMMY__ 0.007025891355237895	false	1.0
lutscher	neg 1.0	neg 1.0	neg 0.7567181295767579 off 0.24001352283689856 __DUMMY__ 0.003268347586343545	false	1.0
pflicht	neg 1.0		neg 0.5611025445534279 off 0.43189100738726655 __DUMMY__ 0.00700644805930558	false	1.0
faschist	off 1.0		neg 0.5547225048204939 off 0.43835054704592075 __DUMMY__ 0.006926948133585248	false	0.5
verschleudern	neg 1.0		neg 0.563473972043836 off 0.4295848167716455 __DUMMY__ 0.006941211184518536	false	1.0
wenn			neg 0.5497258941716585 off 0.44329835940400664 __DUMMY__ 0.006975746424334949	false	0.0
ehebruch	neg 1.0		neg 0.5598620540515473 off 0.43315305172925567 __DUMMY__ 0.00698489421919697	false	1.0
spott	off 1.0		neg 0.5610439710818983 off 0.43197914475078714 __DUMMY__ 0.006976884167314578	false	0.5
trostlosigkeit	neg 1.0		neg 0.5621382479859984 off 0.430845551532212 __DUMMY__ 0.007016200481789553	false	1.0
lutschen	neg 1.0		neg 0.5541790440909927 off 0.4388756243349301 __DUMMY__ 0.006945331574077136	false	1.0
undiszipliniert	neg 1.0		neg 0.5462036814256632 off 0.44683860098351036 __DUMMY__ 0.0069577175908263475	false	1.0
kopfschmerz	neg 1.0		neg 0.5548241945645469 off 0.4381476405773708 __DUMMY__ 0.0070281648580823195	false	1.0
unvorhergesehen	neg 1.0		neg 0.5552869532089042 off 0.4376368004640471 __DUMMY__ 0.007076246327048649	false	1.0
desinteressiert	neg 1.0		neg 0.5473706930640311 off 0.4456886754155933 __DUMMY__ 0.006940631520375673	false	1.0
armselig	off 1.0		neg 0.5477702119823318 off 0.44531924809583656 __DUMMY__ 0.006910539921831635	false	0.5
desaster	neg 1.0		neg 0.5644389843889174 off 0.42855563791077556 __DUMMY__ 0.007005377700307031	false	1.0
tod	neg 1.0		neg 0.558089717695027 off 0.4348932298559898 __DUMMY__ 0.007017052448983063	false	1.0
herzlos	neg 1.0		neg 0.5459332383489247 off 0.4471361824003341 __DUMMY__ 0.006930579250741091	false	1.0
unwissenheit	neg 1.0		neg 0.5596829267194471 off 0.4333537145461005 __DUMMY__ 0.0069633587344524505	false	1.0
widersinnig	neg 1.0	neg 1.0	neg 0.767294383148892 off 0.2294058142055025 __DUMMY__ 0.0032998026456055453	false	1.0
bedenklich	neg 1.0		neg 0.5599807412187239 off 0.43303198373523505 __DUMMY__ 0.006987275046041125	false	1.0
beanstanden	neg 1.0		neg 0.5617129072158844 off 0.4312762573162807 __DUMMY__ 0.007010835467834989	false	1.0
panisch	neg 1.0	neg 1.0	neg 0.7606660117233844 off 0.2359762834375395 __DUMMY__ 0.0033577048390761206	false	1.0
debil	off 1.0		neg 0.5663886258496037 off 0.42656591093320434 __DUMMY__ 0.007045463217192068	false	0.5
abstrich	neg 1.0		neg 0.5590066285288143 off 0.4340038425532181 __DUMMY__ 0.006989528917967575	false	1.0
primitiv	neg 1.0		neg 0.5488080289619041 off 0.44426229736543954 __DUMMY__ 0.006929673672656465	false	1.0
abschaum	off 1.0	off 1.0	off 0.7046541236482445 neg 0.2920419378222229 __DUMMY__ 0.0033039385295326276	false	1.0
provozieren	neg 1.0		neg 0.5549912252495047 off 0.4380340351136743 __DUMMY__ 0.006974739636821029	false	1.0
tot	neg 1.0		neg 0.5588640674968133 off 0.43412320316861136 __DUMMY__ 0.007012729334575405	false	1.0
instabil	neg 1.0		neg 0.5506410457981238 off 0.44245765280738075 __DUMMY__ 0.006901301394495432	false	1.0
schwuchtel	off 1.0		neg 0.5371701752193834 off 0.4559974394004994 __DUMMY__ 0.006832385380117241	false	0.5
zerren	neg 1.0		neg 0.5547332552041485 off 0.4382389091992052 __DUMMY__ 0.007027835596646204	false	1.0
kinderficker	off 1.0		neg 0.5455443698319263 off 0.4475640752153519 __DUMMY__ 0.006891554952721933	false	0.5
gefahr	neg 1.0		neg 0.561563067619094 off 0.4314290918764448 __DUMMY__ 0.007007840504461183	false	1.0
rabiat	neg 1.0		neg 0.5559521491399059 off 0.4370744569463106 __DUMMY__ 0.006973393913783553	false	1.0
verlangsamung	neg 1.0		neg 0.543839962057578 off 0.4492789226987222 __DUMMY__ 0.006881115243699907	false	1.0
ausgestorben	neg 1.0		neg 0.5543702776647997 off 0.4386127820794306 __DUMMY__ 0.007016940255769729	false	1.0
anklagen	neg 1.0		neg 0.5587931264805182 off 0.434237201707533 __DUMMY__ 0.006969671811948832	false	1.0
trott	neg 1.0		neg 0.5550973510201308 off 0.4378971704743002 __DUMMY__ 0.007005478505568891	false	1.0
verminderung	neg 1.0		neg 0.547738755417373 off 0.44531942009759035 __DUMMY__ 0.006941824485036599	false	1.0
nach			neg 0.5600059213703534 off 0.4328712485563723 __DUMMY__ 0.0071228300732740744	false	0.0
rost	neg 1.0		neg 0.5437405049758705 off 0.4493478100813417 __DUMMY__ 0.006911684942787804	false	1.0
destruktiv	neg 1.0		neg 0.5576589888561255 off 0.4353868318742973 __DUMMY__ 0.00695417926957728	false	1.0
unzumutbarkeit	neg 1.0		neg 0.5491528608114005 off 0.44386816223429365 __DUMMY__ 0.006978976954305909	false	1.0
labil	off 1.0	off 1.0	off 0.7045285082305616 neg 0.29216800255295944 __DUMMY__ 0.0033034892164789838	false	1.0
ziemlich	neg 1.0		neg 0.5471588644065102 off 0.4458601740127297 __DUMMY__ 0.006980961580760249	false	1.0
lachnummer	off 1.0		neg 0.5560165812653535 off 0.4370039401627928 __DUMMY__ 0.006979478571853747	false	0.5
oder			neg 0.5528481587542304 off 0.4401303525781896 __DUMMY__ 0.0070214886675799455	false	0.0
verfall	neg 1.0		neg 0.5667737023521818 off 0.4262071419857187 __DUMMY__ 0.007019155662099506	false	1.0
ausgrenzung	neg 1.0		neg 0.5571809573460119 off 0.4358994013038075 __DUMMY__ 0.0069196413501804565	false	1.0
unordnung	neg 1.0		neg 0.5487097841019618 off 0.4443214325459443 __DUMMY__ 0.006968783352093731	false	1.0
fehlverhalten	neg 1.0		neg 0.561716689470973 off 0.4312944007572969 __DUMMY__ 0.006988909771730021	false	1.0
eine			neg 0.5603682243188363 off 0.4326052349091247 __DUMMY__ 0.007026540772038951	false	0.0
nille	neg 1.0		neg 0.5567618702397132 off 0.43624680106480906 __DUMMY__ 0.006991328695477627	false	1.0
qual	neg 1.0		neg 0.5556878486012948 off 0.4373122388830187 __DUMMY__ 0.006999912515686523	false	1.0
verschwenden	neg 1.0		neg 0.5591113292500903 off 0.4338982127896491 __DUMMY__ 0.006990457960260621	false	1.0
riesig	neg 1.0	neg 1.0	neg 0.7656880912328359 off 0.23096354794991808 __DUMMY__ 0.0033483608172460277	false	1.0
verurteilen	neg 1.0		neg 0.5591931733850167 off 0.43383342913411443 __DUMMY__ 0.006973397480868763	false	1.0
klischee	neg 1.0	neg 1.0	neg 0.7630156442490792 off 0.23368219841983082 __DUMMY__ 0.0033021573310900443	false	1.0
diktatorisch	neg 1.0		neg 0.5580611374337632 off 0.4350306869189533 __DUMMY__ 0.006908175647283573	false	1.0
vorhersehbar	neg 1.0	neg 1.0	neg 0.7630963954192633 off 0.23359371157514666 __DUMMY__ 0.003309893005589996	false	1.0
sowie			neg 0.5453424511246859 off 0.4477609874341918 __DUMMY__ 0.006896561441122292	false	0.0
stornieren	neg 1.0		neg 0.5501869472962508 off 0.4427531122682409 __DUMMY__ 0.007059940435508267	false	1.0
besteuerung	neg 1.0		neg 0.5573433272169923 off 0.43572283130345296 __DUMMY__ 0.006933841479554713	false	1.0
ungeschminkt	neg 1.0		neg 0.5494402720599058 off 0.4436258136340205 __DUMMY__ 0.006933914306073824	false	1.0
kritisch	neg 1.0		neg 0.5599127754587646 off 0.4330933237380252 __DUMMY__ 0.0069939008032102006	false	1.0
schlamperei	off 1.0		neg 0.562514331241256 off 0.4305108867839181 __DUMMY__ 0.006974781974825804	false	0.5
sucht	neg 1.0	neg 1.0	neg 0.7641565779308604 off 0.23251018393133502 __DUMMY__ 0.0033332381378045244	false	1.0
egoistisch	off 1.0		neg 0.5427271023041972 off 0.4503448925135918 __DUMMY__ 0.0069280051822109764	false	0.5
ausbeuter	off 1.0		neg 0.5630714082931878 off 0.42996070936405595 __DUMMY__ 0.006967882342756223	false	0.5
arschgeburt	off 1.0		neg 0.5374652431167034 off 0.455710003299613 __DUMMY__ 0.006824753583683548	false	0.5
schubs	neg 1.0	neg 1.0	neg 0.7643552384981948 off 0.23228875768150808 __DUMMY__ 0.003356003820297093	false	1.0
unsolide	neg 1.0		neg 0.5593262234963865 off 0.43380258530656995 __DUMMY__ 0.00687119119704355	false	1.0
beschwerde	neg 1.0		neg 0.5625524438863004 off 0.43047850495780415 __DUMMY__ 0.006969051155895531	false	1.0
stocken	neg 1.0		neg 0.5607572983750466 off 0.4322557902148448 __DUMMY__ 0.006986911410108681	false	1.0
isolieren	neg 1.0		neg 0.5595311743411047 off 0.43348912451185184 __DUMMY__ 0.006979701147043389	false	1.0
unheilbar	neg 1.0		neg 0.5532967328629463 off 0.4396925604068399 __DUMMY__ 0.007010706730213798	false	1.0
pisser	off 1.0		neg 0.5486464006638269 off 0.44442627894693104 __DUMMY__ 0.006927320389242178	false	0.5
löschen	neg 1.0		neg 0.5552576872500881 off 0.43775050646170427 __DUMMY__ 0.0069918062882076484	false	1.0
durchfallen	neg 1.0		neg 0.5591880626698801 off 0.4338386460008776 __DUMMY__ 0.006973291329242356	false	1.0
wichser	off 1.0		neg 0.5380942057816694 off 0.4550114482434739 __DUMMY__ 0.006894345974856682	false	0.5
terror	neg 1.0		neg 0.5511983705433579 off 0.44180871322888804 __DUMMY__ 0.006992916227754076	false	1.0
krass	neg 1.0		neg 0.5453740347486833 off 0.44769853326700193 __DUMMY__ 0.006927431984314926	false	1.0
revolte	neg 1.0	neg 1.0	neg 0.7645942319488228 off 0.23210726680279448 __DUMMY__ 0.0032985012483826882	false	1.0
besorgt	neg 1.0		neg 0.5547266645607258 off 0.4382249463324363 __DUMMY__ 0.007048389106837855	false	1.0
nachlassen	neg 1.0		neg 0.5594827330738019 off 0.43350246702111644 __DUMMY__ 0.007014799905081651	false	1.0
alt	neg 1.0		neg 0.5581231887361994 off 0.43486528058363283 __DUMMY__ 0.007011530680167862	false	1.0
hundesohn	off 1.0		neg 0.5423137103172239 off 0.4508243069744646 __DUMMY__ 0.006861982708311551	false	0.5
als			neg 0.555407343091906 off 0.43756270755847526 __DUMMY__ 0.007029949349618786	false	0.0
abschreckung	neg 1.0		neg 0.5628396928526989 off 0.430155444648327 __DUMMY__ 0.0070048624989742314	false	1.0
unqualifiziert	neg 1.0		neg 0.5540057733869194 off 0.43906793487760337 __DUMMY__ 0.0069262917354773685	false	1.0
abgewichst	off 1.0		neg 0.5567291514735456 off 0.4362651746029859 __DUMMY__ 0.0070056739234685295	false	0.5
schwer	neg 1.0		neg 0.5543984968820415 off 0.43859704741895494 __DUMMY__ 0.00700445569900357	false	1.0
bedeutungslosigkeit	neg 1.0		neg 0.5616746378417337 off 0.43132316191406433 __DUMMY__ 0.00700220024420199	false	1.0
kapitulation	neg 1.0		neg 0.5630087807217186 off 0.43004613186117496 __DUMMY__ 0.006945087417106464	false	1.0
unscharf	neg 1.0		neg 0.5524039498994916 off 0.44062128311906174 __DUMMY__ 0.006974766981446644	false	1.0
schwinden	neg 1.0		neg 0.5614057878128801 off 0.43158493188287417 __DUMMY__ 0.007009280304245847	false	1.0
versklavung	neg 1.0		neg 0.5584013520070308 off 0.4346877632686861 __DUMMY__ 0.00691088472428311	false	1.0
schlecht	neg 1.0		neg 0.5469829235086089 off 0.4460347031283833 __DUMMY__ 0.0069823733630077845	false	1.0
verhasst	neg 1.0		neg 0.5542077599118433 off 0.43881338797097613 __DUMMY__ 0.006978852117180478	false	1.0
beschweren	neg 1.0		neg 0.5524076700075721 off 0.44060200574184394 __DUMMY__ 0.006990324250583977	false	1.0
scheiden	neg 1.0		neg 0.5494991201440349 off 0.4434208093686355 __DUMMY__ 0.007080070487329742	false	1.0
frustriert	neg 1.0		neg 0.5557204638559181 off 0.4372723932322549 __DUMMY__ 0.0070071429118268485	false	1.0
schimmelig	neg 1.0		neg 0.5588050514309643 off 0.4341791174281712 __DUMMY__ 0.007015831140864417	false	1.0
fisch	neg 1.0		neg 0.5572149967161341 off 0.43570971436688405 __DUMMY__ 0.007075288916981742	false	1.0
schmuggel	neg 1.0		neg 0.5591972818351133 off 0.43375427178502834 __DUMMY__ 0.007048446379858251	false	1.0
auffallen	neg 1.0		neg 0.5515851914590945 off 0.4414270548991564 __DUMMY__ 0.00698775364174927	false	1.0
konkurrenz	neg 1.0	neg 1.0	neg 0.7676198160873786 off 0.22902646415963018 __DUMMY__ 0.0033537197529911423	false	1.0
teufelskreis	neg 1.0	neg 1.0	neg 0.7652086123968416 off 0.23146984543548094 __DUMMY__ 0.003321542167677417	false	1.0
aufschreien	neg 1.0		neg 0.5528395013590253 off 0.4401920736547022 __DUMMY__ 0.006968424986272545	false	1.0
schuldner	neg 1.0		neg 0.5613027655683774 off 0.4316911289264355 __DUMMY__ 0.007006105505187097	false	1.0
missgeburt	off 1.0	off 1.0	off 0.7076224052442255 neg 0.2890995887850961 __DUMMY__ 0.0032780059706783373	false	1.0
arbeitslos	neg 1.0		neg 0.5586934834870418 off 0.43432987393264266 __DUMMY__ 0.006976642580315479	false	1.0
befallen	neg 1.0		neg 0.559105364481817 off 0.43393276523997787 __DUMMY__ 0.006961870278205207	false	1.0
miesepetrig	off 1.0	off 1.0	off 0.7064400572555853 neg 0.2902394939774226 __DUMMY__ 0.0033204487669919896	false	1.0
alarmieren	neg 1.0		neg 0.5530572062712626 off 0.44002367851144253 __DUMMY__ 0.0069191152172947135	false	1.0
ungeduscht	off 1.0		neg 0.5495105339459628 off 0.4434950455408566 __DUMMY__ 0.006994420513180513	false	0.5
knappheit	neg 1.0		neg 0.5617357541597484 off 0.4313008812526079 __DUMMY__ 0.006963364587643708	false	1.0
schlange	neg 1.0		neg 0.5498570095418568 off 0.4431049058685502 __DUMMY__ 0.007038084589592984	false	1.0
harsch	neg 1.0		neg 0.5429298826257849 off 0.45010946622035924 __DUMMY__ 0.006960651153855738	false	1.0
lang	neg 1.0		neg 0.5546035021138424 off 0.4384037578651141 __DUMMY__ 0.006992740021043642	false	1.0
ziellos	neg 1.0		neg 0.5558914941641605 off 0.4370713720918988 __DUMMY__ 0.007037133743940682	false	1.0
selbstverliebt	neg 1.0		neg 0.5393944726050949 off 0.4537559548636909 __DUMMY__ 0.006849572531214116	false	1.0
beseitigen	neg 1.0	neg 1.0	neg 0.7641009730705229 off 0.23255199418415642 __DUMMY__ 0.003347032745320691	false	1.0
dumm	off 1.0		neg 0.5424953973565996 off 0.45059692469491813 __DUMMY__ 0.00690767794848225	false	0.5
arbeitsloser	neg 1.0		neg 0.5580461441532995 off 0.43494300981331036 __DUMMY__ 0.007010846033390236	false	1.0
blitzen	neg 1.0		neg 0.5521015889162425 off 0.4409314401456679 __DUMMY__ 0.006966970938089589	false	1.0
hilflos	neg 1.0		neg 0.556162467445896 off 0.43682715656126786 __DUMMY__ 0.007010375992836131	false	1.0
eklig	off 1.0		neg 0.5418271441671201 off 0.4512692060545361 __DUMMY__ 0.006903649778343829	false	0.5
begriff			neg 0.5574722761871047 off 0.4355504282701936 __DUMMY__ 0.006977295542701717	false	0.0
hungersnot	neg 1.0		neg 0.5583806032343341 off 0.43463957333410125 __DUMMY__ 0.006979823431564513	false	1.0
ungesetzlich	neg 1.0		neg 0.5576855629861697 off 0.43541738730812035 __DUMMY__ 0.0068970497057099425	false	1.0
verschwendung	neg 1.0		neg 0.5598044340462403 off 0.433186084385208 __DUMMY__ 0.00700948156855173	false	1.0
schmerzvoll	neg 1.0		neg 0.552283907865299 off 0.44072249138234826 __DUMMY__ 0.006993600752352692	false	1.0
vorzeitig	neg 1.0		neg 0.5506071137516018 off 0.4423987542946302 __DUMMY__ 0.006994131953768094	false	1.0
unvollkommenheit	neg 1.0		neg 0.5555214735281642 off 0.43743456149293214 __DUMMY__ 0.0070439649789036584	false	1.0
intervenieren	neg 1.0		neg 0.562953099829132 off 0.4300838446454464 __DUMMY__ 0.0069630555254215605	false	1.0
banause	off 1.0		neg 0.5409795250412481 off 0.4521518734135822 __DUMMY__ 0.006868601545169747	false	0.5
rebell	neg 1.0		neg 0.5639584862788071 off 0.4290247315540308 __DUMMY__ 0.00701678216716226	false	1.0
unlogisch	neg 1.0		neg 0.5460454913221281 off 0.4470185275393171 __DUMMY__ 0.006935981138554803	false	1.0
leiden	neg 1.0		neg 0.5546119612371189 off 0.43827587787921973 __DUMMY__ 0.007112160883661473	false	1.0
abschaffung	neg 1.0		neg 0.557654667069468 off 0.43541048722041137 __DUMMY__ 0.0069348457101207255	false	1.0
sturz	neg 1.0		neg 0.5548817833599561 off 0.4381200754251866 __DUMMY__ 0.006998141214857355	false	1.0
verkleinerung	neg 1.0		neg 0.5563328158593993 off 0.43677151803029074 __DUMMY__ 0.006895666110309965	false	1.0
schmarotzer	off 1.0		neg 0.5593379603059269 off 0.43369382694340913 __DUMMY__ 0.0069682127506639525	false	0.5
bestrafung	neg 1.0		neg 0.5536060647031276 off 0.4394113612920956 __DUMMY__ 0.006982574004776794	false	1.0
achtlos	neg 1.0		neg 0.5532424250897007 off 0.4397311301056218 __DUMMY__ 0.007026444804677535	false	1.0
ungeheuer	neg 1.0		neg 0.5491206486624898 off 0.4438621003290976 __DUMMY__ 0.007017251008412492	false	1.0
