unsolidarisch	neg 1.0		neg 0.5414761976923307 off 0.41805447793973716 __DUMMY__ 0.04046932436793207	false	1.0
nachteilig	neg 1.0		neg 0.5422809616166183 off 0.416784689902127 __DUMMY__ 0.04093434848125468	false	1.0
skeptisch	neg 1.0		neg 0.5422374352996826 off 0.4167208430184941 __DUMMY__ 0.04104172168182322	false	1.0
schrecklich	neg 1.0		neg 0.5250840446186275 off 0.4341719626493263 __DUMMY__ 0.04074399273204628	false	1.0
schlapp	neg 1.0	neg 1.0	neg 0.7516207280097721 off 0.22885711541924242 __DUMMY__ 0.01952215657098546	false	1.0
abfall	neg 1.0		neg 0.5446879279765969 off 0.41415420297923816 __DUMMY__ 0.04115786904416482	false	1.0
widerspenstig	neg 1.0		neg 0.5353603838420501 off 0.42361053541618277 __DUMMY__ 0.04102908074176698	false	1.0
abrupt	neg 1.0		neg 0.5382371391527417 off 0.42040011603620053 __DUMMY__ 0.04136274481105784	false	1.0
unwirksam	neg 1.0		neg 0.540244786395615 off 0.4191758007991449 __DUMMY__ 0.04057941280524003	false	1.0
angreifen	neg 1.0	neg 1.0	neg 0.7584974543261382 off 0.22194529801107207 __DUMMY__ 0.019557247662789767	false	1.0
inkonsistent	neg 1.0		neg 0.535948994681734 off 0.42318040493166376 __DUMMY__ 0.04087060038660242	false	1.0
abrutschen	neg 1.0		neg 0.544009132054725 off 0.41481194931617354 __DUMMY__ 0.04117891862910142	false	1.0
unsicher	neg 1.0		neg 0.5350600446947688 off 0.423874862619325 __DUMMY__ 0.04106509268590615	false	1.0
bauernkind	off 1.0	off 1.0	off 0.6991045017962941 neg 0.28169922919786144 __DUMMY__ 0.019196269005844445	false	1.0
angreifer	neg 1.0		neg 0.5338592895614358 off 0.42510707168682277 __DUMMY__ 0.04103363875174131	false	1.0
trennen	neg 1.0		neg 0.5365969816646914 off 0.42191465568937003 __DUMMY__ 0.0414883626459385	false	1.0
schmutz	neg 1.0		neg 0.5325205093106654 off 0.42635405815720695 __DUMMY__ 0.04112543253212769	false	1.0
inkonsistenz	neg 1.0		neg 0.5339319067014117 off 0.4254555734730777 __DUMMY__ 0.040612519825510646	false	1.0
erschreckend	neg 1.0		neg 0.5376680048819377 off 0.4213723403948419 __DUMMY__ 0.04095965472322032	false	1.0
ertrinken	neg 1.0		neg 0.5386110939243466 off 0.42018954702361866 __DUMMY__ 0.041199359052034874	false	1.0
pickelface	off 1.0		neg 0.5395847302676317 off 0.41951123418551944 __DUMMY__ 0.04090403554684875	false	0.5
seiner			neg 0.539941694921425 off 0.4188482566009419 __DUMMY__ 0.04121004847763319	false	0.0
lauch	neg 1.0		neg 0.5461414769519534 off 0.41289876734315134 __DUMMY__ 0.040959755704895316	false	1.0
unwichtig	neg 1.0		neg 0.531405870939898 off 0.42781889754209335 __DUMMY__ 0.04077523151800863	false	1.0
steuerhinterziehung	neg 1.0		neg 0.5414723254355064 off 0.41783184701632664 __DUMMY__ 0.040695827548166974	false	1.0
schock	neg 1.0		neg 0.5343539576202542 off 0.424379721491631 __DUMMY__ 0.04126632088811478	false	1.0
beule	neg 1.0		neg 0.5292197649526285 off 0.42987092868276794 __DUMMY__ 0.040909306364603576	false	1.0
vergelten	neg 1.0		neg 0.5256472048134725 off 0.4334398053020197 __DUMMY__ 0.04091298988450775	false	1.0
verdorbenheit	neg 1.0		neg 0.5362108154368934 off 0.4227600045866023 __DUMMY__ 0.04102917997650443	false	1.0
trauma	neg 1.0		neg 0.5352842254127134 off 0.4237934016636718 __DUMMY__ 0.04092237292361501	false	1.0
sinnlos	neg 1.0		neg 0.5326918237932999 off 0.4263187841385083 __DUMMY__ 0.040989392068191674	false	1.0
fettsack	off 1.0	off 1.0	off 0.7009943225722829 neg 0.27973243197037023 __DUMMY__ 0.019273245457346946	false	1.0
feige	off 1.0	off 1.0	off 0.6975679313291212 neg 0.28308662204284807 __DUMMY__ 0.019345446628030765	false	1.0
abdanken	neg 1.0		neg 0.5394714096525837 off 0.4197536710426251 __DUMMY__ 0.04077491930479129	false	1.0
wichtigtuer	off 1.0	off 1.0	off 0.6961649153794708 neg 0.2844004109444197 __DUMMY__ 0.01943467367610953	false	1.0
misslingen	neg 1.0		neg 0.5311351280276392 off 0.42751466555937184 __DUMMY__ 0.04135020641298908	false	1.0
untreu	off 1.0		neg 0.5302594289102187 off 0.4290198611888061 __DUMMY__ 0.040720709900975274	false	0.5
missmutig	neg 1.0		neg 0.5298907198161132 off 0.42919528116336636 __DUMMY__ 0.04091399902052032	false	1.0
hurenbock	off 1.0		neg 0.5337041780853768 off 0.42526588665283976 __DUMMY__ 0.04102993526178341	false	0.5
betrunken	neg 1.0		neg 0.5258750587700711 off 0.4331723647497582 __DUMMY__ 0.04095257648017056	false	1.0
korrupt	off 1.0		neg 0.543117046991002 off 0.41626953842383946 __DUMMY__ 0.040613414585158436	false	0.5
unmut	neg 1.0		neg 0.5451566054268947 off 0.41374781632751995 __DUMMY__ 0.04109557824558529	false	1.0
hackfresse	off 1.0		neg 0.523016320305029 off 0.4365034182571229 __DUMMY__ 0.040480261437847984	false	0.5
aufblasen	neg 1.0		neg 0.5327846435566719 off 0.42610963199861007 __DUMMY__ 0.041105724444717925	false	1.0
gewaltsam	neg 1.0		neg 0.5376964964044693 off 0.4213535935946115 __DUMMY__ 0.04094991000091922	false	1.0
unbeliebtheit	neg 1.0		neg 0.5366749511400488 off 0.4230098550707777 __DUMMY__ 0.0403151937891735	false	1.0
sturheit	neg 1.0		neg 0.5381423321539116 off 0.4209380121607935 __DUMMY__ 0.04091965568529503	false	1.0
kuh	neg 1.0		neg 0.5380225158101525 off 0.42128780420185646 __DUMMY__ 0.04068967998799108	false	1.0
erschrecken	neg 1.0		neg 0.5303964313818567 off 0.4286401681430411 __DUMMY__ 0.040963400475102336	false	1.0
opfer	neg 1.0		neg 0.5394039708462474 off 0.41948157309188094 __DUMMY__ 0.041114456061871786	false	1.0
sinken	neg 1.0		neg 0.5430689269662684 off 0.4157113247875101 __DUMMY__ 0.0412197482462213	false	1.0
stinktier	neg 1.0		neg 0.5271185099395037 off 0.43240732934832427 __DUMMY__ 0.04047416071217206	false	1.0
tucke	off 1.0		neg 0.5256841891736257 off 0.43417394423402306 __DUMMY__ 0.04014186659235134	false	0.5
ein			neg 0.5331550709533371 off 0.4256918543955857 __DUMMY__ 0.041153074651077	false	0.0
abstieg	neg 1.0		neg 0.5392995119895816 off 0.41945213289648237 __DUMMY__ 0.041248355113935854	false	1.0
missverstehen	neg 1.0		neg 0.5346287509986809 off 0.4246112501670237 __DUMMY__ 0.04075999883429538	false	1.0
ergebnislos	neg 1.0		neg 0.541323476642573 off 0.417616781582304 __DUMMY__ 0.041059741775122977	false	1.0
unter			neg 0.5446756790856144 off 0.4136092596895886 __DUMMY__ 0.04171506122479699	false	0.0
manipulieren	neg 1.0		neg 0.5419133704536278 off 0.41702247485268445 __DUMMY__ 0.04106415469368779	false	1.0
unbewiesen	neg 1.0		neg 0.5417063650549593 off 0.41788375259979044 __DUMMY__ 0.04040988234525035	false	1.0
verschleppen	neg 1.0		neg 0.5402278805949446 off 0.4188151220465014 __DUMMY__ 0.04095699735855387	false	1.0
weib	off 1.0		neg 0.5238027377895589 off 0.43578469032588424 __DUMMY__ 0.040412571884556936	false	0.5
opposition	neg 1.0		neg 0.5363727708434671 off 0.42291695176594224 __DUMMY__ 0.040710277390590695	false	1.0
verkehrswidrig	neg 1.0	neg 1.0	neg 0.7470638769172141 off 0.23319759883300392 __DUMMY__ 0.019738524249781973	false	1.0
inkorrekt	neg 1.0		neg 0.5319569599497357 off 0.42764969828901567 __DUMMY__ 0.04039334176124855	false	1.0
vermeiden	neg 1.0		neg 0.5445216184346675 off 0.41405622028532263 __DUMMY__ 0.04142216128001	false	1.0
abweichung	neg 1.0	neg 1.0	neg 0.7576062783411729 off 0.22280233405852376 __DUMMY__ 0.019591387600303344	false	1.0
alkoholisiert	neg 1.0		neg 0.5351052006214012 off 0.4231805402133975 __DUMMY__ 0.04171425916520126	false	1.0
scheiss	off 1.0	off 1.0	off 0.6988011421103155 neg 0.28174416921184814 __DUMMY__ 0.019454688677836365	false	1.0
herausforderung	neg 1.0	neg 1.0	neg 0.7554288670618549 off 0.2246954024662933 __DUMMY__ 0.019875730471851857	false	1.0
pervers	off 1.0		neg 0.5200439309995357 off 0.43959864281771127 __DUMMY__ 0.04035742618275298	false	0.5
wackelig	neg 1.0		neg 0.5348134120423552 off 0.4237619111135907 __DUMMY__ 0.04142467684405409	false	1.0
verwickeln	neg 1.0		neg 0.5343837457623698 off 0.4248176712796526 __DUMMY__ 0.040798582957977635	false	1.0
vorwand	neg 1.0		neg 0.5428842547669828 off 0.41604161813391527 __DUMMY__ 0.041074127099101854	false	1.0
muschi	off 1.0		neg 0.5385343553772354 off 0.4205136578724645 __DUMMY__ 0.04095198675030001	false	0.5
entmutigung	neg 1.0		neg 0.537890595830956 off 0.42149321685509133 __DUMMY__ 0.040616187313952765	false	1.0
unangemessen	neg 1.0		neg 0.5398012313077644 off 0.4193326206254339 __DUMMY__ 0.040866148066801604	false	1.0
unstetig	neg 1.0		neg 0.5355521704409568 off 0.4235478136674879 __DUMMY__ 0.04090001589155519	false	1.0
entmutigen	neg 1.0		neg 0.5338219070608898 off 0.42516960626785627 __DUMMY__ 0.041008486671254035	false	1.0
schwanz	neg 1.0		neg 0.5415212037741518 off 0.41741254684130324 __DUMMY__ 0.04106624938454503	false	1.0
verbot	neg 1.0		neg 0.5423698009256555 off 0.4168944700722091 __DUMMY__ 0.040735729002135436	false	1.0
leid	neg 1.0		neg 0.5242751694687099 off 0.43505441581276094 __DUMMY__ 0.040670414718529176	false	1.0
archaisch	neg 1.0		neg 0.5383233487152724 off 0.4206500214743891 __DUMMY__ 0.041026629810338514	false	1.0
gegen			neg 0.5422451426868374 off 0.4165154483721315 __DUMMY__ 0.04123940894103104	false	0.0
scheidung	neg 1.0		neg 0.5155191789157502 off 0.4441107458762848 __DUMMY__ 0.04037007520796491	false	1.0
einschlag	neg 1.0	neg 1.0	neg 0.7501529082811766 off 0.23038535799271587 __DUMMY__ 0.01946173372610757	false	1.0
m			neg 0.5373591750479766 off 0.4214849102093828 __DUMMY__ 0.041155914742640694	false	0.0
abgestanden	neg 1.0		neg 0.5353063634882564 off 0.42374449810058956 __DUMMY__ 0.04094913841115405	false	1.0
schmierig	off 1.0		neg 0.5247850159896619 off 0.4345246437477626 __DUMMY__ 0.04069034026257555	false	0.5
unpraktisch	neg 1.0		neg 0.5327221815701296 off 0.42611946907470405 __DUMMY__ 0.04115834935516621	false	1.0
wixxer	off 1.0		neg 0.5211523667993799 off 0.43857027314426683 __DUMMY__ 0.04027736005635326	false	0.5
bezeichnet			neg 0.5374367030597499 off 0.4216619080295974 __DUMMY__ 0.04090138891065264	false	0.0
jammerlappen	off 1.0		neg 0.5309904993675602 off 0.42821237733457984 __DUMMY__ 0.04079712329786008	false	0.5
farce	neg 1.0		neg 0.5417433455619207 off 0.4175719037105118 __DUMMY__ 0.04068475072756741	false	1.0
zwecklos	neg 1.0		neg 0.5391493362384061 off 0.41991516165471354 __DUMMY__ 0.040935502106880295	false	1.0
turbulent	neg 1.0		neg 0.5318124729524376 off 0.4275391355258877 __DUMMY__ 0.04064839152167458	false	1.0
invasion	neg 1.0		neg 0.5327416949845302 off 0.42628366630918635 __DUMMY__ 0.04097463870628354	false	1.0
schuld	neg 1.0		neg 0.535046277764478 off 0.4240018092213792 __DUMMY__ 0.04095191301414277	false	1.0
risiko	neg 1.0		neg 0.5345404526579963 off 0.4243643041002337 __DUMMY__ 0.04109524324176987	false	1.0
finster	neg 1.0		neg 0.5335208998112682 off 0.4254023573251995 __DUMMY__ 0.04107674286353241	false	1.0
geisteskrank	off 1.0		neg 0.5305305599988859 off 0.42885866965259073 __DUMMY__ 0.04061077034852335	false	0.5
zusammenbrechen	neg 1.0		neg 0.5363395192797376 off 0.4225166693888253 __DUMMY__ 0.04114381133143713	false	1.0
ausbeute	neg 1.0		neg 0.5373929576114209 off 0.42114745530065106 __DUMMY__ 0.04145958708792801	false	1.0
hinterhalt	neg 1.0		neg 0.5367547692702316 off 0.42207676657877147 __DUMMY__ 0.04116846415099699	false	1.0
kritik	neg 1.0		neg 0.5416019045681508 off 0.4176752674005199 __DUMMY__ 0.04072282803132932	false	1.0
einschrumpfen	neg 1.0		neg 0.5362898495978989 off 0.42316893578455517 __DUMMY__ 0.040541214617545826	false	1.0
riskant	neg 1.0		neg 0.5410215484337915 off 0.41799498920515354 __DUMMY__ 0.04098346236105491	false	1.0
frustrieren	neg 1.0		neg 0.5398449415925977 off 0.4190844102107748 __DUMMY__ 0.04107064819662757	false	1.0
groll	neg 1.0		neg 0.5384519432126879 off 0.420501192161074 __DUMMY__ 0.04104686462623811	false	1.0
gibt			neg 0.5376513635005193 off 0.4212870824076634 __DUMMY__ 0.041061554091817117	false	0.0
qualvoll	neg 1.0		neg 0.5306060689165296 off 0.42834594358996225 __DUMMY__ 0.041047987493508103	false	1.0
wackeln	neg 1.0	neg 1.0	neg 0.7534284436665868 off 0.22690137895029985 __DUMMY__ 0.0196701773831133	false	1.0
klagen	neg 1.0		neg 0.5442153860355832 off 0.4146615728289316 __DUMMY__ 0.041123041135485185	false	1.0
bankrott	neg 1.0		neg 0.5313026905986046 off 0.4277900430027246 __DUMMY__ 0.04090726639867081	false	1.0
trauern	neg 1.0		neg 0.5382332044463378 off 0.4205102905549495 __DUMMY__ 0.041256504998712744	false	1.0
ablehnung	neg 1.0		neg 0.5417538901838537 off 0.41754249573202734 __DUMMY__ 0.040703614084118954	false	1.0
stur	neg 1.0		neg 0.534761802649361 off 0.42434235284005734 __DUMMY__ 0.04089584451058177	false	1.0
aufruhr	neg 1.0		neg 0.5379935212049225 off 0.42107179420026813 __DUMMY__ 0.04093468459480932	false	1.0
melancholie	neg 1.0		neg 0.5369236218322097 off 0.4218598294461337 __DUMMY__ 0.04121654872165663	false	1.0
ist			neg 0.533552405085309 off 0.4254720309925014 __DUMMY__ 0.04097556392218956	false	0.0
torheit	neg 1.0		neg 0.5372090657530991 off 0.4220289480493298 __DUMMY__ 0.040761986197571064	false	1.0
dreckskind	off 1.0		neg 0.5258993853935804 off 0.43368902158232375 __DUMMY__ 0.04041159302409578	false	0.5
umtauschen	neg 1.0		neg 0.5353810478691836 off 0.42352993519580184 __DUMMY__ 0.041089016935014565	false	1.0
zum			neg 0.5401883576823785 off 0.41798076068850526 __DUMMY__ 0.04183088162911621	false	0.0
zersetzen	neg 1.0		neg 0.5432408581020197 off 0.4158154465363533 __DUMMY__ 0.040943695361626946	false	1.0
zur			neg 0.545323936857574 off 0.4132522299836413 __DUMMY__ 0.04142383315878474	false	0.0
frust	neg 1.0		neg 0.5365319468015974 off 0.4223197004989057 __DUMMY__ 0.04114835269949685	false	1.0
unerbittlichkeit	neg 1.0		neg 0.5424964180849954 off 0.41650217473591605 __DUMMY__ 0.04100140717908858	false	1.0
zwei			neg 0.5390635514244393 off 0.41928065205525983 __DUMMY__ 0.04165579652030084	false	0.0
unkorrekt	neg 1.0		neg 0.5304586169815374 off 0.42908192480989543 __DUMMY__ 0.040459458208567334	false	1.0
hexe	off 1.0		neg 0.5298186859655485 off 0.42936783980822607 __DUMMY__ 0.040813474226225374	false	0.5
lasch	neg 1.0		neg 0.5336075458299255 off 0.4256891141574971 __DUMMY__ 0.04070334001257742	false	1.0
rivale	neg 1.0		neg 0.5267476513516209 off 0.43240283768011056 __DUMMY__ 0.040849510968268374	false	1.0
mutlos	off 1.0	off 1.0	off 0.6919284040243121 neg 0.2885997172948797 __DUMMY__ 0.019471878680808144	false	1.0
wirr	off 1.0		neg 0.5297167654696003 off 0.42979164719247287 __DUMMY__ 0.0404915873379268	false	0.5
jahr			neg 0.5369568532416057 off 0.42142201499224224 __DUMMY__ 0.04162113176615205	false	0.0
wird			neg 0.5384387225552335 off 0.4204001667958505 __DUMMY__ 0.041161110648915956	false	0.0
strafbar	neg 1.0		neg 0.5415135888693585 off 0.4175628400235015 __DUMMY__ 0.04092357110713993	false	1.0
erosion	neg 1.0		neg 0.5340921884958482 off 0.4248139372812111 __DUMMY__ 0.04109387422294075	false	1.0
eingehen	neg 1.0		neg 0.5402663669362999 off 0.41881359813130675 __DUMMY__ 0.0409200349323934	false	1.0
faul	off 1.0		neg 0.530401175376576 off 0.42864829287832096 __DUMMY__ 0.04095053174510305	false	0.5
provisorium	neg 1.0		neg 0.5468310111399586 off 0.4116342950918529 __DUMMY__ 0.041534693768188496	false	1.0
schmerzen	neg 1.0		neg 0.5352049143277269 off 0.42373978737819057 __DUMMY__ 0.04105529829408261	false	1.0
schrumpfen	neg 1.0		neg 0.5466450448357586 off 0.41212356902089625 __DUMMY__ 0.041231386143345185	false	1.0
geistlos	off 1.0		neg 0.5373982655286493 off 0.42211538201422893 __DUMMY__ 0.0404863524571217	false	0.5
fehlkauf	neg 1.0		neg 0.5351555726757892 off 0.4240128644840504 __DUMMY__ 0.0408315628401606	false	1.0
frustrierend	neg 1.0		neg 0.5301187624882929 off 0.42886656596252565 __DUMMY__ 0.041014671549181474	false	1.0
unzufrieden	neg 1.0		neg 0.539186933977336 off 0.419861318498971 __DUMMY__ 0.04095174752369284	false	1.0
verzweifeln	neg 1.0		neg 0.5358597827585951 off 0.4230824116171602 __DUMMY__ 0.041057805624244645	false	1.0
verzweifelt	neg 1.0		neg 0.5346415933380785 off 0.42445985306276107 __DUMMY__ 0.04089855359916045	false	1.0
misstrauensantrag	neg 1.0		neg 0.5350254154297904 off 0.4242154172829634 __DUMMY__ 0.04075916728724627	false	1.0
abfallen	neg 1.0		neg 0.5318995040223631 off 0.4268969163629773 __DUMMY__ 0.04120357961465967	false	1.0
fucker	off 1.0		neg 0.529719055380066 off 0.4296382806072009 __DUMMY__ 0.04064266401273315	false	0.5
ungezogen	neg 1.0		neg 0.5204972850508046 off 0.43896647143141143 __DUMMY__ 0.040536243517783954	false	1.0
irrsinnig	neg 1.0	neg 1.0	neg 0.7549723044990325 off 0.22555404687794617 __DUMMY__ 0.019473648623021304	false	1.0
unfassbar	neg 1.0		neg 0.5297665269019196 off 0.4294190312946877 __DUMMY__ 0.04081444180339257	false	1.0
hart	neg 1.0		neg 0.533625512893329 off 0.4256402668169085 __DUMMY__ 0.04073422028976249	false	1.0
widerlich	off 1.0		neg 0.5305364383340617 off 0.4288480756068318 __DUMMY__ 0.04061548605910644	false	0.5
fatal	neg 1.0		neg 0.5345827016721825 off 0.4245669561893173 __DUMMY__ 0.04085034213850036	false	1.0
bruch	neg 1.0		neg 0.5446290428076259 off 0.414317873050065 __DUMMY__ 0.041053084142308995	false	1.0
aushungern	neg 1.0		neg 0.5400567959927288 off 0.41918962919358155 __DUMMY__ 0.04075357481368952	false	1.0
anspannung	neg 1.0	neg 1.0	neg 0.7578075702473445 off 0.2222450551777201 __DUMMY__ 0.01994737457493536	false	1.0
von			neg 0.5388342021299816 off 0.4196360599527629 __DUMMY__ 0.04152973791725544	false	0.0
kraftlos	neg 1.0		neg 0.5358234071623649 off 0.4228981210623657 __DUMMY__ 0.04127847177526961	false	1.0
vom			neg 0.5432357531369663 off 0.41496271602286505 __DUMMY__ 0.041801530840168716	false	0.0
grenzdebil	off 1.0		neg 0.5286092378806281 off 0.43059594296538695 __DUMMY__ 0.040794819153984994	false	0.5
vor			neg 0.5410233825113598 off 0.417719344320541 __DUMMY__ 0.04125727316809915	false	0.0
unterwerfen	neg 1.0		neg 0.5400455256081721 off 0.418868529985779 __DUMMY__ 0.041085944406048985	false	1.0
versenkung	neg 1.0		neg 0.5407132044520059 off 0.41822417848911275 __DUMMY__ 0.04106261705888135	false	1.0
entziehen	neg 1.0		neg 0.5432598940601235 off 0.4156104811553599 __DUMMY__ 0.04112962478451655	false	1.0
finanzkrise	neg 1.0		neg 0.5411410770658208 off 0.418238426338951 __DUMMY__ 0.040620496595228144	false	1.0
schimpfend	neg 1.0		neg 0.5314467800096564 off 0.42727877785100515 __DUMMY__ 0.04127444213933851	false	1.0
profan	neg 1.0		neg 0.5328527127377936 off 0.42626073161448896 __DUMMY__ 0.04088655564771747	false	1.0
korruption	neg 1.0	neg 1.0	neg 0.758793261586899 off 0.22181291767333 __DUMMY__ 0.019393820739771108	false	1.0
â			neg 0.5390727855364943 off 0.41980023049326526 __DUMMY__ 0.041126983970240436	false	0.0
schmutzig	neg 1.0		neg 0.5288748442580213 off 0.43027782104531653 __DUMMY__ 0.04084733469666215	false	1.0
sexy	neg 1.0		neg 0.5321510956195202 off 0.4269635910169052 __DUMMY__ 0.04088531336357448	false	1.0
abraten	neg 1.0		neg 0.5337846082029909 off 0.42528644396587795 __DUMMY__ 0.0409289478311311	false	1.0
schwarz	neg 1.0		neg 0.5350764167611508 off 0.42404651842366226 __DUMMY__ 0.04087706481518692	false	1.0
fotze	off 1.0		neg 0.5411071343132073 off 0.41791345832398424 __DUMMY__ 0.0409794073628083	false	0.5
verwirren	neg 1.0		neg 0.5324243614056661 off 0.4266708801729961 __DUMMY__ 0.04090475842133789	false	1.0
zahnlos	off 1.0		neg 0.5395963927064913 off 0.4194944477418808 __DUMMY__ 0.040909159551627765	false	0.5
verheeren	neg 1.0		neg 0.5200117332002728 off 0.43950414179180014 __DUMMY__ 0.04048412500792702	false	1.0
hippie	neg 1.0		neg 0.533268112941424 off 0.42588862078417267 __DUMMY__ 0.040843266274403336	false	1.0
rammen	neg 1.0		neg 0.5365282984869865 off 0.4226618744838778 __DUMMY__ 0.04080982702913574	false	1.0
unlauter	neg 1.0		neg 0.5394388644653184 off 0.4199961477910839 __DUMMY__ 0.040564987743597763	false	1.0
unheilvoll	neg 1.0		neg 0.5312586566937101 off 0.4276175439774956 __DUMMY__ 0.04112379932879433	false	1.0
niedrig	neg 1.0		neg 0.5415487400481339 off 0.4174005329075943 __DUMMY__ 0.0410507270442718	false	1.0
explosion	neg 1.0		neg 0.5340810768537991 off 0.4250904349458676 __DUMMY__ 0.040828488200333364	false	1.0
weichei	off 1.0		neg 0.5250036820600714 off 0.434513294999305 __DUMMY__ 0.040483022940623614	false	0.5
minusmensch	off 1.0		neg 0.5250667686519113 off 0.43492076531384216 __DUMMY__ 0.040012466034246706	false	0.5
farblos	neg 1.0		neg 0.5339553705124044 off 0.42471441067080473 __DUMMY__ 0.04133021881679095	false	1.0
unwissend	neg 1.0	neg 1.0	neg 0.752376914021088 off 0.22820405372495214 __DUMMY__ 0.01941903225395981	false	1.0
traurig	neg 1.0		neg 0.5259246000643092 off 0.4332745868787942 __DUMMY__ 0.04080081305689661	false	1.0
senkung	neg 1.0		neg 0.5353414582665625 off 0.4239979232286501 __DUMMY__ 0.040660618504787284	false	1.0
ungleich	neg 1.0	neg 1.0	neg 0.7587711939063674 off 0.22174774202000563 __DUMMY__ 0.01948106407362692	false	1.0
heikel	neg 1.0		neg 0.5424714237040106 off 0.4165353965284359 __DUMMY__ 0.04099317976755356	false	1.0
drosselung	neg 1.0		neg 0.5293764892782186 off 0.4298327723839262 __DUMMY__ 0.040790738337855195	false	1.0
falsch	neg 1.0		neg 0.5311862857429405 off 0.4279411972374865 __DUMMY__ 0.04087251701957295	false	1.0
unzufriedenheit	neg 1.0		neg 0.5426140423843235 off 0.41632265848641614 __DUMMY__ 0.04106329912926038	false	1.0
kurz	neg 1.0		neg 0.5348237562299841 off 0.42386849704283136 __DUMMY__ 0.04130774672718447	false	1.0
unsinnig	neg 1.0		neg 0.5396856444167939 off 0.41948709287256486 __DUMMY__ 0.040827262710641264	false	1.0
penner	off 1.0	off 1.0	off 0.7027272909480663 neg 0.278009319254216 __DUMMY__ 0.019263389797717755	false	1.0
seicht	neg 1.0		neg 0.523299668218792 off 0.4364243113278116 __DUMMY__ 0.040276020453396316	false	1.0
dummheit	off 1.0	off 1.0	off 0.6960601683694921 neg 0.2845456495672922 __DUMMY__ 0.019394182063215554	false	1.0
unerfreulich	neg 1.0		neg 0.5420328830088598 off 0.4168049671054423 __DUMMY__ 0.04116214988569782	false	1.0
motherfucker	off 1.0	off 1.0	off 0.6984252422402557 neg 0.28225896978499515 __DUMMY__ 0.019315787974749237	false	1.0
pikiert	neg 1.0		neg 0.5320497319611938 off 0.42733775933428403 __DUMMY__ 0.04061250870452212	false	1.0
wrack	neg 1.0		neg 0.5373190529670241 off 0.4212955185135843 __DUMMY__ 0.04138542851939152	false	1.0
gangster	neg 1.0		neg 0.5331972236605341 off 0.4259036204047867 __DUMMY__ 0.04089915593467915	false	1.0
krank	neg 1.0		neg 0.5269157277196926 off 0.4321539416321636 __DUMMY__ 0.04093033064814386	false	1.0
reich	neg 1.0		neg 0.5326815035656397 off 0.42660404926588175 __DUMMY__ 0.04071444716847861	false	1.0
gnadenlos	neg 1.0		neg 0.5347680778665784 off 0.4242516763445843 __DUMMY__ 0.04098024578883732	false	1.0
niedergeschlagen	neg 1.0		neg 0.5358994297142986 off 0.4229318389603696 __DUMMY__ 0.04116873132533166	false	1.0
terrorisieren	off 1.0	off 1.0	off 0.6930626617466511 neg 0.2873667461186255 __DUMMY__ 0.01957059213472339	false	1.0
sinnlosigkeit	neg 1.0		neg 0.5384700021022036 off 0.42053038935232007 __DUMMY__ 0.04099960854547625	false	1.0
behindern	neg 1.0		neg 0.537756679933177 off 0.4213338059614736 __DUMMY__ 0.040909514105349425	false	1.0
undemokratisch	neg 1.0		neg 0.5385533243149717 off 0.4208162475264632 __DUMMY__ 0.040630428158565206	false	1.0
wirtschaftskrise	neg 1.0		neg 0.5421037373237597 off 0.41706411626085865 __DUMMY__ 0.0408321464153816	false	1.0
neid	neg 1.0		neg 0.5275534359067607 off 0.43129419066536506 __DUMMY__ 0.041152373427874145	false	1.0
rutschen	neg 1.0	neg 1.0	neg 0.7567299622945605 off 0.22335333162557858 __DUMMY__ 0.019916706079860985	false	1.0
rezession	neg 1.0		neg 0.5301570645807946 off 0.4295537985539186 __DUMMY__ 0.040289136865286714	false	1.0
fehlgeburt	neg 1.0		neg 0.5323949038228855 off 0.4265491767832354 __DUMMY__ 0.04105591939387911	false	1.0
charakterschwach	off 1.0		neg 0.5301445357945245 off 0.4291500229883665 __DUMMY__ 0.04070544121710904	false	0.5
isolation	neg 1.0		neg 0.5302928222070256 off 0.4287064531129273 __DUMMY__ 0.0410007246800472	false	1.0
ablenkung	neg 1.0		neg 0.5347978728662268 off 0.4241519426165075 __DUMMY__ 0.04105018451726565	false	1.0
pech	neg 1.0		neg 0.5305955889879796 off 0.4284362577770739 __DUMMY__ 0.040968153234946424	false	1.0
vermeidung	neg 1.0		neg 0.5305400448408215 off 0.4288272641956251 __DUMMY__ 0.04063269096355351	false	1.0
dominieren	neg 1.0		neg 0.537109940574649 off 0.4215567541812448 __DUMMY__ 0.04133330524410617	false	1.0
schwindlig	neg 1.0		neg 0.5304245324657757 off 0.42839731583244034 __DUMMY__ 0.04117815170178396	false	1.0
lutscher	neg 1.0	neg 1.0	neg 0.7478151276200701 off 0.2330037786320073 __DUMMY__ 0.01918109374792253	false	1.0
pflicht	neg 1.0		neg 0.5420022870542313 off 0.41693349885185427 __DUMMY__ 0.041064214093914635	false	1.0
faschist	off 1.0		neg 0.5358626103262059 off 0.42353677838289316 __DUMMY__ 0.04060061129090105	false	0.5
verschleudern	neg 1.0		neg 0.544542192118314 off 0.4147739172997608 __DUMMY__ 0.04068389058192513	false	1.0
wenn			neg 0.5307668417199705 off 0.428348174820014 __DUMMY__ 0.04088498346001546	false	0.0
ehebruch	neg 1.0		neg 0.5408240449650421 off 0.4182372184794946 __DUMMY__ 0.04093873655546324	false	1.0
spott	off 1.0		neg 0.5420224855834785 off 0.41708567362438753 __DUMMY__ 0.04089184079213399	false	0.5
trostlosigkeit	neg 1.0		neg 0.5430082880062111 off 0.4158701581677789 __DUMMY__ 0.04112155382600991	false	1.0
lutschen	neg 1.0		neg 0.5352788281322545 off 0.42401321487876814 __DUMMY__ 0.040707956988977424	false	1.0
undiszipliniert	neg 1.0		neg 0.5273099406845263 off 0.4319100047514692 __DUMMY__ 0.040780054564004645	false	1.0
kopfschmerz	neg 1.0		neg 0.5357056397090016 off 0.42310266587465156 __DUMMY__ 0.041191694416346854	false	1.0
unvorhergesehen	neg 1.0		neg 0.5360333684318767 off 0.4224942474319048 __DUMMY__ 0.04147238413621851	false	1.0
desinteressiert	neg 1.0		neg 0.5285172891372363 off 0.4308026149818216 __DUMMY__ 0.04068009588094221	false	1.0
armselig	off 1.0		neg 0.5289949242144611 off 0.43050069955566206 __DUMMY__ 0.04050437622987696	false	0.5
desaster	neg 1.0		neg 0.5453254072060746 off 0.41361640578255604 __DUMMY__ 0.04105818701136945	false	1.0
tod	neg 1.0		neg 0.5389782768111021 off 0.419894468852474 __DUMMY__ 0.041127254336424036	false	1.0
herzlos	neg 1.0		neg 0.5271139540693875 off 0.4322646480835032 __DUMMY__ 0.04062139784710924	false	1.0
unwissenheit	neg 1.0		neg 0.5407068339798975 off 0.418480381425909 __DUMMY__ 0.04081278459419364	false	1.0
widersinnig	neg 1.0	neg 1.0	neg 0.7582913902666593 off 0.22234331652480813 __DUMMY__ 0.01936529320853262	false	1.0
bedenklich	neg 1.0		neg 0.5409397766437827 off 0.4181079548470454 __DUMMY__ 0.04095226850917197	false	1.0
beanstanden	neg 1.0		neg 0.5425973098134261 off 0.41631269237058305 __DUMMY__ 0.04108999781599077	false	1.0
panisch	neg 1.0	neg 1.0	neg 0.7515171703811243 off 0.22877828791504165 __DUMMY__ 0.019704541703834094	false	1.0
debil	off 1.0		neg 0.5471644067977496 off 0.41154307672057594 __DUMMY__ 0.041292516481674514	false	0.5
abstrich	neg 1.0		neg 0.5399792595072527 off 0.4190537651990226 __DUMMY__ 0.04096697529372463	false	1.0
primitiv	neg 1.0		neg 0.5299761329940049 off 0.4294077662045421 __DUMMY__ 0.04061610080145298	false	1.0
abschaum	off 1.0	off 1.0	off 0.6975758655638461 neg 0.28303465522892374 __DUMMY__ 0.019389479207230213	false	1.0
provozieren	neg 1.0		neg 0.5360074399492805 off 0.4231134863799991 __DUMMY__ 0.040879073670720335	false	1.0
tot	neg 1.0		neg 0.5397643575119878 off 0.41913344719614204 __DUMMY__ 0.04110219529187009	false	1.0
instabil	neg 1.0		neg 0.5318784045979208 off 0.4276703254713408 __DUMMY__ 0.04045126993073836	false	1.0
schwuchtel	off 1.0		neg 0.5186510202691275 off 0.4413005325007385 __DUMMY__ 0.04004844723013387	false	0.5
zerren	neg 1.0		neg 0.535607058258556 off 0.4232038674272445 __DUMMY__ 0.04118907431419961	false	1.0
kinderficker	off 1.0		neg 0.5268255522622868 off 0.43278046573001283 __DUMMY__ 0.040393982007700585	false	0.5
gefahr	neg 1.0		neg 0.5424542612143219 off 0.4164729871113906 __DUMMY__ 0.041072751674287505	false	1.0
rabiat	neg 1.0		neg 0.536969630049288 off 0.4221590715147828 __DUMMY__ 0.04087129843592914	false	1.0
verlangsamung	neg 1.0		neg 0.5251580738735586 off 0.4345086249929158 __DUMMY__ 0.04033330113352543	false	1.0
ausgestorben	neg 1.0		neg 0.5352764981520863 off 0.42359796229037794 __DUMMY__ 0.04112553955753574	false	1.0
anklagen	neg 1.0		neg 0.5398004593193583 off 0.419349502079514 __DUMMY__ 0.04085003860112762	false	1.0
trott	neg 1.0		neg 0.5360334909183478 off 0.42290809337842733 __DUMMY__ 0.041058415703224715	false	1.0
verminderung	neg 1.0		neg 0.5288833073498006 off 0.4304293857414221 __DUMMY__ 0.040687306908777275	false	1.0
nach			neg 0.5405998399891175 off 0.4176561935655078 __DUMMY__ 0.04174396644537464	false	0.0
rost	neg 1.0		neg 0.5249773297262342 off 0.43451062545895514 __DUMMY__ 0.04051204481481068	false	1.0
destruktiv	neg 1.0		neg 0.5387176253595602 off 0.42052316888656865 __DUMMY__ 0.04075920575387123	false	1.0
unzumutbarkeit	neg 1.0		neg 0.5301854931964196 off 0.4289099064694662 __DUMMY__ 0.04090460033411428	false	1.0
labil	off 1.0	off 1.0	off 0.697450810446959 neg 0.2831624062442327 __DUMMY__ 0.019386783308808293	false	1.0
ziemlich	neg 1.0		neg 0.5281974837632509 off 0.4308869519191824 __DUMMY__ 0.040915564317566586	false	1.0
lachnummer	off 1.0		neg 0.5370109790190035 off 0.4220821910664901 __DUMMY__ 0.04090682991450647	false	0.5
oder			neg 0.5337535612217226 off 0.42509430142291155 __DUMMY__ 0.04115213735536589	false	0.0
verfall	neg 1.0		neg 0.5476155547037778 off 0.4112458593995058 __DUMMY__ 0.041138585896716505	false	1.0
ausgrenzung	neg 1.0		neg 0.5383309207787438 off 0.42111122402499507 __DUMMY__ 0.040557855196261136	false	1.0
unordnung	neg 1.0		neg 0.5297696316411306 off 0.4293847501642909 __DUMMY__ 0.04084561819457857	false	1.0
fehlverhalten	neg 1.0		neg 0.5426593314105516 off 0.416378717015764 __DUMMY__ 0.04096195157368442	false	1.0
eine			neg 0.541223214543215 off 0.4175952744810066 __DUMMY__ 0.041181510975778574	false	0.0
nille	neg 1.0		neg 0.5377227709046616 off 0.42130108988270604 __DUMMY__ 0.040976139212632504	false	1.0
qual	neg 1.0		neg 0.5366358233730486 off 0.42233825969787553 __DUMMY__ 0.04102591692907588	false	1.0
verschwenden	neg 1.0		neg 0.5400698547544233 off 0.4189592598656843 __DUMMY__ 0.04097088537989242	false	1.0
riesig	neg 1.0	neg 1.0	neg 0.7565575397928043 off 0.22379247720855416 __DUMMY__ 0.019649982998641527	false	1.0
verurteilen	neg 1.0		neg 0.5401886329459566 off 0.418939859863995 __DUMMY__ 0.04087150719004832	false	1.0
klischee	neg 1.0	neg 1.0	neg 0.7540145830411473 off 0.22660645364156232 __DUMMY__ 0.01937896331729045	false	1.0
diktatorisch	neg 1.0		neg 0.5392369679727703 off 0.42027208490329726 __DUMMY__ 0.04049094712393236	false	1.0
vorhersehbar	neg 1.0	neg 1.0	neg 0.7540728671595975 off 0.22650281324310145 __DUMMY__ 0.01942431959730101	false	1.0
sowie			neg 0.5266162098206274 off 0.4329607856096958 __DUMMY__ 0.04042300456967685	false	0.0
stornieren	neg 1.0		neg 0.5309926274539108 off 0.4276298952693079 __DUMMY__ 0.041377477276781344	false	1.0
besteuerung	neg 1.0		neg 0.5384648392533603 off 0.42089436091574717 __DUMMY__ 0.04064079983089262	false	1.0
ungeschminkt	neg 1.0		neg 0.5306000299040683 off 0.4287586967099612 __DUMMY__ 0.04064127338597042	false	1.0
kritisch	neg 1.0		neg 0.5408511241940137 off 0.4181578220770048 __DUMMY__ 0.04099105372898151	false	1.0
schlamperei	off 1.0		neg 0.5434912709897708 off 0.4156289244347981 __DUMMY__ 0.04087980457543115	false	0.5
sucht	neg 1.0	neg 1.0	neg 0.7550707863865561 off 0.22536774115037156 __DUMMY__ 0.019561472463072244	false	1.0
egoistisch	off 1.0		neg 0.5239271078414365 off 0.43546632275798414 __DUMMY__ 0.04060656940057927	false	0.5
ausbeuter	off 1.0		neg 0.5440656018522539 off 0.4150951587941117 __DUMMY__ 0.0408392393536343	false	0.5
arschgeburt	off 1.0		neg 0.5189620292801448 off 0.4410340145046323 __DUMMY__ 0.0400039562152229	false	0.5
schubs	neg 1.0	neg 1.0	neg 0.7552089731442605 off 0.22509629876349507 __DUMMY__ 0.019694728092244516	false	1.0
unsolide	neg 1.0		neg 0.5406013693462566 off 0.41912344444417543 __DUMMY__ 0.04027518620956787	false	1.0
beschwerde	neg 1.0		neg 0.5435470366648153 off 0.4156065812516675 __DUMMY__ 0.04084638208351727	false	1.0
stocken	neg 1.0		neg 0.5417122177847657 off 0.4173372067606903 __DUMMY__ 0.040950575454543836	false	1.0
isolieren	neg 1.0		neg 0.5405099389387736 off 0.41858137509142146 __DUMMY__ 0.04090868596980488	false	1.0
unheilbar	neg 1.0		neg 0.5342199527424455 off 0.42469056564546503 __DUMMY__ 0.04108948161208944	false	1.0
pisser	off 1.0		neg 0.5298190217639073 off 0.42957808726001173 __DUMMY__ 0.040602890976080955	false	0.5
löschen	neg 1.0		neg 0.5362281889193622 off 0.42279309698086665 __DUMMY__ 0.04097871409977127	false	1.0
durchfallen	neg 1.0		neg 0.5401894810205717 off 0.41893982303655625 __DUMMY__ 0.040870695942871946	false	1.0
wichser	off 1.0		neg 0.5194070284134857 off 0.44018290756715056 __DUMMY__ 0.04041006401936373	false	0.5
terror	neg 1.0		neg 0.5321883700727518 off 0.4268262356101699 __DUMMY__ 0.040985394317078414	false	1.0
krass	neg 1.0		neg 0.526569331983744 off 0.43282726458083653 __DUMMY__ 0.04060340343541937	false	1.0
revolte	neg 1.0	neg 1.0	neg 0.7555976021865409 off 0.22504466004122156 __DUMMY__ 0.019357737772237423	false	1.0
besorgt	neg 1.0		neg 0.5355443011331884 off 0.4231462560581247 __DUMMY__ 0.04130944280868686	false	1.0
nachlassen	neg 1.0		neg 0.5403734529419537 off 0.4185130054160629 __DUMMY__ 0.0411135416419834	false	1.0
alt	neg 1.0		neg 0.5390324116744771 off 0.4198727474704287 __DUMMY__ 0.04109484085509418	false	1.0
hundesohn	off 1.0		neg 0.5236865819311474 off 0.4360920948372727 __DUMMY__ 0.040221323231579884	false	0.5
als			neg 0.5362730886926769 off 0.4225253210873314 __DUMMY__ 0.04120159021999181	false	0.0
abschreckung	neg 1.0		neg 0.5437328492227579 off 0.41521189422848315 __DUMMY__ 0.04105525654875894	false	1.0
unqualifiziert	neg 1.0		neg 0.5351556906263283 off 0.42424783184570447 __DUMMY__ 0.04059647752796724	false	1.0
abgewichst	off 1.0		neg 0.5376538580923734 off 0.42128629225201814 __DUMMY__ 0.041059849655608494	false	0.5
schwer	neg 1.0		neg 0.5353395028870146 off 0.4236079696492984 __DUMMY__ 0.0410525274636869	false	1.0
bedeutungslosigkeit	neg 1.0		neg 0.5425822054618901 off 0.41637826262860206 __DUMMY__ 0.04103953190950779	false	1.0
kapitulation	neg 1.0		neg 0.5440646266543667 off 0.4152290600193692 __DUMMY__ 0.04070631332626409	false	1.0
unscharf	neg 1.0		neg 0.5334420824588225 off 0.4256779128111963 __DUMMY__ 0.040880004729981156	false	1.0
schwinden	neg 1.0		neg 0.5422964531411781 off 0.41662233302341395 __DUMMY__ 0.04108121383540785	false	1.0
versklavung	neg 1.0		neg 0.539571530137888 off 0.4199217337943262 __DUMMY__ 0.04050673606778578	false	1.0
schlecht	neg 1.0		neg 0.5280171673522474 off 0.43105907261569304 __DUMMY__ 0.04092376003205966	false	1.0
verhasst	neg 1.0		neg 0.5352155032532409 off 0.42388131929055833 __DUMMY__ 0.04090317745620077	false	1.0
beschweren	neg 1.0		neg 0.5333954648993685 off 0.4256344699985244 __DUMMY__ 0.040970065102107156	false	1.0
scheiden	neg 1.0		neg 0.5302553342533278 off 0.42824947512656425 __DUMMY__ 0.041495190620107814	false	1.0
frustriert	neg 1.0		neg 0.5366466022065552 off 0.42228520271530107 __DUMMY__ 0.04106819507814378	false	1.0
schimmelig	neg 1.0		neg 0.5397022458758493 off 0.4191778039078573 __DUMMY__ 0.04111995021629351	false	1.0
fisch	neg 1.0		neg 0.537953928993984 off 0.42057853121708155 __DUMMY__ 0.04146753978893457	false	1.0
schmuggel	neg 1.0		neg 0.5399903861083252 off 0.41869925572457034 __DUMMY__ 0.041310358167104606	false	1.0
auffallen	neg 1.0		neg 0.5325847864619115 off 0.4264601037705387 __DUMMY__ 0.04095510976754974	false	1.0
konkurrenz	neg 1.0	neg 1.0	neg 0.7584701571717161 off 0.22184868267174154 __DUMMY__ 0.019681160156542345	false	1.0
teufelskreis	neg 1.0	neg 1.0	neg 0.7561517112700581 off 0.2243557549986046 __DUMMY__ 0.019492533731337258	false	1.0
aufschreien	neg 1.0		neg 0.5338845751871323 off 0.42527317462145175 __DUMMY__ 0.040842250191415894	false	1.0
schuldner	neg 1.0		neg 0.5422000296102027 off 0.41673720858832136 __DUMMY__ 0.041062761801476076	false	1.0
missgeburt	off 1.0	off 1.0	off 0.700595528329856 neg 0.28016670305584246 __DUMMY__ 0.01923776861430144	false	1.0
arbeitslos	neg 1.0		neg 0.5396871220613417 off 0.419422728314274 __DUMMY__ 0.040890149624384364	false	1.0
befallen	neg 1.0		neg 0.5401358792004506 off 0.4190593333776195 __DUMMY__ 0.0408047874219299	false	1.0
miesepetrig	off 1.0	off 1.0	off 0.6993195977036616 neg 0.2811941238373906 __DUMMY__ 0.019486278458947834	false	1.0
alarmieren	neg 1.0		neg 0.534228493740607 off 0.4252166241713774 __DUMMY__ 0.040554882088015665	false	1.0
ungeduscht	off 1.0		neg 0.5305086170751806 off 0.42849680477364194 __DUMMY__ 0.0409945781511774	false	0.5
knappheit	neg 1.0		neg 0.5427514299256196 off 0.4164352912089717 __DUMMY__ 0.0408132788654088	false	1.0
schlange	neg 1.0		neg 0.5307280057603696 off 0.4280228646006261 __DUMMY__ 0.04124912963900417	false	1.0
harsch	neg 1.0		neg 0.5240410071540049 off 0.4351615751443082 __DUMMY__ 0.0407974177016867	false	1.0
lang	neg 1.0		neg 0.5355748752037952 off 0.4234410340322666 __DUMMY__ 0.04098409076393808	false	1.0
ziellos	neg 1.0		neg 0.5367363413367564 off 0.4220202235767145 __DUMMY__ 0.04124343508652907	false	1.0
selbstverliebt	neg 1.0		neg 0.5208217925489024 off 0.4390295680023155 __DUMMY__ 0.040148639448782136	false	1.0
beseitigen	neg 1.0	neg 1.0	neg 0.7549740207138568 off 0.22538380921931375 __DUMMY__ 0.01964217006682943	false	1.0
dumm	off 1.0		neg 0.5237537568843167 off 0.4357584415907105 __DUMMY__ 0.04048780152497275	false	0.5
arbeitsloser	neg 1.0		neg 0.5389448020359694 off 0.4199650011407804 __DUMMY__ 0.041090196823250213	false	1.0
blitzen	neg 1.0		neg 0.5331516196017021 off 0.4260145369404212 __DUMMY__ 0.04083384345787673	false	1.0
hilflos	neg 1.0		neg 0.5370784005509018 off 0.42183447665615614 __DUMMY__ 0.041087122792941994	false	1.0
eklig	off 1.0		neg 0.5231007188878916 off 0.43643486393254205 __DUMMY__ 0.040464417179566316	false	0.5
begriff			neg 0.538469591541785 off 0.42063626075425536 __DUMMY__ 0.040894147703959584	false	0.0
hungersnot	neg 1.0		neg 0.5393629170195525 off 0.4197275878971273 __DUMMY__ 0.04090949508332015	false	1.0
ungesetzlich	neg 1.0		neg 0.5388914027260724 off 0.4206826485455911 __DUMMY__ 0.04042594872833645	false	1.0
verschwendung	neg 1.0		neg 0.5407046309363571 off 0.4182134739539298 __DUMMY__ 0.04108189510971315	false	1.0
schmerzvoll	neg 1.0		neg 0.5332646505780778 off 0.4257461432593807 __DUMMY__ 0.04098920616254147	false	1.0
vorzeitig	neg 1.0		neg 0.5315895754926152 off 0.4274173294126521 __DUMMY__ 0.04099309509473257	false	1.0
unvollkommenheit	neg 1.0		neg 0.5363468406650692 off 0.42236904206833514 __DUMMY__ 0.0412841172665956	false	1.0
intervenieren	neg 1.0		neg 0.5439601313838706 off 0.41522872492258844 __DUMMY__ 0.04081114369354086	false	1.0
banause	off 1.0		neg 0.5223519205002928 off 0.43738816953323595 __DUMMY__ 0.04025990996647129	false	0.5
rebell	neg 1.0		neg 0.5448238600191246 off 0.4140508465472531 __DUMMY__ 0.04112529343362242	false	1.0
unlogisch	neg 1.0		neg 0.527210982233619 off 0.4321360049565695 __DUMMY__ 0.0406530128098116	false	1.0
leiden	neg 1.0		neg 0.5352597760623287 off 0.423058122993535 __DUMMY__ 0.04168210094413621	false	1.0
abschaffung	neg 1.0		neg 0.5387656432480904 off 0.4205877338986194 __DUMMY__ 0.04064662285329017	false	1.0
sturz	neg 1.0		neg 0.535833728175096 off 0.4231497972805777 __DUMMY__ 0.04101647454432641	false	1.0
verkleinerung	neg 1.0		neg 0.5375574655660932 off 0.42202445578289727 __DUMMY__ 0.040418078651009555	false	1.0
schmarotzer	off 1.0		neg 0.5403497659674626 off 0.4188091490489973 __DUMMY__ 0.040841084983540034	false	0.5
bestrafung	neg 1.0		neg 0.5346053414800814 off 0.42446962867169385 __DUMMY__ 0.04092502984822475	false	1.0
achtlos	neg 1.0		neg 0.5341285803434489 off 0.424690367187067 __DUMMY__ 0.0411810524694842	false	1.0
ungeheuer	neg 1.0		neg 0.5300494473179591 off 0.4288226547782481 __DUMMY__ 0.04112789790379283	false	1.0
unaufrichtig	neg 1.0		neg 0.5363244776055005 off 0.42303131017853157 __DUMMY__ 0.040644212215967944	false	1.0
groggy	neg 1.0		neg 0.5345705556361134 off 0.424667363465599 __DUMMY__ 0.040762080898287464	false	1.0
