unsolidarisch	neg 1.0		__DUMMY__ 0.9182748758192935 neg 0.04802973464219639 off 0.0336953895385102	false	1.0
nachteilig	neg 1.0		__DUMMY__ 0.9241761445656532 neg 0.0454554964474396 off 0.030368358986907235	false	1.0
skeptisch	neg 1.0		__DUMMY__ 0.925242490263773 neg 0.04484683291234976 off 0.02991067682387728	false	1.0
schrecklich	neg 1.0		__DUMMY__ 0.9217253355463908 off 0.040348765281991404 neg 0.03792589917161785	false	0.5
schlapp	neg 1.0	neg 1.0	neg 0.5052653497899293 __DUMMY__ 0.4613784743528595 off 0.03335617585721116	false	1.0
abfall	neg 1.0		__DUMMY__ 0.9266320472708207 neg 0.04547431003638428 off 0.027893642692795016	false	1.0
widerspenstig	neg 1.0		__DUMMY__ 0.9253190165666768 neg 0.04160491643816477 off 0.033076066995158394	false	1.0
abrupt	neg 1.0		__DUMMY__ 0.929618852932187 neg 0.040594485650451546 off 0.029786661417361446	false	1.0
unwirksam	neg 1.0		__DUMMY__ 0.9197977519809876 neg 0.046996066378335526 off 0.03320618164067696	false	1.0
angreifen	neg 1.0	neg 1.0	neg 0.510812935908074 __DUMMY__ 0.46168654371628975 off 0.027500520375636228	false	1.0
inkonsistent	neg 1.0		__DUMMY__ 0.9236551543223925 neg 0.042716932908412185 off 0.0336279127691953	false	1.0
abrutschen	neg 1.0		__DUMMY__ 0.9267757070491092 neg 0.04506002524085691 off 0.028164267710033948	false	1.0
unsicher	neg 1.0		__DUMMY__ 0.9253838329016072 neg 0.04110548432033554 off 0.03351068277805721	false	1.0
bauernkind	off 1.0	off 1.0	off 0.5062884016271676 __DUMMY__ 0.4547678682746621 neg 0.03894373009817034	false	1.0
angreifer	neg 1.0		__DUMMY__ 0.9255011714265299 neg 0.04010362325271724 off 0.03439520532075286	false	1.0
trennen	neg 1.0		__DUMMY__ 0.9307350880639563 neg 0.0390069423343776 off 0.030257969601666074	false	1.0
schmutz	neg 1.0		__DUMMY__ 0.9270677967976049 neg 0.038798439098238345 off 0.03413376410415675	false	1.0
inkonsistenz	neg 1.0		__DUMMY__ 0.9202709801914728 neg 0.04310620162919291 off 0.03662281817933431	false	1.0
erschreckend	neg 1.0		__DUMMY__ 0.924149045834613 neg 0.043043940377489535 off 0.0328070137878974	false	1.0
ertrinken	neg 1.0		__DUMMY__ 0.9270590299353706 neg 0.04207069581746613 off 0.0308702742471633	false	1.0
pickelface	off 1.0		__DUMMY__ 0.9239160865827671 neg 0.044228245021018284 off 0.03185566839621455	false	0.5
seiner			__DUMMY__ 0.9272494642037079 neg 0.04259683928625491 off 0.0301536965100372	false	0.0
lauch	neg 1.0		__DUMMY__ 0.924427221719312 neg 0.047620842920818286 off 0.027951935359869638	false	1.0
unwichtig	neg 1.0		__DUMMY__ 0.9220216702864663 neg 0.04100568868021192 off 0.03697264103332179	false	1.0
steuerhinterziehung	neg 1.0		__DUMMY__ 0.9212886942784908 neg 0.0463693937450863 off 0.032341911976422895	false	1.0
schock	neg 1.0		__DUMMY__ 0.9279645172564439 neg 0.039362991493462264 off 0.03267249125009384	false	1.0
beule	neg 1.0		__DUMMY__ 0.9242111164091839 neg 0.03903638819426722 off 0.03675249539654888	false	1.0
vergelten	neg 1.0		__DUMMY__ 0.9243778759145331 off 0.03946643885107574 neg 0.03615568523439113	false	0.5
verdorbenheit	neg 1.0		__DUMMY__ 0.9254210746889501 neg 0.04207341328807681 off 0.03250551202297307	false	1.0
trauma	neg 1.0		__DUMMY__ 0.9237701193383644 neg 0.04212121890614296 off 0.03410866175549267	false	1.0
sinnlos	neg 1.0		__DUMMY__ 0.9245989621545064 neg 0.04025365808985794 off 0.03514737975563561	false	1.0
fettsack	off 1.0	off 1.0	off 0.5075652891686302 __DUMMY__ 0.4563299979661763 neg 0.0361047128651936	false	1.0
feige	off 1.0	off 1.0	off 0.5042615561595634 __DUMMY__ 0.457447031297626 neg 0.03829141254281063	false	1.0
abdanken	neg 1.0		__DUMMY__ 0.922194988560069 neg 0.04464118625108456 off 0.0331638251888464	false	1.0
wichtigtuer	off 1.0	off 1.0	off 0.5022290708824093 __DUMMY__ 0.45934110076585993 neg 0.03842982835173069	false	1.0
misslingen	neg 1.0		__DUMMY__ 0.9298513493832512 neg 0.036457538256269836 off 0.033691112360478954	false	1.0
untreu	off 1.0		__DUMMY__ 0.9212127127726863 neg 0.04094622718431227 off 0.03784106004300148	false	0.5
missmutig	neg 1.0		__DUMMY__ 0.9237799480546187 neg 0.03936301548864836 off 0.03685703645673296	false	1.0
hurenbock	off 1.0		__DUMMY__ 0.9257539357088234 neg 0.040223749353902154 off 0.03402231493727461	false	0.5
betrunken	neg 1.0		__DUMMY__ 0.9244766389461778 off 0.038548857897341623 neg 0.0369745031564806	false	0.5
korrupt	off 1.0		__DUMMY__ 0.9201158577398495 neg 0.047868541285847645 off 0.03201560097430293	false	0.5
unmut	neg 1.0		__DUMMY__ 0.9260017873350322 neg 0.045853191167597465 off 0.02814502149737025	false	1.0
hackfresse	off 1.0		__DUMMY__ 0.9185698647238537 off 0.04285958340911362 neg 0.03857055186703259	false	1.0
aufblasen	neg 1.0		__DUMMY__ 0.9261028991507991 neg 0.03971476380218503 off 0.0341823370470159	false	1.0
gewaltsam	neg 1.0		__DUMMY__ 0.9244122895389206 neg 0.04283329513221981 off 0.0327544153288595	false	1.0
unbeliebtheit	neg 1.0		__DUMMY__ 0.9165682281068399 neg 0.04656365734325788 off 0.036868114549902214	false	1.0
sturheit	neg 1.0		__DUMMY__ 0.9238456861111779 neg 0.04321790681962556 off 0.03293640706919653	false	1.0
kuh	neg 1.0		__DUMMY__ 0.9216739446448678 neg 0.04509475879481774 off 0.03323129656031443	false	1.0
erschrecken	neg 1.0		__DUMMY__ 0.924261936319276 neg 0.03937277791190043 off 0.03636528576882357	false	1.0
opfer	neg 1.0		__DUMMY__ 0.926258491954464 neg 0.042673151524760686 off 0.031068356520775345	false	1.0
sinken	neg 1.0		__DUMMY__ 0.9277618914609498 neg 0.04387434890099071 off 0.028363759638059524	false	1.0
stinktier	neg 1.0		__DUMMY__ 0.9187106633086509 off 0.04067849866806211 neg 0.04061083802328705	false	0.5
tucke	off 1.0		__DUMMY__ 0.9145876008399562 off 0.04311816442603516 neg 0.042294234734008666	false	1.0
ein			__DUMMY__ 0.926771109145503 neg 0.03959677723003654 off 0.033632113624460364	false	0.0
abstieg	neg 1.0		__DUMMY__ 0.9281705716197338 neg 0.04148677027625036 off 0.030342658104015766	false	1.0
missverstehen	neg 1.0		__DUMMY__ 0.9218081987777302 neg 0.04275326949254013 off 0.035438531729729536	false	1.0
ergebnislos	neg 1.0		__DUMMY__ 0.9257081601942116 neg 0.04393844712534137 off 0.03035339268044692	false	1.0
unter			__DUMMY__ 0.9336616566445722 neg 0.04174248682270346 off 0.024595856532724305	false	0.0
manipulieren	neg 1.0		__DUMMY__ 0.9256931966500316 neg 0.04426699455416397 off 0.03003980879580443	false	1.0
unbewiesen	neg 1.0		__DUMMY__ 0.9175119344304551 neg 0.048523053293954815 off 0.03396501227558999	false	1.0
verschleppen	neg 1.0		__DUMMY__ 0.9245744298111781 neg 0.04382754943891392 off 0.03159802074990802	false	1.0
weib	off 1.0		__DUMMY__ 0.917898303468256 off 0.042838645166719876 neg 0.03926305136502412	false	1.0
opposition	neg 1.0		__DUMMY__ 0.9213711776014512 neg 0.044156758320309436 off 0.034472064078239405	false	1.0
verkehrswidrig	neg 1.0	neg 1.0	neg 0.497922429559128 __DUMMY__ 0.46654964525042075 off 0.0355279251904512	false	1.0
inkorrekt	neg 1.0		__DUMMY__ 0.9174888186733218 neg 0.04354613092018602 off 0.0389650504064922	false	1.0
vermeiden	neg 1.0		__DUMMY__ 0.9303357917773794 neg 0.04344972559025611 off 0.02621448263236459	false	1.0
abweichung	neg 1.0	neg 1.0	neg 0.5092119183516954 __DUMMY__ 0.46296302656033417 off 0.02782505508797034	false	1.0
alkoholisiert	neg 1.0		__DUMMY__ 0.9346269002872727 neg 0.036271136358439614 off 0.029101963354287733	false	1.0
scheiss	off 1.0	off 1.0	off 0.5036071590711652 __DUMMY__ 0.46026144390192625 neg 0.03613139702690862	false	1.0
herausforderung	neg 1.0	neg 1.0	neg 0.5039658774553748 __DUMMY__ 0.46895400023114775 off 0.027080122313477575	false	1.0
pervers	off 1.0		__DUMMY__ 0.9172294578805008 off 0.045174746995008216 neg 0.03759579512449104	false	1.0
wackelig	neg 1.0		__DUMMY__ 0.9301844423848651 neg 0.03861571151101531 off 0.031199846104119695	false	1.0
verwickeln	neg 1.0		__DUMMY__ 0.9222207687706605 neg 0.04236547140826504 off 0.03541375982107443	false	1.0
vorwand	neg 1.0		__DUMMY__ 0.9257339741053527 neg 0.044861215023323096 off 0.02940481087132411	false	1.0
muschi	off 1.0		__DUMMY__ 0.9243910843478188 neg 0.0433385026854044 off 0.03227041296677675	false	0.5
entmutigung	neg 1.0		__DUMMY__ 0.9203765711700597 neg 0.0448320429572404 off 0.03479138587270002	false	1.0
unangemessen	neg 1.0		__DUMMY__ 0.9231752854199352 neg 0.04456683221671854 off 0.032257882363346216	false	1.0
unstetig	neg 1.0		__DUMMY__ 0.9241572030348323 neg 0.0422071529632341 off 0.0336356440019336	false	1.0
entmutigen	neg 1.0		__DUMMY__ 0.9249779395769266 neg 0.04059624085989428 off 0.03442581956317913	false	1.0
schwanz	neg 1.0		__DUMMY__ 0.9260746607062017 neg 0.04420841955945642 off 0.029716919734341898	false	1.0
verbot	neg 1.0		__DUMMY__ 0.9217222128837882 neg 0.04652111198315696 off 0.031756675133054746	false	1.0
leid	neg 1.0		__DUMMY__ 0.9209807470211359 off 0.041055671071774553 neg 0.03796358190708952	false	0.5
archaisch	neg 1.0		__DUMMY__ 0.9252321142669541 neg 0.04283104991348492 off 0.031936835819561034	false	1.0
gegen			__DUMMY__ 0.9277827978467308 neg 0.043153957691832494 off 0.029063244461436606	false	0.0
scheidung	neg 1.0		__DUMMY__ 0.9174785095427778 off 0.048035918738987576 neg 0.03448557171823454	false	0.5
einschlag	neg 1.0	neg 1.0	neg 0.503985081390189 __DUMMY__ 0.4603476049548942 off 0.03566731365491686	false	1.0
m			__DUMMY__ 0.9266938649451512 neg 0.04172049819767335 off 0.031585636857175435	false	0.0
abgestanden	neg 1.0		__DUMMY__ 0.9247668955781235 neg 0.04216482945650146 off 0.03306827496537496	false	1.0
schmierig	off 1.0		__DUMMY__ 0.9211717229067128 off 0.040726179379012274 neg 0.03810209771427495	false	1.0
unpraktisch	neg 1.0		__DUMMY__ 0.9269810558118613 neg 0.03931395739717819 off 0.03370498679096055	false	1.0
wixxer	off 1.0		__DUMMY__ 0.91623071026452 off 0.04501670136766574 neg 0.0387525883678143	false	1.0
bezeichnet			__DUMMY__ 0.9236034724914094 neg 0.0431678484978446 off 0.03322867901074601	false	0.0
jammerlappen	off 1.0		__DUMMY__ 0.9222079091582721 neg 0.04071202351034577 off 0.03708006733138215	false	0.5
farce	neg 1.0		__DUMMY__ 0.9211504337626287 neg 0.046558610276880984 off 0.032290955960490315	false	1.0
zwecklos	neg 1.0		__DUMMY__ 0.9238746289889408 neg 0.043943708560887765 off 0.03218166245017142	false	1.0
turbulent	neg 1.0		__DUMMY__ 0.9211623222325165 neg 0.04159571481688051 off 0.037241962950603	false	1.0
invasion	neg 1.0		__DUMMY__ 0.9245053242513398 neg 0.040353338919608184 off 0.0351413368290521	false	1.0
schuld	neg 1.0		__DUMMY__ 0.9241212786667508 neg 0.041680924717887126 off 0.03419779661536203	false	1.0
risiko	neg 1.0		__DUMMY__ 0.9265958184711717 neg 0.039879449578562 off 0.03352473195026637	false	1.0
finster	neg 1.0		__DUMMY__ 0.9260432816124149 neg 0.040502110097322214 off 0.03345460829026288	false	1.0
geisteskrank	off 1.0		__DUMMY__ 0.9200609373155653 neg 0.041509133177201216 off 0.0384299295072335	false	0.5
zusammenbrechen	neg 1.0		__DUMMY__ 0.9263460662001396 neg 0.04121588624398919 off 0.03243804755587127	false	1.0
ausbeute	neg 1.0		__DUMMY__ 0.9310968029811709 neg 0.03947857022831487 off 0.02942462679051419	false	1.0
hinterhalt	neg 1.0		__DUMMY__ 0.9274782419774455 neg 0.040829014497042765 off 0.03169274352551166	false	1.0
kritik	neg 1.0		__DUMMY__ 0.9216025729398432 neg 0.0462059445833579 off 0.032191482476798955	false	1.0
einschrumpfen	neg 1.0		__DUMMY__ 0.9193129207749622 neg 0.045049255811100586 off 0.03563782341393715	false	1.0
riskant	neg 1.0		__DUMMY__ 0.924324721894761 neg 0.044747622846266794 off 0.030927655258972196	false	1.0
frustrieren	neg 1.0		__DUMMY__ 0.9255471779815143 neg 0.04344726742264444 off 0.031005554595841225	false	1.0
groll	neg 1.0		__DUMMY__ 0.9254689396830709 neg 0.04256642070051858 off 0.031964639616410634	false	1.0
gibt			__DUMMY__ 0.9252462165958119 neg 0.042473615191041515 off 0.03228016821314659	false	0.0
qualvoll	neg 1.0		__DUMMY__ 0.9254115632124338 neg 0.03887320964796949 off 0.035715227139596774	false	1.0
wackeln	neg 1.0	neg 1.0	neg 0.5050814796574025 __DUMMY__ 0.46422423735640106 off 0.030694282986196354	false	1.0
klagen	neg 1.0		__DUMMY__ 0.9265624620527059 neg 0.04496359610231149 off 0.028473941844982607	false	1.0
bankrott	neg 1.0		__DUMMY__ 0.9236536467476044 neg 0.04032474264054206 off 0.03602161061185352	false	1.0
trauern	neg 1.0		__DUMMY__ 0.9281637263268365 neg 0.041003241448506346 off 0.030833032224657067	false	1.0
ablehnung	neg 1.0		__DUMMY__ 0.9213368229895459 neg 0.04638765489399816 off 0.032275522116455964	false	1.0
stur	neg 1.0		__DUMMY__ 0.9234081047584994 neg 0.04196116258109673 off 0.03463073266040378	false	1.0
aufruhr	neg 1.0		__DUMMY__ 0.9242624981265154 neg 0.0429618358013404 off 0.032775666072144126	false	1.0
melancholie	neg 1.0		__DUMMY__ 0.9276637844883416 neg 0.04119297353924667 off 0.031143241972411664	false	1.0
ist			__DUMMY__ 0.9242985870132828 neg 0.04097842309208856 off 0.0347229898946286	false	0.0
torheit	neg 1.0		__DUMMY__ 0.9220883445124206 neg 0.04368329835568933 off 0.03422835713189008	false	1.0
dreckskind	off 1.0		__DUMMY__ 0.917876531755126 off 0.04176219665860424 neg 0.040361271586269815	false	1.0
umtauschen	neg 1.0		__DUMMY__ 0.926097451095818 neg 0.041388911333496106 off 0.03251363757068592	false	1.0
zum			__DUMMY__ 0.9352329540899638 neg 0.03856736800413643 off 0.026199677905899794	false	0.0
zersetzen	neg 1.0		__DUMMY__ 0.9240814038858318 neg 0.045989516938179126 off 0.029929079175989064	false	1.0
zur			__DUMMY__ 0.9301461761801431 neg 0.043817183310506415 off 0.026036640509350513	false	0.0
frust	neg 1.0		__DUMMY__ 0.9263517960030668 neg 0.041255928280442083 off 0.03239227571649116	false	1.0
unerbittlichkeit	neg 1.0		__DUMMY__ 0.9248917872733182 neg 0.04509694229786806 off 0.030011270428813665	false	1.0
zwei			__DUMMY__ 0.9328288376814925 neg 0.03935938649816246 off 0.027811775820344997	false	0.0
unkorrekt	neg 1.0		__DUMMY__ 0.9184635170978566 neg 0.04228271900859636 off 0.03925376389354708	false	1.0
hexe	off 1.0		__DUMMY__ 0.9229493924157645 neg 0.039878445231765966 off 0.03717216235246963	false	0.5
lasch	neg 1.0		__DUMMY__ 0.9211696367214597 neg 0.04250047433259471 off 0.03632988894594558	false	1.0
rivale	neg 1.0		__DUMMY__ 0.9234394598915624 off 0.03884204904015273 neg 0.03771849106828486	false	0.5
mutlos	off 1.0	off 1.0	off 0.4982556882330363 __DUMMY__ 0.46014505758136875 neg 0.04159925418559505	false	1.0
wirr	off 1.0		__DUMMY__ 0.9187654079645006 neg 0.041898559989637575 off 0.039336032045861856	false	0.5
jahr			__DUMMY__ 0.9327282015433447 neg 0.03820265105307524 off 0.02906914740358004	false	0.0
wird			__DUMMY__ 0.926586600882748 neg 0.042293724073999055 off 0.031119675043252925	false	0.0
strafbar	neg 1.0		__DUMMY__ 0.9240004378428778 neg 0.04490465006843963 off 0.031094912088682515	false	1.0
erosion	neg 1.0		__DUMMY__ 0.9259423482631217 neg 0.04040802552630344 off 0.03364962621057486	false	1.0
eingehen	neg 1.0		__DUMMY__ 0.9235378170006829 neg 0.04472512758993669 off 0.03173705540938037	false	1.0
faul	off 1.0		__DUMMY__ 0.9244299937807802 neg 0.039532940380859194 off 0.03603706583836065	false	0.5
provisorium	neg 1.0		__DUMMY__ 0.9313621375863623 neg 0.04435667342083107 off 0.02428118899280659	false	1.0
schmerzen	neg 1.0		__DUMMY__ 0.925665530095084 neg 0.041523905041358986 off 0.03281056486355703	false	1.0
schrumpfen	neg 1.0		__DUMMY__ 0.9277668165970069 neg 0.045781701531094204 off 0.026451481871898986	false	1.0
geistlos	off 1.0		__DUMMY__ 0.9184965618058714 neg 0.04579624129253025 off 0.03570719690159843	false	0.5
fehlkauf	neg 1.0		__DUMMY__ 0.9228652097092006 neg 0.04246567136523531 off 0.03466911892556405	false	1.0
frustrierend	neg 1.0		__DUMMY__ 0.9249423479666314 neg 0.03873369162359412 off 0.036323960409774377	false	1.0
unzufrieden	neg 1.0		__DUMMY__ 0.9239511648294023 neg 0.04393187696181313 off 0.03211695820878452	false	1.0
verzweifeln	neg 1.0		__DUMMY__ 0.9252760293032707 neg 0.041550307548650675 off 0.033173663148078715	false	1.0
verzweifelt	neg 1.0		__DUMMY__ 0.9232435643844088 neg 0.042099899757075496 off 0.03465653585851565	false	1.0
misstrauensantrag	neg 1.0		__DUMMY__ 0.9219123672210043 neg 0.04318432181372336 off 0.034903310965272244	false	1.0
abfallen	neg 1.0		__DUMMY__ 0.9274516940112045 neg 0.03862082033787941 off 0.03392748565091614	false	1.0
fucker	off 1.0		__DUMMY__ 0.9202029926635303 neg 0.0410289438435319 off 0.03876806349293769	false	0.5
ungezogen	neg 1.0		__DUMMY__ 0.9194666054418591 off 0.04384533102592951 neg 0.03668806353221139	false	0.5
irrsinnig	neg 1.0	neg 1.0	neg 0.5087599763972765 __DUMMY__ 0.4599305896744725 off 0.03130943392825103	false	1.0
unfassbar	neg 1.0		__DUMMY__ 0.9224456157044725 neg 0.03998698948940095 off 0.037567394806126565	false	1.0
hart	neg 1.0		__DUMMY__ 0.9222226293842357 neg 0.04212544356745018 off 0.03565192704831414	false	1.0
widerlich	off 1.0		__DUMMY__ 0.9200879678564532 neg 0.04162457154288186 off 0.03828746060066491	false	0.5
fatal	neg 1.0		__DUMMY__ 0.9228732603200257 neg 0.04217775700655585 off 0.034948982673418436	false	1.0
bruch	neg 1.0		__DUMMY__ 0.9255512777417223 neg 0.04576978957970489 off 0.028678932678572744	false	1.0
aushungern	neg 1.0		__DUMMY__ 0.9219468191009925 neg 0.04500623648629068 off 0.03304694441271689	false	1.0
anspannung	neg 1.0	neg 1.0	neg 0.5056126253842262 __DUMMY__ 0.4701973429577298 off 0.024190031658043842	false	1.0
von			__DUMMY__ 0.9316266982749281 neg 0.039756036711020605 off 0.028617265014051357	false	0.0
kraftlos	neg 1.0		__DUMMY__ 0.9282291306249112 neg 0.04002777791282176 off 0.03174309146226707	false	1.0
vom			__DUMMY__ 0.9347944335443751 neg 0.040573887720951655 off 0.024631678734673302	false	0.0
grenzdebil	off 1.0		__DUMMY__ 0.9222987995313013 neg 0.039480134197643194 off 0.03822106627105552	false	0.5
vor			__DUMMY__ 0.9276941806444098 neg 0.04298659912158066 off 0.029319220234009544	false	0.0
unterwerfen	neg 1.0		__DUMMY__ 0.9260900408240944 neg 0.04307162955059285 off 0.030838329625312782	false	1.0
versenkung	neg 1.0		__DUMMY__ 0.9253025537856868 neg 0.04395182434025594 off 0.030745621874057143	false	1.0
entziehen	neg 1.0		__DUMMY__ 0.9264124846332323 neg 0.04465887982099097 off 0.028928635545776727	false	1.0
finanzkrise	neg 1.0		__DUMMY__ 0.9203580828478745 neg 0.046914955658482936 off 0.03272696149364265	false	1.0
schimpfend	neg 1.0		__DUMMY__ 0.9286409647882482 neg 0.03775291840660291 off 0.03360611680514891	false	1.0
profan	neg 1.0		__DUMMY__ 0.9233127213575082 neg 0.04120112059781064 off 0.03548615804468121	false	1.0
korruption	neg 1.0	neg 1.0	neg 0.5125624446683047 __DUMMY__ 0.45864811883181544 off 0.028789436499879868	false	1.0
â			__DUMMY__ 0.9263599759703046 neg 0.042847154474939524 off 0.030792869554755967	false	0.0
schmutzig	neg 1.0		__DUMMY__ 0.9228971305528979 neg 0.039344934923424196 off 0.03775793452367786	false	1.0
sexy	neg 1.0		__DUMMY__ 0.9232964976186525 neg 0.040738494300805304 off 0.03596500808054211	false	1.0
abraten	neg 1.0		__DUMMY__ 0.9238848791189967 neg 0.04144091836100801 off 0.03467420251999534	false	1.0
schwarz	neg 1.0		__DUMMY__ 0.923233653092582 neg 0.04228921644818901 off 0.034477130459229025	false	1.0
fotze	off 1.0		__DUMMY__ 0.9247405020857591 neg 0.04461945054957445 off 0.03064004736466641	false	0.5
verwirren	neg 1.0		__DUMMY__ 0.9234968416533674 neg 0.040785797621186844 off 0.03571736072544569	false	1.0
zahnlos	off 1.0		__DUMMY__ 0.9235513559194208 neg 0.0443105175347045 off 0.032138126545874675	false	0.5
verheeren	neg 1.0		__DUMMY__ 0.91879290417533 off 0.044800529538993196 neg 0.036406566285676734	false	0.5
hippie	neg 1.0		__DUMMY__ 0.9227307337508199 neg 0.04159016404457508 off 0.03567910220460504	false	1.0
rammen	neg 1.0		__DUMMY__ 0.92283571970177 neg 0.04372227150465132 off 0.03344200879357865	false	1.0
unlauter	neg 1.0		__DUMMY__ 0.9196913374898165 neg 0.046393921673294224 off 0.03391474083688934	false	1.0
unheilvoll	neg 1.0		__DUMMY__ 0.9267310040473664 neg 0.038538526491264886 off 0.03473046946136875	false	1.0
niedrig	neg 1.0		__DUMMY__ 0.925891318088978 neg 0.04430742891302181 off 0.029801252998000273	false	1.0
explosion	neg 1.0		__DUMMY__ 0.9227195566451889 neg 0.04212075902728339 off 0.03515968432752777	false	1.0
weichei	off 1.0		__DUMMY__ 0.9185500615431577 off 0.041680850088254284 neg 0.039769088368588154	false	1.0
minusmensch	off 1.0		__DUMMY__ 0.9126316588903003 off 0.045044244998485417 neg 0.0423240961112142	false	1.0
farblos	neg 1.0		__DUMMY__ 0.929982229373312 neg 0.03805190020156963 off 0.03196587042511828	false	1.0
unwissend	neg 1.0	neg 1.0	neg 0.5069638470632081 __DUMMY__ 0.4590031949635319 off 0.03403295797325993	false	1.0
traurig	neg 1.0		__DUMMY__ 0.922439261466142 off 0.039601486707273495 neg 0.037959251826584516	false	0.5
senkung	neg 1.0		__DUMMY__ 0.9208255546505878 neg 0.043862745427346445 off 0.03531169992206584	false	1.0
ungleich	neg 1.0	neg 1.0	neg 0.5117617657278143 __DUMMY__ 0.46033916345338816 off 0.027899070818797583	false	1.0
heikel	neg 1.0		__DUMMY__ 0.9246640596017215 neg 0.04532558539124285 off 0.030010355007035753	false	1.0
drosselung	neg 1.0		__DUMMY__ 0.9225975879247102 neg 0.03973391961767944 off 0.03766849245761035	false	1.0
falsch	neg 1.0		__DUMMY__ 0.9232848476382453 neg 0.04025489394171315 off 0.03646025842004166	false	1.0
unzufriedenheit	neg 1.0		__DUMMY__ 0.9255739981516112 neg 0.0447351064489742 off 0.029690895399414545	false	1.0
kurz	neg 1.0		__DUMMY__ 0.9285358153428436 neg 0.039494857690092706 off 0.031969326967063706	false	1.0
unsinnig	neg 1.0		__DUMMY__ 0.9225645038630235 neg 0.04497463953083296 off 0.032460856606143534	false	1.0
penner	off 1.0	off 1.0	off 0.5094499577738366 __DUMMY__ 0.4557139157851735 neg 0.034836126440989955	false	1.0
seicht	neg 1.0		__DUMMY__ 0.9159703939316434 off 0.04412973800728084 neg 0.039899868061075705	false	0.5
dummheit	off 1.0	off 1.0	off 0.5024500309673942 __DUMMY__ 0.4584079000201837 neg 0.03914206901242213	false	1.0
unerfreulich	neg 1.0		__DUMMY__ 0.9267772575696954 neg 0.04406462488540158 off 0.029158117544902985	false	1.0
motherfucker	off 1.0	off 1.0	off 0.5053802941579446 __DUMMY__ 0.4566455119709935 neg 0.03797419387106191	false	1.0
pikiert	neg 1.0		__DUMMY__ 0.9200498796017724 neg 0.04245222028050838 off 0.037497900117719286	false	1.0
wrack	neg 1.0		__DUMMY__ 0.9303735244397592 neg 0.03962512418100144 off 0.030001351379239354	false	1.0
gangster	neg 1.0		__DUMMY__ 0.9235033294825238 neg 0.04118438445542825 off 0.03531228606204788	false	1.0
krank	neg 1.0		__DUMMY__ 0.9241546889036059 off 0.03814505032239803 neg 0.03770026077399612	false	0.5
reich	neg 1.0		__DUMMY__ 0.9218054108052737 neg 0.041739560177019276 off 0.03645502901770703	false	1.0
gnadenlos	neg 1.0		__DUMMY__ 0.9243383782764708 neg 0.041442609725887876 off 0.03421901199764133	false	1.0
niedergeschlagen	neg 1.0		__DUMMY__ 0.9268284679215356 neg 0.040832940945162696 off 0.032338591133301696	false	1.0
terrorisieren	off 1.0	off 1.0	off 0.4984501073857483 __DUMMY__ 0.46216054379727206 neg 0.03938934881697963	false	1.0
sinnlosigkeit	neg 1.0		__DUMMY__ 0.9246681932419932 neg 0.043182322885026755 off 0.03214948387298006	false	1.0
behindern	neg 1.0		__DUMMY__ 0.9236444308804619 neg 0.043670546742226125 off 0.03268502237731202	false	1.0
undemokratisch	neg 1.0		__DUMMY__ 0.9204891058682001 neg 0.04513288561266208 off 0.03437800851913777	false	1.0
wirtschaftskrise	neg 1.0		__DUMMY__ 0.9229981450309995 neg 0.0458519724519321 off 0.031149882517068357	false	1.0
neid	neg 1.0		__DUMMY__ 0.9270055417726738 off 0.03667383339729075 neg 0.0363206248300355	false	0.5
rutschen	neg 1.0	neg 1.0	neg 0.5052856005873216 __DUMMY__ 0.46949076765569386 off 0.025223631756984437	false	1.0
rezession	neg 1.0		__DUMMY__ 0.916029681013495 neg 0.04351310208480071 off 0.040457216901704236	false	1.0
fehlgeburt	neg 1.0		__DUMMY__ 0.9261771065157047 neg 0.03918240210856201 off 0.034640491375733204	false	1.0
charakterschwach	off 1.0		__DUMMY__ 0.9213063791304721 neg 0.04058214620087187 off 0.03811147466865612	false	0.5
isolation	neg 1.0		__DUMMY__ 0.9249039543408378 neg 0.038912014397331156 off 0.03618403126183102	false	1.0
ablenkung	neg 1.0		__DUMMY__ 0.9252255438794483 neg 0.041157242843295604 off 0.03361721327725606	false	1.0
pech	neg 1.0		__DUMMY__ 0.9247803349374384 neg 0.03947050871560578 off 0.035749156346955906	false	1.0
vermeidung	neg 1.0		__DUMMY__ 0.9202633012935418 neg 0.04173979787587398 off 0.03799690083058417	false	1.0
dominieren	neg 1.0		__DUMMY__ 0.9293033127213663 neg 0.03986136694487394 off 0.030835320333759696	false	1.0
schwindlig	neg 1.0		__DUMMY__ 0.9274033940961737 neg 0.03797054324644094 off 0.034626062657385416	false	1.0
lutscher	neg 1.0	neg 1.0	neg 0.5053446910391294 __DUMMY__ 0.454264937890087 off 0.040390371070783554	false	1.0
pflicht	neg 1.0		__DUMMY__ 0.9253874884565328 neg 0.04452350651045093 off 0.030089005033016213	false	1.0
faschist	off 1.0		__DUMMY__ 0.9201802737601231 neg 0.04386314313657594 off 0.03595658310330103	false	0.5
verschleudern	neg 1.0		__DUMMY__ 0.921000399466115 neg 0.04836091029126289 off 0.030638690242622165	false	1.0
wenn			__DUMMY__ 0.9232689848084722 neg 0.04006869154678014 off 0.036662323644747606	false	0.0
ehebruch	neg 1.0		__DUMMY__ 0.924219705009776 neg 0.04444611177592573 off 0.03133418321429815	false	1.0
spott	off 1.0		__DUMMY__ 0.9235722380329552 neg 0.04542983679488576 off 0.030997925172159026	false	0.5
trostlosigkeit	neg 1.0		__DUMMY__ 0.9264126196267818 neg 0.044594080045072156 off 0.02899330032814606	false	1.0
lutschen	neg 1.0		__DUMMY__ 0.9215296200482851 neg 0.043232044689073615 off 0.03523833526264135	false	1.0
undiszipliniert	neg 1.0		__DUMMY__ 0.9222810163554953 off 0.03891000264925156 neg 0.03880898099525317	false	0.5
kopfschmerz	neg 1.0		__DUMMY__ 0.9274665605947505 neg 0.040753024040895036 off 0.031780415364354477	false	1.0
unvorhergesehen	neg 1.0		__DUMMY__ 0.9309428268012329 neg 0.038917414436852406 off 0.030139758761914773	false	1.0
desinteressiert	neg 1.0		__DUMMY__ 0.9209187100942252 neg 0.04013919965891612 off 0.03894209024685862	false	1.0
armselig	off 1.0		__DUMMY__ 0.9186748213686735 neg 0.041510222941449584 off 0.039814955689876856	false	0.5
desaster	neg 1.0		__DUMMY__ 0.925543392584515 neg 0.0461412293864782 off 0.028315378029006737	false	1.0
tod	neg 1.0		__DUMMY__ 0.9269313554378967 neg 0.04233878018937735 off 0.030729864372725853	false	1.0
herzlos	neg 1.0		__DUMMY__ 0.9201357259802315 off 0.04002634295935536 neg 0.03983793106041313	false	0.5
unwissenheit	neg 1.0		__DUMMY__ 0.9225030315025045 neg 0.04544854661796195 off 0.03204842187953351	false	1.0
widersinnig	neg 1.0	neg 1.0	neg 0.5124168703412045 __DUMMY__ 0.45796916714670977 off 0.029613962512085715	false	1.0
bedenklich	neg 1.0		__DUMMY__ 0.9241409062259826 neg 0.04475669153813523 off 0.031102402235882294	false	1.0
beanstanden	neg 1.0		__DUMMY__ 0.9259377294964412 neg 0.04450814284278935 off 0.029554127660769453	false	1.0
panisch	neg 1.0	neg 1.0	neg 0.5029231756671366 __DUMMY__ 0.46516581203511875 off 0.03191101229774459	false	1.0
debil	off 1.0		__DUMMY__ 0.9286801636415525 neg 0.04583980924826173 off 0.02548002711018579	false	0.5
abstrich	neg 1.0		__DUMMY__ 0.9253232715734682 neg 0.04453411143264756 off 0.03014261699388422	false	1.0
primitiv	neg 1.0		__DUMMY__ 0.9201197411030976 neg 0.04125275688368087 off 0.03862750201322165	false	1.0
abschaum	off 1.0	off 1.0	off 0.503943133595447 __DUMMY__ 0.4584632281516242 neg 0.037593638252928836	false	1.0
provozieren	neg 1.0		__DUMMY__ 0.9232314334191452 neg 0.04267340862707065 off 0.03409515795378427	false	1.0
tot	neg 1.0		__DUMMY__ 0.9268818529160413 neg 0.04298588313386129 off 0.03013226395009737	false	1.0
instabil	neg 1.0		__DUMMY__ 0.9182428139225803 neg 0.04330362535131784 off 0.038453560726101794	false	1.0
schwuchtel	off 1.0		__DUMMY__ 0.9131948530897029 off 0.04803709809698492 neg 0.038768048813312146	false	1.0
zerren	neg 1.0		__DUMMY__ 0.9269873028256431 neg 0.040454396874365035 off 0.032558300299991905	false	1.0
kinderficker	off 1.0		__DUMMY__ 0.9176672330833311 off 0.0416938808924082 neg 0.04063888602426071	false	1.0
gefahr	neg 1.0		__DUMMY__ 0.9258188082018186 neg 0.04439293727391966 off 0.02978825452426171	false	1.0
rabiat	neg 1.0		__DUMMY__ 0.9229380896281766 neg 0.04344687936523858 off 0.03361503100658482	false	1.0
verlangsamung	neg 1.0		__DUMMY__ 0.9168394932595944 off 0.04294314060055327 neg 0.040217366139852405	false	0.5
ausgestorben	neg 1.0		__DUMMY__ 0.9262567592990508 neg 0.040740810779677256 off 0.0330024299212719	false	1.0
anklagen	neg 1.0		__DUMMY__ 0.9232312568960199 neg 0.044382695657182857 off 0.03238604744679726	false	1.0
trott	neg 1.0		__DUMMY__ 0.9254748944908405 neg 0.041687484969933256 off 0.03283762053922625	false	1.0
verminderung	neg 1.0		__DUMMY__ 0.9210309491742519 neg 0.04043443387282948 off 0.03853461695291869	false	1.0
nach			__DUMMY__ 0.9340088216036168 neg 0.03943012013392172 off 0.02656105826246162	false	0.0
rost	neg 1.0		__DUMMY__ 0.919474957927553 off 0.04172668886495278 neg 0.03879835320749424	false	0.5
destruktiv	neg 1.0		__DUMMY__ 0.921866922408331 neg 0.04477244646424841 off 0.033360631127420604	false	1.0
unzumutbarkeit	neg 1.0		__DUMMY__ 0.9241040149061313 neg 0.039208297962225476 off 0.03668768713164334	false	1.0
labil	off 1.0	off 1.0	off 0.5039146303720423 __DUMMY__ 0.458188914495229 neg 0.03789645513272867	false	1.0
ziemlich	neg 1.0		__DUMMY__ 0.9237714408398368 neg 0.03844534260717476 off 0.03778321655298854	false	1.0
lachnummer	off 1.0		__DUMMY__ 0.9236007063000665 neg 0.042760618995903464 off 0.033638674704029974	false	0.5
oder			__DUMMY__ 0.9266299713381061 neg 0.039990224269434146 off 0.03337980439245975	false	0.0
verfall	neg 1.0		__DUMMY__ 0.926585840675018 neg 0.046991340415603204 off 0.0264228189093787	false	1.0
ausgrenzung	neg 1.0		__DUMMY__ 0.9195785171497479 neg 0.045541921354152 off 0.034879561496100144	false	1.0
unordnung	neg 1.0		__DUMMY__ 0.9236914951167384 neg 0.039098785329214215 off 0.037209719554047345	false	1.0
fehlverhalten	neg 1.0		__DUMMY__ 0.9243657738625303 neg 0.04532080086024915 off 0.030313425277220498	false	1.0
eine			__DUMMY__ 0.9267700495081809 neg 0.04372569577752488 off 0.02950425471429428	false	0.0
nille	neg 1.0		__DUMMY__ 0.924579348831786 neg 0.042736748729241346 off 0.03268390243897259	false	1.0
qual	neg 1.0		__DUMMY__ 0.9250680784045434 neg 0.04219228771491732 off 0.03273963388053935	false	1.0
verschwenden	neg 1.0		__DUMMY__ 0.9242212459495064 neg 0.04447993748471794 off 0.03129881656577568	false	1.0
riesig	neg 1.0	neg 1.0	neg 0.507731669595932 __DUMMY__ 0.4643472019665381 off 0.02792112843752996	false	1.0
verurteilen	neg 1.0		__DUMMY__ 0.9233604817862192 neg 0.044522383040777214 off 0.03211713517300358	false	1.0
klischee	neg 1.0	neg 1.0	neg 0.5089527688041287 __DUMMY__ 0.4579638961082283 off 0.03308333508764308	false	1.0
diktatorisch	neg 1.0		__DUMMY__ 0.9187248495937981 neg 0.04641140771992951 off 0.03486374268627238	false	1.0
vorhersehbar	neg 1.0	neg 1.0	neg 0.5083050984479289 __DUMMY__ 0.45902269396985584 off 0.032672207582215194	false	1.0
sowie			__DUMMY__ 0.917767697949655 off 0.04148834303351336 neg 0.04074395901683173	false	0.0
stornieren	neg 1.0		__DUMMY__ 0.9300475010125855 neg 0.03628692386105501 off 0.03366557512635948	false	1.0
besteuerung	neg 1.0		__DUMMY__ 0.9206144291404993 neg 0.045662957935853885 off 0.033722612923646866	false	1.0
ungeschminkt	neg 1.0		__DUMMY__ 0.920792020067394 neg 0.041573191773380425 off 0.037634788159225566	false	1.0
kritisch	neg 1.0		__DUMMY__ 0.9247172239867235 neg 0.044230592120442495 off 0.031052183892834047	false	1.0
schlamperei	off 1.0		__DUMMY__ 0.9235423507816086 neg 0.04618705320999239 off 0.03027059600839895	false	0.5
sucht	neg 1.0	neg 1.0	neg 0.5075176317062631 __DUMMY__ 0.4626172583665794 off 0.029865109927157515	false	1.0
egoistisch	off 1.0		__DUMMY__ 0.9201499642450311 off 0.041823318601594626 neg 0.038026717153374134	false	1.0
ausbeuter	off 1.0		__DUMMY__ 0.9228775354562085 neg 0.0469011293582378 off 0.030221335185553706	false	0.5
arschgeburt	off 1.0		__DUMMY__ 0.9125966588011055 off 0.04834437197338421 neg 0.03905896922551029	false	1.0
schubs	neg 1.0	neg 1.0	neg 0.5063717420413233 __DUMMY__ 0.46526684547973457 off 0.028361412478942	false	1.0
unsolide	neg 1.0		__DUMMY__ 0.9158999521114934 neg 0.048920682367323075 off 0.0351793655211835	false	1.0
beschwerde	neg 1.0		__DUMMY__ 0.9231052385693569 neg 0.046576837052591316 off 0.030317924378051843	false	1.0
stocken	neg 1.0		__DUMMY__ 0.9242413158915765 neg 0.04502743118129742 off 0.030731252927126005	false	1.0
isolieren	neg 1.0		__DUMMY__ 0.923955509441946 neg 0.04447380203161444 off 0.031570688526439544	false	1.0
unheilbar	neg 1.0		__DUMMY__ 0.9260210153558298 neg 0.04005087793626428 off 0.033928106707905824	false	1.0
pisser	off 1.0		__DUMMY__ 0.9203065662995638 neg 0.04094315867467776 off 0.038750275025758375	false	0.5
löschen	neg 1.0		__DUMMY__ 0.9245256074501235 neg 0.042192722739565695 off 0.03328166981031084	false	1.0
durchfallen	neg 1.0		__DUMMY__ 0.9230554135564086 neg 0.04498607354943179 off 0.03195851289415963	false	1.0
wichser	off 1.0		__DUMMY__ 0.917663734667585 off 0.04534294803354767 neg 0.03699331729886735	false	1.0
terror	neg 1.0		__DUMMY__ 0.9246729886519246 neg 0.04020453344555157 off 0.035122477902523874	false	1.0
krass	neg 1.0		__DUMMY__ 0.9202876627026266 off 0.040030693087156975 neg 0.03968164421021636	false	0.5
revolte	neg 1.0	neg 1.0	neg 0.5100766151918694 __DUMMY__ 0.4578405645187825 off 0.03208282028934815	false	1.0
besorgt	neg 1.0		__DUMMY__ 0.9286749331715418 neg 0.0394949450241001 off 0.03183012180435807	false	1.0
nachlassen	neg 1.0		__DUMMY__ 0.9263607947622728 neg 0.04350690450073398 off 0.030132300736993276	false	1.0
alt	neg 1.0		__DUMMY__ 0.9267085228241819 neg 0.04283092982834187 off 0.030460547347476198	false	1.0
hundesohn	off 1.0		__DUMMY__ 0.9153544370366922 off 0.04462215312644693 neg 0.04002340983686089	false	1.0
als			__DUMMY__ 0.927238324364314 neg 0.040715610062645805 off 0.032046065573040294	false	0.0
abschreckung	neg 1.0		__DUMMY__ 0.9257037228281854 neg 0.045109701779010906 off 0.029186575392803733	false	1.0
unqualifiziert	neg 1.0		__DUMMY__ 0.9198700896016567 neg 0.04390676001842889 off 0.036223150379914346	false	1.0
abgewichst	off 1.0		__DUMMY__ 0.9256776432185245 neg 0.04225423725371048 off 0.03206811952776495	false	0.5
schwer	neg 1.0		__DUMMY__ 0.9251686352929217 neg 0.04141682956963394 off 0.03341453513744446	false	1.0
bedeutungslosigkeit	neg 1.0		__DUMMY__ 0.9253399749024533 neg 0.044799394413965854 off 0.029860630683580802	false	1.0
kapitulation	neg 1.0		__DUMMY__ 0.9213032821787748 neg 0.047727089298498684 off 0.030969628522726465	false	1.0
unscharf	neg 1.0		__DUMMY__ 0.9238579680738113 neg 0.041578562040420354 off 0.034563469885768264	false	1.0
schwinden	neg 1.0		__DUMMY__ 0.9259541753844006 neg 0.044378722097790944 off 0.029667102517808453	false	1.0
versklavung	neg 1.0		__DUMMY__ 0.918796665422933 neg 0.04673649843729841 off 0.03446683613976851	false	1.0
schlecht	neg 1.0		__DUMMY__ 0.9238317805937337 neg 0.03823946663589021 off 0.037928752770376106	false	1.0
verhasst	neg 1.0		__DUMMY__ 0.9236175859134697 neg 0.0420026259366934 off 0.034379788149836936	false	1.0
beschweren	neg 1.0		__DUMMY__ 0.9242734023479781 neg 0.04083614541641098 off 0.03489045223561096	false	1.0
scheiden	neg 1.0		__DUMMY__ 0.9317265575184325 neg 0.035121047235999424 off 0.03315239524556801	false	1.0
frustriert	neg 1.0		__DUMMY__ 0.9254340814482043 neg 0.041876450522228596 off 0.032689468029567174	false	1.0
schimmelig	neg 1.0		__DUMMY__ 0.9270894516502123 neg 0.043140398547774184 off 0.029770149802013524	false	1.0
fisch	neg 1.0		__DUMMY__ 0.9318419619950926 neg 0.039418276422069416 off 0.028739761582837954	false	1.0
schmuggel	neg 1.0		__DUMMY__ 0.9289341279044666 neg 0.041500712842370835 off 0.029565159253162526	false	1.0
auffallen	neg 1.0		__DUMMY__ 0.9241367200210479 neg 0.04054033764664562 off 0.0353229423323065	false	1.0
konkurrenz	neg 1.0	neg 1.0	neg 0.5091506110427402 __DUMMY__ 0.46440105390678577 off 0.026448335050474066	false	1.0
teufelskreis	neg 1.0	neg 1.0	neg 0.5095225566065134 __DUMMY__ 0.4603202178273171 off 0.030157225566169663	false	1.0
aufschreien	neg 1.0		__DUMMY__ 0.9228295939520069 neg 0.041873808523840574 off 0.0352965975241525	false	1.0
schuldner	neg 1.0		__DUMMY__ 0.9259987686646358 neg 0.04417048945839766 off 0.029830741876966493	false	1.0
missgeburt	off 1.0	off 1.0	off 0.5077594661612297 __DUMMY__ 0.4555852555597244 neg 0.03665527827904599	false	1.0
arbeitslos	neg 1.0		__DUMMY__ 0.9231912445646799 neg 0.04459692117102959 off 0.03221183426429048	false	1.0
befallen	neg 1.0		__DUMMY__ 0.9226252377803231 neg 0.04507768993315138 off 0.03229707228652558	false	1.0
miesepetrig	off 1.0	off 1.0	off 0.5041342142551718 __DUMMY__ 0.46061382053579925 neg 0.03525196520902886	false	1.0
alarmieren	neg 1.0		__DUMMY__ 0.9193709389748769 neg 0.04355309121608271 off 0.03707596980904047	false	1.0
ungeduscht	off 1.0		__DUMMY__ 0.9253063875186013 neg 0.03924925555332848 off 0.03544435692807026	false	0.5
knappheit	neg 1.0		__DUMMY__ 0.9227912851916282 neg 0.046427262658493444 off 0.03078145214987836	false	1.0
schlange	neg 1.0		__DUMMY__ 0.9278511618251801 neg 0.03756569695119967 off 0.034583141223620203	false	1.0
harsch	neg 1.0		__DUMMY__ 0.9223493077679641 off 0.04072636992496718 neg 0.036924322307068706	false	0.5
lang	neg 1.0		__DUMMY__ 0.9245459796760265 neg 0.04185800141704858 off 0.033596018906924915	false	1.0
ziellos	neg 1.0		__DUMMY__ 0.9275938043192492 neg 0.04080163773391495 off 0.03160455794683582	false	1.0
selbstverliebt	neg 1.0		__DUMMY__ 0.9143296079281157 off 0.04618686055249461 neg 0.03948353151938969	false	0.5
beseitigen	neg 1.0	neg 1.0	neg 0.5062815655453334 __DUMMY__ 0.46406041903322715 off 0.02965801542143936	false	1.0
dumm	off 1.0		__DUMMY__ 0.9186004454470807 off 0.04251465463707184 neg 0.03888489991584743	false	1.0
arbeitsloser	neg 1.0		__DUMMY__ 0.9259470476970694 neg 0.042444796547019416 off 0.03160815575591115	false	1.0
blitzen	neg 1.0		__DUMMY__ 0.922873666704993 neg 0.04134144128634546 off 0.03578489200866146	false	1.0
hilflos	neg 1.0		__DUMMY__ 0.9257969009330472 neg 0.04194922175685787 off 0.03225387731009489	false	1.0
eklig	off 1.0		__DUMMY__ 0.9183905923066528 off 0.04288769909648085 neg 0.03872170859686631	false	1.0
begriff			__DUMMY__ 0.9235544957457108 neg 0.04376343084834092 off 0.03268207340594819	false	0.0
hungersnot	neg 1.0		__DUMMY__ 0.9240745523823417 neg 0.04373580822967116 off 0.032189639387987086	false	1.0
ungesetzlich	neg 1.0		__DUMMY__ 0.9177401556524949 neg 0.046645211484711104 off 0.035614632862794086	false	1.0
verschwendung	neg 1.0		__DUMMY__ 0.9257278381048221 neg 0.043812619849826845 off 0.030459542045351107	false	1.0
schmerzvoll	neg 1.0		__DUMMY__ 0.9245251080815898 neg 0.04070261323403799 off 0.03477227868437219	false	1.0
vorzeitig	neg 1.0		__DUMMY__ 0.9250987252652975 neg 0.03928621923152435 off 0.035615055503178145	false	1.0
unvollkommenheit	neg 1.0		__DUMMY__ 0.9288845445073314 neg 0.039793627012090195 off 0.031321828480578524	false	1.0
intervenieren	neg 1.0		__DUMMY__ 0.9226002373670715 neg 0.04695050852178763 off 0.030449254111140776	false	1.0
banause	off 1.0		__DUMMY__ 0.9158327046335708 off 0.04446542064046168 neg 0.03970187472596752	false	1.0
rebell	neg 1.0		__DUMMY__ 0.9268453205294719 neg 0.04563768843140286 off 0.027516991039125263	false	1.0
unlogisch	neg 1.0		__DUMMY__ 0.9206048726005559 off 0.03976577613529754 neg 0.03962935126414653	false	0.5
leiden	neg 1.0		__DUMMY__ 0.9338308722942847 neg 0.036735398711496156 off 0.029433728994219158	false	1.0
abschaffung	neg 1.0		__DUMMY__ 0.9206872233093096 neg 0.0454212995091714 off 0.03389147718151896	false	1.0
sturz	neg 1.0		__DUMMY__ 0.9252452936378617 neg 0.041443520418500364 off 0.0333111859436379	false	1.0
verkleinerung	neg 1.0		__DUMMY__ 0.9177704562884691 neg 0.046432061472502506 off 0.035797482239028504	false	1.0
schmarotzer	off 1.0		__DUMMY__ 0.9228221540246371 neg 0.04505385747047347 off 0.032123988504889484	false	0.5
bestrafung	neg 1.0		__DUMMY__ 0.9239159725439728 neg 0.04145610156276587 off 0.034627925893261274	false	1.0
achtlos	neg 1.0		__DUMMY__ 0.9269264519980113 neg 0.03980297930736435 off 0.03327056869462431	false	1.0
