unsolidarisch	neg 1.0		off 0.4888591759722168 neg 0.44552541181100247 __DUMMY__ 0.0656154122167808	false	0.5
nachteilig	neg 1.0		off 0.4869911985419461 neg 0.44660038482224385 __DUMMY__ 0.06640841663581001	false	0.5
skeptisch	neg 1.0		off 0.4853475646487937 neg 0.44821949070334666 __DUMMY__ 0.06643294464785958	false	0.5
schrecklich	neg 1.0		off 0.4975254051063482 neg 0.43745279946954535 __DUMMY__ 0.06502179542410658	false	0.5
schlapp	neg 1.0	neg 1.0	neg 0.7051917911078229 off 0.26372718271863116 __DUMMY__ 0.031081026173545835	false	1.0
abfall	neg 1.0		off 0.4839102115599526 neg 0.4491423600413819 __DUMMY__ 0.06694742839866549	false	0.5
widerspenstig	neg 1.0		off 0.4879317808749158 neg 0.44623863805769126 __DUMMY__ 0.06582958106739287	false	0.5
abrupt	neg 1.0		off 0.48340775372321865 neg 0.4503811380469637 __DUMMY__ 0.06621110822981756	false	0.5
unwirksam	neg 1.0		off 0.48554736987132474 neg 0.44928995329474053 __DUMMY__ 0.06516267683393479	false	0.5
angreifen	neg 1.0		off 0.4852130949698951 neg 0.4482366048937697 __DUMMY__ 0.06655030013633513	false	0.5
inkonsistent	neg 1.0		off 0.49011738352012213 neg 0.444503803371921 __DUMMY__ 0.0653788131079569	false	0.5
abrutschen	neg 1.0		off 0.48299932539107054 neg 0.450123190311582 __DUMMY__ 0.06687748429734748	false	0.5
unsicher	neg 1.0		off 0.4900923025551341 neg 0.4438077210960495 __DUMMY__ 0.06609997634881647	false	0.5
bauernkind	off 1.0	off 1.0	off 0.7341787929208283 neg 0.23542410681000422 __DUMMY__ 0.030397100269167362	false	1.0
angreifer	neg 1.0		off 0.4956700559885517 neg 0.43830013843111054 __DUMMY__ 0.06602980558033789	false	0.5
trennen	neg 1.0		off 0.4854991387851764 neg 0.44784903658790826 __DUMMY__ 0.0666518246269154	false	0.5
schmutz	neg 1.0		off 0.49583699673927634 neg 0.43792051763480355 __DUMMY__ 0.06624248562592	false	0.5
inkonsistenz	neg 1.0		off 0.49399536976015 neg 0.44053987157789065 __DUMMY__ 0.06546475866195914	false	0.5
erschreckend	neg 1.0		off 0.4888189346386513 neg 0.44514093385090703 __DUMMY__ 0.06604013151044157	false	0.5
ertrinken	neg 1.0		off 0.4835153285274431 neg 0.4500994200245348 __DUMMY__ 0.06638525144802206	false	0.5
pickelface	off 1.0		off 0.4896372914558566 neg 0.44451430795743746 __DUMMY__ 0.06584840058670592	false	1.0
seiner			off 0.4861725059430456 neg 0.44721426500257194 __DUMMY__ 0.06661322905438255	false	0.0
lauch	neg 1.0	neg 1.0	neg 0.7107979738642298 off 0.2574602161797643 __DUMMY__ 0.03174180995600603	false	1.0
unwichtig	neg 1.0		off 0.49392029229444806 neg 0.4406129381399681 __DUMMY__ 0.0654667695655838	false	0.5
steuerhinterziehung	neg 1.0		off 0.4880970402123047 neg 0.4460238960915691 __DUMMY__ 0.06587906369612621	false	0.5
schock	neg 1.0		off 0.4882540419936998 neg 0.4455746184752293 __DUMMY__ 0.06617133953107088	false	0.5
beule	neg 1.0		off 0.49481009375464874 neg 0.440160904991329 __DUMMY__ 0.06502900125402215	false	0.5
vergelten	neg 1.0		off 0.4987220076389857 neg 0.43629475497266 __DUMMY__ 0.06498323738835436	false	0.5
verdorbenheit	neg 1.0		off 0.49061685282174655 neg 0.4435409586243934 __DUMMY__ 0.06584218855386008	false	0.5
trauma	neg 1.0		off 0.4901313070488251 neg 0.44415525876174383 __DUMMY__ 0.06571343418943106	false	0.5
sinnlos	neg 1.0		off 0.49133519782190477 neg 0.4428888735665967 __DUMMY__ 0.0657759286114987	false	0.5
fettsack	off 1.0	off 1.0	off 0.7354531096714966 neg 0.23410869376970123 __DUMMY__ 0.03043819655880213	false	1.0
feige	off 1.0	off 1.0	off 0.7338885008590946 neg 0.23509868618185373 __DUMMY__ 0.03101281295905168	false	1.0
abdanken	neg 1.0		off 0.4905752091735004 neg 0.4432164849591067 __DUMMY__ 0.06620830586739282	false	0.5
wichtigtuer	off 1.0	off 1.0	off 0.7330351870352816 neg 0.23566407672823558 __DUMMY__ 0.03130073623648276	false	1.0
misslingen	neg 1.0		off 0.49270924858682835 neg 0.44117448219385935 __DUMMY__ 0.06611626921931232	false	0.5
untreu	off 1.0		off 0.4948797788592809 neg 0.43979762649823667 __DUMMY__ 0.06532259464248238	false	1.0
missmutig	neg 1.0		off 0.49235866307062975 neg 0.4421230821991114 __DUMMY__ 0.06551825473025882	false	0.5
hurenbock	off 1.0		off 0.4854599637237616 neg 0.4493328073473238 __DUMMY__ 0.06520722892891456	false	1.0
betrunken	neg 1.0		off 0.49630904638196316 neg 0.4386062433770753 __DUMMY__ 0.06508471024096144	false	0.5
korrupt	off 1.0		off 0.48716642583806513 neg 0.44698665443991065 __DUMMY__ 0.0658469197220243	false	1.0
unmut	neg 1.0		off 0.48402820725950985 neg 0.44931986863271656 __DUMMY__ 0.0666519241077736	false	0.5
hackfresse	off 1.0		off 0.5012007067818872 neg 0.434298042587525 __DUMMY__ 0.06450125063058781	false	1.0
aufblasen	neg 1.0		off 0.4897028850094171 neg 0.44439258865468956 __DUMMY__ 0.06590452633589323	false	0.5
gewaltsam	neg 1.0		off 0.4907566057992996 neg 0.4430199062368628 __DUMMY__ 0.06622348796383767	false	0.5
unbeliebtheit	neg 1.0		off 0.49509615056551404 neg 0.43957434445347365 __DUMMY__ 0.06532950498101221	false	0.5
sturheit	neg 1.0		off 0.4900836415970127 neg 0.44365941331883485 __DUMMY__ 0.06625694508415239	false	0.5
kuh	neg 1.0		off 0.4851840036070699 neg 0.4503365448782553 __DUMMY__ 0.06447945151467478	false	0.5
erschrecken	neg 1.0		off 0.49311527651600956 neg 0.4413228403490067 __DUMMY__ 0.06556188313498373	false	0.5
opfer	neg 1.0		off 0.48914007902873097 neg 0.4441588070489191 __DUMMY__ 0.06670111392235004	false	0.5
sinken	neg 1.0		off 0.48272974507874805 neg 0.45095545464185727 __DUMMY__ 0.06631480027939457	false	0.5
stinktier	neg 1.0		off 0.49486520741076323 neg 0.4411005559157345 __DUMMY__ 0.06403423667350219	false	0.5
tucke	off 1.0		off 0.49936210222633703 neg 0.4369438816934888 __DUMMY__ 0.06369401608017405	false	1.0
ein			off 0.4867035724059538 neg 0.4475825497622704 __DUMMY__ 0.06571387783177593	false	0.0
abstieg	neg 1.0		off 0.4906853169514247 neg 0.4426598949900607 __DUMMY__ 0.06665478805851462	false	0.5
missverstehen	neg 1.0		off 0.49226524616320433 neg 0.44203476934641156 __DUMMY__ 0.06569998449038401	false	0.5
ergebnislos	neg 1.0		off 0.4881717485463723 neg 0.44520874401232996 __DUMMY__ 0.06661950744129767	false	0.5
unter			off 0.4808543963575701 neg 0.45168524704225305 __DUMMY__ 0.06746035660017685	false	0.0
manipulieren	neg 1.0		off 0.486425784034169 neg 0.44705890751798205 __DUMMY__ 0.06651530844784904	false	0.5
unbewiesen	neg 1.0	neg 1.0	neg 0.7067953374343664 off 0.26186509786925716 __DUMMY__ 0.0313395646963765	false	1.0
verschleppen	neg 1.0		off 0.4872000420691159 neg 0.446582327201769 __DUMMY__ 0.06621763072911517	false	0.5
weib	off 1.0		off 0.5011589205272373 neg 0.4348623176171674 __DUMMY__ 0.06397876185559519	false	1.0
opposition	neg 1.0		off 0.48984009379572235 neg 0.44458153423832647 __DUMMY__ 0.06557837196595105	false	0.5
verkehrswidrig	neg 1.0		off 0.5004908481809472 neg 0.43439332596664837 __DUMMY__ 0.06511582585240444	false	0.5
inkorrekt	neg 1.0		off 0.4970133910942078 neg 0.43800699159587103 __DUMMY__ 0.06497961730992106	false	0.5
vermeiden	neg 1.0		off 0.48260196559572105 neg 0.4504685200601673 __DUMMY__ 0.06692951434411178	false	0.5
abweichung	neg 1.0	neg 1.0	neg 0.7073596358597101 off 0.2609909439597711 __DUMMY__ 0.03164942018051875	false	1.0
alkoholisiert	neg 1.0		off 0.48880989178366246 neg 0.44420216848830224 __DUMMY__ 0.06698793972803518	false	0.5
scheiss	off 1.0	off 1.0	off 0.7340694654810475 neg 0.23508757598616406 __DUMMY__ 0.03084295853278843	false	1.0
herausforderung	neg 1.0		off 0.487395921194605 neg 0.4463766019699315 __DUMMY__ 0.0662274768354634	false	0.5
pervers	off 1.0		off 0.5041363107351795 neg 0.4319771918937118 __DUMMY__ 0.06388649737110873	false	1.0
wackelig	neg 1.0		off 0.48798375115356724 neg 0.445675610142939 __DUMMY__ 0.06634063870349378	false	0.5
verwickeln	neg 1.0		off 0.4916904047672491 neg 0.44248685443211866 __DUMMY__ 0.06582274080063227	false	0.5
vorwand	neg 1.0		off 0.48465930348826103 neg 0.448786396209629 __DUMMY__ 0.06655430030210989	false	0.5
muschi	off 1.0		off 0.48958955907030743 neg 0.444316000524405 __DUMMY__ 0.06609444040528754	false	1.0
entmutigung	neg 1.0		off 0.4892790999603303 neg 0.44542644989946023 __DUMMY__ 0.06529445014020957	false	0.5
unangemessen	neg 1.0		off 0.48916128144943494 neg 0.4446567034000173 __DUMMY__ 0.06618201515054786	false	0.5
unstetig	neg 1.0		off 0.49240085284059243 neg 0.4421829721325901 __DUMMY__ 0.06541617502681758	false	0.5
entmutigen	neg 1.0		off 0.4904615538790175 neg 0.4436619396009449 __DUMMY__ 0.06587650652003745	false	0.5
schwanz	neg 1.0		off 0.48676494533284204 neg 0.44710087982544566 __DUMMY__ 0.06613417484171229	false	0.5
verbot	neg 1.0		off 0.48732284563431544 neg 0.44671961564988105 __DUMMY__ 0.0659575387158035	false	0.5
leid	neg 1.0		off 0.49861593940893084 neg 0.4365953919301598 __DUMMY__ 0.06478866866090935	false	0.5
archaisch	neg 1.0		off 0.48737066201860324 neg 0.4466561712547444 __DUMMY__ 0.06597316672665234	false	0.5
gegen			off 0.4860838022065374 neg 0.44705086845566855 __DUMMY__ 0.0668653293377939	false	0.0
scheidung	neg 1.0		off 0.5105810290273084 neg 0.4252916405973883 __DUMMY__ 0.06412733037530317	false	0.5
einschlag	neg 1.0		off 0.5003162500984936 neg 0.43430371945892016 __DUMMY__ 0.06538003044258624	false	0.5
m			off 0.48793813437766104 neg 0.44584125685386883 __DUMMY__ 0.06622060876847022	false	0.0
abgestanden	neg 1.0		off 0.4840747933340457 neg 0.45088616239370255 __DUMMY__ 0.06503904427225185	false	0.5
schmierig	off 1.0		off 0.49795950332233735 neg 0.43727027626183174 __DUMMY__ 0.06477022041583111	false	1.0
unpraktisch	neg 1.0		off 0.49125434023348363 neg 0.4428571646085659 __DUMMY__ 0.06588849515795044	false	0.5
wixxer	off 1.0		off 0.5029803358939009 neg 0.43339951952112 __DUMMY__ 0.06362014458497912	false	1.0
bezeichnet			off 0.49072014497837263 neg 0.4432043118313608 __DUMMY__ 0.0660755431902665	false	0.0
jammerlappen	off 1.0		off 0.49416733442309874 neg 0.4403876219805255 __DUMMY__ 0.06544504359637554	false	1.0
farce	neg 1.0		off 0.48811902999837375 neg 0.446182604820246 __DUMMY__ 0.06569836518138032	false	0.5
zwecklos	neg 1.0		off 0.48742592169434246 neg 0.4464305602401449 __DUMMY__ 0.0661435180655126	false	0.5
turbulent	neg 1.0		off 0.4947693014046264 neg 0.4402389391344267 __DUMMY__ 0.06499175946094696	false	0.5
invasion	neg 1.0		off 0.49161821796810995 neg 0.4427372910743653 __DUMMY__ 0.06564449095752475	false	0.5
schuld	neg 1.0		off 0.49098619154451084 neg 0.4431230052612883 __DUMMY__ 0.06589080319420085	false	0.5
risiko	neg 1.0		off 0.48889808807295765 neg 0.4457633564444999 __DUMMY__ 0.0653385554825426	false	0.5
finster	neg 1.0		off 0.48706330161422734 neg 0.44731558849077097 __DUMMY__ 0.06562110989500156	false	0.5
geisteskrank	off 1.0		off 0.4962861245063743 neg 0.43854771892713273 __DUMMY__ 0.06516615656649292	false	1.0
zusammenbrechen	neg 1.0		off 0.4872896458930044 neg 0.44662601715444955 __DUMMY__ 0.06608433695254612	false	0.5
ausbeute	neg 1.0		off 0.4910922543649053 neg 0.4424506144743518 __DUMMY__ 0.06645713116074302	false	0.5
hinterhalt	neg 1.0		off 0.4875055475903579 neg 0.4465405647392534 __DUMMY__ 0.06595388767038873	false	0.5
kritik	neg 1.0		off 0.4879385874530927 neg 0.44632597942016805 __DUMMY__ 0.06573543312673914	false	0.5
einschrumpfen	neg 1.0		off 0.49232355434862507 neg 0.4425845651478695 __DUMMY__ 0.06509188050350534	false	0.5
riskant	neg 1.0		off 0.48489730201585785 neg 0.44878875816187275 __DUMMY__ 0.06631393982226934	false	0.5
frustrieren	neg 1.0		off 0.4855094486749844 neg 0.44829902678410705 __DUMMY__ 0.06619152454090856	false	0.5
groll	neg 1.0		off 0.4890399165148864 neg 0.4446185305212453 __DUMMY__ 0.06634155296386825	false	0.5
gibt			off 0.4874732524957644 neg 0.44630677965057874 __DUMMY__ 0.06621996785365683	false	0.0
qualvoll	neg 1.0		off 0.49143536511612723 neg 0.44282586372982746 __DUMMY__ 0.06573877115404524	false	0.5
wackeln	neg 1.0		off 0.4894402861138725 neg 0.44455518874607974 __DUMMY__ 0.06600452514004773	false	0.5
klagen	neg 1.0		off 0.4842227892257738 neg 0.4493460816205146 __DUMMY__ 0.0664311291537117	false	0.5
bankrott	neg 1.0		off 0.4942589922122756 neg 0.4401569488707991 __DUMMY__ 0.0655840589169252	false	0.5
trauern	neg 1.0		off 0.4892536393801015 neg 0.44378744959865335 __DUMMY__ 0.0669589110212451	false	0.5
ablehnung	neg 1.0		off 0.4873024669463398 neg 0.4469069970054372 __DUMMY__ 0.06579053604822285	false	0.5
stur	neg 1.0		off 0.49049111579613364 neg 0.44370025636698207 __DUMMY__ 0.06580862783688442	false	0.5
aufruhr	neg 1.0	neg 1.0	neg 0.7067633970603051 off 0.26178290220932765 __DUMMY__ 0.031453700730367275	false	1.0
melancholie	neg 1.0		off 0.4833056426924302 neg 0.45058630348611906 __DUMMY__ 0.06610805382145077	false	0.5
ist			off 0.4909226625311575 neg 0.44330527656141644 __DUMMY__ 0.06577206090742596	false	0.0
torheit	neg 1.0		off 0.49058566247784446 neg 0.4436132536972175 __DUMMY__ 0.06580108382493807	false	0.5
dreckskind	off 1.0		off 0.5010727144433731 neg 0.43471914200956735 __DUMMY__ 0.06420814354705952	false	1.0
umtauschen	neg 1.0		off 0.48880263375387106 neg 0.4452193541387828 __DUMMY__ 0.06597801210734607	false	0.5
zum			off 0.4863933775453403 neg 0.44611013224986384 __DUMMY__ 0.06749649020479594	false	0.0
zersetzen	neg 1.0		off 0.4843469891441851 neg 0.4494024102700558 __DUMMY__ 0.06625060058575916	false	0.5
zur			off 0.48310132882063134 neg 0.4499209380248193 __DUMMY__ 0.06697773315454941	false	0.0
frust	neg 1.0		off 0.4875540048413384 neg 0.4462627202139849 __DUMMY__ 0.06618327494467659	false	0.5
unerbittlichkeit	neg 1.0		off 0.4867309301361539 neg 0.4468347287660643 __DUMMY__ 0.06643434109778171	false	0.5
zwei			off 0.4832138935412853 neg 0.4496884318136466 __DUMMY__ 0.06709767464506802	false	0.0
unkorrekt	neg 1.0		off 0.49609414317050887 neg 0.4388009286466884 __DUMMY__ 0.06510492818280263	false	0.5
hexe	off 1.0		off 0.4906907250137952 neg 0.4443602780097635 __DUMMY__ 0.06494899697644117	false	1.0
lasch	neg 1.0		off 0.49392225057372013 neg 0.4404721063325198 __DUMMY__ 0.06560564309375998	false	0.5
rivale	neg 1.0		off 0.49751548676726876 neg 0.43748003795908247 __DUMMY__ 0.06500447527364876	false	0.5
mutlos	off 1.0	off 1.0	off 0.7299274252848902 neg 0.23854663507544355 __DUMMY__ 0.03152593963966621	false	1.0
wirr	off 1.0		off 0.4971156514024204 neg 0.43808400483273496 __DUMMY__ 0.06480034376484474	false	1.0
jahr			off 0.489559402377111 neg 0.4433742462191639 __DUMMY__ 0.06706635140372527	false	0.0
wird			off 0.48739431250018544 neg 0.44627172201186116 __DUMMY__ 0.0663339654879534	false	0.0
strafbar	neg 1.0		off 0.486964858745898 neg 0.4465490278516598 __DUMMY__ 0.06648611340244219	false	0.5
erosion	neg 1.0		off 0.49013280019125083 neg 0.4438727523164485 __DUMMY__ 0.06599444749230061	false	0.5
eingehen	neg 1.0		off 0.4853224890103784 neg 0.44847373049442585 __DUMMY__ 0.06620378049519589	false	0.5
faul	off 1.0		off 0.49354833475774584 neg 0.44092339034275657 __DUMMY__ 0.06552827489949763	false	1.0
provisorium	neg 1.0		off 0.4816044795935528 neg 0.45084289450771736 __DUMMY__ 0.06755262589872983	false	0.5
schmerzen	neg 1.0		off 0.4875708446532385 neg 0.4465094291566317 __DUMMY__ 0.06591972619012987	false	0.5
schrumpfen	neg 1.0		off 0.4801857914043563 neg 0.4533164999586179 __DUMMY__ 0.06649770863702582	false	0.5
geistlos	off 1.0		off 0.4907969630390775 neg 0.44379926379658974 __DUMMY__ 0.06540377316433274	false	1.0
fehlkauf	neg 1.0		off 0.4910790218880451 neg 0.44337269756227643 __DUMMY__ 0.06554828054967854	false	0.5
frustrierend	neg 1.0		off 0.49250102558484193 neg 0.442008416181712 __DUMMY__ 0.06549055823344607	false	0.5
unzufrieden	neg 1.0		off 0.48759389695158384 neg 0.44618389105530876 __DUMMY__ 0.06622221199310756	false	0.5
verzweifeln	neg 1.0		off 0.48886126340930974 neg 0.4450244491983458 __DUMMY__ 0.06611428739234462	false	0.5
verzweifelt	neg 1.0		off 0.49042671192235276 neg 0.44378240177510175 __DUMMY__ 0.06579088630254541	false	0.5
misstrauensantrag	neg 1.0		off 0.4909074404852859 neg 0.44344945742388947 __DUMMY__ 0.06564310209082463	false	0.5
abfallen	neg 1.0		off 0.48898578283146454 neg 0.44518047008781797 __DUMMY__ 0.06583374708071756	false	0.5
fucker	off 1.0		off 0.497463555531197 neg 0.4373696767537806 __DUMMY__ 0.0651667677150224	false	1.0
ungezogen	neg 1.0		off 0.5028168898209102 neg 0.4329585905786904 __DUMMY__ 0.06422451960039952	false	0.5
irrsinnig	neg 1.0	neg 1.0	neg 0.7072744299904337 off 0.26143248586601864 __DUMMY__ 0.03129308414354771	false	1.0
unfassbar	neg 1.0		off 0.495313116205129 neg 0.4392832427944143 __DUMMY__ 0.06540364100045665	false	0.5
hart	neg 1.0		off 0.4906468464270215 neg 0.44477073569050557 __DUMMY__ 0.06458241788247293	false	0.5
widerlich	off 1.0		off 0.49515861008895573 neg 0.43960564507263106 __DUMMY__ 0.06523574483841327	false	1.0
fatal	neg 1.0	neg 1.0	neg 0.7077843638429051 off 0.2611963052089423 __DUMMY__ 0.03101933094815263	false	1.0
bruch	neg 1.0		off 0.48462352037316614 neg 0.4485652891796698 __DUMMY__ 0.06681119044716406	false	0.5
aushungern	neg 1.0		off 0.4875958833963121 neg 0.446449707120772 __DUMMY__ 0.06595440948291578	false	0.5
anspannung	neg 1.0		off 0.48394169325529507 neg 0.4488674192353141 __DUMMY__ 0.06719088750939098	false	0.5
von			off 0.4851329160130595 neg 0.4483102463990671 __DUMMY__ 0.06655683758787341	false	0.0
kraftlos	neg 1.0		off 0.4869183419802815 neg 0.44685689724449684 __DUMMY__ 0.06622476077522166	false	0.5
vom			off 0.4835025070539633 neg 0.44876018116784194 __DUMMY__ 0.06773731177819475	false	0.0
grenzdebil	off 1.0		off 0.49451813998776717 neg 0.44028689986770914 __DUMMY__ 0.06519496014452379	false	1.0
vor			off 0.4842930393185102 neg 0.4489966422909244 __DUMMY__ 0.06671031839056527	false	0.0
unterwerfen	neg 1.0		off 0.4876351141994355 neg 0.4459213636090279 __DUMMY__ 0.06644352219153658	false	0.5
versenkung	neg 1.0		off 0.48701524960075054 neg 0.4464916233745263 __DUMMY__ 0.06649312702472322	false	0.5
entziehen	neg 1.0		off 0.48444423541798226 neg 0.4490077831757892 __DUMMY__ 0.06654798140622836	false	0.5
finanzkrise	neg 1.0		off 0.4837920911662399 neg 0.4510989787053826 __DUMMY__ 0.06510893012837754	false	0.5
schimpfend	neg 1.0		off 0.4914847207546298 neg 0.44245615181491715 __DUMMY__ 0.06605912743045313	false	0.5
profan	neg 1.0		off 0.49112256496271056 neg 0.4432546989427002 __DUMMY__ 0.06562273609458925	false	0.5
korruption	neg 1.0		off 0.4862239127633741 neg 0.4479046613491771 __DUMMY__ 0.0658714258874487	false	0.5
â			off 0.486743854211021 neg 0.44707622261871605 __DUMMY__ 0.06617992317026286	false	0.0
schmutzig	neg 1.0		off 0.49507162628783563 neg 0.43968107856495503 __DUMMY__ 0.06524729514720921	false	0.5
sexy	neg 1.0		off 0.49343979793847415 neg 0.4409264221878403 __DUMMY__ 0.06563377987368557	false	0.5
abraten	neg 1.0		off 0.49153031194540475 neg 0.4426675205273507 __DUMMY__ 0.0658021675272446	false	0.5
schwarz	neg 1.0		off 0.49166992837321216 neg 0.4425904817486693 __DUMMY__ 0.06573958987811863	false	0.5
fotze	off 1.0	off 1.0	off 0.7303674162353032 neg 0.23813623847022775 __DUMMY__ 0.03149634529446898	false	1.0
verwirren	neg 1.0		off 0.4920344287074396 neg 0.44225605437791243 __DUMMY__ 0.06570951691464812	false	0.5
zahnlos	off 1.0		off 0.4884733004764576 neg 0.4453961093903951 __DUMMY__ 0.0661305901331473	false	1.0
verheeren	neg 1.0		off 0.504417099188114 neg 0.43140101839939493 __DUMMY__ 0.06418188241249116	false	0.5
hippie	neg 1.0		off 0.4926605074354417 neg 0.44174906821131465 __DUMMY__ 0.06559042435324372	false	0.5
rammen	neg 1.0		off 0.48971730865428265 neg 0.44446238383505493 __DUMMY__ 0.06582030751066237	false	0.5
unlauter	neg 1.0		off 0.4903099241820188 neg 0.4441469573295675 __DUMMY__ 0.06554311848841365	false	0.5
unheilvoll	neg 1.0		off 0.48968264723760613 neg 0.44464595409727103 __DUMMY__ 0.065671398665123	false	0.5
niedrig	neg 1.0		off 0.4851231156297527 neg 0.44892313118175525 __DUMMY__ 0.06595375318849205	false	0.5
explosion	neg 1.0		off 0.49284069158005295 neg 0.441522052210759 __DUMMY__ 0.06563725620918812	false	0.5
weichei	off 1.0	off 1.0	off 0.7357826537909193 neg 0.2336352352055476 __DUMMY__ 0.03058211100353293	false	1.0
minusmensch	off 1.0		off 0.5026474853422828 neg 0.43338683829157265 __DUMMY__ 0.06396567636614471	false	1.0
farblos	neg 1.0		off 0.49020991589382157 neg 0.4440539385844576 __DUMMY__ 0.06573614552172077	false	0.5
unwissend	neg 1.0	neg 1.0	neg 0.705705227901187 off 0.2632397725302157 __DUMMY__ 0.031054999568597294	false	1.0
traurig	neg 1.0		off 0.49733525588199984 neg 0.43757300850469744 __DUMMY__ 0.06509173561330259	false	0.5
senkung	neg 1.0		off 0.48900930812421495 neg 0.4458753022463852 __DUMMY__ 0.06511538962939983	false	0.5
ungleich	neg 1.0	neg 1.0	neg 0.7089276088142654 off 0.25953230599283517 __DUMMY__ 0.03154008519289947	false	1.0
heikel	neg 1.0		off 0.4858679242961211 neg 0.4477178100693313 __DUMMY__ 0.06641426563454769	false	0.5
drosselung	neg 1.0		off 0.49205440487215396 neg 0.4432098094888905 __DUMMY__ 0.06473578563895552	false	0.5
falsch	neg 1.0		off 0.4937862415042013 neg 0.44058383552882185 __DUMMY__ 0.0656299229669769	false	0.5
unzufriedenheit	neg 1.0		off 0.4839316212210928 neg 0.449890106613655 __DUMMY__ 0.06617827216525222	false	0.5
kurz	neg 1.0		off 0.48882184513342586 neg 0.44481378138758326 __DUMMY__ 0.06636437347899098	false	0.5
unsinnig	neg 1.0		off 0.4874270575974316 neg 0.446735688610693 __DUMMY__ 0.06583725379187542	false	0.5
penner	off 1.0	off 1.0	off 0.7371790969789511 neg 0.2322493820260739 __DUMMY__ 0.030571520994974864	false	1.0
seicht	neg 1.0		off 0.5002613637603199 neg 0.43572210451339644 __DUMMY__ 0.06401653172628372	false	0.5
dummheit	off 1.0	off 1.0	off 0.732163743751846 neg 0.23669997662041098 __DUMMY__ 0.031136279627743062	false	1.0
unerfreulich	neg 1.0		off 0.4851707211268085 neg 0.4484464259952783 __DUMMY__ 0.0663828528779133	false	0.5
motherfucker	off 1.0	off 1.0	off 0.7349566022497829 neg 0.23410023320225165 __DUMMY__ 0.0309431645479655	false	1.0
pikiert	neg 1.0		off 0.4938021891182665 neg 0.4409153407432272 __DUMMY__ 0.06528247013850615	false	0.5
wrack	neg 1.0		off 0.4919169632117559 neg 0.44129263396134943 __DUMMY__ 0.06679040282689475	false	0.5
gangster	neg 1.0		off 0.49279692599042396 neg 0.44164456999181767 __DUMMY__ 0.06555850401775848	false	0.5
krank	neg 1.0		off 0.4959240155939786 neg 0.4386827931985085 __DUMMY__ 0.06539319120751301	false	0.5
reich	neg 1.0		off 0.4904771421300922 neg 0.4445089900189254 __DUMMY__ 0.06501386785098234	false	0.5
gnadenlos	neg 1.0		off 0.49099655841697415 neg 0.443043492503765 __DUMMY__ 0.06595994907926088	false	0.5
niedergeschlagen	neg 1.0		off 0.48901461706728333 neg 0.44451191637771853 __DUMMY__ 0.06647346655499804	false	0.5
terrorisieren	off 1.0	off 1.0	off 0.729958606843461 neg 0.23836350693150166 __DUMMY__ 0.03167788622503736	false	1.0
sinnlosigkeit	neg 1.0		off 0.48784647992206265 neg 0.44601006084554196 __DUMMY__ 0.06614345923239537	false	0.5
behindern	neg 1.0		off 0.48870116313706313 neg 0.44543070373934657 __DUMMY__ 0.06586813312359027	false	0.5
undemokratisch	neg 1.0		off 0.490718238694917 neg 0.44372075516030535 __DUMMY__ 0.06556100614477772	false	0.5
wirtschaftskrise	neg 1.0		off 0.48454120793263944 neg 0.44976959210618067 __DUMMY__ 0.06568919996117992	false	0.5
neid	neg 1.0		off 0.4926318019584722 neg 0.44176407171076626 __DUMMY__ 0.06560412633076158	false	0.5
rutschen	neg 1.0		off 0.48259091224724465 neg 0.4503479845056546 __DUMMY__ 0.06706110324710075	false	0.5
rezession	neg 1.0		off 0.4929723429670261 neg 0.44271541379044016 __DUMMY__ 0.0643122432425337	false	0.5
fehlgeburt	neg 1.0		off 0.49128122528763735 neg 0.442612678554779 __DUMMY__ 0.06610609615758357	false	0.5
charakterschwach	off 1.0		off 0.49412097982811914 neg 0.44069065135402746 __DUMMY__ 0.06518836881785346	false	1.0
isolation	neg 1.0		off 0.4942189068141635 neg 0.4400679337330693 __DUMMY__ 0.06571315945276726	false	0.5
ablenkung	neg 1.0		off 0.48995114210645924 neg 0.4439424068653959 __DUMMY__ 0.06610645102814501	false	0.5
pech	neg 1.0		off 0.4929497767404996 neg 0.44162408934356295 __DUMMY__ 0.06542613391593734	false	0.5
vermeidung	neg 1.0		off 0.4940986794385556 neg 0.44079510524194493 __DUMMY__ 0.0651062153194993	false	0.5
dominieren	neg 1.0		off 0.48842273955657 neg 0.44544283536622914 __DUMMY__ 0.06613442507720084	false	0.5
schwindlig	neg 1.0		off 0.490696633999882 neg 0.4436660636730842 __DUMMY__ 0.06563730232703395	false	0.5
lutscher	neg 1.0	neg 1.0	neg 0.7019679070558588 off 0.2677730051377835 __DUMMY__ 0.03025908780635764	false	1.0
pflicht	neg 1.0		off 0.485422328281559 neg 0.4479061867208964 __DUMMY__ 0.06667148499754458	false	0.5
faschist	off 1.0		off 0.49384833025265695 neg 0.44047197775285024 __DUMMY__ 0.06567969199449264	false	1.0
verschleudern	neg 1.0		off 0.4832250114500072 neg 0.45098442623929336 __DUMMY__ 0.06579056231069952	false	0.5
wenn			off 0.4937769367720431 neg 0.4407656663550049 __DUMMY__ 0.06545739687295207	false	0.0
ehebruch	neg 1.0		off 0.48744976036753773 neg 0.44626589152663043 __DUMMY__ 0.06628434810583182	false	0.5
spott	off 1.0		off 0.4880561356360513 neg 0.44552283711014 __DUMMY__ 0.06642102725380865	false	1.0
trostlosigkeit	neg 1.0		off 0.48252859595917375 neg 0.45124475203538583 __DUMMY__ 0.06622665200544046	false	0.5
lutschen	neg 1.0		off 0.4926736584351344 neg 0.44193157913652276 __DUMMY__ 0.06539476242834301	false	0.5
undiszipliniert	neg 1.0		off 0.496347930326975 neg 0.4385543856733968 __DUMMY__ 0.0650976839996282	false	0.5
kopfschmerz	neg 1.0		off 0.48414203630548436 neg 0.4500005488487701 __DUMMY__ 0.06585741484574544	false	0.5
unvorhergesehen	neg 1.0		off 0.486271544353483 neg 0.44700151376875047 __DUMMY__ 0.06672694187776661	false	0.5
desinteressiert	neg 1.0		off 0.49562185325566077 neg 0.439240443073716 __DUMMY__ 0.06513770367062315	false	0.5
armselig	off 1.0		off 0.4982672958270549 neg 0.4367084242811243 __DUMMY__ 0.06502427989182075	false	1.0
desaster	neg 1.0		off 0.4834893118691674 neg 0.4500114427073935 __DUMMY__ 0.06649924542343916	false	0.5
tod	neg 1.0		off 0.486996423271377 neg 0.44660205443471396 __DUMMY__ 0.066401522293909	false	0.5
herzlos	neg 1.0		off 0.4975576863373043 neg 0.43740739036250337 __DUMMY__ 0.06503492330019241	false	0.5
unwissenheit	neg 1.0		off 0.4874175702663628 neg 0.44643409136632445 __DUMMY__ 0.06614833836731275	false	0.5
widersinnig	neg 1.0		off 0.4867136995631013 neg 0.447587816309997 __DUMMY__ 0.06569848412690177	false	0.5
bedenklich	neg 1.0		off 0.48599114788979797 neg 0.4478772809373602 __DUMMY__ 0.06613157117284175	false	0.5
beanstanden	neg 1.0		off 0.4866661427823936 neg 0.4466247037119711 __DUMMY__ 0.06670915350563522	false	0.5
panisch	neg 1.0		off 0.4922358021868067 neg 0.4418390626170758 __DUMMY__ 0.06592513519611769	false	0.5
debil	off 1.0		off 0.47968012553247613 neg 0.4532425523577987 __DUMMY__ 0.06707732210972511	false	1.0
abstrich	neg 1.0		off 0.4875359096879161 neg 0.4465316335158084 __DUMMY__ 0.06593245679627556	false	0.5
primitiv	neg 1.0		off 0.49617503209632047 neg 0.43862989807182146 __DUMMY__ 0.0651950698318579	false	0.5
abschaum	off 1.0	off 1.0	off 0.7346126492972563 neg 0.23421582141619882 __DUMMY__ 0.03117152928654488	false	1.0
provozieren	neg 1.0		off 0.49045050096690657 neg 0.44368762871077627 __DUMMY__ 0.06586187032231719	false	0.5
tot	neg 1.0		off 0.4862133238978075 neg 0.4478859560021366 __DUMMY__ 0.0659007201000557	false	0.5
instabil	neg 1.0		off 0.49646129995657484 neg 0.4388778429814416 __DUMMY__ 0.06466085706198359	false	0.5
schwuchtel	off 1.0	off 1.0	off 0.7400056196951956 neg 0.22992054008140045 __DUMMY__ 0.03007384022340395	false	1.0
zerren	neg 1.0		off 0.48818685738585416 neg 0.4454402196581759 __DUMMY__ 0.06637292295597001	false	0.5
kinderficker	off 1.0		off 0.500205485470128 neg 0.43503816935587164 __DUMMY__ 0.0647563451740004	false	1.0
gefahr	neg 1.0		off 0.4862868076641127 neg 0.4470262224242813 __DUMMY__ 0.06668696991160612	false	0.5
rabiat	neg 1.0		off 0.4887154006137578 neg 0.44527584286348265 __DUMMY__ 0.0660087565227594	false	0.5
verlangsamung	neg 1.0		off 0.5000369335338718 neg 0.4356472572301869 __DUMMY__ 0.06431580923594138	false	0.5
ausgestorben	neg 1.0		off 0.48886593040174225 neg 0.44499310351818033 __DUMMY__ 0.06614096608007748	false	0.5
anklagen	neg 1.0		off 0.48893293100647284 neg 0.44486543734110606 __DUMMY__ 0.06620163165242099	false	0.5
trott	neg 1.0		off 0.4895993218972887 neg 0.4444346225109283 __DUMMY__ 0.06596605559178288	false	0.5
verminderung	neg 1.0		off 0.494525853413581 neg 0.44032048110006233 __DUMMY__ 0.0651536654863565	false	0.5
nach			off 0.48254194773776427 neg 0.4501094177879599 __DUMMY__ 0.06734863447427587	false	0.0
rost	neg 1.0		off 0.5044455459910101 neg 0.4308622194350536 __DUMMY__ 0.06469223457393625	false	0.5
destruktiv	neg 1.0		off 0.48895806125139285 neg 0.4451592402444676 __DUMMY__ 0.06588269850413962	false	0.5
unzumutbarkeit	neg 1.0		off 0.49441807889247774 neg 0.4404104094398705 __DUMMY__ 0.06517151166765169	false	0.5
labil	off 1.0	off 1.0	off 0.7333745077868276 neg 0.23555470985971963 __DUMMY__ 0.031070782353452776	false	1.0
ziemlich	neg 1.0		off 0.49516931187328544 neg 0.4393793391171865 __DUMMY__ 0.06545134900952806	false	0.5
lachnummer	off 1.0		off 0.49100006780347233 neg 0.44293419032340275 __DUMMY__ 0.06606574187312489	false	1.0
oder			off 0.4907912509674985 neg 0.443165058508254 __DUMMY__ 0.06604369052424752	false	0.0
verfall	neg 1.0		off 0.48057105073271356 neg 0.45290636958291397 __DUMMY__ 0.06652257968437247	false	0.5
ausgrenzung	neg 1.0		off 0.49031883893864475 neg 0.4441655988060974 __DUMMY__ 0.06551556225525783	false	0.5
unordnung	neg 1.0		off 0.49777470086093434 neg 0.43747199143469123 __DUMMY__ 0.0647533077043745	false	0.5
fehlverhalten	neg 1.0		off 0.4862692181425877 neg 0.447341987348932 __DUMMY__ 0.06638879450848031	false	0.5
eine			off 0.4841172628431446 neg 0.44933605027808005 __DUMMY__ 0.06654668687877541	false	0.0
nille	neg 1.0		off 0.4899979877584235 neg 0.44405069877498793 __DUMMY__ 0.0659513134665885	false	0.5
qual	neg 1.0		off 0.48901627862919334 neg 0.4450297298095582 __DUMMY__ 0.06595399156124843	false	0.5
verschwenden	neg 1.0		off 0.4844326408069866 neg 0.44940961760914266 __DUMMY__ 0.06615774158387062	false	0.5
riesig	neg 1.0		off 0.4869082392347059 neg 0.4466810467324551 __DUMMY__ 0.06641071403283894	false	0.5
verurteilen	neg 1.0		off 0.4884079214288077 neg 0.44539838200679505 __DUMMY__ 0.06619369656439718	false	0.5
klischee	neg 1.0	neg 1.0	neg 0.7062756770794386 off 0.26263773467682566 __DUMMY__ 0.03108658824373572	false	1.0
diktatorisch	neg 1.0		off 0.4906665243018166 neg 0.4438061606007448 __DUMMY__ 0.06552731509743843	false	0.5
vorhersehbar	neg 1.0		off 0.491271273172255 neg 0.44326968479640727 __DUMMY__ 0.06545904203133762	false	0.5
sowie			off 0.4977645884729773 neg 0.43771361279559484 __DUMMY__ 0.06452179873142792	false	0.0
stornieren	neg 1.0		off 0.49577735595844974 neg 0.4379878910435914 __DUMMY__ 0.0662347529979588	false	0.5
besteuerung	neg 1.0	neg 1.0	neg 0.7094515138474594 off 0.25957038950944405 __DUMMY__ 0.030978096643096472	false	1.0
ungeschminkt	neg 1.0		off 0.4954343673225416 neg 0.43951880745752964 __DUMMY__ 0.0650468252199289	false	0.5
kritisch	neg 1.0		off 0.48762065230594465 neg 0.44618473378924917 __DUMMY__ 0.0661946139048062	false	0.5
schlamperei	off 1.0		off 0.48647484074677955 neg 0.4472158694150422 __DUMMY__ 0.06630928983817823	false	1.0
sucht	neg 1.0	neg 1.0	neg 0.7063985714128846 off 0.26223848939258787 __DUMMY__ 0.03136293919452758	false	1.0
egoistisch	off 1.0	off 1.0	off 0.7368718504721335 neg 0.2323400093608502 __DUMMY__ 0.030788140167016195	false	1.0
ausbeuter	off 1.0		off 0.484402538142632 neg 0.44945542195571225 __DUMMY__ 0.06614203990165567	false	1.0
arschgeburt	off 1.0		off 0.5053885147725097 neg 0.4311752007915896 __DUMMY__ 0.06343628443590064	false	1.0
schubs	neg 1.0		off 0.4851739038410893 neg 0.4488733163983263 __DUMMY__ 0.06595277976058428	false	0.5
unsolide	neg 1.0		off 0.49243522428030123 neg 0.441884587198374 __DUMMY__ 0.06568018852132465	false	0.5
beschwerde	neg 1.0		off 0.4885031621013911 neg 0.4452525834260028 __DUMMY__ 0.06624425447260594	false	0.5
stocken	neg 1.0		off 0.4865839252372649 neg 0.4472079368880334 __DUMMY__ 0.06620813787470169	false	0.5
isolieren	neg 1.0		off 0.48649210155344624 neg 0.4475677071943872 __DUMMY__ 0.06594019125216659	false	0.5
unheilbar	neg 1.0		off 0.4901464389029468 neg 0.4438428020871734 __DUMMY__ 0.06601075900987988	false	0.5
pisser	off 1.0	off 1.0	off 0.7352234110164376 neg 0.23391328176145398 __DUMMY__ 0.030863307222108404	false	1.0
löschen	neg 1.0		off 0.48975146970213884 neg 0.4444094969252977 __DUMMY__ 0.06583903337256347	false	0.5
durchfallen	neg 1.0		off 0.4877980862191754 neg 0.4459391455529381 __DUMMY__ 0.06626276822788657	false	0.5
wichser	off 1.0	off 1.0	off 0.7385480428873258 neg 0.23107242395297725 __DUMMY__ 0.03037953315969697	false	1.0
terror	neg 1.0		off 0.49246521371573104 neg 0.4419355909705042 __DUMMY__ 0.06559919531376482	false	0.5
krass	neg 1.0		off 0.4984805029691941 neg 0.436762304221144 __DUMMY__ 0.06475719280966188	false	0.5
revolte	neg 1.0		off 0.49104426427690556 neg 0.44372211469544465 __DUMMY__ 0.06523362102764972	false	0.5
besorgt	neg 1.0		off 0.48951435729979365 neg 0.44403987737337747 __DUMMY__ 0.06644576532682879	false	0.5
nachlassen	neg 1.0		off 0.487533485884698 neg 0.4461050750040762 __DUMMY__ 0.06636143911122575	false	0.5
alt	neg 1.0		off 0.4831512727066451 neg 0.4511500342763899 __DUMMY__ 0.065698693016965	false	0.5
hundesohn	off 1.0	off 1.0	off 0.7375469024038205 neg 0.23209295190731416 __DUMMY__ 0.030360145688865373	false	1.0
als			off 0.4873699056336595 neg 0.4465346031797908 __DUMMY__ 0.0660954911865496	false	0.0
abschreckung	neg 1.0		off 0.48529142779693213 neg 0.44828399968185756 __DUMMY__ 0.06642457252121035	false	0.5
unqualifiziert	neg 1.0		off 0.4940119620858037 neg 0.440428858387842 __DUMMY__ 0.06555917952635423	false	0.5
abgewichst	off 1.0		off 0.48966303185644944 neg 0.44428466965331925 __DUMMY__ 0.06605229849023125	false	1.0
schwer	neg 1.0		off 0.48928033852180525 neg 0.44466340782244956 __DUMMY__ 0.06605625365574513	false	0.5
bedeutungslosigkeit	neg 1.0		off 0.48566239596702504 neg 0.4479715174971408 __DUMMY__ 0.06636608653583415	false	0.5
kapitulation	neg 1.0		off 0.48584777635614396 neg 0.4481823956133262 __DUMMY__ 0.0659698280305299	false	0.5
unscharf	neg 1.0		off 0.48809393454176847 neg 0.44676695841760605 __DUMMY__ 0.06513910704062556	false	0.5
schwinden	neg 1.0		off 0.4837340769166788 neg 0.450220310399347 __DUMMY__ 0.0660456126839742	false	0.5
versklavung	neg 1.0	neg 1.0	neg 0.7077211896632006 off 0.261139986514989 __DUMMY__ 0.031138823821810307	false	1.0
schlecht	neg 1.0		off 0.4958311253045239 neg 0.43864245559467785 __DUMMY__ 0.0655264191007983	false	0.5
verhasst	neg 1.0		off 0.49099191283194804 neg 0.4432310244772964 __DUMMY__ 0.06577706269075552	false	0.5
beschweren	neg 1.0		off 0.49237615138309193 neg 0.44168587190273784 __DUMMY__ 0.06593797671417015	false	0.5
scheiden	neg 1.0		off 0.4894696936039298 neg 0.4446285300148624 __DUMMY__ 0.06590177638120763	false	0.5
frustriert	neg 1.0		off 0.48872257489303295 neg 0.4451119372264919 __DUMMY__ 0.06616548788047513	false	0.5
schimmelig	neg 1.0		off 0.48446718183140225 neg 0.4497327867275601 __DUMMY__ 0.0658000314410377	false	0.5
fisch	neg 1.0		off 0.48067417839198506 neg 0.453371574455467 __DUMMY__ 0.06595424715254804	false	0.5
schmuggel	neg 1.0		off 0.48627000135672405 neg 0.4468992514153852 __DUMMY__ 0.06683074722789066	false	0.5
auffallen	neg 1.0		off 0.49205752240521555 neg 0.44217056402475924 __DUMMY__ 0.0657719135700253	false	0.5
konkurrenz	neg 1.0		off 0.48655311785321664 neg 0.4468234511101714 __DUMMY__ 0.06662343103661196	false	0.5
teufelskreis	neg 1.0	neg 1.0	neg 0.708899795428727 off 0.2598360136197424 __DUMMY__ 0.03126419095153063	false	1.0
aufschreien	neg 1.0		off 0.49168502668114866 neg 0.4427577990779964 __DUMMY__ 0.065557174240855	false	0.5
schuldner	neg 1.0		off 0.4826187379442089 neg 0.4514773750717378 __DUMMY__ 0.06590388698405325	false	0.5
missgeburt	off 1.0	off 1.0	off 0.7377544121730786 neg 0.23164441118624374 __DUMMY__ 0.030601176640677744	false	1.0
arbeitslos	neg 1.0		off 0.4873078498306231 neg 0.44647777035744246 __DUMMY__ 0.06621437981193451	false	0.5
befallen	neg 1.0		off 0.48583040410554285 neg 0.4485909539807322 __DUMMY__ 0.0655786419137249	false	0.5
miesepetrig	off 1.0	off 1.0	off 0.733562903228611 neg 0.23534817110953457 __DUMMY__ 0.031088925661854543	false	1.0
alarmieren	neg 1.0		off 0.494701402506433 neg 0.4397339076562374 __DUMMY__ 0.06556468983732963	false	0.5
ungeduscht	off 1.0		off 0.49248431772374035 neg 0.44222521565585315 __DUMMY__ 0.06529046662040636	false	1.0
knappheit	neg 1.0		off 0.48485607772557654 neg 0.4494267382330499 __DUMMY__ 0.06571718404137354	false	0.5
schlange	neg 1.0		off 0.4905751409083389 neg 0.4433947334311842 __DUMMY__ 0.066030125660477	false	0.5
harsch	neg 1.0		off 0.4994207202089428 neg 0.43550517413083195 __DUMMY__ 0.06507410566022531	false	0.5
lang	neg 1.0		off 0.49072104980301895 neg 0.4434690876879425 __DUMMY__ 0.06580986250903847	false	0.5
ziellos	neg 1.0		off 0.4865066617163614 neg 0.4470247075644457 __DUMMY__ 0.06646863071919268	false	0.5
selbstverliebt	neg 1.0		off 0.5049784921346065 neg 0.43095306285221774 __DUMMY__ 0.06406844501317566	false	0.5
beseitigen	neg 1.0		off 0.49082234541587594 neg 0.4430038822977352 __DUMMY__ 0.06617377228638878	false	0.5
dumm	off 1.0		off 0.5003304197213853 neg 0.4351070301498456 __DUMMY__ 0.06456255012876902	false	1.0
arbeitsloser	neg 1.0		off 0.4912746746779063 neg 0.4419155927185506 __DUMMY__ 0.06680973260354305	false	0.5
blitzen	neg 1.0		off 0.49258523331436943 neg 0.4419766648542745 __DUMMY__ 0.06543810183135616	false	0.5
hilflos	neg 1.0		off 0.48731382184313393 neg 0.44650339691192575 __DUMMY__ 0.06618278124494026	false	0.5
eklig	off 1.0		off 0.49937879686761566 neg 0.43632931585529394 __DUMMY__ 0.06429188727709038	false	1.0
begriff			off 0.4894906590087766 neg 0.444470936968371 __DUMMY__ 0.0660384040228524	false	0.0
hungersnot	neg 1.0		off 0.4861721553710248 neg 0.4479237399865824 __DUMMY__ 0.06590410464239291	false	0.5
ungesetzlich	neg 1.0		off 0.4910525087006215 neg 0.4433571258664018 __DUMMY__ 0.06559036543297675	false	0.5
verschwendung	neg 1.0		off 0.48525385597101844 neg 0.44843776611921693 __DUMMY__ 0.0663083779097645	false	0.5
schmerzvoll	neg 1.0		off 0.49011832757862855 neg 0.44420645172374096 __DUMMY__ 0.0656752206976305	false	0.5
vorzeitig	neg 1.0		off 0.4952023306985691 neg 0.4392394365203541 __DUMMY__ 0.0655582327810767	false	0.5
unvollkommenheit	neg 1.0		off 0.4876773289635973 neg 0.44631501338557333 __DUMMY__ 0.06600765765082943	false	0.5
intervenieren	neg 1.0		off 0.4842775198540032 neg 0.44974192034317767 __DUMMY__ 0.06598055980281911	false	0.5
banause	off 1.0		off 0.49887509834215527 neg 0.4372947073163851 __DUMMY__ 0.06383019434145958	false	1.0
rebell	neg 1.0		off 0.47934140127683883 neg 0.4544478802767488 __DUMMY__ 0.06621071844641242	false	0.5
unlogisch	neg 1.0		off 0.4963518329065925 neg 0.4386727318823208 __DUMMY__ 0.06497543521108666	false	0.5
leiden	neg 1.0		off 0.48710793501273736 neg 0.4460285589176096 __DUMMY__ 0.06686350606965298	false	0.5
abschaffung	neg 1.0		off 0.48872891000877955 neg 0.44575416135606966 __DUMMY__ 0.0655169286351508	false	0.5
sturz	neg 1.0		off 0.49414892449748715 neg 0.43969354880536715 __DUMMY__ 0.06615752669714571	false	0.5
verkleinerung	neg 1.0		off 0.4900918112981513 neg 0.44494374745165577 __DUMMY__ 0.06496444125019285	false	0.5
schmarotzer	off 1.0		off 0.4882374541811027 neg 0.4456330986888148 __DUMMY__ 0.06612944713008241	false	1.0
bestrafung	neg 1.0	neg 1.0	neg 0.7068260642440805 off 0.2617743595830968 __DUMMY__ 0.03139957617282263	false	1.0
achtlos	neg 1.0		off 0.48931223450313344 neg 0.44444000962210634 __DUMMY__ 0.06624775587476034	false	0.5
ungeheuer	neg 1.0		off 0.4881830664926205 neg 0.4462064771209253 __DUMMY__ 0.06561045638645424	false	0.5
unaufrichtig	neg 1.0		off 0.49393883067596894 neg 0.4405039677932635 __DUMMY__ 0.06555720153076762	false	0.5
groggy	neg 1.0		off 0.4932405479925448 neg 0.44103212856921187 __DUMMY__ 0.06572732343824342	false	0.5
