unsolidarisch	neg 1.0		off 0.48885917597221684 neg 0.4455254118110025 __DUMMY__ 0.06561541221678072	false	0.5
nachteilig	neg 1.0		off 0.4869911985419461 neg 0.4466003848222438 __DUMMY__ 0.06640841663581007	false	0.5
skeptisch	neg 1.0		off 0.48534756464879364 neg 0.4482194907033468 __DUMMY__ 0.06643294464785962	false	0.5
schrecklich	neg 1.0		off 0.4975254051063485 neg 0.43745279946954474 __DUMMY__ 0.06502179542410666	false	0.5
schlapp	neg 1.0	neg 1.0	neg 0.7051917911078229 off 0.26372718271863127 __DUMMY__ 0.031081026173545835	false	1.0
abfall	neg 1.0		off 0.48391021155995256 neg 0.4491423600413819 __DUMMY__ 0.06694742839866548	false	0.5
widerspenstig	neg 1.0		off 0.4879317808749159 neg 0.4462386380576913 __DUMMY__ 0.06582958106739281	false	0.5
abrupt	neg 1.0		off 0.48340775372321854 neg 0.4503811380469639 __DUMMY__ 0.06621110822981757	false	0.5
unwirksam	neg 1.0		off 0.48554736987132496 neg 0.44928995329474014 __DUMMY__ 0.06516267683393481	false	0.5
angreifen	neg 1.0		off 0.4852130949698956 neg 0.4482366048937694 __DUMMY__ 0.06655030013633512	false	0.5
inkonsistent	neg 1.0		off 0.490117383520122 neg 0.4445038033719212 __DUMMY__ 0.06537881310795686	false	0.5
abrutschen	neg 1.0		off 0.4829993253910708 neg 0.4501231903115816 __DUMMY__ 0.06687748429734758	false	0.5
unsicher	neg 1.0		off 0.4900923025551334 neg 0.44380772109605005 __DUMMY__ 0.06609997634881645	false	0.5
bauernkind	off 1.0	off 1.0	off 0.7341787929208284 neg 0.23542410681000414 __DUMMY__ 0.03039710026916742	false	1.0
angreifer	neg 1.0		off 0.4956700559885515 neg 0.4383001384311105 __DUMMY__ 0.06602980558033796	false	0.5
trennen	neg 1.0		off 0.48549913878517736 neg 0.4478490365879072 __DUMMY__ 0.06665182462691542	false	0.5
schmutz	neg 1.0		off 0.49583699673927656 neg 0.43792051763480344 __DUMMY__ 0.06624248562591997	false	0.5
inkonsistenz	neg 1.0		off 0.4939953697601507 neg 0.4405398715778902 __DUMMY__ 0.06546475866195914	false	0.5
erschreckend	neg 1.0		off 0.488818934638651 neg 0.4451409338509074 __DUMMY__ 0.06604013151044154	false	0.5
ertrinken	neg 1.0		off 0.4835153285274431 neg 0.4500994200245349 __DUMMY__ 0.06638525144802203	false	0.5
pickelface	off 1.0		off 0.4896372914558568 neg 0.44451430795743724 __DUMMY__ 0.06584840058670596	false	1.0
seiner			off 0.4861725059430453 neg 0.447214265002572 __DUMMY__ 0.06661322905438256	false	0.0
lauch	neg 1.0	neg 1.0	neg 0.7107979738642298 off 0.257460216179764 __DUMMY__ 0.03174180995600608	false	1.0
unwichtig	neg 1.0		off 0.49392029229444817 neg 0.440612938139968 __DUMMY__ 0.06546676956558382	false	0.5
steuerhinterziehung	neg 1.0		off 0.4880970402123046 neg 0.44602389609156906 __DUMMY__ 0.0658790636961262	false	0.5
schock	neg 1.0		off 0.48825404199369987 neg 0.44557461847522917 __DUMMY__ 0.0661713395310708	false	0.5
beule	neg 1.0		off 0.4948100937546487 neg 0.4401609049913289 __DUMMY__ 0.06502900125402225	false	0.5
vergelten	neg 1.0		off 0.49872200763898583 neg 0.4362947549726598 __DUMMY__ 0.06498323738835442	false	0.5
verdorbenheit	neg 1.0		off 0.49061685282174644 neg 0.44354095862439347 __DUMMY__ 0.06584218855386004	false	0.5
trauma	neg 1.0		off 0.4901313070488246 neg 0.4441552587617443 __DUMMY__ 0.06571343418943112	false	0.5
sinnlos	neg 1.0		off 0.4913351978219053 neg 0.4428888735665959 __DUMMY__ 0.06577592861149874	false	0.5
fettsack	off 1.0	off 1.0	off 0.7354531096714967 neg 0.23410869376970123 __DUMMY__ 0.03043819655880216	false	1.0
feige	off 1.0	off 1.0	off 0.733888500859095 neg 0.2350986861818534 __DUMMY__ 0.03101281295905166	false	1.0
abdanken	neg 1.0		off 0.4905752091735004 neg 0.44321648495910676 __DUMMY__ 0.06620830586739293	false	0.5
wichtigtuer	off 1.0	off 1.0	off 0.7330351870352816 neg 0.23566407672823542 __DUMMY__ 0.031300736236482864	false	1.0
misslingen	neg 1.0		off 0.49270924858682813 neg 0.44117448219385946 __DUMMY__ 0.0661162692193124	false	0.5
untreu	off 1.0		off 0.49487977885928086 neg 0.4397976264982367 __DUMMY__ 0.06532259464248234	false	1.0
missmutig	neg 1.0		off 0.4923586630706295 neg 0.44212308219911184 __DUMMY__ 0.06551825473025873	false	0.5
hurenbock	off 1.0		off 0.48545996372376204 neg 0.44933280734732345 __DUMMY__ 0.0652072289289145	false	1.0
betrunken	neg 1.0		off 0.49630904638196277 neg 0.43860624337707577 __DUMMY__ 0.06508471024096149	false	0.5
korrupt	off 1.0		off 0.4871664258380658 neg 0.44698665443990987 __DUMMY__ 0.06584691972202443	false	1.0
unmut	neg 1.0		off 0.48402820725951035 neg 0.4493198686327162 __DUMMY__ 0.06665192410777349	false	0.5
hackfresse	off 1.0		off 0.5012007067818872 neg 0.43429804258752497 __DUMMY__ 0.06450125063058784	false	1.0
aufblasen	neg 1.0		off 0.48970288500941717 neg 0.4443925886546897 __DUMMY__ 0.0659045263358932	false	0.5
gewaltsam	neg 1.0		off 0.4907566057993 neg 0.4430199062368622 __DUMMY__ 0.0662234879638377	false	0.5
unbeliebtheit	neg 1.0		off 0.4950961505655142 neg 0.4395743444534736 __DUMMY__ 0.06532950498101225	false	0.5
sturheit	neg 1.0		off 0.4900836415970122 neg 0.4436594133188355 __DUMMY__ 0.06625694508415246	false	0.5
kuh	neg 1.0		off 0.4851840036070703 neg 0.4503365448782548 __DUMMY__ 0.06447945151467477	false	0.5
erschrecken	neg 1.0		off 0.4931152765160091 neg 0.4413228403490072 __DUMMY__ 0.06556188313498365	false	0.5
opfer	neg 1.0		off 0.4891400790287311 neg 0.444158807048919 __DUMMY__ 0.06670111392235005	false	0.5
sinken	neg 1.0		off 0.482729745078748 neg 0.4509554546418574 __DUMMY__ 0.06631480027939461	false	0.5
stinktier	neg 1.0		off 0.49486520741076323 neg 0.4411005559157346 __DUMMY__ 0.06403423667350208	false	0.5
tucke	off 1.0		off 0.4993621022263374 neg 0.4369438816934886 __DUMMY__ 0.06369401608017408	false	1.0
ein			off 0.48670357240595374 neg 0.4475825497622702 __DUMMY__ 0.06571387783177604	false	0.0
abstieg	neg 1.0		off 0.49068531695142475 neg 0.44265989499006064 __DUMMY__ 0.06665478805851463	false	0.5
missverstehen	neg 1.0		off 0.49226524616320416 neg 0.44203476934641184 __DUMMY__ 0.06569998449038406	false	0.5
ergebnislos	neg 1.0		off 0.4881717485463729 neg 0.4452087440123294 __DUMMY__ 0.06661950744129777	false	0.5
unter			off 0.4808543963575697 neg 0.4516852470422535 __DUMMY__ 0.06746035660017688	false	0.0
manipulieren	neg 1.0		off 0.4864257840341694 neg 0.4470589075179818 __DUMMY__ 0.0665153084478489	false	0.5
unbewiesen	neg 1.0	neg 1.0	neg 0.7067953374343664 off 0.2618650978692571 __DUMMY__ 0.031339564696376505	false	1.0
verschleppen	neg 1.0		off 0.4872000420691156 neg 0.4465823272017692 __DUMMY__ 0.06621763072911516	false	0.5
weib	off 1.0		off 0.5011589205272374 neg 0.4348623176171673 __DUMMY__ 0.06397876185559527	false	1.0
opposition	neg 1.0		off 0.48984009379572185 neg 0.444581534238327 __DUMMY__ 0.06557837196595108	false	0.5
verkehrswidrig	neg 1.0		off 0.5004908481809471 neg 0.4343933259666483 __DUMMY__ 0.06511582585240445	false	0.5
inkorrekt	neg 1.0		off 0.4970133910942079 neg 0.4380069915958708 __DUMMY__ 0.06497961730992118	false	0.5
vermeiden	neg 1.0		off 0.4826019655957206 neg 0.4504685200601674 __DUMMY__ 0.0669295143441119	false	0.5
abweichung	neg 1.0	neg 1.0	neg 0.7073596358597101 off 0.2609909439597712 __DUMMY__ 0.03164942018051875	false	1.0
alkoholisiert	neg 1.0		off 0.4888098917836624 neg 0.4442021684883024 __DUMMY__ 0.06698793972803517	false	0.5
scheiss	off 1.0	off 1.0	off 0.7340694654810475 neg 0.2350875759861641 __DUMMY__ 0.030842958532788473	false	1.0
herausforderung	neg 1.0		off 0.48739592119460473 neg 0.44637660196993184 __DUMMY__ 0.06622747683546334	false	0.5
pervers	off 1.0		off 0.5041363107351797 neg 0.43197719189371175 __DUMMY__ 0.0638864973711087	false	1.0
wackelig	neg 1.0		off 0.4879837511535671 neg 0.44567561014293905 __DUMMY__ 0.06634063870349373	false	0.5
verwickeln	neg 1.0		off 0.4916904047672491 neg 0.4424868544321187 __DUMMY__ 0.0658227408006322	false	0.5
vorwand	neg 1.0		off 0.48465930348826036 neg 0.4487863962096298 __DUMMY__ 0.06655430030210988	false	0.5
muschi	off 1.0		off 0.4895895590703081 neg 0.4443160005244044 __DUMMY__ 0.06609444040528742	false	1.0
entmutigung	neg 1.0		off 0.4892790999603302 neg 0.4454264498994601 __DUMMY__ 0.06529445014020961	false	0.5
unangemessen	neg 1.0		off 0.48916128144943505 neg 0.44465670340001723 __DUMMY__ 0.06618201515054781	false	0.5
unstetig	neg 1.0		off 0.4924008528405923 neg 0.4421829721325902 __DUMMY__ 0.06541617502681753	false	0.5
entmutigen	neg 1.0		off 0.49046155387901674 neg 0.44366193960094563 __DUMMY__ 0.06587650652003743	false	0.5
schwanz	neg 1.0		off 0.4867649453328424 neg 0.44710087982544533 __DUMMY__ 0.06613417484171233	false	0.5
verbot	neg 1.0		off 0.48732284563431577 neg 0.4467196156498808 __DUMMY__ 0.06595753871580348	false	0.5
leid	neg 1.0		off 0.4986159394089305 neg 0.4365953919301602 __DUMMY__ 0.06478866866090942	false	0.5
archaisch	neg 1.0		off 0.487370662018603 neg 0.4466561712547446 __DUMMY__ 0.0659731667266523	false	0.5
gegen			off 0.48608380220653774 neg 0.4470508684556684 __DUMMY__ 0.0668653293377939	false	0.0
scheidung	neg 1.0		off 0.5105810290273086 neg 0.4252916405973884 __DUMMY__ 0.06412733037530313	false	0.5
einschlag	neg 1.0		off 0.5003162500984936 neg 0.43430371945892027 __DUMMY__ 0.06538003044258624	false	0.5
m			off 0.48793813437766137 neg 0.44584125685386844 __DUMMY__ 0.0662206087684703	false	0.0
abgestanden	neg 1.0		off 0.4840747933340457 neg 0.45088616239370277 __DUMMY__ 0.06503904427225168	false	0.5
schmierig	off 1.0		off 0.4979595033223369 neg 0.43727027626183196 __DUMMY__ 0.06477022041583119	false	1.0
unpraktisch	neg 1.0		off 0.4912543402334838 neg 0.44285716460856595 __DUMMY__ 0.06588849515795035	false	0.5
wixxer	off 1.0		off 0.5029803358939013 neg 0.43339951952111966 __DUMMY__ 0.06362014458497905	false	1.0
bezeichnet			off 0.4907201449783723 neg 0.4432043118313613 __DUMMY__ 0.06607554319026646	false	0.0
jammerlappen	off 1.0		off 0.4941673344230988 neg 0.4403876219805256 __DUMMY__ 0.06544504359637549	false	1.0
farce	neg 1.0		off 0.4881190299983736 neg 0.4461826048202462 __DUMMY__ 0.06569836518138024	false	0.5
zwecklos	neg 1.0		off 0.4874259216943423 neg 0.4464305602401451 __DUMMY__ 0.0661435180655127	false	0.5
turbulent	neg 1.0		off 0.4947693014046263 neg 0.4402389391344266 __DUMMY__ 0.064991759460947	false	0.5
invasion	neg 1.0		off 0.4916182179681099 neg 0.4427372910743655 __DUMMY__ 0.06564449095752461	false	0.5
schuld	neg 1.0		off 0.49098619154451156 neg 0.4431230052612874 __DUMMY__ 0.06589080319420092	false	0.5
risiko	neg 1.0		off 0.48889808807295765 neg 0.44576335644449977 __DUMMY__ 0.0653385554825425	false	0.5
finster	neg 1.0		off 0.4870633016142274 neg 0.4473155884907711 __DUMMY__ 0.0656211098950016	false	0.5
geisteskrank	off 1.0		off 0.49628612450637427 neg 0.43854771892713285 __DUMMY__ 0.06516615656649292	false	1.0
zusammenbrechen	neg 1.0		off 0.487289645893005 neg 0.44662601715444894 __DUMMY__ 0.06608433695254605	false	0.5
ausbeute	neg 1.0		off 0.4910922543649051 neg 0.4424506144743518 __DUMMY__ 0.06645713116074307	false	0.5
hinterhalt	neg 1.0		off 0.4875055475903576 neg 0.4465405647392537 __DUMMY__ 0.06595388767038868	false	0.5
kritik	neg 1.0		off 0.48793858745309254 neg 0.44632597942016844 __DUMMY__ 0.065735433126739	false	0.5
einschrumpfen	neg 1.0		off 0.4923235543486252 neg 0.44258456514786954 __DUMMY__ 0.06509188050350527	false	0.5
riskant	neg 1.0		off 0.48489730201585773 neg 0.44878875816187297 __DUMMY__ 0.06631393982226928	false	0.5
frustrieren	neg 1.0		off 0.4855094486749843 neg 0.44829902678410705 __DUMMY__ 0.06619152454090865	false	0.5
groll	neg 1.0		off 0.4890399165148861 neg 0.4446185305212458 __DUMMY__ 0.06634155296386808	false	0.5
gibt			off 0.48747325249576423 neg 0.44630677965057897 __DUMMY__ 0.06621996785365679	false	0.0
qualvoll	neg 1.0		off 0.4914353651161273 neg 0.44282586372982735 __DUMMY__ 0.06573877115404522	false	0.5
wackeln	neg 1.0		off 0.48944028611387247 neg 0.4445551887460799 __DUMMY__ 0.06600452514004773	false	0.5
klagen	neg 1.0		off 0.4842227892257737 neg 0.4493460816205148 __DUMMY__ 0.06643112915371151	false	0.5
bankrott	neg 1.0		off 0.4942589922122753 neg 0.4401569488707994 __DUMMY__ 0.06558405891692522	false	0.5
trauern	neg 1.0		off 0.48925363938010125 neg 0.44378744959865357 __DUMMY__ 0.06695891102124506	false	0.5
ablehnung	neg 1.0		off 0.4873024669463388 neg 0.44690699700543823 __DUMMY__ 0.06579053604822285	false	0.5
stur	neg 1.0		off 0.49049111579613386 neg 0.44370025636698174 __DUMMY__ 0.06580862783688433	false	0.5
aufruhr	neg 1.0	neg 1.0	neg 0.706763397060305 off 0.2617829022093277 __DUMMY__ 0.031453700730367254	false	1.0
melancholie	neg 1.0		off 0.48330564269243004 neg 0.45058630348611906 __DUMMY__ 0.0661080538214508	false	0.5
ist			off 0.49092266253115796 neg 0.44330527656141605 __DUMMY__ 0.06577206090742613	false	0.0
torheit	neg 1.0		off 0.4905856624778442 neg 0.4436132536972179 __DUMMY__ 0.06580108382493799	false	0.5
dreckskind	off 1.0		off 0.5010727144433729 neg 0.4347191420095676 __DUMMY__ 0.06420814354705943	false	1.0
umtauschen	neg 1.0		off 0.48880263375387123 neg 0.4452193541387827 __DUMMY__ 0.06597801210734602	false	0.5
zum			off 0.4863933775453401 neg 0.44611013224986407 __DUMMY__ 0.06749649020479588	false	0.0
zersetzen	neg 1.0		off 0.4843469891441849 neg 0.44940241027005595 __DUMMY__ 0.06625060058575909	false	0.5
zur			off 0.48310132882063117 neg 0.4499209380248195 __DUMMY__ 0.06697773315454943	false	0.0
frust	neg 1.0		off 0.4875540048413391 neg 0.4462627202139845 __DUMMY__ 0.06618327494467655	false	0.5
unerbittlichkeit	neg 1.0		off 0.48673093013615365 neg 0.4468347287660646 __DUMMY__ 0.06643434109778174	false	0.5
zwei			off 0.48321389354128547 neg 0.44968843181364654 __DUMMY__ 0.067097674645068	false	0.0
unkorrekt	neg 1.0		off 0.4960941431705091 neg 0.4388009286466884 __DUMMY__ 0.06510492818280263	false	0.5
hexe	off 1.0		off 0.49069072501379535 neg 0.44436027800976347 __DUMMY__ 0.06494899697644116	false	1.0
lasch	neg 1.0		off 0.4939222505737205 neg 0.4404721063325194 __DUMMY__ 0.06560564309376019	false	0.5
rivale	neg 1.0		off 0.4975154867672684 neg 0.4374800379590829 __DUMMY__ 0.06500447527364869	false	0.5
mutlos	off 1.0	off 1.0	off 0.7299274252848904 neg 0.23854663507544327 __DUMMY__ 0.03152593963966627	false	1.0
wirr	off 1.0		off 0.4971156514024203 neg 0.438084004832735 __DUMMY__ 0.06480034376484467	false	1.0
jahr			off 0.48955940237711065 neg 0.4433742462191641 __DUMMY__ 0.0670663514037252	false	0.0
wird			off 0.48739431250018544 neg 0.4462717220118611 __DUMMY__ 0.06633396548795337	false	0.0
strafbar	neg 1.0		off 0.48696485874589823 neg 0.4465490278516595 __DUMMY__ 0.06648611340244223	false	0.5
erosion	neg 1.0		off 0.4901328001912511 neg 0.4438727523164482 __DUMMY__ 0.06599444749230059	false	0.5
eingehen	neg 1.0		off 0.4853224890103786 neg 0.44847373049442546 __DUMMY__ 0.06620378049519593	false	0.5
faul	off 1.0		off 0.49354833475774507 neg 0.4409233903427573 __DUMMY__ 0.06552827489949752	false	1.0
provisorium	neg 1.0		off 0.4816044795935529 neg 0.45084289450771703 __DUMMY__ 0.06755262589872997	false	0.5
schmerzen	neg 1.0		off 0.48757084465323813 neg 0.446509429156632 __DUMMY__ 0.06591972619012987	false	0.5
schrumpfen	neg 1.0		off 0.480185791404356 neg 0.45331649995861834 __DUMMY__ 0.06649770863702577	false	0.5
geistlos	off 1.0		off 0.4907969630390773 neg 0.44379926379659 __DUMMY__ 0.06540377316433271	false	1.0
fehlkauf	neg 1.0		off 0.4910790218880455 neg 0.443372697562276 __DUMMY__ 0.06554828054967853	false	0.5
frustrierend	neg 1.0		off 0.4925010255848419 neg 0.442008416181712 __DUMMY__ 0.06549055823344604	false	0.5
unzufrieden	neg 1.0		off 0.48759389695158395 neg 0.4461838910553087 __DUMMY__ 0.06622221199310742	false	0.5
verzweifeln	neg 1.0		off 0.48886126340930997 neg 0.4450244491983456 __DUMMY__ 0.06611428739234446	false	0.5
verzweifelt	neg 1.0		off 0.4904267119223523 neg 0.4437824017751022 __DUMMY__ 0.0657908863025454	false	0.5
misstrauensantrag	neg 1.0		off 0.4909074404852858 neg 0.4434494574238895 __DUMMY__ 0.06564310209082463	false	0.5
abfallen	neg 1.0		off 0.4889857828314651 neg 0.4451804700878173 __DUMMY__ 0.06583374708071767	false	0.5
fucker	off 1.0		off 0.49746355553119675 neg 0.4373696767537808 __DUMMY__ 0.06516676771502244	false	1.0
ungezogen	neg 1.0		off 0.5028168898209102 neg 0.4329585905786904 __DUMMY__ 0.06422451960039942	false	0.5
irrsinnig	neg 1.0	neg 1.0	neg 0.7072744299904331 off 0.26143248586601925 __DUMMY__ 0.03129308414354765	false	1.0
unfassbar	neg 1.0		off 0.49531311620512963 neg 0.4392832427944138 __DUMMY__ 0.06540364100045659	false	0.5
hart	neg 1.0		off 0.4906468464270221 neg 0.444770735690505 __DUMMY__ 0.06458241788247292	false	0.5
widerlich	off 1.0		off 0.49515861008895573 neg 0.4396056450726309 __DUMMY__ 0.06523574483841336	false	1.0
fatal	neg 1.0	neg 1.0	neg 0.7077843638429051 off 0.2611963052089423 __DUMMY__ 0.031019330948152603	false	1.0
bruch	neg 1.0		off 0.48462352037316636 neg 0.4485652891796697 __DUMMY__ 0.066811190447164	false	0.5
aushungern	neg 1.0		off 0.4875958833963125 neg 0.44644970712077175 __DUMMY__ 0.06595440948291577	false	0.5
anspannung	neg 1.0		off 0.483941693255295 neg 0.44886741923531387 __DUMMY__ 0.067190887509391	false	0.5
von			off 0.4851329160130591 neg 0.4483102463990676 __DUMMY__ 0.06655683758787341	false	0.0
kraftlos	neg 1.0		off 0.48691834198028233 neg 0.44685689724449607 __DUMMY__ 0.06622476077522171	false	0.5
vom			off 0.48350250705396336 neg 0.4487601811678418 __DUMMY__ 0.06773731177819477	false	0.0
grenzdebil	off 1.0		off 0.49451813998776717 neg 0.4402868998677089 __DUMMY__ 0.06519496014452382	false	1.0
vor			off 0.48429303931851053 neg 0.4489966422909243 __DUMMY__ 0.06671031839056524	false	0.0
unterwerfen	neg 1.0		off 0.48763511419943556 neg 0.445921363609028 __DUMMY__ 0.06644352219153647	false	0.5
versenkung	neg 1.0		off 0.4870152496007504 neg 0.4464916233745263 __DUMMY__ 0.06649312702472321	false	0.5
entziehen	neg 1.0		off 0.4844442354179833 neg 0.44900778317578827 __DUMMY__ 0.06654798140622849	false	0.5
finanzkrise	neg 1.0		off 0.48379209116623995 neg 0.45109897870538257 __DUMMY__ 0.06510893012837753	false	0.5
schimpfend	neg 1.0		off 0.49148472075463 neg 0.442456151814917 __DUMMY__ 0.06605912743045304	false	0.5
profan	neg 1.0		off 0.4911225649627107 neg 0.44325469894270003 __DUMMY__ 0.06562273609458921	false	0.5
korruption	neg 1.0		off 0.4862239127633739 neg 0.4479046613491774 __DUMMY__ 0.06587142588744868	false	0.5
â			off 0.4867438542110212 neg 0.44707622261871605 __DUMMY__ 0.06617992317026292	false	0.0
schmutzig	neg 1.0		off 0.49507162628783563 neg 0.4396810785649551 __DUMMY__ 0.06524729514720916	false	0.5
sexy	neg 1.0		off 0.49343979793847426 neg 0.4409264221878402 __DUMMY__ 0.06563377987368557	false	0.5
abraten	neg 1.0		off 0.49153031194540464 neg 0.4426675205273507 __DUMMY__ 0.06580216752724469	false	0.5
schwarz	neg 1.0		off 0.4916699283732128 neg 0.44259048174866855 __DUMMY__ 0.06573958987811859	false	0.5
fotze	off 1.0	off 1.0	off 0.7303674162353035 neg 0.23813623847022758 __DUMMY__ 0.03149634529446897	false	1.0
verwirren	neg 1.0		off 0.4920344287074394 neg 0.4422560543779123 __DUMMY__ 0.06570951691464812	false	0.5
zahnlos	off 1.0		off 0.4884733004764576 neg 0.4453961093903951 __DUMMY__ 0.06613059013314723	false	1.0
verheeren	neg 1.0		off 0.5044170991881141 neg 0.4314010183993947 __DUMMY__ 0.06418188241249116	false	0.5
hippie	neg 1.0		off 0.49266050743544165 neg 0.44174906821131465 __DUMMY__ 0.06559042435324369	false	0.5
rammen	neg 1.0		off 0.4897173086542827 neg 0.4444623838350548 __DUMMY__ 0.06582030751066235	false	0.5
unlauter	neg 1.0		off 0.49030992418201863 neg 0.4441469573295677 __DUMMY__ 0.0655431184884137	false	0.5
unheilvoll	neg 1.0		off 0.4896826472376058 neg 0.4446459540972712 __DUMMY__ 0.06567139866512295	false	0.5
niedrig	neg 1.0		off 0.4851231156297521 neg 0.4489231311817558 __DUMMY__ 0.06595375318849205	false	0.5
explosion	neg 1.0		off 0.49284069158005284 neg 0.4415220522107591 __DUMMY__ 0.06563725620918812	false	0.5
weichei	off 1.0	off 1.0	off 0.7357826537909196 neg 0.2336352352055474 __DUMMY__ 0.030582111003532936	false	1.0
minusmensch	off 1.0		off 0.5026474853422834 neg 0.433386838291572 __DUMMY__ 0.06396567636614461	false	1.0
farblos	neg 1.0		off 0.4902099158938215 neg 0.44405393858445796 __DUMMY__ 0.06573614552172066	false	0.5
unwissend	neg 1.0	neg 1.0	neg 0.7057052279011872 off 0.26323977253021547 __DUMMY__ 0.03105499956859732	false	1.0
traurig	neg 1.0		off 0.4973352558819993 neg 0.4375730085046978 __DUMMY__ 0.06509173561330277	false	0.5
senkung	neg 1.0		off 0.4890093081242154 neg 0.4458753022463847 __DUMMY__ 0.06511538962939972	false	0.5
ungleich	neg 1.0	neg 1.0	neg 0.7089276088142649 off 0.2595323059928356 __DUMMY__ 0.031540085192899484	false	1.0
heikel	neg 1.0		off 0.48586792429612147 neg 0.4477178100693309 __DUMMY__ 0.06641426563454769	false	0.5
drosselung	neg 1.0		off 0.4920544048721538 neg 0.4432098094888907 __DUMMY__ 0.06473578563895553	false	0.5
falsch	neg 1.0		off 0.4937862415042017 neg 0.44058383552882147 __DUMMY__ 0.0656299229669769	false	0.5
unzufriedenheit	neg 1.0		off 0.4839316212210928 neg 0.4498901066136551 __DUMMY__ 0.06617827216525206	false	0.5
kurz	neg 1.0		off 0.48882184513342636 neg 0.4448137813875828 __DUMMY__ 0.06636437347899095	false	0.5
unsinnig	neg 1.0		off 0.4874270575974315 neg 0.446735688610693 __DUMMY__ 0.06583725379187541	false	0.5
penner	off 1.0	off 1.0	off 0.7371790969789513 neg 0.23224938202607384 __DUMMY__ 0.030571520994974868	false	1.0
seicht	neg 1.0		off 0.5002613637603206 neg 0.43572210451339577 __DUMMY__ 0.06401653172628374	false	0.5
dummheit	off 1.0	off 1.0	off 0.7321637437518461 neg 0.23669997662041087 __DUMMY__ 0.031136279627742965	false	1.0
unerfreulich	neg 1.0		off 0.48517072112680787 neg 0.4484464259952789 __DUMMY__ 0.06638285287791329	false	0.5
motherfucker	off 1.0	off 1.0	off 0.7349566022497829 neg 0.23410023320225168 __DUMMY__ 0.03094316454796543	false	1.0
pikiert	neg 1.0		off 0.4938021891182666 neg 0.4409153407432275 __DUMMY__ 0.06528247013850592	false	0.5
wrack	neg 1.0		off 0.49191696321175615 neg 0.44129263396134905 __DUMMY__ 0.06679040282689475	false	0.5
gangster	neg 1.0		off 0.4927969259904243 neg 0.4416445699918173 __DUMMY__ 0.06555850401775848	false	0.5
krank	neg 1.0		off 0.49592401559397875 neg 0.4386827931985082 __DUMMY__ 0.06539319120751312	false	0.5
reich	neg 1.0		off 0.49047714213009186 neg 0.44450899001892574 __DUMMY__ 0.06501386785098241	false	0.5
gnadenlos	neg 1.0		off 0.4909965584169739 neg 0.4430434925037652 __DUMMY__ 0.06595994907926091	false	0.5
niedergeschlagen	neg 1.0		off 0.48901461706728405 neg 0.4445119163777179 __DUMMY__ 0.06647346655499817	false	0.5
terrorisieren	off 1.0	off 1.0	off 0.7299586068434609 neg 0.23836350693150168 __DUMMY__ 0.03167788622503732	false	1.0
sinnlosigkeit	neg 1.0		off 0.4878464799220633 neg 0.4460100608455415 __DUMMY__ 0.06614345923239512	false	0.5
behindern	neg 1.0		off 0.48870116313706313 neg 0.44543070373934657 __DUMMY__ 0.06586813312359027	false	0.5
undemokratisch	neg 1.0		off 0.4907182386949172 neg 0.4437207551603049 __DUMMY__ 0.06556100614477774	false	0.5
wirtschaftskrise	neg 1.0		off 0.4845412079326394 neg 0.4497695921061808 __DUMMY__ 0.06568919996117989	false	0.5
neid	neg 1.0		off 0.4926318019584721 neg 0.44176407171076626 __DUMMY__ 0.06560412633076163	false	0.5
rutschen	neg 1.0		off 0.48259091224724504 neg 0.45034798450565416 __DUMMY__ 0.06706110324710073	false	0.5
rezession	neg 1.0		off 0.4929723429670257 neg 0.4427154137904407 __DUMMY__ 0.06431224324253375	false	0.5
fehlgeburt	neg 1.0		off 0.4912812252876373 neg 0.44261267855477915 __DUMMY__ 0.06610609615758362	false	0.5
charakterschwach	off 1.0		off 0.49412097982811964 neg 0.44069065135402696 __DUMMY__ 0.0651883688178534	false	1.0
isolation	neg 1.0		off 0.49421890681416364 neg 0.4400679337330692 __DUMMY__ 0.0657131594527673	false	0.5
ablenkung	neg 1.0		off 0.48995114210645885 neg 0.4439424068653962 __DUMMY__ 0.06610645102814497	false	0.5
pech	neg 1.0		off 0.49294977674049983 neg 0.4416240893435627 __DUMMY__ 0.06542613391593739	false	0.5
vermeidung	neg 1.0		off 0.49409867943855557 neg 0.44079510524194515 __DUMMY__ 0.06510621531949928	false	0.5
dominieren	neg 1.0		off 0.48842273955657023 neg 0.4454428353662288 __DUMMY__ 0.06613442507720084	false	0.5
schwindlig	neg 1.0		off 0.4906966339998819 neg 0.44366606367308414 __DUMMY__ 0.06563730232703398	false	0.5
lutscher	neg 1.0	neg 1.0	neg 0.7019679070558587 off 0.2677730051377837 __DUMMY__ 0.030259087806357665	false	1.0
pflicht	neg 1.0		off 0.48542232828155873 neg 0.44790618672089666 __DUMMY__ 0.06667148499754467	false	0.5
faschist	off 1.0		off 0.4938483302526573 neg 0.4404719777528501 __DUMMY__ 0.06567969199449272	false	1.0
verschleudern	neg 1.0		off 0.4832250114500067 neg 0.45098442623929386 __DUMMY__ 0.06579056231069953	false	0.5
wenn			off 0.4937769367720433 neg 0.44076566635500475 __DUMMY__ 0.06545739687295203	false	0.0
ehebruch	neg 1.0		off 0.48744976036753684 neg 0.44626589152663126 __DUMMY__ 0.06628434810583185	false	0.5
spott	off 1.0		off 0.4880561356360511 neg 0.44552283711014024 __DUMMY__ 0.06642102725380868	false	1.0
trostlosigkeit	neg 1.0		off 0.48252859595917325 neg 0.45124475203538605 __DUMMY__ 0.06622665200544064	false	0.5
lutschen	neg 1.0		off 0.4926736584351344 neg 0.4419315791365225 __DUMMY__ 0.06539476242834309	false	0.5
undiszipliniert	neg 1.0		off 0.4963479303269752 neg 0.4385543856733965 __DUMMY__ 0.06509768399962822	false	0.5
kopfschmerz	neg 1.0		off 0.4841420363054844 neg 0.45000054884877005 __DUMMY__ 0.0658574148457455	false	0.5
unvorhergesehen	neg 1.0		off 0.48627154435348297 neg 0.4470015137687504 __DUMMY__ 0.06672694187776665	false	0.5
desinteressiert	neg 1.0		off 0.4956218532556613 neg 0.43924044307371557 __DUMMY__ 0.06513770367062324	false	0.5
armselig	off 1.0		off 0.49826729582705526 neg 0.436708424281124 __DUMMY__ 0.06502427989182075	false	1.0
desaster	neg 1.0		off 0.4834893118691674 neg 0.45001144270739346 __DUMMY__ 0.06649924542343927	false	0.5
tod	neg 1.0		off 0.48699642327137715 neg 0.44660205443471374 __DUMMY__ 0.06640152229390911	false	0.5
herzlos	neg 1.0		off 0.4975576863373045 neg 0.4374073903625032 __DUMMY__ 0.0650349233001924	false	0.5
unwissenheit	neg 1.0		off 0.48741757026636295 neg 0.4464340913663243 __DUMMY__ 0.06614833836731283	false	0.5
widersinnig	neg 1.0		off 0.4867136995631016 neg 0.4475878163099967 __DUMMY__ 0.06569848412690177	false	0.5
bedenklich	neg 1.0		off 0.48599114788979775 neg 0.4478772809373605 __DUMMY__ 0.06613157117284178	false	0.5
beanstanden	neg 1.0		off 0.4866661427823927 neg 0.4466247037119721 __DUMMY__ 0.0667091535056352	false	0.5
panisch	neg 1.0		off 0.4922358021868064 neg 0.4418390626170761 __DUMMY__ 0.06592513519611758	false	0.5
debil	off 1.0		off 0.479680125532476 neg 0.4532425523577988 __DUMMY__ 0.06707732210972527	false	1.0
abstrich	neg 1.0		off 0.48753590968791594 neg 0.44653163351580855 __DUMMY__ 0.0659324567962755	false	0.5
primitiv	neg 1.0		off 0.49617503209631997 neg 0.438629898071822 __DUMMY__ 0.06519506983185791	false	0.5
abschaum	off 1.0	off 1.0	off 0.7346126492972563 neg 0.2342158214161988 __DUMMY__ 0.031171529286544795	false	1.0
provozieren	neg 1.0		off 0.49045050096690557 neg 0.44368762871077694 __DUMMY__ 0.06586187032231734	false	0.5
tot	neg 1.0		off 0.48621332389780797 neg 0.44788595600213615 __DUMMY__ 0.06590072010005575	false	0.5
instabil	neg 1.0		off 0.4964612999565744 neg 0.4388778429814421 __DUMMY__ 0.06466085706198361	false	0.5
schwuchtel	off 1.0	off 1.0	off 0.7400056196951954 neg 0.22992054008140062 __DUMMY__ 0.03007384022340391	false	1.0
zerren	neg 1.0		off 0.48818685738585404 neg 0.44544021965817593 __DUMMY__ 0.06637292295597	false	0.5
kinderficker	off 1.0		off 0.5002054854701276 neg 0.4350381693558722 __DUMMY__ 0.06475634517400045	false	1.0
gefahr	neg 1.0		off 0.48628680766411286 neg 0.4470262224242812 __DUMMY__ 0.066686969911606	false	0.5
rabiat	neg 1.0		off 0.4887154006137578 neg 0.4452758428634827 __DUMMY__ 0.06600875652275943	false	0.5
verlangsamung	neg 1.0		off 0.5000369335338717 neg 0.4356472572301869 __DUMMY__ 0.06431580923594142	false	0.5
ausgestorben	neg 1.0		off 0.4888659304017418 neg 0.4449931035181808 __DUMMY__ 0.06614096608007732	false	0.5
anklagen	neg 1.0		off 0.4889329310064728 neg 0.44486543734110623 __DUMMY__ 0.06620163165242093	false	0.5
trott	neg 1.0		off 0.4895993218972881 neg 0.44443462251092897 __DUMMY__ 0.06596605559178288	false	0.5
verminderung	neg 1.0		off 0.49452585341358113 neg 0.4403204811000624 __DUMMY__ 0.06515366548635652	false	0.5
nach			off 0.48254194773776427 neg 0.45010941778795993 __DUMMY__ 0.0673486344742758	false	0.0
rost	neg 1.0		off 0.5044455459910103 neg 0.4308622194350535 __DUMMY__ 0.06469223457393612	false	0.5
destruktiv	neg 1.0		off 0.4889580612513928 neg 0.44515924024446774 __DUMMY__ 0.0658826985041395	false	0.5
unzumutbarkeit	neg 1.0		off 0.4944180788924777 neg 0.4404104094398705 __DUMMY__ 0.06517151166765175	false	0.5
labil	off 1.0	off 1.0	off 0.7333745077868278 neg 0.23555470985971944 __DUMMY__ 0.031070782353452855	false	1.0
ziemlich	neg 1.0		off 0.49516931187328495 neg 0.439379339117187 __DUMMY__ 0.06545134900952802	false	0.5
lachnummer	off 1.0		off 0.4910000678034723 neg 0.44293419032340287 __DUMMY__ 0.06606574187312489	false	1.0
oder			off 0.49079125096749776 neg 0.4431650585082546 __DUMMY__ 0.06604369052424765	false	0.0
verfall	neg 1.0		off 0.4805710507327128 neg 0.45290636958291486 __DUMMY__ 0.06652257968437245	false	0.5
ausgrenzung	neg 1.0		off 0.49031883893864525 neg 0.4441655988060969 __DUMMY__ 0.06551556225525787	false	0.5
unordnung	neg 1.0		off 0.49777470086093445 neg 0.43747199143469107 __DUMMY__ 0.0647533077043745	false	0.5
fehlverhalten	neg 1.0		off 0.486269218142588 neg 0.44734198734893155 __DUMMY__ 0.0663887945084804	false	0.5
eine			off 0.48411726284314477 neg 0.4493360502780798 __DUMMY__ 0.06654668687877544	false	0.0
nille	neg 1.0		off 0.4899979877584242 neg 0.44405069877498726 __DUMMY__ 0.06595131346658861	false	0.5
qual	neg 1.0		off 0.4890162786291941 neg 0.4450297298095577 __DUMMY__ 0.06595399156124829	false	0.5
verschwenden	neg 1.0		off 0.4844326408069868 neg 0.44940961760914255 __DUMMY__ 0.06615774158387061	false	0.5
riesig	neg 1.0		off 0.4869082392347062 neg 0.44668104673245485 __DUMMY__ 0.06641071403283905	false	0.5
verurteilen	neg 1.0		off 0.4884079214288077 neg 0.44539838200679505 __DUMMY__ 0.06619369656439716	false	0.5
klischee	neg 1.0	neg 1.0	neg 0.7062756770794388 off 0.26263773467682555 __DUMMY__ 0.03108658824373573	false	1.0
diktatorisch	neg 1.0		off 0.4906665243018164 neg 0.44380616060074507 __DUMMY__ 0.0655273150974385	false	0.5
vorhersehbar	neg 1.0		off 0.4912712731722548 neg 0.4432696847964076 __DUMMY__ 0.06545904203133769	false	0.5
sowie			off 0.4977645884729777 neg 0.4377136127955943 __DUMMY__ 0.06452179873142798	false	0.0
stornieren	neg 1.0		off 0.4957773559584495 neg 0.4379878910435918 __DUMMY__ 0.06623475299795878	false	0.5
besteuerung	neg 1.0	neg 1.0	neg 0.7094515138474594 off 0.25957038950944405 __DUMMY__ 0.03097809664309646	false	1.0
ungeschminkt	neg 1.0		off 0.49543436732254165 neg 0.4395188074575295 __DUMMY__ 0.06504682521992895	false	0.5
kritisch	neg 1.0		off 0.48762065230594515 neg 0.44618473378924867 __DUMMY__ 0.06619461390480628	false	0.5
schlamperei	off 1.0		off 0.48647484074677955 neg 0.4472158694150421 __DUMMY__ 0.06630928983817828	false	1.0
sucht	neg 1.0	neg 1.0	neg 0.7063985714128846 off 0.26223848939258776 __DUMMY__ 0.03136293919452756	false	1.0
egoistisch	off 1.0	off 1.0	off 0.7368718504721338 neg 0.2323400093608501 __DUMMY__ 0.03078814016701615	false	1.0
ausbeuter	off 1.0		off 0.48440253814263207 neg 0.44945542195571236 __DUMMY__ 0.0661420399016555	false	1.0
arschgeburt	off 1.0		off 0.5053885147725096 neg 0.43117520079159 __DUMMY__ 0.06343628443590062	false	1.0
schubs	neg 1.0		off 0.48517390384108955 neg 0.4488733163983262 __DUMMY__ 0.06595277976058427	false	0.5
unsolide	neg 1.0		off 0.49243522428030095 neg 0.4418845871983744 __DUMMY__ 0.06568018852132464	false	0.5
beschwerde	neg 1.0		off 0.48850316210139116 neg 0.4452525834260031 __DUMMY__ 0.06624425447260585	false	0.5
stocken	neg 1.0		off 0.48658392523726485 neg 0.44720793688803345 __DUMMY__ 0.0662081378747016	false	0.5
isolieren	neg 1.0		off 0.4864921015534459 neg 0.44756770719438754 __DUMMY__ 0.06594019125216655	false	0.5
unheilbar	neg 1.0		off 0.49014643890294657 neg 0.4438428020871736 __DUMMY__ 0.06601075900987988	false	0.5
pisser	off 1.0	off 1.0	off 0.7352234110164375 neg 0.233913281761454 __DUMMY__ 0.030863307222108418	false	1.0
löschen	neg 1.0		off 0.4897514697021386 neg 0.44440949692529774 __DUMMY__ 0.06583903337256367	false	0.5
durchfallen	neg 1.0		off 0.487798086219175 neg 0.44593914555293845 __DUMMY__ 0.06626276822788665	false	0.5
wichser	off 1.0	off 1.0	off 0.7385480428873261 neg 0.23107242395297706 __DUMMY__ 0.03037953315969693	false	1.0
terror	neg 1.0		off 0.49246521371573077 neg 0.4419355909705045 __DUMMY__ 0.0655991953137648	false	0.5
krass	neg 1.0		off 0.49848050296919344 neg 0.4367623042211446 __DUMMY__ 0.06475719280966187	false	0.5
revolte	neg 1.0		off 0.4910442642769051 neg 0.4437221146954451 __DUMMY__ 0.06523362102764971	false	0.5
besorgt	neg 1.0		off 0.48951435729979415 neg 0.444039877373377 __DUMMY__ 0.06644576532682894	false	0.5
nachlassen	neg 1.0		off 0.4875334858846978 neg 0.4461050750040764 __DUMMY__ 0.0663614391112258	false	0.5
alt	neg 1.0		off 0.483151272706645 neg 0.45115003427638994 __DUMMY__ 0.06569869301696508	false	0.5
hundesohn	off 1.0	off 1.0	off 0.7375469024038206 neg 0.23209295190731405 __DUMMY__ 0.030360145688865293	false	1.0
als			off 0.4873699056336596 neg 0.4465346031797909 __DUMMY__ 0.06609549118654959	false	0.0
abschreckung	neg 1.0		off 0.48529142779693235 neg 0.4482839996818571 __DUMMY__ 0.06642457252121046	false	0.5
unqualifiziert	neg 1.0		off 0.49401196208580367 neg 0.4404288583878422 __DUMMY__ 0.06555917952635419	false	0.5
abgewichst	off 1.0		off 0.48966303185644994 neg 0.44428466965331875 __DUMMY__ 0.06605229849023125	false	1.0
schwer	neg 1.0		off 0.48928033852180575 neg 0.44466340782244895 __DUMMY__ 0.06605625365574525	false	0.5
bedeutungslosigkeit	neg 1.0		off 0.48566239596702476 neg 0.4479715174971412 __DUMMY__ 0.0663660865358342	false	0.5
kapitulation	neg 1.0		off 0.4858477763561447 neg 0.44818239561332546 __DUMMY__ 0.06596982803052988	false	0.5
unscharf	neg 1.0		off 0.48809393454176836 neg 0.446766958417606 __DUMMY__ 0.06513910704062563	false	0.5
schwinden	neg 1.0		off 0.48373407691667925 neg 0.4502203103993465 __DUMMY__ 0.06604561268397421	false	0.5
versklavung	neg 1.0	neg 1.0	neg 0.7077211896632009 off 0.2611399865149889 __DUMMY__ 0.031138823821810293	false	1.0
schlecht	neg 1.0		off 0.49583112530452383 neg 0.4386424555946779 __DUMMY__ 0.06552641910079826	false	0.5
verhasst	neg 1.0		off 0.49099191283194815 neg 0.44323102447729623 __DUMMY__ 0.06577706269075562	false	0.5
beschweren	neg 1.0		off 0.4923761513830923 neg 0.4416858719027376 __DUMMY__ 0.06593797671417014	false	0.5
scheiden	neg 1.0		off 0.4894696936039295 neg 0.44462853001486274 __DUMMY__ 0.06590177638120767	false	0.5
frustriert	neg 1.0		off 0.488722574893033 neg 0.44511193722649195 __DUMMY__ 0.06616548788047508	false	0.5
schimmelig	neg 1.0		off 0.48446718183140225 neg 0.44973278672756006 __DUMMY__ 0.06580003144103778	false	0.5
fisch	neg 1.0		off 0.48067417839198473 neg 0.4533715744554672 __DUMMY__ 0.06595424715254805	false	0.5
schmuggel	neg 1.0		off 0.4862700013567244 neg 0.446899251415385 __DUMMY__ 0.06683074722789073	false	0.5
auffallen	neg 1.0		off 0.49205752240521583 neg 0.4421705640247589 __DUMMY__ 0.06577191357002532	false	0.5
konkurrenz	neg 1.0		off 0.48655311785321714 neg 0.446823451110171 __DUMMY__ 0.06662343103661196	false	0.5
teufelskreis	neg 1.0	neg 1.0	neg 0.7088997954287268 off 0.2598360136197426 __DUMMY__ 0.0312641909515306	false	1.0
aufschreien	neg 1.0		off 0.4916850266811489 neg 0.4427577990779963 __DUMMY__ 0.06555717424085486	false	0.5
schuldner	neg 1.0		off 0.48261873794420934 neg 0.4514773750717374 __DUMMY__ 0.06590388698405315	false	0.5
missgeburt	off 1.0	off 1.0	off 0.7377544121730787 neg 0.23164441118624352 __DUMMY__ 0.030601176640677755	false	1.0
arbeitslos	neg 1.0		off 0.4873078498306232 neg 0.4464777703574425 __DUMMY__ 0.06621437981193445	false	0.5
befallen	neg 1.0		off 0.48583040410554307 neg 0.44859095398073195 __DUMMY__ 0.06557864191372495	false	0.5
miesepetrig	off 1.0	off 1.0	off 0.7335629032286113 neg 0.23534817110953424 __DUMMY__ 0.03108892566185451	false	1.0
alarmieren	neg 1.0		off 0.4947014025064324 neg 0.43973390765623804 __DUMMY__ 0.06556468983732959	false	0.5
ungeduscht	off 1.0		off 0.4924843177237402 neg 0.4422252156558533 __DUMMY__ 0.06529046662040637	false	1.0
knappheit	neg 1.0		off 0.4848560777255771 neg 0.4494267382330494 __DUMMY__ 0.06571718404137358	false	0.5
schlange	neg 1.0		off 0.49057514090833954 neg 0.4433947334311836 __DUMMY__ 0.06603012566047706	false	0.5
harsch	neg 1.0		off 0.49942072020894246 neg 0.43550517413083234 __DUMMY__ 0.06507410566022521	false	0.5
lang	neg 1.0		off 0.49072104980301856 neg 0.44346908768794313 __DUMMY__ 0.06580986250903836	false	0.5
ziellos	neg 1.0		off 0.4865066617163614 neg 0.44702470756444584 __DUMMY__ 0.06646863071919261	false	0.5
selbstverliebt	neg 1.0		off 0.5049784921346069 neg 0.43095306285221746 __DUMMY__ 0.0640684450131755	false	0.5
beseitigen	neg 1.0		off 0.4908223454158761 neg 0.44300388229773513 __DUMMY__ 0.06617377228638875	false	0.5
dumm	off 1.0		off 0.5003304197213847 neg 0.43510703014984636 __DUMMY__ 0.06456255012876898	false	1.0
arbeitsloser	neg 1.0		off 0.4912746746779071 neg 0.44191559271854997 __DUMMY__ 0.06680973260354306	false	0.5
blitzen	neg 1.0		off 0.49258523331436876 neg 0.44197666485427517 __DUMMY__ 0.06543810183135607	false	0.5
hilflos	neg 1.0		off 0.4873138218431346 neg 0.44650339691192525 __DUMMY__ 0.06618278124494008	false	0.5
eklig	off 1.0		off 0.4993787968676153 neg 0.43632931585529444 __DUMMY__ 0.0642918872770903	false	1.0
begriff			off 0.48949065900877703 neg 0.4444709369683706 __DUMMY__ 0.06603840402285241	false	0.0
hungersnot	neg 1.0		off 0.48617215537102443 neg 0.44792373998658247 __DUMMY__ 0.06590410464239295	false	0.5
ungesetzlich	neg 1.0		off 0.4910525087006217 neg 0.44335712586640147 __DUMMY__ 0.06559036543297671	false	0.5
verschwendung	neg 1.0		off 0.4852538559710182 neg 0.4484377661192172 __DUMMY__ 0.06630837790976465	false	0.5
schmerzvoll	neg 1.0		off 0.4901183275786283 neg 0.4442064517237412 __DUMMY__ 0.06567522069763046	false	0.5
vorzeitig	neg 1.0		off 0.49520233069856995 neg 0.4392394365203533 __DUMMY__ 0.06555823278107677	false	0.5
unvollkommenheit	neg 1.0		off 0.4876773289635973 neg 0.4463150133855733 __DUMMY__ 0.0660076576508294	false	0.5
intervenieren	neg 1.0		off 0.4842775198540034 neg 0.44974192034317734 __DUMMY__ 0.0659805598028192	false	0.5
banause	off 1.0		off 0.4988750983421555 neg 0.4372947073163851 __DUMMY__ 0.0638301943414594	false	1.0
rebell	neg 1.0		off 0.4793414012768382 neg 0.4544478802767492 __DUMMY__ 0.06621071844641256	false	0.5
unlogisch	neg 1.0		off 0.49635183290659274 neg 0.4386727318823207 __DUMMY__ 0.06497543521108663	false	0.5
leiden	neg 1.0		off 0.48710793501273725 neg 0.4460285589176099 __DUMMY__ 0.06686350606965286	false	0.5
abschaffung	neg 1.0		off 0.48872891000877955 neg 0.44575416135606977 __DUMMY__ 0.06551692863515073	false	0.5
sturz	neg 1.0		off 0.49414892449748715 neg 0.43969354880536704 __DUMMY__ 0.06615752669714578	false	0.5
verkleinerung	neg 1.0		off 0.49009181129815116 neg 0.44494374745165594 __DUMMY__ 0.0649644412501929	false	0.5
schmarotzer	off 1.0		off 0.48823745418110215 neg 0.44563309868881545 __DUMMY__ 0.06612944713008236	false	1.0
bestrafung	neg 1.0	neg 1.0	neg 0.7068260642440805 off 0.26177435958309697 __DUMMY__ 0.031399576172822616	false	1.0
achtlos	neg 1.0		off 0.48931223450313355 neg 0.444440009622106 __DUMMY__ 0.06624775587476042	false	0.5
ungeheuer	neg 1.0		off 0.4881830664926204 neg 0.4462064771209254 __DUMMY__ 0.06561045638645423	false	0.5
unaufrichtig	neg 1.0		off 0.493938830675969 neg 0.4405039677932634 __DUMMY__ 0.06555720153076758	false	0.5
groggy	neg 1.0		off 0.4932405479925447 neg 0.44103212856921203 __DUMMY__ 0.06572732343824327	false	0.5
