unsolidarisch	neg 1.0		__DUMMY__ 0.9187040457588853 off 0.0424633832690675 neg 0.038832570972047106	false	0.5
nachteilig	neg 1.0		__DUMMY__ 0.9251173869736823 off 0.03825381538830067 neg 0.036628797638016936	false	0.5
skeptisch	neg 1.0		__DUMMY__ 0.9249508146612 neg 0.03763141686090383 off 0.03741776847789613	false	1.0
schrecklich	neg 1.0		__DUMMY__ 0.9147707236573682 off 0.048791926603280605 neg 0.0364373497393512	false	0.5
schlapp	neg 1.0	neg 1.0	neg 0.503731498988848 __DUMMY__ 0.4549227121068133 off 0.04134578890433873	false	1.0
abfall	neg 1.0		__DUMMY__ 0.9290646894968203 neg 0.036166166979427025 off 0.034769143523752655	false	1.0
widerspenstig	neg 1.0		__DUMMY__ 0.9208814878348197 off 0.04047323847436771 neg 0.038645273690812644	false	0.5
abrupt	neg 1.0		__DUMMY__ 0.9237941895115925 neg 0.03950810623671531 off 0.036697704251692165	false	1.0
unwirksam	neg 1.0		__DUMMY__ 0.9156826061336645 neg 0.04256074481425397 off 0.04175664905208151	false	1.0
angreifen	neg 1.0		__DUMMY__ 0.9257043612194898 neg 0.03725396472132707 off 0.03704167405918309	false	1.0
inkonsistent	neg 1.0		__DUMMY__ 0.9176153146897262 off 0.04322180197313387 neg 0.03916288333713991	false	0.5
abrutschen	neg 1.0		__DUMMY__ 0.9283829752009967 neg 0.037120736857312715 off 0.034496287941690684	false	1.0
unsicher	neg 1.0		__DUMMY__ 0.9224776873447381 off 0.04117402377458548 neg 0.0363482888806764	false	0.5
bauernkind	off 1.0	off 1.0	off 0.5157611670353653 __DUMMY__ 0.44618018013124416 neg 0.038058652833390536	false	1.0
angreifer	neg 1.0		__DUMMY__ 0.9223480124712881 off 0.04447689415846522 neg 0.03317509337024674	false	0.5
trennen	neg 1.0		__DUMMY__ 0.926702583000399 neg 0.03673939916183692 off 0.036558017837764197	false	1.0
schmutz	neg 1.0		__DUMMY__ 0.9247651700492039 off 0.04330719273450286 neg 0.03192763721629323	false	0.5
inkonsistenz	neg 1.0		__DUMMY__ 0.917926511658691 off 0.0454649469389971 neg 0.036608541402312	false	0.5
erschreckend	neg 1.0		__DUMMY__ 0.9219167187046304 off 0.040791211128513784 neg 0.03729207016685579	false	0.5
ertrinken	neg 1.0		__DUMMY__ 0.9246138816885154 neg 0.03889112784684757 off 0.03649499046463702	false	1.0
pickelface	off 1.0		__DUMMY__ 0.9208667360496716 off 0.041612049868822526 neg 0.03752121408150579	false	1.0
seiner			__DUMMY__ 0.9263127946026578 off 0.03717960146778959 neg 0.0365076039295526	false	0.0
lauch	neg 1.0	neg 1.0	neg 0.5051891888288313 __DUMMY__ 0.46324833467414833 off 0.03156247649702033	false	1.0
unwichtig	neg 1.0		__DUMMY__ 0.9178643157585492 off 0.04539803413356679 neg 0.03673765010788408	false	0.5
steuerhinterziehung	neg 1.0		__DUMMY__ 0.9210034830629419 off 0.040927188486059904 neg 0.03806932845099822	false	0.5
schock	neg 1.0		__DUMMY__ 0.9230377588599699 off 0.0397991600178376 neg 0.03716308112219254	false	0.5
beule	neg 1.0		__DUMMY__ 0.9152460623078746 off 0.04690877979363338 neg 0.03784515789849195	false	0.5
vergelten	neg 1.0		__DUMMY__ 0.914532525574322 off 0.049825536590853786 neg 0.03564193783482422	false	0.5
verdorbenheit	neg 1.0		__DUMMY__ 0.9212576512234035 off 0.0417143394058495 neg 0.037028009370747	false	0.5
trauma	neg 1.0		__DUMMY__ 0.9196808922007894 off 0.04243113877939856 neg 0.03788796901981191	false	0.5
sinnlos	neg 1.0		__DUMMY__ 0.920115455402913 off 0.04296118931905048 neg 0.036923355278036606	false	0.5
fettsack	off 1.0	off 1.0	off 0.5169299862682242 __DUMMY__ 0.4465212469208601 neg 0.03654876681091574	false	1.0
feige	off 1.0	off 1.0	off 0.5124669314446055 __DUMMY__ 0.453425864280155 neg 0.034107204275239396	false	1.0
abdanken	neg 1.0		__DUMMY__ 0.9233812896793349 off 0.04122388226848172 neg 0.035394828052183344	false	0.5
wichtigtuer	off 1.0	off 1.0	off 0.5098718104161678 __DUMMY__ 0.45722662611758147 neg 0.03290156346625064	false	1.0
misslingen	neg 1.0		__DUMMY__ 0.9234160420892927 off 0.042086869669745 neg 0.034497088240962245	false	0.5
untreu	off 1.0		__DUMMY__ 0.9167406573580598 off 0.046466107790023414 neg 0.03679323485191684	false	1.0
missmutig	neg 1.0		__DUMMY__ 0.9184152233143134 off 0.044230015148951335 neg 0.037354761536735434	false	0.5
hurenbock	off 1.0		__DUMMY__ 0.9164292041225669 neg 0.04243214245115817 off 0.04113865342627491	false	0.5
betrunken	neg 1.0		__DUMMY__ 0.9153380346341852 off 0.04778729682881394 neg 0.03687466853700091	false	0.5
korrupt	off 1.0		__DUMMY__ 0.9204350837083316 off 0.040688512409468865 neg 0.038876403882199546	false	1.0
unmut	neg 1.0		__DUMMY__ 0.9265573055388795 neg 0.03742925275211084 off 0.03601344170900964	false	1.0
hackfresse	off 1.0		__DUMMY__ 0.9109345875588214 off 0.05260235614411599 neg 0.03646305629706256	false	1.0
aufblasen	neg 1.0		__DUMMY__ 0.9213706464258674 off 0.041336347244131245 neg 0.03729300633000139	false	0.5
gewaltsam	neg 1.0		__DUMMY__ 0.9238108427086698 off 0.04095577071947733 neg 0.03523338657185296	false	0.5
unbeliebtheit	neg 1.0		__DUMMY__ 0.917199733228081 off 0.04657404014903997 neg 0.03622622662287905	false	0.5
sturheit	neg 1.0		__DUMMY__ 0.923663690253493 off 0.04078346384052288 neg 0.035552845905984024	false	0.5
kuh	neg 1.0		__DUMMY__ 0.9108178317558272 neg 0.04567440822973566 off 0.04350776001443713	false	1.0
erschrecken	neg 1.0		__DUMMY__ 0.9186254582859769 off 0.044601996710583576 neg 0.03677254500343953	false	0.5
opfer	neg 1.0		__DUMMY__ 0.9271369774782755 off 0.0385135501987695 neg 0.03434947232295492	false	0.5
sinken	neg 1.0		__DUMMY__ 0.9243309880577807 neg 0.03933748780869533 off 0.036331524133524015	false	1.0
stinktier	neg 1.0		__DUMMY__ 0.9072428682693192 off 0.05079802058298968 neg 0.04195911114769106	false	0.5
tucke	off 1.0		__DUMMY__ 0.9049024287414216 off 0.05431199379472868 neg 0.04078557746384979	false	1.0
ein			__DUMMY__ 0.9198540813800997 off 0.04029293712164356 neg 0.039852981498256626	false	0.0
abstieg	neg 1.0		__DUMMY__ 0.9270360904113043 off 0.03954205331838215 neg 0.03342185627031354	false	0.5
missverstehen	neg 1.0		__DUMMY__ 0.9195560691544604 off 0.0437559872895016 neg 0.03668794355603803	false	0.5
ergebnislos	neg 1.0		__DUMMY__ 0.9267315205155089 off 0.03826265184584669 neg 0.035005827638644425	false	0.5
unter			__DUMMY__ 0.9329709587412357 neg 0.035979226233598914 off 0.031049815025165475	false	0.0
manipulieren	neg 1.0		__DUMMY__ 0.9256692964301926 off 0.03782029124260871 neg 0.0365104123271988	false	0.5
unbewiesen	neg 1.0	neg 1.0	neg 0.5035555860447296 __DUMMY__ 0.4576080775118707 off 0.03883633644339974	false	1.0
verschleppen	neg 1.0		__DUMMY__ 0.923590525270669 off 0.03923884180213884 neg 0.03717063292719211	false	0.5
weib	off 1.0		__DUMMY__ 0.906895928777223 off 0.05454537131171903 neg 0.038558699911057946	false	1.0
opposition	neg 1.0		__DUMMY__ 0.9191155877124797 off 0.042453027995787894 neg 0.038431384291732366	false	0.5
verkehrswidrig	neg 1.0		__DUMMY__ 0.9160773985282469 off 0.04971146364041178 neg 0.03421113783134142	false	0.5
inkorrekt	neg 1.0		__DUMMY__ 0.9141253199178175 off 0.04900680406895559 neg 0.036867876013226886	false	0.5
vermeiden	neg 1.0		__DUMMY__ 0.9291885027105499 neg 0.036964480250239455 off 0.03384701703921069	false	1.0
abweichung	neg 1.0	neg 1.0	neg 0.502203924034825 __DUMMY__ 0.4619876019556123 off 0.03580847400956258	false	1.0
alkoholisiert	neg 1.0		__DUMMY__ 0.9305011706225912 off 0.03628914010014091 neg 0.03320968927726787	false	0.5
scheiss	off 1.0	off 1.0	off 0.5128227902725699 __DUMMY__ 0.4520561745758384 neg 0.03512103515159159	false	1.0
herausforderung	neg 1.0		__DUMMY__ 0.923636841978515 off 0.03924258826178822 neg 0.03712056975969673	false	0.5
pervers	off 1.0		__DUMMY__ 0.9062496377555869 off 0.05646804111181023 neg 0.037282321132602915	false	1.0
wackelig	neg 1.0		__DUMMY__ 0.9247653041719347 off 0.038736043089672746 neg 0.03649865273839246	false	0.5
verwickeln	neg 1.0		__DUMMY__ 0.9203890575224328 off 0.04305313553188311 neg 0.036557806945684106	false	0.5
vorwand	neg 1.0		__DUMMY__ 0.9258674809242148 neg 0.03751464423289441 off 0.03661787484289089	false	1.0
muschi	off 1.0		__DUMMY__ 0.9227728427618637 off 0.040694062589367065 neg 0.036533094648769235	false	1.0
entmutigung	neg 1.0		__DUMMY__ 0.9163932283755806 off 0.043784554734764294 neg 0.03982221688965513	false	0.5
unangemessen	neg 1.0		__DUMMY__ 0.9230793857473066 off 0.040464476890224775 neg 0.036456137362468596	false	0.5
unstetig	neg 1.0		__DUMMY__ 0.9180692379944285 off 0.04440326092551728 neg 0.037527501080054135	false	0.5
entmutigen	neg 1.0		__DUMMY__ 0.9209681365751486 off 0.042044474559713 neg 0.036987388865138374	false	0.5
schwanz	neg 1.0		__DUMMY__ 0.9233262366779541 off 0.038715059803980226 neg 0.03795870351806573	false	0.5
verbot	neg 1.0		__DUMMY__ 0.9213923247167443 off 0.040371439251471616 neg 0.03823623603178406	false	0.5
leid	neg 1.0		__DUMMY__ 0.9131150820612111 off 0.050062479673049005 neg 0.03682243826574003	false	0.5
archaisch	neg 1.0		__DUMMY__ 0.9215580852845993 off 0.0401414103659108 neg 0.038300504349489915	false	0.5
gegen			__DUMMY__ 0.9282037818710649 off 0.03647309277436714 neg 0.03532312535456803	false	0.0
scheidung	neg 1.0		__DUMMY__ 0.9082595414962472 off 0.05952018961709113 neg 0.03222026888666158	false	0.5
einschlag	neg 1.0		__DUMMY__ 0.9178737113469224 off 0.04894219774349915 neg 0.03318409090957843	false	0.5
m			__DUMMY__ 0.9236679019649483 off 0.03925599026167039 neg 0.037076107773381384	false	0.0
abgestanden	neg 1.0		__DUMMY__ 0.9152501123124501 neg 0.04408997148345058 off 0.04065991620409931	false	1.0
schmierig	off 1.0		__DUMMY__ 0.9129166984414355 off 0.049881630153076714 neg 0.03720167140548769	false	1.0
unpraktisch	neg 1.0		__DUMMY__ 0.9214965808834139 off 0.04204782786947635 neg 0.03645559124710972	false	0.5
wixxer	off 1.0		__DUMMY__ 0.9041364022561327 off 0.05683186176616502 neg 0.03903173597770234	false	1.0
bezeichnet			__DUMMY__ 0.9223060329916768 off 0.04164942570868132 neg 0.036044541299641845	false	0.0
jammerlappen	off 1.0		__DUMMY__ 0.9176510693388402 off 0.04567665494579298 neg 0.03667227571536675	false	1.0
farce	neg 1.0		__DUMMY__ 0.9194258235236545 off 0.04169382386262492 neg 0.038880352613720554	false	0.5
zwecklos	neg 1.0		__DUMMY__ 0.9226804301327566 off 0.03966748781129822 neg 0.037652082055945245	false	0.5
turbulent	neg 1.0		__DUMMY__ 0.9148440807536451 off 0.047271067379895906 neg 0.03788485186645899	false	0.5
invasion	neg 1.0		__DUMMY__ 0.9192351542814869 off 0.04344602684171568 neg 0.03731881887679735	false	0.5
schuld	neg 1.0		__DUMMY__ 0.9208779918210055 off 0.042455421313306124 neg 0.03666658686568843	false	0.5
risiko	neg 1.0		__DUMMY__ 0.9171654251543235 off 0.04315234641030561 neg 0.039682228435370843	false	0.5
finster	neg 1.0		__DUMMY__ 0.919714432093507 off 0.040357399390330985 neg 0.039928168516161995	false	0.5
geisteskrank	off 1.0		__DUMMY__ 0.9154700327866564 off 0.04790767343072008 neg 0.03662229378262354	false	1.0
zusammenbrechen	neg 1.0		__DUMMY__ 0.9222108206396554 off 0.03977539570548805 neg 0.038013783654856546	false	0.5
ausbeute	neg 1.0		__DUMMY__ 0.9260279082049754 off 0.039927970241384655 neg 0.034044121553639936	false	0.5
hinterhalt	neg 1.0		__DUMMY__ 0.9221061104932722 off 0.03975994301383635 neg 0.03813394649289153	false	0.5
kritik	neg 1.0		__DUMMY__ 0.9196548769880717 off 0.04150347281208718 neg 0.03884165019984107	false	0.5
einschrumpfen	neg 1.0		__DUMMY__ 0.9150886709174216 off 0.04582420120442773 neg 0.039087127878150545	false	0.5
riskant	neg 1.0		__DUMMY__ 0.9239367447785285 neg 0.03843323600350151 off 0.03763001921796996	false	1.0
frustrieren	neg 1.0		__DUMMY__ 0.9230059953272938 neg 0.03857757923277922 off 0.03841642543992698	false	1.0
groll	neg 1.0		__DUMMY__ 0.9243372963750445 off 0.039806370000476904 neg 0.03585633362447856	false	0.5
gibt			__DUMMY__ 0.9232163575187147 off 0.039436990646559644 neg 0.03734665183472562	false	0.0
qualvoll	neg 1.0		__DUMMY__ 0.9200920565245374 off 0.042929262645193166 neg 0.03697868083026947	false	0.5
wackeln	neg 1.0		__DUMMY__ 0.9219821639682503 off 0.040962770467112865 neg 0.03705506556463693	false	0.5
klagen	neg 1.0		__DUMMY__ 0.9249810404652359 neg 0.0381243165413669 off 0.03689464299339723	false	1.0
bankrott	neg 1.0		__DUMMY__ 0.9190770620046742 off 0.04487019319011727 neg 0.03605274480520849	false	0.5
trauern	neg 1.0		__DUMMY__ 0.9293797372776679 off 0.037496200517872655 neg 0.03312406220445957	false	0.5
ablehnung	neg 1.0		__DUMMY__ 0.9200589352730156 off 0.04098640392633615 neg 0.03895466080064824	false	0.5
stur	neg 1.0		__DUMMY__ 0.920261379018347 off 0.04243198107261951 neg 0.03730663990903338	false	0.5
aufruhr	neg 1.0	neg 1.0	neg 0.502833533235745 __DUMMY__ 0.4593559996820541 off 0.03781046708220103	false	1.0
melancholie	neg 1.0		__DUMMY__ 0.9231477208174543 neg 0.04003949433870018 off 0.03681278484384544	false	1.0
ist			__DUMMY__ 0.9200407738916454 off 0.042751188474686765 neg 0.03720803763366775	false	0.0
torheit	neg 1.0		__DUMMY__ 0.9203446215152853 off 0.04258269693609671 neg 0.037072681548618085	false	0.5
dreckskind	off 1.0		__DUMMY__ 0.9085541985808124 off 0.05370169403000689 neg 0.03774410738918068	false	1.0
umtauschen	neg 1.0		__DUMMY__ 0.9222809421031165 off 0.04018412185867712 neg 0.03753493603820633	false	0.5
zum			__DUMMY__ 0.9335470053422621 off 0.03385154335173097 neg 0.032601451306006904	false	0.0
zersetzen	neg 1.0		__DUMMY__ 0.9235197623457737 neg 0.03890138651127908 off 0.037578851142947185	false	1.0
zur			__DUMMY__ 0.9292013285302745 neg 0.03657899035134222 off 0.03421968111838338	false	0.0
frust	neg 1.0		__DUMMY__ 0.9229162042878535 off 0.039635408407998535 neg 0.03744838730414802	false	0.5
unerbittlichkeit	neg 1.0		__DUMMY__ 0.9250282292682778 off 0.038220305836761656 neg 0.036751464894960485	false	0.5
zwei			__DUMMY__ 0.9302836297364248 neg 0.03623225255198944 off 0.03348411771158572	false	0.0
unkorrekt	neg 1.0		__DUMMY__ 0.9153969458425908 off 0.04770531174091007 neg 0.0368977424164991	false	0.5
hexe	off 1.0		__DUMMY__ 0.9145493281406475 off 0.044968620902540696 neg 0.0404820509568118	false	1.0
lasch	neg 1.0		__DUMMY__ 0.9188769199030679 off 0.04503487349594923 neg 0.036088206600982914	false	0.5
rivale	neg 1.0		__DUMMY__ 0.9148839577992385 off 0.04874650610340727 neg 0.03636953609735423	false	0.5
mutlos	off 1.0	off 1.0	off 0.5058108963688743 __DUMMY__ 0.45992601765285923 neg 0.03426308597826631	false	1.0
wirr	off 1.0		__DUMMY__ 0.9130517933420871 off 0.0493892027532909 neg 0.037559003904622024	false	1.0
jahr			__DUMMY__ 0.9304618092945618 off 0.03706121847073529 neg 0.03247697223470296	false	0.0
wird			__DUMMY__ 0.9242441040550524 off 0.038819627475470055 neg 0.0369362684694775	false	0.0
strafbar	neg 1.0		__DUMMY__ 0.9254572204906911 off 0.038132255353007107 neg 0.03641052415630182	false	0.5
erosion	neg 1.0		__DUMMY__ 0.9219718257522889 off 0.041246667112903666 neg 0.03678150713480749	false	0.5
eingehen	neg 1.0		__DUMMY__ 0.9230787833820724 neg 0.03861277648479319 off 0.03830844013313441	false	1.0
faul	off 1.0		__DUMMY__ 0.9188751870530804 off 0.04451454249177448 neg 0.036610270455145096	false	1.0
provisorium	neg 1.0		__DUMMY__ 0.9338674743540214 neg 0.03516058457971798 off 0.030971941066260656	false	1.0
schmerzen	neg 1.0		__DUMMY__ 0.9218656885140004 off 0.03970062125380386 neg 0.03843369023219576	false	0.5
schrumpfen	neg 1.0		__DUMMY__ 0.9254346797252364 neg 0.040119823803617165 off 0.034445496471146385	false	1.0
geistlos	off 1.0		__DUMMY__ 0.9171311456627166 off 0.044199428119427876 neg 0.03866942621785552	false	1.0
fehlkauf	neg 1.0		__DUMMY__ 0.9185663920849929 off 0.04349324485143986 neg 0.037940363063567274	false	0.5
frustrierend	neg 1.0		__DUMMY__ 0.9179716460237972 off 0.044601465116376554 neg 0.03742688885982625	false	0.5
unzufrieden	neg 1.0		__DUMMY__ 0.9232437849751534 off 0.03950488745592926 neg 0.03725132756891736	false	0.5
verzweifeln	neg 1.0		__DUMMY__ 0.9225286582238533 off 0.04049450381066972 neg 0.03697683796547695	false	0.5
verzweifelt	neg 1.0		__DUMMY__ 0.9200511997489443 off 0.04249057811318194 neg 0.03745822213787384	false	0.5
misstrauensantrag	neg 1.0		__DUMMY__ 0.9195950027708618 off 0.04281360866325233 neg 0.03759138856588574	false	0.5
abfallen	neg 1.0		__DUMMY__ 0.9209649631519748 off 0.041016755321469436 neg 0.03801828152655563	false	0.5
fucker	off 1.0		__DUMMY__ 0.9155144059844944 off 0.048577687797775805 neg 0.0359079062177298	false	1.0
ungezogen	neg 1.0		__DUMMY__ 0.9089358407392264 off 0.054419236811288546 neg 0.036644922449485084	false	0.5
irrsinnig	neg 1.0	neg 1.0	neg 0.5045309273575116 __DUMMY__ 0.45701628898145735 off 0.038452783661030956	false	1.0
unfassbar	neg 1.0		__DUMMY__ 0.9173956912505185 off 0.04638311261930605 neg 0.03622119613017547	false	0.5
hart	neg 1.0		__DUMMY__ 0.91154085445775 off 0.046405908341596115 neg 0.0420532372006539	false	0.5
widerlich	off 1.0		__DUMMY__ 0.9161659222730125 off 0.046870333509008856 neg 0.036963744217978614	false	1.0
fatal	neg 1.0	neg 1.0	neg 0.5066976241055732 __DUMMY__ 0.4534691512366443 off 0.039833224657782544	false	1.0
bruch	neg 1.0		__DUMMY__ 0.9280191845362291 neg 0.0362950145205251 off 0.03568580094324579	false	1.0
aushungern	neg 1.0		__DUMMY__ 0.9212994416084188 off 0.04062209191881233 neg 0.03807846647276887	false	0.5
anspannung	neg 1.0		__DUMMY__ 0.9310429729444524 neg 0.03515330442403468 off 0.03380372263151302	false	1.0
von			__DUMMY__ 0.9262746893328531 neg 0.03716859049257473 off 0.03655672017457217	false	0.0
kraftlos	neg 1.0		__DUMMY__ 0.923624550351603 off 0.03882384561050008 neg 0.03755160403789703	false	0.5
vom			__DUMMY__ 0.9354229170557091 neg 0.033338650672979045 off 0.031238432271311806	false	0.0
grenzdebil	off 1.0		__DUMMY__ 0.9159226276009562 off 0.04660679544669719 neg 0.037470576952346554	false	1.0
vor			__DUMMY__ 0.9269949925135527 neg 0.03719231365174777 off 0.03581269383469962	false	0.0
unterwerfen	neg 1.0		__DUMMY__ 0.9252195945403288 off 0.03861722852888338 neg 0.03616317693078785	false	0.5
versenkung	neg 1.0		__DUMMY__ 0.9252465141957483 off 0.038288781950774224 neg 0.0364647038534775	false	0.5
entziehen	neg 1.0		__DUMMY__ 0.9257703195746618 neg 0.03764654338913585 off 0.03658313703620224	false	1.0
finanzkrise	neg 1.0		__DUMMY__ 0.915058478499226 neg 0.04373978508689834 off 0.04120173641387569	false	1.0
schimpfend	neg 1.0		__DUMMY__ 0.923050292392911 off 0.04139348116514059 neg 0.03555622644194836	false	0.5
profan	neg 1.0		__DUMMY__ 0.919083082106188 off 0.04325944216083299 neg 0.0376574757329789	false	0.5
korruption	neg 1.0		__DUMMY__ 0.9208008643035069 off 0.03996782211379082 neg 0.03923131358270224	false	0.5
â			__DUMMY__ 0.923375710214994 off 0.03872149326315694 neg 0.03790279652184916	false	0.0
schmutzig	neg 1.0		__DUMMY__ 0.9163669483465611 off 0.04674425745572756 neg 0.03688879419771143	false	0.5
sexy	neg 1.0		__DUMMY__ 0.9192022978685253 off 0.04447923446322898 neg 0.036318467668245744	false	0.5
abraten	neg 1.0		__DUMMY__ 0.9205031532650225 off 0.04276039777481726 neg 0.036736448960160144	false	0.5
schwarz	neg 1.0		__DUMMY__ 0.9199226215112831 off 0.04318477558286336 neg 0.036892602905853535	false	0.5
fotze	off 1.0	off 1.0	off 0.5059687046129606 __DUMMY__ 0.4599420766070517 neg 0.03408921877998778	false	1.0
verwirren	neg 1.0		__DUMMY__ 0.9196673522158552 off 0.04353286029922384 neg 0.03679978748492107	false	0.5
zahnlos	off 1.0		__DUMMY__ 0.922546462206395 off 0.04035555754516322 neg 0.03709798024844174	false	1.0
verheeren	neg 1.0		__DUMMY__ 0.9084713525106629 off 0.05583629021674235 neg 0.03569235727259464	false	0.5
hippie	neg 1.0		__DUMMY__ 0.9187680434914298 off 0.04429563340314183 neg 0.036936323105428416	false	0.5
rammen	neg 1.0		__DUMMY__ 0.9214372352314167 off 0.04115954647445503 neg 0.037403218294128224	false	0.5
unlauter	neg 1.0		__DUMMY__ 0.9186375683588766 off 0.04315763142364046 neg 0.03820480021748292	false	0.5
unheilvoll	neg 1.0		__DUMMY__ 0.9199358453810903 off 0.041887640399026455 neg 0.03817651421988329	false	0.5
niedrig	neg 1.0		__DUMMY__ 0.9219987825016129 neg 0.039367663215602866 off 0.03863355428278428	false	1.0
explosion	neg 1.0		__DUMMY__ 0.9193329869471216 off 0.04407712595009859 neg 0.03658988710277984	false	0.5
weichei	off 1.0	off 1.0	off 0.5164524456955254 __DUMMY__ 0.44830423535097264 neg 0.03524331895350197	false	1.0
minusmensch	off 1.0		__DUMMY__ 0.906401301679617 off 0.05587706999377381 neg 0.03772162832660928	false	1.0
farblos	neg 1.0		__DUMMY__ 0.9208309387088276 off 0.04171698883386348 neg 0.037452072457308895	false	0.5
unwissend	neg 1.0	neg 1.0	neg 0.5044702532338395 __DUMMY__ 0.45413896913202384 off 0.041390777634136566	false	1.0
traurig	neg 1.0		__DUMMY__ 0.9152314572248123 off 0.04849345868580612 neg 0.036275084089381605	false	0.5
senkung	neg 1.0		__DUMMY__ 0.9155574195003918 off 0.04372533662120971 neg 0.04071724387839848	false	0.5
ungleich	neg 1.0	neg 1.0	neg 0.5045176095697601 __DUMMY__ 0.4602273009331073 off 0.03525508949713267	false	1.0
heikel	neg 1.0		__DUMMY__ 0.9248600715747942 off 0.037736017545181 neg 0.037403910880024815	false	0.5
drosselung	neg 1.0		__DUMMY__ 0.9127086852050642 off 0.04664775859696326 neg 0.04064355619797258	false	0.5
falsch	neg 1.0		__DUMMY__ 0.9192170469420295 off 0.04464591401679094 neg 0.03613703904117955	false	0.5
unzufriedenheit	neg 1.0		__DUMMY__ 0.9228331424641472 neg 0.039436469547550417 off 0.037730387988302395	false	1.0
kurz	neg 1.0		__DUMMY__ 0.9247963466532597 off 0.039209902915227045 neg 0.03599375043151328	false	0.5
unsinnig	neg 1.0		__DUMMY__ 0.9203504354232456 off 0.0407485311597624 neg 0.038901033416992005	false	0.5
penner	off 1.0	off 1.0	off 0.5180138679274217 __DUMMY__ 0.4480346801661727 neg 0.03395145190640556	false	1.0
seicht	neg 1.0		__DUMMY__ 0.9067952580060782 off 0.054161345675595794 neg 0.03904339631832596	false	0.5
dummheit	off 1.0	off 1.0	off 0.5100773531383836 __DUMMY__ 0.45499759045929766 neg 0.034925056402318674	false	1.0
unerfreulich	neg 1.0		__DUMMY__ 0.9246568201204082 neg 0.03792952762570236 off 0.03741365225388942	false	1.0
motherfucker	off 1.0	off 1.0	off 0.5139164378237058 __DUMMY__ 0.4525797220083046 neg 0.03350384016798965	false	1.0
pikiert	neg 1.0		__DUMMY__ 0.9164588952614894 off 0.045970409864148624 neg 0.03757069487436192	false	0.5
wrack	neg 1.0		__DUMMY__ 0.9289275898971164 off 0.039024756391055425 neg 0.03204765371182818	false	0.5
gangster	neg 1.0		__DUMMY__ 0.9185724930772524 off 0.04442436297249247 neg 0.037003143950255155	false	0.5
krank	neg 1.0		__DUMMY__ 0.9177949934944892 off 0.04639810542846476 neg 0.03580690107704598	false	0.5
reich	neg 1.0		__DUMMY__ 0.914888021063663 off 0.04478859561576607 neg 0.040323383320570914	false	0.5
gnadenlos	neg 1.0		__DUMMY__ 0.9213669689465205 off 0.04224727608553843 neg 0.03638575496794111	false	0.5
niedergeschlagen	neg 1.0		__DUMMY__ 0.9255204104246045 off 0.03901086415931628 neg 0.03546872541607921	false	0.5
terrorisieren	off 1.0	off 1.0	off 0.5048683385125134 __DUMMY__ 0.4618939078356531 neg 0.03323775365183347	false	1.0
sinnlosigkeit	neg 1.0		__DUMMY__ 0.9227525380189411 off 0.03987199350675639 neg 0.037375468474302426	false	0.5
behindern	neg 1.0		__DUMMY__ 0.9210320117447023 off 0.04091456392384637 neg 0.03805342433145136	false	0.5
undemokratisch	neg 1.0		__DUMMY__ 0.9183937342219498 off 0.04367536236828028 neg 0.03793090340976987	false	0.5
wirtschaftskrise	neg 1.0		__DUMMY__ 0.9194470445291696 neg 0.040902502066216206 off 0.039650453404614226	false	1.0
neid	neg 1.0		__DUMMY__ 0.9193003773543966 off 0.043874306844478086 neg 0.03682531580112523	false	0.5
rutschen	neg 1.0		__DUMMY__ 0.9301584159720733 neg 0.03661653227688858 off 0.03322505175103824	false	1.0
rezession	neg 1.0		__DUMMY__ 0.9092076538009132 off 0.0490408662202985 neg 0.0417514799787883	false	0.5
fehlgeburt	neg 1.0		__DUMMY__ 0.9235520509824402 off 0.04106721180891593 neg 0.035380737208643896	false	0.5
charakterschwach	off 1.0		__DUMMY__ 0.9157090322533135 off 0.04655440113639384 neg 0.03773656661029272	false	1.0
isolation	neg 1.0		__DUMMY__ 0.9199802200572734 off 0.04447410842837496 neg 0.03554567151435162	false	0.5
ablenkung	neg 1.0		__DUMMY__ 0.9226920738915667 off 0.04093932713784742 neg 0.03636859897058587	false	0.5
pech	neg 1.0		__DUMMY__ 0.9181746926628125 off 0.044439182939109166 neg 0.037386124398078445	false	0.5
vermeidung	neg 1.0		__DUMMY__ 0.9154953899032897 off 0.046476803275716065 neg 0.03802780682099425	false	0.5
dominieren	neg 1.0		__DUMMY__ 0.9230673466794798 off 0.04003046449034743 neg 0.036902188830172766	false	0.5
schwindlig	neg 1.0		__DUMMY__ 0.9198182801271949 off 0.04238950449594561 neg 0.03779221537685937	false	0.5
lutscher	neg 1.0	neg 1.0	neg 0.5055004368412658 __DUMMY__ 0.44411404552251094 off 0.0503855176362232	false	1.0
pflicht	neg 1.0		__DUMMY__ 0.9266654441316328 off 0.03672899890643638 neg 0.03660555696193085	false	0.5
faschist	off 1.0		__DUMMY__ 0.9194069153677324 off 0.04487029705024511 neg 0.03572278758202249	false	1.0
verschleudern	neg 1.0		__DUMMY__ 0.9202492039618183 neg 0.04123527626663815 off 0.03851551977154358	false	1.0
wenn			__DUMMY__ 0.9177204516779665 off 0.04542046492179514 neg 0.03685908340023839	false	0.0
ehebruch	neg 1.0		__DUMMY__ 0.9238684703315276 off 0.03915727755544686 neg 0.03697425211302552	false	0.5
spott	off 1.0		__DUMMY__ 0.9249331636474792 off 0.03901108131424815 neg 0.03605575503827268	false	1.0
trostlosigkeit	neg 1.0		__DUMMY__ 0.9233924858326791 neg 0.03997348917014507 off 0.03663402499717592	false	1.0
lutschen	neg 1.0		__DUMMY__ 0.9176448756281418 off 0.04477487141519273 neg 0.03758025295666539	false	0.5
undiszipliniert	neg 1.0		__DUMMY__ 0.9153574801904305 off 0.04781390807572971 neg 0.036828611733839826	false	0.5
kopfschmerz	neg 1.0		__DUMMY__ 0.9213706810025476 neg 0.04057320010974663 off 0.03805611888770574	false	1.0
unvorhergesehen	neg 1.0		__DUMMY__ 0.928077675580731 off 0.03612657883964731 neg 0.03579574557962171	false	0.5
desinteressiert	neg 1.0		__DUMMY__ 0.9155103756785485 off 0.04739514645749914 neg 0.03709447786395232	false	0.5
armselig	off 1.0		__DUMMY__ 0.9144662168873738 off 0.04946502836194857 neg 0.03606875475067758	false	1.0
desaster	neg 1.0		__DUMMY__ 0.9253733620927669 neg 0.03831344853879307 off 0.03631318936844009	false	1.0
tod	neg 1.0		__DUMMY__ 0.9256224989409992 off 0.037805537368740844 neg 0.0365719636902599	false	0.5
herzlos	neg 1.0		__DUMMY__ 0.9147233841779931 off 0.04887541276473816 neg 0.036401203057268766	false	0.5
unwissenheit	neg 1.0		__DUMMY__ 0.922861473248317 off 0.03958009443230747 neg 0.03755843231937549	false	0.5
widersinnig	neg 1.0		__DUMMY__ 0.9193098604302672 off 0.04096609326763445 neg 0.03972404630209833	false	0.5
bedenklich	neg 1.0		__DUMMY__ 0.922595380032102 off 0.038880407452800275 neg 0.038524212515097835	false	0.5
beanstanden	neg 1.0		__DUMMY__ 0.9270818267750377 off 0.03720791815793097 neg 0.035710255067031335	false	0.5
panisch	neg 1.0		__DUMMY__ 0.9216962021301796 off 0.04253629867179363 neg 0.03576749919802691	false	0.5
debil	off 1.0		__DUMMY__ 0.9304513253791971 neg 0.038163557403595845 off 0.03138511721720709	false	0.5
abstrich	neg 1.0		__DUMMY__ 0.9229578629614917 off 0.038871554759318874 neg 0.03817058227918932	false	0.5
primitiv	neg 1.0		__DUMMY__ 0.9158249764756906 off 0.04763176028117571 neg 0.03654326324313367	false	0.5
abschaum	off 1.0	off 1.0	off 0.5121980403060026 __DUMMY__ 0.4555627194546625 neg 0.032239240239334915	false	1.0
provozieren	neg 1.0		__DUMMY__ 0.9206190419716888 off 0.04226355446847378 neg 0.03711740355983748	false	0.5
tot	neg 1.0		__DUMMY__ 0.9220480087622468 neg 0.039023561360494306 off 0.038928429877258856	false	1.0
instabil	neg 1.0		__DUMMY__ 0.9119575413132414 off 0.04967174429397386 neg 0.03837071439278482	false	0.5
schwuchtel	off 1.0	off 1.0	off 0.5239008982698108 __DUMMY__ 0.44144757751696734 neg 0.034651524213221895	false	1.0
zerren	neg 1.0		__DUMMY__ 0.9245923084533796 off 0.039102748974817886 neg 0.036304942571802605	false	0.5
kinderficker	off 1.0		__DUMMY__ 0.912557763066451 off 0.05145452720069036 neg 0.03598770973285873	false	1.0
gefahr	neg 1.0		__DUMMY__ 0.92704214333882 off 0.03709358211072491 neg 0.03586427455045518	false	0.5
rabiat	neg 1.0		__DUMMY__ 0.9216866470691764 off 0.04073733778572668 neg 0.03757601514509705	false	0.5
verlangsamung	neg 1.0		__DUMMY__ 0.9095071613447345 off 0.052983544761588564 neg 0.03750929389367689	false	0.5
ausgestorben	neg 1.0		__DUMMY__ 0.9228262742150348 off 0.04031246234046761 neg 0.036861263444497534	false	0.5
anklagen	neg 1.0		__DUMMY__ 0.9235393029022304 off 0.04015117142399643 neg 0.03630952567377323	false	0.5
trott	neg 1.0		__DUMMY__ 0.921693416645548 off 0.04113098344106474 neg 0.03717559991338725	false	0.5
verminderung	neg 1.0		__DUMMY__ 0.9159410452827618 off 0.04644894980682032 neg 0.03761000491041787	false	0.5
nach			__DUMMY__ 0.9321843325858812 neg 0.03559010288104149 off 0.03222556453307731	false	0.0
rost	neg 1.0		__DUMMY__ 0.9127129925269687 off 0.05374209181464707 neg 0.03354491565838425	false	0.5
destruktiv	neg 1.0		__DUMMY__ 0.9208658605162411 off 0.04134033377254022 neg 0.03779380571121869	false	0.5
unzumutbarkeit	neg 1.0		__DUMMY__ 0.9160898436721677 off 0.046488204065878065 neg 0.037421952261954196	false	0.5
labil	off 1.0	off 1.0	off 0.5116603407029454 __DUMMY__ 0.45417124992148905 neg 0.03416840937556556	false	1.0
ziemlich	neg 1.0		__DUMMY__ 0.9179329426346281 off 0.04604759125617156 neg 0.036019466109200315	false	0.5
lachnummer	off 1.0		__DUMMY__ 0.9220764094582555 off 0.042005323649081015 neg 0.035918266892663406	false	1.0
oder			__DUMMY__ 0.9223787027691389 off 0.04148108747639763 neg 0.03614020975446344	false	0.0
verfall	neg 1.0		__DUMMY__ 0.9255831307592811 neg 0.03992885605528865 off 0.03448801318543032	false	1.0
ausgrenzung	neg 1.0		__DUMMY__ 0.9181278645394247 off 0.04354615359769438 neg 0.03832598186288082	false	0.5
unordnung	neg 1.0		__DUMMY__ 0.9130060063863954 off 0.049837833124112337 neg 0.03715616048949228	false	0.5
fehlverhalten	neg 1.0		__DUMMY__ 0.924542813360327 off 0.03823555997810395 neg 0.03722162666156912	false	0.5
eine			__DUMMY__ 0.9258040944327278 neg 0.03795879468998462 off 0.036237110877287475	false	0.0
nille	neg 1.0		__DUMMY__ 0.9214072737138379 off 0.04165529898919085 neg 0.03693742729697135	false	0.5
qual	neg 1.0		__DUMMY__ 0.9215657015156195 off 0.04088476398567879 neg 0.03754953449870175	false	0.5
verschwenden	neg 1.0		__DUMMY__ 0.9229365336571907 neg 0.039302007834307304 off 0.03776145850850192	false	1.0
riesig	neg 1.0		__DUMMY__ 0.9256632494636972 off 0.03767546865276881 neg 0.036661281883534055	false	0.5
verurteilen	neg 1.0		__DUMMY__ 0.9231644214353999 off 0.04007262376091059 neg 0.036762954803689504	false	0.5
klischee	neg 1.0	neg 1.0	neg 0.5048140278931006 __DUMMY__ 0.4543225406265443 off 0.040863431480355004	false	1.0
diktatorisch	neg 1.0		__DUMMY__ 0.9181147010870178 off 0.043796099323162564 neg 0.038089199589819614	false	0.5
vorhersehbar	neg 1.0		__DUMMY__ 0.9175617546540841 off 0.04415607969498546 neg 0.03828216565093047	false	0.5
sowie			__DUMMY__ 0.9108464765547988 off 0.05079481305922 neg 0.03835871038598116	false	0.0
stornieren	neg 1.0		__DUMMY__ 0.9243744226080383 off 0.04344269623616779 neg 0.03218288115579395	false	0.5
besteuerung	neg 1.0	neg 1.0	neg 0.5083401715568447 __DUMMY__ 0.4533726461576995 off 0.03828718228545579	false	1.0
ungeschminkt	neg 1.0		__DUMMY__ 0.9153965160403197 off 0.04711204064237978 neg 0.03749144331730062	false	0.5
kritisch	neg 1.0		__DUMMY__ 0.923063084257966 off 0.03968299896056103 neg 0.03725391678147307	false	0.5
schlamperei	off 1.0		__DUMMY__ 0.9241831697216694 off 0.03853779399892108 neg 0.037279036279409546	false	1.0
sucht	neg 1.0	neg 1.0	neg 0.5029523188469921 __DUMMY__ 0.4589601344731252 off 0.03808754667988256	false	1.0
egoistisch	off 1.0	off 1.0	off 0.5163672895190358 __DUMMY__ 0.4508800539652223 neg 0.03275265651574182	false	1.0
ausbeuter	off 1.0		__DUMMY__ 0.9226363719247388 neg 0.03928190113064262 off 0.03808172694461859	false	0.5
arschgeburt	off 1.0		__DUMMY__ 0.902373453813144 off 0.05926896845447078 neg 0.03835757773238508	false	1.0
schubs	neg 1.0		__DUMMY__ 0.9222155207231993 neg 0.03965019762422045 off 0.03813428165258023	false	1.0
unsolide	neg 1.0		__DUMMY__ 0.9196386354880486 off 0.04399509836462057 neg 0.03636626614733085	false	0.5
beschwerde	neg 1.0		__DUMMY__ 0.9237695089228299 off 0.03985722231400286 neg 0.03637326876316716	false	0.5
stocken	neg 1.0		__DUMMY__ 0.9234897271903705 off 0.03892229034401085 neg 0.03758798246561863	false	0.5
isolieren	neg 1.0		__DUMMY__ 0.9215101802710999 off 0.03982017512782035 neg 0.03866964460107968	false	0.5
unheilbar	neg 1.0		__DUMMY__ 0.9218639493017539 off 0.041617663210151215 neg 0.036518387488094974	false	0.5
pisser	off 1.0	off 1.0	off 0.5143351454338473 __DUMMY__ 0.4519238679158729 neg 0.033740986650279844	false	1.0
löschen	neg 1.0		__DUMMY__ 0.9206637984852138 off 0.041780946264284045 neg 0.03755525525050211	false	0.5
durchfallen	neg 1.0		__DUMMY__ 0.9237140447298942 off 0.03935112541056173 neg 0.03693482985954423	false	0.5
wichser	off 1.0	off 1.0	off 0.5205156188420953 __DUMMY__ 0.4455194449828959 neg 0.033964936175008724	false	1.0
terror	neg 1.0		__DUMMY__ 0.9191570005212764 off 0.04387642873707561 neg 0.036966570741648025	false	0.5
krass	neg 1.0		__DUMMY__ 0.9131114074180129 off 0.04992911643901051 neg 0.036959476142976504	false	0.5
revolte	neg 1.0		__DUMMY__ 0.9158948645877318 off 0.044972534181023434 neg 0.039132601231244755	false	0.5
besorgt	neg 1.0		__DUMMY__ 0.9252742451458371 off 0.03953981014980722 neg 0.03518594470435566	false	0.5
nachlassen	neg 1.0		__DUMMY__ 0.9249170526157335 off 0.03853827620626708 neg 0.0365446711779994	false	0.5
alt	neg 1.0		__DUMMY__ 0.920357106018202 neg 0.04179223055216233 off 0.037850663429635646	false	1.0
hundesohn	off 1.0	off 1.0	off 0.5200030071067105 __DUMMY__ 0.4450265095415337 neg 0.03497048335175571	false	1.0
als			__DUMMY__ 0.9224046581879388 off 0.03967761153323329 neg 0.037917730278827895	false	0.0
abschreckung	neg 1.0		__DUMMY__ 0.9248594227248355 off 0.03757710689666145 neg 0.03756347037850301	false	0.5
unqualifiziert	neg 1.0		__DUMMY__ 0.9184182115487001 off 0.04534279853043667 neg 0.036238989920863274	false	0.5
abgewichst	off 1.0		__DUMMY__ 0.9223769032075075 off 0.04091096237596522 neg 0.03671213441652726	false	1.0
schwer	neg 1.0		__DUMMY__ 0.9220561484330605 off 0.04090038990764466 neg 0.03704346165929476	false	0.5
bedeutungslosigkeit	neg 1.0		__DUMMY__ 0.9243568112172929 off 0.03798466674579728 neg 0.03765852203690984	false	0.5
kapitulation	neg 1.0		__DUMMY__ 0.921415598862265 off 0.0395042010292353 neg 0.03908020010849973	false	0.5
unscharf	neg 1.0		__DUMMY__ 0.9160851529740842 off 0.042532490631626306 neg 0.04138235639428951	false	0.5
schwinden	neg 1.0		__DUMMY__ 0.9220978183005005 neg 0.0398808472181556 off 0.03802133448134387	false	1.0
versklavung	neg 1.0	neg 1.0	neg 0.5056960633752238 __DUMMY__ 0.45501066170530147 off 0.0392932749194747	false	1.0
schlecht	neg 1.0		__DUMMY__ 0.9184228266726642 off 0.0462330042132914 neg 0.03534416911404447	false	0.5
verhasst	neg 1.0		__DUMMY__ 0.9199908197533478 off 0.042876426224645846 neg 0.03713275402200627	false	0.5
beschweren	neg 1.0		__DUMMY__ 0.9213314342453359 off 0.04297706688912047 neg 0.03569149886554364	false	0.5
scheiden	neg 1.0		__DUMMY__ 0.9217848276016132 off 0.04092167674740432 neg 0.03729349565098253	false	0.5
frustriert	neg 1.0		__DUMMY__ 0.9229204587024253 off 0.04024015663678338 neg 0.03683938466079122	false	0.5
schimmelig	neg 1.0		__DUMMY__ 0.9213372482532265 neg 0.04060963505496123 off 0.03805311669181226	false	1.0
fisch	neg 1.0		__DUMMY__ 0.9226430800430873 neg 0.04204790158530712 off 0.03530901837160552	false	1.0
schmuggel	neg 1.0		__DUMMY__ 0.9283387552342417 off 0.036337023427151595 neg 0.03532422133860677	false	0.5
auffallen	neg 1.0		__DUMMY__ 0.9201446383892972 off 0.0433283580710803 neg 0.03652700353962252	false	0.5
konkurrenz	neg 1.0		__DUMMY__ 0.9263687164666721 off 0.03762919808385809 neg 0.0360020854494698	false	0.5
teufelskreis	neg 1.0	neg 1.0	neg 0.506275510889408 __DUMMY__ 0.45643120619431143 off 0.03729328291628049	false	1.0
aufschreien	neg 1.0		__DUMMY__ 0.9183944454601419 off 0.043947239097271086 neg 0.037658315442586875	false	0.5
schuldner	neg 1.0		__DUMMY__ 0.9210369858585015 neg 0.04114704868284768 off 0.0378159654586509	false	1.0
missgeburt	off 1.0	off 1.0	off 0.5182854238733863 __DUMMY__ 0.448616287892257 neg 0.03309828823435667	false	1.0
arbeitslos	neg 1.0		__DUMMY__ 0.9231692612808883 off 0.039366120178263936 neg 0.0374646185408479	false	0.5
befallen	neg 1.0		__DUMMY__ 0.9185968584439822 off 0.040762764289361625 neg 0.040640377266656084	false	0.5
miesepetrig	off 1.0	off 1.0	off 0.5110900377907024 __DUMMY__ 0.4550378490070246 neg 0.033872113202273076	false	1.0
alarmieren	neg 1.0		__DUMMY__ 0.9186959146212679 off 0.04574256147839212 neg 0.03556152390034004	false	0.5
ungeduscht	off 1.0		__DUMMY__ 0.9173764765799147 off 0.04443269397412981 neg 0.03819082944595545	false	1.0
knappheit	neg 1.0		__DUMMY__ 0.9198593623350771 neg 0.04050702058985932 off 0.03963361707506356	false	1.0
schlange	neg 1.0		__DUMMY__ 0.9222442215193727 off 0.041409119633222635 neg 0.03634665884740467	false	0.5
harsch	neg 1.0		__DUMMY__ 0.9152908061462066 off 0.04967622717362052 neg 0.03503296668017283	false	0.5
lang	neg 1.0		__DUMMY__ 0.9204106163106887 off 0.04243918876941861 neg 0.03715019491989268	false	0.5
ziellos	neg 1.0		__DUMMY__ 0.9253310326036399 off 0.03782775510174311 neg 0.03684121229461696	false	0.5
selbstverliebt	neg 1.0		__DUMMY__ 0.9074489619384213 off 0.05646837450406282 neg 0.03608266355751589	false	0.5
beseitigen	neg 1.0		__DUMMY__ 0.9237142383283484 off 0.041093468561090606 neg 0.03519229311056096	false	0.5
dumm	off 1.0		__DUMMY__ 0.9112323857150922 off 0.05200987286279051 neg 0.03675774142211732	false	1.0
arbeitsloser	neg 1.0		__DUMMY__ 0.9279300740680119 off 0.03946893333834818 neg 0.032600992593639994	false	0.5
blitzen	neg 1.0		__DUMMY__ 0.9176411976761775 off 0.044773787511025426 neg 0.03758501481279711	false	0.5
hilflos	neg 1.0		__DUMMY__ 0.9231628485761814 off 0.03924453609415736 neg 0.03759261532966126	false	0.5
eklig	off 1.0		__DUMMY__ 0.9093120932105235 off 0.05232358858890609 neg 0.0383643182005704	false	1.0
begriff			__DUMMY__ 0.9220781479344373 off 0.04107085129271648 neg 0.0368510007728462	false	0.0
hungersnot	neg 1.0		__DUMMY__ 0.9213258077474427 off 0.03966110011011414 neg 0.039013092142443216	false	0.5
ungesetzlich	neg 1.0		__DUMMY__ 0.9184574505033115 off 0.04394366540904224 neg 0.03759888408764632	false	0.5
verschwendung	neg 1.0		__DUMMY__ 0.9239916212455792 neg 0.03820390787274583 off 0.037804470881674934	false	1.0
schmerzvoll	neg 1.0		__DUMMY__ 0.9193363715907209 off 0.042617117948463054 neg 0.038046510460816106	false	0.5
vorzeitig	neg 1.0		__DUMMY__ 0.9189173540365551 off 0.04568947400010555 neg 0.0353931719633393	false	0.5
unvollkommenheit	neg 1.0		__DUMMY__ 0.9223102770816153 off 0.039840768215421686 neg 0.03784895470296305	false	0.5
intervenieren	neg 1.0		__DUMMY__ 0.9214004819750267 neg 0.0399799809899397 off 0.03861953703503363	false	1.0
banause	off 1.0		__DUMMY__ 0.9057200119032003 off 0.05371051934214049 neg 0.040569468754659256	false	1.0
rebell	neg 1.0		__DUMMY__ 0.9239398224373018 neg 0.04188577978505742 off 0.03417439777764082	false	1.0
unlogisch	neg 1.0		__DUMMY__ 0.9142914897206522 off 0.04836198352916495 neg 0.037346526750182865	false	0.5
leiden	neg 1.0		__DUMMY__ 0.9291128750982752 off 0.0361698038784147 neg 0.03471732102331005	false	0.5
abschaffung	neg 1.0		__DUMMY__ 0.9183473115670886 off 0.04243799801027202 neg 0.03921469042263937	false	0.5
sturz	neg 1.0		__DUMMY__ 0.9233425697729705 off 0.04306988890366357 neg 0.03358754132336595	false	0.5
verkleinerung	neg 1.0		__DUMMY__ 0.9140570122004886 off 0.04521710558433129 neg 0.04072588221518004	false	0.5
schmarotzer	off 1.0		__DUMMY__ 0.9226240322255967 off 0.04017959472756218 neg 0.03719637304684115	false	1.0
bestrafung	neg 1.0	neg 1.0	neg 0.5034294472669526 __DUMMY__ 0.4584450806932343 off 0.038125472039813105	false	1.0
achtlos	neg 1.0		__DUMMY__ 0.9237678640159473 off 0.04009980466126948 neg 0.03613233132278318	false	0.5
ungeheuer	neg 1.0		__DUMMY__ 0.9191931979702411 off 0.04152879295838341 neg 0.03927800907137545	false	0.5
