unsolidarisch	neg 1.0		off 0.5195701762275611 neg 0.4735895945590843 __DUMMY__ 0.006840229213354531	false	0.5
nachteilig	neg 1.0		off 0.5180640928858813 neg 0.47501248271161134 __DUMMY__ 0.006923424402507357	false	0.5
skeptisch	neg 1.0		off 0.5164202395889044 neg 0.47665364138365374 __DUMMY__ 0.006926119027441863	false	0.5
schrecklich	neg 1.0		off 0.5280328792189983 neg 0.4651892900708301 __DUMMY__ 0.006777830710171521	false	0.5
schlapp	neg 1.0	neg 1.0	neg 0.7184802754676125 off 0.27828695242683754 __DUMMY__ 0.003232772105549997	false	1.0
abfall	neg 1.0		off 0.5152107855965176 neg 0.4778091836132779 __DUMMY__ 0.00698003079020457	false	0.5
widerspenstig	neg 1.0		off 0.5187498697771279 neg 0.47438752561676395 __DUMMY__ 0.006862604606108088	false	0.5
abrupt	neg 1.0		off 0.5143680759437418 neg 0.47872941456410195 __DUMMY__ 0.006902509492156192	false	0.5
unwirksam	neg 1.0		off 0.516030886929475 neg 0.47717653476054783 __DUMMY__ 0.006792578309977196	false	0.5
angreifen	neg 1.0		off 0.5163384056625223 neg 0.4767231449626721 __DUMMY__ 0.0069384493748054325	false	0.5
inkonsistent	neg 1.0		off 0.5207401221116784 neg 0.47244469859858507 __DUMMY__ 0.006815179289736535	false	0.5
abrutschen	neg 1.0		off 0.5142631683850782 neg 0.47876406406317573 __DUMMY__ 0.006972767551746141	false	0.5
unsicher	neg 1.0		off 0.5210460292180223 neg 0.4720628450043802 __DUMMY__ 0.006891125777597248	false	0.5
bauernkind	off 1.0	off 1.0	off 0.7484224237454941 neg 0.24841619147773703 __DUMMY__ 0.0031613847767688525	false	1.0
angreifer	neg 1.0		off 0.5266269848371431 neg 0.46648946310748174 __DUMMY__ 0.00688355205537526	false	0.5
trennen	neg 1.0		off 0.516679624955498 neg 0.4763713538637089 __DUMMY__ 0.00694902118079308	false	0.5
schmutz	neg 1.0		off 0.5268978419478889 neg 0.4661964946108726 __DUMMY__ 0.0069056634412384575	false	0.5
inkonsistenz	neg 1.0		off 0.5246797605478439 neg 0.4684959189989243 __DUMMY__ 0.006824320453231846	false	0.5
erschreckend	neg 1.0		off 0.5197331087220766 neg 0.47338200082481185 __DUMMY__ 0.006884890453111529	false	0.5
ertrinken	neg 1.0		off 0.5145547409358977 neg 0.4785242213819895 __DUMMY__ 0.0069210376821128685	false	0.5
pickelface	off 1.0		off 0.5204704857899906 neg 0.4726648893964491 __DUMMY__ 0.006864624813560417	false	1.0
seiner			off 0.5173374136688583 neg 0.4757175539925276 __DUMMY__ 0.006945032338614125	false	0.0
lauch	neg 1.0	neg 1.0	neg 0.7243783802143371 off 0.27231989896185205 __DUMMY__ 0.0033017208238107928	false	1.0
unwichtig	neg 1.0		off 0.5246073941168151 neg 0.4685679836195148 __DUMMY__ 0.0068246222636701775	false	0.5
steuerhinterziehung	neg 1.0		off 0.5189266837033235 neg 0.4742054940726829 __DUMMY__ 0.006867822223993697	false	0.5
schock	neg 1.0		off 0.5192302110347166 neg 0.4738712381625938 __DUMMY__ 0.006898550802689746	false	0.5
beule	neg 1.0		off 0.5253049478876525 neg 0.4679165883552873 __DUMMY__ 0.006778463757060193	false	0.5
vergelten	neg 1.0		off 0.5292122073048348 neg 0.4640142102411394 __DUMMY__ 0.006773582454025768	false	0.5
verdorbenheit	neg 1.0		off 0.5214625201851596 neg 0.47167359354223987 __DUMMY__ 0.006863886272600432	false	0.5
trauma	neg 1.0		off 0.5209063373077045 neg 0.47224308018501 __DUMMY__ 0.0068505825072854585	false	0.5
sinnlos	neg 1.0		off 0.5221466851091106 neg 0.4709962062011816 __DUMMY__ 0.006857108689707851	false	0.5
fettsack	off 1.0	off 1.0	off 0.7497150983005885 neg 0.24711919905533455 __DUMMY__ 0.0031657026440769765	false	1.0
feige	off 1.0	off 1.0	off 0.7484119338660287 neg 0.2483623413674519 __DUMMY__ 0.0032257247665194275	false	1.0
abdanken	neg 1.0		off 0.5215758158898149 neg 0.47152178231896064 __DUMMY__ 0.0069024017912242665	false	0.5
wichtigtuer	off 1.0	off 1.0	off 0.7476916870908688 neg 0.2490525538254085 __DUMMY__ 0.0032557590837227076	false	1.0
misslingen	neg 1.0		off 0.5236915930262923 neg 0.46941584846100703 __DUMMY__ 0.0068925585127006745	false	0.5
untreu	off 1.0		off 0.5255066146854885 neg 0.46768390929598097 __DUMMY__ 0.006809476018530463	false	1.0
missmutig	neg 1.0		off 0.5230598506590073 neg 0.47011021836613437 __DUMMY__ 0.006829930974858322	false	0.5
hurenbock	off 1.0		off 0.5159699105047262 neg 0.47723302689413877 __DUMMY__ 0.0067970626011351325	false	1.0
betrunken	neg 1.0		off 0.5268388872498839 neg 0.4663767097950356 __DUMMY__ 0.006784402955080558	false	0.5
korrupt	off 1.0		off 0.5179737886430474 neg 0.47516166156004347 __DUMMY__ 0.006864549796909113	false	1.0
unmut	neg 1.0		off 0.5151909721332955 neg 0.4778599265133345 __DUMMY__ 0.006949101353370143	false	0.5
hackfresse	off 1.0		off 0.5314922113835963 neg 0.46178464683733794 __DUMMY__ 0.006723141779065736	false	1.0
aufblasen	neg 1.0		off 0.5205664296874312 neg 0.47256305656110664 __DUMMY__ 0.006870513751462209	false	0.5
gewaltsam	neg 1.0		off 0.5217708402076918 neg 0.47132525670290704 __DUMMY__ 0.006903903089401185	false	0.5
unbeliebtheit	neg 1.0		off 0.5257209409709234 neg 0.4674690809697867 __DUMMY__ 0.006809978059289832	false	0.5
sturheit	neg 1.0		off 0.5211047501611117 neg 0.47198764289815986 __DUMMY__ 0.006907606940728535	false	0.5
kuh	neg 1.0		off 0.5153541186538371 neg 0.477925169412127 __DUMMY__ 0.006720711934035965	false	0.5
erschrecken	neg 1.0		off 0.5238413196128369 neg 0.4693240895236826 __DUMMY__ 0.006834590863480513	false	0.5
opfer	neg 1.0		off 0.5203653275295257 neg 0.4726804506827251 __DUMMY__ 0.0069542217877491905	false	0.5
sinken	neg 1.0		off 0.5137256033055015 neg 0.4793608640357485 __DUMMY__ 0.0069135326587498516	false	0.5
stinktier	neg 1.0		off 0.5248919746605658 neg 0.4684339569754916 __DUMMY__ 0.006674068363942431	false	0.5
tucke	off 1.0		off 0.5292648143524752 neg 0.46409692843334 __DUMMY__ 0.006638257214184853	false	1.0
ein			off 0.5174583419767526 neg 0.47569124435712506 __DUMMY__ 0.006850413666122281	false	0.0
abstieg	neg 1.0		off 0.5218966791126094 neg 0.47115414412436607 __DUMMY__ 0.006949176763024454	false	0.5
missverstehen	neg 1.0		off 0.523047040973843 neg 0.4701038375167093 __DUMMY__ 0.006849121509447697	false	0.5
ergebnislos	neg 1.0		off 0.5193488145310278 neg 0.47370563624969303 __DUMMY__ 0.006945549219279263	false	0.5
unter			off 0.512378036150535 neg 0.48058807127684366 __DUMMY__ 0.007033892572621188	false	0.0
manipulieren	neg 1.0		off 0.5175406797639478 neg 0.47552462347596525 __DUMMY__ 0.006934696760087015	false	0.5
unbewiesen	neg 1.0	neg 1.0	neg 0.7202059988047225 off 0.27653419598936074 __DUMMY__ 0.0032598052059167925	false	1.0
verschleppen	neg 1.0		off 0.5181807571023922 neg 0.4749158926356933 __DUMMY__ 0.006903350261914501	false	0.5
weib	off 1.0		off 0.5312034368846666 neg 0.46212831831237566 __DUMMY__ 0.00666824480295766	false	1.0
opposition	neg 1.0		off 0.520551866079687 neg 0.47261192349244774 __DUMMY__ 0.006836210427865421	false	0.5
verkehrswidrig	neg 1.0		off 0.5310668022840493 neg 0.46214573682055987 __DUMMY__ 0.006787460895390841	false	0.5
inkorrekt	neg 1.0		off 0.5274907855024212 neg 0.4657358175073348 __DUMMY__ 0.006773396990243949	false	0.5
vermeiden	neg 1.0		off 0.5138881829206615 neg 0.47913370822924456 __DUMMY__ 0.00697810885009377	false	0.5
abweichung	neg 1.0	neg 1.0	neg 0.7209021969397545 off 0.27580571284522765 __DUMMY__ 0.003292090215017775	false	1.0
alkoholisiert	neg 1.0		off 0.520179865108679 neg 0.47283621806443354 __DUMMY__ 0.006983916826887434	false	0.5
scheiss	off 1.0	off 1.0	off 0.7485216426535761 neg 0.24827044910850624 __DUMMY__ 0.0032079082379175405	false	1.0
herausforderung	neg 1.0		off 0.5183856481548806 neg 0.47471000674452113 __DUMMY__ 0.006904345100598101	false	0.5
pervers	off 1.0		off 0.5341605637775118 neg 0.4591808781170978 __DUMMY__ 0.006658558105390425	false	1.0
wackelig	neg 1.0		off 0.5190401758532617 neg 0.47404354703285 __DUMMY__ 0.006916277113888351	false	0.5
verwickeln	neg 1.0		off 0.5225252947382438 neg 0.47061268750155966 __DUMMY__ 0.006862017760196525	false	0.5
vorwand	neg 1.0		off 0.5157831785722311 neg 0.47727796882632656 __DUMMY__ 0.0069388526014423	false	0.5
muschi	off 1.0		off 0.5205375746576361 neg 0.4725719580606173 __DUMMY__ 0.0068904672817466425	false	1.0
entmutigung	neg 1.0		off 0.5198428661236443 neg 0.4733506911356659 __DUMMY__ 0.006806442740689934	false	0.5
unangemessen	neg 1.0		off 0.5201429273720989 neg 0.47295731427136384 __DUMMY__ 0.00689975835653728	false	0.5
unstetig	neg 1.0		off 0.5230541942459584 neg 0.47012681636941134 __DUMMY__ 0.006818989384630265	false	0.5
entmutigen	neg 1.0		off 0.5213141593835956 neg 0.4718182441445222 __DUMMY__ 0.006867596471882211	false	0.5
schwanz	neg 1.0		off 0.5177147875263544 neg 0.47539064492116695 __DUMMY__ 0.0068945675524785715	false	0.5
verbot	neg 1.0		off 0.5181818245932744 neg 0.4749420544306759 __DUMMY__ 0.0068761209760497205	false	0.5
leid	neg 1.0		off 0.5290251699143071 neg 0.4642215154278585 __DUMMY__ 0.006753314657834275	false	0.5
archaisch	neg 1.0		off 0.5182430096074998 neg 0.4748792119227754 __DUMMY__ 0.006877778469724744	false	0.5
gegen			off 0.5173589979546597 neg 0.4756695581708169 __DUMMY__ 0.0069714438745235915	false	0.0
scheidung	neg 1.0		off 0.5407537265008401 neg 0.452562641172044 __DUMMY__ 0.006683632327115934	false	0.5
einschlag	neg 1.0		off 0.5310093091116549 neg 0.46217537992622637 __DUMMY__ 0.006815310962118715	false	0.5
m			off 0.518936779140552 neg 0.47415940498001563 __DUMMY__ 0.006903815879432408	false	0.0
abgestanden	neg 1.0		off 0.514503514863699 neg 0.47871702761732077 __DUMMY__ 0.006779457518980195	false	0.5
schmierig	off 1.0		off 0.5283530069924193 neg 0.4648956021678553 __DUMMY__ 0.006751390839725558	false	1.0
unpraktisch	neg 1.0		off 0.5221241892459753 neg 0.4710070199825896 __DUMMY__ 0.006868790771435054	false	0.5
wixxer	off 1.0		off 0.5328710712358908 neg 0.46049832847039074 __DUMMY__ 0.006630600293718508	false	1.0
bezeichnet			off 0.5216647564079705 neg 0.4714466638033424 __DUMMY__ 0.006888579788686999	false	0.0
jammerlappen	off 1.0		off 0.5248451556499626 neg 0.4683324939070552 __DUMMY__ 0.006822350442982128	false	1.0
farce	neg 1.0		off 0.5188638597678643 neg 0.4742872355895226 __DUMMY__ 0.006848904642613175	false	0.5
zwecklos	neg 1.0		off 0.5183778348084283 neg 0.47472642784907354 __DUMMY__ 0.006895737342498166	false	0.5
turbulent	neg 1.0		off 0.5252401557575204 neg 0.467985451906753 __DUMMY__ 0.006774392335726551	false	0.5
invasion	neg 1.0		off 0.522372544141037 neg 0.4707841525488586 __DUMMY__ 0.006843303310104643	false	0.5
schuld	neg 1.0		off 0.5218471997109789 neg 0.4712835998749592 __DUMMY__ 0.006869200414061972	false	0.5
risiko	neg 1.0		off 0.5194817129554948 neg 0.4737073308695116 __DUMMY__ 0.006810956174993613	false	0.5
finster	neg 1.0		off 0.5177828676581396 neg 0.47537652145813203 __DUMMY__ 0.006840610883728225	false	0.5
geisteskrank	off 1.0		off 0.5268476124746065 neg 0.46635931252869317 __DUMMY__ 0.006793074996700228	false	1.0
zusammenbrechen	neg 1.0		off 0.5182145841530237 neg 0.47489589675019983 __DUMMY__ 0.006889519096776445	false	0.5
ausbeute	neg 1.0		off 0.5222234579616702 neg 0.47084821075418193 __DUMMY__ 0.006928331284147889	false	0.5
hinterhalt	neg 1.0		off 0.5183752955560275 neg 0.47474924985150074 __DUMMY__ 0.006875454592471786	false	0.5
kritik	neg 1.0		off 0.5186989643815856 neg 0.47444822443683504 __DUMMY__ 0.006852811181579321	false	0.5
einschrumpfen	neg 1.0		off 0.5228227455220134 neg 0.4703920518209915 __DUMMY__ 0.006785202656995172	false	0.5
riskant	neg 1.0		off 0.5159117539642393 neg 0.4771746021421919 __DUMMY__ 0.0069136438935690015	false	0.5
frustrieren	neg 1.0		off 0.5164708905291945 neg 0.47662832750658246 __DUMMY__ 0.006900781964223143	false	0.5
groll	neg 1.0		off 0.5200952746113172 neg 0.47298824022501973 __DUMMY__ 0.00691648516366315	false	0.5
gibt			off 0.5184619862628879 neg 0.47463425122543734 __DUMMY__ 0.006903762511674723	false	0.0
qualvoll	neg 1.0		off 0.5222331276226172 neg 0.47091379389739596 __DUMMY__ 0.006853078479986866	false	0.5
wackeln	neg 1.0		off 0.5203471165525062 neg 0.4727718586822668 __DUMMY__ 0.0068810247652270765	false	0.5
klagen	neg 1.0		off 0.5152826101233804 neg 0.47779151495030286 __DUMMY__ 0.006925874926316778	false	0.5
bankrott	neg 1.0		off 0.525007926403805 neg 0.46815521257689585 __DUMMY__ 0.006836861019299176	false	0.5
trauern	neg 1.0		off 0.5206010565680089 neg 0.47241776244884104 __DUMMY__ 0.006981180983150045	false	0.5
ablehnung	neg 1.0		off 0.5180831786229905 neg 0.4750582064367451 __DUMMY__ 0.0068586149402643844	false	0.5
stur	neg 1.0		off 0.5213111804153142 neg 0.47182826308043657 __DUMMY__ 0.006860556504249272	false	0.5
aufruhr	neg 1.0	neg 1.0	neg 0.7202210980483906 off 0.27650723272024946 __DUMMY__ 0.0032716692313599213	false	1.0
melancholie	neg 1.0		off 0.5142208813149413 neg 0.4788873276486706 __DUMMY__ 0.006891791036388086	false	0.5
ist			off 0.5217299994452499 neg 0.47141330245823854 __DUMMY__ 0.006856698096511644	false	0.0
torheit	neg 1.0		off 0.5213981077547197 neg 0.4717422502765065 __DUMMY__ 0.006859641968773853	false	0.5
dreckskind	off 1.0		off 0.5312241253783064 neg 0.4620835203870757 __DUMMY__ 0.006692354234617874	false	1.0
umtauschen	neg 1.0		off 0.5197000892869365 neg 0.47342177875601477 __DUMMY__ 0.0068781319570488915	false	0.5
zum			off 0.5179748719368763 neg 0.47498754343429694 __DUMMY__ 0.007037584628826709	false	0.0
zersetzen	neg 1.0		off 0.5153256432607729 neg 0.47776739503932436 __DUMMY__ 0.006906961699902664	false	0.5
zur			off 0.5144109637156767 neg 0.4786058080462884 __DUMMY__ 0.006983228238034737	false	0.0
frust	neg 1.0		off 0.5185258780703287 neg 0.4745742168643748 __DUMMY__ 0.006899905065296554	false	0.5
unerbittlichkeit	neg 1.0		off 0.5178120473769773 neg 0.47526172474584183 __DUMMY__ 0.006926227877180842	false	0.5
zwei			off 0.5145896708174085 neg 0.4784145637172949 __DUMMY__ 0.00699576546529674	false	0.0
unkorrekt	neg 1.0		off 0.526628726263888 neg 0.4665848039024401 __DUMMY__ 0.006786469833671705	false	0.5
hexe	off 1.0		off 0.5211171984642846 neg 0.4721127871035292 __DUMMY__ 0.006770014432186203	false	1.0
lasch	neg 1.0		off 0.5246707368156018 neg 0.46849008664067376 __DUMMY__ 0.006839176543724448	false	0.5
rivale	neg 1.0		off 0.5280138974889849 neg 0.46521022253402894 __DUMMY__ 0.00677587997698626	false	0.5
mutlos	off 1.0	off 1.0	off 0.7446831452262123 neg 0.25203758778419766 __DUMMY__ 0.003279266989590033	false	1.0
wirr	off 1.0		off 0.5275151800009529 neg 0.4657303734287874 __DUMMY__ 0.006754446570259704	false	1.0
jahr			off 0.5209628679039122 neg 0.4720447866327483 __DUMMY__ 0.006992345463339456	false	0.0
wird			off 0.5184382910773565 neg 0.4746459890506457 __DUMMY__ 0.0069157198719977265	false	0.0
strafbar	neg 1.0		off 0.5180722802896632 neg 0.4749960687468988 __DUMMY__ 0.006931650963438047	false	0.5
erosion	neg 1.0		off 0.521042560179351 neg 0.4720774186232905 __DUMMY__ 0.0068800211973585	false	0.5
eingehen	neg 1.0		off 0.5162874756714971 neg 0.4768104554327623 __DUMMY__ 0.006902068895740611	false	0.5
faul	off 1.0		off 0.5242674939233524 neg 0.4689015531665445 __DUMMY__ 0.006830952910102911	false	1.0
provisorium	neg 1.0		off 0.5131788823831261 neg 0.47977756905790353 __DUMMY__ 0.0070435485589702175	false	0.5
schmerzen	neg 1.0		off 0.5184317097998878 neg 0.47469627763913036 __DUMMY__ 0.006872012560981971	false	0.5
schrumpfen	neg 1.0		off 0.5112472560064641 neg 0.48181990641700506 __DUMMY__ 0.006932837576530796	false	0.5
geistlos	off 1.0		off 0.5214255106647405 neg 0.4717565096970995 __DUMMY__ 0.006817979638160119	false	1.0
fehlkauf	neg 1.0		off 0.5217829338406674 neg 0.47138389567843375 __DUMMY__ 0.006833170480898857	false	0.5
frustrierend	neg 1.0		off 0.5231882340956894 neg 0.4699846564182841 __DUMMY__ 0.006827109486026481	false	0.5
unzufrieden	neg 1.0		off 0.5185837738343094 neg 0.47451222060288517 __DUMMY__ 0.006904005562805568	false	0.5
verzweifeln	neg 1.0		off 0.5198117671972371 neg 0.473295575642573 __DUMMY__ 0.006892657160189812	false	0.5
verzweifelt	neg 1.0		off 0.5212386088685527 neg 0.4719026873200056 __DUMMY__ 0.006858703811441824	false	0.5
misstrauensantrag	neg 1.0		off 0.5216576973688168 neg 0.4714992825124217 __DUMMY__ 0.006843020118761401	false	0.5
abfallen	neg 1.0		off 0.5198141848308849 neg 0.4733227476196726 __DUMMY__ 0.006863067549442588	false	0.5
fucker	off 1.0		off 0.5280335800886635 neg 0.4651732625336041 __DUMMY__ 0.006793157377732442	false	1.0
ungezogen	neg 1.0		off 0.53299120627453 neg 0.4603147630577747 __DUMMY__ 0.00669403066769537	false	0.5
irrsinnig	neg 1.0	neg 1.0	neg 0.7206606040773119 off 0.27608442947583883 __DUMMY__ 0.003254966446849252	false	1.0
unfassbar	neg 1.0		off 0.5259814205892515 neg 0.467200609640636 __DUMMY__ 0.006817969770112655	false	0.5
hart	neg 1.0		off 0.5208993373369678 neg 0.47236912808656584 __DUMMY__ 0.006731534576466423	false	0.5
widerlich	off 1.0		off 0.5257469679446738 neg 0.4674526791857857 __DUMMY__ 0.00680035286954041	false	1.0
fatal	neg 1.0	neg 1.0	neg 0.7210519629292803 off 0.27572163074221306 __DUMMY__ 0.00322640632850666	false	1.0
bruch	neg 1.0		off 0.5158641847823139 neg 0.4771701374578927 __DUMMY__ 0.006965677759793311	false	0.5
aushungern	neg 1.0		off 0.5184537881169615 neg 0.4746704284165908 __DUMMY__ 0.0068757834664476825	false	0.5
anspannung	neg 1.0		off 0.5153581812781424 neg 0.4776362931812489 __DUMMY__ 0.007005525540608905	false	0.5
von			off 0.5162657550322941 neg 0.476795399818191 __DUMMY__ 0.006938845149514951	false	0.0
kraftlos	neg 1.0		off 0.5179084176316573 neg 0.4751874122619438 __DUMMY__ 0.006904170106398805	false	0.5
vom			off 0.5151789488701392 neg 0.47775819275196235 __DUMMY__ 0.007062858377898447	false	0.0
grenzdebil	off 1.0		off 0.5250837966317548 neg 0.46812014836838156 __DUMMY__ 0.006796054999863722	false	1.0
vor			off 0.5154899755156889 neg 0.4775547867560452 __DUMMY__ 0.006955237728265999	false	0.0
unterwerfen	neg 1.0		off 0.5187275264556549 neg 0.4743453060247368 __DUMMY__ 0.006927167519608487	false	0.5
versenkung	neg 1.0		off 0.5181263079646841 neg 0.4749412646201979 __DUMMY__ 0.006932427415118048	false	0.5
entziehen	neg 1.0		off 0.5155624722723454 neg 0.4774993235115994 __DUMMY__ 0.0069382042160551	false	0.5
finanzkrise	neg 1.0		off 0.5142337471616727 neg 0.47897927825889797 __DUMMY__ 0.006786974579429332	false	0.5
schimpfend	neg 1.0		off 0.5224372854709555 neg 0.47067615113403743 __DUMMY__ 0.006886563395007179	false	0.5
profan	neg 1.0		off 0.5218628205600067 neg 0.47129621257230553 __DUMMY__ 0.006840966867687851	false	0.5
korruption	neg 1.0		off 0.5170365370098743 neg 0.4760963815140471 __DUMMY__ 0.00686708147607859	false	0.5
â			off 0.5177148345984308 neg 0.47538562810950213 __DUMMY__ 0.006899537292067072	false	0.0
schmutzig	neg 1.0		off 0.5256649914496764 neg 0.4675334855524777 __DUMMY__ 0.006801522997845818	false	0.5
sexy	neg 1.0		off 0.5242024182382253 neg 0.46895539142611486 __DUMMY__ 0.006842190335659908	false	0.5
abraten	neg 1.0		off 0.5223591290367345 neg 0.4707810853068277 __DUMMY__ 0.006859785656437718	false	0.5
schwarz	neg 1.0		off 0.522467994867259 neg 0.4706786983029244 __DUMMY__ 0.0068533068298163805	false	0.5
fotze	off 1.0	off 1.0	off 0.7451139619736984 neg 0.2516099125068742 __DUMMY__ 0.0032761255194274364	false	1.0
verwirren	neg 1.0		off 0.522820793854137 neg 0.47032908398660606 __DUMMY__ 0.006850122159256992	false	0.5
zahnlos	off 1.0		off 0.5194255320743653 neg 0.4736800778311929 __DUMMY__ 0.00689439009444177	false	1.0
verheeren	neg 1.0		off 0.5345746690580441 neg 0.4587358381042761 __DUMMY__ 0.006689492837679983	false	0.5
hippie	neg 1.0		off 0.5233958125829622 neg 0.4697665276067441 __DUMMY__ 0.006837659810293669	false	0.5
rammen	neg 1.0		off 0.5205450556380794 neg 0.4725935251155649 __DUMMY__ 0.00686141924635571	false	0.5
unlauter	neg 1.0		off 0.5210019822271318 neg 0.4721655228478795 __DUMMY__ 0.006832494924988691	false	0.5
unheilvoll	neg 1.0		off 0.5204394292620537 neg 0.47271464579299804 __DUMMY__ 0.006845924944948322	false	0.5
niedrig	neg 1.0		off 0.515971006967076 neg 0.4771534857693704 __DUMMY__ 0.006875507263553695	false	0.5
explosion	neg 1.0		off 0.5236005019307902 neg 0.4695569910146664 __DUMMY__ 0.006842507054543348	false	0.5
weichei	off 1.0	off 1.0	off 0.7501113913283521 neg 0.24670787201993105 __DUMMY__ 0.003180736651716727	false	1.0
minusmensch	off 1.0		off 0.5326887244105846 neg 0.4606443917388266 __DUMMY__ 0.0066668838505888625	false	1.0
farblos	neg 1.0		off 0.521001123641804 neg 0.4721463322270577 __DUMMY__ 0.00685254413113836	false	0.5
unwissend	neg 1.0	neg 1.0	neg 0.7189853087560412 off 0.2777845811152809 __DUMMY__ 0.0032301101286778644	false	1.0
traurig	neg 1.0		off 0.5278733051358458 neg 0.46534150414845177 __DUMMY__ 0.0067851907157023775	false	0.5
senkung	neg 1.0		off 0.5194966242860716 neg 0.47371578843790424 __DUMMY__ 0.006787587276024183	false	0.5
ungleich	neg 1.0	neg 1.0	neg 0.7224242527584153 off 0.2742950156981102 __DUMMY__ 0.0032807315434744554	false	1.0
heikel	neg 1.0		off 0.5169360489837561 neg 0.4761398043279965 __DUMMY__ 0.006924146688247408	false	0.5
drosselung	neg 1.0		off 0.5223897125860676 neg 0.47086260332045776 __DUMMY__ 0.006747684093474674	false	0.5
falsch	neg 1.0		off 0.5245499648537757 neg 0.4686082967746355 __DUMMY__ 0.006841738371588894	false	0.5
unzufriedenheit	neg 1.0		off 0.5148716788193203 neg 0.47822893273033623 __DUMMY__ 0.006899388450343457	false	0.5
kurz	neg 1.0		off 0.5198949010193924 neg 0.47318627715452577 __DUMMY__ 0.00691882182608182	false	0.5
unsinnig	neg 1.0		off 0.5182360829008613 neg 0.47490034229007266 __DUMMY__ 0.0068635748090661395	false	0.5
penner	off 1.0	off 1.0	off 0.7515023670926683 neg 0.24531798962000256 __DUMMY__ 0.003179643287329185	false	1.0
seicht	neg 1.0		off 0.5303152394249839 neg 0.4630124733944653 __DUMMY__ 0.00667228718055093	false	0.5
dummheit	off 1.0	off 1.0	off 0.7467433998496844 neg 0.25001799155192456 __DUMMY__ 0.003238608598391091	false	1.0
unerfreulich	neg 1.0		off 0.5162202406681549 neg 0.4768589495547484 __DUMMY__ 0.006920809777096715	false	0.5
motherfucker	off 1.0	off 1.0	off 0.7494481885645609 neg 0.24733336179570148 __DUMMY__ 0.0032184496397377436	false	1.0
pikiert	neg 1.0		off 0.5244026193735464 neg 0.468792124043711 __DUMMY__ 0.006805256582742749	false	0.5
wrack	neg 1.0		off 0.5232094558774687 neg 0.4698273210445255 __DUMMY__ 0.0069632230780059525	false	0.5
gangster	neg 1.0		off 0.5235193398530245 neg 0.46964636047385466 __DUMMY__ 0.006834299673120854	false	0.5
krank	neg 1.0		off 0.5265958509404584 neg 0.4665873737191442 __DUMMY__ 0.00681677534039747	false	0.5
reich	neg 1.0		off 0.5209293299573681 neg 0.47229398293549213 __DUMMY__ 0.006776687107139714	false	0.5
gnadenlos	neg 1.0		off 0.5218898341901793 neg 0.47123370599118847 __DUMMY__ 0.0068764598186320915	false	0.5
niedergeschlagen	neg 1.0		off 0.5201386181774443 neg 0.47293112657485603 __DUMMY__ 0.0069302552476996305	false	0.5
terrorisieren	off 1.0	off 1.0	off 0.7447859583389635 neg 0.25191892186508613 __DUMMY__ 0.0032951197959502627	false	1.0
sinnlosigkeit	neg 1.0		off 0.5188013766529501 neg 0.47430291004809344 __DUMMY__ 0.006895713298956435	false	0.5
behindern	neg 1.0		off 0.5195404595269063 neg 0.47359276467831435 __DUMMY__ 0.006866775794779262	false	0.5
undemokratisch	neg 1.0		off 0.5214164615098706 neg 0.4717490608998596 __DUMMY__ 0.006834477590269737	false	0.5
wirtschaftskrise	neg 1.0		off 0.5152568567525637 neg 0.4778952314889259 __DUMMY__ 0.0068479117585103525	false	0.5
neid	neg 1.0		off 0.5233775126085589 neg 0.46978355937507305 __DUMMY__ 0.006838928016368071	false	0.5
rutschen	neg 1.0		off 0.5139442605344562 neg 0.47906381682957627 __DUMMY__ 0.006991922635967355	false	0.5
rezession	neg 1.0		off 0.5231095422043331 neg 0.4701871942439353 __DUMMY__ 0.006703263551731495	false	0.5
fehlgeburt	neg 1.0		off 0.5222527606492651 neg 0.47085589800025734 __DUMMY__ 0.006891341350477603	false	0.5
charakterschwach	off 1.0		off 0.5246780580256064 neg 0.46852659041991823 __DUMMY__ 0.006795351554475351	false	1.0
isolation	neg 1.0		off 0.525026356054533 neg 0.4681231973913235 __DUMMY__ 0.006850446554143583	false	0.5
ablenkung	neg 1.0		off 0.5209084512290555 neg 0.4721997623318492 __DUMMY__ 0.006891786439095313	false	0.5
pech	neg 1.0		off 0.5236185148068855 neg 0.4695613425959039 __DUMMY__ 0.006820142597210723	false	0.5
vermeidung	neg 1.0		off 0.5246224787540875 neg 0.4685909018268273 __DUMMY__ 0.006786619419085372	false	0.5
dominieren	neg 1.0		off 0.5193777569086742 neg 0.47372769710226814 __DUMMY__ 0.00689454598905759	false	0.5
schwindlig	neg 1.0		off 0.5214486568481751 neg 0.47170896722861594 __DUMMY__ 0.006842375923208983	false	0.5
lutscher	neg 1.0	neg 1.0	neg 0.7149012381714613 off 0.2819517371579177 __DUMMY__ 0.0031470246706210387	false	1.0
pflicht	neg 1.0		off 0.516605077190611 neg 0.4764437584272582 __DUMMY__ 0.0069511643821306875	false	0.5
faschist	off 1.0		off 0.5246266455165343 neg 0.4685264492854098 __DUMMY__ 0.006846905198056051	false	1.0
verschleudern	neg 1.0		off 0.5139793421535594 neg 0.4791621443207891 __DUMMY__ 0.006858513525651577	false	0.5
wenn			off 0.5244581417350108 neg 0.4687182097127158 __DUMMY__ 0.0068236485522732634	false	0.0
ehebruch	neg 1.0		off 0.5184660387548774 neg 0.47462351733228914 __DUMMY__ 0.006910443912833506	false	0.5
spott	off 1.0		off 0.5191402729191347 neg 0.47393490616881095 __DUMMY__ 0.006924820912054414	false	1.0
trostlosigkeit	neg 1.0		off 0.5134826612380909 neg 0.4796129720646376 __DUMMY__ 0.006904366697271514	false	0.5
lutschen	neg 1.0		off 0.5233179499708568 neg 0.46986512789341667 __DUMMY__ 0.006816922135726443	false	0.5
undiszipliniert	neg 1.0		off 0.5268833952877348 neg 0.4663308346895812 __DUMMY__ 0.006785770022684143	false	0.5
kopfschmerz	neg 1.0		off 0.5149480128160209 neg 0.4781865759935857 __DUMMY__ 0.006865411190393381	false	0.5
unvorhergesehen	neg 1.0		off 0.5174987066501454 neg 0.4755445914758214 __DUMMY__ 0.006956701874033126	false	0.5
desinteressiert	neg 1.0		off 0.526169046829134 neg 0.4670409126684516 __DUMMY__ 0.006790040502414422	false	0.5
armselig	off 1.0		off 0.5287775174150856 neg 0.46444431998607083 __DUMMY__ 0.006778162598843466	false	1.0
desaster	neg 1.0		off 0.5145754915274379 neg 0.4784914629635654 __DUMMY__ 0.00693304550899678	false	0.5
tod	neg 1.0		off 0.5180722416353614 neg 0.475005321850905 __DUMMY__ 0.006922436513733519	false	0.5
herzlos	neg 1.0		off 0.5280701110597984 neg 0.4651506443904262 __DUMMY__ 0.006779244549775257	false	0.5
unwissenheit	neg 1.0		off 0.5183710916391382 neg 0.47473270607523693 __DUMMY__ 0.006896202285624815	false	0.5
widersinnig	neg 1.0		off 0.5174483879479789 neg 0.4757026606450068 __DUMMY__ 0.006848951407014261	false	0.5
bedenklich	neg 1.0		off 0.5169276705912209 neg 0.4761778384740294 __DUMMY__ 0.006894490934749641	false	0.5
beanstanden	neg 1.0		off 0.5178758749810558 neg 0.47516904208031135 __DUMMY__ 0.006955082938632861	false	0.5
panisch	neg 1.0		off 0.5231291305679144 neg 0.4699982198126251 __DUMMY__ 0.006872649619460642	false	0.5
debil	off 1.0		off 0.51102079058178 neg 0.4819856274901485 __DUMMY__ 0.00699358192807137	false	1.0
abstrich	neg 1.0		off 0.5184095477983796 neg 0.474717470952672 __DUMMY__ 0.006872981248948484	false	0.5
primitiv	neg 1.0		off 0.5267506735031368 neg 0.46645323658239063 __DUMMY__ 0.006796089914472531	false	0.5
abschaum	off 1.0	off 1.0	off 0.7492095461281316 neg 0.24754817767519932 __DUMMY__ 0.0032422761966691463	false	1.0
provozieren	neg 1.0		off 0.5212943304453432 neg 0.47183950619908777 __DUMMY__ 0.006866163355568914	false	0.5
tot	neg 1.0		off 0.5170523231768054 neg 0.4760778760156414 __DUMMY__ 0.006869800807553161	false	0.5
instabil	neg 1.0		off 0.5267873893325595 neg 0.4664728599231604 __DUMMY__ 0.0067397507442798705	false	0.5
schwuchtel	off 1.0	off 1.0	off 0.7540977242890263 neg 0.24277455421302646 __DUMMY__ 0.003127721497947137	false	1.0
zerren	neg 1.0		off 0.5192546477504814 neg 0.47382556125360303 __DUMMY__ 0.006919790995915538	false	0.5
kinderficker	off 1.0		off 0.5306033400549622 neg 0.4626467268589918 __DUMMY__ 0.006749933086045854	false	1.0
gefahr	neg 1.0		off 0.5174808822762047 neg 0.475566438094999 __DUMMY__ 0.006952679628796292	false	0.5
rabiat	neg 1.0		off 0.5196173098829282 neg 0.4735011509266493 __DUMMY__ 0.006881539190422473	false	0.5
verlangsamung	neg 1.0		off 0.5302227938054233 neg 0.4630736646881806 __DUMMY__ 0.006703541506396296	false	0.5
ausgestorben	neg 1.0		off 0.5198301582368131 neg 0.4732744200751724 __DUMMY__ 0.00689542168801441	false	0.5
anklagen	neg 1.0		off 0.5199210033183931 neg 0.47317731831024396 __DUMMY__ 0.006901678371362985	false	0.5
trott	neg 1.0		off 0.5204904061378162 neg 0.4726324984607225 __DUMMY__ 0.006877095401461326	false	0.5
verminderung	neg 1.0		off 0.5250765352199843 neg 0.4681318672017674 __DUMMY__ 0.006791597578248328	false	0.5
nach			off 0.5140296175970842 neg 0.47894823607821774 __DUMMY__ 0.0070221463246982275	false	0.0
rost	neg 1.0		off 0.5348445514900314 neg 0.4584124564771315 __DUMMY__ 0.006742992032837187	false	0.5
destruktiv	neg 1.0		off 0.5197996416630167 neg 0.47333205222779745 __DUMMY__ 0.006868306109185991	false	0.5
unzumutbarkeit	neg 1.0		off 0.5249711424316329 neg 0.46823544555994356 __DUMMY__ 0.006793412008423574	false	0.5
labil	off 1.0	off 1.0	off 0.7479241237281378 neg 0.2488441040103138 __DUMMY__ 0.003231772261548541	false	1.0
ziemlich	neg 1.0		off 0.5258592144641601 neg 0.46731783374327013 __DUMMY__ 0.0068229517925698716	false	0.5
lachnummer	off 1.0		off 0.521939624032511 neg 0.4711728142658557 __DUMMY__ 0.006887561701633191	false	1.0
oder			off 0.5217275535197599 neg 0.47138729140947894 __DUMMY__ 0.00688515507076107	false	0.0
verfall	neg 1.0		off 0.5116496828792102 neg 0.48141480784709734 __DUMMY__ 0.0069355092736923885	false	0.5
ausgrenzung	neg 1.0		off 0.5209937472837419 neg 0.47217655608914705 __DUMMY__ 0.00682969662711102	false	0.5
unordnung	neg 1.0		off 0.5281550820206127 neg 0.46509554119403207 __DUMMY__ 0.006749376785355404	false	0.5
fehlverhalten	neg 1.0		off 0.5173244203954609 neg 0.4757541028915586 __DUMMY__ 0.006921476712980473	false	0.5
eine			off 0.515237549989532 neg 0.47782441365961725 __DUMMY__ 0.00693803635085072	false	0.0
nille	neg 1.0		off 0.5208796565691429 neg 0.4722448461962977 __DUMMY__ 0.0068754972345593255	false	0.5
qual	neg 1.0		off 0.5198968575885172 neg 0.4732273073595667 __DUMMY__ 0.006875835051916111	false	0.5
verschwenden	neg 1.0		off 0.5153731112854822 neg 0.47772970653326896 __DUMMY__ 0.006897182181248624	false	0.5
riesig	neg 1.0		off 0.5179891752432332 neg 0.4750872960108148 __DUMMY__ 0.006923528745952139	false	0.5
verurteilen	neg 1.0		off 0.5193873566868202 neg 0.4737116865946234 __DUMMY__ 0.006900956718556342	false	0.5
klischee	neg 1.0	neg 1.0	neg 0.7195719613596894 off 0.2771946127945074 __DUMMY__ 0.0032334258458031457	false	1.0
diktatorisch	neg 1.0		off 0.5213479417347913 neg 0.4718211250243963 __DUMMY__ 0.00683093324081237	false	0.5
vorhersehbar	neg 1.0		off 0.5219328754567445 neg 0.47124329884023125 __DUMMY__ 0.006823825703024262	false	0.5
sowie			off 0.5280388942133737 neg 0.4652357926271715 __DUMMY__ 0.006725313159454662	false	0.0
stornieren	neg 1.0		off 0.5268351210141616 neg 0.46625990636742193 __DUMMY__ 0.006904972618416503	false	0.5
besteuerung	neg 1.0	neg 1.0	neg 0.7227021457796036 off 0.27407581500693967 __DUMMY__ 0.0032220392134567244	false	1.0
ungeschminkt	neg 1.0		off 0.5259436951983674 neg 0.4672759586071378 __DUMMY__ 0.00678034619449486	false	0.5
kritisch	neg 1.0		off 0.5185950695256509 neg 0.4745038339682694 __DUMMY__ 0.006901096506079774	false	0.5
schlamperei	off 1.0		off 0.5174935611590108 neg 0.4755934170689423 __DUMMY__ 0.006913021772046856	false	1.0
sucht	neg 1.0	neg 1.0	neg 0.7198113230391704 off 0.2769265667025405 __DUMMY__ 0.0032621102582889925	false	1.0
egoistisch	off 1.0	off 1.0	off 0.7512955559112018 neg 0.24550220192619016 __DUMMY__ 0.00320224216260794	false	1.0
ausbeuter	off 1.0		off 0.5153288981809703 neg 0.47777554012829654 __DUMMY__ 0.006895561690733167	false	1.0
arschgeburt	off 1.0		off 0.535203039429652 neg 0.45818563660889405 __DUMMY__ 0.006611323961454038	false	1.0
schubs	neg 1.0		off 0.5160341462379936 neg 0.4770904226297723 __DUMMY__ 0.0068754311322342596	false	0.5
unsolide	neg 1.0		off 0.5232030706104838 neg 0.46995007076594636 __DUMMY__ 0.006846858623569914	false	0.5
beschwerde	neg 1.0		off 0.5195065796171756 neg 0.4735872542797829 __DUMMY__ 0.0069061661030415285	false	0.5
stocken	neg 1.0		off 0.5175565899040616 neg 0.47554103514635204 __DUMMY__ 0.006902374949586463	false	0.5
isolieren	neg 1.0		off 0.5173380157286926 neg 0.4757877777273538 __DUMMY__ 0.0068742065439534985	false	0.5
unheilbar	neg 1.0		off 0.5210546219198491 neg 0.4720636993329265 __DUMMY__ 0.006881678747224399	false	0.5
pisser	off 1.0	off 1.0	off 0.7496798742690627 neg 0.24711007185422332 __DUMMY__ 0.0032100538767140603	false	1.0
löschen	neg 1.0		off 0.520581739026021 neg 0.47255452155070693 __DUMMY__ 0.006863739423272117	false	0.5
durchfallen	neg 1.0		off 0.518809583820658 neg 0.4742821998768955 __DUMMY__ 0.006908216302446372	false	0.5
wichser	off 1.0	off 1.0	off 0.7527827754404008 neg 0.24405760883679595 __DUMMY__ 0.0031596157228031526	false	1.0
terror	neg 1.0		off 0.5232069110363687 neg 0.46995463336986126 __DUMMY__ 0.006838455593769927	false	0.5
krass	neg 1.0		off 0.528875438125524 neg 0.4643746130325976 __DUMMY__ 0.006749948841878382	false	0.5
revolte	neg 1.0		off 0.5215935845554827 neg 0.4716063462054323 __DUMMY__ 0.006800069239085146	false	0.5
besorgt	neg 1.0		off 0.520625255616792 neg 0.4724474072679849 __DUMMY__ 0.006927337115223205	false	0.5
nachlassen	neg 1.0		off 0.518591921059448 neg 0.47448967917550855 __DUMMY__ 0.0069183997650434665	false	0.5
alt	neg 1.0		off 0.5138780527993256 neg 0.4792732382099085 __DUMMY__ 0.006848708990765814	false	0.5
hundesohn	off 1.0	off 1.0	off 0.7517679196602596 neg 0.24507448526879574 __DUMMY__ 0.003157595070944758	false	1.0
als			off 0.5183018623942233 neg 0.47480750387553317 __DUMMY__ 0.006890633730243626	false	0.0
abschreckung	neg 1.0		off 0.516355036319247 neg 0.4767197611779335 __DUMMY__ 0.006925202502819599	false	0.5
unqualifiziert	neg 1.0		off 0.524738076701463 neg 0.46842761151865764 __DUMMY__ 0.006834311779879422	false	0.5
abgewichst	off 1.0		off 0.5205924585660997 neg 0.47252145345638213 __DUMMY__ 0.006886087977518194	false	1.0
schwer	neg 1.0		off 0.5202083201486961 neg 0.4729051236787489 __DUMMY__ 0.006886556172555153	false	0.5
bedeutungslosigkeit	neg 1.0		off 0.5167026358395933 neg 0.4763782649266106 __DUMMY__ 0.006919099233796138	false	0.5
kapitulation	neg 1.0		off 0.5167027238184265 neg 0.47641984376473734 __DUMMY__ 0.006877432416836242	false	0.5
unscharf	neg 1.0		off 0.5185978272582972 neg 0.47461218948366646 __DUMMY__ 0.006789983258036348	false	0.5
schwinden	neg 1.0		off 0.5146090028586244 neg 0.478505662727816 __DUMMY__ 0.0068853344135596534	false	0.5
versklavung	neg 1.0	neg 1.0	neg 0.7210446332357084 off 0.2757165145520773 __DUMMY__ 0.0032388522122142175	false	1.0
schlecht	neg 1.0		off 0.5265596427322214 neg 0.4666095027509005 __DUMMY__ 0.006830854516877913	false	0.5
verhasst	neg 1.0		off 0.5217994483500958 neg 0.47134331095629894 __DUMMY__ 0.006857240693605208	false	0.5
beschweren	neg 1.0		off 0.5232708799893743 neg 0.4698550029249168 __DUMMY__ 0.006874117085709023	false	0.5
scheiden	neg 1.0		off 0.5203319084072028 neg 0.4727980979390891 __DUMMY__ 0.006869993653708036	false	0.5
frustriert	neg 1.0		off 0.5196957029522448 neg 0.4734062585937021 __DUMMY__ 0.006898038454053229	false	0.5
schimmelig	neg 1.0		off 0.5152529926713447 neg 0.47788768225947137 __DUMMY__ 0.006859325069183865	false	0.5
fisch	neg 1.0		off 0.5115048695122187 neg 0.4816197058040288 __DUMMY__ 0.006875424683752493	false	0.5
schmuggel	neg 1.0		off 0.5175353986477533 neg 0.47549699776848875 __DUMMY__ 0.006967603583758012	false	0.5
auffallen	neg 1.0		off 0.5228731300504029 neg 0.47027021017288706 __DUMMY__ 0.006856659776710052	false	0.5
konkurrenz	neg 1.0		off 0.5177179579695304 neg 0.4753360357373205 __DUMMY__ 0.006946006293149195	false	0.5
teufelskreis	neg 1.0	neg 1.0	neg 0.7222762949560412 off 0.27447173561689614 __DUMMY__ 0.003251969427062713	false	1.0
aufschreien	neg 1.0		off 0.5223969242965958 neg 0.4707689252130801 __DUMMY__ 0.006834150490324154	false	0.5
schuldner	neg 1.0		off 0.5134212343636156 neg 0.47970829944724 __DUMMY__ 0.006870466189144393	false	0.5
missgeburt	off 1.0	off 1.0	off 0.7520912248361932 neg 0.24472608027743892 __DUMMY__ 0.003182694886367861	false	1.0
arbeitslos	neg 1.0		off 0.5182923084569602 neg 0.4748045105532094 __DUMMY__ 0.006903180989830573	false	0.5
befallen	neg 1.0		off 0.5165042529020181 neg 0.4766595455906692 __DUMMY__ 0.006836201507312608	false	0.5
miesepetrig	off 1.0	off 1.0	off 0.7481268245042814 neg 0.24863957934364836 __DUMMY__ 0.0032335961520702995	false	1.0
alarmieren	neg 1.0		off 0.5254309413027177 neg 0.4677342885894242 __DUMMY__ 0.006834770107858125	false	0.5
ungeduscht	off 1.0		off 0.523089427581526 neg 0.47010466353375285 __DUMMY__ 0.006805908884721156	false	1.0
knappheit	neg 1.0		off 0.5155871606276432 neg 0.4775620440631409 __DUMMY__ 0.006850795309215824	false	0.5
schlange	neg 1.0		off 0.521504014365336 neg 0.4716122785357692 __DUMMY__ 0.006883707098894724	false	0.5
harsch	neg 1.0		off 0.5299645855564431 neg 0.4632522266632569 __DUMMY__ 0.006783187780300172	false	0.5
lang	neg 1.0		off 0.5215448767850744 neg 0.47159442743999674 __DUMMY__ 0.006860695774928876	false	0.5
ziellos	neg 1.0		off 0.5176069660932134 neg 0.4754632289250276 __DUMMY__ 0.006929804981758967	false	0.5
selbstverliebt	neg 1.0		off 0.5350913431771285 neg 0.4582309463852353 __DUMMY__ 0.006677710437636277	false	0.5
beseitigen	neg 1.0		off 0.5218122047389091 neg 0.4712891700096745 __DUMMY__ 0.006898625251416509	false	0.5
dumm	off 1.0		off 0.5306433938113173 neg 0.46262699008079483 __DUMMY__ 0.006729616107887813	false	1.0
arbeitsloser	neg 1.0		off 0.5225623528916129 neg 0.4704720553138883 __DUMMY__ 0.0069655917944988245	false	0.5
blitzen	neg 1.0		off 0.5232484618016924 neg 0.4699299162920759 __DUMMY__ 0.006821621906231592	false	0.5
hilflos	neg 1.0		off 0.5182873381273482 neg 0.47481282111482775 __DUMMY__ 0.00689984075782401	false	0.5
eklig	off 1.0		off 0.5295599259663455 neg 0.46373892671727 __DUMMY__ 0.0067011473163845515	false	1.0
begriff			off 0.5204089790543034 neg 0.4727063638396091 __DUMMY__ 0.006884657106087503	false	0.0
hungersnot	neg 1.0		off 0.5170006385270258 neg 0.4761289708722564 __DUMMY__ 0.006870390600717616	false	0.5
ungesetzlich	neg 1.0		off 0.5217636724369202 neg 0.4713987675612871 __DUMMY__ 0.006837560001792473	false	0.5
verschwendung	neg 1.0		off 0.5162680730959848 neg 0.476818876876662 __DUMMY__ 0.006913050027353157	false	0.5
schmerzvoll	neg 1.0		off 0.5208748959730379 neg 0.47227857886714947 __DUMMY__ 0.006846525159812602	false	0.5
vorzeitig	neg 1.0		off 0.5259392396412181 neg 0.4672267450855478 __DUMMY__ 0.006834015273234034	false	0.5
unvollkommenheit	neg 1.0		off 0.5185711509135584 neg 0.4745476413037591 __DUMMY__ 0.006881207782682492	false	0.5
intervenieren	neg 1.0		off 0.5151266206971512 neg 0.47799478588451694 __DUMMY__ 0.006878593418331986	false	0.5
banause	off 1.0		off 0.5288370252498301 neg 0.464510328725347 __DUMMY__ 0.00665264602482306	false	1.0
rebell	neg 1.0		off 0.5102763623927146 neg 0.4828210931978674 __DUMMY__ 0.006902544409418113	false	0.5
unlogisch	neg 1.0		off 0.5268289092273768 neg 0.46639810741183313 __DUMMY__ 0.006772983360790091	false	0.5
leiden	neg 1.0		off 0.5184026293805408 neg 0.4746262972915836 __DUMMY__ 0.006971073327875411	false	0.5
abschaffung	neg 1.0		off 0.5193965096726985 neg 0.47377368303987527 __DUMMY__ 0.006829807287426362	false	0.5
sturz	neg 1.0		off 0.525157153558115 neg 0.4679458982092752 __DUMMY__ 0.00689694823260994	false	0.5
verkleinerung	neg 1.0		off 0.5205109834473661 neg 0.4727172762623658 __DUMMY__ 0.006771740290268064	false	0.5
schmarotzer	off 1.0		off 0.5191873634311329 neg 0.4739183976736447 __DUMMY__ 0.006894238895222359	false	1.0
bestrafung	neg 1.0	neg 1.0	neg 0.720258547679091 off 0.2764753825261305 __DUMMY__ 0.0032660697947783967	false	1.0
achtlos	neg 1.0		off 0.5203303287429313 neg 0.4727630669983227 __DUMMY__ 0.006906604258746069	false	0.5
