unsolidarisch	neg 1.0		__DUMMY__ 0.45368793103770927 off 0.2859840002173081 neg 0.26032806874498277	false	0.5
nachteilig	neg 1.0		__DUMMY__ 0.45883879319694054 off 0.2819226089220489 neg 0.25923859788101056	false	0.5
skeptisch	neg 1.0		__DUMMY__ 0.4589336785136843 off 0.28034977850257325 neg 0.26071654298374247	false	0.5
schrecklich	neg 1.0		__DUMMY__ 0.4499122739538821 off 0.29564014500783536 neg 0.2544475810382826	false	0.5
schlapp	neg 1.0	neg 1.0	neg 0.61571333404192 __DUMMY__ 0.21875485555853463 off 0.16553181039954548	false	1.0
abfall	neg 1.0		__DUMMY__ 0.4623020881076987 off 0.2775360921328757 neg 0.2601618197594257	false	0.5
widerspenstig	neg 1.0		__DUMMY__ 0.4551340200028797 off 0.28435944077300984 neg 0.2605065392241104	false	0.5
abrupt	neg 1.0		__DUMMY__ 0.45766088568419966 off 0.27904613367040604 neg 0.26329298064539436	false	0.5
unwirksam	neg 1.0		__DUMMY__ 0.45083494828835696 off 0.2840815957907793 neg 0.2650834559208637	false	0.5
angreifen	neg 1.0		__DUMMY__ 0.4596820180055398 off 0.27990506209868277 neg 0.2604129198957775	false	0.5
inkonsistent	neg 1.0		__DUMMY__ 0.45227703379176554 off 0.28766088851987875 neg 0.26006207768835565	false	0.5
abrutschen	neg 1.0		__DUMMY__ 0.4618114308557117 off 0.27688389496271376 neg 0.26130467418157444	false	0.5
unsicher	neg 1.0		__DUMMY__ 0.4568049575938606 off 0.2856969429455274 neg 0.25749809946061203	false	0.5
bauernkind	off 1.0	off 1.0	off 0.6380299646284961 __DUMMY__ 0.2140859933931231 neg 0.14788404197838062	false	1.0
angreifer	neg 1.0		__DUMMY__ 0.4564559392471053 off 0.291084754716515 neg 0.25245930603637984	false	0.5
trennen	neg 1.0		__DUMMY__ 0.460382190974236 off 0.2798119831952426 neg 0.2598058258305214	false	0.5
schmutz	neg 1.0		__DUMMY__ 0.45794694730555713 off 0.29054565390008047 neg 0.25150739879436257	false	0.5
inkonsistenz	neg 1.0		__DUMMY__ 0.45276828370958183 off 0.29112213328568587 neg 0.2561095830047324	false	0.5
erschreckend	neg 1.0		__DUMMY__ 0.456394600579419 off 0.28471143394735937 neg 0.25889396547322163	false	0.5
ertrinken	neg 1.0		__DUMMY__ 0.45866013432315644 off 0.2787400820643285 neg 0.262599783612515	false	0.5
pickelface	off 1.0		__DUMMY__ 0.4552308146739782 off 0.2859598919456908 neg 0.25880929338033104	false	1.0
seiner			__DUMMY__ 0.46010219691068377 off 0.28058582682789057 neg 0.2593119762614256	false	0.0
lauch	neg 1.0	neg 1.0	neg 0.6193938379844499 __DUMMY__ 0.22327416828390412 off 0.15733199373164597	false	1.0
unwichtig	neg 1.0		__DUMMY__ 0.4527391634352195 off 0.2910491161515884 neg 0.256211720413192	false	0.5
steuerhinterziehung	neg 1.0		__DUMMY__ 0.45543531529104736 off 0.28449000254949275 neg 0.2600746821594599	false	0.5
schock	neg 1.0		__DUMMY__ 0.4572953571908839 off 0.28374236126918007 neg 0.258962281539936	false	0.5
beule	neg 1.0		__DUMMY__ 0.4500259412770235 off 0.2930203823462791 neg 0.25695367637669725	false	0.5
vergelten	neg 1.0		__DUMMY__ 0.44975407311757626 off 0.29688703930123006 neg 0.25335888758119357	false	0.5
verdorbenheit	neg 1.0		__DUMMY__ 0.45524251240275354 off 0.28679562451711615 neg 0.2579618630801304	false	0.5
trauma	neg 1.0		__DUMMY__ 0.454299879940851 off 0.286826174301227 neg 0.258873945757922	false	0.5
sinnlos	neg 1.0		__DUMMY__ 0.45471695328749934 off 0.2877770223610131 neg 0.2575060243514876	false	0.5
fettsack	off 1.0	off 1.0	off 0.6391959043818781 __DUMMY__ 0.2143495793027846 neg 0.14645451631533735	false	1.0
feige	off 1.0	off 1.0	off 0.6359642335315889 __DUMMY__ 0.21824266700025916 neg 0.145793099468152	false	1.0
abdanken	neg 1.0		__DUMMY__ 0.45754811389516853 off 0.28587621971878785 neg 0.2565756663860438	false	0.5
wichtigtuer	off 1.0	off 1.0	off 0.6342435087647937 __DUMMY__ 0.22021930879516666 neg 0.14553718244003963	false	1.0
misslingen	neg 1.0		__DUMMY__ 0.45705684089393545 off 0.2879987667327151 neg 0.25494439237334954	false	0.5
untreu	off 1.0		__DUMMY__ 0.4518133006018854 off 0.29235204776421764 neg 0.255834651633897	false	1.0
missmutig	neg 1.0		__DUMMY__ 0.4531187752018948 off 0.28941030599431505 neg 0.2574709188037901	false	0.5
hurenbock	off 1.0		__DUMMY__ 0.45122010572313187 off 0.2837698103037222 neg 0.2650100839731458	false	1.0
betrunken	neg 1.0		__DUMMY__ 0.45033526731486795 off 0.2943022588791649 neg 0.2553624738059671	false	0.5
korrupt	off 1.0		__DUMMY__ 0.4551728525477057 off 0.2837454258833221 neg 0.26108172156897225	false	1.0
unmut	neg 1.0		__DUMMY__ 0.46034705334142195 off 0.278517070609035 neg 0.261135876049543	false	0.5
hackfresse	off 1.0		__DUMMY__ 0.446576644549572 off 0.3005347479505481 neg 0.2528886074998798	false	1.0
aufblasen	neg 1.0		__DUMMY__ 0.45559698138644833 off 0.28583003884052316 neg 0.25857297977302857	false	0.5
gewaltsam	neg 1.0		__DUMMY__ 0.45769677055235625 off 0.28593240420380955 neg 0.2563708252438342	false	0.5
unbeliebtheit	neg 1.0		__DUMMY__ 0.4519687080217632 off 0.2925352715983839 neg 0.25549602037985286	false	0.5
sturheit	neg 1.0		__DUMMY__ 0.4578154911894125 off 0.2852918356134764 neg 0.2568926731971112	false	0.5
kuh	neg 1.0		__DUMMY__ 0.4465000383325193 off 0.28557863656930493 neg 0.26792132509817573	false	0.5
erschrecken	neg 1.0		__DUMMY__ 0.4533614521094395 off 0.2900207879077597 neg 0.2566177599828009	false	0.5
opfer	neg 1.0		__DUMMY__ 0.46068974024116083 off 0.2831120848335115 neg 0.25619817492532776	false	0.5
sinken	neg 1.0		__DUMMY__ 0.4582611269216115 off 0.2782212133602151 neg 0.26351765971817354	false	0.5
stinktier	neg 1.0		__DUMMY__ 0.44358056596492407 off 0.2959508283223535 neg 0.26046860571272246	false	0.5
tucke	off 1.0		__DUMMY__ 0.4414351751673369 off 0.301069968557412 neg 0.25749485627525115	false	1.0
ein			__DUMMY__ 0.4544031027671402 off 0.28353867879722605 neg 0.26205821843563376	false	0.0
abstieg	neg 1.0		__DUMMY__ 0.4604789342528914 off 0.28467036578574084 neg 0.2548506999613678	false	0.5
missverstehen	neg 1.0		__DUMMY__ 0.4542337456178402 off 0.2888649352513389 neg 0.25690131913082087	false	0.5
ergebnislos	neg 1.0		__DUMMY__ 0.46021652267711766 off 0.2824402055184531 neg 0.2573432718044291	false	0.5
unter			__DUMMY__ 0.46560461822884813 off 0.2731797242250803 neg 0.26121565754607157	false	0.0
manipulieren	neg 1.0		__DUMMY__ 0.4594979632773626 off 0.28113903088406705 neg 0.25936300583857025	false	0.5
unbewiesen	neg 1.0	neg 1.0	neg 0.6165089751189616 __DUMMY__ 0.2204856753121347 off 0.16300534956890372	false	1.0
verschleppen	neg 1.0		__DUMMY__ 0.4576259996109633 off 0.2826905609083545 neg 0.2596834394806823	false	0.5
weib	off 1.0		__DUMMY__ 0.443224874117492 off 0.30199614243099876 neg 0.2547789834515093	false	1.0
opposition	neg 1.0		__DUMMY__ 0.45352792427545124 off 0.2868717950245109 neg 0.2596002807000379	false	0.5
verkehrswidrig	neg 1.0		__DUMMY__ 0.4506434460169572 off 0.29804861932671345 neg 0.2513079346563294	false	0.5
inkorrekt	neg 1.0		__DUMMY__ 0.44963261144146227 off 0.2953417085155986 neg 0.25502568004293924	false	0.5
vermeiden	neg 1.0		__DUMMY__ 0.4622124495754432 off 0.27632327563125997 neg 0.26146427479329687	false	0.5
abweichung	neg 1.0	neg 1.0	neg 0.6162004121354595 __DUMMY__ 0.22263607088413834 off 0.16116351698040216	false	1.0
alkoholisiert	neg 1.0		__DUMMY__ 0.46275952814901544 off 0.281763145606099 neg 0.2554773262448854	false	0.5
scheiss	off 1.0	off 1.0	off 0.6365584637413455 __DUMMY__ 0.21713979454324692 neg 0.14630174171540755	false	1.0
herausforderung	neg 1.0		__DUMMY__ 0.45770603382132147 off 0.2828118433964687 neg 0.2594821227822099	false	0.5
pervers	off 1.0		__DUMMY__ 0.44263170411387454 off 0.3050248360869877 neg 0.25234345979913775	false	1.0
wackelig	neg 1.0		__DUMMY__ 0.4584212748471968 off 0.28296481157925407 neg 0.258613913573549	false	0.5
verwickeln	neg 1.0		__DUMMY__ 0.45501853713252216 off 0.2879833744165318 neg 0.25699808845094596	false	0.5
vorwand	neg 1.0		__DUMMY__ 0.459719014108318 off 0.2793648593214023 neg 0.26091612657027974	false	0.5
muschi	off 1.0		__DUMMY__ 0.4568131895099995 off 0.2852154398117502 neg 0.25797137067825043	false	1.0
entmutigung	neg 1.0		__DUMMY__ 0.4516622207857994 off 0.28726988515032276 neg 0.261067894063878	false	0.5
unangemessen	neg 1.0		__DUMMY__ 0.45732401267064016 off 0.2846298110848651 neg 0.2580461762444948	false	0.5
unstetig	neg 1.0		__DUMMY__ 0.4525727703489648 off 0.2896861777783671 neg 0.257741051872668	false	0.5
entmutigen	neg 1.0		__DUMMY__ 0.45539954512982206 off 0.2866536933280127 neg 0.2579467615421653	false	0.5
schwanz	neg 1.0		__DUMMY__ 0.45710834593485 off 0.2824150303002794 neg 0.2604766237648704	false	0.5
verbot	neg 1.0		__DUMMY__ 0.45590843137725573 off 0.2835755312479246 neg 0.2605160373748197	false	0.5
leid	neg 1.0		__DUMMY__ 0.4484305831745508 off 0.29728591725598524 neg 0.254283499569464	false	0.5
archaisch	neg 1.0		__DUMMY__ 0.45600321354155343 off 0.28353047598645 neg 0.26046631047199653	false	0.5
gegen			__DUMMY__ 0.4617513296078796 off 0.27983151733947925 neg 0.25841715305264107	false	0.0
scheidung	neg 1.0		__DUMMY__ 0.44428331439432384 off 0.3103943887151421 neg 0.24532229689053417	false	0.5
einschlag	neg 1.0		__DUMMY__ 0.45229067555637026 off 0.2972052965463387 neg 0.25050402789729104	false	0.5
m			__DUMMY__ 0.4575797783182752 off 0.28330951682386496 neg 0.25911070485785975	false	0.0
abgestanden	neg 1.0		__DUMMY__ 0.4501154721014606 off 0.2829035130559569 neg 0.2669810148425825	false	0.5
schmierig	off 1.0		__DUMMY__ 0.4483042712733523 off 0.2967504418570684 neg 0.2549452868695794	false	1.0
unpraktisch	neg 1.0		__DUMMY__ 0.4555186594192744 off 0.2872883943006441 neg 0.25719294628008155	false	0.5
wixxer	off 1.0		__DUMMY__ 0.4409091981676643 off 0.30471315331052157 neg 0.25437764852181405	false	1.0
bezeichnet			__DUMMY__ 0.4566388004171321 off 0.2863745613518747 neg 0.25698663823099316	false	0.0
jammerlappen	off 1.0		__DUMMY__ 0.4525937466164501 off 0.2913524020935053 neg 0.25605385129004476	false	1.0
farce	neg 1.0		__DUMMY__ 0.45424042866998354 off 0.28504452157822086 neg 0.2607150497517957	false	0.5
zwecklos	neg 1.0		__DUMMY__ 0.4570636768336285 off 0.28312002548039583 neg 0.2598162976859757	false	0.5
turbulent	neg 1.0		__DUMMY__ 0.4498538408325436 off 0.29310630832707385 neg 0.25703985084038244	false	0.5
invasion	neg 1.0		__DUMMY__ 0.4538759411709197 off 0.28839294749538175 neg 0.2577311113336987	false	0.5
schuld	neg 1.0		__DUMMY__ 0.4554402365384051 off 0.2871465489061998 neg 0.2574132145553952	false	0.5
risiko	neg 1.0		__DUMMY__ 0.45201158325857227 off 0.2867395857026176 neg 0.2612488310388102	false	0.5
finster	neg 1.0		__DUMMY__ 0.4538499528280073 off 0.28406844619466337 neg 0.26208160097732935	false	0.5
geisteskrank	off 1.0		__DUMMY__ 0.45079172225158753 off 0.294135977970533 neg 0.25507229977787954	false	1.0
zusammenbrechen	neg 1.0		__DUMMY__ 0.45668412463755437 off 0.283146988499931 neg 0.26016888686251466	false	0.5
ausbeute	neg 1.0		__DUMMY__ 0.45926110860998104 off 0.2855056036252694 neg 0.2552332877647497	false	0.5
hinterhalt	neg 1.0		__DUMMY__ 0.45603264155057244 off 0.2835862689066246 neg 0.2603810895428029	false	0.5
kritik	neg 1.0		__DUMMY__ 0.4544712632585766 off 0.2847787910705224 neg 0.260749945670901	false	0.5
einschrumpfen	neg 1.0		__DUMMY__ 0.4503513994730603 off 0.29062122255662143 neg 0.2590273779703183	false	0.5
riskant	neg 1.0		__DUMMY__ 0.45815504900648707 off 0.2802691751173456 neg 0.26157577587616726	false	0.5
frustrieren	neg 1.0		__DUMMY__ 0.4573700756352945 off 0.28118874186692977 neg 0.26144118249777565	false	0.5
groll	neg 1.0		__DUMMY__ 0.4583638896863668 off 0.28405618258877063 neg 0.25757992772486243	false	0.5
gibt			__DUMMY__ 0.45755603732097966 off 0.2829410554279472 neg 0.25950290725107317	false	0.0
qualvoll	neg 1.0		__DUMMY__ 0.45454242914944465 off 0.28791842231250303 neg 0.2575391485380523	false	0.5
wackeln	neg 1.0		__DUMMY__ 0.4562318943481837 off 0.28531853064365914 neg 0.2584495750081572	false	0.5
klagen	neg 1.0		__DUMMY__ 0.4589468214543537 off 0.27932545596024017 neg 0.26172772258540616	false	0.5
bankrott	neg 1.0		__DUMMY__ 0.453538627453882 off 0.29097059313760987 neg 0.2554907794085082	false	0.5
trauern	neg 1.0		__DUMMY__ 0.46240723556859775 off 0.28244835279548003 neg 0.2551444116359222	false	0.5
ablehnung	neg 1.0		__DUMMY__ 0.45481777837448906 off 0.2840398175194274 neg 0.26114240410608364	false	0.5
stur	neg 1.0		__DUMMY__ 0.4549180209205189 off 0.28690586778457305 neg 0.2581761112949079	false	0.5
aufruhr	neg 1.0	neg 1.0	neg 0.6161618752252498 __DUMMY__ 0.22129383469047254 off 0.16254429008427762	false	1.0
melancholie	neg 1.0		__DUMMY__ 0.4569558796871305 off 0.27923283837692225 neg 0.26381128193594716	false	0.5
ist			__DUMMY__ 0.454692816623201 off 0.28739745646590503 neg 0.2579097269108939	false	0.0
torheit	neg 1.0		__DUMMY__ 0.454927394301221 off 0.2870257938309681 neg 0.25804681186781087	false	0.5
dreckskind	off 1.0		__DUMMY__ 0.4446890401150068 off 0.3012666864281991 neg 0.2540442734567941	false	1.0
umtauschen	neg 1.0		__DUMMY__ 0.456124134191703 off 0.2847012493028482 neg 0.2591746165054488	false	0.5
zum			__DUMMY__ 0.46589158716533313 off 0.27821013417096613 neg 0.2558982786637007	false	0.0
zersetzen	neg 1.0		__DUMMY__ 0.4577626126068851 off 0.27994642750165033 neg 0.26229095989146467	false	0.5
zur			__DUMMY__ 0.462487632619816 off 0.2766931567323612 neg 0.2608192106478228	false	0.0
frust	neg 1.0		__DUMMY__ 0.457321139323791 off 0.2831226631570277 neg 0.25955619751918124	false	0.5
unerbittlichkeit	neg 1.0		__DUMMY__ 0.45896113195892624 off 0.28164569420288516 neg 0.2593931738381886	false	0.5
zwei			__DUMMY__ 0.4632909554657928 off 0.27636300537569736 neg 0.2603460391585098	false	0.0
unkorrekt	neg 1.0		__DUMMY__ 0.4504869106989635 off 0.2940581365014713 neg 0.25545495279956526	false	0.5
hexe	off 1.0		__DUMMY__ 0.4495295266465103 off 0.2894046817599062 neg 0.2610657915935835	false	1.0
lasch	neg 1.0		__DUMMY__ 0.4536443271303293 off 0.29068008660619554 neg 0.25567558626347514	false	0.5
rivale	neg 1.0		__DUMMY__ 0.4498666361381767 off 0.29565364774006897 neg 0.2544797161217543	false	0.5
mutlos	off 1.0	off 1.0	off 0.630508003156688 __DUMMY__ 0.2217527124901287 neg 0.14773928435318337	false	1.0
wirr	off 1.0		__DUMMY__ 0.4485429944116926 off 0.29586984935971666 neg 0.25558715622859085	false	1.0
jahr			__DUMMY__ 0.4631593528632805 off 0.28236762573630364 neg 0.2544730214004158	false	0.0
wird			__DUMMY__ 0.4583006529426562 off 0.2825160678911785 neg 0.25918327916616535	false	0.0
strafbar	neg 1.0		__DUMMY__ 0.4593014608217369 off 0.28170945162669486 neg 0.2589890875515682	false	0.5
erosion	neg 1.0		__DUMMY__ 0.45614474519221326 off 0.2859815250405343 neg 0.25787372976725254	false	0.5
eingehen	neg 1.0		__DUMMY__ 0.45744844185320627 off 0.2809869190739772 neg 0.26156463907281635	false	0.5
faul	off 1.0		__DUMMY__ 0.45320818300585813 off 0.29043938936735486 neg 0.25635242762678706	false	1.0
provisorium	neg 1.0		__DUMMY__ 0.46621912160834805 off 0.2735879864630461 neg 0.26019289192860573	false	0.5
schmerzen	neg 1.0		__DUMMY__ 0.4557491189902566 off 0.2837212371869365 neg 0.26052964382280697	false	0.5
schrumpfen	neg 1.0		__DUMMY__ 0.4593866651053551 off 0.2753665113904369 neg 0.2652468235042081	false	0.5
geistlos	off 1.0		__DUMMY__ 0.45233786932191294 off 0.2883664758775856 neg 0.25929565480050154	false	1.0
fehlkauf	neg 1.0		__DUMMY__ 0.4532713715400989 off 0.2881684608559687 neg 0.25856016760393236	false	0.5
frustrierend	neg 1.0		__DUMMY__ 0.45289522189301673 off 0.28966297899111626 neg 0.257441799115867	false	0.5
unzufrieden	neg 1.0		__DUMMY__ 0.4575673157011269 off 0.2830549832976893 neg 0.25937770100118396	false	0.5
verzweifeln	neg 1.0		__DUMMY__ 0.4568826540433092 off 0.2845235372183274 neg 0.2585938087383635	false	0.5
verzweifelt	neg 1.0		__DUMMY__ 0.4547972742746199 off 0.2868950768060776 neg 0.2583076489193025	false	0.5
misstrauensantrag	neg 1.0		__DUMMY__ 0.4539388149722648 off 0.2876824371609222 neg 0.2583787478668131	false	0.5
abfallen	neg 1.0		__DUMMY__ 0.45515140263973036 off 0.28533042998642916 neg 0.2595181673738405	false	0.5
fucker	off 1.0		__DUMMY__ 0.4507893807206179 off 0.2952394442275456 neg 0.25397117505183653	false	1.0
ungezogen	neg 1.0		__DUMMY__ 0.4448213332398868 off 0.30281206146346723 neg 0.2523666052966458	false	0.5
irrsinnig	neg 1.0	neg 1.0	neg 0.6171615741443334 __DUMMY__ 0.220162313360451 off 0.1626761124952156	false	1.0
unfassbar	neg 1.0		__DUMMY__ 0.4523436023393914 off 0.29251755972204885 neg 0.2551388379385598	false	0.5
hart	neg 1.0		__DUMMY__ 0.4471565937059702 off 0.2904311853516073 neg 0.2624122209424224	false	0.5
widerlich	off 1.0		__DUMMY__ 0.4512578517889338 off 0.2928558579736431 neg 0.25588629023742304	false	1.0
fatal	neg 1.0	neg 1.0	neg 0.6184503939211606 __DUMMY__ 0.21828579308504803 off 0.16326381299379142	false	1.0
bruch	neg 1.0		__DUMMY__ 0.4614452139402163 off 0.2785896743360346 neg 0.2599651117237491	false	0.5
aushungern	neg 1.0		__DUMMY__ 0.4558900863198064 off 0.2838517250236024 neg 0.2602581886565912	false	0.5
anspannung	neg 1.0		__DUMMY__ 0.463904596895076 off 0.27683940012734704 neg 0.25925600297757695	false	0.5
von			__DUMMY__ 0.4598683835874499 off 0.27969510920968854 neg 0.2604365072028616	false	0.0
kraftlos	neg 1.0		__DUMMY__ 0.4576402566293229 off 0.28235605246954143 neg 0.26000369090113573	false	0.5
vom			__DUMMY__ 0.46744973290103625 off 0.2747955864016403 neg 0.2577546806973234	false	0.0
grenzdebil	off 1.0		__DUMMY__ 0.4510042018389534 off 0.29236194365860396 neg 0.25663385450244264	false	1.0
vor			__DUMMY__ 0.4607213221606119 off 0.278557510643945 neg 0.2607211671954431	false	0.0
unterwerfen	neg 1.0		__DUMMY__ 0.4590346304443156 off 0.28245193861285034 neg 0.2585134309428341	false	0.5
versenkung	neg 1.0		__DUMMY__ 0.4593214244833949 off 0.28175029728561013 neg 0.25892827823099507	false	0.5
entziehen	neg 1.0		__DUMMY__ 0.4596701900162424 off 0.2791960124961928 neg 0.26113379748756466	false	0.5
finanzkrise	neg 1.0		__DUMMY__ 0.45046457417171964 off 0.2826433291223512 neg 0.2668920967059293	false	0.5
schimpfend	neg 1.0		__DUMMY__ 0.45668896839396095 off 0.28697010198269485 neg 0.2563409296233441	false	0.5
profan	neg 1.0		__DUMMY__ 0.45375913977995197 off 0.28798350815167956 neg 0.2582573520683684	false	0.5
korruption	neg 1.0		__DUMMY__ 0.45535454694573524 off 0.2827790117393674 neg 0.2618664413148972	false	0.5
â			__DUMMY__ 0.4573210405850276 off 0.2823092331189195 neg 0.2603697262960528	false	0.0
schmutzig	neg 1.0		__DUMMY__ 0.45135494238945345 off 0.29272946083389895 neg 0.25591559677664755	false	0.5
sexy	neg 1.0		__DUMMY__ 0.45380326995656184 off 0.2901240804730779 neg 0.25607264957036013	false	0.5
abraten	neg 1.0		__DUMMY__ 0.45492619585106087 off 0.2878325871740933 neg 0.25724121697484575	false	0.5
schwarz	neg 1.0		__DUMMY__ 0.45447934458769884 off 0.28818428714943023 neg 0.25733636826287104	false	0.5
fotze	off 1.0	off 1.0	off 0.6309788919143999 __DUMMY__ 0.22158301531364444 neg 0.14743809277195555	false	1.0
verwirren	neg 1.0		__DUMMY__ 0.45429674370795553 off 0.2886072495052714 neg 0.25709600678677297	false	0.5
zahnlos	off 1.0		__DUMMY__ 0.45697477416107796 off 0.2841472101531268 neg 0.2588780156857954	false	1.0
verheeren	neg 1.0		__DUMMY__ 0.44456981630003356 off 0.3044869628041352 neg 0.25094322089583126	false	0.5
hippie	neg 1.0		__DUMMY__ 0.45351120402228023 off 0.28953887794045413 neg 0.2569499180372656	false	0.5
rammen	neg 1.0		__DUMMY__ 0.45518670299487723 off 0.2859853614899533 neg 0.2588279355151695	false	0.5
unlauter	neg 1.0		__DUMMY__ 0.45330050994883286 off 0.28746670846017086 neg 0.25923278159099633	false	0.5
unheilvoll	neg 1.0		__DUMMY__ 0.4541539201900266 off 0.2864236885162869 neg 0.2594223912936865	false	0.5
niedrig	neg 1.0		__DUMMY__ 0.4559987919987513 off 0.28141971874759947 neg 0.26258148925364927	false	0.5
explosion	neg 1.0		__DUMMY__ 0.4538499988491911 off 0.28954336733277825 neg 0.25660663381803067	false	0.5
weichei	off 1.0	off 1.0	off 0.6390966020078117 __DUMMY__ 0.2153250777875831 neg 0.14557832020460518	false	1.0
minusmensch	off 1.0		__DUMMY__ 0.443123045729016 off 0.30349831639545377 neg 0.25337863787553017	false	1.0
farblos	neg 1.0		__DUMMY__ 0.454662257073507 off 0.2866807296663323 neg 0.25865701326016066	false	0.5
unwissend	neg 1.0	neg 1.0	neg 0.6162910480541127 __DUMMY__ 0.21854259989153707 off 0.16516635205435032	false	1.0
traurig	neg 1.0		__DUMMY__ 0.45035343082103807 off 0.29527464564290373 neg 0.2543719235360581	false	0.5
senkung	neg 1.0		__DUMMY__ 0.4505488228139595 off 0.2874300271551384 neg 0.26202115003090204	false	0.5
ungleich	neg 1.0	neg 1.0	neg 0.6180801660705088 __DUMMY__ 0.221857248613164 off 0.16006258531632717	false	1.0
heikel	neg 1.0		__DUMMY__ 0.45881975660721636 off 0.28088163092580726 neg 0.26029861246697644	false	0.5
drosselung	neg 1.0		__DUMMY__ 0.4481246754718418 off 0.29131156026903965 neg 0.2605637642591186	false	0.5
falsch	neg 1.0		__DUMMY__ 0.4538001815269786 off 0.2904434668648177 neg 0.2557563516082038	false	0.5
unzufriedenheit	neg 1.0		__DUMMY__ 0.4572832263064198 off 0.27978673164043655 neg 0.26293004205314374	false	0.5
kurz	neg 1.0		__DUMMY__ 0.45854646951185357 off 0.2836977420980994 neg 0.25775578839004715	false	0.5
unsinnig	neg 1.0		__DUMMY__ 0.4550929187379606 off 0.2839892983121821 neg 0.2609177829498574	false	0.5
penner	off 1.0	off 1.0	off 0.6405342028389205 __DUMMY__ 0.21524463838438632 neg 0.14422115877669314	false	1.0
seicht	neg 1.0		__DUMMY__ 0.4434225551940507 off 0.3010897008572 neg 0.2554877439487493	false	0.5
dummheit	off 1.0	off 1.0	off 0.6338769608971004 __DUMMY__ 0.21908706879006812 neg 0.14703597031283147	false	1.0
unerfreulich	neg 1.0		__DUMMY__ 0.45863566879515605 off 0.28030204006844506 neg 0.2610622911363987	false	0.5
motherfucker	off 1.0	off 1.0	off 0.637236398673977 __DUMMY__ 0.217770570669545 neg 0.14499303065647806	false	1.0
pikiert	neg 1.0		__DUMMY__ 0.45155804811836625 off 0.29145708346544835 neg 0.25698486841618545	false	0.5
wrack	neg 1.0		__DUMMY__ 0.4614636623893991 off 0.28530163436165096 neg 0.2532347032489501	false	0.5
gangster	neg 1.0		__DUMMY__ 0.453310701279207 off 0.2897453700256377 neg 0.2569439286951553	false	0.5
krank	neg 1.0		__DUMMY__ 0.4523336555720039 off 0.29305436199346124 neg 0.2546119824345349	false	0.5
reich	neg 1.0		__DUMMY__ 0.4500045823290913 off 0.28901692828407277 neg 0.26097848938683593	false	0.5
gnadenlos	neg 1.0		__DUMMY__ 0.45588514592730595 off 0.28696118846086127 neg 0.25715366561183284	false	0.5
niedergeschlagen	neg 1.0		__DUMMY__ 0.4592552733385453 off 0.283575403154646 neg 0.25716932350680877	false	0.5
terrorisieren	off 1.0	off 1.0	off 0.630069698998532 __DUMMY__ 0.2227939453013592 neg 0.14713635570010866	false	1.0
sinnlosigkeit	neg 1.0		__DUMMY__ 0.4570733889638746 off 0.2835079094994733 neg 0.259418701536652	false	0.5
behindern	neg 1.0		__DUMMY__ 0.4553237301403194 off 0.28501788091818425 neg 0.25965838894149634	false	0.5
undemokratisch	neg 1.0		__DUMMY__ 0.45335793447251943 off 0.28786986733084996 neg 0.2587721981966308	false	0.5
wirtschaftskrise	neg 1.0		__DUMMY__ 0.4541976272603125 off 0.2817158908890492 neg 0.2640864818506383	false	0.5
neid	neg 1.0		__DUMMY__ 0.453687323516154 off 0.28939215775563987 neg 0.2569205187282061	false	0.5
rutschen	neg 1.0		__DUMMY__ 0.463061180077792 off 0.27589039226277323 neg 0.2610484276594347	false	0.5
rezession	neg 1.0		__DUMMY__ 0.4453652012625274 off 0.2934473401422156 neg 0.261187458595257	false	0.5
fehlgeburt	neg 1.0		__DUMMY__ 0.45706377441547724 off 0.28662126590224596 neg 0.2563149596822767	false	0.5
charakterschwach	off 1.0		__DUMMY__ 0.45096158533284303 off 0.2920314986502219 neg 0.25700691601693504	false	1.0
isolation	neg 1.0		__DUMMY__ 0.4543546226816204 off 0.29058672322986717 neg 0.2550586540885124	false	0.5
ablenkung	neg 1.0		__DUMMY__ 0.45686005439307104 off 0.2855266742452858 neg 0.2576132713616432	false	0.5
pech	neg 1.0		__DUMMY__ 0.4525902504923521 off 0.2901364576898856 neg 0.2572732918177624	false	0.5
vermeidung	neg 1.0		__DUMMY__ 0.4504922236751475 off 0.2921699122592205 neg 0.2573378640656319	false	0.5
dominieren	neg 1.0		__DUMMY__ 0.45712342629399366 off 0.28401439521175775 neg 0.25886217849424864	false	0.5
schwindlig	neg 1.0		__DUMMY__ 0.4539249111076364 off 0.287439426770166 neg 0.25863566212219774	false	0.5
lutscher	neg 1.0	neg 1.0	neg 0.6148218521001447 __DUMMY__ 0.2131165345809715 off 0.1720616133188838	false	1.0
pflicht	neg 1.0		__DUMMY__ 0.46046796394383643 off 0.27975874385245775 neg 0.25977329220370576	false	0.5
faschist	off 1.0		__DUMMY__ 0.4541407369321367 off 0.2904258404568139 neg 0.2554334226110496	false	1.0
verschleudern	neg 1.0		__DUMMY__ 0.4548698661581707 off 0.2801826581881828 neg 0.2649474756536464	false	0.5
wenn			__DUMMY__ 0.4526723179893302 off 0.29095015986863376 neg 0.25637752214203613	false	0.0
ehebruch	neg 1.0		__DUMMY__ 0.4580096680694126 off 0.2827347209427661 neg 0.2592556109878212	false	0.5
spott	off 1.0		__DUMMY__ 0.45887947886280134 off 0.2829205687566561 neg 0.25819995238054255	false	1.0
trostlosigkeit	neg 1.0		__DUMMY__ 0.457645612445011 off 0.2783011383014386 neg 0.2640532492535505	false	0.5
lutschen	neg 1.0		__DUMMY__ 0.45234676352595127 off 0.29005452755752054 neg 0.2575987089165281	false	0.5
undiszipliniert	neg 1.0		__DUMMY__ 0.4504142305219881 off 0.2943095288024923 neg 0.25527624067551946	false	0.5
kopfschmerz	neg 1.0		__DUMMY__ 0.45537328547221667 off 0.2806948152395398 neg 0.26393189928824345	false	0.5
unvorhergesehen	neg 1.0		__DUMMY__ 0.4609814321006272 off 0.2802092791393576 neg 0.2588092887600152	false	0.5
desinteressiert	neg 1.0		__DUMMY__ 0.4506370585758585 off 0.2935506562859274 neg 0.25581228513821425	false	0.5
armselig	off 1.0		__DUMMY__ 0.4498869031218571 off 0.29637770685718223 neg 0.2537353900209607	false	1.0
desaster	neg 1.0		__DUMMY__ 0.4593737604604999 off 0.2784548696249962 neg 0.26217136991450396	false	0.5
tod	neg 1.0		__DUMMY__ 0.45892817432973065 off 0.2818266736628199 neg 0.25924515200744963	false	0.5
herzlos	neg 1.0		__DUMMY__ 0.4499766820999472 off 0.29565490401477107 neg 0.25436841388528164	false	0.5
unwissenheit	neg 1.0		__DUMMY__ 0.4571169874639717 off 0.2830915802520955 neg 0.2597914322839328	false	0.5
widersinnig	neg 1.0		__DUMMY__ 0.45422250759456967 off 0.28374274664964055 neg 0.2620347457557897	false	0.5
bedenklich	neg 1.0		__DUMMY__ 0.4569833304280993 off 0.2818119795639739 neg 0.2612046900079268	false	0.5
beanstanden	neg 1.0		__DUMMY__ 0.46073064649059525 off 0.2807983589515362 neg 0.2584709945578684	false	0.5
panisch	neg 1.0		__DUMMY__ 0.4557472274452273 off 0.2881102599578742 neg 0.2561425125968987	false	0.5
debil	off 1.0		__DUMMY__ 0.4631896713198499 off 0.27310746870318003 neg 0.26370285997697	false	1.0
abstrich	neg 1.0		__DUMMY__ 0.45602337257464043 off 0.28349236281361856 neg 0.26048426461174096	false	0.5
primitiv	neg 1.0		__DUMMY__ 0.4509913228096546 off 0.2939311611212655 neg 0.25507751606907997	false	0.5
abschaum	off 1.0	off 1.0	off 0.6362075042294092 __DUMMY__ 0.21933532556512794 neg 0.14445717020546284	false	1.0
provozieren	neg 1.0		__DUMMY__ 0.455252198428201 off 0.28672769352280714 neg 0.2580201080489918	false	0.5
tot	neg 1.0		__DUMMY__ 0.45573196801077975 off 0.2824807476743069 neg 0.2617872843149132	false	0.5
instabil	neg 1.0		__DUMMY__ 0.44766566590843854 off 0.2956760951925091 neg 0.2566582388990523	false	0.5
schwuchtel	off 1.0	off 1.0	off 0.6448684701233178 __DUMMY__ 0.2118308525227989 neg 0.14330067735388327	false	1.0
zerren	neg 1.0		__DUMMY__ 0.45856171375234844 off 0.2831406278924282 neg 0.2582976583552232	false	0.5
kinderficker	off 1.0		__DUMMY__ 0.4482071670141032 off 0.2989337122769441 neg 0.2528591207089528	false	1.0
gefahr	neg 1.0		__DUMMY__ 0.4606242884634111 off 0.28051052092740214 neg 0.2588651906091869	false	0.5
rabiat	neg 1.0		__DUMMY__ 0.45621808123734864 off 0.28466410512080415 neg 0.2591178136418474	false	0.5
verlangsamung	neg 1.0		__DUMMY__ 0.445438894290085 off 0.3000379847258158 neg 0.2545231209840992	false	0.5
ausgestorben	neg 1.0		__DUMMY__ 0.4570735057129252 off 0.28443175804055215 neg 0.25849473624652275	false	0.5
anklagen	neg 1.0		__DUMMY__ 0.45752162351726827 off 0.28433390168474604 neg 0.2581444747979857	false	0.5
trott	neg 1.0		__DUMMY__ 0.45593546292689324 off 0.2855912778180348 neg 0.258473259255072	false	0.5
verminderung	neg 1.0		__DUMMY__ 0.45080216040803595 off 0.2924174368754101 neg 0.25678040271655383	false	0.5
nach			__DUMMY__ 0.4648938543960105 off 0.2750331122597522 neg 0.2600730333442374	false	0.0
rost	neg 1.0		__DUMMY__ 0.4479065158601045 off 0.3030121458279817 neg 0.24908133831191387	false	0.5
destruktiv	neg 1.0		__DUMMY__ 0.4554083520588256 off 0.2852743965635608 neg 0.25931725137761363	false	0.5
unzumutbarkeit	neg 1.0		__DUMMY__ 0.45094373608086596 off 0.2922965191318399 neg 0.25675974478729424	false	0.5
labil	off 1.0	off 1.0	off 0.635281858873487 __DUMMY__ 0.21863999825376287 neg 0.14607814287275006	false	1.0
ziemlich	neg 1.0		__DUMMY__ 0.45266835484781925 off 0.29223646567151157 neg 0.2550951794806693	false	0.5
lachnummer	off 1.0		__DUMMY__ 0.45656622701541144 off 0.28668987676133073 neg 0.25674389622325783	false	1.0
oder			__DUMMY__ 0.4564791426097117 off 0.2864582180334679 neg 0.2570626393568204	false	0.0
verfall	neg 1.0		__DUMMY__ 0.4595189416653322 off 0.2756454123944826 neg 0.26483564594018527	false	0.5
ausgrenzung	neg 1.0		__DUMMY__ 0.45307172191877737 off 0.2876162501584032 neg 0.2593120279228194	false	0.5
unordnung	neg 1.0		__DUMMY__ 0.4483074500096608 off 0.2966008039799608 neg 0.2550917460103782	false	0.5
fehlverhalten	neg 1.0		__DUMMY__ 0.45864986926674195 off 0.28136455504208036 neg 0.2599855756911777	false	0.5
eine			__DUMMY__ 0.45967772100951887 off 0.2788445298579931 neg 0.26147774913248806	false	0.0
nille	neg 1.0		__DUMMY__ 0.4558572491046639 off 0.2860418297596161 neg 0.2581009211357199	false	0.5
qual	neg 1.0		__DUMMY__ 0.455853806454413 off 0.28508904616414027 neg 0.25905714738144664	false	0.5
verschwenden	neg 1.0		__DUMMY__ 0.4571814259572806 off 0.2802434806585885 neg 0.2625750933841308	false	0.5
riesig	neg 1.0		__DUMMY__ 0.45893009782695254 off 0.28173470310559745 neg 0.25933519906745	false	0.5
verurteilen	neg 1.0		__DUMMY__ 0.4574114684867523 off 0.28390612237484525 neg 0.25868240913840235	false	0.5
klischee	neg 1.0	neg 1.0	neg 0.61675508973809 __DUMMY__ 0.21874532559031878 off 0.16449958467159123	false	1.0
diktatorisch	neg 1.0		__DUMMY__ 0.45314312849899063 off 0.2879219675386563 neg 0.2589349039623532	false	0.5
vorhersehbar	neg 1.0		__DUMMY__ 0.4526755443416314 off 0.28862969843962444 neg 0.2586947572187441	false	0.5
sowie			__DUMMY__ 0.44669589229357587 off 0.29729345751984226 neg 0.2560106501865819	false	0.0
stornieren	neg 1.0		__DUMMY__ 0.4578338102720565 off 0.2905364222595079 neg 0.2516297674684355	false	0.5
besteuerung	neg 1.0	neg 1.0	neg 0.6202076781297069 __DUMMY__ 0.21804266917813794 off 0.16174965269215513	false	1.0
ungeschminkt	neg 1.0		__DUMMY__ 0.450136226483037 off 0.29353964314288006 neg 0.25632413037408297	false	0.5
kritisch	neg 1.0		__DUMMY__ 0.45739511340895556 off 0.2831786152866463 neg 0.2594262713043982	false	0.5
schlamperei	off 1.0		__DUMMY__ 0.45819240008077766 off 0.28176156697463817 neg 0.2600460329445843	false	1.0
sucht	neg 1.0	neg 1.0	neg 0.6160793578225374 __DUMMY__ 0.22072910476318602 off 0.16319153741427667	false	1.0
egoistisch	off 1.0	off 1.0	off 0.6395717224428439 __DUMMY__ 0.21673019040596608 neg 0.14369808715119006	false	1.0
ausbeuter	off 1.0		__DUMMY__ 0.45706198184786045 off 0.2803241197245842 neg 0.2626138984275554	false	1.0
arschgeburt	off 1.0		__DUMMY__ 0.4397011470090121 off 0.3075607703094535 neg 0.25273808268153447	false	1.0
schubs	neg 1.0		__DUMMY__ 0.45598786291462795 off 0.28136600817102225 neg 0.26264612891434985	false	0.5
unsolide	neg 1.0		__DUMMY__ 0.4541946358836523 off 0.2890847806758524 neg 0.25672058344049525	false	0.5
beschwerde	neg 1.0		__DUMMY__ 0.45778794420489 off 0.28382845601690093 neg 0.25838359977820907	false	0.5
stocken	neg 1.0		__DUMMY__ 0.4575546742566012 off 0.2821411448486723 neg 0.2603041808947267	false	0.5
isolieren	neg 1.0		__DUMMY__ 0.455845273212944 off 0.28281650117078466 neg 0.26133822561627135	false	0.5
unheilbar	neg 1.0		__DUMMY__ 0.4562668561772328 off 0.2860181296477608 neg 0.2577150141750066	false	0.5
pisser	off 1.0	off 1.0	off 0.6377068803660448 __DUMMY__ 0.21726111825121647 neg 0.1450320013827388	false	1.0
löschen	neg 1.0		__DUMMY__ 0.4551234704788098 off 0.28611300358514924 neg 0.25876352593604096	false	0.5
durchfallen	neg 1.0		__DUMMY__ 0.45785441588676795 off 0.28310660507685453 neg 0.2590389790363774	false	0.5
wichser	off 1.0	off 1.0	off 0.6424792552652552 __DUMMY__ 0.2139272217210056 neg 0.14359352301373923	false	1.0
terror	neg 1.0		__DUMMY__ 0.4536327673853892 off 0.2892670681070245 neg 0.2571001645075862	false	0.5
krass	neg 1.0		__DUMMY__ 0.44826177302686404 off 0.2972196754192943 neg 0.2545185515538417	false	0.5
revolte	neg 1.0		__DUMMY__ 0.4512635340939694 off 0.28908333699640915 neg 0.25965312890962156	false	0.5
besorgt	neg 1.0		__DUMMY__ 0.45907991344056037 off 0.2841514290084868 neg 0.2567686575509527	false	0.5
nachlassen	neg 1.0		__DUMMY__ 0.45858174674724345 off 0.28250887805558594 neg 0.25890937519717055	false	0.5
alt	neg 1.0		__DUMMY__ 0.4543720999948915 off 0.2801907449684375 neg 0.265437155036671	false	0.5
hundesohn	off 1.0	off 1.0	off 0.6415820996935462 __DUMMY__ 0.21378888031700707 neg 0.1446290199894467	false	1.0
als			__DUMMY__ 0.456784053016882 off 0.2831649489934733 neg 0.2600509979896446	false	0.0
abschreckung	neg 1.0		__DUMMY__ 0.45889526476606024 off 0.28035326112630454 neg 0.26075147410763516	false	0.5
unqualifiziert	neg 1.0		__DUMMY__ 0.4533358060112809 off 0.2909116342456798 neg 0.2557525597430393	false	0.5
abgewichst	off 1.0		__DUMMY__ 0.45651940049305295 off 0.2854107473486234 neg 0.25806985215832356	false	1.0
schwer	neg 1.0		__DUMMY__ 0.45651129969891924 off 0.2850650327782972 neg 0.25842366752278345	false	0.5
bedeutungslosigkeit	neg 1.0		__DUMMY__ 0.4585001613049434 off 0.28086451774110466 neg 0.26063532095395187	false	0.5
kapitulation	neg 1.0		__DUMMY__ 0.4559761136133104 off 0.2821623241877632 neg 0.26186156219892637	false	0.5
unscharf	neg 1.0		__DUMMY__ 0.4507536134728937 off 0.2863776486576058 neg 0.2628687378695006	false	0.5
schwinden	neg 1.0		__DUMMY__ 0.4564920723987552 off 0.27996241225120155 neg 0.26354551535004317	false	0.5
versklavung	neg 1.0	neg 1.0	neg 0.6180056293525876 __DUMMY__ 0.2191147986364841 off 0.1628795720109283	false	1.0
schlecht	neg 1.0		__DUMMY__ 0.45314052924769527 off 0.2926569066793883 neg 0.25420256407291664	false	0.5
verhasst	neg 1.0		__DUMMY__ 0.45471419874515534 off 0.2874746792133916 neg 0.2578111220414531	false	0.5
beschweren	neg 1.0		__DUMMY__ 0.4557633433764182 off 0.28828612401499953 neg 0.25595053260858225	false	0.5
scheiden	neg 1.0		__DUMMY__ 0.45569425674087005 off 0.2855464120952277 neg 0.25875933116390226	false	0.5
frustriert	neg 1.0		__DUMMY__ 0.45721015470855836 off 0.28425207524889806 neg 0.25853777004254364	false	0.5
schimmelig	neg 1.0		__DUMMY__ 0.4550420904319146 off 0.28110325956999044 neg 0.2638546499980949	false	0.5
fisch	neg 1.0		__DUMMY__ 0.45608058836423265 off 0.2771003233709333 neg 0.2668190882648342	false	0.5
schmuggel	neg 1.0		__DUMMY__ 0.46163311988516353 off 0.2800073514620774 neg 0.258359528652759	false	0.5
auffallen	neg 1.0		__DUMMY__ 0.45470504242697224 off 0.28844886459835567 neg 0.2568460929746721	false	0.5
konkurrenz	neg 1.0		__DUMMY__ 0.46021022714759424 off 0.2809553606538811 neg 0.2588344121985246	false	0.5
teufelskreis	neg 1.0	neg 1.0	neg 0.618849019097398 __DUMMY__ 0.21995215432558715 off 0.16119882657701476	false	1.0
aufschreien	neg 1.0		__DUMMY__ 0.453301036980526 off 0.2887277231056804 neg 0.2579712399137936	false	0.5
schuldner	neg 1.0		__DUMMY__ 0.45557385992357596 off 0.27931103872149904 neg 0.26511510135492494	false	0.5
missgeburt	off 1.0	off 1.0	off 0.641008648988609 __DUMMY__ 0.21547164239011168 neg 0.14351970862127933	false	1.0
arbeitslos	neg 1.0		__DUMMY__ 0.4575173792688099 off 0.2828072715095278 neg 0.2596753492216624	false	0.5
befallen	neg 1.0		__DUMMY__ 0.4535303313460597 off 0.28320601622888164 neg 0.26326365242505867	false	0.5
miesepetrig	off 1.0	off 1.0	off 0.6353388018817903 __DUMMY__ 0.2188092696401717 neg 0.14585192847803796	false	1.0
alarmieren	neg 1.0		__DUMMY__ 0.4534318290691814 off 0.2915441978896955 neg 0.25502397304112323	false	0.5
ungeduscht	off 1.0		__DUMMY__ 0.4517182420554926 off 0.2900601932770287 neg 0.2582215646674786	false	1.0
knappheit	neg 1.0		__DUMMY__ 0.4544080577495852 off 0.28191440431798 neg 0.2636775379324349	false	0.5
schlange	neg 1.0		__DUMMY__ 0.4564013675538735 off 0.2862861939747791 neg 0.25731243847134744	false	0.5
harsch	neg 1.0		__DUMMY__ 0.450313447292167 off 0.2972423679788396 neg 0.25244418472899344	false	0.5
lang	neg 1.0		__DUMMY__ 0.45492613694531836 off 0.28710407393014786 neg 0.2579697891245337	false	0.5
ziellos	neg 1.0		__DUMMY__ 0.45919427433134835 off 0.2812933192069123 neg 0.25951240646173934	false	0.5
selbstverliebt	neg 1.0		__DUMMY__ 0.4437770356627497 off 0.30532815342431563 neg 0.2508948109129348	false	0.5
beseitigen	neg 1.0		__DUMMY__ 0.4574102868901523 off 0.28613236108536055 neg 0.2564573520244873	false	0.5
dumm	off 1.0		__DUMMY__ 0.4469497106463539 off 0.2995669178148839 neg 0.25348337153876216	false	1.0
arbeitsloser	neg 1.0		__DUMMY__ 0.46140393106832905 off 0.28481967103795713 neg 0.25377639789371387	false	0.5
blitzen	neg 1.0		__DUMMY__ 0.4525501611651758 off 0.2898938460903493 neg 0.257555992744475	false	0.5
hilflos	neg 1.0		__DUMMY__ 0.4573307585656162 off 0.28286214107696167 neg 0.2598071003574222	false	0.5
eklig	off 1.0		__DUMMY__ 0.44523228893238825 off 0.2994228505452661 neg 0.2553448605223455	false	1.0
begriff			__DUMMY__ 0.45641140183451867 off 0.2853275049549751 neg 0.2582610932105062	false	0.0
hungersnot	neg 1.0		__DUMMY__ 0.45562737123148256 off 0.2825980432696516 neg 0.26177458549886573	false	0.5
ungesetzlich	neg 1.0		__DUMMY__ 0.453542431577147 off 0.28812777697803843 neg 0.2583297914448146	false	0.5
verschwendung	neg 1.0		__DUMMY__ 0.45812634963017884 off 0.2806157651825532 neg 0.26125788518726795	false	0.5
schmerzvoll	neg 1.0		__DUMMY__ 0.4540719688771154 off 0.2869182864670198 neg 0.25900974465586474	false	0.5
vorzeitig	neg 1.0		__DUMMY__ 0.45343241385457744 off 0.2919508239102368 neg 0.25461676223518576	false	0.5
unvollkommenheit	neg 1.0		__DUMMY__ 0.45632522573783885 off 0.28364061060774315 neg 0.26003416365441795	false	0.5
intervenieren	neg 1.0		__DUMMY__ 0.4560272195432824 off 0.28067167065126936 neg 0.2633011098054483	false	0.5
banause	off 1.0		__DUMMY__ 0.4422661941140079 off 0.30026019577993784 neg 0.2574736101060542	false	1.0
rebell	neg 1.0		__DUMMY__ 0.45762912616858076 off 0.275230654879272 neg 0.2671402189521471	false	0.5
unlogisch	neg 1.0		__DUMMY__ 0.44960069110925033 off 0.2946852636541573 neg 0.25571404523659236	false	0.5
leiden	neg 1.0		__DUMMY__ 0.4618462979732476 off 0.2806278990522199 neg 0.2575258029745324	false	0.5
abschaffung	neg 1.0		__DUMMY__ 0.453101475697756 off 0.2860883375614514 neg 0.2608101867407927	false	0.5
sturz	neg 1.0		__DUMMY__ 0.45728583384713756 off 0.2892759808778564 neg 0.2534381852750059	false	0.5
verkleinerung	neg 1.0		__DUMMY__ 0.449564787105984 off 0.28892124478653247 neg 0.2615139681074834	false	0.5
schmarotzer	off 1.0		__DUMMY__ 0.45698365948361985 off 0.2839224666707729 neg 0.25909387384560717	false	1.0
bestrafung	neg 1.0	neg 1.0	neg 0.616407377297616 __DUMMY__ 0.22089624314680129 off 0.16269637955558278	false	1.0
achtlos	neg 1.0		__DUMMY__ 0.4577788347295773 off 0.2845295293969464 neg 0.25769163587347627	false	0.5
ungeheuer	neg 1.0		__DUMMY__ 0.4537466286986519 off 0.2852348553984306 neg 0.2610185159029175	false	0.5
unaufrichtig	neg 1.0		__DUMMY__ 0.45336957491456426 off 0.290833478970436 neg 0.2557969461149997	false	0.5
groggy	neg 1.0		__DUMMY__ 0.45439310059459936 off 0.28973267941427266 neg 0.25587421999112797	false	0.5
verletzlich	neg 1.0		__DUMMY__ 0.4494176081885937 off 0.2903659116075547 neg 0.2602164802038515	false	0.5
ablehnen	neg 1.0		__DUMMY__ 0.4574363197592684 off 0.28280730991619557 neg 0.25975637032453597	false	0.5
