unsolidarisch	neg 1.0		__DUMMY__ 0.45368793103770905 off 0.28598400021730797 neg 0.2603280687449829	false	0.5
nachteilig	neg 1.0		__DUMMY__ 0.45883879319694015 off 0.28192260892204946 neg 0.25923859788101056	false	0.5
skeptisch	neg 1.0		__DUMMY__ 0.4589336785136845 off 0.28034977850257314 neg 0.26071654298374236	false	0.5
schrecklich	neg 1.0		__DUMMY__ 0.4499122739538817 off 0.295640145007836 neg 0.25444758103828224	false	0.5
schlapp	neg 1.0	neg 1.0	neg 0.6157133340419199 __DUMMY__ 0.2187548555585347 off 0.16553181039954548	false	1.0
abfall	neg 1.0		__DUMMY__ 0.4623020881076986 off 0.27753609213287544 neg 0.260161819759426	false	0.5
widerspenstig	neg 1.0		__DUMMY__ 0.45513402000287995 off 0.28435944077300995 neg 0.26050653922411027	false	0.5
abrupt	neg 1.0		__DUMMY__ 0.45766088568419955 off 0.27904613367040604 neg 0.26329298064539436	false	0.5
unwirksam	neg 1.0		__DUMMY__ 0.45083494828835674 off 0.2840815957907793 neg 0.265083455920864	false	0.5
angreifen	neg 1.0		__DUMMY__ 0.4596820180055392 off 0.27990506209868243 neg 0.26041291989577836	false	0.5
inkonsistent	neg 1.0		__DUMMY__ 0.4522770337917656 off 0.2876608885198785 neg 0.26006207768835593	false	0.5
abrutschen	neg 1.0		__DUMMY__ 0.4618114308557115 off 0.27688389496271404 neg 0.26130467418157444	false	0.5
unsicher	neg 1.0		__DUMMY__ 0.45680495759386025 off 0.28569694294552767 neg 0.2574980994606121	false	0.5
bauernkind	off 1.0	off 1.0	off 0.638029964628496 __DUMMY__ 0.21408599339312334 neg 0.14788404197838062	false	1.0
angreifer	neg 1.0		__DUMMY__ 0.45645593924710487 off 0.2910847547165151 neg 0.2524593060363799	false	0.5
trennen	neg 1.0		__DUMMY__ 0.4603821909742363 off 0.2798119831952425 neg 0.25980582583052125	false	0.5
schmutz	neg 1.0		__DUMMY__ 0.4579469473055571 off 0.2905456539000801 neg 0.2515073987943629	false	0.5
inkonsistenz	neg 1.0		__DUMMY__ 0.4527682837095815 off 0.2911221332856858 neg 0.2561095830047326	false	0.5
erschreckend	neg 1.0		__DUMMY__ 0.45639460057941905 off 0.2847114339473593 neg 0.2588939654732216	false	0.5
ertrinken	neg 1.0		__DUMMY__ 0.45866013432315655 off 0.278740082064328 neg 0.2625997836125154	false	0.5
pickelface	off 1.0		__DUMMY__ 0.4552308146739783 off 0.2859598919456907 neg 0.25880929338033093	false	1.0
seiner			__DUMMY__ 0.46010219691068377 off 0.28058582682789013 neg 0.259311976261426	false	0.0
lauch	neg 1.0	neg 1.0	neg 0.61939383798445 __DUMMY__ 0.2232741682839042 off 0.15733199373164572	false	1.0
unwichtig	neg 1.0		__DUMMY__ 0.4527391634352191 off 0.2910491161515887 neg 0.25621172041319235	false	0.5
steuerhinterziehung	neg 1.0		__DUMMY__ 0.45543531529104725 off 0.2844900025494925 neg 0.2600746821594602	false	0.5
schock	neg 1.0		__DUMMY__ 0.45729535719088404 off 0.28374236126918007 neg 0.25896228153993583	false	0.5
beule	neg 1.0		__DUMMY__ 0.45002594127702317 off 0.2930203823462792 neg 0.2569536763766976	false	0.5
vergelten	neg 1.0		__DUMMY__ 0.44975407311757615 off 0.2968870393012299 neg 0.25335888758119396	false	0.5
verdorbenheit	neg 1.0		__DUMMY__ 0.4552425124027541 off 0.28679562451711604 neg 0.25796186308012975	false	0.5
trauma	neg 1.0		__DUMMY__ 0.454299879940851 off 0.28682617430122687 neg 0.25887394575792205	false	0.5
sinnlos	neg 1.0		__DUMMY__ 0.45471695328749984 off 0.28777702236101294 neg 0.25750602435148723	false	0.5
fettsack	off 1.0	off 1.0	off 0.6391959043818782 __DUMMY__ 0.2143495793027845 neg 0.1464545163153372	false	1.0
feige	off 1.0	off 1.0	off 0.6359642335315888 __DUMMY__ 0.21824266700025913 neg 0.145793099468152	false	1.0
abdanken	neg 1.0		__DUMMY__ 0.45754811389516853 off 0.2858762197187877 neg 0.2565756663860436	false	0.5
wichtigtuer	off 1.0	off 1.0	off 0.6342435087647939 __DUMMY__ 0.22021930879516674 neg 0.1455371824400394	false	1.0
misslingen	neg 1.0		__DUMMY__ 0.45705684089393556 off 0.2879987667327149 neg 0.25494439237334954	false	0.5
untreu	off 1.0		__DUMMY__ 0.45181330060188535 off 0.29235204776421725 neg 0.25583465163389735	false	1.0
missmutig	neg 1.0		__DUMMY__ 0.453118775201895 off 0.28941030599431516 neg 0.2574709188037899	false	0.5
hurenbock	off 1.0		__DUMMY__ 0.4512201057231317 off 0.28376981030372217 neg 0.26501008397314596	false	1.0
betrunken	neg 1.0		__DUMMY__ 0.45033526731486784 off 0.2943022588791651 neg 0.25536247380596705	false	0.5
korrupt	off 1.0		__DUMMY__ 0.4551728525477059 off 0.2837454258833221 neg 0.2610817215689721	false	1.0
unmut	neg 1.0		__DUMMY__ 0.46034705334142206 off 0.2785170706090352 neg 0.2611358760495428	false	0.5
hackfresse	off 1.0		__DUMMY__ 0.446576644549572 off 0.3005347479505484 neg 0.2528886074998795	false	1.0
aufblasen	neg 1.0		__DUMMY__ 0.455596981386448 off 0.28583003884052327 neg 0.25857297977302873	false	0.5
gewaltsam	neg 1.0		__DUMMY__ 0.457696770552356 off 0.2859324042038097 neg 0.2563708252438343	false	0.5
unbeliebtheit	neg 1.0		__DUMMY__ 0.451968708021763 off 0.29253527159838405 neg 0.2554960203798528	false	0.5
sturheit	neg 1.0		__DUMMY__ 0.4578154911894128 off 0.2852918356134763 neg 0.2568926731971109	false	0.5
kuh	neg 1.0		__DUMMY__ 0.4465000383325196 off 0.2855786365693046 neg 0.2679213250981758	false	0.5
erschrecken	neg 1.0		__DUMMY__ 0.45336145210943923 off 0.29002078790775965 neg 0.25661775998280106	false	0.5
opfer	neg 1.0		__DUMMY__ 0.46068974024116083 off 0.2831120848335114 neg 0.2561981749253278	false	0.5
sinken	neg 1.0		__DUMMY__ 0.4582611269216116 off 0.2782212133602148 neg 0.2635176597181736	false	0.5
stinktier	neg 1.0		__DUMMY__ 0.44358056596492385 off 0.29595082832235386 neg 0.2604686057127224	false	0.5
tucke	off 1.0		__DUMMY__ 0.441435175167337 off 0.3010699685574117 neg 0.2574948562752514	false	1.0
ein			__DUMMY__ 0.45440310276714013 off 0.28353867879722594 neg 0.262058218435634	false	0.0
abstieg	neg 1.0		__DUMMY__ 0.46047893425289127 off 0.2846703657857411 neg 0.25485069996136767	false	0.5
missverstehen	neg 1.0		__DUMMY__ 0.45423374561784025 off 0.28886493525133916 neg 0.2569013191308207	false	0.5
ergebnislos	neg 1.0		__DUMMY__ 0.46021652267711743 off 0.28244020551845356 neg 0.257343271804429	false	0.5
unter			__DUMMY__ 0.4656046182288483 off 0.2731797242250802 neg 0.26121565754607146	false	0.0
manipulieren	neg 1.0		__DUMMY__ 0.45949796327736286 off 0.28113903088406694 neg 0.2593630058385703	false	0.5
unbewiesen	neg 1.0	neg 1.0	neg 0.6165089751189616 __DUMMY__ 0.22048567531213448 off 0.16300534956890383	false	1.0
verschleppen	neg 1.0		__DUMMY__ 0.45762599961096334 off 0.2826905609083546 neg 0.259683439480682	false	0.5
weib	off 1.0		__DUMMY__ 0.44322487411749234 off 0.30199614243099865 neg 0.254778983451509	false	1.0
opposition	neg 1.0		__DUMMY__ 0.4535279242754512 off 0.286871795024511 neg 0.25960028070003777	false	0.5
verkehrswidrig	neg 1.0		__DUMMY__ 0.45064344601695694 off 0.29804861932671356 neg 0.2513079346563294	false	0.5
inkorrekt	neg 1.0		__DUMMY__ 0.44963261144146244 off 0.2953417085155985 neg 0.2550256800429391	false	0.5
vermeiden	neg 1.0		__DUMMY__ 0.4622124495754436 off 0.2763232756312597 neg 0.2614642747932968	false	0.5
abweichung	neg 1.0	neg 1.0	neg 0.6162004121354598 __DUMMY__ 0.22263607088413814 off 0.1611635169804021	false	1.0
alkoholisiert	neg 1.0		__DUMMY__ 0.46275952814901516 off 0.28176314560609894 neg 0.2554773262448859	false	0.5
scheiss	off 1.0	off 1.0	off 0.6365584637413455 __DUMMY__ 0.21713979454324683 neg 0.1463017417154077	false	1.0
herausforderung	neg 1.0		__DUMMY__ 0.4577060338213214 off 0.2828118433964689 neg 0.2594821227822097	false	0.5
pervers	off 1.0		__DUMMY__ 0.4426317041138744 off 0.30502483608698744 neg 0.2523434597991381	false	1.0
wackelig	neg 1.0		__DUMMY__ 0.458421274847197 off 0.2829648115792539 neg 0.25861391357354907	false	0.5
verwickeln	neg 1.0		__DUMMY__ 0.4550185371325217 off 0.2879833744165324 neg 0.256998088450946	false	0.5
vorwand	neg 1.0		__DUMMY__ 0.4597190141083184 off 0.27936485932140165 neg 0.2609161265702799	false	0.5
muschi	off 1.0		__DUMMY__ 0.4568131895099993 off 0.28521543981175007 neg 0.25797137067825054	false	1.0
entmutigung	neg 1.0		__DUMMY__ 0.4516622207857992 off 0.2872698851503227 neg 0.26106789406387826	false	0.5
unangemessen	neg 1.0		__DUMMY__ 0.45732401267064016 off 0.2846298110848648 neg 0.25804617624449505	false	0.5
unstetig	neg 1.0		__DUMMY__ 0.4525727703489647 off 0.28968617777836725 neg 0.2577410518726679	false	0.5
entmutigen	neg 1.0		__DUMMY__ 0.45539954512982195 off 0.2866536933280127 neg 0.25794676154216545	false	0.5
schwanz	neg 1.0		__DUMMY__ 0.45710834593485 off 0.2824150303002795 neg 0.2604766237648705	false	0.5
verbot	neg 1.0		__DUMMY__ 0.45590843137725573 off 0.2835755312479247 neg 0.2605160373748197	false	0.5
leid	neg 1.0		__DUMMY__ 0.4484305831745509 off 0.297285917255985 neg 0.254283499569464	false	0.5
archaisch	neg 1.0		__DUMMY__ 0.4560032135415532 off 0.28353047598645037 neg 0.2604663104719964	false	0.5
gegen			__DUMMY__ 0.4617513296078794 off 0.27983151733947925 neg 0.2584171530526414	false	0.0
scheidung	neg 1.0		__DUMMY__ 0.4442833143943236 off 0.310394388715142 neg 0.24532229689053447	false	0.5
einschlag	neg 1.0		__DUMMY__ 0.4522906755563705 off 0.2972052965463389 neg 0.2505040278972906	false	0.5
m			__DUMMY__ 0.4575797783182751 off 0.28330951682386535 neg 0.25911070485785953	false	0.0
abgestanden	neg 1.0		__DUMMY__ 0.4501154721014607 off 0.28290351305595685 neg 0.2669810148425825	false	0.5
schmierig	off 1.0		__DUMMY__ 0.44830427127335243 off 0.296750441857068 neg 0.2549452868695796	false	1.0
unpraktisch	neg 1.0		__DUMMY__ 0.45551865941927433 off 0.28728839430064446 neg 0.25719294628008105	false	0.5
wixxer	off 1.0		__DUMMY__ 0.4409091981676644 off 0.3047131533105214 neg 0.2543776485218141	false	1.0
bezeichnet			__DUMMY__ 0.4566388004171322 off 0.2863745613518748 neg 0.25698663823099316	false	0.0
jammerlappen	off 1.0		__DUMMY__ 0.4525937466164501 off 0.2913524020935056 neg 0.2560538512900445	false	1.0
farce	neg 1.0		__DUMMY__ 0.4542404286699836 off 0.2850445215782209 neg 0.26071504975179555	false	0.5
zwecklos	neg 1.0		__DUMMY__ 0.4570636768336287 off 0.2831200254803952 neg 0.25981629768597614	false	0.5
turbulent	neg 1.0		__DUMMY__ 0.44985384083254376 off 0.2931063083270735 neg 0.2570398508403826	false	0.5
invasion	neg 1.0		__DUMMY__ 0.453875941170919 off 0.28839294749538197 neg 0.2577311113336991	false	0.5
schuld	neg 1.0		__DUMMY__ 0.4554402365384048 off 0.28714654890620017 neg 0.25741321455539506	false	0.5
risiko	neg 1.0		__DUMMY__ 0.45201158325857216 off 0.28673958570261754 neg 0.2612488310388102	false	0.5
finster	neg 1.0		__DUMMY__ 0.45384995282800705 off 0.28406844619466365 neg 0.26208160097732924	false	0.5
geisteskrank	off 1.0		__DUMMY__ 0.450791722251587 off 0.29413597797053354 neg 0.25507229977787954	false	1.0
zusammenbrechen	neg 1.0		__DUMMY__ 0.4566841246375539 off 0.283146988499931 neg 0.26016888686251516	false	0.5
ausbeute	neg 1.0		__DUMMY__ 0.4592611086099809 off 0.2855056036252698 neg 0.25523328776474946	false	0.5
hinterhalt	neg 1.0		__DUMMY__ 0.4560326415505725 off 0.28358626890662436 neg 0.2603810895428031	false	0.5
kritik	neg 1.0		__DUMMY__ 0.4544712632585774 off 0.2847787910705221 neg 0.26074994567090054	false	0.5
einschrumpfen	neg 1.0		__DUMMY__ 0.45035139947305997 off 0.2906212225566212 neg 0.2590273779703188	false	0.5
riskant	neg 1.0		__DUMMY__ 0.45815504900648707 off 0.28026917511734584 neg 0.26157577587616715	false	0.5
frustrieren	neg 1.0		__DUMMY__ 0.4573700756352948 off 0.28118874186693 neg 0.2614411824977752	false	0.5
groll	neg 1.0		__DUMMY__ 0.45836388968636704 off 0.28405618258877036 neg 0.25757992772486277	false	0.5
gibt			__DUMMY__ 0.45755603732097927 off 0.2829410554279476 neg 0.25950290725107306	false	0.0
qualvoll	neg 1.0		__DUMMY__ 0.454542429149445 off 0.2879184223125024 neg 0.25753914853805254	false	0.5
wackeln	neg 1.0		__DUMMY__ 0.4562318943481842 off 0.28531853064365903 neg 0.25844957500815685	false	0.5
klagen	neg 1.0		__DUMMY__ 0.4589468214543529 off 0.2793254559602405 neg 0.26172772258540666	false	0.5
bankrott	neg 1.0		__DUMMY__ 0.4535386274538823 off 0.2909705931376099 neg 0.25549077940850784	false	0.5
trauern	neg 1.0		__DUMMY__ 0.46240723556859836 off 0.28244835279547975 neg 0.25514441163592194	false	0.5
ablehnung	neg 1.0		__DUMMY__ 0.454817778374489 off 0.28403981751942753 neg 0.2611424041060834	false	0.5
stur	neg 1.0		__DUMMY__ 0.45491802092051886 off 0.28690586778457333 neg 0.25817611129490786	false	0.5
aufruhr	neg 1.0	neg 1.0	neg 0.6161618752252498 __DUMMY__ 0.22129383469047276 off 0.1625442900842775	false	1.0
melancholie	neg 1.0		__DUMMY__ 0.4569558796871305 off 0.27923283837692225 neg 0.26381128193594716	false	0.5
ist			__DUMMY__ 0.4546928166232011 off 0.2873974564659052 neg 0.2579097269108936	false	0.0
torheit	neg 1.0		__DUMMY__ 0.45492739430122087 off 0.28702579383096827 neg 0.2580468118678108	false	0.5
dreckskind	off 1.0		__DUMMY__ 0.44468904011500743 off 0.3012666864281986 neg 0.254044273456794	false	1.0
umtauschen	neg 1.0		__DUMMY__ 0.4561241341917032 off 0.2847012493028479 neg 0.25917461650544893	false	0.5
zum			__DUMMY__ 0.465891587165333 off 0.27821013417096624 neg 0.2558982786637007	false	0.0
zersetzen	neg 1.0		__DUMMY__ 0.457762612606885 off 0.2799464275016498 neg 0.2622909598914653	false	0.5
zur			__DUMMY__ 0.46248763261981535 off 0.2766931567323615 neg 0.26081921064782315	false	0.0
frust	neg 1.0		__DUMMY__ 0.4573211393237911 off 0.2831226631570274 neg 0.2595561975191816	false	0.5
unerbittlichkeit	neg 1.0		__DUMMY__ 0.4589611319589258 off 0.28164569420288554 neg 0.2593931738381887	false	0.5
zwei			__DUMMY__ 0.46329095546579285 off 0.27636300537569736 neg 0.2603460391585098	false	0.0
unkorrekt	neg 1.0		__DUMMY__ 0.45048691069896357 off 0.29405813650147106 neg 0.25545495279956537	false	0.5
hexe	off 1.0		__DUMMY__ 0.44952952664651 off 0.28940468175990636 neg 0.2610657915935837	false	1.0
lasch	neg 1.0		__DUMMY__ 0.4536443271303291 off 0.29068008660619565 neg 0.25567558626347514	false	0.5
rivale	neg 1.0		__DUMMY__ 0.44986663613817635 off 0.29565364774006925 neg 0.25447971612175435	false	0.5
mutlos	off 1.0	off 1.0	off 0.6305080031566879 __DUMMY__ 0.22175271249012904 neg 0.14773928435318306	false	1.0
wirr	off 1.0		__DUMMY__ 0.4485429944116925 off 0.2958698493597165 neg 0.2555871562285911	false	1.0
jahr			__DUMMY__ 0.46315935286328114 off 0.2823676257363036 neg 0.2544730214004153	false	0.0
wird			__DUMMY__ 0.45830065294265576 off 0.28251606789117883 neg 0.2591832791661654	false	0.0
strafbar	neg 1.0		__DUMMY__ 0.45930146082173706 off 0.28170945162669425 neg 0.2589890875515687	false	0.5
erosion	neg 1.0		__DUMMY__ 0.4561447451922139 off 0.2859815250405336 neg 0.25787372976725265	false	0.5
eingehen	neg 1.0		__DUMMY__ 0.4574484418532059 off 0.28098691907397744 neg 0.2615646390728166	false	0.5
faul	off 1.0		__DUMMY__ 0.453208183005858 off 0.29043938936735453 neg 0.25635242762678734	false	1.0
provisorium	neg 1.0		__DUMMY__ 0.4662191216083482 off 0.2735879864630461 neg 0.26019289192860573	false	0.5
schmerzen	neg 1.0		__DUMMY__ 0.45574911899025694 off 0.28372123718693615 neg 0.260529643822807	false	0.5
schrumpfen	neg 1.0		__DUMMY__ 0.4593866651053551 off 0.27536651139043655 neg 0.2652468235042085	false	0.5
geistlos	off 1.0		__DUMMY__ 0.45233786932191294 off 0.28836647587758557 neg 0.25929565480050154	false	1.0
fehlkauf	neg 1.0		__DUMMY__ 0.45327137154009867 off 0.2881684608559688 neg 0.2585601676039324	false	0.5
frustrierend	neg 1.0		__DUMMY__ 0.452895221893017 off 0.289662978991116 neg 0.257441799115867	false	0.5
unzufrieden	neg 1.0		__DUMMY__ 0.4575673157011268 off 0.28305498329768924 neg 0.2593777010011839	false	0.5
verzweifeln	neg 1.0		__DUMMY__ 0.4568826540433091 off 0.28452353721832724 neg 0.25859380873836363	false	0.5
verzweifelt	neg 1.0		__DUMMY__ 0.45479727427461936 off 0.2868950768060779 neg 0.2583076489193028	false	0.5
misstrauensantrag	neg 1.0		__DUMMY__ 0.45393881497226496 off 0.28768243716092246 neg 0.25837874786681253	false	0.5
abfallen	neg 1.0		__DUMMY__ 0.4551514026397306 off 0.28533042998642905 neg 0.25951816737384037	false	0.5
fucker	off 1.0		__DUMMY__ 0.4507893807206175 off 0.29523944422754583 neg 0.2539711750518367	false	1.0
ungezogen	neg 1.0		__DUMMY__ 0.4448213332398868 off 0.30281206146346695 neg 0.2523666052966462	false	0.5
irrsinnig	neg 1.0	neg 1.0	neg 0.6171615741443335 __DUMMY__ 0.22016231336045108 off 0.1626761124952154	false	1.0
unfassbar	neg 1.0		__DUMMY__ 0.4523436023393914 off 0.2925175597220484 neg 0.25513883793856035	false	0.5
hart	neg 1.0		__DUMMY__ 0.4471565937059701 off 0.2904311853516074 neg 0.26241222094242245	false	0.5
widerlich	off 1.0		__DUMMY__ 0.45125785178893435 off 0.29285585797364305 neg 0.2558862902374227	false	1.0
fatal	neg 1.0	neg 1.0	neg 0.6184503939211607 __DUMMY__ 0.21828579308504775 off 0.16326381299379158	false	1.0
bruch	neg 1.0		__DUMMY__ 0.4614452139402163 off 0.27858967433603454 neg 0.2599651117237492	false	0.5
aushungern	neg 1.0		__DUMMY__ 0.4558900863198065 off 0.28385172502360234 neg 0.26025818865659106	false	0.5
anspannung	neg 1.0		__DUMMY__ 0.4639045968950767 off 0.27683940012734676 neg 0.2592560029775765	false	0.5
von			__DUMMY__ 0.45986838358744997 off 0.2796951092096886 neg 0.2604365072028615	false	0.0
kraftlos	neg 1.0		__DUMMY__ 0.4576402566293231 off 0.2823560524695413 neg 0.26000369090113556	false	0.5
vom			__DUMMY__ 0.4674497329010365 off 0.2747955864016402 neg 0.2577546806973234	false	0.0
grenzdebil	off 1.0		__DUMMY__ 0.45100420183895246 off 0.29236194365860485 neg 0.2566338545024426	false	1.0
vor			__DUMMY__ 0.46072132216061173 off 0.2785575106439452 neg 0.260721167195443	false	0.0
unterwerfen	neg 1.0		__DUMMY__ 0.45903463044431553 off 0.2824519386128504 neg 0.25851343094283413	false	0.5
versenkung	neg 1.0		__DUMMY__ 0.4593214244833943 off 0.2817502972856101 neg 0.25892827823099557	false	0.5
entziehen	neg 1.0		__DUMMY__ 0.45967019001624226 off 0.2791960124961931 neg 0.2611337974875646	false	0.5
finanzkrise	neg 1.0		__DUMMY__ 0.4504645741717195 off 0.2826433291223512 neg 0.2668920967059293	false	0.5
schimpfend	neg 1.0		__DUMMY__ 0.45668896839396106 off 0.28697010198269496 neg 0.256340929623344	false	0.5
profan	neg 1.0		__DUMMY__ 0.453759139779952 off 0.28798350815167956 neg 0.25825735206836836	false	0.5
korruption	neg 1.0		__DUMMY__ 0.45535454694573546 off 0.28277901173936737 neg 0.2618664413148972	false	0.5
â			__DUMMY__ 0.4573210405850281 off 0.2823092331189186 neg 0.2603697262960533	false	0.0
schmutzig	neg 1.0		__DUMMY__ 0.4513549423894531 off 0.2927294608338993 neg 0.2559155967766476	false	0.5
sexy	neg 1.0		__DUMMY__ 0.45380326995656123 off 0.2901240804730786 neg 0.25607264957036024	false	0.5
abraten	neg 1.0		__DUMMY__ 0.4549261958510615 off 0.2878325871740931 neg 0.2572412169748454	false	0.5
schwarz	neg 1.0		__DUMMY__ 0.4544793445876989 off 0.2881842871494302 neg 0.25733636826287093	false	0.5
fotze	off 1.0	off 1.0	off 0.6309788919144 __DUMMY__ 0.22158301531364435 neg 0.14743809277195558	false	1.0
verwirren	neg 1.0		__DUMMY__ 0.45429674370795614 off 0.28860724950527145 neg 0.2570960067867725	false	0.5
zahnlos	off 1.0		__DUMMY__ 0.45697477416107757 off 0.28414721015312683 neg 0.2588780156857956	false	1.0
verheeren	neg 1.0		__DUMMY__ 0.4445698163000338 off 0.304486962804135 neg 0.25094322089583126	false	0.5
hippie	neg 1.0		__DUMMY__ 0.45351120402228023 off 0.2895388779404538 neg 0.2569499180372659	false	0.5
rammen	neg 1.0		__DUMMY__ 0.45518670299487773 off 0.28598536148995285 neg 0.2588279355151695	false	0.5
unlauter	neg 1.0		__DUMMY__ 0.45330050994883275 off 0.28746670846017075 neg 0.25923278159099644	false	0.5
unheilvoll	neg 1.0		__DUMMY__ 0.4541539201900266 off 0.28642368851628675 neg 0.25942239129368666	false	0.5
niedrig	neg 1.0		__DUMMY__ 0.45599879199875154 off 0.28141971874759947 neg 0.2625814892536491	false	0.5
explosion	neg 1.0		__DUMMY__ 0.45384999884919097 off 0.28954336733277813 neg 0.2566066338180309	false	0.5
weichei	off 1.0	off 1.0	off 0.6390966020078118 __DUMMY__ 0.21532507778758309 neg 0.1455783202046052	false	1.0
minusmensch	off 1.0		__DUMMY__ 0.44312304572901595 off 0.30349831639545377 neg 0.2533786378755302	false	1.0
farblos	neg 1.0		__DUMMY__ 0.4546622570735072 off 0.28668072966633223 neg 0.25865701326016055	false	0.5
unwissend	neg 1.0	neg 1.0	neg 0.6162910480541127 __DUMMY__ 0.21854259989153707 off 0.16516635205435032	false	1.0
traurig	neg 1.0		__DUMMY__ 0.45035343082103824 off 0.2952746456429033 neg 0.25437192353605836	false	0.5
senkung	neg 1.0		__DUMMY__ 0.4505488228139595 off 0.28743002715513793 neg 0.2620211500309026	false	0.5
ungleich	neg 1.0	neg 1.0	neg 0.618080166070509 __DUMMY__ 0.221857248613164 off 0.16006258531632697	false	1.0
heikel	neg 1.0		__DUMMY__ 0.4588197566072166 off 0.28088163092580715 neg 0.26029861246697644	false	0.5
drosselung	neg 1.0		__DUMMY__ 0.4481246754718421 off 0.2913115602690393 neg 0.2605637642591186	false	0.5
falsch	neg 1.0		__DUMMY__ 0.4538001815269786 off 0.29044346686481776 neg 0.25575635160820376	false	0.5
unzufriedenheit	neg 1.0		__DUMMY__ 0.45728322630641943 off 0.27978673164043666 neg 0.26293004205314396	false	0.5
kurz	neg 1.0		__DUMMY__ 0.4585464695118533 off 0.28369774209809956 neg 0.25775578839004715	false	0.5
unsinnig	neg 1.0		__DUMMY__ 0.45509291873796015 off 0.28398929831218245 neg 0.26091778294985735	false	0.5
penner	off 1.0	off 1.0	off 0.6405342028389206 __DUMMY__ 0.21524463838438612 neg 0.14422115877669323	false	1.0
seicht	neg 1.0		__DUMMY__ 0.44342255519405016 off 0.3010897008572002 neg 0.2554877439487495	false	0.5
dummheit	off 1.0	off 1.0	off 0.6338769608971005 __DUMMY__ 0.219087068790068 neg 0.14703597031283155	false	1.0
unerfreulich	neg 1.0		__DUMMY__ 0.4586356687951562 off 0.2803020400684451 neg 0.2610622911363988	false	0.5
motherfucker	off 1.0	off 1.0	off 0.6372363986739769 __DUMMY__ 0.21777057066954544 neg 0.14499303065647778	false	1.0
pikiert	neg 1.0		__DUMMY__ 0.45155804811836603 off 0.29145708346544863 neg 0.25698486841618534	false	0.5
wrack	neg 1.0		__DUMMY__ 0.461463662389399 off 0.2853016343616507 neg 0.25323470324895025	false	0.5
gangster	neg 1.0		__DUMMY__ 0.453310701279207 off 0.28974537002563766 neg 0.25694392869515525	false	0.5
krank	neg 1.0		__DUMMY__ 0.452333655572004 off 0.29305436199346085 neg 0.2546119824345351	false	0.5
reich	neg 1.0		__DUMMY__ 0.4500045823290915 off 0.2890169282840723 neg 0.2609784893868362	false	0.5
gnadenlos	neg 1.0		__DUMMY__ 0.4558851459273056 off 0.2869611884608612 neg 0.25715366561183317	false	0.5
niedergeschlagen	neg 1.0		__DUMMY__ 0.4592552733385449 off 0.2835754031546462 neg 0.2571693235068089	false	0.5
terrorisieren	off 1.0	off 1.0	off 0.6300696989985322 __DUMMY__ 0.22279394530135918 neg 0.14713635570010858	false	1.0
sinnlosigkeit	neg 1.0		__DUMMY__ 0.45707338896387456 off 0.283507909499473 neg 0.25941870153665236	false	0.5
behindern	neg 1.0		__DUMMY__ 0.45532373014031924 off 0.2850178809181845 neg 0.2596583889414963	false	0.5
undemokratisch	neg 1.0		__DUMMY__ 0.45335793447252015 off 0.28786986733084935 neg 0.2587721981966306	false	0.5
wirtschaftskrise	neg 1.0		__DUMMY__ 0.4541976272603125 off 0.28171589088904897 neg 0.26408648185063854	false	0.5
neid	neg 1.0		__DUMMY__ 0.4536873235161539 off 0.28939215775564 neg 0.2569205187282062	false	0.5
rutschen	neg 1.0		__DUMMY__ 0.4630611800777926 off 0.27589039226277307 neg 0.2610484276594344	false	0.5
rezession	neg 1.0		__DUMMY__ 0.44536520126252754 off 0.29344734014221524 neg 0.2611874585952572	false	0.5
fehlgeburt	neg 1.0		__DUMMY__ 0.4570637744154772 off 0.2866212659022461 neg 0.25631495968227663	false	0.5
charakterschwach	off 1.0		__DUMMY__ 0.45096158533284325 off 0.2920314986502214 neg 0.25700691601693537	false	1.0
isolation	neg 1.0		__DUMMY__ 0.45435462268162063 off 0.2905867232298671 neg 0.2550586540885123	false	0.5
ablenkung	neg 1.0		__DUMMY__ 0.4568600543930717 off 0.2855266742452857 neg 0.25761327136164264	false	0.5
pech	neg 1.0		__DUMMY__ 0.4525902504923518 off 0.29013645768988555 neg 0.2572732918177626	false	0.5
vermeidung	neg 1.0		__DUMMY__ 0.4504922236751476 off 0.29216991225922084 neg 0.2573378640656316	false	0.5
dominieren	neg 1.0		__DUMMY__ 0.4571234262939939 off 0.2840143952117577 neg 0.25886217849424836	false	0.5
schwindlig	neg 1.0		__DUMMY__ 0.4539249111076367 off 0.28743942677016604 neg 0.2586356621221973	false	0.5
lutscher	neg 1.0	neg 1.0	neg 0.614821852100145 __DUMMY__ 0.21311653458097127 off 0.17206161331888384	false	1.0
pflicht	neg 1.0		__DUMMY__ 0.46046796394383643 off 0.2797587438524582 neg 0.2597732922037053	false	0.5
faschist	off 1.0		__DUMMY__ 0.45414073693213636 off 0.2904258404568142 neg 0.2554334226110495	false	1.0
verschleudern	neg 1.0		__DUMMY__ 0.45486986615817054 off 0.2801826581881833 neg 0.2649474756536463	false	0.5
wenn			__DUMMY__ 0.4526723179893302 off 0.2909501598686337 neg 0.25637752214203613	false	0.0
ehebruch	neg 1.0		__DUMMY__ 0.4580096680694129 off 0.28273472094276575 neg 0.25925561098782135	false	0.5
spott	off 1.0		__DUMMY__ 0.4588794788628017 off 0.28292056875665617 neg 0.25819995238054205	false	1.0
trostlosigkeit	neg 1.0		__DUMMY__ 0.457645612445011 off 0.27830113830143877 neg 0.2640532492535502	false	0.5
lutschen	neg 1.0		__DUMMY__ 0.45234676352595127 off 0.2900545275575207 neg 0.25759870891652803	false	0.5
undiszipliniert	neg 1.0		__DUMMY__ 0.45041423052198853 off 0.294309528802492 neg 0.2552762406755195	false	0.5
kopfschmerz	neg 1.0		__DUMMY__ 0.4553732854722164 off 0.2806948152395399 neg 0.26393189928824384	false	0.5
unvorhergesehen	neg 1.0		__DUMMY__ 0.46098143210062736 off 0.28020927913935784 neg 0.2588092887600149	false	0.5
desinteressiert	neg 1.0		__DUMMY__ 0.4506370585758583 off 0.29355065628592714 neg 0.2558122851382146	false	0.5
armselig	off 1.0		__DUMMY__ 0.44988690312185736 off 0.29637770685718173 neg 0.25373539002096107	false	1.0
desaster	neg 1.0		__DUMMY__ 0.45937376046049966 off 0.27845486962499655 neg 0.2621713699145037	false	0.5
tod	neg 1.0		__DUMMY__ 0.4589281743297301 off 0.2818266736628199 neg 0.25924515200744996	false	0.5
herzlos	neg 1.0		__DUMMY__ 0.4499766820999471 off 0.2956549040147715 neg 0.25436841388528136	false	0.5
unwissenheit	neg 1.0		__DUMMY__ 0.45711698746397117 off 0.2830915802520956 neg 0.25979143228393325	false	0.5
widersinnig	neg 1.0		__DUMMY__ 0.4542225075945698 off 0.2837427466496407 neg 0.2620347457557895	false	0.5
bedenklich	neg 1.0		__DUMMY__ 0.4569833304280995 off 0.28181197956397397 neg 0.2612046900079265	false	0.5
beanstanden	neg 1.0		__DUMMY__ 0.4607306464905955 off 0.28079835895153593 neg 0.25847099455786837	false	0.5
panisch	neg 1.0		__DUMMY__ 0.4557472274452271 off 0.2881102599578741 neg 0.2561425125968987	false	0.5
debil	off 1.0		__DUMMY__ 0.46318967131984967 off 0.27310746870318003 neg 0.2637028599769701	false	1.0
abstrich	neg 1.0		__DUMMY__ 0.45602337257464043 off 0.28349236281361884 neg 0.2604842646117407	false	0.5
primitiv	neg 1.0		__DUMMY__ 0.4509913228096544 off 0.29393116112126527 neg 0.25507751606908036	false	0.5
abschaum	off 1.0	off 1.0	off 0.6362075042294093 __DUMMY__ 0.2193353255651281 neg 0.14445717020546264	false	1.0
provozieren	neg 1.0		__DUMMY__ 0.4552521984282012 off 0.2867276935228074 neg 0.25802010804899134	false	0.5
tot	neg 1.0		__DUMMY__ 0.4557319680107796 off 0.2824807476743067 neg 0.2617872843149136	false	0.5
instabil	neg 1.0		__DUMMY__ 0.4476656659084385 off 0.295676095192509 neg 0.2566582388990526	false	0.5
schwuchtel	off 1.0	off 1.0	off 0.6448684701233178 __DUMMY__ 0.21183085252279885 neg 0.14330067735388344	false	1.0
zerren	neg 1.0		__DUMMY__ 0.4585617137523477 off 0.2831406278924281 neg 0.2582976583552241	false	0.5
kinderficker	off 1.0		__DUMMY__ 0.4482071670141031 off 0.2989337122769442 neg 0.2528591207089525	false	1.0
gefahr	neg 1.0		__DUMMY__ 0.46062428846341147 off 0.28051052092740175 neg 0.25886519060918667	false	0.5
rabiat	neg 1.0		__DUMMY__ 0.4562180812373482 off 0.2846641051208041 neg 0.25911781364184777	false	0.5
verlangsamung	neg 1.0		__DUMMY__ 0.4454388942900849 off 0.3000379847258158 neg 0.2545231209840993	false	0.5
ausgestorben	neg 1.0		__DUMMY__ 0.4570735057129255 off 0.2844317580405523 neg 0.2584947362465222	false	0.5
anklagen	neg 1.0		__DUMMY__ 0.4575216235172683 off 0.28433390168474576 neg 0.2581444747979858	false	0.5
trott	neg 1.0		__DUMMY__ 0.4559354629268939 off 0.28559127781803445 neg 0.2584732592550716	false	0.5
verminderung	neg 1.0		__DUMMY__ 0.4508021604080359 off 0.29241743687540994 neg 0.2567804027165541	false	0.5
nach			__DUMMY__ 0.4648938543960109 off 0.275033112259752 neg 0.26007303334423704	false	0.0
rost	neg 1.0		__DUMMY__ 0.44790651586010427 off 0.3030121458279818 neg 0.24908133831191398	false	0.5
destruktiv	neg 1.0		__DUMMY__ 0.4554083520588253 off 0.2852743965635607 neg 0.25931725137761386	false	0.5
unzumutbarkeit	neg 1.0		__DUMMY__ 0.4509437360808659 off 0.29229651913183985 neg 0.2567597447872942	false	0.5
labil	off 1.0	off 1.0	off 0.6352818588734869 __DUMMY__ 0.21863999825376298 neg 0.14607814287275014	false	1.0
ziemlich	neg 1.0		__DUMMY__ 0.45266835484781914 off 0.2922364656715115 neg 0.25509517948066934	false	0.5
lachnummer	off 1.0		__DUMMY__ 0.4565662270154116 off 0.2866898767613306 neg 0.2567438962232578	false	1.0
oder			__DUMMY__ 0.456479142609712 off 0.2864582180334678 neg 0.25706263935682017	false	0.0
verfall	neg 1.0		__DUMMY__ 0.4595189416653323 off 0.2756454123944825 neg 0.26483564594018516	false	0.5
ausgrenzung	neg 1.0		__DUMMY__ 0.4530717219187773 off 0.28761625015840314 neg 0.2593120279228196	false	0.5
unordnung	neg 1.0		__DUMMY__ 0.44830745000966105 off 0.29660080397996025 neg 0.25509174601037865	false	0.5
fehlverhalten	neg 1.0		__DUMMY__ 0.4586498692667421 off 0.28136455504208036 neg 0.2599855756911775	false	0.5
eine			__DUMMY__ 0.45967772100951887 off 0.278844529857993 neg 0.26147774913248806	false	0.0
nille	neg 1.0		__DUMMY__ 0.455857249104663 off 0.2860418297596164 neg 0.25810092113572053	false	0.5
qual	neg 1.0		__DUMMY__ 0.45585380645441315 off 0.2850890461641401 neg 0.2590571473814467	false	0.5
verschwenden	neg 1.0		__DUMMY__ 0.45718142595728056 off 0.2802434806585884 neg 0.26257509338413104	false	0.5
riesig	neg 1.0		__DUMMY__ 0.4589300978269528 off 0.281734703105597 neg 0.25933519906745023	false	0.5
verurteilen	neg 1.0		__DUMMY__ 0.4574114684867527 off 0.28390612237484486 neg 0.25868240913840246	false	0.5
klischee	neg 1.0	neg 1.0	neg 0.61675508973809 __DUMMY__ 0.2187453255903189 off 0.16449958467159115	false	1.0
diktatorisch	neg 1.0		__DUMMY__ 0.45314312849899063 off 0.2879219675386564 neg 0.258934903962353	false	0.5
vorhersehbar	neg 1.0		__DUMMY__ 0.4526755443416319 off 0.28862969843962427 neg 0.2586947572187438	false	0.5
sowie			__DUMMY__ 0.4466958922935761 off 0.29729345751984215 neg 0.25601065018658187	false	0.0
stornieren	neg 1.0		__DUMMY__ 0.45783381027205666 off 0.29053642225950804 neg 0.2516297674684354	false	0.5
besteuerung	neg 1.0	neg 1.0	neg 0.6202076781297069 __DUMMY__ 0.21804266917813786 off 0.1617496526921553	false	1.0
ungeschminkt	neg 1.0		__DUMMY__ 0.45013622648303736 off 0.2935396431428799 neg 0.2563241303740828	false	0.5
kritisch	neg 1.0		__DUMMY__ 0.457395113408956 off 0.28317861528664556 neg 0.2594262713043986	false	0.5
schlamperei	off 1.0		__DUMMY__ 0.45819240008077794 off 0.28176156697463806 neg 0.26004603294458406	false	1.0
sucht	neg 1.0	neg 1.0	neg 0.6160793578225374 __DUMMY__ 0.22072910476318597 off 0.1631915374142766	false	1.0
egoistisch	off 1.0	off 1.0	off 0.6395717224428438 __DUMMY__ 0.21673019040596633 neg 0.14369808715118992	false	1.0
ausbeuter	off 1.0		__DUMMY__ 0.45706198184786034 off 0.2803241197245844 neg 0.26261389842755517	false	1.0
arschgeburt	off 1.0		__DUMMY__ 0.4397011470090119 off 0.30756077030945367 neg 0.25273808268153436	false	1.0
schubs	neg 1.0		__DUMMY__ 0.45598786291462795 off 0.2813660081710225 neg 0.2626461289143497	false	0.5
unsolide	neg 1.0		__DUMMY__ 0.4541946358836527 off 0.2890847806758521 neg 0.25672058344049536	false	0.5
beschwerde	neg 1.0		__DUMMY__ 0.45778794420489 off 0.2838284560169013 neg 0.2583835997782087	false	0.5
stocken	neg 1.0		__DUMMY__ 0.4575546742566014 off 0.2821411448486721 neg 0.26030418089472657	false	0.5
isolieren	neg 1.0		__DUMMY__ 0.4558452732129437 off 0.28281650117078483 neg 0.26133822561627146	false	0.5
unheilbar	neg 1.0		__DUMMY__ 0.456266856177233 off 0.28601812964776024 neg 0.2577150141750067	false	0.5
pisser	off 1.0	off 1.0	off 0.6377068803660444 __DUMMY__ 0.21726111825121677 neg 0.14503200138273875	false	1.0
löschen	neg 1.0		__DUMMY__ 0.4551234704788095 off 0.2861130035851497 neg 0.2587635259360408	false	0.5
durchfallen	neg 1.0		__DUMMY__ 0.45785441588676806 off 0.28310660507685464 neg 0.25903897903637724	false	0.5
wichser	off 1.0	off 1.0	off 0.642479255265255 __DUMMY__ 0.2139272217210057 neg 0.14359352301373934	false	1.0
terror	neg 1.0		__DUMMY__ 0.453632767385389 off 0.28926706810702435 neg 0.25710016450758666	false	0.5
krass	neg 1.0		__DUMMY__ 0.44826177302686393 off 0.2972196754192939 neg 0.2545185515538421	false	0.5
revolte	neg 1.0		__DUMMY__ 0.4512635340939693 off 0.2890833369964096 neg 0.25965312890962106	false	0.5
besorgt	neg 1.0		__DUMMY__ 0.45907991344056015 off 0.28415142900848717 neg 0.2567686575509527	false	0.5
nachlassen	neg 1.0		__DUMMY__ 0.45858174674724367 off 0.282508878055586 neg 0.25890937519717033	false	0.5
alt	neg 1.0		__DUMMY__ 0.4543720999948917 off 0.2801907449684373 neg 0.2654371550366711	false	0.5
hundesohn	off 1.0	off 1.0	off 0.6415820996935465 __DUMMY__ 0.2137888803170069 neg 0.1446290199894467	false	1.0
als			__DUMMY__ 0.45678405301688213 off 0.28316494899347355 neg 0.2600509979896444	false	0.0
abschreckung	neg 1.0		__DUMMY__ 0.45889526476606085 off 0.280353261126304 neg 0.2607514741076352	false	0.5
unqualifiziert	neg 1.0		__DUMMY__ 0.45333580601128115 off 0.2909116342456799 neg 0.2557525597430388	false	0.5
abgewichst	off 1.0		__DUMMY__ 0.4565194004930535 off 0.28541074734862343 neg 0.2580698521583232	false	1.0
schwer	neg 1.0		__DUMMY__ 0.45651129969891924 off 0.28506503277829764 neg 0.2584236675227832	false	0.5
bedeutungslosigkeit	neg 1.0		__DUMMY__ 0.4585001613049432 off 0.28086451774110477 neg 0.26063532095395214	false	0.5
kapitulation	neg 1.0		__DUMMY__ 0.45597611361331025 off 0.2821623241877631 neg 0.2618615621989267	false	0.5
unscharf	neg 1.0		__DUMMY__ 0.4507536134728936 off 0.2863776486576052 neg 0.26286873786950127	false	0.5
schwinden	neg 1.0		__DUMMY__ 0.45649207239875506 off 0.27996241225120155 neg 0.2635455153500434	false	0.5
versklavung	neg 1.0	neg 1.0	neg 0.6180056293525877 __DUMMY__ 0.21911479863648411 off 0.16287957201092815	false	1.0
schlecht	neg 1.0		__DUMMY__ 0.4531405292476953 off 0.2926569066793887 neg 0.254202564072916	false	0.5
verhasst	neg 1.0		__DUMMY__ 0.45471419874515534 off 0.287474679213392 neg 0.2578111220414526	false	0.5
beschweren	neg 1.0		__DUMMY__ 0.455763343376418 off 0.28828612401499965 neg 0.2559505326085824	false	0.5
scheiden	neg 1.0		__DUMMY__ 0.45569425674086994 off 0.2855464120952277 neg 0.2587593311639024	false	0.5
frustriert	neg 1.0		__DUMMY__ 0.45721015470855886 off 0.2842520752488978 neg 0.2585377700425434	false	0.5
schimmelig	neg 1.0		__DUMMY__ 0.45504209043191446 off 0.2811032595699907 neg 0.26385464999809477	false	0.5
fisch	neg 1.0		__DUMMY__ 0.4560805883642321 off 0.27710032337093377 neg 0.2668190882648342	false	0.5
schmuggel	neg 1.0		__DUMMY__ 0.46163311988516387 off 0.2800073514620771 neg 0.258359528652759	false	0.5
auffallen	neg 1.0		__DUMMY__ 0.4547050424269715 off 0.288448864598356 neg 0.25684609297467254	false	0.5
konkurrenz	neg 1.0		__DUMMY__ 0.460210227147594 off 0.2809553606538812 neg 0.25883441219852465	false	0.5
teufelskreis	neg 1.0	neg 1.0	neg 0.618849019097398 __DUMMY__ 0.21995215432558737 off 0.16119882657701456	false	1.0
aufschreien	neg 1.0		__DUMMY__ 0.4533010369805266 off 0.28872772310568057 neg 0.25797123991379284	false	0.5
schuldner	neg 1.0		__DUMMY__ 0.45557385992357613 off 0.279311038721499 neg 0.265115101354925	false	0.5
missgeburt	off 1.0	off 1.0	off 0.6410086489886088 __DUMMY__ 0.21547164239011188 neg 0.14351970862127944	false	1.0
arbeitslos	neg 1.0		__DUMMY__ 0.45751737926880953 off 0.28280727150952784 neg 0.25967534922166274	false	0.5
befallen	neg 1.0		__DUMMY__ 0.4535303313460596 off 0.28320601622888175 neg 0.26326365242505867	false	0.5
miesepetrig	off 1.0	off 1.0	off 0.6353388018817903 __DUMMY__ 0.21880926964017183 neg 0.14585192847803793	false	1.0
alarmieren	neg 1.0		__DUMMY__ 0.4534318290691817 off 0.29154419788969543 neg 0.2550239730411229	false	0.5
ungeduscht	off 1.0		__DUMMY__ 0.45171824205549255 off 0.29006019327702875 neg 0.25822156466747875	false	1.0
knappheit	neg 1.0		__DUMMY__ 0.4544080577495852 off 0.28191440431797954 neg 0.2636775379324352	false	0.5
schlange	neg 1.0		__DUMMY__ 0.45640136755387317 off 0.2862861939747795 neg 0.25731243847134716	false	0.5
harsch	neg 1.0		__DUMMY__ 0.4503134472921671 off 0.29724236797883974 neg 0.2524441847289931	false	0.5
lang	neg 1.0		__DUMMY__ 0.4549261369453186 off 0.28710407393014764 neg 0.2579697891245338	false	0.5
ziellos	neg 1.0		__DUMMY__ 0.4591942743313486 off 0.28129331920691225 neg 0.2595124064617392	false	0.5
selbstverliebt	neg 1.0		__DUMMY__ 0.4437770356627493 off 0.3053281534243162 neg 0.2508948109129347	false	0.5
beseitigen	neg 1.0		__DUMMY__ 0.45741028689015245 off 0.2861323610853602 neg 0.2564573520244873	false	0.5
dumm	off 1.0		__DUMMY__ 0.4469497106463538 off 0.299566917814884 neg 0.2534833715387623	false	1.0
arbeitsloser	neg 1.0		__DUMMY__ 0.46140393106832944 off 0.2848196710379569 neg 0.2537763978937136	false	0.5
blitzen	neg 1.0		__DUMMY__ 0.45255016116517627 off 0.28989384609034896 neg 0.25755599274447494	false	0.5
hilflos	neg 1.0		__DUMMY__ 0.4573307585656164 off 0.28286214107696134 neg 0.2598071003574224	false	0.5
eklig	off 1.0		__DUMMY__ 0.44523228893238875 off 0.29942285054526585 neg 0.2553448605223453	false	1.0
begriff			__DUMMY__ 0.45641140183451895 off 0.2853275049549748 neg 0.2582610932105061	false	0.0
hungersnot	neg 1.0		__DUMMY__ 0.4556273712314827 off 0.2825980432696515 neg 0.26177458549886573	false	0.5
ungesetzlich	neg 1.0		__DUMMY__ 0.4535424315771477 off 0.2881277769780378 neg 0.2583297914448145	false	0.5
verschwendung	neg 1.0		__DUMMY__ 0.4581263496301784 off 0.2806157651825535 neg 0.26125788518726817	false	0.5
schmerzvoll	neg 1.0		__DUMMY__ 0.4540719688771152 off 0.2869182864670199 neg 0.25900974465586485	false	0.5
vorzeitig	neg 1.0		__DUMMY__ 0.453432413854577 off 0.29195082391023686 neg 0.2546167622351862	false	0.5
unvollkommenheit	neg 1.0		__DUMMY__ 0.45632522573783885 off 0.2836406106077429 neg 0.26003416365441817	false	0.5
intervenieren	neg 1.0		__DUMMY__ 0.4560272195432818 off 0.28067167065126936 neg 0.2633011098054488	false	0.5
banause	off 1.0		__DUMMY__ 0.44226619411400875 off 0.30026019577993734 neg 0.25747361010605396	false	1.0
rebell	neg 1.0		__DUMMY__ 0.4576291261685815 off 0.2752306548792719 neg 0.26714021895214657	false	0.5
unlogisch	neg 1.0		__DUMMY__ 0.4496006911092503 off 0.2946852636541572 neg 0.2557140452365924	false	0.5
leiden	neg 1.0		__DUMMY__ 0.4618462979732472 off 0.28062789905221963 neg 0.25752580297453304	false	0.5
abschaffung	neg 1.0		__DUMMY__ 0.4531014756977558 off 0.28608833756145124 neg 0.26081018674079304	false	0.5
sturz	neg 1.0		__DUMMY__ 0.4572858338471378 off 0.28927598087785644 neg 0.2534381852750056	false	0.5
verkleinerung	neg 1.0		__DUMMY__ 0.44956478710598397 off 0.28892124478653236 neg 0.2615139681074836	false	0.5
schmarotzer	off 1.0		__DUMMY__ 0.45698365948361974 off 0.28392246667077314 neg 0.25909387384560717	false	1.0
bestrafung	neg 1.0	neg 1.0	neg 0.616407377297616 __DUMMY__ 0.22089624314680134 off 0.16269637955558275	false	1.0
achtlos	neg 1.0		__DUMMY__ 0.45777883472957753 off 0.28452952939694615 neg 0.25769163587347643	false	0.5
ungeheuer	neg 1.0		__DUMMY__ 0.45374662869865184 off 0.2852348553984306 neg 0.2610185159029176	false	0.5
unaufrichtig	neg 1.0		__DUMMY__ 0.4533695749145642 off 0.29083347897043615 neg 0.25579694611499965	false	0.5
groggy	neg 1.0		__DUMMY__ 0.4543931005945992 off 0.2897326794142728 neg 0.255874219991128	false	0.5
verletzlich	neg 1.0		__DUMMY__ 0.4494176081885939 off 0.2903659116075547 neg 0.2602164802038514	false	0.5
ablehnen	neg 1.0		__DUMMY__ 0.45743631975926907 off 0.2828073099161952 neg 0.2597563703245357	false	0.5
