unsolidarisch	neg 1.0		off 0.3571813634940481 neg 0.32527599004732854 __DUMMY__ 0.3175426464586234	false	0.5
nachteilig	neg 1.0		off 0.353839148741074 neg 0.32491241735742077 __DUMMY__ 0.3212484339015052	false	0.5
skeptisch	neg 1.0		off 0.35222436347964386 neg 0.3264399596070958 __DUMMY__ 0.3213356769132603	false	0.5
schrecklich	neg 1.0		off 0.36658248511219677 neg 0.3186175166489132 __DUMMY__ 0.31479999823889004	false	0.5
schlapp	neg 1.0	neg 1.0	neg 0.6474928873723997 off 0.2004458891992592 __DUMMY__ 0.15206122342834102	false	1.0
abfall	neg 1.0		off 0.34985950489716033 neg 0.32638806598033626 __DUMMY__ 0.32375242912250346	false	0.5
widerspenstig	neg 1.0		off 0.3557983318334561 neg 0.32563574084346225 __DUMMY__ 0.3185659273230817	false	0.5
abrupt	neg 1.0		off 0.3507206586288508 neg 0.3289070989019315 __DUMMY__ 0.3203722424692177	false	0.5
unwirksam	neg 1.0		off 0.3548065674390433 neg 0.3297302130244141 __DUMMY__ 0.3154632195365427	false	0.5
angreifen	neg 1.0		off 0.351878797840219 neg 0.32624232408815323 __DUMMY__ 0.32187887807162774	false	0.5
inkonsistent	neg 1.0		off 0.35875205644659197 neg 0.3247582650663136 __DUMMY__ 0.3164896784870944	false	0.5
abrutschen	neg 1.0		off 0.3491130390084615 neg 0.3274773932620574 __DUMMY__ 0.323409567729481	false	0.5
unsicher	neg 1.0		off 0.3574074639127231 neg 0.32279865661532336 __DUMMY__ 0.3197938794719536	false	0.5
bauernkind	off 1.0	off 1.0	off 0.6722368427806354 neg 0.17898834612860168 __DUMMY__ 0.148774811090763	false	1.0
angreifer	neg 1.0		off 0.36290414676263744 __DUMMY__ 0.31951232053861 neg 0.3175835326987526	false	0.5
trennen	neg 1.0		off 0.35192184870312754 neg 0.3257072943948085 __DUMMY__ 0.3223708569020639	false	0.5
schmutz	neg 1.0		off 0.3626165293177822 __DUMMY__ 0.32055228561954474 neg 0.3168311850626731	false	0.5
inkonsistenz	neg 1.0		off 0.36236374647960606 neg 0.3207732682399302 __DUMMY__ 0.3168629852804638	false	0.5
erschreckend	neg 1.0		off 0.35631430667091635 neg 0.32418088459318484 __DUMMY__ 0.3195048087358988	false	0.5
ertrinken	neg 1.0		off 0.350534447676345 neg 0.32833648429393114 __DUMMY__ 0.32112906802972385	false	0.5
pickelface	off 1.0		off 0.35743768341641113 neg 0.3239190700345087 __DUMMY__ 0.3186432465490801	false	1.0
seiner			off 0.3526618808394399 neg 0.325160538421609 __DUMMY__ 0.32217758073895103	false	0.0
lauch	neg 1.0	neg 1.0	neg 0.6518481231096057 off 0.1929111828934952 __DUMMY__ 0.15524069399689913	false	1.0
unwichtig	neg 1.0		off 0.3622860080180722 neg 0.3208605596500318 __DUMMY__ 0.31685343233189606	false	0.5
steuerhinterziehung	neg 1.0		off 0.3559302705273633 neg 0.3252800707717308 __DUMMY__ 0.3187896587009058	false	0.5
schock	neg 1.0		off 0.35548427186377596 neg 0.324375933275221 __DUMMY__ 0.3201397948610032	false	0.5
beule	neg 1.0		off 0.36392466170459215 neg 0.32121352402831443 __DUMMY__ 0.3148618142670933	false	0.5
vergelten	neg 1.0		off 0.36782557560843215 neg 0.3175127567462755 __DUMMY__ 0.3146616676452922	false	0.5
verdorbenheit	neg 1.0		off 0.3583394957951889 neg 0.3230251748056941 __DUMMY__ 0.31863532939911693	false	0.5
trauma	neg 1.0		off 0.3581778988365343 neg 0.3238339778836036 __DUMMY__ 0.31798812327986214	false	0.5
sinnlos	neg 1.0		off 0.3592203417125983 neg 0.32249392596097587 __DUMMY__ 0.31828573232642576	false	0.5
fettsack	off 1.0	off 1.0	off 0.6734375647780492 neg 0.17759702157289867 __DUMMY__ 0.1489654136490521	false	1.0
feige	off 1.0	off 1.0	off 0.670775158604655 neg 0.17750978719438423 __DUMMY__ 0.1517150542009607	false	1.0
abdanken	neg 1.0		off 0.3576906781345104 neg 0.3219911097524109 __DUMMY__ 0.3203182121130788	false	0.5
wichtigtuer	off 1.0	off 1.0	off 0.6693556901790262 neg 0.17754119860897546 __DUMMY__ 0.15310311121199835	false	1.0
misslingen	neg 1.0		off 0.3598504358067075 neg 0.3202173507671255 __DUMMY__ 0.319932213426167	false	0.5
untreu	off 1.0		off 0.3634823385122559 neg 0.3203334012068881 __DUMMY__ 0.3161842602808561	false	1.0
missmutig	neg 1.0		off 0.36066888065793407 neg 0.322217201455652 __DUMMY__ 0.31711391788641397	false	0.5
hurenbock	off 1.0		off 0.3545843877178397 neg 0.3297026476813319 __DUMMY__ 0.3157129646008283	false	1.0
betrunken	neg 1.0		off 0.36528003450911384 neg 0.3196197546795325 __DUMMY__ 0.31510021081135364	false	0.5
korrupt	off 1.0		off 0.35511102930705507 neg 0.3262722240637177 __DUMMY__ 0.3186167466292271	false	1.0
unmut	neg 1.0		off 0.3505504731724686 neg 0.32709363031587896 __DUMMY__ 0.32235589651165236	false	0.5
hackfresse	off 1.0		off 0.37110250602197375 neg 0.3165114253903436 __DUMMY__ 0.31238606858768264	false	1.0
aufblasen	neg 1.0		off 0.35737524425738676 neg 0.3237188761221714 __DUMMY__ 0.31890587962044187	false	0.5
gewaltsam	neg 1.0		off 0.3577992007561553 neg 0.3217906191384235 __DUMMY__ 0.32041018010542105	false	0.5
unbeliebtheit	neg 1.0		off 0.36368686603237954 neg 0.3200482816514365 __DUMMY__ 0.31626485231618395	false	0.5
sturheit	neg 1.0		off 0.35712909655974157 neg 0.3223470116811249 __DUMMY__ 0.3205238917591335	false	0.5
kuh	neg 1.0		off 0.35570284684938985 neg 0.3319834874913564 __DUMMY__ 0.3123136656592539	false	0.5
erschrecken	neg 1.0		off 0.36132707266005987 neg 0.32137297705988965 __DUMMY__ 0.3172999502800504	false	0.5
opfer	neg 1.0		off 0.35535437707073886 __DUMMY__ 0.322595297408235 neg 0.32205032552102597	false	0.5
sinken	neg 1.0		off 0.3499261469830929 neg 0.3292487943128425 __DUMMY__ 0.3208250587040646	false	0.5
stinktier	neg 1.0		off 0.36590081785650286 neg 0.32387891894936716 __DUMMY__ 0.3102202631941301	false	0.5
tucke	off 1.0		off 0.3708520468335419 neg 0.32049047480815335 __DUMMY__ 0.30865747835830465	false	1.0
ein			off 0.3548361197595146 neg 0.3271286595674889 __DUMMY__ 0.3180352206729965	false	0.0
abstieg	neg 1.0		off 0.35692645027060216 __DUMMY__ 0.32241847585389477 neg 0.3206550738755032	false	0.5
missverstehen	neg 1.0		off 0.3602626486620163 neg 0.3218021629290565 __DUMMY__ 0.31793518840892715	false	0.5
ergebnislos	neg 1.0		off 0.35458277641492175 neg 0.3231787569272519 __DUMMY__ 0.3222384666578264	false	0.5
unter			off 0.34591504495652653 neg 0.32794748027467724 __DUMMY__ 0.3261374747687963	false	0.0
manipulieren	neg 1.0		off 0.3531170436312486 neg 0.3251492160706639 __DUMMY__ 0.32173374029808743	false	0.5
unbewiesen	neg 1.0	neg 1.0	neg 0.6485721716962519 off 0.19813717177137288 __DUMMY__ 0.15329065653237522	false	1.0
verschleppen	neg 1.0		off 0.35442281447835944 neg 0.32520828974657157 __DUMMY__ 0.3203688957750691	false	0.5
weib	off 1.0		off 0.37206828573655376 neg 0.3179691814110656 __DUMMY__ 0.3099625328523806	false	1.0
opposition	neg 1.0		off 0.3581241671180806 neg 0.3244737373819495 __DUMMY__ 0.3174020954999699	false	0.5
verkehrswidrig	neg 1.0		off 0.3692116567971674 neg 0.3154970464834236 __DUMMY__ 0.3152912967194091	false	0.5
inkorrekt	neg 1.0		off 0.3662044127648207 neg 0.3191933593544512 __DUMMY__ 0.3146022278807281	false	0.5
vermeiden	neg 1.0		off 0.3486127381821927 neg 0.3277078960139529 __DUMMY__ 0.32367936580385437	false	0.5
abweichung	neg 1.0	neg 1.0	neg 0.6485701702973692 off 0.19663613112251355 __DUMMY__ 0.15479369858011718	false	1.0
alkoholisiert	neg 1.0		off 0.35437559917838823 __DUMMY__ 0.32402414288556614 neg 0.3216002579360455	false	0.5
scheiss	off 1.0	off 1.0	off 0.6712393589889579 neg 0.17783949532788887 __DUMMY__ 0.15092114568315315	false	1.0
herausforderung	neg 1.0		off 0.35457355065901125 neg 0.32500399667707724 __DUMMY__ 0.32042245266391156	false	0.5
pervers	off 1.0		off 0.3751007823648994 neg 0.3153656440671118 __DUMMY__ 0.3095335735679887	false	1.0
wackelig	neg 1.0		off 0.35487912795996257 neg 0.3241800640839345 __DUMMY__ 0.3209408079561029	false	0.5
verwickeln	neg 1.0		off 0.3594773045504696 neg 0.3220186542364503 __DUMMY__ 0.31850404121308	false	0.5
vorwand	neg 1.0		off 0.3513327097716678 neg 0.32676543006957365 __DUMMY__ 0.32190186015875843	false	0.5
muschi	off 1.0		off 0.356922253343835 neg 0.32329146148566346 __DUMMY__ 0.31978628517050156	false	1.0
entmutigung	neg 1.0		off 0.3581896003188532 neg 0.32574230005185373 __DUMMY__ 0.316068099629293	false	0.5
unangemessen	neg 1.0		off 0.35637581501532467 neg 0.3234527870872811 __DUMMY__ 0.3201713978973943	false	0.5
unstetig	neg 1.0		off 0.3608815137880282 neg 0.3224307905910299 __DUMMY__ 0.31668769562094196	false	0.5
entmutigen	neg 1.0		off 0.35817805358409305 neg 0.3230529598685417 __DUMMY__ 0.31876898654736535	false	0.5
schwanz	neg 1.0		off 0.3541030283005549 neg 0.32590938794204594 __DUMMY__ 0.3199875837573993	false	0.5
verbot	neg 1.0		off 0.3550516214572423 neg 0.32580727531052167 __DUMMY__ 0.31914110323223593	false	0.5
leid	neg 1.0		off 0.3680571951579576 neg 0.31821866150830475 __DUMMY__ 0.31372414333373766	false	0.5
archaisch	neg 1.0		off 0.3550406624216722 neg 0.32574853716447566 __DUMMY__ 0.3192108004138522	false	0.5
gegen			off 0.352124282711451 neg 0.3245137709113336 __DUMMY__ 0.3233619463772152	false	0.0
scheidung	neg 1.0		off 0.38087063352147943 __DUMMY__ 0.3106986022609511 neg 0.3084307642175696	false	0.5
einschlag	neg 1.0		off 0.36857739737571044 __DUMMY__ 0.31649647076625326 neg 0.3149261318580363	false	0.5
m			off 0.35508622369884646 neg 0.32456149932744705 __DUMMY__ 0.3203522769737065	false	0.0
abgestanden	neg 1.0		off 0.3535411219856965 neg 0.3315385303718295 __DUMMY__ 0.3149203476424741	false	0.5
schmierig	off 1.0		off 0.3674748155595455 neg 0.31888995099889134 __DUMMY__ 0.3136352334415633	false	1.0
unpraktisch	neg 1.0		off 0.35887970671962593 neg 0.32227903811951764 __DUMMY__ 0.3188412551608563	false	0.5
wixxer	off 1.0		off 0.37450200942315115 neg 0.31720588620859697 __DUMMY__ 0.30829210436825194	false	1.0
bezeichnet			off 0.3580707104104008 neg 0.3222530610238198 __DUMMY__ 0.3196762285657794	false	0.0
jammerlappen	off 1.0		off 0.36257091903557104 neg 0.3206789454879677 __DUMMY__ 0.3167501354764613	false	1.0
farce	neg 1.0		off 0.35630526573226373 neg 0.32575848716165245 __DUMMY__ 0.3179362471060838	false	0.5
zwecklos	neg 1.0		off 0.3547791030740656 neg 0.3252336222647281 __DUMMY__ 0.3199872746612062	false	0.5
turbulent	neg 1.0		off 0.3639717072917926 neg 0.32130787928746357 __DUMMY__ 0.31472041342074386	false	0.5
invasion	neg 1.0		off 0.3597310628021931 neg 0.32259272897046976 __DUMMY__ 0.31767620822733705	false	0.5
schuld	neg 1.0		off 0.3586771549659603 neg 0.32250974240430724 __DUMMY__ 0.3188131026297325	false	0.5
risiko	neg 1.0		off 0.3577155014785003 neg 0.3259839919049152 __DUMMY__ 0.31630050661658443	false	0.5
finster	neg 1.0		off 0.3553225428933544 neg 0.3270568015242306 __DUMMY__ 0.317620655582415	false	0.5
geisteskrank	off 1.0		off 0.3651479860275528 neg 0.31940120291817053 __DUMMY__ 0.3154508110542768	false	1.0
zusammenbrechen	neg 1.0		off 0.35475244032667447 neg 0.3255347468259649 __DUMMY__ 0.31971281284736053	false	0.5
ausbeute	neg 1.0		off 0.35763698262123705 __DUMMY__ 0.3215214820138075 neg 0.32084153536495535	false	0.5
hinterhalt	neg 1.0		off 0.3551460735061998 neg 0.3256665898873235 __DUMMY__ 0.31918733660647675	false	0.5
kritik	neg 1.0		off 0.35606508853142077 neg 0.3258295719285666 __DUMMY__ 0.31810533954001263	false	0.5
einschrumpfen	neg 1.0		off 0.3614652980394141 neg 0.323413031520684 __DUMMY__ 0.31512167043990186	false	0.5
riskant	neg 1.0		off 0.3520177608792456 neg 0.327205007144846 __DUMMY__ 0.3207772319759084	false	0.5
frustrieren	neg 1.0		off 0.35284030974640945 neg 0.3269501973632769 __DUMMY__ 0.32020949289031364	false	0.5
groll	neg 1.0		off 0.35595183872096514 neg 0.32312935572512724 __DUMMY__ 0.3209188055539076	false	0.5
gibt			off 0.354675146227806 neg 0.3249818159761078 __DUMMY__ 0.3203430377960863	false	0.0
qualvoll	neg 1.0		off 0.3593586322823471 neg 0.32250032380214916 __DUMMY__ 0.3181410439155038	false	0.5
wackeln	neg 1.0		off 0.35694146512818753 neg 0.32369088071074725 __DUMMY__ 0.3193676541610653	false	0.5
klagen	neg 1.0		off 0.35115991439907196 neg 0.32750169582468897 __DUMMY__ 0.32133838977623913	false	0.5
bankrott	neg 1.0		off 0.3623558833432701 neg 0.3202270033091155 __DUMMY__ 0.31741711334761424	false	0.5
trauern	neg 1.0		off 0.3549550180848769 __DUMMY__ 0.32381879407119457 neg 0.3212261878439287	false	0.5
ablehnung	neg 1.0		off 0.35535428040490863 neg 0.32628784679493766 __DUMMY__ 0.31835787280015365	false	0.5
stur	neg 1.0		off 0.3583509580706178 neg 0.32321495296539104 __DUMMY__ 0.318434088963991	false	0.5
aufruhr	neg 1.0	neg 1.0	neg 0.648336584657353 off 0.1978124671815112 __DUMMY__ 0.15385094816113581	false	1.0
melancholie	neg 1.0		off 0.35080997670035957 neg 0.32931685632174323 __DUMMY__ 0.3198731669778972	false	0.5
ist			off 0.3588275397598093 neg 0.32290411296181987 __DUMMY__ 0.3182683472783708	false	0.0
torheit	neg 1.0		off 0.3584669287405677 neg 0.32310824856836695 __DUMMY__ 0.3184248226910655	false	0.5
dreckskind	off 1.0		off 0.3715487713852963 neg 0.3174273733618877 __DUMMY__ 0.31102385525281595	false	1.0
umtauschen	neg 1.0		off 0.35632703497740076 neg 0.3244027338788528 __DUMMY__ 0.31927023114374653	false	0.5
zum			off 0.3511565972622409 __DUMMY__ 0.3263285723593939 neg 0.32251483037836526	false	0.0
zersetzen	neg 1.0		off 0.3516169625988498 neg 0.32789360581023963 __DUMMY__ 0.3204894315909107	false	0.5
zur			off 0.34902180312920894 neg 0.3270886677522574 __DUMMY__ 0.32388952911853347	false	0.0
frust	neg 1.0		off 0.35482393423004693 neg 0.32500290413205934 __DUMMY__ 0.3201731616378937	false	0.5
unerbittlichkeit	neg 1.0		off 0.3535589544330788 neg 0.32509076088203454 __DUMMY__ 0.3213502846848866	false	0.5
zwei			off 0.34884814728890196 neg 0.32669148126328745 __DUMMY__ 0.32446037144781054	false	0.0
unkorrekt	neg 1.0		off 0.3650446138573614 neg 0.31975062674984633 __DUMMY__ 0.3152047593927922	false	0.5
hexe	off 1.0		off 0.36011714161989866 neg 0.325383933665567 __DUMMY__ 0.31449892471453417	false	1.0
lasch	neg 1.0		off 0.36203793718108335 neg 0.3204575005020373 __DUMMY__ 0.3175045623168794	false	0.5
rivale	neg 1.0		off 0.36659573993632993 neg 0.31865608717969435 __DUMMY__ 0.31474817288397566	false	0.5
mutlos	off 1.0	off 1.0	off 0.6658329694493171 neg 0.1799828832606256 __DUMMY__ 0.1541841472900572	false	1.0
wirr	off 1.0		off 0.36660448389155603 neg 0.31959909535035486 __DUMMY__ 0.3137964207580892	false	1.0
jahr			off 0.3550130916192474 __DUMMY__ 0.3243443909743212 neg 0.3206425174064315	false	0.0
wird			off 0.35436698324743343 neg 0.324755990660858 __DUMMY__ 0.3208770260917086	false	0.0
strafbar	neg 1.0		off 0.3536814849797287 neg 0.3247245012528189 __DUMMY__ 0.3215940137674525	false	0.5
erosion	neg 1.0		off 0.35761849470054136 neg 0.32307132289984525 __DUMMY__ 0.3193101823996134	false	0.5
eingehen	neg 1.0		off 0.35264144175551887 neg 0.3270922107689379 __DUMMY__ 0.3202663474755432	false	0.5
faul	off 1.0		off 0.36176566525137804 neg 0.321064746932253 __DUMMY__ 0.3171695878163689	false	1.0
provisorium	neg 1.0		off 0.34644508364846344 neg 0.3269802117557537 __DUMMY__ 0.32657470459578286	false	0.5
schmerzen	neg 1.0		off 0.3552558683920164 neg 0.32574495693166 __DUMMY__ 0.31899917467632355	false	0.5
schrumpfen	neg 1.0		off 0.3471495191780662 neg 0.3311970620427871 __DUMMY__ 0.3216534187791466	false	0.5
geistlos	off 1.0		off 0.35943332058562527 neg 0.3240025945821003 __DUMMY__ 0.31656408483227444	false	1.0
fehlkauf	neg 1.0		off 0.3594003486041516 neg 0.3233643148716715 __DUMMY__ 0.31723533652417696	false	0.5
frustrierend	neg 1.0		off 0.3608789997600852 neg 0.3221552376086551 __DUMMY__ 0.31696576263125964	false	0.5
unzufrieden	neg 1.0		off 0.35479137443223 neg 0.3248566317741136 __DUMMY__ 0.32035199379365653	false	0.5
verzweifeln	neg 1.0		off 0.35620457770796465 neg 0.3239412640127169 __DUMMY__ 0.3198541582793185	false	0.5
verzweifelt	neg 1.0		off 0.3583214021243838 neg 0.32332959324180444 __DUMMY__ 0.3183490046338119	false	0.5
misstrauensantrag	neg 1.0		off 0.3590259439322241 neg 0.32327359947607315 __DUMMY__ 0.3177004565917028	false	0.5
abfallen	neg 1.0		off 0.3568029478608747 neg 0.32461645665150557 __DUMMY__ 0.31858059548761974	false	0.5
fucker	off 1.0		off 0.3662824981985988 neg 0.3182670845799327 __DUMMY__ 0.31545041722146866	false	1.0
ungezogen	neg 1.0		off 0.3731763440855898 neg 0.3157129083420206 __DUMMY__ 0.31111074757238966	false	0.5
irrsinnig	neg 1.0	neg 1.0	neg 0.6491609502345133 off 0.19777445840802718 __DUMMY__ 0.15306459135745956	false	1.0
unfassbar	neg 1.0		off 0.363740264063945 neg 0.3196949444476984 __DUMMY__ 0.3165647914883566	false	0.5
hart	neg 1.0		off 0.3607876980800216 neg 0.32642241934613386 __DUMMY__ 0.31278988257384455	false	0.5
widerlich	off 1.0		off 0.3639147996983372 neg 0.32030354198979033 __DUMMY__ 0.31578165831187244	false	1.0
fatal	neg 1.0	neg 1.0	neg 0.65017763939265 off 0.19807644563001062 __DUMMY__ 0.15174591497733936	false	1.0
bruch	neg 1.0		off 0.3508072361296013 neg 0.3260644149577267 __DUMMY__ 0.3231283489126721	false	0.5
aushungern	neg 1.0		off 0.35532749154923543 neg 0.32554469216509385 __DUMMY__ 0.3191278162856708	false	0.5
anspannung	neg 1.0		off 0.34940818829873277 neg 0.32569204834443455 __DUMMY__ 0.32489976335683285	false	0.5
von			off 0.3517318009293002 neg 0.32629589680794063 __DUMMY__ 0.3219723022627591	false	0.0
kraftlos	neg 1.0		off 0.35410543783463994 neg 0.3255069970598902 __DUMMY__ 0.32038756510547	false	0.5
vom			off 0.3478988092731441 __DUMMY__ 0.3274516078010674 neg 0.3246495829257885	false	0.0
grenzdebil	off 1.0		off 0.3633700850875412 neg 0.3210342499758822 __DUMMY__ 0.3155956649365764	false	1.0
vor			off 0.3506694664373224 neg 0.3267039452118316 __DUMMY__ 0.32262658835084596	false	0.0
unterwerfen	neg 1.0		off 0.3544056346320022 neg 0.32419551655822076 __DUMMY__ 0.32139884880977704	false	0.5
versenkung	neg 1.0		off 0.35372199685309647 neg 0.3246614015276399 __DUMMY__ 0.32161660161926353	false	0.5
entziehen	neg 1.0		off 0.35114541030186525 neg 0.32698555375390875 __DUMMY__ 0.3218690359442261	false	0.5
finanzkrise	neg 1.0		off 0.35324640946311564 neg 0.33155011003049495 __DUMMY__ 0.31520348050638947	false	0.5
schimpfend	neg 1.0		off 0.3587531804374227 neg 0.32158076807845926 __DUMMY__ 0.31966605148411786	false	0.5
profan	neg 1.0		off 0.3592922389931709 neg 0.3231220856304543 __DUMMY__ 0.3175856753763749	false	0.5
korruption	neg 1.0		off 0.35414983974803727 neg 0.3271096047028281 __DUMMY__ 0.3187405555491345	false	0.5
â			off 0.3540146539263204 neg 0.32582086687678674 __DUMMY__ 0.3201644791968928	false	0.0
schmutzig	neg 1.0		off 0.3638034681577853 neg 0.3203515081983509 __DUMMY__ 0.31584502364386374	false	0.5
sexy	neg 1.0		off 0.36150369350458633 neg 0.32087191125231707 __DUMMY__ 0.3176243952430967	false	0.5
abraten	neg 1.0		off 0.3593306354948668 neg 0.32224427836155684 __DUMMY__ 0.3184250861435763	false	0.5
schwarz	neg 1.0		off 0.3596067159123376 neg 0.3222787138303855 __DUMMY__ 0.318114570257277	false	0.5
fotze	off 1.0	off 1.0	off 0.6663006479174763 neg 0.17964445548965655 __DUMMY__ 0.1540548965928671	false	1.0
verwirren	neg 1.0		off 0.3600135751004434 neg 0.3220064638890758 __DUMMY__ 0.3179799610104808	false	0.5
zahnlos	off 1.0		off 0.3558182790023816 neg 0.32425693352436413 __DUMMY__ 0.3199247874732543	false	1.0
verheeren	neg 1.0		off 0.3748333636461616 neg 0.314242806908414 __DUMMY__ 0.3109238294454245	false	0.5
hippie	neg 1.0		off 0.3608467923085975 neg 0.3217357039339639 __DUMMY__ 0.3174175037574386	false	0.5
rammen	neg 1.0		off 0.3575034481505183 neg 0.3239259940613655 __DUMMY__ 0.31857055778811627	false	0.5
unlauter	neg 1.0		off 0.35867593481942806 neg 0.32408477839927063 __DUMMY__ 0.31723928678130126	false	0.5
unheilvoll	neg 1.0		off 0.35777584566392956 neg 0.3243777266663035 __DUMMY__ 0.31784642766976684	false	0.5
niedrig	neg 1.0		off 0.3528856945605799 neg 0.3279420360216253 __DUMMY__ 0.31917226941779475	false	0.5
explosion	neg 1.0		off 0.36091597877283105 neg 0.3214328944495061 __DUMMY__ 0.3176511267776628	false	0.5
weichei	off 1.0	off 1.0	off 0.6734856700332105 neg 0.17686026575349467 __DUMMY__ 0.14965406421329486	false	1.0
minusmensch	off 1.0		off 0.3735674003283489 neg 0.31653657740219165 __DUMMY__ 0.3098960222694595	false	1.0
farblos	neg 1.0		off 0.3581371412971833 neg 0.32367582250860993 __DUMMY__ 0.3181870361942067	false	0.5
unwissend	neg 1.0	neg 1.0	neg 0.6480458690101863 off 0.2000316993623182 __DUMMY__ 0.15192243162749544	false	1.0
traurig	neg 1.0		off 0.366271795258888 neg 0.3186067468556117 __DUMMY__ 0.31512145788550044	false	0.5
senkung	neg 1.0		off 0.3582182515790914 neg 0.3265314330398046 __DUMMY__ 0.315250315381104	false	0.5
ungleich	neg 1.0	neg 1.0	neg 0.6503384976308749 off 0.19540627999976878 __DUMMY__ 0.15425522236935624	false	1.0
heikel	neg 1.0		off 0.35275697826163044 neg 0.3259915998804224 __DUMMY__ 0.32125142185794714	false	0.5
drosselung	neg 1.0		off 0.3618490112277592 neg 0.32465693353302394 __DUMMY__ 0.3134940552392167	false	0.5
falsch	neg 1.0		off 0.36183710935211955 neg 0.3205466520993691 __DUMMY__ 0.3176162385485114	false	0.5
unzufriedenheit	neg 1.0		off 0.35136724896367344 neg 0.32848509890861005 __DUMMY__ 0.3201476521277165	false	0.5
kurz	neg 1.0		off 0.35564838427849077 neg 0.3233122129984806 __DUMMY__ 0.3210394027230286	false	0.5
unsinnig	neg 1.0		off 0.35536285215615626 neg 0.3260734664871531 __DUMMY__ 0.31856368135669066	false	0.5
penner	off 1.0	off 1.0	off 0.6749074888122634 neg 0.1754924843553308 __DUMMY__ 0.14960002683240578	false	1.0
seicht	neg 1.0		off 0.37115151430347637 neg 0.3187288109869428 __DUMMY__ 0.31011967470958074	false	0.5
dummheit	off 1.0	off 1.0	off 0.6688127077733671 neg 0.17887824285246032 __DUMMY__ 0.15230904937417264	false	1.0
unerfreulich	neg 1.0		off 0.35213682490506215 neg 0.32674972711971145 __DUMMY__ 0.32111344797522634	false	0.5
motherfucker	off 1.0	off 1.0	off 0.6719773430581973 neg 0.1766409482122631 __DUMMY__ 0.15138170872953954	false	1.0
pikiert	neg 1.0		off 0.3625209083339368 neg 0.32148007646678073 __DUMMY__ 0.3159990151992823	false	0.5
wrack	neg 1.0		off 0.3577842946556794 __DUMMY__ 0.32309505141228706 neg 0.3191206539320337	false	0.5
gangster	neg 1.0		off 0.3610325404176876 neg 0.3216963589814298 __DUMMY__ 0.31727110060088265	false	0.5
krank	neg 1.0		off 0.3643158010070692 neg 0.31914461424908663 __DUMMY__ 0.31653958474384425	false	0.5
reich	neg 1.0		off 0.3597893341191065 neg 0.3253828874897845 __DUMMY__ 0.314827778391109	false	0.5
gnadenlos	neg 1.0		off 0.3585559746122398 neg 0.32230934088878477 __DUMMY__ 0.31913468449897536	false	0.5
niedergeschlagen	neg 1.0		off 0.3556307311129327 neg 0.3228189598087698 __DUMMY__ 0.32155030907829735	false	0.5
terrorisieren	off 1.0	off 1.0	off 0.6655583963267921 neg 0.17952565972379034 __DUMMY__ 0.15491594394941752	false	1.0
sinnlosigkeit	neg 1.0		off 0.3551817518809733 neg 0.3248270615505648 __DUMMY__ 0.31999118656846176	false	0.5
behindern	neg 1.0		off 0.3564898965872287 neg 0.32479092327180525 __DUMMY__ 0.3187191801409662	false	0.5
undemokratisch	neg 1.0		off 0.3590725778086508 neg 0.32362910112681353 __DUMMY__ 0.31729832106453576	false	0.5
wirtschaftskrise	neg 1.0		off 0.3528737643811209 neg 0.32922572328390703 __DUMMY__ 0.31790051233497224	false	0.5
neid	neg 1.0		off 0.36075255137887624 neg 0.3217284277514024 __DUMMY__ 0.3175190208697213	false	0.5
rutschen	neg 1.0		off 0.3483223260262919 neg 0.3273856758369191 __DUMMY__ 0.32429199813678894	false	0.5
rezession	neg 1.0		off 0.3635807182024721 neg 0.3249078772648055 __DUMMY__ 0.3115114045327224	false	0.5
fehlgeburt	neg 1.0		off 0.35845859461274376 neg 0.3216245837184479 __DUMMY__ 0.31991682166880836	false	0.5
charakterschwach	off 1.0		off 0.3630130726669266 neg 0.3214209396471224 __DUMMY__ 0.31556598768595107	false	1.0
isolation	neg 1.0		off 0.362082053839733 neg 0.31990702421924017 __DUMMY__ 0.3180109219410267	false	0.5
ablenkung	neg 1.0		off 0.35724884975553045 neg 0.3229220103869897 __DUMMY__ 0.3198291398574798	false	0.5
pech	neg 1.0		off 0.361367335606294 neg 0.3219202530288386 __DUMMY__ 0.31671241136486733	false	0.5
vermeidung	neg 1.0		off 0.3631095306262077 neg 0.32168177599595954 __DUMMY__ 0.31520869337783275	false	0.5
dominieren	neg 1.0		off 0.35572817621317504 neg 0.32427532120956676 __DUMMY__ 0.3199965025772581	false	0.5
schwindlig	neg 1.0		off 0.35879949010636186 neg 0.32351787306875746 __DUMMY__ 0.31768263682488074	false	0.5
lutscher	neg 1.0	neg 1.0	neg 0.6457865297335806 off 0.2061128972522628 __DUMMY__ 0.14810057301415655	false	1.0
pflicht	neg 1.0		off 0.3518512117715202 neg 0.32570402726546954 __DUMMY__ 0.32244476096301017	false	0.5
faschist	off 1.0		off 0.3618420043986229 neg 0.3202998591571069 __DUMMY__ 0.31785813644427025	false	1.0
verschleudern	neg 1.0		off 0.3514061158974502 neg 0.3302132468052141 __DUMMY__ 0.3183806372973357	false	0.5
wenn			off 0.3621700353450846 neg 0.32102271435482144 __DUMMY__ 0.31680725030009405	false	0.0
ehebruch	neg 1.0		off 0.35453246460425913 neg 0.3248080390069541 __DUMMY__ 0.3206594963887867	false	0.5
spott	off 1.0		off 0.3548594168246214 neg 0.32385036609576434 __DUMMY__ 0.3212902170796143	false	1.0
trostlosigkeit	neg 1.0		off 0.3499067729100247 neg 0.32969842994583254 __DUMMY__ 0.3203947971441429	false	0.5
lutschen	neg 1.0		off 0.3612092752642721 neg 0.3222414310478836 __DUMMY__ 0.3165492936878441	false	0.5
undiszipliniert	neg 1.0		off 0.36529690702900763 neg 0.3195441475738624 __DUMMY__ 0.31515894539713	false	0.5
kopfschmerz	neg 1.0		off 0.35207643485683743 neg 0.32920240994414274 __DUMMY__ 0.31872115519901983	false	0.5
unvorhergesehen	neg 1.0		off 0.3524668177290908 neg 0.3247648652821457 __DUMMY__ 0.3227683169887635	false	0.5
desinteressiert	neg 1.0		off 0.3645386350576208 neg 0.3201313640618507 __DUMMY__ 0.3153300008805285	false	0.5
armselig	off 1.0		off 0.36731851816229144 neg 0.31788688979294594 __DUMMY__ 0.3147945920447625	false	1.0
desaster	neg 1.0		off 0.350327858372904 neg 0.3280215925534254 __DUMMY__ 0.3216505490736706	false	0.5
tod	neg 1.0		off 0.35379707948939865 neg 0.3249286113562253 __DUMMY__ 0.3212743091543761	false	0.5
herzlos	neg 1.0		off 0.3665997216322773 neg 0.3185475536691844 __DUMMY__ 0.3148527246985382	false	0.5
unwissenheit	neg 1.0		off 0.35475985170482754 neg 0.3252210633779327 __DUMMY__ 0.32001908491723974	false	0.5
widersinnig	neg 1.0		off 0.35495774677348896 neg 0.327113311231858 __DUMMY__ 0.3179289419946532	false	0.5
bedenklich	neg 1.0		off 0.35342000343086283 neg 0.3266498793727203 __DUMMY__ 0.319930117196417	false	0.5
beanstanden	neg 1.0		off 0.35296916024401376 neg 0.324402453481373 __DUMMY__ 0.32262838627461327	false	0.5
panisch	neg 1.0		off 0.3597589476804029 neg 0.32123232029054505 __DUMMY__ 0.31900873202905194	false	0.5
debil	off 1.0		off 0.3454824342096918 neg 0.33014006666041845 __DUMMY__ 0.3243774991298896	false	1.0
abstrich	neg 1.0		off 0.3551199652993748 neg 0.32573941450638505 __DUMMY__ 0.3191406201942402	false	0.5
primitiv	neg 1.0		off 0.36497609677201215 neg 0.31943330751114235 __DUMMY__ 0.31559059571684556	false	0.5
abschaum	off 1.0	off 1.0	off 0.6711859635559935 neg 0.17633261107472414 __DUMMY__ 0.15248142536928241	false	1.0
provozieren	neg 1.0		off 0.35821624535085456 neg 0.323105736207848 __DUMMY__ 0.31867801844129745	false	0.5
tot	neg 1.0		off 0.35397866694422103 neg 0.32706421462781077 __DUMMY__ 0.3189571184279683	false	0.5
instabil	neg 1.0		off 0.36625436045030824 neg 0.32058813069402065 __DUMMY__ 0.3131575088556712	false	0.5
schwuchtel	off 1.0	off 1.0	off 0.6787177657656277 neg 0.1740801267728606 __DUMMY__ 0.14720210746151163	false	1.0
zerren	neg 1.0		off 0.35505324595979565 neg 0.32388419193398604 __DUMMY__ 0.32106256210621825	false	0.5
kinderficker	off 1.0		off 0.3696887037889159 neg 0.31674250082250627 __DUMMY__ 0.3135687953885778	false	1.0
gefahr	neg 1.0		off 0.35265139241760735 neg 0.32480740855195633 __DUMMY__ 0.32254119903043643	false	0.5
rabiat	neg 1.0		off 0.35625277542989753 neg 0.32437669252327833 __DUMMY__ 0.31937053204682425	false	0.5
verlangsamung	neg 1.0		off 0.37037734563133784 neg 0.31807302421111916 __DUMMY__ 0.31154963015754283	false	0.5
ausgestorben	neg 1.0		off 0.35614781518222627 neg 0.3238657754321094 __DUMMY__ 0.31998640938566436	false	0.5
anklagen	neg 1.0		off 0.3561086762291735 neg 0.3235979036419716 __DUMMY__ 0.32029342012885487	false	0.5
trott	neg 1.0		off 0.3571734324788242 neg 0.3236601725881777 __DUMMY__ 0.3191663949329981	false	0.5
verminderung	neg 1.0		off 0.3634208631596496 neg 0.32114827301904614 __DUMMY__ 0.3154308638213043	false	0.5
nach			off 0.3477288032260807 neg 0.32664971967177275 __DUMMY__ 0.32562147710214656	false	0.0
rost	neg 1.0		off 0.3738624722924482 __DUMMY__ 0.31331814078897097 neg 0.3128193869185809	false	0.5
destruktiv	neg 1.0		off 0.3567422615609359 neg 0.32447324717518955 __DUMMY__ 0.3187844912638747	false	0.5
unzumutbarkeit	neg 1.0		off 0.3633030657396076 neg 0.32117091158528793 __DUMMY__ 0.3155260226751045	false	0.5
labil	off 1.0	off 1.0	off 0.6701506169227724 neg 0.17785507266143794 __DUMMY__ 0.15199431041578965	false	1.0
ziemlich	neg 1.0		off 0.36350594385033236 neg 0.3197004434850604 __DUMMY__ 0.3167936126646073	false	0.5
lachnummer	off 1.0		off 0.3583729752969457 neg 0.3219997877566614 __DUMMY__ 0.31962723694639295	false	1.0
oder			off 0.35816030580495 neg 0.3222927722178301 __DUMMY__ 0.3195469219772198	false	0.0
verfall	neg 1.0		off 0.3474648190760578 neg 0.330778637151789 __DUMMY__ 0.321756543772153	false	0.5
ausgrenzung	neg 1.0		off 0.3587698341669566 neg 0.32414071581194703 __DUMMY__ 0.31708945002109634	false	0.5
unordnung	neg 1.0		off 0.3673230761380915 neg 0.3190702634329243 __DUMMY__ 0.3136066604289842	false	0.5
fehlverhalten	neg 1.0		off 0.3532120827502304 neg 0.3256568604108104 __DUMMY__ 0.32113105683895915	false	0.5
eine			off 0.35080490224629746 neg 0.32732514842002114 __DUMMY__ 0.32186994933368135	false	0.0
nille	neg 1.0		off 0.3576074073306986 neg 0.32328596706021834 __DUMMY__ 0.31910662560908315	false	0.5
qual	neg 1.0		off 0.35663980917373983 neg 0.32425149199404485 __DUMMY__ 0.3191086988322153	false	0.5
verschwenden	neg 1.0		off 0.35185007617386177 neg 0.3280854369127879 __DUMMY__ 0.3200644869133502	false	0.5
riesig	neg 1.0		off 0.3537005022735503 neg 0.32500851546533255 __DUMMY__ 0.32129098226111713	false	0.5
verurteilen	neg 1.0		off 0.355637298428601 neg 0.32413131385390587 __DUMMY__ 0.32023138771749315	false	0.5
klischee	neg 1.0	neg 1.0	neg 0.6485470751449621 off 0.19938365220604512 __DUMMY__ 0.15206927264899278	false	1.0
diktatorisch	neg 1.0		off 0.3590899114184116 neg 0.32376730051291364 __DUMMY__ 0.3171427880686748	false	0.5
vorhersehbar	neg 1.0		off 0.35976951687520614 neg 0.3234178611254231 __DUMMY__ 0.31681262199937077	false	0.5
sowie			off 0.3677710710781354 neg 0.31975187027682994 __DUMMY__ 0.3124770586450346	false	0.0
stornieren	neg 1.0		off 0.3625829224036902 __DUMMY__ 0.32048924376846116 neg 0.31692783382784867	false	0.5
besteuerung	neg 1.0	neg 1.0	neg 0.6519088111347234 off 0.19652794296441567 __DUMMY__ 0.15156324590086093	false	1.0
ungeschminkt	neg 1.0		off 0.36448352269186124 neg 0.32057389978582446 __DUMMY__ 0.31494257752231425	false	0.5
kritisch	neg 1.0		off 0.3548822415942924 neg 0.3248917005995987 __DUMMY__ 0.32022605780610885	false	0.5
schlamperei	off 1.0		off 0.3535536143196305 neg 0.3256615442324744 __DUMMY__ 0.32078484144789515	false	1.0
sucht	neg 1.0	neg 1.0	neg 0.6481586467859096 off 0.19840488317001603 __DUMMY__ 0.15343647004407443	false	1.0
egoistisch	off 1.0	off 1.0	off 0.6741727450035121 neg 0.1751835543919358 __DUMMY__ 0.15064370060455212	false	1.0
ausbeuter	off 1.0		off 0.35188738017413146 neg 0.32812838272412875 __DUMMY__ 0.3199842371017397	false	1.0
arschgeburt	off 1.0		off 0.37721181875600646 neg 0.31535993834816034 __DUMMY__ 0.30742824289583315	false	1.0
schubs	neg 1.0		off 0.3528753879546892 neg 0.32796041131935344 __DUMMY__ 0.3191642007259574	false	0.5
unsolide	neg 1.0		off 0.3604737041791302 neg 0.3216440102972051 __DUMMY__ 0.3178822855236646	false	0.5
beschwerde	neg 1.0		off 0.3556231274670858 neg 0.3238884102975039 __DUMMY__ 0.3204884622354102	false	0.5
stocken	neg 1.0		off 0.35384664464393684 neg 0.3258331417960881 __DUMMY__ 0.3203202135599752	false	0.5
isolieren	neg 1.0		off 0.3542701666861534 neg 0.3266486423166614 __DUMMY__ 0.3190811909971851	false	0.5
unheilbar	neg 1.0		off 0.35764254270981244 neg 0.3229620856682477 __DUMMY__ 0.31939537162193987	false	0.5
pisser	off 1.0	off 1.0	off 0.6723834880588092 neg 0.17660398833978994 __DUMMY__ 0.15101252360140086	false	1.0
löschen	neg 1.0		off 0.3575732423133104 neg 0.32384792144425556 __DUMMY__ 0.3185788362424341	false	0.5
durchfallen	neg 1.0		off 0.3548987588449486 neg 0.324549712072907 __DUMMY__ 0.32055152908214446	false	0.5
wichser	off 1.0	off 1.0	off 0.676652754678878 neg 0.17467256795722033 __DUMMY__ 0.14867467736390155	false	1.0
terror	neg 1.0		off 0.3606094666296994 neg 0.321904345840693 __DUMMY__ 0.3174861875296078	false	0.5
krass	neg 1.0		off 0.36797271961448585 neg 0.31843539714810365 __DUMMY__ 0.31359188323741044	false	0.5
revolte	neg 1.0		off 0.3599986148947032 neg 0.32421919246627734 __DUMMY__ 0.31578219263901963	false	0.5
besorgt	neg 1.0		off 0.3561824764293088 neg 0.32239442090907844 __DUMMY__ 0.3214231026616129	false	0.5
nachlassen	neg 1.0		off 0.3544222665324257 neg 0.3245278867335934 __DUMMY__ 0.3210498467339808	false	0.5
alt	neg 1.0		off 0.35141051140965424 neg 0.3305979186311472 __DUMMY__ 0.3179915699591985	false	0.5
hundesohn	off 1.0	off 1.0	off 0.67571529086998 neg 0.17570495923620996 __DUMMY__ 0.1485797498938101	false	1.0
als			off 0.3547957844975357 neg 0.32542725911313114 __DUMMY__ 0.31977695638933307	false	0.0
abschreckung	neg 1.0		off 0.3522063854627452 neg 0.3264895461830047 __DUMMY__ 0.32130406835425	false	0.5
unqualifiziert	neg 1.0		off 0.36222120751575543 neg 0.3204939554295197 __DUMMY__ 0.31728483705472493	false	0.5
abgewichst	off 1.0		off 0.3570755281500011 neg 0.3233440117671738 __DUMMY__ 0.3195804600828251	false	1.0
schwer	neg 1.0		off 0.35670973882249035 neg 0.32370473544852224 __DUMMY__ 0.31958552572898746	false	0.5
bedeutungslosigkeit	neg 1.0		off 0.35267246704215505 neg 0.3263035936870597 __DUMMY__ 0.3210239392707853	false	0.5
kapitulation	neg 1.0		off 0.35360754757820745 neg 0.3271990157930829 __DUMMY__ 0.31919343662870975	false	0.5
unscharf	neg 1.0		off 0.35722021888317146 neg 0.32739737167156713 __DUMMY__ 0.3153824094452615	false	0.5
schwinden	neg 1.0		off 0.3514252142287443 neg 0.3290167598854011 __DUMMY__ 0.3195580258858546	false	0.5
versklavung	neg 1.0	neg 1.0	neg 0.6498698555486789 off 0.1978042248314071 __DUMMY__ 0.152325919619914	false	1.0
schlecht	neg 1.0		off 0.3640078829970603 neg 0.3188540675538969 __DUMMY__ 0.31713804944904284	false	0.5
verhasst	neg 1.0		off 0.35889967142361173 neg 0.32281305709739305 __DUMMY__ 0.31828727147899516	false	0.5
beschweren	neg 1.0		off 0.3599116576498066 neg 0.3210476117523014 __DUMMY__ 0.31904073059789195	false	0.5
scheiden	neg 1.0		off 0.35712204502829553 neg 0.3239346702795308 __DUMMY__ 0.3189432846921737	false	0.5
frustriert	neg 1.0		off 0.35597552494240026 neg 0.3239332271407068 __DUMMY__ 0.32009124791689286	false	0.5
schimmelig	neg 1.0		off 0.3524684596776976 neg 0.32906201019614784 __DUMMY__ 0.31846953012615464	false	0.5
fisch	neg 1.0		off 0.34851531995128054 neg 0.33227793580978443 __DUMMY__ 0.3192067442389349	false	0.5
schmuggel	neg 1.0		off 0.35232084694885846 neg 0.324432522638754 __DUMMY__ 0.32324663041238766	false	0.5
auffallen	neg 1.0		off 0.359915733173137 neg 0.32181118460471597 __DUMMY__ 0.31827308222214695	false	0.5
konkurrenz	neg 1.0		off 0.3530368881332303 neg 0.3247185114679759 __DUMMY__ 0.32224460039879377	false	0.5
teufelskreis	neg 1.0	neg 1.0	neg 0.6508270739063967 off 0.1962521463081067 __DUMMY__ 0.1529207797854966	false	1.0
aufschreien	neg 1.0		off 0.35997474203200713 neg 0.32275976396220946 __DUMMY__ 0.31726549400578336	false	0.5
schuldner	neg 1.0		off 0.35061465330712666 neg 0.3304890580616393 __DUMMY__ 0.318896288631234	false	0.5
missgeburt	off 1.0	off 1.0	off 0.6754200194664802 neg 0.1748272324023861 __DUMMY__ 0.14975274813113376	false	1.0
arbeitslos	neg 1.0		off 0.3545294365986755 neg 0.32515467082125177 __DUMMY__ 0.3203158925800726	false	0.5
befallen	neg 1.0		off 0.35431133988371005 neg 0.3282817750898555 __DUMMY__ 0.31740688502643455	false	0.5
miesepetrig	off 1.0	off 1.0	off 0.6702633281288418 neg 0.17763732150272823 __DUMMY__ 0.15209935036842992	false	1.0
alarmieren	neg 1.0		off 0.3628814285241953 neg 0.319781813812095 __DUMMY__ 0.31733675766370983	false	0.5
ungeduscht	off 1.0		off 0.36116294238909935 neg 0.32275622824130834 __DUMMY__ 0.3160808293695923	false	1.0
knappheit	neg 1.0		off 0.35311650605649064 neg 0.32884018130657 __DUMMY__ 0.3180433126369392	false	0.5
schlange	neg 1.0		off 0.3579736336836677 neg 0.32253795410958314 __DUMMY__ 0.3194884122067492	false	0.5
harsch	neg 1.0		off 0.36829981499489706 neg 0.3166282604189297 __DUMMY__ 0.3150719245861731	false	0.5
lang	neg 1.0		off 0.35856255081026644 neg 0.3229984419698852 __DUMMY__ 0.3184390072198484	false	0.5
ziellos	neg 1.0		off 0.35325161236178293 neg 0.32523336934172953 __DUMMY__ 0.32151501829648754	false	0.5
selbstverliebt	neg 1.0		off 0.3755819016488933 neg 0.31404934132348317 __DUMMY__ 0.3103687570276235	false	0.5
beseitigen	neg 1.0		off 0.3579586493213442 neg 0.32184860388903597 __DUMMY__ 0.32019274678961973	false	0.5
dumm	off 1.0		off 0.3701576190239891 neg 0.3171801619513471 __DUMMY__ 0.3126622190246638	false	1.0
arbeitsloser	neg 1.0		off 0.35721548111576124 __DUMMY__ 0.3231073807185475 neg 0.31967713816569143	false	0.5
blitzen	neg 1.0		off 0.36106185270327074 neg 0.3222200439018393 __DUMMY__ 0.31671810339489	false	0.5
hilflos	neg 1.0		off 0.354573283921666 neg 0.32525146547841677 __DUMMY__ 0.32017525059991725	false	0.5
eklig	off 1.0		off 0.36974561843983716 neg 0.3188400283915222 __DUMMY__ 0.3114143531686407	false	1.0
begriff			off 0.3569569037713428 neg 0.32353451605076783 __DUMMY__ 0.3195085801778894	false	0.0
hungersnot	neg 1.0		off 0.3540193142255725 neg 0.32706121415440764 __DUMMY__ 0.31891947162001977	false	0.5
ungesetzlich	neg 1.0		off 0.3593546940659691 neg 0.32321157309240783 __DUMMY__ 0.31743373284162313	false	0.5
verschwendung	neg 1.0		off 0.3523709249151037 neg 0.3268750079732616 __DUMMY__ 0.3207540671116346	false	0.5
schmerzvoll	neg 1.0		off 0.3582366461729579 neg 0.32394426921248376 __DUMMY__ 0.3178190846145584	false	0.5
vorzeitig	neg 1.0		off 0.3633323937129196 neg 0.3193431917032254 __DUMMY__ 0.31732441458385496	false	0.5
unvollkommenheit	neg 1.0		off 0.35523214532552083 neg 0.3253538166299207 __DUMMY__ 0.31941403804455853	false	0.5
intervenieren	neg 1.0		off 0.3520784387693491 neg 0.32868588612040733 __DUMMY__ 0.3192356751102435	false	0.5
banause	off 1.0		off 0.37013883972076184 neg 0.32059016965537657 __DUMMY__ 0.30927099062386154	false	1.0
rebell	neg 1.0		off 0.3467964177523656 neg 0.3328474598903885 __DUMMY__ 0.3203561223572459	false	0.5
unlogisch	neg 1.0		off 0.36554604216124154 neg 0.3198747492730761 __DUMMY__ 0.31457920856568244	false	0.5
leiden	neg 1.0		off 0.3530254958429213 neg 0.32357766860167697 __DUMMY__ 0.3233968355554017	false	0.5
abschaffung	neg 1.0		off 0.35721629467631716 neg 0.3256795943487127 __DUMMY__ 0.31710411097497015	false	0.5
sturz	neg 1.0		off 0.36118281699395055 __DUMMY__ 0.3201095409310331 neg 0.3187076420750165	false	0.5
verkleinerung	neg 1.0		off 0.3595760705326691 neg 0.32587894563926034 __DUMMY__ 0.31454498382807067	false	0.5
schmarotzer	off 1.0		off 0.35559041487737053 neg 0.3244831587532891 __DUMMY__ 0.3199264263693403	false	1.0
bestrafung	neg 1.0	neg 1.0	neg 0.64851398117729 off 0.19790683770863013 __DUMMY__ 0.15357918111407995	false	1.0
achtlos	neg 1.0		off 0.35636602641651494 neg 0.3231436575302638 __DUMMY__ 0.3204903160532213	false	0.5
ungeheuer	neg 1.0		off 0.35646995418894356 neg 0.3259721557348621 __DUMMY__ 0.31755789007619434	false	0.5
unaufrichtig	neg 1.0		off 0.36214920314335247 neg 0.3205548297918695 __DUMMY__ 0.31729596706477803	false	0.5
groggy	neg 1.0		off 0.36116779886286743 neg 0.32077673666356615 __DUMMY__ 0.31805546447356653	false	0.5
verletzlich	neg 1.0		off 0.3610756818202602 neg 0.32448125449773296 __DUMMY__ 0.31444306368200703	false	0.5
ablehnen	neg 1.0		off 0.3545085742083665 neg 0.32523957970764067 __DUMMY__ 0.32025184608399293	false	0.5
