unsolidarisch	neg 1.0		off 0.5021921898647353 neg 0.4577085785926047 __DUMMY__ 0.04009923154265996	false	0.5
nachteilig	neg 1.0		off 0.5004806504376753 neg 0.45893412420044044 __DUMMY__ 0.040585225361884275	false	0.5
skeptisch	neg 1.0		off 0.4988366683305809 neg 0.4605627616878953 __DUMMY__ 0.04060056998152372	false	0.5
schrecklich	neg 1.0		off 0.5107712412966644 neg 0.44949364246570944 __DUMMY__ 0.03973511623762621	false	0.5
schlapp	neg 1.0	neg 1.0	neg 0.7109679800082757 off 0.2700565239097866 __DUMMY__ 0.01897549608193769	false	1.0
abfall	neg 1.0		off 0.4974978377617054 neg 0.46158645186984837 __DUMMY__ 0.04091571036844616	false	0.5
widerspenstig	neg 1.0		off 0.5013112617517359 neg 0.45845849486460327 __DUMMY__ 0.040230243383660935	false	0.5
abrupt	neg 1.0		off 0.4968485325597006 neg 0.46268771407164444 __DUMMY__ 0.04046375336865505	false	0.5
unwirksam	neg 1.0		off 0.4987819801259714 neg 0.46139664551713455 __DUMMY__ 0.03982137435689401	false	0.5
angreifen	neg 1.0		off 0.4987249247366672 neg 0.4606025353404967 __DUMMY__ 0.040672539922835926	false	0.5
inkonsistent	neg 1.0		off 0.5034126731219137 neg 0.4566336838871801 __DUMMY__ 0.03995364299090613	false	0.5
abrutschen	neg 1.0		off 0.4965709355821323 neg 0.4625560278088227 __DUMMY__ 0.04087303660904495	false	0.5
unsicher	neg 1.0		off 0.5035303864707852 neg 0.45607326137193055 __DUMMY__ 0.04039635215728433	false	0.5
bauernkind	off 1.0	off 1.0	off 0.7403710206678998 neg 0.2410716822164494 __DUMMY__ 0.01855729711565082	false	1.0
angreifer	neg 1.0		off 0.5091101334540238 neg 0.4505370633117186 __DUMMY__ 0.040352803234257544	false	0.5
trennen	neg 1.0		off 0.4990349876237003 neg 0.4602304568954138 __DUMMY__ 0.040734555480885705	false	0.5
schmutz	neg 1.0		off 0.5093222850285453 neg 0.45019508935448205 __DUMMY__ 0.04048262561697261	false	0.5
inkonsistenz	neg 1.0		off 0.5073174192147842 neg 0.45267594502240843 __DUMMY__ 0.04000663576280742	false	0.5
erschreckend	neg 1.0		off 0.5022397517159513 neg 0.45740046144329755 __DUMMY__ 0.04035978684075139	false	0.5
ertrinken	neg 1.0		off 0.4969900129982428 neg 0.46243884498825166 __DUMMY__ 0.04057114201350538	false	0.5
pickelface	off 1.0		off 0.5030233337667175 neg 0.4567347709593763 __DUMMY__ 0.0402418952739062	false	1.0
seiner			off 0.49970158151319294 neg 0.45958736175736975 __DUMMY__ 0.04071105672943733	false	0.0
lauch	neg 1.0	neg 1.0	neg 0.7167008983807979 off 0.263919615781408 __DUMMY__ 0.019379485837794173	false	1.0
unwichtig	neg 1.0		off 0.5072434247631954 neg 0.4527484745930024 __DUMMY__ 0.04000810064380217	false	0.5
steuerhinterziehung	neg 1.0		off 0.501481398478042 neg 0.45825796330703916 __DUMMY__ 0.04026063821491893	false	0.5
schock	neg 1.0		off 0.5017017874893634 neg 0.45785828301591913 __DUMMY__ 0.040439929494717454	false	0.5
beule	neg 1.0		off 0.5080504401093028 neg 0.45221034458867315 __DUMMY__ 0.0397392153020242	false	0.5
vergelten	neg 1.0		off 0.5119606203991302 neg 0.4483284129737332 __DUMMY__ 0.039710966627136725	false	0.5
verdorbenheit	neg 1.0		off 0.50400852338224 neg 0.4557536135374967 __DUMMY__ 0.040237863080263156	false	0.5
trauma	neg 1.0		off 0.5034921045673515 neg 0.4563484145701505 __DUMMY__ 0.04015948086249796	false	0.5
sinnlos	neg 1.0		off 0.504711872809652 neg 0.4550904231021166 __DUMMY__ 0.04019770408823145	false	0.5
fettsack	off 1.0	off 1.0	off 0.7416532620610906 neg 0.23976423840664032 __DUMMY__ 0.01858249953226909	false	1.0
feige	off 1.0	off 1.0	off 0.7402019613220957 neg 0.24086406372233143 __DUMMY__ 0.018933974955572936	false	1.0
abdanken	neg 1.0		off 0.5040336496988476 neg 0.4555038355381788 __DUMMY__ 0.04046251476297364	false	0.5
wichtigtuer	off 1.0	off 1.0	off 0.7394063821019489 neg 0.24148363559075792 __DUMMY__ 0.0191099823072932	false	1.0
misslingen	neg 1.0		off 0.5061602285314357 neg 0.4534341464116794 __DUMMY__ 0.040405625056884956	false	0.5
untreu	off 1.0		off 0.5081769366340034 neg 0.45190337363811556 __DUMMY__ 0.039919689727881	false	1.0
missmutig	neg 1.0		off 0.5056878861136699 neg 0.45427269820868893 __DUMMY__ 0.04003941567764104	false	0.5
hurenbock	off 1.0		off 0.49870626131483453 neg 0.4614455480239049 __DUMMY__ 0.03984819066126057	false	1.0
betrunken	neg 1.0		off 0.5095645138017998 neg 0.45066188510319294 __DUMMY__ 0.03977360109500731	false	0.5
korrupt	off 1.0		off 0.5005409648794399 neg 0.4592178390315675 __DUMMY__ 0.040241196088992515	false	1.0
unmut	neg 1.0		off 0.49755615115777685 neg 0.4617090530538153 __DUMMY__ 0.04073479578840767	false	0.5
hackfresse	off 1.0		off 0.5143534887055548 neg 0.446230613207634 __DUMMY__ 0.03941589808681124	false	1.0
aufblasen	neg 1.0		off 0.5031020834547278 neg 0.45662162321088795 __DUMMY__ 0.040276293334384185	false	0.5
gewaltsam	neg 1.0		off 0.5042210969172187 neg 0.4553073199594601 __DUMMY__ 0.04047158312332106	false	0.5
unbeliebtheit	neg 1.0		off 0.5083926321277846 neg 0.4516840154375719 __DUMMY__ 0.03992335243464357	false	0.5
sturheit	neg 1.0		off 0.5035508105860442 neg 0.45595660385306896 __DUMMY__ 0.0404925855608867	false	0.5
kuh	neg 1.0		off 0.4982833088124711 neg 0.46231451804857304 __DUMMY__ 0.03940217313895594	false	0.5
erschrecken	neg 1.0		off 0.506455204846713 neg 0.45347842934440336 __DUMMY__ 0.04006636580888363	false	0.5
opfer	neg 1.0		off 0.5026954887933814 neg 0.45653967322317324 __DUMMY__ 0.040764837983445205	false	0.5
sinken	neg 1.0		off 0.4961856201212467 neg 0.46328670686125706 __DUMMY__ 0.040527673017496275	false	0.5
stinktier	neg 1.0		off 0.5079030980980317 neg 0.45296741468388296 __DUMMY__ 0.039129487218085277	false	0.5
tucke	off 1.0		off 0.5123468140646101 neg 0.4487325080999224 __DUMMY__ 0.038920677835467536	false	1.0
ein			off 0.5000556285884278 neg 0.45978516999942576 __DUMMY__ 0.04015920141214647	false	0.0
abstieg	neg 1.0		off 0.5042350087285311 neg 0.4550290184774651 __DUMMY__ 0.040735972794003775	false	0.5
missverstehen	neg 1.0		off 0.5056291622243912 neg 0.4542197269741768 __DUMMY__ 0.040151110801431855	false	0.5
ergebnislos	neg 1.0		off 0.5017063437552481 neg 0.4575791166029908 __DUMMY__ 0.04071453964176103	false	0.5
unter			off 0.4945382752265148 neg 0.4642315367890707 __DUMMY__ 0.04123018798441452	false	0.0
manipulieren	neg 1.0		off 0.4999332651602441 neg 0.4594158497499656 __DUMMY__ 0.04065088508979037	false	0.5
unbewiesen	neg 1.0	neg 1.0	neg 0.7126245738478527 off 0.26824171834176347 __DUMMY__ 0.019133707810383885	false	1.0
verschleppen	neg 1.0		off 0.5006496649537486 neg 0.45888218269646686 __DUMMY__ 0.04046815234978454	false	0.5
weib	off 1.0		off 0.5142049367853385 neg 0.44669958381144187 __DUMMY__ 0.039095479403219516	false	1.0
opposition	neg 1.0		off 0.503173748900602 neg 0.45675006440736915 __DUMMY__ 0.040076186692029024	false	0.5
verkehrswidrig	neg 1.0		off 0.5137668087215553 neg 0.4464410518370705 __DUMMY__ 0.03979213944137425	false	0.5
inkorrekt	neg 1.0		off 0.5102461376715425 neg 0.4500446149870642 __DUMMY__ 0.039709247341393354	false	0.5
vermeiden	neg 1.0		off 0.49618336329441437 neg 0.46291201561331335 __DUMMY__ 0.04090462109227219	false	0.5
abweichung	neg 1.0	neg 1.0	neg 0.7132461447814014 off 0.26743082940058 __DUMMY__ 0.019323025818018636	false	1.0
alkoholisiert	neg 1.0		off 0.5024284241439188 neg 0.45663197609574296 __DUMMY__ 0.04093959976033831	false	0.5
scheiss	off 1.0	off 1.0	off 0.7403521812011797 neg 0.24081793183723527 __DUMMY__ 0.01882988696158512	false	1.0
herausforderung	neg 1.0		off 0.5008495213745857 neg 0.4586763892723326 __DUMMY__ 0.04047408935308152	false	0.5
pervers	off 1.0		off 0.517173798593569 neg 0.4437872852931853 __DUMMY__ 0.03903891611324561	false	1.0
wackelig	neg 1.0		off 0.5014662542399227 neg 0.45799015333478793 __DUMMY__ 0.0405435924252893	false	0.5
verwickeln	neg 1.0		off 0.5050772240355328 neg 0.4546963873813812 __DUMMY__ 0.040226388583085915	false	0.5
vorwand	neg 1.0		off 0.4981704971676979 neg 0.4611545543000971 __DUMMY__ 0.04067494853220502	false	0.5
muschi	off 1.0		off 0.50302523062082 neg 0.456582010822379 __DUMMY__ 0.04039275855680104	false	1.0
entmutigung	neg 1.0		off 0.5025485831026638 neg 0.4575491804347317 __DUMMY__ 0.03990223646260455	false	0.5
unangemessen	neg 1.0		off 0.5026113185419796 neg 0.456941985268628 __DUMMY__ 0.040446696189392374	false	0.5
unstetig	neg 1.0		off 0.5057096389725977 neg 0.4543141017738753 __DUMMY__ 0.039976259253527	false	0.5
entmutigen	neg 1.0		off 0.5038560264632339 neg 0.45588479380037916 __DUMMY__ 0.04025917973638705	false	0.5
schwanz	neg 1.0		off 0.5002013078833091 neg 0.45938175844285933 __DUMMY__ 0.040416933673831555	false	0.5
verbot	neg 1.0		off 0.5007197494319006 neg 0.4589713488511069 __DUMMY__ 0.04030890171699243	false	0.5
leid	neg 1.0		off 0.5118194504614868 neg 0.4485884561623418 __DUMMY__ 0.039592093376171464	false	0.5
archaisch	neg 1.0		off 0.500773377487995 neg 0.4589080976353099 __DUMMY__ 0.04031852487669517	false	0.5
gegen			off 0.49966056006439263 neg 0.45947397568768306 __DUMMY__ 0.040865464247924435	false	0.0
scheidung	neg 1.0		off 0.5236833171667861 neg 0.4371306626244714 __DUMMY__ 0.039186020208742386	false	0.5
einschlag	neg 1.0		off 0.5136426635642996 neg 0.44640293913476303 __DUMMY__ 0.03995439730093739	false	0.5
m			off 0.5013954873898647 neg 0.4581341444919313 __DUMMY__ 0.04047036811820402	false	0.0
abgestanden	neg 1.0		off 0.49728587410780795 neg 0.46296890807267704 __DUMMY__ 0.039745217819514934	false	0.5
schmierig	off 1.0		off 0.5111561298890952 neg 0.44926305277881456 __DUMMY__ 0.03958081733209016	false	1.0
unpraktisch	neg 1.0		off 0.5046564464716602 neg 0.45507719184088147 __DUMMY__ 0.040266361687458424	false	0.5
wixxer	off 1.0		off 0.515959997377067 neg 0.44516435817477523 __DUMMY__ 0.03887564444815765	false	1.0
bezeichnet			off 0.5041542981585247 neg 0.45546427935887557 __DUMMY__ 0.040381422482599606	false	0.0
jammerlappen	off 1.0		off 0.5074864537301441 neg 0.4525187410693016 __DUMMY__ 0.039994805200554304	false	1.0
farce	neg 1.0		off 0.5014666564966758 neg 0.45838334420308463 __DUMMY__ 0.04014999930023957	false	0.5
zwecklos	neg 1.0		off 0.5008629566916312 neg 0.45871389413658453 __DUMMY__ 0.040423149171784314	false	0.5
turbulent	neg 1.0		off 0.5079993959541698 neg 0.4522846314234307 __DUMMY__ 0.03971597262239943	false	0.5
invasion	neg 1.0		off 0.5049702259949617 neg 0.4549126641036893 __DUMMY__ 0.04011710990134898	false	0.5
schuld	neg 1.0		off 0.5043842045438698 neg 0.4553475867042619 __DUMMY__ 0.04026820875186822	false	0.5
risiko	neg 1.0		off 0.5021762730250762 neg 0.45789475404163593 __DUMMY__ 0.03992897293328789	false	0.5
finster	neg 1.0		off 0.5004002810774931 neg 0.4594975547069455 __DUMMY__ 0.04010216421556129	false	0.5
geisteskrank	off 1.0		off 0.5095550896804665 neg 0.4506210653493497 __DUMMY__ 0.03982384497018385	false	1.0
zusammenbrechen	neg 1.0		off 0.5007150248839338 neg 0.4588981195387921 __DUMMY__ 0.04038685557727415	false	0.5
ausbeute	neg 1.0		off 0.5046074996901064 neg 0.45477794465118204 __DUMMY__ 0.040614555658711436	false	0.5
hinterhalt	neg 1.0		off 0.5009075273038017 neg 0.45878653778420847 __DUMMY__ 0.04030593491198988	false	0.5
kritik	neg 1.0		off 0.5012929020453785 neg 0.4585343358141324 __DUMMY__ 0.04017276214048904	false	0.5
einschrumpfen	neg 1.0		off 0.5055653817211586 neg 0.45465649932552965 __DUMMY__ 0.0397781189533118	false	0.5
riskant	neg 1.0		off 0.4983611820695189 neg 0.4611111548039488 __DUMMY__ 0.040527663126532325	false	0.5
frustrieren	neg 1.0		off 0.49895046348757244 neg 0.4605969451341587 __DUMMY__ 0.040452591378268885	false	0.5
groll	neg 1.0		off 0.5025218404758292 neg 0.4569337169950014 __DUMMY__ 0.04054444252916944	false	0.5
gibt			off 0.5009262163309767 neg 0.4586037695825326 __DUMMY__ 0.04047001408649069	false	0.0
qualvoll	neg 1.0		off 0.5048062803225313 neg 0.45501912672680545 __DUMMY__ 0.04017459295066336	false	0.5
wackeln	neg 1.0		off 0.5028581529784145 neg 0.45680421678243566 __DUMMY__ 0.040337630239149776	false	0.5
klagen	neg 1.0		off 0.4977062792246851 neg 0.4616944006989777 __DUMMY__ 0.04059932007633721	false	0.5
bankrott	neg 1.0		off 0.5076090044953725 neg 0.4523111851513066 __DUMMY__ 0.04007981035332094	false	0.5
trauern	neg 1.0		off 0.5028620036138153 neg 0.4562153895722148 __DUMMY__ 0.040922606813969885	false	0.5
ablehnung	neg 1.0		off 0.5006654986587799 neg 0.45912791065910513 __DUMMY__ 0.04020659068211485	false	0.5
stur	neg 1.0		off 0.5038714164570504 neg 0.455910794610865 __DUMMY__ 0.04021778893208445	false	0.5
aufruhr	neg 1.0	neg 1.0	neg 0.7126130756024175 off 0.2681835538316593 __DUMMY__ 0.019203370565923323	false	1.0
melancholie	neg 1.0		off 0.4967268416289356 neg 0.46287232556799585 __DUMMY__ 0.04040083280306862	false	0.5
ist			off 0.5042975220194934 neg 0.4555071562683488 __DUMMY__ 0.04019532171215779	false	0.0
torheit	neg 1.0		off 0.5039627736945637 neg 0.45582437604013687 __DUMMY__ 0.04021285026529939	false	0.5
dreckskind	off 1.0		off 0.5141649157157151 neg 0.446598912404708 __DUMMY__ 0.039236171879577016	false	1.0
umtauschen	neg 1.0		off 0.5022165869605926 neg 0.4574623193359844 __DUMMY__ 0.04032109370342289	false	0.5
zum			off 0.5001028015950819 neg 0.45864512027038723 __DUMMY__ 0.04125207813453074	false	0.0
zersetzen	neg 1.0		off 0.4977953690280915 neg 0.46171588096975197 __DUMMY__ 0.04048875000215655	false	0.5
zur			off 0.4966928025547489 neg 0.46237286764243596 __DUMMY__ 0.040934329802815174	false	0.0
frust	neg 1.0		off 0.5009996876647865 neg 0.45855280581397867 __DUMMY__ 0.04044750652123484	false	0.5
unerbittlichkeit	neg 1.0		off 0.5002238110045009 neg 0.4591748597830742 __DUMMY__ 0.04060132921242481	false	0.5
zwei			off 0.496834109866606 neg 0.46215817249375923 __DUMMY__ 0.041007717639634914	false	0.0
unkorrekt	neg 1.0		off 0.5093516854429675 neg 0.4508624604096565 __DUMMY__ 0.039785854147376114	false	0.5
hexe	off 1.0		off 0.5039012450637572 neg 0.45640871292411017 __DUMMY__ 0.0396900420121327	false	1.0
lasch	neg 1.0		off 0.5072719235223483 neg 0.45263490476776136 __DUMMY__ 0.04009317170989024	false	0.5
rivale	neg 1.0		off 0.5107575439606805 neg 0.44951829774260743 __DUMMY__ 0.039724158296711935	false	0.5
mutlos	off 1.0	off 1.0	off 0.7363416105370845 neg 0.24441069794711892 __DUMMY__ 0.019247691515796677	false	1.0
wirr	off 1.0		off 0.5103149250878755 neg 0.45008606268287826 __DUMMY__ 0.03959901222924632	false	1.0
jahr			off 0.503192177502808 neg 0.45581964628407673 __DUMMY__ 0.0409881762131153	false	0.0
wird			off 0.5008711904363827 neg 0.45858893849722887 __DUMMY__ 0.040539871066388386	false	0.0
strafbar	neg 1.0		off 0.5004691477587913 neg 0.45889781588167694 __DUMMY__ 0.040633036359531714	false	0.5
erosion	neg 1.0		off 0.5035519495393277 neg 0.45611645970067 __DUMMY__ 0.04033159076000236	false	0.5
eingehen	neg 1.0		off 0.4987650150213435 neg 0.46077487942453876 __DUMMY__ 0.04046010555411769	false	0.5
faul	off 1.0		off 0.5068854894113111 neg 0.4530690316634343 __DUMMY__ 0.0400454789252546	false	1.0
provisorium	neg 1.0		off 0.49531041553177985 neg 0.46340291182064636 __DUMMY__ 0.04128667264757374	false	0.5
schmerzen	neg 1.0		off 0.5009688825132905 neg 0.4587457563642218 __DUMMY__ 0.04028536112248783	false	0.5
schrumpfen	neg 1.0		off 0.4936697182162437 neg 0.46569021471353894 __DUMMY__ 0.04064006707021737	false	0.5
geistlos	off 1.0		off 0.5040945255539948 neg 0.4559360652795169 __DUMMY__ 0.0399694091664882	false	1.0
fehlkauf	neg 1.0		off 0.5044092165048741 neg 0.4555327372747424 __DUMMY__ 0.0400580462203835	false	0.5
frustrierend	neg 1.0		off 0.5058241010772011 neg 0.4541532404835959 __DUMMY__ 0.04002265843920289	false	0.5
unzufrieden	neg 1.0		off 0.5010473507438183 neg 0.45848124040757837 __DUMMY__ 0.040471408848603355	false	0.5
verzweifeln	neg 1.0		off 0.5022978220304303 neg 0.45729697817944404 __DUMMY__ 0.040405199790125614	false	0.5
verzweifelt	neg 1.0		off 0.5038034686173708 neg 0.45598959300645986 __DUMMY__ 0.0402069383761694	false	0.5
misstrauensantrag	neg 1.0		off 0.5042578028292259 neg 0.455626292303794 __DUMMY__ 0.04011590486698017	false	0.5
abfallen	neg 1.0		off 0.502369776774651 neg 0.457397361041098 __DUMMY__ 0.04023286218425095	false	0.5
fucker	off 1.0		off 0.5107362738712914 neg 0.44943946042358 __DUMMY__ 0.039824265705128516	false	1.0
ungezogen	neg 1.0		off 0.5159191922936259 neg 0.44483470785132956 __DUMMY__ 0.039246099855044646	false	0.5
irrsinnig	neg 1.0	neg 1.0	neg 0.7130929933777489 off 0.2678016873157544 __DUMMY__ 0.01910531930649673	false	1.0
unfassbar	neg 1.0		off 0.5086282566627353 neg 0.4514024070363724 __DUMMY__ 0.039969336300892395	false	0.5
hart	neg 1.0		off 0.5037821160165831 neg 0.4567525551182627 __DUMMY__ 0.039465328865154164	false	0.5
widerlich	off 1.0		off 0.50843916030015 neg 0.45169440652268866 __DUMMY__ 0.03986643317716121	false	1.0
fatal	neg 1.0	neg 1.0	neg 0.7135514616788576 off 0.2675105744941064 __DUMMY__ 0.018937963827036046	false	1.0
bruch	neg 1.0		off 0.49818534249344526 neg 0.4609825946415085 __DUMMY__ 0.040832062865046294	false	0.5
aushungern	neg 1.0		off 0.5009923396403653 neg 0.4587006994180613 __DUMMY__ 0.04030696094157337	false	0.5
anspannung	neg 1.0		off 0.49757952635963415 neg 0.4613556788693418 __DUMMY__ 0.041064794771023976	false	0.5
von			off 0.4986483581346903 neg 0.460675840165688 __DUMMY__ 0.04067580169962166	false	0.0
kraftlos	neg 1.0		off 0.5003719766239951 neg 0.45915531788033226 __DUMMY__ 0.040472705495672466	false	0.5
vom			off 0.4972528072821779 neg 0.46134750368125405 __DUMMY__ 0.04139968903656801	false	0.0
grenzdebil	off 1.0		off 0.5077888514363638 neg 0.4523697598021896 __DUMMY__ 0.039841388761446675	false	1.0
vor			off 0.4978358102888617 neg 0.46139358086861304 __DUMMY__ 0.04077060884252532	false	0.0
unterwerfen	neg 1.0		off 0.5011329768098466 neg 0.4582601283493066 __DUMMY__ 0.04060689484084682	false	0.5
versenkung	neg 1.0		off 0.500521067400253 neg 0.458841492262162 __DUMMY__ 0.04063744033758491	false	0.5
entziehen	neg 1.0		off 0.49795294900047377 neg 0.4613759375474296 __DUMMY__ 0.04067111345209664	false	0.5
finanzkrise	neg 1.0		off 0.49700839489943494 neg 0.4632030788789539 __DUMMY__ 0.03978852622161122	false	0.5
schimpfend	neg 1.0		off 0.504922776030792 neg 0.45470661987173133 __DUMMY__ 0.04037060409747653	false	0.5
profan	neg 1.0		off 0.5044685067008927 neg 0.4554278542250131 __DUMMY__ 0.040103639074094255	false	0.5
korruption	neg 1.0		off 0.49960070704791065 neg 0.4601431798614047 __DUMMY__ 0.04025611309068471	false	0.5
â			off 0.5001891653883912 neg 0.4593654270287987 __DUMMY__ 0.040445407582810254	false	0.0
schmutzig	neg 1.0		off 0.5083543806944131 neg 0.45177221474549 __DUMMY__ 0.03987340456009701	false	0.5
sexy	neg 1.0		off 0.5067955153615987 neg 0.4530939120188685 __DUMMY__ 0.0401105726195327	false	0.5
abraten	neg 1.0		off 0.5049146114275463 neg 0.4548717988126352 __DUMMY__ 0.0402135897598187	false	0.5
schwarz	neg 1.0		off 0.5050408222298474 neg 0.45478371789953814 __DUMMY__ 0.0401754598706146	false	0.5
fotze	off 1.0	off 1.0	off 0.7367777199585386 neg 0.24399282069590986 __DUMMY__ 0.019229459345551505	false	1.0
verwirren	neg 1.0		off 0.5054003165379645 neg 0.45444272953629977 __DUMMY__ 0.04015695392573571	false	0.5
zahnlos	off 1.0		off 0.5019105299915497 neg 0.457674220419507 __DUMMY__ 0.040415249588943276	false	1.0
verheeren	neg 1.0		off 0.5175122750005225 neg 0.443267919877351 __DUMMY__ 0.03921980512212665	false	0.5
hippie	neg 1.0		off 0.5060043213364859 neg 0.45391163003741275 __DUMMY__ 0.04008404862610136	false	0.5
rammen	neg 1.0		off 0.5031013418110932 neg 0.45667464541235053 __DUMMY__ 0.04022401277655632	false	0.5
unlauter	neg 1.0		off 0.5036350515693757 neg 0.45631040885035123 __DUMMY__ 0.04005453958027307	false	0.5
unheilvoll	neg 1.0		off 0.5030358315555623 neg 0.4568310856991104 __DUMMY__ 0.04013308274532712	false	0.5
niedrig	neg 1.0		off 0.49851535528749097 neg 0.461178620806865 __DUMMY__ 0.04030602390564398	false	0.5
explosion	neg 1.0		off 0.5061952028576895 neg 0.45369221732381254 __DUMMY__ 0.04011257981849806	false	0.5
weichei	off 1.0	off 1.0	off 0.7420117433443355 neg 0.2393177259845444 __DUMMY__ 0.018670530671120195	false	1.0
minusmensch	off 1.0		off 0.5156921151131179 neg 0.44522039178052053 __DUMMY__ 0.03908749310636173	false	1.0
farblos	neg 1.0		off 0.5035782276876273 neg 0.4562494552002102 __DUMMY__ 0.04017231711216245	false	0.5
unwissend	neg 1.0	neg 1.0	neg 0.7114777368544642 off 0.26956253940881836 __DUMMY__ 0.018959723736717424	false	1.0
traurig	neg 1.0		off 0.5105942727035864 neg 0.44962768990887136 __DUMMY__ 0.03977803738754235	false	0.5
senkung	neg 1.0		off 0.5022458540560619 neg 0.4579618303156413 __DUMMY__ 0.03979231562829681	false	0.5
ungleich	neg 1.0	neg 1.0	neg 0.7147941505686901 off 0.26594953950544215 __DUMMY__ 0.019256309925867784	false	1.0
heikel	neg 1.0		off 0.49935511535937205 neg 0.46005579498934873 __DUMMY__ 0.04058908965127935	false	0.5
drosselung	neg 1.0		off 0.505225537540895 neg 0.4552149895829179 __DUMMY__ 0.03955947287618703	false	0.5
falsch	neg 1.0		off 0.5071425177598415 neg 0.4527493944544272 __DUMMY__ 0.04010808778573141	false	0.5
unzufriedenheit	neg 1.0		off 0.49736324483751315 neg 0.46219229311928417 __DUMMY__ 0.04044446204320277	false	0.5
kurz	neg 1.0		off 0.5023115386143698 neg 0.4571301822772908 __DUMMY__ 0.040558279108339416	false	0.5
unsinnig	neg 1.0		off 0.5008023246857004 neg 0.4589623032427971 __DUMMY__ 0.04023537207150253	false	0.5
penner	off 1.0	off 1.0	off 0.7434057966032099 neg 0.23793011683525378 __DUMMY__ 0.018664086561536314	false	1.0
seicht	neg 1.0		off 0.5133112593346696 neg 0.4475699068668698 __DUMMY__ 0.03911883379846064	false	0.5
dummheit	off 1.0	off 1.0	off 0.738501585446657 neg 0.24248895251142982 __DUMMY__ 0.019009462041913224	false	1.0
unerfreulich	neg 1.0		off 0.49864986734191336 neg 0.46078040039074025 __DUMMY__ 0.040569732267346476	false	0.5
motherfucker	off 1.0	off 1.0	off 0.7412562578980024 neg 0.23985236874120638 __DUMMY__ 0.018891373360791167	false	1.0
pikiert	neg 1.0		off 0.5070878610600958 neg 0.45301706513398393 __DUMMY__ 0.03989507380592028	false	0.5
wrack	neg 1.0		off 0.5055021118154558 neg 0.4536792723783184 __DUMMY__ 0.040818615806225964	false	0.5
gangster	neg 1.0		off 0.506135195308723 neg 0.4538003478717964 __DUMMY__ 0.04006445681948079	false	0.5
krank	neg 1.0		off 0.5092408689586025 neg 0.4507964531154247 __DUMMY__ 0.03996267792597277	false	0.5
reich	neg 1.0		off 0.5036988925027215 neg 0.45657164775505815 __DUMMY__ 0.039729459742220315	false	0.5
gnadenlos	neg 1.0		off 0.5044085213944205 neg 0.45528087992157223 __DUMMY__ 0.040310598684007146	false	0.5
niedergeschlagen	neg 1.0		off 0.5025263641684626 neg 0.4568485274909452 __DUMMY__ 0.04062510834059221	false	0.5
terrorisieren	off 1.0	off 1.0	off 0.7364038797242481 neg 0.24425553680462567 __DUMMY__ 0.019340583471126285	false	1.0
sinnlosigkeit	neg 1.0		off 0.5012848552568206 neg 0.45829207781168413 __DUMMY__ 0.04042306693149529	false	0.5
behindern	neg 1.0		off 0.5020897138646359 neg 0.45765609148729886 __DUMMY__ 0.04025419464806538	false	0.5
undemokratisch	neg 1.0		off 0.5040459033004683 neg 0.45588832086849224 __DUMMY__ 0.04006577583103942	false	0.5
wirtschaftskrise	neg 1.0		off 0.49787599310570807 neg 0.46197970528227356 __DUMMY__ 0.04014430161201841	false	0.5
neid	neg 1.0		off 0.5059803373051315 neg 0.45392765216054826 __DUMMY__ 0.040092010534320405	false	0.5
rutschen	neg 1.0		off 0.4962013804714779 neg 0.46281333148625065 __DUMMY__ 0.04098528804227154	false	0.5
rezession	neg 1.0		off 0.5060577792948824 neg 0.4546422803536586 __DUMMY__ 0.039299940351458916	false	0.5
fehlgeburt	neg 1.0		off 0.5047276279061966 neg 0.45487336609793894 __DUMMY__ 0.04039900599586439	false	0.5
charakterschwach	off 1.0		off 0.507387945938697 neg 0.45277473403291724 __DUMMY__ 0.03983732002838595	false	1.0
isolation	neg 1.0		off 0.5075941686458023 neg 0.4522467947325732 __DUMMY__ 0.040159036621624476	false	0.5
ablenkung	neg 1.0		off 0.5033907987464841 neg 0.45620892978773564 __DUMMY__ 0.04040027146578022	false	0.5
pech	neg 1.0		off 0.5062651978335386 neg 0.45375216289536535 __DUMMY__ 0.039982639271095965	false	0.5
vermeidung	neg 1.0		off 0.5073514157032893 neg 0.45286190502469786 __DUMMY__ 0.03978667927201276	false	0.5
dominieren	neg 1.0		off 0.5018614539445375 neg 0.45772157924766177 __DUMMY__ 0.04041696680780075	false	0.5
schwindlig	neg 1.0		off 0.5040478331353092 neg 0.45583990961925186 __DUMMY__ 0.04011225724543889	false	0.5
lutscher	neg 1.0	neg 1.0	neg 0.7075899512174788 off 0.2739370240300959 __DUMMY__ 0.018473024752425345	false	1.0
pflicht	neg 1.0		off 0.4989590110075678 neg 0.4602941772022668 __DUMMY__ 0.04074681179016551	false	0.5
faschist	off 1.0		off 0.5072109117282545 neg 0.45265063698920266 __DUMMY__ 0.04013845128254299	false	1.0
verschleudern	neg 1.0		off 0.4965764740804965 neg 0.46321718663801437 __DUMMY__ 0.040206339281489235	false	0.5
wenn			off 0.5070974913465521 neg 0.45290012716576794 __DUMMY__ 0.040002381487679886	false	0.0
ehebruch	neg 1.0		off 0.5009147024938131 neg 0.45857601465673853 __DUMMY__ 0.04050928284944843	false	0.5
spott	off 1.0		off 0.5015504289572401 neg 0.4578564273422877 __DUMMY__ 0.04059314370047214	false	1.0
trostlosigkeit	neg 1.0		off 0.495966295809888 neg 0.4635598423798694 __DUMMY__ 0.04047386181024252	false	0.5
lutschen	neg 1.0		off 0.5059783456665773 neg 0.4540580583041303 __DUMMY__ 0.039963596029292475	false	0.5
undiszipliniert	neg 1.0		off 0.5096058222213996 neg 0.45061260978285095 __DUMMY__ 0.03978156799574928	false	0.5
kopfschmerz	neg 1.0		off 0.4975161436559146 neg 0.46223684691318695 __DUMMY__ 0.04024700943089836	false	0.5
unvorhergesehen	neg 1.0		off 0.4998279100025213 neg 0.4593920151547292 __DUMMY__ 0.04078007484274961	false	0.5
desinteressiert	neg 1.0		off 0.5088846716580187 neg 0.45130904914013426 __DUMMY__ 0.03980627920184709	false	0.5
armselig	off 1.0		off 0.5115142669086835 neg 0.44874890982089716 __DUMMY__ 0.039736823270419316	false	1.0
desaster	neg 1.0		off 0.49698412070992687 neg 0.46237475056124444 __DUMMY__ 0.04064112872882881	false	0.5
tod	neg 1.0		off 0.5004874835698161 neg 0.45893219628301074 __DUMMY__ 0.040580320147173186	false	0.5
herzlos	neg 1.0		off 0.510805615021741 neg 0.4494511287299677 __DUMMY__ 0.03974325624829126	false	0.5
unwissenheit	neg 1.0		off 0.5008553423655031 neg 0.4587186594103979 __DUMMY__ 0.04042599822409899	false	0.5
widersinnig	neg 1.0		off 0.5000567984306398 neg 0.4597930409359928 __DUMMY__ 0.04015016063336741	false	0.5
bedenklich	neg 1.0		off 0.49942141856336814 neg 0.4601627362469133 __DUMMY__ 0.04041584518971859	false	0.5
beanstanden	neg 1.0		off 0.5002146287907412 neg 0.45901556007651295 __DUMMY__ 0.04076981113274578	false	0.5
panisch	neg 1.0		off 0.5056481126793728 neg 0.45406303200616266 __DUMMY__ 0.0402888553144645	false	0.5
debil	off 1.0		off 0.4932849537623543 neg 0.46571992744053314 __DUMMY__ 0.04099511879711254	false	1.0
abstrich	neg 1.0		off 0.5009399392359741 neg 0.4587678419475212 __DUMMY__ 0.0402922188165048	false	0.5
primitiv	neg 1.0		off 0.5094501429875936 neg 0.4507083404386068 __DUMMY__ 0.039841516573799536	false	0.5
abschaum	off 1.0	off 1.0	off 0.7409579907146088 neg 0.24001102370913077 __DUMMY__ 0.01903098557626042	false	1.0
provozieren	neg 1.0		off 0.503841048742939 neg 0.45590847810944607 __DUMMY__ 0.040250473147614936	false	0.5
tot	neg 1.0		off 0.49960202282511107 neg 0.4601248226721429 __DUMMY__ 0.040273154502746045	false	0.5
instabil	neg 1.0		off 0.5096287974832232 neg 0.4508578337728572 __DUMMY__ 0.039513368743919676	false	0.5
schwuchtel	off 1.0	off 1.0	off 0.7461320217920255 neg 0.23550814126477515 __DUMMY__ 0.018359836943199148	false	1.0
zerren	neg 1.0		off 0.5016741095854419 neg 0.4577621852033911 __DUMMY__ 0.04056370521116703	false	0.5
kinderficker	off 1.0		off 0.5134041206604074 neg 0.447023568819085 __DUMMY__ 0.03957231052050746	false	1.0
gefahr	neg 1.0		off 0.4998285567743293 neg 0.4594154224502317 __DUMMY__ 0.040756020775439	false	0.5
rabiat	neg 1.0		off 0.5021309968683861 neg 0.4575285971098526 __DUMMY__ 0.0403404060217614	false	0.5
verlangsamung	neg 1.0		off 0.5131440069562692 neg 0.44755411482890767 __DUMMY__ 0.039301878214823005	false	0.5
ausgestorben	neg 1.0		off 0.5023084740655361 neg 0.45727006443574536 __DUMMY__ 0.040421461498718614	false	0.5
anklagen	neg 1.0		off 0.5023858749631164 neg 0.4571557615114065 __DUMMY__ 0.040458363525477124	false	0.5
trott	neg 1.0		off 0.5030102829410604 neg 0.4566753909979997 __DUMMY__ 0.040314326060939945	false	0.5
verminderung	neg 1.0		off 0.5077902623479656 neg 0.45239397867088854 __DUMMY__ 0.039815758981145734	false	0.5
nach			off 0.49621045270793945 neg 0.46262789396567694 __DUMMY__ 0.04116165332638364	false	0.0
rost	neg 1.0		off 0.517645228546213 neg 0.44282230572638653 __DUMMY__ 0.03953246572740049	false	0.5
destruktiv	neg 1.0		off 0.502347565517554 neg 0.45738930546085504 __DUMMY__ 0.04026312902159087	false	0.5
unzumutbarkeit	neg 1.0		off 0.5076835319132926 neg 0.45248991978140274 __DUMMY__ 0.039826548305304695	false	0.5
labil	off 1.0	off 1.0	off 0.7396993216684248 neg 0.24133126533346327 __DUMMY__ 0.01896941299811206	false	1.0
ziemlich	neg 1.0		off 0.5084938109584451 neg 0.45150767495102323 __DUMMY__ 0.03999851409053163	false	0.5
lachnummer	off 1.0		off 0.504432022379865 neg 0.45519253479573424 __DUMMY__ 0.040375442824400844	false	1.0
oder			off 0.5042219528608191 neg 0.45541636023111126 __DUMMY__ 0.040361686908069676	false	0.0
verfall	neg 1.0		off 0.49406238667155006 neg 0.4652821441206623 __DUMMY__ 0.040655469207787745	false	0.5
ausgrenzung	neg 1.0		off 0.5036364114298182 neg 0.45632569801675155 __DUMMY__ 0.04003789055343038	false	0.5
unordnung	neg 1.0		off 0.5109658740979425 neg 0.449464287522816 __DUMMY__ 0.03956983837924153	false	0.5
fehlverhalten	neg 1.0		off 0.499750815113234 neg 0.4596756986815231 __DUMMY__ 0.040573486205242947	false	0.5
eine			off 0.49762691364935524 neg 0.46170284856555943 __DUMMY__ 0.040670237785085266	false	0.0
nille	neg 1.0		off 0.5034049199367697 neg 0.4562899190812453 __DUMMY__ 0.04030516098198509	false	0.5
qual	neg 1.0		off 0.5024226420868486 neg 0.45727041152568587 __DUMMY__ 0.040306946387465535	false	0.5
verschwenden	neg 1.0		off 0.49786458801511924 neg 0.4617036679882983 __DUMMY__ 0.040431743996582385	false	0.5
riesig	neg 1.0		off 0.5004013785769525 neg 0.459012341114278 __DUMMY__ 0.04058628030876956	false	0.5
verurteilen	neg 1.0		off 0.5018569596245342 neg 0.4576892544486537 __DUMMY__ 0.0404537859268121	false	0.5
klischee	neg 1.0	neg 1.0	neg 0.7120552189165146 off 0.268965693416903 __DUMMY__ 0.018979087666582517	false	1.0
diktatorisch	neg 1.0		off 0.5039869217514223 neg 0.4559679749107656 __DUMMY__ 0.04004510333781215	false	0.5
vorhersehbar	neg 1.0		off 0.5045831439564283 neg 0.45541345333112443 __DUMMY__ 0.04000340271244714	false	0.5
sowie			off 0.5109096464111406 neg 0.44966182080569356 __DUMMY__ 0.03942853278316575	false	0.0
stornieren	neg 1.0		off 0.5092611810462585 neg 0.4502606223647386 __DUMMY__ 0.040478196589002854	false	0.5
besteuerung	neg 1.0	neg 1.0	neg 0.7152113229666518 off 0.26587609047214567 __DUMMY__ 0.01891258656120267	false	1.0
ungeschminkt	neg 1.0		off 0.5086810220639427 neg 0.45156880727174165 __DUMMY__ 0.03975017066431564	false	0.5
kritisch	neg 1.0		off 0.5010674150581123 neg 0.458478124854038 __DUMMY__ 0.040454460087849774	false	0.5
schlamperei	off 1.0		off 0.4999407925378489 neg 0.4595347390493248 __DUMMY__ 0.04052446841282626	false	1.0
sucht	neg 1.0	neg 1.0	neg 0.7122287875411157 off 0.2686235619223491 __DUMMY__ 0.019147650536535235	false	1.0
egoistisch	off 1.0	off 1.0	off 0.7431421277702871 neg 0.2380613598641772 __DUMMY__ 0.018796512365535648	false	1.0
ausbeuter	off 1.0		off 0.49782829933060674 neg 0.46174950963924755 __DUMMY__ 0.04042219103014576	false	1.0
arschgeburt	off 1.0		off 0.5183353102117741 neg 0.44290168984436623 __DUMMY__ 0.03876299994385962	false	1.0
schubs	neg 1.0		off 0.49857156401740044 neg 0.4611229439663367 __DUMMY__ 0.040305492016262996	false	0.5
unsolide	neg 1.0		off 0.5057932778368129 neg 0.45406822031859395 __DUMMY__ 0.04013850184459317	false	0.5
beschwerde	neg 1.0		off 0.5019626817883085 neg 0.45755279124233084 __DUMMY__ 0.0404845269693607	false	0.5
stocken	neg 1.0		off 0.5000300038664584 neg 0.45950760875822166 __DUMMY__ 0.04046238737532001	false	0.5
isolieren	neg 1.0		off 0.49988340550494137 neg 0.45981856741849597 __DUMMY__ 0.04029802707656256	false	0.5
unheilbar	neg 1.0		off 0.5035648902760921 neg 0.45609365772095317 __DUMMY__ 0.040341452002954706	false	0.5
pisser	off 1.0	off 1.0	off 0.7415079179958803 neg 0.23964969523152832 __DUMMY__ 0.018842386772591396	false	1.0
löschen	neg 1.0		off 0.5031361491419053 neg 0.4566274468586596 __DUMMY__ 0.04023640399943503	false	0.5
durchfallen	neg 1.0		off 0.5012609660654364 neg 0.45824288372918814 __DUMMY__ 0.0404961502053754	false	0.5
wichser	off 1.0	off 1.0	off 0.7447363311022731 neg 0.2367169460631478 __DUMMY__ 0.018546722834579202	false	1.0
terror	neg 1.0		off 0.5058119460296397 neg 0.45409895010403906 __DUMMY__ 0.040089103866321286	false	0.5
krass	neg 1.0		off 0.5116779035245584 neg 0.44874945750337236 __DUMMY__ 0.0395726389720691	false	0.5
revolte	neg 1.0		off 0.504307628048664 neg 0.4558273938539795 __DUMMY__ 0.03986497809735656	false	0.5
besorgt	neg 1.0		off 0.5030204545726749 neg 0.4563714441837788 __DUMMY__ 0.040608101243546524	false	0.5
nachlassen	neg 1.0		off 0.5010168578088366 neg 0.4584269540384067 __DUMMY__ 0.04055618815275668	false	0.5
alt	neg 1.0		off 0.49649113121400656 neg 0.4633592629682952 __DUMMY__ 0.04014960581769827	false	0.5
hundesohn	off 1.0	off 1.0	off 0.743729198825421 neg 0.2377359244463374 __DUMMY__ 0.018534876728241598	false	1.0
als			off 0.5007983990015715 neg 0.4588080521736115 __DUMMY__ 0.040393548824816966	false	0.0
abschreckung	neg 1.0		off 0.49877661030312515 neg 0.46062804789206985 __DUMMY__ 0.0405953418048051	false	0.5
unqualifiziert	neg 1.0		off 0.5073519436507635 neg 0.45258333429942776 __DUMMY__ 0.04006472204980864	false	0.5
abgewichst	off 1.0		off 0.5030906256495087 neg 0.4565423352298756 __DUMMY__ 0.04036703912061567	false	1.0
schwer	neg 1.0		off 0.5027072125624817 neg 0.4569231858608746 __DUMMY__ 0.040369601576643634	false	0.5
bedeutungslosigkeit	neg 1.0		off 0.4991374712690836 neg 0.46030294674522176 __DUMMY__ 0.040559581985694745	false	0.5
kapitulation	neg 1.0		off 0.49924281175897006 neg 0.4604406978450469 __DUMMY__ 0.04031649039598305	false	0.5
unscharf	neg 1.0		off 0.5013377882212698 neg 0.45885559894513644 __DUMMY__ 0.03980661283359367	false	0.5
schwinden	neg 1.0		off 0.4971376498926101 neg 0.4624995398443011 __DUMMY__ 0.04036281026308878	false	0.5
versklavung	neg 1.0	neg 1.0	neg 0.7135125796626911 off 0.26747645886468174 __DUMMY__ 0.019010961472627114	false	1.0
schlecht	neg 1.0		off 0.5091723351183203 neg 0.4507830741237679 __DUMMY__ 0.04004459075791177	false	0.5
verhasst	neg 1.0		off 0.504366825088405 neg 0.4554347414451958 __DUMMY__ 0.0401984334663992	false	0.5
beschweren	neg 1.0		off 0.5057888992677817 neg 0.4539140648859047 __DUMMY__ 0.04029703584631358	false	0.5
scheiden	neg 1.0		off 0.502868572832459 neg 0.4568574137660028 __DUMMY__ 0.04027401340153826	false	0.5
frustriert	neg 1.0		off 0.5021688965199971 neg 0.4573945002395797 __DUMMY__ 0.04043660324042331	false	0.5
schimmelig	neg 1.0		off 0.4978327047294039 neg 0.4619556248055838 __DUMMY__ 0.040211670465012374	false	0.5
fisch	neg 1.0		off 0.49405892669031887 neg 0.46563509466576875 __DUMMY__ 0.04030597864391239	false	0.5
schmuggel	neg 1.0		off 0.4998428109651392 neg 0.459313463620864 __DUMMY__ 0.040843725413996806	false	0.5
auffallen	neg 1.0		off 0.5054360689531555 neg 0.4543687587769918 __DUMMY__ 0.04019517226985278	false	0.5
konkurrenz	neg 1.0		off 0.5000822349637777 neg 0.4592007018694058 __DUMMY__ 0.040717063166816655	false	0.5
teufelskreis	neg 1.0	neg 1.0	neg 0.7147141649809649 off 0.2661981338321457 __DUMMY__ 0.019087701186889558	false	1.0
aufschreien	neg 1.0		off 0.5050186619081057 neg 0.45491771961381405 __DUMMY__ 0.04006361847808013	false	0.5
schuldner	neg 1.0		off 0.49599091724912436 neg 0.4637331288387401 __DUMMY__ 0.04027595391213542	false	0.5
missgeburt	off 1.0	off 1.0	off 0.7439870356484388 neg 0.23733085750933136 __DUMMY__ 0.018682106842229804	false	1.0
arbeitslos	neg 1.0		off 0.5007589452920871 neg 0.4587744531132871 __DUMMY__ 0.04046660159462579	false	0.5
befallen	neg 1.0		off 0.49914732966520986 neg 0.46077640940414666 __DUMMY__ 0.04007626093064341	false	0.5
miesepetrig	off 1.0	off 1.0	off 0.7398940506027687 neg 0.24112562435178944 __DUMMY__ 0.018980325045441823	false	1.0
alarmieren	neg 1.0		off 0.50804301265858 neg 0.45188919597090504 __DUMMY__ 0.04006779137051497	false	0.5
ungeduscht	off 1.0		off 0.5057722104755645 neg 0.45432829804449276 __DUMMY__ 0.03989949147994274	false	1.0
knappheit	neg 1.0		off 0.49819761947861735 neg 0.46164106376174235 __DUMMY__ 0.0401613167596402	false	0.5
schlange	neg 1.0		off 0.5040026448803295 neg 0.4556440447948238 __DUMMY__ 0.04035331032484676	false	0.5
harsch	neg 1.0		off 0.5126825647890807 neg 0.4475505956977325 __DUMMY__ 0.03976683951318672	false	0.5
lang	neg 1.0		off 0.5041029961402407 neg 0.45567843447944534 __DUMMY__ 0.04021856938031387	false	0.5
ziellos	neg 1.0		off 0.5000078829666893 neg 0.45936982552196776 __DUMMY__ 0.04062229151134292	false	0.5
selbstverliebt	neg 1.0		off 0.5180542723836793 neg 0.4427951392828215 __DUMMY__ 0.039150588333499194	false	0.5
beseitigen	neg 1.0		off 0.5042763521811279 neg 0.45528269382341696 __DUMMY__ 0.04044095399545501	false	0.5
dumm	off 1.0		off 0.5134923693300529 neg 0.44705405301362044 __DUMMY__ 0.03945357765632646	false	1.0
arbeitsloser	neg 1.0		off 0.5048572404332531 neg 0.45431141854316903 __DUMMY__ 0.040831341023577765	false	0.5
blitzen	neg 1.0		off 0.5058979283047407 neg 0.45411152178840825 __DUMMY__ 0.03999054990685114	false	0.5
hilflos	neg 1.0		off 0.500760243288096 neg 0.45879258650814525 __DUMMY__ 0.040447170203758924	false	0.5
eklig	off 1.0		off 0.5124837412847741 neg 0.44822874609374214 __DUMMY__ 0.03928751262148367	false	1.0
begriff			off 0.5029133786293052 neg 0.4567280275397998 __DUMMY__ 0.040358593830895156	false	0.0
hungersnot	neg 1.0		off 0.49955594469527936 neg 0.4601682214855363 __DUMMY__ 0.04027583381918431	false	0.5
ungesetzlich	neg 1.0		off 0.5043857662978729 neg 0.45553045786650287 __DUMMY__ 0.04008377583562434	false	0.5
verschwendung	neg 1.0		off 0.49871767072256507 neg 0.46075810193020167 __DUMMY__ 0.0405242273472334	false	0.5
schmerzvoll	neg 1.0		off 0.5034711861263687 neg 0.4563928753352442 __DUMMY__ 0.040135938538387074	false	0.5
vorzeitig	neg 1.0		off 0.5085473066258618 neg 0.45138905898824816 __DUMMY__ 0.04006363438589007	false	0.5
unvollkommenheit	neg 1.0		off 0.5010895913918875 neg 0.458571232615397 __DUMMY__ 0.040339175992715554	false	0.5
intervenieren	neg 1.0		off 0.4976698766069538 neg 0.46200696557131166 __DUMMY__ 0.040323157821734595	false	0.5
banause	off 1.0		off 0.5118852648827417 neg 0.4491103372829605 __DUMMY__ 0.039004397834297766	false	1.0
rebell	neg 1.0		off 0.49277086850909974 neg 0.46676542444173275 __DUMMY__ 0.040463707049167436	false	0.5
unlogisch	neg 1.0		off 0.5095844158803916 neg 0.450708837208073 __DUMMY__ 0.03970674691153541	false	0.5
leiden	neg 1.0		off 0.5006935064930302 neg 0.4584426112851599 __DUMMY__ 0.04086388222180984	false	0.5
abschaffung	neg 1.0		off 0.5020432694544458 neg 0.4579180876819567 __DUMMY__ 0.04003864286359748	false	0.5
sturz	neg 1.0		off 0.5076111059118644 neg 0.4519578247462857 __DUMMY__ 0.04043106934184994	false	0.5
verkleinerung	neg 1.0		off 0.5032989289465541 neg 0.457001289821312 __DUMMY__ 0.03969978123213374	false	0.5
schmarotzer	off 1.0		off 0.5016736969435772 neg 0.4579118344665689 __DUMMY__ 0.040414468589854	false	1.0
bestrafung	neg 1.0	neg 1.0	neg 0.712664734069345 off 0.2681648615744897 __DUMMY__ 0.019170404356165276	false	1.0
achtlos	neg 1.0		off 0.5027781388989061 neg 0.4567350073048266 __DUMMY__ 0.04048685379626731	false	0.5
ungeheuer	neg 1.0		off 0.5015176151251494 neg 0.4583866253354126 __DUMMY__ 0.040095759539438086	false	0.5
unaufrichtig	neg 1.0		off 0.5072778533839976 neg 0.45265887815696715 __DUMMY__ 0.04006326845903538	false	0.5
groggy	neg 1.0		off 0.5066116926003956 neg 0.4532203604720495 __DUMMY__ 0.040167946927554925	false	0.5
