unsolidarisch	neg 1.0		off 0.4888591759722166 neg 0.4455254118110025 __DUMMY__ 0.06561541221678083	false	0.5
nachteilig	neg 1.0		off 0.4869911985419468 neg 0.4466003848222431 __DUMMY__ 0.06640841663581001	false	0.5
skeptisch	neg 1.0		off 0.4853475646487937 neg 0.44821949070334677 __DUMMY__ 0.06643294464785966	false	0.5
schrecklich	neg 1.0		off 0.49752540510634785 neg 0.43745279946954535 __DUMMY__ 0.06502179542410666	false	0.5
schlapp	neg 1.0	neg 1.0	neg 0.705191791107823 off 0.263727182718631 __DUMMY__ 0.03108102617354588	false	1.0
abfall	neg 1.0		off 0.4839102115599531 neg 0.4491423600413814 __DUMMY__ 0.06694742839866547	false	0.5
widerspenstig	neg 1.0		off 0.48793178087491546 neg 0.4462386380576916 __DUMMY__ 0.06582958106739283	false	0.5
abrupt	neg 1.0		off 0.4834077537232188 neg 0.45038113804696367 __DUMMY__ 0.06621110822981759	false	0.5
unwirksam	neg 1.0		off 0.4855473698713251 neg 0.44928995329474 __DUMMY__ 0.06516267683393487	false	0.5
angreifen	neg 1.0		off 0.4852130949698956 neg 0.4482366048937693 __DUMMY__ 0.06655030013633509	false	0.5
inkonsistent	neg 1.0		off 0.49011738352012196 neg 0.44450380337192125 __DUMMY__ 0.06537881310795696	false	0.5
abrutschen	neg 1.0		off 0.48299932539107093 neg 0.45012319031158177 __DUMMY__ 0.06687748429734741	false	0.5
unsicher	neg 1.0		off 0.4900923025551334 neg 0.44380772109605005 __DUMMY__ 0.06609997634881655	false	0.5
bauernkind	off 1.0	off 1.0	off 0.7341787929208284 neg 0.2354241068100043 __DUMMY__ 0.03039710026916736	false	1.0
angreifer	neg 1.0		off 0.4956700559885516 neg 0.4383001384311106 __DUMMY__ 0.06602980558033787	false	0.5
trennen	neg 1.0		off 0.4854991387851764 neg 0.4478490365879082 __DUMMY__ 0.06665182462691542	false	0.5
schmutz	neg 1.0		off 0.4958369967392765 neg 0.4379205176348035 __DUMMY__ 0.06624248562592001	false	0.5
inkonsistenz	neg 1.0		off 0.49399536976015007 neg 0.44053987157789054 __DUMMY__ 0.06546475866195925	false	0.5
erschreckend	neg 1.0		off 0.488818934638651 neg 0.4451409338509076 __DUMMY__ 0.06604013151044151	false	0.5
ertrinken	neg 1.0		off 0.48351532852744317 neg 0.4500994200245348 __DUMMY__ 0.06638525144802211	false	0.5
pickelface	off 1.0		off 0.48963729145585716 neg 0.44451430795743696 __DUMMY__ 0.06584840058670592	false	1.0
seiner			off 0.4861725059430457 neg 0.4472142650025718 __DUMMY__ 0.06661322905438263	false	0.0
lauch	neg 1.0	neg 1.0	neg 0.7107979738642302 off 0.2574602161797638 __DUMMY__ 0.031741809956006034	false	1.0
unwichtig	neg 1.0		off 0.493920292294448 neg 0.44061293813996816 __DUMMY__ 0.06546676956558377	false	0.5
steuerhinterziehung	neg 1.0		off 0.48809704021230454 neg 0.4460238960915693 __DUMMY__ 0.06587906369612619	false	0.5
schock	neg 1.0		off 0.48825404199370015 neg 0.44557461847522895 __DUMMY__ 0.06617133953107082	false	0.5
beule	neg 1.0		off 0.49481009375464874 neg 0.4401609049913291 __DUMMY__ 0.06502900125402217	false	0.5
vergelten	neg 1.0		off 0.4987220076389857 neg 0.43629475497266 __DUMMY__ 0.0649832373883544	false	0.5
verdorbenheit	neg 1.0		off 0.4906168528217468 neg 0.4435409586243932 __DUMMY__ 0.0658421885538601	false	0.5
trauma	neg 1.0		off 0.4901313070488248 neg 0.4441552587617441 __DUMMY__ 0.06571343418943111	false	0.5
sinnlos	neg 1.0		off 0.49133519782190466 neg 0.4428888735665965 __DUMMY__ 0.06577592861149877	false	0.5
fettsack	off 1.0	off 1.0	off 0.7354531096714968 neg 0.234108693769701 __DUMMY__ 0.030438196558802158	false	1.0
feige	off 1.0	off 1.0	off 0.7338885008590946 neg 0.2350986861818537 __DUMMY__ 0.031012812959051644	false	1.0
abdanken	neg 1.0		off 0.49057520917350017 neg 0.44321648495910687 __DUMMY__ 0.06620830586739289	false	0.5
wichtigtuer	off 1.0	off 1.0	off 0.733035187035282 neg 0.23566407672823525 __DUMMY__ 0.03130073623648273	false	1.0
misslingen	neg 1.0		off 0.4927092485868286 neg 0.441174482193859 __DUMMY__ 0.06611626921931231	false	0.5
untreu	off 1.0		off 0.49487977885928003 neg 0.4397976264982374 __DUMMY__ 0.06532259464248247	false	1.0
missmutig	neg 1.0		off 0.49235866307062987 neg 0.4421230821991115 __DUMMY__ 0.06551825473025867	false	0.5
hurenbock	off 1.0		off 0.4854599637237615 neg 0.4493328073473239 __DUMMY__ 0.06520722892891452	false	1.0
betrunken	neg 1.0		off 0.49630904638196277 neg 0.4386062433770757 __DUMMY__ 0.06508471024096145	false	0.5
korrupt	off 1.0		off 0.4871664258380657 neg 0.4469866544399101 __DUMMY__ 0.06584691972202435	false	1.0
unmut	neg 1.0		off 0.48402820725950924 neg 0.44931986863271717 __DUMMY__ 0.06665192410777353	false	0.5
hackfresse	off 1.0		off 0.5012007067818873 neg 0.43429804258752464 __DUMMY__ 0.06450125063058795	false	1.0
aufblasen	neg 1.0		off 0.48970288500941717 neg 0.44439258865468967 __DUMMY__ 0.06590452633589314	false	0.5
gewaltsam	neg 1.0		off 0.49075660579929975 neg 0.4430199062368623 __DUMMY__ 0.06622348796383783	false	0.5
unbeliebtheit	neg 1.0		off 0.49509615056551404 neg 0.43957434445347365 __DUMMY__ 0.06532950498101228	false	0.5
sturheit	neg 1.0		off 0.4900836415970128 neg 0.4436594133188346 __DUMMY__ 0.06625694508415247	false	0.5
kuh	neg 1.0		off 0.48518400360707004 neg 0.45033654487825514 __DUMMY__ 0.06447945151467473	false	0.5
erschrecken	neg 1.0		off 0.49311527651600934 neg 0.44132284034900693 __DUMMY__ 0.06556188313498372	false	0.5
opfer	neg 1.0		off 0.4891400790287304 neg 0.4441588070489195 __DUMMY__ 0.06670111392235006	false	0.5
sinken	neg 1.0		off 0.48272974507874816 neg 0.4509554546418572 __DUMMY__ 0.06631480027939464	false	0.5
stinktier	neg 1.0		off 0.49486520741076373 neg 0.44110055591573405 __DUMMY__ 0.06403423667350208	false	0.5
tucke	off 1.0		off 0.4993621022263368 neg 0.4369438816934891 __DUMMY__ 0.06369401608017408	false	1.0
ein			off 0.4867035724059537 neg 0.4475825497622702 __DUMMY__ 0.06571387783177594	false	0.0
abstieg	neg 1.0		off 0.4906853169514247 neg 0.4426598949900607 __DUMMY__ 0.06665478805851462	false	0.5
missverstehen	neg 1.0		off 0.492265246163204 neg 0.44203476934641195 __DUMMY__ 0.06569998449038404	false	0.5
ergebnislos	neg 1.0		off 0.48817174854637274 neg 0.4452087440123295 __DUMMY__ 0.0666195074412978	false	0.5
unter			off 0.4808543963575701 neg 0.45168524704225316 __DUMMY__ 0.06746035660017688	false	0.0
manipulieren	neg 1.0		off 0.4864257840341692 neg 0.4470589075179818 __DUMMY__ 0.06651530844784903	false	0.5
unbewiesen	neg 1.0	neg 1.0	neg 0.7067953374343665 off 0.2618650978692571 __DUMMY__ 0.0313395646963765	false	1.0
verschleppen	neg 1.0		off 0.4872000420691157 neg 0.446582327201769 __DUMMY__ 0.06621763072911516	false	0.5
weib	off 1.0		off 0.5011589205272375 neg 0.4348623176171672 __DUMMY__ 0.0639787618555952	false	1.0
opposition	neg 1.0		off 0.48984009379572174 neg 0.4445815342383272 __DUMMY__ 0.06557837196595112	false	0.5
verkehrswidrig	neg 1.0		off 0.5004908481809472 neg 0.43439332596664837 __DUMMY__ 0.06511582585240439	false	0.5
inkorrekt	neg 1.0		off 0.49701339109420745 neg 0.43800699159587136 __DUMMY__ 0.0649796173099211	false	0.5
vermeiden	neg 1.0		off 0.4826019655957216 neg 0.4504685200601666 __DUMMY__ 0.06692951434411182	false	0.5
abweichung	neg 1.0	neg 1.0	neg 0.70735963585971 off 0.2609909439597713 __DUMMY__ 0.03164942018051879	false	1.0
alkoholisiert	neg 1.0		off 0.4888098917836625 neg 0.44420216848830246 __DUMMY__ 0.06698793972803513	false	0.5
scheiss	off 1.0	off 1.0	off 0.7340694654810475 neg 0.23508757598616412 __DUMMY__ 0.030842958532788452	false	1.0
herausforderung	neg 1.0		off 0.4873959211946049 neg 0.4463766019699318 __DUMMY__ 0.06622747683546346	false	0.5
pervers	off 1.0		off 0.5041363107351795 neg 0.43197719189371175 __DUMMY__ 0.06388649737110859	false	1.0
wackelig	neg 1.0		off 0.4879837511535673 neg 0.445675610142939 __DUMMY__ 0.0663406387034938	false	0.5
verwickeln	neg 1.0		off 0.4916904047672495 neg 0.4424868544321183 __DUMMY__ 0.06582274080063225	false	0.5
vorwand	neg 1.0		off 0.48465930348826075 neg 0.44878639620962935 __DUMMY__ 0.06655430030210979	false	0.5
muschi	off 1.0		off 0.4895895590703086 neg 0.44431600052440395 __DUMMY__ 0.0660944404052875	false	1.0
entmutigung	neg 1.0		off 0.48927909996033053 neg 0.44542644989945995 __DUMMY__ 0.06529445014020956	false	0.5
unangemessen	neg 1.0		off 0.48916128144943516 neg 0.44465670340001706 __DUMMY__ 0.06618201515054781	false	0.5
unstetig	neg 1.0		off 0.4924008528405924 neg 0.44218297213259 __DUMMY__ 0.06541617502681757	false	0.5
entmutigen	neg 1.0		off 0.49046155387901746 neg 0.4436619396009449 __DUMMY__ 0.06587650652003745	false	0.5
schwanz	neg 1.0		off 0.486764945332842 neg 0.44710087982544583 __DUMMY__ 0.06613417484171225	false	0.5
verbot	neg 1.0		off 0.4873228456343155 neg 0.4467196156498809 __DUMMY__ 0.06595753871580357	false	0.5
leid	neg 1.0		off 0.49861593940893073 neg 0.4365953919301599 __DUMMY__ 0.06478866866090936	false	0.5
archaisch	neg 1.0		off 0.4873706620186034 neg 0.4466561712547443 __DUMMY__ 0.06597316672665227	false	0.5
gegen			off 0.48608380220653746 neg 0.44705086845566855 __DUMMY__ 0.06686532933779393	false	0.0
scheidung	neg 1.0		off 0.5105810290273084 neg 0.4252916405973886 __DUMMY__ 0.06412733037530317	false	0.5
einschlag	neg 1.0		off 0.5003162500984933 neg 0.43430371945892043 __DUMMY__ 0.06538003044258633	false	0.5
m			off 0.4879381343776615 neg 0.4458412568538683 __DUMMY__ 0.06622060876847026	false	0.0
abgestanden	neg 1.0		off 0.4840747933340449 neg 0.4508861623937032 __DUMMY__ 0.06503904427225178	false	0.5
schmierig	off 1.0		off 0.49795950332233635 neg 0.4372702762618324 __DUMMY__ 0.06477022041583118	false	1.0
unpraktisch	neg 1.0		off 0.49125434023348347 neg 0.442857164608566 __DUMMY__ 0.0658884951579504	false	0.5
wixxer	off 1.0		off 0.502980335893901 neg 0.43339951952111994 __DUMMY__ 0.06362014458497917	false	1.0
bezeichnet			off 0.4907201449783725 neg 0.44320431183136116 __DUMMY__ 0.06607554319026646	false	0.0
jammerlappen	off 1.0		off 0.49416733442309874 neg 0.44038762198052556 __DUMMY__ 0.06544504359637558	false	1.0
farce	neg 1.0		off 0.4881190299983739 neg 0.446182604820246 __DUMMY__ 0.06569836518138024	false	0.5
zwecklos	neg 1.0		off 0.4874259216943427 neg 0.44643056024014466 __DUMMY__ 0.06614351806551261	false	0.5
turbulent	neg 1.0		off 0.4947693014046263 neg 0.4402389391344266 __DUMMY__ 0.06499175946094697	false	0.5
invasion	neg 1.0		off 0.49161821796810995 neg 0.44273729107436544 __DUMMY__ 0.06564449095752461	false	0.5
schuld	neg 1.0		off 0.49098619154451123 neg 0.4431230052612878 __DUMMY__ 0.06589080319420096	false	0.5
risiko	neg 1.0		off 0.4888980880729576 neg 0.4457633564444997 __DUMMY__ 0.06533855548254265	false	0.5
finster	neg 1.0		off 0.48706330161422756 neg 0.44731558849077074 __DUMMY__ 0.06562110989500163	false	0.5
geisteskrank	off 1.0		off 0.49628612450637344 neg 0.4385477189271336 __DUMMY__ 0.06516615656649286	false	1.0
zusammenbrechen	neg 1.0		off 0.48728964589300483 neg 0.44662601715444894 __DUMMY__ 0.06608433695254622	false	0.5
ausbeute	neg 1.0		off 0.4910922543649054 neg 0.4424506144743514 __DUMMY__ 0.06645713116074307	false	0.5
hinterhalt	neg 1.0		off 0.4875055475903574 neg 0.44654056473925374 __DUMMY__ 0.06595388767038872	false	0.5
kritik	neg 1.0		off 0.48793858745309254 neg 0.44632597942016844 __DUMMY__ 0.06573543312673899	false	0.5
einschrumpfen	neg 1.0		off 0.4923235543486251 neg 0.44258456514786965 __DUMMY__ 0.06509188050350523	false	0.5
riskant	neg 1.0		off 0.48489730201585773 neg 0.44878875816187286 __DUMMY__ 0.06631393982226928	false	0.5
frustrieren	neg 1.0		off 0.48550944867498436 neg 0.4482990267841069 __DUMMY__ 0.06619152454090868	false	0.5
groll	neg 1.0		off 0.489039916514886 neg 0.44461853052124584 __DUMMY__ 0.06634155296386815	false	0.5
gibt			off 0.48747325249576456 neg 0.44630677965057863 __DUMMY__ 0.06621996785365683	false	0.0
qualvoll	neg 1.0		off 0.49143536511612773 neg 0.4428258637298269 __DUMMY__ 0.06573877115404522	false	0.5
wackeln	neg 1.0		off 0.48944028611387214 neg 0.44455518874608 __DUMMY__ 0.0660045251400478	false	0.5
klagen	neg 1.0		off 0.48422278922577355 neg 0.4493460816205149 __DUMMY__ 0.06643112915371155	false	0.5
bankrott	neg 1.0		off 0.4942589922122758 neg 0.4401569488707989 __DUMMY__ 0.06558405891692524	false	0.5
trauern	neg 1.0		off 0.489253639380102 neg 0.443787449598653 __DUMMY__ 0.06695891102124502	false	0.5
ablehnung	neg 1.0		off 0.4873024669463397 neg 0.44690699700543735 __DUMMY__ 0.06579053604822291	false	0.5
stur	neg 1.0		off 0.4904911157961335 neg 0.443700256366982 __DUMMY__ 0.06580862783688435	false	0.5
aufruhr	neg 1.0	neg 1.0	neg 0.7067633970603048 off 0.2617829022093279 __DUMMY__ 0.03145370073036728	false	1.0
melancholie	neg 1.0		off 0.4833056426924295 neg 0.4505863034861197 __DUMMY__ 0.06610805382145067	false	0.5
ist			off 0.49092266253115724 neg 0.44330527656141644 __DUMMY__ 0.06577206090742614	false	0.0
torheit	neg 1.0		off 0.4905856624778444 neg 0.4436132536972176 __DUMMY__ 0.06580108382493798	false	0.5
dreckskind	off 1.0		off 0.501072714443373 neg 0.4347191420095675 __DUMMY__ 0.06420814354705941	false	1.0
umtauschen	neg 1.0		off 0.4888026337538718 neg 0.4452193541387823 __DUMMY__ 0.06597801210734601	false	0.5
zum			off 0.48639337754534034 neg 0.44611013224986373 __DUMMY__ 0.06749649020479587	false	0.0
zersetzen	neg 1.0		off 0.48434698914418506 neg 0.4494024102700557 __DUMMY__ 0.06625060058575921	false	0.5
zur			off 0.4831013288206317 neg 0.44992093802481903 __DUMMY__ 0.06697773315454929	false	0.0
frust	neg 1.0		off 0.48755400484133904 neg 0.4462627202139844 __DUMMY__ 0.06618327494467657	false	0.5
unerbittlichkeit	neg 1.0		off 0.48673093013615426 neg 0.44683472876606395 __DUMMY__ 0.0664343410977818	false	0.5
zwei			off 0.4832138935412856 neg 0.4496884318136463 __DUMMY__ 0.06709767464506808	false	0.0
unkorrekt	neg 1.0		off 0.4960941431705087 neg 0.4388009286466886 __DUMMY__ 0.0651049281828026	false	0.5
hexe	off 1.0		off 0.49069072501379546 neg 0.4443602780097634 __DUMMY__ 0.06494899697644119	false	1.0
lasch	neg 1.0		off 0.49392225057372036 neg 0.4404721063325195 __DUMMY__ 0.06560564309375998	false	0.5
rivale	neg 1.0		off 0.49751548676726876 neg 0.43748003795908247 __DUMMY__ 0.06500447527364869	false	0.5
mutlos	off 1.0	off 1.0	off 0.7299274252848906 neg 0.23854663507544305 __DUMMY__ 0.03152593963966622	false	1.0
wirr	off 1.0		off 0.4971156514024203 neg 0.4380840048327351 __DUMMY__ 0.06480034376484459	false	1.0
jahr			off 0.48955940237711065 neg 0.4433742462191641 __DUMMY__ 0.0670663514037252	false	0.0
wird			off 0.4873943125001851 neg 0.4462717220118615 __DUMMY__ 0.0663339654879533	false	0.0
strafbar	neg 1.0		off 0.48696485874589884 neg 0.44654902785165884 __DUMMY__ 0.06648611340244226	false	0.5
erosion	neg 1.0		off 0.49013280019125144 neg 0.44387275231644796 __DUMMY__ 0.06599444749230059	false	0.5
eingehen	neg 1.0		off 0.4853224890103786 neg 0.4484737304944256 __DUMMY__ 0.0662037804951959	false	0.5
faul	off 1.0		off 0.4935483347577449 neg 0.44092339034275746 __DUMMY__ 0.06552827489949761	false	1.0
provisorium	neg 1.0		off 0.4816044795935527 neg 0.4508428945077173 __DUMMY__ 0.06755262589872994	false	0.5
schmerzen	neg 1.0		off 0.4875708446532385 neg 0.44650942915663167 __DUMMY__ 0.06591972619012984	false	0.5
schrumpfen	neg 1.0		off 0.48018579140435635 neg 0.4533164999586179 __DUMMY__ 0.06649770863702582	false	0.5
geistlos	off 1.0		off 0.4907969630390779 neg 0.44379926379658935 __DUMMY__ 0.06540377316433274	false	1.0
fehlkauf	neg 1.0		off 0.49107902188804525 neg 0.4433726975622761 __DUMMY__ 0.06554828054967865	false	0.5
frustrierend	neg 1.0		off 0.49250102558484204 neg 0.44200841618171205 __DUMMY__ 0.06549055823344598	false	0.5
unzufrieden	neg 1.0		off 0.4875938969515839 neg 0.44618389105530887 __DUMMY__ 0.06622221199310743	false	0.5
verzweifeln	neg 1.0		off 0.4888612634093097 neg 0.4450244491983459 __DUMMY__ 0.06611428739234447	false	0.5
verzweifelt	neg 1.0		off 0.4904267119223531 neg 0.4437824017751014 __DUMMY__ 0.06579088630254541	false	0.5
misstrauensantrag	neg 1.0		off 0.4909074404852861 neg 0.44344945742388925 __DUMMY__ 0.06564310209082475	false	0.5
abfallen	neg 1.0		off 0.48898578283146477 neg 0.44518047008781764 __DUMMY__ 0.06583374708071754	false	0.5
fucker	off 1.0		off 0.49746355553119675 neg 0.43736967675378097 __DUMMY__ 0.06516676771502235	false	1.0
ungezogen	neg 1.0		off 0.5028168898209094 neg 0.43295859057869107 __DUMMY__ 0.0642245196003995	false	0.5
irrsinnig	neg 1.0	neg 1.0	neg 0.7072744299904332 off 0.2614324858660191 __DUMMY__ 0.03129308414354764	false	1.0
unfassbar	neg 1.0		off 0.4953131162051295 neg 0.43928324279441383 __DUMMY__ 0.06540364100045674	false	0.5
hart	neg 1.0		off 0.4906468464270214 neg 0.44477073569050574 __DUMMY__ 0.06458241788247288	false	0.5
widerlich	off 1.0		off 0.49515861008895595 neg 0.4396056450726307 __DUMMY__ 0.06523574483841324	false	1.0
fatal	neg 1.0	neg 1.0	neg 0.707784363842905 off 0.2611963052089423 __DUMMY__ 0.03101933094815265	false	1.0
bruch	neg 1.0		off 0.48462352037316636 neg 0.44856528917966965 __DUMMY__ 0.06681119044716395	false	0.5
aushungern	neg 1.0		off 0.4875958833963122 neg 0.4464497071207721 __DUMMY__ 0.06595440948291571	false	0.5
anspannung	neg 1.0		off 0.48394169325529535 neg 0.4488674192353138 __DUMMY__ 0.06719088750939098	false	0.5
von			off 0.48513291601305925 neg 0.4483102463990673 __DUMMY__ 0.06655683758787345	false	0.0
kraftlos	neg 1.0		off 0.4869183419802821 neg 0.4468568972444963 __DUMMY__ 0.06622476077522163	false	0.5
vom			off 0.4835025070539636 neg 0.44876018116784167 __DUMMY__ 0.06773731177819463	false	0.0
grenzdebil	off 1.0		off 0.49451813998776717 neg 0.44028689986770925 __DUMMY__ 0.06519496014452363	false	1.0
vor			off 0.48429303931851025 neg 0.4489966422909247 __DUMMY__ 0.06671031839056514	false	0.0
unterwerfen	neg 1.0		off 0.48763511419943545 neg 0.44592136360902784 __DUMMY__ 0.06644352219153665	false	0.5
versenkung	neg 1.0		off 0.48701524960075065 neg 0.446491623374526 __DUMMY__ 0.06649312702472326	false	0.5
entziehen	neg 1.0		off 0.48444423541798376 neg 0.4490077831757878 __DUMMY__ 0.06654798140622843	false	0.5
finanzkrise	neg 1.0		off 0.48379209116623983 neg 0.45109897870538257 __DUMMY__ 0.06510893012837757	false	0.5
schimpfend	neg 1.0		off 0.49148472075462946 neg 0.4424561518149174 __DUMMY__ 0.06605912743045309	false	0.5
profan	neg 1.0		off 0.491122564962711 neg 0.44325469894269987 __DUMMY__ 0.06562273609458907	false	0.5
korruption	neg 1.0		off 0.4862239127633741 neg 0.4479046613491774 __DUMMY__ 0.06587142588744864	false	0.5
â			off 0.486743854211021 neg 0.44707622261871616 __DUMMY__ 0.06617992317026274	false	0.0
schmutzig	neg 1.0		off 0.49507162628783535 neg 0.43968107856495536 __DUMMY__ 0.06524729514720927	false	0.5
sexy	neg 1.0		off 0.4934397979384746 neg 0.44092642218783973 __DUMMY__ 0.06563377987368572	false	0.5
abraten	neg 1.0		off 0.49153031194540464 neg 0.4426675205273506 __DUMMY__ 0.0658021675272447	false	0.5
schwarz	neg 1.0		off 0.49166992837321233 neg 0.44259048174866916 __DUMMY__ 0.06573958987811855	false	0.5
fotze	off 1.0	off 1.0	off 0.7303674162353033 neg 0.23813623847022763 __DUMMY__ 0.03149634529446902	false	1.0
verwirren	neg 1.0		off 0.49203442870743985 neg 0.4422560543779121 __DUMMY__ 0.06570951691464808	false	0.5
zahnlos	off 1.0		off 0.4884733004764575 neg 0.4453961093903952 __DUMMY__ 0.06613059013314722	false	1.0
verheeren	neg 1.0		off 0.5044170991881136 neg 0.43140101839939526 __DUMMY__ 0.06418188241249109	false	0.5
hippie	neg 1.0		off 0.4926605074354422 neg 0.441749068211314 __DUMMY__ 0.06559042435324378	false	0.5
rammen	neg 1.0		off 0.48971730865428287 neg 0.444462383835055 __DUMMY__ 0.06582030751066224	false	0.5
unlauter	neg 1.0		off 0.49030992418201874 neg 0.4441469573295676 __DUMMY__ 0.06554311848841358	false	0.5
unheilvoll	neg 1.0		off 0.4896826472376062 neg 0.4446459540972707 __DUMMY__ 0.06567139866512306	false	0.5
niedrig	neg 1.0		off 0.4851231156297519 neg 0.448923131181756 __DUMMY__ 0.06595375318849199	false	0.5
explosion	neg 1.0		off 0.4928406915800533 neg 0.4415220522107587 __DUMMY__ 0.06563725620918813	false	0.5
weichei	off 1.0	off 1.0	off 0.7357826537909193 neg 0.2336352352055476 __DUMMY__ 0.030582111003532943	false	1.0
minusmensch	off 1.0		off 0.5026474853422829 neg 0.43338683829157243 __DUMMY__ 0.06396567636614467	false	1.0
farblos	neg 1.0		off 0.49020991589382146 neg 0.44405393858445785 __DUMMY__ 0.06573614552172063	false	0.5
unwissend	neg 1.0	neg 1.0	neg 0.7057052279011871 off 0.2632397725302156 __DUMMY__ 0.03105499956859728	false	1.0
traurig	neg 1.0		off 0.49733525588200006 neg 0.4375730085046972 __DUMMY__ 0.0650917356133026	false	0.5
senkung	neg 1.0		off 0.4890093081242152 neg 0.445875302246385 __DUMMY__ 0.06511538962939985	false	0.5
ungleich	neg 1.0	neg 1.0	neg 0.7089276088142652 off 0.2595323059928352 __DUMMY__ 0.0315400851928995	false	1.0
heikel	neg 1.0		off 0.48586792429612174 neg 0.44771781006933065 __DUMMY__ 0.06641426563454765	false	0.5
drosselung	neg 1.0		off 0.4920544048721534 neg 0.44320980948889116 __DUMMY__ 0.06473578563895546	false	0.5
falsch	neg 1.0		off 0.49378624150420114 neg 0.4405838355288217 __DUMMY__ 0.06562992296697703	false	0.5
unzufriedenheit	neg 1.0		off 0.483931621221093 neg 0.44989010661365497 __DUMMY__ 0.06617827216525211	false	0.5
kurz	neg 1.0		off 0.4888218451334263 neg 0.4448137813875827 __DUMMY__ 0.06636437347899105	false	0.5
unsinnig	neg 1.0		off 0.4874270575974324 neg 0.4467356886106922 __DUMMY__ 0.06583725379187534	false	0.5
penner	off 1.0	off 1.0	off 0.7371790969789511 neg 0.23224938202607387 __DUMMY__ 0.030571520994974868	false	1.0
seicht	neg 1.0		off 0.5002613637603207 neg 0.43572210451339566 __DUMMY__ 0.06401653172628372	false	0.5
dummheit	off 1.0	off 1.0	off 0.7321637437518457 neg 0.23669997662041128 __DUMMY__ 0.03113627962774306	false	1.0
unerfreulich	neg 1.0		off 0.485170721126808 neg 0.4484464259952787 __DUMMY__ 0.06638285287791335	false	0.5
motherfucker	off 1.0	off 1.0	off 0.7349566022497828 neg 0.23410023320225168 __DUMMY__ 0.030943164547965498	false	1.0
pikiert	neg 1.0		off 0.4938021891182666 neg 0.4409153407432274 __DUMMY__ 0.06528247013850604	false	0.5
wrack	neg 1.0		off 0.4919169632117562 neg 0.441292633961349 __DUMMY__ 0.06679040282689476	false	0.5
gangster	neg 1.0		off 0.4927969259904242 neg 0.44164456999181745 __DUMMY__ 0.06555850401775848	false	0.5
krank	neg 1.0		off 0.49592401559397903 neg 0.4386827931985078 __DUMMY__ 0.0653931912075132	false	0.5
reich	neg 1.0		off 0.4904771421300921 neg 0.4445089900189256 __DUMMY__ 0.0650138678509823	false	0.5
gnadenlos	neg 1.0		off 0.49099655841697426 neg 0.4430434925037649 __DUMMY__ 0.06595994907926096	false	0.5
niedergeschlagen	neg 1.0		off 0.4890146170672839 neg 0.4445119163777181 __DUMMY__ 0.06647346655499811	false	0.5
terrorisieren	off 1.0	off 1.0	off 0.729958606843461 neg 0.23836350693150157 __DUMMY__ 0.031677886225037304	false	1.0
sinnlosigkeit	neg 1.0		off 0.48784647992206326 neg 0.4460100608455417 __DUMMY__ 0.06614345923239519	false	0.5
behindern	neg 1.0		off 0.4887011631370635 neg 0.44543070373934607 __DUMMY__ 0.06586813312359037	false	0.5
undemokratisch	neg 1.0		off 0.4907182386949167 neg 0.44372075516030546 __DUMMY__ 0.06556100614477778	false	0.5
wirtschaftskrise	neg 1.0		off 0.4845412079326392 neg 0.4497695921061809 __DUMMY__ 0.06568919996117989	false	0.5
neid	neg 1.0		off 0.49263180195847206 neg 0.44176407171076637 __DUMMY__ 0.06560412633076167	false	0.5
rutschen	neg 1.0		off 0.4825909122472447 neg 0.4503479845056546 __DUMMY__ 0.0670611032471008	false	0.5
rezession	neg 1.0		off 0.4929723429670253 neg 0.4427154137904409 __DUMMY__ 0.06431224324253385	false	0.5
fehlgeburt	neg 1.0		off 0.49128122528763735 neg 0.44261267855477915 __DUMMY__ 0.06610609615758356	false	0.5
charakterschwach	off 1.0		off 0.49412097982811914 neg 0.4406906513540274 __DUMMY__ 0.06518836881785339	false	1.0
isolation	neg 1.0		off 0.4942189068141638 neg 0.440067933733069 __DUMMY__ 0.06571315945276729	false	0.5
ablenkung	neg 1.0		off 0.48995114210645946 neg 0.4439424068653956 __DUMMY__ 0.06610645102814501	false	0.5
pech	neg 1.0		off 0.4929497767405002 neg 0.4416240893435623 __DUMMY__ 0.06542613391593735	false	0.5
vermeidung	neg 1.0		off 0.49409867943855573 neg 0.440795105241945 __DUMMY__ 0.0651062153194993	false	0.5
dominieren	neg 1.0		off 0.48842273955656945 neg 0.44544283536622964 __DUMMY__ 0.06613442507720084	false	0.5
schwindlig	neg 1.0		off 0.49069663399988134 neg 0.44366606367308464 __DUMMY__ 0.06563730232703398	false	0.5
lutscher	neg 1.0	neg 1.0	neg 0.7019679070558585 off 0.2677730051377838 __DUMMY__ 0.030259087806357682	false	1.0
pflicht	neg 1.0		off 0.4854223282815589 neg 0.44790618672089666 __DUMMY__ 0.06667148499754459	false	0.5
faschist	off 1.0		off 0.4938483302526575 neg 0.44047197775284996 __DUMMY__ 0.06567969199449263	false	1.0
verschleudern	neg 1.0		off 0.4832250114500065 neg 0.450984426239294 __DUMMY__ 0.06579056231069948	false	0.5
wenn			off 0.4937769367720436 neg 0.44076566635500436 __DUMMY__ 0.06545739687295206	false	0.0
ehebruch	neg 1.0		off 0.4874497603675376 neg 0.4462658915266307 __DUMMY__ 0.06628434810583181	false	0.5
spott	off 1.0		off 0.4880561356360509 neg 0.44552283711014024 __DUMMY__ 0.06642102725380873	false	1.0
trostlosigkeit	neg 1.0		off 0.48252859595917325 neg 0.4512447520353863 __DUMMY__ 0.06622665200544053	false	0.5
lutschen	neg 1.0		off 0.49267365843513455 neg 0.4419315791365224 __DUMMY__ 0.06539476242834313	false	0.5
undiszipliniert	neg 1.0		off 0.4963479303269751 neg 0.43855438567339666 __DUMMY__ 0.06509768399962819	false	0.5
kopfschmerz	neg 1.0		off 0.48414203630548436 neg 0.4500005488487701 __DUMMY__ 0.06585741484574549	false	0.5
unvorhergesehen	neg 1.0		off 0.486271544353483 neg 0.44700151376875047 __DUMMY__ 0.06672694187776662	false	0.5
desinteressiert	neg 1.0		off 0.495621853255661 neg 0.4392404430737158 __DUMMY__ 0.06513770367062321	false	0.5
armselig	off 1.0		off 0.4982672958270556 neg 0.4367084242811236 __DUMMY__ 0.06502427989182073	false	1.0
desaster	neg 1.0		off 0.48348931186916677 neg 0.45001144270739407 __DUMMY__ 0.06649924542343912	false	0.5
tod	neg 1.0		off 0.4869964232713774 neg 0.4466020544347136 __DUMMY__ 0.06640152229390903	false	0.5
herzlos	neg 1.0		off 0.4975576863373045 neg 0.4374073903625032 __DUMMY__ 0.06503492330019232	false	0.5
unwissenheit	neg 1.0		off 0.48741757026636306 neg 0.4464340913663242 __DUMMY__ 0.06614833836731279	false	0.5
widersinnig	neg 1.0		off 0.4867136995631013 neg 0.4475878163099969 __DUMMY__ 0.06569848412690182	false	0.5
bedenklich	neg 1.0		off 0.4859911478897976 neg 0.4478772809373608 __DUMMY__ 0.06613157117284171	false	0.5
beanstanden	neg 1.0		off 0.4866661427823934 neg 0.4466247037119715 __DUMMY__ 0.06670915350563518	false	0.5
panisch	neg 1.0		off 0.49223580218680624 neg 0.44183906261707623 __DUMMY__ 0.0659251351961176	false	0.5
debil	off 1.0		off 0.4796801255324752 neg 0.45324255235779953 __DUMMY__ 0.06707732210972514	false	1.0
abstrich	neg 1.0		off 0.4875359096879158 neg 0.44653163351580866 __DUMMY__ 0.06593245679627552	false	0.5
primitiv	neg 1.0		off 0.49617503209632047 neg 0.4386298980718218 __DUMMY__ 0.06519506983185787	false	0.5
abschaum	off 1.0	off 1.0	off 0.7346126492972563 neg 0.23421582141619893 __DUMMY__ 0.03117152928654478	false	1.0
provozieren	neg 1.0		off 0.4904505009669061 neg 0.4436876287107766 __DUMMY__ 0.06586187032231725	false	0.5
tot	neg 1.0		off 0.48621332389780764 neg 0.4478859560021368 __DUMMY__ 0.06590072010005568	false	0.5
instabil	neg 1.0		off 0.4964612999565745 neg 0.43887784298144195 __DUMMY__ 0.06466085706198359	false	0.5
schwuchtel	off 1.0	off 1.0	off 0.7400056196951955 neg 0.22992054008140056 __DUMMY__ 0.030073840223403918	false	1.0
zerren	neg 1.0		off 0.48818685738585327 neg 0.44544021965817676 __DUMMY__ 0.06637292295596989	false	0.5
kinderficker	off 1.0		off 0.5002054854701277 neg 0.435038169355872 __DUMMY__ 0.06475634517400035	false	1.0
gefahr	neg 1.0		off 0.4862868076641126 neg 0.44702622242428136 __DUMMY__ 0.06668696991160605	false	0.5
rabiat	neg 1.0		off 0.4887154006137582 neg 0.4452758428634823 __DUMMY__ 0.06600875652275943	false	0.5
verlangsamung	neg 1.0		off 0.5000369335338721 neg 0.4356472572301867 __DUMMY__ 0.06431580923594124	false	0.5
ausgestorben	neg 1.0		off 0.48886593040174203 neg 0.4449931035181805 __DUMMY__ 0.0661409660800775	false	0.5
anklagen	neg 1.0		off 0.4889329310064733 neg 0.44486543734110573 __DUMMY__ 0.06620163165242103	false	0.5
trott	neg 1.0		off 0.48959932189728794 neg 0.4444346225109291 __DUMMY__ 0.06596605559178303	false	0.5
verminderung	neg 1.0		off 0.4945258534135809 neg 0.44032048110006267 __DUMMY__ 0.06515366548635645	false	0.5
nach			off 0.48254194773776454 neg 0.45010941778795954 __DUMMY__ 0.06734863447427594	false	0.0
rost	neg 1.0		off 0.5044455459910103 neg 0.43086221943505365 __DUMMY__ 0.06469223457393614	false	0.5
destruktiv	neg 1.0		off 0.48895806125139285 neg 0.44515924024446757 __DUMMY__ 0.06588269850413957	false	0.5
unzumutbarkeit	neg 1.0		off 0.49441807889247746 neg 0.44041040943987075 __DUMMY__ 0.06517151166765175	false	0.5
labil	off 1.0	off 1.0	off 0.7333745077868278 neg 0.23555470985971955 __DUMMY__ 0.03107078235345277	false	1.0
ziemlich	neg 1.0		off 0.4951693118732851 neg 0.43937933911718685 __DUMMY__ 0.06545134900952806	false	0.5
lachnummer	off 1.0		off 0.491000067803473 neg 0.44293419032340214 __DUMMY__ 0.06606574187312489	false	1.0
oder			off 0.4907912509674986 neg 0.44316505850825383 __DUMMY__ 0.06604369052424758	false	0.0
verfall	neg 1.0		off 0.4805710507327129 neg 0.4529063695829147 __DUMMY__ 0.06652257968437252	false	0.5
ausgrenzung	neg 1.0		off 0.4903188389386452 neg 0.444165598806097 __DUMMY__ 0.06551556225525773	false	0.5
unordnung	neg 1.0		off 0.4977747008609342 neg 0.43747199143469123 __DUMMY__ 0.06475330770437443	false	0.5
fehlverhalten	neg 1.0		off 0.48626921814258783 neg 0.4473419873489319 __DUMMY__ 0.06638879450848024	false	0.5
eine			off 0.4841172628431446 neg 0.44933605027807993 __DUMMY__ 0.06654668687877544	false	0.0
nille	neg 1.0		off 0.4899979877584239 neg 0.4440506987749877 __DUMMY__ 0.06595131346658856	false	0.5
qual	neg 1.0		off 0.48901627862919345 neg 0.44502972980955824 __DUMMY__ 0.06595399156124836	false	0.5
verschwenden	neg 1.0		off 0.4844326408069869 neg 0.44940961760914255 __DUMMY__ 0.06615774158387058	false	0.5
riesig	neg 1.0		off 0.4869082392347055 neg 0.44668104673245546 __DUMMY__ 0.06641071403283894	false	0.5
verurteilen	neg 1.0		off 0.4884079214288081 neg 0.4453983820067949 __DUMMY__ 0.06619369656439701	false	0.5
klischee	neg 1.0	neg 1.0	neg 0.7062756770794388 off 0.2626377346768254 __DUMMY__ 0.0310865882437358	false	1.0
diktatorisch	neg 1.0		off 0.49066652430181623 neg 0.44380616060074524 __DUMMY__ 0.0655273150974385	false	0.5
vorhersehbar	neg 1.0		off 0.4912712731722555 neg 0.443269684796407 __DUMMY__ 0.06545904203133755	false	0.5
sowie			off 0.4977645884729773 neg 0.4377136127955947 __DUMMY__ 0.06452179873142791	false	0.0
stornieren	neg 1.0		off 0.49577735595844946 neg 0.4379878910435916 __DUMMY__ 0.06623475299795889	false	0.5
besteuerung	neg 1.0	neg 1.0	neg 0.7094515138474595 off 0.2595703895094439 __DUMMY__ 0.030978096643096486	false	1.0
ungeschminkt	neg 1.0		off 0.4954343673225419 neg 0.43951880745752925 __DUMMY__ 0.0650468252199288	false	0.5
kritisch	neg 1.0		off 0.48762065230594515 neg 0.4461847337892487 __DUMMY__ 0.06619461390480623	false	0.5
schlamperei	off 1.0		off 0.4864748407467797 neg 0.4472158694150419 __DUMMY__ 0.06630928983817831	false	1.0
sucht	neg 1.0	neg 1.0	neg 0.7063985714128846 off 0.26223848939258787 __DUMMY__ 0.031362939194527574	false	1.0
egoistisch	off 1.0	off 1.0	off 0.7368718504721338 neg 0.23234000936085006 __DUMMY__ 0.03078814016701618	false	1.0
ausbeuter	off 1.0		off 0.4844025381426324 neg 0.44945542195571203 __DUMMY__ 0.06614203990165547	false	1.0
arschgeburt	off 1.0		off 0.5053885147725098 neg 0.43117520079158966 __DUMMY__ 0.0634362844359005	false	1.0
schubs	neg 1.0		off 0.48517390384108955 neg 0.4488733163983262 __DUMMY__ 0.06595277976058429	false	0.5
unsolide	neg 1.0		off 0.4924352242803007 neg 0.44188458719837453 __DUMMY__ 0.06568018852132469	false	0.5
beschwerde	neg 1.0		off 0.4885031621013911 neg 0.445252583426003 __DUMMY__ 0.0662442544726059	false	0.5
stocken	neg 1.0		off 0.4865839252372645 neg 0.44720793688803373 __DUMMY__ 0.06620813787470166	false	0.5
isolieren	neg 1.0		off 0.48649210155344585 neg 0.44756770719438754 __DUMMY__ 0.0659401912521666	false	0.5
unheilbar	neg 1.0		off 0.4901464389029468 neg 0.4438428020871732 __DUMMY__ 0.06601075900987988	false	0.5
pisser	off 1.0	off 1.0	off 0.7352234110164374 neg 0.2339132817614541 __DUMMY__ 0.030863307222108487	false	1.0
löschen	neg 1.0		off 0.4897514697021386 neg 0.4444094969252978 __DUMMY__ 0.0658390333725636	false	0.5
durchfallen	neg 1.0		off 0.4877980862191746 neg 0.44593914555293873 __DUMMY__ 0.06626276822788667	false	0.5
wichser	off 1.0	off 1.0	off 0.7385480428873259 neg 0.23107242395297714 __DUMMY__ 0.030379533159696978	false	1.0
terror	neg 1.0		off 0.4924652137157311 neg 0.4419355909705041 __DUMMY__ 0.0655991953137648	false	0.5
krass	neg 1.0		off 0.4984805029691938 neg 0.4367623042211443 __DUMMY__ 0.06475719280966201	false	0.5
revolte	neg 1.0		off 0.4910442642769057 neg 0.44372211469544465 __DUMMY__ 0.06523362102764974	false	0.5
besorgt	neg 1.0		off 0.4895143572997942 neg 0.444039877373377 __DUMMY__ 0.0664457653268288	false	0.5
nachlassen	neg 1.0		off 0.4875334858846978 neg 0.4461050750040765 __DUMMY__ 0.06636143911122565	false	0.5
alt	neg 1.0		off 0.4831512727066451 neg 0.45115003427638983 __DUMMY__ 0.06569869301696508	false	0.5
hundesohn	off 1.0	off 1.0	off 0.7375469024038207 neg 0.2320929519073142 __DUMMY__ 0.030360145688865286	false	1.0
als			off 0.487369905633659 neg 0.4465346031797912 __DUMMY__ 0.06609549118654963	false	0.0
abschreckung	neg 1.0		off 0.4852914277969329 neg 0.4482839996818567 __DUMMY__ 0.06642457252121042	false	0.5
unqualifiziert	neg 1.0		off 0.49401196208580306 neg 0.4404288583878428 __DUMMY__ 0.06555917952635416	false	0.5
abgewichst	off 1.0		off 0.4896630318564495 neg 0.44428466965331925 __DUMMY__ 0.06605229849023125	false	1.0
schwer	neg 1.0		off 0.4892803385218053 neg 0.44466340782244945 __DUMMY__ 0.0660562536557453	false	0.5
bedeutungslosigkeit	neg 1.0		off 0.4856623959670251 neg 0.44797151749714076 __DUMMY__ 0.06636608653583419	false	0.5
kapitulation	neg 1.0		off 0.48584777635614385 neg 0.4481823956133263 __DUMMY__ 0.06596982803052988	false	0.5
unscharf	neg 1.0		off 0.4880939345417682 neg 0.4467669584176062 __DUMMY__ 0.06513910704062562	false	0.5
schwinden	neg 1.0		off 0.4837340769166791 neg 0.45022031039934685 __DUMMY__ 0.0660456126839742	false	0.5
versklavung	neg 1.0	neg 1.0	neg 0.7077211896632007 off 0.26113998651498893 __DUMMY__ 0.03113882382181032	false	1.0
schlecht	neg 1.0		off 0.495831125304524 neg 0.4386424555946778 __DUMMY__ 0.0655264191007983	false	0.5
verhasst	neg 1.0		off 0.4909919128319478 neg 0.4432310244772965 __DUMMY__ 0.06577706269075555	false	0.5
beschweren	neg 1.0		off 0.4923761513830929 neg 0.441685871902737 __DUMMY__ 0.06593797671417014	false	0.5
scheiden	neg 1.0		off 0.4894696936039298 neg 0.4446285300148626 __DUMMY__ 0.06590177638120763	false	0.5
frustriert	neg 1.0		off 0.48872257489303284 neg 0.44511193722649195 __DUMMY__ 0.06616548788047509	false	0.5
schimmelig	neg 1.0		off 0.4844671818314021 neg 0.44973278672756034 __DUMMY__ 0.06580003144103766	false	0.5
fisch	neg 1.0		off 0.4806741783919847 neg 0.4533715744554672 __DUMMY__ 0.06595424715254805	false	0.5
schmuggel	neg 1.0		off 0.4862700013567242 neg 0.44689925141538517 __DUMMY__ 0.06683074722789074	false	0.5
auffallen	neg 1.0		off 0.4920575224052155 neg 0.4421705640247592 __DUMMY__ 0.06577191357002528	false	0.5
konkurrenz	neg 1.0		off 0.4865531178532167 neg 0.44682345111017135 __DUMMY__ 0.06662343103661188	false	0.5
teufelskreis	neg 1.0	neg 1.0	neg 0.7088997954287268 off 0.25983601361974246 __DUMMY__ 0.031264190951530636	false	1.0
aufschreien	neg 1.0		off 0.4916850266811487 neg 0.4427577990779964 __DUMMY__ 0.06555717424085489	false	0.5
schuldner	neg 1.0		off 0.482618737944209 neg 0.4514773750717378 __DUMMY__ 0.06590388698405326	false	0.5
missgeburt	off 1.0	off 1.0	off 0.7377544121730787 neg 0.23164441118624354 __DUMMY__ 0.030601176640677758	false	1.0
arbeitslos	neg 1.0		off 0.48730784983062325 neg 0.4464777703574421 __DUMMY__ 0.0662143798119345	false	0.5
befallen	neg 1.0		off 0.4858304041055431 neg 0.4485909539807319 __DUMMY__ 0.065578641913725	false	0.5
miesepetrig	off 1.0	off 1.0	off 0.7335629032286115 neg 0.23534817110953407 __DUMMY__ 0.031088925661854522	false	1.0
alarmieren	neg 1.0		off 0.494701402506433 neg 0.4397339076562374 __DUMMY__ 0.06556468983732969	false	0.5
ungeduscht	off 1.0		off 0.49248431772374035 neg 0.44222521565585327 __DUMMY__ 0.06529046662040625	false	1.0
knappheit	neg 1.0		off 0.48485607772557654 neg 0.4494267382330499 __DUMMY__ 0.06571718404137356	false	0.5
schlange	neg 1.0		off 0.4905751409083393 neg 0.4433947334311838 __DUMMY__ 0.06603012566047692	false	0.5
harsch	neg 1.0		off 0.499420720208943 neg 0.4355051741308318 __DUMMY__ 0.06507410566022528	false	0.5
lang	neg 1.0		off 0.4907210498030184 neg 0.4434690876879432 __DUMMY__ 0.06580986250903846	false	0.5
ziellos	neg 1.0		off 0.486506661716361 neg 0.44702470756444646 __DUMMY__ 0.06646863071919264	false	0.5
selbstverliebt	neg 1.0		off 0.5049784921346067 neg 0.4309530628522177 __DUMMY__ 0.06406844501317563	false	0.5
beseitigen	neg 1.0		off 0.49082234541587605 neg 0.44300388229773524 __DUMMY__ 0.06617377228638882	false	0.5
dumm	off 1.0		off 0.5003304197213846 neg 0.43510703014984625 __DUMMY__ 0.06456255012876906	false	1.0
arbeitsloser	neg 1.0		off 0.4912746746779065 neg 0.44191559271855035 __DUMMY__ 0.0668097326035431	false	0.5
blitzen	neg 1.0		off 0.4925852333143687 neg 0.4419766648542752 __DUMMY__ 0.06543810183135598	false	0.5
hilflos	neg 1.0		off 0.487313821843135 neg 0.4465033969119249 __DUMMY__ 0.06618278124494023	false	0.5
eklig	off 1.0		off 0.49937879686761477 neg 0.4363293158552948 __DUMMY__ 0.0642918872770904	false	1.0
begriff			off 0.48949065900877714 neg 0.44447093696837037 __DUMMY__ 0.0660384040228524	false	0.0
hungersnot	neg 1.0		off 0.4861721553710245 neg 0.4479237399865826 __DUMMY__ 0.0659041046423929	false	0.5
ungesetzlich	neg 1.0		off 0.49105250870062184 neg 0.4433571258664014 __DUMMY__ 0.06559036543297676	false	0.5
verschwendung	neg 1.0		off 0.485253855971018 neg 0.44843776611921743 __DUMMY__ 0.0663083779097647	false	0.5
schmerzvoll	neg 1.0		off 0.4901183275786287 neg 0.44420645172374085 __DUMMY__ 0.0656752206976305	false	0.5
vorzeitig	neg 1.0		off 0.4952023306985693 neg 0.43923943652035374 __DUMMY__ 0.06555823278107685	false	0.5
unvollkommenheit	neg 1.0		off 0.48767732896359717 neg 0.4463150133855734 __DUMMY__ 0.06600765765082947	false	0.5
intervenieren	neg 1.0		off 0.48427751985400314 neg 0.44974192034317767 __DUMMY__ 0.06598055980281928	false	0.5
banause	off 1.0		off 0.4988750983421548 neg 0.4372947073163857 __DUMMY__ 0.06383019434145942	false	1.0
rebell	neg 1.0		off 0.4793414012768383 neg 0.4544478802767492 __DUMMY__ 0.06621071844641246	false	0.5
unlogisch	neg 1.0		off 0.4963518329065929 neg 0.43867273188232025 __DUMMY__ 0.06497543521108672	false	0.5
leiden	neg 1.0		off 0.48710793501273736 neg 0.4460285589176096 __DUMMY__ 0.06686350606965294	false	0.5
abschaffung	neg 1.0		off 0.48872891000878005 neg 0.44575416135606916 __DUMMY__ 0.0655169286351508	false	0.5
sturz	neg 1.0		off 0.49414892449748704 neg 0.43969354880536726 __DUMMY__ 0.06615752669714575	false	0.5
verkleinerung	neg 1.0		off 0.49009181129815127 neg 0.4449437474516558 __DUMMY__ 0.0649644412501929	false	0.5
schmarotzer	off 1.0		off 0.4882374541811024 neg 0.4456330986888152 __DUMMY__ 0.06612944713008238	false	1.0
bestrafung	neg 1.0	neg 1.0	neg 0.7068260642440806 off 0.2617743595830968 __DUMMY__ 0.03139957617282269	false	1.0
achtlos	neg 1.0		off 0.48931223450313305 neg 0.4444400096221066 __DUMMY__ 0.06624775587476035	false	0.5
ungeheuer	neg 1.0		off 0.4881830664926203 neg 0.44620647712092554 __DUMMY__ 0.06561045638645417	false	0.5
unaufrichtig	neg 1.0		off 0.49393883067596883 neg 0.44050396779326356 __DUMMY__ 0.06555720153076763	false	0.5
groggy	neg 1.0		off 0.49324054799254413 neg 0.4410321285692124 __DUMMY__ 0.06572732343824339	false	0.5
