unsolidarisch	neg 1.0		__DUMMY__ 0.45368793103770927 off 0.28598400021730813 neg 0.2603280687449826	false	0.5
nachteilig	neg 1.0		__DUMMY__ 0.45883879319694026 off 0.2819226089220495 neg 0.2592385978810103	false	0.5
skeptisch	neg 1.0		__DUMMY__ 0.4589336785136841 off 0.2803497785025729 neg 0.2607165429837429	false	0.5
schrecklich	neg 1.0		__DUMMY__ 0.4499122739538817 off 0.2956401450078356 neg 0.25444758103828274	false	0.5
schlapp	neg 1.0	neg 1.0	neg 0.61571333404192 __DUMMY__ 0.21875485555853463 off 0.16553181039954548	false	1.0
abfall	neg 1.0		__DUMMY__ 0.4623020881076983 off 0.27753609213287594 neg 0.26016181975942565	false	0.5
widerspenstig	neg 1.0		__DUMMY__ 0.45513402000287995 off 0.28435944077300995 neg 0.26050653922411005	false	0.5
abrupt	neg 1.0		__DUMMY__ 0.4576608856841992 off 0.2790461336704062 neg 0.26329298064539447	false	0.5
unwirksam	neg 1.0		__DUMMY__ 0.45083494828835663 off 0.2840815957907793 neg 0.26508345592086396	false	0.5
angreifen	neg 1.0		__DUMMY__ 0.45968201800553954 off 0.27990506209868266 neg 0.26041291989577775	false	0.5
inkonsistent	neg 1.0		__DUMMY__ 0.4522770337917653 off 0.28766088851987887 neg 0.26006207768835576	false	0.5
abrutschen	neg 1.0		__DUMMY__ 0.4618114308557116 off 0.2768838949627141 neg 0.2613046741815742	false	0.5
unsicher	neg 1.0		__DUMMY__ 0.45680495759386014 off 0.28569694294552755 neg 0.2574980994606123	false	0.5
bauernkind	off 1.0	off 1.0	off 0.638029964628496 __DUMMY__ 0.2140859933931233 neg 0.14788404197838062	false	1.0
angreifer	neg 1.0		__DUMMY__ 0.45645593924710537 off 0.29108475471651496 neg 0.25245930603637967	false	0.5
trennen	neg 1.0		__DUMMY__ 0.4603821909742364 off 0.27981198319524264 neg 0.25980582583052086	false	0.5
schmutz	neg 1.0		__DUMMY__ 0.4579469473055571 off 0.29054565390008025 neg 0.2515073987943627	false	0.5
inkonsistenz	neg 1.0		__DUMMY__ 0.4527682837095816 off 0.2911221332856863 neg 0.2561095830047322	false	0.5
erschreckend	neg 1.0		__DUMMY__ 0.4563946005794197 off 0.284711433947359 neg 0.25889396547322124	false	0.5
ertrinken	neg 1.0		__DUMMY__ 0.4586601343231567 off 0.27874008206432815 neg 0.2625997836125152	false	0.5
pickelface	off 1.0		__DUMMY__ 0.455230814673978 off 0.28595989194569105 neg 0.25880929338033104	false	1.0
seiner			__DUMMY__ 0.4601021969106834 off 0.2805858268278905 neg 0.259311976261426	false	0.0
lauch	neg 1.0	neg 1.0	neg 0.6193938379844499 __DUMMY__ 0.22327416828390412 off 0.15733199373164594	false	1.0
unwichtig	neg 1.0		__DUMMY__ 0.45273916343521947 off 0.29104911615158824 neg 0.25621172041319235	false	0.5
steuerhinterziehung	neg 1.0		__DUMMY__ 0.45543531529104736 off 0.28449000254949275 neg 0.2600746821594599	false	0.5
schock	neg 1.0		__DUMMY__ 0.4572953571908835 off 0.2837423612691802 neg 0.2589622815399363	false	0.5
beule	neg 1.0		__DUMMY__ 0.4500259412770229 off 0.2930203823462791 neg 0.25695367637669786	false	0.5
vergelten	neg 1.0		__DUMMY__ 0.44975407311757626 off 0.29688703930123006 neg 0.2533588875811936	false	0.5
verdorbenheit	neg 1.0		__DUMMY__ 0.45524251240275404 off 0.2867956245171158 neg 0.25796186308013014	false	0.5
trauma	neg 1.0		__DUMMY__ 0.45429987994085125 off 0.28682617430122714 neg 0.25887394575792155	false	0.5
sinnlos	neg 1.0		__DUMMY__ 0.45471695328749934 off 0.28777702236101305 neg 0.25750602435148756	false	0.5
fettsack	off 1.0	off 1.0	off 0.6391959043818785 __DUMMY__ 0.2143495793027844 neg 0.14645451631533718	false	1.0
feige	off 1.0	off 1.0	off 0.6359642335315892 __DUMMY__ 0.2182426670002593 neg 0.14579309946815153	false	1.0
abdanken	neg 1.0		__DUMMY__ 0.45754811389516875 off 0.2858762197187879 neg 0.25657566638604345	false	0.5
wichtigtuer	off 1.0	off 1.0	off 0.6342435087647936 __DUMMY__ 0.22021930879516705 neg 0.14553718244003927	false	1.0
misslingen	neg 1.0		__DUMMY__ 0.45705684089393567 off 0.2879987667327148 neg 0.25494439237334954	false	0.5
untreu	off 1.0		__DUMMY__ 0.4518133006018851 off 0.2923520477642173 neg 0.25583465163389746	false	1.0
missmutig	neg 1.0		__DUMMY__ 0.45311877520189503 off 0.2894103059943148 neg 0.2574709188037902	false	0.5
hurenbock	off 1.0		__DUMMY__ 0.45122010572313187 off 0.28376981030372245 neg 0.2650100839731458	false	1.0
betrunken	neg 1.0		__DUMMY__ 0.4503352673148682 off 0.2943022588791648 neg 0.25536247380596705	false	0.5
korrupt	off 1.0		__DUMMY__ 0.4551728525477053 off 0.28374542588332224 neg 0.26108172156897247	false	1.0
unmut	neg 1.0		__DUMMY__ 0.46034705334142206 off 0.27851707060903536 neg 0.26113587604954264	false	0.5
hackfresse	off 1.0		__DUMMY__ 0.4465766445495719 off 0.3005347479505485 neg 0.2528886074998797	false	1.0
aufblasen	neg 1.0		__DUMMY__ 0.45559698138644855 off 0.285830038840523 neg 0.2585729797730285	false	0.5
gewaltsam	neg 1.0		__DUMMY__ 0.4576967705523564 off 0.2859324042038096 neg 0.25637082524383403	false	0.5
unbeliebtheit	neg 1.0		__DUMMY__ 0.45196870802176303 off 0.2925352715983843 neg 0.25549602037985275	false	0.5
sturheit	neg 1.0		__DUMMY__ 0.4578154911894124 off 0.28529183561347654 neg 0.25689267319711095	false	0.5
kuh	neg 1.0		__DUMMY__ 0.4465000383325195 off 0.285578636569305 neg 0.26792132509817557	false	0.5
erschrecken	neg 1.0		__DUMMY__ 0.4533614521094392 off 0.29002078790775976 neg 0.25661775998280106	false	0.5
opfer	neg 1.0		__DUMMY__ 0.46068974024116105 off 0.2831120848335112 neg 0.2561981749253278	false	0.5
sinken	neg 1.0		__DUMMY__ 0.4582611269216118 off 0.2782212133602149 neg 0.26351765971817337	false	0.5
stinktier	neg 1.0		__DUMMY__ 0.44358056596492396 off 0.29595082832235386 neg 0.26046860571272223	false	0.5
tucke	off 1.0		__DUMMY__ 0.4414351751673366 off 0.30106996855741214 neg 0.25749485627525137	false	1.0
ein			__DUMMY__ 0.45440310276714035 off 0.28353867879722583 neg 0.2620582184356338	false	0.0
abstieg	neg 1.0		__DUMMY__ 0.4604789342528909 off 0.28467036578574106 neg 0.25485069996136805	false	0.5
missverstehen	neg 1.0		__DUMMY__ 0.4542337456178402 off 0.2888649352513391 neg 0.2569013191308207	false	0.5
ergebnislos	neg 1.0		__DUMMY__ 0.4602165226771172 off 0.2824402055184534 neg 0.2573432718044293	false	0.5
unter			__DUMMY__ 0.4656046182288482 off 0.2731797242250803 neg 0.2612156575460716	false	0.0
manipulieren	neg 1.0		__DUMMY__ 0.4594979632773629 off 0.2811390308840672 neg 0.25936300583857	false	0.5
unbewiesen	neg 1.0	neg 1.0	neg 0.6165089751189617 __DUMMY__ 0.2204856753121346 off 0.16300534956890372	false	1.0
verschleppen	neg 1.0		__DUMMY__ 0.4576259996109634 off 0.28269056090835476 neg 0.2596834394806819	false	0.5
weib	off 1.0		__DUMMY__ 0.44322487411749245 off 0.30199614243099876 neg 0.25477898345150873	false	1.0
opposition	neg 1.0		__DUMMY__ 0.453527924275451 off 0.28687179502451127 neg 0.25960028070003777	false	0.5
verkehrswidrig	neg 1.0		__DUMMY__ 0.4506434460169571 off 0.29804861932671345 neg 0.2513079346563294	false	0.5
inkorrekt	neg 1.0		__DUMMY__ 0.4496326114414625 off 0.29534170851559827 neg 0.2550256800429392	false	0.5
vermeiden	neg 1.0		__DUMMY__ 0.462212449575444 off 0.2763232756312596 neg 0.2614642747932964	false	0.5
abweichung	neg 1.0	neg 1.0	neg 0.6162004121354596 __DUMMY__ 0.22263607088413828 off 0.16116351698040213	false	1.0
alkoholisiert	neg 1.0		__DUMMY__ 0.4627595281490154 off 0.28176314560609894 neg 0.2554773262448855	false	0.5
scheiss	off 1.0	off 1.0	off 0.6365584637413453 __DUMMY__ 0.217139794543247 neg 0.1463017417154077	false	1.0
herausforderung	neg 1.0		__DUMMY__ 0.4577060338213217 off 0.2828118433964688 neg 0.25948212278220967	false	0.5
pervers	off 1.0		__DUMMY__ 0.44263170411387404 off 0.30502483608698816 neg 0.25234345979913786	false	1.0
wackelig	neg 1.0		__DUMMY__ 0.458421274847197 off 0.28296481157925407 neg 0.258613913573549	false	0.5
verwickeln	neg 1.0		__DUMMY__ 0.4550185371325217 off 0.2879833744165322 neg 0.25699808845094624	false	0.5
vorwand	neg 1.0		__DUMMY__ 0.45971901410831856 off 0.27936485932140215 neg 0.26091612657027924	false	0.5
muschi	off 1.0		__DUMMY__ 0.4568131895099994 off 0.28521543981175035 neg 0.25797137067825016	false	1.0
entmutigung	neg 1.0		__DUMMY__ 0.4516622207857994 off 0.287269885150323 neg 0.26106789406387765	false	0.5
unangemessen	neg 1.0		__DUMMY__ 0.4573240126706403 off 0.2846298110848651 neg 0.25804617624449455	false	0.5
unstetig	neg 1.0		__DUMMY__ 0.4525727703489647 off 0.2896861777783673 neg 0.25774105187266794	false	0.5
entmutigen	neg 1.0		__DUMMY__ 0.45539954512982184 off 0.2866536933280127 neg 0.2579467615421654	false	0.5
schwanz	neg 1.0		__DUMMY__ 0.45710834593485006 off 0.2824150303002794 neg 0.2604766237648705	false	0.5
verbot	neg 1.0		__DUMMY__ 0.4559084313772554 off 0.2835755312479247 neg 0.2605160373748199	false	0.5
leid	neg 1.0		__DUMMY__ 0.4484305831745512 off 0.297285917255985 neg 0.2542834995694638	false	0.5
archaisch	neg 1.0		__DUMMY__ 0.45600321354155304 off 0.2835304759864502 neg 0.2604663104719968	false	0.5
gegen			__DUMMY__ 0.46175132960787946 off 0.2798315173394792 neg 0.2584171530526411	false	0.0
scheidung	neg 1.0		__DUMMY__ 0.44428331439432367 off 0.310394388715142 neg 0.24532229689053434	false	0.5
einschlag	neg 1.0		__DUMMY__ 0.45229067555637065 off 0.29720529654633876 neg 0.25050402789729065	false	0.5
m			__DUMMY__ 0.45757977831827473 off 0.2833095168238651 neg 0.25911070485786003	false	0.0
abgestanden	neg 1.0		__DUMMY__ 0.45011547210146075 off 0.28290351305595685 neg 0.26698101484258235	false	0.5
schmierig	off 1.0		__DUMMY__ 0.4483042712733517 off 0.2967504418570685 neg 0.25494528686957973	false	1.0
unpraktisch	neg 1.0		__DUMMY__ 0.4555186594192742 off 0.2872883943006442 neg 0.2571929462800815	false	0.5
wixxer	off 1.0		__DUMMY__ 0.44090919816766466 off 0.3047131533105214 neg 0.25437764852181405	false	1.0
bezeichnet			__DUMMY__ 0.45663880041713256 off 0.28637456135187467 neg 0.25698663823099294	false	0.0
jammerlappen	off 1.0		__DUMMY__ 0.4525937466164501 off 0.2913524020935057 neg 0.2560538512900443	false	1.0
farce	neg 1.0		__DUMMY__ 0.45424042866998365 off 0.285044521578221 neg 0.2607150497517953	false	0.5
zwecklos	neg 1.0		__DUMMY__ 0.45706367683362864 off 0.28312002548039544 neg 0.2598162976859759	false	0.5
turbulent	neg 1.0		__DUMMY__ 0.44985384083254376 off 0.2931063083270738 neg 0.25703985084038233	false	0.5
invasion	neg 1.0		__DUMMY__ 0.4538759411709202 off 0.2883929474953813 neg 0.2577311113336986	false	0.5
schuld	neg 1.0		__DUMMY__ 0.4554402365384053 off 0.2871465489062 neg 0.2574132145553947	false	0.5
risiko	neg 1.0		__DUMMY__ 0.452011583258572 off 0.28673958570261765 neg 0.2612488310388103	false	0.5
finster	neg 1.0		__DUMMY__ 0.4538499528280073 off 0.28406844619466337 neg 0.2620816009773294	false	0.5
geisteskrank	off 1.0		__DUMMY__ 0.4507917222515872 off 0.29413597797053326 neg 0.25507229977787965	false	1.0
zusammenbrechen	neg 1.0		__DUMMY__ 0.45668412463755403 off 0.28314698849993136 neg 0.26016888686251455	false	0.5
ausbeute	neg 1.0		__DUMMY__ 0.4592611086099811 off 0.2855056036252692 neg 0.25523328776474963	false	0.5
hinterhalt	neg 1.0		__DUMMY__ 0.4560326415505726 off 0.2835862689066244 neg 0.260381089542803	false	0.5
kritik	neg 1.0		__DUMMY__ 0.4544712632585774 off 0.284778791070522 neg 0.2607499456709006	false	0.5
einschrumpfen	neg 1.0		__DUMMY__ 0.4503513994730598 off 0.29062122255662126 neg 0.25902737797031905	false	0.5
riskant	neg 1.0		__DUMMY__ 0.45815504900648674 off 0.2802691751173456 neg 0.26157577587616765	false	0.5
frustrieren	neg 1.0		__DUMMY__ 0.4573700756352955 off 0.2811887418669296 neg 0.2614411824977749	false	0.5
groll	neg 1.0		__DUMMY__ 0.45836388968636727 off 0.28405618258877013 neg 0.25757992772486255	false	0.5
gibt			__DUMMY__ 0.457556037320979 off 0.28294105542794756 neg 0.2595029072510734	false	0.0
qualvoll	neg 1.0		__DUMMY__ 0.45454242914944454 off 0.28791842231250275 neg 0.2575391485380526	false	0.5
wackeln	neg 1.0		__DUMMY__ 0.4562318943481836 off 0.28531853064365914 neg 0.25844957500815724	false	0.5
klagen	neg 1.0		__DUMMY__ 0.4589468214543534 off 0.27932545596024033 neg 0.26172772258540633	false	0.5
bankrott	neg 1.0		__DUMMY__ 0.45353862745388185 off 0.2909705931376101 neg 0.25549077940850806	false	0.5
trauern	neg 1.0		__DUMMY__ 0.462407235568598 off 0.2824483527954801 neg 0.255144411635922	false	0.5
ablehnung	neg 1.0		__DUMMY__ 0.45481777837448917 off 0.2840398175194277 neg 0.2611424041060832	false	0.5
stur	neg 1.0		__DUMMY__ 0.45491802092051936 off 0.286905867784573 neg 0.25817611129490764	false	0.5
aufruhr	neg 1.0	neg 1.0	neg 0.6161618752252496 __DUMMY__ 0.22129383469047278 off 0.16254429008427754	false	1.0
melancholie	neg 1.0		__DUMMY__ 0.4569558796871305 off 0.2792328383769226 neg 0.263811281935947	false	0.5
ist			__DUMMY__ 0.45469281662320116 off 0.28739745646590503 neg 0.2579097269108939	false	0.0
torheit	neg 1.0		__DUMMY__ 0.4549273943012214 off 0.287025793830968 neg 0.2580468118678106	false	0.5
dreckskind	off 1.0		__DUMMY__ 0.4446890401150076 off 0.3012666864281984 neg 0.2540442734567938	false	1.0
umtauschen	neg 1.0		__DUMMY__ 0.45612413419170333 off 0.2847012493028476 neg 0.259174616505449	false	0.5
zum			__DUMMY__ 0.465891587165333 off 0.2782101341709663 neg 0.25589827866370074	false	0.0
zersetzen	neg 1.0		__DUMMY__ 0.45776261260688456 off 0.2799464275016501 neg 0.26229095989146534	false	0.5
zur			__DUMMY__ 0.46248763261981596 off 0.27669315673236144 neg 0.26081921064782265	false	0.0
frust	neg 1.0		__DUMMY__ 0.4573211393237912 off 0.2831226631570274 neg 0.25955619751918146	false	0.5
unerbittlichkeit	neg 1.0		__DUMMY__ 0.4589611319589261 off 0.28164569420288554 neg 0.2593931738381885	false	0.5
zwei			__DUMMY__ 0.4632909554657926 off 0.27636300537569775 neg 0.2603460391585096	false	0.0
unkorrekt	neg 1.0		__DUMMY__ 0.45048691069896346 off 0.29405813650147106 neg 0.2554549527995654	false	0.5
hexe	off 1.0		__DUMMY__ 0.4495295266465104 off 0.2894046817599062 neg 0.26106579159358345	false	1.0
lasch	neg 1.0		__DUMMY__ 0.4536443271303294 off 0.29068008660619565 neg 0.25567558626347514	false	0.5
rivale	neg 1.0		__DUMMY__ 0.4498666361381764 off 0.29565364774006914 neg 0.25447971612175435	false	0.5
mutlos	off 1.0	off 1.0	off 0.630508003156688 __DUMMY__ 0.22175271249012893 neg 0.14773928435318312	false	1.0
wirr	off 1.0		__DUMMY__ 0.44854299441169226 off 0.2958698493597168 neg 0.25558715622859096	false	1.0
jahr			__DUMMY__ 0.4631593528632814 off 0.28236762573630325 neg 0.2544730214004154	false	0.0
wird			__DUMMY__ 0.4583006529426557 off 0.28251606789117883 neg 0.25918327916616546	false	0.0
strafbar	neg 1.0		__DUMMY__ 0.4593014608217366 off 0.28170945162669503 neg 0.2589890875515682	false	0.5
erosion	neg 1.0		__DUMMY__ 0.45614474519221365 off 0.2859815250405337 neg 0.25787372976725265	false	0.5
eingehen	neg 1.0		__DUMMY__ 0.4574484418532064 off 0.28098691907397705 neg 0.2615646390728165	false	0.5
faul	off 1.0		__DUMMY__ 0.453208183005858 off 0.2904393893673547 neg 0.2563524276267871	false	1.0
provisorium	neg 1.0		__DUMMY__ 0.4662191216083482 off 0.2735879864630464 neg 0.2601928919286054	false	0.5
schmerzen	neg 1.0		__DUMMY__ 0.45574911899025683 off 0.28372123718693654 neg 0.26052964382280674	false	0.5
schrumpfen	neg 1.0		__DUMMY__ 0.4593866651053553 off 0.27536651139043644 neg 0.2652468235042084	false	0.5
geistlos	off 1.0		__DUMMY__ 0.4523378693219129 off 0.2883664758775854 neg 0.2592956548005017	false	1.0
fehlkauf	neg 1.0		__DUMMY__ 0.4532713715400984 off 0.2881684608559688 neg 0.2585601676039328	false	0.5
frustrierend	neg 1.0		__DUMMY__ 0.452895221893017 off 0.2896629789911162 neg 0.25744179911586684	false	0.5
unzufrieden	neg 1.0		__DUMMY__ 0.45756731570112674 off 0.28305498329768947 neg 0.2593777010011838	false	0.5
verzweifeln	neg 1.0		__DUMMY__ 0.45688265404330947 off 0.2845235372183272 neg 0.25859380873836335	false	0.5
verzweifelt	neg 1.0		__DUMMY__ 0.45479727427461974 off 0.2868950768060777 neg 0.25830764891930263	false	0.5
misstrauensantrag	neg 1.0		__DUMMY__ 0.4539388149722652 off 0.2876824371609222 neg 0.25837874786681275	false	0.5
abfallen	neg 1.0		__DUMMY__ 0.45515140263973014 off 0.28533042998642966 neg 0.25951816737384026	false	0.5
fucker	off 1.0		__DUMMY__ 0.450789380720618 off 0.29523944422754594 neg 0.2539711750518361	false	1.0
ungezogen	neg 1.0		__DUMMY__ 0.44482133323988643 off 0.3028120614634673 neg 0.25236660529664645	false	0.5
irrsinnig	neg 1.0	neg 1.0	neg 0.6171615741443331 __DUMMY__ 0.22016231336045117 off 0.1626761124952157	false	1.0
unfassbar	neg 1.0		__DUMMY__ 0.4523436023393913 off 0.2925175597220487 neg 0.25513883793856	false	0.5
hart	neg 1.0		__DUMMY__ 0.44715659370597005 off 0.29043118535160767 neg 0.2624122209424224	false	0.5
widerlich	off 1.0		__DUMMY__ 0.4512578517889343 off 0.2928558579736429 neg 0.2558862902374229	false	1.0
fatal	neg 1.0	neg 1.0	neg 0.6184503939211605 __DUMMY__ 0.21828579308504795 off 0.16326381299379158	false	1.0
bruch	neg 1.0		__DUMMY__ 0.46144521394021615 off 0.27858967433603465 neg 0.2599651117237492	false	0.5
aushungern	neg 1.0		__DUMMY__ 0.45589008631980615 off 0.2838517250236025 neg 0.2602581886565913	false	0.5
anspannung	neg 1.0		__DUMMY__ 0.4639045968950762 off 0.27683940012734726 neg 0.2592560029775766	false	0.5
von			__DUMMY__ 0.45986838358744975 off 0.2796951092096887 neg 0.26043650720286154	false	0.0
kraftlos	neg 1.0		__DUMMY__ 0.45764025662932256 off 0.2823560524695413 neg 0.2600036909011361	false	0.5
vom			__DUMMY__ 0.46744973290103664 off 0.2747955864016403 neg 0.25775468069732316	false	0.0
grenzdebil	off 1.0		__DUMMY__ 0.4510042018389532 off 0.29236194365860435 neg 0.25663385450244247	false	1.0
vor			__DUMMY__ 0.46072132216061207 off 0.27855751064394507 neg 0.2607211671954429	false	0.0
unterwerfen	neg 1.0		__DUMMY__ 0.459034630444316 off 0.2824519386128504 neg 0.2585134309428336	false	0.5
versenkung	neg 1.0		__DUMMY__ 0.4593214244833939 off 0.2817502972856105 neg 0.25892827823099557	false	0.5
entziehen	neg 1.0		__DUMMY__ 0.45967019001624215 off 0.2791960124961931 neg 0.2611337974875646	false	0.5
finanzkrise	neg 1.0		__DUMMY__ 0.45046457417171976 off 0.2826433291223511 neg 0.2668920967059292	false	0.5
schimpfend	neg 1.0		__DUMMY__ 0.4566889683939615 off 0.28697010198269435 neg 0.25634092962334426	false	0.5
profan	neg 1.0		__DUMMY__ 0.4537591397799523 off 0.2879835081516792 neg 0.25825735206836836	false	0.5
korruption	neg 1.0		__DUMMY__ 0.45535454694573535 off 0.2827790117393677 neg 0.261866441314897	false	0.5
â			__DUMMY__ 0.45732104058502704 off 0.28230923311891926 neg 0.26036972629605365	false	0.0
schmutzig	neg 1.0		__DUMMY__ 0.45135494238945306 off 0.29272946083389906 neg 0.2559155967766478	false	0.5
sexy	neg 1.0		__DUMMY__ 0.45380326995656173 off 0.290124080473078 neg 0.25607264957036013	false	0.5
abraten	neg 1.0		__DUMMY__ 0.454926195851061 off 0.28783258717409327 neg 0.25724121697484587	false	0.5
schwarz	neg 1.0		__DUMMY__ 0.4544793445876989 off 0.28818428714943045 neg 0.25733636826287065	false	0.5
fotze	off 1.0	off 1.0	off 0.6309788919143999 __DUMMY__ 0.22158301531364447 neg 0.14743809277195555	false	1.0
verwirren	neg 1.0		__DUMMY__ 0.4542967437079559 off 0.28860724950527133 neg 0.2570960067867729	false	0.5
zahnlos	off 1.0		__DUMMY__ 0.45697477416107773 off 0.2841472101531269 neg 0.2588780156857954	false	1.0
verheeren	neg 1.0		__DUMMY__ 0.44456981630003384 off 0.30448696280413506 neg 0.2509432208958311	false	0.5
hippie	neg 1.0		__DUMMY__ 0.45351120402228046 off 0.28953887794045347 neg 0.25694991803726613	false	0.5
rammen	neg 1.0		__DUMMY__ 0.45518670299487723 off 0.2859853614899534 neg 0.2588279355151695	false	0.5
unlauter	neg 1.0		__DUMMY__ 0.45330050994883253 off 0.28746670846017064 neg 0.25923278159099683	false	0.5
unheilvoll	neg 1.0		__DUMMY__ 0.4541539201900264 off 0.2864236885162872 neg 0.2594223912936865	false	0.5
niedrig	neg 1.0		__DUMMY__ 0.4559987919987516 off 0.2814197187475997 neg 0.2625814892536489	false	0.5
explosion	neg 1.0		__DUMMY__ 0.4538499988491917 off 0.28954336733277797 neg 0.25660663381803045	false	0.5
weichei	off 1.0	off 1.0	off 0.6390966020078115 __DUMMY__ 0.21532507778758309 neg 0.14557832020460548	false	1.0
minusmensch	off 1.0		__DUMMY__ 0.443123045729016 off 0.30349831639545377 neg 0.2533786378755301	false	1.0
farblos	neg 1.0		__DUMMY__ 0.4546622570735068 off 0.28668072966633257 neg 0.2586570132601606	false	0.5
unwissend	neg 1.0	neg 1.0	neg 0.6162910480541127 __DUMMY__ 0.21854259989153693 off 0.16516635205435043	false	1.0
traurig	neg 1.0		__DUMMY__ 0.4503534308210381 off 0.2952746456429033 neg 0.25437192353605853	false	0.5
senkung	neg 1.0		__DUMMY__ 0.45054882281395947 off 0.2874300271551387 neg 0.2620211500309019	false	0.5
ungleich	neg 1.0	neg 1.0	neg 0.6180801660705089 __DUMMY__ 0.221857248613164 off 0.16006258531632706	false	1.0
heikel	neg 1.0		__DUMMY__ 0.45881975660721636 off 0.28088163092580726 neg 0.26029861246697655	false	0.5
drosselung	neg 1.0		__DUMMY__ 0.4481246754718416 off 0.29131156026903965 neg 0.26056376425911876	false	0.5
falsch	neg 1.0		__DUMMY__ 0.45380018152697893 off 0.29044346686481776 neg 0.25575635160820326	false	0.5
unzufriedenheit	neg 1.0		__DUMMY__ 0.4572832263064197 off 0.2797867316404363 neg 0.262930042053144	false	0.5
kurz	neg 1.0		__DUMMY__ 0.45854646951185324 off 0.28369774209809956 neg 0.2577557883900473	false	0.5
unsinnig	neg 1.0		__DUMMY__ 0.45509291873795993 off 0.2839892983121824 neg 0.26091778294985757	false	0.5
penner	off 1.0	off 1.0	off 0.6405342028389207 __DUMMY__ 0.21524463838438612 neg 0.14422115877669311	false	1.0
seicht	neg 1.0		__DUMMY__ 0.4434225551940499 off 0.3010897008572004 neg 0.25548774394874973	false	0.5
dummheit	off 1.0	off 1.0	off 0.6338769608971005 __DUMMY__ 0.21908706879006803 neg 0.14703597031283142	false	1.0
unerfreulich	neg 1.0		__DUMMY__ 0.4586356687951561 off 0.28030204006844517 neg 0.26106229113639867	false	0.5
motherfucker	off 1.0	off 1.0	off 0.6372363986739769 __DUMMY__ 0.2177705706695451 neg 0.14499303065647798	false	1.0
pikiert	neg 1.0		__DUMMY__ 0.4515580481183661 off 0.2914570834654487 neg 0.2569848684161854	false	0.5
wrack	neg 1.0		__DUMMY__ 0.4614636623893989 off 0.2853016343616513 neg 0.2532347032489498	false	0.5
gangster	neg 1.0		__DUMMY__ 0.4533107012792074 off 0.2897453700256374 neg 0.2569439286951553	false	0.5
krank	neg 1.0		__DUMMY__ 0.45233365557200367 off 0.2930543619934609 neg 0.2546119824345354	false	0.5
reich	neg 1.0		__DUMMY__ 0.4500045823290916 off 0.28901692828407244 neg 0.260978489386836	false	0.5
gnadenlos	neg 1.0		__DUMMY__ 0.4558851459273058 off 0.28696118846086144 neg 0.2571536656118328	false	0.5
niedergeschlagen	neg 1.0		__DUMMY__ 0.45925527333854527 off 0.2835754031546459 neg 0.2571693235068087	false	0.5
terrorisieren	off 1.0	off 1.0	off 0.6300696989985322 __DUMMY__ 0.22279394530135915 neg 0.14713635570010875	false	1.0
sinnlosigkeit	neg 1.0		__DUMMY__ 0.4570733889638748 off 0.2835079094994732 neg 0.25941870153665214	false	0.5
behindern	neg 1.0		__DUMMY__ 0.45532373014031935 off 0.2850178809181846 neg 0.25965838894149607	false	0.5
undemokratisch	neg 1.0		__DUMMY__ 0.45335793447251954 off 0.2878698673308498 neg 0.2587721981966307	false	0.5
wirtschaftskrise	neg 1.0		__DUMMY__ 0.4541976272603123 off 0.28171589088904897 neg 0.26408648185063865	false	0.5
neid	neg 1.0		__DUMMY__ 0.4536873235161539 off 0.28939215775564 neg 0.25692051872820604	false	0.5
rutschen	neg 1.0		__DUMMY__ 0.46306118007779246 off 0.27589039226277307 neg 0.2610484276594345	false	0.5
rezession	neg 1.0		__DUMMY__ 0.44536520126252716 off 0.29344734014221635 neg 0.26118745859525644	false	0.5
fehlgeburt	neg 1.0		__DUMMY__ 0.45706377441547746 off 0.286621265902246 neg 0.2563149596822766	false	0.5
charakterschwach	off 1.0		__DUMMY__ 0.45096158533284286 off 0.2920314986502219 neg 0.25700691601693504	false	1.0
isolation	neg 1.0		__DUMMY__ 0.4543546226816204 off 0.29058672322986717 neg 0.25505865408851247	false	0.5
ablenkung	neg 1.0		__DUMMY__ 0.4568600543930717 off 0.28552667424528577 neg 0.25761327136164264	false	0.5
pech	neg 1.0		__DUMMY__ 0.45259025049235196 off 0.2901364576898856 neg 0.25727329181776254	false	0.5
vermeidung	neg 1.0		__DUMMY__ 0.4504922236751474 off 0.2921699122592208 neg 0.25733786406563175	false	0.5
dominieren	neg 1.0		__DUMMY__ 0.4571234262939936 off 0.2840143952117577 neg 0.25886217849424853	false	0.5
schwindlig	neg 1.0		__DUMMY__ 0.45392491110763655 off 0.2874394267701663 neg 0.25863566212219724	false	0.5
lutscher	neg 1.0	neg 1.0	neg 0.6148218521001448 __DUMMY__ 0.21311653458097146 off 0.17206161331888384	false	1.0
pflicht	neg 1.0		__DUMMY__ 0.4604679639438366 off 0.2797587438524577 neg 0.2597732922037057	false	0.5
faschist	off 1.0		__DUMMY__ 0.4541407369321363 off 0.290425840456814 neg 0.2554334226110496	false	1.0
verschleudern	neg 1.0		__DUMMY__ 0.4548698661581706 off 0.28018265818818305 neg 0.2649474756536464	false	0.5
wenn			__DUMMY__ 0.4526723179893296 off 0.29095015986863404 neg 0.2563775221420363	false	0.0
ehebruch	neg 1.0		__DUMMY__ 0.4580096680694125 off 0.28273472094276625 neg 0.2592556109878212	false	0.5
spott	off 1.0		__DUMMY__ 0.45887947886280145 off 0.2829205687566565 neg 0.2581999523805421	false	1.0
trostlosigkeit	neg 1.0		__DUMMY__ 0.457645612445011 off 0.2783011383014387 neg 0.2640532492535503	false	0.5
lutschen	neg 1.0		__DUMMY__ 0.45234676352595155 off 0.2900545275575205 neg 0.2575987089165279	false	0.5
undiszipliniert	neg 1.0		__DUMMY__ 0.4504142305219885 off 0.2943095288024919 neg 0.2552762406755197	false	0.5
kopfschmerz	neg 1.0		__DUMMY__ 0.4553732854722165 off 0.28069481523953976 neg 0.26393189928824373	false	0.5
unvorhergesehen	neg 1.0		__DUMMY__ 0.4609814321006273 off 0.2802092791393576 neg 0.25880928876001513	false	0.5
desinteressiert	neg 1.0		__DUMMY__ 0.45063705857585795 off 0.2935506562859278 neg 0.25581228513821413	false	0.5
armselig	off 1.0		__DUMMY__ 0.44988690312185675 off 0.29637770685718207 neg 0.25373539002096107	false	1.0
desaster	neg 1.0		__DUMMY__ 0.4593737604605003 off 0.27845486962499627 neg 0.2621713699145034	false	0.5
tod	neg 1.0		__DUMMY__ 0.45892817432973027 off 0.2818266736628201 neg 0.2592451520074496	false	0.5
herzlos	neg 1.0		__DUMMY__ 0.449976682099947 off 0.29565490401477135 neg 0.2543684138852817	false	0.5
unwissenheit	neg 1.0		__DUMMY__ 0.4571169874639715 off 0.2830915802520958 neg 0.2597914322839328	false	0.5
widersinnig	neg 1.0		__DUMMY__ 0.4542225075945694 off 0.2837427466496409 neg 0.26203474575578956	false	0.5
bedenklich	neg 1.0		__DUMMY__ 0.4569833304280999 off 0.28181197956397414 neg 0.2612046900079261	false	0.5
beanstanden	neg 1.0		__DUMMY__ 0.4607306464905952 off 0.28079835895153643 neg 0.2584709945578683	false	0.5
panisch	neg 1.0		__DUMMY__ 0.4557472274452276 off 0.288110259957874 neg 0.2561425125968983	false	0.5
debil	off 1.0		__DUMMY__ 0.4631896713198504 off 0.2731074687031798 neg 0.26370285997696985	false	1.0
abstrich	neg 1.0		__DUMMY__ 0.4560233725746406 off 0.28349236281361884 neg 0.2604842646117407	false	0.5
primitiv	neg 1.0		__DUMMY__ 0.45099132280965476 off 0.2939311611212653 neg 0.25507751606907997	false	0.5
abschaum	off 1.0	off 1.0	off 0.6362075042294093 __DUMMY__ 0.21933532556512778 neg 0.14445717020546286	false	1.0
provozieren	neg 1.0		__DUMMY__ 0.4552521984282009 off 0.28672769352280764 neg 0.25802010804899145	false	0.5
tot	neg 1.0		__DUMMY__ 0.45573196801078 off 0.28248074767430653 neg 0.2617872843149135	false	0.5
instabil	neg 1.0		__DUMMY__ 0.4476656659084387 off 0.295676095192509 neg 0.2566582388990524	false	0.5
schwuchtel	off 1.0	off 1.0	off 0.6448684701233177 __DUMMY__ 0.21183085252279896 neg 0.14330067735388327	false	1.0
zerren	neg 1.0		__DUMMY__ 0.4585617137523485 off 0.28314062789242805 neg 0.25829765835522356	false	0.5
kinderficker	off 1.0		__DUMMY__ 0.4482071670141032 off 0.29893371227694426 neg 0.2528591207089525	false	1.0
gefahr	neg 1.0		__DUMMY__ 0.4606242884634112 off 0.28051052092740214 neg 0.2588651906091867	false	0.5
rabiat	neg 1.0		__DUMMY__ 0.45621808123734875 off 0.28466410512080403 neg 0.2591178136418472	false	0.5
verlangsamung	neg 1.0		__DUMMY__ 0.4454388942900846 off 0.30003798472581633 neg 0.25452312098409896	false	0.5
ausgestorben	neg 1.0		__DUMMY__ 0.45707350571292515 off 0.2844317580405525 neg 0.25849473624652247	false	0.5
anklagen	neg 1.0		__DUMMY__ 0.4575216235172683 off 0.284333901684746 neg 0.2581444747979856	false	0.5
trott	neg 1.0		__DUMMY__ 0.4559354629268931 off 0.2855912778180348 neg 0.25847325925507203	false	0.5
verminderung	neg 1.0		__DUMMY__ 0.45080216040803583 off 0.29241743687540994 neg 0.25678040271655417	false	0.5
nach			__DUMMY__ 0.464893854396011 off 0.2750331122597521 neg 0.260073033344237	false	0.0
rost	neg 1.0		__DUMMY__ 0.4479065158601044 off 0.30301214582798175 neg 0.24908133831191392	false	0.5
destruktiv	neg 1.0		__DUMMY__ 0.4554083520588256 off 0.2852743965635608 neg 0.25931725137761363	false	0.5
unzumutbarkeit	neg 1.0		__DUMMY__ 0.4509437360808655 off 0.29229651913184 neg 0.2567597447872945	false	0.5
labil	off 1.0	off 1.0	off 0.6352818588734871 __DUMMY__ 0.21863999825376312 neg 0.14607814287274984	false	1.0
ziemlich	neg 1.0		__DUMMY__ 0.45266835484782 off 0.2922364656715111 neg 0.255095179480669	false	0.5
lachnummer	off 1.0		__DUMMY__ 0.45656622701541133 off 0.286689876761331 neg 0.25674389622325783	false	1.0
oder			__DUMMY__ 0.456479142609712 off 0.28645821803346766 neg 0.25706263935682017	false	0.0
verfall	neg 1.0		__DUMMY__ 0.4595189416653322 off 0.27564541239448226 neg 0.2648356459401854	false	0.5
ausgrenzung	neg 1.0		__DUMMY__ 0.4530717219187772 off 0.2876162501584032 neg 0.25931202792281965	false	0.5
unordnung	neg 1.0		__DUMMY__ 0.4483074500096612 off 0.2966008039799605 neg 0.2550917460103782	false	0.5
fehlverhalten	neg 1.0		__DUMMY__ 0.4586498692667422 off 0.2813645550420801 neg 0.2599855756911777	false	0.5
eine			__DUMMY__ 0.4596777210095186 off 0.27884452985799313 neg 0.26147774913248817	false	0.0
nille	neg 1.0		__DUMMY__ 0.4558572491046631 off 0.2860418297596169 neg 0.2581009211357201	false	0.5
qual	neg 1.0		__DUMMY__ 0.4558538064544131 off 0.28508904616414044 neg 0.2590571473814465	false	0.5
verschwenden	neg 1.0		__DUMMY__ 0.45718142595728045 off 0.2802434806585886 neg 0.26257509338413093	false	0.5
riesig	neg 1.0		__DUMMY__ 0.4589300978269528 off 0.2817347031055971 neg 0.25933519906744995	false	0.5
verurteilen	neg 1.0		__DUMMY__ 0.4574114684867526 off 0.2839061223748449 neg 0.2586824091384024	false	0.5
klischee	neg 1.0	neg 1.0	neg 0.6167550897380902 __DUMMY__ 0.21874532559031892 off 0.16449958467159098	false	1.0
diktatorisch	neg 1.0		__DUMMY__ 0.4531431284989906 off 0.28792196753865634 neg 0.25893490396235314	false	0.5
vorhersehbar	neg 1.0		__DUMMY__ 0.4526755443416317 off 0.28862969843962444 neg 0.2586947572187438	false	0.5
sowie			__DUMMY__ 0.446695892293576 off 0.297293457519842 neg 0.256010650186582	false	0.0
stornieren	neg 1.0		__DUMMY__ 0.45783381027205705 off 0.29053642225950765 neg 0.25162976746843535	false	0.5
besteuerung	neg 1.0	neg 1.0	neg 0.620207678129707 __DUMMY__ 0.21804266917813783 off 0.16174965269215516	false	1.0
ungeschminkt	neg 1.0		__DUMMY__ 0.4501362264830373 off 0.2935396431428798 neg 0.25632413037408297	false	0.5
kritisch	neg 1.0		__DUMMY__ 0.45739511340895533 off 0.2831786152866456 neg 0.25942627130439894	false	0.5
schlamperei	off 1.0		__DUMMY__ 0.4581924000807778 off 0.2817615669746381 neg 0.2600460329445842	false	1.0
sucht	neg 1.0	neg 1.0	neg 0.6160793578225372 __DUMMY__ 0.22072910476318608 off 0.1631915374142767	false	1.0
egoistisch	off 1.0	off 1.0	off 0.6395717224428438 __DUMMY__ 0.2167301904059662 neg 0.14369808715119006	false	1.0
ausbeuter	off 1.0		__DUMMY__ 0.45706198184785995 off 0.2803241197245845 neg 0.2626138984275555	false	1.0
arschgeburt	off 1.0		__DUMMY__ 0.43970114700901225 off 0.30756077030945317 neg 0.2527380826815344	false	1.0
schubs	neg 1.0		__DUMMY__ 0.45598786291462756 off 0.2813660081710229 neg 0.2626461289143497	false	0.5
unsolide	neg 1.0		__DUMMY__ 0.45419463588365255 off 0.28908478067585197 neg 0.25672058344049536	false	0.5
beschwerde	neg 1.0		__DUMMY__ 0.4577879442048893 off 0.28382845601690154 neg 0.2583835997782092	false	0.5
stocken	neg 1.0		__DUMMY__ 0.4575546742566011 off 0.28214114484867236 neg 0.26030418089472646	false	0.5
isolieren	neg 1.0		__DUMMY__ 0.4558452732129435 off 0.2828165011707853 neg 0.26133822561627124	false	0.5
unheilbar	neg 1.0		__DUMMY__ 0.45626685617723295 off 0.28601812964776036 neg 0.2577150141750066	false	0.5
pisser	off 1.0	off 1.0	off 0.6377068803660448 __DUMMY__ 0.2172611182512167 neg 0.1450320013827385	false	1.0
löschen	neg 1.0		__DUMMY__ 0.4551234704788094 off 0.2861130035851498 neg 0.2587635259360408	false	0.5
durchfallen	neg 1.0		__DUMMY__ 0.4578544158867682 off 0.28310660507685464 neg 0.2590389790363771	false	0.5
wichser	off 1.0	off 1.0	off 0.6424792552652548 __DUMMY__ 0.21392722172100592 neg 0.14359352301373918	false	1.0
terror	neg 1.0		__DUMMY__ 0.4536327673853887 off 0.28926706810702446 neg 0.25710016450758677	false	0.5
krass	neg 1.0		__DUMMY__ 0.4482617730268636 off 0.2972196754192943 neg 0.2545185515538422	false	0.5
revolte	neg 1.0		__DUMMY__ 0.45126353409396924 off 0.2890833369964094 neg 0.25965312890962144	false	0.5
besorgt	neg 1.0		__DUMMY__ 0.45907991344056037 off 0.2841514290084868 neg 0.2567686575509528	false	0.5
nachlassen	neg 1.0		__DUMMY__ 0.45858174674724317 off 0.2825088780555861 neg 0.2589093751971707	false	0.5
alt	neg 1.0		__DUMMY__ 0.45437209999489125 off 0.2801907449684377 neg 0.26543715503667115	false	0.5
hundesohn	off 1.0	off 1.0	off 0.6415820996935462 __DUMMY__ 0.21378888031700696 neg 0.1446290199894468	false	1.0
als			__DUMMY__ 0.45678405301688163 off 0.2831649489934736 neg 0.2600509979896447	false	0.0
abschreckung	neg 1.0		__DUMMY__ 0.45889526476606096 off 0.28035326112630404 neg 0.26075147410763505	false	0.5
unqualifiziert	neg 1.0		__DUMMY__ 0.45333580601128115 off 0.2909116342456798 neg 0.255752559743039	false	0.5
abgewichst	off 1.0		__DUMMY__ 0.4565194004930529 off 0.28541074734862343 neg 0.2580698521583237	false	1.0
schwer	neg 1.0		__DUMMY__ 0.456511299698919 off 0.28506503277829803 neg 0.258423667522783	false	0.5
bedeutungslosigkeit	neg 1.0		__DUMMY__ 0.4585001613049434 off 0.2808645177411049 neg 0.26063532095395175	false	0.5
kapitulation	neg 1.0		__DUMMY__ 0.4559761136133101 off 0.28216232418776316 neg 0.2618615621989267	false	0.5
unscharf	neg 1.0		__DUMMY__ 0.4507536134728937 off 0.28637764865760545 neg 0.2628687378695008	false	0.5
schwinden	neg 1.0		__DUMMY__ 0.45649207239875483 off 0.27996241225120166 neg 0.26354551535004356	false	0.5
versklavung	neg 1.0	neg 1.0	neg 0.6180056293525876 __DUMMY__ 0.21911479863648395 off 0.1628795720109284	false	1.0
schlecht	neg 1.0		__DUMMY__ 0.45314052924769543 off 0.29265690667938854 neg 0.25420256407291597	false	0.5
verhasst	neg 1.0		__DUMMY__ 0.45471419874515534 off 0.28747467921339204 neg 0.2578111220414526	false	0.5
beschweren	neg 1.0		__DUMMY__ 0.4557633433764182 off 0.28828612401499976 neg 0.2559505326085819	false	0.5
scheiden	neg 1.0		__DUMMY__ 0.45569425674087005 off 0.2855464120952277 neg 0.2587593311639022	false	0.5
frustriert	neg 1.0		__DUMMY__ 0.4572101547085586 off 0.2842520752488979 neg 0.25853777004254347	false	0.5
schimmelig	neg 1.0		__DUMMY__ 0.45504209043191424 off 0.2811032595699909 neg 0.2638546499980947	false	0.5
fisch	neg 1.0		__DUMMY__ 0.45608058836423243 off 0.27710032337093377 neg 0.26681908826483375	false	0.5
schmuggel	neg 1.0		__DUMMY__ 0.4616331198851637 off 0.28000735146207745 neg 0.25835952865275874	false	0.5
auffallen	neg 1.0		__DUMMY__ 0.4547050424269722 off 0.28844886459835556 neg 0.2568460929746722	false	0.5
konkurrenz	neg 1.0		__DUMMY__ 0.46021022714759374 off 0.2809553606538815 neg 0.25883441219852477	false	0.5
teufelskreis	neg 1.0	neg 1.0	neg 0.6188490190973982 __DUMMY__ 0.21995215432558696 off 0.16119882657701484	false	1.0
aufschreien	neg 1.0		__DUMMY__ 0.453301036980526 off 0.2887277231056805 neg 0.25797123991379345	false	0.5
schuldner	neg 1.0		__DUMMY__ 0.45557385992357635 off 0.2793110387214984 neg 0.2651151013549253	false	0.5
missgeburt	off 1.0	off 1.0	off 0.6410086489886088 __DUMMY__ 0.21547164239011177 neg 0.1435197086212795	false	1.0
arbeitslos	neg 1.0		__DUMMY__ 0.4575173792688096 off 0.28280727150952806 neg 0.2596753492216624	false	0.5
befallen	neg 1.0		__DUMMY__ 0.4535303313460597 off 0.2832060162288816 neg 0.26326365242505867	false	0.5
miesepetrig	off 1.0	off 1.0	off 0.6353388018817901 __DUMMY__ 0.21880926964017178 neg 0.145851928478038	false	1.0
alarmieren	neg 1.0		__DUMMY__ 0.4534318290691819 off 0.2915441978896954 neg 0.2550239730411228	false	0.5
ungeduscht	off 1.0		__DUMMY__ 0.4517182420554928 off 0.29006019327702875 neg 0.25822156466747825	false	1.0
knappheit	neg 1.0		__DUMMY__ 0.4544080577495858 off 0.2819144043179794 neg 0.2636775379324349	false	0.5
schlange	neg 1.0		__DUMMY__ 0.45640136755387306 off 0.28628619397477917 neg 0.25731243847134777	false	0.5
harsch	neg 1.0		__DUMMY__ 0.4503134472921673 off 0.2972423679788396 neg 0.25244418472899327	false	0.5
lang	neg 1.0		__DUMMY__ 0.45492613694531875 off 0.28710407393014775 neg 0.25796978912453356	false	0.5
ziellos	neg 1.0		__DUMMY__ 0.45919427433134796 off 0.2812933192069127 neg 0.2595124064617394	false	0.5
selbstverliebt	neg 1.0		__DUMMY__ 0.4437770356627494 off 0.305328153424316 neg 0.2508948109129347	false	0.5
beseitigen	neg 1.0		__DUMMY__ 0.45741028689015223 off 0.28613236108536066 neg 0.25645735202448716	false	0.5
dumm	off 1.0		__DUMMY__ 0.4469497106463534 off 0.299566917814884 neg 0.25348337153876266	false	1.0
arbeitsloser	neg 1.0		__DUMMY__ 0.4614039310683295 off 0.28481967103795686 neg 0.2537763978937137	false	0.5
blitzen	neg 1.0		__DUMMY__ 0.45255016116517666 off 0.289893846090349 neg 0.2575559927444743	false	0.5
hilflos	neg 1.0		__DUMMY__ 0.4573307585656167 off 0.28286214107696145 neg 0.2598071003574218	false	0.5
eklig	off 1.0		__DUMMY__ 0.4452322889323887 off 0.29942285054526596 neg 0.2553448605223454	false	1.0
begriff			__DUMMY__ 0.456411401834519 off 0.28532750495497455 neg 0.2582610932105065	false	0.0
hungersnot	neg 1.0		__DUMMY__ 0.4556273712314823 off 0.28259804326965177 neg 0.26177458549886595	false	0.5
ungesetzlich	neg 1.0		__DUMMY__ 0.45354243157714774 off 0.28812777697803776 neg 0.2583297914448145	false	0.5
verschwendung	neg 1.0		__DUMMY__ 0.458126349630179 off 0.280615765182553 neg 0.261257885187268	false	0.5
schmerzvoll	neg 1.0		__DUMMY__ 0.45407196887711515 off 0.2869182864670203 neg 0.2590097446558646	false	0.5
vorzeitig	neg 1.0		__DUMMY__ 0.45343241385457705 off 0.29195082391023697 neg 0.25461676223518603	false	0.5
unvollkommenheit	neg 1.0		__DUMMY__ 0.4563252257378393 off 0.28364061060774315 neg 0.2600341636544176	false	0.5
intervenieren	neg 1.0		__DUMMY__ 0.45602721954328196 off 0.28067167065126897 neg 0.26330110980544896	false	0.5
banause	off 1.0		__DUMMY__ 0.4422661941140081 off 0.30026019577993734 neg 0.25747361010605446	false	1.0
rebell	neg 1.0		__DUMMY__ 0.45762912616858137 off 0.27523065487927173 neg 0.2671402189521469	false	0.5
unlogisch	neg 1.0		__DUMMY__ 0.44960069110925055 off 0.2946852636541571 neg 0.2557140452365923	false	0.5
leiden	neg 1.0		__DUMMY__ 0.46184629797324744 off 0.2806278990522197 neg 0.257525802974533	false	0.5
abschaffung	neg 1.0		__DUMMY__ 0.45310147569775566 off 0.28608833756145163 neg 0.26081018674079276	false	0.5
sturz	neg 1.0		__DUMMY__ 0.4572858338471378 off 0.2892759808778567 neg 0.25343818527500556	false	0.5
verkleinerung	neg 1.0		__DUMMY__ 0.449564787105984 off 0.2889212447865321 neg 0.26151396810748395	false	0.5
schmarotzer	off 1.0		__DUMMY__ 0.4569836594836201 off 0.2839224666707729 neg 0.25909387384560717	false	1.0
bestrafung	neg 1.0	neg 1.0	neg 0.6164073772976161 __DUMMY__ 0.22089624314680126 off 0.1626963795555827	false	1.0
achtlos	neg 1.0		__DUMMY__ 0.45777883472957703 off 0.28452952939694637 neg 0.25769163587347654	false	0.5
ungeheuer	neg 1.0		__DUMMY__ 0.4537466286986518 off 0.28523485539843085 neg 0.2610185159029173	false	0.5
unaufrichtig	neg 1.0		__DUMMY__ 0.45336957491456426 off 0.2908334789704358 neg 0.2557969461149999	false	0.5
groggy	neg 1.0		__DUMMY__ 0.45439310059459914 off 0.28973267941427283 neg 0.255874219991128	false	0.5
verletzlich	neg 1.0		__DUMMY__ 0.44941760818859416 off 0.29036591160755454 neg 0.26021648020385135	false	0.5
ablehnen	neg 1.0		__DUMMY__ 0.45743631975926924 off 0.2828073099161951 neg 0.2597563703245356	false	0.5
