unsolidarisch	neg 1.0		off 0.502192189864735 neg 0.4577085785926051 __DUMMY__ 0.04009923154265994	false	0.5
nachteilig	neg 1.0		off 0.5004806504376745 neg 0.4589341242004413 __DUMMY__ 0.040585225361884275	false	0.5
skeptisch	neg 1.0		off 0.49883666833058066 neg 0.46056276168789567 __DUMMY__ 0.040600569981523726	false	0.5
schrecklich	neg 1.0		off 0.5107712412966647 neg 0.449493642465709 __DUMMY__ 0.03973511623762629	false	0.5
schlapp	neg 1.0	neg 1.0	neg 0.7109679800082757 off 0.27005652390978657 __DUMMY__ 0.0189754960819377	false	1.0
abfall	neg 1.0		off 0.49749783776170536 neg 0.4615864518698483 __DUMMY__ 0.040915710368446184	false	0.5
widerspenstig	neg 1.0		off 0.5013112617517353 neg 0.4584584948646038 __DUMMY__ 0.040230243383660894	false	0.5
abrupt	neg 1.0		off 0.4968485325597001 neg 0.4626877140716449 __DUMMY__ 0.04046375336865508	false	0.5
unwirksam	neg 1.0		off 0.4987819801259714 neg 0.46139664551713466 __DUMMY__ 0.03982137435689395	false	0.5
angreifen	neg 1.0		off 0.49872492473666596 neg 0.460602535340498 __DUMMY__ 0.04067253992283593	false	0.5
inkonsistent	neg 1.0		off 0.5034126731219135 neg 0.4566336838871803 __DUMMY__ 0.039953642990906174	false	0.5
abrutschen	neg 1.0		off 0.4965709355821315 neg 0.4625560278088234 __DUMMY__ 0.04087303660904509	false	0.5
unsicher	neg 1.0		off 0.5035303864707851 neg 0.45607326137193066 __DUMMY__ 0.040396352157284245	false	0.5
bauernkind	off 1.0	off 1.0	off 0.7403710206678996 neg 0.24107168221644956 __DUMMY__ 0.018557297115650802	false	1.0
angreifer	neg 1.0		off 0.5091101334540236 neg 0.45053706331171883 __DUMMY__ 0.040352803234257446	false	0.5
trennen	neg 1.0		off 0.4990349876237002 neg 0.4602304568954141 __DUMMY__ 0.04073455548088566	false	0.5
schmutz	neg 1.0		off 0.5093222850285454 neg 0.45019508935448205 __DUMMY__ 0.040482625616972655	false	0.5
inkonsistenz	neg 1.0		off 0.5073174192147842 neg 0.45267594502240843 __DUMMY__ 0.04000663576280743	false	0.5
erschreckend	neg 1.0		off 0.502239751715951 neg 0.45740046144329766 __DUMMY__ 0.04035978684075143	false	0.5
ertrinken	neg 1.0		off 0.49699001299824225 neg 0.46243884498825233 __DUMMY__ 0.040571142013505396	false	0.5
pickelface	off 1.0		off 0.503023333766718 neg 0.4567347709593758 __DUMMY__ 0.04024189527390625	false	1.0
seiner			off 0.4997015815131927 neg 0.4595873617573701 __DUMMY__ 0.04071105672943729	false	0.0
lauch	neg 1.0	neg 1.0	neg 0.7167008983807978 off 0.263919615781408 __DUMMY__ 0.019379485837794162	false	1.0
unwichtig	neg 1.0		off 0.5072434247631941 neg 0.4527484745930036 __DUMMY__ 0.04000810064380222	false	0.5
steuerhinterziehung	neg 1.0		off 0.5014813984780417 neg 0.45825796330703944 __DUMMY__ 0.040260638214918855	false	0.5
schock	neg 1.0		off 0.501701787489363 neg 0.4578582830159197 __DUMMY__ 0.04043992949471735	false	0.5
beule	neg 1.0		off 0.5080504401093029 neg 0.4522103445886729 __DUMMY__ 0.03973921530202429	false	0.5
vergelten	neg 1.0		off 0.5119606203991297 neg 0.44832841297373355 __DUMMY__ 0.03971096662713675	false	0.5
verdorbenheit	neg 1.0		off 0.50400852338224 neg 0.45575361353749677 __DUMMY__ 0.04023786308026315	false	0.5
trauma	neg 1.0		off 0.5034921045673512 neg 0.45634841457015085 __DUMMY__ 0.04015948086249803	false	0.5
sinnlos	neg 1.0		off 0.5047118728096512 neg 0.4550904231021174 __DUMMY__ 0.04019770408823143	false	0.5
fettsack	off 1.0	off 1.0	off 0.7416532620610905 neg 0.2397642384066404 __DUMMY__ 0.01858249953226906	false	1.0
feige	off 1.0	off 1.0	off 0.7402019613220958 neg 0.24086406372233127 __DUMMY__ 0.018933974955572922	false	1.0
abdanken	neg 1.0		off 0.5040336496988475 neg 0.45550383553817886 __DUMMY__ 0.04046251476297368	false	0.5
wichtigtuer	off 1.0	off 1.0	off 0.7394063821019488 neg 0.24148363559075803 __DUMMY__ 0.019109982307293175	false	1.0
misslingen	neg 1.0		off 0.5061602285314359 neg 0.45343414641167906 __DUMMY__ 0.040405625056884956	false	0.5
untreu	off 1.0		off 0.5081769366340039 neg 0.4519033736381153 __DUMMY__ 0.039919689727880944	false	1.0
missmutig	neg 1.0		off 0.5056878861136707 neg 0.4542726982086882 __DUMMY__ 0.04003941567764103	false	0.5
hurenbock	off 1.0		off 0.49870626131483453 neg 0.461445548023905 __DUMMY__ 0.03984819066126057	false	1.0
betrunken	neg 1.0		off 0.5095645138017993 neg 0.4506618851031934 __DUMMY__ 0.039773601095007334	false	0.5
korrupt	off 1.0		off 0.5005409648794396 neg 0.45921783903156776 __DUMMY__ 0.04024119608899255	false	1.0
unmut	neg 1.0		off 0.4975561511577771 neg 0.46170905305381527 __DUMMY__ 0.04073479578840764	false	0.5
hackfresse	off 1.0		off 0.5143534887055543 neg 0.4462306132076346 __DUMMY__ 0.039415898086811216	false	1.0
aufblasen	neg 1.0		off 0.5031020834547276 neg 0.4566216232108882 __DUMMY__ 0.04027629333438414	false	0.5
gewaltsam	neg 1.0		off 0.5042210969172191 neg 0.45530731995945983 __DUMMY__ 0.040471583123321074	false	0.5
unbeliebtheit	neg 1.0		off 0.5083926321277845 neg 0.45168401543757203 __DUMMY__ 0.03992335243464359	false	0.5
sturheit	neg 1.0		off 0.5035508105860446 neg 0.4559566038530687 __DUMMY__ 0.04049258556088673	false	0.5
kuh	neg 1.0		off 0.49828330881247146 neg 0.4623145180485727 __DUMMY__ 0.0394021731389559	false	0.5
erschrecken	neg 1.0		off 0.5064552048467126 neg 0.4534784293444038 __DUMMY__ 0.04006636580888364	false	0.5
opfer	neg 1.0		off 0.5026954887933812 neg 0.4565396732231735 __DUMMY__ 0.04076483798344529	false	0.5
sinken	neg 1.0		off 0.49618562012124695 neg 0.4632867068612568 __DUMMY__ 0.040527673017496296	false	0.5
stinktier	neg 1.0		off 0.5079030980980317 neg 0.452967414683883 __DUMMY__ 0.039129487218085304	false	0.5
tucke	off 1.0		off 0.5123468140646097 neg 0.44873250809992277 __DUMMY__ 0.03892067783546749	false	1.0
ein			off 0.5000556285884277 neg 0.45978516999942576 __DUMMY__ 0.04015920141214648	false	0.0
abstieg	neg 1.0		off 0.5042350087285311 neg 0.4550290184774651 __DUMMY__ 0.0407359727940038	false	0.5
missverstehen	neg 1.0		off 0.505629162224392 neg 0.4542197269741762 __DUMMY__ 0.040151110801431855	false	0.5
ergebnislos	neg 1.0		off 0.5017063437552477 neg 0.45757911660299116 __DUMMY__ 0.040714539641761	false	0.5
unter			off 0.49453827522651467 neg 0.4642315367890709 __DUMMY__ 0.041230187984414426	false	0.0
manipulieren	neg 1.0		off 0.499933265160244 neg 0.4594158497499656 __DUMMY__ 0.04065088508979041	false	0.5
unbewiesen	neg 1.0	neg 1.0	neg 0.7126245738478527 off 0.26824171834176336 __DUMMY__ 0.01913370781038391	false	1.0
verschleppen	neg 1.0		off 0.500649664953749 neg 0.4588821826964664 __DUMMY__ 0.04046815234978453	false	0.5
weib	off 1.0		off 0.514204936785338 neg 0.4466995838114425 __DUMMY__ 0.03909547940321953	false	1.0
opposition	neg 1.0		off 0.5031737489006021 neg 0.45675006440736887 __DUMMY__ 0.0400761866920291	false	0.5
verkehrswidrig	neg 1.0		off 0.5137668087215551 neg 0.4464410518370707 __DUMMY__ 0.03979213944137425	false	0.5
inkorrekt	neg 1.0		off 0.5102461376715423 neg 0.45004461498706433 __DUMMY__ 0.03970924734139342	false	0.5
vermeiden	neg 1.0		off 0.49618336329441504 neg 0.4629120156133127 __DUMMY__ 0.040904621092272164	false	0.5
abweichung	neg 1.0	neg 1.0	neg 0.7132461447814016 off 0.2674308294005798 __DUMMY__ 0.019323025818018643	false	1.0
alkoholisiert	neg 1.0		off 0.5024284241439189 neg 0.4566319760957428 __DUMMY__ 0.040939599760338334	false	0.5
scheiss	off 1.0	off 1.0	off 0.7403521812011797 neg 0.24081793183723518 __DUMMY__ 0.018829886961585156	false	1.0
herausforderung	neg 1.0		off 0.5008495213745857 neg 0.4586763892723327 __DUMMY__ 0.04047408935308148	false	0.5
pervers	off 1.0		off 0.517173798593569 neg 0.44378728529318534 __DUMMY__ 0.039038916113245635	false	1.0
wackelig	neg 1.0		off 0.5014662542399224 neg 0.45799015333478826 __DUMMY__ 0.04054359242528933	false	0.5
verwickeln	neg 1.0		off 0.5050772240355326 neg 0.4546963873813814 __DUMMY__ 0.04022638858308589	false	0.5
vorwand	neg 1.0		off 0.4981704971676977 neg 0.4611545543000973 __DUMMY__ 0.04067494853220507	false	0.5
muschi	off 1.0		off 0.5030252306208202 neg 0.4565820108223788 __DUMMY__ 0.040392758556801044	false	1.0
entmutigung	neg 1.0		off 0.5025485831026637 neg 0.45754918043473164 __DUMMY__ 0.03990223646260455	false	0.5
unangemessen	neg 1.0		off 0.5026113185419796 neg 0.456941985268628 __DUMMY__ 0.04044669618939238	false	0.5
unstetig	neg 1.0		off 0.5057096389725975 neg 0.4543141017738755 __DUMMY__ 0.03997625925352698	false	0.5
entmutigen	neg 1.0		off 0.5038560264632332 neg 0.45588479380037955 __DUMMY__ 0.040259179736387096	false	0.5
schwanz	neg 1.0		off 0.5002013078833087 neg 0.45938175844285967 __DUMMY__ 0.040416933673831604	false	0.5
verbot	neg 1.0		off 0.5007197494319005 neg 0.4589713488511071 __DUMMY__ 0.040308901716992404	false	0.5
leid	neg 1.0		off 0.5118194504614867 neg 0.4485884561623418 __DUMMY__ 0.039592093376171526	false	0.5
archaisch	neg 1.0		off 0.5007733774879948 neg 0.45890809763531004 __DUMMY__ 0.0403185248766952	false	0.5
gegen			off 0.4996605600643921 neg 0.45947397568768344 __DUMMY__ 0.040865464247924546	false	0.0
scheidung	neg 1.0		off 0.5236833171667856 neg 0.437130662624472 __DUMMY__ 0.03918602020874243	false	0.5
einschlag	neg 1.0		off 0.5136426635642996 neg 0.446402939134763 __DUMMY__ 0.03995439730093743	false	0.5
m			off 0.5013954873898652 neg 0.45813414449193063 __DUMMY__ 0.04047036811820404	false	0.0
abgestanden	neg 1.0		off 0.4972858741078084 neg 0.46296890807267665 __DUMMY__ 0.039745217819514976	false	0.5
schmierig	off 1.0		off 0.511156129889095 neg 0.4492630527788149 __DUMMY__ 0.0395808173320902	false	1.0
unpraktisch	neg 1.0		off 0.5046564464716602 neg 0.4550771918408814 __DUMMY__ 0.040266361687458445	false	0.5
wixxer	off 1.0		off 0.5159599973770672 neg 0.4451643581747751 __DUMMY__ 0.038875644448157574	false	1.0
bezeichnet			off 0.5041542981585251 neg 0.4554642793588753 __DUMMY__ 0.04038142248259965	false	0.0
jammerlappen	off 1.0		off 0.5074864537301436 neg 0.4525187410693021 __DUMMY__ 0.039994805200554345	false	1.0
farce	neg 1.0		off 0.5014666564966759 neg 0.4583833442030845 __DUMMY__ 0.04014999930023955	false	0.5
zwecklos	neg 1.0		off 0.5008629566916316 neg 0.45871389413658403 __DUMMY__ 0.0404231491717843	false	0.5
turbulent	neg 1.0		off 0.5079993959541698 neg 0.4522846314234307 __DUMMY__ 0.03971597262239946	false	0.5
invasion	neg 1.0		off 0.5049702259949616 neg 0.4549126641036895 __DUMMY__ 0.04011710990134902	false	0.5
schuld	neg 1.0		off 0.5043842045438699 neg 0.45534758670426195 __DUMMY__ 0.04026820875186812	false	0.5
risiko	neg 1.0		off 0.502176273025076 neg 0.4578947540416362 __DUMMY__ 0.03992897293328788	false	0.5
finster	neg 1.0		off 0.5004002810774928 neg 0.4594975547069458 __DUMMY__ 0.040102164215561245	false	0.5
geisteskrank	off 1.0		off 0.509555089680466 neg 0.4506210653493501 __DUMMY__ 0.039823844970183875	false	1.0
zusammenbrechen	neg 1.0		off 0.5007150248839333 neg 0.4588981195387926 __DUMMY__ 0.0403868555772742	false	0.5
ausbeute	neg 1.0		off 0.5046074996901069 neg 0.45477794465118154 __DUMMY__ 0.04061455565871148	false	0.5
hinterhalt	neg 1.0		off 0.5009075273038014 neg 0.4587865377842087 __DUMMY__ 0.04030593491198995	false	0.5
kritik	neg 1.0		off 0.5012929020453789 neg 0.458534335814132 __DUMMY__ 0.04017276214048905	false	0.5
einschrumpfen	neg 1.0		off 0.5055653817211582 neg 0.45465649932553 __DUMMY__ 0.03977811895331185	false	0.5
riskant	neg 1.0		off 0.4983611820695188 neg 0.4611111548039488 __DUMMY__ 0.040527663126532415	false	0.5
frustrieren	neg 1.0		off 0.498950463487572 neg 0.460596945134159 __DUMMY__ 0.04045259137826894	false	0.5
groll	neg 1.0		off 0.5025218404758293 neg 0.4569337169950013 __DUMMY__ 0.04054444252916944	false	0.5
gibt			off 0.5009262163309767 neg 0.4586037695825326 __DUMMY__ 0.0404700140864907	false	0.0
qualvoll	neg 1.0		off 0.5048062803225308 neg 0.4550191267268057 __DUMMY__ 0.04017459295066346	false	0.5
wackeln	neg 1.0		off 0.5028581529784145 neg 0.4568042167824358 __DUMMY__ 0.04033763023914973	false	0.5
klagen	neg 1.0		off 0.49770627922468474 neg 0.46169440069897805 __DUMMY__ 0.04059932007633722	false	0.5
bankrott	neg 1.0		off 0.5076090044953718 neg 0.45231118515130725 __DUMMY__ 0.04007981035332096	false	0.5
trauern	neg 1.0		off 0.5028620036138153 neg 0.45621538957221486 __DUMMY__ 0.04092260681396991	false	0.5
ablehnung	neg 1.0		off 0.5006654986587804 neg 0.45912791065910463 __DUMMY__ 0.04020659068211488	false	0.5
stur	neg 1.0		off 0.5038714164570509 neg 0.4559107946108645 __DUMMY__ 0.04021778893208452	false	0.5
aufruhr	neg 1.0	neg 1.0	neg 0.7126130756024175 off 0.2681835538316592 __DUMMY__ 0.019203370565923326	false	1.0
melancholie	neg 1.0		off 0.49672684162893505 neg 0.46287232556799623 __DUMMY__ 0.04040083280306866	false	0.5
ist			off 0.5042975220194938 neg 0.45550715626834826 __DUMMY__ 0.04019532171215779	false	0.0
torheit	neg 1.0		off 0.5039627736945639 neg 0.45582437604013687 __DUMMY__ 0.04021285026529938	false	0.5
dreckskind	off 1.0		off 0.5141649157157145 neg 0.4465989124047082 __DUMMY__ 0.0392361718795771	false	1.0
umtauschen	neg 1.0		off 0.5022165869605926 neg 0.4574623193359844 __DUMMY__ 0.040321093703422836	false	0.5
zum			off 0.5001028015950819 neg 0.4586451202703873 __DUMMY__ 0.041252078134530704	false	0.0
zersetzen	neg 1.0		off 0.4977953690280915 neg 0.4617158809697519 __DUMMY__ 0.04048875000215657	false	0.5
zur			off 0.49669280255474907 neg 0.4623728676424358 __DUMMY__ 0.04093432980281514	false	0.0
frust	neg 1.0		off 0.5009996876647869 neg 0.4585528058139783 __DUMMY__ 0.040447506521234806	false	0.5
unerbittlichkeit	neg 1.0		off 0.5002238110045012 neg 0.4591748597830738 __DUMMY__ 0.040601329212424944	false	0.5
zwei			off 0.4968341098666054 neg 0.46215817249375973 __DUMMY__ 0.0410077176396349	false	0.0
unkorrekt	neg 1.0		off 0.5093516854429676 neg 0.45086246040965633 __DUMMY__ 0.03978585414737613	false	0.5
hexe	off 1.0		off 0.503901245063757 neg 0.4564087129241103 __DUMMY__ 0.039690042012132686	false	1.0
lasch	neg 1.0		off 0.5072719235223482 neg 0.4526349047677617 __DUMMY__ 0.04009317170989019	false	0.5
rivale	neg 1.0		off 0.5107575439606807 neg 0.4495182977426074 __DUMMY__ 0.03972415829671193	false	0.5
mutlos	off 1.0	off 1.0	off 0.7363416105370839 neg 0.24441069794711942 __DUMMY__ 0.019247691515796677	false	1.0
wirr	off 1.0		off 0.5103149250878753 neg 0.4500860626828782 __DUMMY__ 0.03959901222924632	false	1.0
jahr			off 0.5031921775028079 neg 0.45581964628407673 __DUMMY__ 0.04098817621311532	false	0.0
wird			off 0.5008711904363825 neg 0.4585889384972292 __DUMMY__ 0.04053987106638829	false	0.0
strafbar	neg 1.0		off 0.5004691477587907 neg 0.45889781588167744 __DUMMY__ 0.04063303635953171	false	0.5
erosion	neg 1.0		off 0.5035519495393274 neg 0.4561164597006703 __DUMMY__ 0.04033159076000232	false	0.5
eingehen	neg 1.0		off 0.49876501502134374 neg 0.46077487942453865 __DUMMY__ 0.04046010555411765	false	0.5
faul	off 1.0		off 0.5068854894113113 neg 0.4530690316634341 __DUMMY__ 0.0400454789252546	false	1.0
provisorium	neg 1.0		off 0.49531041553178 neg 0.46340291182064625 __DUMMY__ 0.041286672647573706	false	0.5
schmerzen	neg 1.0		off 0.5009688825132907 neg 0.4587457563642213 __DUMMY__ 0.04028536112248784	false	0.5
schrumpfen	neg 1.0		off 0.4936697182162435 neg 0.4656902147135391 __DUMMY__ 0.04064006707021731	false	0.5
geistlos	off 1.0		off 0.5040945255539945 neg 0.45593606527951724 __DUMMY__ 0.0399694091664882	false	1.0
fehlkauf	neg 1.0		off 0.5044092165048748 neg 0.45553273727474186 __DUMMY__ 0.04005804622038351	false	0.5
frustrierend	neg 1.0		off 0.505824101077201 neg 0.454153240483596 __DUMMY__ 0.04002265843920294	false	0.5
unzufrieden	neg 1.0		off 0.5010473507438187 neg 0.4584812404075779 __DUMMY__ 0.04047140884860342	false	0.5
verzweifeln	neg 1.0		off 0.5022978220304294 neg 0.457296978179445 __DUMMY__ 0.04040519979012554	false	0.5
verzweifelt	neg 1.0		off 0.5038034686173708 neg 0.45598959300645975 __DUMMY__ 0.040206938376169475	false	0.5
misstrauensantrag	neg 1.0		off 0.5042578028292259 neg 0.455626292303794 __DUMMY__ 0.04011590486698018	false	0.5
abfallen	neg 1.0		off 0.5023697767746513 neg 0.4573973610410976 __DUMMY__ 0.04023286218425097	false	0.5
fucker	off 1.0		off 0.5107362738712921 neg 0.4494394604235793 __DUMMY__ 0.0398242657051285	false	1.0
ungezogen	neg 1.0		off 0.5159191922936257 neg 0.44483470785132967 __DUMMY__ 0.03924609985504462	false	0.5
irrsinnig	neg 1.0	neg 1.0	neg 0.713092993377749 off 0.2678016873157542 __DUMMY__ 0.019105319306496782	false	1.0
unfassbar	neg 1.0		off 0.5086282566627343 neg 0.45140240703637324 __DUMMY__ 0.03996933630089237	false	0.5
hart	neg 1.0		off 0.5037821160165834 neg 0.45675255511826235 __DUMMY__ 0.03946532886515418	false	0.5
widerlich	off 1.0		off 0.5084391603001496 neg 0.45169440652268916 __DUMMY__ 0.039866433177161216	false	1.0
fatal	neg 1.0	neg 1.0	neg 0.7135514616788573 off 0.26751057449410653 __DUMMY__ 0.018937963827036077	false	1.0
bruch	neg 1.0		off 0.4981853424934455 neg 0.4609825946415082 __DUMMY__ 0.040832062865046315	false	0.5
aushungern	neg 1.0		off 0.5009923396403663 neg 0.4587006994180604 __DUMMY__ 0.040306960941573274	false	0.5
anspannung	neg 1.0		off 0.49757952635963437 neg 0.4613556788693416 __DUMMY__ 0.04106479477102396	false	0.5
von			off 0.49864835813468994 neg 0.4606758401656884 __DUMMY__ 0.040675801699621664	false	0.0
kraftlos	neg 1.0		off 0.5003719766239955 neg 0.45915531788033204 __DUMMY__ 0.04047270549567249	false	0.5
vom			off 0.49725280728217813 neg 0.46134750368125377 __DUMMY__ 0.04139968903656802	false	0.0
grenzdebil	off 1.0		off 0.5077888514363638 neg 0.45236975980218946 __DUMMY__ 0.0398413887614467	false	1.0
vor			off 0.49783581028886087 neg 0.461393580868614 __DUMMY__ 0.04077060884252521	false	0.0
unterwerfen	neg 1.0		off 0.5011329768098471 neg 0.458260128349306 __DUMMY__ 0.0406068948408468	false	0.5
versenkung	neg 1.0		off 0.5005210674002524 neg 0.45884149226216264 __DUMMY__ 0.040637440337584964	false	0.5
entziehen	neg 1.0		off 0.49795294900047377 neg 0.4613759375474296 __DUMMY__ 0.040671113452096654	false	0.5
finanzkrise	neg 1.0		off 0.49700839489943505 neg 0.46320307887895373 __DUMMY__ 0.039788526221611234	false	0.5
schimpfend	neg 1.0		off 0.5049227760307918 neg 0.4547066198717316 __DUMMY__ 0.04037060409747654	false	0.5
profan	neg 1.0		off 0.5044685067008934 neg 0.4554278542250123 __DUMMY__ 0.040103639074094276	false	0.5
korruption	neg 1.0		off 0.49960070704791015 neg 0.460143179861405 __DUMMY__ 0.040256113090684796	false	0.5
â			off 0.500189165388391 neg 0.4593654270287988 __DUMMY__ 0.040445407582810254	false	0.0
schmutzig	neg 1.0		off 0.5083543806944134 neg 0.4517722147454895 __DUMMY__ 0.03987340456009699	false	0.5
sexy	neg 1.0		off 0.5067955153615993 neg 0.45309391201886795 __DUMMY__ 0.04011057261953278	false	0.5
abraten	neg 1.0		off 0.5049146114275453 neg 0.45487179881263595 __DUMMY__ 0.04021358975981874	false	0.5
schwarz	neg 1.0		off 0.5050408222298467 neg 0.45478371789953864 __DUMMY__ 0.040175459870614626	false	0.5
fotze	off 1.0	off 1.0	off 0.7367777199585385 neg 0.24399282069591 __DUMMY__ 0.019229459345551557	false	1.0
verwirren	neg 1.0		off 0.5054003165379639 neg 0.4544427295363003 __DUMMY__ 0.04015695392573585	false	0.5
zahnlos	off 1.0		off 0.5019105299915497 neg 0.4576742204195072 __DUMMY__ 0.040415249588943235	false	1.0
verheeren	neg 1.0		off 0.5175122750005218 neg 0.44326791987735165 __DUMMY__ 0.03921980512212661	false	0.5
hippie	neg 1.0		off 0.506004321336486 neg 0.4539116300374127 __DUMMY__ 0.04008404862610127	false	0.5
rammen	neg 1.0		off 0.5031013418110933 neg 0.45667464541235037 __DUMMY__ 0.040224012776556316	false	0.5
unlauter	neg 1.0		off 0.5036350515693759 neg 0.4563104088503512 __DUMMY__ 0.04005453958027308	false	0.5
unheilvoll	neg 1.0		off 0.5030358315555621 neg 0.45683108569911074 __DUMMY__ 0.0401330827453272	false	0.5
niedrig	neg 1.0		off 0.4985153552874914 neg 0.46117862080686456 __DUMMY__ 0.04030602390564396	false	0.5
explosion	neg 1.0		off 0.5061952028576886 neg 0.4536922173238135 __DUMMY__ 0.040112579818497966	false	0.5
weichei	off 1.0	off 1.0	off 0.7420117433443355 neg 0.2393177259845442 __DUMMY__ 0.018670530671120233	false	1.0
minusmensch	off 1.0		off 0.5156921151131177 neg 0.44522039178052053 __DUMMY__ 0.03908749310636173	false	1.0
farblos	neg 1.0		off 0.5035782276876271 neg 0.45624945520021065 __DUMMY__ 0.04017231711216244	false	0.5
unwissend	neg 1.0	neg 1.0	neg 0.7114777368544642 off 0.26956253940881836 __DUMMY__ 0.01895972373671742	false	1.0
traurig	neg 1.0		off 0.5105942727035861 neg 0.4496276899088715 __DUMMY__ 0.03977803738754238	false	0.5
senkung	neg 1.0		off 0.5022458540560617 neg 0.45796183031564147 __DUMMY__ 0.0397923156282968	false	0.5
ungleich	neg 1.0	neg 1.0	neg 0.7147941505686901 off 0.2659495395054422 __DUMMY__ 0.01925630992586777	false	1.0
heikel	neg 1.0		off 0.4993551153593718 neg 0.4600557949893488 __DUMMY__ 0.040589089651279345	false	0.5
drosselung	neg 1.0		off 0.5052255375408955 neg 0.4552149895829176 __DUMMY__ 0.039559472876187045	false	0.5
falsch	neg 1.0		off 0.5071425177598412 neg 0.4527493944544275 __DUMMY__ 0.04010808778573142	false	0.5
unzufriedenheit	neg 1.0		off 0.4973632448375127 neg 0.46219229311928434 __DUMMY__ 0.04044446204320286	false	0.5
kurz	neg 1.0		off 0.50231153861437 neg 0.45713018227729063 __DUMMY__ 0.04055827910833944	false	0.5
unsinnig	neg 1.0		off 0.5008023246857005 neg 0.45896230324279697 __DUMMY__ 0.04023537207150253	false	0.5
penner	off 1.0	off 1.0	off 0.74340579660321 neg 0.23793011683525372 __DUMMY__ 0.018664086561536324	false	1.0
seicht	neg 1.0		off 0.5133112593346695 neg 0.4475699068668701 __DUMMY__ 0.03911883379846058	false	0.5
dummheit	off 1.0	off 1.0	off 0.7385015854466567 neg 0.24248895251142996 __DUMMY__ 0.01900946204191325	false	1.0
unerfreulich	neg 1.0		off 0.4986498673419137 neg 0.4607804003907397 __DUMMY__ 0.040569732267346476	false	0.5
motherfucker	off 1.0	off 1.0	off 0.7412562578980028 neg 0.23985236874120597 __DUMMY__ 0.018891373360791212	false	1.0
pikiert	neg 1.0		off 0.5070878610600964 neg 0.45301706513398343 __DUMMY__ 0.039895073805920285	false	0.5
wrack	neg 1.0		off 0.5055021118154558 neg 0.4536792723783182 __DUMMY__ 0.04081861580622599	false	0.5
gangster	neg 1.0		off 0.5061351953087228 neg 0.4538003478717965 __DUMMY__ 0.04006445681948081	false	0.5
krank	neg 1.0		off 0.5092408689586027 neg 0.45079645311542443 __DUMMY__ 0.039962677925972835	false	0.5
reich	neg 1.0		off 0.5036988925027214 neg 0.45657164775505826 __DUMMY__ 0.03972945974222029	false	0.5
gnadenlos	neg 1.0		off 0.5044085213944212 neg 0.45528087992157157 __DUMMY__ 0.040310598684007194	false	0.5
niedergeschlagen	neg 1.0		off 0.5025263641684627 neg 0.456848527490945 __DUMMY__ 0.040625108340592214	false	0.5
terrorisieren	off 1.0	off 1.0	off 0.7364038797242481 neg 0.24425553680462556 __DUMMY__ 0.01934058347112627	false	1.0
sinnlosigkeit	neg 1.0		off 0.50128485525682 neg 0.45829207781168463 __DUMMY__ 0.04042306693149528	false	0.5
behindern	neg 1.0		off 0.5020897138646355 neg 0.4576560914872991 __DUMMY__ 0.040254194648065456	false	0.5
undemokratisch	neg 1.0		off 0.5040459033004687 neg 0.45588832086849174 __DUMMY__ 0.04006577583103942	false	0.5
wirtschaftskrise	neg 1.0		off 0.49787599310570807 neg 0.46197970528227356 __DUMMY__ 0.040144301612018374	false	0.5
neid	neg 1.0		off 0.5059803373051313 neg 0.4539276521605485 __DUMMY__ 0.04009201053432042	false	0.5
rutschen	neg 1.0		off 0.49620138047147844 neg 0.4628133314862501 __DUMMY__ 0.04098528804227158	false	0.5
rezession	neg 1.0		off 0.5060577792948829 neg 0.45464228035365817 __DUMMY__ 0.039299940351458854	false	0.5
fehlgeburt	neg 1.0		off 0.5047276279061967 neg 0.4548733660979388 __DUMMY__ 0.04039900599586436	false	0.5
charakterschwach	off 1.0		off 0.507387945938697 neg 0.4527747340329172 __DUMMY__ 0.039837320028385984	false	1.0
isolation	neg 1.0		off 0.5075941686458028 neg 0.45224679473257273 __DUMMY__ 0.04015903662162449	false	0.5
ablenkung	neg 1.0		off 0.5033907987464827 neg 0.45620892978773697 __DUMMY__ 0.04040027146578023	false	0.5
pech	neg 1.0		off 0.5062651978335383 neg 0.4537521628953657 __DUMMY__ 0.03998263927109602	false	0.5
vermeidung	neg 1.0		off 0.5073514157032892 neg 0.452861905024698 __DUMMY__ 0.039786679272012765	false	0.5
dominieren	neg 1.0		off 0.5018614539445374 neg 0.45772157924766177 __DUMMY__ 0.040416966807800755	false	0.5
schwindlig	neg 1.0		off 0.5040478331353093 neg 0.45583990961925175 __DUMMY__ 0.04011225724543885	false	0.5
lutscher	neg 1.0	neg 1.0	neg 0.7075899512174787 off 0.273937024030096 __DUMMY__ 0.018473024752425387	false	1.0
pflicht	neg 1.0		off 0.49895901100756723 neg 0.4602941772022674 __DUMMY__ 0.04074681179016549	false	0.5
faschist	off 1.0		off 0.5072109117282536 neg 0.4526506369892034 __DUMMY__ 0.040138451282543085	false	1.0
verschleudern	neg 1.0		off 0.496576474080497 neg 0.463217186638014 __DUMMY__ 0.04020633928148915	false	0.5
wenn			off 0.5070974913465529 neg 0.4529001271657673 __DUMMY__ 0.04000238148767989	false	0.0
ehebruch	neg 1.0		off 0.5009147024938132 neg 0.4585760146567383 __DUMMY__ 0.04050928284944845	false	0.5
spott	off 1.0		off 0.50155042895724 neg 0.457856427342288 __DUMMY__ 0.04059314370047211	false	1.0
trostlosigkeit	neg 1.0		off 0.49596629580988844 neg 0.4635598423798691 __DUMMY__ 0.04047386181024251	false	0.5
lutschen	neg 1.0		off 0.5059783456665777 neg 0.45405805830412976 __DUMMY__ 0.03996359602929249	false	0.5
undiszipliniert	neg 1.0		off 0.5096058222213994 neg 0.45061260978285145 __DUMMY__ 0.039781567995749265	false	0.5
kopfschmerz	neg 1.0		off 0.4975161436559156 neg 0.46223684691318606 __DUMMY__ 0.04024700943089841	false	0.5
unvorhergesehen	neg 1.0		off 0.49982791000252175 neg 0.45939201515472877 __DUMMY__ 0.04078007484274959	false	0.5
desinteressiert	neg 1.0		off 0.5088846716580184 neg 0.4513090491401343 __DUMMY__ 0.03980627920184716	false	0.5
armselig	off 1.0		off 0.5115142669086843 neg 0.4487489098208965 __DUMMY__ 0.039736823270419296	false	1.0
desaster	neg 1.0		off 0.49698412070992676 neg 0.4623747505612446 __DUMMY__ 0.040641128728828683	false	0.5
tod	neg 1.0		off 0.5004874835698156 neg 0.4589321962830112 __DUMMY__ 0.04058032014717315	false	0.5
herzlos	neg 1.0		off 0.5108056150217412 neg 0.44945112872996745 __DUMMY__ 0.03974325624829125	false	0.5
unwissenheit	neg 1.0		off 0.5008553423655034 neg 0.4587186594103975 __DUMMY__ 0.04042599822409897	false	0.5
widersinnig	neg 1.0		off 0.5000567984306397 neg 0.4597930409359931 __DUMMY__ 0.04015016063336737	false	0.5
bedenklich	neg 1.0		off 0.49942141856336747 neg 0.46016273624691373 __DUMMY__ 0.04041584518971867	false	0.5
beanstanden	neg 1.0		off 0.5002146287907413 neg 0.45901556007651273 __DUMMY__ 0.04076981113274586	false	0.5
panisch	neg 1.0		off 0.5056481126793725 neg 0.45406303200616294 __DUMMY__ 0.04028885531446455	false	0.5
debil	off 1.0		off 0.4932849537623542 neg 0.46571992744053325 __DUMMY__ 0.04099511879711249	false	1.0
abstrich	neg 1.0		off 0.500939939235974 neg 0.45876784194752124 __DUMMY__ 0.0402922188165048	false	0.5
primitiv	neg 1.0		off 0.5094501429875933 neg 0.450708340438607 __DUMMY__ 0.03984151657379955	false	0.5
abschaum	off 1.0	off 1.0	off 0.7409579907146085 neg 0.24001102370913094 __DUMMY__ 0.019030985576260453	false	1.0
provozieren	neg 1.0		off 0.5038410487429392 neg 0.4559084781094457 __DUMMY__ 0.04025047314761503	false	0.5
tot	neg 1.0		off 0.4996020228251113 neg 0.4601248226721428 __DUMMY__ 0.04027315450274603	false	0.5
instabil	neg 1.0		off 0.5096287974832232 neg 0.45085783377285715 __DUMMY__ 0.03951336874391964	false	0.5
schwuchtel	off 1.0	off 1.0	off 0.7461320217920258 neg 0.2355081412647751 __DUMMY__ 0.018359836943199138	false	1.0
zerren	neg 1.0		off 0.501674109585442 neg 0.45776218520339107 __DUMMY__ 0.04056370521116686	false	0.5
kinderficker	off 1.0		off 0.5134041206604075 neg 0.44702356881908506 __DUMMY__ 0.039572310520507414	false	1.0
gefahr	neg 1.0		off 0.49982855677432975 neg 0.45941542245023126 __DUMMY__ 0.040756020775438995	false	0.5
rabiat	neg 1.0		off 0.5021309968683862 neg 0.45752859710985233 __DUMMY__ 0.04034040602176145	false	0.5
verlangsamung	neg 1.0		off 0.5131440069562698 neg 0.44755411482890717 __DUMMY__ 0.03930187821482295	false	0.5
ausgestorben	neg 1.0		off 0.5023084740655355 neg 0.457270064435746 __DUMMY__ 0.04042146149871861	false	0.5
anklagen	neg 1.0		off 0.5023858749631166 neg 0.45715576151140636 __DUMMY__ 0.04045836352547706	false	0.5
trott	neg 1.0		off 0.5030102829410608 neg 0.4566753909979995 __DUMMY__ 0.04031432606093986	false	0.5
verminderung	neg 1.0		off 0.5077902623479652 neg 0.45239397867088915 __DUMMY__ 0.03981575898114575	false	0.5
nach			off 0.49621045270793895 neg 0.46262789396567733 __DUMMY__ 0.04116165332638367	false	0.0
rost	neg 1.0		off 0.5176452285462129 neg 0.44282230572638664 __DUMMY__ 0.039532465727400434	false	0.5
destruktiv	neg 1.0		off 0.5023475655175534 neg 0.4573893054608556 __DUMMY__ 0.04026312902159085	false	0.5
unzumutbarkeit	neg 1.0		off 0.5076835319132925 neg 0.45248991978140274 __DUMMY__ 0.039826548305304646	false	0.5
labil	off 1.0	off 1.0	off 0.7396993216684242 neg 0.2413312653334637 __DUMMY__ 0.018969412998112063	false	1.0
ziemlich	neg 1.0		off 0.5084938109584453 neg 0.45150767495102306 __DUMMY__ 0.03999851409053165	false	0.5
lachnummer	off 1.0		off 0.5044320223798651 neg 0.455192534795734 __DUMMY__ 0.040375442824400844	false	1.0
oder			off 0.5042219528608192 neg 0.45541636023111115 __DUMMY__ 0.04036168690806971	false	0.0
verfall	neg 1.0		off 0.4940623866715496 neg 0.4652821441206627 __DUMMY__ 0.04065546920778774	false	0.5
ausgrenzung	neg 1.0		off 0.5036364114298182 neg 0.4563256980167513 __DUMMY__ 0.04003789055343045	false	0.5
unordnung	neg 1.0		off 0.5109658740979421 neg 0.4494642875228162 __DUMMY__ 0.039569838379241495	false	0.5
fehlverhalten	neg 1.0		off 0.49975081511323344 neg 0.4596756986815237 __DUMMY__ 0.04057348620524293	false	0.5
eine			off 0.4976269136493551 neg 0.46170284856555965 __DUMMY__ 0.04067023778508532	false	0.0
nille	neg 1.0		off 0.5034049199367692 neg 0.4562899190812459 __DUMMY__ 0.04030516098198502	false	0.5
qual	neg 1.0		off 0.5024226420868487 neg 0.4572704115256856 __DUMMY__ 0.04030694638746551	false	0.5
verschwenden	neg 1.0		off 0.4978645880151199 neg 0.46170366798829776 __DUMMY__ 0.040431743996582385	false	0.5
riesig	neg 1.0		off 0.5004013785769518 neg 0.45901234111427874 __DUMMY__ 0.040586280308769575	false	0.5
verurteilen	neg 1.0		off 0.5018569596245344 neg 0.4576892544486535 __DUMMY__ 0.040453785926812084	false	0.5
klischee	neg 1.0	neg 1.0	neg 0.7120552189165146 off 0.268965693416903 __DUMMY__ 0.018979087666582493	false	1.0
diktatorisch	neg 1.0		off 0.5039869217514219 neg 0.4559679749107659 __DUMMY__ 0.04004510333781221	false	0.5
vorhersehbar	neg 1.0		off 0.5045831439564289 neg 0.4554134533311238 __DUMMY__ 0.04000340271244719	false	0.5
sowie			off 0.5109096464111401 neg 0.44966182080569406 __DUMMY__ 0.03942853278316578	false	0.0
stornieren	neg 1.0		off 0.5092611810462586 neg 0.45026062236473857 __DUMMY__ 0.04047819658900287	false	0.5
besteuerung	neg 1.0	neg 1.0	neg 0.7152113229666518 off 0.26587609047214555 __DUMMY__ 0.018912586561202642	false	1.0
ungeschminkt	neg 1.0		off 0.5086810220639424 neg 0.451568807271742 __DUMMY__ 0.03975017066431568	false	0.5
kritisch	neg 1.0		off 0.5010674150581125 neg 0.4584781248540378 __DUMMY__ 0.04045446008784977	false	0.5
schlamperei	off 1.0		off 0.4999407925378489 neg 0.4595347390493249 __DUMMY__ 0.04052446841282626	false	1.0
sucht	neg 1.0	neg 1.0	neg 0.7122287875411157 off 0.2686235619223492 __DUMMY__ 0.01914765053653523	false	1.0
egoistisch	off 1.0	off 1.0	off 0.7431421277702869 neg 0.23806135986417742 __DUMMY__ 0.018796512365535686	false	1.0
ausbeuter	off 1.0		off 0.49782829933060685 neg 0.4617495096392474 __DUMMY__ 0.04042219103014578	false	1.0
arschgeburt	off 1.0		off 0.5183353102117735 neg 0.4429016898443668 __DUMMY__ 0.0387629999438597	false	1.0
schubs	neg 1.0		off 0.49857156401740055 neg 0.4611229439663365 __DUMMY__ 0.04030549201626296	false	0.5
unsolide	neg 1.0		off 0.5057932778368124 neg 0.4540682203185944 __DUMMY__ 0.040138501844593194	false	0.5
beschwerde	neg 1.0		off 0.501962681788309 neg 0.45755279124233034 __DUMMY__ 0.0404845269693607	false	0.5
stocken	neg 1.0		off 0.5000300038664578 neg 0.4595076087582221 __DUMMY__ 0.04046238737532004	false	0.5
isolieren	neg 1.0		off 0.4998834055049408 neg 0.45981856741849664 __DUMMY__ 0.04029802707656259	false	0.5
unheilbar	neg 1.0		off 0.5035648902760923 neg 0.456093657720953 __DUMMY__ 0.04034145200295472	false	0.5
pisser	off 1.0	off 1.0	off 0.7415079179958805 neg 0.2396496952315282 __DUMMY__ 0.01884238677259141	false	1.0
löschen	neg 1.0		off 0.5031361491419049 neg 0.45662744685866025 __DUMMY__ 0.04023640399943498	false	0.5
durchfallen	neg 1.0		off 0.5012609660654365 neg 0.4582428837291882 __DUMMY__ 0.0404961502053754	false	0.5
wichser	off 1.0	off 1.0	off 0.7447363311022728 neg 0.23671694606314803 __DUMMY__ 0.018546722834579206	false	1.0
terror	neg 1.0		off 0.5058119460296397 neg 0.454098950104039 __DUMMY__ 0.04008910386632132	false	0.5
krass	neg 1.0		off 0.5116779035245586 neg 0.4487494575033725 __DUMMY__ 0.039572638972069106	false	0.5
revolte	neg 1.0		off 0.5043076280486635 neg 0.45582739385398 __DUMMY__ 0.039864978097356625	false	0.5
besorgt	neg 1.0		off 0.5030204545726751 neg 0.4563714441837784 __DUMMY__ 0.0406081012435465	false	0.5
nachlassen	neg 1.0		off 0.501016857808836 neg 0.45842695403840744 __DUMMY__ 0.04055618815275672	false	0.5
alt	neg 1.0		off 0.496491131214007 neg 0.4633592629682948 __DUMMY__ 0.040149605817698227	false	0.5
hundesohn	off 1.0	off 1.0	off 0.7437291988254209 neg 0.2377359244463375 __DUMMY__ 0.018534876728241553	false	1.0
als			off 0.5007983990015722 neg 0.45880805217361087 __DUMMY__ 0.040393548824816945	false	0.0
abschreckung	neg 1.0		off 0.4987766103031245 neg 0.46062804789207046 __DUMMY__ 0.04059534180480514	false	0.5
unqualifiziert	neg 1.0		off 0.5073519436507634 neg 0.452583334299428 __DUMMY__ 0.040064722049808675	false	0.5
abgewichst	off 1.0		off 0.5030906256495088 neg 0.4565423352298755 __DUMMY__ 0.040367039120615664	false	1.0
schwer	neg 1.0		off 0.502707212562482 neg 0.45692318586087444 __DUMMY__ 0.04036960157664362	false	0.5
bedeutungslosigkeit	neg 1.0		off 0.49913747126908314 neg 0.46030294674522215 __DUMMY__ 0.040559581985694704	false	0.5
kapitulation	neg 1.0		off 0.4992428117589695 neg 0.46044069784504726 __DUMMY__ 0.04031649039598305	false	0.5
unscharf	neg 1.0		off 0.5013377882212695 neg 0.4588555989451368 __DUMMY__ 0.03980661283359377	false	0.5
schwinden	neg 1.0		off 0.49713764989260983 neg 0.4624995398443014 __DUMMY__ 0.040362810263088744	false	0.5
versklavung	neg 1.0	neg 1.0	neg 0.7135125796626909 off 0.2674764588646821 __DUMMY__ 0.019010961472627142	false	1.0
schlecht	neg 1.0		off 0.50917233511832 neg 0.4507830741237683 __DUMMY__ 0.040044590757911724	false	0.5
verhasst	neg 1.0		off 0.5043668250884055 neg 0.45543474144519525 __DUMMY__ 0.04019843346639914	false	0.5
beschweren	neg 1.0		off 0.505788899267782 neg 0.45391406488590436 __DUMMY__ 0.04029703584631354	false	0.5
scheiden	neg 1.0		off 0.5028685728324587 neg 0.45685741376600314 __DUMMY__ 0.040274013401538314	false	0.5
frustriert	neg 1.0		off 0.5021688965199973 neg 0.4573945002395795 __DUMMY__ 0.040436603240423294	false	0.5
schimmelig	neg 1.0		off 0.4978327047294036 neg 0.461955624805584 __DUMMY__ 0.04021167046501237	false	0.5
fisch	neg 1.0		off 0.4940589266903187 neg 0.46563509466576897 __DUMMY__ 0.04030597864391236	false	0.5
schmuggel	neg 1.0		off 0.49984281096513944 neg 0.4593134636208639 __DUMMY__ 0.04084372541399677	false	0.5
auffallen	neg 1.0		off 0.5054360689531552 neg 0.4543687587769921 __DUMMY__ 0.040195172269852725	false	0.5
konkurrenz	neg 1.0		off 0.5000822349637779 neg 0.4592007018694055 __DUMMY__ 0.040717063166816655	false	0.5
teufelskreis	neg 1.0	neg 1.0	neg 0.7147141649809646 off 0.26619813383214574 __DUMMY__ 0.019087701186889586	false	1.0
aufschreien	neg 1.0		off 0.5050186619081057 neg 0.454917719613814 __DUMMY__ 0.04006361847808016	false	0.5
schuldner	neg 1.0		off 0.4959909172491244 neg 0.4637331288387402 __DUMMY__ 0.040275953912135426	false	0.5
missgeburt	off 1.0	off 1.0	off 0.7439870356484387 neg 0.23733085750933147 __DUMMY__ 0.018682106842229807	false	1.0
arbeitslos	neg 1.0		off 0.5007589452920874 neg 0.45877445311328674 __DUMMY__ 0.04046660159462582	false	0.5
befallen	neg 1.0		off 0.49914732966520975 neg 0.46077640940414705 __DUMMY__ 0.04007626093064336	false	0.5
miesepetrig	off 1.0	off 1.0	off 0.7398940506027686 neg 0.2411256243517895 __DUMMY__ 0.018980325045441854	false	1.0
alarmieren	neg 1.0		off 0.5080430126585802 neg 0.4518891959709047 __DUMMY__ 0.04006779137051497	false	0.5
ungeduscht	off 1.0		off 0.5057722104755642 neg 0.4543282980444932 __DUMMY__ 0.03989949147994277	false	1.0
knappheit	neg 1.0		off 0.498197619478617 neg 0.4616410637617427 __DUMMY__ 0.040161316759640193	false	0.5
schlange	neg 1.0		off 0.5040026448803299 neg 0.4556440447948234 __DUMMY__ 0.040353310324846695	false	0.5
harsch	neg 1.0		off 0.5126825647890801 neg 0.4475505956977332 __DUMMY__ 0.03976683951318679	false	0.5
lang	neg 1.0		off 0.5041029961402411 neg 0.45567843447944506 __DUMMY__ 0.04021856938031376	false	0.5
ziellos	neg 1.0		off 0.5000078829666886 neg 0.4593698255219684 __DUMMY__ 0.040622291511342876	false	0.5
selbstverliebt	neg 1.0		off 0.5180542723836801 neg 0.4427951392828207 __DUMMY__ 0.03915058833349919	false	0.5
beseitigen	neg 1.0		off 0.5042763521811278 neg 0.45528269382341724 __DUMMY__ 0.04044095399545495	false	0.5
dumm	off 1.0		off 0.5134923693300529 neg 0.4470540530136207 __DUMMY__ 0.03945357765632641	false	1.0
arbeitsloser	neg 1.0		off 0.5048572404332526 neg 0.4543114185431695 __DUMMY__ 0.04083134102357777	false	0.5
blitzen	neg 1.0		off 0.5058979283047411 neg 0.45411152178840786 __DUMMY__ 0.0399905499068511	false	0.5
hilflos	neg 1.0		off 0.5007602432880959 neg 0.45879258650814536 __DUMMY__ 0.040447170203758924	false	0.5
eklig	off 1.0		off 0.5124837412847738 neg 0.4482287460937423 __DUMMY__ 0.03928751262148369	false	1.0
begriff			off 0.5029133786293053 neg 0.4567280275397996 __DUMMY__ 0.04035859383089512	false	0.0
hungersnot	neg 1.0		off 0.49955594469527836 neg 0.4601682214855374 __DUMMY__ 0.0402758338191843	false	0.5
ungesetzlich	neg 1.0		off 0.5043857662978731 neg 0.45553045786650265 __DUMMY__ 0.040083775835624336	false	0.5
verschwendung	neg 1.0		off 0.4987176707225644 neg 0.46075810193020217 __DUMMY__ 0.04052422734723335	false	0.5
schmerzvoll	neg 1.0		off 0.5034711861263688 neg 0.45639287533524414 __DUMMY__ 0.04013593853838699	false	0.5
vorzeitig	neg 1.0		off 0.508547306625862 neg 0.45138905898824794 __DUMMY__ 0.040063634385890064	false	0.5
unvollkommenheit	neg 1.0		off 0.5010895913918875 neg 0.458571232615397 __DUMMY__ 0.0403391759927156	false	0.5
intervenieren	neg 1.0		off 0.4976698766069536 neg 0.4620069655713118 __DUMMY__ 0.04032315782173454	false	0.5
banause	off 1.0		off 0.5118852648827416 neg 0.4491103372829606 __DUMMY__ 0.03900439783429777	false	1.0
rebell	neg 1.0		off 0.4927708685090998 neg 0.46676542444173286 __DUMMY__ 0.04046370704916743	false	0.5
unlogisch	neg 1.0		off 0.5095844158803914 neg 0.45070883720807303 __DUMMY__ 0.0397067469115355	false	0.5
leiden	neg 1.0		off 0.5006935064930299 neg 0.45844261128516023 __DUMMY__ 0.0408638822218099	false	0.5
abschaffung	neg 1.0		off 0.5020432694544462 neg 0.45791808768195613 __DUMMY__ 0.0400386428635975	false	0.5
sturz	neg 1.0		off 0.5076111059118642 neg 0.4519578247462857 __DUMMY__ 0.04043106934184996	false	0.5
verkleinerung	neg 1.0		off 0.503298928946555 neg 0.45700128982131116 __DUMMY__ 0.03969978123213379	false	0.5
schmarotzer	off 1.0		off 0.501673696943577 neg 0.457911834466569 __DUMMY__ 0.040414468589854	false	1.0
bestrafung	neg 1.0	neg 1.0	neg 0.7126647340693449 off 0.2681648615744898 __DUMMY__ 0.019170404356165256	false	1.0
achtlos	neg 1.0		off 0.5027781388989065 neg 0.45673500730482613 __DUMMY__ 0.04048685379626734	false	0.5
ungeheuer	neg 1.0		off 0.501517615125149 neg 0.45838662533541286 __DUMMY__ 0.040095759539438135	false	0.5
unaufrichtig	neg 1.0		off 0.5072778533839973 neg 0.45265887815696737 __DUMMY__ 0.04006326845903535	false	0.5
groggy	neg 1.0		off 0.5066116926003945 neg 0.45322036047205067 __DUMMY__ 0.04016794692755487	false	0.5
