unsolidarisch	neg 1.0		off 0.502192189864735 neg 0.4577085785926051 __DUMMY__ 0.040099231542659895	false	0.5
nachteilig	neg 1.0		off 0.5004806504376749 neg 0.4589341242004409 __DUMMY__ 0.04058522536188431	false	0.5
skeptisch	neg 1.0		off 0.49883666833058066 neg 0.46056276168789556 __DUMMY__ 0.04060056998152372	false	0.5
schrecklich	neg 1.0		off 0.5107712412966647 neg 0.4494936424657089 __DUMMY__ 0.039735116237626274	false	0.5
schlapp	neg 1.0	neg 1.0	neg 0.7109679800082758 off 0.27005652390978657 __DUMMY__ 0.018975496081937677	false	1.0
abfall	neg 1.0		off 0.49749783776170536 neg 0.46158645186984826 __DUMMY__ 0.04091571036844625	false	0.5
widerspenstig	neg 1.0		off 0.5013112617517359 neg 0.4584584948646031 __DUMMY__ 0.04023024338366091	false	0.5
abrupt	neg 1.0		off 0.4968485325597005 neg 0.4626877140716445 __DUMMY__ 0.04046375336865508	false	0.5
unwirksam	neg 1.0		off 0.49878198012597186 neg 0.46139664551713416 __DUMMY__ 0.03982137435689401	false	0.5
angreifen	neg 1.0		off 0.49872492473666685 neg 0.4606025353404971 __DUMMY__ 0.04067253992283595	false	0.5
inkonsistent	neg 1.0		off 0.5034126731219136 neg 0.45663368388718023 __DUMMY__ 0.03995364299090621	false	0.5
abrutschen	neg 1.0		off 0.49657093558213133 neg 0.4625560278088235 __DUMMY__ 0.04087303660904504	false	0.5
unsicher	neg 1.0		off 0.5035303864707847 neg 0.4560732613719308 __DUMMY__ 0.04039635215728425	false	0.5
bauernkind	off 1.0	off 1.0	off 0.7403710206678997 neg 0.24107168221644945 __DUMMY__ 0.018557297115650802	false	1.0
angreifer	neg 1.0		off 0.5091101334540232 neg 0.45053706331171917 __DUMMY__ 0.0403528032342575	false	0.5
trennen	neg 1.0		off 0.49903498762370063 neg 0.46023045689541375 __DUMMY__ 0.0407345554808856	false	0.5
schmutz	neg 1.0		off 0.5093222850285454 neg 0.450195089354482 __DUMMY__ 0.040482625616972585	false	0.5
inkonsistenz	neg 1.0		off 0.5073174192147841 neg 0.45267594502240854 __DUMMY__ 0.04000663576280738	false	0.5
erschreckend	neg 1.0		off 0.5022397517159515 neg 0.4574004614432973 __DUMMY__ 0.0403597868407513	false	0.5
ertrinken	neg 1.0		off 0.4969900129982423 neg 0.4624388449882523 __DUMMY__ 0.040571142013505444	false	0.5
pickelface	off 1.0		off 0.503023333766717 neg 0.45673477095937665 __DUMMY__ 0.04024189527390623	false	1.0
seiner			off 0.4997015815131924 neg 0.4595873617573703 __DUMMY__ 0.040711056729437346	false	0.0
lauch	neg 1.0	neg 1.0	neg 0.7167008983807979 off 0.263919615781408 __DUMMY__ 0.019379485837794124	false	1.0
unwichtig	neg 1.0		off 0.507243424763195 neg 0.45274847459300266 __DUMMY__ 0.040008100643802225	false	0.5
steuerhinterziehung	neg 1.0		off 0.5014813984780414 neg 0.4582579633070397 __DUMMY__ 0.0402606382149189	false	0.5
schock	neg 1.0		off 0.5017017874893632 neg 0.45785828301591924 __DUMMY__ 0.0404399294947174	false	0.5
beule	neg 1.0		off 0.5080504401093029 neg 0.45221034458867304 __DUMMY__ 0.03973921530202413	false	0.5
vergelten	neg 1.0		off 0.5119606203991304 neg 0.4483284129737331 __DUMMY__ 0.03971096662713665	false	0.5
verdorbenheit	neg 1.0		off 0.5040085233822399 neg 0.4557536135374969 __DUMMY__ 0.04023786308026314	false	0.5
trauma	neg 1.0		off 0.5034921045673512 neg 0.456348414570151 __DUMMY__ 0.040159480862497994	false	0.5
sinnlos	neg 1.0		off 0.5047118728096516 neg 0.455090423102117 __DUMMY__ 0.04019770408823141	false	0.5
fettsack	off 1.0	off 1.0	off 0.7416532620610903 neg 0.2397642384066406 __DUMMY__ 0.018582499532269085	false	1.0
feige	off 1.0	off 1.0	off 0.7402019613220957 neg 0.24086406372233132 __DUMMY__ 0.01893397495557293	false	1.0
abdanken	neg 1.0		off 0.5040336496988476 neg 0.4555038355381788 __DUMMY__ 0.04046251476297364	false	0.5
wichtigtuer	off 1.0	off 1.0	off 0.7394063821019488 neg 0.24148363559075814 __DUMMY__ 0.01910998230729319	false	1.0
misslingen	neg 1.0		off 0.5061602285314362 neg 0.453434146411679 __DUMMY__ 0.040405625056884956	false	0.5
untreu	off 1.0		off 0.5081769366340042 neg 0.4519033736381148 __DUMMY__ 0.03991968972788101	false	1.0
missmutig	neg 1.0		off 0.5056878861136701 neg 0.45427269820868876 __DUMMY__ 0.040039415677641056	false	0.5
hurenbock	off 1.0		off 0.4987062613148344 neg 0.46144554802390514 __DUMMY__ 0.03984819066126055	false	1.0
betrunken	neg 1.0		off 0.5095645138017993 neg 0.4506618851031935 __DUMMY__ 0.03977360109500731	false	0.5
korrupt	off 1.0		off 0.5005409648794394 neg 0.45921783903156804 __DUMMY__ 0.04024119608899249	false	1.0
unmut	neg 1.0		off 0.4975561511577767 neg 0.46170905305381565 __DUMMY__ 0.040734795788407635	false	0.5
hackfresse	off 1.0		off 0.5143534887055542 neg 0.4462306132076347 __DUMMY__ 0.03941589808681123	false	1.0
aufblasen	neg 1.0		off 0.5031020834547274 neg 0.4566216232108885 __DUMMY__ 0.0402762933343842	false	0.5
gewaltsam	neg 1.0		off 0.5042210969172191 neg 0.45530731995945983 __DUMMY__ 0.04047158312332109	false	0.5
unbeliebtheit	neg 1.0		off 0.5083926321277847 neg 0.45168401543757186 __DUMMY__ 0.03992335243464354	false	0.5
sturheit	neg 1.0		off 0.5035508105860447 neg 0.4559566038530687 __DUMMY__ 0.040492585560886675	false	0.5
kuh	neg 1.0		off 0.49828330881247146 neg 0.4623145180485726 __DUMMY__ 0.0394021731389559	false	0.5
erschrecken	neg 1.0		off 0.506455204846713 neg 0.45347842934440336 __DUMMY__ 0.04006636580888367	false	0.5
opfer	neg 1.0		off 0.5026954887933814 neg 0.45653967322317324 __DUMMY__ 0.04076483798344523	false	0.5
sinken	neg 1.0		off 0.4961856201212468 neg 0.46328670686125684 __DUMMY__ 0.04052767301749623	false	0.5
stinktier	neg 1.0		off 0.5079030980980321 neg 0.4529674146838826 __DUMMY__ 0.039129487218085304	false	0.5
tucke	off 1.0		off 0.5123468140646101 neg 0.4487325080999224 __DUMMY__ 0.03892067783546748	false	1.0
ein			off 0.5000556285884279 neg 0.4597851699994257 __DUMMY__ 0.04015920141214647	false	0.0
abstieg	neg 1.0		off 0.504235008728531 neg 0.45502901847746524 __DUMMY__ 0.04073597279400378	false	0.5
missverstehen	neg 1.0		off 0.5056291622243917 neg 0.4542197269741764 __DUMMY__ 0.04015111080143191	false	0.5
ergebnislos	neg 1.0		off 0.5017063437552481 neg 0.45757911660299083 __DUMMY__ 0.040714539641761006	false	0.5
unter			off 0.494538275226515 neg 0.46423153678907064 __DUMMY__ 0.04123018798441448	false	0.0
manipulieren	neg 1.0		off 0.49993326516024433 neg 0.4594158497499653 __DUMMY__ 0.04065088508979042	false	0.5
unbewiesen	neg 1.0	neg 1.0	neg 0.7126245738478529 off 0.26824171834176325 __DUMMY__ 0.019133707810383885	false	1.0
verschleppen	neg 1.0		off 0.5006496649537485 neg 0.45888218269646697 __DUMMY__ 0.04046815234978455	false	0.5
weib	off 1.0		off 0.5142049367853382 neg 0.44669958381144237 __DUMMY__ 0.03909547940321948	false	1.0
opposition	neg 1.0		off 0.5031737489006015 neg 0.45675006440736937 __DUMMY__ 0.04007618669202911	false	0.5
verkehrswidrig	neg 1.0		off 0.5137668087215556 neg 0.44644105183707017 __DUMMY__ 0.03979213944137425	false	0.5
inkorrekt	neg 1.0		off 0.510246137671542 neg 0.4500446149870646 __DUMMY__ 0.03970924734139337	false	0.5
vermeiden	neg 1.0		off 0.4961833632944148 neg 0.462912015613313 __DUMMY__ 0.04090462109227221	false	0.5
abweichung	neg 1.0	neg 1.0	neg 0.7132461447814012 off 0.26743082940058005 __DUMMY__ 0.019323025818018657	false	1.0
alkoholisiert	neg 1.0		off 0.5024284241439188 neg 0.45663197609574296 __DUMMY__ 0.04093959976033832	false	0.5
scheiss	off 1.0	off 1.0	off 0.7403521812011797 neg 0.240817931837235 __DUMMY__ 0.01882988696158513	false	1.0
herausforderung	neg 1.0		off 0.5008495213745856 neg 0.45867638927233273 __DUMMY__ 0.04047408935308152	false	0.5
pervers	off 1.0		off 0.517173798593569 neg 0.44378728529318534 __DUMMY__ 0.03903891611324565	false	1.0
wackelig	neg 1.0		off 0.5014662542399222 neg 0.4579901533347885 __DUMMY__ 0.040543592425289335	false	0.5
verwickeln	neg 1.0		off 0.5050772240355322 neg 0.4546963873813819 __DUMMY__ 0.040226388583085915	false	0.5
vorwand	neg 1.0		off 0.49817049716769757 neg 0.46115455430009744 __DUMMY__ 0.04067494853220494	false	0.5
muschi	off 1.0		off 0.5030252306208197 neg 0.4565820108223791 __DUMMY__ 0.04039275855680108	false	1.0
entmutigung	neg 1.0		off 0.5025485831026636 neg 0.45754918043473186 __DUMMY__ 0.039902236462604566	false	0.5
unangemessen	neg 1.0		off 0.5026113185419794 neg 0.45694198526862817 __DUMMY__ 0.0404466961893924	false	0.5
unstetig	neg 1.0		off 0.5057096389725978 neg 0.45431410177387505 __DUMMY__ 0.03997625925352696	false	0.5
entmutigen	neg 1.0		off 0.503856026463234 neg 0.4558847938003789 __DUMMY__ 0.04025917973638704	false	0.5
schwanz	neg 1.0		off 0.5002013078833092 neg 0.4593817584428593 __DUMMY__ 0.04041693367383159	false	0.5
verbot	neg 1.0		off 0.5007197494319007 neg 0.4589713488511069 __DUMMY__ 0.04030890171699243	false	0.5
leid	neg 1.0		off 0.5118194504614865 neg 0.44858845616234194 __DUMMY__ 0.03959209337617148	false	0.5
archaisch	neg 1.0		off 0.5007733774879953 neg 0.45890809763530954 __DUMMY__ 0.04031852487669512	false	0.5
gegen			off 0.4996605600643923 neg 0.45947397568768333 __DUMMY__ 0.04086546424792445	false	0.0
scheidung	neg 1.0		off 0.5236833171667855 neg 0.437130662624472 __DUMMY__ 0.03918602020874243	false	0.5
einschlag	neg 1.0		off 0.5136426635642997 neg 0.446402939134763 __DUMMY__ 0.03995439730093745	false	0.5
m			off 0.5013954873898653 neg 0.4581341444919305 __DUMMY__ 0.0404703681182041	false	0.0
abgestanden	neg 1.0		off 0.4972858741078084 neg 0.4629689080726766 __DUMMY__ 0.039745217819514955	false	0.5
schmierig	off 1.0		off 0.5111561298890952 neg 0.4492630527788146 __DUMMY__ 0.039580817332090186	false	1.0
unpraktisch	neg 1.0		off 0.5046564464716596 neg 0.4550771918408819 __DUMMY__ 0.04026636168745845	false	0.5
wixxer	off 1.0		off 0.5159599973770669 neg 0.44516435817477557 __DUMMY__ 0.03887564444815759	false	1.0
bezeichnet			off 0.5041542981585255 neg 0.45546427935887474 __DUMMY__ 0.04038142248259967	false	0.0
jammerlappen	off 1.0		off 0.5074864537301442 neg 0.4525187410693015 __DUMMY__ 0.03999480520055427	false	1.0
farce	neg 1.0		off 0.5014666564966762 neg 0.4583833442030843 __DUMMY__ 0.04014999930023952	false	0.5
zwecklos	neg 1.0		off 0.5008629566916317 neg 0.458713894136584 __DUMMY__ 0.040423149171784266	false	0.5
turbulent	neg 1.0		off 0.5079993959541699 neg 0.4522846314234306 __DUMMY__ 0.039715972622399426	false	0.5
invasion	neg 1.0		off 0.504970225994961 neg 0.45491266410369 __DUMMY__ 0.04011710990134898	false	0.5
schuld	neg 1.0		off 0.5043842045438692 neg 0.4553475867042625 __DUMMY__ 0.04026820875186819	false	0.5
risiko	neg 1.0		off 0.5021762730250762 neg 0.45789475404163593 __DUMMY__ 0.039928972933287864	false	0.5
finster	neg 1.0		off 0.5004002810774932 neg 0.4594975547069454 __DUMMY__ 0.04010216421556126	false	0.5
geisteskrank	off 1.0		off 0.509555089680466 neg 0.4506210653493502 __DUMMY__ 0.03982384497018383	false	1.0
zusammenbrechen	neg 1.0		off 0.5007150248839337 neg 0.45889811953879217 __DUMMY__ 0.04038685557727419	false	0.5
ausbeute	neg 1.0		off 0.5046074996901063 neg 0.4547779446511822 __DUMMY__ 0.0406145556587115	false	0.5
hinterhalt	neg 1.0		off 0.5009075273038014 neg 0.4587865377842087 __DUMMY__ 0.040305934911989874	false	0.5
kritik	neg 1.0		off 0.5012929020453785 neg 0.4585343358141325 __DUMMY__ 0.04017276214048905	false	0.5
einschrumpfen	neg 1.0		off 0.5055653817211588 neg 0.4546564993255295 __DUMMY__ 0.03977811895331172	false	0.5
riskant	neg 1.0		off 0.4983611820695188 neg 0.4611111548039488 __DUMMY__ 0.04052766312653237	false	0.5
frustrieren	neg 1.0		off 0.4989504634875722 neg 0.46059694513415883 __DUMMY__ 0.04045259137826891	false	0.5
groll	neg 1.0		off 0.5025218404758294 neg 0.45693371699500135 __DUMMY__ 0.040544442529169396	false	0.5
gibt			off 0.5009262163309768 neg 0.45860376958253257 __DUMMY__ 0.04047001408649069	false	0.0
qualvoll	neg 1.0		off 0.504806280322531 neg 0.45501912672680556 __DUMMY__ 0.04017459295066341	false	0.5
wackeln	neg 1.0		off 0.502858152978414 neg 0.4568042167824363 __DUMMY__ 0.04033763023914972	false	0.5
klagen	neg 1.0		off 0.4977062792246846 neg 0.46169440069897827 __DUMMY__ 0.04059932007633727	false	0.5
bankrott	neg 1.0		off 0.507609004495372 neg 0.452311185151307 __DUMMY__ 0.04007981035332095	false	0.5
trauern	neg 1.0		off 0.5028620036138153 neg 0.4562153895722148 __DUMMY__ 0.04092260681396994	false	0.5
ablehnung	neg 1.0		off 0.5006654986587795 neg 0.4591279106591056 __DUMMY__ 0.04020659068211485	false	0.5
stur	neg 1.0		off 0.5038714164570505 neg 0.45591079461086503 __DUMMY__ 0.04021778893208445	false	0.5
aufruhr	neg 1.0	neg 1.0	neg 0.7126130756024178 off 0.268183553831659 __DUMMY__ 0.019203370565923316	false	1.0
melancholie	neg 1.0		off 0.49672684162893455 neg 0.46287232556799673 __DUMMY__ 0.04040083280306866	false	0.5
ist			off 0.5042975220194942 neg 0.455507156268348 __DUMMY__ 0.040195321712157873	false	0.0
torheit	neg 1.0		off 0.5039627736945635 neg 0.4558243760401369 __DUMMY__ 0.04021285026529945	false	0.5
dreckskind	off 1.0		off 0.5141649157157149 neg 0.44659891240470806 __DUMMY__ 0.03923617187957704	false	1.0
umtauschen	neg 1.0		off 0.5022165869605931 neg 0.457462319335984 __DUMMY__ 0.040321093703422836	false	0.5
zum			off 0.5001028015950819 neg 0.4586451202703874 __DUMMY__ 0.041252078134530724	false	0.0
zersetzen	neg 1.0		off 0.49779536902809096 neg 0.4617158809697524 __DUMMY__ 0.04048875000215659	false	0.5
zur			off 0.4966928025547493 neg 0.46237286764243557 __DUMMY__ 0.04093432980281506	false	0.0
frust	neg 1.0		off 0.5009996876647863 neg 0.45855280581397895 __DUMMY__ 0.040447506521234786	false	0.5
unerbittlichkeit	neg 1.0		off 0.5002238110045004 neg 0.4591748597830747 __DUMMY__ 0.04060132921242484	false	0.5
zwei			off 0.4968341098666055 neg 0.4621581724937597 __DUMMY__ 0.041007717639634914	false	0.0
unkorrekt	neg 1.0		off 0.5093516854429674 neg 0.4508624604096566 __DUMMY__ 0.0397858541473761	false	0.5
hexe	off 1.0		off 0.5039012450637568 neg 0.4564087129241106 __DUMMY__ 0.03969004201213264	false	1.0
lasch	neg 1.0		off 0.5072719235223482 neg 0.45263490476776164 __DUMMY__ 0.04009317170989015	false	0.5
rivale	neg 1.0		off 0.5107575439606801 neg 0.44951829774260793 __DUMMY__ 0.03972415829671194	false	0.5
mutlos	off 1.0	off 1.0	off 0.7363416105370842 neg 0.24441069794711917 __DUMMY__ 0.01924769151579666	false	1.0
wirr	off 1.0		off 0.5103149250878751 neg 0.45008606268287854 __DUMMY__ 0.039599012229246285	false	1.0
jahr			off 0.5031921775028074 neg 0.4558196462840771 __DUMMY__ 0.040988176213115325	false	0.0
wird			off 0.5008711904363832 neg 0.4585889384972284 __DUMMY__ 0.04053987106638837	false	0.0
strafbar	neg 1.0		off 0.5004691477587906 neg 0.4588978158816777 __DUMMY__ 0.0406330363595317	false	0.5
erosion	neg 1.0		off 0.5035519495393272 neg 0.4561164597006703 __DUMMY__ 0.04033159076000231	false	0.5
eingehen	neg 1.0		off 0.4987650150213434 neg 0.4607748794245388 __DUMMY__ 0.040460105554117706	false	0.5
faul	off 1.0		off 0.5068854894113115 neg 0.45306903166343393 __DUMMY__ 0.04004547892525453	false	1.0
provisorium	neg 1.0		off 0.4953104155317798 neg 0.4634029118206465 __DUMMY__ 0.04128667264757366	false	0.5
schmerzen	neg 1.0		off 0.5009688825132902 neg 0.4587457563642221 __DUMMY__ 0.040285361122487796	false	0.5
schrumpfen	neg 1.0		off 0.4936697182162436 neg 0.4656902147135391 __DUMMY__ 0.040640067070217306	false	0.5
geistlos	off 1.0		off 0.5040945255539946 neg 0.4559360652795172 __DUMMY__ 0.039969409166488175	false	1.0
fehlkauf	neg 1.0		off 0.5044092165048746 neg 0.455532737274742 __DUMMY__ 0.04005804622038347	false	0.5
frustrierend	neg 1.0		off 0.5058241010772008 neg 0.4541532404835965 __DUMMY__ 0.04002265843920288	false	0.5
unzufrieden	neg 1.0		off 0.501047350743818 neg 0.45848124040757865 __DUMMY__ 0.040471408848603375	false	0.5
verzweifeln	neg 1.0		off 0.5022978220304298 neg 0.4572969781794446 __DUMMY__ 0.040405199790125544	false	0.5
verzweifelt	neg 1.0		off 0.5038034686173706 neg 0.4559895930064599 __DUMMY__ 0.040206938376169364	false	0.5
misstrauensantrag	neg 1.0		off 0.5042578028292257 neg 0.45562629230379403 __DUMMY__ 0.04011590486698023	false	0.5
abfallen	neg 1.0		off 0.5023697767746509 neg 0.4573973610410979 __DUMMY__ 0.040232862184251025	false	0.5
fucker	off 1.0		off 0.5107362738712916 neg 0.4494394604235799 __DUMMY__ 0.03982426570512851	false	1.0
ungezogen	neg 1.0		off 0.515919192293626 neg 0.4448347078513294 __DUMMY__ 0.039246099855044604	false	0.5
irrsinnig	neg 1.0	neg 1.0	neg 0.7130929933777488 off 0.26780168731575443 __DUMMY__ 0.01910531930649676	false	1.0
unfassbar	neg 1.0		off 0.5086282566627348 neg 0.4514024070363729 __DUMMY__ 0.03996933630089232	false	0.5
hart	neg 1.0		off 0.5037821160165828 neg 0.4567525551182629 __DUMMY__ 0.039465328865154185	false	0.5
widerlich	off 1.0		off 0.50843916030015 neg 0.4516944065226888 __DUMMY__ 0.03986643317716124	false	1.0
fatal	neg 1.0	neg 1.0	neg 0.7135514616788573 off 0.2675105744941066 __DUMMY__ 0.018937963827036046	false	1.0
bruch	neg 1.0		off 0.4981853424934456 neg 0.4609825946415081 __DUMMY__ 0.04083206286504628	false	0.5
aushungern	neg 1.0		off 0.5009923396403655 neg 0.4587006994180612 __DUMMY__ 0.04030696094157336	false	0.5
anspannung	neg 1.0		off 0.49757952635963415 neg 0.46135567886934176 __DUMMY__ 0.04106479477102403	false	0.5
von			off 0.49864835813468994 neg 0.4606758401656883 __DUMMY__ 0.040675801699621705	false	0.0
kraftlos	neg 1.0		off 0.5003719766239952 neg 0.45915531788033237 __DUMMY__ 0.040472705495672445	false	0.5
vom			off 0.49725280728217774 neg 0.4613475036812541 __DUMMY__ 0.041399689036567995	false	0.0
grenzdebil	off 1.0		off 0.5077888514363643 neg 0.45236975980218885 __DUMMY__ 0.03984138876144671	false	1.0
vor			off 0.4978358102888617 neg 0.46139358086861304 __DUMMY__ 0.04077060884252524	false	0.0
unterwerfen	neg 1.0		off 0.5011329768098465 neg 0.4582601283493067 __DUMMY__ 0.04060689484084683	false	0.5
versenkung	neg 1.0		off 0.5005210674002532 neg 0.45884149226216203 __DUMMY__ 0.04063744033758488	false	0.5
entziehen	neg 1.0		off 0.4979529490004739 neg 0.4613759375474296 __DUMMY__ 0.040671113452096556	false	0.5
finanzkrise	neg 1.0		off 0.49700839489943494 neg 0.4632030788789539 __DUMMY__ 0.03978852622161124	false	0.5
schimpfend	neg 1.0		off 0.504922776030792 neg 0.45470661987173144 __DUMMY__ 0.04037060409747653	false	0.5
profan	neg 1.0		off 0.504468506700893 neg 0.45542785422501264 __DUMMY__ 0.040103639074094304	false	0.5
korruption	neg 1.0		off 0.49960070704791015 neg 0.4601431798614052 __DUMMY__ 0.04025611309068473	false	0.5
â			off 0.5001891653883902 neg 0.4593654270287996 __DUMMY__ 0.04044540758281024	false	0.0
schmutzig	neg 1.0		off 0.5083543806944126 neg 0.4517722147454903 __DUMMY__ 0.039873404560096956	false	0.5
sexy	neg 1.0		off 0.5067955153615992 neg 0.4530939120188681 __DUMMY__ 0.04011057261953268	false	0.5
abraten	neg 1.0		off 0.5049146114275457 neg 0.4548717988126355 __DUMMY__ 0.04021358975981871	false	0.5
schwarz	neg 1.0		off 0.5050408222298469 neg 0.4547837178995385 __DUMMY__ 0.04017545987061468	false	0.5
fotze	off 1.0	off 1.0	off 0.7367777199585386 neg 0.24399282069590983 __DUMMY__ 0.01922945934555152	false	1.0
verwirren	neg 1.0		off 0.5054003165379639 neg 0.4544427295363004 __DUMMY__ 0.04015695392573574	false	0.5
zahnlos	off 1.0		off 0.5019105299915502 neg 0.4576742204195066 __DUMMY__ 0.04041524958894332	false	1.0
verheeren	neg 1.0		off 0.517512275000522 neg 0.44326791987735137 __DUMMY__ 0.03921980512212664	false	0.5
hippie	neg 1.0		off 0.5060043213364859 neg 0.45391163003741275 __DUMMY__ 0.04008404862610132	false	0.5
rammen	neg 1.0		off 0.503101341811093 neg 0.45667464541235075 __DUMMY__ 0.040224012776556316	false	0.5
unlauter	neg 1.0		off 0.5036350515693756 neg 0.4563104088503513 __DUMMY__ 0.04005453958027313	false	0.5
unheilvoll	neg 1.0		off 0.5030358315555616 neg 0.4568310856991112 __DUMMY__ 0.04013308274532716	false	0.5
niedrig	neg 1.0		off 0.49851535528749097 neg 0.461178620806865 __DUMMY__ 0.040306023905643994	false	0.5
explosion	neg 1.0		off 0.506195202857689 neg 0.453692217323813 __DUMMY__ 0.04011257981849794	false	0.5
weichei	off 1.0	off 1.0	off 0.7420117433443356 neg 0.23931772598454418 __DUMMY__ 0.018670530671120233	false	1.0
minusmensch	off 1.0		off 0.5156921151131177 neg 0.4452203917805206 __DUMMY__ 0.03908749310636169	false	1.0
farblos	neg 1.0		off 0.5035782276876276 neg 0.45624945520021004 __DUMMY__ 0.04017231711216241	false	0.5
unwissend	neg 1.0	neg 1.0	neg 0.7114777368544644 off 0.2695625394088183 __DUMMY__ 0.018959723736717424	false	1.0
traurig	neg 1.0		off 0.510594272703586 neg 0.4496276899088717 __DUMMY__ 0.03977803738754235	false	0.5
senkung	neg 1.0		off 0.5022458540560616 neg 0.45796183031564164 __DUMMY__ 0.03979231562829676	false	0.5
ungleich	neg 1.0	neg 1.0	neg 0.71479415056869 off 0.2659495395054423 __DUMMY__ 0.019256309925867764	false	1.0
heikel	neg 1.0		off 0.4993551153593715 neg 0.4600557949893493 __DUMMY__ 0.04058908965127928	false	0.5
drosselung	neg 1.0		off 0.5052255375408946 neg 0.45521498958291823 __DUMMY__ 0.039559472876187066	false	0.5
falsch	neg 1.0		off 0.5071425177598416 neg 0.452749394454427 __DUMMY__ 0.04010808778573146	false	0.5
unzufriedenheit	neg 1.0		off 0.49736324483751304 neg 0.46219229311928417 __DUMMY__ 0.04044446204320281	false	0.5
kurz	neg 1.0		off 0.50231153861437 neg 0.45713018227729063 __DUMMY__ 0.040558279108339416	false	0.5
unsinnig	neg 1.0		off 0.5008023246857005 neg 0.45896230324279697 __DUMMY__ 0.04023537207150257	false	0.5
penner	off 1.0	off 1.0	off 0.7434057966032102 neg 0.23793011683525353 __DUMMY__ 0.01866408656153632	false	1.0
seicht	neg 1.0		off 0.5133112593346696 neg 0.44756990686686976 __DUMMY__ 0.0391188337984606	false	0.5
dummheit	off 1.0	off 1.0	off 0.7385015854466569 neg 0.2424889525114297 __DUMMY__ 0.01900946204191325	false	1.0
unerfreulich	neg 1.0		off 0.49864986734191324 neg 0.4607804003907404 __DUMMY__ 0.04056973226734646	false	0.5
motherfucker	off 1.0	off 1.0	off 0.7412562578980026 neg 0.23985236874120616 __DUMMY__ 0.018891373360791216	false	1.0
pikiert	neg 1.0		off 0.5070878610600963 neg 0.45301706513398354 __DUMMY__ 0.03989507380592032	false	0.5
wrack	neg 1.0		off 0.5055021118154559 neg 0.45367927237831823 __DUMMY__ 0.04081861580622599	false	0.5
gangster	neg 1.0		off 0.5061351953087226 neg 0.45380034787179657 __DUMMY__ 0.040064456819480745	false	0.5
krank	neg 1.0		off 0.5092408689586021 neg 0.450796453115425 __DUMMY__ 0.03996267792597285	false	0.5
reich	neg 1.0		off 0.5036988925027215 neg 0.4565716477550582 __DUMMY__ 0.03972945974222033	false	0.5
gnadenlos	neg 1.0		off 0.5044085213944209 neg 0.45528087992157185 __DUMMY__ 0.04031059868400719	false	0.5
niedergeschlagen	neg 1.0		off 0.5025263641684625 neg 0.45684852749094523 __DUMMY__ 0.04062510834059224	false	0.5
terrorisieren	off 1.0	off 1.0	off 0.736403879724248 neg 0.24425553680462575 __DUMMY__ 0.01934058347112628	false	1.0
sinnlosigkeit	neg 1.0		off 0.5012848552568208 neg 0.4582920778116839 __DUMMY__ 0.04042306693149531	false	0.5
behindern	neg 1.0		off 0.5020897138646356 neg 0.4576560914872991 __DUMMY__ 0.040254194648065365	false	0.5
undemokratisch	neg 1.0		off 0.5040459033004681 neg 0.4558883208684923 __DUMMY__ 0.04006577583103948	false	0.5
wirtschaftskrise	neg 1.0		off 0.49787599310570796 neg 0.46197970528227383 __DUMMY__ 0.040144301612018325	false	0.5
neid	neg 1.0		off 0.505980337305131 neg 0.45392765216054853 __DUMMY__ 0.040092010534320384	false	0.5
rutschen	neg 1.0		off 0.49620138047147816 neg 0.4628133314862503 __DUMMY__ 0.04098528804227161	false	0.5
rezession	neg 1.0		off 0.5060577792948827 neg 0.4546422803536584 __DUMMY__ 0.03929994035145894	false	0.5
fehlgeburt	neg 1.0		off 0.5047276279061965 neg 0.45487336609793905 __DUMMY__ 0.04039900599586436	false	0.5
charakterschwach	off 1.0		off 0.5073879459386972 neg 0.45277473403291696 __DUMMY__ 0.03983732002838595	false	1.0
isolation	neg 1.0		off 0.5075941686458029 neg 0.4522467947325726 __DUMMY__ 0.04015903662162444	false	0.5
ablenkung	neg 1.0		off 0.5033907987464832 neg 0.45620892978773664 __DUMMY__ 0.04040027146578019	false	0.5
pech	neg 1.0		off 0.5062651978335387 neg 0.45375216289536524 __DUMMY__ 0.03998263927109602	false	0.5
vermeidung	neg 1.0		off 0.5073514157032897 neg 0.45286190502469753 __DUMMY__ 0.0397866792720128	false	0.5
dominieren	neg 1.0		off 0.5018614539445377 neg 0.45772157924766155 __DUMMY__ 0.04041696680780074	false	0.5
schwindlig	neg 1.0		off 0.5040478331353099 neg 0.45583990961925125 __DUMMY__ 0.040112257245438855	false	0.5
lutscher	neg 1.0	neg 1.0	neg 0.7075899512174786 off 0.27393702403009607 __DUMMY__ 0.018473024752425366	false	1.0
pflicht	neg 1.0		off 0.4989590110075679 neg 0.46029417720226673 __DUMMY__ 0.04074681179016551	false	0.5
faschist	off 1.0		off 0.5072109117282546 neg 0.45265063698920244 __DUMMY__ 0.040138451282543085	false	1.0
verschleudern	neg 1.0		off 0.4965764740804965 neg 0.4632171866380144 __DUMMY__ 0.040206339281489166	false	0.5
wenn			off 0.5070974913465527 neg 0.45290012716576744 __DUMMY__ 0.0400023814876799	false	0.0
ehebruch	neg 1.0		off 0.5009147024938136 neg 0.45857601465673803 __DUMMY__ 0.040509282849448394	false	0.5
spott	off 1.0		off 0.5015504289572409 neg 0.457856427342287 __DUMMY__ 0.04059314370047207	false	1.0
trostlosigkeit	neg 1.0		off 0.49596629580988816 neg 0.46355984237986936 __DUMMY__ 0.04047386181024252	false	0.5
lutschen	neg 1.0		off 0.5059783456665776 neg 0.4540580583041298 __DUMMY__ 0.03996359602929252	false	0.5
undiszipliniert	neg 1.0		off 0.5096058222213998 neg 0.4506126097828507 __DUMMY__ 0.03978156799574925	false	0.5
kopfschmerz	neg 1.0		off 0.4975161436559146 neg 0.4622368469131869 __DUMMY__ 0.040247009430898366	false	0.5
unvorhergesehen	neg 1.0		off 0.4998279100025215 neg 0.45939201515472894 __DUMMY__ 0.04078007484274956	false	0.5
desinteressiert	neg 1.0		off 0.5088846716580185 neg 0.4513090491401343 __DUMMY__ 0.03980627920184711	false	0.5
armselig	off 1.0		off 0.5115142669086845 neg 0.44874890982089616 __DUMMY__ 0.03973682327041937	false	1.0
desaster	neg 1.0		off 0.4969841207099267 neg 0.4623747505612445 __DUMMY__ 0.040641128728828725	false	0.5
tod	neg 1.0		off 0.5004874835698159 neg 0.4589321962830109 __DUMMY__ 0.04058032014717321	false	0.5
herzlos	neg 1.0		off 0.510805615021741 neg 0.44945112872996756 __DUMMY__ 0.03974325624829125	false	0.5
unwissenheit	neg 1.0		off 0.5008553423655028 neg 0.4587186594103983 __DUMMY__ 0.040425998224098966	false	0.5
widersinnig	neg 1.0		off 0.5000567984306395 neg 0.45979304093599294 __DUMMY__ 0.040150160633367425	false	0.5
bedenklich	neg 1.0		off 0.499421418563368 neg 0.4601627362469134 __DUMMY__ 0.04041584518971862	false	0.5
beanstanden	neg 1.0		off 0.5002146287907411 neg 0.45901556007651295 __DUMMY__ 0.040769811132745915	false	0.5
panisch	neg 1.0		off 0.5056481126793732 neg 0.4540630320061623 __DUMMY__ 0.04028885531446455	false	0.5
debil	off 1.0		off 0.4932849537623546 neg 0.4657199274405327 __DUMMY__ 0.04099511879711259	false	1.0
abstrich	neg 1.0		off 0.5009399392359736 neg 0.45876784194752157 __DUMMY__ 0.04029221881650479	false	0.5
primitiv	neg 1.0		off 0.509450142987593 neg 0.45070834043860747 __DUMMY__ 0.039841516573799515	false	0.5
abschaum	off 1.0	off 1.0	off 0.7409579907146088 neg 0.24001102370913074 __DUMMY__ 0.01903098557626045	false	1.0
provozieren	neg 1.0		off 0.5038410487429388 neg 0.45590847810944607 __DUMMY__ 0.040250473147615	false	0.5
tot	neg 1.0		off 0.4996020228251113 neg 0.4601248226721428 __DUMMY__ 0.040273154502746045	false	0.5
instabil	neg 1.0		off 0.5096287974832235 neg 0.4508578337728568 __DUMMY__ 0.03951336874391959	false	0.5
schwuchtel	off 1.0	off 1.0	off 0.7461320217920258 neg 0.23550814126477507 __DUMMY__ 0.01835983694319913	false	1.0
zerren	neg 1.0		off 0.501674109585442 neg 0.45776218520339107 __DUMMY__ 0.04056370521116689	false	0.5
kinderficker	off 1.0		off 0.5134041206604079 neg 0.44702356881908467 __DUMMY__ 0.039572310520507394	false	1.0
gefahr	neg 1.0		off 0.49982855677432986 neg 0.4594154224502312 __DUMMY__ 0.040756020775438946	false	0.5
rabiat	neg 1.0		off 0.5021309968683865 neg 0.4575285971098521 __DUMMY__ 0.04034040602176139	false	0.5
verlangsamung	neg 1.0		off 0.5131440069562692 neg 0.44755411482890795 __DUMMY__ 0.039301878214822984	false	0.5
ausgestorben	neg 1.0		off 0.5023084740655358 neg 0.4572700644357455 __DUMMY__ 0.040421461498718635	false	0.5
anklagen	neg 1.0		off 0.5023858749631163 neg 0.45715576151140663 __DUMMY__ 0.04045836352547713	false	0.5
trott	neg 1.0		off 0.5030102829410621 neg 0.45667539099799803 __DUMMY__ 0.040314326060939945	false	0.5
verminderung	neg 1.0		off 0.5077902623479659 neg 0.45239397867088843 __DUMMY__ 0.03981575898114572	false	0.5
nach			off 0.4962104527079397 neg 0.4626278939656767 __DUMMY__ 0.04116165332638363	false	0.0
rost	neg 1.0		off 0.5176452285462131 neg 0.4428223057263864 __DUMMY__ 0.039532465727400434	false	0.5
destruktiv	neg 1.0		off 0.5023475655175534 neg 0.45738930546085577 __DUMMY__ 0.04026312902159087	false	0.5
unzumutbarkeit	neg 1.0		off 0.5076835319132925 neg 0.45248991978140274 __DUMMY__ 0.03982654830530467	false	0.5
labil	off 1.0	off 1.0	off 0.7396993216684243 neg 0.2413312653334635 __DUMMY__ 0.018969412998112067	false	1.0
ziemlich	neg 1.0		off 0.5084938109584449 neg 0.4515076749510235 __DUMMY__ 0.03999851409053166	false	0.5
lachnummer	off 1.0		off 0.5044320223798654 neg 0.45519253479573374 __DUMMY__ 0.0403754428244008	false	1.0
oder			off 0.5042219528608185 neg 0.45541636023111176 __DUMMY__ 0.04036168690806977	false	0.0
verfall	neg 1.0		off 0.49406238667154984 neg 0.4652821441206624 __DUMMY__ 0.040655469207787724	false	0.5
ausgrenzung	neg 1.0		off 0.5036364114298184 neg 0.45632569801675116 __DUMMY__ 0.04003789055343043	false	0.5
unordnung	neg 1.0		off 0.5109658740979424 neg 0.449464287522816 __DUMMY__ 0.03956983837924152	false	0.5
fehlverhalten	neg 1.0		off 0.4997508151132341 neg 0.4596756986815229 __DUMMY__ 0.04057348620524289	false	0.5
eine			off 0.49762691364935485 neg 0.4617028485655598 __DUMMY__ 0.04067023778508526	false	0.0
nille	neg 1.0		off 0.5034049199367693 neg 0.4562899190812457 __DUMMY__ 0.040305160981985076	false	0.5
qual	neg 1.0		off 0.5024226420868491 neg 0.45727041152568554 __DUMMY__ 0.04030694638746549	false	0.5
verschwenden	neg 1.0		off 0.49786458801512 neg 0.4617036679882975 __DUMMY__ 0.04043174399658245	false	0.5
riesig	neg 1.0		off 0.5004013785769522 neg 0.45901234111427824 __DUMMY__ 0.04058628030876954	false	0.5
verurteilen	neg 1.0		off 0.5018569596245344 neg 0.4576892544486536 __DUMMY__ 0.04045378592681208	false	0.5
klischee	neg 1.0	neg 1.0	neg 0.7120552189165144 off 0.26896569341690313 __DUMMY__ 0.018979087666582434	false	1.0
diktatorisch	neg 1.0		off 0.5039869217514225 neg 0.4559679749107655 __DUMMY__ 0.04004510333781214	false	0.5
vorhersehbar	neg 1.0		off 0.5045831439564283 neg 0.4554134533311245 __DUMMY__ 0.04000340271244723	false	0.5
sowie			off 0.5109096464111403 neg 0.44966182080569383 __DUMMY__ 0.039428532783165764	false	0.0
stornieren	neg 1.0		off 0.5092611810462585 neg 0.4502606223647388 __DUMMY__ 0.040478196589002854	false	0.5
besteuerung	neg 1.0	neg 1.0	neg 0.715211322966652 off 0.26587609047214544 __DUMMY__ 0.018912586561202666	false	1.0
ungeschminkt	neg 1.0		off 0.5086810220639425 neg 0.4515688072717418 __DUMMY__ 0.03975017066431568	false	0.5
kritisch	neg 1.0		off 0.5010674150581127 neg 0.4584781248540376 __DUMMY__ 0.04045446008784966	false	0.5
schlamperei	off 1.0		off 0.49994079253784923 neg 0.45953473904932446 __DUMMY__ 0.040524468412826274	false	1.0
sucht	neg 1.0	neg 1.0	neg 0.7122287875411156 off 0.26862356192234915 __DUMMY__ 0.019147650536535242	false	1.0
egoistisch	off 1.0	off 1.0	off 0.743142127770287 neg 0.23806135986417729 __DUMMY__ 0.018796512365535662	false	1.0
ausbeuter	off 1.0		off 0.49782829933060646 neg 0.4617495096392477 __DUMMY__ 0.04042219103014579	false	1.0
arschgeburt	off 1.0		off 0.5183353102117735 neg 0.44290168984436673 __DUMMY__ 0.0387629999438597	false	1.0
schubs	neg 1.0		off 0.4985715640174002 neg 0.46112294396633685 __DUMMY__ 0.040305492016262955	false	0.5
unsolide	neg 1.0		off 0.5057932778368123 neg 0.4540682203185946 __DUMMY__ 0.04013850184459316	false	0.5
beschwerde	neg 1.0		off 0.5019626817883088 neg 0.4575527912423305 __DUMMY__ 0.040484526969360654	false	0.5
stocken	neg 1.0		off 0.5000300038664581 neg 0.4595076087582218 __DUMMY__ 0.040462387375320076	false	0.5
isolieren	neg 1.0		off 0.4998834055049408 neg 0.45981856741849647 __DUMMY__ 0.04029802707656255	false	0.5
unheilbar	neg 1.0		off 0.5035648902760925 neg 0.45609365772095284 __DUMMY__ 0.040341452002954706	false	0.5
pisser	off 1.0	off 1.0	off 0.7415079179958802 neg 0.23964969523152838 __DUMMY__ 0.018842386772591372	false	1.0
löschen	neg 1.0		off 0.5031361491419044 neg 0.4566274468586604 __DUMMY__ 0.040236403999435046	false	0.5
durchfallen	neg 1.0		off 0.5012609660654361 neg 0.4582428837291884 __DUMMY__ 0.04049615020537541	false	0.5
wichser	off 1.0	off 1.0	off 0.7447363311022731 neg 0.2367169460631477 __DUMMY__ 0.018546722834579196	false	1.0
terror	neg 1.0		off 0.5058119460296394 neg 0.4540989501040393 __DUMMY__ 0.04008910386632126	false	0.5
krass	neg 1.0		off 0.5116779035245584 neg 0.4487494575033726 __DUMMY__ 0.03957263897206911	false	0.5
revolte	neg 1.0		off 0.5043076280486639 neg 0.45582739385397963 __DUMMY__ 0.039864978097356604	false	0.5
besorgt	neg 1.0		off 0.503020454572675 neg 0.4563714441837786 __DUMMY__ 0.04060810124354649	false	0.5
nachlassen	neg 1.0		off 0.501016857808836 neg 0.45842695403840744 __DUMMY__ 0.04055618815275669	false	0.5
alt	neg 1.0		off 0.49649113121400723 neg 0.4633592629682946 __DUMMY__ 0.04014960581769825	false	0.5
hundesohn	off 1.0	off 1.0	off 0.7437291988254211 neg 0.23773592444633732 __DUMMY__ 0.0185348767282416	false	1.0
als			off 0.5007983990015713 neg 0.45880805217361176 __DUMMY__ 0.040393548824816994	false	0.0
abschreckung	neg 1.0		off 0.4987766103031247 neg 0.4606280478920701 __DUMMY__ 0.04059534180480507	false	0.5
unqualifiziert	neg 1.0		off 0.5073519436507632 neg 0.45258333429942815 __DUMMY__ 0.040064722049808654	false	0.5
abgewichst	off 1.0		off 0.5030906256495083 neg 0.45654233522987603 __DUMMY__ 0.040367039120615636	false	1.0
schwer	neg 1.0		off 0.5027072125624817 neg 0.4569231858608745 __DUMMY__ 0.04036960157664364	false	0.5
bedeutungslosigkeit	neg 1.0		off 0.4991374712690836 neg 0.46030294674522165 __DUMMY__ 0.04055958198569478	false	0.5
kapitulation	neg 1.0		off 0.4992428117589693 neg 0.4604406978450475 __DUMMY__ 0.0403164903959831	false	0.5
unscharf	neg 1.0		off 0.5013377882212694 neg 0.45885559894513683 __DUMMY__ 0.03980661283359366	false	0.5
schwinden	neg 1.0		off 0.4971376498926103 neg 0.462499539844301 __DUMMY__ 0.0403628102630887	false	0.5
versklavung	neg 1.0	neg 1.0	neg 0.7135125796626911 off 0.2674764588646818 __DUMMY__ 0.01901096147262711	false	1.0
schlecht	neg 1.0		off 0.5091723351183203 neg 0.4507830741237678 __DUMMY__ 0.04004459075791179	false	0.5
verhasst	neg 1.0		off 0.504366825088405 neg 0.4554347414451957 __DUMMY__ 0.040198433466399154	false	0.5
beschweren	neg 1.0		off 0.5057888992677823 neg 0.4539140648859042 __DUMMY__ 0.04029703584631354	false	0.5
scheiden	neg 1.0		off 0.5028685728324586 neg 0.4568574137660031 __DUMMY__ 0.04027401340153831	false	0.5
frustriert	neg 1.0		off 0.5021688965199971 neg 0.4573945002395797 __DUMMY__ 0.040436603240423315	false	0.5
schimmelig	neg 1.0		off 0.49783270472940383 neg 0.4619556248055838 __DUMMY__ 0.04021167046501237	false	0.5
fisch	neg 1.0		off 0.4940589266903189 neg 0.4656350946657688 __DUMMY__ 0.0403059786439124	false	0.5
schmuggel	neg 1.0		off 0.4998428109651392 neg 0.4593134636208641 __DUMMY__ 0.04084372541399679	false	0.5
auffallen	neg 1.0		off 0.5054360689531561 neg 0.4543687587769912 __DUMMY__ 0.04019517226985281	false	0.5
konkurrenz	neg 1.0		off 0.500082234963778 neg 0.4592007018694053 __DUMMY__ 0.040717063166816676	false	0.5
teufelskreis	neg 1.0	neg 1.0	neg 0.7147141649809646 off 0.2661981338321458 __DUMMY__ 0.019087701186889586	false	1.0
aufschreien	neg 1.0		off 0.5050186619081056 neg 0.45491771961381433 __DUMMY__ 0.040063618478080106	false	0.5
schuldner	neg 1.0		off 0.4959909172491239 neg 0.46373312883874074 __DUMMY__ 0.04027595391213548	false	0.5
missgeburt	off 1.0	off 1.0	off 0.7439870356484385 neg 0.2373308575093317 __DUMMY__ 0.018682106842229807	false	1.0
arbeitslos	neg 1.0		off 0.5007589452920871 neg 0.4587744531132871 __DUMMY__ 0.04046660159462576	false	0.5
befallen	neg 1.0		off 0.49914732966520986 neg 0.4607764094041468 __DUMMY__ 0.04007626093064336	false	0.5
miesepetrig	off 1.0	off 1.0	off 0.7398940506027687 neg 0.24112562435178944 __DUMMY__ 0.01898032504544187	false	1.0
alarmieren	neg 1.0		off 0.5080430126585802 neg 0.451889195970905 __DUMMY__ 0.040067791370514944	false	0.5
ungeduscht	off 1.0		off 0.5057722104755641 neg 0.4543282980444932 __DUMMY__ 0.039899491479942754	false	1.0
knappheit	neg 1.0		off 0.49819761947861757 neg 0.46164106376174235 __DUMMY__ 0.040161316759640096	false	0.5
schlange	neg 1.0		off 0.5040026448803299 neg 0.4556440447948236 __DUMMY__ 0.04035331032484665	false	0.5
harsch	neg 1.0		off 0.5126825647890796 neg 0.4475505956977335 __DUMMY__ 0.03976683951318685	false	0.5
lang	neg 1.0		off 0.5041029961402399 neg 0.45567843447944617 __DUMMY__ 0.04021856938031386	false	0.5
ziellos	neg 1.0		off 0.5000078829666889 neg 0.4593698255219683 __DUMMY__ 0.040622291511342855	false	0.5
selbstverliebt	neg 1.0		off 0.5180542723836795 neg 0.4427951392828215 __DUMMY__ 0.039150588333499145	false	0.5
beseitigen	neg 1.0		off 0.504276352181128 neg 0.4552826938234171 __DUMMY__ 0.040440953995454984	false	0.5
dumm	off 1.0		off 0.513492369330053 neg 0.44705405301362056 __DUMMY__ 0.039453577656326455	false	1.0
arbeitsloser	neg 1.0		off 0.5048572404332529 neg 0.4543114185431695 __DUMMY__ 0.040831341023577744	false	0.5
blitzen	neg 1.0		off 0.505897928304741 neg 0.4541115217884079 __DUMMY__ 0.0399905499068511	false	0.5
hilflos	neg 1.0		off 0.5007602432880961 neg 0.45879258650814514 __DUMMY__ 0.040447170203758896	false	0.5
eklig	off 1.0		off 0.5124837412847738 neg 0.4482287460937423 __DUMMY__ 0.03928751262148372	false	1.0
begriff			off 0.5029133786293056 neg 0.45672802753979924 __DUMMY__ 0.04035859383089513	false	0.0
hungersnot	neg 1.0		off 0.4995559446952787 neg 0.460168221485537 __DUMMY__ 0.040275833819184294	false	0.5
ungesetzlich	neg 1.0		off 0.5043857662978732 neg 0.4555304578665025 __DUMMY__ 0.04008377583562432	false	0.5
verschwendung	neg 1.0		off 0.49871767072256484 neg 0.4607581019302017 __DUMMY__ 0.040524227347233294	false	0.5
schmerzvoll	neg 1.0		off 0.5034711861263688 neg 0.45639287533524425 __DUMMY__ 0.04013593853838699	false	0.5
vorzeitig	neg 1.0		off 0.5085473066258618 neg 0.45138905898824816 __DUMMY__ 0.04006363438589007	false	0.5
unvollkommenheit	neg 1.0		off 0.5010895913918876 neg 0.4585712326153968 __DUMMY__ 0.04033917599271558	false	0.5
intervenieren	neg 1.0		off 0.49766987660695394 neg 0.46200696557131155 __DUMMY__ 0.040323157821734575	false	0.5
banause	off 1.0		off 0.5118852648827414 neg 0.44911033728296085 __DUMMY__ 0.039004397834297745	false	1.0
rebell	neg 1.0		off 0.49277086850910007 neg 0.4667654244417325 __DUMMY__ 0.04046370704916741	false	0.5
unlogisch	neg 1.0		off 0.509584415880391 neg 0.4507088372080735 __DUMMY__ 0.039706746911535425	false	0.5
leiden	neg 1.0		off 0.5006935064930305 neg 0.4584426112851597 __DUMMY__ 0.040863882221809825	false	0.5
abschaffung	neg 1.0		off 0.5020432694544458 neg 0.45791808768195674 __DUMMY__ 0.04003864286359756	false	0.5
sturz	neg 1.0		off 0.5076111059118645 neg 0.45195782474628554 __DUMMY__ 0.040431069341849916	false	0.5
verkleinerung	neg 1.0		off 0.503298928946554 neg 0.45700128982131216 __DUMMY__ 0.03969978123213373	false	0.5
schmarotzer	off 1.0		off 0.5016736969435769 neg 0.45791183446656925 __DUMMY__ 0.040414468589853945	false	1.0
bestrafung	neg 1.0	neg 1.0	neg 0.7126647340693452 off 0.26816486157448954 __DUMMY__ 0.01917040435616529	false	1.0
achtlos	neg 1.0		off 0.5027781388989064 neg 0.4567350073048264 __DUMMY__ 0.0404868537962673	false	0.5
ungeheuer	neg 1.0		off 0.5015176151251494 neg 0.4583866253354126 __DUMMY__ 0.04009575953943809	false	0.5
unaufrichtig	neg 1.0		off 0.507277853383998 neg 0.4526588781569667 __DUMMY__ 0.04006326845903541	false	0.5
groggy	neg 1.0		off 0.5066116926003957 neg 0.45322036047204967 __DUMMY__ 0.04016794692755474	false	0.5
