unsolidarisch	neg 1.0		off 0.5195701762275615 neg 0.47358959455908384 __DUMMY__ 0.006840229213354524	false	0.5
nachteilig	neg 1.0		off 0.5180640928858815 neg 0.4750124827116112 __DUMMY__ 0.0069234244025073504	false	0.5
skeptisch	neg 1.0		off 0.5164202395889043 neg 0.4766536413836539 __DUMMY__ 0.00692611902744186	false	0.5
schrecklich	neg 1.0		off 0.5280328792189988 neg 0.46518929007082976 __DUMMY__ 0.006777830710171516	false	0.5
schlapp	neg 1.0	neg 1.0	neg 0.7184802754676123 off 0.27828695242683776 __DUMMY__ 0.003232772105549995	false	1.0
abfall	neg 1.0		off 0.5152107855965171 neg 0.4778091836132784 __DUMMY__ 0.006980030790204571	false	0.5
widerspenstig	neg 1.0		off 0.5187498697771277 neg 0.4743875256167643 __DUMMY__ 0.006862604606108098	false	0.5
abrupt	neg 1.0		off 0.5143680759437417 neg 0.4787294145641022 __DUMMY__ 0.006902509492156192	false	0.5
unwirksam	neg 1.0		off 0.516030886929475 neg 0.4771765347605479 __DUMMY__ 0.006792578309977201	false	0.5
angreifen	neg 1.0		off 0.5163384056625226 neg 0.4767231449626718 __DUMMY__ 0.006938449374805431	false	0.5
inkonsistent	neg 1.0		off 0.5207401221116787 neg 0.4724446985985847 __DUMMY__ 0.006815179289736547	false	0.5
abrutschen	neg 1.0		off 0.5142631683850778 neg 0.4787640640631762 __DUMMY__ 0.006972767551746146	false	0.5
unsicher	neg 1.0		off 0.5210460292180221 neg 0.4720628450043805 __DUMMY__ 0.006891125777597239	false	0.5
bauernkind	off 1.0	off 1.0	off 0.7484224237454942 neg 0.24841619147773691 __DUMMY__ 0.0031613847767688447	false	1.0
angreifer	neg 1.0		off 0.5266269848371433 neg 0.4664894631074815 __DUMMY__ 0.006883552055375269	false	0.5
trennen	neg 1.0		off 0.5166796249554974 neg 0.47637135386370955 __DUMMY__ 0.006949021180793084	false	0.5
schmutz	neg 1.0		off 0.5268978419478897 neg 0.46619649461087187 __DUMMY__ 0.006905663441238451	false	0.5
inkonsistenz	neg 1.0		off 0.5246797605478442 neg 0.4684959189989239 __DUMMY__ 0.0068243204532318445	false	0.5
erschreckend	neg 1.0		off 0.5197331087220766 neg 0.47338200082481185 __DUMMY__ 0.0068848904531115356	false	0.5
ertrinken	neg 1.0		off 0.5145547409358975 neg 0.4785242213819896 __DUMMY__ 0.006921037682112882	false	0.5
pickelface	off 1.0		off 0.5204704857899907 neg 0.4726648893964489 __DUMMY__ 0.006864624813560422	false	1.0
seiner			off 0.5173374136688585 neg 0.47571755399252746 __DUMMY__ 0.006945032338614117	false	0.0
lauch	neg 1.0	neg 1.0	neg 0.724378380214337 off 0.27231989896185216 __DUMMY__ 0.0033017208238107954	false	1.0
unwichtig	neg 1.0		off 0.5246073941168148 neg 0.4685679836195152 __DUMMY__ 0.006824622263670186	false	0.5
steuerhinterziehung	neg 1.0		off 0.5189266837033231 neg 0.47420549407268303 __DUMMY__ 0.006867822223993708	false	0.5
schock	neg 1.0		off 0.5192302110347167 neg 0.4738712381625937 __DUMMY__ 0.006898550802689748	false	0.5
beule	neg 1.0		off 0.5253049478876528 neg 0.4679165883552868 __DUMMY__ 0.006778463757060187	false	0.5
vergelten	neg 1.0		off 0.5292122073048346 neg 0.4640142102411395 __DUMMY__ 0.006773582454025763	false	0.5
verdorbenheit	neg 1.0		off 0.52146252018516 neg 0.47167359354223953 __DUMMY__ 0.006863886272600425	false	0.5
trauma	neg 1.0		off 0.5209063373077044 neg 0.47224308018501 __DUMMY__ 0.006850582507285465	false	0.5
sinnlos	neg 1.0		off 0.5221466851091107 neg 0.47099620620118154 __DUMMY__ 0.006857108689707853	false	0.5
fettsack	off 1.0	off 1.0	off 0.7497150983005887 neg 0.24711919905533433 __DUMMY__ 0.003165702644076978	false	1.0
feige	off 1.0	off 1.0	off 0.7484119338660292 neg 0.24836234136745142 __DUMMY__ 0.003225724766519428	false	1.0
abdanken	neg 1.0		off 0.5215758158898153 neg 0.4715217823189603 __DUMMY__ 0.0069024017912242665	false	0.5
wichtigtuer	off 1.0	off 1.0	off 0.7476916870908686 neg 0.24905255382540872 __DUMMY__ 0.0032557590837227137	false	1.0
misslingen	neg 1.0		off 0.5236915930262923 neg 0.46941584846100715 __DUMMY__ 0.006892558512700684	false	0.5
untreu	off 1.0		off 0.5255066146854886 neg 0.46768390929598097 __DUMMY__ 0.006809476018530467	false	1.0
missmutig	neg 1.0		off 0.5230598506590074 neg 0.4701102183661343 __DUMMY__ 0.006829930974858322	false	0.5
hurenbock	off 1.0		off 0.5159699105047265 neg 0.4772330268941385 __DUMMY__ 0.0067970626011351265	false	1.0
betrunken	neg 1.0		off 0.5268388872498837 neg 0.4663767097950358 __DUMMY__ 0.006784402955080562	false	0.5
korrupt	off 1.0		off 0.517973788643047 neg 0.47516166156004386 __DUMMY__ 0.006864549796909132	false	1.0
unmut	neg 1.0		off 0.5151909721332953 neg 0.47785992651333464 __DUMMY__ 0.006949101353370157	false	0.5
hackfresse	off 1.0		off 0.5314922113835964 neg 0.46178464683733783 __DUMMY__ 0.006723141779065738	false	1.0
aufblasen	neg 1.0		off 0.5205664296874317 neg 0.47256305656110614 __DUMMY__ 0.006870513751462201	false	0.5
gewaltsam	neg 1.0		off 0.521770840207692 neg 0.4713252567029068 __DUMMY__ 0.006903903089401187	false	0.5
unbeliebtheit	neg 1.0		off 0.5257209409709227 neg 0.4674690809697874 __DUMMY__ 0.006809978059289841	false	0.5
sturheit	neg 1.0		off 0.5211047501611116 neg 0.4719876428981598 __DUMMY__ 0.00690760694072854	false	0.5
kuh	neg 1.0		off 0.5153541186538368 neg 0.47792516941212726 __DUMMY__ 0.006720711934035964	false	0.5
erschrecken	neg 1.0		off 0.5238413196128364 neg 0.46932408952368304 __DUMMY__ 0.00683459086348051	false	0.5
opfer	neg 1.0		off 0.5203653275295255 neg 0.4726804506827253 __DUMMY__ 0.006954221787749196	false	0.5
sinken	neg 1.0		off 0.513725603305502 neg 0.47936086403574807 __DUMMY__ 0.006913532658749851	false	0.5
stinktier	neg 1.0		off 0.5248919746605667 neg 0.4684339569754908 __DUMMY__ 0.006674068363942431	false	0.5
tucke	off 1.0		off 0.5292648143524744 neg 0.4640969284333407 __DUMMY__ 0.006638257214184856	false	1.0
ein			off 0.5174583419767533 neg 0.4756912443571244 __DUMMY__ 0.006850413666122282	false	0.0
abstieg	neg 1.0		off 0.521896679112609 neg 0.4711541441243666 __DUMMY__ 0.006949176763024449	false	0.5
missverstehen	neg 1.0		off 0.5230470409738425 neg 0.47010383751670975 __DUMMY__ 0.006849121509447678	false	0.5
ergebnislos	neg 1.0		off 0.5193488145310279 neg 0.4737056362496928 __DUMMY__ 0.0069455492192792645	false	0.5
unter			off 0.512378036150535 neg 0.4805880712768437 __DUMMY__ 0.007033892572621188	false	0.0
manipulieren	neg 1.0		off 0.5175406797639476 neg 0.4755246234759655 __DUMMY__ 0.006934696760087013	false	0.5
unbewiesen	neg 1.0	neg 1.0	neg 0.7202059988047224 off 0.27653419598936085 __DUMMY__ 0.003259805205916796	false	1.0
verschleppen	neg 1.0		off 0.5181807571023921 neg 0.4749158926356935 __DUMMY__ 0.006903350261914508	false	0.5
weib	off 1.0		off 0.5312034368846668 neg 0.4621283183123755 __DUMMY__ 0.00666824480295766	false	1.0
opposition	neg 1.0		off 0.5205518660796865 neg 0.4726119234924482 __DUMMY__ 0.006836210427865422	false	0.5
verkehrswidrig	neg 1.0		off 0.5310668022840492 neg 0.4621457368205599 __DUMMY__ 0.0067874608953908434	false	0.5
inkorrekt	neg 1.0		off 0.5274907855024215 neg 0.46573581750733456 __DUMMY__ 0.006773396990243941	false	0.5
vermeiden	neg 1.0		off 0.5138881829206612 neg 0.47913370822924506 __DUMMY__ 0.00697810885009376	false	0.5
abweichung	neg 1.0	neg 1.0	neg 0.7209021969397545 off 0.27580571284522776 __DUMMY__ 0.003292090215017776	false	1.0
alkoholisiert	neg 1.0		off 0.5201798651086794 neg 0.4728362180644331 __DUMMY__ 0.006983916826887442	false	0.5
scheiss	off 1.0	off 1.0	off 0.7485216426535763 neg 0.24827044910850604 __DUMMY__ 0.003207908237917541	false	1.0
herausforderung	neg 1.0		off 0.5183856481548806 neg 0.4747100067445212 __DUMMY__ 0.006904345100598093	false	0.5
pervers	off 1.0		off 0.5341605637775112 neg 0.45918087811709835 __DUMMY__ 0.006658558105390426	false	1.0
wackelig	neg 1.0		off 0.5190401758532623 neg 0.47404354703284934 __DUMMY__ 0.0069162771138883555	false	0.5
verwickeln	neg 1.0		off 0.5225252947382439 neg 0.47061268750155955 __DUMMY__ 0.006862017760196518	false	0.5
vorwand	neg 1.0		off 0.5157831785722308 neg 0.47727796882632684 __DUMMY__ 0.006938852601442313	false	0.5
muschi	off 1.0		off 0.5205375746576357 neg 0.47257195806061764 __DUMMY__ 0.006890467281746641	false	1.0
entmutigung	neg 1.0		off 0.5198428661236445 neg 0.4733506911356657 __DUMMY__ 0.0068064427406899315	false	0.5
unangemessen	neg 1.0		off 0.5201429273720983 neg 0.4729573142713645 __DUMMY__ 0.006899758356537282	false	0.5
unstetig	neg 1.0		off 0.5230541942459583 neg 0.47012681636941156 __DUMMY__ 0.006818989384630261	false	0.5
entmutigen	neg 1.0		off 0.5213141593835953 neg 0.47181824414452234 __DUMMY__ 0.006867596471882199	false	0.5
schwanz	neg 1.0		off 0.5177147875263547 neg 0.47539064492116667 __DUMMY__ 0.006894567552478567	false	0.5
verbot	neg 1.0		off 0.5181818245932746 neg 0.47494205443067583 __DUMMY__ 0.006876120976049745	false	0.5
leid	neg 1.0		off 0.5290251699143081 neg 0.46422151542785756 __DUMMY__ 0.006753314657834279	false	0.5
archaisch	neg 1.0		off 0.5182430096075004 neg 0.4748792119227749 __DUMMY__ 0.006877778469724738	false	0.5
gegen			off 0.5173589979546596 neg 0.47566955817081685 __DUMMY__ 0.006971443874523588	false	0.0
scheidung	neg 1.0		off 0.5407537265008401 neg 0.45256264117204403 __DUMMY__ 0.0066836323271159325	false	0.5
einschlag	neg 1.0		off 0.5310093091116547 neg 0.4621753799262267 __DUMMY__ 0.006815310962118726	false	0.5
m			off 0.518936779140553 neg 0.4741594049800146 __DUMMY__ 0.006903815879432397	false	0.0
abgestanden	neg 1.0		off 0.5145035148636994 neg 0.47871702761732043 __DUMMY__ 0.006779457518980188	false	0.5
schmierig	off 1.0		off 0.5283530069924203 neg 0.46489560216785414 __DUMMY__ 0.006751390839725558	false	1.0
unpraktisch	neg 1.0		off 0.5221241892459755 neg 0.47100701998258937 __DUMMY__ 0.0068687907714350595	false	0.5
wixxer	off 1.0		off 0.5328710712358901 neg 0.4604983284703915 __DUMMY__ 0.00663060029371851	false	1.0
bezeichnet			off 0.5216647564079712 neg 0.4714466638033419 __DUMMY__ 0.006888579788686991	false	0.0
jammerlappen	off 1.0		off 0.524845155649963 neg 0.4683324939070549 __DUMMY__ 0.0068223504429821185	false	1.0
farce	neg 1.0		off 0.5188638597678639 neg 0.4742872355895229 __DUMMY__ 0.006848904642613173	false	0.5
zwecklos	neg 1.0		off 0.5183778348084284 neg 0.47472642784907343 __DUMMY__ 0.006895737342498166	false	0.5
turbulent	neg 1.0		off 0.5252401557575206 neg 0.4679854519067527 __DUMMY__ 0.006774392335726554	false	0.5
invasion	neg 1.0		off 0.5223725441410366 neg 0.47078415254885875 __DUMMY__ 0.00684330331010465	false	0.5
schuld	neg 1.0		off 0.521847199710979 neg 0.4712835998749591 __DUMMY__ 0.006869200414061972	false	0.5
risiko	neg 1.0		off 0.5194817129554947 neg 0.4737073308695118 __DUMMY__ 0.006810956174993601	false	0.5
finster	neg 1.0		off 0.5177828676581393 neg 0.4753765214581324 __DUMMY__ 0.006840610883728218	false	0.5
geisteskrank	off 1.0		off 0.5268476124746067 neg 0.4663593125286932 __DUMMY__ 0.006793074996700226	false	1.0
zusammenbrechen	neg 1.0		off 0.5182145841530236 neg 0.47489589675019994 __DUMMY__ 0.006889519096776466	false	0.5
ausbeute	neg 1.0		off 0.5222234579616705 neg 0.4708482107541817 __DUMMY__ 0.006928331284147897	false	0.5
hinterhalt	neg 1.0		off 0.5183752955560271 neg 0.474749249851501 __DUMMY__ 0.006875454592471786	false	0.5
kritik	neg 1.0		off 0.5186989643815852 neg 0.47444822443683543 __DUMMY__ 0.006852811181579317	false	0.5
einschrumpfen	neg 1.0		off 0.5228227455220126 neg 0.47039205182099225 __DUMMY__ 0.006785202656995188	false	0.5
riskant	neg 1.0		off 0.5159117539642388 neg 0.4771746021421922 __DUMMY__ 0.006913643893569013	false	0.5
frustrieren	neg 1.0		off 0.5164708905291945 neg 0.4766283275065824 __DUMMY__ 0.006900781964223142	false	0.5
groll	neg 1.0		off 0.5200952746113174 neg 0.4729882402250195 __DUMMY__ 0.006916485163663148	false	0.5
gibt			off 0.5184619862628876 neg 0.47463425122543756 __DUMMY__ 0.006903762511674722	false	0.0
qualvoll	neg 1.0		off 0.5222331276226175 neg 0.4709137938973957 __DUMMY__ 0.006853078479986857	false	0.5
wackeln	neg 1.0		off 0.5203471165525062 neg 0.4727718586822668 __DUMMY__ 0.006881024765227086	false	0.5
klagen	neg 1.0		off 0.5152826101233802 neg 0.47779151495030314 __DUMMY__ 0.006925874926316777	false	0.5
bankrott	neg 1.0		off 0.5250079264038051 neg 0.4681552125768957 __DUMMY__ 0.006836861019299168	false	0.5
trauern	neg 1.0		off 0.5206010565680088 neg 0.47241776244884104 __DUMMY__ 0.006981180983150043	false	0.5
ablehnung	neg 1.0		off 0.5180831786229901 neg 0.47505820643674546 __DUMMY__ 0.006858614940264395	false	0.5
stur	neg 1.0		off 0.5213111804153132 neg 0.4718282630804376 __DUMMY__ 0.006860556504249275	false	0.5
aufruhr	neg 1.0	neg 1.0	neg 0.7202210980483904 off 0.2765072327202497 __DUMMY__ 0.003271669231359919	false	1.0
melancholie	neg 1.0		off 0.5142208813149413 neg 0.4788873276486706 __DUMMY__ 0.006891791036388082	false	0.5
ist			off 0.5217299994452497 neg 0.47141330245823865 __DUMMY__ 0.006856698096511636	false	0.0
torheit	neg 1.0		off 0.5213981077547192 neg 0.47174225027650696 __DUMMY__ 0.006859641968773867	false	0.5
dreckskind	off 1.0		off 0.5312241253783064 neg 0.4620835203870756 __DUMMY__ 0.0066923542346178705	false	1.0
umtauschen	neg 1.0		off 0.5197000892869366 neg 0.47342177875601454 __DUMMY__ 0.006878131957048886	false	0.5
zum			off 0.5179748719368769 neg 0.47498754343429644 __DUMMY__ 0.007037584628826709	false	0.0
zersetzen	neg 1.0		off 0.5153256432607729 neg 0.4777673950393244 __DUMMY__ 0.006906961699902666	false	0.5
zur			off 0.514410963715677 neg 0.4786058080462883 __DUMMY__ 0.0069832282380347345	false	0.0
frust	neg 1.0		off 0.5185258780703287 neg 0.47457421686437473 __DUMMY__ 0.006899905065296546	false	0.5
unerbittlichkeit	neg 1.0		off 0.5178120473769776 neg 0.47526172474584155 __DUMMY__ 0.006926227877180835	false	0.5
zwei			off 0.5145896708174078 neg 0.47841456371729557 __DUMMY__ 0.006995765465296738	false	0.0
unkorrekt	neg 1.0		off 0.5266287262638882 neg 0.46658480390243995 __DUMMY__ 0.006786469833671703	false	0.5
hexe	off 1.0		off 0.5211171984642848 neg 0.4721127871035289 __DUMMY__ 0.0067700144321862004	false	1.0
lasch	neg 1.0		off 0.5246707368156021 neg 0.46849008664067354 __DUMMY__ 0.006839176543724445	false	0.5
rivale	neg 1.0		off 0.5280138974889852 neg 0.4652102225340287 __DUMMY__ 0.006775879976986266	false	0.5
mutlos	off 1.0	off 1.0	off 0.7446831452262127 neg 0.2520375877841973 __DUMMY__ 0.003279266989590038	false	1.0
wirr	off 1.0		off 0.5275151800009531 neg 0.46573037342878715 __DUMMY__ 0.0067544465702597065	false	1.0
jahr			off 0.5209628679039127 neg 0.472044786632748 __DUMMY__ 0.006992345463339449	false	0.0
wird			off 0.5184382910773564 neg 0.4746459890506458 __DUMMY__ 0.006915719871997737	false	0.0
strafbar	neg 1.0		off 0.5180722802896635 neg 0.4749960687468986 __DUMMY__ 0.006931650963438032	false	0.5
erosion	neg 1.0		off 0.5210425601793515 neg 0.47207741862329006 __DUMMY__ 0.006880021197358501	false	0.5
eingehen	neg 1.0		off 0.5162874756714976 neg 0.47681045543276174 __DUMMY__ 0.006902068895740614	false	0.5
faul	off 1.0		off 0.5242674939233528 neg 0.46890155316654425 __DUMMY__ 0.00683095291010291	false	1.0
provisorium	neg 1.0		off 0.5131788823831264 neg 0.4797775690579035 __DUMMY__ 0.007043548558970208	false	0.5
schmerzen	neg 1.0		off 0.5184317097998878 neg 0.4746962776391303 __DUMMY__ 0.006872012560981975	false	0.5
schrumpfen	neg 1.0		off 0.511247256006465 neg 0.48181990641700406 __DUMMY__ 0.006932837576530808	false	0.5
geistlos	off 1.0		off 0.5214255106647406 neg 0.47175650969709926 __DUMMY__ 0.0068179796381601186	false	1.0
fehlkauf	neg 1.0		off 0.521782933840668 neg 0.4713838956784332 __DUMMY__ 0.0068331704808988585	false	0.5
frustrierend	neg 1.0		off 0.5231882340956894 neg 0.469984656418284 __DUMMY__ 0.0068271094860264895	false	0.5
unzufrieden	neg 1.0		off 0.5185837738343098 neg 0.47451222060288467 __DUMMY__ 0.006904005562805562	false	0.5
verzweifeln	neg 1.0		off 0.5198117671972371 neg 0.4732955756425731 __DUMMY__ 0.006892657160189811	false	0.5
verzweifelt	neg 1.0		off 0.521238608868552 neg 0.47190268732000623 __DUMMY__ 0.006858703811441827	false	0.5
misstrauensantrag	neg 1.0		off 0.521657697368817 neg 0.47149928251242157 __DUMMY__ 0.006843020118761396	false	0.5
abfallen	neg 1.0		off 0.5198141848308846 neg 0.4733227476196729 __DUMMY__ 0.006863067549442578	false	0.5
fucker	off 1.0		off 0.5280335800886636 neg 0.46517326253360397 __DUMMY__ 0.006793157377732428	false	1.0
ungezogen	neg 1.0		off 0.5329912062745286 neg 0.46031476305777597 __DUMMY__ 0.006694030667695375	false	0.5
irrsinnig	neg 1.0	neg 1.0	neg 0.7206606040773119 off 0.2760844294758389 __DUMMY__ 0.0032549664468492505	false	1.0
unfassbar	neg 1.0		off 0.5259814205892516 neg 0.46720060964063587 __DUMMY__ 0.0068179697701126665	false	0.5
hart	neg 1.0		off 0.5208993373369672 neg 0.4723691280865664 __DUMMY__ 0.006731534576466423	false	0.5
widerlich	off 1.0		off 0.5257469679446731 neg 0.46745267918578637 __DUMMY__ 0.0068003528695404205	false	1.0
fatal	neg 1.0	neg 1.0	neg 0.7210519629292802 off 0.27572163074221306 __DUMMY__ 0.0032264063285066705	false	1.0
bruch	neg 1.0		off 0.5158641847823145 neg 0.4771701374578921 __DUMMY__ 0.0069656777597933055	false	0.5
aushungern	neg 1.0		off 0.5184537881169613 neg 0.4746704284165909 __DUMMY__ 0.006875783466447681	false	0.5
anspannung	neg 1.0		off 0.515358181278142 neg 0.4776362931812491 __DUMMY__ 0.007005525540608911	false	0.5
von			off 0.5162657550322948 neg 0.47679539981819047 __DUMMY__ 0.006938845149514946	false	0.0
kraftlos	neg 1.0		off 0.5179084176316571 neg 0.47518741226194405 __DUMMY__ 0.006904170106398817	false	0.5
vom			off 0.5151789488701397 neg 0.4777581927519617 __DUMMY__ 0.007062858377898453	false	0.0
grenzdebil	off 1.0		off 0.5250837966317545 neg 0.46812014836838184 __DUMMY__ 0.00679605499986371	false	1.0
vor			off 0.5154899755156895 neg 0.47755478675604435 __DUMMY__ 0.0069552377282660095	false	0.0
unterwerfen	neg 1.0		off 0.5187275264556552 neg 0.47434530602473635 __DUMMY__ 0.006927167519608487	false	0.5
versenkung	neg 1.0		off 0.5181263079646841 neg 0.47494126462019787 __DUMMY__ 0.006932427415118051	false	0.5
entziehen	neg 1.0		off 0.5155624722723454 neg 0.4774993235115994 __DUMMY__ 0.006938204216055091	false	0.5
finanzkrise	neg 1.0		off 0.5142337471616727 neg 0.4789792782588981 __DUMMY__ 0.006786974579429329	false	0.5
schimpfend	neg 1.0		off 0.5224372854709555 neg 0.47067615113403743 __DUMMY__ 0.006886563395007173	false	0.5
profan	neg 1.0		off 0.5218628205600069 neg 0.4712962125723054 __DUMMY__ 0.006840966867687843	false	0.5
korruption	neg 1.0		off 0.5170365370098747 neg 0.47609638151404654 __DUMMY__ 0.0068670814760785955	false	0.5
â			off 0.5177148345984297 neg 0.47538562810950324 __DUMMY__ 0.0068995372920670804	false	0.0
schmutzig	neg 1.0		off 0.5256649914496772 neg 0.46753348555247703 __DUMMY__ 0.006801522997845828	false	0.5
sexy	neg 1.0		off 0.5242024182382254 neg 0.46895539142611453 __DUMMY__ 0.006842190335659915	false	0.5
abraten	neg 1.0		off 0.5223591290367338 neg 0.4707810853068285 __DUMMY__ 0.006859785656437715	false	0.5
schwarz	neg 1.0		off 0.5224679948672587 neg 0.4706786983029248 __DUMMY__ 0.006853306829816387	false	0.5
fotze	off 1.0	off 1.0	off 0.7451139619736983 neg 0.2516099125068743 __DUMMY__ 0.0032761255194274303	false	1.0
verwirren	neg 1.0		off 0.5228207938541364 neg 0.4703290839866066 __DUMMY__ 0.006850122159256998	false	0.5
zahnlos	off 1.0		off 0.5194255320743655 neg 0.47368007783119265 __DUMMY__ 0.006894390094441775	false	1.0
verheeren	neg 1.0		off 0.5345746690580438 neg 0.45873583810427626 __DUMMY__ 0.006689492837679968	false	0.5
hippie	neg 1.0		off 0.5233958125829626 neg 0.46976652760674364 __DUMMY__ 0.006837659810293656	false	0.5
rammen	neg 1.0		off 0.5205450556380786 neg 0.4725935251155655 __DUMMY__ 0.006861419246355701	false	0.5
unlauter	neg 1.0		off 0.521001982227132 neg 0.4721655228478791 __DUMMY__ 0.006832494924988697	false	0.5
unheilvoll	neg 1.0		off 0.5204394292620532 neg 0.4727146457929984 __DUMMY__ 0.0068459249449483225	false	0.5
niedrig	neg 1.0		off 0.5159710069670755 neg 0.4771534857693708 __DUMMY__ 0.006875507263553689	false	0.5
explosion	neg 1.0		off 0.5236005019307902 neg 0.4695569910146664 __DUMMY__ 0.006842507054543344	false	0.5
weichei	off 1.0	off 1.0	off 0.7501113913283529 neg 0.24670787201993039 __DUMMY__ 0.0031807366517167283	false	1.0
minusmensch	off 1.0		off 0.5326887244105845 neg 0.4606443917388267 __DUMMY__ 0.006666883850588873	false	1.0
farblos	neg 1.0		off 0.521001123641804 neg 0.4721463322270576 __DUMMY__ 0.006852544131138351	false	0.5
unwissend	neg 1.0	neg 1.0	neg 0.718985308756041 off 0.2777845811152811 __DUMMY__ 0.0032301101286778674	false	1.0
traurig	neg 1.0		off 0.5278733051358458 neg 0.46534150414845177 __DUMMY__ 0.006785190715702374	false	0.5
senkung	neg 1.0		off 0.5194966242860715 neg 0.47371578843790446 __DUMMY__ 0.006787587276024189	false	0.5
ungleich	neg 1.0	neg 1.0	neg 0.7224242527584155 off 0.27429501569811005 __DUMMY__ 0.0032807315434744545	false	1.0
heikel	neg 1.0		off 0.5169360489837559 neg 0.4761398043279968 __DUMMY__ 0.006924146688247399	false	0.5
drosselung	neg 1.0		off 0.522389712586068 neg 0.4708626033204573 __DUMMY__ 0.006747684093474665	false	0.5
falsch	neg 1.0		off 0.5245499648537755 neg 0.4686082967746357 __DUMMY__ 0.0068417383715888925	false	0.5
unzufriedenheit	neg 1.0		off 0.5148716788193195 neg 0.47822893273033706 __DUMMY__ 0.006899388450343463	false	0.5
kurz	neg 1.0		off 0.5198949010193923 neg 0.473186277154526 __DUMMY__ 0.006918821826081818	false	0.5
unsinnig	neg 1.0		off 0.5182360829008619 neg 0.4749003422900721 __DUMMY__ 0.0068635748090661525	false	0.5
penner	off 1.0	off 1.0	off 0.7515023670926683 neg 0.2453179896200026 __DUMMY__ 0.0031796432873291876	false	1.0
seicht	neg 1.0		off 0.5303152394249838 neg 0.46301247339446533 __DUMMY__ 0.006672287180550924	false	0.5
dummheit	off 1.0	off 1.0	off 0.7467433998496841 neg 0.2500179915519249 __DUMMY__ 0.003238608598391084	false	1.0
unerfreulich	neg 1.0		off 0.516220240668155 neg 0.4768589495547482 __DUMMY__ 0.006920809777096709	false	0.5
motherfucker	off 1.0	off 1.0	off 0.7494481885645612 neg 0.24733336179570112 __DUMMY__ 0.003218449639737742	false	1.0
pikiert	neg 1.0		off 0.5244026193735473 neg 0.46879212404371007 __DUMMY__ 0.006805256582742759	false	0.5
wrack	neg 1.0		off 0.5232094558774689 neg 0.469827321044525 __DUMMY__ 0.006963223078005967	false	0.5
gangster	neg 1.0		off 0.5235193398530256 neg 0.4696463604738537 __DUMMY__ 0.0068342996731208675	false	0.5
krank	neg 1.0		off 0.5265958509404578 neg 0.4665873737191449 __DUMMY__ 0.006816775340397478	false	0.5
reich	neg 1.0		off 0.5209293299573683 neg 0.472293982935492 __DUMMY__ 0.006776687107139715	false	0.5
gnadenlos	neg 1.0		off 0.5218898341901794 neg 0.47123370599118836 __DUMMY__ 0.006876459818632079	false	0.5
niedergeschlagen	neg 1.0		off 0.5201386181774448 neg 0.4729311265748555 __DUMMY__ 0.0069302552476996375	false	0.5
terrorisieren	off 1.0	off 1.0	off 0.7447859583389639 neg 0.25191892186508585 __DUMMY__ 0.003295119795950267	false	1.0
sinnlosigkeit	neg 1.0		off 0.5188013766529503 neg 0.4743029100480933 __DUMMY__ 0.006895713298956444	false	0.5
behindern	neg 1.0		off 0.5195404595269056 neg 0.47359276467831507 __DUMMY__ 0.0068667757947792635	false	0.5
undemokratisch	neg 1.0		off 0.5214164615098703 neg 0.4717490608998599 __DUMMY__ 0.00683447759026973	false	0.5
wirtschaftskrise	neg 1.0		off 0.515256856752564 neg 0.4778952314889257 __DUMMY__ 0.0068479117585103335	false	0.5
neid	neg 1.0		off 0.5233775126085587 neg 0.46978355937507316 __DUMMY__ 0.006838928016368079	false	0.5
rutschen	neg 1.0		off 0.5139442605344555 neg 0.479063816829577 __DUMMY__ 0.006991922635967353	false	0.5
rezession	neg 1.0		off 0.5231095422043331 neg 0.4701871942439353 __DUMMY__ 0.0067032635517314965	false	0.5
fehlgeburt	neg 1.0		off 0.5222527606492653 neg 0.4708558980002571 __DUMMY__ 0.006891341350477598	false	0.5
charakterschwach	off 1.0		off 0.5246780580256056 neg 0.4685265904199188 __DUMMY__ 0.006795351554475369	false	1.0
isolation	neg 1.0		off 0.5250263560545335 neg 0.468123197391323 __DUMMY__ 0.00685044655414358	false	0.5
ablenkung	neg 1.0		off 0.5209084512290557 neg 0.47219976233184885 __DUMMY__ 0.00689178643909531	false	0.5
pech	neg 1.0		off 0.5236185148068849 neg 0.46956134259590443 __DUMMY__ 0.006820142597210734	false	0.5
vermeidung	neg 1.0		off 0.5246224787540881 neg 0.46859090182682667 __DUMMY__ 0.006786619419085366	false	0.5
dominieren	neg 1.0		off 0.5193777569086742 neg 0.4737276971022681 __DUMMY__ 0.0068945459890575895	false	0.5
schwindlig	neg 1.0		off 0.5214486568481745 neg 0.47170896722861644 __DUMMY__ 0.006842375923208991	false	0.5
lutscher	neg 1.0	neg 1.0	neg 0.7149012381714612 off 0.28195173715791777 __DUMMY__ 0.0031470246706210405	false	1.0
pflicht	neg 1.0		off 0.5166050771906108 neg 0.4764437584272584 __DUMMY__ 0.006951164382130691	false	0.5
faschist	off 1.0		off 0.524626645516534 neg 0.46852644928541 __DUMMY__ 0.00684690519805605	false	1.0
verschleudern	neg 1.0		off 0.5139793421535593 neg 0.47916214432078924 __DUMMY__ 0.0068585135256515615	false	0.5
wenn			off 0.5244581417350104 neg 0.46871820971271627 __DUMMY__ 0.006823648552273271	false	0.0
ehebruch	neg 1.0		off 0.5184660387548772 neg 0.47462351733228925 __DUMMY__ 0.0069104439128335	false	0.5
spott	off 1.0		off 0.5191402729191346 neg 0.4739349061688111 __DUMMY__ 0.00692482091205441	false	1.0
trostlosigkeit	neg 1.0		off 0.513482661238091 neg 0.47961297206463754 __DUMMY__ 0.006904366697271511	false	0.5
lutschen	neg 1.0		off 0.5233179499708567 neg 0.4698651278934168 __DUMMY__ 0.006816922135726443	false	0.5
undiszipliniert	neg 1.0		off 0.5268833952877352 neg 0.46633083468958064 __DUMMY__ 0.006785770022684149	false	0.5
kopfschmerz	neg 1.0		off 0.514948012816021 neg 0.4781865759935856 __DUMMY__ 0.006865411190393381	false	0.5
unvorhergesehen	neg 1.0		off 0.5174987066501451 neg 0.4755445914758219 __DUMMY__ 0.006956701874033113	false	0.5
desinteressiert	neg 1.0		off 0.5261690468291337 neg 0.467040912668452 __DUMMY__ 0.006790040502414413	false	0.5
armselig	off 1.0		off 0.528777517415085 neg 0.4644443199860714 __DUMMY__ 0.0067781625988434825	false	1.0
desaster	neg 1.0		off 0.5145754915274373 neg 0.47849146296356593 __DUMMY__ 0.006933045508996788	false	0.5
tod	neg 1.0		off 0.5180722416353613 neg 0.4750053218509051 __DUMMY__ 0.006922436513733525	false	0.5
herzlos	neg 1.0		off 0.5280701110597982 neg 0.4651506443904266 __DUMMY__ 0.0067792445497752525	false	0.5
unwissenheit	neg 1.0		off 0.5183710916391385 neg 0.4747327060752367 __DUMMY__ 0.0068962022856248265	false	0.5
widersinnig	neg 1.0		off 0.5174483879479793 neg 0.4757026606450065 __DUMMY__ 0.0068489514070142485	false	0.5
bedenklich	neg 1.0		off 0.516927670591221 neg 0.47617783847402934 __DUMMY__ 0.00689449093474963	false	0.5
beanstanden	neg 1.0		off 0.5178758749810564 neg 0.4751690420803107 __DUMMY__ 0.0069550829386328655	false	0.5
panisch	neg 1.0		off 0.5231291305679145 neg 0.46999821981262485 __DUMMY__ 0.006872649619460652	false	0.5
debil	off 1.0		off 0.5110207905817804 neg 0.48198562749014817 __DUMMY__ 0.006993581928071357	false	1.0
abstrich	neg 1.0		off 0.5184095477983794 neg 0.47471747095267197 __DUMMY__ 0.0068729812489484905	false	0.5
primitiv	neg 1.0		off 0.526750673503137 neg 0.4664532365823906 __DUMMY__ 0.006796089914472529	false	0.5
abschaum	off 1.0	off 1.0	off 0.7492095461281317 neg 0.2475481776751991 __DUMMY__ 0.003242276196669148	false	1.0
provozieren	neg 1.0		off 0.5212943304453431 neg 0.4718395061990878 __DUMMY__ 0.006866163355568925	false	0.5
tot	neg 1.0		off 0.5170523231768058 neg 0.4760778760156409 __DUMMY__ 0.0068698008075531464	false	0.5
instabil	neg 1.0		off 0.5267873893325592 neg 0.4664728599231608 __DUMMY__ 0.006739750744279866	false	0.5
schwuchtel	off 1.0	off 1.0	off 0.7540977242890258 neg 0.2427745542130271 __DUMMY__ 0.0031277214979471375	false	1.0
zerren	neg 1.0		off 0.5192546477504811 neg 0.4738255612536033 __DUMMY__ 0.006919790995915538	false	0.5
kinderficker	off 1.0		off 0.5306033400549627 neg 0.4626467268589914 __DUMMY__ 0.0067499330860458584	false	1.0
gefahr	neg 1.0		off 0.5174808822762043 neg 0.47556643809499927 __DUMMY__ 0.006952679628796298	false	0.5
rabiat	neg 1.0		off 0.5196173098829283 neg 0.4735011509266491 __DUMMY__ 0.006881539190422476	false	0.5
verlangsamung	neg 1.0		off 0.5302227938054231 neg 0.46307366468818056 __DUMMY__ 0.0067035415063962855	false	0.5
ausgestorben	neg 1.0		off 0.5198301582368133 neg 0.47327442007517206 __DUMMY__ 0.006895421688014408	false	0.5
anklagen	neg 1.0		off 0.5199210033183934 neg 0.4731773183102436 __DUMMY__ 0.006901678371362991	false	0.5
trott	neg 1.0		off 0.5204904061378166 neg 0.4726324984607221 __DUMMY__ 0.006877095401461332	false	0.5
verminderung	neg 1.0		off 0.5250765352199851 neg 0.4681318672017665 __DUMMY__ 0.0067915975782483215	false	0.5
nach			off 0.5140296175970838 neg 0.4789482360782179 __DUMMY__ 0.00702214632469824	false	0.0
rost	neg 1.0		off 0.5348445514900315 neg 0.4584124564771313 __DUMMY__ 0.006742992032837189	false	0.5
destruktiv	neg 1.0		off 0.5197996416630172 neg 0.47333205222779673 __DUMMY__ 0.006868306109186	false	0.5
unzumutbarkeit	neg 1.0		off 0.5249711424316331 neg 0.4682354455599433 __DUMMY__ 0.006793412008423572	false	0.5
labil	off 1.0	off 1.0	off 0.7479241237281373 neg 0.24884410401031418 __DUMMY__ 0.0032317722615485427	false	1.0
ziemlich	neg 1.0		off 0.52585921446416 neg 0.4673178337432702 __DUMMY__ 0.006822951792569879	false	0.5
lachnummer	off 1.0		off 0.5219396240325112 neg 0.47117281426585567 __DUMMY__ 0.006887561701633193	false	1.0
oder			off 0.5217275535197601 neg 0.4713872914094788 __DUMMY__ 0.006885155070761084	false	0.0
verfall	neg 1.0		off 0.5116496828792105 neg 0.4814148078470971 __DUMMY__ 0.006935509273692398	false	0.5
ausgrenzung	neg 1.0		off 0.5209937472837421 neg 0.4721765560891469 __DUMMY__ 0.006829696627111026	false	0.5
unordnung	neg 1.0		off 0.5281550820206126 neg 0.465095541194032 __DUMMY__ 0.006749376785355403	false	0.5
fehlverhalten	neg 1.0		off 0.5173244203954608 neg 0.4757541028915588 __DUMMY__ 0.006921476712980469	false	0.5
eine			off 0.5152375499895324 neg 0.4778244136596169 __DUMMY__ 0.006938036350850723	false	0.0
nille	neg 1.0		off 0.5208796565691437 neg 0.47224484619629686 __DUMMY__ 0.0068754972345593385	false	0.5
qual	neg 1.0		off 0.5198968575885171 neg 0.473227307359567 __DUMMY__ 0.006875835051916094	false	0.5
verschwenden	neg 1.0		off 0.515373111285482 neg 0.4777297065332694 __DUMMY__ 0.006897182181248612	false	0.5
riesig	neg 1.0		off 0.5179891752432337 neg 0.4750872960108141 __DUMMY__ 0.0069235287459521455	false	0.5
verurteilen	neg 1.0		off 0.51938735668682 neg 0.4737116865946236 __DUMMY__ 0.006900956718556333	false	0.5
klischee	neg 1.0	neg 1.0	neg 0.7195719613596893 off 0.2771946127945075 __DUMMY__ 0.0032334258458031452	false	1.0
diktatorisch	neg 1.0		off 0.5213479417347914 neg 0.4718211250243962 __DUMMY__ 0.006830933240812373	false	0.5
vorhersehbar	neg 1.0		off 0.5219328754567445 neg 0.4712432988402313 __DUMMY__ 0.006823825703024258	false	0.5
sowie			off 0.5280388942133735 neg 0.4652357926271719 __DUMMY__ 0.006725313159454662	false	0.0
stornieren	neg 1.0		off 0.5268351210141622 neg 0.4662599063674214 __DUMMY__ 0.006904972618416503	false	0.5
besteuerung	neg 1.0	neg 1.0	neg 0.7227021457796037 off 0.27407581500693956 __DUMMY__ 0.003222039213456728	false	1.0
ungeschminkt	neg 1.0		off 0.5259436951983671 neg 0.467275958607138 __DUMMY__ 0.006780346194494841	false	0.5
kritisch	neg 1.0		off 0.5185950695256508 neg 0.4745038339682695 __DUMMY__ 0.006901096506079774	false	0.5
schlamperei	off 1.0		off 0.5174935611590116 neg 0.4755934170689416 __DUMMY__ 0.006913021772046853	false	1.0
sucht	neg 1.0	neg 1.0	neg 0.7198113230391704 off 0.27692656670254057 __DUMMY__ 0.0032621102582889978	false	1.0
egoistisch	off 1.0	off 1.0	off 0.7512955559112018 neg 0.24550220192619016 __DUMMY__ 0.0032022421626079467	false	1.0
ausbeuter	off 1.0		off 0.5153288981809696 neg 0.47777554012829726 __DUMMY__ 0.0068955616907331605	false	1.0
arschgeburt	off 1.0		off 0.5352030394296524 neg 0.4581856366088935 __DUMMY__ 0.006611323961454044	false	1.0
schubs	neg 1.0		off 0.516034146237993 neg 0.4770904226297727 __DUMMY__ 0.006875431132234267	false	0.5
unsolide	neg 1.0		off 0.5232030706104842 neg 0.4699500707659459 __DUMMY__ 0.006846858623569901	false	0.5
beschwerde	neg 1.0		off 0.5195065796171761 neg 0.47358725427978243 __DUMMY__ 0.00690616610304154	false	0.5
stocken	neg 1.0		off 0.5175565899040612 neg 0.47554103514635243 __DUMMY__ 0.00690237494958646	false	0.5
isolieren	neg 1.0		off 0.5173380157286928 neg 0.47578777772735376 __DUMMY__ 0.006874206543953482	false	0.5
unheilbar	neg 1.0		off 0.521054621919849 neg 0.4720636993329266 __DUMMY__ 0.006881678747224406	false	0.5
pisser	off 1.0	off 1.0	off 0.7496798742690627 neg 0.24711007185422335 __DUMMY__ 0.0032100538767140625	false	1.0
löschen	neg 1.0		off 0.5205817390260219 neg 0.47255452155070593 __DUMMY__ 0.00686373942327212	false	0.5
durchfallen	neg 1.0		off 0.5188095838206581 neg 0.4742821998768956 __DUMMY__ 0.006908216302446348	false	0.5
wichser	off 1.0	off 1.0	off 0.7527827754404008 neg 0.244057608836796 __DUMMY__ 0.003159615722803158	false	1.0
terror	neg 1.0		off 0.523206911036369 neg 0.46995463336986104 __DUMMY__ 0.00683845559376994	false	0.5
krass	neg 1.0		off 0.528875438125524 neg 0.4643746130325975 __DUMMY__ 0.00674994884187838	false	0.5
revolte	neg 1.0		off 0.521593584555483 neg 0.47160634620543196 __DUMMY__ 0.006800069239085139	false	0.5
besorgt	neg 1.0		off 0.5206252556167922 neg 0.47244740726798473 __DUMMY__ 0.0069273371152231995	false	0.5
nachlassen	neg 1.0		off 0.518591921059448 neg 0.47448967917550855 __DUMMY__ 0.006918399765043461	false	0.5
alt	neg 1.0		off 0.5138780527993249 neg 0.4792732382099093 __DUMMY__ 0.006848708990765802	false	0.5
hundesohn	off 1.0	off 1.0	off 0.7517679196602594 neg 0.24507448526879588 __DUMMY__ 0.003157595070944755	false	1.0
als			off 0.5183018623942227 neg 0.4748075038755338 __DUMMY__ 0.006890633730243616	false	0.0
abschreckung	neg 1.0		off 0.5163550363192462 neg 0.4767197611779343 __DUMMY__ 0.006925202502819594	false	0.5
unqualifiziert	neg 1.0		off 0.5247380767014631 neg 0.46842761151865736 __DUMMY__ 0.006834311779879436	false	0.5
abgewichst	off 1.0		off 0.5205924585660995 neg 0.47252145345638225 __DUMMY__ 0.006886087977518202	false	1.0
schwer	neg 1.0		off 0.5202083201486961 neg 0.4729051236787487 __DUMMY__ 0.00688655617255514	false	0.5
bedeutungslosigkeit	neg 1.0		off 0.516702635839593 neg 0.4763782649266109 __DUMMY__ 0.006919099233796139	false	0.5
kapitulation	neg 1.0		off 0.5167027238184267 neg 0.47641984376473706 __DUMMY__ 0.0068774324168362376	false	0.5
unscharf	neg 1.0		off 0.518597827258297 neg 0.4746121894836668 __DUMMY__ 0.0067899832580363495	false	0.5
schwinden	neg 1.0		off 0.514609002858625 neg 0.4785056627278154 __DUMMY__ 0.006885334413559656	false	0.5
versklavung	neg 1.0	neg 1.0	neg 0.7210446332357086 off 0.2757165145520773 __DUMMY__ 0.003238852212214214	false	1.0
schlecht	neg 1.0		off 0.5265596427322211 neg 0.46660950275090096 __DUMMY__ 0.006830854516877901	false	0.5
verhasst	neg 1.0		off 0.5217994483500958 neg 0.47134331095629906 __DUMMY__ 0.006857240693605216	false	0.5
beschweren	neg 1.0		off 0.5232708799893742 neg 0.4698550029249169 __DUMMY__ 0.006874117085709012	false	0.5
scheiden	neg 1.0		off 0.5203319084072027 neg 0.4727980979390893 __DUMMY__ 0.00686999365370804	false	0.5
frustriert	neg 1.0		off 0.5196957029522452 neg 0.47340625859370167 __DUMMY__ 0.0068980384540532295	false	0.5
schimmelig	neg 1.0		off 0.5152529926713452 neg 0.4778876822594711 __DUMMY__ 0.00685932506918388	false	0.5
fisch	neg 1.0		off 0.5115048695122185 neg 0.481619705804029 __DUMMY__ 0.006875424683752491	false	0.5
schmuggel	neg 1.0		off 0.5175353986477539 neg 0.4754969977684882 __DUMMY__ 0.006967603583758003	false	0.5
auffallen	neg 1.0		off 0.5228731300504034 neg 0.4702702101728865 __DUMMY__ 0.006856659776710043	false	0.5
konkurrenz	neg 1.0		off 0.5177179579695306 neg 0.4753360357373202 __DUMMY__ 0.0069460062931491935	false	0.5
teufelskreis	neg 1.0	neg 1.0	neg 0.7222762949560413 off 0.2744717356168961 __DUMMY__ 0.0032519694270627167	false	1.0
aufschreien	neg 1.0		off 0.5223969242965958 neg 0.47076892521308006 __DUMMY__ 0.006834150490324155	false	0.5
schuldner	neg 1.0		off 0.5134212343636153 neg 0.47970829944724036 __DUMMY__ 0.006870466189144381	false	0.5
missgeburt	off 1.0	off 1.0	off 0.7520912248361933 neg 0.24472608027743883 __DUMMY__ 0.0031826948863678596	false	1.0
arbeitslos	neg 1.0		off 0.5182923084569603 neg 0.4748045105532092 __DUMMY__ 0.006903180989830565	false	0.5
befallen	neg 1.0		off 0.5165042529020181 neg 0.47665954559066925 __DUMMY__ 0.006836201507312615	false	0.5
miesepetrig	off 1.0	off 1.0	off 0.748126824504281 neg 0.24863957934364864 __DUMMY__ 0.0032335961520703013	false	1.0
alarmieren	neg 1.0		off 0.525430941302718 neg 0.4677342885894239 __DUMMY__ 0.006834770107858123	false	0.5
ungeduscht	off 1.0		off 0.5230894275815262 neg 0.47010466353375263 __DUMMY__ 0.006805908884721162	false	1.0
knappheit	neg 1.0		off 0.5155871606276433 neg 0.4775620440631408 __DUMMY__ 0.006850795309215823	false	0.5
schlange	neg 1.0		off 0.521504014365336 neg 0.47161227853576915 __DUMMY__ 0.006883707098894733	false	0.5
harsch	neg 1.0		off 0.5299645855564431 neg 0.4632522266632568 __DUMMY__ 0.0067831877803001695	false	0.5
lang	neg 1.0		off 0.5215448767850739 neg 0.47159442743999735 __DUMMY__ 0.006860695774928888	false	0.5
ziellos	neg 1.0		off 0.517606966093214 neg 0.47546322892502707 __DUMMY__ 0.006929804981758969	false	0.5
selbstverliebt	neg 1.0		off 0.5350913431771285 neg 0.45823094638523526 __DUMMY__ 0.006677710437636277	false	0.5
beseitigen	neg 1.0		off 0.5218122047389097 neg 0.47128917000967396 __DUMMY__ 0.006898625251416517	false	0.5
dumm	off 1.0		off 0.5306433938113173 neg 0.46262699008079494 __DUMMY__ 0.006729616107887807	false	1.0
arbeitsloser	neg 1.0		off 0.5225623528916132 neg 0.47047205531388786 __DUMMY__ 0.006965591794498821	false	0.5
blitzen	neg 1.0		off 0.5232484618016926 neg 0.46992991629207576 __DUMMY__ 0.006821621906231584	false	0.5
hilflos	neg 1.0		off 0.518287338127348 neg 0.47481282111482803 __DUMMY__ 0.006899840757824036	false	0.5
eklig	off 1.0		off 0.5295599259663458 neg 0.4637389267172695 __DUMMY__ 0.006701147316384566	false	1.0
begriff			off 0.5204089790543032 neg 0.4727063638396093 __DUMMY__ 0.006884657106087502	false	0.0
hungersnot	neg 1.0		off 0.5170006385270253 neg 0.47612897087225703 __DUMMY__ 0.006870390600717614	false	0.5
ungesetzlich	neg 1.0		off 0.5217636724369198 neg 0.4713987675612876 __DUMMY__ 0.006837560001792476	false	0.5
verschwendung	neg 1.0		off 0.5162680730959857 neg 0.47681887687666114 __DUMMY__ 0.006913050027353149	false	0.5
schmerzvoll	neg 1.0		off 0.520874895973038 neg 0.47227857886714925 __DUMMY__ 0.00684652515981261	false	0.5
vorzeitig	neg 1.0		off 0.5259392396412184 neg 0.4672267450855476 __DUMMY__ 0.006834015273234035	false	0.5
unvollkommenheit	neg 1.0		off 0.518571150913559 neg 0.47454764130375854 __DUMMY__ 0.0068812077826824886	false	0.5
intervenieren	neg 1.0		off 0.5151266206971509 neg 0.4779947858845171 __DUMMY__ 0.006878593418331976	false	0.5
banause	off 1.0		off 0.52883702524983 neg 0.46451032872534703 __DUMMY__ 0.0066526460248230715	false	1.0
rebell	neg 1.0		off 0.5102763623927146 neg 0.4828210931978675 __DUMMY__ 0.006902544409418107	false	0.5
unlogisch	neg 1.0		off 0.5268289092273766 neg 0.4663981074118334 __DUMMY__ 0.006772983360790096	false	0.5
leiden	neg 1.0		off 0.5184026293805406 neg 0.47462629729158384 __DUMMY__ 0.006971073327875413	false	0.5
abschaffung	neg 1.0		off 0.5193965096726981 neg 0.47377368303987544 __DUMMY__ 0.006829807287426353	false	0.5
sturz	neg 1.0		off 0.5251571535581152 neg 0.4679458982092749 __DUMMY__ 0.006896948232609936	false	0.5
verkleinerung	neg 1.0		off 0.5205109834473659 neg 0.472717276262366 __DUMMY__ 0.006771740290268069	false	0.5
schmarotzer	off 1.0		off 0.5191873634311338 neg 0.4739183976736438 __DUMMY__ 0.006894238895222351	false	1.0
bestrafung	neg 1.0	neg 1.0	neg 0.720258547679091 off 0.27647538252613063 __DUMMY__ 0.0032660697947783945	false	1.0
achtlos	neg 1.0		off 0.520330328742931 neg 0.47276306699832293 __DUMMY__ 0.006906604258746076	false	0.5
