unsolidarisch	neg 1.0		off 0.5021921898647349 neg 0.45770857859260505 __DUMMY__ 0.04009923154265992	false	0.5
nachteilig	neg 1.0		off 0.5004806504376746 neg 0.45893412420044105 __DUMMY__ 0.040585225361884275	false	0.5
skeptisch	neg 1.0		off 0.49883666833058055 neg 0.46056276168789567 __DUMMY__ 0.04060056998152371	false	0.5
schrecklich	neg 1.0		off 0.5107712412966652 neg 0.4494936424657086 __DUMMY__ 0.039735116237626295	false	0.5
schlapp	neg 1.0	neg 1.0	neg 0.7109679800082757 off 0.2700565239097866 __DUMMY__ 0.01897549608193768	false	1.0
abfall	neg 1.0		off 0.49749783776170586 neg 0.461586451869848 __DUMMY__ 0.040915710368446205	false	0.5
widerspenstig	neg 1.0		off 0.5013112617517361 neg 0.4584584948646029 __DUMMY__ 0.040230243383660935	false	0.5
abrupt	neg 1.0		off 0.49684853255970074 neg 0.46268771407164433 __DUMMY__ 0.04046375336865508	false	0.5
unwirksam	neg 1.0		off 0.49878198012597175 neg 0.4613966455171342 __DUMMY__ 0.03982137435689397	false	0.5
angreifen	neg 1.0		off 0.4987249247366671 neg 0.46060253534049694 __DUMMY__ 0.04067253992283595	false	0.5
inkonsistent	neg 1.0		off 0.5034126731219136 neg 0.4566336838871803 __DUMMY__ 0.03995364299090616	false	0.5
abrutschen	neg 1.0		off 0.49657093558213167 neg 0.46255602780882316 __DUMMY__ 0.04087303660904499	false	0.5
unsicher	neg 1.0		off 0.503530386470785 neg 0.45607326137193066 __DUMMY__ 0.040396352157284265	false	0.5
bauernkind	off 1.0	off 1.0	off 0.7403710206678995 neg 0.24107168221644967 __DUMMY__ 0.018557297115650805	false	1.0
angreifer	neg 1.0		off 0.5091101334540232 neg 0.45053706331171917 __DUMMY__ 0.04035280323425752	false	0.5
trennen	neg 1.0		off 0.4990349876237005 neg 0.46023045689541386 __DUMMY__ 0.040734555480885684	false	0.5
schmutz	neg 1.0		off 0.5093222850285455 neg 0.4501950893544821 __DUMMY__ 0.040482625616972565	false	0.5
inkonsistenz	neg 1.0		off 0.5073174192147843 neg 0.4526759450224082 __DUMMY__ 0.04000663576280742	false	0.5
erschreckend	neg 1.0		off 0.5022397517159506 neg 0.4574004614432982 __DUMMY__ 0.04035978684075131	false	0.5
ertrinken	neg 1.0		off 0.49699001299824247 neg 0.46243884498825205 __DUMMY__ 0.04057114201350543	false	0.5
pickelface	off 1.0		off 0.5030233337667173 neg 0.4567347709593765 __DUMMY__ 0.04024189527390622	false	1.0
seiner			off 0.4997015815131927 neg 0.4595873617573699 __DUMMY__ 0.0407110567294373	false	0.0
lauch	neg 1.0	neg 1.0	neg 0.7167008983807981 off 0.2639196157814078 __DUMMY__ 0.019379485837794128	false	1.0
unwichtig	neg 1.0		off 0.5072434247631955 neg 0.4527484745930023 __DUMMY__ 0.040008100643802204	false	0.5
steuerhinterziehung	neg 1.0		off 0.5014813984780417 neg 0.45825796330703944 __DUMMY__ 0.04026063821491895	false	0.5
schock	neg 1.0		off 0.5017017874893633 neg 0.4578582830159193 __DUMMY__ 0.040439929494717426	false	0.5
beule	neg 1.0		off 0.5080504401093034 neg 0.45221034458867243 __DUMMY__ 0.039739215302024226	false	0.5
vergelten	neg 1.0		off 0.5119606203991302 neg 0.44832841297373316 __DUMMY__ 0.03971096662713671	false	0.5
verdorbenheit	neg 1.0		off 0.5040085233822399 neg 0.45575361353749694 __DUMMY__ 0.040237863080263205	false	0.5
trauma	neg 1.0		off 0.5034921045673519 neg 0.4563484145701501 __DUMMY__ 0.04015948086249804	false	0.5
sinnlos	neg 1.0		off 0.504711872809652 neg 0.45509042310211656 __DUMMY__ 0.04019770408823148	false	0.5
fettsack	off 1.0	off 1.0	off 0.7416532620610903 neg 0.23976423840664066 __DUMMY__ 0.018582499532269058	false	1.0
feige	off 1.0	off 1.0	off 0.7402019613220958 neg 0.24086406372233127 __DUMMY__ 0.01893397495557293	false	1.0
abdanken	neg 1.0		off 0.5040336496988475 neg 0.4555038355381787 __DUMMY__ 0.04046251476297367	false	0.5
wichtigtuer	off 1.0	off 1.0	off 0.7394063821019491 neg 0.2414836355907578 __DUMMY__ 0.019109982307293195	false	1.0
misslingen	neg 1.0		off 0.5061602285314359 neg 0.4534341464116791 __DUMMY__ 0.04040562505688495	false	0.5
untreu	off 1.0		off 0.508176936634004 neg 0.45190337363811495 __DUMMY__ 0.03991968972788099	false	1.0
missmutig	neg 1.0		off 0.5056878861136705 neg 0.45427269820868843 __DUMMY__ 0.040039415677641056	false	0.5
hurenbock	off 1.0		off 0.4987062613148344 neg 0.461445548023905 __DUMMY__ 0.039848190661260524	false	1.0
betrunken	neg 1.0		off 0.5095645138017992 neg 0.45066188510319344 __DUMMY__ 0.039773601095007355	false	0.5
korrupt	off 1.0		off 0.5005409648794402 neg 0.4592178390315672 __DUMMY__ 0.04024119608899253	false	1.0
unmut	neg 1.0		off 0.49755615115777624 neg 0.46170905305381593 __DUMMY__ 0.040734795788407704	false	0.5
hackfresse	off 1.0		off 0.5143534887055549 neg 0.4462306132076342 __DUMMY__ 0.039415898086811174	false	1.0
aufblasen	neg 1.0		off 0.5031020834547275 neg 0.4566216232108884 __DUMMY__ 0.04027629333438409	false	0.5
gewaltsam	neg 1.0		off 0.5042210969172188 neg 0.45530731995946 __DUMMY__ 0.040471583123321025	false	0.5
unbeliebtheit	neg 1.0		off 0.5083926321277848 neg 0.4516840154375715 __DUMMY__ 0.03992335243464361	false	0.5
sturheit	neg 1.0		off 0.5035508105860446 neg 0.4559566038530689 __DUMMY__ 0.0404925855608866	false	0.5
kuh	neg 1.0		off 0.49828330881247146 neg 0.4623145180485726 __DUMMY__ 0.03940217313895593	false	0.5
erschrecken	neg 1.0		off 0.506455204846713 neg 0.45347842934440336 __DUMMY__ 0.04006636580888362	false	0.5
opfer	neg 1.0		off 0.502695488793381 neg 0.45653967322317374 __DUMMY__ 0.040764837983445275	false	0.5
sinken	neg 1.0		off 0.4961856201212473 neg 0.4632867068612565 __DUMMY__ 0.04052767301749617	false	0.5
stinktier	neg 1.0		off 0.5079030980980315 neg 0.4529674146838831 __DUMMY__ 0.03912948721808531	false	0.5
tucke	off 1.0		off 0.5123468140646101 neg 0.44873250809992243 __DUMMY__ 0.03892067783546749	false	1.0
ein			off 0.5000556285884276 neg 0.459785169999426 __DUMMY__ 0.040159201412146454	false	0.0
abstieg	neg 1.0		off 0.5042350087285313 neg 0.4550290184774649 __DUMMY__ 0.04073597279400372	false	0.5
missverstehen	neg 1.0		off 0.5056291622243917 neg 0.45421972697417623 __DUMMY__ 0.040151110801431925	false	0.5
ergebnislos	neg 1.0		off 0.501706343755248 neg 0.45757911660299083 __DUMMY__ 0.04071453964176107	false	0.5
unter			off 0.49453827522651495 neg 0.46423153678907064 __DUMMY__ 0.04123018798441445	false	0.0
manipulieren	neg 1.0		off 0.49993326516024433 neg 0.45941584974996535 __DUMMY__ 0.04065088508979035	false	0.5
unbewiesen	neg 1.0	neg 1.0	neg 0.7126245738478526 off 0.2682417183417636 __DUMMY__ 0.019133707810383895	false	1.0
verschleppen	neg 1.0		off 0.5006496649537494 neg 0.4588821826964661 __DUMMY__ 0.04046815234978456	false	0.5
weib	off 1.0		off 0.5142049367853382 neg 0.4466995838114423 __DUMMY__ 0.039095479403219585	false	1.0
opposition	neg 1.0		off 0.5031737489006016 neg 0.45675006440736937 __DUMMY__ 0.04007618669202906	false	0.5
verkehrswidrig	neg 1.0		off 0.513766808721555 neg 0.4464410518370707 __DUMMY__ 0.03979213944137427	false	0.5
inkorrekt	neg 1.0		off 0.5102461376715423 neg 0.45004461498706444 __DUMMY__ 0.03970924734139335	false	0.5
vermeiden	neg 1.0		off 0.4961833632944147 neg 0.462912015613313 __DUMMY__ 0.04090462109227218	false	0.5
abweichung	neg 1.0	neg 1.0	neg 0.713246144781401 off 0.2674308294005802 __DUMMY__ 0.019323025818018695	false	1.0
alkoholisiert	neg 1.0		off 0.5024284241439185 neg 0.45663197609574313 __DUMMY__ 0.04093959976033832	false	0.5
scheiss	off 1.0	off 1.0	off 0.7403521812011798 neg 0.2408179318372351 __DUMMY__ 0.01882988696158511	false	1.0
herausforderung	neg 1.0		off 0.5008495213745857 neg 0.45867638927233273 __DUMMY__ 0.04047408935308149	false	0.5
pervers	off 1.0		off 0.5171737985935692 neg 0.4437872852931852 __DUMMY__ 0.03903891611324559	false	1.0
wackelig	neg 1.0		off 0.5014662542399224 neg 0.45799015333478826 __DUMMY__ 0.04054359242528934	false	0.5
verwickeln	neg 1.0		off 0.5050772240355326 neg 0.45469638738138146 __DUMMY__ 0.04022638858308587	false	0.5
vorwand	neg 1.0		off 0.49817049716769735 neg 0.4611545543000977 __DUMMY__ 0.04067494853220496	false	0.5
muschi	off 1.0		off 0.5030252306208203 neg 0.4565820108223787 __DUMMY__ 0.04039275855680107	false	1.0
entmutigung	neg 1.0		off 0.5025485831026639 neg 0.4575491804347314 __DUMMY__ 0.039902236462604566	false	0.5
unangemessen	neg 1.0		off 0.5026113185419795 neg 0.4569419852686282 __DUMMY__ 0.0404466961893923	false	0.5
unstetig	neg 1.0		off 0.5057096389725975 neg 0.45431410177387543 __DUMMY__ 0.039976259253526984	false	0.5
entmutigen	neg 1.0		off 0.5038560264632338 neg 0.455884793800379 __DUMMY__ 0.0402591797363871	false	0.5
schwanz	neg 1.0		off 0.500201307883309 neg 0.45938175844285933 __DUMMY__ 0.040416933673831576	false	0.5
verbot	neg 1.0		off 0.5007197494319005 neg 0.4589713488511072 __DUMMY__ 0.04030890171699243	false	0.5
leid	neg 1.0		off 0.5118194504614861 neg 0.44858845616234244 __DUMMY__ 0.03959209337617152	false	0.5
archaisch	neg 1.0		off 0.5007733774879951 neg 0.4589080976353097 __DUMMY__ 0.04031852487669517	false	0.5
gegen			off 0.49966056006439163 neg 0.45947397568768367 __DUMMY__ 0.04086546424792457	false	0.0
scheidung	neg 1.0		off 0.5236833171667857 neg 0.43713066262447176 __DUMMY__ 0.039186020208742435	false	0.5
einschlag	neg 1.0		off 0.5136426635642996 neg 0.44640293913476303 __DUMMY__ 0.03995439730093742	false	0.5
m			off 0.5013954873898648 neg 0.45813414449193124 __DUMMY__ 0.040470368118204016	false	0.0
abgestanden	neg 1.0		off 0.49728587410780833 neg 0.4629689080726767 __DUMMY__ 0.03974521781951499	false	0.5
schmierig	off 1.0		off 0.511156129889095 neg 0.4492630527788149 __DUMMY__ 0.039580817332090186	false	1.0
unpraktisch	neg 1.0		off 0.50465644647166 neg 0.4550771918408815 __DUMMY__ 0.040266361687458375	false	0.5
wixxer	off 1.0		off 0.515959997377067 neg 0.4451643581747754 __DUMMY__ 0.03887564444815764	false	1.0
bezeichnet			off 0.504154298158524 neg 0.4554642793588764 __DUMMY__ 0.04038142248259967	false	0.0
jammerlappen	off 1.0		off 0.5074864537301442 neg 0.4525187410693015 __DUMMY__ 0.03999480520055434	false	1.0
farce	neg 1.0		off 0.5014666564966765 neg 0.45838334420308396 __DUMMY__ 0.04014999930023955	false	0.5
zwecklos	neg 1.0		off 0.5008629566916312 neg 0.4587138941365845 __DUMMY__ 0.04042314917178434	false	0.5
turbulent	neg 1.0		off 0.5079993959541698 neg 0.4522846314234309 __DUMMY__ 0.03971597262239945	false	0.5
invasion	neg 1.0		off 0.5049702259949607 neg 0.4549126641036904 __DUMMY__ 0.04011710990134898	false	0.5
schuld	neg 1.0		off 0.5043842045438696 neg 0.45534758670426223 __DUMMY__ 0.04026820875186814	false	0.5
risiko	neg 1.0		off 0.5021762730250764 neg 0.4578947540416358 __DUMMY__ 0.03992897293328792	false	0.5
finster	neg 1.0		off 0.5004002810774935 neg 0.45949755470694525 __DUMMY__ 0.04010216421556127	false	0.5
geisteskrank	off 1.0		off 0.509555089680466 neg 0.45062106534935 __DUMMY__ 0.039823844970183875	false	1.0
zusammenbrechen	neg 1.0		off 0.5007150248839342 neg 0.4588981195387918 __DUMMY__ 0.040386855577274186	false	0.5
ausbeute	neg 1.0		off 0.5046074996901061 neg 0.45477794465118243 __DUMMY__ 0.04061455565871155	false	0.5
hinterhalt	neg 1.0		off 0.5009075273038013 neg 0.4587865377842089 __DUMMY__ 0.040305934911989916	false	0.5
kritik	neg 1.0		off 0.5012929020453784 neg 0.45853433581413244 __DUMMY__ 0.04017276214048904	false	0.5
einschrumpfen	neg 1.0		off 0.5055653817211584 neg 0.4546564993255298 __DUMMY__ 0.03977811895331173	false	0.5
riskant	neg 1.0		off 0.49836118206951857 neg 0.4611111548039491 __DUMMY__ 0.04052766312653239	false	0.5
frustrieren	neg 1.0		off 0.4989504634875719 neg 0.460596945134159 __DUMMY__ 0.04045259137826894	false	0.5
groll	neg 1.0		off 0.5025218404758293 neg 0.4569337169950013 __DUMMY__ 0.04054444252916943	false	0.5
gibt			off 0.500926216330977 neg 0.45860376958253235 __DUMMY__ 0.04047001408649072	false	0.0
qualvoll	neg 1.0		off 0.5048062803225312 neg 0.45501912672680556 __DUMMY__ 0.040174592950663376	false	0.5
wackeln	neg 1.0		off 0.5028581529784146 neg 0.45680421678243577 __DUMMY__ 0.04033763023914971	false	0.5
klagen	neg 1.0		off 0.49770627922468513 neg 0.46169440069897766 __DUMMY__ 0.04059932007633723	false	0.5
bankrott	neg 1.0		off 0.5076090044953722 neg 0.45231118515130686 __DUMMY__ 0.04007981035332091	false	0.5
trauern	neg 1.0		off 0.5028620036138155 neg 0.4562153895722147 __DUMMY__ 0.04092260681396987	false	0.5
ablehnung	neg 1.0		off 0.5006654986587801 neg 0.459127910659105 __DUMMY__ 0.04020659068211488	false	0.5
stur	neg 1.0		off 0.5038714164570501 neg 0.45591079461086537 __DUMMY__ 0.040217788932084476	false	0.5
aufruhr	neg 1.0	neg 1.0	neg 0.7126130756024176 off 0.2681835538316589 __DUMMY__ 0.019203370565923344	false	1.0
melancholie	neg 1.0		off 0.49672684162893516 neg 0.46287232556799623 __DUMMY__ 0.04040083280306866	false	0.5
ist			off 0.5042975220194937 neg 0.4555071562683483 __DUMMY__ 0.04019532171215784	false	0.0
torheit	neg 1.0		off 0.5039627736945633 neg 0.4558243760401372 __DUMMY__ 0.040212850265299395	false	0.5
dreckskind	off 1.0		off 0.5141649157157142 neg 0.4465989124047086 __DUMMY__ 0.039236171879577106	false	1.0
umtauschen	neg 1.0		off 0.5022165869605929 neg 0.45746231933598414 __DUMMY__ 0.040321093703422836	false	0.5
zum			off 0.5001028015950824 neg 0.45864512027038695 __DUMMY__ 0.04125207813453072	false	0.0
zersetzen	neg 1.0		off 0.4977953690280913 neg 0.4617158809697522 __DUMMY__ 0.04048875000215657	false	0.5
zur			off 0.49669280255474874 neg 0.46237286764243624 __DUMMY__ 0.04093432980281507	false	0.0
frust	neg 1.0		off 0.5009996876647865 neg 0.45855280581397884 __DUMMY__ 0.04044750652123475	false	0.5
unerbittlichkeit	neg 1.0		off 0.500223811004501 neg 0.45917485978307404 __DUMMY__ 0.04060132921242491	false	0.5
zwei			off 0.49683410986660564 neg 0.4621581724937595 __DUMMY__ 0.0410077176396349	false	0.0
unkorrekt	neg 1.0		off 0.5093516854429676 neg 0.4508624604096564 __DUMMY__ 0.039785854147376044	false	0.5
hexe	off 1.0		off 0.5039012450637576 neg 0.45640871292410967 __DUMMY__ 0.03969004201213268	false	1.0
lasch	neg 1.0		off 0.5072719235223485 neg 0.4526349047677611 __DUMMY__ 0.0400931717098902	false	0.5
rivale	neg 1.0		off 0.5107575439606803 neg 0.44951829774260776 __DUMMY__ 0.03972415829671189	false	0.5
mutlos	off 1.0	off 1.0	off 0.7363416105370842 neg 0.24441069794711914 __DUMMY__ 0.019247691515796677	false	1.0
wirr	off 1.0		off 0.5103149250878751 neg 0.4500860626828785 __DUMMY__ 0.039599012229246326	false	1.0
jahr			off 0.5031921775028083 neg 0.45581964628407634 __DUMMY__ 0.04098817621311533	false	0.0
wird			off 0.5008711904363822 neg 0.4585889384972294 __DUMMY__ 0.04053987106638833	false	0.0
strafbar	neg 1.0		off 0.5004691477587911 neg 0.4588978158816771 __DUMMY__ 0.040633036359531756	false	0.5
erosion	neg 1.0		off 0.5035519495393278 neg 0.4561164597006699 __DUMMY__ 0.0403315907600023	false	0.5
eingehen	neg 1.0		off 0.4987650150213434 neg 0.46077487942453876 __DUMMY__ 0.04046010555411766	false	0.5
faul	off 1.0		off 0.5068854894113114 neg 0.453069031663434 __DUMMY__ 0.04004547892525455	false	1.0
provisorium	neg 1.0		off 0.49531041553177996 neg 0.46340291182064636 __DUMMY__ 0.04128667264757373	false	0.5
schmerzen	neg 1.0		off 0.5009688825132907 neg 0.4587457563642214 __DUMMY__ 0.04028536112248784	false	0.5
schrumpfen	neg 1.0		off 0.4936697182162439 neg 0.46569021471353866 __DUMMY__ 0.04064006707021737	false	0.5
geistlos	off 1.0		off 0.5040945255539947 neg 0.4559360652795172 __DUMMY__ 0.039969409166488196	false	1.0
fehlkauf	neg 1.0		off 0.5044092165048746 neg 0.45553273727474175 __DUMMY__ 0.04005804622038357	false	0.5
frustrierend	neg 1.0		off 0.5058241010772007 neg 0.4541532404835963 __DUMMY__ 0.04002265843920292	false	0.5
unzufrieden	neg 1.0		off 0.501047350743818 neg 0.45848124040757865 __DUMMY__ 0.040471408848603355	false	0.5
verzweifeln	neg 1.0		off 0.5022978220304302 neg 0.45729697817944426 __DUMMY__ 0.04040519979012554	false	0.5
verzweifelt	neg 1.0		off 0.5038034686173706 neg 0.45598959300645997 __DUMMY__ 0.040206938376169385	false	0.5
misstrauensantrag	neg 1.0		off 0.5042578028292255 neg 0.45562629230379426 __DUMMY__ 0.040115904866980176	false	0.5
abfallen	neg 1.0		off 0.5023697767746512 neg 0.4573973610410977 __DUMMY__ 0.04023286218425102	false	0.5
fucker	off 1.0		off 0.5107362738712918 neg 0.44943946042357985 __DUMMY__ 0.03982426570512846	false	1.0
ungezogen	neg 1.0		off 0.515919192293626 neg 0.44483470785132934 __DUMMY__ 0.03924609985504465	false	0.5
irrsinnig	neg 1.0	neg 1.0	neg 0.713092993377749 off 0.26780168731575416 __DUMMY__ 0.019105319306496747	false	1.0
unfassbar	neg 1.0		off 0.5086282566627346 neg 0.4514024070363731 __DUMMY__ 0.03996933630089242	false	0.5
hart	neg 1.0		off 0.5037821160165832 neg 0.4567525551182627 __DUMMY__ 0.0394653288651542	false	0.5
widerlich	off 1.0		off 0.5084391603001491 neg 0.45169440652268966 __DUMMY__ 0.03986643317716122	false	1.0
fatal	neg 1.0	neg 1.0	neg 0.7135514616788576 off 0.26751057449410637 __DUMMY__ 0.01893796382703605	false	1.0
bruch	neg 1.0		off 0.49818534249344537 neg 0.4609825946415083 __DUMMY__ 0.04083206286504637	false	0.5
aushungern	neg 1.0		off 0.5009923396403659 neg 0.4587006994180608 __DUMMY__ 0.04030696094157329	false	0.5
anspannung	neg 1.0		off 0.4975795263596344 neg 0.4613556788693415 __DUMMY__ 0.041064794771024	false	0.5
von			off 0.49864835813469005 neg 0.4606758401656882 __DUMMY__ 0.04067580169962168	false	0.0
kraftlos	neg 1.0		off 0.5003719766239951 neg 0.45915531788033237 __DUMMY__ 0.04047270549567249	false	0.5
vom			off 0.4972528072821782 neg 0.4613475036812539 __DUMMY__ 0.04139968903656797	false	0.0
grenzdebil	off 1.0		off 0.5077888514363634 neg 0.4523697598021898 __DUMMY__ 0.03984138876144672	false	1.0
vor			off 0.49783581028886104 neg 0.46139358086861365 __DUMMY__ 0.04077060884252525	false	0.0
unterwerfen	neg 1.0		off 0.5011329768098467 neg 0.45826012834930635 __DUMMY__ 0.040606894840846855	false	0.5
versenkung	neg 1.0		off 0.5005210674002534 neg 0.45884149226216164 __DUMMY__ 0.04063744033758494	false	0.5
entziehen	neg 1.0		off 0.4979529490004742 neg 0.46137593754742917 __DUMMY__ 0.040671113452096584	false	0.5
finanzkrise	neg 1.0		off 0.4970083948994349 neg 0.463203078878954 __DUMMY__ 0.03978852622161123	false	0.5
schimpfend	neg 1.0		off 0.5049227760307924 neg 0.4547066198717311 __DUMMY__ 0.04037060409747654	false	0.5
profan	neg 1.0		off 0.504468506700893 neg 0.4554278542250127 __DUMMY__ 0.04010363907409422	false	0.5
korruption	neg 1.0		off 0.49960070704791043 neg 0.46014317986140474 __DUMMY__ 0.04025611309068473	false	0.5
â			off 0.5001891653883912 neg 0.4593654270287985 __DUMMY__ 0.04044540758281023	false	0.0
schmutzig	neg 1.0		off 0.5083543806944134 neg 0.45177221474548973 __DUMMY__ 0.03987340456009693	false	0.5
sexy	neg 1.0		off 0.5067955153615984 neg 0.45309391201886884 __DUMMY__ 0.04011057261953267	false	0.5
abraten	neg 1.0		off 0.5049146114275456 neg 0.4548717988126359 __DUMMY__ 0.04021358975981869	false	0.5
schwarz	neg 1.0		off 0.505040822229847 neg 0.45478371789953825 __DUMMY__ 0.0401754598706146	false	0.5
fotze	off 1.0	off 1.0	off 0.7367777199585382 neg 0.24399282069591016 __DUMMY__ 0.01922945934555154	false	1.0
verwirren	neg 1.0		off 0.5054003165379644 neg 0.45444272953630005 __DUMMY__ 0.04015695392573578	false	0.5
zahnlos	off 1.0		off 0.5019105299915492 neg 0.45767422041950745 __DUMMY__ 0.04041524958894327	false	1.0
verheeren	neg 1.0		off 0.517512275000522 neg 0.4432679198773515 __DUMMY__ 0.03921980512212664	false	0.5
hippie	neg 1.0		off 0.5060043213364861 neg 0.45391163003741264 __DUMMY__ 0.04008404862610124	false	0.5
rammen	neg 1.0		off 0.5031013418110932 neg 0.4566746454123505 __DUMMY__ 0.04022401277655632	false	0.5
unlauter	neg 1.0		off 0.5036350515693755 neg 0.45631040885035157 __DUMMY__ 0.040054539580273066	false	0.5
unheilvoll	neg 1.0		off 0.5030358315555614 neg 0.45683108569911124 __DUMMY__ 0.040133082745327175	false	0.5
niedrig	neg 1.0		off 0.4985153552874911 neg 0.461178620806865 __DUMMY__ 0.04030602390564399	false	0.5
explosion	neg 1.0		off 0.5061952028576887 neg 0.4536922173238133 __DUMMY__ 0.04011257981849792	false	0.5
weichei	off 1.0	off 1.0	off 0.7420117433443358 neg 0.2393177259845439 __DUMMY__ 0.01867053067112021	false	1.0
minusmensch	off 1.0		off 0.5156921151131182 neg 0.4452203917805202 __DUMMY__ 0.0390874931063617	false	1.0
farblos	neg 1.0		off 0.5035782276876272 neg 0.4562494552002105 __DUMMY__ 0.0401723171121625	false	0.5
unwissend	neg 1.0	neg 1.0	neg 0.711477736854464 off 0.26956253940881864 __DUMMY__ 0.018959723736717417	false	1.0
traurig	neg 1.0		off 0.5105942727035856 neg 0.4496276899088721 __DUMMY__ 0.03977803738754232	false	0.5
senkung	neg 1.0		off 0.5022458540560619 neg 0.45796183031564114 __DUMMY__ 0.0397923156282968	false	0.5
ungleich	neg 1.0	neg 1.0	neg 0.7147941505686902 off 0.2659495395054421 __DUMMY__ 0.01925630992586777	false	1.0
heikel	neg 1.0		off 0.49935511535937194 neg 0.4600557949893488 __DUMMY__ 0.04058908965127927	false	0.5
drosselung	neg 1.0		off 0.505225537540895 neg 0.45521498958291795 __DUMMY__ 0.039559472876186996	false	0.5
falsch	neg 1.0		off 0.5071425177598414 neg 0.4527493944544272 __DUMMY__ 0.04010808778573143	false	0.5
unzufriedenheit	neg 1.0		off 0.49736324483751265 neg 0.46219229311928445 __DUMMY__ 0.04044446204320281	false	0.5
kurz	neg 1.0		off 0.5023115386143696 neg 0.4571301822772909 __DUMMY__ 0.040558279108339444	false	0.5
unsinnig	neg 1.0		off 0.500802324685701 neg 0.45896230324279663 __DUMMY__ 0.04023537207150255	false	0.5
penner	off 1.0	off 1.0	off 0.7434057966032099 neg 0.23793011683525378 __DUMMY__ 0.018664086561536296	false	1.0
seicht	neg 1.0		off 0.5133112593346696 neg 0.4475699068668698 __DUMMY__ 0.03911883379846059	false	0.5
dummheit	off 1.0	off 1.0	off 0.738501585446657 neg 0.2424889525114298 __DUMMY__ 0.019009462041913217	false	1.0
unerfreulich	neg 1.0		off 0.49864986734191336 neg 0.4607804003907401 __DUMMY__ 0.04056973226734655	false	0.5
motherfucker	off 1.0	off 1.0	off 0.7412562578980021 neg 0.23985236874120658 __DUMMY__ 0.018891373360791244	false	1.0
pikiert	neg 1.0		off 0.5070878610600966 neg 0.4530170651339832 __DUMMY__ 0.03989507380592027	false	0.5
wrack	neg 1.0		off 0.5055021118154557 neg 0.4536792723783183 __DUMMY__ 0.040818615806225964	false	0.5
gangster	neg 1.0		off 0.5061351953087226 neg 0.4538003478717965 __DUMMY__ 0.04006445681948087	false	0.5
krank	neg 1.0		off 0.5092408689586023 neg 0.45079645311542493 __DUMMY__ 0.03996267792597283	false	0.5
reich	neg 1.0		off 0.5036988925027214 neg 0.4565716477550582 __DUMMY__ 0.0397294597422203	false	0.5
gnadenlos	neg 1.0		off 0.5044085213944209 neg 0.4552808799215719 __DUMMY__ 0.040310598684007194	false	0.5
niedergeschlagen	neg 1.0		off 0.5025263641684627 neg 0.45684852749094507 __DUMMY__ 0.04062510834059226	false	0.5
terrorisieren	off 1.0	off 1.0	off 0.736403879724248 neg 0.24425553680462572 __DUMMY__ 0.019340583471126282	false	1.0
sinnlosigkeit	neg 1.0		off 0.5012848552568213 neg 0.45829207781168324 __DUMMY__ 0.040423066931495354	false	0.5
behindern	neg 1.0		off 0.5020897138646349 neg 0.4576560914872997 __DUMMY__ 0.04025419464806538	false	0.5
undemokratisch	neg 1.0		off 0.5040459033004685 neg 0.455888320868492 __DUMMY__ 0.0400657758310394	false	0.5
wirtschaftskrise	neg 1.0		off 0.49787599310570785 neg 0.4619797052822737 __DUMMY__ 0.04014430161201837	false	0.5
neid	neg 1.0		off 0.5059803373051315 neg 0.4539276521605481 __DUMMY__ 0.04009201053432032	false	0.5
rutschen	neg 1.0		off 0.4962013804714782 neg 0.4628133314862503 __DUMMY__ 0.04098528804227157	false	0.5
rezession	neg 1.0		off 0.5060577792948826 neg 0.45464228035365845 __DUMMY__ 0.03929994035145892	false	0.5
fehlgeburt	neg 1.0		off 0.5047276279061964 neg 0.4548733660979392 __DUMMY__ 0.040399005995864365	false	0.5
charakterschwach	off 1.0		off 0.507387945938697 neg 0.4527747340329172 __DUMMY__ 0.0398373200283859	false	1.0
isolation	neg 1.0		off 0.5075941686458029 neg 0.4522467947325727 __DUMMY__ 0.040159036621624476	false	0.5
ablenkung	neg 1.0		off 0.5033907987464843 neg 0.4562089297877356 __DUMMY__ 0.040400271465780145	false	0.5
pech	neg 1.0		off 0.5062651978335388 neg 0.4537521628953652 __DUMMY__ 0.039982639271096	false	0.5
vermeidung	neg 1.0		off 0.5073514157032897 neg 0.4528619050246975 __DUMMY__ 0.03978667927201277	false	0.5
dominieren	neg 1.0		off 0.5018614539445375 neg 0.45772157924766166 __DUMMY__ 0.040416966807800776	false	0.5
schwindlig	neg 1.0		off 0.5040478331353097 neg 0.4558399096192514 __DUMMY__ 0.04011225724543889	false	0.5
lutscher	neg 1.0	neg 1.0	neg 0.7075899512174787 off 0.273937024030096 __DUMMY__ 0.01847302475242533	false	1.0
pflicht	neg 1.0		off 0.49895901100756723 neg 0.4602941772022672 __DUMMY__ 0.04074681179016552	false	0.5
faschist	off 1.0		off 0.5072109117282543 neg 0.4526506369892027 __DUMMY__ 0.04013845128254302	false	1.0
verschleudern	neg 1.0		off 0.49657647408049654 neg 0.4632171866380142 __DUMMY__ 0.04020633928148928	false	0.5
wenn			off 0.5070974913465525 neg 0.4529001271657676 __DUMMY__ 0.04000238148767994	false	0.0
ehebruch	neg 1.0		off 0.5009147024938133 neg 0.4585760146567383 __DUMMY__ 0.04050928284944843	false	0.5
spott	off 1.0		off 0.5015504289572401 neg 0.45785642734228776 __DUMMY__ 0.040593143700472095	false	1.0
trostlosigkeit	neg 1.0		off 0.4959662958098884 neg 0.46355984237986914 __DUMMY__ 0.040473861810242526	false	0.5
lutschen	neg 1.0		off 0.5059783456665781 neg 0.45405805830412943 __DUMMY__ 0.039963596029292496	false	0.5
undiszipliniert	neg 1.0		off 0.5096058222213999 neg 0.4506126097828509 __DUMMY__ 0.03978156799574924	false	0.5
kopfschmerz	neg 1.0		off 0.4975161436559146 neg 0.462236846913187 __DUMMY__ 0.040247009430898394	false	0.5
unvorhergesehen	neg 1.0		off 0.4998279100025215 neg 0.4593920151547289 __DUMMY__ 0.040780074842749585	false	0.5
desinteressiert	neg 1.0		off 0.5088846716580189 neg 0.4513090491401341 __DUMMY__ 0.03980627920184707	false	0.5
armselig	off 1.0		off 0.5115142669086845 neg 0.44874890982089605 __DUMMY__ 0.039736823270419365	false	1.0
desaster	neg 1.0		off 0.49698412070992687 neg 0.4623747505612443 __DUMMY__ 0.040641128728828774	false	0.5
tod	neg 1.0		off 0.5004874835698162 neg 0.4589321962830105 __DUMMY__ 0.040580320147173166	false	0.5
herzlos	neg 1.0		off 0.5108056150217408 neg 0.44945112872996784 __DUMMY__ 0.039743256248291274	false	0.5
unwissenheit	neg 1.0		off 0.5008553423655027 neg 0.4587186594103984 __DUMMY__ 0.04042599822409901	false	0.5
widersinnig	neg 1.0		off 0.5000567984306398 neg 0.459793040935993 __DUMMY__ 0.040150160633367384	false	0.5
bedenklich	neg 1.0		off 0.4994214185633678 neg 0.4601627362469134 __DUMMY__ 0.04041584518971864	false	0.5
beanstanden	neg 1.0		off 0.5002146287907419 neg 0.45901556007651223 __DUMMY__ 0.040769811132745915	false	0.5
panisch	neg 1.0		off 0.5056481126793728 neg 0.45406303200616277 __DUMMY__ 0.04028885531446449	false	0.5
debil	off 1.0		off 0.4932849537623542 neg 0.46571992744053325 __DUMMY__ 0.04099511879711254	false	1.0
abstrich	neg 1.0		off 0.5009399392359744 neg 0.45876784194752096 __DUMMY__ 0.04029221881650478	false	0.5
primitiv	neg 1.0		off 0.509450142987593 neg 0.45070834043860736 __DUMMY__ 0.0398415165737995	false	0.5
abschaum	off 1.0	off 1.0	off 0.7409579907146088 neg 0.24001102370913072 __DUMMY__ 0.019030985576260467	false	1.0
provozieren	neg 1.0		off 0.5038410487429392 neg 0.45590847810944574 __DUMMY__ 0.04025047314761507	false	0.5
tot	neg 1.0		off 0.49960202282511107 neg 0.460124822672143 __DUMMY__ 0.04027315450274599	false	0.5
instabil	neg 1.0		off 0.5096287974832232 neg 0.4508578337728572 __DUMMY__ 0.039513368743919655	false	0.5
schwuchtel	off 1.0	off 1.0	off 0.7461320217920258 neg 0.23550814126477518 __DUMMY__ 0.01835983694319913	false	1.0
zerren	neg 1.0		off 0.5016741095854419 neg 0.4577621852033913 __DUMMY__ 0.0405637052111669	false	0.5
kinderficker	off 1.0		off 0.5134041206604076 neg 0.4470235688190849 __DUMMY__ 0.039572310520507456	false	1.0
gefahr	neg 1.0		off 0.4998285567743294 neg 0.45941542245023165 __DUMMY__ 0.040756020775438974	false	0.5
rabiat	neg 1.0		off 0.5021309968683859 neg 0.4575285971098527 __DUMMY__ 0.040340406021761456	false	0.5
verlangsamung	neg 1.0		off 0.5131440069562698 neg 0.4475541148289073 __DUMMY__ 0.03930187821482299	false	0.5
ausgestorben	neg 1.0		off 0.5023084740655355 neg 0.45727006443574586 __DUMMY__ 0.040421461498718676	false	0.5
anklagen	neg 1.0		off 0.5023858749631168 neg 0.457155761511406 __DUMMY__ 0.0404583635254771	false	0.5
trott	neg 1.0		off 0.5030102829410605 neg 0.45667539099799964 __DUMMY__ 0.040314326060939924	false	0.5
verminderung	neg 1.0		off 0.5077902623479663 neg 0.45239397867088793 __DUMMY__ 0.039815758981145706	false	0.5
nach			off 0.4962104527079396 neg 0.4626278939656768 __DUMMY__ 0.041161653326383614	false	0.0
rost	neg 1.0		off 0.5176452285462129 neg 0.4428223057263866 __DUMMY__ 0.03953246572740051	false	0.5
destruktiv	neg 1.0		off 0.5023475655175539 neg 0.45738930546085516 __DUMMY__ 0.04026312902159091	false	0.5
unzumutbarkeit	neg 1.0		off 0.5076835319132927 neg 0.4524899197814026 __DUMMY__ 0.0398265483053046	false	0.5
labil	off 1.0	off 1.0	off 0.7396993216684244 neg 0.24133126533346358 __DUMMY__ 0.018969412998112063	false	1.0
ziemlich	neg 1.0		off 0.5084938109584449 neg 0.45150767495102345 __DUMMY__ 0.03999851409053157	false	0.5
lachnummer	off 1.0		off 0.5044320223798652 neg 0.4551925347957342 __DUMMY__ 0.04037544282440076	false	1.0
oder			off 0.504221952860819 neg 0.45541636023111126 __DUMMY__ 0.04036168690806971	false	0.0
verfall	neg 1.0		off 0.4940623866715496 neg 0.4652821441206627 __DUMMY__ 0.04065546920778767	false	0.5
ausgrenzung	neg 1.0		off 0.5036364114298186 neg 0.4563256980167509 __DUMMY__ 0.04003789055343039	false	0.5
unordnung	neg 1.0		off 0.5109658740979424 neg 0.4494642875228161 __DUMMY__ 0.039569838379241516	false	0.5
fehlverhalten	neg 1.0		off 0.499750815113234 neg 0.4596756986815232 __DUMMY__ 0.04057348620524286	false	0.5
eine			off 0.49762691364935485 neg 0.4617028485655598 __DUMMY__ 0.040670237785085224	false	0.0
nille	neg 1.0		off 0.5034049199367687 neg 0.4562899190812463 __DUMMY__ 0.040305160981984965	false	0.5
qual	neg 1.0		off 0.5024226420868488 neg 0.45727041152568554 __DUMMY__ 0.04030694638746554	false	0.5
verschwenden	neg 1.0		off 0.4978645880151198 neg 0.4617036679882978 __DUMMY__ 0.04043174399658247	false	0.5
riesig	neg 1.0		off 0.5004013785769528 neg 0.4590123411142777 __DUMMY__ 0.04058628030876947	false	0.5
verurteilen	neg 1.0		off 0.5018569596245344 neg 0.45768925444865355 __DUMMY__ 0.04045378592681206	false	0.5
klischee	neg 1.0	neg 1.0	neg 0.7120552189165142 off 0.26896569341690324 __DUMMY__ 0.01897908766658244	false	1.0
diktatorisch	neg 1.0		off 0.5039869217514222 neg 0.4559679749107656 __DUMMY__ 0.0400451033378121	false	0.5
vorhersehbar	neg 1.0		off 0.5045831439564281 neg 0.4554134533311248 __DUMMY__ 0.04000340271244725	false	0.5
sowie			off 0.5109096464111396 neg 0.4496618208056947 __DUMMY__ 0.03942853278316573	false	0.0
stornieren	neg 1.0		off 0.5092611810462584 neg 0.4502606223647388 __DUMMY__ 0.040478196589002854	false	0.5
besteuerung	neg 1.0	neg 1.0	neg 0.7152113229666521 off 0.26587609047214533 __DUMMY__ 0.018912586561202663	false	1.0
ungeschminkt	neg 1.0		off 0.5086810220639425 neg 0.45156880727174187 __DUMMY__ 0.03975017066431568	false	0.5
kritisch	neg 1.0		off 0.5010674150581128 neg 0.4584781248540375 __DUMMY__ 0.040454460087849774	false	0.5
schlamperei	off 1.0		off 0.4999407925378489 neg 0.45953473904932496 __DUMMY__ 0.04052446841282618	false	1.0
sucht	neg 1.0	neg 1.0	neg 0.7122287875411156 off 0.2686235619223491 __DUMMY__ 0.019147650536535263	false	1.0
egoistisch	off 1.0	off 1.0	off 0.7431421277702871 neg 0.2380613598641772 __DUMMY__ 0.018796512365535614	false	1.0
ausbeuter	off 1.0		off 0.49782829933060674 neg 0.4617495096392474 __DUMMY__ 0.04042219103014577	false	1.0
arschgeburt	off 1.0		off 0.5183353102117734 neg 0.4429016898443669 __DUMMY__ 0.03876299994385964	false	1.0
schubs	neg 1.0		off 0.49857156401740055 neg 0.4611229439663365 __DUMMY__ 0.040305492016262996	false	0.5
unsolide	neg 1.0		off 0.5057932778368125 neg 0.4540682203185943 __DUMMY__ 0.04013850184459315	false	0.5
beschwerde	neg 1.0		off 0.5019626817883087 neg 0.4575527912423306 __DUMMY__ 0.04048452696936075	false	0.5
stocken	neg 1.0		off 0.5000300038664579 neg 0.45950760875822205 __DUMMY__ 0.04046238737532001	false	0.5
isolieren	neg 1.0		off 0.49988340550494115 neg 0.45981856741849625 __DUMMY__ 0.04029802707656259	false	0.5
unheilbar	neg 1.0		off 0.503564890276092 neg 0.45609365772095334 __DUMMY__ 0.040341452002954664	false	0.5
pisser	off 1.0	off 1.0	off 0.7415079179958806 neg 0.23964969523152807 __DUMMY__ 0.018842386772591393	false	1.0
löschen	neg 1.0		off 0.5031361491419042 neg 0.4566274468586606 __DUMMY__ 0.04023640399943504	false	0.5
durchfallen	neg 1.0		off 0.5012609660654364 neg 0.4582428837291883 __DUMMY__ 0.04049615020537542	false	0.5
wichser	off 1.0	off 1.0	off 0.7447363311022729 neg 0.23671694606314791 __DUMMY__ 0.018546722834579213	false	1.0
terror	neg 1.0		off 0.50581194602964 neg 0.4540989501040387 __DUMMY__ 0.040089103866321356	false	0.5
krass	neg 1.0		off 0.5116779035245582 neg 0.44874945750337264 __DUMMY__ 0.03957263897206912	false	0.5
revolte	neg 1.0		off 0.5043076280486635 neg 0.45582739385397997 __DUMMY__ 0.03986497809735656	false	0.5
besorgt	neg 1.0		off 0.5030204545726747 neg 0.4563714441837788 __DUMMY__ 0.04060810124354655	false	0.5
nachlassen	neg 1.0		off 0.5010168578088364 neg 0.4584269540384069 __DUMMY__ 0.040556188152756724	false	0.5
alt	neg 1.0		off 0.4964911312140073 neg 0.46335926296829444 __DUMMY__ 0.040149605817698227	false	0.5
hundesohn	off 1.0	off 1.0	off 0.7437291988254209 neg 0.23773592444633762 __DUMMY__ 0.01853487672824159	false	1.0
als			off 0.5007983990015717 neg 0.4588080521736114 __DUMMY__ 0.04039354882481691	false	0.0
abschreckung	neg 1.0		off 0.4987766103031245 neg 0.46062804789207046 __DUMMY__ 0.040595341804805125	false	0.5
unqualifiziert	neg 1.0		off 0.5073519436507634 neg 0.452583334299428 __DUMMY__ 0.04006472204980865	false	0.5
abgewichst	off 1.0		off 0.5030906256495089 neg 0.45654233522987536 __DUMMY__ 0.040367039120615636	false	1.0
schwer	neg 1.0		off 0.5027072125624821 neg 0.4569231858608743 __DUMMY__ 0.0403696015766436	false	0.5
bedeutungslosigkeit	neg 1.0		off 0.49913747126908325 neg 0.4603029467452221 __DUMMY__ 0.040559581985694704	false	0.5
kapitulation	neg 1.0		off 0.4992428117589694 neg 0.46044069784504754 __DUMMY__ 0.04031649039598311	false	0.5
unscharf	neg 1.0		off 0.5013377882212694 neg 0.45885559894513683 __DUMMY__ 0.039806612833593755	false	0.5
schwinden	neg 1.0		off 0.4971376498926104 neg 0.4624995398443009 __DUMMY__ 0.040362810263088716	false	0.5
versklavung	neg 1.0	neg 1.0	neg 0.7135125796626908 off 0.26747645886468213 __DUMMY__ 0.01901096147262715	false	1.0
schlecht	neg 1.0		off 0.5091723351183199 neg 0.4507830741237682 __DUMMY__ 0.04004459075791176	false	0.5
verhasst	neg 1.0		off 0.5043668250884047 neg 0.45543474144519613 __DUMMY__ 0.040198433466399223	false	0.5
beschweren	neg 1.0		off 0.5057888992677815 neg 0.45391406488590497 __DUMMY__ 0.04029703584631354	false	0.5
scheiden	neg 1.0		off 0.5028685728324587 neg 0.4568574137660031 __DUMMY__ 0.040274013401538265	false	0.5
frustriert	neg 1.0		off 0.5021688965199966 neg 0.45739450023958006 __DUMMY__ 0.04043660324042332	false	0.5
schimmelig	neg 1.0		off 0.497832704729404 neg 0.4619556248055838 __DUMMY__ 0.040211670465012346	false	0.5
fisch	neg 1.0		off 0.4940589266903185 neg 0.46563509466576924 __DUMMY__ 0.04030597864391238	false	0.5
schmuggel	neg 1.0		off 0.49984281096513933 neg 0.4593134636208639 __DUMMY__ 0.04084372541399679	false	0.5
auffallen	neg 1.0		off 0.5054360689531563 neg 0.45436875877699084 __DUMMY__ 0.04019517226985281	false	0.5
konkurrenz	neg 1.0		off 0.5000822349637776 neg 0.45920070186940587 __DUMMY__ 0.04071706316681659	false	0.5
teufelskreis	neg 1.0	neg 1.0	neg 0.7147141649809643 off 0.266198133832146 __DUMMY__ 0.019087701186889586	false	1.0
aufschreien	neg 1.0		off 0.5050186619081057 neg 0.45491771961381416 __DUMMY__ 0.04006361847808011	false	0.5
schuldner	neg 1.0		off 0.49599091724912436 neg 0.4637331288387403 __DUMMY__ 0.04027595391213543	false	0.5
missgeburt	off 1.0	off 1.0	off 0.7439870356484388 neg 0.23733085750933136 __DUMMY__ 0.018682106842229776	false	1.0
arbeitslos	neg 1.0		off 0.5007589452920872 neg 0.45877445311328685 __DUMMY__ 0.04046660159462576	false	0.5
befallen	neg 1.0		off 0.49914732966520986 neg 0.4607764094041467 __DUMMY__ 0.0400762609306434	false	0.5
miesepetrig	off 1.0	off 1.0	off 0.7398940506027686 neg 0.24112562435178955 __DUMMY__ 0.018980325045441854	false	1.0
alarmieren	neg 1.0		off 0.5080430126585801 neg 0.4518891959709051 __DUMMY__ 0.040067791370514944	false	0.5
ungeduscht	off 1.0		off 0.5057722104755638 neg 0.4543282980444936 __DUMMY__ 0.03989949147994277	false	1.0
knappheit	neg 1.0		off 0.49819761947861735 neg 0.4616410637617425 __DUMMY__ 0.040161316759640145	false	0.5
schlange	neg 1.0		off 0.5040026448803296 neg 0.45564404479482373 __DUMMY__ 0.04035331032484675	false	0.5
harsch	neg 1.0		off 0.5126825647890806 neg 0.4475505956977327 __DUMMY__ 0.0397668395131868	false	0.5
lang	neg 1.0		off 0.5041029961402408 neg 0.4556784344794452 __DUMMY__ 0.04021856938031385	false	0.5
ziellos	neg 1.0		off 0.5000078829666891 neg 0.45936982552196803 __DUMMY__ 0.04062229151134285	false	0.5
selbstverliebt	neg 1.0		off 0.5180542723836797 neg 0.44279513928282127 __DUMMY__ 0.039150588333499096	false	0.5
beseitigen	neg 1.0		off 0.5042763521811275 neg 0.4552826938234176 __DUMMY__ 0.040440953995454935	false	0.5
dumm	off 1.0		off 0.5134923693300536 neg 0.44705405301362 __DUMMY__ 0.03945357765632648	false	1.0
arbeitsloser	neg 1.0		off 0.5048572404332528 neg 0.4543114185431694 __DUMMY__ 0.040831341023577744	false	0.5
blitzen	neg 1.0		off 0.5058979283047409 neg 0.4541115217884079 __DUMMY__ 0.03999054990685115	false	0.5
hilflos	neg 1.0		off 0.5007602432880957 neg 0.45879258650814564 __DUMMY__ 0.04044717020375888	false	0.5
eklig	off 1.0		off 0.5124837412847736 neg 0.4482287460937426 __DUMMY__ 0.03928751262148373	false	1.0
begriff			off 0.5029133786293046 neg 0.45672802753980024 __DUMMY__ 0.040358593830895066	false	0.0
hungersnot	neg 1.0		off 0.49955594469527914 neg 0.46016822148553665 __DUMMY__ 0.0402758338191843	false	0.5
ungesetzlich	neg 1.0		off 0.5043857662978727 neg 0.455530457866503 __DUMMY__ 0.04008377583562432	false	0.5
verschwendung	neg 1.0		off 0.4987176707225652 neg 0.4607581019302015 __DUMMY__ 0.04052422734723337	false	0.5
schmerzvoll	neg 1.0		off 0.503471186126369 neg 0.456392875335244 __DUMMY__ 0.040135938538387	false	0.5
vorzeitig	neg 1.0		off 0.508547306625862 neg 0.45138905898824794 __DUMMY__ 0.040063634385890015	false	0.5
unvollkommenheit	neg 1.0		off 0.5010895913918877 neg 0.45857123261539684 __DUMMY__ 0.04033917599271562	false	0.5
intervenieren	neg 1.0		off 0.4976698766069538 neg 0.46200696557131177 __DUMMY__ 0.040323157821734526	false	0.5
banause	off 1.0		off 0.5118852648827414 neg 0.44911033728296074 __DUMMY__ 0.03900439783429777	false	1.0
rebell	neg 1.0		off 0.49277086850910007 neg 0.4667654244417326 __DUMMY__ 0.040463707049167436	false	0.5
unlogisch	neg 1.0		off 0.5095844158803914 neg 0.4507088372080733 __DUMMY__ 0.039706746911535376	false	0.5
leiden	neg 1.0		off 0.50069350649303 neg 0.4584426112851602 __DUMMY__ 0.04086388222180981	false	0.5
abschaffung	neg 1.0		off 0.5020432694544458 neg 0.4579180876819567 __DUMMY__ 0.04003864286359747	false	0.5
sturz	neg 1.0		off 0.5076111059118642 neg 0.45195782474628576 __DUMMY__ 0.04043106934184995	false	0.5
verkleinerung	neg 1.0		off 0.5032989289465544 neg 0.457001289821312 __DUMMY__ 0.03969978123213371	false	0.5
schmarotzer	off 1.0		off 0.501673696943577 neg 0.4579118344665691 __DUMMY__ 0.04041446858985399	false	1.0
bestrafung	neg 1.0	neg 1.0	neg 0.7126647340693452 off 0.2681648615744897 __DUMMY__ 0.019170404356165276	false	1.0
achtlos	neg 1.0		off 0.502778138898906 neg 0.4567350073048268 __DUMMY__ 0.040486853796267305	false	0.5
ungeheuer	neg 1.0		off 0.5015176151251499 neg 0.4583866253354121 __DUMMY__ 0.0400957595394381	false	0.5
unaufrichtig	neg 1.0		off 0.5072778533839972 neg 0.45265887815696737 __DUMMY__ 0.04006326845903543	false	0.5
groggy	neg 1.0		off 0.5066116926003951 neg 0.45322036047205 __DUMMY__ 0.04016794692755479	false	0.5
