unsolidarisch	neg 1.0		off 0.4888591759722161 neg 0.4455254118110032 __DUMMY__ 0.06561541221678072	false	0.5
nachteilig	neg 1.0		off 0.48699119854194634 neg 0.44660038482224357 __DUMMY__ 0.06640841663581	false	0.5
skeptisch	neg 1.0		off 0.4853475646487943 neg 0.4482194907033464 __DUMMY__ 0.0664329446478595	false	0.5
schrecklich	neg 1.0		off 0.49752540510634785 neg 0.43745279946954546 __DUMMY__ 0.06502179542410665	false	0.5
schlapp	neg 1.0	neg 1.0	neg 0.7051917911078232 off 0.2637271827186311 __DUMMY__ 0.031081026173545863	false	1.0
abfall	neg 1.0		off 0.4839102115599528 neg 0.44914236004138164 __DUMMY__ 0.06694742839866556	false	0.5
widerspenstig	neg 1.0		off 0.48793178087491584 neg 0.44623863805769143 __DUMMY__ 0.06582958106739277	false	0.5
abrupt	neg 1.0		off 0.48340775372321854 neg 0.450381138046964 __DUMMY__ 0.0662111082298176	false	0.5
unwirksam	neg 1.0		off 0.48554736987132463 neg 0.4492899532947405 __DUMMY__ 0.06516267683393497	false	0.5
angreifen	neg 1.0		off 0.4852130949698957 neg 0.4482366048937693 __DUMMY__ 0.066550300136335	false	0.5
inkonsistent	neg 1.0		off 0.4901173835201218 neg 0.44450380337192136 __DUMMY__ 0.06537881310795689	false	0.5
abrutschen	neg 1.0		off 0.4829993253910707 neg 0.450123190311582 __DUMMY__ 0.06687748429734737	false	0.5
unsicher	neg 1.0		off 0.49009230255513403 neg 0.4438077210960495 __DUMMY__ 0.06609997634881656	false	0.5
bauernkind	off 1.0	off 1.0	off 0.7341787929208282 neg 0.23542410681000428 __DUMMY__ 0.030397100269167386	false	1.0
angreifer	neg 1.0		off 0.4956700559885515 neg 0.4383001384311104 __DUMMY__ 0.06602980558033794	false	0.5
trennen	neg 1.0		off 0.4854991387851765 neg 0.44784903658790826 __DUMMY__ 0.06665182462691537	false	0.5
schmutz	neg 1.0		off 0.49583699673927634 neg 0.43792051763480366 __DUMMY__ 0.06624248562592	false	0.5
inkonsistenz	neg 1.0		off 0.49399536976015 neg 0.4405398715778907 __DUMMY__ 0.06546475866195912	false	0.5
erschreckend	neg 1.0		off 0.488818934638651 neg 0.4451409338509076 __DUMMY__ 0.06604013151044154	false	0.5
ertrinken	neg 1.0		off 0.483515328527443 neg 0.45009942002453496 __DUMMY__ 0.06638525144802208	false	0.5
pickelface	off 1.0		off 0.4896372914558568 neg 0.4445143079574373 __DUMMY__ 0.06584840058670588	false	1.0
seiner			off 0.48617250594304606 neg 0.447214265002571 __DUMMY__ 0.06661322905438277	false	0.0
lauch	neg 1.0	neg 1.0	neg 0.7107979738642298 off 0.25746021617976406 __DUMMY__ 0.03174180995600608	false	1.0
unwichtig	neg 1.0		off 0.4939202922944484 neg 0.44061293813996777 __DUMMY__ 0.06546676956558382	false	0.5
steuerhinterziehung	neg 1.0		off 0.48809704021230454 neg 0.4460238960915692 __DUMMY__ 0.06587906369612627	false	0.5
schock	neg 1.0		off 0.48825404199370026 neg 0.4455746184752291 __DUMMY__ 0.06617133953107081	false	0.5
beule	neg 1.0		off 0.49481009375464924 neg 0.4401609049913285 __DUMMY__ 0.06502900125402225	false	0.5
vergelten	neg 1.0		off 0.49872200763898583 neg 0.4362947549726599 __DUMMY__ 0.06498323738835438	false	0.5
verdorbenheit	neg 1.0		off 0.490616852821746 neg 0.44354095862439386 __DUMMY__ 0.06584218855386009	false	0.5
trauma	neg 1.0		off 0.4901313070488249 neg 0.44415525876174394 __DUMMY__ 0.06571343418943101	false	0.5
sinnlos	neg 1.0		off 0.49133519782190455 neg 0.4428888735665966 __DUMMY__ 0.06577592861149884	false	0.5
fettsack	off 1.0	off 1.0	off 0.7354531096714966 neg 0.23410869376970128 __DUMMY__ 0.030438196558802113	false	1.0
feige	off 1.0	off 1.0	off 0.7338885008590948 neg 0.23509868618185356 __DUMMY__ 0.03101281295905168	false	1.0
abdanken	neg 1.0		off 0.49057520917349967 neg 0.4432164849591074 __DUMMY__ 0.06620830586739283	false	0.5
wichtigtuer	off 1.0	off 1.0	off 0.7330351870352817 neg 0.23566407672823547 __DUMMY__ 0.03130073623648276	false	1.0
misslingen	neg 1.0		off 0.49270924858682824 neg 0.4411744821938595 __DUMMY__ 0.06611626921931238	false	0.5
untreu	off 1.0		off 0.4948797788592804 neg 0.43979762649823706 __DUMMY__ 0.06532259464248244	false	1.0
missmutig	neg 1.0		off 0.4923586630706296 neg 0.44212308219911167 __DUMMY__ 0.0655182547302586	false	0.5
hurenbock	off 1.0		off 0.4854599637237621 neg 0.4493328073473235 __DUMMY__ 0.06520722892891444	false	1.0
betrunken	neg 1.0		off 0.4963090463819636 neg 0.4386062433770751 __DUMMY__ 0.06508471024096138	false	0.5
korrupt	off 1.0		off 0.48716642583806546 neg 0.44698665443991015 __DUMMY__ 0.06584691972202429	false	1.0
unmut	neg 1.0		off 0.4840282072595095 neg 0.449319868632717 __DUMMY__ 0.0666519241077735	false	0.5
hackfresse	off 1.0		off 0.5012007067818877 neg 0.4342980425875248 __DUMMY__ 0.06450125063058772	false	1.0
aufblasen	neg 1.0		off 0.4897028850094174 neg 0.44439258865468934 __DUMMY__ 0.06590452633589323	false	0.5
gewaltsam	neg 1.0		off 0.49075660579929986 neg 0.4430199062368625 __DUMMY__ 0.0662234879638378	false	0.5
unbeliebtheit	neg 1.0		off 0.4950961505655138 neg 0.4395743444534738 __DUMMY__ 0.06532950498101225	false	0.5
sturheit	neg 1.0		off 0.4900836415970128 neg 0.4436594133188349 __DUMMY__ 0.06625694508415231	false	0.5
kuh	neg 1.0		off 0.48518400360707004 neg 0.45033654487825525 __DUMMY__ 0.06447945151467475	false	0.5
erschrecken	neg 1.0		off 0.4931152765160091 neg 0.4413228403490072 __DUMMY__ 0.06556188313498365	false	0.5
opfer	neg 1.0		off 0.4891400790287306 neg 0.4441588070489194 __DUMMY__ 0.06670111392235	false	0.5
sinken	neg 1.0		off 0.48272974507874816 neg 0.45095545464185727 __DUMMY__ 0.06631480027939467	false	0.5
stinktier	neg 1.0		off 0.4948652074107635 neg 0.4411005559157343 __DUMMY__ 0.06403423667350215	false	0.5
tucke	off 1.0		off 0.4993621022263367 neg 0.4369438816934891 __DUMMY__ 0.06369401608017414	false	1.0
ein			off 0.4867035724059542 neg 0.44758254976227 __DUMMY__ 0.06571387783177589	false	0.0
abstieg	neg 1.0		off 0.4906853169514244 neg 0.4426598949900609 __DUMMY__ 0.06665478805851462	false	0.5
missverstehen	neg 1.0		off 0.4922652461632048 neg 0.44203476934641117 __DUMMY__ 0.0656999844903841	false	0.5
ergebnislos	neg 1.0		off 0.4881717485463725 neg 0.4452087440123297 __DUMMY__ 0.06661950744129783	false	0.5
unter			off 0.48085439635757043 neg 0.4516852470422528 __DUMMY__ 0.06746035660017675	false	0.0
manipulieren	neg 1.0		off 0.4864257840341687 neg 0.4470589075179823 __DUMMY__ 0.06651530844784902	false	0.5
unbewiesen	neg 1.0	neg 1.0	neg 0.7067953374343664 off 0.2618650978692571 __DUMMY__ 0.03133956469637647	false	1.0
verschleppen	neg 1.0		off 0.4872000420691157 neg 0.44658232720176916 __DUMMY__ 0.06621763072911517	false	0.5
weib	off 1.0		off 0.5011589205272374 neg 0.4348623176171674 __DUMMY__ 0.06397876185559523	false	1.0
opposition	neg 1.0		off 0.4898400937957218 neg 0.4445815342383271 __DUMMY__ 0.06557837196595111	false	0.5
verkehrswidrig	neg 1.0		off 0.5004908481809465 neg 0.434393325966649 __DUMMY__ 0.06511582585240441	false	0.5
inkorrekt	neg 1.0		off 0.4970133910942078 neg 0.43800699159587114 __DUMMY__ 0.06497961730992115	false	0.5
vermeiden	neg 1.0		off 0.4826019655957211 neg 0.45046852006016697 __DUMMY__ 0.06692951434411187	false	0.5
abweichung	neg 1.0	neg 1.0	neg 0.7073596358597098 off 0.2609909439597714 __DUMMY__ 0.03164942018051874	false	1.0
alkoholisiert	neg 1.0		off 0.48880989178366263 neg 0.44420216848830213 __DUMMY__ 0.06698793972803518	false	0.5
scheiss	off 1.0	off 1.0	off 0.7340694654810476 neg 0.23508757598616395 __DUMMY__ 0.030842958532788473	false	1.0
herausforderung	neg 1.0		off 0.48739592119460456 neg 0.4463766019699321 __DUMMY__ 0.06622747683546336	false	0.5
pervers	off 1.0		off 0.5041363107351795 neg 0.43197719189371186 __DUMMY__ 0.06388649737110869	false	1.0
wackelig	neg 1.0		off 0.48798375115356696 neg 0.44567561014293927 __DUMMY__ 0.06634063870349374	false	0.5
verwickeln	neg 1.0		off 0.49169040476724907 neg 0.44248685443211866 __DUMMY__ 0.06582274080063222	false	0.5
vorwand	neg 1.0		off 0.4846593034882607 neg 0.4487863962096295 __DUMMY__ 0.06655430030210988	false	0.5
muschi	off 1.0		off 0.48958955907030804 neg 0.4443160005244045 __DUMMY__ 0.0660944404052875	false	1.0
entmutigung	neg 1.0		off 0.48927909996033003 neg 0.44542644989946034 __DUMMY__ 0.0652944501402097	false	0.5
unangemessen	neg 1.0		off 0.4891612814494351 neg 0.44465670340001695 __DUMMY__ 0.06618201515054799	false	0.5
unstetig	neg 1.0		off 0.4924008528405922 neg 0.44218297213259034 __DUMMY__ 0.06541617502681753	false	0.5
entmutigen	neg 1.0		off 0.49046155387901713 neg 0.4436619396009456 __DUMMY__ 0.0658765065200374	false	0.5
schwanz	neg 1.0		off 0.48676494533284204 neg 0.44710087982544566 __DUMMY__ 0.0661341748417122	false	0.5
verbot	neg 1.0		off 0.4873228456343156 neg 0.4467196156498809 __DUMMY__ 0.06595753871580362	false	0.5
leid	neg 1.0		off 0.49861593940893123 neg 0.43659539193015945 __DUMMY__ 0.06478866866090935	false	0.5
archaisch	neg 1.0		off 0.48737066201860274 neg 0.446656171254745 __DUMMY__ 0.06597316672665235	false	0.5
gegen			off 0.4860838022065373 neg 0.4470508684556688 __DUMMY__ 0.06686532933779384	false	0.0
scheidung	neg 1.0		off 0.5105810290273082 neg 0.42529164059738866 __DUMMY__ 0.06412733037530312	false	0.5
einschlag	neg 1.0		off 0.500316250098494 neg 0.4343037194589199 __DUMMY__ 0.06538003044258622	false	0.5
m			off 0.4879381343776614 neg 0.44584125685386816 __DUMMY__ 0.06622060876847044	false	0.0
abgestanden	neg 1.0		off 0.4840747933340455 neg 0.45088616239370266 __DUMMY__ 0.06503904427225175	false	0.5
schmierig	off 1.0		off 0.4979595033223368 neg 0.4372702762618321 __DUMMY__ 0.06477022041583103	false	1.0
unpraktisch	neg 1.0		off 0.49125434023348374 neg 0.44285716460856583 __DUMMY__ 0.06588849515795035	false	0.5
wixxer	off 1.0		off 0.5029803358939008 neg 0.4333995195211201 __DUMMY__ 0.06362014458497911	false	1.0
bezeichnet			off 0.4907201449783724 neg 0.4432043118313611 __DUMMY__ 0.06607554319026646	false	0.0
jammerlappen	off 1.0		off 0.4941673344230989 neg 0.4403876219805256 __DUMMY__ 0.06544504359637536	false	1.0
farce	neg 1.0		off 0.48811902999837375 neg 0.44618260482024596 __DUMMY__ 0.06569836518138028	false	0.5
zwecklos	neg 1.0		off 0.4874259216943427 neg 0.4464305602401446 __DUMMY__ 0.06614351806551264	false	0.5
turbulent	neg 1.0		off 0.4947693014046268 neg 0.4402389391344263 __DUMMY__ 0.06499175946094693	false	0.5
invasion	neg 1.0		off 0.49161821796810967 neg 0.4427372910743658 __DUMMY__ 0.06564449095752461	false	0.5
schuld	neg 1.0		off 0.4909861915445117 neg 0.44312300526128745 __DUMMY__ 0.065890803194201	false	0.5
risiko	neg 1.0		off 0.4888980880729582 neg 0.4457633564444994 __DUMMY__ 0.06533855548254253	false	0.5
finster	neg 1.0		off 0.4870633016142273 neg 0.4473155884907712 __DUMMY__ 0.06562110989500161	false	0.5
geisteskrank	off 1.0		off 0.4962861245063734 neg 0.4385477189271338 __DUMMY__ 0.06516615656649291	false	1.0
zusammenbrechen	neg 1.0		off 0.48728964589300516 neg 0.4466260171544488 __DUMMY__ 0.06608433695254613	false	0.5
ausbeute	neg 1.0		off 0.49109225436490517 neg 0.4424506144743517 __DUMMY__ 0.06645713116074306	false	0.5
hinterhalt	neg 1.0		off 0.4875055475903575 neg 0.44654056473925374 __DUMMY__ 0.0659538876703887	false	0.5
kritik	neg 1.0		off 0.4879385874530921 neg 0.44632597942016894 __DUMMY__ 0.06573543312673902	false	0.5
einschrumpfen	neg 1.0		off 0.4923235543486256 neg 0.44258456514786926 __DUMMY__ 0.06509188050350524	false	0.5
riskant	neg 1.0		off 0.4848973020158581 neg 0.44878875816187275 __DUMMY__ 0.06631393982226914	false	0.5
frustrieren	neg 1.0		off 0.48550944867498425 neg 0.44829902678410716 __DUMMY__ 0.06619152454090853	false	0.5
groll	neg 1.0		off 0.4890399165148858 neg 0.4446185305212461 __DUMMY__ 0.06634155296386814	false	0.5
gibt			off 0.48747325249576445 neg 0.44630677965057874 __DUMMY__ 0.06621996785365673	false	0.0
qualvoll	neg 1.0		off 0.4914353651161267 neg 0.4428258637298279 __DUMMY__ 0.06573877115404528	false	0.5
wackeln	neg 1.0		off 0.48944028611387275 neg 0.44455518874607963 __DUMMY__ 0.06600452514004763	false	0.5
klagen	neg 1.0		off 0.4842227892257738 neg 0.44934608162051476 __DUMMY__ 0.06643112915371156	false	0.5
bankrott	neg 1.0		off 0.4942589922122755 neg 0.44015694887079926 __DUMMY__ 0.0655840589169252	false	0.5
trauern	neg 1.0		off 0.48925363938010186 neg 0.44378744959865307 __DUMMY__ 0.06695891102124514	false	0.5
ablehnung	neg 1.0		off 0.4873024669463396 neg 0.4469069970054376 __DUMMY__ 0.06579053604822284	false	0.5
stur	neg 1.0		off 0.49049111579613386 neg 0.44370025636698185 __DUMMY__ 0.06580862783688443	false	0.5
aufruhr	neg 1.0	neg 1.0	neg 0.7067633970603047 off 0.2617829022093281 __DUMMY__ 0.03145370073036725	false	1.0
melancholie	neg 1.0		off 0.48330564269243037 neg 0.450586303486119 __DUMMY__ 0.06610805382145078	false	0.5
ist			off 0.4909226625311576 neg 0.44330527656141605 __DUMMY__ 0.06577206090742614	false	0.0
torheit	neg 1.0		off 0.4905856624778443 neg 0.4436132536972176 __DUMMY__ 0.06580108382493803	false	0.5
dreckskind	off 1.0		off 0.5010727144433731 neg 0.43471914200956735 __DUMMY__ 0.06420814354705948	false	1.0
umtauschen	neg 1.0		off 0.48880263375387134 neg 0.4452193541387827 __DUMMY__ 0.06597801210734602	false	0.5
zum			off 0.4863933775453403 neg 0.44611013224986373 __DUMMY__ 0.0674964902047959	false	0.0
zersetzen	neg 1.0		off 0.4843469891441849 neg 0.44940241027005606 __DUMMY__ 0.06625060058575907	false	0.5
zur			off 0.48310132882063206 neg 0.44992093802481875 __DUMMY__ 0.06697773315454938	false	0.0
frust	neg 1.0		off 0.48755400484133876 neg 0.44626272021398466 __DUMMY__ 0.06618327494467659	false	0.5
unerbittlichkeit	neg 1.0		off 0.4867309301361539 neg 0.4468347287660643 __DUMMY__ 0.06643434109778179	false	0.5
zwei			off 0.483213893541285 neg 0.4496884318136468 __DUMMY__ 0.06709767464506806	false	0.0
unkorrekt	neg 1.0		off 0.496094143170509 neg 0.43880092864668835 __DUMMY__ 0.06510492818280253	false	0.5
hexe	off 1.0		off 0.49069072501379507 neg 0.4443602780097638 __DUMMY__ 0.0649489969764412	false	1.0
lasch	neg 1.0		off 0.49392225057372036 neg 0.4404721063325195 __DUMMY__ 0.0656056430937601	false	0.5
rivale	neg 1.0		off 0.4975154867672684 neg 0.43748003795908286 __DUMMY__ 0.0650044752736487	false	0.5
mutlos	off 1.0	off 1.0	off 0.7299274252848905 neg 0.23854663507544321 __DUMMY__ 0.03152593963966622	false	1.0
wirr	off 1.0		off 0.49711565140241976 neg 0.43808400483273563 __DUMMY__ 0.06480034376484459	false	1.0
jahr			off 0.4895594023771107 neg 0.44337424621916405 __DUMMY__ 0.0670663514037252	false	0.0
wird			off 0.4873943125001855 neg 0.4462717220118611 __DUMMY__ 0.06633396548795331	false	0.0
strafbar	neg 1.0		off 0.486964858745898 neg 0.4465490278516597 __DUMMY__ 0.06648611340244229	false	0.5
erosion	neg 1.0		off 0.4901328001912514 neg 0.44387275231644807 __DUMMY__ 0.0659944474923007	false	0.5
eingehen	neg 1.0		off 0.485322489010378 neg 0.448473730494426 __DUMMY__ 0.06620378049519599	false	0.5
faul	off 1.0		off 0.4935483347577453 neg 0.440923390342757 __DUMMY__ 0.06552827489949765	false	1.0
provisorium	neg 1.0		off 0.4816044795935522 neg 0.4508428945077178 __DUMMY__ 0.06755262589872986	false	0.5
schmerzen	neg 1.0		off 0.487570844653238 neg 0.4465094291566321 __DUMMY__ 0.06591972619012983	false	0.5
schrumpfen	neg 1.0		off 0.48018579140435624 neg 0.4533164999586178 __DUMMY__ 0.06649770863702588	false	0.5
geistlos	off 1.0		off 0.49079696303907777 neg 0.4437992637965894 __DUMMY__ 0.06540377316433266	false	1.0
fehlkauf	neg 1.0		off 0.49107902188804514 neg 0.4433726975622762 __DUMMY__ 0.06554828054967865	false	0.5
frustrierend	neg 1.0		off 0.492501025584842 neg 0.4420084161817121 __DUMMY__ 0.06549055823344599	false	0.5
unzufrieden	neg 1.0		off 0.48759389695158334 neg 0.44618389105530915 __DUMMY__ 0.06622221199310754	false	0.5
verzweifeln	neg 1.0		off 0.48886126340931 neg 0.44502444919834544 __DUMMY__ 0.06611428739234454	false	0.5
verzweifelt	neg 1.0		off 0.49042671192235293 neg 0.44378240177510153 __DUMMY__ 0.06579088630254552	false	0.5
misstrauensantrag	neg 1.0		off 0.4909074404852857 neg 0.4434494574238895 __DUMMY__ 0.06564310209082473	false	0.5
abfallen	neg 1.0		off 0.48898578283146454 neg 0.4451804700878178 __DUMMY__ 0.06583374708071754	false	0.5
fucker	off 1.0		off 0.497463555531197 neg 0.4373696767537806 __DUMMY__ 0.06516676771502238	false	1.0
ungezogen	neg 1.0		off 0.5028168898209099 neg 0.4329585905786906 __DUMMY__ 0.06422451960039945	false	0.5
irrsinnig	neg 1.0	neg 1.0	neg 0.7072744299904334 off 0.2614324858660188 __DUMMY__ 0.03129308414354773	false	1.0
unfassbar	neg 1.0		off 0.49531311620512863 neg 0.43928324279441483 __DUMMY__ 0.06540364100045658	false	0.5
hart	neg 1.0		off 0.49064684642702194 neg 0.44477073569050507 __DUMMY__ 0.06458241788247295	false	0.5
widerlich	off 1.0		off 0.4951586100889551 neg 0.43960564507263167 __DUMMY__ 0.06523574483841332	false	1.0
fatal	neg 1.0	neg 1.0	neg 0.7077843638429051 off 0.26119630520894227 __DUMMY__ 0.031019330948152693	false	1.0
bruch	neg 1.0		off 0.4846235203731658 neg 0.44856528917967015 __DUMMY__ 0.06681119044716402	false	0.5
aushungern	neg 1.0		off 0.48759588339631227 neg 0.44644970712077187 __DUMMY__ 0.06595440948291582	false	0.5
anspannung	neg 1.0		off 0.4839416932552952 neg 0.44886741923531387 __DUMMY__ 0.06719088750939098	false	0.5
von			off 0.48513291601305925 neg 0.44831024639906725 __DUMMY__ 0.06655683758787344	false	0.0
kraftlos	neg 1.0		off 0.48691834198028217 neg 0.44685689724449623 __DUMMY__ 0.06622476077522163	false	0.5
vom			off 0.4835025070539636 neg 0.4487601811678416 __DUMMY__ 0.06773731177819467	false	0.0
grenzdebil	off 1.0		off 0.4945181399877671 neg 0.44028689986770925 __DUMMY__ 0.06519496014452371	false	1.0
vor			off 0.4842930393185106 neg 0.4489966422909242 __DUMMY__ 0.0667103183905652	false	0.0
unterwerfen	neg 1.0		off 0.48763511419943534 neg 0.44592136360902795 __DUMMY__ 0.06644352219153664	false	0.5
versenkung	neg 1.0		off 0.48701524960075 neg 0.44649162337452686 __DUMMY__ 0.06649312702472314	false	0.5
entziehen	neg 1.0		off 0.484444235417983 neg 0.4490077831757885 __DUMMY__ 0.06654798140622854	false	0.5
finanzkrise	neg 1.0		off 0.4837920911662398 neg 0.45109897870538257 __DUMMY__ 0.06510893012837757	false	0.5
schimpfend	neg 1.0		off 0.49148472075462973 neg 0.44245615181491715 __DUMMY__ 0.06605912743045311	false	0.5
profan	neg 1.0		off 0.49112256496271084 neg 0.44325469894270003 __DUMMY__ 0.06562273609458903	false	0.5
korruption	neg 1.0		off 0.48622391276337407 neg 0.4479046613491774 __DUMMY__ 0.0658714258874486	false	0.5
â			off 0.4867438542110207 neg 0.4470762226187166 __DUMMY__ 0.06617992317026276	false	0.0
schmutzig	neg 1.0		off 0.4950716262878356 neg 0.43968107856495514 __DUMMY__ 0.06524729514720923	false	0.5
sexy	neg 1.0		off 0.49343979793847403 neg 0.4409264221878404 __DUMMY__ 0.06563377987368561	false	0.5
abraten	neg 1.0		off 0.49153031194540475 neg 0.44266752052735064 __DUMMY__ 0.06580216752724466	false	0.5
schwarz	neg 1.0		off 0.4916699283732123 neg 0.4425904817486691 __DUMMY__ 0.06573958987811858	false	0.5
fotze	off 1.0	off 1.0	off 0.7303674162353037 neg 0.23813623847022738 __DUMMY__ 0.03149634529446896	false	1.0
verwirren	neg 1.0		off 0.49203442870743963 neg 0.4422560543779122 __DUMMY__ 0.06570951691464813	false	0.5
zahnlos	off 1.0		off 0.4884733004764575 neg 0.4453961093903952 __DUMMY__ 0.06613059013314727	false	1.0
verheeren	neg 1.0		off 0.5044170991881135 neg 0.4314010183993953 __DUMMY__ 0.0641818824124911	false	0.5
hippie	neg 1.0		off 0.4926605074354419 neg 0.44174906821131443 __DUMMY__ 0.06559042435324365	false	0.5
rammen	neg 1.0		off 0.48971730865428303 neg 0.44446238383505465 __DUMMY__ 0.06582030751066228	false	0.5
unlauter	neg 1.0		off 0.4903099241820186 neg 0.44414695732956777 __DUMMY__ 0.06554311848841363	false	0.5
unheilvoll	neg 1.0		off 0.48968264723760563 neg 0.44464595409727137 __DUMMY__ 0.06567139866512298	false	0.5
niedrig	neg 1.0		off 0.4851231156297522 neg 0.4489231311817557 __DUMMY__ 0.06595375318849196	false	0.5
explosion	neg 1.0		off 0.4928406915800534 neg 0.4415220522107585 __DUMMY__ 0.06563725620918816	false	0.5
weichei	off 1.0	off 1.0	off 0.7357826537909193 neg 0.2336352352055476 __DUMMY__ 0.03058211100353297	false	1.0
minusmensch	off 1.0		off 0.5026474853422832 neg 0.43338683829157226 __DUMMY__ 0.06396567636614467	false	1.0
farblos	neg 1.0		off 0.4902099158938217 neg 0.44405393858445763 __DUMMY__ 0.06573614552172072	false	0.5
unwissend	neg 1.0	neg 1.0	neg 0.7057052279011871 off 0.26323977253021574 __DUMMY__ 0.031054999568597256	false	1.0
traurig	neg 1.0		off 0.4973352558819996 neg 0.4375730085046976 __DUMMY__ 0.06509173561330268	false	0.5
senkung	neg 1.0		off 0.489009308124215 neg 0.44587530224638516 __DUMMY__ 0.06511538962939975	false	0.5
ungleich	neg 1.0	neg 1.0	neg 0.7089276088142649 off 0.25953230599283555 __DUMMY__ 0.03154008519289952	false	1.0
heikel	neg 1.0		off 0.4858679242961214 neg 0.44771781006933103 __DUMMY__ 0.06641426563454764	false	0.5
drosselung	neg 1.0		off 0.4920544048721536 neg 0.4432098094888908 __DUMMY__ 0.0647357856389555	false	0.5
falsch	neg 1.0		off 0.493786241504202 neg 0.4405838355288211 __DUMMY__ 0.06562992296697695	false	0.5
unzufriedenheit	neg 1.0		off 0.48393162122109273 neg 0.44989010661365514 __DUMMY__ 0.06617827216525216	false	0.5
kurz	neg 1.0		off 0.48882184513342664 neg 0.44481378138758254 __DUMMY__ 0.06636437347899096	false	0.5
unsinnig	neg 1.0		off 0.48742705759743205 neg 0.4467356886106928 __DUMMY__ 0.06583725379187527	false	0.5
penner	off 1.0	off 1.0	off 0.7371790969789513 neg 0.23224938202607381 __DUMMY__ 0.030571520994974847	false	1.0
seicht	neg 1.0		off 0.5002613637603204 neg 0.43572210451339594 __DUMMY__ 0.06401653172628374	false	0.5
dummheit	off 1.0	off 1.0	off 0.7321637437518459 neg 0.2366999766204111 __DUMMY__ 0.031136279627743027	false	1.0
unerfreulich	neg 1.0		off 0.4851707211268084 neg 0.44844642599527823 __DUMMY__ 0.06638285287791326	false	0.5
motherfucker	off 1.0	off 1.0	off 0.7349566022497829 neg 0.23410023320225182 __DUMMY__ 0.030943164547965415	false	1.0
pikiert	neg 1.0		off 0.49380218911826684 neg 0.44091534074322714 __DUMMY__ 0.06528247013850597	false	0.5
wrack	neg 1.0		off 0.49191696321175626 neg 0.44129263396134905 __DUMMY__ 0.0667904028268948	false	0.5
gangster	neg 1.0		off 0.4927969259904241 neg 0.4416445699918174 __DUMMY__ 0.06555850401775855	false	0.5
krank	neg 1.0		off 0.4959240155939791 neg 0.4386827931985079 __DUMMY__ 0.06539319120751315	false	0.5
reich	neg 1.0		off 0.4904771421300922 neg 0.4445089900189255 __DUMMY__ 0.06501386785098233	false	0.5
gnadenlos	neg 1.0		off 0.4909965584169741 neg 0.44304349250376507 __DUMMY__ 0.06595994907926096	false	0.5
niedergeschlagen	neg 1.0		off 0.4890146170672838 neg 0.44451191637771814 __DUMMY__ 0.06647346655499803	false	0.5
terrorisieren	off 1.0	off 1.0	off 0.7299586068434614 neg 0.2383635069315013 __DUMMY__ 0.03167788622503732	false	1.0
sinnlosigkeit	neg 1.0		off 0.4878464799220629 neg 0.44601006084554173 __DUMMY__ 0.06614345923239526	false	0.5
behindern	neg 1.0		off 0.48870116313706347 neg 0.44543070373934623 __DUMMY__ 0.06586813312359031	false	0.5
undemokratisch	neg 1.0		off 0.4907182386949167 neg 0.44372075516030557 __DUMMY__ 0.06556100614477767	false	0.5
wirtschaftskrise	neg 1.0		off 0.4845412079326393 neg 0.44976959210618095 __DUMMY__ 0.06568919996117992	false	0.5
neid	neg 1.0		off 0.49263180195847206 neg 0.44176407171076637 __DUMMY__ 0.06560412633076167	false	0.5
rutschen	neg 1.0		off 0.48259091224724426 neg 0.45034798450565505 __DUMMY__ 0.06706110324710081	false	0.5
rezession	neg 1.0		off 0.49297234296702547 neg 0.4427154137904407 __DUMMY__ 0.06431224324253386	false	0.5
fehlgeburt	neg 1.0		off 0.4912812252876372 neg 0.44261267855477926 __DUMMY__ 0.06610609615758366	false	0.5
charakterschwach	off 1.0		off 0.4941209798281194 neg 0.4406906513540271 __DUMMY__ 0.06518836881785342	false	1.0
isolation	neg 1.0		off 0.49421890681416397 neg 0.44006793373306885 __DUMMY__ 0.06571315945276728	false	0.5
ablenkung	neg 1.0		off 0.4899511421064589 neg 0.44394240686539616 __DUMMY__ 0.06610645102814497	false	0.5
pech	neg 1.0		off 0.49294977674050006 neg 0.4416240893435625 __DUMMY__ 0.06542613391593746	false	0.5
vermeidung	neg 1.0		off 0.49409867943855545 neg 0.4407951052419451 __DUMMY__ 0.06510621531949931	false	0.5
dominieren	neg 1.0		off 0.48842273955657023 neg 0.4454428353662288 __DUMMY__ 0.06613442507720085	false	0.5
schwindlig	neg 1.0		off 0.4906966339998819 neg 0.44366606367308425 __DUMMY__ 0.06563730232703395	false	0.5
lutscher	neg 1.0	neg 1.0	neg 0.7019679070558587 off 0.26777300513778357 __DUMMY__ 0.030259087806357696	false	1.0
pflicht	neg 1.0		off 0.485422328281559 neg 0.4479061867208963 __DUMMY__ 0.06667148499754466	false	0.5
faschist	off 1.0		off 0.4938483302526573 neg 0.4404719777528501 __DUMMY__ 0.0656796919944927	false	1.0
verschleudern	neg 1.0		off 0.48322501145000657 neg 0.450984426239294 __DUMMY__ 0.0657905623106995	false	0.5
wenn			off 0.49377693677204304 neg 0.44076566635500497 __DUMMY__ 0.06545739687295206	false	0.0
ehebruch	neg 1.0		off 0.48744976036753757 neg 0.44626589152663054 __DUMMY__ 0.06628434810583182	false	0.5
spott	off 1.0		off 0.4880561356360508 neg 0.44552283711014046 __DUMMY__ 0.06642102725380875	false	1.0
trostlosigkeit	neg 1.0		off 0.4825285959591728 neg 0.4512447520353865 __DUMMY__ 0.06622665200544069	false	0.5
lutschen	neg 1.0		off 0.4926736584351342 neg 0.4419315791365229 __DUMMY__ 0.06539476242834302	false	0.5
undiszipliniert	neg 1.0		off 0.49634793032697494 neg 0.4385543856733968 __DUMMY__ 0.06509768399962819	false	0.5
kopfschmerz	neg 1.0		off 0.48414203630548497 neg 0.45000054884876955 __DUMMY__ 0.0658574148457454	false	0.5
unvorhergesehen	neg 1.0		off 0.48627154435348247 neg 0.4470015137687511 __DUMMY__ 0.06672694187776665	false	0.5
desinteressiert	neg 1.0		off 0.49562185325566105 neg 0.43924044307371585 __DUMMY__ 0.0651377036706232	false	0.5
armselig	off 1.0		off 0.49826729582705537 neg 0.43670842428112394 __DUMMY__ 0.0650242798918207	false	1.0
desaster	neg 1.0		off 0.4834893118691676 neg 0.45001144270739346 __DUMMY__ 0.06649924542343903	false	0.5
tod	neg 1.0		off 0.4869964232713772 neg 0.44660205443471385 __DUMMY__ 0.0664015222939091	false	0.5
herzlos	neg 1.0		off 0.49755768633730496 neg 0.4374073903625028 __DUMMY__ 0.06503492330019227	false	0.5
unwissenheit	neg 1.0		off 0.48741757026636295 neg 0.44643409136632417 __DUMMY__ 0.06614833836731283	false	0.5
widersinnig	neg 1.0		off 0.4867136995631016 neg 0.44758781630999667 __DUMMY__ 0.06569848412690177	false	0.5
bedenklich	neg 1.0		off 0.48599114788979775 neg 0.44787728093736057 __DUMMY__ 0.0661315711728416	false	0.5
beanstanden	neg 1.0		off 0.48666614278239345 neg 0.4466247037119714 __DUMMY__ 0.06670915350563515	false	0.5
panisch	neg 1.0		off 0.4922358021868065 neg 0.441839062617076 __DUMMY__ 0.06592513519611765	false	0.5
debil	off 1.0		off 0.47968012553247563 neg 0.45324255235779903 __DUMMY__ 0.06707732210972525	false	1.0
abstrich	neg 1.0		off 0.4875359096879161 neg 0.4465316335158084 __DUMMY__ 0.06593245679627552	false	0.5
primitiv	neg 1.0		off 0.49617503209632025 neg 0.438629898071822 __DUMMY__ 0.06519506983185781	false	0.5
abschaum	off 1.0	off 1.0	off 0.7346126492972563 neg 0.23421582141619884 __DUMMY__ 0.031171529286544875	false	1.0
provozieren	neg 1.0		off 0.49045050096690623 neg 0.44368762871077655 __DUMMY__ 0.06586187032231737	false	0.5
tot	neg 1.0		off 0.48621332389780725 neg 0.44788595600213693 __DUMMY__ 0.0659007201000557	false	0.5
instabil	neg 1.0		off 0.49646129995657484 neg 0.43887784298144167 __DUMMY__ 0.06466085706198357	false	0.5
schwuchtel	off 1.0	off 1.0	off 0.7400056196951955 neg 0.2299205400814005 __DUMMY__ 0.03007384022340391	false	1.0
zerren	neg 1.0		off 0.48818685738585427 neg 0.44544021965817604 __DUMMY__ 0.06637292295596989	false	0.5
kinderficker	off 1.0		off 0.5002054854701278 neg 0.4350381693558719 __DUMMY__ 0.06475634517400042	false	1.0
gefahr	neg 1.0		off 0.4862868076641126 neg 0.4470262224242813 __DUMMY__ 0.06668696991160603	false	0.5
rabiat	neg 1.0		off 0.48871540061375746 neg 0.445275842863483 __DUMMY__ 0.06600875652275942	false	0.5
verlangsamung	neg 1.0		off 0.5000369335338716 neg 0.4356472572301871 __DUMMY__ 0.06431580923594139	false	0.5
ausgestorben	neg 1.0		off 0.4888659304017416 neg 0.44499310351818094 __DUMMY__ 0.06614096608007737	false	0.5
anklagen	neg 1.0		off 0.4889329310064732 neg 0.44486543734110573 __DUMMY__ 0.06620163165242103	false	0.5
trott	neg 1.0		off 0.48959932189728816 neg 0.44443462251092886 __DUMMY__ 0.06596605559178308	false	0.5
verminderung	neg 1.0		off 0.49452585341358085 neg 0.4403204811000625 __DUMMY__ 0.06515366548635654	false	0.5
nach			off 0.48254194773776476 neg 0.4501094177879593 __DUMMY__ 0.06734863447427585	false	0.0
rost	neg 1.0		off 0.5044455459910102 neg 0.4308622194350537 __DUMMY__ 0.06469223457393615	false	0.5
destruktiv	neg 1.0		off 0.4889580612513933 neg 0.4451592402444672 __DUMMY__ 0.0658826985041395	false	0.5
unzumutbarkeit	neg 1.0		off 0.494418078892478 neg 0.44041040943987025 __DUMMY__ 0.06517151166765185	false	0.5
labil	off 1.0	off 1.0	off 0.7333745077868278 neg 0.2355547098597194 __DUMMY__ 0.031070782353452828	false	1.0
ziemlich	neg 1.0		off 0.4951693118732855 neg 0.43937933911718646 __DUMMY__ 0.0654513490095281	false	0.5
lachnummer	off 1.0		off 0.4910000678034716 neg 0.4429341903234035 __DUMMY__ 0.06606574187312493	false	1.0
oder			off 0.4907912509674982 neg 0.4431650585082542 __DUMMY__ 0.06604369052424769	false	0.0
verfall	neg 1.0		off 0.48057105073271317 neg 0.45290636958291447 __DUMMY__ 0.06652257968437253	false	0.5
ausgrenzung	neg 1.0		off 0.4903188389386445 neg 0.4441655988060978 __DUMMY__ 0.06551556225525783	false	0.5
unordnung	neg 1.0		off 0.49777470086093434 neg 0.437471991434691 __DUMMY__ 0.0647533077043745	false	0.5
fehlverhalten	neg 1.0		off 0.4862692181425881 neg 0.4473419873489317 __DUMMY__ 0.06638879450848029	false	0.5
eine			off 0.4841172628431445 neg 0.4493360502780802 __DUMMY__ 0.06654668687877537	false	0.0
nille	neg 1.0		off 0.4899979877584237 neg 0.4440506987749876 __DUMMY__ 0.06595131346658853	false	0.5
qual	neg 1.0		off 0.489016278629194 neg 0.4450297298095577 __DUMMY__ 0.06595399156124827	false	0.5
verschwenden	neg 1.0		off 0.48443264080698617 neg 0.4494096176091433 __DUMMY__ 0.06615774158387064	false	0.5
riesig	neg 1.0		off 0.48690823923470566 neg 0.44668104673245534 __DUMMY__ 0.06641071403283894	false	0.5
verurteilen	neg 1.0		off 0.4884079214288078 neg 0.4453983820067952 __DUMMY__ 0.06619369656439701	false	0.5
klischee	neg 1.0	neg 1.0	neg 0.7062756770794388 off 0.2626377346768255 __DUMMY__ 0.0310865882437357	false	1.0
diktatorisch	neg 1.0		off 0.4906665243018164 neg 0.44380616060074507 __DUMMY__ 0.06552731509743845	false	0.5
vorhersehbar	neg 1.0		off 0.4912712731722551 neg 0.44326968479640716 __DUMMY__ 0.06545904203133758	false	0.5
sowie			off 0.4977645884729775 neg 0.4377136127955945 __DUMMY__ 0.06452179873142795	false	0.0
stornieren	neg 1.0		off 0.49577735595844985 neg 0.43798789104359126 __DUMMY__ 0.06623475299795888	false	0.5
besteuerung	neg 1.0	neg 1.0	neg 0.7094515138474595 off 0.25957038950944405 __DUMMY__ 0.030978096643096455	false	1.0
ungeschminkt	neg 1.0		off 0.49543436732254104 neg 0.43951880745753 __DUMMY__ 0.0650468252199289	false	0.5
kritisch	neg 1.0		off 0.48762065230594454 neg 0.4461847337892493 __DUMMY__ 0.06619461390480628	false	0.5
schlamperei	off 1.0		off 0.4864748407467794 neg 0.4472158694150423 __DUMMY__ 0.06630928983817837	false	1.0
sucht	neg 1.0	neg 1.0	neg 0.7063985714128849 off 0.2622384893925876 __DUMMY__ 0.031362939194527574	false	1.0
egoistisch	off 1.0	off 1.0	off 0.7368718504721335 neg 0.2323400093608503 __DUMMY__ 0.03078814016701611	false	1.0
ausbeuter	off 1.0		off 0.48440253814263257 neg 0.449455421955712 __DUMMY__ 0.06614203990165556	false	1.0
arschgeburt	off 1.0		off 0.5053885147725098 neg 0.4311752007915896 __DUMMY__ 0.06343628443590056	false	1.0
schubs	neg 1.0		off 0.4851739038410895 neg 0.4488733163983262 __DUMMY__ 0.06595277976058427	false	0.5
unsolide	neg 1.0		off 0.49243522428030095 neg 0.4418845871983744 __DUMMY__ 0.06568018852132461	false	0.5
beschwerde	neg 1.0		off 0.48850316210139094 neg 0.4452525834260031 __DUMMY__ 0.06624425447260594	false	0.5
stocken	neg 1.0		off 0.48658392523726524 neg 0.4472079368880333 __DUMMY__ 0.0662081378747016	false	0.5
isolieren	neg 1.0		off 0.4864921015534463 neg 0.4475677071943871 __DUMMY__ 0.06594019125216659	false	0.5
unheilbar	neg 1.0		off 0.49014643890294646 neg 0.44384280208717375 __DUMMY__ 0.06601075900987985	false	0.5
pisser	off 1.0	off 1.0	off 0.7352234110164375 neg 0.23391328176145398 __DUMMY__ 0.030863307222108446	false	1.0
löschen	neg 1.0		off 0.48975146970213906 neg 0.44440949692529746 __DUMMY__ 0.06583903337256361	false	0.5
durchfallen	neg 1.0		off 0.4877980862191753 neg 0.445939145552938 __DUMMY__ 0.0662627682278867	false	0.5
wichser	off 1.0	off 1.0	off 0.7385480428873258 neg 0.23107242395297725 __DUMMY__ 0.030379533159696943	false	1.0
terror	neg 1.0		off 0.492465213715731 neg 0.44193559097050417 __DUMMY__ 0.06559919531376472	false	0.5
krass	neg 1.0		off 0.4984805029691939 neg 0.4367623042211441 __DUMMY__ 0.06475719280966202	false	0.5
revolte	neg 1.0		off 0.49104426427690545 neg 0.4437221146954449 __DUMMY__ 0.06523362102764971	false	0.5
besorgt	neg 1.0		off 0.48951435729979415 neg 0.4440398773733771 __DUMMY__ 0.06644576532682876	false	0.5
nachlassen	neg 1.0		off 0.487533485884698 neg 0.44610507500407637 __DUMMY__ 0.06636143911122566	false	0.5
alt	neg 1.0		off 0.4831512727066452 neg 0.4511500342763898 __DUMMY__ 0.06569869301696506	false	0.5
hundesohn	off 1.0	off 1.0	off 0.7375469024038207 neg 0.23209295190731402 __DUMMY__ 0.030360145688865307	false	1.0
als			off 0.48736990563365923 neg 0.44653460317979127 __DUMMY__ 0.06609549118654946	false	0.0
abschreckung	neg 1.0		off 0.48529142779693263 neg 0.44828399968185706 __DUMMY__ 0.06642457252121038	false	0.5
unqualifiziert	neg 1.0		off 0.49401196208580334 neg 0.44042885838784246 __DUMMY__ 0.06555917952635432	false	0.5
abgewichst	off 1.0		off 0.48966303185644955 neg 0.44428466965331914 __DUMMY__ 0.06605229849023128	false	1.0
schwer	neg 1.0		off 0.489280338521805 neg 0.4446634078224497 __DUMMY__ 0.06605625365574523	false	0.5
bedeutungslosigkeit	neg 1.0		off 0.48566239596702493 neg 0.4479715174971407 __DUMMY__ 0.06636608653583419	false	0.5
kapitulation	neg 1.0		off 0.48584777635614423 neg 0.44818239561332607 __DUMMY__ 0.06596982803052988	false	0.5
unscharf	neg 1.0		off 0.4880939345417686 neg 0.44676695841760594 __DUMMY__ 0.06513910704062557	false	0.5
schwinden	neg 1.0		off 0.48373407691667913 neg 0.4502203103993468 __DUMMY__ 0.06604561268397413	false	0.5
versklavung	neg 1.0	neg 1.0	neg 0.7077211896632006 off 0.261139986514989 __DUMMY__ 0.031138823821810324	false	1.0
schlecht	neg 1.0		off 0.49583112530452367 neg 0.43864245559467807 __DUMMY__ 0.06552641910079832	false	0.5
verhasst	neg 1.0		off 0.4909919128319479 neg 0.4432310244772966 __DUMMY__ 0.0657770626907555	false	0.5
beschweren	neg 1.0		off 0.4923761513830918 neg 0.44168587190273795 __DUMMY__ 0.06593797671417026	false	0.5
scheiden	neg 1.0		off 0.48946969360392967 neg 0.4446285300148627 __DUMMY__ 0.06590177638120767	false	0.5
frustriert	neg 1.0		off 0.4887225748930325 neg 0.4451119372264924 __DUMMY__ 0.06616548788047515	false	0.5
schimmelig	neg 1.0		off 0.484467181831402 neg 0.44973278672756034 __DUMMY__ 0.06580003144103772	false	0.5
fisch	neg 1.0		off 0.4806741783919848 neg 0.4533715744554673 __DUMMY__ 0.06595424715254807	false	0.5
schmuggel	neg 1.0		off 0.4862700013567239 neg 0.4468992514153854 __DUMMY__ 0.06683074722789073	false	0.5
auffallen	neg 1.0		off 0.49205752240521583 neg 0.4421705640247589 __DUMMY__ 0.06577191357002542	false	0.5
konkurrenz	neg 1.0		off 0.48655311785321653 neg 0.4468234511101715 __DUMMY__ 0.06662343103661195	false	0.5
teufelskreis	neg 1.0	neg 1.0	neg 0.7088997954287266 off 0.2598360136197428 __DUMMY__ 0.03126419095153063	false	1.0
aufschreien	neg 1.0		off 0.4916850266811485 neg 0.44275779907799656 __DUMMY__ 0.06555717424085485	false	0.5
schuldner	neg 1.0		off 0.48261873794420934 neg 0.45147737507173746 __DUMMY__ 0.06590388698405318	false	0.5
missgeburt	off 1.0	off 1.0	off 0.7377544121730789 neg 0.23164441118624343 __DUMMY__ 0.030601176640677713	false	1.0
arbeitslos	neg 1.0		off 0.4873078498306229 neg 0.4464777703574427 __DUMMY__ 0.06621437981193438	false	0.5
befallen	neg 1.0		off 0.48583040410554285 neg 0.44859095398073223 __DUMMY__ 0.0655786419137249	false	0.5
miesepetrig	off 1.0	off 1.0	off 0.7335629032286115 neg 0.23534817110953407 __DUMMY__ 0.031088925661854536	false	1.0
alarmieren	neg 1.0		off 0.4947014025064329 neg 0.4397339076562375 __DUMMY__ 0.0655646898373297	false	0.5
ungeduscht	off 1.0		off 0.49248431772374124 neg 0.4422252156558525 __DUMMY__ 0.06529046662040627	false	1.0
knappheit	neg 1.0		off 0.4848560777255769 neg 0.4494267382330495 __DUMMY__ 0.06571718404137361	false	0.5
schlange	neg 1.0		off 0.4905751409083394 neg 0.4433947334311836 __DUMMY__ 0.06603012566047692	false	0.5
harsch	neg 1.0		off 0.4994207202089427 neg 0.43550517413083206 __DUMMY__ 0.06507410566022527	false	0.5
lang	neg 1.0		off 0.49072104980301806 neg 0.4434690876879436 __DUMMY__ 0.06580986250903839	false	0.5
ziellos	neg 1.0		off 0.4865066617163617 neg 0.44702470756444573 __DUMMY__ 0.06646863071919262	false	0.5
selbstverliebt	neg 1.0		off 0.5049784921346071 neg 0.43095306285221735 __DUMMY__ 0.0640684450131755	false	0.5
beseitigen	neg 1.0		off 0.4908223454158759 neg 0.44300388229773535 __DUMMY__ 0.06617377228638878	false	0.5
dumm	off 1.0		off 0.5003304197213855 neg 0.43510703014984553 __DUMMY__ 0.06456255012876898	false	1.0
arbeitsloser	neg 1.0		off 0.49127467467790725 neg 0.4419155927185497 __DUMMY__ 0.06680973260354317	false	0.5
blitzen	neg 1.0		off 0.4925852333143689 neg 0.44197666485427506 __DUMMY__ 0.06543810183135598	false	0.5
hilflos	neg 1.0		off 0.487313821843135 neg 0.4465033969119249 __DUMMY__ 0.06618278124494018	false	0.5
eklig	off 1.0		off 0.499378796867615 neg 0.43632931585529483 __DUMMY__ 0.06429188727709023	false	1.0
begriff			off 0.48949065900877636 neg 0.44447093696837114 __DUMMY__ 0.06603840402285234	false	0.0
hungersnot	neg 1.0		off 0.48617215537102443 neg 0.4479237399865828 __DUMMY__ 0.06590410464239291	false	0.5
ungesetzlich	neg 1.0		off 0.49105250870062217 neg 0.443357125866401 __DUMMY__ 0.0655903654329767	false	0.5
verschwendung	neg 1.0		off 0.48525385597101794 neg 0.44843776611921743 __DUMMY__ 0.06630837790976465	false	0.5
schmerzvoll	neg 1.0		off 0.4901183275786281 neg 0.4442064517237413 __DUMMY__ 0.06567522069763054	false	0.5
vorzeitig	neg 1.0		off 0.4952023306985698 neg 0.4392394365203534 __DUMMY__ 0.06555823278107689	false	0.5
unvollkommenheit	neg 1.0		off 0.487677328963597 neg 0.4463150133855736 __DUMMY__ 0.06600765765082947	false	0.5
intervenieren	neg 1.0		off 0.48427751985400275 neg 0.449741920343178 __DUMMY__ 0.06598055980281917	false	0.5
banause	off 1.0		off 0.49887509834215515 neg 0.4372947073163853 __DUMMY__ 0.06383019434145945	false	1.0
rebell	neg 1.0		off 0.47934140127683833 neg 0.45444788027674926 __DUMMY__ 0.06621071844641253	false	0.5
unlogisch	neg 1.0		off 0.49635183290659246 neg 0.4386727318823209 __DUMMY__ 0.06497543521108663	false	0.5
leiden	neg 1.0		off 0.4871079350127373 neg 0.4460285589176098 __DUMMY__ 0.06686350606965293	false	0.5
abschaffung	neg 1.0		off 0.4887289100087792 neg 0.44575416135606993 __DUMMY__ 0.06551692863515093	false	0.5
sturz	neg 1.0		off 0.49414892449748726 neg 0.43969354880536704 __DUMMY__ 0.0661575266971457	false	0.5
verkleinerung	neg 1.0		off 0.49009181129815094 neg 0.4449437474516561 __DUMMY__ 0.06496444125019298	false	0.5
schmarotzer	off 1.0		off 0.48823745418110176 neg 0.4456330986888158 __DUMMY__ 0.06612944713008238	false	1.0
bestrafung	neg 1.0	neg 1.0	neg 0.7068260642440806 off 0.26177435958309686 __DUMMY__ 0.03139957617282259	false	1.0
achtlos	neg 1.0		off 0.48931223450313377 neg 0.44444000962210584 __DUMMY__ 0.06624775587476035	false	0.5
ungeheuer	neg 1.0		off 0.48818306649262005 neg 0.4462064771209258 __DUMMY__ 0.06561045638645423	false	0.5
unaufrichtig	neg 1.0		off 0.493938830675969 neg 0.4405039677932634 __DUMMY__ 0.06555720153076762	false	0.5
groggy	neg 1.0		off 0.49324054799254435 neg 0.44103212856921226 __DUMMY__ 0.06572732343824338	false	0.5
