unsolidarisch	neg 1.0		off 0.5021921898647345 neg 0.45770857859260555 __DUMMY__ 0.04009923154265994	false	0.5
nachteilig	neg 1.0		off 0.5004806504376746 neg 0.458934124200441 __DUMMY__ 0.040585225361884324	false	0.5
skeptisch	neg 1.0		off 0.4988366683305812 neg 0.46056276168789506 __DUMMY__ 0.04060056998152371	false	0.5
schrecklich	neg 1.0		off 0.5107712412966652 neg 0.4494936424657085 __DUMMY__ 0.0397351162376263	false	0.5
schlapp	neg 1.0	neg 1.0	neg 0.7109679800082758 off 0.2700565239097865 __DUMMY__ 0.018975496081937673	false	1.0
abfall	neg 1.0		off 0.4974978377617055 neg 0.4615864518698483 __DUMMY__ 0.040915710368446274	false	0.5
widerspenstig	neg 1.0		off 0.5013112617517356 neg 0.4584584948646035 __DUMMY__ 0.04023024338366085	false	0.5
abrupt	neg 1.0		off 0.4968485325597004 neg 0.4626877140716445 __DUMMY__ 0.040463753368655105	false	0.5
unwirksam	neg 1.0		off 0.4987819801259713 neg 0.4613966455171346 __DUMMY__ 0.03982137435689395	false	0.5
angreifen	neg 1.0		off 0.49872492473666685 neg 0.4606025353404971 __DUMMY__ 0.04067253992283595	false	0.5
inkonsistent	neg 1.0		off 0.5034126731219135 neg 0.4566336838871803 __DUMMY__ 0.039953642990906174	false	0.5
abrutschen	neg 1.0		off 0.4965709355821318 neg 0.46255602780882316 __DUMMY__ 0.04087303660904501	false	0.5
unsicher	neg 1.0		off 0.5035303864707843 neg 0.4560732613719313 __DUMMY__ 0.040396352157284245	false	0.5
bauernkind	off 1.0	off 1.0	off 0.7403710206679 neg 0.24107168221644926 __DUMMY__ 0.018557297115650805	false	1.0
angreifer	neg 1.0		off 0.5091101334540236 neg 0.45053706331171883 __DUMMY__ 0.04035280323425753	false	0.5
trennen	neg 1.0		off 0.4990349876237002 neg 0.4602304568954141 __DUMMY__ 0.0407345554808856	false	0.5
schmutz	neg 1.0		off 0.5093222850285455 neg 0.45019508935448194 __DUMMY__ 0.04048262561697259	false	0.5
inkonsistenz	neg 1.0		off 0.5073174192147839 neg 0.4526759450224086 __DUMMY__ 0.040006635762807434	false	0.5
erschreckend	neg 1.0		off 0.5022397517159516 neg 0.4574004614432971 __DUMMY__ 0.04035978684075142	false	0.5
ertrinken	neg 1.0		off 0.4969900129982426 neg 0.46243884498825183 __DUMMY__ 0.04057114201350548	false	0.5
pickelface	off 1.0		off 0.5030233337667175 neg 0.45673477095937626 __DUMMY__ 0.04024189527390624	false	1.0
seiner			off 0.4997015815131928 neg 0.45958736175736997 __DUMMY__ 0.04071105672943728	false	0.0
lauch	neg 1.0	neg 1.0	neg 0.7167008983807981 off 0.2639196157814079 __DUMMY__ 0.019379485837794145	false	1.0
unwichtig	neg 1.0		off 0.5072434247631953 neg 0.45274847459300244 __DUMMY__ 0.040008100643802176	false	0.5
steuerhinterziehung	neg 1.0		off 0.5014813984780419 neg 0.45825796330703916 __DUMMY__ 0.04026063821491897	false	0.5
schock	neg 1.0		off 0.5017017874893637 neg 0.4578582830159188 __DUMMY__ 0.04043992949471739	false	0.5
beule	neg 1.0		off 0.5080504401093028 neg 0.45221034458867293 __DUMMY__ 0.039739215302024254	false	0.5
vergelten	neg 1.0		off 0.51196062039913 neg 0.4483284129737333 __DUMMY__ 0.03971096662713669	false	0.5
verdorbenheit	neg 1.0		off 0.5040085233822401 neg 0.45575361353749655 __DUMMY__ 0.04023786308026322	false	0.5
trauma	neg 1.0		off 0.5034921045673517 neg 0.45634841457015035 __DUMMY__ 0.040159480862498015	false	0.5
sinnlos	neg 1.0		off 0.5047118728096515 neg 0.4550904231021171 __DUMMY__ 0.040197704088231485	false	0.5
fettsack	off 1.0	off 1.0	off 0.7416532620610906 neg 0.23976423840664043 __DUMMY__ 0.018582499532269054	false	1.0
feige	off 1.0	off 1.0	off 0.7402019613220958 neg 0.2408640637223313 __DUMMY__ 0.0189339749555729	false	1.0
abdanken	neg 1.0		off 0.504033649698848 neg 0.45550383553817814 __DUMMY__ 0.040462514762973655	false	0.5
wichtigtuer	off 1.0	off 1.0	off 0.7394063821019489 neg 0.24148363559075797 __DUMMY__ 0.019109982307293178	false	1.0
misslingen	neg 1.0		off 0.5061602285314356 neg 0.4534341464116794 __DUMMY__ 0.04040562505688496	false	0.5
untreu	off 1.0		off 0.5081769366340044 neg 0.45190337363811456 __DUMMY__ 0.03991968972788097	false	1.0
missmutig	neg 1.0		off 0.5056878861136703 neg 0.45427269820868854 __DUMMY__ 0.04003941567764105	false	0.5
hurenbock	off 1.0		off 0.4987062613148342 neg 0.46144554802390525 __DUMMY__ 0.0398481906612606	false	1.0
betrunken	neg 1.0		off 0.509564513801799 neg 0.4506618851031937 __DUMMY__ 0.039773601095007334	false	0.5
korrupt	off 1.0		off 0.50054096487944 neg 0.4592178390315674 __DUMMY__ 0.04024119608899252	false	1.0
unmut	neg 1.0		off 0.49755615115777696 neg 0.4617090530538154 __DUMMY__ 0.040734795788407635	false	0.5
hackfresse	off 1.0		off 0.5143534887055542 neg 0.4462306132076346 __DUMMY__ 0.03941589808681128	false	1.0
aufblasen	neg 1.0		off 0.5031020834547277 neg 0.45662162321088806 __DUMMY__ 0.04027629333438418	false	0.5
gewaltsam	neg 1.0		off 0.5042210969172188 neg 0.45530731995946006 __DUMMY__ 0.0404715831233211	false	0.5
unbeliebtheit	neg 1.0		off 0.5083926321277848 neg 0.45168401543757164 __DUMMY__ 0.0399233524346436	false	0.5
sturheit	neg 1.0		off 0.5035508105860447 neg 0.4559566038530687 __DUMMY__ 0.04049258556088666	false	0.5
kuh	neg 1.0		off 0.49828330881247124 neg 0.46231451804857293 __DUMMY__ 0.039402173138955915	false	0.5
erschrecken	neg 1.0		off 0.5064552048467124 neg 0.4534784293444039 __DUMMY__ 0.04006636580888363	false	0.5
opfer	neg 1.0		off 0.5026954887933811 neg 0.45653967322317374 __DUMMY__ 0.040764837983445205	false	0.5
sinken	neg 1.0		off 0.49618562012124673 neg 0.4632867068612569 __DUMMY__ 0.04052767301749624	false	0.5
stinktier	neg 1.0		off 0.5079030980980312 neg 0.45296741468388346 __DUMMY__ 0.039129487218085346	false	0.5
tucke	off 1.0		off 0.51234681406461 neg 0.44873250809992254 __DUMMY__ 0.038920677835467536	false	1.0
ein			off 0.500055628588428 neg 0.4597851699994256 __DUMMY__ 0.040159201412146475	false	0.0
abstieg	neg 1.0		off 0.5042350087285313 neg 0.4550290184774649 __DUMMY__ 0.04073597279400374	false	0.5
missverstehen	neg 1.0		off 0.5056291622243919 neg 0.4542197269741761 __DUMMY__ 0.04015111080143186	false	0.5
ergebnislos	neg 1.0		off 0.5017063437552481 neg 0.45757911660299083 __DUMMY__ 0.04071453964176101	false	0.5
unter			off 0.49453827522651483 neg 0.4642315367890707 __DUMMY__ 0.04123018798441445	false	0.0
manipulieren	neg 1.0		off 0.49993326516024367 neg 0.45941584974996597 __DUMMY__ 0.04065088508979044	false	0.5
unbewiesen	neg 1.0	neg 1.0	neg 0.7126245738478529 off 0.26824171834176325 __DUMMY__ 0.019133707810383906	false	1.0
verschleppen	neg 1.0		off 0.5006496649537489 neg 0.4588821826964666 __DUMMY__ 0.04046815234978458	false	0.5
weib	off 1.0		off 0.5142049367853382 neg 0.44669958381144226 __DUMMY__ 0.03909547940321956	false	1.0
opposition	neg 1.0		off 0.5031737489006016 neg 0.45675006440736937 __DUMMY__ 0.04007618669202904	false	0.5
verkehrswidrig	neg 1.0		off 0.5137668087215556 neg 0.44644105183707017 __DUMMY__ 0.03979213944137424	false	0.5
inkorrekt	neg 1.0		off 0.5102461376715421 neg 0.4500446149870646 __DUMMY__ 0.03970924734139338	false	0.5
vermeiden	neg 1.0		off 0.49618336329441465 neg 0.462912015613313 __DUMMY__ 0.04090462109227224	false	0.5
abweichung	neg 1.0	neg 1.0	neg 0.7132461447814014 off 0.26743082940058 __DUMMY__ 0.01932302581801865	false	1.0
alkoholisiert	neg 1.0		off 0.5024284241439189 neg 0.45663197609574274 __DUMMY__ 0.04093959976033835	false	0.5
scheiss	off 1.0	off 1.0	off 0.74035218120118 neg 0.240817931837235 __DUMMY__ 0.018829886961585083	false	1.0
herausforderung	neg 1.0		off 0.5008495213745857 neg 0.4586763892723326 __DUMMY__ 0.040474089353081506	false	0.5
pervers	off 1.0		off 0.5171737985935692 neg 0.44378728529318534 __DUMMY__ 0.03903891611324561	false	1.0
wackelig	neg 1.0		off 0.5014662542399227 neg 0.4579901533347879 __DUMMY__ 0.04054359242528931	false	0.5
verwickeln	neg 1.0		off 0.5050772240355325 neg 0.45469638738138163 __DUMMY__ 0.04022638858308594	false	0.5
vorwand	neg 1.0		off 0.4981704971676977 neg 0.46115455430009733 __DUMMY__ 0.04067494853220507	false	0.5
muschi	off 1.0		off 0.5030252306208198 neg 0.456582010822379 __DUMMY__ 0.04039275855680106	false	1.0
entmutigung	neg 1.0		off 0.5025485831026639 neg 0.4575491804347316 __DUMMY__ 0.03990223646260454	false	0.5
unangemessen	neg 1.0		off 0.5026113185419797 neg 0.45694198526862795 __DUMMY__ 0.0404466961893924	false	0.5
unstetig	neg 1.0		off 0.5057096389725977 neg 0.45431410177387543 __DUMMY__ 0.03997625925352695	false	0.5
entmutigen	neg 1.0		off 0.5038560264632336 neg 0.45588479380037933 __DUMMY__ 0.04025917973638717	false	0.5
schwanz	neg 1.0		off 0.5002013078833093 neg 0.4593817584428591 __DUMMY__ 0.04041693367383155	false	0.5
verbot	neg 1.0		off 0.5007197494319002 neg 0.45897134885110735 __DUMMY__ 0.04030890171699246	false	0.5
leid	neg 1.0		off 0.5118194504614865 neg 0.4485884561623421 __DUMMY__ 0.03959209337617148	false	0.5
archaisch	neg 1.0		off 0.500773377487995 neg 0.4589080976353098 __DUMMY__ 0.04031852487669517	false	0.5
gegen			off 0.4996605600643924 neg 0.4594739756876832 __DUMMY__ 0.0408654642479245	false	0.0
scheidung	neg 1.0		off 0.5236833171667858 neg 0.43713066262447164 __DUMMY__ 0.03918602020874239	false	0.5
einschlag	neg 1.0		off 0.5136426635642994 neg 0.44640293913476314 __DUMMY__ 0.03995439730093747	false	0.5
m			off 0.5013954873898653 neg 0.4581341444919305 __DUMMY__ 0.0404703681182041	false	0.0
abgestanden	neg 1.0		off 0.4972858741078084 neg 0.46296890807267665 __DUMMY__ 0.03974521781951497	false	0.5
schmierig	off 1.0		off 0.5111561298890951 neg 0.4492630527788146 __DUMMY__ 0.03958081733209021	false	1.0
unpraktisch	neg 1.0		off 0.5046564464716602 neg 0.4550771918408813 __DUMMY__ 0.040266361687458445	false	0.5
wixxer	off 1.0		off 0.5159599973770669 neg 0.4451643581747756 __DUMMY__ 0.03887564444815755	false	1.0
bezeichnet			off 0.5041542981585249 neg 0.45546427935887546 __DUMMY__ 0.04038142248259963	false	0.0
jammerlappen	off 1.0		off 0.507486453730144 neg 0.4525187410693016 __DUMMY__ 0.039994805200554345	false	1.0
farce	neg 1.0		off 0.5014666564966763 neg 0.45838334420308413 __DUMMY__ 0.04014999930023947	false	0.5
zwecklos	neg 1.0		off 0.5008629566916316 neg 0.45871389413658403 __DUMMY__ 0.04042314917178428	false	0.5
turbulent	neg 1.0		off 0.5079993959541698 neg 0.45228463142343084 __DUMMY__ 0.03971597262239943	false	0.5
invasion	neg 1.0		off 0.5049702259949609 neg 0.45491266410369 __DUMMY__ 0.04011710990134897	false	0.5
schuld	neg 1.0		off 0.5043842045438695 neg 0.4553475867042623 __DUMMY__ 0.04026820875186823	false	0.5
risiko	neg 1.0		off 0.5021762730250762 neg 0.457894754041636 __DUMMY__ 0.03992897293328788	false	0.5
finster	neg 1.0		off 0.5004002810774929 neg 0.4594975547069457 __DUMMY__ 0.04010216421556126	false	0.5
geisteskrank	off 1.0		off 0.509555089680466 neg 0.45062106534935015 __DUMMY__ 0.039823844970183875	false	1.0
zusammenbrechen	neg 1.0		off 0.5007150248839336 neg 0.45889811953879217 __DUMMY__ 0.040386855577274186	false	0.5
ausbeute	neg 1.0		off 0.5046074996901064 neg 0.45477794465118215 __DUMMY__ 0.040614555658711506	false	0.5
hinterhalt	neg 1.0		off 0.5009075273038014 neg 0.45878653778420875 __DUMMY__ 0.04030593491198995	false	0.5
kritik	neg 1.0		off 0.5012929020453785 neg 0.45853433581413244 __DUMMY__ 0.040172762140489024	false	0.5
einschrumpfen	neg 1.0		off 0.5055653817211591 neg 0.45465649932552904 __DUMMY__ 0.03977811895331188	false	0.5
riskant	neg 1.0		off 0.498361182069519 neg 0.46111115480394865 __DUMMY__ 0.04052766312653236	false	0.5
frustrieren	neg 1.0		off 0.4989504634875719 neg 0.4605969451341591 __DUMMY__ 0.04045259137826895	false	0.5
groll	neg 1.0		off 0.5025218404758293 neg 0.4569337169950014 __DUMMY__ 0.04054444252916936	false	0.5
gibt			off 0.5009262163309767 neg 0.45860376958253246 __DUMMY__ 0.040470014086490806	false	0.0
qualvoll	neg 1.0		off 0.5048062803225312 neg 0.45501912672680533 __DUMMY__ 0.04017459295066344	false	0.5
wackeln	neg 1.0		off 0.5028581529784142 neg 0.456804216782436 __DUMMY__ 0.040337630239149734	false	0.5
klagen	neg 1.0		off 0.49770627922468547 neg 0.4616944006989772 __DUMMY__ 0.04059932007633723	false	0.5
bankrott	neg 1.0		off 0.5076090044953724 neg 0.45231118515130686 __DUMMY__ 0.04007981035332088	false	0.5
trauern	neg 1.0		off 0.5028620036138155 neg 0.45621538957221464 __DUMMY__ 0.0409226068139699	false	0.5
ablehnung	neg 1.0		off 0.5006654986587801 neg 0.45912791065910497 __DUMMY__ 0.04020659068211481	false	0.5
stur	neg 1.0		off 0.5038714164570509 neg 0.45591079461086464 __DUMMY__ 0.04021778893208449	false	0.5
aufruhr	neg 1.0	neg 1.0	neg 0.7126130756024177 off 0.2681835538316589 __DUMMY__ 0.019203370565923337	false	1.0
melancholie	neg 1.0		off 0.4967268416289348 neg 0.46287232556799646 __DUMMY__ 0.040400832803068644	false	0.5
ist			off 0.5042975220194936 neg 0.4555071562683485 __DUMMY__ 0.040195321712157804	false	0.0
torheit	neg 1.0		off 0.5039627736945641 neg 0.4558243760401364 __DUMMY__ 0.04021285026529943	false	0.5
dreckskind	off 1.0		off 0.5141649157157149 neg 0.44659891240470795 __DUMMY__ 0.039236171879577085	false	1.0
umtauschen	neg 1.0		off 0.5022165869605929 neg 0.4574623193359842 __DUMMY__ 0.04032109370342284	false	0.5
zum			off 0.5001028015950816 neg 0.4586451202703876 __DUMMY__ 0.04125207813453068	false	0.0
zersetzen	neg 1.0		off 0.4977953690280918 neg 0.46171588096975175 __DUMMY__ 0.04048875000215651	false	0.5
zur			off 0.49669280255474907 neg 0.4623728676424357 __DUMMY__ 0.04093432980281518	false	0.0
frust	neg 1.0		off 0.5009996876647871 neg 0.45855280581397817 __DUMMY__ 0.04044750652123483	false	0.5
unerbittlichkeit	neg 1.0		off 0.5002238110045013 neg 0.4591748597830737 __DUMMY__ 0.04060132921242483	false	0.5
zwei			off 0.4968341098666058 neg 0.4621581724937594 __DUMMY__ 0.04100771763963491	false	0.0
unkorrekt	neg 1.0		off 0.5093516854429669 neg 0.45086246040965705 __DUMMY__ 0.03978585414737612	false	0.5
hexe	off 1.0		off 0.5039012450637572 neg 0.45640871292411034 __DUMMY__ 0.03969004201213262	false	1.0
lasch	neg 1.0		off 0.5072719235223484 neg 0.4526349047677615 __DUMMY__ 0.04009317170989017	false	0.5
rivale	neg 1.0		off 0.5107575439606805 neg 0.44951829774260754 __DUMMY__ 0.039724158296711914	false	0.5
mutlos	off 1.0	off 1.0	off 0.7363416105370845 neg 0.24441069794711884 __DUMMY__ 0.019247691515796698	false	1.0
wirr	off 1.0		off 0.5103149250878749 neg 0.4500860626828788 __DUMMY__ 0.039599012229246305	false	1.0
jahr			off 0.5031921775028078 neg 0.4558196462840769 __DUMMY__ 0.04098817621311531	false	0.0
wird			off 0.5008711904363828 neg 0.4585889384972288 __DUMMY__ 0.0405398710663884	false	0.0
strafbar	neg 1.0		off 0.5004691477587908 neg 0.4588978158816775 __DUMMY__ 0.04063303635953168	false	0.5
erosion	neg 1.0		off 0.5035519495393271 neg 0.4561164597006705 __DUMMY__ 0.040331590760002346	false	0.5
eingehen	neg 1.0		off 0.4987650150213436 neg 0.46077487942453865 __DUMMY__ 0.04046010555411767	false	0.5
faul	off 1.0		off 0.5068854894113111 neg 0.4530690316634344 __DUMMY__ 0.04004547892525454	false	1.0
provisorium	neg 1.0		off 0.4953104155317796 neg 0.4634029118206467 __DUMMY__ 0.04128667264757371	false	0.5
schmerzen	neg 1.0		off 0.5009688825132904 neg 0.4587457563642218 __DUMMY__ 0.040285361122487796	false	0.5
schrumpfen	neg 1.0		off 0.4936697182162436 neg 0.4656902147135391 __DUMMY__ 0.04064006707021731	false	0.5
geistlos	off 1.0		off 0.5040945255539953 neg 0.45593606527951663 __DUMMY__ 0.03996940916648818	false	1.0
fehlkauf	neg 1.0		off 0.5044092165048747 neg 0.4555327372747417 __DUMMY__ 0.04005804622038354	false	0.5
frustrierend	neg 1.0		off 0.5058241010772009 neg 0.45415324048359623 __DUMMY__ 0.04002265843920288	false	0.5
unzufrieden	neg 1.0		off 0.5010473507438183 neg 0.4584812404075782 __DUMMY__ 0.040471408848603396	false	0.5
verzweifeln	neg 1.0		off 0.50229782203043 neg 0.4572969781794443 __DUMMY__ 0.04040519979012561	false	0.5
verzweifelt	neg 1.0		off 0.5038034686173708 neg 0.45598959300645986 __DUMMY__ 0.04020693837616941	false	0.5
misstrauensantrag	neg 1.0		off 0.5042578028292259 neg 0.45562629230379387 __DUMMY__ 0.040115904866980204	false	0.5
abfallen	neg 1.0		off 0.5023697767746512 neg 0.4573973610410978 __DUMMY__ 0.04023286218425099	false	0.5
fucker	off 1.0		off 0.5107362738712915 neg 0.44943946042358 __DUMMY__ 0.03982426570512845	false	1.0
ungezogen	neg 1.0		off 0.5159191922936261 neg 0.44483470785132934 __DUMMY__ 0.0392460998550447	false	0.5
irrsinnig	neg 1.0	neg 1.0	neg 0.7130929933777488 off 0.2678016873157544 __DUMMY__ 0.019105319306496765	false	1.0
unfassbar	neg 1.0		off 0.5086282566627346 neg 0.4514024070363729 __DUMMY__ 0.03996933630089236	false	0.5
hart	neg 1.0		off 0.5037821160165833 neg 0.45675255511826257 __DUMMY__ 0.03946532886515415	false	0.5
widerlich	off 1.0		off 0.50843916030015 neg 0.45169440652268883 __DUMMY__ 0.03986643317716124	false	1.0
fatal	neg 1.0	neg 1.0	neg 0.7135514616788579 off 0.26751057449410615 __DUMMY__ 0.018937963827036053	false	1.0
bruch	neg 1.0		off 0.4981853424934457 neg 0.46098259464150804 __DUMMY__ 0.04083206286504627	false	0.5
aushungern	neg 1.0		off 0.5009923396403663 neg 0.45870069941806046 __DUMMY__ 0.040306960941573336	false	0.5
anspannung	neg 1.0		off 0.4975795263596343 neg 0.46135567886934165 __DUMMY__ 0.04106479477102399	false	0.5
von			off 0.49864835813469005 neg 0.4606758401656882 __DUMMY__ 0.0406758016996217	false	0.0
kraftlos	neg 1.0		off 0.5003719766239954 neg 0.4591553178803321 __DUMMY__ 0.04047270549567251	false	0.5
vom			off 0.49725280728217824 neg 0.46134750368125355 __DUMMY__ 0.04139968903656802	false	0.0
grenzdebil	off 1.0		off 0.5077888514363632 neg 0.45236975980219 __DUMMY__ 0.03984138876144669	false	1.0
vor			off 0.4978358102888616 neg 0.46139358086861315 __DUMMY__ 0.04077060884252523	false	0.0
unterwerfen	neg 1.0		off 0.5011329768098467 neg 0.45826012834930635 __DUMMY__ 0.04060689484084687	false	0.5
versenkung	neg 1.0		off 0.500521067400253 neg 0.4588414922621621 __DUMMY__ 0.040637440337584915	false	0.5
entziehen	neg 1.0		off 0.49795294900047354 neg 0.46137593754742984 __DUMMY__ 0.040671113452096654	false	0.5
finanzkrise	neg 1.0		off 0.49700839489943477 neg 0.463203078878954 __DUMMY__ 0.03978852622161125	false	0.5
schimpfend	neg 1.0		off 0.5049227760307923 neg 0.45470661987173117 __DUMMY__ 0.04037060409747657	false	0.5
profan	neg 1.0		off 0.5044685067008929 neg 0.4554278542250128 __DUMMY__ 0.04010363907409423	false	0.5
korruption	neg 1.0		off 0.49960070704791054 neg 0.46014317986140474 __DUMMY__ 0.040256113090684754	false	0.5
â			off 0.5001891653883909 neg 0.459365427028799 __DUMMY__ 0.040445407582810226	false	0.0
schmutzig	neg 1.0		off 0.5083543806944125 neg 0.45177221474549056 __DUMMY__ 0.039873404560096984	false	0.5
sexy	neg 1.0		off 0.5067955153615993 neg 0.45309391201886806 __DUMMY__ 0.040110572619532665	false	0.5
abraten	neg 1.0		off 0.5049146114275458 neg 0.4548717988126357 __DUMMY__ 0.0402135897598187	false	0.5
schwarz	neg 1.0		off 0.5050408222298468 neg 0.45478371789953853 __DUMMY__ 0.04017545987061474	false	0.5
fotze	off 1.0	off 1.0	off 0.7367777199585386 neg 0.24399282069590997 __DUMMY__ 0.019229459345551512	false	1.0
verwirren	neg 1.0		off 0.5054003165379644 neg 0.4544427295362999 __DUMMY__ 0.0401569539257357	false	0.5
zahnlos	off 1.0		off 0.501910529991549 neg 0.4576742204195079 __DUMMY__ 0.04041524958894319	false	1.0
verheeren	neg 1.0		off 0.517512275000522 neg 0.4432679198773515 __DUMMY__ 0.03921980512212661	false	0.5
hippie	neg 1.0		off 0.5060043213364859 neg 0.4539116300374129 __DUMMY__ 0.04008404862610122	false	0.5
rammen	neg 1.0		off 0.5031013418110929 neg 0.456674645412351 __DUMMY__ 0.04022401277655633	false	0.5
unlauter	neg 1.0		off 0.5036350515693757 neg 0.45631040885035123 __DUMMY__ 0.040054539580273135	false	0.5
unheilvoll	neg 1.0		off 0.5030358315555619 neg 0.45683108569911085 __DUMMY__ 0.040133082745327266	false	0.5
niedrig	neg 1.0		off 0.4985153552874911 neg 0.461178620806865 __DUMMY__ 0.04030602390564402	false	0.5
explosion	neg 1.0		off 0.5061952028576893 neg 0.4536922173238127 __DUMMY__ 0.04011257981849797	false	0.5
weichei	off 1.0	off 1.0	off 0.7420117433443356 neg 0.2393177259845441 __DUMMY__ 0.018670530671120206	false	1.0
minusmensch	off 1.0		off 0.5156921151131172 neg 0.4452203917805212 __DUMMY__ 0.03908749310636175	false	1.0
farblos	neg 1.0		off 0.5035782276876275 neg 0.45624945520021004 __DUMMY__ 0.040172317112162396	false	0.5
unwissend	neg 1.0	neg 1.0	neg 0.7114777368544645 off 0.2695625394088182 __DUMMY__ 0.018959723736717407	false	1.0
traurig	neg 1.0		off 0.5105942727035859 neg 0.44962768990887164 __DUMMY__ 0.03977803738754236	false	0.5
senkung	neg 1.0		off 0.5022458540560619 neg 0.4579618303156412 __DUMMY__ 0.039792315628296764	false	0.5
ungleich	neg 1.0	neg 1.0	neg 0.7147941505686902 off 0.26594953950544215 __DUMMY__ 0.01925630992586777	false	1.0
heikel	neg 1.0		off 0.49935511535937227 neg 0.4600557949893485 __DUMMY__ 0.040589089651279366	false	0.5
drosselung	neg 1.0		off 0.505225537540895 neg 0.455214989582918 __DUMMY__ 0.039559472876187045	false	0.5
falsch	neg 1.0		off 0.5071425177598415 neg 0.45274939445442686 __DUMMY__ 0.040108087785731446	false	0.5
unzufriedenheit	neg 1.0		off 0.49736324483751293 neg 0.4621922931192842 __DUMMY__ 0.04044446204320283	false	0.5
kurz	neg 1.0		off 0.5023115386143702 neg 0.45713018227729035 __DUMMY__ 0.04055827910833939	false	0.5
unsinnig	neg 1.0		off 0.5008023246857006 neg 0.45896230324279697 __DUMMY__ 0.04023537207150253	false	0.5
penner	off 1.0	off 1.0	off 0.74340579660321 neg 0.2379301168352536 __DUMMY__ 0.018664086561536314	false	1.0
seicht	neg 1.0		off 0.5133112593346696 neg 0.4475699068668697 __DUMMY__ 0.0391188337984606	false	0.5
dummheit	off 1.0	off 1.0	off 0.7385015854466567 neg 0.24248895251143013 __DUMMY__ 0.019009462041913214	false	1.0
unerfreulich	neg 1.0		off 0.4986498673419138 neg 0.46078040039073953 __DUMMY__ 0.04056973226734648	false	0.5
motherfucker	off 1.0	off 1.0	off 0.7412562578980028 neg 0.23985236874120602 __DUMMY__ 0.018891373360791233	false	1.0
pikiert	neg 1.0		off 0.5070878610600962 neg 0.45301706513398343 __DUMMY__ 0.03989507380592034	false	0.5
wrack	neg 1.0		off 0.5055021118154557 neg 0.4536792723783184 __DUMMY__ 0.04081861580622597	false	0.5
gangster	neg 1.0		off 0.5061351953087228 neg 0.45380034787179646 __DUMMY__ 0.04006445681948079	false	0.5
krank	neg 1.0		off 0.5092408689586025 neg 0.45079645311542466 __DUMMY__ 0.03996267792597282	false	0.5
reich	neg 1.0		off 0.5036988925027215 neg 0.45657164775505815 __DUMMY__ 0.03972945974222029	false	0.5
gnadenlos	neg 1.0		off 0.5044085213944209 neg 0.45528087992157196 __DUMMY__ 0.04031059868400721	false	0.5
niedergeschlagen	neg 1.0		off 0.5025263641684627 neg 0.4568485274909449 __DUMMY__ 0.04062510834059225	false	0.5
terrorisieren	off 1.0	off 1.0	off 0.7364038797242483 neg 0.24425553680462544 __DUMMY__ 0.01934058347112627	false	1.0
sinnlosigkeit	neg 1.0		off 0.5012848552568201 neg 0.4582920778116845 __DUMMY__ 0.040423066931495305	false	0.5
behindern	neg 1.0		off 0.5020897138646355 neg 0.4576560914872991 __DUMMY__ 0.04025419464806538	false	0.5
undemokratisch	neg 1.0		off 0.5040459033004685 neg 0.4558883208684919 __DUMMY__ 0.040065775831039395	false	0.5
wirtschaftskrise	neg 1.0		off 0.4978759931057082 neg 0.46197970528227345 __DUMMY__ 0.04014430161201838	false	0.5
neid	neg 1.0		off 0.5059803373051314 neg 0.4539276521605483 __DUMMY__ 0.04009201053432039	false	0.5
rutschen	neg 1.0		off 0.4962013804714786 neg 0.46281333148624987 __DUMMY__ 0.04098528804227156	false	0.5
rezession	neg 1.0		off 0.5060577792948829 neg 0.45464228035365817 __DUMMY__ 0.03929994035145892	false	0.5
fehlgeburt	neg 1.0		off 0.5047276279061969 neg 0.4548733660979388 __DUMMY__ 0.04039900599586437	false	0.5
charakterschwach	off 1.0		off 0.5073879459386973 neg 0.45277473403291674 __DUMMY__ 0.0398373200283859	false	1.0
isolation	neg 1.0		off 0.5075941686458031 neg 0.45224679473257245 __DUMMY__ 0.0401590366216245	false	0.5
ablenkung	neg 1.0		off 0.5033907987464841 neg 0.45620892978773575 __DUMMY__ 0.04040027146578014	false	0.5
pech	neg 1.0		off 0.506265197833539 neg 0.45375216289536496 __DUMMY__ 0.039982639271095986	false	0.5
vermeidung	neg 1.0		off 0.5073514157032892 neg 0.4528619050246979 __DUMMY__ 0.039786679272012716	false	0.5
dominieren	neg 1.0		off 0.5018614539445376 neg 0.45772157924766166 __DUMMY__ 0.040416966807800755	false	0.5
schwindlig	neg 1.0		off 0.504047833135309 neg 0.455839909619252 __DUMMY__ 0.040112257245438855	false	0.5
lutscher	neg 1.0	neg 1.0	neg 0.7075899512174787 off 0.27393702403009595 __DUMMY__ 0.018473024752425345	false	1.0
pflicht	neg 1.0		off 0.4989590110075679 neg 0.46029417720226645 __DUMMY__ 0.04074681179016552	false	0.5
faschist	off 1.0		off 0.5072109117282543 neg 0.45265063698920277 __DUMMY__ 0.04013845128254301	false	1.0
verschleudern	neg 1.0		off 0.4965764740804962 neg 0.4632171866380146 __DUMMY__ 0.04020633928148917	false	0.5
wenn			off 0.5070974913465527 neg 0.45290012716576744 __DUMMY__ 0.0400023814876799	false	0.0
ehebruch	neg 1.0		off 0.500914702493813 neg 0.4585760146567386 __DUMMY__ 0.04050928284944841	false	0.5
spott	off 1.0		off 0.50155042895724 neg 0.45785642734228793 __DUMMY__ 0.04059314370047205	false	1.0
trostlosigkeit	neg 1.0		off 0.495966295809888 neg 0.4635598423798696 __DUMMY__ 0.04047386181024257	false	0.5
lutschen	neg 1.0		off 0.5059783456665776 neg 0.45405805830412993 __DUMMY__ 0.03996359602929248	false	0.5
undiszipliniert	neg 1.0		off 0.5096058222213999 neg 0.4506126097828509 __DUMMY__ 0.039781567995749244	false	0.5
kopfschmerz	neg 1.0		off 0.49751614365591496 neg 0.46223684691318656 __DUMMY__ 0.040247009430898394	false	0.5
unvorhergesehen	neg 1.0		off 0.4998279100025211 neg 0.45939201515472944 __DUMMY__ 0.04078007484274959	false	0.5
desinteressiert	neg 1.0		off 0.5088846716580184 neg 0.45130904914013453 __DUMMY__ 0.039806279201847115	false	0.5
armselig	off 1.0		off 0.5115142669086845 neg 0.44874890982089616 __DUMMY__ 0.03973682327041937	false	1.0
desaster	neg 1.0		off 0.49698412070992687 neg 0.46237475056124433 __DUMMY__ 0.0406411287288288	false	0.5
tod	neg 1.0		off 0.5004874835698159 neg 0.45893219628301096 __DUMMY__ 0.040580320147173145	false	0.5
herzlos	neg 1.0		off 0.5108056150217406 neg 0.4494511287299681 __DUMMY__ 0.03974325624829129	false	0.5
unwissenheit	neg 1.0		off 0.5008553423655032 neg 0.45871865941039797 __DUMMY__ 0.04042599822409895	false	0.5
widersinnig	neg 1.0		off 0.5000567984306392 neg 0.4597930409359935 __DUMMY__ 0.04015016063336735	false	0.5
bedenklich	neg 1.0		off 0.4994214185633678 neg 0.4601627362469137 __DUMMY__ 0.04041584518971858	false	0.5
beanstanden	neg 1.0		off 0.5002146287907411 neg 0.4590155600765131 __DUMMY__ 0.04076981113274589	false	0.5
panisch	neg 1.0		off 0.5056481126793732 neg 0.4540630320061624 __DUMMY__ 0.04028885531446453	false	0.5
debil	off 1.0		off 0.49328495376235415 neg 0.46571992744053337 __DUMMY__ 0.04099511879711255	false	1.0
abstrich	neg 1.0		off 0.5009399392359744 neg 0.45876784194752096 __DUMMY__ 0.040292218816504785	false	0.5
primitiv	neg 1.0		off 0.5094501429875931 neg 0.45070834043860725 __DUMMY__ 0.03984151657379957	false	0.5
abschaum	off 1.0	off 1.0	off 0.740957990714609 neg 0.24001102370913058 __DUMMY__ 0.019030985576260415	false	1.0
provozieren	neg 1.0		off 0.5038410487429388 neg 0.45590847810944624 __DUMMY__ 0.040250473147615054	false	0.5
tot	neg 1.0		off 0.49960202282511107 neg 0.46012482267214294 __DUMMY__ 0.040273154502746045	false	0.5
instabil	neg 1.0		off 0.509628797483223 neg 0.45085783377285743 __DUMMY__ 0.03951336874391963	false	0.5
schwuchtel	off 1.0	off 1.0	off 0.7461320217920259 neg 0.23550814126477504 __DUMMY__ 0.01835983694319915	false	1.0
zerren	neg 1.0		off 0.5016741095854422 neg 0.45776218520339085 __DUMMY__ 0.04056370521116692	false	0.5
kinderficker	off 1.0		off 0.5134041206604075 neg 0.4470235688190849 __DUMMY__ 0.03957231052050743	false	1.0
gefahr	neg 1.0		off 0.49982855677432986 neg 0.4594154224502313 __DUMMY__ 0.04075602077543899	false	0.5
rabiat	neg 1.0		off 0.5021309968683868 neg 0.45752859710985194 __DUMMY__ 0.0403404060217614	false	0.5
verlangsamung	neg 1.0		off 0.5131440069562699 neg 0.44755411482890717 __DUMMY__ 0.03930187821482296	false	0.5
ausgestorben	neg 1.0		off 0.5023084740655358 neg 0.45727006443574547 __DUMMY__ 0.040421461498718635	false	0.5
anklagen	neg 1.0		off 0.5023858749631165 neg 0.45715576151140636 __DUMMY__ 0.040458363525477055	false	0.5
trott	neg 1.0		off 0.5030102829410603 neg 0.45667539099799975 __DUMMY__ 0.04031432606093986	false	0.5
verminderung	neg 1.0		off 0.5077902623479653 neg 0.4523939786708888 __DUMMY__ 0.03981575898114579	false	0.5
nach			off 0.4962104527079389 neg 0.4626278939656774 __DUMMY__ 0.04116165332638368	false	0.0
rost	neg 1.0		off 0.5176452285462132 neg 0.44282230572638637 __DUMMY__ 0.039532465727400455	false	0.5
destruktiv	neg 1.0		off 0.5023475655175529 neg 0.4573893054608564 __DUMMY__ 0.04026312902159086	false	0.5
unzumutbarkeit	neg 1.0		off 0.5076835319132927 neg 0.45248991978140246 __DUMMY__ 0.039826548305304695	false	0.5
labil	off 1.0	off 1.0	off 0.7396993216684246 neg 0.24133126533346344 __DUMMY__ 0.018969412998112046	false	1.0
ziemlich	neg 1.0		off 0.5084938109584447 neg 0.45150767495102356 __DUMMY__ 0.039998514090531706	false	0.5
lachnummer	off 1.0		off 0.5044320223798655 neg 0.4551925347957337 __DUMMY__ 0.040375442824400844	false	1.0
oder			off 0.504221952860819 neg 0.4554163602311113 __DUMMY__ 0.040361686908069766	false	0.0
verfall	neg 1.0		off 0.4940623866715492 neg 0.46528214412066304 __DUMMY__ 0.040655469207787745	false	0.5
ausgrenzung	neg 1.0		off 0.503636411429819 neg 0.4563256980167507 __DUMMY__ 0.04003789055343039	false	0.5
unordnung	neg 1.0		off 0.5109658740979423 neg 0.44946428752281603 __DUMMY__ 0.039569838379241565	false	0.5
fehlverhalten	neg 1.0		off 0.4997508151132339 neg 0.45967569868152325 __DUMMY__ 0.040573486205242947	false	0.5
eine			off 0.4976269136493557 neg 0.4617028485655591 __DUMMY__ 0.040670237785085266	false	0.0
nille	neg 1.0		off 0.5034049199367693 neg 0.4562899190812457 __DUMMY__ 0.040305160981985076	false	0.5
qual	neg 1.0		off 0.5024226420868483 neg 0.45727041152568604 __DUMMY__ 0.04030694638746554	false	0.5
verschwenden	neg 1.0		off 0.4978645880151201 neg 0.4617036679882975 __DUMMY__ 0.04043174399658247	false	0.5
riesig	neg 1.0		off 0.5004013785769524 neg 0.4590123411142781 __DUMMY__ 0.04058628030876953	false	0.5
verurteilen	neg 1.0		off 0.5018569596245346 neg 0.45768925444865327 __DUMMY__ 0.04045378592681207	false	0.5
klischee	neg 1.0	neg 1.0	neg 0.7120552189165142 off 0.2689656934169032 __DUMMY__ 0.018979087666582458	false	1.0
diktatorisch	neg 1.0		off 0.5039869217514221 neg 0.45596797491076574 __DUMMY__ 0.0400451033378121	false	0.5
vorhersehbar	neg 1.0		off 0.5045831439564279 neg 0.45541345333112504 __DUMMY__ 0.0400034027124472	false	0.5
sowie			off 0.5109096464111403 neg 0.449661820805694 __DUMMY__ 0.03942853278316573	false	0.0
stornieren	neg 1.0		off 0.5092611810462592 neg 0.45026062236473813 __DUMMY__ 0.040478196589002896	false	0.5
besteuerung	neg 1.0	neg 1.0	neg 0.7152113229666518 off 0.26587609047214555 __DUMMY__ 0.018912586561202652	false	1.0
ungeschminkt	neg 1.0		off 0.508681022063943 neg 0.4515688072717415 __DUMMY__ 0.0397501706643157	false	0.5
kritisch	neg 1.0		off 0.5010674150581125 neg 0.45847812485403777 __DUMMY__ 0.04045446008784977	false	0.5
schlamperei	off 1.0		off 0.4999407925378489 neg 0.4595347390493248 __DUMMY__ 0.040524468412826246	false	1.0
sucht	neg 1.0	neg 1.0	neg 0.7122287875411155 off 0.26862356192234915 __DUMMY__ 0.01914765053653525	false	1.0
egoistisch	off 1.0	off 1.0	off 0.7431421277702871 neg 0.23806135986417715 __DUMMY__ 0.018796512365535683	false	1.0
ausbeuter	off 1.0		off 0.49782829933060696 neg 0.46174950963924716 __DUMMY__ 0.04042219103014574	false	1.0
arschgeburt	off 1.0		off 0.5183353102117731 neg 0.44290168984436706 __DUMMY__ 0.03876299994385969	false	1.0
schubs	neg 1.0		off 0.49857156401740055 neg 0.46112294396633663 __DUMMY__ 0.04030549201626291	false	0.5
unsolide	neg 1.0		off 0.5057932778368127 neg 0.45406822031859406 __DUMMY__ 0.04013850184459317	false	0.5
beschwerde	neg 1.0		off 0.5019626817883089 neg 0.4575527912423303 __DUMMY__ 0.040484526969360723	false	0.5
stocken	neg 1.0		off 0.5000300038664575 neg 0.45950760875822244 __DUMMY__ 0.04046238737532005	false	0.5
isolieren	neg 1.0		off 0.49988340550494137 neg 0.459818567418496 __DUMMY__ 0.040298027076562576	false	0.5
unheilbar	neg 1.0		off 0.5035648902760924 neg 0.4560936577209529 __DUMMY__ 0.04034145200295473	false	0.5
pisser	off 1.0	off 1.0	off 0.7415079179958805 neg 0.23964969523152815 __DUMMY__ 0.01884238677259138	false	1.0
löschen	neg 1.0		off 0.503136149141904 neg 0.45662744685866086 __DUMMY__ 0.040236403999435046	false	0.5
durchfallen	neg 1.0		off 0.5012609660654372 neg 0.45824288372918737 __DUMMY__ 0.04049615020537543	false	0.5
wichser	off 1.0	off 1.0	off 0.7447363311022729 neg 0.23671694606314803 __DUMMY__ 0.018546722834579216	false	1.0
terror	neg 1.0		off 0.5058119460296394 neg 0.4540989501040394 __DUMMY__ 0.040089103866321314	false	0.5
krass	neg 1.0		off 0.5116779035245587 neg 0.44874945750337214 __DUMMY__ 0.03957263897206904	false	0.5
revolte	neg 1.0		off 0.5043076280486639 neg 0.4558273938539795 __DUMMY__ 0.03986497809735656	false	0.5
besorgt	neg 1.0		off 0.5030204545726746 neg 0.45637144418377884 __DUMMY__ 0.04060810124354655	false	0.5
nachlassen	neg 1.0		off 0.501016857808836 neg 0.45842695403840733 __DUMMY__ 0.04055618815275675	false	0.5
alt	neg 1.0		off 0.4964911312140076 neg 0.4633592629682942 __DUMMY__ 0.04014960581769821	false	0.5
hundesohn	off 1.0	off 1.0	off 0.7437291988254209 neg 0.23773592444633754 __DUMMY__ 0.01853487672824155	false	1.0
als			off 0.5007983990015714 neg 0.45880805217361154 __DUMMY__ 0.040393548824816994	false	0.0
abschreckung	neg 1.0		off 0.4987766103031247 neg 0.4606280478920701 __DUMMY__ 0.04059534180480515	false	0.5
unqualifiziert	neg 1.0		off 0.5073519436507631 neg 0.4525833342994282 __DUMMY__ 0.040064722049808654	false	0.5
abgewichst	off 1.0		off 0.503090625649508 neg 0.4565423352298762 __DUMMY__ 0.04036703912061567	false	1.0
schwer	neg 1.0		off 0.5027072125624822 neg 0.45692318586087416 __DUMMY__ 0.040369601576643585	false	0.5
bedeutungslosigkeit	neg 1.0		off 0.49913747126908314 neg 0.4603029467452221 __DUMMY__ 0.04055958198569467	false	0.5
kapitulation	neg 1.0		off 0.499242811758969 neg 0.4604406978450478 __DUMMY__ 0.04031649039598309	false	0.5
unscharf	neg 1.0		off 0.5013377882212693 neg 0.45885559894513694 __DUMMY__ 0.039806612833593755	false	0.5
schwinden	neg 1.0		off 0.4971376498926102 neg 0.46249953984430114 __DUMMY__ 0.04036281026308873	false	0.5
versklavung	neg 1.0	neg 1.0	neg 0.713512579662691 off 0.26747645886468197 __DUMMY__ 0.019010961472627097	false	1.0
schlecht	neg 1.0		off 0.5091723351183199 neg 0.4507830741237684 __DUMMY__ 0.040044590757911724	false	0.5
verhasst	neg 1.0		off 0.5043668250884049 neg 0.45543474144519586 __DUMMY__ 0.04019843346639916	false	0.5
beschweren	neg 1.0		off 0.5057888992677823 neg 0.45391406488590424 __DUMMY__ 0.040297035846313556	false	0.5
scheiden	neg 1.0		off 0.5028685728324584 neg 0.4568574137660033 __DUMMY__ 0.04027401340153829	false	0.5
frustriert	neg 1.0		off 0.5021688965199967 neg 0.45739450023958 __DUMMY__ 0.04043660324042334	false	0.5
schimmelig	neg 1.0		off 0.4978327047294037 neg 0.4619556248055839 __DUMMY__ 0.04021167046501235	false	0.5
fisch	neg 1.0		off 0.4940589266903189 neg 0.46563509466576863 __DUMMY__ 0.040305978643912416	false	0.5
schmuggel	neg 1.0		off 0.4998428109651392 neg 0.45931346362086406 __DUMMY__ 0.04084372541399683	false	0.5
auffallen	neg 1.0		off 0.5054360689531555 neg 0.4543687587769918 __DUMMY__ 0.040195172269852766	false	0.5
konkurrenz	neg 1.0		off 0.5000822349637776 neg 0.4592007018694059 __DUMMY__ 0.04071706316681667	false	0.5
teufelskreis	neg 1.0	neg 1.0	neg 0.7147141649809645 off 0.266198133832146 __DUMMY__ 0.01908770118688956	false	1.0
aufschreien	neg 1.0		off 0.5050186619081057 neg 0.45491771961381416 __DUMMY__ 0.04006361847808012	false	0.5
schuldner	neg 1.0		off 0.4959909172491245 neg 0.4637331288387401 __DUMMY__ 0.0402759539121354	false	0.5
missgeburt	off 1.0	off 1.0	off 0.7439870356484387 neg 0.23733085750933147 __DUMMY__ 0.01868210684222979	false	1.0
arbeitslos	neg 1.0		off 0.5007589452920875 neg 0.4587744531132867 __DUMMY__ 0.04046660159462581	false	0.5
befallen	neg 1.0		off 0.4991473296652094 neg 0.46077640940414705 __DUMMY__ 0.04007626093064336	false	0.5
miesepetrig	off 1.0	off 1.0	off 0.7398940506027686 neg 0.2411256243517897 __DUMMY__ 0.01898032504544181	false	1.0
alarmieren	neg 1.0		off 0.5080430126585808 neg 0.4518891959709043 __DUMMY__ 0.04006779137051493	false	0.5
ungeduscht	off 1.0		off 0.5057722104755642 neg 0.45432829804449304 __DUMMY__ 0.03989949147994275	false	1.0
knappheit	neg 1.0		off 0.4981976194786179 neg 0.4616410637617419 __DUMMY__ 0.04016131675964016	false	0.5
schlange	neg 1.0		off 0.5040026448803299 neg 0.4556440447948235 __DUMMY__ 0.04035331032484669	false	0.5
harsch	neg 1.0		off 0.5126825647890804 neg 0.4475505956977329 __DUMMY__ 0.039766839513186825	false	0.5
lang	neg 1.0		off 0.5041029961402403 neg 0.4556784344794458 __DUMMY__ 0.04021856938031378	false	0.5
ziellos	neg 1.0		off 0.5000078829666891 neg 0.459369825521968 __DUMMY__ 0.04062229151134292	false	0.5
selbstverliebt	neg 1.0		off 0.5180542723836792 neg 0.4427951392828216 __DUMMY__ 0.03915058833349921	false	0.5
beseitigen	neg 1.0		off 0.5042763521811279 neg 0.45528269382341724 __DUMMY__ 0.040440953995454956	false	0.5
dumm	off 1.0		off 0.5134923693300534 neg 0.4470540530136201 __DUMMY__ 0.03945357765632647	false	1.0
arbeitsloser	neg 1.0		off 0.5048572404332525 neg 0.4543114185431696 __DUMMY__ 0.040831341023577786	false	0.5
blitzen	neg 1.0		off 0.5058979283047418 neg 0.4541115217884072 __DUMMY__ 0.039990549906851074	false	0.5
hilflos	neg 1.0		off 0.5007602432880957 neg 0.4587925865081453 __DUMMY__ 0.040447170203758945	false	0.5
eklig	off 1.0		off 0.5124837412847739 neg 0.44822874609374247 __DUMMY__ 0.039287512621483674	false	1.0
begriff			off 0.502913378629305 neg 0.45672802753979985 __DUMMY__ 0.04035859383089521	false	0.0
hungersnot	neg 1.0		off 0.4995559446952788 neg 0.46016822148553693 __DUMMY__ 0.04027583381918428	false	0.5
ungesetzlich	neg 1.0		off 0.5043857662978729 neg 0.4555304578665028 __DUMMY__ 0.04008377583562432	false	0.5
verschwendung	neg 1.0		off 0.49871767072256495 neg 0.4607581019302017 __DUMMY__ 0.04052422734723337	false	0.5
schmerzvoll	neg 1.0		off 0.5034711861263689 neg 0.45639287533524403 __DUMMY__ 0.040135938538387005	false	0.5
vorzeitig	neg 1.0		off 0.508547306625862 neg 0.4513890589882479 __DUMMY__ 0.04006363438589002	false	0.5
unvollkommenheit	neg 1.0		off 0.5010895913918878 neg 0.4585712326153967 __DUMMY__ 0.040339175992715616	false	0.5
intervenieren	neg 1.0		off 0.4976698766069535 neg 0.46200696557131193 __DUMMY__ 0.04032315782173454	false	0.5
banause	off 1.0		off 0.5118852648827416 neg 0.4491103372829607 __DUMMY__ 0.03900439783429778	false	1.0
rebell	neg 1.0		off 0.49277086850909924 neg 0.4667654244417333 __DUMMY__ 0.04046370704916742	false	0.5
unlogisch	neg 1.0		off 0.5095844158803913 neg 0.45070883720807325 __DUMMY__ 0.03970674691153548	false	0.5
leiden	neg 1.0		off 0.5006935064930298 neg 0.4584426112851604 __DUMMY__ 0.04086388222180985	false	0.5
abschaffung	neg 1.0		off 0.5020432694544462 neg 0.45791808768195624 __DUMMY__ 0.040038642863597464	false	0.5
sturz	neg 1.0		off 0.5076111059118644 neg 0.4519578247462856 __DUMMY__ 0.04043106934184994	false	0.5
verkleinerung	neg 1.0		off 0.5032989289465543 neg 0.4570012898213119 __DUMMY__ 0.039699781232133795	false	0.5
schmarotzer	off 1.0		off 0.501673696943577 neg 0.45791183446656913 __DUMMY__ 0.04041446858985399	false	1.0
bestrafung	neg 1.0	neg 1.0	neg 0.7126647340693453 off 0.26816486157448954 __DUMMY__ 0.019170404356165283	false	1.0
achtlos	neg 1.0		off 0.5027781388989067 neg 0.456735007304826 __DUMMY__ 0.04048685379626737	false	0.5
ungeheuer	neg 1.0		off 0.5015176151251494 neg 0.4583866253354124 __DUMMY__ 0.040095759539438114	false	0.5
unaufrichtig	neg 1.0		off 0.5072778533839972 neg 0.45265887815696737 __DUMMY__ 0.04006326845903539	false	0.5
groggy	neg 1.0		off 0.5066116926003952 neg 0.45322036047204994 __DUMMY__ 0.04016794692755484	false	0.5
