unsolidarisch	neg 1.0		__DUMMY__ 0.8701884413775708 off 0.06788084504380135 neg 0.06193071357862779	false	0.5
nachteilig	neg 1.0		__DUMMY__ 0.8775183980312314 off 0.06301860567835162 neg 0.05946299629041697	false	0.5
skeptisch	neg 1.0		__DUMMY__ 0.8774122007853347 off 0.06195638571672546 neg 0.0606314134979399	false	0.5
schrecklich	neg 1.0		__DUMMY__ 0.8653983044816109 off 0.0757039258280481 neg 0.05889776969034104	false	0.5
schlapp	neg 1.0	neg 1.0	neg 0.5152856373929102 __DUMMY__ 0.4303174873566257 off 0.05439687525046399	false	1.0
abfall	neg 1.0		__DUMMY__ 0.88217296421604 neg 0.05902045916134452 off 0.05880657662261542	false	1.0
widerspenstig	neg 1.0		__DUMMY__ 0.8725457971370743 off 0.06573651798667918 neg 0.061717684876246494	false	0.5
abrupt	neg 1.0		__DUMMY__ 0.8760237480795726 neg 0.06285406624485214 off 0.06112218567557522	false	1.0
unwirksam	neg 1.0		__DUMMY__ 0.8665585617749733 off 0.06709193962019529 neg 0.0663494986048314	false	0.5
angreifen	neg 1.0		__DUMMY__ 0.8783469143581252 off 0.061469388543918556 neg 0.06018369709795632	false	0.5
inkonsistent	neg 1.0		__DUMMY__ 0.868732015001352 off 0.06901489467631225 neg 0.06225309032233577	false	0.5
abrutschen	neg 1.0		__DUMMY__ 0.8813995189016263 neg 0.06012092284258842 off 0.05847955825578526	false	1.0
unsicher	neg 1.0		__DUMMY__ 0.8745324350425171 off 0.06648267088671783 neg 0.05898489407076508	false	0.5
bauernkind	off 1.0	off 1.0	off 0.5287497701039326 __DUMMY__ 0.42183156821304185 neg 0.049418661683025465	false	1.0
angreifer	neg 1.0		__DUMMY__ 0.8743245229322343 off 0.07048151135938513 neg 0.05519396570838054	false	0.5
trennen	neg 1.0		__DUMMY__ 0.8794633936679582 off 0.060977188406557255 neg 0.059559417925484526	false	0.5
schmutz	neg 1.0		__DUMMY__ 0.8769076916733386 off 0.06926179784174963 neg 0.05383051048491182	false	0.5
inkonsistenz	neg 1.0		__DUMMY__ 0.8691728294547054 off 0.07164451427875576 neg 0.059182656266538854	false	0.5
erschreckend	neg 1.0		__DUMMY__ 0.8738954892380969 off 0.06597942356782456 neg 0.06012508719407854	false	0.5
ertrinken	neg 1.0		__DUMMY__ 0.8770570468634883 neg 0.06212250982845419 off 0.06082044330805747	false	1.0
pickelface	off 1.0		__DUMMY__ 0.8725711908535136 off 0.06704923974670583 neg 0.06037956939978051	false	1.0
seiner			__DUMMY__ 0.8790116225377392 off 0.06170925994879665 neg 0.059279117513464125	false	0.0
lauch	neg 1.0	neg 1.0	neg 0.5169524159864739 __DUMMY__ 0.43846117004987245 off 0.0445864139636536	false	1.0
unwichtig	neg 1.0		__DUMMY__ 0.869083125650737 off 0.07158523427521629 neg 0.05933164007404684	false	0.5
steuerhinterziehung	neg 1.0		__DUMMY__ 0.8727875733472809 off 0.06610806308362724 neg 0.06110436356909192	false	0.5
schock	neg 1.0		__DUMMY__ 0.8752180784558498 off 0.06483409543573518 neg 0.05994782610841507	false	0.5
beule	neg 1.0		__DUMMY__ 0.8658374177356944 off 0.07352493227967756 neg 0.06063764998462791	false	0.5
vergelten	neg 1.0		__DUMMY__ 0.8652201740099987 off 0.07682135500920585 neg 0.057958470980795436	false	0.5
verdorbenheit	neg 1.0		__DUMMY__ 0.8728852528637143 off 0.06732907453647204 neg 0.05978567259981365	false	0.5
trauma	neg 1.0		__DUMMY__ 0.8711881321338995 off 0.06802113825302986 neg 0.0607907296130707	false	0.5
sinnlos	neg 1.0		__DUMMY__ 0.8717330409406748 off 0.06863356170074253 neg 0.05963339735858254	false	0.5
fettsack	off 1.0	off 1.0	off 0.5298867224659162 __DUMMY__ 0.42220691190530796 neg 0.04790636562877589	false	1.0
feige	off 1.0	off 1.0	off 0.5253585173666836 __DUMMY__ 0.4290325678246736 neg 0.04560891480864284	false	1.0
abdanken	neg 1.0		__DUMMY__ 0.8756018033658783 off 0.0664937044463713 neg 0.05790449218775034	false	0.5
wichtigtuer	off 1.0	off 1.0	off 0.5228119378579847 __DUMMY__ 0.43269234130766676 neg 0.044495720834348496	false	1.0
misslingen	neg 1.0		__DUMMY__ 0.8754232927777295 off 0.06774567433561184 neg 0.056831032886658736	false	0.5
untreu	off 1.0		__DUMMY__ 0.867795102546158 off 0.07284541398858733 neg 0.0593594834652547	false	1.0
missmutig	neg 1.0		__DUMMY__ 0.8697130928641292 off 0.07018941365520241 neg 0.0600974934806683	false	0.5
hurenbock	off 1.0		__DUMMY__ 0.8673641093694785 off 0.06645575983647115 neg 0.06618013079405032	false	1.0
betrunken	neg 1.0		__DUMMY__ 0.8660396626564798 off 0.07452178892656801 neg 0.05943854841695218	false	0.5
korrupt	off 1.0		__DUMMY__ 0.8722069552586924 off 0.06576605984978011 neg 0.06202698489152746	false	1.0
unmut	neg 1.0		__DUMMY__ 0.8793124752671808 neg 0.06044539511810151 off 0.06024212961471777	false	1.0
hackfresse	off 1.0		__DUMMY__ 0.8608997109368954 off 0.0802855985516148 neg 0.058814690511489714	false	1.0
aufblasen	neg 1.0		__DUMMY__ 0.8731289656640503 off 0.0667532421519767 neg 0.060117792183973014	false	0.5
gewaltsam	neg 1.0		__DUMMY__ 0.8760203351977869 off 0.06626656385558538 neg 0.05771310094662784	false	0.5
unbeliebtheit	neg 1.0		__DUMMY__ 0.8682812245332985 off 0.07294092090687328 neg 0.05877785455982822	false	0.5
sturheit	neg 1.0		__DUMMY__ 0.8759100387020048 off 0.06598568949402027 neg 0.05810427180397493	false	0.5
kuh	neg 1.0		__DUMMY__ 0.8608278215994312 neg 0.06991445639576857 off 0.06925772200480022	false	1.0
erschrecken	neg 1.0		__DUMMY__ 0.8699657335393638 off 0.07062641889824325 neg 0.059407847562392944	false	0.5
opfer	neg 1.0		__DUMMY__ 0.8799212700397657 off 0.06335532382735698 neg 0.05672340613287722	false	0.5
sinken	neg 1.0		__DUMMY__ 0.8766766391750583 neg 0.0627302717262441 off 0.06059308909869749	false	1.0
stinktier	neg 1.0		__DUMMY__ 0.8566928867996748 off 0.07796413533015557 neg 0.06534297787016967	false	0.5
tucke	off 1.0		__DUMMY__ 0.8539124392738432 off 0.08224566096809156 neg 0.06384189975806522	false	1.0
ein			__DUMMY__ 0.8714446797276002 off 0.06543716916726904 neg 0.06311815110513086	false	0.0
abstieg	neg 1.0		__DUMMY__ 0.8798022213252185 off 0.06455925438095013 neg 0.055638524293831426	false	0.5
missverstehen	neg 1.0		__DUMMY__ 0.87107945913788 off 0.06958868647613059 neg 0.05933185438598944	false	0.5
ergebnislos	neg 1.0		__DUMMY__ 0.879417050597556 off 0.063019308893926 neg 0.057563640508517956	false	0.5
unter			__DUMMY__ 0.8867123152475749 neg 0.05885445536983926 off 0.054433229382585824	false	0.0
manipulieren	neg 1.0		__DUMMY__ 0.8782476672556533 off 0.062414941895996535 neg 0.05933739084835009	false	0.5
unbewiesen	neg 1.0	neg 1.0	neg 0.515212784238606 __DUMMY__ 0.4331130571165822 off 0.05167415864481188	false	1.0
verschleppen	neg 1.0		__DUMMY__ 0.8758027172626425 off 0.06410096551836053 neg 0.06009631721899697	false	0.5
weib	off 1.0		__DUMMY__ 0.8562547807371172 off 0.08250843918749362 neg 0.061236780075389165	false	1.0
opposition	neg 1.0		__DUMMY__ 0.8704391286820982 off 0.06810112154922747 neg 0.06145974976867434	false	0.5
verkehrswidrig	neg 1.0		__DUMMY__ 0.8668025794133187 off 0.07694555549327894 neg 0.05625186509340241	false	0.5
inkorrekt	neg 1.0		__DUMMY__ 0.8647926229599169 off 0.07582216865391 neg 0.05938520838617321	false	0.5
vermeiden	neg 1.0		__DUMMY__ 0.8822236778685528 neg 0.059998664813765486 off 0.05777765731768166	false	1.0
abweichung	neg 1.0	neg 1.0	neg 0.5139691686752851 __DUMMY__ 0.4372572377673997 off 0.04877359355731508	false	1.0
alkoholisiert	neg 1.0		__DUMMY__ 0.883561196711908 off 0.06100041132723661 neg 0.055438391960855385	false	0.5
scheiss	off 1.0	off 1.0	off 0.5259263058395955 __DUMMY__ 0.4274800743659357 neg 0.04659361979446874	false	1.0
herausforderung	neg 1.0		__DUMMY__ 0.8758950063830679 off 0.06411183153400624 neg 0.059993162082925794	false	0.5
pervers	off 1.0		__DUMMY__ 0.8554774518271084 off 0.08485969309991935 neg 0.05966285507297216	false	1.0
wackelig	neg 1.0		__DUMMY__ 0.8770599991271378 off 0.06369078920416901 neg 0.05924921166869318	false	0.5
verwickeln	neg 1.0		__DUMMY__ 0.8720899263618618 off 0.06872953060027553 neg 0.05918054303786273	false	0.5
vorwand	neg 1.0		__DUMMY__ 0.878485672446489 off 0.060996664877304825 neg 0.06051766267620616	false	0.5
muschi	off 1.0		__DUMMY__ 0.8747679427402917 off 0.06598353655398684 neg 0.05924852070572158	false	1.0
entmutigung	neg 1.0		__DUMMY__ 0.8674957240610393 off 0.06943441000833434 neg 0.06306986593062641	false	0.5
unangemessen	neg 1.0		__DUMMY__ 0.8752258638954987 off 0.06561313727669059 neg 0.059160998827810674	false	0.5
unstetig	neg 1.0		__DUMMY__ 0.8692526235837377 off 0.07042233731801653 neg 0.06032503909824573	false	0.5
entmutigen	neg 1.0		__DUMMY__ 0.8727282015469405 off 0.06754689412225956 neg 0.059724904330799834	false	0.5
schwanz	neg 1.0		__DUMMY__ 0.8753415483700737 off 0.06366970179017568 neg 0.060988749839750576	false	0.5
verbot	neg 1.0		__DUMMY__ 0.8732962234019521 off 0.06539664643166138 neg 0.061307130166386434	false	0.5
leid	neg 1.0		__DUMMY__ 0.8634415455170982 off 0.0772679559057773 neg 0.05929049857712446	false	0.5
archaisch	neg 1.0		__DUMMY__ 0.8734579931371063 off 0.06519254794729291 neg 0.06134945891560088	false	0.5
gegen			__DUMMY__ 0.8812576182004906 off 0.06079360269710729 neg 0.05794877910240202	false	0.0
scheidung	neg 1.0		__DUMMY__ 0.857869657452792 off 0.08844881150032965 neg 0.05368153104687834	false	0.5
einschlag	neg 1.0		__DUMMY__ 0.8689187456862474 off 0.07598586952537784 neg 0.055095384788374675	false	0.5
m			__DUMMY__ 0.8757798391130746 off 0.06429725138441891 neg 0.0599229095025065	false	0.0
abgestanden	neg 1.0		__DUMMY__ 0.8659127948513832 neg 0.06811419373509234 off 0.06597301141352445	false	1.0
schmierig	off 1.0		__DUMMY__ 0.863229977724799 off 0.07700039948704217 neg 0.05976962278815877	false	1.0
unpraktisch	neg 1.0		__DUMMY__ 0.8731878462747045 off 0.06769603467593852 neg 0.05911611904935696	false	0.5
wixxer	off 1.0		__DUMMY__ 0.8530531119713803 off 0.08523237193037564 neg 0.06171451609824407	false	1.0
bezeichnet			__DUMMY__ 0.8743094293732245 off 0.06706131145991774 neg 0.058629259166857704	false	0.0
jammerlappen	off 1.0		__DUMMY__ 0.8688521542187918 off 0.0718957898392229 neg 0.059252055941985356	false	1.0
farce	neg 1.0		__DUMMY__ 0.8710090364379348 off 0.06697549199213389 neg 0.0620154715699313	false	0.5
zwecklos	neg 1.0		__DUMMY__ 0.8747984506379171 off 0.06461937061601326 neg 0.060582178746069706	false	0.5
turbulent	neg 1.0		__DUMMY__ 0.8655224398273041 off 0.07381751618616092 neg 0.060660043986534996	false	0.5
invasion	neg 1.0		__DUMMY__ 0.8706594764075485 off 0.06925739487068892 neg 0.06008312872176254	false	0.5
schuld	neg 1.0		__DUMMY__ 0.8726501928905013 off 0.06800912330208418 neg 0.05934068380741444	false	0.5
risiko	neg 1.0		__DUMMY__ 0.8682703025430528 off 0.0687538189489449 neg 0.06297587850800228	false	0.5
finster	neg 1.0		__DUMMY__ 0.871065735490656 off 0.0656822828784098 neg 0.06325198163093432	false	0.5
geisteskrank	off 1.0		__DUMMY__ 0.8663350715194219 off 0.07454743315594346 neg 0.05911749532463455	false	1.0
zusammenbrechen	neg 1.0		__DUMMY__ 0.8742671150231461 off 0.06474002701724212 neg 0.06099285795961177	false	0.5
ausbeute	neg 1.0		__DUMMY__ 0.8784639394913829 off 0.06518537174825977 neg 0.0563506887603573	false	0.5
hinterhalt	neg 1.0		__DUMMY__ 0.87396848820326 off 0.06486101586092835 neg 0.061170495935811704	false	0.5
kritik	neg 1.0		__DUMMY__ 0.8712904818729993 off 0.0667362291965812 neg 0.06197328893041951	false	0.5
einschrumpfen	neg 1.0		__DUMMY__ 0.8658555960467982 off 0.07203605911813266 neg 0.06210834483506926	false	0.5
riskant	neg 1.0		__DUMMY__ 0.8762715549583248 off 0.0621750320520503 neg 0.061553412989624974	false	0.5
frustrieren	neg 1.0		__DUMMY__ 0.8751931917882996 off 0.06310526457626126 neg 0.061701543635439185	false	0.5
groll	neg 1.0		__DUMMY__ 0.8766832961814262 off 0.06484354214089377 neg 0.058473161677680005	false	0.5
gibt			__DUMMY__ 0.8754465494384599 off 0.064337095687871 neg 0.06021635487366914	false	0.0
qualvoll	neg 1.0		__DUMMY__ 0.8716692207496141 off 0.06864037605672162 neg 0.05969040319366432	false	0.5
wackeln	neg 1.0		__DUMMY__ 0.8739015915156519 off 0.06626285463109867 neg 0.05983555385324946	false	0.5
klagen	neg 1.0		__DUMMY__ 0.8774590664674762 off 0.06127567775647337 neg 0.061265255776050576	false	0.5
bankrott	neg 1.0		__DUMMY__ 0.8703998897791295 off 0.07106080140057588 neg 0.05853930882029464	false	0.5
trauern	neg 1.0		__DUMMY__ 0.8824692880285778 off 0.06220405484616959 neg 0.05532665712525254	false	0.5
ablehnung	neg 1.0		__DUMMY__ 0.8717557135195532 off 0.06610990561478039 neg 0.06213438086566651	false	0.5
stur	neg 1.0		__DUMMY__ 0.8719390397928158 off 0.06797509409234438 neg 0.0600858661148397	false	0.5
aufruhr	neg 1.0	neg 1.0	neg 0.5145247210203345 __DUMMY__ 0.43474625178023407 off 0.05072902719943138	false	1.0
melancholie	neg 1.0		__DUMMY__ 0.8751475800450921 neg 0.06349958752566826 off 0.061352832429239605	false	1.0
ist			__DUMMY__ 0.8716706302252725 off 0.06836788839747747 neg 0.059961481377250075	false	0.0
torheit	neg 1.0		__DUMMY__ 0.8720439960556486 off 0.06811229057645773 neg 0.05984371336789362	false	0.5
dreckskind	off 1.0		__DUMMY__ 0.8582065876068139 off 0.08151826028038801 neg 0.060275152112798124	false	1.0
umtauschen	neg 1.0		__DUMMY__ 0.8740892608357835 off 0.0654936224642313 neg 0.060417116699985084	false	0.5
zum			__DUMMY__ 0.8873098486573643 off 0.05789277926416781 neg 0.05479737207846794	false	0.0
zersetzen	neg 1.0		__DUMMY__ 0.8757738677591479 neg 0.06213536489368301 off 0.06209076734716908	false	1.0
zur			__DUMMY__ 0.8823644085140657 neg 0.059496116603036324 off 0.05813947488289796	false	0.0
frust	neg 1.0		__DUMMY__ 0.8751100286843964 off 0.06456073408283491 neg 0.06032923723276871	false	0.5
unerbittlichkeit	neg 1.0		__DUMMY__ 0.8774930681779338 off 0.06291783943472673 neg 0.05958909238733941	false	0.5
zwei			__DUMMY__ 0.8835861625809374 neg 0.059036377087946484 off 0.05737746033111624	false	0.0
unkorrekt	neg 1.0		__DUMMY__ 0.8661803226866277 off 0.07437519607716263 neg 0.059444481236209656	false	0.5
hexe	off 1.0		__DUMMY__ 0.8650963199047508 off 0.07110322797394729 neg 0.06380045212130189	false	1.0
lasch	neg 1.0		__DUMMY__ 0.8702949094748879 off 0.07111523609691404 neg 0.05858985442819807	false	0.5
rivale	neg 1.0		__DUMMY__ 0.8655019427785843 off 0.07565931895207828 neg 0.058838738269337484	false	0.5
mutlos	off 1.0	off 1.0	off 0.5186703084055551 __DUMMY__ 0.4353785766529432 neg 0.045951114941501774	false	1.0
wirr	off 1.0		__DUMMY__ 0.8634953759406171 off 0.07634143483164874 neg 0.06016318922773428	false	1.0
jahr			__DUMMY__ 0.8836837402647014 off 0.06174436708337514 neg 0.054571892651923394	false	0.0
wird			__DUMMY__ 0.8765769199631108 off 0.06367161830206197 neg 0.05975146173482722	false	0.0
strafbar	neg 1.0		__DUMMY__ 0.8779842899493338 off 0.06283054715781511 neg 0.05918516289285116	false	0.5
erosion	neg 1.0		__DUMMY__ 0.8738257266103039 off 0.06668008769846086 neg 0.05949418569123524	false	0.5
eingehen	neg 1.0		__DUMMY__ 0.8752874756354815 off 0.06296020998385418 neg 0.061752314380664385	false	0.5
faul	off 1.0		__DUMMY__ 0.8700940729798323 off 0.07067381602642787 neg 0.059232110993739776	false	1.0
provisorium	neg 1.0		__DUMMY__ 0.8876872757838877 neg 0.057896695700218444 off 0.05441602851589374	false	1.0
schmerzen	neg 1.0		__DUMMY__ 0.8735922761957767 off 0.06489984789540282 neg 0.06150787590882043	false	0.5
schrumpfen	neg 1.0		__DUMMY__ 0.8780281193217836 neg 0.06369490921059359 off 0.058276971467622896	false	1.0
geistlos	off 1.0		__DUMMY__ 0.868359421799569 off 0.06998432540221376 neg 0.061656252798217105	false	1.0
fehlkauf	neg 1.0		__DUMMY__ 0.8698696129228561 off 0.06929616204905589 neg 0.06083422502808785	false	0.5
frustrierend	neg 1.0		__DUMMY__ 0.8692505174998583 off 0.07057747165150104 neg 0.060172010848640635	false	0.5
unzufrieden	neg 1.0		__DUMMY__ 0.8754673958264924 off 0.06442431697173243 neg 0.060108287201775155	false	0.5
verzweifeln	neg 1.0		__DUMMY__ 0.8745997011266464 off 0.06564375429479113 neg 0.05975654457856241	false	0.5
verzweifelt	neg 1.0		__DUMMY__ 0.871724835042582 off 0.06802525533872597 neg 0.0602499096186921	false	0.5
misstrauensantrag	neg 1.0		__DUMMY__ 0.8709951063919181 off 0.06855458219551788 neg 0.06045031141256403	false	0.5
abfallen	neg 1.0		__DUMMY__ 0.8726065238112009 off 0.06641536635283907 neg 0.06097810983596013	false	0.5
fucker	off 1.0		__DUMMY__ 0.8663628994974092 off 0.07535875911115701 neg 0.058278341391433834	false	1.0
ungezogen	neg 1.0		__DUMMY__ 0.8585615597048248 off 0.08246406491185006 neg 0.05897437538332514	false	0.5
irrsinnig	neg 1.0	neg 1.0	neg 0.5161277619925895 __DUMMY__ 0.43252808743651566 off 0.05134415057089491	false	1.0
unfassbar	neg 1.0		__DUMMY__ 0.8685488033183427 off 0.07276971495446412 neg 0.05868148172719317	false	0.5
hart	neg 1.0		__DUMMY__ 0.8616890605375153 off 0.07272879357538678 neg 0.06558214588709789	false	0.5
widerlich	off 1.0		__DUMMY__ 0.867087902171577 off 0.0733530805801429 neg 0.059559017248280006	false	1.0
fatal	neg 1.0	neg 1.0	neg 0.5182154394317379 __DUMMY__ 0.4290895565633448 off 0.052695004004917334	false	1.0
bruch	neg 1.0		__DUMMY__ 0.8809884837403033 off 0.05987637171044954 neg 0.059135144549247266	false	0.5
aushungern	neg 1.0		__DUMMY__ 0.8732240616087467 off 0.06566399495087022 neg 0.06111194344038325	false	0.5
anspannung	neg 1.0		__DUMMY__ 0.8844598401900888 neg 0.05784139115418293 off 0.05769876865572823	false	1.0
von			__DUMMY__ 0.8789543526049957 off 0.060967520949654255 neg 0.060078126445350016	false	0.0
kraftlos	neg 1.0		__DUMMY__ 0.875811599896516 off 0.06368752397950571 neg 0.06050087612397837	false	0.5
vom			__DUMMY__ 0.8894790700994886 neg 0.05571772024443212 off 0.05480320965607932	false	0.0
grenzdebil	off 1.0		__DUMMY__ 0.8667862978786752 off 0.07303828181698407 neg 0.06017542030434077	false	1.0
vor			__DUMMY__ 0.879825863462089 neg 0.06012545182944504 off 0.06004868470846591	false	0.0
unterwerfen	neg 1.0		__DUMMY__ 0.8776753135700279 off 0.06343024320357207 neg 0.05889444322639996	false	0.5
versenkung	neg 1.0		__DUMMY__ 0.8778369958615937 off 0.06295518494429339 neg 0.059207819194113005	false	0.5
entziehen	neg 1.0		__DUMMY__ 0.8783857650793855 off 0.06093274931816612 neg 0.06068148560244832	false	0.5
finanzkrise	neg 1.0		__DUMMY__ 0.8659039075382375 neg 0.0677698075370682 off 0.0663262849246943	false	1.0
schimpfend	neg 1.0		__DUMMY__ 0.8749663971082703 off 0.06696562823786946 neg 0.058067974653860176	false	0.5
profan	neg 1.0		__DUMMY__ 0.8705072232801648 off 0.06900537131499405 neg 0.06048740540484122	false	0.5
korruption	neg 1.0		__DUMMY__ 0.872578088343541 off 0.06492934363521169 neg 0.062492568021247384	false	0.5
â			__DUMMY__ 0.8754354970621763 off 0.06364433947792014 neg 0.06092016345990363	false	0.0
schmutzig	neg 1.0		__DUMMY__ 0.8673006689283705 off 0.07320133109271311 neg 0.05949799997891625	false	0.5
sexy	neg 1.0		__DUMMY__ 0.8705926181289938 off 0.07052670825164757 neg 0.05888067361935851	false	0.5
abraten	neg 1.0		__DUMMY__ 0.8721473084799687 off 0.06845683214938954 neg 0.05939585937064168	false	0.5
schwarz	neg 1.0		__DUMMY__ 0.871463085019256 off 0.06894446378874748 neg 0.05959245119199655	false	0.5
fotze	off 1.0	off 1.0	off 0.5189476306568271 __DUMMY__ 0.435293228482452 neg 0.0457591408607209	false	1.0
verwirren	neg 1.0		__DUMMY__ 0.8711944294124213 off 0.06933628801537682 neg 0.059469282572201757	false	0.5
zahnlos	off 1.0		__DUMMY__ 0.8746519738708037 off 0.0654364049663249 neg 0.0599116211628714	false	1.0
verheeren	neg 1.0		__DUMMY__ 0.8581250537479794 off 0.08401957294195687 neg 0.057855373310063705	false	0.5
hippie	neg 1.0		__DUMMY__ 0.870121184136734 off 0.07026191047456892 neg 0.059616905388697065	false	0.5
rammen	neg 1.0		__DUMMY__ 0.87304012552157 off 0.06666913554473713 neg 0.06029073893369288	false	0.5
unlauter	neg 1.0		__DUMMY__ 0.8699844855473291 off 0.0688279206068778 neg 0.061187593845793066	false	0.5
unheilvoll	neg 1.0		__DUMMY__ 0.8713730192043494 off 0.06747192755607717 neg 0.06115505323957342	false	0.5
niedrig	neg 1.0		__DUMMY__ 0.873848352183216 off 0.06343612743011057 neg 0.06271552038667347	false	0.5
explosion	neg 1.0		__DUMMY__ 0.8707259199946479 off 0.07005187529128051 neg 0.05922220471407168	false	0.5
weichei	off 1.0	off 1.0	off 0.5294145964729629 __DUMMY__ 0.42394808750124646 neg 0.04663731602579065	false	1.0
minusmensch	off 1.0		__DUMMY__ 0.8558497694125198 off 0.0839485762138535 neg 0.060201654373626734	false	1.0
farblos	neg 1.0		__DUMMY__ 0.8723415368416721 off 0.06733605445858232 neg 0.06032240869974557	false	0.5
unwissend	neg 1.0	neg 1.0	neg 0.5159879283464185 __DUMMY__ 0.42967668364998185 off 0.0543353880035998	false	1.0
traurig	neg 1.0		__DUMMY__ 0.8659558382769389 off 0.07533418412523565 neg 0.058709977597825466	false	0.5
senkung	neg 1.0		__DUMMY__ 0.8663234804888094 off 0.06953289712896857 neg 0.06414362238222215	false	0.5
ungleich	neg 1.0	neg 1.0	neg 0.5162255250062191 __DUMMY__ 0.4356365676458992 off 0.04813790734788161	false	1.0
heikel	neg 1.0		__DUMMY__ 0.8772901847655566 off 0.0623541231824677 neg 0.06035569205197565	false	0.5
drosselung	neg 1.0		__DUMMY__ 0.8630222864076454 off 0.07305414188268254 neg 0.0639235717096719	false	0.5
falsch	neg 1.0		__DUMMY__ 0.870615618848834 off 0.07073396427327139 neg 0.058650416877894566	false	0.5
unzufriedenheit	neg 1.0		__DUMMY__ 0.8750238667007112 neg 0.06275992183094674 off 0.06221621146834211	false	1.0
kurz	neg 1.0		__DUMMY__ 0.8771314725519844 off 0.06424604603335078 neg 0.0586224814146649	false	0.5
unsinnig	neg 1.0		__DUMMY__ 0.8720920114152056 off 0.06588364317650404 neg 0.06202434540829039	false	0.5
penner	off 1.0	off 1.0	off 0.5309427569162569 __DUMMY__ 0.4237270639421757 neg 0.04533017914156738	false	1.0
seicht	neg 1.0		__DUMMY__ 0.8562640912189063 off 0.08195650534690746 neg 0.061779403434186204	false	0.5
dummheit	off 1.0	off 1.0	off 0.5229649376508598 __DUMMY__ 0.4305638954331698 neg 0.04647116691597049	false	1.0
unerfreulich	neg 1.0		__DUMMY__ 0.87706255539872 off 0.061958870864557244 neg 0.06097857373672281	false	0.5
motherfucker	off 1.0	off 1.0	off 0.5268035486188648 __DUMMY__ 0.42820095951181736 neg 0.044995491869317804	false	1.0
pikiert	neg 1.0		__DUMMY__ 0.8674581286105885 off 0.07225319821482637 neg 0.06028867317458516	false	0.5
wrack	neg 1.0		__DUMMY__ 0.8817323746905029 off 0.0642050541794656 neg 0.05406257113003158	false	0.5
gangster	neg 1.0		__DUMMY__ 0.8698772138235789 off 0.07043552329582439 neg 0.05968726288059668	false	0.5
krank	neg 1.0		__DUMMY__ 0.8688575452697846 off 0.07291434373137555 neg 0.05822811099883983	false	0.5
reich	neg 1.0		__DUMMY__ 0.8656479566524568 off 0.07078184260334945 neg 0.06357020074419373	false	0.5
gnadenlos	neg 1.0		__DUMMY__ 0.8732377569915915 off 0.06775066773951026 neg 0.059011575268898366	false	0.5
niedergeschlagen	neg 1.0		__DUMMY__ 0.878032150136883 off 0.06398548945100409 neg 0.057982360412112965	false	0.5
terrorisieren	off 1.0	off 1.0	off 0.5177644302485002 __DUMMY__ 0.4372860862251894 neg 0.04494948352631044	false	1.0
sinnlosigkeit	neg 1.0		__DUMMY__ 0.874860728274584 off 0.06487780548853449 neg 0.06026146623688144	false	0.5
behindern	neg 1.0		__DUMMY__ 0.8727110237204332 off 0.06625770824349492 neg 0.061031268036071985	false	0.5
undemokratisch	neg 1.0		__DUMMY__ 0.8698059981894064 off 0.06934766816136653 neg 0.06084633364922702	false	0.5
wirtschaftskrise	neg 1.0		__DUMMY__ 0.8710114829252563 off 0.06451062163189707 neg 0.06447789544284667	false	0.5
neid	neg 1.0		__DUMMY__ 0.8706485082663836 off 0.06985447341123888 neg 0.05949701832237748	false	0.5
rutschen	neg 1.0		__DUMMY__ 0.8833732521518958 neg 0.059546885508141835 off 0.05707986233996239	false	1.0
rezession	neg 1.0		__DUMMY__ 0.8590448148712053 off 0.07576012567412835 neg 0.0651950594546664	false	0.5
fehlgeburt	neg 1.0		__DUMMY__ 0.8755778647708081 off 0.06656074093494152 neg 0.05786139429425034	false	0.5
charakterschwach	off 1.0		__DUMMY__ 0.8666157972934885 off 0.07291406757848061 neg 0.06047013512803097	false	1.0
isolation	neg 1.0		__DUMMY__ 0.8714672147139111 off 0.07057673034328014 neg 0.05795605494280878	false	0.5
ablenkung	neg 1.0		__DUMMY__ 0.8747188364057855 off 0.06624979794761578 neg 0.059031365646598805	false	0.5
pech	neg 1.0		__DUMMY__ 0.8692964920810134 off 0.07058150702185513 neg 0.06012200089713149	false	0.5
vermeidung	neg 1.0		__DUMMY__ 0.8662529114127488 off 0.0729167287453963 neg 0.06083035984185486	false	0.5
dominieren	neg 1.0		__DUMMY__ 0.8751878846785512 off 0.06509656941806666 neg 0.05971554590338207	false	0.5
schwindlig	neg 1.0		__DUMMY__ 0.8711548046331908 off 0.0681567207696856 neg 0.06068847459712345	false	0.5
lutscher	neg 1.0	neg 1.0	neg 0.5168029073347509 __DUMMY__ 0.4198998060849664 off 0.06329728658028268	false	1.0
pflicht	neg 1.0		__DUMMY__ 0.8794524050589148 off 0.061110417612682995 neg 0.059437177328402244	false	0.5
faschist	off 1.0		__DUMMY__ 0.8709532675664399 off 0.0708682852933161 neg 0.05817844714024411	false	1.0
verschleudern	neg 1.0		__DUMMY__ 0.8719563489001193 neg 0.06489558749752398 off 0.06314806360235677	false	1.0
wenn			__DUMMY__ 0.8689448978385335 off 0.07157976545060302 neg 0.0594753367108635	false	0.0
ehebruch	neg 1.0		__DUMMY__ 0.876173786970767 off 0.06402024142746662 neg 0.059805971601766345	false	0.5
spott	off 1.0		__DUMMY__ 0.8773847043217665 off 0.06387601426493604 neg 0.05873928141329737	false	1.0
trostlosigkeit	neg 1.0		__DUMMY__ 0.8756508844186991 neg 0.06343019051063517 off 0.06091892507066572	false	1.0
lutschen	neg 1.0		__DUMMY__ 0.8687651851384272 off 0.07086424838167973 neg 0.06037056647989309	false	0.5
undiszipliniert	neg 1.0		__DUMMY__ 0.8660940367377788 off 0.0745376614150213 neg 0.05936830184719982	false	0.5
kopfschmerz	neg 1.0		__DUMMY__ 0.8730639728613571 neg 0.06408782836581428 off 0.06284819877282864	false	1.0
unvorhergesehen	neg 1.0		__DUMMY__ 0.880826392187522 off 0.06066479768661521 neg 0.05850881012586288	false	0.5
desinteressiert	neg 1.0		__DUMMY__ 0.8662967046784072 off 0.07400250516156055 neg 0.05970079016003216	false	0.5
armselig	off 1.0		__DUMMY__ 0.8651437789166302 off 0.07643573393293325 neg 0.05842048715043648	false	1.0
desaster	neg 1.0		__DUMMY__ 0.8779610526769979 neg 0.06148800772540639 off 0.06055093959759571	false	1.0
tod	neg 1.0		__DUMMY__ 0.8780192739270934 off 0.06258999866793363 neg 0.05939072740497292	false	0.5
herzlos	neg 1.0		__DUMMY__ 0.8653870569960068 off 0.07577170576469379 neg 0.05884123723929942	false	0.5
unwissenheit	neg 1.0		__DUMMY__ 0.8749667149288344 off 0.06453897581656921 neg 0.06049430925459637	false	0.5
widersinnig	neg 1.0		__DUMMY__ 0.8709055411416041 off 0.06607219427262052 neg 0.06302226458577535	false	0.5
bedenklich	neg 1.0		__DUMMY__ 0.8746918528966116 off 0.06367326638793228 neg 0.06163488071545615	false	0.5
beanstanden	neg 1.0		__DUMMY__ 0.8799000888570123 off 0.06172756449179278 neg 0.0583723466511949	false	0.5
panisch	neg 1.0		__DUMMY__ 0.8734489986578966 off 0.06826876597361362 neg 0.05828223536848977	false	0.5
debil	off 1.0		__DUMMY__ 0.8836609518036008 neg 0.061431312471698966 off 0.05490773572470025	false	0.5
abstrich	neg 1.0		__DUMMY__ 0.8746360669152436 off 0.06412329884351169 neg 0.06124063424124471	false	0.5
primitiv	neg 1.0		__DUMMY__ 0.8667001875772018 off 0.0742571013740374 neg 0.059042711048760785	false	0.5
abschaum	off 1.0	off 1.0	off 0.5251271842626744 __DUMMY__ 0.43107838003263843 neg 0.04379443570468724	false	1.0
provozieren	neg 1.0		__DUMMY__ 0.87236508272221 off 0.06776836442440838 neg 0.05986655285338166	false	0.5
tot	neg 1.0		__DUMMY__ 0.8737882460841684 off 0.06394863170050406 neg 0.06226312221532748	false	0.5
instabil	neg 1.0		__DUMMY__ 0.8622696824488948 off 0.07658696529360245 neg 0.06114335225750271	false	0.5
schwuchtel	off 1.0	off 1.0	off 0.5367337560131821 __DUMMY__ 0.41739587441547743 neg 0.045870369571340455	false	1.0
zerren	neg 1.0		__DUMMY__ 0.876970112300271 off 0.06402818448284162 neg 0.059001703216887386	false	0.5
kinderficker	off 1.0		__DUMMY__ 0.8629224792375786 off 0.07881230066919041 neg 0.058265220093231006	false	1.0
gefahr	neg 1.0		__DUMMY__ 0.8798405759764528 off 0.06156641268377085 neg 0.05859301133977624	false	0.5
rabiat	neg 1.0		__DUMMY__ 0.8736603700934084 off 0.06592573330223864 neg 0.06041389660435308	false	0.5
verlangsamung	neg 1.0		__DUMMY__ 0.859328491670352 off 0.08054732572533016 neg 0.06012418260431787	false	0.5
ausgestorben	neg 1.0		__DUMMY__ 0.8749248692388668 off 0.06545379651582967 neg 0.05962133424530345	false	0.5
anklagen	neg 1.0		__DUMMY__ 0.8757077028688021 off 0.0652540401254213 neg 0.05903825700577664	false	0.5
trott	neg 1.0		__DUMMY__ 0.8734958422865815 off 0.06652015036959162 neg 0.059984007343826896	false	0.5
verminderung	neg 1.0		__DUMMY__ 0.8667348716259758 off 0.07293006112579374 neg 0.060335067248230415	false	0.5
nach			__DUMMY__ 0.8857803781843167 neg 0.0583210789536536 off 0.05589854286202972	false	0.0
rost	neg 1.0		__DUMMY__ 0.8629455119877053 off 0.08166768251423624 neg 0.05538680549805843	false	0.5
destruktiv	neg 1.0		__DUMMY__ 0.8726374669069666 off 0.06665032445799321 neg 0.06071220863504018	false	0.5
unzumutbarkeit	neg 1.0		__DUMMY__ 0.866937794156498 off 0.07290995959467603 neg 0.06015224624882589	false	0.5
labil	off 1.0	off 1.0	off 0.5245421313131664 __DUMMY__ 0.42975829377657376 neg 0.045699574910259874	false	1.0
ziemlich	neg 1.0		__DUMMY__ 0.8691130082962198 off 0.07240047273877687 neg 0.05848651896500325	false	0.5
lachnummer	off 1.0		__DUMMY__ 0.8741062271012918 off 0.06742709970067204 neg 0.058466673198036063	false	1.0
oder			__DUMMY__ 0.8743069324472149 off 0.06694720546386755 neg 0.058745862088917584	false	0.0
verfall	neg 1.0		__DUMMY__ 0.8781816334766475 neg 0.0634384458355278 off 0.05837992068782473	false	1.0
ausgrenzung	neg 1.0		__DUMMY__ 0.8694666241082197 off 0.06920900069793325 neg 0.06132437519384695	false	0.5
unordnung	neg 1.0		__DUMMY__ 0.8633829753133888 off 0.07689127623524333 neg 0.05972574845136783	false	0.5
fehlverhalten	neg 1.0		__DUMMY__ 0.8769729536930067 off 0.06288950821915971 neg 0.06013753808783369	false	0.5
eine			__DUMMY__ 0.8784288879980059 neg 0.06101722971598676 off 0.06055388228600734	false	0.0
nille	neg 1.0		__DUMMY__ 0.8732698169598152 off 0.06704755274414233 neg 0.059682630296042455	false	0.5
qual	neg 1.0		__DUMMY__ 0.8733591635810289 off 0.06620615539269348 neg 0.060434681026277595	false	0.5
verschwenden	neg 1.0		__DUMMY__ 0.8750611201335204 neg 0.06258179105464602 off 0.06235708881183354	false	1.0
riesig	neg 1.0		__DUMMY__ 0.8780003978740167 off 0.06249163212680264 neg 0.05950796999918073	false	0.5
verurteilen	neg 1.0		__DUMMY__ 0.8753424093134246 off 0.06510734298051656 neg 0.05955024770605901	false	0.5
klischee	neg 1.0	neg 1.0	neg 0.5163428770947188 __DUMMY__ 0.42992171647548366 off 0.05373540642979749	false	1.0
diktatorisch	neg 1.0		__DUMMY__ 0.8694950101141177 off 0.06947623017206919 neg 0.06102875971381314	false	0.5
vorhersehbar	neg 1.0		__DUMMY__ 0.8688319785883606 off 0.06998698558727814 neg 0.06118103582436133	false	0.5
sowie			__DUMMY__ 0.8609016075716671 off 0.07801022724031867 neg 0.061088165188014146	false	0.0
stornieren	neg 1.0		__DUMMY__ 0.8765302802766417 off 0.06938606525383964 neg 0.05408365446951867	false	0.5
besteuerung	neg 1.0	neg 1.0	neg 0.5199227723411679 __DUMMY__ 0.42889141812984477 off 0.05118580952898739	false	1.0
ungeschminkt	neg 1.0		__DUMMY__ 0.8659977869539358 off 0.07381274736952662 neg 0.06018946567653769	false	0.5
kritisch	neg 1.0		__DUMMY__ 0.8752485036042295 off 0.06461765222540118 neg 0.06013384417036945	false	0.5
schlamperei	off 1.0		__DUMMY__ 0.8765101722476669 off 0.06326175512089692 neg 0.06022807263143619	false	1.0
sucht	neg 1.0	neg 1.0	neg 0.514653489738559 __DUMMY__ 0.43414899789338474 off 0.05119751236805629	false	1.0
egoistisch	off 1.0	off 1.0	off 0.5293444908736956 __DUMMY__ 0.42646850655982654 neg 0.044187002566477805	false	1.0
ausbeuter	off 1.0		__DUMMY__ 0.8747723788877985 off 0.06265252529433818 neg 0.06257509581786337	false	1.0
arschgeburt	off 1.0		__DUMMY__ 0.8511496630851652 off 0.08799940948522592 neg 0.06085092742960885	false	1.0
schubs	neg 1.0		__DUMMY__ 0.8739852874979319 off 0.06303255570920413 neg 0.06298215679286388	false	0.5
unsolide	neg 1.0		__DUMMY__ 0.8711823110528585 off 0.06981487266086536 neg 0.05900281628627613	false	0.5
beschwerde	neg 1.0		__DUMMY__ 0.8760103520231571 off 0.06486669777360286 neg 0.05912295020323996	false	0.5
stocken	neg 1.0		__DUMMY__ 0.8756866670718357 off 0.06371825402330082 neg 0.06059507890486342	false	0.5
isolieren	neg 1.0		__DUMMY__ 0.8733775626044366 off 0.06476142265236891 neg 0.06186101474319461	false	0.5
unheilbar	neg 1.0		__DUMMY__ 0.873834640633999 off 0.06696009181526365 neg 0.05920526755073735	false	0.5
pisser	off 1.0	off 1.0	off 0.5272996914859432 __DUMMY__ 0.4274806472851696 neg 0.045219661228887174	false	1.0
löschen	neg 1.0		__DUMMY__ 0.8723375776256468 off 0.06724149492516827 neg 0.06042092744918493	false	0.5
durchfallen	neg 1.0		__DUMMY__ 0.8759699529176275 off 0.06428483463476556 neg 0.05974521244760695	false	0.5
wichser	off 1.0	off 1.0	off 0.5334225590405327 __DUMMY__ 0.4212981207263059 neg 0.045279320233161384	false	1.0
terror	neg 1.0		__DUMMY__ 0.8705055489565745 off 0.06983199069056886 neg 0.059662460352856654	false	0.5
krass	neg 1.0		__DUMMY__ 0.8633681883960391 off 0.07715861038499729 neg 0.05947320121896359	false	0.5
revolte	neg 1.0		__DUMMY__ 0.8669259459861635 off 0.07087292484455354 neg 0.062201129169283005	false	0.5
besorgt	neg 1.0		__DUMMY__ 0.8777670556525127 off 0.06456661496805673 neg 0.057666329379430614	false	0.5
nachlassen	neg 1.0		__DUMMY__ 0.8772724727764246 off 0.06339894006441801 neg 0.05932858715915729	false	0.5
alt	neg 1.0		__DUMMY__ 0.8718145814762769 neg 0.06552390174190315 off 0.06266151678181987	false	1.0
hundesohn	off 1.0	off 1.0	off 0.532796967537819 __DUMMY__ 0.4209090980838339 neg 0.04629393437834701	false	1.0
als			__DUMMY__ 0.8744762668941233 off 0.06465109913969122 neg 0.06087263396618555	false	0.0
abschreckung	neg 1.0		__DUMMY__ 0.8773393798297738 off 0.06208455913463085 neg 0.06057606103559523	false	0.5
unqualifiziert	neg 1.0		__DUMMY__ 0.869801124971395 off 0.07144706494773989 neg 0.05875181008086509	false	0.5
abgewichst	off 1.0		__DUMMY__ 0.8743144115861086 off 0.06623752746421141 neg 0.05944806094968007	false	1.0
schwer	neg 1.0		__DUMMY__ 0.8740698219641336 off 0.06613316388996592 neg 0.05979701414590041	false	0.5
bedeutungslosigkeit	neg 1.0		__DUMMY__ 0.8767584118206612 off 0.06257843454995153 neg 0.060663153629387345	false	0.5
kapitulation	neg 1.0		__DUMMY__ 0.8733414251426497 off 0.06434526011523346 neg 0.06231331474211684	false	0.5
unscharf	neg 1.0		__DUMMY__ 0.8668374200361196 off 0.06828858317008396 neg 0.06487399679379646	false	0.5
schwinden	neg 1.0		__DUMMY__ 0.8741219008338693 neg 0.06332604568800781 off 0.06255205347812286	false	1.0
versklavung	neg 1.0	neg 1.0	neg 0.517292850268787 __DUMMY__ 0.4306054583392935 off 0.052101691391919634	false	1.0
schlecht	neg 1.0		__DUMMY__ 0.8697070269223716 off 0.07261105419880483 neg 0.05768191887882363	false	0.5
verhasst	neg 1.0		__DUMMY__ 0.8716369696678374 off 0.06849327183834103 neg 0.059869758493821576	false	0.5
beschweren	neg 1.0		__DUMMY__ 0.873159361157293 off 0.06867316145117629 neg 0.05816747739153083	false	0.5
scheiden	neg 1.0		__DUMMY__ 0.8735526528387576 off 0.06631615334066655 neg 0.06013119382057582	false	0.5
frustriert	neg 1.0		__DUMMY__ 0.8750504453098877 off 0.06534435517089901 neg 0.05960519951921332	false	0.5
schimmelig	neg 1.0		__DUMMY__ 0.8728762948786473 neg 0.06413259541851679 off 0.06299110970283589	false	1.0
fisch	neg 1.0		__DUMMY__ 0.8743914092341367 neg 0.06592254435032928 off 0.05968604641553402	false	1.0
schmuggel	neg 1.0		__DUMMY__ 0.8813644085196323 off 0.0607086442384328 neg 0.05792694724193489	false	0.5
auffallen	neg 1.0		__DUMMY__ 0.871757488216816 off 0.06909148194733736 neg 0.059151029835846754	false	0.5
konkurrenz	neg 1.0		__DUMMY__ 0.879145287407504 off 0.06213270144846832 neg 0.05872201114402775	false	0.5
teufelskreis	neg 1.0	neg 1.0	neg 0.5178701020417601 __DUMMY__ 0.43202486205228213 off 0.05010503590595771	false	1.0
aufschreien	neg 1.0		__DUMMY__ 0.869748935962013 off 0.06979386847126641 neg 0.06045719556672057	false	0.5
schuldner	neg 1.0		__DUMMY__ 0.8728723693911 neg 0.0648122906880601 off 0.0623153399208398	false	1.0
missgeburt	off 1.0	off 1.0	off 0.5312543509882774 __DUMMY__ 0.4242526850548362 neg 0.044492963956886344	false	1.0
arbeitslos	neg 1.0		__DUMMY__ 0.8753887563535302 off 0.06425529614104683 neg 0.060355947505423	false	0.5
befallen	neg 1.0		__DUMMY__ 0.8700905956339172 off 0.06580877859247591 neg 0.06410062577360677	false	0.5
miesepetrig	off 1.0	off 1.0	off 0.5241568471503 __DUMMY__ 0.4304238838277781 neg 0.04541926902192185	false	1.0
alarmieren	neg 1.0		__DUMMY__ 0.870093975826373 off 0.07190032022210527 neg 0.058005703951521784	false	0.5
ungeduscht	off 1.0		__DUMMY__ 0.8682558123774422 off 0.07065144765292888 neg 0.06109273996962889	false	1.0
knappheit	neg 1.0		__DUMMY__ 0.8714343407506939 off 0.06452352186192378 neg 0.06404213738738236	false	0.5
schlange	neg 1.0		__DUMMY__ 0.8741797449940238 off 0.06684646903654605 neg 0.05897378596943007	false	0.5
harsch	neg 1.0		__DUMMY__ 0.8660363330716149 off 0.07674676555515968 neg 0.05721690137322537	false	0.5
lang	neg 1.0		__DUMMY__ 0.8720458359696612 off 0.0680358805747183 neg 0.059918283455620495	false	0.5
ziellos	neg 1.0		__DUMMY__ 0.8778467369886684 off 0.0624793603318198 neg 0.05967390267951177	false	0.5
selbstverliebt	neg 1.0		__DUMMY__ 0.8569256988440791 off 0.08483244473127721 neg 0.0582418564246436	false	0.5
beseitigen	neg 1.0		__DUMMY__ 0.8758148872978975 off 0.06645473883925679 neg 0.057730373862845824	false	0.5
dumm	off 1.0		__DUMMY__ 0.8612985808907405 off 0.07953623775812281 neg 0.05916518135113665	false	1.0
arbeitsloser	neg 1.0		__DUMMY__ 0.8808801527428126 off 0.06447159417066088 neg 0.054648253086526606	false	0.5
blitzen	neg 1.0		__DUMMY__ 0.8688211644559513 off 0.07081841902957631 neg 0.06036041651447237	false	0.5
hilflos	neg 1.0		__DUMMY__ 0.8752899491424284 off 0.06419194485762371 neg 0.06051810599994789	false	0.5
eklig	off 1.0		__DUMMY__ 0.8590350469717716 off 0.07990467876709258 neg 0.06106027426113584	false	1.0
begriff			__DUMMY__ 0.874033980540632 off 0.0663554019110268 neg 0.05961061754834121	false	0.0
hungersnot	neg 1.0		__DUMMY__ 0.8731389391495535 off 0.06459799785540818 neg 0.06226306299503834	false	0.5
ungesetzlich	neg 1.0		__DUMMY__ 0.8699521368493152 off 0.06960394652899421 neg 0.060443916621690685	false	0.5
verschwendung	neg 1.0		__DUMMY__ 0.8762963952462735 off 0.062407629396419285 neg 0.0612959753573072	false	0.5
schmerzvoll	neg 1.0		__DUMMY__ 0.8708391105950739 off 0.0681999120025653 neg 0.06096097740236071	false	0.5
vorzeitig	neg 1.0		__DUMMY__ 0.8702774196252423 off 0.07194988050278607 neg 0.05777269987197172	false	0.5
unvollkommenheit	neg 1.0		__DUMMY__ 0.8742310543174888 off 0.06492833683904997 neg 0.060840608843461215	false	0.5
intervenieren	neg 1.0		__DUMMY__ 0.8733463015429048 neg 0.06339040590571249 off 0.06326329255138267	false	1.0
banause	off 1.0		__DUMMY__ 0.8549081126566829 off 0.08149135259489601 neg 0.0636005347484211	false	1.0
rebell	neg 1.0		__DUMMY__ 0.8760789191490783 neg 0.06574010561342539 off 0.058180975237496366	false	1.0
unlogisch	neg 1.0		__DUMMY__ 0.8648845421730829 off 0.07515107793892689 neg 0.059964379887990256	false	0.5
leiden	neg 1.0		__DUMMY__ 0.8820078897786208 off 0.06073672227241953 neg 0.05725538794895966	false	0.5
abschaffung	neg 1.0		__DUMMY__ 0.8696494445160231 off 0.06793674633608222 neg 0.062413809147894656	false	0.5
sturz	neg 1.0		__DUMMY__ 0.8754798990395101 off 0.0688237430551921 neg 0.05569635790529791	false	0.5
verkleinerung	neg 1.0		__DUMMY__ 0.8647355858731282 off 0.07117828011348429 neg 0.06408613401338768	false	0.5
schmarotzer	off 1.0		__DUMMY__ 0.8747213159473227 off 0.06523786177125951 neg 0.060040822281417806	false	1.0
bestrafung	neg 1.0	neg 1.0	neg 0.5150562574746901 __DUMMY__ 0.4338980492087474 off 0.051045693316562564	false	1.0
achtlos	neg 1.0		__DUMMY__ 0.8759813498478155 off 0.06523999770335397 neg 0.058778652448830515	false	0.5
ungeheuer	neg 1.0		__DUMMY__ 0.8706268272195268 off 0.06691599035138976 neg 0.062457182429083435	false	0.5
unaufrichtig	neg 1.0		__DUMMY__ 0.8699583311139865 off 0.07134514023053688 neg 0.058696528655476726	false	0.5
