unsolidarisch	neg 1.0		off 0.357181363494048 neg 0.32527599004732893 __DUMMY__ 0.31754264645862307	false	0.5
nachteilig	neg 1.0		off 0.3538391487410739 neg 0.3249124173574208 __DUMMY__ 0.32124843390150526	false	0.5
skeptisch	neg 1.0		off 0.35222436347964414 neg 0.3264399596070956 __DUMMY__ 0.3213356769132601	false	0.5
schrecklich	neg 1.0		off 0.3665824851121967 neg 0.3186175166489134 __DUMMY__ 0.31479999823888993	false	0.5
schlapp	neg 1.0	neg 1.0	neg 0.6474928873723997 off 0.20044588919925915 __DUMMY__ 0.1520612234283411	false	1.0
abfall	neg 1.0		off 0.3498595048971601 neg 0.3263880659803364 __DUMMY__ 0.32375242912250357	false	0.5
widerspenstig	neg 1.0		off 0.35579833183345605 neg 0.325635740843462 __DUMMY__ 0.31856592732308203	false	0.5
abrupt	neg 1.0		off 0.35072065862885066 neg 0.32890709890193176 __DUMMY__ 0.32037224246921764	false	0.5
unwirksam	neg 1.0		off 0.3548065674390441 neg 0.3297302130244135 __DUMMY__ 0.31546321953654227	false	0.5
angreifen	neg 1.0		off 0.3518787978402198 neg 0.32624232408815285 __DUMMY__ 0.3218788780716273	false	0.5
inkonsistent	neg 1.0		off 0.3587520564465921 neg 0.32475826506631317 __DUMMY__ 0.31648967848709475	false	0.5
abrutschen	neg 1.0		off 0.34911303900846125 neg 0.32747739326205766 __DUMMY__ 0.32340956772948115	false	0.5
unsicher	neg 1.0		off 0.35740746391272343 neg 0.322798656615323 __DUMMY__ 0.31979387947195353	false	0.5
bauernkind	off 1.0	off 1.0	off 0.6722368427806352 neg 0.17898834612860168 __DUMMY__ 0.14877481109076307	false	1.0
angreifer	neg 1.0		off 0.3629041467626371 __DUMMY__ 0.3195123205386099 neg 0.31758353269875306	false	0.5
trennen	neg 1.0		off 0.35192184870312737 neg 0.3257072943948085 __DUMMY__ 0.322370856902064	false	0.5
schmutz	neg 1.0		off 0.3626165293177819 __DUMMY__ 0.32055228561954485 neg 0.31683118506267327	false	0.5
inkonsistenz	neg 1.0		off 0.362363746479606 neg 0.3207732682399307 __DUMMY__ 0.31686298528046325	false	0.5
erschreckend	neg 1.0		off 0.35631430667091607 neg 0.3241808845931855 __DUMMY__ 0.31950480873589854	false	0.5
ertrinken	neg 1.0		off 0.3505344476763451 neg 0.3283364842939307 __DUMMY__ 0.32112906802972413	false	0.5
pickelface	off 1.0		off 0.3574376834164114 neg 0.3239190700345091 __DUMMY__ 0.3186432465490795	false	1.0
seiner			off 0.35266188083944067 neg 0.32516053842160825 __DUMMY__ 0.32217758073895103	false	0.0
lauch	neg 1.0	neg 1.0	neg 0.6518481231096057 off 0.19291118289349526 __DUMMY__ 0.1552406939968991	false	1.0
unwichtig	neg 1.0		off 0.3622860080180723 neg 0.3208605596500314 __DUMMY__ 0.31685343233189633	false	0.5
steuerhinterziehung	neg 1.0		off 0.3559302705273629 neg 0.3252800707717311 __DUMMY__ 0.31878965870090586	false	0.5
schock	neg 1.0		off 0.3554842718637758 neg 0.32437593327522063 __DUMMY__ 0.32013979486100347	false	0.5
beule	neg 1.0		off 0.3639246617045923 neg 0.3212135240283148 __DUMMY__ 0.3148618142670927	false	0.5
vergelten	neg 1.0		off 0.3678255756084321 neg 0.3175127567462753 __DUMMY__ 0.3146616676452926	false	0.5
verdorbenheit	neg 1.0		off 0.3583394957951891 neg 0.3230251748056938 __DUMMY__ 0.31863532939911715	false	0.5
trauma	neg 1.0		off 0.35817789883653434 neg 0.3238339778836031 __DUMMY__ 0.3179881232798624	false	0.5
sinnlos	neg 1.0		off 0.35922034171259876 neg 0.3224939259609758 __DUMMY__ 0.3182857323264255	false	0.5
fettsack	off 1.0	off 1.0	off 0.673437564778049 neg 0.17759702157289864 __DUMMY__ 0.14896541364905228	false	1.0
feige	off 1.0	off 1.0	off 0.670775158604655 neg 0.1775097871943841 __DUMMY__ 0.1517150542009609	false	1.0
abdanken	neg 1.0		off 0.3576906781345104 neg 0.32199110975241074 __DUMMY__ 0.32031821211307887	false	0.5
wichtigtuer	off 1.0	off 1.0	off 0.6693556901790264 neg 0.1775411986089752 __DUMMY__ 0.15310311121199838	false	1.0
misslingen	neg 1.0		off 0.35985043580670734 neg 0.3202173507671255 __DUMMY__ 0.3199322134261671	false	0.5
untreu	off 1.0		off 0.36348233851225575 neg 0.32033340120688825 __DUMMY__ 0.316184260280856	false	1.0
missmutig	neg 1.0		off 0.36066888065793434 neg 0.3222172014556519 __DUMMY__ 0.31711391788641363	false	0.5
hurenbock	off 1.0		off 0.3545843877178396 neg 0.32970264768133184 __DUMMY__ 0.3157129646008284	false	1.0
betrunken	neg 1.0		off 0.3652800345091138 neg 0.31961975467953246 __DUMMY__ 0.3151002108113537	false	0.5
korrupt	off 1.0		off 0.3551110293070551 neg 0.3262722240637179 __DUMMY__ 0.31861674662922684	false	1.0
unmut	neg 1.0		off 0.35055047317246896 neg 0.3270936303158785 __DUMMY__ 0.3223558965116524	false	0.5
hackfresse	off 1.0		off 0.3711025060219728 neg 0.3165114253903443 __DUMMY__ 0.31238606858768286	false	1.0
aufblasen	neg 1.0		off 0.35737524425738654 neg 0.3237188761221716 __DUMMY__ 0.31890587962044176	false	0.5
gewaltsam	neg 1.0		off 0.3577992007561556 neg 0.3217906191384234 __DUMMY__ 0.32041018010542105	false	0.5
unbeliebtheit	neg 1.0		off 0.36368686603237993 neg 0.3200482816514365 __DUMMY__ 0.3162648523161835	false	0.5
sturheit	neg 1.0		off 0.3571290965597417 neg 0.32234701168112506 __DUMMY__ 0.3205238917591334	false	0.5
kuh	neg 1.0		off 0.3557028468493896 neg 0.3319834874913566 __DUMMY__ 0.3123136656592538	false	0.5
erschrecken	neg 1.0		off 0.36132707266005964 neg 0.32137297705988993 __DUMMY__ 0.3172999502800504	false	0.5
opfer	neg 1.0		off 0.35535437707073897 __DUMMY__ 0.32259529740823506 neg 0.322050325521026	false	0.5
sinken	neg 1.0		off 0.3499261469830931 neg 0.3292487943128423 __DUMMY__ 0.3208250587040647	false	0.5
stinktier	neg 1.0		off 0.36590081785650286 neg 0.32387891894936716 __DUMMY__ 0.31022026319413015	false	0.5
tucke	off 1.0		off 0.3708520468335424 neg 0.320490474808153 __DUMMY__ 0.3086574783583046	false	1.0
ein			off 0.35483611975951457 neg 0.32712865956748893 __DUMMY__ 0.3180352206729965	false	0.0
abstieg	neg 1.0		off 0.3569264502706019 __DUMMY__ 0.32241847585389477 neg 0.3206550738755034	false	0.5
missverstehen	neg 1.0		off 0.36026264866201585 neg 0.3218021629290569 __DUMMY__ 0.3179351884089273	false	0.5
ergebnislos	neg 1.0		off 0.35458277641492153 neg 0.3231787569272519 __DUMMY__ 0.32223846665782657	false	0.5
unter			off 0.34591504495652614 neg 0.3279474802746774 __DUMMY__ 0.32613747476879656	false	0.0
manipulieren	neg 1.0		off 0.35311704363124885 neg 0.32514921607066394 __DUMMY__ 0.32173374029808716	false	0.5
unbewiesen	neg 1.0	neg 1.0	neg 0.6485721716962519 off 0.19813717177137297 __DUMMY__ 0.15329065653237506	false	1.0
verschleppen	neg 1.0		off 0.3544228144783598 neg 0.3252082897465717 __DUMMY__ 0.32036889577506844	false	0.5
weib	off 1.0		off 0.37206828573655354 neg 0.3179691814110659 __DUMMY__ 0.3099625328523807	false	1.0
opposition	neg 1.0		off 0.35812416711808026 neg 0.3244737373819498 __DUMMY__ 0.3174020954999699	false	0.5
verkehrswidrig	neg 1.0		off 0.369211656797167 neg 0.31549704648342414 __DUMMY__ 0.31529129671940886	false	0.5
inkorrekt	neg 1.0		off 0.36620441276482096 neg 0.3191933593544511 __DUMMY__ 0.3146022278807279	false	0.5
vermeiden	neg 1.0		off 0.3486127381821929 neg 0.3277078960139527 __DUMMY__ 0.3236793658038545	false	0.5
abweichung	neg 1.0	neg 1.0	neg 0.6485701702973693 off 0.19663613112251346 __DUMMY__ 0.1547936985801172	false	1.0
alkoholisiert	neg 1.0		off 0.3543755991783882 __DUMMY__ 0.32402414288556597 neg 0.32160025793604574	false	0.5
scheiss	off 1.0	off 1.0	off 0.6712393589889579 neg 0.17783949532788895 __DUMMY__ 0.15092114568315315	false	1.0
herausforderung	neg 1.0		off 0.3545735506590116 neg 0.32500399667707697 __DUMMY__ 0.3204224526639115	false	0.5
pervers	off 1.0		off 0.3751007823649001 neg 0.31536564406711154 __DUMMY__ 0.30953357356798833	false	1.0
wackelig	neg 1.0		off 0.35487912795996307 neg 0.3241800640839346 __DUMMY__ 0.3209408079561022	false	0.5
verwickeln	neg 1.0		off 0.3594773045504707 neg 0.3220186542364493 __DUMMY__ 0.31850404121308	false	0.5
vorwand	neg 1.0		off 0.3513327097716671 neg 0.32676543006957387 __DUMMY__ 0.3219018601587589	false	0.5
muschi	off 1.0		off 0.3569222533438344 neg 0.32329146148566357 __DUMMY__ 0.3197862851705021	false	1.0
entmutigung	neg 1.0		off 0.3581896003188532 neg 0.3257423000518538 __DUMMY__ 0.316068099629293	false	0.5
unangemessen	neg 1.0		off 0.3563758150153242 neg 0.3234527870872816 __DUMMY__ 0.32017139789739435	false	0.5
unstetig	neg 1.0		off 0.3608815137880282 neg 0.3224307905910299 __DUMMY__ 0.31668769562094184	false	0.5
entmutigen	neg 1.0		off 0.35817805358409316 neg 0.32305295986854166 __DUMMY__ 0.31876898654736524	false	0.5
schwanz	neg 1.0		off 0.35410302830055507 neg 0.32590938794204566 __DUMMY__ 0.31998758375739933	false	0.5
verbot	neg 1.0		off 0.3550516214572425 neg 0.3258072753105218 __DUMMY__ 0.3191411032322357	false	0.5
leid	neg 1.0		off 0.368057195157958 neg 0.31821866150830513 __DUMMY__ 0.31372414333373694	false	0.5
archaisch	neg 1.0		off 0.3550406624216717 neg 0.32574853716447605 __DUMMY__ 0.31921080041385214	false	0.5
gegen			off 0.35212428271145085 neg 0.32451377091133377 __DUMMY__ 0.3233619463772154	false	0.0
scheidung	neg 1.0		off 0.3808706335214792 __DUMMY__ 0.31069860226095125 neg 0.3084307642175696	false	0.5
einschlag	neg 1.0		off 0.36857739737571005 __DUMMY__ 0.3164964707662536 neg 0.3149261318580364	false	0.5
m			off 0.35508622369884685 neg 0.32456149932744643 __DUMMY__ 0.3203522769737067	false	0.0
abgestanden	neg 1.0		off 0.3535411219856964 neg 0.33153853037182923 __DUMMY__ 0.31492034764247434	false	0.5
schmierig	off 1.0		off 0.3674748155595458 neg 0.3188899509988909 __DUMMY__ 0.31363523344156324	false	1.0
unpraktisch	neg 1.0		off 0.3588797067196259 neg 0.3222790381195175 __DUMMY__ 0.3188412551608567	false	0.5
wixxer	off 1.0		off 0.3745020094231508 neg 0.3172058862085968 __DUMMY__ 0.3082921043682522	false	1.0
bezeichnet			off 0.35807071041040095 neg 0.3222530610238194 __DUMMY__ 0.31967622856577965	false	0.0
jammerlappen	off 1.0		off 0.3625709190355714 neg 0.32067894548796755 __DUMMY__ 0.3167501354764612	false	1.0
farce	neg 1.0		off 0.3563052657322638 neg 0.32575848716165234 __DUMMY__ 0.31793624710608387	false	0.5
zwecklos	neg 1.0		off 0.35477910307406546 neg 0.325233622264728 __DUMMY__ 0.31998727466120636	false	0.5
turbulent	neg 1.0		off 0.36397170729179235 neg 0.32130787928746357 __DUMMY__ 0.31472041342074414	false	0.5
invasion	neg 1.0		off 0.35973106280219314 neg 0.32259272897046976 __DUMMY__ 0.31767620822733694	false	0.5
schuld	neg 1.0		off 0.3586771549659604 neg 0.3225097424043065 __DUMMY__ 0.31881310262973306	false	0.5
risiko	neg 1.0		off 0.35771550147850034 neg 0.3259839919049153 __DUMMY__ 0.3163005066165844	false	0.5
finster	neg 1.0		off 0.35532254289335446 neg 0.3270568015242299 __DUMMY__ 0.31762065558241565	false	0.5
geisteskrank	off 1.0		off 0.36514798602755305 neg 0.3194012029181702 __DUMMY__ 0.3154508110542769	false	1.0
zusammenbrechen	neg 1.0		off 0.35475244032667486 neg 0.32553474682596517 __DUMMY__ 0.31971281284736003	false	0.5
ausbeute	neg 1.0		off 0.3576369826212368 __DUMMY__ 0.3215214820138079 neg 0.3208415353649553	false	0.5
hinterhalt	neg 1.0		off 0.3551460735061996 neg 0.3256665898873237 __DUMMY__ 0.3191873366064767	false	0.5
kritik	neg 1.0		off 0.3560650885314214 neg 0.3258295719285663 __DUMMY__ 0.31810533954001213	false	0.5
einschrumpfen	neg 1.0		off 0.36146529803941435 neg 0.3234130315206841 __DUMMY__ 0.31512167043990147	false	0.5
riskant	neg 1.0		off 0.35201776087924536 neg 0.32720500714484624 __DUMMY__ 0.32077723197590835	false	0.5
frustrieren	neg 1.0		off 0.35284030974640923 neg 0.32695019736327713 __DUMMY__ 0.32020949289031386	false	0.5
groll	neg 1.0		off 0.35595183872096536 neg 0.3231293557251275 __DUMMY__ 0.3209188055539072	false	0.5
gibt			off 0.3546751462278058 neg 0.3249818159761078 __DUMMY__ 0.3203430377960864	false	0.0
qualvoll	neg 1.0		off 0.3593586322823472 neg 0.3225003238021486 __DUMMY__ 0.3181410439155041	false	0.5
wackeln	neg 1.0		off 0.3569414651281876 neg 0.32369088071074703 __DUMMY__ 0.3193676541610654	false	0.5
klagen	neg 1.0		off 0.3511599143990721 neg 0.3275016958246886 __DUMMY__ 0.3213383897762393	false	0.5
bankrott	neg 1.0		off 0.3623558833432696 neg 0.32022700330911547 __DUMMY__ 0.31741711334761485	false	0.5
trauern	neg 1.0		off 0.35495501808487695 __DUMMY__ 0.3238187940711942 neg 0.3212261878439288	false	0.5
ablehnung	neg 1.0		off 0.3553542804049083 neg 0.32628784679493805 __DUMMY__ 0.31835787280015365	false	0.5
stur	neg 1.0		off 0.3583509580706179 neg 0.32321495296539077 __DUMMY__ 0.31843408896399134	false	0.5
aufruhr	neg 1.0	neg 1.0	neg 0.648336584657353 off 0.19781246718151113 __DUMMY__ 0.15385094816113587	false	1.0
melancholie	neg 1.0		off 0.35080997670035896 neg 0.3293168563217435 __DUMMY__ 0.3198731669778975	false	0.5
ist			off 0.35882753975980924 neg 0.3229041129618199 __DUMMY__ 0.31826834727837083	false	0.0
torheit	neg 1.0		off 0.35846692874056774 neg 0.3231082485683666 __DUMMY__ 0.3184248226910657	false	0.5
dreckskind	off 1.0		off 0.37154877138529596 neg 0.3174273733618879 __DUMMY__ 0.31102385525281595	false	1.0
umtauschen	neg 1.0		off 0.35632703497740087 neg 0.3244027338788525 __DUMMY__ 0.3192702311437467	false	0.5
zum			off 0.3511565972622405 __DUMMY__ 0.32632857235939394 neg 0.32251483037836554	false	0.0
zersetzen	neg 1.0		off 0.3516169625988489 neg 0.3278936058102401 __DUMMY__ 0.3204894315909109	false	0.5
zur			off 0.3490218031292091 neg 0.3270886677522575 __DUMMY__ 0.3238895291185334	false	0.0
frust	neg 1.0		off 0.3548239342300467 neg 0.32500290413206 __DUMMY__ 0.32017316163789333	false	0.5
unerbittlichkeit	neg 1.0		off 0.35355895443307916 neg 0.32509076088203454 __DUMMY__ 0.3213502846848863	false	0.5
zwei			off 0.34884814728890173 neg 0.3266914812632874 __DUMMY__ 0.32446037144781076	false	0.0
unkorrekt	neg 1.0		off 0.3650446138573616 neg 0.31975062674984656 __DUMMY__ 0.3152047593927919	false	0.5
hexe	off 1.0		off 0.36011714161989855 neg 0.32538393366556695 __DUMMY__ 0.31449892471453433	false	1.0
lasch	neg 1.0		off 0.3620379371810834 neg 0.3204575005020375 __DUMMY__ 0.3175045623168792	false	0.5
rivale	neg 1.0		off 0.36659573993632977 neg 0.3186560871796945 __DUMMY__ 0.3147481728839757	false	0.5
mutlos	off 1.0	off 1.0	off 0.6658329694493168 neg 0.17998288326062584 __DUMMY__ 0.1541841472900574	false	1.0
wirr	off 1.0		off 0.36660448389155587 neg 0.319599095350355 __DUMMY__ 0.31379642075808917	false	1.0
jahr			off 0.35501309161924743 __DUMMY__ 0.32434439097432133 neg 0.32064251740643124	false	0.0
wird			off 0.3543669832474332 neg 0.32475599066085814 __DUMMY__ 0.32087702609170865	false	0.0
strafbar	neg 1.0		off 0.3536814849797288 neg 0.3247245012528187 __DUMMY__ 0.3215940137674525	false	0.5
erosion	neg 1.0		off 0.3576184947005416 neg 0.32307132289984525 __DUMMY__ 0.3193101823996132	false	0.5
eingehen	neg 1.0		off 0.35264144175551904 neg 0.32709221076893824 __DUMMY__ 0.32026634747554295	false	0.5
faul	off 1.0		off 0.36176566525137804 neg 0.321064746932253 __DUMMY__ 0.3171695878163691	false	1.0
provisorium	neg 1.0		off 0.3464450836484631 neg 0.3269802117557538 __DUMMY__ 0.32657470459578314	false	0.5
schmerzen	neg 1.0		off 0.355255868392016 neg 0.32574495693166033 __DUMMY__ 0.3189991746763236	false	0.5
schrumpfen	neg 1.0		off 0.3471495191780662 neg 0.3311970620427873 __DUMMY__ 0.32165341877914644	false	0.5
geistlos	off 1.0		off 0.35943332058562494 neg 0.3240025945821003 __DUMMY__ 0.3165640848322746	false	1.0
fehlkauf	neg 1.0		off 0.3594003486041515 neg 0.3233643148716716 __DUMMY__ 0.3172353365241769	false	0.5
frustrierend	neg 1.0		off 0.3608789997600848 neg 0.3221552376086548 __DUMMY__ 0.31696576263126036	false	0.5
unzufrieden	neg 1.0		off 0.35479137443222974 neg 0.324856631774114 __DUMMY__ 0.32035199379365625	false	0.5
verzweifeln	neg 1.0		off 0.3562045777079649 neg 0.323941264012717 __DUMMY__ 0.31985415827931823	false	0.5
verzweifelt	neg 1.0		off 0.3583214021243834 neg 0.32332959324180455 __DUMMY__ 0.31834900463381205	false	0.5
misstrauensantrag	neg 1.0		off 0.3590259439322236 neg 0.32327359947607326 __DUMMY__ 0.3177004565917031	false	0.5
abfallen	neg 1.0		off 0.35680294786087474 neg 0.32461645665150546 __DUMMY__ 0.3185805954876198	false	0.5
fucker	off 1.0		off 0.3662824981985992 neg 0.3182670845799319 __DUMMY__ 0.31545041722146894	false	1.0
ungezogen	neg 1.0		off 0.3731763440855894 neg 0.3157129083420205 __DUMMY__ 0.31111074757239016	false	0.5
irrsinnig	neg 1.0	neg 1.0	neg 0.6491609502345133 off 0.1977744584080269 __DUMMY__ 0.15306459135745978	false	1.0
unfassbar	neg 1.0		off 0.36374026406394494 neg 0.31969494444769825 __DUMMY__ 0.31656479148835687	false	0.5
hart	neg 1.0		off 0.3607876980800214 neg 0.3264224193461339 __DUMMY__ 0.31278988257384455	false	0.5
widerlich	off 1.0		off 0.3639147996983368 neg 0.3203035419897905 __DUMMY__ 0.3157816583118727	false	1.0
fatal	neg 1.0	neg 1.0	neg 0.6501776393926498 off 0.19807644563001106 __DUMMY__ 0.15174591497733902	false	1.0
bruch	neg 1.0		off 0.3508072361296013 neg 0.32606441495772653 __DUMMY__ 0.32312834891267217	false	0.5
aushungern	neg 1.0		off 0.3553274915492354 neg 0.3255446921650941 __DUMMY__ 0.31912781628567066	false	0.5
anspannung	neg 1.0		off 0.3494081882987325 neg 0.3256920483444347 __DUMMY__ 0.32489976335683274	false	0.5
von			off 0.35173180092930006 neg 0.32629589680794086 __DUMMY__ 0.321972302262759	false	0.0
kraftlos	neg 1.0		off 0.35410543783463994 neg 0.32550699705989045 __DUMMY__ 0.32038756510546984	false	0.5
vom			off 0.3478988092731444 __DUMMY__ 0.3274516078010674 neg 0.32464958292578805	false	0.0
grenzdebil	off 1.0		off 0.3633700850875413 neg 0.32103424997588237 __DUMMY__ 0.3155956649365763	false	1.0
vor			off 0.35066946643732316 neg 0.3267039452118314 __DUMMY__ 0.3226265883508456	false	0.0
unterwerfen	neg 1.0		off 0.354405634632002 neg 0.32419551655822054 __DUMMY__ 0.32139884880977754	false	0.5
versenkung	neg 1.0		off 0.35372199685309663 neg 0.3246614015276395 __DUMMY__ 0.3216166016192639	false	0.5
entziehen	neg 1.0		off 0.35114541030186547 neg 0.326985553753909 __DUMMY__ 0.32186903594422567	false	0.5
finanzkrise	neg 1.0		off 0.3532464094631158 neg 0.3315501100304947 __DUMMY__ 0.3152034805063895	false	0.5
schimpfend	neg 1.0		off 0.35875318043742277 neg 0.32158076807845987 __DUMMY__ 0.3196660514841174	false	0.5
profan	neg 1.0		off 0.35929223899317153 neg 0.32312208563045364 __DUMMY__ 0.3175856753763748	false	0.5
korruption	neg 1.0		off 0.35414983974803727 neg 0.32710960470282807 __DUMMY__ 0.31874055554913483	false	0.5
â			off 0.35401465392632014 neg 0.3258208668767868 __DUMMY__ 0.32016447919689306	false	0.0
schmutzig	neg 1.0		off 0.36380346815778586 neg 0.3203515081983505 __DUMMY__ 0.31584502364386374	false	0.5
sexy	neg 1.0		off 0.36150369350458605 neg 0.3208719112523171 __DUMMY__ 0.3176243952430967	false	0.5
abraten	neg 1.0		off 0.3593306354948673 neg 0.32224427836155645 __DUMMY__ 0.3184250861435762	false	0.5
schwarz	neg 1.0		off 0.3596067159123375 neg 0.3222787138303852 __DUMMY__ 0.3181145702572773	false	0.5
fotze	off 1.0	off 1.0	off 0.6663006479174763 neg 0.17964445548965632 __DUMMY__ 0.15405489659286734	false	1.0
verwirren	neg 1.0		off 0.3600135751004435 neg 0.3220064638890758 __DUMMY__ 0.31797996101048065	false	0.5
zahnlos	off 1.0		off 0.3558182790023816 neg 0.3242569335243641 __DUMMY__ 0.31992478747325426	false	1.0
verheeren	neg 1.0		off 0.3748333636461617 neg 0.3142428069084138 __DUMMY__ 0.31092382944542457	false	0.5
hippie	neg 1.0		off 0.3608467923085979 neg 0.3217357039339635 __DUMMY__ 0.3174175037574387	false	0.5
rammen	neg 1.0		off 0.357503448150518 neg 0.3239259940613659 __DUMMY__ 0.31857055778811627	false	0.5
unlauter	neg 1.0		off 0.35867593481942855 neg 0.32408477839927047 __DUMMY__ 0.31723928678130087	false	0.5
unheilvoll	neg 1.0		off 0.35777584566392934 neg 0.3243777266663036 __DUMMY__ 0.317846427669767	false	0.5
niedrig	neg 1.0		off 0.35288569456057994 neg 0.3279420360216255 __DUMMY__ 0.3191722694177947	false	0.5
explosion	neg 1.0		off 0.36091597877283177 neg 0.32143289444950635 __DUMMY__ 0.3176511267776619	false	0.5
weichei	off 1.0	off 1.0	off 0.6734856700332105 neg 0.1768602657534945 __DUMMY__ 0.14965406421329502	false	1.0
minusmensch	off 1.0		off 0.373567400328349 neg 0.3165365774021916 __DUMMY__ 0.3098960222694595	false	1.0
farblos	neg 1.0		off 0.358137141297183 neg 0.32367582250861 __DUMMY__ 0.31818703619420696	false	0.5
unwissend	neg 1.0	neg 1.0	neg 0.6480458690101861 off 0.20003169936231815 __DUMMY__ 0.1519224316274958	false	1.0
traurig	neg 1.0		off 0.36627179525888764 neg 0.3186067468556118 __DUMMY__ 0.31512145788550067	false	0.5
senkung	neg 1.0		off 0.3582182515790912 neg 0.3265314330398049 __DUMMY__ 0.31525031538110376	false	0.5
ungleich	neg 1.0	neg 1.0	neg 0.6503384976308749 off 0.19540627999976876 __DUMMY__ 0.1542552223693564	false	1.0
heikel	neg 1.0		off 0.35275697826163027 neg 0.3259915998804223 __DUMMY__ 0.32125142185794725	false	0.5
drosselung	neg 1.0		off 0.3618490112277592 neg 0.3246569335330241 __DUMMY__ 0.3134940552392166	false	0.5
falsch	neg 1.0		off 0.3618371093521201 neg 0.3205466520993689 __DUMMY__ 0.3176162385485112	false	0.5
unzufriedenheit	neg 1.0		off 0.35136724896367383 neg 0.32848509890860994 __DUMMY__ 0.32014765212771623	false	0.5
kurz	neg 1.0		off 0.35564838427849055 neg 0.32331221299848095 __DUMMY__ 0.3210394027230286	false	0.5
unsinnig	neg 1.0		off 0.3553628521561568 neg 0.32607346648715263 __DUMMY__ 0.31856368135669066	false	0.5
penner	off 1.0	off 1.0	off 0.6749074888122634 neg 0.1754924843553308 __DUMMY__ 0.14960002683240586	false	1.0
seicht	neg 1.0		off 0.37115151430347615 neg 0.3187288109869428 __DUMMY__ 0.3101196747095812	false	0.5
dummheit	off 1.0	off 1.0	off 0.6688127077733667 neg 0.17887824285246057 __DUMMY__ 0.1523090493741728	false	1.0
unerfreulich	neg 1.0		off 0.3521368249050617 neg 0.3267497271197114 __DUMMY__ 0.321113447975227	false	0.5
motherfucker	off 1.0	off 1.0	off 0.6719773430581976 neg 0.17664094821226317 __DUMMY__ 0.1513817087295392	false	1.0
pikiert	neg 1.0		off 0.36252090833393646 neg 0.3214800764667812 __DUMMY__ 0.31599901519928236	false	0.5
wrack	neg 1.0		off 0.35778429465567957 __DUMMY__ 0.32309505141228645 neg 0.319120653932034	false	0.5
gangster	neg 1.0		off 0.3610325404176869 neg 0.32169635898143034 __DUMMY__ 0.3172711006008826	false	0.5
krank	neg 1.0		off 0.3643158010070694 neg 0.3191446142490863 __DUMMY__ 0.3165395847438444	false	0.5
reich	neg 1.0		off 0.3597893341191067 neg 0.3253828874897844 __DUMMY__ 0.314827778391109	false	0.5
gnadenlos	neg 1.0		off 0.35855597461223887 neg 0.3223093408887859 __DUMMY__ 0.31913468449897525	false	0.5
niedergeschlagen	neg 1.0		off 0.3556307311129328 neg 0.3228189598087703 __DUMMY__ 0.32155030907829685	false	0.5
terrorisieren	off 1.0	off 1.0	off 0.6655583963267919 neg 0.17952565972379053 __DUMMY__ 0.15491594394941754	false	1.0
sinnlosigkeit	neg 1.0		off 0.3551817518809736 neg 0.32482706155056484 __DUMMY__ 0.3199911865684614	false	0.5
behindern	neg 1.0		off 0.3564898965872294 neg 0.32479092327180525 __DUMMY__ 0.31871918014096545	false	0.5
undemokratisch	neg 1.0		off 0.3590725778086505 neg 0.3236291011268136 __DUMMY__ 0.317298321064536	false	0.5
wirtschaftskrise	neg 1.0		off 0.35287376438112084 neg 0.3292257232839071 __DUMMY__ 0.31790051233497224	false	0.5
neid	neg 1.0		off 0.3607525513788765 neg 0.32172842775140253 __DUMMY__ 0.317519020869721	false	0.5
rutschen	neg 1.0		off 0.3483223260262922 neg 0.32738567583691947 __DUMMY__ 0.32429199813678844	false	0.5
rezession	neg 1.0		off 0.36358071820247223 neg 0.3249078772648055 __DUMMY__ 0.3115114045327223	false	0.5
fehlgeburt	neg 1.0		off 0.3584585946127438 neg 0.3216245837184479 __DUMMY__ 0.31991682166880825	false	0.5
charakterschwach	off 1.0		off 0.36301307266692684 neg 0.32142093964712254 __DUMMY__ 0.31556598768595073	false	1.0
isolation	neg 1.0		off 0.36208205383973313 neg 0.3199070242192399 __DUMMY__ 0.31801092194102704	false	0.5
ablenkung	neg 1.0		off 0.35724884975553056 neg 0.32292201038698937 __DUMMY__ 0.31982913985748	false	0.5
pech	neg 1.0		off 0.36136733560629325 neg 0.3219202530288389 __DUMMY__ 0.3167124113648677	false	0.5
vermeidung	neg 1.0		off 0.3631095306262079 neg 0.3216817759959594 __DUMMY__ 0.31520869337783275	false	0.5
dominieren	neg 1.0		off 0.35572817621317476 neg 0.3242753212095668 __DUMMY__ 0.3199965025772585	false	0.5
schwindlig	neg 1.0		off 0.3587994901063612 neg 0.3235178730687575 __DUMMY__ 0.3176826368248814	false	0.5
lutscher	neg 1.0	neg 1.0	neg 0.6457865297335806 off 0.20611289725226278 __DUMMY__ 0.14810057301415658	false	1.0
pflicht	neg 1.0		off 0.35185121177151996 neg 0.3257040272654699 __DUMMY__ 0.3224447609630101	false	0.5
faschist	off 1.0		off 0.3618420043986228 neg 0.320299859157107 __DUMMY__ 0.31785813644427025	false	1.0
verschleudern	neg 1.0		off 0.35140611589745 neg 0.33021324680521447 __DUMMY__ 0.31838063729733557	false	0.5
wenn			off 0.36217003534508474 neg 0.32102271435482144 __DUMMY__ 0.3168072503000939	false	0.0
ehebruch	neg 1.0		off 0.3545324646042595 neg 0.3248080390069535 __DUMMY__ 0.3206594963887869	false	0.5
spott	off 1.0		off 0.35485941682462174 neg 0.32385036609576423 __DUMMY__ 0.3212902170796141	false	1.0
trostlosigkeit	neg 1.0		off 0.3499067729100249 neg 0.32969842994583287 __DUMMY__ 0.3203947971441424	false	0.5
lutschen	neg 1.0		off 0.36120927526427216 neg 0.32224143104788355 __DUMMY__ 0.31654929368784435	false	0.5
undiszipliniert	neg 1.0		off 0.3652969070290074 neg 0.31954414757386246 __DUMMY__ 0.3151589453971301	false	0.5
kopfschmerz	neg 1.0		off 0.35207643485683754 neg 0.3292024099441427 __DUMMY__ 0.3187211551990197	false	0.5
unvorhergesehen	neg 1.0		off 0.35246681772909066 neg 0.3247648652821461 __DUMMY__ 0.32276831698876324	false	0.5
desinteressiert	neg 1.0		off 0.36453863505762074 neg 0.32013136406185044 __DUMMY__ 0.31533000088052876	false	0.5
armselig	off 1.0		off 0.36731851816229105 neg 0.3178868897929464 __DUMMY__ 0.3147945920447627	false	1.0
desaster	neg 1.0		off 0.35032785837290387 neg 0.32802159255342594 __DUMMY__ 0.3216505490736703	false	0.5
tod	neg 1.0		off 0.3537970794893988 neg 0.324928611356225 __DUMMY__ 0.32127430915437616	false	0.5
herzlos	neg 1.0		off 0.36659972163227755 neg 0.3185475536691842 __DUMMY__ 0.3148527246985383	false	0.5
unwissenheit	neg 1.0		off 0.3547598517048274 neg 0.3252210633779329 __DUMMY__ 0.32001908491723974	false	0.5
widersinnig	neg 1.0		off 0.3549577467734888 neg 0.32711331123185755 __DUMMY__ 0.3179289419946535	false	0.5
bedenklich	neg 1.0		off 0.3534200034308631 neg 0.3266498793727199 __DUMMY__ 0.3199301171964171	false	0.5
beanstanden	neg 1.0		off 0.35296916024401354 neg 0.32440245348137303 __DUMMY__ 0.3226283862746134	false	0.5
panisch	neg 1.0		off 0.35975894768040295 neg 0.3212323202905447 __DUMMY__ 0.3190087320290524	false	0.5
debil	off 1.0		off 0.34548243420969094 neg 0.3301400666604192 __DUMMY__ 0.32437749912988983	false	1.0
abstrich	neg 1.0		off 0.3551199652993751 neg 0.3257394145063848 __DUMMY__ 0.31914062019424017	false	0.5
primitiv	neg 1.0		off 0.36497609677201154 neg 0.3194333075111426 __DUMMY__ 0.31559059571684595	false	0.5
abschaum	off 1.0	off 1.0	off 0.6711859635559932 neg 0.1763326110747242 __DUMMY__ 0.15248142536928255	false	1.0
provozieren	neg 1.0		off 0.35821624535085456 neg 0.32310573620784805 __DUMMY__ 0.3186780184412973	false	0.5
tot	neg 1.0		off 0.35397866694422114 neg 0.32706421462781055 __DUMMY__ 0.31895711842796826	false	0.5
instabil	neg 1.0		off 0.3662543604503087 neg 0.32058813069402015 __DUMMY__ 0.31315750885567106	false	0.5
schwuchtel	off 1.0	off 1.0	off 0.6787177657656275 neg 0.1740801267728608 __DUMMY__ 0.14720210746151158	false	1.0
zerren	neg 1.0		off 0.355053245959795 neg 0.3238841919339866 __DUMMY__ 0.3210625621062184	false	0.5
kinderficker	off 1.0		off 0.3696887037889158 neg 0.3167425008225063 __DUMMY__ 0.31356879538857785	false	1.0
gefahr	neg 1.0		off 0.3526513924176078 neg 0.32480740855195595 __DUMMY__ 0.3225411990304363	false	0.5
rabiat	neg 1.0		off 0.35625277542989764 neg 0.3243766925232782 __DUMMY__ 0.31937053204682414	false	0.5
verlangsamung	neg 1.0		off 0.3703773456313383 neg 0.31807302421111894 __DUMMY__ 0.3115496301575426	false	0.5
ausgestorben	neg 1.0		off 0.3561478151822261 neg 0.32386577543210937 __DUMMY__ 0.31998640938566447	false	0.5
anklagen	neg 1.0		off 0.356108676229173 neg 0.32359790364197205 __DUMMY__ 0.320293420128855	false	0.5
trott	neg 1.0		off 0.35717343247882405 neg 0.3236601725881777 __DUMMY__ 0.3191663949329984	false	0.5
verminderung	neg 1.0		off 0.36342086315964917 neg 0.32114827301904636 __DUMMY__ 0.3154308638213043	false	0.5
nach			off 0.34772880322608024 neg 0.32664971967177314 __DUMMY__ 0.3256214771021465	false	0.0
rost	neg 1.0		off 0.373862472292448 __DUMMY__ 0.31331814078897124 neg 0.31281938691858074	false	0.5
destruktiv	neg 1.0		off 0.356742261560936 neg 0.32447324717518966 __DUMMY__ 0.3187844912638744	false	0.5
unzumutbarkeit	neg 1.0		off 0.3633030657396069 neg 0.32117091158528827 __DUMMY__ 0.31552602267510493	false	0.5
labil	off 1.0	off 1.0	off 0.6701506169227723 neg 0.17785507266143777 __DUMMY__ 0.15199431041578976	false	1.0
ziemlich	neg 1.0		off 0.3635059438503325 neg 0.3197004434850601 __DUMMY__ 0.3167936126646073	false	0.5
lachnummer	off 1.0		off 0.358372975296945 neg 0.3219997877566614 __DUMMY__ 0.31962723694639356	false	1.0
oder			off 0.35816030580494973 neg 0.3222927722178305 __DUMMY__ 0.3195469219772198	false	0.0
verfall	neg 1.0		off 0.3474648190760578 neg 0.330778637151789 __DUMMY__ 0.321756543772153	false	0.5
ausgrenzung	neg 1.0		off 0.35876983416695707 neg 0.32414071581194703 __DUMMY__ 0.3170894500210959	false	0.5
unordnung	neg 1.0		off 0.36732307613809184 neg 0.3190702634329241 __DUMMY__ 0.3136066604289839	false	0.5
fehlverhalten	neg 1.0		off 0.35321208275022964 neg 0.3256568604108108 __DUMMY__ 0.3211310568389596	false	0.5
eine			off 0.3508049022462976 neg 0.3273251484200212 __DUMMY__ 0.3218699493336813	false	0.0
nille	neg 1.0		off 0.35760740733069835 neg 0.32328596706021845 __DUMMY__ 0.31910662560908326	false	0.5
qual	neg 1.0		off 0.35663980917374033 neg 0.3242514919940449 __DUMMY__ 0.31910869883221493	false	0.5
verschwenden	neg 1.0		off 0.35185007617386144 neg 0.32808543691278813 __DUMMY__ 0.32006448691335054	false	0.5
riesig	neg 1.0		off 0.35370050227355027 neg 0.3250085154653324 __DUMMY__ 0.32129098226111735	false	0.5
verurteilen	neg 1.0		off 0.35563729842860153 neg 0.3241313138539058 __DUMMY__ 0.3202313877174927	false	0.5
klischee	neg 1.0	neg 1.0	neg 0.648547075144962 off 0.19938365220604512 __DUMMY__ 0.15206927264899295	false	1.0
diktatorisch	neg 1.0		off 0.35908991141841184 neg 0.3237673005129134 __DUMMY__ 0.31714278806867474	false	0.5
vorhersehbar	neg 1.0		off 0.3597695168752061 neg 0.323417861125423 __DUMMY__ 0.3168126219993709	false	0.5
sowie			off 0.3677710710781353 neg 0.31975187027683033 __DUMMY__ 0.3124770586450345	false	0.0
stornieren	neg 1.0		off 0.3625829224036901 __DUMMY__ 0.32048924376846116 neg 0.31692783382784856	false	0.5
besteuerung	neg 1.0	neg 1.0	neg 0.6519088111347234 off 0.19652794296441536 __DUMMY__ 0.15156324590086126	false	1.0
ungeschminkt	neg 1.0		off 0.3644835226918613 neg 0.32057389978582446 __DUMMY__ 0.3149425775223143	false	0.5
kritisch	neg 1.0		off 0.3548822415942925 neg 0.3248917005995987 __DUMMY__ 0.32022605780610885	false	0.5
schlamperei	off 1.0		off 0.3535536143196301 neg 0.3256615442324749 __DUMMY__ 0.3207848414478951	false	1.0
sucht	neg 1.0	neg 1.0	neg 0.6481586467859096 off 0.198404883170016 __DUMMY__ 0.15343647004407443	false	1.0
egoistisch	off 1.0	off 1.0	off 0.6741727450035122 neg 0.17518355439193584 __DUMMY__ 0.150643700604552	false	1.0
ausbeuter	off 1.0		off 0.35188738017413196 neg 0.32812838272412853 __DUMMY__ 0.31998423710173945	false	1.0
arschgeburt	off 1.0		off 0.37721181875600657 neg 0.31535993834816023 __DUMMY__ 0.30742824289583315	false	1.0
schubs	neg 1.0		off 0.3528753879546891 neg 0.3279604113193536 __DUMMY__ 0.3191642007259572	false	0.5
unsolide	neg 1.0		off 0.36047370417913005 neg 0.3216440102972053 __DUMMY__ 0.3178822855236645	false	0.5
beschwerde	neg 1.0		off 0.35562312746708563 neg 0.3238884102975039 __DUMMY__ 0.3204884622354103	false	0.5
stocken	neg 1.0		off 0.35384664464393684 neg 0.32583314179608824 __DUMMY__ 0.3203202135599749	false	0.5
isolieren	neg 1.0		off 0.35427016668615346 neg 0.32664864231666124 __DUMMY__ 0.31908119099718546	false	0.5
unheilbar	neg 1.0		off 0.3576425427098123 neg 0.32296208566824797 __DUMMY__ 0.31939537162193965	false	0.5
pisser	off 1.0	off 1.0	off 0.6723834880588092 neg 0.17660398833979002 __DUMMY__ 0.1510125236014009	false	1.0
löschen	neg 1.0		off 0.35757324231331034 neg 0.32384792144425534 __DUMMY__ 0.3185788362424341	false	0.5
durchfallen	neg 1.0		off 0.3548987588449477 neg 0.3245497120729069 __DUMMY__ 0.3205515290821455	false	0.5
wichser	off 1.0	off 1.0	off 0.6766527546788782 neg 0.17467256795722064 __DUMMY__ 0.14867467736390128	false	1.0
terror	neg 1.0		off 0.3606094666296996 neg 0.32190434584069316 __DUMMY__ 0.31748618752960733	false	0.5
krass	neg 1.0		off 0.3679727196144862 neg 0.31843539714810415 __DUMMY__ 0.3135918832374098	false	0.5
revolte	neg 1.0		off 0.35999861489470325 neg 0.3242191924662773 __DUMMY__ 0.31578219263901947	false	0.5
besorgt	neg 1.0		off 0.3561824764293086 neg 0.3223944209090786 __DUMMY__ 0.3214231026616129	false	0.5
nachlassen	neg 1.0		off 0.3544222665324256 neg 0.3245278867335933 __DUMMY__ 0.3210498467339811	false	0.5
alt	neg 1.0		off 0.3514105114096546 neg 0.33059791863114696 __DUMMY__ 0.3179915699591986	false	0.5
hundesohn	off 1.0	off 1.0	off 0.6757152908699802 neg 0.17570495923621007 __DUMMY__ 0.1485797498938098	false	1.0
als			off 0.3547957844975355 neg 0.32542725911313125 __DUMMY__ 0.3197769563893332	false	0.0
abschreckung	neg 1.0		off 0.35220638546274496 neg 0.32648954618300513 __DUMMY__ 0.32130406835425	false	0.5
unqualifiziert	neg 1.0		off 0.36222120751575543 neg 0.3204939554295194 __DUMMY__ 0.3172848370547251	false	0.5
abgewichst	off 1.0		off 0.3570755281500012 neg 0.3233440117671739 __DUMMY__ 0.31958046008282487	false	1.0
schwer	neg 1.0		off 0.35670973882248996 neg 0.32370473544852263 __DUMMY__ 0.31958552572898746	false	0.5
bedeutungslosigkeit	neg 1.0		off 0.352672467042155 neg 0.32630359368705975 __DUMMY__ 0.32102393927078526	false	0.5
kapitulation	neg 1.0		off 0.35360754757820745 neg 0.3271990157930829 __DUMMY__ 0.31919343662870975	false	0.5
unscharf	neg 1.0		off 0.35722021888317146 neg 0.327397371671567 __DUMMY__ 0.3153824094452616	false	0.5
schwinden	neg 1.0		off 0.3514252142287441 neg 0.3290167598854014 __DUMMY__ 0.3195580258858546	false	0.5
versklavung	neg 1.0	neg 1.0	neg 0.649869855548679 off 0.1978042248314068 __DUMMY__ 0.1523259196199141	false	1.0
schlecht	neg 1.0		off 0.3640078829970605 neg 0.31885406755389717 __DUMMY__ 0.3171380494490424	false	0.5
verhasst	neg 1.0		off 0.3588996714236122 neg 0.32281305709739294 __DUMMY__ 0.318287271478995	false	0.5
beschweren	neg 1.0		off 0.35991165764980654 neg 0.3210476117523013 __DUMMY__ 0.3190407305978922	false	0.5
scheiden	neg 1.0		off 0.3571220450282957 neg 0.3239346702795309 __DUMMY__ 0.3189432846921734	false	0.5
frustriert	neg 1.0		off 0.35597552494240087 neg 0.32393322714070644 __DUMMY__ 0.32009124791689253	false	0.5
schimmelig	neg 1.0		off 0.35246845967769735 neg 0.32906201019614784 __DUMMY__ 0.3184695301261549	false	0.5
fisch	neg 1.0		off 0.3485153199512805 neg 0.33227793580978426 __DUMMY__ 0.31920674423893514	false	0.5
schmuggel	neg 1.0		off 0.35232084694885824 neg 0.32443252263875394 __DUMMY__ 0.3232466304123878	false	0.5
auffallen	neg 1.0		off 0.3599157331731369 neg 0.32181118460471614 __DUMMY__ 0.3182730822221468	false	0.5
konkurrenz	neg 1.0		off 0.35303688813322986 neg 0.32471851146797653 __DUMMY__ 0.3222446003987936	false	0.5
teufelskreis	neg 1.0	neg 1.0	neg 0.6508270739063967 off 0.19625214630810645 __DUMMY__ 0.15292077978549679	false	1.0
aufschreien	neg 1.0		off 0.35997474203200786 neg 0.3227597639622087 __DUMMY__ 0.3172654940057835	false	0.5
schuldner	neg 1.0		off 0.35061465330712677 neg 0.3304890580616393 __DUMMY__ 0.3188962886312339	false	0.5
missgeburt	off 1.0	off 1.0	off 0.6754200194664802 neg 0.17482723240238604 __DUMMY__ 0.14975274813113365	false	1.0
arbeitslos	neg 1.0		off 0.35452943659867525 neg 0.3251546708212517 __DUMMY__ 0.320315892580073	false	0.5
befallen	neg 1.0		off 0.3543113398837097 neg 0.3282817750898555 __DUMMY__ 0.3174068850264349	false	0.5
miesepetrig	off 1.0	off 1.0	off 0.6702633281288418 neg 0.1776373215027286 __DUMMY__ 0.15209935036842961	false	1.0
alarmieren	neg 1.0		off 0.3628814285241959 neg 0.31978181381209464 __DUMMY__ 0.3173367576637095	false	0.5
ungeduscht	off 1.0		off 0.36116294238909935 neg 0.3227562282413084 __DUMMY__ 0.31608082936959236	false	1.0
knappheit	neg 1.0		off 0.35311650605649103 neg 0.3288401813065698 __DUMMY__ 0.3180433126369392	false	0.5
schlange	neg 1.0		off 0.35797363368366797 neg 0.32253795410958314 __DUMMY__ 0.319488412206749	false	0.5
harsch	neg 1.0		off 0.36829981499489683 neg 0.31662826041893016 __DUMMY__ 0.3150719245861729	false	0.5
lang	neg 1.0		off 0.35856255081026667 neg 0.3229984419698848 __DUMMY__ 0.3184390072198486	false	0.5
ziellos	neg 1.0		off 0.35325161236178265 neg 0.32523336934173 __DUMMY__ 0.32151501829648754	false	0.5
selbstverliebt	neg 1.0		off 0.37558190164889343 neg 0.31404934132348333 __DUMMY__ 0.3103687570276234	false	0.5
beseitigen	neg 1.0		off 0.3579586493213442 neg 0.32184860388903624 __DUMMY__ 0.3201927467896195	false	0.5
dumm	off 1.0		off 0.37015761902398897 neg 0.31718016195134674 __DUMMY__ 0.3126622190246642	false	1.0
arbeitsloser	neg 1.0		off 0.3572154811157613 __DUMMY__ 0.3231073807185474 neg 0.31967713816569154	false	0.5
blitzen	neg 1.0		off 0.3610618527032706 neg 0.32222004390183917 __DUMMY__ 0.3167181033948902	false	0.5
hilflos	neg 1.0		off 0.3545732839216664 neg 0.32525146547841627 __DUMMY__ 0.32017525059991736	false	0.5
eklig	off 1.0		off 0.3697456184398372 neg 0.31884002839152215 __DUMMY__ 0.31141435316864075	false	1.0
begriff			off 0.3569569037713426 neg 0.3235345160507679 __DUMMY__ 0.3195085801778894	false	0.0
hungersnot	neg 1.0		off 0.3540193142255722 neg 0.3270612141544081 __DUMMY__ 0.3189194716200197	false	0.5
ungesetzlich	neg 1.0		off 0.3593546940659687 neg 0.3232115730924077 __DUMMY__ 0.3174337328416236	false	0.5
verschwendung	neg 1.0		off 0.3523709249151031 neg 0.3268750079732623 __DUMMY__ 0.3207540671116347	false	0.5
schmerzvoll	neg 1.0		off 0.3582366461729573 neg 0.32394426921248404 __DUMMY__ 0.3178190846145588	false	0.5
vorzeitig	neg 1.0		off 0.36333239371291975 neg 0.31934319170322517 __DUMMY__ 0.317324414583855	false	0.5
unvollkommenheit	neg 1.0		off 0.355232145325521 neg 0.3253538166299207 __DUMMY__ 0.3194140380445583	false	0.5
intervenieren	neg 1.0		off 0.352078438769349 neg 0.32868588612040756 __DUMMY__ 0.3192356751102435	false	0.5
banause	off 1.0		off 0.37013883972076195 neg 0.3205901696553767 __DUMMY__ 0.30927099062386143	false	1.0
rebell	neg 1.0		off 0.3467964177523659 neg 0.33284745989038833 __DUMMY__ 0.3203561223572457	false	0.5
unlogisch	neg 1.0		off 0.3655460421612416 neg 0.319874749273076 __DUMMY__ 0.31457920856568244	false	0.5
leiden	neg 1.0		off 0.35302549584292126 neg 0.3235776686016769 __DUMMY__ 0.32339683555540183	false	0.5
abschaffung	neg 1.0		off 0.357216294676317 neg 0.32567959434871224 __DUMMY__ 0.31710411097497065	false	0.5
sturz	neg 1.0		off 0.36118281699395044 __DUMMY__ 0.3201095409310329 neg 0.3187076420750166	false	0.5
verkleinerung	neg 1.0		off 0.35957607053266916 neg 0.32587894563926045 __DUMMY__ 0.3145449838280705	false	0.5
schmarotzer	off 1.0		off 0.35559041487737014 neg 0.32448315875328915 __DUMMY__ 0.3199264263693406	false	1.0
bestrafung	neg 1.0	neg 1.0	neg 0.64851398117729 off 0.1979068377086301 __DUMMY__ 0.15357918111407992	false	1.0
achtlos	neg 1.0		off 0.35636602641651477 neg 0.3231436575302639 __DUMMY__ 0.32049031605322137	false	0.5
ungeheuer	neg 1.0		off 0.3564699541889435 neg 0.3259721557348623 __DUMMY__ 0.3175578900761941	false	0.5
unaufrichtig	neg 1.0		off 0.3621492031433528 neg 0.32055482979186956 __DUMMY__ 0.3172959670647776	false	0.5
groggy	neg 1.0		off 0.36116779886286743 neg 0.3207767366635659 __DUMMY__ 0.31805546447356675	false	0.5
verletzlich	neg 1.0		off 0.3610756818202603 neg 0.3244812544977328 __DUMMY__ 0.314443063682007	false	0.5
ablehnen	neg 1.0		off 0.35450857420836596 neg 0.32523957970764095 __DUMMY__ 0.32025184608399315	false	0.5
