unsolidarisch	neg 1.0		off 0.48885917597221673 neg 0.44552541181100236 __DUMMY__ 0.06561541221678077	false	0.5
nachteilig	neg 1.0		off 0.4869911985419468 neg 0.44660038482224323 __DUMMY__ 0.06640841663580999	false	0.5
skeptisch	neg 1.0		off 0.485347564648794 neg 0.44821949070334643 __DUMMY__ 0.06643294464785955	false	0.5
schrecklich	neg 1.0		off 0.49752540510634863 neg 0.4374527994695449 __DUMMY__ 0.0650217954241065	false	0.5
schlapp	neg 1.0	neg 1.0	neg 0.705191791107823 off 0.263727182718631 __DUMMY__ 0.0310810261735459	false	1.0
abfall	neg 1.0		off 0.4839102115599525 neg 0.4491423600413819 __DUMMY__ 0.06694742839866545	false	0.5
widerspenstig	neg 1.0		off 0.48793178087491607 neg 0.44623863805769104 __DUMMY__ 0.06582958106739281	false	0.5
abrupt	neg 1.0		off 0.4834077537232185 neg 0.4503811380469638 __DUMMY__ 0.06621110822981764	false	0.5
unwirksam	neg 1.0		off 0.48554736987132496 neg 0.4492899532947402 __DUMMY__ 0.06516267683393485	false	0.5
angreifen	neg 1.0		off 0.4852130949698963 neg 0.44823660489376865 __DUMMY__ 0.06655030013633512	false	0.5
inkonsistent	neg 1.0		off 0.4901173835201221 neg 0.444503803371921 __DUMMY__ 0.06537881310795689	false	0.5
abrutschen	neg 1.0		off 0.48299932539107077 neg 0.4501231903115818 __DUMMY__ 0.06687748429734748	false	0.5
unsicher	neg 1.0		off 0.490092302555134 neg 0.4438077210960496 __DUMMY__ 0.06609997634881645	false	0.5
bauernkind	off 1.0	off 1.0	off 0.7341787929208284 neg 0.23542410681000406 __DUMMY__ 0.03039710026916737	false	1.0
angreifer	neg 1.0		off 0.495670055988552 neg 0.4383001384311101 __DUMMY__ 0.0660298055803379	false	0.5
trennen	neg 1.0		off 0.4854991387851765 neg 0.4478490365879083 __DUMMY__ 0.06665182462691532	false	0.5
schmutz	neg 1.0		off 0.4958369967392766 neg 0.4379205176348034 __DUMMY__ 0.06624248562591994	false	0.5
inkonsistenz	neg 1.0		off 0.4939953697601501 neg 0.44053987157789076 __DUMMY__ 0.06546475866195905	false	0.5
erschreckend	neg 1.0		off 0.48881893463865145 neg 0.445140933850907 __DUMMY__ 0.0660401315104416	false	0.5
ertrinken	neg 1.0		off 0.4835153285274431 neg 0.45009942002453485 __DUMMY__ 0.06638525144802208	false	0.5
pickelface	off 1.0		off 0.48963729145585655 neg 0.44451430795743757 __DUMMY__ 0.06584840058670592	false	1.0
seiner			off 0.4861725059430456 neg 0.4472142650025717 __DUMMY__ 0.06661322905438267	false	0.0
lauch	neg 1.0	neg 1.0	neg 0.7107979738642299 off 0.25746021617976406 __DUMMY__ 0.03174180995600606	false	1.0
unwichtig	neg 1.0		off 0.4939202922944488 neg 0.4406129381399673 __DUMMY__ 0.06546676956558388	false	0.5
steuerhinterziehung	neg 1.0		off 0.48809704021230493 neg 0.44602389609156884 __DUMMY__ 0.06587906369612627	false	0.5
schock	neg 1.0		off 0.48825404199370026 neg 0.4455746184752288 __DUMMY__ 0.06617133953107085	false	0.5
beule	neg 1.0		off 0.4948100937546485 neg 0.44016090499132926 __DUMMY__ 0.06502900125402228	false	0.5
vergelten	neg 1.0		off 0.4987220076389854 neg 0.4362947549726601 __DUMMY__ 0.06498323738835442	false	0.5
verdorbenheit	neg 1.0		off 0.4906168528217463 neg 0.4435409586243938 __DUMMY__ 0.06584218855385998	false	0.5
trauma	neg 1.0		off 0.49013130704882485 neg 0.44415525876174394 __DUMMY__ 0.06571343418943118	false	0.5
sinnlos	neg 1.0		off 0.4913351978219048 neg 0.4428888735665964 __DUMMY__ 0.06577592861149884	false	0.5
fettsack	off 1.0	off 1.0	off 0.7354531096714968 neg 0.23410869376970114 __DUMMY__ 0.030438196558802155	false	1.0
feige	off 1.0	off 1.0	off 0.7338885008590946 neg 0.23509868618185378 __DUMMY__ 0.031012812959051613	false	1.0
abdanken	neg 1.0		off 0.4905752091735 neg 0.4432164849591071 __DUMMY__ 0.06620830586739289	false	0.5
wichtigtuer	off 1.0	off 1.0	off 0.7330351870352818 neg 0.23566407672823544 __DUMMY__ 0.031300736236482794	false	1.0
misslingen	neg 1.0		off 0.49270924858682835 neg 0.4411744821938593 __DUMMY__ 0.06611626921931238	false	0.5
untreu	off 1.0		off 0.4948797788592811 neg 0.4397976264982364 __DUMMY__ 0.06532259464248248	false	1.0
missmutig	neg 1.0		off 0.49235866307062953 neg 0.4421230821991118 __DUMMY__ 0.06551825473025874	false	0.5
hurenbock	off 1.0		off 0.48545996372376166 neg 0.4493328073473238 __DUMMY__ 0.06520722892891453	false	1.0
betrunken	neg 1.0		off 0.4963090463819638 neg 0.43860624337707477 __DUMMY__ 0.06508471024096145	false	0.5
korrupt	off 1.0		off 0.48716642583806535 neg 0.4469866544399104 __DUMMY__ 0.0658469197220243	false	1.0
unmut	neg 1.0		off 0.4840282072595096 neg 0.4493198686327166 __DUMMY__ 0.06665192410777367	false	0.5
hackfresse	off 1.0		off 0.5012007067818876 neg 0.4342980425875247 __DUMMY__ 0.0645012506305879	false	1.0
aufblasen	neg 1.0		off 0.48970288500941717 neg 0.4443925886546897 __DUMMY__ 0.06590452633589318	false	0.5
gewaltsam	neg 1.0		off 0.4907566057992996 neg 0.44301990623686277 __DUMMY__ 0.06622348796383769	false	0.5
unbeliebtheit	neg 1.0		off 0.49509615056551476 neg 0.43957434445347315 __DUMMY__ 0.0653295049810122	false	0.5
sturheit	neg 1.0		off 0.4900836415970126 neg 0.44365941331883496 __DUMMY__ 0.06625694508415246	false	0.5
kuh	neg 1.0		off 0.48518400360706976 neg 0.45033654487825553 __DUMMY__ 0.06447945151467485	false	0.5
erschrecken	neg 1.0		off 0.4931152765160099 neg 0.4413228403490065 __DUMMY__ 0.06556188313498372	false	0.5
opfer	neg 1.0		off 0.4891400790287309 neg 0.4441588070489192 __DUMMY__ 0.06670111392235002	false	0.5
sinken	neg 1.0		off 0.48272974507874833 neg 0.45095545464185705 __DUMMY__ 0.0663148002793947	false	0.5
stinktier	neg 1.0		off 0.4948652074107639 neg 0.441100555915734 __DUMMY__ 0.06403423667350217	false	0.5
tucke	off 1.0		off 0.49936210222633715 neg 0.4369438816934887 __DUMMY__ 0.06369401608017408	false	1.0
ein			off 0.4867035724059538 neg 0.4475825497622701 __DUMMY__ 0.06571387783177594	false	0.0
abstieg	neg 1.0		off 0.4906853169514246 neg 0.4426598949900608 __DUMMY__ 0.06665478805851467	false	0.5
missverstehen	neg 1.0		off 0.49226524616320433 neg 0.4420347693464115 __DUMMY__ 0.06569998449038418	false	0.5
ergebnislos	neg 1.0		off 0.4881717485463727 neg 0.44520874401232946 __DUMMY__ 0.06661950744129783	false	0.5
unter			off 0.48085439635757055 neg 0.4516852470422526 __DUMMY__ 0.06746035660017685	false	0.0
manipulieren	neg 1.0		off 0.4864257840341686 neg 0.44705890751798233 __DUMMY__ 0.06651530844784909	false	0.5
unbewiesen	neg 1.0	neg 1.0	neg 0.7067953374343665 off 0.26186509786925705 __DUMMY__ 0.03133956469637647	false	1.0
verschleppen	neg 1.0		off 0.487200042069116 neg 0.446582327201769 __DUMMY__ 0.0662176307291151	false	0.5
weib	off 1.0		off 0.5011589205272373 neg 0.4348623176171675 __DUMMY__ 0.06397876185559523	false	1.0
opposition	neg 1.0		off 0.489840093795722 neg 0.4445815342383268 __DUMMY__ 0.06557837196595107	false	0.5
verkehrswidrig	neg 1.0		off 0.500490848180947 neg 0.43439332596664854 __DUMMY__ 0.06511582585240451	false	0.5
inkorrekt	neg 1.0		off 0.4970133910942081 neg 0.4380069915958707 __DUMMY__ 0.06497961730992106	false	0.5
vermeiden	neg 1.0		off 0.48260196559572066 neg 0.4504685200601674 __DUMMY__ 0.06692951434411185	false	0.5
abweichung	neg 1.0	neg 1.0	neg 0.7073596358597098 off 0.2609909439597713 __DUMMY__ 0.031649420180518716	false	1.0
alkoholisiert	neg 1.0		off 0.4888098917836625 neg 0.4442021684883024 __DUMMY__ 0.06698793972803518	false	0.5
scheiss	off 1.0	off 1.0	off 0.7340694654810475 neg 0.23508757598616414 __DUMMY__ 0.030842958532788442	false	1.0
herausforderung	neg 1.0		off 0.487395921194605 neg 0.4463766019699316 __DUMMY__ 0.06622747683546344	false	0.5
pervers	off 1.0		off 0.5041363107351794 neg 0.43197719189371186 __DUMMY__ 0.06388649737110871	false	1.0
wackelig	neg 1.0		off 0.4879837511535671 neg 0.4456756101429391 __DUMMY__ 0.06634063870349373	false	0.5
verwickeln	neg 1.0		off 0.4916904047672488 neg 0.44248685443211916 __DUMMY__ 0.06582274080063222	false	0.5
vorwand	neg 1.0		off 0.48465930348826114 neg 0.44878639620962907 __DUMMY__ 0.0665543003021098	false	0.5
muschi	off 1.0		off 0.48958955907030827 neg 0.44431600052440423 __DUMMY__ 0.06609444040528753	false	1.0
entmutigung	neg 1.0		off 0.4892790999603304 neg 0.4454264498994599 __DUMMY__ 0.06529445014020963	false	0.5
unangemessen	neg 1.0		off 0.4891612814494355 neg 0.44465670340001684 __DUMMY__ 0.06618201515054782	false	0.5
unstetig	neg 1.0		off 0.49240085284059243 neg 0.4421829721325901 __DUMMY__ 0.06541617502681751	false	0.5
entmutigen	neg 1.0		off 0.49046155387901724 neg 0.4436619396009453 __DUMMY__ 0.0658765065200374	false	0.5
schwanz	neg 1.0		off 0.48676494533284204 neg 0.4471008798254458 __DUMMY__ 0.06613417484171226	false	0.5
verbot	neg 1.0		off 0.4873228456343153 neg 0.44671961564988116 __DUMMY__ 0.06595753871580347	false	0.5
leid	neg 1.0		off 0.49861593940893106 neg 0.43659539193015956 __DUMMY__ 0.06478866866090935	false	0.5
archaisch	neg 1.0		off 0.4873706620186033 neg 0.44665617125474455 __DUMMY__ 0.06597316672665227	false	0.5
gegen			off 0.48608380220653713 neg 0.44705086845566905 __DUMMY__ 0.06686532933779386	false	0.0
scheidung	neg 1.0		off 0.5105810290273084 neg 0.42529164059738855 __DUMMY__ 0.06412733037530313	false	0.5
einschlag	neg 1.0		off 0.5003162500984931 neg 0.4343037194589206 __DUMMY__ 0.06538003044258622	false	0.5
m			off 0.4879381343776612 neg 0.4458412568538684 __DUMMY__ 0.06622060876847054	false	0.0
abgestanden	neg 1.0		off 0.4840747933340457 neg 0.45088616239370255 __DUMMY__ 0.06503904427225178	false	0.5
schmierig	off 1.0		off 0.49795950332233724 neg 0.4372702762618316 __DUMMY__ 0.06477022041583116	false	1.0
unpraktisch	neg 1.0		off 0.491254340233484 neg 0.44285716460856545 __DUMMY__ 0.0658884951579504	false	0.5
wixxer	off 1.0		off 0.5029803358939008 neg 0.4333995195211204 __DUMMY__ 0.06362014458497903	false	1.0
bezeichnet			off 0.4907201449783728 neg 0.44320431183136083 __DUMMY__ 0.06607554319026647	false	0.0
jammerlappen	off 1.0		off 0.4941673344230988 neg 0.44038762198052567 __DUMMY__ 0.06544504359637557	false	1.0
farce	neg 1.0		off 0.4881190299983739 neg 0.44618260482024585 __DUMMY__ 0.06569836518138024	false	0.5
zwecklos	neg 1.0		off 0.48742592169434273 neg 0.44643056024014466 __DUMMY__ 0.06614351806551258	false	0.5
turbulent	neg 1.0		off 0.49476930140462627 neg 0.4402389391344267 __DUMMY__ 0.06499175946094697	false	0.5
invasion	neg 1.0		off 0.4916182179681099 neg 0.44273729107436555 __DUMMY__ 0.06564449095752455	false	0.5
schuld	neg 1.0		off 0.4909861915445113 neg 0.4431230052612878 __DUMMY__ 0.065890803194201	false	0.5
risiko	neg 1.0		off 0.48889808807295726 neg 0.44576335644450016 __DUMMY__ 0.0653385554825426	false	0.5
finster	neg 1.0		off 0.48706330161422745 neg 0.447315588490771 __DUMMY__ 0.06562110989500154	false	0.5
geisteskrank	off 1.0		off 0.49628612450637355 neg 0.4385477189271334 __DUMMY__ 0.06516615656649297	false	1.0
zusammenbrechen	neg 1.0		off 0.48728964589300455 neg 0.4466260171544493 __DUMMY__ 0.06608433695254613	false	0.5
ausbeute	neg 1.0		off 0.4910922543649056 neg 0.44245061447435147 __DUMMY__ 0.06645713116074306	false	0.5
hinterhalt	neg 1.0		off 0.48750554759035747 neg 0.44654056473925374 __DUMMY__ 0.06595388767038868	false	0.5
kritik	neg 1.0		off 0.48793858745309243 neg 0.44632597942016866 __DUMMY__ 0.06573543312673909	false	0.5
einschrumpfen	neg 1.0		off 0.4923235543486258 neg 0.4425845651478689 __DUMMY__ 0.0650918805035053	false	0.5
riskant	neg 1.0		off 0.4848973020158577 neg 0.4487887581618729 __DUMMY__ 0.06631393982226927	false	0.5
frustrieren	neg 1.0		off 0.4855094486749845 neg 0.4482990267841069 __DUMMY__ 0.06619152454090853	false	0.5
groll	neg 1.0		off 0.4890399165148864 neg 0.4446185305212455 __DUMMY__ 0.06634155296386814	false	0.5
gibt			off 0.4874732524957649 neg 0.44630677965057824 __DUMMY__ 0.06621996785365679	false	0.0
qualvoll	neg 1.0		off 0.4914353651161273 neg 0.44282586372982735 __DUMMY__ 0.06573877115404524	false	0.5
wackeln	neg 1.0		off 0.4894402861138727 neg 0.4445551887460795 __DUMMY__ 0.0660045251400478	false	0.5
klagen	neg 1.0		off 0.4842227892257741 neg 0.4493460816205143 __DUMMY__ 0.06643112915371152	false	0.5
bankrott	neg 1.0		off 0.49425899221227554 neg 0.4401569488707992 __DUMMY__ 0.06558405891692522	false	0.5
trauern	neg 1.0		off 0.4892536393801014 neg 0.4437874495986534 __DUMMY__ 0.06695891102124508	false	0.5
ablehnung	neg 1.0		off 0.4873024669463391 neg 0.4469069970054379 __DUMMY__ 0.06579053604822296	false	0.5
stur	neg 1.0		off 0.4904911157961341 neg 0.4437002563669817 __DUMMY__ 0.06580862783688426	false	0.5
aufruhr	neg 1.0	neg 1.0	neg 0.7067633970603049 off 0.26178290220932793 __DUMMY__ 0.03145370073036725	false	1.0
melancholie	neg 1.0		off 0.48330564269243037 neg 0.45058630348611883 __DUMMY__ 0.06610805382145071	false	0.5
ist			off 0.4909226625311574 neg 0.44330527656141655 __DUMMY__ 0.06577206090742609	false	0.0
torheit	neg 1.0		off 0.4905856624778445 neg 0.4436132536972174 __DUMMY__ 0.06580108382493799	false	0.5
dreckskind	off 1.0		off 0.5010727144433736 neg 0.4347191420095669 __DUMMY__ 0.06420814354705943	false	1.0
umtauschen	neg 1.0		off 0.4888026337538711 neg 0.445219354138783 __DUMMY__ 0.06597801210734601	false	0.5
zum			off 0.48639337754534095 neg 0.44611013224986323 __DUMMY__ 0.06749649020479584	false	0.0
zersetzen	neg 1.0		off 0.4843469891441853 neg 0.44940241027005573 __DUMMY__ 0.06625060058575907	false	0.5
zur			off 0.48310132882063184 neg 0.4499209380248187 __DUMMY__ 0.06697773315454943	false	0.0
frust	neg 1.0		off 0.4875540048413394 neg 0.44626272021398405 __DUMMY__ 0.06618327494467657	false	0.5
unerbittlichkeit	neg 1.0		off 0.4867309301361538 neg 0.4468347287660644 __DUMMY__ 0.06643434109778174	false	0.5
zwei			off 0.48321389354128524 neg 0.4496884318136468 __DUMMY__ 0.06709767464506795	false	0.0
unkorrekt	neg 1.0		off 0.49609414317050926 neg 0.43880092864668807 __DUMMY__ 0.06510492818280257	false	0.5
hexe	off 1.0		off 0.4906907250137952 neg 0.4443602780097636 __DUMMY__ 0.06494899697644115	false	1.0
lasch	neg 1.0		off 0.4939222505737203 neg 0.4404721063325196 __DUMMY__ 0.06560564309376005	false	0.5
rivale	neg 1.0		off 0.49751548676726887 neg 0.4374800379590824 __DUMMY__ 0.06500447527364868	false	0.5
mutlos	off 1.0	off 1.0	off 0.7299274252848907 neg 0.23854663507544302 __DUMMY__ 0.03152593963966623	false	1.0
wirr	off 1.0		off 0.49711565140242064 neg 0.4380840048327348 __DUMMY__ 0.06480034376484461	false	1.0
jahr			off 0.4895594023771105 neg 0.44337424621916427 __DUMMY__ 0.06706635140372523	false	0.0
wird			off 0.4873943125001853 neg 0.4462717220118613 __DUMMY__ 0.06633396548795335	false	0.0
strafbar	neg 1.0		off 0.4869648587458984 neg 0.4465490278516594 __DUMMY__ 0.06648611340244218	false	0.5
erosion	neg 1.0		off 0.4901328001912508 neg 0.4438727523164487 __DUMMY__ 0.06599444749230055	false	0.5
eingehen	neg 1.0		off 0.48532248901037883 neg 0.4484737304944253 __DUMMY__ 0.06620378049519596	false	0.5
faul	off 1.0		off 0.49354833475774534 neg 0.44092339034275707 __DUMMY__ 0.06552827489949763	false	1.0
provisorium	neg 1.0		off 0.4816044795935529 neg 0.45084289450771725 __DUMMY__ 0.06755262589872989	false	0.5
schmerzen	neg 1.0		off 0.4875708446532384 neg 0.4465094291566317 __DUMMY__ 0.06591972619012988	false	0.5
schrumpfen	neg 1.0		off 0.4801857914043563 neg 0.45331649995861806 __DUMMY__ 0.06649770863702574	false	0.5
geistlos	off 1.0		off 0.4907969630390775 neg 0.4437992637965896 __DUMMY__ 0.06540377316433278	false	1.0
fehlkauf	neg 1.0		off 0.4910790218880455 neg 0.4433726975622759 __DUMMY__ 0.06554828054967857	false	0.5
frustrierend	neg 1.0		off 0.4925010255848421 neg 0.4420084161817119 __DUMMY__ 0.06549055823344602	false	0.5
unzufrieden	neg 1.0		off 0.48759389695158356 neg 0.446183891055309 __DUMMY__ 0.06622221199310752	false	0.5
verzweifeln	neg 1.0		off 0.48886126340930974 neg 0.44502444919834566 __DUMMY__ 0.06611428739234455	false	0.5
verzweifelt	neg 1.0		off 0.49042671192235293 neg 0.4437824017751016 __DUMMY__ 0.06579088630254536	false	0.5
misstrauensantrag	neg 1.0		off 0.49090744048528595 neg 0.44344945742388936 __DUMMY__ 0.06564310209082466	false	0.5
abfallen	neg 1.0		off 0.4889857828314647 neg 0.44518047008781764 __DUMMY__ 0.06583374708071754	false	0.5
fucker	off 1.0		off 0.49746355553119675 neg 0.4373696767537809 __DUMMY__ 0.06516676771502233	false	1.0
ungezogen	neg 1.0		off 0.5028168898209097 neg 0.43295859057869096 __DUMMY__ 0.06422451960039949	false	0.5
irrsinnig	neg 1.0	neg 1.0	neg 0.7072744299904333 off 0.26143248586601897 __DUMMY__ 0.031293084143547735	false	1.0
unfassbar	neg 1.0		off 0.4953131162051292 neg 0.4392832427944141 __DUMMY__ 0.06540364100045656	false	0.5
hart	neg 1.0		off 0.49064684642702194 neg 0.4447707356905049 __DUMMY__ 0.06458241788247299	false	0.5
widerlich	off 1.0		off 0.4951586100889555 neg 0.4396056450726312 __DUMMY__ 0.06523574483841331	false	1.0
fatal	neg 1.0	neg 1.0	neg 0.7077843638429052 off 0.26119630520894227 __DUMMY__ 0.031019330948152585	false	1.0
bruch	neg 1.0		off 0.4846235203731664 neg 0.4485652891796697 __DUMMY__ 0.0668111904471639	false	0.5
aushungern	neg 1.0		off 0.48759588339631266 neg 0.4464497071207715 __DUMMY__ 0.06595440948291585	false	0.5
anspannung	neg 1.0		off 0.48394169325529535 neg 0.4488674192353138 __DUMMY__ 0.06719088750939096	false	0.5
von			off 0.4851329160130597 neg 0.44831024639906686 __DUMMY__ 0.06655683758787347	false	0.0
kraftlos	neg 1.0		off 0.48691834198028244 neg 0.44685689724449584 __DUMMY__ 0.06622476077522171	false	0.5
vom			off 0.48350250705396336 neg 0.448760181167842 __DUMMY__ 0.06773731177819466	false	0.0
grenzdebil	off 1.0		off 0.4945181399877674 neg 0.4402868998677088 __DUMMY__ 0.06519496014452382	false	1.0
vor			off 0.48429303931851064 neg 0.4489966422909243 __DUMMY__ 0.0667103183905652	false	0.0
unterwerfen	neg 1.0		off 0.4876351141994355 neg 0.4459213636090279 __DUMMY__ 0.06644352219153656	false	0.5
versenkung	neg 1.0		off 0.4870152496007506 neg 0.44649162337452614 __DUMMY__ 0.06649312702472318	false	0.5
entziehen	neg 1.0		off 0.484444235417983 neg 0.44900778317578854 __DUMMY__ 0.06654798140622856	false	0.5
finanzkrise	neg 1.0		off 0.4837920911662396 neg 0.45109897870538285 __DUMMY__ 0.06510893012837757	false	0.5
schimpfend	neg 1.0		off 0.49148472075462973 neg 0.44245615181491726 __DUMMY__ 0.06605912743045304	false	0.5
profan	neg 1.0		off 0.4911225649627111 neg 0.44325469894269975 __DUMMY__ 0.06562273609458914	false	0.5
korruption	neg 1.0		off 0.4862239127633742 neg 0.4479046613491772 __DUMMY__ 0.06587142588744857	false	0.5
â			off 0.4867438542110207 neg 0.4470762226187162 __DUMMY__ 0.066179923170263	false	0.0
schmutzig	neg 1.0		off 0.49507162628783513 neg 0.43968107856495575 __DUMMY__ 0.06524729514720912	false	0.5
sexy	neg 1.0		off 0.4934397979384744 neg 0.4409264221878399 __DUMMY__ 0.06563377987368561	false	0.5
abraten	neg 1.0		off 0.49153031194540486 neg 0.4426675205273504 __DUMMY__ 0.06580216752724471	false	0.5
schwarz	neg 1.0		off 0.4916699283732121 neg 0.4425904817486693 __DUMMY__ 0.0657395898781187	false	0.5
fotze	off 1.0	off 1.0	off 0.7303674162353033 neg 0.2381362384702277 __DUMMY__ 0.031496345294468986	false	1.0
verwirren	neg 1.0		off 0.49203442870743996 neg 0.442256054377912 __DUMMY__ 0.06570951691464803	false	0.5
zahnlos	off 1.0		off 0.4884733004764575 neg 0.4453961093903953 __DUMMY__ 0.06613059013314725	false	1.0
verheeren	neg 1.0		off 0.5044170991881137 neg 0.43140101839939515 __DUMMY__ 0.06418188241249105	false	0.5
hippie	neg 1.0		off 0.49266050743544226 neg 0.4417490682113141 __DUMMY__ 0.06559042435324369	false	0.5
rammen	neg 1.0		off 0.48971730865428303 neg 0.4444623838350548 __DUMMY__ 0.06582030751066231	false	0.5
unlauter	neg 1.0		off 0.4903099241820184 neg 0.444146957329568 __DUMMY__ 0.06554311848841357	false	0.5
unheilvoll	neg 1.0		off 0.4896826472376061 neg 0.44464595409727087 __DUMMY__ 0.06567139866512303	false	0.5
niedrig	neg 1.0		off 0.4851231156297524 neg 0.44892313118175575 __DUMMY__ 0.06595375318849199	false	0.5
explosion	neg 1.0		off 0.4928406915800523 neg 0.4415220522107596 __DUMMY__ 0.06563725620918814	false	0.5
weichei	off 1.0	off 1.0	off 0.7357826537909194 neg 0.23363523520554752 __DUMMY__ 0.03058211100353293	false	1.0
minusmensch	off 1.0		off 0.5026474853422827 neg 0.4333868382915728 __DUMMY__ 0.06396567636614461	false	1.0
farblos	neg 1.0		off 0.4902099158938213 neg 0.44405393858445796 __DUMMY__ 0.0657361455217207	false	0.5
unwissend	neg 1.0	neg 1.0	neg 0.7057052279011868 off 0.263239772530216 __DUMMY__ 0.031054999568597245	false	1.0
traurig	neg 1.0		off 0.4973352558819996 neg 0.4375730085046977 __DUMMY__ 0.06509173561330274	false	0.5
senkung	neg 1.0		off 0.4890093081242158 neg 0.4458753022463844 __DUMMY__ 0.06511538962939978	false	0.5
ungleich	neg 1.0	neg 1.0	neg 0.7089276088142645 off 0.2595323059928359 __DUMMY__ 0.0315400851928995	false	1.0
heikel	neg 1.0		off 0.485867924296121 neg 0.4477178100693313 __DUMMY__ 0.06641426563454768	false	0.5
drosselung	neg 1.0		off 0.49205440487215396 neg 0.4432098094888906 __DUMMY__ 0.0647357856389555	false	0.5
falsch	neg 1.0		off 0.49378624150420214 neg 0.440583835528821 __DUMMY__ 0.06562992296697683	false	0.5
unzufriedenheit	neg 1.0		off 0.48393162122109223 neg 0.4498901066136556 __DUMMY__ 0.06617827216525216	false	0.5
kurz	neg 1.0		off 0.4888218451334258 neg 0.44481378138758326 __DUMMY__ 0.06636437347899092	false	0.5
unsinnig	neg 1.0		off 0.48742705759743166 neg 0.44673568861069324 __DUMMY__ 0.06583725379187529	false	0.5
penner	off 1.0	off 1.0	off 0.737179096978951 neg 0.23224938202607412 __DUMMY__ 0.03057152099497484	false	1.0
seicht	neg 1.0		off 0.5002613637603204 neg 0.4357221045133961 __DUMMY__ 0.06401653172628366	false	0.5
dummheit	off 1.0	off 1.0	off 0.7321637437518456 neg 0.23669997662041142 __DUMMY__ 0.03113627962774306	false	1.0
unerfreulich	neg 1.0		off 0.4851707211268085 neg 0.44844642599527834 __DUMMY__ 0.06638285287791319	false	0.5
motherfucker	off 1.0	off 1.0	off 0.7349566022497827 neg 0.23410023320225185 __DUMMY__ 0.0309431645479655	false	1.0
pikiert	neg 1.0		off 0.4938021891182671 neg 0.4409153407432269 __DUMMY__ 0.06528247013850609	false	0.5
wrack	neg 1.0		off 0.491916963211756 neg 0.4412926339613493 __DUMMY__ 0.06679040282689466	false	0.5
gangster	neg 1.0		off 0.49279692599042413 neg 0.44164456999181745 __DUMMY__ 0.06555850401775841	false	0.5
krank	neg 1.0		off 0.49592401559397853 neg 0.43868279319850845 __DUMMY__ 0.06539319120751302	false	0.5
reich	neg 1.0		off 0.49047714213009197 neg 0.4445089900189257 __DUMMY__ 0.06501386785098237	false	0.5
gnadenlos	neg 1.0		off 0.490996558416974 neg 0.4430434925037651 __DUMMY__ 0.06595994907926092	false	0.5
niedergeschlagen	neg 1.0		off 0.48901461706728355 neg 0.4445119163777183 __DUMMY__ 0.06647346655499808	false	0.5
terrorisieren	off 1.0	off 1.0	off 0.729958606843461 neg 0.23836350693150166 __DUMMY__ 0.031677886225037345	false	1.0
sinnlosigkeit	neg 1.0		off 0.48784647992206287 neg 0.446010060845542 __DUMMY__ 0.06614345923239519	false	0.5
behindern	neg 1.0		off 0.4887011631370629 neg 0.4454307037393468 __DUMMY__ 0.0658681331235903	false	0.5
undemokratisch	neg 1.0		off 0.49071823869491693 neg 0.44372075516030535 __DUMMY__ 0.06556100614477774	false	0.5
wirtschaftskrise	neg 1.0		off 0.48454120793263883 neg 0.4497695921061814 __DUMMY__ 0.06568919996117983	false	0.5
neid	neg 1.0		off 0.492631801958472 neg 0.4417640717107663 __DUMMY__ 0.06560412633076163	false	0.5
rutschen	neg 1.0		off 0.48259091224724465 neg 0.4503479845056546 __DUMMY__ 0.06706110324710071	false	0.5
rezession	neg 1.0		off 0.4929723429670256 neg 0.4427154137904407 __DUMMY__ 0.06431224324253372	false	0.5
fehlgeburt	neg 1.0		off 0.49128122528763735 neg 0.4426126785547791 __DUMMY__ 0.06610609615758362	false	0.5
charakterschwach	off 1.0		off 0.49412097982811953 neg 0.4406906513540271 __DUMMY__ 0.06518836881785345	false	1.0
isolation	neg 1.0		off 0.4942189068141639 neg 0.44006793373306863 __DUMMY__ 0.06571315945276741	false	0.5
ablenkung	neg 1.0		off 0.4899511421064585 neg 0.44394240686539643 __DUMMY__ 0.06610645102814505	false	0.5
pech	neg 1.0		off 0.4929497767405004 neg 0.4416240893435623 __DUMMY__ 0.06542613391593721	false	0.5
vermeidung	neg 1.0		off 0.49409867943855595 neg 0.4407951052419447 __DUMMY__ 0.06510621531949928	false	0.5
dominieren	neg 1.0		off 0.4884227395565697 neg 0.44544283536622953 __DUMMY__ 0.06613442507720091	false	0.5
schwindlig	neg 1.0		off 0.4906966339998814 neg 0.4436660636730845 __DUMMY__ 0.06563730232703398	false	0.5
lutscher	neg 1.0	neg 1.0	neg 0.7019679070558585 off 0.2677730051377838 __DUMMY__ 0.030259087806357717	false	1.0
pflicht	neg 1.0		off 0.4854223282815588 neg 0.4479061867208966 __DUMMY__ 0.06667148499754469	false	0.5
faschist	off 1.0		off 0.4938483302526569 neg 0.44047197775285046 __DUMMY__ 0.06567969199449265	false	1.0
verschleudern	neg 1.0		off 0.4832250114500068 neg 0.4509844262392937 __DUMMY__ 0.06579056231069963	false	0.5
wenn			off 0.4937769367720431 neg 0.44076566635500497 __DUMMY__ 0.06545739687295196	false	0.0
ehebruch	neg 1.0		off 0.48744976036753723 neg 0.4462658915266309 __DUMMY__ 0.06628434810583188	false	0.5
spott	off 1.0		off 0.48805613563605066 neg 0.4455228371101407 __DUMMY__ 0.06642102725380862	false	1.0
trostlosigkeit	neg 1.0		off 0.48252859595917286 neg 0.45124475203538644 __DUMMY__ 0.06622665200544067	false	0.5
lutschen	neg 1.0		off 0.492673658435134 neg 0.441931579136523 __DUMMY__ 0.06539476242834309	false	0.5
undiszipliniert	neg 1.0		off 0.4963479303269751 neg 0.4385543856733966 __DUMMY__ 0.06509768399962822	false	0.5
kopfschmerz	neg 1.0		off 0.4841420363054843 neg 0.45000054884877017 __DUMMY__ 0.0658574148457455	false	0.5
unvorhergesehen	neg 1.0		off 0.4862715443534824 neg 0.44700151376875114 __DUMMY__ 0.06672694187776657	false	0.5
desinteressiert	neg 1.0		off 0.49562185325566094 neg 0.4392404430737158 __DUMMY__ 0.06513770367062315	false	0.5
armselig	off 1.0		off 0.49826729582705537 neg 0.4367084242811239 __DUMMY__ 0.06502427989182077	false	1.0
desaster	neg 1.0		off 0.48348931186916777 neg 0.4500114427073931 __DUMMY__ 0.06649924542343921	false	0.5
tod	neg 1.0		off 0.4869964232713774 neg 0.4466020544347137 __DUMMY__ 0.06640152229390903	false	0.5
herzlos	neg 1.0		off 0.49755768633730507 neg 0.43740739036250276 __DUMMY__ 0.06503492330019228	false	0.5
unwissenheit	neg 1.0		off 0.487417570266362 neg 0.4464340913663252 __DUMMY__ 0.06614833836731285	false	0.5
widersinnig	neg 1.0		off 0.4867136995631015 neg 0.4475878163099968 __DUMMY__ 0.06569848412690178	false	0.5
bedenklich	neg 1.0		off 0.4859911478897976 neg 0.4478772809373607 __DUMMY__ 0.0661315711728418	false	0.5
beanstanden	neg 1.0		off 0.4866661427823931 neg 0.44662470371197166 __DUMMY__ 0.06670915350563529	false	0.5
panisch	neg 1.0		off 0.492235802186806 neg 0.44183906261707645 __DUMMY__ 0.06592513519611759	false	0.5
debil	off 1.0		off 0.479680125532476 neg 0.4532425523577988 __DUMMY__ 0.06707732210972518	false	1.0
abstrich	neg 1.0		off 0.48753590968791594 neg 0.4465316335158086 __DUMMY__ 0.06593245679627549	false	0.5
primitiv	neg 1.0		off 0.49617503209632025 neg 0.4386298980718216 __DUMMY__ 0.06519506983185801	false	0.5
abschaum	off 1.0	off 1.0	off 0.7346126492972562 neg 0.23421582141619882 __DUMMY__ 0.0311715292865449	false	1.0
provozieren	neg 1.0		off 0.4904505009669059 neg 0.4436876287107768 __DUMMY__ 0.06586187032231712	false	0.5
tot	neg 1.0		off 0.4862133238978078 neg 0.44788595600213665 __DUMMY__ 0.06590072010005568	false	0.5
instabil	neg 1.0		off 0.49646129995657456 neg 0.4388778429814418 __DUMMY__ 0.0646608570619836	false	0.5
schwuchtel	off 1.0	off 1.0	off 0.7400056196951957 neg 0.22992054008140034 __DUMMY__ 0.0300738402234039	false	1.0
zerren	neg 1.0		off 0.4881868573858544 neg 0.4454402196581758 __DUMMY__ 0.06637292295596989	false	0.5
kinderficker	off 1.0		off 0.5002054854701271 neg 0.4350381693558725 __DUMMY__ 0.0647563451740004	false	1.0
gefahr	neg 1.0		off 0.4862868076641127 neg 0.4470262224242813 __DUMMY__ 0.06668696991160604	false	0.5
rabiat	neg 1.0		off 0.48871540061375773 neg 0.4452758428634829 __DUMMY__ 0.06600875652275941	false	0.5
verlangsamung	neg 1.0		off 0.5000369335338718 neg 0.43564725723018694 __DUMMY__ 0.06431580923594138	false	0.5
ausgestorben	neg 1.0		off 0.4888659304017424 neg 0.4449931035181801 __DUMMY__ 0.06614096608007752	false	0.5
anklagen	neg 1.0		off 0.48893293100647245 neg 0.44486543734110656 __DUMMY__ 0.06620163165242109	false	0.5
trott	neg 1.0		off 0.48959932189728855 neg 0.44443462251092847 __DUMMY__ 0.06596605559178305	false	0.5
verminderung	neg 1.0		off 0.49452585341358146 neg 0.4403204811000621 __DUMMY__ 0.0651536654863564	false	0.5
nach			off 0.4825419477377645 neg 0.45010941778795965 __DUMMY__ 0.0673486344742759	false	0.0
rost	neg 1.0		off 0.5044455459910107 neg 0.43086221943505315 __DUMMY__ 0.06469223457393612	false	0.5
destruktiv	neg 1.0		off 0.4889580612513925 neg 0.44515924024446796 __DUMMY__ 0.06588269850413961	false	0.5
unzumutbarkeit	neg 1.0		off 0.4944180788924778 neg 0.4404104094398703 __DUMMY__ 0.06517151166765178	false	0.5
labil	off 1.0	off 1.0	off 0.733374507786828 neg 0.23555470985971916 __DUMMY__ 0.031070782353452828	false	1.0
ziemlich	neg 1.0		off 0.49516931187328567 neg 0.43937933911718635 __DUMMY__ 0.06545134900952806	false	0.5
lachnummer	off 1.0		off 0.4910000678034723 neg 0.4429341903234029 __DUMMY__ 0.06606574187312488	false	1.0
oder			off 0.4907912509674981 neg 0.443165058508254 __DUMMY__ 0.06604369052424776	false	0.0
verfall	neg 1.0		off 0.48057105073271267 neg 0.4529063695829148 __DUMMY__ 0.06652257968437253	false	0.5
ausgrenzung	neg 1.0		off 0.4903188389386444 neg 0.44416559880609774 __DUMMY__ 0.06551556225525779	false	0.5
unordnung	neg 1.0		off 0.49777470086093456 neg 0.4374719914346911 __DUMMY__ 0.06475330770437439	false	0.5
fehlverhalten	neg 1.0		off 0.48626921814258767 neg 0.4473419873489319 __DUMMY__ 0.06638879450848037	false	0.5
eine			off 0.4841172628431446 neg 0.44933605027808005 __DUMMY__ 0.06654668687877538	false	0.0
nille	neg 1.0		off 0.48999798775842385 neg 0.4440506987749876 __DUMMY__ 0.0659513134665886	false	0.5
qual	neg 1.0		off 0.4890162786291936 neg 0.445029729809558 __DUMMY__ 0.06595399156124833	false	0.5
verschwenden	neg 1.0		off 0.48443264080698684 neg 0.44940961760914233 __DUMMY__ 0.06615774158387074	false	0.5
riesig	neg 1.0		off 0.4869082392347058 neg 0.44668104673245534 __DUMMY__ 0.06641071403283894	false	0.5
verurteilen	neg 1.0		off 0.48840792142880834 neg 0.44539838200679466 __DUMMY__ 0.06619369656439698	false	0.5
klischee	neg 1.0	neg 1.0	neg 0.7062756770794388 off 0.26263773467682544 __DUMMY__ 0.031086588243735735	false	1.0
diktatorisch	neg 1.0		off 0.49066652430181645 neg 0.44380616060074507 __DUMMY__ 0.06552731509743852	false	0.5
vorhersehbar	neg 1.0		off 0.4912712731722552 neg 0.44326968479640705 __DUMMY__ 0.06545904203133761	false	0.5
sowie			off 0.4977645884729777 neg 0.4377136127955945 __DUMMY__ 0.06452179873142785	false	0.0
stornieren	neg 1.0		off 0.4957773559584497 neg 0.4379878910435914 __DUMMY__ 0.06623475299795882	false	0.5
besteuerung	neg 1.0	neg 1.0	neg 0.7094515138474593 off 0.25957038950944417 __DUMMY__ 0.030978096643096486	false	1.0
ungeschminkt	neg 1.0		off 0.49543436732254176 neg 0.4395188074575293 __DUMMY__ 0.06504682521992888	false	0.5
kritisch	neg 1.0		off 0.4876206523059447 neg 0.44618473378924883 __DUMMY__ 0.06619461390480642	false	0.5
schlamperei	off 1.0		off 0.48647484074677905 neg 0.44721586941504254 __DUMMY__ 0.06630928983817833	false	1.0
sucht	neg 1.0	neg 1.0	neg 0.7063985714128848 off 0.2622384893925877 __DUMMY__ 0.03136293919452763	false	1.0
egoistisch	off 1.0	off 1.0	off 0.7368718504721337 neg 0.23234000936085014 __DUMMY__ 0.03078814016701616	false	1.0
ausbeuter	off 1.0		off 0.4844025381426323 neg 0.44945542195571214 __DUMMY__ 0.06614203990165557	false	1.0
arschgeburt	off 1.0		off 0.5053885147725098 neg 0.4311752007915898 __DUMMY__ 0.06343628443590063	false	1.0
schubs	neg 1.0		off 0.48517390384108977 neg 0.4488733163983259 __DUMMY__ 0.06595277976058439	false	0.5
unsolide	neg 1.0		off 0.4924352242803011 neg 0.44188458719837415 __DUMMY__ 0.06568018852132468	false	0.5
beschwerde	neg 1.0		off 0.4885031621013915 neg 0.4452525834260026 __DUMMY__ 0.06624425447260586	false	0.5
stocken	neg 1.0		off 0.48658392523726485 neg 0.44720793688803356 __DUMMY__ 0.06620813787470153	false	0.5
isolieren	neg 1.0		off 0.4864921015534463 neg 0.44756770719438704 __DUMMY__ 0.0659401912521666	false	0.5
unheilbar	neg 1.0		off 0.4901464389029469 neg 0.44384280208717336 __DUMMY__ 0.06601075900987989	false	0.5
pisser	off 1.0	off 1.0	off 0.7352234110164376 neg 0.23391328176145398 __DUMMY__ 0.03086330722210841	false	1.0
löschen	neg 1.0		off 0.4897514697021385 neg 0.4444094969252981 __DUMMY__ 0.0658390333725636	false	0.5
durchfallen	neg 1.0		off 0.48779808621917536 neg 0.4459391455529379 __DUMMY__ 0.06626276822788658	false	0.5
wichser	off 1.0	off 1.0	off 0.738548042887326 neg 0.23107242395297695 __DUMMY__ 0.03037953315969694	false	1.0
terror	neg 1.0		off 0.4924652137157306 neg 0.4419355909705046 __DUMMY__ 0.06559919531376475	false	0.5
krass	neg 1.0		off 0.498480502969194 neg 0.4367623042211439 __DUMMY__ 0.06475719280966198	false	0.5
revolte	neg 1.0		off 0.4910442642769054 neg 0.44372211469544487 __DUMMY__ 0.06523362102764979	false	0.5
besorgt	neg 1.0		off 0.4895143572997941 neg 0.44403987737337713 __DUMMY__ 0.06644576532682886	false	0.5
nachlassen	neg 1.0		off 0.4875334858846981 neg 0.44610507500407603 __DUMMY__ 0.06636143911122584	false	0.5
alt	neg 1.0		off 0.4831512727066449 neg 0.45115003427639 __DUMMY__ 0.06569869301696508	false	0.5
hundesohn	off 1.0	off 1.0	off 0.7375469024038204 neg 0.23209295190731422 __DUMMY__ 0.03036014568886536	false	1.0
als			off 0.48736990563365884 neg 0.44653460317979143 __DUMMY__ 0.06609549118654962	false	0.0
abschreckung	neg 1.0		off 0.4852914277969326 neg 0.44828399968185717 __DUMMY__ 0.06642457252121033	false	0.5
unqualifiziert	neg 1.0		off 0.49401196208580317 neg 0.4404288583878425 __DUMMY__ 0.06555917952635422	false	0.5
abgewichst	off 1.0		off 0.48966303185645 neg 0.44428466965331864 __DUMMY__ 0.06605229849023142	false	1.0
schwer	neg 1.0		off 0.48928033852180514 neg 0.44466340782244956 __DUMMY__ 0.06605625365574526	false	0.5
bedeutungslosigkeit	neg 1.0		off 0.48566239596702493 neg 0.4479715174971408 __DUMMY__ 0.06636608653583422	false	0.5
kapitulation	neg 1.0		off 0.48584777635614423 neg 0.448182395613326 __DUMMY__ 0.0659698280305298	false	0.5
unscharf	neg 1.0		off 0.48809393454176836 neg 0.44676695841760605 __DUMMY__ 0.06513910704062549	false	0.5
schwinden	neg 1.0		off 0.4837340769166789 neg 0.450220310399347 __DUMMY__ 0.06604561268397414	false	0.5
versklavung	neg 1.0	neg 1.0	neg 0.7077211896632007 off 0.2611399865149889 __DUMMY__ 0.03113882382181037	false	1.0
schlecht	neg 1.0		off 0.49583112530452406 neg 0.4386424555946777 __DUMMY__ 0.06552641910079829	false	0.5
verhasst	neg 1.0		off 0.49099191283194826 neg 0.443231024477296 __DUMMY__ 0.06577706269075563	false	0.5
beschweren	neg 1.0		off 0.49237615138309215 neg 0.4416858719027377 __DUMMY__ 0.06593797671417012	false	0.5
scheiden	neg 1.0		off 0.48946969360392983 neg 0.4446285300148625 __DUMMY__ 0.06590177638120756	false	0.5
frustriert	neg 1.0		off 0.4887225748930327 neg 0.445111937226492 __DUMMY__ 0.06616548788047515	false	0.5
schimmelig	neg 1.0		off 0.48446718183140225 neg 0.44973278672756006 __DUMMY__ 0.06580003144103762	false	0.5
fisch	neg 1.0		off 0.4806741783919849 neg 0.4533715744554671 __DUMMY__ 0.065954247152548	false	0.5
schmuggel	neg 1.0		off 0.486270001356724 neg 0.4468992514153852 __DUMMY__ 0.06683074722789074	false	0.5
auffallen	neg 1.0		off 0.4920575224052159 neg 0.44217056402475874 __DUMMY__ 0.06577191357002532	false	0.5
konkurrenz	neg 1.0		off 0.4865531178532172 neg 0.4468234511101711 __DUMMY__ 0.06662343103661186	false	0.5
teufelskreis	neg 1.0	neg 1.0	neg 0.7088997954287266 off 0.25983601361974273 __DUMMY__ 0.03126419095153061	false	1.0
aufschreien	neg 1.0		off 0.49168502668114916 neg 0.44275779907799584 __DUMMY__ 0.06555717424085503	false	0.5
schuldner	neg 1.0		off 0.4826187379442092 neg 0.4514773750717375 __DUMMY__ 0.06590388698405329	false	0.5
missgeburt	off 1.0	off 1.0	off 0.7377544121730788 neg 0.23164441118624357 __DUMMY__ 0.030601176640677717	false	1.0
arbeitslos	neg 1.0		off 0.4873078498306239 neg 0.4464777703574417 __DUMMY__ 0.06621437981193445	false	0.5
befallen	neg 1.0		off 0.4858304041055432 neg 0.4485909539807319 __DUMMY__ 0.06557864191372499	false	0.5
miesepetrig	off 1.0	off 1.0	off 0.7335629032286111 neg 0.23534817110953446 __DUMMY__ 0.031088925661854533	false	1.0
alarmieren	neg 1.0		off 0.49470140250643213 neg 0.4397339076562382 __DUMMY__ 0.06556468983732959	false	0.5
ungeduscht	off 1.0		off 0.49248431772374024 neg 0.4422252156558533 __DUMMY__ 0.0652904666204063	false	1.0
knappheit	neg 1.0		off 0.48485607772557665 neg 0.4494267382330499 __DUMMY__ 0.06571718404137357	false	0.5
schlange	neg 1.0		off 0.490575140908339 neg 0.443394733431184 __DUMMY__ 0.06603012566047702	false	0.5
harsch	neg 1.0		off 0.4994207202089428 neg 0.4355051741308319 __DUMMY__ 0.06507410566022528	false	0.5
lang	neg 1.0		off 0.4907210498030187 neg 0.44346908768794296 __DUMMY__ 0.0658098625090384	false	0.5
ziellos	neg 1.0		off 0.4865066617163616 neg 0.44702470756444573 __DUMMY__ 0.06646863071919266	false	0.5
selbstverliebt	neg 1.0		off 0.5049784921346068 neg 0.43095306285221757 __DUMMY__ 0.06406844501317552	false	0.5
beseitigen	neg 1.0		off 0.4908223454158759 neg 0.4430038822977354 __DUMMY__ 0.06617377228638875	false	0.5
dumm	off 1.0		off 0.5003304197213851 neg 0.43510703014984586 __DUMMY__ 0.06456255012876899	false	1.0
arbeitsloser	neg 1.0		off 0.49127467467790686 neg 0.4419155927185501 __DUMMY__ 0.06680973260354311	false	0.5
blitzen	neg 1.0		off 0.4925852333143692 neg 0.44197666485427467 __DUMMY__ 0.06543810183135618	false	0.5
hilflos	neg 1.0		off 0.4873138218431339 neg 0.4465033969119259 __DUMMY__ 0.06618278124494034	false	0.5
eklig	off 1.0		off 0.4993787968676153 neg 0.4363293158552944 __DUMMY__ 0.0642918872770903	false	1.0
begriff			off 0.4894906590087768 neg 0.4444709369683707 __DUMMY__ 0.06603840402285244	false	0.0
hungersnot	neg 1.0		off 0.4861721553710242 neg 0.44792373998658286 __DUMMY__ 0.06590410464239299	false	0.5
ungesetzlich	neg 1.0		off 0.4910525087006215 neg 0.4433571258664018 __DUMMY__ 0.06559036543297661	false	0.5
verschwendung	neg 1.0		off 0.4852538559710177 neg 0.44843776611921765 __DUMMY__ 0.06630837790976463	false	0.5
schmerzvoll	neg 1.0		off 0.4901183275786279 neg 0.4442064517237416 __DUMMY__ 0.0656752206976305	false	0.5
vorzeitig	neg 1.0		off 0.4952023306985698 neg 0.4392394365203534 __DUMMY__ 0.06555823278107684	false	0.5
unvollkommenheit	neg 1.0		off 0.4876773289635971 neg 0.4463150133855735 __DUMMY__ 0.06600765765082937	false	0.5
intervenieren	neg 1.0		off 0.4842775198540034 neg 0.4497419203431775 __DUMMY__ 0.06598055980281914	false	0.5
banause	off 1.0		off 0.4988750983421556 neg 0.437294707316385 __DUMMY__ 0.06383019434145949	false	1.0
rebell	neg 1.0		off 0.4793414012768383 neg 0.4544478802767493 __DUMMY__ 0.0662107184464125	false	0.5
unlogisch	neg 1.0		off 0.49635183290659296 neg 0.4386727318823204 __DUMMY__ 0.0649754352110866	false	0.5
leiden	neg 1.0		off 0.4871079350127371 neg 0.44602855891761 __DUMMY__ 0.06686350606965294	false	0.5
abschaffung	neg 1.0		off 0.4887289100087797 neg 0.44575416135606943 __DUMMY__ 0.06551692863515077	false	0.5
sturz	neg 1.0		off 0.49414892449748726 neg 0.43969354880536704 __DUMMY__ 0.0661575266971457	false	0.5
verkleinerung	neg 1.0		off 0.4900918112981511 neg 0.44494374745165605 __DUMMY__ 0.06496444125019285	false	0.5
schmarotzer	off 1.0		off 0.4882374541811028 neg 0.445633098688815 __DUMMY__ 0.06612944713008234	false	1.0
bestrafung	neg 1.0	neg 1.0	neg 0.7068260642440805 off 0.2617743595830968 __DUMMY__ 0.03139957617282265	false	1.0
achtlos	neg 1.0		off 0.4893122345031327 neg 0.4444400096221067 __DUMMY__ 0.0662477558747604	false	0.5
ungeheuer	neg 1.0		off 0.48818306649262 neg 0.44620647712092576 __DUMMY__ 0.06561045638645423	false	0.5
unaufrichtig	neg 1.0		off 0.493938830675969 neg 0.4405039677932634 __DUMMY__ 0.06555720153076755	false	0.5
groggy	neg 1.0		off 0.4932405479925451 neg 0.4410321285692115 __DUMMY__ 0.06572732343824339	false	0.5
