unsolidarisch	neg 1.0		__DUMMY__ 0.45368793103770916 off 0.285984000217308 neg 0.2603280687449828	false	0.5
nachteilig	neg 1.0		__DUMMY__ 0.4588387931969402 off 0.2819226089220493 neg 0.25923859788101045	false	0.5
skeptisch	neg 1.0		__DUMMY__ 0.4589336785136848 off 0.280349778502573 neg 0.26071654298374236	false	0.5
schrecklich	neg 1.0		__DUMMY__ 0.44991227395388156 off 0.2956401450078358 neg 0.2544475810382827	false	0.5
schlapp	neg 1.0	neg 1.0	neg 0.6157133340419199 __DUMMY__ 0.2187548555585347 off 0.16553181039954548	false	1.0
abfall	neg 1.0		__DUMMY__ 0.46230208810769857 off 0.27753609213287594 neg 0.26016181975942543	false	0.5
widerspenstig	neg 1.0		__DUMMY__ 0.45513402000288006 off 0.28435944077300995 neg 0.26050653922411005	false	0.5
abrupt	neg 1.0		__DUMMY__ 0.45766088568419944 off 0.2790461336704062 neg 0.2632929806453945	false	0.5
unwirksam	neg 1.0		__DUMMY__ 0.4508349482883566 off 0.28408159579077913 neg 0.26508345592086424	false	0.5
angreifen	neg 1.0		__DUMMY__ 0.45968201800553954 off 0.2799050620986827 neg 0.26041291989577786	false	0.5
inkonsistent	neg 1.0		__DUMMY__ 0.45227703379176565 off 0.2876608885198785 neg 0.2600620776883558	false	0.5
abrutschen	neg 1.0		__DUMMY__ 0.4618114308557117 off 0.27688389496271404 neg 0.26130467418157416	false	0.5
unsicher	neg 1.0		__DUMMY__ 0.45680495759386036 off 0.2856969429455279 neg 0.25749809946061175	false	0.5
bauernkind	off 1.0	off 1.0	off 0.638029964628496 __DUMMY__ 0.21408599339312318 neg 0.1478840419783808	false	1.0
angreifer	neg 1.0		__DUMMY__ 0.4564559392471052 off 0.29108475471651507 neg 0.2524593060363797	false	0.5
trennen	neg 1.0		__DUMMY__ 0.4603821909742364 off 0.27981198319524253 neg 0.2598058258305212	false	0.5
schmutz	neg 1.0		__DUMMY__ 0.45794694730555685 off 0.2905456539000803 neg 0.2515073987943628	false	0.5
inkonsistenz	neg 1.0		__DUMMY__ 0.45276828370958183 off 0.2911221332856859 neg 0.2561095830047323	false	0.5
erschreckend	neg 1.0		__DUMMY__ 0.4563946005794189 off 0.28471143394735926 neg 0.25889396547322185	false	0.5
ertrinken	neg 1.0		__DUMMY__ 0.45866013432315644 off 0.27874008206432804 neg 0.26259978361251546	false	0.5
pickelface	off 1.0		__DUMMY__ 0.4552308146739787 off 0.2859598919456907 neg 0.25880929338033054	false	1.0
seiner			__DUMMY__ 0.4601021969106836 off 0.2805858268278904 neg 0.2593119762614259	false	0.0
lauch	neg 1.0	neg 1.0	neg 0.61939383798445 __DUMMY__ 0.2232741682839041 off 0.1573319937316459	false	1.0
unwichtig	neg 1.0		__DUMMY__ 0.45273916343521925 off 0.2910491161515885 neg 0.25621172041319223	false	0.5
steuerhinterziehung	neg 1.0		__DUMMY__ 0.45543531529104747 off 0.28449000254949236 neg 0.26007468215946006	false	0.5
schock	neg 1.0		__DUMMY__ 0.457295357190884 off 0.28374236126918 neg 0.258962281539936	false	0.5
beule	neg 1.0		__DUMMY__ 0.4500259412770231 off 0.29302038234627914 neg 0.25695367637669764	false	0.5
vergelten	neg 1.0		__DUMMY__ 0.4497540731175763 off 0.29688703930122995 neg 0.2533588875811938	false	0.5
verdorbenheit	neg 1.0		__DUMMY__ 0.4552425124027539 off 0.2867956245171161 neg 0.25796186308013014	false	0.5
trauma	neg 1.0		__DUMMY__ 0.4542998799408514 off 0.28682617430122687 neg 0.25887394575792183	false	0.5
sinnlos	neg 1.0		__DUMMY__ 0.4547169532874996 off 0.28777702236101255 neg 0.2575060243514879	false	0.5
fettsack	off 1.0	off 1.0	off 0.6391959043818781 __DUMMY__ 0.21434957930278462 neg 0.14645451631533724	false	1.0
feige	off 1.0	off 1.0	off 0.6359642335315892 __DUMMY__ 0.21824266700025904 neg 0.14579309946815186	false	1.0
abdanken	neg 1.0		__DUMMY__ 0.45754811389516853 off 0.285876219718788 neg 0.2565756663860435	false	0.5
wichtigtuer	off 1.0	off 1.0	off 0.6342435087647937 __DUMMY__ 0.22021930879516677 neg 0.1455371824400395	false	1.0
misslingen	neg 1.0		__DUMMY__ 0.45705684089393567 off 0.287998766732715 neg 0.2549443923733494	false	0.5
untreu	off 1.0		__DUMMY__ 0.451813300601885 off 0.29235204776421786 neg 0.2558346516338971	false	1.0
missmutig	neg 1.0		__DUMMY__ 0.453118775201895 off 0.289410305994315 neg 0.2574709188037901	false	0.5
hurenbock	off 1.0		__DUMMY__ 0.45122010572313165 off 0.2837698103037223 neg 0.2650100839731461	false	1.0
betrunken	neg 1.0		__DUMMY__ 0.4503352673148679 off 0.2943022588791646 neg 0.25536247380596755	false	0.5
korrupt	off 1.0		__DUMMY__ 0.45517285254770545 off 0.2837454258833222 neg 0.26108172156897236	false	1.0
unmut	neg 1.0		__DUMMY__ 0.4603470533414222 off 0.2785170706090351 neg 0.26113587604954264	false	0.5
hackfresse	off 1.0		__DUMMY__ 0.44657664454957213 off 0.30053474795054835 neg 0.2528886074998795	false	1.0
aufblasen	neg 1.0		__DUMMY__ 0.4555969813864486 off 0.2858300388405231 neg 0.25857297977302846	false	0.5
gewaltsam	neg 1.0		__DUMMY__ 0.45769677055235647 off 0.28593240420380944 neg 0.25637082524383414	false	0.5
unbeliebtheit	neg 1.0		__DUMMY__ 0.45196870802176337 off 0.29253527159838416 neg 0.2554960203798526	false	0.5
sturheit	neg 1.0		__DUMMY__ 0.45781549118941206 off 0.28529183561347665 neg 0.2568926731971114	false	0.5
kuh	neg 1.0		__DUMMY__ 0.446500038332519 off 0.285578636569305 neg 0.267921325098176	false	0.5
erschrecken	neg 1.0		__DUMMY__ 0.45336145210943896 off 0.2900207879077598 neg 0.2566177599828013	false	0.5
opfer	neg 1.0		__DUMMY__ 0.4606897402411606 off 0.2831120848335113 neg 0.2561981749253281	false	0.5
sinken	neg 1.0		__DUMMY__ 0.45826112692161175 off 0.2782212133602147 neg 0.2635176597181736	false	0.5
stinktier	neg 1.0		__DUMMY__ 0.4435805659649239 off 0.2959508283223538 neg 0.2604686057127223	false	0.5
tucke	off 1.0		__DUMMY__ 0.4414351751673366 off 0.3010699685574122 neg 0.2574948562752513	false	1.0
ein			__DUMMY__ 0.4544031027671399 off 0.2835386787972259 neg 0.26205821843563404	false	0.0
abstieg	neg 1.0		__DUMMY__ 0.460478934252891 off 0.2846703657857413 neg 0.2548506999613677	false	0.5
missverstehen	neg 1.0		__DUMMY__ 0.45423374561784036 off 0.28886493525133905 neg 0.2569013191308207	false	0.5
ergebnislos	neg 1.0		__DUMMY__ 0.4602165226771178 off 0.2824402055184532 neg 0.25734327180442895	false	0.5
unter			__DUMMY__ 0.46560461822884797 off 0.2731797242250805 neg 0.2612156575460714	false	0.0
manipulieren	neg 1.0		__DUMMY__ 0.4594979632773628 off 0.28113903088406705 neg 0.2593630058385702	false	0.5
unbewiesen	neg 1.0	neg 1.0	neg 0.6165089751189617 __DUMMY__ 0.22048567531213428 off 0.16300534956890403	false	1.0
verschleppen	neg 1.0		__DUMMY__ 0.45762599961096356 off 0.2826905609083545 neg 0.25968343948068207	false	0.5
weib	off 1.0		__DUMMY__ 0.4432248741174921 off 0.30199614243099876 neg 0.2547789834515092	false	1.0
opposition	neg 1.0		__DUMMY__ 0.45352792427545136 off 0.28687179502451077 neg 0.2596002807000377	false	0.5
verkehrswidrig	neg 1.0		__DUMMY__ 0.4506434460169572 off 0.29804861932671356 neg 0.2513079346563293	false	0.5
inkorrekt	neg 1.0		__DUMMY__ 0.4496326114414624 off 0.29534170851559866 neg 0.25502568004293896	false	0.5
vermeiden	neg 1.0		__DUMMY__ 0.46221244957544405 off 0.2763232756312592 neg 0.2614642747932968	false	0.5
abweichung	neg 1.0	neg 1.0	neg 0.6162004121354596 __DUMMY__ 0.2226360708841382 off 0.16116351698040216	false	1.0
alkoholisiert	neg 1.0		__DUMMY__ 0.46275952814901516 off 0.2817631456060991 neg 0.25547732624488567	false	0.5
scheiss	off 1.0	off 1.0	off 0.6365584637413456 __DUMMY__ 0.21713979454324664 neg 0.1463017417154078	false	1.0
herausforderung	neg 1.0		__DUMMY__ 0.4577060338213214 off 0.28281184339646914 neg 0.25948212278220945	false	0.5
pervers	off 1.0		__DUMMY__ 0.44263170411387476 off 0.30502483608698727 neg 0.252343459799138	false	1.0
wackelig	neg 1.0		__DUMMY__ 0.45842127484719675 off 0.28296481157925424 neg 0.25861391357354885	false	0.5
verwickeln	neg 1.0		__DUMMY__ 0.4550185371325217 off 0.28798337441653205 neg 0.2569980884509462	false	0.5
vorwand	neg 1.0		__DUMMY__ 0.45971901410831806 off 0.2793648593214024 neg 0.26091612657027946	false	0.5
muschi	off 1.0		__DUMMY__ 0.45681318950999916 off 0.2852154398117505 neg 0.2579713706782503	false	1.0
entmutigung	neg 1.0		__DUMMY__ 0.45166222078579926 off 0.28726988515032303 neg 0.2610678940638778	false	0.5
unangemessen	neg 1.0		__DUMMY__ 0.45732401267064 off 0.2846298110848649 neg 0.2580461762444951	false	0.5
unstetig	neg 1.0		__DUMMY__ 0.4525727703489649 off 0.28968617777836686 neg 0.25774105187266816	false	0.5
entmutigen	neg 1.0		__DUMMY__ 0.4553995451298222 off 0.2866536933280122 neg 0.25794676154216545	false	0.5
schwanz	neg 1.0		__DUMMY__ 0.45710834593484967 off 0.2824150303002794 neg 0.2604766237648708	false	0.5
verbot	neg 1.0		__DUMMY__ 0.45590843137725584 off 0.2835755312479245 neg 0.2605160373748197	false	0.5
leid	neg 1.0		__DUMMY__ 0.44843058317455087 off 0.29728591725598535 neg 0.25428349956946367	false	0.5
archaisch	neg 1.0		__DUMMY__ 0.456003213541553 off 0.28353047598645015 neg 0.26046631047199675	false	0.5
gegen			__DUMMY__ 0.4617513296078795 off 0.27983151733947925 neg 0.25841715305264124	false	0.0
scheidung	neg 1.0		__DUMMY__ 0.44428331439432345 off 0.31039438871514213 neg 0.24532229689053447	false	0.5
einschlag	neg 1.0		__DUMMY__ 0.45229067555637065 off 0.29720529654633865 neg 0.2505040278972907	false	0.5
m			__DUMMY__ 0.45757977831827534 off 0.2833095168238652 neg 0.25911070485785953	false	0.0
abgestanden	neg 1.0		__DUMMY__ 0.4501154721014609 off 0.2829035130559566 neg 0.2669810148425826	false	0.5
schmierig	off 1.0		__DUMMY__ 0.44830427127335215 off 0.29675044185706806 neg 0.25494528686957973	false	1.0
unpraktisch	neg 1.0		__DUMMY__ 0.4555186594192744 off 0.28728839430064396 neg 0.2571929462800816	false	0.5
wixxer	off 1.0		__DUMMY__ 0.4409091981676648 off 0.30471315331052123 neg 0.254377648521814	false	1.0
bezeichnet			__DUMMY__ 0.45663880041713223 off 0.2863745613518744 neg 0.25698663823099344	false	0.0
jammerlappen	off 1.0		__DUMMY__ 0.45259374661644997 off 0.2913524020935057 neg 0.2560538512900443	false	1.0
farce	neg 1.0		__DUMMY__ 0.45424042866998354 off 0.28504452157822074 neg 0.2607150497517957	false	0.5
zwecklos	neg 1.0		__DUMMY__ 0.4570636768336286 off 0.28312002548039533 neg 0.259816297685976	false	0.5
turbulent	neg 1.0		__DUMMY__ 0.44985384083254376 off 0.29310630832707374 neg 0.2570398508403824	false	0.5
invasion	neg 1.0		__DUMMY__ 0.45387594117091995 off 0.288392947495381 neg 0.2577311113336989	false	0.5
schuld	neg 1.0		__DUMMY__ 0.45544023653840543 off 0.28714654890619995 neg 0.25741321455539456	false	0.5
risiko	neg 1.0		__DUMMY__ 0.4520115832585724 off 0.2867395857026177 neg 0.26124883103881	false	0.5
finster	neg 1.0		__DUMMY__ 0.4538499528280073 off 0.2840684461946632 neg 0.2620816009773294	false	0.5
geisteskrank	off 1.0		__DUMMY__ 0.45079172225158715 off 0.2941359779705336 neg 0.2550722997778794	false	1.0
zusammenbrechen	neg 1.0		__DUMMY__ 0.45668412463755365 off 0.2831469884999315 neg 0.26016888686251494	false	0.5
ausbeute	neg 1.0		__DUMMY__ 0.4592611086099809 off 0.2855056036252694 neg 0.2552332877647498	false	0.5
hinterhalt	neg 1.0		__DUMMY__ 0.45603264155057216 off 0.28358626890662486 neg 0.2603810895428029	false	0.5
kritik	neg 1.0		__DUMMY__ 0.45447126325857684 off 0.28477879107052245 neg 0.26074994567090065	false	0.5
einschrumpfen	neg 1.0		__DUMMY__ 0.45035139947306035 off 0.290621222556621 neg 0.2590273779703187	false	0.5
riskant	neg 1.0		__DUMMY__ 0.45815504900648696 off 0.280269175117346 neg 0.26157577587616704	false	0.5
frustrieren	neg 1.0		__DUMMY__ 0.457370075635295 off 0.28118874186692977 neg 0.26144118249777515	false	0.5
groll	neg 1.0		__DUMMY__ 0.4583638896863668 off 0.28405618258877036 neg 0.25757992772486266	false	0.5
gibt			__DUMMY__ 0.4575560373209799 off 0.282941055427947 neg 0.25950290725107306	false	0.0
qualvoll	neg 1.0		__DUMMY__ 0.4545424291494448 off 0.28791842231250286 neg 0.25753914853805226	false	0.5
wackeln	neg 1.0		__DUMMY__ 0.45623189434818356 off 0.2853185306436595 neg 0.25844957500815696	false	0.5
klagen	neg 1.0		__DUMMY__ 0.45894682145435317 off 0.27932545596024055 neg 0.26172772258540644	false	0.5
bankrott	neg 1.0		__DUMMY__ 0.45353862745388185 off 0.2909705931376101 neg 0.25549077940850806	false	0.5
trauern	neg 1.0		__DUMMY__ 0.4624072355685975 off 0.2824483527954802 neg 0.2551444116359223	false	0.5
ablehnung	neg 1.0		__DUMMY__ 0.45481777837448856 off 0.2840398175194276 neg 0.2611424041060839	false	0.5
stur	neg 1.0		__DUMMY__ 0.45491802092051936 off 0.28690586778457267 neg 0.2581761112949079	false	0.5
aufruhr	neg 1.0	neg 1.0	neg 0.6161618752252497 __DUMMY__ 0.22129383469047273 off 0.1625442900842776	false	1.0
melancholie	neg 1.0		__DUMMY__ 0.4569558796871305 off 0.2792328383769226 neg 0.263811281935947	false	0.5
ist			__DUMMY__ 0.4546928166232013 off 0.287397456465905 neg 0.2579097269108936	false	0.0
torheit	neg 1.0		__DUMMY__ 0.4549273943012208 off 0.28702579383096843 neg 0.2580468118678108	false	0.5
dreckskind	off 1.0		__DUMMY__ 0.44468904011500743 off 0.30126668642819837 neg 0.2540442734567943	false	1.0
umtauschen	neg 1.0		__DUMMY__ 0.4561241341917031 off 0.28470124930284774 neg 0.2591746165054491	false	0.5
zum			__DUMMY__ 0.4658915871653333 off 0.27821013417096613 neg 0.2558982786637005	false	0.0
zersetzen	neg 1.0		__DUMMY__ 0.4577626126068847 off 0.27994642750165016 neg 0.26229095989146517	false	0.5
zur			__DUMMY__ 0.4624876326198157 off 0.2766931567323613 neg 0.260819210647823	false	0.0
frust	neg 1.0		__DUMMY__ 0.4573211393237912 off 0.2831226631570272 neg 0.2595561975191816	false	0.5
unerbittlichkeit	neg 1.0		__DUMMY__ 0.45896113195892607 off 0.28164569420288554 neg 0.2593931738381885	false	0.5
zwei			__DUMMY__ 0.46329095546579274 off 0.2763630053756975 neg 0.2603460391585097	false	0.0
unkorrekt	neg 1.0		__DUMMY__ 0.45048691069896335 off 0.29405813650147106 neg 0.2554549527995654	false	0.5
hexe	off 1.0		__DUMMY__ 0.4495295266465104 off 0.289404681759906 neg 0.26106579159358373	false	1.0
lasch	neg 1.0		__DUMMY__ 0.45364432713032954 off 0.2906800866061954 neg 0.2556755862634752	false	0.5
rivale	neg 1.0		__DUMMY__ 0.4498666361381763 off 0.2956536477400691 neg 0.25447971612175463	false	0.5
mutlos	off 1.0	off 1.0	off 0.630508003156688 __DUMMY__ 0.2217527124901289 neg 0.14773928435318312	false	1.0
wirr	off 1.0		__DUMMY__ 0.44854299441169226 off 0.29586984935971655 neg 0.2555871562285912	false	1.0
jahr			__DUMMY__ 0.4631593528632809 off 0.2823676257363036 neg 0.2544730214004154	false	0.0
wird			__DUMMY__ 0.4583006529426558 off 0.28251606789117883 neg 0.2591832791661653	false	0.0
strafbar	neg 1.0		__DUMMY__ 0.45930146082173656 off 0.2817094516266952 neg 0.2589890875515683	false	0.5
erosion	neg 1.0		__DUMMY__ 0.4561447451922139 off 0.28598152504053376 neg 0.2578737297672525	false	0.5
eingehen	neg 1.0		__DUMMY__ 0.4574484418532061 off 0.28098691907397716 neg 0.2615646390728167	false	0.5
faul	off 1.0		__DUMMY__ 0.4532081830058577 off 0.29043938936735486 neg 0.25635242762678745	false	1.0
provisorium	neg 1.0		__DUMMY__ 0.4662191216083484 off 0.27358798646304616 neg 0.26019289192860545	false	0.5
schmerzen	neg 1.0		__DUMMY__ 0.4557491189902569 off 0.28372123718693654 neg 0.2605296438228067	false	0.5
schrumpfen	neg 1.0		__DUMMY__ 0.4593866651053556 off 0.2753665113904361 neg 0.2652468235042084	false	0.5
geistlos	off 1.0		__DUMMY__ 0.452337869321913 off 0.28836647587758557 neg 0.2592956548005013	false	1.0
fehlkauf	neg 1.0		__DUMMY__ 0.4532713715400989 off 0.2881684608559689 neg 0.25856016760393213	false	0.5
frustrierend	neg 1.0		__DUMMY__ 0.4528952218930171 off 0.289662978991116 neg 0.2574417991158668	false	0.5
unzufrieden	neg 1.0		__DUMMY__ 0.45756731570112696 off 0.28305498329768924 neg 0.2593777010011838	false	0.5
verzweifeln	neg 1.0		__DUMMY__ 0.4568826540433092 off 0.284523537218327 neg 0.25859380873836385	false	0.5
verzweifelt	neg 1.0		__DUMMY__ 0.4547972742746193 off 0.2868950768060779 neg 0.2583076489193028	false	0.5
misstrauensantrag	neg 1.0		__DUMMY__ 0.4539388149722647 off 0.28768243716092246 neg 0.25837874786681286	false	0.5
abfallen	neg 1.0		__DUMMY__ 0.45515140263973075 off 0.285330429986429 neg 0.2595181673738402	false	0.5
fucker	off 1.0		__DUMMY__ 0.4507893807206178 off 0.2952394442275456 neg 0.2539711750518366	false	1.0
ungezogen	neg 1.0		__DUMMY__ 0.4448213332398863 off 0.30281206146346723 neg 0.25236660529664645	false	0.5
irrsinnig	neg 1.0	neg 1.0	neg 0.6171615741443336 __DUMMY__ 0.22016231336045083 off 0.16267611249521557	false	1.0
unfassbar	neg 1.0		__DUMMY__ 0.4523436023393908 off 0.29251755972204907 neg 0.25513883793856	false	0.5
hart	neg 1.0		__DUMMY__ 0.44715659370597033 off 0.29043118535160717 neg 0.26241222094242245	false	0.5
widerlich	off 1.0		__DUMMY__ 0.451257851788934 off 0.2928558579736428 neg 0.25588629023742304	false	1.0
fatal	neg 1.0	neg 1.0	neg 0.6184503939211606 __DUMMY__ 0.21828579308504792 off 0.16326381299379142	false	1.0
bruch	neg 1.0		__DUMMY__ 0.4614452139402163 off 0.2785896743360344 neg 0.25996511172374925	false	0.5
aushungern	neg 1.0		__DUMMY__ 0.4558900863198066 off 0.28385172502360234 neg 0.2602581886565911	false	0.5
anspannung	neg 1.0		__DUMMY__ 0.46390459689507635 off 0.276839400127347 neg 0.2592560029775767	false	0.5
von			__DUMMY__ 0.4598683835874501 off 0.27969510920968843 neg 0.26043650720286143	false	0.0
kraftlos	neg 1.0		__DUMMY__ 0.45764025662932306 off 0.28235605246954115 neg 0.2600036909011358	false	0.5
vom			__DUMMY__ 0.46744973290103603 off 0.27479558640164065 neg 0.2577546806973234	false	0.0
grenzdebil	off 1.0		__DUMMY__ 0.4510042018389528 off 0.29236194365860463 neg 0.2566338545024427	false	1.0
vor			__DUMMY__ 0.4607213221606122 off 0.278557510643945 neg 0.2607211671954428	false	0.0
unterwerfen	neg 1.0		__DUMMY__ 0.4590346304443157 off 0.28245193861285073 neg 0.2585134309428335	false	0.5
versenkung	neg 1.0		__DUMMY__ 0.4593214244833945 off 0.2817502972856103 neg 0.258928278230995	false	0.5
entziehen	neg 1.0		__DUMMY__ 0.45967019001624165 off 0.2791960124961932 neg 0.2611337974875651	false	0.5
finanzkrise	neg 1.0		__DUMMY__ 0.4504645741717194 off 0.2826433291223514 neg 0.2668920967059291	false	0.5
schimpfend	neg 1.0		__DUMMY__ 0.45668896839396095 off 0.2869701019826946 neg 0.2563409296233445	false	0.5
profan	neg 1.0		__DUMMY__ 0.45375913977995264 off 0.2879835081516791 neg 0.2582573520683683	false	0.5
korruption	neg 1.0		__DUMMY__ 0.4553545469457347 off 0.28277901173936776 neg 0.2618664413148975	false	0.5
â			__DUMMY__ 0.45732104058502693 off 0.28230923311891926 neg 0.2603697262960538	false	0.0
schmutzig	neg 1.0		__DUMMY__ 0.45135494238945323 off 0.2927294608338993 neg 0.25591559677664755	false	0.5
sexy	neg 1.0		__DUMMY__ 0.45380326995656106 off 0.2901240804730784 neg 0.2560726495703605	false	0.5
abraten	neg 1.0		__DUMMY__ 0.45492619585106076 off 0.28783258717409355 neg 0.2572412169748457	false	0.5
schwarz	neg 1.0		__DUMMY__ 0.45447934458769884 off 0.28818428714943034 neg 0.2573363682628708	false	0.5
fotze	off 1.0	off 1.0	off 0.6309788919144 __DUMMY__ 0.22158301531364433 neg 0.14743809277195563	false	1.0
verwirren	neg 1.0		__DUMMY__ 0.4542967437079564 off 0.28860724950527106 neg 0.2570960067867725	false	0.5
zahnlos	off 1.0		__DUMMY__ 0.45697477416107796 off 0.2841472101531268 neg 0.25887801568579544	false	1.0
verheeren	neg 1.0		__DUMMY__ 0.4445698163000333 off 0.30448696280413545 neg 0.2509432208958313	false	0.5
hippie	neg 1.0		__DUMMY__ 0.45351120402228073 off 0.2895388779404535 neg 0.2569499180372658	false	0.5
rammen	neg 1.0		__DUMMY__ 0.455186702994877 off 0.285985361489953 neg 0.2588279355151699	false	0.5
unlauter	neg 1.0		__DUMMY__ 0.4533005099488323 off 0.28746670846017114 neg 0.2592327815909965	false	0.5
unheilvoll	neg 1.0		__DUMMY__ 0.45415392019002665 off 0.28642368851628686 neg 0.2594223912936865	false	0.5
niedrig	neg 1.0		__DUMMY__ 0.45599879199875115 off 0.2814197187475998 neg 0.26258148925364894	false	0.5
explosion	neg 1.0		__DUMMY__ 0.4538499988491907 off 0.28954336733277847 neg 0.25660663381803084	false	0.5
weichei	off 1.0	off 1.0	off 0.6390966020078115 __DUMMY__ 0.21532507778758314 neg 0.14557832020460534	false	1.0
minusmensch	off 1.0		__DUMMY__ 0.44312304572901584 off 0.30349831639545366 neg 0.2533786378755304	false	1.0
farblos	neg 1.0		__DUMMY__ 0.45466225707350694 off 0.28668072966633257 neg 0.2586570132601605	false	0.5
unwissend	neg 1.0	neg 1.0	neg 0.6162910480541127 __DUMMY__ 0.21854259989153707 off 0.16516635205435032	false	1.0
traurig	neg 1.0		__DUMMY__ 0.4503534308210383 off 0.29527464564290323 neg 0.25437192353605836	false	0.5
senkung	neg 1.0		__DUMMY__ 0.45054882281396 off 0.2874300271551382 neg 0.2620211500309018	false	0.5
ungleich	neg 1.0	neg 1.0	neg 0.6180801660705091 __DUMMY__ 0.2218572486131638 off 0.1600625853163271	false	1.0
heikel	neg 1.0		__DUMMY__ 0.4588197566072167 off 0.28088163092580704 neg 0.26029861246697633	false	0.5
drosselung	neg 1.0		__DUMMY__ 0.4481246754718418 off 0.2913115602690395 neg 0.2605637642591186	false	0.5
falsch	neg 1.0		__DUMMY__ 0.4538001815269788 off 0.2904434668648177 neg 0.2557563516082036	false	0.5
unzufriedenheit	neg 1.0		__DUMMY__ 0.4572832263064197 off 0.27978673164043605 neg 0.2629300420531443	false	0.5
kurz	neg 1.0		__DUMMY__ 0.4585464695118531 off 0.2836977420981 neg 0.25775578839004687	false	0.5
unsinnig	neg 1.0		__DUMMY__ 0.45509291873796026 off 0.2839892983121823 neg 0.2609177829498575	false	0.5
penner	off 1.0	off 1.0	off 0.6405342028389207 __DUMMY__ 0.2152446383843862 neg 0.144221158776693	false	1.0
seicht	neg 1.0		__DUMMY__ 0.44342255519404994 off 0.3010897008572004 neg 0.2554877439487498	false	0.5
dummheit	off 1.0	off 1.0	off 0.6338769608971004 __DUMMY__ 0.21908706879006778 neg 0.14703597031283167	false	1.0
unerfreulich	neg 1.0		__DUMMY__ 0.45863566879515605 off 0.2803020400684453 neg 0.26106229113639867	false	0.5
motherfucker	off 1.0	off 1.0	off 0.6372363986739766 __DUMMY__ 0.2177705706695457 neg 0.14499303065647784	false	1.0
pikiert	neg 1.0		__DUMMY__ 0.4515580481183666 off 0.2914570834654482 neg 0.2569848684161853	false	0.5
wrack	neg 1.0		__DUMMY__ 0.4614636623893991 off 0.2853016343616508 neg 0.2532347032489501	false	0.5
gangster	neg 1.0		__DUMMY__ 0.45331070127920675 off 0.289745370025638 neg 0.2569439286951553	false	0.5
krank	neg 1.0		__DUMMY__ 0.4523336555720038 off 0.2930543619934612 neg 0.254611982434535	false	0.5
reich	neg 1.0		__DUMMY__ 0.45000458232909135 off 0.2890169282840725 neg 0.260978489386836	false	0.5
gnadenlos	neg 1.0		__DUMMY__ 0.4558851459273059 off 0.28696118846086155 neg 0.25715366561183245	false	0.5
niedergeschlagen	neg 1.0		__DUMMY__ 0.4592552733385453 off 0.28357540315464563 neg 0.25716932350680893	false	0.5
terrorisieren	off 1.0	off 1.0	off 0.6300696989985323 __DUMMY__ 0.2227939453013592 neg 0.14713635570010852	false	1.0
sinnlosigkeit	neg 1.0		__DUMMY__ 0.45707338896387417 off 0.28350790949947346 neg 0.2594187015366525	false	0.5
behindern	neg 1.0		__DUMMY__ 0.45532373014031985 off 0.2850178809181843 neg 0.25965838894149595	false	0.5
undemokratisch	neg 1.0		__DUMMY__ 0.4533579344725197 off 0.2878698673308495 neg 0.2587721981966307	false	0.5
wirtschaftskrise	neg 1.0		__DUMMY__ 0.4541976272603129 off 0.28171589088904897 neg 0.26408648185063816	false	0.5
neid	neg 1.0		__DUMMY__ 0.45368732351615354 off 0.28939215775564003 neg 0.25692051872820654	false	0.5
rutschen	neg 1.0		__DUMMY__ 0.4630611800777923 off 0.2758903922627732 neg 0.2610484276594345	false	0.5
rezession	neg 1.0		__DUMMY__ 0.4453652012625274 off 0.29344734014221546 neg 0.2611874585952571	false	0.5
fehlgeburt	neg 1.0		__DUMMY__ 0.4570637744154772 off 0.2866212659022463 neg 0.25631495968227647	false	0.5
charakterschwach	off 1.0		__DUMMY__ 0.45096158533284314 off 0.2920314986502218 neg 0.2570069160169351	false	1.0
isolation	neg 1.0		__DUMMY__ 0.4543546226816207 off 0.29058672322986656 neg 0.25505865408851264	false	0.5
ablenkung	neg 1.0		__DUMMY__ 0.4568600543930715 off 0.28552667424528594 neg 0.2576132713616425	false	0.5
pech	neg 1.0		__DUMMY__ 0.45259025049235174 off 0.2901364576898856 neg 0.25727329181776265	false	0.5
vermeidung	neg 1.0		__DUMMY__ 0.45049222367514696 off 0.2921699122592207 neg 0.25733786406563225	false	0.5
dominieren	neg 1.0		__DUMMY__ 0.45712342629399366 off 0.28401439521175764 neg 0.25886217849424864	false	0.5
schwindlig	neg 1.0		__DUMMY__ 0.4539249111076362 off 0.2874394267701662 neg 0.2586356621221975	false	0.5
lutscher	neg 1.0	neg 1.0	neg 0.6148218521001448 __DUMMY__ 0.21311653458097146 off 0.1720616133188837	false	1.0
pflicht	neg 1.0		__DUMMY__ 0.46046796394383677 off 0.27975874385245775 neg 0.25977329220370554	false	0.5
faschist	off 1.0		__DUMMY__ 0.454140736932136 off 0.29042584045681413 neg 0.25543342261104984	false	1.0
verschleudern	neg 1.0		__DUMMY__ 0.4548698661581701 off 0.28018265818818333 neg 0.2649474756536466	false	0.5
wenn			__DUMMY__ 0.4526723179893301 off 0.2909501598686333 neg 0.25637752214203663	false	0.0
ehebruch	neg 1.0		__DUMMY__ 0.4580096680694127 off 0.282734720942766 neg 0.25925561098782124	false	0.5
spott	off 1.0		__DUMMY__ 0.45887947886280117 off 0.28292056875665633 neg 0.2581999523805424	false	1.0
trostlosigkeit	neg 1.0		__DUMMY__ 0.4576456124450109 off 0.2783011383014387 neg 0.2640532492535503	false	0.5
lutschen	neg 1.0		__DUMMY__ 0.4523467635259515 off 0.2900545275575205 neg 0.2575987089165279	false	0.5
undiszipliniert	neg 1.0		__DUMMY__ 0.4504142305219886 off 0.29430952880249195 neg 0.2552762406755196	false	0.5
kopfschmerz	neg 1.0		__DUMMY__ 0.4553732854722164 off 0.2806948152395397 neg 0.2639318992882439	false	0.5
unvorhergesehen	neg 1.0		__DUMMY__ 0.4609814321006274 off 0.2802092791393574 neg 0.2588092887600152	false	0.5
desinteressiert	neg 1.0		__DUMMY__ 0.4506370585758583 off 0.2935506562859272 neg 0.2558122851382145	false	0.5
armselig	off 1.0		__DUMMY__ 0.4498869031218563 off 0.29637770685718245 neg 0.25373539002096124	false	1.0
desaster	neg 1.0		__DUMMY__ 0.4593737604605005 off 0.2784548696249963 neg 0.2621713699145031	false	0.5
tod	neg 1.0		__DUMMY__ 0.4589281743297301 off 0.28182667366281994 neg 0.2592451520074501	false	0.5
herzlos	neg 1.0		__DUMMY__ 0.4499766820999468 off 0.29565490401477146 neg 0.25436841388528164	false	0.5
unwissenheit	neg 1.0		__DUMMY__ 0.4571169874639717 off 0.2830915802520952 neg 0.2597914322839331	false	0.5
widersinnig	neg 1.0		__DUMMY__ 0.4542225075945696 off 0.28374274664964083 neg 0.26203474575578956	false	0.5
bedenklich	neg 1.0		__DUMMY__ 0.45698333042809963 off 0.2818119795639742 neg 0.2612046900079263	false	0.5
beanstanden	neg 1.0		__DUMMY__ 0.4607306464905951 off 0.28079835895153676 neg 0.2584709945578682	false	0.5
panisch	neg 1.0		__DUMMY__ 0.4557472274452275 off 0.28811025995787415 neg 0.2561425125968984	false	0.5
debil	off 1.0		__DUMMY__ 0.46318967131984967 off 0.2731074687031801 neg 0.2637028599769701	false	1.0
abstrich	neg 1.0		__DUMMY__ 0.4560233725746406 off 0.2834923628136186 neg 0.26048426461174085	false	0.5
primitiv	neg 1.0		__DUMMY__ 0.45099132280965476 off 0.2939311611212649 neg 0.2550775160690804	false	0.5
abschaum	off 1.0	off 1.0	off 0.6362075042294093 __DUMMY__ 0.21933532556512783 neg 0.14445717020546286	false	1.0
provozieren	neg 1.0		__DUMMY__ 0.455252198428201 off 0.28672769352280764 neg 0.2580201080489914	false	0.5
tot	neg 1.0		__DUMMY__ 0.45573196801078 off 0.28248074767430664 neg 0.2617872843149133	false	0.5
instabil	neg 1.0		__DUMMY__ 0.44766566590843837 off 0.2956760951925091 neg 0.2566582388990525	false	0.5
schwuchtel	off 1.0	off 1.0	off 0.6448684701233177 __DUMMY__ 0.21183085252279915 neg 0.14330067735388324	false	1.0
zerren	neg 1.0		__DUMMY__ 0.45856171375234817 off 0.28314062789242805 neg 0.2582976583552238	false	0.5
kinderficker	off 1.0		__DUMMY__ 0.4482071670141031 off 0.29893371227694454 neg 0.25285912070895233	false	1.0
gefahr	neg 1.0		__DUMMY__ 0.46062428846341125 off 0.2805105209274018 neg 0.25886519060918683	false	0.5
rabiat	neg 1.0		__DUMMY__ 0.4562180812373485 off 0.284664105120804 neg 0.2591178136418475	false	0.5
verlangsamung	neg 1.0		__DUMMY__ 0.4454388942900848 off 0.30003798472581594 neg 0.25452312098409924	false	0.5
ausgestorben	neg 1.0		__DUMMY__ 0.4570735057129252 off 0.2844317580405525 neg 0.2584947362465222	false	0.5
anklagen	neg 1.0		__DUMMY__ 0.45752162351726877 off 0.284333901684746 neg 0.25814447479798536	false	0.5
trott	neg 1.0		__DUMMY__ 0.4559354629268931 off 0.28559127781803434 neg 0.2584732592550727	false	0.5
verminderung	neg 1.0		__DUMMY__ 0.45080216040803556 off 0.29241743687541066 neg 0.25678040271655383	false	0.5
nach			__DUMMY__ 0.46489385439601083 off 0.2750331122597523 neg 0.26007303334423704	false	0.0
rost	neg 1.0		__DUMMY__ 0.4479065158601045 off 0.30301214582798164 neg 0.24908133831191392	false	0.5
destruktiv	neg 1.0		__DUMMY__ 0.4554083520588254 off 0.28527439656356063 neg 0.25931725137761386	false	0.5
unzumutbarkeit	neg 1.0		__DUMMY__ 0.4509437360808655 off 0.29229651913183996 neg 0.25675974478729446	false	0.5
labil	off 1.0	off 1.0	off 0.635281858873487 __DUMMY__ 0.21863999825376323 neg 0.14607814287274978	false	1.0
ziemlich	neg 1.0		__DUMMY__ 0.45266835484781914 off 0.29223646567151146 neg 0.2550951794806695	false	0.5
lachnummer	off 1.0		__DUMMY__ 0.45656622701541216 off 0.28668987676133045 neg 0.25674389622325733	false	1.0
oder			__DUMMY__ 0.4564791426097118 off 0.2864582180334677 neg 0.25706263935682044	false	0.0
verfall	neg 1.0		__DUMMY__ 0.4595189416653321 off 0.2756454123944823 neg 0.26483564594018544	false	0.5
ausgrenzung	neg 1.0		__DUMMY__ 0.45307172191877687 off 0.28761625015840314 neg 0.2593120279228199	false	0.5
unordnung	neg 1.0		__DUMMY__ 0.448307450009661 off 0.2966008039799604 neg 0.25509174601037854	false	0.5
fehlverhalten	neg 1.0		__DUMMY__ 0.458649869266742 off 0.28136455504208 neg 0.259985575691178	false	0.5
eine			__DUMMY__ 0.4596777210095193 off 0.27884452985799285 neg 0.2614777491324878	false	0.0
nille	neg 1.0		__DUMMY__ 0.45585724910466346 off 0.28604182975961684 neg 0.25810092113571975	false	0.5
qual	neg 1.0		__DUMMY__ 0.4558538064544133 off 0.2850890461641403 neg 0.25905714738144636	false	0.5
verschwenden	neg 1.0		__DUMMY__ 0.45718142595728084 off 0.28024348065858834 neg 0.26257509338413076	false	0.5
riesig	neg 1.0		__DUMMY__ 0.4589300978269526 off 0.2817347031055972 neg 0.25933519906745006	false	0.5
verurteilen	neg 1.0		__DUMMY__ 0.4574114684867525 off 0.28390612237484486 neg 0.2586824091384027	false	0.5
klischee	neg 1.0	neg 1.0	neg 0.61675508973809 __DUMMY__ 0.21874532559031898 off 0.16449958467159104	false	1.0
diktatorisch	neg 1.0		__DUMMY__ 0.4531431284989908 off 0.2879219675386565 neg 0.2589349039623528	false	0.5
vorhersehbar	neg 1.0		__DUMMY__ 0.4526755443416318 off 0.288629698439624 neg 0.25869475721874413	false	0.5
sowie			__DUMMY__ 0.44669589229357604 off 0.29729345751984215 neg 0.25601065018658176	false	0.0
stornieren	neg 1.0		__DUMMY__ 0.4578338102720568 off 0.2905364222595078 neg 0.2516297674684354	false	0.5
besteuerung	neg 1.0	neg 1.0	neg 0.6202076781297069 __DUMMY__ 0.21804266917813778 off 0.16174965269215535	false	1.0
ungeschminkt	neg 1.0		__DUMMY__ 0.45013622648303747 off 0.2935396431428798 neg 0.25632413037408286	false	0.5
kritisch	neg 1.0		__DUMMY__ 0.4573951134089556 off 0.28317861528664573 neg 0.25942627130439866	false	0.5
schlamperei	off 1.0		__DUMMY__ 0.4581924000807773 off 0.28176156697463867 neg 0.2600460329445841	false	1.0
sucht	neg 1.0	neg 1.0	neg 0.6160793578225373 __DUMMY__ 0.22072910476318602 off 0.16319153741427667	false	1.0
egoistisch	off 1.0	off 1.0	off 0.6395717224428434 __DUMMY__ 0.21673019040596642 neg 0.14369808715119017	false	1.0
ausbeuter	off 1.0		__DUMMY__ 0.45706198184785995 off 0.2803241197245844 neg 0.2626138984275557	false	1.0
arschgeburt	off 1.0		__DUMMY__ 0.43970114700901264 off 0.3075607703094531 neg 0.2527380826815343	false	1.0
schubs	neg 1.0		__DUMMY__ 0.45598786291462773 off 0.28136600817102253 neg 0.2626461289143499	false	0.5
unsolide	neg 1.0		__DUMMY__ 0.45419463588365255 off 0.28908478067585225 neg 0.25672058344049525	false	0.5
beschwerde	neg 1.0		__DUMMY__ 0.4577879442048899 off 0.28382845601690143 neg 0.25838359977820863	false	0.5
stocken	neg 1.0		__DUMMY__ 0.4575546742566015 off 0.2821411448486719 neg 0.26030418089472657	false	0.5
isolieren	neg 1.0		__DUMMY__ 0.45584527321294344 off 0.28281650117078505 neg 0.26133822561627146	false	0.5
unheilbar	neg 1.0		__DUMMY__ 0.4562668561772326 off 0.2860181296477606 neg 0.257715014175007	false	0.5
pisser	off 1.0	off 1.0	off 0.6377068803660446 __DUMMY__ 0.2172611182512166 neg 0.14503200138273872	false	1.0
löschen	neg 1.0		__DUMMY__ 0.4551234704788097 off 0.28611300358514974 neg 0.2587635259360406	false	0.5
durchfallen	neg 1.0		__DUMMY__ 0.45785441588676834 off 0.2831066050768545 neg 0.2590389790363771	false	0.5
wichser	off 1.0	off 1.0	off 0.642479255265255 __DUMMY__ 0.21392722172100584 neg 0.1435935230137392	false	1.0
terror	neg 1.0		__DUMMY__ 0.453632767385389 off 0.2892670681070245 neg 0.25710016450758655	false	0.5
krass	neg 1.0		__DUMMY__ 0.44826177302686343 off 0.29721967541929434 neg 0.25451855155384223	false	0.5
revolte	neg 1.0		__DUMMY__ 0.45126353409396924 off 0.2890833369964093 neg 0.2596531289096214	false	0.5
besorgt	neg 1.0		__DUMMY__ 0.45907991344055993 off 0.2841514290084875 neg 0.25676865755095263	false	0.5
nachlassen	neg 1.0		__DUMMY__ 0.45858174674724345 off 0.282508878055586 neg 0.25890937519717044	false	0.5
alt	neg 1.0		__DUMMY__ 0.45437209999489125 off 0.28019074496843754 neg 0.2654371550366712	false	0.5
hundesohn	off 1.0	off 1.0	off 0.6415820996935462 __DUMMY__ 0.2137888803170071 neg 0.1446290199894468	false	1.0
als			__DUMMY__ 0.4567840530168817 off 0.2831649489934734 neg 0.2600509979896449	false	0.0
abschreckung	neg 1.0		__DUMMY__ 0.4588952647660604 off 0.2803532611263043 neg 0.2607514741076353	false	0.5
unqualifiziert	neg 1.0		__DUMMY__ 0.45333580601128115 off 0.29091163424568006 neg 0.25575255974303873	false	0.5
abgewichst	off 1.0		__DUMMY__ 0.45651940049305273 off 0.28541074734862387 neg 0.25806985215832345	false	1.0
schwer	neg 1.0		__DUMMY__ 0.45651129969891924 off 0.28506503277829764 neg 0.25842366752278323	false	0.5
bedeutungslosigkeit	neg 1.0		__DUMMY__ 0.4585001613049435 off 0.28086451774110466 neg 0.26063532095395175	false	0.5
kapitulation	neg 1.0		__DUMMY__ 0.4559761136133104 off 0.28216232418776305 neg 0.2618615621989266	false	0.5
unscharf	neg 1.0		__DUMMY__ 0.4507536134728936 off 0.2863776486576053 neg 0.26286873786950127	false	0.5
schwinden	neg 1.0		__DUMMY__ 0.45649207239875494 off 0.2799624122512016 neg 0.26354551535004345	false	0.5
versklavung	neg 1.0	neg 1.0	neg 0.6180056293525877 __DUMMY__ 0.21911479863648395 off 0.16287957201092823	false	1.0
schlecht	neg 1.0		__DUMMY__ 0.45314052924769554 off 0.2926569066793887 neg 0.25420256407291586	false	0.5
verhasst	neg 1.0		__DUMMY__ 0.4547141987451556 off 0.28747467921339154 neg 0.2578111220414528	false	0.5
beschweren	neg 1.0		__DUMMY__ 0.4557633433764183 off 0.2882861240149997 neg 0.2559505326085821	false	0.5
scheiden	neg 1.0		__DUMMY__ 0.45569425674087005 off 0.2855464120952275 neg 0.2587593311639024	false	0.5
frustriert	neg 1.0		__DUMMY__ 0.4572101547085592 off 0.28425207524889756 neg 0.2585377700425432	false	0.5
schimmelig	neg 1.0		__DUMMY__ 0.4550420904319149 off 0.28110325956999055 neg 0.2638546499980945	false	0.5
fisch	neg 1.0		__DUMMY__ 0.45608058836423226 off 0.27710032337093377 neg 0.266819088264834	false	0.5
schmuggel	neg 1.0		__DUMMY__ 0.46163311988516376 off 0.2800073514620774 neg 0.2583595286527589	false	0.5
auffallen	neg 1.0		__DUMMY__ 0.4547050424269721 off 0.28844886459835584 neg 0.2568460929746722	false	0.5
konkurrenz	neg 1.0		__DUMMY__ 0.46021022714759385 off 0.2809553606538813 neg 0.25883441219852465	false	0.5
teufelskreis	neg 1.0	neg 1.0	neg 0.6188490190973981 __DUMMY__ 0.21995215432558726 off 0.16119882657701454	false	1.0
aufschreien	neg 1.0		__DUMMY__ 0.45330103698052643 off 0.28872772310568007 neg 0.2579712399137935	false	0.5
schuldner	neg 1.0		__DUMMY__ 0.45557385992357596 off 0.2793110387214991 neg 0.26511510135492505	false	0.5
missgeburt	off 1.0	off 1.0	off 0.6410086489886088 __DUMMY__ 0.2154716423901118 neg 0.14351970862127947	false	1.0
arbeitslos	neg 1.0		__DUMMY__ 0.4575173792688098 off 0.282807271509528 neg 0.2596753492216623	false	0.5
befallen	neg 1.0		__DUMMY__ 0.4535303313460593 off 0.2832060162288819 neg 0.2632636524250588	false	0.5
miesepetrig	off 1.0	off 1.0	off 0.6353388018817904 __DUMMY__ 0.2188092696401716 neg 0.14585192847803805	false	1.0
alarmieren	neg 1.0		__DUMMY__ 0.45343182906918156 off 0.2915441978896955 neg 0.255023973041123	false	0.5
ungeduscht	off 1.0		__DUMMY__ 0.45171824205549244 off 0.2900601932770292 neg 0.25822156466747825	false	1.0
knappheit	neg 1.0		__DUMMY__ 0.4544080577495852 off 0.28191440431797976 neg 0.26367753793243504	false	0.5
schlange	neg 1.0		__DUMMY__ 0.45640136755387306 off 0.28628619397477967 neg 0.25731243847134716	false	0.5
harsch	neg 1.0		__DUMMY__ 0.4503134472921671 off 0.2972423679788395 neg 0.2524441847289932	false	0.5
lang	neg 1.0		__DUMMY__ 0.4549261369453188 off 0.2871040739301474 neg 0.2579697891245338	false	0.5
ziellos	neg 1.0		__DUMMY__ 0.4591942743313482 off 0.28129331920691253 neg 0.2595124064617391	false	0.5
selbstverliebt	neg 1.0		__DUMMY__ 0.4437770356627495 off 0.3053281534243155 neg 0.2508948109129348	false	0.5
beseitigen	neg 1.0		__DUMMY__ 0.4574102868901525 off 0.2861323610853605 neg 0.256457352024487	false	0.5
dumm	off 1.0		__DUMMY__ 0.4469497106463538 off 0.29956691781488387 neg 0.2534833715387623	false	1.0
arbeitsloser	neg 1.0		__DUMMY__ 0.46140393106832905 off 0.2848196710379572 neg 0.2537763978937137	false	0.5
blitzen	neg 1.0		__DUMMY__ 0.4525501611651758 off 0.2898938460903491 neg 0.2575559927444752	false	0.5
hilflos	neg 1.0		__DUMMY__ 0.4573307585656166 off 0.28286214107696184 neg 0.2598071003574216	false	0.5
eklig	off 1.0		__DUMMY__ 0.44523228893238875 off 0.2994228505452661 neg 0.25534486052234506	false	1.0
begriff			__DUMMY__ 0.456411401834519 off 0.2853275049549749 neg 0.2582610932105061	false	0.0
hungersnot	neg 1.0		__DUMMY__ 0.4556273712314822 off 0.282598043269652 neg 0.26177458549886584	false	0.5
ungesetzlich	neg 1.0		__DUMMY__ 0.45354243157714785 off 0.2881277769780377 neg 0.2583297914448145	false	0.5
verschwendung	neg 1.0		__DUMMY__ 0.458126349630179 off 0.28061576518255343 neg 0.26125788518726756	false	0.5
schmerzvoll	neg 1.0		__DUMMY__ 0.45407196887711493 off 0.2869182864670203 neg 0.25900974465586485	false	0.5
vorzeitig	neg 1.0		__DUMMY__ 0.4534324138545766 off 0.29195082391023713 neg 0.25461676223518626	false	0.5
unvollkommenheit	neg 1.0		__DUMMY__ 0.45632522573783924 off 0.28364061060774315 neg 0.26003416365441756	false	0.5
intervenieren	neg 1.0		__DUMMY__ 0.4560272195432818 off 0.28067167065126947 neg 0.2633011098054489	false	0.5
banause	off 1.0		__DUMMY__ 0.4422661941140084 off 0.30026019577993723 neg 0.25747361010605435	false	1.0
rebell	neg 1.0		__DUMMY__ 0.45762912616858126 off 0.27523065487927195 neg 0.2671402189521468	false	0.5
unlogisch	neg 1.0		__DUMMY__ 0.44960069110925055 off 0.2946852636541571 neg 0.25571404523659236	false	0.5
leiden	neg 1.0		__DUMMY__ 0.46184629797324744 off 0.2806278990522197 neg 0.25752580297453287	false	0.5
abschaffung	neg 1.0		__DUMMY__ 0.4531014756977556 off 0.2860883375614515 neg 0.260810186740793	false	0.5
sturz	neg 1.0		__DUMMY__ 0.45728583384713767 off 0.28927598087785644 neg 0.2534381852750059	false	0.5
verkleinerung	neg 1.0		__DUMMY__ 0.44956478710598385 off 0.28892124478653247 neg 0.2615139681074837	false	0.5
schmarotzer	off 1.0		__DUMMY__ 0.45698365948361996 off 0.2839224666707729 neg 0.25909387384560717	false	1.0
bestrafung	neg 1.0	neg 1.0	neg 0.6164073772976164 __DUMMY__ 0.2208962431468011 off 0.16269637955558255	false	1.0
achtlos	neg 1.0		__DUMMY__ 0.45777883472957726 off 0.2845295293969461 neg 0.25769163587347665	false	0.5
ungeheuer	neg 1.0		__DUMMY__ 0.45374662869865184 off 0.2852348553984307 neg 0.26101851590291747	false	0.5
unaufrichtig	neg 1.0		__DUMMY__ 0.45336957491456403 off 0.290833478970436 neg 0.2557969461149999	false	0.5
groggy	neg 1.0		__DUMMY__ 0.4543931005945994 off 0.2897326794142725 neg 0.2558742199911282	false	0.5
verletzlich	neg 1.0		__DUMMY__ 0.44941760818859394 off 0.29036591160755487 neg 0.26021648020385124	false	0.5
ablehnen	neg 1.0		__DUMMY__ 0.45743631975926885 off 0.2828073099161952 neg 0.2597563703245359	false	0.5
