unsolidarisch	neg 1.0		__DUMMY__ 0.9187040457588854 off 0.04246338326906747 neg 0.03883257097204711	false	0.5
nachteilig	neg 1.0		__DUMMY__ 0.9251173869736824 off 0.038253815388300645 neg 0.03662879763801694	false	0.5
skeptisch	neg 1.0		__DUMMY__ 0.9249508146612 neg 0.03763141686090374 off 0.037417768477896185	false	1.0
schrecklich	neg 1.0		__DUMMY__ 0.9147707236573682 off 0.04879192660328052 neg 0.03643734973935121	false	0.5
schlapp	neg 1.0	neg 1.0	neg 0.5037314989888478 __DUMMY__ 0.45492271210681345 off 0.0413457889043387	false	1.0
abfall	neg 1.0		__DUMMY__ 0.9290646894968203 neg 0.036166166979427 off 0.03476914352375268	false	1.0
widerspenstig	neg 1.0		__DUMMY__ 0.9208814878348197 off 0.04047323847436774 neg 0.038645273690812644	false	0.5
abrupt	neg 1.0		__DUMMY__ 0.9237941895115925 neg 0.03950810623671532 off 0.03669770425169217	false	1.0
unwirksam	neg 1.0		__DUMMY__ 0.9156826061336646 neg 0.04256074481425395 off 0.041756649052081436	false	1.0
angreifen	neg 1.0		__DUMMY__ 0.9257043612194898 neg 0.03725396472132706 off 0.03704167405918314	false	1.0
inkonsistent	neg 1.0		__DUMMY__ 0.9176153146897263 off 0.043221801973133814 neg 0.03916288333713984	false	0.5
abrutschen	neg 1.0		__DUMMY__ 0.9283829752009968 neg 0.03712073685731263 off 0.0344962879416906	false	1.0
unsicher	neg 1.0		__DUMMY__ 0.9224776873447382 off 0.041174023774585525 neg 0.0363482888806763	false	0.5
bauernkind	off 1.0	off 1.0	off 0.5157611670353652 __DUMMY__ 0.4461801801312442 neg 0.038058652833390556	false	1.0
angreifer	neg 1.0		__DUMMY__ 0.9223480124712878 off 0.0444768941584653 neg 0.03317509337024682	false	0.5
trennen	neg 1.0		__DUMMY__ 0.9267025830003988 neg 0.03673939916183691 off 0.03655801783776422	false	1.0
schmutz	neg 1.0		__DUMMY__ 0.9247651700492038 off 0.043307192734502904 neg 0.031927637216293256	false	0.5
inkonsistenz	neg 1.0		__DUMMY__ 0.917926511658691 off 0.045464946938997094 neg 0.036608541402311956	false	0.5
erschreckend	neg 1.0		__DUMMY__ 0.9219167187046304 off 0.04079121112851382 neg 0.03729207016685579	false	0.5
ertrinken	neg 1.0		__DUMMY__ 0.9246138816885155 neg 0.038891127846847486 off 0.03649499046463699	false	1.0
pickelface	off 1.0		__DUMMY__ 0.9208667360496716 off 0.04161204986882259 neg 0.03752121408150579	false	1.0
seiner			__DUMMY__ 0.9263127946026577 off 0.03717960146778963 neg 0.03650760392955267	false	0.0
lauch	neg 1.0	neg 1.0	neg 0.5051891888288313 __DUMMY__ 0.4632483346741483 off 0.03156247649702038	false	1.0
unwichtig	neg 1.0		__DUMMY__ 0.9178643157585492 off 0.045398034133566766 neg 0.03673765010788402	false	0.5
steuerhinterziehung	neg 1.0		__DUMMY__ 0.9210034830629419 off 0.04092718848605985 neg 0.03806932845099826	false	0.5
schock	neg 1.0		__DUMMY__ 0.9230377588599699 off 0.039799160017837634 neg 0.037163081122192555	false	0.5
beule	neg 1.0		__DUMMY__ 0.9152460623078746 off 0.046908779793633365 neg 0.03784515789849192	false	0.5
vergelten	neg 1.0		__DUMMY__ 0.914532525574322 off 0.04982553659085378 neg 0.0356419378348242	false	0.5
verdorbenheit	neg 1.0		__DUMMY__ 0.9212576512234034 off 0.04171433940584951 neg 0.03702800937074703	false	0.5
trauma	neg 1.0		__DUMMY__ 0.9196808922007895 off 0.04243113877939848 neg 0.037887969019811896	false	0.5
sinnlos	neg 1.0		__DUMMY__ 0.920115455402913 off 0.04296118931905051 neg 0.03692335527803655	false	0.5
fettsack	off 1.0	off 1.0	off 0.5169299862682241 __DUMMY__ 0.4465212469208602 neg 0.03654876681091573	false	1.0
feige	off 1.0	off 1.0	off 0.5124669314446055 __DUMMY__ 0.4534258642801552 neg 0.03410720427523926	false	1.0
abdanken	neg 1.0		__DUMMY__ 0.9233812896793351 off 0.041223882268481574 neg 0.03539482805218335	false	0.5
wichtigtuer	off 1.0	off 1.0	off 0.5098718104161679 __DUMMY__ 0.4572266261175814 neg 0.032901563466250575	false	1.0
misslingen	neg 1.0		__DUMMY__ 0.9234160420892925 off 0.042086869669745085 neg 0.03449708824096235	false	0.5
untreu	off 1.0		__DUMMY__ 0.9167406573580599 off 0.046466107790023393 neg 0.03679323485191678	false	1.0
missmutig	neg 1.0		__DUMMY__ 0.9184152233143134 off 0.04423001514895128 neg 0.03735476153673542	false	0.5
hurenbock	off 1.0		__DUMMY__ 0.916429204122567 neg 0.0424321424511581 off 0.04113865342627489	false	0.5
betrunken	neg 1.0		__DUMMY__ 0.9153380346341848 off 0.04778729682881419 neg 0.03687466853700097	false	0.5
korrupt	off 1.0		__DUMMY__ 0.9204350837083317 off 0.04068851240946884 neg 0.03887640388219946	false	1.0
unmut	neg 1.0		__DUMMY__ 0.9265573055388795 neg 0.03742925275211083 off 0.03601344170900961	false	1.0
hackfresse	off 1.0		__DUMMY__ 0.9109345875588213 off 0.052602356144116146 neg 0.036463056297062556	false	1.0
aufblasen	neg 1.0		__DUMMY__ 0.9213706464258675 off 0.04133634724413118 neg 0.03729300633000139	false	0.5
gewaltsam	neg 1.0		__DUMMY__ 0.9238108427086695 off 0.040955770719477425 neg 0.03523338657185307	false	0.5
unbeliebtheit	neg 1.0		__DUMMY__ 0.9171997332280811 off 0.04657404014903991 neg 0.036226226622879	false	0.5
sturheit	neg 1.0		__DUMMY__ 0.9236636902534932 off 0.04078346384052287 neg 0.035552845905984	false	0.5
kuh	neg 1.0		__DUMMY__ 0.9108178317558271 neg 0.045674408229735716 off 0.04350776001443716	false	1.0
erschrecken	neg 1.0		__DUMMY__ 0.9186254582859769 off 0.04460199671058357 neg 0.036772545003439544	false	0.5
opfer	neg 1.0		__DUMMY__ 0.9271369774782756 off 0.03851355019876941 neg 0.0343494723229549	false	0.5
sinken	neg 1.0		__DUMMY__ 0.9243309880577806 neg 0.03933748780869539 off 0.03633152413352405	false	1.0
stinktier	neg 1.0		__DUMMY__ 0.9072428682693193 off 0.05079802058298963 neg 0.0419591111476911	false	0.5
tucke	off 1.0		__DUMMY__ 0.9049024287414217 off 0.05431199379472865 neg 0.04078557746384971	false	1.0
ein			__DUMMY__ 0.9198540813800997 off 0.04029293712164358 neg 0.039852981498256626	false	0.0
abstieg	neg 1.0		__DUMMY__ 0.9270360904113042 off 0.039542053318382196 neg 0.03342185627031359	false	0.5
missverstehen	neg 1.0		__DUMMY__ 0.9195560691544605 off 0.043755987289501495 neg 0.036687943556038015	false	0.5
ergebnislos	neg 1.0		__DUMMY__ 0.9267315205155088 off 0.03826265184584668 neg 0.03500582763864447	false	0.5
unter			__DUMMY__ 0.9329709587412356 neg 0.03597922623359893 off 0.031049815025165482	false	0.0
manipulieren	neg 1.0		__DUMMY__ 0.9256692964301925 off 0.0378202912426088 neg 0.03651041232719874	false	0.5
unbewiesen	neg 1.0	neg 1.0	neg 0.5035555860447296 __DUMMY__ 0.45760807751187077 off 0.038836336443399684	false	1.0
verschleppen	neg 1.0		__DUMMY__ 0.923590525270669 off 0.039238841802138893 neg 0.03717063292719218	false	0.5
weib	off 1.0		__DUMMY__ 0.9068959287772229 off 0.05454537131171902 neg 0.03855869991105799	false	1.0
opposition	neg 1.0		__DUMMY__ 0.9191155877124798 off 0.042453027995787845 neg 0.03843138429173233	false	0.5
verkehrswidrig	neg 1.0		__DUMMY__ 0.9160773985282469 off 0.04971146364041177 neg 0.034211137831341415	false	0.5
inkorrekt	neg 1.0		__DUMMY__ 0.9141253199178176 off 0.04900680406895556 neg 0.036867876013226865	false	0.5
vermeiden	neg 1.0		__DUMMY__ 0.92918850271055 neg 0.036964480250239386 off 0.0338470170392106	false	1.0
abweichung	neg 1.0	neg 1.0	neg 0.5022039240348252 __DUMMY__ 0.46198760195561234 off 0.035808474009562524	false	1.0
alkoholisiert	neg 1.0		__DUMMY__ 0.9305011706225912 off 0.036289140100140886 neg 0.03320968927726787	false	0.5
scheiss	off 1.0	off 1.0	off 0.5128227902725699 __DUMMY__ 0.4520561745758385 neg 0.03512103515159156	false	1.0
herausforderung	neg 1.0		__DUMMY__ 0.923636841978515 off 0.03924258826178825 neg 0.0371205697596968	false	0.5
pervers	off 1.0		__DUMMY__ 0.9062496377555869 off 0.05646804111181015 neg 0.037282321132602915	false	1.0
wackelig	neg 1.0		__DUMMY__ 0.9247653041719347 off 0.03873604308967279 neg 0.036498652738392465	false	0.5
verwickeln	neg 1.0		__DUMMY__ 0.9203890575224326 off 0.04305313553188316 neg 0.036557806945684106	false	0.5
vorwand	neg 1.0		__DUMMY__ 0.9258674809242148 neg 0.037514644232894405 off 0.036617874842890835	false	1.0
muschi	off 1.0		__DUMMY__ 0.9227728427618637 off 0.04069406258936707 neg 0.03653309464876923	false	1.0
entmutigung	neg 1.0		__DUMMY__ 0.9163932283755807 off 0.04378455473476423 neg 0.03982221688965515	false	0.5
unangemessen	neg 1.0		__DUMMY__ 0.9230793857473066 off 0.04046447689022483 neg 0.03645613736246855	false	0.5
unstetig	neg 1.0		__DUMMY__ 0.9180692379944286 off 0.044403260925517225 neg 0.037527501080054156	false	0.5
entmutigen	neg 1.0		__DUMMY__ 0.9209681365751485 off 0.042044474559713 neg 0.03698738886513846	false	0.5
schwanz	neg 1.0		__DUMMY__ 0.923326236677954 off 0.03871505980398028 neg 0.037958703518065746	false	0.5
verbot	neg 1.0		__DUMMY__ 0.9213923247167443 off 0.040371439251471644 neg 0.038236236031784034	false	0.5
leid	neg 1.0		__DUMMY__ 0.9131150820612112 off 0.05006247967304885 neg 0.036822438265739936	false	0.5
archaisch	neg 1.0		__DUMMY__ 0.9215580852845994 off 0.04014141036591079 neg 0.03830050434948984	false	0.5
gegen			__DUMMY__ 0.9282037818710648 off 0.036473092774367194 neg 0.035323125354568094	false	0.0
scheidung	neg 1.0		__DUMMY__ 0.9082595414962472 off 0.059520189617091226 neg 0.032220268886661615	false	0.5
einschlag	neg 1.0		__DUMMY__ 0.9178737113469224 off 0.04894219774349919 neg 0.03318409090957846	false	0.5
m			__DUMMY__ 0.9236679019649483 off 0.03925599026167033 neg 0.03707610777338139	false	0.0
abgestanden	neg 1.0		__DUMMY__ 0.9152501123124502 neg 0.044089971483450514 off 0.04065991620409927	false	1.0
schmierig	off 1.0		__DUMMY__ 0.9129166984414355 off 0.049881630153076735 neg 0.037201671405487656	false	1.0
unpraktisch	neg 1.0		__DUMMY__ 0.9214965808834138 off 0.04204782786947645 neg 0.036455591247109766	false	0.5
wixxer	off 1.0		__DUMMY__ 0.9041364022561327 off 0.056831861766165025 neg 0.03903173597770232	false	1.0
bezeichnet			__DUMMY__ 0.9223060329916767 off 0.04164942570868141 neg 0.0360445412996419	false	0.0
jammerlappen	off 1.0		__DUMMY__ 0.9176510693388404 off 0.0456766549457929 neg 0.036672275715366694	false	1.0
farce	neg 1.0		__DUMMY__ 0.9194258235236543 off 0.041693823862625025 neg 0.03888035261372058	false	0.5
zwecklos	neg 1.0		__DUMMY__ 0.9226804301327565 off 0.03966748781129825 neg 0.03765208205594531	false	0.5
turbulent	neg 1.0		__DUMMY__ 0.9148440807536451 off 0.047271067379895906 neg 0.03788485186645902	false	0.5
invasion	neg 1.0		__DUMMY__ 0.9192351542814869 off 0.04344602684171556 neg 0.037318818876797485	false	0.5
schuld	neg 1.0		__DUMMY__ 0.9208779918210052 off 0.042455421313306235 neg 0.036666586865688584	false	0.5
risiko	neg 1.0		__DUMMY__ 0.9171654251543235 off 0.04315234641030561 neg 0.039682228435370843	false	0.5
finster	neg 1.0		__DUMMY__ 0.9197144320935071 off 0.04035739939033092 neg 0.03992816851616199	false	0.5
geisteskrank	off 1.0		__DUMMY__ 0.9154700327866563 off 0.047907673430720124 neg 0.036622293782623584	false	1.0
zusammenbrechen	neg 1.0		__DUMMY__ 0.9222108206396554 off 0.03977539570548801 neg 0.03801378365485655	false	0.5
ausbeute	neg 1.0		__DUMMY__ 0.9260279082049755 off 0.03992797024138461 neg 0.034044121553639964	false	0.5
hinterhalt	neg 1.0		__DUMMY__ 0.9221061104932721 off 0.039759943013836375 neg 0.038133946492891556	false	0.5
kritik	neg 1.0		__DUMMY__ 0.9196548769880719 off 0.04150347281208711 neg 0.038841650199841	false	0.5
einschrumpfen	neg 1.0		__DUMMY__ 0.9150886709174216 off 0.045824201204427685 neg 0.03908712787815057	false	0.5
riskant	neg 1.0		__DUMMY__ 0.9239367447785284 neg 0.03843323600350162 off 0.03763001921796998	false	1.0
frustrieren	neg 1.0		__DUMMY__ 0.923005995327294 neg 0.03857757923277919 off 0.038416425439926884	false	1.0
groll	neg 1.0		__DUMMY__ 0.9243372963750446 off 0.039806370000476855 neg 0.035856333624478536	false	0.5
gibt			__DUMMY__ 0.9232163575187148 off 0.0394369906465596 neg 0.03734665183472566	false	0.0
qualvoll	neg 1.0		__DUMMY__ 0.9200920565245373 off 0.04292926264519322 neg 0.036978680830269534	false	0.5
wackeln	neg 1.0		__DUMMY__ 0.9219821639682502 off 0.040962770467112886 neg 0.03705506556463698	false	0.5
klagen	neg 1.0		__DUMMY__ 0.924981040465236 neg 0.03812431654136685 off 0.036894642993397196	false	1.0
bankrott	neg 1.0		__DUMMY__ 0.9190770620046741 off 0.04487019319011732 neg 0.03605274480520852	false	0.5
trauern	neg 1.0		__DUMMY__ 0.9293797372776679 off 0.03749620051787259 neg 0.03312406220445957	false	0.5
ablehnung	neg 1.0		__DUMMY__ 0.9200589352730154 off 0.04098640392633625 neg 0.03895466080064831	false	0.5
stur	neg 1.0		__DUMMY__ 0.9202613790183468 off 0.04243198107261963 neg 0.03730663990903348	false	0.5
aufruhr	neg 1.0	neg 1.0	neg 0.5028335332357449 __DUMMY__ 0.45935599968205393 off 0.03781046708220108	false	1.0
melancholie	neg 1.0		__DUMMY__ 0.9231477208174543 neg 0.040039494338700174 off 0.03681278484384546	false	1.0
ist			__DUMMY__ 0.9200407738916456 off 0.04275118847468671 neg 0.037208037633667694	false	0.0
torheit	neg 1.0		__DUMMY__ 0.9203446215152852 off 0.04258269693609677 neg 0.037072681548618085	false	0.5
dreckskind	off 1.0		__DUMMY__ 0.9085541985808124 off 0.05370169403000684 neg 0.0377441073891807	false	1.0
umtauschen	neg 1.0		__DUMMY__ 0.9222809421031164 off 0.0401841218586772 neg 0.037534936038206346	false	0.5
zum			__DUMMY__ 0.9335470053422622 off 0.03385154335173094 neg 0.03260145130600689	false	0.0
zersetzen	neg 1.0		__DUMMY__ 0.9235197623457737 neg 0.038901386511279105 off 0.03757885114294714	false	1.0
zur			__DUMMY__ 0.9292013285302744 neg 0.03657899035134222 off 0.03421968111838343	false	0.0
frust	neg 1.0		__DUMMY__ 0.9229162042878533 off 0.039635408407998604 neg 0.037448387304148074	false	0.5
unerbittlichkeit	neg 1.0		__DUMMY__ 0.9250282292682777 off 0.03822030583676174 neg 0.03675146489496057	false	0.5
zwei			__DUMMY__ 0.9302836297364249 neg 0.036232252551989357 off 0.033484117711585715	false	0.0
unkorrekt	neg 1.0		__DUMMY__ 0.9153969458425909 off 0.04770531174090999 neg 0.03689774241649911	false	0.5
hexe	off 1.0		__DUMMY__ 0.9145493281406475 off 0.04496862090254065 neg 0.04048205095681178	false	1.0
lasch	neg 1.0		__DUMMY__ 0.9188769199030679 off 0.04503487349594922 neg 0.036088206600982886	false	0.5
rivale	neg 1.0		__DUMMY__ 0.9148839577992385 off 0.04874650610340724 neg 0.03636953609735419	false	0.5
mutlos	off 1.0	off 1.0	off 0.5058108963688744 __DUMMY__ 0.45992601765285923 neg 0.034263085978266265	false	1.0
wirr	off 1.0		__DUMMY__ 0.9130517933420871 off 0.04938920275329084 neg 0.037559003904622024	false	1.0
jahr			__DUMMY__ 0.9304618092945616 off 0.037061218470735416 neg 0.032476972234702986	false	0.0
wird			__DUMMY__ 0.9242441040550524 off 0.038819627475470075 neg 0.03693626846947742	false	0.0
strafbar	neg 1.0		__DUMMY__ 0.925457220490691 off 0.03813225535300718 neg 0.03641052415630183	false	0.5
erosion	neg 1.0		__DUMMY__ 0.9219718257522889 off 0.04124666711290375 neg 0.036781507134807406	false	0.5
eingehen	neg 1.0		__DUMMY__ 0.9230787833820722 neg 0.03861277648479327 off 0.038308440133134475	false	1.0
faul	off 1.0		__DUMMY__ 0.9188751870530804 off 0.044514542491774486 neg 0.03661027045514508	false	1.0
provisorium	neg 1.0		__DUMMY__ 0.9338674743540215 neg 0.03516058457971786 off 0.030971941066260666	false	1.0
schmerzen	neg 1.0		__DUMMY__ 0.9218656885140006 off 0.039700621253803754 neg 0.03843369023219568	false	0.5
schrumpfen	neg 1.0		__DUMMY__ 0.9254346797252363 neg 0.04011982380361726 off 0.034445496471146454	false	1.0
geistlos	off 1.0		__DUMMY__ 0.9171311456627167 off 0.04419942811942788 neg 0.03866942621785547	false	1.0
fehlkauf	neg 1.0		__DUMMY__ 0.9185663920849927 off 0.04349324485143992 neg 0.03794036306356736	false	0.5
frustrierend	neg 1.0		__DUMMY__ 0.9179716460237971 off 0.044601465116376554 neg 0.0374268888598263	false	0.5
unzufrieden	neg 1.0		__DUMMY__ 0.9232437849751534 off 0.03950488745592922 neg 0.03725132756891735	false	0.5
verzweifeln	neg 1.0		__DUMMY__ 0.9225286582238532 off 0.040494503810669796 neg 0.036976837965477016	false	0.5
verzweifelt	neg 1.0		__DUMMY__ 0.920051199748944 off 0.04249057811318206 neg 0.03745822213787386	false	0.5
misstrauensantrag	neg 1.0		__DUMMY__ 0.9195950027708621 off 0.04281360866325228 neg 0.037591388565885606	false	0.5
abfallen	neg 1.0		__DUMMY__ 0.920964963151975 off 0.04101675532146937 neg 0.03801828152655567	false	0.5
fucker	off 1.0		__DUMMY__ 0.9155144059844943 off 0.04857768779777588 neg 0.035907906217729775	false	1.0
ungezogen	neg 1.0		__DUMMY__ 0.9089358407392264 off 0.05441923681128851 neg 0.03664492244948508	false	0.5
irrsinnig	neg 1.0	neg 1.0	neg 0.5045309273575116 __DUMMY__ 0.4570162889814574 off 0.03845278366103099	false	1.0
unfassbar	neg 1.0		__DUMMY__ 0.9173956912505185 off 0.04638311261930607 neg 0.036221196130175555	false	0.5
hart	neg 1.0		__DUMMY__ 0.9115408544577498 off 0.04640590834159618 neg 0.04205323720065393	false	0.5
widerlich	off 1.0		__DUMMY__ 0.9161659222730125 off 0.04687033350900887 neg 0.03696374421797867	false	1.0
fatal	neg 1.0	neg 1.0	neg 0.5066976241055732 __DUMMY__ 0.4534691512366442 off 0.039833224657782496	false	1.0
bruch	neg 1.0		__DUMMY__ 0.9280191845362291 neg 0.03629501452052508 off 0.03568580094324576	false	1.0
aushungern	neg 1.0		__DUMMY__ 0.9212994416084188 off 0.04062209191881229 neg 0.03807846647276883	false	0.5
anspannung	neg 1.0		__DUMMY__ 0.9310429729444524 neg 0.03515330442403463 off 0.03380372263151302	false	1.0
von			__DUMMY__ 0.926274689332853 neg 0.037168590492574746 off 0.03655672017457221	false	0.0
kraftlos	neg 1.0		__DUMMY__ 0.9236245503516031 off 0.03882384561049997 neg 0.03755160403789702	false	0.5
vom			__DUMMY__ 0.9354229170557091 neg 0.03333865067297906 off 0.031238432271311803	false	0.0
grenzdebil	off 1.0		__DUMMY__ 0.9159226276009562 off 0.046606795446697165 neg 0.037470576952346644	false	1.0
vor			__DUMMY__ 0.9269949925135527 neg 0.03719231365174775 off 0.035812693834699594	false	0.0
unterwerfen	neg 1.0		__DUMMY__ 0.9252195945403286 off 0.03861722852888345 neg 0.036163176930787924	false	0.5
versenkung	neg 1.0		__DUMMY__ 0.9252465141957483 off 0.03828878195077421 neg 0.036464703853477505	false	0.5
entziehen	neg 1.0		__DUMMY__ 0.9257703195746617 neg 0.037646543389135936 off 0.03658313703620229	false	1.0
finanzkrise	neg 1.0		__DUMMY__ 0.9150584784992258 neg 0.04373978508689838 off 0.041201736413875714	false	1.0
schimpfend	neg 1.0		__DUMMY__ 0.923050292392911 off 0.04139348116514057 neg 0.03555622644194834	false	0.5
profan	neg 1.0		__DUMMY__ 0.9190830821061883 off 0.043259442160832925 neg 0.03765747573297882	false	0.5
korruption	neg 1.0		__DUMMY__ 0.9208008643035068 off 0.03996782211379084 neg 0.03923131358270233	false	0.5
â			__DUMMY__ 0.923375710214994 off 0.038721493263156916 neg 0.037902796521849184	false	0.0
schmutzig	neg 1.0		__DUMMY__ 0.9163669483465611 off 0.046744257455727516 neg 0.03688879419771135	false	0.5
sexy	neg 1.0		__DUMMY__ 0.9192022978685251 off 0.04447923446322902 neg 0.03631846766824581	false	0.5
abraten	neg 1.0		__DUMMY__ 0.9205031532650224 off 0.04276039777481732 neg 0.03673644896016021	false	0.5
schwarz	neg 1.0		__DUMMY__ 0.9199226215112831 off 0.04318477558286337 neg 0.036892602905853555	false	0.5
fotze	off 1.0	off 1.0	off 0.5059687046129605 __DUMMY__ 0.4599420766070516 neg 0.034089218779987884	false	1.0
verwirren	neg 1.0		__DUMMY__ 0.9196673522158549 off 0.043532860299223944 neg 0.03679978748492108	false	0.5
zahnlos	off 1.0		__DUMMY__ 0.922546462206395 off 0.04035555754516319 neg 0.0370979802484417	false	1.0
verheeren	neg 1.0		__DUMMY__ 0.9084713525106629 off 0.05583629021674242 neg 0.03569235727259465	false	0.5
hippie	neg 1.0		__DUMMY__ 0.9187680434914298 off 0.044295633403141785 neg 0.03693632310542837	false	0.5
rammen	neg 1.0		__DUMMY__ 0.921437235231417 off 0.041159546474454974 neg 0.03740321829412817	false	0.5
unlauter	neg 1.0		__DUMMY__ 0.9186375683588766 off 0.04315763142364051 neg 0.03820480021748289	false	0.5
unheilvoll	neg 1.0		__DUMMY__ 0.9199358453810903 off 0.04188764039902642 neg 0.038176514219883294	false	0.5
niedrig	neg 1.0		__DUMMY__ 0.9219987825016128 neg 0.039367663215602935 off 0.03863355428278433	false	1.0
explosion	neg 1.0		__DUMMY__ 0.9193329869471216 off 0.04407712595009852 neg 0.03658988710277985	false	0.5
weichei	off 1.0	off 1.0	off 0.5164524456955254 __DUMMY__ 0.4483042353509726 neg 0.03524331895350205	false	1.0
minusmensch	off 1.0		__DUMMY__ 0.906401301679617 off 0.0558770699937738 neg 0.0377216283266092	false	1.0
farblos	neg 1.0		__DUMMY__ 0.9208309387088277 off 0.04171698883386342 neg 0.03745207245730881	false	0.5
unwissend	neg 1.0	neg 1.0	neg 0.5044702532338396 __DUMMY__ 0.45413896913202384 off 0.04139077763413654	false	1.0
traurig	neg 1.0		__DUMMY__ 0.9152314572248123 off 0.04849345868580616 neg 0.036275084089381605	false	0.5
senkung	neg 1.0		__DUMMY__ 0.9155574195003917 off 0.043725336621209775 neg 0.040717243878398486	false	0.5
ungleich	neg 1.0	neg 1.0	neg 0.50451760956976 __DUMMY__ 0.4602273009331073 off 0.0352550894971326	false	1.0
heikel	neg 1.0		__DUMMY__ 0.9248600715747941 off 0.03773601754518109 neg 0.037403910880024815	false	0.5
drosselung	neg 1.0		__DUMMY__ 0.9127086852050642 off 0.04664775859696329 neg 0.04064355619797259	false	0.5
falsch	neg 1.0		__DUMMY__ 0.9192170469420295 off 0.04464591401679086 neg 0.03613703904117954	false	0.5
unzufriedenheit	neg 1.0		__DUMMY__ 0.9228331424641472 neg 0.03943646954755045 off 0.03773038798830236	false	1.0
kurz	neg 1.0		__DUMMY__ 0.9247963466532596 off 0.03920990291522709 neg 0.035993750431513274	false	0.5
unsinnig	neg 1.0		__DUMMY__ 0.9203504354232456 off 0.040748531159762465 neg 0.038901033416992005	false	0.5
penner	off 1.0	off 1.0	off 0.5180138679274215 __DUMMY__ 0.4480346801661728 neg 0.03395145190640558	false	1.0
seicht	neg 1.0		__DUMMY__ 0.9067952580060781 off 0.054161345675595954 neg 0.03904339631832597	false	0.5
dummheit	off 1.0	off 1.0	off 0.5100773531383836 __DUMMY__ 0.45499759045929766 neg 0.034925056402318674	false	1.0
unerfreulich	neg 1.0		__DUMMY__ 0.9246568201204083 neg 0.037929527625702286 off 0.03741365225388942	false	1.0
motherfucker	off 1.0	off 1.0	off 0.5139164378237056 __DUMMY__ 0.45257972200830493 neg 0.033503840167989546	false	1.0
pikiert	neg 1.0		__DUMMY__ 0.9164588952614894 off 0.045970409864148666 neg 0.037570694874361904	false	0.5
wrack	neg 1.0		__DUMMY__ 0.9289275898971165 off 0.03902475639105538 neg 0.03204765371182814	false	0.5
gangster	neg 1.0		__DUMMY__ 0.9185724930772521 off 0.04442436297249261 neg 0.037003143950255245	false	0.5
krank	neg 1.0		__DUMMY__ 0.9177949934944892 off 0.046398105428464814 neg 0.03580690107704592	false	0.5
reich	neg 1.0		__DUMMY__ 0.9148880210636628 off 0.04478859561576612 neg 0.04032338332057098	false	0.5
gnadenlos	neg 1.0		__DUMMY__ 0.9213669689465206 off 0.042247276085538424 neg 0.03638575496794097	false	0.5
niedergeschlagen	neg 1.0		__DUMMY__ 0.9255204104246046 off 0.039010864159316254 neg 0.035468725416079115	false	0.5
terrorisieren	off 1.0	off 1.0	off 0.5048683385125134 __DUMMY__ 0.4618939078356533 neg 0.033237753651833346	false	1.0
sinnlosigkeit	neg 1.0		__DUMMY__ 0.9227525380189412 off 0.039871993506756395 neg 0.03737546847430242	false	0.5
behindern	neg 1.0		__DUMMY__ 0.9210320117447023 off 0.04091456392384634 neg 0.038053424331451376	false	0.5
undemokratisch	neg 1.0		__DUMMY__ 0.9183937342219497 off 0.043675362368280325 neg 0.03793090340976995	false	0.5
wirtschaftskrise	neg 1.0		__DUMMY__ 0.9194470445291696 neg 0.04090250206621616 off 0.039650453404614226	false	1.0
neid	neg 1.0		__DUMMY__ 0.9193003773543965 off 0.04387430684447819 neg 0.03682531580112533	false	0.5
rutschen	neg 1.0		__DUMMY__ 0.9301584159720733 neg 0.03661653227688851 off 0.03322505175103821	false	1.0
rezession	neg 1.0		__DUMMY__ 0.9092076538009131 off 0.049040866220298525 neg 0.04175147997878842	false	0.5
fehlgeburt	neg 1.0		__DUMMY__ 0.9235520509824403 off 0.04106721180891588 neg 0.03538073720864384	false	0.5
charakterschwach	off 1.0		__DUMMY__ 0.9157090322533133 off 0.04655440113639387 neg 0.03773656661029274	false	1.0
isolation	neg 1.0		__DUMMY__ 0.9199802200572734 off 0.04447410842837503 neg 0.03554567151435151	false	0.5
ablenkung	neg 1.0		__DUMMY__ 0.9226920738915666 off 0.04093932713784747 neg 0.03636859897058596	false	0.5
pech	neg 1.0		__DUMMY__ 0.9181746926628125 off 0.04443918293910909 neg 0.03738612439807843	false	0.5
vermeidung	neg 1.0		__DUMMY__ 0.9154953899032898 off 0.04647680327571596 neg 0.038027806820994256	false	0.5
dominieren	neg 1.0		__DUMMY__ 0.9230673466794798 off 0.04003046449034743 neg 0.03690218883017274	false	0.5
schwindlig	neg 1.0		__DUMMY__ 0.9198182801271949 off 0.04238950449594568 neg 0.037792215376859346	false	0.5
lutscher	neg 1.0	neg 1.0	neg 0.5055004368412659 __DUMMY__ 0.44411404552251116 off 0.050385517636223044	false	1.0
pflicht	neg 1.0		__DUMMY__ 0.9266654441316328 off 0.03672899890643632 neg 0.03660555696193091	false	0.5
faschist	off 1.0		__DUMMY__ 0.9194069153677324 off 0.044870297050245145 neg 0.03572278758202244	false	1.0
verschleudern	neg 1.0		__DUMMY__ 0.9202492039618183 neg 0.04123527626663819 off 0.038515519771543466	false	1.0
wenn			__DUMMY__ 0.9177204516779666 off 0.04542046492179504 neg 0.03685908340023841	false	0.0
ehebruch	neg 1.0		__DUMMY__ 0.9238684703315276 off 0.03915727755544678 neg 0.03697425211302559	false	0.5
spott	off 1.0		__DUMMY__ 0.9249331636474791 off 0.03901108131424818 neg 0.03605575503827271	false	1.0
trostlosigkeit	neg 1.0		__DUMMY__ 0.9233924858326791 neg 0.039973489170145045 off 0.03663402499717589	false	1.0
lutschen	neg 1.0		__DUMMY__ 0.917644875628142 off 0.044774871415192714 neg 0.03758025295666532	false	0.5
undiszipliniert	neg 1.0		__DUMMY__ 0.9153574801904304 off 0.047813908075729744 neg 0.036828611733839854	false	0.5
kopfschmerz	neg 1.0		__DUMMY__ 0.9213706810025477 neg 0.04057320010974656 off 0.03805611888770572	false	1.0
unvorhergesehen	neg 1.0		__DUMMY__ 0.928077675580731 off 0.03612657883964731 neg 0.035795745579621764	false	0.5
desinteressiert	neg 1.0		__DUMMY__ 0.9155103756785485 off 0.047395146457499183 neg 0.037094477863952334	false	0.5
armselig	off 1.0		__DUMMY__ 0.9144662168873737 off 0.04946502836194863 neg 0.03606875475067764	false	1.0
desaster	neg 1.0		__DUMMY__ 0.9253733620927667 neg 0.0383134485387932 off 0.03631318936844003	false	1.0
tod	neg 1.0		__DUMMY__ 0.9256224989409993 off 0.03780553736874084 neg 0.03657196369025986	false	0.5
herzlos	neg 1.0		__DUMMY__ 0.9147233841779929 off 0.04887541276473825 neg 0.036401203057268745	false	0.5
unwissenheit	neg 1.0		__DUMMY__ 0.9228614732483171 off 0.039580094432307436 neg 0.037558432319375445	false	0.5
widersinnig	neg 1.0		__DUMMY__ 0.9193098604302673 off 0.040966093267634396 neg 0.03972404630209828	false	0.5
bedenklich	neg 1.0		__DUMMY__ 0.9225953800321018 off 0.03888040745280029 neg 0.03852421251509792	false	0.5
beanstanden	neg 1.0		__DUMMY__ 0.9270818267750376 off 0.037207918157931036 neg 0.035710255067031335	false	0.5
panisch	neg 1.0		__DUMMY__ 0.9216962021301794 off 0.042536298671793656 neg 0.03576749919802689	false	0.5
debil	off 1.0		__DUMMY__ 0.9304513253791973 neg 0.038163557403595776 off 0.03138511721720703	false	0.5
abstrich	neg 1.0		__DUMMY__ 0.9229578629614916 off 0.03887155475931894 neg 0.03817058227918938	false	0.5
primitiv	neg 1.0		__DUMMY__ 0.9158249764756906 off 0.047631760281175654 neg 0.036543263243133686	false	0.5
abschaum	off 1.0	off 1.0	off 0.5121980403060026 __DUMMY__ 0.4555627194546624 neg 0.03223924023933499	false	1.0
provozieren	neg 1.0		__DUMMY__ 0.9206190419716885 off 0.0422635544684739 neg 0.03711740355983747	false	0.5
tot	neg 1.0		__DUMMY__ 0.9220480087622469 neg 0.0390235613604943 off 0.03892842987725884	false	1.0
instabil	neg 1.0		__DUMMY__ 0.9119575413132412 off 0.049671744293973905 neg 0.03837071439278484	false	0.5
schwuchtel	off 1.0	off 1.0	off 0.5239008982698108 __DUMMY__ 0.4414475775169672 neg 0.03465152421322194	false	1.0
zerren	neg 1.0		__DUMMY__ 0.9245923084533796 off 0.03910274897481779 neg 0.036304942571802654	false	0.5
kinderficker	off 1.0		__DUMMY__ 0.912557763066451 off 0.05145452720069036 neg 0.03598770973285874	false	1.0
gefahr	neg 1.0		__DUMMY__ 0.92704214333882 off 0.03709358211072489 neg 0.03586427455045521	false	0.5
rabiat	neg 1.0		__DUMMY__ 0.9216866470691764 off 0.04073733778572664 neg 0.03757601514509699	false	0.5
verlangsamung	neg 1.0		__DUMMY__ 0.9095071613447345 off 0.0529835447615886 neg 0.03750929389367689	false	0.5
ausgestorben	neg 1.0		__DUMMY__ 0.9228262742150349 off 0.04031246234046757 neg 0.036861263444497507	false	0.5
anklagen	neg 1.0		__DUMMY__ 0.9235393029022303 off 0.04015117142399648 neg 0.03630952567377331	false	0.5
trott	neg 1.0		__DUMMY__ 0.9216934166455478 off 0.0411309834410648 neg 0.0371755999133873	false	0.5
verminderung	neg 1.0		__DUMMY__ 0.9159410452827618 off 0.046448949806820315 neg 0.03761000491041785	false	0.5
nach			__DUMMY__ 0.9321843325858812 neg 0.03559010288104154 off 0.03222556453307728	false	0.0
rost	neg 1.0		__DUMMY__ 0.9127129925269687 off 0.05374209181464709 neg 0.033544915658384286	false	0.5
destruktiv	neg 1.0		__DUMMY__ 0.9208658605162411 off 0.04134033377254022 neg 0.037793805711218674	false	0.5
unzumutbarkeit	neg 1.0		__DUMMY__ 0.9160898436721677 off 0.046488204065878086 neg 0.037421952261954224	false	0.5
labil	off 1.0	off 1.0	off 0.5116603407029454 __DUMMY__ 0.4541712499214891 neg 0.03416840937556556	false	1.0
ziemlich	neg 1.0		__DUMMY__ 0.9179329426346282 off 0.04604759125617147 neg 0.03601946610920027	false	0.5
lachnummer	off 1.0		__DUMMY__ 0.9220764094582555 off 0.042005323649081085 neg 0.03591826689266342	false	1.0
oder			__DUMMY__ 0.9223787027691391 off 0.04148108747639758 neg 0.03614020975446332	false	0.0
verfall	neg 1.0		__DUMMY__ 0.9255831307592809 neg 0.039928856055288675 off 0.03448801318543032	false	1.0
ausgrenzung	neg 1.0		__DUMMY__ 0.918127864539425 off 0.04354615359769433 neg 0.038325981862880755	false	0.5
unordnung	neg 1.0		__DUMMY__ 0.9130060063863953 off 0.04983783312411235 neg 0.03715616048949232	false	0.5
fehlverhalten	neg 1.0		__DUMMY__ 0.9245428133603268 off 0.038235559978103933 neg 0.03722162666156914	false	0.5
eine			__DUMMY__ 0.9258040944327279 neg 0.03795879468998468 off 0.03623711087728741	false	0.0
nille	neg 1.0		__DUMMY__ 0.9214072737138376 off 0.04165529898919097 neg 0.03693742729697138	false	0.5
qual	neg 1.0		__DUMMY__ 0.9215657015156195 off 0.040884763985678765 neg 0.037549534498701694	false	0.5
verschwenden	neg 1.0		__DUMMY__ 0.9229365336571909 neg 0.039302007834307276 off 0.03776145850850183	false	1.0
riesig	neg 1.0		__DUMMY__ 0.9256632494636972 off 0.037675468652768794 neg 0.036661281883534035	false	0.5
verurteilen	neg 1.0		__DUMMY__ 0.9231644214354 off 0.04007262376091054 neg 0.03676295480368943	false	0.5
klischee	neg 1.0	neg 1.0	neg 0.5048140278931007 __DUMMY__ 0.4543225406265442 off 0.04086343148035513	false	1.0
diktatorisch	neg 1.0		__DUMMY__ 0.9181147010870176 off 0.04379609932316263 neg 0.03808919958981968	false	0.5
vorhersehbar	neg 1.0		__DUMMY__ 0.9175617546540843 off 0.044156079694985376 neg 0.03828216565093035	false	0.5
sowie			__DUMMY__ 0.9108464765547988 off 0.050794813059220026 neg 0.038358710385981175	false	0.0
stornieren	neg 1.0		__DUMMY__ 0.9243744226080384 off 0.04344269623616773 neg 0.03218288115579389	false	0.5
besteuerung	neg 1.0	neg 1.0	neg 0.5083401715568446 __DUMMY__ 0.45337264615769957 off 0.038287182285455766	false	1.0
ungeschminkt	neg 1.0		__DUMMY__ 0.9153965160403194 off 0.04711204064237988 neg 0.03749144331730069	false	0.5
kritisch	neg 1.0		__DUMMY__ 0.9230630842579659 off 0.03968299896056103 neg 0.0372539167814731	false	0.5
schlamperei	off 1.0		__DUMMY__ 0.9241831697216693 off 0.03853779399892113 neg 0.0372790362794096	false	1.0
sucht	neg 1.0	neg 1.0	neg 0.5029523188469922 __DUMMY__ 0.45896013447312534 off 0.03808754667988253	false	1.0
egoistisch	off 1.0	off 1.0	off 0.5163672895190359 __DUMMY__ 0.4508800539652222 neg 0.03275265651574189	false	1.0
ausbeuter	off 1.0		__DUMMY__ 0.9226363719247387 neg 0.03928190113064266 off 0.038081726944618616	false	0.5
arschgeburt	off 1.0		__DUMMY__ 0.902373453813144 off 0.05926896845447085 neg 0.038357577732385115	false	1.0
schubs	neg 1.0		__DUMMY__ 0.9222155207231995 neg 0.03965019762422035 off 0.038134281652580176	false	1.0
unsolide	neg 1.0		__DUMMY__ 0.9196386354880485 off 0.043995098364620636 neg 0.03636626614733091	false	0.5
beschwerde	neg 1.0		__DUMMY__ 0.9237695089228299 off 0.039857222314002884 neg 0.036373268763167224	false	0.5
stocken	neg 1.0		__DUMMY__ 0.9234897271903706 off 0.03892229034401079 neg 0.03758798246561859	false	0.5
isolieren	neg 1.0		__DUMMY__ 0.9215101802710999 off 0.03982017512782037 neg 0.03866964460107965	false	0.5
unheilbar	neg 1.0		__DUMMY__ 0.9218639493017539 off 0.04161766321015122 neg 0.036518387488095	false	0.5
pisser	off 1.0	off 1.0	off 0.5143351454338473 __DUMMY__ 0.4519238679158728 neg 0.03374098665027987	false	1.0
löschen	neg 1.0		__DUMMY__ 0.9206637984852138 off 0.04178094626428401 neg 0.037555255250502115	false	0.5
durchfallen	neg 1.0		__DUMMY__ 0.9237140447298939 off 0.03935112541056178 neg 0.03693482985954428	false	0.5
wichser	off 1.0	off 1.0	off 0.5205156188420955 __DUMMY__ 0.44551944498289575 neg 0.033964936175008745	false	1.0
terror	neg 1.0		__DUMMY__ 0.9191570005212762 off 0.043876428737075646 neg 0.03696657074164805	false	0.5
krass	neg 1.0		__DUMMY__ 0.9131114074180131 off 0.04992911643901049 neg 0.03695947614297647	false	0.5
revolte	neg 1.0		__DUMMY__ 0.9158948645877318 off 0.044972534181023455 neg 0.03913260123124475	false	0.5
besorgt	neg 1.0		__DUMMY__ 0.9252742451458372 off 0.03953981014980719 neg 0.03518594470435559	false	0.5
nachlassen	neg 1.0		__DUMMY__ 0.9249170526157334 off 0.03853827620626718 neg 0.03654467117799937	false	0.5
alt	neg 1.0		__DUMMY__ 0.9203571060182022 neg 0.04179223055216227 off 0.037850663429635556	false	1.0
hundesohn	off 1.0	off 1.0	off 0.5200030071067105 __DUMMY__ 0.4450265095415337 neg 0.034970483351755684	false	1.0
als			__DUMMY__ 0.9224046581879389 off 0.039677611533233265 neg 0.03791773027882778	false	0.0
abschreckung	neg 1.0		__DUMMY__ 0.9248594227248357 off 0.037577106896661404 neg 0.03756347037850294	false	0.5
unqualifiziert	neg 1.0		__DUMMY__ 0.9184182115487003 off 0.04534279853043656 neg 0.03623898992086317	false	0.5
abgewichst	off 1.0		__DUMMY__ 0.9223769032075076 off 0.040910962375965226 neg 0.036712134416527153	false	1.0
schwer	neg 1.0		__DUMMY__ 0.9220561484330605 off 0.040900389907644705 neg 0.03704346165929477	false	0.5
bedeutungslosigkeit	neg 1.0		__DUMMY__ 0.924356811217293 off 0.03798466674579732 neg 0.03765852203690975	false	0.5
kapitulation	neg 1.0		__DUMMY__ 0.9214155988622648 off 0.03950420102923542 neg 0.039080200108499816	false	0.5
unscharf	neg 1.0		__DUMMY__ 0.9160851529740842 off 0.04253249063162623 neg 0.04138235639428954	false	0.5
schwinden	neg 1.0		__DUMMY__ 0.9220978183005005 neg 0.039880847218155616 off 0.03802133448134388	false	1.0
versklavung	neg 1.0	neg 1.0	neg 0.5056960633752238 __DUMMY__ 0.4550106617053017 off 0.039293274919474645	false	1.0
schlecht	neg 1.0		__DUMMY__ 0.9184228266726642 off 0.046233004213291455 neg 0.03534416911404443	false	0.5
verhasst	neg 1.0		__DUMMY__ 0.919990819753348 off 0.04287642622464587 neg 0.037132754022006206	false	0.5
beschweren	neg 1.0		__DUMMY__ 0.9213314342453359 off 0.04297706688912047 neg 0.03569149886554362	false	0.5
scheiden	neg 1.0		__DUMMY__ 0.9217848276016132 off 0.04092167674740429 neg 0.03729349565098253	false	0.5
frustriert	neg 1.0		__DUMMY__ 0.9229204587024255 off 0.040240156636783285 neg 0.036839384660791195	false	0.5
schimmelig	neg 1.0		__DUMMY__ 0.9213372482532265 neg 0.04060963505496121 off 0.038053116691812244	false	1.0
fisch	neg 1.0		__DUMMY__ 0.9226430800430874 neg 0.042047901585307114 off 0.03530901837160553	false	1.0
schmuggel	neg 1.0		__DUMMY__ 0.9283387552342417 off 0.03633702342715156 neg 0.035324221338606736	false	0.5
auffallen	neg 1.0		__DUMMY__ 0.9201446383892972 off 0.0433283580710803 neg 0.03652700353962256	false	0.5
konkurrenz	neg 1.0		__DUMMY__ 0.9263687164666722 off 0.03762919808385807 neg 0.03600208544946979	false	0.5
teufelskreis	neg 1.0	neg 1.0	neg 0.5062755108894079 __DUMMY__ 0.45643120619431155 off 0.03729328291628054	false	1.0
aufschreien	neg 1.0		__DUMMY__ 0.9183944454601422 off 0.043947239097271024 neg 0.037658315442586875	false	0.5
schuldner	neg 1.0		__DUMMY__ 0.9210369858585012 neg 0.04114704868284772 off 0.03781596545865098	false	1.0
missgeburt	off 1.0	off 1.0	off 0.5182854238733864 __DUMMY__ 0.4486162878922569 neg 0.03309828823435669	false	1.0
arbeitslos	neg 1.0		__DUMMY__ 0.9231692612808883 off 0.03936612017826395 neg 0.037464618540847885	false	0.5
befallen	neg 1.0		__DUMMY__ 0.9185968584439822 off 0.04076276428936164 neg 0.04064037726665615	false	0.5
miesepetrig	off 1.0	off 1.0	off 0.5110900377907023 __DUMMY__ 0.4550378490070246 neg 0.03387211320227305	false	1.0
alarmieren	neg 1.0		__DUMMY__ 0.9186959146212679 off 0.04574256147839212 neg 0.03556152390033999	false	0.5
ungeduscht	off 1.0		__DUMMY__ 0.9173764765799148 off 0.04443269397412972 neg 0.03819082944595545	false	1.0
knappheit	neg 1.0		__DUMMY__ 0.9198593623350773 neg 0.04050702058985929 off 0.03963361707506356	false	1.0
schlange	neg 1.0		__DUMMY__ 0.9222442215193726 off 0.04140911963322274 neg 0.036346658847404734	false	0.5
harsch	neg 1.0		__DUMMY__ 0.9152908061462066 off 0.04967622717362047 neg 0.035032966680172854	false	0.5
lang	neg 1.0		__DUMMY__ 0.9204106163106887 off 0.04243918876941861 neg 0.037150194919892736	false	0.5
ziellos	neg 1.0		__DUMMY__ 0.9253310326036399 off 0.037827755101743146 neg 0.036841212294617	false	0.5
selbstverliebt	neg 1.0		__DUMMY__ 0.9074489619384215 off 0.05646837450406271 neg 0.03608266355751584	false	0.5
beseitigen	neg 1.0		__DUMMY__ 0.9237142383283485 off 0.041093468561090606 neg 0.03519229311056092	false	0.5
dumm	off 1.0		__DUMMY__ 0.911232385715092 off 0.052009872862790574 neg 0.036757741422117345	false	1.0
arbeitsloser	neg 1.0		__DUMMY__ 0.9279300740680119 off 0.03946893333834817 neg 0.032600992593639994	false	0.5
blitzen	neg 1.0		__DUMMY__ 0.9176411976761776 off 0.044773787511025315 neg 0.03758501481279713	false	0.5
hilflos	neg 1.0		__DUMMY__ 0.9231628485761815 off 0.03924453609415735 neg 0.03759261532966115	false	0.5
eklig	off 1.0		__DUMMY__ 0.9093120932105236 off 0.0523235885889061 neg 0.03836431820057028	false	1.0
begriff			__DUMMY__ 0.9220781479344374 off 0.04107085129271643 neg 0.03685100077284615	false	0.0
hungersnot	neg 1.0		__DUMMY__ 0.9213258077474427 off 0.03966110011011417 neg 0.03901309214244324	false	0.5
ungesetzlich	neg 1.0		__DUMMY__ 0.9184574505033115 off 0.04394366540904225 neg 0.03759888408764632	false	0.5
verschwendung	neg 1.0		__DUMMY__ 0.9239916212455791 neg 0.038203907872745906 off 0.03780447088167495	false	1.0
schmerzvoll	neg 1.0		__DUMMY__ 0.9193363715907207 off 0.04261711794846308 neg 0.03804651046081616	false	0.5
vorzeitig	neg 1.0		__DUMMY__ 0.918917354036555 off 0.04568947400010559 neg 0.03539317196333936	false	0.5
unvollkommenheit	neg 1.0		__DUMMY__ 0.9223102770816154 off 0.03984076821542164 neg 0.037848954702963025	false	0.5
intervenieren	neg 1.0		__DUMMY__ 0.9214004819750266 neg 0.03997998098993972 off 0.03861953703503371	false	1.0
banause	off 1.0		__DUMMY__ 0.9057200119032004 off 0.053710519342140425 neg 0.04056946875465922	false	1.0
rebell	neg 1.0		__DUMMY__ 0.9239398224373019 neg 0.041885779785057364 off 0.03417439777764081	false	1.0
unlogisch	neg 1.0		__DUMMY__ 0.914291489720652 off 0.048361983529165035 neg 0.037346526750182886	false	0.5
leiden	neg 1.0		__DUMMY__ 0.9291128750982751 off 0.03616980387841481 neg 0.03471732102331005	false	0.5
abschaffung	neg 1.0		__DUMMY__ 0.9183473115670888 off 0.04243799801027196 neg 0.03921469042263927	false	0.5
sturz	neg 1.0		__DUMMY__ 0.9233425697729705 off 0.0430698889036636 neg 0.03358754132336586	false	0.5
verkleinerung	neg 1.0		__DUMMY__ 0.9140570122004887 off 0.04521710558433124 neg 0.040725882215180045	false	0.5
schmarotzer	off 1.0		__DUMMY__ 0.9226240322255965 off 0.040179594727562225 neg 0.03719637304684126	false	1.0
bestrafung	neg 1.0	neg 1.0	neg 0.5034294472669525 __DUMMY__ 0.4584450806932344 off 0.038125472039813105	false	1.0
achtlos	neg 1.0		__DUMMY__ 0.9237678640159473 off 0.040099804661269514 neg 0.036132331322783165	false	0.5
