unsolidarisch	neg 1.0		off 0.5195701762275613 neg 0.47358959455908417 __DUMMY__ 0.006840229213354539	false	0.5
nachteilig	neg 1.0		off 0.5180640928858811 neg 0.4750124827116116 __DUMMY__ 0.00692342440250734	false	0.5
skeptisch	neg 1.0		off 0.5164202395889042 neg 0.476653641383654 __DUMMY__ 0.006926119027441862	false	0.5
schrecklich	neg 1.0		off 0.528032879218999 neg 0.4651892900708296 __DUMMY__ 0.006777830710171535	false	0.5
schlapp	neg 1.0	neg 1.0	neg 0.7184802754676123 off 0.2782869524268378 __DUMMY__ 0.0032327721055499976	false	1.0
abfall	neg 1.0		off 0.5152107855965177 neg 0.4778091836132778 __DUMMY__ 0.006980030790204561	false	0.5
widerspenstig	neg 1.0		off 0.5187498697771279 neg 0.4743875256167639 __DUMMY__ 0.0068626046061081025	false	0.5
abrupt	neg 1.0		off 0.5143680759437415 neg 0.4787294145641023 __DUMMY__ 0.006902509492156189	false	0.5
unwirksam	neg 1.0		off 0.5160308869294756 neg 0.4771765347605473 __DUMMY__ 0.006792578309977196	false	0.5
angreifen	neg 1.0		off 0.5163384056625232 neg 0.4767231449626713 __DUMMY__ 0.0069384493748054265	false	0.5
inkonsistent	neg 1.0		off 0.520740122111679 neg 0.4724446985985844 __DUMMY__ 0.006815179289736538	false	0.5
abrutschen	neg 1.0		off 0.5142631683850789 neg 0.47876406406317507 __DUMMY__ 0.006972767551746128	false	0.5
unsicher	neg 1.0		off 0.5210460292180221 neg 0.47206284500438045 __DUMMY__ 0.00689112577759724	false	0.5
bauernkind	off 1.0	off 1.0	off 0.7484224237454945 neg 0.24841619147773678 __DUMMY__ 0.0031613847767688477	false	1.0
angreifer	neg 1.0		off 0.5266269848371434 neg 0.4664894631074813 __DUMMY__ 0.006883552055375262	false	0.5
trennen	neg 1.0		off 0.5166796249554975 neg 0.4763713538637094 __DUMMY__ 0.006949021180793082	false	0.5
schmutz	neg 1.0		off 0.5268978419478891 neg 0.46619649461087237 __DUMMY__ 0.006905663441238447	false	0.5
inkonsistenz	neg 1.0		off 0.5246797605478439 neg 0.4684959189989241 __DUMMY__ 0.006824320453231851	false	0.5
erschreckend	neg 1.0		off 0.5197331087220765 neg 0.4733820008248121 __DUMMY__ 0.006884890453111535	false	0.5
ertrinken	neg 1.0		off 0.5145547409358973 neg 0.4785242213819898 __DUMMY__ 0.006921037682112889	false	0.5
pickelface	off 1.0		off 0.5204704857899906 neg 0.47266488939644913 __DUMMY__ 0.006864624813560422	false	1.0
seiner			off 0.5173374136688591 neg 0.47571755399252685 __DUMMY__ 0.006945032338614118	false	0.0
lauch	neg 1.0	neg 1.0	neg 0.7243783802143371 off 0.2723198989618521 __DUMMY__ 0.003301720823810799	false	1.0
unwichtig	neg 1.0		off 0.5246073941168152 neg 0.4685679836195147 __DUMMY__ 0.006824622263670175	false	0.5
steuerhinterziehung	neg 1.0		off 0.5189266837033237 neg 0.4742054940726826 __DUMMY__ 0.006867822223993693	false	0.5
schock	neg 1.0		off 0.5192302110347164 neg 0.47387123816259397 __DUMMY__ 0.006898550802689743	false	0.5
beule	neg 1.0		off 0.5253049478876529 neg 0.46791658835528704 __DUMMY__ 0.006778463757060179	false	0.5
vergelten	neg 1.0		off 0.5292122073048349 neg 0.4640142102411394 __DUMMY__ 0.006773582454025773	false	0.5
verdorbenheit	neg 1.0		off 0.5214625201851601 neg 0.4716735935422395 __DUMMY__ 0.006863886272600423	false	0.5
trauma	neg 1.0		off 0.5209063373077044 neg 0.47224308018501004 __DUMMY__ 0.006850582507285481	false	0.5
sinnlos	neg 1.0		off 0.5221466851091103 neg 0.4709962062011817 __DUMMY__ 0.006857108689707846	false	0.5
fettsack	off 1.0	off 1.0	off 0.7497150983005886 neg 0.24711919905533447 __DUMMY__ 0.003165702644076978	false	1.0
feige	off 1.0	off 1.0	off 0.7484119338660292 neg 0.24836234136745136 __DUMMY__ 0.0032257247665194257	false	1.0
abdanken	neg 1.0		off 0.5215758158898157 neg 0.47152178231895997 __DUMMY__ 0.006902401791224262	false	0.5
wichtigtuer	off 1.0	off 1.0	off 0.7476916870908684 neg 0.24905255382540892 __DUMMY__ 0.0032557590837227045	false	1.0
misslingen	neg 1.0		off 0.5236915930262924 neg 0.469415848461007 __DUMMY__ 0.006892558512700677	false	0.5
untreu	off 1.0		off 0.5255066146854888 neg 0.4676839092959809 __DUMMY__ 0.00680947601853047	false	1.0
missmutig	neg 1.0		off 0.5230598506590074 neg 0.4701102183661343 __DUMMY__ 0.006829930974858321	false	0.5
hurenbock	off 1.0		off 0.5159699105047266 neg 0.47723302689413843 __DUMMY__ 0.00679706260113513	false	1.0
betrunken	neg 1.0		off 0.5268388872498839 neg 0.46637670979503554 __DUMMY__ 0.0067844029550805625	false	0.5
korrupt	off 1.0		off 0.5179737886430473 neg 0.4751616615600436 __DUMMY__ 0.006864549796909129	false	1.0
unmut	neg 1.0		off 0.5151909721332953 neg 0.4778599265133346 __DUMMY__ 0.006949101353370153	false	0.5
hackfresse	off 1.0		off 0.5314922113835968 neg 0.4617846468373374 __DUMMY__ 0.006723141779065739	false	1.0
aufblasen	neg 1.0		off 0.5205664296874314 neg 0.47256305656110636 __DUMMY__ 0.006870513751462204	false	0.5
gewaltsam	neg 1.0		off 0.5217708402076917 neg 0.4713252567029072 __DUMMY__ 0.0069039030894011855	false	0.5
unbeliebtheit	neg 1.0		off 0.5257209409709228 neg 0.4674690809697873 __DUMMY__ 0.006809978059289843	false	0.5
sturheit	neg 1.0		off 0.5211047501611118 neg 0.4719876428981596 __DUMMY__ 0.006907606940728532	false	0.5
kuh	neg 1.0		off 0.5153541186538372 neg 0.4779251694121269 __DUMMY__ 0.00672071193403596	false	0.5
erschrecken	neg 1.0		off 0.5238413196128372 neg 0.46932408952368226 __DUMMY__ 0.006834590863480513	false	0.5
opfer	neg 1.0		off 0.5203653275295254 neg 0.4726804506827256 __DUMMY__ 0.006954221787749194	false	0.5
sinken	neg 1.0		off 0.5137256033055018 neg 0.47936086403574846 __DUMMY__ 0.006913532658749859	false	0.5
stinktier	neg 1.0		off 0.5248919746605669 neg 0.46843395697549056 __DUMMY__ 0.006674068363942437	false	0.5
tucke	off 1.0		off 0.5292648143524749 neg 0.4640969284333403 __DUMMY__ 0.006638257214184858	false	1.0
ein			off 0.5174583419767529 neg 0.4756912443571247 __DUMMY__ 0.006850413666122281	false	0.0
abstieg	neg 1.0		off 0.5218966791126092 neg 0.47115414412436624 __DUMMY__ 0.006949176763024453	false	0.5
missverstehen	neg 1.0		off 0.5230470409738431 neg 0.47010383751670926 __DUMMY__ 0.006849121509447686	false	0.5
ergebnislos	neg 1.0		off 0.5193488145310277 neg 0.47370563624969303 __DUMMY__ 0.006945549219279259	false	0.5
unter			off 0.512378036150534 neg 0.48058807127684483 __DUMMY__ 0.00703389257262119	false	0.0
manipulieren	neg 1.0		off 0.5175406797639481 neg 0.47552462347596497 __DUMMY__ 0.006934696760087014	false	0.5
unbewiesen	neg 1.0	neg 1.0	neg 0.7202059988047225 off 0.27653419598936074 __DUMMY__ 0.0032598052059167873	false	1.0
verschleppen	neg 1.0		off 0.5181807571023926 neg 0.47491589263569284 __DUMMY__ 0.006903350261914505	false	0.5
weib	off 1.0		off 0.5312034368846664 neg 0.4621283183123758 __DUMMY__ 0.0066682448029576555	false	1.0
opposition	neg 1.0		off 0.5205518660796873 neg 0.4726119234924474 __DUMMY__ 0.006836210427865423	false	0.5
verkehrswidrig	neg 1.0		off 0.5310668022840493 neg 0.46214573682055976 __DUMMY__ 0.006787460895390847	false	0.5
inkorrekt	neg 1.0		off 0.5274907855024218 neg 0.4657358175073342 __DUMMY__ 0.006773396990243945	false	0.5
vermeiden	neg 1.0		off 0.5138881829206616 neg 0.47913370822924456 __DUMMY__ 0.006978108850093771	false	0.5
abweichung	neg 1.0	neg 1.0	neg 0.7209021969397548 off 0.2758057128452275 __DUMMY__ 0.0032920902150177685	false	1.0
alkoholisiert	neg 1.0		off 0.5201798651086796 neg 0.47283621806443293 __DUMMY__ 0.006983916826887447	false	0.5
scheiss	off 1.0	off 1.0	off 0.7485216426535761 neg 0.2482704491085062 __DUMMY__ 0.003207908237917537	false	1.0
herausforderung	neg 1.0		off 0.5183856481548808 neg 0.4747100067445211 __DUMMY__ 0.006904345100598102	false	0.5
pervers	off 1.0		off 0.5341605637775115 neg 0.459180878117098 __DUMMY__ 0.0066585581053904205	false	1.0
wackelig	neg 1.0		off 0.5190401758532618 neg 0.47404354703284984 __DUMMY__ 0.006916277113888367	false	0.5
verwickeln	neg 1.0		off 0.5225252947382443 neg 0.4706126875015594 __DUMMY__ 0.006862017760196527	false	0.5
vorwand	neg 1.0		off 0.5157831785722307 neg 0.47727796882632706 __DUMMY__ 0.0069388526014423045	false	0.5
muschi	off 1.0		off 0.5205375746576354 neg 0.47257195806061786 __DUMMY__ 0.00689046728174664	false	1.0
entmutigung	neg 1.0		off 0.519842866123644 neg 0.47335069113566614 __DUMMY__ 0.006806442740689927	false	0.5
unangemessen	neg 1.0		off 0.5201429273720981 neg 0.4729573142713648 __DUMMY__ 0.006899758356537261	false	0.5
unstetig	neg 1.0		off 0.5230541942459587 neg 0.47012681636941106 __DUMMY__ 0.006818989384630262	false	0.5
entmutigen	neg 1.0		off 0.5213141593835954 neg 0.47181824414452245 __DUMMY__ 0.006867596471882208	false	0.5
schwanz	neg 1.0		off 0.5177147875263548 neg 0.47539064492116667 __DUMMY__ 0.00689456755247857	false	0.5
verbot	neg 1.0		off 0.518181824593274 neg 0.4749420544306762 __DUMMY__ 0.006876120976049738	false	0.5
leid	neg 1.0		off 0.5290251699143081 neg 0.46422151542785745 __DUMMY__ 0.0067533146578342765	false	0.5
archaisch	neg 1.0		off 0.5182430096074997 neg 0.47487921192277543 __DUMMY__ 0.006877778469724736	false	0.5
gegen			off 0.5173589979546597 neg 0.47566955817081685 __DUMMY__ 0.006971443874523599	false	0.0
scheidung	neg 1.0		off 0.5407537265008404 neg 0.45256264117204364 __DUMMY__ 0.006683632327115933	false	0.5
einschlag	neg 1.0		off 0.5310093091116546 neg 0.4621753799262267 __DUMMY__ 0.006815310962118723	false	0.5
m			off 0.5189367791405516 neg 0.4741594049800161 __DUMMY__ 0.006903815879432412	false	0.0
abgestanden	neg 1.0		off 0.5145035148636993 neg 0.47871702761732066 __DUMMY__ 0.006779457518980197	false	0.5
schmierig	off 1.0		off 0.52835300699242 neg 0.4648956021678545 __DUMMY__ 0.006751390839725548	false	1.0
unpraktisch	neg 1.0		off 0.5221241892459753 neg 0.4710070199825897 __DUMMY__ 0.006868790771435064	false	0.5
wixxer	off 1.0		off 0.5328710712358907 neg 0.4604983284703908 __DUMMY__ 0.006630600293718502	false	1.0
bezeichnet			off 0.5216647564079708 neg 0.47144666380334205 __DUMMY__ 0.006888579788686992	false	0.0
jammerlappen	off 1.0		off 0.5248451556499633 neg 0.46833249390705467 __DUMMY__ 0.006822350442982136	false	1.0
farce	neg 1.0		off 0.5188638597678642 neg 0.4742872355895227 __DUMMY__ 0.006848904642613175	false	0.5
zwecklos	neg 1.0		off 0.5183778348084286 neg 0.4747264278490732 __DUMMY__ 0.006895737342498152	false	0.5
turbulent	neg 1.0		off 0.5252401557575208 neg 0.4679854519067526 __DUMMY__ 0.006774392335726558	false	0.5
invasion	neg 1.0		off 0.5223725441410368 neg 0.4707841525488585 __DUMMY__ 0.006843303310104643	false	0.5
schuld	neg 1.0		off 0.5218471997109787 neg 0.47128359987495927 __DUMMY__ 0.006869200414061967	false	0.5
risiko	neg 1.0		off 0.5194817129554951 neg 0.4737073308695114 __DUMMY__ 0.0068109561749936	false	0.5
finster	neg 1.0		off 0.5177828676581401 neg 0.47537652145813175 __DUMMY__ 0.006840610883728223	false	0.5
geisteskrank	off 1.0		off 0.5268476124746068 neg 0.46635931252869295 __DUMMY__ 0.006793074996700219	false	1.0
zusammenbrechen	neg 1.0		off 0.5182145841530235 neg 0.4748958967502001 __DUMMY__ 0.006889519096776472	false	0.5
ausbeute	neg 1.0		off 0.5222234579616704 neg 0.47084821075418176 __DUMMY__ 0.006928331284147898	false	0.5
hinterhalt	neg 1.0		off 0.5183752955560279 neg 0.47474924985150035 __DUMMY__ 0.006875454592471788	false	0.5
kritik	neg 1.0		off 0.5186989643815849 neg 0.4744482244368358 __DUMMY__ 0.006852811181579326	false	0.5
einschrumpfen	neg 1.0		off 0.522822745522013 neg 0.4703920518209917 __DUMMY__ 0.00678520265699519	false	0.5
riskant	neg 1.0		off 0.5159117539642396 neg 0.47717460214219143 __DUMMY__ 0.006913643893569005	false	0.5
frustrieren	neg 1.0		off 0.5164708905291945 neg 0.47662832750658224 __DUMMY__ 0.006900781964223155	false	0.5
groll	neg 1.0		off 0.520095274611317 neg 0.4729882402250198 __DUMMY__ 0.006916485163663154	false	0.5
gibt			off 0.5184619862628878 neg 0.47463425122543756 __DUMMY__ 0.006903762511674712	false	0.0
qualvoll	neg 1.0		off 0.5222331276226176 neg 0.4709137938973955 __DUMMY__ 0.006853078479986852	false	0.5
wackeln	neg 1.0		off 0.5203471165525063 neg 0.47277185868226684 __DUMMY__ 0.0068810247652270635	false	0.5
klagen	neg 1.0		off 0.5152826101233806 neg 0.47779151495030253 __DUMMY__ 0.0069258749263167605	false	0.5
bankrott	neg 1.0		off 0.5250079264038057 neg 0.46815521257689513 __DUMMY__ 0.006836861019299169	false	0.5
trauern	neg 1.0		off 0.5206010565680088 neg 0.47241776244884115 __DUMMY__ 0.0069811809831500605	false	0.5
ablehnung	neg 1.0		off 0.518083178622991 neg 0.47505820643674473 __DUMMY__ 0.0068586149402643775	false	0.5
stur	neg 1.0		off 0.521311180415314 neg 0.47182826308043674 __DUMMY__ 0.006860556504249288	false	0.5
aufruhr	neg 1.0	neg 1.0	neg 0.7202210980483905 off 0.27650723272024946 __DUMMY__ 0.003271669231359928	false	1.0
melancholie	neg 1.0		off 0.5142208813149415 neg 0.47888732764867037 __DUMMY__ 0.006891791036388092	false	0.5
ist			off 0.5217299994452498 neg 0.47141330245823854 __DUMMY__ 0.006856698096511658	false	0.0
torheit	neg 1.0		off 0.5213981077547197 neg 0.4717422502765064 __DUMMY__ 0.006859641968773861	false	0.5
dreckskind	off 1.0		off 0.5312241253783065 neg 0.4620835203870756 __DUMMY__ 0.006692354234617877	false	1.0
umtauschen	neg 1.0		off 0.5197000892869368 neg 0.47342177875601427 __DUMMY__ 0.006878131957048888	false	0.5
zum			off 0.517974871936876 neg 0.4749875434342974 __DUMMY__ 0.007037584628826709	false	0.0
zersetzen	neg 1.0		off 0.5153256432607728 neg 0.4777673950393244 __DUMMY__ 0.006906961699902663	false	0.5
zur			off 0.5144109637156772 neg 0.478605808046288 __DUMMY__ 0.006983228238034744	false	0.0
frust	neg 1.0		off 0.5185258780703292 neg 0.4745742168643741 __DUMMY__ 0.006899905065296555	false	0.5
unerbittlichkeit	neg 1.0		off 0.5178120473769777 neg 0.47526172474584144 __DUMMY__ 0.006926227877180837	false	0.5
zwei			off 0.5145896708174081 neg 0.4784145637172951 __DUMMY__ 0.006995765465296738	false	0.0
unkorrekt	neg 1.0		off 0.5266287262638879 neg 0.4665848039024403 __DUMMY__ 0.0067864698336716975	false	0.5
hexe	off 1.0		off 0.5211171984642848 neg 0.47211278710352894 __DUMMY__ 0.0067700144321862	false	1.0
lasch	neg 1.0		off 0.5246707368156021 neg 0.4684900866406734 __DUMMY__ 0.006839176543724453	false	0.5
rivale	neg 1.0		off 0.5280138974889853 neg 0.4652102225340286 __DUMMY__ 0.006775879976986271	false	0.5
mutlos	off 1.0	off 1.0	off 0.7446831452262127 neg 0.2520375877841973 __DUMMY__ 0.0032792669895900383	false	1.0
wirr	off 1.0		off 0.5275151800009533 neg 0.46573037342878704 __DUMMY__ 0.006754446570259712	false	1.0
jahr			off 0.5209628679039126 neg 0.472044786632748 __DUMMY__ 0.006992345463339449	false	0.0
wird			off 0.5184382910773571 neg 0.4746459890506453 __DUMMY__ 0.006915719871997731	false	0.0
strafbar	neg 1.0		off 0.5180722802896636 neg 0.47499606874689854 __DUMMY__ 0.006931650963438041	false	0.5
erosion	neg 1.0		off 0.5210425601793507 neg 0.47207741862329067 __DUMMY__ 0.006880021197358511	false	0.5
eingehen	neg 1.0		off 0.5162874756714977 neg 0.4768104554327616 __DUMMY__ 0.006902068895740615	false	0.5
faul	off 1.0		off 0.5242674939233523 neg 0.46890155316654475 __DUMMY__ 0.006830952910102902	false	1.0
provisorium	neg 1.0		off 0.5131788823831264 neg 0.4797775690579033 __DUMMY__ 0.007043548558970215	false	0.5
schmerzen	neg 1.0		off 0.5184317097998878 neg 0.47469627763913036 __DUMMY__ 0.0068720125609819695	false	0.5
schrumpfen	neg 1.0		off 0.5112472560064647 neg 0.4818199064170044 __DUMMY__ 0.006932837576530801	false	0.5
geistlos	off 1.0		off 0.5214255106647405 neg 0.4717565096970994 __DUMMY__ 0.0068179796381601255	false	1.0
fehlkauf	neg 1.0		off 0.5217829338406672 neg 0.47138389567843386 __DUMMY__ 0.00683317048089886	false	0.5
frustrierend	neg 1.0		off 0.5231882340956886 neg 0.4699846564182848 __DUMMY__ 0.006827109486026482	false	0.5
unzufrieden	neg 1.0		off 0.5185837738343094 neg 0.47451222060288484 __DUMMY__ 0.006904005562805571	false	0.5
verzweifeln	neg 1.0		off 0.5198117671972367 neg 0.4732955756425736 __DUMMY__ 0.006892657160189809	false	0.5
verzweifelt	neg 1.0		off 0.5212386088685521 neg 0.4719026873200061 __DUMMY__ 0.006858703811441822	false	0.5
misstrauensantrag	neg 1.0		off 0.5216576973688171 neg 0.4714992825124215 __DUMMY__ 0.006843020118761399	false	0.5
abfallen	neg 1.0		off 0.5198141848308853 neg 0.47332274761967214 __DUMMY__ 0.006863067549442597	false	0.5
fucker	off 1.0		off 0.5280335800886634 neg 0.4651732625336042 __DUMMY__ 0.006793157377732441	false	1.0
ungezogen	neg 1.0		off 0.5329912062745294 neg 0.46031476305777524 __DUMMY__ 0.006694030667695373	false	0.5
irrsinnig	neg 1.0	neg 1.0	neg 0.7206606040773119 off 0.2760844294758389 __DUMMY__ 0.00325496644684925	false	1.0
unfassbar	neg 1.0		off 0.525981420589252 neg 0.4672006096406353 __DUMMY__ 0.006817969770112652	false	0.5
hart	neg 1.0		off 0.520899337336967 neg 0.4723691280865664 __DUMMY__ 0.006731534576466428	false	0.5
widerlich	off 1.0		off 0.5257469679446736 neg 0.46745267918578604 __DUMMY__ 0.006800352869540409	false	1.0
fatal	neg 1.0	neg 1.0	neg 0.72105196292928 off 0.27572163074221334 __DUMMY__ 0.0032264063285066644	false	1.0
bruch	neg 1.0		off 0.5158641847823144 neg 0.4771701374578922 __DUMMY__ 0.006965677759793309	false	0.5
aushungern	neg 1.0		off 0.5184537881169614 neg 0.47467042841659074 __DUMMY__ 0.006875783466447678	false	0.5
anspannung	neg 1.0		off 0.5153581812781425 neg 0.4776362931812485 __DUMMY__ 0.007005525540608905	false	0.5
von			off 0.5162657550322944 neg 0.4767953998181905 __DUMMY__ 0.006938845149514947	false	0.0
kraftlos	neg 1.0		off 0.5179084176316568 neg 0.4751874122619444 __DUMMY__ 0.006904170106398817	false	0.5
vom			off 0.5151789488701393 neg 0.4777581927519622 __DUMMY__ 0.007062858377898453	false	0.0
grenzdebil	off 1.0		off 0.5250837966317549 neg 0.46812014836838145 __DUMMY__ 0.006796054999863727	false	1.0
vor			off 0.5154899755156893 neg 0.47755478675604457 __DUMMY__ 0.006955237728266013	false	0.0
unterwerfen	neg 1.0		off 0.5187275264556553 neg 0.47434530602473624 __DUMMY__ 0.006927167519608488	false	0.5
versenkung	neg 1.0		off 0.518126307964684 neg 0.474941264620198 __DUMMY__ 0.006932427415118049	false	0.5
entziehen	neg 1.0		off 0.5155624722723452 neg 0.4774993235115997 __DUMMY__ 0.006938204216055105	false	0.5
finanzkrise	neg 1.0		off 0.5142337471616725 neg 0.47897927825889824 __DUMMY__ 0.006786974579429331	false	0.5
schimpfend	neg 1.0		off 0.5224372854709557 neg 0.47067615113403716 __DUMMY__ 0.006886563395007174	false	0.5
profan	neg 1.0		off 0.5218628205600069 neg 0.47129621257230525 __DUMMY__ 0.006840966867687855	false	0.5
korruption	neg 1.0		off 0.5170365370098752 neg 0.47609638151404615 __DUMMY__ 0.006867081476078589	false	0.5
â			off 0.517714834598431 neg 0.4753856281095018 __DUMMY__ 0.006899537292067079	false	0.0
schmutzig	neg 1.0		off 0.5256649914496762 neg 0.4675334855524779 __DUMMY__ 0.006801522997845825	false	0.5
sexy	neg 1.0		off 0.5242024182382257 neg 0.46895539142611437 __DUMMY__ 0.00684219033565991	false	0.5
abraten	neg 1.0		off 0.5223591290367345 neg 0.4707810853068276 __DUMMY__ 0.006859785656437713	false	0.5
schwarz	neg 1.0		off 0.5224679948672589 neg 0.4706786983029247 __DUMMY__ 0.0068533068298163875	false	0.5
fotze	off 1.0	off 1.0	off 0.7451139619736986 neg 0.251609912506874 __DUMMY__ 0.0032761255194274355	false	1.0
verwirren	neg 1.0		off 0.5228207938541364 neg 0.4703290839866066 __DUMMY__ 0.006850122159256988	false	0.5
zahnlos	off 1.0		off 0.5194255320743647 neg 0.4736800778311935 __DUMMY__ 0.00689439009444176	false	1.0
verheeren	neg 1.0		off 0.5345746690580441 neg 0.45873583810427615 __DUMMY__ 0.006689492837679981	false	0.5
hippie	neg 1.0		off 0.5233958125829622 neg 0.4697665276067441 __DUMMY__ 0.006837659810293669	false	0.5
rammen	neg 1.0		off 0.5205450556380786 neg 0.4725935251155656 __DUMMY__ 0.00686141924635571	false	0.5
unlauter	neg 1.0		off 0.5210019822271317 neg 0.47216552284787944 __DUMMY__ 0.006832494924988697	false	0.5
unheilvoll	neg 1.0		off 0.5204394292620536 neg 0.47271464579299816 __DUMMY__ 0.006845924944948325	false	0.5
niedrig	neg 1.0		off 0.5159710069670757 neg 0.47715348576937067 __DUMMY__ 0.0068755072635536965	false	0.5
explosion	neg 1.0		off 0.5236005019307906 neg 0.46955699101466625 __DUMMY__ 0.006842507054543332	false	0.5
weichei	off 1.0	off 1.0	off 0.7501113913283525 neg 0.2467078720199308 __DUMMY__ 0.003180736651716729	false	1.0
minusmensch	off 1.0		off 0.5326887244105843 neg 0.4606443917388268 __DUMMY__ 0.006666883850588853	false	1.0
farblos	neg 1.0		off 0.5210011236418038 neg 0.4721463322270577 __DUMMY__ 0.006852544131138357	false	0.5
unwissend	neg 1.0	neg 1.0	neg 0.7189853087560409 off 0.2777845811152811 __DUMMY__ 0.0032301101286778757	false	1.0
traurig	neg 1.0		off 0.5278733051358462 neg 0.46534150414845143 __DUMMY__ 0.006785190715702374	false	0.5
senkung	neg 1.0		off 0.5194966242860716 neg 0.47371578843790424 __DUMMY__ 0.006787587276024184	false	0.5
ungleich	neg 1.0	neg 1.0	neg 0.7224242527584153 off 0.27429501569811027 __DUMMY__ 0.003280731543474454	false	1.0
heikel	neg 1.0		off 0.5169360489837566 neg 0.4761398043279962 __DUMMY__ 0.006924146688247403	false	0.5
drosselung	neg 1.0		off 0.522389712586068 neg 0.47086260332045715 __DUMMY__ 0.006747684093474662	false	0.5
falsch	neg 1.0		off 0.5245499648537755 neg 0.46860829677463556 __DUMMY__ 0.0068417383715888855	false	0.5
unzufriedenheit	neg 1.0		off 0.51487167881932 neg 0.47822893273033673 __DUMMY__ 0.006899388450343445	false	0.5
kurz	neg 1.0		off 0.5198949010193925 neg 0.47318627715452566 __DUMMY__ 0.006918821826081814	false	0.5
unsinnig	neg 1.0		off 0.5182360829008618 neg 0.47490034229007216 __DUMMY__ 0.006863574809066152	false	0.5
penner	off 1.0	off 1.0	off 0.7515023670926685 neg 0.2453179896200023 __DUMMY__ 0.003179643287329186	false	1.0
seicht	neg 1.0		off 0.5303152394249842 neg 0.46301247339446505 __DUMMY__ 0.006672287180550928	false	0.5
dummheit	off 1.0	off 1.0	off 0.7467433998496842 neg 0.2500179915519247 __DUMMY__ 0.0032386085983910923	false	1.0
unerfreulich	neg 1.0		off 0.5162202406681548 neg 0.47685894955474845 __DUMMY__ 0.006920809777096721	false	0.5
motherfucker	off 1.0	off 1.0	off 0.7494481885645613 neg 0.24733336179570103 __DUMMY__ 0.0032184496397377406	false	1.0
pikiert	neg 1.0		off 0.5244026193735468 neg 0.46879212404371057 __DUMMY__ 0.006805256582742756	false	0.5
wrack	neg 1.0		off 0.5232094558774687 neg 0.46982732104452535 __DUMMY__ 0.006963223078005955	false	0.5
gangster	neg 1.0		off 0.5235193398530245 neg 0.4696463604738547 __DUMMY__ 0.0068342996731208605	false	0.5
krank	neg 1.0		off 0.526595850940458 neg 0.46658737371914466 __DUMMY__ 0.0068167753403974695	false	0.5
reich	neg 1.0		off 0.5209293299573683 neg 0.472293982935492 __DUMMY__ 0.0067766871071397155	false	0.5
gnadenlos	neg 1.0		off 0.521889834190179 neg 0.4712337059911888 __DUMMY__ 0.0068764598186320846	false	0.5
niedergeschlagen	neg 1.0		off 0.5201386181774449 neg 0.47293112657485553 __DUMMY__ 0.006930255247699638	false	0.5
terrorisieren	off 1.0	off 1.0	off 0.7447859583389634 neg 0.2519189218650862 __DUMMY__ 0.0032951197959502684	false	1.0
sinnlosigkeit	neg 1.0		off 0.5188013766529501 neg 0.47430291004809355 __DUMMY__ 0.0068957132989564554	false	0.5
behindern	neg 1.0		off 0.519540459526906 neg 0.4735927646783146 __DUMMY__ 0.006866775794779268	false	0.5
undemokratisch	neg 1.0		off 0.5214164615098703 neg 0.47174906089985985 __DUMMY__ 0.006834477590269723	false	0.5
wirtschaftskrise	neg 1.0		off 0.515256856752564 neg 0.47789523148892554 __DUMMY__ 0.0068479117585103335	false	0.5
neid	neg 1.0		off 0.5233775126085587 neg 0.4697835593750732 __DUMMY__ 0.006838928016368066	false	0.5
rutschen	neg 1.0		off 0.5139442605344556 neg 0.4790638168295769 __DUMMY__ 0.006991922635967356	false	0.5
rezession	neg 1.0		off 0.523109542204333 neg 0.47018719424393546 __DUMMY__ 0.006703263551731481	false	0.5
fehlgeburt	neg 1.0		off 0.5222527606492653 neg 0.4708558980002571 __DUMMY__ 0.0068913413504775945	false	0.5
charakterschwach	off 1.0		off 0.5246780580256062 neg 0.4685265904199185 __DUMMY__ 0.006795351554475358	false	1.0
isolation	neg 1.0		off 0.525026356054533 neg 0.4681231973913236 __DUMMY__ 0.006850446554143587	false	0.5
ablenkung	neg 1.0		off 0.5209084512290555 neg 0.47219976233184924 __DUMMY__ 0.006891786439095312	false	0.5
pech	neg 1.0		off 0.5236185148068855 neg 0.46956134259590376 __DUMMY__ 0.006820142597210723	false	0.5
vermeidung	neg 1.0		off 0.5246224787540876 neg 0.46859090182682717 __DUMMY__ 0.0067866194190853634	false	0.5
dominieren	neg 1.0		off 0.5193777569086746 neg 0.47372769710226764 __DUMMY__ 0.006894545989057587	false	0.5
schwindlig	neg 1.0		off 0.5214486568481752 neg 0.4717089672286157 __DUMMY__ 0.006842375923208978	false	0.5
lutscher	neg 1.0	neg 1.0	neg 0.7149012381714613 off 0.28195173715791766 __DUMMY__ 0.0031470246706210426	false	1.0
pflicht	neg 1.0		off 0.5166050771906109 neg 0.4764437584272583 __DUMMY__ 0.006951164382130684	false	0.5
faschist	off 1.0		off 0.5246266455165343 neg 0.4685264492854097 __DUMMY__ 0.006846905198056057	false	1.0
verschleudern	neg 1.0		off 0.5139793421535596 neg 0.4791621443207889 __DUMMY__ 0.00685851352565157	false	0.5
wenn			off 0.5244581417350107 neg 0.4687182097127161 __DUMMY__ 0.00682364855227326	false	0.0
ehebruch	neg 1.0		off 0.5184660387548773 neg 0.4746235173322892 __DUMMY__ 0.006910443912833493	false	0.5
spott	off 1.0		off 0.5191402729191353 neg 0.4739349061688104 __DUMMY__ 0.006924820912054405	false	1.0
trostlosigkeit	neg 1.0		off 0.5134826612380915 neg 0.47961297206463716 __DUMMY__ 0.006904366697271513	false	0.5
lutschen	neg 1.0		off 0.5233179499708568 neg 0.4698651278934167 __DUMMY__ 0.006816922135726442	false	0.5
undiszipliniert	neg 1.0		off 0.5268833952877352 neg 0.46633083468958064 __DUMMY__ 0.006785770022684144	false	0.5
kopfschmerz	neg 1.0		off 0.5149480128160204 neg 0.4781865759935861 __DUMMY__ 0.006865411190393383	false	0.5
unvorhergesehen	neg 1.0		off 0.5174987066501452 neg 0.47554459147582173 __DUMMY__ 0.006956701874033111	false	0.5
desinteressiert	neg 1.0		off 0.5261690468291338 neg 0.4670409126684519 __DUMMY__ 0.006790040502414407	false	0.5
armselig	off 1.0		off 0.5287775174150852 neg 0.46444431998607133 __DUMMY__ 0.006778162598843464	false	1.0
desaster	neg 1.0		off 0.5145754915274383 neg 0.47849146296356504 __DUMMY__ 0.006933045508996792	false	0.5
tod	neg 1.0		off 0.5180722416353614 neg 0.475005321850905 __DUMMY__ 0.006922436513733521	false	0.5
herzlos	neg 1.0		off 0.528070111059798 neg 0.4651506443904267 __DUMMY__ 0.006779244549775252	false	0.5
unwissenheit	neg 1.0		off 0.5183710916391385 neg 0.47473270607523665 __DUMMY__ 0.006896202285624816	false	0.5
widersinnig	neg 1.0		off 0.5174483879479793 neg 0.47570266064500644 __DUMMY__ 0.006848951407014249	false	0.5
bedenklich	neg 1.0		off 0.5169276705912208 neg 0.47617783847402956 __DUMMY__ 0.00689449093474962	false	0.5
beanstanden	neg 1.0		off 0.5178758749810571 neg 0.47516904208030997 __DUMMY__ 0.006955082938632864	false	0.5
panisch	neg 1.0		off 0.523129130567915 neg 0.4699982198126245 __DUMMY__ 0.006872649619460657	false	0.5
debil	off 1.0		off 0.5110207905817801 neg 0.48198562749014845 __DUMMY__ 0.0069935819280713685	false	1.0
abstrich	neg 1.0		off 0.5184095477983792 neg 0.47471747095267225 __DUMMY__ 0.006872981248948491	false	0.5
primitiv	neg 1.0		off 0.5267506735031368 neg 0.4664532365823908 __DUMMY__ 0.006796089914472525	false	0.5
abschaum	off 1.0	off 1.0	off 0.7492095461281321 neg 0.2475481776751989 __DUMMY__ 0.00324227619666914	false	1.0
provozieren	neg 1.0		off 0.5212943304453433 neg 0.47183950619908765 __DUMMY__ 0.00686616335556892	false	0.5
tot	neg 1.0		off 0.5170523231768059 neg 0.47607787601564094 __DUMMY__ 0.006869800807553159	false	0.5
instabil	neg 1.0		off 0.5267873893325598 neg 0.4664728599231603 __DUMMY__ 0.0067397507442798705	false	0.5
schwuchtel	off 1.0	off 1.0	off 0.754097724289026 neg 0.24277455421302688 __DUMMY__ 0.0031277214979471336	false	1.0
zerren	neg 1.0		off 0.5192546477504812 neg 0.4738255612536032 __DUMMY__ 0.006919790995915534	false	0.5
kinderficker	off 1.0		off 0.5306033400549628 neg 0.4626467268589913 __DUMMY__ 0.006749933086045868	false	1.0
gefahr	neg 1.0		off 0.5174808822762044 neg 0.4755664380949993 __DUMMY__ 0.006952679628796282	false	0.5
rabiat	neg 1.0		off 0.5196173098829283 neg 0.47350115092664913 __DUMMY__ 0.006881539190422484	false	0.5
verlangsamung	neg 1.0		off 0.5302227938054231 neg 0.4630736646881806 __DUMMY__ 0.0067035415063962985	false	0.5
ausgestorben	neg 1.0		off 0.5198301582368136 neg 0.47327442007517195 __DUMMY__ 0.006895421688014409	false	0.5
anklagen	neg 1.0		off 0.5199210033183936 neg 0.47317731831024334 __DUMMY__ 0.006901678371362977	false	0.5
trott	neg 1.0		off 0.5204904061378173 neg 0.4726324984607215 __DUMMY__ 0.00687709540146133	false	0.5
verminderung	neg 1.0		off 0.5250765352199849 neg 0.46813186720176686 __DUMMY__ 0.006791597578248313	false	0.5
nach			off 0.5140296175970847 neg 0.4789482360782171 __DUMMY__ 0.0070221463246982465	false	0.0
rost	neg 1.0		off 0.5348445514900315 neg 0.4584124564771313 __DUMMY__ 0.006742992032837191	false	0.5
destruktiv	neg 1.0		off 0.5197996416630166 neg 0.47333205222779734 __DUMMY__ 0.006868306109186006	false	0.5
unzumutbarkeit	neg 1.0		off 0.5249711424316332 neg 0.4682354455599433 __DUMMY__ 0.006793412008423566	false	0.5
labil	off 1.0	off 1.0	off 0.7479241237281379 neg 0.2488441040103136 __DUMMY__ 0.00323177226154854	false	1.0
ziemlich	neg 1.0		off 0.52585921446416 neg 0.46731783374327024 __DUMMY__ 0.006822951792569868	false	0.5
lachnummer	off 1.0		off 0.5219396240325109 neg 0.4711728142658558 __DUMMY__ 0.006887561701633186	false	1.0
oder			off 0.5217275535197602 neg 0.4713872914094786 __DUMMY__ 0.006885155070761089	false	0.0
verfall	neg 1.0		off 0.5116496828792109 neg 0.48141480784709684 __DUMMY__ 0.006935509273692382	false	0.5
ausgrenzung	neg 1.0		off 0.5209937472837429 neg 0.47217655608914616 __DUMMY__ 0.006829696627111018	false	0.5
unordnung	neg 1.0		off 0.5281550820206131 neg 0.4650955411940315 __DUMMY__ 0.006749376785355397	false	0.5
fehlverhalten	neg 1.0		off 0.5173244203954611 neg 0.4757541028915585 __DUMMY__ 0.006921476712980468	false	0.5
eine			off 0.5152375499895325 neg 0.47782441365961686 __DUMMY__ 0.006938036350850715	false	0.0
nille	neg 1.0		off 0.5208796565691429 neg 0.47224484619629764 __DUMMY__ 0.006875497234559322	false	0.5
qual	neg 1.0		off 0.5198968575885162 neg 0.47322730735956775 __DUMMY__ 0.006875835051916096	false	0.5
verschwenden	neg 1.0		off 0.5153731112854822 neg 0.477729706533269 __DUMMY__ 0.0068971821812486185	false	0.5
riesig	neg 1.0		off 0.517989175243233 neg 0.47508729601081484 __DUMMY__ 0.006923528745952152	false	0.5
verurteilen	neg 1.0		off 0.5193873566868205 neg 0.4737116865946232 __DUMMY__ 0.006900956718556349	false	0.5
klischee	neg 1.0	neg 1.0	neg 0.7195719613596893 off 0.2771946127945075 __DUMMY__ 0.0032334258458031418	false	1.0
diktatorisch	neg 1.0		off 0.5213479417347915 neg 0.47182112502439605 __DUMMY__ 0.006830933240812366	false	0.5
vorhersehbar	neg 1.0		off 0.5219328754567446 neg 0.4712432988402311 __DUMMY__ 0.006823825703024255	false	0.5
sowie			off 0.5280388942133741 neg 0.4652357926271711 __DUMMY__ 0.006725313159454657	false	0.0
stornieren	neg 1.0		off 0.5268351210141621 neg 0.46625990636742143 __DUMMY__ 0.006904972618416496	false	0.5
besteuerung	neg 1.0	neg 1.0	neg 0.7227021457796037 off 0.27407581500693956 __DUMMY__ 0.0032220392134567274	false	1.0
ungeschminkt	neg 1.0		off 0.5259436951983675 neg 0.4672759586071376 __DUMMY__ 0.006780346194494854	false	0.5
kritisch	neg 1.0		off 0.5185950695256508 neg 0.47450383396826945 __DUMMY__ 0.006901096506079767	false	0.5
schlamperei	off 1.0		off 0.5174935611590114 neg 0.4755934170689419 __DUMMY__ 0.006913021772046847	false	1.0
sucht	neg 1.0	neg 1.0	neg 0.7198113230391704 off 0.27692656670254057 __DUMMY__ 0.0032621102582889995	false	1.0
egoistisch	off 1.0	off 1.0	off 0.7512955559112018 neg 0.24550220192619013 __DUMMY__ 0.0032022421626079415	false	1.0
ausbeuter	off 1.0		off 0.5153288981809697 neg 0.4777755401282971 __DUMMY__ 0.006895561690733161	false	1.0
arschgeburt	off 1.0		off 0.5352030394296522 neg 0.4581856366088937 __DUMMY__ 0.006611323961454037	false	1.0
schubs	neg 1.0		off 0.5160341462379934 neg 0.47709042262977247 __DUMMY__ 0.006875431132234264	false	0.5
unsolide	neg 1.0		off 0.5232030706104844 neg 0.46995007076594575 __DUMMY__ 0.0068468586235699075	false	0.5
beschwerde	neg 1.0		off 0.5195065796171764 neg 0.473587254279782 __DUMMY__ 0.00690616610304153	false	0.5
stocken	neg 1.0		off 0.5175565899040611 neg 0.4755410351463523 __DUMMY__ 0.006902374949586464	false	0.5
isolieren	neg 1.0		off 0.517338015728693 neg 0.4757877777273534 __DUMMY__ 0.006874206543953494	false	0.5
unheilbar	neg 1.0		off 0.5210546219198487 neg 0.47206369933292675 __DUMMY__ 0.006881678747224406	false	0.5
pisser	off 1.0	off 1.0	off 0.7496798742690622 neg 0.24711007185422368 __DUMMY__ 0.0032100538767140677	false	1.0
löschen	neg 1.0		off 0.5205817390260212 neg 0.4725545215507066 __DUMMY__ 0.006863739423272127	false	0.5
durchfallen	neg 1.0		off 0.518809583820658 neg 0.4742821998768956 __DUMMY__ 0.006908216302446359	false	0.5
wichser	off 1.0	off 1.0	off 0.7527827754404007 neg 0.24405760883679606 __DUMMY__ 0.003159615722803151	false	1.0
terror	neg 1.0		off 0.523206911036369 neg 0.46995463336986115 __DUMMY__ 0.006838455593769947	false	0.5
krass	neg 1.0		off 0.5288754381255244 neg 0.46437461303259714 __DUMMY__ 0.006749948841878371	false	0.5
revolte	neg 1.0		off 0.521593584555483 neg 0.47160634620543196 __DUMMY__ 0.006800069239085141	false	0.5
besorgt	neg 1.0		off 0.5206252556167923 neg 0.4724474072679845 __DUMMY__ 0.006927337115223206	false	0.5
nachlassen	neg 1.0		off 0.5185919210594481 neg 0.47448967917550844 __DUMMY__ 0.006918399765043473	false	0.5
alt	neg 1.0		off 0.5138780527993255 neg 0.47927323820990864 __DUMMY__ 0.006848708990765814	false	0.5
hundesohn	off 1.0	off 1.0	off 0.7517679196602596 neg 0.24507448526879572 __DUMMY__ 0.0031575950709447575	false	1.0
als			off 0.5183018623942232 neg 0.4748075038755333 __DUMMY__ 0.006890633730243626	false	0.0
abschreckung	neg 1.0		off 0.5163550363192462 neg 0.4767197611779343 __DUMMY__ 0.0069252025028196	false	0.5
unqualifiziert	neg 1.0		off 0.5247380767014624 neg 0.468427611518658 __DUMMY__ 0.006834311779879428	false	0.5
abgewichst	off 1.0		off 0.5205924585660998 neg 0.4725214534563819 __DUMMY__ 0.006886087977518197	false	1.0
schwer	neg 1.0		off 0.520208320148696 neg 0.472905123678749 __DUMMY__ 0.006886556172555159	false	0.5
bedeutungslosigkeit	neg 1.0		off 0.5167026358395932 neg 0.47637826492661056 __DUMMY__ 0.006919099233796139	false	0.5
kapitulation	neg 1.0		off 0.516702723818427 neg 0.4764198437647369 __DUMMY__ 0.006877432416836238	false	0.5
unscharf	neg 1.0		off 0.5185978272582973 neg 0.47461218948366646 __DUMMY__ 0.006789983258036347	false	0.5
schwinden	neg 1.0		off 0.5146090028586249 neg 0.4785056627278155 __DUMMY__ 0.006885334413559656	false	0.5
versklavung	neg 1.0	neg 1.0	neg 0.7210446332357083 off 0.27571651455207746 __DUMMY__ 0.003238852212214211	false	1.0
schlecht	neg 1.0		off 0.526559642732221 neg 0.46660950275090113 __DUMMY__ 0.006830854516877897	false	0.5
verhasst	neg 1.0		off 0.5217994483500957 neg 0.47134331095629917 __DUMMY__ 0.006857240693605212	false	0.5
beschweren	neg 1.0		off 0.5232708799893748 neg 0.4698550029249163 __DUMMY__ 0.006874117085709011	false	0.5
scheiden	neg 1.0		off 0.5203319084072028 neg 0.4727980979390891 __DUMMY__ 0.0068699936537080395	false	0.5
frustriert	neg 1.0		off 0.519695702952245 neg 0.4734062585937018 __DUMMY__ 0.006898038454053217	false	0.5
schimmelig	neg 1.0		off 0.5152529926713452 neg 0.47788768225947104 __DUMMY__ 0.0068593250691838786	false	0.5
fisch	neg 1.0		off 0.5115048695122186 neg 0.48161970580402885 __DUMMY__ 0.0068754246837524945	false	0.5
schmuggel	neg 1.0		off 0.5175353986477536 neg 0.47549699776848836 __DUMMY__ 0.0069676035837580065	false	0.5
auffallen	neg 1.0		off 0.522873130050403 neg 0.47027021017288695 __DUMMY__ 0.006856659776710053	false	0.5
konkurrenz	neg 1.0		off 0.5177179579695301 neg 0.4753360357373206 __DUMMY__ 0.006946006293149203	false	0.5
teufelskreis	neg 1.0	neg 1.0	neg 0.7222762949560411 off 0.27447173561689614 __DUMMY__ 0.003251969427062722	false	1.0
aufschreien	neg 1.0		off 0.5223969242965952 neg 0.47076892521308067 __DUMMY__ 0.006834150490324152	false	0.5
schuldner	neg 1.0		off 0.5134212343636159 neg 0.47970829944723975 __DUMMY__ 0.006870466189144386	false	0.5
missgeburt	off 1.0	off 1.0	off 0.7520912248361933 neg 0.24472608027743883 __DUMMY__ 0.0031826948863678643	false	1.0
arbeitslos	neg 1.0		off 0.5182923084569604 neg 0.474804510553209 __DUMMY__ 0.006903180989830575	false	0.5
befallen	neg 1.0		off 0.516504252902018 neg 0.47665954559066936 __DUMMY__ 0.006836201507312613	false	0.5
miesepetrig	off 1.0	off 1.0	off 0.7481268245042813 neg 0.24863957934364841 __DUMMY__ 0.0032335961520703047	false	1.0
alarmieren	neg 1.0		off 0.5254309413027177 neg 0.4677342885894242 __DUMMY__ 0.006834770107858118	false	0.5
ungeduscht	off 1.0		off 0.523089427581526 neg 0.47010466353375296 __DUMMY__ 0.006805908884721154	false	1.0
knappheit	neg 1.0		off 0.515587160627643 neg 0.4775620440631412 __DUMMY__ 0.006850795309215823	false	0.5
schlange	neg 1.0		off 0.5215040143653353 neg 0.47161227853576987 __DUMMY__ 0.006883707098894727	false	0.5
harsch	neg 1.0		off 0.5299645855564428 neg 0.46325222666325716 __DUMMY__ 0.006783187780300165	false	0.5
lang	neg 1.0		off 0.5215448767850746 neg 0.4715944274399967 __DUMMY__ 0.006860695774928883	false	0.5
ziellos	neg 1.0		off 0.5176069660932142 neg 0.47546322892502685 __DUMMY__ 0.0069298049817589705	false	0.5
selbstverliebt	neg 1.0		off 0.5350913431771287 neg 0.4582309463852351 __DUMMY__ 0.0066777104376362665	false	0.5
beseitigen	neg 1.0		off 0.5218122047389098 neg 0.47128917000967374 __DUMMY__ 0.006898625251416509	false	0.5
dumm	off 1.0		off 0.530643393811317 neg 0.46262699008079516 __DUMMY__ 0.006729616107887808	false	1.0
arbeitsloser	neg 1.0		off 0.5225623528916135 neg 0.47047205531388786 __DUMMY__ 0.006965591794498814	false	0.5
blitzen	neg 1.0		off 0.5232484618016927 neg 0.46992991629207576 __DUMMY__ 0.00682162190623159	false	0.5
hilflos	neg 1.0		off 0.5182873381273481 neg 0.4748128211148279 __DUMMY__ 0.006899840757824024	false	0.5
eklig	off 1.0		off 0.5295599259663457 neg 0.46373892671726974 __DUMMY__ 0.006701147316384569	false	1.0
begriff			off 0.5204089790543034 neg 0.472706363839609 __DUMMY__ 0.006884657106087508	false	0.0
hungersnot	neg 1.0		off 0.5170006385270257 neg 0.47612897087225653 __DUMMY__ 0.006870390600717612	false	0.5
ungesetzlich	neg 1.0		off 0.5217636724369205 neg 0.47139876756128707 __DUMMY__ 0.006837560001792476	false	0.5
verschwendung	neg 1.0		off 0.5162680730959857 neg 0.47681887687666125 __DUMMY__ 0.006913050027353166	false	0.5
schmerzvoll	neg 1.0		off 0.5208748959730379 neg 0.47227857886714947 __DUMMY__ 0.006846525159812622	false	0.5
vorzeitig	neg 1.0		off 0.5259392396412186 neg 0.46722674508554735 __DUMMY__ 0.006834015273234026	false	0.5
unvollkommenheit	neg 1.0		off 0.5185711509135588 neg 0.4745476413037587 __DUMMY__ 0.006881207782682493	false	0.5
intervenieren	neg 1.0		off 0.5151266206971511 neg 0.47799478588451694 __DUMMY__ 0.006878593418331975	false	0.5
banause	off 1.0		off 0.52883702524983 neg 0.464510328725347 __DUMMY__ 0.006652646024823063	false	1.0
rebell	neg 1.0		off 0.5102763623927155 neg 0.48282109319786654 __DUMMY__ 0.006902544409418109	false	0.5
unlogisch	neg 1.0		off 0.5268289092273772 neg 0.46639810741183263 __DUMMY__ 0.006772983360790098	false	0.5
leiden	neg 1.0		off 0.5184026293805407 neg 0.4746262972915837 __DUMMY__ 0.006971073327875411	false	0.5
abschaffung	neg 1.0		off 0.5193965096726982 neg 0.4737736830398755 __DUMMY__ 0.006829807287426359	false	0.5
sturz	neg 1.0		off 0.5251571535581148 neg 0.4679458982092753 __DUMMY__ 0.006896948232609936	false	0.5
verkleinerung	neg 1.0		off 0.5205109834473665 neg 0.4727172762623656 __DUMMY__ 0.006771740290268078	false	0.5
schmarotzer	off 1.0		off 0.5191873634311334 neg 0.47391839767364424 __DUMMY__ 0.006894238895222344	false	1.0
bestrafung	neg 1.0	neg 1.0	neg 0.7202585476790911 off 0.2764753825261305 __DUMMY__ 0.0032660697947783962	false	1.0
achtlos	neg 1.0		off 0.5203303287429311 neg 0.47276306699832293 __DUMMY__ 0.0069066042587460725	false	0.5
