unsolidarisch	neg 1.0		__DUMMY__ 0.870188441377571 off 0.06788084504380129 neg 0.06193071357862774	false	0.5
nachteilig	neg 1.0		__DUMMY__ 0.8775183980312317 off 0.06301860567835153 neg 0.0594629962904169	false	0.5
skeptisch	neg 1.0		__DUMMY__ 0.8774122007853344 off 0.06195638571672556 neg 0.060631413497940025	false	0.5
schrecklich	neg 1.0		__DUMMY__ 0.8653983044816109 off 0.07570392582804812 neg 0.05889776969034104	false	0.5
schlapp	neg 1.0	neg 1.0	neg 0.5152856373929103 __DUMMY__ 0.4303174873566257 off 0.054396875250464015	false	1.0
abfall	neg 1.0		__DUMMY__ 0.8821729642160403 neg 0.059020459161344414 off 0.0588065766226153	false	1.0
widerspenstig	neg 1.0		__DUMMY__ 0.8725457971370745 off 0.06573651798667904 neg 0.06171768487624641	false	0.5
abrupt	neg 1.0		__DUMMY__ 0.8760237480795726 neg 0.06285406624485218 off 0.06112218567557521	false	1.0
unwirksam	neg 1.0		__DUMMY__ 0.8665585617749734 off 0.06709193962019513 neg 0.06634949860483143	false	0.5
angreifen	neg 1.0		__DUMMY__ 0.8783469143581252 off 0.06146938854391849 neg 0.06018369709795626	false	0.5
inkonsistent	neg 1.0		__DUMMY__ 0.868732015001352 off 0.06901489467631218 neg 0.06225309032233577	false	0.5
abrutschen	neg 1.0		__DUMMY__ 0.8813995189016264 neg 0.06012092284258837 off 0.058479558255785304	false	1.0
unsicher	neg 1.0		__DUMMY__ 0.874532435042517 off 0.06648267088671787 neg 0.058984894070765174	false	0.5
bauernkind	off 1.0	off 1.0	off 0.5287497701039328 __DUMMY__ 0.42183156821304174 neg 0.04941866168302552	false	1.0
angreifer	neg 1.0		__DUMMY__ 0.8743245229322345 off 0.07048151135938513 neg 0.05519396570838044	false	0.5
trennen	neg 1.0		__DUMMY__ 0.8794633936679583 off 0.06097718840655718 neg 0.05955941792548447	false	0.5
schmutz	neg 1.0		__DUMMY__ 0.8769076916733386 off 0.06926179784174966 neg 0.05383051048491176	false	0.5
inkonsistenz	neg 1.0		__DUMMY__ 0.8691728294547058 off 0.07164451427875561 neg 0.05918265626653867	false	0.5
erschreckend	neg 1.0		__DUMMY__ 0.873895489238097 off 0.06597942356782456 neg 0.06012508719407839	false	0.5
ertrinken	neg 1.0		__DUMMY__ 0.8770570468634884 neg 0.06212250982845409 off 0.06082044330805745	false	1.0
pickelface	off 1.0		__DUMMY__ 0.8725711908535138 off 0.06704923974670583 neg 0.06037956939978044	false	1.0
seiner			__DUMMY__ 0.8790116225377396 off 0.06170925994879653 neg 0.059279117513464	false	0.0
lauch	neg 1.0	neg 1.0	neg 0.5169524159864739 __DUMMY__ 0.43846117004987245 off 0.04458641396365369	false	1.0
unwichtig	neg 1.0		__DUMMY__ 0.8690831256507368 off 0.07158523427521632 neg 0.05933164007404691	false	0.5
steuerhinterziehung	neg 1.0		__DUMMY__ 0.872787573347281 off 0.06610806308362725 neg 0.06110436356909184	false	0.5
schock	neg 1.0		__DUMMY__ 0.8752180784558496 off 0.06483409543573515 neg 0.05994782610841515	false	0.5
beule	neg 1.0		__DUMMY__ 0.8658374177356944 off 0.07352493227967759 neg 0.06063764998462797	false	0.5
vergelten	neg 1.0		__DUMMY__ 0.8652201740099988 off 0.07682135500920585 neg 0.05795847098079537	false	0.5
verdorbenheit	neg 1.0		__DUMMY__ 0.8728852528637141 off 0.0673290745364722 neg 0.05978567259981372	false	0.5
trauma	neg 1.0		__DUMMY__ 0.8711881321338993 off 0.06802113825302988 neg 0.060790729613070776	false	0.5
sinnlos	neg 1.0		__DUMMY__ 0.8717330409406746 off 0.06863356170074274 neg 0.05963339735858266	false	0.5
fettsack	off 1.0	off 1.0	off 0.5298867224659162 __DUMMY__ 0.42220691190530796 neg 0.0479063656287759	false	1.0
feige	off 1.0	off 1.0	off 0.5253585173666835 __DUMMY__ 0.4290325678246737 neg 0.04560891480864282	false	1.0
abdanken	neg 1.0		__DUMMY__ 0.8756018033658783 off 0.06649370444637132 neg 0.05790449218775031	false	0.5
wichtigtuer	off 1.0	off 1.0	off 0.5228119378579845 __DUMMY__ 0.4326923413076669 neg 0.04449572083434852	false	1.0
misslingen	neg 1.0		__DUMMY__ 0.8754232927777291 off 0.0677456743356119 neg 0.05683103288665888	false	0.5
untreu	off 1.0		__DUMMY__ 0.867795102546158 off 0.0728454139885874 neg 0.05935948346525465	false	1.0
missmutig	neg 1.0		__DUMMY__ 0.8697130928641297 off 0.07018941365520222 neg 0.06009749348066816	false	0.5
hurenbock	off 1.0		__DUMMY__ 0.8673641093694784 off 0.06645575983647119 neg 0.06618013079405036	false	1.0
betrunken	neg 1.0		__DUMMY__ 0.8660396626564799 off 0.07452178892656793 neg 0.05943854841695212	false	0.5
korrupt	off 1.0		__DUMMY__ 0.8722069552586924 off 0.06576605984977998 neg 0.062026984891527616	false	1.0
unmut	neg 1.0		__DUMMY__ 0.8793124752671806 neg 0.060445395118101555 off 0.060242129614717824	false	1.0
hackfresse	off 1.0		__DUMMY__ 0.8608997109368954 off 0.08028559855161489 neg 0.05881469051148971	false	1.0
aufblasen	neg 1.0		__DUMMY__ 0.8731289656640501 off 0.06675324215197691 neg 0.060117792183973076	false	0.5
gewaltsam	neg 1.0		__DUMMY__ 0.8760203351977869 off 0.06626656385558538 neg 0.05771310094662781	false	0.5
unbeliebtheit	neg 1.0		__DUMMY__ 0.8682812245332984 off 0.0729409209068734 neg 0.05877785455982829	false	0.5
sturheit	neg 1.0		__DUMMY__ 0.8759100387020048 off 0.06598568949402023 neg 0.05810427180397493	false	0.5
kuh	neg 1.0		__DUMMY__ 0.8608278215994312 neg 0.06991445639576868 off 0.0692577220048002	false	1.0
erschrecken	neg 1.0		__DUMMY__ 0.869965733539364 off 0.07062641889824317 neg 0.05940784756239287	false	0.5
opfer	neg 1.0		__DUMMY__ 0.879921270039766 off 0.06335532382735691 neg 0.05672340613287713	false	0.5
sinken	neg 1.0		__DUMMY__ 0.8766766391750586 neg 0.06273027172624403 off 0.060593089098697414	false	1.0
stinktier	neg 1.0		__DUMMY__ 0.8566928867996749 off 0.07796413533015552 neg 0.06534297787016963	false	0.5
tucke	off 1.0		__DUMMY__ 0.8539124392738432 off 0.08224566096809154 neg 0.06384189975806519	false	1.0
ein			__DUMMY__ 0.8714446797276002 off 0.065437169167269 neg 0.06311815110513082	false	0.0
abstieg	neg 1.0		__DUMMY__ 0.8798022213252187 off 0.06455925438095 neg 0.05563852429383146	false	0.5
missverstehen	neg 1.0		__DUMMY__ 0.8710794591378801 off 0.0695886864761305 neg 0.05933185438598937	false	0.5
ergebnislos	neg 1.0		__DUMMY__ 0.8794170505975561 off 0.06301930889392592 neg 0.05756364050851798	false	0.5
unter			__DUMMY__ 0.8867123152475747 neg 0.058854455369839416 off 0.05443322938258584	false	0.0
manipulieren	neg 1.0		__DUMMY__ 0.8782476672556532 off 0.0624149418959966 neg 0.05933739084835017	false	0.5
unbewiesen	neg 1.0	neg 1.0	neg 0.5152127842386058 __DUMMY__ 0.4331130571165823 off 0.0516741586448118	false	1.0
verschleppen	neg 1.0		__DUMMY__ 0.8758027172626425 off 0.06410096551836045 neg 0.06009631721899707	false	0.5
weib	off 1.0		__DUMMY__ 0.8562547807371174 off 0.08250843918749362 neg 0.06123678007538907	false	1.0
opposition	neg 1.0		__DUMMY__ 0.8704391286820982 off 0.06810112154922743 neg 0.06145974976867445	false	0.5
verkehrswidrig	neg 1.0		__DUMMY__ 0.8668025794133188 off 0.0769455554932788 neg 0.05625186509340231	false	0.5
inkorrekt	neg 1.0		__DUMMY__ 0.8647926229599169 off 0.07582216865390987 neg 0.059385208386173234	false	0.5
vermeiden	neg 1.0		__DUMMY__ 0.8822236778685528 neg 0.05999866481376541 off 0.05777765731768168	false	1.0
abweichung	neg 1.0	neg 1.0	neg 0.5139691686752852 __DUMMY__ 0.4372572377673997 off 0.048773593557315136	false	1.0
alkoholisiert	neg 1.0		__DUMMY__ 0.883561196711908 off 0.06100041132723665 neg 0.055438391960855406	false	0.5
scheiss	off 1.0	off 1.0	off 0.5259263058395953 __DUMMY__ 0.42748007436593594 neg 0.046593619794468716	false	1.0
herausforderung	neg 1.0		__DUMMY__ 0.8758950063830679 off 0.0641118315340062 neg 0.059993162082925745	false	0.5
pervers	off 1.0		__DUMMY__ 0.8554774518271081 off 0.08485969309991961 neg 0.059662855072972316	false	1.0
wackelig	neg 1.0		__DUMMY__ 0.8770599991271377 off 0.06369078920416904 neg 0.05924921166869321	false	0.5
verwickeln	neg 1.0		__DUMMY__ 0.8720899263618616 off 0.06872953060027563 neg 0.059180543037862736	false	0.5
vorwand	neg 1.0		__DUMMY__ 0.8784856724464891 off 0.06099666487730475 neg 0.060517662676206146	false	0.5
muschi	off 1.0		__DUMMY__ 0.8747679427402918 off 0.06598353655398667 neg 0.059248520705721515	false	1.0
entmutigung	neg 1.0		__DUMMY__ 0.8674957240610389 off 0.06943441000833447 neg 0.06306986593062652	false	0.5
unangemessen	neg 1.0		__DUMMY__ 0.875225863895499 off 0.06561313727669053 neg 0.05916099882781054	false	0.5
unstetig	neg 1.0		__DUMMY__ 0.8692526235837377 off 0.07042233731801657 neg 0.06032503909824575	false	0.5
entmutigen	neg 1.0		__DUMMY__ 0.8727282015469408 off 0.06754689412225948 neg 0.05972490433079976	false	0.5
schwanz	neg 1.0		__DUMMY__ 0.8753415483700738 off 0.06366970179017555 neg 0.06098874983975068	false	0.5
verbot	neg 1.0		__DUMMY__ 0.8732962234019523 off 0.06539664643166125 neg 0.061307130166386385	false	0.5
leid	neg 1.0		__DUMMY__ 0.8634415455170983 off 0.07726795590577729 neg 0.05929049857712449	false	0.5
archaisch	neg 1.0		__DUMMY__ 0.8734579931371061 off 0.0651925479472929 neg 0.06134945891560089	false	0.5
gegen			__DUMMY__ 0.8812576182004905 off 0.06079360269710724 neg 0.05794877910240219	false	0.0
scheidung	neg 1.0		__DUMMY__ 0.8578696574527919 off 0.08844881150032971 neg 0.053681531046878436	false	0.5
einschlag	neg 1.0		__DUMMY__ 0.8689187456862474 off 0.07598586952537796 neg 0.055095384788374585	false	0.5
m			__DUMMY__ 0.8757798391130742 off 0.0642972513844193 neg 0.05992290950250649	false	0.0
abgestanden	neg 1.0		__DUMMY__ 0.8659127948513832 neg 0.06811419373509238 off 0.06597301141352452	false	1.0
schmierig	off 1.0		__DUMMY__ 0.8632299777247991 off 0.07700039948704206 neg 0.0597696227881588	false	1.0
unpraktisch	neg 1.0		__DUMMY__ 0.8731878462747047 off 0.06769603467593852 neg 0.059116119049356784	false	0.5
wixxer	off 1.0		__DUMMY__ 0.8530531119713803 off 0.08523237193037568 neg 0.06171451609824409	false	1.0
bezeichnet			__DUMMY__ 0.8743094293732246 off 0.06706131145991759 neg 0.058629259166857656	false	0.0
jammerlappen	off 1.0		__DUMMY__ 0.8688521542187919 off 0.0718957898392228 neg 0.05925205594198526	false	1.0
farce	neg 1.0		__DUMMY__ 0.8710090364379347 off 0.06697549199213403 neg 0.06201547156993137	false	0.5
zwecklos	neg 1.0		__DUMMY__ 0.8747984506379171 off 0.06461937061601333 neg 0.06058217874606968	false	0.5
turbulent	neg 1.0		__DUMMY__ 0.8655224398273041 off 0.07381751618616085 neg 0.06066004398653501	false	0.5
invasion	neg 1.0		__DUMMY__ 0.8706594764075487 off 0.06925739487068883 neg 0.06008312872176251	false	0.5
schuld	neg 1.0		__DUMMY__ 0.8726501928905015 off 0.06800912330208413 neg 0.05934068380741436	false	0.5
risiko	neg 1.0		__DUMMY__ 0.8682703025430528 off 0.06875381894894488 neg 0.06297587850800235	false	0.5
finster	neg 1.0		__DUMMY__ 0.8710657354906558 off 0.06568228287840981 neg 0.0632519816309343	false	0.5
geisteskrank	off 1.0		__DUMMY__ 0.8663350715194218 off 0.07454743315594367 neg 0.059117495324634596	false	1.0
zusammenbrechen	neg 1.0		__DUMMY__ 0.8742671150231462 off 0.0647400270172421 neg 0.060992857959611714	false	0.5
ausbeute	neg 1.0		__DUMMY__ 0.8784639394913832 off 0.06518537174825963 neg 0.056350688760357225	false	0.5
hinterhalt	neg 1.0		__DUMMY__ 0.8739684882032599 off 0.06486101586092839 neg 0.06117049593581172	false	0.5
kritik	neg 1.0		__DUMMY__ 0.8712904818729991 off 0.06673622919658126 neg 0.061973288930419604	false	0.5
einschrumpfen	neg 1.0		__DUMMY__ 0.8658555960467978 off 0.07203605911813284 neg 0.062108344835069274	false	0.5
riskant	neg 1.0		__DUMMY__ 0.8762715549583246 off 0.062175032052050445 neg 0.061553412989624925	false	0.5
frustrieren	neg 1.0		__DUMMY__ 0.8751931917882996 off 0.06310526457626126 neg 0.06170154363543921	false	0.5
groll	neg 1.0		__DUMMY__ 0.8766832961814262 off 0.06484354214089375 neg 0.05847316167768016	false	0.5
gibt			__DUMMY__ 0.8754465494384597 off 0.06433709568787115 neg 0.06021635487366919	false	0.0
qualvoll	neg 1.0		__DUMMY__ 0.8716692207496141 off 0.06864037605672162 neg 0.059690403193664414	false	0.5
wackeln	neg 1.0		__DUMMY__ 0.8739015915156516 off 0.06626285463109871 neg 0.059835553853249575	false	0.5
klagen	neg 1.0		__DUMMY__ 0.8774590664674761 off 0.06127567775647332 neg 0.0612652557760506	false	0.5
bankrott	neg 1.0		__DUMMY__ 0.8703998897791294 off 0.07106080140057582 neg 0.05853930882029471	false	0.5
trauern	neg 1.0		__DUMMY__ 0.8824692880285778 off 0.062204054846169615 neg 0.055326657125252664	false	0.5
ablehnung	neg 1.0		__DUMMY__ 0.8717557135195532 off 0.06610990561478036 neg 0.06213438086566655	false	0.5
stur	neg 1.0		__DUMMY__ 0.8719390397928161 off 0.06797509409234437 neg 0.06008586611483961	false	0.5
aufruhr	neg 1.0	neg 1.0	neg 0.5145247210203345 __DUMMY__ 0.4347462517802341 off 0.050729027199431356	false	1.0
melancholie	neg 1.0		__DUMMY__ 0.8751475800450921 neg 0.06349958752566827 off 0.06135283242923959	false	1.0
ist			__DUMMY__ 0.8716706302252725 off 0.0683678883974773 neg 0.05996148137725013	false	0.0
torheit	neg 1.0		__DUMMY__ 0.8720439960556488 off 0.06811229057645767 neg 0.05984371336789356	false	0.5
dreckskind	off 1.0		__DUMMY__ 0.8582065876068139 off 0.08151826028038801 neg 0.06027515211279811	false	1.0
umtauschen	neg 1.0		__DUMMY__ 0.8740892608357836 off 0.06549362246423128 neg 0.06041711669998507	false	0.5
zum			__DUMMY__ 0.8873098486573643 off 0.05789277926416779 neg 0.054797372078467924	false	0.0
zersetzen	neg 1.0		__DUMMY__ 0.8757738677591479 neg 0.06213536489368311 off 0.06209076734716902	false	1.0
zur			__DUMMY__ 0.8823644085140657 neg 0.0594961166030364 off 0.05813947488289797	false	0.0
frust	neg 1.0		__DUMMY__ 0.8751100286843962 off 0.06456073408283507 neg 0.06032923723276873	false	0.5
unerbittlichkeit	neg 1.0		__DUMMY__ 0.8774930681779338 off 0.06291783943472663 neg 0.05958909238733947	false	0.5
zwei			__DUMMY__ 0.8835861625809373 neg 0.05903637708794642 off 0.05737746033111634	false	0.0
unkorrekt	neg 1.0		__DUMMY__ 0.8661803226866278 off 0.0743751960771626 neg 0.05944448123620954	false	0.5
hexe	off 1.0		__DUMMY__ 0.8650963199047508 off 0.07110322797394722 neg 0.06380045212130202	false	1.0
lasch	neg 1.0		__DUMMY__ 0.8702949094748881 off 0.07111523609691398 neg 0.05858985442819802	false	0.5
rivale	neg 1.0		__DUMMY__ 0.8655019427785845 off 0.07565931895207821 neg 0.058838738269337394	false	0.5
mutlos	off 1.0	off 1.0	off 0.5186703084055551 __DUMMY__ 0.43537857665294305 neg 0.045951114941501815	false	1.0
wirr	off 1.0		__DUMMY__ 0.8634953759406172 off 0.07634143483164864 neg 0.06016318922773415	false	1.0
jahr			__DUMMY__ 0.8836837402647014 off 0.061744367083375176 neg 0.054571892651923415	false	0.0
wird			__DUMMY__ 0.8765769199631108 off 0.06367161830206197 neg 0.05975146173482723	false	0.0
strafbar	neg 1.0		__DUMMY__ 0.8779842899493334 off 0.06283054715781528 neg 0.0591851628928512	false	0.5
erosion	neg 1.0		__DUMMY__ 0.8738257266103039 off 0.0666800876984608 neg 0.05949418569123534	false	0.5
eingehen	neg 1.0		__DUMMY__ 0.8752874756354815 off 0.06296020998385418 neg 0.06175231438066431	false	0.5
faul	off 1.0		__DUMMY__ 0.8700940729798324 off 0.07067381602642789 neg 0.0592321109937397	false	1.0
provisorium	neg 1.0		__DUMMY__ 0.8876872757838876 neg 0.05789669570021856 off 0.054416028515893805	false	1.0
schmerzen	neg 1.0		__DUMMY__ 0.8735922761957768 off 0.06489984789540275 neg 0.06150787590882044	false	0.5
schrumpfen	neg 1.0		__DUMMY__ 0.8780281193217834 neg 0.06369490921059365 off 0.05827697146762298	false	1.0
geistlos	off 1.0		__DUMMY__ 0.8683594217995689 off 0.06998432540221386 neg 0.06165625279821718	false	1.0
fehlkauf	neg 1.0		__DUMMY__ 0.8698696129228564 off 0.06929616204905577 neg 0.06083422502808797	false	0.5
frustrierend	neg 1.0		__DUMMY__ 0.8692505174998583 off 0.07057747165150113 neg 0.06017201084864068	false	0.5
unzufrieden	neg 1.0		__DUMMY__ 0.8754673958264925 off 0.06442431697173237 neg 0.060108287201775086	false	0.5
verzweifeln	neg 1.0		__DUMMY__ 0.8745997011266463 off 0.06564375429479115 neg 0.059756544578562484	false	0.5
verzweifelt	neg 1.0		__DUMMY__ 0.8717248350425819 off 0.06802525533872598 neg 0.0602499096186922	false	0.5
misstrauensantrag	neg 1.0		__DUMMY__ 0.8709951063919178 off 0.0685545821955179 neg 0.060450311412564225	false	0.5
abfallen	neg 1.0		__DUMMY__ 0.8726065238112009 off 0.06641536635283916 neg 0.06097810983596	false	0.5
fucker	off 1.0		__DUMMY__ 0.8663628994974091 off 0.07535875911115712 neg 0.058278341391433904	false	1.0
ungezogen	neg 1.0		__DUMMY__ 0.8585615597048248 off 0.08246406491185007 neg 0.05897437538332505	false	0.5
irrsinnig	neg 1.0	neg 1.0	neg 0.5161277619925896 __DUMMY__ 0.43252808743651544 off 0.05134415057089496	false	1.0
unfassbar	neg 1.0		__DUMMY__ 0.8685488033183427 off 0.07276971495446413 neg 0.05868148172719313	false	0.5
hart	neg 1.0		__DUMMY__ 0.8616890605375154 off 0.07272879357538672 neg 0.06558214588709792	false	0.5
widerlich	off 1.0		__DUMMY__ 0.867087902171577 off 0.07335308058014303 neg 0.05955901724827994	false	1.0
fatal	neg 1.0	neg 1.0	neg 0.5182154394317378 __DUMMY__ 0.42908955656334474 off 0.05269500400491737	false	1.0
bruch	neg 1.0		__DUMMY__ 0.8809884837403034 off 0.05987637171044945 neg 0.05913514454924725	false	0.5
aushungern	neg 1.0		__DUMMY__ 0.8732240616087464 off 0.06566399495087027 neg 0.06111194344038321	false	0.5
anspannung	neg 1.0		__DUMMY__ 0.8844598401900887 neg 0.05784139115418302 off 0.05769876865572826	false	1.0
von			__DUMMY__ 0.8789543526049959 off 0.060967520949654214 neg 0.06007812644535004	false	0.0
kraftlos	neg 1.0		__DUMMY__ 0.8758115998965158 off 0.06368752397950571 neg 0.06050087612397839	false	0.5
vom			__DUMMY__ 0.8894790700994886 neg 0.05571772024443214 off 0.05480320965607933	false	0.0
grenzdebil	off 1.0		__DUMMY__ 0.8667862978786754 off 0.07303828181698392 neg 0.06017542030434072	false	1.0
vor			__DUMMY__ 0.879825863462089 neg 0.06012545182944504 off 0.06004868470846601	false	0.0
unterwerfen	neg 1.0		__DUMMY__ 0.8776753135700279 off 0.06343024320357218 neg 0.05889444322639986	false	0.5
versenkung	neg 1.0		__DUMMY__ 0.8778369958615935 off 0.06295518494429349 neg 0.05920781919411298	false	0.5
entziehen	neg 1.0		__DUMMY__ 0.8783857650793858 off 0.060932749318166 neg 0.06068148560244824	false	0.5
finanzkrise	neg 1.0		__DUMMY__ 0.8659039075382376 neg 0.06776980753706822 off 0.06632628492469414	false	1.0
schimpfend	neg 1.0		__DUMMY__ 0.8749663971082705 off 0.06696562823786943 neg 0.05806797465386016	false	0.5
profan	neg 1.0		__DUMMY__ 0.8705072232801649 off 0.06900537131499397 neg 0.06048740540484114	false	0.5
korruption	neg 1.0		__DUMMY__ 0.8725780883435408 off 0.06492934363521177 neg 0.06249256802124748	false	0.5
â			__DUMMY__ 0.8754354970621762 off 0.06364433947792027 neg 0.06092016345990357	false	0.0
schmutzig	neg 1.0		__DUMMY__ 0.8673006689283705 off 0.07320133109271308 neg 0.059497999978916305	false	0.5
sexy	neg 1.0		__DUMMY__ 0.870592618128994 off 0.07052670825164756 neg 0.05888067361935841	false	0.5
abraten	neg 1.0		__DUMMY__ 0.8721473084799686 off 0.06845683214938969 neg 0.0593958593706417	false	0.5
schwarz	neg 1.0		__DUMMY__ 0.871463085019256 off 0.06894446378874751 neg 0.059592451191996514	false	0.5
fotze	off 1.0	off 1.0	off 0.5189476306568271 __DUMMY__ 0.435293228482452 neg 0.045759140860720936	false	1.0
verwirren	neg 1.0		__DUMMY__ 0.8711944294124213 off 0.06933628801537688 neg 0.05946928257220183	false	0.5
zahnlos	off 1.0		__DUMMY__ 0.8746519738708037 off 0.06543640496632487 neg 0.059911621162871326	false	1.0
verheeren	neg 1.0		__DUMMY__ 0.8581250537479793 off 0.08401957294195704 neg 0.05785537331006368	false	0.5
hippie	neg 1.0		__DUMMY__ 0.870121184136734 off 0.07026191047456906 neg 0.059616905388697045	false	0.5
rammen	neg 1.0		__DUMMY__ 0.8730401255215701 off 0.06666913554473708 neg 0.06029073893369284	false	0.5
unlauter	neg 1.0		__DUMMY__ 0.869984485547329 off 0.06882792060687791 neg 0.06118759384579311	false	0.5
unheilvoll	neg 1.0		__DUMMY__ 0.8713730192043494 off 0.06747192755607716 neg 0.06115505323957343	false	0.5
niedrig	neg 1.0		__DUMMY__ 0.8738483521832161 off 0.06343612743011046 neg 0.06271552038667341	false	0.5
explosion	neg 1.0		__DUMMY__ 0.8707259199946478 off 0.0700518752912807 neg 0.059222204714071656	false	0.5
weichei	off 1.0	off 1.0	off 0.5294145964729627 __DUMMY__ 0.42394808750124663 neg 0.046637316025790576	false	1.0
minusmensch	off 1.0		__DUMMY__ 0.85584976941252 off 0.0839485762138534 neg 0.06020165437362659	false	1.0
farblos	neg 1.0		__DUMMY__ 0.8723415368416721 off 0.06733605445858228 neg 0.06032240869974552	false	0.5
unwissend	neg 1.0	neg 1.0	neg 0.5159879283464183 __DUMMY__ 0.42967668364998174 off 0.0543353880035999	false	1.0
traurig	neg 1.0		__DUMMY__ 0.8659558382769389 off 0.07533418412523565 neg 0.05870997759782533	false	0.5
senkung	neg 1.0		__DUMMY__ 0.8663234804888094 off 0.06953289712896844 neg 0.06414362238222215	false	0.5
ungleich	neg 1.0	neg 1.0	neg 0.5162255250062191 __DUMMY__ 0.43563656764589914 off 0.0481379073478817	false	1.0
heikel	neg 1.0		__DUMMY__ 0.8772901847655568 off 0.062354123182467615 neg 0.060355692051975565	false	0.5
drosselung	neg 1.0		__DUMMY__ 0.8630222864076453 off 0.0730541418826826 neg 0.06392357170967197	false	0.5
falsch	neg 1.0		__DUMMY__ 0.8706156188488342 off 0.07073396427327126 neg 0.05865041687789459	false	0.5
unzufriedenheit	neg 1.0		__DUMMY__ 0.8750238667007111 neg 0.06275992183094682 off 0.06221621146834204	false	1.0
kurz	neg 1.0		__DUMMY__ 0.8771314725519841 off 0.06424604603335085 neg 0.058622481414665015	false	0.5
unsinnig	neg 1.0		__DUMMY__ 0.8720920114152058 off 0.06588364317650404 neg 0.062024345408290237	false	0.5
penner	off 1.0	off 1.0	off 0.5309427569162569 __DUMMY__ 0.4237270639421758 neg 0.04533017914156741	false	1.0
seicht	neg 1.0		__DUMMY__ 0.8562640912189061 off 0.08195650534690754 neg 0.06177940343418629	false	0.5
dummheit	off 1.0	off 1.0	off 0.5229649376508598 __DUMMY__ 0.4305638954331697 neg 0.04647116691597048	false	1.0
unerfreulich	neg 1.0		__DUMMY__ 0.8770625553987198 off 0.06195887086455732 neg 0.06097857373672288	false	0.5
motherfucker	off 1.0	off 1.0	off 0.5268035486188648 __DUMMY__ 0.42820095951181736 neg 0.044995491869317825	false	1.0
pikiert	neg 1.0		__DUMMY__ 0.8674581286105882 off 0.07225319821482644 neg 0.06028867317458523	false	0.5
wrack	neg 1.0		__DUMMY__ 0.8817323746905027 off 0.06420505417946565 neg 0.05406257113003155	false	0.5
gangster	neg 1.0		__DUMMY__ 0.8698772138235792 off 0.07043552329582427 neg 0.05968726288059659	false	0.5
krank	neg 1.0		__DUMMY__ 0.8688575452697846 off 0.07291434373137551 neg 0.0582281109988398	false	0.5
reich	neg 1.0		__DUMMY__ 0.8656479566524568 off 0.0707818426033494 neg 0.06357020074419382	false	0.5
gnadenlos	neg 1.0		__DUMMY__ 0.8732377569915915 off 0.06775066773951027 neg 0.0590115752688983	false	0.5
niedergeschlagen	neg 1.0		__DUMMY__ 0.878032150136883 off 0.06398548945100406 neg 0.057982360412112945	false	0.5
terrorisieren	off 1.0	off 1.0	off 0.5177644302485002 __DUMMY__ 0.4372860862251893 neg 0.04494948352631051	false	1.0
sinnlosigkeit	neg 1.0		__DUMMY__ 0.874860728274584 off 0.06487780548853439 neg 0.0602614662368815	false	0.5
behindern	neg 1.0		__DUMMY__ 0.8727110237204332 off 0.06625770824349489 neg 0.0610312680360719	false	0.5
undemokratisch	neg 1.0		__DUMMY__ 0.8698059981894065 off 0.06934766816136646 neg 0.060846333649226925	false	0.5
wirtschaftskrise	neg 1.0		__DUMMY__ 0.8710114829252564 off 0.06451062163189697 neg 0.06447789544284657	false	0.5
neid	neg 1.0		__DUMMY__ 0.8706485082663835 off 0.06985447341123897 neg 0.05949701832237748	false	0.5
rutschen	neg 1.0		__DUMMY__ 0.8833732521518958 neg 0.05954688550814183 off 0.05707986233996246	false	1.0
rezession	neg 1.0		__DUMMY__ 0.8590448148712053 off 0.07576012567412828 neg 0.06519505945466636	false	0.5
fehlgeburt	neg 1.0		__DUMMY__ 0.8755778647708079 off 0.06656074093494167 neg 0.057861394294250405	false	0.5
charakterschwach	off 1.0		__DUMMY__ 0.8666157972934881 off 0.07291406757848076 neg 0.06047013512803106	false	1.0
isolation	neg 1.0		__DUMMY__ 0.8714672147139111 off 0.07057673034328003 neg 0.0579560549428089	false	0.5
ablenkung	neg 1.0		__DUMMY__ 0.8747188364057855 off 0.06624979794761579 neg 0.05903136564659868	false	0.5
pech	neg 1.0		__DUMMY__ 0.8692964920810136 off 0.07058150702185503 neg 0.06012200089713144	false	0.5
vermeidung	neg 1.0		__DUMMY__ 0.8662529114127487 off 0.07291672874539631 neg 0.06083035984185492	false	0.5
dominieren	neg 1.0		__DUMMY__ 0.8751878846785514 off 0.0650965694180666 neg 0.05971554590338209	false	0.5
schwindlig	neg 1.0		__DUMMY__ 0.8711548046331907 off 0.06815672076968571 neg 0.06068847459712361	false	0.5
lutscher	neg 1.0	neg 1.0	neg 0.5168029073347509 __DUMMY__ 0.41989980608496635 off 0.0632972865802827	false	1.0
pflicht	neg 1.0		__DUMMY__ 0.8794524050589148 off 0.06111041761268292 neg 0.05943717732840241	false	0.5
faschist	off 1.0		__DUMMY__ 0.8709532675664399 off 0.07086828529331603 neg 0.05817844714024406	false	1.0
verschleudern	neg 1.0		__DUMMY__ 0.8719563489001193 neg 0.0648955874975241 off 0.06314806360235668	false	1.0
wenn			__DUMMY__ 0.8689448978385336 off 0.07157976545060289 neg 0.05947533671086355	false	0.0
ehebruch	neg 1.0		__DUMMY__ 0.8761737869707671 off 0.06402024142746664 neg 0.059805971601766324	false	0.5
spott	off 1.0		__DUMMY__ 0.8773847043217665 off 0.06387601426493614 neg 0.058739281413297414	false	1.0
trostlosigkeit	neg 1.0		__DUMMY__ 0.8756508844186992 neg 0.0634301905106351 off 0.060918925070665736	false	1.0
lutschen	neg 1.0		__DUMMY__ 0.8687651851384273 off 0.0708642483816797 neg 0.060370566479892994	false	0.5
undiszipliniert	neg 1.0		__DUMMY__ 0.8660940367377788 off 0.07453766141502137 neg 0.059368301847199864	false	0.5
kopfschmerz	neg 1.0		__DUMMY__ 0.8730639728613571 neg 0.06408782836581428 off 0.06284819877282861	false	1.0
unvorhergesehen	neg 1.0		__DUMMY__ 0.8808263921875218 off 0.06066479768661527 neg 0.05850881012586295	false	0.5
desinteressiert	neg 1.0		__DUMMY__ 0.8662967046784072 off 0.07400250516156048 neg 0.05970079016003221	false	0.5
armselig	off 1.0		__DUMMY__ 0.8651437789166302 off 0.07643573393293329 neg 0.05842048715043651	false	1.0
desaster	neg 1.0		__DUMMY__ 0.8779610526769982 neg 0.06148800772540621 off 0.06055093959759565	false	1.0
tod	neg 1.0		__DUMMY__ 0.8780192739270934 off 0.06258999866793363 neg 0.05939072740497291	false	0.5
herzlos	neg 1.0		__DUMMY__ 0.8653870569960068 off 0.07577170576469379 neg 0.05884123723929942	false	0.5
unwissenheit	neg 1.0		__DUMMY__ 0.8749667149288345 off 0.06453897581656923 neg 0.06049430925459625	false	0.5
widersinnig	neg 1.0		__DUMMY__ 0.870905541141604 off 0.06607219427262064 neg 0.06302226458577535	false	0.5
bedenklich	neg 1.0		__DUMMY__ 0.8746918528966116 off 0.06367326638793237 neg 0.061634880715456176	false	0.5
beanstanden	neg 1.0		__DUMMY__ 0.8799000888570125 off 0.061727564491792716 neg 0.058372346651194874	false	0.5
panisch	neg 1.0		__DUMMY__ 0.8734489986578967 off 0.0682687659736135 neg 0.05828223536848979	false	0.5
debil	off 1.0		__DUMMY__ 0.8836609518036006 neg 0.06143131247169907 off 0.054907735724700264	false	0.5
abstrich	neg 1.0		__DUMMY__ 0.8746360669152436 off 0.06412329884351166 neg 0.06124063424124474	false	0.5
primitiv	neg 1.0		__DUMMY__ 0.866700187577202 off 0.07425710137403735 neg 0.059042711048760715	false	0.5
abschaum	off 1.0	off 1.0	off 0.5251271842626742 __DUMMY__ 0.4310783800326385 neg 0.0437944357046872	false	1.0
provozieren	neg 1.0		__DUMMY__ 0.8723650827222099 off 0.06776836442440846 neg 0.05986655285338175	false	0.5
tot	neg 1.0		__DUMMY__ 0.8737882460841684 off 0.06394863170050408 neg 0.06226312221532751	false	0.5
instabil	neg 1.0		__DUMMY__ 0.8622696824488945 off 0.0765869652936027 neg 0.06114335225750279	false	0.5
schwuchtel	off 1.0	off 1.0	off 0.5367337560131819 __DUMMY__ 0.41739587441547765 neg 0.04587036957134046	false	1.0
zerren	neg 1.0		__DUMMY__ 0.876970112300271 off 0.06402818448284169 neg 0.05900170321688734	false	0.5
kinderficker	off 1.0		__DUMMY__ 0.8629224792375786 off 0.07881230066919039 neg 0.058265220093231075	false	1.0
gefahr	neg 1.0		__DUMMY__ 0.879840575976453 off 0.06156641268377085 neg 0.05859301133977618	false	0.5
rabiat	neg 1.0		__DUMMY__ 0.8736603700934082 off 0.06592573330223864 neg 0.060413896604353104	false	0.5
verlangsamung	neg 1.0		__DUMMY__ 0.8593284916703517 off 0.08054732572533026 neg 0.0601241826043179	false	0.5
ausgestorben	neg 1.0		__DUMMY__ 0.8749248692388665 off 0.06545379651582996 neg 0.05962133424530349	false	0.5
anklagen	neg 1.0		__DUMMY__ 0.8757077028688021 off 0.0652540401254213 neg 0.05903825700577657	false	0.5
trott	neg 1.0		__DUMMY__ 0.8734958422865816 off 0.0665201503695916 neg 0.059984007343826806	false	0.5
verminderung	neg 1.0		__DUMMY__ 0.8667348716259755 off 0.07293006112579396 neg 0.06033506724823053	false	0.5
nach			__DUMMY__ 0.8857803781843165 neg 0.058321078953653696 off 0.055898542862029776	false	0.0
rost	neg 1.0		__DUMMY__ 0.8629455119877052 off 0.08166768251423623 neg 0.055386805498058474	false	0.5
destruktiv	neg 1.0		__DUMMY__ 0.8726374669069664 off 0.06665032445799333 neg 0.0607122086350402	false	0.5
unzumutbarkeit	neg 1.0		__DUMMY__ 0.8669377941564982 off 0.07290995959467605 neg 0.06015224624882585	false	0.5
labil	off 1.0	off 1.0	off 0.5245421313131662 __DUMMY__ 0.429758293776574 neg 0.04569957491025979	false	1.0
ziemlich	neg 1.0		__DUMMY__ 0.8691130082962196 off 0.07240047273877695 neg 0.058486518965003405	false	0.5
lachnummer	off 1.0		__DUMMY__ 0.8741062271012919 off 0.06742709970067207 neg 0.058466673198035994	false	1.0
oder			__DUMMY__ 0.8743069324472149 off 0.06694720546386762 neg 0.05874586208891744	false	0.0
verfall	neg 1.0		__DUMMY__ 0.8781816334766475 neg 0.06343844583552777 off 0.058379920687824716	false	1.0
ausgrenzung	neg 1.0		__DUMMY__ 0.8694666241082196 off 0.06920900069793333 neg 0.06132437519384709	false	0.5
unordnung	neg 1.0		__DUMMY__ 0.8633829753133888 off 0.07689127623524336 neg 0.059725748451367834	false	0.5
fehlverhalten	neg 1.0		__DUMMY__ 0.8769729536930068 off 0.06288950821915965 neg 0.060137538087833675	false	0.5
eine			__DUMMY__ 0.8784288879980057 neg 0.0610172297159868 off 0.06055388228600749	false	0.0
nille	neg 1.0		__DUMMY__ 0.8732698169598154 off 0.06704755274414224 neg 0.05968263029604239	false	0.5
qual	neg 1.0		__DUMMY__ 0.8733591635810293 off 0.06620615539269346 neg 0.060434681026277366	false	0.5
verschwenden	neg 1.0		__DUMMY__ 0.8750611201335207 neg 0.06258179105464583 off 0.06235708881183354	false	1.0
riesig	neg 1.0		__DUMMY__ 0.8780003978740167 off 0.062491632126802615 neg 0.059507969999180746	false	0.5
verurteilen	neg 1.0		__DUMMY__ 0.8753424093134242 off 0.06510734298051668 neg 0.05955024770605908	false	0.5
klischee	neg 1.0	neg 1.0	neg 0.5163428770947188 __DUMMY__ 0.42992171647548366 off 0.05373540642979758	false	1.0
diktatorisch	neg 1.0		__DUMMY__ 0.8694950101141179 off 0.06947623017206898 neg 0.061028759713813094	false	0.5
vorhersehbar	neg 1.0		__DUMMY__ 0.8688319785883605 off 0.06998698558727817 neg 0.06118103582436134	false	0.5
sowie			__DUMMY__ 0.8609016075716671 off 0.07801022724031874 neg 0.0610881651880141	false	0.0
stornieren	neg 1.0		__DUMMY__ 0.8765302802766417 off 0.06938606525383959 neg 0.05408365446951872	false	0.5
besteuerung	neg 1.0	neg 1.0	neg 0.519922772341168 __DUMMY__ 0.42889141812984477 off 0.05118580952898736	false	1.0
ungeschminkt	neg 1.0		__DUMMY__ 0.8659977869539358 off 0.07381274736952659 neg 0.06018946567653762	false	0.5
kritisch	neg 1.0		__DUMMY__ 0.8752485036042292 off 0.06461765222540129 neg 0.06013384417036952	false	0.5
schlamperei	off 1.0		__DUMMY__ 0.8765101722476668 off 0.06326175512089688 neg 0.06022807263143631	false	1.0
sucht	neg 1.0	neg 1.0	neg 0.514653489738559 __DUMMY__ 0.4341489978933849 off 0.05119751236805621	false	1.0
egoistisch	off 1.0	off 1.0	off 0.5293444908736956 __DUMMY__ 0.42646850655982654 neg 0.04418700256647783	false	1.0
ausbeuter	off 1.0		__DUMMY__ 0.8747723788877986 off 0.06265252529433818 neg 0.06257509581786337	false	1.0
arschgeburt	off 1.0		__DUMMY__ 0.851149663085165 off 0.087999409485226 neg 0.060850927429609014	false	1.0
schubs	neg 1.0		__DUMMY__ 0.873985287497932 off 0.06303255570920412 neg 0.06298215679286388	false	0.5
unsolide	neg 1.0		__DUMMY__ 0.8711823110528584 off 0.0698148726608654 neg 0.05900281628627621	false	0.5
beschwerde	neg 1.0		__DUMMY__ 0.8760103520231572 off 0.06486669777360278 neg 0.05912295020323995	false	0.5
stocken	neg 1.0		__DUMMY__ 0.8756866670718357 off 0.06371825402330081 neg 0.06059507890486339	false	0.5
isolieren	neg 1.0		__DUMMY__ 0.8733775626044366 off 0.06476142265236884 neg 0.0618610147431946	false	0.5
unheilbar	neg 1.0		__DUMMY__ 0.8738346406339991 off 0.06696009181526362 neg 0.05920526755073729	false	0.5
pisser	off 1.0	off 1.0	off 0.5272996914859431 __DUMMY__ 0.42748064728516966 neg 0.04521966122888722	false	1.0
löschen	neg 1.0		__DUMMY__ 0.8723375776256466 off 0.06724149492516839 neg 0.060420927449184966	false	0.5
durchfallen	neg 1.0		__DUMMY__ 0.8759699529176275 off 0.06428483463476563 neg 0.059745212447606943	false	0.5
wichser	off 1.0	off 1.0	off 0.5334225590405327 __DUMMY__ 0.42129812072630585 neg 0.04527932023316134	false	1.0
terror	neg 1.0		__DUMMY__ 0.8705055489565745 off 0.06983199069056886 neg 0.05966246035285661	false	0.5
krass	neg 1.0		__DUMMY__ 0.8633681883960393 off 0.07715861038499712 neg 0.05947320121896361	false	0.5
revolte	neg 1.0		__DUMMY__ 0.8669259459861633 off 0.07087292484455372 neg 0.062201129169282936	false	0.5
besorgt	neg 1.0		__DUMMY__ 0.8777670556525126 off 0.06456661496805682 neg 0.05766632937943063	false	0.5
nachlassen	neg 1.0		__DUMMY__ 0.8772724727764248 off 0.06339894006441797 neg 0.059328587159157266	false	0.5
alt	neg 1.0		__DUMMY__ 0.8718145814762772 neg 0.065523901741903 off 0.0626615167818197	false	1.0
hundesohn	off 1.0	off 1.0	off 0.532796967537819 __DUMMY__ 0.42090909808383403 neg 0.04629393437834692	false	1.0
als			__DUMMY__ 0.8744762668941233 off 0.06465109913969119 neg 0.06087263396618549	false	0.0
abschreckung	neg 1.0		__DUMMY__ 0.8773393798297738 off 0.06208455913463081 neg 0.06057606103559528	false	0.5
unqualifiziert	neg 1.0		__DUMMY__ 0.8698011249713948 off 0.07144706494773996 neg 0.0587518100808652	false	0.5
abgewichst	off 1.0		__DUMMY__ 0.8743144115861088 off 0.06623752746421126 neg 0.05944806094967989	false	1.0
schwer	neg 1.0		__DUMMY__ 0.8740698219641336 off 0.06613316388996592 neg 0.05979701414590046	false	0.5
bedeutungslosigkeit	neg 1.0		__DUMMY__ 0.8767584118206613 off 0.06257843454995149 neg 0.060663153629387304	false	0.5
kapitulation	neg 1.0		__DUMMY__ 0.8733414251426497 off 0.06434526011523346 neg 0.06231331474211678	false	0.5
unscharf	neg 1.0		__DUMMY__ 0.8668374200361196 off 0.06828858317008382 neg 0.06487399679379656	false	0.5
schwinden	neg 1.0		__DUMMY__ 0.8741219008338691 neg 0.06332604568800788 off 0.062552053478123	false	1.0
versklavung	neg 1.0	neg 1.0	neg 0.5172928502687871 __DUMMY__ 0.4306054583392933 off 0.05210169139191962	false	1.0
schlecht	neg 1.0		__DUMMY__ 0.8697070269223717 off 0.07261105419880469 neg 0.057681918878823506	false	0.5
verhasst	neg 1.0		__DUMMY__ 0.8716369696678374 off 0.068493271838341 neg 0.05986975849382158	false	0.5
beschweren	neg 1.0		__DUMMY__ 0.8731593611572929 off 0.06867316145117631 neg 0.05816747739153082	false	0.5
scheiden	neg 1.0		__DUMMY__ 0.8735526528387576 off 0.06631615334066655 neg 0.06013119382057586	false	0.5
frustriert	neg 1.0		__DUMMY__ 0.8750504453098874 off 0.06534435517089915 neg 0.05960519951921337	false	0.5
schimmelig	neg 1.0		__DUMMY__ 0.8728762948786475 neg 0.06413259541851671 off 0.06299110970283585	false	1.0
fisch	neg 1.0		__DUMMY__ 0.8743914092341368 neg 0.06592254435032924 off 0.059686046415533996	false	1.0
schmuggel	neg 1.0		__DUMMY__ 0.8813644085196323 off 0.060708644238432787 neg 0.05792694724193486	false	0.5
auffallen	neg 1.0		__DUMMY__ 0.8717574882168156 off 0.06909148194733747 neg 0.059151029835846906	false	0.5
konkurrenz	neg 1.0		__DUMMY__ 0.8791452874075038 off 0.062132701448468365 neg 0.058722011144027815	false	0.5
teufelskreis	neg 1.0	neg 1.0	neg 0.5178701020417601 __DUMMY__ 0.43202486205228213 off 0.05010503590595774	false	1.0
aufschreien	neg 1.0		__DUMMY__ 0.869748935962013 off 0.0697938684712664 neg 0.06045719556672064	false	0.5
schuldner	neg 1.0		__DUMMY__ 0.8728723693911001 neg 0.06481229068806003 off 0.06231533992083978	false	1.0
missgeburt	off 1.0	off 1.0	off 0.5312543509882773 __DUMMY__ 0.4242526850548363 neg 0.044492963956886344	false	1.0
arbeitslos	neg 1.0		__DUMMY__ 0.8753887563535302 off 0.06425529614104682 neg 0.06035594750542299	false	0.5
befallen	neg 1.0		__DUMMY__ 0.8700905956339174 off 0.06580877859247591 neg 0.06410062577360669	false	0.5
miesepetrig	off 1.0	off 1.0	off 0.5241568471503 __DUMMY__ 0.4304238838277782 neg 0.045419269021921775	false	1.0
alarmieren	neg 1.0		__DUMMY__ 0.8700939758263727 off 0.07190032022210531 neg 0.0580057039515219	false	0.5
ungeduscht	off 1.0		__DUMMY__ 0.8682558123774421 off 0.07065144765292894 neg 0.06109273996962894	false	1.0
knappheit	neg 1.0		__DUMMY__ 0.8714343407506938 off 0.06452352186192377 neg 0.06404213738738238	false	0.5
schlange	neg 1.0		__DUMMY__ 0.8741797449940238 off 0.06684646903654609 neg 0.05897378596943013	false	0.5
harsch	neg 1.0		__DUMMY__ 0.8660363330716151 off 0.07674676555515962 neg 0.057216901373225354	false	0.5
lang	neg 1.0		__DUMMY__ 0.8720458359696611 off 0.0680358805747185 neg 0.05991828345562041	false	0.5
ziellos	neg 1.0		__DUMMY__ 0.8778467369886684 off 0.06247936033181984 neg 0.05967390267951173	false	0.5
selbstverliebt	neg 1.0		__DUMMY__ 0.8569256988440791 off 0.08483244473127725 neg 0.05824185642464365	false	0.5
beseitigen	neg 1.0		__DUMMY__ 0.8758148872978975 off 0.06645473883925676 neg 0.05773037386284589	false	0.5
dumm	off 1.0		__DUMMY__ 0.8612985808907405 off 0.07953623775812282 neg 0.05916518135113672	false	1.0
arbeitsloser	neg 1.0		__DUMMY__ 0.8808801527428126 off 0.06447159417066087 neg 0.054648253086526655	false	0.5
blitzen	neg 1.0		__DUMMY__ 0.8688211644559513 off 0.07081841902957642 neg 0.060360416514472395	false	0.5
hilflos	neg 1.0		__DUMMY__ 0.8752899491424285 off 0.06419194485762364 neg 0.06051810599994783	false	0.5
eklig	off 1.0		__DUMMY__ 0.8590350469717714 off 0.07990467876709269 neg 0.06106027426113595	false	1.0
begriff			__DUMMY__ 0.874033980540632 off 0.0663554019110268 neg 0.059610617548341266	false	0.0
hungersnot	neg 1.0		__DUMMY__ 0.8731389391495534 off 0.06459799785540819 neg 0.062263062995038324	false	0.5
ungesetzlich	neg 1.0		__DUMMY__ 0.8699521368493152 off 0.06960394652899417 neg 0.0604439166216906	false	0.5
verschwendung	neg 1.0		__DUMMY__ 0.8762963952462735 off 0.062407629396419306 neg 0.061295975357307166	false	0.5
schmerzvoll	neg 1.0		__DUMMY__ 0.870839110595074 off 0.06819991200256527 neg 0.06096097740236079	false	0.5
vorzeitig	neg 1.0		__DUMMY__ 0.8702774196252426 off 0.07194988050278585 neg 0.05777269987197161	false	0.5
unvollkommenheit	neg 1.0		__DUMMY__ 0.8742310543174889 off 0.0649283368390499 neg 0.06084060884346122	false	0.5
intervenieren	neg 1.0		__DUMMY__ 0.8733463015429046 neg 0.06339040590571264 off 0.0632632925513827	false	1.0
banause	off 1.0		__DUMMY__ 0.8549081126566828 off 0.0814913525948961 neg 0.06360053474842112	false	1.0
rebell	neg 1.0		__DUMMY__ 0.8760789191490783 neg 0.06574010561342539 off 0.05818097523749632	false	1.0
unlogisch	neg 1.0		__DUMMY__ 0.8648845421730827 off 0.07515107793892682 neg 0.05996437988799038	false	0.5
leiden	neg 1.0		__DUMMY__ 0.882007889778621 off 0.060736722272419476 neg 0.05725538794895966	false	0.5
abschaffung	neg 1.0		__DUMMY__ 0.8696494445160231 off 0.06793674633608224 neg 0.06241380914789464	false	0.5
sturz	neg 1.0		__DUMMY__ 0.87547989903951 off 0.06882374305519204 neg 0.05569635790529791	false	0.5
verkleinerung	neg 1.0		__DUMMY__ 0.8647355858731283 off 0.07117828011348419 neg 0.06408613401338759	false	0.5
schmarotzer	off 1.0		__DUMMY__ 0.8747213159473224 off 0.06523786177125968 neg 0.06004082228141788	false	1.0
bestrafung	neg 1.0	neg 1.0	neg 0.5150562574746901 __DUMMY__ 0.43389804920874747 off 0.05104569331656251	false	1.0
achtlos	neg 1.0		__DUMMY__ 0.8759813498478155 off 0.06523999770335401 neg 0.05877865244883054	false	0.5
ungeheuer	neg 1.0		__DUMMY__ 0.8706268272195266 off 0.06691599035138983 neg 0.0624571824290835	false	0.5
unaufrichtig	neg 1.0		__DUMMY__ 0.8699583311139865 off 0.07134514023053687 neg 0.05869652865547668	false	0.5
