unsolidarisch	neg 1.0		off 0.5195701762275615 neg 0.4735895945590838 __DUMMY__ 0.006840229213354515	false	0.5
nachteilig	neg 1.0		off 0.5180640928858814 neg 0.47501248271161134 __DUMMY__ 0.006923424402507335	false	0.5
skeptisch	neg 1.0		off 0.5164202395889042 neg 0.476653641383654 __DUMMY__ 0.006926119027441865	false	0.5
schrecklich	neg 1.0		off 0.5280328792189986 neg 0.46518929007083004 __DUMMY__ 0.006777830710171519	false	0.5
schlapp	neg 1.0	neg 1.0	neg 0.7184802754676123 off 0.27828695242683776 __DUMMY__ 0.0032327721055500007	false	1.0
abfall	neg 1.0		off 0.5152107855965173 neg 0.4778091836132781 __DUMMY__ 0.006980030790204565	false	0.5
widerspenstig	neg 1.0		off 0.5187498697771276 neg 0.4743875256167644 __DUMMY__ 0.006862604606108084	false	0.5
abrupt	neg 1.0		off 0.5143680759437413 neg 0.47872941456410234 __DUMMY__ 0.006902509492156185	false	0.5
unwirksam	neg 1.0		off 0.5160308869294752 neg 0.47717653476054755 __DUMMY__ 0.006792578309977201	false	0.5
angreifen	neg 1.0		off 0.516338405662523 neg 0.4767231449626715 __DUMMY__ 0.006938449374805424	false	0.5
inkonsistent	neg 1.0		off 0.5207401221116787 neg 0.4724446985985846 __DUMMY__ 0.00681517928973654	false	0.5
abrutschen	neg 1.0		off 0.5142631683850787 neg 0.4787640640631752 __DUMMY__ 0.006972767551746134	false	0.5
unsicher	neg 1.0		off 0.5210460292180222 neg 0.4720628450043804 __DUMMY__ 0.006891125777597244	false	0.5
bauernkind	off 1.0	off 1.0	off 0.748422423745494 neg 0.24841619147773722 __DUMMY__ 0.0031613847767688517	false	1.0
angreifer	neg 1.0		off 0.5266269848371432 neg 0.4664894631074816 __DUMMY__ 0.006883552055375269	false	0.5
trennen	neg 1.0		off 0.5166796249554967 neg 0.47637135386371016 __DUMMY__ 0.00694902118079308	false	0.5
schmutz	neg 1.0		off 0.5268978419478894 neg 0.46619649461087226 __DUMMY__ 0.00690566344123846	false	0.5
inkonsistenz	neg 1.0		off 0.5246797605478437 neg 0.4684959189989244 __DUMMY__ 0.0068243204532318505	false	0.5
erschreckend	neg 1.0		off 0.5197331087220766 neg 0.47338200082481185 __DUMMY__ 0.006884890453111538	false	0.5
ertrinken	neg 1.0		off 0.5145547409358974 neg 0.4785242213819897 __DUMMY__ 0.006921037682112875	false	0.5
pickelface	off 1.0		off 0.5204704857899901 neg 0.4726648893964495 __DUMMY__ 0.006864624813560407	false	1.0
seiner			off 0.5173374136688582 neg 0.47571755399252763 __DUMMY__ 0.006945032338614121	false	0.0
lauch	neg 1.0	neg 1.0	neg 0.7243783802143372 off 0.27231989896185194 __DUMMY__ 0.003301720823810799	false	1.0
unwichtig	neg 1.0		off 0.5246073941168146 neg 0.46856798361951524 __DUMMY__ 0.006824622263670176	false	0.5
steuerhinterziehung	neg 1.0		off 0.5189266837033238 neg 0.4742054940726826 __DUMMY__ 0.006867822223993703	false	0.5
schock	neg 1.0		off 0.5192302110347169 neg 0.47387123816259336 __DUMMY__ 0.006898550802689736	false	0.5
beule	neg 1.0		off 0.5253049478876527 neg 0.46791658835528704 __DUMMY__ 0.006778463757060196	false	0.5
vergelten	neg 1.0		off 0.5292122073048344 neg 0.4640142102411398 __DUMMY__ 0.006773582454025763	false	0.5
verdorbenheit	neg 1.0		off 0.5214625201851598 neg 0.47167359354223976 __DUMMY__ 0.006863886272600433	false	0.5
trauma	neg 1.0		off 0.5209063373077051 neg 0.4722430801850095 __DUMMY__ 0.0068505825072854585	false	0.5
sinnlos	neg 1.0		off 0.5221466851091109 neg 0.47099620620118127 __DUMMY__ 0.006857108689707868	false	0.5
fettsack	off 1.0	off 1.0	off 0.7497150983005887 neg 0.24711919905533436 __DUMMY__ 0.0031657026440769765	false	1.0
feige	off 1.0	off 1.0	off 0.748411933866029 neg 0.2483623413674516 __DUMMY__ 0.0032257247665194305	false	1.0
abdanken	neg 1.0		off 0.5215758158898156 neg 0.4715217823189602 __DUMMY__ 0.006902401791224258	false	0.5
wichtigtuer	off 1.0	off 1.0	off 0.7476916870908685 neg 0.24905255382540872 __DUMMY__ 0.0032557590837227085	false	1.0
misslingen	neg 1.0		off 0.5236915930262925 neg 0.4694158484610069 __DUMMY__ 0.006892558512700679	false	0.5
untreu	off 1.0		off 0.5255066146854885 neg 0.4676839092959811 __DUMMY__ 0.006809476018530468	false	1.0
missmutig	neg 1.0		off 0.5230598506590076 neg 0.470110218366134 __DUMMY__ 0.006829930974858317	false	0.5
hurenbock	off 1.0		off 0.5159699105047267 neg 0.4772330268941382 __DUMMY__ 0.006797062601135134	false	1.0
betrunken	neg 1.0		off 0.5268388872498837 neg 0.4663767097950357 __DUMMY__ 0.0067844029550805755	false	0.5
korrupt	off 1.0		off 0.5179737886430471 neg 0.47516166156004375 __DUMMY__ 0.006864549796909119	false	1.0
unmut	neg 1.0		off 0.5151909721332952 neg 0.4778599265133347 __DUMMY__ 0.006949101353370141	false	0.5
hackfresse	off 1.0		off 0.5314922113835963 neg 0.46178464683733805 __DUMMY__ 0.006723141779065739	false	1.0
aufblasen	neg 1.0		off 0.520566429687431 neg 0.4725630565611067 __DUMMY__ 0.0068705137514622015	false	0.5
gewaltsam	neg 1.0		off 0.5217708402076919 neg 0.47132525670290687 __DUMMY__ 0.006903903089401187	false	0.5
unbeliebtheit	neg 1.0		off 0.5257209409709231 neg 0.467469080969787 __DUMMY__ 0.00680997805928984	false	0.5
sturheit	neg 1.0		off 0.5211047501611115 neg 0.47198764289816003 __DUMMY__ 0.006907606940728541	false	0.5
kuh	neg 1.0		off 0.5153541186538368 neg 0.4779251694121271 __DUMMY__ 0.006720711934035964	false	0.5
erschrecken	neg 1.0		off 0.5238413196128369 neg 0.4693240895236826 __DUMMY__ 0.006834590863480513	false	0.5
opfer	neg 1.0		off 0.5203653275295256 neg 0.4726804506827252 __DUMMY__ 0.0069542217877491905	false	0.5
sinken	neg 1.0		off 0.5137256033055013 neg 0.47936086403574873 __DUMMY__ 0.006913532658749853	false	0.5
stinktier	neg 1.0		off 0.5248919746605663 neg 0.4684339569754912 __DUMMY__ 0.00667406836394243	false	0.5
tucke	off 1.0		off 0.5292648143524749 neg 0.46409692843334027 __DUMMY__ 0.00663825721418486	false	1.0
ein			off 0.5174583419767528 neg 0.47569124435712484 __DUMMY__ 0.006850413666122288	false	0.0
abstieg	neg 1.0		off 0.5218966791126091 neg 0.47115414412436646 __DUMMY__ 0.006949176763024458	false	0.5
missverstehen	neg 1.0		off 0.5230470409738428 neg 0.4701038375167096 __DUMMY__ 0.006849121509447689	false	0.5
ergebnislos	neg 1.0		off 0.5193488145310278 neg 0.47370563624969303 __DUMMY__ 0.0069455492192792645	false	0.5
unter			off 0.5123780361505351 neg 0.48058807127684355 __DUMMY__ 0.0070338925726212	false	0.0
manipulieren	neg 1.0		off 0.517540679763948 neg 0.475524623475965 __DUMMY__ 0.006934696760087014	false	0.5
unbewiesen	neg 1.0	neg 1.0	neg 0.7202059988047222 off 0.27653419598936096 __DUMMY__ 0.0032598052059167925	false	1.0
verschleppen	neg 1.0		off 0.5181807571023918 neg 0.47491589263569384 __DUMMY__ 0.0069033502619145065	false	0.5
weib	off 1.0		off 0.5312034368846665 neg 0.46212831831237566 __DUMMY__ 0.006668244802957652	false	1.0
opposition	neg 1.0		off 0.5205518660796864 neg 0.47261192349244824 __DUMMY__ 0.0068362104278654155	false	0.5
verkehrswidrig	neg 1.0		off 0.5310668022840497 neg 0.46214573682055937 __DUMMY__ 0.006787460895390855	false	0.5
inkorrekt	neg 1.0		off 0.5274907855024215 neg 0.46573581750733456 __DUMMY__ 0.0067733969902439425	false	0.5
vermeiden	neg 1.0		off 0.5138881829206615 neg 0.4791337082292446 __DUMMY__ 0.006978108850093754	false	0.5
abweichung	neg 1.0	neg 1.0	neg 0.7209021969397544 off 0.2758057128452278 __DUMMY__ 0.0032920902150177663	false	1.0
alkoholisiert	neg 1.0		off 0.5201798651086791 neg 0.4728362180644333 __DUMMY__ 0.006983916826887439	false	0.5
scheiss	off 1.0	off 1.0	off 0.7485216426535761 neg 0.24827044910850626 __DUMMY__ 0.0032079082379175418	false	1.0
herausforderung	neg 1.0		off 0.5183856481548805 neg 0.47471000674452124 __DUMMY__ 0.0069043451005980985	false	0.5
pervers	off 1.0		off 0.5341605637775119 neg 0.45918087811709773 __DUMMY__ 0.006658558105390427	false	1.0
wackelig	neg 1.0		off 0.5190401758532622 neg 0.47404354703284934 __DUMMY__ 0.0069162771138883555	false	0.5
verwickeln	neg 1.0		off 0.5225252947382443 neg 0.4706126875015594 __DUMMY__ 0.006862017760196525	false	0.5
vorwand	neg 1.0		off 0.5157831785722311 neg 0.47727796882632656 __DUMMY__ 0.0069388526014423	false	0.5
muschi	off 1.0		off 0.5205375746576356 neg 0.4725719580606176 __DUMMY__ 0.006890467281746651	false	1.0
entmutigung	neg 1.0		off 0.5198428661236446 neg 0.47335069113566547 __DUMMY__ 0.00680644274068993	false	0.5
unangemessen	neg 1.0		off 0.5201429273720983 neg 0.4729573142713644 __DUMMY__ 0.006899758356537275	false	0.5
unstetig	neg 1.0		off 0.5230541942459587 neg 0.47012681636941106 __DUMMY__ 0.006818989384630259	false	0.5
entmutigen	neg 1.0		off 0.5213141593835953 neg 0.4718182441445226 __DUMMY__ 0.006867596471882218	false	0.5
schwanz	neg 1.0		off 0.5177147875263542 neg 0.47539064492116717 __DUMMY__ 0.006894567552478566	false	0.5
verbot	neg 1.0		off 0.5181818245932746 neg 0.47494205443067583 __DUMMY__ 0.006876120976049734	false	0.5
leid	neg 1.0		off 0.5290251699143076 neg 0.4642215154278581 __DUMMY__ 0.006753314657834277	false	0.5
archaisch	neg 1.0		off 0.5182430096074999 neg 0.47487921192277527 __DUMMY__ 0.00687777846972474	false	0.5
gegen			off 0.5173589979546596 neg 0.47566955817081685 __DUMMY__ 0.00697144387452359	false	0.0
scheidung	neg 1.0		off 0.5407537265008403 neg 0.45256264117204364 __DUMMY__ 0.006683632327115929	false	0.5
einschlag	neg 1.0		off 0.5310093091116547 neg 0.4621753799262267 __DUMMY__ 0.0068153109621187325	false	0.5
m			off 0.5189367791405525 neg 0.4741594049800151 __DUMMY__ 0.006903815879432397	false	0.0
abgestanden	neg 1.0		off 0.514503514863699 neg 0.4787170276173207 __DUMMY__ 0.006779457518980186	false	0.5
schmierig	off 1.0		off 0.5283530069924198 neg 0.46489560216785475 __DUMMY__ 0.0067513908397255655	false	1.0
unpraktisch	neg 1.0		off 0.5221241892459751 neg 0.47100701998258965 __DUMMY__ 0.006868790771435068	false	0.5
wixxer	off 1.0		off 0.5328710712358902 neg 0.46049832847039146 __DUMMY__ 0.006630600293718499	false	1.0
bezeichnet			off 0.5216647564079709 neg 0.47144666380334205 __DUMMY__ 0.006888579788686995	false	0.0
jammerlappen	off 1.0		off 0.5248451556499637 neg 0.46833249390705417 __DUMMY__ 0.006822350442982133	false	1.0
farce	neg 1.0		off 0.5188638597678639 neg 0.4742872355895229 __DUMMY__ 0.0068489046426131635	false	0.5
zwecklos	neg 1.0		off 0.5183778348084286 neg 0.47472642784907315 __DUMMY__ 0.006895737342498159	false	0.5
turbulent	neg 1.0		off 0.5252401557575208 neg 0.46798545190675256 __DUMMY__ 0.006774392335726547	false	0.5
invasion	neg 1.0		off 0.5223725441410366 neg 0.4707841525488588 __DUMMY__ 0.006843303310104651	false	0.5
schuld	neg 1.0		off 0.5218471997109798 neg 0.4712835998749582 __DUMMY__ 0.006869200414061956	false	0.5
risiko	neg 1.0		off 0.5194817129554953 neg 0.47370733086951106 __DUMMY__ 0.006810956174993601	false	0.5
finster	neg 1.0		off 0.5177828676581391 neg 0.47537652145813264 __DUMMY__ 0.006840610883728226	false	0.5
geisteskrank	off 1.0		off 0.5268476124746065 neg 0.46635931252869317 __DUMMY__ 0.0067930749967002185	false	1.0
zusammenbrechen	neg 1.0		off 0.5182145841530232 neg 0.4748958967502002 __DUMMY__ 0.0068895190967764725	false	0.5
ausbeute	neg 1.0		off 0.5222234579616705 neg 0.4708482107541817 __DUMMY__ 0.006928331284147899	false	0.5
hinterhalt	neg 1.0		off 0.5183752955560276 neg 0.47474924985150063 __DUMMY__ 0.006875454592471793	false	0.5
kritik	neg 1.0		off 0.5186989643815859 neg 0.47444822443683476 __DUMMY__ 0.006852811181579314	false	0.5
einschrumpfen	neg 1.0		off 0.5228227455220125 neg 0.4703920518209922 __DUMMY__ 0.006785202656995175	false	0.5
riskant	neg 1.0		off 0.5159117539642393 neg 0.4771746021421919 __DUMMY__ 0.006913643893568994	false	0.5
frustrieren	neg 1.0		off 0.5164708905291944 neg 0.47662832750658235 __DUMMY__ 0.006900781964223156	false	0.5
groll	neg 1.0		off 0.520095274611317 neg 0.47298824022501984 __DUMMY__ 0.006916485163663157	false	0.5
gibt			off 0.5184619862628888 neg 0.47463425122543657 __DUMMY__ 0.006903762511674729	false	0.0
qualvoll	neg 1.0		off 0.5222331276226173 neg 0.4709137938973959 __DUMMY__ 0.006853078479986867	false	0.5
wackeln	neg 1.0		off 0.520347116552506 neg 0.47277185868226673 __DUMMY__ 0.0068810247652270765	false	0.5
klagen	neg 1.0		off 0.5152826101233802 neg 0.47779151495030303 __DUMMY__ 0.006925874926316776	false	0.5
bankrott	neg 1.0		off 0.5250079264038047 neg 0.46815521257689624 __DUMMY__ 0.006836861019299163	false	0.5
trauern	neg 1.0		off 0.5206010565680094 neg 0.47241776244884043 __DUMMY__ 0.006981180983150059	false	0.5
ablehnung	neg 1.0		off 0.518083178622991 neg 0.4750582064367447 __DUMMY__ 0.006858614940264383	false	0.5
stur	neg 1.0		off 0.5213111804153139 neg 0.47182826308043696 __DUMMY__ 0.0068605565042492815	false	0.5
aufruhr	neg 1.0	neg 1.0	neg 0.7202210980483905 off 0.2765072327202496 __DUMMY__ 0.003271669231359923	false	1.0
melancholie	neg 1.0		off 0.5142208813149411 neg 0.47888732764867087 __DUMMY__ 0.006891791036388083	false	0.5
ist			off 0.5217299994452496 neg 0.47141330245823887 __DUMMY__ 0.00685669809651165	false	0.0
torheit	neg 1.0		off 0.5213981077547202 neg 0.471742250276506 __DUMMY__ 0.006859641968773864	false	0.5
dreckskind	off 1.0		off 0.5312241253783067 neg 0.46208352038707556 __DUMMY__ 0.006692354234617872	false	1.0
umtauschen	neg 1.0		off 0.519700089286937 neg 0.4734217787560142 __DUMMY__ 0.0068781319570488985	false	0.5
zum			off 0.5179748719368764 neg 0.47498754343429683 __DUMMY__ 0.0070375846288267055	false	0.0
zersetzen	neg 1.0		off 0.5153256432607728 neg 0.4777673950393246 __DUMMY__ 0.006906961699902658	false	0.5
zur			off 0.514410963715677 neg 0.47860580804628816 __DUMMY__ 0.006983228238034734	false	0.0
frust	neg 1.0		off 0.5185258780703285 neg 0.4745742168643749 __DUMMY__ 0.006899905065296559	false	0.5
unerbittlichkeit	neg 1.0		off 0.5178120473769774 neg 0.4752617247458417 __DUMMY__ 0.0069262278771808385	false	0.5
zwei			off 0.5145896708174084 neg 0.478414563717295 __DUMMY__ 0.006995765465296744	false	0.0
unkorrekt	neg 1.0		off 0.526628726263888 neg 0.4665848039024401 __DUMMY__ 0.006786469833671715	false	0.5
hexe	off 1.0		off 0.521117198464285 neg 0.47211278710352883 __DUMMY__ 0.006770014432186206	false	1.0
lasch	neg 1.0		off 0.5246707368156025 neg 0.46849008664067293 __DUMMY__ 0.006839176543724448	false	0.5
rivale	neg 1.0		off 0.5280138974889851 neg 0.46521022253402866 __DUMMY__ 0.006775879976986264	false	0.5
mutlos	off 1.0	off 1.0	off 0.7446831452262126 neg 0.2520375877841974 __DUMMY__ 0.0032792669895900426	false	1.0
wirr	off 1.0		off 0.5275151800009535 neg 0.4657303734287868 __DUMMY__ 0.006754446570259715	false	1.0
jahr			off 0.5209628679039128 neg 0.47204478663274785 __DUMMY__ 0.006992345463339447	false	0.0
wird			off 0.5184382910773571 neg 0.4746459890506453 __DUMMY__ 0.006915719871997738	false	0.0
strafbar	neg 1.0		off 0.518072280289663 neg 0.474996068746899 __DUMMY__ 0.00693165096343804	false	0.5
erosion	neg 1.0		off 0.5210425601793518 neg 0.47207741862328984 __DUMMY__ 0.006880021197358496	false	0.5
eingehen	neg 1.0		off 0.5162874756714974 neg 0.47681045543276196 __DUMMY__ 0.006902068895740611	false	0.5
faul	off 1.0		off 0.5242674939233525 neg 0.46890155316654447 __DUMMY__ 0.006830952910102906	false	1.0
provisorium	neg 1.0		off 0.5131788823831266 neg 0.47977756905790325 __DUMMY__ 0.007043548558970215	false	0.5
schmerzen	neg 1.0		off 0.5184317097998878 neg 0.47469627763913036 __DUMMY__ 0.006872012560981962	false	0.5
schrumpfen	neg 1.0		off 0.5112472560064644 neg 0.48181990641700484 __DUMMY__ 0.00693283757653081	false	0.5
geistlos	off 1.0		off 0.5214255106647406 neg 0.47175650969709926 __DUMMY__ 0.00681797963816012	false	1.0
fehlkauf	neg 1.0		off 0.5217829338406675 neg 0.4713838956784336 __DUMMY__ 0.0068331704808988585	false	0.5
frustrierend	neg 1.0		off 0.5231882340956896 neg 0.46998465641828396 __DUMMY__ 0.006827109486026493	false	0.5
unzufrieden	neg 1.0		off 0.5185837738343098 neg 0.4745122206028848 __DUMMY__ 0.006904005562805567	false	0.5
verzweifeln	neg 1.0		off 0.519811767197237 neg 0.4732955756425731 __DUMMY__ 0.00689265716018981	false	0.5
verzweifelt	neg 1.0		off 0.5212386088685526 neg 0.47190268732000573 __DUMMY__ 0.006858703811441835	false	0.5
misstrauensantrag	neg 1.0		off 0.521657697368817 neg 0.4714992825124216 __DUMMY__ 0.0068430201187613905	false	0.5
abfallen	neg 1.0		off 0.5198141848308848 neg 0.4733227476196726 __DUMMY__ 0.006863067549442594	false	0.5
fucker	off 1.0		off 0.528033580088664 neg 0.46517326253360364 __DUMMY__ 0.006793157377732428	false	1.0
ungezogen	neg 1.0		off 0.5329912062745296 neg 0.4603147630577751 __DUMMY__ 0.006694030667695374	false	0.5
irrsinnig	neg 1.0	neg 1.0	neg 0.720660604077312 off 0.2760844294758387 __DUMMY__ 0.0032549664468492514	false	1.0
unfassbar	neg 1.0		off 0.5259814205892522 neg 0.4672006096406352 __DUMMY__ 0.006817969770112661	false	0.5
hart	neg 1.0		off 0.5208993373369671 neg 0.4723691280865662 __DUMMY__ 0.006731534576466425	false	0.5
widerlich	off 1.0		off 0.5257469679446735 neg 0.467452679185786 __DUMMY__ 0.006800352869540417	false	1.0
fatal	neg 1.0	neg 1.0	neg 0.72105196292928 off 0.27572163074221334 __DUMMY__ 0.003226406328506671	false	1.0
bruch	neg 1.0		off 0.5158641847823142 neg 0.4771701374578924 __DUMMY__ 0.0069656777597933124	false	0.5
aushungern	neg 1.0		off 0.5184537881169613 neg 0.47467042841659085 __DUMMY__ 0.006875783466447679	false	0.5
anspannung	neg 1.0		off 0.5153581812781423 neg 0.4776362931812488 __DUMMY__ 0.007005525540608906	false	0.5
von			off 0.5162657550322942 neg 0.47679539981819075 __DUMMY__ 0.006938845149514945	false	0.0
kraftlos	neg 1.0		off 0.5179084176316575 neg 0.4751874122619437 __DUMMY__ 0.006904170106398807	false	0.5
vom			off 0.5151789488701396 neg 0.4777581927519618 __DUMMY__ 0.007062858377898451	false	0.0
grenzdebil	off 1.0		off 0.5250837966317545 neg 0.4681201483683817 __DUMMY__ 0.0067960549998637146	false	1.0
vor			off 0.5154899755156893 neg 0.4775547867560446 __DUMMY__ 0.006955237728266011	false	0.0
unterwerfen	neg 1.0		off 0.518727526455655 neg 0.4743453060247366 __DUMMY__ 0.006927167519608487	false	0.5
versenkung	neg 1.0		off 0.518126307964684 neg 0.47494126462019803 __DUMMY__ 0.006932427415118037	false	0.5
entziehen	neg 1.0		off 0.5155624722723456 neg 0.4774993235115992 __DUMMY__ 0.006938204216055099	false	0.5
finanzkrise	neg 1.0		off 0.5142337471616726 neg 0.4789792782588982 __DUMMY__ 0.006786974579429329	false	0.5
schimpfend	neg 1.0		off 0.5224372854709559 neg 0.47067615113403694 __DUMMY__ 0.0068865633950071685	false	0.5
profan	neg 1.0		off 0.5218628205600071 neg 0.4712962125723051 __DUMMY__ 0.00684096686768784	false	0.5
korruption	neg 1.0		off 0.5170365370098751 neg 0.47609638151404626 __DUMMY__ 0.006867081476078597	false	0.5
â			off 0.5177148345984302 neg 0.47538562810950274 __DUMMY__ 0.006899537292067076	false	0.0
schmutzig	neg 1.0		off 0.5256649914496766 neg 0.4675334855524776 __DUMMY__ 0.006801522997845838	false	0.5
sexy	neg 1.0		off 0.5242024182382262 neg 0.46895539142611387 __DUMMY__ 0.00684219033565991	false	0.5
abraten	neg 1.0		off 0.5223591290367341 neg 0.4707810853068281 __DUMMY__ 0.006859785656437708	false	0.5
schwarz	neg 1.0		off 0.5224679948672587 neg 0.47067869830292486 __DUMMY__ 0.0068533068298164005	false	0.5
fotze	off 1.0	off 1.0	off 0.7451139619736984 neg 0.2516099125068742 __DUMMY__ 0.003276125519427425	false	1.0
verwirren	neg 1.0		off 0.5228207938541368 neg 0.4703290839866063 __DUMMY__ 0.006850122159256999	false	0.5
zahnlos	off 1.0		off 0.5194255320743658 neg 0.47368007783119237 __DUMMY__ 0.0068943900944417776	false	1.0
verheeren	neg 1.0		off 0.5345746690580438 neg 0.4587358381042762 __DUMMY__ 0.006689492837679973	false	0.5
hippie	neg 1.0		off 0.5233958125829622 neg 0.46976652760674414 __DUMMY__ 0.006837659810293642	false	0.5
rammen	neg 1.0		off 0.5205450556380786 neg 0.47259352511556557 __DUMMY__ 0.00686141924635571	false	0.5
unlauter	neg 1.0		off 0.5210019822271316 neg 0.47216552284787966 __DUMMY__ 0.0068324949249886965	false	0.5
unheilvoll	neg 1.0		off 0.5204394292620532 neg 0.4727146457929983 __DUMMY__ 0.006845924944948333	false	0.5
niedrig	neg 1.0		off 0.5159710069670759 neg 0.47715348576937044 __DUMMY__ 0.0068755072635537	false	0.5
explosion	neg 1.0		off 0.5236005019307909 neg 0.46955699101466575 __DUMMY__ 0.0068425070545433345	false	0.5
weichei	off 1.0	off 1.0	off 0.7501113913283523 neg 0.24670787201993105 __DUMMY__ 0.003180736651716726	false	1.0
minusmensch	off 1.0		off 0.532688724410585 neg 0.46064439173882615 __DUMMY__ 0.006666883850588867	false	1.0
farblos	neg 1.0		off 0.5210011236418041 neg 0.47214633222705765 __DUMMY__ 0.006852544131138362	false	0.5
unwissend	neg 1.0	neg 1.0	neg 0.7189853087560409 off 0.2777845811152811 __DUMMY__ 0.0032301101286778605	false	1.0
traurig	neg 1.0		off 0.5278733051358458 neg 0.46534150414845177 __DUMMY__ 0.006785190715702375	false	0.5
senkung	neg 1.0		off 0.5194966242860715 neg 0.4737157884379044 __DUMMY__ 0.006787587276024181	false	0.5
ungleich	neg 1.0	neg 1.0	neg 0.7224242527584155 off 0.27429501569811005 __DUMMY__ 0.0032807315434744567	false	1.0
heikel	neg 1.0		off 0.5169360489837562 neg 0.4761398043279964 __DUMMY__ 0.006924146688247403	false	0.5
drosselung	neg 1.0		off 0.5223897125860674 neg 0.470862603320458 __DUMMY__ 0.006747684093474659	false	0.5
falsch	neg 1.0		off 0.5245499648537763 neg 0.4686082967746348 __DUMMY__ 0.006841738371588903	false	0.5
unzufriedenheit	neg 1.0		off 0.5148716788193193 neg 0.4782289327303373 __DUMMY__ 0.006899388450343457	false	0.5
kurz	neg 1.0		off 0.5198949010193926 neg 0.47318627715452566 __DUMMY__ 0.006918821826081806	false	0.5
unsinnig	neg 1.0		off 0.5182360829008616 neg 0.47490034229007216 __DUMMY__ 0.006863574809066151	false	0.5
penner	off 1.0	off 1.0	off 0.7515023670926682 neg 0.24531798962000267 __DUMMY__ 0.0031796432873291832	false	1.0
seicht	neg 1.0		off 0.5303152394249845 neg 0.46301247339446466 __DUMMY__ 0.0066722871805509325	false	0.5
dummheit	off 1.0	off 1.0	off 0.7467433998496841 neg 0.2500179915519248 __DUMMY__ 0.003238608598391085	false	1.0
unerfreulich	neg 1.0		off 0.516220240668155 neg 0.4768589495547481 __DUMMY__ 0.006920809777096723	false	0.5
motherfucker	off 1.0	off 1.0	off 0.7494481885645614 neg 0.2473333617957008 __DUMMY__ 0.003218449639737734	false	1.0
pikiert	neg 1.0		off 0.5244026193735475 neg 0.4687921240437098 __DUMMY__ 0.006805256582742747	false	0.5
wrack	neg 1.0		off 0.5232094558774687 neg 0.46982732104452546 __DUMMY__ 0.006963223078005967	false	0.5
gangster	neg 1.0		off 0.523519339853025 neg 0.4696463604738543 __DUMMY__ 0.006834299673120866	false	0.5
krank	neg 1.0		off 0.5265958509404582 neg 0.4665873737191443 __DUMMY__ 0.006816775340397471	false	0.5
reich	neg 1.0		off 0.520929329957368 neg 0.4722939829354924 __DUMMY__ 0.0067766871071397216	false	0.5
gnadenlos	neg 1.0		off 0.5218898341901788 neg 0.47123370599118913 __DUMMY__ 0.0068764598186320915	false	0.5
niedergeschlagen	neg 1.0		off 0.5201386181774446 neg 0.4729311265748558 __DUMMY__ 0.006930255247699639	false	0.5
terrorisieren	off 1.0	off 1.0	off 0.7447859583389638 neg 0.25191892186508597 __DUMMY__ 0.003295119795950269	false	1.0
sinnlosigkeit	neg 1.0		off 0.51880137665295 neg 0.47430291004809355 __DUMMY__ 0.006895713298956456	false	0.5
behindern	neg 1.0		off 0.5195404595269056 neg 0.473592764678315 __DUMMY__ 0.006866775794779264	false	0.5
undemokratisch	neg 1.0		off 0.5214164615098703 neg 0.47174906089985985 __DUMMY__ 0.006834477590269725	false	0.5
wirtschaftskrise	neg 1.0		off 0.5152568567525644 neg 0.47789523148892527 __DUMMY__ 0.00684791175851034	false	0.5
neid	neg 1.0		off 0.5233775126085586 neg 0.46978355937507327 __DUMMY__ 0.006838928016368072	false	0.5
rutschen	neg 1.0		off 0.5139442605344559 neg 0.47906381682957677 __DUMMY__ 0.006991922635967346	false	0.5
rezession	neg 1.0		off 0.5231095422043334 neg 0.47018719424393507 __DUMMY__ 0.006703263551731484	false	0.5
fehlgeburt	neg 1.0		off 0.5222527606492652 neg 0.4708558980002573 __DUMMY__ 0.006891341350477598	false	0.5
charakterschwach	off 1.0		off 0.5246780580256056 neg 0.468526590419919 __DUMMY__ 0.006795351554475361	false	1.0
isolation	neg 1.0		off 0.5250263560545338 neg 0.4681231973913227 __DUMMY__ 0.00685044655414359	false	0.5
ablenkung	neg 1.0		off 0.5209084512290557 neg 0.472199762331849 __DUMMY__ 0.00689178643909531	false	0.5
pech	neg 1.0		off 0.5236185148068855 neg 0.46956134259590376 __DUMMY__ 0.006820142597210727	false	0.5
vermeidung	neg 1.0		off 0.5246224787540877 neg 0.46859090182682706 __DUMMY__ 0.006786619419085363	false	0.5
dominieren	neg 1.0		off 0.5193777569086739 neg 0.4737276971022684 __DUMMY__ 0.006894545989057588	false	0.5
schwindlig	neg 1.0		off 0.5214486568481748 neg 0.47170896722861616 __DUMMY__ 0.006842375923208977	false	0.5
lutscher	neg 1.0	neg 1.0	neg 0.714901238171461 off 0.2819517371579179 __DUMMY__ 0.00314702467062104	false	1.0
pflicht	neg 1.0		off 0.5166050771906111 neg 0.4764437584272581 __DUMMY__ 0.00695116438213069	false	0.5
faschist	off 1.0		off 0.5246266455165339 neg 0.46852644928541015 __DUMMY__ 0.006846905198056066	false	1.0
verschleudern	neg 1.0		off 0.5139793421535593 neg 0.4791621443207892 __DUMMY__ 0.006858513525651563	false	0.5
wenn			off 0.5244581417350103 neg 0.4687182097127164 __DUMMY__ 0.006823648552273267	false	0.0
ehebruch	neg 1.0		off 0.5184660387548775 neg 0.47462351733228897 __DUMMY__ 0.006910443912833495	false	0.5
spott	off 1.0		off 0.5191402729191351 neg 0.4739349061688104 __DUMMY__ 0.006924820912054424	false	1.0
trostlosigkeit	neg 1.0		off 0.5134826612380907 neg 0.4796129720646378 __DUMMY__ 0.006904366697271501	false	0.5
lutschen	neg 1.0		off 0.5233179499708572 neg 0.4698651278934163 __DUMMY__ 0.006816922135726435	false	0.5
undiszipliniert	neg 1.0		off 0.5268833952877352 neg 0.4663308346895808 __DUMMY__ 0.0067857700226841445	false	0.5
kopfschmerz	neg 1.0		off 0.5149480128160211 neg 0.47818657599358555 __DUMMY__ 0.006865411190393384	false	0.5
unvorhergesehen	neg 1.0		off 0.5174987066501454 neg 0.4755445914758215 __DUMMY__ 0.006956701874033126	false	0.5
desinteressiert	neg 1.0		off 0.5261690468291342 neg 0.4670409126684515 __DUMMY__ 0.006790040502414417	false	0.5
armselig	off 1.0		off 0.5287775174150856 neg 0.4644443199860709 __DUMMY__ 0.006778162598843482	false	1.0
desaster	neg 1.0		off 0.5145754915274385 neg 0.4784914629635648 __DUMMY__ 0.006933045508996778	false	0.5
tod	neg 1.0		off 0.5180722416353615 neg 0.47500532185090494 __DUMMY__ 0.00692243651373353	false	0.5
herzlos	neg 1.0		off 0.5280701110597978 neg 0.46515064439042675 __DUMMY__ 0.006779244549775243	false	0.5
unwissenheit	neg 1.0		off 0.5183710916391389 neg 0.4747327060752364 __DUMMY__ 0.006896202285624823	false	0.5
widersinnig	neg 1.0		off 0.5174483879479793 neg 0.47570266064500644 __DUMMY__ 0.00684895140701424	false	0.5
bedenklich	neg 1.0		off 0.5169276705912209 neg 0.4761778384740293 __DUMMY__ 0.006894490934749633	false	0.5
beanstanden	neg 1.0		off 0.5178758749810563 neg 0.4751690420803108 __DUMMY__ 0.006955082938632869	false	0.5
panisch	neg 1.0		off 0.5231291305679154 neg 0.4699982198126241 __DUMMY__ 0.0068726496194606605	false	0.5
debil	off 1.0		off 0.5110207905817798 neg 0.48198562749014867 __DUMMY__ 0.0069935819280713685	false	1.0
abstrich	neg 1.0		off 0.5184095477983791 neg 0.47471747095267236 __DUMMY__ 0.006872981248948488	false	0.5
primitiv	neg 1.0		off 0.5267506735031374 neg 0.46645323658238996 __DUMMY__ 0.006796089914472535	false	0.5
abschaum	off 1.0	off 1.0	off 0.7492095461281316 neg 0.2475481776751993 __DUMMY__ 0.0032422761966691437	false	1.0
provozieren	neg 1.0		off 0.5212943304453437 neg 0.47183950619908727 __DUMMY__ 0.006866163355568918	false	0.5
tot	neg 1.0		off 0.5170523231768056 neg 0.4760778760156413 __DUMMY__ 0.006869800807553154	false	0.5
instabil	neg 1.0		off 0.5267873893325598 neg 0.46647285992316034 __DUMMY__ 0.006739750744279866	false	0.5
schwuchtel	off 1.0	off 1.0	off 0.7540977242890261 neg 0.24277455421302668 __DUMMY__ 0.003127721497947139	false	1.0
zerren	neg 1.0		off 0.519254647750481 neg 0.4738255612536035 __DUMMY__ 0.006919790995915542	false	0.5
kinderficker	off 1.0		off 0.5306033400549627 neg 0.46264672685899133 __DUMMY__ 0.006749933086045859	false	1.0
gefahr	neg 1.0		off 0.5174808822762045 neg 0.47556643809499916 __DUMMY__ 0.006952679628796294	false	0.5
rabiat	neg 1.0		off 0.5196173098829283 neg 0.47350115092664924 __DUMMY__ 0.006881539190422491	false	0.5
verlangsamung	neg 1.0		off 0.530222793805423 neg 0.46307366468818084 __DUMMY__ 0.0067035415063963	false	0.5
ausgestorben	neg 1.0		off 0.5198301582368139 neg 0.4732744200751715 __DUMMY__ 0.006895421688014404	false	0.5
anklagen	neg 1.0		off 0.5199210033183935 neg 0.4731773183102435 __DUMMY__ 0.0069016783713629895	false	0.5
trott	neg 1.0		off 0.5204904061378165 neg 0.47263249846072214 __DUMMY__ 0.006877095401461337	false	0.5
verminderung	neg 1.0		off 0.5250765352199854 neg 0.4681318672017663 __DUMMY__ 0.006791597578248322	false	0.5
nach			off 0.5140296175970842 neg 0.4789482360782177 __DUMMY__ 0.00702214632469823	false	0.0
rost	neg 1.0		off 0.5348445514900317 neg 0.45841245647713114 __DUMMY__ 0.006742992032837184	false	0.5
destruktiv	neg 1.0		off 0.5197996416630164 neg 0.4733320522277977 __DUMMY__ 0.006868306109185983	false	0.5
unzumutbarkeit	neg 1.0		off 0.5249711424316329 neg 0.4682354455599436 __DUMMY__ 0.006793412008423578	false	0.5
labil	off 1.0	off 1.0	off 0.7479241237281379 neg 0.24884410401031354 __DUMMY__ 0.0032317722615485484	false	1.0
ziemlich	neg 1.0		off 0.5258592144641607 neg 0.46731783374326935 __DUMMY__ 0.006822951792569877	false	0.5
lachnummer	off 1.0		off 0.5219396240325108 neg 0.47117281426585594 __DUMMY__ 0.006887561701633188	false	1.0
oder			off 0.5217275535197601 neg 0.47138729140947877 __DUMMY__ 0.00688515507076108	false	0.0
verfall	neg 1.0		off 0.5116496828792112 neg 0.48141480784709645 __DUMMY__ 0.0069355092736923885	false	0.5
ausgrenzung	neg 1.0		off 0.5209937472837426 neg 0.47217655608914644 __DUMMY__ 0.006829696627111018	false	0.5
unordnung	neg 1.0		off 0.5281550820206128 neg 0.4650955411940318 __DUMMY__ 0.0067493767853553915	false	0.5
fehlverhalten	neg 1.0		off 0.5173244203954617 neg 0.47575410289155795 __DUMMY__ 0.006921476712980473	false	0.5
eine			off 0.5152375499895322 neg 0.4778244136596172 __DUMMY__ 0.006938036350850727	false	0.0
nille	neg 1.0		off 0.5208796565691433 neg 0.4722448461962974 __DUMMY__ 0.00687549723455933	false	0.5
qual	neg 1.0		off 0.5198968575885162 neg 0.47322730735956764 __DUMMY__ 0.006875835051916106	false	0.5
verschwenden	neg 1.0		off 0.5153731112854819 neg 0.47772970653326935 __DUMMY__ 0.0068971821812486254	false	0.5
riesig	neg 1.0		off 0.5179891752432332 neg 0.4750872960108147 __DUMMY__ 0.006923528745952136	false	0.5
verurteilen	neg 1.0		off 0.5193873566868202 neg 0.47371168659462337 __DUMMY__ 0.006900956718556328	false	0.5
klischee	neg 1.0	neg 1.0	neg 0.7195719613596895 off 0.27719461279450736 __DUMMY__ 0.003233425845803149	false	1.0
diktatorisch	neg 1.0		off 0.5213479417347914 neg 0.47182112502439627 __DUMMY__ 0.006830933240812384	false	0.5
vorhersehbar	neg 1.0		off 0.5219328754567446 neg 0.47124329884023103 __DUMMY__ 0.006823825703024259	false	0.5
sowie			off 0.5280388942133738 neg 0.4652357926271716 __DUMMY__ 0.006725313159454655	false	0.0
stornieren	neg 1.0		off 0.5268351210141621 neg 0.4662599063674215 __DUMMY__ 0.00690497261841649	false	0.5
besteuerung	neg 1.0	neg 1.0	neg 0.7227021457796039 off 0.27407581500693934 __DUMMY__ 0.0032220392134567274	false	1.0
ungeschminkt	neg 1.0		off 0.5259436951983673 neg 0.467275958607138 __DUMMY__ 0.006780346194494852	false	0.5
kritisch	neg 1.0		off 0.5185950695256513 neg 0.47450383396826895 __DUMMY__ 0.006901096506079752	false	0.5
schlamperei	off 1.0		off 0.5174935611590111 neg 0.47559341706894215 __DUMMY__ 0.006913021772046854	false	1.0
sucht	neg 1.0	neg 1.0	neg 0.7198113230391705 off 0.2769265667025405 __DUMMY__ 0.0032621102582889978	false	1.0
egoistisch	off 1.0	off 1.0	off 0.7512955559112015 neg 0.24550220192619052 __DUMMY__ 0.003202242162607938	false	1.0
ausbeuter	off 1.0		off 0.5153288981809697 neg 0.47777554012829715 __DUMMY__ 0.006895561690733159	false	1.0
arschgeburt	off 1.0		off 0.5352030394296522 neg 0.45818563660889366 __DUMMY__ 0.006611323961454041	false	1.0
schubs	neg 1.0		off 0.5160341462379932 neg 0.47709042262977264 __DUMMY__ 0.0068754311322342665	false	0.5
unsolide	neg 1.0		off 0.5232030706104841 neg 0.4699500707659461 __DUMMY__ 0.006846858623569906	false	0.5
beschwerde	neg 1.0		off 0.5195065796171758 neg 0.47358725427978254 __DUMMY__ 0.0069061661030415345	false	0.5
stocken	neg 1.0		off 0.5175565899040607 neg 0.47554103514635265 __DUMMY__ 0.006902374949586469	false	0.5
isolieren	neg 1.0		off 0.5173380157286929 neg 0.4757877777273536 __DUMMY__ 0.006874206543953493	false	0.5
unheilbar	neg 1.0		off 0.5210546219198491 neg 0.4720636993329265 __DUMMY__ 0.006881678747224413	false	0.5
pisser	off 1.0	off 1.0	off 0.7496798742690627 neg 0.24711007185422335 __DUMMY__ 0.003210053876714069	false	1.0
löschen	neg 1.0		off 0.5205817390260211 neg 0.4725545215507067 __DUMMY__ 0.006863739423272119	false	0.5
durchfallen	neg 1.0		off 0.5188095838206573 neg 0.47428219987689635 __DUMMY__ 0.006908216302446356	false	0.5
wichser	off 1.0	off 1.0	off 0.7527827754404007 neg 0.24405760883679609 __DUMMY__ 0.003159615722803147	false	1.0
terror	neg 1.0		off 0.5232069110363688 neg 0.46995463336986115 __DUMMY__ 0.006838455593769936	false	0.5
krass	neg 1.0		off 0.5288754381255236 neg 0.464374613032598 __DUMMY__ 0.006749948841878386	false	0.5
revolte	neg 1.0		off 0.521593584555483 neg 0.47160634620543196 __DUMMY__ 0.0068000692390851455	false	0.5
besorgt	neg 1.0		off 0.520625255616792 neg 0.47244740726798484 __DUMMY__ 0.006927337115223194	false	0.5
nachlassen	neg 1.0		off 0.5185919210594482 neg 0.47448967917550844 __DUMMY__ 0.00691839976504346	false	0.5
alt	neg 1.0		off 0.5138780527993253 neg 0.47927323820990886 __DUMMY__ 0.0068487089907658194	false	0.5
hundesohn	off 1.0	off 1.0	off 0.7517679196602596 neg 0.2450744852687957 __DUMMY__ 0.003157595070944757	false	1.0
als			off 0.5183018623942226 neg 0.4748075038755337 __DUMMY__ 0.0068906337302436374	false	0.0
abschreckung	neg 1.0		off 0.5163550363192464 neg 0.47671976117793396 __DUMMY__ 0.006925202502819591	false	0.5
unqualifiziert	neg 1.0		off 0.524738076701463 neg 0.4684276115186575 __DUMMY__ 0.006834311779879429	false	0.5
abgewichst	off 1.0		off 0.5205924585661001 neg 0.4725214534563816 __DUMMY__ 0.006886087977518192	false	1.0
schwer	neg 1.0		off 0.5202083201486962 neg 0.47290512367874865 __DUMMY__ 0.006886556172555156	false	0.5
bedeutungslosigkeit	neg 1.0		off 0.5167026358395932 neg 0.47637826492661073 __DUMMY__ 0.006919099233796143	false	0.5
kapitulation	neg 1.0		off 0.5167027238184269 neg 0.476419843764737 __DUMMY__ 0.006877432416836252	false	0.5
unscharf	neg 1.0		off 0.5185978272582972 neg 0.4746121894836665 __DUMMY__ 0.006789983258036344	false	0.5
schwinden	neg 1.0		off 0.5146090028586248 neg 0.47850566272781553 __DUMMY__ 0.0068853344135596465	false	0.5
versklavung	neg 1.0	neg 1.0	neg 0.7210446332357081 off 0.27571651455207763 __DUMMY__ 0.0032388522122142158	false	1.0
schlecht	neg 1.0		off 0.526559642732221 neg 0.466609502750901 __DUMMY__ 0.006830854516877902	false	0.5
verhasst	neg 1.0		off 0.5217994483500958 neg 0.47134331095629894 __DUMMY__ 0.006857240693605214	false	0.5
beschweren	neg 1.0		off 0.5232708799893746 neg 0.4698550029249164 __DUMMY__ 0.006874117085709014	false	0.5
scheiden	neg 1.0		off 0.5203319084072027 neg 0.4727980979390895 __DUMMY__ 0.0068699936537080395	false	0.5
frustriert	neg 1.0		off 0.519695702952245 neg 0.4734062585937019 __DUMMY__ 0.006898038454053227	false	0.5
schimmelig	neg 1.0		off 0.515252992671345 neg 0.47788768225947126 __DUMMY__ 0.006859325069183869	false	0.5
fisch	neg 1.0		off 0.5115048695122184 neg 0.48161970580402913 __DUMMY__ 0.006875424683752496	false	0.5
schmuggel	neg 1.0		off 0.5175353986477538 neg 0.47549699776848814 __DUMMY__ 0.006967603583758011	false	0.5
auffallen	neg 1.0		off 0.5228731300504038 neg 0.4702702101728862 __DUMMY__ 0.006856659776710053	false	0.5
konkurrenz	neg 1.0		off 0.5177179579695309 neg 0.47533603573732 __DUMMY__ 0.006946006293149197	false	0.5
teufelskreis	neg 1.0	neg 1.0	neg 0.7222762949560414 off 0.27447173561689586 __DUMMY__ 0.003251969427062713	false	1.0
aufschreien	neg 1.0		off 0.5223969242965956 neg 0.47076892521308017 __DUMMY__ 0.006834150490324161	false	0.5
schuldner	neg 1.0		off 0.5134212343636155 neg 0.4797082994472401 __DUMMY__ 0.0068704661891443785	false	0.5
missgeburt	off 1.0	off 1.0	off 0.7520912248361933 neg 0.2447260802774389 __DUMMY__ 0.003182694886367864	false	1.0
arbeitslos	neg 1.0		off 0.5182923084569602 neg 0.4748045105532094 __DUMMY__ 0.006903180989830571	false	0.5
befallen	neg 1.0		off 0.5165042529020181 neg 0.47665954559066925 __DUMMY__ 0.0068362015073126165	false	0.5
miesepetrig	off 1.0	off 1.0	off 0.7481268245042813 neg 0.2486395793436484 __DUMMY__ 0.0032335961520702987	false	1.0
alarmieren	neg 1.0		off 0.5254309413027177 neg 0.4677342885894241 __DUMMY__ 0.00683477010785812	false	0.5
ungeduscht	off 1.0		off 0.5230894275815257 neg 0.4701046635337532 __DUMMY__ 0.00680590888472115	false	1.0
knappheit	neg 1.0		off 0.5155871606276432 neg 0.47756204406314096 __DUMMY__ 0.006850795309215822	false	0.5
schlange	neg 1.0		off 0.5215040143653356 neg 0.4716122785357697 __DUMMY__ 0.006883707098894731	false	0.5
harsch	neg 1.0		off 0.529964585556443 neg 0.463252226663257 __DUMMY__ 0.0067831877803001825	false	0.5
lang	neg 1.0		off 0.5215448767850744 neg 0.47159442743999663 __DUMMY__ 0.006860695774928873	false	0.5
ziellos	neg 1.0		off 0.5176069660932144 neg 0.4754632289250267 __DUMMY__ 0.006929804981758965	false	0.5
selbstverliebt	neg 1.0		off 0.5350913431771287 neg 0.4582309463852351 __DUMMY__ 0.0066777104376362605	false	0.5
beseitigen	neg 1.0		off 0.5218122047389094 neg 0.47128917000967413 __DUMMY__ 0.006898625251416513	false	0.5
dumm	off 1.0		off 0.5306433938113173 neg 0.4626269900807949 __DUMMY__ 0.006729616107887808	false	1.0
arbeitsloser	neg 1.0		off 0.522562352891613 neg 0.4704720553138881 __DUMMY__ 0.006965591794498821	false	0.5
blitzen	neg 1.0		off 0.5232484618016925 neg 0.469929916292076 __DUMMY__ 0.006821621906231576	false	0.5
hilflos	neg 1.0		off 0.5182873381273485 neg 0.47481282111482753 __DUMMY__ 0.006899840757824013	false	0.5
eklig	off 1.0		off 0.5295599259663462 neg 0.4637389267172693 __DUMMY__ 0.00670114731638457	false	1.0
begriff			off 0.5204089790543031 neg 0.4727063638396094 __DUMMY__ 0.006884657106087506	false	0.0
hungersnot	neg 1.0		off 0.5170006385270256 neg 0.4761289708722567 __DUMMY__ 0.0068703906007176185	false	0.5
ungesetzlich	neg 1.0		off 0.5217636724369202 neg 0.4713987675612873 __DUMMY__ 0.0068375600017924745	false	0.5
verschwendung	neg 1.0		off 0.5162680730959855 neg 0.47681887687666136 __DUMMY__ 0.006913050027353163	false	0.5
schmerzvoll	neg 1.0		off 0.5208748959730382 neg 0.4722785788671493 __DUMMY__ 0.006846525159812615	false	0.5
vorzeitig	neg 1.0		off 0.525939239641218 neg 0.467226745085548 __DUMMY__ 0.006834015273234026	false	0.5
unvollkommenheit	neg 1.0		off 0.5185711509135584 neg 0.4745476413037591 __DUMMY__ 0.006881207782682499	false	0.5
intervenieren	neg 1.0		off 0.5151266206971512 neg 0.47799478588451694 __DUMMY__ 0.006878593418331985	false	0.5
banause	off 1.0		off 0.5288370252498307 neg 0.4645103287253464 __DUMMY__ 0.006652646024823071	false	1.0
rebell	neg 1.0		off 0.5102763623927149 neg 0.48282109319786715 __DUMMY__ 0.006902544409418108	false	0.5
unlogisch	neg 1.0		off 0.5268289092273771 neg 0.46639810741183274 __DUMMY__ 0.006772983360790098	false	0.5
leiden	neg 1.0		off 0.5184026293805409 neg 0.47462629729158345 __DUMMY__ 0.006971073327875405	false	0.5
abschaffung	neg 1.0		off 0.5193965096726985 neg 0.47377368303987527 __DUMMY__ 0.0068298072874263625	false	0.5
sturz	neg 1.0		off 0.5251571535581148 neg 0.4679458982092755 __DUMMY__ 0.006896948232609941	false	0.5
verkleinerung	neg 1.0		off 0.520510983447366 neg 0.472717276262366 __DUMMY__ 0.006771740290268074	false	0.5
schmarotzer	off 1.0		off 0.5191873634311329 neg 0.47391839767364463 __DUMMY__ 0.00689423889522234	false	1.0
bestrafung	neg 1.0	neg 1.0	neg 0.7202585476790909 off 0.27647538252613074 __DUMMY__ 0.0032660697947784	false	1.0
achtlos	neg 1.0		off 0.520330328742931 neg 0.4727630669983229 __DUMMY__ 0.006906604258746067	false	0.5
