unsolidarisch	neg 1.0		__DUMMY__ 0.8701884413775708 off 0.06788084504380142 neg 0.06193071357862776	false	0.5
nachteilig	neg 1.0		__DUMMY__ 0.8775183980312314 off 0.06301860567835162 neg 0.05946299629041693	false	0.5
skeptisch	neg 1.0		__DUMMY__ 0.8774122007853344 off 0.06195638571672561 neg 0.060631413497939976	false	0.5
schrecklich	neg 1.0		__DUMMY__ 0.8653983044816109 off 0.07570392582804812 neg 0.05889776969034102	false	0.5
schlapp	neg 1.0	neg 1.0	neg 0.5152856373929102 __DUMMY__ 0.4303174873566258 off 0.05439687525046396	false	1.0
abfall	neg 1.0		__DUMMY__ 0.88217296421604 neg 0.05902045916134451 off 0.058806576622615445	false	1.0
widerspenstig	neg 1.0		__DUMMY__ 0.8725457971370743 off 0.06573651798667908 neg 0.06171768487624669	false	0.5
abrupt	neg 1.0		__DUMMY__ 0.8760237480795726 neg 0.0628540662448522 off 0.0611221856755753	false	1.0
unwirksam	neg 1.0		__DUMMY__ 0.8665585617749734 off 0.0670919396201952 neg 0.06634949860483147	false	0.5
angreifen	neg 1.0		__DUMMY__ 0.8783469143581252 off 0.06146938854391861 neg 0.06018369709795624	false	0.5
inkonsistent	neg 1.0		__DUMMY__ 0.8687320150013519 off 0.06901489467631225 neg 0.06225309032233589	false	0.5
abrutschen	neg 1.0		__DUMMY__ 0.8813995189016264 neg 0.06012092284258835 off 0.05847955825578533	false	1.0
unsicher	neg 1.0		__DUMMY__ 0.874532435042517 off 0.06648267088671785 neg 0.05898489407076511	false	0.5
bauernkind	off 1.0	off 1.0	off 0.5287497701039328 __DUMMY__ 0.42183156821304185 neg 0.049418661683025424	false	1.0
angreifer	neg 1.0		__DUMMY__ 0.8743245229322343 off 0.07048151135938516 neg 0.05519396570838051	false	0.5
trennen	neg 1.0		__DUMMY__ 0.8794633936679582 off 0.06097718840655722 neg 0.05955941792548447	false	0.5
schmutz	neg 1.0		__DUMMY__ 0.8769076916733385 off 0.06926179784174973 neg 0.053830510484911796	false	0.5
inkonsistenz	neg 1.0		__DUMMY__ 0.8691728294547054 off 0.07164451427875579 neg 0.05918265626653883	false	0.5
erschreckend	neg 1.0		__DUMMY__ 0.873895489238097 off 0.06597942356782457 neg 0.06012508719407844	false	0.5
ertrinken	neg 1.0		__DUMMY__ 0.8770570468634884 neg 0.062122509828454235 off 0.06082044330805748	false	1.0
pickelface	off 1.0		__DUMMY__ 0.8725711908535138 off 0.06704923974670579 neg 0.060379569399780376	false	1.0
seiner			__DUMMY__ 0.8790116225377392 off 0.06170925994879663 neg 0.059279117513464104	false	0.0
lauch	neg 1.0	neg 1.0	neg 0.5169524159864739 __DUMMY__ 0.4384611700498724 off 0.04458641396365367	false	1.0
unwichtig	neg 1.0		__DUMMY__ 0.8690831256507368 off 0.07158523427521633 neg 0.05933164007404684	false	0.5
steuerhinterziehung	neg 1.0		__DUMMY__ 0.8727875733472811 off 0.0661080630836271 neg 0.06110436356909174	false	0.5
schock	neg 1.0		__DUMMY__ 0.8752180784558498 off 0.06483409543573519 neg 0.05994782610841503	false	0.5
beule	neg 1.0		__DUMMY__ 0.8658374177356943 off 0.0735249322796777 neg 0.060637649984627943	false	0.5
vergelten	neg 1.0		__DUMMY__ 0.8652201740099986 off 0.07682135500920594 neg 0.057958470980795436	false	0.5
verdorbenheit	neg 1.0		__DUMMY__ 0.8728852528637143 off 0.06732907453647209 neg 0.05978567259981369	false	0.5
trauma	neg 1.0		__DUMMY__ 0.8711881321338996 off 0.06802113825302984 neg 0.060790729613070645	false	0.5
sinnlos	neg 1.0		__DUMMY__ 0.8717330409406747 off 0.06863356170074265 neg 0.059633397358582634	false	0.5
fettsack	off 1.0	off 1.0	off 0.5298867224659161 __DUMMY__ 0.42220691190530785 neg 0.04790636562877593	false	1.0
feige	off 1.0	off 1.0	off 0.5253585173666835 __DUMMY__ 0.4290325678246736 neg 0.0456089148086429	false	1.0
abdanken	neg 1.0		__DUMMY__ 0.8756018033658782 off 0.06649370444637134 neg 0.05790449218775039	false	0.5
wichtigtuer	off 1.0	off 1.0	off 0.5228119378579845 __DUMMY__ 0.4326923413076669 neg 0.04449572083434854	false	1.0
misslingen	neg 1.0		__DUMMY__ 0.8754232927777292 off 0.06774567433561186 neg 0.056831032886658854	false	0.5
untreu	off 1.0		__DUMMY__ 0.867795102546158 off 0.07284541398858743 neg 0.059359483465254596	false	1.0
missmutig	neg 1.0		__DUMMY__ 0.8697130928641295 off 0.0701894136552024 neg 0.06009749348066803	false	0.5
hurenbock	off 1.0		__DUMMY__ 0.8673641093694785 off 0.06645575983647115 neg 0.06618013079405037	false	1.0
betrunken	neg 1.0		__DUMMY__ 0.8660396626564799 off 0.074521788926568 neg 0.05943854841695215	false	0.5
korrupt	off 1.0		__DUMMY__ 0.8722069552586924 off 0.06576605984978003 neg 0.06202698489152751	false	1.0
unmut	neg 1.0		__DUMMY__ 0.8793124752671806 neg 0.0604453951181015 off 0.06024212961471789	false	1.0
hackfresse	off 1.0		__DUMMY__ 0.8608997109368953 off 0.08028559855161498 neg 0.05881469051148967	false	1.0
aufblasen	neg 1.0		__DUMMY__ 0.87312896566405 off 0.06675324215197694 neg 0.06011779218397308	false	0.5
gewaltsam	neg 1.0		__DUMMY__ 0.8760203351977867 off 0.06626656385558538 neg 0.0577131009466279	false	0.5
unbeliebtheit	neg 1.0		__DUMMY__ 0.8682812245332985 off 0.0729409209068733 neg 0.05877785455982822	false	0.5
sturheit	neg 1.0		__DUMMY__ 0.8759100387020048 off 0.06598568949402032 neg 0.058104271803974816	false	0.5
kuh	neg 1.0		__DUMMY__ 0.8608278215994312 neg 0.06991445639576853 off 0.06925772200480018	false	1.0
erschrecken	neg 1.0		__DUMMY__ 0.869965733539364 off 0.07062641889824316 neg 0.05940784756239281	false	0.5
opfer	neg 1.0		__DUMMY__ 0.879921270039766 off 0.06335532382735691 neg 0.05672340613287727	false	0.5
sinken	neg 1.0		__DUMMY__ 0.8766766391750583 neg 0.06273027172624412 off 0.06059308909869745	false	1.0
stinktier	neg 1.0		__DUMMY__ 0.8566928867996749 off 0.07796413533015549 neg 0.0653429778701696	false	0.5
tucke	off 1.0		__DUMMY__ 0.8539124392738432 off 0.08224566096809152 neg 0.06384189975806519	false	1.0
ein			__DUMMY__ 0.8714446797276002 off 0.06543716916726901 neg 0.06311815110513082	false	0.0
abstieg	neg 1.0		__DUMMY__ 0.8798022213252185 off 0.06455925438095013 neg 0.0556385242938314	false	0.5
missverstehen	neg 1.0		__DUMMY__ 0.8710794591378801 off 0.06958868647613056 neg 0.05933185438598934	false	0.5
ergebnislos	neg 1.0		__DUMMY__ 0.8794170505975561 off 0.06301930889392596 neg 0.05756364050851798	false	0.5
unter			__DUMMY__ 0.8867123152475748 neg 0.05885445536983937 off 0.054433229382585845	false	0.0
manipulieren	neg 1.0		__DUMMY__ 0.8782476672556533 off 0.06241494189599651 neg 0.059337390848350165	false	0.5
unbewiesen	neg 1.0	neg 1.0	neg 0.515212784238606 __DUMMY__ 0.43311305711658227 off 0.051674158644811875	false	1.0
verschleppen	neg 1.0		__DUMMY__ 0.8758027172626425 off 0.06410096551836042 neg 0.06009631721899705	false	0.5
weib	off 1.0		__DUMMY__ 0.8562547807371172 off 0.08250843918749357 neg 0.06123678007538915	false	1.0
opposition	neg 1.0		__DUMMY__ 0.8704391286820982 off 0.06810112154922741 neg 0.06145974976867445	false	0.5
verkehrswidrig	neg 1.0		__DUMMY__ 0.8668025794133187 off 0.07694555549327897 neg 0.05625186509340236	false	0.5
inkorrekt	neg 1.0		__DUMMY__ 0.8647926229599169 off 0.0758221686539099 neg 0.05938520838617331	false	0.5
vermeiden	neg 1.0		__DUMMY__ 0.8822236778685528 neg 0.05999866481376551 off 0.05777765731768176	false	1.0
abweichung	neg 1.0	neg 1.0	neg 0.5139691686752851 __DUMMY__ 0.43725723776739983 off 0.048773593557315066	false	1.0
alkoholisiert	neg 1.0		__DUMMY__ 0.8835611967119081 off 0.06100041132723654 neg 0.05543839196085531	false	0.5
scheiss	off 1.0	off 1.0	off 0.5259263058395955 __DUMMY__ 0.42748007436593566 neg 0.046593619794468764	false	1.0
herausforderung	neg 1.0		__DUMMY__ 0.8758950063830679 off 0.06411183153400626 neg 0.05999316208292577	false	0.5
pervers	off 1.0		__DUMMY__ 0.8554774518271081 off 0.08485969309991964 neg 0.05966285507297225	false	1.0
wackelig	neg 1.0		__DUMMY__ 0.8770599991271378 off 0.06369078920416905 neg 0.05924921166869309	false	0.5
verwickeln	neg 1.0		__DUMMY__ 0.8720899263618616 off 0.06872953060027562 neg 0.05918054303786273	false	0.5
vorwand	neg 1.0		__DUMMY__ 0.878485672446489 off 0.060996664877304915 neg 0.06051766267620611	false	0.5
muschi	off 1.0		__DUMMY__ 0.8747679427402915 off 0.06598353655398694 neg 0.05924852070572154	false	1.0
entmutigung	neg 1.0		__DUMMY__ 0.8674957240610389 off 0.06943441000833445 neg 0.06306986593062656	false	0.5
unangemessen	neg 1.0		__DUMMY__ 0.8752258638954986 off 0.0656131372766907 neg 0.05916099882781064	false	0.5
unstetig	neg 1.0		__DUMMY__ 0.8692526235837378 off 0.0704223373180165 neg 0.06032503909824573	false	0.5
entmutigen	neg 1.0		__DUMMY__ 0.8727282015469405 off 0.06754689412225953 neg 0.05972490433079996	false	0.5
schwanz	neg 1.0		__DUMMY__ 0.8753415483700738 off 0.06366970179017557 neg 0.06098874983975063	false	0.5
verbot	neg 1.0		__DUMMY__ 0.8732962234019521 off 0.06539664643166142 neg 0.061307130166386364	false	0.5
leid	neg 1.0		__DUMMY__ 0.8634415455170983 off 0.07726795590577733 neg 0.05929049857712438	false	0.5
archaisch	neg 1.0		__DUMMY__ 0.8734579931371061 off 0.06519254794729291 neg 0.06134945891560093	false	0.5
gegen			__DUMMY__ 0.8812576182004905 off 0.06079360269710732 neg 0.0579487791024021	false	0.0
scheidung	neg 1.0		__DUMMY__ 0.8578696574527919 off 0.0884488115003297 neg 0.053681531046878395	false	0.5
einschlag	neg 1.0		__DUMMY__ 0.8689187456862476 off 0.0759858695253778 neg 0.0550953847883746	false	0.5
m			__DUMMY__ 0.8757798391130743 off 0.06429725138441918 neg 0.05992290950250645	false	0.0
abgestanden	neg 1.0		__DUMMY__ 0.865912794851383 neg 0.06811419373509242 off 0.06597301141352452	false	1.0
schmierig	off 1.0		__DUMMY__ 0.863229977724799 off 0.07700039948704221 neg 0.059769622788158755	false	1.0
unpraktisch	neg 1.0		__DUMMY__ 0.8731878462747047 off 0.06769603467593852 neg 0.05911611904935686	false	0.5
wixxer	off 1.0		__DUMMY__ 0.8530531119713805 off 0.08523237193037546 neg 0.06171451609824402	false	1.0
bezeichnet			__DUMMY__ 0.8743094293732245 off 0.06706131145991764 neg 0.05862925916685784	false	0.0
jammerlappen	off 1.0		__DUMMY__ 0.8688521542187918 off 0.07189578983922283 neg 0.05925205594198536	false	1.0
farce	neg 1.0		__DUMMY__ 0.8710090364379351 off 0.06697549199213372 neg 0.06201547156993115	false	0.5
zwecklos	neg 1.0		__DUMMY__ 0.8747984506379171 off 0.06461937061601336 neg 0.06058217874606964	false	0.5
turbulent	neg 1.0		__DUMMY__ 0.8655224398273041 off 0.07381751618616082 neg 0.06066004398653498	false	0.5
invasion	neg 1.0		__DUMMY__ 0.8706594764075486 off 0.06925739487068891 neg 0.06008312872176246	false	0.5
schuld	neg 1.0		__DUMMY__ 0.8726501928905015 off 0.0680091233020842 neg 0.059340683807414425	false	0.5
risiko	neg 1.0		__DUMMY__ 0.8682703025430527 off 0.06875381894894496 neg 0.06297587850800229	false	0.5
finster	neg 1.0		__DUMMY__ 0.8710657354906558 off 0.0656822828784098 neg 0.06325198163093429	false	0.5
geisteskrank	off 1.0		__DUMMY__ 0.8663350715194215 off 0.07454743315594387 neg 0.05911749532463459	false	1.0
zusammenbrechen	neg 1.0		__DUMMY__ 0.8742671150231462 off 0.06474002701724205 neg 0.06099285795961179	false	0.5
ausbeute	neg 1.0		__DUMMY__ 0.878463939491383 off 0.06518537174825963 neg 0.05635068876035727	false	0.5
hinterhalt	neg 1.0		__DUMMY__ 0.87396848820326 off 0.06486101586092836 neg 0.06117049593581164	false	0.5
kritik	neg 1.0		__DUMMY__ 0.8712904818729994 off 0.06673622919658112 neg 0.06197328893041944	false	0.5
einschrumpfen	neg 1.0		__DUMMY__ 0.8658555960467982 off 0.07203605911813271 neg 0.06210834483506916	false	0.5
riskant	neg 1.0		__DUMMY__ 0.8762715549583248 off 0.0621750320520504 neg 0.06155341298962488	false	0.5
frustrieren	neg 1.0		__DUMMY__ 0.8751931917882996 off 0.0631052645762613 neg 0.061701543635439206	false	0.5
groll	neg 1.0		__DUMMY__ 0.8766832961814262 off 0.06484354214089377 neg 0.05847316167768001	false	0.5
gibt			__DUMMY__ 0.8754465494384601 off 0.06433709568787088 neg 0.06021635487366904	false	0.0
qualvoll	neg 1.0		__DUMMY__ 0.8716692207496138 off 0.0686403760567217 neg 0.05969040319366446	false	0.5
wackeln	neg 1.0		__DUMMY__ 0.8739015915156519 off 0.06626285463109874 neg 0.059835553853249346	false	0.5
klagen	neg 1.0		__DUMMY__ 0.8774590664674758 off 0.06127567775647339 neg 0.06126525577605074	false	0.5
bankrott	neg 1.0		__DUMMY__ 0.8703998897791293 off 0.07106080140057604 neg 0.05853930882029469	false	0.5
trauern	neg 1.0		__DUMMY__ 0.8824692880285778 off 0.062204054846169636 neg 0.05532665712525262	false	0.5
ablehnung	neg 1.0		__DUMMY__ 0.8717557135195532 off 0.06610990561478046 neg 0.06213438086566648	false	0.5
stur	neg 1.0		__DUMMY__ 0.8719390397928162 off 0.06797509409234422 neg 0.06008586611483962	false	0.5
aufruhr	neg 1.0	neg 1.0	neg 0.5145247210203345 __DUMMY__ 0.43474625178023407 off 0.05072902719943141	false	1.0
melancholie	neg 1.0		__DUMMY__ 0.8751475800450924 neg 0.06349958752566809 off 0.06135283242923947	false	1.0
ist			__DUMMY__ 0.8716706302252725 off 0.06836788839747736 neg 0.05996148137725015	false	0.0
torheit	neg 1.0		__DUMMY__ 0.8720439960556488 off 0.06811229057645765 neg 0.059843713367893514	false	0.5
dreckskind	off 1.0		__DUMMY__ 0.8582065876068139 off 0.081518260280388 neg 0.060275152112798096	false	1.0
umtauschen	neg 1.0		__DUMMY__ 0.8740892608357834 off 0.06549362246423135 neg 0.06041711669998513	false	0.5
zum			__DUMMY__ 0.8873098486573644 off 0.05789277926416779 neg 0.05479737207846791	false	0.0
zersetzen	neg 1.0		__DUMMY__ 0.8757738677591478 neg 0.062135364893683015 off 0.06209076734716925	false	1.0
zur			__DUMMY__ 0.8823644085140656 neg 0.0594961166030364 off 0.05813947488289798	false	0.0
frust	neg 1.0		__DUMMY__ 0.8751100286843961 off 0.0645607340828351 neg 0.06032923723276871	false	0.5
unerbittlichkeit	neg 1.0		__DUMMY__ 0.8774930681779338 off 0.06291783943472673 neg 0.0595890923873394	false	0.5
zwei			__DUMMY__ 0.8835861625809373 neg 0.059036377087946436 off 0.05737746033111627	false	0.0
unkorrekt	neg 1.0		__DUMMY__ 0.8661803226866277 off 0.07437519607716261 neg 0.05944448123620966	false	0.5
hexe	off 1.0		__DUMMY__ 0.8650963199047508 off 0.07110322797394716 neg 0.06380045212130202	false	1.0
lasch	neg 1.0		__DUMMY__ 0.8702949094748879 off 0.071115236096914 neg 0.05858985442819809	false	0.5
rivale	neg 1.0		__DUMMY__ 0.8655019427785843 off 0.07565931895207828 neg 0.05883873826933742	false	0.5
mutlos	off 1.0	off 1.0	off 0.5186703084055552 __DUMMY__ 0.43537857665294305 neg 0.045951114941501794	false	1.0
wirr	off 1.0		__DUMMY__ 0.8634953759406171 off 0.07634143483164872 neg 0.060163189227734254	false	1.0
jahr			__DUMMY__ 0.8836837402647014 off 0.06174436708337517 neg 0.054571892651923415	false	0.0
wird			__DUMMY__ 0.8765769199631106 off 0.06367161830206204 neg 0.05975146173482728	false	0.0
strafbar	neg 1.0		__DUMMY__ 0.877984289949334 off 0.06283054715781501 neg 0.059185162892851056	false	0.5
erosion	neg 1.0		__DUMMY__ 0.873825726610304 off 0.06668008769846076 neg 0.05949418569123518	false	0.5
eingehen	neg 1.0		__DUMMY__ 0.8752874756354815 off 0.06296020998385414 neg 0.06175231438066437	false	0.5
faul	off 1.0		__DUMMY__ 0.8700940729798322 off 0.07067381602642793 neg 0.059232110993739776	false	1.0
provisorium	neg 1.0		__DUMMY__ 0.8876872757838876 neg 0.05789669570021855 off 0.054416028515893854	false	1.0
schmerzen	neg 1.0		__DUMMY__ 0.8735922761957767 off 0.06489984789540272 neg 0.06150787590882046	false	0.5
schrumpfen	neg 1.0		__DUMMY__ 0.8780281193217834 neg 0.06369490921059365 off 0.05827697146762295	false	1.0
geistlos	off 1.0		__DUMMY__ 0.8683594217995689 off 0.06998432540221385 neg 0.06165625279821724	false	1.0
fehlkauf	neg 1.0		__DUMMY__ 0.8698696129228561 off 0.06929616204905584 neg 0.06083422502808792	false	0.5
frustrierend	neg 1.0		__DUMMY__ 0.8692505174998584 off 0.07057747165150108 neg 0.06017201084864053	false	0.5
unzufrieden	neg 1.0		__DUMMY__ 0.8754673958264925 off 0.06442431697173243 neg 0.06010828720177504	false	0.5
verzweifeln	neg 1.0		__DUMMY__ 0.8745997011266464 off 0.0656437542947911 neg 0.05975654457856239	false	0.5
verzweifelt	neg 1.0		__DUMMY__ 0.8717248350425819 off 0.0680252553387259 neg 0.060249909618692164	false	0.5
misstrauensantrag	neg 1.0		__DUMMY__ 0.8709951063919178 off 0.06855458219551802 neg 0.06045031141256415	false	0.5
abfallen	neg 1.0		__DUMMY__ 0.8726065238112005 off 0.0664153663528393 neg 0.06097810983596022	false	0.5
fucker	off 1.0		__DUMMY__ 0.8663628994974089 off 0.07535875911115725 neg 0.058278341391433855	false	1.0
ungezogen	neg 1.0		__DUMMY__ 0.8585615597048248 off 0.08246406491184995 neg 0.058974375383325124	false	0.5
irrsinnig	neg 1.0	neg 1.0	neg 0.5161277619925895 __DUMMY__ 0.4325280874365157 off 0.05134415057089482	false	1.0
unfassbar	neg 1.0		__DUMMY__ 0.8685488033183427 off 0.07276971495446409 neg 0.05868148172719315	false	0.5
hart	neg 1.0		__DUMMY__ 0.8616890605375154 off 0.07272879357538674 neg 0.06558214588709788	false	0.5
widerlich	off 1.0		__DUMMY__ 0.8670879021715767 off 0.07335308058014316 neg 0.059559017248280055	false	1.0
fatal	neg 1.0	neg 1.0	neg 0.5182154394317379 __DUMMY__ 0.42908955656334463 off 0.052695004004917424	false	1.0
bruch	neg 1.0		__DUMMY__ 0.8809884837403033 off 0.05987637171044952 neg 0.05913514454924722	false	0.5
aushungern	neg 1.0		__DUMMY__ 0.8732240616087467 off 0.06566399495087015 neg 0.061111943440383225	false	0.5
anspannung	neg 1.0		__DUMMY__ 0.8844598401900888 neg 0.05784139115418293 off 0.05769876865572822	false	1.0
von			__DUMMY__ 0.878954352604996 off 0.06096752094965412 neg 0.06007812644534992	false	0.0
kraftlos	neg 1.0		__DUMMY__ 0.8758115998965158 off 0.06368752397950576 neg 0.0605008761239784	false	0.5
vom			__DUMMY__ 0.8894790700994887 neg 0.055717720244431994 off 0.05480320965607927	false	0.0
grenzdebil	off 1.0		__DUMMY__ 0.8667862978786751 off 0.07303828181698399 neg 0.06017542030434079	false	1.0
vor			__DUMMY__ 0.8798258634620888 neg 0.06012545182944507 off 0.060048684708466006	false	0.0
unterwerfen	neg 1.0		__DUMMY__ 0.8776753135700283 off 0.063430243203572 neg 0.05889444322639973	false	0.5
versenkung	neg 1.0		__DUMMY__ 0.8778369958615937 off 0.06295518494429342 neg 0.05920781919411295	false	0.5
entziehen	neg 1.0		__DUMMY__ 0.8783857650793857 off 0.06093274931816607 neg 0.060681485602448224	false	0.5
finanzkrise	neg 1.0		__DUMMY__ 0.8659039075382375 neg 0.06776980753706821 off 0.06632628492469424	false	1.0
schimpfend	neg 1.0		__DUMMY__ 0.8749663971082703 off 0.06696562823786947 neg 0.05806797465386021	false	0.5
profan	neg 1.0		__DUMMY__ 0.8705072232801649 off 0.069005371314994 neg 0.060487405404841085	false	0.5
korruption	neg 1.0		__DUMMY__ 0.8725780883435411 off 0.0649293436352116 neg 0.062492568021247356	false	0.5
â			__DUMMY__ 0.8754354970621765 off 0.06364433947792007 neg 0.060920163459903365	false	0.0
schmutzig	neg 1.0		__DUMMY__ 0.8673006689283708 off 0.0732013310927131 neg 0.05949799997891622	false	0.5
sexy	neg 1.0		__DUMMY__ 0.870592618128994 off 0.07052670825164753 neg 0.05888067361935846	false	0.5
abraten	neg 1.0		__DUMMY__ 0.8721473084799687 off 0.0684568321493896 neg 0.05939585937064168	false	0.5
schwarz	neg 1.0		__DUMMY__ 0.8714630850192558 off 0.06894446378874754 neg 0.05959245119199661	false	0.5
fotze	off 1.0	off 1.0	off 0.5189476306568271 __DUMMY__ 0.4352932284824519 neg 0.04575914086072086	false	1.0
verwirren	neg 1.0		__DUMMY__ 0.8711944294124213 off 0.06933628801537682 neg 0.05946928257220175	false	0.5
zahnlos	off 1.0		__DUMMY__ 0.8746519738708037 off 0.0654364049663249 neg 0.05991162116287141	false	1.0
verheeren	neg 1.0		__DUMMY__ 0.8581250537479794 off 0.0840195729419569 neg 0.05785537331006363	false	0.5
hippie	neg 1.0		__DUMMY__ 0.870121184136734 off 0.07026191047456891 neg 0.059616905388697156	false	0.5
rammen	neg 1.0		__DUMMY__ 0.8730401255215701 off 0.06666913554473715 neg 0.06029073893369286	false	0.5
unlauter	neg 1.0		__DUMMY__ 0.8699844855473291 off 0.06882792060687773 neg 0.061187593845793156	false	0.5
unheilvoll	neg 1.0		__DUMMY__ 0.8713730192043494 off 0.06747192755607717 neg 0.06115505323957342	false	0.5
niedrig	neg 1.0		__DUMMY__ 0.8738483521832159 off 0.0634361274301105 neg 0.06271552038667355	false	0.5
explosion	neg 1.0		__DUMMY__ 0.8707259199946479 off 0.07005187529128055 neg 0.05922220471407164	false	0.5
weichei	off 1.0	off 1.0	off 0.529414596472963 __DUMMY__ 0.42394808750124646 neg 0.04663731602579064	false	1.0
minusmensch	off 1.0		__DUMMY__ 0.8558497694125201 off 0.08394857621385333 neg 0.060201654373626616	false	1.0
farblos	neg 1.0		__DUMMY__ 0.8723415368416721 off 0.06733605445858232 neg 0.060322408699745506	false	0.5
unwissend	neg 1.0	neg 1.0	neg 0.5159879283464184 __DUMMY__ 0.42967668364998185 off 0.0543353880035998	false	1.0
traurig	neg 1.0		__DUMMY__ 0.8659558382769388 off 0.07533418412523578 neg 0.058709977597825515	false	0.5
senkung	neg 1.0		__DUMMY__ 0.8663234804888094 off 0.06953289712896844 neg 0.06414362238222214	false	0.5
ungleich	neg 1.0	neg 1.0	neg 0.5162255250062193 __DUMMY__ 0.43563656764589914 off 0.04813790734788167	false	1.0
heikel	neg 1.0		__DUMMY__ 0.8772901847655568 off 0.06235412318246769 neg 0.06035569205197555	false	0.5
drosselung	neg 1.0		__DUMMY__ 0.8630222864076453 off 0.07305414188268265 neg 0.06392357170967194	false	0.5
falsch	neg 1.0		__DUMMY__ 0.870615618848834 off 0.0707339642732714 neg 0.058650416877894636	false	0.5
unzufriedenheit	neg 1.0		__DUMMY__ 0.8750238667007112 neg 0.06275992183094675 off 0.06221621146834199	false	1.0
kurz	neg 1.0		__DUMMY__ 0.8771314725519843 off 0.06424604603335077 neg 0.05862248141466493	false	0.5
unsinnig	neg 1.0		__DUMMY__ 0.8720920114152056 off 0.06588364317650419 neg 0.06202434540829016	false	0.5
penner	off 1.0	off 1.0	off 0.5309427569162568 __DUMMY__ 0.42372706394217585 neg 0.04533017914156732	false	1.0
seicht	neg 1.0		__DUMMY__ 0.8562640912189063 off 0.08195650534690743 neg 0.06177940343418626	false	0.5
dummheit	off 1.0	off 1.0	off 0.5229649376508598 __DUMMY__ 0.43056389543316975 neg 0.0464711669159704	false	1.0
unerfreulich	neg 1.0		__DUMMY__ 0.8770625553987198 off 0.06195887086455726 neg 0.06097857373672293	false	0.5
motherfucker	off 1.0	off 1.0	off 0.5268035486188648 __DUMMY__ 0.42820095951181736 neg 0.04499549186931782	false	1.0
pikiert	neg 1.0		__DUMMY__ 0.8674581286105882 off 0.07225319821482654 neg 0.06028867317458525	false	0.5
wrack	neg 1.0		__DUMMY__ 0.8817323746905027 off 0.0642050541794657 neg 0.0540625711300316	false	0.5
gangster	neg 1.0		__DUMMY__ 0.8698772138235793 off 0.0704355232958243 neg 0.05968726288059645	false	0.5
krank	neg 1.0		__DUMMY__ 0.8688575452697849 off 0.07291434373137537 neg 0.05822811099883983	false	0.5
reich	neg 1.0		__DUMMY__ 0.865647956652457 off 0.0707818426033494 neg 0.06357020074419376	false	0.5
gnadenlos	neg 1.0		__DUMMY__ 0.8732377569915911 off 0.0677506677395104 neg 0.05901157526889842	false	0.5
niedergeschlagen	neg 1.0		__DUMMY__ 0.8780321501368832 off 0.06398548945100399 neg 0.05798236041211284	false	0.5
terrorisieren	off 1.0	off 1.0	off 0.5177644302485002 __DUMMY__ 0.4372860862251895 neg 0.04494948352631036	false	1.0
sinnlosigkeit	neg 1.0		__DUMMY__ 0.8748607282745842 off 0.06487780548853442 neg 0.060261466236881445	false	0.5
behindern	neg 1.0		__DUMMY__ 0.872711023720433 off 0.06625770824349494 neg 0.06103126803607201	false	0.5
undemokratisch	neg 1.0		__DUMMY__ 0.8698059981894065 off 0.06934766816136649 neg 0.06084633364922696	false	0.5
wirtschaftskrise	neg 1.0		__DUMMY__ 0.8710114829252563 off 0.06451062163189697 neg 0.06447789544284674	false	0.5
neid	neg 1.0		__DUMMY__ 0.8706485082663834 off 0.06985447341123906 neg 0.05949701832237748	false	0.5
rutschen	neg 1.0		__DUMMY__ 0.8833732521518955 neg 0.05954688550814194 off 0.057079862339962414	false	1.0
rezession	neg 1.0		__DUMMY__ 0.8590448148712054 off 0.07576012567412814 neg 0.06519505945466643	false	0.5
fehlgeburt	neg 1.0		__DUMMY__ 0.8755778647708081 off 0.06656074093494158 neg 0.057861394294250384	false	0.5
charakterschwach	off 1.0		__DUMMY__ 0.8666157972934883 off 0.07291406757848065 neg 0.060470135128031115	false	1.0
isolation	neg 1.0		__DUMMY__ 0.8714672147139109 off 0.07057673034328019 neg 0.057956054942809004	false	0.5
ablenkung	neg 1.0		__DUMMY__ 0.8747188364057855 off 0.0662497979476158 neg 0.05903136564659864	false	0.5
pech	neg 1.0		__DUMMY__ 0.8692964920810136 off 0.0705815070218551 neg 0.06012200089713139	false	0.5
vermeidung	neg 1.0		__DUMMY__ 0.8662529114127488 off 0.0729167287453963 neg 0.06083035984185479	false	0.5
dominieren	neg 1.0		__DUMMY__ 0.8751878846785511 off 0.06509656941806684 neg 0.05971554590338204	false	0.5
schwindlig	neg 1.0		__DUMMY__ 0.8711548046331911 off 0.06815672076968565 neg 0.06068847459712337	false	0.5
lutscher	neg 1.0	neg 1.0	neg 0.516802907334751 __DUMMY__ 0.41989980608496613 off 0.06329728658028286	false	1.0
pflicht	neg 1.0		__DUMMY__ 0.8794524050589148 off 0.061110417612682974 neg 0.05943717732840226	false	0.5
faschist	off 1.0		__DUMMY__ 0.8709532675664399 off 0.07086828529331604 neg 0.05817844714024411	false	1.0
verschleudern	neg 1.0		__DUMMY__ 0.8719563489001193 neg 0.06489558749752401 off 0.0631480636023567	false	1.0
wenn			__DUMMY__ 0.8689448978385337 off 0.07157976545060293 neg 0.05947533671086347	false	0.0
ehebruch	neg 1.0		__DUMMY__ 0.8761737869707669 off 0.06402024142746675 neg 0.059805971601766365	false	0.5
spott	off 1.0		__DUMMY__ 0.8773847043217665 off 0.06387601426493617 neg 0.058739281413297394	false	1.0
trostlosigkeit	neg 1.0		__DUMMY__ 0.8756508844186992 neg 0.06343019051063513 off 0.060918925070665736	false	1.0
lutschen	neg 1.0		__DUMMY__ 0.8687651851384272 off 0.07086424838167972 neg 0.06037056647989307	false	0.5
undiszipliniert	neg 1.0		__DUMMY__ 0.8660940367377791 off 0.07453766141502129 neg 0.05936830184719962	false	0.5
kopfschmerz	neg 1.0		__DUMMY__ 0.8730639728613571 neg 0.06408782836581428 off 0.0628481987728287	false	1.0
unvorhergesehen	neg 1.0		__DUMMY__ 0.880826392187522 off 0.060664797686615174 neg 0.058508810125862926	false	0.5
desinteressiert	neg 1.0		__DUMMY__ 0.8662967046784074 off 0.07400250516156044 neg 0.05970079016003216	false	0.5
armselig	off 1.0		__DUMMY__ 0.8651437789166302 off 0.07643573393293326 neg 0.05842048715043644	false	1.0
desaster	neg 1.0		__DUMMY__ 0.877961052676998 neg 0.06148800772540626 off 0.060550939597595756	false	1.0
tod	neg 1.0		__DUMMY__ 0.8780192739270934 off 0.06258999866793369 neg 0.05939072740497294	false	0.5
herzlos	neg 1.0		__DUMMY__ 0.865387056996007 off 0.07577170576469375 neg 0.05884123723929935	false	0.5
unwissenheit	neg 1.0		__DUMMY__ 0.8749667149288345 off 0.06453897581656921 neg 0.06049430925459626	false	0.5
widersinnig	neg 1.0		__DUMMY__ 0.8709055411416041 off 0.06607219427262061 neg 0.06302226458577528	false	0.5
bedenklich	neg 1.0		__DUMMY__ 0.8746918528966113 off 0.0636732663879324 neg 0.061634880715456246	false	0.5
beanstanden	neg 1.0		__DUMMY__ 0.8799000888570122 off 0.061727564491792834 neg 0.05837234665119495	false	0.5
panisch	neg 1.0		__DUMMY__ 0.8734489986578966 off 0.0682687659736136 neg 0.05828223536848986	false	0.5
debil	off 1.0		__DUMMY__ 0.8836609518036008 neg 0.061431312471699 off 0.05490773572470022	false	0.5
abstrich	neg 1.0		__DUMMY__ 0.8746360669152436 off 0.06412329884351158 neg 0.06124063424124473	false	0.5
primitiv	neg 1.0		__DUMMY__ 0.866700187577202 off 0.07425710137403722 neg 0.05904271104876071	false	0.5
abschaum	off 1.0	off 1.0	off 0.5251271842626744 __DUMMY__ 0.4310783800326385 neg 0.04379443570468717	false	1.0
provozieren	neg 1.0		__DUMMY__ 0.87236508272221 off 0.0677683644244083 neg 0.059866552853381605	false	0.5
tot	neg 1.0		__DUMMY__ 0.8737882460841683 off 0.06394863170050406 neg 0.0622631222153276	false	0.5
instabil	neg 1.0		__DUMMY__ 0.8622696824488948 off 0.07658696529360248 neg 0.061143352257502705	false	0.5
schwuchtel	off 1.0	off 1.0	off 0.536733756013182 __DUMMY__ 0.41739587441547765 neg 0.04587036957134048	false	1.0
zerren	neg 1.0		__DUMMY__ 0.8769701123002711 off 0.06402818448284155 neg 0.05900170321688728	false	0.5
kinderficker	off 1.0		__DUMMY__ 0.8629224792375785 off 0.0788123006691905 neg 0.05826522009323102	false	1.0
gefahr	neg 1.0		__DUMMY__ 0.8798405759764532 off 0.061566412683770784 neg 0.05859301133977608	false	0.5
rabiat	neg 1.0		__DUMMY__ 0.8736603700934084 off 0.06592573330223865 neg 0.060413896604353055	false	0.5
verlangsamung	neg 1.0		__DUMMY__ 0.8593284916703517 off 0.08054732572533026 neg 0.06012418260431796	false	0.5
ausgestorben	neg 1.0		__DUMMY__ 0.8749248692388669 off 0.06545379651582968 neg 0.05962133424530341	false	0.5
anklagen	neg 1.0		__DUMMY__ 0.8757077028688022 off 0.06525404012542128 neg 0.05903825700577657	false	0.5
trott	neg 1.0		__DUMMY__ 0.8734958422865816 off 0.06652015036959154 neg 0.05998400734382685	false	0.5
verminderung	neg 1.0		__DUMMY__ 0.8667348716259755 off 0.07293006112579388 neg 0.060335067248230505	false	0.5
nach			__DUMMY__ 0.8857803781843167 neg 0.05832107895365362 off 0.05589854286202974	false	0.0
rost	neg 1.0		__DUMMY__ 0.8629455119877051 off 0.08166768251423635 neg 0.055386805498058474	false	0.5
destruktiv	neg 1.0		__DUMMY__ 0.8726374669069666 off 0.06665032445799327 neg 0.060712208635040066	false	0.5
unzumutbarkeit	neg 1.0		__DUMMY__ 0.8669377941564983 off 0.07290995959467593 neg 0.0601522462488258	false	0.5
labil	off 1.0	off 1.0	off 0.5245421313131663 __DUMMY__ 0.4297582937765739 neg 0.0456995749102598	false	1.0
ziemlich	neg 1.0		__DUMMY__ 0.8691130082962197 off 0.07240047273877682 neg 0.058486518965003405	false	0.5
lachnummer	off 1.0		__DUMMY__ 0.8741062271012919 off 0.06742709970067202 neg 0.058466673198036036	false	1.0
oder			__DUMMY__ 0.8743069324472147 off 0.06694720546386773 neg 0.058745862088917626	false	0.0
verfall	neg 1.0		__DUMMY__ 0.8781816334766472 neg 0.06343844583552789 off 0.058379920687824875	false	1.0
ausgrenzung	neg 1.0		__DUMMY__ 0.8694666241082196 off 0.06920900069793334 neg 0.06132437519384709	false	0.5
unordnung	neg 1.0		__DUMMY__ 0.8633829753133888 off 0.07689127623524333 neg 0.05972574845136788	false	0.5
fehlverhalten	neg 1.0		__DUMMY__ 0.8769729536930064 off 0.0628895082191598 neg 0.06013753808783364	false	0.5
eine			__DUMMY__ 0.8784288879980057 neg 0.061017229715986845 off 0.060553882286007485	false	0.0
nille	neg 1.0		__DUMMY__ 0.8732698169598154 off 0.0670475527441422 neg 0.059682630296042406	false	0.5
qual	neg 1.0		__DUMMY__ 0.8733591635810293 off 0.06620615539269328 neg 0.06043468102627749	false	0.5
verschwenden	neg 1.0		__DUMMY__ 0.8750611201335207 neg 0.06258179105464579 off 0.06235708881183348	false	1.0
riesig	neg 1.0		__DUMMY__ 0.8780003978740165 off 0.062491632126802595 neg 0.059507969999180836	false	0.5
verurteilen	neg 1.0		__DUMMY__ 0.8753424093134243 off 0.06510734298051668 neg 0.05955024770605903	false	0.5
klischee	neg 1.0	neg 1.0	neg 0.5163428770947188 __DUMMY__ 0.4299217164754837 off 0.053735406429797496	false	1.0
diktatorisch	neg 1.0		__DUMMY__ 0.8694950101141177 off 0.06947623017206911 neg 0.061028759713813226	false	0.5
vorhersehbar	neg 1.0		__DUMMY__ 0.8688319785883609 off 0.069986985587278 neg 0.06118103582436116	false	0.5
sowie			__DUMMY__ 0.8609016075716671 off 0.07801022724031872 neg 0.06108816518801409	false	0.0
stornieren	neg 1.0		__DUMMY__ 0.8765302802766417 off 0.0693860652538396 neg 0.05408365446951871	false	0.5
besteuerung	neg 1.0	neg 1.0	neg 0.519922772341168 __DUMMY__ 0.42889141812984477 off 0.051185809528987374	false	1.0
ungeschminkt	neg 1.0		__DUMMY__ 0.8659977869539357 off 0.07381274736952662 neg 0.06018946567653768	false	0.5
kritisch	neg 1.0		__DUMMY__ 0.8752485036042295 off 0.06461765222540117 neg 0.06013384417036949	false	0.5
schlamperei	off 1.0		__DUMMY__ 0.8765101722476669 off 0.06326175512089685 neg 0.060228072631436216	false	1.0
sucht	neg 1.0	neg 1.0	neg 0.5146534897385587 __DUMMY__ 0.4341489978933849 off 0.05119751236805623	false	1.0
egoistisch	off 1.0	off 1.0	off 0.5293444908736957 __DUMMY__ 0.4264685065598263 neg 0.044187002566477875	false	1.0
ausbeuter	off 1.0		__DUMMY__ 0.8747723788877987 off 0.06265252529433812 neg 0.06257509581786323	false	1.0
arschgeburt	off 1.0		__DUMMY__ 0.8511496630851652 off 0.08799940948522597 neg 0.06085092742960896	false	1.0
schubs	neg 1.0		__DUMMY__ 0.8739852874979318 off 0.06303255570920416 neg 0.06298215679286406	false	0.5
unsolide	neg 1.0		__DUMMY__ 0.8711823110528584 off 0.06981487266086542 neg 0.059002816286276225	false	0.5
beschwerde	neg 1.0		__DUMMY__ 0.876010352023157 off 0.06486669777360288 neg 0.059122950203240085	false	0.5
stocken	neg 1.0		__DUMMY__ 0.8756866670718358 off 0.06371825402330084 neg 0.06059507890486332	false	0.5
isolieren	neg 1.0		__DUMMY__ 0.8733775626044364 off 0.06476142265236887 neg 0.06186101474319468	false	0.5
unheilbar	neg 1.0		__DUMMY__ 0.8738346406339991 off 0.06696009181526354 neg 0.05920526755073734	false	0.5
pisser	off 1.0	off 1.0	off 0.5272996914859432 __DUMMY__ 0.42748064728516966 neg 0.045219661228887216	false	1.0
löschen	neg 1.0		__DUMMY__ 0.8723375776256468 off 0.06724149492516825 neg 0.06042092744918496	false	0.5
durchfallen	neg 1.0		__DUMMY__ 0.8759699529176276 off 0.0642848346347656 neg 0.05974521244760691	false	0.5
wichser	off 1.0	off 1.0	off 0.5334225590405328 __DUMMY__ 0.4212981207263058 neg 0.04527932023316135	false	1.0
terror	neg 1.0		__DUMMY__ 0.8705055489565745 off 0.06983199069056881 neg 0.059662460352856744	false	0.5
krass	neg 1.0		__DUMMY__ 0.8633681883960393 off 0.07715861038499718 neg 0.05947320121896351	false	0.5
revolte	neg 1.0		__DUMMY__ 0.8669259459861633 off 0.07087292484455374 neg 0.062201129169282963	false	0.5
besorgt	neg 1.0		__DUMMY__ 0.8777670556525127 off 0.06456661496805684 neg 0.05766632937943048	false	0.5
nachlassen	neg 1.0		__DUMMY__ 0.8772724727764248 off 0.06339894006441797 neg 0.05932858715915722	false	0.5
alt	neg 1.0		__DUMMY__ 0.8718145814762771 neg 0.0655239017419031 off 0.06266151678181978	false	1.0
hundesohn	off 1.0	off 1.0	off 0.532796967537819 __DUMMY__ 0.420909098083834 neg 0.04629393437834701	false	1.0
als			__DUMMY__ 0.8744762668941232 off 0.0646510991396913 neg 0.06087263396618557	false	0.0
abschreckung	neg 1.0		__DUMMY__ 0.8773393798297738 off 0.062084559134630776 neg 0.06057606103559541	false	0.5
unqualifiziert	neg 1.0		__DUMMY__ 0.8698011249713948 off 0.07144706494774 neg 0.05875181008086527	false	0.5
abgewichst	off 1.0		__DUMMY__ 0.8743144115861087 off 0.06623752746421133 neg 0.05944806094968	false	1.0
schwer	neg 1.0		__DUMMY__ 0.8740698219641336 off 0.06613316388996604 neg 0.059797014145900294	false	0.5
bedeutungslosigkeit	neg 1.0		__DUMMY__ 0.8767584118206613 off 0.06257843454995138 neg 0.0606631536293873	false	0.5
kapitulation	neg 1.0		__DUMMY__ 0.8733414251426497 off 0.06434526011523353 neg 0.06231331474211687	false	0.5
unscharf	neg 1.0		__DUMMY__ 0.8668374200361196 off 0.06828858317008388 neg 0.06487399679379646	false	0.5
schwinden	neg 1.0		__DUMMY__ 0.8741219008338694 neg 0.06332604568800777 off 0.06255205347812276	false	1.0
versklavung	neg 1.0	neg 1.0	neg 0.5172928502687871 __DUMMY__ 0.4306054583392933 off 0.05210169139191964	false	1.0
schlecht	neg 1.0		__DUMMY__ 0.8697070269223716 off 0.07261105419880477 neg 0.05768191887882357	false	0.5
verhasst	neg 1.0		__DUMMY__ 0.8716369696678375 off 0.06849327183834096 neg 0.059869758493821486	false	0.5
beschweren	neg 1.0		__DUMMY__ 0.873159361157293 off 0.06867316145117633 neg 0.05816747739153065	false	0.5
scheiden	neg 1.0		__DUMMY__ 0.8735526528387575 off 0.06631615334066655 neg 0.06013119382057591	false	0.5
frustriert	neg 1.0		__DUMMY__ 0.8750504453098876 off 0.06534435517089919 neg 0.0596051995192132	false	0.5
schimmelig	neg 1.0		__DUMMY__ 0.8728762948786473 neg 0.06413259541851685 off 0.06299110970283593	false	1.0
fisch	neg 1.0		__DUMMY__ 0.8743914092341368 neg 0.0659225443503292 off 0.059686046415533996	false	1.0
schmuggel	neg 1.0		__DUMMY__ 0.8813644085196324 off 0.06070864423843275 neg 0.05792694724193479	false	0.5
auffallen	neg 1.0		__DUMMY__ 0.8717574882168161 off 0.06909148194733718 neg 0.05915102983584672	false	0.5
konkurrenz	neg 1.0		__DUMMY__ 0.879145287407504 off 0.06213270144846828 neg 0.058722011144027704	false	0.5
teufelskreis	neg 1.0	neg 1.0	neg 0.5178701020417601 __DUMMY__ 0.43202486205228213 off 0.050105035905957704	false	1.0
aufschreien	neg 1.0		__DUMMY__ 0.869748935962013 off 0.06979386847126648 neg 0.060457195566720495	false	0.5
schuldner	neg 1.0		__DUMMY__ 0.8728723693911002 neg 0.06481229068805998 off 0.062315339920839756	false	1.0
missgeburt	off 1.0	off 1.0	off 0.5312543509882773 __DUMMY__ 0.4242526850548363 neg 0.04449296395688633	false	1.0
arbeitslos	neg 1.0		__DUMMY__ 0.8753887563535302 off 0.06425529614104682 neg 0.06035594750542291	false	0.5
befallen	neg 1.0		__DUMMY__ 0.8700905956339172 off 0.06580877859247593 neg 0.06410062577360674	false	0.5
miesepetrig	off 1.0	off 1.0	off 0.5241568471502999 __DUMMY__ 0.4304238838277784 neg 0.04541926902192171	false	1.0
alarmieren	neg 1.0		__DUMMY__ 0.8700939758263728 off 0.0719003202221053 neg 0.05800570395152187	false	0.5
ungeduscht	off 1.0		__DUMMY__ 0.8682558123774419 off 0.07065144765292908 neg 0.06109273996962901	false	1.0
knappheit	neg 1.0		__DUMMY__ 0.8714343407506938 off 0.06452352186192384 neg 0.06404213738738232	false	0.5
schlange	neg 1.0		__DUMMY__ 0.8741797449940238 off 0.06684646903654604 neg 0.0589737859694302	false	0.5
harsch	neg 1.0		__DUMMY__ 0.8660363330716151 off 0.07674676555515965 neg 0.05721690137322534	false	0.5
lang	neg 1.0		__DUMMY__ 0.8720458359696612 off 0.06803588057471839 neg 0.059918283455620336	false	0.5
ziellos	neg 1.0		__DUMMY__ 0.8778467369886683 off 0.06247936033181985 neg 0.059673902679511795	false	0.5
selbstverliebt	neg 1.0		__DUMMY__ 0.856925698844079 off 0.08483244473127724 neg 0.05824185642464378	false	0.5
beseitigen	neg 1.0		__DUMMY__ 0.8758148872978972 off 0.06645473883925683 neg 0.057730373862845845	false	0.5
dumm	off 1.0		__DUMMY__ 0.8612985808907405 off 0.07953623775812284 neg 0.0591651813511367	false	1.0
arbeitsloser	neg 1.0		__DUMMY__ 0.8808801527428123 off 0.06447159417066099 neg 0.054648253086526696	false	0.5
blitzen	neg 1.0		__DUMMY__ 0.8688211644559513 off 0.07081841902957645 neg 0.06036041651447237	false	0.5
hilflos	neg 1.0		__DUMMY__ 0.8752899491424284 off 0.0641919448576237 neg 0.06051810599994788	false	0.5
eklig	off 1.0		__DUMMY__ 0.8590350469717716 off 0.07990467876709254 neg 0.06106027426113592	false	1.0
begriff			__DUMMY__ 0.8740339805406317 off 0.06635540191102685 neg 0.059610617548341335	false	0.0
hungersnot	neg 1.0		__DUMMY__ 0.8731389391495535 off 0.0645979978554082 neg 0.062263062995038296	false	0.5
ungesetzlich	neg 1.0		__DUMMY__ 0.8699521368493153 off 0.06960394652899404 neg 0.06044391662169064	false	0.5
verschwendung	neg 1.0		__DUMMY__ 0.8762963952462733 off 0.06240762939641937 neg 0.06129597535730717	false	0.5
schmerzvoll	neg 1.0		__DUMMY__ 0.870839110595074 off 0.06819991200256524 neg 0.06096097740236069	false	0.5
vorzeitig	neg 1.0		__DUMMY__ 0.8702774196252426 off 0.07194988050278582 neg 0.05777269987197163	false	0.5
unvollkommenheit	neg 1.0		__DUMMY__ 0.8742310543174888 off 0.06492833683904993 neg 0.06084060884346122	false	0.5
intervenieren	neg 1.0		__DUMMY__ 0.8733463015429045 neg 0.06339040590571267 off 0.06326329255138283	false	1.0
banause	off 1.0		__DUMMY__ 0.8549081126566828 off 0.08149135259489601 neg 0.06360053474842121	false	1.0
rebell	neg 1.0		__DUMMY__ 0.8760789191490783 neg 0.06574010561342536 off 0.05818097523749632	false	1.0
unlogisch	neg 1.0		__DUMMY__ 0.8648845421730831 off 0.07515107793892674 neg 0.059964379887990235	false	0.5
leiden	neg 1.0		__DUMMY__ 0.8820078897786208 off 0.06073672227241955 neg 0.05725538794895961	false	0.5
abschaffung	neg 1.0		__DUMMY__ 0.8696494445160231 off 0.06793674633608228 neg 0.06241380914789462	false	0.5
sturz	neg 1.0		__DUMMY__ 0.8754798990395101 off 0.06882374305519193 neg 0.055696357905297915	false	0.5
verkleinerung	neg 1.0		__DUMMY__ 0.8647355858731283 off 0.07117828011348422 neg 0.06408613401338753	false	0.5
schmarotzer	off 1.0		__DUMMY__ 0.8747213159473224 off 0.06523786177125969 neg 0.06004082228141786	false	1.0
bestrafung	neg 1.0	neg 1.0	neg 0.51505625747469 __DUMMY__ 0.4338980492087475 off 0.05104569331656251	false	1.0
achtlos	neg 1.0		__DUMMY__ 0.8759813498478156 off 0.06523999770335394 neg 0.05877865244883042	false	0.5
ungeheuer	neg 1.0		__DUMMY__ 0.8706268272195264 off 0.06691599035138986 neg 0.06245718242908365	false	0.5
unaufrichtig	neg 1.0		__DUMMY__ 0.8699583311139862 off 0.07134514023053695 neg 0.05869652865547678	false	0.5
