unsolidarisch	neg 1.0		__DUMMY__ 0.9187040457588853 off 0.04246338326906749 neg 0.03883257097204714	false	0.5
nachteilig	neg 1.0		__DUMMY__ 0.9251173869736823 off 0.038253815388300715 neg 0.03662879763801694	false	0.5
skeptisch	neg 1.0		__DUMMY__ 0.9249508146612001 neg 0.03763141686090376 off 0.03741776847789611	false	1.0
schrecklich	neg 1.0		__DUMMY__ 0.9147707236573684 off 0.048791926603280446 neg 0.03643734973935117	false	0.5
schlapp	neg 1.0	neg 1.0	neg 0.503731498988848 __DUMMY__ 0.4549227121068133 off 0.04134578890433874	false	1.0
abfall	neg 1.0		__DUMMY__ 0.9290646894968202 neg 0.03616616697942705 off 0.03476914352375267	false	1.0
widerspenstig	neg 1.0		__DUMMY__ 0.9208814878348196 off 0.04047323847436775 neg 0.03864527369081269	false	0.5
abrupt	neg 1.0		__DUMMY__ 0.9237941895115925 neg 0.03950810623671529 off 0.036697704251692186	false	1.0
unwirksam	neg 1.0		__DUMMY__ 0.9156826061336645 neg 0.042560744814253954 off 0.04175664905208145	false	1.0
angreifen	neg 1.0		__DUMMY__ 0.9257043612194898 neg 0.03725396472132704 off 0.03704167405918314	false	1.0
inkonsistent	neg 1.0		__DUMMY__ 0.9176153146897262 off 0.0432218019731339 neg 0.039162883337139895	false	0.5
abrutschen	neg 1.0		__DUMMY__ 0.9283829752009968 neg 0.03712073685731263 off 0.03449628794169062	false	1.0
unsicher	neg 1.0		__DUMMY__ 0.9224776873447381 off 0.04117402377458549 neg 0.03634828888067638	false	0.5
bauernkind	off 1.0	off 1.0	off 0.5157611670353652 __DUMMY__ 0.44618018013124416 neg 0.038058652833390556	false	1.0
angreifer	neg 1.0		__DUMMY__ 0.9223480124712878 off 0.04447689415846536 neg 0.033175093370246836	false	0.5
trennen	neg 1.0		__DUMMY__ 0.9267025830003988 neg 0.036739399161836904 off 0.03655801783776428	false	1.0
schmutz	neg 1.0		__DUMMY__ 0.9247651700492039 off 0.0433071927345029 neg 0.03192763721629325	false	0.5
inkonsistenz	neg 1.0		__DUMMY__ 0.917926511658691 off 0.04546494693899715 neg 0.03660854140231196	false	0.5
erschreckend	neg 1.0		__DUMMY__ 0.9219167187046303 off 0.04079121112851389 neg 0.03729207016685583	false	0.5
ertrinken	neg 1.0		__DUMMY__ 0.9246138816885153 neg 0.03889112784684758 off 0.036494990464637056	false	1.0
pickelface	off 1.0		__DUMMY__ 0.9208667360496716 off 0.041612049868822505 neg 0.037521214081505834	false	1.0
seiner			__DUMMY__ 0.9263127946026577 off 0.03717960146778958 neg 0.03650760392955266	false	0.0
lauch	neg 1.0	neg 1.0	neg 0.5051891888288313 __DUMMY__ 0.46324833467414833 off 0.03156247649702032	false	1.0
unwichtig	neg 1.0		__DUMMY__ 0.9178643157585489 off 0.0453980341335669 neg 0.03673765010788415	false	0.5
steuerhinterziehung	neg 1.0		__DUMMY__ 0.9210034830629419 off 0.04092718848605987 neg 0.038069328450998266	false	0.5
schock	neg 1.0		__DUMMY__ 0.9230377588599699 off 0.039799160017837655 neg 0.03716308112219255	false	0.5
beule	neg 1.0		__DUMMY__ 0.9152460623078749 off 0.046908779793633296 neg 0.03784515789849193	false	0.5
vergelten	neg 1.0		__DUMMY__ 0.914532525574322 off 0.04982553659085375 neg 0.03564193783482424	false	0.5
verdorbenheit	neg 1.0		__DUMMY__ 0.9212576512234035 off 0.041714339405849475 neg 0.03702800937074701	false	0.5
trauma	neg 1.0		__DUMMY__ 0.9196808922007894 off 0.042431138779398574 neg 0.037887969019811944	false	0.5
sinnlos	neg 1.0		__DUMMY__ 0.9201154554029131 off 0.042961189319050415 neg 0.03692335527803652	false	0.5
fettsack	off 1.0	off 1.0	off 0.5169299862682242 __DUMMY__ 0.4465212469208601 neg 0.036548766810915706	false	1.0
feige	off 1.0	off 1.0	off 0.5124669314446055 __DUMMY__ 0.4534258642801552 neg 0.03410720427523929	false	1.0
abdanken	neg 1.0		__DUMMY__ 0.9233812896793351 off 0.04122388226848166 neg 0.035394828052183344	false	0.5
wichtigtuer	off 1.0	off 1.0	off 0.5098718104161679 __DUMMY__ 0.45722662611758136 neg 0.03290156346625065	false	1.0
misslingen	neg 1.0		__DUMMY__ 0.9234160420892927 off 0.042086869669745036 neg 0.03449708824096228	false	0.5
untreu	off 1.0		__DUMMY__ 0.9167406573580599 off 0.04646610779002339 neg 0.036793234851916753	false	1.0
missmutig	neg 1.0		__DUMMY__ 0.9184152233143131 off 0.04423001514895136 neg 0.037354761536735406	false	0.5
hurenbock	off 1.0		__DUMMY__ 0.9164292041225671 neg 0.042432142451158075 off 0.04113865342627488	false	0.5
betrunken	neg 1.0		__DUMMY__ 0.9153380346341851 off 0.04778729682881394 neg 0.03687466853700094	false	0.5
korrupt	off 1.0		__DUMMY__ 0.9204350837083315 off 0.04068851240946885 neg 0.038876403882199574	false	1.0
unmut	neg 1.0		__DUMMY__ 0.9265573055388795 neg 0.03742925275211086 off 0.036013441709009664	false	1.0
hackfresse	off 1.0		__DUMMY__ 0.9109345875588213 off 0.052602356144116146 neg 0.03646305629706259	false	1.0
aufblasen	neg 1.0		__DUMMY__ 0.9213706464258674 off 0.041336347244131245 neg 0.03729300633000141	false	0.5
gewaltsam	neg 1.0		__DUMMY__ 0.9238108427086695 off 0.04095577071947742 neg 0.035233386571853036	false	0.5
unbeliebtheit	neg 1.0		__DUMMY__ 0.9171997332280811 off 0.04657404014903994 neg 0.036226226622878964	false	0.5
sturheit	neg 1.0		__DUMMY__ 0.9236636902534932 off 0.040783463840522886 neg 0.035552845905983926	false	0.5
kuh	neg 1.0		__DUMMY__ 0.9108178317558271 neg 0.045674408229735744 off 0.04350776001443716	false	1.0
erschrecken	neg 1.0		__DUMMY__ 0.9186254582859769 off 0.044601996710583666 neg 0.03677254500343956	false	0.5
opfer	neg 1.0		__DUMMY__ 0.9271369774782756 off 0.03851355019876947 neg 0.03434947232295491	false	0.5
sinken	neg 1.0		__DUMMY__ 0.9243309880577806 neg 0.03933748780869532 off 0.036331524133524064	false	1.0
stinktier	neg 1.0		__DUMMY__ 0.9072428682693192 off 0.050798020582989635 neg 0.041959111147691124	false	0.5
tucke	off 1.0		__DUMMY__ 0.9049024287414215 off 0.05431199379472865 neg 0.04078557746384984	false	1.0
ein			__DUMMY__ 0.9198540813800997 off 0.040292937121643585 neg 0.039852981498256626	false	0.0
abstieg	neg 1.0		__DUMMY__ 0.9270360904113043 off 0.03954205331838215 neg 0.03342185627031356	false	0.5
missverstehen	neg 1.0		__DUMMY__ 0.9195560691544604 off 0.043755987289501544 neg 0.03668794355603807	false	0.5
ergebnislos	neg 1.0		__DUMMY__ 0.9267315205155089 off 0.03826265184584666 neg 0.0350058276386445	false	0.5
unter			__DUMMY__ 0.9329709587412356 neg 0.03597922623359889 off 0.031049815025165503	false	0.0
manipulieren	neg 1.0		__DUMMY__ 0.9256692964301925 off 0.03782029124260876 neg 0.036510412327198795	false	0.5
unbewiesen	neg 1.0	neg 1.0	neg 0.5035555860447296 __DUMMY__ 0.45760807751187077 off 0.03883633644339966	false	1.0
verschleppen	neg 1.0		__DUMMY__ 0.9235905252706691 off 0.039238841802138796 neg 0.03717063292719213	false	0.5
weib	off 1.0		__DUMMY__ 0.9068959287772229 off 0.05454537131171905 neg 0.038558699911058036	false	1.0
opposition	neg 1.0		__DUMMY__ 0.91911558771248 off 0.042453027995787825 neg 0.03843138429173222	false	0.5
verkehrswidrig	neg 1.0		__DUMMY__ 0.9160773985282469 off 0.04971146364041178 neg 0.034211137831341415	false	0.5
inkorrekt	neg 1.0		__DUMMY__ 0.9141253199178174 off 0.049006804068955585 neg 0.03686787601322694	false	0.5
vermeiden	neg 1.0		__DUMMY__ 0.9291885027105499 neg 0.03696448025023946 off 0.03384701703921072	false	1.0
abweichung	neg 1.0	neg 1.0	neg 0.5022039240348252 __DUMMY__ 0.4619876019556124 off 0.03580847400956254	false	1.0
alkoholisiert	neg 1.0		__DUMMY__ 0.9305011706225912 off 0.03628914010014092 neg 0.03320968927726789	false	0.5
scheiss	off 1.0	off 1.0	off 0.5128227902725699 __DUMMY__ 0.45205617457583847 neg 0.0351210351515916	false	1.0
herausforderung	neg 1.0		__DUMMY__ 0.9236368419785151 off 0.0392425882617882 neg 0.03712056975969674	false	0.5
pervers	off 1.0		__DUMMY__ 0.9062496377555869 off 0.05646804111181014 neg 0.037282321132602915	false	1.0
wackelig	neg 1.0		__DUMMY__ 0.9247653041719347 off 0.03873604308967283 neg 0.0364986527383925	false	0.5
verwickeln	neg 1.0		__DUMMY__ 0.9203890575224329 off 0.043053135531883 neg 0.03655780694568406	false	0.5
vorwand	neg 1.0		__DUMMY__ 0.9258674809242149 neg 0.03751464423289434 off 0.03661787484289073	false	1.0
muschi	off 1.0		__DUMMY__ 0.9227728427618637 off 0.04069406258936706 neg 0.036533094648769256	false	1.0
entmutigung	neg 1.0		__DUMMY__ 0.9163932283755807 off 0.04378455473476422 neg 0.03982221688965513	false	0.5
unangemessen	neg 1.0		__DUMMY__ 0.9230793857473066 off 0.04046447689022481 neg 0.03645613736246852	false	0.5
unstetig	neg 1.0		__DUMMY__ 0.9180692379944285 off 0.04440326092551729 neg 0.03752750108005422	false	0.5
entmutigen	neg 1.0		__DUMMY__ 0.9209681365751484 off 0.04204447455971308 neg 0.036987388865138505	false	0.5
schwanz	neg 1.0		__DUMMY__ 0.923326236677954 off 0.038715059803980274 neg 0.03795870351806579	false	0.5
verbot	neg 1.0		__DUMMY__ 0.9213923247167443 off 0.04037143925147164 neg 0.03823623603178405	false	0.5
leid	neg 1.0		__DUMMY__ 0.9131150820612112 off 0.050062479673048985 neg 0.03682243826573995	false	0.5
archaisch	neg 1.0		__DUMMY__ 0.9215580852845993 off 0.04014141036591084 neg 0.03830050434948991	false	0.5
gegen			__DUMMY__ 0.9282037818710648 off 0.03647309277436718 neg 0.03532312535456807	false	0.0
scheidung	neg 1.0		__DUMMY__ 0.9082595414962472 off 0.05952018961709122 neg 0.03222026888666161	false	0.5
einschlag	neg 1.0		__DUMMY__ 0.9178737113469224 off 0.04894219774349911 neg 0.03318409090957845	false	0.5
m			__DUMMY__ 0.9236679019649482 off 0.039255990261670384 neg 0.037076107773381405	false	0.0
abgestanden	neg 1.0		__DUMMY__ 0.9152501123124501 neg 0.04408997148345053 off 0.040659916204099304	false	1.0
schmierig	off 1.0		__DUMMY__ 0.9129166984414355 off 0.04988163015307683 neg 0.03720167140548765	false	1.0
unpraktisch	neg 1.0		__DUMMY__ 0.921496580883414 off 0.04204782786947635 neg 0.03645559124710963	false	0.5
wixxer	off 1.0		__DUMMY__ 0.9041364022561325 off 0.05683186176616511 neg 0.03903173597770236	false	1.0
bezeichnet			__DUMMY__ 0.9223060329916767 off 0.041649425708681416 neg 0.036044541299641936	false	0.0
jammerlappen	off 1.0		__DUMMY__ 0.9176510693388403 off 0.04567665494579292 neg 0.03667227571536672	false	1.0
farce	neg 1.0		__DUMMY__ 0.9194258235236543 off 0.041693823862625025 neg 0.03888035261372055	false	0.5
zwecklos	neg 1.0		__DUMMY__ 0.9226804301327565 off 0.039667487811298204 neg 0.0376520820559453	false	0.5
turbulent	neg 1.0		__DUMMY__ 0.9148440807536451 off 0.047271067379895906 neg 0.03788485186645907	false	0.5
invasion	neg 1.0		__DUMMY__ 0.9192351542814869 off 0.04344602684171566 neg 0.037318818876797374	false	0.5
schuld	neg 1.0		__DUMMY__ 0.9208779918210053 off 0.04245542131330622 neg 0.03666658686568855	false	0.5
risiko	neg 1.0		__DUMMY__ 0.9171654251543235 off 0.04315234641030557 neg 0.03968222843537086	false	0.5
finster	neg 1.0		__DUMMY__ 0.9197144320935071 off 0.040357399390330874 neg 0.03992816851616204	false	0.5
geisteskrank	off 1.0		__DUMMY__ 0.9154700327866564 off 0.04790767343072006 neg 0.036622293782623556	false	1.0
zusammenbrechen	neg 1.0		__DUMMY__ 0.9222108206396554 off 0.03977539570548806 neg 0.038013783654856546	false	0.5
ausbeute	neg 1.0		__DUMMY__ 0.9260279082049756 off 0.03992797024138454 neg 0.03404412155363988	false	0.5
hinterhalt	neg 1.0		__DUMMY__ 0.9221061104932722 off 0.03975994301383633 neg 0.038133946492891535	false	0.5
kritik	neg 1.0		__DUMMY__ 0.9196548769880718 off 0.04150347281208714 neg 0.03884165019984098	false	0.5
einschrumpfen	neg 1.0		__DUMMY__ 0.9150886709174217 off 0.04582420120442771 neg 0.03908712787815054	false	0.5
riskant	neg 1.0		__DUMMY__ 0.9239367447785285 neg 0.03843323600350161 off 0.03763001921796994	false	1.0
frustrieren	neg 1.0		__DUMMY__ 0.9230059953272938 neg 0.03857757923277924 off 0.03841642543992695	false	1.0
groll	neg 1.0		__DUMMY__ 0.9243372963750446 off 0.03980637000047688 neg 0.03585633362447853	false	0.5
gibt			__DUMMY__ 0.9232163575187147 off 0.039436990646559644 neg 0.037346651834725686	false	0.0
qualvoll	neg 1.0		__DUMMY__ 0.9200920565245373 off 0.04292926264519317 neg 0.03697868083026956	false	0.5
wackeln	neg 1.0		__DUMMY__ 0.9219821639682503 off 0.0409627704671129 neg 0.0370550655646369	false	0.5
klagen	neg 1.0		__DUMMY__ 0.9249810404652359 neg 0.03812431654136685 off 0.036894642993397266	false	1.0
bankrott	neg 1.0		__DUMMY__ 0.9190770620046742 off 0.044870193190117334 neg 0.036052744805208446	false	0.5
trauern	neg 1.0		__DUMMY__ 0.9293797372776677 off 0.03749620051787263 neg 0.033124062204459605	false	0.5
ablehnung	neg 1.0		__DUMMY__ 0.9200589352730156 off 0.04098640392633619 neg 0.0389546608006482	false	0.5
stur	neg 1.0		__DUMMY__ 0.9202613790183469 off 0.042431981072619564 neg 0.03730663990903342	false	0.5
aufruhr	neg 1.0	neg 1.0	neg 0.502833533235745 __DUMMY__ 0.4593559996820541 off 0.03781046708220102	false	1.0
melancholie	neg 1.0		__DUMMY__ 0.9231477208174544 neg 0.04003949433870019 off 0.03681278484384543	false	1.0
ist			__DUMMY__ 0.9200407738916456 off 0.04275118847468671 neg 0.037208037633667666	false	0.0
torheit	neg 1.0		__DUMMY__ 0.9203446215152852 off 0.04258269693609677 neg 0.03707268154861808	false	0.5
dreckskind	off 1.0		__DUMMY__ 0.9085541985808124 off 0.053701694030006845 neg 0.03774410738918065	false	1.0
umtauschen	neg 1.0		__DUMMY__ 0.9222809421031164 off 0.0401841218586772 neg 0.03753493603820634	false	0.5
zum			__DUMMY__ 0.9335470053422622 off 0.03385154335173097 neg 0.032601451306006925	false	0.0
zersetzen	neg 1.0		__DUMMY__ 0.9235197623457736 neg 0.03890138651127911 off 0.0375788511429472	false	1.0
zur			__DUMMY__ 0.9292013285302744 neg 0.03657899035134223 off 0.034219681118383374	false	0.0
frust	neg 1.0		__DUMMY__ 0.9229162042878535 off 0.039635408407998535 neg 0.03744838730414807	false	0.5
unerbittlichkeit	neg 1.0		__DUMMY__ 0.9250282292682779 off 0.03822030583676163 neg 0.036751464894960506	false	0.5
zwei			__DUMMY__ 0.9302836297364248 neg 0.036232252551989384 off 0.03348411771158578	false	0.0
unkorrekt	neg 1.0		__DUMMY__ 0.9153969458425908 off 0.047705311740910084 neg 0.03689774241649913	false	0.5
hexe	off 1.0		__DUMMY__ 0.9145493281406476 off 0.044968620902540626 neg 0.04048205095681172	false	1.0
lasch	neg 1.0		__DUMMY__ 0.918876919903068 off 0.045034873495949174 neg 0.03608820660098288	false	0.5
rivale	neg 1.0		__DUMMY__ 0.9148839577992386 off 0.04874650610340723 neg 0.03636953609735417	false	0.5
mutlos	off 1.0	off 1.0	off 0.5058108963688747 __DUMMY__ 0.45992601765285906 neg 0.03426308597826629	false	1.0
wirr	off 1.0		__DUMMY__ 0.9130517933420871 off 0.049389202753290846 neg 0.037559003904622	false	1.0
jahr			__DUMMY__ 0.9304618092945618 off 0.037061218470735346 neg 0.032476972234702965	false	0.0
wird			__DUMMY__ 0.9242441040550525 off 0.038819627475470075 neg 0.03693626846947742	false	0.0
strafbar	neg 1.0		__DUMMY__ 0.9254572204906909 off 0.03813225535300721 neg 0.03641052415630185	false	0.5
erosion	neg 1.0		__DUMMY__ 0.921971825752289 off 0.04124666711290362 neg 0.03678150713480736	false	0.5
eingehen	neg 1.0		__DUMMY__ 0.9230787833820725 neg 0.03861277648479319 off 0.03830844013313436	false	1.0
faul	off 1.0		__DUMMY__ 0.9188751870530804 off 0.044514542491774445 neg 0.036610270455145116	false	1.0
provisorium	neg 1.0		__DUMMY__ 0.9338674743540214 neg 0.03516058457971796 off 0.03097194106626069	false	1.0
schmerzen	neg 1.0		__DUMMY__ 0.9218656885140005 off 0.039700621253803706 neg 0.038433690232195714	false	0.5
schrumpfen	neg 1.0		__DUMMY__ 0.9254346797252362 neg 0.040119823803617345 off 0.034445496471146454	false	1.0
geistlos	off 1.0		__DUMMY__ 0.9171311456627167 off 0.04419942811942782 neg 0.038669426217855435	false	1.0
fehlkauf	neg 1.0		__DUMMY__ 0.9185663920849927 off 0.043493244851439926 neg 0.03794036306356739	false	0.5
frustrierend	neg 1.0		__DUMMY__ 0.9179716460237971 off 0.04460146511637662 neg 0.0374268888598263	false	0.5
unzufrieden	neg 1.0		__DUMMY__ 0.9232437849751534 off 0.03950488745592923 neg 0.03725132756891739	false	0.5
verzweifeln	neg 1.0		__DUMMY__ 0.9225286582238533 off 0.0404945038106697 neg 0.036976837965476954	false	0.5
verzweifelt	neg 1.0		__DUMMY__ 0.920051199748944 off 0.042490578113182034 neg 0.03745822213787389	false	0.5
misstrauensantrag	neg 1.0		__DUMMY__ 0.9195950027708621 off 0.042813608663252234 neg 0.03759138856588567	false	0.5
abfallen	neg 1.0		__DUMMY__ 0.9209649631519751 off 0.04101675532146932 neg 0.038018281526555654	false	0.5
fucker	off 1.0		__DUMMY__ 0.9155144059844943 off 0.048577687797775854 neg 0.035907906217729824	false	1.0
ungezogen	neg 1.0		__DUMMY__ 0.9089358407392263 off 0.05441923681128855 neg 0.03664492244948513	false	0.5
irrsinnig	neg 1.0	neg 1.0	neg 0.5045309273575116 __DUMMY__ 0.45701628898145735 off 0.03845278366103098	false	1.0
unfassbar	neg 1.0		__DUMMY__ 0.9173956912505185 off 0.04638311261930602 neg 0.036221196130175576	false	0.5
hart	neg 1.0		__DUMMY__ 0.9115408544577498 off 0.0464059083415962 neg 0.042053237200653994	false	0.5
widerlich	off 1.0		__DUMMY__ 0.9161659222730122 off 0.04687033350900899 neg 0.03696374421797879	false	1.0
fatal	neg 1.0	neg 1.0	neg 0.5066976241055732 __DUMMY__ 0.4534691512366443 off 0.03983322465778254	false	1.0
bruch	neg 1.0		__DUMMY__ 0.9280191845362291 neg 0.03629501452052511 off 0.03568580094324583	false	1.0
aushungern	neg 1.0		__DUMMY__ 0.921299441608419 off 0.04062209191881223 neg 0.03807846647276884	false	0.5
anspannung	neg 1.0		__DUMMY__ 0.9310429729444524 neg 0.03515330442403461 off 0.033803722631513024	false	1.0
von			__DUMMY__ 0.926274689332853 neg 0.03716859049257476 off 0.0365567201745722	false	0.0
kraftlos	neg 1.0		__DUMMY__ 0.923624550351603 off 0.038823845610500035 neg 0.03755160403789709	false	0.5
vom			__DUMMY__ 0.9354229170557091 neg 0.0333386506729791 off 0.031238432271311792	false	0.0
grenzdebil	off 1.0		__DUMMY__ 0.9159226276009561 off 0.0466067954466972 neg 0.03747057695234666	false	1.0
vor			__DUMMY__ 0.9269949925135527 neg 0.03719231365174783 off 0.03581269383469958	false	0.0
unterwerfen	neg 1.0		__DUMMY__ 0.9252195945403288 off 0.03861722852888345 neg 0.0361631769307879	false	0.5
versenkung	neg 1.0		__DUMMY__ 0.9252465141957483 off 0.03828878195077415 neg 0.03646470385347749	false	0.5
entziehen	neg 1.0		__DUMMY__ 0.9257703195746619 neg 0.03764654338913582 off 0.03658313703620222	false	1.0
finanzkrise	neg 1.0		__DUMMY__ 0.9150584784992258 neg 0.04373978508689841 off 0.04120173641387579	false	1.0
schimpfend	neg 1.0		__DUMMY__ 0.9230502923929111 off 0.041393481165140536 neg 0.03555622644194836	false	0.5
profan	neg 1.0		__DUMMY__ 0.9190830821061883 off 0.043259442160832884 neg 0.037657475732978875	false	0.5
korruption	neg 1.0		__DUMMY__ 0.9208008643035068 off 0.03996782211379089 neg 0.0392313135827023	false	0.5
â			__DUMMY__ 0.9233757102149939 off 0.03872149326315694 neg 0.037902796521849205	false	0.0
schmutzig	neg 1.0		__DUMMY__ 0.9163669483465611 off 0.046744257455727564 neg 0.036888794197711405	false	0.5
sexy	neg 1.0		__DUMMY__ 0.9192022978685255 off 0.0444792344632289 neg 0.03631846766824574	false	0.5
abraten	neg 1.0		__DUMMY__ 0.9205031532650225 off 0.04276039777481727 neg 0.03673644896016022	false	0.5
schwarz	neg 1.0		__DUMMY__ 0.919922621511283 off 0.04318477558286336 neg 0.036892602905853625	false	0.5
fotze	off 1.0	off 1.0	off 0.5059687046129605 __DUMMY__ 0.4599420766070516 neg 0.034089218779987863	false	1.0
verwirren	neg 1.0		__DUMMY__ 0.9196673522158553 off 0.04353286029922376 neg 0.036799787484921034	false	0.5
zahnlos	off 1.0		__DUMMY__ 0.922546462206395 off 0.04035555754516318 neg 0.03709798024844171	false	1.0
verheeren	neg 1.0		__DUMMY__ 0.9084713525106629 off 0.05583629021674242 neg 0.03569235727259462	false	0.5
hippie	neg 1.0		__DUMMY__ 0.9187680434914297 off 0.04429563340314184 neg 0.03693632310542842	false	0.5
rammen	neg 1.0		__DUMMY__ 0.921437235231417 off 0.04115954647445494 neg 0.03740321829412815	false	0.5
unlauter	neg 1.0		__DUMMY__ 0.9186375683588766 off 0.043157631423640534 neg 0.038204800217482904	false	0.5
unheilvoll	neg 1.0		__DUMMY__ 0.9199358453810903 off 0.04188764039902637 neg 0.038176514219883335	false	0.5
niedrig	neg 1.0		__DUMMY__ 0.9219987825016127 neg 0.03936766321560293 off 0.03863355428278437	false	1.0
explosion	neg 1.0		__DUMMY__ 0.9193329869471215 off 0.044077125950098585 neg 0.036589887102779925	false	0.5
weichei	off 1.0	off 1.0	off 0.5164524456955254 __DUMMY__ 0.4483042353509726 neg 0.03524331895350209	false	1.0
minusmensch	off 1.0		__DUMMY__ 0.906401301679617 off 0.05587706999377374 neg 0.03772162832660931	false	1.0
farblos	neg 1.0		__DUMMY__ 0.9208309387088276 off 0.04171698883386349 neg 0.03745207245730892	false	0.5
unwissend	neg 1.0	neg 1.0	neg 0.5044702532338396 __DUMMY__ 0.4541389691320238 off 0.0413907776341366	false	1.0
traurig	neg 1.0		__DUMMY__ 0.9152314572248121 off 0.048493458685806186 neg 0.03627508408938165	false	0.5
senkung	neg 1.0		__DUMMY__ 0.9155574195003917 off 0.0437253366212098 neg 0.040717243878398486	false	0.5
ungleich	neg 1.0	neg 1.0	neg 0.50451760956976 __DUMMY__ 0.4602273009331073 off 0.03525508949713266	false	1.0
heikel	neg 1.0		__DUMMY__ 0.9248600715747941 off 0.037736017545181105 neg 0.037403910880024864	false	0.5
drosselung	neg 1.0		__DUMMY__ 0.9127086852050642 off 0.04664775859696323 neg 0.040643556197972545	false	0.5
falsch	neg 1.0		__DUMMY__ 0.9192170469420295 off 0.04464591401679086 neg 0.036137039041179514	false	0.5
unzufriedenheit	neg 1.0		__DUMMY__ 0.9228331424641472 neg 0.03943646954755048 off 0.037730387988302416	false	1.0
kurz	neg 1.0		__DUMMY__ 0.9247963466532597 off 0.039209902915226975 neg 0.0359937504315132	false	0.5
unsinnig	neg 1.0		__DUMMY__ 0.9203504354232456 off 0.04074853115976241 neg 0.03890103341699203	false	0.5
penner	off 1.0	off 1.0	off 0.5180138679274217 __DUMMY__ 0.4480346801661728 neg 0.033951451906405535	false	1.0
seicht	neg 1.0		__DUMMY__ 0.9067952580060781 off 0.054161345675595926 neg 0.0390433963183259	false	0.5
dummheit	off 1.0	off 1.0	off 0.5100773531383835 __DUMMY__ 0.4549975904592978 neg 0.034925056402318695	false	1.0
unerfreulich	neg 1.0		__DUMMY__ 0.9246568201204082 neg 0.0379295276257023 off 0.03741365225388948	false	1.0
motherfucker	off 1.0	off 1.0	off 0.5139164378237057 __DUMMY__ 0.45257972200830476 neg 0.03350384016798967	false	1.0
pikiert	neg 1.0		__DUMMY__ 0.9164588952614895 off 0.045970409864148534 neg 0.03757069487436192	false	0.5
wrack	neg 1.0		__DUMMY__ 0.9289275898971165 off 0.039024756391055355 neg 0.03204765371182813	false	0.5
gangster	neg 1.0		__DUMMY__ 0.9185724930772521 off 0.04442436297249268 neg 0.037003143950255266	false	0.5
krank	neg 1.0		__DUMMY__ 0.9177949934944893 off 0.04639810542846474 neg 0.03580690107704596	false	0.5
reich	neg 1.0		__DUMMY__ 0.914888021063663 off 0.044788595615766105 neg 0.04032338332057093	false	0.5
gnadenlos	neg 1.0		__DUMMY__ 0.9213669689465206 off 0.042247276085538375 neg 0.036385754967940956	false	0.5
niedergeschlagen	neg 1.0		__DUMMY__ 0.9255204104246046 off 0.03901086415931618 neg 0.035468725416079205	false	0.5
terrorisieren	off 1.0	off 1.0	off 0.5048683385125133 __DUMMY__ 0.4618939078356533 neg 0.03323775365183338	false	1.0
sinnlosigkeit	neg 1.0		__DUMMY__ 0.9227525380189411 off 0.03987199350675648 neg 0.037375468474302474	false	0.5
behindern	neg 1.0		__DUMMY__ 0.9210320117447023 off 0.040914563923846375 neg 0.038053424331451306	false	0.5
undemokratisch	neg 1.0		__DUMMY__ 0.9183937342219496 off 0.043675362368280415 neg 0.037930903409770005	false	0.5
wirtschaftskrise	neg 1.0		__DUMMY__ 0.9194470445291696 neg 0.040902502066216206 off 0.03965045340461426	false	1.0
neid	neg 1.0		__DUMMY__ 0.9193003773543965 off 0.04387430684447817 neg 0.0368253158011253	false	0.5
rutschen	neg 1.0		__DUMMY__ 0.9301584159720733 neg 0.036616532276888554 off 0.03322505175103823	false	1.0
rezession	neg 1.0		__DUMMY__ 0.9092076538009132 off 0.049040866220298476 neg 0.04175147997878831	false	0.5
fehlgeburt	neg 1.0		__DUMMY__ 0.9235520509824403 off 0.04106721180891586 neg 0.03538073720864387	false	0.5
charakterschwach	off 1.0		__DUMMY__ 0.9157090322533136 off 0.046554401136393704 neg 0.03773656661029269	false	1.0
isolation	neg 1.0		__DUMMY__ 0.9199802200572734 off 0.04447410842837495 neg 0.03554567151435156	false	0.5
ablenkung	neg 1.0		__DUMMY__ 0.9226920738915668 off 0.04093932713784735 neg 0.036368598970585815	false	0.5
pech	neg 1.0		__DUMMY__ 0.9181746926628125 off 0.04443918293910917 neg 0.037386124398078445	false	0.5
vermeidung	neg 1.0		__DUMMY__ 0.9154953899032898 off 0.04647680327571593 neg 0.03802780682099429	false	0.5
dominieren	neg 1.0		__DUMMY__ 0.9230673466794798 off 0.040030464490347424 neg 0.03690218883017276	false	0.5
schwindlig	neg 1.0		__DUMMY__ 0.9198182801271951 off 0.04238950449594559 neg 0.03779221537685929	false	0.5
lutscher	neg 1.0	neg 1.0	neg 0.5055004368412658 __DUMMY__ 0.44411404552251105 off 0.0503855176362231	false	1.0
pflicht	neg 1.0		__DUMMY__ 0.9266654441316328 off 0.03672899890643639 neg 0.03660555696193092	false	0.5
faschist	off 1.0		__DUMMY__ 0.9194069153677324 off 0.04487029705024507 neg 0.035722787582022436	false	1.0
verschleudern	neg 1.0		__DUMMY__ 0.9202492039618184 neg 0.04123527626663813 off 0.03851551977154348	false	1.0
wenn			__DUMMY__ 0.9177204516779665 off 0.04542046492179518 neg 0.03685908340023845	false	0.0
ehebruch	neg 1.0		__DUMMY__ 0.9238684703315274 off 0.03915727755544694 neg 0.03697425211302562	false	0.5
spott	off 1.0		__DUMMY__ 0.9249331636474792 off 0.03901108131424812 neg 0.03605575503827268	false	1.0
trostlosigkeit	neg 1.0		__DUMMY__ 0.9233924858326791 neg 0.039973489170145086 off 0.036634024997175885	false	1.0
lutschen	neg 1.0		__DUMMY__ 0.9176448756281421 off 0.04477487141519263 neg 0.03758025295666525	false	0.5
undiszipliniert	neg 1.0		__DUMMY__ 0.9153574801904304 off 0.04781390807572976 neg 0.03682861173383982	false	0.5
kopfschmerz	neg 1.0		__DUMMY__ 0.9213706810025477 neg 0.04057320010974657 off 0.03805611888770576	false	1.0
unvorhergesehen	neg 1.0		__DUMMY__ 0.928077675580731 off 0.03612657883964732 neg 0.03579574557962171	false	0.5
desinteressiert	neg 1.0		__DUMMY__ 0.9155103756785484 off 0.04739514645749922 neg 0.03709447786395232	false	0.5
armselig	off 1.0		__DUMMY__ 0.9144662168873737 off 0.049465028361948646 neg 0.03606875475067764	false	1.0
desaster	neg 1.0		__DUMMY__ 0.9253733620927667 neg 0.03831344853879319 off 0.03631318936844011	false	1.0
tod	neg 1.0		__DUMMY__ 0.9256224989409993 off 0.03780553736874078 neg 0.03657196369025986	false	0.5
herzlos	neg 1.0		__DUMMY__ 0.914723384177993 off 0.04887541276473828 neg 0.03640120305726871	false	0.5
unwissenheit	neg 1.0		__DUMMY__ 0.922861473248317 off 0.039580094432307436 neg 0.03755843231937558	false	0.5
widersinnig	neg 1.0		__DUMMY__ 0.9193098604302673 off 0.040966093267634444 neg 0.03972404630209832	false	0.5
bedenklich	neg 1.0		__DUMMY__ 0.922595380032102 off 0.03888040745280027 neg 0.03852421251509785	false	0.5
beanstanden	neg 1.0		__DUMMY__ 0.9270818267750378 off 0.03720791815793094 neg 0.03571025506703129	false	0.5
panisch	neg 1.0		__DUMMY__ 0.9216962021301794 off 0.04253629867179364 neg 0.035767499198026936	false	0.5
debil	off 1.0		__DUMMY__ 0.9304513253791971 neg 0.03816355740359583 off 0.031385117217207006	false	0.5
abstrich	neg 1.0		__DUMMY__ 0.9229578629614917 off 0.03887155475931886 neg 0.038170582279189354	false	0.5
primitiv	neg 1.0		__DUMMY__ 0.9158249764756906 off 0.04763176028117571 neg 0.03654326324313371	false	0.5
abschaum	off 1.0	off 1.0	off 0.5121980403060025 __DUMMY__ 0.4555627194546626 neg 0.032239240239334915	false	1.0
provozieren	neg 1.0		__DUMMY__ 0.9206190419716886 off 0.042263554468473796 neg 0.03711740355983749	false	0.5
tot	neg 1.0		__DUMMY__ 0.9220480087622469 neg 0.039023561360494306 off 0.03892842987725884	false	1.0
instabil	neg 1.0		__DUMMY__ 0.9119575413132412 off 0.04967174429397391 neg 0.0383707143927848	false	0.5
schwuchtel	off 1.0	off 1.0	off 0.5239008982698108 __DUMMY__ 0.4414475775169672 neg 0.034651524213221936	false	1.0
zerren	neg 1.0		__DUMMY__ 0.9245923084533794 off 0.039102748974817914 neg 0.03630494257180262	false	0.5
kinderficker	off 1.0		__DUMMY__ 0.9125577630664509 off 0.05145452720069038 neg 0.03598770973285873	false	1.0
gefahr	neg 1.0		__DUMMY__ 0.9270421433388196 off 0.037093582110725075 neg 0.03586427455045526	false	0.5
rabiat	neg 1.0		__DUMMY__ 0.9216866470691764 off 0.040737337785726684 neg 0.03757601514509698	false	0.5
verlangsamung	neg 1.0		__DUMMY__ 0.9095071613447345 off 0.05298354476158857 neg 0.03750929389367685	false	0.5
ausgestorben	neg 1.0		__DUMMY__ 0.9228262742150349 off 0.04031246234046754 neg 0.036861263444497555	false	0.5
anklagen	neg 1.0		__DUMMY__ 0.9235393029022303 off 0.040151171423996455 neg 0.036309525673773255	false	0.5
trott	neg 1.0		__DUMMY__ 0.9216934166455478 off 0.041130983441064806 neg 0.037175599913387244	false	0.5
verminderung	neg 1.0		__DUMMY__ 0.9159410452827619 off 0.046448949806820246 neg 0.037610004910417875	false	0.5
nach			__DUMMY__ 0.9321843325858812 neg 0.03559010288104151 off 0.03222556453307729	false	0.0
rost	neg 1.0		__DUMMY__ 0.9127129925269688 off 0.05374209181464698 neg 0.03354491565838427	false	0.5
destruktiv	neg 1.0		__DUMMY__ 0.920865860516241 off 0.04134033377254027 neg 0.03779380571121877	false	0.5
unzumutbarkeit	neg 1.0		__DUMMY__ 0.9160898436721677 off 0.04648820406587804 neg 0.03742195226195421	false	0.5
labil	off 1.0	off 1.0	off 0.5116603407029454 __DUMMY__ 0.454171249921489 neg 0.03416840937556555	false	1.0
ziemlich	neg 1.0		__DUMMY__ 0.9179329426346281 off 0.04604759125617159 neg 0.03601946610920036	false	0.5
lachnummer	off 1.0		__DUMMY__ 0.9220764094582555 off 0.0420053236490811 neg 0.0359182668926634	false	1.0
oder			__DUMMY__ 0.922378702769139 off 0.041481087476397616 neg 0.03614020975446338	false	0.0
verfall	neg 1.0		__DUMMY__ 0.9255831307592811 neg 0.039928856055288654 off 0.0344880131854303	false	1.0
ausgrenzung	neg 1.0		__DUMMY__ 0.918127864539425 off 0.04354615359769432 neg 0.038325981862880734	false	0.5
unordnung	neg 1.0		__DUMMY__ 0.9130060063863953 off 0.04983783312411242 neg 0.03715616048949235	false	0.5
fehlverhalten	neg 1.0		__DUMMY__ 0.924542813360327 off 0.038235559978103933 neg 0.03722162666156914	false	0.5
eine			__DUMMY__ 0.9258040944327277 neg 0.037958794689984775 off 0.036237110877287475	false	0.0
nille	neg 1.0		__DUMMY__ 0.9214072737138377 off 0.04165529898919088 neg 0.036937427296971366	false	0.5
qual	neg 1.0		__DUMMY__ 0.9215657015156195 off 0.0408847639856788 neg 0.03754953449870167	false	0.5
verschwenden	neg 1.0		__DUMMY__ 0.9229365336571909 neg 0.039302007834307276 off 0.03776145850850187	false	1.0
riesig	neg 1.0		__DUMMY__ 0.9256632494636973 off 0.037675468652768725 neg 0.036661281883534014	false	0.5
verurteilen	neg 1.0		__DUMMY__ 0.9231644214354 off 0.040072623760910545 neg 0.03676295480368949	false	0.5
klischee	neg 1.0	neg 1.0	neg 0.5048140278931007 __DUMMY__ 0.45432254062654426 off 0.040863431480355095	false	1.0
diktatorisch	neg 1.0		__DUMMY__ 0.9181147010870176 off 0.043796099323162675 neg 0.03808919958981965	false	0.5
vorhersehbar	neg 1.0		__DUMMY__ 0.9175617546540842 off 0.04415607969498543 neg 0.038282165650930414	false	0.5
sowie			__DUMMY__ 0.9108464765547988 off 0.05079481305921998 neg 0.038358710385981175	false	0.0
stornieren	neg 1.0		__DUMMY__ 0.9243744226080384 off 0.04344269623616777 neg 0.032182881155793895	false	0.5
besteuerung	neg 1.0	neg 1.0	neg 0.5083401715568447 __DUMMY__ 0.45337264615769945 off 0.03828718228545583	false	1.0
ungeschminkt	neg 1.0		__DUMMY__ 0.9153965160403195 off 0.0471120406423798 neg 0.03749144331730066	false	0.5
kritisch	neg 1.0		__DUMMY__ 0.923063084257966 off 0.03968299896056102 neg 0.03725391678147301	false	0.5
schlamperei	off 1.0		__DUMMY__ 0.9241831697216694 off 0.0385377939989211 neg 0.037279036279409546	false	1.0
sucht	neg 1.0	neg 1.0	neg 0.5029523188469921 __DUMMY__ 0.45896013447312534 off 0.03808754667988251	false	1.0
egoistisch	off 1.0	off 1.0	off 0.5163672895190359 __DUMMY__ 0.4508800539652223 neg 0.032752656515741885	false	1.0
ausbeuter	off 1.0		__DUMMY__ 0.9226363719247386 neg 0.039281901130642775 off 0.038081726944618595	false	0.5
arschgeburt	off 1.0		__DUMMY__ 0.902373453813144 off 0.05926896845447089 neg 0.0383575777323851	false	1.0
schubs	neg 1.0		__DUMMY__ 0.9222155207231995 neg 0.03965019762422034 off 0.03813428165258016	false	1.0
unsolide	neg 1.0		__DUMMY__ 0.9196386354880486 off 0.043995098364620636 neg 0.03636626614733086	false	0.5
beschwerde	neg 1.0		__DUMMY__ 0.9237695089228299 off 0.0398572223140029 neg 0.03637326876316721	false	0.5
stocken	neg 1.0		__DUMMY__ 0.9234897271903705 off 0.03892229034401087 neg 0.03758798246561865	false	0.5
isolieren	neg 1.0		__DUMMY__ 0.9215101802710999 off 0.03982017512782042 neg 0.03866964460107974	false	0.5
unheilbar	neg 1.0		__DUMMY__ 0.921863949301754 off 0.04161766321015113 neg 0.03651838748809495	false	0.5
pisser	off 1.0	off 1.0	off 0.5143351454338473 __DUMMY__ 0.4519238679158728 neg 0.03374098665027989	false	1.0
löschen	neg 1.0		__DUMMY__ 0.9206637984852138 off 0.041780946264284066 neg 0.03755525525050217	false	0.5
durchfallen	neg 1.0		__DUMMY__ 0.9237140447298939 off 0.03935112541056178 neg 0.03693482985954427	false	0.5
wichser	off 1.0	off 1.0	off 0.5205156188420955 __DUMMY__ 0.44551944498289575 neg 0.03396493617500877	false	1.0
terror	neg 1.0		__DUMMY__ 0.9191570005212765 off 0.04387642873707554 neg 0.036966570741648046	false	0.5
krass	neg 1.0		__DUMMY__ 0.9131114074180131 off 0.04992911643901049 neg 0.03695947614297644	false	0.5
revolte	neg 1.0		__DUMMY__ 0.915894864587732 off 0.044972534181023406 neg 0.03913260123124472	false	0.5
besorgt	neg 1.0		__DUMMY__ 0.925274245145837 off 0.03953981014980729 neg 0.03518594470435567	false	0.5
nachlassen	neg 1.0		__DUMMY__ 0.9249170526157334 off 0.038538276206267146 neg 0.036544671177999394	false	0.5
alt	neg 1.0		__DUMMY__ 0.9203571060182022 neg 0.041792230552162274 off 0.037850663429635556	false	1.0
hundesohn	off 1.0	off 1.0	off 0.5200030071067105 __DUMMY__ 0.44502650954153367 neg 0.03497048335175571	false	1.0
als			__DUMMY__ 0.922404658187939 off 0.03967761153323324 neg 0.03791773027882774	false	0.0
abschreckung	neg 1.0		__DUMMY__ 0.9248594227248357 off 0.0375771068966614 neg 0.03756347037850299	false	0.5
unqualifiziert	neg 1.0		__DUMMY__ 0.9184182115487002 off 0.045342798530436615 neg 0.03623898992086321	false	0.5
abgewichst	off 1.0		__DUMMY__ 0.9223769032075075 off 0.04091096237596528 neg 0.03671213441652722	false	1.0
schwer	neg 1.0		__DUMMY__ 0.9220561484330605 off 0.040900389907644684 neg 0.03704346165929474	false	0.5
bedeutungslosigkeit	neg 1.0		__DUMMY__ 0.9243568112172929 off 0.037984666745797355 neg 0.037658522036909794	false	0.5
kapitulation	neg 1.0		__DUMMY__ 0.921415598862265 off 0.03950420102923528 neg 0.03908020010849974	false	0.5
unscharf	neg 1.0		__DUMMY__ 0.9160851529740842 off 0.04253249063162627 neg 0.041382356394289554	false	0.5
schwinden	neg 1.0		__DUMMY__ 0.9220978183005004 neg 0.03988084721815563 off 0.038021334481343934	false	1.0
versklavung	neg 1.0	neg 1.0	neg 0.5056960633752238 __DUMMY__ 0.45501066170530163 off 0.039293274919474645	false	1.0
schlecht	neg 1.0		__DUMMY__ 0.9184228266726641 off 0.046233004213291476 neg 0.03534416911404446	false	0.5
verhasst	neg 1.0		__DUMMY__ 0.919990819753348 off 0.04287642622464585 neg 0.037132754022006186	false	0.5
beschweren	neg 1.0		__DUMMY__ 0.9213314342453359 off 0.042977066889120494 neg 0.03569149886554364	false	0.5
scheiden	neg 1.0		__DUMMY__ 0.9217848276016132 off 0.04092167674740429 neg 0.03729349565098254	false	0.5
frustriert	neg 1.0		__DUMMY__ 0.9229204587024255 off 0.04024015663678321 neg 0.036839384660791286	false	0.5
schimmelig	neg 1.0		__DUMMY__ 0.9213372482532265 neg 0.04060963505496118 off 0.0380531166918123	false	1.0
fisch	neg 1.0		__DUMMY__ 0.9226430800430873 neg 0.042047901585307204 off 0.03530901837160551	false	1.0
schmuggel	neg 1.0		__DUMMY__ 0.9283387552342418 off 0.03633702342715153 neg 0.03532422133860668	false	0.5
auffallen	neg 1.0		__DUMMY__ 0.9201446383892972 off 0.0433283580710803 neg 0.03652700353962254	false	0.5
konkurrenz	neg 1.0		__DUMMY__ 0.9263687164666722 off 0.037629198083858055 neg 0.03600208544946976	false	0.5
teufelskreis	neg 1.0	neg 1.0	neg 0.5062755108894079 __DUMMY__ 0.45643120619431155 off 0.037293282916280535	false	1.0
aufschreien	neg 1.0		__DUMMY__ 0.9183944454601419 off 0.0439472390972711 neg 0.03765831544258693	false	0.5
schuldner	neg 1.0		__DUMMY__ 0.9210369858585015 neg 0.041147048682847624 off 0.03781596545865098	false	1.0
missgeburt	off 1.0	off 1.0	off 0.5182854238733864 __DUMMY__ 0.448616287892257 neg 0.033098288234356635	false	1.0
arbeitslos	neg 1.0		__DUMMY__ 0.923169261280888 off 0.03936612017826398 neg 0.03746461854084793	false	0.5
befallen	neg 1.0		__DUMMY__ 0.9185968584439822 off 0.04076276428936166 neg 0.040640377266656126	false	0.5
miesepetrig	off 1.0	off 1.0	off 0.5110900377907023 __DUMMY__ 0.4550378490070246 neg 0.033872113202273006	false	1.0
alarmieren	neg 1.0		__DUMMY__ 0.9186959146212679 off 0.04574256147839212 neg 0.03556152390034005	false	0.5
ungeduscht	off 1.0		__DUMMY__ 0.9173764765799147 off 0.04443269397412981 neg 0.038190829445955435	false	1.0
knappheit	neg 1.0		__DUMMY__ 0.9198593623350773 neg 0.040507020589859305 off 0.039633617075063535	false	1.0
schlange	neg 1.0		__DUMMY__ 0.9222442215193726 off 0.04140911963322276 neg 0.03634665884740473	false	0.5
harsch	neg 1.0		__DUMMY__ 0.9152908061462067 off 0.04967622717362047 neg 0.035032966680172785	false	0.5
lang	neg 1.0		__DUMMY__ 0.9204106163106885 off 0.04243918876941868 neg 0.03715019491989279	false	0.5
ziellos	neg 1.0		__DUMMY__ 0.9253310326036398 off 0.0378277551017432 neg 0.03684121229461701	false	0.5
selbstverliebt	neg 1.0		__DUMMY__ 0.9074489619384215 off 0.056468374504062696 neg 0.03608266355751579	false	0.5
beseitigen	neg 1.0		__DUMMY__ 0.9237142383283484 off 0.04109346856109059 neg 0.035192293110560935	false	0.5
dumm	off 1.0		__DUMMY__ 0.9112323857150921 off 0.05200987286279059 neg 0.03675774142211733	false	1.0
arbeitsloser	neg 1.0		__DUMMY__ 0.9279300740680119 off 0.03946893333834819 neg 0.032600992593640014	false	0.5
blitzen	neg 1.0		__DUMMY__ 0.9176411976761775 off 0.0447737875110254 neg 0.03758501481279712	false	0.5
hilflos	neg 1.0		__DUMMY__ 0.9231628485761815 off 0.039244536094157345 neg 0.03759261532966118	false	0.5
eklig	off 1.0		__DUMMY__ 0.9093120932105235 off 0.052323588588906095 neg 0.038364318200570374	false	1.0
begriff			__DUMMY__ 0.9220781479344373 off 0.04107085129271648 neg 0.036851000772846185	false	0.0
hungersnot	neg 1.0		__DUMMY__ 0.9213258077474427 off 0.03966110011011415 neg 0.03901309214244323	false	0.5
ungesetzlich	neg 1.0		__DUMMY__ 0.9184574505033114 off 0.04394366540904235 neg 0.03759888408764631	false	0.5
verschwendung	neg 1.0		__DUMMY__ 0.923991621245579 neg 0.038203907872745954 off 0.037804470881675024	false	1.0
schmerzvoll	neg 1.0		__DUMMY__ 0.9193363715907209 off 0.04261711794846306 neg 0.03804651046081604	false	0.5
vorzeitig	neg 1.0		__DUMMY__ 0.9189173540365551 off 0.0456894740001056 neg 0.035393171963339354	false	0.5
unvollkommenheit	neg 1.0		__DUMMY__ 0.9223102770816154 off 0.03984076821542162 neg 0.03784895470296299	false	0.5
intervenieren	neg 1.0		__DUMMY__ 0.9214004819750267 neg 0.03997998098993964 off 0.03861953703503361	false	1.0
banause	off 1.0		__DUMMY__ 0.9057200119032004 off 0.05371051934214044 neg 0.04056946875465922	false	1.0
rebell	neg 1.0		__DUMMY__ 0.9239398224373019 neg 0.04188577978505742 off 0.034174397777640766	false	1.0
unlogisch	neg 1.0		__DUMMY__ 0.9142914897206521 off 0.04836198352916507 neg 0.03734652675018285	false	0.5
leiden	neg 1.0		__DUMMY__ 0.9291128750982752 off 0.03616980387841478 neg 0.03471732102331002	false	0.5
abschaffung	neg 1.0		__DUMMY__ 0.9183473115670887 off 0.04243799801027198 neg 0.03921469042263931	false	0.5
sturz	neg 1.0		__DUMMY__ 0.9233425697729705 off 0.04306988890366361 neg 0.033587541323365895	false	0.5
verkleinerung	neg 1.0		__DUMMY__ 0.9140570122004887 off 0.04521710558433125 neg 0.04072588221518002	false	0.5
schmarotzer	off 1.0		__DUMMY__ 0.9226240322255969 off 0.04017959472756211 neg 0.03719637304684104	false	1.0
bestrafung	neg 1.0	neg 1.0	neg 0.5034294472669526 __DUMMY__ 0.45844508069323436 off 0.038125472039813084	false	1.0
achtlos	neg 1.0		__DUMMY__ 0.9237678640159473 off 0.04009980466126948 neg 0.0361323313227832	false	0.5
ungeheuer	neg 1.0		__DUMMY__ 0.9191931979702411 off 0.041528792958383416 neg 0.03927800907137548	false	0.5
