unsolidarisch	neg 1.0		off 0.5195701762275609 neg 0.4735895945590846 __DUMMY__ 0.006840229213354532	false	0.5
nachteilig	neg 1.0		off 0.5180640928858815 neg 0.4750124827116111 __DUMMY__ 0.006923424402507338	false	0.5
skeptisch	neg 1.0		off 0.5164202395889042 neg 0.47665364138365385 __DUMMY__ 0.006926119027441867	false	0.5
schrecklich	neg 1.0		off 0.5280328792189986 neg 0.46518929007082993 __DUMMY__ 0.0067778307101715365	false	0.5
schlapp	neg 1.0	neg 1.0	neg 0.7184802754676124 off 0.2782869524268377 __DUMMY__ 0.0032327721055499976	false	1.0
abfall	neg 1.0		off 0.5152107855965176 neg 0.477809183613278 __DUMMY__ 0.00698003079020457	false	0.5
widerspenstig	neg 1.0		off 0.5187498697771279 neg 0.47438752561676395 __DUMMY__ 0.006862604606108093	false	0.5
abrupt	neg 1.0		off 0.5143680759437416 neg 0.4787294145641022 __DUMMY__ 0.006902509492156195	false	0.5
unwirksam	neg 1.0		off 0.5160308869294759 neg 0.47717653476054694 __DUMMY__ 0.006792578309977203	false	0.5
angreifen	neg 1.0		off 0.516338405662523 neg 0.47672314496267154 __DUMMY__ 0.006938449374805437	false	0.5
inkonsistent	neg 1.0		off 0.5207401221116787 neg 0.4724446985985848 __DUMMY__ 0.006815179289736545	false	0.5
abrutschen	neg 1.0		off 0.5142631683850786 neg 0.4787640640631753 __DUMMY__ 0.00697276755174614	false	0.5
unsicher	neg 1.0		off 0.5210460292180221 neg 0.4720628450043805 __DUMMY__ 0.0068911257775972476	false	0.5
bauernkind	off 1.0	off 1.0	off 0.7484224237454945 neg 0.2484161914777368 __DUMMY__ 0.003161384776768848	false	1.0
angreifer	neg 1.0		off 0.5266269848371434 neg 0.46648946310748135 __DUMMY__ 0.006883552055375265	false	0.5
trennen	neg 1.0		off 0.5166796249554977 neg 0.47637135386370927 __DUMMY__ 0.006949021180793084	false	0.5
schmutz	neg 1.0		off 0.5268978419478892 neg 0.4661964946108723 __DUMMY__ 0.00690566344123845	false	0.5
inkonsistenz	neg 1.0		off 0.5246797605478442 neg 0.4684959189989239 __DUMMY__ 0.006824320453231853	false	0.5
erschreckend	neg 1.0		off 0.5197331087220772 neg 0.47338200082481124 __DUMMY__ 0.006884890453111537	false	0.5
ertrinken	neg 1.0		off 0.5145547409358971 neg 0.47852422138198997 __DUMMY__ 0.006921037682112881	false	0.5
pickelface	off 1.0		off 0.5204704857899904 neg 0.47266488939644913 __DUMMY__ 0.0068646248135604045	false	1.0
seiner			off 0.5173374136688588 neg 0.47571755399252713 __DUMMY__ 0.006945032338614114	false	0.0
lauch	neg 1.0	neg 1.0	neg 0.7243783802143368 off 0.27231989896185227 __DUMMY__ 0.0033017208238107962	false	1.0
unwichtig	neg 1.0		off 0.5246073941168145 neg 0.46856798361951535 __DUMMY__ 0.00682462226367018	false	0.5
steuerhinterziehung	neg 1.0		off 0.5189266837033241 neg 0.4742054940726823 __DUMMY__ 0.006867822223993698	false	0.5
schock	neg 1.0		off 0.5192302110347163 neg 0.473871238162594 __DUMMY__ 0.0068985508026897496	false	0.5
beule	neg 1.0		off 0.5253049478876531 neg 0.46791658835528666 __DUMMY__ 0.006778463757060191	false	0.5
vergelten	neg 1.0		off 0.5292122073048349 neg 0.4640142102411393 __DUMMY__ 0.006773582454025768	false	0.5
verdorbenheit	neg 1.0		off 0.5214625201851604 neg 0.4716735935422391 __DUMMY__ 0.006863886272600439	false	0.5
trauma	neg 1.0		off 0.520906337307704 neg 0.4722430801850105 __DUMMY__ 0.006850582507285471	false	0.5
sinnlos	neg 1.0		off 0.5221466851091104 neg 0.47099620620118166 __DUMMY__ 0.006857108689707861	false	0.5
fettsack	off 1.0	off 1.0	off 0.7497150983005887 neg 0.24711919905533428 __DUMMY__ 0.003165702644076973	false	1.0
feige	off 1.0	off 1.0	off 0.7484119338660289 neg 0.24836234136745164 __DUMMY__ 0.003225724766519433	false	1.0
abdanken	neg 1.0		off 0.5215758158898156 neg 0.47152178231896 __DUMMY__ 0.006902401791224269	false	0.5
wichtigtuer	off 1.0	off 1.0	off 0.7476916870908685 neg 0.24905255382540878 __DUMMY__ 0.0032557590837227063	false	1.0
misslingen	neg 1.0		off 0.5236915930262925 neg 0.46941584846100687 __DUMMY__ 0.006892558512700683	false	0.5
untreu	off 1.0		off 0.5255066146854885 neg 0.4676839092959811 __DUMMY__ 0.006809476018530468	false	1.0
missmutig	neg 1.0		off 0.5230598506590073 neg 0.4701102183661345 __DUMMY__ 0.006829930974858321	false	0.5
hurenbock	off 1.0		off 0.5159699105047264 neg 0.47723302689413866 __DUMMY__ 0.00679706260113513	false	1.0
betrunken	neg 1.0		off 0.5268388872498836 neg 0.4663767097950359 __DUMMY__ 0.0067844029550805625	false	0.5
korrupt	off 1.0		off 0.5179737886430474 neg 0.4751616615600435 __DUMMY__ 0.006864549796909125	false	1.0
unmut	neg 1.0		off 0.5151909721332951 neg 0.4778599265133348 __DUMMY__ 0.006949101353370153	false	0.5
hackfresse	off 1.0		off 0.5314922113835961 neg 0.46178464683733816 __DUMMY__ 0.006723141779065738	false	1.0
aufblasen	neg 1.0		off 0.520566429687431 neg 0.4725630565611067 __DUMMY__ 0.006870513751462194	false	0.5
gewaltsam	neg 1.0		off 0.521770840207692 neg 0.4713252567029069 __DUMMY__ 0.0069039030894011925	false	0.5
unbeliebtheit	neg 1.0		off 0.5257209409709229 neg 0.4674690809697871 __DUMMY__ 0.006809978059289843	false	0.5
sturheit	neg 1.0		off 0.5211047501611117 neg 0.4719876428981599 __DUMMY__ 0.006907606940728537	false	0.5
kuh	neg 1.0		off 0.515354118653837 neg 0.477925169412127 __DUMMY__ 0.006720711934035966	false	0.5
erschrecken	neg 1.0		off 0.5238413196128371 neg 0.4693240895236825 __DUMMY__ 0.006834590863480509	false	0.5
opfer	neg 1.0		off 0.520365327529526 neg 0.47268045068272485 __DUMMY__ 0.006954221787749202	false	0.5
sinken	neg 1.0		off 0.5137256033055014 neg 0.4793608640357486 __DUMMY__ 0.0069135326587498585	false	0.5
stinktier	neg 1.0		off 0.5248919746605667 neg 0.4684339569754908 __DUMMY__ 0.00667406836394243	false	0.5
tucke	off 1.0		off 0.529264814352475 neg 0.46409692843334016 __DUMMY__ 0.006638257214184854	false	1.0
ein			off 0.5174583419767531 neg 0.47569124435712445 __DUMMY__ 0.006850413666122283	false	0.0
abstieg	neg 1.0		off 0.5218966791126092 neg 0.47115414412436635 __DUMMY__ 0.006949176763024454	false	0.5
missverstehen	neg 1.0		off 0.5230470409738429 neg 0.4701038375167093 __DUMMY__ 0.006849121509447691	false	0.5
ergebnislos	neg 1.0		off 0.5193488145310277 neg 0.47370563624969314 __DUMMY__ 0.006945549219279255	false	0.5
unter			off 0.512378036150535 neg 0.48058807127684383 __DUMMY__ 0.007033892572621194	false	0.0
manipulieren	neg 1.0		off 0.5175406797639479 neg 0.47552462347596514 __DUMMY__ 0.006934696760087013	false	0.5
unbewiesen	neg 1.0	neg 1.0	neg 0.7202059988047226 off 0.2765341959893607 __DUMMY__ 0.003259805205916791	false	1.0
verschleppen	neg 1.0		off 0.5181807571023921 neg 0.47491589263569334 __DUMMY__ 0.006903350261914497	false	0.5
weib	off 1.0		off 0.5312034368846669 neg 0.46212831831237533 __DUMMY__ 0.006668244802957659	false	1.0
opposition	neg 1.0		off 0.5205518660796868 neg 0.4726119234924478 __DUMMY__ 0.006836210427865426	false	0.5
verkehrswidrig	neg 1.0		off 0.5310668022840495 neg 0.4621457368205597 __DUMMY__ 0.00678746089539086	false	0.5
inkorrekt	neg 1.0		off 0.5274907855024217 neg 0.4657358175073343 __DUMMY__ 0.006773396990243944	false	0.5
vermeiden	neg 1.0		off 0.5138881829206614 neg 0.4791337082292448 __DUMMY__ 0.006978108850093771	false	0.5
abweichung	neg 1.0	neg 1.0	neg 0.7209021969397545 off 0.27580571284522776 __DUMMY__ 0.003292090215017771	false	1.0
alkoholisiert	neg 1.0		off 0.5201798651086792 neg 0.4728362180644334 __DUMMY__ 0.0069839168268874445	false	0.5
scheiss	off 1.0	off 1.0	off 0.7485216426535761 neg 0.24827044910850632 __DUMMY__ 0.00320790823791754	false	1.0
herausforderung	neg 1.0		off 0.5183856481548805 neg 0.4747100067445213 __DUMMY__ 0.006904345100598102	false	0.5
pervers	off 1.0		off 0.5341605637775116 neg 0.459180878117098 __DUMMY__ 0.006658558105390436	false	1.0
wackelig	neg 1.0		off 0.5190401758532622 neg 0.47404354703284945 __DUMMY__ 0.0069162771138883495	false	0.5
verwickeln	neg 1.0		off 0.5225252947382443 neg 0.4706126875015592 __DUMMY__ 0.006862017760196525	false	0.5
vorwand	neg 1.0		off 0.5157831785722305 neg 0.4772779688263271 __DUMMY__ 0.006938852601442288	false	0.5
muschi	off 1.0		off 0.5205375746576353 neg 0.47257195806061797 __DUMMY__ 0.006890467281746639	false	1.0
entmutigung	neg 1.0		off 0.5198428661236443 neg 0.4733506911356659 __DUMMY__ 0.00680644274068994	false	0.5
unangemessen	neg 1.0		off 0.5201429273720981 neg 0.4729573142713646 __DUMMY__ 0.006899758356537272	false	0.5
unstetig	neg 1.0		off 0.5230541942459583 neg 0.4701268163694115 __DUMMY__ 0.006818989384630257	false	0.5
entmutigen	neg 1.0		off 0.5213141593835954 neg 0.4718182441445222 __DUMMY__ 0.006867596471882204	false	0.5
schwanz	neg 1.0		off 0.517714787526354 neg 0.4753906449211674 __DUMMY__ 0.006894567552478568	false	0.5
verbot	neg 1.0		off 0.5181818245932743 neg 0.47494205443067605 __DUMMY__ 0.006876120976049728	false	0.5
leid	neg 1.0		off 0.5290251699143074 neg 0.4642215154278583 __DUMMY__ 0.006753314657834279	false	0.5
archaisch	neg 1.0		off 0.5182430096074999 neg 0.4748792119227753 __DUMMY__ 0.00687777846972475	false	0.5
gegen			off 0.5173589979546597 neg 0.4756695581708169 __DUMMY__ 0.006971443874523598	false	0.0
scheidung	neg 1.0		off 0.5407537265008404 neg 0.4525626411720437 __DUMMY__ 0.00668363232711593	false	0.5
einschlag	neg 1.0		off 0.5310093091116547 neg 0.46217537992622676 __DUMMY__ 0.0068153109621187265	false	0.5
m			off 0.5189367791405528 neg 0.4741594049800148 __DUMMY__ 0.006903815879432403	false	0.0
abgestanden	neg 1.0		off 0.5145035148636992 neg 0.4787170276173206 __DUMMY__ 0.006779457518980195	false	0.5
schmierig	off 1.0		off 0.5283530069924197 neg 0.46489560216785475 __DUMMY__ 0.006751390839725561	false	1.0
unpraktisch	neg 1.0		off 0.5221241892459756 neg 0.47100701998258937 __DUMMY__ 0.006868790771435066	false	0.5
wixxer	off 1.0		off 0.5328710712358902 neg 0.46049832847039135 __DUMMY__ 0.0066306002937184996	false	1.0
bezeichnet			off 0.5216647564079713 neg 0.47144666380334177 __DUMMY__ 0.006888579788686989	false	0.0
jammerlappen	off 1.0		off 0.5248451556499631 neg 0.46833249390705484 __DUMMY__ 0.006822350442982128	false	1.0
farce	neg 1.0		off 0.5188638597678641 neg 0.4742872355895227 __DUMMY__ 0.006848904642613188	false	0.5
zwecklos	neg 1.0		off 0.5183778348084288 neg 0.47472642784907304 __DUMMY__ 0.006895737342498152	false	0.5
turbulent	neg 1.0		off 0.5252401557575205 neg 0.4679854519067529 __DUMMY__ 0.006774392335726555	false	0.5
invasion	neg 1.0		off 0.5223725441410368 neg 0.4707841525488587 __DUMMY__ 0.006843303310104644	false	0.5
schuld	neg 1.0		off 0.5218471997109795 neg 0.4712835998749586 __DUMMY__ 0.006869200414061962	false	0.5
risiko	neg 1.0		off 0.5194817129554951 neg 0.47370733086951133 __DUMMY__ 0.006810956174993606	false	0.5
finster	neg 1.0		off 0.5177828676581397 neg 0.4753765214581321 __DUMMY__ 0.00684061088372822	false	0.5
geisteskrank	off 1.0		off 0.5268476124746069 neg 0.46635931252869295 __DUMMY__ 0.0067930749967002255	false	1.0
zusammenbrechen	neg 1.0		off 0.5182145841530235 neg 0.47489589675020005 __DUMMY__ 0.006889519096776455	false	0.5
ausbeute	neg 1.0		off 0.5222234579616705 neg 0.47084821075418165 __DUMMY__ 0.006928331284147902	false	0.5
hinterhalt	neg 1.0		off 0.5183752955560277 neg 0.47474924985150047 __DUMMY__ 0.0068754545924717865	false	0.5
kritik	neg 1.0		off 0.5186989643815856 neg 0.474448224436835 __DUMMY__ 0.00685281118157932	false	0.5
einschrumpfen	neg 1.0		off 0.522822745522013 neg 0.47039205182099175 __DUMMY__ 0.00678520265699518	false	0.5
riskant	neg 1.0		off 0.5159117539642394 neg 0.47717460214219165 __DUMMY__ 0.006913643893569024	false	0.5
frustrieren	neg 1.0		off 0.5164708905291941 neg 0.47662832750658257 __DUMMY__ 0.006900781964223155	false	0.5
groll	neg 1.0		off 0.5200952746113171 neg 0.4729882402250198 __DUMMY__ 0.00691648516366315	false	0.5
gibt			off 0.5184619862628881 neg 0.4746342512254371 __DUMMY__ 0.006903762511674714	false	0.0
qualvoll	neg 1.0		off 0.5222331276226175 neg 0.47091379389739557 __DUMMY__ 0.006853078479986852	false	0.5
wackeln	neg 1.0		off 0.520347116552506 neg 0.47277185868226695 __DUMMY__ 0.006881024765227082	false	0.5
klagen	neg 1.0		off 0.5152826101233806 neg 0.4777915149503026 __DUMMY__ 0.006925874926316773	false	0.5
bankrott	neg 1.0		off 0.5250079264038058 neg 0.468155212576895 __DUMMY__ 0.006836861019299166	false	0.5
trauern	neg 1.0		off 0.520601056568009 neg 0.47241776244884087 __DUMMY__ 0.006981180983150064	false	0.5
ablehnung	neg 1.0		off 0.5180831786229906 neg 0.4750582064367451 __DUMMY__ 0.006858614940264379	false	0.5
stur	neg 1.0		off 0.5213111804153134 neg 0.47182826308043746 __DUMMY__ 0.006860556504249278	false	0.5
aufruhr	neg 1.0	neg 1.0	neg 0.7202210980483904 off 0.27650723272024963 __DUMMY__ 0.003271669231359923	false	1.0
melancholie	neg 1.0		off 0.5142208813149414 neg 0.47888732764867065 __DUMMY__ 0.006891791036388081	false	0.5
ist			off 0.5217299994452497 neg 0.47141330245823876 __DUMMY__ 0.006856698096511656	false	0.0
torheit	neg 1.0		off 0.5213981077547195 neg 0.4717422502765067 __DUMMY__ 0.0068596419687738585	false	0.5
dreckskind	off 1.0		off 0.5312241253783059 neg 0.4620835203870762 __DUMMY__ 0.006692354234617869	false	1.0
umtauschen	neg 1.0		off 0.5197000892869369 neg 0.47342177875601416 __DUMMY__ 0.00687813195704889	false	0.5
zum			off 0.517974871936876 neg 0.4749875434342972 __DUMMY__ 0.007037584628826713	false	0.0
zersetzen	neg 1.0		off 0.5153256432607729 neg 0.4777673950393244 __DUMMY__ 0.006906961699902658	false	0.5
zur			off 0.5144109637156772 neg 0.47860580804628794 __DUMMY__ 0.006983228238034734	false	0.0
frust	neg 1.0		off 0.518525878070329 neg 0.4745742168643743 __DUMMY__ 0.006899905065296561	false	0.5
unerbittlichkeit	neg 1.0		off 0.517812047376978 neg 0.47526172474584116 __DUMMY__ 0.006926227877180842	false	0.5
zwei			off 0.5145896708174085 neg 0.47841456371729474 __DUMMY__ 0.006995765465296741	false	0.0
unkorrekt	neg 1.0		off 0.526628726263888 neg 0.4665848039024403 __DUMMY__ 0.006786469833671712	false	0.5
hexe	off 1.0		off 0.5211171984642847 neg 0.47211278710352905 __DUMMY__ 0.006770014432186201	false	1.0
lasch	neg 1.0		off 0.5246707368156018 neg 0.4684900866406737 __DUMMY__ 0.006839176543724438	false	0.5
rivale	neg 1.0		off 0.5280138974889851 neg 0.4652102225340288 __DUMMY__ 0.006775879976986268	false	0.5
mutlos	off 1.0	off 1.0	off 0.7446831452262125 neg 0.25203758778419755 __DUMMY__ 0.003279266989590035	false	1.0
wirr	off 1.0		off 0.5275151800009529 neg 0.46573037342878737 __DUMMY__ 0.006754446570259705	false	1.0
jahr			off 0.5209628679039123 neg 0.4720447866327482 __DUMMY__ 0.006992345463339449	false	0.0
wird			off 0.5184382910773565 neg 0.4746459890506459 __DUMMY__ 0.006915719871997724	false	0.0
strafbar	neg 1.0		off 0.5180722802896637 neg 0.47499606874689837 __DUMMY__ 0.0069316509634380396	false	0.5
erosion	neg 1.0		off 0.5210425601793511 neg 0.4720774186232905 __DUMMY__ 0.006880021197358505	false	0.5
eingehen	neg 1.0		off 0.5162874756714971 neg 0.4768104554327623 __DUMMY__ 0.006902068895740618	false	0.5
faul	off 1.0		off 0.5242674939233526 neg 0.4689015531665444 __DUMMY__ 0.0068309529101029075	false	1.0
provisorium	neg 1.0		off 0.5131788823831263 neg 0.47977756905790353 __DUMMY__ 0.007043548558970212	false	0.5
schmerzen	neg 1.0		off 0.5184317097998876 neg 0.4746962776391305 __DUMMY__ 0.006872012560981971	false	0.5
schrumpfen	neg 1.0		off 0.5112472560064651 neg 0.48181990641700406 __DUMMY__ 0.006932837576530805	false	0.5
geistlos	off 1.0		off 0.5214255106647409 neg 0.47175650969709915 __DUMMY__ 0.006817979638160125	false	1.0
fehlkauf	neg 1.0		off 0.5217829338406675 neg 0.4713838956784336 __DUMMY__ 0.00683317048089886	false	0.5
frustrierend	neg 1.0		off 0.5231882340956895 neg 0.469984656418284 __DUMMY__ 0.0068271094860264826	false	0.5
unzufrieden	neg 1.0		off 0.5185837738343091 neg 0.4745122206028852 __DUMMY__ 0.006904005562805575	false	0.5
verzweifeln	neg 1.0		off 0.5198117671972363 neg 0.47329557564257396 __DUMMY__ 0.006892657160189799	false	0.5
verzweifelt	neg 1.0		off 0.5212386088685529 neg 0.4719026873200053 __DUMMY__ 0.006858703811441829	false	0.5
misstrauensantrag	neg 1.0		off 0.5216576973688177 neg 0.4714992825124209 __DUMMY__ 0.006843020118761389	false	0.5
abfallen	neg 1.0		off 0.5198141848308849 neg 0.47332274761967247 __DUMMY__ 0.006863067549442588	false	0.5
fucker	off 1.0		off 0.5280335800886634 neg 0.46517326253360414 __DUMMY__ 0.006793157377732436	false	1.0
ungezogen	neg 1.0		off 0.5329912062745298 neg 0.46031476305777486 __DUMMY__ 0.006694030667695368	false	0.5
irrsinnig	neg 1.0	neg 1.0	neg 0.7206606040773119 off 0.27608442947583894 __DUMMY__ 0.003254966446849248	false	1.0
unfassbar	neg 1.0		off 0.5259814205892518 neg 0.4672006096406355 __DUMMY__ 0.006817969770112659	false	0.5
hart	neg 1.0		off 0.5208993373369676 neg 0.4723691280865658 __DUMMY__ 0.006731534576466425	false	0.5
widerlich	off 1.0		off 0.5257469679446732 neg 0.46745267918578637 __DUMMY__ 0.0068003528695404075	false	1.0
fatal	neg 1.0	neg 1.0	neg 0.7210519629292803 off 0.275721630742213 __DUMMY__ 0.003226406328506673	false	1.0
bruch	neg 1.0		off 0.5158641847823144 neg 0.47717013745789216 __DUMMY__ 0.006965677759793321	false	0.5
aushungern	neg 1.0		off 0.5184537881169615 neg 0.4746704284165908 __DUMMY__ 0.006875783466447685	false	0.5
anspannung	neg 1.0		off 0.5153581812781421 neg 0.4776362931812491 __DUMMY__ 0.0070055255406089095	false	0.5
von			off 0.5162657550322948 neg 0.4767953998181903 __DUMMY__ 0.0069388451495149455	false	0.0
kraftlos	neg 1.0		off 0.5179084176316574 neg 0.47518741226194383 __DUMMY__ 0.006904170106398817	false	0.5
vom			off 0.5151789488701392 neg 0.47775819275196224 __DUMMY__ 0.0070628583778984495	false	0.0
grenzdebil	off 1.0		off 0.5250837966317546 neg 0.4681201483683816 __DUMMY__ 0.006796054999863718	false	1.0
vor			off 0.5154899755156889 neg 0.47755478675604507 __DUMMY__ 0.006955237728266015	false	0.0
unterwerfen	neg 1.0		off 0.5187275264556555 neg 0.47434530602473624 __DUMMY__ 0.00692716751960848	false	0.5
versenkung	neg 1.0		off 0.5181263079646841 neg 0.4749412646201979 __DUMMY__ 0.006932427415118043	false	0.5
entziehen	neg 1.0		off 0.5155624722723456 neg 0.4774993235115993 __DUMMY__ 0.006938204216055095	false	0.5
finanzkrise	neg 1.0		off 0.5142337471616725 neg 0.4789792782588981 __DUMMY__ 0.006786974579429339	false	0.5
schimpfend	neg 1.0		off 0.5224372854709557 neg 0.47067615113403716 __DUMMY__ 0.006886563395007165	false	0.5
profan	neg 1.0		off 0.521862820560007 neg 0.4712962125723052 __DUMMY__ 0.006840966867687841	false	0.5
korruption	neg 1.0		off 0.5170365370098747 neg 0.47609638151404665 __DUMMY__ 0.006867081476078583	false	0.5
â			off 0.5177148345984302 neg 0.4753856281095027 __DUMMY__ 0.00689953729206707	false	0.0
schmutzig	neg 1.0		off 0.5256649914496766 neg 0.46753348555247765 __DUMMY__ 0.0068015229978458285	false	0.5
sexy	neg 1.0		off 0.524202418238226 neg 0.468955391426114 __DUMMY__ 0.00684219033565991	false	0.5
abraten	neg 1.0		off 0.5223591290367344 neg 0.4707810853068277 __DUMMY__ 0.006859785656437713	false	0.5
schwarz	neg 1.0		off 0.5224679948672588 neg 0.4706786983029247 __DUMMY__ 0.006853306829816394	false	0.5
fotze	off 1.0	off 1.0	off 0.7451139619736988 neg 0.25160991250687376 __DUMMY__ 0.0032761255194274355	false	1.0
verwirren	neg 1.0		off 0.5228207938541363 neg 0.4703290839866068 __DUMMY__ 0.006850122159256993	false	0.5
zahnlos	off 1.0		off 0.5194255320743654 neg 0.47368007783119276 __DUMMY__ 0.006894390094441769	false	1.0
verheeren	neg 1.0		off 0.5345746690580443 neg 0.45873583810427576 __DUMMY__ 0.006689492837679977	false	0.5
hippie	neg 1.0		off 0.5233958125829622 neg 0.46976652760674426 __DUMMY__ 0.006837659810293666	false	0.5
rammen	neg 1.0		off 0.5205450556380783 neg 0.47259352511556585 __DUMMY__ 0.0068614192463557116	false	0.5
unlauter	neg 1.0		off 0.5210019822271319 neg 0.4721655228478793 __DUMMY__ 0.006832494924988698	false	0.5
unheilvoll	neg 1.0		off 0.5204394292620537 neg 0.472714645792998 __DUMMY__ 0.006845924944948328	false	0.5
niedrig	neg 1.0		off 0.5159710069670758 neg 0.4771534857693706 __DUMMY__ 0.0068755072635536965	false	0.5
explosion	neg 1.0		off 0.5236005019307903 neg 0.46955699101466636 __DUMMY__ 0.006842507054543354	false	0.5
weichei	off 1.0	off 1.0	off 0.7501113913283525 neg 0.24670787201993083 __DUMMY__ 0.0031807366517167283	false	1.0
minusmensch	off 1.0		off 0.5326887244105848 neg 0.46064439173882643 __DUMMY__ 0.006666883850588865	false	1.0
farblos	neg 1.0		off 0.5210011236418037 neg 0.4721463322270578 __DUMMY__ 0.006852544131138359	false	0.5
unwissend	neg 1.0	neg 1.0	neg 0.7189853087560413 off 0.27778458111528076 __DUMMY__ 0.0032301101286778713	false	1.0
traurig	neg 1.0		off 0.5278733051358465 neg 0.4653415041484512 __DUMMY__ 0.006785190715702379	false	0.5
senkung	neg 1.0		off 0.5194966242860718 neg 0.4737157884379041 __DUMMY__ 0.006787587276024193	false	0.5
ungleich	neg 1.0	neg 1.0	neg 0.7224242527584154 off 0.2742950156981102 __DUMMY__ 0.003280731543474457	false	1.0
heikel	neg 1.0		off 0.5169360489837566 neg 0.4761398043279962 __DUMMY__ 0.0069241466882473965	false	0.5
drosselung	neg 1.0		off 0.5223897125860679 neg 0.4708626033204573 __DUMMY__ 0.006747684093474656	false	0.5
falsch	neg 1.0		off 0.5245499648537758 neg 0.46860829677463534 __DUMMY__ 0.006841738371588889	false	0.5
unzufriedenheit	neg 1.0		off 0.5148716788193197 neg 0.47822893273033684 __DUMMY__ 0.006899388450343464	false	0.5
kurz	neg 1.0		off 0.5198949010193925 neg 0.47318627715452577 __DUMMY__ 0.006918821826081813	false	0.5
unsinnig	neg 1.0		off 0.5182360829008616 neg 0.47490034229007216 __DUMMY__ 0.0068635748090661395	false	0.5
penner	off 1.0	off 1.0	off 0.751502367092668 neg 0.2453179896200028 __DUMMY__ 0.0031796432873291867	false	1.0
seicht	neg 1.0		off 0.5303152394249843 neg 0.4630124733944648 __DUMMY__ 0.006672287180550927	false	0.5
dummheit	off 1.0	off 1.0	off 0.7467433998496843 neg 0.25001799155192467 __DUMMY__ 0.0032386085983910815	false	1.0
unerfreulich	neg 1.0		off 0.5162202406681544 neg 0.47685894955474883 __DUMMY__ 0.006920809777096715	false	0.5
motherfucker	off 1.0	off 1.0	off 0.7494481885645609 neg 0.2473333617957014 __DUMMY__ 0.0032184496397377406	false	1.0
pikiert	neg 1.0		off 0.5244026193735472 neg 0.4687921240437101 __DUMMY__ 0.006805256582742739	false	0.5
wrack	neg 1.0		off 0.5232094558774688 neg 0.4698273210445253 __DUMMY__ 0.006963223078005959	false	0.5
gangster	neg 1.0		off 0.5235193398530249 neg 0.4696463604738543 __DUMMY__ 0.006834299673120862	false	0.5
krank	neg 1.0		off 0.5265958509404581 neg 0.46658737371914444 __DUMMY__ 0.0068167753403974695	false	0.5
reich	neg 1.0		off 0.5209293299573681 neg 0.47229398293549224 __DUMMY__ 0.006776687107139712	false	0.5
gnadenlos	neg 1.0		off 0.5218898341901791 neg 0.47123370599118874 __DUMMY__ 0.006876459818632079	false	0.5
niedergeschlagen	neg 1.0		off 0.5201386181774449 neg 0.4729311265748554 __DUMMY__ 0.006930255247699628	false	0.5
terrorisieren	off 1.0	off 1.0	off 0.7447859583389638 neg 0.2519189218650859 __DUMMY__ 0.0032951197959502692	false	1.0
sinnlosigkeit	neg 1.0		off 0.5188013766529503 neg 0.4743029100480931 __DUMMY__ 0.006895713298956457	false	0.5
behindern	neg 1.0		off 0.5195404595269065 neg 0.4735927646783141 __DUMMY__ 0.006866775794779256	false	0.5
undemokratisch	neg 1.0		off 0.5214164615098711 neg 0.4717490608998591 __DUMMY__ 0.006834477590269735	false	0.5
wirtschaftskrise	neg 1.0		off 0.5152568567525637 neg 0.4778952314889259 __DUMMY__ 0.006847911758510324	false	0.5
neid	neg 1.0		off 0.5233775126085586 neg 0.46978355937507327 __DUMMY__ 0.006838928016368074	false	0.5
rutschen	neg 1.0		off 0.5139442605344559 neg 0.4790638168295767 __DUMMY__ 0.006991922635967353	false	0.5
rezession	neg 1.0		off 0.5231095422043334 neg 0.4701871942439351 __DUMMY__ 0.006703263551731502	false	0.5
fehlgeburt	neg 1.0		off 0.5222527606492657 neg 0.4708558980002566 __DUMMY__ 0.006891341350477598	false	0.5
charakterschwach	off 1.0		off 0.524678058025606 neg 0.4685265904199187 __DUMMY__ 0.00679535155447536	false	1.0
isolation	neg 1.0		off 0.5250263560545329 neg 0.4681231973913236 __DUMMY__ 0.006850446554143584	false	0.5
ablenkung	neg 1.0		off 0.5209084512290557 neg 0.472199762331849 __DUMMY__ 0.006891786439095317	false	0.5
pech	neg 1.0		off 0.5236185148068853 neg 0.4695613425959041 __DUMMY__ 0.006820142597210718	false	0.5
vermeidung	neg 1.0		off 0.5246224787540876 neg 0.46859090182682706 __DUMMY__ 0.006786619419085361	false	0.5
dominieren	neg 1.0		off 0.519377756908674 neg 0.47372769710226825 __DUMMY__ 0.0068945459890575895	false	0.5
schwindlig	neg 1.0		off 0.5214486568481748 neg 0.47170896722861627 __DUMMY__ 0.0068423759232089775	false	0.5
lutscher	neg 1.0	neg 1.0	neg 0.7149012381714612 off 0.28195173715791777 __DUMMY__ 0.0031470246706210452	false	1.0
pflicht	neg 1.0		off 0.5166050771906114 neg 0.4764437584272577 __DUMMY__ 0.006951164382130686	false	0.5
faschist	off 1.0		off 0.5246266455165339 neg 0.46852644928541004 __DUMMY__ 0.006846905198056051	false	1.0
verschleudern	neg 1.0		off 0.5139793421535593 neg 0.4791621443207891 __DUMMY__ 0.006858513525651568	false	0.5
wenn			off 0.5244581417350106 neg 0.46871820971271616 __DUMMY__ 0.006823648552273283	false	0.0
ehebruch	neg 1.0		off 0.5184660387548768 neg 0.47462351733228964 __DUMMY__ 0.006910443912833496	false	0.5
spott	off 1.0		off 0.519140272919135 neg 0.4739349061688105 __DUMMY__ 0.006924820912054419	false	1.0
trostlosigkeit	neg 1.0		off 0.5134826612380905 neg 0.47961297206463804 __DUMMY__ 0.006904366697271527	false	0.5
lutschen	neg 1.0		off 0.523317949970857 neg 0.46986512789341645 __DUMMY__ 0.006816922135726456	false	0.5
undiszipliniert	neg 1.0		off 0.526883395287735 neg 0.46633083468958086 __DUMMY__ 0.006785770022684148	false	0.5
kopfschmerz	neg 1.0		off 0.5149480128160209 neg 0.47818657599358577 __DUMMY__ 0.006865411190393384	false	0.5
unvorhergesehen	neg 1.0		off 0.5174987066501455 neg 0.4755445914758214 __DUMMY__ 0.0069567018740331246	false	0.5
desinteressiert	neg 1.0		off 0.5261690468291339 neg 0.4670409126684517 __DUMMY__ 0.006790040502414413	false	0.5
armselig	off 1.0		off 0.5287775174150848 neg 0.4644443199860717 __DUMMY__ 0.006778162598843476	false	1.0
desaster	neg 1.0		off 0.5145754915274382 neg 0.47849146296356504 __DUMMY__ 0.006933045508996777	false	0.5
tod	neg 1.0		off 0.5180722416353614 neg 0.475005321850905 __DUMMY__ 0.006922436513733523	false	0.5
herzlos	neg 1.0		off 0.5280701110597985 neg 0.46515064439042614 __DUMMY__ 0.0067792445497752525	false	0.5
unwissenheit	neg 1.0		off 0.5183710916391382 neg 0.474732706075237 __DUMMY__ 0.00689620228562481	false	0.5
widersinnig	neg 1.0		off 0.5174483879479791 neg 0.4757026606450066 __DUMMY__ 0.006848951407014242	false	0.5
bedenklich	neg 1.0		off 0.5169276705912211 neg 0.47617783847402917 __DUMMY__ 0.006894490934749615	false	0.5
beanstanden	neg 1.0		off 0.5178758749810559 neg 0.47516904208031113 __DUMMY__ 0.006955082938632854	false	0.5
panisch	neg 1.0		off 0.523129130567915 neg 0.46999821981262446 __DUMMY__ 0.006872649619460657	false	0.5
debil	off 1.0		off 0.5110207905817801 neg 0.48198562749014834 __DUMMY__ 0.006993581928071369	false	1.0
abstrich	neg 1.0		off 0.5184095477983791 neg 0.4747174709526723 __DUMMY__ 0.006872981248948487	false	0.5
primitiv	neg 1.0		off 0.5267506735031368 neg 0.46645323658239063 __DUMMY__ 0.0067960899144725185	false	0.5
abschaum	off 1.0	off 1.0	off 0.749209546128132 neg 0.247548177675199 __DUMMY__ 0.0032422761966691494	false	1.0
provozieren	neg 1.0		off 0.5212943304453432 neg 0.4718395061990877 __DUMMY__ 0.006866163355568917	false	0.5
tot	neg 1.0		off 0.517052323176806 neg 0.4760778760156407 __DUMMY__ 0.006869800807553153	false	0.5
instabil	neg 1.0		off 0.5267873893325598 neg 0.4664728599231604 __DUMMY__ 0.006739750744279863	false	0.5
schwuchtel	off 1.0	off 1.0	off 0.7540977242890261 neg 0.2427745542130267 __DUMMY__ 0.0031277214979471336	false	1.0
zerren	neg 1.0		off 0.5192546477504815 neg 0.473825561253603 __DUMMY__ 0.006919790995915537	false	0.5
kinderficker	off 1.0		off 0.5306033400549626 neg 0.46264672685899144 __DUMMY__ 0.00674993308604586	false	1.0
gefahr	neg 1.0		off 0.5174808822762046 neg 0.4755664380949991 __DUMMY__ 0.006952679628796291	false	0.5
rabiat	neg 1.0		off 0.5196173098829281 neg 0.47350115092664935 __DUMMY__ 0.00688153919042248	false	0.5
verlangsamung	neg 1.0		off 0.5302227938054231 neg 0.46307366468818073 __DUMMY__ 0.006703541506396305	false	0.5
ausgestorben	neg 1.0		off 0.5198301582368133 neg 0.47327442007517206 __DUMMY__ 0.006895421688014398	false	0.5
anklagen	neg 1.0		off 0.5199210033183937 neg 0.4731773183102433 __DUMMY__ 0.006901678371362998	false	0.5
trott	neg 1.0		off 0.5204904061378173 neg 0.4726324984607214 __DUMMY__ 0.006877095401461331	false	0.5
verminderung	neg 1.0		off 0.5250765352199853 neg 0.46813186720176625 __DUMMY__ 0.006791597578248328	false	0.5
nach			off 0.5140296175970841 neg 0.4789482360782176 __DUMMY__ 0.007022146324698229	false	0.0
rost	neg 1.0		off 0.5348445514900312 neg 0.45841245647713164 __DUMMY__ 0.006742992032837182	false	0.5
destruktiv	neg 1.0		off 0.5197996416630171 neg 0.4733320522277969 __DUMMY__ 0.00686830610918599	false	0.5
unzumutbarkeit	neg 1.0		off 0.5249711424316336 neg 0.4682354455599429 __DUMMY__ 0.0067934120084235765	false	0.5
labil	off 1.0	off 1.0	off 0.7479241237281379 neg 0.2488441040103135 __DUMMY__ 0.0032317722615485467	false	1.0
ziemlich	neg 1.0		off 0.5258592144641598 neg 0.46731783374327024 __DUMMY__ 0.006822951792569865	false	0.5
lachnummer	off 1.0		off 0.5219396240325115 neg 0.4711728142658553 __DUMMY__ 0.006887561701633182	false	1.0
oder			off 0.5217275535197604 neg 0.4713872914094784 __DUMMY__ 0.00688515507076108	false	0.0
verfall	neg 1.0		off 0.5116496828792105 neg 0.481414807847097 __DUMMY__ 0.006935509273692383	false	0.5
ausgrenzung	neg 1.0		off 0.5209937472837425 neg 0.4721765560891466 __DUMMY__ 0.006829696627111034	false	0.5
unordnung	neg 1.0		off 0.5281550820206126 neg 0.46509554119403207 __DUMMY__ 0.006749376785355403	false	0.5
fehlverhalten	neg 1.0		off 0.517324420395461 neg 0.4757541028915585 __DUMMY__ 0.006921476712980465	false	0.5
eine			off 0.5152375499895322 neg 0.47782441365961714 __DUMMY__ 0.0069380363508507285	false	0.0
nille	neg 1.0		off 0.5208796565691438 neg 0.4722448461962968 __DUMMY__ 0.006875497234559316	false	0.5
qual	neg 1.0		off 0.5198968575885167 neg 0.47322730735956736 __DUMMY__ 0.006875835051916098	false	0.5
verschwenden	neg 1.0		off 0.5153731112854824 neg 0.4777297065332689 __DUMMY__ 0.00689718218124861	false	0.5
riesig	neg 1.0		off 0.5179891752432327 neg 0.47508729601081523 __DUMMY__ 0.006923528745952146	false	0.5
verurteilen	neg 1.0		off 0.5193873566868205 neg 0.47371168659462315 __DUMMY__ 0.006900956718556335	false	0.5
klischee	neg 1.0	neg 1.0	neg 0.7195719613596893 off 0.2771946127945075 __DUMMY__ 0.003233425845803145	false	1.0
diktatorisch	neg 1.0		off 0.5213479417347914 neg 0.4718211250243963 __DUMMY__ 0.006830933240812363	false	0.5
vorhersehbar	neg 1.0		off 0.5219328754567447 neg 0.471243298840231 __DUMMY__ 0.006823825703024255	false	0.5
sowie			off 0.5280388942133735 neg 0.46523579262717185 __DUMMY__ 0.006725313159454666	false	0.0
stornieren	neg 1.0		off 0.5268351210141622 neg 0.4662599063674213 __DUMMY__ 0.006904972618416494	false	0.5
besteuerung	neg 1.0	neg 1.0	neg 0.7227021457796037 off 0.2740758150069396 __DUMMY__ 0.0032220392134567266	false	1.0
ungeschminkt	neg 1.0		off 0.5259436951983671 neg 0.4672759586071381 __DUMMY__ 0.006780346194494848	false	0.5
kritisch	neg 1.0		off 0.5185950695256514 neg 0.47450383396826884 __DUMMY__ 0.006901096506079776	false	0.5
schlamperei	off 1.0		off 0.5174935611590114 neg 0.4755934170689418 __DUMMY__ 0.006913021772046855	false	1.0
sucht	neg 1.0	neg 1.0	neg 0.7198113230391704 off 0.2769265667025405 __DUMMY__ 0.003262110258288997	false	1.0
egoistisch	off 1.0	off 1.0	off 0.7512955559112018 neg 0.24550220192619016 __DUMMY__ 0.003202242162607938	false	1.0
ausbeuter	off 1.0		off 0.5153288981809699 neg 0.47777554012829704 __DUMMY__ 0.00689556169073316	false	1.0
arschgeburt	off 1.0		off 0.5352030394296516 neg 0.4581856366088942 __DUMMY__ 0.006611323961454055	false	1.0
schubs	neg 1.0		off 0.516034146237993 neg 0.47709042262977275 __DUMMY__ 0.00687543113223427	false	0.5
unsolide	neg 1.0		off 0.5232030706104841 neg 0.469950070765946 __DUMMY__ 0.006846858623569912	false	0.5
beschwerde	neg 1.0		off 0.5195065796171762 neg 0.4735872542797823 __DUMMY__ 0.006906166103041539	false	0.5
stocken	neg 1.0		off 0.5175565899040618 neg 0.47554103514635154 __DUMMY__ 0.006902374949586466	false	0.5
isolieren	neg 1.0		off 0.5173380157286926 neg 0.47578777772735376 __DUMMY__ 0.006874206543953498	false	0.5
unheilbar	neg 1.0		off 0.521054621919849 neg 0.4720636993329266 __DUMMY__ 0.006881678747224399	false	0.5
pisser	off 1.0	off 1.0	off 0.7496798742690627 neg 0.24711007185422335 __DUMMY__ 0.0032100538767140642	false	1.0
löschen	neg 1.0		off 0.5205817390260216 neg 0.4725545215507064 __DUMMY__ 0.006863739423272118	false	0.5
durchfallen	neg 1.0		off 0.5188095838206581 neg 0.4742821998768956 __DUMMY__ 0.006908216302446361	false	0.5
wichser	off 1.0	off 1.0	off 0.7527827754404007 neg 0.24405760883679609 __DUMMY__ 0.0031596157228031487	false	1.0
terror	neg 1.0		off 0.5232069110363688 neg 0.46995463336986115 __DUMMY__ 0.006838455593769938	false	0.5
krass	neg 1.0		off 0.5288754381255243 neg 0.46437461303259736 __DUMMY__ 0.006749948841878385	false	0.5
revolte	neg 1.0		off 0.5215935845554831 neg 0.47160634620543185 __DUMMY__ 0.00680006923908514	false	0.5
besorgt	neg 1.0		off 0.5206252556167921 neg 0.47244740726798484 __DUMMY__ 0.006927337115223194	false	0.5
nachlassen	neg 1.0		off 0.5185919210594475 neg 0.4744896791755091 __DUMMY__ 0.006918399765043466	false	0.5
alt	neg 1.0		off 0.5138780527993249 neg 0.4792732382099092 __DUMMY__ 0.006848708990765818	false	0.5
hundesohn	off 1.0	off 1.0	off 0.7517679196602596 neg 0.24507448526879572 __DUMMY__ 0.003157595070944755	false	1.0
als			off 0.5183018623942227 neg 0.4748075038755337 __DUMMY__ 0.00689063373024363	false	0.0
abschreckung	neg 1.0		off 0.5163550363192458 neg 0.4767197611779345 __DUMMY__ 0.00692520250281959	false	0.5
unqualifiziert	neg 1.0		off 0.5247380767014627 neg 0.4684276115186579 __DUMMY__ 0.006834311779879424	false	0.5
abgewichst	off 1.0		off 0.5205924585661003 neg 0.4725214534563816 __DUMMY__ 0.006886087977518209	false	1.0
schwer	neg 1.0		off 0.5202083201486952 neg 0.4729051236787497 __DUMMY__ 0.006886556172555161	false	0.5
bedeutungslosigkeit	neg 1.0		off 0.516702635839593 neg 0.47637826492661095 __DUMMY__ 0.006919099233796139	false	0.5
kapitulation	neg 1.0		off 0.5167027238184271 neg 0.47641984376473673 __DUMMY__ 0.006877432416836239	false	0.5
unscharf	neg 1.0		off 0.5185978272582972 neg 0.47461218948366646 __DUMMY__ 0.006789983258036346	false	0.5
schwinden	neg 1.0		off 0.5146090028586251 neg 0.4785056627278152 __DUMMY__ 0.00688533441355965	false	0.5
versklavung	neg 1.0	neg 1.0	neg 0.7210446332357086 off 0.2757165145520773 __DUMMY__ 0.003238852212214206	false	1.0
schlecht	neg 1.0		off 0.526559642732221 neg 0.46660950275090113 __DUMMY__ 0.006830854516877906	false	0.5
verhasst	neg 1.0		off 0.5217994483500957 neg 0.4713433109562991 __DUMMY__ 0.006857240693605206	false	0.5
beschweren	neg 1.0		off 0.5232708799893743 neg 0.46985500292491666 __DUMMY__ 0.006874117085709016	false	0.5
scheiden	neg 1.0		off 0.5203319084072027 neg 0.47279809793908933 __DUMMY__ 0.006869993653708035	false	0.5
frustriert	neg 1.0		off 0.5196957029522452 neg 0.4734062585937017 __DUMMY__ 0.006898038454053222	false	0.5
schimmelig	neg 1.0		off 0.5152529926713455 neg 0.47788768225947076 __DUMMY__ 0.006859325069183883	false	0.5
fisch	neg 1.0		off 0.5115048695122189 neg 0.4816197058040287 __DUMMY__ 0.006875424683752491	false	0.5
schmuggel	neg 1.0		off 0.5175353986477539 neg 0.47549699776848803 __DUMMY__ 0.006967603583758002	false	0.5
auffallen	neg 1.0		off 0.5228731300504036 neg 0.4702702101728864 __DUMMY__ 0.006856659776710036	false	0.5
konkurrenz	neg 1.0		off 0.5177179579695304 neg 0.4753360357373204 __DUMMY__ 0.0069460062931492005	false	0.5
teufelskreis	neg 1.0	neg 1.0	neg 0.7222762949560413 off 0.27447173561689603 __DUMMY__ 0.0032519694270627198	false	1.0
aufschreien	neg 1.0		off 0.5223969242965961 neg 0.4707689252130799 __DUMMY__ 0.006834150490324145	false	0.5
schuldner	neg 1.0		off 0.5134212343636155 neg 0.47970829944724014 __DUMMY__ 0.006870466189144388	false	0.5
missgeburt	off 1.0	off 1.0	off 0.7520912248361931 neg 0.244726080277439 __DUMMY__ 0.00318269488636787	false	1.0
arbeitslos	neg 1.0		off 0.51829230845696 neg 0.47480451055320944 __DUMMY__ 0.006903180989830573	false	0.5
befallen	neg 1.0		off 0.516504252902018 neg 0.4766595455906694 __DUMMY__ 0.006836201507312613	false	0.5
miesepetrig	off 1.0	off 1.0	off 0.7481268245042814 neg 0.24863957934364828 __DUMMY__ 0.0032335961520702995	false	1.0
alarmieren	neg 1.0		off 0.5254309413027178 neg 0.46773428858942395 __DUMMY__ 0.0068347701078581196	false	0.5
ungeduscht	off 1.0		off 0.5230894275815262 neg 0.47010466353375274 __DUMMY__ 0.006805908884721148	false	1.0
knappheit	neg 1.0		off 0.5155871606276431 neg 0.47756204406314107 __DUMMY__ 0.006850795309215825	false	0.5
schlange	neg 1.0		off 0.521504014365335 neg 0.47161227853577026 __DUMMY__ 0.006883707098894726	false	0.5
harsch	neg 1.0		off 0.5299645855564429 neg 0.4632522266632571 __DUMMY__ 0.0067831877803001765	false	0.5
lang	neg 1.0		off 0.5215448767850741 neg 0.47159442743999713 __DUMMY__ 0.006860695774928888	false	0.5
ziellos	neg 1.0		off 0.5176069660932141 neg 0.475463228925027 __DUMMY__ 0.0069298049817589705	false	0.5
selbstverliebt	neg 1.0		off 0.5350913431771283 neg 0.4582309463852355 __DUMMY__ 0.006677710437636262	false	0.5
beseitigen	neg 1.0		off 0.52181220473891 neg 0.47128917000967363 __DUMMY__ 0.006898625251416517	false	0.5
dumm	off 1.0		off 0.5306433938113175 neg 0.4626269900807946 __DUMMY__ 0.006729616107887811	false	1.0
arbeitsloser	neg 1.0		off 0.522562352891613 neg 0.4704720553138882 __DUMMY__ 0.00696559179449884	false	0.5
blitzen	neg 1.0		off 0.523248461801693 neg 0.46992991629207526 __DUMMY__ 0.006821621906231582	false	0.5
hilflos	neg 1.0		off 0.5182873381273483 neg 0.4748128211148277 __DUMMY__ 0.006899840757824022	false	0.5
eklig	off 1.0		off 0.5295599259663456 neg 0.4637389267172698 __DUMMY__ 0.006701147316384567	false	1.0
begriff			off 0.5204089790543038 neg 0.47270636383960873 __DUMMY__ 0.0068846571060874944	false	0.0
hungersnot	neg 1.0		off 0.5170006385270249 neg 0.4761289708722574 __DUMMY__ 0.006870390600717614	false	0.5
ungesetzlich	neg 1.0		off 0.5217636724369203 neg 0.47139876756128707 __DUMMY__ 0.00683756000179247	false	0.5
verschwendung	neg 1.0		off 0.5162680730959858 neg 0.476818876876661 __DUMMY__ 0.006913050027353162	false	0.5
schmerzvoll	neg 1.0		off 0.5208748959730382 neg 0.47227857886714925 __DUMMY__ 0.00684652515981261	false	0.5
vorzeitig	neg 1.0		off 0.5259392396412181 neg 0.4672267450855478 __DUMMY__ 0.006834015273234031	false	0.5
unvollkommenheit	neg 1.0		off 0.5185711509135589 neg 0.47454764130375876 __DUMMY__ 0.006881207782682488	false	0.5
intervenieren	neg 1.0		off 0.515126620697151 neg 0.477994785884517 __DUMMY__ 0.006878593418331986	false	0.5
banause	off 1.0		off 0.5288370252498303 neg 0.4645103287253467 __DUMMY__ 0.006652646024823066	false	1.0
rebell	neg 1.0		off 0.5102763623927145 neg 0.48282109319786753 __DUMMY__ 0.0069025444094181106	false	0.5
unlogisch	neg 1.0		off 0.5268289092273767 neg 0.4663981074118332 __DUMMY__ 0.006772983360790099	false	0.5
leiden	neg 1.0		off 0.5184026293805407 neg 0.4746262972915838 __DUMMY__ 0.006971073327875409	false	0.5
abschaffung	neg 1.0		off 0.5193965096726982 neg 0.47377368303987544 __DUMMY__ 0.006829807287426367	false	0.5
sturz	neg 1.0		off 0.5251571535581147 neg 0.46794589820927535 __DUMMY__ 0.006896948232609943	false	0.5
verkleinerung	neg 1.0		off 0.5205109834473666 neg 0.47271727626236537 __DUMMY__ 0.006771740290268076	false	0.5
schmarotzer	off 1.0		off 0.5191873634311328 neg 0.47391839767364474 __DUMMY__ 0.0068942388952223516	false	1.0
bestrafung	neg 1.0	neg 1.0	neg 0.7202585476790911 off 0.27647538252613046 __DUMMY__ 0.0032660697947784006	false	1.0
achtlos	neg 1.0		off 0.520330328742931 neg 0.47276306699832304 __DUMMY__ 0.006906604258746071	false	0.5
