unsolidarisch	neg 1.0		off 0.3571813634940481 neg 0.32527599004732893 __DUMMY__ 0.317542646458623	false	0.5
nachteilig	neg 1.0		off 0.353839148741074 neg 0.32491241735742055 __DUMMY__ 0.3212484339015055	false	0.5
skeptisch	neg 1.0		off 0.3522243634796436 neg 0.32643995960709565 __DUMMY__ 0.32133567691326065	false	0.5
schrecklich	neg 1.0		off 0.3665824851121968 neg 0.31861751664891336 __DUMMY__ 0.3147999982388899	false	0.5
schlapp	neg 1.0	neg 1.0	neg 0.6474928873723996 off 0.2004458891992591 __DUMMY__ 0.15206122342834122	false	1.0
abfall	neg 1.0		off 0.34985950489715983 neg 0.3263880659803367 __DUMMY__ 0.32375242912250335	false	0.5
widerspenstig	neg 1.0		off 0.35579833183345594 neg 0.32563574084346214 __DUMMY__ 0.31856592732308203	false	0.5
abrupt	neg 1.0		off 0.3507206586288509 neg 0.32890709890193137 __DUMMY__ 0.3203722424692177	false	0.5
unwirksam	neg 1.0		off 0.3548065674390439 neg 0.32973021302441363 __DUMMY__ 0.3154632195365424	false	0.5
angreifen	neg 1.0		off 0.35187879784021936 neg 0.3262423240881531 __DUMMY__ 0.3218788780716275	false	0.5
inkonsistent	neg 1.0		off 0.35875205644659236 neg 0.32475826506631306 __DUMMY__ 0.31648967848709464	false	0.5
abrutschen	neg 1.0		off 0.3491130390084614 neg 0.3274773932620577 __DUMMY__ 0.32340956772948093	false	0.5
unsicher	neg 1.0		off 0.3574074639127232 neg 0.3227986566153231 __DUMMY__ 0.3197938794719536	false	0.5
bauernkind	off 1.0	off 1.0	off 0.6722368427806352 neg 0.1789883461286016 __DUMMY__ 0.14877481109076313	false	1.0
angreifer	neg 1.0		off 0.3629041467626374 __DUMMY__ 0.3195123205386099 neg 0.3175835326987528	false	0.5
trennen	neg 1.0		off 0.3519218487031269 neg 0.32570729439480867 __DUMMY__ 0.32237085690206435	false	0.5
schmutz	neg 1.0		off 0.3626165293177817 __DUMMY__ 0.320552285619545 neg 0.3168311850626732	false	0.5
inkonsistenz	neg 1.0		off 0.3623637464796063 neg 0.3207732682399306 __DUMMY__ 0.31686298528046314	false	0.5
erschreckend	neg 1.0		off 0.3563143066709157 neg 0.3241808845931857 __DUMMY__ 0.31950480873589876	false	0.5
ertrinken	neg 1.0		off 0.35053444767634534 neg 0.32833648429393086 __DUMMY__ 0.3211290680297238	false	0.5
pickelface	off 1.0		off 0.3574376834164111 neg 0.32391907003450915 __DUMMY__ 0.3186432465490798	false	1.0
seiner			off 0.3526618808394401 neg 0.32516053842160886 __DUMMY__ 0.32217758073895103	false	0.0
lauch	neg 1.0	neg 1.0	neg 0.6518481231096056 off 0.19291118289349524 __DUMMY__ 0.15524069399689916	false	1.0
unwichtig	neg 1.0		off 0.3622860080180723 neg 0.32086055965003174 __DUMMY__ 0.31685343233189595	false	0.5
steuerhinterziehung	neg 1.0		off 0.35593027052736304 neg 0.32528007077173104 __DUMMY__ 0.31878965870090586	false	0.5
schock	neg 1.0		off 0.3554842718637759 neg 0.3243759332752207 __DUMMY__ 0.3201397948610035	false	0.5
beule	neg 1.0		off 0.3639246617045927 neg 0.3212135240283145 __DUMMY__ 0.31486181426709287	false	0.5
vergelten	neg 1.0		off 0.36782557560843215 neg 0.3175127567462755 __DUMMY__ 0.3146616676452924	false	0.5
verdorbenheit	neg 1.0		off 0.3583394957951888 neg 0.3230251748056941 __DUMMY__ 0.3186353293991171	false	0.5
trauma	neg 1.0		off 0.3581778988365343 neg 0.3238339778836033 __DUMMY__ 0.3179881232798623	false	0.5
sinnlos	neg 1.0		off 0.35922034171259887 neg 0.3224939259609754 __DUMMY__ 0.31828573232642565	false	0.5
fettsack	off 1.0	off 1.0	off 0.6734375647780494 neg 0.17759702157289856 __DUMMY__ 0.1489654136490521	false	1.0
feige	off 1.0	off 1.0	off 0.6707751586046552 neg 0.17750978719438384 __DUMMY__ 0.15171505420096087	false	1.0
abdanken	neg 1.0		off 0.3576906781345107 neg 0.32199110975241074 __DUMMY__ 0.32031821211307854	false	0.5
wichtigtuer	off 1.0	off 1.0	off 0.6693556901790262 neg 0.17754119860897521 __DUMMY__ 0.1531031112119985	false	1.0
misslingen	neg 1.0		off 0.3598504358067074 neg 0.3202173507671254 __DUMMY__ 0.31993221342616723	false	0.5
untreu	off 1.0		off 0.3634823385122557 neg 0.3203334012068881 __DUMMY__ 0.3161842602808563	false	1.0
missmutig	neg 1.0		off 0.36066888065793457 neg 0.3222172014556518 __DUMMY__ 0.31711391788641374	false	0.5
hurenbock	off 1.0		off 0.3545843877178399 neg 0.32970264768133195 __DUMMY__ 0.31571296460082815	false	1.0
betrunken	neg 1.0		off 0.3652800345091139 neg 0.3196197546795323 __DUMMY__ 0.31510021081135375	false	0.5
korrupt	off 1.0		off 0.3551110293070553 neg 0.32627222406371775 __DUMMY__ 0.3186167466292268	false	1.0
unmut	neg 1.0		off 0.3505504731724682 neg 0.32709363031587907 __DUMMY__ 0.32235589651165275	false	0.5
hackfresse	off 1.0		off 0.3711025060219735 neg 0.31651142539034394 __DUMMY__ 0.3123860685876826	false	1.0
aufblasen	neg 1.0		off 0.35737524425738676 neg 0.32371887612217165 __DUMMY__ 0.3189058796204418	false	0.5
gewaltsam	neg 1.0		off 0.35779920075615523 neg 0.3217906191384235 __DUMMY__ 0.32041018010542116	false	0.5
unbeliebtheit	neg 1.0		off 0.36368686603237976 neg 0.3200482816514363 __DUMMY__ 0.31626485231618406	false	0.5
sturheit	neg 1.0		off 0.3571290965597413 neg 0.3223470116811252 __DUMMY__ 0.3205238917591336	false	0.5
kuh	neg 1.0		off 0.3557028468493896 neg 0.3319834874913566 __DUMMY__ 0.31231366565925384	false	0.5
erschrecken	neg 1.0		off 0.36132707266005964 neg 0.3213729770598904 __DUMMY__ 0.31729995028004987	false	0.5
opfer	neg 1.0		off 0.355354377070739 __DUMMY__ 0.322595297408235 neg 0.3220503255210258	false	0.5
sinken	neg 1.0		off 0.3499261469830929 neg 0.3292487943128424 __DUMMY__ 0.3208250587040646	false	0.5
stinktier	neg 1.0		off 0.3659008178565025 neg 0.3238789189493675 __DUMMY__ 0.3102202631941301	false	0.5
tucke	off 1.0		off 0.37085204683354234 neg 0.32049047480815296 __DUMMY__ 0.30865747835830476	false	1.0
ein			off 0.35483611975951446 neg 0.32712865956748904 __DUMMY__ 0.31803522067299655	false	0.0
abstieg	neg 1.0		off 0.35692645027060205 __DUMMY__ 0.32241847585389455 neg 0.32065507387550335	false	0.5
missverstehen	neg 1.0		off 0.3602626486620157 neg 0.32180216292905683 __DUMMY__ 0.31793518840892737	false	0.5
ergebnislos	neg 1.0		off 0.35458277641492175 neg 0.3231787569272518 __DUMMY__ 0.32223846665782646	false	0.5
unter			off 0.34591504495652614 neg 0.3279474802746778 __DUMMY__ 0.3261374747687962	false	0.0
manipulieren	neg 1.0		off 0.3531170436312488 neg 0.325149216070664 __DUMMY__ 0.32173374029808716	false	0.5
unbewiesen	neg 1.0	neg 1.0	neg 0.6485721716962519 off 0.19813717177137286 __DUMMY__ 0.15329065653237522	false	1.0
verschleppen	neg 1.0		off 0.3544228144783595 neg 0.32520828974657173 __DUMMY__ 0.3203688957750687	false	0.5
weib	off 1.0		off 0.37206828573655354 neg 0.31796918141106567 __DUMMY__ 0.3099625328523807	false	1.0
opposition	neg 1.0		off 0.35812416711808054 neg 0.32447373738194973 __DUMMY__ 0.31740209549996967	false	0.5
verkehrswidrig	neg 1.0		off 0.36921165679716744 neg 0.3154970464834236 __DUMMY__ 0.31529129671940903	false	0.5
inkorrekt	neg 1.0		off 0.3662044127648205 neg 0.319193359354451 __DUMMY__ 0.31460222788072856	false	0.5
vermeiden	neg 1.0		off 0.34861273818219274 neg 0.32770789601395306 __DUMMY__ 0.32367936580385426	false	0.5
abweichung	neg 1.0	neg 1.0	neg 0.6485701702973692 off 0.1966361311225137 __DUMMY__ 0.15479369858011718	false	1.0
alkoholisiert	neg 1.0		off 0.35437559917838807 __DUMMY__ 0.3240241428855659 neg 0.32160025793604585	false	0.5
scheiss	off 1.0	off 1.0	off 0.671239358988958 neg 0.177839495327889 __DUMMY__ 0.150921145683153	false	1.0
herausforderung	neg 1.0		off 0.35457355065901147 neg 0.32500399667707713 __DUMMY__ 0.3204224526639114	false	0.5
pervers	off 1.0		off 0.3751007823648994 neg 0.31536564406711226 __DUMMY__ 0.30953357356798844	false	1.0
wackelig	neg 1.0		off 0.354879127959963 neg 0.3241800640839349 __DUMMY__ 0.3209408079561022	false	0.5
verwickeln	neg 1.0		off 0.3594773045504698 neg 0.32201865423645004 __DUMMY__ 0.3185040412130801	false	0.5
vorwand	neg 1.0		off 0.3513327097716676 neg 0.3267654300695739 __DUMMY__ 0.3219018601587585	false	0.5
muschi	off 1.0		off 0.35692225334383504 neg 0.3232914614856636 __DUMMY__ 0.31978628517050134	false	1.0
entmutigung	neg 1.0		off 0.35818960031885355 neg 0.3257423000518535 __DUMMY__ 0.316068099629293	false	0.5
unangemessen	neg 1.0		off 0.356375815015325 neg 0.3234527870872809 __DUMMY__ 0.3201713978973942	false	0.5
unstetig	neg 1.0		off 0.36088151378802796 neg 0.32243079059103014 __DUMMY__ 0.31668769562094184	false	0.5
entmutigen	neg 1.0		off 0.35817805358409355 neg 0.323052959868541 __DUMMY__ 0.3187689865473655	false	0.5
schwanz	neg 1.0		off 0.3541030283005545 neg 0.3259093879420462 __DUMMY__ 0.3199875837573993	false	0.5
verbot	neg 1.0		off 0.35505162145724245 neg 0.3258072753105216 __DUMMY__ 0.319141103232236	false	0.5
leid	neg 1.0		off 0.36805719515795793 neg 0.3182186615083047 __DUMMY__ 0.31372414333373744	false	0.5
archaisch	neg 1.0		off 0.35504066242167187 neg 0.3257485371644755 __DUMMY__ 0.3192108004138526	false	0.5
gegen			off 0.35212428271145085 neg 0.32451377091133377 __DUMMY__ 0.3233619463772152	false	0.0
scheidung	neg 1.0		off 0.38087063352147976 __DUMMY__ 0.31069860226095086 neg 0.30843076421756926	false	0.5
einschlag	neg 1.0		off 0.3685773973757102 __DUMMY__ 0.31649647076625353 neg 0.31492613185803636	false	0.5
m			off 0.35508622369884635 neg 0.3245614993274469 __DUMMY__ 0.3203522769737068	false	0.0
abgestanden	neg 1.0		off 0.3535411219856966 neg 0.33153853037182945 __DUMMY__ 0.314920347642474	false	0.5
schmierig	off 1.0		off 0.3674748155595456 neg 0.31888995099889095 __DUMMY__ 0.3136352334415634	false	1.0
unpraktisch	neg 1.0		off 0.3588797067196258 neg 0.32227903811951786 __DUMMY__ 0.3188412551608563	false	0.5
wixxer	off 1.0		off 0.3745020094231508 neg 0.3172058862085971 __DUMMY__ 0.30829210436825205	false	1.0
bezeichnet			off 0.35807071041040056 neg 0.3222530610238201 __DUMMY__ 0.31967622856577943	false	0.0
jammerlappen	off 1.0		off 0.3625709190355712 neg 0.3206789454879673 __DUMMY__ 0.31675013547646136	false	1.0
farce	neg 1.0		off 0.3563052657322638 neg 0.32575848716165245 __DUMMY__ 0.3179362471060838	false	0.5
zwecklos	neg 1.0		off 0.354779103074065 neg 0.32523362226472846 __DUMMY__ 0.31998727466120647	false	0.5
turbulent	neg 1.0		off 0.36397170729179235 neg 0.32130787928746374 __DUMMY__ 0.31472041342074397	false	0.5
invasion	neg 1.0		off 0.35973106280219286 neg 0.32259272897047 __DUMMY__ 0.31767620822733716	false	0.5
schuld	neg 1.0		off 0.35867715496595964 neg 0.3225097424043075 __DUMMY__ 0.3188131026297329	false	0.5
risiko	neg 1.0		off 0.3577155014785007 neg 0.3259839919049149 __DUMMY__ 0.3163005066165843	false	0.5
finster	neg 1.0		off 0.35532254289335446 neg 0.32705680152423033 __DUMMY__ 0.31762065558241537	false	0.5
geisteskrank	off 1.0		off 0.3651479860275527 neg 0.3194012029181701 __DUMMY__ 0.3154508110542771	false	1.0
zusammenbrechen	neg 1.0		off 0.354752440326675 neg 0.32553474682596484 __DUMMY__ 0.3197128128473602	false	0.5
ausbeute	neg 1.0		off 0.35763698262123694 __DUMMY__ 0.3215214820138075 neg 0.32084153536495547	false	0.5
hinterhalt	neg 1.0		off 0.3551460735061993 neg 0.32566658988732367 __DUMMY__ 0.319187336606477	false	0.5
kritik	neg 1.0		off 0.35606508853142144 neg 0.3258295719285662 __DUMMY__ 0.3181053395400123	false	0.5
einschrumpfen	neg 1.0		off 0.3614652980394141 neg 0.32341303152068424 __DUMMY__ 0.3151216704399018	false	0.5
riskant	neg 1.0		off 0.3520177608792453 neg 0.3272050071448462 __DUMMY__ 0.32077723197590857	false	0.5
frustrieren	neg 1.0		off 0.35284030974640956 neg 0.32695019736327696 __DUMMY__ 0.32020949289031364	false	0.5
groll	neg 1.0		off 0.3559518387209649 neg 0.3231293557251273 __DUMMY__ 0.3209188055539079	false	0.5
gibt			off 0.3546751462278059 neg 0.32498181597610787 __DUMMY__ 0.3203430377960862	false	0.0
qualvoll	neg 1.0		off 0.35935863228234727 neg 0.32250032380214905 __DUMMY__ 0.31814104391550374	false	0.5
wackeln	neg 1.0		off 0.35694146512818775 neg 0.3236908807107467 __DUMMY__ 0.3193676541610656	false	0.5
klagen	neg 1.0		off 0.351159914399072 neg 0.32750169582468885 __DUMMY__ 0.3213383897762391	false	0.5
bankrott	neg 1.0		off 0.36235588334327007 neg 0.32022700330911513 __DUMMY__ 0.31741711334761474	false	0.5
trauern	neg 1.0		off 0.3549550180848772 __DUMMY__ 0.3238187940711942 neg 0.3212261878439286	false	0.5
ablehnung	neg 1.0		off 0.3553542804049082 neg 0.32628784679493794 __DUMMY__ 0.31835787280015393	false	0.5
stur	neg 1.0		off 0.35835095807061784 neg 0.3232149529653914 __DUMMY__ 0.3184340889639908	false	0.5
aufruhr	neg 1.0	neg 1.0	neg 0.6483365846573531 off 0.19781246718151127 __DUMMY__ 0.1538509481611357	false	1.0
melancholie	neg 1.0		off 0.35080997670035924 neg 0.32931685632174346 __DUMMY__ 0.31987316697789747	false	0.5
ist			off 0.35882753975980924 neg 0.3229041129618197 __DUMMY__ 0.31826834727837106	false	0.0
torheit	neg 1.0		off 0.35846692874056785 neg 0.32310824856836645 __DUMMY__ 0.31842482269106565	false	0.5
dreckskind	off 1.0		off 0.37154877138529613 neg 0.3174273733618878 __DUMMY__ 0.31102385525281595	false	1.0
umtauschen	neg 1.0		off 0.356327034977401 neg 0.3244027338788524 __DUMMY__ 0.31927023114374686	false	0.5
zum			off 0.35115659726224097 __DUMMY__ 0.3263285723593934 neg 0.3225148303783656	false	0.0
zersetzen	neg 1.0		off 0.3516169625988494 neg 0.3278936058102399 __DUMMY__ 0.3204894315909107	false	0.5
zur			off 0.3490218031292094 neg 0.32708866775225715 __DUMMY__ 0.32388952911853347	false	0.0
frust	neg 1.0		off 0.3548239342300464 neg 0.32500290413206034 __DUMMY__ 0.3201731616378934	false	0.5
unerbittlichkeit	neg 1.0		off 0.3535589544330792 neg 0.32509076088203404 __DUMMY__ 0.3213502846848867	false	0.5
zwei			off 0.3488481472889022 neg 0.3266914812632871 __DUMMY__ 0.3244603714478107	false	0.0
unkorrekt	neg 1.0		off 0.36504461385736187 neg 0.31975062674984644 __DUMMY__ 0.3152047593927917	false	0.5
hexe	off 1.0		off 0.3601171416198981 neg 0.3253839336655672 __DUMMY__ 0.31449892471453456	false	1.0
lasch	neg 1.0		off 0.3620379371810833 neg 0.3204575005020376 __DUMMY__ 0.3175045623168791	false	0.5
rivale	neg 1.0		off 0.3665957399363299 neg 0.3186560871796944 __DUMMY__ 0.3147481728839756	false	0.5
mutlos	off 1.0	off 1.0	off 0.6658329694493169 neg 0.17998288326062578 __DUMMY__ 0.15418414729005728	false	1.0
wirr	off 1.0		off 0.366604483891556 neg 0.319599095350355 __DUMMY__ 0.31379642075808917	false	1.0
jahr			off 0.3550130916192472 __DUMMY__ 0.32434439097432133 neg 0.32064251740643146	false	0.0
wird			off 0.3543669832474334 neg 0.3247559906608586 __DUMMY__ 0.32087702609170826	false	0.0
strafbar	neg 1.0		off 0.35368148497972857 neg 0.3247245012528191 __DUMMY__ 0.32159401376745245	false	0.5
erosion	neg 1.0		off 0.35761849470054136 neg 0.323071322899845 __DUMMY__ 0.3193101823996137	false	0.5
eingehen	neg 1.0		off 0.352641441755519 neg 0.3270922107689381 __DUMMY__ 0.32026634747554283	false	0.5
faul	off 1.0		off 0.3617656652513778 neg 0.3210647469322534 __DUMMY__ 0.3171695878163688	false	1.0
provisorium	neg 1.0		off 0.346445083648463 neg 0.3269802117557541 __DUMMY__ 0.3265747045957829	false	0.5
schmerzen	neg 1.0		off 0.3552558683920162 neg 0.32574495693166017 __DUMMY__ 0.3189991746763236	false	0.5
schrumpfen	neg 1.0		off 0.3471495191780658 neg 0.33119706204278715 __DUMMY__ 0.321653418779147	false	0.5
geistlos	off 1.0		off 0.35943332058562516 neg 0.32400259458210007 __DUMMY__ 0.3165640848322747	false	1.0
fehlkauf	neg 1.0		off 0.35940034860415165 neg 0.32336431487167194 __DUMMY__ 0.31723533652417646	false	0.5
frustrierend	neg 1.0		off 0.36087899976008486 neg 0.3221552376086548 __DUMMY__ 0.31696576263126025	false	0.5
unzufrieden	neg 1.0		off 0.3547913744322296 neg 0.324856631774114 __DUMMY__ 0.3203519937936564	false	0.5
verzweifeln	neg 1.0		off 0.35620457770796454 neg 0.32394126401271695 __DUMMY__ 0.31985415827931846	false	0.5
verzweifelt	neg 1.0		off 0.35832140212438385 neg 0.32332959324180405 __DUMMY__ 0.3183490046338122	false	0.5
misstrauensantrag	neg 1.0		off 0.3590259439322239 neg 0.3232735994760731 __DUMMY__ 0.317700456591703	false	0.5
abfallen	neg 1.0		off 0.3568029478608751 neg 0.3246164566515053 __DUMMY__ 0.3185805954876197	false	0.5
fucker	off 1.0		off 0.366282498198599 neg 0.3182670845799323 __DUMMY__ 0.3154504172214689	false	1.0
ungezogen	neg 1.0		off 0.3731763440855897 neg 0.3157129083420205 __DUMMY__ 0.3111107475723899	false	0.5
irrsinnig	neg 1.0	neg 1.0	neg 0.6491609502345134 off 0.19777445840802707 __DUMMY__ 0.15306459135745956	false	1.0
unfassbar	neg 1.0		off 0.36374026406394516 neg 0.31969494444769797 __DUMMY__ 0.31656479148835687	false	0.5
hart	neg 1.0		off 0.3607876980800216 neg 0.32642241934613386 __DUMMY__ 0.31278988257384455	false	0.5
widerlich	off 1.0		off 0.36391479969833707 neg 0.3203035419897903 __DUMMY__ 0.31578165831187277	false	1.0
fatal	neg 1.0	neg 1.0	neg 0.65017763939265 off 0.19807644563001064 __DUMMY__ 0.15174591497733927	false	1.0
bruch	neg 1.0		off 0.3508072361296014 neg 0.3260644149577262 __DUMMY__ 0.3231283489126724	false	0.5
aushungern	neg 1.0		off 0.355327491549235 neg 0.32554469216509413 __DUMMY__ 0.319127816285671	false	0.5
anspannung	neg 1.0		off 0.3494081882987329 neg 0.32569204834443477 __DUMMY__ 0.32489976335683235	false	0.5
von			off 0.3517318009293001 neg 0.32629589680794063 __DUMMY__ 0.3219723022627592	false	0.0
kraftlos	neg 1.0		off 0.3541054378346398 neg 0.32550699705989034 __DUMMY__ 0.32038756510547	false	0.5
vom			off 0.3478988092731442 __DUMMY__ 0.3274516078010674 neg 0.32464958292578827	false	0.0
grenzdebil	off 1.0		off 0.3633700850875416 neg 0.321034249975882 __DUMMY__ 0.3155956649365765	false	1.0
vor			off 0.3506694664373224 neg 0.3267039452118319 __DUMMY__ 0.32262658835084573	false	0.0
unterwerfen	neg 1.0		off 0.35440563463200214 neg 0.3241955165582207 __DUMMY__ 0.32139884880977715	false	0.5
versenkung	neg 1.0		off 0.35372199685309685 neg 0.3246614015276395 __DUMMY__ 0.32161660161926353	false	0.5
entziehen	neg 1.0		off 0.35114541030186563 neg 0.3269855537539084 __DUMMY__ 0.32186903594422595	false	0.5
finanzkrise	neg 1.0		off 0.3532464094631156 neg 0.33155011003049456 __DUMMY__ 0.3152034805063898	false	0.5
schimpfend	neg 1.0		off 0.358753180437423 neg 0.32158076807845964 __DUMMY__ 0.3196660514841172	false	0.5
profan	neg 1.0		off 0.3592922389931708 neg 0.32312208563045414 __DUMMY__ 0.31758567537637516	false	0.5
korruption	neg 1.0		off 0.3541498397480378 neg 0.3271096047028279 __DUMMY__ 0.31874055554913416	false	0.5
â			off 0.3540146539263207 neg 0.32582086687678624 __DUMMY__ 0.3201644791968931	false	0.0
schmutzig	neg 1.0		off 0.3638034681577856 neg 0.32035150819835057 __DUMMY__ 0.3158450236438638	false	0.5
sexy	neg 1.0		off 0.36150369350458544 neg 0.320871911252317 __DUMMY__ 0.31762439524309743	false	0.5
abraten	neg 1.0		off 0.359330635494867 neg 0.322244278361557 __DUMMY__ 0.31842508614357595	false	0.5
schwarz	neg 1.0		off 0.35960671591233756 neg 0.32227871383038553 __DUMMY__ 0.31811457025727696	false	0.5
fotze	off 1.0	off 1.0	off 0.6663006479174763 neg 0.1796444554896565 __DUMMY__ 0.1540548965928672	false	1.0
verwirren	neg 1.0		off 0.3600135751004433 neg 0.32200646388907617 __DUMMY__ 0.31797996101048054	false	0.5
zahnlos	off 1.0		off 0.3558182790023816 neg 0.32425693352436413 __DUMMY__ 0.3199247874732543	false	1.0
verheeren	neg 1.0		off 0.3748333636461614 neg 0.314242806908414 __DUMMY__ 0.31092382944542457	false	0.5
hippie	neg 1.0		off 0.36084679230859806 neg 0.321735703933964 __DUMMY__ 0.317417503757438	false	0.5
rammen	neg 1.0		off 0.35750344815051854 neg 0.3239259940613655 __DUMMY__ 0.31857055778811594	false	0.5
unlauter	neg 1.0		off 0.3586759348194284 neg 0.3240847783992706 __DUMMY__ 0.317239286781301	false	0.5
unheilvoll	neg 1.0		off 0.35777584566392917 neg 0.32437772666630377 __DUMMY__ 0.3178464276697672	false	0.5
niedrig	neg 1.0		off 0.35288569456057983 neg 0.32794203602162536 __DUMMY__ 0.31917226941779486	false	0.5
explosion	neg 1.0		off 0.3609159787728317 neg 0.3214328944495057 __DUMMY__ 0.31765112677766255	false	0.5
weichei	off 1.0	off 1.0	off 0.6734856700332107 neg 0.17686026575349464 __DUMMY__ 0.14965406421329472	false	1.0
minusmensch	off 1.0		off 0.37356740032834895 neg 0.31653657740219177 __DUMMY__ 0.30989602226945917	false	1.0
farblos	neg 1.0		off 0.35813714129718327 neg 0.32367582250861004 __DUMMY__ 0.31818703619420674	false	0.5
unwissend	neg 1.0	neg 1.0	neg 0.648045869010186 off 0.20003169936231827 __DUMMY__ 0.1519224316274956	false	1.0
traurig	neg 1.0		off 0.3662717952588881 neg 0.31860674685561136 __DUMMY__ 0.31512145788550067	false	0.5
senkung	neg 1.0		off 0.3582182515790917 neg 0.32653143303980453 __DUMMY__ 0.31525031538110376	false	0.5
ungleich	neg 1.0	neg 1.0	neg 0.6503384976308748 off 0.19540627999976878 __DUMMY__ 0.15425522236935632	false	1.0
heikel	neg 1.0		off 0.3527569782616305 neg 0.3259915998804227 __DUMMY__ 0.3212514218579468	false	0.5
drosselung	neg 1.0		off 0.3618490112277595 neg 0.3246569335330241 __DUMMY__ 0.3134940552392165	false	0.5
falsch	neg 1.0		off 0.36183710935211966 neg 0.32054665209936894 __DUMMY__ 0.31761623854851156	false	0.5
unzufriedenheit	neg 1.0		off 0.35136724896367366 neg 0.32848509890861016 __DUMMY__ 0.3201476521277161	false	0.5
kurz	neg 1.0		off 0.3556483842784904 neg 0.32331221299848073 __DUMMY__ 0.3210394027230289	false	0.5
unsinnig	neg 1.0		off 0.35536285215615654 neg 0.32607346648715285 __DUMMY__ 0.3185636813566907	false	0.5
penner	off 1.0	off 1.0	off 0.6749074888122636 neg 0.17549248435533063 __DUMMY__ 0.1496000268324059	false	1.0
seicht	neg 1.0		off 0.3711515143034762 neg 0.3187288109869429 __DUMMY__ 0.3101196747095808	false	0.5
dummheit	off 1.0	off 1.0	off 0.6688127077733668 neg 0.17887824285246068 __DUMMY__ 0.15230904937417256	false	1.0
unerfreulich	neg 1.0		off 0.35213682490506176 neg 0.32674972711971145 __DUMMY__ 0.32111344797522673	false	0.5
motherfucker	off 1.0	off 1.0	off 0.6719773430581976 neg 0.1766409482122632 __DUMMY__ 0.15138170872953927	false	1.0
pikiert	neg 1.0		off 0.3625209083339368 neg 0.3214800764667807 __DUMMY__ 0.3159990151992825	false	0.5
wrack	neg 1.0		off 0.3577842946556795 __DUMMY__ 0.32309505141228684 neg 0.3191206539320338	false	0.5
gangster	neg 1.0		off 0.3610325404176876 neg 0.3216963589814299 __DUMMY__ 0.31727110060088254	false	0.5
krank	neg 1.0		off 0.3643158010070692 neg 0.3191446142490862 __DUMMY__ 0.3165395847438446	false	0.5
reich	neg 1.0		off 0.3597893341191067 neg 0.3253828874897844 __DUMMY__ 0.31482777839110887	false	0.5
gnadenlos	neg 1.0		off 0.3585559746122391 neg 0.3223093408887854 __DUMMY__ 0.31913468449897553	false	0.5
niedergeschlagen	neg 1.0		off 0.35563073111293336 neg 0.3228189598087696 __DUMMY__ 0.321550309078297	false	0.5
terrorisieren	off 1.0	off 1.0	off 0.665558396326792 neg 0.17952565972379045 __DUMMY__ 0.15491594394941752	false	1.0
sinnlosigkeit	neg 1.0		off 0.3551817518809737 neg 0.324827061550565 __DUMMY__ 0.3199911865684613	false	0.5
behindern	neg 1.0		off 0.35648989658722924 neg 0.324790923271805 __DUMMY__ 0.3187191801409659	false	0.5
undemokratisch	neg 1.0		off 0.35907257780865076 neg 0.3236291011268134 __DUMMY__ 0.3172983210645359	false	0.5
wirtschaftskrise	neg 1.0		off 0.3528737643811211 neg 0.32922572328390687 __DUMMY__ 0.31790051233497213	false	0.5
neid	neg 1.0		off 0.3607525513788761 neg 0.32172842775140237 __DUMMY__ 0.31751902086972156	false	0.5
rutschen	neg 1.0		off 0.34832232602629215 neg 0.3273856758369193 __DUMMY__ 0.3242919981367886	false	0.5
rezession	neg 1.0		off 0.36358071820247245 neg 0.3249078772648054 __DUMMY__ 0.31151140453272214	false	0.5
fehlgeburt	neg 1.0		off 0.35845859461274404 neg 0.3216245837184478 __DUMMY__ 0.3199168216688081	false	0.5
charakterschwach	off 1.0		off 0.3630130726669265 neg 0.32142093964712254 __DUMMY__ 0.31556598768595095	false	1.0
isolation	neg 1.0		off 0.36208205383973335 neg 0.3199070242192397 __DUMMY__ 0.318010921941027	false	0.5
ablenkung	neg 1.0		off 0.3572488497555304 neg 0.32292201038698953 __DUMMY__ 0.31982913985747996	false	0.5
pech	neg 1.0		off 0.36136733560629386 neg 0.3219202530288387 __DUMMY__ 0.3167124113648674	false	0.5
vermeidung	neg 1.0		off 0.36310953062620754 neg 0.32168177599595993 __DUMMY__ 0.3152086933778325	false	0.5
dominieren	neg 1.0		off 0.35572817621317493 neg 0.32427532120956665 __DUMMY__ 0.31999650257725853	false	0.5
schwindlig	neg 1.0		off 0.3587994901063614 neg 0.3235178730687576 __DUMMY__ 0.317682636824881	false	0.5
lutscher	neg 1.0	neg 1.0	neg 0.6457865297335805 off 0.2061128972522631 __DUMMY__ 0.1481005730141564	false	1.0
pflicht	neg 1.0		off 0.35185121177152023 neg 0.3257040272654698 __DUMMY__ 0.32244476096301006	false	0.5
faschist	off 1.0		off 0.36184200439862263 neg 0.3202998591571069 __DUMMY__ 0.31785813644427036	false	1.0
verschleudern	neg 1.0		off 0.35140611589745013 neg 0.33021324680521436 __DUMMY__ 0.31838063729733557	false	0.5
wenn			off 0.362170035345085 neg 0.3210227143548214 __DUMMY__ 0.3168072503000936	false	0.0
ehebruch	neg 1.0		off 0.354532464604259 neg 0.32480803900695404 __DUMMY__ 0.3206594963887869	false	0.5
spott	off 1.0		off 0.35485941682462135 neg 0.32385036609576406 __DUMMY__ 0.32129021707961464	false	1.0
trostlosigkeit	neg 1.0		off 0.34990677291002503 neg 0.3296984299458325 __DUMMY__ 0.32039479714414254	false	0.5
lutschen	neg 1.0		off 0.361209275264272 neg 0.3222414310478837 __DUMMY__ 0.3165492936878443	false	0.5
undiszipliniert	neg 1.0		off 0.36529690702900763 neg 0.3195441475738622 __DUMMY__ 0.31515894539713024	false	0.5
kopfschmerz	neg 1.0		off 0.3520764348568377 neg 0.32920240994414274 __DUMMY__ 0.3187211551990196	false	0.5
unvorhergesehen	neg 1.0		off 0.3524668177290908 neg 0.3247648652821461 __DUMMY__ 0.32276831698876307	false	0.5
desinteressiert	neg 1.0		off 0.36453863505762124 neg 0.3201313640618504 __DUMMY__ 0.3153300008805284	false	0.5
armselig	off 1.0		off 0.3673185181622913 neg 0.3178868897929457 __DUMMY__ 0.314794592044763	false	1.0
desaster	neg 1.0		off 0.35032785837290387 neg 0.32802159255342583 __DUMMY__ 0.32165054907367036	false	0.5
tod	neg 1.0		off 0.35379707948939865 neg 0.3249286113562251 __DUMMY__ 0.3212743091543763	false	0.5
herzlos	neg 1.0		off 0.3665997216322774 neg 0.31854755366918436 __DUMMY__ 0.3148527246985383	false	0.5
unwissenheit	neg 1.0		off 0.3547598517048273 neg 0.3252210633779329 __DUMMY__ 0.32001908491723985	false	0.5
widersinnig	neg 1.0		off 0.3549577467734888 neg 0.32711331123185783 __DUMMY__ 0.3179289419946534	false	0.5
bedenklich	neg 1.0		off 0.35342000343086233 neg 0.3266498793727207 __DUMMY__ 0.319930117196417	false	0.5
beanstanden	neg 1.0		off 0.35296916024401365 neg 0.32440245348137287 __DUMMY__ 0.32262838627461343	false	0.5
panisch	neg 1.0		off 0.35975894768040295 neg 0.32123232029054505 __DUMMY__ 0.31900873202905206	false	0.5
debil	off 1.0		off 0.34548243420969105 neg 0.33014006666041923 __DUMMY__ 0.32437749912988967	false	1.0
abstrich	neg 1.0		off 0.3551199652993753 neg 0.32573941450638494 __DUMMY__ 0.3191406201942398	false	0.5
primitiv	neg 1.0		off 0.36497609677201165 neg 0.3194333075111428 __DUMMY__ 0.31559059571684556	false	0.5
abschaum	off 1.0	off 1.0	off 0.6711859635559937 neg 0.1763326110747239 __DUMMY__ 0.15248142536928244	false	1.0
provozieren	neg 1.0		off 0.3582162453508549 neg 0.3231057362078477 __DUMMY__ 0.3186780184412973	false	0.5
tot	neg 1.0		off 0.35397866694422087 neg 0.3270642146278105 __DUMMY__ 0.3189571184279685	false	0.5
instabil	neg 1.0		off 0.36625436045030857 neg 0.3205881306940204 __DUMMY__ 0.313157508855671	false	0.5
schwuchtel	off 1.0	off 1.0	off 0.6787177657656277 neg 0.17408012677286058 __DUMMY__ 0.14720210746151158	false	1.0
zerren	neg 1.0		off 0.3550532459597952 neg 0.32388419193398604 __DUMMY__ 0.3210625621062187	false	0.5
kinderficker	off 1.0		off 0.3696887037889161 neg 0.3167425008225063 __DUMMY__ 0.31356879538857746	false	1.0
gefahr	neg 1.0		off 0.35265139241760735 neg 0.3248074085519562 __DUMMY__ 0.32254119903043643	false	0.5
rabiat	neg 1.0		off 0.35625277542989786 neg 0.3243766925232782 __DUMMY__ 0.319370532046824	false	0.5
verlangsamung	neg 1.0		off 0.3703773456313382 neg 0.31807302421111905 __DUMMY__ 0.3115496301575428	false	0.5
ausgestorben	neg 1.0		off 0.35614781518222643 neg 0.3238657754321094 __DUMMY__ 0.31998640938566403	false	0.5
anklagen	neg 1.0		off 0.35610867622917336 neg 0.3235979036419713 __DUMMY__ 0.32029342012885526	false	0.5
trott	neg 1.0		off 0.35717343247882427 neg 0.3236601725881776 __DUMMY__ 0.3191663949329981	false	0.5
verminderung	neg 1.0		off 0.363420863159649 neg 0.3211482730190466 __DUMMY__ 0.3154308638213043	false	0.5
nach			off 0.34772880322608035 neg 0.3266497196717728 __DUMMY__ 0.3256214771021467	false	0.0
rost	neg 1.0		off 0.3738624722924483 __DUMMY__ 0.3133181407889714 neg 0.3128193869185803	false	0.5
destruktiv	neg 1.0		off 0.3567422615609357 neg 0.32447324717518916 __DUMMY__ 0.31878449126387515	false	0.5
unzumutbarkeit	neg 1.0		off 0.3633030657396071 neg 0.32117091158528815 __DUMMY__ 0.3155260226751049	false	0.5
labil	off 1.0	off 1.0	off 0.6701506169227727 neg 0.17785507266143785 __DUMMY__ 0.15199431041578945	false	1.0
ziemlich	neg 1.0		off 0.3635059438503325 neg 0.31970044348506016 __DUMMY__ 0.3167936126646072	false	0.5
lachnummer	off 1.0		off 0.3583729752969458 neg 0.3219997877566611 __DUMMY__ 0.31962723694639317	false	1.0
oder			off 0.35816030580494984 neg 0.3222927722178306 __DUMMY__ 0.31954692197721946	false	0.0
verfall	neg 1.0		off 0.34746481907605803 neg 0.33077863715178885 __DUMMY__ 0.321756543772153	false	0.5
ausgrenzung	neg 1.0		off 0.35876983416695685 neg 0.32414071581194714 __DUMMY__ 0.31708945002109595	false	0.5
unordnung	neg 1.0		off 0.36732307613809145 neg 0.3190702634329245 __DUMMY__ 0.313606660428984	false	0.5
fehlverhalten	neg 1.0		off 0.3532120827502301 neg 0.3256568604108106 __DUMMY__ 0.32113105683895926	false	0.5
eine			off 0.350804902246298 neg 0.3273251484200208 __DUMMY__ 0.3218699493336813	false	0.0
nille	neg 1.0		off 0.35760740733069807 neg 0.32328596706021834 __DUMMY__ 0.3191066256090837	false	0.5
qual	neg 1.0		off 0.3566398091737394 neg 0.3242514919940458 __DUMMY__ 0.3191086988322149	false	0.5
verschwenden	neg 1.0		off 0.35185007617386194 neg 0.3280854369127878 __DUMMY__ 0.32006448691335027	false	0.5
riesig	neg 1.0		off 0.3537005022735509 neg 0.32500851546533227 __DUMMY__ 0.3212909822611169	false	0.5
verurteilen	neg 1.0		off 0.35563729842860103 neg 0.3241313138539056 __DUMMY__ 0.3202313877174932	false	0.5
klischee	neg 1.0	neg 1.0	neg 0.648547075144962 off 0.19938365220604506 __DUMMY__ 0.15206927264899298	false	1.0
diktatorisch	neg 1.0		off 0.35908991141841184 neg 0.32376730051291347 __DUMMY__ 0.31714278806867474	false	0.5
vorhersehbar	neg 1.0		off 0.3597695168752063 neg 0.323417861125423 __DUMMY__ 0.3168126219993707	false	0.5
sowie			off 0.3677710710781355 neg 0.3197518702768296 __DUMMY__ 0.3124770586450349	false	0.0
stornieren	neg 1.0		off 0.3625829224036903 __DUMMY__ 0.3204892437684612 neg 0.31692783382784856	false	0.5
besteuerung	neg 1.0	neg 1.0	neg 0.6519088111347234 off 0.19652794296441564 __DUMMY__ 0.151563245900861	false	1.0
ungeschminkt	neg 1.0		off 0.3644835226918614 neg 0.32057389978582435 __DUMMY__ 0.3149425775223142	false	0.5
kritisch	neg 1.0		off 0.35488224159429277 neg 0.32489170059959877 __DUMMY__ 0.32022605780610847	false	0.5
schlamperei	off 1.0		off 0.35355361431963006 neg 0.32566154423247473 __DUMMY__ 0.32078484144789526	false	1.0
sucht	neg 1.0	neg 1.0	neg 0.6481586467859096 off 0.198404883170016 __DUMMY__ 0.15343647004407443	false	1.0
egoistisch	off 1.0	off 1.0	off 0.6741727450035121 neg 0.17518355439193595 __DUMMY__ 0.1506437006045519	false	1.0
ausbeuter	off 1.0		off 0.35188738017413196 neg 0.32812838272412836 __DUMMY__ 0.31998423710173973	false	1.0
arschgeburt	off 1.0		off 0.3772118187560062 neg 0.3153599383481606 __DUMMY__ 0.3074282428958331	false	1.0
schubs	neg 1.0		off 0.35287538795468876 neg 0.3279604113193538 __DUMMY__ 0.3191642007259575	false	0.5
unsolide	neg 1.0		off 0.36047370417913016 neg 0.32164401029720535 __DUMMY__ 0.31788228552366454	false	0.5
beschwerde	neg 1.0		off 0.35562312746708596 neg 0.3238884102975036 __DUMMY__ 0.3204884622354103	false	0.5
stocken	neg 1.0		off 0.3538466446439368 neg 0.32583314179608824 __DUMMY__ 0.3203202135599749	false	0.5
isolieren	neg 1.0		off 0.3542701666861536 neg 0.3266486423166614 __DUMMY__ 0.31908119099718507	false	0.5
unheilbar	neg 1.0		off 0.3576425427098122 neg 0.32296208566824786 __DUMMY__ 0.3193953716219401	false	0.5
pisser	off 1.0	off 1.0	off 0.6723834880588097 neg 0.17660398833978957 __DUMMY__ 0.15101252360140086	false	1.0
löschen	neg 1.0		off 0.3575732423133106 neg 0.3238479214442554 __DUMMY__ 0.31857883624243394	false	0.5
durchfallen	neg 1.0		off 0.3548987588449482 neg 0.3245497120729072 __DUMMY__ 0.3205515290821447	false	0.5
wichser	off 1.0	off 1.0	off 0.6766527546788781 neg 0.17467256795722033 __DUMMY__ 0.14867467736390155	false	1.0
terror	neg 1.0		off 0.36060946662969995 neg 0.3219043458406928 __DUMMY__ 0.3174861875296072	false	0.5
krass	neg 1.0		off 0.3679727196144855 neg 0.31843539714810415 __DUMMY__ 0.3135918832374103	false	0.5
revolte	neg 1.0		off 0.35999861489470275 neg 0.32421919246627756 __DUMMY__ 0.3157821926390197	false	0.5
besorgt	neg 1.0		off 0.3561824764293085 neg 0.32239442090907866 __DUMMY__ 0.3214231026616128	false	0.5
nachlassen	neg 1.0		off 0.35442226653242553 neg 0.3245278867335932 __DUMMY__ 0.32104984673398135	false	0.5
alt	neg 1.0		off 0.35141051140965457 neg 0.33059791863114696 __DUMMY__ 0.3179915699591985	false	0.5
hundesohn	off 1.0	off 1.0	off 0.6757152908699798 neg 0.17570495923621024 __DUMMY__ 0.14857974989380984	false	1.0
als			off 0.3547957844975359 neg 0.3254272591131313 __DUMMY__ 0.31977695638933284	false	0.0
abschreckung	neg 1.0		off 0.3522063854627451 neg 0.32648954618300485 __DUMMY__ 0.3213040683542501	false	0.5
unqualifiziert	neg 1.0		off 0.3622212075157553 neg 0.32049395542951964 __DUMMY__ 0.3172848370547251	false	0.5
abgewichst	off 1.0		off 0.3570755281500006 neg 0.3233440117671745 __DUMMY__ 0.3195804600828249	false	1.0
schwer	neg 1.0		off 0.35670973882249024 neg 0.3237047354485222 __DUMMY__ 0.3195855257289876	false	0.5
bedeutungslosigkeit	neg 1.0		off 0.352672467042155 neg 0.32630359368705975 __DUMMY__ 0.3210239392707854	false	0.5
kapitulation	neg 1.0		off 0.3536075475782076 neg 0.3271990157930831 __DUMMY__ 0.3191934366287093	false	0.5
unscharf	neg 1.0		off 0.3572202188831712 neg 0.3273973716715675 __DUMMY__ 0.31538240944526136	false	0.5
schwinden	neg 1.0		off 0.35142521422874445 neg 0.32901675988540097 __DUMMY__ 0.3195580258858545	false	0.5
versklavung	neg 1.0	neg 1.0	neg 0.6498698555486792 off 0.19780422483140683 __DUMMY__ 0.15232591961991407	false	1.0
schlecht	neg 1.0		off 0.36400788299705983 neg 0.31885406755389784 __DUMMY__ 0.3171380494490423	false	0.5
verhasst	neg 1.0		off 0.3588996714236123 neg 0.3228130570973927 __DUMMY__ 0.318287271478995	false	0.5
beschweren	neg 1.0		off 0.35991165764980665 neg 0.3210476117523009 __DUMMY__ 0.31904073059789234	false	0.5
scheiden	neg 1.0		off 0.35712204502829564 neg 0.3239346702795307 __DUMMY__ 0.3189432846921735	false	0.5
frustriert	neg 1.0		off 0.3559755249424008 neg 0.32393322714070677 __DUMMY__ 0.3200912479168925	false	0.5
schimmelig	neg 1.0		off 0.3524684596776975 neg 0.3290620101961476 __DUMMY__ 0.3184695301261547	false	0.5
fisch	neg 1.0		off 0.34851531995128066 neg 0.3322779358097842 __DUMMY__ 0.31920674423893514	false	0.5
schmuggel	neg 1.0		off 0.35232084694885807 neg 0.3244325226387545 __DUMMY__ 0.32324663041238744	false	0.5
auffallen	neg 1.0		off 0.3599157331731369 neg 0.32181118460471636 __DUMMY__ 0.3182730822221466	false	0.5
konkurrenz	neg 1.0		off 0.35303688813323025 neg 0.32471851146797626 __DUMMY__ 0.3222446003987934	false	0.5
teufelskreis	neg 1.0	neg 1.0	neg 0.6508270739063965 off 0.19625214630810667 __DUMMY__ 0.15292077978549692	false	1.0
aufschreien	neg 1.0		off 0.3599747420320071 neg 0.3227597639622091 __DUMMY__ 0.31726549400578385	false	0.5
schuldner	neg 1.0		off 0.35061465330712666 neg 0.33048905806163953 __DUMMY__ 0.3188962886312337	false	0.5
missgeburt	off 1.0	off 1.0	off 0.6754200194664801 neg 0.17482723240238607 __DUMMY__ 0.14975274813113376	false	1.0
arbeitslos	neg 1.0		off 0.3545294365986752 neg 0.32515467082125205 __DUMMY__ 0.3203158925800728	false	0.5
befallen	neg 1.0		off 0.35431133988371005 neg 0.3282817750898552 __DUMMY__ 0.3174068850264347	false	0.5
miesepetrig	off 1.0	off 1.0	off 0.670263328128842 neg 0.1776373215027281 __DUMMY__ 0.1520993503684298	false	1.0
alarmieren	neg 1.0		off 0.36288142852419564 neg 0.3197818138120949 __DUMMY__ 0.31733675766370945	false	0.5
ungeduscht	off 1.0		off 0.3611629423890995 neg 0.3227562282413083 __DUMMY__ 0.3160808293695922	false	1.0
knappheit	neg 1.0		off 0.35311650605649103 neg 0.32884018130656967 __DUMMY__ 0.31804331263693936	false	0.5
schlange	neg 1.0		off 0.35797363368366775 neg 0.3225379541095833 __DUMMY__ 0.319488412206749	false	0.5
harsch	neg 1.0		off 0.368299814994897 neg 0.31662826041893005 __DUMMY__ 0.3150719245861729	false	0.5
lang	neg 1.0		off 0.3585625508102662 neg 0.322998441969885 __DUMMY__ 0.31843900721984875	false	0.5
ziellos	neg 1.0		off 0.353251612361783 neg 0.32523336934172964 __DUMMY__ 0.32151501829648743	false	0.5
selbstverliebt	neg 1.0		off 0.37558190164889327 neg 0.3140493413234835 __DUMMY__ 0.31036875702762323	false	0.5
beseitigen	neg 1.0		off 0.35795864932134386 neg 0.3218486038890365 __DUMMY__ 0.3201927467896196	false	0.5
dumm	off 1.0		off 0.3701576190239891 neg 0.31718016195134685 __DUMMY__ 0.31266221902466407	false	1.0
arbeitsloser	neg 1.0		off 0.3572154811157613 __DUMMY__ 0.32310738071854744 neg 0.31967713816569127	false	0.5
blitzen	neg 1.0		off 0.361061852703271 neg 0.3222200439018392 __DUMMY__ 0.31671810339488976	false	0.5
hilflos	neg 1.0		off 0.35457328392166565 neg 0.32525146547841666 __DUMMY__ 0.3201752505999177	false	0.5
eklig	off 1.0		off 0.3697456184398365 neg 0.318840028391523 __DUMMY__ 0.31141435316864063	false	1.0
begriff			off 0.3569569037713428 neg 0.32353451605076766 __DUMMY__ 0.3195085801778895	false	0.0
hungersnot	neg 1.0		off 0.3540193142255723 neg 0.32706121415440775 __DUMMY__ 0.3189194716200199	false	0.5
ungesetzlich	neg 1.0		off 0.35935469406596887 neg 0.3232115730924079 __DUMMY__ 0.31743373284162324	false	0.5
verschwendung	neg 1.0		off 0.352370924915103 neg 0.32687500797326163 __DUMMY__ 0.3207540671116352	false	0.5
schmerzvoll	neg 1.0		off 0.3582366461729575 neg 0.32394426921248404 __DUMMY__ 0.3178190846145586	false	0.5
vorzeitig	neg 1.0		off 0.3633323937129195 neg 0.3193431917032256 __DUMMY__ 0.3173244145838549	false	0.5
unvollkommenheit	neg 1.0		off 0.355232145325521 neg 0.3253538166299209 __DUMMY__ 0.3194140380445581	false	0.5
intervenieren	neg 1.0		off 0.3520784387693494 neg 0.32868588612040756 __DUMMY__ 0.319235675110243	false	0.5
banause	off 1.0		off 0.37013883972076195 neg 0.3205901696553768 __DUMMY__ 0.30927099062386126	false	1.0
rebell	neg 1.0		off 0.3467964177523659 neg 0.33284745989038844 __DUMMY__ 0.32035612235724575	false	0.5
unlogisch	neg 1.0		off 0.3655460421612414 neg 0.31987474927307635 __DUMMY__ 0.3145792085656822	false	0.5
leiden	neg 1.0		off 0.3530254958429214 neg 0.32357766860167686 __DUMMY__ 0.32339683555540166	false	0.5
abschaffung	neg 1.0		off 0.3572162946763172 neg 0.32567959434871235 __DUMMY__ 0.3171041109749704	false	0.5
sturz	neg 1.0		off 0.36118281699395066 __DUMMY__ 0.3201095409310328 neg 0.3187076420750166	false	0.5
verkleinerung	neg 1.0		off 0.35957607053266916 neg 0.32587894563926034 __DUMMY__ 0.3145449838280705	false	0.5
schmarotzer	off 1.0		off 0.3555904148773706 neg 0.32448315875328865 __DUMMY__ 0.31992642636934077	false	1.0
bestrafung	neg 1.0	neg 1.0	neg 0.6485139811772901 off 0.1979068377086301 __DUMMY__ 0.15357918111407984	false	1.0
achtlos	neg 1.0		off 0.35636602641651477 neg 0.3231436575302638 __DUMMY__ 0.3204903160532213	false	0.5
ungeheuer	neg 1.0		off 0.3564699541889435 neg 0.3259721557348619 __DUMMY__ 0.31755789007619445	false	0.5
unaufrichtig	neg 1.0		off 0.36214920314335264 neg 0.32055482979186956 __DUMMY__ 0.31729596706477786	false	0.5
groggy	neg 1.0		off 0.36116779886286743 neg 0.32077673666356554 __DUMMY__ 0.3180554644735672	false	0.5
verletzlich	neg 1.0		off 0.3610756818202602 neg 0.3244812544977332 __DUMMY__ 0.3144430636820066	false	0.5
ablehnen	neg 1.0		off 0.3545085742083661 neg 0.32523957970764034 __DUMMY__ 0.3202518460839936	false	0.5
