unsolidarisch	neg 1.0		off 0.3571813634940484 neg 0.3252759900473285 __DUMMY__ 0.31754264645862307	false	0.5
nachteilig	neg 1.0		off 0.35383914874107397 neg 0.3249124173574208 __DUMMY__ 0.32124843390150515	false	0.5
skeptisch	neg 1.0		off 0.35222436347964403 neg 0.3264399596070957 __DUMMY__ 0.3213356769132602	false	0.5
schrecklich	neg 1.0		off 0.36658248511219665 neg 0.3186175166489136 __DUMMY__ 0.3147999982388897	false	0.5
schlapp	neg 1.0	neg 1.0	neg 0.6474928873723997 off 0.20044588919925893 __DUMMY__ 0.1520612234283413	false	1.0
abfall	neg 1.0		off 0.34985950489715995 neg 0.3263880659803364 __DUMMY__ 0.3237524291225038	false	0.5
widerspenstig	neg 1.0		off 0.35579833183345594 neg 0.3256357408434623 __DUMMY__ 0.3185659273230818	false	0.5
abrupt	neg 1.0		off 0.350720658628851 neg 0.3289070989019315 __DUMMY__ 0.3203722424692176	false	0.5
unwirksam	neg 1.0		off 0.3548065674390436 neg 0.3297302130244141 __DUMMY__ 0.3154632195365424	false	0.5
angreifen	neg 1.0		off 0.3518787978402194 neg 0.326242324088153 __DUMMY__ 0.3218788780716276	false	0.5
inkonsistent	neg 1.0		off 0.35875205644659225 neg 0.32475826506631317 __DUMMY__ 0.3164896784870946	false	0.5
abrutschen	neg 1.0		off 0.3491130390084616 neg 0.3274773932620576 __DUMMY__ 0.32340956772948076	false	0.5
unsicher	neg 1.0		off 0.3574074639127233 neg 0.322798656615323 __DUMMY__ 0.31979387947195365	false	0.5
bauernkind	off 1.0	off 1.0	off 0.6722368427806354 neg 0.17898834612860143 __DUMMY__ 0.14877481109076307	false	1.0
angreifer	neg 1.0		off 0.362904146762637 __DUMMY__ 0.31951232053861 neg 0.317583532698753	false	0.5
trennen	neg 1.0		off 0.35192184870312687 neg 0.32570729439480917 __DUMMY__ 0.3223708569020639	false	0.5
schmutz	neg 1.0		off 0.36261652931778177 __DUMMY__ 0.3205522856195449 neg 0.3168311850626732	false	0.5
inkonsistenz	neg 1.0		off 0.3623637464796064 neg 0.3207732682399305 __DUMMY__ 0.3168629852804631	false	0.5
erschreckend	neg 1.0		off 0.35631430667091585 neg 0.3241808845931854 __DUMMY__ 0.31950480873589887	false	0.5
ertrinken	neg 1.0		off 0.3505344476763454 neg 0.32833648429393103 __DUMMY__ 0.3211290680297236	false	0.5
pickelface	off 1.0		off 0.35743768341641097 neg 0.32391907003450937 __DUMMY__ 0.3186432465490796	false	1.0
seiner			off 0.3526618808394402 neg 0.3251605384216085 __DUMMY__ 0.32217758073895114	false	0.0
lauch	neg 1.0	neg 1.0	neg 0.6518481231096055 off 0.19291118289349554 __DUMMY__ 0.15524069399689905	false	1.0
unwichtig	neg 1.0		off 0.3622860080180722 neg 0.320860559650032 __DUMMY__ 0.31685343233189583	false	0.5
steuerhinterziehung	neg 1.0		off 0.35593027052736337 neg 0.32528007077173104 __DUMMY__ 0.31878965870090537	false	0.5
schock	neg 1.0		off 0.355484271863776 neg 0.3243759332752209 __DUMMY__ 0.320139794861003	false	0.5
beule	neg 1.0		off 0.36392466170459237 neg 0.3212135240283149 __DUMMY__ 0.31486181426709287	false	0.5
vergelten	neg 1.0		off 0.3678255756084322 neg 0.31751275674627516 __DUMMY__ 0.3146616676452925	false	0.5
verdorbenheit	neg 1.0		off 0.3583394957951886 neg 0.3230251748056943 __DUMMY__ 0.31863532939911704	false	0.5
trauma	neg 1.0		off 0.3581778988365348 neg 0.323833977883603 __DUMMY__ 0.31798812327986214	false	0.5
sinnlos	neg 1.0		off 0.359220341712599 neg 0.3224939259609755 __DUMMY__ 0.3182857323264257	false	0.5
fettsack	off 1.0	off 1.0	off 0.6734375647780492 neg 0.17759702157289878 __DUMMY__ 0.14896541364905216	false	1.0
feige	off 1.0	off 1.0	off 0.6707751586046552 neg 0.1775097871943838 __DUMMY__ 0.15171505420096107	false	1.0
abdanken	neg 1.0		off 0.3576906781345107 neg 0.32199110975241063 __DUMMY__ 0.32031821211307876	false	0.5
wichtigtuer	off 1.0	off 1.0	off 0.6693556901790263 neg 0.1775411986089754 __DUMMY__ 0.15310311121199827	false	1.0
misslingen	neg 1.0		off 0.35985043580670745 neg 0.3202173507671253 __DUMMY__ 0.3199322134261672	false	0.5
untreu	off 1.0		off 0.3634823385122554 neg 0.32033340120688836 __DUMMY__ 0.31618426028085633	false	1.0
missmutig	neg 1.0		off 0.3606688806579346 neg 0.3222172014556518 __DUMMY__ 0.31711391788641363	false	0.5
hurenbock	off 1.0		off 0.35458438771783973 neg 0.32970264768133206 __DUMMY__ 0.3157129646008283	false	1.0
betrunken	neg 1.0		off 0.3652800345091141 neg 0.3196197546795324 __DUMMY__ 0.3151002108113535	false	0.5
korrupt	off 1.0		off 0.3551110293070554 neg 0.32627222406371764 __DUMMY__ 0.3186167466292268	false	1.0
unmut	neg 1.0		off 0.3505504731724683 neg 0.32709363031587935 __DUMMY__ 0.32235589651165236	false	0.5
hackfresse	off 1.0		off 0.37110250602197287 neg 0.31651142539034466 __DUMMY__ 0.3123860685876825	false	1.0
aufblasen	neg 1.0		off 0.35737524425738704 neg 0.32371887612217165 __DUMMY__ 0.31890587962044126	false	0.5
gewaltsam	neg 1.0		off 0.3577992007561554 neg 0.32179061913842355 __DUMMY__ 0.3204101801054212	false	0.5
unbeliebtheit	neg 1.0		off 0.3636868660323797 neg 0.3200482816514365 __DUMMY__ 0.31626485231618384	false	0.5
sturheit	neg 1.0		off 0.3571290965597414 neg 0.32234701168112484 __DUMMY__ 0.3205238917591337	false	0.5
kuh	neg 1.0		off 0.35570284684938935 neg 0.331983487491357 __DUMMY__ 0.3123136656592538	false	0.5
erschrecken	neg 1.0		off 0.36132707266006 neg 0.32137297705988965 __DUMMY__ 0.31729995028005037	false	0.5
opfer	neg 1.0		off 0.35535437707073925 __DUMMY__ 0.32259529740823484 neg 0.32205032552102586	false	0.5
sinken	neg 1.0		off 0.34992614698309304 neg 0.32924879431284254 __DUMMY__ 0.3208250587040644	false	0.5
stinktier	neg 1.0		off 0.36590081785650264 neg 0.3238789189493676 __DUMMY__ 0.3102202631941299	false	0.5
tucke	off 1.0		off 0.3708520468335421 neg 0.32049047480815307 __DUMMY__ 0.30865747835830476	false	1.0
ein			off 0.3548361197595148 neg 0.3271286595674889 __DUMMY__ 0.31803522067299633	false	0.0
abstieg	neg 1.0		off 0.3569264502706022 __DUMMY__ 0.32241847585389455 neg 0.3206550738755033	false	0.5
missverstehen	neg 1.0		off 0.36026264866201574 neg 0.3218021629290567 __DUMMY__ 0.3179351884089275	false	0.5
ergebnislos	neg 1.0		off 0.35458277641492203 neg 0.3231787569272516 __DUMMY__ 0.32223846665782635	false	0.5
unter			off 0.3459150449565263 neg 0.32794748027467757 __DUMMY__ 0.3261374747687962	false	0.0
manipulieren	neg 1.0		off 0.35311704363124896 neg 0.3251492160706639 __DUMMY__ 0.3217337402980872	false	0.5
unbewiesen	neg 1.0	neg 1.0	neg 0.6485721716962519 off 0.1981371717713729 __DUMMY__ 0.15329065653237525	false	1.0
verschleppen	neg 1.0		off 0.35442281447835927 neg 0.3252082897465719 __DUMMY__ 0.3203688957750688	false	0.5
weib	off 1.0		off 0.3720682857365534 neg 0.3179691814110658 __DUMMY__ 0.3099625328523808	false	1.0
opposition	neg 1.0		off 0.3581241671180808 neg 0.32447373738194957 __DUMMY__ 0.3174020954999696	false	0.5
verkehrswidrig	neg 1.0		off 0.3692116567971674 neg 0.31549704648342386 __DUMMY__ 0.3152912967194088	false	0.5
inkorrekt	neg 1.0		off 0.3662044127648207 neg 0.31919335935445126 __DUMMY__ 0.314602227880728	false	0.5
vermeiden	neg 1.0		off 0.34861273818219307 neg 0.3277078960139529 __DUMMY__ 0.3236793658038539	false	0.5
abweichung	neg 1.0	neg 1.0	neg 0.6485701702973693 off 0.1966361311225135 __DUMMY__ 0.15479369858011727	false	1.0
alkoholisiert	neg 1.0		off 0.3543755991783883 __DUMMY__ 0.3240241428855659 neg 0.32160025793604574	false	0.5
scheiss	off 1.0	off 1.0	off 0.6712393589889579 neg 0.17783949532788884 __DUMMY__ 0.15092114568315323	false	1.0
herausforderung	neg 1.0		off 0.3545735506590115 neg 0.3250039966770768 __DUMMY__ 0.32042245266391167	false	0.5
pervers	off 1.0		off 0.3751007823648992 neg 0.3153656440671119 __DUMMY__ 0.30953357356798883	false	1.0
wackelig	neg 1.0		off 0.35487912795996246 neg 0.32418006408393507 __DUMMY__ 0.3209408079561024	false	0.5
verwickeln	neg 1.0		off 0.3594773045504696 neg 0.32201865423645026 __DUMMY__ 0.3185040412130802	false	0.5
vorwand	neg 1.0		off 0.35133270977166803 neg 0.3267654300695736 __DUMMY__ 0.32190186015875843	false	0.5
muschi	off 1.0		off 0.35692225334383504 neg 0.32329146148566357 __DUMMY__ 0.31978628517050134	false	1.0
entmutigung	neg 1.0		off 0.3581896003188532 neg 0.32574230005185356 __DUMMY__ 0.3160680996292933	false	0.5
unangemessen	neg 1.0		off 0.3563758150153247 neg 0.32345278708728115 __DUMMY__ 0.3201713978973942	false	0.5
unstetig	neg 1.0		off 0.3608815137880282 neg 0.3224307905910302 __DUMMY__ 0.31668769562094173	false	0.5
entmutigen	neg 1.0		off 0.35817805358409277 neg 0.32305295986854193 __DUMMY__ 0.31876898654736535	false	0.5
schwanz	neg 1.0		off 0.35410302830055446 neg 0.3259093879420459 __DUMMY__ 0.31998758375739966	false	0.5
verbot	neg 1.0		off 0.3550516214572426 neg 0.3258072753105215 __DUMMY__ 0.3191411032322359	false	0.5
leid	neg 1.0		off 0.3680571951579577 neg 0.31821866150830486 __DUMMY__ 0.31372414333373744	false	0.5
archaisch	neg 1.0		off 0.3550406624216719 neg 0.3257485371644755 __DUMMY__ 0.31921080041385264	false	0.5
gegen			off 0.35212428271145124 neg 0.3245137709113338 __DUMMY__ 0.323361946377215	false	0.0
scheidung	neg 1.0		off 0.3808706335214793 __DUMMY__ 0.3106986022609512 neg 0.3084307642175696	false	0.5
einschlag	neg 1.0		off 0.36857739737570977 __DUMMY__ 0.31649647076625337 neg 0.31492613185803664	false	0.5
m			off 0.3550862236988466 neg 0.3245614993274462 __DUMMY__ 0.3203522769737071	false	0.0
abgestanden	neg 1.0		off 0.35354112198569654 neg 0.3315385303718291 __DUMMY__ 0.31492034764247445	false	0.5
schmierig	off 1.0		off 0.3674748155595454 neg 0.31888995099889106 __DUMMY__ 0.31363523344156347	false	1.0
unpraktisch	neg 1.0		off 0.3588797067196257 neg 0.32227903811951797 __DUMMY__ 0.3188412551608564	false	0.5
wixxer	off 1.0		off 0.37450200942315104 neg 0.3172058862085971 __DUMMY__ 0.30829210436825183	false	1.0
bezeichnet			off 0.3580707104104006 neg 0.3222530610238201 __DUMMY__ 0.31967622856577915	false	0.0
jammerlappen	off 1.0		off 0.36257091903557154 neg 0.32067894548796744 __DUMMY__ 0.31675013547646097	false	1.0
farce	neg 1.0		off 0.35630526573226373 neg 0.3257584871616522 __DUMMY__ 0.3179362471060841	false	0.5
zwecklos	neg 1.0		off 0.3547791030740657 neg 0.3252336222647282 __DUMMY__ 0.3199872746612061	false	0.5
turbulent	neg 1.0		off 0.36397170729179246 neg 0.3213078792874634 __DUMMY__ 0.3147204134207441	false	0.5
invasion	neg 1.0		off 0.35973106280219297 neg 0.3225927289704701 __DUMMY__ 0.31767620822733705	false	0.5
schuld	neg 1.0		off 0.3586771549659601 neg 0.32250974240430724 __DUMMY__ 0.3188131026297327	false	0.5
risiko	neg 1.0		off 0.357715501478501 neg 0.32598399190491484 __DUMMY__ 0.3163005066165842	false	0.5
finster	neg 1.0		off 0.35532254289335435 neg 0.32705680152423044 __DUMMY__ 0.31762065558241515	false	0.5
geisteskrank	off 1.0		off 0.36514798602755316 neg 0.31940120291817026 __DUMMY__ 0.3154508110542767	false	1.0
zusammenbrechen	neg 1.0		off 0.35475244032667497 neg 0.32553474682596506 __DUMMY__ 0.3197128128473599	false	0.5
ausbeute	neg 1.0		off 0.3576369826212369 __DUMMY__ 0.3215214820138074 neg 0.3208415353649558	false	0.5
hinterhalt	neg 1.0		off 0.3551460735061997 neg 0.32566658988732355 __DUMMY__ 0.31918733660647675	false	0.5
kritik	neg 1.0		off 0.3560650885314216 neg 0.3258295719285663 __DUMMY__ 0.318105339540012	false	0.5
einschrumpfen	neg 1.0		off 0.3614652980394141 neg 0.32341303152068396 __DUMMY__ 0.31512167043990186	false	0.5
riskant	neg 1.0		off 0.35201776087924513 neg 0.32720500714484646 __DUMMY__ 0.3207772319759084	false	0.5
frustrieren	neg 1.0		off 0.35284030974640934 neg 0.3269501973632773 __DUMMY__ 0.32020949289031336	false	0.5
groll	neg 1.0		off 0.3559518387209649 neg 0.32312935572512747 __DUMMY__ 0.32091880555390756	false	0.5
gibt			off 0.3546751462278061 neg 0.3249818159761079 __DUMMY__ 0.3203430377960861	false	0.0
qualvoll	neg 1.0		off 0.3593586322823472 neg 0.3225003238021489 __DUMMY__ 0.31814104391550385	false	0.5
wackeln	neg 1.0		off 0.35694146512818753 neg 0.32369088071074703 __DUMMY__ 0.3193676541610655	false	0.5
klagen	neg 1.0		off 0.35115991439907207 neg 0.3275016958246885 __DUMMY__ 0.3213383897762393	false	0.5
bankrott	neg 1.0		off 0.36235588334326935 neg 0.3202270033091157 __DUMMY__ 0.31741711334761497	false	0.5
trauern	neg 1.0		off 0.3549550180848769 __DUMMY__ 0.32381879407119407 neg 0.32122618784392887	false	0.5
ablehnung	neg 1.0		off 0.35535428040490835 neg 0.3262878467949382 __DUMMY__ 0.3183578728001536	false	0.5
stur	neg 1.0		off 0.3583509580706183 neg 0.32321495296539066 __DUMMY__ 0.318434088963991	false	0.5
aufruhr	neg 1.0	neg 1.0	neg 0.6483365846573532 off 0.19781246718151102 __DUMMY__ 0.15385094816113587	false	1.0
melancholie	neg 1.0		off 0.35080997670035957 neg 0.3293168563217433 __DUMMY__ 0.31987316697789725	false	0.5
ist			off 0.35882753975980947 neg 0.32290411296182 __DUMMY__ 0.31826834727837056	false	0.0
torheit	neg 1.0		off 0.35846692874056796 neg 0.32310824856836645 __DUMMY__ 0.3184248226910657	false	0.5
dreckskind	off 1.0		off 0.371548771385296 neg 0.31742737336188787 __DUMMY__ 0.311023855252816	false	1.0
umtauschen	neg 1.0		off 0.35632703497740076 neg 0.32440273387885266 __DUMMY__ 0.3192702311437466	false	0.5
zum			off 0.3511565972622408 __DUMMY__ 0.32632857235939366 neg 0.3225148303783654	false	0.0
zersetzen	neg 1.0		off 0.3516169625988494 neg 0.3278936058102395 __DUMMY__ 0.3204894315909111	false	0.5
zur			off 0.34902180312920905 neg 0.32708866775225737 __DUMMY__ 0.32388952911853364	false	0.0
frust	neg 1.0		off 0.35482393423004643 neg 0.32500290413206007 __DUMMY__ 0.32017316163789356	false	0.5
unerbittlichkeit	neg 1.0		off 0.35355895443307883 neg 0.3250907608820346 __DUMMY__ 0.32135028468488663	false	0.5
zwei			off 0.3488481472889021 neg 0.32669148126328706 __DUMMY__ 0.32446037144781076	false	0.0
unkorrekt	neg 1.0		off 0.3650446138573617 neg 0.31975062674984644 __DUMMY__ 0.3152047593927919	false	0.5
hexe	off 1.0		off 0.3601171416198985 neg 0.32538393366556717 __DUMMY__ 0.3144989247145342	false	1.0
lasch	neg 1.0		off 0.3620379371810832 neg 0.3204575005020373 __DUMMY__ 0.3175045623168795	false	0.5
rivale	neg 1.0		off 0.3665957399363296 neg 0.31865608717969474 __DUMMY__ 0.3147481728839757	false	0.5
mutlos	off 1.0	off 1.0	off 0.6658329694493169 neg 0.17998288326062573 __DUMMY__ 0.15418414729005736	false	1.0
wirr	off 1.0		off 0.3666044838915559 neg 0.31959909535035524 __DUMMY__ 0.31379642075808895	false	1.0
jahr			off 0.3550130916192473 __DUMMY__ 0.32434439097432133 neg 0.3206425174064313	false	0.0
wird			off 0.3543669832474337 neg 0.32475599066085786 __DUMMY__ 0.3208770260917085	false	0.0
strafbar	neg 1.0		off 0.3536814849797285 neg 0.3247245012528188 __DUMMY__ 0.32159401376745267	false	0.5
erosion	neg 1.0		off 0.35761849470054163 neg 0.32307132289984514 __DUMMY__ 0.3193101823996132	false	0.5
eingehen	neg 1.0		off 0.35264144175551887 neg 0.3270922107689379 __DUMMY__ 0.32026634747554317	false	0.5
faul	off 1.0		off 0.3617656652513779 neg 0.3210647469322531 __DUMMY__ 0.3171695878163691	false	1.0
provisorium	neg 1.0		off 0.3464450836484637 neg 0.3269802117557537 __DUMMY__ 0.32657470459578264	false	0.5
schmerzen	neg 1.0		off 0.3552558683920164 neg 0.3257449569316601 __DUMMY__ 0.31899917467632344	false	0.5
schrumpfen	neg 1.0		off 0.3471495191780662 neg 0.3311970620427873 __DUMMY__ 0.3216534187791464	false	0.5
geistlos	off 1.0		off 0.3594333205856253 neg 0.32400259458210035 __DUMMY__ 0.3165640848322744	false	1.0
fehlkauf	neg 1.0		off 0.35940034860415165 neg 0.32336431487167155 __DUMMY__ 0.3172353365241768	false	0.5
frustrierend	neg 1.0		off 0.36087899976008475 neg 0.3221552376086547 __DUMMY__ 0.3169657626312605	false	0.5
unzufrieden	neg 1.0		off 0.3547913744322297 neg 0.32485663177411417 __DUMMY__ 0.32035199379365614	false	0.5
verzweifeln	neg 1.0		off 0.3562045777079648 neg 0.32394126401271706 __DUMMY__ 0.31985415827931807	false	0.5
verzweifelt	neg 1.0		off 0.35832140212438324 neg 0.3233295932418047 __DUMMY__ 0.31834900463381205	false	0.5
misstrauensantrag	neg 1.0		off 0.35902594393222403 neg 0.32327359947607304 __DUMMY__ 0.3177004565917029	false	0.5
abfallen	neg 1.0		off 0.3568029478608757 neg 0.32461645665150485 __DUMMY__ 0.3185805954876195	false	0.5
fucker	off 1.0		off 0.36628249819859854 neg 0.3182670845799325 __DUMMY__ 0.3154504172214691	false	1.0
ungezogen	neg 1.0		off 0.3731763440855897 neg 0.3157129083420202 __DUMMY__ 0.31111074757239016	false	0.5
irrsinnig	neg 1.0	neg 1.0	neg 0.6491609502345131 off 0.19777445840802732 __DUMMY__ 0.1530645913574595	false	1.0
unfassbar	neg 1.0		off 0.36374026406394466 neg 0.3196949444476983 __DUMMY__ 0.316564791488357	false	0.5
hart	neg 1.0		off 0.3607876980800214 neg 0.32642241934613414 __DUMMY__ 0.3127898825738445	false	0.5
widerlich	off 1.0		off 0.3639147996983372 neg 0.32030354198979044 __DUMMY__ 0.3157816583118724	false	1.0
fatal	neg 1.0	neg 1.0	neg 0.6501776393926497 off 0.19807644563001092 __DUMMY__ 0.15174591497733933	false	1.0
bruch	neg 1.0		off 0.3508072361296012 neg 0.3260644149577264 __DUMMY__ 0.32312834891267234	false	0.5
aushungern	neg 1.0		off 0.3553274915492354 neg 0.32554469216509396 __DUMMY__ 0.31912781628567066	false	0.5
anspannung	neg 1.0		off 0.34940818829873294 neg 0.3256920483444344 __DUMMY__ 0.3248997633568326	false	0.5
von			off 0.3517318009293002 neg 0.3262958968079407 __DUMMY__ 0.32197230226275914	false	0.0
kraftlos	neg 1.0		off 0.3541054378346395 neg 0.32550699705989045 __DUMMY__ 0.32038756510547006	false	0.5
vom			off 0.34789880927314465 __DUMMY__ 0.32745160780106736 neg 0.3246495829257881	false	0.0
grenzdebil	off 1.0		off 0.36337008508754115 neg 0.3210342499758823 __DUMMY__ 0.3155956649365764	false	1.0
vor			off 0.3506694664373228 neg 0.32670394521183155 __DUMMY__ 0.32262658835084557	false	0.0
unterwerfen	neg 1.0		off 0.354405634632002 neg 0.3241955165582207 __DUMMY__ 0.32139884880977737	false	0.5
versenkung	neg 1.0		off 0.3537219968530967 neg 0.32466140152764006 __DUMMY__ 0.3216166016192633	false	0.5
entziehen	neg 1.0		off 0.3511454103018654 neg 0.3269855537539088 __DUMMY__ 0.3218690359442258	false	0.5
finanzkrise	neg 1.0		off 0.3532464094631153 neg 0.33155011003049495 __DUMMY__ 0.31520348050638963	false	0.5
schimpfend	neg 1.0		off 0.358753180437423 neg 0.3215807680784598 __DUMMY__ 0.31966605148411736	false	0.5
profan	neg 1.0		off 0.35929223899317103 neg 0.3231220856304539 __DUMMY__ 0.31758567537637494	false	0.5
korruption	neg 1.0		off 0.3541498397480374 neg 0.32710960470282807 __DUMMY__ 0.31874055554913444	false	0.5
â			off 0.35401465392632037 neg 0.32582086687678674 __DUMMY__ 0.32016447919689284	false	0.0
schmutzig	neg 1.0		off 0.3638034681577856 neg 0.32035150819835045 __DUMMY__ 0.3158450236438641	false	0.5
sexy	neg 1.0		off 0.3615036935045863 neg 0.32087191125231684 __DUMMY__ 0.31762439524309677	false	0.5
abraten	neg 1.0		off 0.35933063549486705 neg 0.3222442783615568 __DUMMY__ 0.318425086143576	false	0.5
schwarz	neg 1.0		off 0.3596067159123381 neg 0.32227871383038503 __DUMMY__ 0.3181145702572769	false	0.5
fotze	off 1.0	off 1.0	off 0.6663006479174762 neg 0.1796444554896564 __DUMMY__ 0.1540548965928673	false	1.0
verwirren	neg 1.0		off 0.36001357510044346 neg 0.32200646388907594 __DUMMY__ 0.3179799610104806	false	0.5
zahnlos	off 1.0		off 0.3558182790023816 neg 0.324256933524364 __DUMMY__ 0.3199247874732545	false	1.0
verheeren	neg 1.0		off 0.37483336364616154 neg 0.3142428069084143 __DUMMY__ 0.3109238294454241	false	0.5
hippie	neg 1.0		off 0.360846792308597 neg 0.3217357039339638 __DUMMY__ 0.31741750375743916	false	0.5
rammen	neg 1.0		off 0.35750344815051843 neg 0.32392599406136524 __DUMMY__ 0.31857055778811644	false	0.5
unlauter	neg 1.0		off 0.3586759348194279 neg 0.3240847783992711 __DUMMY__ 0.31723928678130103	false	0.5
unheilvoll	neg 1.0		off 0.35777584566392917 neg 0.32437772666630366 __DUMMY__ 0.3178464276697671	false	0.5
niedrig	neg 1.0		off 0.35288569456057994 neg 0.32794203602162514 __DUMMY__ 0.319172269417795	false	0.5
explosion	neg 1.0		off 0.36091597877283127 neg 0.32143289444950673 __DUMMY__ 0.31765112677766205	false	0.5
weichei	off 1.0	off 1.0	off 0.6734856700332108 neg 0.17686026575349434 __DUMMY__ 0.14965406421329494	false	1.0
minusmensch	off 1.0		off 0.37356740032834923 neg 0.31653657740219127 __DUMMY__ 0.3098960222694595	false	1.0
farblos	neg 1.0		off 0.3581371412971829 neg 0.32367582250861 __DUMMY__ 0.3181870361942071	false	0.5
unwissend	neg 1.0	neg 1.0	neg 0.6480458690101861 off 0.2000316993623184 __DUMMY__ 0.1519224316274955	false	1.0
traurig	neg 1.0		off 0.3662717952588877 neg 0.31860674685561186 __DUMMY__ 0.3151214578855005	false	0.5
senkung	neg 1.0		off 0.35821825157909143 neg 0.32653143303980503 __DUMMY__ 0.31525031538110354	false	0.5
ungleich	neg 1.0	neg 1.0	neg 0.6503384976308748 off 0.19540627999976878 __DUMMY__ 0.15425522236935638	false	1.0
heikel	neg 1.0		off 0.35275697826163055 neg 0.3259915998804219 __DUMMY__ 0.3212514218579475	false	0.5
drosselung	neg 1.0		off 0.36184901122775964 neg 0.32465693353302433 __DUMMY__ 0.31349405523921603	false	0.5
falsch	neg 1.0		off 0.36183710935211977 neg 0.3205466520993688 __DUMMY__ 0.31761623854851156	false	0.5
unzufriedenheit	neg 1.0		off 0.35136724896367305 neg 0.3284850989086103 __DUMMY__ 0.32014765212771673	false	0.5
kurz	neg 1.0		off 0.3556483842784907 neg 0.3233122129984807 __DUMMY__ 0.32103940272302867	false	0.5
unsinnig	neg 1.0		off 0.3553628521561563 neg 0.3260734664871532 __DUMMY__ 0.31856368135669044	false	0.5
penner	off 1.0	off 1.0	off 0.6749074888122634 neg 0.17549248435533074 __DUMMY__ 0.14960002683240584	false	1.0
seicht	neg 1.0		off 0.3711515143034766 neg 0.3187288109869426 __DUMMY__ 0.3101196747095809	false	0.5
dummheit	off 1.0	off 1.0	off 0.6688127077733669 neg 0.17887824285246062 __DUMMY__ 0.15230904937417244	false	1.0
unerfreulich	neg 1.0		off 0.3521368249050618 neg 0.3267497271197117 __DUMMY__ 0.32111344797522656	false	0.5
motherfucker	off 1.0	off 1.0	off 0.6719773430581975 neg 0.17664094821226328 __DUMMY__ 0.15138170872953924	false	1.0
pikiert	neg 1.0		off 0.3625209083339369 neg 0.3214800764667805 __DUMMY__ 0.3159990151992826	false	0.5
wrack	neg 1.0		off 0.3577842946556797 __DUMMY__ 0.3230950514122869 neg 0.3191206539320335	false	0.5
gangster	neg 1.0		off 0.36103254041768734 neg 0.3216963589814304 __DUMMY__ 0.3172711006008823	false	0.5
krank	neg 1.0		off 0.3643158010070689 neg 0.3191446142490869 __DUMMY__ 0.3165395847438442	false	0.5
reich	neg 1.0		off 0.35978933411910646 neg 0.3253828874897847 __DUMMY__ 0.31482777839110887	false	0.5
gnadenlos	neg 1.0		off 0.35855597461223915 neg 0.32230934088878516 __DUMMY__ 0.3191346844989756	false	0.5
niedergeschlagen	neg 1.0		off 0.35563073111293314 neg 0.3228189598087699 __DUMMY__ 0.3215503090782969	false	0.5
terrorisieren	off 1.0	off 1.0	off 0.6655583963267919 neg 0.17952565972379037 __DUMMY__ 0.15491594394941766	false	1.0
sinnlosigkeit	neg 1.0		off 0.3551817518809735 neg 0.32482706155056523 __DUMMY__ 0.31999118656846137	false	0.5
behindern	neg 1.0		off 0.3564898965872288 neg 0.32479092327180553 __DUMMY__ 0.3187191801409657	false	0.5
undemokratisch	neg 1.0		off 0.35907257780865076 neg 0.32362910112681353 __DUMMY__ 0.3172983210645356	false	0.5
wirtschaftskrise	neg 1.0		off 0.35287376438112117 neg 0.32922572328390654 __DUMMY__ 0.3179005123349722	false	0.5
neid	neg 1.0		off 0.36075255137887613 neg 0.3217284277514022 __DUMMY__ 0.3175190208697218	false	0.5
rutschen	neg 1.0		off 0.34832232602629204 neg 0.32738567583691963 __DUMMY__ 0.32429199813678844	false	0.5
rezession	neg 1.0		off 0.36358071820247234 neg 0.32490787726480547 __DUMMY__ 0.31151140453272225	false	0.5
fehlgeburt	neg 1.0		off 0.3584585946127441 neg 0.32162458371844793 __DUMMY__ 0.31991682166880786	false	0.5
charakterschwach	off 1.0		off 0.36301307266692673 neg 0.32142093964712243 __DUMMY__ 0.3155659876859509	false	1.0
isolation	neg 1.0		off 0.3620820538397327 neg 0.3199070242192405 __DUMMY__ 0.3180109219410269	false	0.5
ablenkung	neg 1.0		off 0.3572488497555301 neg 0.3229220103869895 __DUMMY__ 0.3198291398574804	false	0.5
pech	neg 1.0		off 0.361367335606294 neg 0.3219202530288385 __DUMMY__ 0.31671241136486744	false	0.5
vermeidung	neg 1.0		off 0.36310953062620754 neg 0.3216817759959596 __DUMMY__ 0.31520869337783286	false	0.5
dominieren	neg 1.0		off 0.3557281762131751 neg 0.3242753212095666 __DUMMY__ 0.31999650257725837	false	0.5
schwindlig	neg 1.0		off 0.3587994901063618 neg 0.323517873068757 __DUMMY__ 0.3176826368248813	false	0.5
lutscher	neg 1.0	neg 1.0	neg 0.6457865297335806 off 0.2061128972522629 __DUMMY__ 0.14810057301415644	false	1.0
pflicht	neg 1.0		off 0.35185121177152007 neg 0.3257040272654698 __DUMMY__ 0.3224447609630101	false	0.5
faschist	off 1.0		off 0.3618420043986226 neg 0.320299859157107 __DUMMY__ 0.31785813644427025	false	1.0
verschleudern	neg 1.0		off 0.35140611589745013 neg 0.3302132468052143 __DUMMY__ 0.31838063729733546	false	0.5
wenn			off 0.3621700353450845 neg 0.32102271435482127 __DUMMY__ 0.3168072503000942	false	0.0
ehebruch	neg 1.0		off 0.3545324646042589 neg 0.3248080390069543 __DUMMY__ 0.3206594963887868	false	0.5
spott	off 1.0		off 0.35485941682462147 neg 0.3238503660957639 __DUMMY__ 0.32129021707961475	false	1.0
trostlosigkeit	neg 1.0		off 0.3499067729100249 neg 0.32969842994583265 __DUMMY__ 0.32039479714414243	false	0.5
lutschen	neg 1.0		off 0.3612092752642721 neg 0.32224143104788383 __DUMMY__ 0.3165492936878443	false	0.5
undiszipliniert	neg 1.0		off 0.3652969070290072 neg 0.31954414757386274 __DUMMY__ 0.3151589453971301	false	0.5
kopfschmerz	neg 1.0		off 0.3520764348568375 neg 0.3292024099441428 __DUMMY__ 0.3187211551990198	false	0.5
unvorhergesehen	neg 1.0		off 0.352466817729091 neg 0.3247648652821458 __DUMMY__ 0.32276831698876324	false	0.5
desinteressiert	neg 1.0		off 0.3645386350576208 neg 0.32013136406185044 __DUMMY__ 0.3153300008805288	false	0.5
armselig	off 1.0		off 0.367318518162291 neg 0.31788688979294616 __DUMMY__ 0.3147945920447628	false	1.0
desaster	neg 1.0		off 0.35032785837290353 neg 0.3280215925534258 __DUMMY__ 0.32165054907367074	false	0.5
tod	neg 1.0		off 0.3537970794893986 neg 0.32492861135622514 __DUMMY__ 0.3212743091543763	false	0.5
herzlos	neg 1.0		off 0.3665997216322778 neg 0.31854755366918347 __DUMMY__ 0.3148527246985388	false	0.5
unwissenheit	neg 1.0		off 0.35475985170482754 neg 0.32522106337793294 __DUMMY__ 0.3200190849172395	false	0.5
widersinnig	neg 1.0		off 0.3549577467734886 neg 0.3271133112318579 __DUMMY__ 0.3179289419946533	false	0.5
bedenklich	neg 1.0		off 0.3534200034308633 neg 0.3266498793727196 __DUMMY__ 0.3199301171964172	false	0.5
beanstanden	neg 1.0		off 0.35296916024401365 neg 0.32440245348137303 __DUMMY__ 0.3226283862746132	false	0.5
panisch	neg 1.0		off 0.35975894768040284 neg 0.32123232029054527 __DUMMY__ 0.3190087320290517	false	0.5
debil	off 1.0		off 0.34548243420969094 neg 0.3301400666604191 __DUMMY__ 0.32437749912988983	false	1.0
abstrich	neg 1.0		off 0.3551199652993747 neg 0.3257394145063852 __DUMMY__ 0.31914062019423994	false	0.5
primitiv	neg 1.0		off 0.3649760967720115 neg 0.3194333075111427 __DUMMY__ 0.31559059571684583	false	0.5
abschaum	off 1.0	off 1.0	off 0.6711859635559935 neg 0.1763326110747241 __DUMMY__ 0.15248142536928244	false	1.0
provozieren	neg 1.0		off 0.35821624535085494 neg 0.3231057362078474 __DUMMY__ 0.31867801844129773	false	0.5
tot	neg 1.0		off 0.353978666944221 neg 0.3270642146278107 __DUMMY__ 0.3189571184279683	false	0.5
instabil	neg 1.0		off 0.3662543604503087 neg 0.32058813069402026 __DUMMY__ 0.31315750885567095	false	0.5
schwuchtel	off 1.0	off 1.0	off 0.6787177657656276 neg 0.17408012677286058 __DUMMY__ 0.1472021074615118	false	1.0
zerren	neg 1.0		off 0.35505324595979504 neg 0.3238841919339863 __DUMMY__ 0.32106256210621864	false	0.5
kinderficker	off 1.0		off 0.369688703788916 neg 0.31674250082250605 __DUMMY__ 0.313568795388578	false	1.0
gefahr	neg 1.0		off 0.352651392417608 neg 0.3248074085519557 __DUMMY__ 0.3225411990304363	false	0.5
rabiat	neg 1.0		off 0.3562527754298978 neg 0.3243766925232786 __DUMMY__ 0.3193705320468236	false	0.5
verlangsamung	neg 1.0		off 0.3703773456313382 neg 0.318073024211119 __DUMMY__ 0.31154963015754283	false	0.5
ausgestorben	neg 1.0		off 0.3561478151822261 neg 0.32386577543210937 __DUMMY__ 0.31998640938566436	false	0.5
anklagen	neg 1.0		off 0.3561086762291729 neg 0.3235979036419716 __DUMMY__ 0.3202934201288554	false	0.5
trott	neg 1.0		off 0.3571734324788236 neg 0.32366017258817814 __DUMMY__ 0.31916639493299837	false	0.5
verminderung	neg 1.0		off 0.363420863159649 neg 0.3211482730190467 __DUMMY__ 0.3154308638213043	false	0.5
nach			off 0.34772880322608046 neg 0.32664971967177286 __DUMMY__ 0.3256214771021467	false	0.0
rost	neg 1.0		off 0.3738624722924483 __DUMMY__ 0.3133181407889711 neg 0.3128193869185805	false	0.5
destruktiv	neg 1.0		off 0.3567422615609362 neg 0.32447324717518894 __DUMMY__ 0.31878449126387476	false	0.5
unzumutbarkeit	neg 1.0		off 0.36330306573960724 neg 0.321170911585288 __DUMMY__ 0.3155260226751048	false	0.5
labil	off 1.0	off 1.0	off 0.6701506169227723 neg 0.17785507266143796 __DUMMY__ 0.15199431041578967	false	1.0
ziemlich	neg 1.0		off 0.3635059438503326 neg 0.31970044348506016 __DUMMY__ 0.3167936126646072	false	0.5
lachnummer	off 1.0		off 0.3583729752969456 neg 0.3219997877566615 __DUMMY__ 0.31962723694639295	false	1.0
oder			off 0.3581603058049499 neg 0.3222927722178297 __DUMMY__ 0.3195469219772202	false	0.0
verfall	neg 1.0		off 0.3474648190760579 neg 0.33077863715178907 __DUMMY__ 0.32175654377215296	false	0.5
ausgrenzung	neg 1.0		off 0.35876983416695696 neg 0.3241407158119468 __DUMMY__ 0.31708945002109623	false	0.5
unordnung	neg 1.0		off 0.3673230761380917 neg 0.31907026343292444 __DUMMY__ 0.31360666042898383	false	0.5
fehlverhalten	neg 1.0		off 0.3532120827502302 neg 0.3256568604108104 __DUMMY__ 0.3211310568389594	false	0.5
eine			off 0.3508049022462978 neg 0.3273251484200206 __DUMMY__ 0.3218699493336815	false	0.0
nille	neg 1.0		off 0.3576074073306987 neg 0.3232859670602183 __DUMMY__ 0.31910662560908304	false	0.5
qual	neg 1.0		off 0.3566398091737397 neg 0.32425149199404446 __DUMMY__ 0.31910869883221565	false	0.5
verschwenden	neg 1.0		off 0.35185007617386177 neg 0.32808543691278774 __DUMMY__ 0.3200644869133505	false	0.5
riesig	neg 1.0		off 0.3537005022735502 neg 0.3250085154653324 __DUMMY__ 0.3212909822611174	false	0.5
verurteilen	neg 1.0		off 0.35563729842860137 neg 0.324131313853906 __DUMMY__ 0.32023138771749265	false	0.5
klischee	neg 1.0	neg 1.0	neg 0.6485470751449621 off 0.19938365220604498 __DUMMY__ 0.15206927264899286	false	1.0
diktatorisch	neg 1.0		off 0.3590899114184116 neg 0.3237673005129137 __DUMMY__ 0.3171427880686747	false	0.5
vorhersehbar	neg 1.0		off 0.3597695168752062 neg 0.3234178611254228 __DUMMY__ 0.31681262199937105	false	0.5
sowie			off 0.36777107107813545 neg 0.3197518702768298 __DUMMY__ 0.3124770586450348	false	0.0
stornieren	neg 1.0		off 0.3625829224036903 __DUMMY__ 0.32048924376846116 neg 0.3169278338278486	false	0.5
besteuerung	neg 1.0	neg 1.0	neg 0.6519088111347234 off 0.19652794296441545 __DUMMY__ 0.15156324590086112	false	1.0
ungeschminkt	neg 1.0		off 0.3644835226918617 neg 0.3205738997858241 __DUMMY__ 0.3149425775223143	false	0.5
kritisch	neg 1.0		off 0.3548822415942923 neg 0.3248917005995989 __DUMMY__ 0.32022605780610885	false	0.5
schlamperei	off 1.0		off 0.3535536143196301 neg 0.32566154423247456 __DUMMY__ 0.32078484144789543	false	1.0
sucht	neg 1.0	neg 1.0	neg 0.6481586467859095 off 0.19840488317001592 __DUMMY__ 0.15343647004407449	false	1.0
egoistisch	off 1.0	off 1.0	off 0.674172745003512 neg 0.17518355439193586 __DUMMY__ 0.15064370060455207	false	1.0
ausbeuter	off 1.0		off 0.35188738017413196 neg 0.3281283827241285 __DUMMY__ 0.3199842371017395	false	1.0
arschgeburt	off 1.0		off 0.3772118187560068 neg 0.3153599383481602 __DUMMY__ 0.3074282428958329	false	1.0
schubs	neg 1.0		off 0.35287538795468876 neg 0.3279604113193539 __DUMMY__ 0.3191642007259574	false	0.5
unsolide	neg 1.0		off 0.3604737041791303 neg 0.32164401029720524 __DUMMY__ 0.31788228552366454	false	0.5
beschwerde	neg 1.0		off 0.3556231274670861 neg 0.32388841029750365 __DUMMY__ 0.3204884622354101	false	0.5
stocken	neg 1.0		off 0.3538466446439366 neg 0.3258331417960883 __DUMMY__ 0.3203202135599751	false	0.5
isolieren	neg 1.0		off 0.3542701666861533 neg 0.3266486423166613 __DUMMY__ 0.31908119099718546	false	0.5
unheilbar	neg 1.0		off 0.3576425427098125 neg 0.32296208566824786 __DUMMY__ 0.31939537162193965	false	0.5
pisser	off 1.0	off 1.0	off 0.6723834880588097 neg 0.17660398833978966 __DUMMY__ 0.1510125236014007	false	1.0
löschen	neg 1.0		off 0.35757324231331045 neg 0.3238479214442556 __DUMMY__ 0.3185788362424339	false	0.5
durchfallen	neg 1.0		off 0.3548987588449479 neg 0.3245497120729071 __DUMMY__ 0.320551529082145	false	0.5
wichser	off 1.0	off 1.0	off 0.6766527546788782 neg 0.17467256795722025 __DUMMY__ 0.14867467736390155	false	1.0
terror	neg 1.0		off 0.36060946662969956 neg 0.3219043458406931 __DUMMY__ 0.3174861875296074	false	0.5
krass	neg 1.0		off 0.36797271961448585 neg 0.31843539714810387 __DUMMY__ 0.3135918832374102	false	0.5
revolte	neg 1.0		off 0.35999861489470336 neg 0.32421919246627745 __DUMMY__ 0.3157821926390193	false	0.5
besorgt	neg 1.0		off 0.3561824764293082 neg 0.3223944209090789 __DUMMY__ 0.32142310266161284	false	0.5
nachlassen	neg 1.0		off 0.35442226653242576 neg 0.3245278867335933 __DUMMY__ 0.321049846733981	false	0.5
alt	neg 1.0		off 0.35141051140965485 neg 0.3305979186311468 __DUMMY__ 0.3179915699591984	false	0.5
hundesohn	off 1.0	off 1.0	off 0.6757152908699796 neg 0.17570495923621043 __DUMMY__ 0.14857974989381	false	1.0
als			off 0.35479578449753585 neg 0.32542725911313075 __DUMMY__ 0.3197769563893333	false	0.0
abschreckung	neg 1.0		off 0.3522063854627449 neg 0.32648954618300474 __DUMMY__ 0.32130406835425024	false	0.5
unqualifiziert	neg 1.0		off 0.36222120751575515 neg 0.32049395542951997 __DUMMY__ 0.31728483705472477	false	0.5
abgewichst	off 1.0		off 0.3570755281500016 neg 0.32334401176717376 __DUMMY__ 0.31958046008282465	false	1.0
schwer	neg 1.0		off 0.3567097388224897 neg 0.3237047354485225 __DUMMY__ 0.3195855257289877	false	0.5
bedeutungslosigkeit	neg 1.0		off 0.35267246704215494 neg 0.3263035936870595 __DUMMY__ 0.32102393927078554	false	0.5
kapitulation	neg 1.0		off 0.353607547578207 neg 0.32719901579308347 __DUMMY__ 0.3191934366287095	false	0.5
unscharf	neg 1.0		off 0.3572202188831714 neg 0.3273973716715672 __DUMMY__ 0.3153824094452615	false	0.5
schwinden	neg 1.0		off 0.3514252142287444 neg 0.3290167598854011 __DUMMY__ 0.3195580258858545	false	0.5
versklavung	neg 1.0	neg 1.0	neg 0.6498698555486789 off 0.197804224831407 __DUMMY__ 0.15232591961991412	false	1.0
schlecht	neg 1.0		off 0.36400788299706066 neg 0.3188540675538971 __DUMMY__ 0.31713804944904217	false	0.5
verhasst	neg 1.0		off 0.3588996714236124 neg 0.3228130570973928 __DUMMY__ 0.3182872714789947	false	0.5
beschweren	neg 1.0		off 0.35991165764980615 neg 0.3210476117523016 __DUMMY__ 0.3190407305978921	false	0.5
scheiden	neg 1.0		off 0.3571220450282957 neg 0.3239346702795308 __DUMMY__ 0.3189432846921735	false	0.5
frustriert	neg 1.0		off 0.3559755249424005 neg 0.32393322714070655 __DUMMY__ 0.32009124791689303	false	0.5
schimmelig	neg 1.0		off 0.35246845967769763 neg 0.3290620101961479 __DUMMY__ 0.3184695301261545	false	0.5
fisch	neg 1.0		off 0.3485153199512807 neg 0.33227793580978415 __DUMMY__ 0.31920674423893514	false	0.5
schmuggel	neg 1.0		off 0.35232084694885835 neg 0.3244325226387541 __DUMMY__ 0.32324663041238744	false	0.5
auffallen	neg 1.0		off 0.359915733173137 neg 0.32181118460471597 __DUMMY__ 0.31827308222214706	false	0.5
konkurrenz	neg 1.0		off 0.35303688813323036 neg 0.32471851146797603 __DUMMY__ 0.3222446003987936	false	0.5
teufelskreis	neg 1.0	neg 1.0	neg 0.6508270739063967 off 0.1962521463081065 __DUMMY__ 0.15292077978549673	false	1.0
aufschreien	neg 1.0		off 0.3599747420320076 neg 0.32275976396220896 __DUMMY__ 0.31726549400578347	false	0.5
schuldner	neg 1.0		off 0.35061465330712677 neg 0.3304890580616397 __DUMMY__ 0.3188962886312334	false	0.5
missgeburt	off 1.0	off 1.0	off 0.6754200194664803 neg 0.17482723240238607 __DUMMY__ 0.14975274813113362	false	1.0
arbeitslos	neg 1.0		off 0.3545294365986755 neg 0.32515467082125193 __DUMMY__ 0.32031589258007276	false	0.5
befallen	neg 1.0		off 0.35431133988370983 neg 0.32828177508985534 __DUMMY__ 0.3174068850264348	false	0.5
miesepetrig	off 1.0	off 1.0	off 0.670263328128842 neg 0.17763732150272818 __DUMMY__ 0.1520993503684297	false	1.0
alarmieren	neg 1.0		off 0.3628814285241953 neg 0.31978181381209514 __DUMMY__ 0.31733675766370967	false	0.5
ungeduscht	off 1.0		off 0.36116294238909924 neg 0.3227562282413083 __DUMMY__ 0.3160808293695926	false	1.0
knappheit	neg 1.0		off 0.353116506056491 neg 0.32884018130656983 __DUMMY__ 0.31804331263693925	false	0.5
schlange	neg 1.0		off 0.3579736336836681 neg 0.32253795410958286 __DUMMY__ 0.3194884122067491	false	0.5
harsch	neg 1.0		off 0.368299814994897 neg 0.3166282604189299 __DUMMY__ 0.3150719245861732	false	0.5
lang	neg 1.0		off 0.3585625508102664 neg 0.3229984419698851 __DUMMY__ 0.3184390072198485	false	0.5
ziellos	neg 1.0		off 0.3532516123617828 neg 0.3252333693417299 __DUMMY__ 0.3215150182964873	false	0.5
selbstverliebt	neg 1.0		off 0.37558190164889366 neg 0.31404934132348306 __DUMMY__ 0.3103687570276234	false	0.5
beseitigen	neg 1.0		off 0.3579586493213439 neg 0.3218486038890366 __DUMMY__ 0.32019274678961956	false	0.5
dumm	off 1.0		off 0.37015761902398886 neg 0.3171801619513467 __DUMMY__ 0.31266221902466446	false	1.0
arbeitsloser	neg 1.0		off 0.35721548111576074 __DUMMY__ 0.32310738071854805 neg 0.3196771381656912	false	0.5
blitzen	neg 1.0		off 0.3610618527032707 neg 0.3222200439018391 __DUMMY__ 0.31671810339489026	false	0.5
hilflos	neg 1.0		off 0.35457328392166587 neg 0.32525146547841655 __DUMMY__ 0.3201752505999176	false	0.5
eklig	off 1.0		off 0.3697456184398369 neg 0.3188400283915226 __DUMMY__ 0.31141435316864047	false	1.0
begriff			off 0.35695690377134287 neg 0.3235345160507676 __DUMMY__ 0.31950858017788947	false	0.0
hungersnot	neg 1.0		off 0.35401931422557187 neg 0.32706121415440825 __DUMMY__ 0.3189194716200198	false	0.5
ungesetzlich	neg 1.0		off 0.359354694065969 neg 0.3232115730924079 __DUMMY__ 0.31743373284162324	false	0.5
verschwendung	neg 1.0		off 0.3523709249151036 neg 0.3268750079732615 __DUMMY__ 0.3207540671116349	false	0.5
schmerzvoll	neg 1.0		off 0.3582366461729577 neg 0.32394426921248326 __DUMMY__ 0.317819084614559	false	0.5
vorzeitig	neg 1.0		off 0.3633323937129199 neg 0.3193431917032252 __DUMMY__ 0.317324414583855	false	0.5
unvollkommenheit	neg 1.0		off 0.35523214532552116 neg 0.3253538166299208 __DUMMY__ 0.319414038044558	false	0.5
intervenieren	neg 1.0		off 0.35207843876934886 neg 0.3286858861204079 __DUMMY__ 0.31923567511024326	false	0.5
banause	off 1.0		off 0.37013883972076195 neg 0.32059016965537646 __DUMMY__ 0.3092709906238617	false	1.0
rebell	neg 1.0		off 0.34679641775236586 neg 0.3328474598903883 __DUMMY__ 0.3203561223572459	false	0.5
unlogisch	neg 1.0		off 0.36554604216124187 neg 0.3198747492730761 __DUMMY__ 0.314579208565682	false	0.5
leiden	neg 1.0		off 0.35302549584292187 neg 0.32357766860167647 __DUMMY__ 0.32339683555540166	false	0.5
abschaffung	neg 1.0		off 0.35721629467631705 neg 0.32567959434871296 __DUMMY__ 0.31710411097497	false	0.5
sturz	neg 1.0		off 0.36118281699395066 __DUMMY__ 0.32010954093103305 neg 0.3187076420750163	false	0.5
verkleinerung	neg 1.0		off 0.35957607053266893 neg 0.32587894563926006 __DUMMY__ 0.3145449838280709	false	0.5
schmarotzer	off 1.0		off 0.35559041487737086 neg 0.32448315875328837 __DUMMY__ 0.31992642636934066	false	1.0
bestrafung	neg 1.0	neg 1.0	neg 0.6485139811772899 off 0.19790683770863035 __DUMMY__ 0.1535791811140798	false	1.0
achtlos	neg 1.0		off 0.35636602641651494 neg 0.3231436575302638 __DUMMY__ 0.3204903160532213	false	0.5
ungeheuer	neg 1.0		off 0.3564699541889435 neg 0.32597215573486193 __DUMMY__ 0.31755789007619445	false	0.5
unaufrichtig	neg 1.0		off 0.36214920314335286 neg 0.3205548297918694 __DUMMY__ 0.3172959670647777	false	0.5
groggy	neg 1.0		off 0.36116779886286765 neg 0.32077673666356576 __DUMMY__ 0.31805546447356675	false	0.5
verletzlich	neg 1.0		off 0.3610756818202599 neg 0.32448125449773296 __DUMMY__ 0.3144430636820072	false	0.5
ablehnen	neg 1.0		off 0.3545085742083666 neg 0.3252395797076404 __DUMMY__ 0.32025184608399315	false	0.5
