unsolidarisch	neg 1.0		__DUMMY__ 0.45368793103770916 off 0.2859840002173082 neg 0.26032806874498277	false	0.5
nachteilig	neg 1.0		__DUMMY__ 0.4588387931969406 off 0.2819226089220489 neg 0.2592385978810104	false	0.5
skeptisch	neg 1.0		__DUMMY__ 0.45893367851368494 off 0.2803497785025727 neg 0.2607165429837424	false	0.5
schrecklich	neg 1.0		__DUMMY__ 0.4499122739538817 off 0.2956401450078356 neg 0.2544475810382827	false	0.5
schlapp	neg 1.0	neg 1.0	neg 0.6157133340419199 __DUMMY__ 0.21875485555853463 off 0.16553181039954543	false	1.0
abfall	neg 1.0		__DUMMY__ 0.46230208810769874 off 0.2775360921328756 neg 0.2601618197594258	false	0.5
widerspenstig	neg 1.0		__DUMMY__ 0.45513402000287995 off 0.28435944077300995 neg 0.2605065392241101	false	0.5
abrupt	neg 1.0		__DUMMY__ 0.4576608856841992 off 0.27904613367040615 neg 0.26329298064539464	false	0.5
unwirksam	neg 1.0		__DUMMY__ 0.45083494828835674 off 0.28408159579077935 neg 0.2650834559208639	false	0.5
angreifen	neg 1.0		__DUMMY__ 0.459682018005539 off 0.27990506209868293 neg 0.26041291989577803	false	0.5
inkonsistent	neg 1.0		__DUMMY__ 0.45227703379176554 off 0.28766088851987864 neg 0.26006207768835593	false	0.5
abrutschen	neg 1.0		__DUMMY__ 0.4618114308557113 off 0.27688389496271415 neg 0.26130467418157455	false	0.5
unsicher	neg 1.0		__DUMMY__ 0.4568049575938605 off 0.2856969429455273 neg 0.25749809946061225	false	0.5
bauernkind	off 1.0	off 1.0	off 0.6380299646284961 __DUMMY__ 0.21408599339312315 neg 0.14788404197838062	false	1.0
angreifer	neg 1.0		__DUMMY__ 0.45645593924710515 off 0.29108475471651507 neg 0.25245930603637984	false	0.5
trennen	neg 1.0		__DUMMY__ 0.4603821909742364 off 0.27981198319524236 neg 0.25980582583052136	false	0.5
schmutz	neg 1.0		__DUMMY__ 0.45794694730555685 off 0.29054565390008014 neg 0.251507398794363	false	0.5
inkonsistenz	neg 1.0		__DUMMY__ 0.4527682837095817 off 0.29112213328568604 neg 0.25610958300473236	false	0.5
erschreckend	neg 1.0		__DUMMY__ 0.45639460057941883 off 0.2847114339473595 neg 0.2588939654732218	false	0.5
ertrinken	neg 1.0		__DUMMY__ 0.45866013432315667 off 0.27874008206432804 neg 0.26259978361251524	false	0.5
pickelface	off 1.0		__DUMMY__ 0.4552308146739787 off 0.28595989194569055 neg 0.2588092933803308	false	1.0
seiner			__DUMMY__ 0.4601021969106836 off 0.28058582682789024 neg 0.2593119762614261	false	0.0
lauch	neg 1.0	neg 1.0	neg 0.6193938379844499 __DUMMY__ 0.22327416828390398 off 0.15733199373164605	false	1.0
unwichtig	neg 1.0		__DUMMY__ 0.45273916343521964 off 0.2910491161515883 neg 0.2562117204131922	false	0.5
steuerhinterziehung	neg 1.0		__DUMMY__ 0.45543531529104736 off 0.28449000254949247 neg 0.26007468215946006	false	0.5
schock	neg 1.0		__DUMMY__ 0.45729535719088404 off 0.28374236126918 neg 0.258962281539936	false	0.5
beule	neg 1.0		__DUMMY__ 0.4500259412770231 off 0.29302038234627936 neg 0.25695367637669736	false	0.5
vergelten	neg 1.0		__DUMMY__ 0.44975407311757626 off 0.29688703930123017 neg 0.25335888758119357	false	0.5
verdorbenheit	neg 1.0		__DUMMY__ 0.4552425124027542 off 0.28679562451711577 neg 0.25796186308013014	false	0.5
trauma	neg 1.0		__DUMMY__ 0.454299879940851 off 0.28682617430122753 neg 0.2588739457579214	false	0.5
sinnlos	neg 1.0		__DUMMY__ 0.4547169532874998 off 0.28777702236101266 neg 0.2575060243514876	false	0.5
fettsack	off 1.0	off 1.0	off 0.6391959043818781 __DUMMY__ 0.21434957930278467 neg 0.14645451631533724	false	1.0
feige	off 1.0	off 1.0	off 0.6359642335315889 __DUMMY__ 0.21824266700025932 neg 0.14579309946815172	false	1.0
abdanken	neg 1.0		__DUMMY__ 0.45754811389516875 off 0.28587621971878785 neg 0.25657566638604345	false	0.5
wichtigtuer	off 1.0	off 1.0	off 0.6342435087647939 __DUMMY__ 0.22021930879516677 neg 0.14553718244003938	false	1.0
misslingen	neg 1.0		__DUMMY__ 0.45705684089393533 off 0.2879987667327151 neg 0.25494439237334954	false	0.5
untreu	off 1.0		__DUMMY__ 0.4518133006018857 off 0.2923520477642176 neg 0.25583465163389674	false	1.0
missmutig	neg 1.0		__DUMMY__ 0.45311877520189536 off 0.2894103059943148 neg 0.25747091880379	false	0.5
hurenbock	off 1.0		__DUMMY__ 0.4512201057231314 off 0.28376981030372234 neg 0.26501008397314607	false	1.0
betrunken	neg 1.0		__DUMMY__ 0.45033526731486795 off 0.2943022588791651 neg 0.25536247380596694	false	0.5
korrupt	off 1.0		__DUMMY__ 0.45517285254770506 off 0.2837454258833228 neg 0.261081721568972	false	1.0
unmut	neg 1.0		__DUMMY__ 0.4603470533414219 off 0.278517070609035 neg 0.2611358760495432	false	0.5
hackfresse	off 1.0		__DUMMY__ 0.4465766445495717 off 0.30053474795054835 neg 0.25288860749988	false	1.0
aufblasen	neg 1.0		__DUMMY__ 0.45559698138644833 off 0.28583003884052327 neg 0.2585729797730284	false	0.5
gewaltsam	neg 1.0		__DUMMY__ 0.4576967705523562 off 0.28593240420380983 neg 0.25637082524383403	false	0.5
unbeliebtheit	neg 1.0		__DUMMY__ 0.451968708021763 off 0.29253527159838427 neg 0.2554960203798526	false	0.5
sturheit	neg 1.0		__DUMMY__ 0.45781549118941267 off 0.2852918356134761 neg 0.25689267319711123	false	0.5
kuh	neg 1.0		__DUMMY__ 0.44650003833251933 off 0.28557863656930477 neg 0.26792132509817584	false	0.5
erschrecken	neg 1.0		__DUMMY__ 0.45336145210943907 off 0.29002078790775926 neg 0.2566177599828017	false	0.5
opfer	neg 1.0		__DUMMY__ 0.4606897402411613 off 0.283112084833511 neg 0.25619817492532754	false	0.5
sinken	neg 1.0		__DUMMY__ 0.4582611269216119 off 0.27822121336021477 neg 0.26351765971817326	false	0.5
stinktier	neg 1.0		__DUMMY__ 0.4435805659649239 off 0.29595082832235386 neg 0.26046860571272223	false	0.5
tucke	off 1.0		__DUMMY__ 0.4414351751673368 off 0.30106996855741214 neg 0.2574948562752511	false	1.0
ein			__DUMMY__ 0.4544031027671403 off 0.28353867879722583 neg 0.262058218435634	false	0.0
abstieg	neg 1.0		__DUMMY__ 0.46047893425289127 off 0.28467036578574106 neg 0.25485069996136755	false	0.5
missverstehen	neg 1.0		__DUMMY__ 0.4542337456178402 off 0.28886493525133883 neg 0.256901319130821	false	0.5
ergebnislos	neg 1.0		__DUMMY__ 0.4602165226771175 off 0.2824402055184534 neg 0.2573432718044293	false	0.5
unter			__DUMMY__ 0.4656046182288482 off 0.2731797242250804 neg 0.26121565754607134	false	0.0
manipulieren	neg 1.0		__DUMMY__ 0.4594979632773625 off 0.2811390308840672 neg 0.25936300583857014	false	0.5
unbewiesen	neg 1.0	neg 1.0	neg 0.6165089751189616 __DUMMY__ 0.2204856753121345 off 0.16300534956890383	false	1.0
verschleppen	neg 1.0		__DUMMY__ 0.4576259996109635 off 0.28269056090835454 neg 0.25968343948068195	false	0.5
weib	off 1.0		__DUMMY__ 0.44322487411749234 off 0.301996142430999 neg 0.2547789834515088	false	1.0
opposition	neg 1.0		__DUMMY__ 0.45352792427545113 off 0.28687179502451127 neg 0.25960028070003777	false	0.5
verkehrswidrig	neg 1.0		__DUMMY__ 0.45064344601695727 off 0.29804861932671345 neg 0.2513079346563294	false	0.5
inkorrekt	neg 1.0		__DUMMY__ 0.44963261144146266 off 0.2953417085155986 neg 0.2550256800429388	false	0.5
vermeiden	neg 1.0		__DUMMY__ 0.4622124495754438 off 0.2763232756312596 neg 0.2614642747932967	false	0.5
abweichung	neg 1.0	neg 1.0	neg 0.6162004121354597 __DUMMY__ 0.22263607088413825 off 0.16116351698040207	false	1.0
alkoholisiert	neg 1.0		__DUMMY__ 0.4627595281490153 off 0.2817631456060992 neg 0.2554773262448855	false	0.5
scheiss	off 1.0	off 1.0	off 0.6365584637413454 __DUMMY__ 0.21713979454324675 neg 0.14630174171540783	false	1.0
herausforderung	neg 1.0		__DUMMY__ 0.45770603382132136 off 0.28281184339646903 neg 0.2594821227822096	false	0.5
pervers	off 1.0		__DUMMY__ 0.4426317041138748 off 0.3050248360869877 neg 0.2523434597991376	false	1.0
wackelig	neg 1.0		__DUMMY__ 0.4584212748471971 off 0.2829648115792538 neg 0.2586139135735491	false	0.5
verwickeln	neg 1.0		__DUMMY__ 0.45501853713252205 off 0.2879833744165322 neg 0.25699808845094574	false	0.5
vorwand	neg 1.0		__DUMMY__ 0.4597190141083188 off 0.279364859321402 neg 0.2609161265702792	false	0.5
muschi	off 1.0		__DUMMY__ 0.4568131895099995 off 0.2852154398117499 neg 0.25797137067825054	false	1.0
entmutigung	neg 1.0		__DUMMY__ 0.45166222078579926 off 0.2872698851503228 neg 0.26106789406387804	false	0.5
unangemessen	neg 1.0		__DUMMY__ 0.45732401267064016 off 0.28462981108486496 neg 0.2580461762444949	false	0.5
unstetig	neg 1.0		__DUMMY__ 0.4525727703489649 off 0.28968617777836714 neg 0.2577410518726679	false	0.5
entmutigen	neg 1.0		__DUMMY__ 0.45539954512982234 off 0.2866536933280124 neg 0.2579467615421653	false	0.5
schwanz	neg 1.0		__DUMMY__ 0.45710834593484984 off 0.2824150303002796 neg 0.26047662376487046	false	0.5
verbot	neg 1.0		__DUMMY__ 0.4559084313772555 off 0.28357553124792495 neg 0.2605160373748196	false	0.5
leid	neg 1.0		__DUMMY__ 0.44843058317455103 off 0.297285917255985 neg 0.25428349956946394	false	0.5
archaisch	neg 1.0		__DUMMY__ 0.4560032135415528 off 0.28353047598645054 neg 0.26046631047199675	false	0.5
gegen			__DUMMY__ 0.4617513296078797 off 0.2798315173394789 neg 0.2584171530526413	false	0.0
scheidung	neg 1.0		__DUMMY__ 0.4442833143943236 off 0.31039438871514213 neg 0.2453222968905344	false	0.5
einschlag	neg 1.0		__DUMMY__ 0.45229067555637026 off 0.2972052965463387 neg 0.25050402789729104	false	0.5
m			__DUMMY__ 0.4575797783182745 off 0.28330951682386535 neg 0.2591107048578601	false	0.0
abgestanden	neg 1.0		__DUMMY__ 0.45011547210146075 off 0.28290351305595673 neg 0.2669810148425826	false	0.5
schmierig	off 1.0		__DUMMY__ 0.44830427127335215 off 0.29675044185706856 neg 0.2549452868695794	false	1.0
unpraktisch	neg 1.0		__DUMMY__ 0.45551865941927383 off 0.28728839430064435 neg 0.2571929462800818	false	0.5
wixxer	off 1.0		__DUMMY__ 0.4409091981676647 off 0.30471315331052135 neg 0.2543776485218139	false	1.0
bezeichnet			__DUMMY__ 0.4566388004171325 off 0.28637456135187433 neg 0.25698663823099316	false	0.0
jammerlappen	off 1.0		__DUMMY__ 0.45259374661645024 off 0.29135240209350555 neg 0.2560538512900441	false	1.0
farce	neg 1.0		__DUMMY__ 0.45424042866998343 off 0.28504452157822124 neg 0.2607150497517953	false	0.5
zwecklos	neg 1.0		__DUMMY__ 0.45706367683362853 off 0.2831200254803956 neg 0.25981629768597597	false	0.5
turbulent	neg 1.0		__DUMMY__ 0.4498538408325437 off 0.29310630832707385 neg 0.2570398508403824	false	0.5
invasion	neg 1.0		__DUMMY__ 0.45387594117092006 off 0.28839294749538175 neg 0.25773111133369825	false	0.5
schuld	neg 1.0		__DUMMY__ 0.45544023653840493 off 0.2871465489062 neg 0.25741321455539495	false	0.5
risiko	neg 1.0		__DUMMY__ 0.45201158325857216 off 0.28673958570261765 neg 0.26124883103881014	false	0.5
finster	neg 1.0		__DUMMY__ 0.4538499528280077 off 0.2840684461946629 neg 0.2620816009773295	false	0.5
geisteskrank	off 1.0		__DUMMY__ 0.4507917222515872 off 0.294135977970533 neg 0.2550722997778798	false	1.0
zusammenbrechen	neg 1.0		__DUMMY__ 0.4566841246375536 off 0.283146988499931 neg 0.2601688868625152	false	0.5
ausbeute	neg 1.0		__DUMMY__ 0.45926110860998104 off 0.28550560362526944 neg 0.2552332877647495	false	0.5
hinterhalt	neg 1.0		__DUMMY__ 0.45603264155057255 off 0.2835862689066244 neg 0.2603810895428029	false	0.5
kritik	neg 1.0		__DUMMY__ 0.45447126325857684 off 0.2847787910705222 neg 0.2607499456709009	false	0.5
einschrumpfen	neg 1.0		__DUMMY__ 0.4503513994730599 off 0.2906212225566215 neg 0.2590273779703187	false	0.5
riskant	neg 1.0		__DUMMY__ 0.45815504900648724 off 0.28026917511734556 neg 0.2615757758761671	false	0.5
frustrieren	neg 1.0		__DUMMY__ 0.45737007563529475 off 0.2811887418669301 neg 0.2614411824977751	false	0.5
groll	neg 1.0		__DUMMY__ 0.4583638896863674 off 0.28405618258877025 neg 0.2575799277248624	false	0.5
gibt			__DUMMY__ 0.45755603732097927 off 0.28294105542794723 neg 0.2595029072510734	false	0.0
qualvoll	neg 1.0		__DUMMY__ 0.4545424291494447 off 0.2879184223125029 neg 0.25753914853805243	false	0.5
wackeln	neg 1.0		__DUMMY__ 0.45623189434818395 off 0.285318530643659 neg 0.25844957500815713	false	0.5
klagen	neg 1.0		__DUMMY__ 0.4589468214543534 off 0.27932545596024033 neg 0.2617277225854063	false	0.5
bankrott	neg 1.0		__DUMMY__ 0.4535386274538824 off 0.2909705931376101 neg 0.2554907794085077	false	0.5
trauern	neg 1.0		__DUMMY__ 0.46240723556859753 off 0.2824483527954803 neg 0.2551444116359223	false	0.5
ablehnung	neg 1.0		__DUMMY__ 0.45481777837448906 off 0.2840398175194274 neg 0.26114240410608364	false	0.5
stur	neg 1.0		__DUMMY__ 0.45491802092051864 off 0.2869058677845734 neg 0.25817611129490786	false	0.5
aufruhr	neg 1.0	neg 1.0	neg 0.6161618752252498 __DUMMY__ 0.22129383469047256 off 0.16254429008427762	false	1.0
melancholie	neg 1.0		__DUMMY__ 0.4569558796871304 off 0.27923283837692253 neg 0.26381128193594705	false	0.5
ist			__DUMMY__ 0.45469281662320127 off 0.28739745646590475 neg 0.257909726910894	false	0.0
torheit	neg 1.0		__DUMMY__ 0.4549273943012211 off 0.28702579383096843 neg 0.2580468118678104	false	0.5
dreckskind	off 1.0		__DUMMY__ 0.4446890401150076 off 0.3012666864281984 neg 0.2540442734567939	false	1.0
umtauschen	neg 1.0		__DUMMY__ 0.45612413419170295 off 0.28470124930284796 neg 0.25917461650544893	false	0.5
zum			__DUMMY__ 0.46589158716533324 off 0.27821013417096613 neg 0.2558982786637006	false	0.0
zersetzen	neg 1.0		__DUMMY__ 0.45776261260688467 off 0.2799464275016503 neg 0.2622909598914651	false	0.5
zur			__DUMMY__ 0.46248763261981585 off 0.27669315673236117 neg 0.2608192106478229	false	0.0
frust	neg 1.0		__DUMMY__ 0.4573211393237914 off 0.2831226631570274 neg 0.25955619751918124	false	0.5
unerbittlichkeit	neg 1.0		__DUMMY__ 0.45896113195892635 off 0.2816456942028851 neg 0.25939317383818866	false	0.5
zwei			__DUMMY__ 0.4632909554657929 off 0.2763630053756973 neg 0.2603460391585097	false	0.0
unkorrekt	neg 1.0		__DUMMY__ 0.45048691069896335 off 0.2940581365014712 neg 0.2554549527995653	false	0.5
hexe	off 1.0		__DUMMY__ 0.44952952664651036 off 0.2894046817599063 neg 0.26106579159358334	false	1.0
lasch	neg 1.0		__DUMMY__ 0.4536443271303294 off 0.29068008660619543 neg 0.25567558626347525	false	0.5
rivale	neg 1.0		__DUMMY__ 0.44986663613817685 off 0.2956536477400691 neg 0.25447971612175413	false	0.5
mutlos	off 1.0	off 1.0	off 0.6305080031566881 __DUMMY__ 0.2217527124901286 neg 0.14773928435318323	false	1.0
wirr	off 1.0		__DUMMY__ 0.4485429944116924 off 0.2958698493597166 neg 0.2555871562285911	false	1.0
jahr			__DUMMY__ 0.4631593528632808 off 0.28236762573630364 neg 0.2544730214004156	false	0.0
wird			__DUMMY__ 0.45830065294265593 off 0.28251606789117895 neg 0.259183279166165	false	0.0
strafbar	neg 1.0		__DUMMY__ 0.45930146082173673 off 0.281709451626695 neg 0.25898908755156824	false	0.5
erosion	neg 1.0		__DUMMY__ 0.45614474519221376 off 0.28598152504053365 neg 0.2578737297672526	false	0.5
eingehen	neg 1.0		__DUMMY__ 0.4574484418532055 off 0.2809869190739775 neg 0.26156463907281685	false	0.5
faul	off 1.0		__DUMMY__ 0.45320818300585825 off 0.29043938936735464 neg 0.25635242762678706	false	1.0
provisorium	neg 1.0		__DUMMY__ 0.46621912160834833 off 0.2735879864630465 neg 0.26019289192860523	false	0.5
schmerzen	neg 1.0		__DUMMY__ 0.45574911899025655 off 0.2837212371869363 neg 0.2605296438228071	false	0.5
schrumpfen	neg 1.0		__DUMMY__ 0.4593866651053551 off 0.27536651139043644 neg 0.2652468235042085	false	0.5
geistlos	off 1.0		__DUMMY__ 0.4523378693219132 off 0.28836647587758535 neg 0.2592956548005015	false	1.0
fehlkauf	neg 1.0		__DUMMY__ 0.45327137154009833 off 0.2881684608559691 neg 0.25856016760393263	false	0.5
frustrierend	neg 1.0		__DUMMY__ 0.4528952218930169 off 0.28966297899111615 neg 0.25744179911586695	false	0.5
unzufrieden	neg 1.0		__DUMMY__ 0.45756731570112685 off 0.28305498329768913 neg 0.2593777010011839	false	0.5
verzweifeln	neg 1.0		__DUMMY__ 0.4568826540433092 off 0.28452353721832724 neg 0.2585938087383636	false	0.5
verzweifelt	neg 1.0		__DUMMY__ 0.4547972742746196 off 0.28689507680607756 neg 0.2583076489193029	false	0.5
misstrauensantrag	neg 1.0		__DUMMY__ 0.45393881497226507 off 0.2876824371609225 neg 0.2583787478668123	false	0.5
abfallen	neg 1.0		__DUMMY__ 0.4551514026397304 off 0.2853304299864289 neg 0.2595181673738407	false	0.5
fucker	off 1.0		__DUMMY__ 0.4507893807206179 off 0.2952394442275458 neg 0.2539711750518364	false	1.0
ungezogen	neg 1.0		__DUMMY__ 0.44482133323988693 off 0.3028120614634669 neg 0.2523666052966461	false	0.5
irrsinnig	neg 1.0	neg 1.0	neg 0.6171615741443333 __DUMMY__ 0.22016231336045136 off 0.16267611249521532	false	1.0
unfassbar	neg 1.0		__DUMMY__ 0.4523436023393913 off 0.2925175597220486 neg 0.25513883793856007	false	0.5
hart	neg 1.0		__DUMMY__ 0.4471565937059701 off 0.29043118535160767 neg 0.2624122209424222	false	0.5
widerlich	off 1.0		__DUMMY__ 0.4512578517889341 off 0.29285585797364283 neg 0.25588629023742304	false	1.0
fatal	neg 1.0	neg 1.0	neg 0.6184503939211604 __DUMMY__ 0.21828579308504797 off 0.16326381299379153	false	1.0
bruch	neg 1.0		__DUMMY__ 0.46144521394021654 off 0.27858967433603415 neg 0.25996511172374925	false	0.5
aushungern	neg 1.0		__DUMMY__ 0.4558900863198065 off 0.2838517250236025 neg 0.26025818865659106	false	0.5
anspannung	neg 1.0		__DUMMY__ 0.4639045968950763 off 0.276839400127347 neg 0.2592560029775767	false	0.5
von			__DUMMY__ 0.45986838358744986 off 0.27969510920968865 neg 0.2604365072028615	false	0.0
kraftlos	neg 1.0		__DUMMY__ 0.45764025662932284 off 0.2823560524695413 neg 0.26000369090113584	false	0.5
vom			__DUMMY__ 0.46744973290103625 off 0.27479558640164053 neg 0.25775468069732305	false	0.0
grenzdebil	off 1.0		__DUMMY__ 0.4510042018389532 off 0.2923619436586042 neg 0.2566338545024426	false	1.0
vor			__DUMMY__ 0.460721322160612 off 0.27855751064394496 neg 0.26072116719544297	false	0.0
unterwerfen	neg 1.0		__DUMMY__ 0.4590346304443161 off 0.2824519386128501 neg 0.25851343094283374	false	0.5
versenkung	neg 1.0		__DUMMY__ 0.4593214244833945 off 0.2817502972856105 neg 0.2589282782309949	false	0.5
entziehen	neg 1.0		__DUMMY__ 0.45967019001624215 off 0.2791960124961932 neg 0.2611337974875647	false	0.5
finanzkrise	neg 1.0		__DUMMY__ 0.4504645741717197 off 0.2826433291223508 neg 0.2668920967059296	false	0.5
schimpfend	neg 1.0		__DUMMY__ 0.45668896839396067 off 0.28697010198269474 neg 0.2563409296233445	false	0.5
profan	neg 1.0		__DUMMY__ 0.4537591397799525 off 0.28798350815167933 neg 0.25825735206836803	false	0.5
korruption	neg 1.0		__DUMMY__ 0.4553545469457352 off 0.2827790117393675 neg 0.2618664413148974	false	0.5
â			__DUMMY__ 0.45732104058502737 off 0.28230923311891937 neg 0.2603697262960533	false	0.0
schmutzig	neg 1.0		__DUMMY__ 0.4513549423894531 off 0.2927294608338995 neg 0.2559155967766474	false	0.5
sexy	neg 1.0		__DUMMY__ 0.45380326995656145 off 0.2901240804730782 neg 0.2560726495703603	false	0.5
abraten	neg 1.0		__DUMMY__ 0.4549261958510615 off 0.2878325871740932 neg 0.25724121697484525	false	0.5
schwarz	neg 1.0		__DUMMY__ 0.4544793445876985 off 0.28818428714943084 neg 0.25733636826287065	false	0.5
fotze	off 1.0	off 1.0	off 0.6309788919144002 __DUMMY__ 0.22158301531364427 neg 0.14743809277195563	false	1.0
verwirren	neg 1.0		__DUMMY__ 0.45429674370795553 off 0.2886072495052718 neg 0.2570960067867727	false	0.5
zahnlos	off 1.0		__DUMMY__ 0.4569747741610777 off 0.2841472101531269 neg 0.2588780156857954	false	1.0
verheeren	neg 1.0		__DUMMY__ 0.4445698163000334 off 0.30448696280413523 neg 0.25094322089583126	false	0.5
hippie	neg 1.0		__DUMMY__ 0.45351120402228057 off 0.2895388779404536 neg 0.2569499180372659	false	0.5
rammen	neg 1.0		__DUMMY__ 0.4551867029948775 off 0.2859853614899529 neg 0.2588279355151697	false	0.5
unlauter	neg 1.0		__DUMMY__ 0.4533005099488323 off 0.28746670846017053 neg 0.259232781590997	false	0.5
unheilvoll	neg 1.0		__DUMMY__ 0.4541539201900265 off 0.2864236885162871 neg 0.2594223912936865	false	0.5
niedrig	neg 1.0		__DUMMY__ 0.4559987919987513 off 0.28141971874759963 neg 0.26258148925364905	false	0.5
explosion	neg 1.0		__DUMMY__ 0.45384999884919097 off 0.28954336733277813 neg 0.25660663381803095	false	0.5
weichei	off 1.0	off 1.0	off 0.6390966020078118 __DUMMY__ 0.21532507778758303 neg 0.14557832020460512	false	1.0
minusmensch	off 1.0		__DUMMY__ 0.443123045729016 off 0.303498316395454 neg 0.2533786378755301	false	1.0
farblos	neg 1.0		__DUMMY__ 0.4546622570735068 off 0.2866807296663325 neg 0.25865701326016066	false	0.5
unwissend	neg 1.0	neg 1.0	neg 0.6162910480541125 __DUMMY__ 0.2185425998915371 off 0.16516635205435037	false	1.0
traurig	neg 1.0		__DUMMY__ 0.45035343082103857 off 0.29527464564290334 neg 0.25437192353605814	false	0.5
senkung	neg 1.0		__DUMMY__ 0.45054882281395964 off 0.2874300271551384 neg 0.262021150030902	false	0.5
ungleich	neg 1.0	neg 1.0	neg 0.618080166070509 __DUMMY__ 0.22185724861316392 off 0.1600625853163271	false	1.0
heikel	neg 1.0		__DUMMY__ 0.4588197566072166 off 0.28088163092580687 neg 0.2602986124669766	false	0.5
drosselung	neg 1.0		__DUMMY__ 0.4481246754718418 off 0.2913115602690395 neg 0.2605637642591187	false	0.5
falsch	neg 1.0		__DUMMY__ 0.4538001815269786 off 0.2904434668648178 neg 0.2557563516082036	false	0.5
unzufriedenheit	neg 1.0		__DUMMY__ 0.45728322630641943 off 0.2797867316404368 neg 0.2629300420531439	false	0.5
kurz	neg 1.0		__DUMMY__ 0.4585464695118535 off 0.28369774209809934 neg 0.25775578839004704	false	0.5
unsinnig	neg 1.0		__DUMMY__ 0.45509291873795993 off 0.28398929831218245 neg 0.2609177829498577	false	0.5
penner	off 1.0	off 1.0	off 0.6405342028389208 __DUMMY__ 0.21524463838438607 neg 0.14422115877669323	false	1.0
seicht	neg 1.0		__DUMMY__ 0.4434225551940503 off 0.30108970085719994 neg 0.25548774394874957	false	0.5
dummheit	off 1.0	off 1.0	off 0.6338769608971004 __DUMMY__ 0.219087068790068 neg 0.14703597031283147	false	1.0
unerfreulich	neg 1.0		__DUMMY__ 0.45863566879515644 off 0.28030204006844506 neg 0.2610622911363985	false	0.5
motherfucker	off 1.0	off 1.0	off 0.6372363986739769 __DUMMY__ 0.21777057066954522 neg 0.14499303065647784	false	1.0
pikiert	neg 1.0		__DUMMY__ 0.4515580481183662 off 0.2914570834654483 neg 0.2569848684161856	false	0.5
wrack	neg 1.0		__DUMMY__ 0.4614636623893991 off 0.285301634361651 neg 0.25323470324894987	false	0.5
gangster	neg 1.0		__DUMMY__ 0.45331070127920664 off 0.28974537002563777 neg 0.25694392869515553	false	0.5
krank	neg 1.0		__DUMMY__ 0.45233365557200367 off 0.29305436199346135 neg 0.2546119824345351	false	0.5
reich	neg 1.0		__DUMMY__ 0.4500045823290915 off 0.2890169282840726 neg 0.26097848938683593	false	0.5
gnadenlos	neg 1.0		__DUMMY__ 0.45588514592730595 off 0.2869611884608611 neg 0.2571536656118328	false	0.5
niedergeschlagen	neg 1.0		__DUMMY__ 0.45925527333854516 off 0.28357540315464597 neg 0.2571693235068089	false	0.5
terrorisieren	off 1.0	off 1.0	off 0.630069698998532 __DUMMY__ 0.22279394530135932 neg 0.14713635570010866	false	1.0
sinnlosigkeit	neg 1.0		__DUMMY__ 0.4570733889638745 off 0.28350790949947346 neg 0.2594187015366521	false	0.5
behindern	neg 1.0		__DUMMY__ 0.4553237301403194 off 0.28501788091818464 neg 0.25965838894149595	false	0.5
undemokratisch	neg 1.0		__DUMMY__ 0.45335793447251993 off 0.2878698673308494 neg 0.25877219819663067	false	0.5
wirtschaftskrise	neg 1.0		__DUMMY__ 0.4541976272603122 off 0.2817158908890491 neg 0.2640864818506387	false	0.5
neid	neg 1.0		__DUMMY__ 0.45368732351615404 off 0.2893921577556398 neg 0.2569205187282061	false	0.5
rutschen	neg 1.0		__DUMMY__ 0.4630611800777924 off 0.275890392262773 neg 0.26104842765943465	false	0.5
rezession	neg 1.0		__DUMMY__ 0.44536520126252743 off 0.29344734014221596 neg 0.2611874585952567	false	0.5
fehlgeburt	neg 1.0		__DUMMY__ 0.45706377441547724 off 0.2866212659022461 neg 0.2563149596822766	false	0.5
charakterschwach	off 1.0		__DUMMY__ 0.45096158533284286 off 0.2920314986502219 neg 0.2570069160169351	false	1.0
isolation	neg 1.0		__DUMMY__ 0.45435462268162097 off 0.2905867232298668 neg 0.2550586540885122	false	0.5
ablenkung	neg 1.0		__DUMMY__ 0.4568600543930716 off 0.28552667424528577 neg 0.25761327136164264	false	0.5
pech	neg 1.0		__DUMMY__ 0.4525902504923518 off 0.29013645768988566 neg 0.2572732918177626	false	0.5
vermeidung	neg 1.0		__DUMMY__ 0.4504922236751476 off 0.2921699122592205 neg 0.2573378640656319	false	0.5
dominieren	neg 1.0		__DUMMY__ 0.45712342629399405 off 0.2840143952117577 neg 0.2588621784942482	false	0.5
schwindlig	neg 1.0		__DUMMY__ 0.4539249111076364 off 0.2874394267701664 neg 0.2586356621221974	false	0.5
lutscher	neg 1.0	neg 1.0	neg 0.6148218521001448 __DUMMY__ 0.2131165345809714 off 0.17206161331888378	false	1.0
pflicht	neg 1.0		__DUMMY__ 0.46046796394383666 off 0.27975874385245764 neg 0.2597732922037056	false	0.5
faschist	off 1.0		__DUMMY__ 0.4541407369321367 off 0.29042584045681413 neg 0.2554334226110493	false	1.0
verschleudern	neg 1.0		__DUMMY__ 0.45486986615817054 off 0.2801826581881832 neg 0.26494747565364635	false	0.5
wenn			__DUMMY__ 0.4526723179893301 off 0.29095015986863343 neg 0.2563775221420364	false	0.0
ehebruch	neg 1.0		__DUMMY__ 0.45800966806941285 off 0.2827347209427657 neg 0.2592556109878213	false	0.5
spott	off 1.0		__DUMMY__ 0.4588794788628016 off 0.2829205687566563 neg 0.2581999523805421	false	1.0
trostlosigkeit	neg 1.0		__DUMMY__ 0.4576456124450111 off 0.2783011383014386 neg 0.26405324925355045	false	0.5
lutschen	neg 1.0		__DUMMY__ 0.45234676352595155 off 0.29005452755752026 neg 0.2575987089165281	false	0.5
undiszipliniert	neg 1.0		__DUMMY__ 0.4504142305219887 off 0.29430952880249206 neg 0.25527624067551935	false	0.5
kopfschmerz	neg 1.0		__DUMMY__ 0.4553732854722168 off 0.28069481523954 neg 0.26393189928824334	false	0.5
unvorhergesehen	neg 1.0		__DUMMY__ 0.4609814321006274 off 0.2802092791393576 neg 0.2588092887600149	false	0.5
desinteressiert	neg 1.0		__DUMMY__ 0.45063705857585834 off 0.2935506562859274 neg 0.2558122851382143	false	0.5
armselig	off 1.0		__DUMMY__ 0.4498869031218567 off 0.2963777068571823 neg 0.253735390020961	false	1.0
desaster	neg 1.0		__DUMMY__ 0.4593737604605001 off 0.2784548696249966 neg 0.26217136991450335	false	0.5
tod	neg 1.0		__DUMMY__ 0.45892817432973004 off 0.28182667366281994 neg 0.25924515200744985	false	0.5
herzlos	neg 1.0		__DUMMY__ 0.4499766820999468 off 0.29565490401477124 neg 0.254368413885282	false	0.5
unwissenheit	neg 1.0		__DUMMY__ 0.45711698746397145 off 0.28309158025209574 neg 0.25979143228393287	false	0.5
widersinnig	neg 1.0		__DUMMY__ 0.45422250759456984 off 0.28374274664964066 neg 0.2620347457557894	false	0.5
bedenklich	neg 1.0		__DUMMY__ 0.45698333042810024 off 0.2818119795639738 neg 0.26120469000792595	false	0.5
beanstanden	neg 1.0		__DUMMY__ 0.4607306464905952 off 0.2807983589515366 neg 0.25847099455786826	false	0.5
panisch	neg 1.0		__DUMMY__ 0.4557472274452278 off 0.28811025995787387 neg 0.2561425125968984	false	0.5
debil	off 1.0		__DUMMY__ 0.46318967131984984 off 0.27310746870318015 neg 0.26370285997697	false	1.0
abstrich	neg 1.0		__DUMMY__ 0.45602337257464065 off 0.2834923628136186 neg 0.26048426461174073	false	0.5
primitiv	neg 1.0		__DUMMY__ 0.45099132280965487 off 0.2939311611212653 neg 0.2550775160690798	false	0.5
abschaum	off 1.0	off 1.0	off 0.636207504229409 __DUMMY__ 0.21933532556512797 neg 0.14445717020546317	false	1.0
provozieren	neg 1.0		__DUMMY__ 0.45525219842820125 off 0.2867276935228072 neg 0.25802010804899145	false	0.5
tot	neg 1.0		__DUMMY__ 0.45573196801078014 off 0.28248074767430664 neg 0.26178728431491327	false	0.5
instabil	neg 1.0		__DUMMY__ 0.44766566590843865 off 0.295676095192509 neg 0.25665823889905226	false	0.5
schwuchtel	off 1.0	off 1.0	off 0.6448684701233178 __DUMMY__ 0.21183085252279907 neg 0.1433006773538831	false	1.0
zerren	neg 1.0		__DUMMY__ 0.45856171375234805 off 0.28314062789242816 neg 0.25829765835522367	false	0.5
kinderficker	off 1.0		__DUMMY__ 0.44820716701410324 off 0.29893371227694393 neg 0.2528591207089527	false	1.0
gefahr	neg 1.0		__DUMMY__ 0.46062428846341147 off 0.2805105209274017 neg 0.2588651906091867	false	0.5
rabiat	neg 1.0		__DUMMY__ 0.4562180812373483 off 0.28466410512080426 neg 0.25911781364184744	false	0.5
verlangsamung	neg 1.0		__DUMMY__ 0.44543889429008493 off 0.300037984725816 neg 0.25452312098409907	false	0.5
ausgestorben	neg 1.0		__DUMMY__ 0.4570735057129252 off 0.2844317580405523 neg 0.25849473624652236	false	0.5
anklagen	neg 1.0		__DUMMY__ 0.45752162351726866 off 0.2843339016847461 neg 0.2581444747979852	false	0.5
trott	neg 1.0		__DUMMY__ 0.4559354629268928 off 0.2855912778180349 neg 0.25847325925507236	false	0.5
verminderung	neg 1.0		__DUMMY__ 0.45080216040803583 off 0.29241743687541016 neg 0.256780402716554	false	0.5
nach			__DUMMY__ 0.46489385439601033 off 0.27503311225975224 neg 0.2600730333442373	false	0.0
rost	neg 1.0		__DUMMY__ 0.4479065158601043 off 0.30301214582798175 neg 0.24908133831191392	false	0.5
destruktiv	neg 1.0		__DUMMY__ 0.4554083520588256 off 0.2852743965635604 neg 0.2593172513776139	false	0.5
unzumutbarkeit	neg 1.0		__DUMMY__ 0.4509437360808657 off 0.29229651913183996 neg 0.25675974478729435	false	0.5
labil	off 1.0	off 1.0	off 0.6352818588734869 __DUMMY__ 0.21863999825376315 neg 0.14607814287274995	false	1.0
ziemlich	neg 1.0		__DUMMY__ 0.45266835484781903 off 0.2922364656715117 neg 0.2550951794806694	false	0.5
lachnummer	off 1.0		__DUMMY__ 0.4565662270154119 off 0.28668987676133056 neg 0.2567438962232574	false	1.0
oder			__DUMMY__ 0.4564791426097116 off 0.28645821803346805 neg 0.2570626393568204	false	0.0
verfall	neg 1.0		__DUMMY__ 0.4595189416653322 off 0.27564541239448254 neg 0.2648356459401851	false	0.5
ausgrenzung	neg 1.0		__DUMMY__ 0.453071721918777 off 0.2876162501584031 neg 0.25931202792281993	false	0.5
unordnung	neg 1.0		__DUMMY__ 0.44830745000966105 off 0.29660080397996047 neg 0.25509174601037843	false	0.5
fehlverhalten	neg 1.0		__DUMMY__ 0.4586498692667425 off 0.28136455504207997 neg 0.2599855756911777	false	0.5
eine			__DUMMY__ 0.45967772100951887 off 0.2788445298579931 neg 0.261477749132488	false	0.0
nille	neg 1.0		__DUMMY__ 0.45585724910466324 off 0.28604182975961684 neg 0.2581009211357199	false	0.5
qual	neg 1.0		__DUMMY__ 0.4558538064544132 off 0.28508904616414005 neg 0.2590571473814466	false	0.5
verschwenden	neg 1.0		__DUMMY__ 0.45718142595728073 off 0.2802434806585888 neg 0.26257509338413043	false	0.5
riesig	neg 1.0		__DUMMY__ 0.4589300978269526 off 0.2817347031055972 neg 0.25933519906745034	false	0.5
verurteilen	neg 1.0		__DUMMY__ 0.4574114684867522 off 0.28390612237484514 neg 0.25868240913840257	false	0.5
klischee	neg 1.0	neg 1.0	neg 0.6167550897380903 __DUMMY__ 0.21874532559031873 off 0.16449958467159098	false	1.0
diktatorisch	neg 1.0		__DUMMY__ 0.45314312849899047 off 0.28792196753865656 neg 0.258934903962353	false	0.5
vorhersehbar	neg 1.0		__DUMMY__ 0.4526755443416313 off 0.2886296984396243 neg 0.25869475721874424	false	0.5
sowie			__DUMMY__ 0.4466958922935763 off 0.29729345751984165 neg 0.2560106501865821	false	0.0
stornieren	neg 1.0		__DUMMY__ 0.4578338102720564 off 0.29053642225950815 neg 0.2516297674684355	false	0.5
besteuerung	neg 1.0	neg 1.0	neg 0.6202076781297069 __DUMMY__ 0.21804266917813794 off 0.1617496526921552	false	1.0
ungeschminkt	neg 1.0		__DUMMY__ 0.4501362264830376 off 0.2935396431428792 neg 0.25632413037408336	false	0.5
kritisch	neg 1.0		__DUMMY__ 0.45739511340895533 off 0.28317861528664595 neg 0.2594262713043987	false	0.5
schlamperei	off 1.0		__DUMMY__ 0.45819240008077744 off 0.2817615669746381 neg 0.26004603294458434	false	1.0
sucht	neg 1.0	neg 1.0	neg 0.6160793578225373 __DUMMY__ 0.22072910476318594 off 0.16319153741427672	false	1.0
egoistisch	off 1.0	off 1.0	off 0.6395717224428433 __DUMMY__ 0.21673019040596664 neg 0.14369808715118998	false	1.0
ausbeuter	off 1.0		__DUMMY__ 0.4570619818478601 off 0.28032411972458415 neg 0.2626138984275557	false	1.0
arschgeburt	off 1.0		__DUMMY__ 0.43970114700901214 off 0.3075607703094532 neg 0.2527380826815346	false	1.0
schubs	neg 1.0		__DUMMY__ 0.4559878629146278 off 0.28136600817102253 neg 0.26264612891434974	false	0.5
unsolide	neg 1.0		__DUMMY__ 0.45419463588365194 off 0.2890847806758524 neg 0.25672058344049553	false	0.5
beschwerde	neg 1.0		__DUMMY__ 0.4577879442048895 off 0.28382845601690143 neg 0.25838359977820907	false	0.5
stocken	neg 1.0		__DUMMY__ 0.45755467425660107 off 0.28214114484867253 neg 0.2603041808947265	false	0.5
isolieren	neg 1.0		__DUMMY__ 0.4558452732129431 off 0.2828165011707852 neg 0.26133822561627174	false	0.5
unheilbar	neg 1.0		__DUMMY__ 0.4562668561772326 off 0.28601812964776074 neg 0.2577150141750068	false	0.5
pisser	off 1.0	off 1.0	off 0.6377068803660448 __DUMMY__ 0.2172611182512167 neg 0.14503200138273858	false	1.0
löschen	neg 1.0		__DUMMY__ 0.45512347047881013 off 0.28611300358514974 neg 0.25876352593604024	false	0.5
durchfallen	neg 1.0		__DUMMY__ 0.4578544158867682 off 0.2831066050768545 neg 0.25903897903637746	false	0.5
wichser	off 1.0	off 1.0	off 0.6424792552652551 __DUMMY__ 0.2139272217210057 neg 0.14359352301373926	false	1.0
terror	neg 1.0		__DUMMY__ 0.453632767385389 off 0.28926706810702446 neg 0.2571001645075866	false	0.5
krass	neg 1.0		__DUMMY__ 0.44826177302686393 off 0.29721967541929384 neg 0.2545185515538423	false	0.5
revolte	neg 1.0		__DUMMY__ 0.45126353409396947 off 0.2890833369964094 neg 0.25965312890962106	false	0.5
besorgt	neg 1.0		__DUMMY__ 0.45907991344056037 off 0.28415142900848717 neg 0.2567686575509524	false	0.5
nachlassen	neg 1.0		__DUMMY__ 0.45858174674724356 off 0.2825088780555861 neg 0.2589093751971703	false	0.5
alt	neg 1.0		__DUMMY__ 0.4543720999948917 off 0.2801907449684375 neg 0.265437155036671	false	0.5
hundesohn	off 1.0	off 1.0	off 0.6415820996935463 __DUMMY__ 0.21378888031700677 neg 0.14462901998944688	false	1.0
als			__DUMMY__ 0.45678405301688185 off 0.2831649489934736 neg 0.2600509979896445	false	0.0
abschreckung	neg 1.0		__DUMMY__ 0.4588952647660605 off 0.28035326112630465 neg 0.2607514741076349	false	0.5
unqualifiziert	neg 1.0		__DUMMY__ 0.45333580601128115 off 0.2909116342456798 neg 0.2557525597430391	false	0.5
abgewichst	off 1.0		__DUMMY__ 0.456519400493053 off 0.2854107473486238 neg 0.2580698521583232	false	1.0
schwer	neg 1.0		__DUMMY__ 0.4565112996989188 off 0.28506503277829787 neg 0.25842366752278334	false	0.5
bedeutungslosigkeit	neg 1.0		__DUMMY__ 0.45850016130494337 off 0.2808645177411051 neg 0.2606353209539516	false	0.5
kapitulation	neg 1.0		__DUMMY__ 0.45597611361331025 off 0.28216232418776327 neg 0.26186156219892653	false	0.5
unscharf	neg 1.0		__DUMMY__ 0.4507536134728936 off 0.28637764865760545 neg 0.2628687378695009	false	0.5
schwinden	neg 1.0		__DUMMY__ 0.45649207239875483 off 0.2799624122512017 neg 0.26354551535004356	false	0.5
versklavung	neg 1.0	neg 1.0	neg 0.6180056293525877 __DUMMY__ 0.21911479863648384 off 0.1628795720109284	false	1.0
schlecht	neg 1.0		__DUMMY__ 0.45314052924769505 off 0.29265690667938843 neg 0.25420256407291647	false	0.5
verhasst	neg 1.0		__DUMMY__ 0.4547141987451554 off 0.2874746792133919 neg 0.2578111220414527	false	0.5
beschweren	neg 1.0		__DUMMY__ 0.4557633433764185 off 0.2882861240149994 neg 0.2559505326085821	false	0.5
scheiden	neg 1.0		__DUMMY__ 0.4556942567408699 off 0.2855464120952276 neg 0.25875933116390243	false	0.5
frustriert	neg 1.0		__DUMMY__ 0.4572101547085589 off 0.2842520752488977 neg 0.2585377700425434	false	0.5
schimmelig	neg 1.0		__DUMMY__ 0.45504209043191507 off 0.2811032595699902 neg 0.26385464999809466	false	0.5
fisch	neg 1.0		__DUMMY__ 0.45608058836423265 off 0.27710032337093354 neg 0.26681908826483386	false	0.5
schmuggel	neg 1.0		__DUMMY__ 0.46163311988516376 off 0.28000735146207745 neg 0.2583595286527589	false	0.5
auffallen	neg 1.0		__DUMMY__ 0.45470504242697213 off 0.28844886459835556 neg 0.25684609297467237	false	0.5
konkurrenz	neg 1.0		__DUMMY__ 0.460210227147594 off 0.28095536065388116 neg 0.25883441219852477	false	0.5
teufelskreis	neg 1.0	neg 1.0	neg 0.6188490190973982 __DUMMY__ 0.21995215432558712 off 0.16119882657701473	false	1.0
aufschreien	neg 1.0		__DUMMY__ 0.45330103698052654 off 0.2887277231056801 neg 0.2579712399137934	false	0.5
schuldner	neg 1.0		__DUMMY__ 0.4555738599235761 off 0.279311038721499 neg 0.265115101354925	false	0.5
missgeburt	off 1.0	off 1.0	off 0.6410086489886089 __DUMMY__ 0.2154716423901119 neg 0.14351970862127922	false	1.0
arbeitslos	neg 1.0		__DUMMY__ 0.45751737926880964 off 0.2828072715095279 neg 0.25967534922166263	false	0.5
befallen	neg 1.0		__DUMMY__ 0.45353033134605947 off 0.2832060162288816 neg 0.2632636524250588	false	0.5
miesepetrig	off 1.0	off 1.0	off 0.6353388018817904 __DUMMY__ 0.21880926964017186 neg 0.14585192847803782	false	1.0
alarmieren	neg 1.0		__DUMMY__ 0.4534318290691815 off 0.2915441978896957 neg 0.25502397304112273	false	0.5
ungeduscht	off 1.0		__DUMMY__ 0.4517182420554926 off 0.290060193277029 neg 0.25822156466747836	false	1.0
knappheit	neg 1.0		__DUMMY__ 0.4544080577495855 off 0.28191440431797915 neg 0.2636775379324353	false	0.5
schlange	neg 1.0		__DUMMY__ 0.4564013675538729 off 0.2862861939747797 neg 0.25731243847134744	false	0.5
harsch	neg 1.0		__DUMMY__ 0.45031344729216694 off 0.2972423679788397 neg 0.2524441847289932	false	0.5
lang	neg 1.0		__DUMMY__ 0.45492613694531875 off 0.28710407393014736 neg 0.2579697891245337	false	0.5
ziellos	neg 1.0		__DUMMY__ 0.4591942743313488 off 0.281293319206912 neg 0.2595124064617391	false	0.5
selbstverliebt	neg 1.0		__DUMMY__ 0.4437770356627497 off 0.3053281534243156 neg 0.2508948109129348	false	0.5
beseitigen	neg 1.0		__DUMMY__ 0.45741028689015223 off 0.2861323610853602 neg 0.2564573520244874	false	0.5
dumm	off 1.0		__DUMMY__ 0.4469497106463537 off 0.29956691781488415 neg 0.25348337153876216	false	1.0
arbeitsloser	neg 1.0		__DUMMY__ 0.4614039310683289 off 0.2848196710379573 neg 0.25377639789371376	false	0.5
blitzen	neg 1.0		__DUMMY__ 0.45255016116517605 off 0.28989384609034924 neg 0.2575559927444747	false	0.5
hilflos	neg 1.0		__DUMMY__ 0.45733075856561656 off 0.2828621410769615 neg 0.2598071003574219	false	0.5
eklig	off 1.0		__DUMMY__ 0.4452322889323889 off 0.29942285054526574 neg 0.25534486052234545	false	1.0
begriff			__DUMMY__ 0.4564114018345191 off 0.2853275049549748 neg 0.2582610932105061	false	0.0
hungersnot	neg 1.0		__DUMMY__ 0.45562737123148217 off 0.28259804326965177 neg 0.26177458549886606	false	0.5
ungesetzlich	neg 1.0		__DUMMY__ 0.4535424315771478 off 0.2881277769780381 neg 0.25832979144481405	false	0.5
verschwendung	neg 1.0		__DUMMY__ 0.45812634963017873 off 0.28061576518255343 neg 0.26125788518726784	false	0.5
schmerzvoll	neg 1.0		__DUMMY__ 0.45407196887711543 off 0.28691828646702017 neg 0.2590097446558644	false	0.5
vorzeitig	neg 1.0		__DUMMY__ 0.45343241385457705 off 0.29195082391023675 neg 0.25461676223518603	false	0.5
unvollkommenheit	neg 1.0		__DUMMY__ 0.45632522573783896 off 0.2836406106077432 neg 0.2600341636544179	false	0.5
intervenieren	neg 1.0		__DUMMY__ 0.45602721954328185 off 0.2806716706512691 neg 0.263301109805449	false	0.5
banause	off 1.0		__DUMMY__ 0.4422661941140086 off 0.30026019577993746 neg 0.2574736101060539	false	1.0
rebell	neg 1.0		__DUMMY__ 0.4576291261685811 off 0.27523065487927195 neg 0.267140218952147	false	0.5
unlogisch	neg 1.0		__DUMMY__ 0.4496006911092504 off 0.2946852636541571 neg 0.2557140452365925	false	0.5
leiden	neg 1.0		__DUMMY__ 0.46184629797324744 off 0.2806278990522196 neg 0.2575258029745329	false	0.5
abschaffung	neg 1.0		__DUMMY__ 0.4531014756977558 off 0.2860883375614516 neg 0.2608101867407926	false	0.5
sturz	neg 1.0		__DUMMY__ 0.4572858338471374 off 0.28927598087785655 neg 0.253438185275006	false	0.5
verkleinerung	neg 1.0		__DUMMY__ 0.44956478710598374 off 0.2889212447865326 neg 0.2615139681074837	false	0.5
schmarotzer	off 1.0		__DUMMY__ 0.4569836594836202 off 0.28392246667077287 neg 0.25909387384560706	false	1.0
bestrafung	neg 1.0	neg 1.0	neg 0.6164073772976162 __DUMMY__ 0.22089624314680117 off 0.16269637955558275	false	1.0
achtlos	neg 1.0		__DUMMY__ 0.4577788347295777 off 0.2845295293969461 neg 0.25769163587347627	false	0.5
ungeheuer	neg 1.0		__DUMMY__ 0.45374662869865195 off 0.28523485539843063 neg 0.2610185159029174	false	0.5
unaufrichtig	neg 1.0		__DUMMY__ 0.4533695749145646 off 0.29083347897043565 neg 0.25579694611499976	false	0.5
groggy	neg 1.0		__DUMMY__ 0.45439310059459975 off 0.2897326794142725 neg 0.2558742199911278	false	0.5
verletzlich	neg 1.0		__DUMMY__ 0.44941760818859394 off 0.29036591160755465 neg 0.2602164802038513	false	0.5
