unsolidarisch	neg 1.0		off 0.48885917597221634 neg 0.44552541181100275 __DUMMY__ 0.06561541221678079	false	0.5
nachteilig	neg 1.0		off 0.4869911985419464 neg 0.4466003848222434 __DUMMY__ 0.06640841663581012	false	0.5
skeptisch	neg 1.0		off 0.48534756464879397 neg 0.44821949070334643 __DUMMY__ 0.06643294464785954	false	0.5
schrecklich	neg 1.0		off 0.4975254051063485 neg 0.43745279946954496 __DUMMY__ 0.06502179542410659	false	0.5
schlapp	neg 1.0	neg 1.0	neg 0.7051917911078229 off 0.26372718271863116 __DUMMY__ 0.0310810261735458	false	1.0
abfall	neg 1.0		off 0.48391021155995256 neg 0.4491423600413821 __DUMMY__ 0.0669474283986654	false	0.5
widerspenstig	neg 1.0		off 0.4879317808749157 neg 0.44623863805769165 __DUMMY__ 0.06582958106739276	false	0.5
abrupt	neg 1.0		off 0.4834077537232186 neg 0.450381138046964 __DUMMY__ 0.06621110822981749	false	0.5
unwirksam	neg 1.0		off 0.4855473698713247 neg 0.44928995329474036 __DUMMY__ 0.06516267683393497	false	0.5
angreifen	neg 1.0		off 0.4852130949698957 neg 0.4482366048937691 __DUMMY__ 0.06655030013633513	false	0.5
inkonsistent	neg 1.0		off 0.49011738352012196 neg 0.44450380337192125 __DUMMY__ 0.06537881310795693	false	0.5
abrutschen	neg 1.0		off 0.4829993253910708 neg 0.45012319031158166 __DUMMY__ 0.06687748429734744	false	0.5
unsicher	neg 1.0		off 0.4900923025551337 neg 0.4438077210960498 __DUMMY__ 0.06609997634881656	false	0.5
bauernkind	off 1.0	off 1.0	off 0.7341787929208284 neg 0.23542410681000417 __DUMMY__ 0.030397100269167397	false	1.0
angreifer	neg 1.0		off 0.4956700559885518 neg 0.4383001384311104 __DUMMY__ 0.06602980558033784	false	0.5
trennen	neg 1.0		off 0.4854991387851763 neg 0.4478490365879083 __DUMMY__ 0.0666518246269153	false	0.5
schmutz	neg 1.0		off 0.4958369967392766 neg 0.43792051763480344 __DUMMY__ 0.06624248562591994	false	0.5
inkonsistenz	neg 1.0		off 0.4939953697601506 neg 0.44053987157789026 __DUMMY__ 0.0654647586619591	false	0.5
erschreckend	neg 1.0		off 0.4888189346386512 neg 0.4451409338509072 __DUMMY__ 0.0660401315104415	false	0.5
ertrinken	neg 1.0		off 0.48351532852744317 neg 0.4500994200245348 __DUMMY__ 0.06638525144802214	false	0.5
pickelface	off 1.0		off 0.489637291455857 neg 0.4445143079574371 __DUMMY__ 0.06584840058670587	false	1.0
seiner			off 0.48617250594304595 neg 0.4472142650025715 __DUMMY__ 0.06661322905438262	false	0.0
lauch	neg 1.0	neg 1.0	neg 0.7107979738642299 off 0.2574602161797639 __DUMMY__ 0.03174180995600609	false	1.0
unwichtig	neg 1.0		off 0.49392029229444767 neg 0.4406129381399685 __DUMMY__ 0.06546676956558382	false	0.5
steuerhinterziehung	neg 1.0		off 0.4880970402123048 neg 0.44602389609156895 __DUMMY__ 0.06587906369612624	false	0.5
schock	neg 1.0		off 0.4882540419937 neg 0.44557461847522917 __DUMMY__ 0.06617133953107081	false	0.5
beule	neg 1.0		off 0.4948100937546485 neg 0.4401609049913291 __DUMMY__ 0.0650290012540223	false	0.5
vergelten	neg 1.0		off 0.4987220076389857 neg 0.43629475497265985 __DUMMY__ 0.06498323738835438	false	0.5
verdorbenheit	neg 1.0		off 0.49061685282174594 neg 0.44354095862439386 __DUMMY__ 0.06584218855386016	false	0.5
trauma	neg 1.0		off 0.4901313070488247 neg 0.4441552587617443 __DUMMY__ 0.06571343418943099	false	0.5
sinnlos	neg 1.0		off 0.4913351978219047 neg 0.44288887356659645 __DUMMY__ 0.0657759286114988	false	0.5
fettsack	off 1.0	off 1.0	off 0.7354531096714966 neg 0.23410869376970128 __DUMMY__ 0.030438196558802137	false	1.0
feige	off 1.0	off 1.0	off 0.7338885008590945 neg 0.23509868618185378 __DUMMY__ 0.031012812959051703	false	1.0
abdanken	neg 1.0		off 0.4905752091735007 neg 0.44321648495910637 __DUMMY__ 0.06620830586739287	false	0.5
wichtigtuer	off 1.0	off 1.0	off 0.7330351870352819 neg 0.23566407672823533 __DUMMY__ 0.03130073623648276	false	1.0
misslingen	neg 1.0		off 0.49270924858682835 neg 0.44117448219385924 __DUMMY__ 0.06611626921931232	false	0.5
untreu	off 1.0		off 0.4948797788592804 neg 0.43979762649823706 __DUMMY__ 0.06532259464248243	false	1.0
missmutig	neg 1.0		off 0.4923586630706295 neg 0.4421230821991117 __DUMMY__ 0.0655182547302588	false	0.5
hurenbock	off 1.0		off 0.4854599637237618 neg 0.4493328073473238 __DUMMY__ 0.06520722892891448	false	1.0
betrunken	neg 1.0		off 0.4963090463819631 neg 0.43860624337707543 __DUMMY__ 0.06508471024096146	false	0.5
korrupt	off 1.0		off 0.4871664258380658 neg 0.4469866544399099 __DUMMY__ 0.06584691972202436	false	1.0
unmut	neg 1.0		off 0.48402820725950935 neg 0.44931986863271717 __DUMMY__ 0.06665192410777353	false	0.5
hackfresse	off 1.0		off 0.5012007067818876 neg 0.43429804258752475 __DUMMY__ 0.06450125063058786	false	1.0
aufblasen	neg 1.0		off 0.48970288500941683 neg 0.4443925886546899 __DUMMY__ 0.06590452633589326	false	0.5
gewaltsam	neg 1.0		off 0.4907566057992999 neg 0.44301990623686227 __DUMMY__ 0.06622348796383772	false	0.5
unbeliebtheit	neg 1.0		off 0.49509615056551454 neg 0.4395743444534732 __DUMMY__ 0.0653295049810123	false	0.5
sturheit	neg 1.0		off 0.49008364159701284 neg 0.44365941331883474 __DUMMY__ 0.06625694508415242	false	0.5
kuh	neg 1.0		off 0.48518400360706976 neg 0.4503365448782556 __DUMMY__ 0.06447945151467478	false	0.5
erschrecken	neg 1.0		off 0.4931152765160094 neg 0.441322840349007 __DUMMY__ 0.06556188313498366	false	0.5
opfer	neg 1.0		off 0.4891400790287309 neg 0.44415880704891897 __DUMMY__ 0.06670111392235008	false	0.5
sinken	neg 1.0		off 0.4827297450787485 neg 0.4509554546418569 __DUMMY__ 0.06631480027939472	false	0.5
stinktier	neg 1.0		off 0.4948652074107631 neg 0.44110055591573466 __DUMMY__ 0.0640342366735022	false	0.5
tucke	off 1.0		off 0.49936210222633703 neg 0.43694388169348886 __DUMMY__ 0.06369401608017412	false	1.0
ein			off 0.48670357240595363 neg 0.4475825497622703 __DUMMY__ 0.06571387783177594	false	0.0
abstieg	neg 1.0		off 0.4906853169514242 neg 0.44265989499006114 __DUMMY__ 0.06665478805851463	false	0.5
missverstehen	neg 1.0		off 0.49226524616320455 neg 0.4420347693464115 __DUMMY__ 0.06569998449038407	false	0.5
ergebnislos	neg 1.0		off 0.48817174854637263 neg 0.44520874401232974 __DUMMY__ 0.06661950744129778	false	0.5
unter			off 0.48085439635757077 neg 0.45168524704225255 __DUMMY__ 0.0674603566001767	false	0.0
manipulieren	neg 1.0		off 0.4864257840341688 neg 0.4470589075179822 __DUMMY__ 0.0665153084478489	false	0.5
unbewiesen	neg 1.0	neg 1.0	neg 0.7067953374343664 off 0.2618650978692572 __DUMMY__ 0.03133956469637649	false	1.0
verschleppen	neg 1.0		off 0.48720004206911566 neg 0.44658232720176905 __DUMMY__ 0.06621763072911516	false	0.5
weib	off 1.0		off 0.5011589205272373 neg 0.4348623176171674 __DUMMY__ 0.06397876185559528	false	1.0
opposition	neg 1.0		off 0.48984009379572196 neg 0.444581534238327 __DUMMY__ 0.06557837196595098	false	0.5
verkehrswidrig	neg 1.0		off 0.500490848180947 neg 0.4343933259666485 __DUMMY__ 0.06511582585240445	false	0.5
inkorrekt	neg 1.0		off 0.4970133910942082 neg 0.4380069915958706 __DUMMY__ 0.06497961730992108	false	0.5
vermeiden	neg 1.0		off 0.48260196559572066 neg 0.45046852006016747 __DUMMY__ 0.06692951434411201	false	0.5
abweichung	neg 1.0	neg 1.0	neg 0.70735963585971 off 0.2609909439597714 __DUMMY__ 0.03164942018051878	false	1.0
alkoholisiert	neg 1.0		off 0.4888098917836623 neg 0.4442021684883027 __DUMMY__ 0.06698793972803511	false	0.5
scheiss	off 1.0	off 1.0	off 0.7340694654810476 neg 0.23508757598616403 __DUMMY__ 0.030842958532788466	false	1.0
herausforderung	neg 1.0		off 0.48739592119460495 neg 0.44637660196993173 __DUMMY__ 0.06622747683546337	false	0.5
pervers	off 1.0		off 0.5041363107351797 neg 0.4319771918937116 __DUMMY__ 0.06388649737110873	false	1.0
wackelig	neg 1.0		off 0.48798375115356696 neg 0.44567561014293916 __DUMMY__ 0.06634063870349381	false	0.5
verwickeln	neg 1.0		off 0.49169040476724946 neg 0.4424868544321183 __DUMMY__ 0.06582274080063226	false	0.5
vorwand	neg 1.0		off 0.4846593034882607 neg 0.4487863962096294 __DUMMY__ 0.06655430030210985	false	0.5
muschi	off 1.0		off 0.4895895590703083 neg 0.44431600052440423 __DUMMY__ 0.06609444040528745	false	1.0
entmutigung	neg 1.0		off 0.48927909996033014 neg 0.4454264498994604 __DUMMY__ 0.06529445014020958	false	0.5
unangemessen	neg 1.0		off 0.4891612814494346 neg 0.44465670340001756 __DUMMY__ 0.06618201515054786	false	0.5
unstetig	neg 1.0		off 0.49240085284059243 neg 0.44218297213258995 __DUMMY__ 0.06541617502681751	false	0.5
entmutigen	neg 1.0		off 0.49046155387901713 neg 0.44366193960094535 __DUMMY__ 0.06587650652003749	false	0.5
schwanz	neg 1.0		off 0.4867649453328416 neg 0.44710087982544616 __DUMMY__ 0.06613417484171223	false	0.5
verbot	neg 1.0		off 0.4873228456343155 neg 0.4467196156498809 __DUMMY__ 0.06595753871580358	false	0.5
leid	neg 1.0		off 0.4986159394089306 neg 0.43659539193015995 __DUMMY__ 0.06478866866090936	false	0.5
archaisch	neg 1.0		off 0.48737066201860324 neg 0.4466561712547444 __DUMMY__ 0.06597316672665231	false	0.5
gegen			off 0.48608380220653724 neg 0.44705086845566894 __DUMMY__ 0.06686532933779388	false	0.0
scheidung	neg 1.0		off 0.5105810290273085 neg 0.42529164059738833 __DUMMY__ 0.06412733037530317	false	0.5
einschlag	neg 1.0		off 0.5003162500984932 neg 0.43430371945892055 __DUMMY__ 0.06538003044258629	false	0.5
m			off 0.48793813437766154 neg 0.44584125685386816 __DUMMY__ 0.06622060876847026	false	0.0
abgestanden	neg 1.0		off 0.48407479333404546 neg 0.45088616239370266 __DUMMY__ 0.0650390442722518	false	0.5
schmierig	off 1.0		off 0.4979595033223367 neg 0.4372702762618323 __DUMMY__ 0.06477022041583104	false	1.0
unpraktisch	neg 1.0		off 0.49125434023348347 neg 0.44285716460856595 __DUMMY__ 0.06588849515795041	false	0.5
wixxer	off 1.0		off 0.5029803358939011 neg 0.4333995195211199 __DUMMY__ 0.063620144584979	false	1.0
bezeichnet			off 0.4907201449783724 neg 0.44320431183136105 __DUMMY__ 0.06607554319026648	false	0.0
jammerlappen	off 1.0		off 0.49416733442309907 neg 0.4403876219805253 __DUMMY__ 0.06544504359637564	false	1.0
farce	neg 1.0		off 0.4881190299983737 neg 0.4461826048202459 __DUMMY__ 0.06569836518138027	false	0.5
zwecklos	neg 1.0		off 0.487425921694343 neg 0.44643056024014444 __DUMMY__ 0.06614351806551266	false	0.5
turbulent	neg 1.0		off 0.49476930140462666 neg 0.4402389391344265 __DUMMY__ 0.0649917594609469	false	0.5
invasion	neg 1.0		off 0.49161821796811034 neg 0.4427372910743651 __DUMMY__ 0.06564449095752459	false	0.5
schuld	neg 1.0		off 0.49098619154451145 neg 0.44312300526128745 __DUMMY__ 0.0658908031942011	false	0.5
risiko	neg 1.0		off 0.4888980880729574 neg 0.4457633564444998 __DUMMY__ 0.0653385554825426	false	0.5
finster	neg 1.0		off 0.4870633016142273 neg 0.447315588490771 __DUMMY__ 0.0656211098950016	false	0.5
geisteskrank	off 1.0		off 0.49628612450637377 neg 0.43854771892713307 __DUMMY__ 0.06516615656649297	false	1.0
zusammenbrechen	neg 1.0		off 0.48728964589300405 neg 0.4466260171544497 __DUMMY__ 0.06608433695254617	false	0.5
ausbeute	neg 1.0		off 0.4910922543649054 neg 0.4424506144743514 __DUMMY__ 0.06645713116074312	false	0.5
hinterhalt	neg 1.0		off 0.48750554759035747 neg 0.4465405647392538 __DUMMY__ 0.06595388767038876	false	0.5
kritik	neg 1.0		off 0.48793858745309254 neg 0.4463259794201685 __DUMMY__ 0.06573543312673898	false	0.5
einschrumpfen	neg 1.0		off 0.4923235543486259 neg 0.44258456514786876 __DUMMY__ 0.0650918805035053	false	0.5
riskant	neg 1.0		off 0.4848973020158579 neg 0.44878875816187286 __DUMMY__ 0.06631393982226935	false	0.5
frustrieren	neg 1.0		off 0.48550944867498447 neg 0.44829902678410694 __DUMMY__ 0.0661915245409085	false	0.5
groll	neg 1.0		off 0.4890399165148866 neg 0.44461853052124517 __DUMMY__ 0.06634155296386812	false	0.5
gibt			off 0.4874732524957643 neg 0.44630677965057886 __DUMMY__ 0.06621996785365677	false	0.0
qualvoll	neg 1.0		off 0.4914353651161275 neg 0.44282586372982724 __DUMMY__ 0.06573877115404533	false	0.5
wackeln	neg 1.0		off 0.4894402861138722 neg 0.44455518874608013 __DUMMY__ 0.06600452514004769	false	0.5
klagen	neg 1.0		off 0.484222789225774 neg 0.4493460816205143 __DUMMY__ 0.06643112915371165	false	0.5
bankrott	neg 1.0		off 0.4942589922122756 neg 0.4401569488707992 __DUMMY__ 0.06558405891692523	false	0.5
trauern	neg 1.0		off 0.4892536393801016 neg 0.4437874495986534 __DUMMY__ 0.0669589110212451	false	0.5
ablehnung	neg 1.0		off 0.48730246694633933 neg 0.4469069970054379 __DUMMY__ 0.06579053604822283	false	0.5
stur	neg 1.0		off 0.49049111579613397 neg 0.4437002563669816 __DUMMY__ 0.06580862783688432	false	0.5
aufruhr	neg 1.0	neg 1.0	neg 0.7067633970603049 off 0.2617829022093278 __DUMMY__ 0.03145370073036728	false	1.0
melancholie	neg 1.0		off 0.4833056426924299 neg 0.45058630348611917 __DUMMY__ 0.06610805382145078	false	0.5
ist			off 0.49092266253115785 neg 0.443305276561416 __DUMMY__ 0.06577206090742609	false	0.0
torheit	neg 1.0		off 0.49058566247784396 neg 0.44361325369721805 __DUMMY__ 0.06580108382493793	false	0.5
dreckskind	off 1.0		off 0.5010727144433731 neg 0.43471914200956757 __DUMMY__ 0.06420814354705934	false	1.0
umtauschen	neg 1.0		off 0.4888026337538718 neg 0.44521935413878205 __DUMMY__ 0.06597801210734607	false	0.5
zum			off 0.4863933775453406 neg 0.4461101322498635 __DUMMY__ 0.06749649020479588	false	0.0
zersetzen	neg 1.0		off 0.4843469891441849 neg 0.4494024102700559 __DUMMY__ 0.06625060058575911	false	0.5
zur			off 0.48310132882063184 neg 0.4499209380248188 __DUMMY__ 0.06697773315454948	false	0.0
frust	neg 1.0		off 0.48755400484133965 neg 0.4462627202139839 __DUMMY__ 0.06618327494467656	false	0.5
unerbittlichkeit	neg 1.0		off 0.4867309301361538 neg 0.4468347287660645 __DUMMY__ 0.06643434109778171	false	0.5
zwei			off 0.48321389354128536 neg 0.44968843181364665 __DUMMY__ 0.06709767464506798	false	0.0
unkorrekt	neg 1.0		off 0.49609414317050926 neg 0.4388009286466882 __DUMMY__ 0.06510492818280265	false	0.5
hexe	off 1.0		off 0.4906907250137957 neg 0.4443602780097632 __DUMMY__ 0.0649489969764412	false	1.0
lasch	neg 1.0		off 0.49392225057372036 neg 0.4404721063325196 __DUMMY__ 0.06560564309376016	false	0.5
rivale	neg 1.0		off 0.49751548676726887 neg 0.4374800379590822 __DUMMY__ 0.06500447527364875	false	0.5
mutlos	off 1.0	off 1.0	off 0.7299274252848906 neg 0.23854663507544316 __DUMMY__ 0.031525939639666205	false	1.0
wirr	off 1.0		off 0.4971156514024203 neg 0.43808400483273496 __DUMMY__ 0.06480034376484459	false	1.0
jahr			off 0.4895594023771106 neg 0.4433742462191641 __DUMMY__ 0.06706635140372522	false	0.0
wird			off 0.48739431250018567 neg 0.446271722011861 __DUMMY__ 0.0663339654879533	false	0.0
strafbar	neg 1.0		off 0.4869648587458981 neg 0.4465490278516596 __DUMMY__ 0.06648611340244226	false	0.5
erosion	neg 1.0		off 0.49013280019125127 neg 0.44387275231644807 __DUMMY__ 0.06599444749230056	false	0.5
eingehen	neg 1.0		off 0.48532248901037855 neg 0.4484737304944256 __DUMMY__ 0.06620378049519587	false	0.5
faul	off 1.0		off 0.49354833475774573 neg 0.4409233903427567 __DUMMY__ 0.06552827489949763	false	1.0
provisorium	neg 1.0		off 0.48160447959355274 neg 0.4508428945077173 __DUMMY__ 0.06755262589872987	false	0.5
schmerzen	neg 1.0		off 0.4875708446532384 neg 0.4465094291566318 __DUMMY__ 0.06591972619012985	false	0.5
schrumpfen	neg 1.0		off 0.48018579140435685 neg 0.4533164999586174 __DUMMY__ 0.0664977086370258	false	0.5
geistlos	off 1.0		off 0.4907969630390773 neg 0.4437992637965899 __DUMMY__ 0.06540377316433275	false	1.0
fehlkauf	neg 1.0		off 0.4910790218880461 neg 0.44337269756227543 __DUMMY__ 0.06554828054967854	false	0.5
frustrierend	neg 1.0		off 0.49250102558484166 neg 0.4420084161817125 __DUMMY__ 0.06549055823344595	false	0.5
unzufrieden	neg 1.0		off 0.4875938969515836 neg 0.4461838910553088 __DUMMY__ 0.06622221199310753	false	0.5
verzweifeln	neg 1.0		off 0.48886126340931 neg 0.44502444919834555 __DUMMY__ 0.06611428739234453	false	0.5
verzweifelt	neg 1.0		off 0.49042671192235254 neg 0.4437824017751019 __DUMMY__ 0.06579088630254538	false	0.5
misstrauensantrag	neg 1.0		off 0.49090744048528545 neg 0.44344945742388975 __DUMMY__ 0.06564310209082473	false	0.5
abfallen	neg 1.0		off 0.488985782831465 neg 0.4451804700878174 __DUMMY__ 0.06583374708071763	false	0.5
fucker	off 1.0		off 0.497463555531197 neg 0.43736967675378075 __DUMMY__ 0.06516676771502233	false	1.0
ungezogen	neg 1.0		off 0.50281688982091 neg 0.4329585905786905 __DUMMY__ 0.06422451960039943	false	0.5
irrsinnig	neg 1.0	neg 1.0	neg 0.7072744299904336 off 0.26143248586601875 __DUMMY__ 0.031293084143547714	false	1.0
unfassbar	neg 1.0		off 0.4953131162051288 neg 0.43928324279441444 __DUMMY__ 0.06540364100045669	false	0.5
hart	neg 1.0		off 0.49064684642702194 neg 0.4447707356905051 __DUMMY__ 0.06458241788247297	false	0.5
widerlich	off 1.0		off 0.49515861008895606 neg 0.4396056450726306 __DUMMY__ 0.06523574483841323	false	1.0
fatal	neg 1.0	neg 1.0	neg 0.707784363842905 off 0.2611963052089425 __DUMMY__ 0.0310193309481526	false	1.0
bruch	neg 1.0		off 0.48462352037316614 neg 0.4485652891796699 __DUMMY__ 0.06681119044716406	false	0.5
aushungern	neg 1.0		off 0.48759588339631293 neg 0.44644970712077114 __DUMMY__ 0.06595440948291578	false	0.5
anspannung	neg 1.0		off 0.48394169325529535 neg 0.4488674192353138 __DUMMY__ 0.06719088750939095	false	0.5
von			off 0.48513291601305925 neg 0.44831024639906725 __DUMMY__ 0.06655683758787344	false	0.0
kraftlos	neg 1.0		off 0.4869183419802824 neg 0.446856897244496 __DUMMY__ 0.06622476077522163	false	0.5
vom			off 0.4835025070539637 neg 0.44876018116784155 __DUMMY__ 0.06773731177819471	false	0.0
grenzdebil	off 1.0		off 0.49451813998776717 neg 0.44028689986770914 __DUMMY__ 0.06519496014452375	false	1.0
vor			off 0.4842930393185106 neg 0.44899664229092434 __DUMMY__ 0.06671031839056524	false	0.0
unterwerfen	neg 1.0		off 0.4876351141994352 neg 0.44592136360902807 __DUMMY__ 0.06644352219153665	false	0.5
versenkung	neg 1.0		off 0.4870152496007501 neg 0.4464916233745267 __DUMMY__ 0.06649312702472313	false	0.5
entziehen	neg 1.0		off 0.48444423541798354 neg 0.44900778317578804 __DUMMY__ 0.06654798140622847	false	0.5
finanzkrise	neg 1.0		off 0.4837920911662402 neg 0.45109897870538235 __DUMMY__ 0.06510893012837754	false	0.5
schimpfend	neg 1.0		off 0.4914847207546296 neg 0.4424561518149173 __DUMMY__ 0.06605912743045313	false	0.5
profan	neg 1.0		off 0.49112256496271073 neg 0.4432546989427001 __DUMMY__ 0.06562273609458918	false	0.5
korruption	neg 1.0		off 0.48622391276337423 neg 0.4479046613491771 __DUMMY__ 0.06587142588744864	false	0.5
â			off 0.4867438542110206 neg 0.4470762226187164 __DUMMY__ 0.06617992317026299	false	0.0
schmutzig	neg 1.0		off 0.4950716262878356 neg 0.4396810785649553 __DUMMY__ 0.06524729514720916	false	0.5
sexy	neg 1.0		off 0.4934397979384737 neg 0.44092642218784084 __DUMMY__ 0.06563377987368549	false	0.5
abraten	neg 1.0		off 0.49153031194540425 neg 0.4426675205273511 __DUMMY__ 0.06580216752724463	false	0.5
schwarz	neg 1.0		off 0.49166992837321266 neg 0.4425904817486688 __DUMMY__ 0.0657395898781186	false	0.5
fotze	off 1.0	off 1.0	off 0.7303674162353033 neg 0.23813623847022775 __DUMMY__ 0.031496345294468965	false	1.0
verwirren	neg 1.0		off 0.4920344287074398 neg 0.4422560543779122 __DUMMY__ 0.06570951691464812	false	0.5
zahnlos	off 1.0		off 0.4884733004764576 neg 0.44539610939039503 __DUMMY__ 0.06613059013314733	false	1.0
verheeren	neg 1.0		off 0.504417099188114 neg 0.43140101839939493 __DUMMY__ 0.0641818824124911	false	0.5
hippie	neg 1.0		off 0.49266050743544115 neg 0.44174906821131504 __DUMMY__ 0.06559042435324375	false	0.5
rammen	neg 1.0		off 0.4897173086542828 neg 0.4444623838350549 __DUMMY__ 0.06582030751066231	false	0.5
unlauter	neg 1.0		off 0.4903099241820185 neg 0.44414695732956777 __DUMMY__ 0.0655431184884136	false	0.5
unheilvoll	neg 1.0		off 0.48968264723760624 neg 0.444645954097271 __DUMMY__ 0.06567139866512288	false	0.5
niedrig	neg 1.0		off 0.4851231156297525 neg 0.44892313118175564 __DUMMY__ 0.06595375318849196	false	0.5
explosion	neg 1.0		off 0.49284069158005206 neg 0.4415220522107598 __DUMMY__ 0.0656372562091881	false	0.5
weichei	off 1.0	off 1.0	off 0.7357826537909193 neg 0.2336352352055476 __DUMMY__ 0.03058211100353295	false	1.0
minusmensch	off 1.0		off 0.5026474853422827 neg 0.43338683829157276 __DUMMY__ 0.06396567636614464	false	1.0
farblos	neg 1.0		off 0.4902099158938216 neg 0.44405393858445785 __DUMMY__ 0.06573614552172062	false	0.5
unwissend	neg 1.0	neg 1.0	neg 0.7057052279011871 off 0.26323977253021585 __DUMMY__ 0.031054999568597228	false	1.0
traurig	neg 1.0		off 0.4973352558820003 neg 0.43757300850469716 __DUMMY__ 0.06509173561330256	false	0.5
senkung	neg 1.0		off 0.4890093081242152 neg 0.4458753022463849 __DUMMY__ 0.06511538962939974	false	0.5
ungleich	neg 1.0	neg 1.0	neg 0.708927608814265 off 0.25953230599283555 __DUMMY__ 0.03154008519289945	false	1.0
heikel	neg 1.0		off 0.4858679242961215 neg 0.4477178100693308 __DUMMY__ 0.06641426563454765	false	0.5
drosselung	neg 1.0		off 0.49205440487215385 neg 0.4432098094888907 __DUMMY__ 0.06473578563895557	false	0.5
falsch	neg 1.0		off 0.4937862415042015 neg 0.4405838355288214 __DUMMY__ 0.065629922966977	false	0.5
unzufriedenheit	neg 1.0		off 0.4839316212210928 neg 0.449890106613655 __DUMMY__ 0.06617827216525224	false	0.5
kurz	neg 1.0		off 0.4888218451334262 neg 0.4448137813875828 __DUMMY__ 0.06636437347899103	false	0.5
unsinnig	neg 1.0		off 0.4874270575974316 neg 0.44673568861069307 __DUMMY__ 0.0658372537918754	false	0.5
penner	off 1.0	off 1.0	off 0.7371790969789513 neg 0.2322493820260737 __DUMMY__ 0.03057152099497497	false	1.0
seicht	neg 1.0		off 0.5002613637603205 neg 0.4357221045133959 __DUMMY__ 0.06401653172628372	false	0.5
dummheit	off 1.0	off 1.0	off 0.732163743751846 neg 0.2366999766204109 __DUMMY__ 0.03113627962774303	false	1.0
unerfreulich	neg 1.0		off 0.4851707211268081 neg 0.44844642599527884 __DUMMY__ 0.06638285287791328	false	0.5
motherfucker	off 1.0	off 1.0	off 0.7349566022497829 neg 0.23410023320225182 __DUMMY__ 0.03094316454796547	false	1.0
pikiert	neg 1.0		off 0.49380218911826684 neg 0.4409153407432271 __DUMMY__ 0.06528247013850609	false	0.5
wrack	neg 1.0		off 0.4919169632117561 neg 0.44129263396134916 __DUMMY__ 0.06679040282689465	false	0.5
gangster	neg 1.0		off 0.49279692599042324 neg 0.4416445699918181 __DUMMY__ 0.06555850401775866	false	0.5
krank	neg 1.0		off 0.49592401559397825 neg 0.4386827931985087 __DUMMY__ 0.06539319120751307	false	0.5
reich	neg 1.0		off 0.49047714213009197 neg 0.4445089900189257 __DUMMY__ 0.06501386785098233	false	0.5
gnadenlos	neg 1.0		off 0.4909965584169747 neg 0.44304349250376446 __DUMMY__ 0.06595994907926091	false	0.5
niedergeschlagen	neg 1.0		off 0.4890146170672836 neg 0.4445119163777183 __DUMMY__ 0.066473466554998	false	0.5
terrorisieren	off 1.0	off 1.0	off 0.7299586068434611 neg 0.23836350693150146 __DUMMY__ 0.0316778862250373	false	1.0
sinnlosigkeit	neg 1.0		off 0.48784647992206326 neg 0.4460100608455417 __DUMMY__ 0.06614345923239524	false	0.5
behindern	neg 1.0		off 0.4887011631370636 neg 0.4454307037393462 __DUMMY__ 0.06586813312359023	false	0.5
undemokratisch	neg 1.0		off 0.49071823869491676 neg 0.44372075516030557 __DUMMY__ 0.06556100614477757	false	0.5
wirtschaftskrise	neg 1.0		off 0.4845412079326389 neg 0.44976959210618106 __DUMMY__ 0.06568919996118001	false	0.5
neid	neg 1.0		off 0.49263180195847206 neg 0.44176407171076626 __DUMMY__ 0.06560412633076163	false	0.5
rutschen	neg 1.0		off 0.48259091224724465 neg 0.4503479845056544 __DUMMY__ 0.06706110324710082	false	0.5
rezession	neg 1.0		off 0.4929723429670258 neg 0.44271541379044044 __DUMMY__ 0.06431224324253369	false	0.5
fehlgeburt	neg 1.0		off 0.49128122528763757 neg 0.4426126785547787 __DUMMY__ 0.06610609615758359	false	0.5
charakterschwach	off 1.0		off 0.49412097982811964 neg 0.44069065135402685 __DUMMY__ 0.0651883688178534	false	1.0
isolation	neg 1.0		off 0.4942189068141635 neg 0.4400679337330692 __DUMMY__ 0.06571315945276725	false	0.5
ablenkung	neg 1.0		off 0.4899511421064592 neg 0.4439424068653959 __DUMMY__ 0.06610645102814493	false	0.5
pech	neg 1.0		off 0.4929497767405002 neg 0.4416240893435624 __DUMMY__ 0.06542613391593731	false	0.5
vermeidung	neg 1.0		off 0.4940986794385556 neg 0.44079510524194504 __DUMMY__ 0.06510621531949932	false	0.5
dominieren	neg 1.0		off 0.4884227395565699 neg 0.4454428353662292 __DUMMY__ 0.06613442507720091	false	0.5
schwindlig	neg 1.0		off 0.49069663399988195 neg 0.44366606367308425 __DUMMY__ 0.06563730232703391	false	0.5
lutscher	neg 1.0	neg 1.0	neg 0.7019679070558588 off 0.26777300513778346 __DUMMY__ 0.03025908780635767	false	1.0
pflicht	neg 1.0		off 0.4854223282815586 neg 0.44790618672089666 __DUMMY__ 0.06667148499754463	false	0.5
faschist	off 1.0		off 0.4938483302526573 neg 0.44047197775285 __DUMMY__ 0.06567969199449265	false	1.0
verschleudern	neg 1.0		off 0.4832250114500068 neg 0.45098442623929375 __DUMMY__ 0.06579056231069955	false	0.5
wenn			off 0.49377693677204315 neg 0.4407656663550048 __DUMMY__ 0.06545739687295213	false	0.0
ehebruch	neg 1.0		off 0.4874497603675377 neg 0.4462658915266306 __DUMMY__ 0.0662843481058317	false	0.5
spott	off 1.0		off 0.4880561356360507 neg 0.4455228371101407 __DUMMY__ 0.06642102725380863	false	1.0
trostlosigkeit	neg 1.0		off 0.48252859595917313 neg 0.4512447520353861 __DUMMY__ 0.0662266520054406	false	0.5
lutschen	neg 1.0		off 0.4926736584351346 neg 0.4419315791365225 __DUMMY__ 0.06539476242834294	false	0.5
undiszipliniert	neg 1.0		off 0.4963479303269747 neg 0.43855438567339694 __DUMMY__ 0.06509768399962827	false	0.5
kopfschmerz	neg 1.0		off 0.4841420363054845 neg 0.45000054884877 __DUMMY__ 0.06585741484574544	false	0.5
unvorhergesehen	neg 1.0		off 0.4862715443534825 neg 0.4470015137687509 __DUMMY__ 0.06672694187776661	false	0.5
desinteressiert	neg 1.0		off 0.49562185325566116 neg 0.43924044307371574 __DUMMY__ 0.06513770367062309	false	0.5
armselig	off 1.0		off 0.4982672958270549 neg 0.43670842428112416 __DUMMY__ 0.06502427989182086	false	1.0
desaster	neg 1.0		off 0.48348931186916766 neg 0.45001144270739324 __DUMMY__ 0.06649924542343912	false	0.5
tod	neg 1.0		off 0.4869964232713771 neg 0.44660205443471385 __DUMMY__ 0.06640152229390904	false	0.5
herzlos	neg 1.0		off 0.4975576863373044 neg 0.43740739036250326 __DUMMY__ 0.06503492330019241	false	0.5
unwissenheit	neg 1.0		off 0.4874175702663626 neg 0.4464340913663245 __DUMMY__ 0.06614833836731285	false	0.5
widersinnig	neg 1.0		off 0.4867136995631015 neg 0.4475878163099967 __DUMMY__ 0.06569848412690171	false	0.5
bedenklich	neg 1.0		off 0.4859911478897978 neg 0.4478772809373605 __DUMMY__ 0.06613157117284171	false	0.5
beanstanden	neg 1.0		off 0.4866661427823936 neg 0.4466247037119713 __DUMMY__ 0.06670915350563514	false	0.5
panisch	neg 1.0		off 0.4922358021868065 neg 0.44183906261707584 __DUMMY__ 0.06592513519611767	false	0.5
debil	off 1.0		off 0.4796801255324758 neg 0.4532425523577992 __DUMMY__ 0.06707732210972511	false	1.0
abstrich	neg 1.0		off 0.48753590968791605 neg 0.4465316335158085 __DUMMY__ 0.06593245679627549	false	0.5
primitiv	neg 1.0		off 0.4961750320963212 neg 0.438629898071821 __DUMMY__ 0.06519506983185781	false	0.5
abschaum	off 1.0	off 1.0	off 0.7346126492972564 neg 0.23421582141619876 __DUMMY__ 0.031171529286544895	false	1.0
provozieren	neg 1.0		off 0.49045050096690634 neg 0.4436876287107765 __DUMMY__ 0.06586187032231723	false	0.5
tot	neg 1.0		off 0.4862133238978075 neg 0.4478859560021367 __DUMMY__ 0.06590072010005575	false	0.5
instabil	neg 1.0		off 0.4964612999565744 neg 0.438877842981442 __DUMMY__ 0.06466085706198359	false	0.5
schwuchtel	off 1.0	off 1.0	off 0.7400056196951957 neg 0.22992054008140034 __DUMMY__ 0.03007384022340393	false	1.0
zerren	neg 1.0		off 0.4881868573858541 neg 0.445440219658176 __DUMMY__ 0.06637292295596993	false	0.5
kinderficker	off 1.0		off 0.5002054854701279 neg 0.4350381693558718 __DUMMY__ 0.06475634517400039	false	1.0
gefahr	neg 1.0		off 0.48628680766411264 neg 0.44702622242428125 __DUMMY__ 0.06668696991160603	false	0.5
rabiat	neg 1.0		off 0.4887154006137582 neg 0.4452758428634824 __DUMMY__ 0.06600875652275941	false	0.5
verlangsamung	neg 1.0		off 0.500036933533872 neg 0.43564725723018655 __DUMMY__ 0.06431580923594134	false	0.5
ausgestorben	neg 1.0		off 0.48886593040174203 neg 0.4449931035181806 __DUMMY__ 0.06614096608007734	false	0.5
anklagen	neg 1.0		off 0.488932931006473 neg 0.44486543734110606 __DUMMY__ 0.06620163165242096	false	0.5
trott	neg 1.0		off 0.4895993218972875 neg 0.44443462251092936 __DUMMY__ 0.0659660555917831	false	0.5
verminderung	neg 1.0		off 0.4945258534135813 neg 0.44032048110006217 __DUMMY__ 0.06515366548635654	false	0.5
nach			off 0.4825419477377643 neg 0.4501094177879598 __DUMMY__ 0.06734863447427582	false	0.0
rost	neg 1.0		off 0.5044455459910105 neg 0.43086221943505326 __DUMMY__ 0.06469223457393615	false	0.5
destruktiv	neg 1.0		off 0.48895806125139335 neg 0.4451592402444671 __DUMMY__ 0.06588269850413953	false	0.5
unzumutbarkeit	neg 1.0		off 0.4944180788924773 neg 0.4404104094398708 __DUMMY__ 0.06517151166765184	false	0.5
labil	off 1.0	off 1.0	off 0.7333745077868274 neg 0.23555470985971974 __DUMMY__ 0.031070782353452796	false	1.0
ziemlich	neg 1.0		off 0.49516931187328506 neg 0.43937933911718685 __DUMMY__ 0.06545134900952806	false	0.5
lachnummer	off 1.0		off 0.4910000678034718 neg 0.4429341903234033 __DUMMY__ 0.06606574187312486	false	1.0
oder			off 0.4907912509674987 neg 0.44316505850825355 __DUMMY__ 0.06604369052424772	false	0.0
verfall	neg 1.0		off 0.48057105073271306 neg 0.4529063695829146 __DUMMY__ 0.06652257968437252	false	0.5
ausgrenzung	neg 1.0		off 0.49031883893864453 neg 0.44416559880609774 __DUMMY__ 0.0655155622552578	false	0.5
unordnung	neg 1.0		off 0.49777470086093467 neg 0.4374719914346908 __DUMMY__ 0.06475330770437449	false	0.5
fehlverhalten	neg 1.0		off 0.4862692181425883 neg 0.44734198734893144 __DUMMY__ 0.06638879450848043	false	0.5
eine			off 0.48411726284314455 neg 0.44933605027808005 __DUMMY__ 0.06654668687877538	false	0.0
nille	neg 1.0		off 0.4899979877584235 neg 0.4440506987749879 __DUMMY__ 0.06595131346658865	false	0.5
qual	neg 1.0		off 0.48901627862919317 neg 0.4450297298095584 __DUMMY__ 0.06595399156124841	false	0.5
verschwenden	neg 1.0		off 0.4844326408069867 neg 0.44940961760914266 __DUMMY__ 0.06615774158387058	false	0.5
riesig	neg 1.0		off 0.4869082392347058 neg 0.44668104673245534 __DUMMY__ 0.066410714032839	false	0.5
verurteilen	neg 1.0		off 0.48840792142880773 neg 0.44539838200679527 __DUMMY__ 0.0661936965643971	false	0.5
klischee	neg 1.0	neg 1.0	neg 0.7062756770794388 off 0.26263773467682544 __DUMMY__ 0.031086588243735707	false	1.0
diktatorisch	neg 1.0		off 0.49066652430181634 neg 0.44380616060074507 __DUMMY__ 0.06552731509743853	false	0.5
vorhersehbar	neg 1.0		off 0.49127127317225516 neg 0.4432696847964071 __DUMMY__ 0.0654590420313376	false	0.5
sowie			off 0.4977645884729774 neg 0.43771361279559456 __DUMMY__ 0.06452179873142799	false	0.0
stornieren	neg 1.0		off 0.4957773559584497 neg 0.4379878910435916 __DUMMY__ 0.06623475299795875	false	0.5
besteuerung	neg 1.0	neg 1.0	neg 0.7094515138474594 off 0.2595703895094441 __DUMMY__ 0.0309780966430965	false	1.0
ungeschminkt	neg 1.0		off 0.4954343673225411 neg 0.43951880745752997 __DUMMY__ 0.06504682521992886	false	0.5
kritisch	neg 1.0		off 0.4876206523059447 neg 0.446184733789249 __DUMMY__ 0.06619461390480628	false	0.5
schlamperei	off 1.0		off 0.48647484074677955 neg 0.4472158694150422 __DUMMY__ 0.06630928983817831	false	1.0
sucht	neg 1.0	neg 1.0	neg 0.7063985714128846 off 0.26223848939258787 __DUMMY__ 0.0313629391945276	false	1.0
egoistisch	off 1.0	off 1.0	off 0.7368718504721338 neg 0.2323400093608501 __DUMMY__ 0.03078814016701617	false	1.0
ausbeuter	off 1.0		off 0.4844025381426322 neg 0.44945542195571225 __DUMMY__ 0.06614203990165557	false	1.0
arschgeburt	off 1.0		off 0.5053885147725098 neg 0.43117520079158966 __DUMMY__ 0.06343628443590063	false	1.0
schubs	neg 1.0		off 0.48517390384108944 neg 0.4488733163983262 __DUMMY__ 0.06595277976058428	false	0.5
unsolide	neg 1.0		off 0.4924352242803011 neg 0.44188458719837415 __DUMMY__ 0.06568018852132468	false	0.5
beschwerde	neg 1.0		off 0.4885031621013915 neg 0.4452525834260026 __DUMMY__ 0.06624425447260589	false	0.5
stocken	neg 1.0		off 0.4865839252372648 neg 0.44720793688803345 __DUMMY__ 0.06620813787470164	false	0.5
isolieren	neg 1.0		off 0.4864921015534462 neg 0.44756770719438715 __DUMMY__ 0.06594019125216663	false	0.5
unheilbar	neg 1.0		off 0.49014643890294635 neg 0.44384280208717364 __DUMMY__ 0.06601075900987992	false	0.5
pisser	off 1.0	off 1.0	off 0.7352234110164376 neg 0.23391328176145385 __DUMMY__ 0.030863307222108453	false	1.0
löschen	neg 1.0		off 0.4897514697021381 neg 0.4444094969252984 __DUMMY__ 0.06583903337256349	false	0.5
durchfallen	neg 1.0		off 0.4877980862191755 neg 0.44593914555293795 __DUMMY__ 0.06626276822788658	false	0.5
wichser	off 1.0	off 1.0	off 0.7385480428873259 neg 0.23107242395297728 __DUMMY__ 0.030379533159696902	false	1.0
terror	neg 1.0		off 0.49246521371573077 neg 0.4419355909705044 __DUMMY__ 0.06559919531376483	false	0.5
krass	neg 1.0		off 0.498480502969194 neg 0.43676230422114426 __DUMMY__ 0.0647571928096619	false	0.5
revolte	neg 1.0		off 0.4910442642769056 neg 0.44372211469544465 __DUMMY__ 0.06523362102764976	false	0.5
besorgt	neg 1.0		off 0.48951435729979415 neg 0.4440398773733771 __DUMMY__ 0.0664457653268288	false	0.5
nachlassen	neg 1.0		off 0.4875334858846981 neg 0.44610507500407637 __DUMMY__ 0.06636143911122572	false	0.5
alt	neg 1.0		off 0.48315127270664515 neg 0.45115003427638983 __DUMMY__ 0.06569869301696506	false	0.5
hundesohn	off 1.0	off 1.0	off 0.7375469024038204 neg 0.23209295190731433 __DUMMY__ 0.030360145688865293	false	1.0
als			off 0.4873699056336593 neg 0.44653460317979116 __DUMMY__ 0.06609549118654952	false	0.0
abschreckung	neg 1.0		off 0.4852914277969326 neg 0.44828399968185706 __DUMMY__ 0.06642457252121037	false	0.5
unqualifiziert	neg 1.0		off 0.49401196208580367 neg 0.440428858387842 __DUMMY__ 0.06555917952635423	false	0.5
abgewichst	off 1.0		off 0.48966303185644955 neg 0.4442846696533192 __DUMMY__ 0.06605229849023128	false	1.0
schwer	neg 1.0		off 0.4892803385218061 neg 0.4446634078224486 __DUMMY__ 0.06605625365574525	false	0.5
bedeutungslosigkeit	neg 1.0		off 0.48566239596702493 neg 0.4479715174971407 __DUMMY__ 0.06636608653583424	false	0.5
kapitulation	neg 1.0		off 0.4858477763561437 neg 0.4481823956133265 __DUMMY__ 0.06596982803052985	false	0.5
unscharf	neg 1.0		off 0.48809393454176864 neg 0.4467669584176059 __DUMMY__ 0.06513910704062557	false	0.5
schwinden	neg 1.0		off 0.48373407691667897 neg 0.45022031039934685 __DUMMY__ 0.06604561268397419	false	0.5
versklavung	neg 1.0	neg 1.0	neg 0.7077211896632009 off 0.2611399865149889 __DUMMY__ 0.031138823821810296	false	1.0
schlecht	neg 1.0		off 0.4958311253045238 neg 0.4386424555946781 __DUMMY__ 0.06552641910079823	false	0.5
verhasst	neg 1.0		off 0.49099191283194743 neg 0.443231024477297 __DUMMY__ 0.06577706269075564	false	0.5
beschweren	neg 1.0		off 0.4923761513830919 neg 0.4416858719027379 __DUMMY__ 0.06593797671417018	false	0.5
scheiden	neg 1.0		off 0.48946969360392983 neg 0.4446285300148625 __DUMMY__ 0.06590177638120764	false	0.5
frustriert	neg 1.0		off 0.48872257489303267 neg 0.44511193722649206 __DUMMY__ 0.06616548788047509	false	0.5
schimmelig	neg 1.0		off 0.4844671818314019 neg 0.4497327867275604 __DUMMY__ 0.06580003144103766	false	0.5
fisch	neg 1.0		off 0.4806741783919847 neg 0.4533715744554671 __DUMMY__ 0.06595424715254808	false	0.5
schmuggel	neg 1.0		off 0.48627000135672444 neg 0.4468992514153849 __DUMMY__ 0.06683074722789073	false	0.5
auffallen	neg 1.0		off 0.49205752240521583 neg 0.4421705640247588 __DUMMY__ 0.06577191357002529	false	0.5
konkurrenz	neg 1.0		off 0.48655311785321725 neg 0.44682345111017097 __DUMMY__ 0.06662343103661196	false	0.5
teufelskreis	neg 1.0	neg 1.0	neg 0.7088997954287267 off 0.2598360136197427 __DUMMY__ 0.03126419095153064	false	1.0
aufschreien	neg 1.0		off 0.49168502668114855 neg 0.4427577990779965 __DUMMY__ 0.0655571742408549	false	0.5
schuldner	neg 1.0		off 0.4826187379442092 neg 0.45147737507173735 __DUMMY__ 0.06590388698405329	false	0.5
missgeburt	off 1.0	off 1.0	off 0.7377544121730786 neg 0.23164441118624374 __DUMMY__ 0.030601176640677717	false	1.0
arbeitslos	neg 1.0		off 0.4873078498306231 neg 0.44647777035744235 __DUMMY__ 0.06621437981193448	false	0.5
befallen	neg 1.0		off 0.4858304041055428 neg 0.44859095398073223 __DUMMY__ 0.06557864191372495	false	0.5
miesepetrig	off 1.0	off 1.0	off 0.7335629032286113 neg 0.23534817110953427 __DUMMY__ 0.031088925661854512	false	1.0
alarmieren	neg 1.0		off 0.4947014025064323 neg 0.4397339076562381 __DUMMY__ 0.06556468983732962	false	0.5
ungeduscht	off 1.0		off 0.4924843177237401 neg 0.4422252156558536 __DUMMY__ 0.06529046662040631	false	1.0
knappheit	neg 1.0		off 0.4848560777255771 neg 0.4494267382330494 __DUMMY__ 0.06571718404137358	false	0.5
schlange	neg 1.0		off 0.4905751409083394 neg 0.44339473343118363 __DUMMY__ 0.06603012566047688	false	0.5
harsch	neg 1.0		off 0.49942072020894257 neg 0.4355051741308321 __DUMMY__ 0.06507410566022528	false	0.5
lang	neg 1.0		off 0.49072104980301806 neg 0.4434690876879434 __DUMMY__ 0.06580986250903854	false	0.5
ziellos	neg 1.0		off 0.4865066617163617 neg 0.4470247075644457 __DUMMY__ 0.06646863071919265	false	0.5
selbstverliebt	neg 1.0		off 0.5049784921346067 neg 0.4309530628522177 __DUMMY__ 0.06406844501317555	false	0.5
beseitigen	neg 1.0		off 0.4908223454158762 neg 0.443003882297735 __DUMMY__ 0.06617377228638878	false	0.5
dumm	off 1.0		off 0.5003304197213851 neg 0.4351070301498459 __DUMMY__ 0.06456255012876896	false	1.0
arbeitsloser	neg 1.0		off 0.491274674677907 neg 0.44191559271855 __DUMMY__ 0.0668097326035431	false	0.5
blitzen	neg 1.0		off 0.49258523331436876 neg 0.4419766648542751 __DUMMY__ 0.06543810183135611	false	0.5
hilflos	neg 1.0		off 0.4873138218431345 neg 0.4465033969119253 __DUMMY__ 0.06618278124494027	false	0.5
eklig	off 1.0		off 0.4993787968676149 neg 0.4363293158552948 __DUMMY__ 0.06429188727709034	false	1.0
begriff			off 0.48949065900877714 neg 0.4444709369683704 __DUMMY__ 0.06603840402285235	false	0.0
hungersnot	neg 1.0		off 0.48617215537102443 neg 0.4479237399865826 __DUMMY__ 0.06590410464239295	false	0.5
ungesetzlich	neg 1.0		off 0.4910525087006215 neg 0.4433571258664018 __DUMMY__ 0.06559036543297665	false	0.5
verschwendung	neg 1.0		off 0.48525385597101817 neg 0.44843776611921726 __DUMMY__ 0.06630837790976458	false	0.5
schmerzvoll	neg 1.0		off 0.490118327578628 neg 0.4442064517237415 __DUMMY__ 0.06567522069763049	false	0.5
vorzeitig	neg 1.0		off 0.4952023306985694 neg 0.43923943652035363 __DUMMY__ 0.06555823278107688	false	0.5
unvollkommenheit	neg 1.0		off 0.4876773289635973 neg 0.44631501338557333 __DUMMY__ 0.0660076576508294	false	0.5
intervenieren	neg 1.0		off 0.48427751985400297 neg 0.44974192034317784 __DUMMY__ 0.0659805598028192	false	0.5
banause	off 1.0		off 0.49887509834215515 neg 0.4372947073163854 __DUMMY__ 0.06383019434145942	false	1.0
rebell	neg 1.0		off 0.4793414012768385 neg 0.454447880276749 __DUMMY__ 0.06621071844641253	false	0.5
unlogisch	neg 1.0		off 0.496351832906593 neg 0.4386727318823204 __DUMMY__ 0.06497543521108665	false	0.5
leiden	neg 1.0		off 0.4871079350127376 neg 0.4460285589176097 __DUMMY__ 0.06686350606965293	false	0.5
abschaffung	neg 1.0		off 0.4887289100087796 neg 0.4457541613560696 __DUMMY__ 0.06551692863515085	false	0.5
sturz	neg 1.0		off 0.4941489244974872 neg 0.43969354880536715 __DUMMY__ 0.06615752669714574	false	0.5
verkleinerung	neg 1.0		off 0.490091811298151 neg 0.4449437474516561 __DUMMY__ 0.06496444125019281	false	0.5
schmarotzer	off 1.0		off 0.4882374541811027 neg 0.445633098688815 __DUMMY__ 0.06612944713008231	false	1.0
bestrafung	neg 1.0	neg 1.0	neg 0.7068260642440808 off 0.2617743595830965 __DUMMY__ 0.03139957617282256	false	1.0
achtlos	neg 1.0		off 0.4893122345031331 neg 0.44444000962210634 __DUMMY__ 0.0662477558747604	false	0.5
ungeheuer	neg 1.0		off 0.48818306649262 neg 0.4462064771209256 __DUMMY__ 0.06561045638645424	false	0.5
unaufrichtig	neg 1.0		off 0.4939388306759689 neg 0.4405039677932636 __DUMMY__ 0.06555720153076766	false	0.5
groggy	neg 1.0		off 0.4932405479925451 neg 0.4410321285692114 __DUMMY__ 0.06572732343824339	false	0.5
