unsolidarisch	neg 1.0		__DUMMY__ 0.8701884413775709 off 0.06788084504380129 neg 0.06193071357862779	false	0.5
nachteilig	neg 1.0		__DUMMY__ 0.8775183980312316 off 0.06301860567835162 neg 0.05946299629041686	false	0.5
skeptisch	neg 1.0		__DUMMY__ 0.8774122007853343 off 0.06195638571672567 neg 0.06063141349794005	false	0.5
schrecklich	neg 1.0		__DUMMY__ 0.865398304481611 off 0.075703925828048 neg 0.058897769690341016	false	0.5
schlapp	neg 1.0	neg 1.0	neg 0.5152856373929103 __DUMMY__ 0.4303174873566257 off 0.054396875250463966	false	1.0
abfall	neg 1.0		__DUMMY__ 0.8821729642160402 neg 0.05902045916134456 off 0.0588065766226153	false	1.0
widerspenstig	neg 1.0		__DUMMY__ 0.8725457971370741 off 0.06573651798667911 neg 0.061717684876246695	false	0.5
abrupt	neg 1.0		__DUMMY__ 0.8760237480795726 neg 0.06285406624485214 off 0.06112218567557526	false	1.0
unwirksam	neg 1.0		__DUMMY__ 0.8665585617749734 off 0.06709193962019519 neg 0.06634949860483143	false	0.5
angreifen	neg 1.0		__DUMMY__ 0.8783469143581252 off 0.061469388543918486 neg 0.06018369709795623	false	0.5
inkonsistent	neg 1.0		__DUMMY__ 0.868732015001352 off 0.06901489467631218 neg 0.06225309032233576	false	0.5
abrutschen	neg 1.0		__DUMMY__ 0.8813995189016266 neg 0.0601209228425883 off 0.058479558255785206	false	1.0
unsicher	neg 1.0		__DUMMY__ 0.8745324350425172 off 0.06648267088671773 neg 0.058984894070765126	false	0.5
bauernkind	off 1.0	off 1.0	off 0.5287497701039328 __DUMMY__ 0.42183156821304185 neg 0.04941866168302551	false	1.0
angreifer	neg 1.0		__DUMMY__ 0.8743245229322346 off 0.07048151135938503 neg 0.05519396570838038	false	0.5
trennen	neg 1.0		__DUMMY__ 0.8794633936679583 off 0.06097718840655715 neg 0.05955941792548448	false	0.5
schmutz	neg 1.0		__DUMMY__ 0.8769076916733384 off 0.06926179784174966 neg 0.053830510484911887	false	0.5
inkonsistenz	neg 1.0		__DUMMY__ 0.8691728294547055 off 0.07164451427875568 neg 0.05918265626653877	false	0.5
erschreckend	neg 1.0		__DUMMY__ 0.873895489238097 off 0.06597942356782457 neg 0.06012508719407843	false	0.5
ertrinken	neg 1.0		__DUMMY__ 0.8770570468634883 neg 0.062122509828454235 off 0.06082044330805752	false	1.0
pickelface	off 1.0		__DUMMY__ 0.8725711908535136 off 0.06704923974670586 neg 0.06037956939978045	false	1.0
seiner			__DUMMY__ 0.8790116225377393 off 0.06170925994879658 neg 0.059279117513464104	false	0.0
lauch	neg 1.0	neg 1.0	neg 0.5169524159864739 __DUMMY__ 0.43846117004987245 off 0.04458641396365361	false	1.0
unwichtig	neg 1.0		__DUMMY__ 0.869083125650737 off 0.07158523427521626 neg 0.05933164007404684	false	0.5
steuerhinterziehung	neg 1.0		__DUMMY__ 0.8727875733472811 off 0.06610806308362714 neg 0.06110436356909182	false	0.5
schock	neg 1.0		__DUMMY__ 0.8752180784558499 off 0.06483409543573512 neg 0.05994782610841502	false	0.5
beule	neg 1.0		__DUMMY__ 0.8658374177356944 off 0.07352493227967757 neg 0.060637649984628006	false	0.5
vergelten	neg 1.0		__DUMMY__ 0.8652201740099986 off 0.07682135500920594 neg 0.057958470980795415	false	0.5
verdorbenheit	neg 1.0		__DUMMY__ 0.872885252863714 off 0.06732907453647222 neg 0.059785672599813745	false	0.5
trauma	neg 1.0		__DUMMY__ 0.8711881321338995 off 0.06802113825302984 neg 0.06079072961307074	false	0.5
sinnlos	neg 1.0		__DUMMY__ 0.8717330409406747 off 0.0686335617007426 neg 0.05963339735858271	false	0.5
fettsack	off 1.0	off 1.0	off 0.5298867224659162 __DUMMY__ 0.42220691190530796 neg 0.047906365628775906	false	1.0
feige	off 1.0	off 1.0	off 0.5253585173666835 __DUMMY__ 0.4290325678246737 neg 0.04560891480864279	false	1.0
abdanken	neg 1.0		__DUMMY__ 0.8756018033658783 off 0.06649370444637138 neg 0.05790449218775032	false	0.5
wichtigtuer	off 1.0	off 1.0	off 0.5228119378579845 __DUMMY__ 0.432692341307667 neg 0.044495720834348475	false	1.0
misslingen	neg 1.0		__DUMMY__ 0.8754232927777295 off 0.06774567433561181 neg 0.05683103288665885	false	0.5
untreu	off 1.0		__DUMMY__ 0.8677951025461579 off 0.07284541398858742 neg 0.0593594834652547	false	1.0
missmutig	neg 1.0		__DUMMY__ 0.8697130928641297 off 0.07018941365520232 neg 0.060097493480668056	false	0.5
hurenbock	off 1.0		__DUMMY__ 0.8673641093694784 off 0.06645575983647119 neg 0.06618013079405038	false	1.0
betrunken	neg 1.0		__DUMMY__ 0.8660396626564799 off 0.07452178892656797 neg 0.059438548416952154	false	0.5
korrupt	off 1.0		__DUMMY__ 0.8722069552586926 off 0.06576605984977998 neg 0.0620269848915274	false	1.0
unmut	neg 1.0		__DUMMY__ 0.8793124752671808 neg 0.06044539511810146 off 0.06024212961471776	false	1.0
hackfresse	off 1.0		__DUMMY__ 0.8608997109368954 off 0.08028559855161482 neg 0.05881469051148976	false	1.0
aufblasen	neg 1.0		__DUMMY__ 0.8731289656640501 off 0.06675324215197687 neg 0.060117792183973076	false	0.5
gewaltsam	neg 1.0		__DUMMY__ 0.8760203351977869 off 0.0662665638555854 neg 0.05771310094662779	false	0.5
unbeliebtheit	neg 1.0		__DUMMY__ 0.8682812245332984 off 0.07294092090687343 neg 0.05877785455982814	false	0.5
sturheit	neg 1.0		__DUMMY__ 0.8759100387020048 off 0.06598568949402026 neg 0.05810427180397491	false	0.5
kuh	neg 1.0		__DUMMY__ 0.8608278215994312 neg 0.06991445639576867 off 0.06925772200480014	false	1.0
erschrecken	neg 1.0		__DUMMY__ 0.8699657335393637 off 0.07062641889824336 neg 0.059407847562392965	false	0.5
opfer	neg 1.0		__DUMMY__ 0.879921270039766 off 0.06335532382735683 neg 0.056723406132877206	false	0.5
sinken	neg 1.0		__DUMMY__ 0.8766766391750586 neg 0.06273027172624407 off 0.06059308909869744	false	1.0
stinktier	neg 1.0		__DUMMY__ 0.8566928867996749 off 0.07796413533015538 neg 0.0653429778701696	false	0.5
tucke	off 1.0		__DUMMY__ 0.8539124392738432 off 0.08224566096809154 neg 0.06384189975806527	false	1.0
ein			__DUMMY__ 0.8714446797276001 off 0.06543716916726902 neg 0.0631181511051309	false	0.0
abstieg	neg 1.0		__DUMMY__ 0.8798022213252183 off 0.06455925438095014 neg 0.05563852429383153	false	0.5
missverstehen	neg 1.0		__DUMMY__ 0.87107945913788 off 0.06958868647613059 neg 0.05933185438598935	false	0.5
ergebnislos	neg 1.0		__DUMMY__ 0.8794170505975563 off 0.06301930889392582 neg 0.057563640508517984	false	0.5
unter			__DUMMY__ 0.8867123152475749 neg 0.058854455369839256 off 0.054433229382585914	false	0.0
manipulieren	neg 1.0		__DUMMY__ 0.8782476672556533 off 0.06241494189599651 neg 0.05933739084835012	false	0.5
unbewiesen	neg 1.0	neg 1.0	neg 0.515212784238606 __DUMMY__ 0.43311305711658227 off 0.051674158644811764	false	1.0
verschleppen	neg 1.0		__DUMMY__ 0.8758027172626424 off 0.06410096551836054 neg 0.060096317218997046	false	0.5
weib	off 1.0		__DUMMY__ 0.8562547807371172 off 0.08250843918749362 neg 0.06123678007538914	false	1.0
opposition	neg 1.0		__DUMMY__ 0.8704391286820982 off 0.06810112154922748 neg 0.0614597497686745	false	0.5
verkehrswidrig	neg 1.0		__DUMMY__ 0.8668025794133186 off 0.07694555549327894 neg 0.05625186509340246	false	0.5
inkorrekt	neg 1.0		__DUMMY__ 0.8647926229599167 off 0.07582216865391 neg 0.05938520838617324	false	0.5
vermeiden	neg 1.0		__DUMMY__ 0.8822236778685528 neg 0.05999866481376542 off 0.057777657317681676	false	1.0
abweichung	neg 1.0	neg 1.0	neg 0.5139691686752852 __DUMMY__ 0.4372572377673997 off 0.048773593557315094	false	1.0
alkoholisiert	neg 1.0		__DUMMY__ 0.883561196711908 off 0.06100041132723663 neg 0.055438391960855406	false	0.5
scheiss	off 1.0	off 1.0	off 0.5259263058395955 __DUMMY__ 0.4274800743659357 neg 0.04659361979446879	false	1.0
herausforderung	neg 1.0		__DUMMY__ 0.8758950063830678 off 0.06411183153400626 neg 0.059993162082925836	false	0.5
pervers	off 1.0		__DUMMY__ 0.8554774518271081 off 0.08485969309991954 neg 0.059662855072972344	false	1.0
wackelig	neg 1.0		__DUMMY__ 0.8770599991271378 off 0.06369078920416898 neg 0.05924921166869316	false	0.5
verwickeln	neg 1.0		__DUMMY__ 0.8720899263618618 off 0.06872953060027556 neg 0.05918054303786273	false	0.5
vorwand	neg 1.0		__DUMMY__ 0.878485672446489 off 0.06099666487730474 neg 0.060517662676206195	false	0.5
muschi	off 1.0		__DUMMY__ 0.8747679427402916 off 0.06598353655398687 neg 0.05924852070572159	false	1.0
entmutigung	neg 1.0		__DUMMY__ 0.8674957240610391 off 0.0694344100083344 neg 0.06306986593062645	false	0.5
unangemessen	neg 1.0		__DUMMY__ 0.8752258638954987 off 0.0656131372766906 neg 0.059160998827810625	false	0.5
unstetig	neg 1.0		__DUMMY__ 0.8692526235837378 off 0.07042233731801648 neg 0.060325039098245756	false	0.5
entmutigen	neg 1.0		__DUMMY__ 0.8727282015469405 off 0.06754689412225962 neg 0.059724904330799876	false	0.5
schwanz	neg 1.0		__DUMMY__ 0.8753415483700737 off 0.0636697017901756 neg 0.06098874983975066	false	0.5
verbot	neg 1.0		__DUMMY__ 0.8732962234019521 off 0.06539664643166139 neg 0.061307130166386434	false	0.5
leid	neg 1.0		__DUMMY__ 0.8634415455170983 off 0.0772679559057773 neg 0.05929049857712443	false	0.5
archaisch	neg 1.0		__DUMMY__ 0.8734579931371058 off 0.06519254794729304 neg 0.061349458915601035	false	0.5
gegen			__DUMMY__ 0.8812576182004905 off 0.06079360269710741 neg 0.05794877910240213	false	0.0
scheidung	neg 1.0		__DUMMY__ 0.8578696574527919 off 0.0884488115003297 neg 0.05368153104687837	false	0.5
einschlag	neg 1.0		__DUMMY__ 0.8689187456862474 off 0.07598586952537793 neg 0.055095384788374634	false	0.5
m			__DUMMY__ 0.8757798391130747 off 0.06429725138441912 neg 0.05992290950250632	false	0.0
abgestanden	neg 1.0		__DUMMY__ 0.8659127948513832 neg 0.06811419373509237 off 0.06597301141352443	false	1.0
schmierig	off 1.0		__DUMMY__ 0.863229977724799 off 0.07700039948704217 neg 0.05976962278815883	false	1.0
unpraktisch	neg 1.0		__DUMMY__ 0.8731878462747048 off 0.06769603467593847 neg 0.059116119049356805	false	0.5
wixxer	off 1.0		__DUMMY__ 0.8530531119713803 off 0.0852323719303756 neg 0.06171451609824406	false	1.0
bezeichnet			__DUMMY__ 0.8743094293732245 off 0.06706131145991766 neg 0.05862925916685778	false	0.0
jammerlappen	off 1.0		__DUMMY__ 0.8688521542187918 off 0.07189578983922293 neg 0.05925205594198523	false	1.0
farce	neg 1.0		__DUMMY__ 0.8710090364379348 off 0.06697549199213387 neg 0.062015471569931306	false	0.5
zwecklos	neg 1.0		__DUMMY__ 0.8747984506379171 off 0.06461937061601324 neg 0.06058217874606968	false	0.5
turbulent	neg 1.0		__DUMMY__ 0.865522439827304 off 0.07381751618616092 neg 0.06066004398653505	false	0.5
invasion	neg 1.0		__DUMMY__ 0.8706594764075486 off 0.06925739487068887 neg 0.060083128721762497	false	0.5
schuld	neg 1.0		__DUMMY__ 0.8726501928905015 off 0.06800912330208421 neg 0.05934068380741437	false	0.5
risiko	neg 1.0		__DUMMY__ 0.8682703025430528 off 0.0687538189489449 neg 0.06297587850800235	false	0.5
finster	neg 1.0		__DUMMY__ 0.871065735490656 off 0.06568228287840974 neg 0.06325198163093422	false	0.5
geisteskrank	off 1.0		__DUMMY__ 0.8663350715194216 off 0.07454743315594374 neg 0.05911749532463464	false	1.0
zusammenbrechen	neg 1.0		__DUMMY__ 0.8742671150231462 off 0.06474002701724206 neg 0.060992857959611686	false	0.5
ausbeute	neg 1.0		__DUMMY__ 0.8784639394913829 off 0.06518537174825967 neg 0.056350688760357426	false	0.5
hinterhalt	neg 1.0		__DUMMY__ 0.87396848820326 off 0.06486101586092835 neg 0.06117049593581168	false	0.5
kritik	neg 1.0		__DUMMY__ 0.8712904818729991 off 0.06673622919658129 neg 0.061973288930419576	false	0.5
einschrumpfen	neg 1.0		__DUMMY__ 0.8658555960467978 off 0.07203605911813282 neg 0.06210834483506926	false	0.5
riskant	neg 1.0		__DUMMY__ 0.8762715549583244 off 0.062175032052050515 neg 0.06155341298962499	false	0.5
frustrieren	neg 1.0		__DUMMY__ 0.8751931917882992 off 0.06310526457626142 neg 0.061701543635439254	false	0.5
groll	neg 1.0		__DUMMY__ 0.876683296181426 off 0.06484354214089381 neg 0.05847316167768013	false	0.5
gibt			__DUMMY__ 0.8754465494384599 off 0.0643370956878711 neg 0.06021635487366906	false	0.0
qualvoll	neg 1.0		__DUMMY__ 0.871669220749614 off 0.06864037605672171 neg 0.059690403193664365	false	0.5
wackeln	neg 1.0		__DUMMY__ 0.8739015915156519 off 0.06626285463109864 neg 0.05983555385324935	false	0.5
klagen	neg 1.0		__DUMMY__ 0.8774590664674758 off 0.06127567775647339 neg 0.06126525577605072	false	0.5
bankrott	neg 1.0		__DUMMY__ 0.8703998897791294 off 0.07106080140057588 neg 0.058539308820294754	false	0.5
trauern	neg 1.0		__DUMMY__ 0.8824692880285778 off 0.062204054846169574 neg 0.055326657125252574	false	0.5
ablehnung	neg 1.0		__DUMMY__ 0.8717557135195529 off 0.06610990561478056 neg 0.062134380865666514	false	0.5
stur	neg 1.0		__DUMMY__ 0.871939039792816 off 0.0679750940923444 neg 0.06008586611483964	false	0.5
aufruhr	neg 1.0	neg 1.0	neg 0.5145247210203345 __DUMMY__ 0.434746251780234 off 0.05072902719943141	false	1.0
melancholie	neg 1.0		__DUMMY__ 0.8751475800450923 neg 0.06349958752566817 off 0.06135283242923954	false	1.0
ist			__DUMMY__ 0.8716706302252727 off 0.06836788839747734 neg 0.05996148137725008	false	0.0
torheit	neg 1.0		__DUMMY__ 0.8720439960556488 off 0.06811229057645767 neg 0.05984371336789363	false	0.5
dreckskind	off 1.0		__DUMMY__ 0.8582065876068137 off 0.08151826028038804 neg 0.06027515211279821	false	1.0
umtauschen	neg 1.0		__DUMMY__ 0.8740892608357838 off 0.06549362246423125 neg 0.06041711669998507	false	0.5
zum			__DUMMY__ 0.8873098486573642 off 0.05789277926416792 neg 0.054797372078467986	false	0.0
zersetzen	neg 1.0		__DUMMY__ 0.8757738677591479 neg 0.06213536489368303 off 0.06209076734716912	false	1.0
zur			__DUMMY__ 0.8823644085140657 neg 0.05949611660303637 off 0.058139474882898	false	0.0
frust	neg 1.0		__DUMMY__ 0.8751100286843962 off 0.06456073408283507 neg 0.06032923723276866	false	0.5
unerbittlichkeit	neg 1.0		__DUMMY__ 0.877493068177934 off 0.06291783943472665 neg 0.059589092387339435	false	0.5
zwei			__DUMMY__ 0.8835861625809373 neg 0.05903637708794646 off 0.05737746033111632	false	0.0
unkorrekt	neg 1.0		__DUMMY__ 0.8661803226866277 off 0.07437519607716267 neg 0.05944448123620966	false	0.5
hexe	off 1.0		__DUMMY__ 0.8650963199047509 off 0.07110322797394718 neg 0.06380045212130192	false	1.0
lasch	neg 1.0		__DUMMY__ 0.8702949094748879 off 0.07111523609691402 neg 0.05858985442819809	false	0.5
rivale	neg 1.0		__DUMMY__ 0.865501942778584 off 0.0756593189520784 neg 0.058838738269337505	false	0.5
mutlos	off 1.0	off 1.0	off 0.5186703084055551 __DUMMY__ 0.435378576652943 neg 0.04595111494150184	false	1.0
wirr	off 1.0		__DUMMY__ 0.8634953759406169 off 0.07634143483164883 neg 0.06016318922773428	false	1.0
jahr			__DUMMY__ 0.8836837402647014 off 0.06174436708337519 neg 0.054571892651923394	false	0.0
wird			__DUMMY__ 0.8765769199631108 off 0.06367161830206193 neg 0.05975146173482724	false	0.0
strafbar	neg 1.0		__DUMMY__ 0.8779842899493338 off 0.06283054715781511 neg 0.0591851628928511	false	0.5
erosion	neg 1.0		__DUMMY__ 0.8738257266103037 off 0.06668008769846091 neg 0.059494185691235366	false	0.5
eingehen	neg 1.0		__DUMMY__ 0.8752874756354815 off 0.06296020998385413 neg 0.061752314380664405	false	0.5
faul	off 1.0		__DUMMY__ 0.8700940729798323 off 0.07067381602642794 neg 0.05923211099373975	false	1.0
provisorium	neg 1.0		__DUMMY__ 0.8876872757838877 neg 0.05789669570021842 off 0.054416028515893826	false	1.0
schmerzen	neg 1.0		__DUMMY__ 0.8735922761957768 off 0.06489984789540273 neg 0.061507875908820404	false	0.5
schrumpfen	neg 1.0		__DUMMY__ 0.8780281193217834 neg 0.06369490921059363 off 0.05827697146762298	false	1.0
geistlos	off 1.0		__DUMMY__ 0.8683594217995689 off 0.06998432540221386 neg 0.0616562527982172	false	1.0
fehlkauf	neg 1.0		__DUMMY__ 0.8698696129228561 off 0.06929616204905584 neg 0.0608342250280879	false	0.5
frustrierend	neg 1.0		__DUMMY__ 0.8692505174998586 off 0.07057747165150093 neg 0.06017201084864046	false	0.5
unzufrieden	neg 1.0		__DUMMY__ 0.8754673958264927 off 0.06442431697173225 neg 0.060108287201774996	false	0.5
verzweifeln	neg 1.0		__DUMMY__ 0.8745997011266464 off 0.06564375429479116 neg 0.05975654457856241	false	0.5
verzweifelt	neg 1.0		__DUMMY__ 0.871724835042582 off 0.06802525533872582 neg 0.060249909618692185	false	0.5
misstrauensantrag	neg 1.0		__DUMMY__ 0.8709951063919179 off 0.06855458219551794 neg 0.06045031141256413	false	0.5
abfallen	neg 1.0		__DUMMY__ 0.8726065238112009 off 0.0664153663528391 neg 0.06097810983596009	false	0.5
fucker	off 1.0		__DUMMY__ 0.8663628994974089 off 0.07535875911115719 neg 0.05827834139143384	false	1.0
ungezogen	neg 1.0		__DUMMY__ 0.8585615597048248 off 0.08246406491185003 neg 0.05897437538332508	false	0.5
irrsinnig	neg 1.0	neg 1.0	neg 0.5161277619925895 __DUMMY__ 0.4325280874365158 off 0.05134415057089485	false	1.0
unfassbar	neg 1.0		__DUMMY__ 0.8685488033183427 off 0.07276971495446409 neg 0.058681481727193105	false	0.5
hart	neg 1.0		__DUMMY__ 0.8616890605375153 off 0.07272879357538677 neg 0.06558214588709786	false	0.5
widerlich	off 1.0		__DUMMY__ 0.8670879021715767 off 0.0733530805801432 neg 0.059559017248280076	false	1.0
fatal	neg 1.0	neg 1.0	neg 0.5182154394317378 __DUMMY__ 0.4290895565633449 off 0.05269500400491733	false	1.0
bruch	neg 1.0		__DUMMY__ 0.8809884837403033 off 0.059876371710449544 neg 0.059135144549247315	false	0.5
aushungern	neg 1.0		__DUMMY__ 0.8732240616087467 off 0.06566399495087014 neg 0.0611119434403833	false	0.5
anspannung	neg 1.0		__DUMMY__ 0.8844598401900888 neg 0.05784139115418293 off 0.057698768655728185	false	1.0
von			__DUMMY__ 0.8789543526049959 off 0.060967520949654117 neg 0.06007812644535004	false	0.0
kraftlos	neg 1.0		__DUMMY__ 0.875811599896516 off 0.06368752397950571 neg 0.060500876123978274	false	0.5
vom			__DUMMY__ 0.8894790700994886 neg 0.05571772024443214 off 0.05480320965607932	false	0.0
grenzdebil	off 1.0		__DUMMY__ 0.8667862978786753 off 0.073038281816984 neg 0.06017542030434065	false	1.0
vor			__DUMMY__ 0.8798258634620892 neg 0.06012545182944492 off 0.060048684708465846	false	0.0
unterwerfen	neg 1.0		__DUMMY__ 0.8776753135700281 off 0.06343024320357205 neg 0.05889444322639991	false	0.5
versenkung	neg 1.0		__DUMMY__ 0.8778369958615937 off 0.06295518494429336 neg 0.059207819194113026	false	0.5
entziehen	neg 1.0		__DUMMY__ 0.8783857650793857 off 0.06093274931816606 neg 0.060681485602448196	false	0.5
finanzkrise	neg 1.0		__DUMMY__ 0.8659039075382373 neg 0.06776980753706828 off 0.06632628492469438	false	1.0
schimpfend	neg 1.0		__DUMMY__ 0.8749663971082703 off 0.06696562823786952 neg 0.058067974653860134	false	0.5
profan	neg 1.0		__DUMMY__ 0.8705072232801648 off 0.0690053713149941 neg 0.060487405404841196	false	0.5
korruption	neg 1.0		__DUMMY__ 0.8725780883435409 off 0.06492934363521168 neg 0.06249256802124743	false	0.5
â			__DUMMY__ 0.8754354970621764 off 0.06364433947792011 neg 0.06092016345990356	false	0.0
schmutzig	neg 1.0		__DUMMY__ 0.8673006689283708 off 0.07320133109271314 neg 0.0594979999789162	false	0.5
sexy	neg 1.0		__DUMMY__ 0.8705926181289938 off 0.07052670825164763 neg 0.05888067361935856	false	0.5
abraten	neg 1.0		__DUMMY__ 0.8721473084799688 off 0.06845683214938955 neg 0.059395859370641645	false	0.5
schwarz	neg 1.0		__DUMMY__ 0.8714630850192556 off 0.06894446378874762 neg 0.059592451191996625	false	0.5
fotze	off 1.0	off 1.0	off 0.5189476306568271 __DUMMY__ 0.4352932284824519 neg 0.04575914086072088	false	1.0
verwirren	neg 1.0		__DUMMY__ 0.8711944294124215 off 0.06933628801537675 neg 0.05946928257220177	false	0.5
zahnlos	off 1.0		__DUMMY__ 0.8746519738708037 off 0.06543640496632482 neg 0.05991162116287146	false	1.0
verheeren	neg 1.0		__DUMMY__ 0.8581250537479794 off 0.08401957294195687 neg 0.05785537331006365	false	0.5
hippie	neg 1.0		__DUMMY__ 0.8701211841367341 off 0.07026191047456892 neg 0.05961690538869696	false	0.5
rammen	neg 1.0		__DUMMY__ 0.8730401255215702 off 0.06666913554473711 neg 0.06029073893369275	false	0.5
unlauter	neg 1.0		__DUMMY__ 0.8699844855473292 off 0.06882792060687773 neg 0.061187593845793135	false	0.5
unheilvoll	neg 1.0		__DUMMY__ 0.8713730192043494 off 0.06747192755607712 neg 0.06115505323957342	false	0.5
niedrig	neg 1.0		__DUMMY__ 0.873848352183216 off 0.06343612743011054 neg 0.06271552038667341	false	0.5
explosion	neg 1.0		__DUMMY__ 0.8707259199946478 off 0.07005187529128057 neg 0.05922220471407163	false	0.5
weichei	off 1.0	off 1.0	off 0.5294145964729627 __DUMMY__ 0.42394808750124674 neg 0.046637316025790604	false	1.0
minusmensch	off 1.0		__DUMMY__ 0.8558497694125201 off 0.08394857621385342 neg 0.060201654373626595	false	1.0
farblos	neg 1.0		__DUMMY__ 0.8723415368416721 off 0.06733605445858229 neg 0.060322408699745554	false	0.5
unwissend	neg 1.0	neg 1.0	neg 0.5159879283464184 __DUMMY__ 0.42967668364998174 off 0.054335388003599876	false	1.0
traurig	neg 1.0		__DUMMY__ 0.8659558382769388 off 0.07533418412523572 neg 0.0587099775978255	false	0.5
senkung	neg 1.0		__DUMMY__ 0.8663234804888094 off 0.06953289712896854 neg 0.0641436223822221	false	0.5
ungleich	neg 1.0	neg 1.0	neg 0.5162255250062192 __DUMMY__ 0.43563656764589903 off 0.048137907347881696	false	1.0
heikel	neg 1.0		__DUMMY__ 0.877290184765557 off 0.062354123182467566 neg 0.06035569205197541	false	0.5
drosselung	neg 1.0		__DUMMY__ 0.8630222864076453 off 0.07305414188268268 neg 0.06392357170967199	false	0.5
falsch	neg 1.0		__DUMMY__ 0.8706156188488342 off 0.07073396427327135 neg 0.05865041687789449	false	0.5
unzufriedenheit	neg 1.0		__DUMMY__ 0.8750238667007111 neg 0.06275992183094685 off 0.06221621146834205	false	1.0
kurz	neg 1.0		__DUMMY__ 0.8771314725519841 off 0.0642460460333509 neg 0.05862248141466503	false	0.5
unsinnig	neg 1.0		__DUMMY__ 0.8720920114152053 off 0.06588364317650428 neg 0.06202434540829038	false	0.5
penner	off 1.0	off 1.0	off 0.5309427569162569 __DUMMY__ 0.4237270639421759 neg 0.045330179141567284	false	1.0
seicht	neg 1.0		__DUMMY__ 0.8562640912189063 off 0.0819565053469074 neg 0.06177940343418633	false	0.5
dummheit	off 1.0	off 1.0	off 0.5229649376508598 __DUMMY__ 0.43056389543316964 neg 0.04647116691597051	false	1.0
unerfreulich	neg 1.0		__DUMMY__ 0.8770625553987198 off 0.0619588708645573 neg 0.06097857373672286	false	0.5
motherfucker	off 1.0	off 1.0	off 0.526803548618865 __DUMMY__ 0.42820095951181725 neg 0.044995491869317804	false	1.0
pikiert	neg 1.0		__DUMMY__ 0.8674581286105885 off 0.07225319821482636 neg 0.06028867317458524	false	0.5
wrack	neg 1.0		__DUMMY__ 0.8817323746905029 off 0.0642050541794656 neg 0.054062571130031545	false	0.5
gangster	neg 1.0		__DUMMY__ 0.869877213823579 off 0.07043552329582431 neg 0.059687262880596594	false	0.5
krank	neg 1.0		__DUMMY__ 0.8688575452697846 off 0.07291434373137547 neg 0.05822811099883985	false	0.5
reich	neg 1.0		__DUMMY__ 0.8656479566524568 off 0.07078184260334941 neg 0.06357020074419382	false	0.5
gnadenlos	neg 1.0		__DUMMY__ 0.8732377569915913 off 0.06775066773951031 neg 0.059011575268898296	false	0.5
niedergeschlagen	neg 1.0		__DUMMY__ 0.8780321501368831 off 0.063985489451004 neg 0.057982360412112875	false	0.5
terrorisieren	off 1.0	off 1.0	off 0.5177644302485003 __DUMMY__ 0.4372860862251893 neg 0.0449494835263105	false	1.0
sinnlosigkeit	neg 1.0		__DUMMY__ 0.8748607282745842 off 0.06487780548853436 neg 0.06026146623688152	false	0.5
behindern	neg 1.0		__DUMMY__ 0.8727110237204332 off 0.06625770824349499 neg 0.0610312680360719	false	0.5
undemokratisch	neg 1.0		__DUMMY__ 0.8698059981894064 off 0.06934766816136653 neg 0.06084633364922708	false	0.5
wirtschaftskrise	neg 1.0		__DUMMY__ 0.8710114829252562 off 0.06451062163189707 neg 0.06447789544284677	false	0.5
neid	neg 1.0		__DUMMY__ 0.8706485082663836 off 0.06985447341123897 neg 0.05949701832237745	false	0.5
rutschen	neg 1.0		__DUMMY__ 0.8833732521518958 neg 0.05954688550814191 off 0.057079862339962435	false	1.0
rezession	neg 1.0		__DUMMY__ 0.8590448148712051 off 0.07576012567412839 neg 0.06519505945466643	false	0.5
fehlgeburt	neg 1.0		__DUMMY__ 0.8755778647708081 off 0.06656074093494155 neg 0.05786139429425041	false	0.5
charakterschwach	off 1.0		__DUMMY__ 0.8666157972934881 off 0.0729140675784807 neg 0.06047013512803108	false	1.0
isolation	neg 1.0		__DUMMY__ 0.8714672147139112 off 0.07057673034328003 neg 0.057956054942808796	false	0.5
ablenkung	neg 1.0		__DUMMY__ 0.8747188364057853 off 0.06624979794761575 neg 0.05903136564659885	false	0.5
pech	neg 1.0		__DUMMY__ 0.8692964920810134 off 0.07058150702185509 neg 0.06012200089713142	false	0.5
vermeidung	neg 1.0		__DUMMY__ 0.8662529114127488 off 0.07291672874539627 neg 0.06083035984185478	false	0.5
dominieren	neg 1.0		__DUMMY__ 0.8751878846785514 off 0.06509656941806657 neg 0.05971554590338207	false	0.5
schwindlig	neg 1.0		__DUMMY__ 0.8711548046331907 off 0.06815672076968574 neg 0.06068847459712345	false	0.5
lutscher	neg 1.0	neg 1.0	neg 0.516802907334751 __DUMMY__ 0.41989980608496613 off 0.06329728658028283	false	1.0
pflicht	neg 1.0		__DUMMY__ 0.8794524050589146 off 0.061110417612683064 neg 0.059437177328402306	false	0.5
faschist	off 1.0		__DUMMY__ 0.8709532675664399 off 0.07086828529331611 neg 0.05817844714024411	false	1.0
verschleudern	neg 1.0		__DUMMY__ 0.8719563489001194 neg 0.064895587497524 off 0.06314806360235665	false	1.0
wenn			__DUMMY__ 0.8689448978385337 off 0.07157976545060288 neg 0.0594753367108635	false	0.0
ehebruch	neg 1.0		__DUMMY__ 0.8761737869707671 off 0.06402024142746654 neg 0.05980597160176635	false	0.5
spott	off 1.0		__DUMMY__ 0.8773847043217664 off 0.0638760142649362 neg 0.05873928141329737	false	1.0
trostlosigkeit	neg 1.0		__DUMMY__ 0.8756508844186993 neg 0.063430190510635 off 0.06091892507066572	false	1.0
lutschen	neg 1.0		__DUMMY__ 0.8687651851384273 off 0.07086424838167964 neg 0.06037056647989309	false	0.5
undiszipliniert	neg 1.0		__DUMMY__ 0.8660940367377788 off 0.07453766141502134 neg 0.05936830184719979	false	0.5
kopfschmerz	neg 1.0		__DUMMY__ 0.8730639728613572 neg 0.06408782836581417 off 0.06284819877282859	false	1.0
unvorhergesehen	neg 1.0		__DUMMY__ 0.8808263921875217 off 0.06066479768661532 neg 0.058508810125862946	false	0.5
desinteressiert	neg 1.0		__DUMMY__ 0.8662967046784075 off 0.07400250516156041 neg 0.05970079016003215	false	0.5
armselig	off 1.0		__DUMMY__ 0.8651437789166304 off 0.07643573393293318 neg 0.05842048715043651	false	1.0
desaster	neg 1.0		__DUMMY__ 0.8779610526769979 neg 0.06148800772540635 off 0.060550939597595756	false	1.0
tod	neg 1.0		__DUMMY__ 0.8780192739270934 off 0.06258999866793366 neg 0.05939072740497298	false	0.5
herzlos	neg 1.0		__DUMMY__ 0.8653870569960072 off 0.07577170576469366 neg 0.05884123723929925	false	0.5
unwissenheit	neg 1.0		__DUMMY__ 0.8749667149288348 off 0.0645389758165691 neg 0.060494309254596076	false	0.5
widersinnig	neg 1.0		__DUMMY__ 0.870905541141604 off 0.06607219427262055 neg 0.06302226458577538	false	0.5
bedenklich	neg 1.0		__DUMMY__ 0.8746918528966116 off 0.06367326638793226 neg 0.0616348807154562	false	0.5
beanstanden	neg 1.0		__DUMMY__ 0.8799000888570125 off 0.061727564491792696 neg 0.05837234665119488	false	0.5
panisch	neg 1.0		__DUMMY__ 0.8734489986578966 off 0.06826876597361363 neg 0.0582822353684899	false	0.5
debil	off 1.0		__DUMMY__ 0.8836609518036008 neg 0.06143131247169902 off 0.05490773572470022	false	0.5
abstrich	neg 1.0		__DUMMY__ 0.8746360669152438 off 0.06412329884351162 neg 0.061240634241244644	false	0.5
primitiv	neg 1.0		__DUMMY__ 0.866700187577202 off 0.07425710137403724 neg 0.05904271104876078	false	0.5
abschaum	off 1.0	off 1.0	off 0.5251271842626744 __DUMMY__ 0.43107838003263843 neg 0.043794435704687155	false	1.0
provozieren	neg 1.0		__DUMMY__ 0.8723650827222099 off 0.06776836442440846 neg 0.0598665528533817	false	0.5
tot	neg 1.0		__DUMMY__ 0.8737882460841684 off 0.06394863170050408 neg 0.062263122215327565	false	0.5
instabil	neg 1.0		__DUMMY__ 0.8622696824488948 off 0.07658696529360251 neg 0.06114335225750278	false	0.5
schwuchtel	off 1.0	off 1.0	off 0.536733756013182 __DUMMY__ 0.41739587441547765 neg 0.04587036957134048	false	1.0
zerren	neg 1.0		__DUMMY__ 0.8769701123002714 off 0.06402818448284145 neg 0.05900170321688715	false	0.5
kinderficker	off 1.0		__DUMMY__ 0.8629224792375786 off 0.07881230066919041 neg 0.05826522009323107	false	1.0
gefahr	neg 1.0		__DUMMY__ 0.8798405759764527 off 0.061566412683771 neg 0.05859301133977627	false	0.5
rabiat	neg 1.0		__DUMMY__ 0.8736603700934082 off 0.0659257333022386 neg 0.060413896604353104	false	0.5
verlangsamung	neg 1.0		__DUMMY__ 0.8593284916703519 off 0.0805473257253302 neg 0.06012418260431792	false	0.5
ausgestorben	neg 1.0		__DUMMY__ 0.8749248692388669 off 0.06545379651582964 neg 0.05962133424530343	false	0.5
anklagen	neg 1.0		__DUMMY__ 0.8757077028688018 off 0.0652540401254214 neg 0.059038257005776675	false	0.5
trott	neg 1.0		__DUMMY__ 0.8734958422865815 off 0.06652015036959152 neg 0.05998400734382692	false	0.5
verminderung	neg 1.0		__DUMMY__ 0.8667348716259755 off 0.0729300611257939 neg 0.060335067248230505	false	0.5
nach			__DUMMY__ 0.8857803781843167 neg 0.058321078953653634 off 0.055898542862029756	false	0.0
rost	neg 1.0		__DUMMY__ 0.8629455119877054 off 0.08166768251423612 neg 0.05538680549805851	false	0.5
destruktiv	neg 1.0		__DUMMY__ 0.8726374669069666 off 0.06665032445799327 neg 0.06071220863504013	false	0.5
unzumutbarkeit	neg 1.0		__DUMMY__ 0.866937794156498 off 0.07290995959467605 neg 0.06015224624882587	false	0.5
labil	off 1.0	off 1.0	off 0.5245421313131663 __DUMMY__ 0.42975829377657393 neg 0.0456995749102598	false	1.0
ziemlich	neg 1.0		__DUMMY__ 0.8691130082962198 off 0.0724004727387769 neg 0.05848651896500328	false	0.5
lachnummer	off 1.0		__DUMMY__ 0.8741062271012924 off 0.06742709970067183 neg 0.05846667319803582	false	1.0
oder			__DUMMY__ 0.8743069324472149 off 0.06694720546386758 neg 0.05874586208891757	false	0.0
verfall	neg 1.0		__DUMMY__ 0.8781816334766473 neg 0.06343844583552774 off 0.058379920687824924	false	1.0
ausgrenzung	neg 1.0		__DUMMY__ 0.8694666241082196 off 0.06920900069793327 neg 0.06132437519384713	false	0.5
unordnung	neg 1.0		__DUMMY__ 0.8633829753133888 off 0.07689127623524335 neg 0.0597257484513679	false	0.5
fehlverhalten	neg 1.0		__DUMMY__ 0.8769729536930064 off 0.06288950821915978 neg 0.06013753808783374	false	0.5
eine			__DUMMY__ 0.8784288879980058 neg 0.0610172297159868 off 0.060553882286007464	false	0.0
nille	neg 1.0		__DUMMY__ 0.8732698169598154 off 0.06704755274414219 neg 0.05968263029604238	false	0.5
qual	neg 1.0		__DUMMY__ 0.8733591635810293 off 0.06620615539269328 neg 0.06043468102627737	false	0.5
verschwenden	neg 1.0		__DUMMY__ 0.8750611201335206 neg 0.06258179105464591 off 0.062357088811833515	false	1.0
riesig	neg 1.0		__DUMMY__ 0.8780003978740168 off 0.06249163212680253 neg 0.0595079699991807	false	0.5
verurteilen	neg 1.0		__DUMMY__ 0.8753424093134246 off 0.06510734298051658 neg 0.059550247706058934	false	0.5
klischee	neg 1.0	neg 1.0	neg 0.5163428770947188 __DUMMY__ 0.42992171647548355 off 0.05373540642979763	false	1.0
diktatorisch	neg 1.0		__DUMMY__ 0.8694950101141176 off 0.06947623017206916 neg 0.06102875971381327	false	0.5
vorhersehbar	neg 1.0		__DUMMY__ 0.8688319785883603 off 0.06998698558727826 neg 0.06118103582436145	false	0.5
sowie			__DUMMY__ 0.8609016075716673 off 0.0780102272403186 neg 0.06108816518801419	false	0.0
stornieren	neg 1.0		__DUMMY__ 0.8765302802766416 off 0.06938606525383967 neg 0.054083654469518766	false	0.5
besteuerung	neg 1.0	neg 1.0	neg 0.5199227723411679 __DUMMY__ 0.4288914181298448 off 0.05118580952898734	false	1.0
ungeschminkt	neg 1.0		__DUMMY__ 0.8659977869539358 off 0.07381274736952659 neg 0.06018946567653766	false	0.5
kritisch	neg 1.0		__DUMMY__ 0.8752485036042292 off 0.06461765222540126 neg 0.06013384417036953	false	0.5
schlamperei	off 1.0		__DUMMY__ 0.8765101722476669 off 0.06326175512089688 neg 0.060228072631436265	false	1.0
sucht	neg 1.0	neg 1.0	neg 0.514653489738559 __DUMMY__ 0.43414899789338485 off 0.05119751236805623	false	1.0
egoistisch	off 1.0	off 1.0	off 0.5293444908736956 __DUMMY__ 0.4264685065598265 neg 0.044187002566477805	false	1.0
ausbeuter	off 1.0		__DUMMY__ 0.8747723788877987 off 0.06265252529433812 neg 0.06257509581786323	false	1.0
arschgeburt	off 1.0		__DUMMY__ 0.8511496630851649 off 0.08799940948522608 neg 0.06085092742960896	false	1.0
schubs	neg 1.0		__DUMMY__ 0.8739852874979318 off 0.06303255570920413 neg 0.06298215679286404	false	0.5
unsolide	neg 1.0		__DUMMY__ 0.8711823110528583 off 0.06981487266086549 neg 0.05900281628627621	false	0.5
beschwerde	neg 1.0		__DUMMY__ 0.8760103520231575 off 0.06486669777360274 neg 0.05912295020323989	false	0.5
stocken	neg 1.0		__DUMMY__ 0.8756866670718357 off 0.06371825402330088 neg 0.0605950789048634	false	0.5
isolieren	neg 1.0		__DUMMY__ 0.8733775626044366 off 0.06476142265236888 neg 0.06186101474319467	false	0.5
unheilbar	neg 1.0		__DUMMY__ 0.8738346406339991 off 0.06696009181526362 neg 0.05920526755073733	false	0.5
pisser	off 1.0	off 1.0	off 0.5272996914859432 __DUMMY__ 0.42748064728516955 neg 0.04521966122888721	false	1.0
löschen	neg 1.0		__DUMMY__ 0.8723375776256468 off 0.0672414949251683 neg 0.06042092744918487	false	0.5
durchfallen	neg 1.0		__DUMMY__ 0.8759699529176276 off 0.06428483463476554 neg 0.05974521244760691	false	0.5
wichser	off 1.0	off 1.0	off 0.5334225590405327 __DUMMY__ 0.42129812072630585 neg 0.04527932023316138	false	1.0
terror	neg 1.0		__DUMMY__ 0.8705055489565745 off 0.06983199069056886 neg 0.059662460352856626	false	0.5
krass	neg 1.0		__DUMMY__ 0.8633681883960395 off 0.077158610384997 neg 0.05947320121896354	false	0.5
revolte	neg 1.0		__DUMMY__ 0.8669259459861633 off 0.07087292484455374 neg 0.062201129169282963	false	0.5
besorgt	neg 1.0		__DUMMY__ 0.8777670556525128 off 0.0645666149680567 neg 0.05766632937943056	false	0.5
nachlassen	neg 1.0		__DUMMY__ 0.8772724727764246 off 0.0633989400644181 neg 0.05932858715915732	false	0.5
alt	neg 1.0		__DUMMY__ 0.8718145814762771 neg 0.0655239017419031 off 0.06266151678181973	false	1.0
hundesohn	off 1.0	off 1.0	off 0.532796967537819 __DUMMY__ 0.42090909808383403 neg 0.046293934378346946	false	1.0
als			__DUMMY__ 0.8744762668941233 off 0.06465109913969119 neg 0.06087263396618553	false	0.0
abschreckung	neg 1.0		__DUMMY__ 0.877339379829774 off 0.06208455913463076 neg 0.06057606103559526	false	0.5
unqualifiziert	neg 1.0		__DUMMY__ 0.8698011249713948 off 0.07144706494773996 neg 0.05875181008086521	false	0.5
abgewichst	off 1.0		__DUMMY__ 0.8743144115861086 off 0.0662375274642114 neg 0.05944806094968004	false	1.0
schwer	neg 1.0		__DUMMY__ 0.8740698219641335 off 0.06613316388996608 neg 0.05979701414590047	false	0.5
bedeutungslosigkeit	neg 1.0		__DUMMY__ 0.8767584118206612 off 0.0625784345499515 neg 0.06066315362938729	false	0.5
kapitulation	neg 1.0		__DUMMY__ 0.8733414251426498 off 0.06434526011523332 neg 0.062313314742116856	false	0.5
unscharf	neg 1.0		__DUMMY__ 0.8668374200361194 off 0.06828858317008399 neg 0.06487399679379657	false	0.5
schwinden	neg 1.0		__DUMMY__ 0.8741219008338692 neg 0.0633260456880079 off 0.06255205347812286	false	1.0
versklavung	neg 1.0	neg 1.0	neg 0.5172928502687871 __DUMMY__ 0.4306054583392931 off 0.05210169139191972	false	1.0
schlecht	neg 1.0		__DUMMY__ 0.8697070269223716 off 0.07261105419880474 neg 0.05768191887882363	false	0.5
verhasst	neg 1.0		__DUMMY__ 0.8716369696678374 off 0.06849327183834099 neg 0.05986975849382157	false	0.5
beschweren	neg 1.0		__DUMMY__ 0.8731593611572929 off 0.06867316145117631 neg 0.058167477391530845	false	0.5
scheiden	neg 1.0		__DUMMY__ 0.8735526528387576 off 0.0663161533406665 neg 0.060131193820575926	false	0.5
frustriert	neg 1.0		__DUMMY__ 0.8750504453098877 off 0.06534435517089901 neg 0.05960519951921322	false	0.5
schimmelig	neg 1.0		__DUMMY__ 0.8728762948786473 neg 0.06413259541851682 off 0.06299110970283586	false	1.0
fisch	neg 1.0		__DUMMY__ 0.8743914092341367 neg 0.06592254435032922 off 0.059686046415534	false	1.0
schmuggel	neg 1.0		__DUMMY__ 0.8813644085196324 off 0.06070864423843283 neg 0.057926947241934784	false	0.5
auffallen	neg 1.0		__DUMMY__ 0.8717574882168158 off 0.06909148194733733 neg 0.059151029835846844	false	0.5
konkurrenz	neg 1.0		__DUMMY__ 0.879145287407504 off 0.06213270144846829 neg 0.05872201114402773	false	0.5
teufelskreis	neg 1.0	neg 1.0	neg 0.5178701020417602 __DUMMY__ 0.432024862052282 off 0.050105035905957857	false	1.0
aufschreien	neg 1.0		__DUMMY__ 0.869748935962013 off 0.06979386847126647 neg 0.06045719556672054	false	0.5
schuldner	neg 1.0		__DUMMY__ 0.8728723693911 neg 0.06481229068806009 off 0.06231533992083982	false	1.0
missgeburt	off 1.0	off 1.0	off 0.5312543509882773 __DUMMY__ 0.4242526850548363 neg 0.04449296395688632	false	1.0
arbeitslos	neg 1.0		__DUMMY__ 0.8753887563535302 off 0.06425529614104684 neg 0.06035594750542289	false	0.5
befallen	neg 1.0		__DUMMY__ 0.8700905956339171 off 0.06580877859247596 neg 0.06410062577360687	false	0.5
miesepetrig	off 1.0	off 1.0	off 0.5241568471503 __DUMMY__ 0.4304238838277782 neg 0.04541926902192184	false	1.0
alarmieren	neg 1.0		__DUMMY__ 0.8700939758263729 off 0.0719003202221052 neg 0.058005703951521874	false	0.5
ungeduscht	off 1.0		__DUMMY__ 0.8682558123774422 off 0.07065144765292893 neg 0.06109273996962882	false	1.0
knappheit	neg 1.0		__DUMMY__ 0.8714343407506941 off 0.06452352186192367 neg 0.06404213738738215	false	0.5
schlange	neg 1.0		__DUMMY__ 0.8741797449940241 off 0.06684646903654602 neg 0.05897378596942998	false	0.5
harsch	neg 1.0		__DUMMY__ 0.8660363330716149 off 0.07674676555515975 neg 0.05721690137322537	false	0.5
lang	neg 1.0		__DUMMY__ 0.8720458359696612 off 0.06803588057471839 neg 0.059918283455620266	false	0.5
ziellos	neg 1.0		__DUMMY__ 0.8778467369886683 off 0.06247936033181987 neg 0.05967390267951175	false	0.5
selbstverliebt	neg 1.0		__DUMMY__ 0.8569256988440789 off 0.08483244473127728 neg 0.05824185642464378	false	0.5
beseitigen	neg 1.0		__DUMMY__ 0.8758148872978975 off 0.06645473883925676 neg 0.057730373862845866	false	0.5
dumm	off 1.0		__DUMMY__ 0.8612985808907403 off 0.07953623775812299 neg 0.05916518135113675	false	1.0
arbeitsloser	neg 1.0		__DUMMY__ 0.8808801527428124 off 0.06447159417066092 neg 0.054648253086526655	false	0.5
blitzen	neg 1.0		__DUMMY__ 0.8688211644559514 off 0.07081841902957632 neg 0.06036041651447236	false	0.5
hilflos	neg 1.0		__DUMMY__ 0.8752899491424285 off 0.06419194485762364 neg 0.06051810599994783	false	0.5
eklig	off 1.0		__DUMMY__ 0.8590350469717715 off 0.07990467876709262 neg 0.061060274261135895	false	1.0
begriff			__DUMMY__ 0.874033980540632 off 0.06635540191102679 neg 0.05961061754834124	false	0.0
hungersnot	neg 1.0		__DUMMY__ 0.8731389391495535 off 0.06459799785540818 neg 0.06226306299503826	false	0.5
ungesetzlich	neg 1.0		__DUMMY__ 0.8699521368493153 off 0.06960394652899413 neg 0.06044391662169065	false	0.5
verschwendung	neg 1.0		__DUMMY__ 0.8762963952462735 off 0.06240762939641927 neg 0.06129597535730722	false	0.5
schmerzvoll	neg 1.0		__DUMMY__ 0.870839110595074 off 0.06819991200256528 neg 0.06096097740236071	false	0.5
vorzeitig	neg 1.0		__DUMMY__ 0.8702774196252424 off 0.07194988050278583 neg 0.057772699871971644	false	0.5
unvollkommenheit	neg 1.0		__DUMMY__ 0.8742310543174889 off 0.06492833683904994 neg 0.060840608843461166	false	0.5
intervenieren	neg 1.0		__DUMMY__ 0.8733463015429045 neg 0.0633904059057127 off 0.06326329255138277	false	1.0
banause	off 1.0		__DUMMY__ 0.8549081126566828 off 0.08149135259489608 neg 0.06360053474842112	false	1.0
rebell	neg 1.0		__DUMMY__ 0.8760789191490783 neg 0.06574010561342539 off 0.058180975237496386	false	1.0
unlogisch	neg 1.0		__DUMMY__ 0.8648845421730827 off 0.07515107793892688 neg 0.05996437988799032	false	0.5
leiden	neg 1.0		__DUMMY__ 0.8820078897786208 off 0.06073672227241957 neg 0.05725538794895965	false	0.5
abschaffung	neg 1.0		__DUMMY__ 0.8696494445160233 off 0.0679367463360822 neg 0.062413809147894524	false	0.5
sturz	neg 1.0		__DUMMY__ 0.8754798990395097 off 0.06882374305519219 neg 0.055696357905298026	false	0.5
verkleinerung	neg 1.0		__DUMMY__ 0.8647355858731283 off 0.07117828011348423 neg 0.06408613401338747	false	0.5
schmarotzer	off 1.0		__DUMMY__ 0.8747213159473223 off 0.06523786177125969 neg 0.06004082228141798	false	1.0
bestrafung	neg 1.0	neg 1.0	neg 0.51505625747469 __DUMMY__ 0.4338980492087476 off 0.05104569331656249	false	1.0
achtlos	neg 1.0		__DUMMY__ 0.8759813498478156 off 0.06523999770335392 neg 0.0587786524488305	false	0.5
ungeheuer	neg 1.0		__DUMMY__ 0.8706268272195268 off 0.06691599035138973 neg 0.06245718242908353	false	0.5
unaufrichtig	neg 1.0		__DUMMY__ 0.8699583311139862 off 0.07134514023053687 neg 0.058696528655476844	false	0.5
