unsolidarisch	neg 1.0		off 0.3571813634940482 neg 0.32527599004732866 __DUMMY__ 0.3175426464586231	false	0.5
nachteilig	neg 1.0		off 0.3538391487410741 neg 0.32491241735742055 __DUMMY__ 0.3212484339015053	false	0.5
skeptisch	neg 1.0		off 0.35222436347964364 neg 0.32643995960709554 __DUMMY__ 0.32133567691326076	false	0.5
schrecklich	neg 1.0		off 0.36658248511219627 neg 0.31861751664891386 __DUMMY__ 0.31479999823888993	false	0.5
schlapp	neg 1.0	neg 1.0	neg 0.6474928873723997 off 0.20044588919925915 __DUMMY__ 0.15206122342834114	false	1.0
abfall	neg 1.0		off 0.34985950489716 neg 0.32638806598033626 __DUMMY__ 0.3237524291225036	false	0.5
widerspenstig	neg 1.0		off 0.35579833183345616 neg 0.3256357408434621 __DUMMY__ 0.3185659273230817	false	0.5
abrupt	neg 1.0		off 0.3507206586288507 neg 0.32890709890193176 __DUMMY__ 0.3203722424692175	false	0.5
unwirksam	neg 1.0		off 0.3548065674390438 neg 0.3297302130244137 __DUMMY__ 0.3154632195365424	false	0.5
angreifen	neg 1.0		off 0.35187879784021947 neg 0.32624232408815335 __DUMMY__ 0.3218788780716273	false	0.5
inkonsistent	neg 1.0		off 0.35875205644659225 neg 0.3247582650663133 __DUMMY__ 0.31648967848709436	false	0.5
abrutschen	neg 1.0		off 0.3491130390084613 neg 0.32747739326205766 __DUMMY__ 0.3234095677294812	false	0.5
unsicher	neg 1.0		off 0.35740746391272343 neg 0.3227986566153232 __DUMMY__ 0.31979387947195337	false	0.5
bauernkind	off 1.0	off 1.0	off 0.6722368427806354 neg 0.17898834612860157 __DUMMY__ 0.148774811090763	false	1.0
angreifer	neg 1.0		off 0.3629041467626374 __DUMMY__ 0.31951232053860956 neg 0.31758353269875306	false	0.5
trennen	neg 1.0		off 0.35192184870312754 neg 0.32570729439480833 __DUMMY__ 0.3223708569020641	false	0.5
schmutz	neg 1.0		off 0.3626165293177819 __DUMMY__ 0.32055228561954474 neg 0.3168311850626734	false	0.5
inkonsistenz	neg 1.0		off 0.3623637464796061 neg 0.32077326823993035 __DUMMY__ 0.3168629852804636	false	0.5
erschreckend	neg 1.0		off 0.35631430667091557 neg 0.32418088459318567 __DUMMY__ 0.3195048087358987	false	0.5
ertrinken	neg 1.0		off 0.35053444767634545 neg 0.32833648429393086 __DUMMY__ 0.32112906802972363	false	0.5
pickelface	off 1.0		off 0.3574376834164106 neg 0.3239190700345096 __DUMMY__ 0.31864324654907983	false	1.0
seiner			off 0.3526618808394401 neg 0.3251605384216088 __DUMMY__ 0.32217758073895103	false	0.0
lauch	neg 1.0	neg 1.0	neg 0.6518481231096053 off 0.19291118289349535 __DUMMY__ 0.15524069399689933	false	1.0
unwichtig	neg 1.0		off 0.3622860080180723 neg 0.3208605596500319 __DUMMY__ 0.3168534323318958	false	0.5
steuerhinterziehung	neg 1.0		off 0.3559302705273631 neg 0.325280070771731 __DUMMY__ 0.31878965870090586	false	0.5
schock	neg 1.0		off 0.3554842718637761 neg 0.3243759332752204 __DUMMY__ 0.3201397948610035	false	0.5
beule	neg 1.0		off 0.36392466170459264 neg 0.32121352402831443 __DUMMY__ 0.3148618142670929	false	0.5
vergelten	neg 1.0		off 0.3678255756084322 neg 0.3175127567462756 __DUMMY__ 0.3146616676452922	false	0.5
verdorbenheit	neg 1.0		off 0.3583394957951891 neg 0.3230251748056937 __DUMMY__ 0.31863532939911726	false	0.5
trauma	neg 1.0		off 0.3581778988365346 neg 0.3238339778836031 __DUMMY__ 0.3179881232798624	false	0.5
sinnlos	neg 1.0		off 0.3592203417125987 neg 0.32249392596097565 __DUMMY__ 0.31828573232642565	false	0.5
fettsack	off 1.0	off 1.0	off 0.6734375647780494 neg 0.17759702157289856 __DUMMY__ 0.14896541364905216	false	1.0
feige	off 1.0	off 1.0	off 0.6707751586046552 neg 0.17750978719438393 __DUMMY__ 0.1517150542009609	false	1.0
abdanken	neg 1.0		off 0.35769067813451033 neg 0.32199110975241063 __DUMMY__ 0.320318212113079	false	0.5
wichtigtuer	off 1.0	off 1.0	off 0.6693556901790261 neg 0.17754119860897533 __DUMMY__ 0.15310311121199857	false	1.0
misslingen	neg 1.0		off 0.3598504358067073 neg 0.3202173507671255 __DUMMY__ 0.3199322134261672	false	0.5
untreu	off 1.0		off 0.36348233851225603 neg 0.32033340120688825 __DUMMY__ 0.3161842602808557	false	1.0
missmutig	neg 1.0		off 0.36066888065793434 neg 0.3222172014556519 __DUMMY__ 0.31711391788641374	false	0.5
hurenbock	off 1.0		off 0.3545843877178397 neg 0.3297026476813318 __DUMMY__ 0.3157129646008286	false	1.0
betrunken	neg 1.0		off 0.36528003450911367 neg 0.31961975467953274 __DUMMY__ 0.3151002108113536	false	0.5
korrupt	off 1.0		off 0.355111029307055 neg 0.3262722240637179 __DUMMY__ 0.3186167466292272	false	1.0
unmut	neg 1.0		off 0.3505504731724683 neg 0.32709363031587896 __DUMMY__ 0.32235589651165264	false	0.5
hackfresse	off 1.0		off 0.37110250602197326 neg 0.3165114253903441 __DUMMY__ 0.3123860685876827	false	1.0
aufblasen	neg 1.0		off 0.35737524425738665 neg 0.3237188761221716 __DUMMY__ 0.31890587962044176	false	0.5
gewaltsam	neg 1.0		off 0.3577992007561553 neg 0.3217906191384233 __DUMMY__ 0.32041018010542127	false	0.5
unbeliebtheit	neg 1.0		off 0.3636868660323795 neg 0.3200482816514366 __DUMMY__ 0.31626485231618384	false	0.5
sturheit	neg 1.0		off 0.35712909655974184 neg 0.3223470116811245 __DUMMY__ 0.3205238917591336	false	0.5
kuh	neg 1.0		off 0.35570284684938963 neg 0.3319834874913565 __DUMMY__ 0.31231366565925395	false	0.5
erschrecken	neg 1.0		off 0.36132707266005976 neg 0.3213729770598898 __DUMMY__ 0.31729995028005037	false	0.5
opfer	neg 1.0		off 0.3553543770707392 __DUMMY__ 0.3225952974082348 neg 0.32205032552102614	false	0.5
sinken	neg 1.0		off 0.349926146983093 neg 0.3292487943128425 __DUMMY__ 0.3208250587040645	false	0.5
stinktier	neg 1.0		off 0.36590081785650247 neg 0.32387891894936743 __DUMMY__ 0.3102202631941301	false	0.5
tucke	off 1.0		off 0.3708520468335423 neg 0.3204904748081531 __DUMMY__ 0.30865747835830476	false	1.0
ein			off 0.35483611975951435 neg 0.32712865956748904 __DUMMY__ 0.3180352206729966	false	0.0
abstieg	neg 1.0		off 0.356926450270602 __DUMMY__ 0.32241847585389466 neg 0.3206550738755035	false	0.5
missverstehen	neg 1.0		off 0.3602626486620157 neg 0.32180216292905744 __DUMMY__ 0.3179351884089269	false	0.5
ergebnislos	neg 1.0		off 0.3545827764149217 neg 0.3231787569272516 __DUMMY__ 0.3222384666578267	false	0.5
unter			off 0.3459150449565261 neg 0.3279474802746776 __DUMMY__ 0.3261374747687962	false	0.0
manipulieren	neg 1.0		off 0.3531170436312487 neg 0.32514921607066355 __DUMMY__ 0.32173374029808766	false	0.5
unbewiesen	neg 1.0	neg 1.0	neg 0.6485721716962518 off 0.19813717177137313 __DUMMY__ 0.15329065653237514	false	1.0
verschleppen	neg 1.0		off 0.3544228144783594 neg 0.3252082897465715 __DUMMY__ 0.3203688957750691	false	0.5
weib	off 1.0		off 0.37206828573655343 neg 0.3179691814110659 __DUMMY__ 0.3099625328523807	false	1.0
opposition	neg 1.0		off 0.35812416711808037 neg 0.3244737373819498 __DUMMY__ 0.3174020954999699	false	0.5
verkehrswidrig	neg 1.0		off 0.36921165679716716 neg 0.31549704648342386 __DUMMY__ 0.3152912967194089	false	0.5
inkorrekt	neg 1.0		off 0.3662044127648209 neg 0.319193359354451 __DUMMY__ 0.31460222788072817	false	0.5
vermeiden	neg 1.0		off 0.348612738182193 neg 0.3277078960139528 __DUMMY__ 0.3236793658038542	false	0.5
abweichung	neg 1.0	neg 1.0	neg 0.6485701702973692 off 0.19663613112251346 __DUMMY__ 0.15479369858011732	false	1.0
alkoholisiert	neg 1.0		off 0.35437559917838835 __DUMMY__ 0.3240241428855661 neg 0.32160025793604563	false	0.5
scheiss	off 1.0	off 1.0	off 0.6712393589889579 neg 0.17783949532788906 __DUMMY__ 0.15092114568315293	false	1.0
herausforderung	neg 1.0		off 0.35457355065901136 neg 0.32500399667707713 __DUMMY__ 0.32042245266391156	false	0.5
pervers	off 1.0		off 0.3751007823648997 neg 0.3153656440671116 __DUMMY__ 0.3095335735679886	false	1.0
wackelig	neg 1.0		off 0.3548791279599627 neg 0.324180064083935 __DUMMY__ 0.3209408079561023	false	0.5
verwickeln	neg 1.0		off 0.3594773045504702 neg 0.32201865423645004 __DUMMY__ 0.3185040412130798	false	0.5
vorwand	neg 1.0		off 0.35133270977166764 neg 0.3267654300695738 __DUMMY__ 0.3219018601587585	false	0.5
muschi	off 1.0		off 0.35692225334383476 neg 0.32329146148566396 __DUMMY__ 0.31978628517050134	false	1.0
entmutigung	neg 1.0		off 0.35818960031885294 neg 0.32574230005185395 __DUMMY__ 0.316068099629293	false	0.5
unangemessen	neg 1.0		off 0.3563758150153245 neg 0.3234527870872816 __DUMMY__ 0.32017139789739396	false	0.5
unstetig	neg 1.0		off 0.36088151378802835 neg 0.32243079059103014 __DUMMY__ 0.31668769562094157	false	0.5
entmutigen	neg 1.0		off 0.35817805358409316 neg 0.32305295986854193 __DUMMY__ 0.31876898654736496	false	0.5
schwanz	neg 1.0		off 0.3541030283005548 neg 0.3259093879420458 __DUMMY__ 0.3199875837573995	false	0.5
verbot	neg 1.0		off 0.35505162145724234 neg 0.3258072753105218 __DUMMY__ 0.3191411032322358	false	0.5
leid	neg 1.0		off 0.3680571951579576 neg 0.3182186615083049 __DUMMY__ 0.31372414333373755	false	0.5
archaisch	neg 1.0		off 0.3550406624216717 neg 0.3257485371644759 __DUMMY__ 0.31921080041385247	false	0.5
gegen			off 0.35212428271145124 neg 0.32451377091133377 __DUMMY__ 0.323361946377215	false	0.0
scheidung	neg 1.0		off 0.38087063352147954 __DUMMY__ 0.3106986022609511 neg 0.3084307642175695	false	0.5
einschlag	neg 1.0		off 0.3685773973757104 __DUMMY__ 0.31649647076625337 neg 0.31492613185803625	false	0.5
m			off 0.3550862236988466 neg 0.3245614993274463 __DUMMY__ 0.32035227697370705	false	0.0
abgestanden	neg 1.0		off 0.3535411219856962 neg 0.33153853037182957 __DUMMY__ 0.3149203476424742	false	0.5
schmierig	off 1.0		off 0.36747481555954575 neg 0.3188899509988907 __DUMMY__ 0.31363523344156347	false	1.0
unpraktisch	neg 1.0		off 0.35887970671962577 neg 0.3222790381195179 __DUMMY__ 0.3188412551608563	false	0.5
wixxer	off 1.0		off 0.3745020094231511 neg 0.3172058862085968 __DUMMY__ 0.30829210436825194	false	1.0
bezeichnet			off 0.3580707104104006 neg 0.3222530610238198 __DUMMY__ 0.31967622856577965	false	0.0
jammerlappen	off 1.0		off 0.3625709190355712 neg 0.32067894548796727 __DUMMY__ 0.3167501354764615	false	1.0
farce	neg 1.0		off 0.3563052657322641 neg 0.32575848716165234 __DUMMY__ 0.3179362471060836	false	0.5
zwecklos	neg 1.0		off 0.3547791030740651 neg 0.3252336222647287 __DUMMY__ 0.3199872746612061	false	0.5
turbulent	neg 1.0		off 0.36397170729179235 neg 0.32130787928746357 __DUMMY__ 0.314720413420744	false	0.5
invasion	neg 1.0		off 0.35973106280219347 neg 0.3225927289704693 __DUMMY__ 0.31767620822733716	false	0.5
schuld	neg 1.0		off 0.35867715496596053 neg 0.32250974240430674 __DUMMY__ 0.3188131026297327	false	0.5
risiko	neg 1.0		off 0.3577155014785007 neg 0.3259839919049153 __DUMMY__ 0.3163005066165842	false	0.5
finster	neg 1.0		off 0.35532254289335435 neg 0.3270568015242305 __DUMMY__ 0.3176206555824152	false	0.5
geisteskrank	off 1.0		off 0.3651479860275527 neg 0.31940120291817053 __DUMMY__ 0.31545081105427675	false	1.0
zusammenbrechen	neg 1.0		off 0.35475244032667436 neg 0.32553474682596545 __DUMMY__ 0.3197128128473601	false	0.5
ausbeute	neg 1.0		off 0.3576369826212372 __DUMMY__ 0.32152148201380765 neg 0.3208415353649551	false	0.5
hinterhalt	neg 1.0		off 0.3551460735061995 neg 0.325666589887324 __DUMMY__ 0.3191873366064766	false	0.5
kritik	neg 1.0		off 0.3560650885314215 neg 0.32582957192856643 __DUMMY__ 0.3181053395400121	false	0.5
einschrumpfen	neg 1.0		off 0.3614652980394141 neg 0.32341303152068385 __DUMMY__ 0.315121670439902	false	0.5
riskant	neg 1.0		off 0.3520177608792451 neg 0.32720500714484635 __DUMMY__ 0.32077723197590857	false	0.5
frustrieren	neg 1.0		off 0.3528403097464094 neg 0.32695019736327674 __DUMMY__ 0.3202094928903139	false	0.5
groll	neg 1.0		off 0.35595183872096564 neg 0.3231293557251269 __DUMMY__ 0.32091880555390734	false	0.5
gibt			off 0.35467514622780644 neg 0.3249818159761074 __DUMMY__ 0.3203430377960861	false	0.0
qualvoll	neg 1.0		off 0.35935863228234743 neg 0.32250032380214905 __DUMMY__ 0.31814104391550363	false	0.5
wackeln	neg 1.0		off 0.3569414651281877 neg 0.3236908807107468 __DUMMY__ 0.31936765416106555	false	0.5
klagen	neg 1.0		off 0.351159914399072 neg 0.3275016958246884 __DUMMY__ 0.32133838977623963	false	0.5
bankrott	neg 1.0		off 0.36235588334326996 neg 0.32022700330911574 __DUMMY__ 0.3174171133476143	false	0.5
trauern	neg 1.0		off 0.3549550180848766 __DUMMY__ 0.3238187940711943 neg 0.321226187843929	false	0.5
ablehnung	neg 1.0		off 0.3553542804049083 neg 0.3262878467949378 __DUMMY__ 0.3183578728001539	false	0.5
stur	neg 1.0		off 0.35835095807061784 neg 0.32321495296539093 __DUMMY__ 0.31843408896399117	false	0.5
aufruhr	neg 1.0	neg 1.0	neg 0.648336584657353 off 0.19781246718151088 __DUMMY__ 0.1538509481611361	false	1.0
melancholie	neg 1.0		off 0.35080997670035935 neg 0.3293168563217434 __DUMMY__ 0.31987316697789736	false	0.5
ist			off 0.35882753975980924 neg 0.3229041129618201 __DUMMY__ 0.31826834727837056	false	0.0
torheit	neg 1.0		off 0.3584669287405672 neg 0.3231082485683664 __DUMMY__ 0.3184248226910663	false	0.5
dreckskind	off 1.0		off 0.371548771385296 neg 0.31742737336188814 __DUMMY__ 0.31102385525281573	false	1.0
umtauschen	neg 1.0		off 0.3563270349774004 neg 0.3244027338788532 __DUMMY__ 0.3192702311437464	false	0.5
zum			off 0.35115659726224074 __DUMMY__ 0.32632857235939383 neg 0.3225148303783655	false	0.0
zersetzen	neg 1.0		off 0.3516169625988496 neg 0.32789360581024013 __DUMMY__ 0.3204894315909104	false	0.5
zur			off 0.3490218031292093 neg 0.3270886677522572 __DUMMY__ 0.3238895291185336	false	0.0
frust	neg 1.0		off 0.3548239342300467 neg 0.3250029041320597 __DUMMY__ 0.3201731616378935	false	0.5
unerbittlichkeit	neg 1.0		off 0.3535589544330788 neg 0.3250907608820346 __DUMMY__ 0.3213502846848865	false	0.5
zwei			off 0.34884814728890223 neg 0.32669148126328706 __DUMMY__ 0.3244603714478107	false	0.0
unkorrekt	neg 1.0		off 0.36504461385736164 neg 0.3197506267498463 __DUMMY__ 0.3152047593927921	false	0.5
hexe	off 1.0		off 0.3601171416198982 neg 0.3253839336655671 __DUMMY__ 0.3144989247145347	false	1.0
lasch	neg 1.0		off 0.3620379371810836 neg 0.32045750050203714 __DUMMY__ 0.3175045623168792	false	0.5
rivale	neg 1.0		off 0.3665957399363296 neg 0.31865608717969457 __DUMMY__ 0.31474817288397594	false	0.5
mutlos	off 1.0	off 1.0	off 0.6658329694493168 neg 0.17998288326062595 __DUMMY__ 0.15418414729005722	false	1.0
wirr	off 1.0		off 0.36660448389155564 neg 0.3195990953503551 __DUMMY__ 0.3137964207580892	false	1.0
jahr			off 0.35501309161924727 __DUMMY__ 0.32434439097432133 neg 0.32064251740643157	false	0.0
wird			off 0.35436698324743354 neg 0.3247559906608579 __DUMMY__ 0.3208770260917085	false	0.0
strafbar	neg 1.0		off 0.3536814849797287 neg 0.32472450125281893 __DUMMY__ 0.3215940137674524	false	0.5
erosion	neg 1.0		off 0.3576184947005412 neg 0.32307132289984564 __DUMMY__ 0.3193101823996132	false	0.5
eingehen	neg 1.0		off 0.352641441755519 neg 0.32709221076893796 __DUMMY__ 0.320266347475543	false	0.5
faul	off 1.0		off 0.3617656652513783 neg 0.321064746932253 __DUMMY__ 0.31716958781636884	false	1.0
provisorium	neg 1.0		off 0.3464450836484632 neg 0.3269802117557538 __DUMMY__ 0.32657470459578286	false	0.5
schmerzen	neg 1.0		off 0.3552558683920162 neg 0.3257449569316602 __DUMMY__ 0.3189991746763235	false	0.5
schrumpfen	neg 1.0		off 0.3471495191780663 neg 0.33119706204278726 __DUMMY__ 0.3216534187791465	false	0.5
geistlos	off 1.0		off 0.3594333205856255 neg 0.3240025945821001 __DUMMY__ 0.31656408483227455	false	1.0
fehlkauf	neg 1.0		off 0.35940034860415154 neg 0.3233643148716716 __DUMMY__ 0.31723533652417696	false	0.5
frustrierend	neg 1.0		off 0.36087899976008486 neg 0.32215523760865444 __DUMMY__ 0.3169657626312606	false	0.5
unzufrieden	neg 1.0		off 0.3547913744322302 neg 0.3248566317741136 __DUMMY__ 0.32035199379365625	false	0.5
verzweifeln	neg 1.0		off 0.3562045777079651 neg 0.3239412640127168 __DUMMY__ 0.3198541582793182	false	0.5
verzweifelt	neg 1.0		off 0.3583214021243832 neg 0.3233295932418047 __DUMMY__ 0.3183490046338122	false	0.5
misstrauensantrag	neg 1.0		off 0.3590259439322239 neg 0.32327359947607304 __DUMMY__ 0.31770045659170304	false	0.5
abfallen	neg 1.0		off 0.35680294786087513 neg 0.3246164566515056 __DUMMY__ 0.3185805954876194	false	0.5
fucker	off 1.0		off 0.36628249819859876 neg 0.3182670845799319 __DUMMY__ 0.31545041722146916	false	1.0
ungezogen	neg 1.0		off 0.37317634408558975 neg 0.31571290834202026 __DUMMY__ 0.31111074757239005	false	0.5
irrsinnig	neg 1.0	neg 1.0	neg 0.6491609502345135 off 0.19777445840802702 __DUMMY__ 0.15306459135745945	false	1.0
unfassbar	neg 1.0		off 0.36374026406394505 neg 0.3196949444476982 __DUMMY__ 0.31656479148835676	false	0.5
hart	neg 1.0		off 0.3607876980800218 neg 0.32642241934613364 __DUMMY__ 0.3127898825738445	false	0.5
widerlich	off 1.0		off 0.36391479969833684 neg 0.32030354198979066 __DUMMY__ 0.3157816583118725	false	1.0
fatal	neg 1.0	neg 1.0	neg 0.6501776393926499 off 0.19807644563001087 __DUMMY__ 0.15174591497733916	false	1.0
bruch	neg 1.0		off 0.3508072361296012 neg 0.3260644149577265 __DUMMY__ 0.32312834891267234	false	0.5
aushungern	neg 1.0		off 0.3553274915492353 neg 0.3255446921650937 __DUMMY__ 0.319127816285671	false	0.5
anspannung	neg 1.0		off 0.34940818829873294 neg 0.3256920483444343 __DUMMY__ 0.3248997633568328	false	0.5
von			off 0.3517318009292999 neg 0.32629589680794086 __DUMMY__ 0.3219723022627593	false	0.0
kraftlos	neg 1.0		off 0.3541054378346395 neg 0.3255069970598904 __DUMMY__ 0.32038756510547006	false	0.5
vom			off 0.3478988092731446 __DUMMY__ 0.3274516078010669 neg 0.32464958292578855	false	0.0
grenzdebil	off 1.0		off 0.3633700850875417 neg 0.32103424997588237 __DUMMY__ 0.315595664936576	false	1.0
vor			off 0.35066946643732266 neg 0.326703945211832 __DUMMY__ 0.32262658835084534	false	0.0
unterwerfen	neg 1.0		off 0.3544056346320022 neg 0.3241955165582206 __DUMMY__ 0.32139884880977726	false	0.5
versenkung	neg 1.0		off 0.35372199685309674 neg 0.32466140152764 __DUMMY__ 0.3216166016192633	false	0.5
entziehen	neg 1.0		off 0.3511454103018655 neg 0.3269855537539084 __DUMMY__ 0.32186903594422606	false	0.5
finanzkrise	neg 1.0		off 0.35324640946311553 neg 0.3315501100304946 __DUMMY__ 0.31520348050638985	false	0.5
schimpfend	neg 1.0		off 0.3587531804374227 neg 0.32158076807845964 __DUMMY__ 0.31966605148411764	false	0.5
profan	neg 1.0		off 0.35929223899317103 neg 0.3231220856304539 __DUMMY__ 0.31758567537637505	false	0.5
korruption	neg 1.0		off 0.35414983974803727 neg 0.3271096047028279 __DUMMY__ 0.3187405555491348	false	0.5
â			off 0.35401465392632003 neg 0.325820866876787 __DUMMY__ 0.3201644791968931	false	0.0
schmutzig	neg 1.0		off 0.3638034681577855 neg 0.3203515081983504 __DUMMY__ 0.315845023643864	false	0.5
sexy	neg 1.0		off 0.3615036935045861 neg 0.32087191125231734 __DUMMY__ 0.3176243952430965	false	0.5
abraten	neg 1.0		off 0.35933063549486705 neg 0.3222442783615571 __DUMMY__ 0.3184250861435759	false	0.5
schwarz	neg 1.0		off 0.35960671591233695 neg 0.3222787138303861 __DUMMY__ 0.31811457025727713	false	0.5
fotze	off 1.0	off 1.0	off 0.6663006479174758 neg 0.17964445548965668 __DUMMY__ 0.15405489659286747	false	1.0
verwirren	neg 1.0		off 0.36001357510044346 neg 0.3220064638890761 __DUMMY__ 0.31797996101048037	false	0.5
zahnlos	off 1.0		off 0.3558182790023817 neg 0.3242569335243639 __DUMMY__ 0.3199247874732543	false	1.0
verheeren	neg 1.0		off 0.3748333636461617 neg 0.31424280690841394 __DUMMY__ 0.3109238294454243	false	0.5
hippie	neg 1.0		off 0.3608467923085973 neg 0.32173570393396483 __DUMMY__ 0.3174175037574378	false	0.5
rammen	neg 1.0		off 0.3575034481505186 neg 0.32392599406136535 __DUMMY__ 0.31857055778811616	false	0.5
unlauter	neg 1.0		off 0.3586759348194282 neg 0.32408477839927063 __DUMMY__ 0.317239286781301	false	0.5
unheilvoll	neg 1.0		off 0.3577758456639296 neg 0.3243777266663035 __DUMMY__ 0.3178464276697669	false	0.5
niedrig	neg 1.0		off 0.35288569456057967 neg 0.3279420360216255 __DUMMY__ 0.3191722694177948	false	0.5
explosion	neg 1.0		off 0.36091597877283116 neg 0.32143289444950673 __DUMMY__ 0.317651126777662	false	0.5
weichei	off 1.0	off 1.0	off 0.6734856700332106 neg 0.17686026575349473 __DUMMY__ 0.14965406421329475	false	1.0
minusmensch	off 1.0		off 0.37356740032834873 neg 0.31653657740219165 __DUMMY__ 0.3098960222694595	false	1.0
farblos	neg 1.0		off 0.35813714129718294 neg 0.32367582250861 __DUMMY__ 0.3181870361942072	false	0.5
unwissend	neg 1.0	neg 1.0	neg 0.6480458690101861 off 0.2000316993623184 __DUMMY__ 0.15192243162749547	false	1.0
traurig	neg 1.0		off 0.36627179525888776 neg 0.31860674685561163 __DUMMY__ 0.3151214578855005	false	0.5
senkung	neg 1.0		off 0.3582182515790912 neg 0.3265314330398048 __DUMMY__ 0.31525031538110404	false	0.5
ungleich	neg 1.0	neg 1.0	neg 0.6503384976308749 off 0.1954062799997688 __DUMMY__ 0.15425522236935627	false	1.0
heikel	neg 1.0		off 0.35275697826163 neg 0.32599159988042253 __DUMMY__ 0.32125142185794753	false	0.5
drosselung	neg 1.0		off 0.36184901122775925 neg 0.32465693353302433 __DUMMY__ 0.3134940552392165	false	0.5
falsch	neg 1.0		off 0.3618371093521198 neg 0.3205466520993688 __DUMMY__ 0.31761623854851134	false	0.5
unzufriedenheit	neg 1.0		off 0.35136724896367383 neg 0.3284850989086096 __DUMMY__ 0.3201476521277166	false	0.5
kurz	neg 1.0		off 0.3556483842784904 neg 0.323312212998481 __DUMMY__ 0.3210394027230287	false	0.5
unsinnig	neg 1.0		off 0.35536285215615626 neg 0.32607346648715296 __DUMMY__ 0.31856368135669083	false	0.5
penner	off 1.0	off 1.0	off 0.6749074888122635 neg 0.17549248435533085 __DUMMY__ 0.1496000268324056	false	1.0
seicht	neg 1.0		off 0.37115151430347615 neg 0.3187288109869429 __DUMMY__ 0.3101196747095811	false	0.5
dummheit	off 1.0	off 1.0	off 0.668812707773367 neg 0.17887824285246048 __DUMMY__ 0.15230904937417253	false	1.0
unerfreulich	neg 1.0		off 0.3521368249050618 neg 0.32674972711971145 __DUMMY__ 0.32111344797522673	false	0.5
motherfucker	off 1.0	off 1.0	off 0.6719773430581973 neg 0.1766409482122631 __DUMMY__ 0.15138170872953957	false	1.0
pikiert	neg 1.0		off 0.3625209083339368 neg 0.32148007646678073 __DUMMY__ 0.3159990151992826	false	0.5
wrack	neg 1.0		off 0.35778429465567935 __DUMMY__ 0.323095051412287 neg 0.31912065393203365	false	0.5
gangster	neg 1.0		off 0.3610325404176874 neg 0.32169635898142984 __DUMMY__ 0.3172711006008827	false	0.5
krank	neg 1.0		off 0.36431580100706945 neg 0.3191446142490865 __DUMMY__ 0.3165395847438441	false	0.5
reich	neg 1.0		off 0.3597893341191064 neg 0.3253828874897846 __DUMMY__ 0.314827778391109	false	0.5
gnadenlos	neg 1.0		off 0.35855597461223976 neg 0.3223093408887852 __DUMMY__ 0.319134684498975	false	0.5
niedergeschlagen	neg 1.0		off 0.35563073111293253 neg 0.32281895980877057 __DUMMY__ 0.32155030907829685	false	0.5
terrorisieren	off 1.0	off 1.0	off 0.6655583963267921 neg 0.17952565972379034 __DUMMY__ 0.15491594394941754	false	1.0
sinnlosigkeit	neg 1.0		off 0.3551817518809735 neg 0.32482706155056496 __DUMMY__ 0.3199911865684617	false	0.5
behindern	neg 1.0		off 0.3564898965872291 neg 0.3247909232718052 __DUMMY__ 0.3187191801409657	false	0.5
undemokratisch	neg 1.0		off 0.3590725778086506 neg 0.3236291011268136 __DUMMY__ 0.3172983210645358	false	0.5
wirtschaftskrise	neg 1.0		off 0.35287376438112095 neg 0.3292257232839068 __DUMMY__ 0.31790051233497224	false	0.5
neid	neg 1.0		off 0.3607525513788763 neg 0.3217284277514022 __DUMMY__ 0.3175190208697214	false	0.5
rutschen	neg 1.0		off 0.3483223260262918 neg 0.32738567583691935 __DUMMY__ 0.3242919981367887	false	0.5
rezession	neg 1.0		off 0.36358071820247206 neg 0.32490787726480547 __DUMMY__ 0.31151140453272236	false	0.5
fehlgeburt	neg 1.0		off 0.35845859461274376 neg 0.3216245837184479 __DUMMY__ 0.3199168216688084	false	0.5
charakterschwach	off 1.0		off 0.3630130726669264 neg 0.3214209396471224 __DUMMY__ 0.3155659876859512	false	1.0
isolation	neg 1.0		off 0.36208205383973296 neg 0.3199070242192399 __DUMMY__ 0.31801092194102726	false	0.5
ablenkung	neg 1.0		off 0.3572488497555304 neg 0.3229220103869896 __DUMMY__ 0.3198291398574801	false	0.5
pech	neg 1.0		off 0.3613673356062938 neg 0.32192025302883853 __DUMMY__ 0.3167124113648676	false	0.5
vermeidung	neg 1.0		off 0.36310953062620743 neg 0.32168177599595976 __DUMMY__ 0.31520869337783286	false	0.5
dominieren	neg 1.0		off 0.35572817621317493 neg 0.32427532120956676 __DUMMY__ 0.31999650257725837	false	0.5
schwindlig	neg 1.0		off 0.35879949010636175 neg 0.32351787306875746 __DUMMY__ 0.3176826368248808	false	0.5
lutscher	neg 1.0	neg 1.0	neg 0.6457865297335805 off 0.206112897252263 __DUMMY__ 0.14810057301415663	false	1.0
pflicht	neg 1.0		off 0.35185121177152 neg 0.32570402726547 __DUMMY__ 0.32244476096301006	false	0.5
faschist	off 1.0		off 0.36184200439862274 neg 0.3202998591571069 __DUMMY__ 0.31785813644427036	false	1.0
verschleudern	neg 1.0		off 0.35140611589744997 neg 0.3302132468052141 __DUMMY__ 0.3183806372973359	false	0.5
wenn			off 0.3621700353450848 neg 0.3210227143548215 __DUMMY__ 0.3168072503000937	false	0.0
ehebruch	neg 1.0		off 0.3545324646042586 neg 0.3248080390069542 __DUMMY__ 0.3206594963887871	false	0.5
spott	off 1.0		off 0.35485941682462113 neg 0.32385036609576434 __DUMMY__ 0.3212902170796146	false	1.0
trostlosigkeit	neg 1.0		off 0.3499067729100246 neg 0.32969842994583254 __DUMMY__ 0.3203947971441428	false	0.5
lutschen	neg 1.0		off 0.36120927526427166 neg 0.32224143104788394 __DUMMY__ 0.31654929368784435	false	0.5
undiszipliniert	neg 1.0		off 0.3652969070290071 neg 0.31954414757386285 __DUMMY__ 0.31515894539713	false	0.5
kopfschmerz	neg 1.0		off 0.35207643485683765 neg 0.3292024099441423 __DUMMY__ 0.3187211551990201	false	0.5
unvorhergesehen	neg 1.0		off 0.35246681772909094 neg 0.3247648652821456 __DUMMY__ 0.32276831698876346	false	0.5
desinteressiert	neg 1.0		off 0.36453863505762035 neg 0.32013136406185094 __DUMMY__ 0.3153300008805286	false	0.5
armselig	off 1.0		off 0.36731851816229133 neg 0.3178868897929458 __DUMMY__ 0.31479459204476273	false	1.0
desaster	neg 1.0		off 0.3503278583729039 neg 0.3280215925534259 __DUMMY__ 0.32165054907367013	false	0.5
tod	neg 1.0		off 0.3537970794893987 neg 0.32492861135622503 __DUMMY__ 0.3212743091543762	false	0.5
herzlos	neg 1.0		off 0.36659972163227733 neg 0.31854755366918397 __DUMMY__ 0.31485272469853864	false	0.5
unwissenheit	neg 1.0		off 0.354759851704828 neg 0.32522106337793233 __DUMMY__ 0.32001908491723957	false	0.5
widersinnig	neg 1.0		off 0.35495774677348835 neg 0.32711331123185816 __DUMMY__ 0.31792894199465344	false	0.5
bedenklich	neg 1.0		off 0.3534200034308627 neg 0.32664987937272016 __DUMMY__ 0.31993011719641723	false	0.5
beanstanden	neg 1.0		off 0.3529691602440136 neg 0.3244024534813731 __DUMMY__ 0.32262838627461315	false	0.5
panisch	neg 1.0		off 0.359758947680403 neg 0.321232320290545 __DUMMY__ 0.319008732029052	false	0.5
debil	off 1.0		off 0.345482434209691 neg 0.3301400666604192 __DUMMY__ 0.3243774991298899	false	1.0
abstrich	neg 1.0		off 0.3551199652993751 neg 0.32573941450638455 __DUMMY__ 0.3191406201942404	false	0.5
primitiv	neg 1.0		off 0.36497609677201165 neg 0.3194333075111427 __DUMMY__ 0.3155905957168458	false	0.5
abschaum	off 1.0	off 1.0	off 0.6711859635559937 neg 0.17633261107472387 __DUMMY__ 0.1524814253692824	false	1.0
provozieren	neg 1.0		off 0.3582162453508547 neg 0.32310573620784755 __DUMMY__ 0.3186780184412977	false	0.5
tot	neg 1.0		off 0.35397866694422064 neg 0.32706421462781093 __DUMMY__ 0.3189571184279684	false	0.5
instabil	neg 1.0		off 0.36625436045030874 neg 0.32058813069402037 __DUMMY__ 0.31315750885567095	false	0.5
schwuchtel	off 1.0	off 1.0	off 0.6787177657656278 neg 0.17408012677286058 __DUMMY__ 0.14720210746151172	false	1.0
zerren	neg 1.0		off 0.35505324595979476 neg 0.3238841919339866 __DUMMY__ 0.3210625621062186	false	0.5
kinderficker	off 1.0		off 0.3696887037889157 neg 0.31674250082250627 __DUMMY__ 0.313568795388578	false	1.0
gefahr	neg 1.0		off 0.3526513924176078 neg 0.32480740855195595 __DUMMY__ 0.3225411990304363	false	0.5
rabiat	neg 1.0		off 0.35625277542989764 neg 0.3243766925232783 __DUMMY__ 0.3193705320468242	false	0.5
verlangsamung	neg 1.0		off 0.3703773456313382 neg 0.31807302421111894 __DUMMY__ 0.31154963015754294	false	0.5
ausgestorben	neg 1.0		off 0.35614781518222605 neg 0.32386577543210965 __DUMMY__ 0.31998640938566436	false	0.5
anklagen	neg 1.0		off 0.35610867622917297 neg 0.323597903641972 __DUMMY__ 0.3202934201288551	false	0.5
trott	neg 1.0		off 0.3571734324788236 neg 0.32366017258817786 __DUMMY__ 0.3191663949329984	false	0.5
verminderung	neg 1.0		off 0.36342086315964917 neg 0.3211482730190465 __DUMMY__ 0.3154308638213042	false	0.5
nach			off 0.34772880322608046 neg 0.3266497196717732 __DUMMY__ 0.3256214771021465	false	0.0
rost	neg 1.0		off 0.3738624722924479 __DUMMY__ 0.31331814078897136 neg 0.3128193869185807	false	0.5
destruktiv	neg 1.0		off 0.356742261560936 neg 0.3244732471751894 __DUMMY__ 0.31878449126387465	false	0.5
unzumutbarkeit	neg 1.0		off 0.3633030657396072 neg 0.32117091158528827 __DUMMY__ 0.31552602267510454	false	0.5
labil	off 1.0	off 1.0	off 0.6701506169227722 neg 0.17785507266143794 __DUMMY__ 0.1519943104157898	false	1.0
ziemlich	neg 1.0		off 0.3635059438503326 neg 0.3197004434850599 __DUMMY__ 0.3167936126646074	false	0.5
lachnummer	off 1.0		off 0.3583729752969453 neg 0.32199978775666144 __DUMMY__ 0.31962723694639333	false	1.0
oder			off 0.35816030580495 neg 0.32229277221783076 __DUMMY__ 0.3195469219772193	false	0.0
verfall	neg 1.0		off 0.3474648190760576 neg 0.3307786371517894 __DUMMY__ 0.32175654377215296	false	0.5
ausgrenzung	neg 1.0		off 0.3587698341669566 neg 0.324140715811947 __DUMMY__ 0.3170894500210963	false	0.5
unordnung	neg 1.0		off 0.36732307613809184 neg 0.3190702634329243 __DUMMY__ 0.3136066604289838	false	0.5
fehlverhalten	neg 1.0		off 0.35321208275023 neg 0.32565686041081104 __DUMMY__ 0.321131056838959	false	0.5
eine			off 0.3508049022462981 neg 0.3273251484200205 __DUMMY__ 0.3218699493336815	false	0.0
nille	neg 1.0		off 0.3576074073306987 neg 0.323285967060218 __DUMMY__ 0.31910662560908337	false	0.5
qual	neg 1.0		off 0.3566398091737398 neg 0.3242514919940452 __DUMMY__ 0.31910869883221504	false	0.5
verschwenden	neg 1.0		off 0.35185007617386166 neg 0.3280854369127877 __DUMMY__ 0.3200644869133505	false	0.5
riesig	neg 1.0		off 0.3537005022735506 neg 0.32500851546533216 __DUMMY__ 0.3212909822611172	false	0.5
verurteilen	neg 1.0		off 0.35563729842860137 neg 0.32413131385390564 __DUMMY__ 0.3202313877174929	false	0.5
klischee	neg 1.0	neg 1.0	neg 0.648547075144962 off 0.199383652206045 __DUMMY__ 0.15206927264899298	false	1.0
diktatorisch	neg 1.0		off 0.3590899114184114 neg 0.32376730051291397 __DUMMY__ 0.3171427880686746	false	0.5
vorhersehbar	neg 1.0		off 0.3597695168752059 neg 0.32341786112542287 __DUMMY__ 0.3168126219993712	false	0.5
sowie			off 0.3677710710781354 neg 0.3197518702768298 __DUMMY__ 0.3124770586450348	false	0.0
stornieren	neg 1.0		off 0.3625829224036902 __DUMMY__ 0.3204892437684613 neg 0.3169278338278484	false	0.5
besteuerung	neg 1.0	neg 1.0	neg 0.6519088111347234 off 0.19652794296441564 __DUMMY__ 0.15156324590086095	false	1.0
ungeschminkt	neg 1.0		off 0.36448352269186113 neg 0.3205738997858246 __DUMMY__ 0.31494257752231425	false	0.5
kritisch	neg 1.0		off 0.3548822415942924 neg 0.3248917005995986 __DUMMY__ 0.32022605780610885	false	0.5
schlamperei	off 1.0		off 0.35355361431963034 neg 0.3256615442324747 __DUMMY__ 0.32078484144789504	false	1.0
sucht	neg 1.0	neg 1.0	neg 0.6481586467859096 off 0.19840488317001587 __DUMMY__ 0.15343647004407449	false	1.0
egoistisch	off 1.0	off 1.0	off 0.6741727450035121 neg 0.175183554391936 __DUMMY__ 0.15064370060455193	false	1.0
ausbeuter	off 1.0		off 0.3518873801741318 neg 0.32812838272412886 __DUMMY__ 0.31998423710173934	false	1.0
arschgeburt	off 1.0		off 0.3772118187560064 neg 0.31535993834816056 __DUMMY__ 0.30742824289583287	false	1.0
schubs	neg 1.0		off 0.3528753879546891 neg 0.32796041131935355 __DUMMY__ 0.31916420072595736	false	0.5
unsolide	neg 1.0		off 0.36047370417913005 neg 0.3216440102972051 __DUMMY__ 0.31788228552366476	false	0.5
beschwerde	neg 1.0		off 0.3556231274670862 neg 0.3238884102975039 __DUMMY__ 0.3204884622354099	false	0.5
stocken	neg 1.0		off 0.3538466446439369 neg 0.32583314179608824 __DUMMY__ 0.3203202135599748	false	0.5
isolieren	neg 1.0		off 0.3542701666861537 neg 0.3266486423166608 __DUMMY__ 0.3190811909971856	false	0.5
unheilbar	neg 1.0		off 0.3576425427098122 neg 0.32296208566824774 __DUMMY__ 0.3193953716219401	false	0.5
pisser	off 1.0	off 1.0	off 0.6723834880588095 neg 0.17660398833978963 __DUMMY__ 0.15101252360140074	false	1.0
löschen	neg 1.0		off 0.3575732423133109 neg 0.32384792144425484 __DUMMY__ 0.3185788362424343	false	0.5
durchfallen	neg 1.0		off 0.3548987588449483 neg 0.32454971207290684 __DUMMY__ 0.320551529082145	false	0.5
wichser	off 1.0	off 1.0	off 0.6766527546788782 neg 0.17467256795722036 __DUMMY__ 0.14867467736390144	false	1.0
terror	neg 1.0		off 0.3606094666297001 neg 0.32190434584069244 __DUMMY__ 0.31748618752960744	false	0.5
krass	neg 1.0		off 0.36797271961448597 neg 0.3184353971481038 __DUMMY__ 0.3135918832374102	false	0.5
revolte	neg 1.0		off 0.35999861489470264 neg 0.32421919246627756 __DUMMY__ 0.31578219263901985	false	0.5
besorgt	neg 1.0		off 0.35618247642930867 neg 0.3223944209090785 __DUMMY__ 0.32142310266161295	false	0.5
nachlassen	neg 1.0		off 0.35442226653242564 neg 0.3245278867335934 __DUMMY__ 0.321049846733981	false	0.5
alt	neg 1.0		off 0.3514105114096545 neg 0.33059791863114707 __DUMMY__ 0.3179915699591985	false	0.5
hundesohn	off 1.0	off 1.0	off 0.67571529086998 neg 0.1757049592362102 __DUMMY__ 0.14857974989380984	false	1.0
als			off 0.35479578449753585 neg 0.32542725911313075 __DUMMY__ 0.31977695638933334	false	0.0
abschreckung	neg 1.0		off 0.352206385462745 neg 0.326489546183005 __DUMMY__ 0.32130406835424996	false	0.5
unqualifiziert	neg 1.0		off 0.36222120751575554 neg 0.32049395542951953 __DUMMY__ 0.31728483705472493	false	0.5
abgewichst	off 1.0		off 0.35707552815000115 neg 0.3233440117671737 __DUMMY__ 0.31958046008282526	false	1.0
schwer	neg 1.0		off 0.35670973882248963 neg 0.32370473544852246 __DUMMY__ 0.3195855257289879	false	0.5
bedeutungslosigkeit	neg 1.0		off 0.3526724670421548 neg 0.3263035936870601 __DUMMY__ 0.32102393927078504	false	0.5
kapitulation	neg 1.0		off 0.3536075475782075 neg 0.3271990157930826 __DUMMY__ 0.31919343662870997	false	0.5
unscharf	neg 1.0		off 0.3572202188831713 neg 0.32739737167156685 __DUMMY__ 0.3153824094452619	false	0.5
schwinden	neg 1.0		off 0.3514252142287443 neg 0.3290167598854009 __DUMMY__ 0.3195580258858547	false	0.5
versklavung	neg 1.0	neg 1.0	neg 0.6498698555486788 off 0.19780422483140692 __DUMMY__ 0.1523259196199142	false	1.0
schlecht	neg 1.0		off 0.36400788299706016 neg 0.31885406755389745 __DUMMY__ 0.3171380494490423	false	0.5
verhasst	neg 1.0		off 0.35889967142361207 neg 0.322813057097393 __DUMMY__ 0.3182872714789948	false	0.5
beschweren	neg 1.0		off 0.35991165764980637 neg 0.32104761175230156 __DUMMY__ 0.31904073059789195	false	0.5
scheiden	neg 1.0		off 0.3571220450282958 neg 0.3239346702795304 __DUMMY__ 0.3189432846921738	false	0.5
frustriert	neg 1.0		off 0.35597552494240065 neg 0.32393322714070655 __DUMMY__ 0.3200912479168928	false	0.5
schimmelig	neg 1.0		off 0.35246845967769747 neg 0.32906201019614795 __DUMMY__ 0.31846953012615475	false	0.5
fisch	neg 1.0		off 0.3485153199512806 neg 0.33227793580978443 __DUMMY__ 0.319206744238935	false	0.5
schmuggel	neg 1.0		off 0.352320846948858 neg 0.32443252263875433 __DUMMY__ 0.3232466304123876	false	0.5
auffallen	neg 1.0		off 0.3599157331731368 neg 0.32181118460471636 __DUMMY__ 0.31827308222214695	false	0.5
konkurrenz	neg 1.0		off 0.35303688813323003 neg 0.3247185114679763 __DUMMY__ 0.32224460039879377	false	0.5
teufelskreis	neg 1.0	neg 1.0	neg 0.6508270739063965 off 0.19625214630810667 __DUMMY__ 0.15292077978549684	false	1.0
aufschreien	neg 1.0		off 0.3599747420320072 neg 0.3227597639622093 __DUMMY__ 0.3172654940057836	false	0.5
schuldner	neg 1.0		off 0.35061465330712666 neg 0.33048905806163975 __DUMMY__ 0.31889628863123365	false	0.5
missgeburt	off 1.0	off 1.0	off 0.6754200194664802 neg 0.17482723240238612 __DUMMY__ 0.14975274813113365	false	1.0
arbeitslos	neg 1.0		off 0.3545294365986756 neg 0.3251546708212517 __DUMMY__ 0.3203158925800728	false	0.5
befallen	neg 1.0		off 0.35431133988370983 neg 0.3282817750898553 __DUMMY__ 0.3174068850264349	false	0.5
miesepetrig	off 1.0	off 1.0	off 0.6702633281288419 neg 0.17763732150272835 __DUMMY__ 0.15209935036842973	false	1.0
alarmieren	neg 1.0		off 0.36288142852419575 neg 0.31978181381209475 __DUMMY__ 0.3173367576637095	false	0.5
ungeduscht	off 1.0		off 0.3611629423890992 neg 0.32275622824130856 __DUMMY__ 0.31608082936959225	false	1.0
knappheit	neg 1.0		off 0.35311650605649053 neg 0.32884018130657017 __DUMMY__ 0.3180433126369392	false	0.5
schlange	neg 1.0		off 0.357973633683668 neg 0.32253795410958297 __DUMMY__ 0.3194884122067491	false	0.5
harsch	neg 1.0		off 0.3682998149948966 neg 0.3166282604189304 __DUMMY__ 0.315071924586173	false	0.5
lang	neg 1.0		off 0.3585625508102663 neg 0.3229984419698848 __DUMMY__ 0.318439007219849	false	0.5
ziellos	neg 1.0		off 0.353251612361783 neg 0.3252333693417299 __DUMMY__ 0.3215150182964871	false	0.5
selbstverliebt	neg 1.0		off 0.37558190164889305 neg 0.3140493413234835 __DUMMY__ 0.31036875702762357	false	0.5
beseitigen	neg 1.0		off 0.3579586493213441 neg 0.32184860388903636 __DUMMY__ 0.32019274678961956	false	0.5
dumm	off 1.0		off 0.37015761902398886 neg 0.3171801619513468 __DUMMY__ 0.3126622190246643	false	1.0
arbeitsloser	neg 1.0		off 0.35721548111576085 __DUMMY__ 0.3231073807185478 neg 0.3196771381656913	false	0.5
blitzen	neg 1.0		off 0.3610618527032712 neg 0.3222200439018387 __DUMMY__ 0.31671810339489004	false	0.5
hilflos	neg 1.0		off 0.3545732839216659 neg 0.32525146547841666 __DUMMY__ 0.3201752505999176	false	0.5
eklig	off 1.0		off 0.3697456184398369 neg 0.31884002839152253 __DUMMY__ 0.3114143531686406	false	1.0
begriff			off 0.35695690377134287 neg 0.32353451605076766 __DUMMY__ 0.3195085801778894	false	0.0
hungersnot	neg 1.0		off 0.35401931422557253 neg 0.32706121415440786 __DUMMY__ 0.3189194716200195	false	0.5
ungesetzlich	neg 1.0		off 0.3593546940659687 neg 0.32321157309240817 __DUMMY__ 0.31743373284162324	false	0.5
verschwendung	neg 1.0		off 0.35237092491510325 neg 0.32687500797326147 __DUMMY__ 0.3207540671116352	false	0.5
schmerzvoll	neg 1.0		off 0.35823664617295786 neg 0.32394426921248376 __DUMMY__ 0.31781908461455843	false	0.5
vorzeitig	neg 1.0		off 0.3633323937129198 neg 0.3193431917032253 __DUMMY__ 0.31732441458385513	false	0.5
unvollkommenheit	neg 1.0		off 0.35523214532552116 neg 0.3253538166299208 __DUMMY__ 0.31941403804455804	false	0.5
intervenieren	neg 1.0		off 0.35207843876934897 neg 0.3286858861204076 __DUMMY__ 0.31923567511024337	false	0.5
banause	off 1.0		off 0.3701388397207619 neg 0.3205901696553766 __DUMMY__ 0.30927099062386154	false	1.0
rebell	neg 1.0		off 0.3467964177523656 neg 0.33284745989038866 __DUMMY__ 0.32035612235724586	false	0.5
unlogisch	neg 1.0		off 0.3655460421612421 neg 0.3198747492730759 __DUMMY__ 0.314579208565682	false	0.5
leiden	neg 1.0		off 0.3530254958429215 neg 0.3235776686016766 __DUMMY__ 0.32339683555540194	false	0.5
abschaffung	neg 1.0		off 0.357216294676317 neg 0.3256795943487127 __DUMMY__ 0.31710411097497043	false	0.5
sturz	neg 1.0		off 0.36118281699395055 __DUMMY__ 0.32010954093103294 neg 0.31870764207501634	false	0.5
verkleinerung	neg 1.0		off 0.35957607053266877 neg 0.3258789456392608 __DUMMY__ 0.3145449838280706	false	0.5
schmarotzer	off 1.0		off 0.3555904148773709 neg 0.3244831587532883 __DUMMY__ 0.31992642636934077	false	1.0
bestrafung	neg 1.0	neg 1.0	neg 0.64851398117729 off 0.19790683770863032 __DUMMY__ 0.15357918111407978	false	1.0
achtlos	neg 1.0		off 0.3563660264165154 neg 0.32314365753026364 __DUMMY__ 0.32049031605322087	false	0.5
ungeheuer	neg 1.0		off 0.3564699541889436 neg 0.32597215573486205 __DUMMY__ 0.31755789007619417	false	0.5
unaufrichtig	neg 1.0		off 0.3621492031433529 neg 0.3205548297918695 __DUMMY__ 0.3172959670647776	false	0.5
groggy	neg 1.0		off 0.3611677988628672 neg 0.3207767366635661 __DUMMY__ 0.31805546447356675	false	0.5
verletzlich	neg 1.0		off 0.3610756818202602 neg 0.32448125449773263 __DUMMY__ 0.3144430636820071	false	0.5
ablehnen	neg 1.0		off 0.354508574208366 neg 0.325239579707641 __DUMMY__ 0.32025184608399304	false	0.5
