unsolidarisch	neg 1.0		off 0.5195701762275616 neg 0.4735895945590838 __DUMMY__ 0.006840229213354536	false	0.5
nachteilig	neg 1.0		off 0.5180640928858816 neg 0.4750124827116111 __DUMMY__ 0.0069234244025073504	false	0.5
skeptisch	neg 1.0		off 0.516420239588904 neg 0.476653641383654 __DUMMY__ 0.006926119027441856	false	0.5
schrecklich	neg 1.0		off 0.5280328792189986 neg 0.46518929007082993 __DUMMY__ 0.006777830710171531	false	0.5
schlapp	neg 1.0	neg 1.0	neg 0.7184802754676123 off 0.27828695242683776 __DUMMY__ 0.0032327721055499963	false	1.0
abfall	neg 1.0		off 0.5152107855965171 neg 0.4778091836132783 __DUMMY__ 0.006980030790204568	false	0.5
widerspenstig	neg 1.0		off 0.5187498697771279 neg 0.474387525616764 __DUMMY__ 0.00686260460610809	false	0.5
abrupt	neg 1.0		off 0.5143680759437416 neg 0.47872941456410223 __DUMMY__ 0.006902509492156187	false	0.5
unwirksam	neg 1.0		off 0.5160308869294756 neg 0.47717653476054717 __DUMMY__ 0.006792578309977192	false	0.5
angreifen	neg 1.0		off 0.516338405662523 neg 0.4767231449626715 __DUMMY__ 0.0069384493748054325	false	0.5
inkonsistent	neg 1.0		off 0.5207401221116787 neg 0.4724446985985847 __DUMMY__ 0.006815179289736541	false	0.5
abrutschen	neg 1.0		off 0.5142631683850785 neg 0.4787640640631754 __DUMMY__ 0.006972767551746131	false	0.5
unsicher	neg 1.0		off 0.5210460292180221 neg 0.47206284500438045 __DUMMY__ 0.006891125777597239	false	0.5
bauernkind	off 1.0	off 1.0	off 0.7484224237454943 neg 0.24841619147773686 __DUMMY__ 0.003161384776768845	false	1.0
angreifer	neg 1.0		off 0.5266269848371433 neg 0.46648946310748146 __DUMMY__ 0.006883552055375264	false	0.5
trennen	neg 1.0		off 0.5166796249554969 neg 0.47637135386370993 __DUMMY__ 0.006949021180793085	false	0.5
schmutz	neg 1.0		off 0.526897841947889 neg 0.4661964946108725 __DUMMY__ 0.006905663441238453	false	0.5
inkonsistenz	neg 1.0		off 0.5246797605478442 neg 0.46849591899892407 __DUMMY__ 0.006824320453231848	false	0.5
erschreckend	neg 1.0		off 0.5197331087220765 neg 0.47338200082481197 __DUMMY__ 0.006884890453111527	false	0.5
ertrinken	neg 1.0		off 0.5145547409358976 neg 0.4785242213819894 __DUMMY__ 0.006921037682112883	false	0.5
pickelface	off 1.0		off 0.5204704857899907 neg 0.47266488939644885 __DUMMY__ 0.006864624813560411	false	1.0
seiner			off 0.517337413668859 neg 0.47571755399252696 __DUMMY__ 0.006945032338614121	false	0.0
lauch	neg 1.0	neg 1.0	neg 0.724378380214337 off 0.27231989896185216 __DUMMY__ 0.0033017208238107984	false	1.0
unwichtig	neg 1.0		off 0.5246073941168149 neg 0.46856798361951507 __DUMMY__ 0.006824622263670168	false	0.5
steuerhinterziehung	neg 1.0		off 0.5189266837033246 neg 0.4742054940726817 __DUMMY__ 0.006867822223993698	false	0.5
schock	neg 1.0		off 0.5192302110347169 neg 0.47387123816259347 __DUMMY__ 0.0068985508026897435	false	0.5
beule	neg 1.0		off 0.5253049478876526 neg 0.46791658835528704 __DUMMY__ 0.006778463757060195	false	0.5
vergelten	neg 1.0		off 0.5292122073048344 neg 0.4640142102411397 __DUMMY__ 0.006773582454025768	false	0.5
verdorbenheit	neg 1.0		off 0.5214625201851598 neg 0.4716735935422397 __DUMMY__ 0.006863886272600439	false	0.5
trauma	neg 1.0		off 0.5209063373077043 neg 0.4722430801850101 __DUMMY__ 0.006850582507285479	false	0.5
sinnlos	neg 1.0		off 0.5221466851091103 neg 0.4709962062011817 __DUMMY__ 0.006857108689707875	false	0.5
fettsack	off 1.0	off 1.0	off 0.7497150983005887 neg 0.24711919905533436 __DUMMY__ 0.003165702644076974	false	1.0
feige	off 1.0	off 1.0	off 0.7484119338660294 neg 0.24836234136745117 __DUMMY__ 0.003225724766519424	false	1.0
abdanken	neg 1.0		off 0.5215758158898155 neg 0.47152178231896014 __DUMMY__ 0.0069024017912242604	false	0.5
wichtigtuer	off 1.0	off 1.0	off 0.7476916870908685 neg 0.24905255382540878 __DUMMY__ 0.003255759083722702	false	1.0
misslingen	neg 1.0		off 0.5236915930262923 neg 0.46941584846100715 __DUMMY__ 0.006892558512700676	false	0.5
untreu	off 1.0		off 0.525506614685489 neg 0.46768390929598064 __DUMMY__ 0.006809476018530456	false	1.0
missmutig	neg 1.0		off 0.5230598506590073 neg 0.47011021836613437 __DUMMY__ 0.006829930974858313	false	0.5
hurenbock	off 1.0		off 0.5159699105047263 neg 0.47723302689413866 __DUMMY__ 0.006797062601135135	false	1.0
betrunken	neg 1.0		off 0.526838887249884 neg 0.4663767097950355 __DUMMY__ 0.0067844029550805695	false	0.5
korrupt	off 1.0		off 0.5179737886430472 neg 0.47516166156004364 __DUMMY__ 0.006864549796909128	false	1.0
unmut	neg 1.0		off 0.5151909721332946 neg 0.4778599265133353 __DUMMY__ 0.006949101353370146	false	0.5
hackfresse	off 1.0		off 0.5314922113835958 neg 0.4617846468373385 __DUMMY__ 0.006723141779065734	false	1.0
aufblasen	neg 1.0		off 0.5205664296874314 neg 0.4725630565611064 __DUMMY__ 0.006870513751462202	false	0.5
gewaltsam	neg 1.0		off 0.521770840207692 neg 0.47132525670290687 __DUMMY__ 0.006903903089401186	false	0.5
unbeliebtheit	neg 1.0		off 0.5257209409709229 neg 0.46746908096978723 __DUMMY__ 0.006809978059289836	false	0.5
sturheit	neg 1.0		off 0.5211047501611116 neg 0.4719876428981601 __DUMMY__ 0.0069076069407285395	false	0.5
kuh	neg 1.0		off 0.5153541186538366 neg 0.4779251694121275 __DUMMY__ 0.00672071193403597	false	0.5
erschrecken	neg 1.0		off 0.5238413196128366 neg 0.46932408952368276 __DUMMY__ 0.006834590863480515	false	0.5
opfer	neg 1.0		off 0.5203653275295256 neg 0.47268045068272535 __DUMMY__ 0.0069542217877491905	false	0.5
sinken	neg 1.0		off 0.5137256033055015 neg 0.4793608640357487 __DUMMY__ 0.006913532658749849	false	0.5
stinktier	neg 1.0		off 0.524891974660567 neg 0.46843395697549056 __DUMMY__ 0.006674068363942431	false	0.5
tucke	off 1.0		off 0.5292648143524744 neg 0.4640969284333407 __DUMMY__ 0.006638257214184857	false	1.0
ein			off 0.5174583419767527 neg 0.47569124435712506 __DUMMY__ 0.006850413666122285	false	0.0
abstieg	neg 1.0		off 0.5218966791126092 neg 0.4711541441243663 __DUMMY__ 0.006949176763024459	false	0.5
missverstehen	neg 1.0		off 0.5230470409738426 neg 0.47010383751670964 __DUMMY__ 0.006849121509447695	false	0.5
ergebnislos	neg 1.0		off 0.5193488145310269 neg 0.47370563624969364 __DUMMY__ 0.006945549219279252	false	0.5
unter			off 0.5123780361505347 neg 0.48058807127684405 __DUMMY__ 0.007033892572621192	false	0.0
manipulieren	neg 1.0		off 0.5175406797639478 neg 0.4755246234759652 __DUMMY__ 0.006934696760087019	false	0.5
unbewiesen	neg 1.0	neg 1.0	neg 0.7202059988047221 off 0.27653419598936124 __DUMMY__ 0.003259805205916786	false	1.0
verschleppen	neg 1.0		off 0.5181807571023921 neg 0.4749158926356935 __DUMMY__ 0.006903350261914511	false	0.5
weib	off 1.0		off 0.5312034368846672 neg 0.4621283183123751 __DUMMY__ 0.006668244802957658	false	1.0
opposition	neg 1.0		off 0.5205518660796863 neg 0.47261192349244824 __DUMMY__ 0.00683621042786541	false	0.5
verkehrswidrig	neg 1.0		off 0.5310668022840493 neg 0.4621457368205597 __DUMMY__ 0.006787460895390846	false	0.5
inkorrekt	neg 1.0		off 0.5274907855024211 neg 0.4657358175073349 __DUMMY__ 0.00677339699024394	false	0.5
vermeiden	neg 1.0		off 0.5138881829206614 neg 0.47913370822924467 __DUMMY__ 0.006978108850093756	false	0.5
abweichung	neg 1.0	neg 1.0	neg 0.7209021969397547 off 0.27580571284522754 __DUMMY__ 0.003292090215017775	false	1.0
alkoholisiert	neg 1.0		off 0.5201798651086793 neg 0.47283621806443327 __DUMMY__ 0.006983916826887447	false	0.5
scheiss	off 1.0	off 1.0	off 0.7485216426535761 neg 0.2482704491085062 __DUMMY__ 0.003207908237917538	false	1.0
herausforderung	neg 1.0		off 0.5183856481548806 neg 0.47471000674452124 __DUMMY__ 0.0069043451005981	false	0.5
pervers	off 1.0		off 0.5341605637775116 neg 0.45918087811709796 __DUMMY__ 0.0066585581053904275	false	1.0
wackelig	neg 1.0		off 0.5190401758532619 neg 0.4740435470328497 __DUMMY__ 0.006916277113888361	false	0.5
verwickeln	neg 1.0		off 0.5225252947382439 neg 0.47061268750155955 __DUMMY__ 0.006862017760196537	false	0.5
vorwand	neg 1.0		off 0.5157831785722308 neg 0.4772779688263268 __DUMMY__ 0.006938852601442309	false	0.5
muschi	off 1.0		off 0.5205375746576354 neg 0.4725719580606179 __DUMMY__ 0.0068904672817466485	false	1.0
entmutigung	neg 1.0		off 0.5198428661236444 neg 0.4733506911356658 __DUMMY__ 0.0068064427406899376	false	0.5
unangemessen	neg 1.0		off 0.5201429273720982 neg 0.4729573142713645 __DUMMY__ 0.006899758356537268	false	0.5
unstetig	neg 1.0		off 0.5230541942459586 neg 0.4701268163694113 __DUMMY__ 0.006818989384630261	false	0.5
entmutigen	neg 1.0		off 0.521314159383595 neg 0.47181824414452256 __DUMMY__ 0.0068675964718822105	false	0.5
schwanz	neg 1.0		off 0.5177147875263541 neg 0.47539064492116734 __DUMMY__ 0.006894567552478571	false	0.5
verbot	neg 1.0		off 0.5181818245932744 neg 0.47494205443067583 __DUMMY__ 0.006876120976049739	false	0.5
leid	neg 1.0		off 0.5290251699143078 neg 0.46422151542785794 __DUMMY__ 0.0067533146578342765	false	0.5
archaisch	neg 1.0		off 0.5182430096075002 neg 0.47487921192277494 __DUMMY__ 0.006877778469724743	false	0.5
gegen			off 0.5173589979546599 neg 0.47566955817081646 __DUMMY__ 0.006971443874523596	false	0.0
scheidung	neg 1.0		off 0.54075372650084 neg 0.4525626411720441 __DUMMY__ 0.006683632327115933	false	0.5
einschlag	neg 1.0		off 0.531009309111655 neg 0.46217537992622626 __DUMMY__ 0.00681531096211872	false	0.5
m			off 0.5189367791405527 neg 0.4741594049800148 __DUMMY__ 0.006903815879432405	false	0.0
abgestanden	neg 1.0		off 0.5145035148636992 neg 0.4787170276173207 __DUMMY__ 0.006779457518980194	false	0.5
schmierig	off 1.0		off 0.5283530069924193 neg 0.4648956021678552 __DUMMY__ 0.0067513908397255525	false	1.0
unpraktisch	neg 1.0		off 0.5221241892459756 neg 0.4710070199825892 __DUMMY__ 0.006868790771435065	false	0.5
wixxer	off 1.0		off 0.5328710712358903 neg 0.4604983284703912 __DUMMY__ 0.006630600293718501	false	1.0
bezeichnet			off 0.5216647564079713 neg 0.47144666380334166 __DUMMY__ 0.006888579788686985	false	0.0
jammerlappen	off 1.0		off 0.5248451556499631 neg 0.4683324939070547 __DUMMY__ 0.006822350442982128	false	1.0
farce	neg 1.0		off 0.5188638597678646 neg 0.4742872355895223 __DUMMY__ 0.006848904642613185	false	0.5
zwecklos	neg 1.0		off 0.5183778348084289 neg 0.47472642784907304 __DUMMY__ 0.006895737342498145	false	0.5
turbulent	neg 1.0		off 0.5252401557575205 neg 0.46798545190675295 __DUMMY__ 0.006774392335726554	false	0.5
invasion	neg 1.0		off 0.5223725441410368 neg 0.4707841525488586 __DUMMY__ 0.006843303310104645	false	0.5
schuld	neg 1.0		off 0.5218471997109791 neg 0.4712835998749589 __DUMMY__ 0.006869200414061974	false	0.5
risiko	neg 1.0		off 0.5194817129554952 neg 0.47370733086951133 __DUMMY__ 0.006810956174993598	false	0.5
finster	neg 1.0		off 0.5177828676581397 neg 0.4753765214581321 __DUMMY__ 0.006840610883728239	false	0.5
geisteskrank	off 1.0		off 0.5268476124746067 neg 0.46635931252869317 __DUMMY__ 0.0067930749967002315	false	1.0
zusammenbrechen	neg 1.0		off 0.5182145841530233 neg 0.4748958967502001 __DUMMY__ 0.006889519096776455	false	0.5
ausbeute	neg 1.0		off 0.5222234579616706 neg 0.4708482107541815 __DUMMY__ 0.006928331284147894	false	0.5
hinterhalt	neg 1.0		off 0.5183752955560276 neg 0.47474924985150063 __DUMMY__ 0.006875454592471788	false	0.5
kritik	neg 1.0		off 0.5186989643815857 neg 0.47444822443683493 __DUMMY__ 0.0068528111815793205	false	0.5
einschrumpfen	neg 1.0		off 0.5228227455220131 neg 0.47039205182099164 __DUMMY__ 0.006785202656995186	false	0.5
riskant	neg 1.0		off 0.5159117539642394 neg 0.47717460214219176 __DUMMY__ 0.006913643893569014	false	0.5
frustrieren	neg 1.0		off 0.5164708905291939 neg 0.476628327506583 __DUMMY__ 0.006900781964223142	false	0.5
groll	neg 1.0		off 0.5200952746113175 neg 0.4729882402250194 __DUMMY__ 0.006916485163663153	false	0.5
gibt			off 0.5184619862628881 neg 0.47463425122543723 __DUMMY__ 0.006903762511674727	false	0.0
qualvoll	neg 1.0		off 0.5222331276226169 neg 0.4709137938973964 __DUMMY__ 0.006853078479986857	false	0.5
wackeln	neg 1.0		off 0.5203471165525061 neg 0.4727718586822669 __DUMMY__ 0.006881024765227072	false	0.5
klagen	neg 1.0		off 0.5152826101233806 neg 0.4777915149503026 __DUMMY__ 0.006925874926316775	false	0.5
bankrott	neg 1.0		off 0.5250079264038053 neg 0.4681552125768956 __DUMMY__ 0.00683686101929917	false	0.5
trauern	neg 1.0		off 0.5206010565680094 neg 0.4724177624488405 __DUMMY__ 0.006981180983150059	false	0.5
ablehnung	neg 1.0		off 0.5180831786229905 neg 0.4750582064367453 __DUMMY__ 0.006858614940264383	false	0.5
stur	neg 1.0		off 0.5213111804153134 neg 0.4718282630804373 __DUMMY__ 0.00686055650424928	false	0.5
aufruhr	neg 1.0	neg 1.0	neg 0.7202210980483905 off 0.2765072327202496 __DUMMY__ 0.0032716692313599183	false	1.0
melancholie	neg 1.0		off 0.5142208813149417 neg 0.47888732764867026 __DUMMY__ 0.006891791036388076	false	0.5
ist			off 0.5217299994452494 neg 0.4714133024582388 __DUMMY__ 0.0068566980965116524	false	0.0
torheit	neg 1.0		off 0.5213981077547197 neg 0.4717422502765064 __DUMMY__ 0.006859641968773864	false	0.5
dreckskind	off 1.0		off 0.5312241253783055 neg 0.4620835203870765 __DUMMY__ 0.006692354234617869	false	1.0
umtauschen	neg 1.0		off 0.5197000892869371 neg 0.4734217787560141 __DUMMY__ 0.0068781319570488915	false	0.5
zum			off 0.5179748719368763 neg 0.4749875434342969 __DUMMY__ 0.007037584628826702	false	0.0
zersetzen	neg 1.0		off 0.5153256432607725 neg 0.47776739503932475 __DUMMY__ 0.006906961699902661	false	0.5
zur			off 0.5144109637156763 neg 0.4786058080462889 __DUMMY__ 0.006983228238034738	false	0.0
frust	neg 1.0		off 0.5185258780703286 neg 0.4745742168643749 __DUMMY__ 0.006899905065296552	false	0.5
unerbittlichkeit	neg 1.0		off 0.5178120473769781 neg 0.47526172474584116 __DUMMY__ 0.006926227877180844	false	0.5
zwei			off 0.5145896708174085 neg 0.4784145637172948 __DUMMY__ 0.006995765465296736	false	0.0
unkorrekt	neg 1.0		off 0.5266287262638883 neg 0.46658480390243995 __DUMMY__ 0.006786469833671705	false	0.5
hexe	off 1.0		off 0.5211171984642844 neg 0.4721127871035294 __DUMMY__ 0.006770014432186202	false	1.0
lasch	neg 1.0		off 0.5246707368156015 neg 0.46849008664067404 __DUMMY__ 0.006839176543724443	false	0.5
rivale	neg 1.0		off 0.5280138974889848 neg 0.4652102225340291 __DUMMY__ 0.006775879976986265	false	0.5
mutlos	off 1.0	off 1.0	off 0.7446831452262126 neg 0.2520375877841974 __DUMMY__ 0.003279266989590039	false	1.0
wirr	off 1.0		off 0.5275151800009531 neg 0.4657303734287873 __DUMMY__ 0.006754446570259707	false	1.0
jahr			off 0.5209628679039122 neg 0.4720447866327484 __DUMMY__ 0.006992345463339457	false	0.0
wird			off 0.5184382910773573 neg 0.47464598905064487 __DUMMY__ 0.006915719871997725	false	0.0
strafbar	neg 1.0		off 0.5180722802896632 neg 0.4749960687468987 __DUMMY__ 0.006931650963438049	false	0.5
erosion	neg 1.0		off 0.521042560179351 neg 0.4720774186232903 __DUMMY__ 0.006880021197358516	false	0.5
eingehen	neg 1.0		off 0.5162874756714971 neg 0.4768104554327623 __DUMMY__ 0.0069020688957406135	false	0.5
faul	off 1.0		off 0.524267493923352 neg 0.4689015531665449 __DUMMY__ 0.006830952910102903	false	1.0
provisorium	neg 1.0		off 0.5131788823831268 neg 0.479777569057903 __DUMMY__ 0.007043548558970209	false	0.5
schmerzen	neg 1.0		off 0.5184317097998876 neg 0.47469627763913047 __DUMMY__ 0.0068720125609819625	false	0.5
schrumpfen	neg 1.0		off 0.5112472560064646 neg 0.4818199064170046 __DUMMY__ 0.0069328375765308065	false	0.5
geistlos	off 1.0		off 0.5214255106647406 neg 0.47175650969709926 __DUMMY__ 0.006817979638160129	false	1.0
fehlkauf	neg 1.0		off 0.5217829338406673 neg 0.47138389567843375 __DUMMY__ 0.006833170480898859	false	0.5
frustrierend	neg 1.0		off 0.5231882340956889 neg 0.46998465641828446 __DUMMY__ 0.00682710948602649	false	0.5
unzufrieden	neg 1.0		off 0.5185837738343091 neg 0.4745122206028854 __DUMMY__ 0.006904005562805564	false	0.5
verzweifeln	neg 1.0		off 0.5198117671972364 neg 0.4732955756425738 __DUMMY__ 0.006892657160189809	false	0.5
verzweifelt	neg 1.0		off 0.5212386088685522 neg 0.47190268732000595 __DUMMY__ 0.006858703811441831	false	0.5
misstrauensantrag	neg 1.0		off 0.5216576973688176 neg 0.471499282512421 __DUMMY__ 0.006843020118761406	false	0.5
abfallen	neg 1.0		off 0.5198141848308849 neg 0.4733227476196725 __DUMMY__ 0.00686306754944259	false	0.5
fucker	off 1.0		off 0.5280335800886631 neg 0.46517326253360447 __DUMMY__ 0.00679315737773243	false	1.0
ungezogen	neg 1.0		off 0.5329912062745294 neg 0.4603147630577752 __DUMMY__ 0.006694030667695376	false	0.5
irrsinnig	neg 1.0	neg 1.0	neg 0.7206606040773119 off 0.27608442947583894 __DUMMY__ 0.0032549664468492505	false	1.0
unfassbar	neg 1.0		off 0.5259814205892516 neg 0.46720060964063576 __DUMMY__ 0.00681796977011265	false	0.5
hart	neg 1.0		off 0.5208993373369672 neg 0.47236912808656634 __DUMMY__ 0.006731534576466427	false	0.5
widerlich	off 1.0		off 0.5257469679446739 neg 0.46745267918578554 __DUMMY__ 0.0068003528695404145	false	1.0
fatal	neg 1.0	neg 1.0	neg 0.7210519629292801 off 0.27572163074221323 __DUMMY__ 0.003226406328506669	false	1.0
bruch	neg 1.0		off 0.5158641847823138 neg 0.47717013745789294 __DUMMY__ 0.006965677759793309	false	0.5
aushungern	neg 1.0		off 0.5184537881169611 neg 0.47467042841659124 __DUMMY__ 0.006875783466447685	false	0.5
anspannung	neg 1.0		off 0.5153581812781425 neg 0.47763629318124856 __DUMMY__ 0.007005525540608907	false	0.5
von			off 0.5162657550322944 neg 0.4767953998181905 __DUMMY__ 0.006938845149514951	false	0.0
kraftlos	neg 1.0		off 0.5179084176316571 neg 0.47518741226194405 __DUMMY__ 0.0069041701063988015	false	0.5
vom			off 0.5151789488701397 neg 0.4777581927519617 __DUMMY__ 0.007062858377898454	false	0.0
grenzdebil	off 1.0		off 0.5250837966317542 neg 0.468120148368382 __DUMMY__ 0.006796054999863727	false	1.0
vor			off 0.5154899755156889 neg 0.4775547867560452 __DUMMY__ 0.006955237728266011	false	0.0
unterwerfen	neg 1.0		off 0.518727526455655 neg 0.4743453060247365 __DUMMY__ 0.006927167519608484	false	0.5
versenkung	neg 1.0		off 0.5181263079646845 neg 0.47494126462019753 __DUMMY__ 0.006932427415118052	false	0.5
entziehen	neg 1.0		off 0.5155624722723454 neg 0.4774993235115994 __DUMMY__ 0.0069382042160551025	false	0.5
finanzkrise	neg 1.0		off 0.514233747161673 neg 0.4789792782588976 __DUMMY__ 0.006786974579429332	false	0.5
schimpfend	neg 1.0		off 0.5224372854709552 neg 0.47067615113403755 __DUMMY__ 0.00688656339500717	false	0.5
profan	neg 1.0		off 0.5218628205600069 neg 0.47129621257230536 __DUMMY__ 0.006840966867687841	false	0.5
korruption	neg 1.0		off 0.5170365370098745 neg 0.4760963815140469 __DUMMY__ 0.006867081476078599	false	0.5
â			off 0.5177148345984312 neg 0.47538562810950175 __DUMMY__ 0.006899537292067068	false	0.0
schmutzig	neg 1.0		off 0.5256649914496766 neg 0.4675334855524776 __DUMMY__ 0.00680152299784582	false	0.5
sexy	neg 1.0		off 0.524202418238226 neg 0.4689553914261141 __DUMMY__ 0.006842190335659911	false	0.5
abraten	neg 1.0		off 0.522359129036734 neg 0.47078108530682816 __DUMMY__ 0.006859785656437712	false	0.5
schwarz	neg 1.0		off 0.5224679948672586 neg 0.470678698302925 __DUMMY__ 0.006853306829816395	false	0.5
fotze	off 1.0	off 1.0	off 0.7451139619736985 neg 0.25160991250687403 __DUMMY__ 0.0032761255194274294	false	1.0
verwirren	neg 1.0		off 0.5228207938541363 neg 0.47032908398660667 __DUMMY__ 0.006850122159256997	false	0.5
zahnlos	off 1.0		off 0.5194255320743653 neg 0.47368007783119287 __DUMMY__ 0.006894390094441774	false	1.0
verheeren	neg 1.0		off 0.5345746690580444 neg 0.4587358381042758 __DUMMY__ 0.006689492837679974	false	0.5
hippie	neg 1.0		off 0.5233958125829623 neg 0.4697665276067441 __DUMMY__ 0.006837659810293657	false	0.5
rammen	neg 1.0		off 0.520545055638079 neg 0.47259352511556535 __DUMMY__ 0.006861419246355717	false	0.5
unlauter	neg 1.0		off 0.5210019822271321 neg 0.47216552284787905 __DUMMY__ 0.006832494924988698	false	0.5
unheilvoll	neg 1.0		off 0.5204394292620533 neg 0.47271464579299827 __DUMMY__ 0.006845924944948319	false	0.5
niedrig	neg 1.0		off 0.5159710069670751 neg 0.4771534857693712 __DUMMY__ 0.0068755072635537	false	0.5
explosion	neg 1.0		off 0.5236005019307904 neg 0.4695569910146662 __DUMMY__ 0.006842507054543342	false	0.5
weichei	off 1.0	off 1.0	off 0.7501113913283524 neg 0.24670787201993094 __DUMMY__ 0.003180736651716729	false	1.0
minusmensch	off 1.0		off 0.5326887244105846 neg 0.4606443917388266 __DUMMY__ 0.0066668838505888695	false	1.0
farblos	neg 1.0		off 0.5210011236418038 neg 0.47214633222705776 __DUMMY__ 0.006852544131138361	false	0.5
unwissend	neg 1.0	neg 1.0	neg 0.718985308756041 off 0.2777845811152811 __DUMMY__ 0.0032301101286778713	false	1.0
traurig	neg 1.0		off 0.5278733051358456 neg 0.46534150414845216 __DUMMY__ 0.00678519071570238	false	0.5
senkung	neg 1.0		off 0.5194966242860719 neg 0.473715788437904 __DUMMY__ 0.006787587276024191	false	0.5
ungleich	neg 1.0	neg 1.0	neg 0.7224242527584154 off 0.27429501569811016 __DUMMY__ 0.0032807315434744593	false	1.0
heikel	neg 1.0		off 0.5169360489837564 neg 0.47613980432799624 __DUMMY__ 0.006924146688247399	false	0.5
drosselung	neg 1.0		off 0.522389712586068 neg 0.4708626033204572 __DUMMY__ 0.006747684093474656	false	0.5
falsch	neg 1.0		off 0.5245499648537758 neg 0.46860829677463534 __DUMMY__ 0.006841738371588891	false	0.5
unzufriedenheit	neg 1.0		off 0.5148716788193201 neg 0.4782289327303366 __DUMMY__ 0.006899388450343462	false	0.5
kurz	neg 1.0		off 0.5198949010193924 neg 0.47318627715452577 __DUMMY__ 0.006918821826081814	false	0.5
unsinnig	neg 1.0		off 0.5182360829008614 neg 0.47490034229007244 __DUMMY__ 0.0068635748090661395	false	0.5
penner	off 1.0	off 1.0	off 0.7515023670926685 neg 0.24531798962000229 __DUMMY__ 0.0031796432873291876	false	1.0
seicht	neg 1.0		off 0.5303152394249839 neg 0.46301247339446516 __DUMMY__ 0.006672287180550927	false	0.5
dummheit	off 1.0	off 1.0	off 0.7467433998496843 neg 0.25001799155192456 __DUMMY__ 0.003238608598391091	false	1.0
unerfreulich	neg 1.0		off 0.5162202406681544 neg 0.47685894955474867 __DUMMY__ 0.006920809777096718	false	0.5
motherfucker	off 1.0	off 1.0	off 0.7494481885645612 neg 0.24733336179570103 __DUMMY__ 0.0032184496397377423	false	1.0
pikiert	neg 1.0		off 0.5244026193735468 neg 0.4687921240437104 __DUMMY__ 0.006805256582742749	false	0.5
wrack	neg 1.0		off 0.5232094558774689 neg 0.469827321044525 __DUMMY__ 0.0069632230780059525	false	0.5
gangster	neg 1.0		off 0.5235193398530246 neg 0.46964636047385455 __DUMMY__ 0.006834299673120862	false	0.5
krank	neg 1.0		off 0.5265958509404579 neg 0.46658737371914455 __DUMMY__ 0.006816775340397478	false	0.5
reich	neg 1.0		off 0.5209293299573682 neg 0.4722939829354921 __DUMMY__ 0.0067766871071397216	false	0.5
gnadenlos	neg 1.0		off 0.521889834190179 neg 0.4712337059911889 __DUMMY__ 0.006876459818632088	false	0.5
niedergeschlagen	neg 1.0		off 0.5201386181774446 neg 0.47293112657485575 __DUMMY__ 0.006930255247699624	false	0.5
terrorisieren	off 1.0	off 1.0	off 0.7447859583389633 neg 0.25191892186508635 __DUMMY__ 0.0032951197959502727	false	1.0
sinnlosigkeit	neg 1.0		off 0.5188013766529497 neg 0.47430291004809394 __DUMMY__ 0.006895713298956454	false	0.5
behindern	neg 1.0		off 0.5195404595269054 neg 0.4735927646783153 __DUMMY__ 0.006866775794779254	false	0.5
undemokratisch	neg 1.0		off 0.5214164615098712 neg 0.4717490608998591 __DUMMY__ 0.006834477590269735	false	0.5
wirtschaftskrise	neg 1.0		off 0.5152568567525638 neg 0.47789523148892593 __DUMMY__ 0.006847911758510337	false	0.5
neid	neg 1.0		off 0.523377512608559 neg 0.4697835593750729 __DUMMY__ 0.006838928016368069	false	0.5
rutschen	neg 1.0		off 0.5139442605344559 neg 0.47906381682957666 __DUMMY__ 0.006991922635967341	false	0.5
rezession	neg 1.0		off 0.5231095422043336 neg 0.47018719424393496 __DUMMY__ 0.006703263551731494	false	0.5
fehlgeburt	neg 1.0		off 0.5222527606492656 neg 0.47085589800025673 __DUMMY__ 0.006891341350477601	false	0.5
charakterschwach	off 1.0		off 0.5246780580256061 neg 0.4685265904199188 __DUMMY__ 0.006795351554475351	false	1.0
isolation	neg 1.0		off 0.5250263560545331 neg 0.4681231973913232 __DUMMY__ 0.006850446554143586	false	0.5
ablenkung	neg 1.0		off 0.5209084512290558 neg 0.47219976233184874 __DUMMY__ 0.006891786439095308	false	0.5
pech	neg 1.0		off 0.5236185148068851 neg 0.46956134259590404 __DUMMY__ 0.00682014259721072	false	0.5
vermeidung	neg 1.0		off 0.5246224787540876 neg 0.4685909018268271 __DUMMY__ 0.006786619419085362	false	0.5
dominieren	neg 1.0		off 0.5193777569086744 neg 0.47372769710226803 __DUMMY__ 0.006894545989057592	false	0.5
schwindlig	neg 1.0		off 0.5214486568481749 neg 0.47170896722861616 __DUMMY__ 0.006842375923208993	false	0.5
lutscher	neg 1.0	neg 1.0	neg 0.7149012381714609 off 0.28195173715791805 __DUMMY__ 0.0031470246706210387	false	1.0
pflicht	neg 1.0		off 0.5166050771906108 neg 0.4764437584272584 __DUMMY__ 0.00695116438213069	false	0.5
faschist	off 1.0		off 0.5246266455165344 neg 0.46852644928540954 __DUMMY__ 0.0068469051980560415	false	1.0
verschleudern	neg 1.0		off 0.5139793421535598 neg 0.4791621443207887 __DUMMY__ 0.00685851352565157	false	0.5
wenn			off 0.5244581417350106 neg 0.4687182097127161 __DUMMY__ 0.006823648552273261	false	0.0
ehebruch	neg 1.0		off 0.5184660387548774 neg 0.47462351733228897 __DUMMY__ 0.006910443912833503	false	0.5
spott	off 1.0		off 0.5191402729191344 neg 0.4739349061688113 __DUMMY__ 0.006924820912054411	false	1.0
trostlosigkeit	neg 1.0		off 0.5134826612380906 neg 0.47961297206463793 __DUMMY__ 0.006904366697271508	false	0.5
lutschen	neg 1.0		off 0.5233179499708567 neg 0.4698651278934168 __DUMMY__ 0.006816922135726443	false	0.5
undiszipliniert	neg 1.0		off 0.526883395287735 neg 0.46633083468958075 __DUMMY__ 0.006785770022684156	false	0.5
kopfschmerz	neg 1.0		off 0.5149480128160207 neg 0.47818657599358594 __DUMMY__ 0.006865411190393383	false	0.5
unvorhergesehen	neg 1.0		off 0.5174987066501456 neg 0.47554459147582134 __DUMMY__ 0.006956701874033134	false	0.5
desinteressiert	neg 1.0		off 0.526169046829134 neg 0.4670409126684516 __DUMMY__ 0.006790040502414405	false	0.5
armselig	off 1.0		off 0.5287775174150849 neg 0.46444431998607166 __DUMMY__ 0.006778162598843478	false	1.0
desaster	neg 1.0		off 0.5145754915274379 neg 0.4784914629635654 __DUMMY__ 0.006933045508996778	false	0.5
tod	neg 1.0		off 0.5180722416353613 neg 0.4750053218509051 __DUMMY__ 0.006922436513733526	false	0.5
herzlos	neg 1.0		off 0.5280701110597982 neg 0.4651506443904264 __DUMMY__ 0.006779244549775258	false	0.5
unwissenheit	neg 1.0		off 0.5183710916391385 neg 0.4747327060752367 __DUMMY__ 0.0068962022856248134	false	0.5
widersinnig	neg 1.0		off 0.517448387947979 neg 0.47570266064500677 __DUMMY__ 0.006848951407014242	false	0.5
bedenklich	neg 1.0		off 0.5169276705912209 neg 0.4761778384740293 __DUMMY__ 0.006894490934749626	false	0.5
beanstanden	neg 1.0		off 0.5178758749810561 neg 0.475169042080311 __DUMMY__ 0.006955082938632862	false	0.5
panisch	neg 1.0		off 0.5231291305679144 neg 0.4699982198126249 __DUMMY__ 0.006872649619460654	false	0.5
debil	off 1.0		off 0.5110207905817803 neg 0.48198562749014845 __DUMMY__ 0.00699358192807136	false	1.0
abstrich	neg 1.0		off 0.5184095477983793 neg 0.4747174709526722 __DUMMY__ 0.006872981248948491	false	0.5
primitiv	neg 1.0		off 0.5267506735031368 neg 0.46645323658239074 __DUMMY__ 0.006796089914472541	false	0.5
abschaum	off 1.0	off 1.0	off 0.7492095461281317 neg 0.2475481776751991 __DUMMY__ 0.003242276196669151	false	1.0
provozieren	neg 1.0		off 0.5212943304453433 neg 0.4718395061990877 __DUMMY__ 0.006866163355568912	false	0.5
tot	neg 1.0		off 0.5170523231768059 neg 0.4760778760156409 __DUMMY__ 0.006869800807553153	false	0.5
instabil	neg 1.0		off 0.5267873893325595 neg 0.4664728599231607 __DUMMY__ 0.006739750744279863	false	0.5
schwuchtel	off 1.0	off 1.0	off 0.7540977242890261 neg 0.2427745542130268 __DUMMY__ 0.003127721497947135	false	1.0
zerren	neg 1.0		off 0.5192546477504812 neg 0.47382556125360314 __DUMMY__ 0.00691979099591554	false	0.5
kinderficker	off 1.0		off 0.5306033400549625 neg 0.4626467268589916 __DUMMY__ 0.006749933086045862	false	1.0
gefahr	neg 1.0		off 0.5174808822762047 neg 0.4755664380949989 __DUMMY__ 0.0069526796287962935	false	0.5
rabiat	neg 1.0		off 0.5196173098829279 neg 0.47350115092664957 __DUMMY__ 0.0068815391904224745	false	0.5
verlangsamung	neg 1.0		off 0.5302227938054226 neg 0.4630736646881813 __DUMMY__ 0.0067035415063962985	false	0.5
ausgestorben	neg 1.0		off 0.5198301582368136 neg 0.4732744200751719 __DUMMY__ 0.006895421688014406	false	0.5
anklagen	neg 1.0		off 0.5199210033183932 neg 0.4731773183102438 __DUMMY__ 0.006901678371362981	false	0.5
trott	neg 1.0		off 0.5204904061378166 neg 0.47263249846072203 __DUMMY__ 0.006877095401461323	false	0.5
verminderung	neg 1.0		off 0.525076535219985 neg 0.46813186720176664 __DUMMY__ 0.006791597578248331	false	0.5
nach			off 0.5140296175970843 neg 0.4789482360782176 __DUMMY__ 0.007022146324698229	false	0.0
rost	neg 1.0		off 0.5348445514900315 neg 0.4584124564771314 __DUMMY__ 0.00674299203283719	false	0.5
destruktiv	neg 1.0		off 0.5197996416630171 neg 0.4733320522277968 __DUMMY__ 0.0068683061091859956	false	0.5
unzumutbarkeit	neg 1.0		off 0.5249711424316328 neg 0.4682354455599436 __DUMMY__ 0.006793412008423582	false	0.5
labil	off 1.0	off 1.0	off 0.7479241237281379 neg 0.2488441040103136 __DUMMY__ 0.003231772261548544	false	1.0
ziemlich	neg 1.0		off 0.5258592144641606 neg 0.46731783374326963 __DUMMY__ 0.00682295179256988	false	0.5
lachnummer	off 1.0		off 0.521939624032511 neg 0.4711728142658557 __DUMMY__ 0.006887561701633181	false	1.0
oder			off 0.5217275535197603 neg 0.47138729140947866 __DUMMY__ 0.006885155070761085	false	0.0
verfall	neg 1.0		off 0.5116496828792106 neg 0.481414807847097 __DUMMY__ 0.006935509273692398	false	0.5
ausgrenzung	neg 1.0		off 0.5209937472837427 neg 0.47217655608914627 __DUMMY__ 0.006829696627111016	false	0.5
unordnung	neg 1.0		off 0.5281550820206127 neg 0.46509554119403196 __DUMMY__ 0.006749376785355394	false	0.5
fehlverhalten	neg 1.0		off 0.5173244203954611 neg 0.4757541028915584 __DUMMY__ 0.006921476712980465	false	0.5
eine			off 0.5152375499895326 neg 0.47782441365961664 __DUMMY__ 0.006938036350850739	false	0.0
nille	neg 1.0		off 0.5208796565691428 neg 0.4722448461962979 __DUMMY__ 0.006875497234559333	false	0.5
qual	neg 1.0		off 0.5198968575885166 neg 0.47322730735956753 __DUMMY__ 0.006875835051916097	false	0.5
verschwenden	neg 1.0		off 0.5153731112854822 neg 0.477729706533269 __DUMMY__ 0.006897182181248619	false	0.5
riesig	neg 1.0		off 0.5179891752432332 neg 0.47508729601081473 __DUMMY__ 0.006923528745952153	false	0.5
verurteilen	neg 1.0		off 0.5193873566868199 neg 0.4737116865946237 __DUMMY__ 0.006900956718556335	false	0.5
klischee	neg 1.0	neg 1.0	neg 0.7195719613596893 off 0.2771946127945075 __DUMMY__ 0.003233425845803145	false	1.0
diktatorisch	neg 1.0		off 0.5213479417347916 neg 0.47182112502439594 __DUMMY__ 0.0068309332408123735	false	0.5
vorhersehbar	neg 1.0		off 0.5219328754567438 neg 0.47124329884023186 __DUMMY__ 0.006823825703024263	false	0.5
sowie			off 0.5280388942133739 neg 0.46523579262717146 __DUMMY__ 0.006725313159454675	false	0.0
stornieren	neg 1.0		off 0.5268351210141621 neg 0.46625990636742143 __DUMMY__ 0.00690497261841649	false	0.5
besteuerung	neg 1.0	neg 1.0	neg 0.7227021457796038 off 0.27407581500693945 __DUMMY__ 0.0032220392134567344	false	1.0
ungeschminkt	neg 1.0		off 0.5259436951983679 neg 0.4672759586071372 __DUMMY__ 0.006780346194494848	false	0.5
kritisch	neg 1.0		off 0.5185950695256509 neg 0.4745038339682693 __DUMMY__ 0.006901096506079776	false	0.5
schlamperei	off 1.0		off 0.5174935611590109 neg 0.47559341706894226 __DUMMY__ 0.006913021772046862	false	1.0
sucht	neg 1.0	neg 1.0	neg 0.7198113230391705 off 0.27692656670254046 __DUMMY__ 0.0032621102582890004	false	1.0
egoistisch	off 1.0	off 1.0	off 0.7512955559112016 neg 0.24550220192619043 __DUMMY__ 0.0032022421626079407	false	1.0
ausbeuter	off 1.0		off 0.5153288981809699 neg 0.4777755401282969 __DUMMY__ 0.0068955616907331665	false	1.0
arschgeburt	off 1.0		off 0.5352030394296519 neg 0.4581856366088941 __DUMMY__ 0.006611323961454048	false	1.0
schubs	neg 1.0		off 0.5160341462379929 neg 0.47709042262977297 __DUMMY__ 0.00687543113223427	false	0.5
unsolide	neg 1.0		off 0.5232030706104839 neg 0.46995007076594614 __DUMMY__ 0.006846858623569903	false	0.5
beschwerde	neg 1.0		off 0.5195065796171758 neg 0.47358725427978254 __DUMMY__ 0.006906166103041543	false	0.5
stocken	neg 1.0		off 0.5175565899040618 neg 0.4755410351463516 __DUMMY__ 0.006902374949586471	false	0.5
isolieren	neg 1.0		off 0.517338015728693 neg 0.4757877777273534 __DUMMY__ 0.006874206543953497	false	0.5
unheilbar	neg 1.0		off 0.5210546219198487 neg 0.47206369933292675 __DUMMY__ 0.006881678747224412	false	0.5
pisser	off 1.0	off 1.0	off 0.7496798742690626 neg 0.24711007185422343 __DUMMY__ 0.003210053876714063	false	1.0
löschen	neg 1.0		off 0.5205817390260219 neg 0.472554521550706 __DUMMY__ 0.006863739423272109	false	0.5
durchfallen	neg 1.0		off 0.5188095838206581 neg 0.4742821998768956 __DUMMY__ 0.006908216302446358	false	0.5
wichser	off 1.0	off 1.0	off 0.752782775440401 neg 0.24405760883679575 __DUMMY__ 0.003159615722803147	false	1.0
terror	neg 1.0		off 0.5232069110363685 neg 0.4699546333698616 __DUMMY__ 0.006838455593769943	false	0.5
krass	neg 1.0		off 0.5288754381255243 neg 0.4643746130325972 __DUMMY__ 0.006749948841878376	false	0.5
revolte	neg 1.0		off 0.5215935845554827 neg 0.47160634620543224 __DUMMY__ 0.006800069239085145	false	0.5
besorgt	neg 1.0		off 0.520625255616792 neg 0.47244740726798484 __DUMMY__ 0.006927337115223201	false	0.5
nachlassen	neg 1.0		off 0.5185919210594478 neg 0.47448967917550877 __DUMMY__ 0.006918399765043466	false	0.5
alt	neg 1.0		off 0.5138780527993253 neg 0.4792732382099089 __DUMMY__ 0.006848708990765816	false	0.5
hundesohn	off 1.0	off 1.0	off 0.7517679196602594 neg 0.24507448526879588 __DUMMY__ 0.0031575950709447557	false	1.0
als			off 0.5183018623942226 neg 0.4748075038755337 __DUMMY__ 0.006890633730243619	false	0.0
abschreckung	neg 1.0		off 0.5163550363192464 neg 0.4767197611779341 __DUMMY__ 0.0069252025028195925	false	0.5
unqualifiziert	neg 1.0		off 0.524738076701463 neg 0.4684276115186576 __DUMMY__ 0.006834311779879431	false	0.5
abgewichst	off 1.0		off 0.5205924585661 neg 0.4725214534563818 __DUMMY__ 0.00688608797751819	false	1.0
schwer	neg 1.0		off 0.5202083201486957 neg 0.4729051236787492 __DUMMY__ 0.0068865561725551475	false	0.5
bedeutungslosigkeit	neg 1.0		off 0.5167026358395933 neg 0.4763782649266105 __DUMMY__ 0.006919099233796139	false	0.5
kapitulation	neg 1.0		off 0.5167027238184269 neg 0.47641984376473706 __DUMMY__ 0.0068774324168362445	false	0.5
unscharf	neg 1.0		off 0.5185978272582976 neg 0.47461218948366607 __DUMMY__ 0.006789983258036341	false	0.5
schwinden	neg 1.0		off 0.5146090028586249 neg 0.47850566272781553 __DUMMY__ 0.006885334413559659	false	0.5
versklavung	neg 1.0	neg 1.0	neg 0.7210446332357083 off 0.2757165145520774 __DUMMY__ 0.0032388522122142184	false	1.0
schlecht	neg 1.0		off 0.5265596427322214 neg 0.4666095027509005 __DUMMY__ 0.006830854516877911	false	0.5
verhasst	neg 1.0		off 0.5217994483500955 neg 0.4713433109562992 __DUMMY__ 0.006857240693605216	false	0.5
beschweren	neg 1.0		off 0.5232708799893743 neg 0.46985500292491666 __DUMMY__ 0.006874117085709009	false	0.5
scheiden	neg 1.0		off 0.5203319084072026 neg 0.47279809793908933 __DUMMY__ 0.006869993653708038	false	0.5
frustriert	neg 1.0		off 0.5196957029522459 neg 0.4734062585937009 __DUMMY__ 0.006898038454053227	false	0.5
schimmelig	neg 1.0		off 0.5152529926713452 neg 0.47788768225947104 __DUMMY__ 0.0068593250691838725	false	0.5
fisch	neg 1.0		off 0.5115048695122184 neg 0.48161970580402913 __DUMMY__ 0.006875424683752491	false	0.5
schmuggel	neg 1.0		off 0.5175353986477538 neg 0.47549699776848825 __DUMMY__ 0.0069676035837580065	false	0.5
auffallen	neg 1.0		off 0.5228731300504034 neg 0.47027021017288656 __DUMMY__ 0.006856659776710048	false	0.5
konkurrenz	neg 1.0		off 0.5177179579695308 neg 0.47533603573732 __DUMMY__ 0.006946006293149203	false	0.5
teufelskreis	neg 1.0	neg 1.0	neg 0.7222762949560414 off 0.2744717356168959 __DUMMY__ 0.0032519694270627154	false	1.0
aufschreien	neg 1.0		off 0.522396924296595 neg 0.4707689252130809 __DUMMY__ 0.006834150490324143	false	0.5
schuldner	neg 1.0		off 0.5134212343636156 neg 0.47970829944724 __DUMMY__ 0.006870466189144385	false	0.5
missgeburt	off 1.0	off 1.0	off 0.7520912248361933 neg 0.24472608027743883 __DUMMY__ 0.0031826948863678604	false	1.0
arbeitslos	neg 1.0		off 0.5182923084569602 neg 0.4748045105532094 __DUMMY__ 0.006903180989830574	false	0.5
befallen	neg 1.0		off 0.5165042529020181 neg 0.47665954559066925 __DUMMY__ 0.0068362015073126095	false	0.5
miesepetrig	off 1.0	off 1.0	off 0.7481268245042814 neg 0.2486395793436483 __DUMMY__ 0.0032335961520703017	false	1.0
alarmieren	neg 1.0		off 0.5254309413027183 neg 0.4677342885894236 __DUMMY__ 0.006834770107858129	false	0.5
ungeduscht	off 1.0		off 0.5230894275815259 neg 0.470104663533753 __DUMMY__ 0.006805908884721162	false	1.0
knappheit	neg 1.0		off 0.5155871606276433 neg 0.4775620440631408 __DUMMY__ 0.006850795309215821	false	0.5
schlange	neg 1.0		off 0.5215040143653354 neg 0.4716122785357697 __DUMMY__ 0.006883707098894724	false	0.5
harsch	neg 1.0		off 0.5299645855564428 neg 0.46325222666325716 __DUMMY__ 0.006783187780300169	false	0.5
lang	neg 1.0		off 0.5215448767850749 neg 0.4715944274399962 __DUMMY__ 0.006860695774928876	false	0.5
ziellos	neg 1.0		off 0.5176069660932143 neg 0.47546322892502674 __DUMMY__ 0.006929804981758965	false	0.5
selbstverliebt	neg 1.0		off 0.5350913431771288 neg 0.45823094638523504 __DUMMY__ 0.006677710437636261	false	0.5
beseitigen	neg 1.0		off 0.5218122047389097 neg 0.47128917000967385 __DUMMY__ 0.006898625251416515	false	0.5
dumm	off 1.0		off 0.530643393811317 neg 0.4626269900807951 __DUMMY__ 0.0067296161078878106	false	1.0
arbeitsloser	neg 1.0		off 0.522562352891613 neg 0.4704720553138882 __DUMMY__ 0.006965591794498828	false	0.5
blitzen	neg 1.0		off 0.5232484618016922 neg 0.4699299162920762 __DUMMY__ 0.006821621906231589	false	0.5
hilflos	neg 1.0		off 0.5182873381273486 neg 0.4748128211148273 __DUMMY__ 0.006899840757824026	false	0.5
eklig	off 1.0		off 0.5295599259663455 neg 0.46373892671726985 __DUMMY__ 0.0067011473163845585	false	1.0
begriff			off 0.5204089790543035 neg 0.472706363839609 __DUMMY__ 0.00688465710608751	false	0.0
hungersnot	neg 1.0		off 0.5170006385270254 neg 0.47612897087225686 __DUMMY__ 0.006870390600717616	false	0.5
ungesetzlich	neg 1.0		off 0.5217636724369206 neg 0.4713987675612869 __DUMMY__ 0.006837560001792475	false	0.5
verschwendung	neg 1.0		off 0.5162680730959854 neg 0.4768188768766613 __DUMMY__ 0.006913050027353155	false	0.5
schmerzvoll	neg 1.0		off 0.5208748959730379 neg 0.4722785788671495 __DUMMY__ 0.006846525159812609	false	0.5
vorzeitig	neg 1.0		off 0.5259392396412185 neg 0.4672267450855475 __DUMMY__ 0.0068340152732340245	false	0.5
unvollkommenheit	neg 1.0		off 0.5185711509135587 neg 0.4745476413037588 __DUMMY__ 0.00688120778268249	false	0.5
intervenieren	neg 1.0		off 0.5151266206971511 neg 0.4779947858845169 __DUMMY__ 0.006878593418331981	false	0.5
banause	off 1.0		off 0.5288370252498301 neg 0.46451032872534687 __DUMMY__ 0.006652646024823069	false	1.0
rebell	neg 1.0		off 0.5102763623927155 neg 0.48282109319786654 __DUMMY__ 0.006902544409418117	false	0.5
unlogisch	neg 1.0		off 0.5268289092273771 neg 0.46639810741183285 __DUMMY__ 0.006772983360790095	false	0.5
leiden	neg 1.0		off 0.518402629380541 neg 0.47462629729158334 __DUMMY__ 0.006971073327875409	false	0.5
abschaffung	neg 1.0		off 0.5193965096726989 neg 0.47377368303987466 __DUMMY__ 0.0068298072874263625	false	0.5
sturz	neg 1.0		off 0.525157153558115 neg 0.467945898209275 __DUMMY__ 0.006896948232609938	false	0.5
verkleinerung	neg 1.0		off 0.5205109834473662 neg 0.47271727626236576 __DUMMY__ 0.006771740290268075	false	0.5
schmarotzer	off 1.0		off 0.5191873634311329 neg 0.47391839767364463 __DUMMY__ 0.006894238895222356	false	1.0
bestrafung	neg 1.0	neg 1.0	neg 0.7202585476790914 off 0.2764753825261303 __DUMMY__ 0.003266069794778401	false	1.0
achtlos	neg 1.0		off 0.5203303287429307 neg 0.4727630669983231 __DUMMY__ 0.006906604258746074	false	0.5
