unsolidarisch	neg 1.0		off 0.4888591759722163 neg 0.44552541181100297 __DUMMY__ 0.06561541221678079	false	0.5
nachteilig	neg 1.0		off 0.4869911985419467 neg 0.4466003848222434 __DUMMY__ 0.06640841663580999	false	0.5
skeptisch	neg 1.0		off 0.4853475646487933 neg 0.44821949070334727 __DUMMY__ 0.06643294464785952	false	0.5
schrecklich	neg 1.0		off 0.4975254051063483 neg 0.43745279946954513 __DUMMY__ 0.06502179542410658	false	0.5
schlapp	neg 1.0	neg 1.0	neg 0.7051917911078234 off 0.2637271827186308 __DUMMY__ 0.031081026173545866	false	1.0
abfall	neg 1.0		off 0.4839102115599526 neg 0.4491423600413819 __DUMMY__ 0.06694742839866553	false	0.5
widerspenstig	neg 1.0		off 0.4879317808749158 neg 0.4462386380576914 __DUMMY__ 0.06582958106739277	false	0.5
abrupt	neg 1.0		off 0.4834077537232187 neg 0.45038113804696384 __DUMMY__ 0.06621110822981757	false	0.5
unwirksam	neg 1.0		off 0.48554736987132463 neg 0.4492899532947405 __DUMMY__ 0.06516267683393497	false	0.5
angreifen	neg 1.0		off 0.4852130949698957 neg 0.4482366048937693 __DUMMY__ 0.06655030013633514	false	0.5
inkonsistent	neg 1.0		off 0.49011738352012246 neg 0.4445038033719206 __DUMMY__ 0.06537881310795693	false	0.5
abrutschen	neg 1.0		off 0.4829993253910709 neg 0.45012319031158143 __DUMMY__ 0.06687748429734763	false	0.5
unsicher	neg 1.0		off 0.4900923025551341 neg 0.4438077210960494 __DUMMY__ 0.0660999763488165	false	0.5
bauernkind	off 1.0	off 1.0	off 0.7341787929208285 neg 0.23542410681000403 __DUMMY__ 0.03039710026916739	false	1.0
angreifer	neg 1.0		off 0.49567005598855185 neg 0.4383001384311102 __DUMMY__ 0.0660298055803379	false	0.5
trennen	neg 1.0		off 0.48549913878517664 neg 0.4478490365879079 __DUMMY__ 0.06665182462691538	false	0.5
schmutz	neg 1.0		off 0.49583699673927645 neg 0.43792051763480344 __DUMMY__ 0.06624248562591993	false	0.5
inkonsistenz	neg 1.0		off 0.4939953697601502 neg 0.4405398715778906 __DUMMY__ 0.06546475866195917	false	0.5
erschreckend	neg 1.0		off 0.48881893463865056 neg 0.44514093385090797 __DUMMY__ 0.06604013151044154	false	0.5
ertrinken	neg 1.0		off 0.48351532852744333 neg 0.4500994200245346 __DUMMY__ 0.06638525144802207	false	0.5
pickelface	off 1.0		off 0.4896372914558567 neg 0.4445143079574374 __DUMMY__ 0.06584840058670595	false	1.0
seiner			off 0.4861725059430456 neg 0.44721426500257183 __DUMMY__ 0.06661322905438263	false	0.0
lauch	neg 1.0	neg 1.0	neg 0.7107979738642302 off 0.2574602161797638 __DUMMY__ 0.0317418099560061	false	1.0
unwichtig	neg 1.0		off 0.4939202922944481 neg 0.44061293813996805 __DUMMY__ 0.06546676956558384	false	0.5
steuerhinterziehung	neg 1.0		off 0.488097040212304 neg 0.44602389609156995 __DUMMY__ 0.06587906369612617	false	0.5
schock	neg 1.0		off 0.48825404199370015 neg 0.445574618475229 __DUMMY__ 0.06617133953107085	false	0.5
beule	neg 1.0		off 0.49481009375464863 neg 0.44016090499132915 __DUMMY__ 0.06502900125402217	false	0.5
vergelten	neg 1.0		off 0.4987220076389854 neg 0.43629475497266024 __DUMMY__ 0.06498323738835435	false	0.5
verdorbenheit	neg 1.0		off 0.4906168528217463 neg 0.4435409586243936 __DUMMY__ 0.06584218855386009	false	0.5
trauma	neg 1.0		off 0.4901313070488253 neg 0.4441552587617436 __DUMMY__ 0.06571343418943111	false	0.5
sinnlos	neg 1.0		off 0.49133519782190493 neg 0.44288887356659623 __DUMMY__ 0.06577592861149875	false	0.5
fettsack	off 1.0	off 1.0	off 0.7354531096714967 neg 0.23410869376970114 __DUMMY__ 0.030438196558802217	false	1.0
feige	off 1.0	off 1.0	off 0.733888500859095 neg 0.23509868618185345 __DUMMY__ 0.03101281295905167	false	1.0
abdanken	neg 1.0		off 0.49057520917349967 neg 0.4432164849591075 __DUMMY__ 0.06620830586739296	false	0.5
wichtigtuer	off 1.0	off 1.0	off 0.7330351870352819 neg 0.23566407672823533 __DUMMY__ 0.0313007362364828	false	1.0
misslingen	neg 1.0		off 0.49270924858682846 neg 0.4411744821938593 __DUMMY__ 0.06611626921931232	false	0.5
untreu	off 1.0		off 0.4948797788592801 neg 0.43979762649823745 __DUMMY__ 0.06532259464248243	false	1.0
missmutig	neg 1.0		off 0.4923586630706297 neg 0.44212308219911156 __DUMMY__ 0.06551825473025871	false	0.5
hurenbock	off 1.0		off 0.48545996372376166 neg 0.4493328073473238 __DUMMY__ 0.06520722892891456	false	1.0
betrunken	neg 1.0		off 0.4963090463819632 neg 0.4386062433770753 __DUMMY__ 0.06508471024096146	false	0.5
korrupt	off 1.0		off 0.48716642583806513 neg 0.4469866544399105 __DUMMY__ 0.0658469197220243	false	1.0
unmut	neg 1.0		off 0.48402820725950957 neg 0.4493198686327168 __DUMMY__ 0.06665192410777358	false	0.5
hackfresse	off 1.0		off 0.5012007067818877 neg 0.4342980425875246 __DUMMY__ 0.06450125063058786	false	1.0
aufblasen	neg 1.0		off 0.4897028850094171 neg 0.44439258865468984 __DUMMY__ 0.06590452633589308	false	0.5
gewaltsam	neg 1.0		off 0.49075660579929986 neg 0.4430199062368625 __DUMMY__ 0.06622348796383772	false	0.5
unbeliebtheit	neg 1.0		off 0.4950961505655141 neg 0.43957434445347376 __DUMMY__ 0.06532950498101227	false	0.5
sturheit	neg 1.0		off 0.49008364159701334 neg 0.44365941331883424 __DUMMY__ 0.06625694508415239	false	0.5
kuh	neg 1.0		off 0.48518400360707 neg 0.4503365448782553 __DUMMY__ 0.06447945151467484	false	0.5
erschrecken	neg 1.0		off 0.49311527651600967 neg 0.44132284034900654 __DUMMY__ 0.0655618831349837	false	0.5
opfer	neg 1.0		off 0.4891400790287311 neg 0.4441588070489189 __DUMMY__ 0.06670111392234998	false	0.5
sinken	neg 1.0		off 0.482729745078748 neg 0.45095545464185727 __DUMMY__ 0.06631480027939472	false	0.5
stinktier	neg 1.0		off 0.4948652074107632 neg 0.4411005559157347 __DUMMY__ 0.06403423667350214	false	0.5
tucke	off 1.0		off 0.49936210222633726 neg 0.43694388169348863 __DUMMY__ 0.06369401608017408	false	1.0
ein			off 0.48670357240595397 neg 0.4475825497622701 __DUMMY__ 0.065713877831776	false	0.0
abstieg	neg 1.0		off 0.4906853169514247 neg 0.4426598949900607 __DUMMY__ 0.06665478805851467	false	0.5
missverstehen	neg 1.0		off 0.49226524616320405 neg 0.44203476934641195 __DUMMY__ 0.0656999844903841	false	0.5
ergebnislos	neg 1.0		off 0.4881717485463722 neg 0.4452087440123301 __DUMMY__ 0.06661950744129777	false	0.5
unter			off 0.4808543963575699 neg 0.4516852470422532 __DUMMY__ 0.06746035660017678	false	0.0
manipulieren	neg 1.0		off 0.48642578403416875 neg 0.4470589075179822 __DUMMY__ 0.0665153084478491	false	0.5
unbewiesen	neg 1.0	neg 1.0	neg 0.7067953374343663 off 0.2618650978692571 __DUMMY__ 0.03133956469637652	false	1.0
verschleppen	neg 1.0		off 0.4872000420691156 neg 0.4465823272017692 __DUMMY__ 0.06621763072911517	false	0.5
weib	off 1.0		off 0.5011589205272374 neg 0.4348623176171675 __DUMMY__ 0.06397876185559519	false	1.0
opposition	neg 1.0		off 0.4898400937957221 neg 0.44458153423832686 __DUMMY__ 0.06557837196595111	false	0.5
verkehrswidrig	neg 1.0		off 0.500490848180947 neg 0.4343933259666485 __DUMMY__ 0.06511582585240443	false	0.5
inkorrekt	neg 1.0		off 0.4970133910942079 neg 0.43800699159587075 __DUMMY__ 0.06497961730992116	false	0.5
vermeiden	neg 1.0		off 0.48260196559572116 neg 0.450468520060167 __DUMMY__ 0.0669295143441119	false	0.5
abweichung	neg 1.0	neg 1.0	neg 0.7073596358597101 off 0.26099094395977124 __DUMMY__ 0.031649420180518785	false	1.0
alkoholisiert	neg 1.0		off 0.48880989178366235 neg 0.4442021684883025 __DUMMY__ 0.06698793972803511	false	0.5
scheiss	off 1.0	off 1.0	off 0.7340694654810473 neg 0.23508757598616412 __DUMMY__ 0.030842958532788473	false	1.0
herausforderung	neg 1.0		off 0.4873959211946049 neg 0.4463766019699318 __DUMMY__ 0.06622747683546346	false	0.5
pervers	off 1.0		off 0.5041363107351797 neg 0.4319771918937115 __DUMMY__ 0.06388649737110873	false	1.0
wackelig	neg 1.0		off 0.4879837511535672 neg 0.44567561014293905 __DUMMY__ 0.0663406387034937	false	0.5
verwickeln	neg 1.0		off 0.4916904047672493 neg 0.44248685443211844 __DUMMY__ 0.06582274080063232	false	0.5
vorwand	neg 1.0		off 0.48465930348826114 neg 0.448786396209629 __DUMMY__ 0.06655430030210996	false	0.5
muschi	off 1.0		off 0.48958955907030793 neg 0.4443160005244048 __DUMMY__ 0.06609444040528739	false	1.0
entmutigung	neg 1.0		off 0.4892790999603299 neg 0.44542644989946056 __DUMMY__ 0.06529445014020958	false	0.5
unangemessen	neg 1.0		off 0.4891612814494345 neg 0.4446567034000177 __DUMMY__ 0.06618201515054782	false	0.5
unstetig	neg 1.0		off 0.4924008528405923 neg 0.4421829721325902 __DUMMY__ 0.06541617502681751	false	0.5
entmutigen	neg 1.0		off 0.49046155387901713 neg 0.4436619396009453 __DUMMY__ 0.06587650652003749	false	0.5
schwanz	neg 1.0		off 0.48676494533284204 neg 0.4471008798254456 __DUMMY__ 0.06613417484171229	false	0.5
verbot	neg 1.0		off 0.4873228456343158 neg 0.44671961564988066 __DUMMY__ 0.06595753871580355	false	0.5
leid	neg 1.0		off 0.49861593940893106 neg 0.4365953919301596 __DUMMY__ 0.06478866866090931	false	0.5
archaisch	neg 1.0		off 0.487370662018603 neg 0.4466561712547445 __DUMMY__ 0.06597316672665242	false	0.5
gegen			off 0.4860838022065377 neg 0.4470508684556685 __DUMMY__ 0.06686532933779389	false	0.0
scheidung	neg 1.0		off 0.5105810290273083 neg 0.42529164059738855 __DUMMY__ 0.06412733037530322	false	0.5
einschlag	neg 1.0		off 0.5003162500984931 neg 0.43430371945892066 __DUMMY__ 0.06538003044258635	false	0.5
m			off 0.4879381343776613 neg 0.44584125685386844 __DUMMY__ 0.0662206087684703	false	0.0
abgestanden	neg 1.0		off 0.48407479333404546 neg 0.45088616239370266 __DUMMY__ 0.06503904427225174	false	0.5
schmierig	off 1.0		off 0.4979595033223371 neg 0.4372702762618318 __DUMMY__ 0.06477022041583108	false	1.0
unpraktisch	neg 1.0		off 0.4912543402334836 neg 0.44285716460856583 __DUMMY__ 0.06588849515795044	false	0.5
wixxer	off 1.0		off 0.5029803358939011 neg 0.43339951952111966 __DUMMY__ 0.06362014458497921	false	1.0
bezeichnet			off 0.4907201449783727 neg 0.44320431183136083 __DUMMY__ 0.06607554319026641	false	0.0
jammerlappen	off 1.0		off 0.4941673344230995 neg 0.4403876219805249 __DUMMY__ 0.06544504359637553	false	1.0
farce	neg 1.0		off 0.4881190299983737 neg 0.446182604820246 __DUMMY__ 0.06569836518138035	false	0.5
zwecklos	neg 1.0		off 0.48742592169434285 neg 0.4464305602401445 __DUMMY__ 0.06614351806551265	false	0.5
turbulent	neg 1.0		off 0.4947693014046268 neg 0.4402389391344262 __DUMMY__ 0.06499175946094699	false	0.5
invasion	neg 1.0		off 0.4916182179681103 neg 0.44273729107436516 __DUMMY__ 0.06564449095752456	false	0.5
schuld	neg 1.0		off 0.49098619154451156 neg 0.4431230052612875 __DUMMY__ 0.06589080319420094	false	0.5
risiko	neg 1.0		off 0.4888980880729577 neg 0.4457633564444998 __DUMMY__ 0.0653385554825426	false	0.5
finster	neg 1.0		off 0.4870633016142274 neg 0.44731558849077097 __DUMMY__ 0.06562110989500158	false	0.5
geisteskrank	off 1.0		off 0.49628612450637405 neg 0.4385477189271329 __DUMMY__ 0.065166156566493	false	1.0
zusammenbrechen	neg 1.0		off 0.4872896458930047 neg 0.44662601715444916 __DUMMY__ 0.0660843369525461	false	0.5
ausbeute	neg 1.0		off 0.49109225436490556 neg 0.44245061447435124 __DUMMY__ 0.06645713116074303	false	0.5
hinterhalt	neg 1.0		off 0.48750554759035736 neg 0.44654056473925396 __DUMMY__ 0.06595388767038873	false	0.5
kritik	neg 1.0		off 0.48793858745309276 neg 0.4463259794201683 __DUMMY__ 0.06573543312673899	false	0.5
einschrumpfen	neg 1.0		off 0.49232355434862557 neg 0.4425845651478692 __DUMMY__ 0.06509188050350527	false	0.5
riskant	neg 1.0		off 0.4848973020158576 neg 0.4487887581618731 __DUMMY__ 0.0663139398222693	false	0.5
frustrieren	neg 1.0		off 0.48550944867498447 neg 0.44829902678410705 __DUMMY__ 0.0661915245409086	false	0.5
groll	neg 1.0		off 0.4890399165148862 neg 0.44461853052124534 __DUMMY__ 0.06634155296386832	false	0.5
gibt			off 0.4874732524957644 neg 0.446306779650579 __DUMMY__ 0.06621996785365668	false	0.0
qualvoll	neg 1.0		off 0.49143536511612707 neg 0.4428258637298275 __DUMMY__ 0.06573877115404529	false	0.5
wackeln	neg 1.0		off 0.4894402861138721 neg 0.44455518874608024 __DUMMY__ 0.06600452514004773	false	0.5
klagen	neg 1.0		off 0.4842227892257736 neg 0.44934608162051476 __DUMMY__ 0.06643112915371169	false	0.5
bankrott	neg 1.0		off 0.4942589922122757 neg 0.44015694887079904 __DUMMY__ 0.0655840589169252	false	0.5
trauern	neg 1.0		off 0.48925363938010213 neg 0.44378744959865285 __DUMMY__ 0.06695891102124504	false	0.5
ablehnung	neg 1.0		off 0.487302466946339 neg 0.44690699700543807 __DUMMY__ 0.06579053604822287	false	0.5
stur	neg 1.0		off 0.4904911157961342 neg 0.44370025636698135 __DUMMY__ 0.0658086278368844	false	0.5
aufruhr	neg 1.0	neg 1.0	neg 0.7067633970603047 off 0.26178290220932804 __DUMMY__ 0.031453700730367296	false	1.0
melancholie	neg 1.0		off 0.4833056426924301 neg 0.450586303486119 __DUMMY__ 0.06610805382145078	false	0.5
ist			off 0.4909226625311574 neg 0.44330527656141655 __DUMMY__ 0.06577206090742593	false	0.0
torheit	neg 1.0		off 0.49058566247784446 neg 0.4436132536972176 __DUMMY__ 0.0658010838249379	false	0.5
dreckskind	off 1.0		off 0.5010727144433735 neg 0.43471914200956696 __DUMMY__ 0.06420814354705943	false	1.0
umtauschen	neg 1.0		off 0.48880263375387156 neg 0.4452193541387824 __DUMMY__ 0.06597801210734602	false	0.5
zum			off 0.48639337754534007 neg 0.4461101322498641 __DUMMY__ 0.06749649020479583	false	0.0
zersetzen	neg 1.0		off 0.48434698914418467 neg 0.4494024102700562 __DUMMY__ 0.06625060058575906	false	0.5
zur			off 0.4831013288206313 neg 0.4499209380248193 __DUMMY__ 0.06697773315454938	false	0.0
frust	neg 1.0		off 0.48755400484133904 neg 0.4462627202139842 __DUMMY__ 0.06618327494467659	false	0.5
unerbittlichkeit	neg 1.0		off 0.48673093013615365 neg 0.44683472876606467 __DUMMY__ 0.06643434109778172	false	0.5
zwei			off 0.48321389354128536 neg 0.44968843181364654 __DUMMY__ 0.06709767464506801	false	0.0
unkorrekt	neg 1.0		off 0.4960941431705093 neg 0.43880092864668807 __DUMMY__ 0.06510492818280257	false	0.5
hexe	off 1.0		off 0.49069072501379496 neg 0.44436027800976374 __DUMMY__ 0.0649489969764412	false	1.0
lasch	neg 1.0		off 0.4939222505737203 neg 0.44047210633251954 __DUMMY__ 0.06560564309376016	false	0.5
rivale	neg 1.0		off 0.49751548676726864 neg 0.43748003795908247 __DUMMY__ 0.06500447527364878	false	0.5
mutlos	off 1.0	off 1.0	off 0.7299274252848906 neg 0.23854663507544327 __DUMMY__ 0.031525939639666205	false	1.0
wirr	off 1.0		off 0.49711565140242076 neg 0.4380840048327347 __DUMMY__ 0.06480034376484456	false	1.0
jahr			off 0.4895594023771106 neg 0.443374246219164 __DUMMY__ 0.06706635140372524	false	0.0
wird			off 0.48739431250018544 neg 0.4462717220118612 __DUMMY__ 0.06633396548795335	false	0.0
strafbar	neg 1.0		off 0.4869648587458981 neg 0.4465490278516596 __DUMMY__ 0.06648611340244229	false	0.5
erosion	neg 1.0		off 0.4901328001912511 neg 0.4438727523164483 __DUMMY__ 0.06599444749230064	false	0.5
eingehen	neg 1.0		off 0.48532248901037867 neg 0.4484737304944256 __DUMMY__ 0.06620378049519585	false	0.5
faul	off 1.0		off 0.4935483347577451 neg 0.4409233903427573 __DUMMY__ 0.06552827489949761	false	1.0
provisorium	neg 1.0		off 0.48160447959355246 neg 0.4508428945077177 __DUMMY__ 0.06755262589872997	false	0.5
schmerzen	neg 1.0		off 0.4875708446532383 neg 0.4465094291566319 __DUMMY__ 0.06591972619012984	false	0.5
schrumpfen	neg 1.0		off 0.48018579140435613 neg 0.45331649995861795 __DUMMY__ 0.06649770863702587	false	0.5
geistlos	off 1.0		off 0.49079696303907766 neg 0.4437992637965897 __DUMMY__ 0.06540377316433266	false	1.0
fehlkauf	neg 1.0		off 0.4910790218880452 neg 0.443372697562276 __DUMMY__ 0.06554828054967864	false	0.5
frustrierend	neg 1.0		off 0.4925010255848417 neg 0.4420084161817124 __DUMMY__ 0.06549055823344603	false	0.5
unzufrieden	neg 1.0		off 0.48759389695158334 neg 0.44618389105530915 __DUMMY__ 0.06622221199310745	false	0.5
verzweifeln	neg 1.0		off 0.48886126340931013 neg 0.44502444919834555 __DUMMY__ 0.0661142873923444	false	0.5
verzweifelt	neg 1.0		off 0.4904267119223526 neg 0.44378240177510186 __DUMMY__ 0.06579088630254541	false	0.5
misstrauensantrag	neg 1.0		off 0.4909074404852858 neg 0.44344945742388964 __DUMMY__ 0.06564310209082459	false	0.5
abfallen	neg 1.0		off 0.4889857828314645 neg 0.44518047008781797 __DUMMY__ 0.06583374708071763	false	0.5
fucker	off 1.0		off 0.49746355553119675 neg 0.43736967675378097 __DUMMY__ 0.0651667677150224	false	1.0
ungezogen	neg 1.0		off 0.50281688982091 neg 0.4329585905786906 __DUMMY__ 0.06422451960039949	false	0.5
irrsinnig	neg 1.0	neg 1.0	neg 0.7072744299904333 off 0.2614324858660189 __DUMMY__ 0.031293084143547735	false	1.0
unfassbar	neg 1.0		off 0.49531311620512897 neg 0.43928324279441444 __DUMMY__ 0.06540364100045662	false	0.5
hart	neg 1.0		off 0.49064684642702144 neg 0.4447707356905056 __DUMMY__ 0.06458241788247297	false	0.5
widerlich	off 1.0		off 0.495158610088956 neg 0.43960564507263067 __DUMMY__ 0.06523574483841335	false	1.0
fatal	neg 1.0	neg 1.0	neg 0.707784363842905 off 0.2611963052089424 __DUMMY__ 0.03101933094815262	false	1.0
bruch	neg 1.0		off 0.4846235203731659 neg 0.4485652891796702 __DUMMY__ 0.06681119044716399	false	0.5
aushungern	neg 1.0		off 0.48759588339631216 neg 0.4464497071207721 __DUMMY__ 0.06595440948291578	false	0.5
anspannung	neg 1.0		off 0.4839416932552952 neg 0.4488674192353139 __DUMMY__ 0.06719088750939094	false	0.5
von			off 0.4851329160130595 neg 0.4483102463990669 __DUMMY__ 0.06655683758787347	false	0.0
kraftlos	neg 1.0		off 0.4869183419802821 neg 0.4468568972444963 __DUMMY__ 0.06622476077522169	false	0.5
vom			off 0.48350250705396364 neg 0.44876018116784167 __DUMMY__ 0.06773731177819477	false	0.0
grenzdebil	off 1.0		off 0.4945181399877672 neg 0.44028689986770897 __DUMMY__ 0.06519496014452375	false	1.0
vor			off 0.4842930393185104 neg 0.44899664229092445 __DUMMY__ 0.06671031839056511	false	0.0
unterwerfen	neg 1.0		off 0.48763511419943567 neg 0.4459213636090278 __DUMMY__ 0.06644352219153654	false	0.5
versenkung	neg 1.0		off 0.48701524960075027 neg 0.44649162337452647 __DUMMY__ 0.06649312702472313	false	0.5
entziehen	neg 1.0		off 0.484444235417984 neg 0.4490077831757877 __DUMMY__ 0.06654798140622836	false	0.5
finanzkrise	neg 1.0		off 0.4837920911662398 neg 0.45109897870538274 __DUMMY__ 0.06510893012837754	false	0.5
schimpfend	neg 1.0		off 0.4914847207546294 neg 0.44245615181491754 __DUMMY__ 0.06605912743045309	false	0.5
profan	neg 1.0		off 0.4911225649627105 neg 0.4432546989427002 __DUMMY__ 0.06562273609458912	false	0.5
korruption	neg 1.0		off 0.48622391276337357 neg 0.4479046613491778 __DUMMY__ 0.0658714258874486	false	0.5
â			off 0.4867438542110217 neg 0.44707622261871555 __DUMMY__ 0.06617992317026275	false	0.0
schmutzig	neg 1.0		off 0.4950716262878355 neg 0.43968107856495503 __DUMMY__ 0.06524729514720935	false	0.5
sexy	neg 1.0		off 0.4934397979384744 neg 0.44092642218784 __DUMMY__ 0.06563377987368563	false	0.5
abraten	neg 1.0		off 0.4915303119454042 neg 0.44266752052735114 __DUMMY__ 0.06580216752724465	false	0.5
schwarz	neg 1.0		off 0.49166992837321255 neg 0.44259048174866883 __DUMMY__ 0.0657395898781186	false	0.5
fotze	off 1.0	off 1.0	off 0.7303674162353034 neg 0.23813623847022763 __DUMMY__ 0.03149634529446898	false	1.0
verwirren	neg 1.0		off 0.49203442870743963 neg 0.44225605437791243 __DUMMY__ 0.06570951691464802	false	0.5
zahnlos	off 1.0		off 0.4884733004764575 neg 0.44539610939039515 __DUMMY__ 0.06613059013314732	false	1.0
verheeren	neg 1.0		off 0.5044170991881144 neg 0.4314010183993945 __DUMMY__ 0.06418188241249112	false	0.5
hippie	neg 1.0		off 0.49266050743544126 neg 0.44174906821131477 __DUMMY__ 0.06559042435324387	false	0.5
rammen	neg 1.0		off 0.48971730865428326 neg 0.4444623838350546 __DUMMY__ 0.06582030751066234	false	0.5
unlauter	neg 1.0		off 0.4903099241820189 neg 0.44414695732956744 __DUMMY__ 0.06554311848841364	false	0.5
unheilvoll	neg 1.0		off 0.4896826472376065 neg 0.4446459540972706 __DUMMY__ 0.06567139866512298	false	0.5
niedrig	neg 1.0		off 0.4851231156297523 neg 0.44892313118175564 __DUMMY__ 0.06595375318849203	false	0.5
explosion	neg 1.0		off 0.49284069158005334 neg 0.44152205221075863 __DUMMY__ 0.06563725620918803	false	0.5
weichei	off 1.0	off 1.0	off 0.7357826537909196 neg 0.23363523520554738 __DUMMY__ 0.03058211100353293	false	1.0
minusmensch	off 1.0		off 0.5026474853422834 neg 0.43338683829157204 __DUMMY__ 0.06396567636614459	false	1.0
farblos	neg 1.0		off 0.4902099158938213 neg 0.444053938584458 __DUMMY__ 0.06573614552172072	false	0.5
unwissend	neg 1.0	neg 1.0	neg 0.705705227901187 off 0.2632397725302159 __DUMMY__ 0.031054999568597266	false	1.0
traurig	neg 1.0		off 0.4973352558819995 neg 0.4375730085046978 __DUMMY__ 0.06509173561330268	false	0.5
senkung	neg 1.0		off 0.4890093081242153 neg 0.445875302246385 __DUMMY__ 0.06511538962939982	false	0.5
ungleich	neg 1.0	neg 1.0	neg 0.708927608814265 off 0.25953230599283555 __DUMMY__ 0.031540085192899484	false	1.0
heikel	neg 1.0		off 0.48586792429612147 neg 0.447717810069331 __DUMMY__ 0.06641426563454762	false	0.5
drosselung	neg 1.0		off 0.4920544048721538 neg 0.4432098094888906 __DUMMY__ 0.0647357856389556	false	0.5
falsch	neg 1.0		off 0.493786241504202 neg 0.44058383552882124 __DUMMY__ 0.0656299229669768	false	0.5
unzufriedenheit	neg 1.0		off 0.48393162122109273 neg 0.4498901066136552 __DUMMY__ 0.06617827216525216	false	0.5
kurz	neg 1.0		off 0.4888218451334264 neg 0.4448137813875825 __DUMMY__ 0.06636437347899099	false	0.5
unsinnig	neg 1.0		off 0.48742705759743166 neg 0.44673568861069296 __DUMMY__ 0.06583725379187551	false	0.5
penner	off 1.0	off 1.0	off 0.7371790969789513 neg 0.23224938202607384 __DUMMY__ 0.030571520994974864	false	1.0
seicht	neg 1.0		off 0.5002613637603203 neg 0.435722104513396 __DUMMY__ 0.06401653172628374	false	0.5
dummheit	off 1.0	off 1.0	off 0.7321637437518458 neg 0.23669997662041098 __DUMMY__ 0.031136279627743086	false	1.0
unerfreulich	neg 1.0		off 0.4851707211268081 neg 0.4484464259952786 __DUMMY__ 0.06638285287791329	false	0.5
motherfucker	off 1.0	off 1.0	off 0.7349566022497825 neg 0.23410023320225193 __DUMMY__ 0.030943164547965505	false	1.0
pikiert	neg 1.0		off 0.49380218911826695 neg 0.44091534074322697 __DUMMY__ 0.065282470138506	false	0.5
wrack	neg 1.0		off 0.4919169632117561 neg 0.4412926339613492 __DUMMY__ 0.06679040282689469	false	0.5
gangster	neg 1.0		off 0.4927969259904239 neg 0.4416445699918175 __DUMMY__ 0.06555850401775865	false	0.5
krank	neg 1.0		off 0.49592401559397886 neg 0.4386827931985079 __DUMMY__ 0.0653931912075132	false	0.5
reich	neg 1.0		off 0.490477142130092 neg 0.44450899001892574 __DUMMY__ 0.06501386785098233	false	0.5
gnadenlos	neg 1.0		off 0.4909965584169741 neg 0.4430434925037649 __DUMMY__ 0.06595994907926107	false	0.5
niedergeschlagen	neg 1.0		off 0.48901461706728405 neg 0.4445119163777179 __DUMMY__ 0.06647346655499813	false	0.5
terrorisieren	off 1.0	off 1.0	off 0.7299586068434611 neg 0.23836350693150155 __DUMMY__ 0.03167788622503734	false	1.0
sinnlosigkeit	neg 1.0		off 0.48784647992206287 neg 0.4460100608455418 __DUMMY__ 0.06614345923239526	false	0.5
behindern	neg 1.0		off 0.4887011631370631 neg 0.4454307037393466 __DUMMY__ 0.06586813312359027	false	0.5
undemokratisch	neg 1.0		off 0.4907182386949174 neg 0.44372075516030507 __DUMMY__ 0.06556100614477763	false	0.5
wirtschaftskrise	neg 1.0		off 0.48454120793263944 neg 0.44976959210618067 __DUMMY__ 0.06568919996117988	false	0.5
neid	neg 1.0		off 0.4926318019584721 neg 0.4417640717107663 __DUMMY__ 0.06560412633076168	false	0.5
rutschen	neg 1.0		off 0.4825909122472447 neg 0.45034798450565455 __DUMMY__ 0.06706110324710077	false	0.5
rezession	neg 1.0		off 0.492972342967025 neg 0.4427154137904412 __DUMMY__ 0.06431224324253385	false	0.5
fehlgeburt	neg 1.0		off 0.49128122528763724 neg 0.44261267855477915 __DUMMY__ 0.06610609615758357	false	0.5
charakterschwach	off 1.0		off 0.49412097982811953 neg 0.44069065135402696 __DUMMY__ 0.06518836881785336	false	1.0
isolation	neg 1.0		off 0.49421890681416414 neg 0.4400679337330686 __DUMMY__ 0.06571315945276722	false	0.5
ablenkung	neg 1.0		off 0.48995114210645907 neg 0.44394240686539593 __DUMMY__ 0.06610645102814502	false	0.5
pech	neg 1.0		off 0.49294977674049945 neg 0.44162408934356306 __DUMMY__ 0.06542613391593731	false	0.5
vermeidung	neg 1.0		off 0.4940986794385555 neg 0.4407951052419452 __DUMMY__ 0.06510621531949928	false	0.5
dominieren	neg 1.0		off 0.488422739556569 neg 0.4454428353662301 __DUMMY__ 0.06613442507720095	false	0.5
schwindlig	neg 1.0		off 0.4906966339998822 neg 0.4436660636730839 __DUMMY__ 0.06563730232703395	false	0.5
lutscher	neg 1.0	neg 1.0	neg 0.7019679070558587 off 0.2677730051377836 __DUMMY__ 0.030259087806357686	false	1.0
pflicht	neg 1.0		off 0.4854223282815589 neg 0.44790618672089666 __DUMMY__ 0.06667148499754459	false	0.5
faschist	off 1.0		off 0.49384833025265773 neg 0.44047197775284946 __DUMMY__ 0.06567969199449263	false	1.0
verschleudern	neg 1.0		off 0.4832250114500062 neg 0.45098442623929424 __DUMMY__ 0.06579056231069952	false	0.5
wenn			off 0.4937769367720428 neg 0.440765666355005 __DUMMY__ 0.06545739687295211	false	0.0
ehebruch	neg 1.0		off 0.48744976036753757 neg 0.4462658915266307 __DUMMY__ 0.06628434810583181	false	0.5
spott	off 1.0		off 0.4880561356360508 neg 0.44552283711014046 __DUMMY__ 0.06642102725380868	false	1.0
trostlosigkeit	neg 1.0		off 0.4825285959591733 neg 0.45124475203538617 __DUMMY__ 0.06622665200544055	false	0.5
lutschen	neg 1.0		off 0.4926736584351344 neg 0.4419315791365226 __DUMMY__ 0.06539476242834305	false	0.5
undiszipliniert	neg 1.0		off 0.496347930326975 neg 0.4385543856733968 __DUMMY__ 0.06509768399962823	false	0.5
kopfschmerz	neg 1.0		off 0.48414203630548386 neg 0.4500005488487708 __DUMMY__ 0.06585741484574545	false	0.5
unvorhergesehen	neg 1.0		off 0.4862715443534825 neg 0.44700151376875086 __DUMMY__ 0.06672694187776666	false	0.5
desinteressiert	neg 1.0		off 0.4956218532556615 neg 0.43924044307371546 __DUMMY__ 0.06513770367062308	false	0.5
armselig	off 1.0		off 0.49826729582705537 neg 0.43670842428112394 __DUMMY__ 0.06502427989182076	false	1.0
desaster	neg 1.0		off 0.4834893118691676 neg 0.4500114427073933 __DUMMY__ 0.06649924542343917	false	0.5
tod	neg 1.0		off 0.48699642327137693 neg 0.44660205443471396 __DUMMY__ 0.06640152229390912	false	0.5
herzlos	neg 1.0		off 0.4975576863373044 neg 0.4374073903625032 __DUMMY__ 0.0650349233001923	false	0.5
unwissenheit	neg 1.0		off 0.487417570266363 neg 0.4464340913663243 __DUMMY__ 0.06614833836731275	false	0.5
widersinnig	neg 1.0		off 0.4867136995631015 neg 0.4475878163099967 __DUMMY__ 0.06569848412690171	false	0.5
bedenklich	neg 1.0		off 0.4859911478897981 neg 0.44787728093736034 __DUMMY__ 0.06613157117284162	false	0.5
beanstanden	neg 1.0		off 0.4866661427823934 neg 0.44662470371197155 __DUMMY__ 0.06670915350563517	false	0.5
panisch	neg 1.0		off 0.4922358021868065 neg 0.44183906261707595 __DUMMY__ 0.06592513519611767	false	0.5
debil	off 1.0		off 0.47968012553247613 neg 0.45324255235779876 __DUMMY__ 0.06707732210972518	false	1.0
abstrich	neg 1.0		off 0.48753590968791616 neg 0.44653163351580843 __DUMMY__ 0.06593245679627556	false	0.5
primitiv	neg 1.0		off 0.49617503209632063 neg 0.43862989807182134 __DUMMY__ 0.06519506983185785	false	0.5
abschaum	off 1.0	off 1.0	off 0.7346126492972566 neg 0.23421582141619865 __DUMMY__ 0.031171529286544843	false	1.0
provozieren	neg 1.0		off 0.4904505009669059 neg 0.4436876287107768 __DUMMY__ 0.06586187032231726	false	0.5
tot	neg 1.0		off 0.4862133238978078 neg 0.44788595600213643 __DUMMY__ 0.0659007201000557	false	0.5
instabil	neg 1.0		off 0.49646129995657434 neg 0.43887784298144195 __DUMMY__ 0.06466085706198367	false	0.5
schwuchtel	off 1.0	off 1.0	off 0.740005619695196 neg 0.22992054008140012 __DUMMY__ 0.030073840223403925	false	1.0
zerren	neg 1.0		off 0.488186857385854 neg 0.44544021965817615 __DUMMY__ 0.06637292295596996	false	0.5
kinderficker	off 1.0		off 0.5002054854701272 neg 0.4350381693558724 __DUMMY__ 0.06475634517400038	false	1.0
gefahr	neg 1.0		off 0.4862868076641123 neg 0.4470262224242817 __DUMMY__ 0.06668696991160607	false	0.5
rabiat	neg 1.0		off 0.4887154006137577 neg 0.44527584286348293 __DUMMY__ 0.06600875652275948	false	0.5
verlangsamung	neg 1.0		off 0.5000369335338717 neg 0.435647257230187 __DUMMY__ 0.06431580923594137	false	0.5
ausgestorben	neg 1.0		off 0.48886593040174214 neg 0.4449931035181805 __DUMMY__ 0.0661409660800774	false	0.5
anklagen	neg 1.0		off 0.48893293100647284 neg 0.44486543734110623 __DUMMY__ 0.06620163165242092	false	0.5
trott	neg 1.0		off 0.4895993218972885 neg 0.4444346225109283 __DUMMY__ 0.06596605559178312	false	0.5
verminderung	neg 1.0		off 0.49452585341358074 neg 0.4403204811000627 __DUMMY__ 0.0651536654863565	false	0.5
nach			off 0.4825419477377646 neg 0.4501094177879597 __DUMMY__ 0.06734863447427578	false	0.0
rost	neg 1.0		off 0.5044455459910104 neg 0.4308622194350535 __DUMMY__ 0.06469223457393615	false	0.5
destruktiv	neg 1.0		off 0.4889580612513927 neg 0.44515924024446774 __DUMMY__ 0.06588269850413957	false	0.5
unzumutbarkeit	neg 1.0		off 0.4944180788924775 neg 0.4404104094398704 __DUMMY__ 0.06517151166765187	false	0.5
labil	off 1.0	off 1.0	off 0.7333745077868278 neg 0.2355547098597194 __DUMMY__ 0.031070782353452855	false	1.0
ziemlich	neg 1.0		off 0.4951693118732854 neg 0.43937933911718646 __DUMMY__ 0.0654513490095281	false	0.5
lachnummer	off 1.0		off 0.4910000678034727 neg 0.4429341903234024 __DUMMY__ 0.06606574187312483	false	1.0
oder			off 0.49079125096749787 neg 0.4431650585082543 __DUMMY__ 0.06604369052424777	false	0.0
verfall	neg 1.0		off 0.4805710507327128 neg 0.4529063695829147 __DUMMY__ 0.06652257968437257	false	0.5
ausgrenzung	neg 1.0		off 0.4903188389386451 neg 0.44416559880609724 __DUMMY__ 0.06551556225525783	false	0.5
unordnung	neg 1.0		off 0.49777470086093445 neg 0.43747199143469095 __DUMMY__ 0.0647533077043745	false	0.5
fehlverhalten	neg 1.0		off 0.48626921814258806 neg 0.4473419873489318 __DUMMY__ 0.0663887945084803	false	0.5
eine			off 0.484117262843144 neg 0.4493360502780803 __DUMMY__ 0.06654668687877555	false	0.0
nille	neg 1.0		off 0.48999798775842357 neg 0.4440506987749879 __DUMMY__ 0.0659513134665886	false	0.5
qual	neg 1.0		off 0.4890162786291937 neg 0.4450297298095579 __DUMMY__ 0.06595399156124838	false	0.5
verschwenden	neg 1.0		off 0.4844326408069868 neg 0.44940961760914266 __DUMMY__ 0.06615774158387056	false	0.5
riesig	neg 1.0		off 0.4869082392347056 neg 0.4466810467324554 __DUMMY__ 0.06641071403283896	false	0.5
verurteilen	neg 1.0		off 0.4884079214288081 neg 0.44539838200679477 __DUMMY__ 0.06619369656439711	false	0.5
klischee	neg 1.0	neg 1.0	neg 0.7062756770794387 off 0.2626377346768256 __DUMMY__ 0.031086588243735728	false	1.0
diktatorisch	neg 1.0		off 0.4906665243018164 neg 0.4438061606007451 __DUMMY__ 0.0655273150974385	false	0.5
vorhersehbar	neg 1.0		off 0.4912712731722556 neg 0.44326968479640677 __DUMMY__ 0.06545904203133761	false	0.5
sowie			off 0.4977645884729777 neg 0.43771361279559445 __DUMMY__ 0.06452179873142785	false	0.0
stornieren	neg 1.0		off 0.4957773559584496 neg 0.4379878910435915 __DUMMY__ 0.06623475299795885	false	0.5
besteuerung	neg 1.0	neg 1.0	neg 0.7094515138474596 off 0.25957038950944405 __DUMMY__ 0.03097809664309645	false	1.0
ungeschminkt	neg 1.0		off 0.49543436732254154 neg 0.43951880745752964 __DUMMY__ 0.06504682521992881	false	0.5
kritisch	neg 1.0		off 0.4876206523059448 neg 0.44618473378924883 __DUMMY__ 0.06619461390480635	false	0.5
schlamperei	off 1.0		off 0.4864748407467794 neg 0.4472158694150423 __DUMMY__ 0.06630928983817831	false	1.0
sucht	neg 1.0	neg 1.0	neg 0.7063985714128848 off 0.26223848939258765 __DUMMY__ 0.03136293919452754	false	1.0
egoistisch	off 1.0	off 1.0	off 0.7368718504721341 neg 0.2323400093608499 __DUMMY__ 0.03078814016701617	false	1.0
ausbeuter	off 1.0		off 0.48440253814263234 neg 0.44945542195571186 __DUMMY__ 0.06614203990165561	false	1.0
arschgeburt	off 1.0		off 0.5053885147725093 neg 0.43117520079159005 __DUMMY__ 0.06343628443590069	false	1.0
schubs	neg 1.0		off 0.4851739038410899 neg 0.4488733163983258 __DUMMY__ 0.06595277976058432	false	0.5
unsolide	neg 1.0		off 0.49243522428030084 neg 0.44188458719837437 __DUMMY__ 0.06568018852132468	false	0.5
beschwerde	neg 1.0		off 0.4885031621013916 neg 0.44525258342600266 __DUMMY__ 0.06624425447260579	false	0.5
stocken	neg 1.0		off 0.48658392523726474 neg 0.4472079368880336 __DUMMY__ 0.06620813787470156	false	0.5
isolieren	neg 1.0		off 0.48649210155344585 neg 0.4475677071943875 __DUMMY__ 0.06594019125216659	false	0.5
unheilbar	neg 1.0		off 0.49014643890294635 neg 0.4438428020871736 __DUMMY__ 0.06601075900987992	false	0.5
pisser	off 1.0	off 1.0	off 0.7352234110164374 neg 0.2339132817614541 __DUMMY__ 0.030863307222108456	false	1.0
löschen	neg 1.0		off 0.48975146970213884 neg 0.44440949692529774 __DUMMY__ 0.06583903337256355	false	0.5
durchfallen	neg 1.0		off 0.48779808621917536 neg 0.44593914555293795 __DUMMY__ 0.06626276822788664	false	0.5
wichser	off 1.0	off 1.0	off 0.7385480428873258 neg 0.2310724239529772 __DUMMY__ 0.030379533159696947	false	1.0
terror	neg 1.0		off 0.4924652137157307 neg 0.4419355909705046 __DUMMY__ 0.06559919531376479	false	0.5
krass	neg 1.0		off 0.49848050296919355 neg 0.43676230422114454 __DUMMY__ 0.0647571928096619	false	0.5
revolte	neg 1.0		off 0.49104426427690534 neg 0.4437221146954449 __DUMMY__ 0.06523362102764968	false	0.5
besorgt	neg 1.0		off 0.48951435729979365 neg 0.4440398773733776 __DUMMY__ 0.06644576532682872	false	0.5
nachlassen	neg 1.0		off 0.4875334858846982 neg 0.446105075004076 __DUMMY__ 0.06636143911122576	false	0.5
alt	neg 1.0		off 0.48315127270664515 neg 0.4511500342763898 __DUMMY__ 0.06569869301696514	false	0.5
hundesohn	off 1.0	off 1.0	off 0.7375469024038208 neg 0.23209295190731385 __DUMMY__ 0.030360145688865307	false	1.0
als			off 0.48736990563365884 neg 0.4465346031797914 __DUMMY__ 0.06609549118654966	false	0.0
abschreckung	neg 1.0		off 0.4852914277969323 neg 0.44828399968185734 __DUMMY__ 0.06642457252121041	false	0.5
unqualifiziert	neg 1.0		off 0.49401196208580334 neg 0.4404288583878424 __DUMMY__ 0.06555917952635427	false	0.5
abgewichst	off 1.0		off 0.4896630318564494 neg 0.4442846696533195 __DUMMY__ 0.06605229849023114	false	1.0
schwer	neg 1.0		off 0.48928033852180536 neg 0.44466340782244923 __DUMMY__ 0.06605625365574531	false	0.5
bedeutungslosigkeit	neg 1.0		off 0.4856623959670254 neg 0.44797151749714026 __DUMMY__ 0.0663660865358342	false	0.5
kapitulation	neg 1.0		off 0.48584777635614407 neg 0.4481823956133263 __DUMMY__ 0.06596982803052977	false	0.5
unscharf	neg 1.0		off 0.48809393454176825 neg 0.4467669584176062 __DUMMY__ 0.06513910704062553	false	0.5
schwinden	neg 1.0		off 0.4837340769166788 neg 0.45022031039934707 __DUMMY__ 0.06604561268397419	false	0.5
versklavung	neg 1.0	neg 1.0	neg 0.7077211896632005 off 0.26113998651498915 __DUMMY__ 0.03113882382181032	false	1.0
schlecht	neg 1.0		off 0.49583112530452433 neg 0.43864245559467746 __DUMMY__ 0.06552641910079832	false	0.5
verhasst	neg 1.0		off 0.4909919128319474 neg 0.443231024477297 __DUMMY__ 0.06577706269075562	false	0.5
beschweren	neg 1.0		off 0.49237615138309165 neg 0.4416858719027382 __DUMMY__ 0.06593797671417016	false	0.5
scheiden	neg 1.0		off 0.4894696936039297 neg 0.4446285300148625 __DUMMY__ 0.06590177638120763	false	0.5
frustriert	neg 1.0		off 0.48872257489303295 neg 0.44511193722649195 __DUMMY__ 0.06616548788047516	false	0.5
schimmelig	neg 1.0		off 0.48446718183140197 neg 0.44973278672756045 __DUMMY__ 0.06580003144103772	false	0.5
fisch	neg 1.0		off 0.48067417839198495 neg 0.4533715744554671 __DUMMY__ 0.06595424715254805	false	0.5
schmuggel	neg 1.0		off 0.48627000135672444 neg 0.44689925141538483 __DUMMY__ 0.06683074722789072	false	0.5
auffallen	neg 1.0		off 0.49205752240521566 neg 0.4421705640247589 __DUMMY__ 0.0657719135700254	false	0.5
konkurrenz	neg 1.0		off 0.4865531178532169 neg 0.4468234511101712 __DUMMY__ 0.06662343103661186	false	0.5
teufelskreis	neg 1.0	neg 1.0	neg 0.7088997954287269 off 0.25983601361974257 __DUMMY__ 0.03126419095153063	false	1.0
aufschreien	neg 1.0		off 0.49168502668114866 neg 0.44275779907799634 __DUMMY__ 0.06555717424085493	false	0.5
schuldner	neg 1.0		off 0.4826187379442089 neg 0.4514773750717379 __DUMMY__ 0.06590388698405328	false	0.5
missgeburt	off 1.0	off 1.0	off 0.7377544121730788 neg 0.2316444111862436 __DUMMY__ 0.03060117664067769	false	1.0
arbeitslos	neg 1.0		off 0.4873078498306233 neg 0.44647777035744224 __DUMMY__ 0.0662143798119345	false	0.5
befallen	neg 1.0		off 0.48583040410554323 neg 0.44859095398073173 __DUMMY__ 0.06557864191372492	false	0.5
miesepetrig	off 1.0	off 1.0	off 0.7335629032286111 neg 0.2353481711095345 __DUMMY__ 0.03108892566185451	false	1.0
alarmieren	neg 1.0		off 0.4947014025064328 neg 0.43973390765623765 __DUMMY__ 0.06556468983732963	false	0.5
ungeduscht	off 1.0		off 0.4924843177237405 neg 0.44222521565585315 __DUMMY__ 0.06529046662040631	false	1.0
knappheit	neg 1.0		off 0.48485607772557654 neg 0.44942673823304996 __DUMMY__ 0.06571718404137361	false	0.5
schlange	neg 1.0		off 0.4905751409083396 neg 0.4433947334311837 __DUMMY__ 0.06603012566047686	false	0.5
harsch	neg 1.0		off 0.4994207202089428 neg 0.43550517413083195 __DUMMY__ 0.06507410566022523	false	0.5
lang	neg 1.0		off 0.4907210498030187 neg 0.4434690876879428 __DUMMY__ 0.06580986250903839	false	0.5
ziellos	neg 1.0		off 0.4865066617163614 neg 0.44702470756444573 __DUMMY__ 0.06646863071919269	false	0.5
selbstverliebt	neg 1.0		off 0.504978492134607 neg 0.43095306285221735 __DUMMY__ 0.06406844501317563	false	0.5
beseitigen	neg 1.0		off 0.4908223454158762 neg 0.4430038822977351 __DUMMY__ 0.06617377228638877	false	0.5
dumm	off 1.0		off 0.5003304197213853 neg 0.43510703014984586 __DUMMY__ 0.06456255012876899	false	1.0
arbeitsloser	neg 1.0		off 0.4912746746779066 neg 0.4419155927185502 __DUMMY__ 0.0668097326035432	false	0.5
blitzen	neg 1.0		off 0.49258523331436904 neg 0.441976664854275 __DUMMY__ 0.06543810183135608	false	0.5
hilflos	neg 1.0		off 0.4873138218431349 neg 0.446503396911925 __DUMMY__ 0.06618278124494016	false	0.5
eklig	off 1.0		off 0.4993787968676152 neg 0.4363293158552944 __DUMMY__ 0.06429188727709038	false	1.0
begriff			off 0.48949065900877714 neg 0.44447093696837053 __DUMMY__ 0.06603840402285234	false	0.0
hungersnot	neg 1.0		off 0.4861721553710241 neg 0.4479237399865828 __DUMMY__ 0.06590410464239305	false	0.5
ungesetzlich	neg 1.0		off 0.49105250870062195 neg 0.44335712586640136 __DUMMY__ 0.06559036543297668	false	0.5
verschwendung	neg 1.0		off 0.4852538559710182 neg 0.4484377661192172 __DUMMY__ 0.06630837790976463	false	0.5
schmerzvoll	neg 1.0		off 0.4901183275786283 neg 0.4442064517237413 __DUMMY__ 0.0656752206976305	false	0.5
vorzeitig	neg 1.0		off 0.4952023306985696 neg 0.4392394365203535 __DUMMY__ 0.06555823278107688	false	0.5
unvollkommenheit	neg 1.0		off 0.4876773289635967 neg 0.4463150133855738 __DUMMY__ 0.06600765765082944	false	0.5
intervenieren	neg 1.0		off 0.4842775198540034 neg 0.4497419203431774 __DUMMY__ 0.06598055980281921	false	0.5
banause	off 1.0		off 0.49887509834215527 neg 0.4372947073163852 __DUMMY__ 0.06383019434145953	false	1.0
rebell	neg 1.0		off 0.479341401276838 neg 0.4544478802767494 __DUMMY__ 0.06621071844641255	false	0.5
unlogisch	neg 1.0		off 0.4963518329065928 neg 0.43867273188232064 __DUMMY__ 0.06497543521108669	false	0.5
leiden	neg 1.0		off 0.4871079350127375 neg 0.4460285589176097 __DUMMY__ 0.06686350606965287	false	0.5
abschaffung	neg 1.0		off 0.48872891000877966 neg 0.44575416135606954 __DUMMY__ 0.06551692863515082	false	0.5
sturz	neg 1.0		off 0.4941489244974874 neg 0.4396935488053668 __DUMMY__ 0.0661575266971457	false	0.5
verkleinerung	neg 1.0		off 0.49009181129815144 neg 0.4449437474516557 __DUMMY__ 0.0649644412501929	false	0.5
schmarotzer	off 1.0		off 0.48823745418110254 neg 0.4456330986888153 __DUMMY__ 0.06612944713008229	false	1.0
bestrafung	neg 1.0	neg 1.0	neg 0.7068260642440807 off 0.2617743595830967 __DUMMY__ 0.03139957617282268	false	1.0
achtlos	neg 1.0		off 0.48931223450313316 neg 0.4444400096221066 __DUMMY__ 0.06624775587476028	false	0.5
ungeheuer	neg 1.0		off 0.48818306649262055 neg 0.4462064771209252 __DUMMY__ 0.06561045638645421	false	0.5
unaufrichtig	neg 1.0		off 0.49393883067596905 neg 0.44050396779326345 __DUMMY__ 0.06555720153076763	false	0.5
groggy	neg 1.0		off 0.49324054799254463 neg 0.44103212856921203 __DUMMY__ 0.06572732343824338	false	0.5
