unsolidarisch	neg 1.0		off 0.5021921898647351 neg 0.45770857859260494 __DUMMY__ 0.04009923154265999	false	0.5
nachteilig	neg 1.0		off 0.5004806504376746 neg 0.45893412420044105 __DUMMY__ 0.04058522536188428	false	0.5
skeptisch	neg 1.0		off 0.49883666833058055 neg 0.4605627616878958 __DUMMY__ 0.04060056998152373	false	0.5
schrecklich	neg 1.0		off 0.5107712412966644 neg 0.44949364246570933 __DUMMY__ 0.03973511623762626	false	0.5
schlapp	neg 1.0	neg 1.0	neg 0.7109679800082757 off 0.2700565239097867 __DUMMY__ 0.018975496081937677	false	1.0
abfall	neg 1.0		off 0.4974978377617053 neg 0.4615864518698485 __DUMMY__ 0.04091571036844622	false	0.5
widerspenstig	neg 1.0		off 0.5013112617517359 neg 0.45845849486460316 __DUMMY__ 0.04023024338366092	false	0.5
abrupt	neg 1.0		off 0.4968485325597002 neg 0.46268771407164483 __DUMMY__ 0.04046375336865512	false	0.5
unwirksam	neg 1.0		off 0.4987819801259715 neg 0.46139664551713444 __DUMMY__ 0.03982137435689399	false	0.5
angreifen	neg 1.0		off 0.49872492473666674 neg 0.46060253534049733 __DUMMY__ 0.04067253992283593	false	0.5
inkonsistent	neg 1.0		off 0.5034126731219136 neg 0.4566336838871804 __DUMMY__ 0.03995364299090614	false	0.5
abrutschen	neg 1.0		off 0.4965709355821324 neg 0.4625560278088226 __DUMMY__ 0.040873036609044955	false	0.5
unsicher	neg 1.0		off 0.5035303864707849 neg 0.45607326137193077 __DUMMY__ 0.04039635215728431	false	0.5
bauernkind	off 1.0	off 1.0	off 0.7403710206678997 neg 0.24107168221644948 __DUMMY__ 0.01855729711565079	false	1.0
angreifer	neg 1.0		off 0.5091101334540235 neg 0.450537063311719 __DUMMY__ 0.04035280323425752	false	0.5
trennen	neg 1.0		off 0.49903498762370085 neg 0.46023045689541353 __DUMMY__ 0.04073455548088564	false	0.5
schmutz	neg 1.0		off 0.5093222850285453 neg 0.450195089354482 __DUMMY__ 0.040482625616972585	false	0.5
inkonsistenz	neg 1.0		off 0.5073174192147843 neg 0.4526759450224083 __DUMMY__ 0.04000663576280738	false	0.5
erschreckend	neg 1.0		off 0.5022397517159505 neg 0.4574004614432983 __DUMMY__ 0.040359786840751366	false	0.5
ertrinken	neg 1.0		off 0.49699001299824247 neg 0.462438844988252 __DUMMY__ 0.040571142013505486	false	0.5
pickelface	off 1.0		off 0.5030233337667169 neg 0.4567347709593768 __DUMMY__ 0.04024189527390623	false	1.0
seiner			off 0.4997015815131925 neg 0.4595873617573703 __DUMMY__ 0.04071105672943727	false	0.0
lauch	neg 1.0	neg 1.0	neg 0.7167008983807976 off 0.26391961578140827 __DUMMY__ 0.01937948583779414	false	1.0
unwichtig	neg 1.0		off 0.5072434247631947 neg 0.45274847459300305 __DUMMY__ 0.04000810064380217	false	0.5
steuerhinterziehung	neg 1.0		off 0.5014813984780417 neg 0.45825796330703933 __DUMMY__ 0.04026063821491889	false	0.5
schock	neg 1.0		off 0.5017017874893632 neg 0.4578582830159194 __DUMMY__ 0.04043992949471738	false	0.5
beule	neg 1.0		off 0.5080504401093019 neg 0.4522103445886738 __DUMMY__ 0.03973921530202422	false	0.5
vergelten	neg 1.0		off 0.5119606203991303 neg 0.4483284129737331 __DUMMY__ 0.0397109666271367	false	0.5
verdorbenheit	neg 1.0		off 0.5040085233822402 neg 0.45575361353749666 __DUMMY__ 0.04023786308026312	false	0.5
trauma	neg 1.0		off 0.5034921045673523 neg 0.45634841457014974 __DUMMY__ 0.04015948086249805	false	0.5
sinnlos	neg 1.0		off 0.5047118728096517 neg 0.45509042310211684 __DUMMY__ 0.040197704088231465	false	0.5
fettsack	off 1.0	off 1.0	off 0.7416532620610905 neg 0.2397642384066404 __DUMMY__ 0.018582499532269082	false	1.0
feige	off 1.0	off 1.0	off 0.7402019613220957 neg 0.2408640637223314 __DUMMY__ 0.01893397495557292	false	1.0
abdanken	neg 1.0		off 0.5040336496988482 neg 0.4555038355381781 __DUMMY__ 0.040462514762973655	false	0.5
wichtigtuer	off 1.0	off 1.0	off 0.7394063821019491 neg 0.24148363559075767 __DUMMY__ 0.0191099823072932	false	1.0
misslingen	neg 1.0		off 0.5061602285314363 neg 0.4534341464116788 __DUMMY__ 0.040405625056884976	false	0.5
untreu	off 1.0		off 0.5081769366340032 neg 0.4519033736381157 __DUMMY__ 0.03991968972788099	false	1.0
missmutig	neg 1.0		off 0.5056878861136704 neg 0.45427269820868865 __DUMMY__ 0.04003941567764097	false	0.5
hurenbock	off 1.0		off 0.498706261314834 neg 0.4614455480239056 __DUMMY__ 0.03984819066126057	false	1.0
betrunken	neg 1.0		off 0.5095645138017991 neg 0.4506618851031934 __DUMMY__ 0.03977360109500737	false	0.5
korrupt	off 1.0		off 0.5005409648794401 neg 0.4592178390315674 __DUMMY__ 0.04024119608899247	false	1.0
unmut	neg 1.0		off 0.4975561511577773 neg 0.461709053053815 __DUMMY__ 0.04073479578840772	false	0.5
hackfresse	off 1.0		off 0.5143534887055542 neg 0.4462306132076346 __DUMMY__ 0.03941589808681122	false	1.0
aufblasen	neg 1.0		off 0.5031020834547275 neg 0.45662162321088823 __DUMMY__ 0.04027629333438422	false	0.5
gewaltsam	neg 1.0		off 0.5042210969172188 neg 0.45530731995946 __DUMMY__ 0.04047158312332106	false	0.5
unbeliebtheit	neg 1.0		off 0.5083926321277848 neg 0.4516840154375715 __DUMMY__ 0.039923352434643594	false	0.5
sturheit	neg 1.0		off 0.5035508105860448 neg 0.4559566038530685 __DUMMY__ 0.04049258556088668	false	0.5
kuh	neg 1.0		off 0.49828330881247135 neg 0.4623145180485728 __DUMMY__ 0.039402173138955915	false	0.5
erschrecken	neg 1.0		off 0.5064552048467125 neg 0.4534784293444039 __DUMMY__ 0.04006636580888365	false	0.5
opfer	neg 1.0		off 0.5026954887933817 neg 0.45653967322317307 __DUMMY__ 0.04076483798344525	false	0.5
sinken	neg 1.0		off 0.496185620121247 neg 0.4632867068612566 __DUMMY__ 0.04052767301749623	false	0.5
stinktier	neg 1.0		off 0.5079030980980317 neg 0.45296741468388296 __DUMMY__ 0.03912948721808532	false	0.5
tucke	off 1.0		off 0.5123468140646097 neg 0.44873250809992277 __DUMMY__ 0.038920677835467515	false	1.0
ein			off 0.5000556285884278 neg 0.45978516999942576 __DUMMY__ 0.040159201412146524	false	0.0
abstieg	neg 1.0		off 0.5042350087285314 neg 0.45502901847746485 __DUMMY__ 0.040735972794003775	false	0.5
missverstehen	neg 1.0		off 0.5056291622243917 neg 0.4542197269741762 __DUMMY__ 0.04015111080143191	false	0.5
ergebnislos	neg 1.0		off 0.5017063437552481 neg 0.4575791166029909 __DUMMY__ 0.04071453964176092	false	0.5
unter			off 0.4945382752265155 neg 0.46423153678907003 __DUMMY__ 0.041230187984414524	false	0.0
manipulieren	neg 1.0		off 0.49993326516024467 neg 0.459415849749965 __DUMMY__ 0.04065088508979041	false	0.5
unbewiesen	neg 1.0	neg 1.0	neg 0.712624573847853 off 0.268241718341763 __DUMMY__ 0.01913370781038391	false	1.0
verschleppen	neg 1.0		off 0.5006496649537485 neg 0.45888218269646686 __DUMMY__ 0.040468152349784584	false	0.5
weib	off 1.0		off 0.5142049367853385 neg 0.44669958381144204 __DUMMY__ 0.03909547940321954	false	1.0
opposition	neg 1.0		off 0.5031737489006022 neg 0.45675006440736865 __DUMMY__ 0.04007618669202909	false	0.5
verkehrswidrig	neg 1.0		off 0.5137668087215552 neg 0.4464410518370706 __DUMMY__ 0.03979213944137423	false	0.5
inkorrekt	neg 1.0		off 0.5102461376715423 neg 0.4500446149870644 __DUMMY__ 0.03970924734139342	false	0.5
vermeiden	neg 1.0		off 0.4961833632944147 neg 0.46291201561331313 __DUMMY__ 0.040904621092272185	false	0.5
abweichung	neg 1.0	neg 1.0	neg 0.7132461447814014 off 0.26743082940058 __DUMMY__ 0.019323025818018646	false	1.0
alkoholisiert	neg 1.0		off 0.5024284241439186 neg 0.456631976095743 __DUMMY__ 0.0409395997603383	false	0.5
scheiss	off 1.0	off 1.0	off 0.7403521812011796 neg 0.2408179318372352 __DUMMY__ 0.018829886961585163	false	1.0
herausforderung	neg 1.0		off 0.5008495213745859 neg 0.4586763892723324 __DUMMY__ 0.04047408935308152	false	0.5
pervers	off 1.0		off 0.5171737985935686 neg 0.4437872852931858 __DUMMY__ 0.03903891611324557	false	1.0
wackelig	neg 1.0		off 0.5014662542399235 neg 0.45799015333478715 __DUMMY__ 0.04054359242528934	false	0.5
verwickeln	neg 1.0		off 0.5050772240355326 neg 0.4546963873813815 __DUMMY__ 0.040226388583086005	false	0.5
vorwand	neg 1.0		off 0.4981704971676979 neg 0.461154554300097 __DUMMY__ 0.040674948532205	false	0.5
muschi	off 1.0		off 0.5030252306208202 neg 0.4565820108223788 __DUMMY__ 0.04039275855680096	false	1.0
entmutigung	neg 1.0		off 0.5025485831026636 neg 0.45754918043473186 __DUMMY__ 0.03990223646260453	false	0.5
unangemessen	neg 1.0		off 0.5026113185419795 neg 0.4569419852686281 __DUMMY__ 0.04044669618939236	false	0.5
unstetig	neg 1.0		off 0.5057096389725976 neg 0.4543141017738755 __DUMMY__ 0.03997625925352697	false	0.5
entmutigen	neg 1.0		off 0.5038560264632337 neg 0.4558847938003791 __DUMMY__ 0.040259179736387124	false	0.5
schwanz	neg 1.0		off 0.5002013078833091 neg 0.4593817584428594 __DUMMY__ 0.040416933673831555	false	0.5
verbot	neg 1.0		off 0.5007197494319007 neg 0.45897134885110685 __DUMMY__ 0.0403089017169924	false	0.5
leid	neg 1.0		off 0.5118194504614871 neg 0.44858845616234144 __DUMMY__ 0.03959209337617145	false	0.5
archaisch	neg 1.0		off 0.5007733774879951 neg 0.4589080976353097 __DUMMY__ 0.040318524876695155	false	0.5
gegen			off 0.4996605600643923 neg 0.4594739756876832 __DUMMY__ 0.04086546424792447	false	0.0
scheidung	neg 1.0		off 0.523683317166786 neg 0.43713066262447176 __DUMMY__ 0.03918602020874245	false	0.5
einschlag	neg 1.0		off 0.5136426635642998 neg 0.44640293913476276 __DUMMY__ 0.03995439730093747	false	0.5
m			off 0.5013954873898655 neg 0.4581341444919305 __DUMMY__ 0.040470368118204036	false	0.0
abgestanden	neg 1.0		off 0.49728587410780856 neg 0.46296890807267654 __DUMMY__ 0.03974521781951494	false	0.5
schmierig	off 1.0		off 0.5111561298890953 neg 0.4492630527788144 __DUMMY__ 0.03958081733209016	false	1.0
unpraktisch	neg 1.0		off 0.5046564464716605 neg 0.45507719184088113 __DUMMY__ 0.04026636168745838	false	0.5
wixxer	off 1.0		off 0.5159599973770669 neg 0.44516435817477545 __DUMMY__ 0.038875644448157554	false	1.0
bezeichnet			off 0.5041542981585245 neg 0.45546427935887585 __DUMMY__ 0.040381422482599634	false	0.0
jammerlappen	off 1.0		off 0.5074864537301441 neg 0.45251874106930157 __DUMMY__ 0.03999480520055437	false	1.0
farce	neg 1.0		off 0.5014666564966763 neg 0.45838334420308413 __DUMMY__ 0.04014999930023957	false	0.5
zwecklos	neg 1.0		off 0.5008629566916314 neg 0.4587138941365843 __DUMMY__ 0.04042314917178428	false	0.5
turbulent	neg 1.0		off 0.5079993959541701 neg 0.4522846314234304 __DUMMY__ 0.03971597262239945	false	0.5
invasion	neg 1.0		off 0.504970225994961 neg 0.4549126641036899 __DUMMY__ 0.040117109901348945	false	0.5
schuld	neg 1.0		off 0.5043842045438698 neg 0.45534758670426184 __DUMMY__ 0.04026820875186823	false	0.5
risiko	neg 1.0		off 0.5021762730250761 neg 0.45789475404163593 __DUMMY__ 0.03992897293328793	false	0.5
finster	neg 1.0		off 0.5004002810774936 neg 0.45949755470694514 __DUMMY__ 0.04010216421556124	false	0.5
geisteskrank	off 1.0		off 0.509555089680466 neg 0.45062106534935015 __DUMMY__ 0.039823844970183896	false	1.0
zusammenbrechen	neg 1.0		off 0.500715024883934 neg 0.4588981195387917 __DUMMY__ 0.04038685557727421	false	0.5
ausbeute	neg 1.0		off 0.5046074996901065 neg 0.4547779446511818 __DUMMY__ 0.04061455565871154	false	0.5
hinterhalt	neg 1.0		off 0.5009075273038012 neg 0.4587865377842089 __DUMMY__ 0.040305934911989916	false	0.5
kritik	neg 1.0		off 0.5012929020453787 neg 0.4585343358141321 __DUMMY__ 0.040172762140489066	false	0.5
einschrumpfen	neg 1.0		off 0.5055653817211584 neg 0.4546564993255298 __DUMMY__ 0.03977811895331182	false	0.5
riskant	neg 1.0		off 0.49836118206951924 neg 0.46111115480394843 __DUMMY__ 0.0405276631265324	false	0.5
frustrieren	neg 1.0		off 0.4989504634875721 neg 0.46059694513415894 __DUMMY__ 0.040452591378268926	false	0.5
groll	neg 1.0		off 0.5025218404758289 neg 0.4569337169950016 __DUMMY__ 0.04054444252916944	false	0.5
gibt			off 0.5009262163309766 neg 0.4586037695825327 __DUMMY__ 0.0404700140864907	false	0.0
qualvoll	neg 1.0		off 0.5048062803225307 neg 0.45501912672680594 __DUMMY__ 0.04017459295066341	false	0.5
wackeln	neg 1.0		off 0.5028581529784146 neg 0.45680421678243566 __DUMMY__ 0.0403376302391497	false	0.5
klagen	neg 1.0		off 0.497706279224685 neg 0.46169440069897777 __DUMMY__ 0.04059932007633717	false	0.5
bankrott	neg 1.0		off 0.5076090044953716 neg 0.45231118515130747 __DUMMY__ 0.040079810353320956	false	0.5
trauern	neg 1.0		off 0.5028620036138157 neg 0.4562153895722144 __DUMMY__ 0.04092260681396989	false	0.5
ablehnung	neg 1.0		off 0.5006654986587799 neg 0.45912791065910524 __DUMMY__ 0.04020659068211484	false	0.5
stur	neg 1.0		off 0.503871416457051 neg 0.45591079461086453 __DUMMY__ 0.040217788932084435	false	0.5
aufruhr	neg 1.0	neg 1.0	neg 0.7126130756024175 off 0.26818355383165915 __DUMMY__ 0.019203370565923344	false	1.0
melancholie	neg 1.0		off 0.496726841628935 neg 0.4628723255679963 __DUMMY__ 0.0404008328030687	false	0.5
ist			off 0.5042975220194941 neg 0.45550715626834815 __DUMMY__ 0.0401953217121577	false	0.0
torheit	neg 1.0		off 0.5039627736945639 neg 0.4558243760401367 __DUMMY__ 0.04021285026529937	false	0.5
dreckskind	off 1.0		off 0.5141649157157142 neg 0.44659891240470856 __DUMMY__ 0.03923617187957709	false	1.0
umtauschen	neg 1.0		off 0.5022165869605926 neg 0.4574623193359844 __DUMMY__ 0.04032109370342295	false	0.5
zum			off 0.5001028015950822 neg 0.4586451202703871 __DUMMY__ 0.04125207813453065	false	0.0
zersetzen	neg 1.0		off 0.49779536902809113 neg 0.46171588096975225 __DUMMY__ 0.04048875000215654	false	0.5
zur			off 0.4966928025547492 neg 0.46237286764243557 __DUMMY__ 0.040934329802815125	false	0.0
frust	neg 1.0		off 0.5009996876647865 neg 0.4585528058139786 __DUMMY__ 0.04044750652123487	false	0.5
unerbittlichkeit	neg 1.0		off 0.5002238110045008 neg 0.45917485978307426 __DUMMY__ 0.04060132921242488	false	0.5
zwei			off 0.4968341098666054 neg 0.4621581724937597 __DUMMY__ 0.04100771763963492	false	0.0
unkorrekt	neg 1.0		off 0.5093516854429672 neg 0.4508624604096568 __DUMMY__ 0.03978585414737606	false	0.5
hexe	off 1.0		off 0.5039012450637571 neg 0.4564087129241103 __DUMMY__ 0.03969004201213269	false	1.0
lasch	neg 1.0		off 0.5072719235223483 neg 0.4526349047677616 __DUMMY__ 0.04009317170989016	false	0.5
rivale	neg 1.0		off 0.5107575439606803 neg 0.44951829774260776 __DUMMY__ 0.039724158296711914	false	0.5
mutlos	off 1.0	off 1.0	off 0.7363416105370845 neg 0.2444106979471188 __DUMMY__ 0.01924769151579668	false	1.0
wirr	off 1.0		off 0.5103149250878753 neg 0.4500860626828783 __DUMMY__ 0.039599012229246285	false	1.0
jahr			off 0.5031921775028076 neg 0.455819646284077 __DUMMY__ 0.04098817621311539	false	0.0
wird			off 0.5008711904363825 neg 0.458588938497229 __DUMMY__ 0.040539871066388455	false	0.0
strafbar	neg 1.0		off 0.5004691477587908 neg 0.4588978158816775 __DUMMY__ 0.04063303635953167	false	0.5
erosion	neg 1.0		off 0.5035519495393272 neg 0.45611645970067033 __DUMMY__ 0.04033159076000231	false	0.5
eingehen	neg 1.0		off 0.49876501502134396 neg 0.46077487942453826 __DUMMY__ 0.04046010555411767	false	0.5
faul	off 1.0		off 0.5068854894113114 neg 0.45306903166343393 __DUMMY__ 0.04004547892525459	false	1.0
provisorium	neg 1.0		off 0.49531041553178 neg 0.4634029118206462 __DUMMY__ 0.041286672647573755	false	0.5
schmerzen	neg 1.0		off 0.5009688825132907 neg 0.45874575636422155 __DUMMY__ 0.040285361122487824	false	0.5
schrumpfen	neg 1.0		off 0.493669718216244 neg 0.46569021471353855 __DUMMY__ 0.040640067070217306	false	0.5
geistlos	off 1.0		off 0.504094525553995 neg 0.4559360652795168 __DUMMY__ 0.039969409166488196	false	1.0
fehlkauf	neg 1.0		off 0.5044092165048744 neg 0.45553273727474225 __DUMMY__ 0.040058046220383524	false	0.5
frustrierend	neg 1.0		off 0.505824101077201 neg 0.454153240483596 __DUMMY__ 0.04002265843920293	false	0.5
unzufrieden	neg 1.0		off 0.5010473507438179 neg 0.4584812404075787 __DUMMY__ 0.040471408848603355	false	0.5
verzweifeln	neg 1.0		off 0.5022978220304304 neg 0.45729697817944415 __DUMMY__ 0.04040519979012556	false	0.5
verzweifelt	neg 1.0		off 0.5038034686173711 neg 0.4559895930064594 __DUMMY__ 0.04020693837616947	false	0.5
misstrauensantrag	neg 1.0		off 0.5042578028292258 neg 0.45562629230379403 __DUMMY__ 0.040115904866980204	false	0.5
abfallen	neg 1.0		off 0.5023697767746508 neg 0.45739736104109835 __DUMMY__ 0.04023286218425098	false	0.5
fucker	off 1.0		off 0.5107362738712917 neg 0.4494394604235797 __DUMMY__ 0.03982426570512858	false	1.0
ungezogen	neg 1.0		off 0.5159191922936261 neg 0.4448347078513292 __DUMMY__ 0.03924609985504469	false	0.5
irrsinnig	neg 1.0	neg 1.0	neg 0.7130929933777491 off 0.26780168731575416 __DUMMY__ 0.01910531930649673	false	1.0
unfassbar	neg 1.0		off 0.5086282566627344 neg 0.45140240703637313 __DUMMY__ 0.0399693363008924	false	0.5
hart	neg 1.0		off 0.5037821160165832 neg 0.45675255511826257 __DUMMY__ 0.03946532886515415	false	0.5
widerlich	off 1.0		off 0.50843916030015 neg 0.4516944065226887 __DUMMY__ 0.039866433177161244	false	1.0
fatal	neg 1.0	neg 1.0	neg 0.7135514616788573 off 0.26751057449410665 __DUMMY__ 0.018937963827036018	false	1.0
bruch	neg 1.0		off 0.4981853424934457 neg 0.4609825946415081 __DUMMY__ 0.040832062865046204	false	0.5
aushungern	neg 1.0		off 0.5009923396403663 neg 0.4587006994180605 __DUMMY__ 0.040306960941573274	false	0.5
anspannung	neg 1.0		off 0.4975795263596345 neg 0.46135567886934153 __DUMMY__ 0.041064794771023976	false	0.5
von			off 0.49864835813468994 neg 0.4606758401656883 __DUMMY__ 0.04067580169962168	false	0.0
kraftlos	neg 1.0		off 0.5003719766239955 neg 0.45915531788033226 __DUMMY__ 0.04047270549567246	false	0.5
vom			off 0.4972528072821776 neg 0.46134750368125427 __DUMMY__ 0.04139968903656805	false	0.0
grenzdebil	off 1.0		off 0.5077888514363638 neg 0.45236975980218946 __DUMMY__ 0.03984138876144676	false	1.0
vor			off 0.49783581028886165 neg 0.4613935808686131 __DUMMY__ 0.04077060884252525	false	0.0
unterwerfen	neg 1.0		off 0.501132976809847 neg 0.4582601283493061 __DUMMY__ 0.040606894840846834	false	0.5
versenkung	neg 1.0		off 0.5005210674002532 neg 0.458841492262162 __DUMMY__ 0.04063744033758497	false	0.5
entziehen	neg 1.0		off 0.497952949000474 neg 0.46137593754742934 __DUMMY__ 0.04067111345209663	false	0.5
finanzkrise	neg 1.0		off 0.49700839489943444 neg 0.46320307887895434 __DUMMY__ 0.03978852622161128	false	0.5
schimpfend	neg 1.0		off 0.5049227760307925 neg 0.45470661987173094 __DUMMY__ 0.040370604097476524	false	0.5
profan	neg 1.0		off 0.5044685067008929 neg 0.45542785422501286 __DUMMY__ 0.04010363907409426	false	0.5
korruption	neg 1.0		off 0.49960070704791004 neg 0.46014317986140524 __DUMMY__ 0.04025611309068477	false	0.5
â			off 0.5001891653883908 neg 0.45936542702879923 __DUMMY__ 0.040445407582810136	false	0.0
schmutzig	neg 1.0		off 0.5083543806944127 neg 0.45177221474549023 __DUMMY__ 0.03987340456009698	false	0.5
sexy	neg 1.0		off 0.5067955153615994 neg 0.45309391201886784 __DUMMY__ 0.04011057261953267	false	0.5
abraten	neg 1.0		off 0.5049146114275459 neg 0.45487179881263534 __DUMMY__ 0.0402135897598187	false	0.5
schwarz	neg 1.0		off 0.5050408222298469 neg 0.45478371789953836 __DUMMY__ 0.04017545987061466	false	0.5
fotze	off 1.0	off 1.0	off 0.7367777199585385 neg 0.24399282069591 __DUMMY__ 0.019229459345551512	false	1.0
verwirren	neg 1.0		off 0.5054003165379638 neg 0.45444272953630066 __DUMMY__ 0.04015695392573567	false	0.5
zahnlos	off 1.0		off 0.5019105299915503 neg 0.45767422041950656 __DUMMY__ 0.04041524958894326	false	1.0
verheeren	neg 1.0		off 0.5175122750005222 neg 0.4432679198773513 __DUMMY__ 0.03921980512212662	false	0.5
hippie	neg 1.0		off 0.5060043213364864 neg 0.4539116300374124 __DUMMY__ 0.04008404862610122	false	0.5
rammen	neg 1.0		off 0.5031013418110931 neg 0.4566746454123506 __DUMMY__ 0.04022401277655632	false	0.5
unlauter	neg 1.0		off 0.5036350515693758 neg 0.45631040885035107 __DUMMY__ 0.0400545395802731	false	0.5
unheilvoll	neg 1.0		off 0.5030358315555618 neg 0.456831085699111 __DUMMY__ 0.04013308274532713	false	0.5
niedrig	neg 1.0		off 0.4985153552874912 neg 0.4611786208068646 __DUMMY__ 0.04030602390564404	false	0.5
explosion	neg 1.0		off 0.5061952028576893 neg 0.4536922173238128 __DUMMY__ 0.040112579818498036	false	0.5
weichei	off 1.0	off 1.0	off 0.7420117433443356 neg 0.2393177259845441 __DUMMY__ 0.0186705306711202	false	1.0
minusmensch	off 1.0		off 0.5156921151131173 neg 0.445220391780521 __DUMMY__ 0.03908749310636169	false	1.0
farblos	neg 1.0		off 0.5035782276876274 neg 0.45624945520021015 __DUMMY__ 0.04017231711216243	false	0.5
unwissend	neg 1.0	neg 1.0	neg 0.711477736854464 off 0.2695625394088186 __DUMMY__ 0.018959723736717417	false	1.0
traurig	neg 1.0		off 0.5105942727035859 neg 0.44962768990887175 __DUMMY__ 0.03977803738754238	false	0.5
senkung	neg 1.0		off 0.5022458540560616 neg 0.45796183031564164 __DUMMY__ 0.03979231562829674	false	0.5
ungleich	neg 1.0	neg 1.0	neg 0.7147941505686901 off 0.26594953950544215 __DUMMY__ 0.019256309925867788	false	1.0
heikel	neg 1.0		off 0.49935511535937216 neg 0.46005579498934857 __DUMMY__ 0.04058908965127931	false	0.5
drosselung	neg 1.0		off 0.5052255375408953 neg 0.45521498958291784 __DUMMY__ 0.03955947287618702	false	0.5
falsch	neg 1.0		off 0.5071425177598422 neg 0.45274939445442636 __DUMMY__ 0.040108087785731494	false	0.5
unzufriedenheit	neg 1.0		off 0.4973632448375129 neg 0.4621922931192842 __DUMMY__ 0.040444462043202845	false	0.5
kurz	neg 1.0		off 0.5023115386143703 neg 0.45713018227729024 __DUMMY__ 0.04055827910833938	false	0.5
unsinnig	neg 1.0		off 0.500802324685701 neg 0.4589623032427966 __DUMMY__ 0.040235372071502525	false	0.5
penner	off 1.0	off 1.0	off 0.7434057966032098 neg 0.23793011683525375 __DUMMY__ 0.018664086561536335	false	1.0
seicht	neg 1.0		off 0.5133112593346695 neg 0.4475699068668698 __DUMMY__ 0.03911883379846065	false	0.5
dummheit	off 1.0	off 1.0	off 0.7385015854466568 neg 0.24248895251142982 __DUMMY__ 0.019009462041913262	false	1.0
unerfreulich	neg 1.0		off 0.4986498673419136 neg 0.4607804003907401 __DUMMY__ 0.04056973226734646	false	0.5
motherfucker	off 1.0	off 1.0	off 0.7412562578980025 neg 0.23985236874120622 __DUMMY__ 0.01889137336079116	false	1.0
pikiert	neg 1.0		off 0.5070878610600968 neg 0.453017065133983 __DUMMY__ 0.03989507380592027	false	0.5
wrack	neg 1.0		off 0.5055021118154553 neg 0.45367927237831873 __DUMMY__ 0.04081861580622595	false	0.5
gangster	neg 1.0		off 0.5061351953087229 neg 0.45380034787179646 __DUMMY__ 0.040064456819480725	false	0.5
krank	neg 1.0		off 0.5092408689586029 neg 0.4507964531154242 __DUMMY__ 0.03996267792597285	false	0.5
reich	neg 1.0		off 0.5036988925027215 neg 0.45657164775505815 __DUMMY__ 0.03972945974222031	false	0.5
gnadenlos	neg 1.0		off 0.5044085213944215 neg 0.4552808799215713 __DUMMY__ 0.04031059868400726	false	0.5
niedergeschlagen	neg 1.0		off 0.5025263641684634 neg 0.45684852749094446 __DUMMY__ 0.04062510834059219	false	0.5
terrorisieren	off 1.0	off 1.0	off 0.736403879724248 neg 0.24425553680462572 __DUMMY__ 0.019340583471126303	false	1.0
sinnlosigkeit	neg 1.0		off 0.501284855256821 neg 0.45829207781168374 __DUMMY__ 0.04042306693149527	false	0.5
behindern	neg 1.0		off 0.5020897138646357 neg 0.45765609148729897 __DUMMY__ 0.040254194648065365	false	0.5
undemokratisch	neg 1.0		off 0.5040459033004686 neg 0.4558883208684919 __DUMMY__ 0.04006577583103942	false	0.5
wirtschaftskrise	neg 1.0		off 0.49787599310570807 neg 0.46197970528227356 __DUMMY__ 0.040144301612018346	false	0.5
neid	neg 1.0		off 0.5059803373051317 neg 0.453927652160548 __DUMMY__ 0.04009201053432041	false	0.5
rutschen	neg 1.0		off 0.49620138047147755 neg 0.4628133314862509 __DUMMY__ 0.04098528804227157	false	0.5
rezession	neg 1.0		off 0.5060577792948825 neg 0.45464228035365867 __DUMMY__ 0.03929994035145886	false	0.5
fehlgeburt	neg 1.0		off 0.504727627906197 neg 0.4548733660979387 __DUMMY__ 0.040399005995864365	false	0.5
charakterschwach	off 1.0		off 0.5073879459386968 neg 0.45277473403291724 __DUMMY__ 0.039837320028385956	false	1.0
isolation	neg 1.0		off 0.5075941686458023 neg 0.4522467947325732 __DUMMY__ 0.04015903662162442	false	0.5
ablenkung	neg 1.0		off 0.5033907987464841 neg 0.4562089297877358 __DUMMY__ 0.040400271465780166	false	0.5
pech	neg 1.0		off 0.5062651978335386 neg 0.4537521628953653 __DUMMY__ 0.039982639271096035	false	0.5
vermeidung	neg 1.0		off 0.5073514157032895 neg 0.45286190502469775 __DUMMY__ 0.03978667927201271	false	0.5
dominieren	neg 1.0		off 0.5018614539445373 neg 0.457721579247662 __DUMMY__ 0.04041696680780077	false	0.5
schwindlig	neg 1.0		off 0.5040478331353097 neg 0.45583990961925136 __DUMMY__ 0.04011225724543882	false	0.5
lutscher	neg 1.0	neg 1.0	neg 0.7075899512174784 off 0.2739370240300963 __DUMMY__ 0.018473024752425328	false	1.0
pflicht	neg 1.0		off 0.49895901100756734 neg 0.4602941772022673 __DUMMY__ 0.04074681179016547	false	0.5
faschist	off 1.0		off 0.507210911728254 neg 0.45265063698920305 __DUMMY__ 0.04013845128254306	false	1.0
verschleudern	neg 1.0		off 0.49657647408049677 neg 0.463217186638014 __DUMMY__ 0.04020633928148922	false	0.5
wenn			off 0.5070974913465527 neg 0.4529001271657676 __DUMMY__ 0.04000238148767983	false	0.0
ehebruch	neg 1.0		off 0.5009147024938132 neg 0.45857601465673836 __DUMMY__ 0.04050928284944846	false	0.5
spott	off 1.0		off 0.5015504289572397 neg 0.45785642734228826 __DUMMY__ 0.04059314370047207	false	1.0
trostlosigkeit	neg 1.0		off 0.49596629580988844 neg 0.463559842379869 __DUMMY__ 0.04047386181024258	false	0.5
lutschen	neg 1.0		off 0.505978345666578 neg 0.45405805830412954 __DUMMY__ 0.03996359602929253	false	0.5
undiszipliniert	neg 1.0		off 0.5096058222214003 neg 0.4506126097828506 __DUMMY__ 0.039781567995749244	false	0.5
kopfschmerz	neg 1.0		off 0.49751614365591507 neg 0.46223684691318645 __DUMMY__ 0.04024700943089836	false	0.5
unvorhergesehen	neg 1.0		off 0.4998279100025213 neg 0.45939201515472905 __DUMMY__ 0.04078007484274962	false	0.5
desinteressiert	neg 1.0		off 0.5088846716580191 neg 0.4513090491401338 __DUMMY__ 0.03980627920184714	false	0.5
armselig	off 1.0		off 0.5115142669086842 neg 0.4487489098208965 __DUMMY__ 0.03973682327041938	false	1.0
desaster	neg 1.0		off 0.49698412070992637 neg 0.4623747505612449 __DUMMY__ 0.04064112872882874	false	0.5
tod	neg 1.0		off 0.5004874835698164 neg 0.45893219628301035 __DUMMY__ 0.040580320147173145	false	0.5
herzlos	neg 1.0		off 0.5108056150217409 neg 0.4494511287299677 __DUMMY__ 0.03974325624829129	false	0.5
unwissenheit	neg 1.0		off 0.5008553423655029 neg 0.4587186594103982 __DUMMY__ 0.04042599822409892	false	0.5
widersinnig	neg 1.0		off 0.5000567984306401 neg 0.45979304093599266 __DUMMY__ 0.04015016063336737	false	0.5
bedenklich	neg 1.0		off 0.4994214185633678 neg 0.4601627362469136 __DUMMY__ 0.04041584518971864	false	0.5
beanstanden	neg 1.0		off 0.5002146287907411 neg 0.45901556007651306 __DUMMY__ 0.04076981113274591	false	0.5
panisch	neg 1.0		off 0.5056481126793733 neg 0.4540630320061623 __DUMMY__ 0.040288855314464495	false	0.5
debil	off 1.0		off 0.49328495376235415 neg 0.46571992744053325 __DUMMY__ 0.04099511879711254	false	1.0
abstrich	neg 1.0		off 0.5009399392359738 neg 0.4587678419475215 __DUMMY__ 0.04029221881650477	false	0.5
primitiv	neg 1.0		off 0.5094501429875935 neg 0.4507083404386069 __DUMMY__ 0.03984151657379952	false	0.5
abschaum	off 1.0	off 1.0	off 0.7409579907146091 neg 0.24001102370913044 __DUMMY__ 0.01903098557626045	false	1.0
provozieren	neg 1.0		off 0.503841048742939 neg 0.455908478109446 __DUMMY__ 0.04025047314761496	false	0.5
tot	neg 1.0		off 0.4996020228251114 neg 0.46012482267214266 __DUMMY__ 0.04027315450274603	false	0.5
instabil	neg 1.0		off 0.5096287974832232 neg 0.45085783377285726 __DUMMY__ 0.03951336874391964	false	0.5
schwuchtel	off 1.0	off 1.0	off 0.7461320217920259 neg 0.23550814126477512 __DUMMY__ 0.0183598369431991	false	1.0
zerren	neg 1.0		off 0.5016741095854421 neg 0.45776218520339107 __DUMMY__ 0.040563705211166895	false	0.5
kinderficker	off 1.0		off 0.5134041206604076 neg 0.4470235688190849 __DUMMY__ 0.03957231052050742	false	1.0
gefahr	neg 1.0		off 0.49982855677432986 neg 0.4594154224502312 __DUMMY__ 0.04075602077543895	false	0.5
rabiat	neg 1.0		off 0.5021309968683859 neg 0.45752859710985283 __DUMMY__ 0.04034040602176139	false	0.5
verlangsamung	neg 1.0		off 0.5131440069562697 neg 0.44755411482890733 __DUMMY__ 0.03930187821482296	false	0.5
ausgestorben	neg 1.0		off 0.5023084740655358 neg 0.4572700644357455 __DUMMY__ 0.040421461498718725	false	0.5
anklagen	neg 1.0		off 0.5023858749631165 neg 0.4571557615114064 __DUMMY__ 0.04045836352547707	false	0.5
trott	neg 1.0		off 0.503010282941061 neg 0.45667539099799914 __DUMMY__ 0.04031432606093995	false	0.5
verminderung	neg 1.0		off 0.5077902623479656 neg 0.45239397867088865 __DUMMY__ 0.03981575898114574	false	0.5
nach			off 0.49621045270793956 neg 0.4626278939656767 __DUMMY__ 0.04116165332638365	false	0.0
rost	neg 1.0		off 0.5176452285462132 neg 0.4428223057263863 __DUMMY__ 0.03953246572740045	false	0.5
destruktiv	neg 1.0		off 0.5023475655175536 neg 0.4573893054608555 __DUMMY__ 0.040263129021590925	false	0.5
unzumutbarkeit	neg 1.0		off 0.507683531913293 neg 0.45248991978140224 __DUMMY__ 0.03982654830530463	false	0.5
labil	off 1.0	off 1.0	off 0.7396993216684241 neg 0.24133126533346386 __DUMMY__ 0.018969412998112018	false	1.0
ziemlich	neg 1.0		off 0.5084938109584448 neg 0.45150767495102356 __DUMMY__ 0.03999851409053168	false	0.5
lachnummer	off 1.0		off 0.5044320223798652 neg 0.45519253479573396 __DUMMY__ 0.040375442824400816	false	1.0
oder			off 0.5042219528608193 neg 0.45541636023111104 __DUMMY__ 0.040361686908069724	false	0.0
verfall	neg 1.0		off 0.4940623866715496 neg 0.46528214412066277 __DUMMY__ 0.04065546920778775	false	0.5
ausgrenzung	neg 1.0		off 0.5036364114298182 neg 0.4563256980167513 __DUMMY__ 0.04003789055343041	false	0.5
unordnung	neg 1.0		off 0.5109658740979424 neg 0.4494642875228161 __DUMMY__ 0.03956983837924152	false	0.5
fehlverhalten	neg 1.0		off 0.49975081511323344 neg 0.45967569868152364 __DUMMY__ 0.040573486205243	false	0.5
eine			off 0.4976269136493551 neg 0.4617028485655597 __DUMMY__ 0.040670237785085266	false	0.0
nille	neg 1.0		off 0.5034049199367691 neg 0.45628991908124594 __DUMMY__ 0.04030516098198507	false	0.5
qual	neg 1.0		off 0.502422642086849 neg 0.4572704115256856 __DUMMY__ 0.04030694638746548	false	0.5
verschwenden	neg 1.0		off 0.4978645880151201 neg 0.4617036679882977 __DUMMY__ 0.04043174399658233	false	0.5
riesig	neg 1.0		off 0.500401378576952 neg 0.4590123411142785 __DUMMY__ 0.04058628030876958	false	0.5
verurteilen	neg 1.0		off 0.5018569596245347 neg 0.45768925444865316 __DUMMY__ 0.040453785926812105	false	0.5
klischee	neg 1.0	neg 1.0	neg 0.7120552189165142 off 0.2689656934169033 __DUMMY__ 0.018979087666582465	false	1.0
diktatorisch	neg 1.0		off 0.5039869217514218 neg 0.45596797491076607 __DUMMY__ 0.04004510333781215	false	0.5
vorhersehbar	neg 1.0		off 0.5045831439564281 neg 0.45541345333112465 __DUMMY__ 0.040003402712447185	false	0.5
sowie			off 0.5109096464111398 neg 0.4496618208056945 __DUMMY__ 0.0394285327831658	false	0.0
stornieren	neg 1.0		off 0.5092611810462584 neg 0.4502606223647389 __DUMMY__ 0.04047819658900284	false	0.5
besteuerung	neg 1.0	neg 1.0	neg 0.7152113229666521 off 0.2658760904721453 __DUMMY__ 0.01891258656120267	false	1.0
ungeschminkt	neg 1.0		off 0.5086810220639424 neg 0.45156880727174203 __DUMMY__ 0.03975017066431566	false	0.5
kritisch	neg 1.0		off 0.5010674150581123 neg 0.45847812485403794 __DUMMY__ 0.04045446008784973	false	0.5
schlamperei	off 1.0		off 0.49994079253784846 neg 0.45953473904932524 __DUMMY__ 0.04052446841282623	false	1.0
sucht	neg 1.0	neg 1.0	neg 0.7122287875411156 off 0.2686235619223493 __DUMMY__ 0.019147650536535218	false	1.0
egoistisch	off 1.0	off 1.0	off 0.743142127770287 neg 0.23806135986417745 __DUMMY__ 0.018796512365535648	false	1.0
ausbeuter	off 1.0		off 0.4978282993306066 neg 0.46174950963924766 __DUMMY__ 0.040422191030145785	false	1.0
arschgeburt	off 1.0		off 0.5183353102117737 neg 0.44290168984436656 __DUMMY__ 0.0387629999438597	false	1.0
schubs	neg 1.0		off 0.49857156401740055 neg 0.4611229439663365 __DUMMY__ 0.04030549201626291	false	0.5
unsolide	neg 1.0		off 0.5057932778368124 neg 0.45406822031859445 __DUMMY__ 0.04013850184459317	false	0.5
beschwerde	neg 1.0		off 0.5019626817883089 neg 0.4575527912423304 __DUMMY__ 0.04048452696936067	false	0.5
stocken	neg 1.0		off 0.5000300038664585 neg 0.4595076087582216 __DUMMY__ 0.040462387375320014	false	0.5
isolieren	neg 1.0		off 0.4998834055049415 neg 0.4598185674184959 __DUMMY__ 0.0402980270765626	false	0.5
unheilbar	neg 1.0		off 0.503564890276092 neg 0.4560936577209532 __DUMMY__ 0.04034145200295473	false	0.5
pisser	off 1.0	off 1.0	off 0.7415079179958803 neg 0.2396496952315283 __DUMMY__ 0.01884238677259137	false	1.0
löschen	neg 1.0		off 0.5031361491419037 neg 0.4566274468586612 __DUMMY__ 0.04023640399943498	false	0.5
durchfallen	neg 1.0		off 0.5012609660654366 neg 0.4582428837291881 __DUMMY__ 0.04049615020537544	false	0.5
wichser	off 1.0	off 1.0	off 0.7447363311022728 neg 0.2367169460631481 __DUMMY__ 0.018546722834579206	false	1.0
terror	neg 1.0		off 0.5058119460296401 neg 0.4540989501040387 __DUMMY__ 0.040089103866321245	false	0.5
krass	neg 1.0		off 0.5116779035245581 neg 0.44874945750337264 __DUMMY__ 0.03957263897206913	false	0.5
revolte	neg 1.0		off 0.5043076280486634 neg 0.45582739385398013 __DUMMY__ 0.03986497809735656	false	0.5
besorgt	neg 1.0		off 0.5030204545726749 neg 0.45637144418377873 __DUMMY__ 0.040608101243546524	false	0.5
nachlassen	neg 1.0		off 0.5010168578088361 neg 0.45842695403840716 __DUMMY__ 0.04055618815275671	false	0.5
alt	neg 1.0		off 0.49649113121400695 neg 0.4633592629682947 __DUMMY__ 0.04014960581769824	false	0.5
hundesohn	off 1.0	off 1.0	off 0.7437291988254208 neg 0.23773592444633765 __DUMMY__ 0.018534876728241566	false	1.0
als			off 0.5007983990015714 neg 0.45880805217361176 __DUMMY__ 0.04039354882481688	false	0.0
abschreckung	neg 1.0		off 0.4987766103031245 neg 0.46062804789207046 __DUMMY__ 0.040595341804805105	false	0.5
unqualifiziert	neg 1.0		off 0.5073519436507632 neg 0.4525833342994281 __DUMMY__ 0.04006472204980862	false	0.5
abgewichst	off 1.0		off 0.5030906256495077 neg 0.4565423352298767 __DUMMY__ 0.040367039120615705	false	1.0
schwer	neg 1.0		off 0.5027072125624816 neg 0.4569231858608746 __DUMMY__ 0.040369601576643724	false	0.5
bedeutungslosigkeit	neg 1.0		off 0.49913747126908325 neg 0.460302946745222 __DUMMY__ 0.040559581985694704	false	0.5
kapitulation	neg 1.0		off 0.4992428117589695 neg 0.4604406978450474 __DUMMY__ 0.04031649039598312	false	0.5
unscharf	neg 1.0		off 0.5013377882212691 neg 0.45885559894513717 __DUMMY__ 0.0398066128335937	false	0.5
schwinden	neg 1.0		off 0.49713764989260995 neg 0.4624995398443012 __DUMMY__ 0.04036281026308876	false	0.5
versklavung	neg 1.0	neg 1.0	neg 0.7135125796626911 off 0.2674764588646818 __DUMMY__ 0.019010961472627118	false	1.0
schlecht	neg 1.0		off 0.5091723351183203 neg 0.45078307412376784 __DUMMY__ 0.04004459075791178	false	0.5
verhasst	neg 1.0		off 0.5043668250884049 neg 0.4554347414451959 __DUMMY__ 0.040198433466399126	false	0.5
beschweren	neg 1.0		off 0.5057888992677821 neg 0.4539140648859042 __DUMMY__ 0.04029703584631353	false	0.5
scheiden	neg 1.0		off 0.5028685728324587 neg 0.45685741376600303 __DUMMY__ 0.040274013401538314	false	0.5
frustriert	neg 1.0		off 0.5021688965199966 neg 0.45739450023957995 __DUMMY__ 0.040436603240423356	false	0.5
schimmelig	neg 1.0		off 0.4978327047294037 neg 0.46195562480558383 __DUMMY__ 0.04021167046501236	false	0.5
fisch	neg 1.0		off 0.4940589266903188 neg 0.46563509466576886 __DUMMY__ 0.04030597864391239	false	0.5
schmuggel	neg 1.0		off 0.49984281096513944 neg 0.4593134636208637 __DUMMY__ 0.04084372541399685	false	0.5
auffallen	neg 1.0		off 0.5054360689531557 neg 0.4543687587769914 __DUMMY__ 0.04019517226985277	false	0.5
konkurrenz	neg 1.0		off 0.5000822349637778 neg 0.4592007018694056 __DUMMY__ 0.04071706316681661	false	0.5
teufelskreis	neg 1.0	neg 1.0	neg 0.7147141649809649 off 0.2661981338321456 __DUMMY__ 0.019087701186889575	false	1.0
aufschreien	neg 1.0		off 0.5050186619081057 neg 0.4549177196138141 __DUMMY__ 0.04006361847808015	false	0.5
schuldner	neg 1.0		off 0.4959909172491242 neg 0.4637331288387404 __DUMMY__ 0.04027595391213541	false	0.5
missgeburt	off 1.0	off 1.0	off 0.7439870356484388 neg 0.23733085750933144 __DUMMY__ 0.018682106842229818	false	1.0
arbeitslos	neg 1.0		off 0.5007589452920872 neg 0.45877445311328696 __DUMMY__ 0.04046660159462582	false	0.5
befallen	neg 1.0		off 0.49914732966520975 neg 0.46077640940414694 __DUMMY__ 0.04007626093064334	false	0.5
miesepetrig	off 1.0	off 1.0	off 0.7398940506027684 neg 0.24112562435178975 __DUMMY__ 0.018980325045441834	false	1.0
alarmieren	neg 1.0		off 0.50804301265858 neg 0.4518891959709051 __DUMMY__ 0.04006779137051494	false	0.5
ungeduscht	off 1.0		off 0.505772210475564 neg 0.45432829804449326 __DUMMY__ 0.03989949147994271	false	1.0
knappheit	neg 1.0		off 0.49819761947861746 neg 0.46164106376174247 __DUMMY__ 0.040161316759640166	false	0.5
schlange	neg 1.0		off 0.5040026448803298 neg 0.4556440447948235 __DUMMY__ 0.04035331032484673	false	0.5
harsch	neg 1.0		off 0.5126825647890801 neg 0.44755059569773314 __DUMMY__ 0.03976683951318679	false	0.5
lang	neg 1.0		off 0.5041029961402409 neg 0.4556784344794451 __DUMMY__ 0.040218569380313825	false	0.5
ziellos	neg 1.0		off 0.5000078829666893 neg 0.4593698255219677 __DUMMY__ 0.04062229151134292	false	0.5
selbstverliebt	neg 1.0		off 0.5180542723836797 neg 0.44279513928282105 __DUMMY__ 0.03915058833349918	false	0.5
beseitigen	neg 1.0		off 0.504276352181128 neg 0.4552826938234171 __DUMMY__ 0.040440953995455005	false	0.5
dumm	off 1.0		off 0.5134923693300529 neg 0.44705405301362083 __DUMMY__ 0.03945357765632644	false	1.0
arbeitsloser	neg 1.0		off 0.5048572404332532 neg 0.4543114185431691 __DUMMY__ 0.040831341023577744	false	0.5
blitzen	neg 1.0		off 0.505897928304742 neg 0.4541115217884069 __DUMMY__ 0.03999054990685115	false	0.5
hilflos	neg 1.0		off 0.5007602432880961 neg 0.4587925865081451 __DUMMY__ 0.04044717020375887	false	0.5
eklig	off 1.0		off 0.5124837412847741 neg 0.4482287460937423 __DUMMY__ 0.03928751262148367	false	1.0
begriff			off 0.5029133786293055 neg 0.4567280275397994 __DUMMY__ 0.04035859383089513	false	0.0
hungersnot	neg 1.0		off 0.49955594469527914 neg 0.46016822148553665 __DUMMY__ 0.040275833819184335	false	0.5
ungesetzlich	neg 1.0		off 0.5043857662978729 neg 0.45553045786650276 __DUMMY__ 0.04008377583562427	false	0.5
verschwendung	neg 1.0		off 0.4987176707225645 neg 0.46075810193020206 __DUMMY__ 0.04052422734723339	false	0.5
schmerzvoll	neg 1.0		off 0.503471186126369 neg 0.456392875335244 __DUMMY__ 0.04013593853838702	false	0.5
vorzeitig	neg 1.0		off 0.5085473066258621 neg 0.45138905898824794 __DUMMY__ 0.040063634385889994	false	0.5
unvollkommenheit	neg 1.0		off 0.5010895913918872 neg 0.4585712326153972 __DUMMY__ 0.04033917599271558	false	0.5
intervenieren	neg 1.0		off 0.49766987660695383 neg 0.46200696557131155 __DUMMY__ 0.04032315782173449	false	0.5
banause	off 1.0		off 0.5118852648827413 neg 0.4491103372829609 __DUMMY__ 0.0390043978342978	false	1.0
rebell	neg 1.0		off 0.4927708685090998 neg 0.4667654244417328 __DUMMY__ 0.04046370704916744	false	0.5
unlogisch	neg 1.0		off 0.5095844158803915 neg 0.4507088372080731 __DUMMY__ 0.03970674691153545	false	0.5
leiden	neg 1.0		off 0.5006935064930297 neg 0.45844261128516045 __DUMMY__ 0.04086388222180983	false	0.5
abschaffung	neg 1.0		off 0.5020432694544461 neg 0.45791808768195624 __DUMMY__ 0.04003864286359747	false	0.5
sturz	neg 1.0		off 0.5076111059118642 neg 0.45195782474628576 __DUMMY__ 0.040431069341849986	false	0.5
verkleinerung	neg 1.0		off 0.5032989289465547 neg 0.45700128982131155 __DUMMY__ 0.03969978123213378	false	0.5
schmarotzer	off 1.0		off 0.5016736969435774 neg 0.4579118344665687 __DUMMY__ 0.04041446858985399	false	1.0
bestrafung	neg 1.0	neg 1.0	neg 0.7126647340693448 off 0.2681648615744899 __DUMMY__ 0.01917040435616526	false	1.0
achtlos	neg 1.0		off 0.5027781388989068 neg 0.4567350073048258 __DUMMY__ 0.04048685379626734	false	0.5
ungeheuer	neg 1.0		off 0.5015176151251495 neg 0.45838662533541263 __DUMMY__ 0.04009575953943804	false	0.5
unaufrichtig	neg 1.0		off 0.5072778533839973 neg 0.4526588781569672 __DUMMY__ 0.04006326845903541	false	0.5
groggy	neg 1.0		off 0.5066116926003952 neg 0.45322036047204994 __DUMMY__ 0.040167946927554814	false	0.5
