unsolidarisch	neg 1.0		__DUMMY__ 0.9187040457588852 off 0.04246338326906761 neg 0.03883257097204716	false	0.5
nachteilig	neg 1.0		__DUMMY__ 0.9251173869736824 off 0.03825381538830061 neg 0.0366287976380169	false	0.5
skeptisch	neg 1.0		__DUMMY__ 0.9249508146612 neg 0.037631416860903766 off 0.037417768477896164	false	1.0
schrecklich	neg 1.0		__DUMMY__ 0.9147707236573682 off 0.04879192660328054 neg 0.036437349739351185	false	0.5
schlapp	neg 1.0	neg 1.0	neg 0.503731498988848 __DUMMY__ 0.4549227121068134 off 0.04134578890433872	false	1.0
abfall	neg 1.0		__DUMMY__ 0.9290646894968202 neg 0.036166166979427046 off 0.034769143523752696	false	1.0
widerspenstig	neg 1.0		__DUMMY__ 0.9208814878348197 off 0.04047323847436771 neg 0.03864527369081263	false	0.5
abrupt	neg 1.0		__DUMMY__ 0.9237941895115925 neg 0.03950810623671533 off 0.036697704251692186	false	1.0
unwirksam	neg 1.0		__DUMMY__ 0.9156826061336646 neg 0.042560744814253954 off 0.04175664905208137	false	1.0
angreifen	neg 1.0		__DUMMY__ 0.92570436121949 neg 0.03725396472132698 off 0.03704167405918308	false	1.0
inkonsistent	neg 1.0		__DUMMY__ 0.9176153146897263 off 0.043221801973133835 neg 0.039162883337139846	false	0.5
abrutschen	neg 1.0		__DUMMY__ 0.9283829752009967 neg 0.037120736857312736 off 0.03449628794169067	false	1.0
unsicher	neg 1.0		__DUMMY__ 0.9224776873447382 off 0.04117402377458548 neg 0.03634828888067635	false	0.5
bauernkind	off 1.0	off 1.0	off 0.5157611670353653 __DUMMY__ 0.4461801801312441 neg 0.038058652833390584	false	1.0
angreifer	neg 1.0		__DUMMY__ 0.9223480124712881 off 0.04447689415846525 neg 0.033175093370246746	false	0.5
trennen	neg 1.0		__DUMMY__ 0.926702583000399 neg 0.036739399161836876 off 0.036558017837764245	false	1.0
schmutz	neg 1.0		__DUMMY__ 0.9247651700492038 off 0.04330719273450289 neg 0.03192763721629327	false	0.5
inkonsistenz	neg 1.0		__DUMMY__ 0.9179265116586908 off 0.045464946938997185 neg 0.03660854140231197	false	0.5
erschreckend	neg 1.0		__DUMMY__ 0.9219167187046304 off 0.04079121112851376 neg 0.037292070166855824	false	0.5
ertrinken	neg 1.0		__DUMMY__ 0.9246138816885155 neg 0.038891127846847444 off 0.03649499046463697	false	1.0
pickelface	off 1.0		__DUMMY__ 0.9208667360496716 off 0.04161204986882251 neg 0.03752121408150585	false	1.0
seiner			__DUMMY__ 0.9263127946026577 off 0.03717960146778963 neg 0.036507603929552664	false	0.0
lauch	neg 1.0	neg 1.0	neg 0.5051891888288313 __DUMMY__ 0.46324833467414833 off 0.03156247649702034	false	1.0
unwichtig	neg 1.0		__DUMMY__ 0.9178643157585492 off 0.04539803413356678 neg 0.03673765010788407	false	0.5
steuerhinterziehung	neg 1.0		__DUMMY__ 0.9210034830629419 off 0.04092718848605994 neg 0.03806932845099823	false	0.5
schock	neg 1.0		__DUMMY__ 0.9230377588599699 off 0.03979916001783757 neg 0.03716308112219256	false	0.5
beule	neg 1.0		__DUMMY__ 0.9152460623078746 off 0.046908779793633365 neg 0.03784515789849197	false	0.5
vergelten	neg 1.0		__DUMMY__ 0.9145325255743221 off 0.04982553659085376 neg 0.03564193783482423	false	0.5
verdorbenheit	neg 1.0		__DUMMY__ 0.9212576512234034 off 0.04171433940584954 neg 0.037028009370747045	false	0.5
trauma	neg 1.0		__DUMMY__ 0.9196808922007897 off 0.04243113877939852 neg 0.03788796901981179	false	0.5
sinnlos	neg 1.0		__DUMMY__ 0.9201154554029127 off 0.042961189319050574 neg 0.03692335527803657	false	0.5
fettsack	off 1.0	off 1.0	off 0.5169299862682241 __DUMMY__ 0.4465212469208602 neg 0.036548766810915734	false	1.0
feige	off 1.0	off 1.0	off 0.5124669314446054 __DUMMY__ 0.4534258642801553 neg 0.034107204275239285	false	1.0
abdanken	neg 1.0		__DUMMY__ 0.9233812896793349 off 0.0412238822684817 neg 0.03539482805218341	false	0.5
wichtigtuer	off 1.0	off 1.0	off 0.5098718104161679 __DUMMY__ 0.4572266261175814 neg 0.0329015634662507	false	1.0
misslingen	neg 1.0		__DUMMY__ 0.9234160420892925 off 0.04208686966974508 neg 0.03449708824096233	false	0.5
untreu	off 1.0		__DUMMY__ 0.9167406573580599 off 0.04646610779002338 neg 0.036793234851916753	false	1.0
missmutig	neg 1.0		__DUMMY__ 0.9184152233143131 off 0.0442300151489514 neg 0.03735476153673547	false	0.5
hurenbock	off 1.0		__DUMMY__ 0.9164292041225671 neg 0.04243214245115807 off 0.04113865342627487	false	0.5
betrunken	neg 1.0		__DUMMY__ 0.9153380346341851 off 0.04778729682881394 neg 0.03687466853700102	false	0.5
korrupt	off 1.0		__DUMMY__ 0.9204350837083316 off 0.04068851240946879 neg 0.038876403882199526	false	1.0
unmut	neg 1.0		__DUMMY__ 0.9265573055388796 neg 0.03742925275211073 off 0.03601344170900956	false	1.0
hackfresse	off 1.0		__DUMMY__ 0.9109345875588213 off 0.05260235614411605 neg 0.036463056297062583	false	1.0
aufblasen	neg 1.0		__DUMMY__ 0.9213706464258675 off 0.041336347244131155 neg 0.03729300633000131	false	0.5
gewaltsam	neg 1.0		__DUMMY__ 0.9238108427086694 off 0.040955770719477445 neg 0.03523338657185306	false	0.5
unbeliebtheit	neg 1.0		__DUMMY__ 0.917199733228081 off 0.046574040149039944 neg 0.036226226622879026	false	0.5
sturheit	neg 1.0		__DUMMY__ 0.9236636902534932 off 0.04078346384052281 neg 0.03555284590598393	false	0.5
kuh	neg 1.0		__DUMMY__ 0.9108178317558271 neg 0.045674408229735675 off 0.043507760014437194	false	1.0
erschrecken	neg 1.0		__DUMMY__ 0.9186254582859767 off 0.0446019967105837 neg 0.03677254500343961	false	0.5
opfer	neg 1.0		__DUMMY__ 0.9271369774782755 off 0.03851355019876952 neg 0.03434947232295496	false	0.5
sinken	neg 1.0		__DUMMY__ 0.9243309880577807 neg 0.03933748780869529 off 0.03633152413352404	false	1.0
stinktier	neg 1.0		__DUMMY__ 0.9072428682693193 off 0.050798020582989635 neg 0.041959111147691075	false	0.5
tucke	off 1.0		__DUMMY__ 0.9049024287414215 off 0.054311993794728744 neg 0.04078557746384975	false	1.0
ein			__DUMMY__ 0.9198540813800997 off 0.040292937121643564 neg 0.039852981498256675	false	0.0
abstieg	neg 1.0		__DUMMY__ 0.9270360904113043 off 0.039542053318382175 neg 0.03342185627031359	false	0.5
missverstehen	neg 1.0		__DUMMY__ 0.9195560691544605 off 0.04375598728950155 neg 0.03668794355603798	false	0.5
ergebnislos	neg 1.0		__DUMMY__ 0.9267315205155089 off 0.038262651845846665 neg 0.035005827638644404	false	0.5
unter			__DUMMY__ 0.9329709587412356 neg 0.03597922623359888 off 0.031049815025165496	false	0.0
manipulieren	neg 1.0		__DUMMY__ 0.9256692964301926 off 0.03782029124260873 neg 0.03651041232719877	false	0.5
unbewiesen	neg 1.0	neg 1.0	neg 0.5035555860447296 __DUMMY__ 0.45760807751187077 off 0.038836336443399684	false	1.0
verschleppen	neg 1.0		__DUMMY__ 0.9235905252706692 off 0.03923884180213875 neg 0.03717063292719209	false	0.5
weib	off 1.0		__DUMMY__ 0.906895928777223 off 0.05454537131171904 neg 0.038558699911057925	false	1.0
opposition	neg 1.0		__DUMMY__ 0.9191155877124797 off 0.04245302799578785 neg 0.038431384291732366	false	0.5
verkehrswidrig	neg 1.0		__DUMMY__ 0.916077398528247 off 0.04971146364041169 neg 0.03421113783134141	false	0.5
inkorrekt	neg 1.0		__DUMMY__ 0.9141253199178175 off 0.0490068040689555 neg 0.03686787601322689	false	0.5
vermeiden	neg 1.0		__DUMMY__ 0.92918850271055 neg 0.03696448025023941 off 0.03384701703921068	false	1.0
abweichung	neg 1.0	neg 1.0	neg 0.5022039240348252 __DUMMY__ 0.4619876019556123 off 0.03580847400956257	false	1.0
alkoholisiert	neg 1.0		__DUMMY__ 0.9305011706225912 off 0.036289140100140935 neg 0.033209689277267876	false	0.5
scheiss	off 1.0	off 1.0	off 0.5128227902725699 __DUMMY__ 0.45205617457583847 neg 0.03512103515159159	false	1.0
herausforderung	neg 1.0		__DUMMY__ 0.923636841978515 off 0.03924258826178829 neg 0.037120569759696756	false	0.5
pervers	off 1.0		__DUMMY__ 0.906249637755587 off 0.056468041111810155 neg 0.037282321132602866	false	1.0
wackelig	neg 1.0		__DUMMY__ 0.9247653041719347 off 0.03873604308967281 neg 0.03649865273839245	false	0.5
verwickeln	neg 1.0		__DUMMY__ 0.9203890575224328 off 0.04305313553188306 neg 0.03655780694568411	false	0.5
vorwand	neg 1.0		__DUMMY__ 0.9258674809242148 neg 0.037514644232894405 off 0.03661787484289083	false	1.0
muschi	off 1.0		__DUMMY__ 0.9227728427618639 off 0.040694062589366996 neg 0.036533094648769214	false	1.0
entmutigung	neg 1.0		__DUMMY__ 0.9163932283755806 off 0.04378455473476431 neg 0.03982221688965513	false	0.5
unangemessen	neg 1.0		__DUMMY__ 0.9230793857473065 off 0.04046447689022489 neg 0.03645613736246855	false	0.5
unstetig	neg 1.0		__DUMMY__ 0.9180692379944285 off 0.04440326092551726 neg 0.0375275010800542	false	0.5
entmutigen	neg 1.0		__DUMMY__ 0.9209681365751485 off 0.04204447455971299 neg 0.03698738886513849	false	0.5
schwanz	neg 1.0		__DUMMY__ 0.923326236677954 off 0.038715059803980316 neg 0.0379587035180657	false	0.5
verbot	neg 1.0		__DUMMY__ 0.9213923247167444 off 0.040371439251471554 neg 0.03823623603178403	false	0.5
leid	neg 1.0		__DUMMY__ 0.9131150820612112 off 0.05006247967304893 neg 0.03682243826574002	false	0.5
archaisch	neg 1.0		__DUMMY__ 0.9215580852845991 off 0.04014141036591091 neg 0.03830050434948997	false	0.5
gegen			__DUMMY__ 0.9282037818710647 off 0.036473092774367215 neg 0.035323125354568094	false	0.0
scheidung	neg 1.0		__DUMMY__ 0.9082595414962473 off 0.05952018961709113 neg 0.03222026888666155	false	0.5
einschlag	neg 1.0		__DUMMY__ 0.9178737113469224 off 0.04894219774349917 neg 0.033184090909578454	false	0.5
m			__DUMMY__ 0.9236679019649483 off 0.039255990261670336 neg 0.037076107773381446	false	0.0
abgestanden	neg 1.0		__DUMMY__ 0.9152501123124501 neg 0.04408997148345052 off 0.04065991620409932	false	1.0
schmierig	off 1.0		__DUMMY__ 0.9129166984414356 off 0.04988163015307672 neg 0.03720167140548764	false	1.0
unpraktisch	neg 1.0		__DUMMY__ 0.9214965808834138 off 0.04204782786947645 neg 0.03645559124710971	false	0.5
wixxer	off 1.0		__DUMMY__ 0.9041364022561327 off 0.056831861766165045 neg 0.0390317359777023	false	1.0
bezeichnet			__DUMMY__ 0.9223060329916767 off 0.04164942570868137 neg 0.03604454129964189	false	0.0
jammerlappen	off 1.0		__DUMMY__ 0.9176510693388403 off 0.0456766549457929 neg 0.036672275715366694	false	1.0
farce	neg 1.0		__DUMMY__ 0.9194258235236543 off 0.04169382386262501 neg 0.03888035261372062	false	0.5
zwecklos	neg 1.0		__DUMMY__ 0.9226804301327565 off 0.03966748781129831 neg 0.037652082055945335	false	0.5
turbulent	neg 1.0		__DUMMY__ 0.914844080753645 off 0.04727106737989591 neg 0.03788485186645909	false	0.5
invasion	neg 1.0		__DUMMY__ 0.919235154281487 off 0.04344602684171558 neg 0.03731881887679741	false	0.5
schuld	neg 1.0		__DUMMY__ 0.9208779918210053 off 0.042455421313306235 neg 0.036666586865688536	false	0.5
risiko	neg 1.0		__DUMMY__ 0.9171654251543235 off 0.043152346410305575 neg 0.03968222843537086	false	0.5
finster	neg 1.0		__DUMMY__ 0.9197144320935071 off 0.04035739939033096 neg 0.039928168516161947	false	0.5
geisteskrank	off 1.0		__DUMMY__ 0.9154700327866563 off 0.04790767343072014 neg 0.0366222937826236	false	1.0
zusammenbrechen	neg 1.0		__DUMMY__ 0.9222108206396555 off 0.039775395705487965 neg 0.038013783654856546	false	0.5
ausbeute	neg 1.0		__DUMMY__ 0.9260279082049755 off 0.03992797024138461 neg 0.0340441215536399	false	0.5
hinterhalt	neg 1.0		__DUMMY__ 0.9221061104932721 off 0.03975994301383634 neg 0.03813394649289156	false	0.5
kritik	neg 1.0		__DUMMY__ 0.9196548769880718 off 0.04150347281208723 neg 0.038841650199841024	false	0.5
einschrumpfen	neg 1.0		__DUMMY__ 0.9150886709174217 off 0.045824201204427664 neg 0.03908712787815056	false	0.5
riskant	neg 1.0		__DUMMY__ 0.9239367447785285 neg 0.03843323600350154 off 0.03763001921796992	false	1.0
frustrieren	neg 1.0		__DUMMY__ 0.9230059953272939 neg 0.03857757923277925 off 0.038416425439926925	false	1.0
groll	neg 1.0		__DUMMY__ 0.9243372963750446 off 0.03980637000047684 neg 0.03585633362447857	false	0.5
gibt			__DUMMY__ 0.9232163575187148 off 0.03943699064655962 neg 0.03734665183472564	false	0.0
qualvoll	neg 1.0		__DUMMY__ 0.9200920565245373 off 0.04292926264519319 neg 0.036978680830269485	false	0.5
wackeln	neg 1.0		__DUMMY__ 0.9219821639682503 off 0.04096277046711287 neg 0.03705506556463693	false	0.5
klagen	neg 1.0		__DUMMY__ 0.924981040465236 neg 0.03812431654136691 off 0.036894642993397155	false	1.0
bankrott	neg 1.0		__DUMMY__ 0.9190770620046741 off 0.04487019319011738 neg 0.03605274480520853	false	0.5
trauern	neg 1.0		__DUMMY__ 0.9293797372776679 off 0.037496200517872634 neg 0.03312406220445956	false	0.5
ablehnung	neg 1.0		__DUMMY__ 0.9200589352730156 off 0.04098640392633616 neg 0.0389546608006482	false	0.5
stur	neg 1.0		__DUMMY__ 0.9202613790183469 off 0.04243198107261965 neg 0.03730663990903344	false	0.5
aufruhr	neg 1.0	neg 1.0	neg 0.5028335332357449 __DUMMY__ 0.45935599968205404 off 0.03781046708220106	false	1.0
melancholie	neg 1.0		__DUMMY__ 0.9231477208174543 neg 0.04003949433870017 off 0.036812784843845495	false	1.0
ist			__DUMMY__ 0.9200407738916456 off 0.04275118847468673 neg 0.037208037633667715	false	0.0
torheit	neg 1.0		__DUMMY__ 0.9203446215152853 off 0.042582696936096724 neg 0.03707268154861802	false	0.5
dreckskind	off 1.0		__DUMMY__ 0.9085541985808124 off 0.053701694030006825 neg 0.037744107389180714	false	1.0
umtauschen	neg 1.0		__DUMMY__ 0.9222809421031164 off 0.040184121858677216 neg 0.03753493603820634	false	0.5
zum			__DUMMY__ 0.9335470053422622 off 0.033851543351730976 neg 0.03260145130600685	false	0.0
zersetzen	neg 1.0		__DUMMY__ 0.9235197623457737 neg 0.03890138651127906 off 0.03757885114294719	false	1.0
zur			__DUMMY__ 0.9292013285302745 neg 0.0365789903513422 off 0.034219681118383395	false	0.0
frust	neg 1.0		__DUMMY__ 0.9229162042878535 off 0.03963540840799852 neg 0.03744838730414805	false	0.5
unerbittlichkeit	neg 1.0		__DUMMY__ 0.9250282292682778 off 0.0382203058367617 neg 0.036751464894960506	false	0.5
zwei			__DUMMY__ 0.9302836297364251 neg 0.036232252551989315 off 0.033484117711585666	false	0.0
unkorrekt	neg 1.0		__DUMMY__ 0.9153969458425909 off 0.047705311740910014 neg 0.036897742416499096	false	0.5
hexe	off 1.0		__DUMMY__ 0.9145493281406476 off 0.04496862090254066 neg 0.040482050956811726	false	1.0
lasch	neg 1.0		__DUMMY__ 0.918876919903068 off 0.045034873495949174 neg 0.03608820660098282	false	0.5
rivale	neg 1.0		__DUMMY__ 0.9148839577992385 off 0.04874650610340724 neg 0.03636953609735417	false	0.5
mutlos	off 1.0	off 1.0	off 0.5058108963688744 __DUMMY__ 0.45992601765285923 neg 0.03426308597826633	false	1.0
wirr	off 1.0		__DUMMY__ 0.9130517933420871 off 0.04938920275329088 neg 0.03755900390462205	false	1.0
jahr			__DUMMY__ 0.9304618092945616 off 0.037061218470735374 neg 0.03247697223470299	false	0.0
wird			__DUMMY__ 0.9242441040550524 off 0.038819627475470055 neg 0.03693626846947745	false	0.0
strafbar	neg 1.0		__DUMMY__ 0.925457220490691 off 0.03813225535300716 neg 0.03641052415630181	false	0.5
erosion	neg 1.0		__DUMMY__ 0.921971825752289 off 0.04124666711290357 neg 0.03678150713480742	false	0.5
eingehen	neg 1.0		__DUMMY__ 0.9230787833820725 neg 0.03861277648479323 off 0.038308440133134336	false	1.0
faul	off 1.0		__DUMMY__ 0.9188751870530806 off 0.04451454249177439 neg 0.03661027045514505	false	1.0
provisorium	neg 1.0		__DUMMY__ 0.9338674743540214 neg 0.03516058457971789 off 0.030971941066260694	false	1.0
schmerzen	neg 1.0		__DUMMY__ 0.9218656885140004 off 0.03970062125380376 neg 0.03843369023219576	false	0.5
schrumpfen	neg 1.0		__DUMMY__ 0.9254346797252363 neg 0.04011982380361728 off 0.03444549647114642	false	1.0
geistlos	off 1.0		__DUMMY__ 0.9171311456627167 off 0.04419942811942789 neg 0.0386694262178555	false	1.0
fehlkauf	neg 1.0		__DUMMY__ 0.9185663920849926 off 0.04349324485143999 neg 0.03794036306356742	false	0.5
frustrierend	neg 1.0		__DUMMY__ 0.9179716460237973 off 0.04460146511637646 neg 0.03742688885982625	false	0.5
unzufrieden	neg 1.0		__DUMMY__ 0.9232437849751534 off 0.03950488745592918 neg 0.03725132756891735	false	0.5
verzweifeln	neg 1.0		__DUMMY__ 0.9225286582238532 off 0.04049450381066975 neg 0.036976837965476995	false	0.5
verzweifelt	neg 1.0		__DUMMY__ 0.9200511997489443 off 0.0424905781131819 neg 0.037458222137873795	false	0.5
misstrauensantrag	neg 1.0		__DUMMY__ 0.919595002770862 off 0.042813608663252324 neg 0.03759138856588569	false	0.5
abfallen	neg 1.0		__DUMMY__ 0.920964963151975 off 0.04101675532146938 neg 0.03801828152655564	false	0.5
fucker	off 1.0		__DUMMY__ 0.9155144059844944 off 0.048577687797775874 neg 0.035907906217729726	false	1.0
ungezogen	neg 1.0		__DUMMY__ 0.9089358407392265 off 0.054419236811288484 neg 0.03664492244948503	false	0.5
irrsinnig	neg 1.0	neg 1.0	neg 0.5045309273575116 __DUMMY__ 0.45701628898145735 off 0.038452783661030984	false	1.0
unfassbar	neg 1.0		__DUMMY__ 0.9173956912505186 off 0.04638311261930599 neg 0.03622119613017553	false	0.5
hart	neg 1.0		__DUMMY__ 0.9115408544577499 off 0.046405908341596136 neg 0.04205323720065395	false	0.5
widerlich	off 1.0		__DUMMY__ 0.9161659222730125 off 0.04687033350900888 neg 0.036963744217978635	false	1.0
fatal	neg 1.0	neg 1.0	neg 0.5066976241055731 __DUMMY__ 0.4534691512366443 off 0.03983322465778254	false	1.0
bruch	neg 1.0		__DUMMY__ 0.9280191845362292 neg 0.03629501452052504 off 0.03568580094324578	false	1.0
aushungern	neg 1.0		__DUMMY__ 0.9212994416084188 off 0.04062209191881233 neg 0.03807846647276884	false	0.5
anspannung	neg 1.0		__DUMMY__ 0.9310429729444523 neg 0.03515330442403469 off 0.0338037226315131	false	1.0
von			__DUMMY__ 0.926274689332853 neg 0.03716859049257479 off 0.03655672017457224	false	0.0
kraftlos	neg 1.0		__DUMMY__ 0.923624550351603 off 0.03882384561050005 neg 0.03755160403789708	false	0.5
vom			__DUMMY__ 0.9354229170557091 neg 0.03333865067297907 off 0.031238432271311775	false	0.0
grenzdebil	off 1.0		__DUMMY__ 0.9159226276009563 off 0.04660679544669706 neg 0.03747057695234656	false	1.0
vor			__DUMMY__ 0.9269949925135526 neg 0.037192313651747806 off 0.035812693834699615	false	0.0
unterwerfen	neg 1.0		__DUMMY__ 0.9252195945403288 off 0.03861722852888339 neg 0.03616317693078793	false	0.5
versenkung	neg 1.0		__DUMMY__ 0.9252465141957483 off 0.03828878195077421 neg 0.036464703853477436	false	0.5
entziehen	neg 1.0		__DUMMY__ 0.9257703195746618 neg 0.03764654338913584 off 0.0365831370362023	false	1.0
finanzkrise	neg 1.0		__DUMMY__ 0.9150584784992258 neg 0.04373978508689841 off 0.041201736413875735	false	1.0
schimpfend	neg 1.0		__DUMMY__ 0.923050292392911 off 0.04139348116514057 neg 0.03555622644194839	false	0.5
profan	neg 1.0		__DUMMY__ 0.9190830821061883 off 0.04325944216083293 neg 0.03765747573297889	false	0.5
korruption	neg 1.0		__DUMMY__ 0.9208008643035068 off 0.039967822113790845 neg 0.03923131358270231	false	0.5
â			__DUMMY__ 0.923375710214994 off 0.038721493263156895 neg 0.0379027965218492	false	0.0
schmutzig	neg 1.0		__DUMMY__ 0.916366948346561 off 0.04674425745572759 neg 0.03688879419771143	false	0.5
sexy	neg 1.0		__DUMMY__ 0.9192022978685255 off 0.04447923446322884 neg 0.03631846766824572	false	0.5
abraten	neg 1.0		__DUMMY__ 0.9205031532650224 off 0.04276039777481733 neg 0.036736448960160185	false	0.5
schwarz	neg 1.0		__DUMMY__ 0.919922621511283 off 0.043184775582863495 neg 0.036892602905853555	false	0.5
fotze	off 1.0	off 1.0	off 0.5059687046129606 __DUMMY__ 0.45994207660705144 neg 0.034089218779987905	false	1.0
verwirren	neg 1.0		__DUMMY__ 0.919667352215855 off 0.0435328602992239 neg 0.036799787484921104	false	0.5
zahnlos	off 1.0		__DUMMY__ 0.9225464622063951 off 0.04035555754516321 neg 0.03709798024844163	false	1.0
verheeren	neg 1.0		__DUMMY__ 0.9084713525106628 off 0.05583629021674245 neg 0.03569235727259476	false	0.5
hippie	neg 1.0		__DUMMY__ 0.9187680434914297 off 0.044295633403141826 neg 0.03693632310542844	false	0.5
rammen	neg 1.0		__DUMMY__ 0.921437235231417 off 0.04115954647445495 neg 0.03740321829412818	false	0.5
unlauter	neg 1.0		__DUMMY__ 0.9186375683588766 off 0.04315763142364051 neg 0.038204800217482904	false	0.5
unheilvoll	neg 1.0		__DUMMY__ 0.9199358453810903 off 0.0418876403990264 neg 0.03817651421988332	false	0.5
niedrig	neg 1.0		__DUMMY__ 0.9219987825016128 neg 0.039367663215602866 off 0.03863355428278434	false	1.0
explosion	neg 1.0		__DUMMY__ 0.9193329869471216 off 0.04407712595009854 neg 0.03658988710277991	false	0.5
weichei	off 1.0	off 1.0	off 0.5164524456955254 __DUMMY__ 0.4483042353509726 neg 0.03524331895350202	false	1.0
minusmensch	off 1.0		__DUMMY__ 0.906401301679617 off 0.055877069993773704 neg 0.037721628326609295	false	1.0
farblos	neg 1.0		__DUMMY__ 0.9208309387088277 off 0.04171698883386342 neg 0.03745207245730885	false	0.5
unwissend	neg 1.0	neg 1.0	neg 0.5044702532338395 __DUMMY__ 0.45413896913202395 off 0.04139077763413651	false	1.0
traurig	neg 1.0		__DUMMY__ 0.9152314572248123 off 0.04849345868580615 neg 0.03627508408938163	false	0.5
senkung	neg 1.0		__DUMMY__ 0.9155574195003917 off 0.04372533662120977 neg 0.040717243878398486	false	0.5
ungleich	neg 1.0	neg 1.0	neg 0.5045176095697601 __DUMMY__ 0.46022730093310726 off 0.03525508949713265	false	1.0
heikel	neg 1.0		__DUMMY__ 0.9248600715747941 off 0.03773601754518108 neg 0.03740391088002485	false	0.5
drosselung	neg 1.0		__DUMMY__ 0.9127086852050641 off 0.046647758596963365 neg 0.040643556197972594	false	0.5
falsch	neg 1.0		__DUMMY__ 0.9192170469420295 off 0.04464591401679085 neg 0.03613703904117957	false	0.5
unzufriedenheit	neg 1.0		__DUMMY__ 0.9228331424641472 neg 0.03943646954755043 off 0.037730387988302354	false	1.0
kurz	neg 1.0		__DUMMY__ 0.9247963466532597 off 0.03920990291522699 neg 0.03599375043151326	false	0.5
unsinnig	neg 1.0		__DUMMY__ 0.9203504354232456 off 0.04074853115976246 neg 0.03890103341699205	false	0.5
penner	off 1.0	off 1.0	off 0.5180138679274215 __DUMMY__ 0.4480346801661727 neg 0.03395145190640565	false	1.0
seicht	neg 1.0		__DUMMY__ 0.9067952580060782 off 0.0541613456755958 neg 0.03904339631832592	false	0.5
dummheit	off 1.0	off 1.0	off 0.5100773531383836 __DUMMY__ 0.45499759045929766 neg 0.034925056402318674	false	1.0
unerfreulich	neg 1.0		__DUMMY__ 0.9246568201204083 neg 0.03792952762570233 off 0.03741365225388942	false	1.0
motherfucker	off 1.0	off 1.0	off 0.5139164378237056 __DUMMY__ 0.4525797220083049 neg 0.03350384016798957	false	1.0
pikiert	neg 1.0		__DUMMY__ 0.9164588952614894 off 0.04597040986414864 neg 0.03757069487436191	false	0.5
wrack	neg 1.0		__DUMMY__ 0.9289275898971167 off 0.039024756391055265 neg 0.03204765371182808	false	0.5
gangster	neg 1.0		__DUMMY__ 0.9185724930772522 off 0.04442436297249252 neg 0.037003143950255224	false	0.5
krank	neg 1.0		__DUMMY__ 0.9177949934944893 off 0.04639810542846476 neg 0.03580690107704594	false	0.5
reich	neg 1.0		__DUMMY__ 0.914888021063663 off 0.044788595615766084 neg 0.04032338332057096	false	0.5
gnadenlos	neg 1.0		__DUMMY__ 0.9213669689465206 off 0.042247276085538396 neg 0.036385754967941004	false	0.5
niedergeschlagen	neg 1.0		__DUMMY__ 0.9255204104246045 off 0.0390108641593163 neg 0.03546872541607918	false	0.5
terrorisieren	off 1.0	off 1.0	off 0.5048683385125133 __DUMMY__ 0.4618939078356532 neg 0.03323775365183341	false	1.0
sinnlosigkeit	neg 1.0		__DUMMY__ 0.9227525380189411 off 0.039871993506756485 neg 0.03737546847430246	false	0.5
behindern	neg 1.0		__DUMMY__ 0.9210320117447024 off 0.04091456392384627 neg 0.03805342433145131	false	0.5
undemokratisch	neg 1.0		__DUMMY__ 0.9183937342219496 off 0.04367536236828038 neg 0.03793090340977006	false	0.5
wirtschaftskrise	neg 1.0		__DUMMY__ 0.9194470445291697 neg 0.04090250206621616 off 0.0396504534046142	false	1.0
neid	neg 1.0		__DUMMY__ 0.9193003773543965 off 0.04387430684447821 neg 0.036825315801125275	false	0.5
rutschen	neg 1.0		__DUMMY__ 0.9301584159720733 neg 0.03661653227688857 off 0.033225051751038244	false	1.0
rezession	neg 1.0		__DUMMY__ 0.9092076538009131 off 0.04904086622029857 neg 0.04175147997878839	false	0.5
fehlgeburt	neg 1.0		__DUMMY__ 0.9235520509824402 off 0.041067211808915885 neg 0.03538073720864387	false	0.5
charakterschwach	off 1.0		__DUMMY__ 0.9157090322533133 off 0.04655440113639388 neg 0.03773656661029275	false	1.0
isolation	neg 1.0		__DUMMY__ 0.9199802200572734 off 0.04447410842837494 neg 0.035545671514351555	false	0.5
ablenkung	neg 1.0		__DUMMY__ 0.9226920738915667 off 0.0409393271378474 neg 0.03636859897058583	false	0.5
pech	neg 1.0		__DUMMY__ 0.9181746926628125 off 0.044439182939109124 neg 0.03738612439807846	false	0.5
vermeidung	neg 1.0		__DUMMY__ 0.9154953899032897 off 0.04647680327571608 neg 0.03802780682099428	false	0.5
dominieren	neg 1.0		__DUMMY__ 0.9230673466794798 off 0.040030464490347466 neg 0.03690218883017276	false	0.5
schwindlig	neg 1.0		__DUMMY__ 0.9198182801271949 off 0.04238950449594562 neg 0.037792215376859346	false	0.5
lutscher	neg 1.0	neg 1.0	neg 0.5055004368412658 __DUMMY__ 0.44411404552251105 off 0.05038551763622311	false	1.0
pflicht	neg 1.0		__DUMMY__ 0.9266654441316328 off 0.03672899890643634 neg 0.03660555696193092	false	0.5
faschist	off 1.0		__DUMMY__ 0.9194069153677326 off 0.04487029705024503 neg 0.035722787582022436	false	1.0
verschleudern	neg 1.0		__DUMMY__ 0.9202492039618184 neg 0.04123527626663815 off 0.03851551977154351	false	1.0
wenn			__DUMMY__ 0.9177204516779665 off 0.0454204649217952 neg 0.03685908340023844	false	0.0
ehebruch	neg 1.0		__DUMMY__ 0.9238684703315276 off 0.03915727755544681 neg 0.03697425211302556	false	0.5
spott	off 1.0		__DUMMY__ 0.9249331636474791 off 0.039011081314248165 neg 0.03605575503827273	false	1.0
trostlosigkeit	neg 1.0		__DUMMY__ 0.9233924858326791 neg 0.039973489170145 off 0.036634024997175885	false	1.0
lutschen	neg 1.0		__DUMMY__ 0.917644875628142 off 0.044774871415192666 neg 0.03758025295666535	false	0.5
undiszipliniert	neg 1.0		__DUMMY__ 0.9153574801904304 off 0.04781390807572975 neg 0.036828611733839826	false	0.5
kopfschmerz	neg 1.0		__DUMMY__ 0.9213706810025476 neg 0.04057320010974657 off 0.038056118887705784	false	1.0
unvorhergesehen	neg 1.0		__DUMMY__ 0.9280776755807311 off 0.036126578839647275 neg 0.03579574557962166	false	0.5
desinteressiert	neg 1.0		__DUMMY__ 0.9155103756785484 off 0.04739514645749919 neg 0.03709447786395239	false	0.5
armselig	off 1.0		__DUMMY__ 0.9144662168873737 off 0.04946502836194863 neg 0.03606875475067764	false	1.0
desaster	neg 1.0		__DUMMY__ 0.9253733620927667 neg 0.03831344853879316 off 0.036313189368440156	false	1.0
tod	neg 1.0		__DUMMY__ 0.9256224989409993 off 0.03780553736874083 neg 0.03657196369025988	false	0.5
herzlos	neg 1.0		__DUMMY__ 0.9147233841779929 off 0.04887541276473822 neg 0.036401203057268766	false	0.5
unwissenheit	neg 1.0		__DUMMY__ 0.9228614732483169 off 0.039580094432307464 neg 0.037558432319375556	false	0.5
widersinnig	neg 1.0		__DUMMY__ 0.9193098604302673 off 0.04096609326763441 neg 0.03972404630209833	false	0.5
bedenklich	neg 1.0		__DUMMY__ 0.9225953800321017 off 0.038880407452800275 neg 0.038524212515097966	false	0.5
beanstanden	neg 1.0		__DUMMY__ 0.9270818267750377 off 0.03720791815793096 neg 0.03571025506703133	false	0.5
panisch	neg 1.0		__DUMMY__ 0.9216962021301796 off 0.04253629867179356 neg 0.03576749919802692	false	0.5
debil	off 1.0		__DUMMY__ 0.930451325379197 neg 0.03816355740359589 off 0.031385117217207076	false	0.5
abstrich	neg 1.0		__DUMMY__ 0.9229578629614917 off 0.03887155475931886 neg 0.03817058227918938	false	0.5
primitiv	neg 1.0		__DUMMY__ 0.9158249764756906 off 0.047631760281175654 neg 0.036543263243133714	false	0.5
abschaum	off 1.0	off 1.0	off 0.5121980403060026 __DUMMY__ 0.45556271945466253 neg 0.03223924023933495	false	1.0
provozieren	neg 1.0		__DUMMY__ 0.9206190419716888 off 0.04226355446847376 neg 0.03711740355983749	false	0.5
tot	neg 1.0		__DUMMY__ 0.9220480087622468 neg 0.03902356136049432 off 0.038928429877258856	false	1.0
instabil	neg 1.0		__DUMMY__ 0.9119575413132412 off 0.04967174429397386 neg 0.03837071439278485	false	0.5
schwuchtel	off 1.0	off 1.0	off 0.5239008982698108 __DUMMY__ 0.4414475775169672 neg 0.034651524213221915	false	1.0
zerren	neg 1.0		__DUMMY__ 0.9245923084533796 off 0.03910274897481787 neg 0.036304942571802584	false	0.5
kinderficker	off 1.0		__DUMMY__ 0.912557763066451 off 0.05145452720069036 neg 0.03598770973285866	false	1.0
gefahr	neg 1.0		__DUMMY__ 0.92704214333882 off 0.03709358211072489 neg 0.035864274550455245	false	0.5
rabiat	neg 1.0		__DUMMY__ 0.9216866470691765 off 0.040737337785726614 neg 0.037576015145096946	false	0.5
verlangsamung	neg 1.0		__DUMMY__ 0.9095071613447345 off 0.052983544761588515 neg 0.03750929389367686	false	0.5
ausgestorben	neg 1.0		__DUMMY__ 0.9228262742150349 off 0.04031246234046756 neg 0.03686126344449748	false	0.5
anklagen	neg 1.0		__DUMMY__ 0.9235393029022303 off 0.04015117142399645 neg 0.03630952567377322	false	0.5
trott	neg 1.0		__DUMMY__ 0.9216934166455478 off 0.04113098344106489 neg 0.037175599913387175	false	0.5
verminderung	neg 1.0		__DUMMY__ 0.915941045282762 off 0.04644894980682025 neg 0.0376100049104178	false	0.5
nach			__DUMMY__ 0.9321843325858812 neg 0.03559010288104148 off 0.0322255645330773	false	0.0
rost	neg 1.0		__DUMMY__ 0.9127129925269687 off 0.053742091814647085 neg 0.03354491565838428	false	0.5
destruktiv	neg 1.0		__DUMMY__ 0.9208658605162411 off 0.0413403337725402 neg 0.03779380571121865	false	0.5
unzumutbarkeit	neg 1.0		__DUMMY__ 0.9160898436721677 off 0.04648820406587806 neg 0.037421952261954265	false	0.5
labil	off 1.0	off 1.0	off 0.5116603407029454 __DUMMY__ 0.454171249921489 neg 0.03416840937556554	false	1.0
ziemlich	neg 1.0		__DUMMY__ 0.9179329426346282 off 0.0460475912561715 neg 0.036019466109200274	false	0.5
lachnummer	off 1.0		__DUMMY__ 0.9220764094582555 off 0.042005323649081064 neg 0.035918266892663385	false	1.0
oder			__DUMMY__ 0.9223787027691389 off 0.04148108747639763 neg 0.036140209754463457	false	0.0
verfall	neg 1.0		__DUMMY__ 0.9255831307592809 neg 0.03992885605528872 off 0.03448801318543032	false	1.0
ausgrenzung	neg 1.0		__DUMMY__ 0.918127864539425 off 0.043546153597694315 neg 0.03832598186288077	false	0.5
unordnung	neg 1.0		__DUMMY__ 0.9130060063863954 off 0.04983783312411232 neg 0.037156160489492294	false	0.5
fehlverhalten	neg 1.0		__DUMMY__ 0.9245428133603268 off 0.03823555997810391 neg 0.03722162666156917	false	0.5
eine			__DUMMY__ 0.9258040944327278 neg 0.03795879468998471 off 0.03623711087728739	false	0.0
nille	neg 1.0		__DUMMY__ 0.9214072737138379 off 0.04165529898919085 neg 0.03693742729697136	false	0.5
qual	neg 1.0		__DUMMY__ 0.9215657015156193 off 0.040884763985678814 neg 0.0375495344987018	false	0.5
verschwenden	neg 1.0		__DUMMY__ 0.922936533657191 neg 0.039302007834307165 off 0.03776145850850185	false	1.0
riesig	neg 1.0		__DUMMY__ 0.9256632494636972 off 0.03767546865276875 neg 0.03666128188353403	false	0.5
verurteilen	neg 1.0		__DUMMY__ 0.9231644214354 off 0.04007262376091059 neg 0.03676295480368946	false	0.5
klischee	neg 1.0	neg 1.0	neg 0.5048140278931007 __DUMMY__ 0.4543225406265442 off 0.040863431480355046	false	1.0
diktatorisch	neg 1.0		__DUMMY__ 0.9181147010870179 off 0.043796099323162516 neg 0.03808919958981962	false	0.5
vorhersehbar	neg 1.0		__DUMMY__ 0.9175617546540842 off 0.04415607969498539 neg 0.03828216565093041	false	0.5
sowie			__DUMMY__ 0.910846476554799 off 0.050794813059219915 neg 0.03835871038598118	false	0.0
stornieren	neg 1.0		__DUMMY__ 0.9243744226080384 off 0.04344269623616771 neg 0.032182881155793874	false	0.5
besteuerung	neg 1.0	neg 1.0	neg 0.5083401715568447 __DUMMY__ 0.45337264615769945 off 0.03828718228545579	false	1.0
ungeschminkt	neg 1.0		__DUMMY__ 0.9153965160403197 off 0.04711204064237978 neg 0.037491443317300574	false	0.5
kritisch	neg 1.0		__DUMMY__ 0.9230630842579658 off 0.03968299896056108 neg 0.03725391678147314	false	0.5
schlamperei	off 1.0		__DUMMY__ 0.9241831697216694 off 0.03853779399892113 neg 0.03727903627940954	false	1.0
sucht	neg 1.0	neg 1.0	neg 0.5029523188469922 __DUMMY__ 0.45896013447312534 off 0.038087546679882525	false	1.0
egoistisch	off 1.0	off 1.0	off 0.5163672895190358 __DUMMY__ 0.45088005396522235 neg 0.032752656515741864	false	1.0
ausbeuter	off 1.0		__DUMMY__ 0.9226363719247387 neg 0.039281901130642664 off 0.03808172694461861	false	0.5
arschgeburt	off 1.0		__DUMMY__ 0.902373453813144 off 0.05926896845447087 neg 0.038357577732385115	false	1.0
schubs	neg 1.0		__DUMMY__ 0.9222155207231995 neg 0.03965019762422042 off 0.03813428165258023	false	1.0
unsolide	neg 1.0		__DUMMY__ 0.9196386354880486 off 0.04399509836462059 neg 0.03636626614733082	false	0.5
beschwerde	neg 1.0		__DUMMY__ 0.9237695089228299 off 0.03985722231400287 neg 0.03637326876316718	false	0.5
stocken	neg 1.0		__DUMMY__ 0.9234897271903706 off 0.03892229034401087 neg 0.03758798246561857	false	0.5
isolieren	neg 1.0		__DUMMY__ 0.9215101802710999 off 0.03982017512782043 neg 0.038669644601079675	false	0.5
unheilbar	neg 1.0		__DUMMY__ 0.9218639493017539 off 0.04161766321015117 neg 0.036518387488095015	false	0.5
pisser	off 1.0	off 1.0	off 0.5143351454338474 __DUMMY__ 0.45192386791587275 neg 0.033740986650279865	false	1.0
löschen	neg 1.0		__DUMMY__ 0.920663798485214 off 0.041780946264283976 neg 0.03755525525050214	false	0.5
durchfallen	neg 1.0		__DUMMY__ 0.9237140447298939 off 0.039351125410561835 neg 0.03693482985954421	false	0.5
wichser	off 1.0	off 1.0	off 0.5205156188420954 __DUMMY__ 0.4455194449828958 neg 0.03396493617500877	false	1.0
terror	neg 1.0		__DUMMY__ 0.9191570005212762 off 0.04387642873707569 neg 0.03696657074164801	false	0.5
krass	neg 1.0		__DUMMY__ 0.9131114074180129 off 0.04992911643901053 neg 0.03695947614297658	false	0.5
revolte	neg 1.0		__DUMMY__ 0.915894864587732 off 0.04497253418102343 neg 0.0391326012312447	false	0.5
besorgt	neg 1.0		__DUMMY__ 0.925274245145837 off 0.03953981014980728 neg 0.035185944704355675	false	0.5
nachlassen	neg 1.0		__DUMMY__ 0.9249170526157334 off 0.03853827620626718 neg 0.036544671177999435	false	0.5
alt	neg 1.0		__DUMMY__ 0.9203571060182022 neg 0.0417922305521623 off 0.03785066342963553	false	1.0
hundesohn	off 1.0	off 1.0	off 0.5200030071067104 __DUMMY__ 0.44502650954153383 neg 0.03497048335175564	false	1.0
als			__DUMMY__ 0.9224046581879389 off 0.03967761153323332 neg 0.037917730278827805	false	0.0
abschreckung	neg 1.0		__DUMMY__ 0.9248594227248356 off 0.037577106896661376 neg 0.03756347037850304	false	0.5
unqualifiziert	neg 1.0		__DUMMY__ 0.9184182115487001 off 0.04534279853043665 neg 0.03623898992086321	false	0.5
abgewichst	off 1.0		__DUMMY__ 0.9223769032075076 off 0.04091096237596519 neg 0.03671213441652715	false	1.0
schwer	neg 1.0		__DUMMY__ 0.9220561484330605 off 0.040900389907644684 neg 0.03704346165929473	false	0.5
bedeutungslosigkeit	neg 1.0		__DUMMY__ 0.9243568112172929 off 0.037984666745797376 neg 0.037658522036909815	false	0.5
kapitulation	neg 1.0		__DUMMY__ 0.9214155988622649 off 0.039504201029235304 neg 0.039080200108499816	false	0.5
unscharf	neg 1.0		__DUMMY__ 0.9160851529740843 off 0.04253249063162623 neg 0.041382356394289437	false	0.5
schwinden	neg 1.0		__DUMMY__ 0.9220978183005004 neg 0.03988084721815564 off 0.03802133448134393	false	1.0
versklavung	neg 1.0	neg 1.0	neg 0.5056960633752238 __DUMMY__ 0.45501066170530163 off 0.03929327491947463	false	1.0
schlecht	neg 1.0		__DUMMY__ 0.9184228266726642 off 0.046233004213291455 neg 0.035344169114044435	false	0.5
verhasst	neg 1.0		__DUMMY__ 0.919990819753348 off 0.04287642622464582 neg 0.03713275402200617	false	0.5
beschweren	neg 1.0		__DUMMY__ 0.9213314342453358 off 0.04297706688912053 neg 0.03569149886554367	false	0.5
scheiden	neg 1.0		__DUMMY__ 0.9217848276016131 off 0.04092167674740429 neg 0.037293495650982576	false	0.5
frustriert	neg 1.0		__DUMMY__ 0.9229204587024253 off 0.04024015663678332 neg 0.036839384660791286	false	0.5
schimmelig	neg 1.0		__DUMMY__ 0.9213372482532265 neg 0.04060963505496117 off 0.03805311669181231	false	1.0
fisch	neg 1.0		__DUMMY__ 0.9226430800430874 neg 0.042047901585307114 off 0.035309018371605515	false	1.0
schmuggel	neg 1.0		__DUMMY__ 0.9283387552342417 off 0.03633702342715163 neg 0.03532422133860672	false	0.5
auffallen	neg 1.0		__DUMMY__ 0.9201446383892972 off 0.043328358071080306 neg 0.03652700353962255	false	0.5
konkurrenz	neg 1.0		__DUMMY__ 0.9263687164666722 off 0.03762919808385807 neg 0.0360020854494698	false	0.5
teufelskreis	neg 1.0	neg 1.0	neg 0.506275510889408 __DUMMY__ 0.45643120619431143 off 0.03729328291628051	false	1.0
aufschreien	neg 1.0		__DUMMY__ 0.9183944454601422 off 0.04394723909727096 neg 0.037658315442586895	false	0.5
schuldner	neg 1.0		__DUMMY__ 0.9210369858585012 neg 0.04114704868284776 off 0.03781596545865098	false	1.0
missgeburt	off 1.0	off 1.0	off 0.5182854238733864 __DUMMY__ 0.44861628789225705 neg 0.03309828823435667	false	1.0
arbeitslos	neg 1.0		__DUMMY__ 0.9231692612808879 off 0.039366120178264 neg 0.037464618540847955	false	0.5
befallen	neg 1.0		__DUMMY__ 0.9185968584439822 off 0.04076276428936168 neg 0.040640377266656126	false	0.5
miesepetrig	off 1.0	off 1.0	off 0.5110900377907024 __DUMMY__ 0.4550378490070245 neg 0.033872113202273096	false	1.0
alarmieren	neg 1.0		__DUMMY__ 0.9186959146212679 off 0.04574256147839215 neg 0.03556152390034003	false	0.5
ungeduscht	off 1.0		__DUMMY__ 0.9173764765799147 off 0.04443269397412976 neg 0.03819082944595545	false	1.0
knappheit	neg 1.0		__DUMMY__ 0.9198593623350771 neg 0.04050702058985929 off 0.03963361707506361	false	1.0
schlange	neg 1.0		__DUMMY__ 0.9222442215193728 off 0.04140911963322251 neg 0.03634665884740468	false	0.5
harsch	neg 1.0		__DUMMY__ 0.9152908061462066 off 0.049676227173620455 neg 0.03503296668017285	false	0.5
lang	neg 1.0		__DUMMY__ 0.9204106163106885 off 0.04243918876941865 neg 0.037150194919892784	false	0.5
ziellos	neg 1.0		__DUMMY__ 0.9253310326036399 off 0.03782775510174312 neg 0.036841212294616926	false	0.5
selbstverliebt	neg 1.0		__DUMMY__ 0.9074489619384215 off 0.05646837450406275 neg 0.03608266355751578	false	0.5
beseitigen	neg 1.0		__DUMMY__ 0.9237142383283484 off 0.04109346856109065 neg 0.03519229311056099	false	0.5
dumm	off 1.0		__DUMMY__ 0.9112323857150922 off 0.05200987286279055 neg 0.03675774142211728	false	1.0
arbeitsloser	neg 1.0		__DUMMY__ 0.9279300740680119 off 0.0394689333383482 neg 0.03260099259363999	false	0.5
blitzen	neg 1.0		__DUMMY__ 0.9176411976761774 off 0.044773787511025495 neg 0.037585014812797135	false	0.5
hilflos	neg 1.0		__DUMMY__ 0.9231628485761815 off 0.039244536094157345 neg 0.0375926153296612	false	0.5
eklig	off 1.0		__DUMMY__ 0.9093120932105238 off 0.052323588588906005 neg 0.0383643182005703	false	1.0
begriff			__DUMMY__ 0.9220781479344372 off 0.041070851292716516 neg 0.03685100077284623	false	0.0
hungersnot	neg 1.0		__DUMMY__ 0.9213258077474427 off 0.03966110011011413 neg 0.039013092142443195	false	0.5
ungesetzlich	neg 1.0		__DUMMY__ 0.9184574505033114 off 0.043943665409042244 neg 0.03759888408764632	false	0.5
verschwendung	neg 1.0		__DUMMY__ 0.9239916212455791 neg 0.03820390787274593 off 0.03780447088167498	false	1.0
schmerzvoll	neg 1.0		__DUMMY__ 0.919336371590721 off 0.042617117948463026 neg 0.038046510460816016	false	0.5
vorzeitig	neg 1.0		__DUMMY__ 0.9189173540365551 off 0.04568947400010554 neg 0.03539317196333932	false	0.5
unvollkommenheit	neg 1.0		__DUMMY__ 0.9223102770816153 off 0.03984076821542167 neg 0.03784895470296305	false	0.5
intervenieren	neg 1.0		__DUMMY__ 0.9214004819750267 neg 0.03997998098993969 off 0.03861953703503368	false	1.0
banause	off 1.0		__DUMMY__ 0.9057200119032002 off 0.053710519342140536 neg 0.040569468754659235	false	1.0
rebell	neg 1.0		__DUMMY__ 0.9239398224373019 neg 0.041885779785057364 off 0.03417439777764078	false	1.0
unlogisch	neg 1.0		__DUMMY__ 0.914291489720652 off 0.04836198352916504 neg 0.037346526750182914	false	0.5
leiden	neg 1.0		__DUMMY__ 0.9291128750982752 off 0.036169803878414765 neg 0.034717321023310016	false	0.5
abschaffung	neg 1.0		__DUMMY__ 0.9183473115670887 off 0.04243799801027199 neg 0.03921469042263933	false	0.5
sturz	neg 1.0		__DUMMY__ 0.9233425697729705 off 0.0430698889036636 neg 0.0335875413233659	false	0.5
verkleinerung	neg 1.0		__DUMMY__ 0.9140570122004887 off 0.04521710558433125 neg 0.04072588221518002	false	0.5
schmarotzer	off 1.0		__DUMMY__ 0.9226240322255966 off 0.040179594727562204 neg 0.03719637304684115	false	1.0
bestrafung	neg 1.0	neg 1.0	neg 0.5034294472669526 __DUMMY__ 0.4584450806932344 off 0.03812547203981308	false	1.0
achtlos	neg 1.0		__DUMMY__ 0.9237678640159472 off 0.04009980466126956 neg 0.03613233132278324	false	0.5
ungeheuer	neg 1.0		__DUMMY__ 0.919193197970241 off 0.04152879295838344 neg 0.039278009071375485	false	0.5
