unsolidarisch	neg 1.0		off 0.3571813634940479 neg 0.32527599004732877 __DUMMY__ 0.3175426464586235	false	0.5
nachteilig	neg 1.0		off 0.35383914874107447 neg 0.3249124173574205 __DUMMY__ 0.32124843390150504	false	0.5
skeptisch	neg 1.0		off 0.3522243634796441 neg 0.32643995960709543 __DUMMY__ 0.32133567691326054	false	0.5
schrecklich	neg 1.0		off 0.36658248511219643 neg 0.31861751664891375 __DUMMY__ 0.31479999823888993	false	0.5
schlapp	neg 1.0	neg 1.0	neg 0.6474928873723997 off 0.20044588919925915 __DUMMY__ 0.15206122342834114	false	1.0
abfall	neg 1.0		off 0.3498595048971605 neg 0.32638806598033626 __DUMMY__ 0.3237524291225033	false	0.5
widerspenstig	neg 1.0		off 0.3557983318334563 neg 0.32563574084346214 __DUMMY__ 0.31856592732308164	false	0.5
abrupt	neg 1.0		off 0.3507206586288508 neg 0.3289070989019317 __DUMMY__ 0.32037224246921747	false	0.5
unwirksam	neg 1.0		off 0.3548065674390437 neg 0.32973021302441374 __DUMMY__ 0.3154632195365425	false	0.5
angreifen	neg 1.0		off 0.35187879784021936 neg 0.32624232408815323 __DUMMY__ 0.3218788780716275	false	0.5
inkonsistent	neg 1.0		off 0.35875205644659197 neg 0.3247582650663134 __DUMMY__ 0.3164896784870946	false	0.5
abrutschen	neg 1.0		off 0.34911303900846097 neg 0.32747739326205794 __DUMMY__ 0.32340956772948104	false	0.5
unsicher	neg 1.0		off 0.3574074639127234 neg 0.32279865661532303 __DUMMY__ 0.3197938794719536	false	0.5
bauernkind	off 1.0	off 1.0	off 0.6722368427806356 neg 0.1789883461286015 __DUMMY__ 0.148774811090763	false	1.0
angreifer	neg 1.0		off 0.3629041467626373 __DUMMY__ 0.3195123205386098 neg 0.3175835326987529	false	0.5
trennen	neg 1.0		off 0.35192184870312754 neg 0.3257072943948089 __DUMMY__ 0.32237085690206363	false	0.5
schmutz	neg 1.0		off 0.3626165293177818 __DUMMY__ 0.320552285619545 neg 0.3168311850626732	false	0.5
inkonsistenz	neg 1.0		off 0.362363746479606 neg 0.32077326823993063 __DUMMY__ 0.31686298528046336	false	0.5
erschreckend	neg 1.0		off 0.3563143066709158 neg 0.3241808845931851 __DUMMY__ 0.3195048087358992	false	0.5
ertrinken	neg 1.0		off 0.35053444767634545 neg 0.3283364842939308 __DUMMY__ 0.32112906802972363	false	0.5
pickelface	off 1.0		off 0.3574376834164108 neg 0.32391907003450937 __DUMMY__ 0.3186432465490799	false	1.0
seiner			off 0.35266188083943983 neg 0.3251605384216094 __DUMMY__ 0.32217758073895075	false	0.0
lauch	neg 1.0	neg 1.0	neg 0.6518481231096055 off 0.19291118289349515 __DUMMY__ 0.15524069399689935	false	1.0
unwichtig	neg 1.0		off 0.36228600801807226 neg 0.32086055965003196 __DUMMY__ 0.3168534323318957	false	0.5
steuerhinterziehung	neg 1.0		off 0.35593027052736326 neg 0.3252800707717308 __DUMMY__ 0.3187896587009059	false	0.5
schock	neg 1.0		off 0.35548427186377596 neg 0.324375933275221 __DUMMY__ 0.3201397948610029	false	0.5
beule	neg 1.0		off 0.36392466170459276 neg 0.32121352402831416 __DUMMY__ 0.31486181426709303	false	0.5
vergelten	neg 1.0		off 0.3678255756084323 neg 0.3175127567462755 __DUMMY__ 0.31466166764529224	false	0.5
verdorbenheit	neg 1.0		off 0.3583394957951888 neg 0.3230251748056941 __DUMMY__ 0.31863532939911704	false	0.5
trauma	neg 1.0		off 0.35817789883653445 neg 0.3238339778836033 __DUMMY__ 0.31798812327986214	false	0.5
sinnlos	neg 1.0		off 0.35922034171259865 neg 0.3224939259609755 __DUMMY__ 0.31828573232642593	false	0.5
fettsack	off 1.0	off 1.0	off 0.6734375647780494 neg 0.17759702157289833 __DUMMY__ 0.14896541364905233	false	1.0
feige	off 1.0	off 1.0	off 0.6707751586046553 neg 0.17750978719438393 __DUMMY__ 0.1517150542009607	false	1.0
abdanken	neg 1.0		off 0.35769067813451016 neg 0.3219911097524109 __DUMMY__ 0.32031821211307887	false	0.5
wichtigtuer	off 1.0	off 1.0	off 0.6693556901790262 neg 0.17754119860897555 __DUMMY__ 0.15310311121199838	false	1.0
misslingen	neg 1.0		off 0.3598504358067078 neg 0.320217350767125 __DUMMY__ 0.3199322134261672	false	0.5
untreu	off 1.0		off 0.36348233851225603 neg 0.32033340120688764 __DUMMY__ 0.3161842602808564	false	1.0
missmutig	neg 1.0		off 0.3606688806579344 neg 0.3222172014556518 __DUMMY__ 0.31711391788641385	false	0.5
hurenbock	off 1.0		off 0.35458438771783946 neg 0.32970264768133184 __DUMMY__ 0.31571296460082865	false	1.0
betrunken	neg 1.0		off 0.3652800345091137 neg 0.3196197546795325 __DUMMY__ 0.31510021081135375	false	0.5
korrupt	off 1.0		off 0.35511102930705507 neg 0.32627222406371803 __DUMMY__ 0.31861674662922684	false	1.0
unmut	neg 1.0		off 0.3505504731724684 neg 0.3270936303158796 __DUMMY__ 0.32235589651165214	false	0.5
hackfresse	off 1.0		off 0.37110250602197353 neg 0.31651142539034394 __DUMMY__ 0.3123860685876826	false	1.0
aufblasen	neg 1.0		off 0.357375244257387 neg 0.3237188761221712 __DUMMY__ 0.31890587962044187	false	0.5
gewaltsam	neg 1.0		off 0.35779920075615523 neg 0.32179061913842333 __DUMMY__ 0.32041018010542127	false	0.5
unbeliebtheit	neg 1.0		off 0.36368686603237993 neg 0.32004828165143645 __DUMMY__ 0.3162648523161836	false	0.5
sturheit	neg 1.0		off 0.35712909655974123 neg 0.32234701168112523 __DUMMY__ 0.32052389175913343	false	0.5
kuh	neg 1.0		off 0.35570284684938924 neg 0.33198348749135687 __DUMMY__ 0.3123136656592539	false	0.5
erschrecken	neg 1.0		off 0.36132707266005987 neg 0.3213729770598899 __DUMMY__ 0.3172999502800502	false	0.5
opfer	neg 1.0		off 0.35535437707073897 __DUMMY__ 0.322595297408235 neg 0.3220503255210261	false	0.5
sinken	neg 1.0		off 0.34992614698309277 neg 0.32924879431284254 __DUMMY__ 0.32082505870406464	false	0.5
stinktier	neg 1.0		off 0.36590081785650236 neg 0.32387891894936777 __DUMMY__ 0.31022026319412993	false	0.5
tucke	off 1.0		off 0.370852046833542 neg 0.3204904748081532 __DUMMY__ 0.3086574783583048	false	1.0
ein			off 0.3548361197595149 neg 0.32712865956748866 __DUMMY__ 0.31803522067299655	false	0.0
abstieg	neg 1.0		off 0.35692645027060205 __DUMMY__ 0.3224184758538945 neg 0.32065507387550346	false	0.5
missverstehen	neg 1.0		off 0.36026264866201607 neg 0.3218021629290565 __DUMMY__ 0.31793518840892754	false	0.5
ergebnislos	neg 1.0		off 0.35458277641492203 neg 0.32317875692725156 __DUMMY__ 0.32223846665782646	false	0.5
unter			off 0.34591504495652636 neg 0.32794748027467724 __DUMMY__ 0.3261374747687964	false	0.0
manipulieren	neg 1.0		off 0.3531170436312482 neg 0.32514921607066427 __DUMMY__ 0.32173374029808743	false	0.5
unbewiesen	neg 1.0	neg 1.0	neg 0.6485721716962517 off 0.19813717177137302 __DUMMY__ 0.15329065653237525	false	1.0
verschleppen	neg 1.0		off 0.35442281447835927 neg 0.3252082897465717 __DUMMY__ 0.3203688957750691	false	0.5
weib	off 1.0		off 0.3720682857365531 neg 0.31796918141106617 __DUMMY__ 0.30996253285238073	false	1.0
opposition	neg 1.0		off 0.35812416711808004 neg 0.32447373738195007 __DUMMY__ 0.31740209549996984	false	0.5
verkehrswidrig	neg 1.0		off 0.36921165679716755 neg 0.31549704648342375 __DUMMY__ 0.31529129671940864	false	0.5
inkorrekt	neg 1.0		off 0.3662044127648206 neg 0.3191933593544513 __DUMMY__ 0.314602227880728	false	0.5
vermeiden	neg 1.0		off 0.34861273818219296 neg 0.32770789601395306 __DUMMY__ 0.32367936580385404	false	0.5
abweichung	neg 1.0	neg 1.0	neg 0.6485701702973692 off 0.19663613112251357 __DUMMY__ 0.1547936985801172	false	1.0
alkoholisiert	neg 1.0		off 0.3543755991783884 __DUMMY__ 0.3240241428855659 neg 0.32160025793604574	false	0.5
scheiss	off 1.0	off 1.0	off 0.6712393589889579 neg 0.1778394953278888 __DUMMY__ 0.15092114568315326	false	1.0
herausforderung	neg 1.0		off 0.3545735506590114 neg 0.325003996677077 __DUMMY__ 0.3204224526639115	false	0.5
pervers	off 1.0		off 0.37510078236489974 neg 0.31536564406711165 __DUMMY__ 0.3095335735679885	false	1.0
wackelig	neg 1.0		off 0.35487912795996296 neg 0.32418006408393496 __DUMMY__ 0.32094080795610197	false	0.5
verwickeln	neg 1.0		off 0.35947730455046956 neg 0.3220186542364502 __DUMMY__ 0.3185040412130803	false	0.5
vorwand	neg 1.0		off 0.3513327097716678 neg 0.32676543006957365 __DUMMY__ 0.32190186015875855	false	0.5
muschi	off 1.0		off 0.3569222533438353 neg 0.32329146148566346 __DUMMY__ 0.3197862851705014	false	1.0
entmutigung	neg 1.0		off 0.35818960031885333 neg 0.32574230005185356 __DUMMY__ 0.3160680996292931	false	0.5
unangemessen	neg 1.0		off 0.35637581501532495 neg 0.3234527870872812 __DUMMY__ 0.3201713978973939	false	0.5
unstetig	neg 1.0		off 0.36088151378802813 neg 0.32243079059102997 __DUMMY__ 0.31668769562094184	false	0.5
entmutigen	neg 1.0		off 0.3581780535840932 neg 0.3230529598685418 __DUMMY__ 0.318768986547365	false	0.5
schwanz	neg 1.0		off 0.3541030283005546 neg 0.32590938794204605 __DUMMY__ 0.31998758375739933	false	0.5
verbot	neg 1.0		off 0.3550516214572428 neg 0.32580727531052117 __DUMMY__ 0.319141103232236	false	0.5
leid	neg 1.0		off 0.3680571951579576 neg 0.318218661508305 __DUMMY__ 0.31372414333373744	false	0.5
archaisch	neg 1.0		off 0.35504066242167226 neg 0.3257485371644751 __DUMMY__ 0.31921080041385264	false	0.5
gegen			off 0.35212428271145146 neg 0.3245137709113335 __DUMMY__ 0.3233619463772151	false	0.0
scheidung	neg 1.0		off 0.38087063352147965 __DUMMY__ 0.3106986022609511 neg 0.3084307642175694	false	0.5
einschlag	neg 1.0		off 0.36857739737571016 __DUMMY__ 0.3164964707662536 neg 0.31492613185803636	false	0.5
m			off 0.3550862236988464 neg 0.3245614993274463 __DUMMY__ 0.3203522769737072	false	0.0
abgestanden	neg 1.0		off 0.3535411219856964 neg 0.33153853037182934 __DUMMY__ 0.31492034764247434	false	0.5
schmierig	off 1.0		off 0.36747481555954564 neg 0.3188899509988908 __DUMMY__ 0.31363523344156363	false	1.0
unpraktisch	neg 1.0		off 0.35887970671962616 neg 0.3222790381195175 __DUMMY__ 0.31884125516085626	false	0.5
wixxer	off 1.0		off 0.37450200942315093 neg 0.31720588620859697 __DUMMY__ 0.30829210436825194	false	1.0
bezeichnet			off 0.35807071041040034 neg 0.3222530610238202 __DUMMY__ 0.31967622856577954	false	0.0
jammerlappen	off 1.0		off 0.3625709190355713 neg 0.32067894548796727 __DUMMY__ 0.3167501354764613	false	1.0
farce	neg 1.0		off 0.35630526573226395 neg 0.3257584871616524 __DUMMY__ 0.3179362471060836	false	0.5
zwecklos	neg 1.0		off 0.35477910307406507 neg 0.3252336222647285 __DUMMY__ 0.31998727466120647	false	0.5
turbulent	neg 1.0		off 0.36397170729179235 neg 0.3213078792874636 __DUMMY__ 0.314720413420744	false	0.5
invasion	neg 1.0		off 0.3597310628021935 neg 0.3225927289704696 __DUMMY__ 0.31767620822733694	false	0.5
schuld	neg 1.0		off 0.3586771549659601 neg 0.3225097424043071 __DUMMY__ 0.3188131026297328	false	0.5
risiko	neg 1.0		off 0.3577155014785007 neg 0.32598399190491506 __DUMMY__ 0.3163005066165842	false	0.5
finster	neg 1.0		off 0.3553225428933543 neg 0.3270568015242303 __DUMMY__ 0.3176206555824155	false	0.5
geisteskrank	off 1.0		off 0.3651479860275526 neg 0.31940120291817015 __DUMMY__ 0.3154508110542772	false	1.0
zusammenbrechen	neg 1.0		off 0.3547524403266744 neg 0.3255347468259651 __DUMMY__ 0.31971281284736036	false	0.5
ausbeute	neg 1.0		off 0.3576369826212371 __DUMMY__ 0.3215214820138072 neg 0.32084153536495563	false	0.5
hinterhalt	neg 1.0		off 0.35514607350619937 neg 0.32566658988732367 __DUMMY__ 0.3191873366064769	false	0.5
kritik	neg 1.0		off 0.35606508853142144 neg 0.32582957192856626 __DUMMY__ 0.3181053395400123	false	0.5
einschrumpfen	neg 1.0		off 0.3614652980394144 neg 0.3234130315206839 __DUMMY__ 0.3151216704399018	false	0.5
riskant	neg 1.0		off 0.3520177608792453 neg 0.3272050071448466 __DUMMY__ 0.3207772319759082	false	0.5
frustrieren	neg 1.0		off 0.35284030974640945 neg 0.3269501973632764 __DUMMY__ 0.32020949289031403	false	0.5
groll	neg 1.0		off 0.35595183872096514 neg 0.32312935572512747 __DUMMY__ 0.32091880555390756	false	0.5
gibt			off 0.3546751462278061 neg 0.32498181597610765 __DUMMY__ 0.3203430377960863	false	0.0
qualvoll	neg 1.0		off 0.35935863228234755 neg 0.3225003238021486 __DUMMY__ 0.3181410439155038	false	0.5
wackeln	neg 1.0		off 0.35694146512818736 neg 0.3236908807107471 __DUMMY__ 0.3193676541610655	false	0.5
klagen	neg 1.0		off 0.3511599143990719 neg 0.3275016958246889 __DUMMY__ 0.32133838977623913	false	0.5
bankrott	neg 1.0		off 0.3623558833432703 neg 0.3202270033091154 __DUMMY__ 0.3174171133476143	false	0.5
trauern	neg 1.0		off 0.3549550180848769 __DUMMY__ 0.32381879407119435 neg 0.3212261878439287	false	0.5
ablehnung	neg 1.0		off 0.3553542804049081 neg 0.326287846794938 __DUMMY__ 0.31835787280015404	false	0.5
stur	neg 1.0		off 0.3583509580706179 neg 0.32321495296539093 __DUMMY__ 0.3184340889639911	false	0.5
aufruhr	neg 1.0	neg 1.0	neg 0.6483365846573531 off 0.19781246718151102 __DUMMY__ 0.15385094816113581	false	1.0
melancholie	neg 1.0		off 0.3508099767003594 neg 0.32931685632174307 __DUMMY__ 0.31987316697789736	false	0.5
ist			off 0.35882753975980897 neg 0.3229041129618198 __DUMMY__ 0.3182683472783711	false	0.0
torheit	neg 1.0		off 0.3584669287405674 neg 0.3231082485683669 __DUMMY__ 0.31842482269106576	false	0.5
dreckskind	off 1.0		off 0.3715487713852958 neg 0.31742737336188837 __DUMMY__ 0.31102385525281584	false	1.0
umtauschen	neg 1.0		off 0.3563270349774006 neg 0.32440273387885277 __DUMMY__ 0.3192702311437466	false	0.5
zum			off 0.3511565972622406 __DUMMY__ 0.3263285723593939 neg 0.3225148303783654	false	0.0
zersetzen	neg 1.0		off 0.3516169625988494 neg 0.32789360581023985 __DUMMY__ 0.3204894315909107	false	0.5
zur			off 0.34902180312920905 neg 0.3270886677522571 __DUMMY__ 0.3238895291185338	false	0.0
frust	neg 1.0		off 0.3548239342300464 neg 0.32500290413205984 __DUMMY__ 0.32017316163789383	false	0.5
unerbittlichkeit	neg 1.0		off 0.353558954433079 neg 0.3250907608820346 __DUMMY__ 0.32135028468488647	false	0.5
zwei			off 0.3488481472889015 neg 0.32669148126328734 __DUMMY__ 0.32446037144781115	false	0.0
unkorrekt	neg 1.0		off 0.3650446138573614 neg 0.3197506267498463 __DUMMY__ 0.3152047593927923	false	0.5
hexe	off 1.0		off 0.36011714161989866 neg 0.32538393366556717 __DUMMY__ 0.314498924714534	false	1.0
lasch	neg 1.0		off 0.36203793718108346 neg 0.32045750050203753 __DUMMY__ 0.31750456231687896	false	0.5
rivale	neg 1.0		off 0.3665957399363296 neg 0.31865608717969457 __DUMMY__ 0.3147481728839759	false	0.5
mutlos	off 1.0	off 1.0	off 0.6658329694493168 neg 0.17998288326062584 __DUMMY__ 0.15418414729005733	false	1.0
wirr	off 1.0		off 0.36660448389155614 neg 0.31959909535035497 __DUMMY__ 0.31379642075808883	false	1.0
jahr			off 0.35501309161924727 __DUMMY__ 0.32434439097432116 neg 0.3206425174064316	false	0.0
wird			off 0.35436698324743293 neg 0.3247559906608583 __DUMMY__ 0.3208770260917089	false	0.0
strafbar	neg 1.0		off 0.35368148497972873 neg 0.32472450125281904 __DUMMY__ 0.3215940137674523	false	0.5
erosion	neg 1.0		off 0.3576184947005413 neg 0.3230713228998453 __DUMMY__ 0.3193101823996134	false	0.5
eingehen	neg 1.0		off 0.35264144175551926 neg 0.3270922107689379 __DUMMY__ 0.3202663474755428	false	0.5
faul	off 1.0		off 0.36176566525137804 neg 0.3210647469322532 __DUMMY__ 0.3171695878163689	false	1.0
provisorium	neg 1.0		off 0.34644508364846327 neg 0.32698021175575376 __DUMMY__ 0.3265747045957831	false	0.5
schmerzen	neg 1.0		off 0.3552558683920162 neg 0.32574495693165995 __DUMMY__ 0.3189991746763237	false	0.5
schrumpfen	neg 1.0		off 0.3471495191780662 neg 0.3311970620427872 __DUMMY__ 0.3216534187791466	false	0.5
geistlos	off 1.0		off 0.35943332058562527 neg 0.32400259458210007 __DUMMY__ 0.31656408483227466	false	1.0
fehlkauf	neg 1.0		off 0.35940034860415193 neg 0.32336431487167155 __DUMMY__ 0.3172353365241765	false	0.5
frustrierend	neg 1.0		off 0.3608789997600849 neg 0.3221552376086547 __DUMMY__ 0.3169657626312605	false	0.5
unzufrieden	neg 1.0		off 0.3547913744322297 neg 0.3248566317741143 __DUMMY__ 0.32035199379365603	false	0.5
verzweifeln	neg 1.0		off 0.3562045777079644 neg 0.32394126401271695 __DUMMY__ 0.3198541582793187	false	0.5
verzweifelt	neg 1.0		off 0.3583214021243834 neg 0.32332959324180466 __DUMMY__ 0.31834900463381194	false	0.5
misstrauensantrag	neg 1.0		off 0.359025943932224 neg 0.323273599476073 __DUMMY__ 0.31770045659170315	false	0.5
abfallen	neg 1.0		off 0.3568029478608749 neg 0.32461645665150524 __DUMMY__ 0.3185805954876199	false	0.5
fucker	off 1.0		off 0.3662824981985992 neg 0.318267084579932 __DUMMY__ 0.3154504172214689	false	1.0
ungezogen	neg 1.0		off 0.37317634408558936 neg 0.3157129083420207 __DUMMY__ 0.3111107475723899	false	0.5
irrsinnig	neg 1.0	neg 1.0	neg 0.6491609502345133 off 0.19777445840802707 __DUMMY__ 0.15306459135745967	false	1.0
unfassbar	neg 1.0		off 0.36374026406394494 neg 0.3196949444476983 __DUMMY__ 0.31656479148835664	false	0.5
hart	neg 1.0		off 0.3607876980800214 neg 0.32642241934613386 __DUMMY__ 0.31278988257384477	false	0.5
widerlich	off 1.0		off 0.36391479969833684 neg 0.32030354198979044 __DUMMY__ 0.3157816583118727	false	1.0
fatal	neg 1.0	neg 1.0	neg 0.65017763939265 off 0.19807644563001084 __DUMMY__ 0.15174591497733905	false	1.0
bruch	neg 1.0		off 0.3508072361296008 neg 0.3260644149577266 __DUMMY__ 0.32312834891267256	false	0.5
aushungern	neg 1.0		off 0.3553274915492353 neg 0.32554469216509335 __DUMMY__ 0.3191278162856713	false	0.5
anspannung	neg 1.0		off 0.3494081882987328 neg 0.32569204834443455 __DUMMY__ 0.3248997633568325	false	0.5
von			off 0.3517318009292998 neg 0.3262958968079411 __DUMMY__ 0.3219723022627591	false	0.0
kraftlos	neg 1.0		off 0.35410543783463966 neg 0.3255069970598905 __DUMMY__ 0.3203875651054698	false	0.5
vom			off 0.34789880927314437 __DUMMY__ 0.32745160780106725 neg 0.3246495829257885	false	0.0
grenzdebil	off 1.0		off 0.3633700850875415 neg 0.3210342499758824 __DUMMY__ 0.3155956649365762	false	1.0
vor			off 0.3506694664373222 neg 0.3267039452118323 __DUMMY__ 0.3226265883508454	false	0.0
unterwerfen	neg 1.0		off 0.35440563463200203 neg 0.32419551655822054 __DUMMY__ 0.3213988488097774	false	0.5
versenkung	neg 1.0		off 0.3537219968530964 neg 0.32466140152763967 __DUMMY__ 0.3216166016192638	false	0.5
entziehen	neg 1.0		off 0.35114541030186547 neg 0.32698555375390853 __DUMMY__ 0.32186903594422595	false	0.5
finanzkrise	neg 1.0		off 0.35324640946311553 neg 0.3315501100304944 __DUMMY__ 0.3152034805063901	false	0.5
schimpfend	neg 1.0		off 0.35875318043742305 neg 0.3215807680784598 __DUMMY__ 0.31966605148411725	false	0.5
profan	neg 1.0		off 0.3592922389931711 neg 0.3231220856304541 __DUMMY__ 0.3175856753763749	false	0.5
korruption	neg 1.0		off 0.3541498397480373 neg 0.32710960470282796 __DUMMY__ 0.31874055554913466	false	0.5
â			off 0.3540146539263199 neg 0.3258208668767871 __DUMMY__ 0.3201644791968929	false	0.0
schmutzig	neg 1.0		off 0.36380346815778625 neg 0.3203515081983501 __DUMMY__ 0.31584502364386363	false	0.5
sexy	neg 1.0		off 0.36150369350458605 neg 0.3208719112523171 __DUMMY__ 0.31762439524309677	false	0.5
abraten	neg 1.0		off 0.35933063549486705 neg 0.322244278361557 __DUMMY__ 0.318425086143576	false	0.5
schwarz	neg 1.0		off 0.35960671591233767 neg 0.32227871383038503 __DUMMY__ 0.31811457025727735	false	0.5
fotze	off 1.0	off 1.0	off 0.6663006479174761 neg 0.17964445548965655 __DUMMY__ 0.1540548965928673	false	1.0
verwirren	neg 1.0		off 0.36001357510044346 neg 0.32200646388907583 __DUMMY__ 0.3179799610104807	false	0.5
zahnlos	off 1.0		off 0.35581827900238133 neg 0.32425693352436435 __DUMMY__ 0.31992478747325437	false	1.0
verheeren	neg 1.0		off 0.37483336364616154 neg 0.314242806908414 __DUMMY__ 0.31092382944542446	false	0.5
hippie	neg 1.0		off 0.3608467923085974 neg 0.32173570393396445 __DUMMY__ 0.3174175037574381	false	0.5
rammen	neg 1.0		off 0.35750344815051815 neg 0.32392599406136524 __DUMMY__ 0.31857055778811655	false	0.5
unlauter	neg 1.0		off 0.3586759348194284 neg 0.3240847783992707 __DUMMY__ 0.3172392867813009	false	0.5
unheilvoll	neg 1.0		off 0.3577758456639296 neg 0.3243777266663035 __DUMMY__ 0.317846427669767	false	0.5
niedrig	neg 1.0		off 0.35288569456058 neg 0.3279420360216253 __DUMMY__ 0.3191722694177947	false	0.5
explosion	neg 1.0		off 0.3609159787728316 neg 0.32143289444950623 __DUMMY__ 0.3176511267776622	false	0.5
weichei	off 1.0	off 1.0	off 0.6734856700332106 neg 0.1768602657534946 __DUMMY__ 0.14965406421329486	false	1.0
minusmensch	off 1.0		off 0.3735674003283484 neg 0.316536577402192 __DUMMY__ 0.3098960222694597	false	1.0
farblos	neg 1.0		off 0.3581371412971828 neg 0.3236758225086102 __DUMMY__ 0.31818703619420696	false	0.5
unwissend	neg 1.0	neg 1.0	neg 0.648045869010186 off 0.20003169936231854 __DUMMY__ 0.15192243162749539	false	1.0
traurig	neg 1.0		off 0.3662717952588877 neg 0.31860674685561174 __DUMMY__ 0.31512145788550056	false	0.5
senkung	neg 1.0		off 0.3582182515790915 neg 0.32653143303980475 __DUMMY__ 0.31525031538110376	false	0.5
ungleich	neg 1.0	neg 1.0	neg 0.650338497630875 off 0.1954062799997687 __DUMMY__ 0.15425522236935624	false	1.0
heikel	neg 1.0		off 0.35275697826163055 neg 0.3259915998804221 __DUMMY__ 0.3212514218579473	false	0.5
drosselung	neg 1.0		off 0.36184901122775937 neg 0.32465693353302433 __DUMMY__ 0.31349405523921625	false	0.5
falsch	neg 1.0		off 0.36183710935211977 neg 0.3205466520993687 __DUMMY__ 0.31761623854851156	false	0.5
unzufriedenheit	neg 1.0		off 0.35136724896367305 neg 0.3284850989086101 __DUMMY__ 0.3201476521277167	false	0.5
kurz	neg 1.0		off 0.35564838427849077 neg 0.32331221299848073 __DUMMY__ 0.3210394027230286	false	0.5
unsinnig	neg 1.0		off 0.35536285215615654 neg 0.32607346648715296 __DUMMY__ 0.31856368135669055	false	0.5
penner	off 1.0	off 1.0	off 0.6749074888122635 neg 0.17549248435533085 __DUMMY__ 0.14960002683240556	false	1.0
seicht	neg 1.0		off 0.3711515143034764 neg 0.3187288109869426 __DUMMY__ 0.3101196747095808	false	0.5
dummheit	off 1.0	off 1.0	off 0.6688127077733667 neg 0.17887824285246048 __DUMMY__ 0.15230904937417278	false	1.0
unerfreulich	neg 1.0		off 0.3521368249050614 neg 0.32674972711971206 __DUMMY__ 0.3211134479752266	false	0.5
motherfucker	off 1.0	off 1.0	off 0.6719773430581976 neg 0.1766409482122632 __DUMMY__ 0.1513817087295392	false	1.0
pikiert	neg 1.0		off 0.3625209083339367 neg 0.32148007646678056 __DUMMY__ 0.31599901519928275	false	0.5
wrack	neg 1.0		off 0.35778429465567935 __DUMMY__ 0.3230950514122867 neg 0.31912065393203387	false	0.5
gangster	neg 1.0		off 0.3610325404176868 neg 0.32169635898143056 __DUMMY__ 0.31727110060088254	false	0.5
krank	neg 1.0		off 0.36431580100706884 neg 0.31914461424908686 __DUMMY__ 0.3165395847438442	false	0.5
reich	neg 1.0		off 0.3597893341191065 neg 0.3253828874897847 __DUMMY__ 0.31482777839110887	false	0.5
gnadenlos	neg 1.0		off 0.358555974612239 neg 0.3223093408887862 __DUMMY__ 0.319134684498975	false	0.5
niedergeschlagen	neg 1.0		off 0.3556307311129332 neg 0.3228189598087696 __DUMMY__ 0.3215503090782972	false	0.5
terrorisieren	off 1.0	off 1.0	off 0.665558396326792 neg 0.1795256597237906 __DUMMY__ 0.15491594394941735	false	1.0
sinnlosigkeit	neg 1.0		off 0.35518175188097334 neg 0.3248270615505651 __DUMMY__ 0.3199911865684616	false	0.5
behindern	neg 1.0		off 0.3564898965872287 neg 0.3247909232718054 __DUMMY__ 0.3187191801409659	false	0.5
undemokratisch	neg 1.0		off 0.3590725778086507 neg 0.3236291011268132 __DUMMY__ 0.317298321064536	false	0.5
wirtschaftskrise	neg 1.0		off 0.3528737643811209 neg 0.3292257232839068 __DUMMY__ 0.3179005123349722	false	0.5
neid	neg 1.0		off 0.3607525513788766 neg 0.32172842775140226 __DUMMY__ 0.3175190208697212	false	0.5
rutschen	neg 1.0		off 0.3483223260262916 neg 0.32738567583691947 __DUMMY__ 0.32429199813678883	false	0.5
rezession	neg 1.0		off 0.36358071820247256 neg 0.3249078772648051 __DUMMY__ 0.31151140453272236	false	0.5
fehlgeburt	neg 1.0		off 0.3584585946127438 neg 0.321624583718448 __DUMMY__ 0.31991682166880825	false	0.5
charakterschwach	off 1.0		off 0.3630130726669263 neg 0.32142093964712254 __DUMMY__ 0.3155659876859513	false	1.0
isolation	neg 1.0		off 0.3620820538397332 neg 0.31990702421923967 __DUMMY__ 0.31801092194102715	false	0.5
ablenkung	neg 1.0		off 0.3572488497555306 neg 0.3229220103869895 __DUMMY__ 0.31982913985747996	false	0.5
pech	neg 1.0		off 0.36136733560629347 neg 0.32192025302883903 __DUMMY__ 0.3167124113648674	false	0.5
vermeidung	neg 1.0		off 0.3631095306262078 neg 0.3216817759959598 __DUMMY__ 0.3152086933778323	false	0.5
dominieren	neg 1.0		off 0.355728176213175 neg 0.3242753212095666 __DUMMY__ 0.3199965025772585	false	0.5
schwindlig	neg 1.0		off 0.35879949010636136 neg 0.3235178730687575 __DUMMY__ 0.3176826368248812	false	0.5
lutscher	neg 1.0	neg 1.0	neg 0.6457865297335805 off 0.2061128972522631 __DUMMY__ 0.1481005730141564	false	1.0
pflicht	neg 1.0		off 0.35185121177151985 neg 0.32570402726546993 __DUMMY__ 0.3224447609630103	false	0.5
faschist	off 1.0		off 0.3618420043986232 neg 0.32029985915710657 __DUMMY__ 0.31785813644427025	false	1.0
verschleudern	neg 1.0		off 0.3514061158974499 neg 0.3302132468052143 __DUMMY__ 0.3183806372973358	false	0.5
wenn			off 0.3621700353450845 neg 0.3210227143548217 __DUMMY__ 0.3168072503000938	false	0.0
ehebruch	neg 1.0		off 0.3545324646042586 neg 0.3248080390069542 __DUMMY__ 0.3206594963887871	false	0.5
spott	off 1.0		off 0.3548594168246215 neg 0.32385036609576384 __DUMMY__ 0.3212902170796147	false	1.0
trostlosigkeit	neg 1.0		off 0.3499067729100249 neg 0.3296984299458328 __DUMMY__ 0.32039479714414226	false	0.5
lutschen	neg 1.0		off 0.36120927526427205 neg 0.32224143104788344 __DUMMY__ 0.3165492936878445	false	0.5
undiszipliniert	neg 1.0		off 0.3652969070290074 neg 0.3195441475738627 __DUMMY__ 0.3151589453971299	false	0.5
kopfschmerz	neg 1.0		off 0.3520764348568374 neg 0.32920240994414285 __DUMMY__ 0.3187211551990197	false	0.5
unvorhergesehen	neg 1.0		off 0.3524668177290912 neg 0.3247648652821456 __DUMMY__ 0.3227683169887631	false	0.5
desinteressiert	neg 1.0		off 0.3645386350576204 neg 0.3201313640618509 __DUMMY__ 0.31533000088052865	false	0.5
armselig	off 1.0		off 0.36731851816229133 neg 0.31788688979294555 __DUMMY__ 0.3147945920447631	false	1.0
desaster	neg 1.0		off 0.3503278583729037 neg 0.32802159255342617 __DUMMY__ 0.3216505490736701	false	0.5
tod	neg 1.0		off 0.3537970794893985 neg 0.32492861135622525 __DUMMY__ 0.3212743091543762	false	0.5
herzlos	neg 1.0		off 0.36659972163227705 neg 0.3185475536691842 __DUMMY__ 0.31485272469853876	false	0.5
unwissenheit	neg 1.0		off 0.3547598517048283 neg 0.3252210633779324 __DUMMY__ 0.32001908491723935	false	0.5
widersinnig	neg 1.0		off 0.3549577467734887 neg 0.3271133112318578 __DUMMY__ 0.3179289419946536	false	0.5
bedenklich	neg 1.0		off 0.3534200034308627 neg 0.32664987937272044 __DUMMY__ 0.3199301171964169	false	0.5
beanstanden	neg 1.0		off 0.35296916024401337 neg 0.3244024534813729 __DUMMY__ 0.32262838627461377	false	0.5
panisch	neg 1.0		off 0.35975894768040295 neg 0.32123232029054527 __DUMMY__ 0.3190087320290517	false	0.5
debil	off 1.0		off 0.3454824342096912 neg 0.33014006666041906 __DUMMY__ 0.3243774991298897	false	1.0
abstrich	neg 1.0		off 0.35511996529937484 neg 0.32573941450638483 __DUMMY__ 0.31914062019424017	false	0.5
primitiv	neg 1.0		off 0.3649760967720118 neg 0.3194333075111429 __DUMMY__ 0.31559059571684533	false	0.5
abschaum	off 1.0	off 1.0	off 0.6711859635559934 neg 0.17633261107472414 __DUMMY__ 0.1524814253692825	false	1.0
provozieren	neg 1.0		off 0.3582162453508543 neg 0.32310573620784794 __DUMMY__ 0.3186780184412978	false	0.5
tot	neg 1.0		off 0.3539786669442211 neg 0.32706421462781055 __DUMMY__ 0.3189571184279684	false	0.5
instabil	neg 1.0		off 0.36625436045030885 neg 0.32058813069402 __DUMMY__ 0.31315750885567106	false	0.5
schwuchtel	off 1.0	off 1.0	off 0.6787177657656278 neg 0.17408012677286036 __DUMMY__ 0.1472021074615118	false	1.0
zerren	neg 1.0		off 0.3550532459597952 neg 0.3238841919339862 __DUMMY__ 0.3210625621062186	false	0.5
kinderficker	off 1.0		off 0.3696887037889157 neg 0.31674250082250616 __DUMMY__ 0.31356879538857824	false	1.0
gefahr	neg 1.0		off 0.35265139241760735 neg 0.32480740855195633 __DUMMY__ 0.32254119903043615	false	0.5
rabiat	neg 1.0		off 0.35625277542989764 neg 0.32437669252327817 __DUMMY__ 0.31937053204682425	false	0.5
verlangsamung	neg 1.0		off 0.3703773456313379 neg 0.31807302421111894 __DUMMY__ 0.3115496301575433	false	0.5
ausgestorben	neg 1.0		off 0.3561478151822261 neg 0.3238657754321093 __DUMMY__ 0.3199864093856647	false	0.5
anklagen	neg 1.0		off 0.3561086762291729 neg 0.3235979036419718 __DUMMY__ 0.3202934201288555	false	0.5
trott	neg 1.0		off 0.357173432478824 neg 0.3236601725881775 __DUMMY__ 0.3191663949329984	false	0.5
verminderung	neg 1.0		off 0.3634208631596492 neg 0.32114827301904647 __DUMMY__ 0.3154308638213043	false	0.5
nach			off 0.3477288032260804 neg 0.32664971967177275 __DUMMY__ 0.32562147710214673	false	0.0
rost	neg 1.0		off 0.3738624722924483 __DUMMY__ 0.3133181407889712 neg 0.3128193869185806	false	0.5
destruktiv	neg 1.0		off 0.356742261560936 neg 0.3244732471751891 __DUMMY__ 0.31878449126387487	false	0.5
unzumutbarkeit	neg 1.0		off 0.36330306573960713 neg 0.3211709115852882 __DUMMY__ 0.3155260226751047	false	0.5
labil	off 1.0	off 1.0	off 0.6701506169227723 neg 0.1778550726614377 __DUMMY__ 0.15199431041578992	false	1.0
ziemlich	neg 1.0		off 0.3635059438503325 neg 0.31970044348506016 __DUMMY__ 0.3167936126646073	false	0.5
lachnummer	off 1.0		off 0.35837297529694595 neg 0.3219997877566614 __DUMMY__ 0.3196272369463926	false	1.0
oder			off 0.35816030580495 neg 0.3222927722178302 __DUMMY__ 0.31954692197721984	false	0.0
verfall	neg 1.0		off 0.3474648190760578 neg 0.330778637151789 __DUMMY__ 0.321756543772153	false	0.5
ausgrenzung	neg 1.0		off 0.35876983416695657 neg 0.3241407158119473 __DUMMY__ 0.31708945002109606	false	0.5
unordnung	neg 1.0		off 0.36732307613809184 neg 0.31907026343292433 __DUMMY__ 0.31360666042898383	false	0.5
fehlverhalten	neg 1.0		off 0.3532120827502301 neg 0.32565686041081054 __DUMMY__ 0.32113105683895926	false	0.5
eine			off 0.3508049022462976 neg 0.3273251484200212 __DUMMY__ 0.3218699493336812	false	0.0
nille	neg 1.0		off 0.35760740733069823 neg 0.32328596706021817 __DUMMY__ 0.3191066256090836	false	0.5
qual	neg 1.0		off 0.3566398091737397 neg 0.32425149199404507 __DUMMY__ 0.31910869883221504	false	0.5
verschwenden	neg 1.0		off 0.3518500761738618 neg 0.32808543691278796 __DUMMY__ 0.32006448691335015	false	0.5
riesig	neg 1.0		off 0.3537005022735503 neg 0.32500851546533227 __DUMMY__ 0.3212909822611174	false	0.5
verurteilen	neg 1.0		off 0.3556372984286013 neg 0.3241313138539058 __DUMMY__ 0.32023138771749277	false	0.5
klischee	neg 1.0	neg 1.0	neg 0.6485470751449621 off 0.19938365220604493 __DUMMY__ 0.1520692726489931	false	1.0
diktatorisch	neg 1.0		off 0.35908991141841134 neg 0.32376730051291397 __DUMMY__ 0.3171427880686748	false	0.5
vorhersehbar	neg 1.0		off 0.3597695168752056 neg 0.32341786112542315 __DUMMY__ 0.3168126219993713	false	0.5
sowie			off 0.3677710710781351 neg 0.3197518702768301 __DUMMY__ 0.31247705864503483	false	0.0
stornieren	neg 1.0		off 0.3625829224036898 __DUMMY__ 0.32048924376846116 neg 0.31692783382784906	false	0.5
besteuerung	neg 1.0	neg 1.0	neg 0.6519088111347234 off 0.1965279429644155 __DUMMY__ 0.1515632459008611	false	1.0
ungeschminkt	neg 1.0		off 0.3644835226918611 neg 0.32057389978582457 __DUMMY__ 0.31494257752231436	false	0.5
kritisch	neg 1.0		off 0.35488224159429255 neg 0.3248917005995989 __DUMMY__ 0.3202260578061085	false	0.5
schlamperei	off 1.0		off 0.35355361431963006 neg 0.3256615442324747 __DUMMY__ 0.32078484144789526	false	1.0
sucht	neg 1.0	neg 1.0	neg 0.6481586467859097 off 0.19840488317001578 __DUMMY__ 0.15343647004407446	false	1.0
egoistisch	off 1.0	off 1.0	off 0.6741727450035122 neg 0.17518355439193567 __DUMMY__ 0.1506437006045521	false	1.0
ausbeuter	off 1.0		off 0.35188738017413196 neg 0.3281283827241287 __DUMMY__ 0.31998423710173934	false	1.0
arschgeburt	off 1.0		off 0.3772118187560066 neg 0.3153599383481602 __DUMMY__ 0.30742824289583315	false	1.0
schubs	neg 1.0		off 0.3528753879546886 neg 0.32796041131935405 __DUMMY__ 0.31916420072595736	false	0.5
unsolide	neg 1.0		off 0.3604737041791303 neg 0.3216440102972051 __DUMMY__ 0.3178822855236647	false	0.5
beschwerde	neg 1.0		off 0.3556231274670858 neg 0.323888410297504 __DUMMY__ 0.32048846223541017	false	0.5
stocken	neg 1.0		off 0.3538466446439365 neg 0.32583314179608847 __DUMMY__ 0.32032021355997503	false	0.5
isolieren	neg 1.0		off 0.3542701666861534 neg 0.32664864231666124 __DUMMY__ 0.31908119099718546	false	0.5
unheilbar	neg 1.0		off 0.3576425427098124 neg 0.3229620856682479 __DUMMY__ 0.31939537162193965	false	0.5
pisser	off 1.0	off 1.0	off 0.6723834880588094 neg 0.17660398833978985 __DUMMY__ 0.15101252360140072	false	1.0
löschen	neg 1.0		off 0.35757324231331084 neg 0.3238479214442551 __DUMMY__ 0.318578836242434	false	0.5
durchfallen	neg 1.0		off 0.35489875884494854 neg 0.32454971207290645 __DUMMY__ 0.32055152908214485	false	0.5
wichser	off 1.0	off 1.0	off 0.6766527546788782 neg 0.1746725679572205 __DUMMY__ 0.14867467736390136	false	1.0
terror	neg 1.0		off 0.3606094666296996 neg 0.3219043458406929 __DUMMY__ 0.31748618752960744	false	0.5
krass	neg 1.0		off 0.3679727196144856 neg 0.3184353971481038 __DUMMY__ 0.3135918832374105	false	0.5
revolte	neg 1.0		off 0.3599986148947031 neg 0.3242191924662771 __DUMMY__ 0.3157821926390197	false	0.5
besorgt	neg 1.0		off 0.35618247642930884 neg 0.32239442090907844 __DUMMY__ 0.3214231026616127	false	0.5
nachlassen	neg 1.0		off 0.3544222665324255 neg 0.3245278867335931 __DUMMY__ 0.3210498467339813	false	0.5
alt	neg 1.0		off 0.3514105114096549 neg 0.3305979186311466 __DUMMY__ 0.31799156995919836	false	0.5
hundesohn	off 1.0	off 1.0	off 0.6757152908699802 neg 0.17570495923621007 __DUMMY__ 0.14857974989380981	false	1.0
als			off 0.3547957844975359 neg 0.3254272591131312 __DUMMY__ 0.31977695638933284	false	0.0
abschreckung	neg 1.0		off 0.35220638546274513 neg 0.32648954618300496 __DUMMY__ 0.32130406835424996	false	0.5
unqualifiziert	neg 1.0		off 0.3622212075157552 neg 0.3204939554295194 __DUMMY__ 0.3172848370547253	false	0.5
abgewichst	off 1.0		off 0.35707552815000076 neg 0.3233440117671741 __DUMMY__ 0.31958046008282504	false	1.0
schwer	neg 1.0		off 0.35670973882249024 neg 0.3237047354485223 __DUMMY__ 0.31958552572898735	false	0.5
bedeutungslosigkeit	neg 1.0		off 0.3526724670421548 neg 0.32630359368706 __DUMMY__ 0.32102393927078504	false	0.5
kapitulation	neg 1.0		off 0.3536075475782076 neg 0.3271990157930828 __DUMMY__ 0.31919343662870947	false	0.5
unscharf	neg 1.0		off 0.35722021888317146 neg 0.32739737167156674 __DUMMY__ 0.3153824094452619	false	0.5
schwinden	neg 1.0		off 0.3514252142287441 neg 0.32901675988540113 __DUMMY__ 0.31955802588585475	false	0.5
versklavung	neg 1.0	neg 1.0	neg 0.6498698555486787 off 0.1978042248314071 __DUMMY__ 0.1523259196199142	false	1.0
schlecht	neg 1.0		off 0.3640078829970602 neg 0.3188540675538975 __DUMMY__ 0.3171380494490424	false	0.5
verhasst	neg 1.0		off 0.3588996714236122 neg 0.32281305709739305 __DUMMY__ 0.3182872714789949	false	0.5
beschweren	neg 1.0		off 0.3599116576498065 neg 0.3210476117523013 __DUMMY__ 0.3190407305978921	false	0.5
scheiden	neg 1.0		off 0.35712204502829575 neg 0.32393467027953055 __DUMMY__ 0.3189432846921737	false	0.5
frustriert	neg 1.0		off 0.3559755249424006 neg 0.3239332271407068 __DUMMY__ 0.3200912479168926	false	0.5
schimmelig	neg 1.0		off 0.35246845967769735 neg 0.32906201019614795 __DUMMY__ 0.3184695301261547	false	0.5
fisch	neg 1.0		off 0.3485153199512807 neg 0.33227793580978443 __DUMMY__ 0.3192067442389349	false	0.5
schmuggel	neg 1.0		off 0.3523208469488581 neg 0.32443252263875405 __DUMMY__ 0.3232466304123879	false	0.5
auffallen	neg 1.0		off 0.35991573317313674 neg 0.32181118460471647 __DUMMY__ 0.31827308222214695	false	0.5
konkurrenz	neg 1.0		off 0.3530368881332303 neg 0.32471851146797603 __DUMMY__ 0.32224460039879377	false	0.5
teufelskreis	neg 1.0	neg 1.0	neg 0.6508270739063967 off 0.19625214630810656 __DUMMY__ 0.15292077978549662	false	1.0
aufschreien	neg 1.0		off 0.3599747420320072 neg 0.32275976396220923 __DUMMY__ 0.3172654940057835	false	0.5
schuldner	neg 1.0		off 0.3506146533071268 neg 0.33048905806163925 __DUMMY__ 0.3188962886312339	false	0.5
missgeburt	off 1.0	off 1.0	off 0.6754200194664799 neg 0.17482723240238626 __DUMMY__ 0.1497527481311338	false	1.0
arbeitslos	neg 1.0		off 0.35452943659867503 neg 0.3251546708212516 __DUMMY__ 0.3203158925800734	false	0.5
befallen	neg 1.0		off 0.35431133988371005 neg 0.328281775089855 __DUMMY__ 0.31740688502643494	false	0.5
miesepetrig	off 1.0	off 1.0	off 0.6702633281288419 neg 0.17763732150272837 __DUMMY__ 0.1520993503684297	false	1.0
alarmieren	neg 1.0		off 0.36288142852419597 neg 0.3197818138120947 __DUMMY__ 0.3173367576637092	false	0.5
ungeduscht	off 1.0		off 0.36116294238909935 neg 0.32275622824130806 __DUMMY__ 0.3160808293695926	false	1.0
knappheit	neg 1.0		off 0.3531165060564906 neg 0.3288401813065699 __DUMMY__ 0.3180433126369395	false	0.5
schlange	neg 1.0		off 0.35797363368366775 neg 0.3225379541095831 __DUMMY__ 0.3194884122067492	false	0.5
harsch	neg 1.0		off 0.3682998149948965 neg 0.3166282604189304 __DUMMY__ 0.31507192458617306	false	0.5
lang	neg 1.0		off 0.35856255081026644 neg 0.32299844196988536 __DUMMY__ 0.31843900721984814	false	0.5
ziellos	neg 1.0		off 0.3532516123617825 neg 0.32523336934172997 __DUMMY__ 0.32151501829648765	false	0.5
selbstverliebt	neg 1.0		off 0.37558190164889355 neg 0.3140493413234834 __DUMMY__ 0.310368757027623	false	0.5
beseitigen	neg 1.0		off 0.357958649321344 neg 0.3218486038890363 __DUMMY__ 0.3201927467896196	false	0.5
dumm	off 1.0		off 0.3701576190239889 neg 0.3171801619513469 __DUMMY__ 0.3126622190246642	false	1.0
arbeitsloser	neg 1.0		off 0.35721548111576074 __DUMMY__ 0.3231073807185475 neg 0.31967713816569177	false	0.5
blitzen	neg 1.0		off 0.36106185270327074 neg 0.3222200439018391 __DUMMY__ 0.3167181033948901	false	0.5
hilflos	neg 1.0		off 0.3545732839216665 neg 0.3252514654784163 __DUMMY__ 0.32017525059991736	false	0.5
eklig	off 1.0		off 0.36974561843983683 neg 0.31884002839152253 __DUMMY__ 0.31141435316864063	false	1.0
begriff			off 0.35695690377134315 neg 0.3235345160507676 __DUMMY__ 0.31950858017788925	false	0.0
hungersnot	neg 1.0		off 0.3540193142255723 neg 0.3270612141544077 __DUMMY__ 0.31891947162001993	false	0.5
ungesetzlich	neg 1.0		off 0.35935469406596887 neg 0.323211573092408 __DUMMY__ 0.31743373284162324	false	0.5
verschwendung	neg 1.0		off 0.3523709249151034 neg 0.32687500797326163 __DUMMY__ 0.32075406711163496	false	0.5
schmerzvoll	neg 1.0		off 0.35823664617295803 neg 0.3239442692124833 __DUMMY__ 0.3178190846145587	false	0.5
vorzeitig	neg 1.0		off 0.3633323937129195 neg 0.31934319170322556 __DUMMY__ 0.31732441458385496	false	0.5
unvollkommenheit	neg 1.0		off 0.3552321453255209 neg 0.3253538166299211 __DUMMY__ 0.31941403804455815	false	0.5
intervenieren	neg 1.0		off 0.35207843876934936 neg 0.32868588612040767 __DUMMY__ 0.31923567511024303	false	0.5
banause	off 1.0		off 0.37013883972076256 neg 0.3205901696553763 __DUMMY__ 0.3092709906238613	false	1.0
rebell	neg 1.0		off 0.3467964177523657 neg 0.3328474598903887 __DUMMY__ 0.3203561223572456	false	0.5
unlogisch	neg 1.0		off 0.3655460421612417 neg 0.3198747492730759 __DUMMY__ 0.31457920856568244	false	0.5
leiden	neg 1.0		off 0.3530254958429215 neg 0.3235776686016766 __DUMMY__ 0.3233968355554018	false	0.5
abschaffung	neg 1.0		off 0.3572162946763169 neg 0.32567959434871263 __DUMMY__ 0.3171041109749705	false	0.5
sturz	neg 1.0		off 0.36118281699395044 __DUMMY__ 0.32010954093103305 neg 0.31870764207501645	false	0.5
verkleinerung	neg 1.0		off 0.35957607053266905 neg 0.32587894563926034 __DUMMY__ 0.31454498382807067	false	0.5
schmarotzer	off 1.0		off 0.3555904148773702 neg 0.3244831587532892 __DUMMY__ 0.31992642636934054	false	1.0
bestrafung	neg 1.0	neg 1.0	neg 0.6485139811772899 off 0.1979068377086304 __DUMMY__ 0.15357918111407987	false	1.0
achtlos	neg 1.0		off 0.3563660264165155 neg 0.3231436575302639 __DUMMY__ 0.32049031605322065	false	0.5
ungeheuer	neg 1.0		off 0.35646995418894356 neg 0.325972155734862 __DUMMY__ 0.3175578900761944	false	0.5
unaufrichtig	neg 1.0		off 0.3621492031433527 neg 0.3205548297918693 __DUMMY__ 0.31729596706477803	false	0.5
groggy	neg 1.0		off 0.36116779886286804 neg 0.32077673666356504 __DUMMY__ 0.31805546447356686	false	0.5
verletzlich	neg 1.0		off 0.36107568182026006 neg 0.324481254497733 __DUMMY__ 0.314443063682007	false	0.5
ablehnen	neg 1.0		off 0.354508574208366 neg 0.32523957970764095 __DUMMY__ 0.320251846083993	false	0.5
