unsolidarisch	neg 1.0		__DUMMY__ 0.9187040457588853 off 0.04246338326906754 neg 0.03883257097204712	false	0.5
nachteilig	neg 1.0		__DUMMY__ 0.9251173869736823 off 0.03825381538830063 neg 0.03662879763801701	false	0.5
skeptisch	neg 1.0		__DUMMY__ 0.9249508146612 neg 0.03763141686090377 off 0.037417768477896185	false	1.0
schrecklich	neg 1.0		__DUMMY__ 0.9147707236573683 off 0.04879192660328055 neg 0.03643734973935117	false	0.5
schlapp	neg 1.0	neg 1.0	neg 0.503731498988848 __DUMMY__ 0.4549227121068133 off 0.04134578890433875	false	1.0
abfall	neg 1.0		__DUMMY__ 0.9290646894968203 neg 0.03616616697942701 off 0.03476914352375263	false	1.0
widerspenstig	neg 1.0		__DUMMY__ 0.9208814878348196 off 0.04047323847436777 neg 0.03864527369081265	false	0.5
abrupt	neg 1.0		__DUMMY__ 0.9237941895115925 neg 0.03950810623671532 off 0.03669770425169223	false	1.0
unwirksam	neg 1.0		__DUMMY__ 0.9156826061336646 neg 0.04256074481425394 off 0.04175664905208139	false	1.0
angreifen	neg 1.0		__DUMMY__ 0.9257043612194898 neg 0.037253964721327054 off 0.03704167405918309	false	1.0
inkonsistent	neg 1.0		__DUMMY__ 0.9176153146897263 off 0.043221801973133855 neg 0.039162883337139895	false	0.5
abrutschen	neg 1.0		__DUMMY__ 0.9283829752009967 neg 0.03712073685731269 off 0.034496287941690636	false	1.0
unsicher	neg 1.0		__DUMMY__ 0.9224776873447381 off 0.04117402377458553 neg 0.036348288880676385	false	0.5
bauernkind	off 1.0	off 1.0	off 0.5157611670353652 __DUMMY__ 0.4461801801312442 neg 0.03805865283339057	false	1.0
angreifer	neg 1.0		__DUMMY__ 0.9223480124712878 off 0.04447689415846531 neg 0.033175093370246794	false	0.5
trennen	neg 1.0		__DUMMY__ 0.9267025830003988 neg 0.03673939916183688 off 0.036558017837764335	false	1.0
schmutz	neg 1.0		__DUMMY__ 0.9247651700492039 off 0.043307192734502876 neg 0.031927637216293284	false	0.5
inkonsistenz	neg 1.0		__DUMMY__ 0.917926511658691 off 0.0454649469389971 neg 0.036608541402311935	false	0.5
erschreckend	neg 1.0		__DUMMY__ 0.9219167187046303 off 0.04079121112851385 neg 0.03729207016685583	false	0.5
ertrinken	neg 1.0		__DUMMY__ 0.9246138816885154 neg 0.03889112784684752 off 0.036494990464636994	false	1.0
pickelface	off 1.0		__DUMMY__ 0.9208667360496716 off 0.04161204986882253 neg 0.03752121408150578	false	1.0
seiner			__DUMMY__ 0.9263127946026578 off 0.0371796014677896 neg 0.03650760392955258	false	0.0
lauch	neg 1.0	neg 1.0	neg 0.5051891888288313 __DUMMY__ 0.4632483346741483 off 0.03156247649702036	false	1.0
unwichtig	neg 1.0		__DUMMY__ 0.9178643157585492 off 0.0453980341335668 neg 0.03673765010788408	false	0.5
steuerhinterziehung	neg 1.0		__DUMMY__ 0.9210034830629419 off 0.04092718848605989 neg 0.03806932845099825	false	0.5
schock	neg 1.0		__DUMMY__ 0.92303775885997 off 0.039799160017837565 neg 0.037163081122192534	false	0.5
beule	neg 1.0		__DUMMY__ 0.9152460623078746 off 0.04690877979363337 neg 0.03784515789849193	false	0.5
vergelten	neg 1.0		__DUMMY__ 0.914532525574322 off 0.049825536590853814 neg 0.0356419378348242	false	0.5
verdorbenheit	neg 1.0		__DUMMY__ 0.9212576512234034 off 0.04171433940584956 neg 0.03702800937074703	false	0.5
trauma	neg 1.0		__DUMMY__ 0.9196808922007894 off 0.04243113877939858 neg 0.037887969019811896	false	0.5
sinnlos	neg 1.0		__DUMMY__ 0.9201154554029131 off 0.04296118931905045 neg 0.03692335527803654	false	0.5
fettsack	off 1.0	off 1.0	off 0.5169299862682242 __DUMMY__ 0.4465212469208601 neg 0.03654876681091572	false	1.0
feige	off 1.0	off 1.0	off 0.5124669314446055 __DUMMY__ 0.4534258642801552 neg 0.03410720427523929	false	1.0
abdanken	neg 1.0		__DUMMY__ 0.9233812896793351 off 0.0412238822684816 neg 0.0353948280521834	false	0.5
wichtigtuer	off 1.0	off 1.0	off 0.5098718104161678 __DUMMY__ 0.4572266261175815 neg 0.032901563466250575	false	1.0
misslingen	neg 1.0		__DUMMY__ 0.9234160420892927 off 0.04208686966974505 neg 0.03449708824096229	false	0.5
untreu	off 1.0		__DUMMY__ 0.9167406573580599 off 0.046466107790023366 neg 0.036793234851916816	false	1.0
missmutig	neg 1.0		__DUMMY__ 0.9184152233143134 off 0.04423001514895133 neg 0.03735476153673545	false	0.5
hurenbock	off 1.0		__DUMMY__ 0.9164292041225671 neg 0.04243214245115803 off 0.04113865342627488	false	0.5
betrunken	neg 1.0		__DUMMY__ 0.915338034634185 off 0.0477872968288141 neg 0.03687466853700099	false	0.5
korrupt	off 1.0		__DUMMY__ 0.9204350837083317 off 0.040688512409468816 neg 0.03887640388219944	false	1.0
unmut	neg 1.0		__DUMMY__ 0.9265573055388795 neg 0.03742925275211082 off 0.036013441709009615	false	1.0
hackfresse	off 1.0		__DUMMY__ 0.9109345875588212 off 0.05260235614411615 neg 0.03646305629706266	false	1.0
aufblasen	neg 1.0		__DUMMY__ 0.9213706464258675 off 0.04133634724413112 neg 0.03729300633000131	false	0.5
gewaltsam	neg 1.0		__DUMMY__ 0.9238108427086698 off 0.04095577071947736 neg 0.035233386571852966	false	0.5
unbeliebtheit	neg 1.0		__DUMMY__ 0.9171997332280811 off 0.046574040149039944 neg 0.03622622662287898	false	0.5
sturheit	neg 1.0		__DUMMY__ 0.9236636902534932 off 0.040783463840522824 neg 0.03555284590598398	false	0.5
kuh	neg 1.0		__DUMMY__ 0.9108178317558271 neg 0.0456744082297357 off 0.043507760014437194	false	1.0
erschrecken	neg 1.0		__DUMMY__ 0.9186254582859767 off 0.04460199671058363 neg 0.03677254500343961	false	0.5
opfer	neg 1.0		__DUMMY__ 0.9271369774782756 off 0.038513550198769425 neg 0.03434947232295486	false	0.5
sinken	neg 1.0		__DUMMY__ 0.9243309880577806 neg 0.03933748780869533 off 0.03633152413352411	false	1.0
stinktier	neg 1.0		__DUMMY__ 0.9072428682693192 off 0.050798020582989746 neg 0.04195911114769112	false	0.5
tucke	off 1.0		__DUMMY__ 0.9049024287414215 off 0.0543119937947287 neg 0.04078557746384982	false	1.0
ein			__DUMMY__ 0.9198540813800997 off 0.040292937121643634 neg 0.03985298149825668	false	0.0
abstieg	neg 1.0		__DUMMY__ 0.9270360904113043 off 0.03954205331838217 neg 0.0334218562703136	false	0.5
missverstehen	neg 1.0		__DUMMY__ 0.9195560691544604 off 0.04375598728950154 neg 0.03668794355603801	false	0.5
ergebnislos	neg 1.0		__DUMMY__ 0.9267315205155089 off 0.03826265184584668 neg 0.03500582763864445	false	0.5
unter			__DUMMY__ 0.9329709587412356 neg 0.035979226233598866 off 0.03104981502516557	false	0.0
manipulieren	neg 1.0		__DUMMY__ 0.9256692964301924 off 0.03782029124260883 neg 0.036510412327198837	false	0.5
unbewiesen	neg 1.0	neg 1.0	neg 0.5035555860447296 __DUMMY__ 0.45760807751187066 off 0.03883633644339978	false	1.0
verschleppen	neg 1.0		__DUMMY__ 0.923590525270669 off 0.039238841802138866 neg 0.03717063292719218	false	0.5
weib	off 1.0		__DUMMY__ 0.9068959287772229 off 0.05454537131171911 neg 0.038558699911057974	false	1.0
opposition	neg 1.0		__DUMMY__ 0.9191155877124798 off 0.042453027995787804 neg 0.03843138429173235	false	0.5
verkehrswidrig	neg 1.0		__DUMMY__ 0.9160773985282467 off 0.04971146364041179 neg 0.034211137831341505	false	0.5
inkorrekt	neg 1.0		__DUMMY__ 0.9141253199178175 off 0.04900680406895557 neg 0.036867876013226906	false	0.5
vermeiden	neg 1.0		__DUMMY__ 0.92918850271055 neg 0.03696448025023941 off 0.033847017039210635	false	1.0
abweichung	neg 1.0	neg 1.0	neg 0.5022039240348252 __DUMMY__ 0.4619876019556123 off 0.03580847400956255	false	1.0
alkoholisiert	neg 1.0		__DUMMY__ 0.9305011706225912 off 0.03628914010014091 neg 0.03320968927726788	false	0.5
scheiss	off 1.0	off 1.0	off 0.5128227902725699 __DUMMY__ 0.45205617457583847 neg 0.03512103515159158	false	1.0
herausforderung	neg 1.0		__DUMMY__ 0.923636841978515 off 0.03924258826178826 neg 0.037120569759696784	false	0.5
pervers	off 1.0		__DUMMY__ 0.906249637755587 off 0.05646804111181014 neg 0.03728232113260289	false	1.0
wackelig	neg 1.0		__DUMMY__ 0.9247653041719347 off 0.03873604308967278 neg 0.03649865273839248	false	0.5
verwickeln	neg 1.0		__DUMMY__ 0.9203890575224329 off 0.04305313553188306 neg 0.03655780694568409	false	0.5
vorwand	neg 1.0		__DUMMY__ 0.9258674809242148 neg 0.037514644232894426 off 0.03661787484289083	false	1.0
muschi	off 1.0		__DUMMY__ 0.9227728427618636 off 0.040694062589367086 neg 0.036533094648769276	false	1.0
entmutigung	neg 1.0		__DUMMY__ 0.9163932283755807 off 0.043784554734764204 neg 0.03982221688965513	false	0.5
unangemessen	neg 1.0		__DUMMY__ 0.9230793857473066 off 0.04046447689022489 neg 0.03645613736246847	false	0.5
unstetig	neg 1.0		__DUMMY__ 0.9180692379944286 off 0.044403260925517204 neg 0.03752750108005416	false	0.5
entmutigen	neg 1.0		__DUMMY__ 0.9209681365751485 off 0.04204447455971301 neg 0.036987388865138415	false	0.5
schwanz	neg 1.0		__DUMMY__ 0.923326236677954 off 0.03871505980398026 neg 0.037958703518065746	false	0.5
verbot	neg 1.0		__DUMMY__ 0.9213923247167441 off 0.04037143925147164 neg 0.03823623603178417	false	0.5
leid	neg 1.0		__DUMMY__ 0.9131150820612112 off 0.05006247967304887 neg 0.036822438265739936	false	0.5
archaisch	neg 1.0		__DUMMY__ 0.9215580852845993 off 0.04014141036591079 neg 0.038300504349489915	false	0.5
gegen			__DUMMY__ 0.9282037818710647 off 0.036473092774367215 neg 0.03532312535456814	false	0.0
scheidung	neg 1.0		__DUMMY__ 0.9082595414962472 off 0.059520189617091226 neg 0.03222026888666161	false	0.5
einschlag	neg 1.0		__DUMMY__ 0.9178737113469224 off 0.04894219774349921 neg 0.03318409090957844	false	0.5
m			__DUMMY__ 0.9236679019649483 off 0.039255990261670363 neg 0.0370761077733813	false	0.0
abgestanden	neg 1.0		__DUMMY__ 0.9152501123124502 neg 0.04408997148345049 off 0.04065991620409926	false	1.0
schmierig	off 1.0		__DUMMY__ 0.9129166984414355 off 0.04988163015307676 neg 0.037201671405487656	false	1.0
unpraktisch	neg 1.0		__DUMMY__ 0.9214965808834138 off 0.04204782786947642 neg 0.036455591247109745	false	0.5
wixxer	off 1.0		__DUMMY__ 0.9041364022561326 off 0.05683186176616507 neg 0.039031735977702334	false	1.0
bezeichnet			__DUMMY__ 0.9223060329916768 off 0.041649425708681326 neg 0.036044541299641894	false	0.0
jammerlappen	off 1.0		__DUMMY__ 0.9176510693388402 off 0.045676654945792934 neg 0.03667227571536676	false	1.0
farce	neg 1.0		__DUMMY__ 0.9194258235236545 off 0.04169382386262498 neg 0.03888035261372059	false	0.5
zwecklos	neg 1.0		__DUMMY__ 0.9226804301327565 off 0.03966748781129823 neg 0.03765208205594525	false	0.5
turbulent	neg 1.0		__DUMMY__ 0.9148440807536452 off 0.04727106737989586 neg 0.037884851866458985	false	0.5
invasion	neg 1.0		__DUMMY__ 0.919235154281487 off 0.0434460268417156 neg 0.03731881887679743	false	0.5
schuld	neg 1.0		__DUMMY__ 0.9208779918210052 off 0.04245542131330631 neg 0.03666658686568854	false	0.5
risiko	neg 1.0		__DUMMY__ 0.9171654251543235 off 0.043152346410305575 neg 0.03968222843537083	false	0.5
finster	neg 1.0		__DUMMY__ 0.919714432093507 off 0.04035739939033098 neg 0.039928168516162	false	0.5
geisteskrank	off 1.0		__DUMMY__ 0.9154700327866563 off 0.04790767343072023 neg 0.03662229378262362	false	1.0
zusammenbrechen	neg 1.0		__DUMMY__ 0.9222108206396555 off 0.039775395705487965 neg 0.038013783654856546	false	0.5
ausbeute	neg 1.0		__DUMMY__ 0.9260279082049755 off 0.03992797024138459 neg 0.03404412155363991	false	0.5
hinterhalt	neg 1.0		__DUMMY__ 0.9221061104932721 off 0.03975994301383638 neg 0.038133946492891604	false	0.5
kritik	neg 1.0		__DUMMY__ 0.9196548769880718 off 0.04150347281208713 neg 0.03884165019984108	false	0.5
einschrumpfen	neg 1.0		__DUMMY__ 0.9150886709174217 off 0.045824201204427706 neg 0.039087127878150524	false	0.5
riskant	neg 1.0		__DUMMY__ 0.9239367447785285 neg 0.03843323600350152 off 0.037630019217969934	false	1.0
frustrieren	neg 1.0		__DUMMY__ 0.9230059953272938 neg 0.038577579232779255 off 0.03841642543992693	false	1.0
groll	neg 1.0		__DUMMY__ 0.9243372963750446 off 0.03980637000047688 neg 0.035856333624478556	false	0.5
gibt			__DUMMY__ 0.9232163575187148 off 0.03943699064655955 neg 0.03734665183472566	false	0.0
qualvoll	neg 1.0		__DUMMY__ 0.9200920565245374 off 0.042929262645193166 neg 0.03697868083026943	false	0.5
wackeln	neg 1.0		__DUMMY__ 0.9219821639682503 off 0.04096277046711279 neg 0.037055065564636926	false	0.5
klagen	neg 1.0		__DUMMY__ 0.9249810404652359 neg 0.03812431654136687 off 0.03689464299339726	false	1.0
bankrott	neg 1.0		__DUMMY__ 0.9190770620046742 off 0.04487019319011733 neg 0.03605274480520851	false	0.5
trauern	neg 1.0		__DUMMY__ 0.9293797372776679 off 0.03749620051787259 neg 0.03312406220445959	false	0.5
ablehnung	neg 1.0		__DUMMY__ 0.9200589352730155 off 0.0409864039263362 neg 0.03895466080064823	false	0.5
stur	neg 1.0		__DUMMY__ 0.9202613790183469 off 0.04243198107261958 neg 0.03730663990903341	false	0.5
aufruhr	neg 1.0	neg 1.0	neg 0.502833533235745 __DUMMY__ 0.45935599968205393 off 0.03781046708220105	false	1.0
melancholie	neg 1.0		__DUMMY__ 0.9231477208174543 neg 0.040039494338700195 off 0.03681278484384546	false	1.0
ist			__DUMMY__ 0.9200407738916456 off 0.042751188474686765 neg 0.03720803763366769	false	0.0
torheit	neg 1.0		__DUMMY__ 0.9203446215152852 off 0.04258269693609672 neg 0.03707268154861812	false	0.5
dreckskind	off 1.0		__DUMMY__ 0.9085541985808127 off 0.05370169403000675 neg 0.03774410738918065	false	1.0
umtauschen	neg 1.0		__DUMMY__ 0.9222809421031163 off 0.04018412185867724 neg 0.03753493603820643	false	0.5
zum			__DUMMY__ 0.9335470053422621 off 0.03385154335173102 neg 0.03260145130600691	false	0.0
zersetzen	neg 1.0		__DUMMY__ 0.9235197623457739 neg 0.03890138651127903 off 0.03757885114294715	false	1.0
zur			__DUMMY__ 0.9292013285302745 neg 0.03657899035134222 off 0.03421968111838333	false	0.0
frust	neg 1.0		__DUMMY__ 0.9229162042878535 off 0.0396354084079985 neg 0.037448387304148026	false	0.5
unerbittlichkeit	neg 1.0		__DUMMY__ 0.9250282292682778 off 0.0382203058367617 neg 0.036751464894960506	false	0.5
zwei			__DUMMY__ 0.9302836297364249 neg 0.03623225255198938 off 0.03348411771158573	false	0.0
unkorrekt	neg 1.0		__DUMMY__ 0.9153969458425909 off 0.04770531174091008 neg 0.03689774241649907	false	0.5
hexe	off 1.0		__DUMMY__ 0.9145493281406475 off 0.04496862090254069 neg 0.040482050956811816	false	1.0
lasch	neg 1.0		__DUMMY__ 0.918876919903068 off 0.04503487349594914 neg 0.03608820660098286	false	0.5
rivale	neg 1.0		__DUMMY__ 0.9148839577992385 off 0.04874650610340727 neg 0.036369536097354216	false	0.5
mutlos	off 1.0	off 1.0	off 0.5058108963688744 __DUMMY__ 0.4599260176528591 neg 0.0342630859782663	false	1.0
wirr	off 1.0		__DUMMY__ 0.9130517933420871 off 0.049389202753290826 neg 0.03755900390462199	false	1.0
jahr			__DUMMY__ 0.9304618092945618 off 0.037061218470735305 neg 0.03247697223470291	false	0.0
wird			__DUMMY__ 0.9242441040550525 off 0.03881962747547002 neg 0.036936268469477423	false	0.0
strafbar	neg 1.0		__DUMMY__ 0.925457220490691 off 0.038132255353007155 neg 0.036410524156301784	false	0.5
erosion	neg 1.0		__DUMMY__ 0.921971825752289 off 0.04124666711290362 neg 0.03678150713480743	false	0.5
eingehen	neg 1.0		__DUMMY__ 0.9230787833820725 neg 0.038612776484793186 off 0.03830844013313432	false	1.0
faul	off 1.0		__DUMMY__ 0.9188751870530805 off 0.04451454249177444 neg 0.03661027045514508	false	1.0
provisorium	neg 1.0		__DUMMY__ 0.9338674743540215 neg 0.03516058457971793 off 0.030971941066260646	false	1.0
schmerzen	neg 1.0		__DUMMY__ 0.9218656885140005 off 0.039700621253803775 neg 0.03843369023219569	false	0.5
schrumpfen	neg 1.0		__DUMMY__ 0.9254346797252362 neg 0.040119823803617304 off 0.034445496471146454	false	1.0
geistlos	off 1.0		__DUMMY__ 0.9171311456627167 off 0.04419942811942792 neg 0.03866942621785546	false	1.0
fehlkauf	neg 1.0		__DUMMY__ 0.9185663920849929 off 0.043493244851439905 neg 0.037940363063567274	false	0.5
frustrierend	neg 1.0		__DUMMY__ 0.9179716460237972 off 0.0446014651163765 neg 0.037426888859826236	false	0.5
unzufrieden	neg 1.0		__DUMMY__ 0.9232437849751534 off 0.03950488745592926 neg 0.03725132756891737	false	0.5
verzweifeln	neg 1.0		__DUMMY__ 0.9225286582238532 off 0.040494503810669796 neg 0.03697683796547697	false	0.5
verzweifelt	neg 1.0		__DUMMY__ 0.9200511997489442 off 0.0424905781131819 neg 0.03745822213787387	false	0.5
misstrauensantrag	neg 1.0		__DUMMY__ 0.919595002770862 off 0.04281360866325231 neg 0.03759138856588575	false	0.5
abfallen	neg 1.0		__DUMMY__ 0.9209649631519751 off 0.04101675532146932 neg 0.038018281526555654	false	0.5
fucker	off 1.0		__DUMMY__ 0.9155144059844943 off 0.04857768779777589 neg 0.03590790621772972	false	1.0
ungezogen	neg 1.0		__DUMMY__ 0.9089358407392265 off 0.05441923681128852 neg 0.036644922449485064	false	0.5
irrsinnig	neg 1.0	neg 1.0	neg 0.5045309273575117 __DUMMY__ 0.45701628898145724 off 0.038452783661031116	false	1.0
unfassbar	neg 1.0		__DUMMY__ 0.9173956912505185 off 0.04638311261930601 neg 0.03622119613017552	false	0.5
hart	neg 1.0		__DUMMY__ 0.9115408544577498 off 0.046405908341596164 neg 0.04205323720065397	false	0.5
widerlich	off 1.0		__DUMMY__ 0.9161659222730124 off 0.046870333509008925 neg 0.03696374421797874	false	1.0
fatal	neg 1.0	neg 1.0	neg 0.5066976241055731 __DUMMY__ 0.4534691512366443 off 0.03983322465778253	false	1.0
bruch	neg 1.0		__DUMMY__ 0.928019184536229 neg 0.03629501452052516 off 0.03568580094324583	false	1.0
aushungern	neg 1.0		__DUMMY__ 0.9212994416084188 off 0.04062209191881225 neg 0.03807846647276883	false	0.5
anspannung	neg 1.0		__DUMMY__ 0.9310429729444523 neg 0.035153304424034686 off 0.033803722631513086	false	1.0
von			__DUMMY__ 0.926274689332853 neg 0.03716859049257472 off 0.03655672017457227	false	0.0
kraftlos	neg 1.0		__DUMMY__ 0.923624550351603 off 0.03882384561050006 neg 0.03755160403789704	false	0.5
vom			__DUMMY__ 0.9354229170557092 neg 0.03333865067297902 off 0.031238432271311754	false	0.0
grenzdebil	off 1.0		__DUMMY__ 0.9159226276009562 off 0.046606795446697206 neg 0.03747057695234655	false	1.0
vor			__DUMMY__ 0.9269949925135527 neg 0.03719231365174773 off 0.03581269383469957	false	0.0
unterwerfen	neg 1.0		__DUMMY__ 0.9252195945403288 off 0.03861722852888337 neg 0.03616317693078797	false	0.5
versenkung	neg 1.0		__DUMMY__ 0.9252465141957483 off 0.03828878195077416 neg 0.03646470385347749	false	0.5
entziehen	neg 1.0		__DUMMY__ 0.9257703195746617 neg 0.03764654338913586 off 0.03658313703620235	false	1.0
finanzkrise	neg 1.0		__DUMMY__ 0.915058478499226 neg 0.04373978508689834 off 0.04120173641387572	false	1.0
schimpfend	neg 1.0		__DUMMY__ 0.923050292392911 off 0.041393481165140605 neg 0.035556226441948426	false	0.5
profan	neg 1.0		__DUMMY__ 0.9190830821061884 off 0.04325944216083286 neg 0.03765747573297882	false	0.5
korruption	neg 1.0		__DUMMY__ 0.9208008643035069 off 0.03996782211379083 neg 0.03923131358270225	false	0.5
â			__DUMMY__ 0.9233757102149939 off 0.03872149326315692 neg 0.03790279652184918	false	0.0
schmutzig	neg 1.0		__DUMMY__ 0.9163669483465611 off 0.0467442574557276 neg 0.036888794197711385	false	0.5
sexy	neg 1.0		__DUMMY__ 0.9192022978685251 off 0.044479234463229066 neg 0.03631846766824573	false	0.5
abraten	neg 1.0		__DUMMY__ 0.9205031532650224 off 0.04276039777481727 neg 0.03673644896016024	false	0.5
schwarz	neg 1.0		__DUMMY__ 0.919922621511283 off 0.043184775582863426 neg 0.03689260290585361	false	0.5
fotze	off 1.0	off 1.0	off 0.5059687046129605 __DUMMY__ 0.4599420766070517 neg 0.03408921877998781	false	1.0
verwirren	neg 1.0		__DUMMY__ 0.9196673522158552 off 0.043532860299223826 neg 0.03679978748492102	false	0.5
zahnlos	off 1.0		__DUMMY__ 0.922546462206395 off 0.04035555754516324 neg 0.03709798024844168	false	1.0
verheeren	neg 1.0		__DUMMY__ 0.9084713525106629 off 0.05583629021674242 neg 0.03569235727259461	false	0.5
hippie	neg 1.0		__DUMMY__ 0.9187680434914297 off 0.04429563340314186 neg 0.036936323105428374	false	0.5
rammen	neg 1.0		__DUMMY__ 0.921437235231417 off 0.041159546474454974 neg 0.03740321829412811	false	0.5
unlauter	neg 1.0		__DUMMY__ 0.9186375683588766 off 0.043157631423640534 neg 0.03820480021748292	false	0.5
unheilvoll	neg 1.0		__DUMMY__ 0.9199358453810903 off 0.041887640399026406 neg 0.03817651421988331	false	0.5
niedrig	neg 1.0		__DUMMY__ 0.9219987825016128 neg 0.039367663215602866 off 0.038633554282784366	false	1.0
explosion	neg 1.0		__DUMMY__ 0.9193329869471216 off 0.04407712595009855 neg 0.0365898871027799	false	0.5
weichei	off 1.0	off 1.0	off 0.5164524456955253 __DUMMY__ 0.4483042353509727 neg 0.03524331895350203	false	1.0
minusmensch	off 1.0		__DUMMY__ 0.906401301679617 off 0.05587706999377384 neg 0.03772162832660927	false	1.0
farblos	neg 1.0		__DUMMY__ 0.9208309387088277 off 0.041716988833863454 neg 0.0374520724573089	false	0.5
unwissend	neg 1.0	neg 1.0	neg 0.5044702532338396 __DUMMY__ 0.4541389691320237 off 0.04139077763413664	false	1.0
traurig	neg 1.0		__DUMMY__ 0.9152314572248123 off 0.048493458685806116 neg 0.03627508408938163	false	0.5
senkung	neg 1.0		__DUMMY__ 0.9155574195003918 off 0.04372533662120973 neg 0.040717243878398486	false	0.5
ungleich	neg 1.0	neg 1.0	neg 0.5045176095697601 __DUMMY__ 0.4602273009331073 off 0.03525508949713261	false	1.0
heikel	neg 1.0		__DUMMY__ 0.9248600715747942 off 0.037736017545180994 neg 0.037403910880024774	false	0.5
drosselung	neg 1.0		__DUMMY__ 0.9127086852050641 off 0.04664775859696331 neg 0.040643556197972636	false	0.5
falsch	neg 1.0		__DUMMY__ 0.9192170469420295 off 0.044645914016790834 neg 0.03613703904117955	false	0.5
unzufriedenheit	neg 1.0		__DUMMY__ 0.9228331424641472 neg 0.03943646954755039 off 0.03773038798830236	false	1.0
kurz	neg 1.0		__DUMMY__ 0.9247963466532597 off 0.03920990291522699 neg 0.03599375043151325	false	0.5
unsinnig	neg 1.0		__DUMMY__ 0.9203504354232456 off 0.04074853115976247 neg 0.03890103341699199	false	0.5
penner	off 1.0	off 1.0	off 0.5180138679274218 __DUMMY__ 0.4480346801661727 neg 0.03395145190640558	false	1.0
seicht	neg 1.0		__DUMMY__ 0.9067952580060781 off 0.05416134567559592 neg 0.03904339631832597	false	0.5
dummheit	off 1.0	off 1.0	off 0.5100773531383836 __DUMMY__ 0.45499759045929766 neg 0.03492505640231866	false	1.0
unerfreulich	neg 1.0		__DUMMY__ 0.9246568201204083 neg 0.037929527625702286 off 0.03741365225388947	false	1.0
motherfucker	off 1.0	off 1.0	off 0.5139164378237057 __DUMMY__ 0.45257972200830465 neg 0.03350384016798967	false	1.0
pikiert	neg 1.0		__DUMMY__ 0.9164588952614895 off 0.04597040986414857 neg 0.03757069487436187	false	0.5
wrack	neg 1.0		__DUMMY__ 0.9289275898971167 off 0.03902475639105531 neg 0.03204765371182812	false	0.5
gangster	neg 1.0		__DUMMY__ 0.9185724930772521 off 0.04442436297249264 neg 0.03700314395025518	false	0.5
krank	neg 1.0		__DUMMY__ 0.9177949934944893 off 0.04639810542846477 neg 0.03580690107704591	false	0.5
reich	neg 1.0		__DUMMY__ 0.914888021063663 off 0.04478859561576608 neg 0.04032338332057097	false	0.5
gnadenlos	neg 1.0		__DUMMY__ 0.9213669689465206 off 0.042247276085538354 neg 0.03638575496794102	false	0.5
niedergeschlagen	neg 1.0		__DUMMY__ 0.9255204104246045 off 0.039010864159316275 neg 0.03546872541607916	false	0.5
terrorisieren	off 1.0	off 1.0	off 0.5048683385125134 __DUMMY__ 0.46189390783565315 neg 0.033237753651833436	false	1.0
sinnlosigkeit	neg 1.0		__DUMMY__ 0.922752538018941 off 0.039871993506756534 neg 0.037375468474302474	false	0.5
behindern	neg 1.0		__DUMMY__ 0.9210320117447022 off 0.04091456392384645 neg 0.03805342433145137	false	0.5
undemokratisch	neg 1.0		__DUMMY__ 0.9183937342219497 off 0.043675362368280374 neg 0.037930903409769984	false	0.5
wirtschaftskrise	neg 1.0		__DUMMY__ 0.9194470445291697 neg 0.040902502066216116 off 0.03965045340461424	false	1.0
neid	neg 1.0		__DUMMY__ 0.9193003773543965 off 0.04387430684447813 neg 0.036825315801125295	false	0.5
rutschen	neg 1.0		__DUMMY__ 0.9301584159720733 neg 0.03661653227688854 off 0.033225051751038154	false	1.0
rezession	neg 1.0		__DUMMY__ 0.9092076538009131 off 0.04904086622029862 neg 0.04175147997878837	false	0.5
fehlgeburt	neg 1.0		__DUMMY__ 0.9235520509824402 off 0.04106721180891591 neg 0.035380737208643875	false	0.5
charakterschwach	off 1.0		__DUMMY__ 0.9157090322533133 off 0.04655440113639386 neg 0.037736566610292774	false	1.0
isolation	neg 1.0		__DUMMY__ 0.9199802200572735 off 0.04447410842837488 neg 0.0355456715143516	false	0.5
ablenkung	neg 1.0		__DUMMY__ 0.9226920738915666 off 0.0409393271378475 neg 0.03636859897058593	false	0.5
pech	neg 1.0		__DUMMY__ 0.9181746926628125 off 0.0444391829391091 neg 0.03738612439807838	false	0.5
vermeidung	neg 1.0		__DUMMY__ 0.9154953899032898 off 0.046476803275715996 neg 0.038027806820994256	false	0.5
dominieren	neg 1.0		__DUMMY__ 0.9230673466794798 off 0.04003046449034747 neg 0.036902188830172745	false	0.5
schwindlig	neg 1.0		__DUMMY__ 0.9198182801271949 off 0.04238950449594566 neg 0.03779221537685934	false	0.5
lutscher	neg 1.0	neg 1.0	neg 0.5055004368412658 __DUMMY__ 0.44411404552251094 off 0.050385517636223204	false	1.0
pflicht	neg 1.0		__DUMMY__ 0.9266654441316328 off 0.036728998906436335 neg 0.0366055569619309	false	0.5
faschist	off 1.0		__DUMMY__ 0.9194069153677324 off 0.04487029705024509 neg 0.03572278758202253	false	1.0
verschleudern	neg 1.0		__DUMMY__ 0.9202492039618182 neg 0.04123527626663824 off 0.038515519771543535	false	1.0
wenn			__DUMMY__ 0.9177204516779662 off 0.045420464921795266 neg 0.036859083400238475	false	0.0
ehebruch	neg 1.0		__DUMMY__ 0.9238684703315275 off 0.03915727755544683 neg 0.03697425211302557	false	0.5
spott	off 1.0		__DUMMY__ 0.9249331636474791 off 0.03901108131424823 neg 0.03605575503827272	false	1.0
trostlosigkeit	neg 1.0		__DUMMY__ 0.9233924858326791 neg 0.039973489170145045 off 0.036634024997175864	false	1.0
lutschen	neg 1.0		__DUMMY__ 0.9176448756281418 off 0.044774871415192784 neg 0.03758025295666536	false	0.5
undiszipliniert	neg 1.0		__DUMMY__ 0.9153574801904303 off 0.047813908075729834 neg 0.03682861173383985	false	0.5
kopfschmerz	neg 1.0		__DUMMY__ 0.9213706810025476 neg 0.0405732001097466 off 0.03805611888770576	false	1.0
unvorhergesehen	neg 1.0		__DUMMY__ 0.9280776755807308 off 0.036126578839647344 neg 0.03579574557962174	false	0.5
desinteressiert	neg 1.0		__DUMMY__ 0.9155103756785485 off 0.047395146457499204 neg 0.03709447786395233	false	0.5
armselig	off 1.0		__DUMMY__ 0.9144662168873737 off 0.049465028361948715 neg 0.036068754750677647	false	1.0
desaster	neg 1.0		__DUMMY__ 0.9253733620927667 neg 0.03831344853879315 off 0.03631318936844009	false	1.0
tod	neg 1.0		__DUMMY__ 0.9256224989409993 off 0.03780553736874076 neg 0.03657196369025987	false	0.5
herzlos	neg 1.0		__DUMMY__ 0.9147233841779929 off 0.048875412764738196 neg 0.03640120305726875	false	0.5
unwissenheit	neg 1.0		__DUMMY__ 0.922861473248317 off 0.03958009443230746 neg 0.03755843231937547	false	0.5
widersinnig	neg 1.0		__DUMMY__ 0.9193098604302673 off 0.04096609326763444 neg 0.03972404630209831	false	0.5
bedenklich	neg 1.0		__DUMMY__ 0.922595380032102 off 0.03888040745280021 neg 0.038524212515097904	false	0.5
beanstanden	neg 1.0		__DUMMY__ 0.9270818267750376 off 0.03720791815793097 neg 0.035710255067031384	false	0.5
panisch	neg 1.0		__DUMMY__ 0.9216962021301794 off 0.04253629867179358 neg 0.03576749919802693	false	0.5
debil	off 1.0		__DUMMY__ 0.9304513253791971 neg 0.038163557403595824 off 0.03138511721720703	false	0.5
abstrich	neg 1.0		__DUMMY__ 0.9229578629614917 off 0.03887155475931889 neg 0.03817058227918933	false	0.5
primitiv	neg 1.0		__DUMMY__ 0.9158249764756905 off 0.04763176028117577 neg 0.036543263243133735	false	0.5
abschaum	off 1.0	off 1.0	off 0.5121980403060026 __DUMMY__ 0.4555627194546624 neg 0.032239240239334964	false	1.0
provozieren	neg 1.0		__DUMMY__ 0.9206190419716886 off 0.04226355446847382 neg 0.03711740355983751	false	0.5
tot	neg 1.0		__DUMMY__ 0.9220480087622468 neg 0.03902356136049429 off 0.03892842987725884	false	1.0
instabil	neg 1.0		__DUMMY__ 0.9119575413132414 off 0.04967174429397382 neg 0.0383707143927848	false	0.5
schwuchtel	off 1.0	off 1.0	off 0.5239008982698108 __DUMMY__ 0.4414475775169673 neg 0.03465152421322189	false	1.0
zerren	neg 1.0		__DUMMY__ 0.9245923084533797 off 0.03910274897481778 neg 0.03630494257180254	false	0.5
kinderficker	off 1.0		__DUMMY__ 0.912557763066451 off 0.05145452720069031 neg 0.03598770973285873	false	1.0
gefahr	neg 1.0		__DUMMY__ 0.9270421433388197 off 0.037093582110724936 neg 0.03586427455045526	false	0.5
rabiat	neg 1.0		__DUMMY__ 0.9216866470691764 off 0.04073733778572673 neg 0.037576015145096994	false	0.5
verlangsamung	neg 1.0		__DUMMY__ 0.9095071613447345 off 0.05298354476158859 neg 0.037509293893676916	false	0.5
ausgestorben	neg 1.0		__DUMMY__ 0.9228262742150349 off 0.04031246234046753 neg 0.036861263444497507	false	0.5
anklagen	neg 1.0		__DUMMY__ 0.9235393029022304 off 0.04015117142399638 neg 0.03630952567377327	false	0.5
trott	neg 1.0		__DUMMY__ 0.9216934166455477 off 0.04113098344106495 neg 0.03717559991338733	false	0.5
verminderung	neg 1.0		__DUMMY__ 0.9159410452827619 off 0.046448949806820294 neg 0.0376100049104178	false	0.5
nach			__DUMMY__ 0.9321843325858813 neg 0.03559010288104152 off 0.03222556453307724	false	0.0
rost	neg 1.0		__DUMMY__ 0.9127129925269685 off 0.05374209181464712 neg 0.03354491565838432	false	0.5
destruktiv	neg 1.0		__DUMMY__ 0.9208658605162411 off 0.0413403337725402 neg 0.03779380571121869	false	0.5
unzumutbarkeit	neg 1.0		__DUMMY__ 0.9160898436721677 off 0.04648820406587809 neg 0.03742195226195418	false	0.5
labil	off 1.0	off 1.0	off 0.5116603407029455 __DUMMY__ 0.454171249921489 neg 0.03416840937556558	false	1.0
ziemlich	neg 1.0		__DUMMY__ 0.9179329426346283 off 0.04604759125617148 neg 0.03601946610920027	false	0.5
lachnummer	off 1.0		__DUMMY__ 0.9220764094582555 off 0.04200532364908103 neg 0.03591826689266336	false	1.0
oder			__DUMMY__ 0.922378702769139 off 0.04148108747639757 neg 0.036140209754463345	false	0.0
verfall	neg 1.0		__DUMMY__ 0.9255831307592811 neg 0.03992885605528868 off 0.034488013185430315	false	1.0
ausgrenzung	neg 1.0		__DUMMY__ 0.918127864539425 off 0.043546153597694315 neg 0.03832598186288071	false	0.5
unordnung	neg 1.0		__DUMMY__ 0.9130060063863953 off 0.04983783312411239 neg 0.037156160489492274	false	0.5
fehlverhalten	neg 1.0		__DUMMY__ 0.9245428133603271 off 0.03823555997810384 neg 0.03722162666156911	false	0.5
eine			__DUMMY__ 0.9258040944327278 neg 0.03795879468998468 off 0.036237110877287496	false	0.0
nille	neg 1.0		__DUMMY__ 0.9214072737138377 off 0.041655298989190834 neg 0.036937427296971415	false	0.5
qual	neg 1.0		__DUMMY__ 0.9215657015156195 off 0.04088476398567883 neg 0.037549534498701714	false	0.5
verschwenden	neg 1.0		__DUMMY__ 0.9229365336571909 neg 0.039302007834307304 off 0.03776145850850182	false	1.0
riesig	neg 1.0		__DUMMY__ 0.9256632494636973 off 0.0376754686527687 neg 0.03666128188353406	false	0.5
verurteilen	neg 1.0		__DUMMY__ 0.9231644214354 off 0.04007262376091056 neg 0.03676295480368943	false	0.5
klischee	neg 1.0	neg 1.0	neg 0.5048140278931007 __DUMMY__ 0.4543225406265442 off 0.04086343148035512	false	1.0
diktatorisch	neg 1.0		__DUMMY__ 0.9181147010870179 off 0.043796099323162516 neg 0.03808919958981956	false	0.5
vorhersehbar	neg 1.0		__DUMMY__ 0.9175617546540842 off 0.044156079694985424 neg 0.03828216565093042	false	0.5
sowie			__DUMMY__ 0.9108464765547988 off 0.05079481305921997 neg 0.038358710385981175	false	0.0
stornieren	neg 1.0		__DUMMY__ 0.9243744226080384 off 0.04344269623616775 neg 0.03218288115579396	false	0.5
besteuerung	neg 1.0	neg 1.0	neg 0.5083401715568447 __DUMMY__ 0.45337264615769934 off 0.038287182285455856	false	1.0
ungeschminkt	neg 1.0		__DUMMY__ 0.9153965160403195 off 0.047112040642379865 neg 0.03749144331730062	false	0.5
kritisch	neg 1.0		__DUMMY__ 0.9230630842579658 off 0.03968299896056105 neg 0.03725391678147312	false	0.5
schlamperei	off 1.0		__DUMMY__ 0.9241831697216694 off 0.038537793998921065 neg 0.03727903627940949	false	1.0
sucht	neg 1.0	neg 1.0	neg 0.5029523188469921 __DUMMY__ 0.4589601344731253 off 0.038087546679882546	false	1.0
egoistisch	off 1.0	off 1.0	off 0.5163672895190359 __DUMMY__ 0.45088005396522224 neg 0.03275265651574188	false	1.0
ausbeuter	off 1.0		__DUMMY__ 0.9226363719247388 neg 0.03928190113064267 off 0.03808172694461855	false	0.5
arschgeburt	off 1.0		__DUMMY__ 0.9023734538131442 off 0.059268968454470855 neg 0.038357577732385045	false	1.0
schubs	neg 1.0		__DUMMY__ 0.9222155207231993 neg 0.039650197624220423 off 0.038134281652580225	false	1.0
unsolide	neg 1.0		__DUMMY__ 0.9196386354880486 off 0.04399509836462058 neg 0.03636626614733082	false	0.5
beschwerde	neg 1.0		__DUMMY__ 0.9237695089228299 off 0.03985722231400287 neg 0.03637326876316721	false	0.5
stocken	neg 1.0		__DUMMY__ 0.9234897271903706 off 0.038922290344010825 neg 0.037587982465618563	false	0.5
isolieren	neg 1.0		__DUMMY__ 0.9215101802710999 off 0.03982017512782039 neg 0.038669644601079675	false	0.5
unheilbar	neg 1.0		__DUMMY__ 0.921863949301754 off 0.04161766321015112 neg 0.03651838748809496	false	0.5
pisser	off 1.0	off 1.0	off 0.5143351454338474 __DUMMY__ 0.45192386791587286 neg 0.033740986650279796	false	1.0
löschen	neg 1.0		__DUMMY__ 0.9206637984852137 off 0.04178094626428408 neg 0.03755525525050213	false	0.5
durchfallen	neg 1.0		__DUMMY__ 0.9237140447298939 off 0.03935112541056176 neg 0.036934829859544285	false	0.5
wichser	off 1.0	off 1.0	off 0.5205156188420954 __DUMMY__ 0.44551944498289586 neg 0.03396493617500873	false	1.0
terror	neg 1.0		__DUMMY__ 0.9191570005212764 off 0.043876428737075625 neg 0.036966570741648025	false	0.5
krass	neg 1.0		__DUMMY__ 0.9131114074180129 off 0.04992911643901049 neg 0.03695947614297655	false	0.5
revolte	neg 1.0		__DUMMY__ 0.915894864587732 off 0.044972534181023364 neg 0.03913260123124473	false	0.5
besorgt	neg 1.0		__DUMMY__ 0.9252742451458372 off 0.03953981014980721 neg 0.0351859447043556	false	0.5
nachlassen	neg 1.0		__DUMMY__ 0.9249170526157334 off 0.03853827620626719 neg 0.03654467117799943	false	0.5
alt	neg 1.0		__DUMMY__ 0.920357106018202 neg 0.041792230552162316 off 0.037850663429635625	false	1.0
hundesohn	off 1.0	off 1.0	off 0.5200030071067107 __DUMMY__ 0.44502650954153355 neg 0.034970483351755746	false	1.0
als			__DUMMY__ 0.9224046581879388 off 0.03967761153323333 neg 0.03791773027882781	false	0.0
abschreckung	neg 1.0		__DUMMY__ 0.9248594227248357 off 0.03757710689666142 neg 0.037563470378503	false	0.5
unqualifiziert	neg 1.0		__DUMMY__ 0.9184182115487002 off 0.04534279853043664 neg 0.03623898992086318	false	0.5
abgewichst	off 1.0		__DUMMY__ 0.9223769032075075 off 0.040910962375965226 neg 0.03671213441652722	false	1.0
schwer	neg 1.0		__DUMMY__ 0.9220561484330607 off 0.04090038990764464 neg 0.03704346165929471	false	0.5
bedeutungslosigkeit	neg 1.0		__DUMMY__ 0.9243568112172929 off 0.03798466674579732 neg 0.03765852203690985	false	0.5
kapitulation	neg 1.0		__DUMMY__ 0.9214155988622649 off 0.039504201029235395 neg 0.03908020010849979	false	0.5
unscharf	neg 1.0		__DUMMY__ 0.9160851529740843 off 0.042532490631626195 neg 0.041382356394289506	false	0.5
schwinden	neg 1.0		__DUMMY__ 0.9220978183005004 neg 0.03988084721815571 off 0.03802133448134394	false	1.0
versklavung	neg 1.0	neg 1.0	neg 0.5056960633752237 __DUMMY__ 0.45501066170530147 off 0.0392932749194747	false	1.0
schlecht	neg 1.0		__DUMMY__ 0.9184228266726642 off 0.04623300421329144 neg 0.03534416911404443	false	0.5
verhasst	neg 1.0		__DUMMY__ 0.9199908197533482 off 0.04287642622464577 neg 0.03713275402200612	false	0.5
beschweren	neg 1.0		__DUMMY__ 0.9213314342453359 off 0.042977066889120466 neg 0.03569149886554364	false	0.5
scheiden	neg 1.0		__DUMMY__ 0.9217848276016132 off 0.04092167674740427 neg 0.03729349565098251	false	0.5
frustriert	neg 1.0		__DUMMY__ 0.9229204587024253 off 0.04024015663678335 neg 0.036839384660791286	false	0.5
schimmelig	neg 1.0		__DUMMY__ 0.9213372482532265 neg 0.0406096350549612 off 0.03805311669181228	false	1.0
fisch	neg 1.0		__DUMMY__ 0.9226430800430874 neg 0.04204790158530712 off 0.03530901837160549	false	1.0
schmuggel	neg 1.0		__DUMMY__ 0.9283387552342418 off 0.03633702342715158 neg 0.03532422133860668	false	0.5
auffallen	neg 1.0		__DUMMY__ 0.9201446383892972 off 0.043328358071080285 neg 0.036527003539622536	false	0.5
konkurrenz	neg 1.0		__DUMMY__ 0.9263687164666722 off 0.037629198083858006 neg 0.036002085449469784	false	0.5
teufelskreis	neg 1.0	neg 1.0	neg 0.506275510889408 __DUMMY__ 0.45643120619431143 off 0.0372932829162805	false	1.0
aufschreien	neg 1.0		__DUMMY__ 0.9183944454601419 off 0.04394723909727113 neg 0.03765831544258692	false	0.5
schuldner	neg 1.0		__DUMMY__ 0.9210369858585011 neg 0.04114704868284777 off 0.03781596545865102	false	1.0
missgeburt	off 1.0	off 1.0	off 0.5182854238733864 __DUMMY__ 0.44861628789225694 neg 0.033098288234356656	false	1.0
arbeitslos	neg 1.0		__DUMMY__ 0.9231692612808879 off 0.039366120178264005 neg 0.037464618540847976	false	0.5
befallen	neg 1.0		__DUMMY__ 0.9185968584439822 off 0.04076276428936164 neg 0.04064037726665613	false	0.5
miesepetrig	off 1.0	off 1.0	off 0.5110900377907023 __DUMMY__ 0.4550378490070247 neg 0.03387211320227306	false	1.0
alarmieren	neg 1.0		__DUMMY__ 0.9186959146212679 off 0.04574256147839213 neg 0.03556152390033999	false	0.5
ungeduscht	off 1.0		__DUMMY__ 0.9173764765799148 off 0.044432693974129765 neg 0.03819082944595541	false	1.0
knappheit	neg 1.0		__DUMMY__ 0.9198593623350773 neg 0.04050702058985929 off 0.03963361707506352	false	1.0
schlange	neg 1.0		__DUMMY__ 0.9222442215193727 off 0.041409119633222614 neg 0.0363466588474047	false	0.5
harsch	neg 1.0		__DUMMY__ 0.9152908061462068 off 0.049676227173620406 neg 0.03503296668017278	false	0.5
lang	neg 1.0		__DUMMY__ 0.9204106163106884 off 0.04243918876941874 neg 0.03715019491989283	false	0.5
ziellos	neg 1.0		__DUMMY__ 0.9253310326036399 off 0.0378277551017431 neg 0.036841212294617044	false	0.5
selbstverliebt	neg 1.0		__DUMMY__ 0.9074489619384215 off 0.056468374504062675 neg 0.03608266355751585	false	0.5
beseitigen	neg 1.0		__DUMMY__ 0.9237142383283484 off 0.041093468561090654 neg 0.03519229311056095	false	0.5
dumm	off 1.0		__DUMMY__ 0.9112323857150922 off 0.05200987286279057 neg 0.036757741422117254	false	1.0
arbeitsloser	neg 1.0		__DUMMY__ 0.9279300740680118 off 0.03946893333834824 neg 0.03260099259364006	false	0.5
blitzen	neg 1.0		__DUMMY__ 0.9176411976761776 off 0.044773787511025356 neg 0.03758501481279711	false	0.5
hilflos	neg 1.0		__DUMMY__ 0.9231628485761816 off 0.039244536094157324 neg 0.03759261532966117	false	0.5
eklig	off 1.0		__DUMMY__ 0.9093120932105236 off 0.052323588588906025 neg 0.03836431820057029	false	1.0
begriff			__DUMMY__ 0.9220781479344374 off 0.041070851292716495 neg 0.036851000772846164	false	0.0
hungersnot	neg 1.0		__DUMMY__ 0.9213258077474427 off 0.03966110011011421 neg 0.03901309214244316	false	0.5
ungesetzlich	neg 1.0		__DUMMY__ 0.9184574505033114 off 0.04394366540904234 neg 0.03759888408764629	false	0.5
verschwendung	neg 1.0		__DUMMY__ 0.9239916212455792 neg 0.03820390787274586 off 0.03780447088167492	false	1.0
schmerzvoll	neg 1.0		__DUMMY__ 0.919336371590721 off 0.042617117948462985 neg 0.03804651046081606	false	0.5
vorzeitig	neg 1.0		__DUMMY__ 0.9189173540365551 off 0.045689474000105555 neg 0.03539317196333929	false	0.5
unvollkommenheit	neg 1.0		__DUMMY__ 0.9223102770816153 off 0.03984076821542166 neg 0.03784895470296307	false	0.5
intervenieren	neg 1.0		__DUMMY__ 0.9214004819750266 neg 0.03997998098993967 off 0.03861953703503375	false	1.0
banause	off 1.0		__DUMMY__ 0.9057200119032004 off 0.053710519342140446 neg 0.04056946875465919	false	1.0
rebell	neg 1.0		__DUMMY__ 0.9239398224373018 neg 0.0418857797850574 off 0.034174397777640864	false	1.0
unlogisch	neg 1.0		__DUMMY__ 0.9142914897206521 off 0.04836198352916505 neg 0.03734652675018284	false	0.5
leiden	neg 1.0		__DUMMY__ 0.9291128750982753 off 0.036169803878414696 neg 0.03471732102330999	false	0.5
abschaffung	neg 1.0		__DUMMY__ 0.9183473115670888 off 0.042437998010271906 neg 0.03921469042263932	false	0.5
sturz	neg 1.0		__DUMMY__ 0.9233425697729705 off 0.043069888903663624 neg 0.03358754132336587	false	0.5
verkleinerung	neg 1.0		__DUMMY__ 0.9140570122004887 off 0.04521710558433127 neg 0.040725882215179976	false	0.5
schmarotzer	off 1.0		__DUMMY__ 0.9226240322255966 off 0.040179594727562266 neg 0.03719637304684116	false	1.0
bestrafung	neg 1.0	neg 1.0	neg 0.5034294472669526 __DUMMY__ 0.4584450806932343 off 0.038125472039813146	false	1.0
achtlos	neg 1.0		__DUMMY__ 0.9237678640159473 off 0.0400998046612695 neg 0.03613233132278318	false	0.5
ungeheuer	neg 1.0		__DUMMY__ 0.919193197970241 off 0.041528792958383444 neg 0.03927800907137551	false	0.5
