unsolidarisch	neg 1.0		__DUMMY__ 0.870188441377571 off 0.06788084504380128 neg 0.06193071357862771	false	0.5
nachteilig	neg 1.0		__DUMMY__ 0.8775183980312314 off 0.06301860567835169 neg 0.059462996290416875	false	0.5
skeptisch	neg 1.0		__DUMMY__ 0.8774122007853343 off 0.06195638571672549 neg 0.060631413497940066	false	0.5
schrecklich	neg 1.0		__DUMMY__ 0.865398304481611 off 0.07570392582804807 neg 0.05889776969034094	false	0.5
schlapp	neg 1.0	neg 1.0	neg 0.5152856373929102 __DUMMY__ 0.4303174873566258 off 0.05439687525046394	false	1.0
abfall	neg 1.0		__DUMMY__ 0.88217296421604 neg 0.0590204591613446 off 0.058806576622615396	false	1.0
widerspenstig	neg 1.0		__DUMMY__ 0.8725457971370741 off 0.06573651798667911 neg 0.061717684876246744	false	0.5
abrupt	neg 1.0		__DUMMY__ 0.8760237480795727 neg 0.06285406624485211 off 0.0611221856755752	false	1.0
unwirksam	neg 1.0		__DUMMY__ 0.8665585617749734 off 0.06709193962019512 neg 0.06634949860483141	false	0.5
angreifen	neg 1.0		__DUMMY__ 0.8783469143581255 off 0.06146938854391846 neg 0.06018369709795612	false	0.5
inkonsistent	neg 1.0		__DUMMY__ 0.8687320150013519 off 0.06901489467631225 neg 0.06225309032233582	false	0.5
abrutschen	neg 1.0		__DUMMY__ 0.8813995189016263 neg 0.060120922842588465 off 0.05847955825578524	false	1.0
unsicher	neg 1.0		__DUMMY__ 0.8745324350425169 off 0.06648267088671792 neg 0.05898489407076515	false	0.5
bauernkind	off 1.0	off 1.0	off 0.5287497701039328 __DUMMY__ 0.42183156821304174 neg 0.04941866168302552	false	1.0
angreifer	neg 1.0		__DUMMY__ 0.8743245229322343 off 0.07048151135938514 neg 0.0551939657083805	false	0.5
trennen	neg 1.0		__DUMMY__ 0.8794633936679583 off 0.06097718840655715 neg 0.05955941792548445	false	0.5
schmutz	neg 1.0		__DUMMY__ 0.8769076916733384 off 0.06926179784174968 neg 0.053830510484911824	false	0.5
inkonsistenz	neg 1.0		__DUMMY__ 0.8691728294547054 off 0.07164451427875576 neg 0.059182656266538805	false	0.5
erschreckend	neg 1.0		__DUMMY__ 0.873895489238097 off 0.06597942356782449 neg 0.06012508719407846	false	0.5
ertrinken	neg 1.0		__DUMMY__ 0.8770570468634883 neg 0.062122509828454235 off 0.06082044330805743	false	1.0
pickelface	off 1.0		__DUMMY__ 0.872571190853514 off 0.06704923974670571 neg 0.060379569399780314	false	1.0
seiner			__DUMMY__ 0.8790116225377392 off 0.06170925994879665 neg 0.059279117513464076	false	0.0
lauch	neg 1.0	neg 1.0	neg 0.5169524159864739 __DUMMY__ 0.43846117004987245 off 0.04458641396365361	false	1.0
unwichtig	neg 1.0		__DUMMY__ 0.8690831256507368 off 0.07158523427521621 neg 0.059331640074046954	false	0.5
steuerhinterziehung	neg 1.0		__DUMMY__ 0.8727875733472811 off 0.0661080630836271 neg 0.06110436356909185	false	0.5
schock	neg 1.0		__DUMMY__ 0.87521807845585 off 0.06483409543573511 neg 0.05994782610841501	false	0.5
beule	neg 1.0		__DUMMY__ 0.8658374177356944 off 0.07352493227967752 neg 0.060637649984627964	false	0.5
vergelten	neg 1.0		__DUMMY__ 0.8652201740099988 off 0.07682135500920581 neg 0.057958470980795464	false	0.5
verdorbenheit	neg 1.0		__DUMMY__ 0.8728852528637141 off 0.06732907453647216 neg 0.0597856725998137	false	0.5
trauma	neg 1.0		__DUMMY__ 0.8711881321338995 off 0.06802113825302986 neg 0.06079072961307065	false	0.5
sinnlos	neg 1.0		__DUMMY__ 0.8717330409406746 off 0.06863356170074277 neg 0.05963339735858259	false	0.5
fettsack	off 1.0	off 1.0	off 0.5298867224659162 __DUMMY__ 0.4222069119053079 neg 0.04790636562877587	false	1.0
feige	off 1.0	off 1.0	off 0.5253585173666836 __DUMMY__ 0.42903256782467347 neg 0.045608914808642945	false	1.0
abdanken	neg 1.0		__DUMMY__ 0.8756018033658782 off 0.06649370444637145 neg 0.05790449218775037	false	0.5
wichtigtuer	off 1.0	off 1.0	off 0.5228119378579845 __DUMMY__ 0.43269234130766693 neg 0.04449572083434846	false	1.0
misslingen	neg 1.0		__DUMMY__ 0.8754232927777292 off 0.06774567433561181 neg 0.056831032886658896	false	0.5
untreu	off 1.0		__DUMMY__ 0.867795102546158 off 0.07284541398858735 neg 0.05935948346525467	false	1.0
missmutig	neg 1.0		__DUMMY__ 0.8697130928641295 off 0.0701894136552024 neg 0.06009749348066815	false	0.5
hurenbock	off 1.0		__DUMMY__ 0.8673641093694785 off 0.06645575983647113 neg 0.06618013079405029	false	1.0
betrunken	neg 1.0		__DUMMY__ 0.8660396626564798 off 0.07452178892656795 neg 0.0594385484169522	false	0.5
korrupt	off 1.0		__DUMMY__ 0.8722069552586924 off 0.06576605984977998 neg 0.06202698489152751	false	1.0
unmut	neg 1.0		__DUMMY__ 0.8793124752671808 neg 0.06044539511810139 off 0.06024212961471784	false	1.0
hackfresse	off 1.0		__DUMMY__ 0.8608997109368953 off 0.0802855985516149 neg 0.05881469051148975	false	1.0
aufblasen	neg 1.0		__DUMMY__ 0.8731289656640503 off 0.06675324215197677 neg 0.06011779218397298	false	0.5
gewaltsam	neg 1.0		__DUMMY__ 0.8760203351977869 off 0.06626656385558531 neg 0.05771310094662781	false	0.5
unbeliebtheit	neg 1.0		__DUMMY__ 0.8682812245332985 off 0.0729409209068733 neg 0.0587778545598282	false	0.5
sturheit	neg 1.0		__DUMMY__ 0.8759100387020048 off 0.06598568949402035 neg 0.05810427180397484	false	0.5
kuh	neg 1.0		__DUMMY__ 0.8608278215994314 neg 0.06991445639576857 off 0.06925772200480014	false	1.0
erschrecken	neg 1.0		__DUMMY__ 0.8699657335393637 off 0.07062641889824323 neg 0.05940784756239306	false	0.5
opfer	neg 1.0		__DUMMY__ 0.8799212700397661 off 0.06335532382735681 neg 0.05672340613287718	false	0.5
sinken	neg 1.0		__DUMMY__ 0.8766766391750583 neg 0.06273027172624406 off 0.060593089098697546	false	1.0
stinktier	neg 1.0		__DUMMY__ 0.8566928867996748 off 0.07796413533015553 neg 0.06534297787016959	false	0.5
tucke	off 1.0		__DUMMY__ 0.8539124392738434 off 0.08224566096809142 neg 0.06384189975806528	false	1.0
ein			__DUMMY__ 0.8714446797276 off 0.06543716916726908 neg 0.06311815110513087	false	0.0
abstieg	neg 1.0		__DUMMY__ 0.8798022213252185 off 0.0645592543809501 neg 0.055638524293831405	false	0.5
missverstehen	neg 1.0		__DUMMY__ 0.87107945913788 off 0.06958868647613069 neg 0.05933185438598941	false	0.5
ergebnislos	neg 1.0		__DUMMY__ 0.8794170505975561 off 0.06301930889392586 neg 0.057563640508517915	false	0.5
unter			__DUMMY__ 0.8867123152475747 neg 0.05885445536983941 off 0.0544332293825859	false	0.0
manipulieren	neg 1.0		__DUMMY__ 0.8782476672556533 off 0.06241494189599651 neg 0.05933739084835014	false	0.5
unbewiesen	neg 1.0	neg 1.0	neg 0.5152127842386058 __DUMMY__ 0.4331130571165823 off 0.05167415864481185	false	1.0
verschleppen	neg 1.0		__DUMMY__ 0.8758027172626425 off 0.06410096551836046 neg 0.06009631721899702	false	0.5
weib	off 1.0		__DUMMY__ 0.8562547807371174 off 0.08250843918749359 neg 0.061236780075389116	false	1.0
opposition	neg 1.0		__DUMMY__ 0.8704391286820978 off 0.06810112154922757 neg 0.06145974976867466	false	0.5
verkehrswidrig	neg 1.0		__DUMMY__ 0.8668025794133187 off 0.07694555549327887 neg 0.05625186509340237	false	0.5
inkorrekt	neg 1.0		__DUMMY__ 0.8647926229599169 off 0.07582216865390987 neg 0.059385208386173234	false	0.5
vermeiden	neg 1.0		__DUMMY__ 0.8822236778685528 neg 0.059998664813765416 off 0.0577776573176817	false	1.0
abweichung	neg 1.0	neg 1.0	neg 0.5139691686752852 __DUMMY__ 0.43725723776739983 off 0.04877359355731502	false	1.0
alkoholisiert	neg 1.0		__DUMMY__ 0.883561196711908 off 0.06100041132723669 neg 0.055438391960855364	false	0.5
scheiss	off 1.0	off 1.0	off 0.5259263058395955 __DUMMY__ 0.42748007436593577 neg 0.04659361979446876	false	1.0
herausforderung	neg 1.0		__DUMMY__ 0.8758950063830679 off 0.06411183153400624 neg 0.05999316208292574	false	0.5
pervers	off 1.0		__DUMMY__ 0.8554774518271081 off 0.08485969309991959 neg 0.059662855072972296	false	1.0
wackelig	neg 1.0		__DUMMY__ 0.8770599991271378 off 0.06369078920416898 neg 0.05924921166869316	false	0.5
verwickeln	neg 1.0		__DUMMY__ 0.8720899263618618 off 0.06872953060027563 neg 0.059180543037862667	false	0.5
vorwand	neg 1.0		__DUMMY__ 0.8784856724464891 off 0.06099666487730484 neg 0.06051766267620614	false	0.5
muschi	off 1.0		__DUMMY__ 0.8747679427402915 off 0.06598353655398694 neg 0.059248520705721626	false	1.0
entmutigung	neg 1.0		__DUMMY__ 0.8674957240610391 off 0.06943441000833443 neg 0.0630698659306264	false	0.5
unangemessen	neg 1.0		__DUMMY__ 0.875225863895499 off 0.06561313727669056 neg 0.059160998827810465	false	0.5
unstetig	neg 1.0		__DUMMY__ 0.8692526235837377 off 0.07042233731801648 neg 0.06032503909824575	false	0.5
entmutigen	neg 1.0		__DUMMY__ 0.8727282015469405 off 0.06754689412225963 neg 0.059724904330799855	false	0.5
schwanz	neg 1.0		__DUMMY__ 0.8753415483700737 off 0.06366970179017573 neg 0.06098874983975066	false	0.5
verbot	neg 1.0		__DUMMY__ 0.8732962234019521 off 0.06539664643166145 neg 0.06130713016638644	false	0.5
leid	neg 1.0		__DUMMY__ 0.8634415455170982 off 0.07726795590577737 neg 0.05929049857712446	false	0.5
archaisch	neg 1.0		__DUMMY__ 0.8734579931371061 off 0.06519254794729289 neg 0.06134945891560103	false	0.5
gegen			__DUMMY__ 0.8812576182004905 off 0.060793602697107436 neg 0.05794877910240208	false	0.0
scheidung	neg 1.0		__DUMMY__ 0.8578696574527919 off 0.08844881150032974 neg 0.053681531046878415	false	0.5
einschlag	neg 1.0		__DUMMY__ 0.8689187456862476 off 0.07598586952537792 neg 0.055095384788374585	false	0.5
m			__DUMMY__ 0.8757798391130747 off 0.06429725138441901 neg 0.05992290950250633	false	0.0
abgestanden	neg 1.0		__DUMMY__ 0.8659127948513832 neg 0.06811419373509238 off 0.06597301141352448	false	1.0
schmierig	off 1.0		__DUMMY__ 0.863229977724799 off 0.07700039948704217 neg 0.05976962278815875	false	1.0
unpraktisch	neg 1.0		__DUMMY__ 0.8731878462747047 off 0.06769603467593854 neg 0.05911611904935683	false	0.5
wixxer	off 1.0		__DUMMY__ 0.8530531119713803 off 0.0852323719303756 neg 0.06171451609824405	false	1.0
bezeichnet			__DUMMY__ 0.8743094293732245 off 0.0670613114599177 neg 0.05862925916685773	false	0.0
jammerlappen	off 1.0		__DUMMY__ 0.8688521542187918 off 0.07189578983922282 neg 0.059252055941985335	false	1.0
farce	neg 1.0		__DUMMY__ 0.8710090364379349 off 0.06697549199213378 neg 0.06201547156993125	false	0.5
zwecklos	neg 1.0		__DUMMY__ 0.8747984506379172 off 0.06461937061601321 neg 0.060582178746069644	false	0.5
turbulent	neg 1.0		__DUMMY__ 0.865522439827304 off 0.07381751618616089 neg 0.0606600439865351	false	0.5
invasion	neg 1.0		__DUMMY__ 0.8706594764075486 off 0.06925739487068888 neg 0.06008312872176252	false	0.5
schuld	neg 1.0		__DUMMY__ 0.8726501928905016 off 0.06800912330208406 neg 0.05934068380741434	false	0.5
risiko	neg 1.0		__DUMMY__ 0.8682703025430526 off 0.06875381894894489 neg 0.06297587850800247	false	0.5
finster	neg 1.0		__DUMMY__ 0.8710657354906561 off 0.06568228287840969 neg 0.06325198163093422	false	0.5
geisteskrank	off 1.0		__DUMMY__ 0.8663350715194219 off 0.07454743315594366 neg 0.05911749532463443	false	1.0
zusammenbrechen	neg 1.0		__DUMMY__ 0.8742671150231462 off 0.06474002701724209 neg 0.06099285795961176	false	0.5
ausbeute	neg 1.0		__DUMMY__ 0.878463939491383 off 0.06518537174825972 neg 0.0563506887603573	false	0.5
hinterhalt	neg 1.0		__DUMMY__ 0.87396848820326 off 0.06486101586092832 neg 0.06117049593581168	false	0.5
kritik	neg 1.0		__DUMMY__ 0.8712904818729995 off 0.06673622919658107 neg 0.06197328893041939	false	0.5
einschrumpfen	neg 1.0		__DUMMY__ 0.8658555960467983 off 0.07203605911813264 neg 0.06210834483506913	false	0.5
riskant	neg 1.0		__DUMMY__ 0.8762715549583245 off 0.06217503205205057 neg 0.06155341298962488	false	0.5
frustrieren	neg 1.0		__DUMMY__ 0.8751931917882996 off 0.06310526457626131 neg 0.06170154363543909	false	0.5
groll	neg 1.0		__DUMMY__ 0.8766832961814263 off 0.06484354214089363 neg 0.058473161677680074	false	0.5
gibt			__DUMMY__ 0.87544654943846 off 0.06433709568787102 neg 0.06021635487366903	false	0.0
qualvoll	neg 1.0		__DUMMY__ 0.8716692207496141 off 0.06864037605672167 neg 0.05969040319366425	false	0.5
wackeln	neg 1.0		__DUMMY__ 0.8739015915156519 off 0.06626285463109866 neg 0.05983555385324936	false	0.5
klagen	neg 1.0		__DUMMY__ 0.8774590664674758 off 0.06127567775647344 neg 0.06126525577605082	false	0.5
bankrott	neg 1.0		__DUMMY__ 0.8703998897791295 off 0.07106080140057579 neg 0.05853930882029461	false	0.5
trauern	neg 1.0		__DUMMY__ 0.8824692880285778 off 0.06220405484616961 neg 0.055326657125252615	false	0.5
ablehnung	neg 1.0		__DUMMY__ 0.8717557135195532 off 0.06610990561478036 neg 0.06213438086566656	false	0.5
stur	neg 1.0		__DUMMY__ 0.8719390397928162 off 0.06797509409234431 neg 0.06008586611483961	false	0.5
aufruhr	neg 1.0	neg 1.0	neg 0.5145247210203344 __DUMMY__ 0.4347462517802341 off 0.05072902719943139	false	1.0
melancholie	neg 1.0		__DUMMY__ 0.8751475800450923 neg 0.06349958752566819 off 0.061352832429239584	false	1.0
ist			__DUMMY__ 0.8716706302252725 off 0.06836788839747729 neg 0.059961481377250214	false	0.0
torheit	neg 1.0		__DUMMY__ 0.8720439960556488 off 0.06811229057645764 neg 0.05984371336789352	false	0.5
dreckskind	off 1.0		__DUMMY__ 0.8582065876068137 off 0.08151826028038808 neg 0.06027515211279829	false	1.0
umtauschen	neg 1.0		__DUMMY__ 0.8740892608357838 off 0.0654936224642313 neg 0.06041711669998507	false	0.5
zum			__DUMMY__ 0.8873098486573642 off 0.05789277926416784 neg 0.05479737207846793	false	0.0
zersetzen	neg 1.0		__DUMMY__ 0.8757738677591478 neg 0.062135364893683036 off 0.0620907673471692	false	1.0
zur			__DUMMY__ 0.8823644085140656 neg 0.0594961166030364 off 0.058139474882898	false	0.0
frust	neg 1.0		__DUMMY__ 0.8751100286843962 off 0.06456073408283497 neg 0.06032923723276877	false	0.5
unerbittlichkeit	neg 1.0		__DUMMY__ 0.8774930681779342 off 0.06291783943472659 neg 0.059589092387339324	false	0.5
zwei			__DUMMY__ 0.8835861625809373 neg 0.059036377087946484 off 0.05737746033111634	false	0.0
unkorrekt	neg 1.0		__DUMMY__ 0.8661803226866276 off 0.07437519607716271 neg 0.05944448123620971	false	0.5
hexe	off 1.0		__DUMMY__ 0.8650963199047509 off 0.07110322797394722 neg 0.06380045212130192	false	1.0
lasch	neg 1.0		__DUMMY__ 0.870294909474888 off 0.0711152360969139 neg 0.05858985442819807	false	0.5
rivale	neg 1.0		__DUMMY__ 0.8655019427785842 off 0.0756593189520783 neg 0.05883873826933751	false	0.5
mutlos	off 1.0	off 1.0	off 0.5186703084055551 __DUMMY__ 0.43537857665294305 neg 0.04595111494150179	false	1.0
wirr	off 1.0		__DUMMY__ 0.8634953759406171 off 0.0763414348316487 neg 0.06016318922773427	false	1.0
jahr			__DUMMY__ 0.8836837402647013 off 0.06174436708337524 neg 0.05457189265192349	false	0.0
wird			__DUMMY__ 0.8765769199631109 off 0.06367161830206186 neg 0.05975146173482724	false	0.0
strafbar	neg 1.0		__DUMMY__ 0.8779842899493336 off 0.06283054715781515 neg 0.0591851628928512	false	0.5
erosion	neg 1.0		__DUMMY__ 0.8738257266103037 off 0.06668008769846086 neg 0.059494185691235366	false	0.5
eingehen	neg 1.0		__DUMMY__ 0.8752874756354813 off 0.06296020998385421 neg 0.061752314380664426	false	0.5
faul	off 1.0		__DUMMY__ 0.8700940729798324 off 0.0706738160264279 neg 0.05923211099373968	false	1.0
provisorium	neg 1.0		__DUMMY__ 0.8876872757838877 neg 0.05789669570021851 off 0.054416028515893826	false	1.0
schmerzen	neg 1.0		__DUMMY__ 0.8735922761957767 off 0.0648998478954027 neg 0.06150787590882049	false	0.5
schrumpfen	neg 1.0		__DUMMY__ 0.8780281193217836 neg 0.06369490921059358 off 0.05827697146762288	false	1.0
geistlos	off 1.0		__DUMMY__ 0.8683594217995689 off 0.06998432540221385 neg 0.0616562527982172	false	1.0
fehlkauf	neg 1.0		__DUMMY__ 0.8698696129228564 off 0.06929616204905581 neg 0.0608342250280879	false	0.5
frustrierend	neg 1.0		__DUMMY__ 0.8692505174998583 off 0.07057747165150112 neg 0.06017201084864063	false	0.5
unzufrieden	neg 1.0		__DUMMY__ 0.8754673958264925 off 0.06442431697173229 neg 0.06010828720177511	false	0.5
verzweifeln	neg 1.0		__DUMMY__ 0.8745997011266466 off 0.06564375429479098 neg 0.05975654457856235	false	0.5
verzweifelt	neg 1.0		__DUMMY__ 0.871724835042582 off 0.06802525533872585 neg 0.06024990961869217	false	0.5
misstrauensantrag	neg 1.0		__DUMMY__ 0.8709951063919178 off 0.06855458219551805 neg 0.06045031141256413	false	0.5
abfallen	neg 1.0		__DUMMY__ 0.8726065238112009 off 0.06641536635283911 neg 0.06097810983596009	false	0.5
fucker	off 1.0		__DUMMY__ 0.8663628994974087 off 0.07535875911115734 neg 0.058278341391434	false	1.0
ungezogen	neg 1.0		__DUMMY__ 0.8585615597048251 off 0.08246406491184989 neg 0.058974375383325124	false	0.5
irrsinnig	neg 1.0	neg 1.0	neg 0.5161277619925895 __DUMMY__ 0.4325280874365158 off 0.0513441505708948	false	1.0
unfassbar	neg 1.0		__DUMMY__ 0.8685488033183427 off 0.07276971495446412 neg 0.058681481727193174	false	0.5
hart	neg 1.0		__DUMMY__ 0.8616890605375153 off 0.07272879357538672 neg 0.06558214588709797	false	0.5
widerlich	off 1.0		__DUMMY__ 0.8670879021715768 off 0.07335308058014303 neg 0.059559017248280006	false	1.0
fatal	neg 1.0	neg 1.0	neg 0.5182154394317378 __DUMMY__ 0.4290895565633449 off 0.05269500400491726	false	1.0
bruch	neg 1.0		__DUMMY__ 0.8809884837403033 off 0.05987637171044956 neg 0.059135144549247266	false	0.5
aushungern	neg 1.0		__DUMMY__ 0.8732240616087467 off 0.06566399495087018 neg 0.06111194344038321	false	0.5
anspannung	neg 1.0		__DUMMY__ 0.8844598401900887 neg 0.057841391154183026 off 0.057698768655728296	false	1.0
von			__DUMMY__ 0.8789543526049957 off 0.06096752094965421 neg 0.060078126445350044	false	0.0
kraftlos	neg 1.0		__DUMMY__ 0.8758115998965157 off 0.06368752397950585 neg 0.06050087612397842	false	0.5
vom			__DUMMY__ 0.8894790700994886 neg 0.05571772024443206 off 0.05480320965607937	false	0.0
grenzdebil	off 1.0		__DUMMY__ 0.8667862978786752 off 0.07303828181698398 neg 0.06017542030434077	false	1.0
vor			__DUMMY__ 0.879825863462089 neg 0.06012545182944497 off 0.06004868470846599	false	0.0
unterwerfen	neg 1.0		__DUMMY__ 0.8776753135700283 off 0.06343024320357188 neg 0.05889444322639979	false	0.5
versenkung	neg 1.0		__DUMMY__ 0.8778369958615937 off 0.06295518494429335 neg 0.059207819194113026	false	0.5
entziehen	neg 1.0		__DUMMY__ 0.8783857650793855 off 0.06093274931816615 neg 0.060681485602448335	false	0.5
finanzkrise	neg 1.0		__DUMMY__ 0.8659039075382375 neg 0.06776980753706822 off 0.06632628492469426	false	1.0
schimpfend	neg 1.0		__DUMMY__ 0.8749663971082703 off 0.06696562823786945 neg 0.05806797465386018	false	0.5
profan	neg 1.0		__DUMMY__ 0.8705072232801648 off 0.06900537131499405 neg 0.06048740540484111	false	0.5
korruption	neg 1.0		__DUMMY__ 0.8725780883435409 off 0.0649293436352117 neg 0.06249256802124742	false	0.5
â			__DUMMY__ 0.8754354970621765 off 0.06364433947792003 neg 0.060920163459903476	false	0.0
schmutzig	neg 1.0		__DUMMY__ 0.8673006689283705 off 0.07320133109271314 neg 0.05949799997891637	false	0.5
sexy	neg 1.0		__DUMMY__ 0.8705926181289938 off 0.07052670825164759 neg 0.058880673619358614	false	0.5
abraten	neg 1.0		__DUMMY__ 0.8721473084799687 off 0.06845683214938968 neg 0.05939585937064174	false	0.5
schwarz	neg 1.0		__DUMMY__ 0.8714630850192558 off 0.06894446378874758 neg 0.05959245119199661	false	0.5
fotze	off 1.0	off 1.0	off 0.5189476306568271 __DUMMY__ 0.4352932284824521 neg 0.045759140860720846	false	1.0
verwirren	neg 1.0		__DUMMY__ 0.8711944294124213 off 0.06933628801537685 neg 0.059469282572201784	false	0.5
zahnlos	off 1.0		__DUMMY__ 0.8746519738708037 off 0.06543640496632494 neg 0.05991162116287133	false	1.0
verheeren	neg 1.0		__DUMMY__ 0.8581250537479794 off 0.08401957294195687 neg 0.057855373310063685	false	0.5
hippie	neg 1.0		__DUMMY__ 0.8701211841367341 off 0.0702619104745689 neg 0.05961690538869701	false	0.5
rammen	neg 1.0		__DUMMY__ 0.8730401255215701 off 0.06666913554473708 neg 0.0602907389336928	false	0.5
unlauter	neg 1.0		__DUMMY__ 0.869984485547329 off 0.06882792060687785 neg 0.06118759384579312	false	0.5
unheilvoll	neg 1.0		__DUMMY__ 0.8713730192043494 off 0.06747192755607717 neg 0.06115505323957335	false	0.5
niedrig	neg 1.0		__DUMMY__ 0.873848352183216 off 0.06343612743011048 neg 0.06271552038667348	false	0.5
explosion	neg 1.0		__DUMMY__ 0.8707259199946478 off 0.07005187529128064 neg 0.059222204714071705	false	0.5
weichei	off 1.0	off 1.0	off 0.5294145964729629 __DUMMY__ 0.4239480875012465 neg 0.046637316025790646	false	1.0
minusmensch	off 1.0		__DUMMY__ 0.8558497694125199 off 0.0839485762138535 neg 0.060201654373626616	false	1.0
farblos	neg 1.0		__DUMMY__ 0.8723415368416721 off 0.06733605445858237 neg 0.06032240869974557	false	0.5
unwissend	neg 1.0	neg 1.0	neg 0.5159879283464184 __DUMMY__ 0.42967668364998174 off 0.05433538800359987	false	1.0
traurig	neg 1.0		__DUMMY__ 0.8659558382769389 off 0.0753341841252356 neg 0.05870997759782554	false	0.5
senkung	neg 1.0		__DUMMY__ 0.8663234804888094 off 0.06953289712896861 neg 0.06414362238222208	false	0.5
ungleich	neg 1.0	neg 1.0	neg 0.5162255250062191 __DUMMY__ 0.43563656764589914 off 0.048137907347881655	false	1.0
heikel	neg 1.0		__DUMMY__ 0.8772901847655566 off 0.06235412318246767 neg 0.0603556920519757	false	0.5
drosselung	neg 1.0		__DUMMY__ 0.8630222864076453 off 0.07305414188268264 neg 0.06392357170967196	false	0.5
falsch	neg 1.0		__DUMMY__ 0.8706156188488342 off 0.07073396427327124 neg 0.058650416877894636	false	0.5
unzufriedenheit	neg 1.0		__DUMMY__ 0.8750238667007111 neg 0.06275992183094692 off 0.06221621146834204	false	1.0
kurz	neg 1.0		__DUMMY__ 0.8771314725519842 off 0.06424604603335074 neg 0.05862248141466501	false	0.5
unsinnig	neg 1.0		__DUMMY__ 0.8720920114152056 off 0.0658836431765041 neg 0.06202434540829036	false	0.5
penner	off 1.0	off 1.0	off 0.5309427569162569 __DUMMY__ 0.4237270639421756 neg 0.045330179141567416	false	1.0
seicht	neg 1.0		__DUMMY__ 0.8562640912189063 off 0.08195650534690739 neg 0.06177940343418628	false	0.5
dummheit	off 1.0	off 1.0	off 0.5229649376508598 __DUMMY__ 0.43056389543316975 neg 0.04647116691597049	false	1.0
unerfreulich	neg 1.0		__DUMMY__ 0.87706255539872 off 0.0619588708645572 neg 0.06097857373672283	false	0.5
motherfucker	off 1.0	off 1.0	off 0.5268035486188648 __DUMMY__ 0.42820095951181747 neg 0.04499549186931778	false	1.0
pikiert	neg 1.0		__DUMMY__ 0.8674581286105881 off 0.07225319821482659 neg 0.06028867317458532	false	0.5
wrack	neg 1.0		__DUMMY__ 0.8817323746905029 off 0.06420505417946558 neg 0.05406257113003159	false	0.5
gangster	neg 1.0		__DUMMY__ 0.8698772138235793 off 0.07043552329582418 neg 0.05968726288059652	false	0.5
krank	neg 1.0		__DUMMY__ 0.8688575452697849 off 0.07291434373137534 neg 0.05822811099883985	false	0.5
reich	neg 1.0		__DUMMY__ 0.8656479566524568 off 0.07078184260334938 neg 0.06357020074419378	false	0.5
gnadenlos	neg 1.0		__DUMMY__ 0.8732377569915913 off 0.06775066773951038 neg 0.05901157526889835	false	0.5
niedergeschlagen	neg 1.0		__DUMMY__ 0.878032150136883 off 0.063985489451004 neg 0.057982360412112924	false	0.5
terrorisieren	off 1.0	off 1.0	off 0.5177644302485002 __DUMMY__ 0.4372860862251895 neg 0.04494948352631035	false	1.0
sinnlosigkeit	neg 1.0		__DUMMY__ 0.8748607282745842 off 0.06487780548853438 neg 0.06026146623688145	false	0.5
behindern	neg 1.0		__DUMMY__ 0.872711023720433 off 0.06625770824349497 neg 0.061031268036072006	false	0.5
undemokratisch	neg 1.0		__DUMMY__ 0.8698059981894065 off 0.06934766816136645 neg 0.06084633364922703	false	0.5
wirtschaftskrise	neg 1.0		__DUMMY__ 0.8710114829252563 off 0.06451062163189694 neg 0.06447789544284675	false	0.5
neid	neg 1.0		__DUMMY__ 0.8706485082663833 off 0.06985447341123917 neg 0.05949701832237747	false	0.5
rutschen	neg 1.0		__DUMMY__ 0.8833732521518955 neg 0.05954688550814189 off 0.05707986233996254	false	1.0
rezession	neg 1.0		__DUMMY__ 0.8590448148712053 off 0.07576012567412825 neg 0.0651950594546665	false	0.5
fehlgeburt	neg 1.0		__DUMMY__ 0.8755778647708081 off 0.06656074093494155 neg 0.05786139429425039	false	0.5
charakterschwach	off 1.0		__DUMMY__ 0.8666157972934883 off 0.07291406757848061 neg 0.06047013512803104	false	1.0
isolation	neg 1.0		__DUMMY__ 0.8714672147139111 off 0.07057673034328 neg 0.057956054942808914	false	0.5
ablenkung	neg 1.0		__DUMMY__ 0.8747188364057855 off 0.06624979794761575 neg 0.05903136564659883	false	0.5
pech	neg 1.0		__DUMMY__ 0.8692964920810134 off 0.07058150702185506 neg 0.06012200089713149	false	0.5
vermeidung	neg 1.0		__DUMMY__ 0.8662529114127488 off 0.07291672874539634 neg 0.06083035984185475	false	0.5
dominieren	neg 1.0		__DUMMY__ 0.8751878846785514 off 0.06509656941806659 neg 0.059715545903382024	false	0.5
schwindlig	neg 1.0		__DUMMY__ 0.8711548046331907 off 0.06815672076968572 neg 0.06068847459712346	false	0.5
lutscher	neg 1.0	neg 1.0	neg 0.516802907334751 __DUMMY__ 0.41989980608496635 off 0.06329728658028275	false	1.0
pflicht	neg 1.0		__DUMMY__ 0.8794524050589148 off 0.06111041761268293 neg 0.05943717732840231	false	0.5
faschist	off 1.0		__DUMMY__ 0.8709532675664398 off 0.07086828529331612 neg 0.058178447140244116	false	1.0
verschleudern	neg 1.0		__DUMMY__ 0.8719563489001193 neg 0.06489558749752408 off 0.06314806360235667	false	1.0
wenn			__DUMMY__ 0.8689448978385337 off 0.07157976545060289 neg 0.05947533671086335	false	0.0
ehebruch	neg 1.0		__DUMMY__ 0.8761737869707671 off 0.0640202414274666 neg 0.05980597160176637	false	0.5
spott	off 1.0		__DUMMY__ 0.8773847043217664 off 0.06387601426493626 neg 0.058739281413297324	false	1.0
trostlosigkeit	neg 1.0		__DUMMY__ 0.8756508844186993 neg 0.06343019051063507 off 0.06091892507066561	false	1.0
lutschen	neg 1.0		__DUMMY__ 0.8687651851384273 off 0.07086424838167964 neg 0.0603705664798931	false	0.5
undiszipliniert	neg 1.0		__DUMMY__ 0.8660940367377788 off 0.07453766141502126 neg 0.05936830184719984	false	0.5
kopfschmerz	neg 1.0		__DUMMY__ 0.8730639728613571 neg 0.06408782836581424 off 0.06284819877282868	false	1.0
unvorhergesehen	neg 1.0		__DUMMY__ 0.8808263921875218 off 0.06066479768661521 neg 0.058508810125862926	false	0.5
desinteressiert	neg 1.0		__DUMMY__ 0.8662967046784072 off 0.07400250516156041 neg 0.059700790160032303	false	0.5
armselig	off 1.0		__DUMMY__ 0.8651437789166304 off 0.07643573393293321 neg 0.058420487150436455	false	1.0
desaster	neg 1.0		__DUMMY__ 0.8779610526769981 neg 0.06148800772540625 off 0.06055093959759572	false	1.0
tod	neg 1.0		__DUMMY__ 0.8780192739270933 off 0.06258999866793372 neg 0.05939072740497297	false	0.5
herzlos	neg 1.0		__DUMMY__ 0.8653870569960068 off 0.07577170576469378 neg 0.05884123723929934	false	0.5
unwissenheit	neg 1.0		__DUMMY__ 0.8749667149288346 off 0.06453897581656919 neg 0.0604943092545962	false	0.5
widersinnig	neg 1.0		__DUMMY__ 0.8709055411416041 off 0.0660721942726205 neg 0.06302226458577534	false	0.5
bedenklich	neg 1.0		__DUMMY__ 0.8746918528966113 off 0.0636732663879324 neg 0.06163488071545626	false	0.5
beanstanden	neg 1.0		__DUMMY__ 0.8799000888570122 off 0.061727564491792855 neg 0.05837234665119492	false	0.5
panisch	neg 1.0		__DUMMY__ 0.8734489986578966 off 0.06826876597361363 neg 0.05828223536848974	false	0.5
debil	off 1.0		__DUMMY__ 0.8836609518036006 neg 0.06143131247169917 off 0.054907735724700237	false	0.5
abstrich	neg 1.0		__DUMMY__ 0.8746360669152436 off 0.06412329884351167 neg 0.06124063424124466	false	0.5
primitiv	neg 1.0		__DUMMY__ 0.8667001875772018 off 0.07425710137403742 neg 0.059042711048760785	false	0.5
abschaum	off 1.0	off 1.0	off 0.5251271842626744 __DUMMY__ 0.4310783800326384 neg 0.04379443570468724	false	1.0
provozieren	neg 1.0		__DUMMY__ 0.87236508272221 off 0.06776836442440835 neg 0.05986655285338167	false	0.5
tot	neg 1.0		__DUMMY__ 0.8737882460841683 off 0.06394863170050413 neg 0.06226312221532754	false	0.5
instabil	neg 1.0		__DUMMY__ 0.8622696824488948 off 0.07658696529360245 neg 0.061143352257502684	false	0.5
schwuchtel	off 1.0	off 1.0	off 0.5367337560131821 __DUMMY__ 0.41739587441547754 neg 0.0458703695713405	false	1.0
zerren	neg 1.0		__DUMMY__ 0.8769701123002713 off 0.06402818448284137 neg 0.05900170321688726	false	0.5
kinderficker	off 1.0		__DUMMY__ 0.8629224792375785 off 0.07881230066919047 neg 0.058265220093231096	false	1.0
gefahr	neg 1.0		__DUMMY__ 0.8798405759764529 off 0.06156641268377088 neg 0.05859301133977622	false	0.5
rabiat	neg 1.0		__DUMMY__ 0.873660370093408 off 0.0659257333022388 neg 0.0604138966043531	false	0.5
verlangsamung	neg 1.0		__DUMMY__ 0.8593284916703519 off 0.08054732572533015 neg 0.060124182604318	false	0.5
ausgestorben	neg 1.0		__DUMMY__ 0.8749248692388668 off 0.06545379651582973 neg 0.05962133424530344	false	0.5
anklagen	neg 1.0		__DUMMY__ 0.8757077028688021 off 0.06525404012542137 neg 0.05903825700577664	false	0.5
trott	neg 1.0		__DUMMY__ 0.8734958422865816 off 0.06652015036959164 neg 0.0599840073438268	false	0.5
verminderung	neg 1.0		__DUMMY__ 0.8667348716259755 off 0.07293006112579388 neg 0.06033506724823055	false	0.5
nach			__DUMMY__ 0.8857803781843165 neg 0.0583210789536536 off 0.05589854286202978	false	0.0
rost	neg 1.0		__DUMMY__ 0.8629455119877053 off 0.08166768251423623 neg 0.055386805498058474	false	0.5
destruktiv	neg 1.0		__DUMMY__ 0.8726374669069668 off 0.06665032445799318 neg 0.06071220863504016	false	0.5
unzumutbarkeit	neg 1.0		__DUMMY__ 0.8669377941564982 off 0.07290995959467601 neg 0.06015224624882583	false	0.5
labil	off 1.0	off 1.0	off 0.5245421313131662 __DUMMY__ 0.429758293776574 neg 0.045699574910259826	false	1.0
ziemlich	neg 1.0		__DUMMY__ 0.8691130082962197 off 0.0724004727387769 neg 0.058486518965003356	false	0.5
lachnummer	off 1.0		__DUMMY__ 0.8741062271012918 off 0.06742709970067207 neg 0.05846667319803606	false	1.0
oder			__DUMMY__ 0.8743069324472147 off 0.06694720546386766 neg 0.05874586208891762	false	0.0
verfall	neg 1.0		__DUMMY__ 0.8781816334766471 neg 0.06343844583552789 off 0.05837992068782494	false	1.0
ausgrenzung	neg 1.0		__DUMMY__ 0.8694666241082196 off 0.06920900069793334 neg 0.061324375193846974	false	0.5
unordnung	neg 1.0		__DUMMY__ 0.8633829753133889 off 0.07689127623524329 neg 0.05972574845136783	false	0.5
fehlverhalten	neg 1.0		__DUMMY__ 0.8769729536930067 off 0.0628895082191597 neg 0.060137538087833606	false	0.5
eine			__DUMMY__ 0.8784288879980058 neg 0.06101722971598676 off 0.060553882286007436	false	0.0
nille	neg 1.0		__DUMMY__ 0.8732698169598154 off 0.06704755274414223 neg 0.059682630296042344	false	0.5
qual	neg 1.0		__DUMMY__ 0.873359163581029 off 0.06620615539269338 neg 0.06043468102627754	false	0.5
verschwenden	neg 1.0		__DUMMY__ 0.8750611201335204 neg 0.062581791054646 off 0.06235708881183351	false	1.0
riesig	neg 1.0		__DUMMY__ 0.8780003978740168 off 0.062491632126802435 neg 0.05950796999918073	false	0.5
verurteilen	neg 1.0		__DUMMY__ 0.8753424093134242 off 0.06510734298051667 neg 0.05955024770605906	false	0.5
klischee	neg 1.0	neg 1.0	neg 0.5163428770947188 __DUMMY__ 0.42992171647548355 off 0.05373540642979762	false	1.0
diktatorisch	neg 1.0		__DUMMY__ 0.8694950101141176 off 0.06947623017206912 neg 0.06102875971381326	false	0.5
vorhersehbar	neg 1.0		__DUMMY__ 0.8688319785883605 off 0.06998698558727821 neg 0.06118103582436137	false	0.5
sowie			__DUMMY__ 0.860901607571667 off 0.07801022724031882 neg 0.06108816518801419	false	0.0
stornieren	neg 1.0		__DUMMY__ 0.8765302802766417 off 0.06938606525383954 neg 0.05408365446951879	false	0.5
besteuerung	neg 1.0	neg 1.0	neg 0.5199227723411679 __DUMMY__ 0.4288914181298448 off 0.051185809528987346	false	1.0
ungeschminkt	neg 1.0		__DUMMY__ 0.8659977869539358 off 0.07381274736952648 neg 0.06018946567653765	false	0.5
kritisch	neg 1.0		__DUMMY__ 0.8752485036042292 off 0.06461765222540126 neg 0.06013384417036946	false	0.5
schlamperei	off 1.0		__DUMMY__ 0.8765101722476667 off 0.06326175512089698 neg 0.06022807263143636	false	1.0
sucht	neg 1.0	neg 1.0	neg 0.514653489738559 __DUMMY__ 0.43414899789338485 off 0.05119751236805625	false	1.0
egoistisch	off 1.0	off 1.0	off 0.5293444908736956 __DUMMY__ 0.4264685065598265 neg 0.04418700256647782	false	1.0
ausbeuter	off 1.0		__DUMMY__ 0.8747723788877984 off 0.06265252529433822 neg 0.0625750958178634	false	1.0
arschgeburt	off 1.0		__DUMMY__ 0.8511496630851652 off 0.08799940948522585 neg 0.06085092742960889	false	1.0
schubs	neg 1.0		__DUMMY__ 0.8739852874979319 off 0.06303255570920412 neg 0.06298215679286394	false	0.5
unsolide	neg 1.0		__DUMMY__ 0.8711823110528584 off 0.06981487266086539 neg 0.05900281628627615	false	0.5
beschwerde	neg 1.0		__DUMMY__ 0.8760103520231575 off 0.06486669777360277 neg 0.059122950203239884	false	0.5
stocken	neg 1.0		__DUMMY__ 0.8756866670718358 off 0.06371825402330081 neg 0.06059507890486339	false	0.5
isolieren	neg 1.0		__DUMMY__ 0.8733775626044366 off 0.06476142265236876 neg 0.06186101474319465	false	0.5
unheilbar	neg 1.0		__DUMMY__ 0.8738346406339993 off 0.06696009181526352 neg 0.05920526755073725	false	0.5
pisser	off 1.0	off 1.0	off 0.5272996914859432 __DUMMY__ 0.4274806472851695 neg 0.04521966122888724	false	1.0
löschen	neg 1.0		__DUMMY__ 0.8723375776256473 off 0.06724149492516791 neg 0.06042092744918477	false	0.5
durchfallen	neg 1.0		__DUMMY__ 0.8759699529176276 off 0.0642848346347655 neg 0.05974521244760699	false	0.5
wichser	off 1.0	off 1.0	off 0.5334225590405327 __DUMMY__ 0.421298120726306 neg 0.04527932023316131	false	1.0
terror	neg 1.0		__DUMMY__ 0.8705055489565744 off 0.06983199069056892 neg 0.05966246035285668	false	0.5
krass	neg 1.0		__DUMMY__ 0.8633681883960395 off 0.07715861038499709 neg 0.05947320121896349	false	0.5
revolte	neg 1.0		__DUMMY__ 0.8669259459861635 off 0.07087292484455358 neg 0.06220112916928286	false	0.5
besorgt	neg 1.0		__DUMMY__ 0.8777670556525125 off 0.06456661496805684 neg 0.05766632937943073	false	0.5
nachlassen	neg 1.0		__DUMMY__ 0.8772724727764246 off 0.06339894006441797 neg 0.05932858715915731	false	0.5
alt	neg 1.0		__DUMMY__ 0.8718145814762771 neg 0.06552390174190315 off 0.06266151678181978	false	1.0
hundesohn	off 1.0	off 1.0	off 0.5327969675378191 __DUMMY__ 0.42090909808383387 neg 0.04629393437834702	false	1.0
als			__DUMMY__ 0.8744762668941233 off 0.06465109913969123 neg 0.060872633966185426	false	0.0
abschreckung	neg 1.0		__DUMMY__ 0.8773393798297738 off 0.06208455913463074 neg 0.060576061035595374	false	0.5
unqualifiziert	neg 1.0		__DUMMY__ 0.869801124971395 off 0.0714470649477399 neg 0.05875181008086513	false	0.5
abgewichst	off 1.0		__DUMMY__ 0.8743144115861086 off 0.06623752746421135 neg 0.05944806094968003	false	1.0
schwer	neg 1.0		__DUMMY__ 0.8740698219641336 off 0.0661331638899659 neg 0.05979701414590042	false	0.5
bedeutungslosigkeit	neg 1.0		__DUMMY__ 0.8767584118206613 off 0.06257843454995132 neg 0.06066315362938734	false	0.5
kapitulation	neg 1.0		__DUMMY__ 0.8733414251426498 off 0.06434526011523344 neg 0.06231331474211676	false	0.5
unscharf	neg 1.0		__DUMMY__ 0.8668374200361196 off 0.06828858317008388 neg 0.06487399679379648	false	0.5
schwinden	neg 1.0		__DUMMY__ 0.8741219008338694 neg 0.06332604568800772 off 0.06255205347812276	false	1.0
versklavung	neg 1.0	neg 1.0	neg 0.517292850268787 __DUMMY__ 0.4306054583392933 off 0.0521016913919197	false	1.0
schlecht	neg 1.0		__DUMMY__ 0.8697070269223716 off 0.07261105419880481 neg 0.05768191887882354	false	0.5
verhasst	neg 1.0		__DUMMY__ 0.8716369696678374 off 0.06849327183834096 neg 0.059869758493821576	false	0.5
beschweren	neg 1.0		__DUMMY__ 0.8731593611572929 off 0.06867316145117637 neg 0.05816747739153073	false	0.5
scheiden	neg 1.0		__DUMMY__ 0.8735526528387576 off 0.06631615334066655 neg 0.060131193820575905	false	0.5
frustriert	neg 1.0		__DUMMY__ 0.8750504453098877 off 0.06534435517089901 neg 0.05960519951921332	false	0.5
schimmelig	neg 1.0		__DUMMY__ 0.8728762948786474 neg 0.06413259541851675 off 0.06299110970283586	false	1.0
fisch	neg 1.0		__DUMMY__ 0.8743914092341367 neg 0.06592254435032928 off 0.05968604641553398	false	1.0
schmuggel	neg 1.0		__DUMMY__ 0.8813644085196323 off 0.060708644238432835 neg 0.057926947241934916	false	0.5
auffallen	neg 1.0		__DUMMY__ 0.8717574882168158 off 0.06909148194733733 neg 0.05915102983584686	false	0.5
konkurrenz	neg 1.0		__DUMMY__ 0.8791452874075038 off 0.062132701448468386 neg 0.05872201114402781	false	0.5
teufelskreis	neg 1.0	neg 1.0	neg 0.5178701020417601 __DUMMY__ 0.4320248620522822 off 0.05010503590595768	false	1.0
aufschreien	neg 1.0		__DUMMY__ 0.8697489359620132 off 0.06979386847126637 neg 0.06045719556672044	false	0.5
schuldner	neg 1.0		__DUMMY__ 0.8728723693911004 neg 0.06481229068806005 off 0.0623153399208397	false	1.0
missgeburt	off 1.0	off 1.0	off 0.5312543509882773 __DUMMY__ 0.4242526850548363 neg 0.04449296395688633	false	1.0
arbeitslos	neg 1.0		__DUMMY__ 0.8753887563535302 off 0.06425529614104679 neg 0.06035594750542293	false	0.5
befallen	neg 1.0		__DUMMY__ 0.8700905956339172 off 0.06580877859247587 neg 0.06410062577360677	false	0.5
miesepetrig	off 1.0	off 1.0	off 0.5241568471503 __DUMMY__ 0.4304238838277783 neg 0.04541926902192172	false	1.0
alarmieren	neg 1.0		__DUMMY__ 0.870093975826373 off 0.07190032022210523 neg 0.058005703951521756	false	0.5
ungeduscht	off 1.0		__DUMMY__ 0.8682558123774422 off 0.07065144765292891 neg 0.06109273996962886	false	1.0
knappheit	neg 1.0		__DUMMY__ 0.8714343407506939 off 0.0645235218619238 neg 0.06404213738738225	false	0.5
schlange	neg 1.0		__DUMMY__ 0.8741797449940241 off 0.06684646903654595 neg 0.05897378596943006	false	0.5
harsch	neg 1.0		__DUMMY__ 0.8660363330716149 off 0.07674676555515976 neg 0.057216901373225354	false	0.5
lang	neg 1.0		__DUMMY__ 0.872045835969661 off 0.06803588057471856 neg 0.05991828345562042	false	0.5
ziellos	neg 1.0		__DUMMY__ 0.8778467369886683 off 0.0624793603318198 neg 0.05967390267951178	false	0.5
selbstverliebt	neg 1.0		__DUMMY__ 0.8569256988440793 off 0.0848324447312771 neg 0.05824185642464358	false	0.5
beseitigen	neg 1.0		__DUMMY__ 0.8758148872978975 off 0.0664547388392567 neg 0.05773037386284589	false	0.5
dumm	off 1.0		__DUMMY__ 0.8612985808907405 off 0.07953623775812284 neg 0.05916518135113672	false	1.0
arbeitsloser	neg 1.0		__DUMMY__ 0.8808801527428123 off 0.06447159417066096 neg 0.054648253086526696	false	0.5
blitzen	neg 1.0		__DUMMY__ 0.8688211644559513 off 0.07081841902957622 neg 0.06036041651447244	false	0.5
hilflos	neg 1.0		__DUMMY__ 0.8752899491424285 off 0.06419194485762364 neg 0.06051810599994782	false	0.5
eklig	off 1.0		__DUMMY__ 0.8590350469717716 off 0.07990467876709254 neg 0.06106027426113584	false	1.0
begriff			__DUMMY__ 0.8740339805406316 off 0.0663554019110269 neg 0.059610617548341405	false	0.0
hungersnot	neg 1.0		__DUMMY__ 0.8731389391495534 off 0.06459799785540818 neg 0.06226306299503836	false	0.5
ungesetzlich	neg 1.0		__DUMMY__ 0.8699521368493153 off 0.06960394652899404 neg 0.060443916621690665	false	0.5
verschwendung	neg 1.0		__DUMMY__ 0.8762963952462733 off 0.062407629396419334 neg 0.06129597535730734	false	0.5
schmerzvoll	neg 1.0		__DUMMY__ 0.870839110595074 off 0.06819991200256513 neg 0.06096097740236078	false	0.5
vorzeitig	neg 1.0		__DUMMY__ 0.8702774196252424 off 0.07194988050278597 neg 0.05777269987197163	false	0.5
unvollkommenheit	neg 1.0		__DUMMY__ 0.8742310543174888 off 0.06492833683904996 neg 0.060840608843461215	false	0.5
intervenieren	neg 1.0		__DUMMY__ 0.8733463015429048 neg 0.06339040590571257 off 0.0632632925513827	false	1.0
banause	off 1.0		__DUMMY__ 0.8549081126566828 off 0.08149135259489601 neg 0.06360053474842119	false	1.0
rebell	neg 1.0		__DUMMY__ 0.8760789191490784 neg 0.06574010561342526 off 0.05818097523749628	false	1.0
unlogisch	neg 1.0		__DUMMY__ 0.8648845421730829 off 0.07515107793892681 neg 0.059964379887990284	false	0.5
leiden	neg 1.0		__DUMMY__ 0.8820078897786208 off 0.06073672227241951 neg 0.05725538794895967	false	0.5
abschaffung	neg 1.0		__DUMMY__ 0.869649444516023 off 0.06793674633608228 neg 0.062413809147894656	false	0.5
sturz	neg 1.0		__DUMMY__ 0.87547989903951 off 0.06882374305519212 neg 0.055696357905298005	false	0.5
verkleinerung	neg 1.0		__DUMMY__ 0.8647355858731284 off 0.07117828011348415 neg 0.06408613401338752	false	0.5
schmarotzer	off 1.0		__DUMMY__ 0.8747213159473224 off 0.06523786177125969 neg 0.060040822281417945	false	1.0
bestrafung	neg 1.0	neg 1.0	neg 0.5150562574746902 __DUMMY__ 0.4338980492087474 off 0.051045693316562495	false	1.0
achtlos	neg 1.0		__DUMMY__ 0.8759813498478156 off 0.06523999770335391 neg 0.058778652448830446	false	0.5
ungeheuer	neg 1.0		__DUMMY__ 0.8706268272195266 off 0.06691599035138986 neg 0.06245718242908351	false	0.5
unaufrichtig	neg 1.0		__DUMMY__ 0.8699583311139862 off 0.0713451402305369 neg 0.058696528655476796	false	0.5
