unsolidarisch	neg 1.0		off 0.5195701762275613 neg 0.47358959455908417 __DUMMY__ 0.006840229213354523	false	0.5
nachteilig	neg 1.0		off 0.5180640928858811 neg 0.47501248271161156 __DUMMY__ 0.006923424402507347	false	0.5
skeptisch	neg 1.0		off 0.5164202395889038 neg 0.4766536413836543 __DUMMY__ 0.006926119027441871	false	0.5
schrecklich	neg 1.0		off 0.5280328792189983 neg 0.4651892900708302 __DUMMY__ 0.0067778307101715295	false	0.5
schlapp	neg 1.0	neg 1.0	neg 0.7184802754676123 off 0.27828695242683776 __DUMMY__ 0.0032327721055499968	false	1.0
abfall	neg 1.0		off 0.5152107855965173 neg 0.47780918361327807 __DUMMY__ 0.006980030790204568	false	0.5
widerspenstig	neg 1.0		off 0.5187498697771273 neg 0.4743875256167645 __DUMMY__ 0.006862604606108086	false	0.5
abrupt	neg 1.0		off 0.5143680759437417 neg 0.47872941456410206 __DUMMY__ 0.006902509492156192	false	0.5
unwirksam	neg 1.0		off 0.5160308869294755 neg 0.4771765347605473 __DUMMY__ 0.006792578309977192	false	0.5
angreifen	neg 1.0		off 0.5163384056625226 neg 0.47672314496267176 __DUMMY__ 0.006938449374805429	false	0.5
inkonsistent	neg 1.0		off 0.5207401221116785 neg 0.4724446985985849 __DUMMY__ 0.0068151792897365405	false	0.5
abrutschen	neg 1.0		off 0.5142631683850782 neg 0.47876406406317573 __DUMMY__ 0.006972767551746136	false	0.5
unsicher	neg 1.0		off 0.5210460292180219 neg 0.47206284500438067 __DUMMY__ 0.006891125777597247	false	0.5
bauernkind	off 1.0	off 1.0	off 0.7484224237454944 neg 0.24841619147773683 __DUMMY__ 0.0031613847767688456	false	1.0
angreifer	neg 1.0		off 0.5266269848371431 neg 0.46648946310748163 __DUMMY__ 0.006883552055375275	false	0.5
trennen	neg 1.0		off 0.516679624955497 neg 0.47637135386370977 __DUMMY__ 0.006949021180793087	false	0.5
schmutz	neg 1.0		off 0.5268978419478892 neg 0.46619649461087226 __DUMMY__ 0.006905663441238446	false	0.5
inkonsistenz	neg 1.0		off 0.5246797605478442 neg 0.468495918998924 __DUMMY__ 0.006824320453231853	false	0.5
erschreckend	neg 1.0		off 0.5197331087220767 neg 0.4733820008248119 __DUMMY__ 0.006884890453111545	false	0.5
ertrinken	neg 1.0		off 0.5145547409358977 neg 0.4785242213819893 __DUMMY__ 0.006921037682112877	false	0.5
pickelface	off 1.0		off 0.5204704857899907 neg 0.47266488939644885 __DUMMY__ 0.006864624813560413	false	1.0
seiner			off 0.5173374136688583 neg 0.4757175539925277 __DUMMY__ 0.006945032338614125	false	0.0
lauch	neg 1.0	neg 1.0	neg 0.7243783802143372 off 0.27231989896185194 __DUMMY__ 0.0033017208238107936	false	1.0
unwichtig	neg 1.0		off 0.5246073941168145 neg 0.46856798361951546 __DUMMY__ 0.006824622263670174	false	0.5
steuerhinterziehung	neg 1.0		off 0.518926683703324 neg 0.4742054940726825 __DUMMY__ 0.006867822223993702	false	0.5
schock	neg 1.0		off 0.5192302110347173 neg 0.4738712381625929 __DUMMY__ 0.006898550802689746	false	0.5
beule	neg 1.0		off 0.525304947887653 neg 0.46791658835528666 __DUMMY__ 0.0067784637570601864	false	0.5
vergelten	neg 1.0		off 0.5292122073048342 neg 0.4640142102411399 __DUMMY__ 0.006773582454025775	false	0.5
verdorbenheit	neg 1.0		off 0.5214625201851592 neg 0.47167359354224037 __DUMMY__ 0.006863886272600428	false	0.5
trauma	neg 1.0		off 0.5209063373077045 neg 0.47224308018500993 __DUMMY__ 0.0068505825072854585	false	0.5
sinnlos	neg 1.0		off 0.5221466851091106 neg 0.47099620620118166 __DUMMY__ 0.006857108689707859	false	0.5
fettsack	off 1.0	off 1.0	off 0.7497150983005886 neg 0.24711919905533444 __DUMMY__ 0.003165702644076977	false	1.0
feige	off 1.0	off 1.0	off 0.7484119338660293 neg 0.24836234136745133 __DUMMY__ 0.00322572476651942	false	1.0
abdanken	neg 1.0		off 0.5215758158898156 neg 0.47152178231896014 __DUMMY__ 0.006902401791224256	false	0.5
wichtigtuer	off 1.0	off 1.0	off 0.7476916870908685 neg 0.24905255382540875 __DUMMY__ 0.003255759083722707	false	1.0
misslingen	neg 1.0		off 0.5236915930262924 neg 0.46941584846100703 __DUMMY__ 0.006892558512700681	false	0.5
untreu	off 1.0		off 0.5255066146854881 neg 0.46768390929598147 __DUMMY__ 0.006809476018530471	false	1.0
missmutig	neg 1.0		off 0.5230598506590074 neg 0.47011021836613437 __DUMMY__ 0.006829930974858314	false	0.5
hurenbock	off 1.0		off 0.5159699105047263 neg 0.47723302689413866 __DUMMY__ 0.00679706260113513	false	1.0
betrunken	neg 1.0		off 0.526838887249884 neg 0.4663767097950355 __DUMMY__ 0.006784402955080563	false	0.5
korrupt	off 1.0		off 0.5179737886430472 neg 0.47516166156004364 __DUMMY__ 0.006864549796909128	false	1.0
unmut	neg 1.0		off 0.5151909721332955 neg 0.47785992651333453 __DUMMY__ 0.006949101353370156	false	0.5
hackfresse	off 1.0		off 0.5314922113835959 neg 0.4617846468373382 __DUMMY__ 0.006723141779065732	false	1.0
aufblasen	neg 1.0		off 0.5205664296874307 neg 0.47256305656110703 __DUMMY__ 0.006870513751462194	false	0.5
gewaltsam	neg 1.0		off 0.5217708402076922 neg 0.4713252567029068 __DUMMY__ 0.006903903089401193	false	0.5
unbeliebtheit	neg 1.0		off 0.5257209409709229 neg 0.4674690809697871 __DUMMY__ 0.006809978059289837	false	0.5
sturheit	neg 1.0		off 0.5211047501611114 neg 0.4719876428981601 __DUMMY__ 0.006907606940728536	false	0.5
kuh	neg 1.0		off 0.5153541186538371 neg 0.47792516941212704 __DUMMY__ 0.006720711934035965	false	0.5
erschrecken	neg 1.0		off 0.5238413196128365 neg 0.46932408952368304 __DUMMY__ 0.006834590863480514	false	0.5
opfer	neg 1.0		off 0.5203653275295257 neg 0.47268045068272524 __DUMMY__ 0.006954221787749208	false	0.5
sinken	neg 1.0		off 0.5137256033055017 neg 0.4793608640357485 __DUMMY__ 0.006913532658749851	false	0.5
stinktier	neg 1.0		off 0.5248919746605669 neg 0.4684339569754905 __DUMMY__ 0.006674068363942425	false	0.5
tucke	off 1.0		off 0.5292648143524745 neg 0.4640969284333405 __DUMMY__ 0.006638257214184866	false	1.0
ein			off 0.5174583419767527 neg 0.475691244357125 __DUMMY__ 0.006850413666122282	false	0.0
abstieg	neg 1.0		off 0.5218966791126096 neg 0.4711541441243659 __DUMMY__ 0.006949176763024457	false	0.5
missverstehen	neg 1.0		off 0.5230470409738432 neg 0.47010383751670914 __DUMMY__ 0.006849121509447704	false	0.5
ergebnislos	neg 1.0		off 0.5193488145310278 neg 0.47370563624969275 __DUMMY__ 0.0069455492192792515	false	0.5
unter			off 0.5123780361505347 neg 0.480588071276844 __DUMMY__ 0.00703389257262119	false	0.0
manipulieren	neg 1.0		off 0.517540679763948 neg 0.47552462347596497 __DUMMY__ 0.006934696760087015	false	0.5
unbewiesen	neg 1.0	neg 1.0	neg 0.7202059988047224 off 0.27653419598936096 __DUMMY__ 0.0032598052059167903	false	1.0
verschleppen	neg 1.0		off 0.5181807571023922 neg 0.4749158926356932 __DUMMY__ 0.006903350261914501	false	0.5
weib	off 1.0		off 0.5312034368846668 neg 0.46212831831237544 __DUMMY__ 0.006668244802957649	false	1.0
opposition	neg 1.0		off 0.5205518660796873 neg 0.4726119234924474 __DUMMY__ 0.006836210427865424	false	0.5
verkehrswidrig	neg 1.0		off 0.5310668022840493 neg 0.46214573682055965 __DUMMY__ 0.006787460895390844	false	0.5
inkorrekt	neg 1.0		off 0.5274907855024211 neg 0.46573581750733484 __DUMMY__ 0.0067733969902439425	false	0.5
vermeiden	neg 1.0		off 0.5138881829206611 neg 0.479133708229245 __DUMMY__ 0.006978108850093764	false	0.5
abweichung	neg 1.0	neg 1.0	neg 0.7209021969397545 off 0.2758057128452277 __DUMMY__ 0.003292090215017768	false	1.0
alkoholisiert	neg 1.0		off 0.5201798651086793 neg 0.47283621806443327 __DUMMY__ 0.006983916826887436	false	0.5
scheiss	off 1.0	off 1.0	off 0.7485216426535762 neg 0.24827044910850615 __DUMMY__ 0.0032079082379175366	false	1.0
herausforderung	neg 1.0		off 0.5183856481548805 neg 0.47471000674452124 __DUMMY__ 0.006904345100598096	false	0.5
pervers	off 1.0		off 0.5341605637775119 neg 0.4591808781170976 __DUMMY__ 0.00665855810539043	false	1.0
wackelig	neg 1.0		off 0.5190401758532629 neg 0.47404354703284873 __DUMMY__ 0.006916277113888365	false	0.5
verwickeln	neg 1.0		off 0.5225252947382445 neg 0.47061268750155905 __DUMMY__ 0.006862017760196517	false	0.5
vorwand	neg 1.0		off 0.5157831785722304 neg 0.4772779688263273 __DUMMY__ 0.006938852601442312	false	0.5
muschi	off 1.0		off 0.5205375746576358 neg 0.47257195806061736 __DUMMY__ 0.006890467281746647	false	1.0
entmutigung	neg 1.0		off 0.5198428661236442 neg 0.47335069113566597 __DUMMY__ 0.006806442740689936	false	0.5
unangemessen	neg 1.0		off 0.5201429273720987 neg 0.4729573142713642 __DUMMY__ 0.006899758356537265	false	0.5
unstetig	neg 1.0		off 0.5230541942459588 neg 0.470126816369411 __DUMMY__ 0.00681898938463026	false	0.5
entmutigen	neg 1.0		off 0.5213141593835952 neg 0.4718182441445225 __DUMMY__ 0.0068675964718822	false	0.5
schwanz	neg 1.0		off 0.5177147875263544 neg 0.4753906449211671 __DUMMY__ 0.00689456755247857	false	0.5
verbot	neg 1.0		off 0.5181818245932748 neg 0.4749420544306755 __DUMMY__ 0.006876120976049732	false	0.5
leid	neg 1.0		off 0.5290251699143078 neg 0.46422151542785794 __DUMMY__ 0.006753314657834269	false	0.5
archaisch	neg 1.0		off 0.5182430096075 neg 0.47487921192277505 __DUMMY__ 0.006877778469724733	false	0.5
gegen			off 0.51735899795466 neg 0.4756695581708166 __DUMMY__ 0.006971443874523598	false	0.0
scheidung	neg 1.0		off 0.5407537265008403 neg 0.45256264117204364 __DUMMY__ 0.006683632327115926	false	0.5
einschlag	neg 1.0		off 0.5310093091116552 neg 0.4621753799262262 __DUMMY__ 0.006815310962118721	false	0.5
m			off 0.5189367791405525 neg 0.4741594049800151 __DUMMY__ 0.006903815879432402	false	0.0
abgestanden	neg 1.0		off 0.5145035148636993 neg 0.47871702761732055 __DUMMY__ 0.006779457518980194	false	0.5
schmierig	off 1.0		off 0.52835300699242 neg 0.46489560216785447 __DUMMY__ 0.006751390839725563	false	1.0
unpraktisch	neg 1.0		off 0.5221241892459748 neg 0.47100701998259004 __DUMMY__ 0.006868790771435068	false	0.5
wixxer	off 1.0		off 0.5328710712358911 neg 0.46049832847039046 __DUMMY__ 0.0066306002937185065	false	1.0
bezeichnet			off 0.5216647564079712 neg 0.47144666380334177 __DUMMY__ 0.006888579788686993	false	0.0
jammerlappen	off 1.0		off 0.5248451556499631 neg 0.46833249390705467 __DUMMY__ 0.0068223504429821315	false	1.0
farce	neg 1.0		off 0.5188638597678642 neg 0.47428723558952274 __DUMMY__ 0.0068489046426131765	false	0.5
zwecklos	neg 1.0		off 0.5183778348084288 neg 0.47472642784907304 __DUMMY__ 0.00689573734249815	false	0.5
turbulent	neg 1.0		off 0.5252401557575206 neg 0.4679854519067528 __DUMMY__ 0.00677439233572655	false	0.5
invasion	neg 1.0		off 0.5223725441410367 neg 0.4707841525488587 __DUMMY__ 0.006843303310104646	false	0.5
schuld	neg 1.0		off 0.5218471997109789 neg 0.47128359987495905 __DUMMY__ 0.00686920041406196	false	0.5
risiko	neg 1.0		off 0.5194817129554952 neg 0.47370733086951117 __DUMMY__ 0.006810956174993587	false	0.5
finster	neg 1.0		off 0.5177828676581394 neg 0.47537652145813225 __DUMMY__ 0.006840610883728223	false	0.5
geisteskrank	off 1.0		off 0.5268476124746067 neg 0.46635931252869317 __DUMMY__ 0.0067930749967002255	false	1.0
zusammenbrechen	neg 1.0		off 0.5182145841530236 neg 0.4748958967501999 __DUMMY__ 0.00688951909677646	false	0.5
ausbeute	neg 1.0		off 0.5222234579616702 neg 0.4708482107541818 __DUMMY__ 0.006928331284147892	false	0.5
hinterhalt	neg 1.0		off 0.5183752955560275 neg 0.47474924985150063 __DUMMY__ 0.006875454592471789	false	0.5
kritik	neg 1.0		off 0.5186989643815855 neg 0.47444822443683526 __DUMMY__ 0.006852811181579315	false	0.5
einschrumpfen	neg 1.0		off 0.5228227455220134 neg 0.47039205182099136 __DUMMY__ 0.006785202656995184	false	0.5
riskant	neg 1.0		off 0.5159117539642404 neg 0.47717460214219076 __DUMMY__ 0.006913643893568999	false	0.5
frustrieren	neg 1.0		off 0.5164708905291941 neg 0.4766283275065825 __DUMMY__ 0.006900781964223145	false	0.5
groll	neg 1.0		off 0.5200952746113172 neg 0.4729882402250197 __DUMMY__ 0.006916485163663155	false	0.5
gibt			off 0.5184619862628878 neg 0.4746342512254375 __DUMMY__ 0.006903762511674723	false	0.0
qualvoll	neg 1.0		off 0.522233127622617 neg 0.47091379389739624 __DUMMY__ 0.006853078479986859	false	0.5
wackeln	neg 1.0		off 0.5203471165525064 neg 0.47277185868226657 __DUMMY__ 0.006881024765227072	false	0.5
klagen	neg 1.0		off 0.5152826101233804 neg 0.47779151495030275 __DUMMY__ 0.00692587492631677	false	0.5
bankrott	neg 1.0		off 0.5250079264038053 neg 0.4681552125768956 __DUMMY__ 0.006836861019299157	false	0.5
trauern	neg 1.0		off 0.5206010565680094 neg 0.4724177624488406 __DUMMY__ 0.006981180983150047	false	0.5
ablehnung	neg 1.0		off 0.5180831786229907 neg 0.47505820643674496 __DUMMY__ 0.00685861494026439	false	0.5
stur	neg 1.0		off 0.5213111804153137 neg 0.4718282630804372 __DUMMY__ 0.006860556504249281	false	0.5
aufruhr	neg 1.0	neg 1.0	neg 0.7202210980483904 off 0.2765072327202497 __DUMMY__ 0.003271669231359919	false	1.0
melancholie	neg 1.0		off 0.5142208813149414 neg 0.4788873276486705 __DUMMY__ 0.006891791036388083	false	0.5
ist			off 0.5217299994452494 neg 0.4714133024582389 __DUMMY__ 0.006856698096511655	false	0.0
torheit	neg 1.0		off 0.5213981077547194 neg 0.4717422502765066 __DUMMY__ 0.006859641968773855	false	0.5
dreckskind	off 1.0		off 0.5312241253783063 neg 0.46208352038707573 __DUMMY__ 0.006692354234617872	false	1.0
umtauschen	neg 1.0		off 0.5197000892869368 neg 0.4734217787560143 __DUMMY__ 0.006878131957048888	false	0.5
zum			off 0.5179748719368763 neg 0.4749875434342969 __DUMMY__ 0.007037584628826707	false	0.0
zersetzen	neg 1.0		off 0.5153256432607725 neg 0.47776739503932475 __DUMMY__ 0.006906961699902657	false	0.5
zur			off 0.5144109637156775 neg 0.4786058080462877 __DUMMY__ 0.0069832282380347275	false	0.0
frust	neg 1.0		off 0.5185258780703285 neg 0.47457421686437495 __DUMMY__ 0.00689990506529656	false	0.5
unerbittlichkeit	neg 1.0		off 0.5178120473769777 neg 0.4752617247458414 __DUMMY__ 0.0069262278771808315	false	0.5
zwei			off 0.5145896708174081 neg 0.47841456371729507 __DUMMY__ 0.006995765465296735	false	0.0
unkorrekt	neg 1.0		off 0.5266287262638883 neg 0.4665848039024398 __DUMMY__ 0.006786469833671716	false	0.5
hexe	off 1.0		off 0.5211171984642846 neg 0.4721127871035292 __DUMMY__ 0.0067700144321862004	false	1.0
lasch	neg 1.0		off 0.5246707368156016 neg 0.4684900866406738 __DUMMY__ 0.006839176543724448	false	0.5
rivale	neg 1.0		off 0.528013897488985 neg 0.4652102225340289 __DUMMY__ 0.0067758799769862725	false	0.5
mutlos	off 1.0	off 1.0	off 0.7446831452262128 neg 0.25203758778419716 __DUMMY__ 0.003279266989590033	false	1.0
wirr	off 1.0		off 0.5275151800009533 neg 0.465730373428787 __DUMMY__ 0.006754446570259709	false	1.0
jahr			off 0.5209628679039129 neg 0.4720447866327476 __DUMMY__ 0.006992345463339444	false	0.0
wird			off 0.5184382910773566 neg 0.47464598905064553 __DUMMY__ 0.006915719871997728	false	0.0
strafbar	neg 1.0		off 0.5180722802896635 neg 0.47499606874689854 __DUMMY__ 0.006931650963438039	false	0.5
erosion	neg 1.0		off 0.5210425601793517 neg 0.4720774186232898 __DUMMY__ 0.006880021197358506	false	0.5
eingehen	neg 1.0		off 0.516287475671497 neg 0.47681045543276246 __DUMMY__ 0.006902068895740605	false	0.5
faul	off 1.0		off 0.5242674939233528 neg 0.4689015531665441 __DUMMY__ 0.006830952910102908	false	1.0
provisorium	neg 1.0		off 0.5131788823831268 neg 0.47977756905790303 __DUMMY__ 0.007043548558970213	false	0.5
schmerzen	neg 1.0		off 0.5184317097998873 neg 0.47469627763913075 __DUMMY__ 0.0068720125609819565	false	0.5
schrumpfen	neg 1.0		off 0.5112472560064649 neg 0.4818199064170042 __DUMMY__ 0.0069328375765308065	false	0.5
geistlos	off 1.0		off 0.5214255106647402 neg 0.4717565096970997 __DUMMY__ 0.006817979638160127	false	1.0
fehlkauf	neg 1.0		off 0.521782933840668 neg 0.4713838956784331 __DUMMY__ 0.006833170480898859	false	0.5
frustrierend	neg 1.0		off 0.5231882340956893 neg 0.4699846564182843 __DUMMY__ 0.006827109486026507	false	0.5
unzufrieden	neg 1.0		off 0.5185837738343096 neg 0.4745122206028849 __DUMMY__ 0.006904005562805564	false	0.5
verzweifeln	neg 1.0		off 0.5198117671972369 neg 0.47329557564257335 __DUMMY__ 0.006892657160189816	false	0.5
verzweifelt	neg 1.0		off 0.5212386088685522 neg 0.47190268732000584 __DUMMY__ 0.006858703811441825	false	0.5
misstrauensantrag	neg 1.0		off 0.5216576973688167 neg 0.4714992825124218 __DUMMY__ 0.006843020118761396	false	0.5
abfallen	neg 1.0		off 0.5198141848308854 neg 0.4733227476196721 __DUMMY__ 0.006863067549442574	false	0.5
fucker	off 1.0		off 0.5280335800886636 neg 0.46517326253360397 __DUMMY__ 0.006793157377732446	false	1.0
ungezogen	neg 1.0		off 0.5329912062745298 neg 0.4603147630577748 __DUMMY__ 0.006694030667695369	false	0.5
irrsinnig	neg 1.0	neg 1.0	neg 0.7206606040773117 off 0.2760844294758391 __DUMMY__ 0.003254966446849251	false	1.0
unfassbar	neg 1.0		off 0.5259814205892518 neg 0.46720060964063553 __DUMMY__ 0.0068179697701126465	false	0.5
hart	neg 1.0		off 0.5208993373369677 neg 0.47236912808656595 __DUMMY__ 0.006731534576466421	false	0.5
widerlich	off 1.0		off 0.525746967944674 neg 0.4674526791857855 __DUMMY__ 0.006800352869540411	false	1.0
fatal	neg 1.0	neg 1.0	neg 0.7210519629292799 off 0.2757216307422135 __DUMMY__ 0.0032264063285066735	false	1.0
bruch	neg 1.0		off 0.5158641847823141 neg 0.4771701374578925 __DUMMY__ 0.006965677759793309	false	0.5
aushungern	neg 1.0		off 0.5184537881169615 neg 0.47467042841659063 __DUMMY__ 0.006875783466447673	false	0.5
anspannung	neg 1.0		off 0.5153581812781421 neg 0.4776362931812491 __DUMMY__ 0.007005525540608901	false	0.5
von			off 0.5162657550322947 neg 0.4767953998181904 __DUMMY__ 0.006938845149514944	false	0.0
kraftlos	neg 1.0		off 0.517908417631657 neg 0.4751874122619443 __DUMMY__ 0.006904170106398812	false	0.5
vom			off 0.5151789488701397 neg 0.47775819275196185 __DUMMY__ 0.007062858377898453	false	0.0
grenzdebil	off 1.0		off 0.5250837966317548 neg 0.4681201483683815 __DUMMY__ 0.006796054999863725	false	1.0
vor			off 0.5154899755156893 neg 0.47755478675604457 __DUMMY__ 0.0069552377282660095	false	0.0
unterwerfen	neg 1.0		off 0.5187275264556545 neg 0.4743453060247372 __DUMMY__ 0.006927167519608499	false	0.5
versenkung	neg 1.0		off 0.5181263079646844 neg 0.4749412646201976 __DUMMY__ 0.006932427415118053	false	0.5
entziehen	neg 1.0		off 0.5155624722723456 neg 0.47749932351159924 __DUMMY__ 0.0069382042160551025	false	0.5
finanzkrise	neg 1.0		off 0.5142337471616729 neg 0.47897927825889786 __DUMMY__ 0.006786974579429329	false	0.5
schimpfend	neg 1.0		off 0.5224372854709556 neg 0.4706761511340372 __DUMMY__ 0.006886563395007165	false	0.5
profan	neg 1.0		off 0.5218628205600071 neg 0.4712962125723052 __DUMMY__ 0.006840966867687843	false	0.5
korruption	neg 1.0		off 0.5170365370098754 neg 0.47609638151404604 __DUMMY__ 0.0068670814760785955	false	0.5
â			off 0.5177148345984307 neg 0.4753856281095023 __DUMMY__ 0.006899537292067085	false	0.0
schmutzig	neg 1.0		off 0.5256649914496763 neg 0.4675334855524779 __DUMMY__ 0.006801522997845828	false	0.5
sexy	neg 1.0		off 0.5242024182382253 neg 0.46895539142611464 __DUMMY__ 0.006842190335659913	false	0.5
abraten	neg 1.0		off 0.5223591290367344 neg 0.4707810853068278 __DUMMY__ 0.006859785656437713	false	0.5
schwarz	neg 1.0		off 0.5224679948672587 neg 0.4706786983029249 __DUMMY__ 0.0068533068298163935	false	0.5
fotze	off 1.0	off 1.0	off 0.7451139619736984 neg 0.25160991250687414 __DUMMY__ 0.003276125519427433	false	1.0
verwirren	neg 1.0		off 0.5228207938541364 neg 0.47032908398660667 __DUMMY__ 0.006850122159256993	false	0.5
zahnlos	off 1.0		off 0.5194255320743654 neg 0.4736800778311928 __DUMMY__ 0.006894390094441769	false	1.0
verheeren	neg 1.0		off 0.5345746690580444 neg 0.4587358381042757 __DUMMY__ 0.0066894928376799645	false	0.5
hippie	neg 1.0		off 0.5233958125829619 neg 0.4697665276067444 __DUMMY__ 0.006837659810293672	false	0.5
rammen	neg 1.0		off 0.5205450556380788 neg 0.47259352511556546 __DUMMY__ 0.006861419246355709	false	0.5
unlauter	neg 1.0		off 0.5210019822271319 neg 0.4721655228478792 __DUMMY__ 0.0068324949249886895	false	0.5
unheilvoll	neg 1.0		off 0.5204394292620531 neg 0.47271464579299843 __DUMMY__ 0.006845924944948324	false	0.5
niedrig	neg 1.0		off 0.5159710069670754 neg 0.47715348576937083 __DUMMY__ 0.006875507263553695	false	0.5
explosion	neg 1.0		off 0.5236005019307897 neg 0.469556991014667 __DUMMY__ 0.006842507054543357	false	0.5
weichei	off 1.0	off 1.0	off 0.7501113913283527 neg 0.24670787201993066 __DUMMY__ 0.003180736651716735	false	1.0
minusmensch	off 1.0		off 0.5326887244105851 neg 0.460644391738826 __DUMMY__ 0.00666688385058887	false	1.0
farblos	neg 1.0		off 0.5210011236418041 neg 0.4721463322270576 __DUMMY__ 0.00685254413113836	false	0.5
unwissend	neg 1.0	neg 1.0	neg 0.7189853087560409 off 0.27778458111528115 __DUMMY__ 0.0032301101286778657	false	1.0
traurig	neg 1.0		off 0.5278733051358457 neg 0.46534150414845193 __DUMMY__ 0.006785190715702375	false	0.5
senkung	neg 1.0		off 0.5194966242860716 neg 0.47371578843790424 __DUMMY__ 0.006787587276024188	false	0.5
ungleich	neg 1.0	neg 1.0	neg 0.7224242527584153 off 0.2742950156981102 __DUMMY__ 0.003280731543474455	false	1.0
heikel	neg 1.0		off 0.5169360489837562 neg 0.4761398043279964 __DUMMY__ 0.0069241466882473904	false	0.5
drosselung	neg 1.0		off 0.5223897125860677 neg 0.4708626033204576 __DUMMY__ 0.00674768409347465	false	0.5
falsch	neg 1.0		off 0.5245499648537755 neg 0.4686082967746357 __DUMMY__ 0.006841738371588886	false	0.5
unzufriedenheit	neg 1.0		off 0.5148716788193196 neg 0.4782289327303369 __DUMMY__ 0.006899388450343464	false	0.5
kurz	neg 1.0		off 0.5198949010193924 neg 0.4731862771545259 __DUMMY__ 0.006918821826081818	false	0.5
unsinnig	neg 1.0		off 0.5182360829008613 neg 0.4749003422900726 __DUMMY__ 0.006863574809066134	false	0.5
penner	off 1.0	off 1.0	off 0.7515023670926682 neg 0.24531798962000262 __DUMMY__ 0.003179643287329187	false	1.0
seicht	neg 1.0		off 0.5303152394249843 neg 0.46301247339446483 __DUMMY__ 0.006672287180550934	false	0.5
dummheit	off 1.0	off 1.0	off 0.7467433998496844 neg 0.25001799155192445 __DUMMY__ 0.003238608598391082	false	1.0
unerfreulich	neg 1.0		off 0.5162202406681541 neg 0.4768589495547491 __DUMMY__ 0.006920809777096711	false	0.5
motherfucker	off 1.0	off 1.0	off 0.7494481885645612 neg 0.2473333617957011 __DUMMY__ 0.0032184496397377376	false	1.0
pikiert	neg 1.0		off 0.5244026193735474 neg 0.46879212404370996 __DUMMY__ 0.006805256582742751	false	0.5
wrack	neg 1.0		off 0.5232094558774688 neg 0.46982732104452535 __DUMMY__ 0.006963223078005956	false	0.5
gangster	neg 1.0		off 0.5235193398530246 neg 0.46964636047385455 __DUMMY__ 0.006834299673120864	false	0.5
krank	neg 1.0		off 0.5265958509404579 neg 0.4665873737191446 __DUMMY__ 0.006816775340397481	false	0.5
reich	neg 1.0		off 0.5209293299573683 neg 0.4722939829354919 __DUMMY__ 0.006776687107139721	false	0.5
gnadenlos	neg 1.0		off 0.5218898341901784 neg 0.47123370599118936 __DUMMY__ 0.006876459818632097	false	0.5
niedergeschlagen	neg 1.0		off 0.5201386181774448 neg 0.4729311265748556 __DUMMY__ 0.006930255247699624	false	0.5
terrorisieren	off 1.0	off 1.0	off 0.7447859583389637 neg 0.2519189218650861 __DUMMY__ 0.003295119795950266	false	1.0
sinnlosigkeit	neg 1.0		off 0.5188013766529501 neg 0.4743029100480935 __DUMMY__ 0.006895713298956455	false	0.5
behindern	neg 1.0		off 0.5195404595269056 neg 0.47359276467831507 __DUMMY__ 0.006866775794779251	false	0.5
undemokratisch	neg 1.0		off 0.5214164615098702 neg 0.4717490608998601 __DUMMY__ 0.00683447759026972	false	0.5
wirtschaftskrise	neg 1.0		off 0.5152568567525644 neg 0.4778952314889254 __DUMMY__ 0.0068479117585103395	false	0.5
neid	neg 1.0		off 0.5233775126085588 neg 0.469783559375073 __DUMMY__ 0.006838928016368074	false	0.5
rutschen	neg 1.0		off 0.5139442605344559 neg 0.47906381682957666 __DUMMY__ 0.006991922635967363	false	0.5
rezession	neg 1.0		off 0.5231095422043337 neg 0.47018719424393474 __DUMMY__ 0.006703263551731489	false	0.5
fehlgeburt	neg 1.0		off 0.5222527606492654 neg 0.4708558980002571 __DUMMY__ 0.006891341350477601	false	0.5
charakterschwach	off 1.0		off 0.5246780580256057 neg 0.46852659041991895 __DUMMY__ 0.006795351554475359	false	1.0
isolation	neg 1.0		off 0.5250263560545336 neg 0.46812319739132285 __DUMMY__ 0.0068504465541435935	false	0.5
ablenkung	neg 1.0		off 0.5209084512290558 neg 0.4721997623318489 __DUMMY__ 0.006891786439095311	false	0.5
pech	neg 1.0		off 0.5236185148068849 neg 0.46956134259590426 __DUMMY__ 0.006820142597210716	false	0.5
vermeidung	neg 1.0		off 0.5246224787540875 neg 0.46859090182682717 __DUMMY__ 0.006786619419085361	false	0.5
dominieren	neg 1.0		off 0.5193777569086736 neg 0.4737276971022687 __DUMMY__ 0.006894545989057587	false	0.5
schwindlig	neg 1.0		off 0.521448656848175 neg 0.47170896722861605 __DUMMY__ 0.006842375923208977	false	0.5
lutscher	neg 1.0	neg 1.0	neg 0.7149012381714612 off 0.28195173715791777 __DUMMY__ 0.003147024670621042	false	1.0
pflicht	neg 1.0		off 0.5166050771906113 neg 0.476443758427258 __DUMMY__ 0.006951164382130669	false	0.5
faschist	off 1.0		off 0.5246266455165343 neg 0.4685264492854097 __DUMMY__ 0.006846905198056053	false	1.0
verschleudern	neg 1.0		off 0.5139793421535593 neg 0.47916214432078913 __DUMMY__ 0.006858513525651574	false	0.5
wenn			off 0.5244581417350103 neg 0.4687182097127164 __DUMMY__ 0.006823648552273264	false	0.0
ehebruch	neg 1.0		off 0.5184660387548772 neg 0.47462351733228936 __DUMMY__ 0.006910443912833495	false	0.5
spott	off 1.0		off 0.5191402729191347 neg 0.473934906168811 __DUMMY__ 0.006924820912054417	false	1.0
trostlosigkeit	neg 1.0		off 0.5134826612380905 neg 0.479612972064638 __DUMMY__ 0.006904366697271513	false	0.5
lutschen	neg 1.0		off 0.5233179499708569 neg 0.46986512789341656 __DUMMY__ 0.006816922135726444	false	0.5
undiszipliniert	neg 1.0		off 0.5268833952877354 neg 0.46633083468958025 __DUMMY__ 0.006785770022684147	false	0.5
kopfschmerz	neg 1.0		off 0.5149480128160211 neg 0.47818657599358555 __DUMMY__ 0.0068654111903933765	false	0.5
unvorhergesehen	neg 1.0		off 0.5174987066501452 neg 0.4755445914758216 __DUMMY__ 0.006956701874033118	false	0.5
desinteressiert	neg 1.0		off 0.5261690468291338 neg 0.4670409126684519 __DUMMY__ 0.006790040502414412	false	0.5
armselig	off 1.0		off 0.5287775174150848 neg 0.4644443199860716 __DUMMY__ 0.0067781625988434764	false	1.0
desaster	neg 1.0		off 0.5145754915274379 neg 0.4784914629635655 __DUMMY__ 0.00693304550899678	false	0.5
tod	neg 1.0		off 0.5180722416353614 neg 0.4750053218509051 __DUMMY__ 0.006922436513733525	false	0.5
herzlos	neg 1.0		off 0.5280701110597981 neg 0.46515064439042664 __DUMMY__ 0.006779244549775253	false	0.5
unwissenheit	neg 1.0		off 0.5183710916391384 neg 0.4747327060752368 __DUMMY__ 0.006896202285624825	false	0.5
widersinnig	neg 1.0		off 0.5174483879479792 neg 0.4757026606450066 __DUMMY__ 0.006848951407014244	false	0.5
bedenklich	neg 1.0		off 0.5169276705912209 neg 0.47617783847402945 __DUMMY__ 0.006894490934749622	false	0.5
beanstanden	neg 1.0		off 0.5178758749810563 neg 0.4751690420803108 __DUMMY__ 0.00695508293863287	false	0.5
panisch	neg 1.0		off 0.5231291305679155 neg 0.46999821981262396 __DUMMY__ 0.00687264961946065	false	0.5
debil	off 1.0		off 0.5110207905817798 neg 0.4819856274901486 __DUMMY__ 0.006993581928071371	false	1.0
abstrich	neg 1.0		off 0.5184095477983793 neg 0.4747174709526721 __DUMMY__ 0.006872981248948493	false	0.5
primitiv	neg 1.0		off 0.5267506735031371 neg 0.46645323658239046 __DUMMY__ 0.0067960899144725246	false	0.5
abschaum	off 1.0	off 1.0	off 0.7492095461281318 neg 0.2475481776751991 __DUMMY__ 0.003242276196669138	false	1.0
provozieren	neg 1.0		off 0.5212943304453431 neg 0.471839506199088 __DUMMY__ 0.006866163355568925	false	0.5
tot	neg 1.0		off 0.5170523231768058 neg 0.47607787601564105 __DUMMY__ 0.006869800807553149	false	0.5
instabil	neg 1.0		off 0.5267873893325601 neg 0.4664728599231601 __DUMMY__ 0.006739750744279862	false	0.5
schwuchtel	off 1.0	off 1.0	off 0.7540977242890262 neg 0.2427745542130266 __DUMMY__ 0.0031277214979471353	false	1.0
zerren	neg 1.0		off 0.5192546477504819 neg 0.4738255612536026 __DUMMY__ 0.006919790995915535	false	0.5
kinderficker	off 1.0		off 0.5306033400549627 neg 0.4626467268589914 __DUMMY__ 0.00674993308604586	false	1.0
gefahr	neg 1.0		off 0.5174808822762043 neg 0.4755664380949994 __DUMMY__ 0.006952679628796295	false	0.5
rabiat	neg 1.0		off 0.5196173098829283 neg 0.47350115092664913 __DUMMY__ 0.006881539190422484	false	0.5
verlangsamung	neg 1.0		off 0.5302227938054233 neg 0.46307366468818056 __DUMMY__ 0.006703541506396301	false	0.5
ausgestorben	neg 1.0		off 0.5198301582368141 neg 0.4732744200751714 __DUMMY__ 0.00689542168801441	false	0.5
anklagen	neg 1.0		off 0.5199210033183933 neg 0.47317731831024373 __DUMMY__ 0.006901678371362992	false	0.5
trott	neg 1.0		off 0.5204904061378165 neg 0.47263249846072225 __DUMMY__ 0.006877095401461336	false	0.5
verminderung	neg 1.0		off 0.5250765352199845 neg 0.46813186720176714 __DUMMY__ 0.006791597578248324	false	0.5
nach			off 0.5140296175970842 neg 0.4789482360782175 __DUMMY__ 0.0070221463246982275	false	0.0
rost	neg 1.0		off 0.5348445514900313 neg 0.4584124564771316 __DUMMY__ 0.0067429920328371876	false	0.5
destruktiv	neg 1.0		off 0.5197996416630164 neg 0.47333205222779756 __DUMMY__ 0.006868306109185993	false	0.5
unzumutbarkeit	neg 1.0		off 0.5249711424316332 neg 0.46823544555994323 __DUMMY__ 0.006793412008423579	false	0.5
labil	off 1.0	off 1.0	off 0.7479241237281378 neg 0.24884410401031354 __DUMMY__ 0.0032317722615485454	false	1.0
ziemlich	neg 1.0		off 0.52585921446416 neg 0.4673178337432702 __DUMMY__ 0.006822951792569871	false	0.5
lachnummer	off 1.0		off 0.5219396240325112 neg 0.47117281426585567 __DUMMY__ 0.006887561701633192	false	1.0
oder			off 0.5217275535197601 neg 0.4713872914094787 __DUMMY__ 0.006885155070761078	false	0.0
verfall	neg 1.0		off 0.5116496828792108 neg 0.48141480784709695 __DUMMY__ 0.006935509273692391	false	0.5
ausgrenzung	neg 1.0		off 0.5209937472837421 neg 0.47217655608914677 __DUMMY__ 0.006829696627111017	false	0.5
unordnung	neg 1.0		off 0.528155082020613 neg 0.46509554119403174 __DUMMY__ 0.0067493767853553975	false	0.5
fehlverhalten	neg 1.0		off 0.5173244203954609 neg 0.4757541028915586 __DUMMY__ 0.006921476712980451	false	0.5
eine			off 0.5152375499895322 neg 0.47782441365961703 __DUMMY__ 0.006938036350850718	false	0.0
nille	neg 1.0		off 0.5208796565691429 neg 0.4722448461962977 __DUMMY__ 0.006875497234559329	false	0.5
qual	neg 1.0		off 0.5198968575885161 neg 0.47322730735956764 __DUMMY__ 0.00687583505191611	false	0.5
verschwenden	neg 1.0		off 0.5153731112854827 neg 0.4777297065332686 __DUMMY__ 0.00689718218124861	false	0.5
riesig	neg 1.0		off 0.5179891752432332 neg 0.4750872960108147 __DUMMY__ 0.006923528745952143	false	0.5
verurteilen	neg 1.0		off 0.5193873566868203 neg 0.47371168659462326 __DUMMY__ 0.006900956718556344	false	0.5
klischee	neg 1.0	neg 1.0	neg 0.7195719613596893 off 0.27719461279450763 __DUMMY__ 0.003233425845803147	false	1.0
diktatorisch	neg 1.0		off 0.5213479417347913 neg 0.47182112502439627 __DUMMY__ 0.0068309332408123796	false	0.5
vorhersehbar	neg 1.0		off 0.5219328754567437 neg 0.4712432988402321 __DUMMY__ 0.006823825703024263	false	0.5
sowie			off 0.5280388942133739 neg 0.4652357926271713 __DUMMY__ 0.006725313159454656	false	0.0
stornieren	neg 1.0		off 0.5268351210141623 neg 0.4662599063674212 __DUMMY__ 0.006904972618416503	false	0.5
besteuerung	neg 1.0	neg 1.0	neg 0.7227021457796037 off 0.2740758150069396 __DUMMY__ 0.003222039213456724	false	1.0
ungeschminkt	neg 1.0		off 0.5259436951983676 neg 0.46727595860713755 __DUMMY__ 0.0067803461944948495	false	0.5
kritisch	neg 1.0		off 0.5185950695256502 neg 0.4745038339682701 __DUMMY__ 0.006901096506079772	false	0.5
schlamperei	off 1.0		off 0.5174935611590112 neg 0.475593417068942 __DUMMY__ 0.006913021772046847	false	1.0
sucht	neg 1.0	neg 1.0	neg 0.7198113230391704 off 0.2769265667025405 __DUMMY__ 0.003262110258288997	false	1.0
egoistisch	off 1.0	off 1.0	off 0.7512955559112017 neg 0.24550220192619035 __DUMMY__ 0.0032022421626079407	false	1.0
ausbeuter	off 1.0		off 0.5153288981809703 neg 0.4777755401282967 __DUMMY__ 0.006895561690733159	false	1.0
arschgeburt	off 1.0		off 0.5352030394296522 neg 0.4581856366088937 __DUMMY__ 0.0066113239614540385	false	1.0
schubs	neg 1.0		off 0.5160341462379932 neg 0.4770904226297726 __DUMMY__ 0.006875431132234269	false	0.5
unsolide	neg 1.0		off 0.5232030706104838 neg 0.46995007076594625 __DUMMY__ 0.006846858623569911	false	0.5
beschwerde	neg 1.0		off 0.5195065796171762 neg 0.47358725427978215 __DUMMY__ 0.0069061661030415215	false	0.5
stocken	neg 1.0		off 0.5175565899040617 neg 0.4755410351463519 __DUMMY__ 0.006902374949586459	false	0.5
isolieren	neg 1.0		off 0.5173380157286922 neg 0.47578777772735426 __DUMMY__ 0.006874206543953493	false	0.5
unheilbar	neg 1.0		off 0.5210546219198493 neg 0.4720636993329262 __DUMMY__ 0.00688167874722441	false	0.5
pisser	off 1.0	off 1.0	off 0.7496798742690627 neg 0.24711007185422337 __DUMMY__ 0.0032100538767140642	false	1.0
löschen	neg 1.0		off 0.5205817390260219 neg 0.47255452155070604 __DUMMY__ 0.00686373942327213	false	0.5
durchfallen	neg 1.0		off 0.518809583820658 neg 0.4742821998768957 __DUMMY__ 0.006908216302446368	false	0.5
wichser	off 1.0	off 1.0	off 0.7527827754404011 neg 0.2440576088367957 __DUMMY__ 0.00315961572280315	false	1.0
terror	neg 1.0		off 0.5232069110363685 neg 0.4699546333698615 __DUMMY__ 0.0068384555937699345	false	0.5
krass	neg 1.0		off 0.5288754381255241 neg 0.4643746130325974 __DUMMY__ 0.006749948841878389	false	0.5
revolte	neg 1.0		off 0.5215935845554827 neg 0.47160634620543235 __DUMMY__ 0.00680006923908514	false	0.5
besorgt	neg 1.0		off 0.5206252556167918 neg 0.4724474072679849 __DUMMY__ 0.0069273371152231995	false	0.5
nachlassen	neg 1.0		off 0.5185919210594481 neg 0.4744896791755084 __DUMMY__ 0.0069183997650434665	false	0.5
alt	neg 1.0		off 0.5138780527993251 neg 0.4792732382099091 __DUMMY__ 0.0068487089907658125	false	0.5
hundesohn	off 1.0	off 1.0	off 0.7517679196602596 neg 0.2450744852687957 __DUMMY__ 0.003157595070944758	false	1.0
als			off 0.5183018623942227 neg 0.47480750387553367 __DUMMY__ 0.00689063373024363	false	0.0
abschreckung	neg 1.0		off 0.5163550363192458 neg 0.47671976117793446 __DUMMY__ 0.006925202502819595	false	0.5
unqualifiziert	neg 1.0		off 0.5247380767014626 neg 0.46842761151865797 __DUMMY__ 0.006834311779879431	false	0.5
abgewichst	off 1.0		off 0.5205924585661004 neg 0.4725214534563814 __DUMMY__ 0.006886087977518198	false	1.0
schwer	neg 1.0		off 0.5202083201486961 neg 0.4729051236787488 __DUMMY__ 0.006886556172555153	false	0.5
bedeutungslosigkeit	neg 1.0		off 0.5167026358395932 neg 0.47637826492661073 __DUMMY__ 0.006919099233796157	false	0.5
kapitulation	neg 1.0		off 0.5167027238184267 neg 0.47641984376473717 __DUMMY__ 0.0068774324168362315	false	0.5
unscharf	neg 1.0		off 0.5185978272582975 neg 0.47461218948366624 __DUMMY__ 0.0067899832580363365	false	0.5
schwinden	neg 1.0		off 0.5146090028586247 neg 0.4785056627278156 __DUMMY__ 0.006885334413559655	false	0.5
versklavung	neg 1.0	neg 1.0	neg 0.7210446332357084 off 0.2757165145520774 __DUMMY__ 0.003238852212214216	false	1.0
schlecht	neg 1.0		off 0.5265596427322214 neg 0.46660950275090063 __DUMMY__ 0.006830854516877899	false	0.5
verhasst	neg 1.0		off 0.5217994483500956 neg 0.4713433109562991 __DUMMY__ 0.006857240693605205	false	0.5
beschweren	neg 1.0		off 0.5232708799893743 neg 0.4698550029249168 __DUMMY__ 0.006874117085709011	false	0.5
scheiden	neg 1.0		off 0.5203319084072027 neg 0.4727980979390892 __DUMMY__ 0.006869993653708042	false	0.5
frustriert	neg 1.0		off 0.5196957029522454 neg 0.4734062585937015 __DUMMY__ 0.006898038454053231	false	0.5
schimmelig	neg 1.0		off 0.5152529926713453 neg 0.4778876822594709 __DUMMY__ 0.006859325069183873	false	0.5
fisch	neg 1.0		off 0.5115048695122182 neg 0.4816197058040293 __DUMMY__ 0.006875424683752493	false	0.5
schmuggel	neg 1.0		off 0.5175353986477538 neg 0.4754969977684883 __DUMMY__ 0.0069676035837580065	false	0.5
auffallen	neg 1.0		off 0.5228731300504033 neg 0.4702702101728866 __DUMMY__ 0.006856659776710052	false	0.5
konkurrenz	neg 1.0		off 0.5177179579695302 neg 0.4753360357373206 __DUMMY__ 0.006946006293149203	false	0.5
teufelskreis	neg 1.0	neg 1.0	neg 0.7222762949560413 off 0.2744717356168961 __DUMMY__ 0.0032519694270627163	false	1.0
aufschreien	neg 1.0		off 0.5223969242965958 neg 0.4707689252130801 __DUMMY__ 0.006834150490324144	false	0.5
schuldner	neg 1.0		off 0.5134212343636159 neg 0.4797082994472398 __DUMMY__ 0.006870466189144375	false	0.5
missgeburt	off 1.0	off 1.0	off 0.7520912248361933 neg 0.2447260802774389 __DUMMY__ 0.0031826948863678613	false	1.0
arbeitslos	neg 1.0		off 0.5182923084569603 neg 0.4748045105532092 __DUMMY__ 0.006903180989830569	false	0.5
befallen	neg 1.0		off 0.5165042529020183 neg 0.47665954559066903 __DUMMY__ 0.006836201507312613	false	0.5
miesepetrig	off 1.0	off 1.0	off 0.7481268245042815 neg 0.24863957934364825 __DUMMY__ 0.0032335961520703017	false	1.0
alarmieren	neg 1.0		off 0.5254309413027181 neg 0.46773428858942373 __DUMMY__ 0.006834770107858119	false	0.5
ungeduscht	off 1.0		off 0.523089427581526 neg 0.47010466353375296 __DUMMY__ 0.006805908884721148	false	1.0
knappheit	neg 1.0		off 0.5155871606276434 neg 0.4775620440631406 __DUMMY__ 0.006850795309215824	false	0.5
schlange	neg 1.0		off 0.5215040143653356 neg 0.47161227853576976 __DUMMY__ 0.006883707098894733	false	0.5
harsch	neg 1.0		off 0.5299645855564434 neg 0.4632522266632565 __DUMMY__ 0.006783187780300163	false	0.5
lang	neg 1.0		off 0.5215448767850748 neg 0.4715944274399964 __DUMMY__ 0.006860695774928878	false	0.5
ziellos	neg 1.0		off 0.517606966093214 neg 0.47546322892502696 __DUMMY__ 0.006929804981758959	false	0.5
selbstverliebt	neg 1.0		off 0.5350913431771288 neg 0.4582309463852351 __DUMMY__ 0.00667771043763627	false	0.5
beseitigen	neg 1.0		off 0.5218122047389098 neg 0.4712891700096737 __DUMMY__ 0.0068986252514165155	false	0.5
dumm	off 1.0		off 0.530643393811317 neg 0.4626269900807953 __DUMMY__ 0.006729616107887819	false	1.0
arbeitsloser	neg 1.0		off 0.5225623528916129 neg 0.47047205531388825 __DUMMY__ 0.0069655917944988245	false	0.5
blitzen	neg 1.0		off 0.5232484618016934 neg 0.4699299162920749 __DUMMY__ 0.006821621906231594	false	0.5
hilflos	neg 1.0		off 0.5182873381273481 neg 0.4748128211148279 __DUMMY__ 0.0068998407578240144	false	0.5
eklig	off 1.0		off 0.5295599259663455 neg 0.46373892671726996 __DUMMY__ 0.006701147316384561	false	1.0
begriff			off 0.520408979054303 neg 0.4727063638396095 __DUMMY__ 0.006884657106087505	false	0.0
hungersnot	neg 1.0		off 0.5170006385270254 neg 0.4761289708722568 __DUMMY__ 0.006870390600717611	false	0.5
ungesetzlich	neg 1.0		off 0.5217636724369203 neg 0.47139876756128735 __DUMMY__ 0.006837560001792458	false	0.5
verschwendung	neg 1.0		off 0.5162680730959854 neg 0.47681887687666147 __DUMMY__ 0.006913050027353165	false	0.5
schmerzvoll	neg 1.0		off 0.520874895973038 neg 0.47227857886714925 __DUMMY__ 0.006846525159812607	false	0.5
vorzeitig	neg 1.0		off 0.5259392396412185 neg 0.46722674508554746 __DUMMY__ 0.006834015273234029	false	0.5
unvollkommenheit	neg 1.0		off 0.5185711509135587 neg 0.4745476413037589 __DUMMY__ 0.006881207782682488	false	0.5
intervenieren	neg 1.0		off 0.5151266206971511 neg 0.4779947858845169 __DUMMY__ 0.006878593418331983	false	0.5
banause	off 1.0		off 0.5288370252498302 neg 0.46451032872534687 __DUMMY__ 0.006652646024823064	false	1.0
rebell	neg 1.0		off 0.5102763623927148 neg 0.48282109319786715 __DUMMY__ 0.006902544409418109	false	0.5
unlogisch	neg 1.0		off 0.5268289092273772 neg 0.4663981074118327 __DUMMY__ 0.006772983360790091	false	0.5
leiden	neg 1.0		off 0.5184026293805413 neg 0.4746262972915832 __DUMMY__ 0.0069710733278754095	false	0.5
abschaffung	neg 1.0		off 0.5193965096726985 neg 0.47377368303987527 __DUMMY__ 0.006829807287426366	false	0.5
sturz	neg 1.0		off 0.525157153558115 neg 0.467945898209275 __DUMMY__ 0.0068969482326099495	false	0.5
verkleinerung	neg 1.0		off 0.5205109834473661 neg 0.4727172762623658 __DUMMY__ 0.006771740290268068	false	0.5
schmarotzer	off 1.0		off 0.5191873634311326 neg 0.47391839767364513 __DUMMY__ 0.006894238895222353	false	1.0
bestrafung	neg 1.0	neg 1.0	neg 0.7202585476790911 off 0.2764753825261304 __DUMMY__ 0.0032660697947783962	false	1.0
achtlos	neg 1.0		off 0.520330328742931 neg 0.47276306699832304 __DUMMY__ 0.006906604258746064	false	0.5
