unsolidarisch	neg 1.0		__DUMMY__ 0.45368793103770905 off 0.2859840002173083 neg 0.2603280687449828	false	0.5
nachteilig	neg 1.0		__DUMMY__ 0.4588387931969405 off 0.2819226089220493 neg 0.2592385978810102	false	0.5
skeptisch	neg 1.0		__DUMMY__ 0.45893367851368483 off 0.2803497785025731 neg 0.2607165429837421	false	0.5
schrecklich	neg 1.0		__DUMMY__ 0.44991227395388167 off 0.29564014500783575 neg 0.2544475810382826	false	0.5
schlapp	neg 1.0	neg 1.0	neg 0.6157133340419199 __DUMMY__ 0.2187548555585347 off 0.1655318103995455	false	1.0
abfall	neg 1.0		__DUMMY__ 0.46230208810769835 off 0.2775360921328757 neg 0.26016181975942587	false	0.5
widerspenstig	neg 1.0		__DUMMY__ 0.4551340200028803 off 0.2843594407730095 neg 0.2605065392241103	false	0.5
abrupt	neg 1.0		__DUMMY__ 0.45766088568419944 off 0.27904613367040626 neg 0.26329298064539447	false	0.5
unwirksam	neg 1.0		__DUMMY__ 0.4508349482883566 off 0.28408159579077924 neg 0.26508345592086435	false	0.5
angreifen	neg 1.0		__DUMMY__ 0.4596820180055395 off 0.27990506209868243 neg 0.2604129198957782	false	0.5
inkonsistent	neg 1.0		__DUMMY__ 0.45227703379176537 off 0.28766088851987887 neg 0.2600620776883558	false	0.5
abrutschen	neg 1.0		__DUMMY__ 0.46181143085571086 off 0.27688389496271465 neg 0.2613046741815745	false	0.5
unsicher	neg 1.0		__DUMMY__ 0.45680495759386 off 0.2856969429455281 neg 0.25749809946061203	false	0.5
bauernkind	off 1.0	off 1.0	off 0.6380299646284961 __DUMMY__ 0.21408599339312334 neg 0.14788404197838062	false	1.0
angreifer	neg 1.0		__DUMMY__ 0.45645593924710515 off 0.29108475471651485 neg 0.25245930603638006	false	0.5
trennen	neg 1.0		__DUMMY__ 0.46038219097423644 off 0.2798119831952423 neg 0.25980582583052136	false	0.5
schmutz	neg 1.0		__DUMMY__ 0.45794694730555713 off 0.2905456539000802 neg 0.2515073987943627	false	0.5
inkonsistenz	neg 1.0		__DUMMY__ 0.4527682837095816 off 0.2911221332856862 neg 0.2561095830047323	false	0.5
erschreckend	neg 1.0		__DUMMY__ 0.45639460057941894 off 0.2847114339473596 neg 0.25889396547322147	false	0.5
ertrinken	neg 1.0		__DUMMY__ 0.45866013432315667 off 0.27874008206432827 neg 0.262599783612515	false	0.5
pickelface	off 1.0		__DUMMY__ 0.4552308146739784 off 0.2859598919456905 neg 0.25880929338033104	false	1.0
seiner			__DUMMY__ 0.46010219691068327 off 0.2805858268278904 neg 0.25931197626142627	false	0.0
lauch	neg 1.0	neg 1.0	neg 0.6193938379844499 __DUMMY__ 0.22327416828390415 off 0.15733199373164583	false	1.0
unwichtig	neg 1.0		__DUMMY__ 0.45273916343521975 off 0.2910491161515884 neg 0.2562117204131919	false	0.5
steuerhinterziehung	neg 1.0		__DUMMY__ 0.45543531529104714 off 0.28449000254949247 neg 0.26007468215946034	false	0.5
schock	neg 1.0		__DUMMY__ 0.4572953571908837 off 0.28374236126917984 neg 0.2589622815399364	false	0.5
beule	neg 1.0		__DUMMY__ 0.45002594127702317 off 0.2930203823462792 neg 0.2569536763766975	false	0.5
vergelten	neg 1.0		__DUMMY__ 0.44975407311757615 off 0.29688703930123006 neg 0.25335888758119374	false	0.5
verdorbenheit	neg 1.0		__DUMMY__ 0.4552425124027542 off 0.2867956245171158 neg 0.2579618630801301	false	0.5
trauma	neg 1.0		__DUMMY__ 0.45429987994085197 off 0.2868261743012266 neg 0.25887394575792155	false	0.5
sinnlos	neg 1.0		__DUMMY__ 0.4547169532874994 off 0.28777702236101316 neg 0.2575060243514874	false	0.5
fettsack	off 1.0	off 1.0	off 0.6391959043818783 __DUMMY__ 0.21434957930278445 neg 0.14645451631533718	false	1.0
feige	off 1.0	off 1.0	off 0.6359642335315889 __DUMMY__ 0.2182426670002592 neg 0.1457930994681518	false	1.0
abdanken	neg 1.0		__DUMMY__ 0.4575481138951687 off 0.28587621971878796 neg 0.2565756663860435	false	0.5
wichtigtuer	off 1.0	off 1.0	off 0.634243508764794 __DUMMY__ 0.22021930879516668 neg 0.14553718244003938	false	1.0
misslingen	neg 1.0		__DUMMY__ 0.4570568408939355 off 0.2879987667327151 neg 0.2549443923733494	false	0.5
untreu	off 1.0		__DUMMY__ 0.4518133006018852 off 0.2923520477642178 neg 0.25583465163389707	false	1.0
missmutig	neg 1.0		__DUMMY__ 0.45311877520189503 off 0.28941030599431483 neg 0.25747091880379014	false	0.5
hurenbock	off 1.0		__DUMMY__ 0.45122010572313204 off 0.2837698103037221 neg 0.26501008397314585	false	1.0
betrunken	neg 1.0		__DUMMY__ 0.45033526731486806 off 0.294302258879165 neg 0.25536247380596705	false	0.5
korrupt	off 1.0		__DUMMY__ 0.45517285254770556 off 0.28374542588332224 neg 0.2610817215689721	false	1.0
unmut	neg 1.0		__DUMMY__ 0.460347053341422 off 0.2785170706090353 neg 0.26113587604954264	false	0.5
hackfresse	off 1.0		__DUMMY__ 0.4465766445495714 off 0.30053474795054863 neg 0.25288860749988	false	1.0
aufblasen	neg 1.0		__DUMMY__ 0.45559698138644833 off 0.2858300388405232 neg 0.25857297977302857	false	0.5
gewaltsam	neg 1.0		__DUMMY__ 0.45769677055235647 off 0.2859324042038095 neg 0.256370825243834	false	0.5
unbeliebtheit	neg 1.0		__DUMMY__ 0.45196870802176303 off 0.29253527159838416 neg 0.2554960203798529	false	0.5
sturheit	neg 1.0		__DUMMY__ 0.45781549118941234 off 0.2852918356134762 neg 0.2568926731971115	false	0.5
kuh	neg 1.0		__DUMMY__ 0.44650003833251933 off 0.2855786365693047 neg 0.26792132509817584	false	0.5
erschrecken	neg 1.0		__DUMMY__ 0.45336145210943934 off 0.29002078790775937 neg 0.25661775998280123	false	0.5
opfer	neg 1.0		__DUMMY__ 0.4606897402411606 off 0.2831120848335116 neg 0.25619817492532776	false	0.5
sinken	neg 1.0		__DUMMY__ 0.4582611269216119 off 0.27822121336021477 neg 0.26351765971817337	false	0.5
stinktier	neg 1.0		__DUMMY__ 0.4435805659649244 off 0.29595082832235353 neg 0.260468605712722	false	0.5
tucke	off 1.0		__DUMMY__ 0.441435175167337 off 0.3010699685574118 neg 0.25749485627525115	false	1.0
ein			__DUMMY__ 0.45440310276714024 off 0.2835386787972262 neg 0.2620582184356336	false	0.0
abstieg	neg 1.0		__DUMMY__ 0.460478934252891 off 0.28467036578574106 neg 0.25485069996136794	false	0.5
missverstehen	neg 1.0		__DUMMY__ 0.4542337456178398 off 0.28886493525133944 neg 0.25690131913082076	false	0.5
ergebnislos	neg 1.0		__DUMMY__ 0.4602165226771176 off 0.2824402055184532 neg 0.2573432718044292	false	0.5
unter			__DUMMY__ 0.4656046182288485 off 0.2731797242250804 neg 0.2612156575460712	false	0.0
manipulieren	neg 1.0		__DUMMY__ 0.459497963277363 off 0.28113903088406683 neg 0.25936300583857025	false	0.5
unbewiesen	neg 1.0	neg 1.0	neg 0.6165089751189616 __DUMMY__ 0.2204856753121345 off 0.16300534956890386	false	1.0
verschleppen	neg 1.0		__DUMMY__ 0.45762599961096356 off 0.28269056090835476 neg 0.2596834394806818	false	0.5
weib	off 1.0		__DUMMY__ 0.44322487411749256 off 0.3019961424309985 neg 0.25477898345150907	false	1.0
opposition	neg 1.0		__DUMMY__ 0.453527924275451 off 0.2868717950245114 neg 0.2596002807000375	false	0.5
verkehrswidrig	neg 1.0		__DUMMY__ 0.45064344601695705 off 0.2980486193267136 neg 0.2513079346563294	false	0.5
inkorrekt	neg 1.0		__DUMMY__ 0.44963261144146244 off 0.2953417085155986 neg 0.2550256800429389	false	0.5
vermeiden	neg 1.0		__DUMMY__ 0.46221244957544344 off 0.27632327563125997 neg 0.2614642747932966	false	0.5
abweichung	neg 1.0	neg 1.0	neg 0.6162004121354597 __DUMMY__ 0.22263607088413803 off 0.16116351698040227	false	1.0
alkoholisiert	neg 1.0		__DUMMY__ 0.46275952814901533 off 0.28176314560609916 neg 0.25547732624488545	false	0.5
scheiss	off 1.0	off 1.0	off 0.6365584637413456 __DUMMY__ 0.21713979454324678 neg 0.14630174171540758	false	1.0
herausforderung	neg 1.0		__DUMMY__ 0.4577060338213217 off 0.2828118433964688 neg 0.25948212278220967	false	0.5
pervers	off 1.0		__DUMMY__ 0.4426317041138744 off 0.3050248360869877 neg 0.25234345979913775	false	1.0
wackelig	neg 1.0		__DUMMY__ 0.458421274847197 off 0.2829648115792541 neg 0.25861391357354896	false	0.5
verwickeln	neg 1.0		__DUMMY__ 0.4550185371325219 off 0.2879833744165323 neg 0.2569980884509458	false	0.5
vorwand	neg 1.0		__DUMMY__ 0.4597190141083179 off 0.2793648593214024 neg 0.2609161265702798	false	0.5
muschi	off 1.0		__DUMMY__ 0.4568131895099995 off 0.2852154398117501 neg 0.2579713706782503	false	1.0
entmutigung	neg 1.0		__DUMMY__ 0.4516622207857995 off 0.2872698851503226 neg 0.2610678940638781	false	0.5
unangemessen	neg 1.0		__DUMMY__ 0.45732401267064027 off 0.2846298110848653 neg 0.25804617624449455	false	0.5
unstetig	neg 1.0		__DUMMY__ 0.45257277034896454 off 0.28968617777836725 neg 0.25774105187266816	false	0.5
entmutigen	neg 1.0		__DUMMY__ 0.45539954512982234 off 0.28665369332801244 neg 0.2579467615421651	false	0.5
schwanz	neg 1.0		__DUMMY__ 0.4571083459348498 off 0.28241503030027976 neg 0.2604766237648703	false	0.5
verbot	neg 1.0		__DUMMY__ 0.4559084313772555 off 0.28357553124792473 neg 0.2605160373748197	false	0.5
leid	neg 1.0		__DUMMY__ 0.44843058317455087 off 0.29728591725598486 neg 0.2542834995694641	false	0.5
archaisch	neg 1.0		__DUMMY__ 0.45600321354155354 off 0.28353047598645004 neg 0.2604663104719965	false	0.5
gegen			__DUMMY__ 0.4617513296078799 off 0.27983151733947886 neg 0.2584171530526414	false	0.0
scheidung	neg 1.0		__DUMMY__ 0.44428331439432395 off 0.3103943887151418 neg 0.24532229689053434	false	0.5
einschlag	neg 1.0		__DUMMY__ 0.45229067555637065 off 0.29720529654633854 neg 0.2505040278972908	false	0.5
m			__DUMMY__ 0.4575797783182756 off 0.2833095168238647 neg 0.2591107048578597	false	0.0
abgestanden	neg 1.0		__DUMMY__ 0.45011547210146075 off 0.2829035130559566 neg 0.2669810148425827	false	0.5
schmierig	off 1.0		__DUMMY__ 0.44830427127335204 off 0.2967504418570683 neg 0.2549452868695798	false	1.0
unpraktisch	neg 1.0		__DUMMY__ 0.4555186594192742 off 0.287288394300644 neg 0.25719294628008166	false	0.5
wixxer	off 1.0		__DUMMY__ 0.44090919816766455 off 0.3047131533105218 neg 0.2543776485218138	false	1.0
bezeichnet			__DUMMY__ 0.45663880041713234 off 0.2863745613518746 neg 0.25698663823099316	false	0.0
jammerlappen	off 1.0		__DUMMY__ 0.4525937466164508 off 0.29135240209350544 neg 0.2560538512900439	false	1.0
farce	neg 1.0		__DUMMY__ 0.45424042866998343 off 0.2850445215782212 neg 0.26071504975179555	false	0.5
zwecklos	neg 1.0		__DUMMY__ 0.4570636768336283 off 0.28312002548039567 neg 0.2598162976859759	false	0.5
turbulent	neg 1.0		__DUMMY__ 0.4498538408325436 off 0.293106308327074 neg 0.25703985084038244	false	0.5
invasion	neg 1.0		__DUMMY__ 0.45387594117091984 off 0.28839294749538164 neg 0.2577311113336985	false	0.5
schuld	neg 1.0		__DUMMY__ 0.4554402365384053 off 0.28714654890620006 neg 0.25741321455539456	false	0.5
risiko	neg 1.0		__DUMMY__ 0.45201158325857194 off 0.28673958570261776 neg 0.2612488310388102	false	0.5
finster	neg 1.0		__DUMMY__ 0.4538499528280074 off 0.2840684461946636 neg 0.2620816009773292	false	0.5
geisteskrank	off 1.0		__DUMMY__ 0.45079172225158715 off 0.2941359779705333 neg 0.25507229977787954	false	1.0
zusammenbrechen	neg 1.0		__DUMMY__ 0.4566841246375542 off 0.28314698849993103 neg 0.2601688868625147	false	0.5
ausbeute	neg 1.0		__DUMMY__ 0.4592611086099808 off 0.2855056036252696 neg 0.2552332877647497	false	0.5
hinterhalt	neg 1.0		__DUMMY__ 0.4560326415505724 off 0.28358626890662453 neg 0.26038108954280303	false	0.5
kritik	neg 1.0		__DUMMY__ 0.4544712632585771 off 0.28477879107052223 neg 0.26074994567090065	false	0.5
einschrumpfen	neg 1.0		__DUMMY__ 0.45035139947305997 off 0.2906212225566211 neg 0.2590273779703189	false	0.5
riskant	neg 1.0		__DUMMY__ 0.45815504900648646 off 0.280269175117346 neg 0.2615757758761674	false	0.5
frustrieren	neg 1.0		__DUMMY__ 0.45737007563529497 off 0.28118874186692977 neg 0.26144118249777526	false	0.5
groll	neg 1.0		__DUMMY__ 0.45836388968636677 off 0.2840561825887707 neg 0.2575799277248625	false	0.5
gibt			__DUMMY__ 0.45755603732097916 off 0.2829410554279477 neg 0.2595029072510731	false	0.0
qualvoll	neg 1.0		__DUMMY__ 0.4545424291494449 off 0.28791842231250275 neg 0.2575391485380523	false	0.5
wackeln	neg 1.0		__DUMMY__ 0.45623189434818434 off 0.2853185306436588 neg 0.2584495750081567	false	0.5
klagen	neg 1.0		__DUMMY__ 0.45894682145435317 off 0.27932545596024033 neg 0.2617277225854066	false	0.5
bankrott	neg 1.0		__DUMMY__ 0.45353862745388174 off 0.29097059313761037 neg 0.25549077940850795	false	0.5
trauern	neg 1.0		__DUMMY__ 0.462407235568598 off 0.2824483527954801 neg 0.2551444116359219	false	0.5
ablehnung	neg 1.0		__DUMMY__ 0.45481777837448906 off 0.28403981751942753 neg 0.2611424041060834	false	0.5
stur	neg 1.0		__DUMMY__ 0.45491802092051925 off 0.2869058677845728 neg 0.25817611129490786	false	0.5
aufruhr	neg 1.0	neg 1.0	neg 0.6161618752252496 __DUMMY__ 0.2212938346904727 off 0.16254429008427768	false	1.0
melancholie	neg 1.0		__DUMMY__ 0.4569558796871305 off 0.27923283837692237 neg 0.26381128193594705	false	0.5
ist			__DUMMY__ 0.4546928166232013 off 0.2873974564659047 neg 0.25790972691089403	false	0.0
torheit	neg 1.0		__DUMMY__ 0.4549273943012207 off 0.2870257938309683 neg 0.2580468118678109	false	0.5
dreckskind	off 1.0		__DUMMY__ 0.44468904011500765 off 0.3012666864281983 neg 0.25404427345679415	false	1.0
umtauschen	neg 1.0		__DUMMY__ 0.456124134191703 off 0.284701249302848 neg 0.2591746165054488	false	0.5
zum			__DUMMY__ 0.46589158716533324 off 0.27821013417096624 neg 0.2558982786637006	false	0.0
zersetzen	neg 1.0		__DUMMY__ 0.45776261260688494 off 0.27994642750165005 neg 0.2622909598914651	false	0.5
zur			__DUMMY__ 0.46248763261981574 off 0.27669315673236133 neg 0.2608192106478228	false	0.0
frust	neg 1.0		__DUMMY__ 0.4573211393237912 off 0.2831226631570273 neg 0.25955619751918146	false	0.5
unerbittlichkeit	neg 1.0		__DUMMY__ 0.45896113195892585 off 0.28164569420288554 neg 0.2593931738381886	false	0.5
zwei			__DUMMY__ 0.4632909554657929 off 0.27636300537569713 neg 0.26034603915850996	false	0.0
unkorrekt	neg 1.0		__DUMMY__ 0.4504869106989633 off 0.29405813650147117 neg 0.2554549527995654	false	0.5
hexe	off 1.0		__DUMMY__ 0.44952952664651025 off 0.28940468175990625 neg 0.2610657915935837	false	1.0
lasch	neg 1.0		__DUMMY__ 0.4536443271303298 off 0.29068008660619526 neg 0.25567558626347486	false	0.5
rivale	neg 1.0		__DUMMY__ 0.4498666361381765 off 0.2956536477400693 neg 0.2544797161217542	false	0.5
mutlos	off 1.0	off 1.0	off 0.6305080031566878 __DUMMY__ 0.22175271249012923 neg 0.1477392843531831	false	1.0
wirr	off 1.0		__DUMMY__ 0.44854299441169226 off 0.29586984935971666 neg 0.255587156228591	false	1.0
jahr			__DUMMY__ 0.46315935286328136 off 0.2823676257363034 neg 0.2544730214004153	false	0.0
wird			__DUMMY__ 0.45830065294265576 off 0.28251606789117867 neg 0.2591832791661655	false	0.0
strafbar	neg 1.0		__DUMMY__ 0.45930146082173595 off 0.2817094516266953 neg 0.25898908755156874	false	0.5
erosion	neg 1.0		__DUMMY__ 0.4561447451922139 off 0.28598152504053354 neg 0.25787372976725254	false	0.5
eingehen	neg 1.0		__DUMMY__ 0.4574484418532059 off 0.28098691907397755 neg 0.26156463907281646	false	0.5
faul	off 1.0		__DUMMY__ 0.4532081830058584 off 0.2904393893673546 neg 0.25635242762678706	false	1.0
provisorium	neg 1.0		__DUMMY__ 0.46621912160834805 off 0.2735879864630465 neg 0.26019289192860545	false	0.5
schmerzen	neg 1.0		__DUMMY__ 0.455749118990257 off 0.28372123718693626 neg 0.26052964382280686	false	0.5
schrumpfen	neg 1.0		__DUMMY__ 0.4593866651053553 off 0.27536651139043633 neg 0.2652468235042084	false	0.5
geistlos	off 1.0		__DUMMY__ 0.45233786932191306 off 0.2883664758775858 neg 0.25929565480050126	false	1.0
fehlkauf	neg 1.0		__DUMMY__ 0.45327137154009817 off 0.28816846085596914 neg 0.2585601676039326	false	0.5
frustrierend	neg 1.0		__DUMMY__ 0.452895221893017 off 0.2896629789911162 neg 0.25744179911586684	false	0.5
unzufrieden	neg 1.0		__DUMMY__ 0.4575673157011265 off 0.2830549832976889 neg 0.2593777010011845	false	0.5
verzweifeln	neg 1.0		__DUMMY__ 0.4568826540433089 off 0.28452353721832774 neg 0.2585938087383634	false	0.5
verzweifelt	neg 1.0		__DUMMY__ 0.45479727427461913 off 0.28689507680607823 neg 0.25830764891930263	false	0.5
misstrauensantrag	neg 1.0		__DUMMY__ 0.45393881497226507 off 0.2876824371609222 neg 0.2583787478668127	false	0.5
abfallen	neg 1.0		__DUMMY__ 0.4551514026397301 off 0.2853304299864294 neg 0.2595181673738405	false	0.5
fucker	off 1.0		__DUMMY__ 0.4507893807206181 off 0.29523944422754544 neg 0.25397117505183653	false	1.0
ungezogen	neg 1.0		__DUMMY__ 0.44482133323988643 off 0.30281206146346695 neg 0.25236660529664656	false	0.5
irrsinnig	neg 1.0	neg 1.0	neg 0.6171615741443333 __DUMMY__ 0.22016231336045142 off 0.16267611249521532	false	1.0
unfassbar	neg 1.0		__DUMMY__ 0.45234360233939125 off 0.2925175597220485 neg 0.2551388379385602	false	0.5
hart	neg 1.0		__DUMMY__ 0.44715659370597005 off 0.2904311853516075 neg 0.26241222094242245	false	0.5
widerlich	off 1.0		__DUMMY__ 0.45125785178893424 off 0.29285585797364283 neg 0.25588629023742276	false	1.0
fatal	neg 1.0	neg 1.0	neg 0.6184503939211606 __DUMMY__ 0.2182857930850477 off 0.1632638129937917	false	1.0
bruch	neg 1.0		__DUMMY__ 0.46144521394021615 off 0.27858967433603443 neg 0.25996511172374953	false	0.5
aushungern	neg 1.0		__DUMMY__ 0.4558900863198066 off 0.28385172502360234 neg 0.26025818865659095	false	0.5
anspannung	neg 1.0		__DUMMY__ 0.46390459689507635 off 0.2768394001273471 neg 0.2592560029775766	false	0.5
von			__DUMMY__ 0.4598683835874498 off 0.2796951092096889 neg 0.2604365072028613	false	0.0
kraftlos	neg 1.0		__DUMMY__ 0.45764025662932256 off 0.2823560524695417 neg 0.26000369090113573	false	0.5
vom			__DUMMY__ 0.46744973290103625 off 0.2747955864016403 neg 0.25775468069732344	false	0.0
grenzdebil	off 1.0		__DUMMY__ 0.45100420183895323 off 0.2923619436586043 neg 0.2566338545024425	false	1.0
vor			__DUMMY__ 0.46072132216061185 off 0.27855751064394535 neg 0.26072116719544275	false	0.0
unterwerfen	neg 1.0		__DUMMY__ 0.45903463044431575 off 0.28245193861285 neg 0.2585134309428341	false	0.5
versenkung	neg 1.0		__DUMMY__ 0.4593214244833941 off 0.2817502972856106 neg 0.2589282782309955	false	0.5
entziehen	neg 1.0		__DUMMY__ 0.45967019001624204 off 0.2791960124961933 neg 0.26113379748756455	false	0.5
finanzkrise	neg 1.0		__DUMMY__ 0.4504645741717196 off 0.28264332912235124 neg 0.2668920967059292	false	0.5
schimpfend	neg 1.0		__DUMMY__ 0.4566889683939613 off 0.2869701019826947 neg 0.25634092962334415	false	0.5
profan	neg 1.0		__DUMMY__ 0.4537591397799522 off 0.2879835081516794 neg 0.2582573520683683	false	0.5
korruption	neg 1.0		__DUMMY__ 0.4553545469457353 off 0.28277901173936737 neg 0.2618664413148973	false	0.5
â			__DUMMY__ 0.45732104058502726 off 0.28230923311891953 neg 0.2603697262960532	false	0.0
schmutzig	neg 1.0		__DUMMY__ 0.45135494238945306 off 0.29272946083389917 neg 0.2559155967766478	false	0.5
sexy	neg 1.0		__DUMMY__ 0.45380326995656134 off 0.29012408047307825 neg 0.2560726495703605	false	0.5
abraten	neg 1.0		__DUMMY__ 0.4549261958510614 off 0.28783258717409294 neg 0.2572412169748456	false	0.5
schwarz	neg 1.0		__DUMMY__ 0.45447934458769884 off 0.28818428714943034 neg 0.2573363682628709	false	0.5
fotze	off 1.0	off 1.0	off 0.6309788919143999 __DUMMY__ 0.22158301531364435 neg 0.14743809277195571	false	1.0
verwirren	neg 1.0		__DUMMY__ 0.4542967437079561 off 0.28860724950527156 neg 0.2570960067867725	false	0.5
zahnlos	off 1.0		__DUMMY__ 0.4569747741610777 off 0.2841472101531271 neg 0.2588780156857953	false	1.0
verheeren	neg 1.0		__DUMMY__ 0.44456981630003317 off 0.30448696280413534 neg 0.2509432208958316	false	0.5
hippie	neg 1.0		__DUMMY__ 0.4535112040222804 off 0.28953887794045396 neg 0.2569499180372657	false	0.5
rammen	neg 1.0		__DUMMY__ 0.45518670299487723 off 0.28598536148995307 neg 0.25882793551516964	false	0.5
unlauter	neg 1.0		__DUMMY__ 0.45330050994883264 off 0.2874667084601708 neg 0.2592327815909965	false	0.5
unheilvoll	neg 1.0		__DUMMY__ 0.45415392019002626 off 0.2864236885162869 neg 0.2594223912936868	false	0.5
niedrig	neg 1.0		__DUMMY__ 0.45599879199875154 off 0.2814197187475995 neg 0.262581489253649	false	0.5
explosion	neg 1.0		__DUMMY__ 0.4538499988491912 off 0.2895433673327779 neg 0.256606633818031	false	0.5
weichei	off 1.0	off 1.0	off 0.6390966020078116 __DUMMY__ 0.21532507778758317 neg 0.14557832020460523	false	1.0
minusmensch	off 1.0		__DUMMY__ 0.44312304572901584 off 0.303498316395454 neg 0.25337863787553017	false	1.0
farblos	neg 1.0		__DUMMY__ 0.45466225707350677 off 0.2866807296663322 neg 0.258657013260161	false	0.5
unwissend	neg 1.0	neg 1.0	neg 0.6162910480541125 __DUMMY__ 0.21854259989153724 off 0.1651663520543503	false	1.0
traurig	neg 1.0		__DUMMY__ 0.45035343082103796 off 0.29527464564290323 neg 0.25437192353605875	false	0.5
senkung	neg 1.0		__DUMMY__ 0.45054882281395986 off 0.2874300271551383 neg 0.2620211500309019	false	0.5
ungleich	neg 1.0	neg 1.0	neg 0.6180801660705089 __DUMMY__ 0.22185724861316397 off 0.16006258531632722	false	1.0
heikel	neg 1.0		__DUMMY__ 0.4588197566072166 off 0.28088163092580704 neg 0.2602986124669764	false	0.5
drosselung	neg 1.0		__DUMMY__ 0.4481246754718418 off 0.2913115602690398 neg 0.2605637642591185	false	0.5
falsch	neg 1.0		__DUMMY__ 0.45380018152697865 off 0.2904434668648178 neg 0.2557563516082035	false	0.5
unzufriedenheit	neg 1.0		__DUMMY__ 0.4572832263064199 off 0.2797867316404362 neg 0.2629300420531439	false	0.5
kurz	neg 1.0		__DUMMY__ 0.45854646951185324 off 0.28369774209809967 neg 0.2577557883900471	false	0.5
unsinnig	neg 1.0		__DUMMY__ 0.45509291873796004 off 0.2839892983121823 neg 0.26091778294985757	false	0.5
penner	off 1.0	off 1.0	off 0.6405342028389207 __DUMMY__ 0.215244638384386 neg 0.1442211587766933	false	1.0
seicht	neg 1.0		__DUMMY__ 0.44342255519405016 off 0.3010897008572003 neg 0.25548774394874946	false	0.5
dummheit	off 1.0	off 1.0	off 0.6338769608971007 __DUMMY__ 0.21908706879006787 neg 0.14703597031283144	false	1.0
unerfreulich	neg 1.0		__DUMMY__ 0.4586356687951562 off 0.28030204006844545 neg 0.26106229113639845	false	0.5
motherfucker	off 1.0	off 1.0	off 0.6372363986739769 __DUMMY__ 0.21777057066954522 neg 0.1449930306564779	false	1.0
pikiert	neg 1.0		__DUMMY__ 0.45155804811836636 off 0.2914570834654481 neg 0.2569848684161856	false	0.5
wrack	neg 1.0		__DUMMY__ 0.46146366238939873 off 0.28530163436165124 neg 0.2532347032489499	false	0.5
gangster	neg 1.0		__DUMMY__ 0.4533107012792067 off 0.2897453700256381 neg 0.2569439286951553	false	0.5
krank	neg 1.0		__DUMMY__ 0.45233365557200356 off 0.293054361993461 neg 0.2546119824345355	false	0.5
reich	neg 1.0		__DUMMY__ 0.4500045823290915 off 0.2890169282840725 neg 0.26097848938683604	false	0.5
gnadenlos	neg 1.0		__DUMMY__ 0.4558851459273056 off 0.28696118846086155 neg 0.25715366561183267	false	0.5
niedergeschlagen	neg 1.0		__DUMMY__ 0.45925527333854504 off 0.2835754031546462 neg 0.25716932350680877	false	0.5
terrorisieren	off 1.0	off 1.0	off 0.6300696989985322 __DUMMY__ 0.2227939453013591 neg 0.14713635570010875	false	1.0
sinnlosigkeit	neg 1.0		__DUMMY__ 0.45707338896387434 off 0.2835079094994735 neg 0.2594187015366521	false	0.5
behindern	neg 1.0		__DUMMY__ 0.4553237301403197 off 0.28501788091818436 neg 0.25965838894149595	false	0.5
undemokratisch	neg 1.0		__DUMMY__ 0.4533579344725198 off 0.2878698673308493 neg 0.2587721981966307	false	0.5
wirtschaftskrise	neg 1.0		__DUMMY__ 0.45419762726031226 off 0.281715890889049 neg 0.2640864818506385	false	0.5
neid	neg 1.0		__DUMMY__ 0.4536873235161539 off 0.28939215775564014 neg 0.25692051872820604	false	0.5
rutschen	neg 1.0		__DUMMY__ 0.46306118007779223 off 0.2758903922627732 neg 0.2610484276594345	false	0.5
rezession	neg 1.0		__DUMMY__ 0.4453652012625272 off 0.29344734014221585 neg 0.261187458595257	false	0.5
fehlgeburt	neg 1.0		__DUMMY__ 0.45706377441547713 off 0.28662126590224635 neg 0.25631495968227647	false	0.5
charakterschwach	off 1.0		__DUMMY__ 0.4509615853328429 off 0.2920314986502216 neg 0.25700691601693554	false	1.0
isolation	neg 1.0		__DUMMY__ 0.45435462268162036 off 0.2905867232298672 neg 0.2550586540885123	false	0.5
ablenkung	neg 1.0		__DUMMY__ 0.45686005439307126 off 0.28552667424528577 neg 0.25761327136164286	false	0.5
pech	neg 1.0		__DUMMY__ 0.45259025049235163 off 0.2901364576898857 neg 0.2572732918177627	false	0.5
vermeidung	neg 1.0		__DUMMY__ 0.45049222367514735 off 0.2921699122592209 neg 0.25733786406563186	false	0.5
dominieren	neg 1.0		__DUMMY__ 0.457123426293994 off 0.2840143952117576 neg 0.25886217849424836	false	0.5
schwindlig	neg 1.0		__DUMMY__ 0.4539249111076366 off 0.28743942677016615 neg 0.2586356621221973	false	0.5
lutscher	neg 1.0	neg 1.0	neg 0.6148218521001447 __DUMMY__ 0.21311653458097135 off 0.17206161331888403	false	1.0
pflicht	neg 1.0		__DUMMY__ 0.4604679639438369 off 0.2797587438524578 neg 0.2597732922037055	false	0.5
faschist	off 1.0		__DUMMY__ 0.4541407369321362 off 0.2904258404568143 neg 0.2554334226110495	false	1.0
verschleudern	neg 1.0		__DUMMY__ 0.45486986615817043 off 0.28018265818818283 neg 0.2649474756536467	false	0.5
wenn			__DUMMY__ 0.45267231798933 off 0.2909501598686338 neg 0.25637752214203613	false	0.0
ehebruch	neg 1.0		__DUMMY__ 0.4580096680694129 off 0.2827347209427656 neg 0.2592556109878214	false	0.5
spott	off 1.0		__DUMMY__ 0.45887947886280134 off 0.2829205687566566 neg 0.2581999523805421	false	1.0
trostlosigkeit	neg 1.0		__DUMMY__ 0.4576456124450114 off 0.2783011383014386 neg 0.2640532492535501	false	0.5
lutschen	neg 1.0		__DUMMY__ 0.45234676352595127 off 0.29005452755752076 neg 0.25759870891652786	false	0.5
undiszipliniert	neg 1.0		__DUMMY__ 0.45041423052198865 off 0.2943095288024919 neg 0.2552762406755196	false	0.5
kopfschmerz	neg 1.0		__DUMMY__ 0.45537328547221667 off 0.2806948152395398 neg 0.2639318992882434	false	0.5
unvorhergesehen	neg 1.0		__DUMMY__ 0.46098143210062753 off 0.2802092791393575 neg 0.258809288760015	false	0.5
desinteressiert	neg 1.0		__DUMMY__ 0.4506370585758589 off 0.2935506562859273 neg 0.2558122851382138	false	0.5
armselig	off 1.0		__DUMMY__ 0.44988690312185714 off 0.2963777068571824 neg 0.2537353900209606	false	1.0
desaster	neg 1.0		__DUMMY__ 0.45937376046050016 off 0.27845486962499627 neg 0.2621713699145035	false	0.5
tod	neg 1.0		__DUMMY__ 0.4589281743297297 off 0.28182667366282016 neg 0.25924515200745	false	0.5
herzlos	neg 1.0		__DUMMY__ 0.44997668209994707 off 0.2956549040147714 neg 0.2543684138852815	false	0.5
unwissenheit	neg 1.0		__DUMMY__ 0.4571169874639713 off 0.28309158025209596 neg 0.2597914322839329	false	0.5
widersinnig	neg 1.0		__DUMMY__ 0.45422250759456956 off 0.28374274664964094 neg 0.26203474575578944	false	0.5
bedenklich	neg 1.0		__DUMMY__ 0.4569833304280992 off 0.2818119795639745 neg 0.2612046900079264	false	0.5
beanstanden	neg 1.0		__DUMMY__ 0.46073064649059475 off 0.28079835895153676 neg 0.2584709945578685	false	0.5
panisch	neg 1.0		__DUMMY__ 0.4557472274452277 off 0.2881102599578741 neg 0.25614251259689813	false	0.5
debil	off 1.0		__DUMMY__ 0.46318967131985006 off 0.27310746870318015 neg 0.2637028599769698	false	1.0
abstrich	neg 1.0		__DUMMY__ 0.4560233725746405 off 0.2834923628136187 neg 0.26048426461174085	false	0.5
primitiv	neg 1.0		__DUMMY__ 0.45099132280965454 off 0.29393116112126555 neg 0.2550775160690799	false	0.5
abschaum	off 1.0	off 1.0	off 0.6362075042294094 __DUMMY__ 0.219335325565128 neg 0.1444571702054627	false	1.0
provozieren	neg 1.0		__DUMMY__ 0.45525219842820097 off 0.28672769352280747 neg 0.25802010804899167	false	0.5
tot	neg 1.0		__DUMMY__ 0.4557319680107795 off 0.2824807476743068 neg 0.26178728431491377	false	0.5
instabil	neg 1.0		__DUMMY__ 0.4476656659084384 off 0.29567609519250926 neg 0.25665823889905237	false	0.5
schwuchtel	off 1.0	off 1.0	off 0.6448684701233177 __DUMMY__ 0.2118308525227989 neg 0.14330067735388338	false	1.0
zerren	neg 1.0		__DUMMY__ 0.45856171375234833 off 0.2831406278924282 neg 0.25829765835522345	false	0.5
kinderficker	off 1.0		__DUMMY__ 0.448207167014103 off 0.2989337122769442 neg 0.2528591207089528	false	1.0
gefahr	neg 1.0		__DUMMY__ 0.4606242884634113 off 0.28051052092740164 neg 0.25886519060918706	false	0.5
rabiat	neg 1.0		__DUMMY__ 0.45621808123734886 off 0.28466410512080387 neg 0.2591178136418473	false	0.5
verlangsamung	neg 1.0		__DUMMY__ 0.4454388942900847 off 0.300037984725816 neg 0.2545231209840992	false	0.5
ausgestorben	neg 1.0		__DUMMY__ 0.45707350571292527 off 0.2844317580405526 neg 0.25849473624652214	false	0.5
anklagen	neg 1.0		__DUMMY__ 0.4575216235172683 off 0.28433390168474604 neg 0.2581444747979856	false	0.5
trott	neg 1.0		__DUMMY__ 0.4559354629268933 off 0.2855912778180344 neg 0.25847325925507236	false	0.5
verminderung	neg 1.0		__DUMMY__ 0.45080216040803556 off 0.29241743687541005 neg 0.2567804027165544	false	0.5
nach			__DUMMY__ 0.46489385439601094 off 0.27503311225975213 neg 0.26007303334423687	false	0.0
rost	neg 1.0		__DUMMY__ 0.4479065158601044 off 0.30301214582798186 neg 0.2490813383119138	false	0.5
destruktiv	neg 1.0		__DUMMY__ 0.4554083520588256 off 0.2852743965635606 neg 0.2593172513776137	false	0.5
unzumutbarkeit	neg 1.0		__DUMMY__ 0.45094373608086574 off 0.29229651913183985 neg 0.2567597447872944	false	0.5
labil	off 1.0	off 1.0	off 0.635281858873487 __DUMMY__ 0.21863999825376296 neg 0.14607814287275012	false	1.0
ziemlich	neg 1.0		__DUMMY__ 0.45266835484781903 off 0.2922364656715116 neg 0.25509517948066945	false	0.5
lachnummer	off 1.0		__DUMMY__ 0.4565662270154116 off 0.2866898767613307 neg 0.2567438962232578	false	1.0
oder			__DUMMY__ 0.45647914260971156 off 0.2864582180334681 neg 0.25706263935682033	false	0.0
verfall	neg 1.0		__DUMMY__ 0.45951894166533264 off 0.27564541239448226 neg 0.264835645940185	false	0.5
ausgrenzung	neg 1.0		__DUMMY__ 0.4530717219187771 off 0.28761625015840325 neg 0.25931202792281965	false	0.5
unordnung	neg 1.0		__DUMMY__ 0.448307450009661 off 0.2966008039799605 neg 0.25509174601037854	false	0.5
fehlverhalten	neg 1.0		__DUMMY__ 0.4586498692667423 off 0.28136455504208024 neg 0.25998557569117753	false	0.5
eine			__DUMMY__ 0.4596777210095185 off 0.2788445298579934 neg 0.26147774913248795	false	0.0
nille	neg 1.0		__DUMMY__ 0.45585724910466335 off 0.28604182975961645 neg 0.2581009211357201	false	0.5
qual	neg 1.0		__DUMMY__ 0.4558538064544131 off 0.2850890461641401 neg 0.2590571473814467	false	0.5
verschwenden	neg 1.0		__DUMMY__ 0.45718142595728095 off 0.2802434806585885 neg 0.2625750933841306	false	0.5
riesig	neg 1.0		__DUMMY__ 0.4589300978269522 off 0.2817347031055974 neg 0.2593351990674504	false	0.5
verurteilen	neg 1.0		__DUMMY__ 0.45741146848675196 off 0.28390612237484547 neg 0.25868240913840246	false	0.5
klischee	neg 1.0	neg 1.0	neg 0.6167550897380901 __DUMMY__ 0.21874532559031867 off 0.16449958467159112	false	1.0
diktatorisch	neg 1.0		__DUMMY__ 0.45314312849899036 off 0.28792196753865634 neg 0.2589349039623533	false	0.5
vorhersehbar	neg 1.0		__DUMMY__ 0.4526755443416315 off 0.28862969843962427 neg 0.2586947572187441	false	0.5
sowie			__DUMMY__ 0.44669589229357626 off 0.2972934575198422 neg 0.25601065018658153	false	0.0
stornieren	neg 1.0		__DUMMY__ 0.45783381027205683 off 0.2905364222595078 neg 0.2516297674684353	false	0.5
besteuerung	neg 1.0	neg 1.0	neg 0.6202076781297069 __DUMMY__ 0.21804266917813786 off 0.1617496526921553	false	1.0
ungeschminkt	neg 1.0		__DUMMY__ 0.4501362264830373 off 0.2935396431428799 neg 0.2563241303740829	false	0.5
kritisch	neg 1.0		__DUMMY__ 0.45739511340895583 off 0.2831786152866457 neg 0.25942627130439844	false	0.5
schlamperei	off 1.0		__DUMMY__ 0.4581924000807776 off 0.2817615669746383 neg 0.2600460329445841	false	1.0
sucht	neg 1.0	neg 1.0	neg 0.6160793578225374 __DUMMY__ 0.22072910476318594 off 0.16319153741427667	false	1.0
egoistisch	off 1.0	off 1.0	off 0.6395717224428439 __DUMMY__ 0.21673019040596628 neg 0.14369808715118992	false	1.0
ausbeuter	off 1.0		__DUMMY__ 0.45706198184786045 off 0.2803241197245841 neg 0.26261389842755556	false	1.0
arschgeburt	off 1.0		__DUMMY__ 0.4397011470090121 off 0.30756077030945345 neg 0.2527380826815345	false	1.0
schubs	neg 1.0		__DUMMY__ 0.4559878629146279 off 0.2813660081710224 neg 0.2626461289143497	false	0.5
unsolide	neg 1.0		__DUMMY__ 0.4541946358836525 off 0.28908478067585214 neg 0.2567205834404954	false	0.5
beschwerde	neg 1.0		__DUMMY__ 0.45778794420489 off 0.283828456016901 neg 0.25838359977820907	false	0.5
stocken	neg 1.0		__DUMMY__ 0.45755467425660135 off 0.28214114484867225 neg 0.26030418089472646	false	0.5
isolieren	neg 1.0		__DUMMY__ 0.4558452732129433 off 0.2828165011707852 neg 0.26133822561627146	false	0.5
unheilbar	neg 1.0		__DUMMY__ 0.45626685617723217 off 0.28601812964776097 neg 0.25771501417500686	false	0.5
pisser	off 1.0	off 1.0	off 0.6377068803660446 __DUMMY__ 0.2172611182512166 neg 0.14503200138273878	false	1.0
löschen	neg 1.0		__DUMMY__ 0.45512347047881013 off 0.2861130035851494 neg 0.2587635259360405	false	0.5
durchfallen	neg 1.0		__DUMMY__ 0.4578544158867684 off 0.28310660507685476 neg 0.2590389790363768	false	0.5
wichser	off 1.0	off 1.0	off 0.642479255265255 __DUMMY__ 0.2139272217210057 neg 0.14359352301373926	false	1.0
terror	neg 1.0		__DUMMY__ 0.4536327673853891 off 0.28926706810702457 neg 0.2571001645075864	false	0.5
krass	neg 1.0		__DUMMY__ 0.44826177302686343 off 0.29721967541929417 neg 0.25451855155384234	false	0.5
revolte	neg 1.0		__DUMMY__ 0.45126353409396963 off 0.28908333699640953 neg 0.2596531289096208	false	0.5
besorgt	neg 1.0		__DUMMY__ 0.45907991344056015 off 0.28415142900848744 neg 0.2567686575509525	false	0.5
nachlassen	neg 1.0		__DUMMY__ 0.45858174674724345 off 0.2825088780555861 neg 0.2589093751971704	false	0.5
alt	neg 1.0		__DUMMY__ 0.4543720999948912 off 0.2801907449684376 neg 0.26543715503667126	false	0.5
hundesohn	off 1.0	off 1.0	off 0.6415820996935462 __DUMMY__ 0.21378888031700685 neg 0.14462901998944697	false	1.0
als			__DUMMY__ 0.45678405301688174 off 0.28316494899347344 neg 0.2600509979896447	false	0.0
abschreckung	neg 1.0		__DUMMY__ 0.45889526476606063 off 0.28035326112630427 neg 0.2607514741076351	false	0.5
unqualifiziert	neg 1.0		__DUMMY__ 0.4533358060112814 off 0.2909116342456797 neg 0.2557525597430389	false	0.5
abgewichst	off 1.0		__DUMMY__ 0.4565194004930526 off 0.28541074734862404 neg 0.2580698521583235	false	1.0
schwer	neg 1.0		__DUMMY__ 0.4565112996989189 off 0.28506503277829753 neg 0.25842366752278345	false	0.5
bedeutungslosigkeit	neg 1.0		__DUMMY__ 0.4585001613049436 off 0.28086451774110494 neg 0.2606353209539514	false	0.5
kapitulation	neg 1.0		__DUMMY__ 0.4559761136133107 off 0.28216232418776316 neg 0.2618615621989262	false	0.5
unscharf	neg 1.0		__DUMMY__ 0.4507536134728936 off 0.2863776486576053 neg 0.26286873786950105	false	0.5
schwinden	neg 1.0		__DUMMY__ 0.4564920723987546 off 0.27996241225120166 neg 0.2635455153500438	false	0.5
versklavung	neg 1.0	neg 1.0	neg 0.618005629352588 __DUMMY__ 0.21911479863648387 off 0.16287957201092823	false	1.0
schlecht	neg 1.0		__DUMMY__ 0.45314052924769554 off 0.2926569066793889 neg 0.25420256407291564	false	0.5
verhasst	neg 1.0		__DUMMY__ 0.45471419874515545 off 0.2874746792133919 neg 0.2578111220414527	false	0.5
beschweren	neg 1.0		__DUMMY__ 0.4557633433764182 off 0.28828612401499987 neg 0.2559505326085819	false	0.5
scheiden	neg 1.0		__DUMMY__ 0.4556942567408701 off 0.2855464120952275 neg 0.25875933116390243	false	0.5
frustriert	neg 1.0		__DUMMY__ 0.45721015470855864 off 0.28425207524889784 neg 0.2585377700425436	false	0.5
schimmelig	neg 1.0		__DUMMY__ 0.45504209043191507 off 0.28110325956999027 neg 0.2638546499980947	false	0.5
fisch	neg 1.0		__DUMMY__ 0.45608058836423254 off 0.27710032337093354 neg 0.26681908826483397	false	0.5
schmuggel	neg 1.0		__DUMMY__ 0.4616331198851636 off 0.28000735146207734 neg 0.25835952865275913	false	0.5
auffallen	neg 1.0		__DUMMY__ 0.45470504242697235 off 0.28844886459835556 neg 0.2568460929746723	false	0.5
konkurrenz	neg 1.0		__DUMMY__ 0.460210227147594 off 0.28095536065388144 neg 0.25883441219852443	false	0.5
teufelskreis	neg 1.0	neg 1.0	neg 0.618849019097398 __DUMMY__ 0.21995215432558715 off 0.16119882657701473	false	1.0
aufschreien	neg 1.0		__DUMMY__ 0.4533010369805266 off 0.2887277231056802 neg 0.25797123991379317	false	0.5
schuldner	neg 1.0		__DUMMY__ 0.455573859923576 off 0.279311038721499 neg 0.265115101354925	false	0.5
missgeburt	off 1.0	off 1.0	off 0.6410086489886085 __DUMMY__ 0.21547164239011207 neg 0.1435197086212794	false	1.0
arbeitslos	neg 1.0		__DUMMY__ 0.4575173792688096 off 0.28280727150952795 neg 0.2596753492216626	false	0.5
befallen	neg 1.0		__DUMMY__ 0.4535303313460594 off 0.28320601622888164 neg 0.2632636524250588	false	0.5
miesepetrig	off 1.0	off 1.0	off 0.6353388018817904 __DUMMY__ 0.21880926964017164 neg 0.14585192847803785	false	1.0
alarmieren	neg 1.0		__DUMMY__ 0.4534318290691819 off 0.29154419788969566 neg 0.25502397304112256	false	0.5
ungeduscht	off 1.0		__DUMMY__ 0.45171824205549244 off 0.29006019327702925 neg 0.2582215646674784	false	1.0
knappheit	neg 1.0		__DUMMY__ 0.4544080577495855 off 0.2819144043179796 neg 0.263677537932435	false	0.5
schlange	neg 1.0		__DUMMY__ 0.4564013675538733 off 0.28628619397477917 neg 0.2573124384713475	false	0.5
harsch	neg 1.0		__DUMMY__ 0.4503134472921676 off 0.2972423679788396 neg 0.2524441847289928	false	0.5
lang	neg 1.0		__DUMMY__ 0.4549261369453178 off 0.2871040739301483 neg 0.257969789124534	false	0.5
ziellos	neg 1.0		__DUMMY__ 0.4591942743313487 off 0.2812933192069124 neg 0.25951240646173895	false	0.5
selbstverliebt	neg 1.0		__DUMMY__ 0.44377703566274906 off 0.30532815342431646 neg 0.2508948109129344	false	0.5
beseitigen	neg 1.0		__DUMMY__ 0.4574102868901528 off 0.2861323610853602 neg 0.256457352024487	false	0.5
dumm	off 1.0		__DUMMY__ 0.4469497106463538 off 0.29956691781488437 neg 0.25348337153876194	false	1.0
arbeitsloser	neg 1.0		__DUMMY__ 0.46140393106832933 off 0.2848196710379572 neg 0.25377639789371353	false	0.5
blitzen	neg 1.0		__DUMMY__ 0.45255016116517516 off 0.2898938460903497 neg 0.2575559927444751	false	0.5
hilflos	neg 1.0		__DUMMY__ 0.4573307585656164 off 0.2828621410769614 neg 0.25980710035742227	false	0.5
eklig	off 1.0		__DUMMY__ 0.44523228893238875 off 0.29942285054526574 neg 0.25534486052234545	false	1.0
begriff			__DUMMY__ 0.45641140183451917 off 0.2853275049549747 neg 0.25826109321050617	false	0.0
hungersnot	neg 1.0		__DUMMY__ 0.4556273712314823 off 0.28259804326965166 neg 0.2617745854988661	false	0.5
ungesetzlich	neg 1.0		__DUMMY__ 0.4535424315771476 off 0.2881277769780382 neg 0.2583297914448142	false	0.5
verschwendung	neg 1.0		__DUMMY__ 0.4581263496301787 off 0.2806157651825535 neg 0.2612578851872679	false	0.5
schmerzvoll	neg 1.0		__DUMMY__ 0.45407196887711515 off 0.2869182864670201 neg 0.2590097446558648	false	0.5
vorzeitig	neg 1.0		__DUMMY__ 0.453432413854577 off 0.2919508239102373 neg 0.25461676223518587	false	0.5
unvollkommenheit	neg 1.0		__DUMMY__ 0.4563252257378391 off 0.283640610607743 neg 0.2600341636544179	false	0.5
intervenieren	neg 1.0		__DUMMY__ 0.45602721954328157 off 0.28067167065126947 neg 0.2633011098054489	false	0.5
banause	off 1.0		__DUMMY__ 0.4422661941140089 off 0.300260195779937 neg 0.2574736101060542	false	1.0
rebell	neg 1.0		__DUMMY__ 0.4576291261685808 off 0.27523065487927223 neg 0.26714021895214696	false	0.5
unlogisch	neg 1.0		__DUMMY__ 0.4496006911092499 off 0.2946852636541575 neg 0.2557140452365927	false	0.5
leiden	neg 1.0		__DUMMY__ 0.46184629797324755 off 0.2806278990522196 neg 0.257525802974533	false	0.5
abschaffung	neg 1.0		__DUMMY__ 0.4531014756977558 off 0.2860883375614513 neg 0.26081018674079287	false	0.5
sturz	neg 1.0		__DUMMY__ 0.4572858338471379 off 0.2892759808778565 neg 0.2534381852750056	false	0.5
verkleinerung	neg 1.0		__DUMMY__ 0.4495647871059839 off 0.2889212447865323 neg 0.2615139681074837	false	0.5
schmarotzer	off 1.0		__DUMMY__ 0.4569836594836201 off 0.2839224666707729 neg 0.25909387384560717	false	1.0
bestrafung	neg 1.0	neg 1.0	neg 0.6164073772976161 __DUMMY__ 0.22089624314680112 off 0.16269637955558278	false	1.0
achtlos	neg 1.0		__DUMMY__ 0.45777883472957753 off 0.2845295293969459 neg 0.2576916358734766	false	0.5
ungeheuer	neg 1.0		__DUMMY__ 0.4537466286986522 off 0.2852348553984308 neg 0.2610185159029171	false	0.5
unaufrichtig	neg 1.0		__DUMMY__ 0.4533695749145643 off 0.2908334789704362 neg 0.25579694611499953	false	0.5
groggy	neg 1.0		__DUMMY__ 0.4543931005945997 off 0.2897326794142726 neg 0.2558742199911278	false	0.5
verletzlich	neg 1.0		__DUMMY__ 0.44941760818859405 off 0.29036591160755487 neg 0.2602164802038512	false	0.5
ablehnen	neg 1.0		__DUMMY__ 0.45743631975926863 off 0.28280730991619535 neg 0.25975637032453597	false	0.5
