unsolidarisch	neg 1.0		__DUMMY__ 0.870188441377571 off 0.06788084504380129 neg 0.061930713578627686	false	0.5
nachteilig	neg 1.0		__DUMMY__ 0.8775183980312314 off 0.06301860567835159 neg 0.059462996290416896	false	0.5
skeptisch	neg 1.0		__DUMMY__ 0.8774122007853346 off 0.06195638571672554 neg 0.06063141349793994	false	0.5
schrecklich	neg 1.0		__DUMMY__ 0.8653983044816109 off 0.07570392582804802 neg 0.058897769690341016	false	0.5
schlapp	neg 1.0	neg 1.0	neg 0.5152856373929103 __DUMMY__ 0.4303174873566257 off 0.05439687525046391	false	1.0
abfall	neg 1.0		__DUMMY__ 0.8821729642160402 neg 0.05902045916134452 off 0.058806576622615354	false	1.0
widerspenstig	neg 1.0		__DUMMY__ 0.8725457971370743 off 0.06573651798667914 neg 0.061717684876246626	false	0.5
abrupt	neg 1.0		__DUMMY__ 0.8760237480795726 neg 0.06285406624485214 off 0.061122185675575175	false	1.0
unwirksam	neg 1.0		__DUMMY__ 0.8665585617749734 off 0.0670919396201952 neg 0.06634949860483146	false	0.5
angreifen	neg 1.0		__DUMMY__ 0.8783469143581254 off 0.061469388543918466 neg 0.060183697097956235	false	0.5
inkonsistent	neg 1.0		__DUMMY__ 0.868732015001352 off 0.06901489467631222 neg 0.062253090322335794	false	0.5
abrutschen	neg 1.0		__DUMMY__ 0.8813995189016266 neg 0.06012092284258828 off 0.05847955825578522	false	1.0
unsicher	neg 1.0		__DUMMY__ 0.8745324350425169 off 0.06648267088671792 neg 0.05898489407076517	false	0.5
bauernkind	off 1.0	off 1.0	off 0.5287497701039328 __DUMMY__ 0.4218315682130417 neg 0.04941866168302547	false	1.0
angreifer	neg 1.0		__DUMMY__ 0.8743245229322345 off 0.07048151135938509 neg 0.05519396570838043	false	0.5
trennen	neg 1.0		__DUMMY__ 0.8794633936679582 off 0.06097718840655729 neg 0.05955941792548443	false	0.5
schmutz	neg 1.0		__DUMMY__ 0.8769076916733386 off 0.06926179784174968 neg 0.053830510484911796	false	0.5
inkonsistenz	neg 1.0		__DUMMY__ 0.8691728294547054 off 0.07164451427875573 neg 0.05918265626653884	false	0.5
erschreckend	neg 1.0		__DUMMY__ 0.8738954892380969 off 0.06597942356782456 neg 0.06012508719407851	false	0.5
ertrinken	neg 1.0		__DUMMY__ 0.8770570468634884 neg 0.06212250982845421 off 0.060820443308057394	false	1.0
pickelface	off 1.0		__DUMMY__ 0.8725711908535139 off 0.06704923974670574 neg 0.060379569399780425	false	1.0
seiner			__DUMMY__ 0.8790116225377392 off 0.06170925994879664 neg 0.059279117513464076	false	0.0
lauch	neg 1.0	neg 1.0	neg 0.5169524159864739 __DUMMY__ 0.43846117004987245 off 0.044586413963653676	false	1.0
unwichtig	neg 1.0		__DUMMY__ 0.869083125650737 off 0.07158523427521617 neg 0.05933164007404693	false	0.5
steuerhinterziehung	neg 1.0		__DUMMY__ 0.872787573347281 off 0.06610806308362724 neg 0.0611043635690918	false	0.5
schock	neg 1.0		__DUMMY__ 0.8752180784558496 off 0.06483409543573515 neg 0.05994782610841517	false	0.5
beule	neg 1.0		__DUMMY__ 0.8658374177356942 off 0.07352493227967766 neg 0.06063764998462802	false	0.5
vergelten	neg 1.0		__DUMMY__ 0.8652201740099987 off 0.07682135500920591 neg 0.05795847098079537	false	0.5
verdorbenheit	neg 1.0		__DUMMY__ 0.8728852528637141 off 0.06732907453647213 neg 0.05978567259981374	false	0.5
trauma	neg 1.0		__DUMMY__ 0.8711881321338992 off 0.06802113825302993 neg 0.06079072961307079	false	0.5
sinnlos	neg 1.0		__DUMMY__ 0.8717330409406746 off 0.06863356170074268 neg 0.05963339735858273	false	0.5
fettsack	off 1.0	off 1.0	off 0.5298867224659162 __DUMMY__ 0.42220691190530785 neg 0.04790636562877589	false	1.0
feige	off 1.0	off 1.0	off 0.5253585173666836 __DUMMY__ 0.4290325678246736 neg 0.04560891480864286	false	1.0
abdanken	neg 1.0		__DUMMY__ 0.8756018033658783 off 0.06649370444637132 neg 0.05790449218775039	false	0.5
wichtigtuer	off 1.0	off 1.0	off 0.5228119378579847 __DUMMY__ 0.43269234130766676 neg 0.04449572083434854	false	1.0
misslingen	neg 1.0		__DUMMY__ 0.8754232927777292 off 0.06774567433561184 neg 0.05683103288665885	false	0.5
untreu	off 1.0		__DUMMY__ 0.867795102546158 off 0.07284541398858739 neg 0.059359483465254624	false	1.0
missmutig	neg 1.0		__DUMMY__ 0.8697130928641295 off 0.07018941365520241 neg 0.06009749348066813	false	0.5
hurenbock	off 1.0		__DUMMY__ 0.8673641093694787 off 0.06645575983647109 neg 0.06618013079405022	false	1.0
betrunken	neg 1.0		__DUMMY__ 0.8660396626564799 off 0.07452178892656793 neg 0.05943854841695218	false	0.5
korrupt	off 1.0		__DUMMY__ 0.8722069552586924 off 0.06576605984978005 neg 0.06202698489152754	false	1.0
unmut	neg 1.0		__DUMMY__ 0.8793124752671806 neg 0.060445395118101576 off 0.06024212961471784	false	1.0
hackfresse	off 1.0		__DUMMY__ 0.8608997109368953 off 0.08028559855161484 neg 0.05881469051148982	false	1.0
aufblasen	neg 1.0		__DUMMY__ 0.8731289656640501 off 0.06675324215197692 neg 0.060117792183973055	false	0.5
gewaltsam	neg 1.0		__DUMMY__ 0.8760203351977867 off 0.06626656385558541 neg 0.05771310094662782	false	0.5
unbeliebtheit	neg 1.0		__DUMMY__ 0.8682812245332983 off 0.07294092090687342 neg 0.058777854559828265	false	0.5
sturheit	neg 1.0		__DUMMY__ 0.8759100387020048 off 0.06598568949402031 neg 0.058104271803975004	false	0.5
kuh	neg 1.0		__DUMMY__ 0.8608278215994312 neg 0.06991445639576861 off 0.06925772200480028	false	1.0
erschrecken	neg 1.0		__DUMMY__ 0.8699657335393637 off 0.0706264188982433 neg 0.059407847562392986	false	0.5
opfer	neg 1.0		__DUMMY__ 0.8799212700397661 off 0.0633553238273568 neg 0.0567234061328772	false	0.5
sinken	neg 1.0		__DUMMY__ 0.8766766391750586 neg 0.062730271726244 off 0.060593089098697525	false	1.0
stinktier	neg 1.0		__DUMMY__ 0.8566928867996748 off 0.07796413533015553 neg 0.0653429778701697	false	0.5
tucke	off 1.0		__DUMMY__ 0.8539124392738431 off 0.08224566096809165 neg 0.06384189975806531	false	1.0
ein			__DUMMY__ 0.8714446797276 off 0.06543716916726913 neg 0.06311815110513087	false	0.0
abstieg	neg 1.0		__DUMMY__ 0.8798022213252185 off 0.06455925438095006 neg 0.05563852429383146	false	0.5
missverstehen	neg 1.0		__DUMMY__ 0.87107945913788 off 0.06958868647613062 neg 0.05933185438598941	false	0.5
ergebnislos	neg 1.0		__DUMMY__ 0.8794170505975558 off 0.06301930889392603 neg 0.05756364050851803	false	0.5
unter			__DUMMY__ 0.8867123152475749 neg 0.05885445536983934 off 0.0544332293825859	false	0.0
manipulieren	neg 1.0		__DUMMY__ 0.8782476672556533 off 0.06241494189599649 neg 0.05933739084835012	false	0.5
unbewiesen	neg 1.0	neg 1.0	neg 0.515212784238606 __DUMMY__ 0.4331130571165822 off 0.05167415864481184	false	1.0
verschleppen	neg 1.0		__DUMMY__ 0.8758027172626425 off 0.06410096551836048 neg 0.060096317218997025	false	0.5
weib	off 1.0		__DUMMY__ 0.8562547807371172 off 0.08250843918749359 neg 0.061236780075389186	false	1.0
opposition	neg 1.0		__DUMMY__ 0.8704391286820979 off 0.06810112154922754 neg 0.061459749768674535	false	0.5
verkehrswidrig	neg 1.0		__DUMMY__ 0.8668025794133186 off 0.07694555549327894 neg 0.05625186509340243	false	0.5
inkorrekt	neg 1.0		__DUMMY__ 0.864792622959917 off 0.0758221686539099 neg 0.05938520838617317	false	0.5
vermeiden	neg 1.0		__DUMMY__ 0.8822236778685527 neg 0.059998664813765555 off 0.05777765731768175	false	1.0
abweichung	neg 1.0	neg 1.0	neg 0.5139691686752852 __DUMMY__ 0.43725723776739983 off 0.04877359355731505	false	1.0
alkoholisiert	neg 1.0		__DUMMY__ 0.8835611967119081 off 0.061000411327236555 neg 0.055438391960855336	false	0.5
scheiss	off 1.0	off 1.0	off 0.5259263058395955 __DUMMY__ 0.42748007436593566 neg 0.04659361979446884	false	1.0
herausforderung	neg 1.0		__DUMMY__ 0.8758950063830679 off 0.06411183153400629 neg 0.05999316208292579	false	0.5
pervers	off 1.0		__DUMMY__ 0.8554774518271081 off 0.08485969309991953 neg 0.059662855072972316	false	1.0
wackelig	neg 1.0		__DUMMY__ 0.8770599991271377 off 0.0636907892041691 neg 0.05924921166869322	false	0.5
verwickeln	neg 1.0		__DUMMY__ 0.8720899263618618 off 0.06872953060027552 neg 0.05918054303786275	false	0.5
vorwand	neg 1.0		__DUMMY__ 0.8784856724464891 off 0.060996664877304894 neg 0.06051766267620607	false	0.5
muschi	off 1.0		__DUMMY__ 0.8747679427402913 off 0.06598353655398696 neg 0.059248520705721626	false	1.0
entmutigung	neg 1.0		__DUMMY__ 0.8674957240610391 off 0.06943441000833445 neg 0.06306986593062648	false	0.5
unangemessen	neg 1.0		__DUMMY__ 0.875225863895499 off 0.06561313727669055 neg 0.05916099882781056	false	0.5
unstetig	neg 1.0		__DUMMY__ 0.8692526235837378 off 0.07042233731801648 neg 0.06032503909824572	false	0.5
entmutigen	neg 1.0		__DUMMY__ 0.8727282015469405 off 0.0675468941222596 neg 0.059724904330799904	false	0.5
schwanz	neg 1.0		__DUMMY__ 0.8753415483700737 off 0.06366970179017568 neg 0.06098874983975059	false	0.5
verbot	neg 1.0		__DUMMY__ 0.8732962234019521 off 0.06539664643166136 neg 0.06130713016638646	false	0.5
leid	neg 1.0		__DUMMY__ 0.863441545517098 off 0.07726795590577747 neg 0.0592904985771245	false	0.5
archaisch	neg 1.0		__DUMMY__ 0.873457993137106 off 0.06519254794729301 neg 0.06134945891560091	false	0.5
gegen			__DUMMY__ 0.8812576182004905 off 0.060793602697107395 neg 0.05794877910240214	false	0.0
scheidung	neg 1.0		__DUMMY__ 0.8578696574527919 off 0.08844881150032975 neg 0.05368153104687832	false	0.5
einschlag	neg 1.0		__DUMMY__ 0.8689187456862476 off 0.0759858695253778 neg 0.0550953847883746	false	0.5
m			__DUMMY__ 0.8757798391130743 off 0.06429725138441902 neg 0.05992290950250661	false	0.0
abgestanden	neg 1.0		__DUMMY__ 0.8659127948513832 neg 0.06811419373509242 off 0.06597301141352449	false	1.0
schmierig	off 1.0		__DUMMY__ 0.8632299777247991 off 0.07700039948704213 neg 0.0597696227881587	false	1.0
unpraktisch	neg 1.0		__DUMMY__ 0.8731878462747045 off 0.06769603467593857 neg 0.05911611904935692	false	0.5
wixxer	off 1.0		__DUMMY__ 0.8530531119713803 off 0.08523237193037565 neg 0.06171451609824398	false	1.0
bezeichnet			__DUMMY__ 0.8743094293732246 off 0.06706131145991767 neg 0.058629259166857677	false	0.0
jammerlappen	off 1.0		__DUMMY__ 0.8688521542187918 off 0.07189578983922285 neg 0.059252055941985335	false	1.0
farce	neg 1.0		__DUMMY__ 0.8710090364379348 off 0.06697549199213385 neg 0.06201547156993127	false	0.5
zwecklos	neg 1.0		__DUMMY__ 0.8747984506379168 off 0.06461937061601337 neg 0.060582178746069665	false	0.5
turbulent	neg 1.0		__DUMMY__ 0.8655224398273041 off 0.07381751618616088 neg 0.06066004398653503	false	0.5
invasion	neg 1.0		__DUMMY__ 0.8706594764075486 off 0.06925739487068888 neg 0.060083128721762406	false	0.5
schuld	neg 1.0		__DUMMY__ 0.8726501928905015 off 0.0680091233020841 neg 0.05934068380741444	false	0.5
risiko	neg 1.0		__DUMMY__ 0.8682703025430528 off 0.0687538189489448 neg 0.06297587850800236	false	0.5
finster	neg 1.0		__DUMMY__ 0.8710657354906558 off 0.06568228287840991 neg 0.06325198163093422	false	0.5
geisteskrank	off 1.0		__DUMMY__ 0.8663350715194218 off 0.0745474331559437 neg 0.059117495324634596	false	1.0
zusammenbrechen	neg 1.0		__DUMMY__ 0.8742671150231462 off 0.06474002701724206 neg 0.06099285795961173	false	0.5
ausbeute	neg 1.0		__DUMMY__ 0.878463939491383 off 0.06518537174825972 neg 0.05635068876035735	false	0.5
hinterhalt	neg 1.0		__DUMMY__ 0.8739684882032598 off 0.06486101586092849 neg 0.06117049593581164	false	0.5
kritik	neg 1.0		__DUMMY__ 0.8712904818729993 off 0.06673622919658122 neg 0.06197328893041955	false	0.5
einschrumpfen	neg 1.0		__DUMMY__ 0.8658555960467983 off 0.07203605911813264 neg 0.06210834483506909	false	0.5
riskant	neg 1.0		__DUMMY__ 0.8762715549583246 off 0.062175032052050425 neg 0.06155341298962495	false	0.5
frustrieren	neg 1.0		__DUMMY__ 0.8751931917882995 off 0.06310526457626141 neg 0.061701543635439185	false	0.5
groll	neg 1.0		__DUMMY__ 0.8766832961814263 off 0.06484354214089377 neg 0.058473161677679936	false	0.5
gibt			__DUMMY__ 0.87544654943846 off 0.06433709568787103 neg 0.060216354873669053	false	0.0
qualvoll	neg 1.0		__DUMMY__ 0.8716692207496141 off 0.06864037605672164 neg 0.05969040319366434	false	0.5
wackeln	neg 1.0		__DUMMY__ 0.8739015915156516 off 0.06626285463109886 neg 0.05983555385324948	false	0.5
klagen	neg 1.0		__DUMMY__ 0.8774590664674758 off 0.061275677756473364 neg 0.06126525577605078	false	0.5
bankrott	neg 1.0		__DUMMY__ 0.8703998897791293 off 0.07106080140057601 neg 0.05853930882029467	false	0.5
trauern	neg 1.0		__DUMMY__ 0.8824692880285778 off 0.06220405484616962 neg 0.05532665712525255	false	0.5
ablehnung	neg 1.0		__DUMMY__ 0.8717557135195529 off 0.06610990561478043 neg 0.062134380865666604	false	0.5
stur	neg 1.0		__DUMMY__ 0.871939039792816 off 0.06797509409234434 neg 0.060085866114839716	false	0.5
aufruhr	neg 1.0	neg 1.0	neg 0.5145247210203345 __DUMMY__ 0.4347462517802341 off 0.05072902719943138	false	1.0
melancholie	neg 1.0		__DUMMY__ 0.8751475800450922 neg 0.06349958752566826 off 0.06135283242923956	false	1.0
ist			__DUMMY__ 0.8716706302252725 off 0.0683678883974773 neg 0.0599614813772502	false	0.0
torheit	neg 1.0		__DUMMY__ 0.8720439960556488 off 0.06811229057645767 neg 0.05984371336789349	false	0.5
dreckskind	off 1.0		__DUMMY__ 0.8582065876068137 off 0.0815182602803881 neg 0.06027515211279822	false	1.0
umtauschen	neg 1.0		__DUMMY__ 0.8740892608357835 off 0.06549362246423134 neg 0.06041711669998511	false	0.5
zum			__DUMMY__ 0.8873098486573643 off 0.05789277926416779 neg 0.05479737207846794	false	0.0
zersetzen	neg 1.0		__DUMMY__ 0.8757738677591479 neg 0.06213536489368296 off 0.062090767347169146	false	1.0
zur			__DUMMY__ 0.8823644085140655 neg 0.05949611660303644 off 0.05813947488289796	false	0.0
frust	neg 1.0		__DUMMY__ 0.8751100286843961 off 0.06456073408283512 neg 0.060329237232768756	false	0.5
unerbittlichkeit	neg 1.0		__DUMMY__ 0.877493068177934 off 0.0629178394347266 neg 0.059589092387339386	false	0.5
zwei			__DUMMY__ 0.8835861625809373 neg 0.059036377087946436 off 0.057377460331116285	false	0.0
unkorrekt	neg 1.0		__DUMMY__ 0.8661803226866278 off 0.07437519607716257 neg 0.05944448123620952	false	0.5
hexe	off 1.0		__DUMMY__ 0.8650963199047509 off 0.07110322797394718 neg 0.06380045212130188	false	1.0
lasch	neg 1.0		__DUMMY__ 0.8702949094748881 off 0.07111523609691398 neg 0.058589854428198015	false	0.5
rivale	neg 1.0		__DUMMY__ 0.8655019427785842 off 0.07565931895207827 neg 0.05883873826933756	false	0.5
mutlos	off 1.0	off 1.0	off 0.5186703084055551 __DUMMY__ 0.43537857665294305 neg 0.04595111494150178	false	1.0
wirr	off 1.0		__DUMMY__ 0.8634953759406169 off 0.07634143483164882 neg 0.06016318922773433	false	1.0
jahr			__DUMMY__ 0.8836837402647013 off 0.06174436708337524 neg 0.05457189265192351	false	0.0
wird			__DUMMY__ 0.8765769199631106 off 0.06367161830206203 neg 0.05975146173482729	false	0.0
strafbar	neg 1.0		__DUMMY__ 0.8779842899493336 off 0.06283054715781518 neg 0.05918516289285116	false	0.5
erosion	neg 1.0		__DUMMY__ 0.8738257266103039 off 0.0666800876984608 neg 0.05949418569123541	false	0.5
eingehen	neg 1.0		__DUMMY__ 0.8752874756354816 off 0.06296020998385421 neg 0.06175231438066419	false	0.5
faul	off 1.0		__DUMMY__ 0.8700940729798325 off 0.07067381602642783 neg 0.05923211099373969	false	1.0
provisorium	neg 1.0		__DUMMY__ 0.8876872757838876 neg 0.0578966957002185 off 0.054416028515893874	false	1.0
schmerzen	neg 1.0		__DUMMY__ 0.8735922761957767 off 0.06489984789540275 neg 0.06150787590882048	false	0.5
schrumpfen	neg 1.0		__DUMMY__ 0.8780281193217836 neg 0.06369490921059362 off 0.05827697146762291	false	1.0
geistlos	off 1.0		__DUMMY__ 0.868359421799569 off 0.06998432540221376 neg 0.0616562527982172	false	1.0
fehlkauf	neg 1.0		__DUMMY__ 0.8698696129228561 off 0.06929616204905584 neg 0.06083422502808792	false	0.5
frustrierend	neg 1.0		__DUMMY__ 0.869250517499858 off 0.07057747165150113 neg 0.06017201084864073	false	0.5
unzufrieden	neg 1.0		__DUMMY__ 0.8754673958264928 off 0.06442431697173216 neg 0.060108287201774996	false	0.5
verzweifeln	neg 1.0		__DUMMY__ 0.8745997011266463 off 0.06564375429479118 neg 0.05975654457856253	false	0.5
verzweifelt	neg 1.0		__DUMMY__ 0.8717248350425819 off 0.06802525533872594 neg 0.060249909618692185	false	0.5
misstrauensantrag	neg 1.0		__DUMMY__ 0.8709951063919178 off 0.06855458219551806 neg 0.060450311412564135	false	0.5
abfallen	neg 1.0		__DUMMY__ 0.8726065238112009 off 0.0664153663528391 neg 0.06097810983596011	false	0.5
fucker	off 1.0		__DUMMY__ 0.8663628994974093 off 0.07535875911115708 neg 0.05827834139143363	false	1.0
ungezogen	neg 1.0		__DUMMY__ 0.8585615597048247 off 0.0824640649118501 neg 0.05897437538332522	false	0.5
irrsinnig	neg 1.0	neg 1.0	neg 0.5161277619925895 __DUMMY__ 0.4325280874365158 off 0.05134415057089485	false	1.0
unfassbar	neg 1.0		__DUMMY__ 0.8685488033183426 off 0.07276971495446415 neg 0.058681481727193154	false	0.5
hart	neg 1.0		__DUMMY__ 0.8616890605375154 off 0.07272879357538675 neg 0.06558214588709786	false	0.5
widerlich	off 1.0		__DUMMY__ 0.8670879021715768 off 0.07335308058014307 neg 0.05955901724828008	false	1.0
fatal	neg 1.0	neg 1.0	neg 0.5182154394317379 __DUMMY__ 0.42908955656334485 off 0.052695004004917355	false	1.0
bruch	neg 1.0		__DUMMY__ 0.8809884837403033 off 0.05987637171044959 neg 0.059135144549247266	false	0.5
aushungern	neg 1.0		__DUMMY__ 0.8732240616087468 off 0.06566399495087016 neg 0.06111194344038316	false	0.5
anspannung	neg 1.0		__DUMMY__ 0.8844598401900888 neg 0.057841391154183006 off 0.05769876865572824	false	1.0
von			__DUMMY__ 0.8789543526049959 off 0.06096752094965419 neg 0.06007812644534997	false	0.0
kraftlos	neg 1.0		__DUMMY__ 0.875811599896516 off 0.06368752397950564 neg 0.06050087612397834	false	0.5
vom			__DUMMY__ 0.8894790700994887 neg 0.05571772024443204 off 0.054803209656079335	false	0.0
grenzdebil	off 1.0		__DUMMY__ 0.8667862978786753 off 0.07303828181698392 neg 0.060175420304340727	false	1.0
vor			__DUMMY__ 0.879825863462089 neg 0.060125451829445065 off 0.060048684708465944	false	0.0
unterwerfen	neg 1.0		__DUMMY__ 0.8776753135700281 off 0.06343024320357203 neg 0.05889444322639983	false	0.5
versenkung	neg 1.0		__DUMMY__ 0.8778369958615934 off 0.0629551849442935 neg 0.05920781919411311	false	0.5
entziehen	neg 1.0		__DUMMY__ 0.8783857650793857 off 0.06093274931816615 neg 0.06068148560244819	false	0.5
finanzkrise	neg 1.0		__DUMMY__ 0.8659039075382373 neg 0.0677698075370683 off 0.06632628492469425	false	1.0
schimpfend	neg 1.0		__DUMMY__ 0.8749663971082705 off 0.0669656282378695 neg 0.058067974653860085	false	0.5
profan	neg 1.0		__DUMMY__ 0.8705072232801648 off 0.06900537131499405 neg 0.06048740540484116	false	0.5
korruption	neg 1.0		__DUMMY__ 0.8725780883435407 off 0.06492934363521169 neg 0.062492568021247606	false	0.5
â			__DUMMY__ 0.8754354970621763 off 0.06364433947792021 neg 0.06092016345990356	false	0.0
schmutzig	neg 1.0		__DUMMY__ 0.8673006689283708 off 0.073201331092713 neg 0.0594979999789162	false	0.5
sexy	neg 1.0		__DUMMY__ 0.870592618128994 off 0.07052670825164756 neg 0.058880673619358455	false	0.5
abraten	neg 1.0		__DUMMY__ 0.8721473084799688 off 0.06845683214938954 neg 0.05939585937064167	false	0.5
schwarz	neg 1.0		__DUMMY__ 0.8714630850192556 off 0.06894446378874758 neg 0.05959245119199671	false	0.5
fotze	off 1.0	off 1.0	off 0.518947630656827 __DUMMY__ 0.4352932284824521 neg 0.04575914086072079	false	1.0
verwirren	neg 1.0		__DUMMY__ 0.8711944294124213 off 0.06933628801537682 neg 0.05946928257220175	false	0.5
zahnlos	off 1.0		__DUMMY__ 0.874651973870804 off 0.06543640496632473 neg 0.059911621162871326	false	1.0
verheeren	neg 1.0		__DUMMY__ 0.8581250537479795 off 0.08401957294195675 neg 0.05785537331006366	false	0.5
hippie	neg 1.0		__DUMMY__ 0.8701211841367343 off 0.07026191047456876 neg 0.05961690538869692	false	0.5
rammen	neg 1.0		__DUMMY__ 0.8730401255215702 off 0.06666913554473708 neg 0.06029073893369283	false	0.5
unlauter	neg 1.0		__DUMMY__ 0.8699844855473291 off 0.0688279206068778 neg 0.06118759384579311	false	0.5
unheilvoll	neg 1.0		__DUMMY__ 0.8713730192043494 off 0.06747192755607712 neg 0.061155053239573445	false	0.5
niedrig	neg 1.0		__DUMMY__ 0.8738483521832161 off 0.06343612743011047 neg 0.06271552038667343	false	0.5
explosion	neg 1.0		__DUMMY__ 0.8707259199946479 off 0.07005187529128044 neg 0.059222204714071726	false	0.5
weichei	off 1.0	off 1.0	off 0.5294145964729629 __DUMMY__ 0.42394808750124663 neg 0.046637316025790555	false	1.0
minusmensch	off 1.0		__DUMMY__ 0.8558497694125199 off 0.08394857621385336 neg 0.060201654373626685	false	1.0
farblos	neg 1.0		__DUMMY__ 0.8723415368416723 off 0.06733605445858229 neg 0.06032240869974549	false	0.5
unwissend	neg 1.0	neg 1.0	neg 0.5159879283464185 __DUMMY__ 0.42967668364998174 off 0.054335388003599876	false	1.0
traurig	neg 1.0		__DUMMY__ 0.8659558382769389 off 0.07533418412523561 neg 0.058709977597825445	false	0.5
senkung	neg 1.0		__DUMMY__ 0.8663234804888092 off 0.06953289712896857 neg 0.0641436223822222	false	0.5
ungleich	neg 1.0	neg 1.0	neg 0.5162255250062191 __DUMMY__ 0.43563656764589925 off 0.048137907347881696	false	1.0
heikel	neg 1.0		__DUMMY__ 0.8772901847655566 off 0.06235412318246777 neg 0.06035569205197556	false	0.5
drosselung	neg 1.0		__DUMMY__ 0.8630222864076452 off 0.07305414188268274 neg 0.06392357170967199	false	0.5
falsch	neg 1.0		__DUMMY__ 0.870615618848834 off 0.07073396427327124 neg 0.05865041687789468	false	0.5
unzufriedenheit	neg 1.0		__DUMMY__ 0.8750238667007112 neg 0.06275992183094675 off 0.06221621146834211	false	1.0
kurz	neg 1.0		__DUMMY__ 0.8771314725519841 off 0.06424604603335088 neg 0.05862248141466499	false	0.5
unsinnig	neg 1.0		__DUMMY__ 0.8720920114152054 off 0.06588364317650411 neg 0.0620243454082904	false	0.5
penner	off 1.0	off 1.0	off 0.5309427569162569 __DUMMY__ 0.4237270639421758 neg 0.04533017914156735	false	1.0
seicht	neg 1.0		__DUMMY__ 0.8562640912189061 off 0.0819565053469075 neg 0.06177940343418633	false	0.5
dummheit	off 1.0	off 1.0	off 0.5229649376508597 __DUMMY__ 0.4305638954331698 neg 0.04647116691597041	false	1.0
unerfreulich	neg 1.0		__DUMMY__ 0.8770625553987201 off 0.061958870864557196 neg 0.06097857373672278	false	0.5
motherfucker	off 1.0	off 1.0	off 0.5268035486188648 __DUMMY__ 0.42820095951181736 neg 0.044995491869317755	false	1.0
pikiert	neg 1.0		__DUMMY__ 0.8674581286105881 off 0.07225319821482651 neg 0.06028867317458535	false	0.5
wrack	neg 1.0		__DUMMY__ 0.8817323746905029 off 0.06420505417946562 neg 0.05406257113003157	false	0.5
gangster	neg 1.0		__DUMMY__ 0.8698772138235793 off 0.0704355232958243 neg 0.05968726288059651	false	0.5
krank	neg 1.0		__DUMMY__ 0.8688575452697846 off 0.07291434373137544 neg 0.05822811099883988	false	0.5
reich	neg 1.0		__DUMMY__ 0.8656479566524568 off 0.07078184260334941 neg 0.06357020074419377	false	0.5
gnadenlos	neg 1.0		__DUMMY__ 0.8732377569915913 off 0.06775066773951027 neg 0.0590115752688984	false	0.5
niedergeschlagen	neg 1.0		__DUMMY__ 0.8780321501368828 off 0.06398548945100409 neg 0.05798236041211302	false	0.5
terrorisieren	off 1.0	off 1.0	off 0.5177644302485002 __DUMMY__ 0.4372860862251894 neg 0.044949483526310424	false	1.0
sinnlosigkeit	neg 1.0		__DUMMY__ 0.8748607282745844 off 0.06487780548853438 neg 0.06026146623688131	false	0.5
behindern	neg 1.0		__DUMMY__ 0.8727110237204329 off 0.06625770824349499 neg 0.06103126803607206	false	0.5
undemokratisch	neg 1.0		__DUMMY__ 0.8698059981894065 off 0.06934766816136644 neg 0.06084633364922702	false	0.5
wirtschaftskrise	neg 1.0		__DUMMY__ 0.8710114829252563 off 0.06451062163189704 neg 0.06447789544284666	false	0.5
neid	neg 1.0		__DUMMY__ 0.8706485082663836 off 0.06985447341123896 neg 0.05949701832237747	false	0.5
rutschen	neg 1.0		__DUMMY__ 0.8833732521518958 neg 0.05954688550814178 off 0.05707986233996239	false	1.0
rezession	neg 1.0		__DUMMY__ 0.859044814871205 off 0.0757601256741284 neg 0.06519505945466653	false	0.5
fehlgeburt	neg 1.0		__DUMMY__ 0.8755778647708079 off 0.06656074093494163 neg 0.057861394294250405	false	0.5
charakterschwach	off 1.0		__DUMMY__ 0.8666157972934883 off 0.07291406757848072 neg 0.06047013512803101	false	1.0
isolation	neg 1.0		__DUMMY__ 0.871467214713911 off 0.07057673034328012 neg 0.057956054942808866	false	0.5
ablenkung	neg 1.0		__DUMMY__ 0.8747188364057856 off 0.06624979794761576 neg 0.05903136564659866	false	0.5
pech	neg 1.0		__DUMMY__ 0.8692964920810134 off 0.07058150702185512 neg 0.06012200089713148	false	0.5
vermeidung	neg 1.0		__DUMMY__ 0.8662529114127491 off 0.07291672874539622 neg 0.06083035984185481	false	0.5
dominieren	neg 1.0		__DUMMY__ 0.8751878846785512 off 0.06509656941806674 neg 0.059715545903382065	false	0.5
schwindlig	neg 1.0		__DUMMY__ 0.8711548046331908 off 0.06815672076968561 neg 0.060688474597123475	false	0.5
lutscher	neg 1.0	neg 1.0	neg 0.516802907334751 __DUMMY__ 0.41989980608496635 off 0.06329728658028275	false	1.0
pflicht	neg 1.0		__DUMMY__ 0.8794524050589146 off 0.06111041761268308 neg 0.05943717732840233	false	0.5
faschist	off 1.0		__DUMMY__ 0.8709532675664398 off 0.07086828529331603 neg 0.058178447140244186	false	1.0
verschleudern	neg 1.0		__DUMMY__ 0.8719563489001193 neg 0.06489558749752404 off 0.06314806360235668	false	1.0
wenn			__DUMMY__ 0.8689448978385337 off 0.07157976545060289 neg 0.05947533671086349	false	0.0
ehebruch	neg 1.0		__DUMMY__ 0.8761737869707671 off 0.0640202414274666 neg 0.0598059716017663	false	0.5
spott	off 1.0		__DUMMY__ 0.8773847043217665 off 0.06387601426493614 neg 0.058739281413297414	false	1.0
trostlosigkeit	neg 1.0		__DUMMY__ 0.8756508844186993 neg 0.06343019051063503 off 0.060918925070665673	false	1.0
lutschen	neg 1.0		__DUMMY__ 0.8687651851384273 off 0.07086424838167973 neg 0.060370566479893015	false	0.5
undiszipliniert	neg 1.0		__DUMMY__ 0.8660940367377788 off 0.07453766141502129 neg 0.0593683018471998	false	0.5
kopfschmerz	neg 1.0		__DUMMY__ 0.8730639728613572 neg 0.06408782836581424 off 0.06284819877282859	false	1.0
unvorhergesehen	neg 1.0		__DUMMY__ 0.880826392187522 off 0.060664797686615236 neg 0.058508810125862856	false	0.5
desinteressiert	neg 1.0		__DUMMY__ 0.8662967046784075 off 0.07400250516156048 neg 0.0597007901600321	false	0.5
armselig	off 1.0		__DUMMY__ 0.8651437789166304 off 0.07643573393293311 neg 0.05842048715043655	false	1.0
desaster	neg 1.0		__DUMMY__ 0.8779610526769979 neg 0.06148800772540639 off 0.06055093959759568	false	1.0
tod	neg 1.0		__DUMMY__ 0.8780192739270933 off 0.06258999866793369 neg 0.05939072740497297	false	0.5
herzlos	neg 1.0		__DUMMY__ 0.865387056996007 off 0.0757717057646938 neg 0.05884123723929928	false	0.5
unwissenheit	neg 1.0		__DUMMY__ 0.8749667149288345 off 0.06453897581656924 neg 0.06049430925459632	false	0.5
widersinnig	neg 1.0		__DUMMY__ 0.8709055411416042 off 0.06607219427262054 neg 0.0630222645857752	false	0.5
bedenklich	neg 1.0		__DUMMY__ 0.8746918528966113 off 0.06367326638793243 neg 0.06163488071545623	false	0.5
beanstanden	neg 1.0		__DUMMY__ 0.8799000888570123 off 0.061727564491792855 neg 0.058372346651194756	false	0.5
panisch	neg 1.0		__DUMMY__ 0.8734489986578967 off 0.06826876597361349 neg 0.05828223536848977	false	0.5
debil	off 1.0		__DUMMY__ 0.8836609518036006 neg 0.061431312471699036 off 0.05490773572470031	false	0.5
abstrich	neg 1.0		__DUMMY__ 0.8746360669152436 off 0.06412329884351163 neg 0.061240634241244686	false	0.5
primitiv	neg 1.0		__DUMMY__ 0.866700187577202 off 0.07425710137403731 neg 0.05904271104876078	false	0.5
abschaum	off 1.0	off 1.0	off 0.5251271842626744 __DUMMY__ 0.4310783800326385 neg 0.04379443570468715	false	1.0
provozieren	neg 1.0		__DUMMY__ 0.87236508272221 off 0.06776836442440842 neg 0.05986655285338161	false	0.5
tot	neg 1.0		__DUMMY__ 0.8737882460841683 off 0.06394863170050413 neg 0.06226312221532753	false	0.5
instabil	neg 1.0		__DUMMY__ 0.8622696824488946 off 0.07658696529360255 neg 0.06114335225750276	false	0.5
schwuchtel	off 1.0	off 1.0	off 0.5367337560131819 __DUMMY__ 0.41739587441547776 neg 0.04587036957134047	false	1.0
zerren	neg 1.0		__DUMMY__ 0.8769701123002713 off 0.0640281844828416 neg 0.059001703216887115	false	0.5
kinderficker	off 1.0		__DUMMY__ 0.8629224792375785 off 0.07881230066919048 neg 0.05826522009323108	false	1.0
gefahr	neg 1.0		__DUMMY__ 0.879840575976453 off 0.06156641268377089 neg 0.05859301133977613	false	0.5
rabiat	neg 1.0		__DUMMY__ 0.8736603700934084 off 0.06592573330223861 neg 0.06041389660435302	false	0.5
verlangsamung	neg 1.0		__DUMMY__ 0.8593284916703519 off 0.08054732572533016 neg 0.06012418260431794	false	0.5
ausgestorben	neg 1.0		__DUMMY__ 0.8749248692388668 off 0.06545379651582978 neg 0.059621334245303456	false	0.5
anklagen	neg 1.0		__DUMMY__ 0.8757077028688022 off 0.06525404012542124 neg 0.05903825700577657	false	0.5
trott	neg 1.0		__DUMMY__ 0.8734958422865815 off 0.06652015036959169 neg 0.05998400734382677	false	0.5
verminderung	neg 1.0		__DUMMY__ 0.8667348716259757 off 0.07293006112579381 neg 0.06033506724823052	false	0.5
nach			__DUMMY__ 0.8857803781843165 neg 0.058321078953653675 off 0.05589854286202972	false	0.0
rost	neg 1.0		__DUMMY__ 0.8629455119877054 off 0.08166768251423616 neg 0.05538680549805846	false	0.5
destruktiv	neg 1.0		__DUMMY__ 0.8726374669069666 off 0.0666503244579932 neg 0.06071220863504018	false	0.5
unzumutbarkeit	neg 1.0		__DUMMY__ 0.866937794156498 off 0.07290995959467608 neg 0.06015224624882592	false	0.5
labil	off 1.0	off 1.0	off 0.5245421313131662 __DUMMY__ 0.429758293776574 neg 0.045699574910259784	false	1.0
ziemlich	neg 1.0		__DUMMY__ 0.8691130082962197 off 0.07240047273877687 neg 0.0584865189650033	false	0.5
lachnummer	off 1.0		__DUMMY__ 0.874106227101292 off 0.06742709970067202 neg 0.05846667319803594	false	1.0
oder			__DUMMY__ 0.8743069324472149 off 0.06694720546386766 neg 0.05874586208891748	false	0.0
verfall	neg 1.0		__DUMMY__ 0.8781816334766473 neg 0.06343844583552782 off 0.05837992068782489	false	1.0
ausgrenzung	neg 1.0		__DUMMY__ 0.8694666241082196 off 0.0692090006979333 neg 0.061324375193846974	false	0.5
unordnung	neg 1.0		__DUMMY__ 0.8633829753133889 off 0.07689127623524325 neg 0.059725748451367806	false	0.5
fehlverhalten	neg 1.0		__DUMMY__ 0.8769729536930064 off 0.06288950821915974 neg 0.060137538087833814	false	0.5
eine			__DUMMY__ 0.8784288879980054 neg 0.0610172297159868 off 0.060553882286007624	false	0.0
nille	neg 1.0		__DUMMY__ 0.8732698169598154 off 0.06704755274414224 neg 0.059682630296042406	false	0.5
qual	neg 1.0		__DUMMY__ 0.8733591635810294 off 0.06620615539269332 neg 0.06043468102627734	false	0.5
verschwenden	neg 1.0		__DUMMY__ 0.8750611201335204 neg 0.06258179105464594 off 0.06235708881183353	false	1.0
riesig	neg 1.0		__DUMMY__ 0.8780003978740168 off 0.062491632126802525 neg 0.05950796999918069	false	0.5
verurteilen	neg 1.0		__DUMMY__ 0.8753424093134246 off 0.06510734298051651 neg 0.05955024770605892	false	0.5
klischee	neg 1.0	neg 1.0	neg 0.5163428770947188 __DUMMY__ 0.42992171647548366 off 0.0537354064297975	false	1.0
diktatorisch	neg 1.0		__DUMMY__ 0.8694950101141176 off 0.06947623017206923 neg 0.061028759713813246	false	0.5
vorhersehbar	neg 1.0		__DUMMY__ 0.8688319785883604 off 0.06998698558727823 neg 0.0611810358243614	false	0.5
sowie			__DUMMY__ 0.8609016075716671 off 0.07801022724031874 neg 0.061088165188014076	false	0.0
stornieren	neg 1.0		__DUMMY__ 0.8765302802766416 off 0.06938606525383964 neg 0.05408365446951871	false	0.5
besteuerung	neg 1.0	neg 1.0	neg 0.5199227723411681 __DUMMY__ 0.42889141812984455 off 0.05118580952898741	false	1.0
ungeschminkt	neg 1.0		__DUMMY__ 0.8659977869539358 off 0.07381274736952656 neg 0.06018946567653769	false	0.5
kritisch	neg 1.0		__DUMMY__ 0.8752485036042291 off 0.06461765222540129 neg 0.060133844170369585	false	0.5
schlamperei	off 1.0		__DUMMY__ 0.876510172247667 off 0.06326175512089678 neg 0.06022807263143622	false	1.0
sucht	neg 1.0	neg 1.0	neg 0.5146534897385588 __DUMMY__ 0.434148997893385 off 0.05119751236805617	false	1.0
egoistisch	off 1.0	off 1.0	off 0.5293444908736956 __DUMMY__ 0.42646850655982654 neg 0.04418700256647779	false	1.0
ausbeuter	off 1.0		__DUMMY__ 0.8747723788877986 off 0.06265252529433812 neg 0.06257509581786333	false	1.0
arschgeburt	off 1.0		__DUMMY__ 0.8511496630851652 off 0.08799940948522594 neg 0.06085092742960884	false	1.0
schubs	neg 1.0		__DUMMY__ 0.8739852874979319 off 0.06303255570920413 neg 0.06298215679286398	false	0.5
unsolide	neg 1.0		__DUMMY__ 0.8711823110528584 off 0.06981487266086547 neg 0.059002816286276176	false	0.5
beschwerde	neg 1.0		__DUMMY__ 0.8760103520231571 off 0.06486669777360278 neg 0.05912295020324001	false	0.5
stocken	neg 1.0		__DUMMY__ 0.8756866670718357 off 0.06371825402330085 neg 0.06059507890486341	false	0.5
isolieren	neg 1.0		__DUMMY__ 0.8733775626044366 off 0.06476142265236881 neg 0.06186101474319465	false	0.5
unheilbar	neg 1.0		__DUMMY__ 0.8738346406339991 off 0.06696009181526359 neg 0.05920526755073736	false	0.5
pisser	off 1.0	off 1.0	off 0.5272996914859432 __DUMMY__ 0.4274806472851694 neg 0.045219661228887285	false	1.0
löschen	neg 1.0		__DUMMY__ 0.8723375776256469 off 0.06724149492516825 neg 0.06042092744918492	false	0.5
durchfallen	neg 1.0		__DUMMY__ 0.8759699529176275 off 0.06428483463476554 neg 0.059745212447607006	false	0.5
wichser	off 1.0	off 1.0	off 0.5334225590405327 __DUMMY__ 0.421298120726306 neg 0.04527932023316129	false	1.0
terror	neg 1.0		__DUMMY__ 0.8705055489565744 off 0.06983199069056889 neg 0.05966246035285676	false	0.5
krass	neg 1.0		__DUMMY__ 0.8633681883960395 off 0.07715861038499708 neg 0.05947320121896354	false	0.5
revolte	neg 1.0		__DUMMY__ 0.8669259459861633 off 0.07087292484455372 neg 0.06220112916928299	false	0.5
besorgt	neg 1.0		__DUMMY__ 0.8777670556525126 off 0.06456661496805684 neg 0.05766632937943063	false	0.5
nachlassen	neg 1.0		__DUMMY__ 0.8772724727764248 off 0.063398940064418 neg 0.059328587159157224	false	0.5
alt	neg 1.0		__DUMMY__ 0.8718145814762771 neg 0.06552390174190316 off 0.06266151678181975	false	1.0
hundesohn	off 1.0	off 1.0	off 0.532796967537819 __DUMMY__ 0.42090909808383403 neg 0.04629393437834696	false	1.0
als			__DUMMY__ 0.8744762668941232 off 0.06465109913969125 neg 0.06087263396618553	false	0.0
abschreckung	neg 1.0		__DUMMY__ 0.877339379829774 off 0.06208455913463073 neg 0.06057606103559526	false	0.5
unqualifiziert	neg 1.0		__DUMMY__ 0.8698011249713948 off 0.07144706494773996 neg 0.05875181008086524	false	0.5
abgewichst	off 1.0		__DUMMY__ 0.8743144115861087 off 0.06623752746421134 neg 0.05944806094967995	false	1.0
schwer	neg 1.0		__DUMMY__ 0.8740698219641336 off 0.06613316388996589 neg 0.0597970141459004	false	0.5
bedeutungslosigkeit	neg 1.0		__DUMMY__ 0.8767584118206613 off 0.06257843454995148 neg 0.06066315362938723	false	0.5
kapitulation	neg 1.0		__DUMMY__ 0.8733414251426498 off 0.0643452601152334 neg 0.06231331474211683	false	0.5
unscharf	neg 1.0		__DUMMY__ 0.8668374200361196 off 0.06828858317008382 neg 0.06487399679379648	false	0.5
schwinden	neg 1.0		__DUMMY__ 0.8741219008338694 neg 0.06332604568800777 off 0.06255205347812275	false	1.0
versklavung	neg 1.0	neg 1.0	neg 0.517292850268787 __DUMMY__ 0.4306054583392935 off 0.05210169139191965	false	1.0
schlecht	neg 1.0		__DUMMY__ 0.8697070269223717 off 0.07261105419880476 neg 0.05768191887882358	false	0.5
verhasst	neg 1.0		__DUMMY__ 0.8716369696678374 off 0.06849327183834097 neg 0.05986975849382153	false	0.5
beschweren	neg 1.0		__DUMMY__ 0.8731593611572932 off 0.06867316145117619 neg 0.05816747739153069	false	0.5
scheiden	neg 1.0		__DUMMY__ 0.8735526528387576 off 0.0663161533406665 neg 0.06013119382057588	false	0.5
frustriert	neg 1.0		__DUMMY__ 0.8750504453098875 off 0.06534435517089913 neg 0.05960519951921337	false	0.5
schimmelig	neg 1.0		__DUMMY__ 0.8728762948786473 neg 0.0641325954185168 off 0.06299110970283583	false	1.0
fisch	neg 1.0		__DUMMY__ 0.8743914092341368 neg 0.06592254435032921 off 0.05968604641553398	false	1.0
schmuggel	neg 1.0		__DUMMY__ 0.8813644085196324 off 0.06070864423843276 neg 0.05792694724193488	false	0.5
auffallen	neg 1.0		__DUMMY__ 0.871757488216816 off 0.06909148194733732 neg 0.059151029835846705	false	0.5
konkurrenz	neg 1.0		__DUMMY__ 0.879145287407504 off 0.06213270144846834 neg 0.05872201114402779	false	0.5
teufelskreis	neg 1.0	neg 1.0	neg 0.5178701020417601 __DUMMY__ 0.43202486205228224 off 0.0501050359059577	false	1.0
aufschreien	neg 1.0		__DUMMY__ 0.8697489359620132 off 0.06979386847126634 neg 0.060457195566720474	false	0.5
schuldner	neg 1.0		__DUMMY__ 0.8728723693911001 neg 0.06481229068806017 off 0.06231533992083971	false	1.0
missgeburt	off 1.0	off 1.0	off 0.5312543509882773 __DUMMY__ 0.4242526850548363 neg 0.044492963956886296	false	1.0
arbeitslos	neg 1.0		__DUMMY__ 0.87538875635353 off 0.06425529614104691 neg 0.06035594750542303	false	0.5
befallen	neg 1.0		__DUMMY__ 0.8700905956339174 off 0.06580877859247584 neg 0.06410062577360671	false	0.5
miesepetrig	off 1.0	off 1.0	off 0.5241568471503 __DUMMY__ 0.4304238838277781 neg 0.04541926902192183	false	1.0
alarmieren	neg 1.0		__DUMMY__ 0.8700939758263729 off 0.07190032022210523 neg 0.058005703951521784	false	0.5
ungeduscht	off 1.0		__DUMMY__ 0.8682558123774421 off 0.07065144765292897 neg 0.0610927399696289	false	1.0
knappheit	neg 1.0		__DUMMY__ 0.8714343407506939 off 0.06452352186192369 neg 0.0640421373873823	false	0.5
schlange	neg 1.0		__DUMMY__ 0.8741797449940238 off 0.06684646903654602 neg 0.05897378596943014	false	0.5
harsch	neg 1.0		__DUMMY__ 0.8660363330716148 off 0.0767467655551598 neg 0.05721690137322546	false	0.5
lang	neg 1.0		__DUMMY__ 0.872045835969661 off 0.06803588057471847 neg 0.059918283455620495	false	0.5
ziellos	neg 1.0		__DUMMY__ 0.8778467369886684 off 0.0624793603318198 neg 0.05967390267951178	false	0.5
selbstverliebt	neg 1.0		__DUMMY__ 0.8569256988440791 off 0.08483244473127725 neg 0.05824185642464363	false	0.5
beseitigen	neg 1.0		__DUMMY__ 0.8758148872978975 off 0.0664547388392567 neg 0.057730373862845796	false	0.5
dumm	off 1.0		__DUMMY__ 0.8612985808907405 off 0.07953623775812282 neg 0.059165181351136735	false	1.0
arbeitsloser	neg 1.0		__DUMMY__ 0.8808801527428123 off 0.06447159417066099 neg 0.05464825308652672	false	0.5
blitzen	neg 1.0		__DUMMY__ 0.8688211644559513 off 0.0708184190295763 neg 0.06036041651447244	false	0.5
hilflos	neg 1.0		__DUMMY__ 0.8752899491424284 off 0.0641919448576237 neg 0.060518105999947835	false	0.5
eklig	off 1.0		__DUMMY__ 0.8590350469717717 off 0.07990467876709245 neg 0.061060274261135805	false	1.0
begriff			__DUMMY__ 0.874033980540632 off 0.06635540191102686 neg 0.05961061754834129	false	0.0
hungersnot	neg 1.0		__DUMMY__ 0.8731389391495532 off 0.06459799785540825 neg 0.062263062995038435	false	0.5
ungesetzlich	neg 1.0		__DUMMY__ 0.8699521368493152 off 0.06960394652899411 neg 0.06044391662169072	false	0.5
verschwendung	neg 1.0		__DUMMY__ 0.8762963952462737 off 0.062407629396419306 neg 0.061295975357307096	false	0.5
schmerzvoll	neg 1.0		__DUMMY__ 0.870839110595074 off 0.06819991200256521 neg 0.06096097740236083	false	0.5
vorzeitig	neg 1.0		__DUMMY__ 0.8702774196252424 off 0.07194988050278592 neg 0.0577726998719716	false	0.5
unvollkommenheit	neg 1.0		__DUMMY__ 0.8742310543174889 off 0.06492833683904979 neg 0.06084060884346119	false	0.5
intervenieren	neg 1.0		__DUMMY__ 0.8733463015429045 neg 0.06339040590571263 off 0.06326329255138281	false	1.0
banause	off 1.0		__DUMMY__ 0.8549081126566828 off 0.08149135259489598 neg 0.06360053474842128	false	1.0
rebell	neg 1.0		__DUMMY__ 0.8760789191490784 neg 0.06574010561342536 off 0.05818097523749629	false	1.0
unlogisch	neg 1.0		__DUMMY__ 0.8648845421730829 off 0.07515107793892671 neg 0.05996437988799036	false	0.5
leiden	neg 1.0		__DUMMY__ 0.8820078897786207 off 0.06073672227241963 neg 0.05725538794895965	false	0.5
abschaffung	neg 1.0		__DUMMY__ 0.8696494445160231 off 0.06793674633608221 neg 0.062413809147894656	false	0.5
sturz	neg 1.0		__DUMMY__ 0.87547989903951 off 0.06882374305519211 neg 0.05569635790529796	false	0.5
verkleinerung	neg 1.0		__DUMMY__ 0.8647355858731283 off 0.07117828011348422 neg 0.06408613401338752	false	0.5
schmarotzer	off 1.0		__DUMMY__ 0.8747213159473223 off 0.06523786177125972 neg 0.060040822281417966	false	1.0
bestrafung	neg 1.0	neg 1.0	neg 0.51505625747469 __DUMMY__ 0.43389804920874747 off 0.05104569331656247	false	1.0
achtlos	neg 1.0		__DUMMY__ 0.8759813498478157 off 0.06523999770335388 neg 0.058778652448830356	false	0.5
ungeheuer	neg 1.0		__DUMMY__ 0.8706268272195266 off 0.06691599035138983 neg 0.062457182429083574	false	0.5
unaufrichtig	neg 1.0		__DUMMY__ 0.8699583311139862 off 0.07134514023053697 neg 0.05869652865547676	false	0.5
