unsolidarisch	neg 1.0		__DUMMY__ 0.9187040457588853 off 0.04246338326906753 neg 0.0388325709720471	false	0.5
nachteilig	neg 1.0		__DUMMY__ 0.9251173869736824 off 0.03825381538830068 neg 0.036628797638016915	false	0.5
skeptisch	neg 1.0		__DUMMY__ 0.9249508146612001 neg 0.03763141686090369 off 0.037417768477896116	false	1.0
schrecklich	neg 1.0		__DUMMY__ 0.9147707236573683 off 0.04879192660328042 neg 0.03643734973935121	false	0.5
schlapp	neg 1.0	neg 1.0	neg 0.5037314989888478 __DUMMY__ 0.4549227121068134 off 0.04134578890433874	false	1.0
abfall	neg 1.0		__DUMMY__ 0.9290646894968202 neg 0.03616616697942708 off 0.034769143523752676	false	1.0
widerspenstig	neg 1.0		__DUMMY__ 0.9208814878348197 off 0.040473238474367686 neg 0.038645273690812595	false	0.5
abrupt	neg 1.0		__DUMMY__ 0.9237941895115925 neg 0.03950810623671532 off 0.036697704251692186	false	1.0
unwirksam	neg 1.0		__DUMMY__ 0.9156826061336646 neg 0.04256074481425398 off 0.04175664905208145	false	1.0
angreifen	neg 1.0		__DUMMY__ 0.9257043612194897 neg 0.0372539647213271 off 0.037041674059183204	false	1.0
inkonsistent	neg 1.0		__DUMMY__ 0.9176153146897262 off 0.04322180197313393 neg 0.03916288333713986	false	0.5
abrutschen	neg 1.0		__DUMMY__ 0.9283829752009967 neg 0.0371207368573127 off 0.03449628794169062	false	1.0
unsicher	neg 1.0		__DUMMY__ 0.9224776873447381 off 0.041174023774585546 neg 0.03634828888067638	false	0.5
bauernkind	off 1.0	off 1.0	off 0.5157611670353652 __DUMMY__ 0.4461801801312442 neg 0.03805865283339053	false	1.0
angreifer	neg 1.0		__DUMMY__ 0.922348012471288 off 0.04447689415846533 neg 0.03317509337024679	false	0.5
trennen	neg 1.0		__DUMMY__ 0.926702583000399 neg 0.03673939916183687 off 0.03655801783776424	false	1.0
schmutz	neg 1.0		__DUMMY__ 0.9247651700492039 off 0.04330719273450288 neg 0.03192763721629323	false	0.5
inkonsistenz	neg 1.0		__DUMMY__ 0.9179265116586908 off 0.045464946938997115 neg 0.03660854140231201	false	0.5
erschreckend	neg 1.0		__DUMMY__ 0.9219167187046304 off 0.040791211128513805 neg 0.037292070166855776	false	0.5
ertrinken	neg 1.0		__DUMMY__ 0.9246138816885154 neg 0.038891127846847465 off 0.036494990464637	false	1.0
pickelface	off 1.0		__DUMMY__ 0.9208667360496716 off 0.041612049868822526 neg 0.03752121408150589	false	1.0
seiner			__DUMMY__ 0.9263127946026578 off 0.03717960146778956 neg 0.03650760392955264	false	0.0
lauch	neg 1.0	neg 1.0	neg 0.5051891888288313 __DUMMY__ 0.46324833467414833 off 0.03156247649702034	false	1.0
unwichtig	neg 1.0		__DUMMY__ 0.9178643157585492 off 0.04539803413356684 neg 0.036737650107884	false	0.5
steuerhinterziehung	neg 1.0		__DUMMY__ 0.921003483062942 off 0.040927188486059814 neg 0.03806932845099823	false	0.5
schock	neg 1.0		__DUMMY__ 0.9230377588599699 off 0.03979916001783761 neg 0.03716308112219254	false	0.5
beule	neg 1.0		__DUMMY__ 0.9152460623078746 off 0.04690877979363332 neg 0.03784515789849195	false	0.5
vergelten	neg 1.0		__DUMMY__ 0.914532525574322 off 0.049825536590853835 neg 0.03564193783482418	false	0.5
verdorbenheit	neg 1.0		__DUMMY__ 0.9212576512234034 off 0.04171433940584954 neg 0.037028009370747045	false	0.5
trauma	neg 1.0		__DUMMY__ 0.9196808922007894 off 0.042431138779398636 neg 0.03788796901981196	false	0.5
sinnlos	neg 1.0		__DUMMY__ 0.9201154554029128 off 0.04296118931905058 neg 0.036923355278036585	false	0.5
fettsack	off 1.0	off 1.0	off 0.5169299862682242 __DUMMY__ 0.4465212469208602 neg 0.03654876681091577	false	1.0
feige	off 1.0	off 1.0	off 0.5124669314446054 __DUMMY__ 0.4534258642801552 neg 0.0341072042752393	false	1.0
abdanken	neg 1.0		__DUMMY__ 0.9233812896793351 off 0.04122388226848164 neg 0.03539482805218338	false	0.5
wichtigtuer	off 1.0	off 1.0	off 0.5098718104161678 __DUMMY__ 0.4572266261175814 neg 0.03290156346625065	false	1.0
misslingen	neg 1.0		__DUMMY__ 0.9234160420892925 off 0.042086869669745064 neg 0.034497088240962315	false	0.5
untreu	off 1.0		__DUMMY__ 0.9167406573580599 off 0.04646610779002337 neg 0.036793234851916795	false	1.0
missmutig	neg 1.0		__DUMMY__ 0.9184152233143131 off 0.04423001514895137 neg 0.03735476153673549	false	0.5
hurenbock	off 1.0		__DUMMY__ 0.9164292041225671 neg 0.042432142451158054 off 0.0411386534262749	false	0.5
betrunken	neg 1.0		__DUMMY__ 0.915338034634185 off 0.047787296828814003 neg 0.036874668537001	false	0.5
korrupt	off 1.0		__DUMMY__ 0.9204350837083317 off 0.040688512409468816 neg 0.038876403882199435	false	1.0
unmut	neg 1.0		__DUMMY__ 0.9265573055388795 neg 0.037429252752110835 off 0.03601344170900961	false	1.0
hackfresse	off 1.0		__DUMMY__ 0.9109345875588213 off 0.05260235614411614 neg 0.03646305629706254	false	1.0
aufblasen	neg 1.0		__DUMMY__ 0.9213706464258675 off 0.04133634724413121 neg 0.03729300633000133	false	0.5
gewaltsam	neg 1.0		__DUMMY__ 0.9238108427086695 off 0.040955770719477355 neg 0.035233386571853036	false	0.5
unbeliebtheit	neg 1.0		__DUMMY__ 0.9171997332280811 off 0.04657404014903991 neg 0.03622622662287897	false	0.5
sturheit	neg 1.0		__DUMMY__ 0.9236636902534932 off 0.04078346384052286 neg 0.035552845905984	false	0.5
kuh	neg 1.0		__DUMMY__ 0.9108178317558271 neg 0.045674408229735806 off 0.04350776001443716	false	1.0
erschrecken	neg 1.0		__DUMMY__ 0.9186254582859767 off 0.044601996710583666 neg 0.03677254500343959	false	0.5
opfer	neg 1.0		__DUMMY__ 0.9271369774782755 off 0.03851355019876957 neg 0.03434947232295497	false	0.5
sinken	neg 1.0		__DUMMY__ 0.9243309880577807 neg 0.039337487808695316 off 0.03633152413352404	false	1.0
stinktier	neg 1.0		__DUMMY__ 0.9072428682693193 off 0.050798020582989635 neg 0.04195911114769108	false	0.5
tucke	off 1.0		__DUMMY__ 0.9049024287414216 off 0.0543119937947287 neg 0.04078557746384975	false	1.0
ein			__DUMMY__ 0.9198540813800997 off 0.040292937121643564 neg 0.03985298149825673	false	0.0
abstieg	neg 1.0		__DUMMY__ 0.9270360904113043 off 0.039542053318382134 neg 0.033421856270313556	false	0.5
missverstehen	neg 1.0		__DUMMY__ 0.9195560691544604 off 0.043755987289501586 neg 0.03668794355603803	false	0.5
ergebnislos	neg 1.0		__DUMMY__ 0.9267315205155089 off 0.0382626518458467 neg 0.035005827638644474	false	0.5
unter			__DUMMY__ 0.9329709587412356 neg 0.035979226233598914 off 0.031049815025165527	false	0.0
manipulieren	neg 1.0		__DUMMY__ 0.9256692964301926 off 0.03782029124260876 neg 0.03651041232719874	false	0.5
unbewiesen	neg 1.0	neg 1.0	neg 0.5035555860447296 __DUMMY__ 0.45760807751187066 off 0.03883633644339979	false	1.0
verschleppen	neg 1.0		__DUMMY__ 0.923590525270669 off 0.03923884180213876 neg 0.03717063292719218	false	0.5
weib	off 1.0		__DUMMY__ 0.9068959287772228 off 0.05454537131171919 neg 0.03855869991105801	false	1.0
opposition	neg 1.0		__DUMMY__ 0.91911558771248 off 0.0424530279957878 neg 0.038431384291732255	false	0.5
verkehrswidrig	neg 1.0		__DUMMY__ 0.9160773985282468 off 0.04971146364041183 neg 0.034211137831341436	false	0.5
inkorrekt	neg 1.0		__DUMMY__ 0.9141253199178174 off 0.04900680406895557 neg 0.036867876013226934	false	0.5
vermeiden	neg 1.0		__DUMMY__ 0.92918850271055 neg 0.036964480250239413 off 0.033847017039210635	false	1.0
abweichung	neg 1.0	neg 1.0	neg 0.5022039240348253 __DUMMY__ 0.4619876019556123 off 0.0358084740095626	false	1.0
alkoholisiert	neg 1.0		__DUMMY__ 0.9305011706225913 off 0.03628914010014086 neg 0.03320968927726781	false	0.5
scheiss	off 1.0	off 1.0	off 0.5128227902725699 __DUMMY__ 0.45205617457583847 neg 0.035121035151591574	false	1.0
herausforderung	neg 1.0		__DUMMY__ 0.923636841978515 off 0.03924258826178819 neg 0.03712056975969679	false	0.5
pervers	off 1.0		__DUMMY__ 0.9062496377555871 off 0.05646804111181003 neg 0.03728232113260287	false	1.0
wackelig	neg 1.0		__DUMMY__ 0.9247653041719347 off 0.03873604308967278 neg 0.03649865273839248	false	0.5
verwickeln	neg 1.0		__DUMMY__ 0.9203890575224328 off 0.04305313553188308 neg 0.03655780694568413	false	0.5
vorwand	neg 1.0		__DUMMY__ 0.9258674809242148 neg 0.03751464423289433 off 0.03661787484289094	false	1.0
muschi	off 1.0		__DUMMY__ 0.9227728427618637 off 0.040694062589367 neg 0.036533094648769256	false	1.0
entmutigung	neg 1.0		__DUMMY__ 0.9163932283755807 off 0.043784554734764274 neg 0.03982221688965507	false	0.5
unangemessen	neg 1.0		__DUMMY__ 0.9230793857473067 off 0.0404644768902248 neg 0.03645613736246851	false	0.5
unstetig	neg 1.0		__DUMMY__ 0.9180692379944285 off 0.044403260925517246 neg 0.03752750108005418	false	0.5
entmutigen	neg 1.0		__DUMMY__ 0.9209681365751484 off 0.04204447455971305 neg 0.03698738886513851	false	0.5
schwanz	neg 1.0		__DUMMY__ 0.923326236677954 off 0.038715059803980316 neg 0.03795870351806573	false	0.5
verbot	neg 1.0		__DUMMY__ 0.9213923247167444 off 0.04037143925147163 neg 0.038236236031784054	false	0.5
leid	neg 1.0		__DUMMY__ 0.9131150820612111 off 0.050062479673048964 neg 0.03682243826574	false	0.5
archaisch	neg 1.0		__DUMMY__ 0.9215580852845993 off 0.04014141036591082 neg 0.03830050434948989	false	0.5
gegen			__DUMMY__ 0.9282037818710648 off 0.0364730927743672 neg 0.03532312535456811	false	0.0
scheidung	neg 1.0		__DUMMY__ 0.9082595414962472 off 0.05952018961709117 neg 0.032220268886661595	false	0.5
einschlag	neg 1.0		__DUMMY__ 0.9178737113469222 off 0.04894219774349926 neg 0.03318409090957847	false	0.5
m			__DUMMY__ 0.9236679019649483 off 0.039255990261670363 neg 0.037076107773381384	false	0.0
abgestanden	neg 1.0		__DUMMY__ 0.9152501123124502 neg 0.04408997148345055 off 0.0406599162040993	false	1.0
schmierig	off 1.0		__DUMMY__ 0.9129166984414355 off 0.049881630153076735 neg 0.037201671405487656	false	1.0
unpraktisch	neg 1.0		__DUMMY__ 0.9214965808834138 off 0.04204782786947641 neg 0.036455591247109814	false	0.5
wixxer	off 1.0		__DUMMY__ 0.9041364022561327 off 0.05683186176616505 neg 0.03903173597770231	false	1.0
bezeichnet			__DUMMY__ 0.9223060329916767 off 0.04164942570868146 neg 0.0360445412996419	false	0.0
jammerlappen	off 1.0		__DUMMY__ 0.9176510693388403 off 0.04567665494579296 neg 0.03667227571536673	false	1.0
farce	neg 1.0		__DUMMY__ 0.9194258235236543 off 0.04169382386262506 neg 0.03888035261372054	false	0.5
zwecklos	neg 1.0		__DUMMY__ 0.9226804301327565 off 0.03966748781129823 neg 0.03765208205594528	false	0.5
turbulent	neg 1.0		__DUMMY__ 0.9148440807536451 off 0.04727106737989593 neg 0.03788485186645906	false	0.5
invasion	neg 1.0		__DUMMY__ 0.9192351542814869 off 0.04344602684171571 neg 0.03731881887679738	false	0.5
schuld	neg 1.0		__DUMMY__ 0.9208779918210052 off 0.04245542131330632 neg 0.036666586865688515	false	0.5
risiko	neg 1.0		__DUMMY__ 0.9171654251543235 off 0.04315234641030562 neg 0.03968222843537087	false	0.5
finster	neg 1.0		__DUMMY__ 0.9197144320935071 off 0.0403573993903309 neg 0.03992816851616198	false	0.5
geisteskrank	off 1.0		__DUMMY__ 0.9154700327866563 off 0.04790767343072013 neg 0.03662229378262361	false	1.0
zusammenbrechen	neg 1.0		__DUMMY__ 0.9222108206396554 off 0.03977539570548805 neg 0.03801378365485651	false	0.5
ausbeute	neg 1.0		__DUMMY__ 0.9260279082049755 off 0.03992797024138459 neg 0.03404412155363994	false	0.5
hinterhalt	neg 1.0		__DUMMY__ 0.9221061104932722 off 0.03975994301383633 neg 0.0381339464928916	false	0.5
kritik	neg 1.0		__DUMMY__ 0.9196548769880718 off 0.041503472812087126 neg 0.03884165019984104	false	0.5
einschrumpfen	neg 1.0		__DUMMY__ 0.9150886709174216 off 0.04582420120442775 neg 0.03908712787815061	false	0.5
riskant	neg 1.0		__DUMMY__ 0.9239367447785285 neg 0.03843323600350159 off 0.03763001921796994	false	1.0
frustrieren	neg 1.0		__DUMMY__ 0.9230059953272939 neg 0.038577579232779206 off 0.038416425439926884	false	1.0
groll	neg 1.0		__DUMMY__ 0.9243372963750446 off 0.03980637000047689 neg 0.03585633362447854	false	0.5
gibt			__DUMMY__ 0.9232163575187147 off 0.039436990646559686 neg 0.03734665183472568	false	0.0
qualvoll	neg 1.0		__DUMMY__ 0.9200920565245374 off 0.042929262645193055 neg 0.036978680830269464	false	0.5
wackeln	neg 1.0		__DUMMY__ 0.9219821639682503 off 0.04096277046711281 neg 0.03705506556463694	false	0.5
klagen	neg 1.0		__DUMMY__ 0.9249810404652359 neg 0.03812431654136688 off 0.03689464299339722	false	1.0
bankrott	neg 1.0		__DUMMY__ 0.9190770620046742 off 0.04487019319011737 neg 0.036052744805208474	false	0.5
trauern	neg 1.0		__DUMMY__ 0.9293797372776679 off 0.0374962005178726 neg 0.03312406220445954	false	0.5
ablehnung	neg 1.0		__DUMMY__ 0.9200589352730155 off 0.040986403926336186 neg 0.038954660800648265	false	0.5
stur	neg 1.0		__DUMMY__ 0.9202613790183469 off 0.04243198107261957 neg 0.03730663990903342	false	0.5
aufruhr	neg 1.0	neg 1.0	neg 0.502833533235745 __DUMMY__ 0.45935599968205393 off 0.0378104670822011	false	1.0
melancholie	neg 1.0		__DUMMY__ 0.9231477208174543 neg 0.04003949433870021 off 0.03681278484384547	false	1.0
ist			__DUMMY__ 0.9200407738916454 off 0.04275118847468676 neg 0.03720803763366775	false	0.0
torheit	neg 1.0		__DUMMY__ 0.9203446215152852 off 0.04258269693609677 neg 0.037072681548618105	false	0.5
dreckskind	off 1.0		__DUMMY__ 0.9085541985808125 off 0.05370169403000686 neg 0.0377441073891806	false	1.0
umtauschen	neg 1.0		__DUMMY__ 0.9222809421031165 off 0.04018412185867713 neg 0.037534936038206304	false	0.5
zum			__DUMMY__ 0.9335470053422622 off 0.03385154335173095 neg 0.032601451306006834	false	0.0
zersetzen	neg 1.0		__DUMMY__ 0.9235197623457737 neg 0.03890138651127907 off 0.03757885114294716	false	1.0
zur			__DUMMY__ 0.9292013285302745 neg 0.03657899035134218 off 0.03421968111838341	false	0.0
frust	neg 1.0		__DUMMY__ 0.9229162042878536 off 0.039635408407998486 neg 0.03744838730414799	false	0.5
unerbittlichkeit	neg 1.0		__DUMMY__ 0.9250282292682777 off 0.038220305836761705 neg 0.03675146489496059	false	0.5
zwei			__DUMMY__ 0.9302836297364251 neg 0.03623225255198934 off 0.03348411771158565	false	0.0
unkorrekt	neg 1.0		__DUMMY__ 0.9153969458425908 off 0.047705311740910084 neg 0.03689774241649912	false	0.5
hexe	off 1.0		__DUMMY__ 0.9145493281406476 off 0.04496862090254066 neg 0.040482050956811746	false	1.0
lasch	neg 1.0		__DUMMY__ 0.918876919903068 off 0.045034873495949174 neg 0.03608820660098289	false	0.5
rivale	neg 1.0		__DUMMY__ 0.9148839577992386 off 0.048746506103407194 neg 0.03636953609735414	false	0.5
mutlos	off 1.0	off 1.0	off 0.5058108963688746 __DUMMY__ 0.45992601765285923 neg 0.03426308597826627	false	1.0
wirr	off 1.0		__DUMMY__ 0.9130517933420871 off 0.04938920275329087 neg 0.03755900390462202	false	1.0
jahr			__DUMMY__ 0.9304618092945618 off 0.03706121847073528 neg 0.03247697223470295	false	0.0
wird			__DUMMY__ 0.9242441040550524 off 0.038819627475470034 neg 0.036936268469477486	false	0.0
strafbar	neg 1.0		__DUMMY__ 0.925457220490691 off 0.038132255353007155 neg 0.036410524156301846	false	0.5
erosion	neg 1.0		__DUMMY__ 0.921971825752289 off 0.04124666711290361 neg 0.0367815071348074	false	0.5
eingehen	neg 1.0		__DUMMY__ 0.9230787833820725 neg 0.038612776484793186 off 0.03830844013313438	false	1.0
faul	off 1.0		__DUMMY__ 0.9188751870530804 off 0.04451454249177445 neg 0.03661027045514511	false	1.0
provisorium	neg 1.0		__DUMMY__ 0.9338674743540214 neg 0.035160584579717984 off 0.030971941066260705	false	1.0
schmerzen	neg 1.0		__DUMMY__ 0.9218656885140005 off 0.03970062125380381 neg 0.03843369023219571	false	0.5
schrumpfen	neg 1.0		__DUMMY__ 0.9254346797252363 neg 0.04011982380361728 off 0.034445496471146426	false	1.0
geistlos	off 1.0		__DUMMY__ 0.9171311456627167 off 0.044199428119427835 neg 0.038669426217855414	false	1.0
fehlkauf	neg 1.0		__DUMMY__ 0.9185663920849927 off 0.04349324485143995 neg 0.037940363063567364	false	0.5
frustrierend	neg 1.0		__DUMMY__ 0.9179716460237971 off 0.04460146511637653 neg 0.03742688885982629	false	0.5
unzufrieden	neg 1.0		__DUMMY__ 0.9232437849751534 off 0.03950488745592921 neg 0.037251327568917386	false	0.5
verzweifeln	neg 1.0		__DUMMY__ 0.9225286582238532 off 0.040494503810669776 neg 0.036976837965476975	false	0.5
verzweifelt	neg 1.0		__DUMMY__ 0.9200511997489442 off 0.04249057811318196 neg 0.03745822213787383	false	0.5
misstrauensantrag	neg 1.0		__DUMMY__ 0.919595002770862 off 0.04281360866325231 neg 0.03759138856588569	false	0.5
abfallen	neg 1.0		__DUMMY__ 0.920964963151975 off 0.041016755321469416 neg 0.03801828152655564	false	0.5
fucker	off 1.0		__DUMMY__ 0.9155144059844942 off 0.04857768779777602 neg 0.035907906217729775	false	1.0
ungezogen	neg 1.0		__DUMMY__ 0.9089358407392262 off 0.05441923681128861 neg 0.03664492244948515	false	0.5
irrsinnig	neg 1.0	neg 1.0	neg 0.5045309273575116 __DUMMY__ 0.4570162889814574 off 0.03845278366103102	false	1.0
unfassbar	neg 1.0		__DUMMY__ 0.9173956912505182 off 0.04638311261930611 neg 0.036221196130175645	false	0.5
hart	neg 1.0		__DUMMY__ 0.9115408544577498 off 0.04640590834159617 neg 0.042053237200654014	false	0.5
widerlich	off 1.0		__DUMMY__ 0.9161659222730124 off 0.046870333509008925 neg 0.036963744217978683	false	1.0
fatal	neg 1.0	neg 1.0	neg 0.5066976241055732 __DUMMY__ 0.4534691512366444 off 0.03983322465778249	false	1.0
bruch	neg 1.0		__DUMMY__ 0.9280191845362291 neg 0.03629501452052511 off 0.03568580094324585	false	1.0
aushungern	neg 1.0		__DUMMY__ 0.9212994416084188 off 0.040622091918812324 neg 0.03807846647276883	false	0.5
anspannung	neg 1.0		__DUMMY__ 0.9310429729444523 neg 0.035153304424034706 off 0.03380372263151312	false	1.0
von			__DUMMY__ 0.9262746893328531 neg 0.037168590492574746 off 0.03655672017457223	false	0.0
kraftlos	neg 1.0		__DUMMY__ 0.923624550351603 off 0.03882384561050003 neg 0.037551604037897056	false	0.5
vom			__DUMMY__ 0.935422917055709 neg 0.03333865067297907 off 0.031238432271311872	false	0.0
grenzdebil	off 1.0		__DUMMY__ 0.9159226276009562 off 0.04660679544669721 neg 0.03747057695234659	false	1.0
vor			__DUMMY__ 0.9269949925135526 neg 0.037192313651747855 off 0.03581269383469964	false	0.0
unterwerfen	neg 1.0		__DUMMY__ 0.9252195945403286 off 0.03861722852888343 neg 0.036163176930787945	false	0.5
versenkung	neg 1.0		__DUMMY__ 0.9252465141957483 off 0.03828878195077419 neg 0.036464703853477484	false	0.5
entziehen	neg 1.0		__DUMMY__ 0.9257703195746617 neg 0.03764654338913592 off 0.036583137036202334	false	1.0
finanzkrise	neg 1.0		__DUMMY__ 0.915058478499226 neg 0.04373978508689832 off 0.041201736413875666	false	1.0
schimpfend	neg 1.0		__DUMMY__ 0.923050292392911 off 0.04139348116514054 neg 0.03555622644194839	false	0.5
profan	neg 1.0		__DUMMY__ 0.9190830821061883 off 0.04325944216083294 neg 0.03765747573297883	false	0.5
korruption	neg 1.0		__DUMMY__ 0.9208008643035068 off 0.039967822113790866 neg 0.03923131358270232	false	0.5
â			__DUMMY__ 0.923375710214994 off 0.03872149326315696 neg 0.03790279652184915	false	0.0
schmutzig	neg 1.0		__DUMMY__ 0.9163669483465611 off 0.046744257455727516 neg 0.03688879419771142	false	0.5
sexy	neg 1.0		__DUMMY__ 0.9192022978685253 off 0.04447923446322896 neg 0.03631846766824576	false	0.5
abraten	neg 1.0		__DUMMY__ 0.9205031532650225 off 0.042760397774817265 neg 0.036736448960160206	false	0.5
schwarz	neg 1.0		__DUMMY__ 0.9199226215112831 off 0.04318477558286335 neg 0.036892602905853604	false	0.5
fotze	off 1.0	off 1.0	off 0.5059687046129606 __DUMMY__ 0.4599420766070516 neg 0.03408921877998784	false	1.0
verwirren	neg 1.0		__DUMMY__ 0.9196673522158552 off 0.04353286029922383 neg 0.03679978748492106	false	0.5
zahnlos	off 1.0		__DUMMY__ 0.922546462206395 off 0.04035555754516325 neg 0.03709798024844165	false	1.0
verheeren	neg 1.0		__DUMMY__ 0.9084713525106629 off 0.05583629021674241 neg 0.035692357272594635	false	0.5
hippie	neg 1.0		__DUMMY__ 0.9187680434914297 off 0.04429563340314192 neg 0.03693632310542845	false	0.5
rammen	neg 1.0		__DUMMY__ 0.9214372352314167 off 0.041159546474455 neg 0.03740321829412822	false	0.5
unlauter	neg 1.0		__DUMMY__ 0.9186375683588764 off 0.043157631423640506 neg 0.03820480021748294	false	0.5
unheilvoll	neg 1.0		__DUMMY__ 0.9199358453810904 off 0.04188764039902638 neg 0.03817651421988328	false	0.5
niedrig	neg 1.0		__DUMMY__ 0.9219987825016128 neg 0.03936766321560288 off 0.03863355428278434	false	1.0
explosion	neg 1.0		__DUMMY__ 0.9193329869471216 off 0.044077125950098564 neg 0.036589887102779904	false	0.5
weichei	off 1.0	off 1.0	off 0.5164524456955254 __DUMMY__ 0.44830423535097264 neg 0.035243318953502	false	1.0
minusmensch	off 1.0		__DUMMY__ 0.9064013016796169 off 0.05587706999377383 neg 0.03772162832660934	false	1.0
farblos	neg 1.0		__DUMMY__ 0.9208309387088277 off 0.04171698883386343 neg 0.037452072457308874	false	0.5
unwissend	neg 1.0	neg 1.0	neg 0.5044702532338395 __DUMMY__ 0.45413896913202384 off 0.04139077763413657	false	1.0
traurig	neg 1.0		__DUMMY__ 0.9152314572248123 off 0.048493458685806144 neg 0.03627508408938167	false	0.5
senkung	neg 1.0		__DUMMY__ 0.9155574195003918 off 0.04372533662120969 neg 0.04071724387839844	false	0.5
ungleich	neg 1.0	neg 1.0	neg 0.5045176095697601 __DUMMY__ 0.4602273009331073 off 0.035255089497132595	false	1.0
heikel	neg 1.0		__DUMMY__ 0.9248600715747943 off 0.03773601754518098 neg 0.03740391088002476	false	0.5
drosselung	neg 1.0		__DUMMY__ 0.9127086852050641 off 0.04664775859696332 neg 0.04064355619797263	false	0.5
falsch	neg 1.0		__DUMMY__ 0.9192170469420294 off 0.04464591401679094 neg 0.03613703904117962	false	0.5
unzufriedenheit	neg 1.0		__DUMMY__ 0.9228331424641472 neg 0.03943646954755048 off 0.0377303879883024	false	1.0
kurz	neg 1.0		__DUMMY__ 0.9247963466532597 off 0.039209902915227 neg 0.035993750431513274	false	0.5
unsinnig	neg 1.0		__DUMMY__ 0.9203504354232456 off 0.04074853115976246 neg 0.038901033416992	false	0.5
penner	off 1.0	off 1.0	off 0.5180138679274217 __DUMMY__ 0.44803468016617276 neg 0.03395145190640561	false	1.0
seicht	neg 1.0		__DUMMY__ 0.9067952580060781 off 0.05416134567559591 neg 0.039043396318325915	false	0.5
dummheit	off 1.0	off 1.0	off 0.5100773531383836 __DUMMY__ 0.4549975904592977 neg 0.034925056402318605	false	1.0
unerfreulich	neg 1.0		__DUMMY__ 0.9246568201204083 neg 0.037929527625702286 off 0.037413652253889415	false	1.0
motherfucker	off 1.0	off 1.0	off 0.5139164378237057 __DUMMY__ 0.4525797220083048 neg 0.03350384016798966	false	1.0
pikiert	neg 1.0		__DUMMY__ 0.9164588952614894 off 0.04597040986414868 neg 0.03757069487436192	false	0.5
wrack	neg 1.0		__DUMMY__ 0.9289275898971165 off 0.03902475639105538 neg 0.03204765371182814	false	0.5
gangster	neg 1.0		__DUMMY__ 0.9185724930772524 off 0.04442436297249255 neg 0.037003143950255134	false	0.5
krank	neg 1.0		__DUMMY__ 0.9177949934944893 off 0.04639810542846479 neg 0.03580690107704592	false	0.5
reich	neg 1.0		__DUMMY__ 0.9148880210636628 off 0.044788595615766105 neg 0.04032338332057099	false	0.5
gnadenlos	neg 1.0		__DUMMY__ 0.9213669689465206 off 0.042247276085538424 neg 0.03638575496794102	false	0.5
niedergeschlagen	neg 1.0		__DUMMY__ 0.9255204104246045 off 0.039010864159316296 neg 0.03546872541607919	false	0.5
terrorisieren	off 1.0	off 1.0	off 0.5048683385125134 __DUMMY__ 0.4618939078356531 neg 0.03323775365183344	false	1.0
sinnlosigkeit	neg 1.0		__DUMMY__ 0.922752538018941 off 0.039871993506756555 neg 0.03737546847430251	false	0.5
behindern	neg 1.0		__DUMMY__ 0.9210320117447024 off 0.040914563923846334 neg 0.03805342433145127	false	0.5
undemokratisch	neg 1.0		__DUMMY__ 0.9183937342219498 off 0.043675362368280284 neg 0.03793090340976994	false	0.5
wirtschaftskrise	neg 1.0		__DUMMY__ 0.9194470445291696 neg 0.04090250206621612 off 0.03965045340461424	false	1.0
neid	neg 1.0		__DUMMY__ 0.9193003773543965 off 0.043874306844478156 neg 0.03682531580112526	false	0.5
rutschen	neg 1.0		__DUMMY__ 0.9301584159720733 neg 0.03661653227688855 off 0.03322505175103822	false	1.0
rezession	neg 1.0		__DUMMY__ 0.9092076538009131 off 0.049040866220298476 neg 0.04175147997878842	false	0.5
fehlgeburt	neg 1.0		__DUMMY__ 0.9235520509824402 off 0.04106721180891588 neg 0.035380737208643875	false	0.5
charakterschwach	off 1.0		__DUMMY__ 0.9157090322533135 off 0.04655440113639383 neg 0.03773656661029271	false	1.0
isolation	neg 1.0		__DUMMY__ 0.9199802200572735 off 0.04447410842837487 neg 0.03554567151435157	false	0.5
ablenkung	neg 1.0		__DUMMY__ 0.9226920738915666 off 0.040939327137847516 neg 0.036368598970585884	false	0.5
pech	neg 1.0		__DUMMY__ 0.9181746926628125 off 0.04443918293910917 neg 0.03738612439807843	false	0.5
vermeidung	neg 1.0		__DUMMY__ 0.9154953899032898 off 0.046476803275715954 neg 0.0380278068209943	false	0.5
dominieren	neg 1.0		__DUMMY__ 0.9230673466794798 off 0.040030464490347493 neg 0.03690218883017276	false	0.5
schwindlig	neg 1.0		__DUMMY__ 0.9198182801271951 off 0.04238950449594562 neg 0.03779221537685934	false	0.5
lutscher	neg 1.0	neg 1.0	neg 0.5055004368412658 __DUMMY__ 0.44411404552251105 off 0.050385517636223086	false	1.0
pflicht	neg 1.0		__DUMMY__ 0.9266654441316328 off 0.03672899890643637 neg 0.03660555696193085	false	0.5
faschist	off 1.0		__DUMMY__ 0.9194069153677324 off 0.044870297050245075 neg 0.035722787582022505	false	1.0
verschleudern	neg 1.0		__DUMMY__ 0.9202492039618183 neg 0.04123527626663818 off 0.03851551977154352	false	1.0
wenn			__DUMMY__ 0.9177204516779662 off 0.04542046492179523 neg 0.03685908340023846	false	0.0
ehebruch	neg 1.0		__DUMMY__ 0.9238684703315279 off 0.03915727755544676 neg 0.03697425211302546	false	0.5
spott	off 1.0		__DUMMY__ 0.9249331636474792 off 0.03901108131424818 neg 0.036055755038272644	false	1.0
trostlosigkeit	neg 1.0		__DUMMY__ 0.9233924858326791 neg 0.039973489170145024 off 0.03663402499717593	false	1.0
lutschen	neg 1.0		__DUMMY__ 0.917644875628142 off 0.04477487141519265 neg 0.037580252956665346	false	0.5
undiszipliniert	neg 1.0		__DUMMY__ 0.9153574801904305 off 0.04781390807572972 neg 0.0368286117338398	false	0.5
kopfschmerz	neg 1.0		__DUMMY__ 0.9213706810025477 neg 0.04057320010974654 off 0.03805611888770579	false	1.0
unvorhergesehen	neg 1.0		__DUMMY__ 0.928077675580731 off 0.036126578839647316 neg 0.03579574557962171	false	0.5
desinteressiert	neg 1.0		__DUMMY__ 0.9155103756785485 off 0.047395146457499156 neg 0.037094477863952306	false	0.5
armselig	off 1.0		__DUMMY__ 0.9144662168873735 off 0.04946502836194876 neg 0.036068754750677647	false	1.0
desaster	neg 1.0		__DUMMY__ 0.9253733620927665 neg 0.03831344853879321 off 0.036313189368440135	false	1.0
tod	neg 1.0		__DUMMY__ 0.9256224989409992 off 0.037805537368740795 neg 0.03657196369025993	false	0.5
herzlos	neg 1.0		__DUMMY__ 0.9147233841779929 off 0.04887541276473821 neg 0.03640120305726882	false	0.5
unwissenheit	neg 1.0		__DUMMY__ 0.9228614732483169 off 0.039580094432307505 neg 0.037558432319375515	false	0.5
widersinnig	neg 1.0		__DUMMY__ 0.9193098604302672 off 0.04096609326763447 neg 0.03972404630209831	false	0.5
bedenklich	neg 1.0		__DUMMY__ 0.922595380032102 off 0.03888040745280022 neg 0.03852421251509789	false	0.5
beanstanden	neg 1.0		__DUMMY__ 0.9270818267750377 off 0.037207918157930994 neg 0.0357102550670313	false	0.5
panisch	neg 1.0		__DUMMY__ 0.9216962021301794 off 0.042536298671793656 neg 0.03576749919802694	false	0.5
debil	off 1.0		__DUMMY__ 0.9304513253791973 neg 0.03816355740359574 off 0.03138511721720697	false	0.5
abstrich	neg 1.0		__DUMMY__ 0.9229578629614917 off 0.03887155475931889 neg 0.03817058227918937	false	0.5
primitiv	neg 1.0		__DUMMY__ 0.9158249764756908 off 0.04763176028117561 neg 0.03654326324313363	false	0.5
abschaum	off 1.0	off 1.0	off 0.5121980403060026 __DUMMY__ 0.4555627194546625 neg 0.03223924023933495	false	1.0
provozieren	neg 1.0		__DUMMY__ 0.9206190419716886 off 0.04226355446847384 neg 0.03711740355983748	false	0.5
tot	neg 1.0		__DUMMY__ 0.9220480087622468 neg 0.039023561360494285 off 0.038928429877258884	false	1.0
instabil	neg 1.0		__DUMMY__ 0.9119575413132414 off 0.04967174429397387 neg 0.0383707143927848	false	0.5
schwuchtel	off 1.0	off 1.0	off 0.5239008982698107 __DUMMY__ 0.4414475775169674 neg 0.034651524213221895	false	1.0
zerren	neg 1.0		__DUMMY__ 0.9245923084533794 off 0.03910274897481785 neg 0.03630494257180269	false	0.5
kinderficker	off 1.0		__DUMMY__ 0.912557763066451 off 0.051454527200690235 neg 0.035987709732858725	false	1.0
gefahr	neg 1.0		__DUMMY__ 0.92704214333882 off 0.03709358211072493 neg 0.035864274550455204	false	0.5
rabiat	neg 1.0		__DUMMY__ 0.9216866470691764 off 0.0407373377857267 neg 0.03757601514509698	false	0.5
verlangsamung	neg 1.0		__DUMMY__ 0.9095071613447345 off 0.05298354476158858 neg 0.03750929389367692	false	0.5
ausgestorben	neg 1.0		__DUMMY__ 0.9228262742150348 off 0.04031246234046757 neg 0.03686126344449755	false	0.5
anklagen	neg 1.0		__DUMMY__ 0.9235393029022303 off 0.040151171423996414 neg 0.03630952567377327	false	0.5
trott	neg 1.0		__DUMMY__ 0.9216934166455477 off 0.04113098344106495 neg 0.03717559991338733	false	0.5
verminderung	neg 1.0		__DUMMY__ 0.9159410452827618 off 0.04644894980682039 neg 0.03761000491041786	false	0.5
nach			__DUMMY__ 0.9321843325858812 neg 0.03559010288104153 off 0.03222556453307732	false	0.0
rost	neg 1.0		__DUMMY__ 0.9127129925269685 off 0.05374209181464714 neg 0.03354491565838428	false	0.5
destruktiv	neg 1.0		__DUMMY__ 0.9208658605162412 off 0.04134033377254016 neg 0.03779380571121865	false	0.5
unzumutbarkeit	neg 1.0		__DUMMY__ 0.9160898436721677 off 0.04648820406587811 neg 0.037421952261954196	false	0.5
labil	off 1.0	off 1.0	off 0.5116603407029455 __DUMMY__ 0.4541712499214889 neg 0.034168409375565575	false	1.0
ziemlich	neg 1.0		__DUMMY__ 0.9179329426346281 off 0.04604759125617158 neg 0.036019466109200315	false	0.5
lachnummer	off 1.0		__DUMMY__ 0.9220764094582555 off 0.042005323649081036 neg 0.0359182668926634	false	1.0
oder			__DUMMY__ 0.922378702769139 off 0.04148108747639757 neg 0.036140209754463366	false	0.0
verfall	neg 1.0		__DUMMY__ 0.9255831307592809 neg 0.039928856055288675 off 0.034488013185430384	false	1.0
ausgrenzung	neg 1.0		__DUMMY__ 0.9181278645394249 off 0.04354615359769437 neg 0.03832598186288077	false	0.5
unordnung	neg 1.0		__DUMMY__ 0.9130060063863954 off 0.04983783312411237 neg 0.03715616048949228	false	0.5
fehlverhalten	neg 1.0		__DUMMY__ 0.924542813360327 off 0.038235559978103933 neg 0.037221626661569134	false	0.5
eine			__DUMMY__ 0.9258040944327278 neg 0.03795879468998467 off 0.036237110877287475	false	0.0
nille	neg 1.0		__DUMMY__ 0.9214072737138379 off 0.041655298989190834 neg 0.03693742729697135	false	0.5
qual	neg 1.0		__DUMMY__ 0.9215657015156195 off 0.04088476398567882 neg 0.03754953449870173	false	0.5
verschwenden	neg 1.0		__DUMMY__ 0.9229365336571909 neg 0.039302007834307366 off 0.03776145850850186	false	1.0
riesig	neg 1.0		__DUMMY__ 0.9256632494636972 off 0.03767546865276872 neg 0.03666128188353405	false	0.5
verurteilen	neg 1.0		__DUMMY__ 0.9231644214354 off 0.04007262376091055 neg 0.036762954803689504	false	0.5
klischee	neg 1.0	neg 1.0	neg 0.5048140278931007 __DUMMY__ 0.4543225406265443 off 0.04086343148035503	false	1.0
diktatorisch	neg 1.0		__DUMMY__ 0.9181147010870178 off 0.043796099323162634 neg 0.03808919958981956	false	0.5
vorhersehbar	neg 1.0		__DUMMY__ 0.9175617546540842 off 0.04415607969498538 neg 0.038282165650930386	false	0.5
sowie			__DUMMY__ 0.9108464765547988 off 0.05079481305921991 neg 0.03835871038598121	false	0.0
stornieren	neg 1.0		__DUMMY__ 0.9243744226080384 off 0.04344269623616774 neg 0.03218288115579389	false	0.5
besteuerung	neg 1.0	neg 1.0	neg 0.5083401715568447 __DUMMY__ 0.45337264615769934 off 0.03828718228545586	false	1.0
ungeschminkt	neg 1.0		__DUMMY__ 0.9153965160403197 off 0.04711204064237974 neg 0.037491443317300595	false	0.5
kritisch	neg 1.0		__DUMMY__ 0.9230630842579659 off 0.03968299896056104 neg 0.037253916781473106	false	0.5
schlamperei	off 1.0		__DUMMY__ 0.9241831697216695 off 0.038537793998921016 neg 0.037279036279409476	false	1.0
sucht	neg 1.0	neg 1.0	neg 0.5029523188469922 __DUMMY__ 0.4589601344731253 off 0.038087546679882546	false	1.0
egoistisch	off 1.0	off 1.0	off 0.5163672895190358 __DUMMY__ 0.4508800539652224 neg 0.03275265651574184	false	1.0
ausbeuter	off 1.0		__DUMMY__ 0.9226363719247387 neg 0.039281901130642734 off 0.03808172694461863	false	0.5
arschgeburt	off 1.0		__DUMMY__ 0.902373453813144 off 0.059268968454470855 neg 0.03835757773238507	false	1.0
schubs	neg 1.0		__DUMMY__ 0.9222155207231995 neg 0.03965019762422039 off 0.03813428165258024	false	1.0
unsolide	neg 1.0		__DUMMY__ 0.9196386354880486 off 0.04399509836462065 neg 0.03636626614733084	false	0.5
beschwerde	neg 1.0		__DUMMY__ 0.9237695089228299 off 0.039857222314002856 neg 0.03637326876316714	false	0.5
stocken	neg 1.0		__DUMMY__ 0.9234897271903706 off 0.03892229034401087 neg 0.037587982465618536	false	0.5
isolieren	neg 1.0		__DUMMY__ 0.9215101802710998 off 0.039820175127820434 neg 0.038669644601079724	false	0.5
unheilbar	neg 1.0		__DUMMY__ 0.921863949301754 off 0.04161766321015113 neg 0.03651838748809494	false	0.5
pisser	off 1.0	off 1.0	off 0.5143351454338473 __DUMMY__ 0.45192386791587286 neg 0.03374098665027986	false	1.0
löschen	neg 1.0		__DUMMY__ 0.920663798485214 off 0.04178094626428396 neg 0.03755525525050209	false	0.5
durchfallen	neg 1.0		__DUMMY__ 0.9237140447298938 off 0.03935112541056179 neg 0.03693482985954433	false	0.5
wichser	off 1.0	off 1.0	off 0.5205156188420954 __DUMMY__ 0.4455194449828958 neg 0.033964936175008786	false	1.0
terror	neg 1.0		__DUMMY__ 0.9191570005212764 off 0.043876428737075555 neg 0.036966570741648046	false	0.5
krass	neg 1.0		__DUMMY__ 0.913111407418013 off 0.049929116439010504 neg 0.036959476142976476	false	0.5
revolte	neg 1.0		__DUMMY__ 0.9158948645877318 off 0.04497253418102344 neg 0.03913260123124475	false	0.5
besorgt	neg 1.0		__DUMMY__ 0.9252742451458372 off 0.039539810149807154 neg 0.0351859447043556	false	0.5
nachlassen	neg 1.0		__DUMMY__ 0.9249170526157335 off 0.0385382762062671 neg 0.036544671177999304	false	0.5
alt	neg 1.0		__DUMMY__ 0.9203571060182022 neg 0.041792230552162225 off 0.037850663429635556	false	1.0
hundesohn	off 1.0	off 1.0	off 0.5200030071067107 __DUMMY__ 0.4450265095415336 neg 0.034970483351755705	false	1.0
als			__DUMMY__ 0.9224046581879389 off 0.039677611533233285 neg 0.03791773027882786	false	0.0
abschreckung	neg 1.0		__DUMMY__ 0.9248594227248357 off 0.0375771068966614 neg 0.037563470378502974	false	0.5
unqualifiziert	neg 1.0		__DUMMY__ 0.9184182115487002 off 0.04534279853043662 neg 0.036238989920863225	false	0.5
abgewichst	off 1.0		__DUMMY__ 0.9223769032075075 off 0.0409109623759652 neg 0.03671213441652721	false	1.0
schwer	neg 1.0		__DUMMY__ 0.9220561484330607 off 0.04090038990764465 neg 0.03704346165929475	false	0.5
bedeutungslosigkeit	neg 1.0		__DUMMY__ 0.924356811217293 off 0.037984666745797285 neg 0.03765852203690977	false	0.5
kapitulation	neg 1.0		__DUMMY__ 0.9214155988622649 off 0.03950420102923537 neg 0.03908020010849984	false	0.5
unscharf	neg 1.0		__DUMMY__ 0.9160851529740843 off 0.042532490631626216 neg 0.04138235639428948	false	0.5
schwinden	neg 1.0		__DUMMY__ 0.9220978183005006 neg 0.03988084721815557 off 0.03802133448134388	false	1.0
versklavung	neg 1.0	neg 1.0	neg 0.5056960633752237 __DUMMY__ 0.4550106617053016 off 0.03929327491947468	false	1.0
schlecht	neg 1.0		__DUMMY__ 0.9184228266726643 off 0.04623300421329135 neg 0.035344169114044414	false	0.5
verhasst	neg 1.0		__DUMMY__ 0.9199908197533478 off 0.042876426224645846 neg 0.03713275402200619	false	0.5
beschweren	neg 1.0		__DUMMY__ 0.921331434245336 off 0.042977066889120376 neg 0.035691498865543556	false	0.5
scheiden	neg 1.0		__DUMMY__ 0.9217848276016132 off 0.04092167674740428 neg 0.0372934956509825	false	0.5
frustriert	neg 1.0		__DUMMY__ 0.9229204587024253 off 0.04024015663678338 neg 0.03683938466079126	false	0.5
schimmelig	neg 1.0		__DUMMY__ 0.9213372482532265 neg 0.040609635054961214 off 0.03805311669181228	false	1.0
fisch	neg 1.0		__DUMMY__ 0.9226430800430873 neg 0.042047901585307225 off 0.0353090183716055	false	1.0
schmuggel	neg 1.0		__DUMMY__ 0.9283387552342418 off 0.036337023427151546 neg 0.0353242213386067	false	0.5
auffallen	neg 1.0		__DUMMY__ 0.9201446383892973 off 0.04332835807108025 neg 0.036527003539622495	false	0.5
konkurrenz	neg 1.0		__DUMMY__ 0.9263687164666722 off 0.037629198083858055 neg 0.0360020854494698	false	0.5
teufelskreis	neg 1.0	neg 1.0	neg 0.506275510889408 __DUMMY__ 0.45643120619431143 off 0.03729328291628051	false	1.0
aufschreien	neg 1.0		__DUMMY__ 0.9183944454601423 off 0.043947239097271 neg 0.03765831544258683	false	0.5
schuldner	neg 1.0		__DUMMY__ 0.9210369858585012 neg 0.04114704868284774 off 0.037815965458651	false	1.0
missgeburt	off 1.0	off 1.0	off 0.5182854238733862 __DUMMY__ 0.4486162878922571 neg 0.03309828823435666	false	1.0
arbeitslos	neg 1.0		__DUMMY__ 0.923169261280888 off 0.03936612017826397 neg 0.03746461854084797	false	0.5
befallen	neg 1.0		__DUMMY__ 0.9185968584439823 off 0.040762764289361535 neg 0.04064037726665612	false	0.5
miesepetrig	off 1.0	off 1.0	off 0.5110900377907024 __DUMMY__ 0.4550378490070246 neg 0.03387211320227308	false	1.0
alarmieren	neg 1.0		__DUMMY__ 0.918695914621268 off 0.045742561478392105 neg 0.03556152390033998	false	0.5
ungeduscht	off 1.0		__DUMMY__ 0.9173764765799147 off 0.044432693974129786 neg 0.038190829445955414	false	1.0
knappheit	neg 1.0		__DUMMY__ 0.9198593623350771 neg 0.040507020589859326 off 0.039633617075063535	false	1.0
schlange	neg 1.0		__DUMMY__ 0.9222442215193728 off 0.041409119633222594 neg 0.036346658847404664	false	0.5
harsch	neg 1.0		__DUMMY__ 0.9152908061462067 off 0.04967622717362047 neg 0.0350329666801728	false	0.5
lang	neg 1.0		__DUMMY__ 0.9204106163106884 off 0.042439188769418656 neg 0.03715019491989287	false	0.5
ziellos	neg 1.0		__DUMMY__ 0.9253310326036398 off 0.03782775510174314 neg 0.03684121229461704	false	0.5
selbstverliebt	neg 1.0		__DUMMY__ 0.9074489619384215 off 0.05646837450406272 neg 0.03608266355751585	false	0.5
beseitigen	neg 1.0		__DUMMY__ 0.9237142383283484 off 0.04109346856109059 neg 0.035192293110560956	false	0.5
dumm	off 1.0		__DUMMY__ 0.911232385715092 off 0.052009872862790574 neg 0.03675774142211734	false	1.0
arbeitsloser	neg 1.0		__DUMMY__ 0.9279300740680119 off 0.039468933338348194 neg 0.03260099259363999	false	0.5
blitzen	neg 1.0		__DUMMY__ 0.9176411976761777 off 0.044773787511025225 neg 0.03758501481279709	false	0.5
hilflos	neg 1.0		__DUMMY__ 0.9231628485761815 off 0.03924453609415738 neg 0.037592615329661204	false	0.5
eklig	off 1.0		__DUMMY__ 0.9093120932105236 off 0.052323588588905984 neg 0.03836431820057035	false	1.0
begriff			__DUMMY__ 0.9220781479344373 off 0.041070851292716516 neg 0.03685100077284616	false	0.0
hungersnot	neg 1.0		__DUMMY__ 0.9213258077474427 off 0.03966110011011414 neg 0.039013092142443216	false	0.5
ungesetzlich	neg 1.0		__DUMMY__ 0.9184574505033114 off 0.043943665409042314 neg 0.037598884087646355	false	0.5
verschwendung	neg 1.0		__DUMMY__ 0.9239916212455791 neg 0.03820390787274594 off 0.03780447088167499	false	1.0
schmerzvoll	neg 1.0		__DUMMY__ 0.9193363715907209 off 0.04261711794846303 neg 0.03804651046081608	false	0.5
vorzeitig	neg 1.0		__DUMMY__ 0.9189173540365551 off 0.045689474000105555 neg 0.03539317196333936	false	0.5
unvollkommenheit	neg 1.0		__DUMMY__ 0.9223102770816153 off 0.03984076821542171 neg 0.03784895470296306	false	0.5
intervenieren	neg 1.0		__DUMMY__ 0.9214004819750267 neg 0.03997998098993971 off 0.03861953703503359	false	1.0
banause	off 1.0		__DUMMY__ 0.9057200119032002 off 0.053710519342140474 neg 0.04056946875465928	false	1.0
rebell	neg 1.0		__DUMMY__ 0.923939822437302 neg 0.04188577978505733 off 0.03417439777764077	false	1.0
unlogisch	neg 1.0		__DUMMY__ 0.9142914897206522 off 0.04836198352916499 neg 0.03734652675018288	false	0.5
leiden	neg 1.0		__DUMMY__ 0.9291128750982751 off 0.03616980387841479 neg 0.034717321023310085	false	0.5
abschaffung	neg 1.0		__DUMMY__ 0.9183473115670886 off 0.042437998010272024 neg 0.03921469042263938	false	0.5
sturz	neg 1.0		__DUMMY__ 0.9233425697729705 off 0.04306988890366361 neg 0.03358754132336587	false	0.5
verkleinerung	neg 1.0		__DUMMY__ 0.9140570122004888 off 0.04521710558433122 neg 0.040725882215179976	false	0.5
schmarotzer	off 1.0		__DUMMY__ 0.9226240322255967 off 0.0401795947275622 neg 0.03719637304684112	false	1.0
bestrafung	neg 1.0	neg 1.0	neg 0.5034294472669526 __DUMMY__ 0.4584450806932344 off 0.03812547203981306	false	1.0
achtlos	neg 1.0		__DUMMY__ 0.9237678640159473 off 0.04009980466126949 neg 0.036132331322783186	false	0.5
ungeheuer	neg 1.0		__DUMMY__ 0.9191931979702411 off 0.04152879295838341 neg 0.03927800907137547	false	0.5
