unsolidarisch	neg 1.0		__DUMMY__ 0.9187040457588852 off 0.04246338326906758 neg 0.03883257097204719	false	0.5
nachteilig	neg 1.0		__DUMMY__ 0.9251173869736823 off 0.038253815388300715 neg 0.036628797638016936	false	0.5
skeptisch	neg 1.0		__DUMMY__ 0.9249508146612002 neg 0.03763141686090371 off 0.03741776847789607	false	1.0
schrecklich	neg 1.0		__DUMMY__ 0.9147707236573683 off 0.04879192660328049 neg 0.03643734973935117	false	0.5
schlapp	neg 1.0	neg 1.0	neg 0.503731498988848 __DUMMY__ 0.4549227121068133 off 0.041345788904338765	false	1.0
abfall	neg 1.0		__DUMMY__ 0.9290646894968203 neg 0.036166166979427004 off 0.03476914352375269	false	1.0
widerspenstig	neg 1.0		__DUMMY__ 0.9208814878348197 off 0.040473238474367706 neg 0.038645273690812665	false	0.5
abrupt	neg 1.0		__DUMMY__ 0.9237941895115925 neg 0.03950810623671533 off 0.03669770425169215	false	1.0
unwirksam	neg 1.0		__DUMMY__ 0.9156826061336646 neg 0.042560744814253905 off 0.04175664905208141	false	1.0
angreifen	neg 1.0		__DUMMY__ 0.9257043612194898 neg 0.03725396472132701 off 0.037041674059183155	false	1.0
inkonsistent	neg 1.0		__DUMMY__ 0.9176153146897263 off 0.04322180197313388 neg 0.03916288333713986	false	0.5
abrutschen	neg 1.0		__DUMMY__ 0.9283829752009967 neg 0.03712073685731269 off 0.03449628794169064	false	1.0
unsicher	neg 1.0		__DUMMY__ 0.9224776873447382 off 0.04117402377458551 neg 0.03634828888067632	false	0.5
bauernkind	off 1.0	off 1.0	off 0.5157611670353653 __DUMMY__ 0.4461801801312441 neg 0.038058652833390536	false	1.0
angreifer	neg 1.0		__DUMMY__ 0.922348012471288 off 0.044476894158465265 neg 0.03317509337024675	false	0.5
trennen	neg 1.0		__DUMMY__ 0.9267025830003988 neg 0.036739399161836904 off 0.03655801783776427	false	1.0
schmutz	neg 1.0		__DUMMY__ 0.9247651700492038 off 0.04330719273450292 neg 0.03192763721629329	false	0.5
inkonsistenz	neg 1.0		__DUMMY__ 0.917926511658691 off 0.04546494693899711 neg 0.03660854140231195	false	0.5
erschreckend	neg 1.0		__DUMMY__ 0.9219167187046303 off 0.040791211128513846 neg 0.03729207016685589	false	0.5
ertrinken	neg 1.0		__DUMMY__ 0.9246138816885154 neg 0.03889112784684752 off 0.036494990464637014	false	1.0
pickelface	off 1.0		__DUMMY__ 0.9208667360496716 off 0.041612049868822505 neg 0.03752121408150581	false	1.0
seiner			__DUMMY__ 0.9263127946026577 off 0.03717960146778961 neg 0.03650760392955268	false	0.0
lauch	neg 1.0	neg 1.0	neg 0.5051891888288313 __DUMMY__ 0.4632483346741484 off 0.031562476497020334	false	1.0
unwichtig	neg 1.0		__DUMMY__ 0.9178643157585492 off 0.0453980341335668 neg 0.03673765010788406	false	0.5
steuerhinterziehung	neg 1.0		__DUMMY__ 0.9210034830629419 off 0.040927188486059835 neg 0.03806932845099825	false	0.5
schock	neg 1.0		__DUMMY__ 0.9230377588599697 off 0.0397991600178376 neg 0.03716308112219261	false	0.5
beule	neg 1.0		__DUMMY__ 0.9152460623078746 off 0.04690877979363339 neg 0.03784515789849197	false	0.5
vergelten	neg 1.0		__DUMMY__ 0.9145325255743221 off 0.049825536590853765 neg 0.03564193783482422	false	0.5
verdorbenheit	neg 1.0		__DUMMY__ 0.9212576512234033 off 0.04171433940584961 neg 0.03702800937074708	false	0.5
trauma	neg 1.0		__DUMMY__ 0.9196808922007894 off 0.042431138779398636 neg 0.03788796901981193	false	0.5
sinnlos	neg 1.0		__DUMMY__ 0.920115455402913 off 0.04296118931905055 neg 0.036923355278036564	false	0.5
fettsack	off 1.0	off 1.0	off 0.5169299862682242 __DUMMY__ 0.44652124692086004 neg 0.03654876681091579	false	1.0
feige	off 1.0	off 1.0	off 0.5124669314446055 __DUMMY__ 0.45342586428015524 neg 0.034107204275239264	false	1.0
abdanken	neg 1.0		__DUMMY__ 0.9233812896793351 off 0.04122388226848163 neg 0.03539482805218338	false	0.5
wichtigtuer	off 1.0	off 1.0	off 0.5098718104161679 __DUMMY__ 0.4572266261175814 neg 0.03290156346625063	false	1.0
misslingen	neg 1.0		__DUMMY__ 0.9234160420892925 off 0.04208686966974513 neg 0.0344970882409623	false	0.5
untreu	off 1.0		__DUMMY__ 0.91674065735806 off 0.04646610779002328 neg 0.03679323485191666	false	1.0
missmutig	neg 1.0		__DUMMY__ 0.9184152233143131 off 0.04423001514895139 neg 0.03735476153673549	false	0.5
hurenbock	off 1.0		__DUMMY__ 0.9164292041225671 neg 0.042432142451158034 off 0.041138653426274874	false	0.5
betrunken	neg 1.0		__DUMMY__ 0.9153380346341851 off 0.04778729682881403 neg 0.03687466853700095	false	0.5
korrupt	off 1.0		__DUMMY__ 0.9204350837083315 off 0.04068851240946884 neg 0.038876403882199574	false	1.0
unmut	neg 1.0		__DUMMY__ 0.9265573055388795 neg 0.03742925275211084 off 0.03601344170900962	false	1.0
hackfresse	off 1.0		__DUMMY__ 0.9109345875588213 off 0.05260235614411612 neg 0.03646305629706263	false	1.0
aufblasen	neg 1.0		__DUMMY__ 0.9213706464258676 off 0.04133634724413111 neg 0.037293006330001245	false	0.5
gewaltsam	neg 1.0		__DUMMY__ 0.9238108427086695 off 0.04095577071947739 neg 0.03523338657185301	false	0.5
unbeliebtheit	neg 1.0		__DUMMY__ 0.9171997332280811 off 0.04657404014903991 neg 0.03622622662287896	false	0.5
sturheit	neg 1.0		__DUMMY__ 0.9236636902534932 off 0.04078346384052283 neg 0.03555284590598393	false	0.5
kuh	neg 1.0		__DUMMY__ 0.9108178317558271 neg 0.04567440822973573 off 0.043507760014437166	false	1.0
erschrecken	neg 1.0		__DUMMY__ 0.9186254582859769 off 0.044601996710583666 neg 0.036772545003439565	false	0.5
opfer	neg 1.0		__DUMMY__ 0.9271369774782756 off 0.03851355019876941 neg 0.03434947232295491	false	0.5
sinken	neg 1.0		__DUMMY__ 0.9243309880577807 neg 0.039337487808695316 off 0.036331524133524	false	1.0
stinktier	neg 1.0		__DUMMY__ 0.9072428682693192 off 0.05079802058298967 neg 0.041959111147691096	false	0.5
tucke	off 1.0		__DUMMY__ 0.9049024287414216 off 0.054311993794728675 neg 0.04078557746384976	false	1.0
ein			__DUMMY__ 0.9198540813800997 off 0.04029293712164362 neg 0.03985298149825668	false	0.0
abstieg	neg 1.0		__DUMMY__ 0.9270360904113043 off 0.039542053318382175 neg 0.033421856270313556	false	0.5
missverstehen	neg 1.0		__DUMMY__ 0.9195560691544604 off 0.043755987289501544 neg 0.03668794355603809	false	0.5
ergebnislos	neg 1.0		__DUMMY__ 0.9267315205155089 off 0.03826265184584665 neg 0.03500582763864448	false	0.5
unter			__DUMMY__ 0.9329709587412356 neg 0.035979226233598935 off 0.031049815025165517	false	0.0
manipulieren	neg 1.0		__DUMMY__ 0.9256692964301925 off 0.03782029124260876 neg 0.03651041232719878	false	0.5
unbewiesen	neg 1.0	neg 1.0	neg 0.5035555860447296 __DUMMY__ 0.45760807751187077 off 0.03883633644339971	false	1.0
verschleppen	neg 1.0		__DUMMY__ 0.923590525270669 off 0.03923884180213879 neg 0.03717063292719215	false	0.5
weib	off 1.0		__DUMMY__ 0.906895928777223 off 0.05454537131171899 neg 0.038558699911057946	false	1.0
opposition	neg 1.0		__DUMMY__ 0.9191155877124797 off 0.042453027995787866 neg 0.03843138429173233	false	0.5
verkehrswidrig	neg 1.0		__DUMMY__ 0.9160773985282468 off 0.04971146364041179 neg 0.03421113783134145	false	0.5
inkorrekt	neg 1.0		__DUMMY__ 0.9141253199178174 off 0.04900680406895562 neg 0.03686787601322689	false	0.5
vermeiden	neg 1.0		__DUMMY__ 0.9291885027105499 neg 0.03696448025023944 off 0.03384701703921071	false	1.0
abweichung	neg 1.0	neg 1.0	neg 0.5022039240348252 __DUMMY__ 0.4619876019556124 off 0.03580847400956255	false	1.0
alkoholisiert	neg 1.0		__DUMMY__ 0.9305011706225913 off 0.03628914010014091 neg 0.03320968927726783	false	0.5
scheiss	off 1.0	off 1.0	off 0.5128227902725698 __DUMMY__ 0.45205617457583874 neg 0.035121035151591484	false	1.0
herausforderung	neg 1.0		__DUMMY__ 0.923636841978515 off 0.03924258826178818 neg 0.03712056975969678	false	0.5
pervers	off 1.0		__DUMMY__ 0.906249637755587 off 0.05646804111181014 neg 0.03728232113260292	false	1.0
wackelig	neg 1.0		__DUMMY__ 0.9247653041719347 off 0.03873604308967279 neg 0.03649865273839245	false	0.5
verwickeln	neg 1.0		__DUMMY__ 0.9203890575224329 off 0.04305313553188307 neg 0.03655780694568407	false	0.5
vorwand	neg 1.0		__DUMMY__ 0.9258674809242149 neg 0.037514644232894356 off 0.03661787484289079	false	1.0
muschi	off 1.0		__DUMMY__ 0.9227728427618637 off 0.04069406258936706 neg 0.03653309464876918	false	1.0
entmutigung	neg 1.0		__DUMMY__ 0.9163932283755808 off 0.043784554734764176 neg 0.03982221688965503	false	0.5
unangemessen	neg 1.0		__DUMMY__ 0.9230793857473065 off 0.040464476890224865 neg 0.0364561373624686	false	0.5
unstetig	neg 1.0		__DUMMY__ 0.9180692379944285 off 0.04440326092551724 neg 0.037527501080054156	false	0.5
entmutigen	neg 1.0		__DUMMY__ 0.9209681365751485 off 0.042044474559713024 neg 0.03698738886513847	false	0.5
schwanz	neg 1.0		__DUMMY__ 0.923326236677954 off 0.038715059803980274 neg 0.03795870351806573	false	0.5
verbot	neg 1.0		__DUMMY__ 0.9213923247167444 off 0.040371439251471616 neg 0.03823623603178404	false	0.5
leid	neg 1.0		__DUMMY__ 0.9131150820612113 off 0.05006247967304885 neg 0.03682243826573989	false	0.5
archaisch	neg 1.0		__DUMMY__ 0.9215580852845991 off 0.04014141036591088 neg 0.038300504349489894	false	0.5
gegen			__DUMMY__ 0.9282037818710648 off 0.03647309277436718 neg 0.03532312535456813	false	0.0
scheidung	neg 1.0		__DUMMY__ 0.9082595414962473 off 0.05952018961709117 neg 0.03222026888666154	false	0.5
einschlag	neg 1.0		__DUMMY__ 0.9178737113469224 off 0.048942197743499234 neg 0.03318409090957845	false	0.5
m			__DUMMY__ 0.9236679019649483 off 0.03925599026167031 neg 0.037076107773381356	false	0.0
abgestanden	neg 1.0		__DUMMY__ 0.9152501123124501 neg 0.04408997148345056 off 0.04065991620409927	false	1.0
schmierig	off 1.0		__DUMMY__ 0.9129166984414355 off 0.04988163015307682 neg 0.03720167140548765	false	1.0
unpraktisch	neg 1.0		__DUMMY__ 0.9214965808834138 off 0.042047827869476424 neg 0.036455591247109766	false	0.5
wixxer	off 1.0		__DUMMY__ 0.9041364022561327 off 0.05683186176616502 neg 0.03903173597770228	false	1.0
bezeichnet			__DUMMY__ 0.9223060329916767 off 0.041649425708681395 neg 0.036044541299641936	false	0.0
jammerlappen	off 1.0		__DUMMY__ 0.9176510693388402 off 0.045676654945792955 neg 0.036672275715366735	false	1.0
farce	neg 1.0		__DUMMY__ 0.9194258235236545 off 0.04169382386262494 neg 0.03888035261372059	false	0.5
zwecklos	neg 1.0		__DUMMY__ 0.9226804301327566 off 0.039667487811298204 neg 0.03765208205594522	false	0.5
turbulent	neg 1.0		__DUMMY__ 0.9148440807536452 off 0.04727106737989585 neg 0.037884851866459006	false	0.5
invasion	neg 1.0		__DUMMY__ 0.919235154281487 off 0.04344602684171565 neg 0.03731881887679738	false	0.5
schuld	neg 1.0		__DUMMY__ 0.9208779918210054 off 0.0424554213133062 neg 0.03666658686568844	false	0.5
risiko	neg 1.0		__DUMMY__ 0.9171654251543235 off 0.043152346410305596 neg 0.039682228435370843	false	0.5
finster	neg 1.0		__DUMMY__ 0.9197144320935071 off 0.04035739939033097 neg 0.039928168516162	false	0.5
geisteskrank	off 1.0		__DUMMY__ 0.9154700327866565 off 0.04790767343072006 neg 0.0366222937826235	false	1.0
zusammenbrechen	neg 1.0		__DUMMY__ 0.9222108206396555 off 0.03977539570548796 neg 0.03801378365485652	false	0.5
ausbeute	neg 1.0		__DUMMY__ 0.9260279082049754 off 0.03992797024138465 neg 0.03404412155363995	false	0.5
hinterhalt	neg 1.0		__DUMMY__ 0.9221061104932722 off 0.03975994301383631 neg 0.03813394649289159	false	0.5
kritik	neg 1.0		__DUMMY__ 0.9196548769880718 off 0.041503472812087154 neg 0.03884165019984104	false	0.5
einschrumpfen	neg 1.0		__DUMMY__ 0.9150886709174216 off 0.0458242012044277 neg 0.039087127878150565	false	0.5
riskant	neg 1.0		__DUMMY__ 0.9239367447785285 neg 0.03843323600350161 off 0.03763001921796995	false	1.0
frustrieren	neg 1.0		__DUMMY__ 0.9230059953272938 neg 0.038577579232779276 off 0.03841642543992691	false	1.0
groll	neg 1.0		__DUMMY__ 0.9243372963750447 off 0.03980637000047683 neg 0.03585633362447851	false	0.5
gibt			__DUMMY__ 0.9232163575187148 off 0.039436990646559617 neg 0.03734665183472562	false	0.0
qualvoll	neg 1.0		__DUMMY__ 0.9200920565245374 off 0.04292926264519314 neg 0.03697868083026951	false	0.5
wackeln	neg 1.0		__DUMMY__ 0.9219821639682504 off 0.04096277046711276 neg 0.03705506556463691	false	0.5
klagen	neg 1.0		__DUMMY__ 0.9249810404652359 neg 0.03812431654136691 off 0.03689464299339721	false	1.0
bankrott	neg 1.0		__DUMMY__ 0.9190770620046742 off 0.04487019319011726 neg 0.03605274480520849	false	0.5
trauern	neg 1.0		__DUMMY__ 0.9293797372776677 off 0.03749620051787269 neg 0.0331240622044596	false	0.5
ablehnung	neg 1.0		__DUMMY__ 0.9200589352730155 off 0.04098640392633615 neg 0.038954660800648265	false	0.5
stur	neg 1.0		__DUMMY__ 0.9202613790183469 off 0.0424319810726196 neg 0.03730663990903344	false	0.5
aufruhr	neg 1.0	neg 1.0	neg 0.502833533235745 __DUMMY__ 0.45935599968205404 off 0.037810467082201	false	1.0
melancholie	neg 1.0		__DUMMY__ 0.9231477208174543 neg 0.04003949433870019 off 0.03681278484384554	false	1.0
ist			__DUMMY__ 0.9200407738916456 off 0.04275118847468675 neg 0.03720803763366768	false	0.0
torheit	neg 1.0		__DUMMY__ 0.9203446215152853 off 0.04258269693609675 neg 0.03707268154861804	false	0.5
dreckskind	off 1.0		__DUMMY__ 0.9085541985808124 off 0.05370169403000681 neg 0.037744107389180645	false	1.0
umtauschen	neg 1.0		__DUMMY__ 0.9222809421031164 off 0.04018412185867722 neg 0.037534936038206304	false	0.5
zum			__DUMMY__ 0.9335470053422622 off 0.03385154335173096 neg 0.03260145130600689	false	0.0
zersetzen	neg 1.0		__DUMMY__ 0.9235197623457737 neg 0.03890138651127907 off 0.03757885114294717	false	1.0
zur			__DUMMY__ 0.9292013285302745 neg 0.03657899035134219 off 0.0342196811183834	false	0.0
frust	neg 1.0		__DUMMY__ 0.9229162042878535 off 0.039635408407998514 neg 0.03744838730414807	false	0.5
unerbittlichkeit	neg 1.0		__DUMMY__ 0.9250282292682779 off 0.03822030583676164 neg 0.036751464894960506	false	0.5
zwei			__DUMMY__ 0.9302836297364249 neg 0.03623225255198936 off 0.03348411771158566	false	0.0
unkorrekt	neg 1.0		__DUMMY__ 0.9153969458425909 off 0.047705311740910035 neg 0.03689774241649912	false	0.5
hexe	off 1.0		__DUMMY__ 0.9145493281406475 off 0.044968620902540696 neg 0.04048205095681183	false	1.0
lasch	neg 1.0		__DUMMY__ 0.9188769199030679 off 0.045034873495949236 neg 0.03608820660098287	false	0.5
rivale	neg 1.0		__DUMMY__ 0.9148839577992386 off 0.048746506103407264 neg 0.03636953609735417	false	0.5
mutlos	off 1.0	off 1.0	off 0.5058108963688744 __DUMMY__ 0.4599260176528591 neg 0.034263085978266314	false	1.0
wirr	off 1.0		__DUMMY__ 0.9130517933420873 off 0.04938920275329075 neg 0.03755900390462199	false	1.0
jahr			__DUMMY__ 0.9304618092945618 off 0.03706121847073533 neg 0.03247697223470296	false	0.0
wird			__DUMMY__ 0.9242441040550525 off 0.038819627475469964 neg 0.03693626846947744	false	0.0
strafbar	neg 1.0		__DUMMY__ 0.925457220490691 off 0.038132255353007155 neg 0.036410524156301804	false	0.5
erosion	neg 1.0		__DUMMY__ 0.921971825752289 off 0.04124666711290364 neg 0.03678150713480736	false	0.5
eingehen	neg 1.0		__DUMMY__ 0.9230787833820725 neg 0.03861277648479319 off 0.038308440133134274	false	1.0
faul	off 1.0		__DUMMY__ 0.9188751870530804 off 0.044514542491774466 neg 0.036610270455145116	false	1.0
provisorium	neg 1.0		__DUMMY__ 0.9338674743540214 neg 0.03516058457971792 off 0.03097194106626068	false	1.0
schmerzen	neg 1.0		__DUMMY__ 0.9218656885140005 off 0.039700621253803726 neg 0.03843369023219571	false	0.5
schrumpfen	neg 1.0		__DUMMY__ 0.9254346797252362 neg 0.0401198238036173 off 0.034445496471146475	false	1.0
geistlos	off 1.0		__DUMMY__ 0.9171311456627167 off 0.04419942811942786 neg 0.03866942621785543	false	1.0
fehlkauf	neg 1.0		__DUMMY__ 0.9185663920849927 off 0.043493244851439974 neg 0.037940363063567344	false	0.5
frustrierend	neg 1.0		__DUMMY__ 0.9179716460237971 off 0.04460146511637655 neg 0.037426888859826354	false	0.5
unzufrieden	neg 1.0		__DUMMY__ 0.9232437849751534 off 0.0395048874559292 neg 0.0372513275689174	false	0.5
verzweifeln	neg 1.0		__DUMMY__ 0.9225286582238532 off 0.040494503810669755 neg 0.03697683796547702	false	0.5
verzweifelt	neg 1.0		__DUMMY__ 0.9200511997489441 off 0.042490578113181986 neg 0.03745822213787387	false	0.5
misstrauensantrag	neg 1.0		__DUMMY__ 0.9195950027708621 off 0.04281360866325221 neg 0.03759138856588567	false	0.5
abfallen	neg 1.0		__DUMMY__ 0.920964963151975 off 0.041016755321469346 neg 0.03801828152655564	false	0.5
fucker	off 1.0		__DUMMY__ 0.9155144059844944 off 0.04857768779777582 neg 0.03590790621772969	false	1.0
ungezogen	neg 1.0		__DUMMY__ 0.9089358407392265 off 0.05441923681128843 neg 0.03664492244948509	false	0.5
irrsinnig	neg 1.0	neg 1.0	neg 0.5045309273575116 __DUMMY__ 0.45701628898145735 off 0.03845278366103103	false	1.0
unfassbar	neg 1.0		__DUMMY__ 0.9173956912505185 off 0.04638311261930605 neg 0.036221196130175534	false	0.5
hart	neg 1.0		__DUMMY__ 0.9115408544577497 off 0.04640590834159624 neg 0.04205323720065405	false	0.5
widerlich	off 1.0		__DUMMY__ 0.9161659222730124 off 0.04687033350900894 neg 0.03696374421797865	false	1.0
fatal	neg 1.0	neg 1.0	neg 0.5066976241055732 __DUMMY__ 0.4534691512366444 off 0.03983322465778246	false	1.0
bruch	neg 1.0		__DUMMY__ 0.928019184536229 neg 0.03629501452052511 off 0.03568580094324586	false	1.0
aushungern	neg 1.0		__DUMMY__ 0.9212994416084188 off 0.040622091918812296 neg 0.03807846647276886	false	0.5
anspannung	neg 1.0		__DUMMY__ 0.9310429729444524 neg 0.03515330442403466 off 0.03380372263151304	false	1.0
von			__DUMMY__ 0.9262746893328531 neg 0.03716859049257472 off 0.0365567201745722	false	0.0
kraftlos	neg 1.0		__DUMMY__ 0.923624550351603 off 0.03882384561050002 neg 0.03755160403789708	false	0.5
vom			__DUMMY__ 0.9354229170557091 neg 0.03333865067297908 off 0.03123843227131176	false	0.0
grenzdebil	off 1.0		__DUMMY__ 0.9159226276009562 off 0.046606795446697165 neg 0.03747057695234664	false	1.0
vor			__DUMMY__ 0.9269949925135526 neg 0.037192313651747806 off 0.03581269383469963	false	0.0
unterwerfen	neg 1.0		__DUMMY__ 0.9252195945403288 off 0.03861722852888335 neg 0.03616317693078789	false	0.5
versenkung	neg 1.0		__DUMMY__ 0.9252465141957483 off 0.03828878195077421 neg 0.03646470385347745	false	0.5
entziehen	neg 1.0		__DUMMY__ 0.9257703195746619 neg 0.037646543389135846 off 0.03658313703620224	false	1.0
finanzkrise	neg 1.0		__DUMMY__ 0.915058478499226 neg 0.04373978508689831 off 0.041201736413875686	false	1.0
schimpfend	neg 1.0		__DUMMY__ 0.923050292392911 off 0.04139348116514055 neg 0.035556226441948405	false	0.5
profan	neg 1.0		__DUMMY__ 0.9190830821061883 off 0.04325944216083292 neg 0.03765747573297887	false	0.5
korruption	neg 1.0		__DUMMY__ 0.9208008643035067 off 0.03996782211379093 neg 0.03923131358270236	false	0.5
â			__DUMMY__ 0.9233757102149939 off 0.03872149326315689 neg 0.03790279652184923	false	0.0
schmutzig	neg 1.0		__DUMMY__ 0.9163669483465613 off 0.04674425745572743 neg 0.036888794197711315	false	0.5
sexy	neg 1.0		__DUMMY__ 0.9192022978685251 off 0.04447923446322895 neg 0.03631846766824586	false	0.5
abraten	neg 1.0		__DUMMY__ 0.9205031532650225 off 0.042760397774817265 neg 0.03673644896016017	false	0.5
schwarz	neg 1.0		__DUMMY__ 0.919922621511283 off 0.04318477558286344 neg 0.036892602905853535	false	0.5
fotze	off 1.0	off 1.0	off 0.5059687046129605 __DUMMY__ 0.4599420766070516 neg 0.03408921877998786	false	1.0
verwirren	neg 1.0		__DUMMY__ 0.9196673522158548 off 0.04353286029922398 neg 0.03679978748492112	false	0.5
zahnlos	off 1.0		__DUMMY__ 0.922546462206395 off 0.04035555754516329 neg 0.03709798024844164	false	1.0
verheeren	neg 1.0		__DUMMY__ 0.9084713525106629 off 0.05583629021674239 neg 0.035692357272594656	false	0.5
hippie	neg 1.0		__DUMMY__ 0.9187680434914296 off 0.0442956334031419 neg 0.03693632310542849	false	0.5
rammen	neg 1.0		__DUMMY__ 0.921437235231417 off 0.041159546474454974 neg 0.03740321829412817	false	0.5
unlauter	neg 1.0		__DUMMY__ 0.9186375683588766 off 0.04315763142364044 neg 0.03820480021748289	false	0.5
unheilvoll	neg 1.0		__DUMMY__ 0.9199358453810903 off 0.0418876403990264 neg 0.038176514219883315	false	0.5
niedrig	neg 1.0		__DUMMY__ 0.9219987825016128 neg 0.0393676632156029 off 0.038633554282784394	false	1.0
explosion	neg 1.0		__DUMMY__ 0.9193329869471215 off 0.04407712595009858 neg 0.03658988710277996	false	0.5
weichei	off 1.0	off 1.0	off 0.5164524456955254 __DUMMY__ 0.4483042353509726 neg 0.03524331895350204	false	1.0
minusmensch	off 1.0		__DUMMY__ 0.906401301679617 off 0.055877069993773856 neg 0.037721628326609205	false	1.0
farblos	neg 1.0		__DUMMY__ 0.9208309387088277 off 0.04171698883386346 neg 0.03745207245730888	false	0.5
unwissend	neg 1.0	neg 1.0	neg 0.5044702532338395 __DUMMY__ 0.45413896913202373 off 0.041390777634136657	false	1.0
traurig	neg 1.0		__DUMMY__ 0.9152314572248123 off 0.048493458685806165 neg 0.03627508408938162	false	0.5
senkung	neg 1.0		__DUMMY__ 0.9155574195003919 off 0.043725336621209664 neg 0.04071724387839843	false	0.5
ungleich	neg 1.0	neg 1.0	neg 0.5045176095697601 __DUMMY__ 0.4602273009331072 off 0.03525508949713271	false	1.0
heikel	neg 1.0		__DUMMY__ 0.9248600715747941 off 0.03773601754518104 neg 0.03740391088002486	false	0.5
drosselung	neg 1.0		__DUMMY__ 0.9127086852050642 off 0.046647758596963254 neg 0.04064355619797259	false	0.5
falsch	neg 1.0		__DUMMY__ 0.9192170469420295 off 0.0446459140167909 neg 0.036137039041179604	false	0.5
unzufriedenheit	neg 1.0		__DUMMY__ 0.922833142464147 neg 0.039436469547550514 off 0.03773038798830244	false	1.0
kurz	neg 1.0		__DUMMY__ 0.9247963466532597 off 0.039209902915226996 neg 0.035993750431513254	false	0.5
unsinnig	neg 1.0		__DUMMY__ 0.9203504354232456 off 0.04074853115976238 neg 0.03890103341699204	false	0.5
penner	off 1.0	off 1.0	off 0.5180138679274218 __DUMMY__ 0.4480346801661726 neg 0.03395145190640567	false	1.0
seicht	neg 1.0		__DUMMY__ 0.9067952580060782 off 0.05416134567559581 neg 0.03904339631832594	false	0.5
dummheit	off 1.0	off 1.0	off 0.5100773531383836 __DUMMY__ 0.45499759045929766 neg 0.03492505640231871	false	1.0
unerfreulich	neg 1.0		__DUMMY__ 0.9246568201204082 neg 0.03792952762570237 off 0.03741365225388946	false	1.0
motherfucker	off 1.0	off 1.0	off 0.5139164378237056 __DUMMY__ 0.4525797220083048 neg 0.03350384016798962	false	1.0
pikiert	neg 1.0		__DUMMY__ 0.9164588952614894 off 0.04597040986414866 neg 0.03757069487436197	false	0.5
wrack	neg 1.0		__DUMMY__ 0.9289275898971165 off 0.039024756391055355 neg 0.03204765371182812	false	0.5
gangster	neg 1.0		__DUMMY__ 0.9185724930772522 off 0.04442436297249256 neg 0.03700314395025521	false	0.5
krank	neg 1.0		__DUMMY__ 0.9177949934944891 off 0.046398105428464856 neg 0.03580690107704599	false	0.5
reich	neg 1.0		__DUMMY__ 0.914888021063663 off 0.044788595615766105 neg 0.040323383320570956	false	0.5
gnadenlos	neg 1.0		__DUMMY__ 0.9213669689465206 off 0.0422472760855384 neg 0.03638575496794101	false	0.5
niedergeschlagen	neg 1.0		__DUMMY__ 0.9255204104246045 off 0.039010864159316275 neg 0.03546872541607918	false	0.5
terrorisieren	off 1.0	off 1.0	off 0.5048683385125134 __DUMMY__ 0.4618939078356532 neg 0.03323775365183342	false	1.0
sinnlosigkeit	neg 1.0		__DUMMY__ 0.9227525380189412 off 0.03987199350675639 neg 0.037375468474302426	false	0.5
behindern	neg 1.0		__DUMMY__ 0.9210320117447023 off 0.040914563923846355 neg 0.03805342433145134	false	0.5
undemokratisch	neg 1.0		__DUMMY__ 0.9183937342219497 off 0.04367536236828038 neg 0.03793090340976996	false	0.5
wirtschaftskrise	neg 1.0		__DUMMY__ 0.9194470445291696 neg 0.04090250206621614 off 0.03965045340461425	false	1.0
neid	neg 1.0		__DUMMY__ 0.9193003773543966 off 0.04387430684447809 neg 0.03682531580112528	false	0.5
rutschen	neg 1.0		__DUMMY__ 0.9301584159720733 neg 0.03661653227688858 off 0.03322505175103823	false	1.0
rezession	neg 1.0		__DUMMY__ 0.9092076538009131 off 0.049040866220298546 neg 0.04175147997878836	false	0.5
fehlgeburt	neg 1.0		__DUMMY__ 0.9235520509824402 off 0.0410672118089159 neg 0.03538073720864389	false	0.5
charakterschwach	off 1.0		__DUMMY__ 0.9157090322533135 off 0.04655440113639377 neg 0.03773656661029269	false	1.0
isolation	neg 1.0		__DUMMY__ 0.9199802200572734 off 0.044474108428375035 neg 0.03554567151435156	false	0.5
ablenkung	neg 1.0		__DUMMY__ 0.9226920738915666 off 0.04093932713784748 neg 0.03636859897058593	false	0.5
pech	neg 1.0		__DUMMY__ 0.9181746926628125 off 0.04443918293910912 neg 0.037386124398078424	false	0.5
vermeidung	neg 1.0		__DUMMY__ 0.9154953899032897 off 0.046476803275715996 neg 0.03802780682099428	false	0.5
dominieren	neg 1.0		__DUMMY__ 0.9230673466794798 off 0.04003046449034748 neg 0.03690218883017274	false	0.5
schwindlig	neg 1.0		__DUMMY__ 0.9198182801271951 off 0.04238950449594555 neg 0.03779221537685937	false	0.5
lutscher	neg 1.0	neg 1.0	neg 0.5055004368412658 __DUMMY__ 0.44411404552251105 off 0.05038551763622313	false	1.0
pflicht	neg 1.0		__DUMMY__ 0.9266654441316328 off 0.036728998906436314 neg 0.03660555696193087	false	0.5
faschist	off 1.0		__DUMMY__ 0.9194069153677323 off 0.04487029705024513 neg 0.03572278758202249	false	1.0
verschleudern	neg 1.0		__DUMMY__ 0.9202492039618184 neg 0.041235276266638116 off 0.03851551977154347	false	1.0
wenn			__DUMMY__ 0.9177204516779665 off 0.04542046492179517 neg 0.03685908340023846	false	0.0
ehebruch	neg 1.0		__DUMMY__ 0.9238684703315276 off 0.03915727755544676 neg 0.03697425211302548	false	0.5
spott	off 1.0		__DUMMY__ 0.9249331636474791 off 0.0390110813142482 neg 0.03605575503827271	false	1.0
trostlosigkeit	neg 1.0		__DUMMY__ 0.9233924858326793 neg 0.03997348917014492 off 0.03663402499717581	false	1.0
lutschen	neg 1.0		__DUMMY__ 0.9176448756281418 off 0.04477487141519275 neg 0.03758025295666541	false	0.5
undiszipliniert	neg 1.0		__DUMMY__ 0.9153574801904304 off 0.047813908075729744 neg 0.03682861173383983	false	0.5
kopfschmerz	neg 1.0		__DUMMY__ 0.9213706810025476 neg 0.04057320010974667 off 0.03805611888770582	false	1.0
unvorhergesehen	neg 1.0		__DUMMY__ 0.9280776755807311 off 0.03612657883964726 neg 0.03579574557962166	false	0.5
desinteressiert	neg 1.0		__DUMMY__ 0.9155103756785485 off 0.04739514645749923 neg 0.03709447786395234	false	0.5
armselig	off 1.0		__DUMMY__ 0.9144662168873736 off 0.049465028361948694 neg 0.036068754750677695	false	1.0
desaster	neg 1.0		__DUMMY__ 0.9253733620927665 neg 0.03831344853879324 off 0.036313189368440135	false	1.0
tod	neg 1.0		__DUMMY__ 0.9256224989409993 off 0.03780553736874082 neg 0.036571963690259876	false	0.5
herzlos	neg 1.0		__DUMMY__ 0.9147233841779933 off 0.0488754127647381 neg 0.036401203057268634	false	0.5
unwissenheit	neg 1.0		__DUMMY__ 0.922861473248317 off 0.039580094432307464 neg 0.0375584323193755	false	0.5
widersinnig	neg 1.0		__DUMMY__ 0.9193098604302673 off 0.040966093267634424 neg 0.039724046302098324	false	0.5
bedenklich	neg 1.0		__DUMMY__ 0.9225953800321018 off 0.038880407452800296 neg 0.03852421251509794	false	0.5
beanstanden	neg 1.0		__DUMMY__ 0.9270818267750377 off 0.03720791815793101 neg 0.0357102550670313	false	0.5
panisch	neg 1.0		__DUMMY__ 0.9216962021301796 off 0.04253629867179358 neg 0.0357674991980269	false	0.5
debil	off 1.0		__DUMMY__ 0.9304513253791971 neg 0.03816355740359586 off 0.03138511721720699	false	0.5
abstrich	neg 1.0		__DUMMY__ 0.9229578629614916 off 0.03887155475931892 neg 0.03817058227918937	false	0.5
primitiv	neg 1.0		__DUMMY__ 0.9158249764756906 off 0.04763176028117569 neg 0.036543263243133665	false	0.5
abschaum	off 1.0	off 1.0	off 0.5121980403060026 __DUMMY__ 0.45556271945466253 neg 0.032239240239334936	false	1.0
provozieren	neg 1.0		__DUMMY__ 0.9206190419716886 off 0.04226355446847378 neg 0.03711740355983746	false	0.5
tot	neg 1.0		__DUMMY__ 0.9220480087622469 neg 0.03902356136049431 off 0.03892842987725882	false	1.0
instabil	neg 1.0		__DUMMY__ 0.9119575413132412 off 0.04967174429397393 neg 0.038370714392784874	false	0.5
schwuchtel	off 1.0	off 1.0	off 0.5239008982698108 __DUMMY__ 0.44144757751696734 neg 0.03465152421322188	false	1.0
zerren	neg 1.0		__DUMMY__ 0.9245923084533796 off 0.039102748974817816 neg 0.036304942571802605	false	0.5
kinderficker	off 1.0		__DUMMY__ 0.9125577630664509 off 0.05145452720069036 neg 0.03598770973285874	false	1.0
gefahr	neg 1.0		__DUMMY__ 0.9270421433388197 off 0.03709358211072499 neg 0.03586427455045526	false	0.5
rabiat	neg 1.0		__DUMMY__ 0.9216866470691764 off 0.04073733778572672 neg 0.03757601514509701	false	0.5
verlangsamung	neg 1.0		__DUMMY__ 0.9095071613447345 off 0.05298354476158853 neg 0.03750929389367691	false	0.5
ausgestorben	neg 1.0		__DUMMY__ 0.9228262742150349 off 0.04031246234046757 neg 0.0368612634444975	false	0.5
anklagen	neg 1.0		__DUMMY__ 0.9235393029022303 off 0.04015117142399648 neg 0.03630952567377324	false	0.5
trott	neg 1.0		__DUMMY__ 0.9216934166455477 off 0.0411309834410649 neg 0.03717559991338732	false	0.5
verminderung	neg 1.0		__DUMMY__ 0.9159410452827618 off 0.04644894980682034 neg 0.03761000491041788	false	0.5
nach			__DUMMY__ 0.9321843325858812 neg 0.03559010288104156 off 0.03222556453307727	false	0.0
rost	neg 1.0		__DUMMY__ 0.9127129925269687 off 0.05374209181464706 neg 0.03354491565838432	false	0.5
destruktiv	neg 1.0		__DUMMY__ 0.9208658605162411 off 0.04134033377254022 neg 0.03779380571121864	false	0.5
unzumutbarkeit	neg 1.0		__DUMMY__ 0.9160898436721677 off 0.046488204065878086 neg 0.03742195226195423	false	0.5
labil	off 1.0	off 1.0	off 0.5116603407029455 __DUMMY__ 0.4541712499214889 neg 0.03416840937556558	false	1.0
ziemlich	neg 1.0		__DUMMY__ 0.9179329426346281 off 0.04604759125617148 neg 0.03601946610920039	false	0.5
lachnummer	off 1.0		__DUMMY__ 0.9220764094582555 off 0.04200532364908104 neg 0.035918266892663454	false	1.0
oder			__DUMMY__ 0.9223787027691389 off 0.04148108747639765 neg 0.03614020975446347	false	0.0
verfall	neg 1.0		__DUMMY__ 0.9255831307592811 neg 0.03992885605528862 off 0.03448801318543029	false	1.0
ausgrenzung	neg 1.0		__DUMMY__ 0.9181278645394249 off 0.04354615359769433 neg 0.03832598186288081	false	0.5
unordnung	neg 1.0		__DUMMY__ 0.9130060063863953 off 0.0498378331241124 neg 0.0371561604894923	false	0.5
fehlverhalten	neg 1.0		__DUMMY__ 0.924542813360327 off 0.03823555997810394 neg 0.037221626661569134	false	0.5
eine			__DUMMY__ 0.9258040944327278 neg 0.037958794689984705 off 0.03623711087728751	false	0.0
nille	neg 1.0		__DUMMY__ 0.9214072737138377 off 0.041655298989190875 neg 0.036937427296971366	false	0.5
qual	neg 1.0		__DUMMY__ 0.9215657015156197 off 0.04088476398567866 neg 0.03754953449870168	false	0.5
verschwenden	neg 1.0		__DUMMY__ 0.9229365336571909 neg 0.03930200783430733 off 0.037761458508501815	false	1.0
riesig	neg 1.0		__DUMMY__ 0.9256632494636972 off 0.037675468652768725 neg 0.036661281883534055	false	0.5
verurteilen	neg 1.0		__DUMMY__ 0.9231644214354001 off 0.04007262376091048 neg 0.03676295480368945	false	0.5
klischee	neg 1.0	neg 1.0	neg 0.5048140278931007 __DUMMY__ 0.45432254062654415 off 0.04086343148035512	false	1.0
diktatorisch	neg 1.0		__DUMMY__ 0.9181147010870179 off 0.0437960993231626 neg 0.03808919958981957	false	0.5
vorhersehbar	neg 1.0		__DUMMY__ 0.9175617546540842 off 0.044156079694985355 neg 0.03828216565093038	false	0.5
sowie			__DUMMY__ 0.9108464765547987 off 0.05079481305922006 neg 0.03835871038598122	false	0.0
stornieren	neg 1.0		__DUMMY__ 0.9243744226080385 off 0.043442696236167706 neg 0.032182881155793874	false	0.5
besteuerung	neg 1.0	neg 1.0	neg 0.5083401715568447 __DUMMY__ 0.45337264615769934 off 0.03828718228545588	false	1.0
ungeschminkt	neg 1.0		__DUMMY__ 0.9153965160403197 off 0.04711204064237974 neg 0.03749144331730059	false	0.5
kritisch	neg 1.0		__DUMMY__ 0.923063084257966 off 0.03968299896056099 neg 0.03725391678147308	false	0.5
schlamperei	off 1.0		__DUMMY__ 0.9241831697216693 off 0.038537793998921106 neg 0.037279036279409594	false	1.0
sucht	neg 1.0	neg 1.0	neg 0.5029523188469921 __DUMMY__ 0.4589601344731253 off 0.038087546679882546	false	1.0
egoistisch	off 1.0	off 1.0	off 0.5163672895190358 __DUMMY__ 0.4508800539652222 neg 0.032752656515741926	false	1.0
ausbeuter	off 1.0		__DUMMY__ 0.9226363719247387 neg 0.03928190113064275 off 0.038081726944618616	false	0.5
arschgeburt	off 1.0		__DUMMY__ 0.9023734538131443 off 0.05926896845447072 neg 0.03835757773238504	false	1.0
schubs	neg 1.0		__DUMMY__ 0.9222155207231995 neg 0.039650197624220375 off 0.038134281652580204	false	1.0
unsolide	neg 1.0		__DUMMY__ 0.9196386354880486 off 0.04399509836462059 neg 0.03636626614733082	false	0.5
beschwerde	neg 1.0		__DUMMY__ 0.9237695089228299 off 0.03985722231400286 neg 0.03637326876316719	false	0.5
stocken	neg 1.0		__DUMMY__ 0.9234897271903706 off 0.03892229034401085 neg 0.03758798246561858	false	0.5
isolieren	neg 1.0		__DUMMY__ 0.9215101802710999 off 0.03982017512782041 neg 0.03866964460107971	false	0.5
unheilbar	neg 1.0		__DUMMY__ 0.9218639493017539 off 0.04161766321015119 neg 0.036518387488095036	false	0.5
pisser	off 1.0	off 1.0	off 0.5143351454338474 __DUMMY__ 0.45192386791587275 neg 0.03374098665027986	false	1.0
löschen	neg 1.0		__DUMMY__ 0.920663798485214 off 0.04178094626428401 neg 0.03755525525050207	false	0.5
durchfallen	neg 1.0		__DUMMY__ 0.9237140447298938 off 0.03935112541056181 neg 0.03693482985954429	false	0.5
wichser	off 1.0	off 1.0	off 0.5205156188420955 __DUMMY__ 0.4455194449828958 neg 0.03396493617500877	false	1.0
terror	neg 1.0		__DUMMY__ 0.9191570005212764 off 0.043876428737075625 neg 0.03696657074164805	false	0.5
krass	neg 1.0		__DUMMY__ 0.9131114074180131 off 0.04992911643901045 neg 0.03695947614297651	false	0.5
revolte	neg 1.0		__DUMMY__ 0.9158948645877318 off 0.044972534181023496 neg 0.03913260123124479	false	0.5
besorgt	neg 1.0		__DUMMY__ 0.925274245145837 off 0.03953981014980725 neg 0.0351859447043557	false	0.5
nachlassen	neg 1.0		__DUMMY__ 0.9249170526157334 off 0.038538276206267194 neg 0.03654467117799942	false	0.5
alt	neg 1.0		__DUMMY__ 0.9203571060182022 neg 0.041792230552162274 off 0.03785066342963557	false	1.0
hundesohn	off 1.0	off 1.0	off 0.5200030071067107 __DUMMY__ 0.4450265095415336 neg 0.03497048335175574	false	1.0
als			__DUMMY__ 0.9224046581879389 off 0.03967761153323325 neg 0.03791773027882785	false	0.0
abschreckung	neg 1.0		__DUMMY__ 0.9248594227248356 off 0.03757710689666142 neg 0.03756347037850301	false	0.5
unqualifiziert	neg 1.0		__DUMMY__ 0.9184182115487002 off 0.045342798530436663 neg 0.0362389899208632	false	0.5
abgewichst	off 1.0		__DUMMY__ 0.9223769032075075 off 0.040910962375965226 neg 0.03671213441652718	false	1.0
schwer	neg 1.0		__DUMMY__ 0.9220561484330605 off 0.04090038990764471 neg 0.03704346165929472	false	0.5
bedeutungslosigkeit	neg 1.0		__DUMMY__ 0.924356811217293 off 0.03798466674579732 neg 0.03765852203690979	false	0.5
kapitulation	neg 1.0		__DUMMY__ 0.9214155988622649 off 0.039504201029235325 neg 0.03908020010849979	false	0.5
unscharf	neg 1.0		__DUMMY__ 0.9160851529740843 off 0.042532490631626195 neg 0.04138235639428949	false	0.5
schwinden	neg 1.0		__DUMMY__ 0.9220978183005005 neg 0.03988084721815564 off 0.0380213344813439	false	1.0
versklavung	neg 1.0	neg 1.0	neg 0.5056960633752239 __DUMMY__ 0.4550106617053016 off 0.03929327491947468	false	1.0
schlecht	neg 1.0		__DUMMY__ 0.9184228266726642 off 0.046233004213291407 neg 0.035344169114044414	false	0.5
verhasst	neg 1.0		__DUMMY__ 0.919990819753348 off 0.04287642622464584 neg 0.03713275402200614	false	0.5
beschweren	neg 1.0		__DUMMY__ 0.9213314342453358 off 0.042977066889120556 neg 0.03569149886554366	false	0.5
scheiden	neg 1.0		__DUMMY__ 0.9217848276016132 off 0.04092167674740428 neg 0.03729349565098253	false	0.5
frustriert	neg 1.0		__DUMMY__ 0.9229204587024253 off 0.04024015663678332 neg 0.03683938466079128	false	0.5
schimmelig	neg 1.0		__DUMMY__ 0.9213372482532265 neg 0.04060963505496123 off 0.03805311669181228	false	1.0
fisch	neg 1.0		__DUMMY__ 0.9226430800430873 neg 0.0420479015853072 off 0.03530901837160554	false	1.0
schmuggel	neg 1.0		__DUMMY__ 0.9283387552342418 off 0.03633702342715154 neg 0.035324221338606715	false	0.5
auffallen	neg 1.0		__DUMMY__ 0.920144638389297 off 0.04332835807108032 neg 0.03652700353962256	false	0.5
konkurrenz	neg 1.0		__DUMMY__ 0.9263687164666721 off 0.037629198083858104 neg 0.036002085449469784	false	0.5
teufelskreis	neg 1.0	neg 1.0	neg 0.5062755108894079 __DUMMY__ 0.45643120619431166 off 0.037293282916280424	false	1.0
aufschreien	neg 1.0		__DUMMY__ 0.9183944454601422 off 0.04394723909727096 neg 0.03765831544258687	false	0.5
schuldner	neg 1.0		__DUMMY__ 0.9210369858585012 neg 0.04114704868284771 off 0.03781596545865097	false	1.0
missgeburt	off 1.0	off 1.0	off 0.5182854238733864 __DUMMY__ 0.44861628789225694 neg 0.03309828823435666	false	1.0
arbeitslos	neg 1.0		__DUMMY__ 0.923169261280888 off 0.03936612017826399 neg 0.037464618540847955	false	0.5
befallen	neg 1.0		__DUMMY__ 0.9185968584439822 off 0.040762764289361646 neg 0.040640377266656105	false	0.5
miesepetrig	off 1.0	off 1.0	off 0.5110900377907023 __DUMMY__ 0.4550378490070246 neg 0.033872113202273076	false	1.0
alarmieren	neg 1.0		__DUMMY__ 0.9186959146212678 off 0.045742561478392244 neg 0.03556152390034003	false	0.5
ungeduscht	off 1.0		__DUMMY__ 0.9173764765799148 off 0.04443269397412972 neg 0.038190829445955386	false	1.0
knappheit	neg 1.0		__DUMMY__ 0.9198593623350771 neg 0.040507020589859326 off 0.039633617075063576	false	1.0
schlange	neg 1.0		__DUMMY__ 0.9222442215193727 off 0.04140911963322266 neg 0.03634665884740471	false	0.5
harsch	neg 1.0		__DUMMY__ 0.9152908061462067 off 0.0496762271736205 neg 0.035032966680172785	false	0.5
lang	neg 1.0		__DUMMY__ 0.9204106163106884 off 0.04243918876941868 neg 0.037150194919892875	false	0.5
ziellos	neg 1.0		__DUMMY__ 0.9253310326036398 off 0.03782775510174317 neg 0.03684121229461701	false	0.5
selbstverliebt	neg 1.0		__DUMMY__ 0.9074489619384214 off 0.0564683745040628 neg 0.03608266355751581	false	0.5
beseitigen	neg 1.0		__DUMMY__ 0.9237142383283484 off 0.04109346856109064 neg 0.03519229311056092	false	0.5
dumm	off 1.0		__DUMMY__ 0.9112323857150921 off 0.05200987286279053 neg 0.03675774142211733	false	1.0
arbeitsloser	neg 1.0		__DUMMY__ 0.9279300740680118 off 0.039468933338348215 neg 0.032600992593640056	false	0.5
blitzen	neg 1.0		__DUMMY__ 0.9176411976761776 off 0.044773787511025294 neg 0.03758501481279709	false	0.5
hilflos	neg 1.0		__DUMMY__ 0.9231628485761814 off 0.039244536094157456 neg 0.037592615329661204	false	0.5
eklig	off 1.0		__DUMMY__ 0.9093120932105236 off 0.05232358858890606 neg 0.03836431820057032	false	1.0
begriff			__DUMMY__ 0.9220781479344373 off 0.041070851292716516 neg 0.03685100077284614	false	0.0
hungersnot	neg 1.0		__DUMMY__ 0.9213258077474427 off 0.039661100110114166 neg 0.03901309214244324	false	0.5
ungesetzlich	neg 1.0		__DUMMY__ 0.9184574505033114 off 0.043943665409042314 neg 0.03759888408764637	false	0.5
verschwendung	neg 1.0		__DUMMY__ 0.9239916212455792 neg 0.038203907872745906 off 0.03780447088167491	false	1.0
schmerzvoll	neg 1.0		__DUMMY__ 0.9193363715907209 off 0.042617117948463026 neg 0.03804651046081612	false	0.5
vorzeitig	neg 1.0		__DUMMY__ 0.9189173540365551 off 0.04568947400010558 neg 0.03539317196333933	false	0.5
unvollkommenheit	neg 1.0		__DUMMY__ 0.9223102770816155 off 0.039840768215421596 neg 0.03784895470296298	false	0.5
intervenieren	neg 1.0		__DUMMY__ 0.9214004819750264 neg 0.039979980989939774 off 0.038619537035033714	false	1.0
banause	off 1.0		__DUMMY__ 0.9057200119032002 off 0.05371051934214052 neg 0.04056946875465928	false	1.0
rebell	neg 1.0		__DUMMY__ 0.9239398224373019 neg 0.041885779785057385 off 0.034174397777640794	false	1.0
unlogisch	neg 1.0		__DUMMY__ 0.9142914897206522 off 0.048361983529164994 neg 0.037346526750182844	false	0.5
leiden	neg 1.0		__DUMMY__ 0.9291128750982753 off 0.03616980387841471 neg 0.034717321023310016	false	0.5
abschaffung	neg 1.0		__DUMMY__ 0.9183473115670888 off 0.04243799801027189 neg 0.039214690422639295	false	0.5
sturz	neg 1.0		__DUMMY__ 0.9233425697729705 off 0.0430698889036636 neg 0.033587541323365895	false	0.5
verkleinerung	neg 1.0		__DUMMY__ 0.9140570122004887 off 0.04521710558433122 neg 0.04072588221518	false	0.5
schmarotzer	off 1.0		__DUMMY__ 0.9226240322255967 off 0.040179594727562135 neg 0.037196373046841105	false	1.0
bestrafung	neg 1.0	neg 1.0	neg 0.5034294472669526 __DUMMY__ 0.4584450806932344 off 0.0381254720398131	false	1.0
achtlos	neg 1.0		__DUMMY__ 0.9237678640159472 off 0.04009980466126956 neg 0.0361323313227832	false	0.5
ungeheuer	neg 1.0		__DUMMY__ 0.919193197970241 off 0.04152879295838349 neg 0.03927800907137552	false	0.5
