unsolidarisch	neg 1.0		__DUMMY__ 0.870188441377571 off 0.06788084504380137 neg 0.06193071357862772	false	0.5
nachteilig	neg 1.0		__DUMMY__ 0.8775183980312316 off 0.06301860567835153 neg 0.059462996290416875	false	0.5
skeptisch	neg 1.0		__DUMMY__ 0.8774122007853346 off 0.06195638571672552 neg 0.06063141349793994	false	0.5
schrecklich	neg 1.0		__DUMMY__ 0.865398304481611 off 0.07570392582804794 neg 0.05889776969034092	false	0.5
schlapp	neg 1.0	neg 1.0	neg 0.5152856373929103 __DUMMY__ 0.4303174873566257 off 0.05439687525046394	false	1.0
abfall	neg 1.0		__DUMMY__ 0.8821729642160402 neg 0.05902045916134453 off 0.058806576622615375	false	1.0
widerspenstig	neg 1.0		__DUMMY__ 0.8725457971370741 off 0.06573651798667911 neg 0.06171768487624669	false	0.5
abrupt	neg 1.0		__DUMMY__ 0.8760237480795727 neg 0.06285406624485212 off 0.06112218567557514	false	1.0
unwirksam	neg 1.0		__DUMMY__ 0.8665585617749734 off 0.0670919396201951 neg 0.06634949860483148	false	0.5
angreifen	neg 1.0		__DUMMY__ 0.8783469143581252 off 0.061469388543918556 neg 0.060183697097956304	false	0.5
inkonsistent	neg 1.0		__DUMMY__ 0.868732015001352 off 0.06901489467631221 neg 0.062253090322335745	false	0.5
abrutschen	neg 1.0		__DUMMY__ 0.8813995189016263 neg 0.060120922842588416 off 0.05847955825578533	false	1.0
unsicher	neg 1.0		__DUMMY__ 0.8745324350425172 off 0.06648267088671773 neg 0.05898489407076504	false	0.5
bauernkind	off 1.0	off 1.0	off 0.5287497701039326 __DUMMY__ 0.4218315682130419 neg 0.0494186616830255	false	1.0
angreifer	neg 1.0		__DUMMY__ 0.8743245229322345 off 0.07048151135938503 neg 0.05519396570838042	false	0.5
trennen	neg 1.0		__DUMMY__ 0.8794633936679583 off 0.06097718840655717 neg 0.05955941792548444	false	0.5
schmutz	neg 1.0		__DUMMY__ 0.8769076916733386 off 0.06926179784174971 neg 0.05383051048491179	false	0.5
inkonsistenz	neg 1.0		__DUMMY__ 0.8691728294547054 off 0.07164451427875582 neg 0.059182656266538805	false	0.5
erschreckend	neg 1.0		__DUMMY__ 0.8738954892380971 off 0.0659794235678244 neg 0.06012508719407851	false	0.5
ertrinken	neg 1.0		__DUMMY__ 0.8770570468634884 neg 0.06212250982845415 off 0.06082044330805743	false	1.0
pickelface	off 1.0		__DUMMY__ 0.8725711908535138 off 0.06704923974670576 neg 0.060379569399780404	false	1.0
seiner			__DUMMY__ 0.879011622537739 off 0.06170925994879682 neg 0.05927911751346413	false	0.0
lauch	neg 1.0	neg 1.0	neg 0.5169524159864739 __DUMMY__ 0.43846117004987245 off 0.04458641396365361	false	1.0
unwichtig	neg 1.0		__DUMMY__ 0.869083125650737 off 0.07158523427521628 neg 0.05933164007404681	false	0.5
steuerhinterziehung	neg 1.0		__DUMMY__ 0.8727875733472809 off 0.0661080630836273 neg 0.06110436356909194	false	0.5
schock	neg 1.0		__DUMMY__ 0.8752180784558496 off 0.06483409543573518 neg 0.05994782610841514	false	0.5
beule	neg 1.0		__DUMMY__ 0.8658374177356943 off 0.07352493227967764 neg 0.060637649984627985	false	0.5
vergelten	neg 1.0		__DUMMY__ 0.8652201740099988 off 0.07682135500920587 neg 0.05795847098079541	false	0.5
verdorbenheit	neg 1.0		__DUMMY__ 0.872885252863714 off 0.06732907453647233 neg 0.05978567259981374	false	0.5
trauma	neg 1.0		__DUMMY__ 0.8711881321338995 off 0.0680211382530298 neg 0.0607907296130708	false	0.5
sinnlos	neg 1.0		__DUMMY__ 0.8717330409406748 off 0.0686335617007425 neg 0.05963339735858259	false	0.5
fettsack	off 1.0	off 1.0	off 0.5298867224659161 __DUMMY__ 0.42220691190530807 neg 0.04790636562877583	false	1.0
feige	off 1.0	off 1.0	off 0.5253585173666836 __DUMMY__ 0.42903256782467364 neg 0.04560891480864285	false	1.0
abdanken	neg 1.0		__DUMMY__ 0.8756018033658783 off 0.06649370444637127 neg 0.05790449218775032	false	0.5
wichtigtuer	off 1.0	off 1.0	off 0.5228119378579846 __DUMMY__ 0.4326923413076669 neg 0.04449572083434844	false	1.0
misslingen	neg 1.0		__DUMMY__ 0.8754232927777295 off 0.06774567433561178 neg 0.05683103288665881	false	0.5
untreu	off 1.0		__DUMMY__ 0.8677951025461579 off 0.07284541398858746 neg 0.059359483465254645	false	1.0
missmutig	neg 1.0		__DUMMY__ 0.8697130928641297 off 0.07018941365520225 neg 0.060097493480668084	false	0.5
hurenbock	off 1.0		__DUMMY__ 0.8673641093694785 off 0.0664557598364712 neg 0.06618013079405033	false	1.0
betrunken	neg 1.0		__DUMMY__ 0.8660396626564799 off 0.07452178892656794 neg 0.05943854841695215	false	0.5
korrupt	off 1.0		__DUMMY__ 0.8722069552586923 off 0.06576605984978008 neg 0.06202698489152761	false	1.0
unmut	neg 1.0		__DUMMY__ 0.8793124752671806 neg 0.06044539511810146 off 0.06024212961471782	false	1.0
hackfresse	off 1.0		__DUMMY__ 0.8608997109368953 off 0.08028559855161503 neg 0.05881469051148972	false	1.0
aufblasen	neg 1.0		__DUMMY__ 0.8731289656640501 off 0.06675324215197685 neg 0.060117792183972986	false	0.5
gewaltsam	neg 1.0		__DUMMY__ 0.876020335197787 off 0.0662665638555852 neg 0.05771310094662782	false	0.5
unbeliebtheit	neg 1.0		__DUMMY__ 0.8682812245332985 off 0.07294092090687336 neg 0.058777854559828174	false	0.5
sturheit	neg 1.0		__DUMMY__ 0.8759100387020048 off 0.06598568949402032 neg 0.05810427180397498	false	0.5
kuh	neg 1.0		__DUMMY__ 0.8608278215994312 neg 0.06991445639576857 off 0.06925772200480025	false	1.0
erschrecken	neg 1.0		__DUMMY__ 0.869965733539364 off 0.0706264188982432 neg 0.059407847562392896	false	0.5
opfer	neg 1.0		__DUMMY__ 0.8799212700397661 off 0.06335532382735684 neg 0.056723406132877185	false	0.5
sinken	neg 1.0		__DUMMY__ 0.8766766391750586 neg 0.06273027172624403 off 0.06059308909869751	false	1.0
stinktier	neg 1.0		__DUMMY__ 0.8566928867996749 off 0.07796413533015548 neg 0.06534297787016954	false	0.5
tucke	off 1.0		__DUMMY__ 0.8539124392738432 off 0.08224566096809147 neg 0.06384189975806524	false	1.0
ein			__DUMMY__ 0.8714446797276001 off 0.06543716916726906 neg 0.06311815110513087	false	0.0
abstieg	neg 1.0		__DUMMY__ 0.8798022213252185 off 0.06455925438095005 neg 0.05563852429383145	false	0.5
missverstehen	neg 1.0		__DUMMY__ 0.8710794591378798 off 0.06958868647613066 neg 0.05933185438598953	false	0.5
ergebnislos	neg 1.0		__DUMMY__ 0.8794170505975561 off 0.06301930889392592 neg 0.05756364050851799	false	0.5
unter			__DUMMY__ 0.8867123152475747 neg 0.05885445536983936 off 0.05443322938258592	false	0.0
manipulieren	neg 1.0		__DUMMY__ 0.8782476672556533 off 0.06241494189599658 neg 0.059337390848350186	false	0.5
unbewiesen	neg 1.0	neg 1.0	neg 0.515212784238606 __DUMMY__ 0.43311305711658227 off 0.05167415864481181	false	1.0
verschleppen	neg 1.0		__DUMMY__ 0.8758027172626425 off 0.06410096551836048 neg 0.060096317218997	false	0.5
weib	off 1.0		__DUMMY__ 0.8562547807371172 off 0.08250843918749369 neg 0.06123678007538914	false	1.0
opposition	neg 1.0		__DUMMY__ 0.8704391286820979 off 0.06810112154922757 neg 0.061459749768674556	false	0.5
verkehrswidrig	neg 1.0		__DUMMY__ 0.8668025794133187 off 0.07694555549327892 neg 0.056251865093402374	false	0.5
inkorrekt	neg 1.0		__DUMMY__ 0.8647926229599167 off 0.07582216865390991 neg 0.05938520838617332	false	0.5
vermeiden	neg 1.0		__DUMMY__ 0.8822236778685528 neg 0.059998664813765486 off 0.05777765731768163	false	1.0
abweichung	neg 1.0	neg 1.0	neg 0.5139691686752852 __DUMMY__ 0.43725723776739983 off 0.04877359355731505	false	1.0
alkoholisiert	neg 1.0		__DUMMY__ 0.8835611967119078 off 0.06100041132723666 neg 0.055438391960855454	false	0.5
scheiss	off 1.0	off 1.0	off 0.5259263058395955 __DUMMY__ 0.4274800743659359 neg 0.04659361979446871	false	1.0
herausforderung	neg 1.0		__DUMMY__ 0.8758950063830679 off 0.06411183153400624 neg 0.05999316208292572	false	0.5
pervers	off 1.0		__DUMMY__ 0.8554774518271081 off 0.08485969309991952 neg 0.05966285507297232	false	1.0
wackelig	neg 1.0		__DUMMY__ 0.8770599991271377 off 0.06369078920416905 neg 0.05924921166869315	false	0.5
verwickeln	neg 1.0		__DUMMY__ 0.8720899263618613 off 0.06872953060027576 neg 0.059180543037862895	false	0.5
vorwand	neg 1.0		__DUMMY__ 0.8784856724464891 off 0.06099666487730472 neg 0.060517662676206146	false	0.5
muschi	off 1.0		__DUMMY__ 0.8747679427402917 off 0.06598353655398674 neg 0.05924852070572158	false	1.0
entmutigung	neg 1.0		__DUMMY__ 0.8674957240610389 off 0.06943441000833447 neg 0.0630698659306266	false	0.5
unangemessen	neg 1.0		__DUMMY__ 0.875225863895499 off 0.06561313727669055 neg 0.05916099882781056	false	0.5
unstetig	neg 1.0		__DUMMY__ 0.8692526235837377 off 0.07042233731801659 neg 0.06032503909824578	false	0.5
entmutigen	neg 1.0		__DUMMY__ 0.8727282015469405 off 0.06754689412225963 neg 0.05972490433079979	false	0.5
schwanz	neg 1.0		__DUMMY__ 0.8753415483700737 off 0.06366970179017568 neg 0.06098874983975069	false	0.5
verbot	neg 1.0		__DUMMY__ 0.8732962234019523 off 0.06539664643166125 neg 0.06130713016638647	false	0.5
leid	neg 1.0		__DUMMY__ 0.863441545517098 off 0.07726795590577751 neg 0.059290498577124436	false	0.5
archaisch	neg 1.0		__DUMMY__ 0.8734579931371061 off 0.06519254794729293 neg 0.06134945891560086	false	0.5
gegen			__DUMMY__ 0.8812576182004906 off 0.06079360269710731 neg 0.05794877910240209	false	0.0
scheidung	neg 1.0		__DUMMY__ 0.8578696574527919 off 0.08844881150032967 neg 0.05368153104687839	false	0.5
einschlag	neg 1.0		__DUMMY__ 0.8689187456862477 off 0.07598586952537777 neg 0.0550953847883746	false	0.5
m			__DUMMY__ 0.8757798391130742 off 0.06429725138441922 neg 0.05992290950250654	false	0.0
abgestanden	neg 1.0		__DUMMY__ 0.8659127948513832 neg 0.06811419373509231 off 0.06597301141352448	false	1.0
schmierig	off 1.0		__DUMMY__ 0.863229977724799 off 0.07700039948704218 neg 0.059769622788158824	false	1.0
unpraktisch	neg 1.0		__DUMMY__ 0.8731878462747047 off 0.06769603467593845 neg 0.05911611904935683	false	0.5
wixxer	off 1.0		__DUMMY__ 0.8530531119713805 off 0.08523237193037561 neg 0.06171451609824395	false	1.0
bezeichnet			__DUMMY__ 0.8743094293732246 off 0.06706131145991757 neg 0.058629259166857677	false	0.0
jammerlappen	off 1.0		__DUMMY__ 0.8688521542187918 off 0.07189578983922287 neg 0.059252055941985356	false	1.0
farce	neg 1.0		__DUMMY__ 0.8710090364379348 off 0.06697549199213376 neg 0.06201547156993133	false	0.5
zwecklos	neg 1.0		__DUMMY__ 0.8747984506379171 off 0.06461937061601333 neg 0.06058217874606968	false	0.5
turbulent	neg 1.0		__DUMMY__ 0.865522439827304 off 0.07381751618616095 neg 0.06066004398653509	false	0.5
invasion	neg 1.0		__DUMMY__ 0.8706594764075485 off 0.06925739487068897 neg 0.06008312872176249	false	0.5
schuld	neg 1.0		__DUMMY__ 0.8726501928905015 off 0.06800912330208408 neg 0.05934068380741444	false	0.5
risiko	neg 1.0		__DUMMY__ 0.8682703025430526 off 0.06875381894894494 neg 0.06297587850800239	false	0.5
finster	neg 1.0		__DUMMY__ 0.871065735490656 off 0.06568228287840973 neg 0.06325198163093422	false	0.5
geisteskrank	off 1.0		__DUMMY__ 0.8663350715194216 off 0.0745474331559437 neg 0.05911749532463467	false	1.0
zusammenbrechen	neg 1.0		__DUMMY__ 0.8742671150231462 off 0.064740027017242 neg 0.0609928579596117	false	0.5
ausbeute	neg 1.0		__DUMMY__ 0.878463939491383 off 0.06518537174825965 neg 0.05635068876035731	false	0.5
hinterhalt	neg 1.0		__DUMMY__ 0.87396848820326 off 0.06486101586092832 neg 0.061170495935811635	false	0.5
kritik	neg 1.0		__DUMMY__ 0.8712904818729993 off 0.06673622919658118 neg 0.061973288930419514	false	0.5
einschrumpfen	neg 1.0		__DUMMY__ 0.8658555960467981 off 0.0720360591181327 neg 0.062108344835069225	false	0.5
riskant	neg 1.0		__DUMMY__ 0.8762715549583248 off 0.0621750320520504 neg 0.06155341298962489	false	0.5
frustrieren	neg 1.0		__DUMMY__ 0.8751931917882995 off 0.06310526457626138 neg 0.061701543635439136	false	0.5
groll	neg 1.0		__DUMMY__ 0.8766832961814263 off 0.0648435421408937 neg 0.05847316167767995	false	0.5
gibt			__DUMMY__ 0.8754465494384599 off 0.06433709568787095 neg 0.06021635487366914	false	0.0
qualvoll	neg 1.0		__DUMMY__ 0.8716692207496141 off 0.06864037605672162 neg 0.05969040319366439	false	0.5
wackeln	neg 1.0		__DUMMY__ 0.8739015915156518 off 0.06626285463109874 neg 0.05983555385324947	false	0.5
klagen	neg 1.0		__DUMMY__ 0.8774590664674762 off 0.06127567775647329 neg 0.0612652557760506	false	0.5
bankrott	neg 1.0		__DUMMY__ 0.8703998897791293 off 0.07106080140057601 neg 0.058539308820294816	false	0.5
trauern	neg 1.0		__DUMMY__ 0.8824692880285778 off 0.06220405484616954 neg 0.0553266571252526	false	0.5
ablehnung	neg 1.0		__DUMMY__ 0.8717557135195529 off 0.06610990561478039 neg 0.062134380865666576	false	0.5
stur	neg 1.0		__DUMMY__ 0.8719390397928161 off 0.06797509409234422 neg 0.06008586611483975	false	0.5
aufruhr	neg 1.0	neg 1.0	neg 0.5145247210203345 __DUMMY__ 0.4347462517802341 off 0.05072902719943136	false	1.0
melancholie	neg 1.0		__DUMMY__ 0.8751475800450923 neg 0.06349958752566816 off 0.06135283242923959	false	1.0
ist			__DUMMY__ 0.8716706302252724 off 0.06836788839747741 neg 0.05996148137725026	false	0.0
torheit	neg 1.0		__DUMMY__ 0.8720439960556488 off 0.0681122905764576 neg 0.059843713367893556	false	0.5
dreckskind	off 1.0		__DUMMY__ 0.8582065876068137 off 0.08151826028038812 neg 0.06027515211279817	false	1.0
umtauschen	neg 1.0		__DUMMY__ 0.8740892608357838 off 0.06549362246423128 neg 0.060417116699985035	false	0.5
zum			__DUMMY__ 0.8873098486573641 off 0.0578927792641679 neg 0.054797372078467965	false	0.0
zersetzen	neg 1.0		__DUMMY__ 0.8757738677591478 neg 0.06213536489368299 off 0.06209076734716922	false	1.0
zur			__DUMMY__ 0.8823644085140657 neg 0.05949611660303642 off 0.058139474882897904	false	0.0
frust	neg 1.0		__DUMMY__ 0.8751100286843964 off 0.06456073408283497 neg 0.06032923723276872	false	0.5
unerbittlichkeit	neg 1.0		__DUMMY__ 0.877493068177934 off 0.06291783943472665 neg 0.05958909238733937	false	0.5
zwei			__DUMMY__ 0.8835861625809373 neg 0.059036377087946436 off 0.05737746033111629	false	0.0
unkorrekt	neg 1.0		__DUMMY__ 0.8661803226866277 off 0.0743751960771627 neg 0.05944448123620962	false	0.5
hexe	off 1.0		__DUMMY__ 0.8650963199047509 off 0.0711032279739472 neg 0.06380045212130185	false	1.0
lasch	neg 1.0		__DUMMY__ 0.8702949094748877 off 0.07111523609691414 neg 0.058589854428198085	false	0.5
rivale	neg 1.0		__DUMMY__ 0.8655019427785843 off 0.0756593189520782 neg 0.05883873826933746	false	0.5
mutlos	off 1.0	off 1.0	off 0.5186703084055551 __DUMMY__ 0.4353785766529431 neg 0.0459511149415018	false	1.0
wirr	off 1.0		__DUMMY__ 0.8634953759406171 off 0.07634143483164862 neg 0.060163189227734275	false	1.0
jahr			__DUMMY__ 0.8836837402647014 off 0.06174436708337513 neg 0.05457189265192344	false	0.0
wird			__DUMMY__ 0.8765769199631108 off 0.06367161830206194 neg 0.05975146173482724	false	0.0
strafbar	neg 1.0		__DUMMY__ 0.8779842899493338 off 0.06283054715781508 neg 0.05918516289285118	false	0.5
erosion	neg 1.0		__DUMMY__ 0.8738257266103039 off 0.06668008769846083 neg 0.05949418569123524	false	0.5
eingehen	neg 1.0		__DUMMY__ 0.8752874756354816 off 0.06296020998385407 neg 0.061752314380664225	false	0.5
faul	off 1.0		__DUMMY__ 0.8700940729798324 off 0.07067381602642787 neg 0.0592321109937397	false	1.0
provisorium	neg 1.0		__DUMMY__ 0.8876872757838877 neg 0.05789669570021855 off 0.054416028515893784	false	1.0
schmerzen	neg 1.0		__DUMMY__ 0.8735922761957768 off 0.06489984789540258 neg 0.06150787590882047	false	0.5
schrumpfen	neg 1.0		__DUMMY__ 0.8780281193217836 neg 0.06369490921059356 off 0.058276971467622944	false	1.0
geistlos	off 1.0		__DUMMY__ 0.868359421799569 off 0.06998432540221379 neg 0.061656252798217216	false	1.0
fehlkauf	neg 1.0		__DUMMY__ 0.8698696129228565 off 0.06929616204905571 neg 0.06083422502808784	false	0.5
frustrierend	neg 1.0		__DUMMY__ 0.8692505174998583 off 0.07057747165150116 neg 0.06017201084864065	false	0.5
unzufrieden	neg 1.0		__DUMMY__ 0.8754673958264926 off 0.06442431697173236 neg 0.060108287201775086	false	0.5
verzweifeln	neg 1.0		__DUMMY__ 0.8745997011266464 off 0.0656437542947911 neg 0.05975654457856244	false	0.5
verzweifelt	neg 1.0		__DUMMY__ 0.8717248350425819 off 0.0680252553387259 neg 0.06024990961869221	false	0.5
misstrauensantrag	neg 1.0		__DUMMY__ 0.8709951063919178 off 0.06855458219551804 neg 0.060450311412564225	false	0.5
abfallen	neg 1.0		__DUMMY__ 0.8726065238112007 off 0.06641536635283912 neg 0.06097810983596014	false	0.5
fucker	off 1.0		__DUMMY__ 0.8663628994974092 off 0.07535875911115704 neg 0.058278341391433716	false	1.0
ungezogen	neg 1.0		__DUMMY__ 0.8585615597048248 off 0.08246406491184997 neg 0.05897437538332518	false	0.5
irrsinnig	neg 1.0	neg 1.0	neg 0.5161277619925895 __DUMMY__ 0.43252808743651566 off 0.05134415057089484	false	1.0
unfassbar	neg 1.0		__DUMMY__ 0.8685488033183427 off 0.07276971495446415 neg 0.05868148172719305	false	0.5
hart	neg 1.0		__DUMMY__ 0.8616890605375155 off 0.07272879357538672 neg 0.06558214588709779	false	0.5
widerlich	off 1.0		__DUMMY__ 0.867087902171577 off 0.07335308058014292 neg 0.05955901724828	false	1.0
fatal	neg 1.0	neg 1.0	neg 0.5182154394317379 __DUMMY__ 0.4290895565633447 off 0.05269500400491742	false	1.0
bruch	neg 1.0		__DUMMY__ 0.8809884837403033 off 0.059876371710449516 neg 0.059135144549247246	false	0.5
aushungern	neg 1.0		__DUMMY__ 0.8732240616087467 off 0.06566399495087015 neg 0.06111194344038327	false	0.5
anspannung	neg 1.0		__DUMMY__ 0.8844598401900888 neg 0.05784139115418296 off 0.05769876865572821	false	1.0
von			__DUMMY__ 0.8789543526049957 off 0.06096752094965426 neg 0.060078126445350016	false	0.0
kraftlos	neg 1.0		__DUMMY__ 0.8758115998965158 off 0.06368752397950582 neg 0.06050087612397839	false	0.5
vom			__DUMMY__ 0.8894790700994887 neg 0.05571772024443207 off 0.05480320965607927	false	0.0
grenzdebil	off 1.0		__DUMMY__ 0.8667862978786754 off 0.07303828181698395 neg 0.06017542030434058	false	1.0
vor			__DUMMY__ 0.879825863462089 neg 0.060125451829445065 off 0.06004868470846594	false	0.0
unterwerfen	neg 1.0		__DUMMY__ 0.8776753135700281 off 0.06343024320357205 neg 0.05889444322639988	false	0.5
versenkung	neg 1.0		__DUMMY__ 0.8778369958615935 off 0.06295518494429342 neg 0.05920781919411305	false	0.5
entziehen	neg 1.0		__DUMMY__ 0.8783857650793857 off 0.06093274931816606 neg 0.060681485602448286	false	0.5
finanzkrise	neg 1.0		__DUMMY__ 0.8659039075382375 neg 0.06776980753706814 off 0.0663262849246943	false	1.0
schimpfend	neg 1.0		__DUMMY__ 0.8749663971082703 off 0.0669656282378696 neg 0.058067974653860134	false	0.5
profan	neg 1.0		__DUMMY__ 0.8705072232801648 off 0.06900537131499399 neg 0.06048740540484119	false	0.5
korruption	neg 1.0		__DUMMY__ 0.8725780883435408 off 0.0649293436352117 neg 0.06249256802124749	false	0.5
â			__DUMMY__ 0.8754354970621764 off 0.06364433947792002 neg 0.0609201634599036	false	0.0
schmutzig	neg 1.0		__DUMMY__ 0.8673006689283708 off 0.0732013310927131 neg 0.05949799997891618	false	0.5
sexy	neg 1.0		__DUMMY__ 0.8705926181289939 off 0.07052670825164754 neg 0.058880673619358545	false	0.5
abraten	neg 1.0		__DUMMY__ 0.8721473084799685 off 0.06845683214938963 neg 0.059395859370641825	false	0.5
schwarz	neg 1.0		__DUMMY__ 0.8714630850192558 off 0.0689444637887475 neg 0.05959245119199661	false	0.5
fotze	off 1.0	off 1.0	off 0.5189476306568271 __DUMMY__ 0.435293228482452 neg 0.045759140860720894	false	1.0
verwirren	neg 1.0		__DUMMY__ 0.8711944294124215 off 0.06933628801537668 neg 0.059469282572201805	false	0.5
zahnlos	off 1.0		__DUMMY__ 0.874651973870804 off 0.06543640496632476 neg 0.059911621162871374	false	1.0
verheeren	neg 1.0		__DUMMY__ 0.8581250537479795 off 0.08401957294195676 neg 0.05785537331006373	false	0.5
hippie	neg 1.0		__DUMMY__ 0.8701211841367342 off 0.07026191047456883 neg 0.05961690538869698	false	0.5
rammen	neg 1.0		__DUMMY__ 0.8730401255215702 off 0.06666913554473704 neg 0.06029073893369268	false	0.5
unlauter	neg 1.0		__DUMMY__ 0.8699844855473292 off 0.06882792060687769 neg 0.06118759384579309	false	0.5
unheilvoll	neg 1.0		__DUMMY__ 0.8713730192043494 off 0.06747192755607717 neg 0.06115505323957343	false	0.5
niedrig	neg 1.0		__DUMMY__ 0.873848352183216 off 0.06343612743011051 neg 0.06271552038667344	false	0.5
explosion	neg 1.0		__DUMMY__ 0.8707259199946475 off 0.07005187529128065 neg 0.05922220471407172	false	0.5
weichei	off 1.0	off 1.0	off 0.5294145964729629 __DUMMY__ 0.42394808750124646 neg 0.04663731602579066	false	1.0
minusmensch	off 1.0		__DUMMY__ 0.8558497694125201 off 0.08394857621385325 neg 0.06020165437362657	false	1.0
farblos	neg 1.0		__DUMMY__ 0.8723415368416721 off 0.06733605445858229 neg 0.06032240869974555	false	0.5
unwissend	neg 1.0	neg 1.0	neg 0.5159879283464185 __DUMMY__ 0.42967668364998174 off 0.054335388003599806	false	1.0
traurig	neg 1.0		__DUMMY__ 0.8659558382769388 off 0.07533418412523583 neg 0.058709977597825445	false	0.5
senkung	neg 1.0		__DUMMY__ 0.8663234804888094 off 0.06953289712896855 neg 0.064143622382222	false	0.5
ungleich	neg 1.0	neg 1.0	neg 0.516225525006219 __DUMMY__ 0.4356365676458993 off 0.04813790734788158	false	1.0
heikel	neg 1.0		__DUMMY__ 0.877290184765557 off 0.062354123182467545 neg 0.06035569205197547	false	0.5
drosselung	neg 1.0		__DUMMY__ 0.8630222864076453 off 0.07305414188268262 neg 0.06392357170967196	false	0.5
falsch	neg 1.0		__DUMMY__ 0.8706156188488342 off 0.07073396427327133 neg 0.05865041687789447	false	0.5
unzufriedenheit	neg 1.0		__DUMMY__ 0.8750238667007112 neg 0.06275992183094678 off 0.062216211468342116	false	1.0
kurz	neg 1.0		__DUMMY__ 0.8771314725519842 off 0.0642460460333508 neg 0.05862248141466493	false	0.5
unsinnig	neg 1.0		__DUMMY__ 0.8720920114152056 off 0.06588364317650422 neg 0.062024345408290174	false	0.5
penner	off 1.0	off 1.0	off 0.5309427569162569 __DUMMY__ 0.4237270639421757 neg 0.04533017914156739	false	1.0
seicht	neg 1.0		__DUMMY__ 0.8562640912189063 off 0.08195650534690742 neg 0.06177940343418633	false	0.5
dummheit	off 1.0	off 1.0	off 0.5229649376508598 __DUMMY__ 0.4305638954331697 neg 0.04647116691597051	false	1.0
unerfreulich	neg 1.0		__DUMMY__ 0.8770625553987198 off 0.06195887086455732 neg 0.060978573736722816	false	0.5
motherfucker	off 1.0	off 1.0	off 0.5268035486188648 __DUMMY__ 0.4282009595118173 neg 0.04499549186931786	false	1.0
pikiert	neg 1.0		__DUMMY__ 0.8674581286105885 off 0.07225319821482634 neg 0.060288673174585194	false	0.5
wrack	neg 1.0		__DUMMY__ 0.8817323746905027 off 0.0642050541794657 neg 0.05406257113003158	false	0.5
gangster	neg 1.0		__DUMMY__ 0.8698772138235793 off 0.07043552329582428 neg 0.05968726288059637	false	0.5
krank	neg 1.0		__DUMMY__ 0.8688575452697848 off 0.0729143437313755 neg 0.05822811099883981	false	0.5
reich	neg 1.0		__DUMMY__ 0.8656479566524568 off 0.07078184260334947 neg 0.06357020074419376	false	0.5
gnadenlos	neg 1.0		__DUMMY__ 0.8732377569915915 off 0.06775066773951018 neg 0.05901157526889837	false	0.5
niedergeschlagen	neg 1.0		__DUMMY__ 0.8780321501368832 off 0.06398548945100406 neg 0.057982360412112896	false	0.5
terrorisieren	off 1.0	off 1.0	off 0.5177644302485002 __DUMMY__ 0.43728608622518933 neg 0.04494948352631053	false	1.0
sinnlosigkeit	neg 1.0		__DUMMY__ 0.874860728274584 off 0.06487780548853442 neg 0.06026146623688147	false	0.5
behindern	neg 1.0		__DUMMY__ 0.8727110237204333 off 0.06625770824349475 neg 0.06103126803607188	false	0.5
undemokratisch	neg 1.0		__DUMMY__ 0.8698059981894064 off 0.06934766816136659 neg 0.060846333649227036	false	0.5
wirtschaftskrise	neg 1.0		__DUMMY__ 0.8710114829252562 off 0.06451062163189701 neg 0.06447789544284671	false	0.5
neid	neg 1.0		__DUMMY__ 0.8706485082663837 off 0.06985447341123895 neg 0.05949701832237735	false	0.5
rutschen	neg 1.0		__DUMMY__ 0.8833732521518955 neg 0.059546885508141884 off 0.057079862339962525	false	1.0
rezession	neg 1.0		__DUMMY__ 0.8590448148712051 off 0.07576012567412836 neg 0.0651950594546665	false	0.5
fehlgeburt	neg 1.0		__DUMMY__ 0.8755778647708079 off 0.0665607409349416 neg 0.05786139429425039	false	0.5
charakterschwach	off 1.0		__DUMMY__ 0.8666157972934883 off 0.0729140675784807 neg 0.06047013512803097	false	1.0
isolation	neg 1.0		__DUMMY__ 0.8714672147139112 off 0.07057673034328006 neg 0.05795605494280877	false	0.5
ablenkung	neg 1.0		__DUMMY__ 0.8747188364057855 off 0.06624979794761575 neg 0.059031365646598805	false	0.5
pech	neg 1.0		__DUMMY__ 0.8692964920810134 off 0.07058150702185509 neg 0.06012200089713146	false	0.5
vermeidung	neg 1.0		__DUMMY__ 0.8662529114127487 off 0.07291672874539638 neg 0.060830359841854975	false	0.5
dominieren	neg 1.0		__DUMMY__ 0.8751878846785512 off 0.06509656941806678 neg 0.05971554590338199	false	0.5
schwindlig	neg 1.0		__DUMMY__ 0.8711548046331908 off 0.06815672076968568 neg 0.060688474597123426	false	0.5
lutscher	neg 1.0	neg 1.0	neg 0.516802907334751 __DUMMY__ 0.41989980608496635 off 0.06329728658028269	false	1.0
pflicht	neg 1.0		__DUMMY__ 0.8794524050589146 off 0.06111041761268302 neg 0.059437177328402244	false	0.5
faschist	off 1.0		__DUMMY__ 0.8709532675664399 off 0.07086828529331601 neg 0.058178447140244165	false	1.0
verschleudern	neg 1.0		__DUMMY__ 0.8719563489001194 neg 0.06489558749752401 off 0.06314806360235665	false	1.0
wenn			__DUMMY__ 0.8689448978385333 off 0.07157976545060303 neg 0.05947533671086359	false	0.0
ehebruch	neg 1.0		__DUMMY__ 0.876173786970767 off 0.06402024142746661 neg 0.059805971601766365	false	0.5
spott	off 1.0		__DUMMY__ 0.8773847043217665 off 0.06387601426493607 neg 0.05873928141329736	false	1.0
trostlosigkeit	neg 1.0		__DUMMY__ 0.8756508844186991 neg 0.0634301905106351 off 0.0609189250706658	false	1.0
lutschen	neg 1.0		__DUMMY__ 0.8687651851384272 off 0.07086424838167978 neg 0.06037056647989311	false	0.5
undiszipliniert	neg 1.0		__DUMMY__ 0.8660940367377788 off 0.07453766141502134 neg 0.05936830184719984	false	0.5
kopfschmerz	neg 1.0		__DUMMY__ 0.8730639728613572 neg 0.0640878283658142 off 0.06284819877282857	false	1.0
unvorhergesehen	neg 1.0		__DUMMY__ 0.880826392187522 off 0.06066479768661517 neg 0.058508810125862884	false	0.5
desinteressiert	neg 1.0		__DUMMY__ 0.8662967046784072 off 0.07400250516156051 neg 0.059700790160032165	false	0.5
armselig	off 1.0		__DUMMY__ 0.8651437789166304 off 0.07643573393293317 neg 0.058420487150436476	false	1.0
desaster	neg 1.0		__DUMMY__ 0.8779610526769981 neg 0.06148800772540632 off 0.0605509395975957	false	1.0
tod	neg 1.0		__DUMMY__ 0.8780192739270934 off 0.0625899986679336 neg 0.05939072740497291	false	0.5
herzlos	neg 1.0		__DUMMY__ 0.865387056996007 off 0.07577170576469369 neg 0.05884123723929927	false	0.5
unwissenheit	neg 1.0		__DUMMY__ 0.8749667149288348 off 0.06453897581656902 neg 0.0604943092545962	false	0.5
widersinnig	neg 1.0		__DUMMY__ 0.8709055411416041 off 0.06607219427262052 neg 0.06302226458577537	false	0.5
bedenklich	neg 1.0		__DUMMY__ 0.8746918528966116 off 0.0636732663879323 neg 0.061634880715456204	false	0.5
beanstanden	neg 1.0		__DUMMY__ 0.8799000888570123 off 0.061727564491792786 neg 0.0583723466511949	false	0.5
panisch	neg 1.0		__DUMMY__ 0.8734489986578967 off 0.06826876597361357 neg 0.05828223536848976	false	0.5
debil	off 1.0		__DUMMY__ 0.8836609518036006 neg 0.06143131247169909 off 0.05490773572470025	false	0.5
abstrich	neg 1.0		__DUMMY__ 0.8746360669152436 off 0.06412329884351162 neg 0.06124063424124469	false	0.5
primitiv	neg 1.0		__DUMMY__ 0.8667001875772018 off 0.07425710137403731 neg 0.0590427110487608	false	0.5
abschaum	off 1.0	off 1.0	off 0.5251271842626744 __DUMMY__ 0.43107838003263854 neg 0.04379443570468711	false	1.0
provozieren	neg 1.0		__DUMMY__ 0.87236508272221 off 0.06776836442440837 neg 0.05986655285338162	false	0.5
tot	neg 1.0		__DUMMY__ 0.8737882460841684 off 0.06394863170050404 neg 0.06226312221532758	false	0.5
instabil	neg 1.0		__DUMMY__ 0.8622696824488948 off 0.07658696529360251 neg 0.06114335225750275	false	0.5
schwuchtel	off 1.0	off 1.0	off 0.536733756013182 __DUMMY__ 0.41739587441547743 neg 0.04587036957134053	false	1.0
zerren	neg 1.0		__DUMMY__ 0.8769701123002714 off 0.06402818448284141 neg 0.05900170321688714	false	0.5
kinderficker	off 1.0		__DUMMY__ 0.8629224792375786 off 0.07881230066919041 neg 0.058265220093231034	false	1.0
gefahr	neg 1.0		__DUMMY__ 0.879840575976453 off 0.06156641268377084 neg 0.058593011339776166	false	0.5
rabiat	neg 1.0		__DUMMY__ 0.8736603700934084 off 0.06592573330223861 neg 0.060413896604353076	false	0.5
verlangsamung	neg 1.0		__DUMMY__ 0.8593284916703517 off 0.08054732572533026 neg 0.06012418260431797	false	0.5
ausgestorben	neg 1.0		__DUMMY__ 0.8749248692388668 off 0.06545379651582972 neg 0.05962133424530348	false	0.5
anklagen	neg 1.0		__DUMMY__ 0.8757077028688021 off 0.06525404012542133 neg 0.05903825700577655	false	0.5
trott	neg 1.0		__DUMMY__ 0.8734958422865815 off 0.06652015036959164 neg 0.059984007343826924	false	0.5
verminderung	neg 1.0		__DUMMY__ 0.8667348716259758 off 0.0729300611257938 neg 0.060335067248230415	false	0.5
nach			__DUMMY__ 0.8857803781843165 neg 0.058321078953653654 off 0.05589854286202981	false	0.0
rost	neg 1.0		__DUMMY__ 0.8629455119877051 off 0.08166768251423635 neg 0.055386805498058515	false	0.5
destruktiv	neg 1.0		__DUMMY__ 0.8726374669069666 off 0.06665032445799328 neg 0.06071220863504014	false	0.5
unzumutbarkeit	neg 1.0		__DUMMY__ 0.866937794156498 off 0.07290995959467607 neg 0.06015224624882585	false	0.5
labil	off 1.0	off 1.0	off 0.5245421313131662 __DUMMY__ 0.429758293776574 neg 0.04569957491025981	false	1.0
ziemlich	neg 1.0		__DUMMY__ 0.86911300829622 off 0.07240047273877674 neg 0.05848651896500323	false	0.5
lachnummer	off 1.0		__DUMMY__ 0.8741062271012919 off 0.0674270997006721 neg 0.05846667319803599	false	1.0
oder			__DUMMY__ 0.8743069324472149 off 0.06694720546386757 neg 0.05874586208891748	false	0.0
verfall	neg 1.0		__DUMMY__ 0.8781816334766472 neg 0.06343844583552785 off 0.05837992068782489	false	1.0
ausgrenzung	neg 1.0		__DUMMY__ 0.8694666241082196 off 0.0692090006979334 neg 0.061324375193847015	false	0.5
unordnung	neg 1.0		__DUMMY__ 0.8633829753133888 off 0.07689127623524336 neg 0.05972574845136791	false	0.5
fehlverhalten	neg 1.0		__DUMMY__ 0.8769729536930068 off 0.06288950821915967 neg 0.06013753808783357	false	0.5
eine			__DUMMY__ 0.8784288879980058 neg 0.06101722971598673 off 0.06055388228600741	false	0.0
nille	neg 1.0		__DUMMY__ 0.8732698169598154 off 0.06704755274414216 neg 0.059682630296042496	false	0.5
qual	neg 1.0		__DUMMY__ 0.873359163581029 off 0.06620615539269345 neg 0.06043468102627753	false	0.5
verschwenden	neg 1.0		__DUMMY__ 0.8750611201335207 neg 0.06258179105464588 off 0.06235708881183356	false	1.0
riesig	neg 1.0		__DUMMY__ 0.8780003978740168 off 0.062491632126802525 neg 0.05950796999918065	false	0.5
verurteilen	neg 1.0		__DUMMY__ 0.8753424093134243 off 0.0651073429805166 neg 0.05955024770605899	false	0.5
klischee	neg 1.0	neg 1.0	neg 0.5163428770947188 __DUMMY__ 0.42992171647548366 off 0.05373540642979759	false	1.0
diktatorisch	neg 1.0		__DUMMY__ 0.8694950101141177 off 0.06947623017206911 neg 0.061028759713813274	false	0.5
vorhersehbar	neg 1.0		__DUMMY__ 0.8688319785883605 off 0.06998698558727819 neg 0.06118103582436145	false	0.5
sowie			__DUMMY__ 0.8609016075716671 off 0.07801022724031875 neg 0.061088165188014194	false	0.0
stornieren	neg 1.0		__DUMMY__ 0.8765302802766416 off 0.06938606525383964 neg 0.054083654469518766	false	0.5
besteuerung	neg 1.0	neg 1.0	neg 0.5199227723411679 __DUMMY__ 0.42889141812984466 off 0.05118580952898745	false	1.0
ungeschminkt	neg 1.0		__DUMMY__ 0.8659977869539357 off 0.07381274736952659 neg 0.06018946567653768	false	0.5
kritisch	neg 1.0		__DUMMY__ 0.8752485036042295 off 0.0646176522254012 neg 0.06013384417036944	false	0.5
schlamperei	off 1.0		__DUMMY__ 0.8765101722476669 off 0.0632617551208968 neg 0.06022807263143632	false	1.0
sucht	neg 1.0	neg 1.0	neg 0.514653489738559 __DUMMY__ 0.4341489978933848 off 0.05119751236805622	false	1.0
egoistisch	off 1.0	off 1.0	off 0.5293444908736956 __DUMMY__ 0.42646850655982654 neg 0.04418700256647785	false	1.0
ausbeuter	off 1.0		__DUMMY__ 0.8747723788877985 off 0.0626525252943382 neg 0.06257509581786334	false	1.0
arschgeburt	off 1.0		__DUMMY__ 0.8511496630851652 off 0.087999409485226 neg 0.060850927429608834	false	1.0
schubs	neg 1.0		__DUMMY__ 0.873985287497932 off 0.06303255570920407 neg 0.06298215679286386	false	0.5
unsolide	neg 1.0		__DUMMY__ 0.8711823110528583 off 0.06981487266086545 neg 0.05900281628627628	false	0.5
beschwerde	neg 1.0		__DUMMY__ 0.8760103520231572 off 0.06486669777360278 neg 0.05912295020323995	false	0.5
stocken	neg 1.0		__DUMMY__ 0.875686667071836 off 0.06371825402330071 neg 0.06059507890486338	false	0.5
isolieren	neg 1.0		__DUMMY__ 0.8733775626044362 off 0.06476142265236902 neg 0.06186101474319472	false	0.5
unheilbar	neg 1.0		__DUMMY__ 0.8738346406339993 off 0.06696009181526358 neg 0.05920526755073726	false	0.5
pisser	off 1.0	off 1.0	off 0.5272996914859432 __DUMMY__ 0.4274806472851696 neg 0.0452196612288872	false	1.0
löschen	neg 1.0		__DUMMY__ 0.8723375776256468 off 0.06724149492516832 neg 0.06042092744918487	false	0.5
durchfallen	neg 1.0		__DUMMY__ 0.8759699529176276 off 0.06428483463476554 neg 0.05974521244760685	false	0.5
wichser	off 1.0	off 1.0	off 0.5334225590405328 __DUMMY__ 0.42129812072630574 neg 0.04527932023316135	false	1.0
terror	neg 1.0		__DUMMY__ 0.8705055489565745 off 0.06983199069056889 neg 0.05966246035285663	false	0.5
krass	neg 1.0		__DUMMY__ 0.8633681883960391 off 0.07715861038499723 neg 0.059473201218963545	false	0.5
revolte	neg 1.0		__DUMMY__ 0.8669259459861635 off 0.07087292484455368 neg 0.06220112916928296	false	0.5
besorgt	neg 1.0		__DUMMY__ 0.8777670556525125 off 0.06456661496805687 neg 0.057666329379430704	false	0.5
nachlassen	neg 1.0		__DUMMY__ 0.8772724727764247 off 0.06339894006441797 neg 0.05932858715915729	false	0.5
alt	neg 1.0		__DUMMY__ 0.8718145814762771 neg 0.06552390174190315 off 0.06266151678181973	false	1.0
hundesohn	off 1.0	off 1.0	off 0.5327969675378191 __DUMMY__ 0.42090909808383387 neg 0.04629393437834702	false	1.0
als			__DUMMY__ 0.8744762668941235 off 0.06465109913969115 neg 0.06087263396618547	false	0.0
abschreckung	neg 1.0		__DUMMY__ 0.877339379829774 off 0.062084559134630735 neg 0.060576061035595305	false	0.5
unqualifiziert	neg 1.0		__DUMMY__ 0.869801124971395 off 0.07144706494773985 neg 0.05875181008086522	false	0.5
abgewichst	off 1.0		__DUMMY__ 0.8743144115861087 off 0.0662375274642114 neg 0.05944806094967999	false	1.0
schwer	neg 1.0		__DUMMY__ 0.8740698219641336 off 0.06613316388996592 neg 0.05979701414590042	false	0.5
bedeutungslosigkeit	neg 1.0		__DUMMY__ 0.8767584118206616 off 0.06257843454995118 neg 0.06066315362938725	false	0.5
kapitulation	neg 1.0		__DUMMY__ 0.8733414251426498 off 0.06434526011523341 neg 0.06231331474211678	false	0.5
unscharf	neg 1.0		__DUMMY__ 0.8668374200361196 off 0.06828858317008395 neg 0.06487399679379648	false	0.5
schwinden	neg 1.0		__DUMMY__ 0.8741219008338693 neg 0.06332604568800783 off 0.06255205347812286	false	1.0
versklavung	neg 1.0	neg 1.0	neg 0.517292850268787 __DUMMY__ 0.4306054583392935 off 0.052101691391919655	false	1.0
schlecht	neg 1.0		__DUMMY__ 0.8697070269223716 off 0.07261105419880491 neg 0.05768191887882349	false	0.5
verhasst	neg 1.0		__DUMMY__ 0.8716369696678371 off 0.0684932718383411 neg 0.05986975849382167	false	0.5
beschweren	neg 1.0		__DUMMY__ 0.873159361157293 off 0.06867316145117629 neg 0.058167477391530824	false	0.5
scheiden	neg 1.0		__DUMMY__ 0.8735526528387576 off 0.06631615334066655 neg 0.06013119382057584	false	0.5
frustriert	neg 1.0		__DUMMY__ 0.8750504453098876 off 0.06534435517089902 neg 0.05960519951921332	false	0.5
schimmelig	neg 1.0		__DUMMY__ 0.8728762948786472 neg 0.06413259541851689 off 0.06299110970283599	false	1.0
fisch	neg 1.0		__DUMMY__ 0.8743914092341367 neg 0.06592254435032924 off 0.05968604641553401	false	1.0
schmuggel	neg 1.0		__DUMMY__ 0.8813644085196324 off 0.06070864423843276 neg 0.057926947241934756	false	0.5
auffallen	neg 1.0		__DUMMY__ 0.871757488216816 off 0.06909148194733727 neg 0.05915102983584683	false	0.5
konkurrenz	neg 1.0		__DUMMY__ 0.879145287407504 off 0.06213270144846825 neg 0.05872201114402781	false	0.5
teufelskreis	neg 1.0	neg 1.0	neg 0.5178701020417601 __DUMMY__ 0.43202486205228213 off 0.05010503590595775	false	1.0
aufschreien	neg 1.0		__DUMMY__ 0.8697489359620129 off 0.06979386847126655 neg 0.060457195566720565	false	0.5
schuldner	neg 1.0		__DUMMY__ 0.8728723693911004 neg 0.06481229068805999 off 0.06231533992083971	false	1.0
missgeburt	off 1.0	off 1.0	off 0.5312543509882774 __DUMMY__ 0.42425268505483626 neg 0.04449296395688632	false	1.0
arbeitslos	neg 1.0		__DUMMY__ 0.8753887563535303 off 0.06425529614104677 neg 0.06035594750542292	false	0.5
befallen	neg 1.0		__DUMMY__ 0.8700905956339174 off 0.06580877859247587 neg 0.06410062577360674	false	0.5
miesepetrig	off 1.0	off 1.0	off 0.5241568471503 __DUMMY__ 0.4304238838277783 neg 0.045419269021921796	false	1.0
alarmieren	neg 1.0		__DUMMY__ 0.8700939758263728 off 0.07190032022210535 neg 0.05800570395152186	false	0.5
ungeduscht	off 1.0		__DUMMY__ 0.8682558123774424 off 0.07065144765292886 neg 0.06109273996962884	false	1.0
knappheit	neg 1.0		__DUMMY__ 0.8714343407506939 off 0.06452352186192375 neg 0.06404213738738235	false	0.5
schlange	neg 1.0		__DUMMY__ 0.8741797449940238 off 0.06684646903654602 neg 0.05897378596943013	false	0.5
harsch	neg 1.0		__DUMMY__ 0.8660363330716149 off 0.07674676555515976 neg 0.05721690137322537	false	0.5
lang	neg 1.0		__DUMMY__ 0.8720458359696612 off 0.0680358805747184 neg 0.059918283455620225	false	0.5
ziellos	neg 1.0		__DUMMY__ 0.8778467369886683 off 0.062479360331819875 neg 0.05967390267951182	false	0.5
selbstverliebt	neg 1.0		__DUMMY__ 0.8569256988440789 off 0.08483244473127745 neg 0.058241856424643745	false	0.5
beseitigen	neg 1.0		__DUMMY__ 0.8758148872978972 off 0.06645473883925682 neg 0.05773037386284587	false	0.5
dumm	off 1.0		__DUMMY__ 0.8612985808907405 off 0.0795362377581228 neg 0.05916518135113667	false	1.0
arbeitsloser	neg 1.0		__DUMMY__ 0.8808801527428126 off 0.06447159417066078 neg 0.05464825308652662	false	0.5
blitzen	neg 1.0		__DUMMY__ 0.8688211644559513 off 0.07081841902957643 neg 0.06036041651447232	false	0.5
hilflos	neg 1.0		__DUMMY__ 0.8752899491424284 off 0.06419194485762376 neg 0.06051810599994782	false	0.5
eklig	off 1.0		__DUMMY__ 0.8590350469717716 off 0.07990467876709259 neg 0.06106027426113587	false	1.0
begriff			__DUMMY__ 0.874033980540632 off 0.06635540191102686 neg 0.05961061754834124	false	0.0
hungersnot	neg 1.0		__DUMMY__ 0.8731389391495538 off 0.06459799785540819 neg 0.06226306299503817	false	0.5
ungesetzlich	neg 1.0		__DUMMY__ 0.8699521368493153 off 0.06960394652899406 neg 0.060443916621690644	false	0.5
verschwendung	neg 1.0		__DUMMY__ 0.8762963952462733 off 0.062407629396419334 neg 0.0612959753573073	false	0.5
schmerzvoll	neg 1.0		__DUMMY__ 0.8708391105950739 off 0.0681999120025653 neg 0.06096097740236077	false	0.5
vorzeitig	neg 1.0		__DUMMY__ 0.8702774196252424 off 0.07194988050278589 neg 0.057772699871971624	false	0.5
unvollkommenheit	neg 1.0		__DUMMY__ 0.8742310543174889 off 0.06492833683904987 neg 0.060840608843461104	false	0.5
intervenieren	neg 1.0		__DUMMY__ 0.8733463015429046 neg 0.06339040590571267 off 0.06326329255138273	false	1.0
banause	off 1.0		__DUMMY__ 0.8549081126566828 off 0.08149135259489612 neg 0.06360053474842108	false	1.0
rebell	neg 1.0		__DUMMY__ 0.8760789191490781 neg 0.06574010561342548 off 0.05818097523749635	false	1.0
unlogisch	neg 1.0		__DUMMY__ 0.864884542173083 off 0.0751510779389268 neg 0.059964379887990214	false	0.5
leiden	neg 1.0		__DUMMY__ 0.8820078897786208 off 0.06073672227241965 neg 0.05725538794895964	false	0.5
abschaffung	neg 1.0		__DUMMY__ 0.869649444516023 off 0.06793674633608222 neg 0.06241380914789472	false	0.5
sturz	neg 1.0		__DUMMY__ 0.87547989903951 off 0.06882374305519211 neg 0.05569635790529798	false	0.5
verkleinerung	neg 1.0		__DUMMY__ 0.8647355858731282 off 0.07117828011348418 neg 0.0640861340133876	false	0.5
schmarotzer	off 1.0		__DUMMY__ 0.8747213159473224 off 0.06523786177125966 neg 0.060040822281417994	false	1.0
bestrafung	neg 1.0	neg 1.0	neg 0.5150562574746901 __DUMMY__ 0.4338980492087475 off 0.051045693316562425	false	1.0
achtlos	neg 1.0		__DUMMY__ 0.8759813498478155 off 0.06523999770335404 neg 0.05877865244883055	false	0.5
ungeheuer	neg 1.0		__DUMMY__ 0.8706268272195268 off 0.06691599035138986 neg 0.062457182429083435	false	0.5
unaufrichtig	neg 1.0		__DUMMY__ 0.8699583311139862 off 0.07134514023053697 neg 0.058696528655476726	false	0.5
