unsolidarisch	neg 1.0		off 0.5021921898647344 neg 0.45770857859260566 __DUMMY__ 0.04009923154265993	false	0.5
nachteilig	neg 1.0		off 0.5004806504376745 neg 0.4589341242004411 __DUMMY__ 0.04058522536188425	false	0.5
skeptisch	neg 1.0		off 0.498836668330581 neg 0.4605627616878953 __DUMMY__ 0.04060056998152368	false	0.5
schrecklich	neg 1.0		off 0.5107712412966648 neg 0.44949364246570883 __DUMMY__ 0.03973511623762631	false	0.5
schlapp	neg 1.0	neg 1.0	neg 0.7109679800082755 off 0.27005652390978685 __DUMMY__ 0.018975496081937666	false	1.0
abfall	neg 1.0		off 0.4974978377617052 neg 0.46158645186984854 __DUMMY__ 0.04091571036844619	false	0.5
widerspenstig	neg 1.0		off 0.5013112617517361 neg 0.45845849486460305 __DUMMY__ 0.040230243383660894	false	0.5
abrupt	neg 1.0		off 0.4968485325597003 neg 0.46268771407164466 __DUMMY__ 0.04046375336865506	false	0.5
unwirksam	neg 1.0		off 0.49878198012597197 neg 0.4613966455171339 __DUMMY__ 0.03982137435689404	false	0.5
angreifen	neg 1.0		off 0.4987249247366664 neg 0.46060253534049767 __DUMMY__ 0.04067253992283593	false	0.5
inkonsistent	neg 1.0		off 0.5034126731219138 neg 0.45663368388717984 __DUMMY__ 0.039953642990906174	false	0.5
abrutschen	neg 1.0		off 0.4965709355821322 neg 0.46255602780882277 __DUMMY__ 0.040873036609044996	false	0.5
unsicher	neg 1.0		off 0.5035303864707853 neg 0.4560732613719303 __DUMMY__ 0.04039635215728429	false	0.5
bauernkind	off 1.0	off 1.0	off 0.7403710206678996 neg 0.24107168221644953 __DUMMY__ 0.0185572971156508	false	1.0
angreifer	neg 1.0		off 0.5091101334540236 neg 0.4505370633117189 __DUMMY__ 0.04035280323425749	false	0.5
trennen	neg 1.0		off 0.4990349876237001 neg 0.46023045689541436 __DUMMY__ 0.04073455548088569	false	0.5
schmutz	neg 1.0		off 0.5093222850285454 neg 0.4501950893544819 __DUMMY__ 0.040482625616972634	false	0.5
inkonsistenz	neg 1.0		off 0.507317419214784 neg 0.45267594502240854 __DUMMY__ 0.04000663576280742	false	0.5
erschreckend	neg 1.0		off 0.502239751715951 neg 0.45740046144329777 __DUMMY__ 0.04035978684075137	false	0.5
ertrinken	neg 1.0		off 0.49699001299824236 neg 0.4624388449882522 __DUMMY__ 0.040571142013505465	false	0.5
pickelface	off 1.0		off 0.5030233337667175 neg 0.4567347709593761 __DUMMY__ 0.04024189527390629	false	1.0
seiner			off 0.4997015815131924 neg 0.45958736175737025 __DUMMY__ 0.040711056729437325	false	0.0
lauch	neg 1.0	neg 1.0	neg 0.716700898380798 off 0.2639196157814078 __DUMMY__ 0.01937948583779417	false	1.0
unwichtig	neg 1.0		off 0.5072434247631954 neg 0.45274847459300244 __DUMMY__ 0.04000810064380218	false	0.5
steuerhinterziehung	neg 1.0		off 0.5014813984780416 neg 0.45825796330703944 __DUMMY__ 0.04026063821491889	false	0.5
schock	neg 1.0		off 0.5017017874893638 neg 0.45785828301591897 __DUMMY__ 0.04043992949471738	false	0.5
beule	neg 1.0		off 0.5080504401093027 neg 0.45221034458867326 __DUMMY__ 0.03973921530202415	false	0.5
vergelten	neg 1.0		off 0.5119606203991305 neg 0.44832841297373277 __DUMMY__ 0.03971096662713673	false	0.5
verdorbenheit	neg 1.0		off 0.5040085233822397 neg 0.4557536135374972 __DUMMY__ 0.04023786308026311	false	0.5
trauma	neg 1.0		off 0.503492104567351 neg 0.4563484145701512 __DUMMY__ 0.04015948086249791	false	0.5
sinnlos	neg 1.0		off 0.504711872809652 neg 0.4550904231021165 __DUMMY__ 0.04019770408823138	false	0.5
fettsack	off 1.0	off 1.0	off 0.7416532620610903 neg 0.23976423840664063 __DUMMY__ 0.018582499532269058	false	1.0
feige	off 1.0	off 1.0	off 0.7402019613220958 neg 0.24086406372233132 __DUMMY__ 0.018933974955572894	false	1.0
abdanken	neg 1.0		off 0.5040336496988476 neg 0.4555038355381787 __DUMMY__ 0.040462514762973696	false	0.5
wichtigtuer	off 1.0	off 1.0	off 0.7394063821019489 neg 0.24148363559075803 __DUMMY__ 0.019109982307293195	false	1.0
misslingen	neg 1.0		off 0.5061602285314356 neg 0.45343414641167945 __DUMMY__ 0.04040562505688498	false	0.5
untreu	off 1.0		off 0.508176936634004 neg 0.45190337363811495 __DUMMY__ 0.03991968972788102	false	1.0
missmutig	neg 1.0		off 0.5056878861136705 neg 0.45427269820868826 __DUMMY__ 0.040039415677641035	false	0.5
hurenbock	off 1.0		off 0.4987062613148341 neg 0.46144554802390536 __DUMMY__ 0.039848190661260566	false	1.0
betrunken	neg 1.0		off 0.5095645138017992 neg 0.4506618851031934 __DUMMY__ 0.03977360109500738	false	0.5
korrupt	off 1.0		off 0.5005409648794401 neg 0.45921783903156727 __DUMMY__ 0.040241196088992494	false	1.0
unmut	neg 1.0		off 0.49755615115777685 neg 0.46170905305381554 __DUMMY__ 0.0407347957884076	false	0.5
hackfresse	off 1.0		off 0.5143534887055541 neg 0.44623061320763474 __DUMMY__ 0.039415898086811216	false	1.0
aufblasen	neg 1.0		off 0.5031020834547282 neg 0.4566216232108878 __DUMMY__ 0.040276293334384115	false	0.5
gewaltsam	neg 1.0		off 0.5042210969172191 neg 0.45530731995945983 __DUMMY__ 0.04047158312332107	false	0.5
unbeliebtheit	neg 1.0		off 0.508392632127785 neg 0.45168401543757136 __DUMMY__ 0.03992335243464355	false	0.5
sturheit	neg 1.0		off 0.5035508105860447 neg 0.4559566038530687 __DUMMY__ 0.04049258556088668	false	0.5
kuh	neg 1.0		off 0.4982833088124717 neg 0.46231451804857254 __DUMMY__ 0.039402173138955936	false	0.5
erschrecken	neg 1.0		off 0.5064552048467126 neg 0.45347842934440385 __DUMMY__ 0.040066365808883564	false	0.5
opfer	neg 1.0		off 0.5026954887933819 neg 0.4565396732231728 __DUMMY__ 0.04076483798344526	false	0.5
sinken	neg 1.0		off 0.4961856201212467 neg 0.46328670686125695 __DUMMY__ 0.040527673017496255	false	0.5
stinktier	neg 1.0		off 0.5079030980980317 neg 0.4529674146838829 __DUMMY__ 0.03912948721808531	false	0.5
tucke	off 1.0		off 0.5123468140646097 neg 0.44873250809992277 __DUMMY__ 0.03892067783546752	false	1.0
ein			off 0.5000556285884278 neg 0.4597851699994258 __DUMMY__ 0.0401592014121465	false	0.0
abstieg	neg 1.0		off 0.5042350087285313 neg 0.45502901847746485 __DUMMY__ 0.040735972794003775	false	0.5
missverstehen	neg 1.0		off 0.505629162224392 neg 0.45421972697417606 __DUMMY__ 0.04015111080143188	false	0.5
ergebnislos	neg 1.0		off 0.5017063437552479 neg 0.45757911660299105 __DUMMY__ 0.04071453964176097	false	0.5
unter			off 0.49453827522651467 neg 0.4642315367890707 __DUMMY__ 0.04123018798441452	false	0.0
manipulieren	neg 1.0		off 0.49993326516024356 neg 0.45941584974996613 __DUMMY__ 0.04065088508979042	false	0.5
unbewiesen	neg 1.0	neg 1.0	neg 0.7126245738478526 off 0.2682417183417636 __DUMMY__ 0.019133707810383843	false	1.0
verschleppen	neg 1.0		off 0.5006496649537487 neg 0.45888218269646663 __DUMMY__ 0.040468152349784604	false	0.5
weib	off 1.0		off 0.5142049367853384 neg 0.446699583811442 __DUMMY__ 0.039095479403219474	false	1.0
opposition	neg 1.0		off 0.503173748900602 neg 0.456750064407369 __DUMMY__ 0.040076186692029066	false	0.5
verkehrswidrig	neg 1.0		off 0.5137668087215553 neg 0.4464410518370705 __DUMMY__ 0.03979213944137425	false	0.5
inkorrekt	neg 1.0		off 0.5102461376715421 neg 0.45004461498706455 __DUMMY__ 0.03970924734139339	false	0.5
vermeiden	neg 1.0		off 0.49618336329441476 neg 0.4629120156133131 __DUMMY__ 0.04090462109227223	false	0.5
abweichung	neg 1.0	neg 1.0	neg 0.7132461447814015 off 0.26743082940057994 __DUMMY__ 0.01932302581801865	false	1.0
alkoholisiert	neg 1.0		off 0.5024284241439186 neg 0.456631976095743 __DUMMY__ 0.0409395997603383	false	0.5
scheiss	off 1.0	off 1.0	off 0.7403521812011796 neg 0.24081793183723518 __DUMMY__ 0.018829886961585152	false	1.0
herausforderung	neg 1.0		off 0.5008495213745857 neg 0.4586763892723326 __DUMMY__ 0.04047408935308155	false	0.5
pervers	off 1.0		off 0.5171737985935692 neg 0.4437872852931853 __DUMMY__ 0.03903891611324561	false	1.0
wackelig	neg 1.0		off 0.5014662542399229 neg 0.4579901533347878 __DUMMY__ 0.0405435924252893	false	0.5
verwickeln	neg 1.0		off 0.5050772240355326 neg 0.4546963873813815 __DUMMY__ 0.04022638858308596	false	0.5
vorwand	neg 1.0		off 0.49817049716769757 neg 0.4611545543000974 __DUMMY__ 0.040674948532205005	false	0.5
muschi	off 1.0		off 0.5030252306208195 neg 0.4565820108223795 __DUMMY__ 0.04039275855680103	false	1.0
entmutigung	neg 1.0		off 0.502548583102664 neg 0.4575491804347315 __DUMMY__ 0.03990223646260456	false	0.5
unangemessen	neg 1.0		off 0.5026113185419793 neg 0.4569419852686283 __DUMMY__ 0.04044669618939238	false	0.5
unstetig	neg 1.0		off 0.5057096389725975 neg 0.45431410177387554 __DUMMY__ 0.03997625925352694	false	0.5
entmutigen	neg 1.0		off 0.5038560264632337 neg 0.4558847938003791 __DUMMY__ 0.04025917973638707	false	0.5
schwanz	neg 1.0		off 0.5002013078833093 neg 0.4593817584428591 __DUMMY__ 0.04041693367383157	false	0.5
verbot	neg 1.0		off 0.5007197494319008 neg 0.45897134885110685 __DUMMY__ 0.040308901716992446	false	0.5
leid	neg 1.0		off 0.5118194504614867 neg 0.4485884561623417 __DUMMY__ 0.0395920933761715	false	0.5
archaisch	neg 1.0		off 0.500773377487995 neg 0.45890809763530976 __DUMMY__ 0.04031852487669521	false	0.5
gegen			off 0.499660560064393 neg 0.45947397568768245 __DUMMY__ 0.0408654642479245	false	0.0
scheidung	neg 1.0		off 0.5236833171667856 neg 0.4371306626244719 __DUMMY__ 0.03918602020874245	false	0.5
einschlag	neg 1.0		off 0.5136426635642999 neg 0.44640293913476264 __DUMMY__ 0.03995439730093738	false	0.5
m			off 0.5013954873898653 neg 0.4581341444919306 __DUMMY__ 0.04047036811820402	false	0.0
abgestanden	neg 1.0		off 0.4972858741078085 neg 0.46296890807267654 __DUMMY__ 0.03974521781951494	false	0.5
schmierig	off 1.0		off 0.5111561298890958 neg 0.44926305277881406 __DUMMY__ 0.0395808173320902	false	1.0
unpraktisch	neg 1.0		off 0.5046564464716605 neg 0.4550771918408811 __DUMMY__ 0.040266361687458375	false	0.5
wixxer	off 1.0		off 0.5159599973770672 neg 0.4451643581747751 __DUMMY__ 0.038875644448157526	false	1.0
bezeichnet			off 0.5041542981585251 neg 0.4554642793588751 __DUMMY__ 0.040381422482599634	false	0.0
jammerlappen	off 1.0		off 0.5074864537301434 neg 0.4525187410693023 __DUMMY__ 0.03999480520055431	false	1.0
farce	neg 1.0		off 0.5014666564966763 neg 0.458383344203084 __DUMMY__ 0.04014999930023951	false	0.5
zwecklos	neg 1.0		off 0.5008629566916317 neg 0.4587138941365839 __DUMMY__ 0.040423149171784314	false	0.5
turbulent	neg 1.0		off 0.5079993959541699 neg 0.45228463142343067 __DUMMY__ 0.03971597262239942	false	0.5
invasion	neg 1.0		off 0.5049702259949611 neg 0.45491266410368997 __DUMMY__ 0.04011710990134893	false	0.5
schuld	neg 1.0		off 0.5043842045438696 neg 0.4553475867042623 __DUMMY__ 0.04026820875186815	false	0.5
risiko	neg 1.0		off 0.5021762730250765 neg 0.45789475404163565 __DUMMY__ 0.03992897293328788	false	0.5
finster	neg 1.0		off 0.5004002810774933 neg 0.4594975547069454 __DUMMY__ 0.04010216421556121	false	0.5
geisteskrank	off 1.0		off 0.5095550896804661 neg 0.4506210653493499 __DUMMY__ 0.03982384497018393	false	1.0
zusammenbrechen	neg 1.0		off 0.5007150248839339 neg 0.45889811953879195 __DUMMY__ 0.040386855577274214	false	0.5
ausbeute	neg 1.0		off 0.5046074996901059 neg 0.4547779446511826 __DUMMY__ 0.04061455565871151	false	0.5
hinterhalt	neg 1.0		off 0.5009075273038014 neg 0.45878653778420886 __DUMMY__ 0.04030593491198994	false	0.5
kritik	neg 1.0		off 0.5012929020453786 neg 0.4585343358141322 __DUMMY__ 0.04017276214048904	false	0.5
einschrumpfen	neg 1.0		off 0.5055653817211586 neg 0.45465649932552965 __DUMMY__ 0.03977811895331177	false	0.5
riskant	neg 1.0		off 0.4983611820695191 neg 0.4611111548039485 __DUMMY__ 0.040527663126532394	false	0.5
frustrieren	neg 1.0		off 0.4989504634875719 neg 0.46059694513415905 __DUMMY__ 0.040452591378268975	false	0.5
groll	neg 1.0		off 0.5025218404758295 neg 0.45693371699500124 __DUMMY__ 0.04054444252916938	false	0.5
gibt			off 0.5009262163309767 neg 0.45860376958253257 __DUMMY__ 0.04047001408649072	false	0.0
qualvoll	neg 1.0		off 0.5048062803225309 neg 0.4550191267268058 __DUMMY__ 0.04017459295066339	false	0.5
wackeln	neg 1.0		off 0.5028581529784142 neg 0.45680421678243593 __DUMMY__ 0.04033763023914977	false	0.5
klagen	neg 1.0		off 0.49770627922468474 neg 0.46169440069897805 __DUMMY__ 0.04059932007633721	false	0.5
bankrott	neg 1.0		off 0.5076090044953717 neg 0.45231118515130736 __DUMMY__ 0.040079810353320894	false	0.5
trauern	neg 1.0		off 0.5028620036138153 neg 0.45621538957221475 __DUMMY__ 0.0409226068139699	false	0.5
ablehnung	neg 1.0		off 0.50066549865878 neg 0.459127910659105 __DUMMY__ 0.04020659068211485	false	0.5
stur	neg 1.0		off 0.503871416457051 neg 0.45591079461086453 __DUMMY__ 0.040217788932084414	false	0.5
aufruhr	neg 1.0	neg 1.0	neg 0.7126130756024174 off 0.2681835538316593 __DUMMY__ 0.019203370565923326	false	1.0
melancholie	neg 1.0		off 0.4967268416289346 neg 0.4628723255679968 __DUMMY__ 0.04040083280306865	false	0.5
ist			off 0.5042975220194935 neg 0.4555071562683487 __DUMMY__ 0.04019532171215774	false	0.0
torheit	neg 1.0		off 0.5039627736945634 neg 0.455824376040137 __DUMMY__ 0.040212850265299395	false	0.5
dreckskind	off 1.0		off 0.5141649157157152 neg 0.4465989124047078 __DUMMY__ 0.03923617187957703	false	1.0
umtauschen	neg 1.0		off 0.5022165869605928 neg 0.4574623193359843 __DUMMY__ 0.040321093703422864	false	0.5
zum			off 0.5001028015950819 neg 0.4586451202703874 __DUMMY__ 0.041252078134530676	false	0.0
zersetzen	neg 1.0		off 0.49779536902809174 neg 0.46171588096975175 __DUMMY__ 0.04048875000215655	false	0.5
zur			off 0.49669280255474924 neg 0.4623728676424355 __DUMMY__ 0.040934329802815174	false	0.0
frust	neg 1.0		off 0.5009996876647866 neg 0.4585528058139784 __DUMMY__ 0.04044750652123488	false	0.5
unerbittlichkeit	neg 1.0		off 0.5002238110045005 neg 0.4591748597830746 __DUMMY__ 0.04060132921242486	false	0.5
zwei			off 0.4968341098666056 neg 0.46215817249375957 __DUMMY__ 0.04100771763963492	false	0.0
unkorrekt	neg 1.0		off 0.5093516854429674 neg 0.4508624604096566 __DUMMY__ 0.03978585414737607	false	0.5
hexe	off 1.0		off 0.5039012450637569 neg 0.45640871292411034 __DUMMY__ 0.03969004201213269	false	1.0
lasch	neg 1.0		off 0.5072719235223481 neg 0.4526349047677618 __DUMMY__ 0.040093171709890185	false	0.5
rivale	neg 1.0		off 0.5107575439606803 neg 0.4495182977426078 __DUMMY__ 0.039724158296711894	false	0.5
mutlos	off 1.0	off 1.0	off 0.7363416105370842 neg 0.2444106979471192 __DUMMY__ 0.01924769151579669	false	1.0
wirr	off 1.0		off 0.5103149250878751 neg 0.45008606268287854 __DUMMY__ 0.03959901222924631	false	1.0
jahr			off 0.5031921775028079 neg 0.4558196462840767 __DUMMY__ 0.04098817621311537	false	0.0
wird			off 0.5008711904363832 neg 0.4585889384972283 __DUMMY__ 0.04053987106638833	false	0.0
strafbar	neg 1.0		off 0.5004691477587906 neg 0.4588978158816777 __DUMMY__ 0.0406330363595317	false	0.5
erosion	neg 1.0		off 0.5035519495393272 neg 0.45611645970067044 __DUMMY__ 0.040331590760002325	false	0.5
eingehen	neg 1.0		off 0.49876501502134374 neg 0.46077487942453876 __DUMMY__ 0.04046010555411763	false	0.5
faul	off 1.0		off 0.5068854894113114 neg 0.4530690316634341 __DUMMY__ 0.04004547892525459	false	1.0
provisorium	neg 1.0		off 0.49531041553178 neg 0.46340291182064625 __DUMMY__ 0.04128667264757369	false	0.5
schmerzen	neg 1.0		off 0.5009688825132907 neg 0.4587457563642215 __DUMMY__ 0.04028536112248781	false	0.5
schrumpfen	neg 1.0		off 0.493669718216244 neg 0.46569021471353866 __DUMMY__ 0.040640067070217306	false	0.5
geistlos	off 1.0		off 0.5040945255539948 neg 0.4559360652795169 __DUMMY__ 0.03996940916648819	false	1.0
fehlkauf	neg 1.0		off 0.5044092165048748 neg 0.4555327372747417 __DUMMY__ 0.040058046220383545	false	0.5
frustrierend	neg 1.0		off 0.5058241010772011 neg 0.45415324048359584 __DUMMY__ 0.04002265843920293	false	0.5
unzufrieden	neg 1.0		off 0.5010473507438185 neg 0.45848124040757815 __DUMMY__ 0.04047140884860341	false	0.5
verzweifeln	neg 1.0		off 0.5022978220304298 neg 0.45729697817944454 __DUMMY__ 0.040405199790125544	false	0.5
verzweifelt	neg 1.0		off 0.5038034686173709 neg 0.45598959300645975 __DUMMY__ 0.04020693837616941	false	0.5
misstrauensantrag	neg 1.0		off 0.5042578028292255 neg 0.4556262923037944 __DUMMY__ 0.04011590486698016	false	0.5
abfallen	neg 1.0		off 0.5023697767746511 neg 0.4573973610410978 __DUMMY__ 0.04023286218425101	false	0.5
fucker	off 1.0		off 0.5107362738712917 neg 0.44943946042357974 __DUMMY__ 0.039824265705128516	false	1.0
ungezogen	neg 1.0		off 0.5159191922936256 neg 0.4448347078513298 __DUMMY__ 0.039246099855044604	false	0.5
irrsinnig	neg 1.0	neg 1.0	neg 0.7130929933777488 off 0.2678016873157545 __DUMMY__ 0.019105319306496733	false	1.0
unfassbar	neg 1.0		off 0.5086282566627347 neg 0.4514024070363729 __DUMMY__ 0.03996933630089241	false	0.5
hart	neg 1.0		off 0.5037821160165832 neg 0.4567525551182627 __DUMMY__ 0.03946532886515421	false	0.5
widerlich	off 1.0		off 0.5084391603001497 neg 0.45169440652268916 __DUMMY__ 0.03986643317716128	false	1.0
fatal	neg 1.0	neg 1.0	neg 0.7135514616788573 off 0.2675105744941066 __DUMMY__ 0.01893796382703604	false	1.0
bruch	neg 1.0		off 0.4981853424934456 neg 0.46098259464150804 __DUMMY__ 0.040832062865046224	false	0.5
aushungern	neg 1.0		off 0.5009923396403659 neg 0.45870069941806074 __DUMMY__ 0.0403069609415733	false	0.5
anspannung	neg 1.0		off 0.4975795263596343 neg 0.4613556788693416 __DUMMY__ 0.04106479477102402	false	0.5
von			off 0.49864835813469016 neg 0.46067584016568824 __DUMMY__ 0.04067580169962172	false	0.0
kraftlos	neg 1.0		off 0.5003719766239954 neg 0.45915531788033237 __DUMMY__ 0.04047270549567247	false	0.5
vom			off 0.4972528072821781 neg 0.4613475036812538 __DUMMY__ 0.041399689036568044	false	0.0
grenzdebil	off 1.0		off 0.5077888514363638 neg 0.45236975980218946 __DUMMY__ 0.03984138876144677	false	1.0
vor			off 0.4978358102888615 neg 0.4613935808686132 __DUMMY__ 0.04077060884252523	false	0.0
unterwerfen	neg 1.0		off 0.501132976809847 neg 0.45826012834930613 __DUMMY__ 0.04060689484084689	false	0.5
versenkung	neg 1.0		off 0.5005210674002532 neg 0.45884149226216187 __DUMMY__ 0.040637440337584915	false	0.5
entziehen	neg 1.0		off 0.49795294900047354 neg 0.46137593754742967 __DUMMY__ 0.04067111345209668	false	0.5
finanzkrise	neg 1.0		off 0.4970083948994351 neg 0.4632030788789539 __DUMMY__ 0.039788526221611144	false	0.5
schimpfend	neg 1.0		off 0.504922776030792 neg 0.45470661987173133 __DUMMY__ 0.04037060409747655	false	0.5
profan	neg 1.0		off 0.5044685067008936 neg 0.4554278542250121 __DUMMY__ 0.04010363907409425	false	0.5
korruption	neg 1.0		off 0.4996007070479109 neg 0.46014317986140435 __DUMMY__ 0.040256113090684664	false	0.5
â			off 0.500189165388391 neg 0.45936542702879873 __DUMMY__ 0.04044540758281022	false	0.0
schmutzig	neg 1.0		off 0.5083543806944124 neg 0.4517722147454907 __DUMMY__ 0.039873404560097025	false	0.5
sexy	neg 1.0		off 0.5067955153615988 neg 0.45309391201886845 __DUMMY__ 0.040110572619532665	false	0.5
abraten	neg 1.0		off 0.5049146114275458 neg 0.4548717988126354 __DUMMY__ 0.04021358975981872	false	0.5
schwarz	neg 1.0		off 0.5050408222298469 neg 0.45478371789953836 __DUMMY__ 0.04017545987061476	false	0.5
fotze	off 1.0	off 1.0	off 0.7367777199585386 neg 0.2439928206959099 __DUMMY__ 0.019229459345551533	false	1.0
verwirren	neg 1.0		off 0.5054003165379641 neg 0.45444272953630027 __DUMMY__ 0.040156953925735754	false	0.5
zahnlos	off 1.0		off 0.5019105299915504 neg 0.45767422041950645 __DUMMY__ 0.04041524958894325	false	1.0
verheeren	neg 1.0		off 0.5175122750005221 neg 0.44326791987735137 __DUMMY__ 0.039219805122126576	false	0.5
hippie	neg 1.0		off 0.506004321336486 neg 0.4539116300374127 __DUMMY__ 0.040084048626101286	false	0.5
rammen	neg 1.0		off 0.5031013418110931 neg 0.4566746454123507 __DUMMY__ 0.040224012776556316	false	0.5
unlauter	neg 1.0		off 0.5036350515693755 neg 0.45631040885035146 __DUMMY__ 0.04005453958027307	false	0.5
unheilvoll	neg 1.0		off 0.5030358315555622 neg 0.45683108569911063 __DUMMY__ 0.04013308274532721	false	0.5
niedrig	neg 1.0		off 0.4985153552874912 neg 0.46117862080686484 __DUMMY__ 0.04030602390564393	false	0.5
explosion	neg 1.0		off 0.5061952028576896 neg 0.4536922173238124 __DUMMY__ 0.04011257981849795	false	0.5
weichei	off 1.0	off 1.0	off 0.7420117433443355 neg 0.2393177259845442 __DUMMY__ 0.018670530671120216	false	1.0
minusmensch	off 1.0		off 0.5156921151131177 neg 0.4452203917805205 __DUMMY__ 0.0390874931063617	false	1.0
farblos	neg 1.0		off 0.5035782276876275 neg 0.45624945520021004 __DUMMY__ 0.04017231711216243	false	0.5
unwissend	neg 1.0	neg 1.0	neg 0.7114777368544642 off 0.2695625394088183 __DUMMY__ 0.01895972373671747	false	1.0
traurig	neg 1.0		off 0.5105942727035859 neg 0.4496276899088717 __DUMMY__ 0.03977803738754239	false	0.5
senkung	neg 1.0		off 0.5022458540560618 neg 0.4579618303156413 __DUMMY__ 0.0397923156282968	false	0.5
ungleich	neg 1.0	neg 1.0	neg 0.71479415056869 off 0.2659495395054423 __DUMMY__ 0.019256309925867778	false	1.0
heikel	neg 1.0		off 0.4993551153593717 neg 0.4600557949893488 __DUMMY__ 0.04058908965127937	false	0.5
drosselung	neg 1.0		off 0.5052255375408954 neg 0.45521498958291756 __DUMMY__ 0.039559472876187066	false	0.5
falsch	neg 1.0		off 0.507142517759842 neg 0.4527493944544266 __DUMMY__ 0.04010808778573141	false	0.5
unzufriedenheit	neg 1.0		off 0.49736324483751293 neg 0.4621922931192842 __DUMMY__ 0.04044446204320286	false	0.5
kurz	neg 1.0		off 0.5023115386143701 neg 0.4571301822772906 __DUMMY__ 0.04055827910833943	false	0.5
unsinnig	neg 1.0		off 0.5008023246857005 neg 0.458962303242797 __DUMMY__ 0.040235372071502545	false	0.5
penner	off 1.0	off 1.0	off 0.7434057966032102 neg 0.23793011683525347 __DUMMY__ 0.018664086561536293	false	1.0
seicht	neg 1.0		off 0.5133112593346698 neg 0.4475699068668696 __DUMMY__ 0.0391188337984606	false	0.5
dummheit	off 1.0	off 1.0	off 0.738501585446657 neg 0.24248895251142974 __DUMMY__ 0.019009462041913228	false	1.0
unerfreulich	neg 1.0		off 0.49864986734191313 neg 0.46078040039074036 __DUMMY__ 0.0405697322673465	false	0.5
motherfucker	off 1.0	off 1.0	off 0.7412562578980025 neg 0.2398523687412062 __DUMMY__ 0.018891373360791226	false	1.0
pikiert	neg 1.0		off 0.5070878610600971 neg 0.45301706513398277 __DUMMY__ 0.03989507380592024	false	0.5
wrack	neg 1.0		off 0.5055021118154556 neg 0.4536792723783186 __DUMMY__ 0.04081861580622595	false	0.5
gangster	neg 1.0		off 0.506135195308722 neg 0.4538003478717974 __DUMMY__ 0.04006445681948074	false	0.5
krank	neg 1.0		off 0.5092408689586028 neg 0.4507964531154245 __DUMMY__ 0.039962677925972835	false	0.5
reich	neg 1.0		off 0.5036988925027214 neg 0.4565716477550583 __DUMMY__ 0.039729459742220266	false	0.5
gnadenlos	neg 1.0		off 0.5044085213944209 neg 0.4552808799215721 __DUMMY__ 0.0403105986840071	false	0.5
niedergeschlagen	neg 1.0		off 0.5025263641684627 neg 0.45684852749094496 __DUMMY__ 0.04062510834059222	false	0.5
terrorisieren	off 1.0	off 1.0	off 0.7364038797242481 neg 0.2442555368046256 __DUMMY__ 0.019340583471126285	false	1.0
sinnlosigkeit	neg 1.0		off 0.5012848552568212 neg 0.4582920778116835 __DUMMY__ 0.04042306693149532	false	0.5
behindern	neg 1.0		off 0.5020897138646361 neg 0.4576560914872985 __DUMMY__ 0.040254194648065414	false	0.5
undemokratisch	neg 1.0		off 0.5040459033004686 neg 0.4558883208684919 __DUMMY__ 0.04006577583103939	false	0.5
wirtschaftskrise	neg 1.0		off 0.49787599310570796 neg 0.46197970528227356 __DUMMY__ 0.040144301612018374	false	0.5
neid	neg 1.0		off 0.5059803373051315 neg 0.45392765216054803 __DUMMY__ 0.04009201053432043	false	0.5
rutschen	neg 1.0		off 0.4962013804714778 neg 0.46281333148625065 __DUMMY__ 0.040985288042271535	false	0.5
rezession	neg 1.0		off 0.506057779294883 neg 0.45464228035365806 __DUMMY__ 0.03929994035145885	false	0.5
fehlgeburt	neg 1.0		off 0.5047276279061966 neg 0.45487336609793894 __DUMMY__ 0.0403990059958644	false	0.5
charakterschwach	off 1.0		off 0.507387945938697 neg 0.4527747340329172 __DUMMY__ 0.03983732002838591	false	1.0
isolation	neg 1.0		off 0.5075941686458025 neg 0.45224679473257295 __DUMMY__ 0.04015903662162446	false	0.5
ablenkung	neg 1.0		off 0.5033907987464835 neg 0.45620892978773625 __DUMMY__ 0.04040027146578018	false	0.5
pech	neg 1.0		off 0.5062651978335386 neg 0.45375216289536535 __DUMMY__ 0.039982639271095965	false	0.5
vermeidung	neg 1.0		off 0.5073514157032899 neg 0.4528619050246974 __DUMMY__ 0.03978667927201272	false	0.5
dominieren	neg 1.0		off 0.5018614539445377 neg 0.4577215792476615 __DUMMY__ 0.040416966807800755	false	0.5
schwindlig	neg 1.0		off 0.5040478331353094 neg 0.4558399096192516 __DUMMY__ 0.04011225724543895	false	0.5
lutscher	neg 1.0	neg 1.0	neg 0.7075899512174786 off 0.27393702403009607 __DUMMY__ 0.01847302475242533	false	1.0
pflicht	neg 1.0		off 0.49895901100756723 neg 0.4602941772022673 __DUMMY__ 0.04074681179016552	false	0.5
faschist	off 1.0		off 0.5072109117282545 neg 0.45265063698920255 __DUMMY__ 0.04013845128254306	false	1.0
verschleudern	neg 1.0		off 0.4965764740804962 neg 0.46321718663801453 __DUMMY__ 0.04020633928148917	false	0.5
wenn			off 0.5070974913465528 neg 0.4529001271657674 __DUMMY__ 0.0400023814876799	false	0.0
ehebruch	neg 1.0		off 0.5009147024938133 neg 0.4585760146567383 __DUMMY__ 0.040509282849448436	false	0.5
spott	off 1.0		off 0.50155042895724 neg 0.4578564273422879 __DUMMY__ 0.04059314370047209	false	1.0
trostlosigkeit	neg 1.0		off 0.49596629580988844 neg 0.463559842379869 __DUMMY__ 0.040473861810242505	false	0.5
lutschen	neg 1.0		off 0.5059783456665776 neg 0.45405805830413 __DUMMY__ 0.039963596029292475	false	0.5
undiszipliniert	neg 1.0		off 0.5096058222213997 neg 0.45061260978285106 __DUMMY__ 0.03978156799574923	false	0.5
kopfschmerz	neg 1.0		off 0.4975161436559146 neg 0.462236846913187 __DUMMY__ 0.04024700943089838	false	0.5
unvorhergesehen	neg 1.0		off 0.4998279100025211 neg 0.45939201515472927 __DUMMY__ 0.040780074842749564	false	0.5
desinteressiert	neg 1.0		off 0.5088846716580188 neg 0.4513090491401342 __DUMMY__ 0.03980627920184714	false	0.5
armselig	off 1.0		off 0.5115142669086842 neg 0.4487489098208965 __DUMMY__ 0.03973682327041933	false	1.0
desaster	neg 1.0		off 0.4969841207099265 neg 0.4623747505612448 __DUMMY__ 0.040641128728828774	false	0.5
tod	neg 1.0		off 0.5004874835698156 neg 0.4589321962830112 __DUMMY__ 0.040580320147173145	false	0.5
herzlos	neg 1.0		off 0.5108056150217409 neg 0.4494511287299677 __DUMMY__ 0.03974325624829126	false	0.5
unwissenheit	neg 1.0		off 0.5008553423655031 neg 0.45871865941039786 __DUMMY__ 0.04042599822409895	false	0.5
widersinnig	neg 1.0		off 0.5000567984306403 neg 0.4597930409359921 __DUMMY__ 0.04015016063336739	false	0.5
bedenklich	neg 1.0		off 0.4994214185633687 neg 0.46016273624691273 __DUMMY__ 0.04041584518971863	false	0.5
beanstanden	neg 1.0		off 0.5002146287907413 neg 0.45901556007651273 __DUMMY__ 0.04076981113274592	false	0.5
panisch	neg 1.0		off 0.5056481126793732 neg 0.4540630320061622 __DUMMY__ 0.04028885531446452	false	0.5
debil	off 1.0		off 0.4932849537623542 neg 0.4657199274405332 __DUMMY__ 0.040995118797112595	false	1.0
abstrich	neg 1.0		off 0.5009399392359741 neg 0.45876784194752107 __DUMMY__ 0.0402922188165048	false	0.5
primitiv	neg 1.0		off 0.5094501429875932 neg 0.4507083404386072 __DUMMY__ 0.03984151657379952	false	0.5
abschaum	off 1.0	off 1.0	off 0.7409579907146089 neg 0.24001102370913063 __DUMMY__ 0.01903098557626047	false	1.0
provozieren	neg 1.0		off 0.5038410487429393 neg 0.4559084781094458 __DUMMY__ 0.040250473147614964	false	0.5
tot	neg 1.0		off 0.49960202282511085 neg 0.46012482267214305 __DUMMY__ 0.040273154502746066	false	0.5
instabil	neg 1.0		off 0.5096287974832233 neg 0.4508578337728571 __DUMMY__ 0.039513368743919614	false	0.5
schwuchtel	off 1.0	off 1.0	off 0.746132021792026 neg 0.23550814126477496 __DUMMY__ 0.01835983694319909	false	1.0
zerren	neg 1.0		off 0.5016741095854423 neg 0.45776218520339085 __DUMMY__ 0.040563705211166916	false	0.5
kinderficker	off 1.0		off 0.5134041206604079 neg 0.4470235688190846 __DUMMY__ 0.03957231052050746	false	1.0
gefahr	neg 1.0		off 0.4998285567743295 neg 0.45941542245023165 __DUMMY__ 0.040756020775438925	false	0.5
rabiat	neg 1.0		off 0.5021309968683859 neg 0.4575285971098527 __DUMMY__ 0.04034040602176145	false	0.5
verlangsamung	neg 1.0		off 0.5131440069562699 neg 0.44755411482890717 __DUMMY__ 0.03930187821482297	false	0.5
ausgestorben	neg 1.0		off 0.5023084740655354 neg 0.45727006443574586 __DUMMY__ 0.04042146149871864	false	0.5
anklagen	neg 1.0		off 0.5023858749631165 neg 0.45715576151140624 __DUMMY__ 0.04045836352547716	false	0.5
trott	neg 1.0		off 0.5030102829410605 neg 0.45667539099799953 __DUMMY__ 0.04031432606093994	false	0.5
verminderung	neg 1.0		off 0.5077902623479658 neg 0.4523939786708885 __DUMMY__ 0.03981575898114572	false	0.5
nach			off 0.4962104527079392 neg 0.4626278939656772 __DUMMY__ 0.041161653326383656	false	0.0
rost	neg 1.0		off 0.5176452285462131 neg 0.44282230572638637 __DUMMY__ 0.039532465727400434	false	0.5
destruktiv	neg 1.0		off 0.5023475655175538 neg 0.4573893054608553 __DUMMY__ 0.04026312902159084	false	0.5
unzumutbarkeit	neg 1.0		off 0.5076835319132932 neg 0.45248991978140213 __DUMMY__ 0.03982654830530464	false	0.5
labil	off 1.0	off 1.0	off 0.7396993216684242 neg 0.24133126533346366 __DUMMY__ 0.018969412998112077	false	1.0
ziemlich	neg 1.0		off 0.508493810958445 neg 0.4515076749510233 __DUMMY__ 0.039998514090531664	false	0.5
lachnummer	off 1.0		off 0.5044320223798655 neg 0.45519253479573357 __DUMMY__ 0.040375442824400885	false	1.0
oder			off 0.5042219528608192 neg 0.45541636023111115 __DUMMY__ 0.04036168690806977	false	0.0
verfall	neg 1.0		off 0.4940623866715493 neg 0.4652821441206631 __DUMMY__ 0.04065546920778777	false	0.5
ausgrenzung	neg 1.0		off 0.5036364114298187 neg 0.456325698016751 __DUMMY__ 0.04003789055343038	false	0.5
unordnung	neg 1.0		off 0.5109658740979428 neg 0.44946428752281564 __DUMMY__ 0.03956983837924155	false	0.5
fehlverhalten	neg 1.0		off 0.4997508151132339 neg 0.4596756986815231 __DUMMY__ 0.04057348620524296	false	0.5
eine			off 0.4976269136493553 neg 0.4617028485655595 __DUMMY__ 0.04067023778508529	false	0.0
nille	neg 1.0		off 0.5034049199367694 neg 0.4562899190812455 __DUMMY__ 0.040305160981985055	false	0.5
qual	neg 1.0		off 0.5024226420868493 neg 0.4572704115256852 __DUMMY__ 0.04030694638746546	false	0.5
verschwenden	neg 1.0		off 0.4978645880151198 neg 0.4617036679882978 __DUMMY__ 0.040431743996582475	false	0.5
riesig	neg 1.0		off 0.500401378576952 neg 0.4590123411142785 __DUMMY__ 0.040586280308769554	false	0.5
verurteilen	neg 1.0		off 0.5018569596245345 neg 0.45768925444865344 __DUMMY__ 0.0404537859268121	false	0.5
klischee	neg 1.0	neg 1.0	neg 0.7120552189165144 off 0.268965693416903 __DUMMY__ 0.01897908766658254	false	1.0
diktatorisch	neg 1.0		off 0.5039869217514218 neg 0.4559679749107661 __DUMMY__ 0.040045103337812124	false	0.5
vorhersehbar	neg 1.0		off 0.5045831439564281 neg 0.4554134533311247 __DUMMY__ 0.04000340271244719	false	0.5
sowie			off 0.5109096464111401 neg 0.44966182080569417 __DUMMY__ 0.039428532783165764	false	0.0
stornieren	neg 1.0		off 0.5092611810462586 neg 0.45026062236473857 __DUMMY__ 0.04047819658900286	false	0.5
besteuerung	neg 1.0	neg 1.0	neg 0.715211322966652 off 0.2658760904721454 __DUMMY__ 0.018912586561202625	false	1.0
ungeschminkt	neg 1.0		off 0.5086810220639424 neg 0.4515688072717419 __DUMMY__ 0.039750170664315625	false	0.5
kritisch	neg 1.0		off 0.5010674150581125 neg 0.4584781248540378 __DUMMY__ 0.040454460087849704	false	0.5
schlamperei	off 1.0		off 0.4999407925378489 neg 0.4595347390493249 __DUMMY__ 0.04052446841282624	false	1.0
sucht	neg 1.0	neg 1.0	neg 0.7122287875411155 off 0.26862356192234915 __DUMMY__ 0.01914765053653526	false	1.0
egoistisch	off 1.0	off 1.0	off 0.7431421277702871 neg 0.23806135986417729 __DUMMY__ 0.01879651236553562	false	1.0
ausbeuter	off 1.0		off 0.49782829933060696 neg 0.46174950963924716 __DUMMY__ 0.040422191030145785	false	1.0
arschgeburt	off 1.0		off 0.5183353102117731 neg 0.4429016898443671 __DUMMY__ 0.03876299994385965	false	1.0
schubs	neg 1.0		off 0.4985715640174002 neg 0.4611229439663368 __DUMMY__ 0.040305492016262906	false	0.5
unsolide	neg 1.0		off 0.5057932778368126 neg 0.4540682203185941 __DUMMY__ 0.040138501844593194	false	0.5
beschwerde	neg 1.0		off 0.5019626817883093 neg 0.45755279124233017 __DUMMY__ 0.04048452696936067	false	0.5
stocken	neg 1.0		off 0.500030003866458 neg 0.459507608758222 __DUMMY__ 0.04046238737532006	false	0.5
isolieren	neg 1.0		off 0.49988340550494115 neg 0.45981856741849625 __DUMMY__ 0.040298027076562576	false	0.5
unheilbar	neg 1.0		off 0.5035648902760916 neg 0.4560936577209536 __DUMMY__ 0.04034145200295469	false	0.5
pisser	off 1.0	off 1.0	off 0.7415079179958805 neg 0.2396496952315282 __DUMMY__ 0.018842386772591372	false	1.0
löschen	neg 1.0		off 0.5031361491419046 neg 0.45662744685866047 __DUMMY__ 0.040236403999435004	false	0.5
durchfallen	neg 1.0		off 0.5012609660654366 neg 0.458242883729188 __DUMMY__ 0.04049615020537541	false	0.5
wichser	off 1.0	off 1.0	off 0.7447363311022731 neg 0.23671694606314764 __DUMMY__ 0.018546722834579244	false	1.0
terror	neg 1.0		off 0.5058119460296391 neg 0.45409895010403967 __DUMMY__ 0.040089103866321356	false	0.5
krass	neg 1.0		off 0.5116779035245587 neg 0.4487494575033721 __DUMMY__ 0.039572638972069175	false	0.5
revolte	neg 1.0		off 0.5043076280486636 neg 0.45582739385397986 __DUMMY__ 0.039864978097356576	false	0.5
besorgt	neg 1.0		off 0.503020454572675 neg 0.4563714441837785 __DUMMY__ 0.040608101243546565	false	0.5
nachlassen	neg 1.0		off 0.5010168578088364 neg 0.4584269540384069 __DUMMY__ 0.04055618815275675	false	0.5
alt	neg 1.0		off 0.49649113121400706 neg 0.46335926296829477 __DUMMY__ 0.040149605817698227	false	0.5
hundesohn	off 1.0	off 1.0	off 0.7437291988254207 neg 0.23773592444633773 __DUMMY__ 0.018534876728241553	false	1.0
als			off 0.5007983990015717 neg 0.4588080521736114 __DUMMY__ 0.04039354882481686	false	0.0
abschreckung	neg 1.0		off 0.4987766103031245 neg 0.46062804789207046 __DUMMY__ 0.04059534180480514	false	0.5
unqualifiziert	neg 1.0		off 0.5073519436507637 neg 0.45258333429942754 __DUMMY__ 0.040064722049808696	false	0.5
abgewichst	off 1.0		off 0.5030906256495086 neg 0.45654233522987564 __DUMMY__ 0.040367039120615726	false	1.0
schwer	neg 1.0		off 0.502707212562482 neg 0.4569231858608745 __DUMMY__ 0.040369601576643516	false	0.5
bedeutungslosigkeit	neg 1.0		off 0.49913747126908325 neg 0.4603029467452221 __DUMMY__ 0.04055958198569473	false	0.5
kapitulation	neg 1.0		off 0.4992428117589695 neg 0.4604406978450473 __DUMMY__ 0.04031649039598309	false	0.5
unscharf	neg 1.0		off 0.5013377882212693 neg 0.45885559894513706 __DUMMY__ 0.03980661283359377	false	0.5
schwinden	neg 1.0		off 0.49713764989260995 neg 0.4624995398443013 __DUMMY__ 0.040362810263088786	false	0.5
versklavung	neg 1.0	neg 1.0	neg 0.7135125796626912 off 0.2674764588646817 __DUMMY__ 0.01901096147262712	false	1.0
schlecht	neg 1.0		off 0.50917233511832 neg 0.45078307412376795 __DUMMY__ 0.04004459075791177	false	0.5
verhasst	neg 1.0		off 0.5043668250884052 neg 0.45543474144519547 __DUMMY__ 0.04019843346639917	false	0.5
beschweren	neg 1.0		off 0.5057888992677821 neg 0.45391406488590424 __DUMMY__ 0.04029703584631358	false	0.5
scheiden	neg 1.0		off 0.5028685728324584 neg 0.45685741376600325 __DUMMY__ 0.04027401340153827	false	0.5
frustriert	neg 1.0		off 0.502168896519997 neg 0.4573945002395796 __DUMMY__ 0.04043660324042336	false	0.5
schimmelig	neg 1.0		off 0.4978327047294039 neg 0.46195562480558383 __DUMMY__ 0.04021167046501231	false	0.5
fisch	neg 1.0		off 0.4940589266903184 neg 0.46563509466576913 __DUMMY__ 0.04030597864391245	false	0.5
schmuggel	neg 1.0		off 0.4998428109651391 neg 0.45931346362086417 __DUMMY__ 0.04084372541399677	false	0.5
auffallen	neg 1.0		off 0.5054360689531553 neg 0.45436875877699184 __DUMMY__ 0.04019517226985273	false	0.5
konkurrenz	neg 1.0		off 0.5000822349637775 neg 0.459200701869406 __DUMMY__ 0.04071706316681661	false	0.5
teufelskreis	neg 1.0	neg 1.0	neg 0.7147141649809645 off 0.26619813383214586 __DUMMY__ 0.019087701186889593	false	1.0
aufschreien	neg 1.0		off 0.5050186619081057 neg 0.454917719613814 __DUMMY__ 0.04006361847808014	false	0.5
schuldner	neg 1.0		off 0.49599091724912425 neg 0.4637331288387404 __DUMMY__ 0.04027595391213546	false	0.5
missgeburt	off 1.0	off 1.0	off 0.7439870356484386 neg 0.2373308575093316 __DUMMY__ 0.018682106842229783	false	1.0
arbeitslos	neg 1.0		off 0.5007589452920874 neg 0.45877445311328674 __DUMMY__ 0.04046660159462582	false	0.5
befallen	neg 1.0		off 0.49914732966520975 neg 0.46077640940414694 __DUMMY__ 0.040076260930643336	false	0.5
miesepetrig	off 1.0	off 1.0	off 0.7398940506027688 neg 0.24112562435178928 __DUMMY__ 0.018980325045441872	false	1.0
alarmieren	neg 1.0		off 0.50804301265858 neg 0.45188919597090504 __DUMMY__ 0.040067791370514985	false	0.5
ungeduscht	off 1.0		off 0.5057722104755645 neg 0.4543282980444929 __DUMMY__ 0.03989949147994275	false	1.0
knappheit	neg 1.0		off 0.4981976194786181 neg 0.46164106376174174 __DUMMY__ 0.040161316759640145	false	0.5
schlange	neg 1.0		off 0.5040026448803294 neg 0.4556440447948238 __DUMMY__ 0.04035331032484668	false	0.5
harsch	neg 1.0		off 0.5126825647890804 neg 0.44755059569773287 __DUMMY__ 0.03976683951318676	false	0.5
lang	neg 1.0		off 0.5041029961402406 neg 0.45567843447944567 __DUMMY__ 0.040218569380313804	false	0.5
ziellos	neg 1.0		off 0.5000078829666889 neg 0.4593698255219683 __DUMMY__ 0.040622291511342896	false	0.5
selbstverliebt	neg 1.0		off 0.5180542723836796 neg 0.4427951392828212 __DUMMY__ 0.03915058833349915	false	0.5
beseitigen	neg 1.0		off 0.5042763521811278 neg 0.4552826938234173 __DUMMY__ 0.04044095399545494	false	0.5
dumm	off 1.0		off 0.5134923693300536 neg 0.44705405301361995 __DUMMY__ 0.03945357765632643	false	1.0
arbeitsloser	neg 1.0		off 0.5048572404332526 neg 0.4543114185431695 __DUMMY__ 0.040831341023577744	false	0.5
blitzen	neg 1.0		off 0.5058979283047417 neg 0.45411152178840736 __DUMMY__ 0.0399905499068511	false	0.5
hilflos	neg 1.0		off 0.5007602432880957 neg 0.45879258650814553 __DUMMY__ 0.040447170203758896	false	0.5
eklig	off 1.0		off 0.5124837412847738 neg 0.4482287460937424 __DUMMY__ 0.03928751262148372	false	1.0
begriff			off 0.5029133786293055 neg 0.4567280275397993 __DUMMY__ 0.04035859383089516	false	0.0
hungersnot	neg 1.0		off 0.49955594469527925 neg 0.46016822148553654 __DUMMY__ 0.04027583381918427	false	0.5
ungesetzlich	neg 1.0		off 0.504385766297873 neg 0.45553045786650276 __DUMMY__ 0.04008377583562431	false	0.5
verschwendung	neg 1.0		off 0.4987176707225655 neg 0.4607581019302011 __DUMMY__ 0.040524227347233335	false	0.5
schmerzvoll	neg 1.0		off 0.5034711861263691 neg 0.4563928753352439 __DUMMY__ 0.040135938538387025	false	0.5
vorzeitig	neg 1.0		off 0.5085473066258621 neg 0.45138905898824777 __DUMMY__ 0.04006363438589004	false	0.5
unvollkommenheit	neg 1.0		off 0.5010895913918875 neg 0.45857123261539706 __DUMMY__ 0.04033917599271562	false	0.5
intervenieren	neg 1.0		off 0.4976698766069534 neg 0.462006965571312 __DUMMY__ 0.040323157821734554	false	0.5
banause	off 1.0		off 0.5118852648827418 neg 0.44911033728296046 __DUMMY__ 0.039004397834297794	false	1.0
rebell	neg 1.0		off 0.4927708685090999 neg 0.4667654244417327 __DUMMY__ 0.040463707049167415	false	0.5
unlogisch	neg 1.0		off 0.5095844158803915 neg 0.4507088372080731 __DUMMY__ 0.03970674691153546	false	0.5
leiden	neg 1.0		off 0.5006935064930303 neg 0.4584426112851598 __DUMMY__ 0.040863882221809825	false	0.5
abschaffung	neg 1.0		off 0.5020432694544464 neg 0.45791808768195624 __DUMMY__ 0.04003864286359747	false	0.5
sturz	neg 1.0		off 0.5076111059118642 neg 0.45195782474628576 __DUMMY__ 0.04043106934184998	false	0.5
verkleinerung	neg 1.0		off 0.5032989289465549 neg 0.45700128982131116 __DUMMY__ 0.03969978123213378	false	0.5
schmarotzer	off 1.0		off 0.5016736969435779 neg 0.4579118344665683 __DUMMY__ 0.040414468589854	false	1.0
bestrafung	neg 1.0	neg 1.0	neg 0.7126647340693447 off 0.2681648615744899 __DUMMY__ 0.019170404356165297	false	1.0
achtlos	neg 1.0		off 0.5027781388989067 neg 0.45673500730482613 __DUMMY__ 0.040486853796267305	false	0.5
ungeheuer	neg 1.0		off 0.501517615125149 neg 0.458386625335413 __DUMMY__ 0.04009575953943811	false	0.5
unaufrichtig	neg 1.0		off 0.5072778533839973 neg 0.4526588781569673 __DUMMY__ 0.04006326845903539	false	0.5
groggy	neg 1.0		off 0.5066116926003956 neg 0.4532203604720494 __DUMMY__ 0.040167946927554904	false	0.5
