unsolidarisch	neg 1.0		__DUMMY__ 0.45368793103770905 off 0.28598400021730835 neg 0.26032806874498254	false	0.5
nachteilig	neg 1.0		__DUMMY__ 0.45883879319694076 off 0.2819226089220489 neg 0.2592385978810102	false	0.5
skeptisch	neg 1.0		__DUMMY__ 0.45893367851368433 off 0.2803497785025731 neg 0.2607165429837426	false	0.5
schrecklich	neg 1.0		__DUMMY__ 0.4499122739538815 off 0.29564014500783564 neg 0.25444758103828286	false	0.5
schlapp	neg 1.0	neg 1.0	neg 0.6157133340419199 __DUMMY__ 0.21875485555853477 off 0.16553181039954554	false	1.0
abfall	neg 1.0		__DUMMY__ 0.4623020881076987 off 0.27753609213287544 neg 0.26016181975942576	false	0.5
widerspenstig	neg 1.0		__DUMMY__ 0.45513402000287984 off 0.28435944077301 neg 0.26050653922411016	false	0.5
abrupt	neg 1.0		__DUMMY__ 0.4576608856841992 off 0.27904613367040626 neg 0.2632929806453944	false	0.5
unwirksam	neg 1.0		__DUMMY__ 0.45083494828835685 off 0.28408159579077924 neg 0.26508345592086385	false	0.5
angreifen	neg 1.0		__DUMMY__ 0.45968201800553926 off 0.2799050620986826 neg 0.2604129198957782	false	0.5
inkonsistent	neg 1.0		__DUMMY__ 0.45227703379176537 off 0.2876608885198786 neg 0.2600620776883562	false	0.5
abrutschen	neg 1.0		__DUMMY__ 0.46181143085571147 off 0.27688389496271437 neg 0.26130467418157427	false	0.5
unsicher	neg 1.0		__DUMMY__ 0.4568049575938601 off 0.2856969429455277 neg 0.2574980994606123	false	0.5
bauernkind	off 1.0	off 1.0	off 0.638029964628496 __DUMMY__ 0.2140859933931234 neg 0.1478840419783806	false	1.0
angreifer	neg 1.0		__DUMMY__ 0.4564559392471049 off 0.2910847547165151 neg 0.25245930603637984	false	0.5
trennen	neg 1.0		__DUMMY__ 0.4603821909742365 off 0.2798119831952421 neg 0.25980582583052136	false	0.5
schmutz	neg 1.0		__DUMMY__ 0.45794694730555674 off 0.2905456539000804 neg 0.2515073987943629	false	0.5
inkonsistenz	neg 1.0		__DUMMY__ 0.4527682837095815 off 0.29112213328568604 neg 0.25610958300473247	false	0.5
erschreckend	neg 1.0		__DUMMY__ 0.456394600579419 off 0.2847114339473591 neg 0.2588939654732219	false	0.5
ertrinken	neg 1.0		__DUMMY__ 0.45866013432315644 off 0.2787400820643281 neg 0.2625997836125154	false	0.5
pickelface	off 1.0		__DUMMY__ 0.45523081467397875 off 0.2859598919456903 neg 0.25880929338033104	false	1.0
seiner			__DUMMY__ 0.4601021969106836 off 0.28058582682789024 neg 0.2593119762614261	false	0.0
lauch	neg 1.0	neg 1.0	neg 0.6193938379844499 __DUMMY__ 0.22327416828390428 off 0.15733199373164575	false	1.0
unwichtig	neg 1.0		__DUMMY__ 0.45273916343521964 off 0.29104911615158846 neg 0.256211720413192	false	0.5
steuerhinterziehung	neg 1.0		__DUMMY__ 0.4554353152910473 off 0.2844900025494928 neg 0.26007468215946006	false	0.5
schock	neg 1.0		__DUMMY__ 0.4572953571908838 off 0.28374236126917984 neg 0.2589622815399363	false	0.5
beule	neg 1.0		__DUMMY__ 0.4500259412770235 off 0.2930203823462789 neg 0.25695367637669764	false	0.5
vergelten	neg 1.0		__DUMMY__ 0.44975407311757615 off 0.29688703930122984 neg 0.2533588875811939	false	0.5
verdorbenheit	neg 1.0		__DUMMY__ 0.4552425124027542 off 0.28679562451711615 neg 0.25796186308012975	false	0.5
trauma	neg 1.0		__DUMMY__ 0.45429987994085164 off 0.2868261743012266 neg 0.25887394575792183	false	0.5
sinnlos	neg 1.0		__DUMMY__ 0.4547169532874996 off 0.28777702236101277 neg 0.2575060243514876	false	0.5
fettsack	off 1.0	off 1.0	off 0.6391959043818782 __DUMMY__ 0.2143495793027845 neg 0.14645451631533724	false	1.0
feige	off 1.0	off 1.0	off 0.6359642335315888 __DUMMY__ 0.21824266700025913 neg 0.14579309946815205	false	1.0
abdanken	neg 1.0		__DUMMY__ 0.4575481138951684 off 0.28587621971878796 neg 0.25657566638604373	false	0.5
wichtigtuer	off 1.0	off 1.0	off 0.6342435087647939 __DUMMY__ 0.22021930879516688 neg 0.14553718244003935	false	1.0
misslingen	neg 1.0		__DUMMY__ 0.4570568408939357 off 0.287998766732715 neg 0.2549443923733495	false	0.5
untreu	off 1.0		__DUMMY__ 0.4518133006018854 off 0.29235204776421725 neg 0.2558346516338973	false	1.0
missmutig	neg 1.0		__DUMMY__ 0.4531187752018954 off 0.2894103059943146 neg 0.25747091880379	false	0.5
hurenbock	off 1.0		__DUMMY__ 0.4512201057231319 off 0.2837698103037224 neg 0.2650100839731456	false	1.0
betrunken	neg 1.0		__DUMMY__ 0.4503352673148679 off 0.294302258879165 neg 0.2553624738059672	false	0.5
korrupt	off 1.0		__DUMMY__ 0.45517285254770506 off 0.2837454258833229 neg 0.2610817215689721	false	1.0
unmut	neg 1.0		__DUMMY__ 0.46034705334142223 off 0.27851707060903536 neg 0.26113587604954247	false	0.5
hackfresse	off 1.0		__DUMMY__ 0.446576644549572 off 0.300534747950548 neg 0.25288860749987996	false	1.0
aufblasen	neg 1.0		__DUMMY__ 0.45559698138644844 off 0.28583003884052305 neg 0.2585729797730287	false	0.5
gewaltsam	neg 1.0		__DUMMY__ 0.4576967705523564 off 0.2859324042038098 neg 0.25637082524383387	false	0.5
unbeliebtheit	neg 1.0		__DUMMY__ 0.4519687080217632 off 0.2925352715983841 neg 0.2554960203798527	false	0.5
sturheit	neg 1.0		__DUMMY__ 0.45781549118941234 off 0.2852918356134766 neg 0.256892673197111	false	0.5
kuh	neg 1.0		__DUMMY__ 0.4465000383325191 off 0.285578636569305 neg 0.26792132509817584	false	0.5
erschrecken	neg 1.0		__DUMMY__ 0.45336145210943934 off 0.2900207879077596 neg 0.25661775998280095	false	0.5
opfer	neg 1.0		__DUMMY__ 0.46068974024116105 off 0.28311208483351114 neg 0.256198174925328	false	0.5
sinken	neg 1.0		__DUMMY__ 0.45826112692161153 off 0.27822121336021505 neg 0.2635176597181735	false	0.5
stinktier	neg 1.0		__DUMMY__ 0.4435805659649243 off 0.29595082832235375 neg 0.26046860571272185	false	0.5
tucke	off 1.0		__DUMMY__ 0.441435175167337 off 0.30106996855741197 neg 0.257494856275251	false	1.0
ein			__DUMMY__ 0.4544031027671402 off 0.28353867879722583 neg 0.2620582184356339	false	0.0
abstieg	neg 1.0		__DUMMY__ 0.4604789342528911 off 0.28467036578574123 neg 0.2548506999613677	false	0.5
missverstehen	neg 1.0		__DUMMY__ 0.4542337456178398 off 0.28886493525133883 neg 0.2569013191308213	false	0.5
ergebnislos	neg 1.0		__DUMMY__ 0.46021652267711805 off 0.28244020551845317 neg 0.2573432718044289	false	0.5
unter			__DUMMY__ 0.46560461822884847 off 0.27317972422508013 neg 0.26121565754607123	false	0.0
manipulieren	neg 1.0		__DUMMY__ 0.4594979632773625 off 0.2811390308840672 neg 0.2593630058385702	false	0.5
unbewiesen	neg 1.0	neg 1.0	neg 0.6165089751189619 __DUMMY__ 0.22048567531213445 off 0.16300534956890372	false	1.0
verschleppen	neg 1.0		__DUMMY__ 0.45762599961096356 off 0.28269056090835465 neg 0.25968343948068173	false	0.5
weib	off 1.0		__DUMMY__ 0.44322487411749173 off 0.301996142430999 neg 0.2547789834515093	false	1.0
opposition	neg 1.0		__DUMMY__ 0.4535279242754513 off 0.2868717950245112 neg 0.25960028070003754	false	0.5
verkehrswidrig	neg 1.0		__DUMMY__ 0.4506434460169572 off 0.29804861932671345 neg 0.25130793465632945	false	0.5
inkorrekt	neg 1.0		__DUMMY__ 0.4496326114414624 off 0.29534170851559854 neg 0.2550256800429391	false	0.5
vermeiden	neg 1.0		__DUMMY__ 0.4622124495754433 off 0.2763232756312601 neg 0.26146427479329665	false	0.5
abweichung	neg 1.0	neg 1.0	neg 0.6162004121354596 __DUMMY__ 0.22263607088413817 off 0.1611635169804023	false	1.0
alkoholisiert	neg 1.0		__DUMMY__ 0.46275952814901544 off 0.28176314560609905 neg 0.2554773262448854	false	0.5
scheiss	off 1.0	off 1.0	off 0.6365584637413453 __DUMMY__ 0.21713979454324686 neg 0.1463017417154078	false	1.0
herausforderung	neg 1.0		__DUMMY__ 0.45770603382132147 off 0.28281184339646875 neg 0.25948212278220983	false	0.5
pervers	off 1.0		__DUMMY__ 0.4426317041138739 off 0.3050248360869882 neg 0.2523434597991379	false	1.0
wackelig	neg 1.0		__DUMMY__ 0.45842127484719664 off 0.2829648115792542 neg 0.2586139135735491	false	0.5
verwickeln	neg 1.0		__DUMMY__ 0.4550185371325221 off 0.2879833744165319 neg 0.256998088450946	false	0.5
vorwand	neg 1.0		__DUMMY__ 0.4597190141083181 off 0.27936485932140265 neg 0.2609161265702792	false	0.5
muschi	off 1.0		__DUMMY__ 0.4568131895099993 off 0.28521543981175 neg 0.25797137067825054	false	1.0
entmutigung	neg 1.0		__DUMMY__ 0.4516622207857991 off 0.2872698851503229 neg 0.261067894063878	false	0.5
unangemessen	neg 1.0		__DUMMY__ 0.4573240126706403 off 0.2846298110848651 neg 0.2580461762444945	false	0.5
unstetig	neg 1.0		__DUMMY__ 0.45257277034896504 off 0.28968617777836686 neg 0.257741051872668	false	0.5
entmutigen	neg 1.0		__DUMMY__ 0.45539954512982234 off 0.2866536933280125 neg 0.25794676154216517	false	0.5
schwanz	neg 1.0		__DUMMY__ 0.4571083459348502 off 0.2824150303002792 neg 0.2604766237648706	false	0.5
verbot	neg 1.0		__DUMMY__ 0.45590843137725573 off 0.2835755312479248 neg 0.26051603737481954	false	0.5
leid	neg 1.0		__DUMMY__ 0.4484305831745508 off 0.29728591725598513 neg 0.25428349956946406	false	0.5
archaisch	neg 1.0		__DUMMY__ 0.45600321354155304 off 0.2835304759864502 neg 0.2604663104719968	false	0.5
gegen			__DUMMY__ 0.46175132960787946 off 0.27983151733947914 neg 0.25841715305264157	false	0.0
scheidung	neg 1.0		__DUMMY__ 0.4442833143943236 off 0.31039438871514197 neg 0.24532229689053447	false	0.5
einschlag	neg 1.0		__DUMMY__ 0.4522906755563701 off 0.29720529654633904 neg 0.2505040278972908	false	0.5
m			__DUMMY__ 0.45757977831827445 off 0.2833095168238651 neg 0.25911070485786025	false	0.0
abgestanden	neg 1.0		__DUMMY__ 0.45011547210146075 off 0.2829035130559568 neg 0.2669810148425827	false	0.5
schmierig	off 1.0		__DUMMY__ 0.4483042712733518 off 0.2967504418570683 neg 0.25494528686958	false	1.0
unpraktisch	neg 1.0		__DUMMY__ 0.4555186594192744 off 0.2872883943006443 neg 0.2571929462800812	false	0.5
wixxer	off 1.0		__DUMMY__ 0.4409091981676644 off 0.30471315331052157 neg 0.25437764852181405	false	1.0
bezeichnet			__DUMMY__ 0.45663880041713245 off 0.2863745613518744 neg 0.25698663823099316	false	0.0
jammerlappen	off 1.0		__DUMMY__ 0.45259374661644963 off 0.29135240209350616 neg 0.2560538512900442	false	1.0
farce	neg 1.0		__DUMMY__ 0.45424042866998343 off 0.28504452157822124 neg 0.26071504975179527	false	0.5
zwecklos	neg 1.0		__DUMMY__ 0.4570636768336282 off 0.28312002548039594 neg 0.2598162976859758	false	0.5
turbulent	neg 1.0		__DUMMY__ 0.44985384083254354 off 0.29310630832707385 neg 0.25703985084038267	false	0.5
invasion	neg 1.0		__DUMMY__ 0.45387594117091956 off 0.2883929474953819 neg 0.25773111133369847	false	0.5
schuld	neg 1.0		__DUMMY__ 0.45544023653840493 off 0.2871465489062002 neg 0.2574132145553948	false	0.5
risiko	neg 1.0		__DUMMY__ 0.45201158325857255 off 0.2867395857026175 neg 0.26124883103880997	false	0.5
finster	neg 1.0		__DUMMY__ 0.4538499528280073 off 0.2840684461946633 neg 0.26208160097732935	false	0.5
geisteskrank	off 1.0		__DUMMY__ 0.45079172225158703 off 0.29413597797053326 neg 0.25507229977787965	false	1.0
zusammenbrechen	neg 1.0		__DUMMY__ 0.45668412463755387 off 0.2831469884999312 neg 0.260168886862515	false	0.5
ausbeute	neg 1.0		__DUMMY__ 0.459261108609981 off 0.28550560362526944 neg 0.25523328776474963	false	0.5
hinterhalt	neg 1.0		__DUMMY__ 0.4560326415505725 off 0.2835862689066247 neg 0.2603810895428028	false	0.5
kritik	neg 1.0		__DUMMY__ 0.4544712632585776 off 0.28477879107052173 neg 0.2607499456709007	false	0.5
einschrumpfen	neg 1.0		__DUMMY__ 0.45035139947305997 off 0.2906212225566211 neg 0.25902737797031894	false	0.5
riskant	neg 1.0		__DUMMY__ 0.45815504900648674 off 0.2802691751173459 neg 0.26157577587616726	false	0.5
frustrieren	neg 1.0		__DUMMY__ 0.45737007563529475 off 0.2811887418669303 neg 0.2614411824977749	false	0.5
groll	neg 1.0		__DUMMY__ 0.45836388968636693 off 0.28405618258877063 neg 0.25757992772486243	false	0.5
gibt			__DUMMY__ 0.457556037320979 off 0.2829410554279473 neg 0.2595029072510736	false	0.0
qualvoll	neg 1.0		__DUMMY__ 0.4545424291494445 off 0.287918422312503 neg 0.25753914853805254	false	0.5
wackeln	neg 1.0		__DUMMY__ 0.4562318943481835 off 0.2853185306436593 neg 0.258449575008157	false	0.5
klagen	neg 1.0		__DUMMY__ 0.45894682145435284 off 0.2793254559602406 neg 0.26172772258540655	false	0.5
bankrott	neg 1.0		__DUMMY__ 0.4535386274538821 off 0.2909705931376099 neg 0.25549077940850784	false	0.5
trauern	neg 1.0		__DUMMY__ 0.4624072355685981 off 0.2824483527954799 neg 0.25514441163592205	false	0.5
ablehnung	neg 1.0		__DUMMY__ 0.45481777837448883 off 0.28403981751942753 neg 0.2611424041060837	false	0.5
stur	neg 1.0		__DUMMY__ 0.45491802092051936 off 0.2869058677845731 neg 0.2581761112949076	false	0.5
aufruhr	neg 1.0	neg 1.0	neg 0.6161618752252497 __DUMMY__ 0.2212938346904727 off 0.16254429008427768	false	1.0
melancholie	neg 1.0		__DUMMY__ 0.45695587968713003 off 0.2792328383769227 neg 0.2638112819359471	false	0.5
ist			__DUMMY__ 0.45469281662320127 off 0.28739745646590503 neg 0.25790972691089376	false	0.0
torheit	neg 1.0		__DUMMY__ 0.4549273943012213 off 0.28702579383096805 neg 0.25804681186781064	false	0.5
dreckskind	off 1.0		__DUMMY__ 0.4446890401150074 off 0.3012666864281986 neg 0.25404427345679403	false	1.0
umtauschen	neg 1.0		__DUMMY__ 0.45612413419170283 off 0.2847012493028481 neg 0.2591746165054491	false	0.5
zum			__DUMMY__ 0.4658915871653329 off 0.27821013417096635 neg 0.25589827866370063	false	0.0
zersetzen	neg 1.0		__DUMMY__ 0.4577626126068851 off 0.27994642750165033 neg 0.2622909598914646	false	0.5
zur			__DUMMY__ 0.462487632619816 off 0.2766931567323614 neg 0.26081921064782254	false	0.0
frust	neg 1.0		__DUMMY__ 0.45732113932379137 off 0.2831226631570272 neg 0.2595561975191816	false	0.5
unerbittlichkeit	neg 1.0		__DUMMY__ 0.458961131958926 off 0.28164569420288527 neg 0.25939317383818866	false	0.5
zwei			__DUMMY__ 0.4632909554657927 off 0.2763630053756975 neg 0.2603460391585098	false	0.0
unkorrekt	neg 1.0		__DUMMY__ 0.45048691069896374 off 0.2940581365014708 neg 0.2554549527995655	false	0.5
hexe	off 1.0		__DUMMY__ 0.4495295266465105 off 0.2894046817599061 neg 0.2610657915935833	false	1.0
lasch	neg 1.0		__DUMMY__ 0.4536443271303292 off 0.29068008660619576 neg 0.25567558626347503	false	0.5
rivale	neg 1.0		__DUMMY__ 0.4498666361381769 off 0.2956536477400693 neg 0.25447971612175385	false	0.5
mutlos	off 1.0	off 1.0	off 0.630508003156688 __DUMMY__ 0.22175271249012887 neg 0.14773928435318312	false	1.0
wirr	off 1.0		__DUMMY__ 0.44854299441169265 off 0.2958698493597167 neg 0.25558715622859063	false	1.0
jahr			__DUMMY__ 0.4631593528632809 off 0.2823676257363036 neg 0.2544730214004155	false	0.0
wird			__DUMMY__ 0.4583006529426561 off 0.2825160678911786 neg 0.25918327916616535	false	0.0
strafbar	neg 1.0		__DUMMY__ 0.45930146082173706 off 0.28170945162669486 neg 0.2589890875515681	false	0.5
erosion	neg 1.0		__DUMMY__ 0.4561447451922138 off 0.28598152504053365 neg 0.2578737297672526	false	0.5
eingehen	neg 1.0		__DUMMY__ 0.457448441853206 off 0.2809869190739774 neg 0.26156463907281663	false	0.5
faul	off 1.0		__DUMMY__ 0.453208183005858 off 0.2904393893673545 neg 0.25635242762678745	false	1.0
provisorium	neg 1.0		__DUMMY__ 0.4662191216083486 off 0.27358798646304594 neg 0.2601928919286054	false	0.5
schmerzen	neg 1.0		__DUMMY__ 0.4557491189902568 off 0.2837212371869364 neg 0.2605296438228068	false	0.5
schrumpfen	neg 1.0		__DUMMY__ 0.4593866651053551 off 0.2753665113904365 neg 0.26524682350420825	false	0.5
geistlos	off 1.0		__DUMMY__ 0.45233786932191306 off 0.2883664758775856 neg 0.2592956548005013	false	1.0
fehlkauf	neg 1.0		__DUMMY__ 0.45327137154009817 off 0.288168460855969 neg 0.2585601676039328	false	0.5
frustrierend	neg 1.0		__DUMMY__ 0.452895221893017 off 0.28966297899111604 neg 0.25744179911586695	false	0.5
unzufrieden	neg 1.0		__DUMMY__ 0.4575673157011275 off 0.28305498329768874 neg 0.25937770100118374	false	0.5
verzweifeln	neg 1.0		__DUMMY__ 0.45688265404330947 off 0.2845235372183272 neg 0.25859380873836335	false	0.5
verzweifelt	neg 1.0		__DUMMY__ 0.4547972742746193 off 0.28689507680607795 neg 0.25830764891930286	false	0.5
misstrauensantrag	neg 1.0		__DUMMY__ 0.45393881497226424 off 0.2876824371609229 neg 0.25837874786681286	false	0.5
abfallen	neg 1.0		__DUMMY__ 0.45515140263973086 off 0.2853304299864292 neg 0.25951816737384004	false	0.5
fucker	off 1.0		__DUMMY__ 0.4507893807206177 off 0.29523944422754583 neg 0.25397117505183664	false	1.0
ungezogen	neg 1.0		__DUMMY__ 0.4448213332398866 off 0.3028120614634672 neg 0.25236660529664623	false	0.5
irrsinnig	neg 1.0	neg 1.0	neg 0.6171615741443334 __DUMMY__ 0.2201623133604513 off 0.16267611249521532	false	1.0
unfassbar	neg 1.0		__DUMMY__ 0.4523436023393913 off 0.2925175597220489 neg 0.25513883793855985	false	0.5
hart	neg 1.0		__DUMMY__ 0.44715659370597055 off 0.29043118535160695 neg 0.26241222094242256	false	0.5
widerlich	off 1.0		__DUMMY__ 0.45125785178893385 off 0.2928558579736433 neg 0.25588629023742293	false	1.0
fatal	neg 1.0	neg 1.0	neg 0.6184503939211604 __DUMMY__ 0.2182857930850481 off 0.1632638129937914	false	1.0
bruch	neg 1.0		__DUMMY__ 0.46144521394021615 off 0.27858967433603454 neg 0.25996511172374925	false	0.5
aushungern	neg 1.0		__DUMMY__ 0.45589008631980626 off 0.2838517250236025 neg 0.2602581886565913	false	0.5
anspannung	neg 1.0		__DUMMY__ 0.4639045968950761 off 0.27683940012734704 neg 0.2592560029775767	false	0.5
von			__DUMMY__ 0.45986838358744975 off 0.27969510920968865 neg 0.26043650720286166	false	0.0
kraftlos	neg 1.0		__DUMMY__ 0.4576402566293232 off 0.28235605246954126 neg 0.26000369090113556	false	0.5
vom			__DUMMY__ 0.4674497329010365 off 0.27479558640164026 neg 0.25775468069732327	false	0.0
grenzdebil	off 1.0		__DUMMY__ 0.451004201838953 off 0.2923619436586043 neg 0.2566338545024426	false	1.0
vor			__DUMMY__ 0.46072132216061273 off 0.2785575106439446 neg 0.2607211671954426	false	0.0
unterwerfen	neg 1.0		__DUMMY__ 0.4590346304443159 off 0.28245193861285006 neg 0.25851343094283413	false	0.5
versenkung	neg 1.0		__DUMMY__ 0.4593214244833945 off 0.28175029728561024 neg 0.25892827823099523	false	0.5
entziehen	neg 1.0		__DUMMY__ 0.4596701900162424 off 0.27919601249619314 neg 0.26113379748756443	false	0.5
finanzkrise	neg 1.0		__DUMMY__ 0.45046457417171926 off 0.2826433291223513 neg 0.26689209670592956	false	0.5
schimpfend	neg 1.0		__DUMMY__ 0.4566889683939608 off 0.2869701019826948 neg 0.2563409296233445	false	0.5
profan	neg 1.0		__DUMMY__ 0.45375913977995264 off 0.28798350815167956 neg 0.25825735206836786	false	0.5
korruption	neg 1.0		__DUMMY__ 0.45535454694573513 off 0.28277901173936776 neg 0.26186644131489717	false	0.5
â			__DUMMY__ 0.4573210405850281 off 0.2823092331189192 neg 0.2603697262960529	false	0.0
schmutzig	neg 1.0		__DUMMY__ 0.45135494238945334 off 0.2927294608338991 neg 0.2559155967766475	false	0.5
sexy	neg 1.0		__DUMMY__ 0.4538032699565617 off 0.29012408047307836 neg 0.25607264957036	false	0.5
abraten	neg 1.0		__DUMMY__ 0.4549261958510614 off 0.28783258717409316 neg 0.25724121697484537	false	0.5
schwarz	neg 1.0		__DUMMY__ 0.4544793445876984 off 0.2881842871494308 neg 0.2573363682628707	false	0.5
fotze	off 1.0	off 1.0	off 0.6309788919144002 __DUMMY__ 0.22158301531364435 neg 0.14743809277195555	false	1.0
verwirren	neg 1.0		__DUMMY__ 0.4542967437079556 off 0.2886072495052716 neg 0.25709600678677275	false	0.5
zahnlos	off 1.0		__DUMMY__ 0.4569747741610778 off 0.2841472101531268 neg 0.2588780156857954	false	1.0
verheeren	neg 1.0		__DUMMY__ 0.4445698163000335 off 0.3044869628041355 neg 0.25094322089583104	false	0.5
hippie	neg 1.0		__DUMMY__ 0.45351120402228046 off 0.2895388779404536 neg 0.25694991803726597	false	0.5
rammen	neg 1.0		__DUMMY__ 0.45518670299487746 off 0.28598536148995296 neg 0.2588279355151696	false	0.5
unlauter	neg 1.0		__DUMMY__ 0.45330050994883253 off 0.28746670846017097 neg 0.25923278159099644	false	0.5
unheilvoll	neg 1.0		__DUMMY__ 0.4541539201900264 off 0.2864236885162869 neg 0.2594223912936868	false	0.5
niedrig	neg 1.0		__DUMMY__ 0.45599879199875104 off 0.28141971874759963 neg 0.26258148925364927	false	0.5
explosion	neg 1.0		__DUMMY__ 0.45384999884919097 off 0.28954336733277825 neg 0.2566066338180308	false	0.5
weichei	off 1.0	off 1.0	off 0.6390966020078117 __DUMMY__ 0.21532507778758272 neg 0.1455783202046055	false	1.0
minusmensch	off 1.0		__DUMMY__ 0.4431230457290161 off 0.3034983163954536 neg 0.2533786378755302	false	1.0
farblos	neg 1.0		__DUMMY__ 0.454662257073507 off 0.28668072966633235 neg 0.25865701326016055	false	0.5
unwissend	neg 1.0	neg 1.0	neg 0.6162910480541127 __DUMMY__ 0.2185425998915369 off 0.1651663520543504	false	1.0
traurig	neg 1.0		__DUMMY__ 0.4503534308210379 off 0.29527464564290334 neg 0.25437192353605875	false	0.5
senkung	neg 1.0		__DUMMY__ 0.4505488228139595 off 0.28743002715513855 neg 0.26202115003090193	false	0.5
ungleich	neg 1.0	neg 1.0	neg 0.6180801660705088 __DUMMY__ 0.221857248613164 off 0.1600625853163272	false	1.0
heikel	neg 1.0		__DUMMY__ 0.4588197566072166 off 0.28088163092580726 neg 0.26029861246697633	false	0.5
drosselung	neg 1.0		__DUMMY__ 0.44812467547184187 off 0.29131156026903987 neg 0.26056376425911837	false	0.5
falsch	neg 1.0		__DUMMY__ 0.45380018152697876 off 0.2904434668648176 neg 0.25575635160820354	false	0.5
unzufriedenheit	neg 1.0		__DUMMY__ 0.45728322630642 off 0.27978673164043616 neg 0.2629300420531439	false	0.5
kurz	neg 1.0		__DUMMY__ 0.4585464695118534 off 0.28369774209809934 neg 0.25775578839004726	false	0.5
unsinnig	neg 1.0		__DUMMY__ 0.4550929187379599 off 0.28398929831218234 neg 0.26091778294985785	false	0.5
penner	off 1.0	off 1.0	off 0.6405342028389209 __DUMMY__ 0.21524463838438573 neg 0.1442211587766933	false	1.0
seicht	neg 1.0		__DUMMY__ 0.4434225551940501 off 0.3010897008572005 neg 0.25548774394874946	false	0.5
dummheit	off 1.0	off 1.0	off 0.6338769608971005 __DUMMY__ 0.21908706879006795 neg 0.14703597031283153	false	1.0
unerfreulich	neg 1.0		__DUMMY__ 0.45863566879515627 off 0.28030204006844545 neg 0.26106229113639834	false	0.5
motherfucker	off 1.0	off 1.0	off 0.6372363986739764 __DUMMY__ 0.21777057066954528 neg 0.14499303065647828	false	1.0
pikiert	neg 1.0		__DUMMY__ 0.45155804811836614 off 0.29145708346544835 neg 0.25698486841618545	false	0.5
wrack	neg 1.0		__DUMMY__ 0.4614636623893988 off 0.2853016343616513 neg 0.25323470324895	false	0.5
gangster	neg 1.0		__DUMMY__ 0.4533107012792062 off 0.2897453700256381 neg 0.25694392869515564	false	0.5
krank	neg 1.0		__DUMMY__ 0.4523336555720038 off 0.293054361993461 neg 0.2546119824345352	false	0.5
reich	neg 1.0		__DUMMY__ 0.45000458232909146 off 0.2890169282840726 neg 0.2609784893868358	false	0.5
gnadenlos	neg 1.0		__DUMMY__ 0.45588514592730595 off 0.28696118846086127 neg 0.2571536656118328	false	0.5
niedergeschlagen	neg 1.0		__DUMMY__ 0.4592552733385454 off 0.28357540315464574 neg 0.25716932350680877	false	0.5
terrorisieren	off 1.0	off 1.0	off 0.6300696989985322 __DUMMY__ 0.22279394530135904 neg 0.14713635570010877	false	1.0
sinnlosigkeit	neg 1.0		__DUMMY__ 0.45707338896387445 off 0.2835079094994732 neg 0.25941870153665236	false	0.5
behindern	neg 1.0		__DUMMY__ 0.45532373014031996 off 0.28501788091818414 neg 0.2596583889414959	false	0.5
undemokratisch	neg 1.0		__DUMMY__ 0.4533579344725198 off 0.2878698673308493 neg 0.25877219819663083	false	0.5
wirtschaftskrise	neg 1.0		__DUMMY__ 0.45419762726031226 off 0.28171589088904897 neg 0.26408648185063854	false	0.5
neid	neg 1.0		__DUMMY__ 0.45368732351615365 off 0.2893921577556402 neg 0.2569205187282061	false	0.5
rutschen	neg 1.0		__DUMMY__ 0.46306118007779223 off 0.27589039226277334 neg 0.2610484276594343	false	0.5
rezession	neg 1.0		__DUMMY__ 0.44536520126252727 off 0.2934473401422157 neg 0.26118745859525705	false	0.5
fehlgeburt	neg 1.0		__DUMMY__ 0.4570637744154775 off 0.28662126590224585 neg 0.25631495968227663	false	0.5
charakterschwach	off 1.0		__DUMMY__ 0.4509615853328431 off 0.2920314986502219 neg 0.2570069160169349	false	1.0
isolation	neg 1.0		__DUMMY__ 0.45435462268161997 off 0.29058672322986717 neg 0.2550586540885128	false	0.5
ablenkung	neg 1.0		__DUMMY__ 0.45686005439307176 off 0.28552667424528533 neg 0.25761327136164297	false	0.5
pech	neg 1.0		__DUMMY__ 0.4525902504923518 off 0.2901364576898858 neg 0.2572732918177625	false	0.5
vermeidung	neg 1.0		__DUMMY__ 0.45049222367514735 off 0.29216991225922073 neg 0.2573378640656319	false	0.5
dominieren	neg 1.0		__DUMMY__ 0.4571234262939939 off 0.28401439521175775 neg 0.2588621784942484	false	0.5
schwindlig	neg 1.0		__DUMMY__ 0.45392491110763655 off 0.28743942677016626 neg 0.2586356621221973	false	0.5
lutscher	neg 1.0	neg 1.0	neg 0.6148218521001447 __DUMMY__ 0.2131165345809714 off 0.17206161331888392	false	1.0
pflicht	neg 1.0		__DUMMY__ 0.4604679639438367 off 0.2797587438524579 neg 0.2597732922037053	false	0.5
faschist	off 1.0		__DUMMY__ 0.4541407369321366 off 0.290425840456814 neg 0.25543342261104945	false	1.0
verschleudern	neg 1.0		__DUMMY__ 0.4548698661581702 off 0.28018265818818333 neg 0.26494747565364646	false	0.5
wenn			__DUMMY__ 0.45267231798932983 off 0.29095015986863404 neg 0.2563775221420361	false	0.0
ehebruch	neg 1.0		__DUMMY__ 0.45800966806941257 off 0.28273472094276614 neg 0.25925561098782124	false	0.5
spott	off 1.0		__DUMMY__ 0.4588794788628009 off 0.28292056875665667 neg 0.25819995238054244	false	1.0
trostlosigkeit	neg 1.0		__DUMMY__ 0.457645612445011 off 0.27830113830143893 neg 0.2640532492535501	false	0.5
lutschen	neg 1.0		__DUMMY__ 0.4523467635259516 off 0.29005452755752076 neg 0.25759870891652764	false	0.5
undiszipliniert	neg 1.0		__DUMMY__ 0.4504142305219881 off 0.29430952880249206 neg 0.2552762406755197	false	0.5
kopfschmerz	neg 1.0		__DUMMY__ 0.4553732854722166 off 0.28069481523953965 neg 0.2639318992882437	false	0.5
unvorhergesehen	neg 1.0		__DUMMY__ 0.4609814321006272 off 0.2802092791393577 neg 0.2588092887600151	false	0.5
desinteressiert	neg 1.0		__DUMMY__ 0.4506370585758582 off 0.2935506562859273 neg 0.25581228513821463	false	0.5
armselig	off 1.0		__DUMMY__ 0.4498869031218569 off 0.2963777068571824 neg 0.2537353900209607	false	1.0
desaster	neg 1.0		__DUMMY__ 0.45937376046050027 off 0.2784548696249962 neg 0.26217136991450357	false	0.5
tod	neg 1.0		__DUMMY__ 0.45892817432973043 off 0.2818266736628197 neg 0.25924515200744985	false	0.5
herzlos	neg 1.0		__DUMMY__ 0.4499766820999466 off 0.2956549040147715 neg 0.254368413885282	false	0.5
unwissenheit	neg 1.0		__DUMMY__ 0.4571169874639715 off 0.2830915802520954 neg 0.259791432283933	false	0.5
widersinnig	neg 1.0		__DUMMY__ 0.45422250759456984 off 0.28374274664964083 neg 0.26203474575578933	false	0.5
bedenklich	neg 1.0		__DUMMY__ 0.4569833304280999 off 0.28181197956397386 neg 0.2612046900079264	false	0.5
beanstanden	neg 1.0		__DUMMY__ 0.4607306464905953 off 0.28079835895153643 neg 0.2584709945578682	false	0.5
panisch	neg 1.0		__DUMMY__ 0.455747227445227 off 0.2881102599578747 neg 0.2561425125968983	false	0.5
debil	off 1.0		__DUMMY__ 0.46318967131985034 off 0.27310746870318 neg 0.26370285997696963	false	1.0
abstrich	neg 1.0		__DUMMY__ 0.45602337257464043 off 0.28349236281361884 neg 0.26048426461174073	false	0.5
primitiv	neg 1.0		__DUMMY__ 0.45099132280965465 off 0.29393116112126516 neg 0.25507751606908025	false	0.5
abschaum	off 1.0	off 1.0	off 0.6362075042294093 __DUMMY__ 0.21933532556512791 neg 0.14445717020546278	false	1.0
provozieren	neg 1.0		__DUMMY__ 0.4552521984282008 off 0.28672769352280786 neg 0.2580201080489915	false	0.5
tot	neg 1.0		__DUMMY__ 0.4557319680107797 off 0.28248074767430664 neg 0.2617872843149136	false	0.5
instabil	neg 1.0		__DUMMY__ 0.4476656659084386 off 0.295676095192509 neg 0.2566582388990523	false	0.5
schwuchtel	off 1.0	off 1.0	off 0.6448684701233175 __DUMMY__ 0.21183085252279896 neg 0.14330067735388358	false	1.0
zerren	neg 1.0		__DUMMY__ 0.4585617137523479 off 0.28314062789242816 neg 0.25829765835522395	false	0.5
kinderficker	off 1.0		__DUMMY__ 0.4482071670141037 off 0.29893371227694393 neg 0.2528591207089523	false	1.0
gefahr	neg 1.0		__DUMMY__ 0.46062428846341114 off 0.28051052092740175 neg 0.25886519060918706	false	0.5
rabiat	neg 1.0		__DUMMY__ 0.4562180812373488 off 0.28466410512080426 neg 0.25911781364184705	false	0.5
verlangsamung	neg 1.0		__DUMMY__ 0.4454388942900846 off 0.3000379847258163 neg 0.25452312098409907	false	0.5
ausgestorben	neg 1.0		__DUMMY__ 0.457073505712925 off 0.28443175804055243 neg 0.25849473624652264	false	0.5
anklagen	neg 1.0		__DUMMY__ 0.4575216235172687 off 0.2843339016847455 neg 0.25814447479798563	false	0.5
trott	neg 1.0		__DUMMY__ 0.45593546292689313 off 0.285591277818035 neg 0.25847325925507203	false	0.5
verminderung	neg 1.0		__DUMMY__ 0.45080216040803545 off 0.2924174368754104 neg 0.25678040271655406	false	0.5
nach			__DUMMY__ 0.46489385439601105 off 0.27503311225975197 neg 0.2600730333442369	false	0.0
rost	neg 1.0		__DUMMY__ 0.4479065158601043 off 0.30301214582798175 neg 0.2490813383119138	false	0.5
destruktiv	neg 1.0		__DUMMY__ 0.4554083520588256 off 0.2852743965635605 neg 0.2593172513776138	false	0.5
unzumutbarkeit	neg 1.0		__DUMMY__ 0.45094373608086585 off 0.2922965191318399 neg 0.2567597447872942	false	0.5
labil	off 1.0	off 1.0	off 0.6352818588734873 __DUMMY__ 0.218639998253763 neg 0.14607814287274976	false	1.0
ziemlich	neg 1.0		__DUMMY__ 0.4526683548478197 off 0.29223646567151135 neg 0.25509517948066884	false	0.5
lachnummer	off 1.0		__DUMMY__ 0.4565662270154116 off 0.2866898767613307 neg 0.25674389622325766	false	1.0
oder			__DUMMY__ 0.4564791426097117 off 0.2864582180334682 neg 0.2570626393568202	false	0.0
verfall	neg 1.0		__DUMMY__ 0.4595189416653321 off 0.27564541239448226 neg 0.2648356459401856	false	0.5
ausgrenzung	neg 1.0		__DUMMY__ 0.45307172191877726 off 0.2876162501584028 neg 0.2593120279228199	false	0.5
unordnung	neg 1.0		__DUMMY__ 0.4483074500096612 off 0.29660080397996036 neg 0.2550917460103783	false	0.5
fehlverhalten	neg 1.0		__DUMMY__ 0.45864986926674217 off 0.28136455504207997 neg 0.25998557569117775	false	0.5
eine			__DUMMY__ 0.4596777210095187 off 0.27884452985799346 neg 0.26147774913248784	false	0.0
nille	neg 1.0		__DUMMY__ 0.45585724910466346 off 0.2860418297596164 neg 0.2581009211357201	false	0.5
qual	neg 1.0		__DUMMY__ 0.455853806454413 off 0.2850890461641398 neg 0.2590571473814472	false	0.5
verschwenden	neg 1.0		__DUMMY__ 0.45718142595728073 off 0.28024348065858845 neg 0.26257509338413076	false	0.5
riesig	neg 1.0		__DUMMY__ 0.4589300978269524 off 0.28173470310559756 neg 0.2593351990674501	false	0.5
verurteilen	neg 1.0		__DUMMY__ 0.4574114684867525 off 0.2839061223748451 neg 0.2586824091384025	false	0.5
klischee	neg 1.0	neg 1.0	neg 0.6167550897380902 __DUMMY__ 0.21874532559031878 off 0.16449958467159095	false	1.0
diktatorisch	neg 1.0		__DUMMY__ 0.45314312849899063 off 0.2879219675386567 neg 0.2589349039623527	false	0.5
vorhersehbar	neg 1.0		__DUMMY__ 0.4526755443416315 off 0.2886296984396246 neg 0.2586947572187439	false	0.5
sowie			__DUMMY__ 0.4466958922935767 off 0.29729345751984154 neg 0.25601065018658176	false	0.0
stornieren	neg 1.0		__DUMMY__ 0.45783381027205683 off 0.29053642225950793 neg 0.25162976746843524	false	0.5
besteuerung	neg 1.0	neg 1.0	neg 0.620207678129707 __DUMMY__ 0.21804266917813775 off 0.1617496526921553	false	1.0
ungeschminkt	neg 1.0		__DUMMY__ 0.4501362264830374 off 0.2935396431428799 neg 0.2563241303740828	false	0.5
kritisch	neg 1.0		__DUMMY__ 0.45739511340895556 off 0.2831786152866462 neg 0.2594262713043984	false	0.5
schlamperei	off 1.0		__DUMMY__ 0.45819240008077755 off 0.2817615669746382 neg 0.2600460329445842	false	1.0
sucht	neg 1.0	neg 1.0	neg 0.6160793578225374 __DUMMY__ 0.22072910476318605 off 0.16319153741427653	false	1.0
egoistisch	off 1.0	off 1.0	off 0.6395717224428438 __DUMMY__ 0.21673019040596625 neg 0.14369808715118995	false	1.0
ausbeuter	off 1.0		__DUMMY__ 0.4570619818478601 off 0.2803241197245844 neg 0.2626138984275555	false	1.0
arschgeburt	off 1.0		__DUMMY__ 0.43970114700901225 off 0.3075607703094531 neg 0.25273808268153447	false	1.0
schubs	neg 1.0		__DUMMY__ 0.4559878629146278 off 0.2813660081710225 neg 0.26264612891434985	false	0.5
unsolide	neg 1.0		__DUMMY__ 0.4541946358836523 off 0.28908478067585236 neg 0.25672058344049536	false	0.5
beschwerde	neg 1.0		__DUMMY__ 0.4577879442048898 off 0.2838284560169014 neg 0.25838359977820885	false	0.5
stocken	neg 1.0		__DUMMY__ 0.4575546742566013 off 0.2821411448486721 neg 0.2603041808947267	false	0.5
isolieren	neg 1.0		__DUMMY__ 0.4558452732129436 off 0.28281650117078494 neg 0.2613382256162714	false	0.5
unheilbar	neg 1.0		__DUMMY__ 0.4562668561772328 off 0.2860181296477607 neg 0.25771501417500664	false	0.5
pisser	off 1.0	off 1.0	off 0.6377068803660446 __DUMMY__ 0.21726111825121674 neg 0.1450320013827387	false	1.0
löschen	neg 1.0		__DUMMY__ 0.4551234704788099 off 0.2861130035851498 neg 0.25876352593604035	false	0.5
durchfallen	neg 1.0		__DUMMY__ 0.45785441588676856 off 0.2831066050768546 neg 0.2590389790363768	false	0.5
wichser	off 1.0	off 1.0	off 0.6424792552652551 __DUMMY__ 0.21392722172100578 neg 0.1435935230137392	false	1.0
terror	neg 1.0		__DUMMY__ 0.45363276738538894 off 0.28926706810702446 neg 0.2571001645075866	false	0.5
krass	neg 1.0		__DUMMY__ 0.44826177302686393 off 0.2972196754192939 neg 0.2545185515538422	false	0.5
revolte	neg 1.0		__DUMMY__ 0.45126353409396963 off 0.2890833369964092 neg 0.2596531289096211	false	0.5
besorgt	neg 1.0		__DUMMY__ 0.4590799134405601 off 0.28415142900848717 neg 0.2567686575509527	false	0.5
nachlassen	neg 1.0		__DUMMY__ 0.45858174674724345 off 0.28250887805558633 neg 0.2589093751971701	false	0.5
alt	neg 1.0		__DUMMY__ 0.4543720999948917 off 0.28019074496843754 neg 0.2654371550366706	false	0.5
hundesohn	off 1.0	off 1.0	off 0.6415820996935466 __DUMMY__ 0.2137888803170067 neg 0.14462901998944677	false	1.0
als			__DUMMY__ 0.45678405301688196 off 0.2831649489934732 neg 0.2600509979896447	false	0.0
abschreckung	neg 1.0		__DUMMY__ 0.45889526476606074 off 0.2803532611263045 neg 0.26075147410763466	false	0.5
unqualifiziert	neg 1.0		__DUMMY__ 0.45333580601128076 off 0.29091163424568006 neg 0.25575255974303923	false	0.5
abgewichst	off 1.0		__DUMMY__ 0.4565194004930529 off 0.28541074734862315 neg 0.25806985215832395	false	1.0
schwer	neg 1.0		__DUMMY__ 0.45651129969891924 off 0.28506503277829753 neg 0.25842366752278323	false	0.5
bedeutungslosigkeit	neg 1.0		__DUMMY__ 0.45850016130494375 off 0.28086451774110444 neg 0.2606353209539517	false	0.5
kapitulation	neg 1.0		__DUMMY__ 0.45597611361330986 off 0.2821623241877633 neg 0.26186156219892676	false	0.5
unscharf	neg 1.0		__DUMMY__ 0.4507536134728933 off 0.28637764865760534 neg 0.2628687378695013	false	0.5
schwinden	neg 1.0		__DUMMY__ 0.4564920723987554 off 0.2799624122512013 neg 0.2635455153500434	false	0.5
versklavung	neg 1.0	neg 1.0	neg 0.6180056293525876 __DUMMY__ 0.21911479863648406 off 0.16287957201092834	false	1.0
schlecht	neg 1.0		__DUMMY__ 0.45314052924769516 off 0.2926569066793888 neg 0.25420256407291597	false	0.5
verhasst	neg 1.0		__DUMMY__ 0.4547141987451552 off 0.28747467921339187 neg 0.2578111220414531	false	0.5
beschweren	neg 1.0		__DUMMY__ 0.4557633433764188 off 0.2882861240149992 neg 0.25595053260858197	false	0.5
scheiden	neg 1.0		__DUMMY__ 0.45569425674087005 off 0.2855464120952276 neg 0.25875933116390254	false	0.5
frustriert	neg 1.0		__DUMMY__ 0.4572101547085586 off 0.2842520752488979 neg 0.2585377700425435	false	0.5
schimmelig	neg 1.0		__DUMMY__ 0.45504209043191485 off 0.2811032595699909 neg 0.26385464999809427	false	0.5
fisch	neg 1.0		__DUMMY__ 0.4560805883642323 off 0.27710032337093343 neg 0.26681908826483414	false	0.5
schmuggel	neg 1.0		__DUMMY__ 0.4616331198851636 off 0.28000735146207734 neg 0.2583595286527591	false	0.5
auffallen	neg 1.0		__DUMMY__ 0.45470504242697163 off 0.28844886459835584 neg 0.25684609297467254	false	0.5
konkurrenz	neg 1.0		__DUMMY__ 0.46021022714759385 off 0.28095536065388144 neg 0.2588344121985247	false	0.5
teufelskreis	neg 1.0	neg 1.0	neg 0.618849019097398 __DUMMY__ 0.21995215432558735 off 0.16119882657701473	false	1.0
aufschreien	neg 1.0		__DUMMY__ 0.4533010369805264 off 0.2887277231056805 neg 0.2579712399137932	false	0.5
schuldner	neg 1.0		__DUMMY__ 0.4555738599235765 off 0.27931103872149865 neg 0.26511510135492483	false	0.5
missgeburt	off 1.0	off 1.0	off 0.6410086489886089 __DUMMY__ 0.21547164239011185 neg 0.14351970862127938	false	1.0
arbeitslos	neg 1.0		__DUMMY__ 0.45751737926880914 off 0.282807271509528 neg 0.25967534922166274	false	0.5
befallen	neg 1.0		__DUMMY__ 0.4535303313460596 off 0.2832060162288819 neg 0.2632636524250586	false	0.5
miesepetrig	off 1.0	off 1.0	off 0.6353388018817905 __DUMMY__ 0.21880926964017186 neg 0.1458519284780377	false	1.0
alarmieren	neg 1.0		__DUMMY__ 0.45343182906918206 off 0.29154419788969543 neg 0.2550239730411226	false	0.5
ungeduscht	off 1.0		__DUMMY__ 0.4517182420554928 off 0.290060193277029 neg 0.25822156466747825	false	1.0
knappheit	neg 1.0		__DUMMY__ 0.45440805774958515 off 0.28191440431797965 neg 0.2636775379324352	false	0.5
schlange	neg 1.0		__DUMMY__ 0.4564013675538733 off 0.2862861939747795 neg 0.2573124384713471	false	0.5
harsch	neg 1.0		__DUMMY__ 0.45031344729216694 off 0.2972423679788398 neg 0.2524441847289931	false	0.5
lang	neg 1.0		__DUMMY__ 0.4549261369453186 off 0.28710407393014786 neg 0.2579697891245337	false	0.5
ziellos	neg 1.0		__DUMMY__ 0.4591942743313483 off 0.28129331920691253 neg 0.25951240646173923	false	0.5
selbstverliebt	neg 1.0		__DUMMY__ 0.4437770356627493 off 0.30532815342431596 neg 0.25089481091293464	false	0.5
beseitigen	neg 1.0		__DUMMY__ 0.45741028689015256 off 0.2861323610853605 neg 0.25645735202448705	false	0.5
dumm	off 1.0		__DUMMY__ 0.4469497106463534 off 0.29956691781488437 neg 0.2534833715387623	false	1.0
arbeitsloser	neg 1.0		__DUMMY__ 0.4614039310683293 off 0.28481967103795724 neg 0.25377639789371353	false	0.5
blitzen	neg 1.0		__DUMMY__ 0.45255016116517605 off 0.289893846090349 neg 0.25755599274447505	false	0.5
hilflos	neg 1.0		__DUMMY__ 0.4573307585656164 off 0.28286214107696167 neg 0.2598071003574219	false	0.5
eklig	off 1.0		__DUMMY__ 0.4452322889323892 off 0.29942285054526585 neg 0.255344860522345	false	1.0
begriff			__DUMMY__ 0.45641140183451856 off 0.28532750495497505 neg 0.25826109321050644	false	0.0
hungersnot	neg 1.0		__DUMMY__ 0.45562737123148267 off 0.28259804326965166 neg 0.2617745854988657	false	0.5
ungesetzlich	neg 1.0		__DUMMY__ 0.45354243157714763 off 0.2881277769780381 neg 0.2583297914448144	false	0.5
verschwendung	neg 1.0		__DUMMY__ 0.4581263496301786 off 0.28061576518255354 neg 0.2612578851872679	false	0.5
schmerzvoll	neg 1.0		__DUMMY__ 0.4540719688771153 off 0.28691828646702 neg 0.2590097446558647	false	0.5
vorzeitig	neg 1.0		__DUMMY__ 0.4534324138545769 off 0.29195082391023697 neg 0.2546167622351862	false	0.5
unvollkommenheit	neg 1.0		__DUMMY__ 0.4563252257378392 off 0.2836406106077429 neg 0.26003416365441784	false	0.5
intervenieren	neg 1.0		__DUMMY__ 0.4560272195432817 off 0.2806716706512694 neg 0.26330110980544896	false	0.5
banause	off 1.0		__DUMMY__ 0.44226619411400847 off 0.3002601957799375 neg 0.2574736101060541	false	1.0
rebell	neg 1.0		__DUMMY__ 0.457629126168581 off 0.2752306548792719 neg 0.26714021895214707	false	0.5
unlogisch	neg 1.0		__DUMMY__ 0.44960069110925044 off 0.29468526365415726 neg 0.2557140452365923	false	0.5
leiden	neg 1.0		__DUMMY__ 0.46184629797324744 off 0.28062789905221985 neg 0.2575258029745327	false	0.5
abschaffung	neg 1.0		__DUMMY__ 0.4531014756977558 off 0.2860883375614512 neg 0.260810186740793	false	0.5
sturz	neg 1.0		__DUMMY__ 0.45728583384713745 off 0.2892759808778566 neg 0.25343818527500594	false	0.5
verkleinerung	neg 1.0		__DUMMY__ 0.44956478710598385 off 0.2889212447865323 neg 0.2615139681074838	false	0.5
schmarotzer	off 1.0		__DUMMY__ 0.45698365948362024 off 0.283922466670773 neg 0.25909387384560695	false	1.0
bestrafung	neg 1.0	neg 1.0	neg 0.6164073772976161 __DUMMY__ 0.22089624314680134 off 0.1626963795555826	false	1.0
achtlos	neg 1.0		__DUMMY__ 0.4577788347295772 off 0.28452952939694637 neg 0.25769163587347654	false	0.5
ungeheuer	neg 1.0		__DUMMY__ 0.45374662869865207 off 0.2852348553984304 neg 0.26101851590291747	false	0.5
unaufrichtig	neg 1.0		__DUMMY__ 0.45336957491456426 off 0.290833478970436 neg 0.2557969461149998	false	0.5
groggy	neg 1.0		__DUMMY__ 0.4543931005945993 off 0.28973267941427266 neg 0.2558742199911281	false	0.5
verletzlich	neg 1.0		__DUMMY__ 0.4494176081885942 off 0.29036591160755437 neg 0.2602164802038514	false	0.5
