unsolidarisch	neg 1.0		off 0.357181363494048 neg 0.3252759900473288 __DUMMY__ 0.3175426464586233	false	0.5
nachteilig	neg 1.0		off 0.35383914874107414 neg 0.3249124173574205 __DUMMY__ 0.3212484339015054	false	0.5
skeptisch	neg 1.0		off 0.3522243634796445 neg 0.32643995960709526 __DUMMY__ 0.32133567691326026	false	0.5
schrecklich	neg 1.0		off 0.36658248511219654 neg 0.3186175166489135 __DUMMY__ 0.3147999982388898	false	0.5
schlapp	neg 1.0	neg 1.0	neg 0.6474928873723996 off 0.20044588919925915 __DUMMY__ 0.15206122342834125	false	1.0
abfall	neg 1.0		off 0.34985950489716017 neg 0.32638806598033593 __DUMMY__ 0.32375242912250385	false	0.5
widerspenstig	neg 1.0		off 0.35579833183345605 neg 0.32563574084346203 __DUMMY__ 0.3185659273230819	false	0.5
abrupt	neg 1.0		off 0.3507206586288509 neg 0.3289070989019316 __DUMMY__ 0.3203722424692176	false	0.5
unwirksam	neg 1.0		off 0.3548065674390437 neg 0.32973021302441385 __DUMMY__ 0.3154632195365425	false	0.5
angreifen	neg 1.0		off 0.35187879784021925 neg 0.32624232408815307 __DUMMY__ 0.32187887807162774	false	0.5
inkonsistent	neg 1.0		off 0.3587520564465921 neg 0.3247582650663131 __DUMMY__ 0.31648967848709486	false	0.5
abrutschen	neg 1.0		off 0.349113039008461 neg 0.3274773932620576 __DUMMY__ 0.32340956772948154	false	0.5
unsicher	neg 1.0		off 0.35740746391272366 neg 0.3227986566153226 __DUMMY__ 0.31979387947195365	false	0.5
bauernkind	off 1.0	off 1.0	off 0.6722368427806354 neg 0.1789883461286016 __DUMMY__ 0.14877481109076296	false	1.0
angreifer	neg 1.0		off 0.36290414676263755 __DUMMY__ 0.31951232053860956 neg 0.3175835326987529	false	0.5
trennen	neg 1.0		off 0.3519218487031274 neg 0.32570729439480867 __DUMMY__ 0.32237085690206396	false	0.5
schmutz	neg 1.0		off 0.36261652931778166 __DUMMY__ 0.320552285619545 neg 0.3168311850626732	false	0.5
inkonsistenz	neg 1.0		off 0.3623637464796063 neg 0.3207732682399304 __DUMMY__ 0.31686298528046325	false	0.5
erschreckend	neg 1.0		off 0.3563143066709157 neg 0.3241808845931854 __DUMMY__ 0.319504808735899	false	0.5
ertrinken	neg 1.0		off 0.35053444767634523 neg 0.3283364842939309 __DUMMY__ 0.32112906802972385	false	0.5
pickelface	off 1.0		off 0.3574376834164111 neg 0.32391907003450937 __DUMMY__ 0.31864324654907966	false	1.0
seiner			off 0.3526618808394401 neg 0.3251605384216088 __DUMMY__ 0.32217758073895114	false	0.0
lauch	neg 1.0	neg 1.0	neg 0.6518481231096057 off 0.19291118289349513 __DUMMY__ 0.15524069399689916	false	1.0
unwichtig	neg 1.0		off 0.36228600801807215 neg 0.3208605596500318 __DUMMY__ 0.3168534323318961	false	0.5
steuerhinterziehung	neg 1.0		off 0.3559302705273633 neg 0.325280070771731 __DUMMY__ 0.3187896587009058	false	0.5
schock	neg 1.0		off 0.35548427186377607 neg 0.3243759332752207 __DUMMY__ 0.32013979486100314	false	0.5
beule	neg 1.0		off 0.3639246617045926 neg 0.3212135240283142 __DUMMY__ 0.31486181426709314	false	0.5
vergelten	neg 1.0		off 0.3678255756084322 neg 0.3175127567462754 __DUMMY__ 0.31466166764529235	false	0.5
verdorbenheit	neg 1.0		off 0.3583394957951891 neg 0.32302517480569404 __DUMMY__ 0.3186353293991168	false	0.5
trauma	neg 1.0		off 0.3581778988365344 neg 0.32383397788360324 __DUMMY__ 0.3179881232798622	false	0.5
sinnlos	neg 1.0		off 0.35922034171259853 neg 0.3224939259609756 __DUMMY__ 0.3182857323264259	false	0.5
fettsack	off 1.0	off 1.0	off 0.6734375647780494 neg 0.17759702157289872 __DUMMY__ 0.14896541364905194	false	1.0
feige	off 1.0	off 1.0	off 0.6707751586046552 neg 0.17750978719438404 __DUMMY__ 0.15171505420096076	false	1.0
abdanken	neg 1.0		off 0.35769067813451055 neg 0.32199110975241046 __DUMMY__ 0.32031821211307904	false	0.5
wichtigtuer	off 1.0	off 1.0	off 0.6693556901790259 neg 0.17754119860897555 __DUMMY__ 0.1531031112119985	false	1.0
misslingen	neg 1.0		off 0.3598504358067076 neg 0.32021735076712526 __DUMMY__ 0.3199322134261672	false	0.5
untreu	off 1.0		off 0.36348233851225614 neg 0.3203334012068881 __DUMMY__ 0.31618426028085567	false	1.0
missmutig	neg 1.0		off 0.36066888065793445 neg 0.32221720145565164 __DUMMY__ 0.31711391788641397	false	0.5
hurenbock	off 1.0		off 0.35458438771783984 neg 0.32970264768133173 __DUMMY__ 0.3157129646008284	false	1.0
betrunken	neg 1.0		off 0.36528003450911345 neg 0.3196197546795323 __DUMMY__ 0.31510021081135414	false	0.5
korrupt	off 1.0		off 0.35511102930705535 neg 0.32627222406371753 __DUMMY__ 0.318616746629227	false	1.0
unmut	neg 1.0		off 0.3505504731724687 neg 0.32709363031587896 __DUMMY__ 0.3223558965116524	false	0.5
hackfresse	off 1.0		off 0.37110250602197375 neg 0.3165114253903438 __DUMMY__ 0.3123860685876825	false	1.0
aufblasen	neg 1.0		off 0.35737524425738687 neg 0.32371887612217154 __DUMMY__ 0.3189058796204416	false	0.5
gewaltsam	neg 1.0		off 0.3577992007561553 neg 0.3217906191384235 __DUMMY__ 0.32041018010542127	false	0.5
unbeliebtheit	neg 1.0		off 0.36368686603237965 neg 0.3200482816514366 __DUMMY__ 0.3162648523161836	false	0.5
sturheit	neg 1.0		off 0.3571290965597417 neg 0.3223470116811249 __DUMMY__ 0.3205238917591336	false	0.5
kuh	neg 1.0		off 0.3557028468493899 neg 0.3319834874913564 __DUMMY__ 0.3123136656592537	false	0.5
erschrecken	neg 1.0		off 0.3613270726600595 neg 0.32137297705988993 __DUMMY__ 0.31729995028005054	false	0.5
opfer	neg 1.0		off 0.3553543770707393 __DUMMY__ 0.32259529740823506 neg 0.3220503255210258	false	0.5
sinken	neg 1.0		off 0.3499261469830924 neg 0.32924879431284276 __DUMMY__ 0.3208250587040648	false	0.5
stinktier	neg 1.0		off 0.3659008178565027 neg 0.32387891894936777 __DUMMY__ 0.31022026319412976	false	0.5
tucke	off 1.0		off 0.3708520468335423 neg 0.3204904748081531 __DUMMY__ 0.30865747835830476	false	1.0
ein			off 0.35483611975951457 neg 0.32712865956748877 __DUMMY__ 0.3180352206729967	false	0.0
abstieg	neg 1.0		off 0.35692645027060244 __DUMMY__ 0.32241847585389466 neg 0.32065507387550296	false	0.5
missverstehen	neg 1.0		off 0.360262648662016 neg 0.3218021629290567 __DUMMY__ 0.31793518840892737	false	0.5
ergebnislos	neg 1.0		off 0.35458277641492164 neg 0.32317875692725184 __DUMMY__ 0.3222384666578265	false	0.5
unter			off 0.34591504495652614 neg 0.3279474802746775 __DUMMY__ 0.3261374747687964	false	0.0
manipulieren	neg 1.0		off 0.35311704363124885 neg 0.3251492160706639 __DUMMY__ 0.3217337402980872	false	0.5
unbewiesen	neg 1.0	neg 1.0	neg 0.6485721716962518 off 0.19813717177137308 __DUMMY__ 0.15329065653237509	false	1.0
verschleppen	neg 1.0		off 0.3544228144783597 neg 0.32520828974657184 __DUMMY__ 0.3203688957750685	false	0.5
weib	off 1.0		off 0.3720682857365531 neg 0.31796918141106645 __DUMMY__ 0.3099625328523804	false	1.0
opposition	neg 1.0		off 0.35812416711808037 neg 0.32447373738194984 __DUMMY__ 0.31740209549996967	false	0.5
verkehrswidrig	neg 1.0		off 0.3692116567971671 neg 0.315497046483424 __DUMMY__ 0.3152912967194089	false	0.5
inkorrekt	neg 1.0		off 0.3662044127648207 neg 0.3191933593544511 __DUMMY__ 0.3146022278807281	false	0.5
vermeiden	neg 1.0		off 0.3486127381821928 neg 0.3277078960139527 __DUMMY__ 0.32367936580385437	false	0.5
abweichung	neg 1.0	neg 1.0	neg 0.6485701702973692 off 0.19663613112251352 __DUMMY__ 0.1547936985801172	false	1.0
alkoholisiert	neg 1.0		off 0.3543755991783886 __DUMMY__ 0.3240241428855659 neg 0.32160025793604535	false	0.5
scheiss	off 1.0	off 1.0	off 0.671239358988958 neg 0.177839495327889 __DUMMY__ 0.150921145683153	false	1.0
herausforderung	neg 1.0		off 0.3545735506590112 neg 0.3250039966770771 __DUMMY__ 0.3204224526639118	false	0.5
pervers	off 1.0		off 0.37510078236490024 neg 0.31536564406711154 __DUMMY__ 0.3095335735679883	false	1.0
wackelig	neg 1.0		off 0.3548791279599627 neg 0.3241800640839351 __DUMMY__ 0.32094080795610225	false	0.5
verwickeln	neg 1.0		off 0.35947730455047033 neg 0.3220186542364496 __DUMMY__ 0.31850404121308	false	0.5
vorwand	neg 1.0		off 0.35133270977166736 neg 0.3267654300695737 __DUMMY__ 0.3219018601587589	false	0.5
muschi	off 1.0		off 0.35692225334383465 neg 0.3232914614856638 __DUMMY__ 0.31978628517050145	false	1.0
entmutigung	neg 1.0		off 0.35818960031885316 neg 0.3257423000518539 __DUMMY__ 0.316068099629293	false	0.5
unangemessen	neg 1.0		off 0.35637581501532467 neg 0.32345278708728126 __DUMMY__ 0.320171397897394	false	0.5
unstetig	neg 1.0		off 0.3608815137880283 neg 0.3224307905910301 __DUMMY__ 0.31668769562094157	false	0.5
entmutigen	neg 1.0		off 0.3581780535840933 neg 0.3230529598685418 __DUMMY__ 0.31876898654736485	false	0.5
schwanz	neg 1.0		off 0.3541030283005547 neg 0.3259093879420461 __DUMMY__ 0.3199875837573993	false	0.5
verbot	neg 1.0		off 0.35505162145724223 neg 0.32580727531052184 __DUMMY__ 0.3191411032322359	false	0.5
leid	neg 1.0		off 0.3680571951579578 neg 0.3182186615083051 __DUMMY__ 0.3137241433337372	false	0.5
archaisch	neg 1.0		off 0.35504066242167204 neg 0.3257485371644757 __DUMMY__ 0.31921080041385225	false	0.5
gegen			off 0.35212428271145085 neg 0.3245137709113342 __DUMMY__ 0.323361946377215	false	0.0
scheidung	neg 1.0		off 0.3808706335214795 __DUMMY__ 0.31069860226095086 neg 0.30843076421756965	false	0.5
einschlag	neg 1.0		off 0.3685773973757102 __DUMMY__ 0.3164964707662533 neg 0.31492613185803653	false	0.5
m			off 0.3550862236988466 neg 0.32456149932744655 __DUMMY__ 0.3203522769737069	false	0.0
abgestanden	neg 1.0		off 0.35354112198569604 neg 0.33153853037182945 __DUMMY__ 0.31492034764247445	false	0.5
schmierig	off 1.0		off 0.36747481555954575 neg 0.31888995099889117 __DUMMY__ 0.3136352334415631	false	1.0
unpraktisch	neg 1.0		off 0.35887970671962577 neg 0.32227903811951775 __DUMMY__ 0.3188412551608565	false	0.5
wixxer	off 1.0		off 0.3745020094231507 neg 0.31720588620859713 __DUMMY__ 0.30829210436825216	false	1.0
bezeichnet			off 0.35807071041040056 neg 0.32225306102382034 __DUMMY__ 0.3196762285657791	false	0.0
jammerlappen	off 1.0		off 0.3625709190355715 neg 0.32067894548796766 __DUMMY__ 0.3167501354764609	false	1.0
farce	neg 1.0		off 0.3563052657322638 neg 0.3257584871616522 __DUMMY__ 0.31793624710608404	false	0.5
zwecklos	neg 1.0		off 0.35477910307406557 neg 0.32523362226472824 __DUMMY__ 0.31998727466120613	false	0.5
turbulent	neg 1.0		off 0.3639717072917923 neg 0.3213078792874639 __DUMMY__ 0.31472041342074386	false	0.5
invasion	neg 1.0		off 0.35973106280219375 neg 0.32259272897046937 __DUMMY__ 0.3176762082273367	false	0.5
schuld	neg 1.0		off 0.3586771549659599 neg 0.322509742404307 __DUMMY__ 0.318813102629733	false	0.5
risiko	neg 1.0		off 0.3577155014785005 neg 0.32598399190491517 __DUMMY__ 0.31630050661658443	false	0.5
finster	neg 1.0		off 0.35532254289335446 neg 0.3270568015242304 __DUMMY__ 0.3176206555824152	false	0.5
geisteskrank	off 1.0		off 0.3651479860275528 neg 0.3194012029181697 __DUMMY__ 0.3154508110542774	false	1.0
zusammenbrechen	neg 1.0		off 0.35475244032667463 neg 0.32553474682596517 __DUMMY__ 0.3197128128473602	false	0.5
ausbeute	neg 1.0		off 0.35763698262123716 __DUMMY__ 0.3215214820138075 neg 0.32084153536495535	false	0.5
hinterhalt	neg 1.0		off 0.35514607350619964 neg 0.32566658988732367 __DUMMY__ 0.3191873366064766	false	0.5
kritik	neg 1.0		off 0.3560650885314214 neg 0.32582957192856665 __DUMMY__ 0.3181053395400121	false	0.5
einschrumpfen	neg 1.0		off 0.36146529803941374 neg 0.32341303152068374 __DUMMY__ 0.3151216704399025	false	0.5
riskant	neg 1.0		off 0.3520177608792453 neg 0.32720500714484635 __DUMMY__ 0.3207772319759083	false	0.5
frustrieren	neg 1.0		off 0.3528403097464091 neg 0.32695019736327696 __DUMMY__ 0.3202094928903139	false	0.5
groll	neg 1.0		off 0.3559518387209648 neg 0.3231293557251276 __DUMMY__ 0.3209188055539076	false	0.5
gibt			off 0.35467514622780644 neg 0.32498181597610737 __DUMMY__ 0.3203430377960861	false	0.0
qualvoll	neg 1.0		off 0.3593586322823476 neg 0.32250032380214855 __DUMMY__ 0.31814104391550385	false	0.5
wackeln	neg 1.0		off 0.3569414651281879 neg 0.3236908807107466 __DUMMY__ 0.3193676541610654	false	0.5
klagen	neg 1.0		off 0.35115991439907257 neg 0.32750169582468824 __DUMMY__ 0.3213383897762393	false	0.5
bankrott	neg 1.0		off 0.3623558833432703 neg 0.32022700330911535 __DUMMY__ 0.3174171133476145	false	0.5
trauern	neg 1.0		off 0.3549550180848771 __DUMMY__ 0.3238187940711937 neg 0.3212261878439291	false	0.5
ablehnung	neg 1.0		off 0.3553542804049086 neg 0.32628784679493766 __DUMMY__ 0.31835787280015376	false	0.5
stur	neg 1.0		off 0.35835095807061795 neg 0.3232149529653911 __DUMMY__ 0.3184340889639909	false	0.5
aufruhr	neg 1.0	neg 1.0	neg 0.6483365846573531 off 0.19781246718151108 __DUMMY__ 0.15385094816113581	false	1.0
melancholie	neg 1.0		off 0.3508099767003592 neg 0.32931685632174357 __DUMMY__ 0.3198731669778972	false	0.5
ist			off 0.35882753975980924 neg 0.32290411296182 __DUMMY__ 0.3182683472783707	false	0.0
torheit	neg 1.0		off 0.3584669287405677 neg 0.3231082485683665 __DUMMY__ 0.31842482269106565	false	0.5
dreckskind	off 1.0		off 0.37154877138529624 neg 0.31742737336188787 __DUMMY__ 0.31102385525281584	false	1.0
umtauschen	neg 1.0		off 0.3563270349774005 neg 0.3244027338788527 __DUMMY__ 0.3192702311437468	false	0.5
zum			off 0.35115659726224085 __DUMMY__ 0.3263285723593938 neg 0.32251483037836554	false	0.0
zersetzen	neg 1.0		off 0.3516169625988499 neg 0.32789360581023963 __DUMMY__ 0.3204894315909105	false	0.5
zur			off 0.3490218031292094 neg 0.327088667752257 __DUMMY__ 0.32388952911853364	false	0.0
frust	neg 1.0		off 0.35482393423004716 neg 0.32500290413205996 __DUMMY__ 0.32017316163789294	false	0.5
unerbittlichkeit	neg 1.0		off 0.35355895443307883 neg 0.3250907608820345 __DUMMY__ 0.32135028468488674	false	0.5
zwei			off 0.3488481472889022 neg 0.32669148126328695 __DUMMY__ 0.3244603714478109	false	0.0
unkorrekt	neg 1.0		off 0.3650446138573614 neg 0.3197506267498463 __DUMMY__ 0.31520475939279224	false	0.5
hexe	off 1.0		off 0.3601171416198985 neg 0.3253839336655672 __DUMMY__ 0.3144989247145341	false	1.0
lasch	neg 1.0		off 0.3620379371810836 neg 0.32045750050203725 __DUMMY__ 0.31750456231687907	false	0.5
rivale	neg 1.0		off 0.3665957399363297 neg 0.31865608717969457 __DUMMY__ 0.3147481728839756	false	0.5
mutlos	off 1.0	off 1.0	off 0.6658329694493169 neg 0.17998288326062598 __DUMMY__ 0.15418414729005708	false	1.0
wirr	off 1.0		off 0.36660448389155564 neg 0.31959909535035513 __DUMMY__ 0.31379642075808906	false	1.0
jahr			off 0.35501309161924716 __DUMMY__ 0.3243443909743212 neg 0.3206425174064316	false	0.0
wird			off 0.35436698324743365 neg 0.32475599066085786 __DUMMY__ 0.32087702609170854	false	0.0
strafbar	neg 1.0		off 0.3536814849797286 neg 0.3247245012528186 __DUMMY__ 0.3215940137674527	false	0.5
erosion	neg 1.0		off 0.35761849470054113 neg 0.3230713228998455 __DUMMY__ 0.3193101823996134	false	0.5
eingehen	neg 1.0		off 0.3526414417555189 neg 0.3270922107689383 __DUMMY__ 0.32026634747554267	false	0.5
faul	off 1.0		off 0.3617656652513784 neg 0.32106474693225306 __DUMMY__ 0.3171695878163686	false	1.0
provisorium	neg 1.0		off 0.3464450836484635 neg 0.32698021175575376 __DUMMY__ 0.32657470459578286	false	0.5
schmerzen	neg 1.0		off 0.3552558683920164 neg 0.32574495693166033 __DUMMY__ 0.3189991746763234	false	0.5
schrumpfen	neg 1.0		off 0.3471495191780662 neg 0.3311970620427871 __DUMMY__ 0.3216534187791466	false	0.5
geistlos	off 1.0		off 0.3594333205856251 neg 0.3240025945821003 __DUMMY__ 0.3165640848322747	false	1.0
fehlkauf	neg 1.0		off 0.35940034860415127 neg 0.3233643148716717 __DUMMY__ 0.317235336524177	false	0.5
frustrierend	neg 1.0		off 0.3608789997600844 neg 0.32215523760865494 __DUMMY__ 0.3169657626312607	false	0.5
unzufrieden	neg 1.0		off 0.3547913744322297 neg 0.324856631774114 __DUMMY__ 0.32035199379365625	false	0.5
verzweifeln	neg 1.0		off 0.35620457770796493 neg 0.32394126401271667 __DUMMY__ 0.3198541582793184	false	0.5
verzweifelt	neg 1.0		off 0.358321402124383 neg 0.32332959324180466 __DUMMY__ 0.3183490046338123	false	0.5
misstrauensantrag	neg 1.0		off 0.35902594393222387 neg 0.323273599476073 __DUMMY__ 0.31770045659170315	false	0.5
abfallen	neg 1.0		off 0.3568029478608749 neg 0.3246164566515056 __DUMMY__ 0.31858059548761963	false	0.5
fucker	off 1.0		off 0.3662824981985986 neg 0.3182670845799324 __DUMMY__ 0.315450417221469	false	1.0
ungezogen	neg 1.0		off 0.37317634408558936 neg 0.31571290834202037 __DUMMY__ 0.3111107475723904	false	0.5
irrsinnig	neg 1.0	neg 1.0	neg 0.6491609502345131 off 0.19777445840802715 __DUMMY__ 0.1530645913574598	false	1.0
unfassbar	neg 1.0		off 0.36374026406394466 neg 0.3196949444476982 __DUMMY__ 0.316564791488357	false	0.5
hart	neg 1.0		off 0.36078769808002165 neg 0.3264224193461339 __DUMMY__ 0.3127898825738443	false	0.5
widerlich	off 1.0		off 0.3639147996983371 neg 0.3203035419897904 __DUMMY__ 0.3157816583118723	false	1.0
fatal	neg 1.0	neg 1.0	neg 0.6501776393926502 off 0.19807644563001067 __DUMMY__ 0.15174591497733922	false	1.0
bruch	neg 1.0		off 0.350807236129601 neg 0.3260644149577264 __DUMMY__ 0.3231283489126726	false	0.5
aushungern	neg 1.0		off 0.35532749154923476 neg 0.3255446921650943 __DUMMY__ 0.319127816285671	false	0.5
anspannung	neg 1.0		off 0.349408188298733 neg 0.3256920483444345 __DUMMY__ 0.32489976335683246	false	0.5
von			off 0.3517318009293001 neg 0.32629589680794074 __DUMMY__ 0.3219723022627591	false	0.0
kraftlos	neg 1.0		off 0.35410543783463966 neg 0.3255069970598903 __DUMMY__ 0.32038756510547	false	0.5
vom			off 0.3478988092731444 __DUMMY__ 0.3274516078010672 neg 0.32464958292578827	false	0.0
grenzdebil	off 1.0		off 0.3633700850875408 neg 0.32103424997588287 __DUMMY__ 0.31559566493657637	false	1.0
vor			off 0.35066946643732244 neg 0.32670394521183155 __DUMMY__ 0.32262658835084596	false	0.0
unterwerfen	neg 1.0		off 0.3544056346320022 neg 0.3241955165582205 __DUMMY__ 0.32139884880977726	false	0.5
versenkung	neg 1.0		off 0.35372199685309663 neg 0.32466140152764006 __DUMMY__ 0.32161660161926325	false	0.5
entziehen	neg 1.0		off 0.35114541030186563 neg 0.3269855537539083 __DUMMY__ 0.321869035944226	false	0.5
finanzkrise	neg 1.0		off 0.3532464094631158 neg 0.3315501100304945 __DUMMY__ 0.31520348050638963	false	0.5
schimpfend	neg 1.0		off 0.35875318043742294 neg 0.3215807680784597 __DUMMY__ 0.3196660514841176	false	0.5
profan	neg 1.0		off 0.3592922389931709 neg 0.32312208563045397 __DUMMY__ 0.31758567537637505	false	0.5
korruption	neg 1.0		off 0.35414983974803743 neg 0.32710960470282846 __DUMMY__ 0.31874055554913416	false	0.5
â			off 0.35401465392632037 neg 0.32582086687678674 __DUMMY__ 0.3201644791968929	false	0.0
schmutzig	neg 1.0		off 0.3638034681577858 neg 0.3203515081983506 __DUMMY__ 0.31584502364386374	false	0.5
sexy	neg 1.0		off 0.3615036935045863 neg 0.320871911252317 __DUMMY__ 0.3176243952430967	false	0.5
abraten	neg 1.0		off 0.3593306354948668 neg 0.32224427836155717 __DUMMY__ 0.318425086143576	false	0.5
schwarz	neg 1.0		off 0.35960671591233795 neg 0.3222787138303853 __DUMMY__ 0.31811457025727674	false	0.5
fotze	off 1.0	off 1.0	off 0.6663006479174761 neg 0.17964445548965638 __DUMMY__ 0.15405489659286742	false	1.0
verwirren	neg 1.0		off 0.3600135751004434 neg 0.32200646388907606 __DUMMY__ 0.3179799610104806	false	0.5
zahnlos	off 1.0		off 0.35581827900238144 neg 0.3242569335243645 __DUMMY__ 0.3199247874732542	false	1.0
verheeren	neg 1.0		off 0.37483336364616177 neg 0.3142428069084141 __DUMMY__ 0.31092382944542407	false	0.5
hippie	neg 1.0		off 0.36084679230859795 neg 0.32173570393396367 __DUMMY__ 0.31741750375743844	false	0.5
rammen	neg 1.0		off 0.35750344815051815 neg 0.3239259940613655 __DUMMY__ 0.3185705577881164	false	0.5
unlauter	neg 1.0		off 0.35867593481942806 neg 0.32408477839927086 __DUMMY__ 0.3172392867813011	false	0.5
unheilvoll	neg 1.0		off 0.35777584566392934 neg 0.32437772666630343 __DUMMY__ 0.3178464276697672	false	0.5
niedrig	neg 1.0		off 0.3528856945605798 neg 0.3279420360216255 __DUMMY__ 0.3191722694177947	false	0.5
explosion	neg 1.0		off 0.3609159787728314 neg 0.3214328944495063 __DUMMY__ 0.3176511267776624	false	0.5
weichei	off 1.0	off 1.0	off 0.6734856700332106 neg 0.17686026575349464 __DUMMY__ 0.14965406421329475	false	1.0
minusmensch	off 1.0		off 0.37356740032834884 neg 0.31653657740219177 __DUMMY__ 0.30989602226945934	false	1.0
farblos	neg 1.0		off 0.35813714129718327 neg 0.32367582250860977 __DUMMY__ 0.3181870361942069	false	0.5
unwissend	neg 1.0	neg 1.0	neg 0.6480458690101861 off 0.20003169936231832 __DUMMY__ 0.15192243162749555	false	1.0
traurig	neg 1.0		off 0.36627179525888787 neg 0.31860674685561174 __DUMMY__ 0.3151214578855005	false	0.5
senkung	neg 1.0		off 0.35821825157909165 neg 0.32653143303980514 __DUMMY__ 0.3152503153811032	false	0.5
ungleich	neg 1.0	neg 1.0	neg 0.650338497630875 off 0.19540627999976876 __DUMMY__ 0.15425522236935627	false	1.0
heikel	neg 1.0		off 0.352756978261631 neg 0.32599159988042203 __DUMMY__ 0.321251421857947	false	0.5
drosselung	neg 1.0		off 0.3618490112277593 neg 0.3246569335330243 __DUMMY__ 0.31349405523921625	false	0.5
falsch	neg 1.0		off 0.36183710935212 neg 0.3205466520993685 __DUMMY__ 0.31761623854851145	false	0.5
unzufriedenheit	neg 1.0		off 0.35136724896367405 neg 0.32848509890860966 __DUMMY__ 0.3201476521277163	false	0.5
kurz	neg 1.0		off 0.35564838427849055 neg 0.32331221299848084 __DUMMY__ 0.32103940272302867	false	0.5
unsinnig	neg 1.0		off 0.3553628521561565 neg 0.32607346648715296 __DUMMY__ 0.31856368135669066	false	0.5
penner	off 1.0	off 1.0	off 0.6749074888122633 neg 0.175492484355331 __DUMMY__ 0.14960002683240567	false	1.0
seicht	neg 1.0		off 0.3711515143034767 neg 0.3187288109869423 __DUMMY__ 0.31011967470958096	false	0.5
dummheit	off 1.0	off 1.0	off 0.6688127077733668 neg 0.17887824285246048 __DUMMY__ 0.15230904937417264	false	1.0
unerfreulich	neg 1.0		off 0.35213682490506193 neg 0.3267497271197118 __DUMMY__ 0.3211134479752264	false	0.5
motherfucker	off 1.0	off 1.0	off 0.6719773430581972 neg 0.17664094821226345 __DUMMY__ 0.15138170872953935	false	1.0
pikiert	neg 1.0		off 0.36252090833393713 neg 0.3214800764667803 __DUMMY__ 0.3159990151992827	false	0.5
wrack	neg 1.0		off 0.35778429465567946 __DUMMY__ 0.32309505141228684 neg 0.31912065393203376	false	0.5
gangster	neg 1.0		off 0.36103254041768723 neg 0.3216963589814302 __DUMMY__ 0.31727110060088254	false	0.5
krank	neg 1.0		off 0.3643158010070688 neg 0.3191446142490866 __DUMMY__ 0.31653958474384475	false	0.5
reich	neg 1.0		off 0.3597893341191066 neg 0.32538288748978444 __DUMMY__ 0.314827778391109	false	0.5
gnadenlos	neg 1.0		off 0.3585559746122391 neg 0.32230934088878543 __DUMMY__ 0.3191346844989755	false	0.5
niedergeschlagen	neg 1.0		off 0.3556307311129335 neg 0.3228189598087694 __DUMMY__ 0.32155030907829724	false	0.5
terrorisieren	off 1.0	off 1.0	off 0.6655583963267918 neg 0.17952565972379056 __DUMMY__ 0.15491594394941768	false	1.0
sinnlosigkeit	neg 1.0		off 0.35518175188097406 neg 0.324827061550565 __DUMMY__ 0.31999118656846093	false	0.5
behindern	neg 1.0		off 0.356489896587229 neg 0.32479092327180514 __DUMMY__ 0.31871918014096584	false	0.5
undemokratisch	neg 1.0		off 0.3590725778086505 neg 0.3236291011268138 __DUMMY__ 0.3172983210645357	false	0.5
wirtschaftskrise	neg 1.0		off 0.3528737643811211 neg 0.3292257232839066 __DUMMY__ 0.3179005123349724	false	0.5
neid	neg 1.0		off 0.36075255137887624 neg 0.3217284277514027 __DUMMY__ 0.3175190208697211	false	0.5
rutschen	neg 1.0		off 0.3483223260262919 neg 0.3273856758369194 __DUMMY__ 0.3242919981367886	false	0.5
rezession	neg 1.0		off 0.3635807182024723 neg 0.32490787726480536 __DUMMY__ 0.31151140453272236	false	0.5
fehlgeburt	neg 1.0		off 0.35845859461274404 neg 0.32162458371844777 __DUMMY__ 0.31991682166880825	false	0.5
charakterschwach	off 1.0		off 0.3630130726669267 neg 0.3214209396471222 __DUMMY__ 0.3155659876859512	false	1.0
isolation	neg 1.0		off 0.3620820538397329 neg 0.3199070242192402 __DUMMY__ 0.31801092194102687	false	0.5
ablenkung	neg 1.0		off 0.35724884975553084 neg 0.32292201038698903 __DUMMY__ 0.3198291398574801	false	0.5
pech	neg 1.0		off 0.3613673356062939 neg 0.3219202530288386 __DUMMY__ 0.3167124113648674	false	0.5
vermeidung	neg 1.0		off 0.36310953062620793 neg 0.3216817759959597 __DUMMY__ 0.3152086933778323	false	0.5
dominieren	neg 1.0		off 0.3557281762131751 neg 0.32427532120956654 __DUMMY__ 0.3199965025772584	false	0.5
schwindlig	neg 1.0		off 0.3587994901063618 neg 0.32351787306875757 __DUMMY__ 0.31768263682488057	false	0.5
lutscher	neg 1.0	neg 1.0	neg 0.6457865297335805 off 0.20611289725226287 __DUMMY__ 0.14810057301415666	false	1.0
pflicht	neg 1.0		off 0.35185121177152 neg 0.32570402726546965 __DUMMY__ 0.32244476096301034	false	0.5
faschist	off 1.0		off 0.36184200439862296 neg 0.3202998591571069 __DUMMY__ 0.31785813644427	false	1.0
verschleudern	neg 1.0		off 0.35140611589745036 neg 0.3302132468052141 __DUMMY__ 0.31838063729733557	false	0.5
wenn			off 0.36217003534508463 neg 0.32102271435482155 __DUMMY__ 0.3168072503000938	false	0.0
ehebruch	neg 1.0		off 0.35453246460425913 neg 0.3248080390069541 __DUMMY__ 0.3206594963887868	false	0.5
spott	off 1.0		off 0.35485941682462135 neg 0.3238503660957643 __DUMMY__ 0.3212902170796145	false	1.0
trostlosigkeit	neg 1.0		off 0.3499067729100246 neg 0.32969842994583276 __DUMMY__ 0.32039479714414254	false	0.5
lutschen	neg 1.0		off 0.36120927526427193 neg 0.32224143104788366 __DUMMY__ 0.31654929368784446	false	0.5
undiszipliniert	neg 1.0		off 0.36529690702900697 neg 0.3195441475738625 __DUMMY__ 0.31515894539713063	false	0.5
kopfschmerz	neg 1.0		off 0.35207643485683776 neg 0.32920240994414257 __DUMMY__ 0.3187211551990197	false	0.5
unvorhergesehen	neg 1.0		off 0.352466817729091 neg 0.3247648652821455 __DUMMY__ 0.32276831698876357	false	0.5
desinteressiert	neg 1.0		off 0.3645386350576206 neg 0.32013136406185067 __DUMMY__ 0.31533000088052876	false	0.5
armselig	off 1.0		off 0.3673185181622912 neg 0.31788688979294616 __DUMMY__ 0.3147945920447626	false	1.0
desaster	neg 1.0		off 0.35032785837290353 neg 0.32802159255342583 __DUMMY__ 0.3216505490736706	false	0.5
tod	neg 1.0		off 0.35379707948939854 neg 0.32492861135622514 __DUMMY__ 0.3212743091543764	false	0.5
herzlos	neg 1.0		off 0.3665997216322774 neg 0.3185475536691842 __DUMMY__ 0.31485272469853853	false	0.5
unwissenheit	neg 1.0		off 0.35475985170482777 neg 0.32522106337793233 __DUMMY__ 0.32001908491723985	false	0.5
widersinnig	neg 1.0		off 0.3549577467734889 neg 0.32711331123185805 __DUMMY__ 0.31792894199465305	false	0.5
bedenklich	neg 1.0		off 0.3534200034308626 neg 0.32664987937272016 __DUMMY__ 0.31993011719641734	false	0.5
beanstanden	neg 1.0		off 0.3529691602440136 neg 0.32440245348137287 __DUMMY__ 0.32262838627461343	false	0.5
panisch	neg 1.0		off 0.35975894768040306 neg 0.321232320290545 __DUMMY__ 0.31900873202905206	false	0.5
debil	off 1.0		off 0.3454824342096912 neg 0.33014006666041895 __DUMMY__ 0.32437749912988983	false	1.0
abstrich	neg 1.0		off 0.3551199652993752 neg 0.3257394145063847 __DUMMY__ 0.3191406201942403	false	0.5
primitiv	neg 1.0		off 0.36497609677201137 neg 0.3194333075111427 __DUMMY__ 0.3155905957168459	false	0.5
abschaum	off 1.0	off 1.0	off 0.6711859635559935 neg 0.1763326110747241 __DUMMY__ 0.15248142536928247	false	1.0
provozieren	neg 1.0		off 0.3582162453508548 neg 0.3231057362078472 __DUMMY__ 0.31867801844129784	false	0.5
tot	neg 1.0		off 0.3539786669442209 neg 0.32706421462781055 __DUMMY__ 0.3189571184279685	false	0.5
instabil	neg 1.0		off 0.36625436045030874 neg 0.3205881306940203 __DUMMY__ 0.3131575088556709	false	0.5
schwuchtel	off 1.0	off 1.0	off 0.6787177657656278 neg 0.17408012677286053 __DUMMY__ 0.1472021074615116	false	1.0
zerren	neg 1.0		off 0.35505324595979515 neg 0.32388419193398643 __DUMMY__ 0.3210625621062184	false	0.5
kinderficker	off 1.0		off 0.3696887037889159 neg 0.3167425008225063 __DUMMY__ 0.31356879538857785	false	1.0
gefahr	neg 1.0		off 0.3526513924176077 neg 0.324807408551956 __DUMMY__ 0.3225411990304363	false	0.5
rabiat	neg 1.0		off 0.3562527754298976 neg 0.3243766925232781 __DUMMY__ 0.3193705320468243	false	0.5
verlangsamung	neg 1.0		off 0.37037734563133823 neg 0.318073024211119 __DUMMY__ 0.31154963015754283	false	0.5
ausgestorben	neg 1.0		off 0.35614781518222605 neg 0.32386577543211004 __DUMMY__ 0.31998640938566386	false	0.5
anklagen	neg 1.0		off 0.35610867622917325 neg 0.3235979036419716 __DUMMY__ 0.32029342012885526	false	0.5
trott	neg 1.0		off 0.35717343247882327 neg 0.3236601725881784 __DUMMY__ 0.3191663949329982	false	0.5
verminderung	neg 1.0		off 0.3634208631596496 neg 0.32114827301904625 __DUMMY__ 0.3154308638213041	false	0.5
nach			off 0.3477288032260802 neg 0.32664971967177303 __DUMMY__ 0.3256214771021468	false	0.0
rost	neg 1.0		off 0.37386247229244823 __DUMMY__ 0.31331814078897113 neg 0.3128193869185806	false	0.5
destruktiv	neg 1.0		off 0.35674226156093614 neg 0.3244732471751891 __DUMMY__ 0.31878449126387465	false	0.5
unzumutbarkeit	neg 1.0		off 0.3633030657396071 neg 0.32117091158528804 __DUMMY__ 0.3155260226751049	false	0.5
labil	off 1.0	off 1.0	off 0.6701506169227724 neg 0.17785507266143774 __DUMMY__ 0.15199431041578979	false	1.0
ziemlich	neg 1.0		off 0.3635059438503326 neg 0.31970044348506016 __DUMMY__ 0.3167936126646073	false	0.5
lachnummer	off 1.0		off 0.35837297529694584 neg 0.3219997877566607 __DUMMY__ 0.3196272369463934	false	1.0
oder			off 0.35816030580495 neg 0.3222927722178301 __DUMMY__ 0.31954692197721984	false	0.0
verfall	neg 1.0		off 0.3474648190760576 neg 0.33077863715178946 __DUMMY__ 0.32175654377215296	false	0.5
ausgrenzung	neg 1.0		off 0.35876983416695674 neg 0.3241407158119469 __DUMMY__ 0.31708945002109634	false	0.5
unordnung	neg 1.0		off 0.36732307613809173 neg 0.31907026343292455 __DUMMY__ 0.3136066604289837	false	0.5
fehlverhalten	neg 1.0		off 0.35321208275022997 neg 0.32565686041081104 __DUMMY__ 0.32113105683895904	false	0.5
eine			off 0.35080490224629807 neg 0.32732514842002075 __DUMMY__ 0.3218699493336811	false	0.0
nille	neg 1.0		off 0.35760740733069857 neg 0.32328596706021806 __DUMMY__ 0.31910662560908337	false	0.5
qual	neg 1.0		off 0.3566398091737399 neg 0.3242514919940449 __DUMMY__ 0.3191086988322152	false	0.5
verschwenden	neg 1.0		off 0.35185007617386166 neg 0.32808543691278785 __DUMMY__ 0.3200644869133504	false	0.5
riesig	neg 1.0		off 0.35370050227355027 neg 0.325008515465332 __DUMMY__ 0.3212909822611176	false	0.5
verurteilen	neg 1.0		off 0.35563729842860137 neg 0.32413131385390576 __DUMMY__ 0.320231387717493	false	0.5
klischee	neg 1.0	neg 1.0	neg 0.648547075144962 off 0.19938365220604498 __DUMMY__ 0.15206927264899306	false	1.0
diktatorisch	neg 1.0		off 0.3590899114184117 neg 0.3237673005129136 __DUMMY__ 0.31714278806867474	false	0.5
vorhersehbar	neg 1.0		off 0.359769516875206 neg 0.32341786112542276 __DUMMY__ 0.31681262199937127	false	0.5
sowie			off 0.36777107107813584 neg 0.31975187027682994 __DUMMY__ 0.3124770586450343	false	0.0
stornieren	neg 1.0		off 0.36258292240369006 __DUMMY__ 0.32048924376846116 neg 0.31692783382784884	false	0.5
besteuerung	neg 1.0	neg 1.0	neg 0.6519088111347234 off 0.19652794296441556 __DUMMY__ 0.15156324590086107	false	1.0
ungeschminkt	neg 1.0		off 0.36448352269186135 neg 0.3205738997858242 __DUMMY__ 0.31494257752231447	false	0.5
kritisch	neg 1.0		off 0.35488224159429294 neg 0.3248917005995983 __DUMMY__ 0.32022605780610874	false	0.5
schlamperei	off 1.0		off 0.35355361431963006 neg 0.3256615442324748 __DUMMY__ 0.3207848414478951	false	1.0
sucht	neg 1.0	neg 1.0	neg 0.6481586467859096 off 0.198404883170016 __DUMMY__ 0.15343647004407443	false	1.0
egoistisch	off 1.0	off 1.0	off 0.6741727450035123 neg 0.17518355439193553 __DUMMY__ 0.15064370060455212	false	1.0
ausbeuter	off 1.0		off 0.3518873801741317 neg 0.32812838272412886 __DUMMY__ 0.31998423710173945	false	1.0
arschgeburt	off 1.0		off 0.3772118187560065 neg 0.31535993834816023 __DUMMY__ 0.3074282428958331	false	1.0
schubs	neg 1.0		off 0.3528753879546891 neg 0.32796041131935355 __DUMMY__ 0.3191642007259573	false	0.5
unsolide	neg 1.0		off 0.36047370417913027 neg 0.3216440102972052 __DUMMY__ 0.3178822855236646	false	0.5
beschwerde	neg 1.0		off 0.3556231274670858 neg 0.3238884102975037 __DUMMY__ 0.3204884622354103	false	0.5
stocken	neg 1.0		off 0.3538466446439367 neg 0.3258331417960882 __DUMMY__ 0.32032021355997503	false	0.5
isolieren	neg 1.0		off 0.3542701666861536 neg 0.32664864231666124 __DUMMY__ 0.3190811909971852	false	0.5
unheilbar	neg 1.0		off 0.35764254270981244 neg 0.3229620856682477 __DUMMY__ 0.31939537162193987	false	0.5
pisser	off 1.0	off 1.0	off 0.6723834880588092 neg 0.17660398833979005 __DUMMY__ 0.1510125236014007	false	1.0
löschen	neg 1.0		off 0.35757324231331045 neg 0.3238479214442554 __DUMMY__ 0.31857883624243416	false	0.5
durchfallen	neg 1.0		off 0.35489875884494837 neg 0.3245497120729066 __DUMMY__ 0.32055152908214507	false	0.5
wichser	off 1.0	off 1.0	off 0.6766527546788781 neg 0.1746725679572203 __DUMMY__ 0.1486746773639016	false	1.0
terror	neg 1.0		off 0.36060946662969945 neg 0.3219043458406933 __DUMMY__ 0.3174861875296073	false	0.5
krass	neg 1.0		off 0.3679727196144859 neg 0.31843539714810404 __DUMMY__ 0.3135918832374102	false	0.5
revolte	neg 1.0		off 0.35999861489470314 neg 0.32421919246627706 __DUMMY__ 0.3157821926390197	false	0.5
besorgt	neg 1.0		off 0.3561824764293086 neg 0.32239442090907866 __DUMMY__ 0.32142310266161284	false	0.5
nachlassen	neg 1.0		off 0.35442226653242603 neg 0.3245278867335931 __DUMMY__ 0.3210498467339808	false	0.5
alt	neg 1.0		off 0.35141051140965496 neg 0.3305979186311466 __DUMMY__ 0.31799156995919853	false	0.5
hundesohn	off 1.0	off 1.0	off 0.6757152908699801 neg 0.17570495923621002 __DUMMY__ 0.14857974989380984	false	1.0
als			off 0.3547957844975362 neg 0.3254272591131308 __DUMMY__ 0.31977695638933307	false	0.0
abschreckung	neg 1.0		off 0.3522063854627453 neg 0.32648954618300485 __DUMMY__ 0.32130406835424996	false	0.5
unqualifiziert	neg 1.0		off 0.36222120751575565 neg 0.3204939554295197 __DUMMY__ 0.31728483705472466	false	0.5
abgewichst	off 1.0		off 0.3570755281500003 neg 0.32334401176717453 __DUMMY__ 0.3195804600828252	false	1.0
schwer	neg 1.0		off 0.35670973882249 neg 0.32370473544852213 __DUMMY__ 0.3195855257289879	false	0.5
bedeutungslosigkeit	neg 1.0		off 0.35267246704215494 neg 0.3263035936870598 __DUMMY__ 0.32102393927078526	false	0.5
kapitulation	neg 1.0		off 0.35360754757820745 neg 0.32719901579308297 __DUMMY__ 0.3191934366287096	false	0.5
unscharf	neg 1.0		off 0.3572202188831715 neg 0.3273973716715666 __DUMMY__ 0.315382409445262	false	0.5
schwinden	neg 1.0		off 0.35142521422874395 neg 0.32901675988540113 __DUMMY__ 0.3195580258858549	false	0.5
versklavung	neg 1.0	neg 1.0	neg 0.6498698555486789 off 0.19780422483140697 __DUMMY__ 0.1523259196199141	false	1.0
schlecht	neg 1.0		off 0.36400788299706066 neg 0.31885406755389745 __DUMMY__ 0.31713804944904195	false	0.5
verhasst	neg 1.0		off 0.35889967142361207 neg 0.32281305709739305 __DUMMY__ 0.318287271478995	false	0.5
beschweren	neg 1.0		off 0.35991165764980654 neg 0.32104761175230084 __DUMMY__ 0.3190407305978927	false	0.5
scheiden	neg 1.0		off 0.3571220450282955 neg 0.3239346702795308 __DUMMY__ 0.31894328469217365	false	0.5
frustriert	neg 1.0		off 0.35597552494240076 neg 0.3239332271407064 __DUMMY__ 0.32009124791689275	false	0.5
schimmelig	neg 1.0		off 0.35246845967769763 neg 0.3290620101961478 __DUMMY__ 0.3184695301261546	false	0.5
fisch	neg 1.0		off 0.3485153199512807 neg 0.3322779358097843 __DUMMY__ 0.31920674423893497	false	0.5
schmuggel	neg 1.0		off 0.35232084694885835 neg 0.32443252263875433 __DUMMY__ 0.3232466304123875	false	0.5
auffallen	neg 1.0		off 0.35991573317313647 neg 0.32181118460471675 __DUMMY__ 0.31827308222214673	false	0.5
konkurrenz	neg 1.0		off 0.3530368881332303 neg 0.32471851146797637 __DUMMY__ 0.3222446003987933	false	0.5
teufelskreis	neg 1.0	neg 1.0	neg 0.6508270739063968 off 0.19625214630810642 __DUMMY__ 0.15292077978549684	false	1.0
aufschreien	neg 1.0		off 0.35997474203200763 neg 0.32275976396220923 __DUMMY__ 0.3172654940057832	false	0.5
schuldner	neg 1.0		off 0.35061465330712716 neg 0.3304890580616394 __DUMMY__ 0.31889628863123337	false	0.5
missgeburt	off 1.0	off 1.0	off 0.6754200194664803 neg 0.17482723240238612 __DUMMY__ 0.14975274813113368	false	1.0
arbeitslos	neg 1.0		off 0.3545294365986755 neg 0.32515467082125155 __DUMMY__ 0.320315892580073	false	0.5
befallen	neg 1.0		off 0.35431133988371016 neg 0.3282817750898548 __DUMMY__ 0.31740688502643494	false	0.5
miesepetrig	off 1.0	off 1.0	off 0.6702633281288419 neg 0.17763732150272826 __DUMMY__ 0.1520993503684298	false	1.0
alarmieren	neg 1.0		off 0.36288142852419586 neg 0.31978181381209453 __DUMMY__ 0.31733675766370967	false	0.5
ungeduscht	off 1.0		off 0.36116294238909924 neg 0.3227562282413083 __DUMMY__ 0.3160808293695926	false	1.0
knappheit	neg 1.0		off 0.35311650605649075 neg 0.3288401813065698 __DUMMY__ 0.3180433126369394	false	0.5
schlange	neg 1.0		off 0.357973633683668 neg 0.3225379541095832 __DUMMY__ 0.31948841220674873	false	0.5
harsch	neg 1.0		off 0.3682998149948968 neg 0.3166282604189304 __DUMMY__ 0.3150719245861729	false	0.5
lang	neg 1.0		off 0.358562550810266 neg 0.3229984419698849 __DUMMY__ 0.318439007219849	false	0.5
ziellos	neg 1.0		off 0.3532516123617827 neg 0.3252333693417301 __DUMMY__ 0.32151501829648715	false	0.5
selbstverliebt	neg 1.0		off 0.3755819016488936 neg 0.31404934132348333 __DUMMY__ 0.31036875702762307	false	0.5
beseitigen	neg 1.0		off 0.35795864932134414 neg 0.32184860388903636 __DUMMY__ 0.32019274678961956	false	0.5
dumm	off 1.0		off 0.37015761902398886 neg 0.3171801619513466 __DUMMY__ 0.31266221902466446	false	1.0
arbeitsloser	neg 1.0		off 0.35721548111576124 __DUMMY__ 0.3231073807185475 neg 0.3196771381656914	false	0.5
blitzen	neg 1.0		off 0.36106185270327124 neg 0.32222004390183884 __DUMMY__ 0.31671810339488976	false	0.5
hilflos	neg 1.0		off 0.35457328392166537 neg 0.3252514654784167 __DUMMY__ 0.3201752505999179	false	0.5
eklig	off 1.0		off 0.36974561843983705 neg 0.3188400283915226 __DUMMY__ 0.31141435316864036	false	1.0
begriff			off 0.3569569037713429 neg 0.32353451605076755 __DUMMY__ 0.3195085801778895	false	0.0
hungersnot	neg 1.0		off 0.3540193142255722 neg 0.3270612141544081 __DUMMY__ 0.3189194716200196	false	0.5
ungesetzlich	neg 1.0		off 0.3593546940659688 neg 0.32321157309240806 __DUMMY__ 0.31743373284162313	false	0.5
verschwendung	neg 1.0		off 0.352370924915104 neg 0.3268750079732612 __DUMMY__ 0.32075406711163473	false	0.5
schmerzvoll	neg 1.0		off 0.3582366461729575 neg 0.32394426921248404 __DUMMY__ 0.31781908461455866	false	0.5
vorzeitig	neg 1.0		off 0.3633323937129203 neg 0.3193431917032249 __DUMMY__ 0.3173244145838547	false	0.5
unvollkommenheit	neg 1.0		off 0.35523214532552094 neg 0.3253538166299208 __DUMMY__ 0.3194140380445582	false	0.5
intervenieren	neg 1.0		off 0.35207843876934924 neg 0.32868588612040717 __DUMMY__ 0.31923567511024353	false	0.5
banause	off 1.0		off 0.3701388397207621 neg 0.3205901696553766 __DUMMY__ 0.3092709906238613	false	1.0
rebell	neg 1.0		off 0.346796417752366 neg 0.3328474598903881 __DUMMY__ 0.3203561223572458	false	0.5
unlogisch	neg 1.0		off 0.3655460421612417 neg 0.31987474927307585 __DUMMY__ 0.31457920856568256	false	0.5
leiden	neg 1.0		off 0.3530254958429216 neg 0.32357766860167647 __DUMMY__ 0.323396835555402	false	0.5
abschaffung	neg 1.0		off 0.357216294676317 neg 0.32567959434871246 __DUMMY__ 0.3171041109749705	false	0.5
sturz	neg 1.0		off 0.36118281699395055 __DUMMY__ 0.32010954093103333 neg 0.31870764207501606	false	0.5
verkleinerung	neg 1.0		off 0.35957607053266916 neg 0.32587894563926006 __DUMMY__ 0.3145449838280708	false	0.5
schmarotzer	off 1.0		off 0.3555904148773714 neg 0.32448315875328854 __DUMMY__ 0.31992642636934016	false	1.0
bestrafung	neg 1.0	neg 1.0	neg 0.6485139811772898 off 0.19790683770863052 __DUMMY__ 0.15357918111407978	false	1.0
achtlos	neg 1.0		off 0.35636602641651527 neg 0.3231436575302638 __DUMMY__ 0.32049031605322087	false	0.5
ungeheuer	neg 1.0		off 0.35646995418894367 neg 0.3259721557348622 __DUMMY__ 0.3175578900761942	false	0.5
unaufrichtig	neg 1.0		off 0.36214920314335264 neg 0.3205548297918692 __DUMMY__ 0.3172959670647781	false	0.5
groggy	neg 1.0		off 0.36116779886286815 neg 0.3207767366635652 __DUMMY__ 0.3180554644735667	false	0.5
verletzlich	neg 1.0		off 0.3610756818202604 neg 0.3244812544977328 __DUMMY__ 0.31444306368200686	false	0.5
