unsolidarisch	neg 1.0		off 0.5309684327421872 neg 0.40115980440138554 __DUMMY__ 0.06787176285642738	false	0.5
nachteilig	neg 1.0		off 0.5311016777239356 neg 0.4000005850377219 __DUMMY__ 0.0688977372383427	false	0.5
skeptisch	neg 1.0		off 0.5280701522442971 neg 0.4031910296840268 __DUMMY__ 0.06873881807167603	false	0.5
schrecklich	neg 1.0		off 0.5393371261382163 neg 0.39339546239288387 __DUMMY__ 0.06726741146889989	false	0.5
schlapp	neg 1.0	neg 1.0	neg 0.6816443307757732 off 0.28608159254897136 __DUMMY__ 0.032274076675255385	false	1.0
abfall	neg 1.0		off 0.5263010164291712 neg 0.4045250085928791 __DUMMY__ 0.0691739749779498	false	0.5
widerspenstig	neg 1.0		off 0.5306140095293518 neg 0.4012299435307377 __DUMMY__ 0.06815604693991054	false	0.5
abrupt	neg 1.0		off 0.5272548774533968 neg 0.4040734653453237 __DUMMY__ 0.06867165720127956	false	0.5
unwirksam	neg 1.0		off 0.5294955883319808 neg 0.40281287720461817 __DUMMY__ 0.0676915344634009	false	0.5
angreifen	neg 1.0		off 0.5274469512771053 neg 0.40377050081351307 __DUMMY__ 0.06878254790938161	false	0.5
inkonsistent	neg 1.0		off 0.5333253219733606 neg 0.3988824195562543 __DUMMY__ 0.067792258470385	false	0.5
abrutschen	neg 1.0		off 0.5253426257153203 neg 0.4055515585859567 __DUMMY__ 0.06910581569872308	false	0.5
unsicher	neg 1.0		off 0.5325207926382687 neg 0.3990995019791076 __DUMMY__ 0.06837970538262379	false	0.5
bauernkind	off 1.0	off 1.0	off 0.7578815820675181 neg 0.21031273947521412 __DUMMY__ 0.03180567845726779	false	1.0
angreifer	neg 1.0		off 0.5380181070321792 neg 0.39368625469256185 __DUMMY__ 0.06829563827525893	false	0.5
trennen	neg 1.0		off 0.5281962519409101 neg 0.40286334147672814 __DUMMY__ 0.06894040658236174	false	0.5
schmutz	neg 1.0		off 0.5410708246198311 neg 0.39004640868042983 __DUMMY__ 0.06888276669973906	false	0.5
inkonsistenz	neg 1.0		off 0.5357021432870417 neg 0.3966231720465367 __DUMMY__ 0.06767468466642172	false	0.5
erschreckend	neg 1.0		off 0.5311431799134259 neg 0.40054601891595004 __DUMMY__ 0.06831080117062417	false	0.5
ertrinken	neg 1.0		off 0.5263721676466288 neg 0.40492108118719783 __DUMMY__ 0.06870675116617339	false	0.5
pickelface	off 1.0		off 0.5338827164989822 neg 0.3977375819331084 __DUMMY__ 0.06837970156790937	false	1.0
seiner			off 0.5287009513600881 neg 0.4024191047183966 __DUMMY__ 0.06887994392151546	false	0.0
lauch	neg 1.0	neg 1.0	neg 0.6854541492605694 off 0.28142497239153547 __DUMMY__ 0.033120878347895226	false	1.0
unwichtig	neg 1.0		off 0.5357421748217042 neg 0.3965626900234873 __DUMMY__ 0.0676951351548084	false	0.5
steuerhinterziehung	neg 1.0		off 0.529857824485578 neg 0.40207136439587504 __DUMMY__ 0.06807081111854711	false	0.5
schock	neg 1.0		off 0.5310166498200773 neg 0.4004984551725613 __DUMMY__ 0.06848489500736146	false	0.5
beule	neg 1.0		off 0.5374733578103923 neg 0.3951427766893357 __DUMMY__ 0.06738386550027203	false	0.5
vergelten	neg 1.0		off 0.5418127815997873 neg 0.39079472450580155 __DUMMY__ 0.06739249389441107	false	0.5
verdorbenheit	neg 1.0		off 0.5355256057669591 neg 0.39601018063370735 __DUMMY__ 0.06846421359933355	false	0.5
trauma	neg 1.0		off 0.5331963355983078 neg 0.39870571722381754 __DUMMY__ 0.06809794717787479	false	0.5
sinnlos	neg 1.0		off 0.5338837032909679 neg 0.39802650195042905 __DUMMY__ 0.06808979475860315	false	0.5
fettsack	off 1.0	off 1.0	off 0.7592317962662385 neg 0.208911488331848 __DUMMY__ 0.03185671540191345	false	1.0
feige	off 1.0	off 1.0	off 0.7561547740245146 neg 0.21164449699330734 __DUMMY__ 0.032200728982178135	false	1.0
abdanken	neg 1.0		off 0.5320804864246091 neg 0.39956708866344326 __DUMMY__ 0.06835242491194753	false	0.5
wichtigtuer	off 1.0	off 1.0	off 0.755112543624686 neg 0.21243823839141082 __DUMMY__ 0.032449217983903184	false	1.0
misslingen	neg 1.0		off 0.5372837047788801 neg 0.39404038195475183 __DUMMY__ 0.06867591326636809	false	0.5
untreu	off 1.0		off 0.5367923285411836 neg 0.39563865216445326 __DUMMY__ 0.067569019294363	false	1.0
missmutig	neg 1.0		off 0.5337066334362327 neg 0.3986207885278353 __DUMMY__ 0.06767257803593209	false	0.5
hurenbock	off 1.0		off 0.5325867493461611 neg 0.39925202710001984 __DUMMY__ 0.06816122355381911	false	1.0
betrunken	neg 1.0		off 0.5383269564392849 neg 0.39432151728896 __DUMMY__ 0.06735152627175524	false	0.5
korrupt	off 1.0		off 0.5286536453974217 neg 0.4033364984274864 __DUMMY__ 0.06800985617509203	false	1.0
unmut	neg 1.0		off 0.5267013780118827 neg 0.4043610221245564 __DUMMY__ 0.06893759986356104	false	0.5
hackfresse	off 1.0		off 0.5429617322347385 neg 0.39027475082648844 __DUMMY__ 0.06676351693877304	false	1.0
aufblasen	neg 1.0		off 0.5322456791286733 neg 0.3995475197273169 __DUMMY__ 0.06820680114400982	false	0.5
gewaltsam	neg 1.0		off 0.5332258045723663 neg 0.3982869538784578 __DUMMY__ 0.06848724154917588	false	0.5
unbeliebtheit	neg 1.0		off 0.5380623435226409 neg 0.3942339222637565 __DUMMY__ 0.06770373421360248	false	0.5
sturheit	neg 1.0		off 0.5317016474637458 neg 0.39988280504806345 __DUMMY__ 0.0684155474881907	false	0.5
kuh	neg 1.0		off 0.530996325181394 neg 0.40171764095880286 __DUMMY__ 0.06728603385980314	false	0.5
erschrecken	neg 1.0		off 0.5356255401385621 neg 0.3964957833118374 __DUMMY__ 0.06787867654960064	false	0.5
opfer	neg 1.0		off 0.5298837155897398 neg 0.40139961096926874 __DUMMY__ 0.06871667344099142	false	0.5
sinken	neg 1.0		off 0.5264756663724802 neg 0.40476897917128857 __DUMMY__ 0.0687553544562313	false	0.5
stinktier	neg 1.0		off 0.5387561799590237 neg 0.3946381319940201 __DUMMY__ 0.06660568804695625	false	0.5
tucke	off 1.0		off 0.5429238546120903 neg 0.39084007418458294 __DUMMY__ 0.06623607120332677	false	1.0
ein			off 0.5300362229497486 neg 0.4018383081431287 __DUMMY__ 0.06812546890712254	false	0.0
abstieg	neg 1.0		off 0.5328936693954235 neg 0.39824012483803617 __DUMMY__ 0.06886620576654025	false	0.5
missverstehen	neg 1.0		off 0.5339598383729521 neg 0.39813968905480757 __DUMMY__ 0.06790047257224018	false	0.5
ergebnislos	neg 1.0		off 0.5309504294828393 neg 0.4001387707097469 __DUMMY__ 0.06891079980741387	false	0.5
unter			off 0.5242664233315701 neg 0.4059298250010637 __DUMMY__ 0.06980375166736612	false	0.0
manipulieren	neg 1.0		off 0.5289481697748707 neg 0.40226859311393665 __DUMMY__ 0.0687832371111925	false	0.5
unbewiesen	neg 1.0		off 0.5323426210417196 neg 0.39963684880503597 __DUMMY__ 0.06802053015324451	false	0.5
verschleppen	neg 1.0		off 0.5289803546808076 neg 0.40262429479432227 __DUMMY__ 0.06839535052487003	false	0.5
weib	off 1.0		off 0.5446821671317016 neg 0.3888147133407374 __DUMMY__ 0.06650311952756112	false	1.0
opposition	neg 1.0		off 0.5325658756491015 neg 0.3995196753471661 __DUMMY__ 0.0679144490037324	false	0.5
verkehrswidrig	neg 1.0		off 0.5450546825554529 neg 0.38722598165778044 __DUMMY__ 0.06771933578676667	false	0.5
inkorrekt	neg 1.0		off 0.5383496651970864 neg 0.39448552873279136 __DUMMY__ 0.06716480607012226	false	0.5
vermeiden	neg 1.0		off 0.5268852407032961 neg 0.40370202580925857 __DUMMY__ 0.06941273348744537	false	0.5
abweichung	neg 1.0		off 0.5317198348287206 neg 0.39958129180966734 __DUMMY__ 0.06869887336161183	false	0.5
alkoholisiert	neg 1.0		off 0.5338176185260249 neg 0.3966342171149324 __DUMMY__ 0.06954816435904262	false	0.5
scheiss	off 1.0	off 1.0	off 0.7570901403485865 neg 0.21077298629646965 __DUMMY__ 0.03213687335494387	false	1.0
herausforderung	neg 1.0		off 0.5305825906517135 neg 0.40081925654792144 __DUMMY__ 0.06859815280036496	false	0.5
pervers	off 1.0		off 0.5462798318282914 neg 0.3874905596679148 __DUMMY__ 0.06622960850379392	false	1.0
wackelig	neg 1.0		off 0.5306644582977049 neg 0.40069431645543124 __DUMMY__ 0.06864122524686381	false	0.5
verwickeln	neg 1.0		off 0.5332549208367038 neg 0.39874536373770436 __DUMMY__ 0.06799971542559174	false	0.5
vorwand	neg 1.0		off 0.5273253866307338 neg 0.40382951370365067 __DUMMY__ 0.0688450996656156	false	0.5
muschi	off 1.0		off 0.5336574563401553 neg 0.39775171857459546 __DUMMY__ 0.06859082508524927	false	1.0
entmutigung	neg 1.0		off 0.5315695615005238 neg 0.4008421938832214 __DUMMY__ 0.06758824461625478	false	0.5
unangemessen	neg 1.0		off 0.5308414780911185 neg 0.4008028726099572 __DUMMY__ 0.06835564929892446	false	0.5
unstetig	neg 1.0		off 0.5368354913499445 neg 0.3951801115991991 __DUMMY__ 0.06798439705085642	false	0.5
entmutigen	neg 1.0		off 0.5315690051724395 neg 0.40044721698053054 __DUMMY__ 0.06798377784702991	false	0.5
schwanz	neg 1.0		off 0.5316540792344879 neg 0.3996106898686271 __DUMMY__ 0.06873523089688491	false	0.5
verbot	neg 1.0		off 0.5300846346830475 neg 0.4016295914931093 __DUMMY__ 0.06828577382384325	false	0.5
leid	neg 1.0		off 0.5405235025636993 neg 0.3924190158926216 __DUMMY__ 0.06705748154367912	false	0.5
archaisch	neg 1.0		off 0.5302510177576727 neg 0.40142812257379784 __DUMMY__ 0.0683208596685294	false	0.5
gegen			off 0.5283562924523011 neg 0.4025612887020072 __DUMMY__ 0.06908241884569169	false	0.0
scheidung	neg 1.0		off 0.5539417264020344 neg 0.3794463851463345 __DUMMY__ 0.06661188845163109	false	0.5
einschlag	neg 1.0		off 0.5424709219484902 neg 0.38988273717000455 __DUMMY__ 0.06764634088150542	false	0.5
m			off 0.5313720209503926 neg 0.3999987258255798 __DUMMY__ 0.06862925322402762	false	0.0
abgestanden	neg 1.0		off 0.528423475612567 neg 0.40395916315031716 __DUMMY__ 0.06761736123711577	false	0.5
schmierig	off 1.0		off 0.5399108561163222 neg 0.39304355509383326 __DUMMY__ 0.06704558878984468	false	1.0
unpraktisch	neg 1.0		off 0.5339527308815294 neg 0.39783342389675946 __DUMMY__ 0.0682138452217112	false	0.5
wixxer	off 1.0		off 0.5460960299888564 neg 0.3877957082879817 __DUMMY__ 0.06610826172316195	false	1.0
bezeichnet			off 0.5327290784013451 neg 0.3989717832203222 __DUMMY__ 0.06829913837833258	false	0.0
jammerlappen	off 1.0		off 0.5360060178089646 neg 0.3963172247384655 __DUMMY__ 0.06767675745256987	false	1.0
farce	neg 1.0		off 0.5309830829805531 neg 0.4009622169556863 __DUMMY__ 0.06805470006376056	false	0.5
zwecklos	neg 1.0		off 0.5295566549461183 neg 0.40206113726495607 __DUMMY__ 0.0683822077889256	false	0.5
turbulent	neg 1.0		off 0.5390707072652116 neg 0.39336564058967394 __DUMMY__ 0.06756365214511444	false	0.5
invasion	neg 1.0		off 0.534653049919112 neg 0.39732144889120075 __DUMMY__ 0.06802550118968734	false	0.5
schuld	neg 1.0		off 0.5329365322521543 neg 0.39894689448277637 __DUMMY__ 0.0681165732650692	false	0.5
risiko	neg 1.0		off 0.5340589630135375 neg 0.39792601786685533 __DUMMY__ 0.06801501911960718	false	0.5
finster	neg 1.0		off 0.5301650747234483 neg 0.4018252260751087 __DUMMY__ 0.06800969920144319	false	0.5
geisteskrank	off 1.0		off 0.5375412866444754 neg 0.3951284600924013 __DUMMY__ 0.06733025326312322	false	1.0
zusammenbrechen	neg 1.0		off 0.5299211078393988 neg 0.40168429132125866 __DUMMY__ 0.06839460083934241	false	0.5
ausbeute	neg 1.0		off 0.5327088011432465 neg 0.39869737160885704 __DUMMY__ 0.06859382724789638	false	0.5
hinterhalt	neg 1.0		off 0.5314539226399817 neg 0.4001108595188863 __DUMMY__ 0.06843521784113188	false	0.5
kritik	neg 1.0		off 0.5304138614193706 neg 0.40155083062984187 __DUMMY__ 0.06803530795078752	false	0.5
einschrumpfen	neg 1.0		off 0.5356201717421426 neg 0.39684357243947316 __DUMMY__ 0.06753625581838422	false	0.5
riskant	neg 1.0		off 0.5282007865101881 neg 0.40309630987364814 __DUMMY__ 0.06870290361616378	false	0.5
frustrieren	neg 1.0		off 0.5284225900563876 neg 0.4030417401147215 __DUMMY__ 0.06853566982889092	false	0.5
groll	neg 1.0		off 0.5306127912752777 neg 0.40089607020217466 __DUMMY__ 0.06849113852254747	false	0.5
gibt			off 0.5302612450261116 neg 0.40119412434057616 __DUMMY__ 0.0685446306333121	false	0.0
qualvoll	neg 1.0		off 0.5333740648346517 neg 0.3986637214724403 __DUMMY__ 0.06796221369290803	false	0.5
wackeln	neg 1.0		off 0.5323014406792721 neg 0.3993546951757678 __DUMMY__ 0.06834386414496024	false	0.5
klagen	neg 1.0		off 0.5273375223647481 neg 0.4038773222976261 __DUMMY__ 0.06878515533762591	false	0.5
bankrott	neg 1.0		off 0.5378081019103724 neg 0.394154973088462 __DUMMY__ 0.06803692500116552	false	0.5
trauern	neg 1.0		off 0.5306279114485095 neg 0.40032806009541716 __DUMMY__ 0.06904402845607337	false	0.5
ablehnung	neg 1.0		off 0.5308164165412071 neg 0.40095195947902335 __DUMMY__ 0.06823162397976941	false	0.5
stur	neg 1.0		off 0.5323286080795282 neg 0.3996471539633057 __DUMMY__ 0.06802423795716604	false	0.5
aufruhr	neg 1.0		off 0.5307521302277453 neg 0.40122763426009167 __DUMMY__ 0.06802023551216295	false	0.5
melancholie	neg 1.0		off 0.5265987875605127 neg 0.4049031030921983 __DUMMY__ 0.06849810934728907	false	0.5
ist			off 0.5334412220065322 neg 0.3984777459523056 __DUMMY__ 0.06808103204116225	false	0.0
torheit	neg 1.0		off 0.5325603110617182 neg 0.39941218505163345 __DUMMY__ 0.0680275038866483	false	0.5
dreckskind	off 1.0		off 0.5441043103688293 neg 0.3892398467387441 __DUMMY__ 0.06665584289242649	false	1.0
umtauschen	neg 1.0		off 0.5317903935933368 neg 0.3998778940034236 __DUMMY__ 0.06833171240323965	false	0.5
zum			off 0.5292263221067045 neg 0.4010176534550955 __DUMMY__ 0.06975602443820011	false	0.0
zersetzen	neg 1.0		off 0.5272690747516773 neg 0.40413993887628774 __DUMMY__ 0.06859098637203496	false	0.5
zur			off 0.5271309526772553 neg 0.40344164183813674 __DUMMY__ 0.06942740548460795	false	0.0
frust	neg 1.0		off 0.5296631838554308 neg 0.4019205626195324 __DUMMY__ 0.06841625352503672	false	0.5
unerbittlichkeit	neg 1.0		off 0.5293682541912316 neg 0.40190672252373927 __DUMMY__ 0.06872502328502916	false	0.5
zwei			off 0.5265506496239156 neg 0.40400380248544543 __DUMMY__ 0.06944554789063902	false	0.0
unkorrekt	neg 1.0		off 0.5375917511564403 neg 0.39510730255627063 __DUMMY__ 0.06730094628728908	false	0.5
hexe	off 1.0		off 0.5344353278197711 neg 0.39811617284190864 __DUMMY__ 0.06744849933832042	false	1.0
lasch	neg 1.0		off 0.5352991301728143 neg 0.3969336020638936 __DUMMY__ 0.06776726776329214	false	0.5
rivale	neg 1.0		off 0.5403378394798765 neg 0.3922761957136804 __DUMMY__ 0.06738596480644303	false	0.5
mutlos	off 1.0	off 1.0	off 0.7523137479492101 neg 0.21498293551508252 __DUMMY__ 0.032703316535707426	false	1.0
wirr	off 1.0		off 0.5392379469996039 neg 0.3936694916140438 __DUMMY__ 0.06709256138635221	false	1.0
jahr			off 0.5318847194841699 neg 0.39884365936531635 __DUMMY__ 0.06927162115051375	false	0.0
wird			off 0.530031197177752 neg 0.4013387331484925 __DUMMY__ 0.06863006967375543	false	0.0
strafbar	neg 1.0		off 0.5285611963412589 neg 0.40280707109432307 __DUMMY__ 0.06863173256441807	false	0.5
erosion	neg 1.0		off 0.5330147495702241 neg 0.3986478414135066 __DUMMY__ 0.06833740901626928	false	0.5
eingehen	neg 1.0		off 0.5278012700508602 neg 0.40371173462264104 __DUMMY__ 0.06848699532649878	false	0.5
faul	off 1.0		off 0.5364570260194939 neg 0.3956447215532037 __DUMMY__ 0.06789825242730257	false	1.0
provisorium	neg 1.0		off 0.5246412016495161 neg 0.40552134681861346 __DUMMY__ 0.06983745153187053	false	0.5
schmerzen	neg 1.0		off 0.5295563007580256 neg 0.4023023122379626 __DUMMY__ 0.06814138700401172	false	0.5
schrumpfen	neg 1.0		off 0.5242130680702995 neg 0.40681638890640853 __DUMMY__ 0.068970543023292	false	0.5
geistlos	off 1.0		off 0.5326549149065165 neg 0.3997084219978615 __DUMMY__ 0.06763666309562213	false	1.0
fehlkauf	neg 1.0		off 0.5342675195801138 neg 0.39777855024381825 __DUMMY__ 0.06795393017606802	false	0.5
frustrierend	neg 1.0		off 0.5346349156472512 neg 0.39760361670839095 __DUMMY__ 0.06776146764435803	false	0.5
unzufrieden	neg 1.0		off 0.530017824765649 neg 0.4014873714687911 __DUMMY__ 0.06849480376555986	false	0.5
verzweifeln	neg 1.0		off 0.531224530545102 neg 0.40038883478435444 __DUMMY__ 0.0683866346705434	false	0.5
verzweifelt	neg 1.0		off 0.5325727261036549 neg 0.39937970537913414 __DUMMY__ 0.06804756851721089	false	0.5
misstrauensantrag	neg 1.0		off 0.5336370722926157 neg 0.39838646536592487 __DUMMY__ 0.06797646234145943	false	0.5
abfallen	neg 1.0		off 0.5321192348917968 neg 0.3996618043158678 __DUMMY__ 0.06821896079233537	false	0.5
fucker	off 1.0		off 0.5401138090721309 neg 0.39236478026340277 __DUMMY__ 0.06752141066446632	false	1.0
ungezogen	neg 1.0		off 0.5449526217744181 neg 0.38849811321871225 __DUMMY__ 0.06654926500686964	false	0.5
irrsinnig	neg 1.0	neg 1.0	neg 0.6834477013738739 off 0.28403869089047507 __DUMMY__ 0.03251360773565111	false	1.0
unfassbar	neg 1.0		off 0.5370966994270292 neg 0.3952758871471793 __DUMMY__ 0.0676274134257914	false	0.5
hart	neg 1.0		off 0.5363136388934056 neg 0.39632511374131807 __DUMMY__ 0.06736124736527642	false	0.5
widerlich	off 1.0		off 0.5368131448838294 neg 0.3957355194167455 __DUMMY__ 0.06745133569942516	false	1.0
fatal	neg 1.0	neg 1.0	neg 0.6836939266007158 off 0.28402381899318024 __DUMMY__ 0.03228225440610387	false	1.0
bruch	neg 1.0		off 0.526395748899308 neg 0.4046427678902682 __DUMMY__ 0.06896148321042375	false	0.5
aushungern	neg 1.0		off 0.5295915667738863 neg 0.4022317137472998 __DUMMY__ 0.06817671947881376	false	0.5
anspannung	neg 1.0		off 0.5265179659113652 neg 0.404054452668792 __DUMMY__ 0.06942758141984272	false	0.5
von			off 0.529396441105398 neg 0.4015487365290524 __DUMMY__ 0.06905482236554973	false	0.0
kraftlos	neg 1.0		off 0.5292695978297873 neg 0.4022443692293855 __DUMMY__ 0.06848603294082715	false	0.5
vom			off 0.5268056503540155 neg 0.4031472540695108 __DUMMY__ 0.0700470955764736	false	0.0
grenzdebil	off 1.0		off 0.5367197740802008 neg 0.395792330513994 __DUMMY__ 0.0674878954058052	false	1.0
vor			off 0.5268583745521523 neg 0.40416364891627915 __DUMMY__ 0.06897797653156859	false	0.0
unterwerfen	neg 1.0		off 0.529691082210412 neg 0.40165521764809786 __DUMMY__ 0.06865370014149008	false	0.5
versenkung	neg 1.0		off 0.5294822388655441 neg 0.4017572157861671 __DUMMY__ 0.06876054534828875	false	0.5
entziehen	neg 1.0		off 0.5273403936858844 neg 0.40378945582605835 __DUMMY__ 0.0688701504880573	false	0.5
finanzkrise	neg 1.0		off 0.5275701501040911 neg 0.40481485749027274 __DUMMY__ 0.06761499240563626	false	0.5
schimpfend	neg 1.0		off 0.5343029020175414 neg 0.39731744113277817 __DUMMY__ 0.06837965684968042	false	0.5
profan	neg 1.0		off 0.5336538741010931 neg 0.3984035739746702 __DUMMY__ 0.06794255192423687	false	0.5
korruption	neg 1.0		off 0.5286689529093556 neg 0.40317166867655263 __DUMMY__ 0.0681593784140918	false	0.5
â			off 0.530275699223384 neg 0.40111969617815557 __DUMMY__ 0.06860460459846034	false	0.0
schmutzig	neg 1.0		off 0.5370362039966036 neg 0.3954589862242278 __DUMMY__ 0.06750480977916876	false	0.5
sexy	neg 1.0		off 0.5361773605123725 neg 0.39584645063847584 __DUMMY__ 0.06797618884915162	false	0.5
abraten	neg 1.0		off 0.5343865699589008 neg 0.3974583532065644 __DUMMY__ 0.06815507683453485	false	0.5
schwarz	neg 1.0		off 0.5344315550516082 neg 0.3974896508595809 __DUMMY__ 0.06807879408881085	false	0.5
fotze	off 1.0	off 1.0	off 0.7541748214722452 neg 0.2129596971830146 __DUMMY__ 0.0328654813447401	false	1.0
verwirren	neg 1.0		off 0.5341879668867029 neg 0.3978398825615327 __DUMMY__ 0.06797215055176446	false	0.5
zahnlos	off 1.0		off 0.5302960393228208 neg 0.40137479491883055 __DUMMY__ 0.06832916575834856	false	1.0
verheeren	neg 1.0		off 0.546685994295663 neg 0.3867906040651817 __DUMMY__ 0.06652340163915532	false	0.5
hippie	neg 1.0		off 0.5356568899716544 neg 0.396371590358207 __DUMMY__ 0.06797151967013866	false	0.5
rammen	neg 1.0		off 0.5350078673741561 neg 0.39650564073884664 __DUMMY__ 0.06848649188699736	false	0.5
unlauter	neg 1.0		off 0.5340333950904483 neg 0.397949514121295 __DUMMY__ 0.06801709078825678	false	0.5
unheilvoll	neg 1.0		off 0.5321697281380883 neg 0.3998557290016503 __DUMMY__ 0.06797454286026128	false	0.5
niedrig	neg 1.0		off 0.5295714018654992 neg 0.40192599607122476 __DUMMY__ 0.068502602063276	false	0.5
explosion	neg 1.0		off 0.5359994435918687 neg 0.3959656045776562 __DUMMY__ 0.06803495183047507	false	0.5
weichei	off 1.0	off 1.0	off 0.758223678277357 neg 0.20996362234484553 __DUMMY__ 0.03181269937779734	false	1.0
minusmensch	off 1.0		off 0.5466647607262589 neg 0.386774656762589 __DUMMY__ 0.06656058251115221	false	1.0
farblos	neg 1.0		off 0.5345878269871055 neg 0.3971325716637558 __DUMMY__ 0.06827960134913864	false	0.5
unwissend	neg 1.0	neg 1.0	neg 0.682126812812785 off 0.2856175923770237 __DUMMY__ 0.032255594810191385	false	1.0
traurig	neg 1.0		off 0.5391159777358367 neg 0.3935540985450728 __DUMMY__ 0.06732992371909047	false	0.5
senkung	neg 1.0		off 0.5318518836439893 neg 0.4006576168725044 __DUMMY__ 0.06749049948350634	false	0.5
ungleich	neg 1.0	neg 1.0	neg 0.6849522440892971 off 0.28228087249157174 __DUMMY__ 0.032766883419131136	false	1.0
heikel	neg 1.0		off 0.5281710263303073 neg 0.4031661626026399 __DUMMY__ 0.06866281106705284	false	0.5
drosselung	neg 1.0		off 0.5368608706926401 neg 0.3957385629516642 __DUMMY__ 0.06740056635569558	false	0.5
falsch	neg 1.0		off 0.5356995441723634 neg 0.39643849657403885 __DUMMY__ 0.06786195925359771	false	0.5
unzufriedenheit	neg 1.0		off 0.5273385542224651 neg 0.40407412087446026 __DUMMY__ 0.06858732490307452	false	0.5
kurz	neg 1.0		off 0.5313824136284333 neg 0.3999709438909275 __DUMMY__ 0.06864664248063923	false	0.5
unsinnig	neg 1.0		off 0.5299840154431026 neg 0.40186581347163824 __DUMMY__ 0.06815017108525914	false	0.5
penner	off 1.0	off 1.0	off 0.7594086443581036 neg 0.20881781406314207 __DUMMY__ 0.03177354157875437	false	1.0
seicht	neg 1.0		off 0.5415203855073738 neg 0.3922389949489791 __DUMMY__ 0.06624061954364703	false	0.5
dummheit	off 1.0	off 1.0	off 0.7545998188773914 neg 0.21305863061116345 __DUMMY__ 0.03234155051144519	false	1.0
unerfreulich	neg 1.0		off 0.5282660403190564 neg 0.40299241031653077 __DUMMY__ 0.06874154936441271	false	0.5
motherfucker	off 1.0	off 1.0	off 0.7576766479514361 neg 0.21012821810389135 __DUMMY__ 0.03219513394467257	false	1.0
pikiert	neg 1.0		off 0.5355111043097622 neg 0.39698867607624594 __DUMMY__ 0.0675002196139919	false	0.5
wrack	neg 1.0		off 0.5348860532908278 neg 0.39601993685566295 __DUMMY__ 0.06909400985350916	false	0.5
gangster	neg 1.0		off 0.5356886730607769 neg 0.396384881560594 __DUMMY__ 0.06792644537862896	false	0.5
krank	neg 1.0		off 0.5374674457777119 neg 0.39495172534752826 __DUMMY__ 0.06758082887475987	false	0.5
reich	neg 1.0		off 0.5345596005796904 neg 0.39788304784021944 __DUMMY__ 0.06755735158009026	false	0.5
gnadenlos	neg 1.0		off 0.5334797276644411 neg 0.3982650243697626 __DUMMY__ 0.06825524796579648	false	0.5
niedergeschlagen	neg 1.0		off 0.5308297237459427 neg 0.40052733328194684 __DUMMY__ 0.06864294297211042	false	0.5
terrorisieren	off 1.0	off 1.0	off 0.752086382072909 neg 0.21509967969777166 __DUMMY__ 0.03281393822931933	false	1.0
sinnlosigkeit	neg 1.0		off 0.5302019125948262 neg 0.4013858886752196 __DUMMY__ 0.06841219872995438	false	0.5
behindern	neg 1.0		off 0.5317890386602098 neg 0.39996296497049044 __DUMMY__ 0.0682479963692998	false	0.5
undemokratisch	neg 1.0		off 0.5332607107220517 neg 0.39886119372786366 __DUMMY__ 0.06787809555008475	false	0.5
wirtschaftskrise	neg 1.0		off 0.5279429065549321 neg 0.4039432002273822 __DUMMY__ 0.06811389321768575	false	0.5
neid	neg 1.0		off 0.534136749836765 neg 0.39808698004284643 __DUMMY__ 0.06777627012038862	false	0.5
rutschen	neg 1.0		off 0.5258655159129547 neg 0.40473068436161047 __DUMMY__ 0.06940379972543476	false	0.5
rezession	neg 1.0		off 0.5356880454189016 neg 0.39760179119162903 __DUMMY__ 0.06671016338946952	false	0.5
fehlgeburt	neg 1.0		off 0.5344650374442064 neg 0.3970657253459518 __DUMMY__ 0.06846923720984181	false	0.5
charakterschwach	off 1.0		off 0.5359458550650641 neg 0.39662282684008526 __DUMMY__ 0.06743131809485062	false	1.0
isolation	neg 1.0		off 0.5371635721076798 neg 0.39476104315021776 __DUMMY__ 0.06807538474210248	false	0.5
ablenkung	neg 1.0		off 0.5323347420194916 neg 0.39928554236119973 __DUMMY__ 0.06837971561930857	false	0.5
pech	neg 1.0		off 0.5352928342965848 neg 0.3969909225303412 __DUMMY__ 0.06771624317307412	false	0.5
vermeidung	neg 1.0		off 0.5371215329170232 neg 0.3953690662353162 __DUMMY__ 0.06750940084766058	false	0.5
dominieren	neg 1.0		off 0.5316271582822427 neg 0.3998616048059963 __DUMMY__ 0.06851123691176089	false	0.5
schwindlig	neg 1.0		off 0.5332472944180215 neg 0.39880408666456135 __DUMMY__ 0.06794861891741708	false	0.5
lutscher	neg 1.0		off 0.5443662484563333 neg 0.3894030388676394 __DUMMY__ 0.06623071267602744	false	0.5
pflicht	neg 1.0		off 0.5276037396189 neg 0.40350795191752237 __DUMMY__ 0.06888830846357757	false	0.5
faschist	off 1.0		off 0.53467752972825 neg 0.3975657994659207 __DUMMY__ 0.06775667080582917	false	1.0
verschleudern	neg 1.0		off 0.5275650468144115 neg 0.4040960503977913 __DUMMY__ 0.06833890278779711	false	0.5
wenn			off 0.5356503740148316 neg 0.39665631447329486 __DUMMY__ 0.06769331151187352	false	0.0
ehebruch	neg 1.0		off 0.5283967824675967 neg 0.4032541205733015 __DUMMY__ 0.06834909695910182	false	0.5
spott	off 1.0		off 0.5300584145749695 neg 0.40131562587385117 __DUMMY__ 0.06862595955117931	false	1.0
trostlosigkeit	neg 1.0		off 0.5255280840513472 neg 0.40590010163398016 __DUMMY__ 0.06857181431467269	false	0.5
lutschen	neg 1.0		off 0.5373478174583736 neg 0.39464826397077735 __DUMMY__ 0.06800391857084898	false	0.5
undiszipliniert	neg 1.0		off 0.5381381209000811 neg 0.3945260807518615 __DUMMY__ 0.06733579834805754	false	0.5
kopfschmerz	neg 1.0		off 0.5270614811018156 neg 0.40473457587471556 __DUMMY__ 0.06820394302346872	false	0.5
unvorhergesehen	neg 1.0		off 0.529120259983188 neg 0.4018608486713119 __DUMMY__ 0.06901889134549996	false	0.5
desinteressiert	neg 1.0		off 0.5374941541153004 neg 0.39511867419746044 __DUMMY__ 0.06738717168723914	false	0.5
armselig	off 1.0		off 0.5395059893075758 neg 0.39330130431489085 __DUMMY__ 0.06719270637753331	false	1.0
desaster	neg 1.0		off 0.5256104776777107 neg 0.40567273189643605 __DUMMY__ 0.06871679042585327	false	0.5
tod	neg 1.0		off 0.5295382311183839 neg 0.40179773555064463 __DUMMY__ 0.0686640333309715	false	0.5
herzlos	neg 1.0		off 0.5389627953239771 neg 0.3938109636318193 __DUMMY__ 0.06722624104420367	false	0.5
unwissenheit	neg 1.0		off 0.5297239710139732 neg 0.4018660004384508 __DUMMY__ 0.06841002854757611	false	0.5
widersinnig	neg 1.0		off 0.5296303755243816 neg 0.4023063469452281 __DUMMY__ 0.06806327753039035	false	0.5
bedenklich	neg 1.0		off 0.5286608640739557 neg 0.40289367844815627 __DUMMY__ 0.06844545747788806	false	0.5
beanstanden	neg 1.0		off 0.5290481370116618 neg 0.40200143043750514 __DUMMY__ 0.0689504325508332	false	0.5
panisch	neg 1.0		off 0.5347317717233865 neg 0.39704910028757384 __DUMMY__ 0.06821912798903955	false	0.5
debil	off 1.0		off 0.5244069346370882 neg 0.40598352416996997 __DUMMY__ 0.0696095411929418	false	1.0
abstrich	neg 1.0		off 0.5339119684255331 neg 0.3973494464138192 __DUMMY__ 0.06873858516064758	false	0.5
primitiv	neg 1.0		off 0.537504129454218 neg 0.3951283455766925 __DUMMY__ 0.0673675249690894	false	0.5
abschaum	off 1.0	off 1.0	off 0.7567326636544605 neg 0.21093649511809873 __DUMMY__ 0.03233084122744088	false	1.0
provozieren	neg 1.0		off 0.5322049501297715 neg 0.3997332636327297 __DUMMY__ 0.06806178623749871	false	0.5
tot	neg 1.0		off 0.5317133655298675 neg 0.39969090780143446 __DUMMY__ 0.06859572666869805	false	0.5
instabil	neg 1.0		off 0.5397027367904127 neg 0.39318461350640066 __DUMMY__ 0.06711264970318667	false	0.5
schwuchtel	off 1.0	off 1.0	off 0.7629995390919679 neg 0.20559589507488135 __DUMMY__ 0.03140456583315073	false	1.0
zerren	neg 1.0		off 0.5305604714898206 neg 0.40080959000629884 __DUMMY__ 0.06862993850388067	false	0.5
kinderficker	off 1.0		off 0.5416016290574591 neg 0.39144303836219624 __DUMMY__ 0.06695533258034474	false	1.0
gefahr	neg 1.0		off 0.528884947736635 neg 0.40216538642092853 __DUMMY__ 0.06894966584243649	false	0.5
rabiat	neg 1.0		off 0.5303727607004183 neg 0.40143912702220275 __DUMMY__ 0.06818811227737903	false	0.5
verlangsamung	neg 1.0		off 0.5430833745731793 neg 0.39016153538020454 __DUMMY__ 0.06675509004661613	false	0.5
ausgestorben	neg 1.0		off 0.5311710367141619 neg 0.40042807319189966 __DUMMY__ 0.06840089009393843	false	0.5
anklagen	neg 1.0		off 0.5303607209898097 neg 0.4013079220734586 __DUMMY__ 0.0683313569367317	false	0.5
trott	neg 1.0		off 0.5326448370747909 neg 0.3990215247489281 __DUMMY__ 0.068333638176281	false	0.5
verminderung	neg 1.0		off 0.5367877054872673 neg 0.3957623210495193 __DUMMY__ 0.06744997346321346	false	0.5
nach			off 0.5256828269238363 neg 0.404660834732457 __DUMMY__ 0.06965633834370671	false	0.0
rost	neg 1.0		off 0.5457122101537838 neg 0.38741254557370836 __DUMMY__ 0.066875244272508	false	0.5
destruktiv	neg 1.0		off 0.5306316805087741 neg 0.40129742816147906 __DUMMY__ 0.06807089132974695	false	0.5
unzumutbarkeit	neg 1.0		off 0.5400501049461397 neg 0.3920252356212185 __DUMMY__ 0.06792465943264171	false	0.5
labil	off 1.0	off 1.0	off 0.7562543720943248 neg 0.21140758565335158 __DUMMY__ 0.03233804225232375	false	1.0
ziemlich	neg 1.0		off 0.5375348060612704 neg 0.39471163216806054 __DUMMY__ 0.06775356177066919	false	0.5
lachnummer	off 1.0		off 0.5323994494828875 neg 0.39939151566084774 __DUMMY__ 0.06820903485626482	false	1.0
oder			off 0.5335832456759627 neg 0.39804232765206965 __DUMMY__ 0.06837442667196773	false	0.0
verfall	neg 1.0		off 0.5239970379808471 neg 0.40708571046008746 __DUMMY__ 0.06891725155906543	false	0.5
ausgrenzung	neg 1.0		off 0.5334272681117165 neg 0.3986608580779657 __DUMMY__ 0.06791187381031773	false	0.5
unordnung	neg 1.0		off 0.5429536399402033 neg 0.3895933536143877 __DUMMY__ 0.06745300644540911	false	0.5
fehlverhalten	neg 1.0		off 0.5285211150701367 neg 0.4028491130628788 __DUMMY__ 0.06862977186698462	false	0.5
eine			off 0.5271522416668075 neg 0.4039633544348331 __DUMMY__ 0.06888440389835922	false	0.0
nille	neg 1.0		off 0.5332065919396801 neg 0.39845462608085186 __DUMMY__ 0.06833878197946795	false	0.5
qual	neg 1.0		off 0.5322195201213521 neg 0.3994357325355925 __DUMMY__ 0.06834474734305526	false	0.5
verschwenden	neg 1.0		off 0.5275024166826108 neg 0.4039748557205234 __DUMMY__ 0.06852272759686588	false	0.5
riesig	neg 1.0		off 0.5312678749132932 neg 0.3998052912346962 __DUMMY__ 0.06892683385201061	false	0.5
verurteilen	neg 1.0		off 0.5296888728319727 neg 0.40200133929138687 __DUMMY__ 0.06830978787664044	false	0.5
klischee	neg 1.0	neg 1.0	neg 0.6824883928034149 off 0.2851999047021986 __DUMMY__ 0.03231170249438653	false	1.0
diktatorisch	neg 1.0		off 0.5326633078786015 neg 0.3995665244905004 __DUMMY__ 0.06777016763089794	false	0.5
vorhersehbar	neg 1.0		off 0.5331232427000475 neg 0.3991840802373209 __DUMMY__ 0.0676926770626315	false	0.5
sowie			off 0.5399404399577439 neg 0.3932180619619244 __DUMMY__ 0.0668414980803317	false	0.0
stornieren	neg 1.0		off 0.5398210365611393 neg 0.3914571713988532 __DUMMY__ 0.06872179204000729	false	0.5
besteuerung	neg 1.0	neg 1.0	neg 0.684787769595379 off 0.28290370508098794 __DUMMY__ 0.032308525323632986	false	1.0
ungeschminkt	neg 1.0		off 0.5388751645363679 neg 0.3936183435811556 __DUMMY__ 0.06750649188247658	false	0.5
kritisch	neg 1.0		off 0.5301474430030262 neg 0.40136810258222116 __DUMMY__ 0.06848445441475266	false	0.5
schlamperei	off 1.0		off 0.5294314427661507 neg 0.40192422020394397 __DUMMY__ 0.06864433702990537	false	1.0
sucht	neg 1.0	neg 1.0	neg 0.6807818786052232 off 0.28642702851631774 __DUMMY__ 0.03279109287845905	false	1.0
egoistisch	off 1.0	off 1.0	off 0.7591026381022071 neg 0.2089157138763654 __DUMMY__ 0.03198164802142741	false	1.0
ausbeuter	off 1.0		off 0.5267789029449156 neg 0.40480804839769957 __DUMMY__ 0.06841304865738483	false	1.0
arschgeburt	off 1.0		off 0.5491390109659631 neg 0.3848395832173079 __DUMMY__ 0.06602140581672913	false	1.0
schubs	neg 1.0		off 0.5290132145704163 neg 0.40256419264822807 __DUMMY__ 0.06842259278135558	false	0.5
unsolide	neg 1.0		off 0.5341681384916656 neg 0.39795725998559 __DUMMY__ 0.0678746015227444	false	0.5
beschwerde	neg 1.0		off 0.5311011329133749 neg 0.4003657615217995 __DUMMY__ 0.06853310556482563	false	0.5
stocken	neg 1.0		off 0.5302785352170235 neg 0.40107467712319256 __DUMMY__ 0.06864678765978395	false	0.5
isolieren	neg 1.0		off 0.5311326357590751 neg 0.40034312506716846 __DUMMY__ 0.06852423917375654	false	0.5
unheilbar	neg 1.0		off 0.5310216150777399 neg 0.40090070990006205 __DUMMY__ 0.06807767502219812	false	0.5
pisser	off 1.0	off 1.0	off 0.7589670636873548 neg 0.20877846596102376 __DUMMY__ 0.032254470351621406	false	1.0
löschen	neg 1.0		off 0.5332900739901153 neg 0.39843097128319294 __DUMMY__ 0.06827895472669175	false	0.5
durchfallen	neg 1.0		off 0.5297757543655806 neg 0.4017514109573117 __DUMMY__ 0.06847283467710788	false	0.5
wichser	off 1.0	off 1.0	off 0.7607250616121747 neg 0.2076913698265149 __DUMMY__ 0.031583568561310435	false	1.0
terror	neg 1.0		off 0.5360801964695189 neg 0.3958615639399476 __DUMMY__ 0.06805823959053338	false	0.5
krass	neg 1.0		off 0.5408341511266488 neg 0.39208144154502395 __DUMMY__ 0.06708440732832739	false	0.5
revolte	neg 1.0		off 0.5320676725562945 neg 0.40057560945018816 __DUMMY__ 0.06735671799351718	false	0.5
besorgt	neg 1.0		off 0.5322194919991484 neg 0.3990403089834146 __DUMMY__ 0.06874019901743696	false	0.5
nachlassen	neg 1.0		off 0.5306163880698905 neg 0.4006756770229056 __DUMMY__ 0.06870793490720395	false	0.5
alt	neg 1.0		off 0.5262977681901337 neg 0.40561999813838573 __DUMMY__ 0.06808223367148049	false	0.5
hundesohn	off 1.0	off 1.0	off 0.7616227889704338 neg 0.2065529878381587 __DUMMY__ 0.03182422319140759	false	1.0
als			off 0.5297907750886545 neg 0.40183512177308944 __DUMMY__ 0.06837410313825606	false	0.0
abschreckung	neg 1.0		off 0.5275196113792731 neg 0.40382090046178715 __DUMMY__ 0.06865948815893973	false	0.5
unqualifiziert	neg 1.0		off 0.5354223140265839 neg 0.3968496372710263 __DUMMY__ 0.06772804870238985	false	0.5
abgewichst	off 1.0		off 0.5330734154908299 neg 0.3984603017695357 __DUMMY__ 0.06846628273963447	false	1.0
schwer	neg 1.0		off 0.5309794326812305 neg 0.4007843399123357 __DUMMY__ 0.0682362274064339	false	0.5
bedeutungslosigkeit	neg 1.0		off 0.5279643384016696 neg 0.40341896959005885 __DUMMY__ 0.06861669200827152	false	0.5
kapitulation	neg 1.0		off 0.5279095831347389 neg 0.4038873619172313 __DUMMY__ 0.06820305494802986	false	0.5
unscharf	neg 1.0		off 0.5310472902827423 neg 0.4014229723762765 __DUMMY__ 0.06752973734098115	false	0.5
schwinden	neg 1.0		off 0.5279716915402205 neg 0.4034586951323208 __DUMMY__ 0.06856961332745866	false	0.5
versklavung	neg 1.0	neg 1.0	neg 0.6835053686588387 off 0.28408662577671207 __DUMMY__ 0.03240800556444919	false	1.0
schlecht	neg 1.0		off 0.5378875338822771 neg 0.39432888201170774 __DUMMY__ 0.06778358410601518	false	0.5
verhasst	neg 1.0		off 0.5325627723273035 neg 0.39948014935539905 __DUMMY__ 0.06795707831729747	false	0.5
beschweren	neg 1.0		off 0.5344591078752381 neg 0.39736272224494856 __DUMMY__ 0.06817816987981326	false	0.5
scheiden	neg 1.0		off 0.5324317055739147 neg 0.399311697740746 __DUMMY__ 0.06825659668533936	false	0.5
frustriert	neg 1.0		off 0.5310471150969833 neg 0.4005230222715829 __DUMMY__ 0.06842986263143384	false	0.5
schimmelig	neg 1.0		off 0.5289699321960616 neg 0.4026709474596283 __DUMMY__ 0.06835912034431006	false	0.5
fisch	neg 1.0		off 0.5248644460118306 neg 0.40667326173418405 __DUMMY__ 0.06846229225398552	false	0.5
schmuggel	neg 1.0		off 0.5286366130609718 neg 0.4023072868560024 __DUMMY__ 0.06905610008302582	false	0.5
auffallen	neg 1.0		off 0.534168836656494 neg 0.3978048541641628 __DUMMY__ 0.06802630917934316	false	0.5
konkurrenz	neg 1.0		off 0.5292448394395276 neg 0.40184583581637917 __DUMMY__ 0.06890932474409311	false	0.5
teufelskreis	neg 1.0	neg 1.0	neg 0.6851502426088422 off 0.2823722115430331 __DUMMY__ 0.0324775458481247	false	1.0
aufschreien	neg 1.0		off 0.5335474700881238 neg 0.39866595660201676 __DUMMY__ 0.06778657330985954	false	0.5
schuldner	neg 1.0		off 0.5265357284681181 neg 0.4050742194480732 __DUMMY__ 0.06839005208380869	false	0.5
missgeburt	off 1.0	off 1.0	off 0.7618179406730294 neg 0.2061328431345837 __DUMMY__ 0.03204921619238685	false	1.0
arbeitslos	neg 1.0		off 0.529785637200398 neg 0.4017194374942325 __DUMMY__ 0.06849492530536962	false	0.5
befallen	neg 1.0		off 0.5304259763533467 neg 0.4014059076886119 __DUMMY__ 0.06816811595804134	false	0.5
miesepetrig	off 1.0	off 1.0	off 0.7559492572317833 neg 0.21176545349219794 __DUMMY__ 0.032285289276018744	false	1.0
alarmieren	neg 1.0		off 0.5365115773578625 neg 0.3957137312060051 __DUMMY__ 0.06777469143613248	false	0.5
ungeduscht	off 1.0		off 0.5353525224009611 neg 0.39698656596422244 __DUMMY__ 0.06766091163481641	false	1.0
knappheit	neg 1.0		off 0.5290187173946486 neg 0.40273623396499586 __DUMMY__ 0.06824504864035547	false	0.5
schlange	neg 1.0		off 0.5334265462541289 neg 0.398207372280572 __DUMMY__ 0.06836608146529907	false	0.5
harsch	neg 1.0		off 0.5442202605923236 neg 0.3880665414123915 __DUMMY__ 0.06771319799528497	false	0.5
lang	neg 1.0		off 0.5339719969828949 neg 0.3978138193502981 __DUMMY__ 0.0682141836668071	false	0.5
ziellos	neg 1.0		off 0.529476593369863 neg 0.4017199532201693 __DUMMY__ 0.06880345340996764	false	0.5
selbstverliebt	neg 1.0		off 0.5467360149098477 neg 0.386912101968199 __DUMMY__ 0.06635188312195324	false	0.5
beseitigen	neg 1.0		off 0.5361362266374871 neg 0.3950312900510043 __DUMMY__ 0.06883248331150875	false	0.5
dumm	off 1.0		off 0.5418466773163569 neg 0.39136231922745973 __DUMMY__ 0.06679100345618329	false	1.0
arbeitsloser	neg 1.0		off 0.5319113388881528 neg 0.3992857436725938 __DUMMY__ 0.06880291743925336	false	0.5
blitzen	neg 1.0		off 0.535390347818172 neg 0.3968111757924385 __DUMMY__ 0.06779847638938928	false	0.5
hilflos	neg 1.0		off 0.5297957548617753 neg 0.4017365992548269 __DUMMY__ 0.06846764588339775	false	0.5
eklig	off 1.0		off 0.5413341800398714 neg 0.3920756642269186 __DUMMY__ 0.06659015573320998	false	1.0
begriff			off 0.5312224427620342 neg 0.4005510612392916 __DUMMY__ 0.06822649599867425	false	0.0
hungersnot	neg 1.0		off 0.5278484258801707 neg 0.40407239317757815 __DUMMY__ 0.0680791809422513	false	0.5
ungesetzlich	neg 1.0		off 0.5329945729355758 neg 0.3991821674337344 __DUMMY__ 0.06782325963068983	false	0.5
verschwendung	neg 1.0		off 0.527970247497369 neg 0.40341121036407046 __DUMMY__ 0.06861854213856061	false	0.5
schmerzvoll	neg 1.0		off 0.5325900405208448 neg 0.39942721370272777 __DUMMY__ 0.06798274577642749	false	0.5
vorzeitig	neg 1.0		off 0.5381267974962198 neg 0.3939476963476772 __DUMMY__ 0.06792550615610306	false	0.5
unvollkommenheit	neg 1.0		off 0.5310564069573193 neg 0.40053530575503354 __DUMMY__ 0.06840828728764717	false	0.5
intervenieren	neg 1.0		off 0.5275527907240208 neg 0.40406552734849743 __DUMMY__ 0.0683816819274817	false	0.5
banause	off 1.0		off 0.5410083138054764 neg 0.39281691380067213 __DUMMY__ 0.06617477239385136	false	1.0
rebell	neg 1.0		off 0.5253261240840749 neg 0.4057147187626655 __DUMMY__ 0.06895915715325965	false	0.5
unlogisch	neg 1.0		off 0.5385643660527863 neg 0.3941560757282971 __DUMMY__ 0.0672795582189167	false	0.5
leiden	neg 1.0		off 0.5293233670329034 neg 0.40160926533513364 __DUMMY__ 0.06906736763196297	false	0.5
abschaffung	neg 1.0		off 0.5321779867302993 neg 0.39986291793412193 __DUMMY__ 0.06795909533557881	false	0.5
sturz	neg 1.0		off 0.5376422950971703 neg 0.3937889157826312 __DUMMY__ 0.06856878912019848	false	0.5
verkleinerung	neg 1.0		off 0.5341526584392419 neg 0.3983322929893715 __DUMMY__ 0.06751504857138652	false	0.5
schmarotzer	off 1.0		off 0.5299240256366902 neg 0.4017677750459138 __DUMMY__ 0.06830819931739607	false	1.0
bestrafung	neg 1.0	neg 1.0	neg 0.6829538730693852 off 0.28442713637126293 __DUMMY__ 0.03261899055935193	false	1.0
achtlos	neg 1.0		off 0.5311807647048457 neg 0.40037671675680453 __DUMMY__ 0.06844251853834982	false	0.5
ungeheuer	neg 1.0		off 0.5315865662460844 neg 0.4003769131982409 __DUMMY__ 0.06803652055567462	false	0.5
unaufrichtig	neg 1.0		off 0.5363435971042504 neg 0.3958025857102452 __DUMMY__ 0.06785381718550444	false	0.5
groggy	neg 1.0		off 0.5362938604913445 neg 0.3956003781597427 __DUMMY__ 0.06810576134891277	false	0.5
verletzlich	neg 1.0		off 0.5341289811138538 neg 0.3985857960570285 __DUMMY__ 0.06728522282911764	false	0.5
ablehnen	neg 1.0		off 0.530002240582473 neg 0.40147816343948484 __DUMMY__ 0.06851959597804204	false	0.5
