unsolidarisch	neg 1.0		off 0.5309684327421872 neg 0.4011598044013853 __DUMMY__ 0.06787176285642739	false	0.5
nachteilig	neg 1.0		off 0.5311016777239356 neg 0.40000058503772185 __DUMMY__ 0.0688977372383426	false	0.5
skeptisch	neg 1.0		off 0.5280701522442964 neg 0.4031910296840273 __DUMMY__ 0.06873881807167614	false	0.5
schrecklich	neg 1.0		off 0.5393371261382163 neg 0.3933954623928839 __DUMMY__ 0.06726741146889993	false	0.5
schlapp	neg 1.0	neg 1.0	neg 0.6816443307757731 off 0.2860815925489713 __DUMMY__ 0.03227407667525549	false	1.0
abfall	neg 1.0		off 0.5263010164291709 neg 0.4045250085928794 __DUMMY__ 0.06917397497794976	false	0.5
widerspenstig	neg 1.0		off 0.5306140095293517 neg 0.4012299435307379 __DUMMY__ 0.06815604693991055	false	0.5
abrupt	neg 1.0		off 0.527254877453397 neg 0.40407346534532335 __DUMMY__ 0.06867165720127959	false	0.5
unwirksam	neg 1.0		off 0.5294955883319811 neg 0.40281287720461795 __DUMMY__ 0.06769153446340088	false	0.5
angreifen	neg 1.0		off 0.5274469512771058 neg 0.40377050081351257 __DUMMY__ 0.06878254790938149	false	0.5
inkonsistent	neg 1.0		off 0.5333253219733605 neg 0.3988824195562545 __DUMMY__ 0.06779225847038502	false	0.5
abrutschen	neg 1.0		off 0.5253426257153204 neg 0.4055515585859566 __DUMMY__ 0.06910581569872297	false	0.5
unsicher	neg 1.0		off 0.5325207926382685 neg 0.39909950197910804 __DUMMY__ 0.0683797053826237	false	0.5
bauernkind	off 1.0	off 1.0	off 0.757881582067518 neg 0.21031273947521426 __DUMMY__ 0.031805678457267776	false	1.0
angreifer	neg 1.0		off 0.5380181070321791 neg 0.3936862546925619 __DUMMY__ 0.06829563827525895	false	0.5
trennen	neg 1.0		off 0.5281962519409102 neg 0.40286334147672814 __DUMMY__ 0.06894040658236152	false	0.5
schmutz	neg 1.0		off 0.5410708246198314 neg 0.3900464086804297 __DUMMY__ 0.06888276669973907	false	0.5
inkonsistenz	neg 1.0		off 0.5357021432870417 neg 0.3966231720465366 __DUMMY__ 0.06767468466642164	false	0.5
erschreckend	neg 1.0		off 0.5311431799134266 neg 0.4005460189159493 __DUMMY__ 0.0683108011706242	false	0.5
ertrinken	neg 1.0		off 0.5263721676466279 neg 0.4049210811871986 __DUMMY__ 0.06870675116617352	false	0.5
pickelface	off 1.0		off 0.5338827164989823 neg 0.3977375819331084 __DUMMY__ 0.06837970156790932	false	1.0
seiner			off 0.5287009513600879 neg 0.4024191047183967 __DUMMY__ 0.0688799439215154	false	0.0
lauch	neg 1.0	neg 1.0	neg 0.6854541492605694 off 0.28142497239153536 __DUMMY__ 0.03312087834789523	false	1.0
unwichtig	neg 1.0		off 0.5357421748217046 neg 0.3965626900234871 __DUMMY__ 0.06769513515480836	false	0.5
steuerhinterziehung	neg 1.0		off 0.5298578244855783 neg 0.40207136439587476 __DUMMY__ 0.06807081111854706	false	0.5
schock	neg 1.0		off 0.5310166498200776 neg 0.40049845517256105 __DUMMY__ 0.06848489500736149	false	0.5
beule	neg 1.0		off 0.5374733578103931 neg 0.395142776689335 __DUMMY__ 0.06738386550027205	false	0.5
vergelten	neg 1.0		off 0.541812781599787 neg 0.3907947245058019 __DUMMY__ 0.06739249389441108	false	0.5
verdorbenheit	neg 1.0		off 0.5355256057669596 neg 0.39601018063370697 __DUMMY__ 0.0684642135993334	false	0.5
trauma	neg 1.0		off 0.5331963355983078 neg 0.39870571722381754 __DUMMY__ 0.06809794717787476	false	0.5
sinnlos	neg 1.0		off 0.5338837032909675 neg 0.3980265019504295 __DUMMY__ 0.06808979475860316	false	0.5
fettsack	off 1.0	off 1.0	off 0.7592317962662385 neg 0.2089114883318481 __DUMMY__ 0.03185671540191348	false	1.0
feige	off 1.0	off 1.0	off 0.756154774024514 neg 0.21164449699330773 __DUMMY__ 0.03220072898217818	false	1.0
abdanken	neg 1.0		off 0.5320804864246091 neg 0.39956708866344337 __DUMMY__ 0.0683524249119476	false	0.5
wichtigtuer	off 1.0	off 1.0	off 0.7551125436246859 neg 0.2124382383914109 __DUMMY__ 0.03244921798390314	false	1.0
misslingen	neg 1.0		off 0.5372837047788804 neg 0.39404038195475144 __DUMMY__ 0.0686759132663681	false	0.5
untreu	off 1.0		off 0.5367923285411831 neg 0.3956386521644538 __DUMMY__ 0.06756901929436307	false	1.0
missmutig	neg 1.0		off 0.5337066334362327 neg 0.3986207885278352 __DUMMY__ 0.0676725780359321	false	0.5
hurenbock	off 1.0		off 0.5325867493461611 neg 0.3992520271000198 __DUMMY__ 0.06816122355381901	false	1.0
betrunken	neg 1.0		off 0.5383269564392851 neg 0.3943215172889597 __DUMMY__ 0.0673515262717553	false	0.5
korrupt	off 1.0		off 0.5286536453974215 neg 0.4033364984274865 __DUMMY__ 0.06800985617509198	false	1.0
unmut	neg 1.0		off 0.5267013780118829 neg 0.40436102212455616 __DUMMY__ 0.0689375998635611	false	0.5
hackfresse	off 1.0		off 0.5429617322347386 neg 0.3902747508264885 __DUMMY__ 0.0667635169387729	false	1.0
aufblasen	neg 1.0		off 0.5322456791286729 neg 0.39954751972731717 __DUMMY__ 0.06820680114400986	false	0.5
gewaltsam	neg 1.0		off 0.5332258045723662 neg 0.3982869538784578 __DUMMY__ 0.06848724154917592	false	0.5
unbeliebtheit	neg 1.0		off 0.5380623435226407 neg 0.39423392226375686 __DUMMY__ 0.06770373421360248	false	0.5
sturheit	neg 1.0		off 0.531701647463746 neg 0.3998828050480633 __DUMMY__ 0.06841554748819065	false	0.5
kuh	neg 1.0		off 0.5309963251813938 neg 0.401717640958803 __DUMMY__ 0.06728603385980314	false	0.5
erschrecken	neg 1.0		off 0.535625540138562 neg 0.3964957833118374 __DUMMY__ 0.06787867654960057	false	0.5
opfer	neg 1.0		off 0.5298837155897406 neg 0.4013996109692681 __DUMMY__ 0.0687166734409914	false	0.5
sinken	neg 1.0		off 0.5264756663724808 neg 0.4047689791712879 __DUMMY__ 0.06875535445623127	false	0.5
stinktier	neg 1.0		off 0.5387561799590237 neg 0.3946381319940199 __DUMMY__ 0.0666056880469563	false	0.5
tucke	off 1.0		off 0.54292385461209 neg 0.39084007418458316 __DUMMY__ 0.06623607120332664	false	1.0
ein			off 0.5300362229497488 neg 0.40183830814312854 __DUMMY__ 0.06812546890712255	false	0.0
abstieg	neg 1.0		off 0.5328936693954234 neg 0.3982401248380364 __DUMMY__ 0.06886620576654028	false	0.5
missverstehen	neg 1.0		off 0.5339598383729522 neg 0.39813968905480757 __DUMMY__ 0.06790047257224015	false	0.5
ergebnislos	neg 1.0		off 0.5309504294828397 neg 0.40013877070974657 __DUMMY__ 0.06891079980741392	false	0.5
unter			off 0.5242664233315703 neg 0.4059298250010636 __DUMMY__ 0.06980375166736613	false	0.0
manipulieren	neg 1.0		off 0.5289481697748708 neg 0.40226859311393653 __DUMMY__ 0.06878323711119261	false	0.5
unbewiesen	neg 1.0		off 0.5323426210417198 neg 0.39963684880503547 __DUMMY__ 0.06802053015324468	false	0.5
verschleppen	neg 1.0		off 0.5289803546808077 neg 0.40262429479432216 __DUMMY__ 0.06839535052487002	false	0.5
weib	off 1.0		off 0.5446821671317018 neg 0.3888147133407372 __DUMMY__ 0.06650311952756094	false	1.0
opposition	neg 1.0		off 0.5325658756491018 neg 0.39951967534716565 __DUMMY__ 0.06791444900373242	false	0.5
verkehrswidrig	neg 1.0		off 0.5450546825554526 neg 0.3872259816577807 __DUMMY__ 0.06771933578676673	false	0.5
inkorrekt	neg 1.0		off 0.5383496651970868 neg 0.394485528732791 __DUMMY__ 0.0671648060701222	false	0.5
vermeiden	neg 1.0		off 0.5268852407032956 neg 0.4037020258092589 __DUMMY__ 0.06941273348744546	false	0.5
abweichung	neg 1.0		off 0.5317198348287206 neg 0.3995812918096676 __DUMMY__ 0.06869887336161178	false	0.5
alkoholisiert	neg 1.0		off 0.5338176185260247 neg 0.3966342171149327 __DUMMY__ 0.06954816435904264	false	0.5
scheiss	off 1.0	off 1.0	off 0.7570901403485863 neg 0.21077298629646973 __DUMMY__ 0.032136873354943904	false	1.0
herausforderung	neg 1.0		off 0.5305825906517139 neg 0.4008192565479213 __DUMMY__ 0.06859815280036485	false	0.5
pervers	off 1.0		off 0.5462798318282908 neg 0.38749055966791535 __DUMMY__ 0.06622960850379397	false	1.0
wackelig	neg 1.0		off 0.5306644582977051 neg 0.4006943164554311 __DUMMY__ 0.0686412252468638	false	0.5
verwickeln	neg 1.0		off 0.5332549208367042 neg 0.39874536373770386 __DUMMY__ 0.06799971542559183	false	0.5
vorwand	neg 1.0		off 0.5273253866307341 neg 0.40382951370365017 __DUMMY__ 0.0688450996656156	false	0.5
muschi	off 1.0		off 0.5336574563401554 neg 0.39775171857459535 __DUMMY__ 0.06859082508524932	false	1.0
entmutigung	neg 1.0		off 0.5315695615005237 neg 0.4008421938832214 __DUMMY__ 0.06758824461625486	false	0.5
unangemessen	neg 1.0		off 0.5308414780911181 neg 0.40080287260995734 __DUMMY__ 0.06835564929892442	false	0.5
unstetig	neg 1.0		off 0.5368354913499443 neg 0.3951801115991992 __DUMMY__ 0.06798439705085649	false	0.5
entmutigen	neg 1.0		off 0.5315690051724394 neg 0.40044721698053065 __DUMMY__ 0.06798377784702997	false	0.5
schwanz	neg 1.0		off 0.5316540792344879 neg 0.39961068986862724 __DUMMY__ 0.06873523089688492	false	0.5
verbot	neg 1.0		off 0.5300846346830475 neg 0.4016295914931092 __DUMMY__ 0.06828577382384318	false	0.5
leid	neg 1.0		off 0.540523502563699 neg 0.39241901589262196 __DUMMY__ 0.06705748154367912	false	0.5
archaisch	neg 1.0		off 0.5302510177576729 neg 0.4014281225737978 __DUMMY__ 0.06832085966852927	false	0.5
gegen			off 0.5283562924523015 neg 0.4025612887020068 __DUMMY__ 0.06908241884569162	false	0.0
scheidung	neg 1.0		off 0.5539417264020344 neg 0.37944638514633444 __DUMMY__ 0.06661188845163106	false	0.5
einschlag	neg 1.0		off 0.5424709219484892 neg 0.3898827371700053 __DUMMY__ 0.06764634088150556	false	0.5
m			off 0.5313720209503928 neg 0.3999987258255794 __DUMMY__ 0.06862925322402777	false	0.0
abgestanden	neg 1.0		off 0.5284234756125669 neg 0.4039591631503174 __DUMMY__ 0.0676173612371159	false	0.5
schmierig	off 1.0		off 0.539910856116322 neg 0.3930435550938333 __DUMMY__ 0.06704558878984479	false	1.0
unpraktisch	neg 1.0		off 0.533952730881529 neg 0.39783342389676 __DUMMY__ 0.06821384522171116	false	0.5
wixxer	off 1.0		off 0.5460960299888559 neg 0.3877957082879821 __DUMMY__ 0.06610826172316198	false	1.0
bezeichnet			off 0.5327290784013454 neg 0.39897178322032206 __DUMMY__ 0.06829913837833253	false	0.0
jammerlappen	off 1.0		off 0.5360060178089646 neg 0.39631722473846537 __DUMMY__ 0.06767675745256989	false	1.0
farce	neg 1.0		off 0.5309830829805532 neg 0.40096221695568623 __DUMMY__ 0.0680547000637605	false	0.5
zwecklos	neg 1.0		off 0.5295566549461181 neg 0.40206113726495624 __DUMMY__ 0.06838220778892569	false	0.5
turbulent	neg 1.0		off 0.5390707072652119 neg 0.3933656405896737 __DUMMY__ 0.06756365214511444	false	0.5
invasion	neg 1.0		off 0.5346530499191118 neg 0.3973214488912006 __DUMMY__ 0.0680255011896875	false	0.5
schuld	neg 1.0		off 0.5329365322521542 neg 0.3989468944827765 __DUMMY__ 0.06811657326506927	false	0.5
risiko	neg 1.0		off 0.5340589630135376 neg 0.39792601786685516 __DUMMY__ 0.06801501911960726	false	0.5
finster	neg 1.0		off 0.5301650747234484 neg 0.4018252260751085 __DUMMY__ 0.06800969920144319	false	0.5
geisteskrank	off 1.0		off 0.5375412866444759 neg 0.39512846009240093 __DUMMY__ 0.06733025326312327	false	1.0
zusammenbrechen	neg 1.0		off 0.5299211078393986 neg 0.40168429132125916 __DUMMY__ 0.0683946008393423	false	0.5
ausbeute	neg 1.0		off 0.5327088011432467 neg 0.3986973716088569 __DUMMY__ 0.06859382724789632	false	0.5
hinterhalt	neg 1.0		off 0.5314539226399816 neg 0.4001108595188864 __DUMMY__ 0.06843521784113193	false	0.5
kritik	neg 1.0		off 0.5304138614193704 neg 0.40155083062984204 __DUMMY__ 0.0680353079507876	false	0.5
einschrumpfen	neg 1.0		off 0.5356201717421424 neg 0.39684357243947344 __DUMMY__ 0.06753625581838417	false	0.5
riskant	neg 1.0		off 0.528200786510188 neg 0.4030963098736481 __DUMMY__ 0.06870290361616378	false	0.5
frustrieren	neg 1.0		off 0.5284225900563875 neg 0.40304174011472144 __DUMMY__ 0.06853566982889099	false	0.5
groll	neg 1.0		off 0.5306127912752776 neg 0.4008960702021749 __DUMMY__ 0.06849113852254751	false	0.5
gibt			off 0.5302612450261119 neg 0.40119412434057605 __DUMMY__ 0.068544630633312	false	0.0
qualvoll	neg 1.0		off 0.5333740648346514 neg 0.3986637214724404 __DUMMY__ 0.06796221369290806	false	0.5
wackeln	neg 1.0		off 0.5323014406792723 neg 0.3993546951757676 __DUMMY__ 0.06834386414496023	false	0.5
klagen	neg 1.0		off 0.5273375223647483 neg 0.40387732229762585 __DUMMY__ 0.06878515533762591	false	0.5
bankrott	neg 1.0		off 0.5378081019103726 neg 0.39415497308846204 __DUMMY__ 0.06803692500116541	false	0.5
trauern	neg 1.0		off 0.5306279114485095 neg 0.40032806009541716 __DUMMY__ 0.0690440284560734	false	0.5
ablehnung	neg 1.0		off 0.5308164165412073 neg 0.4009519594790231 __DUMMY__ 0.06823162397976948	false	0.5
stur	neg 1.0		off 0.5323286080795281 neg 0.399647153963306 __DUMMY__ 0.06802423795716595	false	0.5
aufruhr	neg 1.0		off 0.5307521302277455 neg 0.40122763426009156 __DUMMY__ 0.06802023551216295	false	0.5
melancholie	neg 1.0		off 0.5265987875605125 neg 0.40490310309219824 __DUMMY__ 0.06849810934728917	false	0.5
ist			off 0.5334412220065322 neg 0.39847774595230556 __DUMMY__ 0.0680810320411622	false	0.0
torheit	neg 1.0		off 0.5325603110617181 neg 0.3994121850516336 __DUMMY__ 0.06802750388664827	false	0.5
dreckskind	off 1.0		off 0.5441043103688288 neg 0.3892398467387446 __DUMMY__ 0.06665584289242649	false	1.0
umtauschen	neg 1.0		off 0.5317903935933366 neg 0.3998778940034238 __DUMMY__ 0.06833171240323972	false	0.5
zum			off 0.5292263221067043 neg 0.4010176534550956 __DUMMY__ 0.06975602443820006	false	0.0
zersetzen	neg 1.0		off 0.527269074751677 neg 0.40413993887628796 __DUMMY__ 0.06859098637203502	false	0.5
zur			off 0.5271309526772555 neg 0.4034416418381366 __DUMMY__ 0.06942740548460788	false	0.0
frust	neg 1.0		off 0.5296631838554301 neg 0.40192056261953324 __DUMMY__ 0.06841625352503673	false	0.5
unerbittlichkeit	neg 1.0		off 0.5293682541912317 neg 0.40190672252373894 __DUMMY__ 0.06872502328502936	false	0.5
zwei			off 0.5265506496239154 neg 0.40400380248544565 __DUMMY__ 0.069445547890639	false	0.0
unkorrekt	neg 1.0		off 0.5375917511564399 neg 0.3951073025562709 __DUMMY__ 0.06730094628728919	false	0.5
hexe	off 1.0		off 0.5344353278197709 neg 0.39811617284190853 __DUMMY__ 0.06744849933832049	false	1.0
lasch	neg 1.0		off 0.5352991301728142 neg 0.3969336020638937 __DUMMY__ 0.06776726776329209	false	0.5
rivale	neg 1.0		off 0.5403378394798761 neg 0.3922761957136807 __DUMMY__ 0.06738596480644307	false	0.5
mutlos	off 1.0	off 1.0	off 0.7523137479492101 neg 0.2149829355150825 __DUMMY__ 0.03270331653570747	false	1.0
wirr	off 1.0		off 0.5392379469996039 neg 0.3936694916140439 __DUMMY__ 0.06709256138635211	false	1.0
jahr			off 0.5318847194841702 neg 0.3988436593653162 __DUMMY__ 0.06927162115051376	false	0.0
wird			off 0.5300311971777525 neg 0.4013387331484922 __DUMMY__ 0.06863006967375541	false	0.0
strafbar	neg 1.0		off 0.5285611963412589 neg 0.4028070710943232 __DUMMY__ 0.06863173256441799	false	0.5
erosion	neg 1.0		off 0.5330147495702238 neg 0.3986478414135069 __DUMMY__ 0.0683374090162693	false	0.5
eingehen	neg 1.0		off 0.5278012700508602 neg 0.4037117346226409 __DUMMY__ 0.06848699532649884	false	0.5
faul	off 1.0		off 0.5364570260194947 neg 0.3956447215532028 __DUMMY__ 0.06789825242730256	false	1.0
provisorium	neg 1.0		off 0.5246412016495166 neg 0.405521346818613 __DUMMY__ 0.06983745153187054	false	0.5
schmerzen	neg 1.0		off 0.5295563007580257 neg 0.4023023122379624 __DUMMY__ 0.06814138700401182	false	0.5
schrumpfen	neg 1.0		off 0.5242130680702999 neg 0.40681638890640814 __DUMMY__ 0.06897054302329202	false	0.5
geistlos	off 1.0		off 0.5326549149065162 neg 0.3997084219978618 __DUMMY__ 0.06763666309562211	false	1.0
fehlkauf	neg 1.0		off 0.5342675195801135 neg 0.39777855024381864 __DUMMY__ 0.06795393017606781	false	0.5
frustrierend	neg 1.0		off 0.5346349156472512 neg 0.39760361670839095 __DUMMY__ 0.06776146764435802	false	0.5
unzufrieden	neg 1.0		off 0.5300178247656492 neg 0.40148737146879093 __DUMMY__ 0.06849480376555987	false	0.5
verzweifeln	neg 1.0		off 0.5312245305451022 neg 0.4003888347843543 __DUMMY__ 0.06838663467054343	false	0.5
verzweifelt	neg 1.0		off 0.532572726103654 neg 0.39937970537913514 __DUMMY__ 0.06804756851721092	false	0.5
misstrauensantrag	neg 1.0		off 0.5336370722926156 neg 0.398386465365925 __DUMMY__ 0.06797646234145945	false	0.5
abfallen	neg 1.0		off 0.5321192348917966 neg 0.39966180431586795 __DUMMY__ 0.06821896079233548	false	0.5
fucker	off 1.0		off 0.5401138090721309 neg 0.3923647802634028 __DUMMY__ 0.06752141066446618	false	1.0
ungezogen	neg 1.0		off 0.5449526217744185 neg 0.3884981132187119 __DUMMY__ 0.06654926500686967	false	0.5
irrsinnig	neg 1.0	neg 1.0	neg 0.6834477013738738 off 0.2840386908904751 __DUMMY__ 0.032513607735651054	false	1.0
unfassbar	neg 1.0		off 0.5370966994270293 neg 0.39527588714717926 __DUMMY__ 0.06762741342579145	false	0.5
hart	neg 1.0		off 0.5363136388934054 neg 0.3963251137413182 __DUMMY__ 0.06736124736527639	false	0.5
widerlich	off 1.0		off 0.5368131448838291 neg 0.3957355194167458 __DUMMY__ 0.06745133569942505	false	1.0
fatal	neg 1.0	neg 1.0	neg 0.6836939266007156 off 0.2840238189931807 __DUMMY__ 0.03228225440610378	false	1.0
bruch	neg 1.0		off 0.5263957488993082 neg 0.40464276789026826 __DUMMY__ 0.06896148321042363	false	0.5
aushungern	neg 1.0		off 0.5295915667738863 neg 0.40223171374729977 __DUMMY__ 0.06817671947881392	false	0.5
anspannung	neg 1.0		off 0.5265179659113653 neg 0.40405445266879214 __DUMMY__ 0.0694275814198426	false	0.5
von			off 0.5293964411053976 neg 0.40154873652905265 __DUMMY__ 0.06905482236554972	false	0.0
kraftlos	neg 1.0		off 0.5292695978297871 neg 0.4022443692293857 __DUMMY__ 0.06848603294082724	false	0.5
vom			off 0.5268056503540153 neg 0.4031472540695112 __DUMMY__ 0.0700470955764735	false	0.0
grenzdebil	off 1.0		off 0.5367197740802009 neg 0.3957923305139939 __DUMMY__ 0.0674878954058052	false	1.0
vor			off 0.5268583745521512 neg 0.4041636489162802 __DUMMY__ 0.06897797653156858	false	0.0
unterwerfen	neg 1.0		off 0.5296910822104117 neg 0.40165521764809803 __DUMMY__ 0.0686537001414902	false	0.5
versenkung	neg 1.0		off 0.5294822388655435 neg 0.4017572157861679 __DUMMY__ 0.06876054534828872	false	0.5
entziehen	neg 1.0		off 0.5273403936858844 neg 0.40378945582605813 __DUMMY__ 0.06887015048805745	false	0.5
finanzkrise	neg 1.0		off 0.5275701501040909 neg 0.40481485749027285 __DUMMY__ 0.06761499240563627	false	0.5
schimpfend	neg 1.0		off 0.534302902017541 neg 0.39731744113277856 __DUMMY__ 0.06837965684968035	false	0.5
profan	neg 1.0		off 0.5336538741010928 neg 0.3984035739746705 __DUMMY__ 0.06794255192423679	false	0.5
korruption	neg 1.0		off 0.5286689529093554 neg 0.40317166867655274 __DUMMY__ 0.06815937841409188	false	0.5
â			off 0.5302756992233837 neg 0.4011196961781558 __DUMMY__ 0.0686046045984605	false	0.0
schmutzig	neg 1.0		off 0.5370362039966038 neg 0.39545898622422754 __DUMMY__ 0.06750480977916876	false	0.5
sexy	neg 1.0		off 0.5361773605123717 neg 0.3958464506384765 __DUMMY__ 0.0679761888491517	false	0.5
abraten	neg 1.0		off 0.5343865699589005 neg 0.3974583532065645 __DUMMY__ 0.06815507683453492	false	0.5
schwarz	neg 1.0		off 0.534431555051608 neg 0.39748965085958093 __DUMMY__ 0.06807879408881101	false	0.5
fotze	off 1.0	off 1.0	off 0.7541748214722453 neg 0.2129596971830146 __DUMMY__ 0.03286548134474013	false	1.0
verwirren	neg 1.0		off 0.5341879668867023 neg 0.39783988256153324 __DUMMY__ 0.06797215055176435	false	0.5
zahnlos	off 1.0		off 0.5302960393228213 neg 0.40137479491883016 __DUMMY__ 0.06832916575834855	false	1.0
verheeren	neg 1.0		off 0.5466859942956631 neg 0.38679060406518156 __DUMMY__ 0.06652340163915532	false	0.5
hippie	neg 1.0		off 0.5356568899716546 neg 0.3963715903582064 __DUMMY__ 0.06797151967013881	false	0.5
rammen	neg 1.0		off 0.5350078673741565 neg 0.39650564073884625 __DUMMY__ 0.06848649188699736	false	0.5
unlauter	neg 1.0		off 0.5340333950904489 neg 0.3979495141212944 __DUMMY__ 0.0680170907882566	false	0.5
unheilvoll	neg 1.0		off 0.5321697281380882 neg 0.39985572900165056 __DUMMY__ 0.06797454286026124	false	0.5
niedrig	neg 1.0		off 0.5295714018654987 neg 0.4019259960712253 __DUMMY__ 0.06850260206327609	false	0.5
explosion	neg 1.0		off 0.5359994435918692 neg 0.3959656045776555 __DUMMY__ 0.06803495183047514	false	0.5
weichei	off 1.0	off 1.0	off 0.7582236782773569 neg 0.20996362234484567 __DUMMY__ 0.03181269937779735	false	1.0
minusmensch	off 1.0		off 0.5466647607262588 neg 0.3867746567625891 __DUMMY__ 0.06656058251115218	false	1.0
farblos	neg 1.0		off 0.5345878269871056 neg 0.39713257166375565 __DUMMY__ 0.06827960134913862	false	0.5
unwissend	neg 1.0	neg 1.0	neg 0.6821268128127851 off 0.2856175923770236 __DUMMY__ 0.03225559481019135	false	1.0
traurig	neg 1.0		off 0.5391159777358373 neg 0.3935540985450723 __DUMMY__ 0.0673299237190903	false	0.5
senkung	neg 1.0		off 0.5318518836439892 neg 0.4006576168725044 __DUMMY__ 0.06749049948350642	false	0.5
ungleich	neg 1.0	neg 1.0	neg 0.6849522440892968 off 0.282280872491572 __DUMMY__ 0.03276688341913121	false	1.0
heikel	neg 1.0		off 0.5281710263303072 neg 0.40316616260264004 __DUMMY__ 0.0686628110670528	false	0.5
drosselung	neg 1.0		off 0.5368608706926401 neg 0.39573856295166415 __DUMMY__ 0.0674005663556956	false	0.5
falsch	neg 1.0		off 0.5356995441723638 neg 0.3964384965740385 __DUMMY__ 0.06786195925359767	false	0.5
unzufriedenheit	neg 1.0		off 0.5273385542224652 neg 0.40407412087446043 __DUMMY__ 0.06858732490307447	false	0.5
kurz	neg 1.0		off 0.5313824136284331 neg 0.39997094389092747 __DUMMY__ 0.06864664248063927	false	0.5
unsinnig	neg 1.0		off 0.5299840154431023 neg 0.4018658134716385 __DUMMY__ 0.06815017108525911	false	0.5
penner	off 1.0	off 1.0	off 0.7594086443581037 neg 0.208817814063142 __DUMMY__ 0.03177354157875434	false	1.0
seicht	neg 1.0		off 0.5415203855073736 neg 0.3922389949489794 __DUMMY__ 0.06624061954364702	false	0.5
dummheit	off 1.0	off 1.0	off 0.7545998188773912 neg 0.21305863061116356 __DUMMY__ 0.03234155051144518	false	1.0
unerfreulich	neg 1.0		off 0.5282660403190562 neg 0.40299241031653116 __DUMMY__ 0.06874154936441268	false	0.5
motherfucker	off 1.0	off 1.0	off 0.7576766479514362 neg 0.21012821810389123 __DUMMY__ 0.03219513394467259	false	1.0
pikiert	neg 1.0		off 0.5355111043097625 neg 0.3969886760762456 __DUMMY__ 0.06750021961399191	false	0.5
wrack	neg 1.0		off 0.534886053290828 neg 0.39601993685566284 __DUMMY__ 0.0690940098535092	false	0.5
gangster	neg 1.0		off 0.5356886730607772 neg 0.39638488156059376 __DUMMY__ 0.067926445378629	false	0.5
krank	neg 1.0		off 0.5374674457777123 neg 0.39495172534752776 __DUMMY__ 0.06758082887475986	false	0.5
reich	neg 1.0		off 0.5345596005796908 neg 0.3978830478402191 __DUMMY__ 0.06755735158009023	false	0.5
gnadenlos	neg 1.0		off 0.5334797276644407 neg 0.39826502436976263 __DUMMY__ 0.06825524796579666	false	0.5
niedergeschlagen	neg 1.0		off 0.5308297237459428 neg 0.4005273332819469 __DUMMY__ 0.0686429429721104	false	0.5
terrorisieren	off 1.0	off 1.0	off 0.7520863820729089 neg 0.2150996796977718 __DUMMY__ 0.03281393822931936	false	1.0
sinnlosigkeit	neg 1.0		off 0.5302019125948261 neg 0.4013858886752196 __DUMMY__ 0.06841219872995426	false	0.5
behindern	neg 1.0		off 0.5317890386602097 neg 0.39996296497049044 __DUMMY__ 0.06824799636929985	false	0.5
undemokratisch	neg 1.0		off 0.5332607107220514 neg 0.39886119372786377 __DUMMY__ 0.06787809555008482	false	0.5
wirtschaftskrise	neg 1.0		off 0.5279429065549319 neg 0.40394320022738234 __DUMMY__ 0.0681138932176857	false	0.5
neid	neg 1.0		off 0.5341367498367644 neg 0.398086980042847 __DUMMY__ 0.06777627012038874	false	0.5
rutschen	neg 1.0		off 0.5258655159129544 neg 0.4047306843616107 __DUMMY__ 0.06940379972543483	false	0.5
rezession	neg 1.0		off 0.5356880454189017 neg 0.3976017911916288 __DUMMY__ 0.06671016338946949	false	0.5
fehlgeburt	neg 1.0		off 0.5344650374442067 neg 0.3970657253459515 __DUMMY__ 0.06846923720984176	false	0.5
charakterschwach	off 1.0		off 0.5359458550650639 neg 0.3966228268400856 __DUMMY__ 0.06743131809485058	false	1.0
isolation	neg 1.0		off 0.5371635721076788 neg 0.39476104315021865 __DUMMY__ 0.06807538474210263	false	0.5
ablenkung	neg 1.0		off 0.5323347420194915 neg 0.39928554236119984 __DUMMY__ 0.06837971561930857	false	0.5
pech	neg 1.0		off 0.5352928342965845 neg 0.39699092253034124 __DUMMY__ 0.06771624317307422	false	0.5
vermeidung	neg 1.0		off 0.5371215329170235 neg 0.39536906623531604 __DUMMY__ 0.06750940084766056	false	0.5
dominieren	neg 1.0		off 0.5316271582822427 neg 0.3998616048059964 __DUMMY__ 0.06851123691176084	false	0.5
schwindlig	neg 1.0		off 0.5332472944180209 neg 0.398804086664562 __DUMMY__ 0.06794861891741703	false	0.5
lutscher	neg 1.0		off 0.5443662484563327 neg 0.38940303886763983 __DUMMY__ 0.06623071267602743	false	0.5
pflicht	neg 1.0		off 0.5276037396189003 neg 0.40350795191752215 __DUMMY__ 0.06888830846357752	false	0.5
faschist	off 1.0		off 0.5346775297282503 neg 0.3975657994659205 __DUMMY__ 0.06775667080582917	false	1.0
verschleudern	neg 1.0		off 0.5275650468144115 neg 0.4040960503977914 __DUMMY__ 0.06833890278779711	false	0.5
wenn			off 0.5356503740148317 neg 0.3966563144732948 __DUMMY__ 0.0676933115118736	false	0.0
ehebruch	neg 1.0		off 0.5283967824675968 neg 0.4032541205733014 __DUMMY__ 0.06834909695910192	false	0.5
spott	off 1.0		off 0.5300584145749694 neg 0.4013156258738512 __DUMMY__ 0.06862595955117937	false	1.0
trostlosigkeit	neg 1.0		off 0.5255280840513473 neg 0.40590010163398 __DUMMY__ 0.06857181431467273	false	0.5
lutschen	neg 1.0		off 0.5373478174583733 neg 0.39464826397077746 __DUMMY__ 0.0680039185708491	false	0.5
undiszipliniert	neg 1.0		off 0.5381381209000806 neg 0.394526080751862 __DUMMY__ 0.06733579834805746	false	0.5
kopfschmerz	neg 1.0		off 0.5270614811018159 neg 0.4047345758747154 __DUMMY__ 0.06820394302346866	false	0.5
unvorhergesehen	neg 1.0		off 0.5291202599831876 neg 0.40186084867131244 __DUMMY__ 0.06901889134550002	false	0.5
desinteressiert	neg 1.0		off 0.5374941541153005 neg 0.39511867419746044 __DUMMY__ 0.06738717168723915	false	0.5
armselig	off 1.0		off 0.5395059893075761 neg 0.3933013043148906 __DUMMY__ 0.06719270637753337	false	1.0
desaster	neg 1.0		off 0.5256104776777105 neg 0.4056727318964362 __DUMMY__ 0.06871679042585324	false	0.5
tod	neg 1.0		off 0.5295382311183837 neg 0.40179773555064485 __DUMMY__ 0.06866403333097146	false	0.5
herzlos	neg 1.0		off 0.5389627953239771 neg 0.3938109636318191 __DUMMY__ 0.06722624104420374	false	0.5
unwissenheit	neg 1.0		off 0.5297239710139731 neg 0.40186600043845094 __DUMMY__ 0.06841002854757607	false	0.5
widersinnig	neg 1.0		off 0.5296303755243813 neg 0.4023063469452283 __DUMMY__ 0.06806327753039032	false	0.5
bedenklich	neg 1.0		off 0.5286608640739556 neg 0.40289367844815616 __DUMMY__ 0.0684454574778881	false	0.5
beanstanden	neg 1.0		off 0.5290481370116618 neg 0.40200143043750486 __DUMMY__ 0.06895043255083332	false	0.5
panisch	neg 1.0		off 0.534731771723386 neg 0.39704910028757434 __DUMMY__ 0.06821912798903954	false	0.5
debil	off 1.0		off 0.5244069346370884 neg 0.4059835241699698 __DUMMY__ 0.06960954119294173	false	1.0
abstrich	neg 1.0		off 0.5339119684255332 neg 0.3973494464138191 __DUMMY__ 0.0687385851606476	false	0.5
primitiv	neg 1.0		off 0.5375041294542183 neg 0.39512834557669213 __DUMMY__ 0.06736752496908958	false	0.5
abschaum	off 1.0	off 1.0	off 0.7567326636544605 neg 0.21093649511809878 __DUMMY__ 0.03233084122744091	false	1.0
provozieren	neg 1.0		off 0.5322049501297713 neg 0.3997332636327301 __DUMMY__ 0.06806178623749869	false	0.5
tot	neg 1.0		off 0.5317133655298674 neg 0.39969090780143457 __DUMMY__ 0.06859572666869804	false	0.5
instabil	neg 1.0		off 0.5397027367904123 neg 0.39318461350640094 __DUMMY__ 0.0671126497031867	false	0.5
schwuchtel	off 1.0	off 1.0	off 0.7629995390919679 neg 0.2055958950748812 __DUMMY__ 0.03140456583315077	false	1.0
zerren	neg 1.0		off 0.5305604714898209 neg 0.4008095900062984 __DUMMY__ 0.06862993850388069	false	0.5
kinderficker	off 1.0		off 0.5416016290574592 neg 0.3914430383621959 __DUMMY__ 0.06695533258034486	false	1.0
gefahr	neg 1.0		off 0.5288849477366345 neg 0.40216538642092897 __DUMMY__ 0.0689496658424365	false	0.5
rabiat	neg 1.0		off 0.5303727607004175 neg 0.4014391270222035 __DUMMY__ 0.06818811227737906	false	0.5
verlangsamung	neg 1.0		off 0.5430833745731791 neg 0.39016153538020487 __DUMMY__ 0.06675509004661608	false	0.5
ausgestorben	neg 1.0		off 0.5311710367141621 neg 0.40042807319189944 __DUMMY__ 0.06840089009393858	false	0.5
anklagen	neg 1.0		off 0.5303607209898096 neg 0.40130792207345867 __DUMMY__ 0.06833135693673167	false	0.5
trott	neg 1.0		off 0.5326448370747909 neg 0.3990215247489282 __DUMMY__ 0.0683336381762809	false	0.5
verminderung	neg 1.0		off 0.5367877054872676 neg 0.3957623210495189 __DUMMY__ 0.06744997346321359	false	0.5
nach			off 0.5256828269238355 neg 0.4046608347324578 __DUMMY__ 0.06965633834370658	false	0.0
rost	neg 1.0		off 0.5457122101537838 neg 0.3874125455737083 __DUMMY__ 0.06687524427250789	false	0.5
destruktiv	neg 1.0		off 0.5306316805087749 neg 0.4012974281614782 __DUMMY__ 0.06807089132974684	false	0.5
unzumutbarkeit	neg 1.0		off 0.5400501049461398 neg 0.3920252356212184 __DUMMY__ 0.06792465943264171	false	0.5
labil	off 1.0	off 1.0	off 0.7562543720943242 neg 0.21140758565335194 __DUMMY__ 0.03233804225232376	false	1.0
ziemlich	neg 1.0		off 0.5375348060612708 neg 0.39471163216806 __DUMMY__ 0.06775356177066923	false	0.5
lachnummer	off 1.0		off 0.5323994494828876 neg 0.39939151566084763 __DUMMY__ 0.06820903485626482	false	1.0
oder			off 0.5335832456759623 neg 0.3980423276520699 __DUMMY__ 0.06837442667196783	false	0.0
verfall	neg 1.0		off 0.5239970379808475 neg 0.40708571046008707 __DUMMY__ 0.06891725155906536	false	0.5
ausgrenzung	neg 1.0		off 0.533427268111716 neg 0.3986608580779661 __DUMMY__ 0.06791187381031775	false	0.5
unordnung	neg 1.0		off 0.5429536399402035 neg 0.38959335361438746 __DUMMY__ 0.06745300644540911	false	0.5
fehlverhalten	neg 1.0		off 0.5285211150701373 neg 0.402849113062878 __DUMMY__ 0.06862977186698457	false	0.5
eine			off 0.5271522416668079 neg 0.4039633544348328 __DUMMY__ 0.06888440389835927	false	0.0
nille	neg 1.0		off 0.5332065919396799 neg 0.3984546260808522 __DUMMY__ 0.0683387819794679	false	0.5
qual	neg 1.0		off 0.532219520121352 neg 0.39943573253559267 __DUMMY__ 0.06834474734305529	false	0.5
verschwenden	neg 1.0		off 0.5275024166826103 neg 0.40397485572052383 __DUMMY__ 0.06852272759686594	false	0.5
riesig	neg 1.0		off 0.531267874913293 neg 0.3998052912346966 __DUMMY__ 0.06892683385201055	false	0.5
verurteilen	neg 1.0		off 0.5296888728319726 neg 0.40200133929138687 __DUMMY__ 0.06830978787664041	false	0.5
klischee	neg 1.0	neg 1.0	neg 0.6824883928034149 off 0.28519990470219875 __DUMMY__ 0.03231170249438648	false	1.0
diktatorisch	neg 1.0		off 0.532663307878601 neg 0.3995665244905011 __DUMMY__ 0.06777016763089792	false	0.5
vorhersehbar	neg 1.0		off 0.5331232427000479 neg 0.39918408023732066 __DUMMY__ 0.06769267706263152	false	0.5
sowie			off 0.5399404399577449 neg 0.39321806196192355 __DUMMY__ 0.06684149808033166	false	0.0
stornieren	neg 1.0		off 0.5398210365611392 neg 0.3914571713988535 __DUMMY__ 0.06872179204000727	false	0.5
besteuerung	neg 1.0	neg 1.0	neg 0.684787769595379 off 0.28290370508098805 __DUMMY__ 0.03230852532363295	false	1.0
ungeschminkt	neg 1.0		off 0.5388751645363676 neg 0.39361834358115577 __DUMMY__ 0.06750649188247662	false	0.5
kritisch	neg 1.0		off 0.5301474430030263 neg 0.401368102582221 __DUMMY__ 0.06848445441475269	false	0.5
schlamperei	off 1.0		off 0.5294314427661503 neg 0.4019242202039442 __DUMMY__ 0.06864433702990541	false	1.0
sucht	neg 1.0	neg 1.0	neg 0.680781878605223 off 0.28642702851631807 __DUMMY__ 0.03279109287845901	false	1.0
egoistisch	off 1.0	off 1.0	off 0.7591026381022073 neg 0.20891571387636518 __DUMMY__ 0.03198164802142741	false	1.0
ausbeuter	off 1.0		off 0.5267789029449156 neg 0.4048080483976995 __DUMMY__ 0.06841304865738482	false	1.0
arschgeburt	off 1.0		off 0.5491390109659631 neg 0.3848395832173078 __DUMMY__ 0.06602140581672918	false	1.0
schubs	neg 1.0		off 0.5290132145704163 neg 0.40256419264822807 __DUMMY__ 0.06842259278135558	false	0.5
unsolide	neg 1.0		off 0.5341681384916657 neg 0.39795725998558995 __DUMMY__ 0.06787460152274437	false	0.5
beschwerde	neg 1.0		off 0.5311011329133748 neg 0.4003657615217995 __DUMMY__ 0.06853310556482578	false	0.5
stocken	neg 1.0		off 0.5302785352170234 neg 0.4010746771231926 __DUMMY__ 0.06864678765978399	false	0.5
isolieren	neg 1.0		off 0.5311326357590752 neg 0.4003431250671681 __DUMMY__ 0.06852423917375658	false	0.5
unheilbar	neg 1.0		off 0.53102161507774 neg 0.4009007099000617 __DUMMY__ 0.06807767502219818	false	0.5
pisser	off 1.0	off 1.0	off 0.7589670636873548 neg 0.2087784659610238 __DUMMY__ 0.03225447035162141	false	1.0
löschen	neg 1.0		off 0.5332900739901154 neg 0.3984309712831928 __DUMMY__ 0.0682789547266917	false	0.5
durchfallen	neg 1.0		off 0.5297757543655803 neg 0.4017514109573117 __DUMMY__ 0.06847283467710802	false	0.5
wichser	off 1.0	off 1.0	off 0.7607250616121745 neg 0.20769136982651518 __DUMMY__ 0.03158356856131036	false	1.0
terror	neg 1.0		off 0.5360801964695187 neg 0.395861563939948 __DUMMY__ 0.06805823959053332	false	0.5
krass	neg 1.0		off 0.5408341511266482 neg 0.3920814415450244 __DUMMY__ 0.06708440732832742	false	0.5
revolte	neg 1.0		off 0.5320676725562944 neg 0.40057560945018844 __DUMMY__ 0.06735671799351725	false	0.5
besorgt	neg 1.0		off 0.5322194919991489 neg 0.39904030898341425 __DUMMY__ 0.06874019901743704	false	0.5
nachlassen	neg 1.0		off 0.5306163880698912 neg 0.400675677022905 __DUMMY__ 0.06870793490720392	false	0.5
alt	neg 1.0		off 0.526297768190134 neg 0.40561999813838545 __DUMMY__ 0.06808223367148054	false	0.5
hundesohn	off 1.0	off 1.0	off 0.7616227889704341 neg 0.20655298783815837 __DUMMY__ 0.031824223191407555	false	1.0
als			off 0.5297907750886546 neg 0.4018351217730894 __DUMMY__ 0.06837410313825601	false	0.0
abschreckung	neg 1.0		off 0.5275196113792731 neg 0.40382090046178715 __DUMMY__ 0.06865948815893962	false	0.5
unqualifiziert	neg 1.0		off 0.5354223140265845 neg 0.3968496372710258 __DUMMY__ 0.0677280487023898	false	0.5
abgewichst	off 1.0		off 0.5330734154908298 neg 0.3984603017695358 __DUMMY__ 0.06846628273963458	false	1.0
schwer	neg 1.0		off 0.5309794326812308 neg 0.4007843399123351 __DUMMY__ 0.06823622740643401	false	0.5
bedeutungslosigkeit	neg 1.0		off 0.5279643384016696 neg 0.4034189695900589 __DUMMY__ 0.06861669200827143	false	0.5
kapitulation	neg 1.0		off 0.5279095831347389 neg 0.40388736191723135 __DUMMY__ 0.06820305494802988	false	0.5
unscharf	neg 1.0		off 0.5310472902827424 neg 0.40142297237627644 __DUMMY__ 0.06752973734098112	false	0.5
schwinden	neg 1.0		off 0.5279716915402204 neg 0.403458695132321 __DUMMY__ 0.06856961332745862	false	0.5
versklavung	neg 1.0	neg 1.0	neg 0.6835053686588388 off 0.28408662577671195 __DUMMY__ 0.03240800556444918	false	1.0
schlecht	neg 1.0		off 0.5378875338822766 neg 0.3943288820117082 __DUMMY__ 0.06778358410601525	false	0.5
verhasst	neg 1.0		off 0.5325627723273032 neg 0.3994801493553991 __DUMMY__ 0.06795707831729755	false	0.5
beschweren	neg 1.0		off 0.5344591078752384 neg 0.39736272224494834 __DUMMY__ 0.0681781698798132	false	0.5
scheiden	neg 1.0		off 0.5324317055739148 neg 0.3993116977407459 __DUMMY__ 0.06825659668533936	false	0.5
frustriert	neg 1.0		off 0.5310471150969833 neg 0.4005230222715828 __DUMMY__ 0.06842986263143382	false	0.5
schimmelig	neg 1.0		off 0.5289699321960615 neg 0.4026709474596285 __DUMMY__ 0.06835912034431002	false	0.5
fisch	neg 1.0		off 0.5248644460118307 neg 0.4066732617341839 __DUMMY__ 0.0684622922539855	false	0.5
schmuggel	neg 1.0		off 0.5286366130609716 neg 0.4023072868560026 __DUMMY__ 0.0690561000830258	false	0.5
auffallen	neg 1.0		off 0.5341688366564942 neg 0.3978048541641628 __DUMMY__ 0.06802630917934313	false	0.5
konkurrenz	neg 1.0		off 0.5292448394395275 neg 0.40184583581637917 __DUMMY__ 0.06890932474409324	false	0.5
teufelskreis	neg 1.0	neg 1.0	neg 0.6851502426088422 off 0.2823722115430333 __DUMMY__ 0.03247754584812463	false	1.0
aufschreien	neg 1.0		off 0.5335474700881232 neg 0.3986659566020173 __DUMMY__ 0.0677865733098596	false	0.5
schuldner	neg 1.0		off 0.5265357284681177 neg 0.40507421944807354 __DUMMY__ 0.06839005208380881	false	0.5
missgeburt	off 1.0	off 1.0	off 0.7618179406730294 neg 0.2061328431345838 __DUMMY__ 0.03204921619238684	false	1.0
arbeitslos	neg 1.0		off 0.5297856372003978 neg 0.4017194374942326 __DUMMY__ 0.06849492530536962	false	0.5
befallen	neg 1.0		off 0.5304259763533468 neg 0.40140590768861173 __DUMMY__ 0.06816811595804133	false	0.5
miesepetrig	off 1.0	off 1.0	off 0.7559492572317833 neg 0.21176545349219794 __DUMMY__ 0.03228528927601868	false	1.0
alarmieren	neg 1.0		off 0.5365115773578624 neg 0.39571373120600517 __DUMMY__ 0.06777469143613249	false	0.5
ungeduscht	off 1.0		off 0.5353525224009612 neg 0.3969865659642223 __DUMMY__ 0.06766091163481654	false	1.0
knappheit	neg 1.0		off 0.5290187173946481 neg 0.4027362339649964 __DUMMY__ 0.06824504864035537	false	0.5
schlange	neg 1.0		off 0.5334265462541292 neg 0.3982073722805718 __DUMMY__ 0.06836608146529893	false	0.5
harsch	neg 1.0		off 0.544220260592324 neg 0.38806654141239133 __DUMMY__ 0.06771319799528486	false	0.5
lang	neg 1.0		off 0.533971996982895 neg 0.3978138193502979 __DUMMY__ 0.06821418366680722	false	0.5
ziellos	neg 1.0		off 0.5294765933698626 neg 0.40171995322016973 __DUMMY__ 0.0688034534099676	false	0.5
selbstverliebt	neg 1.0		off 0.5467360149098478 neg 0.3869121019681991 __DUMMY__ 0.0663518831219532	false	0.5
beseitigen	neg 1.0		off 0.5361362266374868 neg 0.39503129005100435 __DUMMY__ 0.0688324833115088	false	0.5
dumm	off 1.0		off 0.5418466773163569 neg 0.3913623192274598 __DUMMY__ 0.06679100345618329	false	1.0
arbeitsloser	neg 1.0		off 0.5319113388881527 neg 0.39928574367259384 __DUMMY__ 0.06880291743925342	false	0.5
blitzen	neg 1.0		off 0.5353903478181717 neg 0.39681117579243913 __DUMMY__ 0.06779847638938914	false	0.5
hilflos	neg 1.0		off 0.5297957548617749 neg 0.4017365992548274 __DUMMY__ 0.06846764588339765	false	0.5
eklig	off 1.0		off 0.5413341800398719 neg 0.39207566422691814 __DUMMY__ 0.06659015573320995	false	1.0
begriff			off 0.5312224427620341 neg 0.40055106123929146 __DUMMY__ 0.06822649599867442	false	0.0
hungersnot	neg 1.0		off 0.5278484258801704 neg 0.4040723931775783 __DUMMY__ 0.06807918094225122	false	0.5
ungesetzlich	neg 1.0		off 0.5329945729355762 neg 0.39918216743373414 __DUMMY__ 0.06782325963068973	false	0.5
verschwendung	neg 1.0		off 0.5279702474973689 neg 0.4034112103640705 __DUMMY__ 0.06861854213856063	false	0.5
schmerzvoll	neg 1.0		off 0.5325900405208449 neg 0.39942721370272766 __DUMMY__ 0.06798274577642748	false	0.5
vorzeitig	neg 1.0		off 0.5381267974962199 neg 0.39394769634767696 __DUMMY__ 0.06792550615610309	false	0.5
unvollkommenheit	neg 1.0		off 0.5310564069573189 neg 0.4005353057550337 __DUMMY__ 0.06840828728764717	false	0.5
intervenieren	neg 1.0		off 0.5275527907240213 neg 0.40406552734849693 __DUMMY__ 0.0683816819274818	false	0.5
banause	off 1.0		off 0.5410083138054764 neg 0.39281691380067224 __DUMMY__ 0.06617477239385136	false	1.0
rebell	neg 1.0		off 0.525326124084075 neg 0.40571471876266546 __DUMMY__ 0.06895915715325966	false	0.5
unlogisch	neg 1.0		off 0.5385643660527862 neg 0.394156075728297 __DUMMY__ 0.06727955821891678	false	0.5
leiden	neg 1.0		off 0.529323367032904 neg 0.40160926533513314 __DUMMY__ 0.06906736763196293	false	0.5
abschaffung	neg 1.0		off 0.5321779867302996 neg 0.39986291793412165 __DUMMY__ 0.06795909533557877	false	0.5
sturz	neg 1.0		off 0.5376422950971704 neg 0.39378891578263114 __DUMMY__ 0.06856878912019851	false	0.5
verkleinerung	neg 1.0		off 0.5341526584392423 neg 0.39833229298937106 __DUMMY__ 0.06751504857138645	false	0.5
schmarotzer	off 1.0		off 0.5299240256366896 neg 0.40176777504591427 __DUMMY__ 0.06830819931739615	false	1.0
bestrafung	neg 1.0	neg 1.0	neg 0.6829538730693854 off 0.2844271363712627 __DUMMY__ 0.032618990559352	false	1.0
achtlos	neg 1.0		off 0.5311807647048462 neg 0.40037671675680386 __DUMMY__ 0.06844251853834983	false	0.5
ungeheuer	neg 1.0		off 0.5315865662460842 neg 0.40037691319824115 __DUMMY__ 0.06803652055567454	false	0.5
unaufrichtig	neg 1.0		off 0.5363435971042501 neg 0.39580258571024535 __DUMMY__ 0.06785381718550454	false	0.5
groggy	neg 1.0		off 0.5362938604913443 neg 0.39560037815974286 __DUMMY__ 0.06810576134891276	false	0.5
verletzlich	neg 1.0		off 0.5341289811138535 neg 0.3985857960570288 __DUMMY__ 0.06728522282911764	false	0.5
ablehnen	neg 1.0		off 0.5300022405824724 neg 0.40147816343948556 __DUMMY__ 0.06851959597804207	false	0.5
