unsolidarisch	neg 1.0		__DUMMY__ 0.879333634683769 off 0.06842107111581054 neg 0.05224529420042055	false	0.5
nachteilig	neg 1.0		__DUMMY__ 0.8885336869561725 off 0.06362727339679644 neg 0.047839039647031026	false	0.5
skeptisch	neg 1.0		__DUMMY__ 0.8868297647335482 off 0.06249608685015641 neg 0.05067414841629532	false	0.5
schrecklich	neg 1.0		__DUMMY__ 0.8745511347754653 off 0.07624884159075666 neg 0.049200023633777915	false	0.5
schlapp	neg 1.0	neg 1.0	neg 0.5080869169870905 __DUMMY__ 0.43710724702370685 off 0.05480583598920256	false	1.0
abfall	neg 1.0		__DUMMY__ 0.8907140517966639 off 0.05931777281053574 neg 0.049968175392800455	false	0.5
widerspenstig	neg 1.0		__DUMMY__ 0.8822721102970548 off 0.0662943344148492 neg 0.05143355528809604	false	0.5
abrupt	neg 1.0		__DUMMY__ 0.8868242263572529 off 0.06171666630904323 neg 0.051459107333703874	false	0.5
unwirksam	neg 1.0		__DUMMY__ 0.8781186428510086 off 0.06772191845567994 neg 0.05415943869331146	false	0.5
angreifen	neg 1.0		__DUMMY__ 0.8870968829328391 off 0.06198382765830365 neg 0.0509192894088574	false	0.5
inkonsistent	neg 1.0		__DUMMY__ 0.8792423998927895 off 0.06960872321884379 neg 0.05114887688836667	false	0.5
abrutschen	neg 1.0		__DUMMY__ 0.8900013850404856 off 0.058989586356080294 neg 0.05100902860343395	false	0.5
unsicher	neg 1.0		__DUMMY__ 0.883783922062561 off 0.06702073530728483 neg 0.04919534263015428	false	0.5
bauernkind	off 1.0	off 1.0	off 0.5292762101889662 __DUMMY__ 0.43151169495491404 neg 0.03921209485611982	false	1.0
angreifer	neg 1.0		__DUMMY__ 0.8833700136090703 off 0.07100984551454197 neg 0.04562014087638778	false	0.5
trennen	neg 1.0		__DUMMY__ 0.8886693194455472 off 0.06150838413481525 neg 0.049822296419637604	false	0.5
schmutz	neg 1.0		__DUMMY__ 0.8892174645514263 off 0.06992371104335283 neg 0.04085882440522094	false	0.5
inkonsistenz	neg 1.0		__DUMMY__ 0.8779472423474662 off 0.07216943546389501 neg 0.04988332218863878	false	0.5
erschreckend	neg 1.0		__DUMMY__ 0.8831011544249254 off 0.0665146705962031 neg 0.05038417497887146	false	0.5
ertrinken	neg 1.0		__DUMMY__ 0.8866336403016118 off 0.06137062644703047 neg 0.051995733251357736	false	0.5
pickelface	off 1.0		__DUMMY__ 0.8840771154829259 off 0.06768578236200813 neg 0.04823710215506606	false	1.0
seiner			__DUMMY__ 0.8880727768963983 off 0.0622404203529784 neg 0.04968680275062329	false	0.0
lauch	neg 1.0	neg 1.0	neg 0.507504581759866 __DUMMY__ 0.4474205117375835 off 0.04507490650255041	false	1.0
unwichtig	neg 1.0		__DUMMY__ 0.8780227837963772 off 0.07211637800120352 neg 0.04986083820241937	false	0.5
steuerhinterziehung	neg 1.0		__DUMMY__ 0.8812272094249902 off 0.06662095814628774 neg 0.05215183242872202	false	0.5
schock	neg 1.0		__DUMMY__ 0.8847878458782473 off 0.06539432732121254 neg 0.04981782680054014	false	0.5
beule	neg 1.0		__DUMMY__ 0.8758745309179716 off 0.07410855186684001 neg 0.050016917215188306	false	0.5
vergelten	neg 1.0		__DUMMY__ 0.8757722815372844 off 0.07742596461759445 neg 0.046801753845121294	false	0.5
verdorbenheit	neg 1.0		__DUMMY__ 0.8851511877784749 off 0.06799326091940457 neg 0.04685555130212057	false	0.5
trauma	neg 1.0		__DUMMY__ 0.8813878811990242 off 0.06860101021443535 neg 0.0500111085865404	false	0.5
sinnlos	neg 1.0		__DUMMY__ 0.8813617314929159 off 0.06918665372183207 neg 0.049451614785252056	false	0.5
fettsack	off 1.0	off 1.0	off 0.5304168027794705 __DUMMY__ 0.43203667726082096 neg 0.03754651995970859	false	1.0
feige	off 1.0	off 1.0	off 0.5257631384675993 __DUMMY__ 0.43584817039871 neg 0.038388691133690735	false	1.0
abdanken	neg 1.0		__DUMMY__ 0.8836270087023321 off 0.06698543332721392 neg 0.049387557970453924	false	0.5
wichtigtuer	off 1.0	off 1.0	off 0.5231898545460203 __DUMMY__ 0.4389072879825857 neg 0.03790285747139396	false	1.0
misslingen	neg 1.0		__DUMMY__ 0.8871641092801815 off 0.06839134599768948 neg 0.04444454472212892	false	0.5
untreu	off 1.0		__DUMMY__ 0.8769246130738388 off 0.07338568603990349 neg 0.0496897008862577	false	1.0
missmutig	neg 1.0		__DUMMY__ 0.8779545116253261 off 0.07069970636204533 neg 0.051345782012628585	false	0.5
hurenbock	off 1.0		__DUMMY__ 0.882690548526089 off 0.06723301230130074 neg 0.050076439172610274	false	1.0
betrunken	neg 1.0		__DUMMY__ 0.8753429903179829 off 0.07507626383951935 neg 0.04958074584249766	false	0.5
korrupt	off 1.0		__DUMMY__ 0.8804708744263903 off 0.06626657658528388 neg 0.05326254898832584	false	1.0
unmut	neg 1.0		__DUMMY__ 0.888496314772231 off 0.060774079926472074 neg 0.050729605301296894	false	0.5
hackfresse	off 1.0		__DUMMY__ 0.8702821129342125 off 0.08084398776256733 neg 0.04887389930322019	false	1.0
aufblasen	neg 1.0		__DUMMY__ 0.8825948061797113 off 0.06730308969980234 neg 0.05010210412048635	false	0.5
gewaltsam	neg 1.0		__DUMMY__ 0.8850503410283169 off 0.06681097086449109 neg 0.048138688107191956	false	0.5
unbeliebtheit	neg 1.0		__DUMMY__ 0.8784504036814735 off 0.07353406944972797 neg 0.048015526868798404	false	0.5
sturheit	neg 1.0		__DUMMY__ 0.8840727984147257 off 0.06648624590212568 neg 0.04944095568314863	false	0.5
kuh	neg 1.0		__DUMMY__ 0.8750447543696092 off 0.070008074789018 neg 0.05494717084137279	false	0.5
erschrecken	neg 1.0		__DUMMY__ 0.8796474392021548 off 0.07118488404656657 neg 0.0491676767512787	false	0.5
opfer	neg 1.0		__DUMMY__ 0.886703007127501 off 0.06380219944005641 neg 0.04949479343244264	false	0.5
sinken	neg 1.0		__DUMMY__ 0.8871922819499385 off 0.0611806610028699 neg 0.05162705704719155	false	0.5
stinktier	neg 1.0		__DUMMY__ 0.8688980485916327 off 0.07863553956445471 neg 0.052466411843912535	false	0.5
tucke	off 1.0		__DUMMY__ 0.8659157882559796 off 0.08291016093829473 neg 0.0511740508057256	false	1.0
ein			__DUMMY__ 0.8819597924535986 off 0.06603661818202863 neg 0.05200358936437276	false	0.0
abstieg	neg 1.0		__DUMMY__ 0.8882290174383598 off 0.06506776751797752 neg 0.04670321504366275	false	0.5
missverstehen	neg 1.0		__DUMMY__ 0.879727695373755 off 0.07010566359797618 neg 0.05016664102826883	false	0.5
ergebnislos	neg 1.0		__DUMMY__ 0.888588344103859 off 0.06356127504053438 neg 0.04785038085560665	false	0.5
unter			__DUMMY__ 0.8962023708771141 off 0.05497463343266886 neg 0.048822995690217114	false	0.0
manipulieren	neg 1.0		__DUMMY__ 0.8873118860362733 off 0.06294852651130574 neg 0.049739587452420936	false	0.5
unbewiesen	neg 1.0		__DUMMY__ 0.8806904289658793 off 0.06869981258515676 neg 0.05060975844896393	false	0.5
verschleppen	neg 1.0		__DUMMY__ 0.8840662046774257 off 0.06460482954225416 neg 0.051328965780320056	false	0.5
weib	off 1.0		__DUMMY__ 0.8680524551665986 off 0.08316469173227162 neg 0.0487828531011297	false	1.0
opposition	neg 1.0		__DUMMY__ 0.88020730834345 off 0.06867235055679251 neg 0.051120341099757466	false	0.5
verkehrswidrig	neg 1.0		__DUMMY__ 0.879037857938285 off 0.07761780317983227 neg 0.0433443388818826	false	0.5
inkorrekt	neg 1.0		__DUMMY__ 0.8734656349066912 off 0.0763427896100831 neg 0.050191575483225705	false	0.5
vermeiden	neg 1.0		__DUMMY__ 0.8930531689329172 off 0.058381524132359884 neg 0.04856530693472288	false	0.5
abweichung	neg 1.0		__DUMMY__ 0.8868828382863388 off 0.06491388092967273 neg 0.0482032807839884	false	0.5
alkoholisiert	neg 1.0		__DUMMY__ 0.895074639416119 off 0.06165194212848867 neg 0.043273418455392273	false	0.5
scheiss	off 1.0	off 1.0	off 0.5263920870801966 __DUMMY__ 0.4356094885463465 neg 0.037998424373456866	false	1.0
herausforderung	neg 1.0		__DUMMY__ 0.8858188370774797 off 0.06467287023941518 neg 0.04950829268310512	false	0.5
pervers	off 1.0		__DUMMY__ 0.8656785315494214 off 0.0854518170502686 neg 0.04886965140031002	false	1.0
wackelig	neg 1.0		__DUMMY__ 0.8863945763356104 off 0.0642296296838089 neg 0.04937579398058071	false	0.5
verwickeln	neg 1.0		__DUMMY__ 0.8805177884954396 off 0.06923650372950711 neg 0.050245707775053355	false	0.5
vorwand	neg 1.0		__DUMMY__ 0.8877691056796467 off 0.06153313507077099 neg 0.05069775924958222	false	0.5
muschi	off 1.0		__DUMMY__ 0.8858987935481174 off 0.06660279239940989 neg 0.04749841405247273	false	1.0
entmutigung	neg 1.0		__DUMMY__ 0.8770138012333267 off 0.06999024134763764 neg 0.052995957419035684	false	0.5
unangemessen	neg 1.0		__DUMMY__ 0.8835289280393911 off 0.06611537414218906 neg 0.05035569781841982	false	0.5
unstetig	neg 1.0		__DUMMY__ 0.881126278660026 off 0.07108093568626733 neg 0.04779278565370662	false	0.5
entmutigen	neg 1.0		__DUMMY__ 0.8804723807630583 off 0.06803137851017915 neg 0.051496240726762545	false	0.5
schwanz	neg 1.0		__DUMMY__ 0.8873915807754522 off 0.06433147193011109 neg 0.048276947294436635	false	0.5
verbot	neg 1.0		__DUMMY__ 0.8829819151482713 off 0.06595351497700529 neg 0.05106456987472343	false	0.5
leid	neg 1.0		__DUMMY__ 0.8728543575416639 off 0.07782588909480337 neg 0.04931975336353275	false	0.5
archaisch	neg 1.0		__DUMMY__ 0.8833932843762204 off 0.0657578139364128 neg 0.0508489016873667	false	0.5
gegen			__DUMMY__ 0.8897540298507537 off 0.06129843888551573 neg 0.04894753126373057	false	0.0
scheidung	neg 1.0		__DUMMY__ 0.8691775611660151 off 0.08908747170634894 neg 0.041734967127636025	false	0.5
einschlag	neg 1.0		__DUMMY__ 0.8780666537685687 off 0.07653443226619923 neg 0.045398913965231935	false	0.5
m			__DUMMY__ 0.8860663886837771 off 0.06487942339298307 neg 0.04905418792323984	false	0.0
abgestanden	neg 1.0		__DUMMY__ 0.8780159004479084 off 0.06664427674503018 neg 0.055339822807061345	false	0.5
schmierig	off 1.0		__DUMMY__ 0.8726971276384639 off 0.0775606604139634 neg 0.049742211947572695	false	1.0
unpraktisch	neg 1.0		__DUMMY__ 0.8828508166065059 off 0.06825199266017848 neg 0.048897190733315644	false	0.5
wixxer	off 1.0		__DUMMY__ 0.8645906020206017 off 0.08587751629865473 neg 0.04953188168074354	false	1.0
bezeichnet			__DUMMY__ 0.8831022398010315 off 0.06758442001026081 neg 0.04931334018870773	false	0.0
jammerlappen	off 1.0		__DUMMY__ 0.8778246248464112 off 0.07242769365934469 neg 0.04974768149424412	false	1.0
farce	neg 1.0		__DUMMY__ 0.8810150950249637 off 0.06754453817336441 neg 0.0514403668016718	false	0.5
zwecklos	neg 1.0		__DUMMY__ 0.8836991455877222 off 0.06514256528746032 neg 0.05115828912481748	false	0.5
turbulent	neg 1.0		__DUMMY__ 0.877447134967486 off 0.07447387514096865 neg 0.04807898989154537	false	0.5
invasion	neg 1.0		__DUMMY__ 0.8808377561788493 off 0.06983994509101388 neg 0.04932229873013686	false	0.5
schuld	neg 1.0		__DUMMY__ 0.881480214255943 off 0.06853294835576985 neg 0.04998683738828713	false	0.5
risiko	neg 1.0		__DUMMY__ 0.8810842196985432 off 0.0694415606611728 neg 0.049474219640284006	false	0.5
finster	neg 1.0		__DUMMY__ 0.8813309331574336 off 0.06626658197808244 neg 0.05240248486448389	false	0.5
geisteskrank	off 1.0		__DUMMY__ 0.8747935886061853 off 0.0750650491148078 neg 0.050141362279006944	false	1.0
zusammenbrechen	neg 1.0		__DUMMY__ 0.8838042798086748 off 0.06528625218392498 neg 0.05090946800740012	false	0.5
ausbeute	neg 1.0		__DUMMY__ 0.8862144463782653 off 0.0656740680529253 neg 0.048111485568809384	false	0.5
hinterhalt	neg 1.0		__DUMMY__ 0.8849502679514549 off 0.06547110665926735 neg 0.049578625389277646	false	0.5
kritik	neg 1.0		__DUMMY__ 0.8807904061870964 off 0.06728866478441524 neg 0.05192092902848838	false	0.5
einschrumpfen	neg 1.0		__DUMMY__ 0.8767239501922063 off 0.07264303101222082 neg 0.05063301879557288	false	0.5
riskant	neg 1.0		__DUMMY__ 0.8864728389105739 off 0.06274959956206325 neg 0.05077756152736284	false	0.5
frustrieren	neg 1.0		__DUMMY__ 0.8850353908741153 off 0.06366280055490253 neg 0.05130180857098224	false	0.5
groll	neg 1.0		__DUMMY__ 0.8847525187056635 off 0.06533797629657548 neg 0.04990950499776094	false	0.5
gibt			__DUMMY__ 0.8850800315910483 off 0.06488668857145502 neg 0.050033279837496655	false	0.0
qualvoll	neg 1.0		__DUMMY__ 0.8804717966044682 off 0.06917094685796825 neg 0.050357256537563594	false	0.5
wackeln	neg 1.0		__DUMMY__ 0.8836649776320782 off 0.06682418386194333 neg 0.049510838505978406	false	0.5
klagen	neg 1.0		__DUMMY__ 0.8872760923451721 off 0.06183541401101561 neg 0.050888493643812205	false	0.5
bankrott	neg 1.0		__DUMMY__ 0.8812149566424872 off 0.07166715120501144 neg 0.047117892152501374	false	0.5
trauern	neg 1.0		__DUMMY__ 0.8898124388435239 off 0.06267390776391282 neg 0.04751365339256322	false	0.5
ablehnung	neg 1.0		__DUMMY__ 0.8825077137595371 off 0.06670772255288174 neg 0.05078456368758123	false	0.5
stur	neg 1.0		__DUMMY__ 0.8806977715666223 off 0.06849400941787699 neg 0.050808219015500804	false	0.5
aufruhr	neg 1.0		__DUMMY__ 0.8808092360553353 off 0.06738010095588229 neg 0.051810662988782334	false	0.5
melancholie	neg 1.0		__DUMMY__ 0.8853694317365569 off 0.06193502257056423 neg 0.05269554569287885	false	0.5
ist			__DUMMY__ 0.8812530534448955 off 0.06892000701674779 neg 0.04982693953835675	false	0.0
torheit	neg 1.0		__DUMMY__ 0.8809116334573005 off 0.06864388123264017 neg 0.05044448531005928	false	0.5
dreckskind	off 1.0		__DUMMY__ 0.8692812290838283 off 0.082143500528842 neg 0.04857527038732963	false	1.0
umtauschen	neg 1.0		__DUMMY__ 0.8839888337933511 off 0.06606700857010256 neg 0.04994415763654621	false	0.5
zum			__DUMMY__ 0.8960104819932014 off 0.058404716428790894 neg 0.045584801578007636	false	0.0
zersetzen	neg 1.0		__DUMMY__ 0.885551157657425 off 0.06264725961225136 neg 0.051801582730323696	false	0.5
zur			__DUMMY__ 0.8929002023675908 off 0.058725693800399055 neg 0.0483741038320101	false	0.0
frust	neg 1.0		__DUMMY__ 0.8839328271033495 off 0.06508008488767172 neg 0.05098708800897874	false	0.5
unerbittlichkeit	neg 1.0		__DUMMY__ 0.886803359412739 off 0.063458823241031 neg 0.04973781734622999	false	0.5
zwei			__DUMMY__ 0.8932206068368097 off 0.057930358672446614 neg 0.04884903449074363	false	0.0
unkorrekt	neg 1.0		__DUMMY__ 0.8748875224217344 off 0.07490203107503947 neg 0.050210446503226154	false	0.5
hexe	off 1.0		__DUMMY__ 0.8764573772529544 off 0.07174607169245195 neg 0.051796551054593715	false	1.0
lasch	neg 1.0		__DUMMY__ 0.8786168669939536 off 0.07161822296567075 neg 0.04976491004037564	false	0.5
rivale	neg 1.0		__DUMMY__ 0.8757566835054671 off 0.07624128648635746 neg 0.048002030008175454	false	0.5
mutlos	off 1.0	off 1.0	off 0.5190618632182673 __DUMMY__ 0.4418928014467549 neg 0.039045335334977914	false	1.0
wirr	off 1.0		__DUMMY__ 0.8730585353624642 off 0.07690387887842402 neg 0.05003758575911163	false	1.0
jahr			__DUMMY__ 0.8919599283320299 off 0.06224927834232301 neg 0.045790793325647165	false	0.0
wird			__DUMMY__ 0.8859309455718599 off 0.06421464500596852 neg 0.0498544094221716	false	0.0
strafbar	neg 1.0		__DUMMY__ 0.8859673641181246 off 0.06331952333504295 neg 0.050713112546832445	false	0.5
erosion	neg 1.0		__DUMMY__ 0.8836090428625855 off 0.06724515638513848 neg 0.0491458007522762	false	0.5
eingehen	neg 1.0		__DUMMY__ 0.8845538660346961 off 0.06349611013245154 neg 0.05195002383285242	false	0.5
faul	off 1.0		__DUMMY__ 0.8802412868240701 off 0.07125402946226601 neg 0.04850468371366391	false	1.0
provisorium	neg 1.0		__DUMMY__ 0.8966377861940668 off 0.054940965861762246 neg 0.04842124794417095	false	0.5
schmerzen	neg 1.0		__DUMMY__ 0.8823142972450473 off 0.0654249788260984 neg 0.05226072392885439	false	0.5
schrumpfen	neg 1.0		__DUMMY__ 0.8888668278168737 off 0.058876780406766444 neg 0.052256391776359844	false	0.5
geistlos	off 1.0		__DUMMY__ 0.8773790272659056 off 0.0705207424304575 neg 0.05210023030363692	false	1.0
fehlkauf	neg 1.0		__DUMMY__ 0.8803043400606213 off 0.06988994358897267 neg 0.049805716350406086	false	0.5
frustrierend	neg 1.0		__DUMMY__ 0.8785383792904247 off 0.07111747965174015 neg 0.050344141057835114	false	0.5
unzufrieden	neg 1.0		__DUMMY__ 0.8846426935904251 off 0.06496092439146574 neg 0.05039638201810921	false	0.5
verzweifeln	neg 1.0		__DUMMY__ 0.8837865021149136 off 0.06617658409632154 neg 0.05003691378876492	false	0.5
verzweifelt	neg 1.0		__DUMMY__ 0.8808469005716895 off 0.06856077218827793 neg 0.050592327240032674	false	0.5
misstrauensantrag	neg 1.0		__DUMMY__ 0.8807151452797275 off 0.06912413288613913 neg 0.05016072183413335	false	0.5
abfallen	neg 1.0		__DUMMY__ 0.8828356634791841 off 0.06699802645234783 neg 0.050166310068468146	false	0.5
fucker	off 1.0		__DUMMY__ 0.8763877027192016 off 0.075932431479821 neg 0.047679865800977286	false	1.0
ungezogen	neg 1.0		__DUMMY__ 0.8685492315257942 off 0.08304853138013506 neg 0.04840223709407072	false	0.5
irrsinnig	neg 1.0	neg 1.0	neg 0.5085941839207723 __DUMMY__ 0.4396485758246282 off 0.051757240254599525	false	1.0
unfassbar	neg 1.0		__DUMMY__ 0.8774574335725477 off 0.07330242403231199 neg 0.049240142395140366	false	0.5
hart	neg 1.0		__DUMMY__ 0.8756406648134686 off 0.07347333545849032 neg 0.050885999728041045	false	0.5
widerlich	off 1.0		__DUMMY__ 0.8759725361279439 off 0.07388569417451883 neg 0.05014176969753733	false	1.0
fatal	neg 1.0	neg 1.0	neg 0.5100868088787166 __DUMMY__ 0.43678013872656735 off 0.05313305239471612	false	1.0
bruch	neg 1.0		__DUMMY__ 0.8888939603959044 off 0.06035850210477408 neg 0.05074753749932147	false	0.5
aushungern	neg 1.0		__DUMMY__ 0.8819883294881515 off 0.06618762096545379 neg 0.051824049546394774	false	0.5
anspannung	neg 1.0		__DUMMY__ 0.8930342472941631 off 0.05821227110728591 neg 0.04875348159855097	false	0.5
von			__DUMMY__ 0.8900425607878663 off 0.06157683902927043 neg 0.04838060018286334	false	0.0
kraftlos	neg 1.0		__DUMMY__ 0.8848619953084518 off 0.06421824948082568 neg 0.05091975521072253	false	0.5
vom			__DUMMY__ 0.8986082342061184 off 0.055334363690224896 neg 0.04605740210365681	false	0.0
grenzdebil	off 1.0		__DUMMY__ 0.8763394121681142 off 0.07359427878041289 neg 0.050066309051473024	false	1.0
vor			__DUMMY__ 0.8888436011368844 off 0.060575302716773596 neg 0.050581096146342	false	0.0
unterwerfen	neg 1.0		__DUMMY__ 0.8862688790775969 off 0.06394485807643344 neg 0.049786262845969646	false	0.5
versenkung	neg 1.0		__DUMMY__ 0.8869179330502682 off 0.06348061167544534 neg 0.04960145527428638	false	0.5
entziehen	neg 1.0		__DUMMY__ 0.8879302912192427 off 0.06147948657237511 neg 0.05059022220838209	false	0.5
finanzkrise	neg 1.0		__DUMMY__ 0.8773173533489668 off 0.06695617605884124 neg 0.05572647059219204	false	0.5
schimpfend	neg 1.0		__DUMMY__ 0.8845306969395801 off 0.06753145385314178 neg 0.04793784920727814	false	0.5
profan	neg 1.0		__DUMMY__ 0.8802257388667211 off 0.06956008057355148 neg 0.05021418055972749	false	0.5
korruption	neg 1.0		__DUMMY__ 0.8819264325777646 off 0.06547700397722546 neg 0.052596563445010014	false	0.5
â			__DUMMY__ 0.8858737503667917 off 0.06423115314444386 neg 0.04989509648876436	false	0.0
schmutzig	neg 1.0		__DUMMY__ 0.8764899518353316 off 0.07374135951339124 neg 0.049768688651277135	false	0.5
sexy	neg 1.0		__DUMMY__ 0.8804140715408941 off 0.07109371438307444 neg 0.048492214076031534	false	0.5
abraten	neg 1.0		__DUMMY__ 0.8821190124304454 off 0.06902372339959574 neg 0.04885726416995876	false	0.5
schwarz	neg 1.0		__DUMMY__ 0.88125305086829 off 0.06951200938980256 neg 0.04923493974190746	false	0.5
fotze	off 1.0	off 1.0	off 0.5194372864344698 __DUMMY__ 0.44419943534454875 neg 0.03636327822098139	false	1.0
verwirren	neg 1.0		__DUMMY__ 0.8803728721645282 off 0.06987295817035782 neg 0.049754169665113895	false	0.5
zahnlos	off 1.0		__DUMMY__ 0.8831903781866671 off 0.06594317521020626 neg 0.0508664466031266	false	1.0
verheeren	neg 1.0		__DUMMY__ 0.8681956560927233 off 0.08460431274737545 neg 0.04720003115990119	false	0.5
hippie	neg 1.0		__DUMMY__ 0.8803031182554679 off 0.07084124929162987 neg 0.04885563245290208	false	0.5
rammen	neg 1.0		__DUMMY__ 0.8857441559134193 off 0.0673604259735159 neg 0.04689541811306486	false	0.5
unlauter	neg 1.0		__DUMMY__ 0.8810198597635296 off 0.0694451698198438 neg 0.04953497041662663	false	0.5
unheilvoll	neg 1.0		__DUMMY__ 0.8808806561986965 off 0.06802623955677847 neg 0.051093104244525116	false	0.5
niedrig	neg 1.0		__DUMMY__ 0.8853546132637057 off 0.06406822282870511 neg 0.050577163907589096	false	0.5
explosion	neg 1.0		__DUMMY__ 0.8810540563621087 off 0.07064083642284294 neg 0.048305107215048444	false	0.5
weichei	off 1.0	off 1.0	off 0.5298487791503944 __DUMMY__ 0.43137005667330747 neg 0.038781164176298046	false	1.0
minusmensch	off 1.0		__DUMMY__ 0.8682608655461086 off 0.0846187792248374 neg 0.04712035522905389	false	1.0
farblos	neg 1.0		__DUMMY__ 0.8839042448233797 off 0.06798323656946295 neg 0.04811251860715742	false	0.5
unwissend	neg 1.0	neg 1.0	neg 0.5086284830053878 __DUMMY__ 0.43662571806628336 off 0.054745798928328836	false	1.0
traurig	neg 1.0		__DUMMY__ 0.8750396438481615 off 0.07587624911112867 neg 0.04908410704070983	false	0.5
senkung	neg 1.0		__DUMMY__ 0.8764847371411575 off 0.07011803989324077 neg 0.05339722296560174	false	0.5
ungleich	neg 1.0	neg 1.0	neg 0.5087067266115006 __DUMMY__ 0.4427434643060378 off 0.04854980908246147	false	1.0
heikel	neg 1.0		__DUMMY__ 0.8862014861308556 off 0.06287630446082437 neg 0.05092220940832005	false	0.5
drosselung	neg 1.0		__DUMMY__ 0.8758780798745321 off 0.07373853152139456 neg 0.05038338860407334	false	0.5
falsch	neg 1.0		__DUMMY__ 0.8795423631564565 off 0.07126503544919029 neg 0.049192601394353226	false	0.5
unzufriedenheit	neg 1.0		__DUMMY__ 0.8854239689585071 off 0.06279857823425435 neg 0.05177745280723869	false	0.5
kurz	neg 1.0		__DUMMY__ 0.8863315179140678 off 0.06478360907491021 neg 0.04888487301102185	false	0.5
unsinnig	neg 1.0		__DUMMY__ 0.8816947584545797 off 0.06643277204203538 neg 0.051872469503384915	false	0.5
penner	off 1.0	off 1.0	off 0.5313628935752943 __DUMMY__ 0.43078351916006835 neg 0.03785358726463739	false	1.0
seicht	neg 1.0		__DUMMY__ 0.8654696434953068 off 0.08249924628534497 neg 0.05203111021934836	false	0.5
dummheit	off 1.0	off 1.0	off 0.5233746491542771 __DUMMY__ 0.4375568237019741 neg 0.039068527143748796	false	1.0
unerfreulich	neg 1.0		__DUMMY__ 0.88695199025656 off 0.06251573476661108 neg 0.050532274976829016	false	0.5
motherfucker	off 1.0	off 1.0	off 0.5272367403296325 __DUMMY__ 0.4357611752502265 neg 0.037002084420140996	false	1.0
pikiert	neg 1.0		__DUMMY__ 0.8763758503426754 off 0.07279153629219438 neg 0.05083261336513023	false	0.5
wrack	neg 1.0		__DUMMY__ 0.8909121469955297 off 0.06474718142065417 neg 0.044340671583816216	false	0.5
gangster	neg 1.0		__DUMMY__ 0.8799483706616023 off 0.07101161364809386 neg 0.049040015690303834	false	0.5
krank	neg 1.0		__DUMMY__ 0.8773992173348004 off 0.07343754412638509 neg 0.04916323853881448	false	0.5
reich	neg 1.0		__DUMMY__ 0.8773796076406388 off 0.07142524881656828 neg 0.051195143542792844	false	0.5
gnadenlos	neg 1.0		__DUMMY__ 0.8826695347786607 off 0.06829610863469969 neg 0.049034356586639564	false	0.5
niedergeschlagen	neg 1.0		__DUMMY__ 0.8862490320333881 off 0.06449291630357452 neg 0.049258051663037414	false	0.5
terrorisieren	off 1.0	off 1.0	off 0.5181297307876614 __DUMMY__ 0.4432353525325747 neg 0.038634916679763924	false	1.0
sinnlosigkeit	neg 1.0		__DUMMY__ 0.8840194289887217 off 0.0654112728825052 neg 0.050569298128773234	false	0.5
behindern	neg 1.0		__DUMMY__ 0.8828302243733166 off 0.06683274710583476 neg 0.050337028520848676	false	0.5
undemokratisch	neg 1.0		__DUMMY__ 0.8794858974193697 off 0.06990821786549485 neg 0.05060588471513551	false	0.5
wirtschaftskrise	neg 1.0		__DUMMY__ 0.8815910808112969 off 0.06510862817958842 neg 0.05330029100911467	false	0.5
neid	neg 1.0		__DUMMY__ 0.8790277042493652 off 0.0703701196685933 neg 0.050602176082041574	false	0.5
rutschen	neg 1.0		__DUMMY__ 0.8929278722332679 off 0.05762766444517487 neg 0.04944446332155731	false	0.5
rezession	neg 1.0		__DUMMY__ 0.8695855498862552 off 0.0763612716715644 neg 0.0540531784421804	false	0.5
fehlgeburt	neg 1.0		__DUMMY__ 0.8855088897773216 off 0.06714004814204234 neg 0.04735106208063602	false	0.5
charakterschwach	off 1.0		__DUMMY__ 0.8757579760618316 off 0.07345138693421632 neg 0.050790637003951956	false	1.0
isolation	neg 1.0		__DUMMY__ 0.8814582295355671 off 0.07115510561177028 neg 0.04738666485266262	false	0.5
ablenkung	neg 1.0		__DUMMY__ 0.8839146885948849 off 0.0667866416648099 neg 0.04929866974030518	false	0.5
pech	neg 1.0		__DUMMY__ 0.8787349019892994 off 0.07114289192692407 neg 0.05012220608377653	false	0.5
vermeidung	neg 1.0		__DUMMY__ 0.8767003209430954 off 0.07350882426112912 neg 0.04979085479577559	false	0.5
dominieren	neg 1.0		__DUMMY__ 0.8851620500650408 off 0.06565989133454443 neg 0.049178058600414756	false	0.5
schwindlig	neg 1.0		__DUMMY__ 0.880743382569487 off 0.06872167374574516 neg 0.05053494368476782	false	0.5
lutscher	neg 1.0		__DUMMY__ 0.8656696879084403 off 0.08412861805992712 neg 0.05020169403163248	false	0.5
pflicht	neg 1.0		__DUMMY__ 0.8880244785891889 off 0.061620734315741596 neg 0.050354787095069554	false	0.5
faschist	off 1.0		__DUMMY__ 0.8785192390405614 off 0.07134908193544673 neg 0.05013167902399184	false	1.0
verschleudern	neg 1.0		__DUMMY__ 0.8835668317799366 off 0.0637804207797209 neg 0.0526527474403425	false	0.5
wenn			__DUMMY__ 0.8779242691756295 off 0.07211081452266711 neg 0.04996491630170333	false	0.0
ehebruch	neg 1.0		__DUMMY__ 0.8835076579859703 off 0.06448787322680051 neg 0.05200446878722926	false	0.5
spott	off 1.0		__DUMMY__ 0.8859302605068231 off 0.06438638679523186 neg 0.049683352697944924	false	1.0
trostlosigkeit	neg 1.0		__DUMMY__ 0.8854707680854519 off 0.06148397364683775 neg 0.053045258267710414	false	0.5
lutschen	neg 1.0		__DUMMY__ 0.8810288747204981 off 0.07153461911721419 neg 0.04743650616228768	false	0.5
undiszipliniert	neg 1.0		__DUMMY__ 0.8751665543329504 off 0.07507917553231706 neg 0.04975427013473247	false	0.5
kopfschmerz	neg 1.0		__DUMMY__ 0.8829000377504723 off 0.06342159200738495 neg 0.05367837024214279	false	0.5
unvorhergesehen	neg 1.0		__DUMMY__ 0.8899943503316862 off 0.06121191883872554 neg 0.04879373082958829	false	0.5
desinteressiert	neg 1.0		__DUMMY__ 0.8754942843976947 off 0.07454848088902827 neg 0.0499572347132769	false	0.5
armselig	off 1.0		__DUMMY__ 0.8736520771992273 off 0.07695608596583933 neg 0.049391836834933374	false	1.0
desaster	neg 1.0		__DUMMY__ 0.8865284212215875 off 0.06105681933786335 neg 0.05241475944054915	false	0.5
tod	neg 1.0		__DUMMY__ 0.8869795738253159 off 0.06312989613231619 neg 0.04989053004236786	false	0.5
herzlos	neg 1.0		__DUMMY__ 0.8740702913878436 off 0.0762963471715088 neg 0.049633361440647644	false	0.5
unwissenheit	neg 1.0		__DUMMY__ 0.8840672837868334 off 0.06506992616084128 neg 0.05086279005232535	false	0.5
widersinnig	neg 1.0		__DUMMY__ 0.8809870226244678 off 0.06664297486404124 neg 0.05237000251149091	false	0.5
bedenklich	neg 1.0		__DUMMY__ 0.8842525859381885 off 0.06421996153060841 neg 0.051527452531203166	false	0.5
beanstanden	neg 1.0		__DUMMY__ 0.8886692162024445 off 0.06224573360913308 neg 0.04908505018842237	false	0.5
panisch	neg 1.0		__DUMMY__ 0.8828278156881829 off 0.06881639008702588 neg 0.04835579422479123	false	0.5
debil	off 1.0		__DUMMY__ 0.8948831516163505 off 0.05553072784051277 neg 0.0495861205431367	false	1.0
abstrich	neg 1.0		__DUMMY__ 0.8885317617647761 off 0.06485748370148117 neg 0.04661075453374273	false	0.5
primitiv	neg 1.0		__DUMMY__ 0.8752064748097247 off 0.0747767217876395 neg 0.05001680340263578	false	0.5
abschaum	off 1.0	off 1.0	off 0.5255172838446917 __DUMMY__ 0.4374888470252984 neg 0.03699386913000999	false	1.0
provozieren	neg 1.0		__DUMMY__ 0.8809902223133872 off 0.06828577325724523 neg 0.05072400442936757	false	0.5
tot	neg 1.0		__DUMMY__ 0.8866343338347137 off 0.0646303110291968 neg 0.04873535513608956	false	0.5
instabil	neg 1.0		__DUMMY__ 0.8732262477940661 off 0.0771972778390708 neg 0.04957647436686319	false	0.5
schwuchtel	off 1.0	off 1.0	off 0.5372229839717705 __DUMMY__ 0.42620930508260435 neg 0.03656771094562507	false	1.0
zerren	neg 1.0		__DUMMY__ 0.8859730641300962 off 0.0645590573391943 neg 0.04946787853070939	false	0.5
kinderficker	off 1.0		__DUMMY__ 0.8717686537899667 off 0.07934946143378124 neg 0.04888188477625209	false	1.0
gefahr	neg 1.0		__DUMMY__ 0.8887702965872665 off 0.0621012310270625 neg 0.049128472385671064	false	0.5
rabiat	neg 1.0		__DUMMY__ 0.8820618530890327 off 0.06642967028215195 neg 0.051508476628815296	false	0.5
verlangsamung	neg 1.0		__DUMMY__ 0.8702061964620593 off 0.08116300239138752 neg 0.048630801146553146	false	0.5
ausgestorben	neg 1.0		__DUMMY__ 0.8840225876902443 off 0.06598830090285145 neg 0.04998911140690421	false	0.5
anklagen	neg 1.0		__DUMMY__ 0.8835515674627642 off 0.06574433347362187 neg 0.05070409906361394	false	0.5
trott	neg 1.0		__DUMMY__ 0.8834871699460962 off 0.06709389349586757 neg 0.04941893655803626	false	0.5
verminderung	neg 1.0		__DUMMY__ 0.876224177808844 off 0.07348755732970004 neg 0.05028826486145605	false	0.5
nach			__DUMMY__ 0.8950153189882677 off 0.056438707473073564 neg 0.04854597353865864	false	0.0
rost	neg 1.0		__DUMMY__ 0.8714417944101004 off 0.08217997861133304 neg 0.04637822697856654	false	0.5
destruktiv	neg 1.0		__DUMMY__ 0.8811233939420605 off 0.06715916023305434 neg 0.05171744582488509	false	0.5
unzumutbarkeit	neg 1.0		__DUMMY__ 0.8805209552269789 off 0.07362557368940716 neg 0.04585347108361387	false	0.5
labil	off 1.0	off 1.0	off 0.5249827931869542 __DUMMY__ 0.43749566589385736 neg 0.03752154091918838	false	1.0
ziemlich	neg 1.0		__DUMMY__ 0.878685329427582 off 0.07295567525335542 neg 0.048358995319062424	false	0.5
lachnummer	off 1.0		__DUMMY__ 0.8821602254959072 off 0.06791571626639362 neg 0.04992405823769919	false	1.0
oder			__DUMMY__ 0.8840098849469658 off 0.06750495731410892 neg 0.04848515773892534	false	0.0
verfall	neg 1.0		__DUMMY__ 0.8883701271405768 off 0.05895084456983619 neg 0.05267902828958698	false	0.5
ausgrenzung	neg 1.0		__DUMMY__ 0.8798754859290248 off 0.06979894142657676 neg 0.05032557264439855	false	0.5
unordnung	neg 1.0		__DUMMY__ 0.8765107459063665 off 0.07760196188492496 neg 0.0458872922087086	false	0.5
fehlverhalten	neg 1.0		__DUMMY__ 0.8858202020697425 off 0.0634106266397349 neg 0.050769171290522525	false	0.5
eine			__DUMMY__ 0.8881183040504551 off 0.061111178719863955 neg 0.05077051722968097	false	0.0
nille	neg 1.0		__DUMMY__ 0.883461067030419 off 0.06762943271242146 neg 0.048909500257159476	false	0.5
qual	neg 1.0		__DUMMY__ 0.8835641486711155 off 0.06678656353573563 neg 0.04964928779314889	false	0.5
verschwenden	neg 1.0		__DUMMY__ 0.8850652788961747 off 0.06292286954522157 neg 0.052011851558603744	false	0.5
riesig	neg 1.0		__DUMMY__ 0.8892092137617388 off 0.06311499758132381 neg 0.04767578865693736	false	0.5
verurteilen	neg 1.0		__DUMMY__ 0.8831436152058187 off 0.06559281259217345 neg 0.051263572202007716	false	0.5
klischee	neg 1.0	neg 1.0	neg 0.5086732941422896 __DUMMY__ 0.4371724379692594 off 0.05415426788845113	false	1.0
diktatorisch	neg 1.0		__DUMMY__ 0.8785358110129347 off 0.07001490948871483 neg 0.051449279498350514	false	0.5
vorhersehbar	neg 1.0		__DUMMY__ 0.8778263751692951 off 0.07051702189720922 neg 0.05165660293349573	false	0.5
sowie			__DUMMY__ 0.8707695060207733 off 0.07858037392057192 neg 0.050650120058654706	false	0.0
stornieren	neg 1.0		__DUMMY__ 0.8874444355437802 off 0.06998316689488661 neg 0.04257239756133323	false	0.5
besteuerung	neg 1.0	neg 1.0	neg 0.5109380374409621 __DUMMY__ 0.4374014255504547 off 0.05166053700858318	false	1.0
ungeschminkt	neg 1.0		__DUMMY__ 0.8769984270195457 off 0.07443628675310174 neg 0.048565286227352546	false	0.5
kritisch	neg 1.0		__DUMMY__ 0.884571550216724 off 0.06515590138351034 neg 0.0502725483997656	false	0.5
schlamperei	off 1.0		__DUMMY__ 0.8861737467450713 off 0.06381905739581502 neg 0.050007195859113625	false	1.0
sucht	neg 1.0	neg 1.0	neg 0.5045141553619874 __DUMMY__ 0.4437752928264841 off 0.05171055181152845	false	1.0
egoistisch	off 1.0	off 1.0	off 0.52975507527029 __DUMMY__ 0.4333880883878888 neg 0.03685683634182115	false	1.0
ausbeuter	off 1.0		__DUMMY__ 0.8839467142797475 off 0.063185603400962 neg 0.05286768231929045	false	1.0
arschgeburt	off 1.0		__DUMMY__ 0.8635886761516343 off 0.08867472815074129 neg 0.047736595697624395	false	1.0
schubs	neg 1.0		__DUMMY__ 0.8849125907867184 off 0.0636455106329543 neg 0.05144189858032744	false	0.5
unsolide	neg 1.0		__DUMMY__ 0.8796581338978225 off 0.07033169526009132 neg 0.05001017084208604	false	0.5
beschwerde	neg 1.0		__DUMMY__ 0.8852428304137855 off 0.0654066136093254 neg 0.049350555976889074	false	0.5
stocken	neg 1.0		__DUMMY__ 0.886232231990938 off 0.06431072616840773 neg 0.04945704184065431	false	0.5
isolieren	neg 1.0		__DUMMY__ 0.8852946185840518 off 0.06540177514854187 neg 0.04930360626740637	false	0.5
unheilbar	neg 1.0		__DUMMY__ 0.8812217360142671 off 0.06743187506847462 neg 0.05134638891725832	false	0.5
pisser	off 1.0	off 1.0	off 0.5278096451109631 __DUMMY__ 0.4368182361541141 neg 0.035372118734922735	false	1.0
löschen	neg 1.0		__DUMMY__ 0.8830154066811512 off 0.06784288450068174 neg 0.049141708818167144	false	0.5
durchfallen	neg 1.0		__DUMMY__ 0.8845569310799181 off 0.06479620344507797 neg 0.05064686547500406	false	0.5
wichser	off 1.0	off 1.0	off 0.5338474566964166 __DUMMY__ 0.428431056531214 neg 0.03772148677236933	false	1.0
terror	neg 1.0		__DUMMY__ 0.8813568088852395 off 0.07044260758479994 neg 0.048200583529960546	false	0.5
krass	neg 1.0		__DUMMY__ 0.8732553367670328 off 0.077738277422865 neg 0.049006385810102165	false	0.5
revolte	neg 1.0		__DUMMY__ 0.8749055071083247 off 0.0713706496340534 neg 0.05372384325762177	false	0.5
besorgt	neg 1.0		__DUMMY__ 0.8870766077677317 off 0.06511073859451223 neg 0.04781265363775607	false	0.5
nachlassen	neg 1.0		__DUMMY__ 0.8869796123386146 off 0.06396007722861628 neg 0.049060310432769094	false	0.5
alt	neg 1.0		__DUMMY__ 0.8819771134809586 off 0.06324913610800287 neg 0.054773750411038435	false	0.5
hundesohn	off 1.0	off 1.0	off 0.5333451931729216 __DUMMY__ 0.43132842347905476 neg 0.03532638334802371	false	1.0
als			__DUMMY__ 0.8837321061070993 off 0.06518876267216239 neg 0.05107913122073842	false	0.0
abschreckung	neg 1.0		__DUMMY__ 0.8861189044100009 off 0.06260279379651268 neg 0.05127830179348648	false	0.5
unqualifiziert	neg 1.0		__DUMMY__ 0.8781747840391219 off 0.07195057827571709 neg 0.049874637685161136	false	0.5
abgewichst	off 1.0		__DUMMY__ 0.8847071517658895 off 0.06682143130045325 neg 0.04847141693365725	false	1.0
schwer	neg 1.0		__DUMMY__ 0.8824505607021224 off 0.06664239947041635 neg 0.05090703982746132	false	0.5
bedeutungslosigkeit	neg 1.0		__DUMMY__ 0.8856998158089003 off 0.0631009782049211 neg 0.05119920598617864	false	0.5
kapitulation	neg 1.0		__DUMMY__ 0.8821956785498812 off 0.06486966849390643 neg 0.05293465295621228	false	0.5
unscharf	neg 1.0		__DUMMY__ 0.8772046051452663 off 0.06888026384707904 neg 0.053915131007654715	false	0.5
schwinden	neg 1.0		__DUMMY__ 0.8854931785379021 off 0.06317267360553958 neg 0.05133414785655841	false	0.5
versklavung	neg 1.0	neg 1.0	neg 0.5090648847488547 __DUMMY__ 0.4383837193904173 off 0.052551395860728024	false	1.0
schlecht	neg 1.0		__DUMMY__ 0.8788571095928601 off 0.07314834765013957 neg 0.04799454275700027	false	0.5
verhasst	neg 1.0		__DUMMY__ 0.8801085897009094 off 0.06900273189244518 neg 0.05088867840664537	false	0.5
beschweren	neg 1.0		__DUMMY__ 0.8820942712682025 off 0.06920188529128751 neg 0.04870384344050988	false	0.5
scheiden	neg 1.0		__DUMMY__ 0.8834508075549532 off 0.06687961083484706 neg 0.04966958161019975	false	0.5
frustriert	neg 1.0		__DUMMY__ 0.8841571007140269 off 0.06587469077642556 neg 0.04996820850954753	false	0.5
schimmelig	neg 1.0		__DUMMY__ 0.8846111867087402 off 0.0636488373311172 neg 0.051739975960142605	false	0.5
fisch	neg 1.0		__DUMMY__ 0.8855937661935462 off 0.06031784470760048 neg 0.05408838909885333	false	0.5
schmuggel	neg 1.0		__DUMMY__ 0.8899615595029542 off 0.061220534001219934 neg 0.048817906495825944	false	0.5
auffallen	neg 1.0		__DUMMY__ 0.8808410177338262 off 0.06962233883901796 neg 0.04953664342715581	false	0.5
konkurrenz	neg 1.0		__DUMMY__ 0.8882566714930757 off 0.06265940276921075 neg 0.04908392573771342	false	0.5
teufelskreis	neg 1.0	neg 1.0	neg 0.5104179292780622 __DUMMY__ 0.4390695191605861 off 0.05051255156135168	false	1.0
aufschreien	neg 1.0		__DUMMY__ 0.8786932127065187 off 0.07032552081169899 neg 0.0509812664817823	false	0.5
schuldner	neg 1.0		__DUMMY__ 0.8839632180373393 off 0.06292950785947778 neg 0.053107274103182806	false	0.5
missgeburt	off 1.0	off 1.0	off 0.5317963761363166 __DUMMY__ 0.43439261424274284 neg 0.033811009620940594	false	1.0
arbeitslos	neg 1.0		__DUMMY__ 0.884648497810569 off 0.06479490515467236 neg 0.050556597034758594	false	0.5
befallen	neg 1.0		__DUMMY__ 0.8822230188422499 off 0.06646878851271266 neg 0.05130819264503753	false	0.5
miesepetrig	off 1.0	off 1.0	off 0.5245710626814374 __DUMMY__ 0.43728057027237427 neg 0.0381483670461883	false	1.0
alarmieren	neg 1.0		__DUMMY__ 0.8787327703170277 off 0.07242642836326306 neg 0.04884080131970928	false	0.5
ungeduscht	off 1.0		__DUMMY__ 0.8784160667220325 off 0.07124059490725294 neg 0.05034333837071455	false	1.0
knappheit	neg 1.0		__DUMMY__ 0.8828470350628409 off 0.06514857978785345 neg 0.052004385149305596	false	0.5
schlange	neg 1.0		__DUMMY__ 0.8839296819801994 off 0.06740958112956318 neg 0.048660736890237484	false	0.5
harsch	neg 1.0		__DUMMY__ 0.8785900297399531 off 0.07743012213280896 neg 0.043979848127237924	false	0.5
lang	neg 1.0		__DUMMY__ 0.8823975835593361 off 0.06862152428106935 neg 0.0489808921595947	false	0.5
ziellos	neg 1.0		__DUMMY__ 0.8875118640601707 off 0.0630308349184751 neg 0.04945730102135423	false	0.5
selbstverliebt	neg 1.0		__DUMMY__ 0.8665920215034251 off 0.0854020270113577 neg 0.0480059514852173	false	0.5
beseitigen	neg 1.0		__DUMMY__ 0.8883155825623779 off 0.0671231325160831 neg 0.0445612849215391	false	0.5
dumm	off 1.0		__DUMMY__ 0.8703982305777928 off 0.0800807160610374 neg 0.049521053361169846	false	1.0
arbeitsloser	neg 1.0		__DUMMY__ 0.8874216196611342 off 0.06490964006572994 neg 0.04766874027313584	false	0.5
blitzen	neg 1.0		__DUMMY__ 0.8788717435470103 off 0.07139557708536041 neg 0.049732679367629304	false	0.5
hilflos	neg 1.0		__DUMMY__ 0.8845906572107838 off 0.0647305199489516 neg 0.050678822840264544	false	0.5
eklig	off 1.0		__DUMMY__ 0.8687599008253187 off 0.08047684956257148 neg 0.05076324961210979	false	1.0
begriff			__DUMMY__ 0.882485093385845 off 0.06686311261458276 neg 0.0506517939995723	false	0.0
hungersnot	neg 1.0		__DUMMY__ 0.8814127281994562 off 0.06510828243966665 neg 0.053478989360877215	false	0.5
ungesetzlich	neg 1.0		__DUMMY__ 0.8788638532222424 off 0.07013393889832255 neg 0.05100220787943516	false	0.5
verschwendung	neg 1.0		__DUMMY__ 0.8857825174431497 off 0.06295308766868646 neg 0.0512643948881639	false	0.5
schmerzvoll	neg 1.0		__DUMMY__ 0.8804295671714657 off 0.06875251373404004 neg 0.05081791909449427	false	0.5
vorzeitig	neg 1.0		__DUMMY__ 0.880290741851084 off 0.07251826919255214 neg 0.04719098895636379	false	0.5
unvollkommenheit	neg 1.0		__DUMMY__ 0.8845492085844101 off 0.065521277374658 neg 0.049929514040931856	false	0.5
intervenieren	neg 1.0		__DUMMY__ 0.8837185946686773 off 0.06384336552480391 neg 0.052438039806518726	false	0.5
banause	off 1.0		__DUMMY__ 0.8651532709143879 off 0.08208514616204354 neg 0.052761582923568556	false	1.0
rebell	neg 1.0		__DUMMY__ 0.8894054527779733 off 0.0588844457907546 neg 0.05171010143127205	false	0.5
unlogisch	neg 1.0		__DUMMY__ 0.8746003128580238 off 0.07571642868068582 neg 0.0496832584612905	false	0.5
leiden	neg 1.0		__DUMMY__ 0.8903939163468004 off 0.06124825944804974 neg 0.04835782420514978	false	0.5
abschaffung	neg 1.0		__DUMMY__ 0.8804077768103862 off 0.06853955944068615 neg 0.05105266374892763	false	0.5
sturz	neg 1.0		__DUMMY__ 0.8858399025704272 off 0.06941075666401768 neg 0.04474934076555506	false	0.5
verkleinerung	neg 1.0		__DUMMY__ 0.8765448345149995 off 0.07182201905424768 neg 0.0516331464307528	false	0.5
schmarotzer	off 1.0		__DUMMY__ 0.883085771026025 off 0.06573945632508686 neg 0.051174772648888006	false	1.0
bestrafung	neg 1.0	neg 1.0	neg 0.5075210025709548 __DUMMY__ 0.4410146461099439 off 0.051464351319101445	false	1.0
achtlos	neg 1.0		__DUMMY__ 0.8844292637022177 off 0.06574730657635193 neg 0.04982342972143028	false	0.5
ungeheuer	neg 1.0		__DUMMY__ 0.881282837410134 off 0.06752173201459842 neg 0.05119543057526764	false	0.5
unaufrichtig	neg 1.0		__DUMMY__ 0.8794564192832492 off 0.0719004919086804 neg 0.04864308880807037	false	0.5
