unsolidarisch	neg 1.0		off 0.5655812935634649 neg 0.42733796060845 __DUMMY__ 0.007080745828085105	false	0.5
nachteilig	neg 1.0		off 0.5662440602156765 neg 0.42656746290637415 __DUMMY__ 0.00718847687794931	false	0.5
skeptisch	neg 1.0		off 0.5631080973700451 neg 0.42971999744145223 __DUMMY__ 0.0071719051885026095	false	0.5
schrecklich	neg 1.0		off 0.5737134180736858 neg 0.419269403242602 __DUMMY__ 0.007017178683712228	false	0.5
schlapp	neg 1.0	neg 1.0	neg 0.6940857547110914 off 0.3025551029224697 __DUMMY__ 0.003359142366438911	false	1.0
abfall	neg 1.0		off 0.5615475517341807 neg 0.4312349176126684 __DUMMY__ 0.007217530653150987	false	0.5
widerspenstig	neg 1.0		off 0.5653819601846201 neg 0.42750753982338024 __DUMMY__ 0.007110499991999739	false	0.5
abrupt	neg 1.0		off 0.5622600745534817 neg 0.43057541291609425 __DUMMY__ 0.007164512530423999	false	0.5
unwirksam	neg 1.0		off 0.564016865137209 neg 0.42892143767492036 __DUMMY__ 0.007061697187870648	false	0.5
angreifen	neg 1.0		off 0.5625012678495762 neg 0.43032222348912974 __DUMMY__ 0.007176508661293993	false	0.5
inkonsistent	neg 1.0		off 0.5679299597189974 neg 0.42499785546330415 __DUMMY__ 0.0070721848176983244	false	0.5
abrutschen	neg 1.0		off 0.5605490592409859 neg 0.43224049202781417 __DUMMY__ 0.007210448731200132	false	0.5
unsicher	neg 1.0		off 0.5674104858698803 neg 0.425455375059836 __DUMMY__ 0.007134139070283643	false	0.5
bauernkind	off 1.0	off 1.0	off 0.7741219691955921 neg 0.22256783455368967 __DUMMY__ 0.0033101962507182327	false	1.0
angreifer	neg 1.0		off 0.5729030476954744 neg 0.4199718438153784 __DUMMY__ 0.007125108489147299	false	0.5
trennen	neg 1.0		off 0.5633426877889843 neg 0.4294643062634398 __DUMMY__ 0.007193005947575836	false	0.5
schmutz	neg 1.0		off 0.576281900433313 neg 0.4165315416599915 __DUMMY__ 0.007186557906695472	false	0.5
inkonsistenz	neg 1.0		off 0.5702544989366262 neg 0.4226855559452155 __DUMMY__ 0.007059945118158189	false	0.5
erschreckend	neg 1.0		off 0.5659847888661957 neg 0.42688826580023126 __DUMMY__ 0.0071269453335729	false	0.5
ertrinken	neg 1.0		off 0.5613842152248958 neg 0.43144733077700453 __DUMMY__ 0.007168453998099585	false	0.5
pickelface	off 1.0		off 0.5687850163390824 neg 0.42408094010929304 __DUMMY__ 0.007134043551624461	false	1.0
seiner			off 0.5638170762292074 neg 0.42899621120844944 __DUMMY__ 0.007186712562342962	false	0.0
lauch	neg 1.0	neg 1.0	neg 0.6982302426054825 off 0.2983222056014832 __DUMMY__ 0.003447551793034322	false	1.0
unwichtig	neg 1.0		off 0.5703072790290445 neg 0.42263053170657655 __DUMMY__ 0.007062189264378817	false	0.5
steuerhinterziehung	neg 1.0		off 0.5645667383491717 neg 0.42833167585512316 __DUMMY__ 0.007101585795705176	false	0.5
schock	neg 1.0		off 0.5659519312313166 neg 0.42690295776533815 __DUMMY__ 0.007145111003345292	false	0.5
beule	neg 1.0		off 0.5719016870396372 neg 0.4210690150639747 __DUMMY__ 0.007029297896388016	false	0.5
vergelten	neg 1.0		off 0.576266448066663 neg 0.4167034400230195 __DUMMY__ 0.007030111910317404	false	0.5
verdorbenheit	neg 1.0		off 0.5704919082461982 neg 0.42236525086102844 __DUMMY__ 0.007142840892773356	false	0.5
trauma	neg 1.0		off 0.5679507638039464 neg 0.4249446488750817 __DUMMY__ 0.00710458732097198	false	0.5
sinnlos	neg 1.0		off 0.5686353899504318 neg 0.42426092793243286 __DUMMY__ 0.007103682117135199	false	0.5
fettsack	off 1.0	off 1.0	off 0.7754967702517791 neg 0.22118767903688918 __DUMMY__ 0.0033155507113317	false	1.0
feige	off 1.0	off 1.0	off 0.7725854066075533 neg 0.2240630473988356 __DUMMY__ 0.0033515459936112367	false	1.0
abdanken	neg 1.0		off 0.5669459883733119 neg 0.42592283796962943 __DUMMY__ 0.007131173657058713	false	0.5
wichtigtuer	off 1.0	off 1.0	off 0.7716681939837394 neg 0.22495431601036628 __DUMMY__ 0.0033774900058942503	false	1.0
misslingen	neg 1.0		off 0.5723622072015833 neg 0.42047283476933917 __DUMMY__ 0.007164958029077653	false	0.5
untreu	off 1.0		off 0.5713012743634894 neg 0.42164979812805875 __DUMMY__ 0.007048927508451879	false	1.0
missmutig	neg 1.0		off 0.5682478679089088 neg 0.424692406806783 __DUMMY__ 0.007059725284308293	false	0.5
hurenbock	off 1.0		off 0.5673778339526238 neg 0.4255113379565151 __DUMMY__ 0.007110828090861186	false	1.0
betrunken	neg 1.0		off 0.572741528575744 neg 0.4202324862887908 __DUMMY__ 0.0070259851354650795	false	0.5
korrupt	off 1.0		off 0.5633200446370341 neg 0.42958468035308106 __DUMMY__ 0.007095275009884773	false	1.0
unmut	neg 1.0		off 0.5618285530708066 neg 0.43097866372339066 __DUMMY__ 0.007192783205802831	false	0.5
hackfresse	off 1.0		off 0.5771090228777911 neg 0.4159267754176209 __DUMMY__ 0.006964201704587954	false	1.0
aufblasen	neg 1.0		off 0.5670497456796779 neg 0.425834372478181 __DUMMY__ 0.0071158818421409465	false	0.5
gewaltsam	neg 1.0		off 0.5681760711973195 neg 0.4246786811403441 __DUMMY__ 0.0071452476623365185	false	0.5
unbeliebtheit	neg 1.0		off 0.5726462307841543 neg 0.42029091092251186 __DUMMY__ 0.007062858293333786	false	0.5
sturheit	neg 1.0		off 0.5665972495421682 neg 0.4262648450623923 __DUMMY__ 0.007137905395439438	false	0.5
kuh	neg 1.0		off 0.5653312515055584 neg 0.42764981724378176 __DUMMY__ 0.007018931250659766	false	0.5
erschrecken	neg 1.0		off 0.5702845115649429 neg 0.42263403194402427 __DUMMY__ 0.007081456491032946	false	0.5
opfer	neg 1.0		off 0.5649230466659861 neg 0.42790741950675476 __DUMMY__ 0.007169533827259199	false	0.5
sinken	neg 1.0		off 0.5615120080299908 neg 0.4313145242838101 __DUMMY__ 0.007173467686198992	false	0.5
stinktier	neg 1.0		off 0.5727943798471274 neg 0.42025805389273135 __DUMMY__ 0.006947566260141251	false	0.5
tucke	off 1.0		off 0.576806367232932 neg 0.4162849934984149 __DUMMY__ 0.006908639268653207	false	1.0
ein			off 0.5647855494069506 neg 0.42810721665379975 __DUMMY__ 0.007107233939249685	false	0.0
abstieg	neg 1.0		off 0.5680310245920165 neg 0.4247839092786984 __DUMMY__ 0.007185066129285102	false	0.5
missverstehen	neg 1.0		off 0.5686141169377068 neg 0.4243021052266824 __DUMMY__ 0.007083777835610754	false	0.5
ergebnislos	neg 1.0		off 0.5660964950251542 neg 0.42671368013799216 __DUMMY__ 0.0071898248368536125	false	0.5
unter			off 0.5598242208244381 neg 0.4328920762293681 __DUMMY__ 0.007283702946193797	false	0.0
manipulieren	neg 1.0		off 0.5640114695082826 neg 0.4288120320275476 __DUMMY__ 0.007176498464169872	false	0.5
unbewiesen	neg 1.0		off 0.5670398835570348 neg 0.4258637776852074 __DUMMY__ 0.007096338757757719	false	0.5
verschleppen	neg 1.0		off 0.5638470877672124 neg 0.42901725069663044 __DUMMY__ 0.007135661536157218	false	0.5
weib	off 1.0		off 0.5787088268147519 neg 0.41435438079983 __DUMMY__ 0.006936792385418099	false	1.0
opposition	neg 1.0		off 0.5672252689119728 neg 0.42568961750195194 __DUMMY__ 0.007085113586075272	false	0.5
verkehrswidrig	neg 1.0		off 0.5797096095639557 neg 0.4132259817917115 __DUMMY__ 0.007064408644332846	false	0.5
inkorrekt	neg 1.0		off 0.5726588306153158 neg 0.42033478663041657 __DUMMY__ 0.007006382754267609	false	0.5
vermeiden	neg 1.0		off 0.5622618141728908 neg 0.4304956219280281 __DUMMY__ 0.007242563899081142	false	0.5
abweichung	neg 1.0		off 0.5667645555375941 neg 0.42606792759157047 __DUMMY__ 0.007167516870835531	false	0.5
alkoholisiert	neg 1.0		off 0.5693263313357292 neg 0.4234172211270543 __DUMMY__ 0.00725644753721652	false	0.5
scheiss	off 1.0	off 1.0	off 0.7734981608705097 neg 0.22315705356040777 __DUMMY__ 0.0033447855690824633	false	1.0
herausforderung	neg 1.0		off 0.5655686926135403 neg 0.4272743772270018 __DUMMY__ 0.0071569301594578486	false	0.5
pervers	off 1.0		off 0.5801791549046706 neg 0.41291278097491424 __DUMMY__ 0.006908064120414958	false	1.0
wackelig	neg 1.0		off 0.5656802761127048 neg 0.4271582181276081 __DUMMY__ 0.007161505759687014	false	0.5
verwickeln	neg 1.0		off 0.5679542778817191 neg 0.4249515111429829 __DUMMY__ 0.007094210975297932	false	0.5
vorwand	neg 1.0		off 0.5624111366188195 neg 0.4304058040820205 __DUMMY__ 0.007183059299159934	false	0.5
muschi	off 1.0		off 0.5686657821122879 neg 0.42417797582858646 __DUMMY__ 0.007156242059125689	false	1.0
entmutigung	neg 1.0		off 0.5660431537560005 neg 0.4269059788063713 __DUMMY__ 0.007050867437628299	false	0.5
unangemessen	neg 1.0		off 0.5657025222387468 neg 0.42716584453236317 __DUMMY__ 0.007131633228889896	false	0.5
unstetig	neg 1.0		off 0.5715616870959307 neg 0.4213460662306818 __DUMMY__ 0.007092246673387555	false	0.5
entmutigen	neg 1.0		off 0.5662507638711182 neg 0.42665675632485284 __DUMMY__ 0.007092479804028954	false	0.5
schwanz	neg 1.0		off 0.5667259218961971 neg 0.42610274158474243 __DUMMY__ 0.007171336519060487	false	0.5
verbot	neg 1.0		off 0.5649021370469381 neg 0.427973644395035 __DUMMY__ 0.00712421855802682	false	0.5
leid	neg 1.0		off 0.5748042506664053 neg 0.41820067084079887 __DUMMY__ 0.006995078492795871	false	0.5
archaisch	neg 1.0		off 0.5650908967679801 neg 0.4277811960294063 __DUMMY__ 0.007127907202613642	false	0.5
gegen			off 0.5635680005116741 neg 0.4292240585531066 __DUMMY__ 0.007207940935219406	false	0.0
scheidung	neg 1.0		off 0.588084594624521 neg 0.40496738745035304 __DUMMY__ 0.006948017925126031	false	0.5
einschlag	neg 1.0		off 0.5770640902578623 neg 0.41587903360161715 __DUMMY__ 0.00705687614052051	false	0.5
m			off 0.5663868832717031 neg 0.4264527176902497 __DUMMY__ 0.0071603990380471735	false	0.0
abgestanden	neg 1.0		off 0.5629119857458028 neg 0.4300342732159349 __DUMMY__ 0.007053741038262325	false	0.5
schmierig	off 1.0		off 0.5741790454530561 neg 0.41882711126015165 __DUMMY__ 0.0069938432867921755	false	1.0
unpraktisch	neg 1.0		off 0.5687752223501114 neg 0.4241081942970736 __DUMMY__ 0.007116583352815083	false	0.5
wixxer	off 1.0		off 0.5799323872688922 neg 0.4131722963083913 __DUMMY__ 0.006895316422716438	false	1.0
bezeichnet			off 0.5675760656409221 neg 0.42529824486178336 __DUMMY__ 0.007125689497294719	false	0.0
jammerlappen	off 1.0		off 0.5705629018565526 neg 0.42237683061924175 __DUMMY__ 0.007060267524205727	false	1.0
farce	neg 1.0		off 0.5656901241661367 neg 0.4272099454946844 __DUMMY__ 0.007099930339178803	false	0.5
zwecklos	neg 1.0		off 0.5644226069534337 neg 0.42844295266487564 __DUMMY__ 0.007134440381690676	false	0.5
turbulent	neg 1.0		off 0.5735990319663714 neg 0.4193529535977381 __DUMMY__ 0.007048014435890416	false	0.5
invasion	neg 1.0		off 0.5693821798363524 neg 0.42352088661725074 __DUMMY__ 0.007096933546396889	false	0.5
schuld	neg 1.0		off 0.5676931624313919 neg 0.42520030823610233 __DUMMY__ 0.007106529332505816	false	0.5
risiko	neg 1.0		off 0.5687735338484434 neg 0.42413087712788305 __DUMMY__ 0.007095589023673462	false	0.5
finster	neg 1.0		off 0.5648620645701267 neg 0.4280429133664446 __DUMMY__ 0.00709502206342871	false	0.5
geisteskrank	off 1.0		off 0.5719308716158072 neg 0.42104526563172734 __DUMMY__ 0.007023862752465429	false	1.0
zusammenbrechen	neg 1.0		off 0.5647981923515254 neg 0.42806607048520234 __DUMMY__ 0.007135737163272238	false	0.5
ausbeute	neg 1.0		off 0.5677159525414985 neg 0.42512768162679154 __DUMMY__ 0.0071563658317100294	false	0.5
hinterhalt	neg 1.0		off 0.5663708419150518 neg 0.4264895271493576 __DUMMY__ 0.00713963093559048	false	0.5
kritik	neg 1.0		off 0.56510642100362 neg 0.4277956695591508 __DUMMY__ 0.007097909437229345	false	0.5
einschrumpfen	neg 1.0		off 0.5701051203884506 neg 0.42284944147087894 __DUMMY__ 0.007045438140670587	false	0.5
riskant	neg 1.0		off 0.5632222387555446 neg 0.42960961699421485 __DUMMY__ 0.007168144250240603	false	0.5
frustrieren	neg 1.0		off 0.5633594478457471 neg 0.4294899900548588 __DUMMY__ 0.007150562099394199	false	0.5
groll	neg 1.0		off 0.56554099618661 neg 0.4273131611962964 __DUMMY__ 0.007145842617093617	false	0.5
gibt			off 0.5652164675084309 neg 0.42763202835749303 __DUMMY__ 0.0071515041340761126	false	0.0
qualvoll	neg 1.0		off 0.5680611590144585 neg 0.4248486903478713 __DUMMY__ 0.007090150637670196	false	0.5
wackeln	neg 1.0		off 0.5671749434568425 neg 0.42569476177933707 __DUMMY__ 0.007130294763820554	false	0.5
klagen	neg 1.0		off 0.5623913847960534 neg 0.4304318951349765 __DUMMY__ 0.007176720068970137	false	0.5
bankrott	neg 1.0		off 0.5725699824849355 neg 0.4203319852246758 __DUMMY__ 0.007098032290388849	false	0.5
trauern	neg 1.0		off 0.565840688447293 neg 0.42695549722509124 __DUMMY__ 0.007203814327615609	false	0.5
ablehnung	neg 1.0		off 0.5656110904578211 neg 0.427270360962541 __DUMMY__ 0.007118548579637896	false	0.5
stur	neg 1.0		off 0.5670346184462465 neg 0.4258685707467753 __DUMMY__ 0.00709681080697824	false	0.5
aufruhr	neg 1.0		off 0.5654440112854886 neg 0.42745974321192276 __DUMMY__ 0.007096245502588662	false	0.5
melancholie	neg 1.0		off 0.5615135065029566 neg 0.43134010793904204 __DUMMY__ 0.007146385558001335	false	0.5
ist			off 0.5681861346729545 neg 0.4247111081262084 __DUMMY__ 0.00710275720083708	false	0.0
torheit	neg 1.0		off 0.5672655371346245 neg 0.4256374417850221 __DUMMY__ 0.007097021080353288	false	0.5
dreckskind	off 1.0		off 0.5782044585569273 neg 0.4148426725181356 __DUMMY__ 0.006952868924937258	false	1.0
umtauschen	neg 1.0		off 0.5666615224887889 neg 0.42620957252276903 __DUMMY__ 0.007128904988442028	false	0.5
zum			off 0.5647971217220732 neg 0.4279242856160382 __DUMMY__ 0.007278592661888695	false	0.0
zersetzen	neg 1.0		off 0.5622243819108835 neg 0.43061926438281206 __DUMMY__ 0.00715635370630441	false	0.5
zur			off 0.5625137676467028 neg 0.43024206993600167 __DUMMY__ 0.00724416241729547	false	0.0
frust	neg 1.0		off 0.5645483048878052 neg 0.4283136808181602 __DUMMY__ 0.007138014294034685	false	0.5
unerbittlichkeit	neg 1.0		off 0.5644059775573107 neg 0.4284236120794595 __DUMMY__ 0.007170410363229735	false	0.5
zwei			off 0.5619468206941283 neg 0.43080716911945166 __DUMMY__ 0.007246010186420137	false	0.0
unkorrekt	neg 1.0		off 0.5719711172605025 neg 0.4210082760972025 __DUMMY__ 0.007020606642294892	false	0.5
hexe	off 1.0		off 0.5688743957891751 neg 0.42408957998053304 __DUMMY__ 0.007036024230291886	false	1.0
lasch	neg 1.0		off 0.5698939562463884 neg 0.42303630226557276 __DUMMY__ 0.007069741488038944	false	0.5
rivale	neg 1.0		off 0.5747839383562353 neg 0.41818654996575294 __DUMMY__ 0.007029511678011654	false	0.5
mutlos	off 1.0	off 1.0	off 0.7689934040771033 neg 0.2276025659422011 __DUMMY__ 0.0034040299806956877	false	1.0
wirr	off 1.0		off 0.5735252937589951 neg 0.4194760334015557 __DUMMY__ 0.006998672839449303	false	1.0
jahr			off 0.5672290801255429 neg 0.4255432969229711 __DUMMY__ 0.007227622951486196	false	0.0
wird			off 0.5650308560495766 neg 0.42780867231343406 __DUMMY__ 0.007160471636989263	false	0.0
strafbar	neg 1.0		off 0.563546157726068 neg 0.4292932358212919 __DUMMY__ 0.007160606452640097	false	0.5
erosion	neg 1.0		off 0.5678930151596914 neg 0.4249773065071402 __DUMMY__ 0.007129678333168372	false	0.5
eingehen	neg 1.0		off 0.5627086180688853 neg 0.4301459256649365 __DUMMY__ 0.00714545626617818	false	0.5
faul	off 1.0		off 0.5711378868588348 neg 0.4217787113002339 __DUMMY__ 0.007083401840931259	false	1.0
provisorium	neg 1.0		off 0.5602209902546805 neg 0.43249179610375377 __DUMMY__ 0.007287213641565762	false	0.5
schmerzen	neg 1.0		off 0.5643135050545545 neg 0.42857757882219527 __DUMMY__ 0.007108916123250231	false	0.5
schrumpfen	neg 1.0		off 0.5593396237064231 neg 0.43346420916265116 __DUMMY__ 0.007196167130925915	false	0.5
geistlos	off 1.0		off 0.5671616259662362 neg 0.4257823671278604 __DUMMY__ 0.007056006905903379	false	1.0
fehlkauf	neg 1.0		off 0.5689556780660922 neg 0.42395494597555977 __DUMMY__ 0.007089375958347946	false	0.5
frustrierend	neg 1.0		off 0.5692257188639884 neg 0.4237051305585276 __DUMMY__ 0.007069150577483981	false	0.5
unzufrieden	neg 1.0		off 0.5649450975041374 neg 0.4279086248354468 __DUMMY__ 0.007146277660415859	false	0.5
verzweifeln	neg 1.0		off 0.5661070654138638 neg 0.42675803776370663 __DUMMY__ 0.007134896822429654	false	0.5
verzweifelt	neg 1.0		off 0.567293557541016 neg 0.4256071709646099 __DUMMY__ 0.007099271494374148	false	0.5
misstrauensantrag	neg 1.0		off 0.5683365046338138 neg 0.42457184975203843 __DUMMY__ 0.007091645614147904	false	0.5
abfallen	neg 1.0		off 0.5669316944084605 neg 0.42595116628705093 __DUMMY__ 0.007117139304488691	false	0.5
fucker	off 1.0		off 0.5746224888914907 neg 0.41833352620478614 __DUMMY__ 0.007043984903723223	false	1.0
ungezogen	neg 1.0		off 0.579006209485931 neg 0.41405216038920223 __DUMMY__ 0.006941630124866734	false	0.5
irrsinnig	neg 1.0	neg 1.0	neg 0.6959889821196753 off 0.30062680240779155 __DUMMY__ 0.003384215472533149	false	1.0
unfassbar	neg 1.0		off 0.571638109077404 neg 0.42130684251437955 __DUMMY__ 0.0070550484082164515	false	0.5
hart	neg 1.0		off 0.5707203196442178 neg 0.4222528337433183 __DUMMY__ 0.0070268466124639075	false	0.5
widerlich	off 1.0		off 0.5712619017333831 neg 0.4217015407932012 __DUMMY__ 0.007036557473415694	false	1.0
fatal	neg 1.0	neg 1.0	neg 0.6961433842504258 off 0.30049655082286986 __DUMMY__ 0.003360064926704337	false	1.0
bruch	neg 1.0		off 0.5615327874054472 neg 0.4312720597926312 __DUMMY__ 0.007195152801921565	false	0.5
aushungern	neg 1.0		off 0.5643478388840056 neg 0.428539410900587 __DUMMY__ 0.007112750215407479	false	0.5
anspannung	neg 1.0		off 0.5618976308113337 neg 0.43085826088996637 __DUMMY__ 0.007244108298700149	false	0.5
von			off 0.5646107404410272 neg 0.42818445680865813 __DUMMY__ 0.007204802750314734	false	0.0
kraftlos	neg 1.0		off 0.5641910678339913 neg 0.4286636783740538 __DUMMY__ 0.0071452537919548965	false	0.5
vom			off 0.5625102420234794 neg 0.4301806017883242 __DUMMY__ 0.007309156188196315	false	0.0
grenzdebil	off 1.0		off 0.5711881623807747 neg 0.42177145280557865 __DUMMY__ 0.007040384813646548	false	1.0
vor			off 0.5620120485215165 neg 0.4307909202146438 __DUMMY__ 0.007197031263839632	false	0.0
unterwerfen	neg 1.0		off 0.5646949344994936 neg 0.42814217073725835 __DUMMY__ 0.007162894763247949	false	0.5
versenkung	neg 1.0		off 0.5645394536867622 neg 0.4282863726691053 __DUMMY__ 0.007174173644132452	false	0.5
entziehen	neg 1.0		off 0.5624384903092521 neg 0.43037580036991774 __DUMMY__ 0.0071857093208302514	false	0.5
finanzkrise	neg 1.0		off 0.5620339871211764 neg 0.43091232579709343 __DUMMY__ 0.007053687081730226	false	0.5
schimpfend	neg 1.0		off 0.5692153770589996 neg 0.42365076489432024 __DUMMY__ 0.0071338580466802125	false	0.5
profan	neg 1.0		off 0.5683304450419326 neg 0.424581405032455 __DUMMY__ 0.007088149925612359	false	0.5
korruption	neg 1.0		off 0.5634135218875694 neg 0.4294755364900243 __DUMMY__ 0.007110941622406352	false	0.5
â			off 0.565270029553253 neg 0.4275721691771647 __DUMMY__ 0.007157801269582404	false	0.0
schmutzig	neg 1.0		off 0.5715154671556743 neg 0.4214423901641031 __DUMMY__ 0.007042142680222846	false	0.5
sexy	neg 1.0		off 0.5708925024708698 neg 0.42201572786927166 __DUMMY__ 0.007091769659858454	false	0.5
abraten	neg 1.0		off 0.5691788727003615 neg 0.4237106689493211 __DUMMY__ 0.007110458350317358	false	0.5
schwarz	neg 1.0		off 0.5691849860947554 neg 0.42371246004231167 __DUMMY__ 0.007102553862932932	false	0.5
fotze	off 1.0	off 1.0	off 0.7709436304944509 neg 0.225635468268286 __DUMMY__ 0.003420901237263032	false	1.0
verwirren	neg 1.0		off 0.5688828023976379 neg 0.4240258869581655 __DUMMY__ 0.00709131064419657	false	0.5
zahnlos	off 1.0		off 0.5651391044253407 neg 0.4277320145663785 __DUMMY__ 0.007128881008280923	false	1.0
verheeren	neg 1.0		off 0.5807329725142608 neg 0.4123281678261492 __DUMMY__ 0.006938859659589991	false	0.5
hippie	neg 1.0		off 0.5703644386609726 neg 0.4225442630337132 __DUMMY__ 0.0070912983053142385	false	0.5
rammen	neg 1.0		off 0.5699804839517242 neg 0.42287452366735756 __DUMMY__ 0.007144992380918191	false	0.5
unlauter	neg 1.0		off 0.5687490931997792 neg 0.4241550386383259 __DUMMY__ 0.007095868161894931	false	0.5
unheilvoll	neg 1.0		off 0.5668575908537209 neg 0.4260510450879543 __DUMMY__ 0.007091364058324771	false	0.5
niedrig	neg 1.0		off 0.5645062979704464 neg 0.42834691020621307 __DUMMY__ 0.007146791823340573	false	0.5
explosion	neg 1.0		off 0.5707430658735978 neg 0.422159046275349 __DUMMY__ 0.007097887851053415	false	0.5
weichei	off 1.0	off 1.0	off 0.7744643334517863 neg 0.2222246824441451 __DUMMY__ 0.003310984104068573	false	1.0
minusmensch	off 1.0		off 0.580728126248297 neg 0.4123290324364492 __DUMMY__ 0.006942841315253807	false	1.0
farblos	neg 1.0		off 0.5694526865394108 neg 0.42342408201290294 __DUMMY__ 0.007123231447686163	false	0.5
unwissend	neg 1.0	neg 1.0	neg 0.6945647077358368 off 0.30207803275155065 __DUMMY__ 0.003357259512612529	false	1.0
traurig	neg 1.0		off 0.5735215563946184 neg 0.419454681438036 __DUMMY__ 0.007023762167345702	false	0.5
senkung	neg 1.0		off 0.5662893075644966 neg 0.4266701301780923 __DUMMY__ 0.007040562257410981	false	0.5
ungleich	neg 1.0	neg 1.0	neg 0.6975955755731178 off 0.298993767947198 __DUMMY__ 0.003410656479684195	false	1.0
heikel	neg 1.0		off 0.5631712407171144 neg 0.42966484932982746 __DUMMY__ 0.007163909953058122	false	0.5
drosselung	neg 1.0		off 0.5712918518424631 neg 0.42167710483531556 __DUMMY__ 0.007031043322221298	false	0.5
falsch	neg 1.0		off 0.5703508695503319 neg 0.4225694246081267 __DUMMY__ 0.007079705841541439	false	0.5
unzufriedenheit	neg 1.0		off 0.5622912785347388 neg 0.4305527337027462 __DUMMY__ 0.007155987762514939	false	0.5
kurz	neg 1.0		off 0.5664051362773496 neg 0.42643273954027144 __DUMMY__ 0.007162124182378871	false	0.5
unsinnig	neg 1.0		off 0.5647356943641693 neg 0.42815425155343134 __DUMMY__ 0.007110054082399394	false	0.5
penner	off 1.0	off 1.0	off 0.7756289151077133 neg 0.22106417511278262 __DUMMY__ 0.0033069097795040063	false	1.0
seicht	neg 1.0		off 0.5753850187037409 neg 0.4177056940935487 __DUMMY__ 0.006909287202710438	false	0.5
dummheit	off 1.0	off 1.0	off 0.7711008638778613 neg 0.2255328848733989 __DUMMY__ 0.003366251248739846	false	1.0
unerfreulich	neg 1.0		off 0.5633085759899701 neg 0.42951928527760247 __DUMMY__ 0.007172138732427441	false	0.5
motherfucker	off 1.0	off 1.0	off 0.7741069382419421 neg 0.22254210082326875 __DUMMY__ 0.003350960934789229	false	1.0
pikiert	neg 1.0		off 0.5699753467427755 neg 0.4229829673494747 __DUMMY__ 0.007041685907749676	false	0.5
wrack	neg 1.0		off 0.5701633619283715 neg 0.4226278302671554 __DUMMY__ 0.007208807804473218	false	0.5
gangster	neg 1.0		off 0.5703744881920649 neg 0.4225389577439222 __DUMMY__ 0.007086554064012905	false	0.5
krank	neg 1.0		off 0.5719925583416483 neg 0.4209573772073788 __DUMMY__ 0.007050064450973021	false	0.5
reich	neg 1.0		off 0.5690526187851267 neg 0.42390006868610947 __DUMMY__ 0.007047312528763839	false	0.5
gnadenlos	neg 1.0		off 0.5683111152252603 neg 0.424567788035241 __DUMMY__ 0.007121096739498621	false	0.5
niedergeschlagen	neg 1.0		off 0.5658447462506341 neg 0.42699354501900566 __DUMMY__ 0.007161708730360282	false	0.5
terrorisieren	off 1.0	off 1.0	off 0.7688225938445237 neg 0.22776182404915407 __DUMMY__ 0.0034155821063222487	false	1.0
sinnlosigkeit	neg 1.0		off 0.5650880568525494 neg 0.4277743696248621 __DUMMY__ 0.007137573522588508	false	0.5
behindern	neg 1.0		off 0.5666119727601416 neg 0.4262677233863702 __DUMMY__ 0.0071203038534880785	false	0.5
undemokratisch	neg 1.0		off 0.5678932312223518 neg 0.4250253978111884 __DUMMY__ 0.007081370966459759	false	0.5
wirtschaftskrise	neg 1.0		off 0.5626606540549474 neg 0.4302332243237299 __DUMMY__ 0.007106121621322739	false	0.5
neid	neg 1.0		off 0.5687360659208263 neg 0.42419333196396947 __DUMMY__ 0.007070602115204213	false	0.5
rutschen	neg 1.0		off 0.5612350712946994 neg 0.4315232987357007 __DUMMY__ 0.00724162996959975	false	0.5
rezession	neg 1.0		off 0.5697524084470691 neg 0.4232890231015829 __DUMMY__ 0.006958568451348229	false	0.5
fehlgeburt	neg 1.0		off 0.5694236881154686 neg 0.4234332051984318 __DUMMY__ 0.007143106686099614	false	0.5
charakterschwach	off 1.0		off 0.5703764409328418 neg 0.4225891363939119 __DUMMY__ 0.007034422673246244	false	1.0
isolation	neg 1.0		off 0.5719386825477727 neg 0.42095920984223945 __DUMMY__ 0.007102107609987903	false	0.5
ablenkung	neg 1.0		off 0.567224343506521 neg 0.42564153588393167 __DUMMY__ 0.007134120609547381	false	0.5
pech	neg 1.0		off 0.5698752319890353 neg 0.42306057471798986 __DUMMY__ 0.00706419329297476	false	0.5
vermeidung	neg 1.0		off 0.5716096803989423 neg 0.4213477833145938 __DUMMY__ 0.007042536286463835	false	0.5
dominieren	neg 1.0		off 0.5665784937723085 neg 0.4262737338682555 __DUMMY__ 0.0071477723594360835	false	0.5
schwindlig	neg 1.0		off 0.5679336061342336 neg 0.424977720007821 __DUMMY__ 0.0070886738579453955	false	0.5
lutscher	neg 1.0		off 0.5782531166972968 neg 0.41483870603728623 __DUMMY__ 0.006908177265416916	false	0.5
pflicht	neg 1.0		off 0.5627128329402837 neg 0.43009955147900236 __DUMMY__ 0.007187615580713905	false	0.5
faschist	off 1.0		off 0.5692586107234947 neg 0.42367280958796977 __DUMMY__ 0.0070685796885354415	false	1.0
verschleudern	neg 1.0		off 0.5623967544833945 neg 0.4304735217414474 __DUMMY__ 0.00712972377515798	false	0.5
wenn			off 0.5702141686439959 neg 0.42272381792275143 __DUMMY__ 0.007062013433252613	false	0.0
ehebruch	neg 1.0		off 0.5632357436036496 neg 0.42963337391893147 __DUMMY__ 0.007130882477418933	false	0.5
spott	off 1.0		off 0.5650502035618554 neg 0.42778979946275475 __DUMMY__ 0.0071599969753898575	false	1.0
trostlosigkeit	neg 1.0		off 0.5604617113280846 neg 0.43238403515590607 __DUMMY__ 0.007154253516009333	false	0.5
lutschen	neg 1.0		off 0.5720858670068998 neg 0.42081964760040136 __DUMMY__ 0.00709448539269883	false	0.5
undiszipliniert	neg 1.0		off 0.5725416774995821 neg 0.42043398816494987 __DUMMY__ 0.007024334335468092	false	0.5
kopfschmerz	neg 1.0		off 0.5618328734930422 neg 0.4310517047114046 __DUMMY__ 0.007115421795553164	false	0.5
unvorhergesehen	neg 1.0		off 0.5643210890120901 neg 0.4284778625763534 __DUMMY__ 0.007201048411556555	false	0.5
desinteressiert	neg 1.0		off 0.5719167092109364 neg 0.42105349397941744 __DUMMY__ 0.007029796809646073	false	0.5
armselig	off 1.0		off 0.5738407737402847 neg 0.41914982905864534 __DUMMY__ 0.0070093972010699	false	1.0
desaster	neg 1.0		off 0.5606167811509198 neg 0.43221365295381586 __DUMMY__ 0.007169565895264344	false	0.5
tod	neg 1.0		off 0.5645576381650544 neg 0.42827869998636775 __DUMMY__ 0.0071636618485778495	false	0.5
herzlos	neg 1.0		off 0.5733134452400919 neg 0.4196736660793471 __DUMMY__ 0.0070128886805610946	false	0.5
unwissenheit	neg 1.0		off 0.5646048105918016 neg 0.42825786905794305 __DUMMY__ 0.0071373203502554374	false	0.5
widersinnig	neg 1.0		off 0.5643319010632154 neg 0.42856723257498347 __DUMMY__ 0.0071008663618009876	false	0.5
bedenklich	neg 1.0		off 0.5635535294890256 neg 0.4293053766945622 __DUMMY__ 0.007141093816412231	false	0.5
beanstanden	neg 1.0		off 0.5642000498112959 neg 0.42860584362447857 __DUMMY__ 0.0071941065642255235	false	0.5
panisch	neg 1.0		off 0.5695620185520797 neg 0.4233208307378944 __DUMMY__ 0.007117150710025854	false	0.5
debil	off 1.0		off 0.5598733590540964 neg 0.4328634440152317 __DUMMY__ 0.007263196930671826	false	1.0
abstrich	neg 1.0		off 0.5690150819346388 neg 0.42381366017541716 __DUMMY__ 0.007171257889944223	false	0.5
primitiv	neg 1.0		off 0.5719141776869577 neg 0.42105806068418256 __DUMMY__ 0.00702776162885965	false	0.5
abschaum	off 1.0	off 1.0	off 0.7732287034704094 neg 0.22340617237771385 __DUMMY__ 0.003365124151876833	false	1.0
provozieren	neg 1.0		off 0.5669282212338644 neg 0.42597100811879335 __DUMMY__ 0.007100770647342154	false	0.5
tot	neg 1.0		off 0.5667186490089904 neg 0.42612492881167763 __DUMMY__ 0.007156422179331855	false	0.5
instabil	neg 1.0		off 0.5740018799271941 neg 0.4189973890840972 __DUMMY__ 0.0070007309887085796	false	0.5
schwuchtel	off 1.0	off 1.0	off 0.7790344326248576 neg 0.21769718530317528 __DUMMY__ 0.003268382071967003	false	1.0
zerren	neg 1.0		off 0.5655636289002185 neg 0.4272759327341425 __DUMMY__ 0.0071604383656390805	false	0.5
kinderficker	off 1.0		off 0.5758298429587952 neg 0.41718580782768405 __DUMMY__ 0.0069843492135206265	false	1.0
gefahr	neg 1.0		off 0.564034577942458 neg 0.4287714693748173 __DUMMY__ 0.007193952682724589	false	0.5
rabiat	neg 1.0		off 0.5651494480278926 neg 0.4277365546828657 __DUMMY__ 0.0071139972892417715	false	0.5
verlangsamung	neg 1.0		off 0.5772209292619603 neg 0.4158158793152979 __DUMMY__ 0.006963191422741825	false	0.5
ausgestorben	neg 1.0		off 0.5660613014545882 neg 0.42680234712998527 __DUMMY__ 0.007136351415426413	false	0.5
anklagen	neg 1.0		off 0.5652069283018328 neg 0.4276641233396286 __DUMMY__ 0.007128948358538605	false	0.5
trott	neg 1.0		off 0.5675173224981321 neg 0.4253533349092181 __DUMMY__ 0.007129342592649702	false	0.5
verminderung	neg 1.0		off 0.5712442878786252 neg 0.4217194193274921 __DUMMY__ 0.007036292793882564	false	0.5
nach			off 0.5611793456190463 neg 0.4315524628682524 __DUMMY__ 0.007268191512701364	false	0.0
rost	neg 1.0		off 0.5799340654471278 neg 0.4130901754947966 __DUMMY__ 0.0069757590580756595	false	0.5
destruktiv	neg 1.0		off 0.5653474740538874 neg 0.4275508387034096 __DUMMY__ 0.007101687242703114	false	0.5
unzumutbarkeit	neg 1.0		off 0.5747679523400658 neg 0.418145968903938 __DUMMY__ 0.007086078755996185	false	0.5
labil	off 1.0	off 1.0	off 0.7727556753804014 neg 0.22387843819551886 __DUMMY__ 0.00336588642407982	false	1.0
ziemlich	neg 1.0		off 0.572144361677221 neg 0.4207873611395326 __DUMMY__ 0.0070682771832462216	false	0.5
lachnummer	off 1.0		off 0.5671959336120933 neg 0.42568782482472073 __DUMMY__ 0.007116241563185917	false	1.0
oder			off 0.5684819412859778 neg 0.42438453614272753 __DUMMY__ 0.007133522571294775	false	0.0
verfall	neg 1.0		off 0.5590957967665218 neg 0.4337135768855638 __DUMMY__ 0.0071906263479145915	false	0.5
ausgrenzung	neg 1.0		off 0.5680788989525876 neg 0.42483619670770656 __DUMMY__ 0.007084904339705938	false	0.5
unordnung	neg 1.0		off 0.5774535763488781 neg 0.4155100222700057 __DUMMY__ 0.0070364013811160964	false	0.5
fehlverhalten	neg 1.0		off 0.5635035784378306 neg 0.42933597934273937 __DUMMY__ 0.0071604422194299425	false	0.5
eine			off 0.562261453689172 neg 0.4305513750778986 __DUMMY__ 0.007187171232929334	false	0.0
nille	neg 1.0		off 0.5680807088935158 neg 0.4247894682781968 __DUMMY__ 0.007129822828287438	false	0.5
qual	neg 1.0		off 0.567093828085629 neg 0.42577565749524715 __DUMMY__ 0.007130514419123899	false	0.5
verschwenden	neg 1.0		off 0.5624293340581071 neg 0.43042151352987157 __DUMMY__ 0.007149152412021203	false	0.5
riesig	neg 1.0		off 0.5664353085575281 neg 0.4263732908478288 __DUMMY__ 0.007191400594643198	false	0.5
verurteilen	neg 1.0		off 0.5645159039393923 neg 0.42835731187008386 __DUMMY__ 0.007126784190523758	false	0.5
klischee	neg 1.0	neg 1.0	neg 0.6949504343173247 off 0.3016864293163537 __DUMMY__ 0.003363136366321543	false	1.0
diktatorisch	neg 1.0		off 0.5672354796543656 neg 0.42569449684872374 __DUMMY__ 0.007070023496910586	false	0.5
vorhersehbar	neg 1.0		off 0.5676655573819265 neg 0.42527249952361296 __DUMMY__ 0.0070619430944605715	false	0.5
sowie			off 0.5741045707011219 neg 0.418923018835315 __DUMMY__ 0.006972410463563108	false	0.0
stornieren	neg 1.0		off 0.5749415563742125 neg 0.41788865817261955 __DUMMY__ 0.007169785453167875	false	0.5
besteuerung	neg 1.0	neg 1.0	neg 0.6972468869540783 off 0.29939037035597066 __DUMMY__ 0.0033627426899509793	false	1.0
ungeschminkt	neg 1.0		off 0.5733773711592264 neg 0.41958044528239097 __DUMMY__ 0.0070421835583827025	false	0.5
kritisch	neg 1.0		off 0.5650677130772327 neg 0.42778710739612835 __DUMMY__ 0.007145179526638972	false	0.5
schlamperei	off 1.0		off 0.5644287313554738 neg 0.42840940597387 __DUMMY__ 0.007161862670656156	false	1.0
sucht	neg 1.0	neg 1.0	neg 0.6934244057055245 off 0.30316255399907427 __DUMMY__ 0.003413040295401208	false	1.0
egoistisch	off 1.0	off 1.0	off 0.7754272798897656 neg 0.22124408693077344 __DUMMY__ 0.0033286331794609414	false	1.0
ausbeuter	off 1.0		off 0.5616382093977147 neg 0.4312241305839418 __DUMMY__ 0.0071376600183433595	false	1.0
arschgeburt	off 1.0		off 0.5829462047426602 neg 0.4101675820566954 __DUMMY__ 0.006886213200644333	false	1.0
schubs	neg 1.0		off 0.5639120607548392 neg 0.4289495421425589 __DUMMY__ 0.00713839710260169	false	0.5
unsolide	neg 1.0		off 0.568808805999764 neg 0.4241103069225294 __DUMMY__ 0.007080887077706651	false	0.5
beschwerde	neg 1.0		off 0.5660547917735158 neg 0.42679505281417157 __DUMMY__ 0.007150155412312604	false	0.5
stocken	neg 1.0		off 0.5652854055238163 neg 0.42755249465081874 __DUMMY__ 0.0071620998253649586	false	0.5
isolieren	neg 1.0		off 0.5660818783164501 neg 0.42676894745126676 __DUMMY__ 0.0071491742322832555	false	0.5
unheilbar	neg 1.0		off 0.5657420515016918 neg 0.4271556225444787 __DUMMY__ 0.007102325953829559	false	0.5
pisser	off 1.0	off 1.0	off 0.7754309622697885 neg 0.2212119549392819 __DUMMY__ 0.0033570827909297093	false	1.0
löschen	neg 1.0		off 0.5681369503468242 neg 0.42473948045738347 __DUMMY__ 0.007123569195792285	false	0.5
durchfallen	neg 1.0		off 0.5646913424737513 neg 0.42816473022792945 __DUMMY__ 0.007143927298319303	false	0.5
wichser	off 1.0	off 1.0	off 0.7768498927903985 neg 0.2198630289621127 __DUMMY__ 0.0032870782474887987	false	1.0
terror	neg 1.0		off 0.5708397292353832 neg 0.4220599909415529 __DUMMY__ 0.00710027982306398	false	0.5
krass	neg 1.0		off 0.5751338166540191 neg 0.4178683317683696 __DUMMY__ 0.006997851577611258	false	0.5
revolte	neg 1.0		off 0.5664285012864836 neg 0.42654492985886056 __DUMMY__ 0.007026568854655887	false	0.5
besorgt	neg 1.0		off 0.5672910315799498 neg 0.42553705242982337 __DUMMY__ 0.007171915990226921	false	0.5
nachlassen	neg 1.0		off 0.5656631977768892 neg 0.427168350096333 __DUMMY__ 0.0071684521267777355	false	0.5
alt	neg 1.0		off 0.561004826537863 neg 0.4318925730976276 __DUMMY__ 0.007102600364509452	false	0.5
hundesohn	off 1.0	off 1.0	off 0.7778673843722673 neg 0.21882042281926137 __DUMMY__ 0.003312192808471351	false	1.0
als			off 0.5646576562225231 neg 0.4282088190099057 __DUMMY__ 0.007133524767571226	false	0.0
abschreckung	neg 1.0		off 0.5625089775875886 neg 0.43032748875963966 __DUMMY__ 0.007163533652771757	false	0.5
unqualifiziert	neg 1.0		off 0.5699973448766567 neg 0.4229370166579755 __DUMMY__ 0.00706563846536786	false	0.5
abgewichst	off 1.0		off 0.5680141177606208 neg 0.4248426717195364 __DUMMY__ 0.0071432105198428785	false	1.0
schwer	neg 1.0		off 0.565785357133807 neg 0.42709555519476206 __DUMMY__ 0.007119087671431	false	0.5
bedeutungslosigkeit	neg 1.0		off 0.5629359065569006 neg 0.4299050194131524 __DUMMY__ 0.007159074029947055	false	0.5
kapitulation	neg 1.0		off 0.5626693679540468 neg 0.4302150818747431 __DUMMY__ 0.0071155501712100696	false	0.5
unscharf	neg 1.0		off 0.5655088868045292 neg 0.42744653946490224 __DUMMY__ 0.007044573730568455	false	0.5
schwinden	neg 1.0		off 0.5629206845609285 neg 0.4299253109956459 __DUMMY__ 0.007154004443425506	false	0.5
versklavung	neg 1.0	neg 1.0	neg 0.6960081893843161 off 0.3006186453357316 __DUMMY__ 0.0033731652799524	false	1.0
schlecht	neg 1.0		off 0.5725136674560622 neg 0.4204148761581973 __DUMMY__ 0.007071456385740495	false	0.5
verhasst	neg 1.0		off 0.5672344227338219 neg 0.42567582825826755 __DUMMY__ 0.007089749007910642	false	0.5
beschweren	neg 1.0		off 0.5692600879440004 neg 0.4236269462054206 __DUMMY__ 0.007112965850578942	false	0.5
scheiden	neg 1.0		off 0.567265319856748 neg 0.4256138051385705 __DUMMY__ 0.007120875004681569	false	0.5
frustriert	neg 1.0		off 0.5659500347267312 neg 0.4269105203079423 __DUMMY__ 0.0071394449653264915	false	0.5
schimmelig	neg 1.0		off 0.563839618182247 neg 0.42902872542255 __DUMMY__ 0.007131656395202877	false	0.5
fisch	neg 1.0		off 0.5597580563849357 neg 0.43309953342071456 __DUMMY__ 0.0071424101943497	false	0.5
schmuggel	neg 1.0		off 0.5638419671806737 neg 0.4289530809011478 __DUMMY__ 0.007204951918178429	false	0.5
auffallen	neg 1.0		off 0.5688911164653402 neg 0.424011894546653 __DUMMY__ 0.007096988988006899	false	0.5
konkurrenz	neg 1.0		off 0.5643752968351079 neg 0.4284349859090055 __DUMMY__ 0.007189717255886534	false	0.5
teufelskreis	neg 1.0	neg 1.0	neg 0.697680379701261 off 0.29893915292491174 __DUMMY__ 0.0033804673738273765	false	1.0
aufschreien	neg 1.0		off 0.5681418988027942 neg 0.4247862699010641 __DUMMY__ 0.007071831296141599	false	0.5
schuldner	neg 1.0		off 0.5613842108164132 neg 0.4314806416429873 __DUMMY__ 0.007135147540599497	false	0.5
missgeburt	off 1.0	off 1.0	off 0.7781802509699247 neg 0.2184841114264378 __DUMMY__ 0.003335637603637516	false	1.0
arbeitslos	neg 1.0		off 0.5647113825621041 neg 0.4281423321573199 __DUMMY__ 0.007146285280576007	false	0.5
befallen	neg 1.0		off 0.5651894015535965 neg 0.42769891014748174 __DUMMY__ 0.007111688298921546	false	0.5
miesepetrig	off 1.0	off 1.0	off 0.7724286075668141 neg 0.22421108335838863 __DUMMY__ 0.0033603090747973165	false	1.0
alarmieren	neg 1.0		off 0.5711178874752028 neg 0.42181168295537697 __DUMMY__ 0.007070429569420288	false	0.5
ungeduscht	off 1.0		off 0.5699104861375991 neg 0.42303112019496336 __DUMMY__ 0.007058393667437482	false	1.0
knappheit	neg 1.0		off 0.5638127038256219 neg 0.42906744057786284 __DUMMY__ 0.007119855596515261	false	0.5
schlange	neg 1.0		off 0.5683209304059078 neg 0.42454644976986766 __DUMMY__ 0.00713261982422449	false	0.5
harsch	neg 1.0		off 0.5788618083851568 neg 0.41407431764970715 __DUMMY__ 0.007063873965135985	false	0.5
lang	neg 1.0		off 0.5687909711339102 neg 0.4240922404242256 __DUMMY__ 0.007116788441864241	false	0.5
ziellos	neg 1.0		off 0.5645605505777586 neg 0.4282608180486535 __DUMMY__ 0.007178631373587929	false	0.5
selbstverliebt	neg 1.0		off 0.580697463403712 neg 0.4123815777227938 __DUMMY__ 0.0069209588734941655	false	0.5
beseitigen	neg 1.0		off 0.5712831918642812 neg 0.42153535324817487 __DUMMY__ 0.007181454887544007	false	0.5
dumm	off 1.0		off 0.5759981439237664 neg 0.4170347311068266 __DUMMY__ 0.006967124969407013	false	1.0
arbeitsloser	neg 1.0		off 0.5670061628911784 neg 0.4258152739339842 __DUMMY__ 0.00717856317483734	false	0.5
blitzen	neg 1.0		off 0.5700072115290855 neg 0.4229197231478734 __DUMMY__ 0.007073065323041032	false	0.5
hilflos	neg 1.0		off 0.564711016703176 neg 0.4281455857541655 __DUMMY__ 0.0071433975426584626	false	0.5
eklig	off 1.0		off 0.5753827999972174 neg 0.41767122435213533 __DUMMY__ 0.006945975650647316	false	1.0
begriff			off 0.5660219243709106 neg 0.42686003513564236 __DUMMY__ 0.007118040493447097	false	0.0
hungersnot	neg 1.0		off 0.5625486252312649 neg 0.43034897087643936 __DUMMY__ 0.007102403892295643	false	0.5
ungesetzlich	neg 1.0		off 0.5675943455280156 neg 0.42533004073999725 __DUMMY__ 0.0070756137319871295	false	0.5
verschwendung	neg 1.0		off 0.5629466545507036 neg 0.42989406864068297 __DUMMY__ 0.007159276808613512	false	0.5
schmerzvoll	neg 1.0		off 0.567278950832594 neg 0.4256286247433163 __DUMMY__ 0.007092424424089559	false	0.5
vorzeitig	neg 1.0		off 0.5728285337668482 neg 0.42008527139820284 __DUMMY__ 0.00708619483494886	false	0.5
unvollkommenheit	neg 1.0		off 0.565952782547396 neg 0.42691031231376125 __DUMMY__ 0.0071369051388427	false	0.5
intervenieren	neg 1.0		off 0.5624011773135197 neg 0.43046448031260276 __DUMMY__ 0.007134342373877618	false	0.5
banause	off 1.0		off 0.5748433104559434 neg 0.4182543918550592 __DUMMY__ 0.006902297688997434	false	1.0
rebell	neg 1.0		off 0.56046999459328 neg 0.4323352070911284 __DUMMY__ 0.007194798315591721	false	0.5
unlogisch	neg 1.0		off 0.5729404642395435 neg 0.4200410690518026 __DUMMY__ 0.007018466708653802	false	0.5
leiden	neg 1.0		off 0.5645463768426534 neg 0.4282474481588153 __DUMMY__ 0.0072061749985312396	false	0.5
abschaffung	neg 1.0		off 0.566849386562645 neg 0.42606077104199225 __DUMMY__ 0.007089842395362715	false	0.5
sturz	neg 1.0		off 0.572666192853147 neg 0.420180028607416 __DUMMY__ 0.0071537785394368706	false	0.5
verkleinerung	neg 1.0		off 0.5686135033336222 neg 0.424343374672132 __DUMMY__ 0.007043121994245873	false	0.5
schmarotzer	off 1.0		off 0.5647535752699661 neg 0.4281197788384719 __DUMMY__ 0.0071266458915619614	false	1.0
bestrafung	neg 1.0	neg 1.0	neg 0.6955369511324673 off 0.3010678436511633 __DUMMY__ 0.0033952052163695005	false	1.0
achtlos	neg 1.0		off 0.5660937451239131 neg 0.4267655480195162 __DUMMY__ 0.007140706856570528	false	0.5
ungeheuer	neg 1.0		off 0.566298856403789 neg 0.4266032692088559 __DUMMY__ 0.007097874387355137	false	0.5
