unsolidarisch	neg 1.0		off 0.5309684327421872 neg 0.4011598044013854 __DUMMY__ 0.06787176285642747	false	0.5
nachteilig	neg 1.0		off 0.5311016777239361 neg 0.4000005850377211 __DUMMY__ 0.06889773723834264	false	0.5
skeptisch	neg 1.0		off 0.5280701522442969 neg 0.4031910296840269 __DUMMY__ 0.06873881807167612	false	0.5
schrecklich	neg 1.0		off 0.5393371261382166 neg 0.39339546239288364 __DUMMY__ 0.06726741146889983	false	0.5
schlapp	neg 1.0	neg 1.0	neg 0.6816443307757731 off 0.2860815925489713 __DUMMY__ 0.03227407667525547	false	1.0
abfall	neg 1.0		off 0.526301016429171 neg 0.4045250085928792 __DUMMY__ 0.06917397497794976	false	0.5
widerspenstig	neg 1.0		off 0.5306140095293518 neg 0.40122994353073765 __DUMMY__ 0.06815604693991056	false	0.5
abrupt	neg 1.0		off 0.5272548774533966 neg 0.4040734653453238 __DUMMY__ 0.06867165720127959	false	0.5
unwirksam	neg 1.0		off 0.5294955883319813 neg 0.40281287720461784 __DUMMY__ 0.06769153446340086	false	0.5
angreifen	neg 1.0		off 0.527446951277106 neg 0.4037705008135125 __DUMMY__ 0.0687825479093815	false	0.5
inkonsistent	neg 1.0		off 0.5333253219733607 neg 0.3988824195562543 __DUMMY__ 0.06779225847038507	false	0.5
abrutschen	neg 1.0		off 0.5253426257153205 neg 0.4055515585859566 __DUMMY__ 0.06910581569872294	false	0.5
unsicher	neg 1.0		off 0.5325207926382681 neg 0.39909950197910815 __DUMMY__ 0.06837970538262371	false	0.5
bauernkind	off 1.0	off 1.0	off 0.757881582067518 neg 0.21031273947521428 __DUMMY__ 0.03180567845726779	false	1.0
angreifer	neg 1.0		off 0.5380181070321791 neg 0.3936862546925618 __DUMMY__ 0.06829563827525897	false	0.5
trennen	neg 1.0		off 0.5281962519409105 neg 0.40286334147672803 __DUMMY__ 0.06894040658236149	false	0.5
schmutz	neg 1.0		off 0.5410708246198311 neg 0.39004640868042995 __DUMMY__ 0.06888276669973904	false	0.5
inkonsistenz	neg 1.0		off 0.5357021432870411 neg 0.39662317204653713 __DUMMY__ 0.0676746846664218	false	0.5
erschreckend	neg 1.0		off 0.5311431799134261 neg 0.4005460189159498 __DUMMY__ 0.06831080117062416	false	0.5
ertrinken	neg 1.0		off 0.5263721676466282 neg 0.4049210811871984 __DUMMY__ 0.06870675116617346	false	0.5
pickelface	off 1.0		off 0.533882716498982 neg 0.3977375819331087 __DUMMY__ 0.06837970156790925	false	1.0
seiner			off 0.5287009513600883 neg 0.40241910471839637 __DUMMY__ 0.06887994392151534	false	0.0
lauch	neg 1.0	neg 1.0	neg 0.6854541492605696 off 0.28142497239153513 __DUMMY__ 0.033120878347895275	false	1.0
unwichtig	neg 1.0		off 0.5357421748217044 neg 0.39656269002348726 __DUMMY__ 0.06769513515480836	false	0.5
steuerhinterziehung	neg 1.0		off 0.5298578244855782 neg 0.40207136439587454 __DUMMY__ 0.06807081111854715	false	0.5
schock	neg 1.0		off 0.5310166498200775 neg 0.40049845517256116 __DUMMY__ 0.06848489500736143	false	0.5
beule	neg 1.0		off 0.5374733578103935 neg 0.3951427766893344 __DUMMY__ 0.0673838655002721	false	0.5
vergelten	neg 1.0		off 0.5418127815997871 neg 0.39079472450580194 __DUMMY__ 0.06739249389441106	false	0.5
verdorbenheit	neg 1.0		off 0.5355256057669596 neg 0.3960101806337068 __DUMMY__ 0.06846421359933341	false	0.5
trauma	neg 1.0		off 0.5331963355983078 neg 0.3987057172238174 __DUMMY__ 0.06809794717787465	false	0.5
sinnlos	neg 1.0		off 0.5338837032909672 neg 0.3980265019504295 __DUMMY__ 0.06808979475860318	false	0.5
fettsack	off 1.0	off 1.0	off 0.7592317962662385 neg 0.2089114883318481 __DUMMY__ 0.03185671540191344	false	1.0
feige	off 1.0	off 1.0	off 0.7561547740245144 neg 0.21164449699330745 __DUMMY__ 0.03220072898217813	false	1.0
abdanken	neg 1.0		off 0.5320804864246096 neg 0.39956708866344287 __DUMMY__ 0.06835242491194757	false	0.5
wichtigtuer	off 1.0	off 1.0	off 0.7551125436246859 neg 0.21243823839141085 __DUMMY__ 0.03244921798390313	false	1.0
misslingen	neg 1.0		off 0.5372837047788801 neg 0.39404038195475166 __DUMMY__ 0.06867591326636818	false	0.5
untreu	off 1.0		off 0.5367923285411833 neg 0.39563865216445365 __DUMMY__ 0.06756901929436294	false	1.0
missmutig	neg 1.0		off 0.5337066334362334 neg 0.39862078852783456 __DUMMY__ 0.06767257803593214	false	0.5
hurenbock	off 1.0		off 0.5325867493461615 neg 0.39925202710001945 __DUMMY__ 0.06816122355381908	false	1.0
betrunken	neg 1.0		off 0.5383269564392847 neg 0.39432151728895987 __DUMMY__ 0.06735152627175535	false	0.5
korrupt	off 1.0		off 0.5286536453974217 neg 0.4033364984274864 __DUMMY__ 0.06800985617509189	false	1.0
unmut	neg 1.0		off 0.5267013780118821 neg 0.40436102212455677 __DUMMY__ 0.06893759986356104	false	0.5
hackfresse	off 1.0		off 0.5429617322347391 neg 0.39027475082648794 __DUMMY__ 0.06676351693877298	false	1.0
aufblasen	neg 1.0		off 0.5322456791286735 neg 0.3995475197273166 __DUMMY__ 0.06820680114400986	false	0.5
gewaltsam	neg 1.0		off 0.5332258045723665 neg 0.3982869538784577 __DUMMY__ 0.06848724154917578	false	0.5
unbeliebtheit	neg 1.0		off 0.5380623435226407 neg 0.3942339222637568 __DUMMY__ 0.06770373421360257	false	0.5
sturheit	neg 1.0		off 0.531701647463746 neg 0.39988280504806323 __DUMMY__ 0.06841554748819073	false	0.5
kuh	neg 1.0		off 0.5309963251813938 neg 0.4017176409588028 __DUMMY__ 0.0672860338598032	false	0.5
erschrecken	neg 1.0		off 0.5356255401385619 neg 0.3964957833118374 __DUMMY__ 0.06787867654960066	false	0.5
opfer	neg 1.0		off 0.52988371558974 neg 0.40139961096926846 __DUMMY__ 0.0687166734409915	false	0.5
sinken	neg 1.0		off 0.5264756663724807 neg 0.404768979171288 __DUMMY__ 0.06875535445623136	false	0.5
stinktier	neg 1.0		off 0.5387561799590243 neg 0.39463813199401965 __DUMMY__ 0.06660568804695627	false	0.5
tucke	off 1.0		off 0.5429238546120899 neg 0.3908400741845833 __DUMMY__ 0.06623607120332667	false	1.0
ein			off 0.5300362229497485 neg 0.4018383081431288 __DUMMY__ 0.06812546890712251	false	0.0
abstieg	neg 1.0		off 0.532893669395423 neg 0.3982401248380367 __DUMMY__ 0.06886620576654029	false	0.5
missverstehen	neg 1.0		off 0.5339598383729527 neg 0.39813968905480734 __DUMMY__ 0.06790047257224013	false	0.5
ergebnislos	neg 1.0		off 0.5309504294828403 neg 0.40013877070974585 __DUMMY__ 0.06891079980741392	false	0.5
unter			off 0.52426642333157 neg 0.40592982500106384 __DUMMY__ 0.06980375166736619	false	0.0
manipulieren	neg 1.0		off 0.5289481697748705 neg 0.4022685931139371 __DUMMY__ 0.06878323711119254	false	0.5
unbewiesen	neg 1.0		off 0.5323426210417201 neg 0.3996368488050352 __DUMMY__ 0.06802053015324455	false	0.5
verschleppen	neg 1.0		off 0.5289803546808074 neg 0.40262429479432255 __DUMMY__ 0.06839535052486993	false	0.5
weib	off 1.0		off 0.5446821671317021 neg 0.3888147133407368 __DUMMY__ 0.06650311952756101	false	1.0
opposition	neg 1.0		off 0.5325658756491014 neg 0.39951967534716604 __DUMMY__ 0.06791444900373249	false	0.5
verkehrswidrig	neg 1.0		off 0.5450546825554526 neg 0.3872259816577807 __DUMMY__ 0.06771933578676669	false	0.5
inkorrekt	neg 1.0		off 0.5383496651970866 neg 0.39448552873279114 __DUMMY__ 0.06716480607012225	false	0.5
vermeiden	neg 1.0		off 0.5268852407032961 neg 0.4037020258092585 __DUMMY__ 0.06941273348744542	false	0.5
abweichung	neg 1.0		off 0.5317198348287209 neg 0.39958129180966745 __DUMMY__ 0.0686988733616118	false	0.5
alkoholisiert	neg 1.0		off 0.5338176185260247 neg 0.3966342171149325 __DUMMY__ 0.06954816435904278	false	0.5
scheiss	off 1.0	off 1.0	off 0.7570901403485863 neg 0.21077298629646984 __DUMMY__ 0.03213687335494385	false	1.0
herausforderung	neg 1.0		off 0.5305825906517135 neg 0.40081925654792155 __DUMMY__ 0.06859815280036498	false	0.5
pervers	off 1.0		off 0.5462798318282915 neg 0.3874905596679147 __DUMMY__ 0.06622960850379389	false	1.0
wackelig	neg 1.0		off 0.530664458297705 neg 0.40069431645543124 __DUMMY__ 0.06864122524686368	false	0.5
verwickeln	neg 1.0		off 0.5332549208367044 neg 0.39874536373770353 __DUMMY__ 0.06799971542559186	false	0.5
vorwand	neg 1.0		off 0.5273253866307344 neg 0.4038295137036499 __DUMMY__ 0.06884509966561567	false	0.5
muschi	off 1.0		off 0.533657456340156 neg 0.3977517185745947 __DUMMY__ 0.06859082508524932	false	1.0
entmutigung	neg 1.0		off 0.5315695615005246 neg 0.40084219388322073 __DUMMY__ 0.06758824461625472	false	0.5
unangemessen	neg 1.0		off 0.5308414780911183 neg 0.4008028726099574 __DUMMY__ 0.06835564929892442	false	0.5
unstetig	neg 1.0		off 0.5368354913499443 neg 0.39518011159919914 __DUMMY__ 0.06798439705085646	false	0.5
entmutigen	neg 1.0		off 0.5315690051724395 neg 0.4004472169805307 __DUMMY__ 0.06798377784702982	false	0.5
schwanz	neg 1.0		off 0.5316540792344874 neg 0.39961068986862786 __DUMMY__ 0.0687352308968849	false	0.5
verbot	neg 1.0		off 0.530084634683047 neg 0.4016295914931097 __DUMMY__ 0.06828577382384328	false	0.5
leid	neg 1.0		off 0.5405235025636987 neg 0.3924190158926219 __DUMMY__ 0.06705748154367942	false	0.5
archaisch	neg 1.0		off 0.5302510177576725 neg 0.4014281225737982 __DUMMY__ 0.06832085966852938	false	0.5
gegen			off 0.5283562924523013 neg 0.40256128870200697 __DUMMY__ 0.06908241884569168	false	0.0
scheidung	neg 1.0		off 0.5539417264020347 neg 0.3794463851463343 __DUMMY__ 0.06661188845163107	false	0.5
einschlag	neg 1.0		off 0.5424709219484893 neg 0.38988273717000516 __DUMMY__ 0.06764634088150548	false	0.5
m			off 0.531372020950393 neg 0.3999987258255793 __DUMMY__ 0.06862925322402759	false	0.0
abgestanden	neg 1.0		off 0.5284234756125669 neg 0.40395916315031744 __DUMMY__ 0.06761736123711576	false	0.5
schmierig	off 1.0		off 0.5399108561163216 neg 0.3930435550938333 __DUMMY__ 0.06704558878984494	false	1.0
unpraktisch	neg 1.0		off 0.5339527308815295 neg 0.39783342389675935 __DUMMY__ 0.06821384522171116	false	0.5
wixxer	off 1.0		off 0.5460960299888559 neg 0.3877957082879821 __DUMMY__ 0.06610826172316199	false	1.0
bezeichnet			off 0.5327290784013452 neg 0.39897178322032223 __DUMMY__ 0.0682991383783325	false	0.0
jammerlappen	off 1.0		off 0.5360060178089654 neg 0.39631722473846487 __DUMMY__ 0.0676767574525698	false	1.0
farce	neg 1.0		off 0.5309830829805533 neg 0.4009622169556862 __DUMMY__ 0.06805470006376052	false	0.5
zwecklos	neg 1.0		off 0.5295566549461187 neg 0.40206113726495574 __DUMMY__ 0.06838220778892572	false	0.5
turbulent	neg 1.0		off 0.5390707072652116 neg 0.3933656405896739 __DUMMY__ 0.06756365214511448	false	0.5
invasion	neg 1.0		off 0.5346530499191121 neg 0.39732144889120047 __DUMMY__ 0.06802550118968731	false	0.5
schuld	neg 1.0		off 0.5329365322521543 neg 0.3989468944827765 __DUMMY__ 0.06811657326506916	false	0.5
risiko	neg 1.0		off 0.5340589630135374 neg 0.39792601786685555 __DUMMY__ 0.06801501911960721	false	0.5
finster	neg 1.0		off 0.5301650747234485 neg 0.40182522607510834 __DUMMY__ 0.06800969920144316	false	0.5
geisteskrank	off 1.0		off 0.537541286644476 neg 0.39512846009240066 __DUMMY__ 0.0673302532631233	false	1.0
zusammenbrechen	neg 1.0		off 0.5299211078393989 neg 0.4016842913212586 __DUMMY__ 0.06839460083934251	false	0.5
ausbeute	neg 1.0		off 0.5327088011432473 neg 0.39869737160885643 __DUMMY__ 0.06859382724789632	false	0.5
hinterhalt	neg 1.0		off 0.5314539226399819 neg 0.4001108595188863 __DUMMY__ 0.06843521784113187	false	0.5
kritik	neg 1.0		off 0.5304138614193705 neg 0.4015508306298418 __DUMMY__ 0.06803530795078765	false	0.5
einschrumpfen	neg 1.0		off 0.5356201717421422 neg 0.39684357243947366 __DUMMY__ 0.06753625581838427	false	0.5
riskant	neg 1.0		off 0.5282007865101881 neg 0.403096309873648 __DUMMY__ 0.06870290361616392	false	0.5
frustrieren	neg 1.0		off 0.5284225900563871 neg 0.40304174011472194 __DUMMY__ 0.06853566982889094	false	0.5
groll	neg 1.0		off 0.5306127912752777 neg 0.40089607020217477 __DUMMY__ 0.0684911385225476	false	0.5
gibt			off 0.5302612450261118 neg 0.40119412434057605 __DUMMY__ 0.06854463063331208	false	0.0
qualvoll	neg 1.0		off 0.5333740648346523 neg 0.3986637214724395 __DUMMY__ 0.06796221369290814	false	0.5
wackeln	neg 1.0		off 0.5323014406792723 neg 0.39935469517576755 __DUMMY__ 0.0683438641449602	false	0.5
klagen	neg 1.0		off 0.5273375223647486 neg 0.40387732229762563 __DUMMY__ 0.06878515533762594	false	0.5
bankrott	neg 1.0		off 0.5378081019103723 neg 0.39415497308846215 __DUMMY__ 0.06803692500116545	false	0.5
trauern	neg 1.0		off 0.5306279114485101 neg 0.4003280600954167 __DUMMY__ 0.06904402845607333	false	0.5
ablehnung	neg 1.0		off 0.5308164165412075 neg 0.40095195947902307 __DUMMY__ 0.06823162397976942	false	0.5
stur	neg 1.0		off 0.5323286080795279 neg 0.39964715396330613 __DUMMY__ 0.06802423795716592	false	0.5
aufruhr	neg 1.0		off 0.5307521302277453 neg 0.4012276342600916 __DUMMY__ 0.06802023551216299	false	0.5
melancholie	neg 1.0		off 0.5265987875605126 neg 0.4049031030921981 __DUMMY__ 0.06849810934728916	false	0.5
ist			off 0.5334412220065327 neg 0.39847774595230534 __DUMMY__ 0.06808103204116214	false	0.0
torheit	neg 1.0		off 0.5325603110617185 neg 0.39941218505163306 __DUMMY__ 0.06802750388664823	false	0.5
dreckskind	off 1.0		off 0.5441043103688296 neg 0.3892398467387439 __DUMMY__ 0.06665584289242649	false	1.0
umtauschen	neg 1.0		off 0.5317903935933366 neg 0.3998778940034238 __DUMMY__ 0.06833171240323972	false	0.5
zum			off 0.5292263221067045 neg 0.4010176534550954 __DUMMY__ 0.06975602443820007	false	0.0
zersetzen	neg 1.0		off 0.527269074751677 neg 0.4041399388762881 __DUMMY__ 0.06859098637203498	false	0.5
zur			off 0.5271309526772554 neg 0.40344164183813686 __DUMMY__ 0.06942740548460793	false	0.0
frust	neg 1.0		off 0.5296631838554302 neg 0.4019205626195332 __DUMMY__ 0.06841625352503672	false	0.5
unerbittlichkeit	neg 1.0		off 0.5293682541912315 neg 0.40190672252373927 __DUMMY__ 0.0687250232850293	false	0.5
zwei			off 0.5265506496239156 neg 0.40400380248544543 __DUMMY__ 0.06944554789063893	false	0.0
unkorrekt	neg 1.0		off 0.5375917511564403 neg 0.3951073025562706 __DUMMY__ 0.06730094628728915	false	0.5
hexe	off 1.0		off 0.5344353278197712 neg 0.39811617284190853 __DUMMY__ 0.06744849933832042	false	1.0
lasch	neg 1.0		off 0.5352991301728138 neg 0.39693360206389383 __DUMMY__ 0.06776726776329223	false	0.5
rivale	neg 1.0		off 0.5403378394798763 neg 0.3922761957136806 __DUMMY__ 0.06738596480644299	false	0.5
mutlos	off 1.0	off 1.0	off 0.7523137479492101 neg 0.21498293551508252 __DUMMY__ 0.032703316535707426	false	1.0
wirr	off 1.0		off 0.539237946999604 neg 0.39366949161404374 __DUMMY__ 0.06709256138635218	false	1.0
jahr			off 0.5318847194841698 neg 0.39884365936531635 __DUMMY__ 0.06927162115051382	false	0.0
wird			off 0.5300311971777518 neg 0.4013387331484927 __DUMMY__ 0.0686300696737555	false	0.0
strafbar	neg 1.0		off 0.5285611963412592 neg 0.4028070710943228 __DUMMY__ 0.06863173256441796	false	0.5
erosion	neg 1.0		off 0.5330147495702235 neg 0.39864784141350745 __DUMMY__ 0.0683374090162691	false	0.5
eingehen	neg 1.0		off 0.5278012700508609 neg 0.4037117346226404 __DUMMY__ 0.06848699532649875	false	0.5
faul	off 1.0		off 0.5364570260194949 neg 0.3956447215532027 __DUMMY__ 0.0678982524273025	false	1.0
provisorium	neg 1.0		off 0.5246412016495166 neg 0.4055213468186129 __DUMMY__ 0.0698374515318705	false	0.5
schmerzen	neg 1.0		off 0.5295563007580262 neg 0.40230231223796203 __DUMMY__ 0.06814138700401186	false	0.5
schrumpfen	neg 1.0		off 0.5242130680702999 neg 0.4068163889064082 __DUMMY__ 0.06897054302329193	false	0.5
geistlos	off 1.0		off 0.532654914906516 neg 0.39970842199786205 __DUMMY__ 0.06763666309562212	false	1.0
fehlkauf	neg 1.0		off 0.5342675195801139 neg 0.397778550243818 __DUMMY__ 0.06795393017606807	false	0.5
frustrierend	neg 1.0		off 0.5346349156472514 neg 0.39760361670839056 __DUMMY__ 0.06776146764435796	false	0.5
unzufrieden	neg 1.0		off 0.5300178247656487 neg 0.40148737146879143 __DUMMY__ 0.06849480376555983	false	0.5
verzweifeln	neg 1.0		off 0.5312245305451024 neg 0.4003888347843541 __DUMMY__ 0.06838663467054344	false	0.5
verzweifelt	neg 1.0		off 0.532572726103654 neg 0.3993797053791352 __DUMMY__ 0.06804756851721086	false	0.5
misstrauensantrag	neg 1.0		off 0.5336370722926161 neg 0.3983864653659245 __DUMMY__ 0.0679764623414595	false	0.5
abfallen	neg 1.0		off 0.5321192348917974 neg 0.3996618043158673 __DUMMY__ 0.06821896079233544	false	0.5
fucker	off 1.0		off 0.5401138090721305 neg 0.39236478026340316 __DUMMY__ 0.0675214106644664	false	1.0
ungezogen	neg 1.0		off 0.544952621774419 neg 0.38849811321871136 __DUMMY__ 0.06654926500686967	false	0.5
irrsinnig	neg 1.0	neg 1.0	neg 0.6834477013738738 off 0.28403869089047507 __DUMMY__ 0.03251360773565114	false	1.0
unfassbar	neg 1.0		off 0.5370966994270296 neg 0.395275887147179 __DUMMY__ 0.06762741342579145	false	0.5
hart	neg 1.0		off 0.5363136388934052 neg 0.3963251137413184 __DUMMY__ 0.06736124736527632	false	0.5
widerlich	off 1.0		off 0.53681314488383 neg 0.39573551941674495 __DUMMY__ 0.06745133569942513	false	1.0
fatal	neg 1.0	neg 1.0	neg 0.6836939266007157 off 0.28402381899318047 __DUMMY__ 0.03228225440610393	false	1.0
bruch	neg 1.0		off 0.5263957488993084 neg 0.40464276789026804 __DUMMY__ 0.0689614832104237	false	0.5
aushungern	neg 1.0		off 0.529591566773886 neg 0.4022317137473 __DUMMY__ 0.06817671947881394	false	0.5
anspannung	neg 1.0		off 0.5265179659113651 neg 0.4040544526687924 __DUMMY__ 0.06942758141984262	false	0.5
von			off 0.5293964411053981 neg 0.40154873652905215 __DUMMY__ 0.06905482236554976	false	0.0
kraftlos	neg 1.0		off 0.5292695978297874 neg 0.40224436922938533 __DUMMY__ 0.06848603294082725	false	0.5
vom			off 0.5268056503540157 neg 0.40314725406951074 __DUMMY__ 0.07004709557647353	false	0.0
grenzdebil	off 1.0		off 0.5367197740802014 neg 0.39579233051399343 __DUMMY__ 0.06748789540580512	false	1.0
vor			off 0.5268583745521519 neg 0.4041636489162796 __DUMMY__ 0.06897797653156852	false	0.0
unterwerfen	neg 1.0		off 0.5296910822104118 neg 0.4016552176480981 __DUMMY__ 0.06865370014148998	false	0.5
versenkung	neg 1.0		off 0.5294822388655436 neg 0.4017572157861677 __DUMMY__ 0.06876054534828878	false	0.5
entziehen	neg 1.0		off 0.5273403936858845 neg 0.4037894558260581 __DUMMY__ 0.06887015048805739	false	0.5
finanzkrise	neg 1.0		off 0.527570150104091 neg 0.40481485749027274 __DUMMY__ 0.06761499240563634	false	0.5
schimpfend	neg 1.0		off 0.534302902017541 neg 0.39731744113277867 __DUMMY__ 0.06837965684968045	false	0.5
profan	neg 1.0		off 0.5336538741010929 neg 0.3984035739746703 __DUMMY__ 0.06794255192423686	false	0.5
korruption	neg 1.0		off 0.5286689529093558 neg 0.4031716686765523 __DUMMY__ 0.06815937841409181	false	0.5
â			off 0.5302756992233834 neg 0.40111969617815646 __DUMMY__ 0.06860460459846025	false	0.0
schmutzig	neg 1.0		off 0.5370362039966033 neg 0.3954589862242278 __DUMMY__ 0.06750480977916878	false	0.5
sexy	neg 1.0		off 0.5361773605123721 neg 0.39584645063847634 __DUMMY__ 0.0679761888491516	false	0.5
abraten	neg 1.0		off 0.5343865699589011 neg 0.3974583532065641 __DUMMY__ 0.06815507683453478	false	0.5
schwarz	neg 1.0		off 0.5344315550516078 neg 0.39748965085958127 __DUMMY__ 0.06807879408881103	false	0.5
fotze	off 1.0	off 1.0	off 0.7541748214722455 neg 0.21295969718301444 __DUMMY__ 0.03286548134474008	false	1.0
verwirren	neg 1.0		off 0.5341879668867021 neg 0.3978398825615335 __DUMMY__ 0.06797215055176443	false	0.5
zahnlos	off 1.0		off 0.5302960393228212 neg 0.4013747949188302 __DUMMY__ 0.06832916575834855	false	1.0
verheeren	neg 1.0		off 0.5466859942956631 neg 0.3867906040651816 __DUMMY__ 0.0665234016391553	false	0.5
hippie	neg 1.0		off 0.5356568899716545 neg 0.39637159035820674 __DUMMY__ 0.06797151967013879	false	0.5
rammen	neg 1.0		off 0.5350078673741556 neg 0.3965056407388469 __DUMMY__ 0.06848649188699742	false	0.5
unlauter	neg 1.0		off 0.5340333950904488 neg 0.3979495141212945 __DUMMY__ 0.06801709078825668	false	0.5
unheilvoll	neg 1.0		off 0.532169728138088 neg 0.39985572900165056 __DUMMY__ 0.0679745428602613	false	0.5
niedrig	neg 1.0		off 0.5295714018654991 neg 0.4019259960712249 __DUMMY__ 0.06850260206327609	false	0.5
explosion	neg 1.0		off 0.5359994435918681 neg 0.39596560457765667 __DUMMY__ 0.06803495183047523	false	0.5
weichei	off 1.0	off 1.0	off 0.7582236782773571 neg 0.2099636223448455 __DUMMY__ 0.03181269937779739	false	1.0
minusmensch	off 1.0		off 0.546664760726259 neg 0.3867746567625889 __DUMMY__ 0.06656058251115206	false	1.0
farblos	neg 1.0		off 0.5345878269871057 neg 0.39713257166375554 __DUMMY__ 0.06827960134913864	false	0.5
unwissend	neg 1.0	neg 1.0	neg 0.6821268128127844 off 0.2856175923770241 __DUMMY__ 0.03225559481019144	false	1.0
traurig	neg 1.0		off 0.5391159777358374 neg 0.39355409854507223 __DUMMY__ 0.06732992371909033	false	0.5
senkung	neg 1.0		off 0.5318518836439893 neg 0.40065761687250445 __DUMMY__ 0.06749049948350634	false	0.5
ungleich	neg 1.0	neg 1.0	neg 0.6849522440892969 off 0.28228087249157185 __DUMMY__ 0.03276688341913121	false	1.0
heikel	neg 1.0		off 0.5281710263303068 neg 0.4031661626026404 __DUMMY__ 0.06866281106705284	false	0.5
drosselung	neg 1.0		off 0.5368608706926404 neg 0.3957385629516639 __DUMMY__ 0.06740056635569565	false	0.5
falsch	neg 1.0		off 0.5356995441723635 neg 0.39643849657403885 __DUMMY__ 0.06786195925359761	false	0.5
unzufriedenheit	neg 1.0		off 0.5273385542224653 neg 0.4040741208744602 __DUMMY__ 0.0685873249030745	false	0.5
kurz	neg 1.0		off 0.5313824136284332 neg 0.3999709438909275 __DUMMY__ 0.06864664248063934	false	0.5
unsinnig	neg 1.0		off 0.5299840154431024 neg 0.4018658134716384 __DUMMY__ 0.06815017108525921	false	0.5
penner	off 1.0	off 1.0	off 0.759408644358104 neg 0.20881781406314176 __DUMMY__ 0.03177354157875431	false	1.0
seicht	neg 1.0		off 0.5415203855073739 neg 0.3922389949489791 __DUMMY__ 0.06624061954364704	false	0.5
dummheit	off 1.0	off 1.0	off 0.7545998188773911 neg 0.21305863061116367 __DUMMY__ 0.03234155051144523	false	1.0
unerfreulich	neg 1.0		off 0.5282660403190563 neg 0.40299241031653094 __DUMMY__ 0.06874154936441265	false	0.5
motherfucker	off 1.0	off 1.0	off 0.7576766479514363 neg 0.21012821810389112 __DUMMY__ 0.03219513394467259	false	1.0
pikiert	neg 1.0		off 0.5355111043097623 neg 0.39698867607624594 __DUMMY__ 0.06750021961399189	false	0.5
wrack	neg 1.0		off 0.5348860532908284 neg 0.39601993685566256 __DUMMY__ 0.06909400985350915	false	0.5
gangster	neg 1.0		off 0.5356886730607766 neg 0.39638488156059437 __DUMMY__ 0.06792644537862887	false	0.5
krank	neg 1.0		off 0.5374674457777119 neg 0.39495172534752826 __DUMMY__ 0.06758082887475983	false	0.5
reich	neg 1.0		off 0.5345596005796907 neg 0.3978830478402192 __DUMMY__ 0.06755735158009023	false	0.5
gnadenlos	neg 1.0		off 0.5334797276644409 neg 0.3982650243697627 __DUMMY__ 0.06825524796579652	false	0.5
niedergeschlagen	neg 1.0		off 0.5308297237459428 neg 0.4005273332819467 __DUMMY__ 0.06864294297211042	false	0.5
terrorisieren	off 1.0	off 1.0	off 0.7520863820729089 neg 0.21509967969777186 __DUMMY__ 0.032813938229319314	false	1.0
sinnlosigkeit	neg 1.0		off 0.5302019125948267 neg 0.4013858886752189 __DUMMY__ 0.06841219872995433	false	0.5
behindern	neg 1.0		off 0.5317890386602091 neg 0.39996296497049105 __DUMMY__ 0.0682479963692998	false	0.5
undemokratisch	neg 1.0		off 0.5332607107220515 neg 0.39886119372786377 __DUMMY__ 0.06787809555008474	false	0.5
wirtschaftskrise	neg 1.0		off 0.5279429065549317 neg 0.4039432002273824 __DUMMY__ 0.06811389321768581	false	0.5
neid	neg 1.0		off 0.5341367498367641 neg 0.3980869800428472 __DUMMY__ 0.06777627012038871	false	0.5
rutschen	neg 1.0		off 0.525865515912955 neg 0.4047306843616101 __DUMMY__ 0.06940379972543481	false	0.5
rezession	neg 1.0		off 0.5356880454189016 neg 0.397601791191629 __DUMMY__ 0.06671016338946952	false	0.5
fehlgeburt	neg 1.0		off 0.5344650374442067 neg 0.3970657253459515 __DUMMY__ 0.06846923720984183	false	0.5
charakterschwach	off 1.0		off 0.535945855065064 neg 0.39662282684008543 __DUMMY__ 0.06743131809485066	false	1.0
isolation	neg 1.0		off 0.5371635721076793 neg 0.394761043150218 __DUMMY__ 0.06807538474210266	false	0.5
ablenkung	neg 1.0		off 0.5323347420194915 neg 0.3992855423612 __DUMMY__ 0.06837971561930854	false	0.5
pech	neg 1.0		off 0.5352928342965841 neg 0.3969909225303416 __DUMMY__ 0.06771624317307416	false	0.5
vermeidung	neg 1.0		off 0.537121532917023 neg 0.39536906623531637 __DUMMY__ 0.06750940084766052	false	0.5
dominieren	neg 1.0		off 0.531627158282243 neg 0.3998616048059962 __DUMMY__ 0.06851123691176074	false	0.5
schwindlig	neg 1.0		off 0.533247294418021 neg 0.3988040866645619 __DUMMY__ 0.06794861891741703	false	0.5
lutscher	neg 1.0		off 0.5443662484563336 neg 0.38940303886763905 __DUMMY__ 0.0662307126760274	false	0.5
pflicht	neg 1.0		off 0.5276037396189005 neg 0.4035079519175218 __DUMMY__ 0.06888830846357763	false	0.5
faschist	off 1.0		off 0.5346775297282509 neg 0.39756579946591997 __DUMMY__ 0.0677566708058292	false	1.0
verschleudern	neg 1.0		off 0.527565046814412 neg 0.4040960503977909 __DUMMY__ 0.06833890278779711	false	0.5
wenn			off 0.535650374014832 neg 0.39665631447329464 __DUMMY__ 0.06769331151187351	false	0.0
ehebruch	neg 1.0		off 0.5283967824675966 neg 0.40325412057330146 __DUMMY__ 0.068349096959102	false	0.5
spott	off 1.0		off 0.530058414574969 neg 0.4013156258738514 __DUMMY__ 0.06862595955117945	false	1.0
trostlosigkeit	neg 1.0		off 0.5255280840513473 neg 0.4059001016339798 __DUMMY__ 0.06857181431467287	false	0.5
lutschen	neg 1.0		off 0.5373478174583733 neg 0.3946482639707776 __DUMMY__ 0.06800391857084905	false	0.5
undiszipliniert	neg 1.0		off 0.5381381209000811 neg 0.3945260807518614 __DUMMY__ 0.0673357983480575	false	0.5
kopfschmerz	neg 1.0		off 0.5270614811018157 neg 0.40473457587471545 __DUMMY__ 0.0682039430234688	false	0.5
unvorhergesehen	neg 1.0		off 0.5291202599831881 neg 0.4018608486713119 __DUMMY__ 0.06901889134549996	false	0.5
desinteressiert	neg 1.0		off 0.5374941541153004 neg 0.39511867419746033 __DUMMY__ 0.0673871716872392	false	0.5
armselig	off 1.0		off 0.5395059893075758 neg 0.39330130431489085 __DUMMY__ 0.06719270637753338	false	1.0
desaster	neg 1.0		off 0.5256104776777103 neg 0.40567273189643643 __DUMMY__ 0.06871679042585328	false	0.5
tod	neg 1.0		off 0.5295382311183839 neg 0.40179773555064446 __DUMMY__ 0.06866403333097147	false	0.5
herzlos	neg 1.0		off 0.538962795323977 neg 0.39381096363181955 __DUMMY__ 0.06722624104420369	false	0.5
unwissenheit	neg 1.0		off 0.5297239710139726 neg 0.4018660004384513 __DUMMY__ 0.06841002854757607	false	0.5
widersinnig	neg 1.0		off 0.5296303755243814 neg 0.4023063469452284 __DUMMY__ 0.06806327753039026	false	0.5
bedenklich	neg 1.0		off 0.5286608640739565 neg 0.40289367844815555 __DUMMY__ 0.06844545747788806	false	0.5
beanstanden	neg 1.0		off 0.5290481370116615 neg 0.40200143043750514 __DUMMY__ 0.06895043255083326	false	0.5
panisch	neg 1.0		off 0.5347317717233865 neg 0.397049100287574 __DUMMY__ 0.06821912798903952	false	0.5
debil	off 1.0		off 0.5244069346370884 neg 0.4059835241699699 __DUMMY__ 0.06960954119294178	false	1.0
abstrich	neg 1.0		off 0.5339119684255335 neg 0.39734944641381886 __DUMMY__ 0.06873858516064763	false	0.5
primitiv	neg 1.0		off 0.5375041294542184 neg 0.3951283455766921 __DUMMY__ 0.06736752496908946	false	0.5
abschaum	off 1.0	off 1.0	off 0.7567326636544603 neg 0.21093649511809875 __DUMMY__ 0.03233084122744093	false	1.0
provozieren	neg 1.0		off 0.532204950129771 neg 0.3997332636327301 __DUMMY__ 0.0680617862374988	false	0.5
tot	neg 1.0		off 0.5317133655298674 neg 0.3996909078014345 __DUMMY__ 0.06859572666869804	false	0.5
instabil	neg 1.0		off 0.5397027367904126 neg 0.3931846135064008 __DUMMY__ 0.06711264970318664	false	0.5
schwuchtel	off 1.0	off 1.0	off 0.762999539091968 neg 0.2055958950748813 __DUMMY__ 0.031404565833150676	false	1.0
zerren	neg 1.0		off 0.5305604714898211 neg 0.4008095900062983 __DUMMY__ 0.06862993850388059	false	0.5
kinderficker	off 1.0		off 0.5416016290574593 neg 0.39144303836219585 __DUMMY__ 0.06695533258034476	false	1.0
gefahr	neg 1.0		off 0.5288849477366349 neg 0.40216538642092875 __DUMMY__ 0.06894966584243646	false	0.5
rabiat	neg 1.0		off 0.5303727607004182 neg 0.4014391270222027 __DUMMY__ 0.06818811227737906	false	0.5
verlangsamung	neg 1.0		off 0.5430833745731793 neg 0.3901615353802045 __DUMMY__ 0.06675509004661612	false	0.5
ausgestorben	neg 1.0		off 0.5311710367141625 neg 0.40042807319189927 __DUMMY__ 0.06840089009393831	false	0.5
anklagen	neg 1.0		off 0.5303607209898099 neg 0.4013079220734583 __DUMMY__ 0.06833135693673173	false	0.5
trott	neg 1.0		off 0.532644837074791 neg 0.399021524748928 __DUMMY__ 0.06833363817628092	false	0.5
verminderung	neg 1.0		off 0.536787705487267 neg 0.3957623210495196 __DUMMY__ 0.0674499734632136	false	0.5
nach			off 0.5256828269238357 neg 0.4046608347324577 __DUMMY__ 0.06965633834370663	false	0.0
rost	neg 1.0		off 0.5457122101537837 neg 0.3874125455737083 __DUMMY__ 0.06687524427250792	false	0.5
destruktiv	neg 1.0		off 0.5306316805087743 neg 0.4012974281614787 __DUMMY__ 0.06807089132974686	false	0.5
unzumutbarkeit	neg 1.0		off 0.5400501049461399 neg 0.3920252356212184 __DUMMY__ 0.06792465943264178	false	0.5
labil	off 1.0	off 1.0	off 0.7562543720943247 neg 0.21140758565335158 __DUMMY__ 0.03233804225232378	false	1.0
ziemlich	neg 1.0		off 0.5375348060612708 neg 0.39471163216805993 __DUMMY__ 0.06775356177066917	false	0.5
lachnummer	off 1.0		off 0.5323994494828876 neg 0.39939151566084735 __DUMMY__ 0.06820903485626492	false	1.0
oder			off 0.5335832456759625 neg 0.3980423276520698 __DUMMY__ 0.0683744266719677	false	0.0
verfall	neg 1.0		off 0.5239970379808473 neg 0.40708571046008724 __DUMMY__ 0.06891725155906549	false	0.5
ausgrenzung	neg 1.0		off 0.5334272681117166 neg 0.3986608580779655 __DUMMY__ 0.06791187381031781	false	0.5
unordnung	neg 1.0		off 0.5429536399402038 neg 0.38959335361438713 __DUMMY__ 0.06745300644540912	false	0.5
fehlverhalten	neg 1.0		off 0.5285211150701371 neg 0.40284911306287835 __DUMMY__ 0.06862977186698456	false	0.5
eine			off 0.527152241666808 neg 0.403963354434833 __DUMMY__ 0.06888440389835913	false	0.0
nille	neg 1.0		off 0.53320659193968 neg 0.3984546260808519 __DUMMY__ 0.068338781979468	false	0.5
qual	neg 1.0		off 0.5322195201213517 neg 0.39943573253559306 __DUMMY__ 0.06834474734305529	false	0.5
verschwenden	neg 1.0		off 0.5275024166826103 neg 0.40397485572052383 __DUMMY__ 0.06852272759686585	false	0.5
riesig	neg 1.0		off 0.5312678749132935 neg 0.399805291234696 __DUMMY__ 0.06892683385201051	false	0.5
verurteilen	neg 1.0		off 0.5296888728319731 neg 0.4020013392913866 __DUMMY__ 0.06830978787664035	false	0.5
klischee	neg 1.0	neg 1.0	neg 0.682488392803415 off 0.2851999047021985 __DUMMY__ 0.03231170249438652	false	1.0
diktatorisch	neg 1.0		off 0.5326633078786012 neg 0.39956652449050106 __DUMMY__ 0.06777016763089792	false	0.5
vorhersehbar	neg 1.0		off 0.5331232427000471 neg 0.3991840802373212 __DUMMY__ 0.06769267706263159	false	0.5
sowie			off 0.5399404399577442 neg 0.39321806196192416 __DUMMY__ 0.06684149808033166	false	0.0
stornieren	neg 1.0		off 0.5398210365611397 neg 0.3914571713988531 __DUMMY__ 0.06872179204000725	false	0.5
besteuerung	neg 1.0	neg 1.0	neg 0.6847877695953791 off 0.282903705080988 __DUMMY__ 0.03230852532363293	false	1.0
ungeschminkt	neg 1.0		off 0.5388751645363682 neg 0.39361834358115527 __DUMMY__ 0.06750649188247661	false	0.5
kritisch	neg 1.0		off 0.5301474430030263 neg 0.4013681025822211 __DUMMY__ 0.06848445441475272	false	0.5
schlamperei	off 1.0		off 0.5294314427661505 neg 0.40192422020394397 __DUMMY__ 0.06864433702990541	false	1.0
sucht	neg 1.0	neg 1.0	neg 0.6807818786052227 off 0.2864270285163183 __DUMMY__ 0.03279109287845899	false	1.0
egoistisch	off 1.0	off 1.0	off 0.7591026381022076 neg 0.208915713876365 __DUMMY__ 0.03198164802142736	false	1.0
ausbeuter	off 1.0		off 0.5267789029449155 neg 0.4048080483976995 __DUMMY__ 0.06841304865738491	false	1.0
arschgeburt	off 1.0		off 0.5491390109659627 neg 0.3848395832173081 __DUMMY__ 0.06602140581672919	false	1.0
schubs	neg 1.0		off 0.5290132145704162 neg 0.4025641926482284 __DUMMY__ 0.06842259278135554	false	0.5
unsolide	neg 1.0		off 0.5341681384916654 neg 0.3979572599855902 __DUMMY__ 0.06787460152274447	false	0.5
beschwerde	neg 1.0		off 0.5311011329133749 neg 0.4003657615217995 __DUMMY__ 0.06853310556482571	false	0.5
stocken	neg 1.0		off 0.5302785352170235 neg 0.4010746771231925 __DUMMY__ 0.06864678765978395	false	0.5
isolieren	neg 1.0		off 0.531132635759075 neg 0.4003431250671685 __DUMMY__ 0.06852423917375655	false	0.5
unheilbar	neg 1.0		off 0.5310216150777397 neg 0.40090070990006227 __DUMMY__ 0.0680776750221981	false	0.5
pisser	off 1.0	off 1.0	off 0.7589670636873546 neg 0.20877846596102406 __DUMMY__ 0.032254470351621344	false	1.0
löschen	neg 1.0		off 0.5332900739901149 neg 0.39843097128319344 __DUMMY__ 0.06827895472669177	false	0.5
durchfallen	neg 1.0		off 0.5297757543655806 neg 0.40175141095731154 __DUMMY__ 0.06847283467710784	false	0.5
wichser	off 1.0	off 1.0	off 0.7607250616121746 neg 0.20769136982651515 __DUMMY__ 0.03158356856131038	false	1.0
terror	neg 1.0		off 0.5360801964695191 neg 0.39586156393994737 __DUMMY__ 0.06805823959053343	false	0.5
krass	neg 1.0		off 0.5408341511266485 neg 0.3920814415450242 __DUMMY__ 0.06708440732832742	false	0.5
revolte	neg 1.0		off 0.5320676725562948 neg 0.40057560945018816 __DUMMY__ 0.06735671799351717	false	0.5
besorgt	neg 1.0		off 0.5322194919991484 neg 0.39904030898341447 __DUMMY__ 0.0687401990174371	false	0.5
nachlassen	neg 1.0		off 0.5306163880698906 neg 0.40067567702290546 __DUMMY__ 0.06870793490720396	false	0.5
alt	neg 1.0		off 0.5262977681901341 neg 0.4056199981383854 __DUMMY__ 0.06808223367148056	false	0.5
hundesohn	off 1.0	off 1.0	off 0.7616227889704341 neg 0.20655298783815845 __DUMMY__ 0.031824223191407555	false	1.0
als			off 0.5297907750886546 neg 0.4018351217730894 __DUMMY__ 0.06837410313825608	false	0.0
abschreckung	neg 1.0		off 0.5275196113792735 neg 0.40382090046178676 __DUMMY__ 0.0686594881589397	false	0.5
unqualifiziert	neg 1.0		off 0.5354223140265841 neg 0.3968496372710262 __DUMMY__ 0.06772804870238978	false	0.5
abgewichst	off 1.0		off 0.5330734154908299 neg 0.3984603017695358 __DUMMY__ 0.0684662827396344	false	1.0
schwer	neg 1.0		off 0.5309794326812304 neg 0.4007843399123356 __DUMMY__ 0.06823622740643398	false	0.5
bedeutungslosigkeit	neg 1.0		off 0.52796433840167 neg 0.4034189695900586 __DUMMY__ 0.06861669200827135	false	0.5
kapitulation	neg 1.0		off 0.5279095831347391 neg 0.4038873619172308 __DUMMY__ 0.06820305494802997	false	0.5
unscharf	neg 1.0		off 0.5310472902827422 neg 0.40142297237627683 __DUMMY__ 0.06752973734098099	false	0.5
schwinden	neg 1.0		off 0.5279716915402204 neg 0.4034586951323209 __DUMMY__ 0.06856961332745866	false	0.5
versklavung	neg 1.0	neg 1.0	neg 0.6835053686588386 off 0.2840866257767122 __DUMMY__ 0.032408005564449165	false	1.0
schlecht	neg 1.0		off 0.5378875338822771 neg 0.39432888201170774 __DUMMY__ 0.06778358410601512	false	0.5
verhasst	neg 1.0		off 0.5325627723273033 neg 0.399480149355399 __DUMMY__ 0.06795707831729751	false	0.5
beschweren	neg 1.0		off 0.5344591078752382 neg 0.3973627222449485 __DUMMY__ 0.06817816987981327	false	0.5
scheiden	neg 1.0		off 0.5324317055739146 neg 0.3993116977407459 __DUMMY__ 0.06825659668533937	false	0.5
frustriert	neg 1.0		off 0.531047115096983 neg 0.40052302227158343 __DUMMY__ 0.06842986263143377	false	0.5
schimmelig	neg 1.0		off 0.5289699321960617 neg 0.4026709474596284 __DUMMY__ 0.06835912034430996	false	0.5
fisch	neg 1.0		off 0.5248644460118309 neg 0.4066732617341836 __DUMMY__ 0.06846229225398542	false	0.5
schmuggel	neg 1.0		off 0.528636613060972 neg 0.40230728685600214 __DUMMY__ 0.0690561000830258	false	0.5
auffallen	neg 1.0		off 0.5341688366564943 neg 0.3978048541641626 __DUMMY__ 0.06802630917934305	false	0.5
konkurrenz	neg 1.0		off 0.5292448394395284 neg 0.4018458358163784 __DUMMY__ 0.0689093247440932	false	0.5
teufelskreis	neg 1.0	neg 1.0	neg 0.6851502426088423 off 0.28237221154303294 __DUMMY__ 0.03247754584812472	false	1.0
aufschreien	neg 1.0		off 0.5335474700881233 neg 0.3986659566020169 __DUMMY__ 0.06778657330985959	false	0.5
schuldner	neg 1.0		off 0.5265357284681178 neg 0.4050742194480735 __DUMMY__ 0.06839005208380881	false	0.5
missgeburt	off 1.0	off 1.0	off 0.7618179406730295 neg 0.2061328431345837 __DUMMY__ 0.03204921619238683	false	1.0
arbeitslos	neg 1.0		off 0.5297856372003983 neg 0.40171943749423206 __DUMMY__ 0.06849492530536964	false	0.5
befallen	neg 1.0		off 0.5304259763533468 neg 0.401405907688612 __DUMMY__ 0.0681681159580413	false	0.5
miesepetrig	off 1.0	off 1.0	off 0.7559492572317832 neg 0.21176545349219816 __DUMMY__ 0.03228528927601869	false	1.0
alarmieren	neg 1.0		off 0.5365115773578627 neg 0.39571373120600484 __DUMMY__ 0.06777469143613236	false	0.5
ungeduscht	off 1.0		off 0.5353525224009618 neg 0.3969865659642218 __DUMMY__ 0.06766091163481652	false	1.0
knappheit	neg 1.0		off 0.5290187173946485 neg 0.4027362339649961 __DUMMY__ 0.06824504864035535	false	0.5
schlange	neg 1.0		off 0.5334265462541289 neg 0.39820737228057196 __DUMMY__ 0.06836608146529917	false	0.5
harsch	neg 1.0		off 0.5442202605923241 neg 0.38806654141239105 __DUMMY__ 0.06771319799528489	false	0.5
lang	neg 1.0		off 0.533971996982895 neg 0.397813819350298 __DUMMY__ 0.06821418366680705	false	0.5
ziellos	neg 1.0		off 0.529476593369863 neg 0.4017199532201694 __DUMMY__ 0.06880345340996764	false	0.5
selbstverliebt	neg 1.0		off 0.5467360149098475 neg 0.38691210196819914 __DUMMY__ 0.06635188312195325	false	0.5
beseitigen	neg 1.0		off 0.536136226637487 neg 0.39503129005100424 __DUMMY__ 0.0688324833115088	false	0.5
dumm	off 1.0		off 0.5418466773163567 neg 0.39136231922745995 __DUMMY__ 0.06679100345618337	false	1.0
arbeitsloser	neg 1.0		off 0.531911338888153 neg 0.3992857436725935 __DUMMY__ 0.06880291743925339	false	0.5
blitzen	neg 1.0		off 0.535390347818172 neg 0.3968111757924387 __DUMMY__ 0.06779847638938924	false	0.5
hilflos	neg 1.0		off 0.5297957548617757 neg 0.40173659925482663 __DUMMY__ 0.06846764588339775	false	0.5
eklig	off 1.0		off 0.5413341800398713 neg 0.3920756642269187 __DUMMY__ 0.06659015573320994	false	1.0
begriff			off 0.531222442762034 neg 0.40055106123929174 __DUMMY__ 0.06822649599867424	false	0.0
hungersnot	neg 1.0		off 0.5278484258801706 neg 0.4040723931775782 __DUMMY__ 0.06807918094225118	false	0.5
ungesetzlich	neg 1.0		off 0.5329945729355762 neg 0.39918216743373425 __DUMMY__ 0.06782325963068969	false	0.5
verschwendung	neg 1.0		off 0.5279702474973688 neg 0.4034112103640706 __DUMMY__ 0.06861854213856068	false	0.5
schmerzvoll	neg 1.0		off 0.5325900405208447 neg 0.39942721370272777 __DUMMY__ 0.06798274577642739	false	0.5
vorzeitig	neg 1.0		off 0.5381267974962197 neg 0.3939476963476773 __DUMMY__ 0.06792550615610303	false	0.5
unvollkommenheit	neg 1.0		off 0.531056406957319 neg 0.40053530575503377 __DUMMY__ 0.0684082872876472	false	0.5
intervenieren	neg 1.0		off 0.5275527907240211 neg 0.4040655273484972 __DUMMY__ 0.0683816819274817	false	0.5
banause	off 1.0		off 0.5410083138054769 neg 0.3928169138006717 __DUMMY__ 0.06617477239385142	false	1.0
rebell	neg 1.0		off 0.5253261240840753 neg 0.40571471876266507 __DUMMY__ 0.06895915715325972	false	0.5
unlogisch	neg 1.0		off 0.5385643660527865 neg 0.3941560757282966 __DUMMY__ 0.0672795582189168	false	0.5
leiden	neg 1.0		off 0.5293233670329038 neg 0.4016092653351333 __DUMMY__ 0.06906736763196293	false	0.5
abschaffung	neg 1.0		off 0.5321779867302991 neg 0.39986291793412215 __DUMMY__ 0.06795909533557874	false	0.5
sturz	neg 1.0		off 0.5376422950971703 neg 0.3937889157826313 __DUMMY__ 0.06856878912019852	false	0.5
verkleinerung	neg 1.0		off 0.534152658439242 neg 0.39833229298937145 __DUMMY__ 0.06751504857138653	false	0.5
schmarotzer	off 1.0		off 0.5299240256366903 neg 0.4017677750459137 __DUMMY__ 0.0683081993173961	false	1.0
bestrafung	neg 1.0	neg 1.0	neg 0.6829538730693854 off 0.28442713637126255 __DUMMY__ 0.03261899055935202	false	1.0
achtlos	neg 1.0		off 0.5311807647048457 neg 0.4003767167568045 __DUMMY__ 0.06844251853834991	false	0.5
ungeheuer	neg 1.0		off 0.5315865662460847 neg 0.40037691319824076 __DUMMY__ 0.06803652055567451	false	0.5
unaufrichtig	neg 1.0		off 0.5363435971042503 neg 0.39580258571024524 __DUMMY__ 0.06785381718550448	false	0.5
groggy	neg 1.0		off 0.536293860491345 neg 0.3956003781597422 __DUMMY__ 0.06810576134891286	false	0.5
verletzlich	neg 1.0		off 0.5341289811138537 neg 0.3985857960570287 __DUMMY__ 0.06728522282911763	false	0.5
ablehnen	neg 1.0		off 0.5300022405824724 neg 0.4014781634394856 __DUMMY__ 0.06851959597804207	false	0.5
