unsolidarisch	neg 1.0		__DUMMY__ 0.4661956261027087 off 0.30407147027612075 neg 0.22973290362117046	false	0.5
nachteilig	neg 1.0		__DUMMY__ 0.47280715410999624 off 0.30096248113131363 neg 0.2262303647586901	false	0.5
skeptisch	neg 1.0		__DUMMY__ 0.471723411204605 off 0.2986736359461088 neg 0.22960295284928622	false	0.5
schrecklich	neg 1.0		__DUMMY__ 0.4623732114901302 off 0.3136246036974464 neg 0.22400218481242337	false	0.5
schlapp	neg 1.0	neg 1.0	neg 0.5984615254879547 __DUMMY__ 0.22578439545379858 off 0.1757540790582467	false	1.0
abfall	neg 1.0		__DUMMY__ 0.47455499110345484 off 0.2956604419743315 neg 0.2297845669222137	false	0.5
widerspenstig	neg 1.0		__DUMMY__ 0.46808443615707096 off 0.30271852823665013 neg 0.22919703560627905	false	0.5
abrupt	neg 1.0		__DUMMY__ 0.4714574163159343 off 0.29796621989531114 neg 0.23057636378875468	false	0.5
unwirksam	neg 1.0		__DUMMY__ 0.4651029546311393 off 0.30312634969518243 neg 0.2317706956736782	false	0.5
angreifen	neg 1.0		__DUMMY__ 0.4719951228003443 off 0.2979741623229332 neg 0.23003071487672255	false	0.5
inkonsistent	neg 1.0		__DUMMY__ 0.4657981395138444 off 0.3063238701045383 neg 0.22787799038161738	false	0.5
abrutschen	neg 1.0		__DUMMY__ 0.4740803707479376 off 0.2949842400828434 neg 0.23093538916921905	false	0.5
unsicher	neg 1.0		__DUMMY__ 0.46944097480004393 off 0.3039024998798428 neg 0.22665652532011338	false	0.5
bauernkind	off 1.0	off 1.0	off 0.6490376295541586 __DUMMY__ 0.22261887849304585 neg 0.12834349195279554	false	1.0
angreifer	neg 1.0		__DUMMY__ 0.4689978652631843 off 0.3092518619916961 neg 0.2217502727451196	false	0.5
trennen	neg 1.0		__DUMMY__ 0.47305183250224414 off 0.2981086397193776 neg 0.2288395277783782	false	0.5
schmutz	neg 1.0		__DUMMY__ 0.4728894528607616 off 0.3101762602878855 neg 0.21693428685135283	false	0.5
inkonsistenz	neg 1.0		__DUMMY__ 0.4649860410210559 off 0.30901769891327674 neg 0.2259962600656673	false	0.5
erschreckend	neg 1.0		__DUMMY__ 0.46897681629518934 off 0.3028672667342386 neg 0.22815591697057214	false	0.5
ertrinken	neg 1.0		__DUMMY__ 0.47155576744088384 off 0.2971446973878196 neg 0.23129953517129653	false	0.5
pickelface	off 1.0		__DUMMY__ 0.46949249166728657 off 0.30511973245423246 neg 0.22538777587848102	false	1.0
seiner			__DUMMY__ 0.4726366664784543 off 0.2988075843592696 neg 0.22855574916227595	false	0.0
lauch	neg 1.0	neg 1.0	neg 0.6000821780136265 __DUMMY__ 0.23154824246411299 off 0.1683695795222604	false	1.0
unwichtig	neg 1.0		__DUMMY__ 0.4650733035042203 off 0.30900002247747244 neg 0.22592667401830738	false	0.5
steuerhinterziehung	neg 1.0		__DUMMY__ 0.46750825917808075 off 0.3023786344799977 neg 0.23011310634192148	false	0.5
schock	neg 1.0		__DUMMY__ 0.4701518233715786 off 0.3021295708733792 neg 0.2277186057550422	false	0.5
beule	neg 1.0		__DUMMY__ 0.46318068533250456 off 0.3114396265808921 neg 0.2253796880866034	false	0.5
vergelten	neg 1.0		__DUMMY__ 0.4632669577627174 off 0.31553334583555775 neg 0.22119969640172482	false	0.5
verdorbenheit	neg 1.0		__DUMMY__ 0.47008262484071717 off 0.3062889904790276 neg 0.2236283846802553	false	0.5
trauma	neg 1.0		__DUMMY__ 0.46761671170299296 off 0.30538282751291124 neg 0.2270004607840959	false	0.5
sinnlos	neg 1.0		__DUMMY__ 0.4675865445460897 off 0.30606747800624035 neg 0.22634597744766985	false	0.5
fettsack	off 1.0	off 1.0	off 0.6502404862729265 __DUMMY__ 0.22295153829234238 neg 0.12680797543473107	false	1.0
feige	off 1.0	off 1.0	off 0.6461409633948736 __DUMMY__ 0.2252458862043922 neg 0.12861315040073423	false	1.0
abdanken	neg 1.0		__DUMMY__ 0.4693103211092512 off 0.303610286191897 neg 0.2270793926988519	false	0.5
wichtigtuer	off 1.0	off 1.0	off 0.6442918824346602 __DUMMY__ 0.22693800043069481 neg 0.1287701171346449	false	1.0
misslingen	neg 1.0		__DUMMY__ 0.4714979815339451 off 0.30731482197777943 neg 0.2211871964882753	false	0.5
untreu	off 1.0		__DUMMY__ 0.46427004371246156 off 0.3103621880459405 neg 0.22536776824159793	false	1.0
missmutig	neg 1.0		__DUMMY__ 0.464973356658387 off 0.307125918847155 neg 0.22790072449445808	false	0.5
hurenbock	off 1.0		__DUMMY__ 0.4682230953247631 off 0.30443169454189356 neg 0.22734521013334316	false	1.0
betrunken	neg 1.0		__DUMMY__ 0.4629276701752151 off 0.3123909741237898 neg 0.22468135570099515	false	0.5
korrupt	off 1.0		__DUMMY__ 0.4670691895216479 off 0.30149271656130433 neg 0.23143809391704773	false	1.0
unmut	neg 1.0		__DUMMY__ 0.4729972273681671 off 0.29680165325045216 neg 0.23020111938138074	false	0.5
hackfresse	off 1.0		__DUMMY__ 0.4591640255383466 off 0.31853577918072523 neg 0.2223001952809281	false	1.0
aufblasen	neg 1.0		__DUMMY__ 0.4683842855628325 off 0.3041126836136395 neg 0.22750303082352805	false	0.5
gewaltsam	neg 1.0		__DUMMY__ 0.47022251996512504 off 0.30417072187603417 neg 0.225606758158841	false	0.5
unbeliebtheit	neg 1.0		__DUMMY__ 0.46524068215046394 off 0.31109602309553064 neg 0.2236632947540055	false	0.5
sturheit	neg 1.0		__DUMMY__ 0.4696690439806891 off 0.30308217030978646 neg 0.2272487857095243	false	0.5
kuh	neg 1.0		__DUMMY__ 0.4625910365524877 off 0.3056475792602998 neg 0.23176138418721254	false	0.5
erschrecken	neg 1.0		__DUMMY__ 0.46625758965336783 off 0.3083115679121919 neg 0.2254308424344404	false	0.5
opfer	neg 1.0		__DUMMY__ 0.4716028017100857 off 0.30042575157478374 neg 0.22797144671513067	false	0.5
sinken	neg 1.0		__DUMMY__ 0.47191124755507446 off 0.29707686332223776 neg 0.23101188912268775	false	0.5
stinktier	neg 1.0		__DUMMY__ 0.45817437300897507 off 0.3150711055607997 neg 0.22675452143022523	false	0.5
tucke	off 1.0		__DUMMY__ 0.45585462727497056 off 0.3200506227157691 neg 0.22409475000926035	false	1.0
ein			__DUMMY__ 0.46790880648169947 off 0.3022530763252306 neg 0.22983811719306999	false	0.0
abstieg	neg 1.0		__DUMMY__ 0.4726445405964349 off 0.30272645276467625 neg 0.22462900663888893	false	0.5
missverstehen	neg 1.0		__DUMMY__ 0.46637931607121014 off 0.3067308851410639 neg 0.22688979878772586	false	0.5
ergebnislos	neg 1.0		__DUMMY__ 0.4728984956213852 off 0.30079327434986736 neg 0.22630823002874745	false	0.5
unter			__DUMMY__ 0.4785886241141858 off 0.2917778153179439 neg 0.22963356056787038	false	0.0
manipulieren	neg 1.0		__DUMMY__ 0.47204255139083606 off 0.2993675143761636 neg 0.2285899342330005	false	0.5
unbewiesen	neg 1.0		__DUMMY__ 0.4671669615150958 off 0.30489636127750946 neg 0.22793667720739486	false	0.5
verschleppen	neg 1.0		__DUMMY__ 0.4695974112972103 off 0.30056405049151574 neg 0.2298385382112741	false	0.5
weib	off 1.0		__DUMMY__ 0.4575181379094314 off 0.3209345104075883 neg 0.22154735168298026	false	1.0
opposition	neg 1.0		__DUMMY__ 0.46653928763686886 off 0.3052798277152145 neg 0.22818088464791675	false	0.5
verkehrswidrig	neg 1.0		__DUMMY__ 0.4653967955455551 off 0.317434898254485 neg 0.21716830619996	false	0.5
inkorrekt	neg 1.0		__DUMMY__ 0.46171382901665614 off 0.3130846990863487 neg 0.2252014718969952	false	0.5
vermeiden	neg 1.0		__DUMMY__ 0.476117335276524 off 0.29541559841125203 neg 0.22846706631222405	false	0.5
abweichung	neg 1.0		__DUMMY__ 0.47156387862155696 off 0.30214200397408014 neg 0.22629411740436284	false	0.5
alkoholisiert	neg 1.0		__DUMMY__ 0.47716416819293 off 0.3012557458672834 neg 0.22158008593978654	false	0.5
scheiss	off 1.0	off 1.0	off 0.6471639349408118 __DUMMY__ 0.22487019934043803 neg 0.12796586571875013	false	1.0
herausforderung	neg 1.0		__DUMMY__ 0.47091266730094733 off 0.30138720958743564 neg 0.2277001231116171	false	0.5
pervers	off 1.0		__DUMMY__ 0.4557625254946956 off 0.3232661669642367 neg 0.2209713075410676	false	1.0
wackelig	neg 1.0		__DUMMY__ 0.47117650827338414 off 0.30127751101623124 neg 0.22754598071038448	false	0.5
verwickeln	neg 1.0		__DUMMY__ 0.46700955754598045 off 0.3057736566108735 neg 0.22721678584314617	false	0.5
vorwand	neg 1.0		__DUMMY__ 0.47241007966135584 off 0.2976558810202182 neg 0.22993403931842576	false	0.5
muschi	off 1.0		__DUMMY__ 0.4708376743731811 off 0.3042624501151844 neg 0.2248998755116346	false	1.0
entmutigung	neg 1.0		__DUMMY__ 0.4644228899014591 off 0.30547501788317544 neg 0.2301020922153654	false	0.5
unangemessen	neg 1.0		__DUMMY__ 0.46927558374807943 off 0.3024509918479904 neg 0.22827342440393014	false	0.5
unstetig	neg 1.0		__DUMMY__ 0.46709022528481803 off 0.30898771613917997 neg 0.22392205857600195	false	0.5
entmutigen	neg 1.0		__DUMMY__ 0.4669349997728101 off 0.3042113456957573 neg 0.2288536545314327	false	0.5
schwanz	neg 1.0		__DUMMY__ 0.47180504832323567 off 0.30188644847813745 neg 0.22630850319862691	false	0.5
verbot	neg 1.0		__DUMMY__ 0.4688608112527524 off 0.301963068572475 neg 0.2291761201747725	false	0.5
leid	neg 1.0		__DUMMY__ 0.4610517137356504 off 0.31534074163345593 neg 0.22360754463089372	false	0.5
archaisch	neg 1.0		__DUMMY__ 0.46908919782348835 off 0.3019802891297369 neg 0.22893051304677464	false	0.5
gegen			__DUMMY__ 0.4739490488652558 off 0.2978966816351288 neg 0.22815426949961548	false	0.0
scheidung	neg 1.0		__DUMMY__ 0.4583070179061279 off 0.3292415647354466 neg 0.21245141735842568	false	0.5
einschlag	neg 1.0		__DUMMY__ 0.46485800320578163 off 0.3153384353712901 neg 0.21980356142292817	false	0.5
m			__DUMMY__ 0.4710275491825649 off 0.30201417855246415 neg 0.22695827226497087	false	0.0
abgestanden	neg 1.0		__DUMMY__ 0.4647183966098889 off 0.3021949728316032 neg 0.23308663055850792	false	0.5
schmierig	off 1.0		__DUMMY__ 0.4609673965134341 off 0.3148285009122857 neg 0.2242041025742803	false	1.0
unpraktisch	neg 1.0		__DUMMY__ 0.46845363033258935 off 0.30564899485143654 neg 0.22589737481597402	false	0.5
wixxer	off 1.0		__DUMMY__ 0.4549829702852507 off 0.32346816790972965 neg 0.2215488618050197	false	1.0
bezeichnet			__DUMMY__ 0.4689188947278915 off 0.3043742547985296 neg 0.226706850473579	false	0.0
jammerlappen	off 1.0		__DUMMY__ 0.4649502303787327 off 0.30931277310289684 neg 0.22573699651837056	false	1.0
farce	neg 1.0		__DUMMY__ 0.4673864333220708 off 0.3035035475812621 neg 0.22911001909666717	false	0.5
zwecklos	neg 1.0		__DUMMY__ 0.4694363423260444 off 0.301170232397306 neg 0.22939342527664963	false	0.5
turbulent	neg 1.0		__DUMMY__ 0.46440474340142246 off 0.31236158722114676 neg 0.2232336693774306	false	0.5
invasion	neg 1.0		__DUMMY__ 0.4671734872114791 off 0.3069445279218828 neg 0.22588198486663819	false	0.5
schuld	neg 1.0		__DUMMY__ 0.46773916282496547 off 0.3051269997642453 neg 0.2271338374107891	false	0.5
risiko	neg 1.0		__DUMMY__ 0.46722140179010646 off 0.3064003232412261 neg 0.22637827496866733	false	0.5
finster	neg 1.0		__DUMMY__ 0.4672032178889665 off 0.30266166630036007 neg 0.2301351158106734	false	0.5
geisteskrank	off 1.0		__DUMMY__ 0.46272886362424187 off 0.3118291064693501 neg 0.22544202990640813	false	1.0
zusammenbrechen	neg 1.0		__DUMMY__ 0.46951806720469585 off 0.3014530525420472 neg 0.22902888025325688	false	0.5
ausbeute	neg 1.0		__DUMMY__ 0.47094889764905656 off 0.3032820298632198 neg 0.22576907248772377	false	0.5
hinterhalt	neg 1.0		__DUMMY__ 0.4699667872932553 off 0.3025839059573324 neg 0.2274493067494123	false	0.5
kritik	neg 1.0		__DUMMY__ 0.4672529530344501 off 0.30304149144048054 neg 0.22970555552506924	false	0.5
einschrumpfen	neg 1.0		__DUMMY__ 0.4640830461732448 off 0.3093460149389772 neg 0.22657093888777805	false	0.5
riskant	neg 1.0		__DUMMY__ 0.4714863833081214 off 0.2989031097221419 neg 0.22961050696973667	false	0.5
frustrieren	neg 1.0		__DUMMY__ 0.47042044623223106 off 0.299630864920973 neg 0.22994868884679584	false	0.5
groll	neg 1.0		__DUMMY__ 0.4701562770418927 off 0.30181473925593993 neg 0.2280289837021674	false	0.5
gibt			__DUMMY__ 0.47047638157419036 off 0.3013159141473693 neg 0.22820770427844034	false	0.0
qualvoll	neg 1.0		__DUMMY__ 0.4668312963515742 off 0.3059159475021646 neg 0.22725275614626106	false	0.5
wackeln	neg 1.0		__DUMMY__ 0.46925225026500644 off 0.30375479501594704 neg 0.22699295471904646	false	0.5
klagen	neg 1.0		__DUMMY__ 0.4720442586022672 off 0.2978540614562392 neg 0.2301016799414937	false	0.5
bankrott	neg 1.0		__DUMMY__ 0.4673006306854903 off 0.30978832879113477 neg 0.222911040523375	false	0.5
trauern	neg 1.0		__DUMMY__ 0.4737582441129001 off 0.30006799724420974 neg 0.2261737586428902	false	0.5
ablehnung	neg 1.0		__DUMMY__ 0.4685057027700504 off 0.30282176157569446 neg 0.2286725356542551	false	0.5
stur	neg 1.0		__DUMMY__ 0.46715563513812564 off 0.30483286047503766 neg 0.22801150438683673	false	0.5
aufruhr	neg 1.0		__DUMMY__ 0.4671962266623374 off 0.3033431827353085 neg 0.22946059060235413	false	0.5
melancholie	neg 1.0		__DUMMY__ 0.47030339715180314 off 0.2978898881098214 neg 0.23180671473837558	false	0.5
ist			__DUMMY__ 0.46753087780751684 off 0.30567398443482235 neg 0.2267951377576608	false	0.0
torheit	neg 1.0		__DUMMY__ 0.4672393173607224 off 0.30503830173355895 neg 0.2277223809057187	false	0.5
dreckskind	off 1.0		__DUMMY__ 0.45847965158884313 off 0.31993471241286214 neg 0.22158563599829473	false	1.0
umtauschen	neg 1.0		__DUMMY__ 0.46923938322777 off 0.3032147971345833 neg 0.2275458196376466	false	0.5
zum			__DUMMY__ 0.4783321195363348 off 0.2965134947354209 neg 0.22515438572824426	false	0.0
zersetzen	neg 1.0		__DUMMY__ 0.47078459832972563 off 0.2983900903870945 neg 0.23082531128317968	false	0.5
zur			__DUMMY__ 0.476175821590669 off 0.29564495339175084 neg 0.22817922501758017	false	0.0
frust	neg 1.0		__DUMMY__ 0.4696533495522062 off 0.3011571490435628 neg 0.22918950140423106	false	0.5
unerbittlichkeit	neg 1.0		__DUMMY__ 0.47165772473302964 off 0.2999363124850582 neg 0.22840596278191222	false	0.5
zwei			__DUMMY__ 0.4763234870897077 off 0.29496010400052386 neg 0.22871640890976846	false	0.0
unkorrekt	neg 1.0		__DUMMY__ 0.46262926288525175 off 0.3118797115823272 neg 0.22549102553242104	false	0.5
hexe	off 1.0		__DUMMY__ 0.46362237402974743 off 0.3083919982774268 neg 0.22798562769282568	false	1.0
lasch	neg 1.0		__DUMMY__ 0.46554486475652845 off 0.3083912031286269 neg 0.22606393211484474	false	0.5
rivale	neg 1.0		__DUMMY__ 0.46319125013059664 off 0.3141415819497853 neg 0.22266716791961802	false	0.5
mutlos	off 1.0	off 1.0	off 0.6407078759623316 __DUMMY__ 0.22865930583473637 neg 0.13063281820293207	false	1.0
wirr	off 1.0		__DUMMY__ 0.46131017321931 off 0.3140306449481385 neg 0.22465918183255154	false	1.0
jahr			__DUMMY__ 0.4752668666145668 off 0.30045629611006885 neg 0.22427683727536427	false	0.0
wird			__DUMMY__ 0.4710321432734326 off 0.30081133053288356 neg 0.2281565261936837	false	0.0
strafbar	neg 1.0		__DUMMY__ 0.471059913465678 off 0.2994656560945742 neg 0.2294744304397479	false	0.5
erosion	neg 1.0		__DUMMY__ 0.4691851518109687 off 0.304429420756659 neg 0.2263854274323724	false	0.5
eingehen	neg 1.0		__DUMMY__ 0.4701027830516704 off 0.2992063185167776 neg 0.23069089843155194	false	0.5
faul	off 1.0		__DUMMY__ 0.46644707341358477 off 0.3089409114728539 neg 0.22461201511356138	false	1.0
provisorium	neg 1.0		__DUMMY__ 0.4788230304813562 off 0.29199546144255883 neg 0.229181508076085	false	0.5
schmerzen	neg 1.0		__DUMMY__ 0.46801590006352856 off 0.30172589301655756 neg 0.23025820691991397	false	0.5
schrumpfen	neg 1.0		__DUMMY__ 0.4732439777895453 off 0.2943538172381218 neg 0.2324022049723328	false	0.5
geistlos	off 1.0		__DUMMY__ 0.46470894295262843 off 0.306346452931903 neg 0.22894460411546863	false	1.0
fehlkauf	neg 1.0		__DUMMY__ 0.4667342494075948 off 0.3068088415828902 neg 0.22645690900951507	false	0.5
frustrierend	neg 1.0		__DUMMY__ 0.4654992154702747 off 0.30776351021378284 neg 0.22673727431594243	false	0.5
unzufrieden	neg 1.0		__DUMMY__ 0.470153260328568 off 0.3012509051781995 neg 0.2285958344932324	false	0.5
verzweifeln	neg 1.0		__DUMMY__ 0.4694705665004019 off 0.3026910321814869 neg 0.227838401318111	false	0.5
verzweifelt	neg 1.0		__DUMMY__ 0.467299084797887 off 0.3049826789994667 neg 0.2277182362026463	false	0.5
misstrauensantrag	neg 1.0		__DUMMY__ 0.46692845969077246 off 0.30608686118830347 neg 0.22698467912092413	false	0.5
abfallen	neg 1.0		__DUMMY__ 0.46847625331878245 off 0.3039229492148346 neg 0.227600797466383	false	0.5
fucker	off 1.0		__DUMMY__ 0.4639352772762477 off 0.3136252763995601 neg 0.22243944632419227	false	1.0
ungezogen	neg 1.0		__DUMMY__ 0.45782222481124324 off 0.3210275346300931 neg 0.22115024055866364	false	0.5
irrsinnig	neg 1.0	neg 1.0	neg 0.5996157772549718 __DUMMY__ 0.22737376525867253 off 0.17301045748635566	false	1.0
unfassbar	neg 1.0		__DUMMY__ 0.46465113349930315 off 0.31045781131374717 neg 0.22489105518694982	false	0.5
hart	neg 1.0		__DUMMY__ 0.463065074490509 off 0.3104243878406853 neg 0.22651053766880574	false	0.5
widerlich	off 1.0		__DUMMY__ 0.46352119120328655 off 0.3107441673956334 neg 0.2257346414010799	false	1.0
fatal	neg 1.0	neg 1.0	neg 0.6004655872182806 __DUMMY__ 0.22579551522253458 off 0.17373889755918484	false	1.0
bruch	neg 1.0		__DUMMY__ 0.47321625989136257 off 0.2964068335642659 neg 0.23037690654437154	false	0.5
aushungern	neg 1.0		__DUMMY__ 0.4681645126210961 off 0.30185559305199156 neg 0.2299798943269122	false	0.5
anspannung	neg 1.0		__DUMMY__ 0.4762128348754793 off 0.29504312053675197 neg 0.2287440445877687	false	0.5
von			__DUMMY__ 0.47389385175733856 off 0.29880705743614183 neg 0.22729909080651972	false	0.0
kraftlos	neg 1.0		__DUMMY__ 0.4701521741007721 off 0.30051504280481567 neg 0.2293327830944121	false	0.5
vom			__DUMMY__ 0.4802072350426003 off 0.2933261085933514 neg 0.22646665636404817	false	0.0
grenzdebil	off 1.0		__DUMMY__ 0.4637633947830143 off 0.31052633077377095 neg 0.22571027444321468	false	1.0
vor			__DUMMY__ 0.4732536350035807 off 0.2967849015282426 neg 0.22996146346817664	false	0.0
unterwerfen	neg 1.0		__DUMMY__ 0.4712134823360066 off 0.300449207074757 neg 0.2283373105892365	false	0.5
versenkung	neg 1.0		__DUMMY__ 0.4718643993687057 off 0.29994067313173106 neg 0.22819492749956313	false	0.5
entziehen	neg 1.0		__DUMMY__ 0.4725607155772627 off 0.29760268977227144 neg 0.22983659465046588	false	0.5
finanzkrise	neg 1.0		__DUMMY__ 0.46459345266045265 off 0.3016147061625548 neg 0.2337918411769926	false	0.5
schimpfend	neg 1.0		__DUMMY__ 0.4695867468536571 off 0.3053995617451007 neg 0.2250136914012422	false	0.5
profan	neg 1.0		__DUMMY__ 0.466675042168977 off 0.3062758395058036 neg 0.22704911832521937	false	0.5
korruption	neg 1.0		__DUMMY__ 0.4680516465495315 off 0.30101684789579153 neg 0.23093150555467704	false	0.5
â			__DUMMY__ 0.47087382459586374 off 0.30106520635402345 neg 0.22806096905011264	false	0.0
schmutzig	neg 1.0		__DUMMY__ 0.46388004637711033 off 0.31076559512941604 neg 0.22535435849347357	false	0.5
sexy	neg 1.0		__DUMMY__ 0.4668506908700183 off 0.3085218984110967 neg 0.22462741071888495	false	0.5
abraten	neg 1.0		__DUMMY__ 0.4680471465096109 off 0.30628004073705856 neg 0.22567281275333045	false	0.5
schwarz	neg 1.0		__DUMMY__ 0.46750408017269857 off 0.306590069546915 neg 0.22590585028038646	false	0.5
fotze	off 1.0	off 1.0	off 0.6419530434568661 __DUMMY__ 0.2298000820662789 neg 0.128246874476855	false	1.0
verwirren	neg 1.0		__DUMMY__ 0.46683888255834294 off 0.3067031206855226 neg 0.22645799675613434	false	0.5
zahnlos	off 1.0		__DUMMY__ 0.46908883962577724 off 0.30203819160959366 neg 0.2288729687646291	false	1.0
verheeren	neg 1.0		__DUMMY__ 0.45767337533178326 off 0.3227669189816426 neg 0.21955970568657404	false	0.5
hippie	neg 1.0		__DUMMY__ 0.4668098076045369 off 0.3080691136122852 neg 0.22512107878317794	false	0.5
rammen	neg 1.0		__DUMMY__ 0.470320684110562 off 0.30569522753165573 neg 0.22398408835778244	false	0.5
unlauter	neg 1.0		__DUMMY__ 0.467205665937584 off 0.30638356827864033 neg 0.22641076578377559	false	0.5
unheilvoll	neg 1.0		__DUMMY__ 0.4669568902224943 off 0.3047003867639991 neg 0.22834272301350658	false	0.5
niedrig	neg 1.0		__DUMMY__ 0.47035711261176677 off 0.30066600358611845 neg 0.2289768838021149	false	0.5
explosion	neg 1.0		__DUMMY__ 0.4672556933267365 off 0.3081600524558279 neg 0.2245842542174355	false	0.5
weichei	off 1.0	off 1.0	off 0.649404980387353 __DUMMY__ 0.22263497063560278 neg 0.12796004897704427	false	1.0
minusmensch	off 1.0		__DUMMY__ 0.4578691479721114 off 0.3226753727556734 neg 0.21945547927221526	false	1.0
farblos	neg 1.0		__DUMMY__ 0.46900319822235387 off 0.3059296546866533 neg 0.22506714709099282	false	0.5
unwissend	neg 1.0	neg 1.0	neg 0.5989702440660983 __DUMMY__ 0.22562946135499817 off 0.17540029457890352	false	1.0
traurig	neg 1.0		__DUMMY__ 0.4627648874696066 off 0.31323851600680214 neg 0.22399659652359116	false	0.5
senkung	neg 1.0		__DUMMY__ 0.4638252534662626 off 0.3059262676434448 neg 0.23024847889029265	false	0.5
ungleich	neg 1.0	neg 1.0	neg 0.600447546356619 __DUMMY__ 0.22909900922641557 off 0.17045344441696542	false	1.0
heikel	neg 1.0		__DUMMY__ 0.4712417764106475 off 0.29899677482328846 neg 0.22976144876606405	false	0.5
drosselung	neg 1.0		__DUMMY__ 0.4632856424214346 off 0.3108298990957471 neg 0.22588445848281824	false	0.5
falsch	neg 1.0		__DUMMY__ 0.4661495994959475 off 0.30842896294291866 neg 0.22542143756113392	false	0.5
unzufriedenheit	neg 1.0		__DUMMY__ 0.4707493186326348 off 0.29848312225482415 neg 0.23076755911254093	false	0.5
kurz	neg 1.0		__DUMMY__ 0.4711860964315692 off 0.30195350081986844 neg 0.2268604027485625	false	0.5
unsinnig	neg 1.0		__DUMMY__ 0.4679532806377802 off 0.30227491315395183 neg 0.22977180620826804	false	0.5
penner	off 1.0	off 1.0	off 0.6507286891396085 __DUMMY__ 0.22235880892316023 neg 0.12691250193723133	false	1.0
seicht	neg 1.0		__DUMMY__ 0.45579261394502435 off 0.3188636893390229 neg 0.2253436967159528	false	0.5
dummheit	off 1.0	off 1.0	off 0.6441338858158022 __DUMMY__ 0.2262029550668271 neg 0.12966315911737064	false	1.0
unerfreulich	neg 1.0		__DUMMY__ 0.47176736183040074 off 0.29881835855951894 neg 0.22941427961008043	false	0.5
motherfucker	off 1.0	off 1.0	off 0.6476590528286068 __DUMMY__ 0.22520756917221796 neg 0.12713337799917526	false	1.0
pikiert	neg 1.0		__DUMMY__ 0.4638365864942286 off 0.3093772047109049 neg 0.2267862087948665	false	0.5
wrack	neg 1.0		__DUMMY__ 0.4742137248926074 off 0.30374156663872387 neg 0.2220447084686688	false	0.5
gangster	neg 1.0		__DUMMY__ 0.4665260834583707 off 0.30822623100678986 neg 0.22524768553483931	false	0.5
krank	neg 1.0		__DUMMY__ 0.4644045670154301 off 0.3108783678118703 neg 0.22471706517269963	false	0.5
reich	neg 1.0		__DUMMY__ 0.4643805455376869 off 0.30815844494331684 neg 0.22746100951899617	false	0.5
gnadenlos	neg 1.0		__DUMMY__ 0.468628101315122 off 0.30520501431574054 neg 0.22616688436913746	false	0.5
niedergeschlagen	neg 1.0		__DUMMY__ 0.47117119298457905 off 0.3014589439382967 neg 0.22736986307712428	false	0.5
terrorisieren	off 1.0	off 1.0	off 0.6401142030888828 __DUMMY__ 0.2294109465359669 neg 0.1304748503751503	false	1.0
sinnlosigkeit	neg 1.0		__DUMMY__ 0.46963844774183444 off 0.30167241820873786 neg 0.2286891340494279	false	0.5
behindern	neg 1.0		__DUMMY__ 0.4686039752547866 off 0.3035736122190181 neg 0.2278224125261954	false	0.5
undemokratisch	neg 1.0		__DUMMY__ 0.46625705676285867 off 0.30618068442328505 neg 0.22756225881385633	false	0.5
wirtschaftskrise	neg 1.0		__DUMMY__ 0.46777983879314605 off 0.30045523516547523 neg 0.23176492604137863	false	0.5
neid	neg 1.0		__DUMMY__ 0.4656521746918634 off 0.30718111224967287 neg 0.22716671305846373	false	0.5
rutschen	neg 1.0		__DUMMY__ 0.47605650234921787 off 0.2944529998075986 neg 0.2294904978431834	false	0.5
rezession	neg 1.0		__DUMMY__ 0.4588240548101559 off 0.3119396854869291 neg 0.22923625970291497	false	0.5
fehlgeburt	neg 1.0		__DUMMY__ 0.4702367214651148 off 0.30523677615894784 neg 0.2245265023759375	false	0.5
charakterschwach	off 1.0		__DUMMY__ 0.4634043246523764 off 0.31000437278405574 neg 0.2265913025635679	false	1.0
isolation	neg 1.0		__DUMMY__ 0.4675288151508199 off 0.30909290573799797 neg 0.2233782791111822	false	0.5
ablenkung	neg 1.0		__DUMMY__ 0.4694546737429093 off 0.3037107696736747 neg 0.22683455658341595	false	0.5
pech	neg 1.0		__DUMMY__ 0.4653197024246338 off 0.3083705918705675 neg 0.2263097057047988	false	0.5
vermeidung	neg 1.0		__DUMMY__ 0.4639535635037616 off 0.31075568762801703 neg 0.22529074886822134	false	0.5
dominieren	neg 1.0		__DUMMY__ 0.47037069861009173 off 0.3026048536166874 neg 0.22702444777322078	false	0.5
schwindlig	neg 1.0		__DUMMY__ 0.4667807005480027 off 0.30575907138997743 neg 0.22746022806201982	false	0.5
lutscher	neg 1.0		__DUMMY__ 0.45576997316415824 off 0.3214699136760709 neg 0.22276011315977085	false	0.5
pflicht	neg 1.0		__DUMMY__ 0.4726750692660636 off 0.29779504729955353 neg 0.22952988343438294	false	0.5
faschist	off 1.0		__DUMMY__ 0.4654966860149149 off 0.30786503540840243 neg 0.22663827857668262	false	1.0
verschleudern	neg 1.0		__DUMMY__ 0.46923841402820876 off 0.29938208090839624 neg 0.23137950506339497	false	0.5
wenn			__DUMMY__ 0.4650517785807617 off 0.3089237965523074 neg 0.22602442486693086	false	0.0
ehebruch	neg 1.0		__DUMMY__ 0.4692608753727025 off 0.30018366790761464 neg 0.23055545671968283	false	0.5
spott	off 1.0		__DUMMY__ 0.47102463292858604 off 0.30088842328272736 neg 0.22808694378868655	false	1.0
trostlosigkeit	neg 1.0		__DUMMY__ 0.4707011088409403 off 0.2967972011710759 neg 0.2325016899879839	false	0.5
lutschen	neg 1.0		__DUMMY__ 0.4671258871742041 off 0.3094702903510607 neg 0.22340382247473511	false	0.5
undiszipliniert	neg 1.0		__DUMMY__ 0.46282443391459865 off 0.31227801182793086 neg 0.22489755425747046	false	0.5
kopfschmerz	neg 1.0		__DUMMY__ 0.46844633108516653 off 0.2991860290025286 neg 0.2323676399123049	false	0.5
unvorhergesehen	neg 1.0		__DUMMY__ 0.47366634495175475 off 0.29860117716208195 neg 0.2277324778861632	false	0.5
desinteressiert	neg 1.0		__DUMMY__ 0.4631215092476105 off 0.3115579453375568 neg 0.2253205454148328	false	0.5
armselig	off 1.0		__DUMMY__ 0.46185583442313793 off 0.31407281854771923 neg 0.2240713470291429	false	1.0
desaster	neg 1.0		__DUMMY__ 0.4715879351687977 off 0.29646563120844444 neg 0.23194643362275782	false	0.5
tod	neg 1.0		__DUMMY__ 0.47143848144814804 off 0.30008967097346484 neg 0.22847184757838715	false	0.5
herzlos	neg 1.0		__DUMMY__ 0.4620894064748586 off 0.31342967983062925 neg 0.22448091369451215	false	0.5
unwissenheit	neg 1.0		__DUMMY__ 0.4696376222068617 off 0.3012314884973336 neg 0.22913088929580466	false	0.5
widersinnig	neg 1.0		__DUMMY__ 0.46742260192083146 off 0.30222612568452234 neg 0.23035127239464612	false	0.5
bedenklich	neg 1.0		__DUMMY__ 0.4698383435662444 off 0.30013291714956775 neg 0.23002873928418802	false	0.5
beanstanden	neg 1.0		__DUMMY__ 0.4730924669881972 off 0.29893410051088193 neg 0.22797343250092106	false	0.5
panisch	neg 1.0		__DUMMY__ 0.4684794953513301 off 0.3063690845518755 neg 0.2251514200967944	false	0.5
debil	off 1.0		__DUMMY__ 0.4774018514614812 off 0.29241913932546443 neg 0.2301790092130544	false	1.0
abstrich	neg 1.0		__DUMMY__ 0.47205246999712985 off 0.30374447874325744 neg 0.2242030512596128	false	0.5
primitiv	neg 1.0		__DUMMY__ 0.462978550738882 off 0.3116588305759479 neg 0.22536261868517019	false	0.5
abschaum	off 1.0	off 1.0	off 0.6462944467273225 __DUMMY__ 0.22613600272981146 neg 0.12756955054286592	false	1.0
provozieren	neg 1.0		__DUMMY__ 0.4673885190479671 off 0.3046140443850469 neg 0.227997436566986	false	0.5
tot	neg 1.0		__DUMMY__ 0.47103752166112306 off 0.30226707419862076 neg 0.22669540414025635	false	0.5
instabil	neg 1.0		__DUMMY__ 0.4614605852856105 off 0.314406217094155 neg 0.2241331976202346	false	0.5
schwuchtel	off 1.0	off 1.0	off 0.6555143109390166 __DUMMY__ 0.21984693985951426 neg 0.12463874920146914	false	1.0
zerren	neg 1.0		__DUMMY__ 0.47104121141086724 off 0.3013022855855332 neg 0.22765650300359958	false	0.5
kinderficker	off 1.0		__DUMMY__ 0.4603873429215897 off 0.31673655119962335 neg 0.22287610587878687	false	1.0
gefahr	neg 1.0		__DUMMY__ 0.4731225000788161 off 0.29877087073476416 neg 0.2281066291864197	false	0.5
rabiat	neg 1.0		__DUMMY__ 0.46821594598067656 off 0.3024856490690095 neg 0.22929840495031412	false	0.5
verlangsamung	neg 1.0		__DUMMY__ 0.459161969497265 off 0.3187008205605482 neg 0.22213720994218678	false	0.5
ausgestorben	neg 1.0		__DUMMY__ 0.4695844953583604 off 0.30257720792428244 neg 0.2278382967173573	false	0.5
anklagen	neg 1.0		__DUMMY__ 0.4691849303006216 off 0.30203280145795025 neg 0.22878226824142822	false	0.5
trott	neg 1.0		__DUMMY__ 0.4691321316727924 off 0.30412210627509606 neg 0.22674576205211155	false	0.5
verminderung	neg 1.0		__DUMMY__ 0.4635744022935668 off 0.3106167247990876 neg 0.22580887290734553	false	0.5
nach			__DUMMY__ 0.4776579408904192 off 0.29351569156402296 neg 0.22882636754555782	false	0.0
rost	neg 1.0		__DUMMY__ 0.45996314433281793 off 0.3207302292360423 neg 0.21930662643113988	false	0.5
destruktiv	neg 1.0		__DUMMY__ 0.46746566414796836 off 0.30311332906754945 neg 0.2294210067844822	false	0.5
unzumutbarkeit	neg 1.0		__DUMMY__ 0.46665891361812467 off 0.3122089992130659 neg 0.2211320871688095	false	0.5
labil	off 1.0	off 1.0	off 0.6457824131683035 __DUMMY__ 0.22617772725417357 neg 0.12803985957752287	false	1.0
ziemlich	neg 1.0		__DUMMY__ 0.4654753934584295 off 0.31046343335103294 neg 0.2240611731905376	false	0.5
lachnummer	off 1.0		__DUMMY__ 0.46832713913326457 off 0.30437146956159306 neg 0.22730139130514232	false	1.0
oder			__DUMMY__ 0.4694444071030158 off 0.30485557464788976 neg 0.22570001824909447	false	0.0
verfall	neg 1.0		__DUMMY__ 0.47287685006779323 off 0.29432258147222673 neg 0.23280056845997998	false	0.5
ausgrenzung	neg 1.0		__DUMMY__ 0.4664839635163339 off 0.30622028892079495 neg 0.22729574756287105	false	0.5
unordnung	neg 1.0		__DUMMY__ 0.4636918915028151 off 0.3163290347828571 neg 0.21997907371432784	false	0.5
fehlverhalten	neg 1.0		__DUMMY__ 0.47102455133384225 off 0.2994574673989562 neg 0.22951798126720147	false	0.5
eine			__DUMMY__ 0.4726698226913631 off 0.29732954283102625 neg 0.2300006344776105	false	0.0
nille	neg 1.0		__DUMMY__ 0.46918686100255974 off 0.3046604750997986 neg 0.2261526638976417	false	0.5
qual	neg 1.0		__DUMMY__ 0.46920052104597887 off 0.30369895721127904 neg 0.22710052174274192	false	0.5
verschwenden	neg 1.0		__DUMMY__ 0.47036436714430824 off 0.29876931464420614 neg 0.23086631821148562	false	0.5
riesig	neg 1.0		__DUMMY__ 0.47306680436066756 off 0.3009102378376933 neg 0.22602295780163909	false	0.5
verurteilen	neg 1.0		__DUMMY__ 0.46899491507696917 off 0.3015291006961899 neg 0.22947598422684093	false	0.5
klischee	neg 1.0	neg 1.0	neg 0.5991741024610765 __DUMMY__ 0.2259985679956992 off 0.1748273295432243	false	1.0
diktatorisch	neg 1.0		__DUMMY__ 0.46556832622995065 off 0.3059630377498435 neg 0.22846863602020598	false	0.5
vorhersehbar	neg 1.0		__DUMMY__ 0.4650451381833802 off 0.30659292936337884 neg 0.228361932453241	false	0.5
sowie			__DUMMY__ 0.45964922838728345 off 0.31549338951940303 neg 0.2248573820933135	false	0.0
stornieren	neg 1.0		__DUMMY__ 0.4717841565025491 off 0.3095434369409517 neg 0.2186724065564993	false	0.5
besteuerung	neg 1.0	neg 1.0	neg 0.6014812469869343 __DUMMY__ 0.2260131916428591 off 0.17250556137020656	false	1.0
ungeschminkt	neg 1.0		__DUMMY__ 0.4639678501428538 off 0.3123571965028981 neg 0.22367495335424809	false	0.5
kritisch	neg 1.0		__DUMMY__ 0.47009205908557883 off 0.30142318031257354 neg 0.22848476060184758	false	0.5
schlamperei	off 1.0		__DUMMY__ 0.4711730616680978 off 0.3002243585159398 neg 0.2286025798159625	false	1.0
sucht	neg 1.0	neg 1.0	neg 0.5962714242644424 __DUMMY__ 0.22935143298533855 off 0.17437714275021915	false	1.0
egoistisch	off 1.0	off 1.0	off 0.6497476909564359 __DUMMY__ 0.22377915005652987 neg 0.1264731589870342	false	1.0
ausbeuter	off 1.0		__DUMMY__ 0.46964146862225215 off 0.29849800095495094 neg 0.23186053042279675	false	1.0
arschgeburt	off 1.0		__DUMMY__ 0.4544067466467227 off 0.3266451258104387 neg 0.21894812754283863	false	1.0
schubs	neg 1.0		__DUMMY__ 0.46985046135181724 off 0.3003139158968089 neg 0.22983562275137392	false	0.5
unsolide	neg 1.0		__DUMMY__ 0.4662917710921341 off 0.30697760065102153 neg 0.2267306282568444	false	0.5
beschwerde	neg 1.0		__DUMMY__ 0.4704706348319458 off 0.30211150799431186 neg 0.22741785717374238	false	0.5
stocken	neg 1.0		__DUMMY__ 0.4711988830969131 off 0.3009834798323397 neg 0.2278176370707473	false	0.5
isolieren	neg 1.0		__DUMMY__ 0.4704398481751203 off 0.30215495233482753 neg 0.2274051994900521	false	0.5
unheilbar	neg 1.0		__DUMMY__ 0.467541678877028 off 0.3034527248220459 neg 0.2290055963009262	false	0.5
pisser	off 1.0	off 1.0	off 0.6486977345357187 __DUMMY__ 0.22565481949204974 neg 0.12564744597223151	false	1.0
löschen	neg 1.0		__DUMMY__ 0.4687935035765035 off 0.3049065981723447 neg 0.22629989825115174	false	0.5
durchfallen	neg 1.0		__DUMMY__ 0.47003444217155577 off 0.301069611134236 neg 0.22889594669420815	false	0.5
wichser	off 1.0	off 1.0	off 0.652661473520648 __DUMMY__ 0.2210633792688243 neg 0.12627514721052774	false	1.0
terror	neg 1.0		__DUMMY__ 0.4674319944329342 off 0.30811944298930777 neg 0.2244485625777581	false	0.5
krass	neg 1.0		__DUMMY__ 0.4612544664862825 off 0.31550553084509825 neg 0.22324000266861935	false	0.5
revolte	neg 1.0		__DUMMY__ 0.4629244509626262 off 0.3066486331589224 neg 0.23042691587845152	false	0.5
besorgt	neg 1.0		__DUMMY__ 0.47179809506145837 off 0.30248033270577596 neg 0.22572157223276573	false	0.5
nachlassen	neg 1.0		__DUMMY__ 0.47162978784304815 off 0.3010340809793055 neg 0.22733613117764626	false	0.5
alt	neg 1.0		__DUMMY__ 0.46768592490512856 off 0.2988088253849679 neg 0.23350524970990355	false	0.5
hundesohn	off 1.0	off 1.0	off 0.6527876249742716 __DUMMY__ 0.22270515082909206 neg 0.12450722419663636	false	1.0
als			__DUMMY__ 0.46941552405346443 off 0.3013680180889161 neg 0.2292164578576193	false	0.0
abschreckung	neg 1.0		__DUMMY__ 0.4712293417036232 off 0.2984317851665009 neg 0.23033887312987605	false	0.5
unqualifiziert	neg 1.0		__DUMMY__ 0.4652820806974239 off 0.30863924507221024 neg 0.2260786742303659	false	0.5
abgewichst	off 1.0		__DUMMY__ 0.4700130017546249 off 0.3041161271220163 neg 0.22587087112335866	false	1.0
schwer	neg 1.0		__DUMMY__ 0.46850850964789037 off 0.30290980484453073 neg 0.22858168550757896	false	0.5
bedeutungslosigkeit	neg 1.0		__DUMMY__ 0.47093796197019155 off 0.29898169420670406 neg 0.2300803438231043	false	0.5
kapitulation	neg 1.0		__DUMMY__ 0.4683186306066596 off 0.30019380892158437 neg 0.23148756047175614	false	0.5
unscharf	neg 1.0		__DUMMY__ 0.4641386656783579 off 0.304933895896115 neg 0.230927438425527	false	0.5
schwinden	neg 1.0		__DUMMY__ 0.4706961402354247 off 0.2990893028849195 neg 0.23021455687965578	false	0.5
versklavung	neg 1.0	neg 1.0	neg 0.5999120856691227 __DUMMY__ 0.22666684759302744 off 0.17342106673784993	false	1.0
schlecht	neg 1.0		__DUMMY__ 0.46565365387256696 off 0.31071863852907766 neg 0.2236277075983553	false	0.5
verhasst	neg 1.0		__DUMMY__ 0.4667273162372919 off 0.3052725219642393 neg 0.22800016179846863	false	0.5
beschweren	neg 1.0		__DUMMY__ 0.46815187696381627 off 0.30633150105744533 neg 0.2255166219787384	false	0.5
scheiden	neg 1.0		__DUMMY__ 0.4688200468870622 off 0.3040426354626583 neg 0.22713731765027959	false	0.5
frustriert	neg 1.0		__DUMMY__ 0.4697446070290506 off 0.3023967651593314 neg 0.22785862781161811	false	0.5
schimmelig	neg 1.0		__DUMMY__ 0.4694841335386884 off 0.3004163494501181 neg 0.23009951701119352	false	0.5
fisch	neg 1.0		__DUMMY__ 0.4701844770121096 off 0.2962367122718851 neg 0.23357881071600528	false	0.5
schmuggel	neg 1.0		__DUMMY__ 0.47389184437449966 off 0.29813447539048915 neg 0.22797368023501124	false	0.5
auffallen	neg 1.0		__DUMMY__ 0.467190721687575 off 0.306515792175718 neg 0.22629348613670697	false	0.5
konkurrenz	neg 1.0		__DUMMY__ 0.4728560363224291 off 0.2992463531087693 neg 0.22789761056880156	false	0.5
teufelskreis	neg 1.0	neg 1.0	neg 0.601388415327373 __DUMMY__ 0.22711638757972416 off 0.17149519709290273	false	1.0
aufschreien	neg 1.0		__DUMMY__ 0.46563932936251023 off 0.30669325590836 neg 0.22766741472912982	false	0.5
schuldner	neg 1.0		__DUMMY__ 0.4695433148433617 off 0.2982922353038395 neg 0.23216444985279885	false	0.5
missgeburt	off 1.0	off 1.0	off 0.6521940561044572 __DUMMY__ 0.22426713658783207 neg 0.12353880730771068	false	1.0
arbeitslos	neg 1.0		__DUMMY__ 0.47015635731527283 off 0.3010316743832972 neg 0.22881196830143	false	0.5
befallen	neg 1.0		__DUMMY__ 0.46818824545058413 off 0.30257021171215104 neg 0.22924154283726494	false	0.5
miesepetrig	off 1.0	off 1.0	off 0.6455816508992773 __DUMMY__ 0.2258636305793009 neg 0.12855471852142172	false	1.0
alarmieren	neg 1.0		__DUMMY__ 0.4656329250567354 off 0.3094868752201462 neg 0.22488019972311835	false	0.5
ungeduscht	off 1.0		__DUMMY__ 0.4649662791278912 off 0.3085678647343569 neg 0.2264658561377519	false	1.0
knappheit	neg 1.0		__DUMMY__ 0.46864418260643065 off 0.30102756063491753 neg 0.23032825675865176	false	0.5
schlange	neg 1.0		__DUMMY__ 0.46940142443951277 off 0.3047201352918286 neg 0.22587844026865853	false	0.5
harsch	neg 1.0		__DUMMY__ 0.46529525999526766 off 0.3167466339654282 neg 0.21795810603930427	false	0.5
lang	neg 1.0		__DUMMY__ 0.46836610261181455 off 0.305748111581988 neg 0.22588578580619736	false	0.5
ziellos	neg 1.0		__DUMMY__ 0.47216978835375223 off 0.2997449804234928 neg 0.22808523122275493	false	0.5
selbstverliebt	neg 1.0		__DUMMY__ 0.4565196587492599 off 0.3233590828723706 neg 0.22012125837836963	false	0.5
beseitigen	neg 1.0		__DUMMY__ 0.4724728881816304 off 0.30580320249773435 neg 0.2217239093206351	false	0.5
dumm	off 1.0		__DUMMY__ 0.4593202215077209 off 0.3174366496679479 neg 0.22324312882433123	false	1.0
arbeitsloser	neg 1.0		__DUMMY__ 0.47216731795620126 off 0.3020717653312017 neg 0.22576091671259704	false	0.5
blitzen	neg 1.0		__DUMMY__ 0.4657256753397336 off 0.3083444487248606 neg 0.22592987593540592	false	0.5
hilflos	neg 1.0		__DUMMY__ 0.46999817291044127 off 0.30108782264575634 neg 0.22891400444380225	false	0.5
eklig	off 1.0		__DUMMY__ 0.4580576813608044 off 0.31753715912460956 neg 0.22440515951458606	false	1.0
begriff			__DUMMY__ 0.4684611110136011 off 0.30318475857404326 neg 0.22835413041235567	false	0.0
hungersnot	neg 1.0		__DUMMY__ 0.46759203985692227 off 0.30044787920872734 neg 0.23196008093435042	false	0.5
ungesetzlich	neg 1.0		__DUMMY__ 0.46589789836437606 off 0.3061301637497015 neg 0.22797193788592246	false	0.5
verschwendung	neg 1.0		__DUMMY__ 0.4709492991575531 off 0.29894938322644826 neg 0.23010131761599867	false	0.5
schmerzvoll	neg 1.0		__DUMMY__ 0.46690505915882957 off 0.30517855004618905 neg 0.22791639079498138	false	0.5
vorzeitig	neg 1.0		__DUMMY__ 0.4666429665525614 off 0.3104458931492123 neg 0.2229111402982263	false	0.5
unvollkommenheit	neg 1.0		__DUMMY__ 0.46974408081241903 off 0.3023572603632431 neg 0.22789865882433802	false	0.5
intervenieren	neg 1.0		__DUMMY__ 0.46945154111018794 off 0.299315211052033 neg 0.23123324783777904	false	0.5
banause	off 1.0		__DUMMY__ 0.4554112952904033 off 0.31850177709942584 neg 0.22608692761017074	false	1.0
rebell	neg 1.0		__DUMMY__ 0.47326965989604336 off 0.2952435881678088 neg 0.23148675193614768	false	0.5
unlogisch	neg 1.0		__DUMMY__ 0.4624436589834016 off 0.3128765283901643 neg 0.22467981262643413	false	0.5
leiden	neg 1.0		__DUMMY__ 0.4739618758027428 off 0.29868266356160156 neg 0.22735546063565554	false	0.5
abschaffung	neg 1.0		__DUMMY__ 0.4668014557482698 off 0.3048607906241929 neg 0.2283377536275373	false	0.5
sturz	neg 1.0		__DUMMY__ 0.470763819907203 off 0.3080288092236134 neg 0.2212073708691834	false	0.5
verkleinerung	neg 1.0		__DUMMY__ 0.46398411027997183 off 0.3080448163144527 neg 0.2279710734055754	false	0.5
schmarotzer	off 1.0		__DUMMY__ 0.46897111353416865 off 0.3017473363834292 neg 0.22928155008240209	false	1.0
bestrafung	neg 1.0	neg 1.0	neg 0.5988450832139335 __DUMMY__ 0.22809933192524814 off 0.17305558486081835	false	1.0
achtlos	neg 1.0		__DUMMY__ 0.46986079094638206 off 0.3024406614135907 neg 0.22769854764002714	false	0.5
ungeheuer	neg 1.0		__DUMMY__ 0.46734880312310195 off 0.3039934665011015 neg 0.22865773037579645	false	0.5
unaufrichtig	neg 1.0		__DUMMY__ 0.46613797664508977 off 0.3090785168294778 neg 0.22478350652543252	false	0.5
groggy	neg 1.0		__DUMMY__ 0.46767172695014253 off 0.3082873404488362 neg 0.22404093260102123	false	0.5
verletzlich	neg 1.0		__DUMMY__ 0.46249772720042404 off 0.30869022777881316 neg 0.2288120450207628	false	0.5
