unsolidarisch	neg 1.0		__DUMMY__ 0.8793336346837688 off 0.0684210711158106 neg 0.05224529420042055	false	0.5
nachteilig	neg 1.0		__DUMMY__ 0.8885336869561724 off 0.06362727339679647 neg 0.047839039647031116	false	0.5
skeptisch	neg 1.0		__DUMMY__ 0.8868297647335486 off 0.062496086850156264 neg 0.0506741484162952	false	0.5
schrecklich	neg 1.0		__DUMMY__ 0.8745511347754658 off 0.07624884159075643 neg 0.04920002363377773	false	0.5
schlapp	neg 1.0	neg 1.0	neg 0.5080869169870905 __DUMMY__ 0.43710724702370707 off 0.05480583598920238	false	1.0
abfall	neg 1.0		__DUMMY__ 0.8907140517966639 off 0.05931777281053578 neg 0.04996817539280043	false	0.5
widerspenstig	neg 1.0		__DUMMY__ 0.8822721102970549 off 0.06629433441484903 neg 0.05143355528809602	false	0.5
abrupt	neg 1.0		__DUMMY__ 0.8868242263572528 off 0.06171666630904332 neg 0.05145910733370394	false	0.5
unwirksam	neg 1.0		__DUMMY__ 0.8781186428510086 off 0.06772191845568003 neg 0.0541594386933114	false	0.5
angreifen	neg 1.0		__DUMMY__ 0.8870968829328391 off 0.0619838276583036 neg 0.05091928940885732	false	0.5
inkonsistent	neg 1.0		__DUMMY__ 0.8792423998927896 off 0.06960872321884372 neg 0.0511488768883666	false	0.5
abrutschen	neg 1.0		__DUMMY__ 0.8900013850404856 off 0.058989586356080245 neg 0.051009028603434044	false	0.5
unsicher	neg 1.0		__DUMMY__ 0.883783922062561 off 0.0670207353072848 neg 0.04919534263015426	false	0.5
bauernkind	off 1.0	off 1.0	off 0.5292762101889662 __DUMMY__ 0.43151169495491404 neg 0.039212094856119775	false	1.0
angreifer	neg 1.0		__DUMMY__ 0.8833700136090704 off 0.07100984551454183 neg 0.04562014087638776	false	0.5
trennen	neg 1.0		__DUMMY__ 0.8886693194455472 off 0.061508384134815144 neg 0.04982229641963765	false	0.5
schmutz	neg 1.0		__DUMMY__ 0.8892174645514264 off 0.06992371104335274 neg 0.04085882440522084	false	0.5
inkonsistenz	neg 1.0		__DUMMY__ 0.877947242347466 off 0.07216943546389508 neg 0.04988332218863883	false	0.5
erschreckend	neg 1.0		__DUMMY__ 0.8831011544249254 off 0.06651467059620302 neg 0.05038417497887152	false	0.5
ertrinken	neg 1.0		__DUMMY__ 0.8866336403016117 off 0.06137062644703052 neg 0.05199573325135775	false	0.5
pickelface	off 1.0		__DUMMY__ 0.8840771154829259 off 0.06768578236200813 neg 0.04823710215506601	false	1.0
seiner			__DUMMY__ 0.8880727768963983 off 0.062240420352978304 neg 0.04968680275062332	false	0.0
lauch	neg 1.0	neg 1.0	neg 0.507504581759866 __DUMMY__ 0.44742051173758357 off 0.0450749065025504	false	1.0
unwichtig	neg 1.0		__DUMMY__ 0.878022783796377 off 0.07211637800120356 neg 0.049860838202419475	false	0.5
steuerhinterziehung	neg 1.0		__DUMMY__ 0.8812272094249904 off 0.06662095814628766 neg 0.052151832428721956	false	0.5
schock	neg 1.0		__DUMMY__ 0.8847878458782473 off 0.06539432732121245 neg 0.04981782680054019	false	0.5
beule	neg 1.0		__DUMMY__ 0.8758745309179715 off 0.07410855186684011 neg 0.05001691721518841	false	0.5
vergelten	neg 1.0		__DUMMY__ 0.8757722815372841 off 0.07742596461759442 neg 0.046801753845121336	false	0.5
verdorbenheit	neg 1.0		__DUMMY__ 0.8851511877784748 off 0.06799326091940454 neg 0.04685555130212063	false	0.5
trauma	neg 1.0		__DUMMY__ 0.8813878811990242 off 0.0686010102144355 neg 0.05001110858654039	false	0.5
sinnlos	neg 1.0		__DUMMY__ 0.8813617314929159 off 0.06918665372183205 neg 0.04945161478525213	false	0.5
fettsack	off 1.0	off 1.0	off 0.5304168027794706 __DUMMY__ 0.4320366772608209 neg 0.037546519959708556	false	1.0
feige	off 1.0	off 1.0	off 0.5257631384675993 __DUMMY__ 0.4358481703987101 neg 0.0383886911336907	false	1.0
abdanken	neg 1.0		__DUMMY__ 0.8836270087023321 off 0.06698543332721399 neg 0.04938755797045392	false	0.5
wichtigtuer	off 1.0	off 1.0	off 0.5231898545460204 __DUMMY__ 0.4389072879825856 neg 0.03790285747139401	false	1.0
misslingen	neg 1.0		__DUMMY__ 0.8871641092801815 off 0.06839134599768958 neg 0.0444445447221289	false	0.5
untreu	off 1.0		__DUMMY__ 0.876924613073839 off 0.07338568603990347 neg 0.04968970088625766	false	1.0
missmutig	neg 1.0		__DUMMY__ 0.8779545116253261 off 0.07069970636204533 neg 0.05134578201262857	false	0.5
hurenbock	off 1.0		__DUMMY__ 0.8826905485260892 off 0.06723301230130059 neg 0.0500764391726102	false	1.0
betrunken	neg 1.0		__DUMMY__ 0.875342990317983 off 0.07507626383951926 neg 0.04958074584249772	false	0.5
korrupt	off 1.0		__DUMMY__ 0.8804708744263903 off 0.0662665765852839 neg 0.05326254898832587	false	1.0
unmut	neg 1.0		__DUMMY__ 0.888496314772231 off 0.0607740799264721 neg 0.0507296053012969	false	0.5
hackfresse	off 1.0		__DUMMY__ 0.8702821129342125 off 0.08084398776256732 neg 0.048873899303220183	false	1.0
aufblasen	neg 1.0		__DUMMY__ 0.8825948061797112 off 0.0673030896998024 neg 0.05010210412048645	false	0.5
gewaltsam	neg 1.0		__DUMMY__ 0.8850503410283167 off 0.06681097086449121 neg 0.048138688107192004	false	0.5
unbeliebtheit	neg 1.0		__DUMMY__ 0.8784504036814735 off 0.07353406944972808 neg 0.04801552686879839	false	0.5
sturheit	neg 1.0		__DUMMY__ 0.8840727984147255 off 0.06648624590212575 neg 0.04944095568314865	false	0.5
kuh	neg 1.0		__DUMMY__ 0.8750447543696092 off 0.07000807478901806 neg 0.05494717084137281	false	0.5
erschrecken	neg 1.0		__DUMMY__ 0.8796474392021548 off 0.07118488404656653 neg 0.04916767675127873	false	0.5
opfer	neg 1.0		__DUMMY__ 0.886703007127501 off 0.06380219944005643 neg 0.04949479343244261	false	0.5
sinken	neg 1.0		__DUMMY__ 0.8871922819499385 off 0.06118066100287004 neg 0.05162705704719154	false	0.5
stinktier	neg 1.0		__DUMMY__ 0.8688980485916327 off 0.07863553956445474 neg 0.05246641184391255	false	0.5
tucke	off 1.0		__DUMMY__ 0.8659157882559796 off 0.08291016093829479 neg 0.051174050805725575	false	1.0
ein			__DUMMY__ 0.8819597924535986 off 0.06603661818202863 neg 0.052003589364372826	false	0.0
abstieg	neg 1.0		__DUMMY__ 0.8882290174383597 off 0.06506776751797756 neg 0.04670321504366272	false	0.5
missverstehen	neg 1.0		__DUMMY__ 0.8797276953737548 off 0.07010566359797628 neg 0.05016664102826894	false	0.5
ergebnislos	neg 1.0		__DUMMY__ 0.8885883441038591 off 0.06356127504053428 neg 0.047850380855606486	false	0.5
unter			__DUMMY__ 0.8962023708771139 off 0.05497463343266894 neg 0.04882299569021716	false	0.0
manipulieren	neg 1.0		__DUMMY__ 0.8873118860362733 off 0.06294852651130572 neg 0.049739587452420866	false	0.5
unbewiesen	neg 1.0		__DUMMY__ 0.8806904289658792 off 0.06869981258515684 neg 0.05060975844896396	false	0.5
verschleppen	neg 1.0		__DUMMY__ 0.8840662046774257 off 0.06460482954225413 neg 0.0513289657803201	false	0.5
weib	off 1.0		__DUMMY__ 0.8680524551665986 off 0.08316469173227176 neg 0.04878285310112977	false	1.0
opposition	neg 1.0		__DUMMY__ 0.8802073083434501 off 0.0686723505567925 neg 0.051120341099757396	false	0.5
verkehrswidrig	neg 1.0		__DUMMY__ 0.8790378579382849 off 0.07761780317983237 neg 0.043344338881882674	false	0.5
inkorrekt	neg 1.0		__DUMMY__ 0.8734656349066912 off 0.07634278961008313 neg 0.05019157548322573	false	0.5
vermeiden	neg 1.0		__DUMMY__ 0.8930531689329171 off 0.05838152413235998 neg 0.048565306934722975	false	0.5
abweichung	neg 1.0		__DUMMY__ 0.8868828382863386 off 0.06491388092967283 neg 0.04820328078398846	false	0.5
alkoholisiert	neg 1.0		__DUMMY__ 0.895074639416119 off 0.061651942128488645 neg 0.043273418455392246	false	0.5
scheiss	off 1.0	off 1.0	off 0.5263920870801967 __DUMMY__ 0.43560948854634646 neg 0.03799842437345689	false	1.0
herausforderung	neg 1.0		__DUMMY__ 0.8858188370774799 off 0.06467287023941508 neg 0.049508292683105075	false	0.5
pervers	off 1.0		__DUMMY__ 0.8656785315494213 off 0.08545181705026862 neg 0.048869651400310014	false	1.0
wackelig	neg 1.0		__DUMMY__ 0.8863945763356107 off 0.06422962968380877 neg 0.049375793980580646	false	0.5
verwickeln	neg 1.0		__DUMMY__ 0.8805177884954396 off 0.06923650372950707 neg 0.05024570777505339	false	0.5
vorwand	neg 1.0		__DUMMY__ 0.8877691056796466 off 0.061533135070771135 neg 0.05069775924958227	false	0.5
muschi	off 1.0		__DUMMY__ 0.8858987935481173 off 0.06660279239941 neg 0.04749841405247276	false	1.0
entmutigung	neg 1.0		__DUMMY__ 0.8770138012333264 off 0.06999024134763776 neg 0.05299595741903579	false	0.5
unangemessen	neg 1.0		__DUMMY__ 0.8835289280393911 off 0.06611537414218907 neg 0.05035569781841979	false	0.5
unstetig	neg 1.0		__DUMMY__ 0.881126278660026 off 0.07108093568626742 neg 0.047792785653706586	false	0.5
entmutigen	neg 1.0		__DUMMY__ 0.8804723807630584 off 0.06803137851017907 neg 0.051496240726762496	false	0.5
schwanz	neg 1.0		__DUMMY__ 0.8873915807754521 off 0.06433147193011132 neg 0.048276947294436635	false	0.5
verbot	neg 1.0		__DUMMY__ 0.8829819151482713 off 0.06595351497700529 neg 0.05106456987472338	false	0.5
leid	neg 1.0		__DUMMY__ 0.872854357541664 off 0.07782588909480335 neg 0.049319753363532705	false	0.5
archaisch	neg 1.0		__DUMMY__ 0.8833932843762204 off 0.06575781393641289 neg 0.05084890168736668	false	0.5
gegen			__DUMMY__ 0.8897540298507537 off 0.06129843888551568 neg 0.04894753126373057	false	0.0
scheidung	neg 1.0		__DUMMY__ 0.8691775611660154 off 0.08908747170634866 neg 0.04173496712763602	false	0.5
einschlag	neg 1.0		__DUMMY__ 0.8780666537685686 off 0.07653443226619933 neg 0.04539891396523206	false	0.5
m			__DUMMY__ 0.8860663886837771 off 0.06487942339298303 neg 0.04905418792323978	false	0.0
abgestanden	neg 1.0		__DUMMY__ 0.8780159004479084 off 0.06664427674503026 neg 0.05533982280706136	false	0.5
schmierig	off 1.0		__DUMMY__ 0.8726971276384639 off 0.07756066041396338 neg 0.04974221194757271	false	1.0
unpraktisch	neg 1.0		__DUMMY__ 0.8828508166065057 off 0.06825199266017844 neg 0.0488971907333158	false	0.5
wixxer	off 1.0		__DUMMY__ 0.8645906020206017 off 0.0858775162986548 neg 0.049531881680743566	false	1.0
bezeichnet			__DUMMY__ 0.8831022398010314 off 0.06758442001026088 neg 0.04931334018870778	false	0.0
jammerlappen	off 1.0		__DUMMY__ 0.8778246248464112 off 0.07242769365934461 neg 0.04974768149424406	false	1.0
farce	neg 1.0		__DUMMY__ 0.8810150950249639 off 0.06754453817336437 neg 0.051440366801671834	false	0.5
zwecklos	neg 1.0		__DUMMY__ 0.8836991455877222 off 0.06514256528746037 neg 0.0511582891248174	false	0.5
turbulent	neg 1.0		__DUMMY__ 0.877447134967486 off 0.07447387514096865 neg 0.048078989891545354	false	0.5
invasion	neg 1.0		__DUMMY__ 0.8808377561788492 off 0.06983994509101389 neg 0.04932229873013691	false	0.5
schuld	neg 1.0		__DUMMY__ 0.881480214255943 off 0.06853294835576984 neg 0.04998683738828707	false	0.5
risiko	neg 1.0		__DUMMY__ 0.8810842196985432 off 0.06944156066117281 neg 0.04947421964028405	false	0.5
finster	neg 1.0		__DUMMY__ 0.8813309331574336 off 0.06626658197808245 neg 0.05240248486448395	false	0.5
geisteskrank	off 1.0		__DUMMY__ 0.8747935886061851 off 0.07506504911480788 neg 0.050141362279007076	false	1.0
zusammenbrechen	neg 1.0		__DUMMY__ 0.8838042798086745 off 0.06528625218392528 neg 0.050909468007400274	false	0.5
ausbeute	neg 1.0		__DUMMY__ 0.8862144463782652 off 0.06567406805292535 neg 0.048111485568809474	false	0.5
hinterhalt	neg 1.0		__DUMMY__ 0.8849502679514553 off 0.06547110665926724 neg 0.04957862538927758	false	0.5
kritik	neg 1.0		__DUMMY__ 0.8807904061870963 off 0.0672886647844153 neg 0.05192092902848846	false	0.5
einschrumpfen	neg 1.0		__DUMMY__ 0.8767239501922061 off 0.07264303101222092 neg 0.050633018795572936	false	0.5
riskant	neg 1.0		__DUMMY__ 0.8864728389105739 off 0.06274959956206326 neg 0.05077756152736289	false	0.5
frustrieren	neg 1.0		__DUMMY__ 0.8850353908741151 off 0.06366280055490262 neg 0.05130180857098217	false	0.5
groll	neg 1.0		__DUMMY__ 0.8847525187056635 off 0.06533797629657553 neg 0.049909504997760895	false	0.5
gibt			__DUMMY__ 0.8850800315910482 off 0.06488668857145498 neg 0.050033279837496766	false	0.0
qualvoll	neg 1.0		__DUMMY__ 0.8804717966044685 off 0.06917094685796814 neg 0.05035725653756345	false	0.5
wackeln	neg 1.0		__DUMMY__ 0.8836649776320782 off 0.06682418386194335 neg 0.04951083850597839	false	0.5
klagen	neg 1.0		__DUMMY__ 0.8872760923451721 off 0.061835414011015714 neg 0.050888493643812156	false	0.5
bankrott	neg 1.0		__DUMMY__ 0.8812149566424872 off 0.07166715120501146 neg 0.0471178921525013	false	0.5
trauern	neg 1.0		__DUMMY__ 0.8898124388435239 off 0.06267390776391285 neg 0.04751365339256323	false	0.5
ablehnung	neg 1.0		__DUMMY__ 0.8825077137595371 off 0.06670772255288174 neg 0.050784563687581226	false	0.5
stur	neg 1.0		__DUMMY__ 0.880697771566622 off 0.0684940094178771 neg 0.05080821901550086	false	0.5
aufruhr	neg 1.0		__DUMMY__ 0.8808092360553351 off 0.06738010095588243 neg 0.051810662988782424	false	0.5
melancholie	neg 1.0		__DUMMY__ 0.885369431736557 off 0.06193502257056427 neg 0.05269554569287873	false	0.5
ist			__DUMMY__ 0.8812530534448955 off 0.06892000701674769 neg 0.04982693953835677	false	0.0
torheit	neg 1.0		__DUMMY__ 0.8809116334573007 off 0.0686438812326401 neg 0.05044448531005926	false	0.5
dreckskind	off 1.0		__DUMMY__ 0.8692812290838284 off 0.08214350052884194 neg 0.048575270387329665	false	1.0
umtauschen	neg 1.0		__DUMMY__ 0.8839888337933512 off 0.0660670085701024 neg 0.04994415763654625	false	0.5
zum			__DUMMY__ 0.8960104819932014 off 0.05840471642879093 neg 0.04558480157800757	false	0.0
zersetzen	neg 1.0		__DUMMY__ 0.8855511576574249 off 0.0626472596122513 neg 0.0518015827303238	false	0.5
zur			__DUMMY__ 0.8929002023675908 off 0.05872569380039908 neg 0.04837410383201019	false	0.0
frust	neg 1.0		__DUMMY__ 0.8839328271033494 off 0.06508008488767186 neg 0.05098708800897876	false	0.5
unerbittlichkeit	neg 1.0		__DUMMY__ 0.886803359412739 off 0.06345882324103107 neg 0.04973781734622997	false	0.5
zwei			__DUMMY__ 0.8932206068368097 off 0.057930358672446634 neg 0.04884903449074365	false	0.0
unkorrekt	neg 1.0		__DUMMY__ 0.8748875224217344 off 0.07490203107503944 neg 0.05021044650322617	false	0.5
hexe	off 1.0		__DUMMY__ 0.8764573772529544 off 0.071746071692452 neg 0.051796551054593645	false	1.0
lasch	neg 1.0		__DUMMY__ 0.8786168669939538 off 0.07161822296567064 neg 0.049764910040375504	false	0.5
rivale	neg 1.0		__DUMMY__ 0.8757566835054673 off 0.07624128648635742 neg 0.048002030008175364	false	0.5
mutlos	off 1.0	off 1.0	off 0.5190618632182673 __DUMMY__ 0.4418928014467548 neg 0.03904533533497799	false	1.0
wirr	off 1.0		__DUMMY__ 0.8730585353624646 off 0.07690387887842395 neg 0.05003758575911154	false	1.0
jahr			__DUMMY__ 0.8919599283320299 off 0.062249278342323015 neg 0.045790793325647124	false	0.0
wird			__DUMMY__ 0.88593094557186 off 0.06421464500596846 neg 0.049854409422171564	false	0.0
strafbar	neg 1.0		__DUMMY__ 0.8859673641181244 off 0.06331952333504308 neg 0.05071311254683245	false	0.5
erosion	neg 1.0		__DUMMY__ 0.8836090428625855 off 0.06724515638513864 neg 0.049145800752276	false	0.5
eingehen	neg 1.0		__DUMMY__ 0.8845538660346962 off 0.06349611013245139 neg 0.05195002383285243	false	0.5
faul	off 1.0		__DUMMY__ 0.8802412868240701 off 0.07125402946226593 neg 0.04850468371366395	false	1.0
provisorium	neg 1.0		__DUMMY__ 0.896637786194067 off 0.05494096586176218 neg 0.04842124794417096	false	0.5
schmerzen	neg 1.0		__DUMMY__ 0.882314297245047 off 0.06542497882609857 neg 0.05226072392885439	false	0.5
schrumpfen	neg 1.0		__DUMMY__ 0.8888668278168739 off 0.05887678040676646 neg 0.052256391776359795	false	0.5
geistlos	off 1.0		__DUMMY__ 0.8773790272659057 off 0.07052074243045744 neg 0.052100230303636925	false	1.0
fehlkauf	neg 1.0		__DUMMY__ 0.8803043400606212 off 0.06988994358897267 neg 0.04980571635040609	false	0.5
frustrierend	neg 1.0		__DUMMY__ 0.8785383792904248 off 0.07111747965174026 neg 0.05034414105783503	false	0.5
unzufrieden	neg 1.0		__DUMMY__ 0.884642693590425 off 0.06496092439146574 neg 0.05039638201810925	false	0.5
verzweifeln	neg 1.0		__DUMMY__ 0.8837865021149136 off 0.06617658409632145 neg 0.05003691378876495	false	0.5
verzweifelt	neg 1.0		__DUMMY__ 0.8808469005716895 off 0.06856077218827784 neg 0.05059232724003275	false	0.5
misstrauensantrag	neg 1.0		__DUMMY__ 0.8807151452797273 off 0.06912413288613922 neg 0.0501607218341335	false	0.5
abfallen	neg 1.0		__DUMMY__ 0.8828356634791837 off 0.06699802645234788 neg 0.050166310068468334	false	0.5
fucker	off 1.0		__DUMMY__ 0.8763877027192015 off 0.0759324314798211 neg 0.04767986580097741	false	1.0
ungezogen	neg 1.0		__DUMMY__ 0.8685492315257944 off 0.08304853138013499 neg 0.04840223709407058	false	0.5
irrsinnig	neg 1.0	neg 1.0	neg 0.5085941839207723 __DUMMY__ 0.4396485758246281 off 0.051757240254599636	false	1.0
unfassbar	neg 1.0		__DUMMY__ 0.8774574335725477 off 0.07330242403231194 neg 0.04924014239514034	false	0.5
hart	neg 1.0		__DUMMY__ 0.8756406648134687 off 0.07347333545849019 neg 0.05088599972804105	false	0.5
widerlich	off 1.0		__DUMMY__ 0.8759725361279437 off 0.07388569417451896 neg 0.05014176969753732	false	1.0
fatal	neg 1.0	neg 1.0	neg 0.5100868088787167 __DUMMY__ 0.4367801387265671 off 0.05313305239471623	false	1.0
bruch	neg 1.0		__DUMMY__ 0.8888939603959044 off 0.06035850210477415 neg 0.05074753749932151	false	0.5
aushungern	neg 1.0		__DUMMY__ 0.8819883294881516 off 0.06618762096545369 neg 0.051824049546394656	false	0.5
anspannung	neg 1.0		__DUMMY__ 0.8930342472941631 off 0.05821227110728589 neg 0.04875348159855102	false	0.5
von			__DUMMY__ 0.8900425607878661 off 0.061576839029270455 neg 0.04838060018286343	false	0.0
kraftlos	neg 1.0		__DUMMY__ 0.8848619953084517 off 0.06421824948082577 neg 0.05091975521072255	false	0.5
vom			__DUMMY__ 0.8986082342061184 off 0.05533436369022477 neg 0.04605740210365683	false	0.0
grenzdebil	off 1.0		__DUMMY__ 0.8763394121681142 off 0.07359427878041282 neg 0.05006630905147307	false	1.0
vor			__DUMMY__ 0.8888436011368842 off 0.06057530271677363 neg 0.05058109614634213	false	0.0
unterwerfen	neg 1.0		__DUMMY__ 0.886268879077597 off 0.06394485807643327 neg 0.04978626284596966	false	0.5
versenkung	neg 1.0		__DUMMY__ 0.8869179330502682 off 0.06348061167544528 neg 0.04960145527428639	false	0.5
entziehen	neg 1.0		__DUMMY__ 0.8879302912192428 off 0.06147948657237509 neg 0.05059022220838207	false	0.5
finanzkrise	neg 1.0		__DUMMY__ 0.8773173533489665 off 0.0669561760588414 neg 0.05572647059219206	false	0.5
schimpfend	neg 1.0		__DUMMY__ 0.8845306969395801 off 0.06753145385314181 neg 0.0479378492072782	false	0.5
profan	neg 1.0		__DUMMY__ 0.880225738866721 off 0.06956008057355145 neg 0.05021418055972754	false	0.5
korruption	neg 1.0		__DUMMY__ 0.8819264325777646 off 0.06547700397722546 neg 0.052596563445009945	false	0.5
â			__DUMMY__ 0.8858737503667921 off 0.06423115314444361 neg 0.049895096488764314	false	0.0
schmutzig	neg 1.0		__DUMMY__ 0.8764899518353316 off 0.07374135951339121 neg 0.04976868865127719	false	0.5
sexy	neg 1.0		__DUMMY__ 0.8804140715408945 off 0.07109371438307409 neg 0.048492214076031444	false	0.5
abraten	neg 1.0		__DUMMY__ 0.8821190124304454 off 0.06902372339959581 neg 0.04885726416995884	false	0.5
schwarz	neg 1.0		__DUMMY__ 0.8812530508682902 off 0.06951200938980248 neg 0.04923493974190739	false	0.5
fotze	off 1.0	off 1.0	off 0.5194372864344698 __DUMMY__ 0.44419943534454875 neg 0.03636327822098142	false	1.0
verwirren	neg 1.0		__DUMMY__ 0.8803728721645282 off 0.06987295817035784 neg 0.04975416966511396	false	0.5
zahnlos	off 1.0		__DUMMY__ 0.8831903781866671 off 0.06594317521020635 neg 0.05086644660312663	false	1.0
verheeren	neg 1.0		__DUMMY__ 0.8681956560927235 off 0.08460431274737544 neg 0.047200031159901054	false	0.5
hippie	neg 1.0		__DUMMY__ 0.8803031182554681 off 0.07084124929162981 neg 0.04885563245290209	false	0.5
rammen	neg 1.0		__DUMMY__ 0.8857441559134193 off 0.06736042597351587 neg 0.046895418113064774	false	0.5
unlauter	neg 1.0		__DUMMY__ 0.8810198597635296 off 0.06944516981984374 neg 0.04953497041662678	false	0.5
unheilvoll	neg 1.0		__DUMMY__ 0.8808806561986965 off 0.0680262395567784 neg 0.051093104244525116	false	0.5
niedrig	neg 1.0		__DUMMY__ 0.8853546132637057 off 0.06406822282870515 neg 0.0505771639075891	false	0.5
explosion	neg 1.0		__DUMMY__ 0.8810540563621087 off 0.07064083642284293 neg 0.048305107215048416	false	0.5
weichei	off 1.0	off 1.0	off 0.5298487791503944 __DUMMY__ 0.4313700566733075 neg 0.038781164176298	false	1.0
minusmensch	off 1.0		__DUMMY__ 0.8682608655461088 off 0.08461877922483729 neg 0.04712035522905391	false	1.0
farblos	neg 1.0		__DUMMY__ 0.8839042448233797 off 0.06798323656946285 neg 0.04811251860715747	false	0.5
unwissend	neg 1.0	neg 1.0	neg 0.5086284830053879 __DUMMY__ 0.43662571806628325 off 0.05474579892832893	false	1.0
traurig	neg 1.0		__DUMMY__ 0.8750396438481614 off 0.0758762491111287 neg 0.049084107040709896	false	0.5
senkung	neg 1.0		__DUMMY__ 0.8764847371411575 off 0.07011803989324072 neg 0.0533972229656017	false	0.5
ungleich	neg 1.0	neg 1.0	neg 0.5087067266115007 __DUMMY__ 0.4427434643060378 off 0.048549809082461565	false	1.0
heikel	neg 1.0		__DUMMY__ 0.8862014861308555 off 0.06287630446082446 neg 0.05092220940832003	false	0.5
drosselung	neg 1.0		__DUMMY__ 0.875878079874532 off 0.07373853152139462 neg 0.05038338860407339	false	0.5
falsch	neg 1.0		__DUMMY__ 0.8795423631564564 off 0.07126503544919027 neg 0.04919260139435332	false	0.5
unzufriedenheit	neg 1.0		__DUMMY__ 0.8854239689585071 off 0.06279857823425432 neg 0.05177745280723867	false	0.5
kurz	neg 1.0		__DUMMY__ 0.8863315179140678 off 0.06478360907491017 neg 0.0488848730110219	false	0.5
unsinnig	neg 1.0		__DUMMY__ 0.8816947584545798 off 0.06643277204203528 neg 0.05187246950338489	false	0.5
penner	off 1.0	off 1.0	off 0.5313628935752942 __DUMMY__ 0.4307835191600684 neg 0.03785358726463737	false	1.0
seicht	neg 1.0		__DUMMY__ 0.8654696434953069 off 0.08249924628534487 neg 0.05203111021934826	false	0.5
dummheit	off 1.0	off 1.0	off 0.5233746491542772 __DUMMY__ 0.4375568237019741 neg 0.03906852714374877	false	1.0
unerfreulich	neg 1.0		__DUMMY__ 0.8869519902565602 off 0.06251573476661097 neg 0.05053227497682882	false	0.5
motherfucker	off 1.0	off 1.0	off 0.5272367403296325 __DUMMY__ 0.43576117525022645 neg 0.03700208442014097	false	1.0
pikiert	neg 1.0		__DUMMY__ 0.8763758503426754 off 0.07279153629219447 neg 0.05083261336513023	false	0.5
wrack	neg 1.0		__DUMMY__ 0.8909121469955297 off 0.06474718142065417 neg 0.044340671583816216	false	0.5
gangster	neg 1.0		__DUMMY__ 0.8799483706616024 off 0.07101161364809379 neg 0.04904001569030381	false	0.5
krank	neg 1.0		__DUMMY__ 0.8773992173348004 off 0.07343754412638512 neg 0.04916323853881452	false	0.5
reich	neg 1.0		__DUMMY__ 0.877379607640639 off 0.07142524881656824 neg 0.051195143542792795	false	0.5
gnadenlos	neg 1.0		__DUMMY__ 0.8826695347786606 off 0.06829610863469969 neg 0.0490343565866396	false	0.5
niedergeschlagen	neg 1.0		__DUMMY__ 0.8862490320333881 off 0.06449291630357445 neg 0.04925805166303741	false	0.5
terrorisieren	off 1.0	off 1.0	off 0.5181297307876614 __DUMMY__ 0.4432353525325746 neg 0.038634916679763924	false	1.0
sinnlosigkeit	neg 1.0		__DUMMY__ 0.8840194289887214 off 0.06541127288250528 neg 0.050569298128773255	false	0.5
behindern	neg 1.0		__DUMMY__ 0.8828302243733164 off 0.06683274710583492 neg 0.05033702852084868	false	0.5
undemokratisch	neg 1.0		__DUMMY__ 0.8794858974193697 off 0.06990821786549478 neg 0.05060588471513551	false	0.5
wirtschaftskrise	neg 1.0		__DUMMY__ 0.881591080811297 off 0.06510862817958839 neg 0.05330029100911462	false	0.5
neid	neg 1.0		__DUMMY__ 0.8790277042493652 off 0.07037011966859327 neg 0.05060217608204165	false	0.5
rutschen	neg 1.0		__DUMMY__ 0.8929278722332676 off 0.05762766444517496 neg 0.04944446332155737	false	0.5
rezession	neg 1.0		__DUMMY__ 0.8695855498862552 off 0.07636127167156433 neg 0.05405317844218036	false	0.5
fehlgeburt	neg 1.0		__DUMMY__ 0.8855088897773218 off 0.06714004814204225 neg 0.047351062080635935	false	0.5
charakterschwach	off 1.0		__DUMMY__ 0.8757579760618316 off 0.07345138693421627 neg 0.050790637003952	false	1.0
isolation	neg 1.0		__DUMMY__ 0.881458229535567 off 0.07115510561177044 neg 0.047386664852662665	false	0.5
ablenkung	neg 1.0		__DUMMY__ 0.8839146885948852 off 0.06678664166480978 neg 0.04929866974030493	false	0.5
pech	neg 1.0		__DUMMY__ 0.8787349019892996 off 0.07114289192692394 neg 0.05012220608377643	false	0.5
vermeidung	neg 1.0		__DUMMY__ 0.8767003209430954 off 0.07350882426112909 neg 0.04979085479577563	false	0.5
dominieren	neg 1.0		__DUMMY__ 0.8851620500650408 off 0.0656598913345445 neg 0.04917805860041475	false	0.5
schwindlig	neg 1.0		__DUMMY__ 0.8807433825694867 off 0.06872167374574535 neg 0.05053494368476795	false	0.5
lutscher	neg 1.0		__DUMMY__ 0.8656696879084407 off 0.08412861805992702 neg 0.050201694031632334	false	0.5
pflicht	neg 1.0		__DUMMY__ 0.888024478589189 off 0.06162073431574155 neg 0.050354787095069464	false	0.5
faschist	off 1.0		__DUMMY__ 0.8785192390405615 off 0.07134908193544669 neg 0.05013167902399178	false	1.0
verschleudern	neg 1.0		__DUMMY__ 0.8835668317799366 off 0.06378042077972089 neg 0.0526527474403425	false	0.5
wenn			__DUMMY__ 0.8779242691756298 off 0.07211081452266703 neg 0.049964916301703244	false	0.0
ehebruch	neg 1.0		__DUMMY__ 0.8835076579859704 off 0.06448787322680041 neg 0.052004468787229224	false	0.5
spott	off 1.0		__DUMMY__ 0.8859302605068231 off 0.06438638679523193 neg 0.049683352697944945	false	1.0
trostlosigkeit	neg 1.0		__DUMMY__ 0.8854707680854517 off 0.0614839736468379 neg 0.053045258267710366	false	0.5
lutschen	neg 1.0		__DUMMY__ 0.8810288747204982 off 0.07153461911721408 neg 0.04743650616228769	false	0.5
undiszipliniert	neg 1.0		__DUMMY__ 0.8751665543329504 off 0.07507917553231706 neg 0.04975427013473247	false	0.5
kopfschmerz	neg 1.0		__DUMMY__ 0.8829000377504723 off 0.06342159200738494 neg 0.05367837024214272	false	0.5
unvorhergesehen	neg 1.0		__DUMMY__ 0.8899943503316862 off 0.06121191883872553 neg 0.04879373082958836	false	0.5
desinteressiert	neg 1.0		__DUMMY__ 0.8754942843976949 off 0.07454848088902816 neg 0.049957234713276975	false	0.5
armselig	off 1.0		__DUMMY__ 0.8736520771992273 off 0.07695608596583935 neg 0.049391836834933305	false	1.0
desaster	neg 1.0		__DUMMY__ 0.8865284212215871 off 0.06105681933786357 neg 0.05241475944054916	false	0.5
tod	neg 1.0		__DUMMY__ 0.8869795738253161 off 0.06312989613231615 neg 0.04989053004236781	false	0.5
herzlos	neg 1.0		__DUMMY__ 0.8740702913878436 off 0.07629634717150872 neg 0.0496333614406477	false	0.5
unwissenheit	neg 1.0		__DUMMY__ 0.8840672837868333 off 0.06506992616084131 neg 0.05086279005232542	false	0.5
widersinnig	neg 1.0		__DUMMY__ 0.8809870226244676 off 0.0666429748640414 neg 0.052370002511491	false	0.5
bedenklich	neg 1.0		__DUMMY__ 0.8842525859381883 off 0.06421996153060851 neg 0.051527452531203256	false	0.5
beanstanden	neg 1.0		__DUMMY__ 0.8886692162024442 off 0.06224573360913328 neg 0.04908505018842249	false	0.5
panisch	neg 1.0		__DUMMY__ 0.8828278156881831 off 0.06881639008702575 neg 0.048355794224791096	false	0.5
debil	off 1.0		__DUMMY__ 0.8948831516163506 off 0.055530727840512724 neg 0.04958612054313664	false	1.0
abstrich	neg 1.0		__DUMMY__ 0.8885317617647763 off 0.06485748370148112 neg 0.046610754533742645	false	0.5
primitiv	neg 1.0		__DUMMY__ 0.8752064748097247 off 0.0747767217876395 neg 0.05001680340263583	false	0.5
abschaum	off 1.0	off 1.0	off 0.5255172838446915 __DUMMY__ 0.4374888470252983 neg 0.036993869130010036	false	1.0
provozieren	neg 1.0		__DUMMY__ 0.880990222313387 off 0.06828577325724525 neg 0.05072400442936772	false	0.5
tot	neg 1.0		__DUMMY__ 0.8866343338347139 off 0.06463031102919671 neg 0.04873535513608941	false	0.5
instabil	neg 1.0		__DUMMY__ 0.8732262477940659 off 0.07719727783907086 neg 0.04957647436686319	false	0.5
schwuchtel	off 1.0	off 1.0	off 0.5372229839717704 __DUMMY__ 0.42620930508260446 neg 0.036567710945625095	false	1.0
zerren	neg 1.0		__DUMMY__ 0.8859730641300961 off 0.06455905733919434 neg 0.04946787853070952	false	0.5
kinderficker	off 1.0		__DUMMY__ 0.8717686537899667 off 0.07934946143378122 neg 0.04888188477625209	false	1.0
gefahr	neg 1.0		__DUMMY__ 0.8887702965872666 off 0.06210123102706243 neg 0.04912847238567104	false	0.5
rabiat	neg 1.0		__DUMMY__ 0.8820618530890328 off 0.06642967028215192 neg 0.051508476628815254	false	0.5
verlangsamung	neg 1.0		__DUMMY__ 0.8702061964620595 off 0.08116300239138732 neg 0.0486308011465531	false	0.5
ausgestorben	neg 1.0		__DUMMY__ 0.8840225876902446 off 0.06598830090285132 neg 0.049989111406904145	false	0.5
anklagen	neg 1.0		__DUMMY__ 0.8835515674627643 off 0.06574433347362174 neg 0.05070409906361393	false	0.5
trott	neg 1.0		__DUMMY__ 0.8834871699460962 off 0.06709389349586756 neg 0.049418936558036225	false	0.5
verminderung	neg 1.0		__DUMMY__ 0.8762241778088441 off 0.07348755732969993 neg 0.05028826486145605	false	0.5
nach			__DUMMY__ 0.8950153189882678 off 0.056438707473073654 neg 0.048545973538658575	false	0.0
rost	neg 1.0		__DUMMY__ 0.8714417944101005 off 0.082179978611333 neg 0.04637822697856652	false	0.5
destruktiv	neg 1.0		__DUMMY__ 0.8811233939420605 off 0.06715916023305435 neg 0.05171744582488514	false	0.5
unzumutbarkeit	neg 1.0		__DUMMY__ 0.8805209552269789 off 0.07362557368940721 neg 0.04585347108361387	false	0.5
labil	off 1.0	off 1.0	off 0.5249827931869541 __DUMMY__ 0.4374956658938576 neg 0.03752154091918828	false	1.0
ziemlich	neg 1.0		__DUMMY__ 0.8786853294275823 off 0.07295567525335535 neg 0.04835899531906233	false	0.5
lachnummer	off 1.0		__DUMMY__ 0.8821602254959071 off 0.06791571626639362 neg 0.04992405823769929	false	1.0
oder			__DUMMY__ 0.8840098849469655 off 0.0675049573141091 neg 0.04848515773892533	false	0.0
verfall	neg 1.0		__DUMMY__ 0.8883701271405767 off 0.05895084456983614 neg 0.0526790282895871	false	0.5
ausgrenzung	neg 1.0		__DUMMY__ 0.8798754859290248 off 0.06979894142657672 neg 0.05032557264439848	false	0.5
unordnung	neg 1.0		__DUMMY__ 0.8765107459063664 off 0.07760196188492495 neg 0.04588729220870873	false	0.5
fehlverhalten	neg 1.0		__DUMMY__ 0.8858202020697427 off 0.06341062663973478 neg 0.050769171290522566	false	0.5
eine			__DUMMY__ 0.888118304050455 off 0.0611111787198639 neg 0.05077051722968111	false	0.0
nille	neg 1.0		__DUMMY__ 0.8834610670304193 off 0.06762943271242133 neg 0.04890950025715941	false	0.5
qual	neg 1.0		__DUMMY__ 0.8835641486711153 off 0.06678656353573573 neg 0.049649287793148936	false	0.5
verschwenden	neg 1.0		__DUMMY__ 0.8850652788961747 off 0.0629228695452216 neg 0.05201185155860379	false	0.5
riesig	neg 1.0		__DUMMY__ 0.8892092137617386 off 0.06311499758132409 neg 0.04767578865693747	false	0.5
verurteilen	neg 1.0		__DUMMY__ 0.8831436152058187 off 0.0655928125921736 neg 0.051263572202007696	false	0.5
klischee	neg 1.0	neg 1.0	neg 0.5086732941422895 __DUMMY__ 0.43717243796925953 off 0.05415426788845105	false	1.0
diktatorisch	neg 1.0		__DUMMY__ 0.8785358110129347 off 0.07001490948871485 neg 0.05144927949835051	false	0.5
vorhersehbar	neg 1.0		__DUMMY__ 0.8778263751692951 off 0.07051702189720915 neg 0.05165660293349569	false	0.5
sowie			__DUMMY__ 0.8707695060207736 off 0.0785803739205718 neg 0.05065012005865464	false	0.0
stornieren	neg 1.0		__DUMMY__ 0.88744443554378 off 0.0699831668948867 neg 0.04257239756133323	false	0.5
besteuerung	neg 1.0	neg 1.0	neg 0.5109380374409621 __DUMMY__ 0.4374014255504547 off 0.05166053700858323	false	1.0
ungeschminkt	neg 1.0		__DUMMY__ 0.8769984270195456 off 0.07443628675310188 neg 0.04856528622735258	false	0.5
kritisch	neg 1.0		__DUMMY__ 0.8845715502167238 off 0.06515590138351035 neg 0.05027254839976574	false	0.5
schlamperei	off 1.0		__DUMMY__ 0.8861737467450714 off 0.06381905739581498 neg 0.050007195859113576	false	1.0
sucht	neg 1.0	neg 1.0	neg 0.5045141553619875 __DUMMY__ 0.4437752928264839 off 0.05171055181152856	false	1.0
egoistisch	off 1.0	off 1.0	off 0.5297550752702901 __DUMMY__ 0.43338808838788867 neg 0.036856836341821235	false	1.0
ausbeuter	off 1.0		__DUMMY__ 0.8839467142797475 off 0.06318560340096205 neg 0.052867682319290475	false	1.0
arschgeburt	off 1.0		__DUMMY__ 0.8635886761516346 off 0.08867472815074118 neg 0.047736595697624264	false	1.0
schubs	neg 1.0		__DUMMY__ 0.8849125907867182 off 0.06364551063295432 neg 0.051441898580327536	false	0.5
unsolide	neg 1.0		__DUMMY__ 0.8796581338978225 off 0.07033169526009128 neg 0.05001017084208611	false	0.5
beschwerde	neg 1.0		__DUMMY__ 0.8852428304137855 off 0.06540661360932548 neg 0.04935055597688905	false	0.5
stocken	neg 1.0		__DUMMY__ 0.886232231990938 off 0.06431072616840772 neg 0.04945704184065427	false	0.5
isolieren	neg 1.0		__DUMMY__ 0.8852946185840519 off 0.06540177514854181 neg 0.049303606267406264	false	0.5
unheilbar	neg 1.0		__DUMMY__ 0.8812217360142671 off 0.06743187506847458 neg 0.05134638891725826	false	0.5
pisser	off 1.0	off 1.0	off 0.5278096451109633 __DUMMY__ 0.436818236154114 neg 0.0353721187349228	false	1.0
löschen	neg 1.0		__DUMMY__ 0.8830154066811509 off 0.0678428845006819 neg 0.04914170881816724	false	0.5
durchfallen	neg 1.0		__DUMMY__ 0.8845569310799181 off 0.06479620344507794 neg 0.050646865475003966	false	0.5
wichser	off 1.0	off 1.0	off 0.5338474566964168 __DUMMY__ 0.4284310565312139 neg 0.03772148677236936	false	1.0
terror	neg 1.0		__DUMMY__ 0.8813568088852395 off 0.07044260758479999 neg 0.04820058352996055	false	0.5
krass	neg 1.0		__DUMMY__ 0.8732553367670329 off 0.07773827742286502 neg 0.04900638581010208	false	0.5
revolte	neg 1.0		__DUMMY__ 0.8749055071083247 off 0.07137064963405335 neg 0.05372384325762182	false	0.5
besorgt	neg 1.0		__DUMMY__ 0.8870766077677317 off 0.06511073859451227 neg 0.04781265363775603	false	0.5
nachlassen	neg 1.0		__DUMMY__ 0.8869796123386148 off 0.06396007722861623 neg 0.049060310432769066	false	0.5
alt	neg 1.0		__DUMMY__ 0.8819771134809586 off 0.06324913610800302 neg 0.0547737504110384	false	0.5
hundesohn	off 1.0	off 1.0	off 0.5333451931729215 __DUMMY__ 0.43132842347905476 neg 0.03532638334802367	false	1.0
als			__DUMMY__ 0.8837321061070993 off 0.06518876267216234 neg 0.051079131220738434	false	0.0
abschreckung	neg 1.0		__DUMMY__ 0.8861189044100009 off 0.06260279379651265 neg 0.05127830179348647	false	0.5
unqualifiziert	neg 1.0		__DUMMY__ 0.8781747840391217 off 0.07195057827571713 neg 0.04987463768516109	false	0.5
abgewichst	off 1.0		__DUMMY__ 0.8847071517658892 off 0.06682143130045348 neg 0.048471416933657335	false	1.0
schwer	neg 1.0		__DUMMY__ 0.8824505607021226 off 0.06664239947041613 neg 0.050907039827461295	false	0.5
bedeutungslosigkeit	neg 1.0		__DUMMY__ 0.8856998158089002 off 0.0631009782049211 neg 0.051199205986178636	false	0.5
kapitulation	neg 1.0		__DUMMY__ 0.8821956785498811 off 0.06486966849390659 neg 0.05293465295621234	false	0.5
unscharf	neg 1.0		__DUMMY__ 0.8772046051452663 off 0.06888026384707904 neg 0.053915131007654694	false	0.5
schwinden	neg 1.0		__DUMMY__ 0.8854931785379022 off 0.06317267360553941 neg 0.05133414785655834	false	0.5
versklavung	neg 1.0	neg 1.0	neg 0.5090648847488547 __DUMMY__ 0.4383837193904173 off 0.052551395860727976	false	1.0
schlecht	neg 1.0		__DUMMY__ 0.8788571095928599 off 0.07314834765013987 neg 0.0479945427570003	false	0.5
verhasst	neg 1.0		__DUMMY__ 0.8801085897009093 off 0.06900273189244525 neg 0.05088867840664542	false	0.5
beschweren	neg 1.0		__DUMMY__ 0.8820942712682024 off 0.06920188529128754 neg 0.048703843440510014	false	0.5
scheiden	neg 1.0		__DUMMY__ 0.8834508075549533 off 0.06687961083484709 neg 0.04966958161019969	false	0.5
frustriert	neg 1.0		__DUMMY__ 0.8841571007140272 off 0.06587469077642537 neg 0.049968208509547474	false	0.5
schimmelig	neg 1.0		__DUMMY__ 0.8846111867087402 off 0.06364883733111733 neg 0.05173997596014258	false	0.5
fisch	neg 1.0		__DUMMY__ 0.8855937661935462 off 0.06031784470760046 neg 0.05408838909885329	false	0.5
schmuggel	neg 1.0		__DUMMY__ 0.8899615595029542 off 0.061220534001219976 neg 0.04881790649582592	false	0.5
auffallen	neg 1.0		__DUMMY__ 0.8808410177338261 off 0.06962233883901808 neg 0.04953664342715588	false	0.5
konkurrenz	neg 1.0		__DUMMY__ 0.888256671493076 off 0.06265940276921068 neg 0.04908392573771334	false	0.5
teufelskreis	neg 1.0	neg 1.0	neg 0.5104179292780622 __DUMMY__ 0.43906951916058606 off 0.050512551561351746	false	1.0
aufschreien	neg 1.0		__DUMMY__ 0.8786932127065188 off 0.07032552081169896 neg 0.05098126648178224	false	0.5
schuldner	neg 1.0		__DUMMY__ 0.8839632180373393 off 0.06292950785947778 neg 0.05310727410318285	false	0.5
missgeburt	off 1.0	off 1.0	off 0.5317963761363166 __DUMMY__ 0.43439261424274284 neg 0.03381100962094056	false	1.0
arbeitslos	neg 1.0		__DUMMY__ 0.884648497810569 off 0.0647949051546725 neg 0.050556597034758476	false	0.5
befallen	neg 1.0		__DUMMY__ 0.8822230188422499 off 0.06646878851271266 neg 0.051308192645037505	false	0.5
miesepetrig	off 1.0	off 1.0	off 0.5245710626814374 __DUMMY__ 0.4372805702723744 neg 0.038148367046188264	false	1.0
alarmieren	neg 1.0		__DUMMY__ 0.8787327703170277 off 0.07242642836326307 neg 0.0488408013197093	false	0.5
ungeduscht	off 1.0		__DUMMY__ 0.8784160667220325 off 0.07124059490725272 neg 0.05034333837071466	false	1.0
knappheit	neg 1.0		__DUMMY__ 0.8828470350628408 off 0.06514857978785352 neg 0.052004385149305665	false	0.5
schlange	neg 1.0		__DUMMY__ 0.8839296819801994 off 0.06740958112956315 neg 0.048660736890237546	false	0.5
harsch	neg 1.0		__DUMMY__ 0.878590029739953 off 0.07743012213280902 neg 0.043979848127237924	false	0.5
lang	neg 1.0		__DUMMY__ 0.8823975835593357 off 0.0686215242810694 neg 0.04898089215959478	false	0.5
ziellos	neg 1.0		__DUMMY__ 0.8875118640601707 off 0.06303083491847515 neg 0.049457301021354275	false	0.5
selbstverliebt	neg 1.0		__DUMMY__ 0.8665920215034251 off 0.08540202701135766 neg 0.048005951485217344	false	0.5
beseitigen	neg 1.0		__DUMMY__ 0.8883155825623779 off 0.06712313251608316 neg 0.044561284921539046	false	0.5
dumm	off 1.0		__DUMMY__ 0.8703982305777924 off 0.08008071606103757 neg 0.049521053361169874	false	1.0
arbeitsloser	neg 1.0		__DUMMY__ 0.8874216196611342 off 0.06490964006573002 neg 0.04766874027313571	false	0.5
blitzen	neg 1.0		__DUMMY__ 0.8788717435470108 off 0.07139557708536012 neg 0.04973267936762915	false	0.5
hilflos	neg 1.0		__DUMMY__ 0.8845906572107838 off 0.06473051994895163 neg 0.05067882284026461	false	0.5
eklig	off 1.0		__DUMMY__ 0.8687599008253185 off 0.08047684956257158 neg 0.05076324961210981	false	1.0
begriff			__DUMMY__ 0.8824850933858451 off 0.06686311261458264 neg 0.0506517939995723	false	0.0
hungersnot	neg 1.0		__DUMMY__ 0.881412728199456 off 0.06510828243966675 neg 0.05347898936087728	false	0.5
ungesetzlich	neg 1.0		__DUMMY__ 0.8788638532222421 off 0.07013393889832271 neg 0.05100220787943515	false	0.5
verschwendung	neg 1.0		__DUMMY__ 0.8857825174431497 off 0.06295308766868646 neg 0.05126439488816382	false	0.5
schmerzvoll	neg 1.0		__DUMMY__ 0.8804295671714655 off 0.06875251373404008 neg 0.05081791909449434	false	0.5
vorzeitig	neg 1.0		__DUMMY__ 0.8802907418510842 off 0.07251826919255208 neg 0.047190988956363686	false	0.5
unvollkommenheit	neg 1.0		__DUMMY__ 0.8845492085844099 off 0.06552127737465814 neg 0.049929514040931926	false	0.5
intervenieren	neg 1.0		__DUMMY__ 0.8837185946686773 off 0.06384336552480402 neg 0.05243803980651871	false	0.5
banause	off 1.0		__DUMMY__ 0.8651532709143879 off 0.08208514616204353 neg 0.05276158292356859	false	1.0
rebell	neg 1.0		__DUMMY__ 0.8894054527779733 off 0.058884445790754726 neg 0.05171010143127201	false	0.5
unlogisch	neg 1.0		__DUMMY__ 0.8746003128580238 off 0.07571642868068569 neg 0.04968325846129048	false	0.5
leiden	neg 1.0		__DUMMY__ 0.8903939163468004 off 0.06124825944804968 neg 0.048357824205149814	false	0.5
abschaffung	neg 1.0		__DUMMY__ 0.8804077768103863 off 0.06853955944068618 neg 0.05105266374892758	false	0.5
sturz	neg 1.0		__DUMMY__ 0.8858399025704272 off 0.06941075666401776 neg 0.044749340765555076	false	0.5
verkleinerung	neg 1.0		__DUMMY__ 0.8765448345149996 off 0.0718220190542476 neg 0.051633146430752765	false	0.5
schmarotzer	off 1.0		__DUMMY__ 0.883085771026025 off 0.06573945632508695 neg 0.05117477264888799	false	1.0
bestrafung	neg 1.0	neg 1.0	neg 0.5075210025709547 __DUMMY__ 0.441014646109944 off 0.05146435131910137	false	1.0
achtlos	neg 1.0		__DUMMY__ 0.8844292637022177 off 0.06574730657635185 neg 0.04982342972143032	false	0.5
ungeheuer	neg 1.0		__DUMMY__ 0.881282837410134 off 0.06752173201459839 neg 0.05119543057526761	false	0.5
unaufrichtig	neg 1.0		__DUMMY__ 0.8794564192832491 off 0.07190049190868038 neg 0.04864308880807047	false	0.5
