unsolidarisch	neg 1.0		__DUMMY__ 0.9247798480811864 off 0.042528675432533136 neg 0.032691476486280555	false	0.5
nachteilig	neg 1.0		__DUMMY__ 0.9327770417320692 off 0.038331271604405914 neg 0.028891686663524773	false	0.5
skeptisch	neg 1.0		__DUMMY__ 0.9312441561671192 off 0.03748195336533278 neg 0.03127389046754809	false	0.5
schrecklich	neg 1.0		__DUMMY__ 0.9208630612638455 off 0.04885854341029369 neg 0.03027839532586072	false	0.5
schlapp	neg 1.0	neg 1.0	neg 0.49830388508684587 __DUMMY__ 0.46029085533411 off 0.04140525957904401	false	1.0
abfall	neg 1.0		__DUMMY__ 0.9345530126289856 off 0.03482761002453105 neg 0.030619377346483293	false	0.5
widerspenstig	neg 1.0		__DUMMY__ 0.9274546530518774 off 0.04054141962964613 neg 0.03200392731847652	false	0.5
abrupt	neg 1.0		__DUMMY__ 0.9312658212326467 off 0.03677192963058427 neg 0.03196224913676914	false	0.5
unwirksam	neg 1.0		__DUMMY__ 0.9238261339255734 off 0.04183845636958228 neg 0.03433540970484424	false	0.5
angreifen	neg 1.0		__DUMMY__ 0.931418948363721 off 0.037101055846618144 neg 0.03147999578966087	false	0.5
inkonsistent	neg 1.0		__DUMMY__ 0.9248470125530239 off 0.04329695510647772 neg 0.031856032340498414	false	0.5
abrutschen	neg 1.0		__DUMMY__ 0.9339418703308392 off 0.03455455931522417 neg 0.03150357035393655	false	0.5
unsicher	neg 1.0		__DUMMY__ 0.9286342492052877 off 0.04123828531116794 neg 0.030127465483544388	false	0.5
bauernkind	off 1.0	off 1.0	off 0.5158482994727144 __DUMMY__ 0.4545755166496358 neg 0.0295761838776498	false	1.0
angreifer	neg 1.0		__DUMMY__ 0.9282860070898153 off 0.044538636977668196 neg 0.027175355932516455	false	0.5
trennen	neg 1.0		__DUMMY__ 0.9327981526631478 off 0.03662028296136406 neg 0.03058156437548815	false	0.5
schmutz	neg 1.0		__DUMMY__ 0.9335112806680825 off 0.04339428791359581 neg 0.023094431418321647	false	0.5
inkonsistenz	neg 1.0		__DUMMY__ 0.9236873974089272 off 0.04552734588388353 neg 0.030785256707189228	false	0.5
erschreckend	neg 1.0		__DUMMY__ 0.9280447874189067 off 0.04085505002459139 neg 0.031100162556501904	false	0.5
ertrinken	neg 1.0		__DUMMY__ 0.9310465364161186 off 0.03656134959591596 neg 0.03239211398796546	false	0.5
pickelface	off 1.0		__DUMMY__ 0.9289714255677612 off 0.04169564467838864 neg 0.02933292975385011	false	1.0
seiner			__DUMMY__ 0.9323020023545975 off 0.03724245164149153 neg 0.030455546003910965	false	0.0
lauch	neg 1.0	neg 1.0	neg 0.4975087080125421 __DUMMY__ 0.4708519934240721 off 0.031639298563385834	false	1.0
unwichtig	neg 1.0		__DUMMY__ 0.9237730359406034 off 0.04546167323788256 neg 0.030765290821513996	false	0.5
steuerhinterziehung	neg 1.0		__DUMMY__ 0.9264305097292711 off 0.04098676507489768 neg 0.03258272519583111	false	0.5
schock	neg 1.0		__DUMMY__ 0.9294780336281037 off 0.03986820346005133 neg 0.03065376291184501	false	0.5
beule	neg 1.0		__DUMMY__ 0.9220695444751678 off 0.046982555186418605 neg 0.03094790033841373	false	0.5
vergelten	neg 1.0		__DUMMY__ 0.9218070436934178 off 0.049903322419802526 neg 0.02828963388677959	false	0.5
verdorbenheit	neg 1.0		__DUMMY__ 0.9300023475229472 off 0.041802833478045955 neg 0.028194818999006863	false	0.5
trauma	neg 1.0		__DUMMY__ 0.9266499581669059 off 0.04250370293147886 neg 0.03084633890161525	false	0.5
sinnlos	neg 1.0		__DUMMY__ 0.9266110852717356 off 0.0430285324859962 neg 0.03036038224226824	false	0.5
fettsack	off 1.0	off 1.0	off 0.5170179208036974 __DUMMY__ 0.4550877177198344 neg 0.027894361476468257	false	1.0
feige	off 1.0	off 1.0	off 0.5125255250221601 __DUMMY__ 0.45885856989049156 neg 0.028615905087348296	false	1.0
abdanken	neg 1.0		__DUMMY__ 0.9284680796216337 off 0.041279239825951365 neg 0.030252680552414982	false	0.5
wichtigtuer	off 1.0	off 1.0	off 0.5099237436396467 __DUMMY__ 0.4620120189904271 neg 0.02806423736992621	false	1.0
misslingen	neg 1.0		__DUMMY__ 0.9317235998563194 off 0.04217197224223442 neg 0.026104427901446185	false	0.5
untreu	off 1.0		__DUMMY__ 0.9228172736381124 off 0.0465316284009476 neg 0.030651097960940045	false	1.0
missmutig	neg 1.0		__DUMMY__ 0.923701860220076 off 0.044289814779070714 neg 0.03200832500085321	false	0.5
hurenbock	off 1.0		__DUMMY__ 0.9278321583170379 off 0.04124834132044423 neg 0.030919500362517775	false	1.0
betrunken	neg 1.0		__DUMMY__ 0.9215482714816762 off 0.04785578754448529 neg 0.030595940973838543	false	0.5
korrupt	off 1.0		__DUMMY__ 0.9257405056452432 off 0.04074580949241489 neg 0.033513684862341846	false	1.0
unmut	neg 1.0		__DUMMY__ 0.9326376354561146 off 0.036076068743986944 neg 0.0312862957998984	false	0.5
hackfresse	off 1.0		__DUMMY__ 0.9172299419863527 off 0.05267196006748255 neg 0.030098097946164786	false	1.0
aufblasen	neg 1.0		__DUMMY__ 0.9277057371745223 off 0.04140294648266089 neg 0.03089131634281683	false	0.5
gewaltsam	neg 1.0		__DUMMY__ 0.9297456151659892 off 0.04102163517834514 neg 0.02923274965566557	false	0.5
unbeliebtheit	neg 1.0		__DUMMY__ 0.9241332641735246 off 0.04664971771925185 neg 0.029217018107223512	false	0.5
sturheit	neg 1.0		__DUMMY__ 0.9288778796342506 off 0.04084089166158582 neg 0.03028122870416352	false	0.5
kuh	neg 1.0		__DUMMY__ 0.921299201603339 off 0.04361393603876668 neg 0.03508686235789429	false	0.5
erschrecken	neg 1.0		__DUMMY__ 0.9251652507143446 off 0.04467055007241351 neg 0.030164199213241833	false	0.5
opfer	neg 1.0		__DUMMY__ 0.9311347025838089 off 0.03856044932388308 neg 0.03030484809230809	false	0.5
sinken	neg 1.0		__DUMMY__ 0.9315261086020572 off 0.036404545955230294 neg 0.03206934544271252	false	0.5
stinktier	neg 1.0		__DUMMY__ 0.9159903222622211 off 0.050889448729022506 neg 0.03312022900875642	false	0.5
tucke	off 1.0		__DUMMY__ 0.9134776660852051 off 0.05440219649508113 neg 0.03212013741971373	false	1.0
ein			__DUMMY__ 0.9271148097582367 off 0.04036962780595193 neg 0.03251556243581136	false	0.0
abstieg	neg 1.0		__DUMMY__ 0.9324154269353244 off 0.03959996500077822 neg 0.027984608063897343	false	0.5
missverstehen	neg 1.0		__DUMMY__ 0.9252071738252844 off 0.04381667283407343 neg 0.03097615334064227	false	0.5
ergebnislos	neg 1.0		__DUMMY__ 0.932771810231263 off 0.038327426632556096 neg 0.028900763136180934	false	0.5
unter			__DUMMY__ 0.9392755650839476 off 0.031113440810755975 neg 0.029610994105296433	false	0.0
manipulieren	neg 1.0		__DUMMY__ 0.9316493483942128 off 0.03788363403468417 neg 0.030467017571102997	false	0.5
unbewiesen	neg 1.0		__DUMMY__ 0.9259476963825228 off 0.04274693721155151 neg 0.031305366405925676	false	0.5
verschleppen	neg 1.0		__DUMMY__ 0.9288604748422675 off 0.0392964309218461 neg 0.031843094235886424	false	0.5
weib	off 1.0		__DUMMY__ 0.91529111488812 off 0.05463399951729622 neg 0.030074885594583874	false	1.0
opposition	neg 1.0		__DUMMY__ 0.9256970721111732 off 0.04252419433858685 neg 0.03177873355023988	false	0.5
verkehrswidrig	neg 1.0		__DUMMY__ 0.9248038418304861 off 0.04980212580680596 neg 0.02539403236270786	false	0.5
inkorrekt	neg 1.0		__DUMMY__ 0.9198194943280824 off 0.049068686356065996 neg 0.031111819315851608	false	0.5
vermeiden	neg 1.0		__DUMMY__ 0.9366619882724708 off 0.03392331092609089 neg 0.02941470080143824	false	0.5
abweichung	neg 1.0		__DUMMY__ 0.9313458533082755 off 0.0394328230200789 neg 0.02922132367164563	false	0.5
alkoholisiert	neg 1.0		__DUMMY__ 0.938563107917279 off 0.03637541388481318 neg 0.02506147819790779	false	0.5
scheiss	off 1.0	off 1.0	off 0.5128957613534945 __DUMMY__ 0.458828569964429 neg 0.028275668682076628	false	1.0
herausforderung	neg 1.0		__DUMMY__ 0.9303228278473284 off 0.03931033228065081 neg 0.030366839872020733	false	0.5
pervers	off 1.0		__DUMMY__ 0.9132614612086789 off 0.05654437296115987 neg 0.030194165830161185	false	1.0
wackelig	neg 1.0		__DUMMY__ 0.9309640250085551 off 0.03879985870561668 neg 0.03023611628582824	false	0.5
verwickeln	neg 1.0		__DUMMY__ 0.9258508625318702 off 0.04311180229901798 neg 0.031037335169111703	false	0.5
vorwand	neg 1.0		__DUMMY__ 0.9320498667833826 off 0.03668157697197621 neg 0.03126855624464109	false	0.5
muschi	off 1.0		__DUMMY__ 0.9305410162705264 off 0.040774032962046625 neg 0.028684950767426907	false	1.0
entmutigung	neg 1.0		__DUMMY__ 0.9227892097925432 off 0.043852800998043624 neg 0.03335798920941316	false	0.5
unangemessen	neg 1.0		__DUMMY__ 0.9284156704274866 off 0.0405220259283196 neg 0.031062303644193764	false	0.5
unstetig	neg 1.0		__DUMMY__ 0.9264742910555179 off 0.044491264320691955 neg 0.02903444462379017	false	0.5
entmutigen	neg 1.0		__DUMMY__ 0.9258130400514006 off 0.04209882925770026 neg 0.03208813069089921	false	0.5
schwanz	neg 1.0		__DUMMY__ 0.9318872592845979 off 0.03880341029020192 neg 0.029309330425200158	false	0.5
verbot	neg 1.0		__DUMMY__ 0.9279174669329046 off 0.040439313228979416 neg 0.03164321983811596	false	0.5
leid	neg 1.0		__DUMMY__ 0.9194409849501902 off 0.05013186821713589 neg 0.030427146832673883	false	0.5
archaisch	neg 1.0		__DUMMY__ 0.9283289205505939 off 0.04021113491810963 neg 0.03145994453129643	false	0.5
gegen			__DUMMY__ 0.9336668059757011 off 0.036530207297869606 neg 0.029802986726429267	false	0.0
scheidung	neg 1.0		__DUMMY__ 0.9161766619688329 off 0.05960472950894299 neg 0.024218608522224114	false	0.5
einschlag	neg 1.0		__DUMMY__ 0.9239050952823066 off 0.04900903304091002 neg 0.027085871676783366	false	0.5
m			__DUMMY__ 0.9306893782045417 off 0.039328569134829565 neg 0.02998205266062881	false	0.0
abgestanden	neg 1.0		__DUMMY__ 0.9238938659514879 off 0.04075103279976826 neg 0.035355101248743755	false	0.5
schmierig	off 1.0		__DUMMY__ 0.9192869519133465 off 0.04995145383655059 neg 0.030761594250102862	false	1.0
unpraktisch	neg 1.0		__DUMMY__ 0.927999216645873 off 0.042115463675971486 neg 0.02988531967815548	false	0.5
wixxer	off 1.0		__DUMMY__ 0.9123113182039585 off 0.05691845611386562 neg 0.030770225682175856	false	1.0
bezeichnet			__DUMMY__ 0.9280791312591569 off 0.04171120682580945 neg 0.0302096619150336	false	0.0
jammerlappen	off 1.0		__DUMMY__ 0.9235882077381669 off 0.04574040175034862 neg 0.030671390511484577	false	1.0
farce	neg 1.0		__DUMMY__ 0.9262425060590165 off 0.04176417228836118 neg 0.03199332165262227	false	0.5
zwecklos	neg 1.0		__DUMMY__ 0.9285405660872786 off 0.039728969317098545 neg 0.03173046459562282	false	0.5
turbulent	neg 1.0		__DUMMY__ 0.9232797728994064 off 0.04735831342287917 neg 0.029361913677714426	false	0.5
invasion	neg 1.0		__DUMMY__ 0.9261843460646646 off 0.04351929055853915 neg 0.030296363376796247	false	0.5
schuld	neg 1.0		__DUMMY__ 0.9266817036705491 off 0.04251730648803322 neg 0.03080098984141772	false	0.5
risiko	neg 1.0		__DUMMY__ 0.9263775619434026 off 0.04324540957358072 neg 0.030377028483016755	false	0.5
finster	neg 1.0		__DUMMY__ 0.926737394274652 off 0.04043066483870799 neg 0.03283194088663996	false	0.5
geisteskrank	off 1.0		__DUMMY__ 0.9209805261468119 off 0.04796931747217596 neg 0.031050156381012134	false	1.0
zusammenbrechen	neg 1.0		__DUMMY__ 0.9286203603082064 off 0.039841104852141276 neg 0.031538534839652424	false	0.5
ausbeute	neg 1.0		__DUMMY__ 0.9308041219437126 off 0.03998228934621065 neg 0.029213588710076625	false	0.5
hinterhalt	neg 1.0		__DUMMY__ 0.9297223757732653 off 0.03983755169031541 neg 0.030440072536419265	false	0.5
kritik	neg 1.0		__DUMMY__ 0.9260331425515097 off 0.041570851678183744 neg 0.03239600577030656	false	0.5
einschrumpfen	neg 1.0		__DUMMY__ 0.9226544850908106 off 0.04590220673506695 neg 0.03144330817412234	false	0.5
riskant	neg 1.0		__DUMMY__ 0.9309215688094477 off 0.037701257951753664 neg 0.03137717323879874	false	0.5
frustrieren	neg 1.0		__DUMMY__ 0.9296867646009503 off 0.03848432610838434 neg 0.03182890929066526	false	0.5
groll	neg 1.0		__DUMMY__ 0.9294698885742794 off 0.03986243832502812 neg 0.030667673100692495	false	0.5
gibt			__DUMMY__ 0.9297042943382067 off 0.03950324337251836 neg 0.030792462289274992	false	0.0
qualvoll	neg 1.0		__DUMMY__ 0.9258565295065998 off 0.04299265213305701 neg 0.0311508183603432	false	0.5
wackeln	neg 1.0		__DUMMY__ 0.9285679674137346 off 0.04103144519942086 neg 0.03040058738684447	false	0.5
klagen	neg 1.0		__DUMMY__ 0.9316078562998643 off 0.03696273746959827 neg 0.0314294062305375	false	0.5
bankrott	neg 1.0		__DUMMY__ 0.9265717431753219 off 0.044947781516933086 neg 0.02848047530774513	false	0.5
trauern	neg 1.0		__DUMMY__ 0.9338522286150657 off 0.037547275878381435 neg 0.02860049550655292	false	0.5
ablehnung	neg 1.0		__DUMMY__ 0.9275250469664643 off 0.04106225316125706 neg 0.031412699872278585	false	0.5
stur	neg 1.0		__DUMMY__ 0.9260058056895241 off 0.04249284158350048 neg 0.03150135272697544	false	0.5
aufruhr	neg 1.0		__DUMMY__ 0.9260599461153826 off 0.04160713542321003 neg 0.032332918461407296	false	0.5
melancholie	neg 1.0		__DUMMY__ 0.9301356413215196 off 0.03688556204790042 neg 0.03297879663057996	false	0.5
ist			__DUMMY__ 0.9264949770246457 off 0.0428183876673297 neg 0.030686635308024696	false	0.0
torheit	neg 1.0		__DUMMY__ 0.9261826445927158 off 0.042646385030885345 neg 0.031170970376398904	false	0.5
dreckskind	off 1.0		__DUMMY__ 0.9163198705101168 off 0.0537841546402296 neg 0.02989597484965365	false	1.0
umtauschen	neg 1.0		__DUMMY__ 0.9289853822131894 off 0.04025543873115105 neg 0.030759179055659627	false	0.5
zum			__DUMMY__ 0.9391492452391624 off 0.033909367136376725 neg 0.026941387624460803	false	0.0
zersetzen	neg 1.0		__DUMMY__ 0.9301341424299784 off 0.037646529341059345 neg 0.03221932822896233	false	0.5
zur			__DUMMY__ 0.9364266476918495 off 0.034292342060644986 neg 0.029281010247505523	false	0.0
frust	neg 1.0		__DUMMY__ 0.9287005443559615 off 0.039695979920491425 neg 0.031603475723547034	false	0.5
unerbittlichkeit	neg 1.0		__DUMMY__ 0.9312363848123519 off 0.038285122402743905 neg 0.03047849278490418	false	0.5
zwei			__DUMMY__ 0.9367343671698346 off 0.03355049941648876 neg 0.02971513341367661	false	0.0
unkorrekt	neg 1.0		__DUMMY__ 0.9211019701296416 off 0.04776842894920295 neg 0.031129600921155496	false	0.5
hexe	off 1.0		__DUMMY__ 0.922528425743056 off 0.04505424118076446 neg 0.03241733307617948	false	1.0
lasch	neg 1.0		__DUMMY__ 0.9242461422422686 off 0.04509280595945322 neg 0.030661051798278202	false	0.5
rivale	neg 1.0		__DUMMY__ 0.921887882471681 off 0.04881928680903618 neg 0.02929283071928296	false	0.5
mutlos	off 1.0	off 1.0	off 0.5058659046081166 __DUMMY__ 0.46501182020106574 neg 0.02912227519081763	false	1.0
wirr	off 1.0		__DUMMY__ 0.9194840983131346 off 0.0494590943582574 neg 0.031056807328608018	false	1.0
jahr			__DUMMY__ 0.9356936031623568 off 0.03711828302140802 neg 0.027188113816235194	false	0.0
wird			__DUMMY__ 0.9304861701490138 off 0.038884828861037835 neg 0.030629000989948377	false	0.0
strafbar	neg 1.0		__DUMMY__ 0.9305030601443327 off 0.03818701622294544 neg 0.031309923632721864	false	0.5
erosion	neg 1.0		__DUMMY__ 0.9285740967367072 off 0.04131633277450197 neg 0.030109570488790788	false	0.5
eingehen	neg 1.0		__DUMMY__ 0.9292476195581877 off 0.038372157211820565 neg 0.032380223229991685	false	0.5
faul	off 1.0		__DUMMY__ 0.925812596448491 off 0.04458733393387593 neg 0.029600069617633066	false	1.0
provisorium	neg 1.0		__DUMMY__ 0.9397007584320614 off 0.031032617275036797 neg 0.029266624292901826	false	0.5
schmerzen	neg 1.0		__DUMMY__ 0.9275438887592526 off 0.03976258966649514 neg 0.03269352157425222	false	0.5
schrumpfen	neg 1.0		__DUMMY__ 0.9329351751398448 off 0.03452110283406814 neg 0.03254372202608709	false	0.5
geistlos	off 1.0		__DUMMY__ 0.9231179728410819 off 0.04426430210855564 neg 0.03261772505036247	false	1.0
fehlkauf	neg 1.0		__DUMMY__ 0.9257462667692568 off 0.04356879755021931 neg 0.030684935680523953	false	0.5
frustrierend	neg 1.0		__DUMMY__ 0.9241718483294539 off 0.04466637677492085 neg 0.031161774895625244	false	0.5
unzufrieden	neg 1.0		__DUMMY__ 0.9293365157703676 off 0.0395690038144666 neg 0.031094480415165795	false	0.5
verzweifeln	neg 1.0		__DUMMY__ 0.9286308248889107 off 0.04055764956075754 neg 0.03081152555033182	false	0.5
verzweifelt	neg 1.0		__DUMMY__ 0.9261094153211771 off 0.04255473122357991 neg 0.03133585345524306	false	0.5
misstrauensantrag	neg 1.0		__DUMMY__ 0.9261289553932315 off 0.042884411350226956 neg 0.030986633256541527	false	0.5
abfallen	neg 1.0		__DUMMY__ 0.9279686908379535 off 0.041089863857354476 neg 0.030941445304691954	false	0.5
fucker	off 1.0		__DUMMY__ 0.9223372827790572 off 0.04864922219222673 neg 0.029013495028715974	false	1.0
ungezogen	neg 1.0		__DUMMY__ 0.9157602445728428 off 0.0544940380223653 neg 0.029745717404791924	false	0.5
irrsinnig	neg 1.0	neg 1.0	neg 0.49874513938667364 __DUMMY__ 0.4627421410880369 off 0.03851271952528944	false	1.0
unfassbar	neg 1.0		__DUMMY__ 0.9232771548637041 off 0.04644718246130894 neg 0.030275662674986922	false	0.5
hart	neg 1.0		__DUMMY__ 0.9217902646671104 off 0.04651121551202658 neg 0.03169851982086306	false	0.5
widerlich	off 1.0		__DUMMY__ 0.9220370258427106 off 0.04693461518136998 neg 0.031028358975919462	false	1.0
fatal	neg 1.0	neg 1.0	neg 0.5003188861850971 __DUMMY__ 0.4597819972425063 off 0.039899116572396545	false	1.0
bruch	neg 1.0		__DUMMY__ 0.9329646319115802 off 0.03573853095493168 neg 0.03129683713348822	false	0.5
aushungern	neg 1.0		__DUMMY__ 0.9270316450351285 off 0.04068386601984064 neg 0.032284488945030936	false	0.5
anspannung	neg 1.0		__DUMMY__ 0.9365495768735072 off 0.03386244740277576 neg 0.029587975723717012	false	0.5
von			__DUMMY__ 0.9339969255061226 off 0.036633962612540774 neg 0.0293691118813367	false	0.0
kraftlos	neg 1.0		__DUMMY__ 0.9295962422704419 off 0.03888657843135431 neg 0.03151717929820384	false	0.5
vom			__DUMMY__ 0.9414020935585087 off 0.0313000504193629 neg 0.027297856022128364	false	0.0
grenzdebil	off 1.0		__DUMMY__ 0.9223638478150012 off 0.046675247794715394 neg 0.03096090439028343	false	1.0
vor			__DUMMY__ 0.9329325505898027 off 0.035874340182848616 neg 0.03119310922734865	false	0.0
unterwerfen	neg 1.0		__DUMMY__ 0.9308059051040796 off 0.03867708724916138 neg 0.03051700764675915	false	0.5
versenkung	neg 1.0		__DUMMY__ 0.9312513873838 off 0.038350171261283574 neg 0.030398441354916473	false	0.5
entziehen	neg 1.0		__DUMMY__ 0.932172448842923 off 0.03664876083154497 neg 0.03117879032553204	false	0.5
finanzkrise	neg 1.0		__DUMMY__ 0.9230944823211987 off 0.04128413301706773 neg 0.03562138466173351	false	0.5
schimpfend	neg 1.0		__DUMMY__ 0.9294490519627003 off 0.04146351746653608 neg 0.029087430570763562	false	0.5
profan	neg 1.0		__DUMMY__ 0.9256612160918191 off 0.04332702567959073 neg 0.031011758228590276	false	0.5
korruption	neg 1.0		__DUMMY__ 0.9270372961889479 off 0.04003422352116572 neg 0.03292848028988642	false	0.5
â			__DUMMY__ 0.9305301306100588 off 0.03879490445295701 neg 0.03067496493698422	false	0.0
schmutzig	neg 1.0		__DUMMY__ 0.9224759419409498 off 0.0468093597516165 neg 0.03071469830743366	false	0.5
sexy	neg 1.0		__DUMMY__ 0.9258368231778576 off 0.04454939329952872 neg 0.0296137835226137	false	0.5
abraten	neg 1.0		__DUMMY__ 0.9272942312433714 off 0.04283032951103537 neg 0.029875439245593268	false	0.5
schwarz	neg 1.0		__DUMMY__ 0.9265341025427143 off 0.043255165330853475 neg 0.030210732126432244	false	0.5
fotze	off 1.0	off 1.0	off 0.5060462380283298 __DUMMY__ 0.467502740830238 neg 0.026451021141432173	false	1.0
verwirren	neg 1.0		__DUMMY__ 0.9257706797057981 off 0.043597123543097534 neg 0.030632196751104394	false	0.5
zahnlos	off 1.0		__DUMMY__ 0.9280902407666661 off 0.04041375956645375 neg 0.03149599966688015	false	1.0
verheeren	neg 1.0		__DUMMY__ 0.9153376163228467 off 0.05591054532564803 neg 0.028751838351505347	false	0.5
hippie	neg 1.0		__DUMMY__ 0.9257200187173834 off 0.04436810264693495 neg 0.029911878635681625	false	0.5
rammen	neg 1.0		__DUMMY__ 0.9305705402533059 off 0.0412536943464394 neg 0.028175765400254797	false	0.5
unlauter	neg 1.0		__DUMMY__ 0.9263291229737352 off 0.04323740408906963 neg 0.03043347293719526	false	0.5
unheilvoll	neg 1.0		__DUMMY__ 0.9263053894795199 off 0.041955279485894406 neg 0.03173933103458574	false	0.5
niedrig	neg 1.0		__DUMMY__ 0.9300405331231544 off 0.0387152299866136 neg 0.031244236890232036	false	0.5
explosion	neg 1.0		__DUMMY__ 0.926411126581002 off 0.044151633435134154 neg 0.02943723998386379	false	0.5
weichei	off 1.0	off 1.0	off 0.5165182416182503 __DUMMY__ 0.4543601791075802 neg 0.02912157927416939	false	1.0
minusmensch	off 1.0		__DUMMY__ 0.915323132021338 off 0.055967619532884365 neg 0.028709248445777658	false	1.0
farblos	neg 1.0		__DUMMY__ 0.9289511156994494 off 0.04180261641866831 neg 0.02924626788188224	false	0.5
unwissend	neg 1.0	neg 1.0	neg 0.49884768902225174 __DUMMY__ 0.4597016935679675 off 0.041450617409780906	false	1.0
traurig	neg 1.0		__DUMMY__ 0.9212665078575879 off 0.04855954549396929 neg 0.030173946648442897	false	0.5
senkung	neg 1.0		__DUMMY__ 0.9224727092949728 off 0.04379907674101793 neg 0.03372821396400925	false	0.5
ungleich	neg 1.0	neg 1.0	neg 0.4987695269361917 __DUMMY__ 0.46591608742868534 off 0.03531438563512294	false	1.0
heikel	neg 1.0		__DUMMY__ 0.9307141274005922 off 0.03779699769242195 neg 0.031488874906985743	false	0.5
drosselung	neg 1.0		__DUMMY__ 0.9219860175153317 off 0.046740326898380265 neg 0.03127365558628799	false	0.5
falsch	neg 1.0		__DUMMY__ 0.9251054922956938 off 0.04470942978629437 neg 0.03018507791801179	false	0.5
unzufriedenheit	neg 1.0		__DUMMY__ 0.9299892643832567 off 0.0378031512629503 neg 0.032207584353793006	false	0.5
kurz	neg 1.0		__DUMMY__ 0.9308919868915608 off 0.03927388186953015 neg 0.029834131238909104	false	0.5
unsinnig	neg 1.0		__DUMMY__ 0.9268201366144321 off 0.04081495085639283 neg 0.03236491252917509	false	0.5
penner	off 1.0	off 1.0	off 0.5180764520134151 __DUMMY__ 0.45370690155510995 neg 0.028216646431475003	false	1.0
seicht	neg 1.0		__DUMMY__ 0.9129749228589873 off 0.05422793823309108 neg 0.032797138907921596	false	0.5
dummheit	off 1.0	off 1.0	off 0.5101368630769793 __DUMMY__ 0.46060637815063304 neg 0.029256758772387693	false	1.0
unerfreulich	neg 1.0		__DUMMY__ 0.9313551343138291 off 0.0374809611585491 neg 0.03116390452762185	false	0.5
motherfucker	off 1.0	off 1.0	off 0.5139811983390534 __DUMMY__ 0.4587533005182426 neg 0.02726550114270405	false	1.0
pikiert	neg 1.0		__DUMMY__ 0.9223657790338144 off 0.04603609854014222 neg 0.03159812242604329	false	0.5
wrack	neg 1.0		__DUMMY__ 0.9349379035840495 off 0.0390889280507702 neg 0.02597316836518036	false	0.5
gangster	neg 1.0		__DUMMY__ 0.9254290055846445 off 0.04449628634421758 neg 0.030074708071137917	false	0.5
krank	neg 1.0		__DUMMY__ 0.9233382037526899 off 0.0464603968181349 neg 0.03020139942917511	false	0.5
reich	neg 1.0		__DUMMY__ 0.923179176097456 off 0.044873155943240116 neg 0.031947667959303865	false	0.5
gnadenlos	neg 1.0		__DUMMY__ 0.9276897694253823 off 0.042313126614252614 neg 0.029997103960365094	false	0.5
niedergeschlagen	neg 1.0		__DUMMY__ 0.9307750531872941 off 0.03906963133261162 neg 0.03015531548009423	false	0.5
terrorisieren	off 1.0	off 1.0	off 0.5049169088931765 __DUMMY__ 0.4663853224865177 neg 0.02869776862030576	false	1.0
sinnlosigkeit	neg 1.0		__DUMMY__ 0.928832372293753 off 0.039935384038607614 neg 0.031232243667639298	false	0.5
behindern	neg 1.0		__DUMMY__ 0.927922755010636 off 0.040985953417100325 neg 0.031091291572263608	false	0.5
undemokratisch	neg 1.0		__DUMMY__ 0.9249282079352524 off 0.04374439873813624 neg 0.031327393326611275	false	0.5
wirtschaftskrise	neg 1.0		__DUMMY__ 0.9267471028685753 off 0.03972656834767487 neg 0.03352632878374978	false	0.5
neid	neg 1.0		__DUMMY__ 0.9247033850621172 off 0.043935066596681296 neg 0.03136154834120149	false	0.5
rutschen	neg 1.0		__DUMMY__ 0.9365252472353398 off 0.033290193080295766 neg 0.03018455968436446	false	0.5
rezession	neg 1.0		__DUMMY__ 0.9164783391681784 off 0.049118177158550075 neg 0.03440348367327146	false	0.5
fehlgeburt	neg 1.0		__DUMMY__ 0.9302623986015327 off 0.04113957625328838 neg 0.02859802514517897	false	0.5
charakterschwach	off 1.0		__DUMMY__ 0.9218050527488127 off 0.04661928245772694 neg 0.03157566479346026	false	1.0
isolation	neg 1.0		__DUMMY__ 0.9267611471079 off 0.0445466344477819 neg 0.028692218444317977	false	0.5
ablenkung	neg 1.0		__DUMMY__ 0.9288008638070757 off 0.041003401112530924 neg 0.03019573508039341	false	0.5
pech	neg 1.0		__DUMMY__ 0.9244891183287137 off 0.044508769856911296 neg 0.031002111814375025	false	0.5
vermeidung	neg 1.0		__DUMMY__ 0.922673109722285 off 0.04655170347369259 neg 0.030775186804022494	false	0.5
dominieren	neg 1.0		__DUMMY__ 0.929791640371686 off 0.04009860914940307 neg 0.03010975047891078	false	0.5
schwindlig	neg 1.0		__DUMMY__ 0.926261565547113 off 0.04245964373538221 neg 0.0312787907175047	false	0.5
lutscher	neg 1.0		__DUMMY__ 0.9132422609450725 off 0.05545403280709919 neg 0.031303706247828175	false	0.5
pflicht	neg 1.0		__DUMMY__ 0.9322159474327261 off 0.03678764470450752 neg 0.030996407862766404	false	0.5
faschist	off 1.0		__DUMMY__ 0.9241216132428218 off 0.04492440534900986 neg 0.03095398140816827	false	1.0
verschleudern	neg 1.0		__DUMMY__ 0.928419372692826 off 0.03859757699898839 neg 0.03298305030818547	false	0.5
wenn			__DUMMY__ 0.9236530045489139 off 0.04548386036321321 neg 0.03086313508787294	false	0.0
ehebruch	neg 1.0		__DUMMY__ 0.9283663983310616 off 0.039208372949692 neg 0.03242522871924638	false	0.5
spott	off 1.0		__DUMMY__ 0.9304771227702486 off 0.03906999519284256 neg 0.030452882036908817	false	1.0
trostlosigkeit	neg 1.0		__DUMMY__ 0.9300385431275282 off 0.0367035985569669 neg 0.03325785831550491	false	0.5
lutschen	neg 1.0		__DUMMY__ 0.9264072043369974 off 0.04486518791057596 neg 0.02872760775242655	false	0.5
undiszipliniert	neg 1.0		__DUMMY__ 0.9213787027863605 off 0.04787982004892059 neg 0.030741477164718926	false	0.5
kopfschmerz	neg 1.0		__DUMMY__ 0.928010667564951 off 0.038127472623899726 neg 0.033861859811149246	false	0.5
unvorhergesehen	neg 1.0		__DUMMY__ 0.934112700371879 off 0.03619245410809582 neg 0.029694845520025232	false	0.5
desinteressiert	neg 1.0		__DUMMY__ 0.9216521501465904 off 0.04746204359566787 neg 0.030885806257741642	false	0.5
armselig	off 1.0		__DUMMY__ 0.9200167237023189 off 0.04952723314576294 neg 0.03045604315191816	false	1.0
desaster	neg 1.0		__DUMMY__ 0.9309061458972883 off 0.03637060804682777 neg 0.032723246055883996	false	0.5
tod	neg 1.0		__DUMMY__ 0.9314784396197747 off 0.03787013254594062 neg 0.03065142783428474	false	0.5
herzlos	neg 1.0		__DUMMY__ 0.9204147934402515 off 0.04893812759952227 neg 0.0306470789602263	false	0.5
unwissenheit	neg 1.0		__DUMMY__ 0.9288920633482151 off 0.03964299797038291 neg 0.03146493868140201	false	0.5
widersinnig	neg 1.0		__DUMMY__ 0.9261919689238508 off 0.041036749071988045 neg 0.03277128200416118	false	0.5
bedenklich	neg 1.0		__DUMMY__ 0.9290251457230858 off 0.03894620982217268 neg 0.03202864445474154	false	0.5
beanstanden	neg 1.0		__DUMMY__ 0.932796496143554 off 0.03726798043527882 neg 0.029935523421167284	false	0.5
panisch	neg 1.0		__DUMMY__ 0.9279515601007408 off 0.04260248356873941 neg 0.02944595633051978	false	0.5
debil	off 1.0		__DUMMY__ 0.9382594844780838 off 0.031465149367819266 neg 0.030275366154096938	false	1.0
abstrich	neg 1.0		__DUMMY__ 0.9331054288618376 off 0.03897338199318564 neg 0.027921189144976863	false	0.5
primitiv	neg 1.0		__DUMMY__ 0.9213679792103306 off 0.04769369700836917 neg 0.03093832378130013	false	0.5
abschaum	off 1.0	off 1.0	off 0.5122532807279312 __DUMMY__ 0.46056687743218805 neg 0.0271798418398807	false	1.0
provozieren	neg 1.0		__DUMMY__ 0.926252948976348 off 0.04232439826654119 neg 0.0314226527571108	false	0.5
tot	neg 1.0		__DUMMY__ 0.9312635878143587 off 0.03901944666433823 neg 0.029716965521302995	false	0.5
instabil	neg 1.0		__DUMMY__ 0.919576388327503 off 0.04975005229252579 neg 0.030673559379971228	false	0.5
schwuchtel	off 1.0	off 1.0	off 0.5239797153294992 __DUMMY__ 0.4489675837585175 neg 0.027052700911983307	false	1.0
zerren	neg 1.0		__DUMMY__ 0.9305295484714834 off 0.039165677057256536 neg 0.030304774471260017	false	0.5
kinderficker	off 1.0		__DUMMY__ 0.9184101175055907 off 0.05152021698908388 neg 0.030069665505325464	false	1.0
gefahr	neg 1.0		__DUMMY__ 0.9328808078851832 off 0.03715721576334627 neg 0.029961976351470434	false	0.5
rabiat	neg 1.0		__DUMMY__ 0.9271169588467123 off 0.04079513850316321 neg 0.03208790265012442	false	0.5
verlangsamung	neg 1.0		__DUMMY__ 0.9170548074219885 off 0.05306343477276654 neg 0.029881757805244925	false	0.5
ausgestorben	neg 1.0		__DUMMY__ 0.9288591702783705 off 0.04037628820123143 neg 0.03076454152039809	false	0.5
anklagen	neg 1.0		__DUMMY__ 0.9284487633687813 off 0.04020637446680928 neg 0.03134486216440928	false	0.5
trott	neg 1.0		__DUMMY__ 0.9284722840118143 off 0.04120233822171039 neg 0.030325377766475387	false	0.5
verminderung	neg 1.0		__DUMMY__ 0.922286758597381 off 0.04651742631176005 neg 0.031195815090858982	false	0.5
nach			__DUMMY__ 0.9382863751314992 off 0.03228964856268353 neg 0.02942397630581739	false	0.0
rost	neg 1.0		__DUMMY__ 0.9181745758199795 off 0.053801361952778265 neg 0.02802406222724221	false	0.5
destruktiv	neg 1.0		__DUMMY__ 0.9263646279595728 off 0.0413992115945999 neg 0.03223616044582724	false	0.5
unzumutbarkeit	neg 1.0		__DUMMY__ 0.9259969084921496 off 0.046586763470856725 neg 0.02741632803699376	false	0.5
labil	off 1.0	off 1.0	off 0.5117268765451329 __DUMMY__ 0.4605334506578459 neg 0.02773967279702118	false	1.0
ziemlich	neg 1.0		__DUMMY__ 0.9243794816228018 off 0.04611560937351846 neg 0.029504909003679816	false	0.5
lachnummer	off 1.0		__DUMMY__ 0.9271991984571288 off 0.042060112467546366 neg 0.03074068907532479	false	1.0
oder			__DUMMY__ 0.9289219483836799 off 0.041549131213491075 neg 0.029528920402828947	false	0.0
verfall	neg 1.0		__DUMMY__ 0.9325412174148038 off 0.034558133928760976 neg 0.0329006486564353	false	0.5
ausgrenzung	neg 1.0		__DUMMY__ 0.9253019136997394 off 0.043620904618795364 neg 0.031077181681465293	false	0.5
unordnung	neg 1.0		__DUMMY__ 0.9225009205533411 off 0.0499360369473121 neg 0.02756304249934686	false	0.5
fehlverhalten	neg 1.0		__DUMMY__ 0.9303407572494937 off 0.0382964229194164 neg 0.031362819831089836	false	0.5
eine			__DUMMY__ 0.9323327937108761 off 0.03630502452408782 neg 0.03136218176503611	false	0.0
nille	neg 1.0		__DUMMY__ 0.9283650385489304 off 0.04172824657964978 neg 0.029906714871419795	false	0.5
qual	neg 1.0		__DUMMY__ 0.9285323263332822 off 0.04095732083395442 neg 0.030510352832763363	false	0.5
verschwenden	neg 1.0		__DUMMY__ 0.9297454664947218 off 0.03783089521780926 neg 0.03242363828746901	false	0.5
riesig	neg 1.0		__DUMMY__ 0.9334733197844228 off 0.03775588931560676 neg 0.02877079089997043	false	0.5
verurteilen	neg 1.0		__DUMMY__ 0.9280683627311799 off 0.040127151396685344 neg 0.03180448587213473	false	0.5
klischee	neg 1.0	neg 1.0	neg 0.49887606745656304 __DUMMY__ 0.4601989809941188 off 0.04092495154931817	false	1.0
diktatorisch	neg 1.0		__DUMMY__ 0.9241005577999127 off 0.04386122500673916 neg 0.032038217193348116	false	0.5
vorhersehbar	neg 1.0		__DUMMY__ 0.9235198579469568 off 0.044219341240055596 neg 0.03226080081298755	false	0.5
sowie			__DUMMY__ 0.9175557134655062 off 0.05086610821141069 neg 0.03157817832308302	false	0.0
stornieren	neg 1.0		__DUMMY__ 0.9319019888903126 off 0.04351688927142723 neg 0.02458112183826014	false	0.5
besteuerung	neg 1.0	neg 1.0	neg 0.5011221902891473 __DUMMY__ 0.4605163205925981 off 0.03836148911825461	false	1.0
ungeschminkt	neg 1.0		__DUMMY__ 0.9230703982274706 off 0.04719373700810519 neg 0.029735864764424143	false	0.5
kritisch	neg 1.0		__DUMMY__ 0.9292797874797718 off 0.039747144480018134 neg 0.030973068040209974	false	0.5
schlamperei	off 1.0		__DUMMY__ 0.9306745857219518 off 0.03860558842395301 neg 0.03071982585409526	false	1.0
sucht	neg 1.0	neg 1.0	neg 0.4945871513284344 __DUMMY__ 0.46724309237312267 off 0.03816975629844287	false	1.0
egoistisch	off 1.0	off 1.0	off 0.516427384352084 __DUMMY__ 0.45641619441702436 neg 0.02715642123089156	false	1.0
ausbeuter	off 1.0		__DUMMY__ 0.9287282151204789 off 0.038144958293343294 neg 0.033126826586177785	false	1.0
arschgeburt	off 1.0		__DUMMY__ 0.9113370029009411 off 0.05936110075962188 neg 0.02930189633943704	false	1.0
schubs	neg 1.0		__DUMMY__ 0.9298074433508662 off 0.03821303537241836 neg 0.03197952127671544	false	0.5
unsolide	neg 1.0		__DUMMY__ 0.9250867870589852 off 0.04405544498736793 neg 0.030857767953646816	false	0.5
beschwerde	neg 1.0		__DUMMY__ 0.9298751790539821 off 0.03992155017988838 neg 0.03020327076612955	false	0.5
stocken	neg 1.0		__DUMMY__ 0.930725756590899 off 0.03899665071709897 neg 0.03027759269200197	false	0.5
isolieren	neg 1.0		__DUMMY__ 0.9299484493138931 off 0.039903443991937536 neg 0.030148106694169324	false	0.5
unheilbar	neg 1.0		__DUMMY__ 0.9264049981808576 off 0.041669656705375036 neg 0.031925345113767274	false	0.5
pisser	off 1.0	off 1.0	off 0.5144179424946168 __DUMMY__ 0.4599484006226279 neg 0.025633656882755467	false	1.0
löschen	neg 1.0		__DUMMY__ 0.9280469941232906 off 0.04185771674150025 neg 0.030095289135209154	false	0.5
durchfallen	neg 1.0		__DUMMY__ 0.9292846679115482 off 0.03941014929287265 neg 0.0313051827955791	false	0.5
wichser	off 1.0	off 1.0	off 0.5205795818460764 __DUMMY__ 0.4512779825046919 neg 0.028142435649231606	false	1.0
terror	neg 1.0		__DUMMY__ 0.9266768435061794 off 0.043954959680738453 neg 0.029368196813082163	false	0.5
krass	neg 1.0		__DUMMY__ 0.9198288515940265 off 0.050002590885147725 neg 0.030168557520825773	false	0.5
revolte	neg 1.0		__DUMMY__ 0.9209475655344531 off 0.04502976769300356 neg 0.03402266677254335	false	0.5
besorgt	neg 1.0		__DUMMY__ 0.9314669467715204 off 0.03960516240392596 neg 0.028927890824553566	false	0.5
nachlassen	neg 1.0		__DUMMY__ 0.9314225444809521 off 0.03860661821310774 neg 0.02997083730594018	false	0.5
alt	neg 1.0		__DUMMY__ 0.9272717066796319 off 0.037924790183724195 neg 0.034803503136644	false	0.5
hundesohn	off 1.0	off 1.0	off 0.5200948107366569 __DUMMY__ 0.45420813548336414 neg 0.025697053779978912	false	1.0
als			__DUMMY__ 0.9285683590395182 off 0.03974177641955329 neg 0.031689864540928495	false	0.0
abschreckung	neg 1.0		__DUMMY__ 0.9305943204649354 off 0.03763731562387768 neg 0.031768363911186946	false	0.5
unqualifiziert	neg 1.0		__DUMMY__ 0.9238256506999363 off 0.04540072710463081 neg 0.030773622195432945	false	0.5
abgewichst	off 1.0		__DUMMY__ 0.9295022051847486 off 0.0409838336933022 neg 0.02951396112194916	false	1.0
schwer	neg 1.0		__DUMMY__ 0.9274615637663748 off 0.040959545332092034 neg 0.03157889090153314	false	0.5
bedeutungslosigkeit	neg 1.0		__DUMMY__ 0.9302388071360166 off 0.038045697819431436 neg 0.031715495044551935	false	0.5
kapitulation	neg 1.0		__DUMMY__ 0.9272256012082915 off 0.03956597116352312 neg 0.03320842762818544	false	0.5
unscharf	neg 1.0		__DUMMY__ 0.9232046214413526 off 0.04260753985041943 neg 0.03418783870822787	false	0.5
schwinden	neg 1.0		__DUMMY__ 0.9300658896325338 off 0.038101009634426704 neg 0.031833100733039486	false	0.5
versklavung	neg 1.0	neg 1.0	neg 0.49921178883125256 __DUMMY__ 0.46142576514812533 off 0.03936244602062216	false	1.0
schlecht	neg 1.0		__DUMMY__ 0.9244993170620928 off 0.046297484719057855 neg 0.029203198218849435	false	0.5
verhasst	neg 1.0		__DUMMY__ 0.9254953069691358 off 0.042935682034113555 neg 0.03156901099675049	false	0.5
beschweren	neg 1.0		__DUMMY__ 0.9272187396091003 off 0.04303982407651333 neg 0.02974143631438634	false	0.5
scheiden	neg 1.0		__DUMMY__ 0.9284740674541668 off 0.040990292647518904 neg 0.030535639898314253	false	0.5
frustriert	neg 1.0		__DUMMY__ 0.9289525550682333 off 0.040302857803106364 neg 0.030744587128660364	false	0.5
schimmelig	neg 1.0		__DUMMY__ 0.9296258949744008 off 0.038141171412360515 neg 0.032232933613238715	false	0.5
fisch	neg 1.0		__DUMMY__ 0.930443764085084 off 0.03539150111016493 neg 0.03416473480475105	false	0.5
schmuggel	neg 1.0		__DUMMY__ 0.9338919361387706 off 0.03639550273556299 neg 0.029712561125666448	false	0.5
auffallen	neg 1.0		__DUMMY__ 0.9261603430627224 off 0.04339132596894398 neg 0.030448330968333614	false	0.5
konkurrenz	neg 1.0		__DUMMY__ 0.932351583625606 off 0.03769024516230996 neg 0.029958171212084026	false	0.5
teufelskreis	neg 1.0	neg 1.0	neg 0.5005659236877525 __DUMMY__ 0.4620822670054951 off 0.03735180930675233	false	1.0
aufschreien	neg 1.0		__DUMMY__ 0.9243107925534833 off 0.04401103049855873 neg 0.03167817694795806	false	0.5
schuldner	neg 1.0		__DUMMY__ 0.9287776194245791 off 0.03789487459580723 neg 0.03332750597961359	false	0.5
missgeburt	off 1.0	off 1.0	off 0.5183758604064732 __DUMMY__ 0.4574915274062914 neg 0.024132612187235326	false	1.0
arbeitslos	neg 1.0		__DUMMY__ 0.9293400870024886 off 0.03943084701937095 neg 0.031229065978140454	false	0.5
befallen	neg 1.0		__DUMMY__ 0.9272645375435226 off 0.04085096093187988 neg 0.031884501524597576	false	0.5
miesepetrig	off 1.0	off 1.0	off 0.511151027890441 __DUMMY__ 0.4604876807771513 neg 0.028361291332407647	false	1.0
alarmieren	neg 1.0		__DUMMY__ 0.9242926137157075 off 0.045804981274865944 neg 0.029902405009426546	false	0.5
ungeduscht	off 1.0		__DUMMY__ 0.9243153602298867 off 0.04450760820761958 neg 0.03117703156249377	false	1.0
knappheit	neg 1.0		__DUMMY__ 0.9278478482264174 off 0.039714202709708865 neg 0.03243794906387375	false	0.5
schlange	neg 1.0		__DUMMY__ 0.9288264838221858 off 0.041478348683240455 neg 0.029695167494573682	false	0.5
harsch	neg 1.0		__DUMMY__ 0.9242944514974462 off 0.049769063500005845 neg 0.02593648500254799	false	0.5
lang	neg 1.0		__DUMMY__ 0.927506668288073 off 0.04251276824234743 neg 0.02998056346957958	false	0.5
ziellos	neg 1.0		__DUMMY__ 0.9318342857450543 off 0.03789417151325723 neg 0.030271542741688424	false	0.5
selbstverliebt	neg 1.0		__DUMMY__ 0.9140061556887481 off 0.056540384045086246 neg 0.02945346026616563	false	0.5
beseitigen	neg 1.0		__DUMMY__ 0.9326369601308305 off 0.041182048512106065 neg 0.026180991357063307	false	0.5
dumm	off 1.0		__DUMMY__ 0.9172934614494171 off 0.052076774527201775 neg 0.03062976402338108	false	1.0
arbeitsloser	neg 1.0		__DUMMY__ 0.9317073332417793 off 0.03951401101529491 neg 0.028778655742925693	false	0.5
blitzen	neg 1.0		__DUMMY__ 0.9244901251358125 off 0.04484614765995483 neg 0.030663727204232667	false	0.5
hilflos	neg 1.0		__DUMMY__ 0.9293685434964362 off 0.03930887712930158 neg 0.03132257937426217	false	0.5
eklig	off 1.0		__DUMMY__ 0.9159027662049346 off 0.052395862579786734 neg 0.03170137121527857	false	1.0
begriff			__DUMMY__ 0.9275419482714456 off 0.04112944448952001 neg 0.03132860723903427	false	0.0
hungersnot	neg 1.0		__DUMMY__ 0.9266004793725229 off 0.03972029031456123 neg 0.033679230312915864	false	0.5
ungesetzlich	neg 1.0		__DUMMY__ 0.9243185564745593 off 0.044006767684144 neg 0.03167467584129674	false	0.5
verschwendung	neg 1.0		__DUMMY__ 0.9303499560854422 off 0.03787002877371052 neg 0.031780015140847155	false	0.5
schmerzvoll	neg 1.0		__DUMMY__ 0.9258000476062308 off 0.0426844454390979 neg 0.03151550695467139	false	0.5
vorzeitig	neg 1.0		__DUMMY__ 0.9256951177137817 off 0.045759135134907904 neg 0.02854574715131047	false	0.5
unvollkommenheit	neg 1.0		__DUMMY__ 0.9293760444303923 off 0.03991595597011857 neg 0.030707999599488982	false	0.5
intervenieren	neg 1.0		__DUMMY__ 0.9285381532267785 off 0.038691831755241095 neg 0.032770015017980415	false	0.5
banause	off 1.0		__DUMMY__ 0.9127789787475145 off 0.053787246280065024 neg 0.03343377497242058	false	1.0
rebell	neg 1.0		__DUMMY__ 0.933596534274306 off 0.03427009156684795 neg 0.032133374158846054	false	0.5
unlogisch	neg 1.0		__DUMMY__ 0.9208863593711554 off 0.04843258397461857 neg 0.03068105665422616	false	0.5
leiden	neg 1.0		__DUMMY__ 0.9344770094828022 off 0.03622872199563614 neg 0.029294268521561664	false	0.5
abschaffung	neg 1.0		__DUMMY__ 0.9258026884063123 off 0.04251492124407551 neg 0.031682390349612226	false	0.5
sturz	neg 1.0		__DUMMY__ 0.9304344311111522 off 0.04314332292456055 neg 0.026422245964287206	false	0.5
verkleinerung	neg 1.0		__DUMMY__ 0.9224260461526627 off 0.045301909875622444 neg 0.03227204397171484	false	0.5
schmarotzer	off 1.0		__DUMMY__ 0.9280167623850889 off 0.04023688782086761 neg 0.03174634979404344	false	1.0
bestrafung	neg 1.0	neg 1.0	neg 0.4976333842365949 __DUMMY__ 0.4641794708531506 off 0.03818714491025461	false	1.0
achtlos	neg 1.0		__DUMMY__ 0.9292149973348739 off 0.040158047684226345 neg 0.030626954980899818	false	0.5
