unsolidarisch	neg 1.0		__DUMMY__ 0.4661956261027093 off 0.3040714702761201 neg 0.2297329036211706	false	0.5
nachteilig	neg 1.0		__DUMMY__ 0.47280715410999613 off 0.3009624811313135 neg 0.22623036475869035	false	0.5
skeptisch	neg 1.0		__DUMMY__ 0.47172341120460476 off 0.29867363594610935 neg 0.22960295284928592	false	0.5
schrecklich	neg 1.0		__DUMMY__ 0.4623732114901304 off 0.31362460369744605 neg 0.2240021848124235	false	0.5
schlapp	neg 1.0	neg 1.0	neg 0.5984615254879548 __DUMMY__ 0.22578439545379866 off 0.17575407905824655	false	1.0
abfall	neg 1.0		__DUMMY__ 0.4745549911034546 off 0.29566044197433217 neg 0.22978456692221325	false	0.5
widerspenstig	neg 1.0		__DUMMY__ 0.46808443615707096 off 0.3027185282366501 neg 0.22919703560627908	false	0.5
abrupt	neg 1.0		__DUMMY__ 0.4714574163159345 off 0.29796621989531075 neg 0.23057636378875462	false	0.5
unwirksam	neg 1.0		__DUMMY__ 0.46510295463113965 off 0.3031263496951822 neg 0.23177069567367828	false	0.5
angreifen	neg 1.0		__DUMMY__ 0.4719951228003446 off 0.29797416232293283 neg 0.23003071487672266	false	0.5
inkonsistent	neg 1.0		__DUMMY__ 0.4657981395138443 off 0.30632387010453827 neg 0.22787799038161752	false	0.5
abrutschen	neg 1.0		__DUMMY__ 0.4740803707479377 off 0.29498424008284324 neg 0.23093538916921902	false	0.5
unsicher	neg 1.0		__DUMMY__ 0.4694409748000435 off 0.3039024998798429 neg 0.22665652532011357	false	0.5
bauernkind	off 1.0	off 1.0	off 0.6490376295541586 __DUMMY__ 0.22261887849304593 neg 0.12834349195279554	false	1.0
angreifer	neg 1.0		__DUMMY__ 0.4689978652631843 off 0.3092518619916959 neg 0.22175027274511971	false	0.5
trennen	neg 1.0		__DUMMY__ 0.47305183250224486 off 0.29810863971937684 neg 0.2288395277783784	false	0.5
schmutz	neg 1.0		__DUMMY__ 0.4728894528607616 off 0.3101762602878856 neg 0.21693428685135285	false	0.5
inkonsistenz	neg 1.0		__DUMMY__ 0.4649860410210557 off 0.3090176989132769 neg 0.22599626006566756	false	0.5
erschreckend	neg 1.0		__DUMMY__ 0.46897681629518956 off 0.30286726673423875 neg 0.22815591697057183	false	0.5
ertrinken	neg 1.0		__DUMMY__ 0.4715557674408833 off 0.2971446973878201 neg 0.23129953517129648	false	0.5
pickelface	off 1.0		__DUMMY__ 0.46949249166728635 off 0.3051197324542326 neg 0.22538777587848122	false	1.0
seiner			__DUMMY__ 0.4726366664784544 off 0.2988075843592694 neg 0.22855574916227606	false	0.0
lauch	neg 1.0	neg 1.0	neg 0.6000821780136265 __DUMMY__ 0.2315482424641131 off 0.1683695795222603	false	1.0
unwichtig	neg 1.0		__DUMMY__ 0.4650733035042203 off 0.3090000224774726 neg 0.22592667401830718	false	0.5
steuerhinterziehung	neg 1.0		__DUMMY__ 0.46750825917808075 off 0.3023786344799978 neg 0.2301131063419215	false	0.5
schock	neg 1.0		__DUMMY__ 0.47015182337157874 off 0.3021295708733794 neg 0.227718605755042	false	0.5
beule	neg 1.0		__DUMMY__ 0.4631806853325046 off 0.3114396265808918 neg 0.22537968808660352	false	0.5
vergelten	neg 1.0		__DUMMY__ 0.46326695776271754 off 0.3155333458355579 neg 0.22119969640172454	false	0.5
verdorbenheit	neg 1.0		__DUMMY__ 0.4700826248407168 off 0.30628899047902763 neg 0.22362838468025567	false	0.5
trauma	neg 1.0		__DUMMY__ 0.46761671170299285 off 0.3053828275129112 neg 0.22700046078409603	false	0.5
sinnlos	neg 1.0		__DUMMY__ 0.46758654454608994 off 0.3060674780062402 neg 0.22634597744766996	false	0.5
fettsack	off 1.0	off 1.0	off 0.6502404862729267 __DUMMY__ 0.22295153829234224 neg 0.12680797543473102	false	1.0
feige	off 1.0	off 1.0	off 0.6461409633948736 __DUMMY__ 0.22524588620439198 neg 0.12861315040073437	false	1.0
abdanken	neg 1.0		__DUMMY__ 0.46931032110925186 off 0.3036102861918967 neg 0.22707939269885158	false	0.5
wichtigtuer	off 1.0	off 1.0	off 0.6442918824346601 __DUMMY__ 0.2269380004306951 neg 0.12877011713464478	false	1.0
misslingen	neg 1.0		__DUMMY__ 0.47149798153394556 off 0.30731482197777943 neg 0.221187196488275	false	0.5
untreu	off 1.0		__DUMMY__ 0.4642700437124612 off 0.3103621880459404 neg 0.2253677682415983	false	1.0
missmutig	neg 1.0		__DUMMY__ 0.4649733566583871 off 0.3071259188471547 neg 0.22790072449445814	false	0.5
hurenbock	off 1.0		__DUMMY__ 0.4682230953247631 off 0.3044316945418939 neg 0.22734521013334286	false	1.0
betrunken	neg 1.0		__DUMMY__ 0.46292767017521513 off 0.31239097412378997 neg 0.22468135570099498	false	0.5
korrupt	off 1.0		__DUMMY__ 0.46706918952164767 off 0.3014927165613047 neg 0.23143809391704764	false	1.0
unmut	neg 1.0		__DUMMY__ 0.47299722736816746 off 0.2968016532504521 neg 0.2302011193813805	false	0.5
hackfresse	off 1.0		__DUMMY__ 0.4591640255383466 off 0.31853577918072523 neg 0.22230019528092823	false	1.0
aufblasen	neg 1.0		__DUMMY__ 0.4683842855628323 off 0.3041126836136397 neg 0.22750303082352788	false	0.5
gewaltsam	neg 1.0		__DUMMY__ 0.47022251996512443 off 0.30417072187603444 neg 0.2256067581588412	false	0.5
unbeliebtheit	neg 1.0		__DUMMY__ 0.46524068215046416 off 0.31109602309553036 neg 0.22366329475400545	false	0.5
sturheit	neg 1.0		__DUMMY__ 0.46966904398068887 off 0.3030821703097866 neg 0.2272487857095245	false	0.5
kuh	neg 1.0		__DUMMY__ 0.4625910365524877 off 0.30564757926029945 neg 0.23176138418721284	false	0.5
erschrecken	neg 1.0		__DUMMY__ 0.4662575896533679 off 0.30831156791219183 neg 0.22543084243444034	false	0.5
opfer	neg 1.0		__DUMMY__ 0.47160280171008595 off 0.3004257515747836 neg 0.22797144671513053	false	0.5
sinken	neg 1.0		__DUMMY__ 0.4719112475550741 off 0.2970768633222383 neg 0.2310118891226877	false	0.5
stinktier	neg 1.0		__DUMMY__ 0.4581743730089755 off 0.31507110556079954 neg 0.22675452143022498	false	0.5
tucke	off 1.0		__DUMMY__ 0.45585462727497095 off 0.3200506227157688 neg 0.22409475000926032	false	1.0
ein			__DUMMY__ 0.4679088064816996 off 0.3022530763252304 neg 0.22983811719307004	false	0.0
abstieg	neg 1.0		__DUMMY__ 0.47264454059643496 off 0.3027264527646763 neg 0.22462900663888885	false	0.5
missverstehen	neg 1.0		__DUMMY__ 0.4663793160712101 off 0.3067308851410637 neg 0.2268897987877261	false	0.5
ergebnislos	neg 1.0		__DUMMY__ 0.4728984956213853 off 0.3007932743498673 neg 0.22630823002874736	false	0.5
unter			__DUMMY__ 0.47858862411418557 off 0.29177781531794406 neg 0.2296335605678702	false	0.0
manipulieren	neg 1.0		__DUMMY__ 0.4720425513908358 off 0.29936751437616393 neg 0.22858993423300025	false	0.5
unbewiesen	neg 1.0		__DUMMY__ 0.4671669615150952 off 0.3048963612775097 neg 0.2279366772073951	false	0.5
verschleppen	neg 1.0		__DUMMY__ 0.4695974112972103 off 0.30056405049151586 neg 0.22983853821127398	false	0.5
weib	off 1.0		__DUMMY__ 0.4575181379094316 off 0.32093451040758825 neg 0.22154735168298006	false	1.0
opposition	neg 1.0		__DUMMY__ 0.4665392876368685 off 0.3052798277152146 neg 0.22818088464791678	false	0.5
verkehrswidrig	neg 1.0		__DUMMY__ 0.46539679554555485 off 0.3174348982544849 neg 0.21716830619996033	false	0.5
inkorrekt	neg 1.0		__DUMMY__ 0.46171382901665603 off 0.3130846990863489 neg 0.22520147189699508	false	0.5
vermeiden	neg 1.0		__DUMMY__ 0.4761173352765233 off 0.2954155984112526 neg 0.2284670663122241	false	0.5
abweichung	neg 1.0		__DUMMY__ 0.4715638786215565 off 0.3021420039740805 neg 0.22629411740436284	false	0.5
alkoholisiert	neg 1.0		__DUMMY__ 0.4771641681929302 off 0.3012557458672834 neg 0.22158008593978643	false	0.5
scheiss	off 1.0	off 1.0	off 0.6471639349408118 __DUMMY__ 0.22487019934043795 neg 0.12796586571875027	false	1.0
herausforderung	neg 1.0		__DUMMY__ 0.4709126673009478 off 0.30138720958743576 neg 0.22770012311161658	false	0.5
pervers	off 1.0		__DUMMY__ 0.4557625254946959 off 0.32326616696423643 neg 0.22097130754106764	false	1.0
wackelig	neg 1.0		__DUMMY__ 0.47117650827338436 off 0.30127751101623124 neg 0.22754598071038443	false	0.5
verwickeln	neg 1.0		__DUMMY__ 0.4670095575459803 off 0.3057736566108734 neg 0.2272167858431462	false	0.5
vorwand	neg 1.0		__DUMMY__ 0.47241007966135595 off 0.2976558810202184 neg 0.22993403931842557	false	0.5
muschi	off 1.0		__DUMMY__ 0.47083767437318147 off 0.30426245011518377 neg 0.22489987551163465	false	1.0
entmutigung	neg 1.0		__DUMMY__ 0.4644228899014593 off 0.305475017883175 neg 0.23010209221536562	false	0.5
unangemessen	neg 1.0		__DUMMY__ 0.4692755837480792 off 0.30245099184799085 neg 0.22827342440393006	false	0.5
unstetig	neg 1.0		__DUMMY__ 0.467090225284818 off 0.30898771613918025 neg 0.22392205857600178	false	0.5
entmutigen	neg 1.0		__DUMMY__ 0.4669349997728096 off 0.3042113456957574 neg 0.228853654531433	false	0.5
schwanz	neg 1.0		__DUMMY__ 0.47180504832323555 off 0.3018864484781374 neg 0.22630850319862705	false	0.5
verbot	neg 1.0		__DUMMY__ 0.4688608112527529 off 0.3019630685724748 neg 0.22917612017477232	false	0.5
leid	neg 1.0		__DUMMY__ 0.4610517137356503 off 0.3153407416334561 neg 0.22360754463089366	false	0.5
archaisch	neg 1.0		__DUMMY__ 0.46908919782348846 off 0.30198028912973673 neg 0.22893051304677486	false	0.5
gegen			__DUMMY__ 0.4739490488652558 off 0.2978966816351286 neg 0.2281542694996156	false	0.0
scheidung	neg 1.0		__DUMMY__ 0.458307017906128 off 0.3292415647354466 neg 0.2124514173584255	false	0.5
einschlag	neg 1.0		__DUMMY__ 0.4648580032057814 off 0.3153384353712904 neg 0.21980356142292812	false	0.5
m			__DUMMY__ 0.47102754918256534 off 0.3020141785524641 neg 0.22695827226497062	false	0.0
abgestanden	neg 1.0		__DUMMY__ 0.46471839660988973 off 0.3021949728316026 neg 0.23308663055850767	false	0.5
schmierig	off 1.0		__DUMMY__ 0.4609673965134339 off 0.314828500912286 neg 0.2242041025742801	false	1.0
unpraktisch	neg 1.0		__DUMMY__ 0.46845363033258935 off 0.30564899485143626 neg 0.2258973748159743	false	0.5
wixxer	off 1.0		__DUMMY__ 0.4549829702852506 off 0.3234681679097299 neg 0.22154886180501954	false	1.0
bezeichnet			__DUMMY__ 0.4689188947278914 off 0.30437425479852936 neg 0.2267068504735793	false	0.0
jammerlappen	off 1.0		__DUMMY__ 0.4649502303787326 off 0.3093127731028966 neg 0.22573699651837087	false	1.0
farce	neg 1.0		__DUMMY__ 0.46738643332207064 off 0.30350354758126236 neg 0.22911001909666717	false	0.5
zwecklos	neg 1.0		__DUMMY__ 0.4694363423260438 off 0.30117023239730617 neg 0.22939342527665005	false	0.5
turbulent	neg 1.0		__DUMMY__ 0.4644047434014228 off 0.3123615872211467 neg 0.22323366937743044	false	0.5
invasion	neg 1.0		__DUMMY__ 0.46717348721147844 off 0.3069445279218838 neg 0.22588198486663788	false	0.5
schuld	neg 1.0		__DUMMY__ 0.46773916282496564 off 0.3051269997642453 neg 0.227133837410789	false	0.5
risiko	neg 1.0		__DUMMY__ 0.4672214017901072 off 0.30640032324122574 neg 0.22637827496866703	false	0.5
finster	neg 1.0		__DUMMY__ 0.4672032178889664 off 0.3026616663003603 neg 0.23013511581067336	false	0.5
geisteskrank	off 1.0		__DUMMY__ 0.4627288636242413 off 0.31182910646935036 neg 0.22544202990640838	false	1.0
zusammenbrechen	neg 1.0		__DUMMY__ 0.4695180672046955 off 0.3014530525420477 neg 0.22902888025325682	false	0.5
ausbeute	neg 1.0		__DUMMY__ 0.4709488976490566 off 0.3032820298632196 neg 0.22576907248772382	false	0.5
hinterhalt	neg 1.0		__DUMMY__ 0.4699667872932553 off 0.3025839059573323 neg 0.22744930674941227	false	0.5
kritik	neg 1.0		__DUMMY__ 0.46725295303445064 off 0.30304149144048015 neg 0.22970555552506913	false	0.5
einschrumpfen	neg 1.0		__DUMMY__ 0.4640830461732451 off 0.30934601493897684 neg 0.2265709388877781	false	0.5
riskant	neg 1.0		__DUMMY__ 0.47148638330812137 off 0.2989031097221418 neg 0.2296105069697369	false	0.5
frustrieren	neg 1.0		__DUMMY__ 0.47042044623223117 off 0.29963086492097313 neg 0.2299486888467958	false	0.5
groll	neg 1.0		__DUMMY__ 0.4701562770418925 off 0.3018147392559396 neg 0.2280289837021677	false	0.5
gibt			__DUMMY__ 0.47047638157419036 off 0.30131591414736913 neg 0.22820770427844056	false	0.0
qualvoll	neg 1.0		__DUMMY__ 0.46683129635157417 off 0.3059159475021649 neg 0.22725275614626092	false	0.5
wackeln	neg 1.0		__DUMMY__ 0.46925225026500633 off 0.30375479501594677 neg 0.22699295471904693	false	0.5
klagen	neg 1.0		__DUMMY__ 0.472044258602267 off 0.2978540614562393 neg 0.2301016799414935	false	0.5
bankrott	neg 1.0		__DUMMY__ 0.4673006306854901 off 0.30978832879113466 neg 0.22291104052337526	false	0.5
trauern	neg 1.0		__DUMMY__ 0.4737582441129001 off 0.3000679972442098 neg 0.22617375864289002	false	0.5
ablehnung	neg 1.0		__DUMMY__ 0.4685057027700506 off 0.3028217615756941 neg 0.22867253565425524	false	0.5
stur	neg 1.0		__DUMMY__ 0.46715563513812564 off 0.3048328604750378 neg 0.2280115043868366	false	0.5
aufruhr	neg 1.0		__DUMMY__ 0.4671962266623373 off 0.3033431827353086 neg 0.2294605906023543	false	0.5
melancholie	neg 1.0		__DUMMY__ 0.47030339715180336 off 0.29788988810982103 neg 0.2318067147383756	false	0.5
ist			__DUMMY__ 0.46753087780751673 off 0.3056739844348223 neg 0.226795137757661	false	0.0
torheit	neg 1.0		__DUMMY__ 0.4672393173607223 off 0.3050383017335594 neg 0.22772238090571836	false	0.5
dreckskind	off 1.0		__DUMMY__ 0.4584796515888431 off 0.31993471241286214 neg 0.2215856359982947	false	1.0
umtauschen	neg 1.0		__DUMMY__ 0.4692393832277701 off 0.30321479713458327 neg 0.2275458196376465	false	0.5
zum			__DUMMY__ 0.4783321195363349 off 0.2965134947354211 neg 0.2251543857282439	false	0.0
zersetzen	neg 1.0		__DUMMY__ 0.47078459832972563 off 0.298390090387095 neg 0.23082531128317946	false	0.5
zur			__DUMMY__ 0.4761758215906689 off 0.2956449533917513 neg 0.22817922501757984	false	0.0
frust	neg 1.0		__DUMMY__ 0.4696533495522056 off 0.3011571490435634 neg 0.229189501404231	false	0.5
unerbittlichkeit	neg 1.0		__DUMMY__ 0.47165772473302986 off 0.29993631248505837 neg 0.22840596278191172	false	0.5
zwei			__DUMMY__ 0.4763234870897081 off 0.2949601040005236 neg 0.2287164089097683	false	0.0
unkorrekt	neg 1.0		__DUMMY__ 0.46262926288525136 off 0.31187971158232736 neg 0.22549102553242123	false	0.5
hexe	off 1.0		__DUMMY__ 0.4636223740297473 off 0.30839199827742714 neg 0.22798562769282546	false	1.0
lasch	neg 1.0		__DUMMY__ 0.4655448647565285 off 0.3083912031286269 neg 0.22606393211484457	false	0.5
rivale	neg 1.0		__DUMMY__ 0.4631912501305959 off 0.3141415819497857 neg 0.2226671679196184	false	0.5
mutlos	off 1.0	off 1.0	off 0.6407078759623317 __DUMMY__ 0.22865930583473623 neg 0.13063281820293213	false	1.0
wirr	off 1.0		__DUMMY__ 0.46131017321930967 off 0.3140306449481385 neg 0.22465918183255182	false	1.0
jahr			__DUMMY__ 0.4752668666145667 off 0.3004562961100691 neg 0.2242768372753643	false	0.0
wird			__DUMMY__ 0.47103214327343307 off 0.3008113305328836 neg 0.22815652619368332	false	0.0
strafbar	neg 1.0		__DUMMY__ 0.4710599134656776 off 0.2994656560945746 neg 0.2294744304397479	false	0.5
erosion	neg 1.0		__DUMMY__ 0.4691851518109689 off 0.30442942075665885 neg 0.2263854274323723	false	0.5
eingehen	neg 1.0		__DUMMY__ 0.4701027830516705 off 0.29920631851677787 neg 0.23069089843155144	false	0.5
faul	off 1.0		__DUMMY__ 0.46644707341358477 off 0.30894091147285396 neg 0.2246120151135614	false	1.0
provisorium	neg 1.0		__DUMMY__ 0.4788230304813561 off 0.2919954614425587 neg 0.22918150807608517	false	0.5
schmerzen	neg 1.0		__DUMMY__ 0.46801590006352867 off 0.3017258930165574 neg 0.2302582069199139	false	0.5
schrumpfen	neg 1.0		__DUMMY__ 0.4732439777895456 off 0.2943538172381217 neg 0.23240220497233272	false	0.5
geistlos	off 1.0		__DUMMY__ 0.4647089429526287 off 0.306346452931903 neg 0.22894460411546824	false	1.0
fehlkauf	neg 1.0		__DUMMY__ 0.4667342494075948 off 0.30680884158288985 neg 0.2264569090095152	false	0.5
frustrierend	neg 1.0		__DUMMY__ 0.4654992154702744 off 0.30776351021378334 neg 0.2267372743159422	false	0.5
unzufrieden	neg 1.0		__DUMMY__ 0.47015326032856836 off 0.30125090517819936 neg 0.22859583449323237	false	0.5
verzweifeln	neg 1.0		__DUMMY__ 0.4694705665004019 off 0.3026910321814872 neg 0.22783840131811095	false	0.5
verzweifelt	neg 1.0		__DUMMY__ 0.46729908479788757 off 0.30498267899946574 neg 0.22771823620264672	false	0.5
misstrauensantrag	neg 1.0		__DUMMY__ 0.46692845969077235 off 0.30608686118830364 neg 0.22698467912092404	false	0.5
abfallen	neg 1.0		__DUMMY__ 0.4684762533187822 off 0.3039229492148346 neg 0.22760079746638323	false	0.5
fucker	off 1.0		__DUMMY__ 0.4639352772762481 off 0.3136252763995598 neg 0.22243944632419216	false	1.0
ungezogen	neg 1.0		__DUMMY__ 0.45782222481124296 off 0.3210275346300935 neg 0.2211502405586635	false	0.5
irrsinnig	neg 1.0	neg 1.0	neg 0.5996157772549717 __DUMMY__ 0.2273737652586723 off 0.17301045748635596	false	1.0
unfassbar	neg 1.0		__DUMMY__ 0.46465113349930254 off 0.31045781131374744 neg 0.22489105518694985	false	0.5
hart	neg 1.0		__DUMMY__ 0.46306507449050893 off 0.3104243878406854 neg 0.2265105376688056	false	0.5
widerlich	off 1.0		__DUMMY__ 0.46352119120328666 off 0.31074416739563326 neg 0.22573464140107993	false	1.0
fatal	neg 1.0	neg 1.0	neg 0.6004655872182807 __DUMMY__ 0.22579551522253452 off 0.17373889755918473	false	1.0
bruch	neg 1.0		__DUMMY__ 0.47321625989136246 off 0.2964068335642659 neg 0.2303769065443716	false	0.5
aushungern	neg 1.0		__DUMMY__ 0.4681645126210963 off 0.3018555930519921 neg 0.22997989432691168	false	0.5
anspannung	neg 1.0		__DUMMY__ 0.47621283487547933 off 0.2950431205367521 neg 0.22874404458776865	false	0.5
von			__DUMMY__ 0.4738938517573386 off 0.2988070574361417 neg 0.22729909080651964	false	0.0
kraftlos	neg 1.0		__DUMMY__ 0.47015217410077165 off 0.3005150428048162 neg 0.22933278309441213	false	0.5
vom			__DUMMY__ 0.4802072350426001 off 0.29332610859335156 neg 0.22646665636404834	false	0.0
grenzdebil	off 1.0		__DUMMY__ 0.46376339478301387 off 0.3105263307737714 neg 0.2257102744432147	false	1.0
vor			__DUMMY__ 0.4732536350035807 off 0.2967849015282428 neg 0.2299614634681765	false	0.0
unterwerfen	neg 1.0		__DUMMY__ 0.4712134823360073 off 0.30044920707475625 neg 0.22833731058923654	false	0.5
versenkung	neg 1.0		__DUMMY__ 0.4718643993687057 off 0.2999406731317309 neg 0.2281949274995634	false	0.5
entziehen	neg 1.0		__DUMMY__ 0.4725607155772622 off 0.29760268977227156 neg 0.2298365946504662	false	0.5
finanzkrise	neg 1.0		__DUMMY__ 0.4645934526604524 off 0.30161470616255487 neg 0.23379184117699292	false	0.5
schimpfend	neg 1.0		__DUMMY__ 0.4695867468536571 off 0.3053995617451005 neg 0.22501369140124242	false	0.5
profan	neg 1.0		__DUMMY__ 0.4666750421689768 off 0.3062758395058036 neg 0.22704911832521946	false	0.5
korruption	neg 1.0		__DUMMY__ 0.46805164654953146 off 0.30101684789579186 neg 0.23093150555467665	false	0.5
â			__DUMMY__ 0.47087382459586447 off 0.3010652063540235 neg 0.22806096905011206	false	0.0
schmutzig	neg 1.0		__DUMMY__ 0.46388004637711056 off 0.31076559512941593 neg 0.22535435849347354	false	0.5
sexy	neg 1.0		__DUMMY__ 0.46685069087001796 off 0.308521898411097 neg 0.22462741071888492	false	0.5
abraten	neg 1.0		__DUMMY__ 0.468047146509611 off 0.3062800407370585 neg 0.2256728127533305	false	0.5
schwarz	neg 1.0		__DUMMY__ 0.46750408017269846 off 0.30659006954691476 neg 0.22590585028038668	false	0.5
fotze	off 1.0	off 1.0	off 0.641953043456866 __DUMMY__ 0.22980008206627894 neg 0.12824687447685507	false	1.0
verwirren	neg 1.0		__DUMMY__ 0.4668388825583426 off 0.30670312068552297 neg 0.22645799675613446	false	0.5
zahnlos	off 1.0		__DUMMY__ 0.4690888396257769 off 0.3020381916095934 neg 0.22887296876462979	false	1.0
verheeren	neg 1.0		__DUMMY__ 0.4576733753317839 off 0.3227669189816422 neg 0.21955970568657385	false	0.5
hippie	neg 1.0		__DUMMY__ 0.4668098076045368 off 0.30806911361228556 neg 0.22512107878317766	false	0.5
rammen	neg 1.0		__DUMMY__ 0.47032068411056177 off 0.3056952275316557 neg 0.22398408835778266	false	0.5
unlauter	neg 1.0		__DUMMY__ 0.46720566593758367 off 0.30638356827864033 neg 0.22641076578377597	false	0.5
unheilvoll	neg 1.0		__DUMMY__ 0.4669568902224944 off 0.3047003867639991 neg 0.22834272301350658	false	0.5
niedrig	neg 1.0		__DUMMY__ 0.47035711261176666 off 0.30066600358611867 neg 0.2289768838021147	false	0.5
explosion	neg 1.0		__DUMMY__ 0.4672556933267364 off 0.30816005245582834 neg 0.22458425421743533	false	0.5
weichei	off 1.0	off 1.0	off 0.649404980387353 __DUMMY__ 0.22263497063560267 neg 0.12796004897704438	false	1.0
minusmensch	off 1.0		__DUMMY__ 0.45786914797211176 off 0.32267537275567304 neg 0.21945547927221523	false	1.0
farblos	neg 1.0		__DUMMY__ 0.4690031982223535 off 0.30592965468665373 neg 0.22506714709099282	false	0.5
unwissend	neg 1.0	neg 1.0	neg 0.5989702440660987 __DUMMY__ 0.2256294613549977 off 0.17540029457890363	false	1.0
traurig	neg 1.0		__DUMMY__ 0.4627648874696064 off 0.3132385160068022 neg 0.2239965965235913	false	0.5
senkung	neg 1.0		__DUMMY__ 0.46382525346626274 off 0.3059262676434446 neg 0.23024847889029262	false	0.5
ungleich	neg 1.0	neg 1.0	neg 0.6004475463566189 __DUMMY__ 0.22909900922641557 off 0.1704534444169655	false	1.0
heikel	neg 1.0		__DUMMY__ 0.4712417764106475 off 0.29899677482328846 neg 0.22976144876606397	false	0.5
drosselung	neg 1.0		__DUMMY__ 0.46328564242143483 off 0.3108298990957467 neg 0.22588445848281846	false	0.5
falsch	neg 1.0		__DUMMY__ 0.4661495994959474 off 0.3084289629429186 neg 0.225421437561134	false	0.5
unzufriedenheit	neg 1.0		__DUMMY__ 0.4707493186326347 off 0.2984831222548239 neg 0.23076755911254135	false	0.5
kurz	neg 1.0		__DUMMY__ 0.47118609643156906 off 0.30195350081986855 neg 0.2268604027485624	false	0.5
unsinnig	neg 1.0		__DUMMY__ 0.4679532806377799 off 0.30227491315395205 neg 0.22977180620826784	false	0.5
penner	off 1.0	off 1.0	off 0.6507286891396081 __DUMMY__ 0.2223588089231604 neg 0.12691250193723147	false	1.0
seicht	neg 1.0		__DUMMY__ 0.45579261394502385 off 0.318863689339023 neg 0.2253436967159531	false	0.5
dummheit	off 1.0	off 1.0	off 0.6441338858158022 __DUMMY__ 0.22620295506682714 neg 0.12966315911737067	false	1.0
unerfreulich	neg 1.0		__DUMMY__ 0.47176736183040074 off 0.29881835855951894 neg 0.22941427961008032	false	0.5
motherfucker	off 1.0	off 1.0	off 0.6476590528286066 __DUMMY__ 0.225207569172218 neg 0.12713337799917532	false	1.0
pikiert	neg 1.0		__DUMMY__ 0.46383658649422826 off 0.30937720471090496 neg 0.22678620879486674	false	0.5
wrack	neg 1.0		__DUMMY__ 0.4742137248926079 off 0.3037415666387233 neg 0.22204470846866883	false	0.5
gangster	neg 1.0		__DUMMY__ 0.4665260834583707 off 0.30822623100678986 neg 0.22524768553483945	false	0.5
krank	neg 1.0		__DUMMY__ 0.4644045670154299 off 0.31087836781187006 neg 0.2247170651727001	false	0.5
reich	neg 1.0		__DUMMY__ 0.46438054553768704 off 0.3081584449433167 neg 0.22746100951899623	false	0.5
gnadenlos	neg 1.0		__DUMMY__ 0.46862810131512245 off 0.30520501431574026 neg 0.22616688436913723	false	0.5
niedergeschlagen	neg 1.0		__DUMMY__ 0.4711711929845789 off 0.30145894393829703 neg 0.22736986307712395	false	0.5
terrorisieren	off 1.0	off 1.0	off 0.6401142030888829 __DUMMY__ 0.22941094653596705 neg 0.13047485037515005	false	1.0
sinnlosigkeit	neg 1.0		__DUMMY__ 0.46963844774183383 off 0.30167241820873775 neg 0.22868913404942834	false	0.5
behindern	neg 1.0		__DUMMY__ 0.4686039752547867 off 0.3035736122190181 neg 0.22782241252619534	false	0.5
undemokratisch	neg 1.0		__DUMMY__ 0.46625705676285834 off 0.30618068442328517 neg 0.22756225881385644	false	0.5
wirtschaftskrise	neg 1.0		__DUMMY__ 0.46777983879314605 off 0.30045523516547534 neg 0.23176492604137858	false	0.5
neid	neg 1.0		__DUMMY__ 0.4656521746918632 off 0.30718111224967304 neg 0.22716671305846386	false	0.5
rutschen	neg 1.0		__DUMMY__ 0.4760565023492176 off 0.294452999807599 neg 0.2294904978431835	false	0.5
rezession	neg 1.0		__DUMMY__ 0.45882405481015626 off 0.31193968548692896 neg 0.22923625970291486	false	0.5
fehlgeburt	neg 1.0		__DUMMY__ 0.4702367214651144 off 0.30523677615894806 neg 0.22452650237593752	false	0.5
charakterschwach	off 1.0		__DUMMY__ 0.4634043246523764 off 0.31000437278405557 neg 0.22659130256356802	false	1.0
isolation	neg 1.0		__DUMMY__ 0.46752881515082023 off 0.30909290573799814 neg 0.2233782791111817	false	0.5
ablenkung	neg 1.0		__DUMMY__ 0.46945467374290917 off 0.30371076967367483 neg 0.22683455658341595	false	0.5
pech	neg 1.0		__DUMMY__ 0.465319702424634 off 0.30837059187056715 neg 0.22630970570479883	false	0.5
vermeidung	neg 1.0		__DUMMY__ 0.463953563503761 off 0.3107556876280174 neg 0.22529074886822167	false	0.5
dominieren	neg 1.0		__DUMMY__ 0.4703706986100922 off 0.3026048536166872 neg 0.22702444777322067	false	0.5
schwindlig	neg 1.0		__DUMMY__ 0.46678070054800264 off 0.3057590713899772 neg 0.22746022806202026	false	0.5
lutscher	neg 1.0		__DUMMY__ 0.45576997316415807 off 0.32146991367607103 neg 0.22276011315977098	false	0.5
pflicht	neg 1.0		__DUMMY__ 0.4726750692660628 off 0.2977950472995538 neg 0.22952988343438335	false	0.5
faschist	off 1.0		__DUMMY__ 0.46549668601491495 off 0.30786503540840265 neg 0.22663827857668248	false	1.0
verschleudern	neg 1.0		__DUMMY__ 0.4692384140282085 off 0.29938208090839663 neg 0.23137950506339486	false	0.5
wenn			__DUMMY__ 0.4650517785807617 off 0.3089237965523074 neg 0.22602442486693078	false	0.0
ehebruch	neg 1.0		__DUMMY__ 0.469260875372703 off 0.30018366790761397 neg 0.23055545671968303	false	0.5
spott	off 1.0		__DUMMY__ 0.47102463292858643 off 0.30088842328272725 neg 0.2280869437886863	false	1.0
trostlosigkeit	neg 1.0		__DUMMY__ 0.4707011088409406 off 0.29679720117107555 neg 0.2325016899879839	false	0.5
lutschen	neg 1.0		__DUMMY__ 0.46712588717420434 off 0.30947029035106083 neg 0.22340382247473473	false	0.5
undiszipliniert	neg 1.0		__DUMMY__ 0.46282443391459854 off 0.312278011827931 neg 0.22489755425747054	false	0.5
kopfschmerz	neg 1.0		__DUMMY__ 0.4684463310851664 off 0.2991860290025288 neg 0.23236763991230483	false	0.5
unvorhergesehen	neg 1.0		__DUMMY__ 0.4736663449517548 off 0.298601177162082 neg 0.2277324778861632	false	0.5
desinteressiert	neg 1.0		__DUMMY__ 0.4631215092476102 off 0.31155794533755726 neg 0.22532054541483268	false	0.5
armselig	off 1.0		__DUMMY__ 0.4618558344231377 off 0.31407281854771896 neg 0.22407134702914341	false	1.0
desaster	neg 1.0		__DUMMY__ 0.4715879351687977 off 0.2964656312084446 neg 0.23194643362275777	false	0.5
tod	neg 1.0		__DUMMY__ 0.4714384814481478 off 0.3000896709734649 neg 0.22847184757838745	false	0.5
herzlos	neg 1.0		__DUMMY__ 0.46208940647485924 off 0.31342967983062886 neg 0.22448091369451195	false	0.5
unwissenheit	neg 1.0		__DUMMY__ 0.46963762220686195 off 0.3012314884973337 neg 0.2291308892958043	false	0.5
widersinnig	neg 1.0		__DUMMY__ 0.46742260192083096 off 0.30222612568452256 neg 0.2303512723946465	false	0.5
bedenklich	neg 1.0		__DUMMY__ 0.46983834356624404 off 0.3001329171495679 neg 0.23002873928418813	false	0.5
beanstanden	neg 1.0		__DUMMY__ 0.47309246698819707 off 0.29893410051088193 neg 0.2279734325009211	false	0.5
panisch	neg 1.0		__DUMMY__ 0.46847949535133027 off 0.3063690845518757 neg 0.225151420096794	false	0.5
debil	off 1.0		__DUMMY__ 0.477401851461481 off 0.29241913932546465 neg 0.2301790092130543	false	1.0
abstrich	neg 1.0		__DUMMY__ 0.47205246999712963 off 0.30374447874325766 neg 0.22420305125961265	false	0.5
primitiv	neg 1.0		__DUMMY__ 0.46297855073888194 off 0.3116588305759485 neg 0.2253626186851696	false	0.5
abschaum	off 1.0	off 1.0	off 0.6462944467273228 __DUMMY__ 0.2261360027298113 neg 0.12756955054286587	false	1.0
provozieren	neg 1.0		__DUMMY__ 0.4673885190479678 off 0.3046140443850467 neg 0.2279974365669855	false	0.5
tot	neg 1.0		__DUMMY__ 0.4710375216611226 off 0.30226707419862103 neg 0.22669540414025624	false	0.5
instabil	neg 1.0		__DUMMY__ 0.46146058528561007 off 0.31440621709415484 neg 0.22413319762023504	false	0.5
schwuchtel	off 1.0	off 1.0	off 0.6555143109390168 __DUMMY__ 0.2198469398595141 neg 0.12463874920146913	false	1.0
zerren	neg 1.0		__DUMMY__ 0.4710412114108672 off 0.3013022855855332 neg 0.2276565030035997	false	0.5
kinderficker	off 1.0		__DUMMY__ 0.4603873429215896 off 0.3167365511996234 neg 0.22287610587878687	false	1.0
gefahr	neg 1.0		__DUMMY__ 0.473122500078816 off 0.2987708707347638 neg 0.22810662918642008	false	0.5
rabiat	neg 1.0		__DUMMY__ 0.4682159459806768 off 0.30248564906900904 neg 0.2292984049503141	false	0.5
verlangsamung	neg 1.0		__DUMMY__ 0.45916196949726495 off 0.3187008205605484 neg 0.22213720994218658	false	0.5
ausgestorben	neg 1.0		__DUMMY__ 0.46958449535836067 off 0.3025772079242819 neg 0.22783829671735759	false	0.5
anklagen	neg 1.0		__DUMMY__ 0.46918493030062125 off 0.3020328014579505 neg 0.2287822682414283	false	0.5
trott	neg 1.0		__DUMMY__ 0.4691321316727933 off 0.3041221062750958 neg 0.22674576205211106	false	0.5
verminderung	neg 1.0		__DUMMY__ 0.46357440229356667 off 0.31061672479908764 neg 0.22580887290734572	false	0.5
nach			__DUMMY__ 0.4776579408904193 off 0.2935156915640229 neg 0.22882636754555769	false	0.0
rost	neg 1.0		__DUMMY__ 0.4599631443328176 off 0.32073022923604205 neg 0.21930662643114027	false	0.5
destruktiv	neg 1.0		__DUMMY__ 0.4674656641479686 off 0.30311332906754923 neg 0.22942100678448218	false	0.5
unzumutbarkeit	neg 1.0		__DUMMY__ 0.4666589136181249 off 0.31220899921306555 neg 0.22113208716880953	false	0.5
labil	off 1.0	off 1.0	off 0.6457824131683036 __DUMMY__ 0.22617772725417362 neg 0.12803985957752273	false	1.0
ziemlich	neg 1.0		__DUMMY__ 0.4654753934584296 off 0.31046343335103255 neg 0.22406117319053792	false	0.5
lachnummer	off 1.0		__DUMMY__ 0.46832713913326446 off 0.30437146956159306 neg 0.22730139130514243	false	1.0
oder			__DUMMY__ 0.4694444071030155 off 0.3048555746478901 neg 0.22570001824909453	false	0.0
verfall	neg 1.0		__DUMMY__ 0.472876850067793 off 0.294322581472227 neg 0.23280056845997982	false	0.5
ausgrenzung	neg 1.0		__DUMMY__ 0.4664839635163344 off 0.30622028892079456 neg 0.22729574756287088	false	0.5
unordnung	neg 1.0		__DUMMY__ 0.46369189150281487 off 0.316329034782857 neg 0.21997907371432804	false	0.5
fehlverhalten	neg 1.0		__DUMMY__ 0.47102455133384197 off 0.2994574673989564 neg 0.2295179812672016	false	0.5
eine			__DUMMY__ 0.47266982269136265 off 0.2973295428310267 neg 0.2300006344776106	false	0.0
nille	neg 1.0		__DUMMY__ 0.46918686100256013 off 0.3046604750997984 neg 0.22615266389764158	false	0.5
qual	neg 1.0		__DUMMY__ 0.4692005210459792 off 0.3036989572112785 neg 0.22710052174274245	false	0.5
verschwenden	neg 1.0		__DUMMY__ 0.47036436714430835 off 0.298769314644206 neg 0.2308663182114855	false	0.5
riesig	neg 1.0		__DUMMY__ 0.47306680436066756 off 0.30091023783769316 neg 0.22602295780163928	false	0.5
verurteilen	neg 1.0		__DUMMY__ 0.4689949150769694 off 0.30152910069618977 neg 0.2294759842268409	false	0.5
klischee	neg 1.0	neg 1.0	neg 0.5991741024610765 __DUMMY__ 0.22599856799569937 off 0.17482732954322416	false	1.0
diktatorisch	neg 1.0		__DUMMY__ 0.46556832622995076 off 0.3059630377498437 neg 0.22846863602020565	false	0.5
vorhersehbar	neg 1.0		__DUMMY__ 0.46504513818338017 off 0.3065929293633788 neg 0.228361932453241	false	0.5
sowie			__DUMMY__ 0.45964922838728395 off 0.31549338951940264 neg 0.22485738209331332	false	0.0
stornieren	neg 1.0		__DUMMY__ 0.47178415650254935 off 0.3095434369409515 neg 0.2186724065564992	false	0.5
besteuerung	neg 1.0	neg 1.0	neg 0.6014812469869345 __DUMMY__ 0.22601319164285888 off 0.1725055613702066	false	1.0
ungeschminkt	neg 1.0		__DUMMY__ 0.4639678501428532 off 0.3123571965028989 neg 0.223674953354248	false	0.5
kritisch	neg 1.0		__DUMMY__ 0.47009205908557883 off 0.30142318031257365 neg 0.22848476060184753	false	0.5
schlamperei	off 1.0		__DUMMY__ 0.4711730616680976 off 0.3002243585159401 neg 0.22860257981596235	false	1.0
sucht	neg 1.0	neg 1.0	neg 0.5962714242644424 __DUMMY__ 0.22935143298533844 off 0.17437714275021907	false	1.0
egoistisch	off 1.0	off 1.0	off 0.649747690956436 __DUMMY__ 0.22377915005652993 neg 0.126473158987034	false	1.0
ausbeuter	off 1.0		__DUMMY__ 0.4696414686222519 off 0.29849800095495105 neg 0.2318605304227969	false	1.0
arschgeburt	off 1.0		__DUMMY__ 0.4544067466467225 off 0.3266451258104384 neg 0.2189481275428391	false	1.0
schubs	neg 1.0		__DUMMY__ 0.4698504613518164 off 0.3003139158968093 neg 0.2298356227513742	false	0.5
unsolide	neg 1.0		__DUMMY__ 0.46629177109213377 off 0.3069776006510218 neg 0.2267306282568444	false	0.5
beschwerde	neg 1.0		__DUMMY__ 0.47047063483194623 off 0.3021115079943118 neg 0.22741785717374208	false	0.5
stocken	neg 1.0		__DUMMY__ 0.4711988830969129 off 0.30098347983234014 neg 0.22781763707074706	false	0.5
isolieren	neg 1.0		__DUMMY__ 0.47043984817511986 off 0.3021549523348282 neg 0.22740519949005178	false	0.5
unheilbar	neg 1.0		__DUMMY__ 0.467541678877028 off 0.3034527248220458 neg 0.22900559630092612	false	0.5
pisser	off 1.0	off 1.0	off 0.6486977345357187 __DUMMY__ 0.22565481949204977 neg 0.1256474459722316	false	1.0
löschen	neg 1.0		__DUMMY__ 0.4687935035765036 off 0.30490659817234456 neg 0.22629989825115188	false	0.5
durchfallen	neg 1.0		__DUMMY__ 0.4700344421715559 off 0.301069611134236 neg 0.2288959466942082	false	0.5
wichser	off 1.0	off 1.0	off 0.652661473520648 __DUMMY__ 0.22106337926882427 neg 0.12627514721052763	false	1.0
terror	neg 1.0		__DUMMY__ 0.46743199443293443 off 0.3081194429893079 neg 0.22444856257775775	false	0.5
krass	neg 1.0		__DUMMY__ 0.46125446648628254 off 0.3155055308450985 neg 0.22324000266861888	false	0.5
revolte	neg 1.0		__DUMMY__ 0.46292445096262624 off 0.30664863315892243 neg 0.2304269158784513	false	0.5
besorgt	neg 1.0		__DUMMY__ 0.471798095061458 off 0.30248033270577596 neg 0.22572157223276593	false	0.5
nachlassen	neg 1.0		__DUMMY__ 0.4716297878430477 off 0.30103408097930556 neg 0.22733613117764662	false	0.5
alt	neg 1.0		__DUMMY__ 0.4676859249051286 off 0.29880882538496767 neg 0.23350524970990374	false	0.5
hundesohn	off 1.0	off 1.0	off 0.6527876249742719 __DUMMY__ 0.22270515082909173 neg 0.12450722419663643	false	1.0
als			__DUMMY__ 0.46941552405346443 off 0.301368018088916 neg 0.2292164578576195	false	0.0
abschreckung	neg 1.0		__DUMMY__ 0.4712293417036233 off 0.29843178516650104 neg 0.2303388731298758	false	0.5
unqualifiziert	neg 1.0		__DUMMY__ 0.46528208069742355 off 0.3086392450722105 neg 0.22607867423036598	false	0.5
abgewichst	off 1.0		__DUMMY__ 0.47001300175462574 off 0.3041161271220154 neg 0.22587087112335869	false	1.0
schwer	neg 1.0		__DUMMY__ 0.46850850964789037 off 0.30290980484453073 neg 0.22858168550757893	false	0.5
bedeutungslosigkeit	neg 1.0		__DUMMY__ 0.4709379619701923 off 0.29898169420670384 neg 0.2300803438231039	false	0.5
kapitulation	neg 1.0		__DUMMY__ 0.46831863060665907 off 0.3001938089215849 neg 0.2314875604717559	false	0.5
unscharf	neg 1.0		__DUMMY__ 0.4641386656783579 off 0.3049338958961148 neg 0.23092743842552715	false	0.5
schwinden	neg 1.0		__DUMMY__ 0.4706961402354246 off 0.29908930288491953 neg 0.2302145568796558	false	0.5
versklavung	neg 1.0	neg 1.0	neg 0.5999120856691226 __DUMMY__ 0.22666684759302744 off 0.17342106673785	false	1.0
schlecht	neg 1.0		__DUMMY__ 0.46565365387256685 off 0.3107186385290782 neg 0.22362770759835487	false	0.5
verhasst	neg 1.0		__DUMMY__ 0.4667273162372923 off 0.30527252196423954 neg 0.22800016179846833	false	0.5
beschweren	neg 1.0		__DUMMY__ 0.46815187696381627 off 0.3063315010574459 neg 0.22551662197873765	false	0.5
scheiden	neg 1.0		__DUMMY__ 0.46882004688706197 off 0.30404263546265836 neg 0.2271373176502796	false	0.5
frustriert	neg 1.0		__DUMMY__ 0.4697446070290506 off 0.3023967651593318 neg 0.22785862781161767	false	0.5
schimmelig	neg 1.0		__DUMMY__ 0.46948413353868856 off 0.3004163494501182 neg 0.2300995170111933	false	0.5
fisch	neg 1.0		__DUMMY__ 0.47018447701210947 off 0.29623671227188547 neg 0.23357881071600517	false	0.5
schmuggel	neg 1.0		__DUMMY__ 0.4738918443745 off 0.29813447539048893 neg 0.22797368023501116	false	0.5
auffallen	neg 1.0		__DUMMY__ 0.467190721687575 off 0.306515792175718 neg 0.22629348613670713	false	0.5
konkurrenz	neg 1.0		__DUMMY__ 0.47285603632242873 off 0.29924635310876974 neg 0.22789761056880148	false	0.5
teufelskreis	neg 1.0	neg 1.0	neg 0.601388415327373 __DUMMY__ 0.22711638757972427 off 0.17149519709290276	false	1.0
aufschreien	neg 1.0		__DUMMY__ 0.4656393293625094 off 0.3066932559083601 neg 0.22766741472913038	false	0.5
schuldner	neg 1.0		__DUMMY__ 0.4695433148433616 off 0.29829223530383964 neg 0.2321644498527988	false	0.5
missgeburt	off 1.0	off 1.0	off 0.6521940561044572 __DUMMY__ 0.22426713658783198 neg 0.12353880730771073	false	1.0
arbeitslos	neg 1.0		__DUMMY__ 0.4701563573152732 off 0.30103167438329725 neg 0.22881196830142958	false	0.5
befallen	neg 1.0		__DUMMY__ 0.46818824545058413 off 0.30257021171215076 neg 0.22924154283726497	false	0.5
miesepetrig	off 1.0	off 1.0	off 0.6455816508992774 __DUMMY__ 0.22586363057930076 neg 0.12855471852142183	false	1.0
alarmieren	neg 1.0		__DUMMY__ 0.46563292505673537 off 0.30948687522014623 neg 0.22488019972311848	false	0.5
ungeduscht	off 1.0		__DUMMY__ 0.4649662791278912 off 0.30856786473435704 neg 0.22646585613775178	false	1.0
knappheit	neg 1.0		__DUMMY__ 0.4686441826064311 off 0.3010275606349171 neg 0.2303282567586519	false	0.5
schlange	neg 1.0		__DUMMY__ 0.46940142443951244 off 0.30472013529182884 neg 0.22587844026865858	false	0.5
harsch	neg 1.0		__DUMMY__ 0.4652952599952673 off 0.3167466339654286 neg 0.21795810603930393	false	0.5
lang	neg 1.0		__DUMMY__ 0.46836610261181505 off 0.3057481115819881 neg 0.22588578580619686	false	0.5
ziellos	neg 1.0		__DUMMY__ 0.4721697883537521 off 0.29974498042349274 neg 0.228085231222755	false	0.5
selbstverliebt	neg 1.0		__DUMMY__ 0.4565196587492605 off 0.32335908287237014 neg 0.22012125837836938	false	0.5
beseitigen	neg 1.0		__DUMMY__ 0.4724728881816303 off 0.30580320249773446 neg 0.22172390932063524	false	0.5
dumm	off 1.0		__DUMMY__ 0.4593202215077209 off 0.3174366496679478 neg 0.22324312882433145	false	1.0
arbeitsloser	neg 1.0		__DUMMY__ 0.47216731795620115 off 0.3020717653312017 neg 0.22576091671259724	false	0.5
blitzen	neg 1.0		__DUMMY__ 0.46572567533973336 off 0.30834444872486083 neg 0.22592987593540584	false	0.5
hilflos	neg 1.0		__DUMMY__ 0.46999817291044116 off 0.3010878226457566 neg 0.22891400444380225	false	0.5
eklig	off 1.0		__DUMMY__ 0.45805768136080416 off 0.3175371591246095 neg 0.22440515951458626	false	1.0
begriff			__DUMMY__ 0.46846111101360133 off 0.30318475857404314 neg 0.22835413041235564	false	0.0
hungersnot	neg 1.0		__DUMMY__ 0.46759203985692244 off 0.3004478792087272 neg 0.23196008093435053	false	0.5
ungesetzlich	neg 1.0		__DUMMY__ 0.46589789836437623 off 0.3061301637497014 neg 0.2279719378859223	false	0.5
verschwendung	neg 1.0		__DUMMY__ 0.4709492991575532 off 0.298949383226448 neg 0.2301013176159989	false	0.5
schmerzvoll	neg 1.0		__DUMMY__ 0.46690505915882935 off 0.30517855004618916 neg 0.22791639079498144	false	0.5
vorzeitig	neg 1.0		__DUMMY__ 0.4666429665525618 off 0.31044589314921184 neg 0.22291114029822648	false	0.5
unvollkommenheit	neg 1.0		__DUMMY__ 0.4697440808124187 off 0.3023572603632434 neg 0.22789865882433794	false	0.5
intervenieren	neg 1.0		__DUMMY__ 0.4694515411101877 off 0.2993152110520332 neg 0.23123324783777904	false	0.5
banause	off 1.0		__DUMMY__ 0.45541129529040325 off 0.318501777099426 neg 0.22608692761017074	false	1.0
rebell	neg 1.0		__DUMMY__ 0.4732696598960436 off 0.29524358816780905 neg 0.23148675193614732	false	0.5
unlogisch	neg 1.0		__DUMMY__ 0.46244365898340084 off 0.31287652839016505 neg 0.22467981262643397	false	0.5
leiden	neg 1.0		__DUMMY__ 0.4739618758027432 off 0.29868266356160145 neg 0.2273554606356553	false	0.5
abschaffung	neg 1.0		__DUMMY__ 0.4668014557482697 off 0.30486079062419275 neg 0.22833775362753747	false	0.5
sturz	neg 1.0		__DUMMY__ 0.4707638199072029 off 0.30802880922361364 neg 0.22120737086918363	false	0.5
verkleinerung	neg 1.0		__DUMMY__ 0.4639841102799721 off 0.3080448163144526 neg 0.22797107340557532	false	0.5
schmarotzer	off 1.0		__DUMMY__ 0.4689711135341691 off 0.30174733638342927 neg 0.22928155008240178	false	1.0
bestrafung	neg 1.0	neg 1.0	neg 0.5988450832139334 __DUMMY__ 0.22809933192524795 off 0.17305558486081873	false	1.0
achtlos	neg 1.0		__DUMMY__ 0.4698607909463825 off 0.3024406614135905 neg 0.227698547640027	false	0.5
ungeheuer	neg 1.0		__DUMMY__ 0.4673488031231027 off 0.3039934665011008 neg 0.2286577303757965	false	0.5
unaufrichtig	neg 1.0		__DUMMY__ 0.4661379766450896 off 0.3090785168294779 neg 0.22478350652543244	false	0.5
groggy	neg 1.0		__DUMMY__ 0.46767172695014264 off 0.3082873404488365 neg 0.22404093260102098	false	0.5
verletzlich	neg 1.0		__DUMMY__ 0.46249772720042404 off 0.3086902277788133 neg 0.22881204502076277	false	0.5
