unsolidarisch	neg 1.0		__DUMMY__ 0.9247798480811863 off 0.04252867543253323 neg 0.03269147648628053	false	0.5
nachteilig	neg 1.0		__DUMMY__ 0.9327770417320694 off 0.038331271604405893 neg 0.02889168666352474	false	0.5
skeptisch	neg 1.0		__DUMMY__ 0.9312441561671191 off 0.03748195336533277 neg 0.031273890467548145	false	0.5
schrecklich	neg 1.0		__DUMMY__ 0.9208630612638455 off 0.04885854341029379 neg 0.030278395325860737	false	0.5
schlapp	neg 1.0	neg 1.0	neg 0.49830388508684587 __DUMMY__ 0.4602908553341101 off 0.04140525957904403	false	1.0
abfall	neg 1.0		__DUMMY__ 0.9345530126289856 off 0.0348276100245311 neg 0.03061937734648329	false	0.5
widerspenstig	neg 1.0		__DUMMY__ 0.9274546530518776 off 0.040541419629646025 neg 0.03200392731847648	false	0.5
abrupt	neg 1.0		__DUMMY__ 0.9312658212326467 off 0.036771929630584246 neg 0.03196224913676911	false	0.5
unwirksam	neg 1.0		__DUMMY__ 0.9238261339255736 off 0.04183845636958225 neg 0.03433540970484425	false	0.5
angreifen	neg 1.0		__DUMMY__ 0.9314189483637209 off 0.0371010558466182 neg 0.03147999578966096	false	0.5
inkonsistent	neg 1.0		__DUMMY__ 0.9248470125530239 off 0.04329695510647763 neg 0.03185603234049841	false	0.5
abrutschen	neg 1.0		__DUMMY__ 0.9339418703308391 off 0.034554559315224324 neg 0.03150357035393663	false	0.5
unsicher	neg 1.0		__DUMMY__ 0.9286342492052877 off 0.04123828531116789 neg 0.030127465483544398	false	0.5
bauernkind	off 1.0	off 1.0	off 0.5158482994727144 __DUMMY__ 0.45457551664963586 neg 0.02957618387764978	false	1.0
angreifer	neg 1.0		__DUMMY__ 0.9282860070898153 off 0.04453863697766826 neg 0.0271753559325164	false	0.5
trennen	neg 1.0		__DUMMY__ 0.9327981526631478 off 0.03662028296136403 neg 0.03058156437548812	false	0.5
schmutz	neg 1.0		__DUMMY__ 0.9335112806680825 off 0.04339428791359583 neg 0.02309443141832165	false	0.5
inkonsistenz	neg 1.0		__DUMMY__ 0.9236873974089271 off 0.04552734588388363 neg 0.03078525670718925	false	0.5
erschreckend	neg 1.0		__DUMMY__ 0.9280447874189066 off 0.04085505002459142 neg 0.031100162556501935	false	0.5
ertrinken	neg 1.0		__DUMMY__ 0.9310465364161185 off 0.036561349595916025 neg 0.032392113987965515	false	0.5
pickelface	off 1.0		__DUMMY__ 0.9289714255677612 off 0.041695644678388606 neg 0.029332929753850136	false	1.0
seiner			__DUMMY__ 0.9323020023545976 off 0.03724245164149145 neg 0.030455546003910938	false	0.0
lauch	neg 1.0	neg 1.0	neg 0.4975087080125421 __DUMMY__ 0.47085199342407213 off 0.031639298563385806	false	1.0
unwichtig	neg 1.0		__DUMMY__ 0.9237730359406033 off 0.04546167323788264 neg 0.030765290821514024	false	0.5
steuerhinterziehung	neg 1.0		__DUMMY__ 0.9264305097292712 off 0.04098676507489769 neg 0.03258272519583111	false	0.5
schock	neg 1.0		__DUMMY__ 0.9294780336281038 off 0.03986820346005131 neg 0.030653762911844976	false	0.5
beule	neg 1.0		__DUMMY__ 0.9220695444751678 off 0.04698255518641857 neg 0.030947900338413672	false	0.5
vergelten	neg 1.0		__DUMMY__ 0.9218070436934178 off 0.04990332241980259 neg 0.028289633886779606	false	0.5
verdorbenheit	neg 1.0		__DUMMY__ 0.9300023475229472 off 0.04180283347804593 neg 0.02819481899900686	false	0.5
trauma	neg 1.0		__DUMMY__ 0.9266499581669059 off 0.04250370293147885 neg 0.030846338901615256	false	0.5
sinnlos	neg 1.0		__DUMMY__ 0.9266110852717357 off 0.04302853248599613 neg 0.0303603822422682	false	0.5
fettsack	off 1.0	off 1.0	off 0.5170179208036974 __DUMMY__ 0.45508771771983453 neg 0.027894361476468257	false	1.0
feige	off 1.0	off 1.0	off 0.5125255250221601 __DUMMY__ 0.45885856989049145 neg 0.02861590508734837	false	1.0
abdanken	neg 1.0		__DUMMY__ 0.9284680796216338 off 0.04127923982595133 neg 0.030252680552414975	false	0.5
wichtigtuer	off 1.0	off 1.0	off 0.5099237436396467 __DUMMY__ 0.46201201899042726 neg 0.028064237369926102	false	1.0
misslingen	neg 1.0		__DUMMY__ 0.9317235998563195 off 0.0421719722422344 neg 0.02610442790144617	false	0.5
untreu	off 1.0		__DUMMY__ 0.9228172736381123 off 0.046531628400947676 neg 0.030651097960940062	false	1.0
missmutig	neg 1.0		__DUMMY__ 0.923701860220076 off 0.04428981477907074 neg 0.03200832500085328	false	0.5
hurenbock	off 1.0		__DUMMY__ 0.927832158317038 off 0.041248341320444235 neg 0.03091950036251775	false	1.0
betrunken	neg 1.0		__DUMMY__ 0.9215482714816761 off 0.047855787544485384 neg 0.030595940973838616	false	0.5
korrupt	off 1.0		__DUMMY__ 0.9257405056452432 off 0.04074580949241482 neg 0.033513684862341936	false	1.0
unmut	neg 1.0		__DUMMY__ 0.9326376354561148 off 0.03607606874398692 neg 0.031286295799898334	false	0.5
hackfresse	off 1.0		__DUMMY__ 0.9172299419863529 off 0.05267196006748242 neg 0.03009809794616476	false	1.0
aufblasen	neg 1.0		__DUMMY__ 0.9277057371745223 off 0.04140294648266089 neg 0.03089131634281681	false	0.5
gewaltsam	neg 1.0		__DUMMY__ 0.9297456151659893 off 0.04102163517834508 neg 0.02923274965566558	false	0.5
unbeliebtheit	neg 1.0		__DUMMY__ 0.9241332641735246 off 0.04664971771925181 neg 0.029217018107223536	false	0.5
sturheit	neg 1.0		__DUMMY__ 0.9288778796342506 off 0.040840891661585846 neg 0.030281228704163568	false	0.5
kuh	neg 1.0		__DUMMY__ 0.921299201603339 off 0.04361393603876668 neg 0.03508686235789429	false	0.5
erschrecken	neg 1.0		__DUMMY__ 0.9251652507143446 off 0.044670550072413585 neg 0.030164199213241823	false	0.5
opfer	neg 1.0		__DUMMY__ 0.9311347025838087 off 0.038560449323883125 neg 0.030304848092308115	false	0.5
sinken	neg 1.0		__DUMMY__ 0.9315261086020572 off 0.03640454595523032 neg 0.03206934544271251	false	0.5
stinktier	neg 1.0		__DUMMY__ 0.9159903222622211 off 0.050889448729022506 neg 0.033120229008756434	false	0.5
tucke	off 1.0		__DUMMY__ 0.9134776660852052 off 0.05440219649508117 neg 0.03212013741971369	false	1.0
ein			__DUMMY__ 0.9271148097582366 off 0.040369627805952005 neg 0.03251556243581139	false	0.0
abstieg	neg 1.0		__DUMMY__ 0.9324154269353245 off 0.03959996500077814 neg 0.02798460806389731	false	0.5
missverstehen	neg 1.0		__DUMMY__ 0.9252071738252844 off 0.04381667283407344 neg 0.030976153340642264	false	0.5
ergebnislos	neg 1.0		__DUMMY__ 0.9327718102312631 off 0.038327426632556005 neg 0.028900763136180868	false	0.5
unter			__DUMMY__ 0.9392755650839476 off 0.03111344081075601 neg 0.029610994105296433	false	0.0
manipulieren	neg 1.0		__DUMMY__ 0.9316493483942129 off 0.03788363403468409 neg 0.030467017571102966	false	0.5
unbewiesen	neg 1.0		__DUMMY__ 0.9259476963825228 off 0.04274693721155156 neg 0.031305366405925655	false	0.5
verschleppen	neg 1.0		__DUMMY__ 0.9288604748422675 off 0.0392964309218461 neg 0.03184309423588644	false	0.5
weib	off 1.0		__DUMMY__ 0.9152911148881199 off 0.054633999517296215 neg 0.030074885594583878	false	1.0
opposition	neg 1.0		__DUMMY__ 0.9256970721111732 off 0.04252419433858687 neg 0.0317787335502399	false	0.5
verkehrswidrig	neg 1.0		__DUMMY__ 0.9248038418304861 off 0.049802125806806014 neg 0.02539403236270787	false	0.5
inkorrekt	neg 1.0		__DUMMY__ 0.9198194943280823 off 0.04906868635606608 neg 0.031111819315851604	false	0.5
vermeiden	neg 1.0		__DUMMY__ 0.9366619882724709 off 0.03392331092609089 neg 0.029414700801438202	false	0.5
abweichung	neg 1.0		__DUMMY__ 0.9313458533082754 off 0.03943282302007896 neg 0.029221323671645677	false	0.5
alkoholisiert	neg 1.0		__DUMMY__ 0.938563107917279 off 0.036375413884813156 neg 0.025061478197907803	false	0.5
scheiss	off 1.0	off 1.0	off 0.5128957613534945 __DUMMY__ 0.458828569964429 neg 0.028275668682076607	false	1.0
herausforderung	neg 1.0		__DUMMY__ 0.9303228278473284 off 0.03931033228065083 neg 0.030366839872020678	false	0.5
pervers	off 1.0		__DUMMY__ 0.913261461208679 off 0.05654437296115974 neg 0.03019416583016122	false	1.0
wackelig	neg 1.0		__DUMMY__ 0.9309640250085551 off 0.038799858705616724 neg 0.030236116285828223	false	0.5
verwickeln	neg 1.0		__DUMMY__ 0.9258508625318704 off 0.04311180229901794 neg 0.03103733516911163	false	0.5
vorwand	neg 1.0		__DUMMY__ 0.9320498667833828 off 0.036681576971976174 neg 0.03126855624464108	false	0.5
muschi	off 1.0		__DUMMY__ 0.9305410162705264 off 0.040774032962046715 neg 0.02868495076742685	false	1.0
entmutigung	neg 1.0		__DUMMY__ 0.9227892097925432 off 0.043852800998043624 neg 0.03335798920941317	false	0.5
unangemessen	neg 1.0		__DUMMY__ 0.9284156704274865 off 0.040522025928319626 neg 0.031062303644193812	false	0.5
unstetig	neg 1.0		__DUMMY__ 0.9264742910555178 off 0.04449126432069194 neg 0.029034444623790175	false	0.5
entmutigen	neg 1.0		__DUMMY__ 0.9258130400514004 off 0.04209882925770028 neg 0.032088130690899275	false	0.5
schwanz	neg 1.0		__DUMMY__ 0.9318872592845979 off 0.038803410290201915 neg 0.02930933042520016	false	0.5
verbot	neg 1.0		__DUMMY__ 0.9279174669329047 off 0.040439313228979416 neg 0.031643219838115945	false	0.5
leid	neg 1.0		__DUMMY__ 0.9194409849501901 off 0.05013186821713592 neg 0.030427146832673925	false	0.5
archaisch	neg 1.0		__DUMMY__ 0.9283289205505938 off 0.040211134918109764 neg 0.031459944531296406	false	0.5
gegen			__DUMMY__ 0.9336668059757012 off 0.03653020729786955 neg 0.029802986726429285	false	0.0
scheidung	neg 1.0		__DUMMY__ 0.9161766619688329 off 0.059604729508943 neg 0.024218608522224093	false	0.5
einschlag	neg 1.0		__DUMMY__ 0.9239050952823065 off 0.04900903304091008 neg 0.027085871676783342	false	0.5
m			__DUMMY__ 0.9306893782045417 off 0.039328569134829454 neg 0.029982052660628776	false	0.0
abgestanden	neg 1.0		__DUMMY__ 0.9238938659514879 off 0.04075103279976827 neg 0.03535510124874371	false	0.5
schmierig	off 1.0		__DUMMY__ 0.9192869519133466 off 0.049951453836550516 neg 0.030761594250102876	false	1.0
unpraktisch	neg 1.0		__DUMMY__ 0.9279992166458731 off 0.042115463675971465 neg 0.02988531967815543	false	0.5
wixxer	off 1.0		__DUMMY__ 0.9123113182039585 off 0.05691845611386565 neg 0.03077022568217584	false	1.0
bezeichnet			__DUMMY__ 0.928079131259157 off 0.0417112068258094 neg 0.030209661915033586	false	0.0
jammerlappen	off 1.0		__DUMMY__ 0.9235882077381666 off 0.045740401750348686 neg 0.030671390511484646	false	1.0
farce	neg 1.0		__DUMMY__ 0.9262425060590167 off 0.04176417228836116 neg 0.0319933216526222	false	0.5
zwecklos	neg 1.0		__DUMMY__ 0.9285405660872789 off 0.03972896931709845 neg 0.03173046459562278	false	0.5
turbulent	neg 1.0		__DUMMY__ 0.9232797728994064 off 0.04735831342287923 neg 0.029361913677714443	false	0.5
invasion	neg 1.0		__DUMMY__ 0.9261843460646646 off 0.0435192905585392 neg 0.03029636337679624	false	0.5
schuld	neg 1.0		__DUMMY__ 0.9266817036705491 off 0.0425173064880332 neg 0.030800989841417648	false	0.5
risiko	neg 1.0		__DUMMY__ 0.9263775619434025 off 0.043245409573580744 neg 0.03037702848301677	false	0.5
finster	neg 1.0		__DUMMY__ 0.926737394274652 off 0.04043066483870804 neg 0.03283194088663993	false	0.5
geisteskrank	off 1.0		__DUMMY__ 0.9209805261468119 off 0.04796931747217598 neg 0.031050156381012134	false	1.0
zusammenbrechen	neg 1.0		__DUMMY__ 0.9286203603082064 off 0.03984110485214119 neg 0.0315385348396524	false	0.5
ausbeute	neg 1.0		__DUMMY__ 0.9308041219437126 off 0.03998228934621066 neg 0.029213588710076604	false	0.5
hinterhalt	neg 1.0		__DUMMY__ 0.9297223757732653 off 0.03983755169031542 neg 0.030440072536419276	false	0.5
kritik	neg 1.0		__DUMMY__ 0.9260331425515097 off 0.04157085167818371 neg 0.032396005770306546	false	0.5
einschrumpfen	neg 1.0		__DUMMY__ 0.9226544850908106 off 0.045902206735066974 neg 0.031443308174122386	false	0.5
riskant	neg 1.0		__DUMMY__ 0.9309215688094475 off 0.03770125795175364 neg 0.03137717323879878	false	0.5
frustrieren	neg 1.0		__DUMMY__ 0.9296867646009502 off 0.03848432610838437 neg 0.03182890929066529	false	0.5
groll	neg 1.0		__DUMMY__ 0.9294698885742794 off 0.03986243832502815 neg 0.030667673100692475	false	0.5
gibt			__DUMMY__ 0.9297042943382067 off 0.039503243372518294 neg 0.030792462289274986	false	0.0
qualvoll	neg 1.0		__DUMMY__ 0.9258565295065999 off 0.04299265213305695 neg 0.031150818360343162	false	0.5
wackeln	neg 1.0		__DUMMY__ 0.9285679674137348 off 0.04103144519942081 neg 0.030400587386844487	false	0.5
klagen	neg 1.0		__DUMMY__ 0.9316078562998641 off 0.036962737469598356 neg 0.031429406230537554	false	0.5
bankrott	neg 1.0		__DUMMY__ 0.9265717431753219 off 0.04494778151693303 neg 0.02848047530774514	false	0.5
trauern	neg 1.0		__DUMMY__ 0.9338522286150657 off 0.037547275878381414 neg 0.028600495506552928	false	0.5
ablehnung	neg 1.0		__DUMMY__ 0.9275250469664642 off 0.04106225316125709 neg 0.03141269987227865	false	0.5
stur	neg 1.0		__DUMMY__ 0.9260058056895242 off 0.042492841583500376 neg 0.03150135272697547	false	0.5
aufruhr	neg 1.0		__DUMMY__ 0.9260599461153827 off 0.04160713542321007 neg 0.03233291846140722	false	0.5
melancholie	neg 1.0		__DUMMY__ 0.9301356413215196 off 0.03688556204790045 neg 0.032978796630580016	false	0.5
ist			__DUMMY__ 0.9264949770246456 off 0.04281838766732973 neg 0.030686635308024724	false	0.0
torheit	neg 1.0		__DUMMY__ 0.9261826445927156 off 0.042646385030885435 neg 0.031170970376398894	false	0.5
dreckskind	off 1.0		__DUMMY__ 0.9163198705101169 off 0.05378415464022956 neg 0.0298959748496536	false	1.0
umtauschen	neg 1.0		__DUMMY__ 0.9289853822131895 off 0.040255438731151026 neg 0.03075917905565956	false	0.5
zum			__DUMMY__ 0.9391492452391624 off 0.03390936713637676 neg 0.026941387624460855	false	0.0
zersetzen	neg 1.0		__DUMMY__ 0.9301341424299783 off 0.03764652934105944 neg 0.032219328228962375	false	0.5
zur			__DUMMY__ 0.9364266476918495 off 0.034292342060645 neg 0.029281010247505516	false	0.0
frust	neg 1.0		__DUMMY__ 0.9287005443559617 off 0.03969597992049132 neg 0.03160347572354694	false	0.5
unerbittlichkeit	neg 1.0		__DUMMY__ 0.9312363848123519 off 0.038285122402743885 neg 0.0304784927849042	false	0.5
zwei			__DUMMY__ 0.9367343671698346 off 0.03355049941648877 neg 0.029715133413676636	false	0.0
unkorrekt	neg 1.0		__DUMMY__ 0.9211019701296417 off 0.047768428949202885 neg 0.03112960092115544	false	0.5
hexe	off 1.0		__DUMMY__ 0.922528425743056 off 0.045054241180764454 neg 0.03241733307617949	false	1.0
lasch	neg 1.0		__DUMMY__ 0.9242461422422685 off 0.045092805959453225 neg 0.03066105179827825	false	0.5
rivale	neg 1.0		__DUMMY__ 0.921887882471681 off 0.04881928680903616 neg 0.029292830719282993	false	0.5
mutlos	off 1.0	off 1.0	off 0.5058659046081165 __DUMMY__ 0.46501182020106585 neg 0.029122275190817615	false	1.0
wirr	off 1.0		__DUMMY__ 0.9194840983131347 off 0.04945909435825733 neg 0.03105680732860797	false	1.0
jahr			__DUMMY__ 0.9356936031623568 off 0.037118283021408044 neg 0.0271881138162352	false	0.0
wird			__DUMMY__ 0.9304861701490139 off 0.0388848288610378 neg 0.030629000989948335	false	0.0
strafbar	neg 1.0		__DUMMY__ 0.9305030601443327 off 0.0381870162229454 neg 0.03130992363272189	false	0.5
erosion	neg 1.0		__DUMMY__ 0.9285740967367071 off 0.041316332774502015 neg 0.030109570488790847	false	0.5
eingehen	neg 1.0		__DUMMY__ 0.9292476195581877 off 0.038372157211820544 neg 0.03238022322999175	false	0.5
faul	off 1.0		__DUMMY__ 0.925812596448491 off 0.04458733393387593 neg 0.02960006961763306	false	1.0
provisorium	neg 1.0		__DUMMY__ 0.9397007584320616 off 0.03103261727503674 neg 0.02926662429290179	false	0.5
schmerzen	neg 1.0		__DUMMY__ 0.9275438887592525 off 0.03976258966649513 neg 0.03269352157425226	false	0.5
schrumpfen	neg 1.0		__DUMMY__ 0.9329351751398447 off 0.034521102834068194 neg 0.0325437220260871	false	0.5
geistlos	off 1.0		__DUMMY__ 0.9231179728410818 off 0.044264302108555656 neg 0.032617725050362534	false	1.0
fehlkauf	neg 1.0		__DUMMY__ 0.9257462667692566 off 0.04356879755021932 neg 0.030684935680523998	false	0.5
frustrierend	neg 1.0		__DUMMY__ 0.9241718483294539 off 0.04466637677492082 neg 0.03116177489562521	false	0.5
unzufrieden	neg 1.0		__DUMMY__ 0.9293365157703676 off 0.03956900381446669 neg 0.03109448041516581	false	0.5
verzweifeln	neg 1.0		__DUMMY__ 0.9286308248889108 off 0.0405576495607575 neg 0.03081152555033178	false	0.5
verzweifelt	neg 1.0		__DUMMY__ 0.926109415321177 off 0.042554731223579965 neg 0.03133585345524314	false	0.5
misstrauensantrag	neg 1.0		__DUMMY__ 0.9261289553932316 off 0.042884411350226866 neg 0.030986633256541586	false	0.5
abfallen	neg 1.0		__DUMMY__ 0.9279686908379536 off 0.04108986385735439 neg 0.030941445304691968	false	0.5
fucker	off 1.0		__DUMMY__ 0.9223372827790575 off 0.0486492221922267 neg 0.02901349502871596	false	1.0
ungezogen	neg 1.0		__DUMMY__ 0.9157602445728427 off 0.054494038022365396 neg 0.029745717404791903	false	0.5
irrsinnig	neg 1.0	neg 1.0	neg 0.49874513938667364 __DUMMY__ 0.46274214108803685 off 0.038512719525289466	false	1.0
unfassbar	neg 1.0		__DUMMY__ 0.9232771548637041 off 0.04644718246130904 neg 0.03027566267498689	false	0.5
hart	neg 1.0		__DUMMY__ 0.9217902646671104 off 0.046511215512026506 neg 0.03169851982086307	false	0.5
widerlich	off 1.0		__DUMMY__ 0.9220370258427105 off 0.046934615181369946 neg 0.031028358975919483	false	1.0
fatal	neg 1.0	neg 1.0	neg 0.5003188861850971 __DUMMY__ 0.4597819972425062 off 0.03989911657239663	false	1.0
bruch	neg 1.0		__DUMMY__ 0.9329646319115802 off 0.035738530954931624 neg 0.03129683713348827	false	0.5
aushungern	neg 1.0		__DUMMY__ 0.9270316450351285 off 0.04068386601984058 neg 0.032284488945030984	false	0.5
anspannung	neg 1.0		__DUMMY__ 0.9365495768735073 off 0.03386244740277571 neg 0.029587975723716964	false	0.5
von			__DUMMY__ 0.9339969255061226 off 0.0366339626125408 neg 0.029369111881336694	false	0.0
kraftlos	neg 1.0		__DUMMY__ 0.9295962422704419 off 0.038886578431354284 neg 0.03151717929820387	false	0.5
vom			__DUMMY__ 0.9414020935585087 off 0.03130005041936292 neg 0.027297856022128336	false	0.0
grenzdebil	off 1.0		__DUMMY__ 0.9223638478150012 off 0.04667524779471533 neg 0.030960904390283463	false	1.0
vor			__DUMMY__ 0.9329325505898028 off 0.0358743401828486 neg 0.031193109227348574	false	0.0
unterwerfen	neg 1.0		__DUMMY__ 0.9308059051040795 off 0.038677087249161385 neg 0.030517007646759207	false	0.5
versenkung	neg 1.0		__DUMMY__ 0.9312513873838 off 0.03835017126128349 neg 0.03039844135491647	false	0.5
entziehen	neg 1.0		__DUMMY__ 0.932172448842923 off 0.03664876083154495 neg 0.031178790325532016	false	0.5
finanzkrise	neg 1.0		__DUMMY__ 0.9230944823211987 off 0.041284133017067744 neg 0.0356213846617335	false	0.5
schimpfend	neg 1.0		__DUMMY__ 0.9294490519627003 off 0.041463517466536065 neg 0.029087430570763535	false	0.5
profan	neg 1.0		__DUMMY__ 0.925661216091819 off 0.04332702567959088 neg 0.031011758228590293	false	0.5
korruption	neg 1.0		__DUMMY__ 0.9270372961889479 off 0.04003422352116571 neg 0.03292848028988642	false	0.5
â			__DUMMY__ 0.9305301306100588 off 0.038794904452956955 neg 0.03067496493698416	false	0.0
schmutzig	neg 1.0		__DUMMY__ 0.9224759419409498 off 0.0468093597516165 neg 0.030714698307433664	false	0.5
sexy	neg 1.0		__DUMMY__ 0.9258368231778574 off 0.04454939329952886 neg 0.029613783522613735	false	0.5
abraten	neg 1.0		__DUMMY__ 0.9272942312433715 off 0.042830329511035256 neg 0.029875439245593195	false	0.5
schwarz	neg 1.0		__DUMMY__ 0.9265341025427141 off 0.04325516533085354 neg 0.03021073212643231	false	0.5
fotze	off 1.0	off 1.0	off 0.5060462380283298 __DUMMY__ 0.467502740830238 neg 0.026451021141432197	false	1.0
verwirren	neg 1.0		__DUMMY__ 0.9257706797057981 off 0.043597123543097506 neg 0.030632196751104436	false	0.5
zahnlos	off 1.0		__DUMMY__ 0.9280902407666662 off 0.040413759566453725 neg 0.031495999666880124	false	1.0
verheeren	neg 1.0		__DUMMY__ 0.9153376163228466 off 0.05591054532564806 neg 0.028751838351505358	false	0.5
hippie	neg 1.0		__DUMMY__ 0.9257200187173836 off 0.04436810264693481 neg 0.029911878635681555	false	0.5
rammen	neg 1.0		__DUMMY__ 0.930570540253306 off 0.04125369434643931 neg 0.028175765400254786	false	0.5
unlauter	neg 1.0		__DUMMY__ 0.926329122973735 off 0.04323740408906963 neg 0.03043347293719525	false	0.5
unheilvoll	neg 1.0		__DUMMY__ 0.9263053894795199 off 0.04195527948589436 neg 0.031739331034585726	false	0.5
niedrig	neg 1.0		__DUMMY__ 0.9300405331231544 off 0.03871522998661357 neg 0.031244236890232008	false	0.5
explosion	neg 1.0		__DUMMY__ 0.9264111265810021 off 0.044151633435134084 neg 0.02943723998386372	false	0.5
weichei	off 1.0	off 1.0	off 0.5165182416182503 __DUMMY__ 0.4543601791075803 neg 0.02912157927416934	false	1.0
minusmensch	off 1.0		__DUMMY__ 0.9153231320213381 off 0.05596761953288428 neg 0.02870924844577763	false	1.0
farblos	neg 1.0		__DUMMY__ 0.9289511156994494 off 0.04180261641866831 neg 0.02924626788188222	false	0.5
unwissend	neg 1.0	neg 1.0	neg 0.49884768902225163 __DUMMY__ 0.45970169356796753 off 0.04145061740978089	false	1.0
traurig	neg 1.0		__DUMMY__ 0.9212665078575879 off 0.04855954549396927 neg 0.030173946648442865	false	0.5
senkung	neg 1.0		__DUMMY__ 0.9224727092949728 off 0.043799076741017934 neg 0.033728213964009254	false	0.5
ungleich	neg 1.0	neg 1.0	neg 0.49876952693619175 __DUMMY__ 0.46591608742868534 off 0.03531438563512291	false	1.0
heikel	neg 1.0		__DUMMY__ 0.9307141274005922 off 0.037796997692422 neg 0.03148887490698576	false	0.5
drosselung	neg 1.0		__DUMMY__ 0.9219860175153319 off 0.04674032689838019 neg 0.031273655586287905	false	0.5
falsch	neg 1.0		__DUMMY__ 0.9251054922956938 off 0.04470942978629437 neg 0.030185077918011772	false	0.5
unzufriedenheit	neg 1.0		__DUMMY__ 0.9299892643832568 off 0.03780315126295022 neg 0.03220758435379292	false	0.5
kurz	neg 1.0		__DUMMY__ 0.9308919868915607 off 0.03927388186953019 neg 0.029834131238909104	false	0.5
unsinnig	neg 1.0		__DUMMY__ 0.9268201366144323 off 0.0408149508563928 neg 0.03236491252917501	false	0.5
penner	off 1.0	off 1.0	off 0.5180764520134151 __DUMMY__ 0.45370690155510984 neg 0.028216646431474975	false	1.0
seicht	neg 1.0		__DUMMY__ 0.9129749228589872 off 0.05422793823309118 neg 0.03279713890792161	false	0.5
dummheit	off 1.0	off 1.0	off 0.5101368630769793 __DUMMY__ 0.46060637815063316 neg 0.029256758772387575	false	1.0
unerfreulich	neg 1.0		__DUMMY__ 0.931355134313829 off 0.03748096115854909 neg 0.031163904527621883	false	0.5
motherfucker	off 1.0	off 1.0	off 0.5139811983390534 __DUMMY__ 0.4587533005182425 neg 0.027265501142704093	false	1.0
pikiert	neg 1.0		__DUMMY__ 0.9223657790338144 off 0.04603609854014215 neg 0.03159812242604331	false	0.5
wrack	neg 1.0		__DUMMY__ 0.9349379035840495 off 0.039088928050770154 neg 0.02597316836518034	false	0.5
gangster	neg 1.0		__DUMMY__ 0.9254290055846445 off 0.044496286344217616 neg 0.03007470807113789	false	0.5
krank	neg 1.0		__DUMMY__ 0.92333820375269 off 0.046460396818134866 neg 0.030201399429175105	false	0.5
reich	neg 1.0		__DUMMY__ 0.9231791760974559 off 0.044873155943240144 neg 0.03194766795930392	false	0.5
gnadenlos	neg 1.0		__DUMMY__ 0.9276897694253824 off 0.042313126614252516 neg 0.029997103960365045	false	0.5
niedergeschlagen	neg 1.0		__DUMMY__ 0.9307750531872943 off 0.03906963133261161 neg 0.030155315480094237	false	0.5
terrorisieren	off 1.0	off 1.0	off 0.5049169088931765 __DUMMY__ 0.4663853224865177 neg 0.028697768620305788	false	1.0
sinnlosigkeit	neg 1.0		__DUMMY__ 0.9288323722937529 off 0.03993538403860765 neg 0.031232243667639367	false	0.5
behindern	neg 1.0		__DUMMY__ 0.927922755010636 off 0.040985953417100325 neg 0.03109129157226363	false	0.5
undemokratisch	neg 1.0		__DUMMY__ 0.9249282079352524 off 0.04374439873813619 neg 0.03132739332661129	false	0.5
wirtschaftskrise	neg 1.0		__DUMMY__ 0.9267471028685752 off 0.03972656834767502 neg 0.033526328783749844	false	0.5
neid	neg 1.0		__DUMMY__ 0.9247033850621172 off 0.04393506659668125 neg 0.03136154834120153	false	0.5
rutschen	neg 1.0		__DUMMY__ 0.9365252472353399 off 0.03329019308029569 neg 0.030184559684364457	false	0.5
rezession	neg 1.0		__DUMMY__ 0.9164783391681783 off 0.04911817715855011 neg 0.03440348367327148	false	0.5
fehlgeburt	neg 1.0		__DUMMY__ 0.9302623986015327 off 0.04113957625328833 neg 0.028598025145178983	false	0.5
charakterschwach	off 1.0		__DUMMY__ 0.921805052748813 off 0.04661928245772689 neg 0.031575664793460204	false	1.0
isolation	neg 1.0		__DUMMY__ 0.9267611471078999 off 0.04454663444778196 neg 0.02869221844431807	false	0.5
ablenkung	neg 1.0		__DUMMY__ 0.9288008638070758 off 0.04100340111253084 neg 0.030195735080393287	false	0.5
pech	neg 1.0		__DUMMY__ 0.9244891183287136 off 0.044508769856911386 neg 0.031002111814375056	false	0.5
vermeidung	neg 1.0		__DUMMY__ 0.922673109722285 off 0.046551703473692564 neg 0.03077518680402246	false	0.5
dominieren	neg 1.0		__DUMMY__ 0.9297916403716863 off 0.04009860914940304 neg 0.030109750478910773	false	0.5
schwindlig	neg 1.0		__DUMMY__ 0.926261565547113 off 0.04245964373538223 neg 0.03127879071750474	false	0.5
lutscher	neg 1.0		__DUMMY__ 0.9132422609450725 off 0.05545403280709925 neg 0.031303706247828196	false	0.5
pflicht	neg 1.0		__DUMMY__ 0.9322159474327261 off 0.036787644704507516 neg 0.03099640786276642	false	0.5
faschist	off 1.0		__DUMMY__ 0.9241216132428219 off 0.044924405349009794 neg 0.030953981408168244	false	1.0
verschleudern	neg 1.0		__DUMMY__ 0.9284193726928262 off 0.038597576998988414 neg 0.03298305030818544	false	0.5
wenn			__DUMMY__ 0.923653004548914 off 0.0454838603632132 neg 0.030863135087872848	false	0.0
ehebruch	neg 1.0		__DUMMY__ 0.9283663983310616 off 0.039208372949692025 neg 0.0324252287192464	false	0.5
spott	off 1.0		__DUMMY__ 0.9304771227702486 off 0.03906999519284255 neg 0.03045288203690881	false	1.0
trostlosigkeit	neg 1.0		__DUMMY__ 0.9300385431275282 off 0.036703598556966935 neg 0.0332578583155049	false	0.5
lutschen	neg 1.0		__DUMMY__ 0.9264072043369974 off 0.044865187910575935 neg 0.028727607752426578	false	0.5
undiszipliniert	neg 1.0		__DUMMY__ 0.9213787027863605 off 0.0478798200489206 neg 0.030741477164718915	false	0.5
kopfschmerz	neg 1.0		__DUMMY__ 0.928010667564951 off 0.03812747262389973 neg 0.033861859811149225	false	0.5
unvorhergesehen	neg 1.0		__DUMMY__ 0.9341127003718791 off 0.03619245410809575 neg 0.029694845520025194	false	0.5
desinteressiert	neg 1.0		__DUMMY__ 0.9216521501465904 off 0.04746204359566788 neg 0.030885806257741615	false	0.5
armselig	off 1.0		__DUMMY__ 0.9200167237023186 off 0.04952723314576316 neg 0.03045604315191821	false	1.0
desaster	neg 1.0		__DUMMY__ 0.9309061458972884 off 0.03637060804682773 neg 0.0327232460558839	false	0.5
tod	neg 1.0		__DUMMY__ 0.9314784396197746 off 0.03787013254594065 neg 0.03065142783428476	false	0.5
herzlos	neg 1.0		__DUMMY__ 0.9204147934402515 off 0.048938127599522215 neg 0.030647078960226292	false	0.5
unwissenheit	neg 1.0		__DUMMY__ 0.928892063348215 off 0.03964299797038296 neg 0.03146493868140208	false	0.5
widersinnig	neg 1.0		__DUMMY__ 0.9261919689238508 off 0.041036749071988024 neg 0.03277128200416119	false	0.5
bedenklich	neg 1.0		__DUMMY__ 0.9290251457230858 off 0.038946209822172694 neg 0.03202864445474148	false	0.5
beanstanden	neg 1.0		__DUMMY__ 0.9327964961435541 off 0.037267980435278694 neg 0.029935523421167225	false	0.5
panisch	neg 1.0		__DUMMY__ 0.9279515601007406 off 0.042602483568739476 neg 0.02944595633051982	false	0.5
debil	off 1.0		__DUMMY__ 0.9382594844780838 off 0.03146514936781926 neg 0.030275366154096907	false	1.0
abstrich	neg 1.0		__DUMMY__ 0.9331054288618374 off 0.03897338199318566 neg 0.02792118914497684	false	0.5
primitiv	neg 1.0		__DUMMY__ 0.9213679792103306 off 0.04769369700836918 neg 0.030938323781300126	false	0.5
abschaum	off 1.0	off 1.0	off 0.5122532807279311 __DUMMY__ 0.4605668774321882 neg 0.02717984183988069	false	1.0
provozieren	neg 1.0		__DUMMY__ 0.9262529489763479 off 0.042324398266541226 neg 0.031422652757110855	false	0.5
tot	neg 1.0		__DUMMY__ 0.9312635878143587 off 0.03901944666433826 neg 0.029716965521303016	false	0.5
instabil	neg 1.0		__DUMMY__ 0.919576388327503 off 0.04975005229252579 neg 0.030673559379971228	false	0.5
schwuchtel	off 1.0	off 1.0	off 0.5239797153294992 __DUMMY__ 0.4489675837585175 neg 0.027052700911983297	false	1.0
zerren	neg 1.0		__DUMMY__ 0.9305295484714833 off 0.03916567705725663 neg 0.03030477447126005	false	0.5
kinderficker	off 1.0		__DUMMY__ 0.9184101175055907 off 0.05152021698908389 neg 0.030069665505325426	false	1.0
gefahr	neg 1.0		__DUMMY__ 0.9328808078851833 off 0.03715721576334622 neg 0.02996197635147045	false	0.5
rabiat	neg 1.0		__DUMMY__ 0.9271169588467122 off 0.04079513850316325 neg 0.03208790265012454	false	0.5
verlangsamung	neg 1.0		__DUMMY__ 0.9170548074219885 off 0.053063434772766524 neg 0.02988175780524496	false	0.5
ausgestorben	neg 1.0		__DUMMY__ 0.9288591702783705 off 0.04037628820123139 neg 0.030764541520398054	false	0.5
anklagen	neg 1.0		__DUMMY__ 0.9284487633687812 off 0.04020637446680937 neg 0.031344862164409334	false	0.5
trott	neg 1.0		__DUMMY__ 0.9284722840118143 off 0.04120233822171039 neg 0.030325377766475425	false	0.5
verminderung	neg 1.0		__DUMMY__ 0.922286758597381 off 0.04651742631176001 neg 0.031195815090858982	false	0.5
nach			__DUMMY__ 0.938286375131499 off 0.03228964856268352 neg 0.029423976305817397	false	0.0
rost	neg 1.0		__DUMMY__ 0.9181745758199795 off 0.05380136195277821 neg 0.02802406222724218	false	0.5
destruktiv	neg 1.0		__DUMMY__ 0.9263646279595728 off 0.04139921159459987 neg 0.03223616044582727	false	0.5
unzumutbarkeit	neg 1.0		__DUMMY__ 0.9259969084921496 off 0.046586763470856704 neg 0.027416328036993773	false	0.5
labil	off 1.0	off 1.0	off 0.5117268765451328 __DUMMY__ 0.46053345065784596 neg 0.02773967279702119	false	1.0
ziemlich	neg 1.0		__DUMMY__ 0.9243794816228019 off 0.046115609373518406 neg 0.02950490900367972	false	0.5
lachnummer	off 1.0		__DUMMY__ 0.9271991984571288 off 0.04206011246754641 neg 0.030740689075324755	false	1.0
oder			__DUMMY__ 0.9289219483836799 off 0.04154913121349111 neg 0.029528920402829034	false	0.0
verfall	neg 1.0		__DUMMY__ 0.9325412174148038 off 0.034558133928760934 neg 0.032900648656435307	false	0.5
ausgrenzung	neg 1.0		__DUMMY__ 0.9253019136997394 off 0.043620904618795385 neg 0.031077181681465317	false	0.5
unordnung	neg 1.0		__DUMMY__ 0.9225009205533411 off 0.04993603694731209 neg 0.027563042499346872	false	0.5
fehlverhalten	neg 1.0		__DUMMY__ 0.9303407572494937 off 0.03829642291941639 neg 0.03136281983108993	false	0.5
eine			__DUMMY__ 0.9323327937108761 off 0.03630502452408785 neg 0.03136218176503614	false	0.0
nille	neg 1.0		__DUMMY__ 0.9283650385489305 off 0.04172824657964974 neg 0.029906714871419778	false	0.5
qual	neg 1.0		__DUMMY__ 0.9285323263332822 off 0.040957320833954494 neg 0.030510352832763325	false	0.5
verschwenden	neg 1.0		__DUMMY__ 0.9297454664947219 off 0.03783089521780916 neg 0.032423638287469005	false	0.5
riesig	neg 1.0		__DUMMY__ 0.9334733197844227 off 0.03775588931560678 neg 0.028770790899970446	false	0.5
verurteilen	neg 1.0		__DUMMY__ 0.9280683627311799 off 0.04012715139668533 neg 0.03180448587213475	false	0.5
klischee	neg 1.0	neg 1.0	neg 0.49887606745656304 __DUMMY__ 0.4601989809941188 off 0.04092495154931815	false	1.0
diktatorisch	neg 1.0		__DUMMY__ 0.9241005577999127 off 0.043861225006739196 neg 0.03203821719334809	false	0.5
vorhersehbar	neg 1.0		__DUMMY__ 0.9235198579469567 off 0.04421934124005562 neg 0.032260800812987676	false	0.5
sowie			__DUMMY__ 0.9175557134655062 off 0.05086610821141074 neg 0.031578178323083045	false	0.0
stornieren	neg 1.0		__DUMMY__ 0.9319019888903126 off 0.04351688927142728 neg 0.024581121838260125	false	0.5
besteuerung	neg 1.0	neg 1.0	neg 0.5011221902891472 __DUMMY__ 0.4605163205925982 off 0.03836148911825463	false	1.0
ungeschminkt	neg 1.0		__DUMMY__ 0.9230703982274707 off 0.04719373700810513 neg 0.029735864764424122	false	0.5
kritisch	neg 1.0		__DUMMY__ 0.9292797874797719 off 0.03974714448001811 neg 0.03097306804020992	false	0.5
schlamperei	off 1.0		__DUMMY__ 0.9306745857219518 off 0.03860558842395305 neg 0.03071982585409522	false	1.0
sucht	neg 1.0	neg 1.0	neg 0.49458715132843445 __DUMMY__ 0.4672430923731228 off 0.03816975629844282	false	1.0
egoistisch	off 1.0	off 1.0	off 0.516427384352084 __DUMMY__ 0.45641619441702436 neg 0.0271564212308916	false	1.0
ausbeuter	off 1.0		__DUMMY__ 0.9287282151204789 off 0.038144958293343294 neg 0.03312682658617777	false	1.0
arschgeburt	off 1.0		__DUMMY__ 0.9113370029009409 off 0.05936110075962201 neg 0.029301896339437094	false	1.0
schubs	neg 1.0		__DUMMY__ 0.9298074433508661 off 0.0382130353724184 neg 0.03197952127671547	false	0.5
unsolide	neg 1.0		__DUMMY__ 0.9250867870589852 off 0.044055444987367944 neg 0.030857767953646816	false	0.5
beschwerde	neg 1.0		__DUMMY__ 0.9298751790539821 off 0.03992155017988842 neg 0.03020327076612951	false	0.5
stocken	neg 1.0		__DUMMY__ 0.9307257565908992 off 0.03899665071709896 neg 0.030277592692001955	false	0.5
isolieren	neg 1.0		__DUMMY__ 0.9299484493138931 off 0.03990344399193753 neg 0.03014810669416932	false	0.5
unheilbar	neg 1.0		__DUMMY__ 0.9264049981808576 off 0.04166965670537505 neg 0.031925345113767274	false	0.5
pisser	off 1.0	off 1.0	off 0.5144179424946166 __DUMMY__ 0.4599484006226279 neg 0.025633656882755408	false	1.0
löschen	neg 1.0		__DUMMY__ 0.9280469941232906 off 0.041857716741500225 neg 0.030095289135209133	false	0.5
durchfallen	neg 1.0		__DUMMY__ 0.9292846679115482 off 0.039410149292872614 neg 0.031305182795579124	false	0.5
wichser	off 1.0	off 1.0	off 0.5205795818460764 __DUMMY__ 0.451277982504692 neg 0.028142435649231665	false	1.0
terror	neg 1.0		__DUMMY__ 0.9266768435061795 off 0.04395495968073836 neg 0.02936819681308217	false	0.5
krass	neg 1.0		__DUMMY__ 0.9198288515940265 off 0.05000259088514774 neg 0.03016855752082583	false	0.5
revolte	neg 1.0		__DUMMY__ 0.9209475655344531 off 0.045029767693003556 neg 0.03402266677254328	false	0.5
besorgt	neg 1.0		__DUMMY__ 0.9314669467715204 off 0.03960516240392594 neg 0.02892789082455358	false	0.5
nachlassen	neg 1.0		__DUMMY__ 0.9314225444809522 off 0.03860661821310765 neg 0.029970837305940152	false	0.5
alt	neg 1.0		__DUMMY__ 0.9272717066796319 off 0.03792479018372412 neg 0.03480350313664399	false	0.5
hundesohn	off 1.0	off 1.0	off 0.520094810736657 __DUMMY__ 0.45420813548336414 neg 0.025697053779978923	false	1.0
als			__DUMMY__ 0.9285683590395182 off 0.039741776419553315 neg 0.031689864540928536	false	0.0
abschreckung	neg 1.0		__DUMMY__ 0.9305943204649353 off 0.03763731562387766 neg 0.03176836391118701	false	0.5
unqualifiziert	neg 1.0		__DUMMY__ 0.9238256506999364 off 0.045400727104630736 neg 0.030773622195432872	false	0.5
abgewichst	off 1.0		__DUMMY__ 0.9295022051847486 off 0.04098383369330215 neg 0.029513961121949185	false	1.0
schwer	neg 1.0		__DUMMY__ 0.9274615637663748 off 0.04095954533209202 neg 0.031578890901533145	false	0.5
bedeutungslosigkeit	neg 1.0		__DUMMY__ 0.9302388071360167 off 0.03804569781943139 neg 0.03171549504455193	false	0.5
kapitulation	neg 1.0		__DUMMY__ 0.9272256012082915 off 0.039565971163523075 neg 0.03320842762818547	false	0.5
unscharf	neg 1.0		__DUMMY__ 0.9232046214413528 off 0.04260753985041938 neg 0.03418783870822781	false	0.5
schwinden	neg 1.0		__DUMMY__ 0.9300658896325338 off 0.038101009634426704 neg 0.031833100733039556	false	0.5
versklavung	neg 1.0	neg 1.0	neg 0.4992117888312525 __DUMMY__ 0.4614257651481255 off 0.03936244602062203	false	1.0
schlecht	neg 1.0		__DUMMY__ 0.9244993170620928 off 0.046297484719057806 neg 0.029203198218849452	false	0.5
verhasst	neg 1.0		__DUMMY__ 0.9254953069691358 off 0.04293568203411359 neg 0.03156901099675047	false	0.5
beschweren	neg 1.0		__DUMMY__ 0.9272187396091004 off 0.043039824076513286 neg 0.029741436314386367	false	0.5
scheiden	neg 1.0		__DUMMY__ 0.9284740674541668 off 0.04099029264751897 neg 0.03053563989831427	false	0.5
frustriert	neg 1.0		__DUMMY__ 0.9289525550682333 off 0.040302857803106495 neg 0.030744587128660288	false	0.5
schimmelig	neg 1.0		__DUMMY__ 0.9296258949744008 off 0.03814117141236052 neg 0.032232933613238694	false	0.5
fisch	neg 1.0		__DUMMY__ 0.930443764085084 off 0.03539150111016496 neg 0.03416473480475104	false	0.5
schmuggel	neg 1.0		__DUMMY__ 0.9338919361387704 off 0.03639550273556302 neg 0.029712561125666507	false	0.5
auffallen	neg 1.0		__DUMMY__ 0.9261603430627222 off 0.04339132596894408 neg 0.030448330968333687	false	0.5
konkurrenz	neg 1.0		__DUMMY__ 0.932351583625606 off 0.03769024516231001 neg 0.02995817121208401	false	0.5
teufelskreis	neg 1.0	neg 1.0	neg 0.5005659236877525 __DUMMY__ 0.4620822670054952 off 0.03735180930675222	false	1.0
aufschreien	neg 1.0		__DUMMY__ 0.9243107925534834 off 0.044011030498558625 neg 0.03167817694795802	false	0.5
schuldner	neg 1.0		__DUMMY__ 0.9287776194245791 off 0.037894874595807336 neg 0.033327505979613606	false	0.5
missgeburt	off 1.0	off 1.0	off 0.5183758604064733 __DUMMY__ 0.45749152740629145 neg 0.024132612187235305	false	1.0
arbeitslos	neg 1.0		__DUMMY__ 0.9293400870024886 off 0.03943084701937087 neg 0.03122906597814042	false	0.5
befallen	neg 1.0		__DUMMY__ 0.9272645375435227 off 0.040850960931879746 neg 0.0318845015245976	false	0.5
miesepetrig	off 1.0	off 1.0	off 0.511151027890441 __DUMMY__ 0.4604876807771515 neg 0.02836129133240763	false	1.0
alarmieren	neg 1.0		__DUMMY__ 0.9242926137157076 off 0.045804981274865854 neg 0.029902405009426536	false	0.5
ungeduscht	off 1.0		__DUMMY__ 0.9243153602298867 off 0.04450760820761966 neg 0.031177031562493743	false	1.0
knappheit	neg 1.0		__DUMMY__ 0.9278478482264174 off 0.039714202709708823 neg 0.032437949063873775	false	0.5
schlange	neg 1.0		__DUMMY__ 0.928826483822186 off 0.041478348683240386 neg 0.029695167494573592	false	0.5
harsch	neg 1.0		__DUMMY__ 0.9242944514974463 off 0.049769063500005824 neg 0.025936485002547957	false	0.5
lang	neg 1.0		__DUMMY__ 0.9275066682880728 off 0.042512768242347516 neg 0.029980563469579617	false	0.5
ziellos	neg 1.0		__DUMMY__ 0.9318342857450542 off 0.03789417151325727 neg 0.030271542741688445	false	0.5
selbstverliebt	neg 1.0		__DUMMY__ 0.9140061556887482 off 0.0565403840450862 neg 0.029453460266165594	false	0.5
beseitigen	neg 1.0		__DUMMY__ 0.9326369601308305 off 0.04118204851210609 neg 0.026180991357063334	false	0.5
dumm	off 1.0		__DUMMY__ 0.9172934614494171 off 0.05207677452720171 neg 0.03062976402338108	false	1.0
arbeitsloser	neg 1.0		__DUMMY__ 0.9317073332417793 off 0.03951401101529492 neg 0.028778655742925742	false	0.5
blitzen	neg 1.0		__DUMMY__ 0.9244901251358124 off 0.04484614765995492 neg 0.030663727204232664	false	0.5
hilflos	neg 1.0		__DUMMY__ 0.9293685434964363 off 0.039308877129301596 neg 0.031322579374262124	false	0.5
eklig	off 1.0		__DUMMY__ 0.9159027662049348 off 0.05239586257978664 neg 0.03170137121527853	false	1.0
begriff			__DUMMY__ 0.9275419482714458 off 0.041129444489519974 neg 0.031328607239034204	false	0.0
hungersnot	neg 1.0		__DUMMY__ 0.9266004793725229 off 0.039720290314561285 neg 0.03367923031291585	false	0.5
ungesetzlich	neg 1.0		__DUMMY__ 0.9243185564745593 off 0.04400676768414402 neg 0.03167467584129676	false	0.5
verschwendung	neg 1.0		__DUMMY__ 0.9303499560854422 off 0.03787002877371051 neg 0.03178001514084714	false	0.5
schmerzvoll	neg 1.0		__DUMMY__ 0.9258000476062308 off 0.04268444543909785 neg 0.03151550695467142	false	0.5
vorzeitig	neg 1.0		__DUMMY__ 0.9256951177137817 off 0.045759135134907876 neg 0.028545747151310513	false	0.5
unvollkommenheit	neg 1.0		__DUMMY__ 0.9293760444303925 off 0.03991595597011851 neg 0.030707999599488958	false	0.5
intervenieren	neg 1.0		__DUMMY__ 0.9285381532267785 off 0.038691831755241136 neg 0.03277001501798041	false	0.5
banause	off 1.0		__DUMMY__ 0.9127789787475145 off 0.053787246280065044 neg 0.03343377497242058	false	1.0
rebell	neg 1.0		__DUMMY__ 0.933596534274306 off 0.034270091566848015 neg 0.03213337415884604	false	0.5
unlogisch	neg 1.0		__DUMMY__ 0.9208863593711551 off 0.04843258397461858 neg 0.03068105665422615	false	0.5
leiden	neg 1.0		__DUMMY__ 0.9344770094828022 off 0.03622872199563608 neg 0.029294268521561674	false	0.5
abschaffung	neg 1.0		__DUMMY__ 0.9258026884063123 off 0.0425149212440755 neg 0.03168239034961225	false	0.5
sturz	neg 1.0		__DUMMY__ 0.9304344311111523 off 0.04314332292456046 neg 0.026422245964287192	false	0.5
verkleinerung	neg 1.0		__DUMMY__ 0.9224260461526628 off 0.045301909875622354 neg 0.03227204397171477	false	0.5
schmarotzer	off 1.0		__DUMMY__ 0.9280167623850888 off 0.040236887820867644 neg 0.031746349794043484	false	1.0
bestrafung	neg 1.0	neg 1.0	neg 0.49763338423659487 __DUMMY__ 0.4641794708531506 off 0.038187144910254614	false	1.0
achtlos	neg 1.0		__DUMMY__ 0.9292149973348737 off 0.04015804768422638 neg 0.030626954980899873	false	0.5
