unsolidarisch	neg 1.0		__DUMMY__ 0.9247798480811863 off 0.04252867543253317 neg 0.0326914764862806	false	0.5
nachteilig	neg 1.0		__DUMMY__ 0.9327770417320694 off 0.03833127160440586 neg 0.028891686663524742	false	0.5
skeptisch	neg 1.0		__DUMMY__ 0.9312441561671192 off 0.03748195336533277 neg 0.031273890467548096	false	0.5
schrecklich	neg 1.0		__DUMMY__ 0.9208630612638457 off 0.0488585434102937 neg 0.0302783953258607	false	0.5
schlapp	neg 1.0	neg 1.0	neg 0.4983038850868459 __DUMMY__ 0.46029085533411 off 0.04140525957904402	false	1.0
abfall	neg 1.0		__DUMMY__ 0.9345530126289856 off 0.03482761002453105 neg 0.030619377346483234	false	0.5
widerspenstig	neg 1.0		__DUMMY__ 0.9274546530518774 off 0.04054141962964611 neg 0.03200392731847651	false	0.5
abrupt	neg 1.0		__DUMMY__ 0.9312658212326466 off 0.03677192963058427 neg 0.031962249136769184	false	0.5
unwirksam	neg 1.0		__DUMMY__ 0.9238261339255736 off 0.0418384563695822 neg 0.03433540970484421	false	0.5
angreifen	neg 1.0		__DUMMY__ 0.931418948363721 off 0.03710105584661817 neg 0.03147999578966089	false	0.5
inkonsistent	neg 1.0		__DUMMY__ 0.924847012553024 off 0.04329695510647764 neg 0.03185603234049837	false	0.5
abrutschen	neg 1.0		__DUMMY__ 0.9339418703308391 off 0.034554559315224234 neg 0.03150357035393664	false	0.5
unsicher	neg 1.0		__DUMMY__ 0.9286342492052877 off 0.041238285311167876 neg 0.030127465483544384	false	0.5
bauernkind	off 1.0	off 1.0	off 0.5158482994727144 __DUMMY__ 0.45457551664963586 neg 0.029576183877649796	false	1.0
angreifer	neg 1.0		__DUMMY__ 0.9282860070898153 off 0.0445386369776682 neg 0.027175355932516423	false	0.5
trennen	neg 1.0		__DUMMY__ 0.9327981526631478 off 0.03662028296136403 neg 0.030581564375488098	false	0.5
schmutz	neg 1.0		__DUMMY__ 0.9335112806680826 off 0.04339428791359579 neg 0.02309443141832164	false	0.5
inkonsistenz	neg 1.0		__DUMMY__ 0.9236873974089272 off 0.045527345883883526 neg 0.03078525670718928	false	0.5
erschreckend	neg 1.0		__DUMMY__ 0.9280447874189067 off 0.040855050024591416 neg 0.031100162556501866	false	0.5
ertrinken	neg 1.0		__DUMMY__ 0.9310465364161185 off 0.036561349595916025 neg 0.0323921139879655	false	0.5
pickelface	off 1.0		__DUMMY__ 0.9289714255677612 off 0.041695644678388606 neg 0.02933292975385015	false	1.0
seiner			__DUMMY__ 0.9323020023545976 off 0.03724245164149149 neg 0.030455546003910997	false	0.0
lauch	neg 1.0	neg 1.0	neg 0.49750870801254204 __DUMMY__ 0.4708519934240721 off 0.031639298563385806	false	1.0
unwichtig	neg 1.0		__DUMMY__ 0.9237730359406036 off 0.04546167323788252 neg 0.030765290821513937	false	0.5
steuerhinterziehung	neg 1.0		__DUMMY__ 0.9264305097292711 off 0.04098676507489769 neg 0.03258272519583116	false	0.5
schock	neg 1.0		__DUMMY__ 0.9294780336281037 off 0.03986820346005132 neg 0.03065376291184504	false	0.5
beule	neg 1.0		__DUMMY__ 0.9220695444751675 off 0.04698255518641867 neg 0.030947900338413707	false	0.5
vergelten	neg 1.0		__DUMMY__ 0.9218070436934179 off 0.04990332241980251 neg 0.02828963388677953	false	0.5
verdorbenheit	neg 1.0		__DUMMY__ 0.9300023475229472 off 0.04180283347804597 neg 0.02819481899900691	false	0.5
trauma	neg 1.0		__DUMMY__ 0.9266499581669059 off 0.042503702931478864 neg 0.030846338901615287	false	0.5
sinnlos	neg 1.0		__DUMMY__ 0.9266110852717357 off 0.04302853248599606 neg 0.030360382242268183	false	0.5
fettsack	off 1.0	off 1.0	off 0.5170179208036975 __DUMMY__ 0.45508771771983436 neg 0.027894361476468267	false	1.0
feige	off 1.0	off 1.0	off 0.5125255250221603 __DUMMY__ 0.45885856989049134 neg 0.028615905087348365	false	1.0
abdanken	neg 1.0		__DUMMY__ 0.9284680796216338 off 0.04127923982595133 neg 0.030252680552414965	false	0.5
wichtigtuer	off 1.0	off 1.0	off 0.5099237436396467 __DUMMY__ 0.4620120189904271 neg 0.028064237369926134	false	1.0
misslingen	neg 1.0		__DUMMY__ 0.9317235998563195 off 0.04217197224223441 neg 0.026104427901446195	false	0.5
untreu	off 1.0		__DUMMY__ 0.9228172736381123 off 0.04653162840094768 neg 0.030651097960940024	false	1.0
missmutig	neg 1.0		__DUMMY__ 0.923701860220076 off 0.04428981477907074 neg 0.03200832500085328	false	0.5
hurenbock	off 1.0		__DUMMY__ 0.9278321583170379 off 0.04124834132044422 neg 0.030919500362517782	false	1.0
betrunken	neg 1.0		__DUMMY__ 0.9215482714816761 off 0.04785578754448535 neg 0.030595940973838557	false	0.5
korrupt	off 1.0		__DUMMY__ 0.9257405056452432 off 0.04074580949241481 neg 0.03351368486234193	false	1.0
unmut	neg 1.0		__DUMMY__ 0.9326376354561146 off 0.036076068743987 neg 0.031286295799898355	false	0.5
hackfresse	off 1.0		__DUMMY__ 0.9172299419863529 off 0.05267196006748251 neg 0.030098097946164717	false	1.0
aufblasen	neg 1.0		__DUMMY__ 0.9277057371745224 off 0.04140294648266083 neg 0.03089131634281682	false	0.5
gewaltsam	neg 1.0		__DUMMY__ 0.9297456151659894 off 0.04102163517834507 neg 0.029232749655665573	false	0.5
unbeliebtheit	neg 1.0		__DUMMY__ 0.9241332641735246 off 0.0466497177192519 neg 0.02921701810722353	false	0.5
sturheit	neg 1.0		__DUMMY__ 0.9288778796342506 off 0.040840891661585804 neg 0.030281228704163523	false	0.5
kuh	neg 1.0		__DUMMY__ 0.921299201603339 off 0.04361393603876664 neg 0.03508686235789434	false	0.5
erschrecken	neg 1.0		__DUMMY__ 0.9251652507143447 off 0.04467055007241347 neg 0.03016419921324182	false	0.5
opfer	neg 1.0		__DUMMY__ 0.9311347025838087 off 0.03856044932388308 neg 0.030304848092308115	false	0.5
sinken	neg 1.0		__DUMMY__ 0.9315261086020571 off 0.03640454595523032 neg 0.03206934544271258	false	0.5
stinktier	neg 1.0		__DUMMY__ 0.915990322262221 off 0.050889448729022575 neg 0.033120229008756524	false	0.5
tucke	off 1.0		__DUMMY__ 0.9134776660852052 off 0.05440219649508114 neg 0.03212013741971371	false	1.0
ein			__DUMMY__ 0.9271148097582367 off 0.040369627805951956 neg 0.032515562435811364	false	0.0
abstieg	neg 1.0		__DUMMY__ 0.9324154269353244 off 0.03959996500077819 neg 0.02798460806389736	false	0.5
missverstehen	neg 1.0		__DUMMY__ 0.9252071738252842 off 0.04381667283407349 neg 0.030976153340642285	false	0.5
ergebnislos	neg 1.0		__DUMMY__ 0.932771810231263 off 0.038327426632556096 neg 0.028900763136180903	false	0.5
unter			__DUMMY__ 0.9392755650839476 off 0.031113440810755996 neg 0.029610994105296447	false	0.0
manipulieren	neg 1.0		__DUMMY__ 0.9316493483942129 off 0.037883634034684074 neg 0.030467017571102973	false	0.5
unbewiesen	neg 1.0		__DUMMY__ 0.925947696382523 off 0.0427469372115515 neg 0.031305366405925614	false	0.5
verschleppen	neg 1.0		__DUMMY__ 0.9288604748422675 off 0.03929643092184606 neg 0.03184309423588644	false	0.5
weib	off 1.0		__DUMMY__ 0.91529111488812 off 0.0546339995172962 neg 0.030074885594583843	false	1.0
opposition	neg 1.0		__DUMMY__ 0.9256970721111732 off 0.04252419433858683 neg 0.03177873355023988	false	0.5
verkehrswidrig	neg 1.0		__DUMMY__ 0.9248038418304861 off 0.04980212580680603 neg 0.025394032362707857	false	0.5
inkorrekt	neg 1.0		__DUMMY__ 0.9198194943280823 off 0.04906868635606602 neg 0.031111819315851604	false	0.5
vermeiden	neg 1.0		__DUMMY__ 0.9366619882724708 off 0.033923310926090966 neg 0.02941470080143827	false	0.5
abweichung	neg 1.0		__DUMMY__ 0.9313458533082755 off 0.0394328230200789 neg 0.02922132367164559	false	0.5
alkoholisiert	neg 1.0		__DUMMY__ 0.9385631079172789 off 0.03637541388481324 neg 0.025061478197907827	false	0.5
scheiss	off 1.0	off 1.0	off 0.5128957613534945 __DUMMY__ 0.458828569964429 neg 0.02827566868207659	false	1.0
herausforderung	neg 1.0		__DUMMY__ 0.9303228278473284 off 0.039310332280650784 neg 0.03036683987202071	false	0.5
pervers	off 1.0		__DUMMY__ 0.913261461208679 off 0.05654437296115978 neg 0.030194165830161192	false	1.0
wackelig	neg 1.0		__DUMMY__ 0.930964025008555 off 0.03879985870561676 neg 0.03023611628582824	false	0.5
verwickeln	neg 1.0		__DUMMY__ 0.9258508625318702 off 0.043111802299018065 neg 0.031037335169111627	false	0.5
vorwand	neg 1.0		__DUMMY__ 0.9320498667833828 off 0.03668157697197621 neg 0.03126855624464102	false	0.5
muschi	off 1.0		__DUMMY__ 0.9305410162705264 off 0.04077403296204664 neg 0.028684950767426918	false	1.0
entmutigung	neg 1.0		__DUMMY__ 0.9227892097925432 off 0.04385280099804366 neg 0.03335798920941316	false	0.5
unangemessen	neg 1.0		__DUMMY__ 0.9284156704274865 off 0.040522025928319556 neg 0.031062303644193844	false	0.5
unstetig	neg 1.0		__DUMMY__ 0.9264742910555178 off 0.04449126432069194 neg 0.029034444623790175	false	0.5
entmutigen	neg 1.0		__DUMMY__ 0.9258130400514004 off 0.04209882925770028 neg 0.03208813069089921	false	0.5
schwanz	neg 1.0		__DUMMY__ 0.9318872592845979 off 0.038803410290201915 neg 0.02930933042520012	false	0.5
verbot	neg 1.0		__DUMMY__ 0.9279174669329047 off 0.040439313228979326 neg 0.03164321983811601	false	0.5
leid	neg 1.0		__DUMMY__ 0.9194409849501902 off 0.05013186821713587 neg 0.03042714683267387	false	0.5
archaisch	neg 1.0		__DUMMY__ 0.9283289205505938 off 0.04021113491810986 neg 0.03145994453129643	false	0.5
gegen			__DUMMY__ 0.9336668059757012 off 0.036530207297869495 neg 0.029802986726429215	false	0.0
scheidung	neg 1.0		__DUMMY__ 0.9161766619688329 off 0.05960472950894304 neg 0.02421860852222414	false	0.5
einschlag	neg 1.0		__DUMMY__ 0.9239050952823066 off 0.04900903304090996 neg 0.02708587167678337	false	0.5
m			__DUMMY__ 0.9306893782045417 off 0.0393285691348296 neg 0.02998205266062872	false	0.0
abgestanden	neg 1.0		__DUMMY__ 0.9238938659514879 off 0.040751032799768265 neg 0.03535510124874375	false	0.5
schmierig	off 1.0		__DUMMY__ 0.9192869519133468 off 0.04995145383655049 neg 0.030761594250102827	false	1.0
unpraktisch	neg 1.0		__DUMMY__ 0.9279992166458731 off 0.04211546367597144 neg 0.029885319678155435	false	0.5
wixxer	off 1.0		__DUMMY__ 0.9123113182039585 off 0.056918456113865604 neg 0.03077022568217583	false	1.0
bezeichnet			__DUMMY__ 0.928079131259157 off 0.0417112068258095 neg 0.03020966191503355	false	0.0
jammerlappen	off 1.0		__DUMMY__ 0.9235882077381666 off 0.045740401750348644 neg 0.030671390511484604	false	1.0
farce	neg 1.0		__DUMMY__ 0.9262425060590167 off 0.041764172288361046 neg 0.03199332165262224	false	0.5
zwecklos	neg 1.0		__DUMMY__ 0.9285405660872786 off 0.03972896931709849 neg 0.03173046459562283	false	0.5
turbulent	neg 1.0		__DUMMY__ 0.9232797728994062 off 0.047358313422879265 neg 0.029361913677714433	false	0.5
invasion	neg 1.0		__DUMMY__ 0.9261843460646647 off 0.043519290558539016 neg 0.03029636337679619	false	0.5
schuld	neg 1.0		__DUMMY__ 0.9266817036705491 off 0.04251730648803318 neg 0.030800989841417683	false	0.5
risiko	neg 1.0		__DUMMY__ 0.9263775619434026 off 0.043245409573580675 neg 0.03037702848301674	false	0.5
finster	neg 1.0		__DUMMY__ 0.9267373942746521 off 0.040430664838708 neg 0.03283194088663996	false	0.5
geisteskrank	off 1.0		__DUMMY__ 0.9209805261468118 off 0.047969317472176046 neg 0.03105015638101215	false	1.0
zusammenbrechen	neg 1.0		__DUMMY__ 0.9286203603082063 off 0.03984110485214128 neg 0.03153853483965242	false	0.5
ausbeute	neg 1.0		__DUMMY__ 0.9308041219437126 off 0.03998228934621067 neg 0.029213588710076652	false	0.5
hinterhalt	neg 1.0		__DUMMY__ 0.9297223757732653 off 0.03983755169031539 neg 0.03044007253641925	false	0.5
kritik	neg 1.0		__DUMMY__ 0.9260331425515097 off 0.041570851678183765 neg 0.032396005770306546	false	0.5
einschrumpfen	neg 1.0		__DUMMY__ 0.9226544850908106 off 0.04590220673506695 neg 0.03144330817412234	false	0.5
riskant	neg 1.0		__DUMMY__ 0.9309215688094475 off 0.037701257951753726 neg 0.03137717323879877	false	0.5
frustrieren	neg 1.0		__DUMMY__ 0.9296867646009503 off 0.03848432610838437 neg 0.03182890929066529	false	0.5
groll	neg 1.0		__DUMMY__ 0.9294698885742795 off 0.039862438325028136 neg 0.030667673100692457	false	0.5
gibt			__DUMMY__ 0.9297042943382066 off 0.03950324337251836 neg 0.030792462289275034	false	0.0
qualvoll	neg 1.0		__DUMMY__ 0.9258565295065998 off 0.04299265213305693 neg 0.031150818360343203	false	0.5
wackeln	neg 1.0		__DUMMY__ 0.9285679674137348 off 0.04103144519942079 neg 0.03040058738684446	false	0.5
klagen	neg 1.0		__DUMMY__ 0.9316078562998643 off 0.03696273746959827 neg 0.031429406230537464	false	0.5
bankrott	neg 1.0		__DUMMY__ 0.9265717431753218 off 0.04494778151693308 neg 0.0284804753077452	false	0.5
trauern	neg 1.0		__DUMMY__ 0.9338522286150657 off 0.03754727587838145 neg 0.028600495506552907	false	0.5
ablehnung	neg 1.0		__DUMMY__ 0.9275250469664643 off 0.04106225316125705 neg 0.03141269987227862	false	0.5
stur	neg 1.0		__DUMMY__ 0.9260058056895242 off 0.042492841583500314 neg 0.031501352726975414	false	0.5
aufruhr	neg 1.0		__DUMMY__ 0.9260599461153827 off 0.04160713542320999 neg 0.03233291846140726	false	0.5
melancholie	neg 1.0		__DUMMY__ 0.9301356413215196 off 0.03688556204790041 neg 0.032978796630579975	false	0.5
ist			__DUMMY__ 0.9264949770246456 off 0.042818387667329774 neg 0.030686635308024734	false	0.0
torheit	neg 1.0		__DUMMY__ 0.9261826445927158 off 0.04264638503088534 neg 0.03117097037639886	false	0.5
dreckskind	off 1.0		__DUMMY__ 0.9163198705101169 off 0.053784154640229516 neg 0.0298959748496536	false	1.0
umtauschen	neg 1.0		__DUMMY__ 0.9289853822131894 off 0.04025543873115099 neg 0.030759179055659627	false	0.5
zum			__DUMMY__ 0.9391492452391623 off 0.033909367136376815 neg 0.026941387624460886	false	0.0
zersetzen	neg 1.0		__DUMMY__ 0.9301341424299784 off 0.03764652934105933 neg 0.032219328228962306	false	0.5
zur			__DUMMY__ 0.9364266476918497 off 0.034292342060644895 neg 0.029281010247505485	false	0.0
frust	neg 1.0		__DUMMY__ 0.9287005443559617 off 0.03969597992049124 neg 0.03160347572354695	false	0.5
unerbittlichkeit	neg 1.0		__DUMMY__ 0.9312363848123519 off 0.03828512240274389 neg 0.030478492784904183	false	0.5
zwei			__DUMMY__ 0.9367343671698347 off 0.03355049941648867 neg 0.02971513341367663	false	0.0
unkorrekt	neg 1.0		__DUMMY__ 0.9211019701296417 off 0.047768428949202905 neg 0.03112960092115546	false	0.5
hexe	off 1.0		__DUMMY__ 0.9225284257430562 off 0.0450542411807644 neg 0.032417333076179465	false	1.0
lasch	neg 1.0		__DUMMY__ 0.9242461422422685 off 0.04509280595945328 neg 0.030661051798278206	false	0.5
rivale	neg 1.0		__DUMMY__ 0.9218878824716807 off 0.0488192868090362 neg 0.02929283071928296	false	0.5
mutlos	off 1.0	off 1.0	off 0.5058659046081166 __DUMMY__ 0.46501182020106574 neg 0.02912227519081769	false	1.0
wirr	off 1.0		__DUMMY__ 0.9194840983131346 off 0.049459094358257474 neg 0.03105680732860802	false	1.0
jahr			__DUMMY__ 0.9356936031623568 off 0.03711828302140806 neg 0.027188113816235204	false	0.0
wird			__DUMMY__ 0.9304861701490139 off 0.03888482886103781 neg 0.030629000989948335	false	0.0
strafbar	neg 1.0		__DUMMY__ 0.9305030601443327 off 0.038187016222945395 neg 0.03130992363272187	false	0.5
erosion	neg 1.0		__DUMMY__ 0.9285740967367071 off 0.04131633277450206 neg 0.03010957048879082	false	0.5
eingehen	neg 1.0		__DUMMY__ 0.9292476195581878 off 0.03837215721182056 neg 0.03238022322999163	false	0.5
faul	off 1.0		__DUMMY__ 0.9258125964484911 off 0.04458733393387583 neg 0.029600069617633055	false	1.0
provisorium	neg 1.0		__DUMMY__ 0.9397007584320616 off 0.031032617275036707 neg 0.029266624292901704	false	0.5
schmerzen	neg 1.0		__DUMMY__ 0.9275438887592526 off 0.03976258966649513 neg 0.03269352157425221	false	0.5
schrumpfen	neg 1.0		__DUMMY__ 0.9329351751398448 off 0.03452110283406811 neg 0.03254372202608713	false	0.5
geistlos	off 1.0		__DUMMY__ 0.9231179728410818 off 0.04426430210855568 neg 0.03261772505036249	false	1.0
fehlkauf	neg 1.0		__DUMMY__ 0.9257462667692568 off 0.043568797550219224 neg 0.030684935680523984	false	0.5
frustrierend	neg 1.0		__DUMMY__ 0.9241718483294539 off 0.04466637677492085 neg 0.03116177489562526	false	0.5
unzufrieden	neg 1.0		__DUMMY__ 0.9293365157703676 off 0.03956900381446664 neg 0.03109448041516578	false	0.5
verzweifeln	neg 1.0		__DUMMY__ 0.9286308248889107 off 0.04055764956075756 neg 0.030811525550331842	false	0.5
verzweifelt	neg 1.0		__DUMMY__ 0.926109415321177 off 0.04255473122357992 neg 0.031335853455243104	false	0.5
misstrauensantrag	neg 1.0		__DUMMY__ 0.9261289553932316 off 0.04288441135022686 neg 0.03098663325654152	false	0.5
abfallen	neg 1.0		__DUMMY__ 0.9279686908379536 off 0.04108986385735443 neg 0.030941445304691877	false	0.5
fucker	off 1.0		__DUMMY__ 0.9223372827790572 off 0.048649222192226796 neg 0.029013495028715978	false	1.0
ungezogen	neg 1.0		__DUMMY__ 0.9157602445728428 off 0.054494038022365285 neg 0.029745717404791948	false	0.5
irrsinnig	neg 1.0	neg 1.0	neg 0.49874513938667364 __DUMMY__ 0.46274214108803685 off 0.03851271952528946	false	1.0
unfassbar	neg 1.0		__DUMMY__ 0.9232771548637039 off 0.04644718246130913 neg 0.030275662674986985	false	0.5
hart	neg 1.0		__DUMMY__ 0.9217902646671104 off 0.046511215512026555 neg 0.03169851982086309	false	0.5
widerlich	off 1.0		__DUMMY__ 0.9220370258427106 off 0.046934615181369904 neg 0.031028358975919396	false	1.0
fatal	neg 1.0	neg 1.0	neg 0.5003188861850972 __DUMMY__ 0.4597819972425061 off 0.0398991165723966	false	1.0
bruch	neg 1.0		__DUMMY__ 0.9329646319115802 off 0.035738530954931624 neg 0.03129683713348821	false	0.5
aushungern	neg 1.0		__DUMMY__ 0.9270316450351285 off 0.04068386601984053 neg 0.03228448894503092	false	0.5
anspannung	neg 1.0		__DUMMY__ 0.9365495768735073 off 0.03386244740277575 neg 0.02958797572371701	false	0.5
von			__DUMMY__ 0.9339969255061226 off 0.036633962612540795 neg 0.029369111881336687	false	0.0
kraftlos	neg 1.0		__DUMMY__ 0.9295962422704419 off 0.03888657843135436 neg 0.031517179298203774	false	0.5
vom			__DUMMY__ 0.9414020935585087 off 0.0313000504193629 neg 0.027297856022128378	false	0.0
grenzdebil	off 1.0		__DUMMY__ 0.9223638478150012 off 0.0466752477947153 neg 0.030960904390283487	false	1.0
vor			__DUMMY__ 0.9329325505898028 off 0.03587434018284861 neg 0.031193109227348623	false	0.0
unterwerfen	neg 1.0		__DUMMY__ 0.9308059051040795 off 0.03867708724916135 neg 0.0305170076467592	false	0.5
versenkung	neg 1.0		__DUMMY__ 0.9312513873838 off 0.03835017126128355 neg 0.030398441354916494	false	0.5
entziehen	neg 1.0		__DUMMY__ 0.9321724488429229 off 0.03664876083154501 neg 0.03117879032553204	false	0.5
finanzkrise	neg 1.0		__DUMMY__ 0.9230944823211988 off 0.041284133017067716 neg 0.035621384661733445	false	0.5
schimpfend	neg 1.0		__DUMMY__ 0.9294490519627003 off 0.04146351746653604 neg 0.02908743057076355	false	0.5
profan	neg 1.0		__DUMMY__ 0.9256612160918191 off 0.043327025679590715 neg 0.031011758228590248	false	0.5
korruption	neg 1.0		__DUMMY__ 0.9270372961889478 off 0.04003422352116571 neg 0.03292848028988646	false	0.5
â			__DUMMY__ 0.9305301306100587 off 0.03879490445295706 neg 0.030674964936984187	false	0.0
schmutzig	neg 1.0		__DUMMY__ 0.9224759419409498 off 0.04680935975161652 neg 0.03071469830743364	false	0.5
sexy	neg 1.0		__DUMMY__ 0.9258368231778574 off 0.044549393299528915 neg 0.029613783522613683	false	0.5
abraten	neg 1.0		__DUMMY__ 0.9272942312433714 off 0.04283032951103531 neg 0.029875439245593233	false	0.5
schwarz	neg 1.0		__DUMMY__ 0.9265341025427144 off 0.0432551653308534 neg 0.030210732126432188	false	0.5
fotze	off 1.0	off 1.0	off 0.5060462380283298 __DUMMY__ 0.4675027408302379 neg 0.0264510211414322	false	1.0
verwirren	neg 1.0		__DUMMY__ 0.925770679705798 off 0.043597123543097596 neg 0.030632196751104457	false	0.5
zahnlos	off 1.0		__DUMMY__ 0.9280902407666662 off 0.04041375956645365 neg 0.03149599966688015	false	1.0
verheeren	neg 1.0		__DUMMY__ 0.9153376163228466 off 0.05591054532564813 neg 0.028751838351505275	false	0.5
hippie	neg 1.0		__DUMMY__ 0.9257200187173833 off 0.04436810264693506 neg 0.029911878635681653	false	0.5
rammen	neg 1.0		__DUMMY__ 0.9305705402533059 off 0.041253694346439336 neg 0.028175765400254776	false	0.5
unlauter	neg 1.0		__DUMMY__ 0.926329122973735 off 0.04323740408906962 neg 0.030433472937195276	false	0.5
unheilvoll	neg 1.0		__DUMMY__ 0.9263053894795199 off 0.04195527948589442 neg 0.03173933103458565	false	0.5
niedrig	neg 1.0		__DUMMY__ 0.9300405331231544 off 0.03871522998661357 neg 0.03124423689023197	false	0.5
explosion	neg 1.0		__DUMMY__ 0.9264111265810023 off 0.04415163343513397 neg 0.029437239983863713	false	0.5
weichei	off 1.0	off 1.0	off 0.5165182416182503 __DUMMY__ 0.4543601791075803 neg 0.029121579274169338	false	1.0
minusmensch	off 1.0		__DUMMY__ 0.915323132021338 off 0.055967619532884344 neg 0.02870924844577764	false	1.0
farblos	neg 1.0		__DUMMY__ 0.9289511156994494 off 0.04180261641866832 neg 0.02924626788188223	false	0.5
unwissend	neg 1.0	neg 1.0	neg 0.4988476890222517 __DUMMY__ 0.4597016935679675 off 0.041450617409780864	false	1.0
traurig	neg 1.0		__DUMMY__ 0.9212665078575879 off 0.048559545493969236 neg 0.030173946648442824	false	0.5
senkung	neg 1.0		__DUMMY__ 0.9224727092949727 off 0.04379907674101798 neg 0.03372821396400922	false	0.5
ungleich	neg 1.0	neg 1.0	neg 0.49876952693619175 __DUMMY__ 0.46591608742868534 off 0.0353143856351229	false	1.0
heikel	neg 1.0		__DUMMY__ 0.9307141274005923 off 0.037796997692421945 neg 0.03148887490698572	false	0.5
drosselung	neg 1.0		__DUMMY__ 0.9219860175153319 off 0.046740326898380175 neg 0.03127365558628792	false	0.5
falsch	neg 1.0		__DUMMY__ 0.9251054922956938 off 0.04470942978629437 neg 0.030185077918011772	false	0.5
unzufriedenheit	neg 1.0		__DUMMY__ 0.9299892643832568 off 0.03780315126295029 neg 0.03220758435379288	false	0.5
kurz	neg 1.0		__DUMMY__ 0.9308919868915606 off 0.0392738818695303 neg 0.029834131238909125	false	0.5
unsinnig	neg 1.0		__DUMMY__ 0.9268201366144322 off 0.040814950856392765 neg 0.03236491252917505	false	0.5
penner	off 1.0	off 1.0	off 0.5180764520134152 __DUMMY__ 0.45370690155510984 neg 0.028216646431474986	false	1.0
seicht	neg 1.0		__DUMMY__ 0.9129749228589873 off 0.05422793823309115 neg 0.03279713890792159	false	0.5
dummheit	off 1.0	off 1.0	off 0.5101368630769793 __DUMMY__ 0.4606063781506331 neg 0.02925675877238762	false	1.0
unerfreulich	neg 1.0		__DUMMY__ 0.9313551343138291 off 0.037480961158549056 neg 0.031163904527621838	false	0.5
motherfucker	off 1.0	off 1.0	off 0.5139811983390534 __DUMMY__ 0.4587533005182425 neg 0.02726550114270406	false	1.0
pikiert	neg 1.0		__DUMMY__ 0.9223657790338144 off 0.04603609854014216 neg 0.031598122426043325	false	0.5
wrack	neg 1.0		__DUMMY__ 0.9349379035840495 off 0.03908892805077016 neg 0.025973168365180346	false	0.5
gangster	neg 1.0		__DUMMY__ 0.9254290055846444 off 0.044496286344217664 neg 0.03007470807113801	false	0.5
krank	neg 1.0		__DUMMY__ 0.92333820375269 off 0.04646039681813492 neg 0.030201399429175088	false	0.5
reich	neg 1.0		__DUMMY__ 0.923179176097456 off 0.04487315594324013 neg 0.03194766795930387	false	0.5
gnadenlos	neg 1.0		__DUMMY__ 0.9276897694253826 off 0.042313126614252475 neg 0.029997103960365007	false	0.5
niedergeschlagen	neg 1.0		__DUMMY__ 0.9307750531872943 off 0.039069631332611605 neg 0.030155315480094216	false	0.5
terrorisieren	off 1.0	off 1.0	off 0.5049169088931765 __DUMMY__ 0.4663853224865177 neg 0.02869776862030576	false	1.0
sinnlosigkeit	neg 1.0		__DUMMY__ 0.9288323722937529 off 0.039935384038607635 neg 0.03123224366763938	false	0.5
behindern	neg 1.0		__DUMMY__ 0.9279227550106359 off 0.04098595341710036 neg 0.031091291572263702	false	0.5
undemokratisch	neg 1.0		__DUMMY__ 0.9249282079352525 off 0.04374439873813621 neg 0.03132739332661126	false	0.5
wirtschaftskrise	neg 1.0		__DUMMY__ 0.9267471028685753 off 0.03972656834767492 neg 0.03352632878374977	false	0.5
neid	neg 1.0		__DUMMY__ 0.9247033850621172 off 0.043935066596681324 neg 0.03136154834120147	false	0.5
rutschen	neg 1.0		__DUMMY__ 0.9365252472353399 off 0.03329019308029566 neg 0.030184559684364388	false	0.5
rezession	neg 1.0		__DUMMY__ 0.9164783391681786 off 0.049118177158550054 neg 0.03440348367327146	false	0.5
fehlgeburt	neg 1.0		__DUMMY__ 0.9302623986015327 off 0.04113957625328839 neg 0.028598025145178972	false	0.5
charakterschwach	off 1.0		__DUMMY__ 0.9218050527488129 off 0.04661928245772693 neg 0.03157566479346022	false	1.0
isolation	neg 1.0		__DUMMY__ 0.9267611471079 off 0.04454663444778193 neg 0.02869221844431797	false	0.5
ablenkung	neg 1.0		__DUMMY__ 0.9288008638070758 off 0.04100340111253086 neg 0.03019573508039334	false	0.5
pech	neg 1.0		__DUMMY__ 0.9244891183287136 off 0.04450876985691139 neg 0.03100211181437505	false	0.5
vermeidung	neg 1.0		__DUMMY__ 0.922673109722285 off 0.04655170347369262 neg 0.03077518680402247	false	0.5
dominieren	neg 1.0		__DUMMY__ 0.9297916403716863 off 0.040098609149403046 neg 0.030109750478910742	false	0.5
schwindlig	neg 1.0		__DUMMY__ 0.9262615655471131 off 0.04245964373538218 neg 0.03127879071750466	false	0.5
lutscher	neg 1.0		__DUMMY__ 0.9132422609450725 off 0.05545403280709921 neg 0.03130370624782817	false	0.5
pflicht	neg 1.0		__DUMMY__ 0.9322159474327261 off 0.036787644704507474 neg 0.030996407862766452	false	0.5
faschist	off 1.0		__DUMMY__ 0.9241216132428218 off 0.044924405349009884 neg 0.03095398140816825	false	1.0
verschleudern	neg 1.0		__DUMMY__ 0.9284193726928262 off 0.038597576998988324 neg 0.03298305030818547	false	0.5
wenn			__DUMMY__ 0.923653004548914 off 0.04548386036321314 neg 0.0308631350878729	false	0.0
ehebruch	neg 1.0		__DUMMY__ 0.9283663983310616 off 0.03920837294969206 neg 0.032425228719246364	false	0.5
spott	off 1.0		__DUMMY__ 0.9304771227702486 off 0.0390699951928426 neg 0.030452882036908865	false	1.0
trostlosigkeit	neg 1.0		__DUMMY__ 0.9300385431275282 off 0.03670359855696694 neg 0.03325785831550487	false	0.5
lutschen	neg 1.0		__DUMMY__ 0.9264072043369974 off 0.044865187910575935 neg 0.028727607752426595	false	0.5
undiszipliniert	neg 1.0		__DUMMY__ 0.9213787027863605 off 0.0478798200489206 neg 0.03074147716471893	false	0.5
kopfschmerz	neg 1.0		__DUMMY__ 0.928010667564951 off 0.03812747262389974 neg 0.033861859811149225	false	0.5
unvorhergesehen	neg 1.0		__DUMMY__ 0.934112700371879 off 0.03619245410809582 neg 0.029694845520025225	false	0.5
desinteressiert	neg 1.0		__DUMMY__ 0.9216521501465904 off 0.04746204359566793 neg 0.030885806257741642	false	0.5
armselig	off 1.0		__DUMMY__ 0.9200167237023188 off 0.04952723314576314 neg 0.030456043151918154	false	1.0
desaster	neg 1.0		__DUMMY__ 0.9309061458972883 off 0.03637060804682778 neg 0.032723246055883996	false	0.5
tod	neg 1.0		__DUMMY__ 0.9314784396197747 off 0.03787013254594064 neg 0.03065142783428474	false	0.5
herzlos	neg 1.0		__DUMMY__ 0.9204147934402515 off 0.04893812759952225 neg 0.03064707896022627	false	0.5
unwissenheit	neg 1.0		__DUMMY__ 0.928892063348215 off 0.03964299797038295 neg 0.03146493868140208	false	0.5
widersinnig	neg 1.0		__DUMMY__ 0.9261919689238508 off 0.04103674907198802 neg 0.03277128200416113	false	0.5
bedenklich	neg 1.0		__DUMMY__ 0.9290251457230858 off 0.0389462098221727 neg 0.03202864445474152	false	0.5
beanstanden	neg 1.0		__DUMMY__ 0.932796496143554 off 0.03726798043527875 neg 0.029935523421167277	false	0.5
panisch	neg 1.0		__DUMMY__ 0.927951560100741 off 0.042602483568739344 neg 0.029445956330519735	false	0.5
debil	off 1.0		__DUMMY__ 0.9382594844780838 off 0.03146514936781922 neg 0.030275366154096945	false	1.0
abstrich	neg 1.0		__DUMMY__ 0.9331054288618376 off 0.03897338199318561 neg 0.027921189144976828	false	0.5
primitiv	neg 1.0		__DUMMY__ 0.9213679792103306 off 0.04769369700836914 neg 0.030938323781300167	false	0.5
abschaum	off 1.0	off 1.0	off 0.5122532807279311 __DUMMY__ 0.4605668774321881 neg 0.027179841839880696	false	1.0
provozieren	neg 1.0		__DUMMY__ 0.9262529489763479 off 0.042324398266541274 neg 0.03142265275711083	false	0.5
tot	neg 1.0		__DUMMY__ 0.9312635878143587 off 0.03901944666433824 neg 0.029716965521303013	false	0.5
instabil	neg 1.0		__DUMMY__ 0.919576388327503 off 0.049750052292525826 neg 0.03067355937997128	false	0.5
schwuchtel	off 1.0	off 1.0	off 0.5239797153294993 __DUMMY__ 0.4489675837585175 neg 0.027052700911983297	false	1.0
zerren	neg 1.0		__DUMMY__ 0.9305295484714833 off 0.039165677057256564 neg 0.03030477447126007	false	0.5
kinderficker	off 1.0		__DUMMY__ 0.9184101175055905 off 0.05152021698908396 neg 0.030069665505325468	false	1.0
gefahr	neg 1.0		__DUMMY__ 0.9328808078851833 off 0.03715721576334619 neg 0.029961976351470385	false	0.5
rabiat	neg 1.0		__DUMMY__ 0.9271169588467124 off 0.04079513850316315 neg 0.03208790265012437	false	0.5
verlangsamung	neg 1.0		__DUMMY__ 0.9170548074219885 off 0.05306343477276655 neg 0.029881757805244918	false	0.5
ausgestorben	neg 1.0		__DUMMY__ 0.9288591702783705 off 0.04037628820123138 neg 0.030764541520398054	false	0.5
anklagen	neg 1.0		__DUMMY__ 0.9284487633687813 off 0.040206374466809296 neg 0.031344862164409286	false	0.5
trott	neg 1.0		__DUMMY__ 0.9284722840118143 off 0.04120233822171046 neg 0.03032537776647536	false	0.5
verminderung	neg 1.0		__DUMMY__ 0.922286758597381 off 0.04651742631176007 neg 0.031195815090858916	false	0.5
nach			__DUMMY__ 0.938286375131499 off 0.03228964856268352 neg 0.02942397630581746	false	0.0
rost	neg 1.0		__DUMMY__ 0.9181745758199795 off 0.05380136195277822 neg 0.02802406222724219	false	0.5
destruktiv	neg 1.0		__DUMMY__ 0.9263646279595729 off 0.04139921159459985 neg 0.03223616044582725	false	0.5
unzumutbarkeit	neg 1.0		__DUMMY__ 0.9259969084921496 off 0.046586763470856704 neg 0.02741632803699379	false	0.5
labil	off 1.0	off 1.0	off 0.5117268765451332 __DUMMY__ 0.4605334506578456 neg 0.0277396727970213	false	1.0
ziemlich	neg 1.0		__DUMMY__ 0.9243794816228018 off 0.04611560937351846 neg 0.029504909003679795	false	0.5
lachnummer	off 1.0		__DUMMY__ 0.9271991984571287 off 0.042060112467546484 neg 0.03074068907532478	false	1.0
oder			__DUMMY__ 0.9289219483836799 off 0.04154913121349106 neg 0.029528920402828975	false	0.0
verfall	neg 1.0		__DUMMY__ 0.9325412174148038 off 0.03455813392876099 neg 0.032900648656435286	false	0.5
ausgrenzung	neg 1.0		__DUMMY__ 0.9253019136997392 off 0.04362090461879544 neg 0.03107718168146529	false	0.5
unordnung	neg 1.0		__DUMMY__ 0.9225009205533411 off 0.049936036947312024 neg 0.027563042499346845	false	0.5
fehlverhalten	neg 1.0		__DUMMY__ 0.9303407572494936 off 0.03829642291941651 neg 0.03136281983108991	false	0.5
eine			__DUMMY__ 0.9323327937108761 off 0.036305024524087834 neg 0.03136218176503617	false	0.0
nille	neg 1.0		__DUMMY__ 0.9283650385489304 off 0.041728246579649846 neg 0.029906714871419812	false	0.5
qual	neg 1.0		__DUMMY__ 0.9285323263332822 off 0.040957320833954494 neg 0.030510352832763356	false	0.5
verschwenden	neg 1.0		__DUMMY__ 0.9297454664947218 off 0.0378308952178092 neg 0.03242363828746905	false	0.5
riesig	neg 1.0		__DUMMY__ 0.9334733197844227 off 0.037755889315606785 neg 0.028770790899970464	false	0.5
verurteilen	neg 1.0		__DUMMY__ 0.92806836273118 off 0.040127151396685344 neg 0.031804485872134705	false	0.5
klischee	neg 1.0	neg 1.0	neg 0.49887606745656304 __DUMMY__ 0.4601989809941188 off 0.04092495154931817	false	1.0
diktatorisch	neg 1.0		__DUMMY__ 0.9241005577999127 off 0.04386122500673915 neg 0.0320382171933481	false	0.5
vorhersehbar	neg 1.0		__DUMMY__ 0.9235198579469569 off 0.0442193412400555 neg 0.03226080081298761	false	0.5
sowie			__DUMMY__ 0.9175557134655062 off 0.050866108211410695 neg 0.03157817832308301	false	0.0
stornieren	neg 1.0		__DUMMY__ 0.9319019888903126 off 0.04351688927142729 neg 0.02458112183826015	false	0.5
besteuerung	neg 1.0	neg 1.0	neg 0.5011221902891473 __DUMMY__ 0.4605163205925981 off 0.038361489118254634	false	1.0
ungeschminkt	neg 1.0		__DUMMY__ 0.9230703982274707 off 0.047193737008105086 neg 0.029735864764424164	false	0.5
kritisch	neg 1.0		__DUMMY__ 0.9292797874797719 off 0.03974714448001812 neg 0.030973068040209883	false	0.5
schlamperei	off 1.0		__DUMMY__ 0.9306745857219518 off 0.038605588423953036 neg 0.03071982585409522	false	1.0
sucht	neg 1.0	neg 1.0	neg 0.49458715132843445 __DUMMY__ 0.46724309237312267 off 0.03816975629844283	false	1.0
egoistisch	off 1.0	off 1.0	off 0.5164273843520841 __DUMMY__ 0.45641619441702425 neg 0.027156421230891653	false	1.0
ausbeuter	off 1.0		__DUMMY__ 0.9287282151204789 off 0.03814495829334328 neg 0.03312682658617781	false	1.0
arschgeburt	off 1.0		__DUMMY__ 0.911337002900941 off 0.05936110075962196 neg 0.02930189633943705	false	1.0
schubs	neg 1.0		__DUMMY__ 0.9298074433508662 off 0.03821303537241842 neg 0.03197952127671543	false	0.5
unsolide	neg 1.0		__DUMMY__ 0.9250867870589852 off 0.044055444987368 neg 0.030857767953646843	false	0.5
beschwerde	neg 1.0		__DUMMY__ 0.9298751790539821 off 0.039921550179888354 neg 0.03020327076612951	false	0.5
stocken	neg 1.0		__DUMMY__ 0.9307257565908992 off 0.038996650717098895 neg 0.03027759269200196	false	0.5
isolieren	neg 1.0		__DUMMY__ 0.9299484493138931 off 0.03990344399193758 neg 0.030148106694169306	false	0.5
unheilbar	neg 1.0		__DUMMY__ 0.9264049981808575 off 0.04166965670537509 neg 0.03192534511376727	false	0.5
pisser	off 1.0	off 1.0	off 0.5144179424946168 __DUMMY__ 0.4599484006226279 neg 0.025633656882755408	false	1.0
löschen	neg 1.0		__DUMMY__ 0.9280469941232907 off 0.0418577167415002 neg 0.03009528913520912	false	0.5
durchfallen	neg 1.0		__DUMMY__ 0.9292846679115483 off 0.03941014929287266 neg 0.03130518279557903	false	0.5
wichser	off 1.0	off 1.0	off 0.5205795818460763 __DUMMY__ 0.45127798250469214 neg 0.028142435649231592	false	1.0
terror	neg 1.0		__DUMMY__ 0.9266768435061794 off 0.043954959680738453 neg 0.02936819681308223	false	0.5
krass	neg 1.0		__DUMMY__ 0.9198288515940265 off 0.05000259088514769 neg 0.030168557520825794	false	0.5
revolte	neg 1.0		__DUMMY__ 0.9209475655344531 off 0.04502976769300365 neg 0.03402266677254333	false	0.5
besorgt	neg 1.0		__DUMMY__ 0.9314669467715205 off 0.03960516240392593 neg 0.028927890824553548	false	0.5
nachlassen	neg 1.0		__DUMMY__ 0.9314225444809521 off 0.03860661821310771 neg 0.029970837305940183	false	0.5
alt	neg 1.0		__DUMMY__ 0.9272717066796319 off 0.037924790183724154 neg 0.03480350313664396	false	0.5
hundesohn	off 1.0	off 1.0	off 0.520094810736657 __DUMMY__ 0.45420813548336414 neg 0.025697053779978926	false	1.0
als			__DUMMY__ 0.9285683590395182 off 0.03974177641955328 neg 0.03168986454092851	false	0.0
abschreckung	neg 1.0		__DUMMY__ 0.9305943204649353 off 0.03763731562387768 neg 0.03176836391118702	false	0.5
unqualifiziert	neg 1.0		__DUMMY__ 0.9238256506999363 off 0.04540072710463075 neg 0.030773622195432896	false	0.5
abgewichst	off 1.0		__DUMMY__ 0.9295022051847486 off 0.04098383369330214 neg 0.0295139611219492	false	1.0
schwer	neg 1.0		__DUMMY__ 0.9274615637663748 off 0.04095954533209208 neg 0.031578890901533166	false	0.5
bedeutungslosigkeit	neg 1.0		__DUMMY__ 0.9302388071360166 off 0.03804569781943138 neg 0.03171549504455198	false	0.5
kapitulation	neg 1.0		__DUMMY__ 0.9272256012082915 off 0.039565971163523145 neg 0.033208427628185475	false	0.5
unscharf	neg 1.0		__DUMMY__ 0.9232046214413526 off 0.04260753985041948 neg 0.034187838708227856	false	0.5
schwinden	neg 1.0		__DUMMY__ 0.9300658896325338 off 0.03810100963442673 neg 0.03183310073303953	false	0.5
versklavung	neg 1.0	neg 1.0	neg 0.4992117888312525 __DUMMY__ 0.46142576514812533 off 0.039362446020622145	false	1.0
schlecht	neg 1.0		__DUMMY__ 0.9244993170620928 off 0.046297484719057834 neg 0.029203198218849463	false	0.5
verhasst	neg 1.0		__DUMMY__ 0.9254953069691358 off 0.042935682034113645 neg 0.03156901099675048	false	0.5
beschweren	neg 1.0		__DUMMY__ 0.9272187396091004 off 0.043039824076513224 neg 0.029741436314386346	false	0.5
scheiden	neg 1.0		__DUMMY__ 0.9284740674541668 off 0.040990292647518974 neg 0.030535639898314277	false	0.5
frustriert	neg 1.0		__DUMMY__ 0.9289525550682334 off 0.0403028578031064 neg 0.03074458712866026	false	0.5
schimmelig	neg 1.0		__DUMMY__ 0.9296258949744008 off 0.03814117141236048 neg 0.032232933613238694	false	0.5
fisch	neg 1.0		__DUMMY__ 0.9304437640850839 off 0.03539150111016494 neg 0.03416473480475112	false	0.5
schmuggel	neg 1.0		__DUMMY__ 0.9338919361387704 off 0.03639550273556303 neg 0.02971256112566649	false	0.5
auffallen	neg 1.0		__DUMMY__ 0.9261603430627223 off 0.04339132596894401 neg 0.030448330968333638	false	0.5
konkurrenz	neg 1.0		__DUMMY__ 0.9323515836256059 off 0.03769024516231008 neg 0.02995817121208398	false	0.5
teufelskreis	neg 1.0	neg 1.0	neg 0.5005659236877525 __DUMMY__ 0.4620822670054952 off 0.037351809306752304	false	1.0
aufschreien	neg 1.0		__DUMMY__ 0.9243107925534834 off 0.04401103049855861 neg 0.031678176947957944	false	0.5
schuldner	neg 1.0		__DUMMY__ 0.9287776194245793 off 0.0378948745958072 neg 0.033327505979613606	false	0.5
missgeburt	off 1.0	off 1.0	off 0.5183758604064732 __DUMMY__ 0.45749152740629134 neg 0.024132612187235346	false	1.0
arbeitslos	neg 1.0		__DUMMY__ 0.9293400870024886 off 0.03943084701937089 neg 0.031229065978140427	false	0.5
befallen	neg 1.0		__DUMMY__ 0.9272645375435226 off 0.04085096093187985 neg 0.031884501524597646	false	0.5
miesepetrig	off 1.0	off 1.0	off 0.5111510278904409 __DUMMY__ 0.4604876807771515 neg 0.028361291332407564	false	1.0
alarmieren	neg 1.0		__DUMMY__ 0.9242926137157075 off 0.045804981274865916 neg 0.029902405009426522	false	0.5
ungeduscht	off 1.0		__DUMMY__ 0.9243153602298865 off 0.04450760820761968 neg 0.031177031562493768	false	1.0
knappheit	neg 1.0		__DUMMY__ 0.9278478482264174 off 0.039714202709708775 neg 0.03243794906387379	false	0.5
schlange	neg 1.0		__DUMMY__ 0.928826483822186 off 0.04147834868324036 neg 0.029695167494573654	false	0.5
harsch	neg 1.0		__DUMMY__ 0.9242944514974463 off 0.04976906350000584 neg 0.025936485002547974	false	0.5
lang	neg 1.0		__DUMMY__ 0.9275066682880732 off 0.04251276824234736 neg 0.02998056346957957	false	0.5
ziellos	neg 1.0		__DUMMY__ 0.9318342857450544 off 0.03789417151325719 neg 0.030271542741688383	false	0.5
selbstverliebt	neg 1.0		__DUMMY__ 0.9140061556887481 off 0.05654038404508626 neg 0.029453460266165667	false	0.5
beseitigen	neg 1.0		__DUMMY__ 0.9326369601308304 off 0.04118204851210612 neg 0.02618099135706338	false	0.5
dumm	off 1.0		__DUMMY__ 0.917293461449417 off 0.05207677452720185 neg 0.030629764023381096	false	1.0
arbeitsloser	neg 1.0		__DUMMY__ 0.9317073332417795 off 0.039514011015294816 neg 0.02877865574292567	false	0.5
blitzen	neg 1.0		__DUMMY__ 0.9244901251358124 off 0.044846147659954885 neg 0.030663727204232605	false	0.5
hilflos	neg 1.0		__DUMMY__ 0.929368543496436 off 0.039308877129301735 neg 0.031322579374262215	false	0.5
eklig	off 1.0		__DUMMY__ 0.9159027662049346 off 0.052395862579786796 neg 0.03170137121527858	false	1.0
begriff			__DUMMY__ 0.9275419482714456 off 0.04112944448952005 neg 0.03132860723903431	false	0.0
hungersnot	neg 1.0		__DUMMY__ 0.9266004793725229 off 0.03972029031456129 neg 0.03367923031291588	false	0.5
ungesetzlich	neg 1.0		__DUMMY__ 0.9243185564745592 off 0.04400676768414413 neg 0.03167467584129678	false	0.5
verschwendung	neg 1.0		__DUMMY__ 0.9303499560854422 off 0.03787002877371056 neg 0.03178001514084719	false	0.5
schmerzvoll	neg 1.0		__DUMMY__ 0.9258000476062307 off 0.04268444543909794 neg 0.031515506954671355	false	0.5
vorzeitig	neg 1.0		__DUMMY__ 0.9256951177137817 off 0.045759135134907855 neg 0.028545747151310485	false	0.5
unvollkommenheit	neg 1.0		__DUMMY__ 0.9293760444303927 off 0.03991595597011846 neg 0.030707999599488955	false	0.5
intervenieren	neg 1.0		__DUMMY__ 0.9285381532267785 off 0.038691831755241095 neg 0.032770015017980506	false	0.5
banause	off 1.0		__DUMMY__ 0.9127789787475145 off 0.05378724628006505 neg 0.03343377497242059	false	1.0
rebell	neg 1.0		__DUMMY__ 0.933596534274306 off 0.03427009156684802 neg 0.03213337415884603	false	0.5
unlogisch	neg 1.0		__DUMMY__ 0.9208863593711554 off 0.04843258397461854 neg 0.030681056654226074	false	0.5
leiden	neg 1.0		__DUMMY__ 0.9344770094828022 off 0.03622872199563611 neg 0.02929426852156167	false	0.5
abschaffung	neg 1.0		__DUMMY__ 0.9258026884063122 off 0.04251492124407551 neg 0.03168239034961228	false	0.5
sturz	neg 1.0		__DUMMY__ 0.9304344311111523 off 0.04314332292456044 neg 0.026422245964287255	false	0.5
verkleinerung	neg 1.0		__DUMMY__ 0.9224260461526627 off 0.04530190987562247 neg 0.032272043971714785	false	0.5
schmarotzer	off 1.0		__DUMMY__ 0.9280167623850888 off 0.04023688782086767 neg 0.03174634979404347	false	1.0
bestrafung	neg 1.0	neg 1.0	neg 0.49763338423659487 __DUMMY__ 0.4641794708531506 off 0.03818714491025461	false	1.0
achtlos	neg 1.0		__DUMMY__ 0.9292149973348739 off 0.04015804768422636 neg 0.030626954980899856	false	0.5
