unsolidarisch	neg 1.0		off 0.5459888759228659 neg 0.4125192601137027 __DUMMY__ 0.04149186396343138	false	0.5
nachteilig	neg 1.0		off 0.5463511065667821 neg 0.41152801520919857 __DUMMY__ 0.04212087822401927	false	0.5
skeptisch	neg 1.0		off 0.5432740505627116 neg 0.41470220605898217 __DUMMY__ 0.04202374337830617	false	0.5
schrecklich	neg 1.0		off 0.5542561369420526 neg 0.4046228026429955 __DUMMY__ 0.041121060414951956	false	0.5
schlapp	neg 1.0	neg 1.0	neg 0.6870501674872942 off 0.29324004605678305 __DUMMY__ 0.019709786455922713	false	1.0
abfall	neg 1.0		off 0.541595039366207 neg 0.41611459907257053 __DUMMY__ 0.042290361561222574	false	0.5
widerspenstig	neg 1.0		off 0.5457016989479792 neg 0.41263239592169293 __DUMMY__ 0.04166590513032794	false	0.5
abrupt	neg 1.0		off 0.5424450280402892 neg 0.4155732778791498 __DUMMY__ 0.04198169408056089	false	0.5
unwirksam	neg 1.0		off 0.5444765663805405 neg 0.4141423859577989 __DUMMY__ 0.0413810476616607	false	0.5
angreifen	neg 1.0		off 0.5426578541992041 neg 0.41529156106411086 __DUMMY__ 0.04205058473668505	false	0.5
inkonsistent	neg 1.0		off 0.5483427704963357 neg 0.41021465736656704 __DUMMY__ 0.04144257213709736	false	0.5
abrutschen	neg 1.0		off 0.5406191624884208 neg 0.4171320714884224 __DUMMY__ 0.04224876602315675	false	0.5
unsicher	neg 1.0		off 0.5476610183206363 neg 0.410535556157112 __DUMMY__ 0.04180342552225165	false	0.5
bauernkind	off 1.0	off 1.0	off 0.7649390192716334 neg 0.21563774802795355 __DUMMY__ 0.019423232700413056	false	1.0
angreifer	neg 1.0		off 0.5531569197725792 neg 0.40509171655340254 __DUMMY__ 0.04175136367401835	false	0.5
trennen	neg 1.0		off 0.5434471821766867 neg 0.4144056531070546 __DUMMY__ 0.042147164716258616	false	0.5
schmutz	neg 1.0		off 0.5563511472914172 neg 0.40153804525180053 __DUMMY__ 0.04211080745678212	false	0.5
inkonsistenz	neg 1.0		off 0.5506969593916362 neg 0.4079322792116363 __DUMMY__ 0.04137076139672755	false	0.5
erschreckend	neg 1.0		off 0.5462624409093324 neg 0.4119762717001287 __DUMMY__ 0.04176128739053884	false	0.5
ertrinken	neg 1.0		off 0.5415648648045914 neg 0.4164312668149988 __DUMMY__ 0.0420038683804098	false	0.5
pickelface	off 1.0		off 0.5490286361354357 neg 0.4091681859282026 __DUMMY__ 0.04180317793636165	false	1.0
seiner			off 0.5439387238089396 neg 0.4139510387197599 __DUMMY__ 0.04211023747130045	false	0.0
lauch	neg 1.0	neg 1.0	neg 0.6910052110716677 off 0.28876715382792 __DUMMY__ 0.02022763510041239	false	1.0
unwichtig	neg 1.0		off 0.5507424033155889 neg 0.4078740497514762 __DUMMY__ 0.04138354693293506	false	0.5
steuerhinterziehung	neg 1.0		off 0.5449198055150463 neg 0.4134664521902489 __DUMMY__ 0.041613742294704915	false	0.5
schock	neg 1.0		off 0.5461765851552577 neg 0.41195568613968936 __DUMMY__ 0.04186772870505297	false	0.5
beule	neg 1.0		off 0.5524149107501725 neg 0.40639291234993036 __DUMMY__ 0.04119217689989726	false	0.5
vergelten	neg 1.0		off 0.5567656351567322 neg 0.40203713043888983 __DUMMY__ 0.04119723440437801	false	0.5
verdorbenheit	neg 1.0		off 0.5506994842585944 neg 0.40744572319783645 __DUMMY__ 0.0418547925435693	false	0.5
trauma	neg 1.0		off 0.5482781216568904 neg 0.4100911108986476 __DUMMY__ 0.04163076744446206	false	0.5
sinnlos	neg 1.0		off 0.5489643842733883 neg 0.40940997216975983 __DUMMY__ 0.041625643556851714	false	0.5
fettsack	off 1.0	off 1.0	off 0.7662998541187173 neg 0.2142456350994489 __DUMMY__ 0.019454510781833766	false	1.0
feige	off 1.0	off 1.0	off 0.7632945089304483 neg 0.21704039948476941 __DUMMY__ 0.019665091584782496	false	1.0
abdanken	neg 1.0		off 0.5472102863593082 neg 0.4110032711956121 __DUMMY__ 0.041786442445079675	false	0.5
wichtigtuer	off 1.0	off 1.0	off 0.7623064911746819 neg 0.21787645583832518 __DUMMY__ 0.019817052986992906	false	1.0
misslingen	neg 1.0		off 0.5525062876505153 neg 0.40550941559451054 __DUMMY__ 0.041984296754974115	false	0.5
untreu	off 1.0		off 0.551768382444015 neg 0.40692544005799963 __DUMMY__ 0.04130617749798539	false	1.0
missmutig	neg 1.0		off 0.548696523799492 neg 0.4099340032466448 __DUMMY__ 0.041369472953863146	false	0.5
hurenbock	off 1.0		off 0.5476848988092153 neg 0.410646575080587 __DUMMY__ 0.04166852611019761	false	1.0
betrunken	neg 1.0		off 0.5532624952840278 neg 0.4055649407940982 __DUMMY__ 0.04117256392187398	false	0.5
korrupt	off 1.0		off 0.543697026741668 neg 0.4147263710730615 __DUMMY__ 0.041576602185270546	false	1.0
unmut	neg 1.0		off 0.5419437268184903 neg 0.41591064424568525 __DUMMY__ 0.04214562893582451	false	0.5
hackfresse	off 1.0		off 0.5577821040430532 neg 0.401405939315872 __DUMMY__ 0.04081195664107501	false	1.0
aufblasen	neg 1.0		off 0.5473490252903187 neg 0.4109538177073682 __DUMMY__ 0.04169715700231303	false	0.5
gewaltsam	neg 1.0		off 0.5483924989880106 neg 0.40973861565174235 __DUMMY__ 0.04186888536024706	false	0.5
unbeliebtheit	neg 1.0		off 0.5530711277162226 neg 0.40554065282353763 __DUMMY__ 0.04138821946023966	false	0.5
sturheit	neg 1.0		off 0.5468443124776405 neg 0.41133028006034567 __DUMMY__ 0.04182540746201386	false	0.5
kuh	neg 1.0		off 0.5458971586176992 neg 0.4129708838241659 __DUMMY__ 0.041131957558134896	false	0.5
erschrecken	neg 1.0		off 0.5506663549247306 neg 0.40783758412954974 __DUMMY__ 0.041496060945719754	false	0.5
opfer	neg 1.0		off 0.545088400974422 neg 0.4129015504270035 __DUMMY__ 0.04201004859857446	false	0.5
sinken	neg 1.0		off 0.5416789733947368 neg 0.41628759009473193 __DUMMY__ 0.042033436510531305	false	0.5
stinktier	neg 1.0		off 0.5535291659181013 neg 0.40575580107986736 __DUMMY__ 0.04071503300203114	false	0.5
tucke	off 1.0		off 0.5576300057351273 neg 0.40188186814038174 __DUMMY__ 0.0404881261244909	false	1.0
ein			off 0.5451158920170712 neg 0.41323709027969385 __DUMMY__ 0.041647017703235006	false	0.0
abstieg	neg 1.0		off 0.5481411610329846 neg 0.4097575464278685 __DUMMY__ 0.042101292539146865	false	0.5
missverstehen	neg 1.0		off 0.5489984323334676 neg 0.4094920592650543 __DUMMY__ 0.04150950840147817	false	0.5
ergebnislos	neg 1.0		off 0.5462014504021144 neg 0.41166972244954414 __DUMMY__ 0.042128827148341375	false	0.5
unter			off 0.5396948524856985 neg 0.4176285640713914 __DUMMY__ 0.042676583442909984	false	0.0
manipulieren	neg 1.0		off 0.5441631502927436 neg 0.41378605488549586 __DUMMY__ 0.042050794821760586	false	0.5
unbewiesen	neg 1.0		off 0.5473996785798301 neg 0.4110173217809982 __DUMMY__ 0.04158299963917162	false	0.5
verschleppen	neg 1.0		off 0.5441104924250401 neg 0.41407679806256975 __DUMMY__ 0.0418127095123901	false	0.5
weib	off 1.0		off 0.5594505924211698 neg 0.39989726874979153 __DUMMY__ 0.04065213882903871	false	1.0
opposition	neg 1.0		off 0.5476068021781026 neg 0.4108754601619364 __DUMMY__ 0.041517737659961	false	0.5
verkehrswidrig	neg 1.0		off 0.5600949114907171 neg 0.39850753244336795 __DUMMY__ 0.04139755606591494	false	0.5
inkorrekt	neg 1.0		off 0.5532395470773657 neg 0.4057023529966086 __DUMMY__ 0.04105809992602576	false	0.5
vermeiden	neg 1.0		off 0.5422356078126735 neg 0.41532774723042115 __DUMMY__ 0.042436644956905266	false	0.5
abweichung	neg 1.0		off 0.5469271757618791 neg 0.4110740689278127 __DUMMY__ 0.04199875531030822	false	0.5
alkoholisiert	neg 1.0		off 0.5492261475601626 neg 0.4082550433102217 __DUMMY__ 0.042518809129615524	false	0.5
scheiss	off 1.0	off 1.0	off 0.7642202662044149 neg 0.2161539355674045 __DUMMY__ 0.01962579822818068	false	1.0
herausforderung	neg 1.0		off 0.5457645228102167 neg 0.4122984982069168 __DUMMY__ 0.04193697898286652	false	0.5
pervers	off 1.0		off 0.5609933397159117 neg 0.3985222309946812 __DUMMY__ 0.04048442928940695	false	1.0
wackelig	neg 1.0		off 0.545859238256209 neg 0.41217724295271974 __DUMMY__ 0.041963518791071124	false	0.5
verwickeln	neg 1.0		off 0.5483129325059752 neg 0.41011668201445933 __DUMMY__ 0.041570385479565465	false	0.5
vorwand	neg 1.0		off 0.5425498962663559 neg 0.41536121493192324 __DUMMY__ 0.042088888801720944	false	0.5
muschi	off 1.0		off 0.5488491611777215 neg 0.4092181466884044 __DUMMY__ 0.041932692133873926	false	1.0
entmutigung	neg 1.0		off 0.5465299765662892 neg 0.4121522588606638 __DUMMY__ 0.04131776457304698	false	0.5
unangemessen	neg 1.0		off 0.5459691361388158 neg 0.41224213507293583 __DUMMY__ 0.04178872878824835	false	0.5
unstetig	neg 1.0		off 0.5519058761964857 neg 0.40653404402512633 __DUMMY__ 0.04156007977838791	false	0.5
entmutigen	neg 1.0		off 0.5466193748330603 neg 0.41182015878431416 __DUMMY__ 0.04156046638262548	false	0.5
schwanz	neg 1.0		off 0.5468732160968655 neg 0.41110573504108716 __DUMMY__ 0.042021048862047335	false	0.5
verbot	neg 1.0		off 0.5451934839235624 neg 0.4130608254250796 __DUMMY__ 0.04174569065135808	false	0.5
leid	neg 1.0		off 0.5554013901326686 neg 0.4036064018632581 __DUMMY__ 0.04099220800407318	false	0.5
archaisch	neg 1.0		off 0.5453695755321168 neg 0.412863212612662 __DUMMY__ 0.04176721185522122	false	0.5
gegen			off 0.5436353581004904 neg 0.4141303498134319 __DUMMY__ 0.042234292086077686	false	0.0
scheidung	neg 1.0		off 0.5687612626794047 neg 0.39052041329279036 __DUMMY__ 0.04071832402780477	false	0.5
einschlag	neg 1.0		off 0.5574840499310234 neg 0.40116280627005013 __DUMMY__ 0.041353143798926635	false	0.5
m			off 0.5465662609381104 neg 0.4114771748232238 __DUMMY__ 0.04195656423866574	false	0.0
abgestanden	neg 1.0		off 0.5433905191740088 neg 0.41527434103090644 __DUMMY__ 0.041335139795084797	false	0.5
schmierig	off 1.0		off 0.5547832329738127 neg 0.40423181526398066 __DUMMY__ 0.040984951762206685	false	1.0
unpraktisch	neg 1.0		off 0.5490642376366668 neg 0.40923438587463484 __DUMMY__ 0.04170137648869849	false	0.5
wixxer	off 1.0		off 0.5607823111392489 neg 0.39880767090715113 __DUMMY__ 0.040410017953599955	false	1.0
bezeichnet			off 0.5478508212269692 neg 0.4103951222428214 __DUMMY__ 0.04175405653020951	false	0.0
jammerlappen	off 1.0		off 0.5510026948250374 neg 0.40762500475521735 __DUMMY__ 0.041372300419745295	false	1.0
farce	neg 1.0		off 0.5460442805954612 neg 0.41235176152913 __DUMMY__ 0.0416039578754088	false	0.5
zwecklos	neg 1.0		off 0.5446863211023145 neg 0.4135086197969719 __DUMMY__ 0.04180505910071349	false	0.5
turbulent	neg 1.0		off 0.5540557801640231 neg 0.4046422291080285 __DUMMY__ 0.041301990727948386	false	0.5
invasion	neg 1.0		off 0.549724072858475 neg 0.4086896955397758 __DUMMY__ 0.04158623160174932	false	0.5
schuld	neg 1.0		off 0.548019222681782 neg 0.4103386247242506 __DUMMY__ 0.04164215259396743	false	0.5
risiko	neg 1.0		off 0.5491238998675336 neg 0.4092969196543021 __DUMMY__ 0.04157918047816444	false	0.5
finster	neg 1.0		off 0.5452222423232688 neg 0.413201863190537 __DUMMY__ 0.04157589448619422	false	0.5
geisteskrank	off 1.0		off 0.5524657618191209 neg 0.4063744290176114 __DUMMY__ 0.04115980916326771	false	1.0
zusammenbrechen	neg 1.0		off 0.5450556354167901 neg 0.41313171898661794 __DUMMY__ 0.041812645596592014	false	0.5
ausbeute	neg 1.0		off 0.5479001912730534 neg 0.4101657667635248 __DUMMY__ 0.04193404196342169	false	0.5
hinterhalt	neg 1.0		off 0.5466063036394371 neg 0.41155710243645555 __DUMMY__ 0.04183659392410747	false	0.5
kritik	neg 1.0		off 0.5454687330451921 neg 0.4129391585768901 __DUMMY__ 0.04159210837791789	false	0.5
einschrumpfen	neg 1.0		off 0.5505858346203341 neg 0.40812820077329837 __DUMMY__ 0.04128596460636743	false	0.5
riskant	neg 1.0		off 0.5433975580785589 neg 0.41460069098756963 __DUMMY__ 0.04200175093387131	false	0.5
frustrieren	neg 1.0		off 0.5435828241344932 neg 0.41451801089968937 __DUMMY__ 0.04189916496581736	false	0.5
groll	neg 1.0		off 0.545769487047814 neg 0.41235876171271535 __DUMMY__ 0.04187175123947071	false	0.5
gibt			off 0.54542955705197 neg 0.4126657810338434 __DUMMY__ 0.04190466191418658	false	0.0
qualvoll	neg 1.0		off 0.5484269792100919 neg 0.41002594242557205 __DUMMY__ 0.0415470783643362	false	0.5
wackeln	neg 1.0		off 0.5474347776648534 neg 0.4107839787849641 __DUMMY__ 0.04178124355018259	false	0.5
klagen	neg 1.0		off 0.5425482888779515 neg 0.41539968827916435 __DUMMY__ 0.042052022842884125	false	0.5
bankrott	neg 1.0		off 0.5528936751109434 neg 0.405513349107742 __DUMMY__ 0.041592975781314406	false	0.5
trauern	neg 1.0		off 0.5459077603576741 neg 0.41188173169381265 __DUMMY__ 0.04221050794851336	false	0.5
ablehnung	neg 1.0		off 0.5459154277565719 neg 0.4123720397811488 __DUMMY__ 0.04171253246227924	false	0.5
stur	neg 1.0		off 0.5473894035265899 neg 0.411025112722156 __DUMMY__ 0.04158548375125392	false	0.5
aufruhr	neg 1.0		off 0.5458068683531867 neg 0.4126104726970285 __DUMMY__ 0.041582658949784974	false	0.5
melancholie	neg 1.0		off 0.5417496797225091 neg 0.41637478265087957 __DUMMY__ 0.041875537626611406	false	0.5
ist			off 0.5485189538873498 neg 0.40986078681961136 __DUMMY__ 0.04162025929303879	false	0.0
torheit	neg 1.0		off 0.5476209123464635 neg 0.410791941360504 __DUMMY__ 0.041587146293032506	false	0.5
dreckskind	off 1.0		off 0.5589044154183979 neg 0.40034970917856383 __DUMMY__ 0.040745875403038194	false	1.0
umtauschen	neg 1.0		off 0.5469228686116973 neg 0.41130363230693096 __DUMMY__ 0.041773499081372005	false	0.5
zum			off 0.5446608727529738 neg 0.41269205890106797 __DUMMY__ 0.04264706834595834	false	0.0
zersetzen	neg 1.0		off 0.5424372086267047 neg 0.4156297554465966 __DUMMY__ 0.04193303592669865	false	0.5
zur			off 0.5424839409101636 neg 0.41507026841331673 __DUMMY__ 0.042445790676519574	false	0.0
frust	neg 1.0		off 0.5448011527437445 neg 0.4133729169649155 __DUMMY__ 0.04182593029134009	false	0.5
unerbittlichkeit	neg 1.0		off 0.5445721889108918 neg 0.41341264411909473 __DUMMY__ 0.04201516697001338	false	0.5
zwei			off 0.5419095054669312 neg 0.41563372850365027 __DUMMY__ 0.04245676602941863	false	0.0
unkorrekt	neg 1.0		off 0.5525120663667691 neg 0.40634655135022585 __DUMMY__ 0.04114138228300511	false	0.5
hexe	off 1.0		off 0.5493813680404771 neg 0.40938698272709095 __DUMMY__ 0.041231649232432055	false	1.0
lasch	neg 1.0		off 0.5503121704060191 neg 0.40826011424903774 __DUMMY__ 0.0414277153449432	false	0.5
rivale	neg 1.0		off 0.5552872625529753 neg 0.4035192890148542 __DUMMY__ 0.04119344843217044	false	0.5
mutlos	off 1.0	off 1.0	off 0.7595614236919982 neg 0.22046610413211662 __DUMMY__ 0.019972472175885173	false	1.0
wirr	off 1.0		off 0.5541186827265927 neg 0.40486782815433925 __DUMMY__ 0.04101348911906817	false	1.0
jahr			off 0.5472217093089042 neg 0.41042847705069574 __DUMMY__ 0.042349813640400184	false	0.0
wird			off 0.545218729839355 neg 0.41282423729022805 __DUMMY__ 0.04195703287041684	false	0.0
strafbar	neg 1.0		off 0.5437422753109976 neg 0.41429977379108934 __DUMMY__ 0.04195795089791317	false	0.5
erosion	neg 1.0		off 0.5481501510869923 neg 0.4100724065806962 __DUMMY__ 0.041777442332311475	false	0.5
eingehen	neg 1.0		off 0.5429486914794783 neg 0.41518197177038724 __DUMMY__ 0.041869336750134344	false	0.5
faul	off 1.0		off 0.551507550150451 neg 0.40698467215354667 __DUMMY__ 0.04150777769600223	false	1.0
provisorium	neg 1.0		off 0.5400792175703473 neg 0.417223610448373 __DUMMY__ 0.04269717198127972	false	0.5
schmerzen	neg 1.0		off 0.5446393547757531 neg 0.4137038432036841 __DUMMY__ 0.04165680202056289	false	0.5
schrumpfen	neg 1.0		off 0.5394550578097964 neg 0.4183793085588162 __DUMMY__ 0.042165633631387374	false	0.5
geistlos	off 1.0		off 0.5476296685462412 neg 0.41102274028278624 __DUMMY__ 0.04134759117097251	false	1.0
fehlkauf	neg 1.0		off 0.5493208387611809 neg 0.40913691808392966 __DUMMY__ 0.04154224315488955	false	0.5
frustrierend	neg 1.0		off 0.5496461730575011 neg 0.4089296212616514 __DUMMY__ 0.041424205680847585	false	0.5
unzufrieden	neg 1.0		off 0.5451740231711606 neg 0.41295184922708267 __DUMMY__ 0.0418741276017566	false	0.5
verzweifeln	neg 1.0		off 0.5463615174888145 neg 0.4118307312829493 __DUMMY__ 0.0418077512282363	false	0.5
verzweifelt	neg 1.0		off 0.5476399422672839 neg 0.4107602419296413 __DUMMY__ 0.041599815803074904	false	0.5
misstrauensantrag	neg 1.0		off 0.5486953696947956 neg 0.40974882045727345 __DUMMY__ 0.04155580984793091	false	0.5
abfallen	neg 1.0		off 0.5472262498043116 neg 0.4110691888957633 __DUMMY__ 0.04170456129992522	false	0.5
fucker	off 1.0		off 0.5550899263795956 neg 0.40363293951731993 __DUMMY__ 0.04127713410308449	false	1.0
ungezogen	neg 1.0		off 0.5597327306743357 neg 0.39958685967770696 __DUMMY__ 0.04068040964795742	false	0.5
irrsinnig	neg 1.0	neg 1.0	neg 0.6888968522411422 off 0.291246710453906 __DUMMY__ 0.019856437304951857	false	1.0
unfassbar	neg 1.0		off 0.5520868286130157 neg 0.4065712203830159 __DUMMY__ 0.041341951003968404	false	0.5
hart	neg 1.0		off 0.5512458265632787 neg 0.4075760574309401 __DUMMY__ 0.04117811600578133	false	0.5
widerlich	off 1.0		off 0.5517631931922871 neg 0.40700281360847756 __DUMMY__ 0.04123399319923527	false	1.0
fatal	neg 1.0	neg 1.0	neg 0.6891032241765037 off 0.29118180932064697 __DUMMY__ 0.019714966502849342	false	1.0
bruch	neg 1.0		off 0.5416425050165892 neg 0.41619757744988056 __DUMMY__ 0.04215991753353022	false	0.5
aushungern	neg 1.0		off 0.5446739109818524 neg 0.41364730219204915 __DUMMY__ 0.04167878682609858	false	0.5
anspannung	neg 1.0		off 0.5418696418270738 neg 0.41568464596415755 __DUMMY__ 0.042445712208768534	false	0.5
von			off 0.5446770709015128 neg 0.4131061742553731 __DUMMY__ 0.04221675484311419	false	0.0
kraftlos	neg 1.0		off 0.544423388660821 neg 0.4137081262939558 __DUMMY__ 0.04186848504522316	false	0.5
vom			off 0.5422978883718885 neg 0.414876590444318 __DUMMY__ 0.04282552118379345	false	0.0
grenzdebil	off 1.0		off 0.5516783287414797 neg 0.40706529358816135 __DUMMY__ 0.041256377670358765	false	1.0
vor			off 0.5421122192595155 neg 0.41571737592933494 __DUMMY__ 0.042170404811149656	false	0.0
unterwerfen	neg 1.0		off 0.544880430697199 neg 0.41314819817320725 __DUMMY__ 0.04197137112959355	false	0.5
versenkung	neg 1.0		off 0.5446945707580801 neg 0.4132683970860401 __DUMMY__ 0.0420370321558798	false	0.5
entziehen	neg 1.0		off 0.5425702139173705 neg 0.415325488315087 __DUMMY__ 0.04210429776754252	false	0.5
finanzkrise	neg 1.0		off 0.5425260811900844 neg 0.4161397280439861 __DUMMY__ 0.04133419076592943	false	0.5
schimpfend	neg 1.0		off 0.5494535271455334 neg 0.40874378771951536 __DUMMY__ 0.04180268513495124	false	0.5
profan	neg 1.0		off 0.5487021624191624 neg 0.40976265026197534 __DUMMY__ 0.041535187318862424	false	0.5
korruption	neg 1.0		off 0.5437461860574713 neg 0.4145856284471786 __DUMMY__ 0.04166818549535017	false	0.5
â			off 0.5454609922337057 neg 0.41259758000766034 __DUMMY__ 0.041941427758633826	false	0.0
schmutzig	neg 1.0		off 0.5519995039307352 neg 0.4067337947711268 __DUMMY__ 0.041266701298138045	false	0.5
sexy	neg 1.0		off 0.5512424332921946 neg 0.4072015323123918 __DUMMY__ 0.041556034395413624	false	0.5
abraten	neg 1.0		off 0.5494849745291295 neg 0.40884956021422897 __DUMMY__ 0.04166546525664163	false	0.5
schwarz	neg 1.0		off 0.5495130281411288 neg 0.4088680041882926 __DUMMY__ 0.04161896767057846	false	0.5
fotze	off 1.0	off 1.0	off 0.7614612959227315 neg 0.21846721675420472 __DUMMY__ 0.02007148732306393	false	1.0
verwirren	neg 1.0		off 0.5492441218357396 neg 0.40920240862302315 __DUMMY__ 0.041553469541237384	false	0.5
zahnlos	off 1.0		off 0.5454158434446584 neg 0.41281159054894356 __DUMMY__ 0.04177256600639811	false	1.0
verheeren	neg 1.0		off 0.5614633876519073 neg 0.3978721974340452 __DUMMY__ 0.04066441491404746	false	0.5
hippie	neg 1.0		off 0.550718606008223 neg 0.40772817328571526 __DUMMY__ 0.041553220706061586	false	0.5
rammen	neg 1.0		off 0.5501846527203837 neg 0.4079473786222208 __DUMMY__ 0.041867968657395296	false	0.5
unlauter	neg 1.0		off 0.5490987467234645 neg 0.4093206448919844 __DUMMY__ 0.04158060838455117	false	0.5
unheilvoll	neg 1.0		off 0.5472230121487772 neg 0.41122256046906897 __DUMMY__ 0.04155442738215386	false	0.5
niedrig	neg 1.0		off 0.5447312884559413 neg 0.4133905856775243 __DUMMY__ 0.04187812586653448	false	0.5
explosion	neg 1.0		off 0.551076878287796 neg 0.4073311942934885 __DUMMY__ 0.041591927418715494	false	0.5
weichei	off 1.0	off 1.0	off 0.7652811352043866 neg 0.21529119665678284 __DUMMY__ 0.01942766813883064	false	1.0
minusmensch	off 1.0		off 0.5614491263579704 neg 0.3978634631457207 __DUMMY__ 0.0406874104963089	false	1.0
farblos	neg 1.0		off 0.5497180472552637 neg 0.4085409200659528 __DUMMY__ 0.0417410326787835	false	0.5
unwissend	neg 1.0	neg 1.0	neg 0.6875311048906061 off 0.2927702895556398 __DUMMY__ 0.019698605553754075	false	1.0
traurig	neg 1.0		off 0.5540476022935491 neg 0.4047929613229197 __DUMMY__ 0.04115943638353122	false	0.5
senkung	neg 1.0		off 0.5467968283917082 neg 0.4119454432115496 __DUMMY__ 0.04125772839674231	false	0.5
ungleich	neg 1.0	neg 1.0	neg 0.6904456956548689 off 0.2895429853079815 __DUMMY__ 0.02001131903714962	false	1.0
heikel	neg 1.0		off 0.5433586397320022 neg 0.41466425278446123 __DUMMY__ 0.04197710748353658	false	0.5
drosselung	neg 1.0		off 0.5518035218734088 neg 0.4069940815534325 __DUMMY__ 0.04120239657315872	false	0.5
falsch	neg 1.0		off 0.5507370585114563 neg 0.4077771181141612 __DUMMY__ 0.04148582337438252	false	0.5
unzufriedenheit	neg 1.0		off 0.542505543960169 neg 0.41556361674951825 __DUMMY__ 0.04193083929031272	false	0.5
kurz	neg 1.0		off 0.5465801639483142 neg 0.41145286851711016 __DUMMY__ 0.04196696753457556	false	0.5
unsinnig	neg 1.0		off 0.5450643434562847 neg 0.4132729125645264 __DUMMY__ 0.041662743979188885	false	0.5
penner	off 1.0	off 1.0	off 0.7664572385240017 neg 0.21413900335091157 __DUMMY__ 0.019403758125086747	false	1.0
seicht	neg 1.0		off 0.5562184108778909 neg 0.40329023546831033 __DUMMY__ 0.040491353653798724	false	0.5
dummheit	off 1.0	off 1.0	off 0.761770080265288 neg 0.21847870336285602 __DUMMY__ 0.01975121637185599	false	1.0
unerfreulich	neg 1.0		off 0.5434720162890921 neg 0.4145027025001696 __DUMMY__ 0.04202528121073832	false	0.5
motherfucker	off 1.0	off 1.0	off 0.764816255560076 neg 0.2155220765944828 __DUMMY__ 0.019661667845441058	false	1.0
pikiert	neg 1.0		off 0.5504677561708179 neg 0.4082682916346009 __DUMMY__ 0.04126395219458118	false	0.5
wrack	neg 1.0		off 0.5501944954064345 neg 0.40756500930513667 __DUMMY__ 0.042240495288428805	false	0.5
gangster	neg 1.0		off 0.5507410179147496 neg 0.4077334251913417 __DUMMY__ 0.0415255568939089	false	0.5
krank	neg 1.0		off 0.5524507078776709 neg 0.40623614078861003 __DUMMY__ 0.04131315133371907	false	0.5
reich	neg 1.0		off 0.549529125382848 neg 0.4091728493377293 __DUMMY__ 0.04129802527942261	false	0.5
gnadenlos	neg 1.0		off 0.5485947712497639 neg 0.40967804016743165 __DUMMY__ 0.04172718858280447	false	0.5
niedergeschlagen	neg 1.0		off 0.5460241230928694 neg 0.4120112456789216 __DUMMY__ 0.04196463122820906	false	0.5
terrorisieren	off 1.0	off 1.0	off 0.7593585868993935 neg 0.2206012847796232 __DUMMY__ 0.02004012832098333	false	1.0
sinnlosigkeit	neg 1.0		off 0.5453403774856856 neg 0.41283621761990463 __DUMMY__ 0.04182340489440963	false	0.5
behindern	neg 1.0		off 0.5469004032518305 neg 0.411376936498463 __DUMMY__ 0.04172266024970642	false	0.5
undemokratisch	neg 1.0		off 0.5482898705128416 neg 0.41021448545151146 __DUMMY__ 0.04149564403564677	false	0.5
wirtschaftskrise	neg 1.0		off 0.5430085556030401 neg 0.4153512579619042 __DUMMY__ 0.0416401864350557	false	0.5
neid	neg 1.0		off 0.5491518152385951 neg 0.4094151693036647 __DUMMY__ 0.041433015457740016	false	0.5
rutschen	neg 1.0		off 0.5412128056212583 neg 0.41635601568917013 __DUMMY__ 0.04243117868957148	false	0.5
rezession	neg 1.0		off 0.5504720308963154 neg 0.40874879955188986 __DUMMY__ 0.04077916955179484	false	0.5
fehlgeburt	neg 1.0		off 0.5496358249211528 neg 0.40850697244066236 __DUMMY__ 0.041857202638184834	false	0.5
charakterschwach	off 1.0		off 0.5508880089489169 neg 0.40789035380568056 __DUMMY__ 0.04122163724540246	false	1.0
isolation	neg 1.0		off 0.5522547583252689 neg 0.4061285915436383 __DUMMY__ 0.04161665013109283	false	0.5
ablenkung	neg 1.0		off 0.5474749482601374 neg 0.41072167106979507 __DUMMY__ 0.04180338067006746	false	0.5
pech	neg 1.0		off 0.5503008440833689 neg 0.4083032143672912 __DUMMY__ 0.04139594154933989	false	0.5
vermeidung	neg 1.0		off 0.5520888375364723 neg 0.4066418735664996 __DUMMY__ 0.04126928889702821	false	0.5
dominieren	neg 1.0		off 0.5467941921031039 neg 0.41132219717555196 __DUMMY__ 0.0418836107213441	false	0.5
schwindlig	neg 1.0		off 0.5482999811131499 neg 0.4101614049551304 __DUMMY__ 0.04153861393171967	false	0.5
lutscher	neg 1.0		off 0.5590742395676849 neg 0.40044066110384413 __DUMMY__ 0.040485099328471136	false	0.5
pflicht	neg 1.0		off 0.5428383320983668 neg 0.41504623797462936 __DUMMY__ 0.04211542992700379	false	0.5
faschist	off 1.0		off 0.549684609572327 neg 0.4088942969076904 __DUMMY__ 0.04142109351998253	false	1.0
verschleudern	neg 1.0		off 0.5426799827162432 neg 0.41554194224801777 __DUMMY__ 0.04177807503573908	false	0.5
wenn			off 0.550650010667714 neg 0.40796751977183027 __DUMMY__ 0.041382469560455715	false	0.0
ehebruch	neg 1.0		off 0.5435147783836017 neg 0.4147006701445845 __DUMMY__ 0.04178455147181362	false	0.5
spott	off 1.0		off 0.5452425524064726 neg 0.4128030445844334 __DUMMY__ 0.041954403009094136	false	1.0
trostlosigkeit	neg 1.0		off 0.5406868251674137 neg 0.41739211580638996 __DUMMY__ 0.041921059026196326	false	0.5
lutschen	neg 1.0		off 0.5524231237305227 neg 0.4060043440099506 __DUMMY__ 0.04157253225952669	false	0.5
undiszipliniert	neg 1.0		off 0.5530688702000817 neg 0.405768206348873 __DUMMY__ 0.041162923451045316	false	0.5
kopfschmerz	neg 1.0		off 0.5421505604643846 neg 0.4161544456781007 __DUMMY__ 0.041694993857514795	false	0.5
unvorhergesehen	neg 1.0		off 0.5443950796975499 neg 0.413410150063317 __DUMMY__ 0.04219477023913305	false	0.5
desinteressiert	neg 1.0		off 0.5524329661246193 neg 0.4063724391172258 __DUMMY__ 0.041194594758154866	false	0.5
armselig	off 1.0		off 0.5544069550813602 neg 0.4045176229409957 __DUMMY__ 0.04107542197764412	false	1.0
desaster	neg 1.0		off 0.5408005222751808 neg 0.41718930517730757 __DUMMY__ 0.04201017254751172	false	0.5
tod	neg 1.0		off 0.5447347710306695 neg 0.41328833905479045 __DUMMY__ 0.04197688991454008	false	0.5
herzlos	neg 1.0		off 0.55387063702686 neg 0.4050334583709724 __DUMMY__ 0.04109590460216776	false	0.5
unwissenheit	neg 1.0		off 0.5448601332575792 neg 0.41331785744380284 __DUMMY__ 0.04182200929861781	false	0.5
widersinnig	neg 1.0		off 0.5446890444027225 neg 0.41370164781015123 __DUMMY__ 0.04160930778712619	false	0.5
bedenklich	neg 1.0		off 0.5438020062927907 neg 0.4143541261926728 __DUMMY__ 0.0418438675145365	false	0.5
beanstanden	neg 1.0		off 0.5443013950900254 neg 0.41354517045529243 __DUMMY__ 0.04215343445468205	false	0.5
panisch	neg 1.0		off 0.5498466687146574 neg 0.4084486830491006 __DUMMY__ 0.04170464823624189	false	0.5
debil	off 1.0		off 0.5397960650997053 neg 0.41764671263317205 __DUMMY__ 0.04255722226712268	false	1.0
abstrich	neg 1.0		off 0.5491454246730016 neg 0.40883257903587283 __DUMMY__ 0.04202199629112556	false	0.5
primitiv	neg 1.0		off 0.5524374808578398 neg 0.406379897585882 __DUMMY__ 0.04118262155627814	false	0.5
abschaum	off 1.0	off 1.0	off 0.7639007695242075 neg 0.21635458667322022 __DUMMY__ 0.019744643802572372	false	1.0
provozieren	neg 1.0		off 0.5472731705416443 neg 0.4111182811102609 __DUMMY__ 0.04160854834809495	false	0.5
tot	neg 1.0		off 0.5469040852445034 neg 0.41116107697117993 __DUMMY__ 0.041934837784316614	false	0.5
instabil	neg 1.0		off 0.5545886517215802 neg 0.4043856735674819 __DUMMY__ 0.04102567471093787	false	0.5
schwuchtel	off 1.0	off 1.0	off 0.7699677549109443 neg 0.21085414107971823 __DUMMY__ 0.01917810400933756	false	1.0
zerren	neg 1.0		off 0.5457495775403366 neg 0.41229352012194703 __DUMMY__ 0.04195690233771629	false	0.5
kinderficker	off 1.0		off 0.5564568218804106 neg 0.4026136030411016 __DUMMY__ 0.04092957507848788	false	1.0
gefahr	neg 1.0		off 0.5441372890355851 neg 0.413709934579157 __DUMMY__ 0.04215277638525772	false	0.5
rabiat	neg 1.0		off 0.5454640017511455 neg 0.41285009704388165 __DUMMY__ 0.041685901204973015	false	0.5
verlangsamung	neg 1.0		off 0.5578996418734469 neg 0.4012938874600608 __DUMMY__ 0.04080647066649229	false	0.5
ausgestorben	neg 1.0		off 0.5463114201172753 neg 0.4118721976054691 __DUMMY__ 0.04181638227725567	false	0.5
anklagen	neg 1.0		off 0.5454820980573695 neg 0.41274441061373124 __DUMMY__ 0.041773491328899334	false	0.5
trott	neg 1.0		off 0.5477776294419433 neg 0.4104470858010787 __DUMMY__ 0.04177528475697801	false	0.5
verminderung	neg 1.0		off 0.5517413530004789 neg 0.4070258016684448 __DUMMY__ 0.0412328453310763	false	0.5
nach			off 0.5410849385273324 neg 0.41632893982064434 __DUMMY__ 0.04258612165202334	false	0.0
rost	neg 1.0		off 0.5605652153354798 neg 0.3985547751018522 __DUMMY__ 0.04088000956266788	false	0.5
destruktiv	neg 1.0		off 0.5456965935389888 neg 0.41268937692806645 __DUMMY__ 0.04161402953294471	false	0.5
unzumutbarkeit	neg 1.0		off 0.5551169827026124 neg 0.40335929451205493 __DUMMY__ 0.041523722785332506	false	0.5
labil	off 1.0	off 1.0	off 0.76342476038298 neg 0.2168261647796107 __DUMMY__ 0.01974907483740928	false	1.0
ziemlich	neg 1.0		off 0.5525544546340008 neg 0.40602629912379096 __DUMMY__ 0.04141924624220844	false	0.5
lachnummer	off 1.0		off 0.5474992983685422 neg 0.41080185146455805 __DUMMY__ 0.04169885016689975	false	1.0
oder			off 0.5487275509826641 neg 0.4094724211697865 __DUMMY__ 0.04180002784754942	false	0.0
verfall	neg 1.0		off 0.5392269371354886 neg 0.41863996132873843 __DUMMY__ 0.04213310153577288	false	0.5
ausgrenzung	neg 1.0		off 0.5484647243792904 neg 0.410018957688101 __DUMMY__ 0.041516317932608536	false	0.5
unordnung	neg 1.0		off 0.5579267217630884 neg 0.40083911069793415 __DUMMY__ 0.04123416753897743	false	0.5
fehlverhalten	neg 1.0		off 0.5437010499972079 neg 0.41434209376290043 __DUMMY__ 0.04195685623989161	false	0.5
eine			off 0.542386937130047 neg 0.4155001157061891 __DUMMY__ 0.04211294716376398	false	0.0
nille	neg 1.0		off 0.5483401629768296 neg 0.4098815503568122 __DUMMY__ 0.041778286666358196	false	0.5
qual	neg 1.0		off 0.5473530560969067 neg 0.41086483442481353 __DUMMY__ 0.0417821094782798	false	0.5
verschwenden	neg 1.0		off 0.5426583729927632 neg 0.4154505275027183 __DUMMY__ 0.041891099504518456	false	0.5
riesig	neg 1.0		off 0.5465283815126244 neg 0.41133324081089195 __DUMMY__ 0.04213837767648363	false	0.5
verurteilen	neg 1.0		off 0.5448017613147685 neg 0.41343771243038124 __DUMMY__ 0.04176052625485028	false	0.5
klischee	neg 1.0	neg 1.0	neg 0.6879031620136564 off 0.29236387107492695 __DUMMY__ 0.019732966911416593	false	1.0
diktatorisch	neg 1.0		off 0.5476663422050666 neg 0.4109042207187061 __DUMMY__ 0.04142943707622733	false	0.5
vorhersehbar	neg 1.0		off 0.5481133866056894 neg 0.41050454125744124 __DUMMY__ 0.04138207213686932	false	0.5
sowie			off 0.5547678322588558 neg 0.40437234738863936 __DUMMY__ 0.040859820352504836	false	0.0
stornieren	neg 1.0		off 0.5550619619758643 neg 0.4029255867236616 __DUMMY__ 0.04201245130047409	false	0.5
besteuerung	neg 1.0	neg 1.0	neg 0.690201314063129 off 0.29006782241734713 __DUMMY__ 0.019730863519523984	false	1.0
ungeschminkt	neg 1.0		off 0.5538487630363372 neg 0.404883855247984 __DUMMY__ 0.04126738171567862	false	0.5
kritisch	neg 1.0		off 0.5453006162772072 neg 0.4128316304528327 __DUMMY__ 0.04186775326995998	false	0.5
schlamperei	off 1.0		off 0.544617993047427 neg 0.4134165007898899 __DUMMY__ 0.04196550616268301	false	1.0
sucht	neg 1.0	neg 1.0	neg 0.6862750293616587 off 0.2936992196701829 __DUMMY__ 0.020025750968158434	false	1.0
egoistisch	off 1.0	off 1.0	off 0.7661964954937155 neg 0.21427249210592195 __DUMMY__ 0.01953101240036268	false	1.0
ausbeuter	off 1.0		off 0.5419054934936903 neg 0.41627058663285443 __DUMMY__ 0.04182391987345529	false	1.0
arschgeburt	off 1.0		off 0.563812831583252 neg 0.39583035535952954 __DUMMY__ 0.04035681305721831	false	1.0
schubs	neg 1.0		off 0.544157540906491 neg 0.4140133723041817 __DUMMY__ 0.04182908678932713	false	0.5
unsolide	neg 1.0		off 0.5492010577120593 neg 0.4093057405740594 __DUMMY__ 0.041493201713881225	false	0.5
beschwerde	neg 1.0		off 0.5462689860187673 neg 0.41183377357896345 __DUMMY__ 0.041897240402269255	false	0.5
stocken	neg 1.0		off 0.545469331950026 neg 0.41256371122359464 __DUMMY__ 0.04196695682637942	false	0.5
isolieren	neg 1.0		off 0.5462986411833783 neg 0.4118096834792925 __DUMMY__ 0.04189167533732923	false	0.5
unheilbar	neg 1.0		off 0.5460886371809524 neg 0.41229336218599516 __DUMMY__ 0.04161800063305247	false	0.5
pisser	off 1.0	off 1.0	off 0.7661213688471391 neg 0.2141808664434827 __DUMMY__ 0.019697764709378108	false	1.0
löschen	neg 1.0		off 0.548411860896485 neg 0.4098464604438225 __DUMMY__ 0.041741678659692555	false	0.5
durchfallen	neg 1.0		off 0.544926946897955 neg 0.413212506550493 __DUMMY__ 0.04186054655155203	false	0.5
wichser	off 1.0	off 1.0	off 0.7677322675286725 neg 0.21298014301319831 __DUMMY__ 0.019287589458129167	false	1.0
terror	neg 1.0		off 0.5511646079515088 neg 0.4072293239971485 __DUMMY__ 0.041606068051342766	false	0.5
krass	neg 1.0		off 0.5557203310605551 neg 0.4032710927892246 __DUMMY__ 0.041008576150220355	false	0.5
revolte	neg 1.0		off 0.5469793710541045 neg 0.4118447786629777 __DUMMY__ 0.0411758502829176	false	0.5
besorgt	neg 1.0		off 0.5474384081217737 neg 0.4105373461891099 __DUMMY__ 0.04202424568911636	false	0.5
nachlassen	neg 1.0		off 0.5458246138865797 neg 0.4121711168252134 __DUMMY__ 0.04200426928820694	false	0.5
alt	neg 1.0		off 0.5413590592918344 neg 0.4170206729443776 __DUMMY__ 0.041620267763787966	false	0.5
hundesohn	off 1.0	off 1.0	off 0.7686819328559729 neg 0.21188333620746863 __DUMMY__ 0.019434730936558384	false	1.0
als			off 0.5449209655238861 neg 0.4132791099308972 __DUMMY__ 0.041799924545216645	false	0.0
abschreckung	neg 1.0		off 0.5427024824827398 neg 0.4153225164214622 __DUMMY__ 0.041975001095798055	false	0.5
unqualifiziert	neg 1.0		off 0.5504267815578887 neg 0.40816950844795546 __DUMMY__ 0.04140370999415591	false	0.5
abgewichst	off 1.0		off 0.5482357855419524 neg 0.4099077603781921 __DUMMY__ 0.041856454079855394	false	1.0
schwer	neg 1.0		off 0.5460833145491311 neg 0.41220118785942633 __DUMMY__ 0.04171549759144244	false	0.5
bedeutungslosigkeit	neg 1.0		off 0.543139513118443 neg 0.41491163638182077 __DUMMY__ 0.04194885049973622	false	0.5
kapitulation	neg 1.0		off 0.5429932981036637 neg 0.41531168054570966 __DUMMY__ 0.041695021350626776	false	0.5
unscharf	neg 1.0		off 0.546002843846315 neg 0.4127156519896545 __DUMMY__ 0.0412815041640305	false	0.5
schwinden	neg 1.0		off 0.5431372690240392 neg 0.4149430675357138 __DUMMY__ 0.041919663440246814	false	0.5
versklavung	neg 1.0	neg 1.0	neg 0.68893787905604 off 0.2912703269155353 __DUMMY__ 0.019791794028424823	false	1.0
schlecht	neg 1.0		off 0.5529143328488488 neg 0.40564794538036253 __DUMMY__ 0.04143772177078857	false	0.5
verhasst	neg 1.0		off 0.5476087279370752 neg 0.4108469882248102 __DUMMY__ 0.04154428383811474	false	0.5
beschweren	neg 1.0		off 0.5495611386508383 neg 0.4087590250551759 __DUMMY__ 0.04167983629398574	false	0.5
scheiden	neg 1.0		off 0.5475481505395599 neg 0.4107247675286634 __DUMMY__ 0.04172708193177688	false	0.5
frustriert	neg 1.0		off 0.5461928881984179 neg 0.4119728347154214 __DUMMY__ 0.0418342770861607	false	0.5
schimmelig	neg 1.0		off 0.5441017716714307 neg 0.41410825185248423 __DUMMY__ 0.04178997647608488	false	0.5
fisch	neg 1.0		off 0.5400064271039137 neg 0.41814054621632113 __DUMMY__ 0.04185302667976529	false	0.5
schmuggel	neg 1.0		off 0.5439132669350493 neg 0.41386915565257587 __DUMMY__ 0.0422175774123748	false	0.5
auffallen	neg 1.0		off 0.5492368649557575 neg 0.4091764829128876 __DUMMY__ 0.04158665213135493	false	0.5
konkurrenz	neg 1.0		off 0.5444889057689369 neg 0.41338304764314515 __DUMMY__ 0.042128046587917974	false	0.5
teufelskreis	neg 1.0	neg 1.0	neg 0.6905945675679848 off 0.2895710039947608 __DUMMY__ 0.019834428437254425	false	1.0
aufschreien	neg 1.0		off 0.5485601515514578 neg 0.4100001365162618 __DUMMY__ 0.04143971193228034	false	0.5
schuldner	neg 1.0		off 0.5416577610508515 neg 0.4165326693724018 __DUMMY__ 0.0418095695767467	false	0.5
missgeburt	off 1.0	off 1.0	off 0.7689282266223666 neg 0.211499569773636 __DUMMY__ 0.01957220360399738	false	1.0
arbeitslos	neg 1.0		off 0.5449411653217238 neg 0.41318464570211144 __DUMMY__ 0.041874188976164725	false	0.5
befallen	neg 1.0		off 0.545511711849759 neg 0.4128151831347172 __DUMMY__ 0.04167310501552388	false	0.5
miesepetrig	off 1.0	off 1.0	off 0.7631102504810082 neg 0.21717311649083793 __DUMMY__ 0.019716633028153914	false	1.0
alarmieren	neg 1.0		off 0.5515297717325077 neg 0.40703819500208105 __DUMMY__ 0.04143203326541134	false	0.5
ungeduscht	off 1.0		off 0.5503499895117737 neg 0.4082879675167886 __DUMMY__ 0.04136204297143764	false	1.0
knappheit	neg 1.0		off 0.5441174659990142 neg 0.4141620347343743 __DUMMY__ 0.041720499266611547	false	0.5
schlange	neg 1.0		off 0.5485690165081667 neg 0.4096361393797101 __DUMMY__ 0.041794844112123315	false	0.5
harsch	neg 1.0		off 0.5592544720745 neg 0.3993514511210946 __DUMMY__ 0.04139407680440543	false	0.5
lang	neg 1.0		off 0.5490817483493124 neg 0.40921623101034765 __DUMMY__ 0.041702020640339975	false	0.5
ziellos	neg 1.0		off 0.5447005837127108 neg 0.41323620158058144 __DUMMY__ 0.0420632147067078	false	0.5
selbstverliebt	neg 1.0		off 0.5614763190940328 neg 0.39796414308597317 __DUMMY__ 0.04055953781999404	false	0.5
beseitigen	neg 1.0		off 0.5513882274630251 neg 0.4065313379373128 __DUMMY__ 0.04208043459966219	false	0.5
dumm	off 1.0		off 0.5566687118029313 neg 0.4025023840357673 __DUMMY__ 0.04082890416130143	false	1.0
arbeitsloser	neg 1.0		off 0.5471401719332165 neg 0.4107969713193106 __DUMMY__ 0.042062856747472746	false	0.5
blitzen	neg 1.0		off 0.5504129111793309 neg 0.40814012034076186 __DUMMY__ 0.041446968479907184	false	0.5
hilflos	neg 1.0		off 0.544946807264459 neg 0.413195789804503 __DUMMY__ 0.041857402931037846	false	0.5
eklig	off 1.0		off 0.5561118108103215 neg 0.40318257617861974 __DUMMY__ 0.04070561301105865	false	1.0
begriff			off 0.5463235640716003 neg 0.41196697028761914 __DUMMY__ 0.04170946564078044	false	0.0
hungersnot	neg 1.0		off 0.5429065758708144 neg 0.41547470630129035 __DUMMY__ 0.041618717827895266	false	0.5
ungesetzlich	neg 1.0		off 0.5480095298198329 neg 0.4105284422449542 __DUMMY__ 0.04146202793521287	false	0.5
verschwendung	neg 1.0		off 0.5431475358956829 neg 0.4149024583750997 __DUMMY__ 0.04195000572921736	false	0.5
schmerzvoll	neg 1.0		off 0.5476435146669445 neg 0.4107965164134504 __DUMMY__ 0.0415599689196051	false	0.5
vorzeitig	neg 1.0		off 0.5531865115021303 neg 0.4052891748787717 __DUMMY__ 0.04152431361909799	false	0.5
unvollkommenheit	neg 1.0		off 0.5461997215223952 neg 0.41197993387392406 __DUMMY__ 0.04182034460368078	false	0.5
intervenieren	neg 1.0		off 0.5426747425158189 neg 0.4155206299702718 __DUMMY__ 0.0418046275139092	false	0.5
banause	off 1.0		off 0.555693642541511 neg 0.40385556878289275 __DUMMY__ 0.040450788675596185	false	1.0
rebell	neg 1.0		off 0.5405760211032209 neg 0.41726577385528324 __DUMMY__ 0.04215820504149571	false	0.5
unlogisch	neg 1.0		off 0.5534832147717031 neg 0.40538824509433713 __DUMMY__ 0.041128540133959876	false	0.5
leiden	neg 1.0		off 0.5446077167185148 neg 0.41316769957214106 __DUMMY__ 0.04222458370934398	false	0.5
abschaffung	neg 1.0		off 0.5472239598858865 neg 0.4112308242339932 __DUMMY__ 0.0415452158801204	false	0.5
sturz	neg 1.0		off 0.5528411907195241 neg 0.4052400098760827 __DUMMY__ 0.041918799404393255	false	0.5
verkleinerung	neg 1.0		off 0.5491078745150295 neg 0.4096193904716653 __DUMMY__ 0.04127273501330517	false	0.5
schmarotzer	off 1.0		off 0.5450379992264713 neg 0.41320237541762217 __DUMMY__ 0.041759625355906535	false	1.0
bestrafung	neg 1.0	neg 1.0	neg 0.688421173168122 off 0.2916579771975826 __DUMMY__ 0.019920849634295495	false	1.0
achtlos	neg 1.0		off 0.5463309997281081 neg 0.41182713639110463 __DUMMY__ 0.04184186388078745	false	0.5
ungeheuer	neg 1.0		off 0.546650338126269 neg 0.4117572287803818 __DUMMY__ 0.041592433093349215	false	0.5
unaufrichtig	neg 1.0		off 0.5513790801857826 neg 0.4071403427667599 __DUMMY__ 0.041480577047457466	false	0.5
groggy	neg 1.0		off 0.5513851663550721 neg 0.40697933140466436 __DUMMY__ 0.04163550224026365	false	0.5
verletzlich	neg 1.0		off 0.5490359726151472 neg 0.40983211628755417 __DUMMY__ 0.04113191109729871	false	0.5
