unsolidarisch	neg 1.0		__DUMMY__ 0.9247798480811865 off 0.04252867543253308 neg 0.03269147648628048	false	0.5
nachteilig	neg 1.0		__DUMMY__ 0.9327770417320692 off 0.03833127160440591 neg 0.028891686663524777	false	0.5
skeptisch	neg 1.0		__DUMMY__ 0.9312441561671193 off 0.03748195336533264 neg 0.031273890467548096	false	0.5
schrecklich	neg 1.0		__DUMMY__ 0.9208630612638455 off 0.048858543410293755 neg 0.03027839532586069	false	0.5
schlapp	neg 1.0	neg 1.0	neg 0.49830388508684587 __DUMMY__ 0.46029085533411 off 0.04140525957904405	false	1.0
abfall	neg 1.0		__DUMMY__ 0.9345530126289857 off 0.03482761002453104 neg 0.030619377346483227	false	0.5
widerspenstig	neg 1.0		__DUMMY__ 0.9274546530518772 off 0.04054141962964615 neg 0.03200392731847653	false	0.5
abrupt	neg 1.0		__DUMMY__ 0.9312658212326467 off 0.03677192963058423 neg 0.031962249136769164	false	0.5
unwirksam	neg 1.0		__DUMMY__ 0.9238261339255736 off 0.041838456369582194 neg 0.03433540970484426	false	0.5
angreifen	neg 1.0		__DUMMY__ 0.931418948363721 off 0.03710105584661818 neg 0.03147999578966091	false	0.5
inkonsistent	neg 1.0		__DUMMY__ 0.9248470125530239 off 0.04329695510647765 neg 0.03185603234049836	false	0.5
abrutschen	neg 1.0		__DUMMY__ 0.9339418703308392 off 0.03455455931522411 neg 0.031503570353936604	false	0.5
unsicher	neg 1.0		__DUMMY__ 0.9286342492052878 off 0.04123828531116785 neg 0.03012746548354436	false	0.5
bauernkind	off 1.0	off 1.0	off 0.5158482994727144 __DUMMY__ 0.45457551664963586 neg 0.02957618387764978	false	1.0
angreifer	neg 1.0		__DUMMY__ 0.9282860070898155 off 0.04453863697766817 neg 0.027175355932516396	false	0.5
trennen	neg 1.0		__DUMMY__ 0.9327981526631478 off 0.036620282961364006 neg 0.030581564375488125	false	0.5
schmutz	neg 1.0		__DUMMY__ 0.9335112806680825 off 0.04339428791359583 neg 0.023094431418321647	false	0.5
inkonsistenz	neg 1.0		__DUMMY__ 0.9236873974089272 off 0.045527345883883547 neg 0.03078525670718918	false	0.5
erschreckend	neg 1.0		__DUMMY__ 0.9280447874189067 off 0.04085505002459131 neg 0.03110016255650192	false	0.5
ertrinken	neg 1.0		__DUMMY__ 0.9310465364161186 off 0.036561349595915976 neg 0.03239211398796547	false	0.5
pickelface	off 1.0		__DUMMY__ 0.9289714255677612 off 0.04169564467838857 neg 0.02933292975385013	false	1.0
seiner			__DUMMY__ 0.9323020023545976 off 0.03724245164149146 neg 0.030455546003910903	false	0.0
lauch	neg 1.0	neg 1.0	neg 0.4975087080125421 __DUMMY__ 0.47085199342407213 off 0.031639298563385716	false	1.0
unwichtig	neg 1.0		__DUMMY__ 0.9237730359406033 off 0.045461673237882604 neg 0.030765290821514003	false	0.5
steuerhinterziehung	neg 1.0		__DUMMY__ 0.9264305097292713 off 0.04098676507489764 neg 0.03258272519583105	false	0.5
schock	neg 1.0		__DUMMY__ 0.9294780336281037 off 0.03986820346005135 neg 0.030653762911845024	false	0.5
beule	neg 1.0		__DUMMY__ 0.9220695444751678 off 0.04698255518641864 neg 0.03094790033841367	false	0.5
vergelten	neg 1.0		__DUMMY__ 0.9218070436934178 off 0.049903322419802575 neg 0.028289633886779603	false	0.5
verdorbenheit	neg 1.0		__DUMMY__ 0.9300023475229472 off 0.04180283347804594 neg 0.02819481899900687	false	0.5
trauma	neg 1.0		__DUMMY__ 0.9266499581669059 off 0.04250370293147891 neg 0.030846338901615325	false	0.5
sinnlos	neg 1.0		__DUMMY__ 0.9266110852717357 off 0.0430285324859961 neg 0.030360382242268186	false	0.5
fettsack	off 1.0	off 1.0	off 0.5170179208036974 __DUMMY__ 0.4550877177198344 neg 0.02789436147646828	false	1.0
feige	off 1.0	off 1.0	off 0.5125255250221603 __DUMMY__ 0.45885856989049145 neg 0.028615905087348372	false	1.0
abdanken	neg 1.0		__DUMMY__ 0.9284680796216338 off 0.04127923982595133 neg 0.03025268055241496	false	0.5
wichtigtuer	off 1.0	off 1.0	off 0.5099237436396468 __DUMMY__ 0.462012018990427 neg 0.028064237369926155	false	1.0
misslingen	neg 1.0		__DUMMY__ 0.9317235998563194 off 0.042171972242234436 neg 0.02610442790144622	false	0.5
untreu	off 1.0		__DUMMY__ 0.9228172736381125 off 0.04653162840094754 neg 0.03065109796093999	false	1.0
missmutig	neg 1.0		__DUMMY__ 0.923701860220076 off 0.04428981477907074 neg 0.032008325000853294	false	0.5
hurenbock	off 1.0		__DUMMY__ 0.927832158317038 off 0.0412483413204442 neg 0.030919500362517782	false	1.0
betrunken	neg 1.0		__DUMMY__ 0.9215482714816763 off 0.047855787544485245 neg 0.030595940973838446	false	0.5
korrupt	off 1.0		__DUMMY__ 0.9257405056452432 off 0.04074580949241478 neg 0.03351368486234192	false	1.0
unmut	neg 1.0		__DUMMY__ 0.9326376354561148 off 0.036076068743986944 neg 0.03128629579989831	false	0.5
hackfresse	off 1.0		__DUMMY__ 0.9172299419863529 off 0.05267196006748244 neg 0.030098097946164762	false	1.0
aufblasen	neg 1.0		__DUMMY__ 0.9277057371745224 off 0.041402946482660824 neg 0.030891316342816787	false	0.5
gewaltsam	neg 1.0		__DUMMY__ 0.9297456151659894 off 0.04102163517834511 neg 0.029232749655665538	false	0.5
unbeliebtheit	neg 1.0		__DUMMY__ 0.9241332641735247 off 0.04664971771925178 neg 0.029217018107223516	false	0.5
sturheit	neg 1.0		__DUMMY__ 0.9288778796342507 off 0.04084089166158578 neg 0.03028122870416352	false	0.5
kuh	neg 1.0		__DUMMY__ 0.9212992016033389 off 0.0436139360387667 neg 0.035086862357894336	false	0.5
erschrecken	neg 1.0		__DUMMY__ 0.9251652507143446 off 0.04467055007241354 neg 0.03016419921324184	false	0.5
opfer	neg 1.0		__DUMMY__ 0.9311347025838086 off 0.03856044932388318 neg 0.03030484809230815	false	0.5
sinken	neg 1.0		__DUMMY__ 0.9315261086020572 off 0.03640454595523027 neg 0.032069345442712484	false	0.5
stinktier	neg 1.0		__DUMMY__ 0.9159903222622209 off 0.050889448729022665 neg 0.033120229008756455	false	0.5
tucke	off 1.0		__DUMMY__ 0.9134776660852052 off 0.05440219649508115 neg 0.03212013741971374	false	1.0
ein			__DUMMY__ 0.9271148097582366 off 0.04036962780595198 neg 0.03251556243581139	false	0.0
abstieg	neg 1.0		__DUMMY__ 0.9324154269353244 off 0.03959996500077821 neg 0.027984608063897378	false	0.5
missverstehen	neg 1.0		__DUMMY__ 0.9252071738252844 off 0.04381667283407341 neg 0.03097615334064225	false	0.5
ergebnislos	neg 1.0		__DUMMY__ 0.932771810231263 off 0.03832742663255609 neg 0.028900763136180885	false	0.5
unter			__DUMMY__ 0.9392755650839476 off 0.031113440810755965 neg 0.029610994105296395	false	0.0
manipulieren	neg 1.0		__DUMMY__ 0.9316493483942129 off 0.037883634034684144 neg 0.03046701757110299	false	0.5
unbewiesen	neg 1.0		__DUMMY__ 0.9259476963825228 off 0.04274693721155153 neg 0.03130536640592566	false	0.5
verschleppen	neg 1.0		__DUMMY__ 0.9288604748422675 off 0.03929643092184605 neg 0.031843094235886424	false	0.5
weib	off 1.0		__DUMMY__ 0.9152911148881201 off 0.05463399951729604 neg 0.030074885594583822	false	1.0
opposition	neg 1.0		__DUMMY__ 0.9256970721111732 off 0.04252419433858684 neg 0.03177873355023989	false	0.5
verkehrswidrig	neg 1.0		__DUMMY__ 0.9248038418304863 off 0.04980212580680598 neg 0.02539403236270784	false	0.5
inkorrekt	neg 1.0		__DUMMY__ 0.9198194943280823 off 0.04906868635606612 neg 0.031111819315851642	false	0.5
vermeiden	neg 1.0		__DUMMY__ 0.9366619882724708 off 0.03392331092609095 neg 0.029414700801438272	false	0.5
abweichung	neg 1.0		__DUMMY__ 0.9313458533082755 off 0.03943282302007893 neg 0.02922132367164564	false	0.5
alkoholisiert	neg 1.0		__DUMMY__ 0.938563107917279 off 0.03637541388481317 neg 0.025061478197907796	false	0.5
scheiss	off 1.0	off 1.0	off 0.5128957613534944 __DUMMY__ 0.458828569964429 neg 0.02827566868207661	false	1.0
herausforderung	neg 1.0		__DUMMY__ 0.9303228278473284 off 0.039310332280650784 neg 0.03036683987202067	false	0.5
pervers	off 1.0		__DUMMY__ 0.9132614612086789 off 0.056544372961159925 neg 0.030194165830161192	false	1.0
wackelig	neg 1.0		__DUMMY__ 0.9309640250085551 off 0.038799858705616724 neg 0.03023611628582822	false	0.5
verwickeln	neg 1.0		__DUMMY__ 0.9258508625318704 off 0.04311180229901795 neg 0.03103733516911166	false	0.5
vorwand	neg 1.0		__DUMMY__ 0.9320498667833828 off 0.03668157697197621 neg 0.031268556244641074	false	0.5
muschi	off 1.0		__DUMMY__ 0.9305410162705264 off 0.040774032962046694 neg 0.028684950767426845	false	1.0
entmutigung	neg 1.0		__DUMMY__ 0.9227892097925432 off 0.04385280099804364 neg 0.033357989209413144	false	0.5
unangemessen	neg 1.0		__DUMMY__ 0.9284156704274865 off 0.04052202592831962 neg 0.031062303644193816	false	0.5
unstetig	neg 1.0		__DUMMY__ 0.9264742910555178 off 0.04449126432069199 neg 0.029034444623790196	false	0.5
entmutigen	neg 1.0		__DUMMY__ 0.9258130400514006 off 0.04209882925770029 neg 0.0320881306908992	false	0.5
schwanz	neg 1.0		__DUMMY__ 0.9318872592845979 off 0.03880341029020184 neg 0.02930933042520013	false	0.5
verbot	neg 1.0		__DUMMY__ 0.9279174669329046 off 0.040439313228979416 neg 0.03164321983811597	false	0.5
leid	neg 1.0		__DUMMY__ 0.9194409849501902 off 0.0501318682171359 neg 0.030427146832673842	false	0.5
archaisch	neg 1.0		__DUMMY__ 0.9283289205505939 off 0.04021113491810972 neg 0.03145994453129636	false	0.5
gegen			__DUMMY__ 0.9336668059757011 off 0.036530207297869634 neg 0.029802986726429267	false	0.0
scheidung	neg 1.0		__DUMMY__ 0.9161766619688329 off 0.059604729508943056 neg 0.024218608522224117	false	0.5
einschlag	neg 1.0		__DUMMY__ 0.9239050952823066 off 0.04900903304091001 neg 0.02708587167678334	false	0.5
m			__DUMMY__ 0.9306893782045416 off 0.03932856913482964 neg 0.02998205266062876	false	0.0
abgestanden	neg 1.0		__DUMMY__ 0.9238938659514879 off 0.04075103279976834 neg 0.03535510124874374	false	0.5
schmierig	off 1.0		__DUMMY__ 0.9192869519133466 off 0.049951453836550565 neg 0.03076159425010285	false	1.0
unpraktisch	neg 1.0		__DUMMY__ 0.9279992166458731 off 0.04211546367597146 neg 0.029885319678155445	false	0.5
wixxer	off 1.0		__DUMMY__ 0.9123113182039585 off 0.05691845611386561 neg 0.030770225682175828	false	1.0
bezeichnet			__DUMMY__ 0.9280791312591569 off 0.04171120682580948 neg 0.03020966191503361	false	0.0
jammerlappen	off 1.0		__DUMMY__ 0.9235882077381669 off 0.045740401750348623 neg 0.030671390511484577	false	1.0
farce	neg 1.0		__DUMMY__ 0.9262425060590165 off 0.04176417228836124 neg 0.03199332165262221	false	0.5
zwecklos	neg 1.0		__DUMMY__ 0.928540566087279 off 0.03972896931709835 neg 0.031730464595622745	false	0.5
turbulent	neg 1.0		__DUMMY__ 0.9232797728994062 off 0.047358313422879314 neg 0.02936191367771443	false	0.5
invasion	neg 1.0		__DUMMY__ 0.9261843460646647 off 0.0435192905585391 neg 0.030296363376796257	false	0.5
schuld	neg 1.0		__DUMMY__ 0.9266817036705491 off 0.04251730648803326 neg 0.03080098984141766	false	0.5
risiko	neg 1.0		__DUMMY__ 0.9263775619434025 off 0.04324540957358076 neg 0.0303770284830168	false	0.5
finster	neg 1.0		__DUMMY__ 0.9267373942746522 off 0.040430664838707935 neg 0.03283194088663998	false	0.5
geisteskrank	off 1.0		__DUMMY__ 0.9209805261468119 off 0.04796931747217602 neg 0.031050156381012103	false	1.0
zusammenbrechen	neg 1.0		__DUMMY__ 0.928620360308206 off 0.039841104852141374 neg 0.03153853483965248	false	0.5
ausbeute	neg 1.0		__DUMMY__ 0.9308041219437126 off 0.03998228934621068 neg 0.029213588710076663	false	0.5
hinterhalt	neg 1.0		__DUMMY__ 0.9297223757732653 off 0.039837551690315366 neg 0.030440072536419265	false	0.5
kritik	neg 1.0		__DUMMY__ 0.9260331425515098 off 0.04157085167818366 neg 0.0323960057703065	false	0.5
einschrumpfen	neg 1.0		__DUMMY__ 0.9226544850908106 off 0.04590220673506703 neg 0.03144330817412231	false	0.5
riskant	neg 1.0		__DUMMY__ 0.9309215688094474 off 0.03770125795175374 neg 0.03137717323879882	false	0.5
frustrieren	neg 1.0		__DUMMY__ 0.9296867646009503 off 0.03848432610838437 neg 0.03182890929066529	false	0.5
groll	neg 1.0		__DUMMY__ 0.9294698885742795 off 0.03986243832502804 neg 0.030667673100692454	false	0.5
gibt			__DUMMY__ 0.9297042943382067 off 0.0395032433725183 neg 0.03079246228927495	false	0.0
qualvoll	neg 1.0		__DUMMY__ 0.9258565295065998 off 0.042992652133056926 neg 0.031150818360343245	false	0.5
wackeln	neg 1.0		__DUMMY__ 0.9285679674137346 off 0.04103144519942086 neg 0.030400587386844508	false	0.5
klagen	neg 1.0		__DUMMY__ 0.9316078562998644 off 0.036962737469598245 neg 0.0314294062305374	false	0.5
bankrott	neg 1.0		__DUMMY__ 0.9265717431753219 off 0.04494778151693303 neg 0.02848047530774511	false	0.5
trauern	neg 1.0		__DUMMY__ 0.9338522286150657 off 0.037547275878381414 neg 0.028600495506552946	false	0.5
ablehnung	neg 1.0		__DUMMY__ 0.9275250469664644 off 0.04106225316125699 neg 0.031412699872278606	false	0.5
stur	neg 1.0		__DUMMY__ 0.9260058056895241 off 0.04249284158350038 neg 0.031501352726975546	false	0.5
aufruhr	neg 1.0		__DUMMY__ 0.9260599461153826 off 0.04160713542321007 neg 0.03233291846140727	false	0.5
melancholie	neg 1.0		__DUMMY__ 0.9301356413215195 off 0.03688556204790053 neg 0.032978796630579975	false	0.5
ist			__DUMMY__ 0.9264949770246457 off 0.042818387667329656 neg 0.030686635308024672	false	0.0
torheit	neg 1.0		__DUMMY__ 0.9261826445927158 off 0.042646385030885386 neg 0.031170970376398894	false	0.5
dreckskind	off 1.0		__DUMMY__ 0.9163198705101169 off 0.05378415464022952 neg 0.02989597484965359	false	1.0
umtauschen	neg 1.0		__DUMMY__ 0.9289853822131895 off 0.04025543873115096 neg 0.030759179055659586	false	0.5
zum			__DUMMY__ 0.9391492452391623 off 0.03390936713637683 neg 0.026941387624460904	false	0.0
zersetzen	neg 1.0		__DUMMY__ 0.9301341424299783 off 0.03764652934105933 neg 0.03221932822896236	false	0.5
zur			__DUMMY__ 0.9364266476918495 off 0.034292342060645 neg 0.02928101024750552	false	0.0
frust	neg 1.0		__DUMMY__ 0.9287005443559617 off 0.039695979920491294 neg 0.03160347572354693	false	0.5
unerbittlichkeit	neg 1.0		__DUMMY__ 0.9312363848123519 off 0.03828512240274389 neg 0.03047849278490413	false	0.5
zwei			__DUMMY__ 0.9367343671698346 off 0.03355049941648874 neg 0.02971513341367663	false	0.0
unkorrekt	neg 1.0		__DUMMY__ 0.9211019701296417 off 0.04776842894920284 neg 0.031129600921155465	false	0.5
hexe	off 1.0		__DUMMY__ 0.922528425743056 off 0.045054241180764454 neg 0.03241733307617948	false	1.0
lasch	neg 1.0		__DUMMY__ 0.9242461422422685 off 0.045092805959453267 neg 0.030661051798278202	false	0.5
rivale	neg 1.0		__DUMMY__ 0.921887882471681 off 0.048819286809036126 neg 0.02929283071928296	false	0.5
mutlos	off 1.0	off 1.0	off 0.5058659046081166 __DUMMY__ 0.46501182020106585 neg 0.029122275190817608	false	1.0
wirr	off 1.0		__DUMMY__ 0.9194840983131346 off 0.04945909435825741 neg 0.031056807328608015	false	1.0
jahr			__DUMMY__ 0.9356936031623568 off 0.03711828302140802 neg 0.027188113816235173	false	0.0
wird			__DUMMY__ 0.9304861701490138 off 0.038884828861037814 neg 0.030629000989948377	false	0.0
strafbar	neg 1.0		__DUMMY__ 0.9305030601443328 off 0.038187016222945354 neg 0.03130992363272181	false	0.5
erosion	neg 1.0		__DUMMY__ 0.9285740967367071 off 0.04131633277450203 neg 0.030109570488790816	false	0.5
eingehen	neg 1.0		__DUMMY__ 0.9292476195581878 off 0.03837215721182055 neg 0.03238022322999169	false	0.5
faul	off 1.0		__DUMMY__ 0.9258125964484911 off 0.04458733393387588 neg 0.029600069617633094	false	1.0
provisorium	neg 1.0		__DUMMY__ 0.9397007584320614 off 0.03103261727503678 neg 0.029266624292901805	false	0.5
schmerzen	neg 1.0		__DUMMY__ 0.9275438887592528 off 0.039762589666495075 neg 0.032693521574252205	false	0.5
schrumpfen	neg 1.0		__DUMMY__ 0.9329351751398448 off 0.03452110283406816 neg 0.03254372202608711	false	0.5
geistlos	off 1.0		__DUMMY__ 0.9231179728410819 off 0.04426430210855562 neg 0.03261772505036248	false	1.0
fehlkauf	neg 1.0		__DUMMY__ 0.9257462667692566 off 0.04356879755021932 neg 0.030684935680523988	false	0.5
frustrierend	neg 1.0		__DUMMY__ 0.9241718483294539 off 0.044666376774920837 neg 0.031161774895625226	false	0.5
unzufrieden	neg 1.0		__DUMMY__ 0.9293365157703677 off 0.03956900381446657 neg 0.031094480415165757	false	0.5
verzweifeln	neg 1.0		__DUMMY__ 0.9286308248889107 off 0.040557649560757546 neg 0.030811525550331783	false	0.5
verzweifelt	neg 1.0		__DUMMY__ 0.926109415321177 off 0.04255473122357992 neg 0.03133585345524307	false	0.5
misstrauensantrag	neg 1.0		__DUMMY__ 0.9261289553932316 off 0.042884411350226824 neg 0.030986633256541555	false	0.5
abfallen	neg 1.0		__DUMMY__ 0.9279686908379535 off 0.04108986385735447 neg 0.030941445304691912	false	0.5
fucker	off 1.0		__DUMMY__ 0.9223372827790572 off 0.048649222192226775 neg 0.029013495028715936	false	1.0
ungezogen	neg 1.0		__DUMMY__ 0.9157602445728428 off 0.054494038022365326 neg 0.029745717404791903	false	0.5
irrsinnig	neg 1.0	neg 1.0	neg 0.49874513938667364 __DUMMY__ 0.46274214108803685 off 0.03851271952528948	false	1.0
unfassbar	neg 1.0		__DUMMY__ 0.9232771548637041 off 0.04644718246130901 neg 0.030275662674986856	false	0.5
hart	neg 1.0		__DUMMY__ 0.9217902646671104 off 0.046511215512026506 neg 0.0316985198208631	false	0.5
widerlich	off 1.0		__DUMMY__ 0.9220370258427106 off 0.046934615181370015 neg 0.03102835897591945	false	1.0
fatal	neg 1.0	neg 1.0	neg 0.5003188861850972 __DUMMY__ 0.4597819972425062 off 0.03989911657239665	false	1.0
bruch	neg 1.0		__DUMMY__ 0.9329646319115802 off 0.03573853095493166 neg 0.03129683713348826	false	0.5
aushungern	neg 1.0		__DUMMY__ 0.9270316450351285 off 0.04068386601984056 neg 0.03228448894503095	false	0.5
anspannung	neg 1.0		__DUMMY__ 0.9365495768735072 off 0.033862447402775754 neg 0.02958797572371705	false	0.5
von			__DUMMY__ 0.9339969255061226 off 0.0366339626125408 neg 0.029369111881336712	false	0.0
kraftlos	neg 1.0		__DUMMY__ 0.9295962422704419 off 0.0388865784313543 neg 0.03151717929820379	false	0.5
vom			__DUMMY__ 0.9414020935585087 off 0.03130005041936288 neg 0.027297856022128354	false	0.0
grenzdebil	off 1.0		__DUMMY__ 0.9223638478150012 off 0.046675247794715345 neg 0.03096090439028352	false	1.0
vor			__DUMMY__ 0.9329325505898028 off 0.035874340182848595 neg 0.031193109227348626	false	0.0
unterwerfen	neg 1.0		__DUMMY__ 0.9308059051040795 off 0.03867708724916141 neg 0.03051700764675916	false	0.5
versenkung	neg 1.0		__DUMMY__ 0.9312513873838001 off 0.03835017126128357 neg 0.030398441354916372	false	0.5
entziehen	neg 1.0		__DUMMY__ 0.9321724488429232 off 0.036648760831544905 neg 0.031178790325532026	false	0.5
finanzkrise	neg 1.0		__DUMMY__ 0.9230944823211987 off 0.04128413301706776 neg 0.03562138466173352	false	0.5
schimpfend	neg 1.0		__DUMMY__ 0.9294490519627002 off 0.04146351746653614 neg 0.029087430570763562	false	0.5
profan	neg 1.0		__DUMMY__ 0.925661216091819 off 0.043327025679590826 neg 0.0310117582285903	false	0.5
korruption	neg 1.0		__DUMMY__ 0.9270372961889478 off 0.040034223521165674 neg 0.03292848028988647	false	0.5
â			__DUMMY__ 0.9305301306100588 off 0.03879490445295699 neg 0.030674964936984187	false	0.0
schmutzig	neg 1.0		__DUMMY__ 0.9224759419409498 off 0.04680935975161654 neg 0.030714698307433633	false	0.5
sexy	neg 1.0		__DUMMY__ 0.9258368231778574 off 0.04454939329952892 neg 0.0296137835226137	false	0.5
abraten	neg 1.0		__DUMMY__ 0.9272942312433714 off 0.0428303295110353 neg 0.029875439245593247	false	0.5
schwarz	neg 1.0		__DUMMY__ 0.9265341025427143 off 0.043255165330853426 neg 0.03021073212643231	false	0.5
fotze	off 1.0	off 1.0	off 0.5060462380283299 __DUMMY__ 0.4675027408302379 neg 0.026451021141432197	false	1.0
verwirren	neg 1.0		__DUMMY__ 0.9257706797057981 off 0.043597123543097555 neg 0.030632196751104453	false	0.5
zahnlos	off 1.0		__DUMMY__ 0.9280902407666662 off 0.04041375956645361 neg 0.03149599966688013	false	1.0
verheeren	neg 1.0		__DUMMY__ 0.9153376163228467 off 0.05591054532564804 neg 0.02875183835150532	false	0.5
hippie	neg 1.0		__DUMMY__ 0.9257200187173834 off 0.04436810264693498 neg 0.029911878635681555	false	0.5
rammen	neg 1.0		__DUMMY__ 0.930570540253306 off 0.04125369434643932 neg 0.02817576540025475	false	0.5
unlauter	neg 1.0		__DUMMY__ 0.9263291229737353 off 0.04323740408906958 neg 0.030433472937195182	false	0.5
unheilvoll	neg 1.0		__DUMMY__ 0.9263053894795199 off 0.041955279485894434 neg 0.03173933103458568	false	0.5
niedrig	neg 1.0		__DUMMY__ 0.9300405331231544 off 0.038715229986613545 neg 0.031244236890232008	false	0.5
explosion	neg 1.0		__DUMMY__ 0.9264111265810023 off 0.044151633435134 neg 0.029437239983863755	false	0.5
weichei	off 1.0	off 1.0	off 0.5165182416182502 __DUMMY__ 0.4543601791075805 neg 0.029121579274169297	false	1.0
minusmensch	off 1.0		__DUMMY__ 0.915323132021338 off 0.05596761953288438 neg 0.028709248445777682	false	1.0
farblos	neg 1.0		__DUMMY__ 0.9289511156994494 off 0.04180261641866834 neg 0.029246267881882237	false	0.5
unwissend	neg 1.0	neg 1.0	neg 0.4988476890222517 __DUMMY__ 0.4597016935679676 off 0.04145061740978083	false	1.0
traurig	neg 1.0		__DUMMY__ 0.9212665078575881 off 0.04855954549396919 neg 0.030173946648442754	false	0.5
senkung	neg 1.0		__DUMMY__ 0.9224727092949727 off 0.043799076741017975 neg 0.033728213964009254	false	0.5
ungleich	neg 1.0	neg 1.0	neg 0.49876952693619175 __DUMMY__ 0.46591608742868523 off 0.03531438563512294	false	1.0
heikel	neg 1.0		__DUMMY__ 0.9307141274005922 off 0.037796997692421966 neg 0.03148887490698575	false	0.5
drosselung	neg 1.0		__DUMMY__ 0.9219860175153318 off 0.046740326898380216 neg 0.031273655586287925	false	0.5
falsch	neg 1.0		__DUMMY__ 0.9251054922956937 off 0.04470942978629443 neg 0.030185077918011848	false	0.5
unzufriedenheit	neg 1.0		__DUMMY__ 0.9299892643832568 off 0.037803151262950314 neg 0.03220758435379288	false	0.5
kurz	neg 1.0		__DUMMY__ 0.9308919868915607 off 0.03927388186953016 neg 0.029834131238909146	false	0.5
unsinnig	neg 1.0		__DUMMY__ 0.9268201366144323 off 0.04081495085639275 neg 0.03236491252917506	false	0.5
penner	off 1.0	off 1.0	off 0.5180764520134151 __DUMMY__ 0.45370690155510984 neg 0.028216646431475	false	1.0
seicht	neg 1.0		__DUMMY__ 0.9129749228589874 off 0.054227938233091015 neg 0.03279713890792157	false	0.5
dummheit	off 1.0	off 1.0	off 0.5101368630769791 __DUMMY__ 0.4606063781506332 neg 0.029256758772387627	false	1.0
unerfreulich	neg 1.0		__DUMMY__ 0.9313551343138291 off 0.03748096115854902 neg 0.031163904527621817	false	0.5
motherfucker	off 1.0	off 1.0	off 0.5139811983390533 __DUMMY__ 0.4587533005182426 neg 0.027265501142704113	false	1.0
pikiert	neg 1.0		__DUMMY__ 0.9223657790338144 off 0.046036098540142206 neg 0.0315981224260433	false	0.5
wrack	neg 1.0		__DUMMY__ 0.9349379035840495 off 0.03908892805077015 neg 0.025973168365180332	false	0.5
gangster	neg 1.0		__DUMMY__ 0.9254290055846446 off 0.044496286344217484 neg 0.03007470807113792	false	0.5
krank	neg 1.0		__DUMMY__ 0.9233382037526902 off 0.04646039681813479 neg 0.030201399429175043	false	0.5
reich	neg 1.0		__DUMMY__ 0.923179176097456 off 0.0448731559432401 neg 0.03194766795930386	false	0.5
gnadenlos	neg 1.0		__DUMMY__ 0.9276897694253823 off 0.04231312661425257 neg 0.02999710396036506	false	0.5
niedergeschlagen	neg 1.0		__DUMMY__ 0.9307750531872943 off 0.03906963133261158 neg 0.030155315480094237	false	0.5
terrorisieren	off 1.0	off 1.0	off 0.5049169088931765 __DUMMY__ 0.4663853224865178 neg 0.028697768620305684	false	1.0
sinnlosigkeit	neg 1.0		__DUMMY__ 0.928832372293753 off 0.039935384038607594 neg 0.03123224366763935	false	0.5
behindern	neg 1.0		__DUMMY__ 0.927922755010636 off 0.04098595341710032 neg 0.031091291572263667	false	0.5
undemokratisch	neg 1.0		__DUMMY__ 0.9249282079352527 off 0.043744398738136105 neg 0.031327393326611254	false	0.5
wirtschaftskrise	neg 1.0		__DUMMY__ 0.9267471028685753 off 0.039726568347674907 neg 0.033526328783749774	false	0.5
neid	neg 1.0		__DUMMY__ 0.9247033850621172 off 0.04393506659668129 neg 0.03136154834120147	false	0.5
rutschen	neg 1.0		__DUMMY__ 0.9365252472353398 off 0.033290193080295724 neg 0.03018455968436443	false	0.5
rezession	neg 1.0		__DUMMY__ 0.9164783391681787 off 0.04911817715855 neg 0.03440348367327143	false	0.5
fehlgeburt	neg 1.0		__DUMMY__ 0.9302623986015327 off 0.04113957625328837 neg 0.028598025145178972	false	0.5
charakterschwach	off 1.0		__DUMMY__ 0.9218050527488131 off 0.046619282457726875 neg 0.031575664793460155	false	1.0
isolation	neg 1.0		__DUMMY__ 0.9267611471079 off 0.044546634447781897 neg 0.028692218444317984	false	0.5
ablenkung	neg 1.0		__DUMMY__ 0.9288008638070758 off 0.041003401112530924 neg 0.03019573508039334	false	0.5
pech	neg 1.0		__DUMMY__ 0.9244891183287135 off 0.04450876985691143 neg 0.03100211181437505	false	0.5
vermeidung	neg 1.0		__DUMMY__ 0.922673109722285 off 0.04655170347369256 neg 0.03077518680402249	false	0.5
dominieren	neg 1.0		__DUMMY__ 0.9297916403716863 off 0.040098609149403025 neg 0.030109750478910794	false	0.5
schwindlig	neg 1.0		__DUMMY__ 0.926261565547113 off 0.04245964373538224 neg 0.031278790717504674	false	0.5
lutscher	neg 1.0		__DUMMY__ 0.9132422609450725 off 0.05545403280709922 neg 0.03130370624782816	false	0.5
pflicht	neg 1.0		__DUMMY__ 0.932215947432726 off 0.0367876447045076 neg 0.030996407862766463	false	0.5
faschist	off 1.0		__DUMMY__ 0.9241216132428218 off 0.04492440534900991 neg 0.03095398140816827	false	1.0
verschleudern	neg 1.0		__DUMMY__ 0.928419372692826 off 0.03859757699898839 neg 0.0329830503081855	false	0.5
wenn			__DUMMY__ 0.9236530045489139 off 0.045483860363213245 neg 0.030863135087872914	false	0.0
ehebruch	neg 1.0		__DUMMY__ 0.9283663983310616 off 0.03920837294969204 neg 0.03242522871924635	false	0.5
spott	off 1.0		__DUMMY__ 0.9304771227702487 off 0.03906999519284249 neg 0.03045288203690884	false	1.0
trostlosigkeit	neg 1.0		__DUMMY__ 0.9300385431275282 off 0.03670359855696693 neg 0.033257858315504894	false	0.5
lutschen	neg 1.0		__DUMMY__ 0.9264072043369975 off 0.04486518791057592 neg 0.028727607752426585	false	0.5
undiszipliniert	neg 1.0		__DUMMY__ 0.9213787027863604 off 0.04787982004892064 neg 0.030741477164718936	false	0.5
kopfschmerz	neg 1.0		__DUMMY__ 0.9280106675649511 off 0.03812747262389969 neg 0.03386185981114921	false	0.5
unvorhergesehen	neg 1.0		__DUMMY__ 0.9341127003718791 off 0.036192454108095753 neg 0.02969484552002522	false	0.5
desinteressiert	neg 1.0		__DUMMY__ 0.9216521501465907 off 0.047462043595667684 neg 0.030885806257741618	false	0.5
armselig	off 1.0		__DUMMY__ 0.9200167237023186 off 0.049527233145763086 neg 0.030456043151918223	false	1.0
desaster	neg 1.0		__DUMMY__ 0.9309061458972883 off 0.03637060804682777 neg 0.032723246055883996	false	0.5
tod	neg 1.0		__DUMMY__ 0.9314784396197746 off 0.03787013254594068 neg 0.030651427834284727	false	0.5
herzlos	neg 1.0		__DUMMY__ 0.9204147934402516 off 0.04893812759952222 neg 0.03064707896022628	false	0.5
unwissenheit	neg 1.0		__DUMMY__ 0.928892063348215 off 0.03964299797038297 neg 0.031464938681402044	false	0.5
widersinnig	neg 1.0		__DUMMY__ 0.9261919689238507 off 0.04103674907198807 neg 0.03277128200416118	false	0.5
bedenklich	neg 1.0		__DUMMY__ 0.9290251457230858 off 0.03894620982217267 neg 0.03202864445474151	false	0.5
beanstanden	neg 1.0		__DUMMY__ 0.9327964961435541 off 0.03726798043527867 neg 0.029935523421167252	false	0.5
panisch	neg 1.0		__DUMMY__ 0.9279515601007408 off 0.04260248356873949 neg 0.029445956330519774	false	0.5
debil	off 1.0		__DUMMY__ 0.9382594844780838 off 0.03146514936781926 neg 0.030275366154096903	false	1.0
abstrich	neg 1.0		__DUMMY__ 0.9331054288618377 off 0.03897338199318558 neg 0.027921189144976797	false	0.5
primitiv	neg 1.0		__DUMMY__ 0.9213679792103305 off 0.047693697008369174 neg 0.030938323781300202	false	0.5
abschaum	off 1.0	off 1.0	off 0.5122532807279312 __DUMMY__ 0.4605668774321881 neg 0.027179841839880738	false	1.0
provozieren	neg 1.0		__DUMMY__ 0.926252948976348 off 0.04232439826654115 neg 0.03142265275711076	false	0.5
tot	neg 1.0		__DUMMY__ 0.9312635878143587 off 0.03901944666433826 neg 0.029716965521302992	false	0.5
instabil	neg 1.0		__DUMMY__ 0.919576388327503 off 0.04975005229252579 neg 0.03067355937997124	false	0.5
schwuchtel	off 1.0	off 1.0	off 0.5239797153294993 __DUMMY__ 0.44896758375851736 neg 0.027052700911983304	false	1.0
zerren	neg 1.0		__DUMMY__ 0.9305295484714836 off 0.039165677057256564 neg 0.0303047744712599	false	0.5
kinderficker	off 1.0		__DUMMY__ 0.9184101175055907 off 0.05152021698908397 neg 0.03006966550532543	false	1.0
gefahr	neg 1.0		__DUMMY__ 0.9328808078851833 off 0.03715721576334623 neg 0.02996197635147047	false	0.5
rabiat	neg 1.0		__DUMMY__ 0.9271169588467124 off 0.04079513850316321 neg 0.03208790265012441	false	0.5
verlangsamung	neg 1.0		__DUMMY__ 0.9170548074219884 off 0.05306343477276654 neg 0.029881757805244963	false	0.5
ausgestorben	neg 1.0		__DUMMY__ 0.9288591702783704 off 0.04037628820123142 neg 0.0307645415203981	false	0.5
anklagen	neg 1.0		__DUMMY__ 0.9284487633687813 off 0.040206374466809344 neg 0.03134486216440929	false	0.5
trott	neg 1.0		__DUMMY__ 0.9284722840118144 off 0.04120233822171034 neg 0.030325377766475342	false	0.5
verminderung	neg 1.0		__DUMMY__ 0.9222867585973809 off 0.046517426311760084 neg 0.031195815090859058	false	0.5
nach			__DUMMY__ 0.938286375131499 off 0.03228964856268354 neg 0.02942397630581743	false	0.0
rost	neg 1.0		__DUMMY__ 0.9181745758199795 off 0.05380136195277821 neg 0.028024062227242158	false	0.5
destruktiv	neg 1.0		__DUMMY__ 0.9263646279595728 off 0.04139921159459984 neg 0.03223616044582731	false	0.5
unzumutbarkeit	neg 1.0		__DUMMY__ 0.9259969084921496 off 0.046586763470856746 neg 0.027416328036993787	false	0.5
labil	off 1.0	off 1.0	off 0.511726876545133 __DUMMY__ 0.4605334506578456 neg 0.027739672797021282	false	1.0
ziemlich	neg 1.0		__DUMMY__ 0.9243794816228019 off 0.04611560937351831 neg 0.029504909003679722	false	0.5
lachnummer	off 1.0		__DUMMY__ 0.9271991984571287 off 0.04206011246754644 neg 0.03074068907532481	false	1.0
oder			__DUMMY__ 0.9289219483836799 off 0.04154913121349112 neg 0.029528920402829027	false	0.0
verfall	neg 1.0		__DUMMY__ 0.9325412174148039 off 0.034558133928760955 neg 0.03290064865643523	false	0.5
ausgrenzung	neg 1.0		__DUMMY__ 0.9253019136997394 off 0.04362090461879537 neg 0.03107718168146531	false	0.5
unordnung	neg 1.0		__DUMMY__ 0.9225009205533411 off 0.049936036947312086 neg 0.027563042499346862	false	0.5
fehlverhalten	neg 1.0		__DUMMY__ 0.9303407572494936 off 0.03829642291941647 neg 0.03136281983108992	false	0.5
eine			__DUMMY__ 0.9323327937108759 off 0.03630502452408789 neg 0.03136218176503619	false	0.0
nille	neg 1.0		__DUMMY__ 0.9283650385489305 off 0.041728246579649755 neg 0.029906714871419778	false	0.5
qual	neg 1.0		__DUMMY__ 0.9285323263332823 off 0.04095732083395434 neg 0.030510352832763335	false	0.5
verschwenden	neg 1.0		__DUMMY__ 0.9297454664947219 off 0.03783089521780916 neg 0.032423638287468935	false	0.5
riesig	neg 1.0		__DUMMY__ 0.9334733197844227 off 0.03775588931560675 neg 0.028770790899970446	false	0.5
verurteilen	neg 1.0		__DUMMY__ 0.92806836273118 off 0.04012715139668528 neg 0.03180448587213472	false	0.5
klischee	neg 1.0	neg 1.0	neg 0.49887606745656304 __DUMMY__ 0.4601989809941189 off 0.04092495154931813	false	1.0
diktatorisch	neg 1.0		__DUMMY__ 0.9241005577999128 off 0.043861225006739134 neg 0.032038217193348095	false	0.5
vorhersehbar	neg 1.0		__DUMMY__ 0.9235198579469567 off 0.04421934124005558 neg 0.032260800812987656	false	0.5
sowie			__DUMMY__ 0.9175557134655064 off 0.050866108211410646 neg 0.031578178323083024	false	0.0
stornieren	neg 1.0		__DUMMY__ 0.9319019888903127 off 0.04351688927142719 neg 0.02458112183826014	false	0.5
besteuerung	neg 1.0	neg 1.0	neg 0.5011221902891472 __DUMMY__ 0.4605163205925981 off 0.03836148911825469	false	1.0
ungeschminkt	neg 1.0		__DUMMY__ 0.9230703982274707 off 0.047193737008105176 neg 0.029735864764424084	false	0.5
kritisch	neg 1.0		__DUMMY__ 0.9292797874797719 off 0.039747144480018086 neg 0.030973068040209908	false	0.5
schlamperei	off 1.0		__DUMMY__ 0.9306745857219517 off 0.03860558842395311 neg 0.03071982585409528	false	1.0
sucht	neg 1.0	neg 1.0	neg 0.4945871513284344 __DUMMY__ 0.4672430923731227 off 0.038169756298442825	false	1.0
egoistisch	off 1.0	off 1.0	off 0.516427384352084 __DUMMY__ 0.45641619441702436 neg 0.027156421230891608	false	1.0
ausbeuter	off 1.0		__DUMMY__ 0.9287282151204789 off 0.03814495829334327 neg 0.03312682658617782	false	1.0
arschgeburt	off 1.0		__DUMMY__ 0.9113370029009408 off 0.05936110075962205 neg 0.02930189633943712	false	1.0
schubs	neg 1.0		__DUMMY__ 0.9298074433508662 off 0.038213035372418366 neg 0.031979521276715495	false	0.5
unsolide	neg 1.0		__DUMMY__ 0.9250867870589852 off 0.044055444987367985 neg 0.030857767953646878	false	0.5
beschwerde	neg 1.0		__DUMMY__ 0.9298751790539821 off 0.039921550179888375 neg 0.030203270766129487	false	0.5
stocken	neg 1.0		__DUMMY__ 0.9307257565908992 off 0.03899665071709891 neg 0.030277592692002	false	0.5
isolieren	neg 1.0		__DUMMY__ 0.9299484493138931 off 0.03990344399193755 neg 0.03014810669416931	false	0.5
unheilbar	neg 1.0		__DUMMY__ 0.9264049981808575 off 0.04166965670537511 neg 0.03192534511376731	false	0.5
pisser	off 1.0	off 1.0	off 0.5144179424946168 __DUMMY__ 0.4599484006226277 neg 0.025633656882755464	false	1.0
löschen	neg 1.0		__DUMMY__ 0.9280469941232907 off 0.04185771674150017 neg 0.030095289135209095	false	0.5
durchfallen	neg 1.0		__DUMMY__ 0.9292846679115483 off 0.039410149292872614 neg 0.03130518279557903	false	0.5
wichser	off 1.0	off 1.0	off 0.5205795818460764 __DUMMY__ 0.451277982504692 neg 0.028142435649231613	false	1.0
terror	neg 1.0		__DUMMY__ 0.9266768435061793 off 0.043954959680738453 neg 0.029368196813082264	false	0.5
krass	neg 1.0		__DUMMY__ 0.9198288515940265 off 0.05000259088514768 neg 0.030168557520825777	false	0.5
revolte	neg 1.0		__DUMMY__ 0.9209475655344531 off 0.0450297676930036 neg 0.03402266677254331	false	0.5
besorgt	neg 1.0		__DUMMY__ 0.9314669467715205 off 0.03960516240392588 neg 0.028927890824553548	false	0.5
nachlassen	neg 1.0		__DUMMY__ 0.9314225444809522 off 0.0386066182131077 neg 0.029970837305940176	false	0.5
alt	neg 1.0		__DUMMY__ 0.927271706679632 off 0.03792479018372415 neg 0.03480350313664393	false	0.5
hundesohn	off 1.0	off 1.0	off 0.5200948107366569 __DUMMY__ 0.45420813548336414 neg 0.025697053779978926	false	1.0
als			__DUMMY__ 0.9285683590395182 off 0.039741776419553274 neg 0.03168986454092851	false	0.0
abschreckung	neg 1.0		__DUMMY__ 0.9305943204649354 off 0.03763731562387765 neg 0.031768363911187	false	0.5
unqualifiziert	neg 1.0		__DUMMY__ 0.9238256506999362 off 0.04540072710463084 neg 0.030773622195432948	false	0.5
abgewichst	off 1.0		__DUMMY__ 0.9295022051847488 off 0.040983833693302156 neg 0.02951396112194915	false	1.0
schwer	neg 1.0		__DUMMY__ 0.927461563766375 off 0.040959545332091965 neg 0.03157889090153309	false	0.5
bedeutungslosigkeit	neg 1.0		__DUMMY__ 0.9302388071360166 off 0.038045697819431415 neg 0.03171549504455199	false	0.5
kapitulation	neg 1.0		__DUMMY__ 0.9272256012082913 off 0.039565971163523186 neg 0.03320842762818545	false	0.5
unscharf	neg 1.0		__DUMMY__ 0.9232046214413527 off 0.04260753985041943 neg 0.03418783870822785	false	0.5
schwinden	neg 1.0		__DUMMY__ 0.9300658896325338 off 0.038101009634426745 neg 0.031833100733039514	false	0.5
versklavung	neg 1.0	neg 1.0	neg 0.49921178883125245 __DUMMY__ 0.46142576514812544 off 0.03936244602062208	false	1.0
schlecht	neg 1.0		__DUMMY__ 0.9244993170620928 off 0.046297484719057806 neg 0.02920319821884943	false	0.5
verhasst	neg 1.0		__DUMMY__ 0.925495306969136 off 0.042935682034113506 neg 0.03156901099675053	false	0.5
beschweren	neg 1.0		__DUMMY__ 0.9272187396091004 off 0.04303982407651329 neg 0.029741436314386333	false	0.5
scheiden	neg 1.0		__DUMMY__ 0.9284740674541668 off 0.04099029264751895 neg 0.03053563989831429	false	0.5
frustriert	neg 1.0		__DUMMY__ 0.9289525550682333 off 0.04030285780310643 neg 0.030744587128660312	false	0.5
schimmelig	neg 1.0		__DUMMY__ 0.9296258949744008 off 0.03814117141236048 neg 0.032232933613238715	false	0.5
fisch	neg 1.0		__DUMMY__ 0.930443764085084 off 0.03539150111016493 neg 0.03416473480475107	false	0.5
schmuggel	neg 1.0		__DUMMY__ 0.9338919361387706 off 0.036395502735562975 neg 0.02971256112566647	false	0.5
auffallen	neg 1.0		__DUMMY__ 0.9261603430627223 off 0.043391325968944065 neg 0.03044833096833358	false	0.5
konkurrenz	neg 1.0		__DUMMY__ 0.9323515836256059 off 0.03769024516231004 neg 0.02995817121208403	false	0.5
teufelskreis	neg 1.0	neg 1.0	neg 0.5005659236877525 __DUMMY__ 0.4620822670054951 off 0.037351809306752276	false	1.0
aufschreien	neg 1.0		__DUMMY__ 0.9243107925534835 off 0.04401103049855858 neg 0.031678176947957964	false	0.5
schuldner	neg 1.0		__DUMMY__ 0.928777619424579 off 0.037894874595807274 neg 0.0333275059796137	false	0.5
missgeburt	off 1.0	off 1.0	off 0.5183758604064733 __DUMMY__ 0.45749152740629134 neg 0.02413261218723532	false	1.0
arbeitslos	neg 1.0		__DUMMY__ 0.9293400870024886 off 0.039430847019370885 neg 0.03122906597814046	false	0.5
befallen	neg 1.0		__DUMMY__ 0.9272645375435226 off 0.04085096093187988 neg 0.031884501524597604	false	0.5
miesepetrig	off 1.0	off 1.0	off 0.5111510278904409 __DUMMY__ 0.4604876807771514 neg 0.028361291332407668	false	1.0
alarmieren	neg 1.0		__DUMMY__ 0.9242926137157074 off 0.04580498127486602 neg 0.02990240500942655	false	0.5
ungeduscht	off 1.0		__DUMMY__ 0.9243153602298867 off 0.04450760820761969 neg 0.0311770315624937	false	1.0
knappheit	neg 1.0		__DUMMY__ 0.9278478482264175 off 0.03971420270970876 neg 0.032437949063873706	false	0.5
schlange	neg 1.0		__DUMMY__ 0.9288264838221859 off 0.041478348683240414 neg 0.02969516749457364	false	0.5
harsch	neg 1.0		__DUMMY__ 0.9242944514974463 off 0.04976906350000585 neg 0.025936485002547947	false	0.5
lang	neg 1.0		__DUMMY__ 0.927506668288073 off 0.042512768242347385 neg 0.029980563469579596	false	0.5
ziellos	neg 1.0		__DUMMY__ 0.9318342857450543 off 0.03789417151325725 neg 0.03027154274168843	false	0.5
selbstverliebt	neg 1.0		__DUMMY__ 0.9140061556887481 off 0.05654038404508625 neg 0.029453460266165667	false	0.5
beseitigen	neg 1.0		__DUMMY__ 0.9326369601308305 off 0.04118204851210613 neg 0.02618099135706333	false	0.5
dumm	off 1.0		__DUMMY__ 0.9172934614494171 off 0.05207677452720164 neg 0.03062976402338112	false	1.0
arbeitsloser	neg 1.0		__DUMMY__ 0.9317073332417795 off 0.03951401101529488 neg 0.02877865574292568	false	0.5
blitzen	neg 1.0		__DUMMY__ 0.9244901251358125 off 0.0448461476599548 neg 0.03066372720423262	false	0.5
hilflos	neg 1.0		__DUMMY__ 0.9293685434964362 off 0.0393088771293016 neg 0.03132257937426221	false	0.5
eklig	off 1.0		__DUMMY__ 0.9159027662049348 off 0.0523958625797867 neg 0.03170137121527858	false	1.0
begriff			__DUMMY__ 0.9275419482714456 off 0.04112944448952003 neg 0.03132860723903427	false	0.0
hungersnot	neg 1.0		__DUMMY__ 0.9266004793725229 off 0.03972029031456127 neg 0.03367923031291582	false	0.5
ungesetzlich	neg 1.0		__DUMMY__ 0.9243185564745593 off 0.044006767684144014 neg 0.03167467584129677	false	0.5
verschwendung	neg 1.0		__DUMMY__ 0.9303499560854422 off 0.0378700287737105 neg 0.03178001514084719	false	0.5
schmerzvoll	neg 1.0		__DUMMY__ 0.9258000476062308 off 0.042684445439097926 neg 0.03151550695467132	false	0.5
vorzeitig	neg 1.0		__DUMMY__ 0.9256951177137815 off 0.04575913513490794 neg 0.028545747151310516	false	0.5
unvollkommenheit	neg 1.0		__DUMMY__ 0.9293760444303923 off 0.03991595597011853 neg 0.030707999599489035	false	0.5
intervenieren	neg 1.0		__DUMMY__ 0.9285381532267785 off 0.03869183175524112 neg 0.03277001501798038	false	0.5
banause	off 1.0		__DUMMY__ 0.9127789787475145 off 0.053787246280065024 neg 0.03343377497242058	false	1.0
rebell	neg 1.0		__DUMMY__ 0.933596534274306 off 0.03427009156684799 neg 0.032133374158846026	false	0.5
unlogisch	neg 1.0		__DUMMY__ 0.9208863593711551 off 0.04843258397461861 neg 0.030681056654226144	false	0.5
leiden	neg 1.0		__DUMMY__ 0.9344770094828022 off 0.03622872199563611 neg 0.02929426852156171	false	0.5
abschaffung	neg 1.0		__DUMMY__ 0.9258026884063123 off 0.042514921244075486 neg 0.03168239034961219	false	0.5
sturz	neg 1.0		__DUMMY__ 0.9304344311111523 off 0.04314332292456054 neg 0.026422245964287196	false	0.5
verkleinerung	neg 1.0		__DUMMY__ 0.9224260461526628 off 0.04530190987562246 neg 0.032272043971714785	false	0.5
schmarotzer	off 1.0		__DUMMY__ 0.9280167623850889 off 0.040236887820867644 neg 0.031746349794043484	false	1.0
bestrafung	neg 1.0	neg 1.0	neg 0.49763338423659487 __DUMMY__ 0.46417947085315064 off 0.03818714491025457	false	1.0
achtlos	neg 1.0		__DUMMY__ 0.929214997334874 off 0.04015804768422633 neg 0.030626954980899766	false	0.5
