unsolidarisch	neg 1.0		off 0.3832746611014699 __DUMMY__ 0.32719404915782674 neg 0.28953128974070336	false	0.5
nachteilig	neg 1.0		off 0.3812391303957308 __DUMMY__ 0.33196654660902636 neg 0.2867943229952429	false	0.5
skeptisch	neg 1.0		off 0.3786764894203543 __DUMMY__ 0.33120168801722016 neg 0.29012182256242564	false	0.5
schrecklich	neg 1.0		off 0.3925101640186211 __DUMMY__ 0.32441094913666957 neg 0.2830788868447094	false	0.5
schlapp	neg 1.0	neg 1.0	neg 0.6278620575810819 off 0.21479484554074788 __DUMMY__ 0.15734309687817014	false	1.0
abfall	neg 1.0		off 0.3760644536979669 __DUMMY__ 0.33323897199345015 neg 0.2906965743085828	false	0.5
widerspenstig	neg 1.0		off 0.3822652586430157 __DUMMY__ 0.3285396701087404 neg 0.28919507124824395	false	0.5
abrupt	neg 1.0		off 0.3779546658891883 __DUMMY__ 0.33096253436251927 neg 0.29108279974829243	false	0.5
unwirksam	neg 1.0		off 0.38216273474298645 __DUMMY__ 0.32638440957722065 neg 0.291452855679793	false	0.5
angreifen	neg 1.0		off 0.3779953389907117 __DUMMY__ 0.3314014787099371 neg 0.2906031822993512	false	0.5
inkonsistent	neg 1.0		off 0.38560303184577965 __DUMMY__ 0.32687270750072167 neg 0.2875242606534986	false	0.5
abrutschen	neg 1.0		off 0.3752855287884445 __DUMMY__ 0.3329061237070892 neg 0.2918083475044663	false	0.5
unsicher	neg 1.0		off 0.3836837783728132 __DUMMY__ 0.3295445428900936 neg 0.2867716787370932	false	0.5
bauernkind	off 1.0	off 1.0	off 0.6875722189436708 neg 0.15732227182415592 __DUMMY__ 0.15510550923217323	false	1.0
angreifer	neg 1.0		off 0.38912950478933245 __DUMMY__ 0.3291969715022872 neg 0.2816735237083804	false	0.5
trennen	neg 1.0		off 0.378346624306765 __DUMMY__ 0.3321529263397843 neg 0.28950044935345065	false	0.5
schmutz	neg 1.0		off 0.39079370304764155 __DUMMY__ 0.33197380255445935 neg 0.27723249439789915	false	0.5
inkonsistenz	neg 1.0		off 0.38819432684980115 __DUMMY__ 0.32630234507282146 neg 0.2855033280773773	false	0.5
erschreckend	neg 1.0		off 0.3825222387992852 __DUMMY__ 0.32921514664941565 neg 0.2882626145512992	false	0.5
ertrinken	neg 1.0		off 0.37708716996461084 __DUMMY__ 0.3310700548187811 neg 0.291842775216608	false	0.5
pickelface	off 1.0		off 0.3849670741842717 __DUMMY__ 0.32956624176668137 neg 0.28546668404904696	false	1.0
seiner			off 0.3789797851245445 __DUMMY__ 0.3318601585684038 neg 0.2891600563070516	false	0.0
lauch	neg 1.0	neg 1.0	neg 0.6302452771813659 off 0.2083487931488297 __DUMMY__ 0.16140592966980438	false	1.0
unwichtig	neg 1.0		off 0.3881914899579217 __DUMMY__ 0.3263773958934709 neg 0.2854311141486073	false	0.5
steuerhinterziehung	neg 1.0		off 0.38177201747184175 __DUMMY__ 0.3281330795286719 neg 0.2900949029994864	false	0.5
schock	neg 1.0		off 0.38199559785655407 __DUMMY__ 0.33004888012812156 neg 0.28795552201532437	false	0.5
beule	neg 1.0		off 0.3904308733071655 __DUMMY__ 0.3249770205228774 neg 0.2845921061699571	false	0.5
vergelten	neg 1.0		off 0.394629553748829 __DUMMY__ 0.32503327765378626 neg 0.28033716859738467	false	0.5
verdorbenheit	neg 1.0		off 0.3863156356658216 __DUMMY__ 0.32997790226123713 neg 0.2837064620729413	false	0.5
trauma	neg 1.0		off 0.38490526531061997 __DUMMY__ 0.32822865387792516 neg 0.2868660808114549	false	0.5
sinnlos	neg 1.0		off 0.3855956134184132 __DUMMY__ 0.32820086955442923 neg 0.28620351702715763	false	0.5
fettsack	off 1.0	off 1.0	off 0.6888230230930767 neg 0.15583270478181657 __DUMMY__ 0.1553442721251068	false	1.0
feige	off 1.0	off 1.0	off 0.6850637912274098 neg 0.1579605526435076 __DUMMY__ 0.15697565612908254	false	1.0
abdanken	neg 1.0		off 0.3833409963747236 __DUMMY__ 0.32943824403905203 neg 0.28722075958622434	false	0.5
wichtigtuer	off 1.0	off 1.0	off 0.6834929185191636 neg 0.1583390976803795 __DUMMY__ 0.1581679838004569	false	1.0
misslingen	neg 1.0		off 0.387595143422741 __DUMMY__ 0.3309858056588165 neg 0.28141905091844255	false	0.5
untreu	off 1.0		off 0.38945909273882945 __DUMMY__ 0.32579488404838175 neg 0.2847460232127888	false	1.0
missmutig	neg 1.0		off 0.38625807905520093 __DUMMY__ 0.32629265726405915 neg 0.2874492636807399	false	0.5
hurenbock	off 1.0		off 0.3840946413305653 __DUMMY__ 0.3286100411128196 neg 0.2872953175566151	false	1.0
betrunken	neg 1.0		off 0.3913469717089104 __DUMMY__ 0.3248077270370034 neg 0.28384530125408625	false	0.5
korrupt	off 1.0		off 0.38076543952142466 __DUMMY__ 0.32782964316395985 neg 0.2914049173146153	false	1.0
unmut	neg 1.0		off 0.37695867507898156 __DUMMY__ 0.33212405723284605 neg 0.2909172676881724	false	0.5
hackfresse	off 1.0		off 0.39702758607397076 __DUMMY__ 0.32208265514399803 neg 0.28088975878203115	false	1.0
aufblasen	neg 1.0		off 0.3837433578428924 __DUMMY__ 0.32876409122392697 neg 0.2874925509331806	false	0.5
gewaltsam	neg 1.0		off 0.38411267488242323 __DUMMY__ 0.33008386237655946 neg 0.28580346274101737	false	0.5
unbeliebtheit	neg 1.0		off 0.39038926857912976 __DUMMY__ 0.3264670480945731 neg 0.2831436833262972	false	0.5
sturheit	neg 1.0		off 0.38285400961738775 __DUMMY__ 0.32971027007155446 neg 0.2874357203110579	false	0.5
kuh	neg 1.0		off 0.3843781402929162 __DUMMY__ 0.32454081331444257 neg 0.2910810463926412	false	0.5
erschrecken	neg 1.0		off 0.3876913465827309 __DUMMY__ 0.32723203941928675 neg 0.28507661399798234	false	0.5
opfer	neg 1.0		off 0.38046331943276035 __DUMMY__ 0.3311084684020912 neg 0.2884282121651485	false	0.5
sinken	neg 1.0		off 0.37708112159580254 __DUMMY__ 0.3313150203641372 neg 0.2916038580400602	false	0.5
stinktier	neg 1.0		off 0.39329571111948425 __DUMMY__ 0.32136114706342783 neg 0.285343141817088	false	0.5
tucke	off 1.0		off 0.39804526415569863 __DUMMY__ 0.31966810403027474 neg 0.2822866318140267	false	1.0
ein			off 0.38176186081104185 __DUMMY__ 0.328407878364867 neg 0.2898302608240912	false	0.0
abstieg	neg 1.0		off 0.3830270889049447 __DUMMY__ 0.33183922620843914 neg 0.28513368488661617	false	0.5
missverstehen	neg 1.0		off 0.3860669089403915 __DUMMY__ 0.32732569631461644 neg 0.286607394744992	false	0.5
ergebnislos	neg 1.0		off 0.3810739406821385 __DUMMY__ 0.33203126951453216 neg 0.2868947898033295	false	0.5
unter			off 0.3727775936028638 __DUMMY__ 0.3361582594845093 neg 0.2910641469126271	false	0.0
manipulieren	neg 1.0		off 0.37943849658746376 __DUMMY__ 0.33142309214946986 neg 0.2891384112630663	false	0.5
unbewiesen	neg 1.0		off 0.38429021871458924 __DUMMY__ 0.32789183533533034 neg 0.2878179459500804	false	0.5
verschleppen	neg 1.0		off 0.38025920924290985 __DUMMY__ 0.32964234844573626 neg 0.2900984423113539	false	0.5
weib	off 1.0		off 0.399217873642607 __DUMMY__ 0.32088558239149395 neg 0.279896543965899	false	1.0
opposition	neg 1.0		off 0.3846403986243058 __DUMMY__ 0.3274204326276292 neg 0.2879391687480649	false	0.5
verkehrswidrig	neg 1.0		off 0.3970059333890098 __DUMMY__ 0.3265617245987611 neg 0.2764323420122291	false	0.5
inkorrekt	neg 1.0		off 0.3918109312499704 __DUMMY__ 0.3239361027755345 neg 0.2842529659744951	false	0.5
vermeiden	neg 1.0		off 0.376103253461071 __DUMMY__ 0.3343590150629151 neg 0.2895377314760139	false	0.5
abweichung	neg 1.0		off 0.3822420525321206 __DUMMY__ 0.3310583344997782 neg 0.28669961296810115	false	0.5
alkoholisiert	neg 1.0		off 0.38238105819529083 __DUMMY__ 0.3350638005567782 neg 0.2825551412479309	false	0.5
scheiss	off 1.0	off 1.0	off 0.6860720200626893 neg 0.1572352491941108 __DUMMY__ 0.15669273074319998	false	1.0
herausforderung	neg 1.0		off 0.3813532089526289 __DUMMY__ 0.3305902341442873 neg 0.2880565569030838	false	0.5
pervers	off 1.0		off 0.401319522950597 __DUMMY__ 0.3196158440008407 neg 0.27906463304856227	false	1.0
wackelig	neg 1.0		off 0.3813111245432904 __DUMMY__ 0.3307823324731588 neg 0.28790654298355073	false	0.5
verwickeln	neg 1.0		off 0.3851864392137509 __DUMMY__ 0.3277838641544747 neg 0.28702969663177436	false	0.5
vorwand	neg 1.0		off 0.37774339572938226 __DUMMY__ 0.33169705311152564 neg 0.290559551159092	false	0.5
muschi	off 1.0		off 0.3843145550463823 __DUMMY__ 0.33054172657720193 neg 0.2851437183764156	false	1.0
entmutigung	neg 1.0		off 0.3844253442984286 __DUMMY__ 0.32589879997360066 neg 0.2896758557279709	false	0.5
unangemessen	neg 1.0		off 0.3821423379750406 __DUMMY__ 0.3294281735970207 neg 0.2884294884279387	false	0.5
unstetig	neg 1.0		off 0.38857440109343105 __DUMMY__ 0.3277904526312513 neg 0.2836351462753177	false	0.5
entmutigen	neg 1.0		off 0.3835778088676331 __DUMMY__ 0.3277221091103353 neg 0.2887000820220316	false	0.5
schwanz	neg 1.0		off 0.38205648246898916 __DUMMY__ 0.33122903358795003 neg 0.2867144839430609	false	0.5
verbot	neg 1.0		off 0.3815634878414947 __DUMMY__ 0.3291191816257588 neg 0.28931733053274633	false	0.5
leid	neg 1.0		off 0.3940659741972759 __DUMMY__ 0.3234475312113964 neg 0.28248649459132785	false	0.5
archaisch	neg 1.0		off 0.3816338639632657 __DUMMY__ 0.3292825688531165 neg 0.28908356718361766	false	0.5
gegen			off 0.3782500480079094 __DUMMY__ 0.33280684925283444 neg 0.2889431027392562	false	0.0
scheidung	neg 1.0		off 0.40790551461676017 __DUMMY__ 0.3214316232353367 neg 0.2706628621479032	false	0.5
einschlag	neg 1.0		off 0.39471887016954965 __DUMMY__ 0.32619280220750285 neg 0.27908832762294755	false	0.5
m			off 0.3820338223210331 __DUMMY__ 0.3306947653752856 neg 0.28727141230368136	false	0.0
abgestanden	neg 1.0		off 0.3811999301539298 __DUMMY__ 0.32607833291553023 neg 0.29272173693054	false	0.5
schmierig	off 1.0		off 0.3935139622580632 __DUMMY__ 0.3233890292444257 neg 0.2830970084975112	false	1.0
unpraktisch	neg 1.0		off 0.38535244507559846 __DUMMY__ 0.328806406321197 neg 0.28584114860320464	false	0.5
wixxer	off 1.0		off 0.40139358067388436 __DUMMY__ 0.3190525226667316 neg 0.2795538966593839	false	1.0
bezeichnet			off 0.38406813272736057 __DUMMY__ 0.3291681007281166 neg 0.28676376654452274	false	0.0
jammerlappen	off 1.0		off 0.38848851709456744 __DUMMY__ 0.32629000578095446 neg 0.28522147712447815	false	1.0
farce	neg 1.0		off 0.3829009454185342 __DUMMY__ 0.3280502719720041 neg 0.28904878260946165	false	0.5
zwecklos	neg 1.0		off 0.38085068141389916 __DUMMY__ 0.3295474075316966 neg 0.2896019110544042	false	0.5
turbulent	neg 1.0		off 0.39159119087974414 __DUMMY__ 0.32584461647433993 neg 0.282564192645916	false	0.5
invasion	neg 1.0		off 0.38644574392891456 __DUMMY__ 0.3279018958103869 neg 0.28565236026069857	false	0.5
schuld	neg 1.0		off 0.384642786351098 __DUMMY__ 0.3283171542731777 neg 0.28704005937572424	false	0.5
risiko	neg 1.0		off 0.3858925454125766 __DUMMY__ 0.3279045742805296 neg 0.28620288030689367	false	0.5
finster	neg 1.0		off 0.3820894258434172 __DUMMY__ 0.32788469118710006 neg 0.29002588296948273	false	0.5
geisteskrank	off 1.0		off 0.39069216765275777 __DUMMY__ 0.3246829797593698 neg 0.2846248525878724	false	1.0
zusammenbrechen	neg 1.0		off 0.3811641947501885 __DUMMY__ 0.3296059448564305 neg 0.289229860393381	false	0.5
ausbeute	neg 1.0		off 0.3833527542875785 __DUMMY__ 0.33059639588878703 neg 0.2860508498236344	false	0.5
hinterhalt	neg 1.0		off 0.3824679821901146 __DUMMY__ 0.329876040600366 neg 0.28765597720951946	false	0.5
kritik	neg 1.0		off 0.38239830658415497 __DUMMY__ 0.32795651104402185 neg 0.289645182371823	false	0.5
einschrumpfen	neg 1.0		off 0.3883880002801562 __DUMMY__ 0.3256530574406172 neg 0.2859589422792268	false	0.5
riskant	neg 1.0		off 0.378873915940421 __DUMMY__ 0.3310322818269892 neg 0.29009380223258974	false	0.5
frustrieren	neg 1.0		off 0.37943733307339633 __DUMMY__ 0.33025934269787327 neg 0.2903033242287305	false	0.5
groll	neg 1.0		off 0.38163969167063394 __DUMMY__ 0.3300619336126106 neg 0.2882983747167554	false	0.5
gibt			off 0.3811848300592555 __DUMMY__ 0.33030046657438855 neg 0.2885147033663561	false	0.0
qualvoll	neg 1.0		off 0.3853341658314073 __DUMMY__ 0.327636645154684 neg 0.2870291890139088	false	0.5
wackeln	neg 1.0		off 0.3835191093035177 __DUMMY__ 0.3293958887092146 neg 0.2870850019872678	false	0.5
klagen	neg 1.0		off 0.3778818718459412 __DUMMY__ 0.3314274767685568 neg 0.29069065138550204	false	0.5
bankrott	neg 1.0		off 0.3894228250167899 __DUMMY__ 0.3279777792908798 neg 0.2825993956923305	false	0.5
trauern	neg 1.0		off 0.3804804758189469 __DUMMY__ 0.33265131211861654 neg 0.28686821206243673	false	0.5
ablehnung	neg 1.0		off 0.38238417233558164 __DUMMY__ 0.32886428450577065 neg 0.2887515431586478	false	0.5
stur	neg 1.0		off 0.38424332694431323 __DUMMY__ 0.3278926454240829 neg 0.2878640276316038	false	0.5
aufruhr	neg 1.0		off 0.38272244840777114 __DUMMY__ 0.3279040366272985 neg 0.2893735149649303	false	0.5
melancholie	neg 1.0		off 0.3776811790214538 __DUMMY__ 0.33013747908094765 neg 0.29218134189759853	false	0.5
ist			off 0.3851835578002019 __DUMMY__ 0.3281607471034778 neg 0.2866556950963204	false	0.0
torheit	neg 1.0		off 0.384464352632769 __DUMMY__ 0.32793577115772987 neg 0.28759987620950095	false	0.5
dreckskind	off 1.0		off 0.3983501923782757 __DUMMY__ 0.32158661020581547 neg 0.28006319741590874	false	1.0
umtauschen	neg 1.0		off 0.3829999842627797 __DUMMY__ 0.32936631459820764 neg 0.2876337011390127	false	0.5
zum			off 0.3776273349183891 __DUMMY__ 0.3359581773769568 neg 0.2864144877046541	false	0.0
zersetzen	neg 1.0		off 0.3782179172809232 __DUMMY__ 0.3305201319845374 neg 0.2912619507345395	false	0.5
zur			off 0.37633214261518666 __DUMMY__ 0.3344128441610102 neg 0.28925501322380304	false	0.0
frust	neg 1.0		off 0.38087757089414676 __DUMMY__ 0.32970526392875754 neg 0.2894171651770956	false	0.5
unerbittlichkeit	neg 1.0		off 0.37996079401178223 __DUMMY__ 0.33114761314984964 neg 0.288891592838368	false	0.5
zwei			off 0.3756875511655231 __DUMMY__ 0.33451025029486 neg 0.2898021985396169	false	0.0
unkorrekt	neg 1.0		off 0.3907579603907178 __DUMMY__ 0.32458554022479413 neg 0.284656499384488	false	0.5
hexe	off 1.0		off 0.3873693083065966 __DUMMY__ 0.3252895486978964 neg 0.2873411429955069	false	1.0
lasch	neg 1.0		off 0.38763245408900504 __DUMMY__ 0.32671662614546054 neg 0.28565091976553436	false	0.5
rivale	neg 1.0		off 0.3932014417789818 __DUMMY__ 0.32498663076522005 neg 0.28181192745579803	false	0.5
mutlos	off 1.0	off 1.0	off 0.6801754119602902 neg 0.16044055899248824 __DUMMY__ 0.1593840290472216	false	1.0
wirr	off 1.0		off 0.3927574643923054 __DUMMY__ 0.3236270166514667 neg 0.2836155189562278	false	1.0
jahr			off 0.38117262652180633 __DUMMY__ 0.3337287797733251 neg 0.2850985937048686	false	0.0
wird			off 0.3807719757118368 __DUMMY__ 0.33069957438403397 neg 0.28852844990412924	false	0.0
strafbar	neg 1.0		off 0.37937478816038694 __DUMMY__ 0.3307152396163032 neg 0.2899099722233098	false	0.5
erosion	neg 1.0		off 0.3842103945165424 __DUMMY__ 0.3293538204150107 neg 0.2864357850684469	false	0.5
eingehen	neg 1.0		off 0.37894302974715177 __DUMMY__ 0.33003144030901377 neg 0.29102552994383435	false	0.5
faul	off 1.0		off 0.38840596376255 __DUMMY__ 0.32734918911407146 neg 0.28424484712337855	false	1.0
provisorium	neg 1.0		off 0.37305347002875333 __DUMMY__ 0.3363219350222331 neg 0.29062459494901366	false	0.5
schmerzen	neg 1.0		off 0.38125084282853966 __DUMMY__ 0.32848210942787626 neg 0.29026704774358414	false	0.5
schrumpfen	neg 1.0		off 0.3744857605725474 __DUMMY__ 0.33229287216031655 neg 0.293221367267136	false	0.5
geistlos	off 1.0		off 0.38537163736508884 __DUMMY__ 0.3261124117631504 neg 0.28851595087176085	false	1.0
fehlkauf	neg 1.0		off 0.3862271603015417 __DUMMY__ 0.32757839269382527 neg 0.286194447004633	false	0.5
frustrierend	neg 1.0		off 0.3869894739300315 __DUMMY__ 0.32668590978613743 neg 0.286324616283831	false	0.5
unzufrieden	neg 1.0		off 0.3810588363136589 __DUMMY__ 0.33006766917535724 neg 0.2888734945109839	false	0.5
verzweifeln	neg 1.0		off 0.38243303881294427 __DUMMY__ 0.3295702145250657 neg 0.28799674666199004	false	0.5
verzweifelt	neg 1.0		off 0.3844253768459437 __DUMMY__ 0.3279984338126512 neg 0.2875761893414051	false	0.5
misstrauensantrag	neg 1.0		off 0.3855405363321842 __DUMMY__ 0.327704394261725 neg 0.2867550694060908	false	0.5
abfallen	neg 1.0		off 0.3835779159995265 __DUMMY__ 0.32882587002260394 neg 0.28759621397786955	false	0.5
fucker	off 1.0		off 0.3927593248396759 __DUMMY__ 0.3255612004830631 neg 0.2816794746772612	false	1.0
ungezogen	neg 1.0		off 0.39937328650724885 __DUMMY__ 0.32110264496855434 neg 0.2795240685241968	false	0.5
irrsinnig	neg 1.0	neg 1.0	neg 0.6292415204974771 off 0.21228245818613062 __DUMMY__ 0.15847602131639227	false	1.0
unfassbar	neg 1.0		off 0.3896264774448532 __DUMMY__ 0.3260686998481407 neg 0.28430482270700597	false	0.5
hart	neg 1.0		off 0.3893628654445465 __DUMMY__ 0.3248863725690479 neg 0.2857507619864055	false	0.5
widerlich	off 1.0		off 0.3897236532541964 __DUMMY__ 0.32525103937352207 neg 0.28502530737228154	false	1.0
fatal	neg 1.0	neg 1.0	neg 0.6298802226728775 off 0.21275498215111524 __DUMMY__ 0.15736479517600724	false	1.0
bruch	neg 1.0		off 0.3765994239605381 __DUMMY__ 0.3322642311276657 neg 0.2911363449117962	false	0.5
aushungern	neg 1.0		off 0.38132496127576 __DUMMY__ 0.32861509892571916 neg 0.2900599397985209	false	0.5
anspannung	neg 1.0		off 0.37572787701301713 __DUMMY__ 0.33442936340925444 neg 0.2898427595777285	false	0.5
von			off 0.379232473679789 __DUMMY__ 0.3327314474766412 neg 0.28803607884356985	false	0.0
kraftlos	neg 1.0		off 0.38032426241505196 __DUMMY__ 0.3300502913761158 neg 0.28962544620883235	false	0.5
vom			off 0.37467881986853757 __DUMMY__ 0.3373119935674142 neg 0.2880091865640483	false	0.0
grenzdebil	off 1.0		off 0.38954809117289785 __DUMMY__ 0.32542383464216096 neg 0.2850280741849411	false	1.0
vor			off 0.37700273010159724 __DUMMY__ 0.3323101635128888 neg 0.29068710638551404	false	0.0
unterwerfen	neg 1.0		off 0.38041547357421124 __DUMMY__ 0.33082214354671163 neg 0.28876238287907713	false	0.5
versenkung	neg 1.0		off 0.37999870016715676 __DUMMY__ 0.3313041774549261 neg 0.2886971223779171	false	0.5
entziehen	neg 1.0		off 0.3777108855088039 __DUMMY__ 0.331809061482177 neg 0.2904800530090192	false	0.5
finanzkrise	neg 1.0		off 0.38049671545809644 __DUMMY__ 0.3260217691199879 neg 0.29348151542191564	false	0.5
schimpfend	neg 1.0		off 0.3853132295642362 __DUMMY__ 0.3296064599558581 neg 0.28508031047990573	false	0.5
profan	neg 1.0		off 0.38566419046983 __DUMMY__ 0.32753188832572727 neg 0.28680392120444276	false	0.5
korruption	neg 1.0		off 0.3804554207455802 __DUMMY__ 0.32853304204464595 neg 0.29101153720977385	false	0.5
â			off 0.3810298151461292 __DUMMY__ 0.33058227461136896 neg 0.2883879102425018	false	0.0
schmutzig	neg 1.0		off 0.38981554918401107 __DUMMY__ 0.3255061114120613 neg 0.2846783394039278	false	0.5
sexy	neg 1.0		off 0.3880151269427638 __DUMMY__ 0.32766996105222834 neg 0.2843149120050078	false	0.5
abraten	neg 1.0		off 0.38591502759367474 __DUMMY__ 0.32852181135690584 neg 0.28556316104941937	false	0.5
schwarz	neg 1.0		off 0.3861311314675245 __DUMMY__ 0.32814432446670455 neg 0.2857245440657711	false	0.5
fotze	off 1.0	off 1.0	off 0.681643603157945 __DUMMY__ 0.16017683635619384 neg 0.1581795604858611	false	1.0
verwirren	neg 1.0		off 0.3861260972907685 __DUMMY__ 0.3276579537160852 neg 0.28621594899314623	false	0.5
zahnlos	off 1.0		off 0.3816794717920942 __DUMMY__ 0.3292982977305686 neg 0.2890222304773372	false	1.0
verheeren	neg 1.0		off 0.401119145310942 __DUMMY__ 0.32099182111552793 neg 0.2778890335735299	false	0.5
hippie	neg 1.0		off 0.38753410198569416 __DUMMY__ 0.3276437812164179 neg 0.284822116797888	false	0.5
rammen	neg 1.0		off 0.3857552153568562 __DUMMY__ 0.3301225703773042 neg 0.2841222142658396	false	0.5
unlauter	neg 1.0		off 0.3858693653661521 __DUMMY__ 0.32790123638035057 neg 0.2862293982534974	false	0.5
unheilvoll	neg 1.0		off 0.38412343474657734 __DUMMY__ 0.3277130837844381 neg 0.28816348146898463	false	0.5
niedrig	neg 1.0		off 0.3805417055508631 __DUMMY__ 0.3301705974053389 neg 0.289287697043798	false	0.5
explosion	neg 1.0		off 0.38771622801183725 __DUMMY__ 0.3279547210938477 neg 0.2843290508943152	false	0.5
weichei	off 1.0	off 1.0	off 0.6879239622313571 neg 0.15694987213543934 __DUMMY__ 0.15512616563320356	false	1.0
minusmensch	off 1.0		off 0.40104310862524395 __DUMMY__ 0.32114659731070155 neg 0.2778102940640545	false	1.0
farblos	neg 1.0		off 0.38577376405174596 __DUMMY__ 0.329167504247648 neg 0.285058731700606	false	0.5
unwissend	neg 1.0	neg 1.0	neg 0.6283609334145266 off 0.21439627476830977 __DUMMY__ 0.15724279181716347	false	1.0
traurig	neg 1.0		off 0.39217479137542066 __DUMMY__ 0.3246971321348941 neg 0.28312807648968524	false	0.5
senkung	neg 1.0		off 0.38483555921683454 __DUMMY__ 0.32545610352750076 neg 0.2897083372556647	false	0.5
ungleich	neg 1.0	neg 1.0	neg 0.6303090255448989 off 0.20999926055650475 __DUMMY__ 0.1596917138985963	false	1.0
heikel	neg 1.0		off 0.3789283985332854 __DUMMY__ 0.33085149375307504 neg 0.2902201077136396	false	0.5
drosselung	neg 1.0		off 0.389814260475448 __DUMMY__ 0.3250547710232402 neg 0.28513096850131187	false	0.5
falsch	neg 1.0		off 0.3877955754070731 __DUMMY__ 0.32715377891913355 neg 0.2850506456737934	false	0.5
unzufriedenheit	neg 1.0		off 0.3783010526471377 __DUMMY__ 0.33049844905954306 neg 0.29120049829331923	false	0.5
kurz	neg 1.0		off 0.3820015741389064 __DUMMY__ 0.3307966006608426 neg 0.287201825200251	false	0.5
unsinnig	neg 1.0		off 0.3817372276961929 __DUMMY__ 0.3284731130607256 neg 0.2897896592430815	false	0.5
penner	off 1.0	off 1.0	off 0.6891978841644818 neg 0.15586752058856554 __DUMMY__ 0.1549345952469526	false	1.0
seicht	neg 1.0		off 0.3967582898485853 __DUMMY__ 0.3196506059944853 neg 0.28359110415692934	false	0.5
dummheit	off 1.0	off 1.0	off 0.6832119655262177 neg 0.15913737080723933 __DUMMY__ 0.1576506636665429	false	1.0
unerfreulich	neg 1.0		off 0.3788439188353811 __DUMMY__ 0.33122591826884584 neg 0.28993016289577295	false	0.5
motherfucker	off 1.0	off 1.0	off 0.6865847328466542 __DUMMY__ 0.15694883564764825 neg 0.15646643150569758	false	1.0
pikiert	neg 1.0		off 0.38836950390068176 __DUMMY__ 0.32547893834713304 neg 0.28615155775218537	false	0.5
wrack	neg 1.0		off 0.3843982348738476 __DUMMY__ 0.33294080852254676 neg 0.2826609566036055	false	0.5
gangster	neg 1.0		off 0.387651824723787 __DUMMY__ 0.3274368460249851 neg 0.2849113292512278	false	0.5
krank	neg 1.0		off 0.3900439183572052 __DUMMY__ 0.32587401825837414 neg 0.2840820633844206	false	0.5
reich	neg 1.0		off 0.3872591791896873 __DUMMY__ 0.3258231321562674 neg 0.28691768865404554	false	0.5
gnadenlos	neg 1.0		off 0.38487689422965987 __DUMMY__ 0.32896048034424574 neg 0.2861626254260943	false	0.5
niedergeschlagen	neg 1.0		off 0.38148401440911994 __DUMMY__ 0.3307841008078343 neg 0.28773188478304573	false	0.5
terrorisieren	off 1.0	off 1.0	off 0.6797083922598555 neg 0.16037741922741142 __DUMMY__ 0.15991418851273306	false	1.0
sinnlosigkeit	neg 1.0		off 0.3814055975620503 __DUMMY__ 0.3296906150704108 neg 0.2889037873675388	false	0.5
behindern	neg 1.0		off 0.38322363732262704 __DUMMY__ 0.32893535008753044 neg 0.2878410125898427	false	0.5
undemokratisch	neg 1.0		off 0.38546180815087094 __DUMMY__ 0.3272323585253584 neg 0.28730583332377085	false	0.5
wirtschaftskrise	neg 1.0		off 0.3798386238266337 __DUMMY__ 0.328330852336062 neg 0.29183052383730423	false	0.5
neid	neg 1.0		off 0.38644307172104586 __DUMMY__ 0.3267787147924846 neg 0.2867782134864694	false	0.5
rutschen	neg 1.0		off 0.3751175451904896 __DUMMY__ 0.33431625976322404 neg 0.29056619504628617	false	0.5
rezession	neg 1.0		off 0.3901576889015985 __DUMMY__ 0.3218382475467588 neg 0.2880040635516426	false	0.5
fehlgeburt	neg 1.0		off 0.3852674882304016 __DUMMY__ 0.3300559151581801 neg 0.28467659661141814	false	0.5
charakterschwach	off 1.0		off 0.3889363225861837 __DUMMY__ 0.3251639818335081 neg 0.2858996955803083	false	1.0
isolation	neg 1.0		off 0.3887361532896291 __DUMMY__ 0.32814833900812446 neg 0.2831155077022465	false	0.5
ablenkung	neg 1.0		off 0.383495692215207 __DUMMY__ 0.3295498297121403 neg 0.2869544780726526	false	0.5
pech	neg 1.0		off 0.3876399911343346 __DUMMY__ 0.326522891832215 neg 0.28583711703345027	false	0.5
vermeidung	neg 1.0		off 0.3898474312868666 __DUMMY__ 0.3255466521644737 neg 0.2846059165486597	false	0.5
dominieren	neg 1.0		off 0.38252455705762367 __DUMMY__ 0.33019337690614464 neg 0.28728206603623174	false	0.5
schwindlig	neg 1.0		off 0.3851972538169976 __DUMMY__ 0.3275872896584265 neg 0.287215456524576	false	0.5
lutscher	neg 1.0		off 0.3994726255541582 __DUMMY__ 0.31962131641650493 neg 0.2809060580293368	false	0.5
pflicht	neg 1.0		off 0.37792757153875906 __DUMMY__ 0.33189288520801763 neg 0.2901795432532233	false	0.5
faschist	off 1.0		off 0.38707060669172494 __DUMMY__ 0.3266768841254204 neg 0.28625250918285455	false	1.0
verschleudern	neg 1.0		off 0.3789943430914176 __DUMMY__ 0.3293819391169686 neg 0.2916237177916138	false	0.5
wenn			off 0.38810800323884626 __DUMMY__ 0.32636501234041865 neg 0.28552698442073504	false	0.0
ehebruch	neg 1.0		off 0.3798032207428478 __DUMMY__ 0.3294103667345354 neg 0.2907864125226168	false	0.5
spott	off 1.0		off 0.38083148158142077 __DUMMY__ 0.33068917090086325 neg 0.28847934751771603	false	1.0
trostlosigkeit	neg 1.0		off 0.3765701856790449 __DUMMY__ 0.33044901824254025 neg 0.292980796078415	false	0.5
lutschen	neg 1.0		off 0.38905756632147936 __DUMMY__ 0.3278412306983354 neg 0.28310120298018526	false	0.5
undiszipliniert	neg 1.0		off 0.39120644034236846 __DUMMY__ 0.32473402119028166 neg 0.28405953846735	false	0.5
kopfschmerz	neg 1.0		off 0.37871285142855865 __DUMMY__ 0.32878574404712924 neg 0.2925014045243121	false	0.5
unvorhergesehen	neg 1.0		off 0.37900782398262955 __DUMMY__ 0.33256366910575297 neg 0.2884285069116174	false	0.5
desinteressiert	neg 1.0		off 0.39050113054101326 __DUMMY__ 0.3249581836359497 neg 0.28454068582303693	false	0.5
armselig	off 1.0		off 0.3928593585148361 __DUMMY__ 0.3240486018711703 neg 0.2830920396139937	false	1.0
desaster	neg 1.0		off 0.3763679216780013 __DUMMY__ 0.3311032445114945 neg 0.29252883381050415	false	0.5
tod	neg 1.0		off 0.38015143954700786 __DUMMY__ 0.3309392923449618 neg 0.2889092681080302	false	0.5
herzlos	neg 1.0		off 0.3922498242507924 __DUMMY__ 0.3242117389401339 neg 0.28353843680907365	false	0.5
unwissenheit	neg 1.0		off 0.38095085855744104 __DUMMY__ 0.32968615356123576 neg 0.2893629878813231	false	0.5
widersinnig	neg 1.0		off 0.3815871812483202 __DUMMY__ 0.32808211011553906 neg 0.2903307086361408	false	0.5
bedenklich	neg 1.0		off 0.3798541407839486 __DUMMY__ 0.32983911735352195 neg 0.29030674186252947	false	0.5
beanstanden	neg 1.0		off 0.3791796121597481 __DUMMY__ 0.33218912707350423 neg 0.28863126076674755	false	0.5
panisch	neg 1.0		off 0.3860953527365456 __DUMMY__ 0.3288277544908071 neg 0.2850768927726473	false	0.5
debil	off 1.0		off 0.3732686803786091 __DUMMY__ 0.3352815775175062 neg 0.29144974210388475	false	1.0
abstrich	neg 1.0		off 0.38410076875211036 __DUMMY__ 0.3313410855122984 neg 0.284558145735591	false	0.5
primitiv	neg 1.0		off 0.39056810445179757 __DUMMY__ 0.3248601139352452 neg 0.2845717816129573	false	0.5
abschaum	off 1.0	off 1.0	off 0.6853642102213071 __DUMMY__ 0.15760160328031084 neg 0.15703418649838202	false	1.0
provozieren	neg 1.0		off 0.3840532525214666 __DUMMY__ 0.32806344384648234 neg 0.28788330363205117	false	0.5
tot	neg 1.0		off 0.3823514006241381 __DUMMY__ 0.3306376178734649 neg 0.2870109815023969	false	0.5
instabil	neg 1.0		off 0.39316640205806436 __DUMMY__ 0.32373042978302485 neg 0.28310316815891073	false	0.5
schwuchtel	off 1.0	off 1.0	off 0.6935718712775477 neg 0.15326343997139827 __DUMMY__ 0.153164688751054	false	1.0
zerren	neg 1.0		off 0.3812801751287353 __DUMMY__ 0.33070325075663876 neg 0.28801657411462606	false	0.5
kinderficker	off 1.0		off 0.3953573266293168 __DUMMY__ 0.3229710974881044 neg 0.28167157588257885	false	1.0
gefahr	neg 1.0		off 0.37901928269199225 __DUMMY__ 0.33220109646328205 neg 0.2887796208447257	false	0.5
rabiat	neg 1.0		off 0.38201319041169035 __DUMMY__ 0.3286579141776235 neg 0.28932889541068624	false	0.5
verlangsamung	neg 1.0		off 0.39718054051940216 __DUMMY__ 0.32206809762439453 neg 0.2807513618562032	false	0.5
ausgestorben	neg 1.0		off 0.3823423684653536 __DUMMY__ 0.32964596523234396 neg 0.2880116663023026	false	0.5
anklagen	neg 1.0		off 0.3817095457434893 __DUMMY__ 0.3293440720080291 neg 0.28894638224848157	false	0.5
trott	neg 1.0		off 0.3838755618735679 __DUMMY__ 0.3293235248871568 neg 0.2868009132392752	false	0.5
verminderung	neg 1.0		off 0.3896435771284891 __DUMMY__ 0.32527149056302607 neg 0.2850849323084848	false	0.5
nach			off 0.374423978303894 __DUMMY__ 0.3354803882629582 neg 0.2900956334331479	false	0.0
rost	neg 1.0		off 0.3994315220495603 __DUMMY__ 0.3226382884425511 neg 0.2779301895078886	false	0.5
destruktiv	neg 1.0		off 0.38252031848580426 __DUMMY__ 0.3281140662910675 neg 0.28936561522312815	false	0.5
unzumutbarkeit	neg 1.0		off 0.3918079521040367 __DUMMY__ 0.3274913042823284 neg 0.2807007436136349	false	0.5
labil	off 1.0	off 1.0	off 0.6848637189435434 __DUMMY__ 0.1576333543287231 neg 0.1575029267277334	false	1.0
ziemlich	neg 1.0		off 0.3897795697855277 __DUMMY__ 0.326659952082586 neg 0.2835604781318864	false	0.5
lachnummer	off 1.0		off 0.3839520139482744 __DUMMY__ 0.32874493835974145 neg 0.2873030476919842	false	1.0
oder			off 0.38468800868710107 __DUMMY__ 0.3295351520677862 neg 0.2857768392451126	false	0.0
verfall	neg 1.0		off 0.37439019436217624 __DUMMY__ 0.33203396781225386 neg 0.2935758378255699	false	0.5
ausgrenzung	neg 1.0		off 0.38554625921429 __DUMMY__ 0.3273930534670242 neg 0.2870606873186857	false	0.5
unordnung	neg 1.0		off 0.39555627655704034 __DUMMY__ 0.325329505623355 neg 0.2791142178196046	false	0.5
fehlverhalten	neg 1.0		off 0.37935176818672545 __DUMMY__ 0.3306965675396215 neg 0.28995166427365315	false	0.5
eine			off 0.3774700782115942 __DUMMY__ 0.33188290450501434 neg 0.29064701728339154	false	0.0
nille	neg 1.0		off 0.3844241992152325 __DUMMY__ 0.3293583510728345 neg 0.2862174497119329	false	0.5
qual	neg 1.0		off 0.3834479629402776 __DUMMY__ 0.3293739041985126 neg 0.28717813286120986	false	0.5
verschwenden	neg 1.0		off 0.3785563894550707 __DUMMY__ 0.33021068346788446 neg 0.29123292707704485	false	0.5
riesig	neg 1.0		off 0.38127618606247893 __DUMMY__ 0.33213215879951147 neg 0.2865916551380096	false	0.5
verurteilen	neg 1.0		off 0.38113715075682797 __DUMMY__ 0.3292216453200646 neg 0.28964120392310744	false	0.5
klischee	neg 1.0	neg 1.0	neg 0.6286196812384435 off 0.2138732934323007 __DUMMY__ 0.15750702532925576	false	1.0
diktatorisch	neg 1.0		off 0.3851152979691789 __DUMMY__ 0.32673335998949743 neg 0.2881513420413236	false	0.5
vorhersehbar	neg 1.0		off 0.385693476687031 __DUMMY__ 0.32636174119479056 neg 0.2879447821181784	false	0.5
sowie			off 0.39396866585309553 __DUMMY__ 0.3224391383750576 neg 0.28359219577184674	false	0.0
stornieren	neg 1.0		off 0.3899403699098249 __DUMMY__ 0.331195905912125 neg 0.27886372417805005	false	0.5
besteuerung	neg 1.0	neg 1.0	neg 0.6309268240033084 off 0.21156656361663384 __DUMMY__ 0.15750661238005778	false	1.0
ungeschminkt	neg 1.0		off 0.3915180808299372 __DUMMY__ 0.3255458031992942 neg 0.2829361159707686	false	0.5
kritisch	neg 1.0		off 0.38121695382390103 __DUMMY__ 0.3300219538511451 neg 0.28876109232495384	false	0.5
schlamperei	off 1.0		off 0.3801796399915353 __DUMMY__ 0.33078808327564596 neg 0.28903227673281867	false	1.0
sucht	neg 1.0	neg 1.0	neg 0.6261372851649314 off 0.2140195672594081 __DUMMY__ 0.1598431475756605	false	1.0
egoistisch	off 1.0	off 1.0	off 0.6884500390920739 __DUMMY__ 0.15593436430543503 neg 0.15561559660249108	false	1.0
ausbeuter	off 1.0		off 0.37812469457338993 __DUMMY__ 0.3296941855852843 neg 0.29218111984132583	false	1.0
arschgeburt	off 1.0		off 0.40453863315854743 __DUMMY__ 0.3186427545936312 neg 0.2768186122478214	false	1.0
schubs	neg 1.0		off 0.3801263113366822 __DUMMY__ 0.329800110933705 neg 0.29007357772961295	false	0.5
unsolide	neg 1.0		off 0.3863107934756217 __DUMMY__ 0.32724125531024023 neg 0.2864479512141382	false	0.5
beschwerde	neg 1.0		off 0.3820085333051517 __DUMMY__ 0.3302768216569649 neg 0.2877146450378832	false	0.5
stocken	neg 1.0		off 0.3809758693398401 __DUMMY__ 0.3308038622510307 neg 0.28822026840912923	false	0.5
isolieren	neg 1.0		off 0.382051732808226 __DUMMY__ 0.33024682331971406 neg 0.28770144387205987	false	0.5
unheilbar	neg 1.0		off 0.382881432401605 __DUMMY__ 0.3281605006308427 neg 0.2889580669675522	false	0.5
pisser	off 1.0	off 1.0	off 0.6877191585717957 __DUMMY__ 0.1572511723602397 neg 0.15502966906796461	false	1.0
löschen	neg 1.0		off 0.3846184205277804 __DUMMY__ 0.32907549778842327 neg 0.28630608168379634	false	0.5
durchfallen	neg 1.0		off 0.38085993969093185 __DUMMY__ 0.32997520461967206 neg 0.2891648556893961	false	0.5
wichser	off 1.0	off 1.0	off 0.6909180548240839 neg 0.15505962521712957 __DUMMY__ 0.15402231995878662	false	1.0
terror	neg 1.0		off 0.38772176667954067 __DUMMY__ 0.3280745502453172 neg 0.28420368307514204	false	0.5
krass	neg 1.0		off 0.39428695119438595 __DUMMY__ 0.3235851282283836 neg 0.2821279205772305	false	0.5
revolte	neg 1.0		off 0.3853796317694807 __DUMMY__ 0.3248190394985805 neg 0.2898013287319388	false	0.5
besorgt	neg 1.0		off 0.3826335532517522 __DUMMY__ 0.33123699615829316 neg 0.2861294505899546	false	0.5
nachlassen	neg 1.0		off 0.3811328517068046 __DUMMY__ 0.33110386993953317 neg 0.2877632783536621	false	0.5
alt	neg 1.0		off 0.3782094080847378 __DUMMY__ 0.3282294228870364 neg 0.29356116902822577	false	0.5
hundesohn	off 1.0	off 1.0	off 0.6913095241616738 __DUMMY__ 0.15517888219295664 neg 0.15351159364536954	false	1.0
als			off 0.381068181806031 __DUMMY__ 0.32952354636644915 neg 0.2894082718275198	false	0.0
abschreckung	neg 1.0		off 0.3783285108571145 __DUMMY__ 0.33084079225781693 neg 0.2908306968850685	false	0.5
unqualifiziert	neg 1.0		off 0.3878381531471446 __DUMMY__ 0.3265302656886185 neg 0.2856315811642369	false	0.5
abgewichst	off 1.0		off 0.3840172388245502 __DUMMY__ 0.329952625263349 neg 0.28603013591210075	false	1.0
schwer	neg 1.0		off 0.38249938109515125 __DUMMY__ 0.32887383278056853 neg 0.2886267861242802	false	0.5
bedeutungslosigkeit	neg 1.0		off 0.37884521061788534 __DUMMY__ 0.330634664864631 neg 0.29052012451748377	false	0.5
kapitulation	neg 1.0		off 0.37964518631416055 __DUMMY__ 0.3287305028910882 neg 0.29162431079475126	false	0.5
unscharf	neg 1.0		off 0.3839154511505612 __DUMMY__ 0.32566386692308447 neg 0.2904206819263545	false	0.5
schwinden	neg 1.0		off 0.3789285586200495 __DUMMY__ 0.3304427496530052 neg 0.2906286917269453	false	0.5
versklavung	neg 1.0	neg 1.0	neg 0.6294578497911684 off 0.21256749692572166 __DUMMY__ 0.15797465328310994	false	1.0
schlecht	neg 1.0		off 0.3900661896677763 __DUMMY__ 0.3267933154239296 neg 0.2831404949082941	false	0.5
verhasst	neg 1.0		off 0.38461622016480057 __DUMMY__ 0.3275822599973069 neg 0.2878015198378927	false	0.5
beschweren	neg 1.0		off 0.3859653514586936 __DUMMY__ 0.328610535952793 neg 0.2854241125885133	false	0.5
scheiden	neg 1.0		off 0.3837760310859666 __DUMMY__ 0.329046260577455 neg 0.2871777083365784	false	0.5
frustriert	neg 1.0		off 0.38217533659116565 __DUMMY__ 0.3297693251674571 neg 0.28805533824137736	false	0.5
schimmelig	neg 1.0		off 0.38018908225042775 __DUMMY__ 0.32952258799197953 neg 0.29028832975759267	false	0.5
fisch	neg 1.0		off 0.37601205190814174 __DUMMY__ 0.3300187428335915 neg 0.29396920525826664	false	0.5
schmuggel	neg 1.0		off 0.37852188325362146 __DUMMY__ 0.33273342336139367 neg 0.288744693384985	false	0.5
auffallen	neg 1.0		off 0.38599428881471876 __DUMMY__ 0.3279113726515619 neg 0.2860943385337194	false	0.5
konkurrenz	neg 1.0		off 0.37945656726941024 __DUMMY__ 0.3320117396534069 neg 0.28853169307718285	false	0.5
teufelskreis	neg 1.0	neg 1.0	neg 0.6309904582085175 off 0.21071108607498945 __DUMMY__ 0.1582984557164931	false	1.0
aufschreien	neg 1.0		off 0.38590303363189465 __DUMMY__ 0.326793145415562 neg 0.28730382095254337	false	0.5
schuldner	neg 1.0		off 0.3779134469309024 __DUMMY__ 0.3296087923841167 neg 0.29247776068498077	false	0.5
missgeburt	off 1.0	off 1.0	off 0.6909956670385191 __DUMMY__ 0.15627021696039353 neg 0.15273411600108733	false	1.0
arbeitslos	neg 1.0		off 0.3808342052264372 __DUMMY__ 0.3300692878582998 neg 0.289096506915263	false	0.5
befallen	neg 1.0		off 0.38209855629015504 __DUMMY__ 0.32860957200175106 neg 0.289291871708094	false	0.5
miesepetrig	off 1.0	off 1.0	off 0.6846369147171293 neg 0.1579650978131965 __DUMMY__ 0.15739798746967418	false	1.0
alarmieren	neg 1.0		off 0.3887783623090117 __DUMMY__ 0.32676966620299397 neg 0.28445197148799434	false	0.5
ungeduscht	off 1.0		off 0.387795795919252 __DUMMY__ 0.3262653712792606 neg 0.28593883280148735	false	1.0
knappheit	neg 1.0		off 0.3805875513888812 __DUMMY__ 0.32894924389242625 neg 0.29046320471869264	false	0.5
schlange	neg 1.0		off 0.38454642828263236 __DUMMY__ 0.32950147387408574 neg 0.28595209784328196	false	0.5
harsch	neg 1.0		off 0.3962520630200051 __DUMMY__ 0.3265074656929036 neg 0.27724047128709123	false	0.5
lang	neg 1.0		off 0.3854105674925486 __DUMMY__ 0.32876980911438897 neg 0.28581962339306244	false	0.5
ziellos	neg 1.0		off 0.37987300196222523 __DUMMY__ 0.3315154515543157 neg 0.2886115464834591	false	0.5
selbstverliebt	neg 1.0		off 0.4015284637811198 __DUMMY__ 0.3201717599614067 neg 0.2782997762574735	false	0.5
beseitigen	neg 1.0		off 0.38618885948416426 __DUMMY__ 0.33170034409076155 neg 0.28211079642507414	false	0.5
dumm	off 1.0		off 0.3959117656600132 __DUMMY__ 0.3222018301948519 neg 0.28188640414513494	false	1.0
arbeitsloser	neg 1.0		off 0.3822469512183414 __DUMMY__ 0.3315142760382841 neg 0.28623877274337456	false	0.5
blitzen	neg 1.0		off 0.38763296527268304 __DUMMY__ 0.32685240286411515 neg 0.28551463186320186	false	0.5
hilflos	neg 1.0		off 0.3808803086458114 __DUMMY__ 0.32994898641946124 neg 0.28917070493472724	false	0.5
eklig	off 1.0		off 0.3958133020412802 __DUMMY__ 0.3212810265410762 neg 0.2829056714176437	false	1.0
begriff			off 0.38276584607690894 __DUMMY__ 0.3288347488842906 neg 0.2883994050388004	false	0.0
hungersnot	neg 1.0		off 0.37980715399926435 __DUMMY__ 0.3281851040988689 neg 0.2920077419018666	false	0.5
ungesetzlich	neg 1.0		off 0.3853352833057214 __DUMMY__ 0.32697573756093995 neg 0.2876889791333385	false	0.5
verschwendung	neg 1.0		off 0.3788282784948594 __DUMMY__ 0.3306423580703035 neg 0.2905293634348369	false	0.5
schmerzvoll	neg 1.0		off 0.38456660940577414 __DUMMY__ 0.32770659217228876 neg 0.28772679842193716	false	0.5
vorzeitig	neg 1.0		off 0.3899741770580637 __DUMMY__ 0.32748733188155127 neg 0.282538491060385	false	0.5
unvollkommenheit	neg 1.0		off 0.3821735585741831 __DUMMY__ 0.32972902845018975 neg 0.28809741297562724	false	0.5
intervenieren	neg 1.0		off 0.37893394757289306 __DUMMY__ 0.3295535566217367 neg 0.29151249580537014	false	0.5
banause	off 1.0		off 0.396354741212289 __DUMMY__ 0.3193620728754569 neg 0.28428318591225404	false	1.0
rebell	neg 1.0		off 0.3754810163299557 __DUMMY__ 0.3322807992782328 neg 0.2922381843918115	false	0.5
unlogisch	neg 1.0		off 0.3917473267741945 __DUMMY__ 0.32446431970911044 neg 0.28378835351669507	false	0.5
leiden	neg 1.0		off 0.37912625530717736 __DUMMY__ 0.3327815770783173 neg 0.2880921676145053	false	0.5
abschaffung	neg 1.0		off 0.38422000860898387 __DUMMY__ 0.3276179173098923 neg 0.2881620740811237	false	0.5
sturz	neg 1.0		off 0.38818575656499726 __DUMMY__ 0.33047010366132046 neg 0.2813441397736823	false	0.5
verkleinerung	neg 1.0		off 0.38702475811294945 __DUMMY__ 0.3255720883951056 neg 0.28740315349194495	false	0.5
schmarotzer	off 1.0		off 0.3813618020940702 __DUMMY__ 0.3292082279931131 neg 0.2894299699128166	false	1.0
bestrafung	neg 1.0	neg 1.0	neg 0.6285681608433035 off 0.21244696249700856 __DUMMY__ 0.158984876659688	false	1.0
achtlos	neg 1.0		off 0.38225606174626153 __DUMMY__ 0.329843074603137 neg 0.28790086365060147	false	0.5
ungeheuer	neg 1.0		off 0.3834497982714751 __DUMMY__ 0.3279992556031629 neg 0.2885509461253619	false	0.5
unaufrichtig	neg 1.0		off 0.3884485428227613 __DUMMY__ 0.32713533646956916 neg 0.28441612070766953	false	0.5
groggy	neg 1.0		off 0.38789042268902946 __DUMMY__ 0.32826821216106417 neg 0.2838413651499065	false	0.5
verletzlich	neg 1.0		off 0.38745368783107964 __DUMMY__ 0.3244987511185469 neg 0.2880475610503734	false	0.5
ablehnen	neg 1.0		off 0.38099983009913324 __DUMMY__ 0.33019120087207837 neg 0.28880896902878855	false	0.5
