unsolidarisch	neg 1.0		off 0.5655812935634652 neg 0.4273379606084497 __DUMMY__ 0.007080745828085093	false	0.5
nachteilig	neg 1.0		off 0.5662440602156763 neg 0.42656746290637443 __DUMMY__ 0.007188476877949319	false	0.5
skeptisch	neg 1.0		off 0.5631080973700453 neg 0.42971999744145206 __DUMMY__ 0.007171905188502603	false	0.5
schrecklich	neg 1.0		off 0.5737134180736863 neg 0.41926940324260165 __DUMMY__ 0.007017178683712226	false	0.5
schlapp	neg 1.0	neg 1.0	neg 0.6940857547110912 off 0.3025551029224698 __DUMMY__ 0.003359142366438912	false	1.0
abfall	neg 1.0		off 0.5615475517341804 neg 0.4312349176126685 __DUMMY__ 0.007217530653150974	false	0.5
widerspenstig	neg 1.0		off 0.5653819601846198 neg 0.4275075398233804 __DUMMY__ 0.007110499991999753	false	0.5
abrupt	neg 1.0		off 0.5622600745534818 neg 0.43057541291609425 __DUMMY__ 0.007164512530423991	false	0.5
unwirksam	neg 1.0		off 0.564016865137209 neg 0.42892143767492047 __DUMMY__ 0.007061697187870658	false	0.5
angreifen	neg 1.0		off 0.562501267849576 neg 0.4303222234891299 __DUMMY__ 0.007176508661293993	false	0.5
inkonsistent	neg 1.0		off 0.5679299597189975 neg 0.42499785546330404 __DUMMY__ 0.007072184817698324	false	0.5
abrutschen	neg 1.0		off 0.5605490592409857 neg 0.43224049202781406 __DUMMY__ 0.007210448731200124	false	0.5
unsicher	neg 1.0		off 0.5674104858698804 neg 0.425455375059836 __DUMMY__ 0.00713413907028365	false	0.5
bauernkind	off 1.0	off 1.0	off 0.7741219691955916 neg 0.22256783455369006 __DUMMY__ 0.003310196250718234	false	1.0
angreifer	neg 1.0		off 0.5729030476954743 neg 0.4199718438153785 __DUMMY__ 0.007125108489147296	false	0.5
trennen	neg 1.0		off 0.5633426877889847 neg 0.4294643062634394 __DUMMY__ 0.007193005947575826	false	0.5
schmutz	neg 1.0		off 0.576281900433313 neg 0.4165315416599916 __DUMMY__ 0.007186557906695483	false	0.5
inkonsistenz	neg 1.0		off 0.5702544989366259 neg 0.4226855559452159 __DUMMY__ 0.007059945118158177	false	0.5
erschreckend	neg 1.0		off 0.5659847888661962 neg 0.42688826580023076 __DUMMY__ 0.007126945333572911	false	0.5
ertrinken	neg 1.0		off 0.561384215224896 neg 0.4314473307770044 __DUMMY__ 0.00716845399809959	false	0.5
pickelface	off 1.0		off 0.5687850163390821 neg 0.4240809401092934 __DUMMY__ 0.0071340435516244576	false	1.0
seiner			off 0.5638170762292077 neg 0.4289962112084493 __DUMMY__ 0.007186712562342975	false	0.0
lauch	neg 1.0	neg 1.0	neg 0.6982302426054827 off 0.29832220560148304 __DUMMY__ 0.0034475517930343228	false	1.0
unwichtig	neg 1.0		off 0.5703072790290453 neg 0.4226305317065759 __DUMMY__ 0.0070621892643788235	false	0.5
steuerhinterziehung	neg 1.0		off 0.5645667383491715 neg 0.4283316758551234 __DUMMY__ 0.007101585795705167	false	0.5
schock	neg 1.0		off 0.5659519312313165 neg 0.42690295776533826 __DUMMY__ 0.007145111003345302	false	0.5
beule	neg 1.0		off 0.5719016870396372 neg 0.42106901506397465 __DUMMY__ 0.007029297896388017	false	0.5
vergelten	neg 1.0		off 0.5762664480666633 neg 0.41670344002301934 __DUMMY__ 0.007030111910317395	false	0.5
verdorbenheit	neg 1.0		off 0.5704919082461986 neg 0.42236525086102805 __DUMMY__ 0.00714284089277335	false	0.5
trauma	neg 1.0		off 0.567950763803946 neg 0.42494464887508204 __DUMMY__ 0.0071045873209719885	false	0.5
sinnlos	neg 1.0		off 0.5686353899504318 neg 0.42426092793243303 __DUMMY__ 0.007103682117135204	false	0.5
fettsack	off 1.0	off 1.0	off 0.7754967702517791 neg 0.22118767903688913 __DUMMY__ 0.003315550711331705	false	1.0
feige	off 1.0	off 1.0	off 0.7725854066075529 neg 0.2240630473988358 __DUMMY__ 0.0033515459936112493	false	1.0
abdanken	neg 1.0		off 0.5669459883733114 neg 0.4259228379696297 __DUMMY__ 0.007131173657058706	false	0.5
wichtigtuer	off 1.0	off 1.0	off 0.7716681939837396 neg 0.22495431601036603 __DUMMY__ 0.00337749000589425	false	1.0
misslingen	neg 1.0		off 0.5723622072015835 neg 0.42047283476933894 __DUMMY__ 0.007164958029077645	false	0.5
untreu	off 1.0		off 0.5713012743634901 neg 0.42164979812805803 __DUMMY__ 0.007048927508451869	false	1.0
missmutig	neg 1.0		off 0.5682478679089091 neg 0.4246924068067826 __DUMMY__ 0.007059725284308297	false	0.5
hurenbock	off 1.0		off 0.5673778339526242 neg 0.4255113379565146 __DUMMY__ 0.007110828090861188	false	1.0
betrunken	neg 1.0		off 0.5727415285757437 neg 0.4202324862887912 __DUMMY__ 0.007025985135465078	false	0.5
korrupt	off 1.0		off 0.5633200446370341 neg 0.4295846803530811 __DUMMY__ 0.007095275009884763	false	1.0
unmut	neg 1.0		off 0.5618285530708059 neg 0.43097866372339133 __DUMMY__ 0.00719278320580283	false	0.5
hackfresse	off 1.0		off 0.5771090228777913 neg 0.4159267754176207 __DUMMY__ 0.006964201704587977	false	1.0
aufblasen	neg 1.0		off 0.5670497456796783 neg 0.4258343724781807 __DUMMY__ 0.007115881842140954	false	0.5
gewaltsam	neg 1.0		off 0.5681760711973196 neg 0.42467868114034385 __DUMMY__ 0.007145247662336519	false	0.5
unbeliebtheit	neg 1.0		off 0.5726462307841544 neg 0.4202909109225117 __DUMMY__ 0.007062858293333786	false	0.5
sturheit	neg 1.0		off 0.5665972495421681 neg 0.42626484506239254 __DUMMY__ 0.007137905395439438	false	0.5
kuh	neg 1.0		off 0.5653312515055584 neg 0.42764981724378187 __DUMMY__ 0.007018931250659773	false	0.5
erschrecken	neg 1.0		off 0.570284511564943 neg 0.4226340319440241 __DUMMY__ 0.007081456491032946	false	0.5
opfer	neg 1.0		off 0.5649230466659866 neg 0.42790741950675437 __DUMMY__ 0.00716953382725919	false	0.5
sinken	neg 1.0		off 0.5615120080299908 neg 0.4313145242838101 __DUMMY__ 0.007173467686198992	false	0.5
stinktier	neg 1.0		off 0.5727943798471276 neg 0.4202580538927313 __DUMMY__ 0.0069475662601412615	false	0.5
tucke	off 1.0		off 0.5768063672329317 neg 0.41628499349841525 __DUMMY__ 0.0069086392686532145	false	1.0
ein			off 0.5647855494069508 neg 0.42810721665379947 __DUMMY__ 0.0071072339392496825	false	0.0
abstieg	neg 1.0		off 0.5680310245920165 neg 0.4247839092786985 __DUMMY__ 0.007185066129285113	false	0.5
missverstehen	neg 1.0		off 0.5686141169377069 neg 0.4243021052266824 __DUMMY__ 0.007083777835610753	false	0.5
ergebnislos	neg 1.0		off 0.5660964950251546 neg 0.42671368013799177 __DUMMY__ 0.007189824836853609	false	0.5
unter			off 0.5598242208244382 neg 0.432892076229368 __DUMMY__ 0.007283702946193794	false	0.0
manipulieren	neg 1.0		off 0.5640114695082827 neg 0.42881203202754736 __DUMMY__ 0.007176498464169876	false	0.5
unbewiesen	neg 1.0		off 0.567039883557034 neg 0.4258637776852081 __DUMMY__ 0.007096338757757717	false	0.5
verschleppen	neg 1.0		off 0.5638470877672127 neg 0.42901725069663016 __DUMMY__ 0.007135661536157227	false	0.5
weib	off 1.0		off 0.5787088268147516 neg 0.41435438079983034 __DUMMY__ 0.00693679238541811	false	1.0
opposition	neg 1.0		off 0.5672252689119733 neg 0.4256896175019514 __DUMMY__ 0.007085113586075268	false	0.5
verkehrswidrig	neg 1.0		off 0.5797096095639555 neg 0.4132259817917117 __DUMMY__ 0.007064408644332853	false	0.5
inkorrekt	neg 1.0		off 0.5726588306153159 neg 0.42033478663041657 __DUMMY__ 0.007006382754267611	false	0.5
vermeiden	neg 1.0		off 0.5622618141728905 neg 0.43049562192802837 __DUMMY__ 0.007242563899081134	false	0.5
abweichung	neg 1.0		off 0.5667645555375939 neg 0.42606792759157047 __DUMMY__ 0.007167516870835539	false	0.5
alkoholisiert	neg 1.0		off 0.5693263313357289 neg 0.42341722112705465 __DUMMY__ 0.007256447537216528	false	0.5
scheiss	off 1.0	off 1.0	off 0.7734981608705096 neg 0.22315705356040785 __DUMMY__ 0.0033447855690824603	false	1.0
herausforderung	neg 1.0		off 0.56556869261354 neg 0.42727437722700207 __DUMMY__ 0.007156930159457862	false	0.5
pervers	off 1.0		off 0.5801791549046705 neg 0.41291278097491435 __DUMMY__ 0.006908064120414962	false	1.0
wackelig	neg 1.0		off 0.5656802761127044 neg 0.42715821812760846 __DUMMY__ 0.007161505759687019	false	0.5
verwickeln	neg 1.0		off 0.5679542778817188 neg 0.4249515111429833 __DUMMY__ 0.00709421097529793	false	0.5
vorwand	neg 1.0		off 0.5624111366188195 neg 0.4304058040820205 __DUMMY__ 0.007183059299159935	false	0.5
muschi	off 1.0		off 0.5686657821122878 neg 0.4241779758285864 __DUMMY__ 0.007156242059125701	false	1.0
entmutigung	neg 1.0		off 0.5660431537560007 neg 0.42690597880637116 __DUMMY__ 0.0070508674376282944	false	0.5
unangemessen	neg 1.0		off 0.5657025222387465 neg 0.4271658445323635 __DUMMY__ 0.0071316332288899114	false	0.5
unstetig	neg 1.0		off 0.5715616870959309 neg 0.4213460662306815 __DUMMY__ 0.007092246673387546	false	0.5
entmutigen	neg 1.0		off 0.5662507638711187 neg 0.42665675632485245 __DUMMY__ 0.007092479804028948	false	0.5
schwanz	neg 1.0		off 0.5667259218961974 neg 0.4261027415847421 __DUMMY__ 0.007171336519060468	false	0.5
verbot	neg 1.0		off 0.5649021370469383 neg 0.4279736443950348 __DUMMY__ 0.0071242185580268165	false	0.5
leid	neg 1.0		off 0.574804250666405 neg 0.4182006708407992 __DUMMY__ 0.006995078492795866	false	0.5
archaisch	neg 1.0		off 0.5650908967679802 neg 0.42778119602940623 __DUMMY__ 0.007127907202613648	false	0.5
gegen			off 0.563568000511674 neg 0.42922405855310664 __DUMMY__ 0.0072079409352194075	false	0.0
scheidung	neg 1.0		off 0.5880845946245212 neg 0.4049673874503528 __DUMMY__ 0.006948017925126045	false	0.5
einschlag	neg 1.0		off 0.5770640902578626 neg 0.4158790336016168 __DUMMY__ 0.007056876140520519	false	0.5
m			off 0.5663868832717022 neg 0.4264527176902506 __DUMMY__ 0.007160399038047187	false	0.0
abgestanden	neg 1.0		off 0.5629119857458029 neg 0.4300342732159347 __DUMMY__ 0.00705374103826231	false	0.5
schmierig	off 1.0		off 0.5741790454530558 neg 0.418827111260152 __DUMMY__ 0.006993843286792173	false	1.0
unpraktisch	neg 1.0		off 0.5687752223501111 neg 0.42410819429707386 __DUMMY__ 0.007116583352815079	false	0.5
wixxer	off 1.0		off 0.5799323872688921 neg 0.41317229630839153 __DUMMY__ 0.0068953164227164385	false	1.0
bezeichnet			off 0.5675760656409228 neg 0.4252982448617827 __DUMMY__ 0.007125689497294709	false	0.0
jammerlappen	off 1.0		off 0.5705629018565521 neg 0.4223768306192423 __DUMMY__ 0.007060267524205728	false	1.0
farce	neg 1.0		off 0.5656901241661372 neg 0.427209945494684 __DUMMY__ 0.007099930339178799	false	0.5
zwecklos	neg 1.0		off 0.5644226069534337 neg 0.42844295266487564 __DUMMY__ 0.007134440381690673	false	0.5
turbulent	neg 1.0		off 0.5735990319663715 neg 0.419352953597738 __DUMMY__ 0.007048014435890411	false	0.5
invasion	neg 1.0		off 0.569382179836353 neg 0.42352088661725007 __DUMMY__ 0.007096933546396865	false	0.5
schuld	neg 1.0		off 0.5676931624313918 neg 0.4252003082361024 __DUMMY__ 0.007106529332505825	false	0.5
risiko	neg 1.0		off 0.5687735338484434 neg 0.42413087712788305 __DUMMY__ 0.007095589023673462	false	0.5
finster	neg 1.0		off 0.5648620645701267 neg 0.42804291336644473 __DUMMY__ 0.007095022063428703	false	0.5
geisteskrank	off 1.0		off 0.5719308716158075 neg 0.42104526563172706 __DUMMY__ 0.00702386275246543	false	1.0
zusammenbrechen	neg 1.0		off 0.5647981923515253 neg 0.4280660704852025 __DUMMY__ 0.0071357371632722304	false	0.5
ausbeute	neg 1.0		off 0.5677159525414982 neg 0.42512768162679176 __DUMMY__ 0.007156365831710021	false	0.5
hinterhalt	neg 1.0		off 0.5663708419150518 neg 0.42648952714935756 __DUMMY__ 0.007139630935590476	false	0.5
kritik	neg 1.0		off 0.5651064210036199 neg 0.4277956695591508 __DUMMY__ 0.0070979094372293485	false	0.5
einschrumpfen	neg 1.0		off 0.5701051203884504 neg 0.42284944147087905 __DUMMY__ 0.00704543814067058	false	0.5
riskant	neg 1.0		off 0.5632222387555449 neg 0.4296096169942144 __DUMMY__ 0.007168144250240611	false	0.5
frustrieren	neg 1.0		off 0.5633594478457474 neg 0.42948999005485833 __DUMMY__ 0.007150562099394196	false	0.5
groll	neg 1.0		off 0.5655409961866106 neg 0.4273131611962958 __DUMMY__ 0.007145842617093624	false	0.5
gibt			off 0.5652164675084309 neg 0.42763202835749303 __DUMMY__ 0.007151504134076097	false	0.0
qualvoll	neg 1.0		off 0.5680611590144589 neg 0.42484869034787087 __DUMMY__ 0.007090150637670196	false	0.5
wackeln	neg 1.0		off 0.5671749434568427 neg 0.42569476177933674 __DUMMY__ 0.007130294763820553	false	0.5
klagen	neg 1.0		off 0.5623913847960528 neg 0.43043189513497715 __DUMMY__ 0.007176720068970139	false	0.5
bankrott	neg 1.0		off 0.572569982484936 neg 0.42033198522467524 __DUMMY__ 0.0070980322903888525	false	0.5
trauern	neg 1.0		off 0.565840688447293 neg 0.42695549722509124 __DUMMY__ 0.0072038143276156145	false	0.5
ablehnung	neg 1.0		off 0.565611090457821 neg 0.42727036096254123 __DUMMY__ 0.007118548579637891	false	0.5
stur	neg 1.0		off 0.5670346184462461 neg 0.42586857074677564 __DUMMY__ 0.007096810806978236	false	0.5
aufruhr	neg 1.0		off 0.5654440112854883 neg 0.4274597432119232 __DUMMY__ 0.007096245502588658	false	0.5
melancholie	neg 1.0		off 0.5615135065029562 neg 0.4313401079390425 __DUMMY__ 0.007146385558001355	false	0.5
ist			off 0.5681861346729555 neg 0.42471110812620744 __DUMMY__ 0.00710275720083707	false	0.0
torheit	neg 1.0		off 0.5672655371346251 neg 0.4256374417850216 __DUMMY__ 0.007097021080353294	false	0.5
dreckskind	off 1.0		off 0.5782044585569276 neg 0.41484267251813517 __DUMMY__ 0.006952868924937256	false	1.0
umtauschen	neg 1.0		off 0.5666615224887891 neg 0.4262095725227688 __DUMMY__ 0.007128904988442023	false	0.5
zum			off 0.5647971217220733 neg 0.4279242856160381 __DUMMY__ 0.007278592661888696	false	0.0
zersetzen	neg 1.0		off 0.5622243819108831 neg 0.43061926438281245 __DUMMY__ 0.007156353706304422	false	0.5
zur			off 0.5625137676467029 neg 0.4302420699360016 __DUMMY__ 0.00724416241729547	false	0.0
frust	neg 1.0		off 0.5645483048878048 neg 0.4283136808181604 __DUMMY__ 0.0071380142940347035	false	0.5
unerbittlichkeit	neg 1.0		off 0.564405977557311 neg 0.4284236120794592 __DUMMY__ 0.007170410363229728	false	0.5
zwei			off 0.5619468206941285 neg 0.4308071691194514 __DUMMY__ 0.007246010186420136	false	0.0
unkorrekt	neg 1.0		off 0.5719711172605026 neg 0.42100827609720237 __DUMMY__ 0.007020606642294892	false	0.5
hexe	off 1.0		off 0.568874395789175 neg 0.424089579980533 __DUMMY__ 0.007036024230291879	false	1.0
lasch	neg 1.0		off 0.5698939562463881 neg 0.423036302265573 __DUMMY__ 0.0070697414880389565	false	0.5
rivale	neg 1.0		off 0.5747839383562353 neg 0.41818654996575305 __DUMMY__ 0.007029511678011643	false	0.5
mutlos	off 1.0	off 1.0	off 0.7689934040771033 neg 0.2276025659422011 __DUMMY__ 0.003404029980695689	false	1.0
wirr	off 1.0		off 0.5735252937589952 neg 0.4194760334015555 __DUMMY__ 0.006998672839449301	false	1.0
jahr			off 0.5672290801255427 neg 0.42554329692297105 __DUMMY__ 0.007227622951486194	false	0.0
wird			off 0.5650308560495773 neg 0.4278086723134334 __DUMMY__ 0.007160471636989263	false	0.0
strafbar	neg 1.0		off 0.5635461577260681 neg 0.4292932358212918 __DUMMY__ 0.007160606452640113	false	0.5
erosion	neg 1.0		off 0.5678930151596915 neg 0.42497730650714016 __DUMMY__ 0.007129678333168378	false	0.5
eingehen	neg 1.0		off 0.5627086180688854 neg 0.4301459256649365 __DUMMY__ 0.007145456266178199	false	0.5
faul	off 1.0		off 0.5711378868588349 neg 0.4217787113002339 __DUMMY__ 0.007083401840931259	false	1.0
provisorium	neg 1.0		off 0.56022099025468 neg 0.43249179610375427 __DUMMY__ 0.007287213641565769	false	0.5
schmerzen	neg 1.0		off 0.5643135050545545 neg 0.42857757882219527 __DUMMY__ 0.00710891612325023	false	0.5
schrumpfen	neg 1.0		off 0.5593396237064233 neg 0.4334642091626508 __DUMMY__ 0.007196167130925913	false	0.5
geistlos	off 1.0		off 0.5671616259662366 neg 0.42578236712785994 __DUMMY__ 0.007056006905903379	false	1.0
fehlkauf	neg 1.0		off 0.568955678066092 neg 0.42395494597555994 __DUMMY__ 0.007089375958347942	false	0.5
frustrierend	neg 1.0		off 0.5692257188639881 neg 0.42370513055852793 __DUMMY__ 0.007069150577483981	false	0.5
unzufrieden	neg 1.0		off 0.564945097504138 neg 0.4279086248354462 __DUMMY__ 0.007146277660415856	false	0.5
verzweifeln	neg 1.0		off 0.5661070654138637 neg 0.4267580377637067 __DUMMY__ 0.007134896822429646	false	0.5
verzweifelt	neg 1.0		off 0.567293557541015 neg 0.42560717096461087 __DUMMY__ 0.007099271494374172	false	0.5
misstrauensantrag	neg 1.0		off 0.5683365046338146 neg 0.4245718497520376 __DUMMY__ 0.007091645614147911	false	0.5
abfallen	neg 1.0		off 0.5669316944084606 neg 0.4259511662870509 __DUMMY__ 0.007117139304488693	false	0.5
fucker	off 1.0		off 0.5746224888914911 neg 0.4183335262047856 __DUMMY__ 0.007043984903723217	false	1.0
ungezogen	neg 1.0		off 0.5790062094859311 neg 0.4140521603892021 __DUMMY__ 0.006941630124866726	false	0.5
irrsinnig	neg 1.0	neg 1.0	neg 0.6959889821196753 off 0.30062680240779155 __DUMMY__ 0.00338421547253314	false	1.0
unfassbar	neg 1.0		off 0.5716381090774038 neg 0.4213068425143798 __DUMMY__ 0.007055048408216441	false	0.5
hart	neg 1.0		off 0.5707203196442175 neg 0.4222528337433185 __DUMMY__ 0.007026846612463903	false	0.5
widerlich	off 1.0		off 0.5712619017333831 neg 0.42170154079320116 __DUMMY__ 0.007036557473415695	false	1.0
fatal	neg 1.0	neg 1.0	neg 0.6961433842504258 off 0.30049655082286997 __DUMMY__ 0.0033600649267043568	false	1.0
bruch	neg 1.0		off 0.5615327874054472 neg 0.43127205979263133 __DUMMY__ 0.007195152801921569	false	0.5
aushungern	neg 1.0		off 0.5643478388840054 neg 0.42853941090058706 __DUMMY__ 0.007112750215407473	false	0.5
anspannung	neg 1.0		off 0.5618976308113338 neg 0.4308582608899661 __DUMMY__ 0.0072441082987001505	false	0.5
von			off 0.5646107404410274 neg 0.42818445680865796 __DUMMY__ 0.007204802750314736	false	0.0
kraftlos	neg 1.0		off 0.5641910678339928 neg 0.4286636783740524 __DUMMY__ 0.007145253791954907	false	0.5
vom			off 0.5625102420234791 neg 0.43018060178832446 __DUMMY__ 0.007309156188196316	false	0.0
grenzdebil	off 1.0		off 0.5711881623807747 neg 0.4217714528055787 __DUMMY__ 0.007040384813646551	false	1.0
vor			off 0.5620120485215168 neg 0.4307909202146437 __DUMMY__ 0.0071970312638396355	false	0.0
unterwerfen	neg 1.0		off 0.5646949344994935 neg 0.4281421707372584 __DUMMY__ 0.007162894763247957	false	0.5
versenkung	neg 1.0		off 0.5645394536867623 neg 0.4282863726691051 __DUMMY__ 0.007174173644132455	false	0.5
entziehen	neg 1.0		off 0.562438490309252 neg 0.4303758003699177 __DUMMY__ 0.007185709320830234	false	0.5
finanzkrise	neg 1.0		off 0.5620339871211768 neg 0.4309123257970931 __DUMMY__ 0.0070536870817302305	false	0.5
schimpfend	neg 1.0		off 0.5692153770589996 neg 0.4236507648943203 __DUMMY__ 0.007133858046680201	false	0.5
profan	neg 1.0		off 0.5683304450419322 neg 0.4245814050324555 __DUMMY__ 0.0070881499256123465	false	0.5
korruption	neg 1.0		off 0.5634135218875687 neg 0.42947553649002507 __DUMMY__ 0.007110941622406368	false	0.5
â			off 0.5652700295532536 neg 0.42757216917716406 __DUMMY__ 0.007157801269582396	false	0.0
schmutzig	neg 1.0		off 0.5715154671556741 neg 0.42144239016410306 __DUMMY__ 0.00704214268022285	false	0.5
sexy	neg 1.0		off 0.5708925024708704 neg 0.4220157278692711 __DUMMY__ 0.007091769659858457	false	0.5
abraten	neg 1.0		off 0.5691788727003616 neg 0.423710668949321 __DUMMY__ 0.007110458350317346	false	0.5
schwarz	neg 1.0		off 0.5691849860947555 neg 0.42371246004231156 __DUMMY__ 0.0071025538629329345	false	0.5
fotze	off 1.0	off 1.0	off 0.770943630494451 neg 0.22563546826828587 __DUMMY__ 0.0034209012372630326	false	1.0
verwirren	neg 1.0		off 0.5688828023976382 neg 0.42402588695816523 __DUMMY__ 0.00709131064419656	false	0.5
zahnlos	off 1.0		off 0.5651391044253408 neg 0.42773201456637827 __DUMMY__ 0.007128881008280932	false	1.0
verheeren	neg 1.0		off 0.5807329725142608 neg 0.4123281678261492 __DUMMY__ 0.006938859659589989	false	0.5
hippie	neg 1.0		off 0.5703644386609729 neg 0.422544263033713 __DUMMY__ 0.0070912983053142255	false	0.5
rammen	neg 1.0		off 0.5699804839517244 neg 0.4228745236673574 __DUMMY__ 0.007144992380918178	false	0.5
unlauter	neg 1.0		off 0.5687490931997794 neg 0.42415503863832565 __DUMMY__ 0.007095868161894914	false	0.5
unheilvoll	neg 1.0		off 0.5668575908537213 neg 0.42605104508795383 __DUMMY__ 0.0070913640583247645	false	0.5
niedrig	neg 1.0		off 0.5645062979704463 neg 0.4283469102062132 __DUMMY__ 0.00714679182334058	false	0.5
explosion	neg 1.0		off 0.570743065873598 neg 0.4221590462753485 __DUMMY__ 0.007097887851053411	false	0.5
weichei	off 1.0	off 1.0	off 0.7744643334517864 neg 0.222224682444145 __DUMMY__ 0.003310984104068567	false	1.0
minusmensch	off 1.0		off 0.5807281262482966 neg 0.4123290324364497 __DUMMY__ 0.006942841315253819	false	1.0
farblos	neg 1.0		off 0.569452686539411 neg 0.42342408201290294 __DUMMY__ 0.007123231447686173	false	0.5
unwissend	neg 1.0	neg 1.0	neg 0.694564707735837 off 0.3020780327515505 __DUMMY__ 0.0033572595126125267	false	1.0
traurig	neg 1.0		off 0.5735215563946182 neg 0.41945468143803616 __DUMMY__ 0.0070237621673457	false	0.5
senkung	neg 1.0		off 0.5662893075644966 neg 0.42667013017809235 __DUMMY__ 0.007040562257410977	false	0.5
ungleich	neg 1.0	neg 1.0	neg 0.6975955755731176 off 0.2989937679471982 __DUMMY__ 0.0034106564796842005	false	1.0
heikel	neg 1.0		off 0.5631712407171141 neg 0.4296648493298276 __DUMMY__ 0.007163909953058122	false	0.5
drosselung	neg 1.0		off 0.5712918518424629 neg 0.42167710483531573 __DUMMY__ 0.007031043322221299	false	0.5
falsch	neg 1.0		off 0.5703508695503319 neg 0.42256942460812663 __DUMMY__ 0.007079705841541438	false	0.5
unzufriedenheit	neg 1.0		off 0.5622912785347395 neg 0.43055273370274555 __DUMMY__ 0.007155987762514937	false	0.5
kurz	neg 1.0		off 0.5664051362773506 neg 0.42643273954027067 __DUMMY__ 0.007162124182378864	false	0.5
unsinnig	neg 1.0		off 0.5647356943641693 neg 0.42815425155343123 __DUMMY__ 0.007110054082399399	false	0.5
penner	off 1.0	off 1.0	off 0.7756289151077134 neg 0.22106417511278256 __DUMMY__ 0.0033069097795040032	false	1.0
seicht	neg 1.0		off 0.5753850187037416 neg 0.4177056940935478 __DUMMY__ 0.006909287202710446	false	0.5
dummheit	off 1.0	off 1.0	off 0.7711008638778611 neg 0.22553288487339904 __DUMMY__ 0.003366251248739854	false	1.0
unerfreulich	neg 1.0		off 0.5633085759899705 neg 0.429519285277602 __DUMMY__ 0.00717213873242745	false	0.5
motherfucker	off 1.0	off 1.0	off 0.7741069382419422 neg 0.2225421008232686 __DUMMY__ 0.0033509609347892352	false	1.0
pikiert	neg 1.0		off 0.5699753467427753 neg 0.42298296734947494 __DUMMY__ 0.007041685907749661	false	0.5
wrack	neg 1.0		off 0.5701633619283714 neg 0.42262783026715556 __DUMMY__ 0.007208807804473216	false	0.5
gangster	neg 1.0		off 0.5703744881920648 neg 0.4225389577439222 __DUMMY__ 0.007086554064012902	false	0.5
krank	neg 1.0		off 0.5719925583416475 neg 0.42095737720737947 __DUMMY__ 0.007050064450973041	false	0.5
reich	neg 1.0		off 0.5690526187851266 neg 0.4239000686861096 __DUMMY__ 0.007047312528763836	false	0.5
gnadenlos	neg 1.0		off 0.5683111152252608 neg 0.42456778803524053 __DUMMY__ 0.007121096739498628	false	0.5
niedergeschlagen	neg 1.0		off 0.565844746250634 neg 0.4269935450190058 __DUMMY__ 0.007161708730360279	false	0.5
terrorisieren	off 1.0	off 1.0	off 0.7688225938445238 neg 0.22776182404915396 __DUMMY__ 0.0034155821063222426	false	1.0
sinnlosigkeit	neg 1.0		off 0.5650880568525494 neg 0.42777436962486204 __DUMMY__ 0.007137573522588516	false	0.5
behindern	neg 1.0		off 0.5666119727601413 neg 0.42626772338637053 __DUMMY__ 0.007120303853488087	false	0.5
undemokratisch	neg 1.0		off 0.567893231222352 neg 0.4250253978111881 __DUMMY__ 0.007081370966459738	false	0.5
wirtschaftskrise	neg 1.0		off 0.5626606540549475 neg 0.4302332243237298 __DUMMY__ 0.007106121621322731	false	0.5
neid	neg 1.0		off 0.568736065920827 neg 0.4241933319639688 __DUMMY__ 0.007070602115204196	false	0.5
rutschen	neg 1.0		off 0.5612350712946993 neg 0.43152329873570094 __DUMMY__ 0.007241629969599755	false	0.5
rezession	neg 1.0		off 0.5697524084470689 neg 0.4232890231015831 __DUMMY__ 0.006958568451348239	false	0.5
fehlgeburt	neg 1.0		off 0.5694236881154684 neg 0.42343320519843203 __DUMMY__ 0.007143106686099618	false	0.5
charakterschwach	off 1.0		off 0.5703764409328415 neg 0.42258913639391227 __DUMMY__ 0.007034422673246231	false	1.0
isolation	neg 1.0		off 0.5719386825477729 neg 0.42095920984223917 __DUMMY__ 0.007102107609987899	false	0.5
ablenkung	neg 1.0		off 0.5672243435065208 neg 0.42564153588393183 __DUMMY__ 0.00713412060954737	false	0.5
pech	neg 1.0		off 0.5698752319890353 neg 0.4230605747179899 __DUMMY__ 0.007064193292974749	false	0.5
vermeidung	neg 1.0		off 0.5716096803989423 neg 0.4213477833145939 __DUMMY__ 0.0070425362864638425	false	0.5
dominieren	neg 1.0		off 0.5665784937723083 neg 0.42627373386825573 __DUMMY__ 0.007147772359436075	false	0.5
schwindlig	neg 1.0		off 0.567933606134233 neg 0.42497772000782164 __DUMMY__ 0.0070886738579454085	false	0.5
lutscher	neg 1.0		off 0.5782531166972968 neg 0.4148387060372863 __DUMMY__ 0.006908177265416905	false	0.5
pflicht	neg 1.0		off 0.5627128329402836 neg 0.43009955147900253 __DUMMY__ 0.007187615580713922	false	0.5
faschist	off 1.0		off 0.5692586107234946 neg 0.42367280958797005 __DUMMY__ 0.007068579688535433	false	1.0
verschleudern	neg 1.0		off 0.5623967544833945 neg 0.4304735217414474 __DUMMY__ 0.007129723775157973	false	0.5
wenn			off 0.5702141686439959 neg 0.4227238179227515 __DUMMY__ 0.007062013433252608	false	0.0
ehebruch	neg 1.0		off 0.5632357436036501 neg 0.42963337391893086 __DUMMY__ 0.0071308824774189445	false	0.5
spott	off 1.0		off 0.5650502035618548 neg 0.42778979946275547 __DUMMY__ 0.007159996975389857	false	1.0
trostlosigkeit	neg 1.0		off 0.5604617113280845 neg 0.43238403515590607 __DUMMY__ 0.007154253516009346	false	0.5
lutschen	neg 1.0		off 0.5720858670069 neg 0.420819647600401 __DUMMY__ 0.007094485392698829	false	0.5
undiszipliniert	neg 1.0		off 0.5725416774995825 neg 0.4204339881649495 __DUMMY__ 0.007024334335468084	false	0.5
kopfschmerz	neg 1.0		off 0.5618328734930422 neg 0.43105170471140447 __DUMMY__ 0.007115421795553164	false	0.5
unvorhergesehen	neg 1.0		off 0.56432108901209 neg 0.42847786257635356 __DUMMY__ 0.007201048411556558	false	0.5
desinteressiert	neg 1.0		off 0.5719167092109366 neg 0.42105349397941716 __DUMMY__ 0.007029796809646084	false	0.5
armselig	off 1.0		off 0.5738407737402851 neg 0.4191498290586451 __DUMMY__ 0.007009397201069914	false	1.0
desaster	neg 1.0		off 0.56061678115092 neg 0.43221365295381586 __DUMMY__ 0.007169565895264334	false	0.5
tod	neg 1.0		off 0.564557638165054 neg 0.42827869998636814 __DUMMY__ 0.007163661848577843	false	0.5
herzlos	neg 1.0		off 0.5733134452400913 neg 0.41967366607934764 __DUMMY__ 0.007012888680561095	false	0.5
unwissenheit	neg 1.0		off 0.5646048105918016 neg 0.42825786905794294 __DUMMY__ 0.007137320350255433	false	0.5
widersinnig	neg 1.0		off 0.5643319010632153 neg 0.4285672325749838 __DUMMY__ 0.007100866361800989	false	0.5
bedenklich	neg 1.0		off 0.5635535294890255 neg 0.4293053766945623 __DUMMY__ 0.007141093816412225	false	0.5
beanstanden	neg 1.0		off 0.5642000498112963 neg 0.4286058436244783 __DUMMY__ 0.007194106564225532	false	0.5
panisch	neg 1.0		off 0.5695620185520796 neg 0.4233208307378945 __DUMMY__ 0.00711715071002584	false	0.5
debil	off 1.0		off 0.5598733590540957 neg 0.43286344401523236 __DUMMY__ 0.007263196930671835	false	1.0
abstrich	neg 1.0		off 0.5690150819346388 neg 0.423813660175417 __DUMMY__ 0.007171257889944219	false	0.5
primitiv	neg 1.0		off 0.571914177686958 neg 0.4210580606841823 __DUMMY__ 0.0070277616288596375	false	0.5
abschaum	off 1.0	off 1.0	off 0.7732287034704091 neg 0.22340617237771399 __DUMMY__ 0.0033651241518768407	false	1.0
provozieren	neg 1.0		off 0.5669282212338647 neg 0.4259710081187933 __DUMMY__ 0.007100770647342162	false	0.5
tot	neg 1.0		off 0.5667186490089902 neg 0.4261249288116779 __DUMMY__ 0.007156422179331857	false	0.5
instabil	neg 1.0		off 0.5740018799271944 neg 0.41899738908409695 __DUMMY__ 0.0070007309887085735	false	0.5
schwuchtel	off 1.0	off 1.0	off 0.7790344326248576 neg 0.21769718530317536 __DUMMY__ 0.0032683820719670016	false	1.0
zerren	neg 1.0		off 0.5655636289002187 neg 0.4272759327341422 __DUMMY__ 0.007160438365639071	false	0.5
kinderficker	off 1.0		off 0.5758298429587951 neg 0.41718580782768405 __DUMMY__ 0.006984349213520628	false	1.0
gefahr	neg 1.0		off 0.5640345779424581 neg 0.4287714693748173 __DUMMY__ 0.0071939526827245765	false	0.5
rabiat	neg 1.0		off 0.5651494480278924 neg 0.427736554682866 __DUMMY__ 0.007113997289241767	false	0.5
verlangsamung	neg 1.0		off 0.5772209292619598 neg 0.4158158793152984 __DUMMY__ 0.006963191422741826	false	0.5
ausgestorben	neg 1.0		off 0.5660613014545886 neg 0.426802347129985 __DUMMY__ 0.0071363514154264215	false	0.5
anklagen	neg 1.0		off 0.5652069283018328 neg 0.4276641233396286 __DUMMY__ 0.007128948358538606	false	0.5
trott	neg 1.0		off 0.5675173224981318 neg 0.4253533349092184 __DUMMY__ 0.007129342592649707	false	0.5
verminderung	neg 1.0		off 0.5712442878786256 neg 0.42171941932749174 __DUMMY__ 0.0070362927938825695	false	0.5
nach			off 0.5611793456190461 neg 0.4315524628682526 __DUMMY__ 0.007268191512701359	false	0.0
rost	neg 1.0		off 0.5799340654471277 neg 0.4130901754947967 __DUMMY__ 0.0069757590580756595	false	0.5
destruktiv	neg 1.0		off 0.5653474740538875 neg 0.4275508387034095 __DUMMY__ 0.007101687242703088	false	0.5
unzumutbarkeit	neg 1.0		off 0.574767952340066 neg 0.4181459689039379 __DUMMY__ 0.007086078755996192	false	0.5
labil	off 1.0	off 1.0	off 0.7727556753804015 neg 0.22387843819551861 __DUMMY__ 0.003365886424079816	false	1.0
ziemlich	neg 1.0		off 0.5721443616772214 neg 0.42078736113953225 __DUMMY__ 0.007068277183246218	false	0.5
lachnummer	off 1.0		off 0.5671959336120929 neg 0.4256878248247212 __DUMMY__ 0.0071162415631859195	false	1.0
oder			off 0.5684819412859773 neg 0.4243845361427281 __DUMMY__ 0.007133522571294776	false	0.0
verfall	neg 1.0		off 0.5590957967665211 neg 0.4337135768855644 __DUMMY__ 0.007190626347914579	false	0.5
ausgrenzung	neg 1.0		off 0.5680788989525875 neg 0.42483619670770667 __DUMMY__ 0.0070849043397059235	false	0.5
unordnung	neg 1.0		off 0.577453576348878 neg 0.415510022270006 __DUMMY__ 0.007036401381116081	false	0.5
fehlverhalten	neg 1.0		off 0.563503578437831 neg 0.42933597934273904 __DUMMY__ 0.0071604422194299295	false	0.5
eine			off 0.5622614536891721 neg 0.4305513750778984 __DUMMY__ 0.00718717123292934	false	0.0
nille	neg 1.0		off 0.568080708893516 neg 0.4247894682781966 __DUMMY__ 0.007129822828287435	false	0.5
qual	neg 1.0		off 0.5670938280856296 neg 0.4257756574952466 __DUMMY__ 0.007130514419123895	false	0.5
verschwenden	neg 1.0		off 0.5624293340581074 neg 0.43042151352987146 __DUMMY__ 0.0071491524120212094	false	0.5
riesig	neg 1.0		off 0.5664353085575285 neg 0.4263732908478283 __DUMMY__ 0.007191400594643202	false	0.5
verurteilen	neg 1.0		off 0.5645159039393919 neg 0.42835731187008436 __DUMMY__ 0.007126784190523743	false	0.5
klischee	neg 1.0	neg 1.0	neg 0.6949504343173244 off 0.3016864293163541 __DUMMY__ 0.0033631363663215387	false	1.0
diktatorisch	neg 1.0		off 0.5672354796543656 neg 0.42569449684872374 __DUMMY__ 0.0070700234969105855	false	0.5
vorhersehbar	neg 1.0		off 0.5676655573819266 neg 0.42527249952361285 __DUMMY__ 0.00706194309446057	false	0.5
sowie			off 0.5741045707011221 neg 0.41892301883531474 __DUMMY__ 0.006972410463563121	false	0.0
stornieren	neg 1.0		off 0.5749415563742123 neg 0.41788865817261983 __DUMMY__ 0.007169785453167869	false	0.5
besteuerung	neg 1.0	neg 1.0	neg 0.697246886954078 off 0.29939037035597105 __DUMMY__ 0.003362742689950988	false	1.0
ungeschminkt	neg 1.0		off 0.5733773711592257 neg 0.41958044528239136 __DUMMY__ 0.0070421835583827095	false	0.5
kritisch	neg 1.0		off 0.5650677130772326 neg 0.42778710739612846 __DUMMY__ 0.007145179526638967	false	0.5
schlamperei	off 1.0		off 0.5644287313554736 neg 0.42840940597387017 __DUMMY__ 0.007161862670656159	false	1.0
sucht	neg 1.0	neg 1.0	neg 0.6934244057055241 off 0.3031625539990747 __DUMMY__ 0.003413040295401198	false	1.0
egoistisch	off 1.0	off 1.0	off 0.7754272798897657 neg 0.22124408693077333 __DUMMY__ 0.0033286331794609453	false	1.0
ausbeuter	off 1.0		off 0.5616382093977147 neg 0.431224130583942 __DUMMY__ 0.007137660018343369	false	1.0
arschgeburt	off 1.0		off 0.5829462047426598 neg 0.41016758205669573 __DUMMY__ 0.006886213200644333	false	1.0
schubs	neg 1.0		off 0.5639120607548395 neg 0.4289495421425588 __DUMMY__ 0.0071383971026016835	false	0.5
unsolide	neg 1.0		off 0.5688088059997642 neg 0.42411030692252927 __DUMMY__ 0.007080887077706655	false	0.5
beschwerde	neg 1.0		off 0.5660547917735156 neg 0.4267950528141718 __DUMMY__ 0.007150155412312607	false	0.5
stocken	neg 1.0		off 0.5652854055238156 neg 0.4275524946508194 __DUMMY__ 0.0071620998253649456	false	0.5
isolieren	neg 1.0		off 0.56608187831645 neg 0.42676894745126687 __DUMMY__ 0.0071491742322832555	false	0.5
unheilbar	neg 1.0		off 0.5657420515016923 neg 0.4271556225444782 __DUMMY__ 0.0071023259538295705	false	0.5
pisser	off 1.0	off 1.0	off 0.7754309622697882 neg 0.22121195493928206 __DUMMY__ 0.0033570827909297097	false	1.0
löschen	neg 1.0		off 0.5681369503468249 neg 0.4247394804573827 __DUMMY__ 0.007123569195792276	false	0.5
durchfallen	neg 1.0		off 0.5646913424737514 neg 0.4281647302279293 __DUMMY__ 0.007143927298319292	false	0.5
wichser	off 1.0	off 1.0	off 0.7768498927903985 neg 0.21986302896211274 __DUMMY__ 0.0032870782474887974	false	1.0
terror	neg 1.0		off 0.5708397292353833 neg 0.42205999094155267 __DUMMY__ 0.007100279823063985	false	0.5
krass	neg 1.0		off 0.5751338166540193 neg 0.41786833176836946 __DUMMY__ 0.006997851577611267	false	0.5
revolte	neg 1.0		off 0.5664285012864838 neg 0.4265449298588603 __DUMMY__ 0.007026568854655885	false	0.5
besorgt	neg 1.0		off 0.5672910315799499 neg 0.42553705242982315 __DUMMY__ 0.007171915990226932	false	0.5
nachlassen	neg 1.0		off 0.5656631977768894 neg 0.42716835009633275 __DUMMY__ 0.007168452126777747	false	0.5
alt	neg 1.0		off 0.5610048265378632 neg 0.4318925730976274 __DUMMY__ 0.00710260036450944	false	0.5
hundesohn	off 1.0	off 1.0	off 0.7778673843722672 neg 0.21882042281926148 __DUMMY__ 0.003312192808471352	false	1.0
als			off 0.5646576562225234 neg 0.42820881900990543 __DUMMY__ 0.007133524767571244	false	0.0
abschreckung	neg 1.0		off 0.5625089775875894 neg 0.43032748875963883 __DUMMY__ 0.007163533652771749	false	0.5
unqualifiziert	neg 1.0		off 0.5699973448766557 neg 0.4229370166579765 __DUMMY__ 0.007065638465367848	false	0.5
abgewichst	off 1.0		off 0.5680141177606204 neg 0.4248426717195369 __DUMMY__ 0.0071432105198428715	false	1.0
schwer	neg 1.0		off 0.565785357133807 neg 0.42709555519476217 __DUMMY__ 0.00711908767143099	false	0.5
bedeutungslosigkeit	neg 1.0		off 0.5629359065569001 neg 0.42990501941315296 __DUMMY__ 0.007159074029947048	false	0.5
kapitulation	neg 1.0		off 0.5626693679540464 neg 0.43021508187474344 __DUMMY__ 0.00711555017121008	false	0.5
unscharf	neg 1.0		off 0.5655088868045297 neg 0.4274465394649017 __DUMMY__ 0.007044573730568446	false	0.5
schwinden	neg 1.0		off 0.5629206845609284 neg 0.429925310995646 __DUMMY__ 0.0071540044434255014	false	0.5
versklavung	neg 1.0	neg 1.0	neg 0.6960081893843161 off 0.3006186453357316 __DUMMY__ 0.003373165279952399	false	1.0
schlecht	neg 1.0		off 0.5725136674560621 neg 0.4204148761581973 __DUMMY__ 0.007071456385740513	false	0.5
verhasst	neg 1.0		off 0.5672344227338217 neg 0.42567582825826766 __DUMMY__ 0.007089749007910658	false	0.5
beschweren	neg 1.0		off 0.5692600879440005 neg 0.42362694620542063 __DUMMY__ 0.007112965850578936	false	0.5
scheiden	neg 1.0		off 0.5672653198567486 neg 0.42561380513857 __DUMMY__ 0.007120875004681579	false	0.5
frustriert	neg 1.0		off 0.5659500347267307 neg 0.4269105203079427 __DUMMY__ 0.0071394449653264915	false	0.5
schimmelig	neg 1.0		off 0.5638396181822468 neg 0.4290287254225503 __DUMMY__ 0.007131656395202868	false	0.5
fisch	neg 1.0		off 0.5597580563849356 neg 0.4330995334207146 __DUMMY__ 0.007142410194349703	false	0.5
schmuggel	neg 1.0		off 0.5638419671806739 neg 0.4289530809011476 __DUMMY__ 0.007204951918178428	false	0.5
auffallen	neg 1.0		off 0.5688911164653401 neg 0.4240118945466531 __DUMMY__ 0.007096988988006904	false	0.5
konkurrenz	neg 1.0		off 0.5643752968351078 neg 0.4284349859090056 __DUMMY__ 0.007189717255886529	false	0.5
teufelskreis	neg 1.0	neg 1.0	neg 0.6976803797012613 off 0.2989391529249113 __DUMMY__ 0.0033804673738273734	false	1.0
aufschreien	neg 1.0		off 0.5681418988027938 neg 0.42478626990106466 __DUMMY__ 0.007071831296141607	false	0.5
schuldner	neg 1.0		off 0.5613842108164135 neg 0.43148064164298683 __DUMMY__ 0.007135147540599491	false	0.5
missgeburt	off 1.0	off 1.0	off 0.7781802509699244 neg 0.21848411142643817 __DUMMY__ 0.0033356376036375165	false	1.0
arbeitslos	neg 1.0		off 0.5647113825621047 neg 0.4281423321573193 __DUMMY__ 0.007146285280576005	false	0.5
befallen	neg 1.0		off 0.5651894015535965 neg 0.42769891014748174 __DUMMY__ 0.007111688298921548	false	0.5
miesepetrig	off 1.0	off 1.0	off 0.7724286075668139 neg 0.2242110833583888 __DUMMY__ 0.0033603090747973113	false	1.0
alarmieren	neg 1.0		off 0.571117887475203 neg 0.4218116829553768 __DUMMY__ 0.007070429569420293	false	0.5
ungeduscht	off 1.0		off 0.5699104861375992 neg 0.42303112019496336 __DUMMY__ 0.007058393667437493	false	1.0
knappheit	neg 1.0		off 0.5638127038256221 neg 0.42906744057786267 __DUMMY__ 0.007119855596515246	false	0.5
schlange	neg 1.0		off 0.5683209304059084 neg 0.4245464497698671 __DUMMY__ 0.007132619824224477	false	0.5
harsch	neg 1.0		off 0.5788618083851574 neg 0.41407431764970665 __DUMMY__ 0.007063873965135977	false	0.5
lang	neg 1.0		off 0.5687909711339102 neg 0.42409224042422555 __DUMMY__ 0.007116788441864234	false	0.5
ziellos	neg 1.0		off 0.5645605505777583 neg 0.4282608180486538 __DUMMY__ 0.007178631373587927	false	0.5
selbstverliebt	neg 1.0		off 0.5806974634037116 neg 0.41238157772279416 __DUMMY__ 0.006920958873494171	false	0.5
beseitigen	neg 1.0		off 0.5712831918642808 neg 0.4215353532481752 __DUMMY__ 0.007181454887544018	false	0.5
dumm	off 1.0		off 0.5759981439237668 neg 0.4170347311068262 __DUMMY__ 0.006967124969407019	false	1.0
arbeitsloser	neg 1.0		off 0.5670061628911789 neg 0.4258152739339838 __DUMMY__ 0.007178563174837338	false	0.5
blitzen	neg 1.0		off 0.5700072115290856 neg 0.42291972314787335 __DUMMY__ 0.007073065323041021	false	0.5
hilflos	neg 1.0		off 0.5647110167031751 neg 0.4281455857541663 __DUMMY__ 0.007143397542658454	false	0.5
eklig	off 1.0		off 0.5753827999972179 neg 0.41767122435213483 __DUMMY__ 0.006945975650647315	false	1.0
begriff			off 0.5660219243709111 neg 0.4268600351356418 __DUMMY__ 0.007118040493447079	false	0.0
hungersnot	neg 1.0		off 0.5625486252312646 neg 0.43034897087643975 __DUMMY__ 0.007102403892295644	false	0.5
ungesetzlich	neg 1.0		off 0.5675943455280156 neg 0.4253300407399973 __DUMMY__ 0.007075613731987121	false	0.5
verschwendung	neg 1.0		off 0.5629466545507033 neg 0.4298940686406832 __DUMMY__ 0.007159276808613516	false	0.5
schmerzvoll	neg 1.0		off 0.5672789508325943 neg 0.42562862474331625 __DUMMY__ 0.007092424424089571	false	0.5
vorzeitig	neg 1.0		off 0.5728285337668476 neg 0.42008527139820345 __DUMMY__ 0.007086194834948856	false	0.5
unvollkommenheit	neg 1.0		off 0.565952782547396 neg 0.42691031231376125 __DUMMY__ 0.007136905138842711	false	0.5
intervenieren	neg 1.0		off 0.5624011773135199 neg 0.43046448031260254 __DUMMY__ 0.007134342373877617	false	0.5
banause	off 1.0		off 0.5748433104559435 neg 0.41825439185505897 __DUMMY__ 0.006902297688997444	false	1.0
rebell	neg 1.0		off 0.56046999459328 neg 0.43233520709112827 __DUMMY__ 0.007194798315591714	false	0.5
unlogisch	neg 1.0		off 0.5729404642395436 neg 0.4200410690518025 __DUMMY__ 0.007018466708653809	false	0.5
leiden	neg 1.0		off 0.5645463768426535 neg 0.42824744815881527 __DUMMY__ 0.0072061749985312335	false	0.5
abschaffung	neg 1.0		off 0.5668493865626453 neg 0.4260607710419919 __DUMMY__ 0.007089842395362723	false	0.5
sturz	neg 1.0		off 0.5726661928531477 neg 0.4201800286074153 __DUMMY__ 0.0071537785394368775	false	0.5
verkleinerung	neg 1.0		off 0.5686135033336217 neg 0.4243433746721324 __DUMMY__ 0.007043121994245859	false	0.5
schmarotzer	off 1.0		off 0.5647535752699665 neg 0.4281197788384714 __DUMMY__ 0.007126645891561966	false	1.0
bestrafung	neg 1.0	neg 1.0	neg 0.6955369511324672 off 0.30106784365116335 __DUMMY__ 0.0033952052163695005	false	1.0
achtlos	neg 1.0		off 0.5660937451239133 neg 0.4267655480195161 __DUMMY__ 0.007140706856570535	false	0.5
