unsolidarisch	neg 1.0		off 0.5655812935634648 neg 0.42733796060845025 __DUMMY__ 0.007080745828085096	false	0.5
nachteilig	neg 1.0		off 0.5662440602156761 neg 0.42656746290637465 __DUMMY__ 0.00718847687794932	false	0.5
skeptisch	neg 1.0		off 0.5631080973700456 neg 0.4297199974414517 __DUMMY__ 0.0071719051885026095	false	0.5
schrecklich	neg 1.0		off 0.5737134180736857 neg 0.41926940324260215 __DUMMY__ 0.007017178683712228	false	0.5
schlapp	neg 1.0	neg 1.0	neg 0.6940857547110911 off 0.30255510292246995 __DUMMY__ 0.0033591423664389025	false	1.0
abfall	neg 1.0		off 0.5615475517341807 neg 0.43123491761266847 __DUMMY__ 0.007217530653150983	false	0.5
widerspenstig	neg 1.0		off 0.5653819601846203 neg 0.4275075398233799 __DUMMY__ 0.007110499991999756	false	0.5
abrupt	neg 1.0		off 0.5622600745534817 neg 0.43057541291609414 __DUMMY__ 0.00716451253042399	false	0.5
unwirksam	neg 1.0		off 0.5640168651372091 neg 0.42892143767492025 __DUMMY__ 0.007061697187870648	false	0.5
angreifen	neg 1.0		off 0.5625012678495762 neg 0.4303222234891298 __DUMMY__ 0.007176508661293987	false	0.5
inkonsistent	neg 1.0		off 0.5679299597189976 neg 0.424997855463304 __DUMMY__ 0.007072184817698317	false	0.5
abrutschen	neg 1.0		off 0.5605490592409862 neg 0.4322404920278136 __DUMMY__ 0.007210448731200122	false	0.5
unsicher	neg 1.0		off 0.56741048586988 neg 0.4254553750598364 __DUMMY__ 0.007134139070283664	false	0.5
bauernkind	off 1.0	off 1.0	off 0.774121969195592 neg 0.22256783455368984 __DUMMY__ 0.0033101962507182353	false	1.0
angreifer	neg 1.0		off 0.5729030476954745 neg 0.41997184381537833 __DUMMY__ 0.007125108489147291	false	0.5
trennen	neg 1.0		off 0.5633426877889844 neg 0.4294643062634397 __DUMMY__ 0.007193005947575826	false	0.5
schmutz	neg 1.0		off 0.5762819004333128 neg 0.4165315416599916 __DUMMY__ 0.007186557906695472	false	0.5
inkonsistenz	neg 1.0		off 0.5702544989366258 neg 0.422685555945216 __DUMMY__ 0.007059945118158172	false	0.5
erschreckend	neg 1.0		off 0.5659847888661953 neg 0.4268882658002318 __DUMMY__ 0.007126945333572908	false	0.5
ertrinken	neg 1.0		off 0.5613842152248962 neg 0.4314473307770041 __DUMMY__ 0.007168453998099578	false	0.5
pickelface	off 1.0		off 0.5687850163390821 neg 0.4240809401092934 __DUMMY__ 0.007134043551624453	false	1.0
seiner			off 0.5638170762292077 neg 0.4289962112084492 __DUMMY__ 0.007186712562342972	false	0.0
lauch	neg 1.0	neg 1.0	neg 0.6982302426054827 off 0.2983222056014829 __DUMMY__ 0.0034475517930343245	false	1.0
unwichtig	neg 1.0		off 0.5703072790290451 neg 0.4226305317065761 __DUMMY__ 0.007062189264378834	false	0.5
steuerhinterziehung	neg 1.0		off 0.564566738349172 neg 0.4283316758551228 __DUMMY__ 0.007101585795705165	false	0.5
schock	neg 1.0		off 0.5659519312313169 neg 0.4269029577653379 __DUMMY__ 0.0071451110033452885	false	0.5
beule	neg 1.0		off 0.5719016870396371 neg 0.42106901506397476 __DUMMY__ 0.007029297896388023	false	0.5
vergelten	neg 1.0		off 0.5762664480666633 neg 0.4167034400230193 __DUMMY__ 0.007030111910317402	false	0.5
verdorbenheit	neg 1.0		off 0.5704919082461987 neg 0.422365250861028 __DUMMY__ 0.007142840892773362	false	0.5
trauma	neg 1.0		off 0.5679507638039462 neg 0.4249446488750819 __DUMMY__ 0.007104587320971972	false	0.5
sinnlos	neg 1.0		off 0.5686353899504317 neg 0.424260927932433 __DUMMY__ 0.0071036821171352035	false	0.5
fettsack	off 1.0	off 1.0	off 0.7754967702517791 neg 0.2211876790368892 __DUMMY__ 0.0033155507113317045	false	1.0
feige	off 1.0	off 1.0	off 0.7725854066075533 neg 0.22406304739883545 __DUMMY__ 0.003351545993611249	false	1.0
abdanken	neg 1.0		off 0.5669459883733118 neg 0.42592283796962954 __DUMMY__ 0.007131173657058712	false	0.5
wichtigtuer	off 1.0	off 1.0	off 0.7716681939837399 neg 0.22495431601036592 __DUMMY__ 0.0033774900058942433	false	1.0
misslingen	neg 1.0		off 0.5723622072015836 neg 0.4204728347693387 __DUMMY__ 0.007164958029077648	false	0.5
untreu	off 1.0		off 0.5713012743634889 neg 0.4216497981280592 __DUMMY__ 0.007048927508451865	false	1.0
missmutig	neg 1.0		off 0.5682478679089089 neg 0.4246924068067827 __DUMMY__ 0.0070597252843083	false	0.5
hurenbock	off 1.0		off 0.5673778339526243 neg 0.4255113379565145 __DUMMY__ 0.0071108280908611845	false	1.0
betrunken	neg 1.0		off 0.5727415285757442 neg 0.42023248628879056 __DUMMY__ 0.00702598513546508	false	0.5
korrupt	off 1.0		off 0.5633200446370344 neg 0.42958468035308073 __DUMMY__ 0.007095275009884763	false	1.0
unmut	neg 1.0		off 0.5618285530708064 neg 0.43097866372339083 __DUMMY__ 0.00719278320580282	false	0.5
hackfresse	off 1.0		off 0.5771090228777914 neg 0.4159267754176207 __DUMMY__ 0.00696420170458797	false	1.0
aufblasen	neg 1.0		off 0.567049745679678 neg 0.425834372478181 __DUMMY__ 0.007115881842140945	false	0.5
gewaltsam	neg 1.0		off 0.5681760711973197 neg 0.4246786811403438 __DUMMY__ 0.007145247662336527	false	0.5
unbeliebtheit	neg 1.0		off 0.5726462307841546 neg 0.42029091092251164 __DUMMY__ 0.007062858293333789	false	0.5
sturheit	neg 1.0		off 0.566597249542168 neg 0.4262648450623927 __DUMMY__ 0.007137905395439445	false	0.5
kuh	neg 1.0		off 0.5653312515055584 neg 0.4276498172437818 __DUMMY__ 0.00701893125065977	false	0.5
erschrecken	neg 1.0		off 0.570284511564943 neg 0.4226340319440241 __DUMMY__ 0.007081456491032948	false	0.5
opfer	neg 1.0		off 0.5649230466659867 neg 0.42790741950675415 __DUMMY__ 0.007169533827259188	false	0.5
sinken	neg 1.0		off 0.5615120080299904 neg 0.4313145242838106 __DUMMY__ 0.007173467686198998	false	0.5
stinktier	neg 1.0		off 0.5727943798471277 neg 0.42025805389273113 __DUMMY__ 0.00694756626014126	false	0.5
tucke	off 1.0		off 0.5768063672329317 neg 0.4162849934984152 __DUMMY__ 0.0069086392686532085	false	1.0
ein			off 0.5647855494069508 neg 0.4281072166537994 __DUMMY__ 0.007107233939249682	false	0.0
abstieg	neg 1.0		off 0.5680310245920165 neg 0.4247839092786985 __DUMMY__ 0.0071850661292851125	false	0.5
missverstehen	neg 1.0		off 0.5686141169377067 neg 0.4243021052266826 __DUMMY__ 0.007083777835610741	false	0.5
ergebnislos	neg 1.0		off 0.5660964950251546 neg 0.4267136801379918 __DUMMY__ 0.0071898248368536056	false	0.5
unter			off 0.5598242208244384 neg 0.4328920762293679 __DUMMY__ 0.007283702946193787	false	0.0
manipulieren	neg 1.0		off 0.5640114695082827 neg 0.4288120320275473 __DUMMY__ 0.007176498464169874	false	0.5
unbewiesen	neg 1.0		off 0.5670398835570353 neg 0.425863777685207 __DUMMY__ 0.007096338757757723	false	0.5
verschleppen	neg 1.0		off 0.5638470877672126 neg 0.4290172506966302 __DUMMY__ 0.007135661536157208	false	0.5
weib	off 1.0		off 0.5787088268147512 neg 0.41435438079983067 __DUMMY__ 0.006936792385418101	false	1.0
opposition	neg 1.0		off 0.5672252689119736 neg 0.4256896175019511 __DUMMY__ 0.007085113586075267	false	0.5
verkehrswidrig	neg 1.0		off 0.5797096095639552 neg 0.4132259817917118 __DUMMY__ 0.007064408644332858	false	0.5
inkorrekt	neg 1.0		off 0.5726588306153156 neg 0.42033478663041685 __DUMMY__ 0.007006382754267627	false	0.5
vermeiden	neg 1.0		off 0.5622618141728903 neg 0.4304956219280285 __DUMMY__ 0.00724256389908115	false	0.5
abweichung	neg 1.0		off 0.5667645555375943 neg 0.42606792759157003 __DUMMY__ 0.007167516870835527	false	0.5
alkoholisiert	neg 1.0		off 0.5693263313357287 neg 0.4234172211270548 __DUMMY__ 0.007256447537216526	false	0.5
scheiss	off 1.0	off 1.0	off 0.7734981608705097 neg 0.2231570535604078 __DUMMY__ 0.003344785569082458	false	1.0
herausforderung	neg 1.0		off 0.5655686926135396 neg 0.42727437722700246 __DUMMY__ 0.007156930159457859	false	0.5
pervers	off 1.0		off 0.5801791549046709 neg 0.4129127809749141 __DUMMY__ 0.006908064120414953	false	1.0
wackelig	neg 1.0		off 0.5656802761127045 neg 0.4271582181276083 __DUMMY__ 0.007161505759687012	false	0.5
verwickeln	neg 1.0		off 0.5679542778817186 neg 0.42495151114298346 __DUMMY__ 0.007094210975297939	false	0.5
vorwand	neg 1.0		off 0.5624111366188198 neg 0.4304058040820202 __DUMMY__ 0.007183059299159945	false	0.5
muschi	off 1.0		off 0.5686657821122877 neg 0.42417797582858663 __DUMMY__ 0.007156242059125718	false	1.0
entmutigung	neg 1.0		off 0.5660431537560009 neg 0.426905978806371 __DUMMY__ 0.007050867437628296	false	0.5
unangemessen	neg 1.0		off 0.5657025222387465 neg 0.4271658445323635 __DUMMY__ 0.007131633228889899	false	0.5
unstetig	neg 1.0		off 0.5715616870959306 neg 0.42134606623068194 __DUMMY__ 0.007092246673387545	false	0.5
entmutigen	neg 1.0		off 0.5662507638711184 neg 0.4266567563248526 __DUMMY__ 0.007092479804028947	false	0.5
schwanz	neg 1.0		off 0.5667259218961974 neg 0.42610274158474204 __DUMMY__ 0.007171336519060475	false	0.5
verbot	neg 1.0		off 0.5649021370469385 neg 0.4279736443950346 __DUMMY__ 0.0071242185580268035	false	0.5
leid	neg 1.0		off 0.5748042506664048 neg 0.4182006708407992 __DUMMY__ 0.006995078492795864	false	0.5
archaisch	neg 1.0		off 0.5650908967679802 neg 0.4277811960294062 __DUMMY__ 0.0071279072026136404	false	0.5
gegen			off 0.5635680005116738 neg 0.4292240585531068 __DUMMY__ 0.007207940935219393	false	0.0
scheidung	neg 1.0		off 0.5880845946245211 neg 0.4049673874503529 __DUMMY__ 0.006948017925126032	false	0.5
einschlag	neg 1.0		off 0.5770640902578629 neg 0.4158790336016165 __DUMMY__ 0.007056876140520512	false	0.5
m			off 0.5663868832717024 neg 0.4264527176902505 __DUMMY__ 0.007160399038047167	false	0.0
abgestanden	neg 1.0		off 0.5629119857458028 neg 0.43003427321593485 __DUMMY__ 0.007053741038262311	false	0.5
schmierig	off 1.0		off 0.5741790454530563 neg 0.4188271112601516 __DUMMY__ 0.006993843286792163	false	1.0
unpraktisch	neg 1.0		off 0.5687752223501109 neg 0.4241081942970739 __DUMMY__ 0.007116583352815082	false	0.5
wixxer	off 1.0		off 0.5799323872688922 neg 0.4131722963083913 __DUMMY__ 0.006895316422716438	false	1.0
bezeichnet			off 0.5675760656409222 neg 0.425298244861783 __DUMMY__ 0.007125689497294728	false	0.0
jammerlappen	off 1.0		off 0.5705629018565525 neg 0.4223768306192419 __DUMMY__ 0.0070602675242057355	false	1.0
farce	neg 1.0		off 0.5656901241661371 neg 0.4272099454946843 __DUMMY__ 0.007099930339178789	false	0.5
zwecklos	neg 1.0		off 0.5644226069534338 neg 0.42844295266487553 __DUMMY__ 0.007134440381690681	false	0.5
turbulent	neg 1.0		off 0.573599031966372 neg 0.41935295359773767 __DUMMY__ 0.0070480144358904115	false	0.5
invasion	neg 1.0		off 0.5693821798363528 neg 0.4235208866172504 __DUMMY__ 0.007096933546396862	false	0.5
schuld	neg 1.0		off 0.5676931624313918 neg 0.4252003082361024 __DUMMY__ 0.0071065293325058175	false	0.5
risiko	neg 1.0		off 0.5687735338484431 neg 0.42413087712788333 __DUMMY__ 0.007095589023673458	false	0.5
finster	neg 1.0		off 0.5648620645701272 neg 0.42804291336644407 __DUMMY__ 0.0070950220634287	false	0.5
geisteskrank	off 1.0		off 0.5719308716158078 neg 0.42104526563172673 __DUMMY__ 0.007023862752465437	false	1.0
zusammenbrechen	neg 1.0		off 0.5647981923515253 neg 0.42806607048520257 __DUMMY__ 0.007135737163272221	false	0.5
ausbeute	neg 1.0		off 0.5677159525414982 neg 0.42512768162679176 __DUMMY__ 0.00715636583171003	false	0.5
hinterhalt	neg 1.0		off 0.5663708419150513 neg 0.4264895271493581 __DUMMY__ 0.007139630935590483	false	0.5
kritik	neg 1.0		off 0.5651064210036201 neg 0.42779566955915066 __DUMMY__ 0.00709790943722934	false	0.5
einschrumpfen	neg 1.0		off 0.5701051203884506 neg 0.4228494414708789 __DUMMY__ 0.0070454381406705666	false	0.5
riskant	neg 1.0		off 0.5632222387555442 neg 0.42960961699421524 __DUMMY__ 0.0071681442502406255	false	0.5
frustrieren	neg 1.0		off 0.5633594478457469 neg 0.4294899900548589 __DUMMY__ 0.00715056209939421	false	0.5
groll	neg 1.0		off 0.5655409961866104 neg 0.42731316119629603 __DUMMY__ 0.007145842617093626	false	0.5
gibt			off 0.5652164675084309 neg 0.42763202835749287 __DUMMY__ 0.007151504134076108	false	0.0
qualvoll	neg 1.0		off 0.5680611590144585 neg 0.4248486903478713 __DUMMY__ 0.0070901506376701996	false	0.5
wackeln	neg 1.0		off 0.567174943456842 neg 0.4256947617793375 __DUMMY__ 0.007130294763820556	false	0.5
klagen	neg 1.0		off 0.5623913847960536 neg 0.4304318951349764 __DUMMY__ 0.007176720068970132	false	0.5
bankrott	neg 1.0		off 0.5725699824849355 neg 0.42033198522467574 __DUMMY__ 0.007098032290388845	false	0.5
trauern	neg 1.0		off 0.5658406884472932 neg 0.42695549722509113 __DUMMY__ 0.00720381432761562	false	0.5
ablehnung	neg 1.0		off 0.5656110904578205 neg 0.4272703609625417 __DUMMY__ 0.0071185485796378895	false	0.5
stur	neg 1.0		off 0.5670346184462455 neg 0.4258685707467762 __DUMMY__ 0.007096810806978247	false	0.5
aufruhr	neg 1.0		off 0.565444011285488 neg 0.42745974321192337 __DUMMY__ 0.007096245502588658	false	0.5
melancholie	neg 1.0		off 0.5615135065029564 neg 0.4313401079390423 __DUMMY__ 0.0071463855580013455	false	0.5
ist			off 0.5681861346729548 neg 0.42471110812620805 __DUMMY__ 0.007102757200837064	false	0.0
torheit	neg 1.0		off 0.5672655371346247 neg 0.42563744178502205 __DUMMY__ 0.007097021080353293	false	0.5
dreckskind	off 1.0		off 0.5782044585569269 neg 0.41484267251813595 __DUMMY__ 0.006952868924937256	false	1.0
umtauschen	neg 1.0		off 0.5666615224887896 neg 0.42620957252276837 __DUMMY__ 0.007128904988442028	false	0.5
zum			off 0.5647971217220726 neg 0.4279242856160386 __DUMMY__ 0.007278592661888696	false	0.0
zersetzen	neg 1.0		off 0.5622243819108828 neg 0.43061926438281284 __DUMMY__ 0.007156353706304425	false	0.5
zur			off 0.5625137676467035 neg 0.4302420699360011 __DUMMY__ 0.0072441624172954735	false	0.0
frust	neg 1.0		off 0.5645483048878048 neg 0.4283136808181604 __DUMMY__ 0.007138014294034689	false	0.5
unerbittlichkeit	neg 1.0		off 0.5644059775573108 neg 0.42842361207945945 __DUMMY__ 0.00717041036322973	false	0.5
zwei			off 0.5619468206941286 neg 0.4308071691194513 __DUMMY__ 0.0072460101864201395	false	0.0
unkorrekt	neg 1.0		off 0.5719711172605024 neg 0.4210082760972027 __DUMMY__ 0.007020606642294895	false	0.5
hexe	off 1.0		off 0.5688743957891752 neg 0.42408957998053287 __DUMMY__ 0.007036024230291882	false	1.0
lasch	neg 1.0		off 0.5698939562463878 neg 0.42303630226557315 __DUMMY__ 0.007069741488038951	false	0.5
rivale	neg 1.0		off 0.5747839383562349 neg 0.4181865499657535 __DUMMY__ 0.00702951167801166	false	0.5
mutlos	off 1.0	off 1.0	off 0.7689934040771033 neg 0.227602565942201 __DUMMY__ 0.0034040299806956864	false	1.0
wirr	off 1.0		off 0.5735252937589947 neg 0.4194760334015559 __DUMMY__ 0.006998672839449308	false	1.0
jahr			off 0.5672290801255431 neg 0.4255432969229709 __DUMMY__ 0.0072276229514861975	false	0.0
wird			off 0.5650308560495768 neg 0.42780867231343395 __DUMMY__ 0.00716047163698927	false	0.0
strafbar	neg 1.0		off 0.5635461577260681 neg 0.42929323582129186 __DUMMY__ 0.007160606452640107	false	0.5
erosion	neg 1.0		off 0.5678930151596913 neg 0.42497730650714044 __DUMMY__ 0.007129678333168387	false	0.5
eingehen	neg 1.0		off 0.5627086180688852 neg 0.43014592566493665 __DUMMY__ 0.0071454562661782	false	0.5
faul	off 1.0		off 0.5711378868588346 neg 0.4217787113002341 __DUMMY__ 0.007083401840931256	false	1.0
provisorium	neg 1.0		off 0.5602209902546801 neg 0.43249179610375416 __DUMMY__ 0.007287213641565761	false	0.5
schmerzen	neg 1.0		off 0.5643135050545537 neg 0.42857757882219605 __DUMMY__ 0.007108916123250232	false	0.5
schrumpfen	neg 1.0		off 0.5593396237064235 neg 0.43346420916265066 __DUMMY__ 0.007196167130925915	false	0.5
geistlos	off 1.0		off 0.5671616259662366 neg 0.42578236712786 __DUMMY__ 0.007056006905903382	false	1.0
fehlkauf	neg 1.0		off 0.5689556780660918 neg 0.4239549459755601 __DUMMY__ 0.007089375958347936	false	0.5
frustrierend	neg 1.0		off 0.5692257188639884 neg 0.42370513055852765 __DUMMY__ 0.00706915057748399	false	0.5
unzufrieden	neg 1.0		off 0.5649450975041375 neg 0.4279086248354467 __DUMMY__ 0.007146277660415855	false	0.5
verzweifeln	neg 1.0		off 0.5661070654138635 neg 0.4267580377637068 __DUMMY__ 0.007134896822429655	false	0.5
verzweifelt	neg 1.0		off 0.5672935575410153 neg 0.4256071709646106 __DUMMY__ 0.0070992714943741405	false	0.5
misstrauensantrag	neg 1.0		off 0.5683365046338138 neg 0.4245718497520384 __DUMMY__ 0.0070916456141479215	false	0.5
abfallen	neg 1.0		off 0.5669316944084598 neg 0.4259511662870515 __DUMMY__ 0.007117139304488691	false	0.5
fucker	off 1.0		off 0.5746224888914907 neg 0.41833352620478603 __DUMMY__ 0.007043984903723212	false	1.0
ungezogen	neg 1.0		off 0.5790062094859306 neg 0.4140521603892026 __DUMMY__ 0.006941630124866744	false	0.5
irrsinnig	neg 1.0	neg 1.0	neg 0.6959889821196755 off 0.3006268024077914 __DUMMY__ 0.003384215472533145	false	1.0
unfassbar	neg 1.0		off 0.5716381090774038 neg 0.42130684251437994 __DUMMY__ 0.007055048408216435	false	0.5
hart	neg 1.0		off 0.5707203196442178 neg 0.4222528337433183 __DUMMY__ 0.0070268466124639075	false	0.5
widerlich	off 1.0		off 0.5712619017333826 neg 0.4217015407932016 __DUMMY__ 0.007036557473415699	false	1.0
fatal	neg 1.0	neg 1.0	neg 0.6961433842504259 off 0.30049655082286986 __DUMMY__ 0.0033600649267043533	false	1.0
bruch	neg 1.0		off 0.5615327874054467 neg 0.4312720597926316 __DUMMY__ 0.007195152801921572	false	0.5
aushungern	neg 1.0		off 0.564347838884005 neg 0.42853941090058756 __DUMMY__ 0.007112750215407477	false	0.5
anspannung	neg 1.0		off 0.5618976308113331 neg 0.4308582608899667 __DUMMY__ 0.007244108298700153	false	0.5
von			off 0.5646107404410272 neg 0.4281844568086581 __DUMMY__ 0.007204802750314733	false	0.0
kraftlos	neg 1.0		off 0.5641910678339925 neg 0.4286636783740525 __DUMMY__ 0.007145253791954902	false	0.5
vom			off 0.5625102420234789 neg 0.43018060178832473 __DUMMY__ 0.00730915618819632	false	0.0
grenzdebil	off 1.0		off 0.5711881623807746 neg 0.4217714528055789 __DUMMY__ 0.007040384813646542	false	1.0
vor			off 0.5620120485215164 neg 0.4307909202146441 __DUMMY__ 0.007197031263839642	false	0.0
unterwerfen	neg 1.0		off 0.5646949344994935 neg 0.42814217073725863 __DUMMY__ 0.0071628947632479695	false	0.5
versenkung	neg 1.0		off 0.5645394536867624 neg 0.42828637266910513 __DUMMY__ 0.00717417364413246	false	0.5
entziehen	neg 1.0		off 0.5624384903092521 neg 0.43037580036991757 __DUMMY__ 0.00718570932083026	false	0.5
finanzkrise	neg 1.0		off 0.5620339871211764 neg 0.4309123257970934 __DUMMY__ 0.007053687081730223	false	0.5
schimpfend	neg 1.0		off 0.5692153770589997 neg 0.4236507648943202 __DUMMY__ 0.007133858046680203	false	0.5
profan	neg 1.0		off 0.5683304450419325 neg 0.42458140503245506 __DUMMY__ 0.0070881499256123465	false	0.5
korruption	neg 1.0		off 0.5634135218875687 neg 0.42947553649002507 __DUMMY__ 0.007110941622406356	false	0.5
â			off 0.5652700295532537 neg 0.42757216917716395 __DUMMY__ 0.007157801269582409	false	0.0
schmutzig	neg 1.0		off 0.5715154671556746 neg 0.4214423901641026 __DUMMY__ 0.00704214268022285	false	0.5
sexy	neg 1.0		off 0.5708925024708701 neg 0.42201572786927144 __DUMMY__ 0.007091769659858445	false	0.5
abraten	neg 1.0		off 0.5691788727003614 neg 0.42371066894932125 __DUMMY__ 0.007110458350317339	false	0.5
schwarz	neg 1.0		off 0.5691849860947558 neg 0.4237124600423114 __DUMMY__ 0.00710255386293293	false	0.5
fotze	off 1.0	off 1.0	off 0.7709436304944509 neg 0.22563546826828604 __DUMMY__ 0.003420901237263029	false	1.0
verwirren	neg 1.0		off 0.5688828023976381 neg 0.42402588695816534 __DUMMY__ 0.007091310644196576	false	0.5
zahnlos	off 1.0		off 0.5651391044253401 neg 0.427732014566379 __DUMMY__ 0.007128881008280922	false	1.0
verheeren	neg 1.0		off 0.5807329725142609 neg 0.41232816782614906 __DUMMY__ 0.006938859659589984	false	0.5
hippie	neg 1.0		off 0.570364438660973 neg 0.4225442630337128 __DUMMY__ 0.007091298305314245	false	0.5
rammen	neg 1.0		off 0.5699804839517243 neg 0.42287452366735745 __DUMMY__ 0.007144992380918184	false	0.5
unlauter	neg 1.0		off 0.5687490931997791 neg 0.4241550386383259 __DUMMY__ 0.007095868161894923	false	0.5
unheilvoll	neg 1.0		off 0.5668575908537212 neg 0.42605104508795383 __DUMMY__ 0.0070913640583247645	false	0.5
niedrig	neg 1.0		off 0.5645062979704463 neg 0.4283469102062131 __DUMMY__ 0.0071467918233405715	false	0.5
explosion	neg 1.0		off 0.5707430658735972 neg 0.4221590462753494 __DUMMY__ 0.007097887851053409	false	0.5
weichei	off 1.0	off 1.0	off 0.7744643334517868 neg 0.22222468244414476 __DUMMY__ 0.0033109841040685644	false	1.0
minusmensch	off 1.0		off 0.5807281262482965 neg 0.4123290324364498 __DUMMY__ 0.006942841315253815	false	1.0
farblos	neg 1.0		off 0.5694526865394112 neg 0.4234240820129027 __DUMMY__ 0.007123231447686173	false	0.5
unwissend	neg 1.0	neg 1.0	neg 0.6945647077358366 off 0.30207803275155076 __DUMMY__ 0.003357259512612528	false	1.0
traurig	neg 1.0		off 0.573521556394619 neg 0.41945468143803527 __DUMMY__ 0.007023762167345699	false	0.5
senkung	neg 1.0		off 0.5662893075644966 neg 0.42667013017809247 __DUMMY__ 0.007040562257410989	false	0.5
ungleich	neg 1.0	neg 1.0	neg 0.6975955755731176 off 0.2989937679471982 __DUMMY__ 0.0034106564796841936	false	1.0
heikel	neg 1.0		off 0.5631712407171144 neg 0.42966484932982746 __DUMMY__ 0.007163909953058118	false	0.5
drosselung	neg 1.0		off 0.5712918518424625 neg 0.4216771048353161 __DUMMY__ 0.00703104332222129	false	0.5
falsch	neg 1.0		off 0.5703508695503314 neg 0.422569424608127 __DUMMY__ 0.007079705841541437	false	0.5
unzufriedenheit	neg 1.0		off 0.5622912785347385 neg 0.4305527337027466 __DUMMY__ 0.007155987762514941	false	0.5
kurz	neg 1.0		off 0.5664051362773501 neg 0.4264327395402711 __DUMMY__ 0.007162124182378864	false	0.5
unsinnig	neg 1.0		off 0.564735694364168 neg 0.42815425155343245 __DUMMY__ 0.0071100540823993905	false	0.5
penner	off 1.0	off 1.0	off 0.7756289151077129 neg 0.22106417511278298 __DUMMY__ 0.0033069097795040037	false	1.0
seicht	neg 1.0		off 0.5753850187037413 neg 0.41770569409354824 __DUMMY__ 0.006909287202710443	false	0.5
dummheit	off 1.0	off 1.0	off 0.771100863877861 neg 0.22553288487339912 __DUMMY__ 0.0033662512487398527	false	1.0
unerfreulich	neg 1.0		off 0.5633085759899695 neg 0.42951928527760314 __DUMMY__ 0.0071721387324274475	false	0.5
motherfucker	off 1.0	off 1.0	off 0.7741069382419421 neg 0.2225421008232687 __DUMMY__ 0.0033509609347892344	false	1.0
pikiert	neg 1.0		off 0.5699753467427761 neg 0.42298296734947416 __DUMMY__ 0.007041685907749668	false	0.5
wrack	neg 1.0		off 0.5701633619283716 neg 0.42262783026715534 __DUMMY__ 0.0072088078044732174	false	0.5
gangster	neg 1.0		off 0.5703744881920646 neg 0.42253895774392247 __DUMMY__ 0.007086554064012891	false	0.5
krank	neg 1.0		off 0.571992558341648 neg 0.4209573772073791 __DUMMY__ 0.007050064450973027	false	0.5
reich	neg 1.0		off 0.5690526187851267 neg 0.42390006868610935 __DUMMY__ 0.0070473125287638435	false	0.5
gnadenlos	neg 1.0		off 0.5683111152252606 neg 0.4245677880352409 __DUMMY__ 0.007121096739498622	false	0.5
niedergeschlagen	neg 1.0		off 0.5658447462506339 neg 0.426993545019006 __DUMMY__ 0.0071617087303602715	false	0.5
terrorisieren	off 1.0	off 1.0	off 0.7688225938445238 neg 0.227761824049154 __DUMMY__ 0.003415582106322251	false	1.0
sinnlosigkeit	neg 1.0		off 0.5650880568525491 neg 0.4277743696248624 __DUMMY__ 0.007137573522588513	false	0.5
behindern	neg 1.0		off 0.566611972760141 neg 0.42626772338637087 __DUMMY__ 0.007120303853488094	false	0.5
undemokratisch	neg 1.0		off 0.5678932312223521 neg 0.4250253978111881 __DUMMY__ 0.007081370966459748	false	0.5
wirtschaftskrise	neg 1.0		off 0.5626606540549476 neg 0.4302332243237296 __DUMMY__ 0.007106121621322721	false	0.5
neid	neg 1.0		off 0.5687360659208266 neg 0.4241933319639692 __DUMMY__ 0.007070602115204191	false	0.5
rutschen	neg 1.0		off 0.5612350712946994 neg 0.4315232987357008 __DUMMY__ 0.00724162996959975	false	0.5
rezession	neg 1.0		off 0.5697524084470688 neg 0.42328902310158295 __DUMMY__ 0.006958568451348239	false	0.5
fehlgeburt	neg 1.0		off 0.5694236881154683 neg 0.4234332051984322 __DUMMY__ 0.007143106686099616	false	0.5
charakterschwach	off 1.0		off 0.570376440932842 neg 0.4225891363939118 __DUMMY__ 0.007034422673246234	false	1.0
isolation	neg 1.0		off 0.5719386825477726 neg 0.4209592098422395 __DUMMY__ 0.007102107609987905	false	0.5
ablenkung	neg 1.0		off 0.5672243435065211 neg 0.4256415358839316 __DUMMY__ 0.007134120609547374	false	0.5
pech	neg 1.0		off 0.5698752319890351 neg 0.4230605747179901 __DUMMY__ 0.007064193292974747	false	0.5
vermeidung	neg 1.0		off 0.5716096803989419 neg 0.4213477833145942 __DUMMY__ 0.0070425362864638495	false	0.5
dominieren	neg 1.0		off 0.5665784937723086 neg 0.4262737338682554 __DUMMY__ 0.0071477723594360765	false	0.5
schwindlig	neg 1.0		off 0.5679336061342329 neg 0.4249777200078216 __DUMMY__ 0.007088673857945392	false	0.5
lutscher	neg 1.0		off 0.5782531166972968 neg 0.4148387060372862 __DUMMY__ 0.006908177265416905	false	0.5
pflicht	neg 1.0		off 0.5627128329402844 neg 0.4300995514790016 __DUMMY__ 0.007187615580713917	false	0.5
faschist	off 1.0		off 0.5692586107234952 neg 0.42367280958796943 __DUMMY__ 0.007068579688535434	false	1.0
verschleudern	neg 1.0		off 0.5623967544833944 neg 0.4304735217414475 __DUMMY__ 0.007129723775157981	false	0.5
wenn			off 0.5702141686439955 neg 0.4227238179227518 __DUMMY__ 0.007062013433252602	false	0.0
ehebruch	neg 1.0		off 0.5632357436036498 neg 0.42963337391893114 __DUMMY__ 0.007130882477418948	false	0.5
spott	off 1.0		off 0.5650502035618551 neg 0.42778979946275514 __DUMMY__ 0.007159996975389863	false	1.0
trostlosigkeit	neg 1.0		off 0.5604617113280844 neg 0.4323840351559062 __DUMMY__ 0.007154253516009347	false	0.5
lutschen	neg 1.0		off 0.5720858670068998 neg 0.42081964760040125 __DUMMY__ 0.007094485392698823	false	0.5
undiszipliniert	neg 1.0		off 0.5725416774995827 neg 0.42043398816494937 __DUMMY__ 0.007024334335468083	false	0.5
kopfschmerz	neg 1.0		off 0.5618328734930422 neg 0.4310517047114047 __DUMMY__ 0.007115421795553173	false	0.5
unvorhergesehen	neg 1.0		off 0.56432108901209 neg 0.42847786257635345 __DUMMY__ 0.007201048411556556	false	0.5
desinteressiert	neg 1.0		off 0.5719167092109364 neg 0.42105349397941744 __DUMMY__ 0.007029796809646081	false	0.5
armselig	off 1.0		off 0.5738407737402845 neg 0.4191498290586456 __DUMMY__ 0.007009397201069917	false	1.0
desaster	neg 1.0		off 0.5606167811509203 neg 0.4322136529538154 __DUMMY__ 0.007169565895264335	false	0.5
tod	neg 1.0		off 0.5645576381650538 neg 0.4282786999863683 __DUMMY__ 0.007163661848577852	false	0.5
herzlos	neg 1.0		off 0.5733134452400912 neg 0.41967366607934786 __DUMMY__ 0.007012888680561101	false	0.5
unwissenheit	neg 1.0		off 0.5646048105918019 neg 0.4282578690579427 __DUMMY__ 0.007137320350255431	false	0.5
widersinnig	neg 1.0		off 0.5643319010632153 neg 0.42856723257498364 __DUMMY__ 0.0071008663618009815	false	0.5
bedenklich	neg 1.0		off 0.5635535294890255 neg 0.4293053766945623 __DUMMY__ 0.007141093816412223	false	0.5
beanstanden	neg 1.0		off 0.5642000498112958 neg 0.4286058436244788 __DUMMY__ 0.007194106564225533	false	0.5
panisch	neg 1.0		off 0.5695620185520797 neg 0.42332083073789456 __DUMMY__ 0.0071171507100258585	false	0.5
debil	off 1.0		off 0.5598733590540964 neg 0.4328634440152317 __DUMMY__ 0.0072631969306718195	false	1.0
abstrich	neg 1.0		off 0.5690150819346383 neg 0.42381366017541744 __DUMMY__ 0.007171257889944225	false	0.5
primitiv	neg 1.0		off 0.5719141776869581 neg 0.42105806068418217 __DUMMY__ 0.0070277616288596445	false	0.5
abschaum	off 1.0	off 1.0	off 0.7732287034704093 neg 0.2234061723777139 __DUMMY__ 0.0033651241518768346	false	1.0
provozieren	neg 1.0		off 0.5669282212338651 neg 0.42597100811879274 __DUMMY__ 0.00710077064734216	false	0.5
tot	neg 1.0		off 0.5667186490089903 neg 0.4261249288116779 __DUMMY__ 0.00715642217933186	false	0.5
instabil	neg 1.0		off 0.5740018799271943 neg 0.41899738908409717 __DUMMY__ 0.0070007309887085735	false	0.5
schwuchtel	off 1.0	off 1.0	off 0.7790344326248575 neg 0.2176971853031755 __DUMMY__ 0.0032683820719669964	false	1.0
zerren	neg 1.0		off 0.5655636289002184 neg 0.42727593273414255 __DUMMY__ 0.007160438365639084	false	0.5
kinderficker	off 1.0		off 0.5758298429587948 neg 0.4171858078276845 __DUMMY__ 0.006984349213520632	false	1.0
gefahr	neg 1.0		off 0.5640345779424584 neg 0.4287714693748169 __DUMMY__ 0.0071939526827245765	false	0.5
rabiat	neg 1.0		off 0.5651494480278926 neg 0.4277365546828658 __DUMMY__ 0.007113997289241763	false	0.5
verlangsamung	neg 1.0		off 0.57722092926196 neg 0.4158158793152982 __DUMMY__ 0.006963191422741825	false	0.5
ausgestorben	neg 1.0		off 0.5660613014545887 neg 0.42680234712998494 __DUMMY__ 0.00713635141542641	false	0.5
anklagen	neg 1.0		off 0.5652069283018328 neg 0.4276641233396285 __DUMMY__ 0.007128948358538595	false	0.5
trott	neg 1.0		off 0.5675173224981317 neg 0.4253533349092185 __DUMMY__ 0.007129342592649719	false	0.5
verminderung	neg 1.0		off 0.5712442878786251 neg 0.4217194193274922 __DUMMY__ 0.007036292793882582	false	0.5
nach			off 0.5611793456190464 neg 0.4315524628682523 __DUMMY__ 0.007268191512701365	false	0.0
rost	neg 1.0		off 0.5799340654471274 neg 0.41309017549479693 __DUMMY__ 0.006975759058075646	false	0.5
destruktiv	neg 1.0		off 0.5653474740538873 neg 0.42755083870340965 __DUMMY__ 0.007101687242703092	false	0.5
unzumutbarkeit	neg 1.0		off 0.5747679523400663 neg 0.4181459689039374 __DUMMY__ 0.007086078755996197	false	0.5
labil	off 1.0	off 1.0	off 0.7727556753804016 neg 0.2238784381955186 __DUMMY__ 0.003365886424079812	false	1.0
ziemlich	neg 1.0		off 0.5721443616772212 neg 0.42078736113953263 __DUMMY__ 0.007068277183246228	false	0.5
lachnummer	off 1.0		off 0.5671959336120925 neg 0.42568782482472145 __DUMMY__ 0.0071162415631859125	false	1.0
oder			off 0.5684819412859778 neg 0.42438453614272753 __DUMMY__ 0.007133522571294778	false	0.0
verfall	neg 1.0		off 0.5590957967665219 neg 0.4337135768855636 __DUMMY__ 0.00719062634791459	false	0.5
ausgrenzung	neg 1.0		off 0.5680788989525875 neg 0.42483619670770667 __DUMMY__ 0.007084904339705928	false	0.5
unordnung	neg 1.0		off 0.5774535763488781 neg 0.4155100222700058 __DUMMY__ 0.007036401381116097	false	0.5
fehlverhalten	neg 1.0		off 0.5635035784378309 neg 0.4293359793427392 __DUMMY__ 0.007160442219429935	false	0.5
eine			off 0.562261453689172 neg 0.4305513750778986 __DUMMY__ 0.007187171232929337	false	0.0
nille	neg 1.0		off 0.568080708893516 neg 0.42478946827819647 __DUMMY__ 0.00712982282828742	false	0.5
qual	neg 1.0		off 0.5670938280856291 neg 0.425775657495247 __DUMMY__ 0.0071305144191239	false	0.5
verschwenden	neg 1.0		off 0.5624293340581075 neg 0.43042151352987124 __DUMMY__ 0.007149152412021198	false	0.5
riesig	neg 1.0		off 0.5664353085575282 neg 0.4263732908478287 __DUMMY__ 0.007191400594643188	false	0.5
verurteilen	neg 1.0		off 0.5645159039393923 neg 0.42835731187008397 __DUMMY__ 0.007126784190523761	false	0.5
klischee	neg 1.0	neg 1.0	neg 0.6949504343173245 off 0.301686429316354 __DUMMY__ 0.00336313636632154	false	1.0
diktatorisch	neg 1.0		off 0.5672354796543657 neg 0.42569449684872374 __DUMMY__ 0.007070023496910582	false	0.5
vorhersehbar	neg 1.0		off 0.5676655573819269 neg 0.42527249952361246 __DUMMY__ 0.007061943094460575	false	0.5
sowie			off 0.574104570701122 neg 0.41892301883531485 __DUMMY__ 0.006972410463563111	false	0.0
stornieren	neg 1.0		off 0.5749415563742125 neg 0.4178886581726196 __DUMMY__ 0.007169785453167868	false	0.5
besteuerung	neg 1.0	neg 1.0	neg 0.6972468869540782 off 0.29939037035597077 __DUMMY__ 0.0033627426899509806	false	1.0
ungeschminkt	neg 1.0		off 0.5733773711592259 neg 0.41958044528239113 __DUMMY__ 0.007042183558382703	false	0.5
kritisch	neg 1.0		off 0.5650677130772329 neg 0.42778710739612796 __DUMMY__ 0.007145179526638949	false	0.5
schlamperei	off 1.0		off 0.5644287313554731 neg 0.4284094059738707 __DUMMY__ 0.007161862670656172	false	1.0
sucht	neg 1.0	neg 1.0	neg 0.6934244057055243 off 0.30316255399907444 __DUMMY__ 0.0034130402954012	false	1.0
egoistisch	off 1.0	off 1.0	off 0.7754272798897656 neg 0.22124408693077338 __DUMMY__ 0.003328633179460938	false	1.0
ausbeuter	off 1.0		off 0.5616382093977142 neg 0.43122413058394227 __DUMMY__ 0.007137660018343358	false	1.0
arschgeburt	off 1.0		off 0.5829462047426597 neg 0.41016758205669585 __DUMMY__ 0.006886213200644329	false	1.0
schubs	neg 1.0		off 0.5639120607548395 neg 0.42894954214255887 __DUMMY__ 0.007138397102601697	false	0.5
unsolide	neg 1.0		off 0.5688088059997641 neg 0.42411030692252927 __DUMMY__ 0.007080887077706651	false	0.5
beschwerde	neg 1.0		off 0.5660547917735157 neg 0.42679505281417185 __DUMMY__ 0.007150155412312605	false	0.5
stocken	neg 1.0		off 0.565285405523816 neg 0.42755249465081896 __DUMMY__ 0.007162099825364954	false	0.5
isolieren	neg 1.0		off 0.5660818783164497 neg 0.42676894745126714 __DUMMY__ 0.007149174232283263	false	0.5
unheilbar	neg 1.0		off 0.5657420515016922 neg 0.42715562254447825 __DUMMY__ 0.007102325953829574	false	0.5
pisser	off 1.0	off 1.0	off 0.7754309622697882 neg 0.2212119549392821 __DUMMY__ 0.003357082790929712	false	1.0
löschen	neg 1.0		off 0.5681369503468249 neg 0.4247394804573828 __DUMMY__ 0.007123569195792267	false	0.5
durchfallen	neg 1.0		off 0.5646913424737511 neg 0.42816473022792967 __DUMMY__ 0.007143927298319296	false	0.5
wichser	off 1.0	off 1.0	off 0.7768498927903985 neg 0.21986302896211268 __DUMMY__ 0.0032870782474887935	false	1.0
terror	neg 1.0		off 0.570839729235383 neg 0.4220599909415531 __DUMMY__ 0.00710027982306398	false	0.5
krass	neg 1.0		off 0.575133816654019 neg 0.4178683317683698 __DUMMY__ 0.006997851577611272	false	0.5
revolte	neg 1.0		off 0.5664285012864837 neg 0.42654492985886033 __DUMMY__ 0.007026568854655877	false	0.5
besorgt	neg 1.0		off 0.5672910315799496 neg 0.42553705242982337 __DUMMY__ 0.00717191599022692	false	0.5
nachlassen	neg 1.0		off 0.5656631977768891 neg 0.4271683500963332 __DUMMY__ 0.00716845212677775	false	0.5
alt	neg 1.0		off 0.561004826537863 neg 0.4318925730976276 __DUMMY__ 0.007102600364509448	false	0.5
hundesohn	off 1.0	off 1.0	off 0.7778673843722673 neg 0.21882042281926137 __DUMMY__ 0.0033121928084713474	false	1.0
als			off 0.5646576562225231 neg 0.42820881900990565 __DUMMY__ 0.007133524767571228	false	0.0
abschreckung	neg 1.0		off 0.5625089775875889 neg 0.43032748875963944 __DUMMY__ 0.007163533652771749	false	0.5
unqualifiziert	neg 1.0		off 0.5699973448766562 neg 0.42293701665797595 __DUMMY__ 0.007065638465367861	false	0.5
abgewichst	off 1.0		off 0.5680141177606205 neg 0.4248426717195367 __DUMMY__ 0.007143210519842874	false	1.0
schwer	neg 1.0		off 0.5657853571338068 neg 0.4270955551947623 __DUMMY__ 0.007119087671430994	false	0.5
bedeutungslosigkeit	neg 1.0		off 0.5629359065569002 neg 0.4299050194131526 __DUMMY__ 0.00715907402994705	false	0.5
kapitulation	neg 1.0		off 0.5626693679540474 neg 0.4302150818747425 __DUMMY__ 0.007115550171210075	false	0.5
unscharf	neg 1.0		off 0.56550888680453 neg 0.4274465394649016 __DUMMY__ 0.007044573730568449	false	0.5
schwinden	neg 1.0		off 0.5629206845609284 neg 0.429925310995646 __DUMMY__ 0.00715400444342551	false	0.5
versklavung	neg 1.0	neg 1.0	neg 0.6960081893843161 off 0.3006186453357316 __DUMMY__ 0.003373165279952397	false	1.0
schlecht	neg 1.0		off 0.5725136674560628 neg 0.42041487615819656 __DUMMY__ 0.007071456385740497	false	0.5
verhasst	neg 1.0		off 0.5672344227338215 neg 0.42567582825826783 __DUMMY__ 0.0070897490079106515	false	0.5
beschweren	neg 1.0		off 0.5692600879440011 neg 0.4236269462054201 __DUMMY__ 0.007112965850578949	false	0.5
scheiden	neg 1.0		off 0.5672653198567479 neg 0.4256138051385705 __DUMMY__ 0.007120875004681571	false	0.5
frustriert	neg 1.0		off 0.5659500347267309 neg 0.4269105203079426 __DUMMY__ 0.007139444965326486	false	0.5
schimmelig	neg 1.0		off 0.563839618182247 neg 0.42902872542255005 __DUMMY__ 0.0071316563952028645	false	0.5
fisch	neg 1.0		off 0.5597580563849351 neg 0.43309953342071517 __DUMMY__ 0.00714241019434971	false	0.5
schmuggel	neg 1.0		off 0.5638419671806736 neg 0.4289530809011479 __DUMMY__ 0.007204951918178426	false	0.5
auffallen	neg 1.0		off 0.5688911164653399 neg 0.4240118945466533 __DUMMY__ 0.007096988988006915	false	0.5
konkurrenz	neg 1.0		off 0.5643752968351081 neg 0.4284349859090054 __DUMMY__ 0.0071897172558865316	false	0.5
teufelskreis	neg 1.0	neg 1.0	neg 0.697680379701261 off 0.2989391529249116 __DUMMY__ 0.0033804673738273673	false	1.0
aufschreien	neg 1.0		off 0.568141898802794 neg 0.42478626990106444 __DUMMY__ 0.007071831296141611	false	0.5
schuldner	neg 1.0		off 0.5613842108164132 neg 0.4314806416429872 __DUMMY__ 0.007135147540599489	false	0.5
missgeburt	off 1.0	off 1.0	off 0.7781802509699246 neg 0.21848411142643792 __DUMMY__ 0.003335637603637514	false	1.0
arbeitslos	neg 1.0		off 0.5647113825621044 neg 0.42814233215731967 __DUMMY__ 0.007146285280575997	false	0.5
befallen	neg 1.0		off 0.565189401553597 neg 0.4276989101474813 __DUMMY__ 0.007111688298921548	false	0.5
miesepetrig	off 1.0	off 1.0	off 0.7724286075668139 neg 0.22421108335838882 __DUMMY__ 0.003360309074797316	false	1.0
alarmieren	neg 1.0		off 0.5711178874752029 neg 0.4218116829553769 __DUMMY__ 0.007070429569420296	false	0.5
ungeduscht	off 1.0		off 0.5699104861375992 neg 0.4230311201949633 __DUMMY__ 0.007058393667437482	false	1.0
knappheit	neg 1.0		off 0.563812703825622 neg 0.42906744057786295 __DUMMY__ 0.007119855596515243	false	0.5
schlange	neg 1.0		off 0.5683209304059083 neg 0.4245464497698672 __DUMMY__ 0.00713261982422449	false	0.5
harsch	neg 1.0		off 0.5788618083851571 neg 0.41407431764970676 __DUMMY__ 0.007063873965135989	false	0.5
lang	neg 1.0		off 0.5687909711339107 neg 0.42409224042422505 __DUMMY__ 0.007116788441864234	false	0.5
ziellos	neg 1.0		off 0.5645605505777591 neg 0.42826081804865296 __DUMMY__ 0.007178631373587919	false	0.5
selbstverliebt	neg 1.0		off 0.5806974634037119 neg 0.41238157772279405 __DUMMY__ 0.006920958873494166	false	0.5
beseitigen	neg 1.0		off 0.5712831918642808 neg 0.421535353248175 __DUMMY__ 0.007181454887544011	false	0.5
dumm	off 1.0		off 0.5759981439237665 neg 0.41703473110682654 __DUMMY__ 0.006967124969407027	false	1.0
arbeitsloser	neg 1.0		off 0.5670061628911787 neg 0.42581527393398394 __DUMMY__ 0.0071785631748373345	false	0.5
blitzen	neg 1.0		off 0.5700072115290855 neg 0.42291972314787357 __DUMMY__ 0.007073065323041016	false	0.5
hilflos	neg 1.0		off 0.5647110167031755 neg 0.42814558575416595 __DUMMY__ 0.007143397542658448	false	0.5
eklig	off 1.0		off 0.5753827999972175 neg 0.41767122435213516 __DUMMY__ 0.006945975650647296	false	1.0
begriff			off 0.5660219243709106 neg 0.42686003513564236 __DUMMY__ 0.007118040493447095	false	0.0
hungersnot	neg 1.0		off 0.562548625231265 neg 0.43034897087643936 __DUMMY__ 0.007102403892295637	false	0.5
ungesetzlich	neg 1.0		off 0.5675943455280162 neg 0.4253300407399967 __DUMMY__ 0.00707561373198713	false	0.5
verschwendung	neg 1.0		off 0.562946654550704 neg 0.4298940686406824 __DUMMY__ 0.0071592768086135026	false	0.5
schmerzvoll	neg 1.0		off 0.5672789508325943 neg 0.42562862474331625 __DUMMY__ 0.00709242442408956	false	0.5
vorzeitig	neg 1.0		off 0.5728285337668476 neg 0.42008527139820345 __DUMMY__ 0.0070861948349488545	false	0.5
unvollkommenheit	neg 1.0		off 0.5659527825473963 neg 0.42691031231376103 __DUMMY__ 0.0071369051388427045	false	0.5
intervenieren	neg 1.0		off 0.5624011773135195 neg 0.4304644803126028 __DUMMY__ 0.007134342373877613	false	0.5
banause	off 1.0		off 0.5748433104559433 neg 0.4182543918550592 __DUMMY__ 0.006902297688997427	false	1.0
rebell	neg 1.0		off 0.5604699945932803 neg 0.432335207091128 __DUMMY__ 0.00719479831559171	false	0.5
unlogisch	neg 1.0		off 0.5729404642395431 neg 0.420041069051803 __DUMMY__ 0.007018466708653817	false	0.5
leiden	neg 1.0		off 0.5645463768426536 neg 0.4282474481588151 __DUMMY__ 0.007206174998531225	false	0.5
abschaffung	neg 1.0		off 0.5668493865626453 neg 0.4260607710419921 __DUMMY__ 0.007089842395362731	false	0.5
sturz	neg 1.0		off 0.5726661928531477 neg 0.42018002860741543 __DUMMY__ 0.0071537785394368775	false	0.5
verkleinerung	neg 1.0		off 0.5686135033336215 neg 0.4243433746721326 __DUMMY__ 0.007043121994245885	false	0.5
schmarotzer	off 1.0		off 0.564753575269966 neg 0.42811977883847213 __DUMMY__ 0.007126645891561959	false	1.0
bestrafung	neg 1.0	neg 1.0	neg 0.6955369511324672 off 0.3010678436511634 __DUMMY__ 0.0033952052163695057	false	1.0
achtlos	neg 1.0		off 0.5660937451239134 neg 0.42676554801951594 __DUMMY__ 0.007140706856570528	false	0.5
ungeheuer	neg 1.0		off 0.566298856403789 neg 0.426603269208856 __DUMMY__ 0.00709787438735514	false	0.5
