unsolidarisch	neg 1.0		off 0.5655812935634646 neg 0.4273379606084503 __DUMMY__ 0.007080745828085109	false	0.5
nachteilig	neg 1.0		off 0.566244060215676 neg 0.4265674629063747 __DUMMY__ 0.007188476877949325	false	0.5
skeptisch	neg 1.0		off 0.5631080973700453 neg 0.4297199974414521 __DUMMY__ 0.0071719051885026225	false	0.5
schrecklich	neg 1.0		off 0.5737134180736856 neg 0.41926940324260226 __DUMMY__ 0.007017178683712237	false	0.5
schlapp	neg 1.0	neg 1.0	neg 0.6940857547110914 off 0.30255510292246984 __DUMMY__ 0.0033591423664389086	false	1.0
abfall	neg 1.0		off 0.5615475517341801 neg 0.43123491761266874 __DUMMY__ 0.007217530653150995	false	0.5
widerspenstig	neg 1.0		off 0.5653819601846197 neg 0.4275075398233806 __DUMMY__ 0.007110499991999758	false	0.5
abrupt	neg 1.0		off 0.5622600745534818 neg 0.4305754129160942 __DUMMY__ 0.007164512530423993	false	0.5
unwirksam	neg 1.0		off 0.5640168651372083 neg 0.428921437674921 __DUMMY__ 0.007061697187870665	false	0.5
angreifen	neg 1.0		off 0.5625012678495761 neg 0.43032222348912996 __DUMMY__ 0.0071765086612939795	false	0.5
inkonsistent	neg 1.0		off 0.5679299597189975 neg 0.42499785546330404 __DUMMY__ 0.007072184817698321	false	0.5
abrutschen	neg 1.0		off 0.5605490592409863 neg 0.43224049202781356 __DUMMY__ 0.007210448731200129	false	0.5
unsicher	neg 1.0		off 0.5674104858698802 neg 0.42545537505983627 __DUMMY__ 0.007134139070283665	false	0.5
bauernkind	off 1.0	off 1.0	off 0.7741219691955918 neg 0.22256783455368992 __DUMMY__ 0.003310196250718231	false	1.0
angreifer	neg 1.0		off 0.5729030476954743 neg 0.4199718438153785 __DUMMY__ 0.0071251084891473014	false	0.5
trennen	neg 1.0		off 0.5633426877889848 neg 0.42946430626343934 __DUMMY__ 0.007193005947575829	false	0.5
schmutz	neg 1.0		off 0.5762819004333131 neg 0.4165315416599914 __DUMMY__ 0.007186557906695462	false	0.5
inkonsistenz	neg 1.0		off 0.5702544989366263 neg 0.42268555594521556 __DUMMY__ 0.007059945118158175	false	0.5
erschreckend	neg 1.0		off 0.5659847888661956 neg 0.42688826580023137 __DUMMY__ 0.007126945333572902	false	0.5
ertrinken	neg 1.0		off 0.5613842152248958 neg 0.4314473307770047 __DUMMY__ 0.00716845399809959	false	0.5
pickelface	off 1.0		off 0.5687850163390824 neg 0.42408094010929315 __DUMMY__ 0.007134043551624458	false	1.0
seiner			off 0.5638170762292073 neg 0.42899621120844955 __DUMMY__ 0.00718671256234297	false	0.0
lauch	neg 1.0	neg 1.0	neg 0.6982302426054828 off 0.2983222056014828 __DUMMY__ 0.0034475517930343206	false	1.0
unwichtig	neg 1.0		off 0.5703072790290451 neg 0.4226305317065761 __DUMMY__ 0.007062189264378829	false	0.5
steuerhinterziehung	neg 1.0		off 0.5645667383491718 neg 0.428331675855123 __DUMMY__ 0.007101585795705186	false	0.5
schock	neg 1.0		off 0.5659519312313165 neg 0.4269029577653383 __DUMMY__ 0.007145111003345288	false	0.5
beule	neg 1.0		off 0.5719016870396372 neg 0.4210690150639747 __DUMMY__ 0.00702929789638803	false	0.5
vergelten	neg 1.0		off 0.5762664480666632 neg 0.4167034400230194 __DUMMY__ 0.0070301119103174025	false	0.5
verdorbenheit	neg 1.0		off 0.5704919082461984 neg 0.42236525086102816 __DUMMY__ 0.007142840892773358	false	0.5
trauma	neg 1.0		off 0.5679507638039467 neg 0.42494464887508143 __DUMMY__ 0.007104587320971969	false	0.5
sinnlos	neg 1.0		off 0.5686353899504321 neg 0.4242609279324327 __DUMMY__ 0.007103682117135194	false	0.5
fettsack	off 1.0	off 1.0	off 0.775496770251779 neg 0.22118767903688924 __DUMMY__ 0.0033155507113316984	false	1.0
feige	off 1.0	off 1.0	off 0.7725854066075531 neg 0.22406304739883556 __DUMMY__ 0.003351545993611252	false	1.0
abdanken	neg 1.0		off 0.5669459883733121 neg 0.42592283796962904 __DUMMY__ 0.007131173657058716	false	0.5
wichtigtuer	off 1.0	off 1.0	off 0.7716681939837398 neg 0.22495431601036597 __DUMMY__ 0.0033774900058942507	false	1.0
misslingen	neg 1.0		off 0.5723622072015833 neg 0.42047283476933905 __DUMMY__ 0.007164958029077646	false	0.5
untreu	off 1.0		off 0.5713012743634897 neg 0.42164979812805853 __DUMMY__ 0.007048927508451869	false	1.0
missmutig	neg 1.0		off 0.5682478679089087 neg 0.424692406806783 __DUMMY__ 0.007059725284308294	false	0.5
hurenbock	off 1.0		off 0.5673778339526244 neg 0.4255113379565145 __DUMMY__ 0.0071108280908611975	false	1.0
betrunken	neg 1.0		off 0.5727415285757439 neg 0.420232486288791 __DUMMY__ 0.007025985135465078	false	0.5
korrupt	off 1.0		off 0.5633200446370346 neg 0.4295846803530807 __DUMMY__ 0.007095275009884764	false	1.0
unmut	neg 1.0		off 0.5618285530708059 neg 0.43097866372339144 __DUMMY__ 0.0071927832058028334	false	0.5
hackfresse	off 1.0		off 0.5771090228777916 neg 0.41592677541762035 __DUMMY__ 0.006964201704587977	false	1.0
aufblasen	neg 1.0		off 0.5670497456796789 neg 0.42583437247818 __DUMMY__ 0.007115881842140945	false	0.5
gewaltsam	neg 1.0		off 0.568176071197319 neg 0.42467868114034457 __DUMMY__ 0.007145247662336529	false	0.5
unbeliebtheit	neg 1.0		off 0.5726462307841547 neg 0.4202909109225115 __DUMMY__ 0.0070628582933337835	false	0.5
sturheit	neg 1.0		off 0.5665972495421677 neg 0.4262648450623928 __DUMMY__ 0.007137905395439454	false	0.5
kuh	neg 1.0		off 0.565331251505558 neg 0.42764981724378215 __DUMMY__ 0.00701893125065977	false	0.5
erschrecken	neg 1.0		off 0.570284511564943 neg 0.42263403194402416 __DUMMY__ 0.007081456491032948	false	0.5
opfer	neg 1.0		off 0.5649230466659866 neg 0.42790741950675437 __DUMMY__ 0.007169533827259194	false	0.5
sinken	neg 1.0		off 0.5615120080299908 neg 0.4313145242838103 __DUMMY__ 0.007173467686198983	false	0.5
stinktier	neg 1.0		off 0.5727943798471276 neg 0.4202580538927313 __DUMMY__ 0.006947566260141271	false	0.5
tucke	off 1.0		off 0.5768063672329315 neg 0.41628499349841525 __DUMMY__ 0.006908639268653211	false	1.0
ein			off 0.5647855494069509 neg 0.4281072166537994 __DUMMY__ 0.007107233939249685	false	0.0
abstieg	neg 1.0		off 0.5680310245920162 neg 0.42478390927869875 __DUMMY__ 0.007185066129285109	false	0.5
missverstehen	neg 1.0		off 0.5686141169377072 neg 0.42430210522668205 __DUMMY__ 0.007083777835610746	false	0.5
ergebnislos	neg 1.0		off 0.5660964950251544 neg 0.4267136801379921 __DUMMY__ 0.007189824836853603	false	0.5
unter			off 0.5598242208244386 neg 0.43289207622936754 __DUMMY__ 0.007283702946193797	false	0.0
manipulieren	neg 1.0		off 0.564011469508283 neg 0.4288120320275471 __DUMMY__ 0.007176498464169873	false	0.5
unbewiesen	neg 1.0		off 0.5670398835570346 neg 0.42586377768520767 __DUMMY__ 0.007096338757757723	false	0.5
verschleppen	neg 1.0		off 0.5638470877672125 neg 0.42901725069663027 __DUMMY__ 0.007135661536157207	false	0.5
weib	off 1.0		off 0.5787088268147518 neg 0.41435438079983017 __DUMMY__ 0.0069367923854181095	false	1.0
opposition	neg 1.0		off 0.5672252689119732 neg 0.42568961750195156 __DUMMY__ 0.007085113586075271	false	0.5
verkehrswidrig	neg 1.0		off 0.5797096095639556 neg 0.4132259817917115 __DUMMY__ 0.007064408644332857	false	0.5
inkorrekt	neg 1.0		off 0.5726588306153155 neg 0.42033478663041696 __DUMMY__ 0.0070063827542676165	false	0.5
vermeiden	neg 1.0		off 0.5622618141728912 neg 0.43049562192802754 __DUMMY__ 0.0072425638990811425	false	0.5
abweichung	neg 1.0		off 0.5667645555375943 neg 0.42606792759157003 __DUMMY__ 0.00716751687083553	false	0.5
alkoholisiert	neg 1.0		off 0.569326331335729 neg 0.4234172211270546 __DUMMY__ 0.007256447537216519	false	0.5
scheiss	off 1.0	off 1.0	off 0.7734981608705096 neg 0.2231570535604079 __DUMMY__ 0.003344785569082461	false	1.0
herausforderung	neg 1.0		off 0.56556869261354 neg 0.42727437722700207 __DUMMY__ 0.007156930159457863	false	0.5
pervers	off 1.0		off 0.580179154904671 neg 0.41291278097491413 __DUMMY__ 0.006908064120414966	false	1.0
wackelig	neg 1.0		off 0.5656802761127044 neg 0.4271582181276085 __DUMMY__ 0.007161505759687024	false	0.5
verwickeln	neg 1.0		off 0.5679542778817188 neg 0.42495151114298324 __DUMMY__ 0.007094210975297925	false	0.5
vorwand	neg 1.0		off 0.5624111366188189 neg 0.4304058040820212 __DUMMY__ 0.007183059299159944	false	0.5
muschi	off 1.0		off 0.5686657821122879 neg 0.42417797582858646 __DUMMY__ 0.007156242059125699	false	1.0
entmutigung	neg 1.0		off 0.5660431537560006 neg 0.4269059788063712 __DUMMY__ 0.007050867437628298	false	0.5
unangemessen	neg 1.0		off 0.5657025222387461 neg 0.42716584453236406 __DUMMY__ 0.007131633228889899	false	0.5
unstetig	neg 1.0		off 0.5715616870959309 neg 0.4213460662306815 __DUMMY__ 0.007092246673387546	false	0.5
entmutigen	neg 1.0		off 0.5662507638711185 neg 0.42665675632485267 __DUMMY__ 0.007092479804028949	false	0.5
schwanz	neg 1.0		off 0.5667259218961975 neg 0.42610274158474193 __DUMMY__ 0.007171336519060489	false	0.5
verbot	neg 1.0		off 0.5649021370469379 neg 0.42797364439503527 __DUMMY__ 0.007124218558026823	false	0.5
leid	neg 1.0		off 0.5748042506664055 neg 0.41820067084079865 __DUMMY__ 0.006995078492795868	false	0.5
archaisch	neg 1.0		off 0.5650908967679802 neg 0.4277811960294061 __DUMMY__ 0.007127907202613645	false	0.5
gegen			off 0.5635680005116741 neg 0.42922405855310647 __DUMMY__ 0.007207940935219414	false	0.0
scheidung	neg 1.0		off 0.5880845946245211 neg 0.4049673874503529 __DUMMY__ 0.006948017925126037	false	0.5
einschlag	neg 1.0		off 0.5770640902578626 neg 0.41587903360161677 __DUMMY__ 0.00705687614052051	false	0.5
m			off 0.5663868832717026 neg 0.42645271769025017 __DUMMY__ 0.007160399038047184	false	0.0
abgestanden	neg 1.0		off 0.5629119857458026 neg 0.4300342732159351 __DUMMY__ 0.007053741038262309	false	0.5
schmierig	off 1.0		off 0.5741790454530561 neg 0.41882711126015176 __DUMMY__ 0.006993843286792169	false	1.0
unpraktisch	neg 1.0		off 0.5687752223501112 neg 0.42410819429707364 __DUMMY__ 0.007116583352815086	false	0.5
wixxer	off 1.0		off 0.5799323872688918 neg 0.41317229630839164 __DUMMY__ 0.006895316422716442	false	1.0
bezeichnet			off 0.5675760656409219 neg 0.4252982448617836 __DUMMY__ 0.007125689497294717	false	0.0
jammerlappen	off 1.0		off 0.5705629018565522 neg 0.4223768306192422 __DUMMY__ 0.007060267524205723	false	1.0
farce	neg 1.0		off 0.5656901241661368 neg 0.4272099454946844 __DUMMY__ 0.007099930339178801	false	0.5
zwecklos	neg 1.0		off 0.5644226069534339 neg 0.42844295266487536 __DUMMY__ 0.007134440381690692	false	0.5
turbulent	neg 1.0		off 0.5735990319663719 neg 0.4193529535977378 __DUMMY__ 0.00704801443589041	false	0.5
invasion	neg 1.0		off 0.5693821798363529 neg 0.4235208866172502 __DUMMY__ 0.007096933546396873	false	0.5
schuld	neg 1.0		off 0.5676931624313921 neg 0.42520030823610216 __DUMMY__ 0.007106529332505812	false	0.5
risiko	neg 1.0		off 0.5687735338484434 neg 0.424130877127883 __DUMMY__ 0.007095589023673459	false	0.5
finster	neg 1.0		off 0.5648620645701271 neg 0.4280429133664441 __DUMMY__ 0.007095022063428709	false	0.5
geisteskrank	off 1.0		off 0.5719308716158078 neg 0.4210452656317267 __DUMMY__ 0.007023862752465424	false	1.0
zusammenbrechen	neg 1.0		off 0.5647981923515251 neg 0.4280660704852027 __DUMMY__ 0.007135737163272242	false	0.5
ausbeute	neg 1.0		off 0.567715952541498 neg 0.42512768162679193 __DUMMY__ 0.0071563658317100294	false	0.5
hinterhalt	neg 1.0		off 0.5663708419150516 neg 0.42648952714935784 __DUMMY__ 0.007139630935590474	false	0.5
kritik	neg 1.0		off 0.5651064210036201 neg 0.42779566955915066 __DUMMY__ 0.007097909437229347	false	0.5
einschrumpfen	neg 1.0		off 0.5701051203884501 neg 0.42284944147087933 __DUMMY__ 0.007045438140670586	false	0.5
riskant	neg 1.0		off 0.5632222387555444 neg 0.42960961699421485 __DUMMY__ 0.007168144250240612	false	0.5
frustrieren	neg 1.0		off 0.563359447845747 neg 0.4294899900548589 __DUMMY__ 0.007150562099394209	false	0.5
groll	neg 1.0		off 0.5655409961866108 neg 0.42731316119629564 __DUMMY__ 0.007145842617093627	false	0.5
gibt			off 0.5652164675084309 neg 0.4276320283574931 __DUMMY__ 0.007151504134076086	false	0.0
qualvoll	neg 1.0		off 0.5680611590144584 neg 0.42484869034787137 __DUMMY__ 0.007090150637670191	false	0.5
wackeln	neg 1.0		off 0.5671749434568423 neg 0.42569476177933724 __DUMMY__ 0.0071302947638205525	false	0.5
klagen	neg 1.0		off 0.5623913847960534 neg 0.43043189513497654 __DUMMY__ 0.007176720068970145	false	0.5
bankrott	neg 1.0		off 0.5725699824849352 neg 0.42033198522467596 __DUMMY__ 0.007098032290388849	false	0.5
trauern	neg 1.0		off 0.5658406884472932 neg 0.4269554972250912 __DUMMY__ 0.007203814327615625	false	0.5
ablehnung	neg 1.0		off 0.5656110904578207 neg 0.42727036096254156 __DUMMY__ 0.007118548579637888	false	0.5
stur	neg 1.0		off 0.5670346184462464 neg 0.4258685707467754 __DUMMY__ 0.007096810806978245	false	0.5
aufruhr	neg 1.0		off 0.5654440112854893 neg 0.4274597432119221 __DUMMY__ 0.007096245502588648	false	0.5
melancholie	neg 1.0		off 0.5615135065029566 neg 0.4313401079390422 __DUMMY__ 0.007146385558001345	false	0.5
ist			off 0.5681861346729553 neg 0.4247111081262076 __DUMMY__ 0.007102757200837087	false	0.0
torheit	neg 1.0		off 0.5672655371346249 neg 0.4256374417850218 __DUMMY__ 0.007097021080353292	false	0.5
dreckskind	off 1.0		off 0.578204458556927 neg 0.4148426725181357 __DUMMY__ 0.006952868924937258	false	1.0
umtauschen	neg 1.0		off 0.5666615224887889 neg 0.4262095725227691 __DUMMY__ 0.007128904988442019	false	0.5
zum			off 0.5647971217220732 neg 0.4279242856160383 __DUMMY__ 0.007278592661888697	false	0.0
zersetzen	neg 1.0		off 0.5622243819108829 neg 0.4306192643828127 __DUMMY__ 0.007156353706304414	false	0.5
zur			off 0.5625137676467027 neg 0.4302420699360018 __DUMMY__ 0.0072441624172954674	false	0.0
frust	neg 1.0		off 0.5645483048878049 neg 0.4283136808181604 __DUMMY__ 0.007138014294034687	false	0.5
unerbittlichkeit	neg 1.0		off 0.5644059775573114 neg 0.42842361207945884 __DUMMY__ 0.007170410363229731	false	0.5
zwei			off 0.5619468206941284 neg 0.4308071691194515 __DUMMY__ 0.007246010186420125	false	0.0
unkorrekt	neg 1.0		off 0.5719711172605025 neg 0.4210082760972025 __DUMMY__ 0.0070206066422949	false	0.5
hexe	off 1.0		off 0.5688743957891754 neg 0.4240895799805328 __DUMMY__ 0.007036024230291879	false	1.0
lasch	neg 1.0		off 0.5698939562463882 neg 0.423036302265573 __DUMMY__ 0.007069741488038941	false	0.5
rivale	neg 1.0		off 0.5747839383562353 neg 0.4181865499657531 __DUMMY__ 0.007029511678011654	false	0.5
mutlos	off 1.0	off 1.0	off 0.768993404077103 neg 0.2276025659422012 __DUMMY__ 0.0034040299806956946	false	1.0
wirr	off 1.0		off 0.5735252937589951 neg 0.41947603340155565 __DUMMY__ 0.006998672839449293	false	1.0
jahr			off 0.567229080125543 neg 0.4255432969229709 __DUMMY__ 0.007227622951486196	false	0.0
wird			off 0.5650308560495765 neg 0.42780867231343417 __DUMMY__ 0.00716047163698927	false	0.0
strafbar	neg 1.0		off 0.5635461577260684 neg 0.42929323582129164 __DUMMY__ 0.0071606064526401085	false	0.5
erosion	neg 1.0		off 0.5678930151596915 neg 0.42497730650714016 __DUMMY__ 0.0071296783331683735	false	0.5
eingehen	neg 1.0		off 0.5627086180688853 neg 0.43014592566493653 __DUMMY__ 0.0071454562661782	false	0.5
faul	off 1.0		off 0.5711378868588353 neg 0.4217787113002334 __DUMMY__ 0.007083401840931264	false	1.0
provisorium	neg 1.0		off 0.5602209902546802 neg 0.432491796103754 __DUMMY__ 0.007287213641565764	false	0.5
schmerzen	neg 1.0		off 0.5643135050545538 neg 0.428577578822196 __DUMMY__ 0.0071089161232502475	false	0.5
schrumpfen	neg 1.0		off 0.5593396237064235 neg 0.4334642091626506 __DUMMY__ 0.00719616713092592	false	0.5
geistlos	off 1.0		off 0.567161625966237 neg 0.4257823671278596 __DUMMY__ 0.007056006905903362	false	1.0
fehlkauf	neg 1.0		off 0.5689556780660925 neg 0.42395494597555944 __DUMMY__ 0.007089375958347946	false	0.5
frustrierend	neg 1.0		off 0.5692257188639883 neg 0.42370513055852776 __DUMMY__ 0.0070691505774839805	false	0.5
unzufrieden	neg 1.0		off 0.5649450975041372 neg 0.42790862483544695 __DUMMY__ 0.007146277660415862	false	0.5
verzweifeln	neg 1.0		off 0.5661070654138638 neg 0.42675803776370647 __DUMMY__ 0.007134896822429654	false	0.5
verzweifelt	neg 1.0		off 0.5672935575410155 neg 0.42560717096461037 __DUMMY__ 0.007099271494374155	false	0.5
misstrauensantrag	neg 1.0		off 0.5683365046338145 neg 0.42457184975203754 __DUMMY__ 0.007091645614147904	false	0.5
abfallen	neg 1.0		off 0.5669316944084606 neg 0.42595116628705076 __DUMMY__ 0.007117139304488691	false	0.5
fucker	off 1.0		off 0.5746224888914909 neg 0.4183335262047859 __DUMMY__ 0.007043984903723206	false	1.0
ungezogen	neg 1.0		off 0.579006209485931 neg 0.41405216038920223 __DUMMY__ 0.00694163012486674	false	0.5
irrsinnig	neg 1.0	neg 1.0	neg 0.6959889821196752 off 0.30062680240779166 __DUMMY__ 0.003384215472533143	false	1.0
unfassbar	neg 1.0		off 0.5716381090774038 neg 0.42130684251437994 __DUMMY__ 0.007055048408216433	false	0.5
hart	neg 1.0		off 0.5707203196442175 neg 0.4222528337433185 __DUMMY__ 0.007026846612463907	false	0.5
widerlich	off 1.0		off 0.5712619017333834 neg 0.421701540793201 __DUMMY__ 0.007036557473415693	false	1.0
fatal	neg 1.0	neg 1.0	neg 0.6961433842504258 off 0.30049655082286997 __DUMMY__ 0.0033600649267043503	false	1.0
bruch	neg 1.0		off 0.5615327874054468 neg 0.4312720597926318 __DUMMY__ 0.007195152801921574	false	0.5
aushungern	neg 1.0		off 0.5643478388840055 neg 0.4285394109005871 __DUMMY__ 0.007112750215407484	false	0.5
anspannung	neg 1.0		off 0.5618976308113331 neg 0.43085826088996687 __DUMMY__ 0.007244108298700147	false	0.5
von			off 0.5646107404410274 neg 0.428184456808658 __DUMMY__ 0.007204802750314735	false	0.0
kraftlos	neg 1.0		off 0.5641910678339919 neg 0.42866367837405317 __DUMMY__ 0.007145253791954891	false	0.5
vom			off 0.5625102420234791 neg 0.4301806017883246 __DUMMY__ 0.007309156188196318	false	0.0
grenzdebil	off 1.0		off 0.571188162380775 neg 0.42177145280557854 __DUMMY__ 0.007040384813646565	false	1.0
vor			off 0.5620120485215165 neg 0.4307909202146439 __DUMMY__ 0.007197031263839632	false	0.0
unterwerfen	neg 1.0		off 0.5646949344994932 neg 0.42814217073725874 __DUMMY__ 0.007162894763247954	false	0.5
versenkung	neg 1.0		off 0.564539453686763 neg 0.4282863726691044 __DUMMY__ 0.007174173644132459	false	0.5
entziehen	neg 1.0		off 0.5624384903092521 neg 0.4303758003699176 __DUMMY__ 0.007185709320830253	false	0.5
finanzkrise	neg 1.0		off 0.5620339871211768 neg 0.43091232579709293 __DUMMY__ 0.007053687081730242	false	0.5
schimpfend	neg 1.0		off 0.5692153770589992 neg 0.42365076489432063 __DUMMY__ 0.0071338580466801995	false	0.5
profan	neg 1.0		off 0.5683304450419331 neg 0.4245814050324546 __DUMMY__ 0.007088149925612351	false	0.5
korruption	neg 1.0		off 0.563413521887569 neg 0.4294755364900246 __DUMMY__ 0.007110941622406338	false	0.5
â			off 0.5652700295532536 neg 0.42757216917716395 __DUMMY__ 0.007157801269582411	false	0.0
schmutzig	neg 1.0		off 0.5715154671556744 neg 0.4214423901641029 __DUMMY__ 0.007042142680222841	false	0.5
sexy	neg 1.0		off 0.5708925024708704 neg 0.42201572786927116 __DUMMY__ 0.007091769659858453	false	0.5
abraten	neg 1.0		off 0.5691788727003613 neg 0.4237106689493213 __DUMMY__ 0.007110458350317356	false	0.5
schwarz	neg 1.0		off 0.5691849860947561 neg 0.42371246004231106 __DUMMY__ 0.007102553862932936	false	0.5
fotze	off 1.0	off 1.0	off 0.7709436304944509 neg 0.225635468268286 __DUMMY__ 0.0034209012372630313	false	1.0
verwirren	neg 1.0		off 0.5688828023976383 neg 0.424025886958165 __DUMMY__ 0.007091310644196571	false	0.5
zahnlos	off 1.0		off 0.5651391044253414 neg 0.42773201456637755 __DUMMY__ 0.007128881008280935	false	1.0
verheeren	neg 1.0		off 0.580732972514261 neg 0.41232816782614895 __DUMMY__ 0.006938859659589985	false	0.5
hippie	neg 1.0		off 0.570364438660973 neg 0.42254426303371295 __DUMMY__ 0.007091298305314234	false	0.5
rammen	neg 1.0		off 0.569980483951725 neg 0.42287452366735695 __DUMMY__ 0.007144992380918173	false	0.5
unlauter	neg 1.0		off 0.5687490931997793 neg 0.42415503863832565 __DUMMY__ 0.007095868161894924	false	0.5
unheilvoll	neg 1.0		off 0.5668575908537212 neg 0.42605104508795383 __DUMMY__ 0.007091364058324762	false	0.5
niedrig	neg 1.0		off 0.5645062979704467 neg 0.42834691020621274 __DUMMY__ 0.0071467918233405784	false	0.5
explosion	neg 1.0		off 0.570743065873597 neg 0.4221590462753495 __DUMMY__ 0.007097887851053416	false	0.5
weichei	off 1.0	off 1.0	off 0.7744643334517868 neg 0.2222246824441447 __DUMMY__ 0.003310984104068563	false	1.0
minusmensch	off 1.0		off 0.5807281262482967 neg 0.41232903243644947 __DUMMY__ 0.006942841315253808	false	1.0
farblos	neg 1.0		off 0.5694526865394108 neg 0.42342408201290305 __DUMMY__ 0.007123231447686165	false	0.5
unwissend	neg 1.0	neg 1.0	neg 0.694564707735837 off 0.30207803275155043 __DUMMY__ 0.00335725951261253	false	1.0
traurig	neg 1.0		off 0.5735215563946192 neg 0.4194546814380352 __DUMMY__ 0.007023762167345708	false	0.5
senkung	neg 1.0		off 0.5662893075644971 neg 0.42667013017809174 __DUMMY__ 0.007040562257410982	false	0.5
ungleich	neg 1.0	neg 1.0	neg 0.6975955755731176 off 0.29899376794719823 __DUMMY__ 0.003410656479684193	false	1.0
heikel	neg 1.0		off 0.5631712407171147 neg 0.42966484932982724 __DUMMY__ 0.007163909953058122	false	0.5
drosselung	neg 1.0		off 0.5712918518424629 neg 0.4216771048353158 __DUMMY__ 0.0070310433222212955	false	0.5
falsch	neg 1.0		off 0.5703508695503314 neg 0.422569424608127 __DUMMY__ 0.007079705841541436	false	0.5
unzufriedenheit	neg 1.0		off 0.5622912785347389 neg 0.430552733702746 __DUMMY__ 0.007155987762514936	false	0.5
kurz	neg 1.0		off 0.5664051362773497 neg 0.42643273954027133 __DUMMY__ 0.007162124182378866	false	0.5
unsinnig	neg 1.0		off 0.5647356943641696 neg 0.4281542515534309 __DUMMY__ 0.007110054082399385	false	0.5
penner	off 1.0	off 1.0	off 0.7756289151077134 neg 0.22106417511278256 __DUMMY__ 0.003306909779504002	false	1.0
seicht	neg 1.0		off 0.5753850187037413 neg 0.41770569409354813 __DUMMY__ 0.006909287202710428	false	0.5
dummheit	off 1.0	off 1.0	off 0.7711008638778613 neg 0.22553288487339895 __DUMMY__ 0.003366251248739857	false	1.0
unerfreulich	neg 1.0		off 0.5633085759899699 neg 0.42951928527760275 __DUMMY__ 0.007172138732427446	false	0.5
motherfucker	off 1.0	off 1.0	off 0.7741069382419418 neg 0.2225421008232691 __DUMMY__ 0.0033509609347892374	false	1.0
pikiert	neg 1.0		off 0.5699753467427754 neg 0.422982967349475 __DUMMY__ 0.007041685907749666	false	0.5
wrack	neg 1.0		off 0.5701633619283714 neg 0.4226278302671554 __DUMMY__ 0.007208807804473217	false	0.5
gangster	neg 1.0		off 0.570374488192064 neg 0.422538957743923 __DUMMY__ 0.007086554064012905	false	0.5
krank	neg 1.0		off 0.571992558341648 neg 0.42095737720737897 __DUMMY__ 0.007050064450973031	false	0.5
reich	neg 1.0		off 0.5690526187851264 neg 0.42390006868610974 __DUMMY__ 0.007047312528763835	false	0.5
gnadenlos	neg 1.0		off 0.568311115225261 neg 0.4245677880352403 __DUMMY__ 0.007121096739498617	false	0.5
niedergeschlagen	neg 1.0		off 0.5658447462506337 neg 0.42699354501900594 __DUMMY__ 0.007161708730360279	false	0.5
terrorisieren	off 1.0	off 1.0	off 0.7688225938445238 neg 0.22776182404915393 __DUMMY__ 0.0034155821063222547	false	1.0
sinnlosigkeit	neg 1.0		off 0.5650880568525496 neg 0.4277743696248619 __DUMMY__ 0.007137573522588511	false	0.5
behindern	neg 1.0		off 0.5666119727601415 neg 0.4262677233863703 __DUMMY__ 0.007120303853488091	false	0.5
undemokratisch	neg 1.0		off 0.5678932312223516 neg 0.4250253978111886 __DUMMY__ 0.007081370966459741	false	0.5
wirtschaftskrise	neg 1.0		off 0.5626606540549473 neg 0.43023322432373 __DUMMY__ 0.007106121621322741	false	0.5
neid	neg 1.0		off 0.5687360659208263 neg 0.42419333196396947 __DUMMY__ 0.007070602115204193	false	0.5
rutschen	neg 1.0		off 0.5612350712946997 neg 0.4315232987357004 __DUMMY__ 0.00724162996959975	false	0.5
rezession	neg 1.0		off 0.5697524084470691 neg 0.4232890231015829 __DUMMY__ 0.006958568451348237	false	0.5
fehlgeburt	neg 1.0		off 0.5694236881154685 neg 0.4234332051984319 __DUMMY__ 0.00714310668609962	false	0.5
charakterschwach	off 1.0		off 0.5703764409328418 neg 0.422589136393912 __DUMMY__ 0.007034422673246241	false	1.0
isolation	neg 1.0		off 0.5719386825477727 neg 0.42095920984223956 __DUMMY__ 0.007102107609987908	false	0.5
ablenkung	neg 1.0		off 0.5672243435065217 neg 0.4256415358839309 __DUMMY__ 0.007134120609547376	false	0.5
pech	neg 1.0		off 0.569875231989035 neg 0.4230605747179903 __DUMMY__ 0.007064193292974751	false	0.5
vermeidung	neg 1.0		off 0.5716096803989422 neg 0.4213477833145938 __DUMMY__ 0.007042536286463839	false	0.5
dominieren	neg 1.0		off 0.5665784937723083 neg 0.4262737338682557 __DUMMY__ 0.007147772359436078	false	0.5
schwindlig	neg 1.0		off 0.567933606134233 neg 0.42497772000782164 __DUMMY__ 0.007088673857945394	false	0.5
lutscher	neg 1.0		off 0.5782531166972966 neg 0.41483870603728634 __DUMMY__ 0.0069081772654169225	false	0.5
pflicht	neg 1.0		off 0.562712832940284 neg 0.4300995514790021 __DUMMY__ 0.007187615580713913	false	0.5
faschist	off 1.0		off 0.5692586107234954 neg 0.4236728095879691 __DUMMY__ 0.007068579688535438	false	1.0
verschleudern	neg 1.0		off 0.5623967544833945 neg 0.43047352174144743 __DUMMY__ 0.0071297237751579865	false	0.5
wenn			off 0.5702141686439954 neg 0.4227238179227519 __DUMMY__ 0.0070620134332525985	false	0.0
ehebruch	neg 1.0		off 0.5632357436036505 neg 0.4296333739189306 __DUMMY__ 0.007130882477418934	false	0.5
spott	off 1.0		off 0.5650502035618556 neg 0.4277897994627545 __DUMMY__ 0.0071599969753898575	false	1.0
trostlosigkeit	neg 1.0		off 0.5604617113280844 neg 0.43238403515590623 __DUMMY__ 0.007154253516009352	false	0.5
lutschen	neg 1.0		off 0.5720858670068997 neg 0.4208196476004014 __DUMMY__ 0.007094485392698821	false	0.5
undiszipliniert	neg 1.0		off 0.5725416774995828 neg 0.4204339881649491 __DUMMY__ 0.007024334335468084	false	0.5
kopfschmerz	neg 1.0		off 0.5618328734930427 neg 0.4310517047114042 __DUMMY__ 0.007115421795553153	false	0.5
unvorhergesehen	neg 1.0		off 0.5643210890120901 neg 0.42847786257635345 __DUMMY__ 0.007201048411556553	false	0.5
desinteressiert	neg 1.0		off 0.5719167092109363 neg 0.42105349397941755 __DUMMY__ 0.007029796809646083	false	0.5
armselig	off 1.0		off 0.5738407737402842 neg 0.41914982905864595 __DUMMY__ 0.007009397201069915	false	1.0
desaster	neg 1.0		off 0.5606167811509196 neg 0.4322136529538161 __DUMMY__ 0.007169565895264337	false	0.5
tod	neg 1.0		off 0.5645576381650544 neg 0.42827869998636764 __DUMMY__ 0.007163661848577844	false	0.5
herzlos	neg 1.0		off 0.5733134452400921 neg 0.4196736660793468 __DUMMY__ 0.007012888680561099	false	0.5
unwissenheit	neg 1.0		off 0.5646048105918018 neg 0.4282578690579428 __DUMMY__ 0.007137320350255429	false	0.5
widersinnig	neg 1.0		off 0.5643319010632161 neg 0.42856723257498286 __DUMMY__ 0.007100866361800983	false	0.5
bedenklich	neg 1.0		off 0.5635535294890255 neg 0.42930537669456226 __DUMMY__ 0.007141093816412227	false	0.5
beanstanden	neg 1.0		off 0.5642000498112963 neg 0.4286058436244781 __DUMMY__ 0.0071941065642255305	false	0.5
panisch	neg 1.0		off 0.5695620185520793 neg 0.4233208307378947 __DUMMY__ 0.00711715071002584	false	0.5
debil	off 1.0		off 0.5598733590540959 neg 0.43286344401523225 __DUMMY__ 0.007263196930671842	false	1.0
abstrich	neg 1.0		off 0.5690150819346387 neg 0.4238136601754171 __DUMMY__ 0.00717125788994422	false	0.5
primitiv	neg 1.0		off 0.5719141776869584 neg 0.42105806068418183 __DUMMY__ 0.007027761628859649	false	0.5
abschaum	off 1.0	off 1.0	off 0.7732287034704091 neg 0.22340617237771396 __DUMMY__ 0.003365124151876832	false	1.0
provozieren	neg 1.0		off 0.5669282212338649 neg 0.42597100811879307 __DUMMY__ 0.007100770647342151	false	0.5
tot	neg 1.0		off 0.5667186490089902 neg 0.42612492881167785 __DUMMY__ 0.007156422179331861	false	0.5
instabil	neg 1.0		off 0.5740018799271943 neg 0.41899738908409706 __DUMMY__ 0.007000730988708572	false	0.5
schwuchtel	off 1.0	off 1.0	off 0.7790344326248577 neg 0.2176971853031752 __DUMMY__ 0.0032683820719670007	false	1.0
zerren	neg 1.0		off 0.5655636289002183 neg 0.42727593273414266 __DUMMY__ 0.00716043836563908	false	0.5
kinderficker	off 1.0		off 0.5758298429587956 neg 0.41718580782768366 __DUMMY__ 0.006984349213520627	false	1.0
gefahr	neg 1.0		off 0.5640345779424587 neg 0.4287714693748166 __DUMMY__ 0.007193952682724578	false	0.5
rabiat	neg 1.0		off 0.5651494480278926 neg 0.4277365546828657 __DUMMY__ 0.007113997289241752	false	0.5
verlangsamung	neg 1.0		off 0.57722092926196 neg 0.4158158793152983 __DUMMY__ 0.006963191422741823	false	0.5
ausgestorben	neg 1.0		off 0.5660613014545886 neg 0.42680234712998494 __DUMMY__ 0.0071363514154264285	false	0.5
anklagen	neg 1.0		off 0.565206928301833 neg 0.42766412333962844 __DUMMY__ 0.007128948358538603	false	0.5
trott	neg 1.0		off 0.5675173224981317 neg 0.4253533349092185 __DUMMY__ 0.007129342592649719	false	0.5
verminderung	neg 1.0		off 0.5712442878786257 neg 0.42171941932749163 __DUMMY__ 0.007036292793882566	false	0.5
nach			off 0.5611793456190463 neg 0.43155246286825244 __DUMMY__ 0.007268191512701373	false	0.0
rost	neg 1.0		off 0.5799340654471274 neg 0.4130901754947968 __DUMMY__ 0.006975759058075656	false	0.5
destruktiv	neg 1.0		off 0.5653474740538875 neg 0.4275508387034095 __DUMMY__ 0.007101687242703096	false	0.5
unzumutbarkeit	neg 1.0		off 0.5747679523400656 neg 0.41814596890393807 __DUMMY__ 0.007086078755996172	false	0.5
labil	off 1.0	off 1.0	off 0.7727556753804015 neg 0.22387843819551867 __DUMMY__ 0.0033658864240798184	false	1.0
ziemlich	neg 1.0		off 0.572144361677222 neg 0.4207873611395317 __DUMMY__ 0.00706827718324622	false	0.5
lachnummer	off 1.0		off 0.5671959336120932 neg 0.42568782482472084 __DUMMY__ 0.0071162415631859195	false	1.0
oder			off 0.5684819412859777 neg 0.42438453614272736 __DUMMY__ 0.007133522571294775	false	0.0
verfall	neg 1.0		off 0.5590957967665219 neg 0.4337135768855635 __DUMMY__ 0.007190626347914589	false	0.5
ausgrenzung	neg 1.0		off 0.5680788989525875 neg 0.42483619670770667 __DUMMY__ 0.007084904339705937	false	0.5
unordnung	neg 1.0		off 0.5774535763488782 neg 0.4155100222700058 __DUMMY__ 0.007036401381116086	false	0.5
fehlverhalten	neg 1.0		off 0.563503578437831 neg 0.429335979342739 __DUMMY__ 0.0071604422194299355	false	0.5
eine			off 0.562261453689172 neg 0.4305513750778987 __DUMMY__ 0.007187171232929332	false	0.0
nille	neg 1.0		off 0.568080708893516 neg 0.4247894682781966 __DUMMY__ 0.007129822828287439	false	0.5
qual	neg 1.0		off 0.5670938280856292 neg 0.42577565749524693 __DUMMY__ 0.007130514419123897	false	0.5
verschwenden	neg 1.0		off 0.5624293340581071 neg 0.4304215135298716 __DUMMY__ 0.007149152412021196	false	0.5
riesig	neg 1.0		off 0.5664353085575285 neg 0.4263732908478283 __DUMMY__ 0.007191400594643184	false	0.5
verurteilen	neg 1.0		off 0.5645159039393923 neg 0.42835731187008386 __DUMMY__ 0.00712678419052376	false	0.5
klischee	neg 1.0	neg 1.0	neg 0.6949504343173244 off 0.30168642931635403 __DUMMY__ 0.003363136366321548	false	1.0
diktatorisch	neg 1.0		off 0.5672354796543656 neg 0.4256944968487238 __DUMMY__ 0.007070023496910577	false	0.5
vorhersehbar	neg 1.0		off 0.5676655573819266 neg 0.4252724995236129 __DUMMY__ 0.007061943094460568	false	0.5
sowie			off 0.5741045707011222 neg 0.4189230188353148 __DUMMY__ 0.006972410463563108	false	0.0
stornieren	neg 1.0		off 0.5749415563742125 neg 0.41788865817261966 __DUMMY__ 0.007169785453167875	false	0.5
besteuerung	neg 1.0	neg 1.0	neg 0.697246886954078 off 0.29939037035597105 __DUMMY__ 0.003362742689950978	false	1.0
ungeschminkt	neg 1.0		off 0.5733773711592256 neg 0.4195804452823915 __DUMMY__ 0.007042183558382698	false	0.5
kritisch	neg 1.0		off 0.5650677130772327 neg 0.4277871073961283 __DUMMY__ 0.007145179526638977	false	0.5
schlamperei	off 1.0		off 0.5644287313554739 neg 0.42840940597387 __DUMMY__ 0.007161862670656162	false	1.0
sucht	neg 1.0	neg 1.0	neg 0.6934244057055241 off 0.3031625539990747 __DUMMY__ 0.003413040295401203	false	1.0
egoistisch	off 1.0	off 1.0	off 0.7754272798897656 neg 0.22124408693077338 __DUMMY__ 0.0033286331794609384	false	1.0
ausbeuter	off 1.0		off 0.5616382093977138 neg 0.4312241305839428 __DUMMY__ 0.007137660018343349	false	1.0
arschgeburt	off 1.0		off 0.58294620474266 neg 0.4101675820566958 __DUMMY__ 0.006886213200644327	false	1.0
schubs	neg 1.0		off 0.5639120607548397 neg 0.42894954214255854 __DUMMY__ 0.0071383971026016905	false	0.5
unsolide	neg 1.0		off 0.568808805999764 neg 0.4241103069225294 __DUMMY__ 0.007080887077706648	false	0.5
beschwerde	neg 1.0		off 0.566054791773516 neg 0.4267950528141715 __DUMMY__ 0.007150155412312605	false	0.5
stocken	neg 1.0		off 0.5652854055238162 neg 0.42755249465081885 __DUMMY__ 0.007162099825364949	false	0.5
isolieren	neg 1.0		off 0.5660818783164507 neg 0.4267689474512661 __DUMMY__ 0.007149174232283254	false	0.5
unheilbar	neg 1.0		off 0.5657420515016928 neg 0.4271556225444778 __DUMMY__ 0.007102325953829561	false	0.5
pisser	off 1.0	off 1.0	off 0.7754309622697884 neg 0.22121195493928203 __DUMMY__ 0.003357082790929715	false	1.0
löschen	neg 1.0		off 0.5681369503468249 neg 0.42473948045738275 __DUMMY__ 0.007123569195792281	false	0.5
durchfallen	neg 1.0		off 0.5646913424737515 neg 0.42816473022792906 __DUMMY__ 0.007143927298319298	false	0.5
wichser	off 1.0	off 1.0	off 0.7768498927903984 neg 0.21986302896211282 __DUMMY__ 0.003287078247488805	false	1.0
terror	neg 1.0		off 0.5708397292353833 neg 0.4220599909415528 __DUMMY__ 0.007100279823063982	false	0.5
krass	neg 1.0		off 0.5751338166540194 neg 0.4178683317683692 __DUMMY__ 0.006997851577611261	false	0.5
revolte	neg 1.0		off 0.5664285012864836 neg 0.42654492985886044 __DUMMY__ 0.007026568854655886	false	0.5
besorgt	neg 1.0		off 0.56729103157995 neg 0.4255370524298231 __DUMMY__ 0.007171915990226921	false	0.5
nachlassen	neg 1.0		off 0.5656631977768889 neg 0.4271683500963333 __DUMMY__ 0.00716845212677774	false	0.5
alt	neg 1.0		off 0.5610048265378632 neg 0.4318925730976274 __DUMMY__ 0.007102600364509447	false	0.5
hundesohn	off 1.0	off 1.0	off 0.7778673843722672 neg 0.21882042281926148 __DUMMY__ 0.003312192808471351	false	1.0
als			off 0.5646576562225231 neg 0.4282088190099057 __DUMMY__ 0.007133524767571233	false	0.0
abschreckung	neg 1.0		off 0.5625089775875884 neg 0.4303274887596398 __DUMMY__ 0.007163533652771756	false	0.5
unqualifiziert	neg 1.0		off 0.5699973448766562 neg 0.42293701665797595 __DUMMY__ 0.00706563846536787	false	0.5
abgewichst	off 1.0		off 0.5680141177606206 neg 0.4248426717195365 __DUMMY__ 0.007143210519842881	false	1.0
schwer	neg 1.0		off 0.5657853571338073 neg 0.4270955551947617 __DUMMY__ 0.007119087671431004	false	0.5
bedeutungslosigkeit	neg 1.0		off 0.5629359065569007 neg 0.4299050194131523 __DUMMY__ 0.007159074029947031	false	0.5
kapitulation	neg 1.0		off 0.562669367954047 neg 0.4302150818747429 __DUMMY__ 0.007115550171210052	false	0.5
unscharf	neg 1.0		off 0.5655088868045299 neg 0.4274465394649014 __DUMMY__ 0.007044573730568441	false	0.5
schwinden	neg 1.0		off 0.562920684560928 neg 0.4299253109956465 __DUMMY__ 0.007154004443425502	false	0.5
versklavung	neg 1.0	neg 1.0	neg 0.6960081893843159 off 0.3006186453357318 __DUMMY__ 0.003373165279952401	false	1.0
schlecht	neg 1.0		off 0.5725136674560622 neg 0.4204148761581972 __DUMMY__ 0.007071456385740511	false	0.5
verhasst	neg 1.0		off 0.5672344227338211 neg 0.4256758282582683 __DUMMY__ 0.007089749007910648	false	0.5
beschweren	neg 1.0		off 0.5692600879440004 neg 0.42362694620542074 __DUMMY__ 0.007112965850578941	false	0.5
scheiden	neg 1.0		off 0.567265319856748 neg 0.42561380513857056 __DUMMY__ 0.007120875004681581	false	0.5
frustriert	neg 1.0		off 0.565950034726731 neg 0.4269105203079425 __DUMMY__ 0.00713944496532648	false	0.5
schimmelig	neg 1.0		off 0.5638396181822466 neg 0.42902872542255044 __DUMMY__ 0.0071316563952028705	false	0.5
fisch	neg 1.0		off 0.5597580563849355 neg 0.4330995334207148 __DUMMY__ 0.007142410194349701	false	0.5
schmuggel	neg 1.0		off 0.5638419671806737 neg 0.4289530809011479 __DUMMY__ 0.007204951918178415	false	0.5
auffallen	neg 1.0		off 0.5688911164653396 neg 0.4240118945466534 __DUMMY__ 0.0070969889880069074	false	0.5
konkurrenz	neg 1.0		off 0.5643752968351079 neg 0.4284349859090055 __DUMMY__ 0.007189717255886536	false	0.5
teufelskreis	neg 1.0	neg 1.0	neg 0.6976803797012611 off 0.2989391529249115 __DUMMY__ 0.00338046737382737	false	1.0
aufschreien	neg 1.0		off 0.5681418988027933 neg 0.4247862699010651 __DUMMY__ 0.007071831296141594	false	0.5
schuldner	neg 1.0		off 0.5613842108164128 neg 0.4314806416429877 __DUMMY__ 0.00713514754059949	false	0.5
missgeburt	off 1.0	off 1.0	off 0.7781802509699245 neg 0.21848411142643806 __DUMMY__ 0.003335637603637513	false	1.0
arbeitslos	neg 1.0		off 0.5647113825621037 neg 0.42814233215732034 __DUMMY__ 0.007146285280576	false	0.5
befallen	neg 1.0		off 0.565189401553597 neg 0.42769891014748146 __DUMMY__ 0.007111688298921551	false	0.5
miesepetrig	off 1.0	off 1.0	off 0.7724286075668141 neg 0.22421108335838869 __DUMMY__ 0.0033603090747973204	false	1.0
alarmieren	neg 1.0		off 0.5711178874752025 neg 0.4218116829553772 __DUMMY__ 0.00707042956942029	false	0.5
ungeduscht	off 1.0		off 0.5699104861375991 neg 0.4230311201949634 __DUMMY__ 0.007058393667437492	false	1.0
knappheit	neg 1.0		off 0.5638127038256223 neg 0.42906744057786234 __DUMMY__ 0.007119855596515241	false	0.5
schlange	neg 1.0		off 0.568320930405908 neg 0.4245464497698675 __DUMMY__ 0.007132619824224484	false	0.5
harsch	neg 1.0		off 0.5788618083851572 neg 0.4140743176497068 __DUMMY__ 0.007063873965135987	false	0.5
lang	neg 1.0		off 0.5687909711339099 neg 0.4240922404242259 __DUMMY__ 0.007116788441864248	false	0.5
ziellos	neg 1.0		off 0.5645605505777586 neg 0.4282608180486536 __DUMMY__ 0.007178631373587921	false	0.5
selbstverliebt	neg 1.0		off 0.5806974634037123 neg 0.4123815777227936 __DUMMY__ 0.0069209588734941785	false	0.5
beseitigen	neg 1.0		off 0.5712831918642806 neg 0.4215353532481755 __DUMMY__ 0.007181454887544016	false	0.5
dumm	off 1.0		off 0.575998143923767 neg 0.41703473110682604 __DUMMY__ 0.006967124969407011	false	1.0
arbeitsloser	neg 1.0		off 0.5670061628911788 neg 0.4258152739339838 __DUMMY__ 0.007178563174837343	false	0.5
blitzen	neg 1.0		off 0.5700072115290862 neg 0.42291972314787285 __DUMMY__ 0.00707306532304103	false	0.5
hilflos	neg 1.0		off 0.5647110167031758 neg 0.42814558575416567 __DUMMY__ 0.007143397542658445	false	0.5
eklig	off 1.0		off 0.5753827999972176 neg 0.4176712243521351 __DUMMY__ 0.006945975650647307	false	1.0
begriff			off 0.5660219243709109 neg 0.426860035135642 __DUMMY__ 0.007118040493447103	false	0.0
hungersnot	neg 1.0		off 0.5625486252312646 neg 0.43034897087643975 __DUMMY__ 0.007102403892295636	false	0.5
ungesetzlich	neg 1.0		off 0.5675943455280158 neg 0.4253300407399971 __DUMMY__ 0.007075613731987129	false	0.5
verschwendung	neg 1.0		off 0.5629466545507041 neg 0.4298940686406824 __DUMMY__ 0.007159276808613509	false	0.5
schmerzvoll	neg 1.0		off 0.5672789508325945 neg 0.4256286247433159 __DUMMY__ 0.007092424424089571	false	0.5
vorzeitig	neg 1.0		off 0.5728285337668482 neg 0.4200852713982029 __DUMMY__ 0.007086194834948858	false	0.5
unvollkommenheit	neg 1.0		off 0.5659527825473962 neg 0.426910312313761 __DUMMY__ 0.007136905138842704	false	0.5
intervenieren	neg 1.0		off 0.5624011773135195 neg 0.43046448031260287 __DUMMY__ 0.007134342373877617	false	0.5
banause	off 1.0		off 0.5748433104559428 neg 0.4182543918550596 __DUMMY__ 0.006902297688997442	false	1.0
rebell	neg 1.0		off 0.5604699945932802 neg 0.43233520709112805 __DUMMY__ 0.007194798315591716	false	0.5
unlogisch	neg 1.0		off 0.572940464239543 neg 0.4200410690518031 __DUMMY__ 0.00701846670865381	false	0.5
leiden	neg 1.0		off 0.5645463768426539 neg 0.42824744815881494 __DUMMY__ 0.007206174998531231	false	0.5
abschaffung	neg 1.0		off 0.5668493865626449 neg 0.42606077104199236 __DUMMY__ 0.007089842395362726	false	0.5
sturz	neg 1.0		off 0.5726661928531473 neg 0.42018002860741577 __DUMMY__ 0.007153778539436882	false	0.5
verkleinerung	neg 1.0		off 0.5686135033336214 neg 0.42434337467213273 __DUMMY__ 0.007043121994245872	false	0.5
schmarotzer	off 1.0		off 0.5647535752699667 neg 0.42811977883847124 __DUMMY__ 0.0071266458915619614	false	1.0
bestrafung	neg 1.0	neg 1.0	neg 0.6955369511324673 off 0.30106784365116324 __DUMMY__ 0.0033952052163695083	false	1.0
achtlos	neg 1.0		off 0.5660937451239128 neg 0.42676554801951655 __DUMMY__ 0.00714070685657053	false	0.5
ungeheuer	neg 1.0		off 0.5662988564037893 neg 0.42660326920885566 __DUMMY__ 0.007097874387355133	false	0.5
