unsolidarisch	neg 1.0		off 0.5459888759228656 neg 0.41251926011370316 __DUMMY__ 0.041491863963431366	false	0.5
nachteilig	neg 1.0		off 0.5463511065667823 neg 0.4115280152091984 __DUMMY__ 0.04212087822401922	false	0.5
skeptisch	neg 1.0		off 0.5432740505627117 neg 0.41470220605898206 __DUMMY__ 0.04202374337830616	false	0.5
schrecklich	neg 1.0		off 0.5542561369420521 neg 0.40462280264299594 __DUMMY__ 0.04112106041495184	false	0.5
schlapp	neg 1.0	neg 1.0	neg 0.6870501674872942 off 0.2932400460567831 __DUMMY__ 0.019709786455922727	false	1.0
abfall	neg 1.0		off 0.5415950393662075 neg 0.41611459907257003 __DUMMY__ 0.04229036156122259	false	0.5
widerspenstig	neg 1.0		off 0.5457016989479796 neg 0.4126323959216925 __DUMMY__ 0.04166590513032787	false	0.5
abrupt	neg 1.0		off 0.5424450280402892 neg 0.41557327787915 __DUMMY__ 0.04198169408056089	false	0.5
unwirksam	neg 1.0		off 0.5444765663805405 neg 0.41414238595779873 __DUMMY__ 0.041381047661660716	false	0.5
angreifen	neg 1.0		off 0.5426578541992045 neg 0.4152915610641104 __DUMMY__ 0.042050584736685034	false	0.5
inkonsistent	neg 1.0		off 0.5483427704963363 neg 0.4102146573665664 __DUMMY__ 0.04144257213709732	false	0.5
abrutschen	neg 1.0		off 0.5406191624884199 neg 0.41713207148842335 __DUMMY__ 0.042248766023156775	false	0.5
unsicher	neg 1.0		off 0.5476610183206365 neg 0.4105355561571118 __DUMMY__ 0.04180342552225161	false	0.5
bauernkind	off 1.0	off 1.0	off 0.7649390192716332 neg 0.21563774802795374 __DUMMY__ 0.019423232700413066	false	1.0
angreifer	neg 1.0		off 0.553156919772579 neg 0.4050917165534027 __DUMMY__ 0.04175136367401837	false	0.5
trennen	neg 1.0		off 0.543447182176686 neg 0.41440565310705546 __DUMMY__ 0.04214716471625862	false	0.5
schmutz	neg 1.0		off 0.5563511472914173 neg 0.40153804525180076 __DUMMY__ 0.04211080745678201	false	0.5
inkonsistenz	neg 1.0		off 0.5506969593916365 neg 0.40793227921163583 __DUMMY__ 0.04137076139672757	false	0.5
erschreckend	neg 1.0		off 0.5462624409093325 neg 0.41197627170012857 __DUMMY__ 0.041761287390538845	false	0.5
ertrinken	neg 1.0		off 0.5415648648045917 neg 0.4164312668149984 __DUMMY__ 0.04200386838040987	false	0.5
pickelface	off 1.0		off 0.5490286361354354 neg 0.4091681859282029 __DUMMY__ 0.04180317793636167	false	1.0
seiner			off 0.5439387238089394 neg 0.41395103871976 __DUMMY__ 0.04211023747130055	false	0.0
lauch	neg 1.0	neg 1.0	neg 0.6910052110716676 off 0.28876715382791995 __DUMMY__ 0.02022763510041241	false	1.0
unwichtig	neg 1.0		off 0.5507424033155891 neg 0.40787404975147584 __DUMMY__ 0.04138354693293508	false	0.5
steuerhinterziehung	neg 1.0		off 0.5449198055150464 neg 0.41346645219024875 __DUMMY__ 0.04161374229470485	false	0.5
schock	neg 1.0		off 0.5461765851552581 neg 0.41195568613968886 __DUMMY__ 0.04186772870505292	false	0.5
beule	neg 1.0		off 0.5524149107501723 neg 0.4063929123499303 __DUMMY__ 0.04119217689989728	false	0.5
vergelten	neg 1.0		off 0.5567656351567323 neg 0.4020371304388897 __DUMMY__ 0.04119723440437797	false	0.5
verdorbenheit	neg 1.0		off 0.5506994842585943 neg 0.40744572319783645 __DUMMY__ 0.04185479254356928	false	0.5
trauma	neg 1.0		off 0.5482781216568904 neg 0.4100911108986476 __DUMMY__ 0.04163076744446201	false	0.5
sinnlos	neg 1.0		off 0.5489643842733882 neg 0.40940997216976005 __DUMMY__ 0.041625643556851666	false	0.5
fettsack	off 1.0	off 1.0	off 0.7662998541187171 neg 0.21424563509944908 __DUMMY__ 0.01945451078183379	false	1.0
feige	off 1.0	off 1.0	off 0.7632945089304483 neg 0.21704039948476933 __DUMMY__ 0.019665091584782492	false	1.0
abdanken	neg 1.0		off 0.547210286359308 neg 0.41100327119561225 __DUMMY__ 0.04178644244507968	false	0.5
wichtigtuer	off 1.0	off 1.0	off 0.7623064911746819 neg 0.2178764558383253 __DUMMY__ 0.0198170529869929	false	1.0
misslingen	neg 1.0		off 0.5525062876505155 neg 0.4055094155945105 __DUMMY__ 0.04198429675497411	false	0.5
untreu	off 1.0		off 0.5517683824440149 neg 0.40692544005799974 __DUMMY__ 0.04130617749798543	false	1.0
missmutig	neg 1.0		off 0.5486965237994919 neg 0.4099340032466451 __DUMMY__ 0.041369472953863104	false	0.5
hurenbock	off 1.0		off 0.5476848988092159 neg 0.4106465750805866 __DUMMY__ 0.041668526110197626	false	1.0
betrunken	neg 1.0		off 0.5532624952840282 neg 0.4055649407940979 __DUMMY__ 0.04117256392187403	false	0.5
korrupt	off 1.0		off 0.5436970267416683 neg 0.4147263710730611 __DUMMY__ 0.04157660218527057	false	1.0
unmut	neg 1.0		off 0.5419437268184902 neg 0.41591064424568525 __DUMMY__ 0.04214562893582452	false	0.5
hackfresse	off 1.0		off 0.5577821040430525 neg 0.40140593931587226 __DUMMY__ 0.04081195664107502	false	1.0
aufblasen	neg 1.0		off 0.5473490252903187 neg 0.4109538177073682 __DUMMY__ 0.041697157002313044	false	0.5
gewaltsam	neg 1.0		off 0.5483924989880108 neg 0.409738615651742 __DUMMY__ 0.04186888536024708	false	0.5
unbeliebtheit	neg 1.0		off 0.5530711277162225 neg 0.4055406528235378 __DUMMY__ 0.041388219460239684	false	0.5
sturheit	neg 1.0		off 0.5468443124776398 neg 0.4113302800603464 __DUMMY__ 0.04182540746201383	false	0.5
kuh	neg 1.0		off 0.5458971586176995 neg 0.41297088382416564 __DUMMY__ 0.04113195755813487	false	0.5
erschrecken	neg 1.0		off 0.5506663549247304 neg 0.40783758412954985 __DUMMY__ 0.041496060945719705	false	0.5
opfer	neg 1.0		off 0.5450884009744217 neg 0.4129015504270039 __DUMMY__ 0.042010048598574476	false	0.5
sinken	neg 1.0		off 0.5416789733947366 neg 0.4162875900947322 __DUMMY__ 0.04203343651053128	false	0.5
stinktier	neg 1.0		off 0.5535291659181016 neg 0.40575580107986703 __DUMMY__ 0.04071503300203111	false	0.5
tucke	off 1.0		off 0.5576300057351272 neg 0.4018818681403819 __DUMMY__ 0.040488126124490854	false	1.0
ein			off 0.5451158920170711 neg 0.4132370902796938 __DUMMY__ 0.041647017703235	false	0.0
abstieg	neg 1.0		off 0.5481411610329846 neg 0.40975754642786844 __DUMMY__ 0.042101292539146865	false	0.5
missverstehen	neg 1.0		off 0.5489984323334679 neg 0.4094920592650539 __DUMMY__ 0.04150950840147822	false	0.5
ergebnislos	neg 1.0		off 0.5462014504021145 neg 0.41166972244954414 __DUMMY__ 0.04212882714834137	false	0.5
unter			off 0.5396948524856984 neg 0.41762856407139154 __DUMMY__ 0.042676583442910046	false	0.0
manipulieren	neg 1.0		off 0.5441631502927436 neg 0.4137860548854958 __DUMMY__ 0.042050794821760544	false	0.5
unbewiesen	neg 1.0		off 0.5473996785798301 neg 0.41101732178099826 __DUMMY__ 0.04158299963917163	false	0.5
verschleppen	neg 1.0		off 0.5441104924250403 neg 0.4140767980625696 __DUMMY__ 0.041812709512390155	false	0.5
weib	off 1.0		off 0.5594505924211695 neg 0.39989726874979187 __DUMMY__ 0.040652138829038745	false	1.0
opposition	neg 1.0		off 0.5476068021781026 neg 0.4108754601619365 __DUMMY__ 0.04151773765996099	false	0.5
verkehrswidrig	neg 1.0		off 0.5600949114907176 neg 0.39850753244336745 __DUMMY__ 0.041397556065914956	false	0.5
inkorrekt	neg 1.0		off 0.5532395470773659 neg 0.4057023529966083 __DUMMY__ 0.04105809992602573	false	0.5
vermeiden	neg 1.0		off 0.5422356078126733 neg 0.41532774723042143 __DUMMY__ 0.042436644956905294	false	0.5
abweichung	neg 1.0		off 0.5469271757618793 neg 0.4110740689278125 __DUMMY__ 0.041998755310308264	false	0.5
alkoholisiert	neg 1.0		off 0.5492261475601624 neg 0.40825504331022194 __DUMMY__ 0.04251880912961554	false	0.5
scheiss	off 1.0	off 1.0	off 0.7642202662044147 neg 0.2161539355674045 __DUMMY__ 0.019625798228180658	false	1.0
herausforderung	neg 1.0		off 0.5457645228102168 neg 0.4122984982069166 __DUMMY__ 0.041936978982866496	false	0.5
pervers	off 1.0		off 0.5609933397159117 neg 0.39852223099468154 __DUMMY__ 0.04048442928940693	false	1.0
wackelig	neg 1.0		off 0.545859238256209 neg 0.41217724295271996 __DUMMY__ 0.04196351879107117	false	0.5
verwickeln	neg 1.0		off 0.548312932505974 neg 0.4101166820144605 __DUMMY__ 0.04157038547956551	false	0.5
vorwand	neg 1.0		off 0.542549896266356 neg 0.415361214931923 __DUMMY__ 0.0420888888017209	false	0.5
muschi	off 1.0		off 0.5488491611777216 neg 0.4092181466884042 __DUMMY__ 0.041932692133873975	false	1.0
entmutigung	neg 1.0		off 0.5465299765662893 neg 0.4121522588606637 __DUMMY__ 0.041317764573047	false	0.5
unangemessen	neg 1.0		off 0.5459691361388159 neg 0.4122421350729356 __DUMMY__ 0.04178872878824831	false	0.5
unstetig	neg 1.0		off 0.5519058761964859 neg 0.4065340440251262 __DUMMY__ 0.041560079778387916	false	0.5
entmutigen	neg 1.0		off 0.5466193748330602 neg 0.4118201587843142 __DUMMY__ 0.04156046638262554	false	0.5
schwanz	neg 1.0		off 0.5468732160968651 neg 0.41110573504108755 __DUMMY__ 0.0420210488620474	false	0.5
verbot	neg 1.0		off 0.5451934839235624 neg 0.41306082542507955 __DUMMY__ 0.041745690651358074	false	0.5
leid	neg 1.0		off 0.5554013901326686 neg 0.4036064018632582 __DUMMY__ 0.04099220800407319	false	0.5
archaisch	neg 1.0		off 0.5453695755321172 neg 0.4128632126126616 __DUMMY__ 0.041767211855221274	false	0.5
gegen			off 0.543635358100491 neg 0.41413034981343133 __DUMMY__ 0.04223429208607763	false	0.0
scheidung	neg 1.0		off 0.5687612626794049 neg 0.3905204132927903 __DUMMY__ 0.04071832402780476	false	0.5
einschlag	neg 1.0		off 0.5574840499310239 neg 0.4011628062700495 __DUMMY__ 0.04135314379892668	false	0.5
m			off 0.5465662609381108 neg 0.41147717482322355 __DUMMY__ 0.0419565642386657	false	0.0
abgestanden	neg 1.0		off 0.5433905191740087 neg 0.41527434103090655 __DUMMY__ 0.04133513979508478	false	0.5
schmierig	off 1.0		off 0.5547832329738124 neg 0.40423181526398094 __DUMMY__ 0.040984951762206796	false	1.0
unpraktisch	neg 1.0		off 0.5490642376366672 neg 0.40923438587463445 __DUMMY__ 0.04170137648869841	false	0.5
wixxer	off 1.0		off 0.560782311139249 neg 0.39880767090715097 __DUMMY__ 0.040410017953600046	false	1.0
bezeichnet			off 0.5478508212269694 neg 0.41039512224282126 __DUMMY__ 0.041754056530209444	false	0.0
jammerlappen	off 1.0		off 0.5510026948250376 neg 0.40762500475521707 __DUMMY__ 0.0413723004197453	false	1.0
farce	neg 1.0		off 0.5460442805954607 neg 0.41235176152913045 __DUMMY__ 0.04160395787540877	false	0.5
zwecklos	neg 1.0		off 0.5446863211023142 neg 0.4135086197969724 __DUMMY__ 0.041805059100713575	false	0.5
turbulent	neg 1.0		off 0.554055780164023 neg 0.4046422291080288 __DUMMY__ 0.04130199072794837	false	0.5
invasion	neg 1.0		off 0.549724072858475 neg 0.40868969553977574 __DUMMY__ 0.04158623160174922	false	0.5
schuld	neg 1.0		off 0.5480192226817819 neg 0.41033862472425064 __DUMMY__ 0.04164215259396743	false	0.5
risiko	neg 1.0		off 0.5491238998675332 neg 0.40929691965430254 __DUMMY__ 0.04157918047816441	false	0.5
finster	neg 1.0		off 0.5452222423232685 neg 0.4132018631905372 __DUMMY__ 0.0415758944861942	false	0.5
geisteskrank	off 1.0		off 0.5524657618191201 neg 0.40637442901761217 __DUMMY__ 0.04115980916326774	false	1.0
zusammenbrechen	neg 1.0		off 0.5450556354167907 neg 0.4131317189866173 __DUMMY__ 0.04181264559659205	false	0.5
ausbeute	neg 1.0		off 0.5479001912730534 neg 0.41016576676352495 __DUMMY__ 0.04193404196342163	false	0.5
hinterhalt	neg 1.0		off 0.5466063036394369 neg 0.4115571024364556 __DUMMY__ 0.041836593924107456	false	0.5
kritik	neg 1.0		off 0.5454687330451921 neg 0.4129391585768902 __DUMMY__ 0.041592108377917915	false	0.5
einschrumpfen	neg 1.0		off 0.5505858346203344 neg 0.40812820077329814 __DUMMY__ 0.04128596460636745	false	0.5
riskant	neg 1.0		off 0.5433975580785593 neg 0.4146006909875694 __DUMMY__ 0.04200175093387133	false	0.5
frustrieren	neg 1.0		off 0.543582824134494 neg 0.4145180108996887 __DUMMY__ 0.04189916496581737	false	0.5
groll	neg 1.0		off 0.5457694870478139 neg 0.4123587617127152 __DUMMY__ 0.0418717512394708	false	0.5
gibt			off 0.5454295570519702 neg 0.41266578103384316 __DUMMY__ 0.04190466191418652	false	0.0
qualvoll	neg 1.0		off 0.5484269792100915 neg 0.4100259424255724 __DUMMY__ 0.04154707836433624	false	0.5
wackeln	neg 1.0		off 0.5474347776648535 neg 0.41078397878496375 __DUMMY__ 0.0417812435501826	false	0.5
klagen	neg 1.0		off 0.5425482888779516 neg 0.41539968827916435 __DUMMY__ 0.04205202284288413	false	0.5
bankrott	neg 1.0		off 0.5528936751109437 neg 0.40551334910774195 __DUMMY__ 0.04159297578131439	false	0.5
trauern	neg 1.0		off 0.5459077603576745 neg 0.4118817316938122 __DUMMY__ 0.04221050794851332	false	0.5
ablehnung	neg 1.0		off 0.5459154277565718 neg 0.4123720397811489 __DUMMY__ 0.04171253246227927	false	0.5
stur	neg 1.0		off 0.5473894035265894 neg 0.4110251127221567 __DUMMY__ 0.04158548375125387	false	0.5
aufruhr	neg 1.0		off 0.5458068683531866 neg 0.41261047269702855 __DUMMY__ 0.0415826589497849	false	0.5
melancholie	neg 1.0		off 0.5417496797225099 neg 0.41637478265087885 __DUMMY__ 0.04187553762661136	false	0.5
ist			off 0.5485189538873501 neg 0.4098607868196113 __DUMMY__ 0.04162025929303872	false	0.0
torheit	neg 1.0		off 0.5476209123464634 neg 0.4107919413605042 __DUMMY__ 0.04158714629303248	false	0.5
dreckskind	off 1.0		off 0.5589044154183979 neg 0.40034970917856383 __DUMMY__ 0.04074587540303819	false	1.0
umtauschen	neg 1.0		off 0.5469228686116966 neg 0.41130363230693123 __DUMMY__ 0.04177349908137205	false	0.5
zum			off 0.5446608727529731 neg 0.4126920589010684 __DUMMY__ 0.04264706834595828	false	0.0
zersetzen	neg 1.0		off 0.5424372086267047 neg 0.4156297554465966 __DUMMY__ 0.041933035926698614	false	0.5
zur			off 0.5424839409101635 neg 0.415070268413317 __DUMMY__ 0.042445790676519504	false	0.0
frust	neg 1.0		off 0.5448011527437444 neg 0.4133729169649156 __DUMMY__ 0.041825930291340116	false	0.5
unerbittlichkeit	neg 1.0		off 0.5445721889108922 neg 0.41341264411909445 __DUMMY__ 0.042015166970013375	false	0.5
zwei			off 0.5419095054669307 neg 0.41563372850365066 __DUMMY__ 0.04245676602941867	false	0.0
unkorrekt	neg 1.0		off 0.5525120663667691 neg 0.406346551350226 __DUMMY__ 0.041141382283005075	false	0.5
hexe	off 1.0		off 0.5493813680404771 neg 0.40938698272709106 __DUMMY__ 0.04123164923243199	false	1.0
lasch	neg 1.0		off 0.5503121704060187 neg 0.40826011424903813 __DUMMY__ 0.0414277153449433	false	0.5
rivale	neg 1.0		off 0.5552872625529746 neg 0.4035192890148548 __DUMMY__ 0.04119344843217056	false	0.5
mutlos	off 1.0	off 1.0	off 0.7595614236919979 neg 0.22046610413211695 __DUMMY__ 0.019972472175885235	false	1.0
wirr	off 1.0		off 0.5541186827265923 neg 0.4048678281543397 __DUMMY__ 0.04101348911906815	false	1.0
jahr			off 0.547221709308904 neg 0.41042847705069574 __DUMMY__ 0.04234981364040016	false	0.0
wird			off 0.5452187298393553 neg 0.412824237290228 __DUMMY__ 0.04195703287041684	false	0.0
strafbar	neg 1.0		off 0.5437422753109982 neg 0.41429977379108873 __DUMMY__ 0.04195795089791317	false	0.5
erosion	neg 1.0		off 0.5481501510869925 neg 0.41007240658069605 __DUMMY__ 0.04177744233231146	false	0.5
eingehen	neg 1.0		off 0.5429486914794787 neg 0.4151819717703869 __DUMMY__ 0.041869336750134344	false	0.5
faul	off 1.0		off 0.5515075501504513 neg 0.4069846721535465 __DUMMY__ 0.04150777769600222	false	1.0
provisorium	neg 1.0		off 0.5400792175703478 neg 0.41722361044837253 __DUMMY__ 0.042697171981279765	false	0.5
schmerzen	neg 1.0		off 0.5446393547757529 neg 0.41370384320368425 __DUMMY__ 0.041656802020562926	false	0.5
schrumpfen	neg 1.0		off 0.5394550578097969 neg 0.41837930855881567 __DUMMY__ 0.04216563363138738	false	0.5
geistlos	off 1.0		off 0.5476296685462411 neg 0.4110227402827864 __DUMMY__ 0.04134759117097255	false	1.0
fehlkauf	neg 1.0		off 0.5493208387611813 neg 0.40913691808392916 __DUMMY__ 0.041542243154889524	false	0.5
frustrierend	neg 1.0		off 0.549646173057501 neg 0.40892962126165155 __DUMMY__ 0.041424205680847564	false	0.5
unzufrieden	neg 1.0		off 0.5451740231711608 neg 0.4129518492270825 __DUMMY__ 0.0418741276017566	false	0.5
verzweifeln	neg 1.0		off 0.5463615174888139 neg 0.4118307312829497 __DUMMY__ 0.04180775122823633	false	0.5
verzweifelt	neg 1.0		off 0.5476399422672836 neg 0.41076024192964156 __DUMMY__ 0.041599815803074876	false	0.5
misstrauensantrag	neg 1.0		off 0.5486953696947956 neg 0.4097488204572737 __DUMMY__ 0.041555809847930794	false	0.5
abfallen	neg 1.0		off 0.547226249804311 neg 0.4110691888957637 __DUMMY__ 0.04170456129992523	false	0.5
fucker	off 1.0		off 0.5550899263795959 neg 0.40363293951731966 __DUMMY__ 0.041277134103084444	false	1.0
ungezogen	neg 1.0		off 0.5597327306743355 neg 0.39958685967770724 __DUMMY__ 0.04068040964795743	false	0.5
irrsinnig	neg 1.0	neg 1.0	neg 0.6888968522411422 off 0.291246710453906 __DUMMY__ 0.01985643730495184	false	1.0
unfassbar	neg 1.0		off 0.5520868286130163 neg 0.40657122038301535 __DUMMY__ 0.04134195100396833	false	0.5
hart	neg 1.0		off 0.5512458265632785 neg 0.4075760574309402 __DUMMY__ 0.041178116005781286	false	0.5
widerlich	off 1.0		off 0.5517631931922876 neg 0.4070028136084771 __DUMMY__ 0.041233993199235285	false	1.0
fatal	neg 1.0	neg 1.0	neg 0.6891032241765043 off 0.29118180932064647 __DUMMY__ 0.019714966502849228	false	1.0
bruch	neg 1.0		off 0.5416425050165892 neg 0.4161975774498808 __DUMMY__ 0.04215991753353022	false	0.5
aushungern	neg 1.0		off 0.5446739109818528 neg 0.41364730219204854 __DUMMY__ 0.04167878682609865	false	0.5
anspannung	neg 1.0		off 0.5418696418270733 neg 0.41568464596415805 __DUMMY__ 0.042445712208768506	false	0.5
von			off 0.5446770709015122 neg 0.41310617425537366 __DUMMY__ 0.04221675484311424	false	0.0
kraftlos	neg 1.0		off 0.5444233886608211 neg 0.41370812629395554 __DUMMY__ 0.04186848504522328	false	0.5
vom			off 0.5422978883718889 neg 0.4148765904443176 __DUMMY__ 0.04282552118379353	false	0.0
grenzdebil	off 1.0		off 0.5516783287414805 neg 0.4070652935881609 __DUMMY__ 0.04125637767035866	false	1.0
vor			off 0.5421122192595164 neg 0.4157173759293342 __DUMMY__ 0.04217040481114953	false	0.0
unterwerfen	neg 1.0		off 0.5448804306971995 neg 0.41314819817320697 __DUMMY__ 0.041971371129593524	false	0.5
versenkung	neg 1.0		off 0.544694570758081 neg 0.413268397086039 __DUMMY__ 0.042037032155879894	false	0.5
entziehen	neg 1.0		off 0.5425702139173708 neg 0.41532548831508664 __DUMMY__ 0.04210429776754259	false	0.5
finanzkrise	neg 1.0		off 0.5425260811900849 neg 0.41613972804398563 __DUMMY__ 0.041334190765929466	false	0.5
schimpfend	neg 1.0		off 0.549453527145533 neg 0.40874378771951575 __DUMMY__ 0.041802685134951306	false	0.5
profan	neg 1.0		off 0.5487021624191627 neg 0.40976265026197495 __DUMMY__ 0.04153518731886235	false	0.5
korruption	neg 1.0		off 0.543746186057472 neg 0.4145856284471779 __DUMMY__ 0.0416681854953502	false	0.5
â			off 0.5454609922337054 neg 0.41259758000766106 __DUMMY__ 0.041941427758633756	false	0.0
schmutzig	neg 1.0		off 0.5519995039307347 neg 0.4067337947711272 __DUMMY__ 0.041266701298138066	false	0.5
sexy	neg 1.0		off 0.551242433292194 neg 0.40720153231239237 __DUMMY__ 0.04155603439541368	false	0.5
abraten	neg 1.0		off 0.5494849745291289 neg 0.40884956021422936 __DUMMY__ 0.041665465256641665	false	0.5
schwarz	neg 1.0		off 0.5495130281411291 neg 0.4088680041882923 __DUMMY__ 0.041618967670578474	false	0.5
fotze	off 1.0	off 1.0	off 0.7614612959227317 neg 0.21846721675420447 __DUMMY__ 0.020071487323063915	false	1.0
verwirren	neg 1.0		off 0.5492441218357397 neg 0.409202408623023 __DUMMY__ 0.04155346954123737	false	0.5
zahnlos	off 1.0		off 0.5454158434446584 neg 0.4128115905489435 __DUMMY__ 0.041772566006398136	false	1.0
verheeren	neg 1.0		off 0.561463387651908 neg 0.3978721974340445 __DUMMY__ 0.04066441491404745	false	0.5
hippie	neg 1.0		off 0.5507186060082231 neg 0.40772817328571537 __DUMMY__ 0.041553220706061524	false	0.5
rammen	neg 1.0		off 0.5501846527203837 neg 0.4079473786222211 __DUMMY__ 0.041867968657395276	false	0.5
unlauter	neg 1.0		off 0.549098746723464 neg 0.40932064489198494 __DUMMY__ 0.041580608384551146	false	0.5
unheilvoll	neg 1.0		off 0.5472230121487769 neg 0.41122256046906935 __DUMMY__ 0.041554427382153904	false	0.5
niedrig	neg 1.0		off 0.5447312884559417 neg 0.41339058567752396 __DUMMY__ 0.04187812586653447	false	0.5
explosion	neg 1.0		off 0.5510768782877957 neg 0.40733119429348885 __DUMMY__ 0.0415919274187155	false	0.5
weichei	off 1.0	off 1.0	off 0.7652811352043867 neg 0.21529119665678279 __DUMMY__ 0.019427668138830612	false	1.0
minusmensch	off 1.0		off 0.5614491263579705 neg 0.3978634631457205 __DUMMY__ 0.040687410496308925	false	1.0
farblos	neg 1.0		off 0.5497180472552635 neg 0.408540920065953 __DUMMY__ 0.041741032678783534	false	0.5
unwissend	neg 1.0	neg 1.0	neg 0.6875311048906063 off 0.29277028955563966 __DUMMY__ 0.0196986055537541	false	1.0
traurig	neg 1.0		off 0.5540476022935483 neg 0.4047929613229204 __DUMMY__ 0.041159436383531194	false	0.5
senkung	neg 1.0		off 0.5467968283917084 neg 0.4119454432115493 __DUMMY__ 0.04125772839674227	false	0.5
ungleich	neg 1.0	neg 1.0	neg 0.6904456956548689 off 0.28954298530798156 __DUMMY__ 0.020011319037149575	false	1.0
heikel	neg 1.0		off 0.5433586397320017 neg 0.4146642527844619 __DUMMY__ 0.04197710748353646	false	0.5
drosselung	neg 1.0		off 0.5518035218734082 neg 0.4069940815534331 __DUMMY__ 0.04120239657315877	false	0.5
falsch	neg 1.0		off 0.5507370585114559 neg 0.40777711811416156 __DUMMY__ 0.04148582337438248	false	0.5
unzufriedenheit	neg 1.0		off 0.542505543960169 neg 0.4155636167495183 __DUMMY__ 0.04193083929031265	false	0.5
kurz	neg 1.0		off 0.5465801639483139 neg 0.4114528685171105 __DUMMY__ 0.041966967534575496	false	0.5
unsinnig	neg 1.0		off 0.5450643434562842 neg 0.4132729125645269 __DUMMY__ 0.04166274397918889	false	0.5
penner	off 1.0	off 1.0	off 0.7664572385240018 neg 0.21413900335091146 __DUMMY__ 0.01940375812508681	false	1.0
seicht	neg 1.0		off 0.5562184108778908 neg 0.4032902354683103 __DUMMY__ 0.0404913536537988	false	0.5
dummheit	off 1.0	off 1.0	off 0.7617700802652878 neg 0.21847870336285619 __DUMMY__ 0.01975121637185602	false	1.0
unerfreulich	neg 1.0		off 0.543472016289092 neg 0.41450270250016963 __DUMMY__ 0.042025281210738376	false	0.5
motherfucker	off 1.0	off 1.0	off 0.7648162555600763 neg 0.2155220765944826 __DUMMY__ 0.019661667845441006	false	1.0
pikiert	neg 1.0		off 0.5504677561708174 neg 0.4082682916346014 __DUMMY__ 0.04126395219458125	false	0.5
wrack	neg 1.0		off 0.5501944954064343 neg 0.40756500930513684 __DUMMY__ 0.042240495288428874	false	0.5
gangster	neg 1.0		off 0.5507410179147493 neg 0.40773342519134187 __DUMMY__ 0.041525556893908855	false	0.5
krank	neg 1.0		off 0.5524507078776715 neg 0.4062361407886094 __DUMMY__ 0.04131315133371904	false	0.5
reich	neg 1.0		off 0.5495291253828481 neg 0.4091728493377292 __DUMMY__ 0.04129802527942261	false	0.5
gnadenlos	neg 1.0		off 0.5485947712497632 neg 0.40967804016743237 __DUMMY__ 0.04172718858280437	false	0.5
niedergeschlagen	neg 1.0		off 0.5460241230928697 neg 0.41201124567892117 __DUMMY__ 0.04196463122820906	false	0.5
terrorisieren	off 1.0	off 1.0	off 0.7593585868993934 neg 0.22060128477962332 __DUMMY__ 0.020040128320983286	false	1.0
sinnlosigkeit	neg 1.0		off 0.545340377485686 neg 0.41283621761990436 __DUMMY__ 0.04182340489440961	false	0.5
behindern	neg 1.0		off 0.5469004032518308 neg 0.41137693649846274 __DUMMY__ 0.0417226602497064	false	0.5
undemokratisch	neg 1.0		off 0.5482898705128421 neg 0.41021448545151107 __DUMMY__ 0.041495644035646775	false	0.5
wirtschaftskrise	neg 1.0		off 0.54300855560304 neg 0.4153512579619043 __DUMMY__ 0.04164018643505565	false	0.5
neid	neg 1.0		off 0.5491518152385951 neg 0.4094151693036647 __DUMMY__ 0.04143301545773999	false	0.5
rutschen	neg 1.0		off 0.541212805621259 neg 0.4163560156891696 __DUMMY__ 0.04243117868957146	false	0.5
rezession	neg 1.0		off 0.5504720308963159 neg 0.40874879955188936 __DUMMY__ 0.04077916955179484	false	0.5
fehlgeburt	neg 1.0		off 0.5496358249211529 neg 0.4085069724406623 __DUMMY__ 0.04185720263818481	false	0.5
charakterschwach	off 1.0		off 0.550888008948917 neg 0.4078903538056805 __DUMMY__ 0.04122163724540246	false	1.0
isolation	neg 1.0		off 0.5522547583252688 neg 0.4061285915436384 __DUMMY__ 0.04161665013109276	false	0.5
ablenkung	neg 1.0		off 0.547474948260137 neg 0.4107216710697956 __DUMMY__ 0.04180338067006744	false	0.5
pech	neg 1.0		off 0.5503008440833691 neg 0.40830321436729106 __DUMMY__ 0.04139594154933987	false	0.5
vermeidung	neg 1.0		off 0.5520888375364725 neg 0.4066418735664993 __DUMMY__ 0.041269288897028154	false	0.5
dominieren	neg 1.0		off 0.5467941921031035 neg 0.41132219717555235 __DUMMY__ 0.04188361072134409	false	0.5
schwindlig	neg 1.0		off 0.5482999811131503 neg 0.4101614049551299 __DUMMY__ 0.041538613931719676	false	0.5
lutscher	neg 1.0		off 0.5590742395676845 neg 0.40044066110384446 __DUMMY__ 0.04048509932847117	false	0.5
pflicht	neg 1.0		off 0.5428383320983668 neg 0.4150462379746293 __DUMMY__ 0.0421154299270037	false	0.5
faschist	off 1.0		off 0.549684609572327 neg 0.40889429690769047 __DUMMY__ 0.041421093519982605	false	1.0
verschleudern	neg 1.0		off 0.542679982716243 neg 0.415541942248018 __DUMMY__ 0.041778075035739146	false	0.5
wenn			off 0.5506500106677142 neg 0.4079675197718299 __DUMMY__ 0.0413824695604557	false	0.0
ehebruch	neg 1.0		off 0.543514778383603 neg 0.4147006701445835 __DUMMY__ 0.041784551471813584	false	0.5
spott	off 1.0		off 0.5452425524064725 neg 0.4128030445844334 __DUMMY__ 0.04195440300909418	false	1.0
trostlosigkeit	neg 1.0		off 0.540686825167414 neg 0.4173921158063898 __DUMMY__ 0.0419210590261963	false	0.5
lutschen	neg 1.0		off 0.5524231237305223 neg 0.4060043440099511 __DUMMY__ 0.041572532259526646	false	0.5
undiszipliniert	neg 1.0		off 0.5530688702000819 neg 0.4057682063488727 __DUMMY__ 0.04116292345104529	false	0.5
kopfschmerz	neg 1.0		off 0.5421505604643849 neg 0.4161544456781004 __DUMMY__ 0.04169499385751476	false	0.5
unvorhergesehen	neg 1.0		off 0.5443950796975503 neg 0.4134101500633166 __DUMMY__ 0.04219477023913308	false	0.5
desinteressiert	neg 1.0		off 0.5524329661246199 neg 0.4063724391172254 __DUMMY__ 0.04119459475815488	false	0.5
armselig	off 1.0		off 0.5544069550813602 neg 0.40451762294099575 __DUMMY__ 0.04107542197764405	false	1.0
desaster	neg 1.0		off 0.540800522275181 neg 0.41718930517730723 __DUMMY__ 0.04201017254751173	false	0.5
tod	neg 1.0		off 0.5447347710306694 neg 0.4132883390547906 __DUMMY__ 0.041976889914540065	false	0.5
herzlos	neg 1.0		off 0.5538706370268596 neg 0.40503345837097277 __DUMMY__ 0.04109590460216775	false	0.5
unwissenheit	neg 1.0		off 0.5448601332575793 neg 0.41331785744380295 __DUMMY__ 0.041822009298617825	false	0.5
widersinnig	neg 1.0		off 0.5446890444027225 neg 0.4137016478101513 __DUMMY__ 0.04160930778712612	false	0.5
bedenklich	neg 1.0		off 0.5438020062927915 neg 0.4143541261926721 __DUMMY__ 0.041843867514536545	false	0.5
beanstanden	neg 1.0		off 0.5443013950900251 neg 0.4135451704552929 __DUMMY__ 0.04215343445468208	false	0.5
panisch	neg 1.0		off 0.5498466687146575 neg 0.4084486830491006 __DUMMY__ 0.04170464823624186	false	0.5
debil	off 1.0		off 0.5397960650997058 neg 0.4176467126331716 __DUMMY__ 0.042557222267122705	false	1.0
abstrich	neg 1.0		off 0.549145424673002 neg 0.4088325790358725 __DUMMY__ 0.04202199629112554	false	0.5
primitiv	neg 1.0		off 0.5524374808578396 neg 0.4063798975858821 __DUMMY__ 0.04118262155627819	false	0.5
abschaum	off 1.0	off 1.0	off 0.7639007695242069 neg 0.2163545866732206 __DUMMY__ 0.019744643802572397	false	1.0
provozieren	neg 1.0		off 0.5472731705416448 neg 0.41111828111026033 __DUMMY__ 0.04160854834809486	false	0.5
tot	neg 1.0		off 0.546904085244503 neg 0.4111610769711804 __DUMMY__ 0.04193483778431672	false	0.5
instabil	neg 1.0		off 0.5545886517215803 neg 0.4043856735674818 __DUMMY__ 0.04102567471093783	false	0.5
schwuchtel	off 1.0	off 1.0	off 0.7699677549109444 neg 0.21085414107971812 __DUMMY__ 0.019178104009337567	false	1.0
zerren	neg 1.0		off 0.5457495775403371 neg 0.4122935201219465 __DUMMY__ 0.04195690233771629	false	0.5
kinderficker	off 1.0		off 0.5564568218804105 neg 0.40261360304110166 __DUMMY__ 0.040929575078487934	false	1.0
gefahr	neg 1.0		off 0.5441372890355852 neg 0.4137099345791569 __DUMMY__ 0.04215277638525772	false	0.5
rabiat	neg 1.0		off 0.5454640017511457 neg 0.41285009704388115 __DUMMY__ 0.04168590120497302	false	0.5
verlangsamung	neg 1.0		off 0.5578996418734469 neg 0.40129388746006095 __DUMMY__ 0.040806470666492234	false	0.5
ausgestorben	neg 1.0		off 0.5463114201172756 neg 0.4118721976054688 __DUMMY__ 0.041816382277255634	false	0.5
anklagen	neg 1.0		off 0.5454820980573686 neg 0.4127444106137321 __DUMMY__ 0.04177349132889933	false	0.5
trott	neg 1.0		off 0.5477776294419442 neg 0.4104470858010779 __DUMMY__ 0.04177528475697784	false	0.5
verminderung	neg 1.0		off 0.5517413530004793 neg 0.40702580166844454 __DUMMY__ 0.04123284533107626	false	0.5
nach			off 0.5410849385273325 neg 0.4163289398206442 __DUMMY__ 0.04258612165202323	false	0.0
rost	neg 1.0		off 0.5605652153354802 neg 0.39855477510185183 __DUMMY__ 0.0408800095626678	false	0.5
destruktiv	neg 1.0		off 0.545696593538989 neg 0.41268937692806634 __DUMMY__ 0.04161402953294475	false	0.5
unzumutbarkeit	neg 1.0		off 0.5551169827026122 neg 0.4033592945120552 __DUMMY__ 0.041523722785332486	false	0.5
labil	off 1.0	off 1.0	off 0.7634247603829797 neg 0.216826164779611 __DUMMY__ 0.019749074837409248	false	1.0
ziemlich	neg 1.0		off 0.5525544546340015 neg 0.40602629912379007 __DUMMY__ 0.04141924624220836	false	0.5
lachnummer	off 1.0		off 0.547499298368542 neg 0.4108018514645582 __DUMMY__ 0.041698850166899726	false	1.0
oder			off 0.5487275509826645 neg 0.409472421169786 __DUMMY__ 0.04180002784754937	false	0.0
verfall	neg 1.0		off 0.5392269371354885 neg 0.41863996132873865 __DUMMY__ 0.04213310153577283	false	0.5
ausgrenzung	neg 1.0		off 0.5484647243792901 neg 0.41001895768810137 __DUMMY__ 0.041516317932608515	false	0.5
unordnung	neg 1.0		off 0.5579267217630882 neg 0.4008391106979345 __DUMMY__ 0.04123416753897735	false	0.5
fehlverhalten	neg 1.0		off 0.5437010499972076 neg 0.41434209376290065 __DUMMY__ 0.041956856239891635	false	0.5
eine			off 0.5423869371300467 neg 0.4155001157061894 __DUMMY__ 0.04211294716376392	false	0.0
nille	neg 1.0		off 0.54834016297683 neg 0.4098815503568119 __DUMMY__ 0.041778286666358085	false	0.5
qual	neg 1.0		off 0.5473530560969059 neg 0.4108648344248143 __DUMMY__ 0.041782109478279886	false	0.5
verschwenden	neg 1.0		off 0.5426583729927632 neg 0.41545052750271827 __DUMMY__ 0.04189109950451852	false	0.5
riesig	neg 1.0		off 0.5465283815126247 neg 0.41133324081089156 __DUMMY__ 0.0421383776764836	false	0.5
verurteilen	neg 1.0		off 0.5448017613147684 neg 0.4134377124303812 __DUMMY__ 0.04176052625485035	false	0.5
klischee	neg 1.0	neg 1.0	neg 0.6879031620136565 off 0.29236387107492684 __DUMMY__ 0.019732966911416582	false	1.0
diktatorisch	neg 1.0		off 0.547666342205067 neg 0.4109042207187056 __DUMMY__ 0.041429437076227316	false	0.5
vorhersehbar	neg 1.0		off 0.5481133866056889 neg 0.41050454125744174 __DUMMY__ 0.041382072136869355	false	0.5
sowie			off 0.5547678322588565 neg 0.4043723473886386 __DUMMY__ 0.040859820352504836	false	0.0
stornieren	neg 1.0		off 0.555061961975864 neg 0.402925586723662 __DUMMY__ 0.04201245130047401	false	0.5
besteuerung	neg 1.0	neg 1.0	neg 0.6902013140631292 off 0.29006782241734685 __DUMMY__ 0.01973086351952398	false	1.0
ungeschminkt	neg 1.0		off 0.5538487630363376 neg 0.40488385524798376 __DUMMY__ 0.041267381715678675	false	0.5
kritisch	neg 1.0		off 0.5453006162772076 neg 0.4128316304528325 __DUMMY__ 0.04186775326995994	false	0.5
schlamperei	off 1.0		off 0.5446179930474275 neg 0.41341650078988945 __DUMMY__ 0.04196550616268289	false	1.0
sucht	neg 1.0	neg 1.0	neg 0.6862750293616587 off 0.29369921967018275 __DUMMY__ 0.020025750968158472	false	1.0
egoistisch	off 1.0	off 1.0	off 0.7661964954937159 neg 0.21427249210592145 __DUMMY__ 0.01953101240036267	false	1.0
ausbeuter	off 1.0		off 0.5419054934936902 neg 0.4162705866328545 __DUMMY__ 0.0418239198734553	false	1.0
arschgeburt	off 1.0		off 0.5638128315832522 neg 0.3958303553595293 __DUMMY__ 0.04035681305721838	false	1.0
schubs	neg 1.0		off 0.5441575409064909 neg 0.41401337230418206 __DUMMY__ 0.041829086789327063	false	0.5
unsolide	neg 1.0		off 0.5492010577120597 neg 0.4093057405740591 __DUMMY__ 0.04149320171388122	false	0.5
beschwerde	neg 1.0		off 0.5462689860187672 neg 0.4118337735789635 __DUMMY__ 0.041897240402269324	false	0.5
stocken	neg 1.0		off 0.5454693319500257 neg 0.4125637112235951 __DUMMY__ 0.04196695682637935	false	0.5
isolieren	neg 1.0		off 0.5462986411833781 neg 0.41180968347929275 __DUMMY__ 0.0418916753373292	false	0.5
unheilbar	neg 1.0		off 0.5460886371809524 neg 0.41229336218599516 __DUMMY__ 0.04161800063305241	false	0.5
pisser	off 1.0	off 1.0	off 0.7661213688471393 neg 0.21418086644348247 __DUMMY__ 0.01969776470937815	false	1.0
löschen	neg 1.0		off 0.5484118608964843 neg 0.40984646044382306 __DUMMY__ 0.04174167865969266	false	0.5
durchfallen	neg 1.0		off 0.5449269468979545 neg 0.4132125065504934 __DUMMY__ 0.04186054655155204	false	0.5
wichser	off 1.0	off 1.0	off 0.7677322675286726 neg 0.2129801430131982 __DUMMY__ 0.01928758945812915	false	1.0
terror	neg 1.0		off 0.5511646079515086 neg 0.40722932399714856 __DUMMY__ 0.041606068051342794	false	0.5
krass	neg 1.0		off 0.5557203310605552 neg 0.4032710927892245 __DUMMY__ 0.04100857615022037	false	0.5
revolte	neg 1.0		off 0.5469793710541047 neg 0.4118447786629776 __DUMMY__ 0.04117585028291755	false	0.5
besorgt	neg 1.0		off 0.5474384081217738 neg 0.4105373461891098 __DUMMY__ 0.04202424568911632	false	0.5
nachlassen	neg 1.0		off 0.5458246138865799 neg 0.41217111682521335 __DUMMY__ 0.04200426928820693	false	0.5
alt	neg 1.0		off 0.5413590592918345 neg 0.41702067294437756 __DUMMY__ 0.04162026776378796	false	0.5
hundesohn	off 1.0	off 1.0	off 0.7686819328559726 neg 0.211883336207469 __DUMMY__ 0.019434730936558384	false	1.0
als			off 0.5449209655238859 neg 0.4132791099308974 __DUMMY__ 0.041799924545216666	false	0.0
abschreckung	neg 1.0		off 0.5427024824827396 neg 0.4153225164214623 __DUMMY__ 0.04197500109579803	false	0.5
unqualifiziert	neg 1.0		off 0.5504267815578889 neg 0.4081695084479552 __DUMMY__ 0.041403709994155914	false	0.5
abgewichst	off 1.0		off 0.5482357855419527 neg 0.4099077603781919 __DUMMY__ 0.0418564540798554	false	1.0
schwer	neg 1.0		off 0.5460833145491323 neg 0.41220118785942517 __DUMMY__ 0.04171549759144246	false	0.5
bedeutungslosigkeit	neg 1.0		off 0.5431395131184434 neg 0.41491163638182044 __DUMMY__ 0.04194885049973617	false	0.5
kapitulation	neg 1.0		off 0.5429932981036644 neg 0.41531168054570905 __DUMMY__ 0.04169502135062674	false	0.5
unscharf	neg 1.0		off 0.5460028438463159 neg 0.4127156519896537 __DUMMY__ 0.04128150416403045	false	0.5
schwinden	neg 1.0		off 0.5431372690240395 neg 0.4149430675357137 __DUMMY__ 0.04191966344024685	false	0.5
versklavung	neg 1.0	neg 1.0	neg 0.6889378790560396 off 0.29127032691553545 __DUMMY__ 0.019791794028424813	false	1.0
schlecht	neg 1.0		off 0.5529143328488488 neg 0.4056479453803625 __DUMMY__ 0.04143772177078854	false	0.5
verhasst	neg 1.0		off 0.5476087279370744 neg 0.41084698822481097 __DUMMY__ 0.04154428383811475	false	0.5
beschweren	neg 1.0		off 0.5495611386508376 neg 0.40875902505517675 __DUMMY__ 0.04167983629398578	false	0.5
scheiden	neg 1.0		off 0.5475481505395597 neg 0.41072476752866344 __DUMMY__ 0.04172708193177682	false	0.5
frustriert	neg 1.0		off 0.5461928881984184 neg 0.411972834715421 __DUMMY__ 0.04183427708616074	false	0.5
schimmelig	neg 1.0		off 0.5441017716714313 neg 0.414108251852484 __DUMMY__ 0.04178997647608484	false	0.5
fisch	neg 1.0		off 0.5400064271039138 neg 0.418140546216321 __DUMMY__ 0.041853026679765294	false	0.5
schmuggel	neg 1.0		off 0.5439132669350494 neg 0.4138691556525758 __DUMMY__ 0.04221757741237485	false	0.5
auffallen	neg 1.0		off 0.5492368649557581 neg 0.40917648291288694 __DUMMY__ 0.0415866521313549	false	0.5
konkurrenz	neg 1.0		off 0.5444889057689366 neg 0.41338304764314543 __DUMMY__ 0.042128046587917974	false	0.5
teufelskreis	neg 1.0	neg 1.0	neg 0.6905945675679848 off 0.2895710039947609 __DUMMY__ 0.01983442843725443	false	1.0
aufschreien	neg 1.0		off 0.5485601515514582 neg 0.4100001365162614 __DUMMY__ 0.0414397119322804	false	0.5
schuldner	neg 1.0		off 0.5416577610508517 neg 0.4165326693724017 __DUMMY__ 0.041809569576746704	false	0.5
missgeburt	off 1.0	off 1.0	off 0.7689282266223668 neg 0.21149956977363576 __DUMMY__ 0.019572203603997355	false	1.0
arbeitslos	neg 1.0		off 0.5449411653217238 neg 0.41318464570211133 __DUMMY__ 0.04187418897616482	false	0.5
befallen	neg 1.0		off 0.5455117118497593 neg 0.4128151831347169 __DUMMY__ 0.04167310501552389	false	0.5
miesepetrig	off 1.0	off 1.0	off 0.7631102504810083 neg 0.21717311649083762 __DUMMY__ 0.01971663302815394	false	1.0
alarmieren	neg 1.0		off 0.5515297717325076 neg 0.407038195002081 __DUMMY__ 0.04143203326541135	false	0.5
ungeduscht	off 1.0		off 0.5503499895117735 neg 0.4082879675167889 __DUMMY__ 0.041362042971437606	false	1.0
knappheit	neg 1.0		off 0.5441174659990142 neg 0.4141620347343743 __DUMMY__ 0.04172049926661153	false	0.5
schlange	neg 1.0		off 0.5485690165081665 neg 0.40963613937971033 __DUMMY__ 0.041794844112123274	false	0.5
harsch	neg 1.0		off 0.5592544720744991 neg 0.39935145112109555 __DUMMY__ 0.041394076804405405	false	0.5
lang	neg 1.0		off 0.5490817483493132 neg 0.40921623101034676 __DUMMY__ 0.041702020640339975	false	0.5
ziellos	neg 1.0		off 0.5447005837127109 neg 0.4132362015805811 __DUMMY__ 0.04206321470670784	false	0.5
selbstverliebt	neg 1.0		off 0.5614763190940326 neg 0.3979641430859734 __DUMMY__ 0.040559537819993954	false	0.5
beseitigen	neg 1.0		off 0.5513882274630253 neg 0.4065313379373125 __DUMMY__ 0.04208043459966218	false	0.5
dumm	off 1.0		off 0.5566687118029319 neg 0.4025023840357666 __DUMMY__ 0.040828904161301464	false	1.0
arbeitsloser	neg 1.0		off 0.5471401719332168 neg 0.41079697131931053 __DUMMY__ 0.04206285674747265	false	0.5
blitzen	neg 1.0		off 0.5504129111793307 neg 0.408140120340762 __DUMMY__ 0.04144696847990721	false	0.5
hilflos	neg 1.0		off 0.5449468072644597 neg 0.4131957898045027 __DUMMY__ 0.041857402931037846	false	0.5
eklig	off 1.0		off 0.5561118108103216 neg 0.4031825761786199 __DUMMY__ 0.04070561301105859	false	1.0
begriff			off 0.5463235640716 neg 0.4119669702876194 __DUMMY__ 0.04170946564078054	false	0.0
hungersnot	neg 1.0		off 0.5429065758708145 neg 0.4154747063012902 __DUMMY__ 0.04161871782789525	false	0.5
ungesetzlich	neg 1.0		off 0.5480095298198335 neg 0.4105284422449537 __DUMMY__ 0.041462027935212836	false	0.5
verschwendung	neg 1.0		off 0.5431475358956837 neg 0.4149024583750989 __DUMMY__ 0.041950005729217345	false	0.5
schmerzvoll	neg 1.0		off 0.547643514666945 neg 0.4107965164134499 __DUMMY__ 0.04155996891960506	false	0.5
vorzeitig	neg 1.0		off 0.5531865115021306 neg 0.4052891748787716 __DUMMY__ 0.04152431361909796	false	0.5
unvollkommenheit	neg 1.0		off 0.5461997215223952 neg 0.41197993387392406 __DUMMY__ 0.04182034460368076	false	0.5
intervenieren	neg 1.0		off 0.5426747425158185 neg 0.4155206299702722 __DUMMY__ 0.04180462751390927	false	0.5
banause	off 1.0		off 0.555693642541511 neg 0.40385556878289286 __DUMMY__ 0.04045078867559619	false	1.0
rebell	neg 1.0		off 0.5405760211032204 neg 0.417265773855284 __DUMMY__ 0.04215820504149567	false	0.5
unlogisch	neg 1.0		off 0.5534832147717034 neg 0.4053882450943368 __DUMMY__ 0.041128540133959855	false	0.5
leiden	neg 1.0		off 0.5446077167185152 neg 0.41316769957214083 __DUMMY__ 0.04222458370934403	false	0.5
abschaffung	neg 1.0		off 0.547223959885886 neg 0.41123082423399365 __DUMMY__ 0.04154521588012033	false	0.5
sturz	neg 1.0		off 0.5528411907195243 neg 0.4052400098760824 __DUMMY__ 0.04191879940439324	false	0.5
verkleinerung	neg 1.0		off 0.5491078745150295 neg 0.4096193904716654 __DUMMY__ 0.041272735013305126	false	0.5
schmarotzer	off 1.0		off 0.5450379992264711 neg 0.4132023754176225 __DUMMY__ 0.0417596253559065	false	1.0
bestrafung	neg 1.0	neg 1.0	neg 0.6884211731681219 off 0.29165797719758246 __DUMMY__ 0.019920849634295537	false	1.0
achtlos	neg 1.0		off 0.5463309997281078 neg 0.4118271363911047 __DUMMY__ 0.04184186388078761	false	0.5
ungeheuer	neg 1.0		off 0.546650338126269 neg 0.41175722878038196 __DUMMY__ 0.04159243309334925	false	0.5
unaufrichtig	neg 1.0		off 0.5513790801857824 neg 0.4071403427667601 __DUMMY__ 0.041480577047457536	false	0.5
groggy	neg 1.0		off 0.551385166355072 neg 0.40697933140466436 __DUMMY__ 0.04163550224026367	false	0.5
verletzlich	neg 1.0		off 0.5490359726151475 neg 0.409832116287554 __DUMMY__ 0.041131911097298704	false	0.5
