unsolidarisch	neg 1.0		__DUMMY__ 0.4661956261027086 off 0.30407147027612114 neg 0.22973290362117033	false	0.5
nachteilig	neg 1.0		__DUMMY__ 0.47280715410999624 off 0.3009624811313136 neg 0.22623036475869018	false	0.5
skeptisch	neg 1.0		__DUMMY__ 0.47172341120460454 off 0.2986736359461091 neg 0.22960295284928642	false	0.5
schrecklich	neg 1.0		__DUMMY__ 0.46237321149012983 off 0.31362460369744666 neg 0.2240021848124235	false	0.5
schlapp	neg 1.0	neg 1.0	neg 0.5984615254879548 __DUMMY__ 0.22578439545379866 off 0.17575407905824644	false	1.0
abfall	neg 1.0		__DUMMY__ 0.47455499110345484 off 0.2956604419743316 neg 0.22978456692221366	false	0.5
widerspenstig	neg 1.0		__DUMMY__ 0.46808443615707096 off 0.3027185282366499 neg 0.22919703560627924	false	0.5
abrupt	neg 1.0		__DUMMY__ 0.47145741631593463 off 0.29796621989531075 neg 0.23057636378875465	false	0.5
unwirksam	neg 1.0		__DUMMY__ 0.4651029546311393 off 0.3031263496951824 neg 0.2317706956736782	false	0.5
angreifen	neg 1.0		__DUMMY__ 0.4719951228003445 off 0.29797416232293317 neg 0.23003071487672241	false	0.5
inkonsistent	neg 1.0		__DUMMY__ 0.4657981395138442 off 0.3063238701045384 neg 0.2278779903816176	false	0.5
abrutschen	neg 1.0		__DUMMY__ 0.4740803707479375 off 0.2949842400828434 neg 0.23093538916921907	false	0.5
unsicher	neg 1.0		__DUMMY__ 0.4694409748000435 off 0.30390249987984314 neg 0.22665652532011346	false	0.5
bauernkind	off 1.0	off 1.0	off 0.6490376295541588 __DUMMY__ 0.22261887849304576 neg 0.1283434919527955	false	1.0
angreifer	neg 1.0		__DUMMY__ 0.4689978652631842 off 0.3092518619916963 neg 0.22175027274511958	false	0.5
trennen	neg 1.0		__DUMMY__ 0.47305183250224425 off 0.2981086397193776 neg 0.22883952777837815	false	0.5
schmutz	neg 1.0		__DUMMY__ 0.4728894528607615 off 0.3101762602878857 neg 0.21693428685135283	false	0.5
inkonsistenz	neg 1.0		__DUMMY__ 0.4649860410210557 off 0.3090176989132767 neg 0.2259962600656676	false	0.5
erschreckend	neg 1.0		__DUMMY__ 0.46897681629518984 off 0.3028672667342385 neg 0.2281559169705717	false	0.5
ertrinken	neg 1.0		__DUMMY__ 0.47155576744088373 off 0.2971446973878196 neg 0.23129953517129656	false	0.5
pickelface	off 1.0		__DUMMY__ 0.4694924916672866 off 0.30511973245423213 neg 0.22538777587848124	false	1.0
seiner			__DUMMY__ 0.47263666647845415 off 0.2988075843592694 neg 0.22855574916227644	false	0.0
lauch	neg 1.0	neg 1.0	neg 0.6000821780136266 __DUMMY__ 0.2315482424641131 off 0.16836957952226028	false	1.0
unwichtig	neg 1.0		__DUMMY__ 0.46507330350422066 off 0.3090000224774724 neg 0.22592667401830696	false	0.5
steuerhinterziehung	neg 1.0		__DUMMY__ 0.46750825917808075 off 0.3023786344799975 neg 0.23011310634192159	false	0.5
schock	neg 1.0		__DUMMY__ 0.4701518233715785 off 0.30212957087337927 neg 0.2277186057550422	false	0.5
beule	neg 1.0		__DUMMY__ 0.4631806853325045 off 0.311439626580892 neg 0.2253796880866035	false	0.5
vergelten	neg 1.0		__DUMMY__ 0.4632669577627175 off 0.31553334583555787 neg 0.22119969640172477	false	0.5
verdorbenheit	neg 1.0		__DUMMY__ 0.47008262484071667 off 0.3062889904790278 neg 0.22362838468025553	false	0.5
trauma	neg 1.0		__DUMMY__ 0.46761671170299224 off 0.3053828275129118 neg 0.22700046078409597	false	0.5
sinnlos	neg 1.0		__DUMMY__ 0.46758654454609033 off 0.30606747800624007 neg 0.22634597744766952	false	0.5
fettsack	off 1.0	off 1.0	off 0.6502404862729266 __DUMMY__ 0.22295153829234238 neg 0.1268079754347309	false	1.0
feige	off 1.0	off 1.0	off 0.6461409633948735 __DUMMY__ 0.225245886204392 neg 0.12861315040073448	false	1.0
abdanken	neg 1.0		__DUMMY__ 0.46931032110925175 off 0.3036102861918966 neg 0.22707939269885177	false	0.5
wichtigtuer	off 1.0	off 1.0	off 0.6442918824346601 __DUMMY__ 0.22693800043069498 neg 0.12877011713464498	false	1.0
misslingen	neg 1.0		__DUMMY__ 0.47149798153394556 off 0.3073148219777794 neg 0.22118719648827506	false	0.5
untreu	off 1.0		__DUMMY__ 0.46427004371246117 off 0.31036218804594057 neg 0.22536776824159832	false	1.0
missmutig	neg 1.0		__DUMMY__ 0.46497335665838735 off 0.30712591884715484 neg 0.22790072449445783	false	0.5
hurenbock	off 1.0		__DUMMY__ 0.4682230953247631 off 0.30443169454189384 neg 0.2273452101333432	false	1.0
betrunken	neg 1.0		__DUMMY__ 0.4629276701752155 off 0.31239097412378947 neg 0.22468135570099493	false	0.5
korrupt	off 1.0		__DUMMY__ 0.4670691895216479 off 0.3014927165613047 neg 0.23143809391704753	false	1.0
unmut	neg 1.0		__DUMMY__ 0.47299722736816735 off 0.2968016532504526 neg 0.23020111938138002	false	0.5
hackfresse	off 1.0		__DUMMY__ 0.4591640255383466 off 0.3185357791807253 neg 0.22230019528092818	false	1.0
aufblasen	neg 1.0		__DUMMY__ 0.46838428556283274 off 0.3041126836136396 neg 0.22750303082352774	false	0.5
gewaltsam	neg 1.0		__DUMMY__ 0.4702225199651245 off 0.3041707218760344 neg 0.2256067581588412	false	0.5
unbeliebtheit	neg 1.0		__DUMMY__ 0.46524068215046427 off 0.3110960230955304 neg 0.22366329475400543	false	0.5
sturheit	neg 1.0		__DUMMY__ 0.4696690439806886 off 0.30308217030978696 neg 0.2272487857095245	false	0.5
kuh	neg 1.0		__DUMMY__ 0.46259103655248784 off 0.30564757926029945 neg 0.23176138418721268	false	0.5
erschrecken	neg 1.0		__DUMMY__ 0.4662575896533673 off 0.308311567912192 neg 0.2254308424344407	false	0.5
opfer	neg 1.0		__DUMMY__ 0.4716028017100858 off 0.30042575157478385 neg 0.2279714467151304	false	0.5
sinken	neg 1.0		__DUMMY__ 0.47191124755507446 off 0.29707686332223776 neg 0.23101188912268789	false	0.5
stinktier	neg 1.0		__DUMMY__ 0.45817437300897496 off 0.3150711055607999 neg 0.22675452143022518	false	0.5
tucke	off 1.0		__DUMMY__ 0.45585462727497034 off 0.3200506227157693 neg 0.2240947500092603	false	1.0
ein			__DUMMY__ 0.4679088064816996 off 0.3022530763252305 neg 0.22983811719306982	false	0.0
abstieg	neg 1.0		__DUMMY__ 0.4726445405964349 off 0.3027264527646763 neg 0.2246290066388888	false	0.5
missverstehen	neg 1.0		__DUMMY__ 0.46637931607121047 off 0.30673088514106356 neg 0.22688979878772586	false	0.5
ergebnislos	neg 1.0		__DUMMY__ 0.4728984956213849 off 0.3007932743498677 neg 0.22630823002874742	false	0.5
unter			__DUMMY__ 0.4785886241141858 off 0.29177781531794406 neg 0.22963356056787027	false	0.0
manipulieren	neg 1.0		__DUMMY__ 0.4720425513908359 off 0.29936751437616366 neg 0.2285899342330003	false	0.5
unbewiesen	neg 1.0		__DUMMY__ 0.4671669615150954 off 0.30489636127750935 neg 0.22793667720739527	false	0.5
verschleppen	neg 1.0		__DUMMY__ 0.46959741129720983 off 0.30056405049151563 neg 0.22983853821127456	false	0.5
weib	off 1.0		__DUMMY__ 0.45751813790943174 off 0.32093451040758797 neg 0.22154735168298023	false	1.0
opposition	neg 1.0		__DUMMY__ 0.46653928763686897 off 0.30527982771521445 neg 0.22818088464791658	false	0.5
verkehrswidrig	neg 1.0		__DUMMY__ 0.4653967955455552 off 0.3174348982544848 neg 0.21716830619996008	false	0.5
inkorrekt	neg 1.0		__DUMMY__ 0.4617138290166559 off 0.31308469908634856 neg 0.22520147189699558	false	0.5
vermeiden	neg 1.0		__DUMMY__ 0.47611733527652367 off 0.29541559841125214 neg 0.22846706631222422	false	0.5
abweichung	neg 1.0		__DUMMY__ 0.47156387862155674 off 0.30214200397408036 neg 0.2262941174043628	false	0.5
alkoholisiert	neg 1.0		__DUMMY__ 0.47716416819293034 off 0.3012557458672835 neg 0.2215800859397862	false	0.5
scheiss	off 1.0	off 1.0	off 0.6471639349408117 __DUMMY__ 0.2248701993404381 neg 0.12796586571875013	false	1.0
herausforderung	neg 1.0		__DUMMY__ 0.47091266730094733 off 0.3013872095874357 neg 0.22770012311161694	false	0.5
pervers	off 1.0		__DUMMY__ 0.4557625254946957 off 0.3232661669642369 neg 0.2209713075410674	false	1.0
wackelig	neg 1.0		__DUMMY__ 0.471176508273384 off 0.3012775110162315 neg 0.22754598071038443	false	0.5
verwickeln	neg 1.0		__DUMMY__ 0.46700955754598056 off 0.30577365661087336 neg 0.22721678584314606	false	0.5
vorwand	neg 1.0		__DUMMY__ 0.47241007966135606 off 0.2976558810202186 neg 0.2299340393184254	false	0.5
muschi	off 1.0		__DUMMY__ 0.47083767437318136 off 0.30426245011518405 neg 0.2248998755116346	false	1.0
entmutigung	neg 1.0		__DUMMY__ 0.46442288990145963 off 0.305475017883175 neg 0.23010209221536543	false	0.5
unangemessen	neg 1.0		__DUMMY__ 0.4692755837480792 off 0.30245099184799085 neg 0.22827342440393011	false	0.5
unstetig	neg 1.0		__DUMMY__ 0.46709022528481836 off 0.3089877161391801 neg 0.22392205857600156	false	0.5
entmutigen	neg 1.0		__DUMMY__ 0.4669349997728096 off 0.3042113456957574 neg 0.22885365453143297	false	0.5
schwanz	neg 1.0		__DUMMY__ 0.47180504832323517 off 0.3018864484781373 neg 0.2263085031986274	false	0.5
verbot	neg 1.0		__DUMMY__ 0.46886081125275264 off 0.3019630685724749 neg 0.2291761201747724	false	0.5
leid	neg 1.0		__DUMMY__ 0.46105171373564996 off 0.31534074163345605 neg 0.22360754463089388	false	0.5
archaisch	neg 1.0		__DUMMY__ 0.46908919782348873 off 0.3019802891297367 neg 0.22893051304677461	false	0.5
gegen			__DUMMY__ 0.4739490488652558 off 0.2978966816351288 neg 0.2281542694996153	false	0.0
scheidung	neg 1.0		__DUMMY__ 0.45830701790612766 off 0.3292415647354467 neg 0.21245141735842563	false	0.5
einschlag	neg 1.0		__DUMMY__ 0.4648580032057815 off 0.3153384353712903 neg 0.21980356142292826	false	0.5
m			__DUMMY__ 0.4710275491825649 off 0.30201417855246426 neg 0.22695827226497078	false	0.0
abgestanden	neg 1.0		__DUMMY__ 0.4647183966098891 off 0.3021949728316029 neg 0.2330866305585081	false	0.5
schmierig	off 1.0		__DUMMY__ 0.4609673965134339 off 0.31482850091228565 neg 0.22420410257428053	false	1.0
unpraktisch	neg 1.0		__DUMMY__ 0.46845363033258947 off 0.3056489948514364 neg 0.22589737481597405	false	0.5
wixxer	off 1.0		__DUMMY__ 0.45498297028525037 off 0.32346816790972993 neg 0.22154886180501973	false	1.0
bezeichnet			__DUMMY__ 0.4689188947278918 off 0.30437425479852914 neg 0.22670685047357902	false	0.0
jammerlappen	off 1.0		__DUMMY__ 0.4649502303787329 off 0.30931277310289607 neg 0.22573699651837098	false	1.0
farce	neg 1.0		__DUMMY__ 0.467386433322071 off 0.30350354758126186 neg 0.22911001909666717	false	0.5
zwecklos	neg 1.0		__DUMMY__ 0.4694363423260441 off 0.30117023239730634 neg 0.2293934252766496	false	0.5
turbulent	neg 1.0		__DUMMY__ 0.46440474340142235 off 0.31236158722114693 neg 0.2232336693774306	false	0.5
invasion	neg 1.0		__DUMMY__ 0.467173487211479 off 0.30694452792188304 neg 0.22588198486663796	false	0.5
schuld	neg 1.0		__DUMMY__ 0.4677391628249656 off 0.3051269997642453 neg 0.22713383741078919	false	0.5
risiko	neg 1.0		__DUMMY__ 0.46722140179010657 off 0.3064003232412264 neg 0.22637827496866708	false	0.5
finster	neg 1.0		__DUMMY__ 0.4672032178889663 off 0.3026616663003602 neg 0.23013511581067345	false	0.5
geisteskrank	off 1.0		__DUMMY__ 0.4627288636242418 off 0.31182910646935 neg 0.22544202990640816	false	1.0
zusammenbrechen	neg 1.0		__DUMMY__ 0.46951806720469597 off 0.30145305254204746 neg 0.2290288802532566	false	0.5
ausbeute	neg 1.0		__DUMMY__ 0.47094889764905656 off 0.30328202986321967 neg 0.22576907248772382	false	0.5
hinterhalt	neg 1.0		__DUMMY__ 0.46996678729325553 off 0.3025839059573322 neg 0.22744930674941222	false	0.5
kritik	neg 1.0		__DUMMY__ 0.4672529530344508 off 0.3030414914404801 neg 0.229705555525069	false	0.5
einschrumpfen	neg 1.0		__DUMMY__ 0.4640830461732448 off 0.30934601493897734 neg 0.22657093888777777	false	0.5
riskant	neg 1.0		__DUMMY__ 0.471486383308121 off 0.29890310972214246 neg 0.22961050696973653	false	0.5
frustrieren	neg 1.0		__DUMMY__ 0.4704204462322313 off 0.2996308649209732 neg 0.2299486888467954	false	0.5
groll	neg 1.0		__DUMMY__ 0.4701562770418927 off 0.3018147392559396 neg 0.22802898370216768	false	0.5
gibt			__DUMMY__ 0.47047638157419025 off 0.30131591414736936 neg 0.22820770427844034	false	0.0
qualvoll	neg 1.0		__DUMMY__ 0.46683129635157417 off 0.30591594750216483 neg 0.22725275614626098	false	0.5
wackeln	neg 1.0		__DUMMY__ 0.469252250265006 off 0.30375479501594743 neg 0.2269929547190466	false	0.5
klagen	neg 1.0		__DUMMY__ 0.4720442586022667 off 0.2978540614562393 neg 0.23010167994149394	false	0.5
bankrott	neg 1.0		__DUMMY__ 0.4673006306854902 off 0.30978832879113466 neg 0.22291104052337518	false	0.5
trauern	neg 1.0		__DUMMY__ 0.4737582441129001 off 0.3000679972442097 neg 0.22617375864289024	false	0.5
ablehnung	neg 1.0		__DUMMY__ 0.4685057027700506 off 0.30282176157569457 neg 0.2286725356542549	false	0.5
stur	neg 1.0		__DUMMY__ 0.46715563513812564 off 0.3048328604750376 neg 0.22801150438683682	false	0.5
aufruhr	neg 1.0		__DUMMY__ 0.4671962266623374 off 0.3033431827353082 neg 0.2294605906023545	false	0.5
melancholie	neg 1.0		__DUMMY__ 0.4703033971518031 off 0.2978898881098214 neg 0.23180671473837539	false	0.5
ist			__DUMMY__ 0.4675308778075165 off 0.3056739844348224 neg 0.226795137757661	false	0.0
torheit	neg 1.0		__DUMMY__ 0.46723931736072294 off 0.305038301733559 neg 0.22772238090571814	false	0.5
dreckskind	off 1.0		__DUMMY__ 0.45847965158884296 off 0.3199347124128621 neg 0.22158563599829487	false	1.0
umtauschen	neg 1.0		__DUMMY__ 0.46923938322776987 off 0.3032147971345835 neg 0.22754581963764664	false	0.5
zum			__DUMMY__ 0.47833211953633514 off 0.2965134947354209 neg 0.22515438572824403	false	0.0
zersetzen	neg 1.0		__DUMMY__ 0.47078459832972597 off 0.2983900903870947 neg 0.23082531128317949	false	0.5
zur			__DUMMY__ 0.4761758215906684 off 0.29564495339175106 neg 0.22817922501758042	false	0.0
frust	neg 1.0		__DUMMY__ 0.46965334955220644 off 0.30115714904356305 neg 0.22918950140423058	false	0.5
unerbittlichkeit	neg 1.0		__DUMMY__ 0.47165772473302936 off 0.2999363124850586 neg 0.22840596278191194	false	0.5
zwei			__DUMMY__ 0.47632348708970756 off 0.29496010400052386 neg 0.2287164089097686	false	0.0
unkorrekt	neg 1.0		__DUMMY__ 0.4626292628852512 off 0.31187971158232747 neg 0.2254910255324212	false	0.5
hexe	off 1.0		__DUMMY__ 0.46362237402974765 off 0.308391998277427 neg 0.22798562769282535	false	1.0
lasch	neg 1.0		__DUMMY__ 0.4655448647565286 off 0.3083912031286269 neg 0.22606393211484455	false	0.5
rivale	neg 1.0		__DUMMY__ 0.46319125013059587 off 0.3141415819497855 neg 0.22266716791961866	false	0.5
mutlos	off 1.0	off 1.0	off 0.6407078759623317 __DUMMY__ 0.22865930583473631 neg 0.13063281820293193	false	1.0
wirr	off 1.0		__DUMMY__ 0.46131017321930984 off 0.3140306449481385 neg 0.22465918183255157	false	1.0
jahr			__DUMMY__ 0.4752668666145662 off 0.30045629611006947 neg 0.2242768372753643	false	0.0
wird			__DUMMY__ 0.47103214327343307 off 0.30081133053288356 neg 0.22815652619368326	false	0.0
strafbar	neg 1.0		__DUMMY__ 0.4710599134656777 off 0.2994656560945743 neg 0.229474430439748	false	0.5
erosion	neg 1.0		__DUMMY__ 0.4691851518109686 off 0.3044294207566592 neg 0.22638542743237233	false	0.5
eingehen	neg 1.0		__DUMMY__ 0.47010278305167075 off 0.29920631851677765 neg 0.2306908984315516	false	0.5
faul	off 1.0		__DUMMY__ 0.4664470734135847 off 0.3089409114728537 neg 0.2246120151135615	false	1.0
provisorium	neg 1.0		__DUMMY__ 0.47882303048135577 off 0.29199546144255883 neg 0.22918150807608528	false	0.5
schmerzen	neg 1.0		__DUMMY__ 0.46801590006352844 off 0.3017258930165578 neg 0.23025820691991375	false	0.5
schrumpfen	neg 1.0		__DUMMY__ 0.47324397778954497 off 0.2943538172381217 neg 0.2324022049723332	false	0.5
geistlos	off 1.0		__DUMMY__ 0.4647089429526289 off 0.30634645293190266 neg 0.22894460411546855	false	1.0
fehlkauf	neg 1.0		__DUMMY__ 0.4667342494075948 off 0.30680884158289 neg 0.2264569090095152	false	0.5
frustrierend	neg 1.0		__DUMMY__ 0.46549921547027406 off 0.30776351021378345 neg 0.22673727431594248	false	0.5
unzufrieden	neg 1.0		__DUMMY__ 0.47015326032856786 off 0.30125090517819963 neg 0.22859583449323265	false	0.5
verzweifeln	neg 1.0		__DUMMY__ 0.46947056650040236 off 0.30269103218148663 neg 0.22783840131811098	false	0.5
verzweifelt	neg 1.0		__DUMMY__ 0.4672990847978865 off 0.30498267899946657 neg 0.22771823620264703	false	0.5
misstrauensantrag	neg 1.0		__DUMMY__ 0.46692845969077174 off 0.3060868611883041 neg 0.2269846791209243	false	0.5
abfallen	neg 1.0		__DUMMY__ 0.46847625331878223 off 0.3039229492148347 neg 0.22760079746638315	false	0.5
fucker	off 1.0		__DUMMY__ 0.46393527727624767 off 0.31362527639956034 neg 0.22243944632419202	false	1.0
ungezogen	neg 1.0		__DUMMY__ 0.45782222481124296 off 0.3210275346300933 neg 0.22115024055866367	false	0.5
irrsinnig	neg 1.0	neg 1.0	neg 0.5996157772549718 __DUMMY__ 0.2273737652586726 off 0.17301045748635557	false	1.0
unfassbar	neg 1.0		__DUMMY__ 0.46465113349930265 off 0.3104578113137476 neg 0.22489105518694974	false	0.5
hart	neg 1.0		__DUMMY__ 0.46306507449050854 off 0.31042438784068566 neg 0.2265105376688058	false	0.5
widerlich	off 1.0		__DUMMY__ 0.46352119120328666 off 0.3107441673956334 neg 0.22573464140107985	false	1.0
fatal	neg 1.0	neg 1.0	neg 0.6004655872182806 __DUMMY__ 0.22579551522253474 off 0.1737388975591848	false	1.0
bruch	neg 1.0		__DUMMY__ 0.4732162598913627 off 0.2964068335642656 neg 0.23037690654437157	false	0.5
aushungern	neg 1.0		__DUMMY__ 0.46816451262109604 off 0.30185559305199194 neg 0.22997989432691196	false	0.5
anspannung	neg 1.0		__DUMMY__ 0.4762128348754798 off 0.29504312053675164 neg 0.22874404458776854	false	0.5
von			__DUMMY__ 0.4738938517573386 off 0.2988070574361417 neg 0.2272990908065197	false	0.0
kraftlos	neg 1.0		__DUMMY__ 0.47015217410077176 off 0.3005150428048159 neg 0.2293327830944122	false	0.5
vom			__DUMMY__ 0.4802072350426002 off 0.29332610859335134 neg 0.22646665636404845	false	0.0
grenzdebil	off 1.0		__DUMMY__ 0.46376339478301415 off 0.3105263307737711 neg 0.22571027444321456	false	1.0
vor			__DUMMY__ 0.4732536350035808 off 0.29678490152824233 neg 0.22996146346817672	false	0.0
unterwerfen	neg 1.0		__DUMMY__ 0.4712134823360075 off 0.3004492070747563 neg 0.22833731058923626	false	0.5
versenkung	neg 1.0		__DUMMY__ 0.471864399368706 off 0.2999406731317306 neg 0.22819492749956338	false	0.5
entziehen	neg 1.0		__DUMMY__ 0.47256071557726187 off 0.2976026897722719 neg 0.22983659465046616	false	0.5
finanzkrise	neg 1.0		__DUMMY__ 0.46459345266045227 off 0.30161470616255487 neg 0.2337918411769928	false	0.5
schimpfend	neg 1.0		__DUMMY__ 0.4695867468536571 off 0.30539956174510063 neg 0.2250136914012423	false	0.5
profan	neg 1.0		__DUMMY__ 0.4666750421689771 off 0.3062758395058037 neg 0.22704911832521915	false	0.5
korruption	neg 1.0		__DUMMY__ 0.46805164654953185 off 0.30101684789579186 neg 0.23093150555467623	false	0.5
â			__DUMMY__ 0.4708738245958635 off 0.3010652063540238 neg 0.22806096905011253	false	0.0
schmutzig	neg 1.0		__DUMMY__ 0.4638800463771104 off 0.310765595129416 neg 0.22535435849347374	false	0.5
sexy	neg 1.0		__DUMMY__ 0.4668506908700177 off 0.30852189841109745 neg 0.22462741071888484	false	0.5
abraten	neg 1.0		__DUMMY__ 0.4680471465096109 off 0.3062800407370587 neg 0.22567281275333037	false	0.5
schwarz	neg 1.0		__DUMMY__ 0.4675040801726987 off 0.30659006954691503 neg 0.2259058502803862	false	0.5
fotze	off 1.0	off 1.0	off 0.6419530434568663 __DUMMY__ 0.2298000820662788 neg 0.128246874476855	false	1.0
verwirren	neg 1.0		__DUMMY__ 0.46683888255834244 off 0.306703120685523 neg 0.2264579967561345	false	0.5
zahnlos	off 1.0		__DUMMY__ 0.46908883962577713 off 0.3020381916095939 neg 0.22887296876462906	false	1.0
verheeren	neg 1.0		__DUMMY__ 0.45767337533178387 off 0.32276691898164234 neg 0.2195597056865737	false	0.5
hippie	neg 1.0		__DUMMY__ 0.4668098076045369 off 0.3080691136122857 neg 0.22512107878317753	false	0.5
rammen	neg 1.0		__DUMMY__ 0.47032068411056166 off 0.3056952275316559 neg 0.22398408835778258	false	0.5
unlauter	neg 1.0		__DUMMY__ 0.46720566593758367 off 0.3063835682786405 neg 0.22641076578377584	false	0.5
unheilvoll	neg 1.0		__DUMMY__ 0.4669568902224948 off 0.3047003867639988 neg 0.22834272301350644	false	0.5
niedrig	neg 1.0		__DUMMY__ 0.47035711261176644 off 0.300666003586119 neg 0.22897688380211453	false	0.5
explosion	neg 1.0		__DUMMY__ 0.4672556933267363 off 0.30816005245582795 neg 0.22458425421743577	false	0.5
weichei	off 1.0	off 1.0	off 0.649404980387353 __DUMMY__ 0.22263497063560267 neg 0.12796004897704444	false	1.0
minusmensch	off 1.0		__DUMMY__ 0.45786914797211153 off 0.32267537275567326 neg 0.21945547927221534	false	1.0
farblos	neg 1.0		__DUMMY__ 0.46900319822235326 off 0.305929654686654 neg 0.2250671470909928	false	0.5
unwissend	neg 1.0	neg 1.0	neg 0.5989702440660983 __DUMMY__ 0.22562946135499826 off 0.17540029457890344	false	1.0
traurig	neg 1.0		__DUMMY__ 0.46276488746960615 off 0.31323851600680275 neg 0.22399659652359116	false	0.5
senkung	neg 1.0		__DUMMY__ 0.4638252534662626 off 0.3059262676434449 neg 0.2302484788902926	false	0.5
ungleich	neg 1.0	neg 1.0	neg 0.6004475463566189 __DUMMY__ 0.2290990092264154 off 0.17045344441696567	false	1.0
heikel	neg 1.0		__DUMMY__ 0.47124177641064774 off 0.2989967748232883 neg 0.22976144876606394	false	0.5
drosselung	neg 1.0		__DUMMY__ 0.46328564242143483 off 0.31082989909574676 neg 0.22588445848281843	false	0.5
falsch	neg 1.0		__DUMMY__ 0.4661495994959474 off 0.30842896294291855 neg 0.225421437561134	false	0.5
unzufriedenheit	neg 1.0		__DUMMY__ 0.47074931863263497 off 0.298483122254824 neg 0.23076755911254113	false	0.5
kurz	neg 1.0		__DUMMY__ 0.4711860964315692 off 0.30195350081986805 neg 0.22686040274856256	false	0.5
unsinnig	neg 1.0		__DUMMY__ 0.4679532806377795 off 0.30227491315395205 neg 0.22977180620826845	false	0.5
penner	off 1.0	off 1.0	off 0.6507286891396084 __DUMMY__ 0.2223588089231602 neg 0.12691250193723153	false	1.0
seicht	neg 1.0		__DUMMY__ 0.4557926139450243 off 0.31886368933902287 neg 0.2253436967159528	false	0.5
dummheit	off 1.0	off 1.0	off 0.644133885815802 __DUMMY__ 0.22620295506682722 neg 0.1296631591173707	false	1.0
unerfreulich	neg 1.0		__DUMMY__ 0.471767361830401 off 0.2988183585595187 neg 0.22941427961008026	false	0.5
motherfucker	off 1.0	off 1.0	off 0.6476590528286065 __DUMMY__ 0.2252075691722181 neg 0.1271333779991754	false	1.0
pikiert	neg 1.0		__DUMMY__ 0.4638365864942287 off 0.30937720471090463 neg 0.2267862087948668	false	0.5
wrack	neg 1.0		__DUMMY__ 0.4742137248926076 off 0.30374156663872354 neg 0.2220447084686689	false	0.5
gangster	neg 1.0		__DUMMY__ 0.4665260834583711 off 0.30822623100678953 neg 0.2252476855348393	false	0.5
krank	neg 1.0		__DUMMY__ 0.4644045670154302 off 0.31087836781186984 neg 0.22471706517269988	false	0.5
reich	neg 1.0		__DUMMY__ 0.4643805455376869 off 0.3081584449433169 neg 0.22746100951899628	false	0.5
gnadenlos	neg 1.0		__DUMMY__ 0.4686281013151222 off 0.3052050143157408 neg 0.22616688436913696	false	0.5
niedergeschlagen	neg 1.0		__DUMMY__ 0.47117119298457844 off 0.30145894393829703 neg 0.2273698630771244	false	0.5
terrorisieren	off 1.0	off 1.0	off 0.6401142030888827 __DUMMY__ 0.22941094653596694 neg 0.13047485037515036	false	1.0
sinnlosigkeit	neg 1.0		__DUMMY__ 0.46963844774183394 off 0.30167241820873814 neg 0.22868913404942784	false	0.5
behindern	neg 1.0		__DUMMY__ 0.4686039752547867 off 0.3035736122190177 neg 0.22782241252619573	false	0.5
undemokratisch	neg 1.0		__DUMMY__ 0.4662570567628587 off 0.30618068442328505 neg 0.2275622588138562	false	0.5
wirtschaftskrise	neg 1.0		__DUMMY__ 0.46777983879314633 off 0.30045523516547495 neg 0.23176492604137877	false	0.5
neid	neg 1.0		__DUMMY__ 0.46565217469186343 off 0.30718111224967304 neg 0.22716671305846342	false	0.5
rutschen	neg 1.0		__DUMMY__ 0.476056502349218 off 0.29445299980759837 neg 0.22949049784318368	false	0.5
rezession	neg 1.0		__DUMMY__ 0.4588240548101562 off 0.31193968548692913 neg 0.22923625970291467	false	0.5
fehlgeburt	neg 1.0		__DUMMY__ 0.47023672146511486 off 0.30523677615894756 neg 0.2245265023759375	false	0.5
charakterschwach	off 1.0		__DUMMY__ 0.46340432465237624 off 0.31000437278405557 neg 0.22659130256356808	false	1.0
isolation	neg 1.0		__DUMMY__ 0.46752881515082045 off 0.30909290573799747 neg 0.22337827911118194	false	0.5
ablenkung	neg 1.0		__DUMMY__ 0.4694546737429094 off 0.3037107696736749 neg 0.22683455658341564	false	0.5
pech	neg 1.0		__DUMMY__ 0.4653197024246336 off 0.3083705918705675 neg 0.22630970570479897	false	0.5
vermeidung	neg 1.0		__DUMMY__ 0.4639535635037615 off 0.31075568762801714 neg 0.2252907488682214	false	0.5
dominieren	neg 1.0		__DUMMY__ 0.47037069861009184 off 0.30260485361668754 neg 0.2270244477732207	false	0.5
schwindlig	neg 1.0		__DUMMY__ 0.46678070054800264 off 0.30575907138997727 neg 0.22746022806202004	false	0.5
lutscher	neg 1.0		__DUMMY__ 0.45576997316415796 off 0.3214699136760712 neg 0.22276011315977082	false	0.5
pflicht	neg 1.0		__DUMMY__ 0.4726750692660627 off 0.29779504729955386 neg 0.22952988343438344	false	0.5
faschist	off 1.0		__DUMMY__ 0.46549668601491456 off 0.30786503540840293 neg 0.2266382785766826	false	1.0
verschleudern	neg 1.0		__DUMMY__ 0.4692384140282086 off 0.29938208090839635 neg 0.23137950506339494	false	0.5
wenn			__DUMMY__ 0.46505177858076185 off 0.3089237965523077 neg 0.22602442486693053	false	0.0
ehebruch	neg 1.0		__DUMMY__ 0.46926087537270295 off 0.3001836679076143 neg 0.23055545671968278	false	0.5
spott	off 1.0		__DUMMY__ 0.471024632928587 off 0.3008884232827268 neg 0.22808694378868624	false	1.0
trostlosigkeit	neg 1.0		__DUMMY__ 0.4707011088409407 off 0.29679720117107555 neg 0.23250168998798368	false	0.5
lutschen	neg 1.0		__DUMMY__ 0.4671258871742042 off 0.3094702903510607 neg 0.2234038224747349	false	0.5
undiszipliniert	neg 1.0		__DUMMY__ 0.462824433914599 off 0.3122780118279308 neg 0.2248975542574702	false	0.5
kopfschmerz	neg 1.0		__DUMMY__ 0.46844633108516653 off 0.2991860290025285 neg 0.232367639912305	false	0.5
unvorhergesehen	neg 1.0		__DUMMY__ 0.47366634495175514 off 0.2986011771620819 neg 0.22773247788616283	false	0.5
desinteressiert	neg 1.0		__DUMMY__ 0.4631215092476101 off 0.311557945337557 neg 0.22532054541483282	false	0.5
armselig	off 1.0		__DUMMY__ 0.46185583442313777 off 0.314072818547719 neg 0.22407134702914314	false	1.0
desaster	neg 1.0		__DUMMY__ 0.4715879351687973 off 0.2964656312084445 neg 0.23194643362275824	false	0.5
tod	neg 1.0		__DUMMY__ 0.47143848144814793 off 0.300089670973465 neg 0.22847184757838718	false	0.5
herzlos	neg 1.0		__DUMMY__ 0.46208940647485863 off 0.3134296798306292 neg 0.2244809136945121	false	0.5
unwissenheit	neg 1.0		__DUMMY__ 0.46963762220686184 off 0.3012314884973336 neg 0.22913088929580452	false	0.5
widersinnig	neg 1.0		__DUMMY__ 0.46742260192083157 off 0.3022261256845223 neg 0.2303512723946462	false	0.5
bedenklich	neg 1.0		__DUMMY__ 0.46983834356624427 off 0.30013291714956797 neg 0.2300287392841878	false	0.5
beanstanden	neg 1.0		__DUMMY__ 0.4730924669881974 off 0.2989341005108814 neg 0.22797343250092122	false	0.5
panisch	neg 1.0		__DUMMY__ 0.4684794953513301 off 0.30636908455187567 neg 0.22515142009679412	false	0.5
debil	off 1.0		__DUMMY__ 0.4774018514614808 off 0.2924191393254648 neg 0.23017900921305448	false	1.0
abstrich	neg 1.0		__DUMMY__ 0.47205246999712963 off 0.3037444787432575 neg 0.22420305125961293	false	0.5
primitiv	neg 1.0		__DUMMY__ 0.4629785507388815 off 0.3116588305759487 neg 0.22536261868516988	false	0.5
abschaum	off 1.0	off 1.0	off 0.6462944467273226 __DUMMY__ 0.2261360027298114 neg 0.1275695505428658	false	1.0
provozieren	neg 1.0		__DUMMY__ 0.4673885190479673 off 0.3046140443850469 neg 0.2279974365669857	false	0.5
tot	neg 1.0		__DUMMY__ 0.4710375216611233 off 0.3022670741986208 neg 0.2266954041402558	false	0.5
instabil	neg 1.0		__DUMMY__ 0.4614605852856101 off 0.31440621709415506 neg 0.22413319762023476	false	0.5
schwuchtel	off 1.0	off 1.0	off 0.6555143109390167 __DUMMY__ 0.21984693985951434 neg 0.1246387492014689	false	1.0
zerren	neg 1.0		__DUMMY__ 0.4710412114108677 off 0.30130228558553285 neg 0.2276565030035994	false	0.5
kinderficker	off 1.0		__DUMMY__ 0.4603873429215894 off 0.31673655119962335 neg 0.22287610587878717	false	1.0
gefahr	neg 1.0		__DUMMY__ 0.4731225000788159 off 0.29877087073476405 neg 0.22810662918641997	false	0.5
rabiat	neg 1.0		__DUMMY__ 0.46821594598067695 off 0.30248564906900904 neg 0.22929840495031398	false	0.5
verlangsamung	neg 1.0		__DUMMY__ 0.45916196949726523 off 0.31870082056054827 neg 0.22213720994218644	false	0.5
ausgestorben	neg 1.0		__DUMMY__ 0.4695844953583604 off 0.302577207924282 neg 0.22783829671735767	false	0.5
anklagen	neg 1.0		__DUMMY__ 0.46918493030062125 off 0.30203280145795036 neg 0.22878226824142828	false	0.5
trott	neg 1.0		__DUMMY__ 0.46913213167279266 off 0.30412210627509556 neg 0.22674576205211183	false	0.5
verminderung	neg 1.0		__DUMMY__ 0.46357440229356633 off 0.31061672479908775 neg 0.22580887290734586	false	0.5
nach			__DUMMY__ 0.47765794089041963 off 0.29351569156402274 neg 0.22882636754555766	false	0.0
rost	neg 1.0		__DUMMY__ 0.45996314433281776 off 0.32073022923604244 neg 0.2193066264311399	false	0.5
destruktiv	neg 1.0		__DUMMY__ 0.46746566414796814 off 0.3031133290675493 neg 0.22942100678448252	false	0.5
unzumutbarkeit	neg 1.0		__DUMMY__ 0.4666589136181247 off 0.31220899921306583 neg 0.22113208716880947	false	0.5
labil	off 1.0	off 1.0	off 0.6457824131683036 __DUMMY__ 0.22617772725417357 neg 0.1280398595775228	false	1.0
ziemlich	neg 1.0		__DUMMY__ 0.4654753934584292 off 0.310463433351033 neg 0.2240611731905378	false	0.5
lachnummer	off 1.0		__DUMMY__ 0.46832713913326446 off 0.30437146956159333 neg 0.2273013913051422	false	1.0
oder			__DUMMY__ 0.4694444071030158 off 0.30485557464788976 neg 0.2257000182490943	false	0.0
verfall	neg 1.0		__DUMMY__ 0.4728768500677929 off 0.2943225814722272 neg 0.2328005684599798	false	0.5
ausgrenzung	neg 1.0		__DUMMY__ 0.4664839635163338 off 0.30622028892079534 neg 0.22729574756287088	false	0.5
unordnung	neg 1.0		__DUMMY__ 0.46369189150281503 off 0.3163290347828572 neg 0.2199790737143278	false	0.5
fehlverhalten	neg 1.0		__DUMMY__ 0.47102455133384175 off 0.29945746739895607 neg 0.22951798126720216	false	0.5
eine			__DUMMY__ 0.4726698226913631 off 0.2973295428310261 neg 0.23000063447761074	false	0.0
nille	neg 1.0		__DUMMY__ 0.46918686100256013 off 0.30466047509979827 neg 0.22615266389764155	false	0.5
qual	neg 1.0		__DUMMY__ 0.469200521045979 off 0.30369895721127915 neg 0.22710052174274195	false	0.5
verschwenden	neg 1.0		__DUMMY__ 0.47036436714430857 off 0.298769314644206 neg 0.23086631821148534	false	0.5
riesig	neg 1.0		__DUMMY__ 0.47306680436066767 off 0.3009102378376931 neg 0.2260229578016391	false	0.5
verurteilen	neg 1.0		__DUMMY__ 0.46899491507696917 off 0.3015291006961898 neg 0.22947598422684093	false	0.5
klischee	neg 1.0	neg 1.0	neg 0.5991741024610764 __DUMMY__ 0.2259985679956994 off 0.17482732954322422	false	1.0
diktatorisch	neg 1.0		__DUMMY__ 0.46556832622995065 off 0.30596303774984374 neg 0.2284686360202057	false	0.5
vorhersehbar	neg 1.0		__DUMMY__ 0.4650451381833798 off 0.306592929363379 neg 0.22836193245324124	false	0.5
sowie			__DUMMY__ 0.4596492283872837 off 0.31549338951940276 neg 0.22485738209331346	false	0.0
stornieren	neg 1.0		__DUMMY__ 0.4717841565025491 off 0.30954343694095177 neg 0.2186724065564993	false	0.5
besteuerung	neg 1.0	neg 1.0	neg 0.6014812469869345 __DUMMY__ 0.22601319164285896 off 0.17250556137020662	false	1.0
ungeschminkt	neg 1.0		__DUMMY__ 0.4639678501428528 off 0.3123571965028989 neg 0.22367495335424833	false	0.5
kritisch	neg 1.0		__DUMMY__ 0.47009205908557916 off 0.3014231803125738 neg 0.2284847606018472	false	0.5
schlamperei	off 1.0		__DUMMY__ 0.4711730616680975 off 0.30022435851594 neg 0.22860257981596255	false	1.0
sucht	neg 1.0	neg 1.0	neg 0.5962714242644424 __DUMMY__ 0.22935143298533844 off 0.17437714275021932	false	1.0
egoistisch	off 1.0	off 1.0	off 0.6497476909564363 __DUMMY__ 0.22377915005652962 neg 0.1264731589870342	false	1.0
ausbeuter	off 1.0		__DUMMY__ 0.4696414686222519 off 0.2984980009549506 neg 0.23186053042279747	false	1.0
arschgeburt	off 1.0		__DUMMY__ 0.45440674664672187 off 0.3266451258104389 neg 0.21894812754283915	false	1.0
schubs	neg 1.0		__DUMMY__ 0.4698504613518163 off 0.3003139158968093 neg 0.22983562275137445	false	0.5
unsolide	neg 1.0		__DUMMY__ 0.4662917710921338 off 0.3069776006510218 neg 0.2267306282568442	false	0.5
beschwerde	neg 1.0		__DUMMY__ 0.4704706348319457 off 0.3021115079943117 neg 0.22741785717374263	false	0.5
stocken	neg 1.0		__DUMMY__ 0.47119888309691327 off 0.30098347983233986 neg 0.22781763707074698	false	0.5
isolieren	neg 1.0		__DUMMY__ 0.4704398481751204 off 0.30215495233482786 neg 0.2274051994900517	false	0.5
unheilbar	neg 1.0		__DUMMY__ 0.4675416788770279 off 0.30345272482204555 neg 0.22900559630092648	false	0.5
pisser	off 1.0	off 1.0	off 0.6486977345357186 __DUMMY__ 0.22565481949204994 neg 0.12564744597223151	false	1.0
löschen	neg 1.0		__DUMMY__ 0.4687935035765041 off 0.3049065981723443 neg 0.2262998982511516	false	0.5
durchfallen	neg 1.0		__DUMMY__ 0.47003444217155577 off 0.30106961113423586 neg 0.22889594669420832	false	0.5
wichser	off 1.0	off 1.0	off 0.6526614735206482 __DUMMY__ 0.22106337926882413 neg 0.1262751472105277	false	1.0
terror	neg 1.0		__DUMMY__ 0.46743199443293443 off 0.308119442989308 neg 0.22444856257775764	false	0.5
krass	neg 1.0		__DUMMY__ 0.46125446648628265 off 0.3155055308450984 neg 0.22324000266861896	false	0.5
revolte	neg 1.0		__DUMMY__ 0.4629244509626261 off 0.30664863315892243 neg 0.23042691587845146	false	0.5
besorgt	neg 1.0		__DUMMY__ 0.47179809506145787 off 0.3024803327057758 neg 0.22572157223276623	false	0.5
nachlassen	neg 1.0		__DUMMY__ 0.4716297878430477 off 0.3010340809793059 neg 0.22733613117764626	false	0.5
alt	neg 1.0		__DUMMY__ 0.46768592490512867 off 0.2988088253849677 neg 0.23350524970990363	false	0.5
hundesohn	off 1.0	off 1.0	off 0.6527876249742717 __DUMMY__ 0.22270515082909204 neg 0.12450722419663632	false	1.0
als			__DUMMY__ 0.46941552405346404 off 0.3013680180889163 neg 0.22921645785761968	false	0.0
abschreckung	neg 1.0		__DUMMY__ 0.47122934170362285 off 0.2984317851665014 neg 0.2303388731298757	false	0.5
unqualifiziert	neg 1.0		__DUMMY__ 0.46528208069742405 off 0.30863924507220997 neg 0.22607867423036612	false	0.5
abgewichst	off 1.0		__DUMMY__ 0.47001300175462574 off 0.3041161271220155 neg 0.2258708711233587	false	1.0
schwer	neg 1.0		__DUMMY__ 0.46850850964789015 off 0.3029098048445308 neg 0.2285816855075791	false	0.5
bedeutungslosigkeit	neg 1.0		__DUMMY__ 0.4709379619701917 off 0.29898169420670384 neg 0.2300803438231044	false	0.5
kapitulation	neg 1.0		__DUMMY__ 0.4683186306066596 off 0.3001938089215841 neg 0.23148756047175645	false	0.5
unscharf	neg 1.0		__DUMMY__ 0.4641386656783579 off 0.30493389589611497 neg 0.23092743842552718	false	0.5
schwinden	neg 1.0		__DUMMY__ 0.47069614023542444 off 0.2990893028849196 neg 0.23021455687965595	false	0.5
versklavung	neg 1.0	neg 1.0	neg 0.5999120856691227 __DUMMY__ 0.2266668475930275 off 0.1734210667378499	false	1.0
schlecht	neg 1.0		__DUMMY__ 0.46565365387256646 off 0.31071863852907855 neg 0.22362770759835515	false	0.5
verhasst	neg 1.0		__DUMMY__ 0.4667273162372918 off 0.3052725219642397 neg 0.22800016179846838	false	0.5
beschweren	neg 1.0		__DUMMY__ 0.46815187696381627 off 0.3063315010574459 neg 0.22551662197873779	false	0.5
scheiden	neg 1.0		__DUMMY__ 0.4688200468870621 off 0.30404263546265836 neg 0.22713731765027964	false	0.5
frustriert	neg 1.0		__DUMMY__ 0.4697446070290503 off 0.30239676515933134 neg 0.22785862781161842	false	0.5
schimmelig	neg 1.0		__DUMMY__ 0.4694841335386882 off 0.3004163494501182 neg 0.23009951701119355	false	0.5
fisch	neg 1.0		__DUMMY__ 0.47018447701210986 off 0.2962367122718849 neg 0.23357881071600523	false	0.5
schmuggel	neg 1.0		__DUMMY__ 0.4738918443744999 off 0.29813447539048904 neg 0.22797368023501116	false	0.5
auffallen	neg 1.0		__DUMMY__ 0.4671907216875748 off 0.306515792175718 neg 0.22629348613670722	false	0.5
konkurrenz	neg 1.0		__DUMMY__ 0.4728560363224289 off 0.2992463531087697 neg 0.2278976105688014	false	0.5
teufelskreis	neg 1.0	neg 1.0	neg 0.601388415327373 __DUMMY__ 0.2271163875797243 off 0.17149519709290267	false	1.0
aufschreien	neg 1.0		__DUMMY__ 0.46563932936250957 off 0.30669325590836033 neg 0.22766741472913019	false	0.5
schuldner	neg 1.0		__DUMMY__ 0.46954331484336137 off 0.2982922353038397 neg 0.23216444985279897	false	0.5
missgeburt	off 1.0	off 1.0	off 0.6521940561044571 __DUMMY__ 0.22426713658783193 neg 0.12353880730771079	false	1.0
arbeitslos	neg 1.0		__DUMMY__ 0.4701563573152729 off 0.3010316743832974 neg 0.22881196830142972	false	0.5
befallen	neg 1.0		__DUMMY__ 0.46818824545058413 off 0.3025702117121509 neg 0.2292415428372648	false	0.5
miesepetrig	off 1.0	off 1.0	off 0.6455816508992773 __DUMMY__ 0.22586363057930095 neg 0.12855471852142175	false	1.0
alarmieren	neg 1.0		__DUMMY__ 0.4656329250567354 off 0.3094868752201462 neg 0.22488019972311854	false	0.5
ungeduscht	off 1.0		__DUMMY__ 0.46496627912789096 off 0.3085678647343571 neg 0.2264658561377518	false	1.0
knappheit	neg 1.0		__DUMMY__ 0.4686441826064311 off 0.3010275606349174 neg 0.23032825675865148	false	0.5
schlange	neg 1.0		__DUMMY__ 0.46940142443951255 off 0.3047201352918289 neg 0.22587844026865847	false	0.5
harsch	neg 1.0		__DUMMY__ 0.4652952599952673 off 0.3167466339654286 neg 0.21795810603930413	false	0.5
lang	neg 1.0		__DUMMY__ 0.46836610261181516 off 0.3057481115819877 neg 0.22588578580619703	false	0.5
ziellos	neg 1.0		__DUMMY__ 0.4721697883537528 off 0.29974498042349224 neg 0.22808523122275487	false	0.5
selbstverliebt	neg 1.0		__DUMMY__ 0.45651965874926026 off 0.3233590828723706 neg 0.22012125837836932	false	0.5
beseitigen	neg 1.0		__DUMMY__ 0.4724728881816302 off 0.3058032024977345 neg 0.22172390932063532	false	0.5
dumm	off 1.0		__DUMMY__ 0.4593202215077204 off 0.31743664966794827 neg 0.22324312882433145	false	1.0
arbeitsloser	neg 1.0		__DUMMY__ 0.47216731795620137 off 0.30207176533120156 neg 0.22576091671259707	false	0.5
blitzen	neg 1.0		__DUMMY__ 0.46572567533973386 off 0.3083444487248602 neg 0.22592987593540595	false	0.5
hilflos	neg 1.0		__DUMMY__ 0.46999817291044127 off 0.3010878226457563 neg 0.22891400444380236	false	0.5
eklig	off 1.0		__DUMMY__ 0.4580576813608048 off 0.31753715912460945 neg 0.22440515951458578	false	1.0
begriff			__DUMMY__ 0.46846111101360144 off 0.3031847585740427 neg 0.2283541304123557	false	0.0
hungersnot	neg 1.0		__DUMMY__ 0.46759203985692244 off 0.3004478792087274 neg 0.23196008093435033	false	0.5
ungesetzlich	neg 1.0		__DUMMY__ 0.46589789836437623 off 0.3061301637497013 neg 0.22797193788592235	false	0.5
verschwendung	neg 1.0		__DUMMY__ 0.4709492991575529 off 0.29894938322644826 neg 0.23010131761599886	false	0.5
schmerzvoll	neg 1.0		__DUMMY__ 0.46690505915882946 off 0.305178550046189 neg 0.22791639079498147	false	0.5
vorzeitig	neg 1.0		__DUMMY__ 0.4666429665525613 off 0.31044589314921217 neg 0.2229111402982264	false	0.5
unvollkommenheit	neg 1.0		__DUMMY__ 0.4697440808124187 off 0.30235726036324334 neg 0.22789865882433785	false	0.5
intervenieren	neg 1.0		__DUMMY__ 0.46945154111018805 off 0.299315211052033 neg 0.231233247837779	false	0.5
banause	off 1.0		__DUMMY__ 0.4554112952904029 off 0.3185017770994266 neg 0.22608692761017035	false	1.0
rebell	neg 1.0		__DUMMY__ 0.47326965989604336 off 0.29524358816780927 neg 0.23148675193614723	false	0.5
unlogisch	neg 1.0		__DUMMY__ 0.4624436589834017 off 0.31287652839016455 neg 0.22467981262643377	false	0.5
leiden	neg 1.0		__DUMMY__ 0.47396187580274307 off 0.29868266356160156 neg 0.22735546063565532	false	0.5
abschaffung	neg 1.0		__DUMMY__ 0.46680145574827014 off 0.30486079062419263 neg 0.2283377536275373	false	0.5
sturz	neg 1.0		__DUMMY__ 0.4707638199072031 off 0.30802880922361364 neg 0.2212073708691832	false	0.5
verkleinerung	neg 1.0		__DUMMY__ 0.4639841102799719 off 0.3080448163144527 neg 0.22797107340557538	false	0.5
schmarotzer	off 1.0		__DUMMY__ 0.46897111353416937 off 0.30174733638342904 neg 0.22928155008240156	false	1.0
bestrafung	neg 1.0	neg 1.0	neg 0.5988450832139333 __DUMMY__ 0.22809933192524823 off 0.17305558486081857	false	1.0
achtlos	neg 1.0		__DUMMY__ 0.46986079094638206 off 0.30244066141359055 neg 0.22769854764002728	false	0.5
ungeheuer	neg 1.0		__DUMMY__ 0.4673488031231029 off 0.3039934665011008 neg 0.22865773037579637	false	0.5
unaufrichtig	neg 1.0		__DUMMY__ 0.4661379766450895 off 0.309078516829478 neg 0.22478350652543252	false	0.5
groggy	neg 1.0		__DUMMY__ 0.46767172695014253 off 0.30828734044883654 neg 0.22404093260102098	false	0.5
verletzlich	neg 1.0		__DUMMY__ 0.4624977272004238 off 0.3086902277788133 neg 0.22881204502076286	false	0.5
