unsolidarisch	neg 1.0		off 0.5655812935634648 neg 0.4273379606084502 __DUMMY__ 0.0070807458280850956	false	0.5
nachteilig	neg 1.0		off 0.566244060215677 neg 0.4265674629063737 __DUMMY__ 0.007188476877949313	false	0.5
skeptisch	neg 1.0		off 0.5631080973700449 neg 0.4297199974414524 __DUMMY__ 0.007171905188502605	false	0.5
schrecklich	neg 1.0		off 0.5737134180736856 neg 0.41926940324260226 __DUMMY__ 0.007017178683712219	false	0.5
schlapp	neg 1.0	neg 1.0	neg 0.6940857547110912 off 0.30255510292246984 __DUMMY__ 0.0033591423664389108	false	1.0
abfall	neg 1.0		off 0.5615475517341806 neg 0.4312349176126686 __DUMMY__ 0.007217530653150987	false	0.5
widerspenstig	neg 1.0		off 0.5653819601846203 neg 0.42750753982337997 __DUMMY__ 0.007110499991999761	false	0.5
abrupt	neg 1.0		off 0.5622600745534815 neg 0.4305754129160945 __DUMMY__ 0.007164512530423995	false	0.5
unwirksam	neg 1.0		off 0.5640168651372086 neg 0.4289214376749207 __DUMMY__ 0.007061697187870656	false	0.5
angreifen	neg 1.0		off 0.5625012678495761 neg 0.43032222348912996 __DUMMY__ 0.007176508661293982	false	0.5
inkonsistent	neg 1.0		off 0.5679299597189977 neg 0.42499785546330393 __DUMMY__ 0.007072184817698319	false	0.5
abrutschen	neg 1.0		off 0.5605490592409861 neg 0.4322404920278138 __DUMMY__ 0.007210448731200131	false	0.5
unsicher	neg 1.0		off 0.5674104858698804 neg 0.42545537505983605 __DUMMY__ 0.0071341390702836655	false	0.5
bauernkind	off 1.0	off 1.0	off 0.774121969195592 neg 0.2225678345536897 __DUMMY__ 0.0033101962507182292	false	1.0
angreifer	neg 1.0		off 0.5729030476954744 neg 0.41997184381537833 __DUMMY__ 0.007125108489147307	false	0.5
trennen	neg 1.0		off 0.5633426877889844 neg 0.42946430626343973 __DUMMY__ 0.007193005947575831	false	0.5
schmutz	neg 1.0		off 0.5762819004333132 neg 0.4165315416599913 __DUMMY__ 0.007186557906695468	false	0.5
inkonsistenz	neg 1.0		off 0.5702544989366257 neg 0.42268555594521595 __DUMMY__ 0.007059945118158192	false	0.5
erschreckend	neg 1.0		off 0.5659847888661954 neg 0.4268882658002316 __DUMMY__ 0.007126945333572901	false	0.5
ertrinken	neg 1.0		off 0.5613842152248963 neg 0.43144733077700403 __DUMMY__ 0.007168453998099597	false	0.5
pickelface	off 1.0		off 0.5687850163390825 neg 0.4240809401092929 __DUMMY__ 0.007134043551624462	false	1.0
seiner			off 0.5638170762292081 neg 0.4289962112084489 __DUMMY__ 0.007186712562342968	false	0.0
lauch	neg 1.0	neg 1.0	neg 0.6982302426054828 off 0.2983222056014829 __DUMMY__ 0.0034475517930343193	false	1.0
unwichtig	neg 1.0		off 0.5703072790290451 neg 0.422630531706576 __DUMMY__ 0.00706218926437883	false	0.5
steuerhinterziehung	neg 1.0		off 0.5645667383491714 neg 0.42833167585512344 __DUMMY__ 0.00710158579570517	false	0.5
schock	neg 1.0		off 0.5659519312313163 neg 0.42690295776533843 __DUMMY__ 0.007145111003345296	false	0.5
beule	neg 1.0		off 0.571901687039637 neg 0.4210690150639749 __DUMMY__ 0.007029297896388013	false	0.5
vergelten	neg 1.0		off 0.5762664480666629 neg 0.41670344002301957 __DUMMY__ 0.007030111910317405	false	0.5
verdorbenheit	neg 1.0		off 0.5704919082461986 neg 0.42236525086102816 __DUMMY__ 0.007142840892773362	false	0.5
trauma	neg 1.0		off 0.5679507638039469 neg 0.4249446488750811 __DUMMY__ 0.007104587320971979	false	0.5
sinnlos	neg 1.0		off 0.568635389950432 neg 0.42426092793243286 __DUMMY__ 0.007103682117135197	false	0.5
fettsack	off 1.0	off 1.0	off 0.7754967702517793 neg 0.22118767903688896 __DUMMY__ 0.0033155507113317023	false	1.0
feige	off 1.0	off 1.0	off 0.7725854066075531 neg 0.22406304739883556 __DUMMY__ 0.003351545993611242	false	1.0
abdanken	neg 1.0		off 0.5669459883733113 neg 0.4259228379696298 __DUMMY__ 0.007131173657058714	false	0.5
wichtigtuer	off 1.0	off 1.0	off 0.7716681939837396 neg 0.224954316010366 __DUMMY__ 0.0033774900058942455	false	1.0
misslingen	neg 1.0		off 0.5723622072015836 neg 0.4204728347693388 __DUMMY__ 0.007164958029077645	false	0.5
untreu	off 1.0		off 0.5713012743634893 neg 0.42164979812805875 __DUMMY__ 0.007048927508451865	false	1.0
missmutig	neg 1.0		off 0.5682478679089089 neg 0.42469240680678283 __DUMMY__ 0.007059725284308298	false	0.5
hurenbock	off 1.0		off 0.5673778339526244 neg 0.42551133795651447 __DUMMY__ 0.00711082809086118	false	1.0
betrunken	neg 1.0		off 0.5727415285757438 neg 0.42023248628879106 __DUMMY__ 0.0070259851354650855	false	0.5
korrupt	off 1.0		off 0.5633200446370346 neg 0.4295846803530807 __DUMMY__ 0.007095275009884767	false	1.0
unmut	neg 1.0		off 0.5618285530708059 neg 0.43097866372339144 __DUMMY__ 0.007192783205802823	false	0.5
hackfresse	off 1.0		off 0.5771090228777913 neg 0.4159267754176207 __DUMMY__ 0.006964201704587959	false	1.0
aufblasen	neg 1.0		off 0.5670497456796785 neg 0.42583437247818046 __DUMMY__ 0.007115881842140947	false	0.5
gewaltsam	neg 1.0		off 0.5681760711973193 neg 0.4246786811403443 __DUMMY__ 0.007145247662336527	false	0.5
unbeliebtheit	neg 1.0		off 0.5726462307841544 neg 0.4202909109225118 __DUMMY__ 0.007062858293333786	false	0.5
sturheit	neg 1.0		off 0.5665972495421683 neg 0.4262648450623923 __DUMMY__ 0.0071379053954394355	false	0.5
kuh	neg 1.0		off 0.5653312515055583 neg 0.427649817243782 __DUMMY__ 0.007018931250659779	false	0.5
erschrecken	neg 1.0		off 0.5702845115649439 neg 0.4226340319440232 __DUMMY__ 0.007081456491032951	false	0.5
opfer	neg 1.0		off 0.5649230466659861 neg 0.4279074195067547 __DUMMY__ 0.007169533827259194	false	0.5
sinken	neg 1.0		off 0.561512008029991 neg 0.4313145242838099 __DUMMY__ 0.0071734676861989945	false	0.5
stinktier	neg 1.0		off 0.5727943798471269 neg 0.4202580538927318 __DUMMY__ 0.0069475662601412675	false	0.5
tucke	off 1.0		off 0.5768063672329314 neg 0.4162849934984153 __DUMMY__ 0.00690863926865321	false	1.0
ein			off 0.5647855494069511 neg 0.4281072166537992 __DUMMY__ 0.007107233939249682	false	0.0
abstieg	neg 1.0		off 0.5680310245920163 neg 0.4247839092786988 __DUMMY__ 0.007185066129285094	false	0.5
missverstehen	neg 1.0		off 0.5686141169377067 neg 0.4243021052266825 __DUMMY__ 0.007083777835610738	false	0.5
ergebnislos	neg 1.0		off 0.5660964950251545 neg 0.4267136801379919 __DUMMY__ 0.007189824836853596	false	0.5
unter			off 0.5598242208244387 neg 0.43289207622936743 __DUMMY__ 0.007283702946193792	false	0.0
manipulieren	neg 1.0		off 0.5640114695082826 neg 0.4288120320275475 __DUMMY__ 0.007176498464169872	false	0.5
unbewiesen	neg 1.0		off 0.5670398835570345 neg 0.42586377768520767 __DUMMY__ 0.007096338757757728	false	0.5
verschleppen	neg 1.0		off 0.5638470877672122 neg 0.4290172506966307 __DUMMY__ 0.007135661536157221	false	0.5
weib	off 1.0		off 0.5787088268147522 neg 0.4143543807998298 __DUMMY__ 0.0069367923854181095	false	1.0
opposition	neg 1.0		off 0.5672252689119732 neg 0.42568961750195144 __DUMMY__ 0.007085113586075256	false	0.5
verkehrswidrig	neg 1.0		off 0.5797096095639553 neg 0.41322598179171177 __DUMMY__ 0.00706440864433286	false	0.5
inkorrekt	neg 1.0		off 0.5726588306153154 neg 0.4203347866304169 __DUMMY__ 0.007006382754267611	false	0.5
vermeiden	neg 1.0		off 0.5622618141728908 neg 0.4304956219280281 __DUMMY__ 0.00724256389908114	false	0.5
abweichung	neg 1.0		off 0.5667645555375943 neg 0.42606792759157014 __DUMMY__ 0.007167516870835534	false	0.5
alkoholisiert	neg 1.0		off 0.5693263313357292 neg 0.4234172211270544 __DUMMY__ 0.0072564475372165205	false	0.5
scheiss	off 1.0	off 1.0	off 0.77349816087051 neg 0.22315705356040744 __DUMMY__ 0.0033447855690824624	false	1.0
herausforderung	neg 1.0		off 0.5655686926135403 neg 0.42727437722700184 __DUMMY__ 0.00715693015945785	false	0.5
pervers	off 1.0		off 0.580179154904671 neg 0.412912780974914 __DUMMY__ 0.006908064120414965	false	1.0
wackelig	neg 1.0		off 0.5656802761127049 neg 0.42715821812760807 __DUMMY__ 0.007161505759687023	false	0.5
verwickeln	neg 1.0		off 0.5679542778817194 neg 0.42495151114298285 __DUMMY__ 0.0070942109752979345	false	0.5
vorwand	neg 1.0		off 0.5624111366188194 neg 0.4304058040820208 __DUMMY__ 0.007183059299159938	false	0.5
muschi	off 1.0		off 0.5686657821122881 neg 0.4241779758285861 __DUMMY__ 0.0071562420591257045	false	1.0
entmutigung	neg 1.0		off 0.5660431537560007 neg 0.42690597880637116 __DUMMY__ 0.007050867437628295	false	0.5
unangemessen	neg 1.0		off 0.5657025222387463 neg 0.4271658445323638 __DUMMY__ 0.007131633228889899	false	0.5
unstetig	neg 1.0		off 0.571561687095931 neg 0.4213460662306814 __DUMMY__ 0.007092246673387538	false	0.5
entmutigen	neg 1.0		off 0.5662507638711185 neg 0.4266567563248525 __DUMMY__ 0.007092479804028956	false	0.5
schwanz	neg 1.0		off 0.5667259218961973 neg 0.42610274158474215 __DUMMY__ 0.007171336519060473	false	0.5
verbot	neg 1.0		off 0.5649021370469383 neg 0.42797364439503494 __DUMMY__ 0.007124218558026825	false	0.5
leid	neg 1.0		off 0.5748042506664053 neg 0.41820067084079887 __DUMMY__ 0.0069950784927958675	false	0.5
archaisch	neg 1.0		off 0.56509089676798 neg 0.42778119602940645 __DUMMY__ 0.007127907202613639	false	0.5
gegen			off 0.5635680005116731 neg 0.42922405855310763 __DUMMY__ 0.007207940935219409	false	0.0
scheidung	neg 1.0		off 0.588084594624521 neg 0.40496738745035293 __DUMMY__ 0.00694801792512604	false	0.5
einschlag	neg 1.0		off 0.5770640902578623 neg 0.4158790336016172 __DUMMY__ 0.007056876140520524	false	0.5
m			off 0.5663868832717018 neg 0.42645271769025095 __DUMMY__ 0.0071603990380471865	false	0.0
abgestanden	neg 1.0		off 0.5629119857458029 neg 0.43003427321593474 __DUMMY__ 0.0070537410382623105	false	0.5
schmierig	off 1.0		off 0.5741790454530554 neg 0.41882711126015226 __DUMMY__ 0.006993843286792188	false	1.0
unpraktisch	neg 1.0		off 0.5687752223501114 neg 0.42410819429707364 __DUMMY__ 0.0071165833528150845	false	0.5
wixxer	off 1.0		off 0.5799323872688921 neg 0.4131722963083914 __DUMMY__ 0.006895316422716449	false	1.0
bezeichnet			off 0.5675760656409223 neg 0.4252982448617831 __DUMMY__ 0.0071256894972947125	false	0.0
jammerlappen	off 1.0		off 0.5705629018565522 neg 0.4223768306192421 __DUMMY__ 0.007060267524205723	false	1.0
farce	neg 1.0		off 0.565690124166137 neg 0.4272099454946842 __DUMMY__ 0.007099930339178803	false	0.5
zwecklos	neg 1.0		off 0.5644226069534333 neg 0.42844295266487625 __DUMMY__ 0.007134440381690678	false	0.5
turbulent	neg 1.0		off 0.5735990319663717 neg 0.4193529535977379 __DUMMY__ 0.0070480144358904115	false	0.5
invasion	neg 1.0		off 0.5693821798363525 neg 0.4235208866172505 __DUMMY__ 0.007096933546396869	false	0.5
schuld	neg 1.0		off 0.5676931624313915 neg 0.42520030823610283 __DUMMY__ 0.007106529332505831	false	0.5
risiko	neg 1.0		off 0.5687735338484431 neg 0.42413087712788333 __DUMMY__ 0.007095589023673469	false	0.5
finster	neg 1.0		off 0.5648620645701269 neg 0.4280429133664444 __DUMMY__ 0.007095022063428708	false	0.5
geisteskrank	off 1.0		off 0.5719308716158085 neg 0.4210452656317261 __DUMMY__ 0.007023862752465431	false	1.0
zusammenbrechen	neg 1.0		off 0.564798192351525 neg 0.4280660704852028 __DUMMY__ 0.0071357371632722304	false	0.5
ausbeute	neg 1.0		off 0.5677159525414984 neg 0.42512768162679165 __DUMMY__ 0.007156365831710024	false	0.5
hinterhalt	neg 1.0		off 0.5663708419150515 neg 0.426489527149358 __DUMMY__ 0.0071396309355904915	false	0.5
kritik	neg 1.0		off 0.56510642100362 neg 0.42779566955915077 __DUMMY__ 0.007097909437229348	false	0.5
einschrumpfen	neg 1.0		off 0.5701051203884506 neg 0.4228494414708788 __DUMMY__ 0.007045438140670578	false	0.5
riskant	neg 1.0		off 0.5632222387555448 neg 0.4296096169942147 __DUMMY__ 0.007168144250240599	false	0.5
frustrieren	neg 1.0		off 0.5633594478457469 neg 0.4294899900548589 __DUMMY__ 0.007150562099394209	false	0.5
groll	neg 1.0		off 0.5655409961866105 neg 0.42731316119629603 __DUMMY__ 0.007145842617093617	false	0.5
gibt			off 0.5652164675084309 neg 0.427632028357493 __DUMMY__ 0.007151504134076101	false	0.0
qualvoll	neg 1.0		off 0.5680611590144587 neg 0.424848690347871 __DUMMY__ 0.007090150637670196	false	0.5
wackeln	neg 1.0		off 0.5671749434568419 neg 0.4256947617793375 __DUMMY__ 0.007130294763820557	false	0.5
klagen	neg 1.0		off 0.5623913847960536 neg 0.43043189513497626 __DUMMY__ 0.007176720068970138	false	0.5
bankrott	neg 1.0		off 0.5725699824849356 neg 0.4203319852246757 __DUMMY__ 0.007098032290388844	false	0.5
trauern	neg 1.0		off 0.5658406884472932 neg 0.426955497225091 __DUMMY__ 0.0072038143276156215	false	0.5
ablehnung	neg 1.0		off 0.5656110904578207 neg 0.42727036096254145 __DUMMY__ 0.007118548579637881	false	0.5
stur	neg 1.0		off 0.5670346184462457 neg 0.4258685707467762 __DUMMY__ 0.007096810806978228	false	0.5
aufruhr	neg 1.0		off 0.5654440112854885 neg 0.42745974321192304 __DUMMY__ 0.007096245502588657	false	0.5
melancholie	neg 1.0		off 0.5615135065029561 neg 0.43134010793904265 __DUMMY__ 0.007146385558001339	false	0.5
ist			off 0.5681861346729555 neg 0.4247111081262075 __DUMMY__ 0.007102757200837067	false	0.0
torheit	neg 1.0		off 0.5672655371346242 neg 0.4256374417850225 __DUMMY__ 0.0070970210803532946	false	0.5
dreckskind	off 1.0		off 0.5782044585569275 neg 0.4148426725181354 __DUMMY__ 0.006952868924937268	false	1.0
umtauschen	neg 1.0		off 0.5666615224887892 neg 0.4262095725227688 __DUMMY__ 0.007128904988442037	false	0.5
zum			off 0.5647971217220736 neg 0.4279242856160378 __DUMMY__ 0.007278592661888688	false	0.0
zersetzen	neg 1.0		off 0.5622243819108832 neg 0.4306192643828124 __DUMMY__ 0.007156353706304433	false	0.5
zur			off 0.5625137676467028 neg 0.4302420699360016 __DUMMY__ 0.007244162417295475	false	0.0
frust	neg 1.0		off 0.5645483048878046 neg 0.4283136808181607 __DUMMY__ 0.007138014294034688	false	0.5
unerbittlichkeit	neg 1.0		off 0.564405977557311 neg 0.4284236120794592 __DUMMY__ 0.00717041036322973	false	0.5
zwei			off 0.5619468206941285 neg 0.43080716911945144 __DUMMY__ 0.00724601018642014	false	0.0
unkorrekt	neg 1.0		off 0.5719711172605026 neg 0.4210082760972024 __DUMMY__ 0.007020606642294893	false	0.5
hexe	off 1.0		off 0.5688743957891751 neg 0.4240895799805331 __DUMMY__ 0.0070360242302918785	false	1.0
lasch	neg 1.0		off 0.569893956246388 neg 0.4230363022655732 __DUMMY__ 0.0070697414880389565	false	0.5
rivale	neg 1.0		off 0.5747839383562346 neg 0.4181865499657538 __DUMMY__ 0.007029511678011654	false	0.5
mutlos	off 1.0	off 1.0	off 0.7689934040771029 neg 0.22760256594220138 __DUMMY__ 0.003404029980695689	false	1.0
wirr	off 1.0		off 0.5735252937589949 neg 0.41947603340155576 __DUMMY__ 0.0069986728394492975	false	1.0
jahr			off 0.5672290801255426 neg 0.4255432969229712 __DUMMY__ 0.007227622951486203	false	0.0
wird			off 0.5650308560495774 neg 0.42780867231343345 __DUMMY__ 0.007160471636989249	false	0.0
strafbar	neg 1.0		off 0.563546157726068 neg 0.4292932358212919 __DUMMY__ 0.007160606452640111	false	0.5
erosion	neg 1.0		off 0.5678930151596915 neg 0.42497730650714005 __DUMMY__ 0.007129678333168376	false	0.5
eingehen	neg 1.0		off 0.562708618068885 neg 0.4301459256649368 __DUMMY__ 0.007145456266178185	false	0.5
faul	off 1.0		off 0.5711378868588346 neg 0.4217787113002342 __DUMMY__ 0.007083401840931268	false	1.0
provisorium	neg 1.0		off 0.5602209902546799 neg 0.4324917961037544 __DUMMY__ 0.00728721364156576	false	0.5
schmerzen	neg 1.0		off 0.564313505054554 neg 0.4285775788221957 __DUMMY__ 0.007108916123250239	false	0.5
schrumpfen	neg 1.0		off 0.5593396237064238 neg 0.43346420916265044 __DUMMY__ 0.0071961671309259114	false	0.5
geistlos	off 1.0		off 0.5671616259662366 neg 0.42578236712785994 __DUMMY__ 0.007056006905903374	false	1.0
fehlkauf	neg 1.0		off 0.5689556780660917 neg 0.4239549459755602 __DUMMY__ 0.007089375958347948	false	0.5
frustrierend	neg 1.0		off 0.5692257188639881 neg 0.423705130558528 __DUMMY__ 0.00706915057748397	false	0.5
unzufrieden	neg 1.0		off 0.5649450975041374 neg 0.4279086248354469 __DUMMY__ 0.007146277660415875	false	0.5
verzweifeln	neg 1.0		off 0.5661070654138637 neg 0.42675803776370663 __DUMMY__ 0.007134896822429655	false	0.5
verzweifelt	neg 1.0		off 0.5672935575410151 neg 0.4256071709646107 __DUMMY__ 0.00709927149437417	false	0.5
misstrauensantrag	neg 1.0		off 0.5683365046338142 neg 0.42457184975203777 __DUMMY__ 0.007091645614147904	false	0.5
abfallen	neg 1.0		off 0.5669316944084603 neg 0.42595116628705115 __DUMMY__ 0.007117139304488705	false	0.5
fucker	off 1.0		off 0.5746224888914905 neg 0.4183335262047863 __DUMMY__ 0.007043984903723222	false	1.0
ungezogen	neg 1.0		off 0.5790062094859312 neg 0.4140521603892021 __DUMMY__ 0.006941630124866733	false	0.5
irrsinnig	neg 1.0	neg 1.0	neg 0.6959889821196755 off 0.3006268024077914 __DUMMY__ 0.003384215472533145	false	1.0
unfassbar	neg 1.0		off 0.5716381090774038 neg 0.4213068425143798 __DUMMY__ 0.007055048408216445	false	0.5
hart	neg 1.0		off 0.5707203196442177 neg 0.4222528337433184 __DUMMY__ 0.007026846612463902	false	0.5
widerlich	off 1.0		off 0.5712619017333834 neg 0.421701540793201 __DUMMY__ 0.007036557473415684	false	1.0
fatal	neg 1.0	neg 1.0	neg 0.6961433842504255 off 0.30049655082287013 __DUMMY__ 0.003360064926704351	false	1.0
bruch	neg 1.0		off 0.561532787405447 neg 0.43127205979263145 __DUMMY__ 0.007195152801921569	false	0.5
aushungern	neg 1.0		off 0.5643478388840054 neg 0.42853941090058706 __DUMMY__ 0.007112750215407474	false	0.5
anspannung	neg 1.0		off 0.5618976308113336 neg 0.4308582608899663 __DUMMY__ 0.007244108298700154	false	0.5
von			off 0.5646107404410272 neg 0.42818445680865813 __DUMMY__ 0.007204802750314725	false	0.0
kraftlos	neg 1.0		off 0.5641910678339921 neg 0.428663678374053 __DUMMY__ 0.007145253791954893	false	0.5
vom			off 0.5625102420234785 neg 0.430180601788325 __DUMMY__ 0.0073091561881963325	false	0.0
grenzdebil	off 1.0		off 0.5711881623807747 neg 0.42177145280557865 __DUMMY__ 0.007040384813646541	false	1.0
vor			off 0.562012048521517 neg 0.43079092021464355 __DUMMY__ 0.007197031263839632	false	0.0
unterwerfen	neg 1.0		off 0.5646949344994927 neg 0.42814217073725924 __DUMMY__ 0.007162894763247969	false	0.5
versenkung	neg 1.0		off 0.5645394536867627 neg 0.4282863726691047 __DUMMY__ 0.007174173644132454	false	0.5
entziehen	neg 1.0		off 0.5624384903092524 neg 0.43037580036991724 __DUMMY__ 0.007185709320830246	false	0.5
finanzkrise	neg 1.0		off 0.5620339871211766 neg 0.43091232579709315 __DUMMY__ 0.007053687081730231	false	0.5
schimpfend	neg 1.0		off 0.5692153770589994 neg 0.42365076489432035 __DUMMY__ 0.007133858046680201	false	0.5
profan	neg 1.0		off 0.5683304450419328 neg 0.42458140503245495 __DUMMY__ 0.007088149925612338	false	0.5
korruption	neg 1.0		off 0.5634135218875684 neg 0.4294755364900253 __DUMMY__ 0.007110941622406354	false	0.5
â			off 0.565270029553253 neg 0.4275721691771645 __DUMMY__ 0.007157801269582418	false	0.0
schmutzig	neg 1.0		off 0.5715154671556743 neg 0.4214423901641031 __DUMMY__ 0.007042142680222839	false	0.5
sexy	neg 1.0		off 0.5708925024708695 neg 0.4220157278692719 __DUMMY__ 0.007091769659858439	false	0.5
abraten	neg 1.0		off 0.5691788727003615 neg 0.4237106689493211 __DUMMY__ 0.007110458350317359	false	0.5
schwarz	neg 1.0		off 0.5691849860947552 neg 0.4237124600423118 __DUMMY__ 0.007102553862932931	false	0.5
fotze	off 1.0	off 1.0	off 0.7709436304944511 neg 0.22563546826828576 __DUMMY__ 0.0034209012372630257	false	1.0
verwirren	neg 1.0		off 0.5688828023976381 neg 0.42402588695816534 __DUMMY__ 0.007091310644196572	false	0.5
zahnlos	off 1.0		off 0.565139104425341 neg 0.4277320145663781 __DUMMY__ 0.00712888100828092	false	1.0
verheeren	neg 1.0		off 0.5807329725142606 neg 0.4123281678261494 __DUMMY__ 0.006938859659589984	false	0.5
hippie	neg 1.0		off 0.5703644386609728 neg 0.42254426303371306 __DUMMY__ 0.007091298305314242	false	0.5
rammen	neg 1.0		off 0.5699804839517246 neg 0.42287452366735717 __DUMMY__ 0.007144992380918178	false	0.5
unlauter	neg 1.0		off 0.5687490931997795 neg 0.42415503863832543 __DUMMY__ 0.007095868161894923	false	0.5
unheilvoll	neg 1.0		off 0.5668575908537216 neg 0.42605104508795366 __DUMMY__ 0.007091364058324761	false	0.5
niedrig	neg 1.0		off 0.5645062979704463 neg 0.42834691020621307 __DUMMY__ 0.007146791823340569	false	0.5
explosion	neg 1.0		off 0.5707430658735976 neg 0.42215904627534895 __DUMMY__ 0.007097887851053418	false	0.5
weichei	off 1.0	off 1.0	off 0.7744643334517863 neg 0.22222468244414512 __DUMMY__ 0.0033109841040685657	false	1.0
minusmensch	off 1.0		off 0.5807281262482961 neg 0.4123290324364501 __DUMMY__ 0.0069428413152538065	false	1.0
farblos	neg 1.0		off 0.5694526865394111 neg 0.4234240820129027 __DUMMY__ 0.007123231447686167	false	0.5
unwissend	neg 1.0	neg 1.0	neg 0.6945647077358368 off 0.3020780327515506 __DUMMY__ 0.00335725951261253	false	1.0
traurig	neg 1.0		off 0.5735215563946188 neg 0.4194546814380356 __DUMMY__ 0.007023762167345694	false	0.5
senkung	neg 1.0		off 0.5662893075644965 neg 0.4266701301780926 __DUMMY__ 0.007040562257410984	false	0.5
ungleich	neg 1.0	neg 1.0	neg 0.6975955755731177 off 0.2989937679471981 __DUMMY__ 0.0034106564796841984	false	1.0
heikel	neg 1.0		off 0.5631712407171146 neg 0.42966484932982724 __DUMMY__ 0.007163909953058118	false	0.5
drosselung	neg 1.0		off 0.5712918518424626 neg 0.421677104835316 __DUMMY__ 0.007031043322221293	false	0.5
falsch	neg 1.0		off 0.570350869550332 neg 0.4225694246081266 __DUMMY__ 0.007079705841541443	false	0.5
unzufriedenheit	neg 1.0		off 0.5622912785347388 neg 0.43055273370274627 __DUMMY__ 0.00715598776251494	false	0.5
kurz	neg 1.0		off 0.5664051362773497 neg 0.42643273954027144 __DUMMY__ 0.007162124182378864	false	0.5
unsinnig	neg 1.0		off 0.5647356943641688 neg 0.42815425155343173 __DUMMY__ 0.007110054082399401	false	0.5
penner	off 1.0	off 1.0	off 0.7756289151077133 neg 0.22106417511278262 __DUMMY__ 0.003306909779503999	false	1.0
seicht	neg 1.0		off 0.5753850187037408 neg 0.41770569409354874 __DUMMY__ 0.006909287202710447	false	0.5
dummheit	off 1.0	off 1.0	off 0.771100863877861 neg 0.22553288487339915 __DUMMY__ 0.0033662512487398545	false	1.0
unerfreulich	neg 1.0		off 0.5633085759899699 neg 0.42951928527760264 __DUMMY__ 0.00717213873242744	false	0.5
motherfucker	off 1.0	off 1.0	off 0.774106938241942 neg 0.22254210082326883 __DUMMY__ 0.0033509609347892443	false	1.0
pikiert	neg 1.0		off 0.5699753467427757 neg 0.4229829673494746 __DUMMY__ 0.007041685907749675	false	0.5
wrack	neg 1.0		off 0.5701633619283718 neg 0.4226278302671549 __DUMMY__ 0.007208807804473221	false	0.5
gangster	neg 1.0		off 0.5703744881920644 neg 0.4225389577439227 __DUMMY__ 0.0070865540640128784	false	0.5
krank	neg 1.0		off 0.5719925583416481 neg 0.420957377207379 __DUMMY__ 0.007050064450973033	false	0.5
reich	neg 1.0		off 0.5690526187851266 neg 0.4239000686861095 __DUMMY__ 0.007047312528763842	false	0.5
gnadenlos	neg 1.0		off 0.5683111152252606 neg 0.4245677880352408 __DUMMY__ 0.007121096739498617	false	0.5
niedergeschlagen	neg 1.0		off 0.565844746250634 neg 0.4269935450190058 __DUMMY__ 0.007161708730360273	false	0.5
terrorisieren	off 1.0	off 1.0	off 0.7688225938445234 neg 0.22776182404915418 __DUMMY__ 0.00341558210632225	false	1.0
sinnlosigkeit	neg 1.0		off 0.5650880568525496 neg 0.4277743696248619 __DUMMY__ 0.007137573522588526	false	0.5
behindern	neg 1.0		off 0.5666119727601406 neg 0.4262677233863713 __DUMMY__ 0.007120303853488093	false	0.5
undemokratisch	neg 1.0		off 0.567893231222352 neg 0.4250253978111882 __DUMMY__ 0.007081370966459745	false	0.5
wirtschaftskrise	neg 1.0		off 0.5626606540549473 neg 0.4302332243237299 __DUMMY__ 0.007106121621322731	false	0.5
neid	neg 1.0		off 0.568736065920827 neg 0.4241933319639687 __DUMMY__ 0.007070602115204188	false	0.5
rutschen	neg 1.0		off 0.5612350712946993 neg 0.4315232987357008 __DUMMY__ 0.0072416299695997515	false	0.5
rezession	neg 1.0		off 0.5697524084470686 neg 0.42328902310158295 __DUMMY__ 0.006958568451348245	false	0.5
fehlgeburt	neg 1.0		off 0.5694236881154686 neg 0.4234332051984318 __DUMMY__ 0.00714310668609962	false	0.5
charakterschwach	off 1.0		off 0.5703764409328415 neg 0.4225891363939123 __DUMMY__ 0.007034422673246244	false	1.0
isolation	neg 1.0		off 0.5719386825477721 neg 0.4209592098422401 __DUMMY__ 0.007102107609987897	false	0.5
ablenkung	neg 1.0		off 0.5672243435065207 neg 0.4256415358839319 __DUMMY__ 0.00713412060954738	false	0.5
pech	neg 1.0		off 0.5698752319890351 neg 0.4230605747179902 __DUMMY__ 0.007064193292974739	false	0.5
vermeidung	neg 1.0		off 0.5716096803989419 neg 0.42134778331459427 __DUMMY__ 0.007042536286463848	false	0.5
dominieren	neg 1.0		off 0.5665784937723082 neg 0.42627373386825584 __DUMMY__ 0.007147772359436074	false	0.5
schwindlig	neg 1.0		off 0.5679336061342332 neg 0.4249777200078214 __DUMMY__ 0.007088673857945386	false	0.5
lutscher	neg 1.0		off 0.5782531166972965 neg 0.41483870603728645 __DUMMY__ 0.006908177265416916	false	0.5
pflicht	neg 1.0		off 0.5627128329402836 neg 0.4300995514790025 __DUMMY__ 0.007187615580713913	false	0.5
faschist	off 1.0		off 0.5692586107234953 neg 0.42367280958796927 __DUMMY__ 0.007068579688535442	false	1.0
verschleudern	neg 1.0		off 0.5623967544833947 neg 0.43047352174144743 __DUMMY__ 0.007129723775157985	false	0.5
wenn			off 0.5702141686439953 neg 0.42272381792275204 __DUMMY__ 0.007062013433252597	false	0.0
ehebruch	neg 1.0		off 0.5632357436036505 neg 0.4296333739189305 __DUMMY__ 0.007130882477418935	false	0.5
spott	off 1.0		off 0.5650502035618549 neg 0.42778979946275536 __DUMMY__ 0.007159996975389857	false	1.0
trostlosigkeit	neg 1.0		off 0.5604617113280843 neg 0.4323840351559064 __DUMMY__ 0.007154253516009351	false	0.5
lutschen	neg 1.0		off 0.5720858670068998 neg 0.4208196476004013 __DUMMY__ 0.007094485392698827	false	0.5
undiszipliniert	neg 1.0		off 0.5725416774995824 neg 0.42043398816494965 __DUMMY__ 0.0070243343354680935	false	0.5
kopfschmerz	neg 1.0		off 0.561832873493042 neg 0.43105170471140497 __DUMMY__ 0.007115421795553168	false	0.5
unvorhergesehen	neg 1.0		off 0.56432108901209 neg 0.4284778625763534 __DUMMY__ 0.007201048411556561	false	0.5
desinteressiert	neg 1.0		off 0.5719167092109366 neg 0.42105349397941727 __DUMMY__ 0.007029796809646088	false	0.5
armselig	off 1.0		off 0.5738407737402852 neg 0.4191498290586449 __DUMMY__ 0.00700939720106992	false	1.0
desaster	neg 1.0		off 0.5606167811509201 neg 0.43221365295381564 __DUMMY__ 0.007169565895264349	false	0.5
tod	neg 1.0		off 0.564557638165054 neg 0.428278699986368 __DUMMY__ 0.007163661848577844	false	0.5
herzlos	neg 1.0		off 0.5733134452400912 neg 0.4196736660793477 __DUMMY__ 0.007012888680561101	false	0.5
unwissenheit	neg 1.0		off 0.5646048105918016 neg 0.42825786905794305 __DUMMY__ 0.007137320350255435	false	0.5
widersinnig	neg 1.0		off 0.5643319010632152 neg 0.42856723257498386 __DUMMY__ 0.007100866361800988	false	0.5
bedenklich	neg 1.0		off 0.5635535294890262 neg 0.4293053766945616 __DUMMY__ 0.007141093816412218	false	0.5
beanstanden	neg 1.0		off 0.5642000498112963 neg 0.42860584362447823 __DUMMY__ 0.007194106564225534	false	0.5
panisch	neg 1.0		off 0.5695620185520803 neg 0.4233208307378938 __DUMMY__ 0.007117150710025848	false	0.5
debil	off 1.0		off 0.5598733590540962 neg 0.43286344401523197 __DUMMY__ 0.007263196930671829	false	1.0
abstrich	neg 1.0		off 0.5690150819346386 neg 0.42381366017541733 __DUMMY__ 0.007171257889944229	false	0.5
primitiv	neg 1.0		off 0.5719141776869576 neg 0.42105806068418256 __DUMMY__ 0.007027761628859641	false	0.5
abschaum	off 1.0	off 1.0	off 0.7732287034704092 neg 0.22340617237771396 __DUMMY__ 0.0033651241518768385	false	1.0
provozieren	neg 1.0		off 0.5669282212338644 neg 0.4259710081187934 __DUMMY__ 0.0071007706473421636	false	0.5
tot	neg 1.0		off 0.5667186490089902 neg 0.42612492881167796 __DUMMY__ 0.007156422179331861	false	0.5
instabil	neg 1.0		off 0.5740018799271944 neg 0.418997389084097 __DUMMY__ 0.007000730988708588	false	0.5
schwuchtel	off 1.0	off 1.0	off 0.7790344326248576 neg 0.21769718530317536 __DUMMY__ 0.0032683820719670003	false	1.0
zerren	neg 1.0		off 0.5655636289002185 neg 0.42727593273414244 __DUMMY__ 0.00716043836563908	false	0.5
kinderficker	off 1.0		off 0.5758298429587948 neg 0.41718580782768444 __DUMMY__ 0.006984349213520635	false	1.0
gefahr	neg 1.0		off 0.5640345779424584 neg 0.4287714693748169 __DUMMY__ 0.007193952682724579	false	0.5
rabiat	neg 1.0		off 0.5651494480278929 neg 0.4277365546828655 __DUMMY__ 0.00711399728924177	false	0.5
verlangsamung	neg 1.0		off 0.5772209292619602 neg 0.41581587931529806 __DUMMY__ 0.00696319142274182	false	0.5
ausgestorben	neg 1.0		off 0.5660613014545883 neg 0.42680234712998516 __DUMMY__ 0.007136351415426416	false	0.5
anklagen	neg 1.0		off 0.5652069283018326 neg 0.42766412333962883 __DUMMY__ 0.007128948358538607	false	0.5
trott	neg 1.0		off 0.5675173224981319 neg 0.4253533349092183 __DUMMY__ 0.007129342592649708	false	0.5
verminderung	neg 1.0		off 0.5712442878786259 neg 0.4217194193274914 __DUMMY__ 0.007036292793882554	false	0.5
nach			off 0.5611793456190461 neg 0.4315524628682525 __DUMMY__ 0.007268191512701372	false	0.0
rost	neg 1.0		off 0.5799340654471274 neg 0.4130901754947969 __DUMMY__ 0.0069757590580756595	false	0.5
destruktiv	neg 1.0		off 0.5653474740538873 neg 0.4275508387034095 __DUMMY__ 0.007101687242703098	false	0.5
unzumutbarkeit	neg 1.0		off 0.574767952340066 neg 0.41814596890393785 __DUMMY__ 0.0070860787559961945	false	0.5
labil	off 1.0	off 1.0	off 0.7727556753804018 neg 0.22387843819551836 __DUMMY__ 0.0033658864240798227	false	1.0
ziemlich	neg 1.0		off 0.5721443616772212 neg 0.42078736113953263 __DUMMY__ 0.0070682771832462216	false	0.5
lachnummer	off 1.0		off 0.5671959336120935 neg 0.4256878248247204 __DUMMY__ 0.007116241563185913	false	1.0
oder			off 0.5684819412859771 neg 0.42438453614272825 __DUMMY__ 0.007133522571294772	false	0.0
verfall	neg 1.0		off 0.5590957967665218 neg 0.4337135768855636 __DUMMY__ 0.007190626347914586	false	0.5
ausgrenzung	neg 1.0		off 0.568078898952588 neg 0.4248361967077061 __DUMMY__ 0.007084904339705932	false	0.5
unordnung	neg 1.0		off 0.5774535763488781 neg 0.4155100222700057 __DUMMY__ 0.007036401381116095	false	0.5
fehlverhalten	neg 1.0		off 0.5635035784378316 neg 0.4293359793427385 __DUMMY__ 0.007160442219429929	false	0.5
eine			off 0.5622614536891721 neg 0.4305513750778985 __DUMMY__ 0.0071871712329293486	false	0.0
nille	neg 1.0		off 0.568080708893516 neg 0.4247894682781964 __DUMMY__ 0.007129822828287443	false	0.5
qual	neg 1.0		off 0.5670938280856285 neg 0.4257756574952476 __DUMMY__ 0.007130514419123912	false	0.5
verschwenden	neg 1.0		off 0.5624293340581075 neg 0.43042151352987135 __DUMMY__ 0.007149152412021198	false	0.5
riesig	neg 1.0		off 0.5664353085575282 neg 0.4263732908478286 __DUMMY__ 0.007191400594643196	false	0.5
verurteilen	neg 1.0		off 0.5645159039393921 neg 0.4283573118700841 __DUMMY__ 0.0071267841905237606	false	0.5
klischee	neg 1.0	neg 1.0	neg 0.6949504343173244 off 0.3016864293163541 __DUMMY__ 0.0033631363663215396	false	1.0
diktatorisch	neg 1.0		off 0.5672354796543654 neg 0.4256944968487241 __DUMMY__ 0.007070023496910582	false	0.5
vorhersehbar	neg 1.0		off 0.5676655573819268 neg 0.4252724995236127 __DUMMY__ 0.007061943094460566	false	0.5
sowie			off 0.5741045707011224 neg 0.4189230188353144 __DUMMY__ 0.006972410463563121	false	0.0
stornieren	neg 1.0		off 0.5749415563742123 neg 0.41788865817261983 __DUMMY__ 0.00716978545316787	false	0.5
besteuerung	neg 1.0	neg 1.0	neg 0.6972468869540782 off 0.29939037035597077 __DUMMY__ 0.0033627426899509785	false	1.0
ungeschminkt	neg 1.0		off 0.5733773711592266 neg 0.41958044528239075 __DUMMY__ 0.007042183558382709	false	0.5
kritisch	neg 1.0		off 0.565067713077233 neg 0.42778710739612796 __DUMMY__ 0.007145179526638968	false	0.5
schlamperei	off 1.0		off 0.5644287313554733 neg 0.4284094059738705 __DUMMY__ 0.007161862670656163	false	1.0
sucht	neg 1.0	neg 1.0	neg 0.6934244057055242 off 0.3031625539990746 __DUMMY__ 0.0034130402954012065	false	1.0
egoistisch	off 1.0	off 1.0	off 0.7754272798897656 neg 0.2212440869307734 __DUMMY__ 0.00332863317946094	false	1.0
ausbeuter	off 1.0		off 0.5616382093977141 neg 0.4312241305839425 __DUMMY__ 0.00713766001834336	false	1.0
arschgeburt	off 1.0		off 0.5829462047426598 neg 0.4101675820566959 __DUMMY__ 0.006886213200644318	false	1.0
schubs	neg 1.0		off 0.5639120607548394 neg 0.428949542142559 __DUMMY__ 0.007138397102601687	false	0.5
unsolide	neg 1.0		off 0.5688088059997637 neg 0.4241103069225295 __DUMMY__ 0.007080887077706661	false	0.5
beschwerde	neg 1.0		off 0.5660547917735163 neg 0.4267950528141711 __DUMMY__ 0.00715015541231259	false	0.5
stocken	neg 1.0		off 0.5652854055238165 neg 0.4275524946508186 __DUMMY__ 0.007162099825364959	false	0.5
isolieren	neg 1.0		off 0.56608187831645 neg 0.42676894745126687 __DUMMY__ 0.007149174232283265	false	0.5
unheilbar	neg 1.0		off 0.5657420515016928 neg 0.4271556225444778 __DUMMY__ 0.00710232595382957	false	0.5
pisser	off 1.0	off 1.0	off 0.7754309622697884 neg 0.221211954939282 __DUMMY__ 0.003357082790929716	false	1.0
löschen	neg 1.0		off 0.5681369503468245 neg 0.424739480457383 __DUMMY__ 0.007123569195792281	false	0.5
durchfallen	neg 1.0		off 0.5646913424737519 neg 0.42816473022792884 __DUMMY__ 0.007143927298319304	false	0.5
wichser	off 1.0	off 1.0	off 0.7768498927903984 neg 0.21986302896211282 __DUMMY__ 0.003287078247488798	false	1.0
terror	neg 1.0		off 0.5708397292353832 neg 0.4220599909415529 __DUMMY__ 0.007100279823063983	false	0.5
krass	neg 1.0		off 0.575133816654019 neg 0.41786833176836985 __DUMMY__ 0.0069978515776112716	false	0.5
revolte	neg 1.0		off 0.5664285012864835 neg 0.4265449298588606 __DUMMY__ 0.0070265688546558925	false	0.5
besorgt	neg 1.0		off 0.5672910315799499 neg 0.4255370524298232 __DUMMY__ 0.007171915990226935	false	0.5
nachlassen	neg 1.0		off 0.5656631977768898 neg 0.4271683500963326 __DUMMY__ 0.007168452126777738	false	0.5
alt	neg 1.0		off 0.5610048265378633 neg 0.43189257309762724 __DUMMY__ 0.00710260036450944	false	0.5
hundesohn	off 1.0	off 1.0	off 0.7778673843722671 neg 0.21882042281926156 __DUMMY__ 0.003312192808471354	false	1.0
als			off 0.5646576562225231 neg 0.42820881900990565 __DUMMY__ 0.0071335247675712345	false	0.0
abschreckung	neg 1.0		off 0.562508977587589 neg 0.4303274887596393 __DUMMY__ 0.007163533652771752	false	0.5
unqualifiziert	neg 1.0		off 0.5699973448766562 neg 0.42293701665797595 __DUMMY__ 0.007065638465367862	false	0.5
abgewichst	off 1.0		off 0.5680141177606205 neg 0.42484267171953655 __DUMMY__ 0.007143210519842888	false	1.0
schwer	neg 1.0		off 0.5657853571338068 neg 0.4270955551947621 __DUMMY__ 0.007119087671430987	false	0.5
bedeutungslosigkeit	neg 1.0		off 0.5629359065569011 neg 0.42990501941315207 __DUMMY__ 0.0071590740299470376	false	0.5
kapitulation	neg 1.0		off 0.5626693679540465 neg 0.4302150818747435 __DUMMY__ 0.007115550171210063	false	0.5
unscharf	neg 1.0		off 0.56550888680453 neg 0.4274465394649015 __DUMMY__ 0.007044573730568443	false	0.5
schwinden	neg 1.0		off 0.5629206845609284 neg 0.4299253109956462 __DUMMY__ 0.007154004443425509	false	0.5
versklavung	neg 1.0	neg 1.0	neg 0.696008189384316 off 0.30061864533573174 __DUMMY__ 0.003373165279952399	false	1.0
schlecht	neg 1.0		off 0.5725136674560621 neg 0.4204148761581972 __DUMMY__ 0.007071456385740499	false	0.5
verhasst	neg 1.0		off 0.5672344227338221 neg 0.42567582825826733 __DUMMY__ 0.007089749007910658	false	0.5
beschweren	neg 1.0		off 0.5692600879440005 neg 0.4236269462054205 __DUMMY__ 0.00711296585057895	false	0.5
scheiden	neg 1.0		off 0.567265319856748 neg 0.42561380513857033 __DUMMY__ 0.007120875004681568	false	0.5
frustriert	neg 1.0		off 0.5659500347267311 neg 0.42691052030794246 __DUMMY__ 0.007139444965326499	false	0.5
schimmelig	neg 1.0		off 0.5638396181822474 neg 0.4290287254225498 __DUMMY__ 0.0071316563952028775	false	0.5
fisch	neg 1.0		off 0.5597580563849354 neg 0.433099533420715 __DUMMY__ 0.007142410194349701	false	0.5
schmuggel	neg 1.0		off 0.5638419671806737 neg 0.4289530809011478 __DUMMY__ 0.0072049519181784155	false	0.5
auffallen	neg 1.0		off 0.5688911164653401 neg 0.424011894546653 __DUMMY__ 0.007096988988006904	false	0.5
konkurrenz	neg 1.0		off 0.5643752968351082 neg 0.4284349859090053 __DUMMY__ 0.0071897172558865385	false	0.5
teufelskreis	neg 1.0	neg 1.0	neg 0.6976803797012608 off 0.2989391529249117 __DUMMY__ 0.003380467373827368	false	1.0
aufschreien	neg 1.0		off 0.5681418988027936 neg 0.4247862699010647 __DUMMY__ 0.0070718312961416	false	0.5
schuldner	neg 1.0		off 0.5613842108164137 neg 0.43148064164298683 __DUMMY__ 0.007135147540599496	false	0.5
missgeburt	off 1.0	off 1.0	off 0.7781802509699245 neg 0.21848411142643806 __DUMMY__ 0.003335637603637515	false	1.0
arbeitslos	neg 1.0		off 0.5647113825621042 neg 0.4281423321573198 __DUMMY__ 0.007146285280576005	false	0.5
befallen	neg 1.0		off 0.5651894015535969 neg 0.4276989101474814 __DUMMY__ 0.007111688298921544	false	0.5
miesepetrig	off 1.0	off 1.0	off 0.7724286075668139 neg 0.22421108335838877 __DUMMY__ 0.0033603090747973165	false	1.0
alarmieren	neg 1.0		off 0.5711178874752032 neg 0.42181168295537663 __DUMMY__ 0.0070704295694203	false	0.5
ungeduscht	off 1.0		off 0.5699104861375992 neg 0.4230311201949632 __DUMMY__ 0.00705839366743748	false	1.0
knappheit	neg 1.0		off 0.5638127038256224 neg 0.42906744057786234 __DUMMY__ 0.007119855596515248	false	0.5
schlange	neg 1.0		off 0.5683209304059078 neg 0.42454644976986766 __DUMMY__ 0.0071326198242244974	false	0.5
harsch	neg 1.0		off 0.578861808385157 neg 0.4140743176497069 __DUMMY__ 0.007063873965135977	false	0.5
lang	neg 1.0		off 0.5687909711339093 neg 0.4240922404242265 __DUMMY__ 0.007116788441864241	false	0.5
ziellos	neg 1.0		off 0.5645605505777588 neg 0.4282608180486532 __DUMMY__ 0.0071786313735879145	false	0.5
selbstverliebt	neg 1.0		off 0.5806974634037119 neg 0.412381577722794 __DUMMY__ 0.006920958873494168	false	0.5
beseitigen	neg 1.0		off 0.5712831918642809 neg 0.42153535324817515 __DUMMY__ 0.007181454887544019	false	0.5
dumm	off 1.0		off 0.5759981439237667 neg 0.41703473110682643 __DUMMY__ 0.00696712496940703	false	1.0
arbeitsloser	neg 1.0		off 0.5670061628911784 neg 0.42581527393398416 __DUMMY__ 0.007178563174837333	false	0.5
blitzen	neg 1.0		off 0.5700072115290861 neg 0.4229197231478729 __DUMMY__ 0.007073065323041018	false	0.5
hilflos	neg 1.0		off 0.5647110167031755 neg 0.428145585754166 __DUMMY__ 0.0071433975426584495	false	0.5
eklig	off 1.0		off 0.5753827999972176 neg 0.4176712243521351 __DUMMY__ 0.006945975650647306	false	1.0
begriff			off 0.5660219243709111 neg 0.4268600351356417 __DUMMY__ 0.007118040493447092	false	0.0
hungersnot	neg 1.0		off 0.5625486252312646 neg 0.43034897087643975 __DUMMY__ 0.007102403892295645	false	0.5
ungesetzlich	neg 1.0		off 0.5675943455280165 neg 0.42533004073999636 __DUMMY__ 0.0070756137319871225	false	0.5
verschwendung	neg 1.0		off 0.5629466545507039 neg 0.42989406864068264 __DUMMY__ 0.0071592768086135095	false	0.5
schmerzvoll	neg 1.0		off 0.5672789508325943 neg 0.4256286247433162 __DUMMY__ 0.007092424424089552	false	0.5
vorzeitig	neg 1.0		off 0.5728285337668477 neg 0.4200852713982033 __DUMMY__ 0.007086194834948851	false	0.5
unvollkommenheit	neg 1.0		off 0.5659527825473956 neg 0.42691031231376164 __DUMMY__ 0.007136905138842716	false	0.5
intervenieren	neg 1.0		off 0.5624011773135187 neg 0.43046448031260365 __DUMMY__ 0.007134342373877624	false	0.5
banause	off 1.0		off 0.5748433104559431 neg 0.41825439185505936 __DUMMY__ 0.006902297688997439	false	1.0
rebell	neg 1.0		off 0.56046999459328 neg 0.4323352070911283 __DUMMY__ 0.007194798315591716	false	0.5
unlogisch	neg 1.0		off 0.5729404642395429 neg 0.4200410690518032 __DUMMY__ 0.007018466708653822	false	0.5
leiden	neg 1.0		off 0.5645463768426536 neg 0.42824744815881516 __DUMMY__ 0.007206174998531231	false	0.5
abschaffung	neg 1.0		off 0.5668493865626452 neg 0.426060771041992 __DUMMY__ 0.007089842395362726	false	0.5
sturz	neg 1.0		off 0.5726661928531473 neg 0.4201800286074157 __DUMMY__ 0.0071537785394368844	false	0.5
verkleinerung	neg 1.0		off 0.5686135033336218 neg 0.4243433746721323 __DUMMY__ 0.007043121994245881	false	0.5
schmarotzer	off 1.0		off 0.5647535752699661 neg 0.42811977883847185 __DUMMY__ 0.007126645891561954	false	1.0
bestrafung	neg 1.0	neg 1.0	neg 0.6955369511324672 off 0.3010678436511634 __DUMMY__ 0.0033952052163695036	false	1.0
achtlos	neg 1.0		off 0.5660937451239131 neg 0.42676554801951627 __DUMMY__ 0.007140706856570539	false	0.5
ungeheuer	neg 1.0		off 0.5662988564037891 neg 0.42660326920885583 __DUMMY__ 0.007097874387355131	false	0.5
