unsolidarisch	neg 1.0		off 0.530968432742187 neg 0.4011598044013855 __DUMMY__ 0.06787176285642749	false	0.5
nachteilig	neg 1.0		off 0.5311016777239356 neg 0.4000005850377218 __DUMMY__ 0.0688977372383426	false	0.5
skeptisch	neg 1.0		off 0.5280701522442967 neg 0.4031910296840271 __DUMMY__ 0.06873881807167606	false	0.5
schrecklich	neg 1.0		off 0.5393371261382165 neg 0.39339546239288364 __DUMMY__ 0.06726741146889982	false	0.5
schlapp	neg 1.0	neg 1.0	neg 0.6816443307757731 off 0.28608159254897136 __DUMMY__ 0.032274076675255385	false	1.0
abfall	neg 1.0		off 0.5263010164291705 neg 0.40452500859287965 __DUMMY__ 0.06917397497794983	false	0.5
widerspenstig	neg 1.0		off 0.530614009529352 neg 0.40122994353073754 __DUMMY__ 0.06815604693991047	false	0.5
abrupt	neg 1.0		off 0.5272548774533969 neg 0.40407346534532335 __DUMMY__ 0.06867165720127959	false	0.5
unwirksam	neg 1.0		off 0.5294955883319808 neg 0.4028128772046182 __DUMMY__ 0.06769153446340093	false	0.5
angreifen	neg 1.0		off 0.5274469512771065 neg 0.4037705008135119 __DUMMY__ 0.06878254790938158	false	0.5
inkonsistent	neg 1.0		off 0.5333253219733607 neg 0.39888241955625414 __DUMMY__ 0.06779225847038509	false	0.5
abrutschen	neg 1.0		off 0.5253426257153204 neg 0.40555155858595665 __DUMMY__ 0.06910581569872308	false	0.5
unsicher	neg 1.0		off 0.5325207926382687 neg 0.3990995019791076 __DUMMY__ 0.0683797053826237	false	0.5
bauernkind	off 1.0	off 1.0	off 0.7578815820675175 neg 0.21031273947521464 __DUMMY__ 0.0318056784572678	false	1.0
angreifer	neg 1.0		off 0.5380181070321789 neg 0.3936862546925621 __DUMMY__ 0.06829563827525889	false	0.5
trennen	neg 1.0		off 0.5281962519409098 neg 0.40286334147672853 __DUMMY__ 0.06894040658236149	false	0.5
schmutz	neg 1.0		off 0.541070824619831 neg 0.39004640868043 __DUMMY__ 0.06888276669973907	false	0.5
inkonsistenz	neg 1.0		off 0.535702143287041 neg 0.39662317204653724 __DUMMY__ 0.06767468466642165	false	0.5
erschreckend	neg 1.0		off 0.5311431799134264 neg 0.4005460189159494 __DUMMY__ 0.06831080117062417	false	0.5
ertrinken	neg 1.0		off 0.5263721676466283 neg 0.4049210811871984 __DUMMY__ 0.06870675116617345	false	0.5
pickelface	off 1.0		off 0.5338827164989823 neg 0.3977375819331085 __DUMMY__ 0.06837970156790922	false	1.0
seiner			off 0.5287009513600881 neg 0.4024191047183965 __DUMMY__ 0.06887994392151545	false	0.0
lauch	neg 1.0	neg 1.0	neg 0.6854541492605692 off 0.2814249723915356 __DUMMY__ 0.033120878347895205	false	1.0
unwichtig	neg 1.0		off 0.5357421748217049 neg 0.39656269002348676 __DUMMY__ 0.06769513515480827	false	0.5
steuerhinterziehung	neg 1.0		off 0.5298578244855783 neg 0.4020713643958745 __DUMMY__ 0.06807081111854722	false	0.5
schock	neg 1.0		off 0.5310166498200775 neg 0.40049845517256105 __DUMMY__ 0.06848489500736146	false	0.5
beule	neg 1.0		off 0.5374733578103932 neg 0.39514277668933484 __DUMMY__ 0.06738386550027207	false	0.5
vergelten	neg 1.0		off 0.541812781599787 neg 0.3907947245058019 __DUMMY__ 0.06739249389441108	false	0.5
verdorbenheit	neg 1.0		off 0.5355256057669591 neg 0.3960101806337075 __DUMMY__ 0.06846421359933341	false	0.5
trauma	neg 1.0		off 0.5331963355983077 neg 0.39870571722381754 __DUMMY__ 0.06809794717787472	false	0.5
sinnlos	neg 1.0		off 0.5338837032909679 neg 0.3980265019504289 __DUMMY__ 0.06808979475860322	false	0.5
fettsack	off 1.0	off 1.0	off 0.7592317962662386 neg 0.20891148833184797 __DUMMY__ 0.031856715401913455	false	1.0
feige	off 1.0	off 1.0	off 0.7561547740245145 neg 0.21164449699330745 __DUMMY__ 0.03220072898217814	false	1.0
abdanken	neg 1.0		off 0.532080486424609 neg 0.3995670886634434 __DUMMY__ 0.0683524249119476	false	0.5
wichtigtuer	off 1.0	off 1.0	off 0.7551125436246858 neg 0.21243823839141088 __DUMMY__ 0.03244921798390322	false	1.0
misslingen	neg 1.0		off 0.5372837047788809 neg 0.3940403819547511 __DUMMY__ 0.0686759132663681	false	0.5
untreu	off 1.0		off 0.5367923285411836 neg 0.39563865216445343 __DUMMY__ 0.06756901929436292	false	1.0
missmutig	neg 1.0		off 0.5337066334362327 neg 0.3986207885278352 __DUMMY__ 0.06767257803593209	false	0.5
hurenbock	off 1.0		off 0.532586749346161 neg 0.3992520271000199 __DUMMY__ 0.06816122355381914	false	1.0
betrunken	neg 1.0		off 0.5383269564392852 neg 0.39432151728895964 __DUMMY__ 0.06735152627175522	false	0.5
korrupt	off 1.0		off 0.5286536453974218 neg 0.4033364984274862 __DUMMY__ 0.06800985617509193	false	1.0
unmut	neg 1.0		off 0.5267013780118824 neg 0.40436102212455655 __DUMMY__ 0.06893759986356107	false	0.5
hackfresse	off 1.0		off 0.5429617322347392 neg 0.3902747508264878 __DUMMY__ 0.06676351693877303	false	1.0
aufblasen	neg 1.0		off 0.532245679128673 neg 0.39954751972731706 __DUMMY__ 0.06820680114400987	false	0.5
gewaltsam	neg 1.0		off 0.5332258045723662 neg 0.3982869538784578 __DUMMY__ 0.06848724154917583	false	0.5
unbeliebtheit	neg 1.0		off 0.5380623435226412 neg 0.3942339222637564 __DUMMY__ 0.06770373421360248	false	0.5
sturheit	neg 1.0		off 0.5317016474637465 neg 0.39988280504806273 __DUMMY__ 0.06841554748819074	false	0.5
kuh	neg 1.0		off 0.5309963251813938 neg 0.4017176409588031 __DUMMY__ 0.06728603385980314	false	0.5
erschrecken	neg 1.0		off 0.5356255401385622 neg 0.3964957833118372 __DUMMY__ 0.06787867654960052	false	0.5
opfer	neg 1.0		off 0.5298837155897399 neg 0.40139961096926857 __DUMMY__ 0.0687166734409915	false	0.5
sinken	neg 1.0		off 0.5264756663724804 neg 0.4047689791712883 __DUMMY__ 0.06875535445623131	false	0.5
stinktier	neg 1.0		off 0.5387561799590234 neg 0.3946381319940204 __DUMMY__ 0.06660568804695628	false	0.5
tucke	off 1.0		off 0.5429238546120903 neg 0.39084007418458316 __DUMMY__ 0.06623607120332661	false	1.0
ein			off 0.530036222949749 neg 0.40183830814312865 __DUMMY__ 0.06812546890712248	false	0.0
abstieg	neg 1.0		off 0.532893669395423 neg 0.39824012483803667 __DUMMY__ 0.06886620576654026	false	0.5
missverstehen	neg 1.0		off 0.533959838372952 neg 0.3981396890548078 __DUMMY__ 0.06790047257224019	false	0.5
ergebnislos	neg 1.0		off 0.5309504294828393 neg 0.4001387707097466 __DUMMY__ 0.06891079980741392	false	0.5
unter			off 0.52426642333157 neg 0.4059298250010639 __DUMMY__ 0.06980375166736612	false	0.0
manipulieren	neg 1.0		off 0.5289481697748708 neg 0.40226859311393665 __DUMMY__ 0.06878323711119262	false	0.5
unbewiesen	neg 1.0		off 0.5323426210417199 neg 0.39963684880503564 __DUMMY__ 0.06802053015324458	false	0.5
verschleppen	neg 1.0		off 0.5289803546808075 neg 0.40262429479432243 __DUMMY__ 0.06839535052487004	false	0.5
weib	off 1.0		off 0.5446821671317017 neg 0.3888147133407373 __DUMMY__ 0.06650311952756104	false	1.0
opposition	neg 1.0		off 0.5325658756491017 neg 0.3995196753471657 __DUMMY__ 0.06791444900373249	false	0.5
verkehrswidrig	neg 1.0		off 0.5450546825554523 neg 0.387225981657781 __DUMMY__ 0.06771933578676671	false	0.5
inkorrekt	neg 1.0		off 0.5383496651970864 neg 0.3944855287327914 __DUMMY__ 0.06716480607012222	false	0.5
vermeiden	neg 1.0		off 0.5268852407032959 neg 0.40370202580925885 __DUMMY__ 0.06941273348744534	false	0.5
abweichung	neg 1.0		off 0.5317198348287211 neg 0.3995812918096671 __DUMMY__ 0.0686988733616118	false	0.5
alkoholisiert	neg 1.0		off 0.5338176185260244 neg 0.39663421711493296 __DUMMY__ 0.06954816435904272	false	0.5
scheiss	off 1.0	off 1.0	off 0.7570901403485862 neg 0.21077298629646984 __DUMMY__ 0.03213687335494391	false	1.0
herausforderung	neg 1.0		off 0.5305825906517136 neg 0.40081925654792144 __DUMMY__ 0.06859815280036492	false	0.5
pervers	off 1.0		off 0.5462798318282918 neg 0.3874905596679145 __DUMMY__ 0.06622960850379381	false	1.0
wackelig	neg 1.0		off 0.5306644582977054 neg 0.40069431645543074 __DUMMY__ 0.06864122524686381	false	0.5
verwickeln	neg 1.0		off 0.5332549208367038 neg 0.39874536373770436 __DUMMY__ 0.06799971542559191	false	0.5
vorwand	neg 1.0		off 0.5273253866307339 neg 0.4038295137036504 __DUMMY__ 0.06884509966561574	false	0.5
muschi	off 1.0		off 0.5336574563401554 neg 0.3977517185745955 __DUMMY__ 0.0685908250852492	false	1.0
entmutigung	neg 1.0		off 0.5315695615005235 neg 0.40084219388322184 __DUMMY__ 0.06758824461625469	false	0.5
unangemessen	neg 1.0		off 0.5308414780911183 neg 0.4008028726099573 __DUMMY__ 0.0683556492989243	false	0.5
unstetig	neg 1.0		off 0.5368354913499446 neg 0.39518011159919897 __DUMMY__ 0.06798439705085636	false	0.5
entmutigen	neg 1.0		off 0.53156900517244 neg 0.4004472169805302 __DUMMY__ 0.06798377784702983	false	0.5
schwanz	neg 1.0		off 0.5316540792344876 neg 0.3996106898686277 __DUMMY__ 0.06873523089688485	false	0.5
verbot	neg 1.0		off 0.5300846346830471 neg 0.40162959149310945 __DUMMY__ 0.06828577382384331	false	0.5
leid	neg 1.0		off 0.540523502563699 neg 0.39241901589262185 __DUMMY__ 0.06705748154367924	false	0.5
archaisch	neg 1.0		off 0.5302510177576725 neg 0.4014281225737981 __DUMMY__ 0.06832085966852929	false	0.5
gegen			off 0.5283562924523016 neg 0.4025612887020066 __DUMMY__ 0.06908241884569175	false	0.0
scheidung	neg 1.0		off 0.5539417264020344 neg 0.3794463851463345 __DUMMY__ 0.06661188845163106	false	0.5
einschlag	neg 1.0		off 0.5424709219484897 neg 0.3898827371700048 __DUMMY__ 0.06764634088150533	false	0.5
m			off 0.531372020950393 neg 0.39999872582557927 __DUMMY__ 0.0686292532240276	false	0.0
abgestanden	neg 1.0		off 0.5284234756125676 neg 0.40395916315031666 __DUMMY__ 0.06761736123711577	false	0.5
schmierig	off 1.0		off 0.5399108561163217 neg 0.39304355509383343 __DUMMY__ 0.06704558878984483	false	1.0
unpraktisch	neg 1.0		off 0.5339527308815295 neg 0.39783342389675946 __DUMMY__ 0.06821384522171114	false	0.5
wixxer	off 1.0		off 0.5460960299888562 neg 0.3877957082879818 __DUMMY__ 0.06610826172316199	false	1.0
bezeichnet			off 0.5327290784013453 neg 0.39897178322032223 __DUMMY__ 0.0682991383783324	false	0.0
jammerlappen	off 1.0		off 0.5360060178089656 neg 0.39631722473846437 __DUMMY__ 0.06767675745256992	false	1.0
farce	neg 1.0		off 0.5309830829805531 neg 0.40096221695568635 __DUMMY__ 0.06805470006376044	false	0.5
zwecklos	neg 1.0		off 0.529556654946119 neg 0.4020611372649554 __DUMMY__ 0.06838220778892576	false	0.5
turbulent	neg 1.0		off 0.5390707072652117 neg 0.3933656405896738 __DUMMY__ 0.0675636521451144	false	0.5
invasion	neg 1.0		off 0.5346530499191111 neg 0.3973214488912015 __DUMMY__ 0.0680255011896874	false	0.5
schuld	neg 1.0		off 0.5329365322521546 neg 0.39894689448277626 __DUMMY__ 0.06811657326506917	false	0.5
risiko	neg 1.0		off 0.5340589630135374 neg 0.39792601786685555 __DUMMY__ 0.06801501911960722	false	0.5
finster	neg 1.0		off 0.5301650747234482 neg 0.40182522607510845 __DUMMY__ 0.0680096992014432	false	0.5
geisteskrank	off 1.0		off 0.5375412866444764 neg 0.3951284600924005 __DUMMY__ 0.06733025326312317	false	1.0
zusammenbrechen	neg 1.0		off 0.5299211078393992 neg 0.40168429132125844 __DUMMY__ 0.0683946008393424	false	0.5
ausbeute	neg 1.0		off 0.5327088011432467 neg 0.39869737160885677 __DUMMY__ 0.0685938272478964	false	0.5
hinterhalt	neg 1.0		off 0.5314539226399816 neg 0.40011085951888653 __DUMMY__ 0.06843521784113189	false	0.5
kritik	neg 1.0		off 0.530413861419371 neg 0.40155083062984165 __DUMMY__ 0.06803530795078752	false	0.5
einschrumpfen	neg 1.0		off 0.5356201717421422 neg 0.3968435724394736 __DUMMY__ 0.06753625581838425	false	0.5
riskant	neg 1.0		off 0.5282007865101879 neg 0.40309630987364836 __DUMMY__ 0.0687029036161638	false	0.5
frustrieren	neg 1.0		off 0.5284225900563877 neg 0.40304174011472144 __DUMMY__ 0.06853566982889084	false	0.5
groll	neg 1.0		off 0.5306127912752778 neg 0.4008960702021747 __DUMMY__ 0.06849113852254744	false	0.5
gibt			off 0.530261245026112 neg 0.401194124340576 __DUMMY__ 0.06854463063331204	false	0.0
qualvoll	neg 1.0		off 0.5333740648346518 neg 0.3986637214724403 __DUMMY__ 0.06796221369290796	false	0.5
wackeln	neg 1.0		off 0.5323014406792719 neg 0.3993546951757679 __DUMMY__ 0.06834386414496026	false	0.5
klagen	neg 1.0		off 0.5273375223647481 neg 0.40387732229762596 __DUMMY__ 0.06878515533762602	false	0.5
bankrott	neg 1.0		off 0.5378081019103722 neg 0.3941549730884621 __DUMMY__ 0.06803692500116557	false	0.5
trauern	neg 1.0		off 0.5306279114485097 neg 0.4003280600954168 __DUMMY__ 0.06904402845607337	false	0.5
ablehnung	neg 1.0		off 0.5308164165412073 neg 0.4009519594790233 __DUMMY__ 0.0682316239797695	false	0.5
stur	neg 1.0		off 0.5323286080795281 neg 0.39964715396330597 __DUMMY__ 0.06802423795716595	false	0.5
aufruhr	neg 1.0		off 0.5307521302277456 neg 0.4012276342600913 __DUMMY__ 0.068020235512163	false	0.5
melancholie	neg 1.0		off 0.5265987875605129 neg 0.4049031030921979 __DUMMY__ 0.06849810934728913	false	0.5
ist			off 0.5334412220065327 neg 0.39847774595230523 __DUMMY__ 0.06808103204116203	false	0.0
torheit	neg 1.0		off 0.5325603110617184 neg 0.3994121850516334 __DUMMY__ 0.06802750388664816	false	0.5
dreckskind	off 1.0		off 0.5441043103688293 neg 0.38923984673874423 __DUMMY__ 0.06665584289242642	false	1.0
umtauschen	neg 1.0		off 0.5317903935933365 neg 0.3998778940034238 __DUMMY__ 0.06833171240323971	false	0.5
zum			off 0.5292263221067046 neg 0.40101765345509544 __DUMMY__ 0.0697560244382001	false	0.0
zersetzen	neg 1.0		off 0.5272690747516764 neg 0.4041399388762887 __DUMMY__ 0.06859098637203502	false	0.5
zur			off 0.5271309526772556 neg 0.40344164183813647 __DUMMY__ 0.0694274054846079	false	0.0
frust	neg 1.0		off 0.5296631838554303 neg 0.40192056261953296 __DUMMY__ 0.06841625352503673	false	0.5
unerbittlichkeit	neg 1.0		off 0.5293682541912317 neg 0.40190672252373894 __DUMMY__ 0.06872502328502933	false	0.5
zwei			off 0.5265506496239151 neg 0.404003802485446 __DUMMY__ 0.06944554789063892	false	0.0
unkorrekt	neg 1.0		off 0.53759175115644 neg 0.39510730255627086 __DUMMY__ 0.0673009462872892	false	0.5
hexe	off 1.0		off 0.5344353278197707 neg 0.3981161728419089 __DUMMY__ 0.06744849933832049	false	1.0
lasch	neg 1.0		off 0.5352991301728137 neg 0.396933602063894 __DUMMY__ 0.06776726776329217	false	0.5
rivale	neg 1.0		off 0.5403378394798763 neg 0.3922761957136807 __DUMMY__ 0.06738596480644288	false	0.5
mutlos	off 1.0	off 1.0	off 0.7523137479492101 neg 0.2149829355150824 __DUMMY__ 0.03270331653570747	false	1.0
wirr	off 1.0		off 0.539237946999604 neg 0.39366949161404363 __DUMMY__ 0.06709256138635224	false	1.0
jahr			off 0.5318847194841702 neg 0.3988436593653161 __DUMMY__ 0.06927162115051375	false	0.0
wird			off 0.5300311971777523 neg 0.4013387331484924 __DUMMY__ 0.06863006967375543	false	0.0
strafbar	neg 1.0		off 0.5285611963412592 neg 0.40280707109432284 __DUMMY__ 0.06863173256441789	false	0.5
erosion	neg 1.0		off 0.5330147495702244 neg 0.3986478414135064 __DUMMY__ 0.06833740901626913	false	0.5
eingehen	neg 1.0		off 0.5278012700508609 neg 0.40371173462264043 __DUMMY__ 0.06848699532649875	false	0.5
faul	off 1.0		off 0.5364570260194939 neg 0.3956447215532036 __DUMMY__ 0.06789825242730259	false	1.0
provisorium	neg 1.0		off 0.5246412016495161 neg 0.4055213468186134 __DUMMY__ 0.06983745153187053	false	0.5
schmerzen	neg 1.0		off 0.5295563007580261 neg 0.40230231223796215 __DUMMY__ 0.06814138700401182	false	0.5
schrumpfen	neg 1.0		off 0.5242130680702998 neg 0.40681638890640826 __DUMMY__ 0.06897054302329188	false	0.5
geistlos	off 1.0		off 0.5326549149065164 neg 0.39970842199786144 __DUMMY__ 0.06763666309562212	false	1.0
fehlkauf	neg 1.0		off 0.5342675195801134 neg 0.39777855024381875 __DUMMY__ 0.06795393017606784	false	0.5
frustrierend	neg 1.0		off 0.5346349156472514 neg 0.3976036167083907 __DUMMY__ 0.06776146764435799	false	0.5
unzufrieden	neg 1.0		off 0.5300178247656486 neg 0.40148737146879165 __DUMMY__ 0.06849480376555965	false	0.5
verzweifeln	neg 1.0		off 0.5312245305451023 neg 0.40038883478435433 __DUMMY__ 0.06838663467054334	false	0.5
verzweifelt	neg 1.0		off 0.5325727261036542 neg 0.399379705379135 __DUMMY__ 0.06804756851721079	false	0.5
misstrauensantrag	neg 1.0		off 0.5336370722926156 neg 0.398386465365925 __DUMMY__ 0.06797646234145947	false	0.5
abfallen	neg 1.0		off 0.5321192348917971 neg 0.3996618043158675 __DUMMY__ 0.06821896079233536	false	0.5
fucker	off 1.0		off 0.5401138090721305 neg 0.39236478026340316 __DUMMY__ 0.0675214106644662	false	1.0
ungezogen	neg 1.0		off 0.5449526217744186 neg 0.38849811321871175 __DUMMY__ 0.06654926500686961	false	0.5
irrsinnig	neg 1.0	neg 1.0	neg 0.6834477013738738 off 0.28403869089047507 __DUMMY__ 0.03251360773565112	false	1.0
unfassbar	neg 1.0		off 0.5370966994270294 neg 0.3952758871471792 __DUMMY__ 0.06762741342579137	false	0.5
hart	neg 1.0		off 0.5363136388934053 neg 0.39632511374131835 __DUMMY__ 0.06736124736527634	false	0.5
widerlich	off 1.0		off 0.5368131448838291 neg 0.39573551941674584 __DUMMY__ 0.06745133569942513	false	1.0
fatal	neg 1.0	neg 1.0	neg 0.6836939266007156 off 0.2840238189931806 __DUMMY__ 0.0322822544061038	false	1.0
bruch	neg 1.0		off 0.5263957488993078 neg 0.40464276789026854 __DUMMY__ 0.0689614832104236	false	0.5
aushungern	neg 1.0		off 0.5295915667738862 neg 0.4022317137473 __DUMMY__ 0.06817671947881394	false	0.5
anspannung	neg 1.0		off 0.5265179659113649 neg 0.4040544526687925 __DUMMY__ 0.06942758141984263	false	0.5
von			off 0.5293964411053981 neg 0.4015487365290523 __DUMMY__ 0.06905482236554965	false	0.0
kraftlos	neg 1.0		off 0.529269597829787 neg 0.4022443692293858 __DUMMY__ 0.06848603294082722	false	0.5
vom			off 0.526805650354015 neg 0.4031472540695113 __DUMMY__ 0.07004709557647355	false	0.0
grenzdebil	off 1.0		off 0.5367197740802009 neg 0.39579233051399404 __DUMMY__ 0.06748789540580515	false	1.0
vor			off 0.5268583745521513 neg 0.40416364891628004 __DUMMY__ 0.06897797653156862	false	0.0
unterwerfen	neg 1.0		off 0.5296910822104121 neg 0.4016552176480979 __DUMMY__ 0.06865370014149005	false	0.5
versenkung	neg 1.0		off 0.5294822388655437 neg 0.40175721578616763 __DUMMY__ 0.06876054534828874	false	0.5
entziehen	neg 1.0		off 0.5273403936858844 neg 0.40378945582605824 __DUMMY__ 0.06887015048805739	false	0.5
finanzkrise	neg 1.0		off 0.5275701501040908 neg 0.4048148574902728 __DUMMY__ 0.0676149924056363	false	0.5
schimpfend	neg 1.0		off 0.5343029020175409 neg 0.39731744113277867 __DUMMY__ 0.06837965684968035	false	0.5
profan	neg 1.0		off 0.533653874101093 neg 0.39840357397467024 __DUMMY__ 0.06794255192423677	false	0.5
korruption	neg 1.0		off 0.5286689529093554 neg 0.4031716686765527 __DUMMY__ 0.06815937841409186	false	0.5
â			off 0.5302756992233835 neg 0.4011196961781561 __DUMMY__ 0.06860460459846035	false	0.0
schmutzig	neg 1.0		off 0.5370362039966043 neg 0.3954589862242271 __DUMMY__ 0.06750480977916874	false	0.5
sexy	neg 1.0		off 0.5361773605123715 neg 0.3958464506384767 __DUMMY__ 0.06797618884915166	false	0.5
abraten	neg 1.0		off 0.5343865699589015 neg 0.3974583532065637 __DUMMY__ 0.06815507683453483	false	0.5
schwarz	neg 1.0		off 0.5344315550516074 neg 0.39748965085958154 __DUMMY__ 0.06807879408881097	false	0.5
fotze	off 1.0	off 1.0	off 0.7541748214722455 neg 0.21295969718301452 __DUMMY__ 0.03286548134474009	false	1.0
verwirren	neg 1.0		off 0.5341879668867018 neg 0.3978398825615335 __DUMMY__ 0.06797215055176453	false	0.5
zahnlos	off 1.0		off 0.5302960393228211 neg 0.4013747949188304 __DUMMY__ 0.06832916575834855	false	1.0
verheeren	neg 1.0		off 0.546685994295663 neg 0.3867906040651816 __DUMMY__ 0.06652340163915535	false	0.5
hippie	neg 1.0		off 0.535656889971654 neg 0.39637159035820724 __DUMMY__ 0.06797151967013883	false	0.5
rammen	neg 1.0		off 0.5350078673741561 neg 0.39650564073884664 __DUMMY__ 0.06848649188699735	false	0.5
unlauter	neg 1.0		off 0.534033395090449 neg 0.39794951412129426 __DUMMY__ 0.06801709078825667	false	0.5
unheilvoll	neg 1.0		off 0.5321697281380882 neg 0.39985572900165056 __DUMMY__ 0.06797454286026124	false	0.5
niedrig	neg 1.0		off 0.5295714018654989 neg 0.40192599607122514 __DUMMY__ 0.0685026020632761	false	0.5
explosion	neg 1.0		off 0.5359994435918689 neg 0.39596560457765606 __DUMMY__ 0.068034951830475	false	0.5
weichei	off 1.0	off 1.0	off 0.7582236782773569 neg 0.2099636223448457 __DUMMY__ 0.03181269937779737	false	1.0
minusmensch	off 1.0		off 0.5466647607262589 neg 0.386774656762589 __DUMMY__ 0.06656058251115209	false	1.0
farblos	neg 1.0		off 0.5345878269871058 neg 0.3971325716637556 __DUMMY__ 0.06827960134913859	false	0.5
unwissend	neg 1.0	neg 1.0	neg 0.6821268128127849 off 0.28561759237702383 __DUMMY__ 0.03225559481019133	false	1.0
traurig	neg 1.0		off 0.5391159777358367 neg 0.39355409854507284 __DUMMY__ 0.06732992371909037	false	0.5
senkung	neg 1.0		off 0.5318518836439893 neg 0.4006576168725043 __DUMMY__ 0.06749049948350637	false	0.5
ungleich	neg 1.0	neg 1.0	neg 0.6849522440892971 off 0.28228087249157163 __DUMMY__ 0.032766883419131206	false	1.0
heikel	neg 1.0		off 0.5281710263303073 neg 0.40316616260264004 __DUMMY__ 0.0686628110670527	false	0.5
drosselung	neg 1.0		off 0.5368608706926403 neg 0.39573856295166404 __DUMMY__ 0.06740056635569566	false	0.5
falsch	neg 1.0		off 0.5356995441723631 neg 0.39643849657403935 __DUMMY__ 0.06786195925359755	false	0.5
unzufriedenheit	neg 1.0		off 0.5273385542224649 neg 0.4040741208744606 __DUMMY__ 0.0685873249030745	false	0.5
kurz	neg 1.0		off 0.5313824136284329 neg 0.39997094389092785 __DUMMY__ 0.06864664248063926	false	0.5
unsinnig	neg 1.0		off 0.5299840154431026 neg 0.40186581347163824 __DUMMY__ 0.06815017108525913	false	0.5
penner	off 1.0	off 1.0	off 0.7594086443581037 neg 0.20881781406314195 __DUMMY__ 0.03177354157875434	false	1.0
seicht	neg 1.0		off 0.5415203855073737 neg 0.3922389949489793 __DUMMY__ 0.06624061954364706	false	0.5
dummheit	off 1.0	off 1.0	off 0.7545998188773916 neg 0.21305863061116329 __DUMMY__ 0.03234155051144512	false	1.0
unerfreulich	neg 1.0		off 0.5282660403190567 neg 0.4029924103165307 __DUMMY__ 0.0687415493644126	false	0.5
motherfucker	off 1.0	off 1.0	off 0.7576766479514363 neg 0.21012821810389115 __DUMMY__ 0.03219513394467263	false	1.0
pikiert	neg 1.0		off 0.535511104309762 neg 0.39698867607624627 __DUMMY__ 0.06750021961399182	false	0.5
wrack	neg 1.0		off 0.5348860532908278 neg 0.3960199368556629 __DUMMY__ 0.06909400985350922	false	0.5
gangster	neg 1.0		off 0.5356886730607768 neg 0.39638488156059415 __DUMMY__ 0.06792644537862902	false	0.5
krank	neg 1.0		off 0.5374674457777121 neg 0.394951725347528 __DUMMY__ 0.06758082887475991	false	0.5
reich	neg 1.0		off 0.5345596005796907 neg 0.39788304784021916 __DUMMY__ 0.06755735158009017	false	0.5
gnadenlos	neg 1.0		off 0.5334797276644404 neg 0.3982650243697632 __DUMMY__ 0.0682552479657965	false	0.5
niedergeschlagen	neg 1.0		off 0.530829723745942 neg 0.40052733328194756 __DUMMY__ 0.06864294297211045	false	0.5
terrorisieren	off 1.0	off 1.0	off 0.7520863820729088 neg 0.21509967969777197 __DUMMY__ 0.03281393822931931	false	1.0
sinnlosigkeit	neg 1.0		off 0.5302019125948266 neg 0.401385888675219 __DUMMY__ 0.06841219872995427	false	0.5
behindern	neg 1.0		off 0.5317890386602105 neg 0.39996296497049 __DUMMY__ 0.06824799636929957	false	0.5
undemokratisch	neg 1.0		off 0.5332607107220514 neg 0.39886119372786394 __DUMMY__ 0.06787809555008474	false	0.5
wirtschaftskrise	neg 1.0		off 0.5279429065549316 neg 0.4039432002273826 __DUMMY__ 0.06811389321768573	false	0.5
neid	neg 1.0		off 0.5341367498367642 neg 0.3980869800428472 __DUMMY__ 0.06777627012038864	false	0.5
rutschen	neg 1.0		off 0.5258655159129549 neg 0.40473068436161014 __DUMMY__ 0.06940379972543481	false	0.5
rezession	neg 1.0		off 0.535688045418902 neg 0.39760179119162853 __DUMMY__ 0.06671016338946949	false	0.5
fehlgeburt	neg 1.0		off 0.5344650374442067 neg 0.3970657253459516 __DUMMY__ 0.06846923720984176	false	0.5
charakterschwach	off 1.0		off 0.5359458550650638 neg 0.3966228268400857 __DUMMY__ 0.06743131809485065	false	1.0
isolation	neg 1.0		off 0.5371635721076792 neg 0.39476104315021826 __DUMMY__ 0.06807538474210252	false	0.5
ablenkung	neg 1.0		off 0.5323347420194917 neg 0.3992855423611995 __DUMMY__ 0.06837971561930864	false	0.5
pech	neg 1.0		off 0.5352928342965841 neg 0.3969909225303416 __DUMMY__ 0.0677162431730742	false	0.5
vermeidung	neg 1.0		off 0.537121532917024 neg 0.39536906623531554 __DUMMY__ 0.06750940084766055	false	0.5
dominieren	neg 1.0		off 0.531627158282243 neg 0.39986160480599614 __DUMMY__ 0.06851123691176084	false	0.5
schwindlig	neg 1.0		off 0.5332472944180208 neg 0.3988040866645622 __DUMMY__ 0.06794861891741706	false	0.5
lutscher	neg 1.0		off 0.5443662484563333 neg 0.3894030388676394 __DUMMY__ 0.06623071267602737	false	0.5
pflicht	neg 1.0		off 0.5276037396189007 neg 0.40350795191752176 __DUMMY__ 0.06888830846357755	false	0.5
faschist	off 1.0		off 0.5346775297282508 neg 0.39756579946591997 __DUMMY__ 0.06775667080582927	false	1.0
verschleudern	neg 1.0		off 0.5275650468144121 neg 0.4040960503977908 __DUMMY__ 0.06833890278779713	false	0.5
wenn			off 0.5356503740148315 neg 0.3966563144732949 __DUMMY__ 0.0676933115118737	false	0.0
ehebruch	neg 1.0		off 0.5283967824675964 neg 0.40325412057330184 __DUMMY__ 0.06834909695910187	false	0.5
spott	off 1.0		off 0.5300584145749696 neg 0.40131562587385106 __DUMMY__ 0.06862595955117942	false	1.0
trostlosigkeit	neg 1.0		off 0.5255280840513471 neg 0.4059001016339802 __DUMMY__ 0.06857181431467271	false	0.5
lutschen	neg 1.0		off 0.5373478174583735 neg 0.3946482639707773 __DUMMY__ 0.0680039185708491	false	0.5
undiszipliniert	neg 1.0		off 0.5381381209000805 neg 0.394526080751862 __DUMMY__ 0.06733579834805745	false	0.5
kopfschmerz	neg 1.0		off 0.5270614811018154 neg 0.4047345758747159 __DUMMY__ 0.06820394302346872	false	0.5
unvorhergesehen	neg 1.0		off 0.5291202599831877 neg 0.4018608486713124 __DUMMY__ 0.06901889134550002	false	0.5
desinteressiert	neg 1.0		off 0.5374941541153004 neg 0.3951186741974605 __DUMMY__ 0.06738717168723914	false	0.5
armselig	off 1.0		off 0.5395059893075757 neg 0.3933013043148911 __DUMMY__ 0.06719270637753315	false	1.0
desaster	neg 1.0		off 0.5256104776777105 neg 0.4056727318964363 __DUMMY__ 0.06871679042585314	false	0.5
tod	neg 1.0		off 0.5295382311183839 neg 0.40179773555064446 __DUMMY__ 0.06866403333097142	false	0.5
herzlos	neg 1.0		off 0.5389627953239771 neg 0.39381096363181933 __DUMMY__ 0.06722624104420367	false	0.5
unwissenheit	neg 1.0		off 0.5297239710139723 neg 0.4018660004384518 __DUMMY__ 0.06841002854757598	false	0.5
widersinnig	neg 1.0		off 0.5296303755243819 neg 0.4023063469452278 __DUMMY__ 0.06806327753039038	false	0.5
bedenklich	neg 1.0		off 0.5286608640739558 neg 0.4028936784481562 __DUMMY__ 0.06844545747788805	false	0.5
beanstanden	neg 1.0		off 0.5290481370116614 neg 0.40200143043750536 __DUMMY__ 0.06895043255083322	false	0.5
panisch	neg 1.0		off 0.5347317717233868 neg 0.39704910028757384 __DUMMY__ 0.06821912798903947	false	0.5
debil	off 1.0		off 0.5244069346370882 neg 0.40598352416996986 __DUMMY__ 0.06960954119294184	false	1.0
abstrich	neg 1.0		off 0.5339119684255332 neg 0.3973494464138192 __DUMMY__ 0.0687385851606476	false	0.5
primitiv	neg 1.0		off 0.5375041294542175 neg 0.39512834557669274 __DUMMY__ 0.0673675249690896	false	0.5
abschaum	off 1.0	off 1.0	off 0.7567326636544602 neg 0.2109364951180989 __DUMMY__ 0.03233084122744091	false	1.0
provozieren	neg 1.0		off 0.5322049501297709 neg 0.39973326363273026 __DUMMY__ 0.06806178623749878	false	0.5
tot	neg 1.0		off 0.5317133655298673 neg 0.3996909078014348 __DUMMY__ 0.06859572666869805	false	0.5
instabil	neg 1.0		off 0.5397027367904127 neg 0.39318461350640055 __DUMMY__ 0.06711264970318667	false	0.5
schwuchtel	off 1.0	off 1.0	off 0.762999539091968 neg 0.2055958950748812 __DUMMY__ 0.031404565833150745	false	1.0
zerren	neg 1.0		off 0.5305604714898209 neg 0.4008095900062984 __DUMMY__ 0.06862993850388059	false	0.5
kinderficker	off 1.0		off 0.5416016290574589 neg 0.39144303836219635 __DUMMY__ 0.0669553325803448	false	1.0
gefahr	neg 1.0		off 0.5288849477366347 neg 0.4021653864209287 __DUMMY__ 0.06894966584243653	false	0.5
rabiat	neg 1.0		off 0.530372760700418 neg 0.4014391270222032 __DUMMY__ 0.06818811227737898	false	0.5
verlangsamung	neg 1.0		off 0.5430833745731795 neg 0.3901615353802044 __DUMMY__ 0.06675509004661606	false	0.5
ausgestorben	neg 1.0		off 0.5311710367141624 neg 0.40042807319189916 __DUMMY__ 0.06840089009393852	false	0.5
anklagen	neg 1.0		off 0.5303607209898104 neg 0.40130792207345783 __DUMMY__ 0.06833135693673162	false	0.5
trott	neg 1.0		off 0.5326448370747905 neg 0.39902152474892866 __DUMMY__ 0.06833363817628095	false	0.5
verminderung	neg 1.0		off 0.5367877054872671 neg 0.39576232104951936 __DUMMY__ 0.06744997346321367	false	0.5
nach			off 0.5256828269238364 neg 0.40466083473245684 __DUMMY__ 0.06965633834370667	false	0.0
rost	neg 1.0		off 0.5457122101537836 neg 0.38741254557370847 __DUMMY__ 0.06687524427250799	false	0.5
destruktiv	neg 1.0		off 0.5306316805087739 neg 0.40129742816147923 __DUMMY__ 0.0680708913297468	false	0.5
unzumutbarkeit	neg 1.0		off 0.5400501049461396 neg 0.39202523562121877 __DUMMY__ 0.06792465943264175	false	0.5
labil	off 1.0	off 1.0	off 0.7562543720943247 neg 0.21140758565335158 __DUMMY__ 0.032338042252323757	false	1.0
ziemlich	neg 1.0		off 0.5375348060612707 neg 0.3947116321680603 __DUMMY__ 0.0677535617706691	false	0.5
lachnummer	off 1.0		off 0.5323994494828876 neg 0.3993915156608475 __DUMMY__ 0.06820903485626477	false	1.0
oder			off 0.5335832456759623 neg 0.39804232765206976 __DUMMY__ 0.06837442667196779	false	0.0
verfall	neg 1.0		off 0.5239970379808478 neg 0.4070857104600867 __DUMMY__ 0.06891725155906558	false	0.5
ausgrenzung	neg 1.0		off 0.5334272681117163 neg 0.398660858077966 __DUMMY__ 0.06791187381031778	false	0.5
unordnung	neg 1.0		off 0.5429536399402037 neg 0.3895933536143872 __DUMMY__ 0.0674530064454092	false	0.5
fehlverhalten	neg 1.0		off 0.5285211150701372 neg 0.4028491130628781 __DUMMY__ 0.06862977186698466	false	0.5
eine			off 0.527152241666807 neg 0.40396335443483367 __DUMMY__ 0.0688844038983593	false	0.0
nille	neg 1.0		off 0.5332065919396799 neg 0.39845462608085197 __DUMMY__ 0.06833878197946806	false	0.5
qual	neg 1.0		off 0.5322195201213518 neg 0.3994357325355931 __DUMMY__ 0.06834474734305522	false	0.5
verschwenden	neg 1.0		off 0.5275024166826107 neg 0.4039748557205236 __DUMMY__ 0.06852272759686585	false	0.5
riesig	neg 1.0		off 0.5312678749132935 neg 0.39980529123469594 __DUMMY__ 0.06892683385201052	false	0.5
verurteilen	neg 1.0		off 0.5296888728319727 neg 0.4020013392913868 __DUMMY__ 0.06830978787664051	false	0.5
klischee	neg 1.0	neg 1.0	neg 0.6824883928034147 off 0.28519990470219875 __DUMMY__ 0.0323117024943865	false	1.0
diktatorisch	neg 1.0		off 0.5326633078786014 neg 0.3995665244905007 __DUMMY__ 0.06777016763089794	false	0.5
vorhersehbar	neg 1.0		off 0.5331232427000479 neg 0.3991840802373208 __DUMMY__ 0.06769267706263138	false	0.5
sowie			off 0.539940439957744 neg 0.3932180619619243 __DUMMY__ 0.06684149808033157	false	0.0
stornieren	neg 1.0		off 0.5398210365611393 neg 0.3914571713988534 __DUMMY__ 0.06872179204000724	false	0.5
besteuerung	neg 1.0	neg 1.0	neg 0.684787769595379 off 0.28290370508098805 __DUMMY__ 0.032308525323632944	false	1.0
ungeschminkt	neg 1.0		off 0.5388751645363681 neg 0.39361834358115544 __DUMMY__ 0.06750649188247655	false	0.5
kritisch	neg 1.0		off 0.5301474430030269 neg 0.4013681025822205 __DUMMY__ 0.06848445441475261	false	0.5
schlamperei	off 1.0		off 0.5294314427661505 neg 0.40192422020394414 __DUMMY__ 0.06864433702990531	false	1.0
sucht	neg 1.0	neg 1.0	neg 0.680781878605223 off 0.28642702851631807 __DUMMY__ 0.03279109287845901	false	1.0
egoistisch	off 1.0	off 1.0	off 0.7591026381022076 neg 0.20891571387636504 __DUMMY__ 0.03198164802142741	false	1.0
ausbeuter	off 1.0		off 0.5267789029449159 neg 0.4048080483976993 __DUMMY__ 0.06841304865738487	false	1.0
arschgeburt	off 1.0		off 0.5491390109659628 neg 0.3848395832173081 __DUMMY__ 0.0660214058167292	false	1.0
schubs	neg 1.0		off 0.5290132145704162 neg 0.4025641926482282 __DUMMY__ 0.06842259278135561	false	0.5
unsolide	neg 1.0		off 0.5341681384916652 neg 0.3979572599855904 __DUMMY__ 0.06787460152274429	false	0.5
beschwerde	neg 1.0		off 0.531101132913375 neg 0.4003657615217993 __DUMMY__ 0.06853310556482575	false	0.5
stocken	neg 1.0		off 0.5302785352170234 neg 0.40107467712319256 __DUMMY__ 0.06864678765978392	false	0.5
isolieren	neg 1.0		off 0.5311326357590749 neg 0.40034312506716846 __DUMMY__ 0.06852423917375658	false	0.5
unheilbar	neg 1.0		off 0.5310216150777398 neg 0.40090070990006205 __DUMMY__ 0.06807767502219819	false	0.5
pisser	off 1.0	off 1.0	off 0.7589670636873547 neg 0.20877846596102387 __DUMMY__ 0.03225447035162139	false	1.0
löschen	neg 1.0		off 0.5332900739901159 neg 0.3984309712831923 __DUMMY__ 0.06827895472669179	false	0.5
durchfallen	neg 1.0		off 0.5297757543655806 neg 0.4017514109573115 __DUMMY__ 0.06847283467710802	false	0.5
wichser	off 1.0	off 1.0	off 0.7607250616121747 neg 0.20769136982651493 __DUMMY__ 0.031583568561310366	false	1.0
terror	neg 1.0		off 0.536080196469519 neg 0.3958615639399475 __DUMMY__ 0.06805823959053332	false	0.5
krass	neg 1.0		off 0.5408341511266482 neg 0.3920814415450241 __DUMMY__ 0.06708440732832749	false	0.5
revolte	neg 1.0		off 0.5320676725562946 neg 0.4005756094501882 __DUMMY__ 0.06735671799351722	false	0.5
besorgt	neg 1.0		off 0.5322194919991483 neg 0.39904030898341475 __DUMMY__ 0.06874019901743707	false	0.5
nachlassen	neg 1.0		off 0.530616388069891 neg 0.4006756770229051 __DUMMY__ 0.06870793490720396	false	0.5
alt	neg 1.0		off 0.5262977681901345 neg 0.40561999813838495 __DUMMY__ 0.06808223367148057	false	0.5
hundesohn	off 1.0	off 1.0	off 0.7616227889704341 neg 0.2065529878381584 __DUMMY__ 0.0318242231914075	false	1.0
als			off 0.5297907750886545 neg 0.40183512177308955 __DUMMY__ 0.06837410313825605	false	0.0
abschreckung	neg 1.0		off 0.527519611379273 neg 0.4038209004617873 __DUMMY__ 0.0686594881589397	false	0.5
unqualifiziert	neg 1.0		off 0.5354223140265841 neg 0.3968496372710259 __DUMMY__ 0.06772804870238987	false	0.5
abgewichst	off 1.0		off 0.5330734154908303 neg 0.398460301769535 __DUMMY__ 0.0684662827396345	false	1.0
schwer	neg 1.0		off 0.5309794326812308 neg 0.40078433991233514 __DUMMY__ 0.06823622740643392	false	0.5
bedeutungslosigkeit	neg 1.0		off 0.5279643384016695 neg 0.4034189695900591 __DUMMY__ 0.0686166920082715	false	0.5
kapitulation	neg 1.0		off 0.5279095831347388 neg 0.40388736191723124 __DUMMY__ 0.06820305494802988	false	0.5
unscharf	neg 1.0		off 0.5310472902827421 neg 0.4014229723762769 __DUMMY__ 0.06752973734098114	false	0.5
schwinden	neg 1.0		off 0.5279716915402203 neg 0.40345869513232113 __DUMMY__ 0.06856961332745862	false	0.5
versklavung	neg 1.0	neg 1.0	neg 0.6835053686588389 off 0.28408662577671195 __DUMMY__ 0.03240800556444916	false	1.0
schlecht	neg 1.0		off 0.5378875338822774 neg 0.3943288820117076 __DUMMY__ 0.06778358410601511	false	0.5
verhasst	neg 1.0		off 0.5325627723273036 neg 0.3994801493553989 __DUMMY__ 0.06795707831729741	false	0.5
beschweren	neg 1.0		off 0.5344591078752389 neg 0.39736272224494795 __DUMMY__ 0.06817816987981326	false	0.5
scheiden	neg 1.0		off 0.5324317055739147 neg 0.3993116977407459 __DUMMY__ 0.0682565966853393	false	0.5
frustriert	neg 1.0		off 0.531047115096983 neg 0.4005230222715834 __DUMMY__ 0.06842986263143376	false	0.5
schimmelig	neg 1.0		off 0.5289699321960618 neg 0.4026709474596281 __DUMMY__ 0.06835912034431006	false	0.5
fisch	neg 1.0		off 0.5248644460118308 neg 0.40667326173418383 __DUMMY__ 0.06846229225398547	false	0.5
schmuggel	neg 1.0		off 0.528636613060972 neg 0.40230728685600226 __DUMMY__ 0.06905610008302578	false	0.5
auffallen	neg 1.0		off 0.5341688366564937 neg 0.39780485416416306 __DUMMY__ 0.06802630917934314	false	0.5
konkurrenz	neg 1.0		off 0.5292448394395279 neg 0.4018458358163787 __DUMMY__ 0.06890932474409325	false	0.5
teufelskreis	neg 1.0	neg 1.0	neg 0.6851502426088424 off 0.2823722115430331 __DUMMY__ 0.032477545848124664	false	1.0
aufschreien	neg 1.0		off 0.5335474700881236 neg 0.39866595660201687 __DUMMY__ 0.06778657330985959	false	0.5
schuldner	neg 1.0		off 0.5265357284681178 neg 0.40507421944807337 __DUMMY__ 0.06839005208380876	false	0.5
missgeburt	off 1.0	off 1.0	off 0.7618179406730292 neg 0.2061328431345838 __DUMMY__ 0.03204921619238686	false	1.0
arbeitslos	neg 1.0		off 0.5297856372003978 neg 0.40171943749423245 __DUMMY__ 0.06849492530536963	false	0.5
befallen	neg 1.0		off 0.5304259763533469 neg 0.4014059076886116 __DUMMY__ 0.0681681159580413	false	0.5
miesepetrig	off 1.0	off 1.0	off 0.7559492572317834 neg 0.211765453492198 __DUMMY__ 0.03228528927601873	false	1.0
alarmieren	neg 1.0		off 0.5365115773578624 neg 0.3957137312060052 __DUMMY__ 0.06777469143613243	false	0.5
ungeduscht	off 1.0		off 0.5353525224009614 neg 0.396986565964222 __DUMMY__ 0.06766091163481654	false	1.0
knappheit	neg 1.0		off 0.5290187173946481 neg 0.40273623396499625 __DUMMY__ 0.06824504864035554	false	0.5
schlange	neg 1.0		off 0.5334265462541288 neg 0.3982073722805722 __DUMMY__ 0.06836608146529904	false	0.5
harsch	neg 1.0		off 0.5442202605923236 neg 0.3880665414123914 __DUMMY__ 0.06771319799528483	false	0.5
lang	neg 1.0		off 0.5339719969828945 neg 0.39781381935029836 __DUMMY__ 0.06821418366680722	false	0.5
ziellos	neg 1.0		off 0.5294765933698626 neg 0.4017199532201697 __DUMMY__ 0.06880345340996764	false	0.5
selbstverliebt	neg 1.0		off 0.5467360149098478 neg 0.386912101968199 __DUMMY__ 0.0663518831219533	false	0.5
beseitigen	neg 1.0		off 0.5361362266374871 neg 0.3950312900510042 __DUMMY__ 0.06883248331150875	false	0.5
dumm	off 1.0		off 0.5418466773163565 neg 0.39136231922746006 __DUMMY__ 0.06679100345618337	false	1.0
arbeitsloser	neg 1.0		off 0.5319113388881525 neg 0.3992857436725942 __DUMMY__ 0.06880291743925336	false	0.5
blitzen	neg 1.0		off 0.5353903478181714 neg 0.39681117579243924 __DUMMY__ 0.06779847638938923	false	0.5
hilflos	neg 1.0		off 0.5297957548617747 neg 0.40173659925482763 __DUMMY__ 0.06846764588339779	false	0.5
eklig	off 1.0		off 0.5413341800398719 neg 0.3920756642269182 __DUMMY__ 0.06659015573320985	false	1.0
begriff			off 0.5312224427620341 neg 0.4005510612392915 __DUMMY__ 0.06822649599867447	false	0.0
hungersnot	neg 1.0		off 0.5278484258801706 neg 0.4040723931775782 __DUMMY__ 0.06807918094225117	false	0.5
ungesetzlich	neg 1.0		off 0.5329945729355762 neg 0.3991821674337339 __DUMMY__ 0.06782325963068979	false	0.5
verschwendung	neg 1.0		off 0.5279702474973685 neg 0.4034112103640709 __DUMMY__ 0.0686185421385606	false	0.5
schmerzvoll	neg 1.0		off 0.5325900405208444 neg 0.3994272137027281 __DUMMY__ 0.0679827457764275	false	0.5
vorzeitig	neg 1.0		off 0.5381267974962199 neg 0.393947696347677 __DUMMY__ 0.06792550615610307	false	0.5
unvollkommenheit	neg 1.0		off 0.531056406957319 neg 0.40053530575503393 __DUMMY__ 0.06840828728764717	false	0.5
intervenieren	neg 1.0		off 0.527552790724021 neg 0.4040655273484973 __DUMMY__ 0.06838168192748167	false	0.5
banause	off 1.0		off 0.541008313805477 neg 0.39281691380067174 __DUMMY__ 0.06617477239385126	false	1.0
rebell	neg 1.0		off 0.5253261240840755 neg 0.40571471876266485 __DUMMY__ 0.06895915715325977	false	0.5
unlogisch	neg 1.0		off 0.5385643660527862 neg 0.3941560757282968 __DUMMY__ 0.06727955821891683	false	0.5
leiden	neg 1.0		off 0.529323367032904 neg 0.401609265335133 __DUMMY__ 0.06906736763196294	false	0.5
abschaffung	neg 1.0		off 0.5321779867302991 neg 0.39986291793412204 __DUMMY__ 0.06795909533557873	false	0.5
sturz	neg 1.0		off 0.5376422950971705 neg 0.3937889157826311 __DUMMY__ 0.06856878912019844	false	0.5
verkleinerung	neg 1.0		off 0.5341526584392419 neg 0.39833229298937156 __DUMMY__ 0.06751504857138645	false	0.5
schmarotzer	off 1.0		off 0.5299240256366904 neg 0.4017677750459135 __DUMMY__ 0.06830819931739622	false	1.0
bestrafung	neg 1.0	neg 1.0	neg 0.6829538730693853 off 0.28442713637126277 __DUMMY__ 0.03261899055935196	false	1.0
achtlos	neg 1.0		off 0.5311807647048458 neg 0.4003767167568043 __DUMMY__ 0.06844251853834986	false	0.5
ungeheuer	neg 1.0		off 0.5315865662460846 neg 0.4003769131982408 __DUMMY__ 0.06803652055567455	false	0.5
unaufrichtig	neg 1.0		off 0.5363435971042506 neg 0.3958025857102449 __DUMMY__ 0.06785381718550447	false	0.5
groggy	neg 1.0		off 0.5362938604913445 neg 0.3956003781597426 __DUMMY__ 0.06810576134891283	false	0.5
verletzlich	neg 1.0		off 0.5341289811138539 neg 0.39858579605702843 __DUMMY__ 0.0672852228291176	false	0.5
ablehnen	neg 1.0		off 0.5300022405824723 neg 0.40147816343948567 __DUMMY__ 0.06851959597804207	false	0.5
