unsolidarisch	neg 1.0		__DUMMY__ 0.8793336346837687 off 0.06842107111581067 neg 0.052245294200420664	false	0.5
nachteilig	neg 1.0		__DUMMY__ 0.8885336869561724 off 0.06362727339679643 neg 0.047839039647031144	false	0.5
skeptisch	neg 1.0		__DUMMY__ 0.8868297647335485 off 0.06249608685015632 neg 0.050674148416295244	false	0.5
schrecklich	neg 1.0		__DUMMY__ 0.8745511347754656 off 0.07624884159075657 neg 0.04920002363377782	false	0.5
schlapp	neg 1.0	neg 1.0	neg 0.5080869169870905 __DUMMY__ 0.437107247023707 off 0.05480583598920249	false	1.0
abfall	neg 1.0		__DUMMY__ 0.8907140517966639 off 0.05931777281053566 neg 0.049968175392800414	false	0.5
widerspenstig	neg 1.0		__DUMMY__ 0.8822721102970549 off 0.06629433441484911 neg 0.05143355528809594	false	0.5
abrupt	neg 1.0		__DUMMY__ 0.8868242263572529 off 0.06171666630904326 neg 0.051459107333703895	false	0.5
unwirksam	neg 1.0		__DUMMY__ 0.8781186428510086 off 0.06772191845568006 neg 0.054159438693311385	false	0.5
angreifen	neg 1.0		__DUMMY__ 0.8870968829328391 off 0.061983827658303584 neg 0.050919289408857295	false	0.5
inkonsistent	neg 1.0		__DUMMY__ 0.8792423998927896 off 0.06960872321884375 neg 0.05114887688836665	false	0.5
abrutschen	neg 1.0		__DUMMY__ 0.8900013850404859 off 0.058989586356080245 neg 0.05100902860343398	false	0.5
unsicher	neg 1.0		__DUMMY__ 0.883783922062561 off 0.06702073530728477 neg 0.04919534263015433	false	0.5
bauernkind	off 1.0	off 1.0	off 0.5292762101889662 __DUMMY__ 0.43151169495491404 neg 0.03921209485611978	false	1.0
angreifer	neg 1.0		__DUMMY__ 0.8833700136090704 off 0.07100984551454183 neg 0.045620140876387716	false	0.5
trennen	neg 1.0		__DUMMY__ 0.8886693194455472 off 0.061508384134815144 neg 0.049822296419637674	false	0.5
schmutz	neg 1.0		__DUMMY__ 0.8892174645514263 off 0.06992371104335278 neg 0.04085882440522091	false	0.5
inkonsistenz	neg 1.0		__DUMMY__ 0.8779472423474662 off 0.07216943546389494 neg 0.04988332218863879	false	0.5
erschreckend	neg 1.0		__DUMMY__ 0.8831011544249255 off 0.06651467059620295 neg 0.05038417497887145	false	0.5
ertrinken	neg 1.0		__DUMMY__ 0.8866336403016117 off 0.06137062644703053 neg 0.051995733251357756	false	0.5
pickelface	off 1.0		__DUMMY__ 0.8840771154829259 off 0.06768578236200805 neg 0.04823710215506608	false	1.0
seiner			__DUMMY__ 0.8880727768963984 off 0.062240420352978366 neg 0.04968680275062324	false	0.0
lauch	neg 1.0	neg 1.0	neg 0.5075045817598661 __DUMMY__ 0.44742051173758346 off 0.04507490650255041	false	1.0
unwichtig	neg 1.0		__DUMMY__ 0.8780227837963773 off 0.07211637800120342 neg 0.04986083820241934	false	0.5
steuerhinterziehung	neg 1.0		__DUMMY__ 0.8812272094249902 off 0.06662095814628782 neg 0.05215183242872198	false	0.5
schock	neg 1.0		__DUMMY__ 0.8847878458782473 off 0.06539432732121252 neg 0.04981782680054013	false	0.5
beule	neg 1.0		__DUMMY__ 0.8758745309179718 off 0.07410855186683989 neg 0.050016917215188306	false	0.5
vergelten	neg 1.0		__DUMMY__ 0.875772281537284 off 0.07742596461759454 neg 0.046801753845121356	false	0.5
verdorbenheit	neg 1.0		__DUMMY__ 0.8851511877784748 off 0.06799326091940458 neg 0.04685555130212059	false	0.5
trauma	neg 1.0		__DUMMY__ 0.8813878811990242 off 0.06860101021443539 neg 0.05001110858654042	false	0.5
sinnlos	neg 1.0		__DUMMY__ 0.8813617314929156 off 0.06918665372183218 neg 0.04945161478525219	false	0.5
fettsack	off 1.0	off 1.0	off 0.5304168027794705 __DUMMY__ 0.432036677260821 neg 0.03754651995970857	false	1.0
feige	off 1.0	off 1.0	off 0.5257631384675993 __DUMMY__ 0.43584817039871 neg 0.03838869113369069	false	1.0
abdanken	neg 1.0		__DUMMY__ 0.8836270087023321 off 0.06698543332721398 neg 0.049387557970453945	false	0.5
wichtigtuer	off 1.0	off 1.0	off 0.5231898545460203 __DUMMY__ 0.4389072879825857 neg 0.03790285747139401	false	1.0
misslingen	neg 1.0		__DUMMY__ 0.8871641092801815 off 0.0683913459976895 neg 0.04444454472212893	false	0.5
untreu	off 1.0		__DUMMY__ 0.8769246130738388 off 0.07338568603990345 neg 0.04968970088625775	false	1.0
missmutig	neg 1.0		__DUMMY__ 0.8779545116253261 off 0.07069970636204533 neg 0.0513457820126285	false	0.5
hurenbock	off 1.0		__DUMMY__ 0.8826905485260889 off 0.06723301230130078 neg 0.05007643917261032	false	1.0
betrunken	neg 1.0		__DUMMY__ 0.875342990317983 off 0.07507626383951936 neg 0.04958074584249761	false	0.5
korrupt	off 1.0		__DUMMY__ 0.8804708744263903 off 0.06626657658528386 neg 0.05326254898832592	false	1.0
unmut	neg 1.0		__DUMMY__ 0.8884963147722312 off 0.06077407992647197 neg 0.050729605301296846	false	0.5
hackfresse	off 1.0		__DUMMY__ 0.8702821129342126 off 0.08084398776256736 neg 0.04887389930322009	false	1.0
aufblasen	neg 1.0		__DUMMY__ 0.8825948061797113 off 0.06730308969980237 neg 0.050102104120486386	false	0.5
gewaltsam	neg 1.0		__DUMMY__ 0.8850503410283168 off 0.06681097086449113 neg 0.048138688107192046	false	0.5
unbeliebtheit	neg 1.0		__DUMMY__ 0.8784504036814736 off 0.07353406944972804 neg 0.048015526868798335	false	0.5
sturheit	neg 1.0		__DUMMY__ 0.8840727984147257 off 0.06648624590212565 neg 0.04944095568314862	false	0.5
kuh	neg 1.0		__DUMMY__ 0.875044754369609 off 0.07000807478901808 neg 0.054947170841372864	false	0.5
erschrecken	neg 1.0		__DUMMY__ 0.8796474392021547 off 0.07118488404656656 neg 0.04916767675127877	false	0.5
opfer	neg 1.0		__DUMMY__ 0.886703007127501 off 0.06380219944005637 neg 0.04949479343244264	false	0.5
sinken	neg 1.0		__DUMMY__ 0.8871922819499385 off 0.06118066100287 neg 0.05162705704719155	false	0.5
stinktier	neg 1.0		__DUMMY__ 0.868898048591633 off 0.07863553956445454 neg 0.052466411843912444	false	0.5
tucke	off 1.0		__DUMMY__ 0.8659157882559796 off 0.08291016093829486 neg 0.051174050805725624	false	1.0
ein			__DUMMY__ 0.8819597924535986 off 0.06603661818202862 neg 0.052003589364372785	false	0.0
abstieg	neg 1.0		__DUMMY__ 0.8882290174383597 off 0.06506776751797756 neg 0.046703215043662726	false	0.5
missverstehen	neg 1.0		__DUMMY__ 0.8797276953737548 off 0.07010566359797628 neg 0.05016664102826893	false	0.5
ergebnislos	neg 1.0		__DUMMY__ 0.8885883441038589 off 0.06356127504053447 neg 0.04785038085560661	false	0.5
unter			__DUMMY__ 0.8962023708771141 off 0.05497463343266893 neg 0.04882299569021704	false	0.0
manipulieren	neg 1.0		__DUMMY__ 0.8873118860362733 off 0.06294852651130581 neg 0.04973958745242081	false	0.5
unbewiesen	neg 1.0		__DUMMY__ 0.8806904289658796 off 0.06869981258515664 neg 0.05060975844896388	false	0.5
verschleppen	neg 1.0		__DUMMY__ 0.8840662046774258 off 0.06460482954225413 neg 0.05132896578032005	false	0.5
weib	off 1.0		__DUMMY__ 0.8680524551665987 off 0.08316469173227163 neg 0.04878285310112974	false	1.0
opposition	neg 1.0		__DUMMY__ 0.88020730834345 off 0.06867235055679259 neg 0.051120341099757494	false	0.5
verkehrswidrig	neg 1.0		__DUMMY__ 0.879037857938285 off 0.07761780317983226 neg 0.04334433888188265	false	0.5
inkorrekt	neg 1.0		__DUMMY__ 0.8734656349066912 off 0.07634278961008312 neg 0.050191575483225746	false	0.5
vermeiden	neg 1.0		__DUMMY__ 0.8930531689329172 off 0.058381524132359856 neg 0.04856530693472293	false	0.5
abweichung	neg 1.0		__DUMMY__ 0.8868828382863386 off 0.06491388092967286 neg 0.048203280783988486	false	0.5
alkoholisiert	neg 1.0		__DUMMY__ 0.8950746394161192 off 0.06165194212848865 neg 0.04327341845539225	false	0.5
scheiss	off 1.0	off 1.0	off 0.5263920870801967 __DUMMY__ 0.4356094885463465 neg 0.03799842437345684	false	1.0
herausforderung	neg 1.0		__DUMMY__ 0.8858188370774795 off 0.06467287023941526 neg 0.04950829268310518	false	0.5
pervers	off 1.0		__DUMMY__ 0.8656785315494214 off 0.08545181705026851 neg 0.04886965140031004	false	1.0
wackelig	neg 1.0		__DUMMY__ 0.8863945763356105 off 0.0642296296838089 neg 0.04937579398058068	false	0.5
verwickeln	neg 1.0		__DUMMY__ 0.8805177884954394 off 0.06923650372950715 neg 0.05024570777505341	false	0.5
vorwand	neg 1.0		__DUMMY__ 0.8877691056796467 off 0.061533135070771065 neg 0.050697759249582156	false	0.5
muschi	off 1.0		__DUMMY__ 0.8858987935481174 off 0.06660279239940993 neg 0.04749841405247271	false	1.0
entmutigung	neg 1.0		__DUMMY__ 0.8770138012333264 off 0.06999024134763782 neg 0.05299595741903574	false	0.5
unangemessen	neg 1.0		__DUMMY__ 0.8835289280393911 off 0.06611537414218903 neg 0.05035569781841979	false	0.5
unstetig	neg 1.0		__DUMMY__ 0.881126278660026 off 0.0710809356862674 neg 0.0477927856537066	false	0.5
entmutigen	neg 1.0		__DUMMY__ 0.8804723807630583 off 0.06803137851017912 neg 0.05149624072676249	false	0.5
schwanz	neg 1.0		__DUMMY__ 0.8873915807754523 off 0.06433147193011109 neg 0.04827694729443659	false	0.5
verbot	neg 1.0		__DUMMY__ 0.8829819151482712 off 0.0659535149770054 neg 0.05106456987472346	false	0.5
leid	neg 1.0		__DUMMY__ 0.8728543575416636 off 0.07782588909480356 neg 0.04931975336353273	false	0.5
archaisch	neg 1.0		__DUMMY__ 0.8833932843762204 off 0.0657578139364129 neg 0.0508489016873666	false	0.5
gegen			__DUMMY__ 0.8897540298507538 off 0.06129843888551564 neg 0.04894753126373055	false	0.0
scheidung	neg 1.0		__DUMMY__ 0.8691775611660153 off 0.08908747170634872 neg 0.041734967127635976	false	0.5
einschlag	neg 1.0		__DUMMY__ 0.8780666537685687 off 0.07653443226619923 neg 0.04539891396523201	false	0.5
m			__DUMMY__ 0.8860663886837771 off 0.06487942339298307 neg 0.049054187923239796	false	0.0
abgestanden	neg 1.0		__DUMMY__ 0.8780159004479084 off 0.06664427674503025 neg 0.055339822807061345	false	0.5
schmierig	off 1.0		__DUMMY__ 0.8726971276384639 off 0.0775606604139633 neg 0.049742211947572765	false	1.0
unpraktisch	neg 1.0		__DUMMY__ 0.882850816606506 off 0.06825199266017831 neg 0.048897190733315686	false	0.5
wixxer	off 1.0		__DUMMY__ 0.8645906020206017 off 0.08587751629865473 neg 0.04953188168074351	false	1.0
bezeichnet			__DUMMY__ 0.8831022398010315 off 0.06758442001026078 neg 0.049313340188707734	false	0.0
jammerlappen	off 1.0		__DUMMY__ 0.8778246248464112 off 0.07242769365934468 neg 0.04974768149424406	false	1.0
farce	neg 1.0		__DUMMY__ 0.8810150950249637 off 0.06754453817336441 neg 0.05144036680167193	false	0.5
zwecklos	neg 1.0		__DUMMY__ 0.8836991455877223 off 0.06514256528746021 neg 0.05115828912481748	false	0.5
turbulent	neg 1.0		__DUMMY__ 0.8774471349674862 off 0.07447387514096857 neg 0.048078989891545326	false	0.5
invasion	neg 1.0		__DUMMY__ 0.8808377561788493 off 0.06983994509101382 neg 0.0493222987301369	false	0.5
schuld	neg 1.0		__DUMMY__ 0.881480214255943 off 0.06853294835576998 neg 0.04998683738828704	false	0.5
risiko	neg 1.0		__DUMMY__ 0.8810842196985432 off 0.06944156066117278 neg 0.049474219640284055	false	0.5
finster	neg 1.0		__DUMMY__ 0.8813309331574335 off 0.06626658197808251 neg 0.05240248486448397	false	0.5
geisteskrank	off 1.0		__DUMMY__ 0.8747935886061852 off 0.07506504911480782 neg 0.05014136227900694	false	1.0
zusammenbrechen	neg 1.0		__DUMMY__ 0.8838042798086747 off 0.06528625218392514 neg 0.05090946800740015	false	0.5
ausbeute	neg 1.0		__DUMMY__ 0.8862144463782652 off 0.06567406805292539 neg 0.04811148556880948	false	0.5
hinterhalt	neg 1.0		__DUMMY__ 0.8849502679514551 off 0.06547110665926724 neg 0.049578625389277625	false	0.5
kritik	neg 1.0		__DUMMY__ 0.8807904061870965 off 0.06728866478441516 neg 0.05192092902848835	false	0.5
einschrumpfen	neg 1.0		__DUMMY__ 0.8767239501922061 off 0.07264303101222092 neg 0.05063301879557296	false	0.5
riskant	neg 1.0		__DUMMY__ 0.886472838910574 off 0.06274959956206308 neg 0.05077756152736284	false	0.5
frustrieren	neg 1.0		__DUMMY__ 0.8850353908741151 off 0.06366280055490268 neg 0.05130180857098213	false	0.5
groll	neg 1.0		__DUMMY__ 0.8847525187056636 off 0.06533797629657553 neg 0.04990950499776087	false	0.5
gibt			__DUMMY__ 0.8850800315910482 off 0.06488668857145502 neg 0.050033279837496746	false	0.0
qualvoll	neg 1.0		__DUMMY__ 0.8804717966044682 off 0.06917094685796825 neg 0.05035725653756361	false	0.5
wackeln	neg 1.0		__DUMMY__ 0.8836649776320784 off 0.06682418386194333 neg 0.04951083850597837	false	0.5
klagen	neg 1.0		__DUMMY__ 0.8872760923451721 off 0.061835414011015645 neg 0.05088849364381219	false	0.5
bankrott	neg 1.0		__DUMMY__ 0.8812149566424868 off 0.07166715120501163 neg 0.04711789215250145	false	0.5
trauern	neg 1.0		__DUMMY__ 0.8898124388435239 off 0.0626739077639128 neg 0.047513653392563256	false	0.5
ablehnung	neg 1.0		__DUMMY__ 0.8825077137595371 off 0.06670772255288164 neg 0.05078456368758123	false	0.5
stur	neg 1.0		__DUMMY__ 0.880697771566622 off 0.06849400941787712 neg 0.05080821901550087	false	0.5
aufruhr	neg 1.0		__DUMMY__ 0.8808092360553351 off 0.06738010095588241 neg 0.051810662988782424	false	0.5
melancholie	neg 1.0		__DUMMY__ 0.885369431736557 off 0.06193502257056418 neg 0.05269554569287871	false	0.5
ist			__DUMMY__ 0.8812530534448955 off 0.06892000701674778 neg 0.04982693953835681	false	0.0
torheit	neg 1.0		__DUMMY__ 0.8809116334573005 off 0.06864388123264023 neg 0.050444485310059274	false	0.5
dreckskind	off 1.0		__DUMMY__ 0.8692812290838285 off 0.0821435005288419 neg 0.04857527038732966	false	1.0
umtauschen	neg 1.0		__DUMMY__ 0.8839888337933512 off 0.0660670085701026 neg 0.04994415763654623	false	0.5
zum			__DUMMY__ 0.8960104819932014 off 0.058404716428791 neg 0.04558480157800765	false	0.0
zersetzen	neg 1.0		__DUMMY__ 0.8855511576574251 off 0.06264725961225119 neg 0.051801582730323696	false	0.5
zur			__DUMMY__ 0.8929002023675906 off 0.05872569380039916 neg 0.048374103832010205	false	0.0
frust	neg 1.0		__DUMMY__ 0.8839328271033494 off 0.06508008488767184 neg 0.05098708800897879	false	0.5
unerbittlichkeit	neg 1.0		__DUMMY__ 0.886803359412739 off 0.06345882324103096 neg 0.049737817346229965	false	0.5
zwei			__DUMMY__ 0.8932206068368097 off 0.05793035867244668 neg 0.048849034490743654	false	0.0
unkorrekt	neg 1.0		__DUMMY__ 0.8748875224217345 off 0.07490203107503937 neg 0.050210446503226105	false	0.5
hexe	off 1.0		__DUMMY__ 0.8764573772529544 off 0.07174607169245187 neg 0.05179655105459365	false	1.0
lasch	neg 1.0		__DUMMY__ 0.8786168669939537 off 0.07161822296567079 neg 0.04976491004037555	false	0.5
rivale	neg 1.0		__DUMMY__ 0.8757566835054671 off 0.07624128648635749 neg 0.04800203000817538	false	0.5
mutlos	off 1.0	off 1.0	off 0.5190618632182672 __DUMMY__ 0.4418928014467549 neg 0.03904533533497797	false	1.0
wirr	off 1.0		__DUMMY__ 0.8730585353624644 off 0.07690387887842406 neg 0.05003758575911154	false	1.0
jahr			__DUMMY__ 0.8919599283320299 off 0.062249278342322974 neg 0.04579079332564711	false	0.0
wird			__DUMMY__ 0.88593094557186 off 0.06421464500596843 neg 0.04985440942217158	false	0.0
strafbar	neg 1.0		__DUMMY__ 0.8859673641181246 off 0.06331952333504298 neg 0.050713112546832514	false	0.5
erosion	neg 1.0		__DUMMY__ 0.8836090428625851 off 0.06724515638513878 neg 0.049145800752276134	false	0.5
eingehen	neg 1.0		__DUMMY__ 0.884553866034696 off 0.06349611013245156 neg 0.05195002383285246	false	0.5
faul	off 1.0		__DUMMY__ 0.8802412868240702 off 0.07125402946226579 neg 0.0485046837136639	false	1.0
provisorium	neg 1.0		__DUMMY__ 0.896637786194067 off 0.05494096586176214 neg 0.04842124794417089	false	0.5
schmerzen	neg 1.0		__DUMMY__ 0.8823142972450472 off 0.06542497882609843 neg 0.05226072392885441	false	0.5
schrumpfen	neg 1.0		__DUMMY__ 0.8888668278168735 off 0.05887678040676653 neg 0.05225639177635986	false	0.5
geistlos	off 1.0		__DUMMY__ 0.8773790272659056 off 0.07052074243045751 neg 0.05210023030363695	false	1.0
fehlkauf	neg 1.0		__DUMMY__ 0.8803043400606213 off 0.06988994358897262 neg 0.049805716350406086	false	0.5
frustrierend	neg 1.0		__DUMMY__ 0.8785383792904247 off 0.0711174796517402 neg 0.050344141057835086	false	0.5
unzufrieden	neg 1.0		__DUMMY__ 0.8846426935904249 off 0.0649609243914658 neg 0.05039638201810919	false	0.5
verzweifeln	neg 1.0		__DUMMY__ 0.8837865021149136 off 0.06617658409632154 neg 0.05003691378876488	false	0.5
verzweifelt	neg 1.0		__DUMMY__ 0.8808469005716895 off 0.06856077218827795 neg 0.050592327240032604	false	0.5
misstrauensantrag	neg 1.0		__DUMMY__ 0.8807151452797273 off 0.06912413288613921 neg 0.050160721834133476	false	0.5
abfallen	neg 1.0		__DUMMY__ 0.882835663479184 off 0.06699802645234776 neg 0.05016631006846824	false	0.5
fucker	off 1.0		__DUMMY__ 0.8763877027192019 off 0.07593243147982084 neg 0.04767986580097727	false	1.0
ungezogen	neg 1.0		__DUMMY__ 0.8685492315257941 off 0.08304853138013506 neg 0.048402237094070724	false	0.5
irrsinnig	neg 1.0	neg 1.0	neg 0.5085941839207723 __DUMMY__ 0.4396485758246283 off 0.051757240254599504	false	1.0
unfassbar	neg 1.0		__DUMMY__ 0.8774574335725477 off 0.073302424032312 neg 0.04924014239514031	false	0.5
hart	neg 1.0		__DUMMY__ 0.8756406648134686 off 0.07347333545849033 neg 0.05088599972804108	false	0.5
widerlich	off 1.0		__DUMMY__ 0.8759725361279438 off 0.07388569417451886 neg 0.05014176969753733	false	1.0
fatal	neg 1.0	neg 1.0	neg 0.5100868088787166 __DUMMY__ 0.4367801387265672 off 0.053133052394716204	false	1.0
bruch	neg 1.0		__DUMMY__ 0.8888939603959045 off 0.060358502104773996 neg 0.05074753749932148	false	0.5
aushungern	neg 1.0		__DUMMY__ 0.8819883294881518 off 0.06618762096545364 neg 0.051824049546394656	false	0.5
anspannung	neg 1.0		__DUMMY__ 0.8930342472941629 off 0.05821227110728593 neg 0.04875348159855104	false	0.5
von			__DUMMY__ 0.8900425607878661 off 0.0615768390292705 neg 0.0483806001828634	false	0.0
kraftlos	neg 1.0		__DUMMY__ 0.8848619953084518 off 0.06421824948082573 neg 0.05091975521072254	false	0.5
vom			__DUMMY__ 0.8986082342061184 off 0.0553343636902248 neg 0.04605740210365681	false	0.0
grenzdebil	off 1.0		__DUMMY__ 0.876339412168114 off 0.07359427878041297 neg 0.050066309051473044	false	1.0
vor			__DUMMY__ 0.8888436011368842 off 0.060575302716773693 neg 0.05058109614634203	false	0.0
unterwerfen	neg 1.0		__DUMMY__ 0.886268879077597 off 0.06394485807643327 neg 0.04978626284596973	false	0.5
versenkung	neg 1.0		__DUMMY__ 0.8869179330502682 off 0.06348061167544533 neg 0.049601455274286374	false	0.5
entziehen	neg 1.0		__DUMMY__ 0.8879302912192428 off 0.0614794865723751 neg 0.05059022220838206	false	0.5
finanzkrise	neg 1.0		__DUMMY__ 0.8773173533489665 off 0.06695617605884129 neg 0.05572647059219208	false	0.5
schimpfend	neg 1.0		__DUMMY__ 0.8845306969395799 off 0.06753145385314184 neg 0.04793784920727819	false	0.5
profan	neg 1.0		__DUMMY__ 0.880225738866721 off 0.06956008057355137 neg 0.05021418055972763	false	0.5
korruption	neg 1.0		__DUMMY__ 0.8819264325777646 off 0.06547700397722536 neg 0.052596563445010056	false	0.5
â			__DUMMY__ 0.8858737503667922 off 0.06423115314444358 neg 0.049895096488764244	false	0.0
schmutzig	neg 1.0		__DUMMY__ 0.8764899518353316 off 0.07374135951339127 neg 0.04976868865127723	false	0.5
sexy	neg 1.0		__DUMMY__ 0.8804140715408942 off 0.07109371438307432 neg 0.048492214076031374	false	0.5
abraten	neg 1.0		__DUMMY__ 0.8821190124304454 off 0.06902372339959562 neg 0.04885726416995882	false	0.5
schwarz	neg 1.0		__DUMMY__ 0.8812530508682899 off 0.06951200938980258 neg 0.04923493974190748	false	0.5
fotze	off 1.0	off 1.0	off 0.5194372864344697 __DUMMY__ 0.44419943534454887 neg 0.03636327822098137	false	1.0
verwirren	neg 1.0		__DUMMY__ 0.8803728721645282 off 0.06987295817035785 neg 0.04975416966511397	false	0.5
zahnlos	off 1.0		__DUMMY__ 0.8831903781866671 off 0.06594317521020626 neg 0.050866446603126524	false	1.0
verheeren	neg 1.0		__DUMMY__ 0.8681956560927235 off 0.08460431274737536 neg 0.047200031159901026	false	0.5
hippie	neg 1.0		__DUMMY__ 0.8803031182554681 off 0.07084124929162973 neg 0.04885563245290206	false	0.5
rammen	neg 1.0		__DUMMY__ 0.8857441559134193 off 0.06736042597351587 neg 0.046895418113064795	false	0.5
unlauter	neg 1.0		__DUMMY__ 0.8810198597635296 off 0.06944516981984376 neg 0.049534970416626724	false	0.5
unheilvoll	neg 1.0		__DUMMY__ 0.8808806561986965 off 0.06802623955677839 neg 0.051093104244525095	false	0.5
niedrig	neg 1.0		__DUMMY__ 0.8853546132637057 off 0.06406822282870511 neg 0.05057716390758911	false	0.5
explosion	neg 1.0		__DUMMY__ 0.8810540563621088 off 0.07064083642284283 neg 0.04830510721504847	false	0.5
weichei	off 1.0	off 1.0	off 0.5298487791503944 __DUMMY__ 0.4313700566733075 neg 0.03878116417629808	false	1.0
minusmensch	off 1.0		__DUMMY__ 0.8682608655461089 off 0.08461877922483729 neg 0.04712035522905384	false	1.0
farblos	neg 1.0		__DUMMY__ 0.8839042448233798 off 0.06798323656946278 neg 0.04811251860715741	false	0.5
unwissend	neg 1.0	neg 1.0	neg 0.5086284830053878 __DUMMY__ 0.43662571806628325 off 0.054745798928328974	false	1.0
traurig	neg 1.0		__DUMMY__ 0.8750396438481612 off 0.07587624911112889 neg 0.04908410704070997	false	0.5
senkung	neg 1.0		__DUMMY__ 0.8764847371411577 off 0.07011803989324066 neg 0.05339722296560164	false	0.5
ungleich	neg 1.0	neg 1.0	neg 0.5087067266115007 __DUMMY__ 0.44274346430603767 off 0.04854980908246155	false	1.0
heikel	neg 1.0		__DUMMY__ 0.8862014861308555 off 0.06287630446082443 neg 0.050922209408320075	false	0.5
drosselung	neg 1.0		__DUMMY__ 0.8758780798745319 off 0.07373853152139467 neg 0.050383388604073376	false	0.5
falsch	neg 1.0		__DUMMY__ 0.8795423631564564 off 0.07126503544919029 neg 0.0491926013943533	false	0.5
unzufriedenheit	neg 1.0		__DUMMY__ 0.8854239689585072 off 0.06279857823425422 neg 0.051777452807238666	false	0.5
kurz	neg 1.0		__DUMMY__ 0.8863315179140678 off 0.06478360907491022 neg 0.0488848730110219	false	0.5
unsinnig	neg 1.0		__DUMMY__ 0.8816947584545798 off 0.0664327720420353 neg 0.05187246950338484	false	0.5
penner	off 1.0	off 1.0	off 0.5313628935752941 __DUMMY__ 0.4307835191600685 neg 0.03785358726463729	false	1.0
seicht	neg 1.0		__DUMMY__ 0.8654696434953068 off 0.08249924628534497 neg 0.05203111021934838	false	0.5
dummheit	off 1.0	off 1.0	off 0.5233746491542771 __DUMMY__ 0.4375568237019741 neg 0.03906852714374875	false	1.0
unerfreulich	neg 1.0		__DUMMY__ 0.88695199025656 off 0.06251573476661097 neg 0.05053227497682896	false	0.5
motherfucker	off 1.0	off 1.0	off 0.5272367403296326 __DUMMY__ 0.43576117525022634 neg 0.037002084420141024	false	1.0
pikiert	neg 1.0		__DUMMY__ 0.8763758503426755 off 0.07279153629219431 neg 0.05083261336513026	false	0.5
wrack	neg 1.0		__DUMMY__ 0.8909121469955297 off 0.0647471814206542 neg 0.044340671583816244	false	0.5
gangster	neg 1.0		__DUMMY__ 0.8799483706616024 off 0.07101161364809364 neg 0.049040015690303924	false	0.5
krank	neg 1.0		__DUMMY__ 0.8773992173348004 off 0.07343754412638515 neg 0.04916323853881452	false	0.5
reich	neg 1.0		__DUMMY__ 0.877379607640639 off 0.07142524881656818 neg 0.051195143542792795	false	0.5
gnadenlos	neg 1.0		__DUMMY__ 0.8826695347786607 off 0.06829610863469979 neg 0.04903435658663946	false	0.5
niedergeschlagen	neg 1.0		__DUMMY__ 0.8862490320333881 off 0.06449291630357447 neg 0.049258051663037414	false	0.5
terrorisieren	off 1.0	off 1.0	off 0.5181297307876614 __DUMMY__ 0.4432353525325747 neg 0.0386349166797639	false	1.0
sinnlosigkeit	neg 1.0		__DUMMY__ 0.8840194289887213 off 0.06541127288250538 neg 0.05056929812877336	false	0.5
behindern	neg 1.0		__DUMMY__ 0.8828302243733166 off 0.06683274710583484 neg 0.050337028520848676	false	0.5
undemokratisch	neg 1.0		__DUMMY__ 0.8794858974193696 off 0.0699082178654949 neg 0.0506058847151355	false	0.5
wirtschaftskrise	neg 1.0		__DUMMY__ 0.8815910808112969 off 0.06510862817958842 neg 0.053300291009114716	false	0.5
neid	neg 1.0		__DUMMY__ 0.8790277042493649 off 0.07037011966859331 neg 0.05060217608204167	false	0.5
rutschen	neg 1.0		__DUMMY__ 0.8929278722332679 off 0.05762766444517493 neg 0.04944446332155727	false	0.5
rezession	neg 1.0		__DUMMY__ 0.8695855498862552 off 0.07636127167156438 neg 0.05405317844218039	false	0.5
fehlgeburt	neg 1.0		__DUMMY__ 0.8855088897773216 off 0.06714004814204229 neg 0.04735106208063605	false	0.5
charakterschwach	off 1.0		__DUMMY__ 0.8757579760618318 off 0.0734513869342162 neg 0.05079063700395195	false	1.0
isolation	neg 1.0		__DUMMY__ 0.8814582295355673 off 0.07115510561177034 neg 0.04738666485266248	false	0.5
ablenkung	neg 1.0		__DUMMY__ 0.8839146885948853 off 0.06678664166480969 neg 0.04929866974030499	false	0.5
pech	neg 1.0		__DUMMY__ 0.8787349019892994 off 0.07114289192692398 neg 0.05012220608377655	false	0.5
vermeidung	neg 1.0		__DUMMY__ 0.8767003209430955 off 0.07350882426112902 neg 0.0497908547957756	false	0.5
dominieren	neg 1.0		__DUMMY__ 0.8851620500650407 off 0.06565989133454446 neg 0.04917805860041488	false	0.5
schwindlig	neg 1.0		__DUMMY__ 0.8807433825694867 off 0.06872167374574535 neg 0.050534943684767915	false	0.5
lutscher	neg 1.0		__DUMMY__ 0.8656696879084403 off 0.08412861805992713 neg 0.05020169403163251	false	0.5
pflicht	neg 1.0		__DUMMY__ 0.8880244785891886 off 0.06162073431574167 neg 0.05035478709506964	false	0.5
faschist	off 1.0		__DUMMY__ 0.8785192390405614 off 0.07134908193544671 neg 0.050131679023991876	false	1.0
verschleudern	neg 1.0		__DUMMY__ 0.8835668317799364 off 0.06378042077972107 neg 0.052652747440342575	false	0.5
wenn			__DUMMY__ 0.8779242691756295 off 0.07211081452266718 neg 0.049964916301703334	false	0.0
ehebruch	neg 1.0		__DUMMY__ 0.8835076579859702 off 0.06448787322680055 neg 0.05200446878722925	false	0.5
spott	off 1.0		__DUMMY__ 0.8859302605068231 off 0.06438638679523198 neg 0.04968335269794494	false	1.0
trostlosigkeit	neg 1.0		__DUMMY__ 0.8854707680854519 off 0.061483973646837706 neg 0.05304525826771035	false	0.5
lutschen	neg 1.0		__DUMMY__ 0.8810288747204982 off 0.07153461911721407 neg 0.04743650616228764	false	0.5
undiszipliniert	neg 1.0		__DUMMY__ 0.8751665543329504 off 0.07507917553231705 neg 0.0497542701347324	false	0.5
kopfschmerz	neg 1.0		__DUMMY__ 0.8829000377504723 off 0.06342159200738497 neg 0.05367837024214278	false	0.5
unvorhergesehen	neg 1.0		__DUMMY__ 0.8899943503316863 off 0.0612119188387255 neg 0.04879373082958823	false	0.5
desinteressiert	neg 1.0		__DUMMY__ 0.875494284397695 off 0.07454848088902802 neg 0.049957234713276906	false	0.5
armselig	off 1.0		__DUMMY__ 0.8736520771992273 off 0.07695608596583935 neg 0.049391836834933325	false	1.0
desaster	neg 1.0		__DUMMY__ 0.8865284212215874 off 0.061056819337863555 neg 0.052414759440549165	false	0.5
tod	neg 1.0		__DUMMY__ 0.8869795738253159 off 0.06312989613231622 neg 0.04989053004236791	false	0.5
herzlos	neg 1.0		__DUMMY__ 0.8740702913878434 off 0.07629634717150884 neg 0.04963336144064769	false	0.5
unwissenheit	neg 1.0		__DUMMY__ 0.8840672837868333 off 0.06506992616084128 neg 0.050862790052325406	false	0.5
widersinnig	neg 1.0		__DUMMY__ 0.8809870226244676 off 0.06664297486404133 neg 0.052370002511490994	false	0.5
bedenklich	neg 1.0		__DUMMY__ 0.8842525859381885 off 0.06421996153060833 neg 0.05152745253120317	false	0.5
beanstanden	neg 1.0		__DUMMY__ 0.8886692162024444 off 0.06224573360913314 neg 0.04908505018842238	false	0.5
panisch	neg 1.0		__DUMMY__ 0.882827815688183 off 0.06881639008702584 neg 0.04835579422479115	false	0.5
debil	off 1.0		__DUMMY__ 0.8948831516163508 off 0.05553072784051264 neg 0.049586120543136554	false	1.0
abstrich	neg 1.0		__DUMMY__ 0.8885317617647763 off 0.06485748370148105 neg 0.04661075453374265	false	0.5
primitiv	neg 1.0		__DUMMY__ 0.8752064748097247 off 0.07477672178763944 neg 0.05001680340263579	false	0.5
abschaum	off 1.0	off 1.0	off 0.5255172838446917 __DUMMY__ 0.43748884702529833 neg 0.03699386913001	false	1.0
provozieren	neg 1.0		__DUMMY__ 0.8809902223133874 off 0.0682857732572451 neg 0.050724004429367496	false	0.5
tot	neg 1.0		__DUMMY__ 0.8866343338347137 off 0.06463031102919674 neg 0.048735355136089495	false	0.5
instabil	neg 1.0		__DUMMY__ 0.8732262477940659 off 0.07719727783907089 neg 0.049576474366863264	false	0.5
schwuchtel	off 1.0	off 1.0	off 0.5372229839717704 __DUMMY__ 0.4262093050826044 neg 0.03656771094562508	false	1.0
zerren	neg 1.0		__DUMMY__ 0.8859730641300961 off 0.0645590573391944 neg 0.04946787853070948	false	0.5
kinderficker	off 1.0		__DUMMY__ 0.8717686537899665 off 0.07934946143378128 neg 0.048881884776252264	false	1.0
gefahr	neg 1.0		__DUMMY__ 0.8887702965872665 off 0.06210123102706253 neg 0.049128472385671015	false	0.5
rabiat	neg 1.0		__DUMMY__ 0.8820618530890325 off 0.06642967028215209 neg 0.05150847662881537	false	0.5
verlangsamung	neg 1.0		__DUMMY__ 0.8702061964620595 off 0.0811630023913874 neg 0.04863080114655308	false	0.5
ausgestorben	neg 1.0		__DUMMY__ 0.8840225876902446 off 0.0659883009028513 neg 0.04998911140690418	false	0.5
anklagen	neg 1.0		__DUMMY__ 0.8835515674627642 off 0.06574433347362177 neg 0.050704099063614005	false	0.5
trott	neg 1.0		__DUMMY__ 0.883487169946096 off 0.06709389349586761 neg 0.04941893655803632	false	0.5
verminderung	neg 1.0		__DUMMY__ 0.8762241778088439 off 0.07348755732970008 neg 0.050288264861456024	false	0.5
nach			__DUMMY__ 0.8950153189882679 off 0.05643870747307351 neg 0.04854597353865854	false	0.0
rost	neg 1.0		__DUMMY__ 0.8714417944101006 off 0.08217997861133294 neg 0.046378226978566466	false	0.5
destruktiv	neg 1.0		__DUMMY__ 0.8811233939420605 off 0.06715916023305434 neg 0.05171744582488515	false	0.5
unzumutbarkeit	neg 1.0		__DUMMY__ 0.8805209552269789 off 0.07362557368940709 neg 0.04585347108361392	false	0.5
labil	off 1.0	off 1.0	off 0.5249827931869543 __DUMMY__ 0.43749566589385736 neg 0.037521540919188384	false	1.0
ziemlich	neg 1.0		__DUMMY__ 0.8786853294275824 off 0.0729556752533553 neg 0.04835899531906236	false	0.5
lachnummer	off 1.0		__DUMMY__ 0.8821602254959072 off 0.06791571626639356 neg 0.04992405823769921	false	1.0
oder			__DUMMY__ 0.8840098849469656 off 0.06750495731410895 neg 0.04848515773892539	false	0.0
verfall	neg 1.0		__DUMMY__ 0.8883701271405767 off 0.05895084456983621 neg 0.05267902828958705	false	0.5
ausgrenzung	neg 1.0		__DUMMY__ 0.879875485929025 off 0.06979894142657657 neg 0.050325572644398506	false	0.5
unordnung	neg 1.0		__DUMMY__ 0.8765107459063662 off 0.07760196188492505 neg 0.04588729220870868	false	0.5
fehlverhalten	neg 1.0		__DUMMY__ 0.8858202020697429 off 0.0634106266397347 neg 0.05076917129052244	false	0.5
eine			__DUMMY__ 0.8881183040504549 off 0.061111178719864 neg 0.05077051722968107	false	0.0
nille	neg 1.0		__DUMMY__ 0.8834610670304193 off 0.06762943271242128 neg 0.04890950025715948	false	0.5
qual	neg 1.0		__DUMMY__ 0.8835641486711152 off 0.0667865635357358 neg 0.049649287793148984	false	0.5
verschwenden	neg 1.0		__DUMMY__ 0.8850652788961747 off 0.0629228695452216 neg 0.05201185155860373	false	0.5
riesig	neg 1.0		__DUMMY__ 0.8892092137617383 off 0.06311499758132409 neg 0.0476757886569375	false	0.5
verurteilen	neg 1.0		__DUMMY__ 0.8831436152058187 off 0.06559281259217344 neg 0.051263572202007765	false	0.5
klischee	neg 1.0	neg 1.0	neg 0.5086732941422895 __DUMMY__ 0.4371724379692597 off 0.05415426788845086	false	1.0
diktatorisch	neg 1.0		__DUMMY__ 0.8785358110129348 off 0.07001490948871474 neg 0.051449279498350466	false	0.5
vorhersehbar	neg 1.0		__DUMMY__ 0.8778263751692953 off 0.07051702189720915 neg 0.05165660293349566	false	0.5
sowie			__DUMMY__ 0.8707695060207732 off 0.07858037392057197 neg 0.05065012005865482	false	0.0
stornieren	neg 1.0		__DUMMY__ 0.8874444355437802 off 0.06998316689488661 neg 0.0425723975613332	false	0.5
besteuerung	neg 1.0	neg 1.0	neg 0.5109380374409621 __DUMMY__ 0.43740142555045464 off 0.05166053700858323	false	1.0
ungeschminkt	neg 1.0		__DUMMY__ 0.8769984270195456 off 0.07443628675310178 neg 0.04856528622735258	false	0.5
kritisch	neg 1.0		__DUMMY__ 0.884571550216724 off 0.06515590138351031 neg 0.050272548399765665	false	0.5
schlamperei	off 1.0		__DUMMY__ 0.8861737467450714 off 0.06381905739581495 neg 0.05000719585911355	false	1.0
sucht	neg 1.0	neg 1.0	neg 0.5045141553619874 __DUMMY__ 0.44377529282648404 off 0.05171055181152852	false	1.0
egoistisch	off 1.0	off 1.0	off 0.52975507527029 __DUMMY__ 0.4333880883878888 neg 0.03685683634182118	false	1.0
ausbeuter	off 1.0		__DUMMY__ 0.8839467142797475 off 0.06318560340096203 neg 0.052867682319290496	false	1.0
arschgeburt	off 1.0		__DUMMY__ 0.8635886761516344 off 0.08867472815074122 neg 0.04773659569762432	false	1.0
schubs	neg 1.0		__DUMMY__ 0.8849125907867182 off 0.06364551063295425 neg 0.05144189858032749	false	0.5
unsolide	neg 1.0		__DUMMY__ 0.8796581338978228 off 0.07033169526009132 neg 0.05001017084208601	false	0.5
beschwerde	neg 1.0		__DUMMY__ 0.8852428304137855 off 0.06540661360932547 neg 0.04935055597688907	false	0.5
stocken	neg 1.0		__DUMMY__ 0.886232231990938 off 0.06431072616840765 neg 0.049457041840654324	false	0.5
isolieren	neg 1.0		__DUMMY__ 0.8852946185840518 off 0.06540177514854184 neg 0.04930360626740634	false	0.5
unheilbar	neg 1.0		__DUMMY__ 0.8812217360142671 off 0.06743187506847466 neg 0.051346388917258214	false	0.5
pisser	off 1.0	off 1.0	off 0.5278096451109633 __DUMMY__ 0.4368182361541139 neg 0.03537211873492279	false	1.0
löschen	neg 1.0		__DUMMY__ 0.8830154066811507 off 0.06784288450068193 neg 0.04914170881816739	false	0.5
durchfallen	neg 1.0		__DUMMY__ 0.8845569310799181 off 0.06479620344507794 neg 0.050646865475004035	false	0.5
wichser	off 1.0	off 1.0	off 0.5338474566964166 __DUMMY__ 0.42843105653121394 neg 0.037721486772369354	false	1.0
terror	neg 1.0		__DUMMY__ 0.8813568088852395 off 0.07044260758479992 neg 0.04820058352996051	false	0.5
krass	neg 1.0		__DUMMY__ 0.8732553367670328 off 0.07773827742286507 neg 0.04900638581010218	false	0.5
revolte	neg 1.0		__DUMMY__ 0.8749055071083249 off 0.07137064963405332 neg 0.05372384325762178	false	0.5
besorgt	neg 1.0		__DUMMY__ 0.8870766077677313 off 0.0651107385945125 neg 0.047812653637756136	false	0.5
nachlassen	neg 1.0		__DUMMY__ 0.8869796123386148 off 0.06396007722861621 neg 0.04906031043276912	false	0.5
alt	neg 1.0		__DUMMY__ 0.8819771134809586 off 0.06324913610800288 neg 0.05477375041103842	false	0.5
hundesohn	off 1.0	off 1.0	off 0.5333451931729218 __DUMMY__ 0.43132842347905437 neg 0.035326383348023745	false	1.0
als			__DUMMY__ 0.8837321061070991 off 0.06518876267216232 neg 0.051079131220738525	false	0.0
abschreckung	neg 1.0		__DUMMY__ 0.8861189044100007 off 0.0626027937965128 neg 0.05127830179348653	false	0.5
unqualifiziert	neg 1.0		__DUMMY__ 0.8781747840391217 off 0.07195057827571717 neg 0.04987463768516114	false	0.5
abgewichst	off 1.0		__DUMMY__ 0.8847071517658893 off 0.06682143130045338 neg 0.04847141693365724	false	1.0
schwer	neg 1.0		__DUMMY__ 0.8824505607021225 off 0.0666423994704163 neg 0.050907039827461316	false	0.5
bedeutungslosigkeit	neg 1.0		__DUMMY__ 0.8856998158089003 off 0.06310097820492103 neg 0.05119920598617856	false	0.5
kapitulation	neg 1.0		__DUMMY__ 0.8821956785498809 off 0.06486966849390659 neg 0.05293465295621244	false	0.5
unscharf	neg 1.0		__DUMMY__ 0.8772046051452664 off 0.06888026384707899 neg 0.05391513100765462	false	0.5
schwinden	neg 1.0		__DUMMY__ 0.8854931785379021 off 0.06317267360553946 neg 0.0513341478565584	false	0.5
versklavung	neg 1.0	neg 1.0	neg 0.5090648847488547 __DUMMY__ 0.4383837193904173 off 0.05255139586072799	false	1.0
schlecht	neg 1.0		__DUMMY__ 0.8788571095928601 off 0.07314834765013961 neg 0.04799454275700022	false	0.5
verhasst	neg 1.0		__DUMMY__ 0.8801085897009093 off 0.06900273189244521 neg 0.050888678406645446	false	0.5
beschweren	neg 1.0		__DUMMY__ 0.8820942712682024 off 0.06920188529128762 neg 0.04870384344050993	false	0.5
scheiden	neg 1.0		__DUMMY__ 0.8834508075549532 off 0.06687961083484709 neg 0.04966958161019973	false	0.5
frustriert	neg 1.0		__DUMMY__ 0.8841571007140269 off 0.06587469077642558 neg 0.04996820850954751	false	0.5
schimmelig	neg 1.0		__DUMMY__ 0.88461118670874 off 0.06364883733111731 neg 0.0517399759601427	false	0.5
fisch	neg 1.0		__DUMMY__ 0.8855937661935462 off 0.06031784470760051 neg 0.05408838909885331	false	0.5
schmuggel	neg 1.0		__DUMMY__ 0.8899615595029542 off 0.06122053400121995 neg 0.04881790649582593	false	0.5
auffallen	neg 1.0		__DUMMY__ 0.8808410177338262 off 0.06962233883901797 neg 0.0495366434271558	false	0.5
konkurrenz	neg 1.0		__DUMMY__ 0.8882566714930761 off 0.06265940276921063 neg 0.04908392573771338	false	0.5
teufelskreis	neg 1.0	neg 1.0	neg 0.5104179292780622 __DUMMY__ 0.439069519160586 off 0.050512551561351746	false	1.0
aufschreien	neg 1.0		__DUMMY__ 0.8786932127065187 off 0.07032552081169892 neg 0.05098126648178242	false	0.5
schuldner	neg 1.0		__DUMMY__ 0.8839632180373393 off 0.06292950785947782 neg 0.0531072741031828	false	0.5
missgeburt	off 1.0	off 1.0	off 0.5317963761363165 __DUMMY__ 0.434392614242743 neg 0.03381100962094055	false	1.0
arbeitslos	neg 1.0		__DUMMY__ 0.884648497810569 off 0.06479490515467234 neg 0.050556597034758594	false	0.5
befallen	neg 1.0		__DUMMY__ 0.8822230188422499 off 0.06646878851271266 neg 0.051308192645037456	false	0.5
miesepetrig	off 1.0	off 1.0	off 0.5245710626814374 __DUMMY__ 0.43728057027237444 neg 0.03814836704618818	false	1.0
alarmieren	neg 1.0		__DUMMY__ 0.8787327703170276 off 0.07242642836326307 neg 0.04884080131970929	false	0.5
ungeduscht	off 1.0		__DUMMY__ 0.8784160667220327 off 0.07124059490725276 neg 0.050343338370714606	false	1.0
knappheit	neg 1.0		__DUMMY__ 0.8828470350628408 off 0.06514857978785357 neg 0.052004385149305686	false	0.5
schlange	neg 1.0		__DUMMY__ 0.8839296819801992 off 0.06740958112956327 neg 0.04866073689023755	false	0.5
harsch	neg 1.0		__DUMMY__ 0.878590029739953 off 0.07743012213280896 neg 0.04397984812723793	false	0.5
lang	neg 1.0		__DUMMY__ 0.8823975835593358 off 0.0686215242810694 neg 0.04898089215959474	false	0.5
ziellos	neg 1.0		__DUMMY__ 0.8875118640601706 off 0.06303083491847511 neg 0.04945730102135432	false	0.5
selbstverliebt	neg 1.0		__DUMMY__ 0.8665920215034251 off 0.08540202701135773 neg 0.04800595148521729	false	0.5
beseitigen	neg 1.0		__DUMMY__ 0.8883155825623779 off 0.06712313251608311 neg 0.04456128492153906	false	0.5
dumm	off 1.0		__DUMMY__ 0.8703982305777928 off 0.08008071606103735 neg 0.04952105336116983	false	1.0
arbeitsloser	neg 1.0		__DUMMY__ 0.8874216196611343 off 0.06490964006572993 neg 0.04766874027313576	false	0.5
blitzen	neg 1.0		__DUMMY__ 0.8788717435470104 off 0.0713955770853604 neg 0.04973267936762932	false	0.5
hilflos	neg 1.0		__DUMMY__ 0.8845906572107836 off 0.06473051994895174 neg 0.05067882284026464	false	0.5
eklig	off 1.0		__DUMMY__ 0.8687599008253184 off 0.08047684956257173 neg 0.05076324961210989	false	1.0
begriff			__DUMMY__ 0.8824850933858448 off 0.06686311261458285 neg 0.05065179399957232	false	0.0
hungersnot	neg 1.0		__DUMMY__ 0.881412728199456 off 0.06510828243966675 neg 0.05347898936087731	false	0.5
ungesetzlich	neg 1.0		__DUMMY__ 0.878863853222242 off 0.07013393889832276 neg 0.05100220787943528	false	0.5
verschwendung	neg 1.0		__DUMMY__ 0.8857825174431498 off 0.06295308766868646 neg 0.05126439488816377	false	0.5
schmerzvoll	neg 1.0		__DUMMY__ 0.8804295671714654 off 0.06875251373404022 neg 0.0508179190944944	false	0.5
vorzeitig	neg 1.0		__DUMMY__ 0.8802907418510842 off 0.07251826919255204 neg 0.047190988956363734	false	0.5
unvollkommenheit	neg 1.0		__DUMMY__ 0.88454920858441 off 0.0655212773746581 neg 0.0499295140409319	false	0.5
intervenieren	neg 1.0		__DUMMY__ 0.8837185946686773 off 0.063843365524804 neg 0.05243803980651866	false	0.5
banause	off 1.0		__DUMMY__ 0.8651532709143878 off 0.08208514616204357 neg 0.05276158292356864	false	1.0
rebell	neg 1.0		__DUMMY__ 0.8894054527779733 off 0.058884445790754664 neg 0.051710101431272075	false	0.5
unlogisch	neg 1.0		__DUMMY__ 0.8746003128580235 off 0.07571642868068595 neg 0.04968325846129044	false	0.5
leiden	neg 1.0		__DUMMY__ 0.8903939163468005 off 0.06124825944804961 neg 0.04835782420514977	false	0.5
abschaffung	neg 1.0		__DUMMY__ 0.8804077768103863 off 0.06853955944068618 neg 0.051052663748927495	false	0.5
sturz	neg 1.0		__DUMMY__ 0.8858399025704272 off 0.0694107566640178 neg 0.044749340765555076	false	0.5
verkleinerung	neg 1.0		__DUMMY__ 0.8765448345149998 off 0.07182201905424745 neg 0.05163314643075269	false	0.5
schmarotzer	off 1.0		__DUMMY__ 0.8830857710260249 off 0.06573945632508701 neg 0.05117477264888807	false	1.0
bestrafung	neg 1.0	neg 1.0	neg 0.5075210025709546 __DUMMY__ 0.4410146461099439 off 0.05146435131910142	false	1.0
achtlos	neg 1.0		__DUMMY__ 0.8844292637022179 off 0.06574730657635185 neg 0.049823429721430314	false	0.5
ungeheuer	neg 1.0		__DUMMY__ 0.8812828374101341 off 0.06752173201459832 neg 0.051195430575267584	false	0.5
unaufrichtig	neg 1.0		__DUMMY__ 0.8794564192832491 off 0.0719004919086804 neg 0.048643088808070424	false	0.5
