unsolidarisch	neg 1.0		off 0.5655812935634641 neg 0.42733796060845086 __DUMMY__ 0.007080745828085106	false	0.5
nachteilig	neg 1.0		off 0.5662440602156762 neg 0.42656746290637443 __DUMMY__ 0.00718847687794933	false	0.5
skeptisch	neg 1.0		off 0.5631080973700451 neg 0.4297199974414522 __DUMMY__ 0.007171905188502614	false	0.5
schrecklich	neg 1.0		off 0.5737134180736857 neg 0.4192694032426021 __DUMMY__ 0.007017178683712232	false	0.5
schlapp	neg 1.0	neg 1.0	neg 0.6940857547110915 off 0.3025551029224696 __DUMMY__ 0.0033591423664389147	false	1.0
abfall	neg 1.0		off 0.5615475517341805 neg 0.43123491761266863 __DUMMY__ 0.007217530653150979	false	0.5
widerspenstig	neg 1.0		off 0.5653819601846203 neg 0.42750753982337997 __DUMMY__ 0.007110499991999759	false	0.5
abrupt	neg 1.0		off 0.5622600745534815 neg 0.4305754129160946 __DUMMY__ 0.007164512530423985	false	0.5
unwirksam	neg 1.0		off 0.564016865137209 neg 0.42892143767492047 __DUMMY__ 0.007061697187870657	false	0.5
angreifen	neg 1.0		off 0.562501267849576 neg 0.43032222348912985 __DUMMY__ 0.0071765086612939925	false	0.5
inkonsistent	neg 1.0		off 0.5679299597189976 neg 0.42499785546330404 __DUMMY__ 0.007072184817698325	false	0.5
abrutschen	neg 1.0		off 0.5605490592409864 neg 0.4322404920278134 __DUMMY__ 0.00721044873120011	false	0.5
unsicher	neg 1.0		off 0.5674104858698805 neg 0.4254553750598358 __DUMMY__ 0.007134139070283657	false	0.5
bauernkind	off 1.0	off 1.0	off 0.7741219691955918 neg 0.2225678345536899 __DUMMY__ 0.0033101962507182266	false	1.0
angreifer	neg 1.0		off 0.5729030476954748 neg 0.41997184381537794 __DUMMY__ 0.007125108489147294	false	0.5
trennen	neg 1.0		off 0.5633426877889843 neg 0.4294643062634398 __DUMMY__ 0.007193005947575828	false	0.5
schmutz	neg 1.0		off 0.5762819004333131 neg 0.41653154165999146 __DUMMY__ 0.007186557906695471	false	0.5
inkonsistenz	neg 1.0		off 0.5702544989366259 neg 0.42268555594521584 __DUMMY__ 0.007059945118158178	false	0.5
erschreckend	neg 1.0		off 0.5659847888661953 neg 0.42688826580023176 __DUMMY__ 0.0071269453335729045	false	0.5
ertrinken	neg 1.0		off 0.561384215224896 neg 0.4314473307770045 __DUMMY__ 0.007168453998099576	false	0.5
pickelface	off 1.0		off 0.5687850163390825 neg 0.424080940109293 __DUMMY__ 0.007134043551624464	false	1.0
seiner			off 0.563817076229208 neg 0.4289962112084492 __DUMMY__ 0.00718671256234296	false	0.0
lauch	neg 1.0	neg 1.0	neg 0.6982302426054828 off 0.2983222056014829 __DUMMY__ 0.003447551793034318	false	1.0
unwichtig	neg 1.0		off 0.5703072790290451 neg 0.42263053170657594 __DUMMY__ 0.007062189264378829	false	0.5
steuerhinterziehung	neg 1.0		off 0.5645667383491717 neg 0.428331675855123 __DUMMY__ 0.0071015857957051716	false	0.5
schock	neg 1.0		off 0.5659519312313165 neg 0.42690295776533815 __DUMMY__ 0.007145111003345293	false	0.5
beule	neg 1.0		off 0.5719016870396371 neg 0.4210690150639749 __DUMMY__ 0.007029297896388037	false	0.5
vergelten	neg 1.0		off 0.576266448066663 neg 0.41670344002301946 __DUMMY__ 0.007030111910317404	false	0.5
verdorbenheit	neg 1.0		off 0.5704919082461987 neg 0.4223652508610279 __DUMMY__ 0.0071428408927733614	false	0.5
trauma	neg 1.0		off 0.5679507638039464 neg 0.42494464887508165 __DUMMY__ 0.007104587320971965	false	0.5
sinnlos	neg 1.0		off 0.5686353899504317 neg 0.4242609279324331 __DUMMY__ 0.007103682117135204	false	0.5
fettsack	off 1.0	off 1.0	off 0.7754967702517792 neg 0.22118767903688905 __DUMMY__ 0.0033155507113317054	false	1.0
feige	off 1.0	off 1.0	off 0.7725854066075528 neg 0.22406304739883587 __DUMMY__ 0.003351545993611243	false	1.0
abdanken	neg 1.0		off 0.5669459883733121 neg 0.42592283796962915 __DUMMY__ 0.007131173657058714	false	0.5
wichtigtuer	off 1.0	off 1.0	off 0.7716681939837401 neg 0.22495431601036572 __DUMMY__ 0.0033774900058942533	false	1.0
misslingen	neg 1.0		off 0.5723622072015832 neg 0.4204728347693392 __DUMMY__ 0.007164958029077649	false	0.5
untreu	off 1.0		off 0.5713012743634892 neg 0.421649798128059 __DUMMY__ 0.007048927508451863	false	1.0
missmutig	neg 1.0		off 0.5682478679089086 neg 0.4246924068067832 __DUMMY__ 0.007059725284308297	false	0.5
hurenbock	off 1.0		off 0.5673778339526241 neg 0.42551133795651486 __DUMMY__ 0.00711082809086119	false	1.0
betrunken	neg 1.0		off 0.5727415285757437 neg 0.4202324862887913 __DUMMY__ 0.007025985135465087	false	0.5
korrupt	off 1.0		off 0.5633200446370346 neg 0.4295846803530808 __DUMMY__ 0.007095275009884779	false	1.0
unmut	neg 1.0		off 0.5618285530708063 neg 0.430978663723391 __DUMMY__ 0.00719278320580283	false	0.5
hackfresse	off 1.0		off 0.5771090228777911 neg 0.41592677541762096 __DUMMY__ 0.006964201704587966	false	1.0
aufblasen	neg 1.0		off 0.5670497456796787 neg 0.42583437247818035 __DUMMY__ 0.007115881842140939	false	0.5
gewaltsam	neg 1.0		off 0.5681760711973192 neg 0.4246786811403444 __DUMMY__ 0.007145247662336526	false	0.5
unbeliebtheit	neg 1.0		off 0.5726462307841543 neg 0.42029091092251186 __DUMMY__ 0.0070628582933337895	false	0.5
sturheit	neg 1.0		off 0.5665972495421683 neg 0.42626484506239226 __DUMMY__ 0.007137905395439433	false	0.5
kuh	neg 1.0		off 0.5653312515055582 neg 0.4276498172437821 __DUMMY__ 0.007018931250659775	false	0.5
erschrecken	neg 1.0		off 0.5702845115649429 neg 0.4226340319440242 __DUMMY__ 0.007081456491032955	false	0.5
opfer	neg 1.0		off 0.5649230466659865 neg 0.4279074195067545 __DUMMY__ 0.007169533827259196	false	0.5
sinken	neg 1.0		off 0.5615120080299906 neg 0.43131452428381034 __DUMMY__ 0.007173467686199001	false	0.5
stinktier	neg 1.0		off 0.5727943798471272 neg 0.42025805389273163 __DUMMY__ 0.006947566260141262	false	0.5
tucke	off 1.0		off 0.5768063672329314 neg 0.4162849934984153 __DUMMY__ 0.006908639268653209	false	1.0
ein			off 0.5647855494069508 neg 0.42810721665379936 __DUMMY__ 0.007107233939249678	false	0.0
abstieg	neg 1.0		off 0.5680310245920167 neg 0.42478390927869836 __DUMMY__ 0.007185066129285105	false	0.5
missverstehen	neg 1.0		off 0.5686141169377067 neg 0.42430210522668244 __DUMMY__ 0.007083777835610741	false	0.5
ergebnislos	neg 1.0		off 0.5660964950251547 neg 0.4267136801379917 __DUMMY__ 0.0071898248368536	false	0.5
unter			off 0.5598242208244381 neg 0.4328920762293681 __DUMMY__ 0.0072837029461938025	false	0.0
manipulieren	neg 1.0		off 0.564011469508283 neg 0.4288120320275472 __DUMMY__ 0.007176498464169866	false	0.5
unbewiesen	neg 1.0		off 0.5670398835570345 neg 0.4258637776852078 __DUMMY__ 0.007096338757757728	false	0.5
verschleppen	neg 1.0		off 0.5638470877672125 neg 0.4290172506966303 __DUMMY__ 0.007135661536157216	false	0.5
weib	off 1.0		off 0.5787088268147516 neg 0.41435438079983045 __DUMMY__ 0.006936792385418106	false	1.0
opposition	neg 1.0		off 0.5672252689119729 neg 0.4256896175019519 __DUMMY__ 0.007085113586075273	false	0.5
verkehrswidrig	neg 1.0		off 0.5797096095639555 neg 0.41322598179171155 __DUMMY__ 0.0070644086443328565	false	0.5
inkorrekt	neg 1.0		off 0.5726588306153159 neg 0.42033478663041646 __DUMMY__ 0.007006382754267605	false	0.5
vermeiden	neg 1.0		off 0.5622618141728903 neg 0.4304956219280284 __DUMMY__ 0.007242563899081133	false	0.5
abweichung	neg 1.0		off 0.5667645555375941 neg 0.4260679275915705 __DUMMY__ 0.007167516870835536	false	0.5
alkoholisiert	neg 1.0		off 0.5693263313357292 neg 0.4234172211270544 __DUMMY__ 0.007256447537216527	false	0.5
scheiss	off 1.0	off 1.0	off 0.7734981608705097 neg 0.22315705356040785 __DUMMY__ 0.0033447855690824616	false	1.0
herausforderung	neg 1.0		off 0.5655686926135395 neg 0.42727437722700257 __DUMMY__ 0.0071569301594578555	false	0.5
pervers	off 1.0		off 0.5801791549046712 neg 0.41291278097491374 __DUMMY__ 0.006908064120414954	false	1.0
wackelig	neg 1.0		off 0.5656802761127048 neg 0.4271582181276082 __DUMMY__ 0.007161505759687008	false	0.5
verwickeln	neg 1.0		off 0.5679542778817186 neg 0.42495151114298346 __DUMMY__ 0.007094210975297935	false	0.5
vorwand	neg 1.0		off 0.5624111366188195 neg 0.4304058040820207 __DUMMY__ 0.007183059299159929	false	0.5
muschi	off 1.0		off 0.5686657821122878 neg 0.4241779758285865 __DUMMY__ 0.007156242059125703	false	1.0
entmutigung	neg 1.0		off 0.5660431537560006 neg 0.42690597880637127 __DUMMY__ 0.007050867437628283	false	0.5
unangemessen	neg 1.0		off 0.5657025222387466 neg 0.4271658445323635 __DUMMY__ 0.007131633228889894	false	0.5
unstetig	neg 1.0		off 0.5715616870959306 neg 0.4213460662306818 __DUMMY__ 0.0070922466733875445	false	0.5
entmutigen	neg 1.0		off 0.566250763871118 neg 0.42665675632485317 __DUMMY__ 0.007092479804028963	false	0.5
schwanz	neg 1.0		off 0.5667259218961973 neg 0.4261027415847423 __DUMMY__ 0.007171336519060489	false	0.5
verbot	neg 1.0		off 0.5649021370469388 neg 0.42797364439503427 __DUMMY__ 0.007124218558026816	false	0.5
leid	neg 1.0		off 0.5748042506664054 neg 0.4182006708407988 __DUMMY__ 0.006995078492795866	false	0.5
archaisch	neg 1.0		off 0.5650908967679799 neg 0.4277811960294065 __DUMMY__ 0.007127907202613642	false	0.5
gegen			off 0.5635680005116738 neg 0.4292240585531068 __DUMMY__ 0.007207940935219405	false	0.0
scheidung	neg 1.0		off 0.5880845946245211 neg 0.4049673874503529 __DUMMY__ 0.006948017925126034	false	0.5
einschlag	neg 1.0		off 0.5770640902578629 neg 0.4158790336016165 __DUMMY__ 0.007056876140520522	false	0.5
m			off 0.5663868832717023 neg 0.42645271769025067 __DUMMY__ 0.007160399038047185	false	0.0
abgestanden	neg 1.0		off 0.5629119857458023 neg 0.43003427321593546 __DUMMY__ 0.0070537410382623175	false	0.5
schmierig	off 1.0		off 0.574179045453056 neg 0.4188271112601517 __DUMMY__ 0.006993843286792176	false	1.0
unpraktisch	neg 1.0		off 0.5687752223501117 neg 0.4241081942970733 __DUMMY__ 0.007116583352815084	false	0.5
wixxer	off 1.0		off 0.5799323872688925 neg 0.41317229630839103 __DUMMY__ 0.00689531642271644	false	1.0
bezeichnet			off 0.5675760656409227 neg 0.4252982448617827 __DUMMY__ 0.007125689497294707	false	0.0
jammerlappen	off 1.0		off 0.5705629018565522 neg 0.4223768306192422 __DUMMY__ 0.007060267524205724	false	1.0
farce	neg 1.0		off 0.5656901241661368 neg 0.4272099454946844 __DUMMY__ 0.007099930339178797	false	0.5
zwecklos	neg 1.0		off 0.5644226069534342 neg 0.42844295266487536 __DUMMY__ 0.007134440381690669	false	0.5
turbulent	neg 1.0		off 0.5735990319663713 neg 0.41935295359773817 __DUMMY__ 0.0070480144358904175	false	0.5
invasion	neg 1.0		off 0.5693821798363531 neg 0.42352088661725007 __DUMMY__ 0.007096933546396872	false	0.5
schuld	neg 1.0		off 0.5676931624313916 neg 0.4252003082361026 __DUMMY__ 0.0071065293325058305	false	0.5
risiko	neg 1.0		off 0.5687735338484435 neg 0.42413087712788294 __DUMMY__ 0.0070955890236734575	false	0.5
finster	neg 1.0		off 0.5648620645701266 neg 0.42804291336644473 __DUMMY__ 0.007095022063428708	false	0.5
geisteskrank	off 1.0		off 0.5719308716158079 neg 0.4210452656317266 __DUMMY__ 0.007023862752465433	false	1.0
zusammenbrechen	neg 1.0		off 0.5647981923515255 neg 0.42806607048520234 __DUMMY__ 0.007135737163272239	false	0.5
ausbeute	neg 1.0		off 0.5677159525414984 neg 0.42512768162679154 __DUMMY__ 0.007156365831710016	false	0.5
hinterhalt	neg 1.0		off 0.5663708419150518 neg 0.42648952714935773 __DUMMY__ 0.007139630935590485	false	0.5
kritik	neg 1.0		off 0.5651064210036199 neg 0.42779566955915077 __DUMMY__ 0.007097909437229347	false	0.5
einschrumpfen	neg 1.0		off 0.5701051203884502 neg 0.4228494414708792 __DUMMY__ 0.007045438140670592	false	0.5
riskant	neg 1.0		off 0.5632222387555442 neg 0.4296096169942151 __DUMMY__ 0.007168144250240607	false	0.5
frustrieren	neg 1.0		off 0.563359447845747 neg 0.4294899900548589 __DUMMY__ 0.00715056209939421	false	0.5
groll	neg 1.0		off 0.5655409961866105 neg 0.427313161196296 __DUMMY__ 0.007145842617093629	false	0.5
gibt			off 0.565216467508431 neg 0.4276320283574929 __DUMMY__ 0.007151504134076103	false	0.0
qualvoll	neg 1.0		off 0.5680611590144586 neg 0.4248486903478711 __DUMMY__ 0.0070901506376702065	false	0.5
wackeln	neg 1.0		off 0.5671749434568425 neg 0.425694761779337 __DUMMY__ 0.007130294763820566	false	0.5
klagen	neg 1.0		off 0.5623913847960536 neg 0.43043189513497637 __DUMMY__ 0.007176720068970134	false	0.5
bankrott	neg 1.0		off 0.5725699824849358 neg 0.4203319852246754 __DUMMY__ 0.007098032290388844	false	0.5
trauern	neg 1.0		off 0.5658406884472932 neg 0.42695549722509113 __DUMMY__ 0.0072038143276156145	false	0.5
ablehnung	neg 1.0		off 0.5656110904578208 neg 0.4272703609625413 __DUMMY__ 0.007118548579637886	false	0.5
stur	neg 1.0		off 0.5670346184462463 neg 0.4258685707467755 __DUMMY__ 0.007096810806978235	false	0.5
aufruhr	neg 1.0		off 0.5654440112854884 neg 0.42745974321192315 __DUMMY__ 0.007096245502588665	false	0.5
melancholie	neg 1.0		off 0.5615135065029571 neg 0.43134010793904176 __DUMMY__ 0.007146385558001341	false	0.5
ist			off 0.5681861346729551 neg 0.4247111081262079 __DUMMY__ 0.007102757200837081	false	0.0
torheit	neg 1.0		off 0.5672655371346244 neg 0.42563744178502233 __DUMMY__ 0.007097021080353293	false	0.5
dreckskind	off 1.0		off 0.5782044585569275 neg 0.4148426725181353 __DUMMY__ 0.006952868924937256	false	1.0
umtauschen	neg 1.0		off 0.566661522488789 neg 0.4262095725227689 __DUMMY__ 0.007128904988442012	false	0.5
zum			off 0.5647971217220731 neg 0.4279242856160382 __DUMMY__ 0.007278592661888694	false	0.0
zersetzen	neg 1.0		off 0.5622243819108836 neg 0.430619264382812 __DUMMY__ 0.007156353706304433	false	0.5
zur			off 0.5625137676467027 neg 0.4302420699360018 __DUMMY__ 0.007244162417295469	false	0.0
frust	neg 1.0		off 0.5645483048878047 neg 0.4283136808181607 __DUMMY__ 0.007138014294034685	false	0.5
unerbittlichkeit	neg 1.0		off 0.5644059775573109 neg 0.42842361207945934 __DUMMY__ 0.007170410363229723	false	0.5
zwei			off 0.5619468206941285 neg 0.43080716911945155 __DUMMY__ 0.0072460101864201334	false	0.0
unkorrekt	neg 1.0		off 0.5719711172605029 neg 0.42100827609720226 __DUMMY__ 0.007020606642294906	false	0.5
hexe	off 1.0		off 0.5688743957891749 neg 0.42408957998053326 __DUMMY__ 0.007036024230291892	false	1.0
lasch	neg 1.0		off 0.5698939562463885 neg 0.42303630226557254 __DUMMY__ 0.007069741488038951	false	0.5
rivale	neg 1.0		off 0.5747839383562346 neg 0.4181865499657536 __DUMMY__ 0.007029511678011646	false	0.5
mutlos	off 1.0	off 1.0	off 0.7689934040771033 neg 0.22760256594220105 __DUMMY__ 0.0034040299806956916	false	1.0
wirr	off 1.0		off 0.5735252937589946 neg 0.4194760334015561 __DUMMY__ 0.006998672839449297	false	1.0
jahr			off 0.5672290801255429 neg 0.425543296922971 __DUMMY__ 0.00722762295148619	false	0.0
wird			off 0.565030856049577 neg 0.42780867231343367 __DUMMY__ 0.007160471636989248	false	0.0
strafbar	neg 1.0		off 0.5635461577260683 neg 0.42929323582129175 __DUMMY__ 0.007160606452640116	false	0.5
erosion	neg 1.0		off 0.5678930151596912 neg 0.42497730650714055 __DUMMY__ 0.007129678333168359	false	0.5
eingehen	neg 1.0		off 0.5627086180688847 neg 0.43014592566493715 __DUMMY__ 0.007145456266178195	false	0.5
faul	off 1.0		off 0.5711378868588346 neg 0.4217787113002341 __DUMMY__ 0.007083401840931263	false	1.0
provisorium	neg 1.0		off 0.5602209902546801 neg 0.43249179610375416 __DUMMY__ 0.007287213641565772	false	0.5
schmerzen	neg 1.0		off 0.5643135050545541 neg 0.42857757882219555 __DUMMY__ 0.007108916123250241	false	0.5
schrumpfen	neg 1.0		off 0.5593396237064235 neg 0.4334642091626506 __DUMMY__ 0.007196167130925906	false	0.5
geistlos	off 1.0		off 0.5671616259662362 neg 0.4257823671278604 __DUMMY__ 0.007056006905903372	false	1.0
fehlkauf	neg 1.0		off 0.5689556780660919 neg 0.42395494597556005 __DUMMY__ 0.007089375958347946	false	0.5
frustrierend	neg 1.0		off 0.5692257188639877 neg 0.42370513055852826 __DUMMY__ 0.007069150577483981	false	0.5
unzufrieden	neg 1.0		off 0.5649450975041376 neg 0.4279086248354466 __DUMMY__ 0.007146277660415866	false	0.5
verzweifeln	neg 1.0		off 0.5661070654138635 neg 0.42675803776370685 __DUMMY__ 0.007134896822429642	false	0.5
verzweifelt	neg 1.0		off 0.5672935575410148 neg 0.425607170964611 __DUMMY__ 0.007099271494374157	false	0.5
misstrauensantrag	neg 1.0		off 0.5683365046338145 neg 0.42457184975203754 __DUMMY__ 0.007091645614147902	false	0.5
abfallen	neg 1.0		off 0.56693169440846 neg 0.42595116628705143 __DUMMY__ 0.007117139304488693	false	0.5
fucker	off 1.0		off 0.5746224888914909 neg 0.4183335262047858 __DUMMY__ 0.007043984903723223	false	1.0
ungezogen	neg 1.0		off 0.5790062094859307 neg 0.41405216038920256 __DUMMY__ 0.0069416301248667375	false	0.5
irrsinnig	neg 1.0	neg 1.0	neg 0.6959889821196755 off 0.3006268024077914 __DUMMY__ 0.003384215472533144	false	1.0
unfassbar	neg 1.0		off 0.5716381090774038 neg 0.42130684251437994 __DUMMY__ 0.007055048408216445	false	0.5
hart	neg 1.0		off 0.5707203196442178 neg 0.42225283374331823 __DUMMY__ 0.0070268466124639	false	0.5
widerlich	off 1.0		off 0.571261901733383 neg 0.42170154079320127 __DUMMY__ 0.007036557473415702	false	1.0
fatal	neg 1.0	neg 1.0	neg 0.696143384250426 off 0.30049655082286963 __DUMMY__ 0.003360064926704344	false	1.0
bruch	neg 1.0		off 0.5615327874054467 neg 0.43127205979263167 __DUMMY__ 0.0071951528019215776	false	0.5
aushungern	neg 1.0		off 0.5643478388840054 neg 0.42853941090058717 __DUMMY__ 0.0071127502154074845	false	0.5
anspannung	neg 1.0		off 0.5618976308113334 neg 0.4308582608899665 __DUMMY__ 0.007244108298700161	false	0.5
von			off 0.5646107404410271 neg 0.4281844568086583 __DUMMY__ 0.007204802750314731	false	0.0
kraftlos	neg 1.0		off 0.5641910678339921 neg 0.428663678374053 __DUMMY__ 0.0071452537919549	false	0.5
vom			off 0.5625102420234794 neg 0.43018060178832424 __DUMMY__ 0.007309156188196319	false	0.0
grenzdebil	off 1.0		off 0.5711881623807745 neg 0.421771452805579 __DUMMY__ 0.007040384813646558	false	1.0
vor			off 0.5620120485215168 neg 0.4307909202146437 __DUMMY__ 0.007197031263839637	false	0.0
unterwerfen	neg 1.0		off 0.5646949344994932 neg 0.4281421707372588 __DUMMY__ 0.007162894763247964	false	0.5
versenkung	neg 1.0		off 0.5645394536867626 neg 0.4282863726691049 __DUMMY__ 0.007174173644132463	false	0.5
entziehen	neg 1.0		off 0.5624384903092521 neg 0.4303758003699176 __DUMMY__ 0.007185709320830262	false	0.5
finanzkrise	neg 1.0		off 0.5620339871211768 neg 0.43091232579709293 __DUMMY__ 0.007053687081730235	false	0.5
schimpfend	neg 1.0		off 0.5692153770589993 neg 0.4236507648943206 __DUMMY__ 0.007133858046680204	false	0.5
profan	neg 1.0		off 0.5683304450419328 neg 0.4245814050324549 __DUMMY__ 0.007088149925612351	false	0.5
korruption	neg 1.0		off 0.5634135218875689 neg 0.4294755364900247 __DUMMY__ 0.007110941622406345	false	0.5
â			off 0.5652700295532536 neg 0.42757216917716406 __DUMMY__ 0.0071578012695824025	false	0.0
schmutzig	neg 1.0		off 0.571515467155674 neg 0.4214423901641031 __DUMMY__ 0.007042142680222855	false	0.5
sexy	neg 1.0		off 0.5708925024708701 neg 0.42201572786927133 __DUMMY__ 0.007091769659858429	false	0.5
abraten	neg 1.0		off 0.5691788727003613 neg 0.4237106689493213 __DUMMY__ 0.007110458350317342	false	0.5
schwarz	neg 1.0		off 0.5691849860947563 neg 0.42371246004231083 __DUMMY__ 0.007102553862932931	false	0.5
fotze	off 1.0	off 1.0	off 0.770943630494451 neg 0.2256354682682859 __DUMMY__ 0.0034209012372630374	false	1.0
verwirren	neg 1.0		off 0.5688828023976387 neg 0.4240258869581647 __DUMMY__ 0.007091310644196584	false	0.5
zahnlos	off 1.0		off 0.565139104425341 neg 0.4277320145663781 __DUMMY__ 0.0071288810082809255	false	1.0
verheeren	neg 1.0		off 0.5807329725142611 neg 0.4123281678261489 __DUMMY__ 0.006938859659589991	false	0.5
hippie	neg 1.0		off 0.5703644386609729 neg 0.42254426303371295 __DUMMY__ 0.007091298305314247	false	0.5
rammen	neg 1.0		off 0.5699804839517244 neg 0.42287452366735734 __DUMMY__ 0.007144992380918189	false	0.5
unlauter	neg 1.0		off 0.5687490931997793 neg 0.42415503863832565 __DUMMY__ 0.007095868161894925	false	0.5
unheilvoll	neg 1.0		off 0.5668575908537211 neg 0.42605104508795405 __DUMMY__ 0.007091364058324774	false	0.5
niedrig	neg 1.0		off 0.5645062979704465 neg 0.4283469102062129 __DUMMY__ 0.007146791823340573	false	0.5
explosion	neg 1.0		off 0.5707430658735978 neg 0.42215904627534884 __DUMMY__ 0.007097887851053406	false	0.5
weichei	off 1.0	off 1.0	off 0.7744643334517867 neg 0.2222246824441449 __DUMMY__ 0.0033109841040685653	false	1.0
minusmensch	off 1.0		off 0.5807281262482966 neg 0.4123290324364497 __DUMMY__ 0.006942841315253805	false	1.0
farblos	neg 1.0		off 0.5694526865394111 neg 0.4234240820129028 __DUMMY__ 0.007123231447686165	false	0.5
unwissend	neg 1.0	neg 1.0	neg 0.6945647077358371 off 0.3020780327515503 __DUMMY__ 0.0033572595126125267	false	1.0
traurig	neg 1.0		off 0.5735215563946187 neg 0.41945468143803577 __DUMMY__ 0.007023762167345708	false	0.5
senkung	neg 1.0		off 0.5662893075644967 neg 0.4266701301780922 __DUMMY__ 0.0070405622574109825	false	0.5
ungleich	neg 1.0	neg 1.0	neg 0.6975955755731179 off 0.2989937679471979 __DUMMY__ 0.0034106564796841914	false	1.0
heikel	neg 1.0		off 0.5631712407171149 neg 0.429664849329827 __DUMMY__ 0.007163909953058121	false	0.5
drosselung	neg 1.0		off 0.5712918518424626 neg 0.4216771048353162 __DUMMY__ 0.007031043322221296	false	0.5
falsch	neg 1.0		off 0.5703508695503317 neg 0.4225694246081269 __DUMMY__ 0.007079705841541439	false	0.5
unzufriedenheit	neg 1.0		off 0.5622912785347391 neg 0.430552733702746 __DUMMY__ 0.007155987762514948	false	0.5
kurz	neg 1.0		off 0.56640513627735 neg 0.42643273954027117 __DUMMY__ 0.007162124182378857	false	0.5
unsinnig	neg 1.0		off 0.564735694364169 neg 0.42815425155343145 __DUMMY__ 0.007110054082399387	false	0.5
penner	off 1.0	off 1.0	off 0.7756289151077136 neg 0.22106417511278234 __DUMMY__ 0.0033069097795040024	false	1.0
seicht	neg 1.0		off 0.5753850187037413 neg 0.41770569409354824 __DUMMY__ 0.006909287202710447	false	0.5
dummheit	off 1.0	off 1.0	off 0.7711008638778613 neg 0.22553288487339893 __DUMMY__ 0.0033662512487398536	false	1.0
unerfreulich	neg 1.0		off 0.5633085759899693 neg 0.4295192852776033 __DUMMY__ 0.007172138732427444	false	0.5
motherfucker	off 1.0	off 1.0	off 0.7741069382419421 neg 0.22254210082326864 __DUMMY__ 0.0033509609347892352	false	1.0
pikiert	neg 1.0		off 0.5699753467427756 neg 0.42298296734947466 __DUMMY__ 0.0070416859077496625	false	0.5
wrack	neg 1.0		off 0.5701633619283711 neg 0.4226278302671556 __DUMMY__ 0.007208807804473216	false	0.5
gangster	neg 1.0		off 0.5703744881920652 neg 0.42253895774392203 __DUMMY__ 0.007086554064012892	false	0.5
krank	neg 1.0		off 0.5719925583416481 neg 0.42095737720737897 __DUMMY__ 0.007050064450973031	false	0.5
reich	neg 1.0		off 0.5690526187851265 neg 0.4239000686861097 __DUMMY__ 0.007047312528763834	false	0.5
gnadenlos	neg 1.0		off 0.5683111152252605 neg 0.42456778803524103 __DUMMY__ 0.007121096739498628	false	0.5
niedergeschlagen	neg 1.0		off 0.5658447462506339 neg 0.4269935450190058 __DUMMY__ 0.0071617087303602715	false	0.5
terrorisieren	off 1.0	off 1.0	off 0.7688225938445238 neg 0.22776182404915396 __DUMMY__ 0.0034155821063222456	false	1.0
sinnlosigkeit	neg 1.0		off 0.565088056852549 neg 0.4277743696248624 __DUMMY__ 0.007137573522588509	false	0.5
behindern	neg 1.0		off 0.5666119727601405 neg 0.4262677233863713 __DUMMY__ 0.0071203038534880785	false	0.5
undemokratisch	neg 1.0		off 0.5678932312223518 neg 0.42502539781118837 __DUMMY__ 0.00708137096645975	false	0.5
wirtschaftskrise	neg 1.0		off 0.5626606540549474 neg 0.4302332243237299 __DUMMY__ 0.007106121621322718	false	0.5
neid	neg 1.0		off 0.5687360659208268 neg 0.4241933319639689 __DUMMY__ 0.007070602115204181	false	0.5
rutschen	neg 1.0		off 0.5612350712946994 neg 0.4315232987357008 __DUMMY__ 0.0072416299695997515	false	0.5
rezession	neg 1.0		off 0.5697524084470692 neg 0.4232890231015828 __DUMMY__ 0.006958568451348231	false	0.5
fehlgeburt	neg 1.0		off 0.5694236881154685 neg 0.42343320519843186 __DUMMY__ 0.007143106686099609	false	0.5
charakterschwach	off 1.0		off 0.5703764409328411 neg 0.4225891363939126 __DUMMY__ 0.007034422673246241	false	1.0
isolation	neg 1.0		off 0.5719386825477729 neg 0.4209592098422393 __DUMMY__ 0.0071021076099879125	false	0.5
ablenkung	neg 1.0		off 0.5672243435065203 neg 0.4256415358839324 __DUMMY__ 0.007134120609547379	false	0.5
pech	neg 1.0		off 0.5698752319890357 neg 0.4230605747179896 __DUMMY__ 0.007064193292974752	false	0.5
vermeidung	neg 1.0		off 0.5716096803989426 neg 0.42134778331459355 __DUMMY__ 0.007042536286463839	false	0.5
dominieren	neg 1.0		off 0.5665784937723083 neg 0.4262737338682556 __DUMMY__ 0.00714777235943608	false	0.5
schwindlig	neg 1.0		off 0.567933606134233 neg 0.4249777200078215 __DUMMY__ 0.007088673857945394	false	0.5
lutscher	neg 1.0		off 0.578253116697297 neg 0.4148387060372862 __DUMMY__ 0.006908177265416908	false	0.5
pflicht	neg 1.0		off 0.5627128329402832 neg 0.43009955147900286 __DUMMY__ 0.0071876155807139176	false	0.5
faschist	off 1.0		off 0.5692586107234948 neg 0.42367280958796966 __DUMMY__ 0.007068579688535431	false	1.0
verschleudern	neg 1.0		off 0.5623967544833944 neg 0.43047352174144765 __DUMMY__ 0.00712972377515798	false	0.5
wenn			off 0.5702141686439954 neg 0.42272381792275193 __DUMMY__ 0.007062013433252604	false	0.0
ehebruch	neg 1.0		off 0.5632357436036506 neg 0.4296333739189304 __DUMMY__ 0.007130882477418936	false	0.5
spott	off 1.0		off 0.5650502035618556 neg 0.4277897994627546 __DUMMY__ 0.00715999697538986	false	1.0
trostlosigkeit	neg 1.0		off 0.5604617113280846 neg 0.43238403515590595 __DUMMY__ 0.007154253516009342	false	0.5
lutschen	neg 1.0		off 0.5720858670068998 neg 0.42081964760040125 __DUMMY__ 0.0070944853926988285	false	0.5
undiszipliniert	neg 1.0		off 0.5725416774995826 neg 0.4204339881649493 __DUMMY__ 0.007024334335468085	false	0.5
kopfschmerz	neg 1.0		off 0.5618328734930418 neg 0.4310517047114049 __DUMMY__ 0.007115421795553164	false	0.5
unvorhergesehen	neg 1.0		off 0.5643210890120903 neg 0.4284778625763533 __DUMMY__ 0.00720104841155656	false	0.5
desinteressiert	neg 1.0		off 0.571916709210937 neg 0.4210534939794168 __DUMMY__ 0.00702979680964607	false	0.5
armselig	off 1.0		off 0.5738407737402846 neg 0.41914982905864545 __DUMMY__ 0.007009397201069906	false	1.0
desaster	neg 1.0		off 0.5606167811509204 neg 0.43221365295381525 __DUMMY__ 0.007169565895264337	false	0.5
tod	neg 1.0		off 0.5645576381650539 neg 0.42827869998636814 __DUMMY__ 0.007163661848577848	false	0.5
herzlos	neg 1.0		off 0.5733134452400916 neg 0.4196736660793473 __DUMMY__ 0.0070128886805610946	false	0.5
unwissenheit	neg 1.0		off 0.5646048105918017 neg 0.42825786905794283 __DUMMY__ 0.007137320350255436	false	0.5
widersinnig	neg 1.0		off 0.5643319010632161 neg 0.42856723257498286 __DUMMY__ 0.007100866361800988	false	0.5
bedenklich	neg 1.0		off 0.5635535294890263 neg 0.4293053766945616 __DUMMY__ 0.007141093816412222	false	0.5
beanstanden	neg 1.0		off 0.5642000498112959 neg 0.4286058436244785 __DUMMY__ 0.0071941065642255365	false	0.5
panisch	neg 1.0		off 0.5695620185520799 neg 0.4233208307378943 __DUMMY__ 0.007117150710025841	false	0.5
debil	off 1.0		off 0.5598733590540956 neg 0.4328634440152325 __DUMMY__ 0.007263196930671822	false	1.0
abstrich	neg 1.0		off 0.5690150819346385 neg 0.42381366017541733 __DUMMY__ 0.007171257889944229	false	0.5
primitiv	neg 1.0		off 0.5719141776869578 neg 0.42105806068418244 __DUMMY__ 0.007027761628859641	false	0.5
abschaum	off 1.0	off 1.0	off 0.7732287034704094 neg 0.22340617237771376 __DUMMY__ 0.00336512415187683	false	1.0
provozieren	neg 1.0		off 0.5669282212338643 neg 0.4259710081187935 __DUMMY__ 0.007100770647342154	false	0.5
tot	neg 1.0		off 0.5667186490089904 neg 0.4261249288116778 __DUMMY__ 0.007156422179331857	false	0.5
instabil	neg 1.0		off 0.5740018799271943 neg 0.4189973890840971 __DUMMY__ 0.0070007309887085796	false	0.5
schwuchtel	off 1.0	off 1.0	off 0.779034432624857 neg 0.21769718530317586 __DUMMY__ 0.003268382071967004	false	1.0
zerren	neg 1.0		off 0.5655636289002189 neg 0.427275932734142 __DUMMY__ 0.007160438365639089	false	0.5
kinderficker	off 1.0		off 0.5758298429587952 neg 0.41718580782768416 __DUMMY__ 0.006984349213520624	false	1.0
gefahr	neg 1.0		off 0.5640345779424584 neg 0.4287714693748171 __DUMMY__ 0.007193952682724583	false	0.5
rabiat	neg 1.0		off 0.5651494480278929 neg 0.4277365546828655 __DUMMY__ 0.007113997289241768	false	0.5
verlangsamung	neg 1.0		off 0.5772209292619597 neg 0.4158158793152985 __DUMMY__ 0.006963191422741817	false	0.5
ausgestorben	neg 1.0		off 0.5660613014545889 neg 0.42680234712998477 __DUMMY__ 0.0071363514154264155	false	0.5
anklagen	neg 1.0		off 0.5652069283018326 neg 0.42766412333962867 __DUMMY__ 0.007128948358538599	false	0.5
trott	neg 1.0		off 0.5675173224981319 neg 0.42535333490921856 __DUMMY__ 0.007129342592649695	false	0.5
verminderung	neg 1.0		off 0.5712442878786251 neg 0.4217194193274922 __DUMMY__ 0.007036292793882575	false	0.5
nach			off 0.5611793456190464 neg 0.4315524628682523 __DUMMY__ 0.007268191512701366	false	0.0
rost	neg 1.0		off 0.5799340654471273 neg 0.41309017549479693 __DUMMY__ 0.0069757590580756595	false	0.5
destruktiv	neg 1.0		off 0.5653474740538874 neg 0.4275508387034096 __DUMMY__ 0.007101687242703099	false	0.5
unzumutbarkeit	neg 1.0		off 0.5747679523400664 neg 0.41814596890393735 __DUMMY__ 0.007086078755996188	false	0.5
labil	off 1.0	off 1.0	off 0.7727556753804014 neg 0.22387843819551875 __DUMMY__ 0.003365886424079815	false	1.0
ziemlich	neg 1.0		off 0.5721443616772213 neg 0.42078736113953236 __DUMMY__ 0.00706827718324622	false	0.5
lachnummer	off 1.0		off 0.5671959336120928 neg 0.4256878248247213 __DUMMY__ 0.007116241563185914	false	1.0
oder			off 0.5684819412859783 neg 0.42438453614272703 __DUMMY__ 0.007133522571294772	false	0.0
verfall	neg 1.0		off 0.5590957967665219 neg 0.4337135768855636 __DUMMY__ 0.007190626347914596	false	0.5
ausgrenzung	neg 1.0		off 0.5680788989525878 neg 0.4248361967077064 __DUMMY__ 0.007084904339705931	false	0.5
unordnung	neg 1.0		off 0.5774535763488783 neg 0.41551002227000566 __DUMMY__ 0.007036401381116084	false	0.5
fehlverhalten	neg 1.0		off 0.5635035784378309 neg 0.4293359793427391 __DUMMY__ 0.007160442219429926	false	0.5
eine			off 0.5622614536891718 neg 0.4305513750778988 __DUMMY__ 0.007187171232929331	false	0.0
nille	neg 1.0		off 0.5680807088935164 neg 0.4247894682781962 __DUMMY__ 0.007129822828287431	false	0.5
qual	neg 1.0		off 0.567093828085629 neg 0.42577565749524704 __DUMMY__ 0.007130514419123899	false	0.5
verschwenden	neg 1.0		off 0.5624293340581071 neg 0.4304215135298717 __DUMMY__ 0.00714915241202121	false	0.5
riesig	neg 1.0		off 0.5664353085575279 neg 0.426373290847829 __DUMMY__ 0.007191400594643201	false	0.5
verurteilen	neg 1.0		off 0.5645159039393928 neg 0.4283573118700836 __DUMMY__ 0.007126784190523757	false	0.5
klischee	neg 1.0	neg 1.0	neg 0.6949504343173246 off 0.3016864293163538 __DUMMY__ 0.0033631363663215383	false	1.0
diktatorisch	neg 1.0		off 0.5672354796543657 neg 0.42569449684872357 __DUMMY__ 0.00707002349691059	false	0.5
vorhersehbar	neg 1.0		off 0.5676655573819265 neg 0.4252724995236129 __DUMMY__ 0.007061943094460567	false	0.5
sowie			off 0.574104570701122 neg 0.41892301883531485 __DUMMY__ 0.006972410463563119	false	0.0
stornieren	neg 1.0		off 0.5749415563742123 neg 0.4178886581726198 __DUMMY__ 0.007169785453167875	false	0.5
besteuerung	neg 1.0	neg 1.0	neg 0.6972468869540782 off 0.2993903703559709 __DUMMY__ 0.003362742689950984	false	1.0
ungeschminkt	neg 1.0		off 0.5733773711592266 neg 0.4195804452823906 __DUMMY__ 0.007042183558382704	false	0.5
kritisch	neg 1.0		off 0.5650677130772331 neg 0.4277871073961278 __DUMMY__ 0.007145179526638975	false	0.5
schlamperei	off 1.0		off 0.5644287313554732 neg 0.4284094059738706 __DUMMY__ 0.007161862670656151	false	1.0
sucht	neg 1.0	neg 1.0	neg 0.6934244057055241 off 0.30316255399907466 __DUMMY__ 0.0034130402954012044	false	1.0
egoistisch	off 1.0	off 1.0	off 0.7754272798897657 neg 0.22124408693077333 __DUMMY__ 0.0033286331794609367	false	1.0
ausbeuter	off 1.0		off 0.5616382093977144 neg 0.43122413058394227 __DUMMY__ 0.007137660018343368	false	1.0
arschgeburt	off 1.0		off 0.5829462047426595 neg 0.41016758205669634 __DUMMY__ 0.006886213200644333	false	1.0
schubs	neg 1.0		off 0.5639120607548395 neg 0.4289495421425587 __DUMMY__ 0.007138397102601688	false	0.5
unsolide	neg 1.0		off 0.568808805999764 neg 0.4241103069225295 __DUMMY__ 0.0070808870777066555	false	0.5
beschwerde	neg 1.0		off 0.5660547917735164 neg 0.42679505281417107 __DUMMY__ 0.0071501554123126	false	0.5
stocken	neg 1.0		off 0.5652854055238166 neg 0.42755249465081846 __DUMMY__ 0.007162099825364949	false	0.5
isolieren	neg 1.0		off 0.5660818783164501 neg 0.4267689474512668 __DUMMY__ 0.007149174232283251	false	0.5
unheilbar	neg 1.0		off 0.5657420515016921 neg 0.42715562254447836 __DUMMY__ 0.007102325953829567	false	0.5
pisser	off 1.0	off 1.0	off 0.7754309622697882 neg 0.22121195493928208 __DUMMY__ 0.003357082790929714	false	1.0
löschen	neg 1.0		off 0.5681369503468253 neg 0.4247394804573824 __DUMMY__ 0.00712356919579227	false	0.5
durchfallen	neg 1.0		off 0.5646913424737513 neg 0.4281647302279294 __DUMMY__ 0.007143927298319286	false	0.5
wichser	off 1.0	off 1.0	off 0.7768498927903986 neg 0.21986302896211263 __DUMMY__ 0.0032870782474888026	false	1.0
terror	neg 1.0		off 0.5708397292353827 neg 0.4220599909415533 __DUMMY__ 0.007100279823063966	false	0.5
krass	neg 1.0		off 0.5751338166540189 neg 0.41786833176836985 __DUMMY__ 0.006997851577611267	false	0.5
revolte	neg 1.0		off 0.5664285012864837 neg 0.4265449298588605 __DUMMY__ 0.007026568854655889	false	0.5
besorgt	neg 1.0		off 0.5672910315799502 neg 0.42553705242982276 __DUMMY__ 0.007171915990226925	false	0.5
nachlassen	neg 1.0		off 0.5656631977768893 neg 0.42716835009633297 __DUMMY__ 0.0071684521267777355	false	0.5
alt	neg 1.0		off 0.5610048265378632 neg 0.43189257309762746 __DUMMY__ 0.00710260036450944	false	0.5
hundesohn	off 1.0	off 1.0	off 0.7778673843722673 neg 0.21882042281926137 __DUMMY__ 0.0033121928084713427	false	1.0
als			off 0.5646576562225231 neg 0.4282088190099057 __DUMMY__ 0.007133524767571228	false	0.0
abschreckung	neg 1.0		off 0.5625089775875881 neg 0.43032748875964005 __DUMMY__ 0.007163533652771736	false	0.5
unqualifiziert	neg 1.0		off 0.5699973448766564 neg 0.4229370166579758 __DUMMY__ 0.007065638465367846	false	0.5
abgewichst	off 1.0		off 0.568014117760621 neg 0.42484267171953616 __DUMMY__ 0.007143210519842882	false	1.0
schwer	neg 1.0		off 0.5657853571338077 neg 0.4270955551947613 __DUMMY__ 0.007119087671430996	false	0.5
bedeutungslosigkeit	neg 1.0		off 0.5629359065569001 neg 0.42990501941315307 __DUMMY__ 0.007159074029947048	false	0.5
kapitulation	neg 1.0		off 0.5626693679540471 neg 0.4302150818747428 __DUMMY__ 0.007115550171210074	false	0.5
unscharf	neg 1.0		off 0.5655088868045299 neg 0.42744653946490163 __DUMMY__ 0.007044573730568449	false	0.5
schwinden	neg 1.0		off 0.5629206845609283 neg 0.4299253109956461 __DUMMY__ 0.007154004443425509	false	0.5
versklavung	neg 1.0	neg 1.0	neg 0.6960081893843161 off 0.3006186453357316 __DUMMY__ 0.0033731652799524024	false	1.0
schlecht	neg 1.0		off 0.5725136674560621 neg 0.4204148761581973 __DUMMY__ 0.007071456385740511	false	0.5
verhasst	neg 1.0		off 0.5672344227338214 neg 0.42567582825826794 __DUMMY__ 0.007089749007910646	false	0.5
beschweren	neg 1.0		off 0.5692600879440003 neg 0.4236269462054208 __DUMMY__ 0.007112965850578938	false	0.5
scheiden	neg 1.0		off 0.5672653198567478 neg 0.4256138051385707 __DUMMY__ 0.007120875004681572	false	0.5
frustriert	neg 1.0		off 0.5659500347267308 neg 0.42691052030794274 __DUMMY__ 0.007139444965326488	false	0.5
schimmelig	neg 1.0		off 0.5638396181822469 neg 0.4290287254225502 __DUMMY__ 0.007131656395202872	false	0.5
fisch	neg 1.0		off 0.5597580563849353 neg 0.43309953342071494 __DUMMY__ 0.007142410194349708	false	0.5
schmuggel	neg 1.0		off 0.5638419671806735 neg 0.4289530809011481 __DUMMY__ 0.007204951918178419	false	0.5
auffallen	neg 1.0		off 0.5688911164653402 neg 0.42401189454665283 __DUMMY__ 0.007096988988006903	false	0.5
konkurrenz	neg 1.0		off 0.5643752968351081 neg 0.42843498590900536 __DUMMY__ 0.007189717255886532	false	0.5
teufelskreis	neg 1.0	neg 1.0	neg 0.6976803797012612 off 0.2989391529249116 __DUMMY__ 0.0033804673738273717	false	1.0
aufschreien	neg 1.0		off 0.5681418988027938 neg 0.4247862699010646 __DUMMY__ 0.007071831296141606	false	0.5
schuldner	neg 1.0		off 0.5613842108164131 neg 0.43148064164298733 __DUMMY__ 0.007135147540599487	false	0.5
missgeburt	off 1.0	off 1.0	off 0.7781802509699247 neg 0.21848411142643778 __DUMMY__ 0.0033356376036375104	false	1.0
arbeitslos	neg 1.0		off 0.5647113825621043 neg 0.42814233215731967 __DUMMY__ 0.007146285280576003	false	0.5
befallen	neg 1.0		off 0.5651894015535964 neg 0.42769891014748185 __DUMMY__ 0.007111688298921555	false	0.5
miesepetrig	off 1.0	off 1.0	off 0.7724286075668141 neg 0.22421108335838857 __DUMMY__ 0.003360309074797317	false	1.0
alarmieren	neg 1.0		off 0.5711178874752028 neg 0.4218116829553771 __DUMMY__ 0.00707042956942029	false	0.5
ungeduscht	off 1.0		off 0.5699104861375994 neg 0.42303112019496314 __DUMMY__ 0.007058393667437489	false	1.0
knappheit	neg 1.0		off 0.5638127038256221 neg 0.4290674405778626 __DUMMY__ 0.007119855596515249	false	0.5
schlange	neg 1.0		off 0.5683209304059081 neg 0.42454644976986733 __DUMMY__ 0.007132619824224492	false	0.5
harsch	neg 1.0		off 0.578861808385157 neg 0.4140743176497069 __DUMMY__ 0.007063873965135988	false	0.5
lang	neg 1.0		off 0.5687909711339102 neg 0.4240922404242257 __DUMMY__ 0.007116788441864229	false	0.5
ziellos	neg 1.0		off 0.5645605505777588 neg 0.4282608180486532 __DUMMY__ 0.007178631373587916	false	0.5
selbstverliebt	neg 1.0		off 0.5806974634037119 neg 0.4123815777227941 __DUMMY__ 0.0069209588734941725	false	0.5
beseitigen	neg 1.0		off 0.5712831918642802 neg 0.42153535324817554 __DUMMY__ 0.007181454887544019	false	0.5
dumm	off 1.0		off 0.5759981439237659 neg 0.4170347311068272 __DUMMY__ 0.006967124969407011	false	1.0
arbeitsloser	neg 1.0		off 0.5670061628911787 neg 0.425815273933984 __DUMMY__ 0.0071785631748373414	false	0.5
blitzen	neg 1.0		off 0.5700072115290854 neg 0.4229197231478736 __DUMMY__ 0.00707306532304103	false	0.5
hilflos	neg 1.0		off 0.5647110167031754 neg 0.42814558575416606 __DUMMY__ 0.007143397542658444	false	0.5
eklig	off 1.0		off 0.5753827999972178 neg 0.41767122435213505 __DUMMY__ 0.006945975650647303	false	1.0
begriff			off 0.5660219243709107 neg 0.42686003513564214 __DUMMY__ 0.007118040493447099	false	0.0
hungersnot	neg 1.0		off 0.562548625231265 neg 0.43034897087643925 __DUMMY__ 0.007102403892295636	false	0.5
ungesetzlich	neg 1.0		off 0.5675943455280159 neg 0.425330040739997 __DUMMY__ 0.007075613731987122	false	0.5
verschwendung	neg 1.0		off 0.5629466545507038 neg 0.4298940686406828 __DUMMY__ 0.007159276808613518	false	0.5
schmerzvoll	neg 1.0		off 0.5672789508325938 neg 0.42562862474331653 __DUMMY__ 0.007092424424089565	false	0.5
vorzeitig	neg 1.0		off 0.572828533766848 neg 0.4200852713982031 __DUMMY__ 0.007086194834948855	false	0.5
unvollkommenheit	neg 1.0		off 0.5659527825473966 neg 0.42691031231376075 __DUMMY__ 0.007136905138842711	false	0.5
intervenieren	neg 1.0		off 0.5624011773135196 neg 0.4304644803126027 __DUMMY__ 0.007134342373877621	false	0.5
banause	off 1.0		off 0.5748433104559431 neg 0.41825439185505947 __DUMMY__ 0.006902297688997434	false	1.0
rebell	neg 1.0		off 0.5604699945932801 neg 0.43233520709112827 __DUMMY__ 0.00719479831559171	false	0.5
unlogisch	neg 1.0		off 0.5729404642395436 neg 0.4200410690518026 __DUMMY__ 0.007018466708653803	false	0.5
leiden	neg 1.0		off 0.5645463768426537 neg 0.4282474481588151 __DUMMY__ 0.007206174998531236	false	0.5
abschaffung	neg 1.0		off 0.5668493865626446 neg 0.42606077104199275 __DUMMY__ 0.0070898423953627224	false	0.5
sturz	neg 1.0		off 0.5726661928531475 neg 0.42018002860741566 __DUMMY__ 0.0071537785394368775	false	0.5
verkleinerung	neg 1.0		off 0.5686135033336214 neg 0.4243433746721327 __DUMMY__ 0.007043121994245878	false	0.5
schmarotzer	off 1.0		off 0.564753575269966 neg 0.42811977883847196 __DUMMY__ 0.007126645891561957	false	1.0
bestrafung	neg 1.0	neg 1.0	neg 0.695536951132467 off 0.3010678436511635 __DUMMY__ 0.0033952052163694975	false	1.0
achtlos	neg 1.0		off 0.566093745123913 neg 0.4267655480195163 __DUMMY__ 0.00714070685657054	false	0.5
ungeheuer	neg 1.0		off 0.5662988564037892 neg 0.4266032692088558 __DUMMY__ 0.007097874387355135	false	0.5
