unsolidarisch	neg 1.0		__DUMMY__ 0.879333634683769 off 0.0684210711158105 neg 0.05224529420042052	false	0.5
nachteilig	neg 1.0		__DUMMY__ 0.8885336869561724 off 0.06362727339679647 neg 0.04783903964703116	false	0.5
skeptisch	neg 1.0		__DUMMY__ 0.8868297647335485 off 0.06249608685015625 neg 0.05067414841629531	false	0.5
schrecklich	neg 1.0		__DUMMY__ 0.8745511347754654 off 0.07624884159075672 neg 0.04920002363377785	false	0.5
schlapp	neg 1.0	neg 1.0	neg 0.5080869169870905 __DUMMY__ 0.43710724702370707 off 0.054805835989202446	false	1.0
abfall	neg 1.0		__DUMMY__ 0.8907140517966639 off 0.05931777281053568 neg 0.04996817539280038	false	0.5
widerspenstig	neg 1.0		__DUMMY__ 0.8822721102970548 off 0.06629433441484914 neg 0.051433555288096025	false	0.5
abrupt	neg 1.0		__DUMMY__ 0.8868242263572527 off 0.06171666630904333 neg 0.051459107333703985	false	0.5
unwirksam	neg 1.0		__DUMMY__ 0.8781186428510085 off 0.06772191845568003 neg 0.05415943869331143	false	0.5
angreifen	neg 1.0		__DUMMY__ 0.8870968829328391 off 0.06198382765830365 neg 0.050919289408857364	false	0.5
inkonsistent	neg 1.0		__DUMMY__ 0.8792423998927896 off 0.06960872321884375 neg 0.05114887688836661	false	0.5
abrutschen	neg 1.0		__DUMMY__ 0.8900013850404859 off 0.05898958635608017 neg 0.0510090286034339	false	0.5
unsicher	neg 1.0		__DUMMY__ 0.8837839220625608 off 0.06702073530728486 neg 0.049195342630154265	false	0.5
bauernkind	off 1.0	off 1.0	off 0.5292762101889661 __DUMMY__ 0.43151169495491415 neg 0.03921209485611979	false	1.0
angreifer	neg 1.0		__DUMMY__ 0.8833700136090703 off 0.07100984551454195 neg 0.0456201408763878	false	0.5
trennen	neg 1.0		__DUMMY__ 0.8886693194455472 off 0.0615083841348152 neg 0.049822296419637604	false	0.5
schmutz	neg 1.0		__DUMMY__ 0.8892174645514263 off 0.06992371104335283 neg 0.040858824405220914	false	0.5
inkonsistenz	neg 1.0		__DUMMY__ 0.8779472423474662 off 0.07216943546389501 neg 0.04988332218863883	false	0.5
erschreckend	neg 1.0		__DUMMY__ 0.8831011544249255 off 0.06651467059620304 neg 0.05038417497887146	false	0.5
ertrinken	neg 1.0		__DUMMY__ 0.8866336403016117 off 0.061370626447030556 neg 0.0519957332513577	false	0.5
pickelface	off 1.0		__DUMMY__ 0.8840771154829259 off 0.0676857823620082 neg 0.04823710215506596	false	1.0
seiner			__DUMMY__ 0.8880727768963983 off 0.06224042035297838 neg 0.04968680275062336	false	0.0
lauch	neg 1.0	neg 1.0	neg 0.5075045817598659 __DUMMY__ 0.4474205117375837 off 0.04507490650255034	false	1.0
unwichtig	neg 1.0		__DUMMY__ 0.8780227837963772 off 0.07211637800120349 neg 0.049860838202419336	false	0.5
steuerhinterziehung	neg 1.0		__DUMMY__ 0.8812272094249902 off 0.06662095814628771 neg 0.052151832428721956	false	0.5
schock	neg 1.0		__DUMMY__ 0.8847878458782474 off 0.06539432732121239 neg 0.049817826800540116	false	0.5
beule	neg 1.0		__DUMMY__ 0.875874530917972 off 0.07410855186683979 neg 0.050016917215188236	false	0.5
vergelten	neg 1.0		__DUMMY__ 0.8757722815372844 off 0.07742596461759443 neg 0.046801753845121315	false	0.5
verdorbenheit	neg 1.0		__DUMMY__ 0.8851511877784748 off 0.06799326091940458 neg 0.046855551302120615	false	0.5
trauma	neg 1.0		__DUMMY__ 0.8813878811990242 off 0.06860101021443543 neg 0.050011108586540384	false	0.5
sinnlos	neg 1.0		__DUMMY__ 0.8813617314929159 off 0.06918665372183215 neg 0.04945161478525209	false	0.5
fettsack	off 1.0	off 1.0	off 0.5304168027794706 __DUMMY__ 0.43203667726082084 neg 0.03754651995970862	false	1.0
feige	off 1.0	off 1.0	off 0.5257631384675994 __DUMMY__ 0.4358481703987099 neg 0.03838869113369077	false	1.0
abdanken	neg 1.0		__DUMMY__ 0.8836270087023321 off 0.06698543332721396 neg 0.049387557970453966	false	0.5
wichtigtuer	off 1.0	off 1.0	off 0.5231898545460203 __DUMMY__ 0.43890728798258566 neg 0.03790285747139397	false	1.0
misslingen	neg 1.0		__DUMMY__ 0.8871641092801815 off 0.06839134599768944 neg 0.04444454472212898	false	0.5
untreu	off 1.0		__DUMMY__ 0.8769246130738388 off 0.07338568603990346 neg 0.04968970088625768	false	1.0
missmutig	neg 1.0		__DUMMY__ 0.877954511625326 off 0.07069970636204541 neg 0.05134578201262856	false	0.5
hurenbock	off 1.0		__DUMMY__ 0.8826905485260892 off 0.06723301230130066 neg 0.05007643917261019	false	1.0
betrunken	neg 1.0		__DUMMY__ 0.8753429903179831 off 0.07507626383951932 neg 0.049580745842497664	false	0.5
korrupt	off 1.0		__DUMMY__ 0.88047087442639 off 0.06626657658528397 neg 0.053262548988325956	false	1.0
unmut	neg 1.0		__DUMMY__ 0.8884963147722313 off 0.06077407992647195 neg 0.05072960530129675	false	0.5
hackfresse	off 1.0		__DUMMY__ 0.8702821129342126 off 0.0808439877625672 neg 0.0488738993032202	false	1.0
aufblasen	neg 1.0		__DUMMY__ 0.8825948061797112 off 0.06730308969980232 neg 0.0501021041204865	false	0.5
gewaltsam	neg 1.0		__DUMMY__ 0.8850503410283168 off 0.06681097086449121 neg 0.048138688107191956	false	0.5
unbeliebtheit	neg 1.0		__DUMMY__ 0.8784504036814738 off 0.07353406944972803 neg 0.04801552686879833	false	0.5
sturheit	neg 1.0		__DUMMY__ 0.8840727984147257 off 0.06648624590212557 neg 0.049440955683148616	false	0.5
kuh	neg 1.0		__DUMMY__ 0.8750447543696093 off 0.07000807478901787 neg 0.05494717084137281	false	0.5
erschrecken	neg 1.0		__DUMMY__ 0.8796474392021548 off 0.07118488404656648 neg 0.049167676751278776	false	0.5
opfer	neg 1.0		__DUMMY__ 0.886703007127501 off 0.06380219944005631 neg 0.049494793432442605	false	0.5
sinken	neg 1.0		__DUMMY__ 0.8871922819499385 off 0.0611806610028699 neg 0.05162705704719153	false	0.5
stinktier	neg 1.0		__DUMMY__ 0.8688980485916329 off 0.07863553956445463 neg 0.052466411843912486	false	0.5
tucke	off 1.0		__DUMMY__ 0.8659157882559796 off 0.08291016093829487 neg 0.051174050805725645	false	1.0
ein			__DUMMY__ 0.8819597924535986 off 0.06603661818202866 neg 0.052003589364372854	false	0.0
abstieg	neg 1.0		__DUMMY__ 0.8882290174383597 off 0.06506776751797762 neg 0.04670321504366279	false	0.5
missverstehen	neg 1.0		__DUMMY__ 0.8797276953737548 off 0.0701056635979763 neg 0.05016664102826884	false	0.5
ergebnislos	neg 1.0		__DUMMY__ 0.8885883441038591 off 0.06356127504053434 neg 0.04785038085560656	false	0.5
unter			__DUMMY__ 0.8962023708771139 off 0.05497463343266891 neg 0.04882299569021721	false	0.0
manipulieren	neg 1.0		__DUMMY__ 0.8873118860362733 off 0.06294852651130575 neg 0.04973958745242083	false	0.5
unbewiesen	neg 1.0		__DUMMY__ 0.8806904289658793 off 0.06869981258515673 neg 0.050609758448963926	false	0.5
verschleppen	neg 1.0		__DUMMY__ 0.8840662046774258 off 0.06460482954225415 neg 0.05132896578031997	false	0.5
weib	off 1.0		__DUMMY__ 0.8680524551665989 off 0.08316469173227155 neg 0.048782853101129675	false	1.0
opposition	neg 1.0		__DUMMY__ 0.8802073083434501 off 0.0686723505567925 neg 0.051120341099757424	false	0.5
verkehrswidrig	neg 1.0		__DUMMY__ 0.879037857938285 off 0.07761780317983225 neg 0.04334433888188261	false	0.5
inkorrekt	neg 1.0		__DUMMY__ 0.8734656349066912 off 0.07634278961008309 neg 0.050191575483225705	false	0.5
vermeiden	neg 1.0		__DUMMY__ 0.8930531689329172 off 0.058381524132359836 neg 0.04856530693472298	false	0.5
abweichung	neg 1.0		__DUMMY__ 0.8868828382863387 off 0.06491388092967273 neg 0.04820328078398844	false	0.5
alkoholisiert	neg 1.0		__DUMMY__ 0.8950746394161192 off 0.061651942128488596 neg 0.04327341845539214	false	0.5
scheiss	off 1.0	off 1.0	off 0.5263920870801967 __DUMMY__ 0.4356094885463464 neg 0.037998424373456914	false	1.0
herausforderung	neg 1.0		__DUMMY__ 0.8858188370774798 off 0.06467287023941515 neg 0.0495082926831051	false	0.5
pervers	off 1.0		__DUMMY__ 0.8656785315494214 off 0.08545181705026847 neg 0.048869651400310084	false	1.0
wackelig	neg 1.0		__DUMMY__ 0.8863945763356105 off 0.06422962968380881 neg 0.04937579398058061	false	0.5
verwickeln	neg 1.0		__DUMMY__ 0.8805177884954394 off 0.06923650372950717 neg 0.050245707775053335	false	0.5
vorwand	neg 1.0		__DUMMY__ 0.887769105679647 off 0.06153313507077099 neg 0.050697759249582156	false	0.5
muschi	off 1.0		__DUMMY__ 0.8858987935481174 off 0.06660279239940989 neg 0.04749841405247269	false	1.0
entmutigung	neg 1.0		__DUMMY__ 0.8770138012333266 off 0.06999024134763773 neg 0.05299595741903572	false	0.5
unangemessen	neg 1.0		__DUMMY__ 0.8835289280393911 off 0.06611537414218907 neg 0.0503556978184199	false	0.5
unstetig	neg 1.0		__DUMMY__ 0.8811262786600259 off 0.0710809356862674 neg 0.047792785653706676	false	0.5
entmutigen	neg 1.0		__DUMMY__ 0.8804723807630583 off 0.06803137851017912 neg 0.051496240726762565	false	0.5
schwanz	neg 1.0		__DUMMY__ 0.8873915807754525 off 0.06433147193011102 neg 0.04827694729443653	false	0.5
verbot	neg 1.0		__DUMMY__ 0.8829819151482713 off 0.06595351497700526 neg 0.05106456987472348	false	0.5
leid	neg 1.0		__DUMMY__ 0.8728543575416639 off 0.07782588909480345 neg 0.049319753363532684	false	0.5
archaisch	neg 1.0		__DUMMY__ 0.8833932843762204 off 0.06575781393641289 neg 0.0508489016873667	false	0.5
gegen			__DUMMY__ 0.8897540298507538 off 0.06129843888551568 neg 0.04894753126373052	false	0.0
scheidung	neg 1.0		__DUMMY__ 0.8691775611660154 off 0.08908747170634869 neg 0.04173496712763597	false	0.5
einschlag	neg 1.0		__DUMMY__ 0.878066653768569 off 0.07653443226619917 neg 0.04539891396523189	false	0.5
m			__DUMMY__ 0.8860663886837773 off 0.06487942339298308 neg 0.04905418792323971	false	0.0
abgestanden	neg 1.0		__DUMMY__ 0.8780159004479083 off 0.06664427674503025 neg 0.0553398228070614	false	0.5
schmierig	off 1.0		__DUMMY__ 0.8726971276384641 off 0.07756066041396335 neg 0.04974221194757263	false	1.0
unpraktisch	neg 1.0		__DUMMY__ 0.882850816606506 off 0.06825199266017837 neg 0.04889719073331566	false	0.5
wixxer	off 1.0		__DUMMY__ 0.8645906020206016 off 0.08587751629865482 neg 0.04953188168074358	false	1.0
bezeichnet			__DUMMY__ 0.8831022398010315 off 0.06758442001026067 neg 0.04931334018870776	false	0.0
jammerlappen	off 1.0		__DUMMY__ 0.8778246248464112 off 0.07242769365934469 neg 0.04974768149424408	false	1.0
farce	neg 1.0		__DUMMY__ 0.8810150950249637 off 0.06754453817336437 neg 0.05144036680167187	false	0.5
zwecklos	neg 1.0		__DUMMY__ 0.8836991455877223 off 0.06514256528746024 neg 0.05115828912481743	false	0.5
turbulent	neg 1.0		__DUMMY__ 0.877447134967486 off 0.07447387514096859 neg 0.048078989891545354	false	0.5
invasion	neg 1.0		__DUMMY__ 0.8808377561788494 off 0.06983994509101374 neg 0.04932229873013685	false	0.5
schuld	neg 1.0		__DUMMY__ 0.881480214255943 off 0.06853294835576987 neg 0.04998683738828707	false	0.5
risiko	neg 1.0		__DUMMY__ 0.881084219698543 off 0.06944156066117282 neg 0.04947421964028412	false	0.5
finster	neg 1.0		__DUMMY__ 0.8813309331574336 off 0.0662665819780824 neg 0.052402484864483984	false	0.5
geisteskrank	off 1.0		__DUMMY__ 0.8747935886061852 off 0.07506504911480782 neg 0.05014136227900694	false	1.0
zusammenbrechen	neg 1.0		__DUMMY__ 0.8838042798086745 off 0.06528625218392517 neg 0.05090946800740025	false	0.5
ausbeute	neg 1.0		__DUMMY__ 0.8862144463782653 off 0.06567406805292529 neg 0.04811148556880939	false	0.5
hinterhalt	neg 1.0		__DUMMY__ 0.8849502679514551 off 0.06547110665926731 neg 0.049578625389277646	false	0.5
kritik	neg 1.0		__DUMMY__ 0.8807904061870964 off 0.06728866478441525 neg 0.05192092902848836	false	0.5
einschrumpfen	neg 1.0		__DUMMY__ 0.8767239501922063 off 0.07264303101222089 neg 0.05063301879557284	false	0.5
riskant	neg 1.0		__DUMMY__ 0.886472838910574 off 0.06274959956206314 neg 0.050777561527362854	false	0.5
frustrieren	neg 1.0		__DUMMY__ 0.8850353908741153 off 0.06366280055490256 neg 0.0513018085709822	false	0.5
groll	neg 1.0		__DUMMY__ 0.8847525187056635 off 0.06533797629657544 neg 0.04990950499776092	false	0.5
gibt			__DUMMY__ 0.8850800315910482 off 0.06488668857145509 neg 0.05003327983749675	false	0.0
qualvoll	neg 1.0		__DUMMY__ 0.8804717966044682 off 0.06917094685796822 neg 0.05035725653756358	false	0.5
wackeln	neg 1.0		__DUMMY__ 0.8836649776320782 off 0.0668241838619434 neg 0.04951083850597837	false	0.5
klagen	neg 1.0		__DUMMY__ 0.8872760923451722 off 0.061835414011015596 neg 0.050888493643812135	false	0.5
bankrott	neg 1.0		__DUMMY__ 0.8812149566424872 off 0.07166715120501138 neg 0.047117892152501395	false	0.5
trauern	neg 1.0		__DUMMY__ 0.8898124388435238 off 0.0626739077639129 neg 0.04751365339256326	false	0.5
ablehnung	neg 1.0		__DUMMY__ 0.8825077137595371 off 0.06670772255288167 neg 0.05078456368758125	false	0.5
stur	neg 1.0		__DUMMY__ 0.8806977715666222 off 0.06849400941787696 neg 0.05080821901550083	false	0.5
aufruhr	neg 1.0		__DUMMY__ 0.8808092360553351 off 0.06738010095588248 neg 0.051810662988782355	false	0.5
melancholie	neg 1.0		__DUMMY__ 0.8853694317365571 off 0.06193502257056415 neg 0.0526955456928787	false	0.5
ist			__DUMMY__ 0.8812530534448956 off 0.06892000701674764 neg 0.04982693953835681	false	0.0
torheit	neg 1.0		__DUMMY__ 0.8809116334573004 off 0.06864388123264026 neg 0.05044448531005939	false	0.5
dreckskind	off 1.0		__DUMMY__ 0.8692812290838283 off 0.082143500528842 neg 0.04857527038732971	false	1.0
umtauschen	neg 1.0		__DUMMY__ 0.8839888337933512 off 0.06606700857010253 neg 0.04994415763654628	false	0.5
zum			__DUMMY__ 0.8960104819932014 off 0.05840471642879096 neg 0.04558480157800753	false	0.0
zersetzen	neg 1.0		__DUMMY__ 0.8855511576574251 off 0.06264725961225123 neg 0.051801582730323724	false	0.5
zur			__DUMMY__ 0.8929002023675906 off 0.058725693800399124 neg 0.04837410383201018	false	0.0
frust	neg 1.0		__DUMMY__ 0.8839328271033495 off 0.0650800848876716 neg 0.05098708800897879	false	0.5
unerbittlichkeit	neg 1.0		__DUMMY__ 0.886803359412739 off 0.06345882324103089 neg 0.04973781734623002	false	0.5
zwei			__DUMMY__ 0.8932206068368096 off 0.05793035867244666 neg 0.04884903449074373	false	0.0
unkorrekt	neg 1.0		__DUMMY__ 0.8748875224217345 off 0.07490203107503937 neg 0.05021044650322613	false	0.5
hexe	off 1.0		__DUMMY__ 0.8764573772529544 off 0.07174607169245194 neg 0.051796551054593715	false	1.0
lasch	neg 1.0		__DUMMY__ 0.8786168669939537 off 0.07161822296567072 neg 0.049764910040375615	false	0.5
rivale	neg 1.0		__DUMMY__ 0.8757566835054671 off 0.07624128648635746 neg 0.0480020300081754	false	0.5
mutlos	off 1.0	off 1.0	off 0.5190618632182672 __DUMMY__ 0.4418928014467547 neg 0.03904533533497796	false	1.0
wirr	off 1.0		__DUMMY__ 0.8730585353624644 off 0.07690387887842402 neg 0.050037585759111575	false	1.0
jahr			__DUMMY__ 0.8919599283320301 off 0.06224927834232285 neg 0.04579079332564708	false	0.0
wird			__DUMMY__ 0.8859309455718599 off 0.06421464500596849 neg 0.0498544094221716	false	0.0
strafbar	neg 1.0		__DUMMY__ 0.8859673641181246 off 0.063319523335043 neg 0.050713112546832494	false	0.5
erosion	neg 1.0		__DUMMY__ 0.8836090428625852 off 0.06724515638513867 neg 0.049145800752276134	false	0.5
eingehen	neg 1.0		__DUMMY__ 0.884553866034696 off 0.06349611013245161 neg 0.05195002383285246	false	0.5
faul	off 1.0		__DUMMY__ 0.8802412868240701 off 0.07125402946226585 neg 0.04850468371366399	false	1.0
provisorium	neg 1.0		__DUMMY__ 0.8966377861940668 off 0.05494096586176223 neg 0.04842124794417101	false	0.5
schmerzen	neg 1.0		__DUMMY__ 0.8823142972450473 off 0.06542497882609839 neg 0.05226072392885433	false	0.5
schrumpfen	neg 1.0		__DUMMY__ 0.8888668278168737 off 0.05887678040676653 neg 0.05225639177635985	false	0.5
geistlos	off 1.0		__DUMMY__ 0.8773790272659058 off 0.07052074243045738 neg 0.05210023030363688	false	1.0
fehlkauf	neg 1.0		__DUMMY__ 0.880304340060621 off 0.06988994358897277 neg 0.04980571635040619	false	0.5
frustrierend	neg 1.0		__DUMMY__ 0.8785383792904247 off 0.07111747965174024 neg 0.050344141057835017	false	0.5
unzufrieden	neg 1.0		__DUMMY__ 0.8846426935904252 off 0.0649609243914657 neg 0.05039638201810912	false	0.5
verzweifeln	neg 1.0		__DUMMY__ 0.8837865021149134 off 0.06617658409632161 neg 0.05003691378876502	false	0.5
verzweifelt	neg 1.0		__DUMMY__ 0.8808469005716891 off 0.06856077218827798 neg 0.050592327240032764	false	0.5
misstrauensantrag	neg 1.0		__DUMMY__ 0.8807151452797274 off 0.06912413288613922 neg 0.05016072183413344	false	0.5
abfallen	neg 1.0		__DUMMY__ 0.882835663479184 off 0.06699802645234777 neg 0.05016631006846823	false	0.5
fucker	off 1.0		__DUMMY__ 0.8763877027192019 off 0.07593243147982087 neg 0.047679865800977356	false	1.0
ungezogen	neg 1.0		__DUMMY__ 0.8685492315257942 off 0.083048531380135 neg 0.048402237094070676	false	0.5
irrsinnig	neg 1.0	neg 1.0	neg 0.5085941839207723 __DUMMY__ 0.4396485758246281 off 0.05175724025459962	false	1.0
unfassbar	neg 1.0		__DUMMY__ 0.8774574335725477 off 0.073302424032312 neg 0.04924014239514035	false	0.5
hart	neg 1.0		__DUMMY__ 0.8756406648134687 off 0.0734733354584902 neg 0.05088599972804105	false	0.5
widerlich	off 1.0		__DUMMY__ 0.8759725361279439 off 0.07388569417451872 neg 0.050141769697537315	false	1.0
fatal	neg 1.0	neg 1.0	neg 0.5100868088787166 __DUMMY__ 0.43678013872656735 off 0.0531330523947161	false	1.0
bruch	neg 1.0		__DUMMY__ 0.8888939603959044 off 0.06035850210477418 neg 0.050747537499321434	false	0.5
aushungern	neg 1.0		__DUMMY__ 0.8819883294881516 off 0.06618762096545376 neg 0.05182404954639469	false	0.5
anspannung	neg 1.0		__DUMMY__ 0.8930342472941631 off 0.05821227110728594 neg 0.048753481598550974	false	0.5
von			__DUMMY__ 0.8900425607878661 off 0.061576839029270504 neg 0.048380600182863415	false	0.0
kraftlos	neg 1.0		__DUMMY__ 0.8848619953084518 off 0.06421824948082573 neg 0.050919755210722534	false	0.5
vom			__DUMMY__ 0.8986082342061184 off 0.05533436369022485 neg 0.04605740210365682	false	0.0
grenzdebil	off 1.0		__DUMMY__ 0.876339412168114 off 0.0735942787804129 neg 0.05006630905147307	false	1.0
vor			__DUMMY__ 0.8888436011368842 off 0.06057530271677368 neg 0.05058109614634203	false	0.0
unterwerfen	neg 1.0		__DUMMY__ 0.886268879077597 off 0.06394485807643333 neg 0.049786262845969646	false	0.5
versenkung	neg 1.0		__DUMMY__ 0.8869179330502682 off 0.06348061167544533 neg 0.0496014552742864	false	0.5
entziehen	neg 1.0		__DUMMY__ 0.8879302912192427 off 0.06147948657237513 neg 0.05059022220838213	false	0.5
finanzkrise	neg 1.0		__DUMMY__ 0.8773173533489665 off 0.06695617605884134 neg 0.05572647059219208	false	0.5
schimpfend	neg 1.0		__DUMMY__ 0.8845306969395799 off 0.06753145385314185 neg 0.047937849207278185	false	0.5
profan	neg 1.0		__DUMMY__ 0.880225738866721 off 0.06956008057355145 neg 0.0502141805597276	false	0.5
korruption	neg 1.0		__DUMMY__ 0.8819264325777645 off 0.0654770039772255 neg 0.05259656344501009	false	0.5
â			__DUMMY__ 0.8858737503667918 off 0.06423115314444379 neg 0.049895096488764425	false	0.0
schmutzig	neg 1.0		__DUMMY__ 0.8764899518353316 off 0.07374135951339117 neg 0.04976868865127722	false	0.5
sexy	neg 1.0		__DUMMY__ 0.8804140715408941 off 0.07109371438307434 neg 0.04849221407603149	false	0.5
abraten	neg 1.0		__DUMMY__ 0.8821190124304453 off 0.06902372339959581 neg 0.04885726416995884	false	0.5
schwarz	neg 1.0		__DUMMY__ 0.8812530508682899 off 0.06951200938980266 neg 0.049234939741907464	false	0.5
fotze	off 1.0	off 1.0	off 0.5194372864344698 __DUMMY__ 0.44419943534454887 neg 0.03636327822098139	false	1.0
verwirren	neg 1.0		__DUMMY__ 0.8803728721645281 off 0.0698729581703579 neg 0.04975416966511402	false	0.5
zahnlos	off 1.0		__DUMMY__ 0.883190378186667 off 0.06594317521020633 neg 0.0508664466031266	false	1.0
verheeren	neg 1.0		__DUMMY__ 0.8681956560927235 off 0.08460431274737538 neg 0.04720003115990113	false	0.5
hippie	neg 1.0		__DUMMY__ 0.8803031182554684 off 0.07084124929162955 neg 0.04885563245290214	false	0.5
rammen	neg 1.0		__DUMMY__ 0.8857441559134193 off 0.0673604259735159 neg 0.04689541811306482	false	0.5
unlauter	neg 1.0		__DUMMY__ 0.8810198597635296 off 0.06944516981984376 neg 0.0495349704166267	false	0.5
unheilvoll	neg 1.0		__DUMMY__ 0.8808806561986965 off 0.06802623955677842 neg 0.05109310424452514	false	0.5
niedrig	neg 1.0		__DUMMY__ 0.8853546132637059 off 0.06406822282870504 neg 0.05057716390758901	false	0.5
explosion	neg 1.0		__DUMMY__ 0.8810540563621084 off 0.07064083642284298 neg 0.048305107215048486	false	0.5
weichei	off 1.0	off 1.0	off 0.5298487791503944 __DUMMY__ 0.43137005667330763 neg 0.038781164176297955	false	1.0
minusmensch	off 1.0		__DUMMY__ 0.8682608655461088 off 0.0846187792248373 neg 0.04712035522905389	false	1.0
farblos	neg 1.0		__DUMMY__ 0.8839042448233797 off 0.06798323656946287 neg 0.048112518607157415	false	0.5
unwissend	neg 1.0	neg 1.0	neg 0.5086284830053878 __DUMMY__ 0.43662571806628325 off 0.05474579892832894	false	1.0
traurig	neg 1.0		__DUMMY__ 0.8750396438481614 off 0.0758762491111287 neg 0.04908410704070997	false	0.5
senkung	neg 1.0		__DUMMY__ 0.8764847371411575 off 0.07011803989324085 neg 0.053397222965601676	false	0.5
ungleich	neg 1.0	neg 1.0	neg 0.5087067266115007 __DUMMY__ 0.44274346430603767 off 0.048549809082461585	false	1.0
heikel	neg 1.0		__DUMMY__ 0.8862014861308555 off 0.06287630446082447 neg 0.05092220940832011	false	0.5
drosselung	neg 1.0		__DUMMY__ 0.875878079874532 off 0.0737385315213946 neg 0.05038338860407336	false	0.5
falsch	neg 1.0		__DUMMY__ 0.8795423631564565 off 0.07126503544919018 neg 0.04919260139435327	false	0.5
unzufriedenheit	neg 1.0		__DUMMY__ 0.8854239689585068 off 0.06279857823425443 neg 0.05177745280723881	false	0.5
kurz	neg 1.0		__DUMMY__ 0.886331517914068 off 0.06478360907491021 neg 0.04888487301102185	false	0.5
unsinnig	neg 1.0		__DUMMY__ 0.8816947584545798 off 0.06643277204203535 neg 0.051872469503384824	false	0.5
penner	off 1.0	off 1.0	off 0.5313628935752942 __DUMMY__ 0.43078351916006863 neg 0.03785358726463727	false	1.0
seicht	neg 1.0		__DUMMY__ 0.8654696434953065 off 0.08249924628534508 neg 0.05203111021934836	false	0.5
dummheit	off 1.0	off 1.0	off 0.5233746491542772 __DUMMY__ 0.4375568237019741 neg 0.03906852714374877	false	1.0
unerfreulich	neg 1.0		__DUMMY__ 0.88695199025656 off 0.06251573476661093 neg 0.050532274976829036	false	0.5
motherfucker	off 1.0	off 1.0	off 0.5272367403296324 __DUMMY__ 0.4357611752502267 neg 0.037002084420140934	false	1.0
pikiert	neg 1.0		__DUMMY__ 0.8763758503426752 off 0.07279153629219452 neg 0.05083261336513024	false	0.5
wrack	neg 1.0		__DUMMY__ 0.8909121469955297 off 0.0647471814206541 neg 0.044340671583816264	false	0.5
gangster	neg 1.0		__DUMMY__ 0.8799483706616025 off 0.07101161364809368 neg 0.04904001569030384	false	0.5
krank	neg 1.0		__DUMMY__ 0.8773992173348002 off 0.07343754412638519 neg 0.04916323853881453	false	0.5
reich	neg 1.0		__DUMMY__ 0.877379607640639 off 0.07142524881656824 neg 0.0511951435427928	false	0.5
gnadenlos	neg 1.0		__DUMMY__ 0.8826695347786607 off 0.06829610863469972 neg 0.049034356586639516	false	0.5
niedergeschlagen	neg 1.0		__DUMMY__ 0.8862490320333881 off 0.06449291630357447 neg 0.049258051663037435	false	0.5
terrorisieren	off 1.0	off 1.0	off 0.5181297307876614 __DUMMY__ 0.44323535253257457 neg 0.03863491667976397	false	1.0
sinnlosigkeit	neg 1.0		__DUMMY__ 0.8840194289887214 off 0.06541127288250509 neg 0.05056929812877336	false	0.5
behindern	neg 1.0		__DUMMY__ 0.8828302243733164 off 0.06683274710583488 neg 0.05033702852084871	false	0.5
undemokratisch	neg 1.0		__DUMMY__ 0.8794858974193696 off 0.06990821786549496 neg 0.050605884715135475	false	0.5
wirtschaftskrise	neg 1.0		__DUMMY__ 0.8815910808112969 off 0.06510862817958844 neg 0.05330029100911472	false	0.5
neid	neg 1.0		__DUMMY__ 0.8790277042493649 off 0.07037011966859336 neg 0.05060217608204172	false	0.5
rutschen	neg 1.0		__DUMMY__ 0.8929278722332676 off 0.05762766444517501 neg 0.04944446332155731	false	0.5
rezession	neg 1.0		__DUMMY__ 0.8695855498862552 off 0.07636127167156438 neg 0.05405317844218039	false	0.5
fehlgeburt	neg 1.0		__DUMMY__ 0.8855088897773218 off 0.06714004814204219 neg 0.04735106208063601	false	0.5
charakterschwach	off 1.0		__DUMMY__ 0.8757579760618316 off 0.07345138693421642 neg 0.050790637003952	false	1.0
isolation	neg 1.0		__DUMMY__ 0.881458229535567 off 0.07115510561177044 neg 0.04738666485266259	false	0.5
ablenkung	neg 1.0		__DUMMY__ 0.8839146885948852 off 0.06678664166480977 neg 0.04929866974030498	false	0.5
pech	neg 1.0		__DUMMY__ 0.8787349019892995 off 0.07114289192692402 neg 0.05012220608377648	false	0.5
vermeidung	neg 1.0		__DUMMY__ 0.8767003209430951 off 0.07350882426112917 neg 0.04979085479577565	false	0.5
dominieren	neg 1.0		__DUMMY__ 0.8851620500650407 off 0.0656598913345446 neg 0.0491780586004148	false	0.5
schwindlig	neg 1.0		__DUMMY__ 0.8807433825694869 off 0.06872167374574525 neg 0.05053494368476786	false	0.5
lutscher	neg 1.0		__DUMMY__ 0.8656696879084405 off 0.08412861805992719 neg 0.0502016940316324	false	0.5
pflicht	neg 1.0		__DUMMY__ 0.8880244785891889 off 0.0616207343157416 neg 0.050354787095069575	false	0.5
faschist	off 1.0		__DUMMY__ 0.8785192390405615 off 0.07134908193544667 neg 0.05013167902399183	false	1.0
verschleudern	neg 1.0		__DUMMY__ 0.8835668317799364 off 0.06378042077972097 neg 0.05265274744034255	false	0.5
wenn			__DUMMY__ 0.8779242691756298 off 0.07211081452266703 neg 0.04996491630170324	false	0.0
ehebruch	neg 1.0		__DUMMY__ 0.8835076579859702 off 0.06448787322680058 neg 0.05200446878722928	false	0.5
spott	off 1.0		__DUMMY__ 0.8859302605068231 off 0.06438638679523198 neg 0.04968335269794487	false	1.0
trostlosigkeit	neg 1.0		__DUMMY__ 0.885470768085452 off 0.06148397364683766 neg 0.05304525826771037	false	0.5
lutschen	neg 1.0		__DUMMY__ 0.8810288747204982 off 0.07153461911721413 neg 0.04743650616228769	false	0.5
undiszipliniert	neg 1.0		__DUMMY__ 0.8751665543329507 off 0.07507917553231698 neg 0.04975427013473246	false	0.5
kopfschmerz	neg 1.0		__DUMMY__ 0.8829000377504723 off 0.06342159200738497 neg 0.05367837024214275	false	0.5
unvorhergesehen	neg 1.0		__DUMMY__ 0.8899943503316862 off 0.061211918838725524 neg 0.04879373082958828	false	0.5
desinteressiert	neg 1.0		__DUMMY__ 0.8754942843976947 off 0.0745484808890283 neg 0.04995723471327695	false	0.5
armselig	off 1.0		__DUMMY__ 0.8736520771992273 off 0.07695608596583933 neg 0.049391836834933325	false	1.0
desaster	neg 1.0		__DUMMY__ 0.8865284212215875 off 0.06105681933786346 neg 0.05241475944054911	false	0.5
tod	neg 1.0		__DUMMY__ 0.8869795738253161 off 0.0631298961323161 neg 0.04989053004236784	false	0.5
herzlos	neg 1.0		__DUMMY__ 0.8740702913878434 off 0.07629634717150892 neg 0.04963336144064765	false	0.5
unwissenheit	neg 1.0		__DUMMY__ 0.8840672837868335 off 0.06506992616084116 neg 0.050862790052325316	false	0.5
widersinnig	neg 1.0		__DUMMY__ 0.8809870226244678 off 0.06664297486404121 neg 0.052370002511491	false	0.5
bedenklich	neg 1.0		__DUMMY__ 0.8842525859381885 off 0.06421996153060835 neg 0.051527452531203166	false	0.5
beanstanden	neg 1.0		__DUMMY__ 0.8886692162024444 off 0.06224573360913318 neg 0.049085050188422436	false	0.5
panisch	neg 1.0		__DUMMY__ 0.882827815688183 off 0.06881639008702588 neg 0.04835579422479115	false	0.5
debil	off 1.0		__DUMMY__ 0.8948831516163506 off 0.05553072784051269 neg 0.04958612054313668	false	1.0
abstrich	neg 1.0		__DUMMY__ 0.8885317617647763 off 0.0648574837014811 neg 0.04661075453374267	false	0.5
primitiv	neg 1.0		__DUMMY__ 0.8752064748097247 off 0.07477672178763947 neg 0.05001680340263578	false	0.5
abschaum	off 1.0	off 1.0	off 0.5255172838446915 __DUMMY__ 0.4374888470252984 neg 0.03699386913000999	false	1.0
provozieren	neg 1.0		__DUMMY__ 0.8809902223133872 off 0.06828577325724523 neg 0.050724004429367676	false	0.5
tot	neg 1.0		__DUMMY__ 0.8866343338347139 off 0.0646303110291967 neg 0.04873535513608947	false	0.5
instabil	neg 1.0		__DUMMY__ 0.873226247794066 off 0.07719727783907078 neg 0.04957647436686324	false	0.5
schwuchtel	off 1.0	off 1.0	off 0.5372229839717704 __DUMMY__ 0.4262093050826045 neg 0.03656771094562514	false	1.0
zerren	neg 1.0		__DUMMY__ 0.8859730641300961 off 0.06455905733919452 neg 0.049467878530709455	false	0.5
kinderficker	off 1.0		__DUMMY__ 0.8717686537899665 off 0.07934946143378127 neg 0.04888188477625224	false	1.0
gefahr	neg 1.0		__DUMMY__ 0.8887702965872665 off 0.06210123102706252 neg 0.04912847238567108	false	0.5
rabiat	neg 1.0		__DUMMY__ 0.8820618530890327 off 0.06642967028215203 neg 0.05150847662881521	false	0.5
verlangsamung	neg 1.0		__DUMMY__ 0.8702061964620595 off 0.08116300239138736 neg 0.048630801146553125	false	0.5
ausgestorben	neg 1.0		__DUMMY__ 0.8840225876902443 off 0.0659883009028514 neg 0.049989111406904235	false	0.5
anklagen	neg 1.0		__DUMMY__ 0.8835515674627643 off 0.06574433347362171 neg 0.050704099063614026	false	0.5
trott	neg 1.0		__DUMMY__ 0.883487169946096 off 0.06709389349586765 neg 0.049418936558036315	false	0.5
verminderung	neg 1.0		__DUMMY__ 0.8762241778088439 off 0.07348755732970004 neg 0.05028826486145609	false	0.5
nach			__DUMMY__ 0.8950153189882679 off 0.05643870747307354 neg 0.048545973538658596	false	0.0
rost	neg 1.0		__DUMMY__ 0.8714417944101004 off 0.08217997861133296 neg 0.046378226978566604	false	0.5
destruktiv	neg 1.0		__DUMMY__ 0.8811233939420605 off 0.06715916023305436 neg 0.051717445824885036	false	0.5
unzumutbarkeit	neg 1.0		__DUMMY__ 0.8805209552269788 off 0.07362557368940723 neg 0.045853471083613914	false	0.5
labil	off 1.0	off 1.0	off 0.5249827931869543 __DUMMY__ 0.4374956658938572 neg 0.03752154091918851	false	1.0
ziemlich	neg 1.0		__DUMMY__ 0.8786853294275823 off 0.07295567525335539 neg 0.048358995319062376	false	0.5
lachnummer	off 1.0		__DUMMY__ 0.8821602254959073 off 0.06791571626639353 neg 0.04992405823769914	false	1.0
oder			__DUMMY__ 0.8840098849469655 off 0.06750495731410903 neg 0.04848515773892539	false	0.0
verfall	neg 1.0		__DUMMY__ 0.888370127140577 off 0.05895084456983608 neg 0.05267902828958698	false	0.5
ausgrenzung	neg 1.0		__DUMMY__ 0.879875485929025 off 0.06979894142657662 neg 0.05032557264439846	false	0.5
unordnung	neg 1.0		__DUMMY__ 0.8765107459063665 off 0.07760196188492495 neg 0.045887292208708616	false	0.5
fehlverhalten	neg 1.0		__DUMMY__ 0.8858202020697429 off 0.06341062663973468 neg 0.05076917129052246	false	0.5
eine			__DUMMY__ 0.8881183040504549 off 0.06111117871986398 neg 0.05077051722968107	false	0.0
nille	neg 1.0		__DUMMY__ 0.8834610670304192 off 0.06762943271242132 neg 0.048909500257159476	false	0.5
qual	neg 1.0		__DUMMY__ 0.8835641486711155 off 0.06678656353573557 neg 0.04964928779314896	false	0.5
verschwenden	neg 1.0		__DUMMY__ 0.8850652788961747 off 0.06292286954522158 neg 0.052011851558603675	false	0.5
riesig	neg 1.0		__DUMMY__ 0.8892092137617387 off 0.06311499758132402 neg 0.04767578865693738	false	0.5
verurteilen	neg 1.0		__DUMMY__ 0.8831436152058187 off 0.06559281259217355 neg 0.051263572202007716	false	0.5
klischee	neg 1.0	neg 1.0	neg 0.5086732941422893 __DUMMY__ 0.43717243796925953 off 0.05415426788845103	false	1.0
diktatorisch	neg 1.0		__DUMMY__ 0.8785358110129348 off 0.07001490948871471 neg 0.05144927949835049	false	0.5
vorhersehbar	neg 1.0		__DUMMY__ 0.8778263751692951 off 0.07051702189720929 neg 0.051656602933495645	false	0.5
sowie			__DUMMY__ 0.8707695060207736 off 0.0785803739205718 neg 0.05065012005865459	false	0.0
stornieren	neg 1.0		__DUMMY__ 0.88744443554378 off 0.06998316689488661 neg 0.04257239756133327	false	0.5
besteuerung	neg 1.0	neg 1.0	neg 0.5109380374409621 __DUMMY__ 0.4374014255504547 off 0.051660537008583175	false	1.0
ungeschminkt	neg 1.0		__DUMMY__ 0.8769984270195458 off 0.0744362867531017 neg 0.048565286227352504	false	0.5
kritisch	neg 1.0		__DUMMY__ 0.8845715502167238 off 0.06515590138351036 neg 0.05027254839976577	false	0.5
schlamperei	off 1.0		__DUMMY__ 0.8861737467450717 off 0.06381905739581491 neg 0.050007195859113535	false	1.0
sucht	neg 1.0	neg 1.0	neg 0.5045141553619874 __DUMMY__ 0.44377529282648415 off 0.05171055181152845	false	1.0
egoistisch	off 1.0	off 1.0	off 0.5297550752702901 __DUMMY__ 0.4333880883878886 neg 0.036856836341821256	false	1.0
ausbeuter	off 1.0		__DUMMY__ 0.8839467142797475 off 0.06318560340096199 neg 0.052867682319290475	false	1.0
arschgeburt	off 1.0		__DUMMY__ 0.8635886761516346 off 0.08867472815074119 neg 0.047736595697624264	false	1.0
schubs	neg 1.0		__DUMMY__ 0.8849125907867184 off 0.06364551063295422 neg 0.05144189858032749	false	0.5
unsolide	neg 1.0		__DUMMY__ 0.8796581338978225 off 0.07033169526009127 neg 0.05001017084208609	false	0.5
beschwerde	neg 1.0		__DUMMY__ 0.8852428304137854 off 0.06540661360932551 neg 0.04935055597688914	false	0.5
stocken	neg 1.0		__DUMMY__ 0.8862322319909381 off 0.06431072616840759 neg 0.04945704184065429	false	0.5
isolieren	neg 1.0		__DUMMY__ 0.8852946185840519 off 0.0654017751485418 neg 0.04930360626740636	false	0.5
unheilbar	neg 1.0		__DUMMY__ 0.8812217360142671 off 0.0674318750684747 neg 0.05134638891725827	false	0.5
pisser	off 1.0	off 1.0	off 0.5278096451109633 __DUMMY__ 0.4368182361541139 neg 0.035372118734922825	false	1.0
löschen	neg 1.0		__DUMMY__ 0.8830154066811509 off 0.0678428845006819 neg 0.049141708818167276	false	0.5
durchfallen	neg 1.0		__DUMMY__ 0.8845569310799182 off 0.06479620344507793 neg 0.050646865475003966	false	0.5
wichser	off 1.0	off 1.0	off 0.5338474566964166 __DUMMY__ 0.42843105653121394 neg 0.037721486772369334	false	1.0
terror	neg 1.0		__DUMMY__ 0.8813568088852395 off 0.07044260758479988 neg 0.048200583529960615	false	0.5
krass	neg 1.0		__DUMMY__ 0.8732553367670326 off 0.07773827742286507 neg 0.04900638581010225	false	0.5
revolte	neg 1.0		__DUMMY__ 0.8749055071083247 off 0.07137064963405339 neg 0.05372384325762182	false	0.5
besorgt	neg 1.0		__DUMMY__ 0.8870766077677317 off 0.06511073859451232 neg 0.047812653637756095	false	0.5
nachlassen	neg 1.0		__DUMMY__ 0.8869796123386148 off 0.06396007722861616 neg 0.049060310432769094	false	0.5
alt	neg 1.0		__DUMMY__ 0.8819771134809588 off 0.06324913610800281 neg 0.054773750411038415	false	0.5
hundesohn	off 1.0	off 1.0	off 0.5333451931729216 __DUMMY__ 0.4313284234790546 neg 0.03532638334802375	false	1.0
als			__DUMMY__ 0.8837321061070993 off 0.06518876267216234 neg 0.05107913122073848	false	0.0
abschreckung	neg 1.0		__DUMMY__ 0.8861189044100009 off 0.0626027937965127 neg 0.051278301793486435	false	0.5
unqualifiziert	neg 1.0		__DUMMY__ 0.8781747840391217 off 0.07195057827571713 neg 0.04987463768516113	false	0.5
abgewichst	off 1.0		__DUMMY__ 0.8847071517658893 off 0.0668214313004534 neg 0.04847141693365724	false	1.0
schwer	neg 1.0		__DUMMY__ 0.8824505607021224 off 0.06664239947041632 neg 0.0509070398274614	false	0.5
bedeutungslosigkeit	neg 1.0		__DUMMY__ 0.8856998158089003 off 0.06310097820492096 neg 0.05119920598617864	false	0.5
kapitulation	neg 1.0		__DUMMY__ 0.8821956785498811 off 0.06486966849390652 neg 0.05293465295621234	false	0.5
unscharf	neg 1.0		__DUMMY__ 0.8772046051452664 off 0.06888026384707897 neg 0.05391513100765464	false	0.5
schwinden	neg 1.0		__DUMMY__ 0.8854931785379021 off 0.06317267360553941 neg 0.051334147856558425	false	0.5
versklavung	neg 1.0	neg 1.0	neg 0.5090648847488547 __DUMMY__ 0.43838371939041737 off 0.052551395860727955	false	1.0
schlecht	neg 1.0		__DUMMY__ 0.87885710959286 off 0.07314834765013968 neg 0.04799454275700027	false	0.5
verhasst	neg 1.0		__DUMMY__ 0.8801085897009094 off 0.06900273189244514 neg 0.050888678406645314	false	0.5
beschweren	neg 1.0		__DUMMY__ 0.8820942712682025 off 0.06920188529128762 neg 0.04870384344050987	false	0.5
scheiden	neg 1.0		__DUMMY__ 0.8834508075549532 off 0.06687961083484706 neg 0.04966958161019971	false	0.5
frustriert	neg 1.0		__DUMMY__ 0.8841571007140269 off 0.06587469077642565 neg 0.04996820850954757	false	0.5
schimmelig	neg 1.0		__DUMMY__ 0.88461118670874 off 0.0636488373311173 neg 0.051739975960142646	false	0.5
fisch	neg 1.0		__DUMMY__ 0.8855937661935462 off 0.06031784470760057 neg 0.05408838909885328	false	0.5
schmuggel	neg 1.0		__DUMMY__ 0.8899615595029542 off 0.061220534001219934 neg 0.04881790649582596	false	0.5
auffallen	neg 1.0		__DUMMY__ 0.8808410177338262 off 0.069622338839018 neg 0.04953664342715592	false	0.5
konkurrenz	neg 1.0		__DUMMY__ 0.8882566714930757 off 0.06265940276921074 neg 0.049083925737713426	false	0.5
teufelskreis	neg 1.0	neg 1.0	neg 0.5104179292780622 __DUMMY__ 0.4390695191605861 off 0.05051255156135163	false	1.0
aufschreien	neg 1.0		__DUMMY__ 0.8786932127065187 off 0.07032552081169904 neg 0.05098126648178233	false	0.5
schuldner	neg 1.0		__DUMMY__ 0.8839632180373393 off 0.06292950785947779 neg 0.053107274103182854	false	0.5
missgeburt	off 1.0	off 1.0	off 0.5317963761363165 __DUMMY__ 0.4343926142427431 neg 0.03381100962094054	false	1.0
arbeitslos	neg 1.0		__DUMMY__ 0.8846484978105689 off 0.06479490515467252 neg 0.0505565970347586	false	0.5
befallen	neg 1.0		__DUMMY__ 0.8822230188422499 off 0.06646878851271268 neg 0.05130819264503747	false	0.5
miesepetrig	off 1.0	off 1.0	off 0.5245710626814375 __DUMMY__ 0.43728057027237427 neg 0.03814836704618823	false	1.0
alarmieren	neg 1.0		__DUMMY__ 0.8787327703170276 off 0.07242642836326312 neg 0.048840801319709304	false	0.5
ungeduscht	off 1.0		__DUMMY__ 0.8784160667220329 off 0.07124059490725272 neg 0.05034333837071448	false	1.0
knappheit	neg 1.0		__DUMMY__ 0.8828470350628407 off 0.06514857978785357 neg 0.052004385149305804	false	0.5
schlange	neg 1.0		__DUMMY__ 0.8839296819801994 off 0.06740958112956312 neg 0.0486607368902375	false	0.5
harsch	neg 1.0		__DUMMY__ 0.8785900297399531 off 0.07743012213280902 neg 0.043979848127237806	false	0.5
lang	neg 1.0		__DUMMY__ 0.8823975835593358 off 0.06862152428106938 neg 0.04898089215959472	false	0.5
ziellos	neg 1.0		__DUMMY__ 0.8875118640601704 off 0.06303083491847529 neg 0.04945730102135439	false	0.5
selbstverliebt	neg 1.0		__DUMMY__ 0.8665920215034252 off 0.08540202701135767 neg 0.04800595148521726	false	0.5
beseitigen	neg 1.0		__DUMMY__ 0.8883155825623779 off 0.06712313251608311 neg 0.04456128492153906	false	0.5
dumm	off 1.0		__DUMMY__ 0.8703982305777924 off 0.08008071606103767 neg 0.04952105336116993	false	1.0
arbeitsloser	neg 1.0		__DUMMY__ 0.8874216196611342 off 0.06490964006573005 neg 0.04766874027313576	false	0.5
blitzen	neg 1.0		__DUMMY__ 0.8788717435470101 off 0.0713955770853605 neg 0.04973267936762931	false	0.5
hilflos	neg 1.0		__DUMMY__ 0.8845906572107841 off 0.06473051994895143 neg 0.05067882284026449	false	0.5
eklig	off 1.0		__DUMMY__ 0.8687599008253187 off 0.0804768495625715 neg 0.05076324961210974	false	1.0
begriff			__DUMMY__ 0.8824850933858451 off 0.06686311261458282 neg 0.050651793999572155	false	0.0
hungersnot	neg 1.0		__DUMMY__ 0.881412728199456 off 0.06510828243966668 neg 0.053478989360877326	false	0.5
ungesetzlich	neg 1.0		__DUMMY__ 0.8788638532222421 off 0.07013393889832263 neg 0.051002207879435185	false	0.5
verschwendung	neg 1.0		__DUMMY__ 0.8857825174431495 off 0.06295308766868656 neg 0.05126439488816387	false	0.5
schmerzvoll	neg 1.0		__DUMMY__ 0.8804295671714655 off 0.06875251373404025 neg 0.050817919094494346	false	0.5
vorzeitig	neg 1.0		__DUMMY__ 0.8802907418510842 off 0.07251826919255201 neg 0.0471909889563637	false	0.5
unvollkommenheit	neg 1.0		__DUMMY__ 0.88454920858441 off 0.06552127737465804 neg 0.049929514040931926	false	0.5
intervenieren	neg 1.0		__DUMMY__ 0.8837185946686776 off 0.0638433655248038 neg 0.05243803980651866	false	0.5
banause	off 1.0		__DUMMY__ 0.8651532709143879 off 0.08208514616204352 neg 0.05276158292356851	false	1.0
rebell	neg 1.0		__DUMMY__ 0.8894054527779732 off 0.0588844457907547 neg 0.05171010143127205	false	0.5
unlogisch	neg 1.0		__DUMMY__ 0.8746003128580234 off 0.07571642868068591 neg 0.04968325846129058	false	0.5
leiden	neg 1.0		__DUMMY__ 0.8903939163468005 off 0.06124825944804966 neg 0.04835782420514972	false	0.5
abschaffung	neg 1.0		__DUMMY__ 0.8804077768103863 off 0.0685395594406861 neg 0.051052663748927606	false	0.5
sturz	neg 1.0		__DUMMY__ 0.8858399025704272 off 0.0694107566640177 neg 0.044749340765555035	false	0.5
verkleinerung	neg 1.0		__DUMMY__ 0.8765448345149996 off 0.07182201905424765 neg 0.051633146430752765	false	0.5
schmarotzer	off 1.0		__DUMMY__ 0.883085771026025 off 0.06573945632508693 neg 0.05117477264888802	false	1.0
bestrafung	neg 1.0	neg 1.0	neg 0.5075210025709547 __DUMMY__ 0.44101464610994395 off 0.05146435131910141	false	1.0
achtlos	neg 1.0		__DUMMY__ 0.8844292637022179 off 0.0657473065763518 neg 0.049823429721430335	false	0.5
ungeheuer	neg 1.0		__DUMMY__ 0.881282837410134 off 0.06752173201459848 neg 0.05119543057526758	false	0.5
unaufrichtig	neg 1.0		__DUMMY__ 0.8794564192832491 off 0.07190049190868043 neg 0.048643088808070424	false	0.5
