unsolidarisch	neg 1.0		__DUMMY__ 0.8793336346837691 off 0.06842107111581044 neg 0.052245294200420504	false	0.5
nachteilig	neg 1.0		__DUMMY__ 0.8885336869561723 off 0.06362727339679657 neg 0.04783903964703119	false	0.5
skeptisch	neg 1.0		__DUMMY__ 0.8868297647335486 off 0.06249608685015629 neg 0.050674148416295216	false	0.5
schrecklich	neg 1.0		__DUMMY__ 0.8745511347754658 off 0.07624884159075637 neg 0.04920002363377776	false	0.5
schlapp	neg 1.0	neg 1.0	neg 0.5080869169870905 __DUMMY__ 0.437107247023707 off 0.05480583598920249	false	1.0
abfall	neg 1.0		__DUMMY__ 0.890714051796664 off 0.05931777281053561 neg 0.04996817539280038	false	0.5
widerspenstig	neg 1.0		__DUMMY__ 0.8822721102970549 off 0.06629433441484907 neg 0.051433555288096004	false	0.5
abrupt	neg 1.0		__DUMMY__ 0.8868242263572528 off 0.06171666630904332 neg 0.05145910733370392	false	0.5
unwirksam	neg 1.0		__DUMMY__ 0.8781186428510087 off 0.06772191845567996 neg 0.05415943869331135	false	0.5
angreifen	neg 1.0		__DUMMY__ 0.8870968829328391 off 0.061983827658303646 neg 0.05091928940885741	false	0.5
inkonsistent	neg 1.0		__DUMMY__ 0.8792423998927896 off 0.06960872321884376 neg 0.05114887688836669	false	0.5
abrutschen	neg 1.0		__DUMMY__ 0.8900013850404859 off 0.058989586356080245 neg 0.05100902860343398	false	0.5
unsicher	neg 1.0		__DUMMY__ 0.883783922062561 off 0.06702073530728479 neg 0.04919534263015428	false	0.5
bauernkind	off 1.0	off 1.0	off 0.5292762101889662 __DUMMY__ 0.4315116949549139 neg 0.03921209485611984	false	1.0
angreifer	neg 1.0		__DUMMY__ 0.8833700136090703 off 0.07100984551454197 neg 0.04562014087638779	false	0.5
trennen	neg 1.0		__DUMMY__ 0.8886693194455472 off 0.06150838413481512 neg 0.049822296419637674	false	0.5
schmutz	neg 1.0		__DUMMY__ 0.8892174645514264 off 0.06992371104335272 neg 0.04085882440522085	false	0.5
inkonsistenz	neg 1.0		__DUMMY__ 0.8779472423474662 off 0.07216943546389509 neg 0.049883322188638723	false	0.5
erschreckend	neg 1.0		__DUMMY__ 0.8831011544249254 off 0.06651467059620311 neg 0.050384174978871536	false	0.5
ertrinken	neg 1.0		__DUMMY__ 0.8866336403016115 off 0.061370626447030625 neg 0.051995733251357784	false	0.5
pickelface	off 1.0		__DUMMY__ 0.8840771154829258 off 0.06768578236200815 neg 0.048237102155066054	false	1.0
seiner			__DUMMY__ 0.8880727768963984 off 0.06224042035297833 neg 0.04968680275062329	false	0.0
lauch	neg 1.0	neg 1.0	neg 0.507504581759866 __DUMMY__ 0.44742051173758357 off 0.0450749065025504	false	1.0
unwichtig	neg 1.0		__DUMMY__ 0.8780227837963772 off 0.07211637800120335 neg 0.04986083820241941	false	0.5
steuerhinterziehung	neg 1.0		__DUMMY__ 0.8812272094249902 off 0.06662095814628778 neg 0.05215183242872195	false	0.5
schock	neg 1.0		__DUMMY__ 0.8847878458782474 off 0.06539432732121248 neg 0.04981782680054011	false	0.5
beule	neg 1.0		__DUMMY__ 0.8758745309179716 off 0.07410855186683991 neg 0.05001691721518838	false	0.5
vergelten	neg 1.0		__DUMMY__ 0.875772281537284 off 0.07742596461759449 neg 0.046801753845121405	false	0.5
verdorbenheit	neg 1.0		__DUMMY__ 0.8851511877784748 off 0.06799326091940454 neg 0.046855551302120615	false	0.5
trauma	neg 1.0		__DUMMY__ 0.8813878811990243 off 0.06860101021443542 neg 0.05001110858654024	false	0.5
sinnlos	neg 1.0		__DUMMY__ 0.8813617314929156 off 0.06918665372183212 neg 0.04945161478525218	false	0.5
fettsack	off 1.0	off 1.0	off 0.5304168027794706 __DUMMY__ 0.4320366772608209 neg 0.037546519959708556	false	1.0
feige	off 1.0	off 1.0	off 0.5257631384675993 __DUMMY__ 0.43584817039871004 neg 0.03838869113369066	false	1.0
abdanken	neg 1.0		__DUMMY__ 0.8836270087023321 off 0.06698543332721399 neg 0.049387557970453896	false	0.5
wichtigtuer	off 1.0	off 1.0	off 0.5231898545460204 __DUMMY__ 0.43890728798258555 neg 0.03790285747139402	false	1.0
misslingen	neg 1.0		__DUMMY__ 0.8871641092801814 off 0.06839134599768959 neg 0.044444544722129026	false	0.5
untreu	off 1.0		__DUMMY__ 0.876924613073839 off 0.07338568603990332 neg 0.04968970088625768	false	1.0
missmutig	neg 1.0		__DUMMY__ 0.8779545116253261 off 0.07069970636204538 neg 0.05134578201262849	false	0.5
hurenbock	off 1.0		__DUMMY__ 0.882690548526089 off 0.06723301230130073 neg 0.05007643917261025	false	1.0
betrunken	neg 1.0		__DUMMY__ 0.8753429903179828 off 0.07507626383951949 neg 0.04958074584249771	false	0.5
korrupt	off 1.0		__DUMMY__ 0.88047087442639 off 0.06626657658528402 neg 0.053262548988325935	false	1.0
unmut	neg 1.0		__DUMMY__ 0.8884963147722311 off 0.060774079926472026 neg 0.050729605301296825	false	0.5
hackfresse	off 1.0		__DUMMY__ 0.8702821129342125 off 0.08084398776256733 neg 0.04887389930322017	false	1.0
aufblasen	neg 1.0		__DUMMY__ 0.8825948061797113 off 0.06730308969980225 neg 0.05010210412048648	false	0.5
gewaltsam	neg 1.0		__DUMMY__ 0.8850503410283168 off 0.06681097086449116 neg 0.04813868810719201	false	0.5
unbeliebtheit	neg 1.0		__DUMMY__ 0.8784504036814735 off 0.0735340694497281 neg 0.04801552686879836	false	0.5
sturheit	neg 1.0		__DUMMY__ 0.8840727984147255 off 0.0664862459021257 neg 0.04944095568314868	false	0.5
kuh	neg 1.0		__DUMMY__ 0.8750447543696093 off 0.0700080747890179 neg 0.054947170841372794	false	0.5
erschrecken	neg 1.0		__DUMMY__ 0.8796474392021545 off 0.07118488404656663 neg 0.04916767675127881	false	0.5
opfer	neg 1.0		__DUMMY__ 0.8867030071275012 off 0.06380219944005631 neg 0.04949479343244251	false	0.5
sinken	neg 1.0		__DUMMY__ 0.8871922819499385 off 0.06118066100287001 neg 0.051627057047191546	false	0.5
stinktier	neg 1.0		__DUMMY__ 0.868898048591633 off 0.07863553956445456 neg 0.0524664118439125	false	0.5
tucke	off 1.0		__DUMMY__ 0.8659157882559797 off 0.08291016093829472 neg 0.05117405080572554	false	1.0
ein			__DUMMY__ 0.8819597924535983 off 0.06603661818202876 neg 0.05200358936437293	false	0.0
abstieg	neg 1.0		__DUMMY__ 0.8882290174383595 off 0.06506776751797765 neg 0.04670321504366281	false	0.5
missverstehen	neg 1.0		__DUMMY__ 0.879727695373755 off 0.07010566359797621 neg 0.05016664102826887	false	0.5
ergebnislos	neg 1.0		__DUMMY__ 0.8885883441038591 off 0.0635612750405343 neg 0.04785038085560652	false	0.5
unter			__DUMMY__ 0.8962023708771139 off 0.05497463343266892 neg 0.048822995690217155	false	0.0
manipulieren	neg 1.0		__DUMMY__ 0.8873118860362733 off 0.06294852651130575 neg 0.04973958745242088	false	0.5
unbewiesen	neg 1.0		__DUMMY__ 0.8806904289658793 off 0.06869981258515664 neg 0.050609758448963905	false	0.5
verschleppen	neg 1.0		__DUMMY__ 0.8840662046774258 off 0.06460482954225416 neg 0.05132896578031999	false	0.5
weib	off 1.0		__DUMMY__ 0.8680524551665989 off 0.08316469173227144 neg 0.048782853101129786	false	1.0
opposition	neg 1.0		__DUMMY__ 0.88020730834345 off 0.06867235055679256 neg 0.05112034109975746	false	0.5
verkehrswidrig	neg 1.0		__DUMMY__ 0.879037857938285 off 0.07761780317983222 neg 0.04334433888188269	false	0.5
inkorrekt	neg 1.0		__DUMMY__ 0.8734656349066908 off 0.07634278961008323 neg 0.05019157548322582	false	0.5
vermeiden	neg 1.0		__DUMMY__ 0.8930531689329171 off 0.05838152413235993 neg 0.048565306934722996	false	0.5
abweichung	neg 1.0		__DUMMY__ 0.8868828382863387 off 0.06491388092967275 neg 0.04820328078398849	false	0.5
alkoholisiert	neg 1.0		__DUMMY__ 0.8950746394161192 off 0.061651942128488645 neg 0.04327341845539226	false	0.5
scheiss	off 1.0	off 1.0	off 0.5263920870801966 __DUMMY__ 0.43560948854634657 neg 0.03799842437345689	false	1.0
herausforderung	neg 1.0		__DUMMY__ 0.8858188370774798 off 0.06467287023941523 neg 0.04950829268310507	false	0.5
pervers	off 1.0		__DUMMY__ 0.8656785315494213 off 0.08545181705026865 neg 0.04886965140030999	false	1.0
wackelig	neg 1.0		__DUMMY__ 0.8863945763356105 off 0.06422962968380877 neg 0.0493757939805807	false	0.5
verwickeln	neg 1.0		__DUMMY__ 0.8805177884954396 off 0.0692365037295071 neg 0.05024570777505334	false	0.5
vorwand	neg 1.0		__DUMMY__ 0.8877691056796467 off 0.061533135070771065 neg 0.050697759249582246	false	0.5
muschi	off 1.0		__DUMMY__ 0.8858987935481173 off 0.06660279239940999 neg 0.04749841405247271	false	1.0
entmutigung	neg 1.0		__DUMMY__ 0.8770138012333266 off 0.06999024134763769 neg 0.05299595741903569	false	0.5
unangemessen	neg 1.0		__DUMMY__ 0.8835289280393911 off 0.06611537414218902 neg 0.050355697818419885	false	0.5
unstetig	neg 1.0		__DUMMY__ 0.881126278660026 off 0.07108093568626737 neg 0.04779278565370657	false	0.5
entmutigen	neg 1.0		__DUMMY__ 0.8804723807630586 off 0.06803137851017899 neg 0.051496240726762475	false	0.5
schwanz	neg 1.0		__DUMMY__ 0.8873915807754524 off 0.06433147193011102 neg 0.04827694729443654	false	0.5
verbot	neg 1.0		__DUMMY__ 0.8829819151482712 off 0.06595351497700538 neg 0.05106456987472341	false	0.5
leid	neg 1.0		__DUMMY__ 0.8728543575416639 off 0.07782588909480351 neg 0.04931975336353274	false	0.5
archaisch	neg 1.0		__DUMMY__ 0.8833932843762207 off 0.0657578139364128 neg 0.05084890168736654	false	0.5
gegen			__DUMMY__ 0.8897540298507538 off 0.061298438885515706 neg 0.04894753126373049	false	0.0
scheidung	neg 1.0		__DUMMY__ 0.8691775611660151 off 0.08908747170634883 neg 0.04173496712763603	false	0.5
einschlag	neg 1.0		__DUMMY__ 0.8780666537685687 off 0.07653443226619917 neg 0.045398913965232	false	0.5
m			__DUMMY__ 0.886066388683777 off 0.06487942339298322 neg 0.04905418792323974	false	0.0
abgestanden	neg 1.0		__DUMMY__ 0.8780159004479082 off 0.06664427674503036 neg 0.05533982280706143	false	0.5
schmierig	off 1.0		__DUMMY__ 0.8726971276384639 off 0.07756066041396344 neg 0.04974221194757261	false	1.0
unpraktisch	neg 1.0		__DUMMY__ 0.8828508166065057 off 0.06825199266017859 neg 0.048897190733315776	false	0.5
wixxer	off 1.0		__DUMMY__ 0.8645906020206019 off 0.08587751629865471 neg 0.04953188168074347	false	1.0
bezeichnet			__DUMMY__ 0.8831022398010314 off 0.0675844200102608 neg 0.04931334018870776	false	0.0
jammerlappen	off 1.0		__DUMMY__ 0.8778246248464114 off 0.07242769365934461 neg 0.049747681494244	false	1.0
farce	neg 1.0		__DUMMY__ 0.8810150950249639 off 0.0675445381733643 neg 0.051440366801671814	false	0.5
zwecklos	neg 1.0		__DUMMY__ 0.8836991455877223 off 0.06514256528746029 neg 0.05115828912481745	false	0.5
turbulent	neg 1.0		__DUMMY__ 0.877447134967486 off 0.0744738751409686 neg 0.04807898989154533	false	0.5
invasion	neg 1.0		__DUMMY__ 0.8808377561788493 off 0.06983994509101368 neg 0.049322298730136924	false	0.5
schuld	neg 1.0		__DUMMY__ 0.881480214255943 off 0.06853294835576988 neg 0.04998683738828712	false	0.5
risiko	neg 1.0		__DUMMY__ 0.8810842196985431 off 0.06944156066117288 neg 0.04947421964028404	false	0.5
finster	neg 1.0		__DUMMY__ 0.8813309331574336 off 0.06626658197808245 neg 0.052402484864483845	false	0.5
geisteskrank	off 1.0		__DUMMY__ 0.8747935886061851 off 0.0750650491148079 neg 0.05014136227900703	false	1.0
zusammenbrechen	neg 1.0		__DUMMY__ 0.8838042798086745 off 0.06528625218392525 neg 0.050909468007400184	false	0.5
ausbeute	neg 1.0		__DUMMY__ 0.8862144463782652 off 0.0656740680529253 neg 0.04811148556880948	false	0.5
hinterhalt	neg 1.0		__DUMMY__ 0.8849502679514553 off 0.06547110665926718 neg 0.04957862538927752	false	0.5
kritik	neg 1.0		__DUMMY__ 0.8807904061870964 off 0.06728866478441528 neg 0.051920929028488334	false	0.5
einschrumpfen	neg 1.0		__DUMMY__ 0.8767239501922063 off 0.07264303101222087 neg 0.0506330187955729	false	0.5
riskant	neg 1.0		__DUMMY__ 0.886472838910574 off 0.06274959956206316 neg 0.05077756152736285	false	0.5
frustrieren	neg 1.0		__DUMMY__ 0.8850353908741151 off 0.06366280055490263 neg 0.051301808570982224	false	0.5
groll	neg 1.0		__DUMMY__ 0.8847525187056635 off 0.06533797629657548 neg 0.049909504997760916	false	0.5
gibt			__DUMMY__ 0.8850800315910483 off 0.06488668857145503 neg 0.050033279837496704	false	0.0
qualvoll	neg 1.0		__DUMMY__ 0.8804717966044682 off 0.06917094685796818 neg 0.050357256537563566	false	0.5
wackeln	neg 1.0		__DUMMY__ 0.8836649776320782 off 0.06682418386194337 neg 0.04951083850597837	false	0.5
klagen	neg 1.0		__DUMMY__ 0.8872760923451722 off 0.06183541401101554 neg 0.05088849364381221	false	0.5
bankrott	neg 1.0		__DUMMY__ 0.8812149566424872 off 0.07166715120501145 neg 0.047117892152501395	false	0.5
trauern	neg 1.0		__DUMMY__ 0.8898124388435238 off 0.06267390776391295 neg 0.047513653392563325	false	0.5
ablehnung	neg 1.0		__DUMMY__ 0.8825077137595371 off 0.06670772255288164 neg 0.050784563687581226	false	0.5
stur	neg 1.0		__DUMMY__ 0.8806977715666221 off 0.06849400941787705 neg 0.05080821901550086	false	0.5
aufruhr	neg 1.0		__DUMMY__ 0.880809236055335 off 0.06738010095588245 neg 0.05181066298878248	false	0.5
melancholie	neg 1.0		__DUMMY__ 0.8853694317365569 off 0.061935022570564296 neg 0.0526955456928788	false	0.5
ist			__DUMMY__ 0.8812530534448955 off 0.06892000701674776 neg 0.049826939538356825	false	0.0
torheit	neg 1.0		__DUMMY__ 0.8809116334573005 off 0.06864388123264013 neg 0.0504444853100593	false	0.5
dreckskind	off 1.0		__DUMMY__ 0.8692812290838285 off 0.08214350052884184 neg 0.048575270387329644	false	1.0
umtauschen	neg 1.0		__DUMMY__ 0.8839888337933512 off 0.06606700857010245 neg 0.04994415763654626	false	0.5
zum			__DUMMY__ 0.8960104819932014 off 0.058404716428790915 neg 0.045584801578007574	false	0.0
zersetzen	neg 1.0		__DUMMY__ 0.885551157657425 off 0.06264725961225125 neg 0.051801582730323724	false	0.5
zur			__DUMMY__ 0.8929002023675907 off 0.05872569380039915 neg 0.04837410383201012	false	0.0
frust	neg 1.0		__DUMMY__ 0.8839328271033494 off 0.0650800848876717 neg 0.05098708800897883	false	0.5
unerbittlichkeit	neg 1.0		__DUMMY__ 0.8868033594127389 off 0.06345882324103098 neg 0.04973781734623005	false	0.5
zwei			__DUMMY__ 0.8932206068368096 off 0.05793035867244677 neg 0.04884903449074371	false	0.0
unkorrekt	neg 1.0		__DUMMY__ 0.8748875224217346 off 0.07490203107503933 neg 0.050210446503226015	false	0.5
hexe	off 1.0		__DUMMY__ 0.8764573772529543 off 0.07174607169245205 neg 0.051796551054593715	false	1.0
lasch	neg 1.0		__DUMMY__ 0.8786168669939537 off 0.07161822296567079 neg 0.049764910040375546	false	0.5
rivale	neg 1.0		__DUMMY__ 0.8757566835054673 off 0.07624128648635738 neg 0.04800203000817535	false	0.5
mutlos	off 1.0	off 1.0	off 0.5190618632182673 __DUMMY__ 0.4418928014467547 neg 0.03904533533497803	false	1.0
wirr	off 1.0		__DUMMY__ 0.8730585353624644 off 0.07690387887842406 neg 0.050037585759111554	false	1.0
jahr			__DUMMY__ 0.8919599283320298 off 0.062249278342323064 neg 0.04579079332564716	false	0.0
wird			__DUMMY__ 0.8859309455718599 off 0.06421464500596846 neg 0.04985440942217157	false	0.0
strafbar	neg 1.0		__DUMMY__ 0.8859673641181244 off 0.06331952333504305 neg 0.050713112546832494	false	0.5
erosion	neg 1.0		__DUMMY__ 0.8836090428625855 off 0.06724515638513866 neg 0.04914580075227598	false	0.5
eingehen	neg 1.0		__DUMMY__ 0.884553866034696 off 0.0634961101324515 neg 0.051950023832852465	false	0.5
faul	off 1.0		__DUMMY__ 0.8802412868240701 off 0.07125402946226597 neg 0.04850468371366387	false	1.0
provisorium	neg 1.0		__DUMMY__ 0.8966377861940668 off 0.054940965861762295 neg 0.04842124794417094	false	0.5
schmerzen	neg 1.0		__DUMMY__ 0.8823142972450471 off 0.06542497882609845 neg 0.052260723928854426	false	0.5
schrumpfen	neg 1.0		__DUMMY__ 0.8888668278168735 off 0.058876780406766506 neg 0.05225639177635989	false	0.5
geistlos	off 1.0		__DUMMY__ 0.8773790272659059 off 0.07052074243045729 neg 0.05210023030363693	false	1.0
fehlkauf	neg 1.0		__DUMMY__ 0.8803043400606213 off 0.06988994358897269 neg 0.04980571635040604	false	0.5
frustrierend	neg 1.0		__DUMMY__ 0.8785383792904247 off 0.07111747965174024 neg 0.0503441410578351	false	0.5
unzufrieden	neg 1.0		__DUMMY__ 0.884642693590425 off 0.06496092439146574 neg 0.050396382018109226	false	0.5
verzweifeln	neg 1.0		__DUMMY__ 0.8837865021149135 off 0.06617658409632156 neg 0.05003691378876494	false	0.5
verzweifelt	neg 1.0		__DUMMY__ 0.8808469005716895 off 0.06856077218827789 neg 0.05059232724003263	false	0.5
misstrauensantrag	neg 1.0		__DUMMY__ 0.8807151452797275 off 0.0691241328861392 neg 0.05016072183413337	false	0.5
abfallen	neg 1.0		__DUMMY__ 0.882835663479184 off 0.0669980264523478 neg 0.05016631006846828	false	0.5
fucker	off 1.0		__DUMMY__ 0.8763877027192016 off 0.07593243147982107 neg 0.04767986580097733	false	1.0
ungezogen	neg 1.0		__DUMMY__ 0.8685492315257944 off 0.08304853138013492 neg 0.048402237094070676	false	0.5
irrsinnig	neg 1.0	neg 1.0	neg 0.5085941839207723 __DUMMY__ 0.43964857582462796 off 0.05175724025459966	false	1.0
unfassbar	neg 1.0		__DUMMY__ 0.8774574335725477 off 0.07330242403231191 neg 0.049240142395140345	false	0.5
hart	neg 1.0		__DUMMY__ 0.8756406648134687 off 0.07347333545849025 neg 0.05088599972804095	false	0.5
widerlich	off 1.0		__DUMMY__ 0.8759725361279436 off 0.07388569417451897 neg 0.050141769697537426	false	1.0
fatal	neg 1.0	neg 1.0	neg 0.5100868088787166 __DUMMY__ 0.43678013872656724 off 0.053133052394716246	false	1.0
bruch	neg 1.0		__DUMMY__ 0.8888939603959044 off 0.06035850210477418 neg 0.05074753749932148	false	0.5
aushungern	neg 1.0		__DUMMY__ 0.8819883294881515 off 0.06618762096545373 neg 0.05182404954639471	false	0.5
anspannung	neg 1.0		__DUMMY__ 0.8930342472941631 off 0.058212271107285954 neg 0.04875348159855102	false	0.5
von			__DUMMY__ 0.8900425607878661 off 0.061576839029270476 neg 0.0483806001828634	false	0.0
kraftlos	neg 1.0		__DUMMY__ 0.8848619953084517 off 0.06421824948082573 neg 0.05091975521072259	false	0.5
vom			__DUMMY__ 0.8986082342061184 off 0.05533436369022482 neg 0.04605740210365681	false	0.0
grenzdebil	off 1.0		__DUMMY__ 0.8763394121681142 off 0.07359427878041279 neg 0.05006630905147297	false	1.0
vor			__DUMMY__ 0.8888436011368842 off 0.0605753027167737 neg 0.05058109614634203	false	0.0
unterwerfen	neg 1.0		__DUMMY__ 0.886268879077597 off 0.06394485807643334 neg 0.04978626284596968	false	0.5
versenkung	neg 1.0		__DUMMY__ 0.8869179330502681 off 0.06348061167544547 neg 0.04960145527428642	false	0.5
entziehen	neg 1.0		__DUMMY__ 0.8879302912192428 off 0.06147948657237507 neg 0.050590222208382093	false	0.5
finanzkrise	neg 1.0		__DUMMY__ 0.8773173533489668 off 0.06695617605884129 neg 0.05572647059219203	false	0.5
schimpfend	neg 1.0		__DUMMY__ 0.8845306969395801 off 0.06753145385314174 neg 0.04793784920727816	false	0.5
profan	neg 1.0		__DUMMY__ 0.8802257388667212 off 0.06956008057355137 neg 0.05021418055972756	false	0.5
korruption	neg 1.0		__DUMMY__ 0.8819264325777645 off 0.06547700397722551 neg 0.05259656344501008	false	0.5
â			__DUMMY__ 0.885873750366792 off 0.06423115314444376 neg 0.0498950964887643	false	0.0
schmutzig	neg 1.0		__DUMMY__ 0.8764899518353317 off 0.07374135951339104 neg 0.04976868865127721	false	0.5
sexy	neg 1.0		__DUMMY__ 0.8804140715408945 off 0.07109371438307403 neg 0.04849221407603157	false	0.5
abraten	neg 1.0		__DUMMY__ 0.8821190124304454 off 0.06902372339959571 neg 0.04885726416995888	false	0.5
schwarz	neg 1.0		__DUMMY__ 0.8812530508682899 off 0.06951200938980269 neg 0.049234939741907464	false	0.5
fotze	off 1.0	off 1.0	off 0.5194372864344697 __DUMMY__ 0.44419943534454875 neg 0.03636327822098141	false	1.0
verwirren	neg 1.0		__DUMMY__ 0.8803728721645282 off 0.06987295817035782 neg 0.04975416966511404	false	0.5
zahnlos	off 1.0		__DUMMY__ 0.883190378186667 off 0.06594317521020639 neg 0.05086644660312653	false	1.0
verheeren	neg 1.0		__DUMMY__ 0.8681956560927236 off 0.0846043127473752 neg 0.04720003115990105	false	0.5
hippie	neg 1.0		__DUMMY__ 0.8803031182554683 off 0.0708412492916297 neg 0.04885563245290199	false	0.5
rammen	neg 1.0		__DUMMY__ 0.8857441559134193 off 0.06736042597351591 neg 0.04689541811306485	false	0.5
unlauter	neg 1.0		__DUMMY__ 0.8810198597635295 off 0.0694451698198438 neg 0.04953497041662668	false	0.5
unheilvoll	neg 1.0		__DUMMY__ 0.8808806561986964 off 0.06802623955677842 neg 0.051093104244525185	false	0.5
niedrig	neg 1.0		__DUMMY__ 0.8853546132637057 off 0.06406822282870518 neg 0.050577163907589096	false	0.5
explosion	neg 1.0		__DUMMY__ 0.8810540563621088 off 0.07064083642284272 neg 0.048305107215048465	false	0.5
weichei	off 1.0	off 1.0	off 0.5298487791503944 __DUMMY__ 0.4313700566733075 neg 0.03878116417629808	false	1.0
minusmensch	off 1.0		__DUMMY__ 0.8682608655461088 off 0.08461877922483735 neg 0.04712035522905387	false	1.0
farblos	neg 1.0		__DUMMY__ 0.8839042448233797 off 0.06798323656946285 neg 0.04811251860715739	false	0.5
unwissend	neg 1.0	neg 1.0	neg 0.5086284830053878 __DUMMY__ 0.4366257180662835 off 0.05474579892832878	false	1.0
traurig	neg 1.0		__DUMMY__ 0.8750396438481615 off 0.07587624911112853 neg 0.049084107040709944	false	0.5
senkung	neg 1.0		__DUMMY__ 0.8764847371411575 off 0.07011803989324084 neg 0.05339722296560163	false	0.5
ungleich	neg 1.0	neg 1.0	neg 0.5087067266115007 __DUMMY__ 0.4427434643060378 off 0.048549809082461585	false	1.0
heikel	neg 1.0		__DUMMY__ 0.8862014861308555 off 0.06287630446082453 neg 0.05092220940832	false	0.5
drosselung	neg 1.0		__DUMMY__ 0.8758780798745321 off 0.0737385315213945 neg 0.05038338860407329	false	0.5
falsch	neg 1.0		__DUMMY__ 0.8795423631564567 off 0.07126503544919015 neg 0.049192601394353205	false	0.5
unzufriedenheit	neg 1.0		__DUMMY__ 0.8854239689585072 off 0.0627985782342543 neg 0.051777452807238576	false	0.5
kurz	neg 1.0		__DUMMY__ 0.886331517914068 off 0.06478360907491021 neg 0.048884873011021845	false	0.5
unsinnig	neg 1.0		__DUMMY__ 0.8816947584545799 off 0.06643277204203529 neg 0.051872469503384824	false	0.5
penner	off 1.0	off 1.0	off 0.5313628935752941 __DUMMY__ 0.43078351916006863 neg 0.03785358726463727	false	1.0
seicht	neg 1.0		__DUMMY__ 0.8654696434953068 off 0.08249924628534497 neg 0.052031110219348344	false	0.5
dummheit	off 1.0	off 1.0	off 0.5233746491542772 __DUMMY__ 0.4375568237019739 neg 0.03906852714374885	false	1.0
unerfreulich	neg 1.0		__DUMMY__ 0.88695199025656 off 0.06251573476661094 neg 0.050532274976828995	false	0.5
motherfucker	off 1.0	off 1.0	off 0.5272367403296325 __DUMMY__ 0.43576117525022645 neg 0.03700208442014101	false	1.0
pikiert	neg 1.0		__DUMMY__ 0.8763758503426752 off 0.07279153629219451 neg 0.05083261336513023	false	0.5
wrack	neg 1.0		__DUMMY__ 0.8909121469955295 off 0.06474718142065418 neg 0.0443406715838163	false	0.5
gangster	neg 1.0		__DUMMY__ 0.8799483706616025 off 0.07101161364809364 neg 0.049040015690303904	false	0.5
krank	neg 1.0		__DUMMY__ 0.8773992173348004 off 0.07343754412638512 neg 0.04916323853881451	false	0.5
reich	neg 1.0		__DUMMY__ 0.8773796076406388 off 0.07142524881656828 neg 0.05119514354279284	false	0.5
gnadenlos	neg 1.0		__DUMMY__ 0.8826695347786607 off 0.06829610863469973 neg 0.04903435658663954	false	0.5
niedergeschlagen	neg 1.0		__DUMMY__ 0.8862490320333881 off 0.06449291630357444 neg 0.04925805166303736	false	0.5
terrorisieren	off 1.0	off 1.0	off 0.5181297307876613 __DUMMY__ 0.44323535253257457 neg 0.03863491667976404	false	1.0
sinnlosigkeit	neg 1.0		__DUMMY__ 0.8840194289887214 off 0.06541127288250517 neg 0.05056929812877326	false	0.5
behindern	neg 1.0		__DUMMY__ 0.8828302243733163 off 0.06683274710583496 neg 0.05033702852084876	false	0.5
undemokratisch	neg 1.0		__DUMMY__ 0.8794858974193696 off 0.06990821786549488 neg 0.050605884715135524	false	0.5
wirtschaftskrise	neg 1.0		__DUMMY__ 0.8815910808112968 off 0.06510862817958847 neg 0.05330029100911477	false	0.5
neid	neg 1.0		__DUMMY__ 0.8790277042493652 off 0.07037011966859318 neg 0.050602176082041664	false	0.5
rutschen	neg 1.0		__DUMMY__ 0.8929278722332676 off 0.05762766444517488 neg 0.04944446332155734	false	0.5
rezession	neg 1.0		__DUMMY__ 0.8695855498862552 off 0.07636127167156444 neg 0.05405317844218037	false	0.5
fehlgeburt	neg 1.0		__DUMMY__ 0.8855088897773218 off 0.06714004814204218 neg 0.047351062080636004	false	0.5
charakterschwach	off 1.0		__DUMMY__ 0.8757579760618318 off 0.07345138693421631 neg 0.05079063700395195	false	1.0
isolation	neg 1.0		__DUMMY__ 0.881458229535567 off 0.07115510561177046 neg 0.04738666485266252	false	0.5
ablenkung	neg 1.0		__DUMMY__ 0.8839146885948851 off 0.06678664166480999 neg 0.04929866974030499	false	0.5
pech	neg 1.0		__DUMMY__ 0.8787349019892996 off 0.07114289192692401 neg 0.050122206083776384	false	0.5
vermeidung	neg 1.0		__DUMMY__ 0.8767003209430954 off 0.07350882426112906 neg 0.04979085479577559	false	0.5
dominieren	neg 1.0		__DUMMY__ 0.8851620500650407 off 0.06565989133454454 neg 0.0491780586004148	false	0.5
schwindlig	neg 1.0		__DUMMY__ 0.8807433825694867 off 0.06872167374574531 neg 0.05053494368476791	false	0.5
lutscher	neg 1.0		__DUMMY__ 0.8656696879084407 off 0.08412861805992701 neg 0.05020169403163239	false	0.5
pflicht	neg 1.0		__DUMMY__ 0.8880244785891889 off 0.06162073431574153 neg 0.0503547870950696	false	0.5
faschist	off 1.0		__DUMMY__ 0.8785192390405614 off 0.07134908193544667 neg 0.050131679023991904	false	1.0
verschleudern	neg 1.0		__DUMMY__ 0.8835668317799364 off 0.06378042077972101 neg 0.05265274744034256	false	0.5
wenn			__DUMMY__ 0.8779242691756297 off 0.07211081452266714 neg 0.04996491630170315	false	0.0
ehebruch	neg 1.0		__DUMMY__ 0.8835076579859703 off 0.06448787322680044 neg 0.05200446878722926	false	0.5
spott	off 1.0		__DUMMY__ 0.8859302605068231 off 0.06438638679523191 neg 0.04968335269794489	false	1.0
trostlosigkeit	neg 1.0		__DUMMY__ 0.885470768085452 off 0.06148397364683772 neg 0.0530452582677104	false	0.5
lutschen	neg 1.0		__DUMMY__ 0.8810288747204982 off 0.07153461911721412 neg 0.04743650616228768	false	0.5
undiszipliniert	neg 1.0		__DUMMY__ 0.8751665543329504 off 0.07507917553231695 neg 0.049754270134732506	false	0.5
kopfschmerz	neg 1.0		__DUMMY__ 0.8829000377504723 off 0.06342159200738491 neg 0.05367837024214281	false	0.5
unvorhergesehen	neg 1.0		__DUMMY__ 0.8899943503316862 off 0.06121191883872553 neg 0.04879373082958835	false	0.5
desinteressiert	neg 1.0		__DUMMY__ 0.8754942843976949 off 0.07454848088902816 neg 0.049957234713276975	false	0.5
armselig	off 1.0		__DUMMY__ 0.8736520771992273 off 0.07695608596583937 neg 0.04939183683493336	false	1.0
desaster	neg 1.0		__DUMMY__ 0.8865284212215875 off 0.06105681933786338 neg 0.052414759440549075	false	0.5
tod	neg 1.0		__DUMMY__ 0.8869795738253159 off 0.06312989613231612 neg 0.04989053004236792	false	0.5
herzlos	neg 1.0		__DUMMY__ 0.8740702913878433 off 0.07629634717150888 neg 0.04963336144064777	false	0.5
unwissenheit	neg 1.0		__DUMMY__ 0.8840672837868334 off 0.06506992616084123 neg 0.050862790052325385	false	0.5
widersinnig	neg 1.0		__DUMMY__ 0.8809870226244678 off 0.06664297486404126 neg 0.05237000251149088	false	0.5
bedenklich	neg 1.0		__DUMMY__ 0.8842525859381883 off 0.06421996153060831 neg 0.05152745253120328	false	0.5
beanstanden	neg 1.0		__DUMMY__ 0.8886692162024444 off 0.06224573360913321 neg 0.04908505018842245	false	0.5
panisch	neg 1.0		__DUMMY__ 0.8828278156881831 off 0.06881639008702571 neg 0.04835579422479106	false	0.5
debil	off 1.0		__DUMMY__ 0.8948831516163506 off 0.05553072784051272 neg 0.0495861205431366	false	1.0
abstrich	neg 1.0		__DUMMY__ 0.8885317617647763 off 0.06485748370148112 neg 0.046610754533742624	false	0.5
primitiv	neg 1.0		__DUMMY__ 0.8752064748097247 off 0.07477672178763943 neg 0.050016803402635826	false	0.5
abschaum	off 1.0	off 1.0	off 0.5255172838446917 __DUMMY__ 0.4374888470252983 neg 0.03699386913001004	false	1.0
provozieren	neg 1.0		__DUMMY__ 0.880990222313387 off 0.06828577325724537 neg 0.050724004429367676	false	0.5
tot	neg 1.0		__DUMMY__ 0.8866343338347137 off 0.06463031102919672 neg 0.048735355136089495	false	0.5
instabil	neg 1.0		__DUMMY__ 0.8732262477940659 off 0.07719727783907088 neg 0.0495764743668632	false	0.5
schwuchtel	off 1.0	off 1.0	off 0.5372229839717704 __DUMMY__ 0.4262093050826044 neg 0.03656771094562512	false	1.0
zerren	neg 1.0		__DUMMY__ 0.8859730641300962 off 0.06455905733919437 neg 0.04946787853070939	false	0.5
kinderficker	off 1.0		__DUMMY__ 0.8717686537899665 off 0.07934946143378137 neg 0.048881884776252174	false	1.0
gefahr	neg 1.0		__DUMMY__ 0.8887702965872664 off 0.062101231027062574 neg 0.04912847238567105	false	0.5
rabiat	neg 1.0		__DUMMY__ 0.8820618530890327 off 0.06642967028215192 neg 0.0515084766288153	false	0.5
verlangsamung	neg 1.0		__DUMMY__ 0.8702061964620597 off 0.08116300239138734 neg 0.048630801146553056	false	0.5
ausgestorben	neg 1.0		__DUMMY__ 0.8840225876902442 off 0.06598830090285139 neg 0.049989111406904374	false	0.5
anklagen	neg 1.0		__DUMMY__ 0.8835515674627642 off 0.06574433347362184 neg 0.05070409906361397	false	0.5
trott	neg 1.0		__DUMMY__ 0.8834871699460962 off 0.06709389349586763 neg 0.04941893655803615	false	0.5
verminderung	neg 1.0		__DUMMY__ 0.8762241778088439 off 0.07348755732970001 neg 0.05028826486145608	false	0.5
nach			__DUMMY__ 0.8950153189882678 off 0.056438707473073564 neg 0.0485459735386586	false	0.0
rost	neg 1.0		__DUMMY__ 0.8714417944101004 off 0.08217997861133298 neg 0.046378226978566535	false	0.5
destruktiv	neg 1.0		__DUMMY__ 0.8811233939420604 off 0.06715916023305453 neg 0.051717445824885085	false	0.5
unzumutbarkeit	neg 1.0		__DUMMY__ 0.8805209552269788 off 0.07362557368940724 neg 0.045853471083613914	false	0.5
labil	off 1.0	off 1.0	off 0.5249827931869542 __DUMMY__ 0.43749566589385724 neg 0.03752154091918854	false	1.0
ziemlich	neg 1.0		__DUMMY__ 0.8786853294275823 off 0.07295567525335539 neg 0.04835899531906232	false	0.5
lachnummer	off 1.0		__DUMMY__ 0.8821602254959072 off 0.06791571626639359 neg 0.04992405823769917	false	1.0
oder			__DUMMY__ 0.8840098849469655 off 0.06750495731410919 neg 0.04848515773892534	false	0.0
verfall	neg 1.0		__DUMMY__ 0.8883701271405767 off 0.05895084456983628 neg 0.05267902828958702	false	0.5
ausgrenzung	neg 1.0		__DUMMY__ 0.8798754859290248 off 0.06979894142657672 neg 0.050325572644398506	false	0.5
unordnung	neg 1.0		__DUMMY__ 0.8765107459063665 off 0.07760196188492492 neg 0.0458872922087086	false	0.5
fehlverhalten	neg 1.0		__DUMMY__ 0.8858202020697427 off 0.06341062663973476 neg 0.05076917129052244	false	0.5
eine			__DUMMY__ 0.8881183040504549 off 0.061111178719863955 neg 0.05077051722968114	false	0.0
nille	neg 1.0		__DUMMY__ 0.8834610670304192 off 0.06762943271242132 neg 0.048909500257159524	false	0.5
qual	neg 1.0		__DUMMY__ 0.8835641486711153 off 0.06678656353573573 neg 0.04964928779314894	false	0.5
verschwenden	neg 1.0		__DUMMY__ 0.8850652788961747 off 0.06292286954522157 neg 0.0520118515586037	false	0.5
riesig	neg 1.0		__DUMMY__ 0.8892092137617387 off 0.06311499758132391 neg 0.04767578865693735	false	0.5
verurteilen	neg 1.0		__DUMMY__ 0.8831436152058187 off 0.06559281259217345 neg 0.05126357220200777	false	0.5
klischee	neg 1.0	neg 1.0	neg 0.5086732941422896 __DUMMY__ 0.43717243796925953 off 0.05415426788845105	false	1.0
diktatorisch	neg 1.0		__DUMMY__ 0.8785358110129347 off 0.07001490948871483 neg 0.05144927949835049	false	0.5
vorhersehbar	neg 1.0		__DUMMY__ 0.8778263751692953 off 0.0705170218972091 neg 0.05165660293349568	false	0.5
sowie			__DUMMY__ 0.8707695060207735 off 0.07858037392057181 neg 0.05065012005865473	false	0.0
stornieren	neg 1.0		__DUMMY__ 0.8874444355437802 off 0.06998316689488665 neg 0.04257239756133318	false	0.5
besteuerung	neg 1.0	neg 1.0	neg 0.5109380374409621 __DUMMY__ 0.43740142555045464 off 0.05166053700858324	false	1.0
ungeschminkt	neg 1.0		__DUMMY__ 0.8769984270195457 off 0.07443628675310172 neg 0.04856528622735261	false	0.5
kritisch	neg 1.0		__DUMMY__ 0.884571550216724 off 0.06515590138351035 neg 0.05027254839976569	false	0.5
schlamperei	off 1.0		__DUMMY__ 0.8861737467450714 off 0.06381905739581495 neg 0.05000719585911352	false	1.0
sucht	neg 1.0	neg 1.0	neg 0.5045141553619874 __DUMMY__ 0.44377529282648415 off 0.05171055181152846	false	1.0
egoistisch	off 1.0	off 1.0	off 0.5297550752702901 __DUMMY__ 0.43338808838788867 neg 0.0368568363418212	false	1.0
ausbeuter	off 1.0		__DUMMY__ 0.8839467142797475 off 0.06318560340096209 neg 0.05286768231929052	false	1.0
arschgeburt	off 1.0		__DUMMY__ 0.8635886761516343 off 0.08867472815074127 neg 0.047736595697624395	false	1.0
schubs	neg 1.0		__DUMMY__ 0.8849125907867184 off 0.06364551063295425 neg 0.051441898580327494	false	0.5
unsolide	neg 1.0		__DUMMY__ 0.8796581338978228 off 0.07033169526009118 neg 0.050010170842085984	false	0.5
beschwerde	neg 1.0		__DUMMY__ 0.8852428304137855 off 0.06540661360932545 neg 0.04935055597688911	false	0.5
stocken	neg 1.0		__DUMMY__ 0.886232231990938 off 0.06431072616840769 neg 0.04945704184065434	false	0.5
isolieren	neg 1.0		__DUMMY__ 0.8852946185840519 off 0.06540177514854179 neg 0.04930360626740636	false	0.5
unheilbar	neg 1.0		__DUMMY__ 0.8812217360142669 off 0.06743187506847478 neg 0.05134638891725831	false	0.5
pisser	off 1.0	off 1.0	off 0.5278096451109633 __DUMMY__ 0.4368182361541139 neg 0.03537211873492282	false	1.0
löschen	neg 1.0		__DUMMY__ 0.883015406681151 off 0.06784288450068185 neg 0.04914170881816717	false	0.5
durchfallen	neg 1.0		__DUMMY__ 0.8845569310799182 off 0.06479620344507789 neg 0.050646865475003945	false	0.5
wichser	off 1.0	off 1.0	off 0.5338474566964166 __DUMMY__ 0.428431056531214 neg 0.0377214867723693	false	1.0
terror	neg 1.0		__DUMMY__ 0.8813568088852395 off 0.07044260758479991 neg 0.04820058352996055	false	0.5
krass	neg 1.0		__DUMMY__ 0.8732553367670328 off 0.07773827742286514 neg 0.04900638581010214	false	0.5
revolte	neg 1.0		__DUMMY__ 0.8749055071083246 off 0.07137064963405357 neg 0.05372384325762181	false	0.5
besorgt	neg 1.0		__DUMMY__ 0.8870766077677317 off 0.06511073859451227 neg 0.047812653637756115	false	0.5
nachlassen	neg 1.0		__DUMMY__ 0.8869796123386144 off 0.0639600772286163 neg 0.0490603104327692	false	0.5
alt	neg 1.0		__DUMMY__ 0.8819771134809588 off 0.06324913610800287 neg 0.0547737504110384	false	0.5
hundesohn	off 1.0	off 1.0	off 0.5333451931729216 __DUMMY__ 0.4313284234790547 neg 0.03532638334802374	false	1.0
als			__DUMMY__ 0.8837321061070991 off 0.06518876267216242 neg 0.051079131220738413	false	0.0
abschreckung	neg 1.0		__DUMMY__ 0.8861189044100007 off 0.06260279379651272 neg 0.05127830179348648	false	0.5
unqualifiziert	neg 1.0		__DUMMY__ 0.8781747840391217 off 0.07195057827571709 neg 0.04987463768516123	false	0.5
abgewichst	off 1.0		__DUMMY__ 0.8847071517658895 off 0.06682143130045332 neg 0.04847141693365723	false	1.0
schwer	neg 1.0		__DUMMY__ 0.882450560702122 off 0.06664239947041645 neg 0.05090703982746149	false	0.5
bedeutungslosigkeit	neg 1.0		__DUMMY__ 0.8856998158089002 off 0.06310097820492117 neg 0.05119920598617864	false	0.5
kapitulation	neg 1.0		__DUMMY__ 0.8821956785498811 off 0.06486966849390659 neg 0.052934652956212296	false	0.5
unscharf	neg 1.0		__DUMMY__ 0.8772046051452663 off 0.068880263847079 neg 0.05391513100765463	false	0.5
schwinden	neg 1.0		__DUMMY__ 0.8854931785379021 off 0.06317267360553955 neg 0.05133414785655843	false	0.5
versklavung	neg 1.0	neg 1.0	neg 0.5090648847488547 __DUMMY__ 0.4383837193904174 off 0.05255139586072791	false	1.0
schlecht	neg 1.0		__DUMMY__ 0.87885710959286 off 0.07314834765013964 neg 0.04799454275700029	false	0.5
verhasst	neg 1.0		__DUMMY__ 0.8801085897009092 off 0.06900273189244531 neg 0.05088867840664546	false	0.5
beschweren	neg 1.0		__DUMMY__ 0.8820942712682027 off 0.06920188529128747 neg 0.048703843440509924	false	0.5
scheiden	neg 1.0		__DUMMY__ 0.8834508075549531 off 0.06687961083484713 neg 0.04966958161019974	false	0.5
frustriert	neg 1.0		__DUMMY__ 0.884157100714027 off 0.06587469077642555 neg 0.049968208509547515	false	0.5
schimmelig	neg 1.0		__DUMMY__ 0.88461118670874 off 0.06364883733111724 neg 0.051739975960142674	false	0.5
fisch	neg 1.0		__DUMMY__ 0.8855937661935462 off 0.06031784470760053 neg 0.054088389098853315	false	0.5
schmuggel	neg 1.0		__DUMMY__ 0.8899615595029542 off 0.06122053400121997 neg 0.048817906495825944	false	0.5
auffallen	neg 1.0		__DUMMY__ 0.8808410177338262 off 0.06962233883901787 neg 0.049536643427155906	false	0.5
konkurrenz	neg 1.0		__DUMMY__ 0.888256671493076 off 0.0626594027692107 neg 0.04908392573771336	false	0.5
teufelskreis	neg 1.0	neg 1.0	neg 0.5104179292780621 __DUMMY__ 0.4390695191605861 off 0.05051255156135168	false	1.0
aufschreien	neg 1.0		__DUMMY__ 0.8786932127065187 off 0.07032552081169902 neg 0.050981266481782285	false	0.5
schuldner	neg 1.0		__DUMMY__ 0.8839632180373393 off 0.06292950785947782 neg 0.053107274103182826	false	0.5
missgeburt	off 1.0	off 1.0	off 0.5317963761363165 __DUMMY__ 0.4343926142427431 neg 0.03381100962094054	false	1.0
arbeitslos	neg 1.0		__DUMMY__ 0.8846484978105689 off 0.06479490515467248 neg 0.050556597034758594	false	0.5
befallen	neg 1.0		__DUMMY__ 0.88222301884225 off 0.06646878851271265 neg 0.05130819264503748	false	0.5
miesepetrig	off 1.0	off 1.0	off 0.5245710626814374 __DUMMY__ 0.43728057027237444 neg 0.03814836704618818	false	1.0
alarmieren	neg 1.0		__DUMMY__ 0.8787327703170278 off 0.07242642836326305 neg 0.048840801319709276	false	0.5
ungeduscht	off 1.0		__DUMMY__ 0.8784160667220327 off 0.07124059490725278 neg 0.05034333837071454	false	1.0
knappheit	neg 1.0		__DUMMY__ 0.8828470350628408 off 0.06514857978785349 neg 0.0520043851493057	false	0.5
schlange	neg 1.0		__DUMMY__ 0.8839296819801994 off 0.06740958112956315 neg 0.048660736890237484	false	0.5
harsch	neg 1.0		__DUMMY__ 0.8785900297399531 off 0.07743012213280899 neg 0.04397984812723784	false	0.5
lang	neg 1.0		__DUMMY__ 0.8823975835593357 off 0.06862152428106945 neg 0.048980892159594794	false	0.5
ziellos	neg 1.0		__DUMMY__ 0.8875118640601705 off 0.06303083491847519 neg 0.04945730102135426	false	0.5
selbstverliebt	neg 1.0		__DUMMY__ 0.8665920215034251 off 0.08540202701135768 neg 0.048005951485217316	false	0.5
beseitigen	neg 1.0		__DUMMY__ 0.8883155825623777 off 0.06712313251608316 neg 0.04456128492153909	false	0.5
dumm	off 1.0		__DUMMY__ 0.8703982305777924 off 0.08008071606103764 neg 0.04952105336116992	false	1.0
arbeitsloser	neg 1.0		__DUMMY__ 0.8874216196611343 off 0.06490964006572994 neg 0.04766874027313578	false	0.5
blitzen	neg 1.0		__DUMMY__ 0.8788717435470106 off 0.07139557708536025 neg 0.04973267936762917	false	0.5
hilflos	neg 1.0		__DUMMY__ 0.8845906572107836 off 0.06473051994895174 neg 0.05067882284026468	false	0.5
eklig	off 1.0		__DUMMY__ 0.8687599008253184 off 0.08047684956257174 neg 0.05076324961210979	false	1.0
begriff			__DUMMY__ 0.882485093385845 off 0.06686311261458273 neg 0.05065179399957229	false	0.0
hungersnot	neg 1.0		__DUMMY__ 0.881412728199456 off 0.06510828243966675 neg 0.05347898936087733	false	0.5
ungesetzlich	neg 1.0		__DUMMY__ 0.8788638532222421 off 0.07013393889832267 neg 0.05100220787943523	false	0.5
verschwendung	neg 1.0		__DUMMY__ 0.8857825174431498 off 0.06295308766868636 neg 0.05126439488816374	false	0.5
schmerzvoll	neg 1.0		__DUMMY__ 0.8804295671714657 off 0.06875251373404001 neg 0.050817919094494415	false	0.5
vorzeitig	neg 1.0		__DUMMY__ 0.8802907418510844 off 0.072518269192552 neg 0.04719098895636368	false	0.5
unvollkommenheit	neg 1.0		__DUMMY__ 0.8845492085844101 off 0.065521277374658 neg 0.04992951404093188	false	0.5
intervenieren	neg 1.0		__DUMMY__ 0.8837185946686773 off 0.06384336552480398 neg 0.05243803980651873	false	0.5
banause	off 1.0		__DUMMY__ 0.8651532709143882 off 0.08208514616204336 neg 0.05276158292356838	false	1.0
rebell	neg 1.0		__DUMMY__ 0.8894054527779733 off 0.058884445790754664 neg 0.05171010143127206	false	0.5
unlogisch	neg 1.0		__DUMMY__ 0.8746003128580235 off 0.07571642868068587 neg 0.04968325846129055	false	0.5
leiden	neg 1.0		__DUMMY__ 0.8903939163468008 off 0.06124825944804959 neg 0.048357824205149696	false	0.5
abschaffung	neg 1.0		__DUMMY__ 0.8804077768103863 off 0.06853955944068618 neg 0.05105266374892758	false	0.5
sturz	neg 1.0		__DUMMY__ 0.8858399025704272 off 0.06941075666401778 neg 0.04474934076555507	false	0.5
verkleinerung	neg 1.0		__DUMMY__ 0.8765448345149996 off 0.07182201905424758 neg 0.05163314643075276	false	0.5
schmarotzer	off 1.0		__DUMMY__ 0.883085771026025 off 0.0657394563250869 neg 0.05117477264888798	false	1.0
bestrafung	neg 1.0	neg 1.0	neg 0.5075210025709548 __DUMMY__ 0.4410146461099439 off 0.051464351319101424	false	1.0
achtlos	neg 1.0		__DUMMY__ 0.8844292637022177 off 0.06574730657635186 neg 0.04982342972143034	false	0.5
ungeheuer	neg 1.0		__DUMMY__ 0.8812828374101338 off 0.0675217320145985 neg 0.0511954305752676	false	0.5
unaufrichtig	neg 1.0		__DUMMY__ 0.8794564192832491 off 0.0719004919086804 neg 0.0486430888080705	false	0.5
