unsolidarisch	neg 1.0		off 0.3832746611014701 __DUMMY__ 0.3271940491578266 neg 0.2895312897407032	false	0.5
nachteilig	neg 1.0		off 0.3812391303957307 __DUMMY__ 0.3319665466090264 neg 0.28679432299524277	false	0.5
skeptisch	neg 1.0		off 0.378676489420354 __DUMMY__ 0.33120168801722005 neg 0.2901218225624259	false	0.5
schrecklich	neg 1.0		off 0.392510164018621 __DUMMY__ 0.3244109491366693 neg 0.28307888684470983	false	0.5
schlapp	neg 1.0	neg 1.0	neg 0.6278620575810817 off 0.21479484554074774 __DUMMY__ 0.1573430968781706	false	1.0
abfall	neg 1.0		off 0.3760644536979667 __DUMMY__ 0.33323897199345004 neg 0.2906965743085832	false	0.5
widerspenstig	neg 1.0		off 0.3822652586430155 __DUMMY__ 0.3285396701087404 neg 0.2891950712482439	false	0.5
abrupt	neg 1.0		off 0.37795466588918836 __DUMMY__ 0.33096253436251905 neg 0.29108279974829265	false	0.5
unwirksam	neg 1.0		off 0.382162734742987 __DUMMY__ 0.3263844095772206 neg 0.29145285567979246	false	0.5
angreifen	neg 1.0		off 0.37799533899071186 __DUMMY__ 0.3314014787099372 neg 0.29060318229935095	false	0.5
inkonsistent	neg 1.0		off 0.38560303184577976 __DUMMY__ 0.3268727075007216 neg 0.2875242606534986	false	0.5
abrutschen	neg 1.0		off 0.3752855287884443 __DUMMY__ 0.33290612370708916 neg 0.2918083475044665	false	0.5
unsicher	neg 1.0		off 0.3836837783728133 __DUMMY__ 0.32954454289009394 neg 0.2867716787370929	false	0.5
bauernkind	off 1.0	off 1.0	off 0.6875722189436708 neg 0.15732227182415592 __DUMMY__ 0.15510550923217326	false	1.0
angreifer	neg 1.0		off 0.38912950478933256 __DUMMY__ 0.32919697150228727 neg 0.28167352370838017	false	0.5
trennen	neg 1.0		off 0.37834662430676497 __DUMMY__ 0.3321529263397844 neg 0.28950044935345054	false	0.5
schmutz	neg 1.0		off 0.39079370304764177 __DUMMY__ 0.33197380255445946 neg 0.27723249439789877	false	0.5
inkonsistenz	neg 1.0		off 0.38819432684980165 __DUMMY__ 0.3263023450728216 neg 0.2855033280773769	false	0.5
erschreckend	neg 1.0		off 0.38252223879928454 __DUMMY__ 0.3292151466494158 neg 0.2882626145512998	false	0.5
ertrinken	neg 1.0		off 0.37708716996461095 __DUMMY__ 0.3310700548187812 neg 0.2918427752166078	false	0.5
pickelface	off 1.0		off 0.38496707418427184 __DUMMY__ 0.32956624176668176 neg 0.2854666840490464	false	1.0
seiner			off 0.37897978512454444 __DUMMY__ 0.331860158568404 neg 0.2891600563070514	false	0.0
lauch	neg 1.0	neg 1.0	neg 0.6302452771813659 off 0.2083487931488298 __DUMMY__ 0.16140592966980422	false	1.0
unwichtig	neg 1.0		off 0.3881914899579217 __DUMMY__ 0.32637739589347053 neg 0.2854311141486078	false	0.5
steuerhinterziehung	neg 1.0		off 0.38177201747184153 __DUMMY__ 0.32813307952867193 neg 0.29009490299948665	false	0.5
schock	neg 1.0		off 0.38199559785655424 __DUMMY__ 0.33004888012812134 neg 0.2879555220153245	false	0.5
beule	neg 1.0		off 0.3904308733071653 __DUMMY__ 0.32497702052287764 neg 0.28459210616995706	false	0.5
vergelten	neg 1.0		off 0.3946295537488291 __DUMMY__ 0.32503327765378637 neg 0.2803371685973845	false	0.5
verdorbenheit	neg 1.0		off 0.38631563566582156 __DUMMY__ 0.32997790226123713 neg 0.28370646207294137	false	0.5
trauma	neg 1.0		off 0.3849052653106204 __DUMMY__ 0.3282286538779245 neg 0.286866080811455	false	0.5
sinnlos	neg 1.0		off 0.3855956134184131 __DUMMY__ 0.32820086955442884 neg 0.28620351702715807	false	0.5
fettsack	off 1.0	off 1.0	off 0.6888230230930766 neg 0.1558327047818165 __DUMMY__ 0.15534427212510687	false	1.0
feige	off 1.0	off 1.0	off 0.6850637912274096 neg 0.15796055264350786 __DUMMY__ 0.1569756561290825	false	1.0
abdanken	neg 1.0		off 0.3833409963747239 __DUMMY__ 0.32943824403905175 neg 0.28722075958622434	false	0.5
wichtigtuer	off 1.0	off 1.0	off 0.6834929185191634 neg 0.15833909768037974 __DUMMY__ 0.15816798380045685	false	1.0
misslingen	neg 1.0		off 0.3875951434227405 __DUMMY__ 0.3309858056588165 neg 0.28141905091844294	false	0.5
untreu	off 1.0		off 0.3894590927388289 __DUMMY__ 0.3257948840483823 neg 0.28474602321278886	false	1.0
missmutig	neg 1.0		off 0.3862580790552009 __DUMMY__ 0.326292657264059 neg 0.28744926368074025	false	0.5
hurenbock	off 1.0		off 0.3840946413305653 __DUMMY__ 0.32861004111281994 neg 0.28729531755661486	false	1.0
betrunken	neg 1.0		off 0.3913469717089102 __DUMMY__ 0.32480772703700317 neg 0.2838453012540867	false	0.5
korrupt	off 1.0		off 0.38076543952142516 __DUMMY__ 0.3278296431639594 neg 0.2914049173146154	false	1.0
unmut	neg 1.0		off 0.37695867507898184 __DUMMY__ 0.33212405723284577 neg 0.29091726768817233	false	0.5
hackfresse	off 1.0		off 0.3970275860739711 __DUMMY__ 0.322082655143998 neg 0.2808897587820308	false	1.0
aufblasen	neg 1.0		off 0.38374335784289204 __DUMMY__ 0.3287640912239273 neg 0.2874925509331806	false	0.5
gewaltsam	neg 1.0		off 0.3841126748824234 __DUMMY__ 0.3300838623765597 neg 0.28580346274101687	false	0.5
unbeliebtheit	neg 1.0		off 0.39038926857912976 __DUMMY__ 0.3264670480945731 neg 0.2831436833262972	false	0.5
sturheit	neg 1.0		off 0.3828540096173879 __DUMMY__ 0.3297102700715548 neg 0.28743572031105735	false	0.5
kuh	neg 1.0		off 0.38437814029291606 __DUMMY__ 0.32454081331444273 neg 0.2910810463926412	false	0.5
erschrecken	neg 1.0		off 0.38769134658273086 __DUMMY__ 0.3272320394192869 neg 0.28507661399798223	false	0.5
opfer	neg 1.0		off 0.38046331943276024 __DUMMY__ 0.33110846840209124 neg 0.28842821216514847	false	0.5
sinken	neg 1.0		off 0.37708112159580254 __DUMMY__ 0.33131502036413696 neg 0.29160385804006056	false	0.5
stinktier	neg 1.0		off 0.3932957111194841 __DUMMY__ 0.32136114706342794 neg 0.28534314181708803	false	0.5
tucke	off 1.0		off 0.3980452641556986 __DUMMY__ 0.3196681040302748 neg 0.28228663181402674	false	1.0
ein			off 0.38176186081104196 __DUMMY__ 0.328407878364867 neg 0.2898302608240911	false	0.0
abstieg	neg 1.0		off 0.3830270889049446 __DUMMY__ 0.33183922620843953 neg 0.28513368488661583	false	0.5
missverstehen	neg 1.0		off 0.3860669089403916 __DUMMY__ 0.3273256963146166 neg 0.28660739474499164	false	0.5
ergebnislos	neg 1.0		off 0.3810739406821383 __DUMMY__ 0.3320312695145322 neg 0.2868947898033295	false	0.5
unter			off 0.3727775936028637 __DUMMY__ 0.3361582594845096 neg 0.2910641469126267	false	0.0
manipulieren	neg 1.0		off 0.37943849658746387 __DUMMY__ 0.33142309214947013 neg 0.28913841126306605	false	0.5
unbewiesen	neg 1.0		off 0.3842902187145895 __DUMMY__ 0.32789183533533006 neg 0.2878179459500804	false	0.5
verschleppen	neg 1.0		off 0.3802592092429096 __DUMMY__ 0.3296423484457365 neg 0.2900984423113539	false	0.5
weib	off 1.0		off 0.39921787364260725 __DUMMY__ 0.32088558239149384 neg 0.27989654396589886	false	1.0
opposition	neg 1.0		off 0.3846403986243062 __DUMMY__ 0.3274204326276292 neg 0.2879391687480646	false	0.5
verkehrswidrig	neg 1.0		off 0.39700593338901013 __DUMMY__ 0.3265617245987612 neg 0.27643234201222866	false	0.5
inkorrekt	neg 1.0		off 0.3918109312499707 __DUMMY__ 0.3239361027755344 neg 0.28425296597449484	false	0.5
vermeiden	neg 1.0		off 0.3761032534610709 __DUMMY__ 0.33435901506291515 neg 0.289537731476014	false	0.5
abweichung	neg 1.0		off 0.38224205253212007 __DUMMY__ 0.33105833449977845 neg 0.2866996129681015	false	0.5
alkoholisiert	neg 1.0		off 0.3823810581952907 __DUMMY__ 0.33506380055677826 neg 0.2825551412479308	false	0.5
scheiss	off 1.0	off 1.0	off 0.6860720200626896 neg 0.15723524919411067 __DUMMY__ 0.15669273074319975	false	1.0
herausforderung	neg 1.0		off 0.3813532089526289 __DUMMY__ 0.330590234144287 neg 0.28805655690308407	false	0.5
pervers	off 1.0		off 0.4013195229505972 __DUMMY__ 0.31961584400084075 neg 0.279064633048562	false	1.0
wackelig	neg 1.0		off 0.3813111245432908 __DUMMY__ 0.3307823324731583 neg 0.28790654298355095	false	0.5
verwickeln	neg 1.0		off 0.38518643921375134 __DUMMY__ 0.3277838641544747 neg 0.28702969663177397	false	0.5
vorwand	neg 1.0		off 0.3777433957293822 __DUMMY__ 0.331697053111526 neg 0.2905595511590918	false	0.5
muschi	off 1.0		off 0.3843145550463822 __DUMMY__ 0.3305417265772023 neg 0.2851437183764156	false	1.0
entmutigung	neg 1.0		off 0.38442534429842845 __DUMMY__ 0.3258987999736008 neg 0.2896758557279708	false	0.5
unangemessen	neg 1.0		off 0.38214233797504044 __DUMMY__ 0.32942817359702053 neg 0.2884294884279391	false	0.5
unstetig	neg 1.0		off 0.38857440109343094 __DUMMY__ 0.3277904526312515 neg 0.28363514627531766	false	0.5
entmutigen	neg 1.0		off 0.3835778088676331 __DUMMY__ 0.3277221091103355 neg 0.28870008202203146	false	0.5
schwanz	neg 1.0		off 0.38205648246898904 __DUMMY__ 0.3312290335879503 neg 0.2867144839430607	false	0.5
verbot	neg 1.0		off 0.38156348784149463 __DUMMY__ 0.329119181625759 neg 0.28931733053274633	false	0.5
leid	neg 1.0		off 0.39406597419727635 __DUMMY__ 0.3234475312113963 neg 0.28248649459132735	false	0.5
archaisch	neg 1.0		off 0.3816338639632658 __DUMMY__ 0.3292825688531167 neg 0.28908356718361755	false	0.5
gegen			off 0.37825004800790873 __DUMMY__ 0.33280684925283455 neg 0.28894310273925683	false	0.0
scheidung	neg 1.0		off 0.40790551461676 __DUMMY__ 0.32143162323533664 neg 0.27066286214790347	false	0.5
einschlag	neg 1.0		off 0.39471887016954954 __DUMMY__ 0.32619280220750263 neg 0.2790883276229477	false	0.5
m			off 0.38203382232103356 __DUMMY__ 0.3306947653752852 neg 0.28727141230368136	false	0.0
abgestanden	neg 1.0		off 0.38119993015392994 __DUMMY__ 0.32607833291553034 neg 0.29272173693053966	false	0.5
schmierig	off 1.0		off 0.3935139622580633 __DUMMY__ 0.323389029244426 neg 0.28309700849751074	false	1.0
unpraktisch	neg 1.0		off 0.3853524450755987 __DUMMY__ 0.32880640632119645 neg 0.2858411486032049	false	0.5
wixxer	off 1.0		off 0.40139358067388425 __DUMMY__ 0.31905252266673156 neg 0.2795538966593841	false	1.0
bezeichnet			off 0.38406813272736046 __DUMMY__ 0.3291681007281168 neg 0.2867637665445228	false	0.0
jammerlappen	off 1.0		off 0.3884885170945675 __DUMMY__ 0.3262900057809544 neg 0.2852214771244781	false	1.0
farce	neg 1.0		off 0.3829009454185344 __DUMMY__ 0.32805027197200465 neg 0.28904878260946104	false	0.5
zwecklos	neg 1.0		off 0.38085068141389916 __DUMMY__ 0.3295474075316965 neg 0.28960191105440425	false	0.5
turbulent	neg 1.0		off 0.3915911908797441 __DUMMY__ 0.32584461647433993 neg 0.28256419264591587	false	0.5
invasion	neg 1.0		off 0.3864457439289143 __DUMMY__ 0.32790189581038737 neg 0.2856523602606983	false	0.5
schuld	neg 1.0		off 0.384642786351098 __DUMMY__ 0.32831715427317826 neg 0.2870400593757238	false	0.5
risiko	neg 1.0		off 0.3858925454125768 __DUMMY__ 0.32790457428052944 neg 0.2862028803068937	false	0.5
finster	neg 1.0		off 0.38208942584341715 __DUMMY__ 0.32788469118710034 neg 0.29002588296948245	false	0.5
geisteskrank	off 1.0		off 0.3906921676527574 __DUMMY__ 0.3246829797593699 neg 0.28462485258787273	false	1.0
zusammenbrechen	neg 1.0		off 0.3811641947501887 __DUMMY__ 0.32960594485643024 neg 0.28922986039338094	false	0.5
ausbeute	neg 1.0		off 0.38335275428757876 __DUMMY__ 0.3305963958887868 neg 0.28605084982363427	false	0.5
hinterhalt	neg 1.0		off 0.3824679821901143 __DUMMY__ 0.32987604060036607 neg 0.2876559772095196	false	0.5
kritik	neg 1.0		off 0.38239830658415513 __DUMMY__ 0.3279565110440218 neg 0.28964518237182296	false	0.5
einschrumpfen	neg 1.0		off 0.38838800028015624 __DUMMY__ 0.3256530574406171 neg 0.2859589422792267	false	0.5
riskant	neg 1.0		off 0.37887391594042125 __DUMMY__ 0.33103228182698885 neg 0.29009380223258985	false	0.5
frustrieren	neg 1.0		off 0.37943733307339594 __DUMMY__ 0.3302593426978737 neg 0.29030332422873023	false	0.5
groll	neg 1.0		off 0.3816396916706337 __DUMMY__ 0.33006193361261077 neg 0.2882983747167555	false	0.5
gibt			off 0.38118483005925574 __DUMMY__ 0.33030046657438855 neg 0.2885147033663559	false	0.0
qualvoll	neg 1.0		off 0.38533416583140706 __DUMMY__ 0.32763664515468405 neg 0.2870291890139089	false	0.5
wackeln	neg 1.0		off 0.383519109303518 __DUMMY__ 0.32939588870921455 neg 0.28708500198726755	false	0.5
klagen	neg 1.0		off 0.377881871845942 __DUMMY__ 0.3314274767685562 neg 0.29069065138550193	false	0.5
bankrott	neg 1.0		off 0.3894228250167891 __DUMMY__ 0.3279777792908796 neg 0.2825993956923311	false	0.5
trauern	neg 1.0		off 0.38048047581894673 __DUMMY__ 0.3326513121186166 neg 0.2868682120624367	false	0.5
ablehnung	neg 1.0		off 0.38238417233558186 __DUMMY__ 0.3288642845057711 neg 0.2887515431586472	false	0.5
stur	neg 1.0		off 0.38424332694431307 __DUMMY__ 0.3278926454240835 neg 0.2878640276316035	false	0.5
aufruhr	neg 1.0		off 0.38272244840777125 __DUMMY__ 0.3279040366272987 neg 0.28937351496493013	false	0.5
melancholie	neg 1.0		off 0.37768117902145376 __DUMMY__ 0.33013747908094765 neg 0.29218134189759853	false	0.5
ist			off 0.3851835578002014 __DUMMY__ 0.32816074710347803 neg 0.28665569509632055	false	0.0
torheit	neg 1.0		off 0.3844643526327693 __DUMMY__ 0.3279357711577298 neg 0.2875998762095009	false	0.5
dreckskind	off 1.0		off 0.39835019237827574 __DUMMY__ 0.32158661020581514 neg 0.280063197415909	false	1.0
umtauschen	neg 1.0		off 0.3829999842627801 __DUMMY__ 0.32936631459820764 neg 0.2876337011390122	false	0.5
zum			off 0.3776273349183894 __DUMMY__ 0.33595817737695666 neg 0.28641448770465394	false	0.0
zersetzen	neg 1.0		off 0.37821791728092274 __DUMMY__ 0.33052013198453756 neg 0.2912619507345397	false	0.5
zur			off 0.3763321426151864 __DUMMY__ 0.3344128441610106 neg 0.2892550132238031	false	0.0
frust	neg 1.0		off 0.38087757089414703 __DUMMY__ 0.3297052639287571 neg 0.2894171651770958	false	0.5
unerbittlichkeit	neg 1.0		off 0.3799607940117823 __DUMMY__ 0.3311476131498498 neg 0.2888915928383679	false	0.5
zwei			off 0.37568755116552316 __DUMMY__ 0.33451025029486 neg 0.28980219853961675	false	0.0
unkorrekt	neg 1.0		off 0.3907579603907179 __DUMMY__ 0.32458554022479397 neg 0.28465649938448806	false	0.5
hexe	off 1.0		off 0.387369308306597 __DUMMY__ 0.32528954869789617 neg 0.28734114299550695	false	1.0
lasch	neg 1.0		off 0.3876324540890053 __DUMMY__ 0.3267166261454603 neg 0.28565091976553436	false	0.5
rivale	neg 1.0		off 0.3932014417789813 __DUMMY__ 0.32498663076522033 neg 0.28181192745579836	false	0.5
mutlos	off 1.0	off 1.0	off 0.6801754119602903 neg 0.16044055899248807 __DUMMY__ 0.15938402904722163	false	1.0
wirr	off 1.0		off 0.39275746439230513 __DUMMY__ 0.3236270166514669 neg 0.2836155189562281	false	1.0
jahr			off 0.3811726265218059 __DUMMY__ 0.33372877977332543 neg 0.2850985937048687	false	0.0
wird			off 0.38077197571183624 __DUMMY__ 0.33069957438403436 neg 0.28852844990412957	false	0.0
strafbar	neg 1.0		off 0.3793747881603869 __DUMMY__ 0.33071523961630334 neg 0.28990997222330983	false	0.5
erosion	neg 1.0		off 0.3842103945165427 __DUMMY__ 0.32935382041501077 neg 0.2864357850684466	false	0.5
eingehen	neg 1.0		off 0.37894302974715194 __DUMMY__ 0.3300314403090137 neg 0.29102552994383435	false	0.5
faul	off 1.0		off 0.3884059637625502 __DUMMY__ 0.3273491891140714 neg 0.28424484712337855	false	1.0
provisorium	neg 1.0		off 0.37305347002875344 __DUMMY__ 0.33632193502223307 neg 0.29062459494901355	false	0.5
schmerzen	neg 1.0		off 0.38125084282854016 __DUMMY__ 0.3284821094278759 neg 0.29026704774358386	false	0.5
schrumpfen	neg 1.0		off 0.37448576057254696 __DUMMY__ 0.3322928721603166 neg 0.2932213672671363	false	0.5
geistlos	off 1.0		off 0.3853716373650889 __DUMMY__ 0.32611241176315026 neg 0.28851595087176085	false	1.0
fehlkauf	neg 1.0		off 0.38622716030154175 __DUMMY__ 0.32757839269382516 neg 0.2861944470046331	false	0.5
frustrierend	neg 1.0		off 0.3869894739300319 __DUMMY__ 0.32668590978613704 neg 0.28632461628383105	false	0.5
unzufrieden	neg 1.0		off 0.3810588363136594 __DUMMY__ 0.3300676691753573 neg 0.2888734945109834	false	0.5
verzweifeln	neg 1.0		off 0.3824330388129443 __DUMMY__ 0.3295702145250659 neg 0.2879967466619899	false	0.5
verzweifelt	neg 1.0		off 0.3844253768459437 __DUMMY__ 0.3279984338126514 neg 0.287576189341405	false	0.5
misstrauensantrag	neg 1.0		off 0.3855405363321842 __DUMMY__ 0.3277043942617249 neg 0.28675506940609097	false	0.5
abfallen	neg 1.0		off 0.38357791599952656 __DUMMY__ 0.32882587002260394 neg 0.2875962139778694	false	0.5
fucker	off 1.0		off 0.3927593248396761 __DUMMY__ 0.32556120048306275 neg 0.281679474677261	false	1.0
ungezogen	neg 1.0		off 0.39937328650724857 __DUMMY__ 0.32110264496855456 neg 0.27952406852419687	false	0.5
irrsinnig	neg 1.0	neg 1.0	neg 0.629241520497477 off 0.21228245818613098 __DUMMY__ 0.15847602131639207	false	1.0
unfassbar	neg 1.0		off 0.38962647744485324 __DUMMY__ 0.3260686998481403 neg 0.2843048227070064	false	0.5
hart	neg 1.0		off 0.38936286544454674 __DUMMY__ 0.324886372569048 neg 0.2857507619864053	false	0.5
widerlich	off 1.0		off 0.38972365325419656 __DUMMY__ 0.32525103937352223 neg 0.28502530737228127	false	1.0
fatal	neg 1.0	neg 1.0	neg 0.6298802226728772 off 0.2127549821511159 __DUMMY__ 0.15736479517600685	false	1.0
bruch	neg 1.0		off 0.37659942396053797 __DUMMY__ 0.3322642311276659 neg 0.29113634491179613	false	0.5
aushungern	neg 1.0		off 0.38132496127576015 __DUMMY__ 0.32861509892571933 neg 0.29005993979852057	false	0.5
anspannung	neg 1.0		off 0.37572787701301735 __DUMMY__ 0.3344293634092544 neg 0.2898427595777283	false	0.5
von			off 0.3792324736797892 __DUMMY__ 0.3327314474766413 neg 0.2880360788435696	false	0.0
kraftlos	neg 1.0		off 0.3803242624150523 __DUMMY__ 0.3300502913761159 neg 0.28962544620883185	false	0.5
vom			off 0.37467881986853735 __DUMMY__ 0.33731199356741437 neg 0.2880091865640482	false	0.0
grenzdebil	off 1.0		off 0.3895480911728986 __DUMMY__ 0.32542383464216046 neg 0.28502807418494097	false	1.0
vor			off 0.37700273010159757 __DUMMY__ 0.3323101635128886 neg 0.2906871063855138	false	0.0
unterwerfen	neg 1.0		off 0.3804154735742116 __DUMMY__ 0.33082214354671174 neg 0.2887623828790767	false	0.5
versenkung	neg 1.0		off 0.37999870016715664 __DUMMY__ 0.3313041774549264 neg 0.288697122377917	false	0.5
entziehen	neg 1.0		off 0.37771088550880394 __DUMMY__ 0.3318090614821769 neg 0.2904800530090191	false	0.5
finanzkrise	neg 1.0		off 0.3804967154580963 __DUMMY__ 0.32602176911998826 neg 0.2934815154219153	false	0.5
schimpfend	neg 1.0		off 0.3853132295642364 __DUMMY__ 0.32960645995585824 neg 0.2850803104799053	false	0.5
profan	neg 1.0		off 0.38566419046983 __DUMMY__ 0.3275318883257275 neg 0.28680392120444254	false	0.5
korruption	neg 1.0		off 0.3804554207455797 __DUMMY__ 0.32853304204464584 neg 0.29101153720977446	false	0.5
â			off 0.38102981514612905 __DUMMY__ 0.33058227461136913 neg 0.2883879102425019	false	0.0
schmutzig	neg 1.0		off 0.38981554918401123 __DUMMY__ 0.3255061114120609 neg 0.2846783394039279	false	0.5
sexy	neg 1.0		off 0.3880151269427642 __DUMMY__ 0.32766996105222784 neg 0.28431491200500786	false	0.5
abraten	neg 1.0		off 0.3859150275936752 __DUMMY__ 0.3285218113569056 neg 0.2855631610494191	false	0.5
schwarz	neg 1.0		off 0.386131131467524 __DUMMY__ 0.32814432446670455 neg 0.2857245440657714	false	0.5
fotze	off 1.0	off 1.0	off 0.6816436031579454 __DUMMY__ 0.1601768363561937 neg 0.15817956048586101	false	1.0
verwirren	neg 1.0		off 0.3861260972907688 __DUMMY__ 0.32765795371608514 neg 0.28621594899314606	false	0.5
zahnlos	off 1.0		off 0.3816794717920948 __DUMMY__ 0.32929829773056823 neg 0.28902223047733694	false	1.0
verheeren	neg 1.0		off 0.4011191453109421 __DUMMY__ 0.3209918211155278 neg 0.2778890335735301	false	0.5
hippie	neg 1.0		off 0.38753410198569394 __DUMMY__ 0.3276437812164178 neg 0.28482211679788827	false	0.5
rammen	neg 1.0		off 0.38575521535685636 __DUMMY__ 0.3301225703773041 neg 0.28412221426583945	false	0.5
unlauter	neg 1.0		off 0.3858693653661518 __DUMMY__ 0.32790123638035074 neg 0.28622939825349747	false	0.5
unheilvoll	neg 1.0		off 0.3841234347465772 __DUMMY__ 0.3277130837844383 neg 0.28816348146898463	false	0.5
niedrig	neg 1.0		off 0.3805417055508632 __DUMMY__ 0.330170597405339 neg 0.28928769704379775	false	0.5
explosion	neg 1.0		off 0.38771622801183675 __DUMMY__ 0.3279547210938479 neg 0.28432905089431526	false	0.5
weichei	off 1.0	off 1.0	off 0.6879239622313575 neg 0.15694987213543904 __DUMMY__ 0.1551261656332035	false	1.0
minusmensch	off 1.0		off 0.4010431086252443 __DUMMY__ 0.32114659731070144 neg 0.2778102940640543	false	1.0
farblos	neg 1.0		off 0.3857737640517456 __DUMMY__ 0.32916750424764807 neg 0.2850587317006062	false	0.5
unwissend	neg 1.0	neg 1.0	neg 0.6283609334145266 off 0.21439627476831002 __DUMMY__ 0.15724279181716352	false	1.0
traurig	neg 1.0		off 0.39217479137542055 __DUMMY__ 0.3246971321348942 neg 0.2831280764896851	false	0.5
senkung	neg 1.0		off 0.38483555921683454 __DUMMY__ 0.32545610352750065 neg 0.28970833725566475	false	0.5
ungleich	neg 1.0	neg 1.0	neg 0.6303090255448992 off 0.20999926055650459 __DUMMY__ 0.15969171389859632	false	1.0
heikel	neg 1.0		off 0.37892839853328597 __DUMMY__ 0.3308514937530753 neg 0.2902201077136388	false	0.5
drosselung	neg 1.0		off 0.38981426047544765 __DUMMY__ 0.32505477102324065 neg 0.28513096850131164	false	0.5
falsch	neg 1.0		off 0.38779557540707327 __DUMMY__ 0.3271537789191339 neg 0.2850506456737929	false	0.5
unzufriedenheit	neg 1.0		off 0.37830105264713737 __DUMMY__ 0.33049844905954345 neg 0.2912004982933192	false	0.5
kurz	neg 1.0		off 0.3820015741389063 __DUMMY__ 0.3307966006608428 neg 0.28720182520025084	false	0.5
unsinnig	neg 1.0		off 0.3817372276961932 __DUMMY__ 0.3284731130607256 neg 0.28978965924308125	false	0.5
penner	off 1.0	off 1.0	off 0.6891978841644814 neg 0.15586752058856573 __DUMMY__ 0.15493459524695288	false	1.0
seicht	neg 1.0		off 0.396758289848585 __DUMMY__ 0.31965060599448564 neg 0.2835911041569293	false	0.5
dummheit	off 1.0	off 1.0	off 0.683211965526218 neg 0.15913737080723905 __DUMMY__ 0.15765066366654293	false	1.0
unerfreulich	neg 1.0		off 0.37884391883538154 __DUMMY__ 0.3312259182688458 neg 0.2899301628957728	false	0.5
motherfucker	off 1.0	off 1.0	off 0.686584732846654 __DUMMY__ 0.1569488356476483 neg 0.15646643150569772	false	1.0
pikiert	neg 1.0		off 0.38836950390068153 __DUMMY__ 0.32547893834713265 neg 0.2861515577521857	false	0.5
wrack	neg 1.0		off 0.38439823487384733 __DUMMY__ 0.332940808522547 neg 0.28266095660360563	false	0.5
gangster	neg 1.0		off 0.3876518247237875 __DUMMY__ 0.32743684602498546 neg 0.284911329251227	false	0.5
krank	neg 1.0		off 0.3900439183572052 __DUMMY__ 0.32587401825837425 neg 0.28408206338442055	false	0.5
reich	neg 1.0		off 0.387259179189687 __DUMMY__ 0.32582313215626757 neg 0.2869176886540455	false	0.5
gnadenlos	neg 1.0		off 0.3848768942296599 __DUMMY__ 0.3289604803442459 neg 0.28616262542609416	false	0.5
niedergeschlagen	neg 1.0		off 0.3814840144091202 __DUMMY__ 0.33078410080783394 neg 0.28773188478304595	false	0.5
terrorisieren	off 1.0	off 1.0	off 0.6797083922598551 neg 0.16037741922741167 __DUMMY__ 0.15991418851273317	false	1.0
sinnlosigkeit	neg 1.0		off 0.3814055975620502 __DUMMY__ 0.32969061507041114 neg 0.28890378736753874	false	0.5
behindern	neg 1.0		off 0.38322363732262676 __DUMMY__ 0.3289353500875311 neg 0.28784101258984224	false	0.5
undemokratisch	neg 1.0		off 0.3854618081508708 __DUMMY__ 0.32723235852535815 neg 0.2873058333237712	false	0.5
wirtschaftskrise	neg 1.0		off 0.37983862382663364 __DUMMY__ 0.32833085233606235 neg 0.291830523837304	false	0.5
neid	neg 1.0		off 0.38644307172104597 __DUMMY__ 0.3267787147924841 neg 0.2867782134864699	false	0.5
rutschen	neg 1.0		off 0.3751175451904893 __DUMMY__ 0.33431625976322454 neg 0.2905661950462861	false	0.5
rezession	neg 1.0		off 0.39015768890159847 __DUMMY__ 0.3218382475467588 neg 0.2880040635516426	false	0.5
fehlgeburt	neg 1.0		off 0.38526748823040147 __DUMMY__ 0.33005591515818056 neg 0.2846765966114181	false	0.5
charakterschwach	off 1.0		off 0.38893632258618366 __DUMMY__ 0.3251639818335083 neg 0.2858996955803081	false	1.0
isolation	neg 1.0		off 0.3887361532896293 __DUMMY__ 0.3281483390081238 neg 0.283115507702247	false	0.5
ablenkung	neg 1.0		off 0.3834956922152073 __DUMMY__ 0.32954982971214 neg 0.2869544780726528	false	0.5
pech	neg 1.0		off 0.3876399911343347 __DUMMY__ 0.3265228918322149 neg 0.2858371170334504	false	0.5
vermeidung	neg 1.0		off 0.3898474312868673 __DUMMY__ 0.3255466521644736 neg 0.2846059165486592	false	0.5
dominieren	neg 1.0		off 0.3825245570576239 __DUMMY__ 0.3301933769061441 neg 0.28728206603623196	false	0.5
schwindlig	neg 1.0		off 0.3851972538169973 __DUMMY__ 0.3275872896584263 neg 0.2872154565245765	false	0.5
lutscher	neg 1.0		off 0.39947262555415786 __DUMMY__ 0.3196213164165051 neg 0.2809060580293368	false	0.5
pflicht	neg 1.0		off 0.37792757153875894 __DUMMY__ 0.3318928852080173 neg 0.29017954325322376	false	0.5
faschist	off 1.0		off 0.38707060669172505 __DUMMY__ 0.32667688412542056 neg 0.28625250918285433	false	1.0
verschleudern	neg 1.0		off 0.378994343091418 __DUMMY__ 0.3293819391169686 neg 0.2916237177916133	false	0.5
wenn			off 0.3881080032388461 __DUMMY__ 0.3263650123404188 neg 0.28552698442073504	false	0.0
ehebruch	neg 1.0		off 0.37980322074284795 __DUMMY__ 0.3294103667345359 neg 0.2907864125226163	false	0.5
spott	off 1.0		off 0.3808314815814204 __DUMMY__ 0.33068917090086347 neg 0.2884793475177161	false	1.0
trostlosigkeit	neg 1.0		off 0.37657018567904477 __DUMMY__ 0.33044901824254014 neg 0.29298079607841515	false	0.5
lutschen	neg 1.0		off 0.3890575663214791 __DUMMY__ 0.32784123069833515 neg 0.2831012029801856	false	0.5
undiszipliniert	neg 1.0		off 0.3912064403423683 __DUMMY__ 0.32473402119028166 neg 0.2840595384673501	false	0.5
kopfschmerz	neg 1.0		off 0.3787128514285586 __DUMMY__ 0.32878574404712935 neg 0.292501404524312	false	0.5
unvorhergesehen	neg 1.0		off 0.3790078239826295 __DUMMY__ 0.33256366910575264 neg 0.28842850691161787	false	0.5
desinteressiert	neg 1.0		off 0.3905011305410133 __DUMMY__ 0.32495818363594947 neg 0.2845406858230372	false	0.5
armselig	off 1.0		off 0.39285935851483617 __DUMMY__ 0.32404860187116974 neg 0.28309203961399415	false	1.0
desaster	neg 1.0		off 0.37636792167800104 __DUMMY__ 0.33110324451149475 neg 0.2925288338105043	false	0.5
tod	neg 1.0		off 0.38015143954700786 __DUMMY__ 0.330939292344962 neg 0.28890926810803014	false	0.5
herzlos	neg 1.0		off 0.3922498242507923 __DUMMY__ 0.32421173894013416 neg 0.2835384368090736	false	0.5
unwissenheit	neg 1.0		off 0.3809508585574407 __DUMMY__ 0.3296861535612357 neg 0.28936298788132364	false	0.5
widersinnig	neg 1.0		off 0.38158718124832025 __DUMMY__ 0.3280821101155391 neg 0.29033070863614047	false	0.5
bedenklich	neg 1.0		off 0.37985414078394913 __DUMMY__ 0.3298391173535217 neg 0.29030674186252925	false	0.5
beanstanden	neg 1.0		off 0.37917961215974805 __DUMMY__ 0.33218912707350445 neg 0.2886312607667474	false	0.5
panisch	neg 1.0		off 0.38609535273654555 __DUMMY__ 0.3288277544908073 neg 0.2850768927726473	false	0.5
debil	off 1.0		off 0.37326868037860905 __DUMMY__ 0.33528157751750637 neg 0.29144974210388463	false	1.0
abstrich	neg 1.0		off 0.3841007687521104 __DUMMY__ 0.33134108551229846 neg 0.2845581457355912	false	0.5
primitiv	neg 1.0		off 0.3905681044517974 __DUMMY__ 0.3248601139352456 neg 0.2845717816129571	false	0.5
abschaum	off 1.0	off 1.0	off 0.6853642102213074 __DUMMY__ 0.15760160328031056 neg 0.157034186498382	false	1.0
provozieren	neg 1.0		off 0.384053252521466 __DUMMY__ 0.3280634438464824 neg 0.28788330363205156	false	0.5
tot	neg 1.0		off 0.3823514006241378 __DUMMY__ 0.3306376178734651 neg 0.28701098150239707	false	0.5
instabil	neg 1.0		off 0.39316640205806447 __DUMMY__ 0.32373042978302485 neg 0.28310316815891073	false	0.5
schwuchtel	off 1.0	off 1.0	off 0.6935718712775478 neg 0.15326343997139827 __DUMMY__ 0.15316468875105385	false	1.0
zerren	neg 1.0		off 0.3812801751287353 __DUMMY__ 0.33070325075663853 neg 0.2880165741146263	false	0.5
kinderficker	off 1.0		off 0.3953573266293171 __DUMMY__ 0.32297109748810426 neg 0.2816715758825787	false	1.0
gefahr	neg 1.0		off 0.3790192826919919 __DUMMY__ 0.33220109646328216 neg 0.2887796208447259	false	0.5
rabiat	neg 1.0		off 0.38201319041169013 __DUMMY__ 0.3286579141776235 neg 0.28932889541068635	false	0.5
verlangsamung	neg 1.0		off 0.3971805405194022 __DUMMY__ 0.3220680976243945 neg 0.2807513618562033	false	0.5
ausgestorben	neg 1.0		off 0.38234236846535347 __DUMMY__ 0.3296459652323437 neg 0.2880116663023029	false	0.5
anklagen	neg 1.0		off 0.38170954574349 __DUMMY__ 0.32934407200802907 neg 0.28894638224848096	false	0.5
trott	neg 1.0		off 0.38387556187356847 __DUMMY__ 0.32932352488715655 neg 0.28680091323927503	false	0.5
verminderung	neg 1.0		off 0.38964357712848957 __DUMMY__ 0.3252714905630257 neg 0.28508493230848464	false	0.5
nach			off 0.37442397830389385 __DUMMY__ 0.3354803882629583 neg 0.2900956334331479	false	0.0
rost	neg 1.0		off 0.39943152204956 __DUMMY__ 0.32263828844255155 neg 0.27793018950788834	false	0.5
destruktiv	neg 1.0		off 0.382520318485804 __DUMMY__ 0.3281140662910671 neg 0.28936561522312887	false	0.5
unzumutbarkeit	neg 1.0		off 0.3918079521040372 __DUMMY__ 0.3274913042823284 neg 0.28070074361363445	false	0.5
labil	off 1.0	off 1.0	off 0.6848637189435435 __DUMMY__ 0.1576333543287233 neg 0.15750292672773322	false	1.0
ziemlich	neg 1.0		off 0.3897795697855275 __DUMMY__ 0.32665995208258614 neg 0.2835604781318864	false	0.5
lachnummer	off 1.0		off 0.38395201394827405 __DUMMY__ 0.32874493835974133 neg 0.28730304769198467	false	1.0
oder			off 0.3846880086871016 __DUMMY__ 0.3295351520677862 neg 0.28577683924511216	false	0.0
verfall	neg 1.0		off 0.3743901943621769 __DUMMY__ 0.33203396781225364 neg 0.29357583782556945	false	0.5
ausgrenzung	neg 1.0		off 0.3855462592142899 __DUMMY__ 0.3273930534670241 neg 0.28706068731868595	false	0.5
unordnung	neg 1.0		off 0.3955562765570403 __DUMMY__ 0.32532950562335505 neg 0.2791142178196047	false	0.5
fehlverhalten	neg 1.0		off 0.37935176818672567 __DUMMY__ 0.33069656753962134 neg 0.2899516642736531	false	0.5
eine			off 0.3774700782115948 __DUMMY__ 0.3318829045050145 neg 0.2906470172833906	false	0.0
nille	neg 1.0		off 0.3844241992152327 __DUMMY__ 0.3293583510728347 neg 0.28621744971193264	false	0.5
qual	neg 1.0		off 0.38344796294027783 __DUMMY__ 0.3293739041985128 neg 0.2871781328612093	false	0.5
verschwenden	neg 1.0		off 0.3785563894550705 __DUMMY__ 0.33021068346788435 neg 0.29123292707704507	false	0.5
riesig	neg 1.0		off 0.3812761860624785 __DUMMY__ 0.3321321587995117 neg 0.28659165513800977	false	0.5
verurteilen	neg 1.0		off 0.3811371507568279 __DUMMY__ 0.3292216453200645 neg 0.2896412039231076	false	0.5
klischee	neg 1.0	neg 1.0	neg 0.6286196812384439 off 0.21387329343230027 __DUMMY__ 0.15750702532925578	false	1.0
diktatorisch	neg 1.0		off 0.38511529796917865 __DUMMY__ 0.32673335998949715 neg 0.28815134204132403	false	0.5
vorhersehbar	neg 1.0		off 0.3856934766870313 __DUMMY__ 0.3263617411947906 neg 0.287944782118178	false	0.5
sowie			off 0.39396866585309553 __DUMMY__ 0.32243913837505744 neg 0.283592195771847	false	0.0
stornieren	neg 1.0		off 0.38994036990982484 __DUMMY__ 0.3311959059121252 neg 0.27886372417805	false	0.5
besteuerung	neg 1.0	neg 1.0	neg 0.6309268240033084 off 0.2115665636166338 __DUMMY__ 0.1575066123800578	false	1.0
ungeschminkt	neg 1.0		off 0.39151808082993694 __DUMMY__ 0.32554580319929405 neg 0.282936115970769	false	0.5
kritisch	neg 1.0		off 0.38121695382390136 __DUMMY__ 0.33002195385114486 neg 0.28876109232495367	false	0.5
schlamperei	off 1.0		off 0.3801796399915355 __DUMMY__ 0.33078808327564635 neg 0.2890322767328183	false	1.0
sucht	neg 1.0	neg 1.0	neg 0.6261372851649312 off 0.21401956725940827 __DUMMY__ 0.15984314757566057	false	1.0
egoistisch	off 1.0	off 1.0	off 0.6884500390920737 __DUMMY__ 0.15593436430543509 neg 0.15561559660249114	false	1.0
ausbeuter	off 1.0		off 0.3781246945733905 __DUMMY__ 0.3296941855852836 neg 0.2921811198413259	false	1.0
arschgeburt	off 1.0		off 0.4045386331585476 __DUMMY__ 0.3186427545936307 neg 0.2768186122478216	false	1.0
schubs	neg 1.0		off 0.3801263113366824 __DUMMY__ 0.329800110933705 neg 0.2900735777296128	false	0.5
unsolide	neg 1.0		off 0.38631079347562153 __DUMMY__ 0.3272412553102401 neg 0.28644795121413835	false	0.5
beschwerde	neg 1.0		off 0.38200853330515255 __DUMMY__ 0.3302768216569648 neg 0.2877146450378826	false	0.5
stocken	neg 1.0		off 0.3809758693398399 __DUMMY__ 0.330803862251031 neg 0.2882202684091293	false	0.5
isolieren	neg 1.0		off 0.3820517328082259 __DUMMY__ 0.3302468233197144 neg 0.2877014438720598	false	0.5
unheilbar	neg 1.0		off 0.38288143240160544 __DUMMY__ 0.3281605006308428 neg 0.28895806696755183	false	0.5
pisser	off 1.0	off 1.0	off 0.6877191585717958 __DUMMY__ 0.1572511723602398 neg 0.15502966906796445	false	1.0
löschen	neg 1.0		off 0.3846184205277807 __DUMMY__ 0.32907549778842343 neg 0.28630608168379584	false	0.5
durchfallen	neg 1.0		off 0.380859939690932 __DUMMY__ 0.32997520461967195 neg 0.289164855689396	false	0.5
wichser	off 1.0	off 1.0	off 0.6909180548240835 neg 0.15505962521712982 __DUMMY__ 0.1540223199587866	false	1.0
terror	neg 1.0		off 0.3877217666795406 __DUMMY__ 0.32807455024531745 neg 0.2842036830751419	false	0.5
krass	neg 1.0		off 0.3942869511943859 __DUMMY__ 0.3235851282283837 neg 0.28212792057723046	false	0.5
revolte	neg 1.0		off 0.385379631769481 __DUMMY__ 0.32481903949858043 neg 0.2898013287319386	false	0.5
besorgt	neg 1.0		off 0.38263355325175175 __DUMMY__ 0.33123699615829394 neg 0.28612945058995437	false	0.5
nachlassen	neg 1.0		off 0.3811328517068043 __DUMMY__ 0.33110386993953334 neg 0.2877632783536623	false	0.5
alt	neg 1.0		off 0.3782094080847372 __DUMMY__ 0.3282294228870363 neg 0.2935611690282265	false	0.5
hundesohn	off 1.0	off 1.0	off 0.6913095241616738 __DUMMY__ 0.15517888219295653 neg 0.15351159364536968	false	1.0
als			off 0.3810681818060307 __DUMMY__ 0.3295235463664492 neg 0.28940827182752005	false	0.0
abschreckung	neg 1.0		off 0.3783285108571141 __DUMMY__ 0.3308407922578172 neg 0.29083069688506874	false	0.5
unqualifiziert	neg 1.0		off 0.38783815314714465 __DUMMY__ 0.3265302656886185 neg 0.28563158116423687	false	0.5
abgewichst	off 1.0		off 0.38401723882454974 __DUMMY__ 0.32995262526335 neg 0.28603013591210036	false	1.0
schwer	neg 1.0		off 0.382499381095151 __DUMMY__ 0.32887383278056853 neg 0.2886267861242804	false	0.5
bedeutungslosigkeit	neg 1.0		off 0.3788452106178852 __DUMMY__ 0.33063466486463106 neg 0.29052012451748377	false	0.5
kapitulation	neg 1.0		off 0.379645186314161 __DUMMY__ 0.32873050289108807 neg 0.2916243107947509	false	0.5
unscharf	neg 1.0		off 0.38391545115056147 __DUMMY__ 0.32566386692308436 neg 0.2904206819263543	false	0.5
schwinden	neg 1.0		off 0.3789285586200494 __DUMMY__ 0.3304427496530053 neg 0.2906286917269453	false	0.5
versklavung	neg 1.0	neg 1.0	neg 0.6294578497911684 off 0.21256749692572185 __DUMMY__ 0.15797465328310986	false	1.0
schlecht	neg 1.0		off 0.39006618966777656 __DUMMY__ 0.3267933154239298 neg 0.2831404949082936	false	0.5
verhasst	neg 1.0		off 0.38461622016479996 __DUMMY__ 0.32758225999730706 neg 0.28780151983789287	false	0.5
beschweren	neg 1.0		off 0.3859653514586935 __DUMMY__ 0.32861053595279327 neg 0.28542411258851313	false	0.5
scheiden	neg 1.0		off 0.3837760310859666 __DUMMY__ 0.3290462605774555 neg 0.2871777083365779	false	0.5
frustriert	neg 1.0		off 0.382175336591166 __DUMMY__ 0.329769325167457 neg 0.2880553382413771	false	0.5
schimmelig	neg 1.0		off 0.3801890822504278 __DUMMY__ 0.32952258799197937 neg 0.2902883297575927	false	0.5
fisch	neg 1.0		off 0.37601205190814196 __DUMMY__ 0.33001874283359145 neg 0.29396920525826675	false	0.5
schmuggel	neg 1.0		off 0.3785218832536212 __DUMMY__ 0.3327334233613938 neg 0.2887446933849851	false	0.5
auffallen	neg 1.0		off 0.3859942888147187 __DUMMY__ 0.327911372651562 neg 0.28609433853371935	false	0.5
konkurrenz	neg 1.0		off 0.37945656726941007 __DUMMY__ 0.33201173965340697 neg 0.288531693077183	false	0.5
teufelskreis	neg 1.0	neg 1.0	neg 0.6309904582085175 off 0.21071108607498945 __DUMMY__ 0.1582984557164931	false	1.0
aufschreien	neg 1.0		off 0.38590303363189454 __DUMMY__ 0.32679314541556215 neg 0.2873038209525434	false	0.5
schuldner	neg 1.0		off 0.37791344693090256 __DUMMY__ 0.3296087923841166 neg 0.29247776068498077	false	0.5
missgeburt	off 1.0	off 1.0	off 0.6909956670385194 __DUMMY__ 0.1562702169603935 neg 0.15273411600108702	false	1.0
arbeitslos	neg 1.0		off 0.38083420522643663 __DUMMY__ 0.3300692878583 neg 0.28909650691526323	false	0.5
befallen	neg 1.0		off 0.38209855629015504 __DUMMY__ 0.3286095720017508 neg 0.2892918717080941	false	0.5
miesepetrig	off 1.0	off 1.0	off 0.6846369147171292 neg 0.15796509781319684 __DUMMY__ 0.15739798746967404	false	1.0
alarmieren	neg 1.0		off 0.388778362309012 __DUMMY__ 0.3267696662029937 neg 0.2844519714879942	false	0.5
ungeduscht	off 1.0		off 0.3877957959192518 __DUMMY__ 0.32626537127926075 neg 0.2859388328014874	false	1.0
knappheit	neg 1.0		off 0.3805875513888812 __DUMMY__ 0.3289492438924266 neg 0.2904632047186923	false	0.5
schlange	neg 1.0		off 0.38454642828263264 __DUMMY__ 0.3295014738740854 neg 0.28595209784328196	false	0.5
harsch	neg 1.0		off 0.3962520630200049 __DUMMY__ 0.3265074656929037 neg 0.27724047128709145	false	0.5
lang	neg 1.0		off 0.385410567492549 __DUMMY__ 0.32876980911438863 neg 0.2858196233930622	false	0.5
ziellos	neg 1.0		off 0.37987300196222523 __DUMMY__ 0.3315154515543158 neg 0.288611546483459	false	0.5
selbstverliebt	neg 1.0		off 0.40152846378112034 __DUMMY__ 0.32017175996140657 neg 0.27829977625747304	false	0.5
beseitigen	neg 1.0		off 0.3861888594841637 __DUMMY__ 0.33170034409076177 neg 0.28211079642507453	false	0.5
dumm	off 1.0		off 0.3959117656600132 __DUMMY__ 0.32220183019485177 neg 0.281886404145135	false	1.0
arbeitsloser	neg 1.0		off 0.3822469512183413 __DUMMY__ 0.3315142760382843 neg 0.2862387727433745	false	0.5
blitzen	neg 1.0		off 0.38763296527268326 __DUMMY__ 0.3268524028641148 neg 0.28551463186320175	false	0.5
hilflos	neg 1.0		off 0.3808803086458117 __DUMMY__ 0.3299489864194606 neg 0.28917070493472763	false	0.5
eklig	off 1.0		off 0.39581330204128035 __DUMMY__ 0.32128102654107576 neg 0.2829056714176438	false	1.0
begriff			off 0.38276584607690894 __DUMMY__ 0.3288347488842907 neg 0.28839940503880035	false	0.0
hungersnot	neg 1.0		off 0.37980715399926446 __DUMMY__ 0.32818510409886864 neg 0.2920077419018668	false	0.5
ungesetzlich	neg 1.0		off 0.3853352833057211 __DUMMY__ 0.32697573756093967 neg 0.28768897913333913	false	0.5
verschwendung	neg 1.0		off 0.37882827849485945 __DUMMY__ 0.3306423580703035 neg 0.29052936343483704	false	0.5
schmerzvoll	neg 1.0		off 0.38456660940577425 __DUMMY__ 0.3277065921722888 neg 0.287726798421937	false	0.5
vorzeitig	neg 1.0		off 0.38997417705806414 __DUMMY__ 0.32748733188155094 neg 0.2825384910603849	false	0.5
unvollkommenheit	neg 1.0		off 0.38217355857418345 __DUMMY__ 0.3297290284501897 neg 0.28809741297562685	false	0.5
intervenieren	neg 1.0		off 0.3789339475728936 __DUMMY__ 0.3295535566217369 neg 0.29151249580536953	false	0.5
banause	off 1.0		off 0.3963547412122886 __DUMMY__ 0.31936207287545687 neg 0.2842831859122545	false	1.0
rebell	neg 1.0		off 0.37548101632995556 __DUMMY__ 0.3322807992782329 neg 0.29223818439181154	false	0.5
unlogisch	neg 1.0		off 0.391747326774194 __DUMMY__ 0.3244643197091108 neg 0.2837883535166951	false	0.5
leiden	neg 1.0		off 0.3791262553071772 __DUMMY__ 0.3327815770783173 neg 0.28809216761450557	false	0.5
abschaffung	neg 1.0		off 0.3842200086089842 __DUMMY__ 0.3276179173098925 neg 0.28816207408112327	false	0.5
sturz	neg 1.0		off 0.3881857565649973 __DUMMY__ 0.33047010366132024 neg 0.2813441397736824	false	0.5
verkleinerung	neg 1.0		off 0.3870247581129493 __DUMMY__ 0.32557208839510576 neg 0.28740315349194484	false	0.5
schmarotzer	off 1.0		off 0.3813618020940697 __DUMMY__ 0.3292082279931134 neg 0.2894299699128168	false	1.0
bestrafung	neg 1.0	neg 1.0	neg 0.6285681608433035 off 0.2124469624970083 __DUMMY__ 0.1589848766596882	false	1.0
achtlos	neg 1.0		off 0.38225606174626153 __DUMMY__ 0.3298430746031373 neg 0.287900863650601	false	0.5
ungeheuer	neg 1.0		off 0.38344979827147496 __DUMMY__ 0.3279992556031631 neg 0.2885509461253618	false	0.5
unaufrichtig	neg 1.0		off 0.38844854282276126 __DUMMY__ 0.32713533646956927 neg 0.2844161207076695	false	0.5
groggy	neg 1.0		off 0.3878904226890295 __DUMMY__ 0.3282682121610637 neg 0.2838413651499068	false	0.5
verletzlich	neg 1.0		off 0.38745368783107964 __DUMMY__ 0.32449875111854665 neg 0.28804756105037377	false	0.5
ablehnen	neg 1.0		off 0.38099983009913285 __DUMMY__ 0.3301912008720783 neg 0.2888089690287887	false	0.5
