unsolidarisch	neg 1.0		off 0.5459888759228655 neg 0.41251926011370316 __DUMMY__ 0.041491863963431394	false	0.5
nachteilig	neg 1.0		off 0.5463511065667823 neg 0.41152801520919857 __DUMMY__ 0.04212087822401917	false	0.5
skeptisch	neg 1.0		off 0.5432740505627117 neg 0.41470220605898206 __DUMMY__ 0.04202374337830618	false	0.5
schrecklich	neg 1.0		off 0.554256136942052 neg 0.404622802642996 __DUMMY__ 0.041121060414951865	false	0.5
schlapp	neg 1.0	neg 1.0	neg 0.6870501674872942 off 0.2932400460567831 __DUMMY__ 0.019709786455922695	false	1.0
abfall	neg 1.0		off 0.5415950393662073 neg 0.41611459907257003 __DUMMY__ 0.04229036156122255	false	0.5
widerspenstig	neg 1.0		off 0.5457016989479792 neg 0.41263239592169304 __DUMMY__ 0.04166590513032792	false	0.5
abrupt	neg 1.0		off 0.5424450280402893 neg 0.4155732778791499 __DUMMY__ 0.0419816940805609	false	0.5
unwirksam	neg 1.0		off 0.5444765663805402 neg 0.41414238595779906 __DUMMY__ 0.04138104766166075	false	0.5
angreifen	neg 1.0		off 0.5426578541992044 neg 0.41529156106411047 __DUMMY__ 0.04205058473668513	false	0.5
inkonsistent	neg 1.0		off 0.548342770496336 neg 0.4102146573665666 __DUMMY__ 0.041442572137097414	false	0.5
abrutschen	neg 1.0		off 0.5406191624884206 neg 0.4171320714884227 __DUMMY__ 0.042248766023156824	false	0.5
unsicher	neg 1.0		off 0.5476610183206366 neg 0.41053555615711174 __DUMMY__ 0.04180342552225157	false	0.5
bauernkind	off 1.0	off 1.0	off 0.7649390192716332 neg 0.21563774802795363 __DUMMY__ 0.019423232700413046	false	1.0
angreifer	neg 1.0		off 0.5531569197725786 neg 0.40509171655340304 __DUMMY__ 0.04175136367401833	false	0.5
trennen	neg 1.0		off 0.5434471821766862 neg 0.414405653107055 __DUMMY__ 0.04214716471625864	false	0.5
schmutz	neg 1.0		off 0.5563511472914173 neg 0.40153804525180065 __DUMMY__ 0.042110807456782084	false	0.5
inkonsistenz	neg 1.0		off 0.5506969593916363 neg 0.40793227921163616 __DUMMY__ 0.0413707613967275	false	0.5
erschreckend	neg 1.0		off 0.5462624409093336 neg 0.41197627170012746 __DUMMY__ 0.04176128739053887	false	0.5
ertrinken	neg 1.0		off 0.5415648648045917 neg 0.41643126681499854 __DUMMY__ 0.04200386838040982	false	0.5
pickelface	off 1.0		off 0.5490286361354357 neg 0.40916818592820264 __DUMMY__ 0.04180317793636166	false	1.0
seiner			off 0.5439387238089399 neg 0.4139510387197596 __DUMMY__ 0.04211023747130041	false	0.0
lauch	neg 1.0	neg 1.0	neg 0.6910052110716676 off 0.28876715382792006 __DUMMY__ 0.020227635100412377	false	1.0
unwichtig	neg 1.0		off 0.5507424033155892 neg 0.4078740497514759 __DUMMY__ 0.04138354693293506	false	0.5
steuerhinterziehung	neg 1.0		off 0.544919805515046 neg 0.4134664521902491 __DUMMY__ 0.04161374229470492	false	0.5
schock	neg 1.0		off 0.5461765851552577 neg 0.4119556861396893 __DUMMY__ 0.04186772870505299	false	0.5
beule	neg 1.0		off 0.552414910750173 neg 0.40639291234992964 __DUMMY__ 0.041192176899897286	false	0.5
vergelten	neg 1.0		off 0.5567656351567319 neg 0.40203713043889006 __DUMMY__ 0.041197234404378	false	0.5
verdorbenheit	neg 1.0		off 0.5506994842585949 neg 0.4074457231978357 __DUMMY__ 0.04185479254356935	false	0.5
trauma	neg 1.0		off 0.5482781216568899 neg 0.410091110898648 __DUMMY__ 0.04163076744446196	false	0.5
sinnlos	neg 1.0		off 0.5489643842733885 neg 0.4094099721697598 __DUMMY__ 0.041625643556851735	false	0.5
fettsack	off 1.0	off 1.0	off 0.7662998541187171 neg 0.21424563509944908 __DUMMY__ 0.019454510781833804	false	1.0
feige	off 1.0	off 1.0	off 0.7632945089304483 neg 0.2170403994847694 __DUMMY__ 0.019665091584782454	false	1.0
abdanken	neg 1.0		off 0.5472102863593087 neg 0.41100327119561164 __DUMMY__ 0.041786442445079605	false	0.5
wichtigtuer	off 1.0	off 1.0	off 0.762306491174682 neg 0.21787645583832513 __DUMMY__ 0.019817052986992857	false	1.0
misslingen	neg 1.0		off 0.5525062876505158 neg 0.4055094155945102 __DUMMY__ 0.041984296754974094	false	0.5
untreu	off 1.0		off 0.5517683824440149 neg 0.40692544005799963 __DUMMY__ 0.04130617749798544	false	1.0
missmutig	neg 1.0		off 0.5486965237994922 neg 0.40993400324664464 __DUMMY__ 0.041369472953863104	false	0.5
hurenbock	off 1.0		off 0.5476848988092158 neg 0.41064657508058666 __DUMMY__ 0.04166852611019765	false	1.0
betrunken	neg 1.0		off 0.5532624952840277 neg 0.40556494079409844 __DUMMY__ 0.04117256392187393	false	0.5
korrupt	off 1.0		off 0.543697026741668 neg 0.4147263710730614 __DUMMY__ 0.04157660218527058	false	1.0
unmut	neg 1.0		off 0.5419437268184902 neg 0.4159106442456852 __DUMMY__ 0.04214562893582452	false	0.5
hackfresse	off 1.0		off 0.5577821040430527 neg 0.40140593931587215 __DUMMY__ 0.04081195664107505	false	1.0
aufblasen	neg 1.0		off 0.547349025290319 neg 0.41095381770736794 __DUMMY__ 0.04169715700231307	false	0.5
gewaltsam	neg 1.0		off 0.5483924989880108 neg 0.4097386156517422 __DUMMY__ 0.041868885360247056	false	0.5
unbeliebtheit	neg 1.0		off 0.5530711277162221 neg 0.4055406528235381 __DUMMY__ 0.04138821946023966	false	0.5
sturheit	neg 1.0		off 0.54684431247764 neg 0.41133028006034605 __DUMMY__ 0.04182540746201387	false	0.5
kuh	neg 1.0		off 0.5458971586176993 neg 0.4129708838241658 __DUMMY__ 0.041131957558134896	false	0.5
erschrecken	neg 1.0		off 0.5506663549247303 neg 0.40783758412955007 __DUMMY__ 0.04149606094571968	false	0.5
opfer	neg 1.0		off 0.5450884009744218 neg 0.41290155042700366 __DUMMY__ 0.042010048598574455	false	0.5
sinken	neg 1.0		off 0.541678973394736 neg 0.4162875900947326 __DUMMY__ 0.042033436510531264	false	0.5
stinktier	neg 1.0		off 0.5535291659181011 neg 0.40575580107986775 __DUMMY__ 0.040715033002031206	false	0.5
tucke	off 1.0		off 0.557630005735127 neg 0.40188186814038224 __DUMMY__ 0.040488126124490834	false	1.0
ein			off 0.5451158920170714 neg 0.41323709027969363 __DUMMY__ 0.041647017703235006	false	0.0
abstieg	neg 1.0		off 0.5481411610329848 neg 0.4097575464278682 __DUMMY__ 0.042101292539146865	false	0.5
missverstehen	neg 1.0		off 0.5489984323334671 neg 0.40949205926505455 __DUMMY__ 0.04150950840147816	false	0.5
ergebnislos	neg 1.0		off 0.5462014504021145 neg 0.41166972244954425 __DUMMY__ 0.04212882714834132	false	0.5
unter			off 0.5396948524856986 neg 0.41762856407139126 __DUMMY__ 0.04267658344291002	false	0.0
manipulieren	neg 1.0		off 0.544163150292744 neg 0.41378605488549547 __DUMMY__ 0.04205079482176061	false	0.5
unbewiesen	neg 1.0		off 0.5473996785798301 neg 0.4110173217809982 __DUMMY__ 0.04158299963917163	false	0.5
verschleppen	neg 1.0		off 0.54411049242504 neg 0.41407679806257 __DUMMY__ 0.041812709512390085	false	0.5
weib	off 1.0		off 0.5594505924211696 neg 0.3998972687497917 __DUMMY__ 0.04065213882903875	false	1.0
opposition	neg 1.0		off 0.5476068021781021 neg 0.410875460161937 __DUMMY__ 0.04151773765996097	false	0.5
verkehrswidrig	neg 1.0		off 0.5600949114907177 neg 0.3985075324433675 __DUMMY__ 0.041397556065914845	false	0.5
inkorrekt	neg 1.0		off 0.5532395470773656 neg 0.4057023529966087 __DUMMY__ 0.041058099926025785	false	0.5
vermeiden	neg 1.0		off 0.5422356078126731 neg 0.4153277472304216 __DUMMY__ 0.04243664495690528	false	0.5
abweichung	neg 1.0		off 0.5469271757618794 neg 0.41107406892781234 __DUMMY__ 0.04199875531030827	false	0.5
alkoholisiert	neg 1.0		off 0.5492261475601624 neg 0.408255043310222 __DUMMY__ 0.04251880912961555	false	0.5
scheiss	off 1.0	off 1.0	off 0.7642202662044147 neg 0.21615393556740453 __DUMMY__ 0.019625798228180648	false	1.0
herausforderung	neg 1.0		off 0.545764522810217 neg 0.4122984982069164 __DUMMY__ 0.04193697898286656	false	0.5
pervers	off 1.0		off 0.5609933397159117 neg 0.3985222309946814 __DUMMY__ 0.04048442928940689	false	1.0
wackelig	neg 1.0		off 0.5458592382562091 neg 0.41217724295271974 __DUMMY__ 0.0419635187910711	false	0.5
verwickeln	neg 1.0		off 0.5483129325059752 neg 0.4101166820144593 __DUMMY__ 0.04157038547956546	false	0.5
vorwand	neg 1.0		off 0.5425498962663554 neg 0.4153612149319237 __DUMMY__ 0.04208888880172094	false	0.5
muschi	off 1.0		off 0.5488491611777215 neg 0.40921814668840467 __DUMMY__ 0.041932692133873926	false	1.0
entmutigung	neg 1.0		off 0.546529976566289 neg 0.4121522588606639 __DUMMY__ 0.04131776457304698	false	0.5
unangemessen	neg 1.0		off 0.545969136138816 neg 0.41224213507293545 __DUMMY__ 0.04178872878824839	false	0.5
unstetig	neg 1.0		off 0.5519058761964859 neg 0.4065340440251262 __DUMMY__ 0.041560079778387896	false	0.5
entmutigen	neg 1.0		off 0.5466193748330598 neg 0.4118201587843148 __DUMMY__ 0.041560466382625554	false	0.5
schwanz	neg 1.0		off 0.5468732160968657 neg 0.41110573504108694 __DUMMY__ 0.04202104886204738	false	0.5
verbot	neg 1.0		off 0.5451934839235616 neg 0.41306082542508016 __DUMMY__ 0.04174569065135813	false	0.5
leid	neg 1.0		off 0.5554013901326693 neg 0.4036064018632575 __DUMMY__ 0.04099220800407318	false	0.5
archaisch	neg 1.0		off 0.5453695755321176 neg 0.4128632126126613 __DUMMY__ 0.041767211855221295	false	0.5
gegen			off 0.5436353581004907 neg 0.4141303498134315 __DUMMY__ 0.04223429208607763	false	0.0
scheidung	neg 1.0		off 0.5687612626794045 neg 0.39052041329279064 __DUMMY__ 0.04071832402780475	false	0.5
einschlag	neg 1.0		off 0.5574840499310236 neg 0.40116280627004974 __DUMMY__ 0.041353143798926656	false	0.5
m			off 0.5465662609381099 neg 0.4114771748232242 __DUMMY__ 0.04195656423866578	false	0.0
abgestanden	neg 1.0		off 0.5433905191740088 neg 0.4152743410309065 __DUMMY__ 0.04133513979508479	false	0.5
schmierig	off 1.0		off 0.5547832329738124 neg 0.40423181526398083 __DUMMY__ 0.04098495176220672	false	1.0
unpraktisch	neg 1.0		off 0.5490642376366671 neg 0.4092343858746344 __DUMMY__ 0.0417013764886985	false	0.5
wixxer	off 1.0		off 0.5607823111392493 neg 0.3988076709071506 __DUMMY__ 0.04041001795360005	false	1.0
bezeichnet			off 0.5478508212269693 neg 0.41039512224282115 __DUMMY__ 0.04175405653020954	false	0.0
jammerlappen	off 1.0		off 0.551002694825037 neg 0.4076250047552175 __DUMMY__ 0.0413723004197453	false	1.0
farce	neg 1.0		off 0.5460442805954611 neg 0.4123517615291301 __DUMMY__ 0.04160395787540881	false	0.5
zwecklos	neg 1.0		off 0.5446863211023142 neg 0.41350861979697234 __DUMMY__ 0.04180505910071348	false	0.5
turbulent	neg 1.0		off 0.554055780164023 neg 0.40464222910802855 __DUMMY__ 0.041301990727948344	false	0.5
invasion	neg 1.0		off 0.5497240728584754 neg 0.40868969553977536 __DUMMY__ 0.041586231601749186	false	0.5
schuld	neg 1.0		off 0.548019222681782 neg 0.41033862472425037 __DUMMY__ 0.04164215259396747	false	0.5
risiko	neg 1.0		off 0.549123899867533 neg 0.4092969196543025 __DUMMY__ 0.04157918047816449	false	0.5
finster	neg 1.0		off 0.5452222423232688 neg 0.41320186319053703 __DUMMY__ 0.04157589448619415	false	0.5
geisteskrank	off 1.0		off 0.5524657618191208 neg 0.4063744290176116 __DUMMY__ 0.04115980916326764	false	1.0
zusammenbrechen	neg 1.0		off 0.5450556354167903 neg 0.41313171898661777 __DUMMY__ 0.041812645596591994	false	0.5
ausbeute	neg 1.0		off 0.5479001912730527 neg 0.4101657667635257 __DUMMY__ 0.04193404196342169	false	0.5
hinterhalt	neg 1.0		off 0.5466063036394369 neg 0.41155710243645566 __DUMMY__ 0.041836593924107476	false	0.5
kritik	neg 1.0		off 0.5454687330451915 neg 0.4129391585768906 __DUMMY__ 0.04159210837791793	false	0.5
einschrumpfen	neg 1.0		off 0.5505858346203338 neg 0.4081282007732987 __DUMMY__ 0.041285964606367444	false	0.5
riskant	neg 1.0		off 0.5433975580785596 neg 0.41460069098756896 __DUMMY__ 0.042001750933871325	false	0.5
frustrieren	neg 1.0		off 0.5435828241344937 neg 0.414518010899689 __DUMMY__ 0.04189916496581736	false	0.5
groll	neg 1.0		off 0.5457694870478145 neg 0.4123587617127149 __DUMMY__ 0.04187175123947074	false	0.5
gibt			off 0.5454295570519697 neg 0.41266578103384366 __DUMMY__ 0.04190466191418654	false	0.0
qualvoll	neg 1.0		off 0.5484269792100916 neg 0.41002594242557217 __DUMMY__ 0.04154707836433622	false	0.5
wackeln	neg 1.0		off 0.5474347776648533 neg 0.41078397878496414 __DUMMY__ 0.04178124355018258	false	0.5
klagen	neg 1.0		off 0.5425482888779513 neg 0.4153996882791647 __DUMMY__ 0.042052022842884174	false	0.5
bankrott	neg 1.0		off 0.5528936751109438 neg 0.4055133491077418 __DUMMY__ 0.041592975781314406	false	0.5
trauern	neg 1.0		off 0.5459077603576746 neg 0.41188173169381215 __DUMMY__ 0.042210507948513325	false	0.5
ablehnung	neg 1.0		off 0.5459154277565714 neg 0.4123720397811494 __DUMMY__ 0.04171253246227928	false	0.5
stur	neg 1.0		off 0.5473894035265898 neg 0.41102511272215614 __DUMMY__ 0.041585483751253934	false	0.5
aufruhr	neg 1.0		off 0.5458068683531868 neg 0.41261047269702833 __DUMMY__ 0.04158265894978488	false	0.5
melancholie	neg 1.0		off 0.5417496797225091 neg 0.41637478265087957 __DUMMY__ 0.041875537626611406	false	0.5
ist			off 0.5485189538873497 neg 0.4098607868196117 __DUMMY__ 0.04162025929303875	false	0.0
torheit	neg 1.0		off 0.5476209123464632 neg 0.4107919413605043 __DUMMY__ 0.04158714629303251	false	0.5
dreckskind	off 1.0		off 0.5589044154183979 neg 0.40034970917856383 __DUMMY__ 0.04074587540303817	false	1.0
umtauschen	neg 1.0		off 0.5469228686116963 neg 0.4113036323069315 __DUMMY__ 0.041773499081372074	false	0.5
zum			off 0.5446608727529729 neg 0.4126920589010685 __DUMMY__ 0.042647068345958425	false	0.0
zersetzen	neg 1.0		off 0.5424372086267047 neg 0.41562975544659664 __DUMMY__ 0.04193303592669863	false	0.5
zur			off 0.5424839409101642 neg 0.4150702684133164 __DUMMY__ 0.042445790676519504	false	0.0
frust	neg 1.0		off 0.5448011527437445 neg 0.41337291696491557 __DUMMY__ 0.04182593029134002	false	0.5
unerbittlichkeit	neg 1.0		off 0.5445721889108914 neg 0.4134126441190952 __DUMMY__ 0.04201516697001334	false	0.5
zwei			off 0.5419095054669307 neg 0.4156337285036506 __DUMMY__ 0.04245676602941866	false	0.0
unkorrekt	neg 1.0		off 0.552512066366769 neg 0.4063465513502261 __DUMMY__ 0.0411413822830051	false	0.5
hexe	off 1.0		off 0.5493813680404774 neg 0.4093869827270906 __DUMMY__ 0.041231649232432055	false	1.0
lasch	neg 1.0		off 0.5503121704060183 neg 0.40826011424903835 __DUMMY__ 0.04142771534494325	false	0.5
rivale	neg 1.0		off 0.5552872625529749 neg 0.40351928901485457 __DUMMY__ 0.04119344843217054	false	0.5
mutlos	off 1.0	off 1.0	off 0.7595614236919981 neg 0.22046610413211665 __DUMMY__ 0.019972472175885214	false	1.0
wirr	off 1.0		off 0.5541186827265927 neg 0.4048678281543392 __DUMMY__ 0.041013489119068186	false	1.0
jahr			off 0.5472217093089036 neg 0.41042847705069635 __DUMMY__ 0.04234981364040014	false	0.0
wird			off 0.5452187298393553 neg 0.412824237290228 __DUMMY__ 0.04195703287041692	false	0.0
strafbar	neg 1.0		off 0.5437422753109975 neg 0.41429977379108923 __DUMMY__ 0.04195795089791317	false	0.5
erosion	neg 1.0		off 0.5481501510869922 neg 0.41007240658069644 __DUMMY__ 0.04177744233231144	false	0.5
eingehen	neg 1.0		off 0.5429486914794778 neg 0.4151819717703878 __DUMMY__ 0.04186933675013433	false	0.5
faul	off 1.0		off 0.5515075501504508 neg 0.4069846721535469 __DUMMY__ 0.04150777769600225	false	1.0
provisorium	neg 1.0		off 0.540079217570348 neg 0.41722361044837225 __DUMMY__ 0.04269717198127971	false	0.5
schmerzen	neg 1.0		off 0.5446393547757528 neg 0.41370384320368436 __DUMMY__ 0.041656802020562926	false	0.5
schrumpfen	neg 1.0		off 0.5394550578097963 neg 0.4183793085588162 __DUMMY__ 0.04216563363138734	false	0.5
geistlos	off 1.0		off 0.5476296685462412 neg 0.4110227402827863 __DUMMY__ 0.041347591170972524	false	1.0
fehlkauf	neg 1.0		off 0.5493208387611813 neg 0.4091369180839292 __DUMMY__ 0.041542243154889476	false	0.5
frustrierend	neg 1.0		off 0.549646173057501 neg 0.40892962126165155 __DUMMY__ 0.041424205680847585	false	0.5
unzufrieden	neg 1.0		off 0.5451740231711604 neg 0.41295184922708295 __DUMMY__ 0.04187412760175665	false	0.5
verzweifeln	neg 1.0		off 0.5463615174888142 neg 0.41183073128294945 __DUMMY__ 0.04180775122823634	false	0.5
verzweifelt	neg 1.0		off 0.547639942267283 neg 0.41076024192964217 __DUMMY__ 0.04159981580307492	false	0.5
misstrauensantrag	neg 1.0		off 0.5486953696947955 neg 0.4097488204572736 __DUMMY__ 0.04155580984793094	false	0.5
abfallen	neg 1.0		off 0.5472262498043116 neg 0.41106918889576327 __DUMMY__ 0.041704561299925245	false	0.5
fucker	off 1.0		off 0.5550899263795964 neg 0.40363293951731904 __DUMMY__ 0.041277134103084444	false	1.0
ungezogen	neg 1.0		off 0.5597327306743349 neg 0.39958685967770746 __DUMMY__ 0.0406804096479575	false	0.5
irrsinnig	neg 1.0	neg 1.0	neg 0.6888968522411424 off 0.2912467104539059 __DUMMY__ 0.01985643730495186	false	1.0
unfassbar	neg 1.0		off 0.5520868286130157 neg 0.4065712203830159 __DUMMY__ 0.0413419510039684	false	0.5
hart	neg 1.0		off 0.5512458265632788 neg 0.40757605743094 __DUMMY__ 0.041178116005781265	false	0.5
widerlich	off 1.0		off 0.5517631931922875 neg 0.4070028136084771 __DUMMY__ 0.04123399319923529	false	1.0
fatal	neg 1.0	neg 1.0	neg 0.6891032241765038 off 0.29118180932064675 __DUMMY__ 0.019714966502849308	false	1.0
bruch	neg 1.0		off 0.5416425050165892 neg 0.4161975774498807 __DUMMY__ 0.042159917533530177	false	0.5
aushungern	neg 1.0		off 0.5446739109818522 neg 0.4136473021920491 __DUMMY__ 0.04167878682609864	false	0.5
anspannung	neg 1.0		off 0.5418696418270734 neg 0.415684645964158 __DUMMY__ 0.04244571220876856	false	0.5
von			off 0.5446770709015125 neg 0.4131061742553732 __DUMMY__ 0.04221675484311423	false	0.0
kraftlos	neg 1.0		off 0.5444233886608216 neg 0.4137081262939552 __DUMMY__ 0.04186848504522324	false	0.5
vom			off 0.5422978883718891 neg 0.4148765904443174 __DUMMY__ 0.04282552118379343	false	0.0
grenzdebil	off 1.0		off 0.5516783287414805 neg 0.40706529358816085 __DUMMY__ 0.041256377670358654	false	1.0
vor			off 0.5421122192595162 neg 0.41571737592933405 __DUMMY__ 0.04217040481114959	false	0.0
unterwerfen	neg 1.0		off 0.5448804306971989 neg 0.4131481981732075 __DUMMY__ 0.04197137112959355	false	0.5
versenkung	neg 1.0		off 0.5446945707580809 neg 0.4132683970860393 __DUMMY__ 0.04203703215587984	false	0.5
entziehen	neg 1.0		off 0.54257021391737 neg 0.41532548831508725 __DUMMY__ 0.04210429776754263	false	0.5
finanzkrise	neg 1.0		off 0.5425260811900847 neg 0.41613972804398575 __DUMMY__ 0.04133419076592941	false	0.5
schimpfend	neg 1.0		off 0.549453527145533 neg 0.40874378771951564 __DUMMY__ 0.0418026851349513	false	0.5
profan	neg 1.0		off 0.5487021624191627 neg 0.409762650261975 __DUMMY__ 0.04153518731886238	false	0.5
korruption	neg 1.0		off 0.5437461860574723 neg 0.41458562844717756 __DUMMY__ 0.041668185495350125	false	0.5
â			off 0.5454609922337059 neg 0.41259758000766045 __DUMMY__ 0.041941427758633756	false	0.0
schmutzig	neg 1.0		off 0.551999503930735 neg 0.406733794771127 __DUMMY__ 0.041266701298138	false	0.5
sexy	neg 1.0		off 0.5512424332921936 neg 0.4072015323123927 __DUMMY__ 0.041556034395413714	false	0.5
abraten	neg 1.0		off 0.5494849745291295 neg 0.40884956021422886 __DUMMY__ 0.04166546525664167	false	0.5
schwarz	neg 1.0		off 0.5495130281411291 neg 0.4088680041882924 __DUMMY__ 0.04161896767057854	false	0.5
fotze	off 1.0	off 1.0	off 0.7614612959227315 neg 0.21846721675420455 __DUMMY__ 0.020071487323063946	false	1.0
verwirren	neg 1.0		off 0.5492441218357391 neg 0.4092024086230233 __DUMMY__ 0.04155346954123743	false	0.5
zahnlos	off 1.0		off 0.5454158434446579 neg 0.412811590548944 __DUMMY__ 0.04177256600639809	false	1.0
verheeren	neg 1.0		off 0.5614633876519076 neg 0.39787219743404495 __DUMMY__ 0.04066441491404744	false	0.5
hippie	neg 1.0		off 0.5507186060082233 neg 0.40772817328571503 __DUMMY__ 0.04155322070606154	false	0.5
rammen	neg 1.0		off 0.5501846527203839 neg 0.4079473786222209 __DUMMY__ 0.04186796865739523	false	0.5
unlauter	neg 1.0		off 0.5490987467234647 neg 0.40932064489198416 __DUMMY__ 0.041580608384551146	false	0.5
unheilvoll	neg 1.0		off 0.5472230121487771 neg 0.41122256046906913 __DUMMY__ 0.041554427382153834	false	0.5
niedrig	neg 1.0		off 0.5447312884559414 neg 0.413390585677524 __DUMMY__ 0.04187812586653446	false	0.5
explosion	neg 1.0		off 0.5510768782877957 neg 0.4073311942934887 __DUMMY__ 0.04159192741871562	false	0.5
weichei	off 1.0	off 1.0	off 0.7652811352043866 neg 0.21529119665678284 __DUMMY__ 0.01942766813883064	false	1.0
minusmensch	off 1.0		off 0.5614491263579706 neg 0.39786346314572035 __DUMMY__ 0.04068741049630888	false	1.0
farblos	neg 1.0		off 0.549718047255264 neg 0.40854092006595266 __DUMMY__ 0.0417410326787835	false	0.5
unwissend	neg 1.0	neg 1.0	neg 0.6875311048906059 off 0.29277028955564005 __DUMMY__ 0.019698605553754082	false	1.0
traurig	neg 1.0		off 0.5540476022935489 neg 0.4047929613229199 __DUMMY__ 0.04115943638353125	false	0.5
senkung	neg 1.0		off 0.5467968283917086 neg 0.41194544321154913 __DUMMY__ 0.0412577283967423	false	0.5
ungleich	neg 1.0	neg 1.0	neg 0.6904456956548688 off 0.2895429853079816 __DUMMY__ 0.020011319037149634	false	1.0
heikel	neg 1.0		off 0.543358639732002 neg 0.4146642527844615 __DUMMY__ 0.04197710748353654	false	0.5
drosselung	neg 1.0		off 0.5518035218734084 neg 0.4069940815534328 __DUMMY__ 0.04120239657315873	false	0.5
falsch	neg 1.0		off 0.550737058511456 neg 0.40777711811416134 __DUMMY__ 0.041485823374382544	false	0.5
unzufriedenheit	neg 1.0		off 0.5425055439601691 neg 0.41556361674951814 __DUMMY__ 0.04193083929031268	false	0.5
kurz	neg 1.0		off 0.546580163948314 neg 0.4114528685171105 __DUMMY__ 0.041966967534575454	false	0.5
unsinnig	neg 1.0		off 0.5450643434562847 neg 0.4132729125645263 __DUMMY__ 0.04166274397918901	false	0.5
penner	off 1.0	off 1.0	off 0.7664572385240017 neg 0.21413900335091152 __DUMMY__ 0.01940375812508678	false	1.0
seicht	neg 1.0		off 0.5562184108778906 neg 0.4032902354683107 __DUMMY__ 0.040491353653798766	false	0.5
dummheit	off 1.0	off 1.0	off 0.7617700802652881 neg 0.21847870336285602 __DUMMY__ 0.01975121637185596	false	1.0
unerfreulich	neg 1.0		off 0.5434720162890919 neg 0.4145027025001698 __DUMMY__ 0.04202528121073834	false	0.5
motherfucker	off 1.0	off 1.0	off 0.7648162555600759 neg 0.21552207659448294 __DUMMY__ 0.01966166784544103	false	1.0
pikiert	neg 1.0		off 0.5504677561708177 neg 0.4082682916346012 __DUMMY__ 0.04126395219458121	false	0.5
wrack	neg 1.0		off 0.5501944954064342 neg 0.40756500930513695 __DUMMY__ 0.042240495288428874	false	0.5
gangster	neg 1.0		off 0.550741017914749 neg 0.407733425191342 __DUMMY__ 0.041525556893909014	false	0.5
krank	neg 1.0		off 0.5524507078776713 neg 0.40623614078860965 __DUMMY__ 0.041313151333719086	false	0.5
reich	neg 1.0		off 0.5495291253828481 neg 0.40917284933772924 __DUMMY__ 0.04129802527942261	false	0.5
gnadenlos	neg 1.0		off 0.5485947712497633 neg 0.40967804016743203 __DUMMY__ 0.04172718858280446	false	0.5
niedergeschlagen	neg 1.0		off 0.5460241230928694 neg 0.4120112456789215 __DUMMY__ 0.041964631228209044	false	0.5
terrorisieren	off 1.0	off 1.0	off 0.7593585868993933 neg 0.22060128477962349 __DUMMY__ 0.020040128320983258	false	1.0
sinnlosigkeit	neg 1.0		off 0.5453403774856864 neg 0.41283621761990413 __DUMMY__ 0.04182340489440956	false	0.5
behindern	neg 1.0		off 0.5469004032518312 neg 0.41137693649846235 __DUMMY__ 0.04172266024970646	false	0.5
undemokratisch	neg 1.0		off 0.5482898705128418 neg 0.4102144854515115 __DUMMY__ 0.04149564403564671	false	0.5
wirtschaftskrise	neg 1.0		off 0.54300855560304 neg 0.4153512579619044 __DUMMY__ 0.04164018643505559	false	0.5
neid	neg 1.0		off 0.5491518152385954 neg 0.4094151693036646 __DUMMY__ 0.04143301545773998	false	0.5
rutschen	neg 1.0		off 0.5412128056212585 neg 0.4163560156891699 __DUMMY__ 0.04243117868957147	false	0.5
rezession	neg 1.0		off 0.5504720308963152 neg 0.4087487995518901 __DUMMY__ 0.04077916955179483	false	0.5
fehlgeburt	neg 1.0		off 0.5496358249211528 neg 0.4085069724406624 __DUMMY__ 0.04185720263818482	false	0.5
charakterschwach	off 1.0		off 0.5508880089489173 neg 0.4078903538056803 __DUMMY__ 0.04122163724540239	false	1.0
isolation	neg 1.0		off 0.5522547583252692 neg 0.4061285915436382 __DUMMY__ 0.041616650131092794	false	0.5
ablenkung	neg 1.0		off 0.5474749482601367 neg 0.41072167106979585 __DUMMY__ 0.04180338067006745	false	0.5
pech	neg 1.0		off 0.5503008440833691 neg 0.4083032143672911 __DUMMY__ 0.041395941549339905	false	0.5
vermeidung	neg 1.0		off 0.5520888375364723 neg 0.40664187356649967 __DUMMY__ 0.04126928889702814	false	0.5
dominieren	neg 1.0		off 0.5467941921031041 neg 0.4113221971755518 __DUMMY__ 0.041883610721344146	false	0.5
schwindlig	neg 1.0		off 0.5482999811131503 neg 0.4101614049551299 __DUMMY__ 0.041538613931719696	false	0.5
lutscher	neg 1.0		off 0.5590742395676846 neg 0.4004406611038442 __DUMMY__ 0.04048509932847115	false	0.5
pflicht	neg 1.0		off 0.5428383320983677 neg 0.4150462379746285 __DUMMY__ 0.042115429927003754	false	0.5
faschist	off 1.0		off 0.5496846095723269 neg 0.4088942969076905 __DUMMY__ 0.04142109351998252	false	1.0
verschleudern	neg 1.0		off 0.5426799827162428 neg 0.41554194224801805 __DUMMY__ 0.04177807503573912	false	0.5
wenn			off 0.5506500106677145 neg 0.40796751977182977 __DUMMY__ 0.041382469560455694	false	0.0
ehebruch	neg 1.0		off 0.5435147783836027 neg 0.4147006701445838 __DUMMY__ 0.04178455147181359	false	0.5
spott	off 1.0		off 0.5452425524064726 neg 0.4128030445844334 __DUMMY__ 0.041954403009094164	false	1.0
trostlosigkeit	neg 1.0		off 0.5406868251674134 neg 0.4173921158063903 __DUMMY__ 0.04192105902619642	false	0.5
lutschen	neg 1.0		off 0.5524231237305219 neg 0.4060043440099513 __DUMMY__ 0.041572532259526715	false	0.5
undiszipliniert	neg 1.0		off 0.553068870200082 neg 0.4057682063488726 __DUMMY__ 0.04116292345104532	false	0.5
kopfschmerz	neg 1.0		off 0.5421505604643851 neg 0.4161544456781002 __DUMMY__ 0.04169499385751477	false	0.5
unvorhergesehen	neg 1.0		off 0.5443950796975501 neg 0.4134101500633168 __DUMMY__ 0.04219477023913303	false	0.5
desinteressiert	neg 1.0		off 0.5524329661246196 neg 0.40637243911722576 __DUMMY__ 0.041194594758154846	false	0.5
armselig	off 1.0		off 0.5544069550813604 neg 0.4045176229409955 __DUMMY__ 0.041075421977644036	false	1.0
desaster	neg 1.0		off 0.5408005222751812 neg 0.4171893051773071 __DUMMY__ 0.042010172547511736	false	0.5
tod	neg 1.0		off 0.5447347710306693 neg 0.4132883390547908 __DUMMY__ 0.04197688991454005	false	0.5
herzlos	neg 1.0		off 0.5538706370268599 neg 0.40503345837097243 __DUMMY__ 0.04109590460216776	false	0.5
unwissenheit	neg 1.0		off 0.5448601332575793 neg 0.4133178574438028 __DUMMY__ 0.041822009298617784	false	0.5
widersinnig	neg 1.0		off 0.5446890444027224 neg 0.41370164781015134 __DUMMY__ 0.04160930778712619	false	0.5
bedenklich	neg 1.0		off 0.5438020062927911 neg 0.41435412619267237 __DUMMY__ 0.0418438675145365	false	0.5
beanstanden	neg 1.0		off 0.5443013950900254 neg 0.4135451704552925 __DUMMY__ 0.042153434454682046	false	0.5
panisch	neg 1.0		off 0.5498466687146575 neg 0.4084486830491006 __DUMMY__ 0.04170464823624191	false	0.5
debil	off 1.0		off 0.5397960650997055 neg 0.41764671263317193 __DUMMY__ 0.04255722226712263	false	1.0
abstrich	neg 1.0		off 0.5491454246730016 neg 0.40883257903587283 __DUMMY__ 0.04202199629112555	false	0.5
primitiv	neg 1.0		off 0.5524374808578403 neg 0.4063798975858815 __DUMMY__ 0.0411826215562782	false	0.5
abschaum	off 1.0	off 1.0	off 0.7639007695242074 neg 0.21635458667322036 __DUMMY__ 0.01974464380257238	false	1.0
provozieren	neg 1.0		off 0.5472731705416449 neg 0.4111182811102602 __DUMMY__ 0.04160854834809485	false	0.5
tot	neg 1.0		off 0.5469040852445031 neg 0.4111610769711802 __DUMMY__ 0.041934837784316704	false	0.5
instabil	neg 1.0		off 0.5545886517215806 neg 0.40438567356748173 __DUMMY__ 0.04102567471093782	false	0.5
schwuchtel	off 1.0	off 1.0	off 0.7699677549109443 neg 0.2108541410797182 __DUMMY__ 0.019178104009337567	false	1.0
zerren	neg 1.0		off 0.5457495775403369 neg 0.4122935201219467 __DUMMY__ 0.04195690233771626	false	0.5
kinderficker	off 1.0		off 0.5564568218804107 neg 0.40261360304110144 __DUMMY__ 0.0409295750784879	false	1.0
gefahr	neg 1.0		off 0.5441372890355852 neg 0.413709934579157 __DUMMY__ 0.042152776385257634	false	0.5
rabiat	neg 1.0		off 0.5454640017511458 neg 0.4128500970438813 __DUMMY__ 0.041685901204972994	false	0.5
verlangsamung	neg 1.0		off 0.5578996418734471 neg 0.40129388746006067 __DUMMY__ 0.04080647066649225	false	0.5
ausgestorben	neg 1.0		off 0.546311420117275 neg 0.41187219760546934 __DUMMY__ 0.04181638227725563	false	0.5
anklagen	neg 1.0		off 0.5454820980573698 neg 0.41274441061373085 __DUMMY__ 0.041773491328899306	false	0.5
trott	neg 1.0		off 0.5477776294419435 neg 0.41044708580107836 __DUMMY__ 0.04177528475697792	false	0.5
verminderung	neg 1.0		off 0.5517413530004786 neg 0.4070258016684451 __DUMMY__ 0.041232845331076275	false	0.5
nach			off 0.5410849385273323 neg 0.41632893982064445 __DUMMY__ 0.042586121652023294	false	0.0
rost	neg 1.0		off 0.5605652153354805 neg 0.39855477510185167 __DUMMY__ 0.04088000956266789	false	0.5
destruktiv	neg 1.0		off 0.5456965935389887 neg 0.4126893769280667 __DUMMY__ 0.04161402953294474	false	0.5
unzumutbarkeit	neg 1.0		off 0.5551169827026124 neg 0.4033592945120551 __DUMMY__ 0.041523722785332465	false	0.5
labil	off 1.0	off 1.0	off 0.7634247603829799 neg 0.21682616477961084 __DUMMY__ 0.019749074837409255	false	1.0
ziemlich	neg 1.0		off 0.552554454634001 neg 0.40602629912379057 __DUMMY__ 0.04141924624220837	false	0.5
lachnummer	off 1.0		off 0.5474992983685419 neg 0.4108018514645583 __DUMMY__ 0.041698850166899726	false	1.0
oder			off 0.5487275509826636 neg 0.4094724211697869 __DUMMY__ 0.0418000278475494	false	0.0
verfall	neg 1.0		off 0.5392269371354883 neg 0.4186399613287389 __DUMMY__ 0.04213310153577281	false	0.5
ausgrenzung	neg 1.0		off 0.5484647243792901 neg 0.4100189576881014 __DUMMY__ 0.04151631793260847	false	0.5
unordnung	neg 1.0		off 0.5579267217630884 neg 0.4008391106979341 __DUMMY__ 0.04123416753897737	false	0.5
fehlverhalten	neg 1.0		off 0.5437010499972071 neg 0.4143420937629012 __DUMMY__ 0.04195685623989159	false	0.5
eine			off 0.5423869371300468 neg 0.4155001157061894 __DUMMY__ 0.042112947163763924	false	0.0
nille	neg 1.0		off 0.5483401629768301 neg 0.4098815503568119 __DUMMY__ 0.04177828666635818	false	0.5
qual	neg 1.0		off 0.5473530560969064 neg 0.4108648344248138 __DUMMY__ 0.04178210947827987	false	0.5
verschwenden	neg 1.0		off 0.5426583729927636 neg 0.4154505275027178 __DUMMY__ 0.04189109950451848	false	0.5
riesig	neg 1.0		off 0.5465283815126244 neg 0.4113332408108918 __DUMMY__ 0.042138377676483665	false	0.5
verurteilen	neg 1.0		off 0.5448017613147687 neg 0.41343771243038113 __DUMMY__ 0.041760526254850217	false	0.5
klischee	neg 1.0	neg 1.0	neg 0.6879031620136564 off 0.2923638710749269 __DUMMY__ 0.019732966911416603	false	1.0
diktatorisch	neg 1.0		off 0.5476663422050667 neg 0.41090422071870586 __DUMMY__ 0.04142943707622731	false	0.5
vorhersehbar	neg 1.0		off 0.5481133866056894 neg 0.4105045412574413 __DUMMY__ 0.04138207213686937	false	0.5
sowie			off 0.5547678322588563 neg 0.4043723473886388 __DUMMY__ 0.04085982035250487	false	0.0
stornieren	neg 1.0		off 0.5550619619758645 neg 0.4029255867236615 __DUMMY__ 0.04201245130047407	false	0.5
besteuerung	neg 1.0	neg 1.0	neg 0.6902013140631293 off 0.2900678224173467 __DUMMY__ 0.01973086351952397	false	1.0
ungeschminkt	neg 1.0		off 0.5538487630363373 neg 0.40488385524798387 __DUMMY__ 0.041267381715678626	false	0.5
kritisch	neg 1.0		off 0.545300616277207 neg 0.41283163045283294 __DUMMY__ 0.04186775326995993	false	0.5
schlamperei	off 1.0		off 0.5446179930474269 neg 0.41341650078989006 __DUMMY__ 0.04196550616268293	false	1.0
sucht	neg 1.0	neg 1.0	neg 0.6862750293616589 off 0.29369921967018275 __DUMMY__ 0.020025750968158448	false	1.0
egoistisch	off 1.0	off 1.0	off 0.7661964954937158 neg 0.21427249210592153 __DUMMY__ 0.019531012400362674	false	1.0
ausbeuter	off 1.0		off 0.5419054934936912 neg 0.4162705866328536 __DUMMY__ 0.04182391987345527	false	1.0
arschgeburt	off 1.0		off 0.5638128315832519 neg 0.3958303553595298 __DUMMY__ 0.04035681305721838	false	1.0
schubs	neg 1.0		off 0.544157540906491 neg 0.41401337230418184 __DUMMY__ 0.04182908678932708	false	0.5
unsolide	neg 1.0		off 0.5492010577120595 neg 0.4093057405740592 __DUMMY__ 0.04149320171388122	false	0.5
beschwerde	neg 1.0		off 0.5462689860187672 neg 0.4118337735789636 __DUMMY__ 0.04189724040226927	false	0.5
stocken	neg 1.0		off 0.5454693319500258 neg 0.4125637112235949 __DUMMY__ 0.04196695682637938	false	0.5
isolieren	neg 1.0		off 0.5462986411833779 neg 0.4118096834792929 __DUMMY__ 0.041891675337329216	false	0.5
unheilbar	neg 1.0		off 0.546088637180952 neg 0.41229336218599566 __DUMMY__ 0.04161800063305246	false	0.5
pisser	off 1.0	off 1.0	off 0.7661213688471394 neg 0.2141808664434824 __DUMMY__ 0.019697764709378174	false	1.0
löschen	neg 1.0		off 0.5484118608964836 neg 0.4098464604438237 __DUMMY__ 0.041741678659692555	false	0.5
durchfallen	neg 1.0		off 0.5449269468979547 neg 0.41321250655049324 __DUMMY__ 0.04186054655155205	false	0.5
wichser	off 1.0	off 1.0	off 0.7677322675286727 neg 0.2129801430131981 __DUMMY__ 0.01928758945812914	false	1.0
terror	neg 1.0		off 0.5511646079515088 neg 0.40722932399714856 __DUMMY__ 0.04160606805134278	false	0.5
krass	neg 1.0		off 0.5557203310605552 neg 0.40327109278922463 __DUMMY__ 0.041008576150220355	false	0.5
revolte	neg 1.0		off 0.5469793710541042 neg 0.41184477866297814 __DUMMY__ 0.04117585028291764	false	0.5
besorgt	neg 1.0		off 0.5474384081217731 neg 0.4105373461891105 __DUMMY__ 0.042024245689116384	false	0.5
nachlassen	neg 1.0		off 0.5458246138865798 neg 0.4121711168252131 __DUMMY__ 0.042004269288206976	false	0.5
alt	neg 1.0		off 0.5413590592918345 neg 0.41702067294437756 __DUMMY__ 0.041620267763787945	false	0.5
hundesohn	off 1.0	off 1.0	off 0.7686819328559726 neg 0.21188333620746902 __DUMMY__ 0.01943473093655833	false	1.0
als			off 0.5449209655238865 neg 0.41327910993089684 __DUMMY__ 0.04179992454521664	false	0.0
abschreckung	neg 1.0		off 0.54270248248274 neg 0.4153225164214619 __DUMMY__ 0.04197500109579803	false	0.5
unqualifiziert	neg 1.0		off 0.5504267815578886 neg 0.4081695084479556 __DUMMY__ 0.04140370999415587	false	0.5
abgewichst	off 1.0		off 0.5482357855419524 neg 0.4099077603781923 __DUMMY__ 0.04185645407985531	false	1.0
schwer	neg 1.0		off 0.5460833145491316 neg 0.41220118785942583 __DUMMY__ 0.04171549759144246	false	0.5
bedeutungslosigkeit	neg 1.0		off 0.5431395131184439 neg 0.4149116363818199 __DUMMY__ 0.04194885049973622	false	0.5
kapitulation	neg 1.0		off 0.5429932981036643 neg 0.41531168054570905 __DUMMY__ 0.04169502135062671	false	0.5
unscharf	neg 1.0		off 0.5460028438463153 neg 0.41271565198965426 __DUMMY__ 0.04128150416403045	false	0.5
schwinden	neg 1.0		off 0.5431372690240396 neg 0.41494306753571353 __DUMMY__ 0.041919663440246856	false	0.5
versklavung	neg 1.0	neg 1.0	neg 0.6889378790560399 off 0.2912703269155354 __DUMMY__ 0.01979179402842483	false	1.0
schlecht	neg 1.0		off 0.5529143328488488 neg 0.40564794538036264 __DUMMY__ 0.04143772177078857	false	0.5
verhasst	neg 1.0		off 0.5476087279370748 neg 0.4108469882248104 __DUMMY__ 0.041544283838114766	false	0.5
beschweren	neg 1.0		off 0.5495611386508382 neg 0.4087590250551761 __DUMMY__ 0.04167983629398577	false	0.5
scheiden	neg 1.0		off 0.5475481505395599 neg 0.41072476752866327 __DUMMY__ 0.041727081931776815	false	0.5
frustriert	neg 1.0		off 0.5461928881984178 neg 0.4119728347154214 __DUMMY__ 0.04183427708616073	false	0.5
schimmelig	neg 1.0		off 0.5441017716714308 neg 0.4141082518524843 __DUMMY__ 0.04178997647608485	false	0.5
fisch	neg 1.0		off 0.540006427103914 neg 0.41814054621632085 __DUMMY__ 0.04185302667976529	false	0.5
schmuggel	neg 1.0		off 0.5439132669350495 neg 0.41386915565257565 __DUMMY__ 0.0422175774123748	false	0.5
auffallen	neg 1.0		off 0.5492368649557583 neg 0.4091764829128868 __DUMMY__ 0.04158665213135493	false	0.5
konkurrenz	neg 1.0		off 0.5444889057689366 neg 0.4133830476431455 __DUMMY__ 0.04212804658791795	false	0.5
teufelskreis	neg 1.0	neg 1.0	neg 0.6905945675679849 off 0.2895710039947608 __DUMMY__ 0.019834428437254387	false	1.0
aufschreien	neg 1.0		off 0.5485601515514581 neg 0.41000013651626155 __DUMMY__ 0.041439711932280354	false	0.5
schuldner	neg 1.0		off 0.5416577610508514 neg 0.416532669372402 __DUMMY__ 0.041809569576746745	false	0.5
missgeburt	off 1.0	off 1.0	off 0.7689282266223669 neg 0.21149956977363574 __DUMMY__ 0.01957220360399738	false	1.0
arbeitslos	neg 1.0		off 0.5449411653217242 neg 0.413184645702111 __DUMMY__ 0.04187418897616473	false	0.5
befallen	neg 1.0		off 0.5455117118497592 neg 0.412815183134717 __DUMMY__ 0.041673105015523924	false	0.5
miesepetrig	off 1.0	off 1.0	off 0.763110250481008 neg 0.21717311649083804 __DUMMY__ 0.01971663302815394	false	1.0
alarmieren	neg 1.0		off 0.5515297717325073 neg 0.40703819500208127 __DUMMY__ 0.04143203326541136	false	0.5
ungeduscht	off 1.0		off 0.5503499895117732 neg 0.4082879675167891 __DUMMY__ 0.04136204297143767	false	1.0
knappheit	neg 1.0		off 0.5441174659990139 neg 0.4141620347343746 __DUMMY__ 0.04172049926661156	false	0.5
schlange	neg 1.0		off 0.5485690165081666 neg 0.4096361393797101 __DUMMY__ 0.041794844112123274	false	0.5
harsch	neg 1.0		off 0.5592544720744993 neg 0.3993514511210954 __DUMMY__ 0.04139407680440543	false	0.5
lang	neg 1.0		off 0.5490817483493119 neg 0.4092162310103482 __DUMMY__ 0.041702020640339926	false	0.5
ziellos	neg 1.0		off 0.544700583712711 neg 0.41323620158058094 __DUMMY__ 0.042063214706707854	false	0.5
selbstverliebt	neg 1.0		off 0.5614763190940324 neg 0.3979641430859736 __DUMMY__ 0.04055953781999403	false	0.5
beseitigen	neg 1.0		off 0.5513882274630251 neg 0.4065313379373127 __DUMMY__ 0.04208043459966217	false	0.5
dumm	off 1.0		off 0.556668711802932 neg 0.40250238403576655 __DUMMY__ 0.04082890416130149	false	1.0
arbeitsloser	neg 1.0		off 0.5471401719332158 neg 0.41079697131931125 __DUMMY__ 0.04206285674747275	false	0.5
blitzen	neg 1.0		off 0.5504129111793306 neg 0.40814012034076214 __DUMMY__ 0.041446968479907205	false	0.5
hilflos	neg 1.0		off 0.5449468072644589 neg 0.41319578980450306 __DUMMY__ 0.04185740293103785	false	0.5
eklig	off 1.0		off 0.5561118108103212 neg 0.40318257617861997 __DUMMY__ 0.0407056130110586	false	1.0
begriff			off 0.5463235640716004 neg 0.41196697028761914 __DUMMY__ 0.04170946564078055	false	0.0
hungersnot	neg 1.0		off 0.5429065758708147 neg 0.41547470630129013 __DUMMY__ 0.041618717827895224	false	0.5
ungesetzlich	neg 1.0		off 0.5480095298198329 neg 0.4105284422449544 __DUMMY__ 0.04146202793521287	false	0.5
verschwendung	neg 1.0		off 0.5431475358956833 neg 0.41490245837509937 __DUMMY__ 0.04195000572921733	false	0.5
schmerzvoll	neg 1.0		off 0.5476435146669449 neg 0.41079651641344983 __DUMMY__ 0.04155996891960515	false	0.5
vorzeitig	neg 1.0		off 0.5531865115021305 neg 0.4052891748787715 __DUMMY__ 0.041524313619097954	false	0.5
unvollkommenheit	neg 1.0		off 0.5461997215223956 neg 0.4119799338739236 __DUMMY__ 0.04182034460368074	false	0.5
intervenieren	neg 1.0		off 0.5426747425158194 neg 0.41552062997027156 __DUMMY__ 0.041804627513909176	false	0.5
banause	off 1.0		off 0.5556936425415109 neg 0.40385556878289297 __DUMMY__ 0.040450788675596205	false	1.0
rebell	neg 1.0		off 0.5405760211032204 neg 0.4172657738552839 __DUMMY__ 0.0421582050414957	false	0.5
unlogisch	neg 1.0		off 0.5534832147717029 neg 0.4053882450943373 __DUMMY__ 0.04112854013395983	false	0.5
leiden	neg 1.0		off 0.5446077167185152 neg 0.4131676995721408 __DUMMY__ 0.042224583709343996	false	0.5
abschaffung	neg 1.0		off 0.5472239598858862 neg 0.41123082423399343 __DUMMY__ 0.04154521588012033	false	0.5
sturz	neg 1.0		off 0.5528411907195245 neg 0.4052400098760823 __DUMMY__ 0.041918799404393255	false	0.5
verkleinerung	neg 1.0		off 0.5491078745150294 neg 0.40961939047166557 __DUMMY__ 0.04127273501330511	false	0.5
schmarotzer	off 1.0		off 0.5450379992264712 neg 0.4132023754176223 __DUMMY__ 0.04175962535590655	false	1.0
bestrafung	neg 1.0	neg 1.0	neg 0.688421173168122 off 0.2916579771975824 __DUMMY__ 0.019920849634295516	false	1.0
achtlos	neg 1.0		off 0.5463309997281078 neg 0.4118271363911048 __DUMMY__ 0.04184186388078749	false	0.5
ungeheuer	neg 1.0		off 0.5466503381262691 neg 0.41175722878038173 __DUMMY__ 0.041592433093349215	false	0.5
unaufrichtig	neg 1.0		off 0.5513790801857831 neg 0.4071403427667595 __DUMMY__ 0.04148057704745755	false	0.5
groggy	neg 1.0		off 0.5513851663550721 neg 0.4069793314046644 __DUMMY__ 0.04163550224026357	false	0.5
