unsolidarisch	neg 1.0		__DUMMY__ 0.8793336346837689 off 0.06842107111581053 neg 0.05224529420042054	false	0.5
nachteilig	neg 1.0		__DUMMY__ 0.8885336869561725 off 0.06362727339679647 neg 0.047839039647031054	false	0.5
skeptisch	neg 1.0		__DUMMY__ 0.8868297647335484 off 0.06249608685015639 neg 0.050674148416295264	false	0.5
schrecklich	neg 1.0		__DUMMY__ 0.8745511347754653 off 0.07624884159075675 neg 0.04920002363377786	false	0.5
schlapp	neg 1.0	neg 1.0	neg 0.5080869169870905 __DUMMY__ 0.43710724702370685 off 0.054805835989202585	false	1.0
abfall	neg 1.0		__DUMMY__ 0.8907140517966639 off 0.059317772810535734 neg 0.04996817539280039	false	0.5
widerspenstig	neg 1.0		__DUMMY__ 0.8822721102970551 off 0.06629433441484907 neg 0.05143355528809591	false	0.5
abrupt	neg 1.0		__DUMMY__ 0.8868242263572527 off 0.06171666630904338 neg 0.05145910733370394	false	0.5
unwirksam	neg 1.0		__DUMMY__ 0.8781186428510085 off 0.06772191845568007 neg 0.05415943869331144	false	0.5
angreifen	neg 1.0		__DUMMY__ 0.8870968829328391 off 0.061983827658303535 neg 0.05091928940885733	false	0.5
inkonsistent	neg 1.0		__DUMMY__ 0.8792423998927895 off 0.06960872321884387 neg 0.05114887688836672	false	0.5
abrutschen	neg 1.0		__DUMMY__ 0.8900013850404859 off 0.05898958635608019 neg 0.05100902860343396	false	0.5
unsicher	neg 1.0		__DUMMY__ 0.8837839220625608 off 0.06702073530728489 neg 0.04919534263015427	false	0.5
bauernkind	off 1.0	off 1.0	off 0.5292762101889662 __DUMMY__ 0.43151169495491404 neg 0.03921209485611983	false	1.0
angreifer	neg 1.0		__DUMMY__ 0.8833700136090701 off 0.07100984551454195 neg 0.045620140876387834	false	0.5
trennen	neg 1.0		__DUMMY__ 0.8886693194455472 off 0.06150838413481514 neg 0.04982229641963764	false	0.5
schmutz	neg 1.0		__DUMMY__ 0.8892174645514264 off 0.0699237110433528 neg 0.040858824405220893	false	0.5
inkonsistenz	neg 1.0		__DUMMY__ 0.8779472423474662 off 0.07216943546389502 neg 0.04988332218863881	false	0.5
erschreckend	neg 1.0		__DUMMY__ 0.8831011544249255 off 0.06651467059620303 neg 0.050384174978871474	false	0.5
ertrinken	neg 1.0		__DUMMY__ 0.8866336403016114 off 0.0613706264470307 neg 0.05199573325135783	false	0.5
pickelface	off 1.0		__DUMMY__ 0.8840771154829259 off 0.06768578236200809 neg 0.04823710215506597	false	1.0
seiner			__DUMMY__ 0.8880727768963983 off 0.06224042035297839 neg 0.04968680275062329	false	0.0
lauch	neg 1.0	neg 1.0	neg 0.507504581759866 __DUMMY__ 0.4474205117375837 off 0.04507490650255032	false	1.0
unwichtig	neg 1.0		__DUMMY__ 0.8780227837963772 off 0.07211637800120342 neg 0.049860838202419336	false	0.5
steuerhinterziehung	neg 1.0		__DUMMY__ 0.8812272094249902 off 0.06662095814628774 neg 0.05215183242872197	false	0.5
schock	neg 1.0		__DUMMY__ 0.8847878458782472 off 0.06539432732121253 neg 0.04981782680054024	false	0.5
beule	neg 1.0		__DUMMY__ 0.8758745309179716 off 0.07410855186683996 neg 0.050016917215188396	false	0.5
vergelten	neg 1.0		__DUMMY__ 0.8757722815372841 off 0.07742596461759445 neg 0.04680175384512131	false	0.5
verdorbenheit	neg 1.0		__DUMMY__ 0.8851511877784748 off 0.06799326091940464 neg 0.04685555130212062	false	0.5
trauma	neg 1.0		__DUMMY__ 0.8813878811990239 off 0.06860101021443567 neg 0.0500111085865404	false	0.5
sinnlos	neg 1.0		__DUMMY__ 0.8813617314929156 off 0.06918665372183214 neg 0.049451614785252104	false	0.5
fettsack	off 1.0	off 1.0	off 0.5304168027794705 __DUMMY__ 0.432036677260821 neg 0.03754651995970851	false	1.0
feige	off 1.0	off 1.0	off 0.5257631384675994 __DUMMY__ 0.43584817039871 neg 0.038388691133690735	false	1.0
abdanken	neg 1.0		__DUMMY__ 0.8836270087023321 off 0.06698543332721396 neg 0.04938755797045397	false	0.5
wichtigtuer	off 1.0	off 1.0	off 0.5231898545460203 __DUMMY__ 0.43890728798258566 neg 0.03790285747139401	false	1.0
misslingen	neg 1.0		__DUMMY__ 0.8871641092801815 off 0.06839134599768955 neg 0.04444454472212894	false	0.5
untreu	off 1.0		__DUMMY__ 0.8769246130738388 off 0.07338568603990339 neg 0.049689700886257696	false	1.0
missmutig	neg 1.0		__DUMMY__ 0.877954511625326 off 0.0706997063620454 neg 0.05134578201262853	false	0.5
hurenbock	off 1.0		__DUMMY__ 0.882690548526089 off 0.06723301230130072 neg 0.050076439172610274	false	1.0
betrunken	neg 1.0		__DUMMY__ 0.8753429903179828 off 0.07507626383951946 neg 0.049580745842497685	false	0.5
korrupt	off 1.0		__DUMMY__ 0.8804708744263903 off 0.06626657658528395 neg 0.05326254898832586	false	1.0
unmut	neg 1.0		__DUMMY__ 0.888496314772231 off 0.0607740799264721 neg 0.0507296053012969	false	0.5
hackfresse	off 1.0		__DUMMY__ 0.8702821129342125 off 0.08084398776256727 neg 0.04887389930322019	false	1.0
aufblasen	neg 1.0		__DUMMY__ 0.8825948061797115 off 0.06730308969980223 neg 0.05010210412048633	false	0.5
gewaltsam	neg 1.0		__DUMMY__ 0.8850503410283168 off 0.06681097086449113 neg 0.048138688107192046	false	0.5
unbeliebtheit	neg 1.0		__DUMMY__ 0.8784504036814736 off 0.073534069449728 neg 0.04801552686879834	false	0.5
sturheit	neg 1.0		__DUMMY__ 0.8840727984147255 off 0.06648624590212569 neg 0.04944095568314869	false	0.5
kuh	neg 1.0		__DUMMY__ 0.8750447543696094 off 0.0700080747890179 neg 0.05494717084137278	false	0.5
erschrecken	neg 1.0		__DUMMY__ 0.8796474392021547 off 0.07118488404656656 neg 0.04916767675127876	false	0.5
opfer	neg 1.0		__DUMMY__ 0.8867030071275012 off 0.06380219944005637 neg 0.04949479343244243	false	0.5
sinken	neg 1.0		__DUMMY__ 0.8871922819499385 off 0.06118066100287007 neg 0.05162705704719153	false	0.5
stinktier	neg 1.0		__DUMMY__ 0.8688980485916329 off 0.07863553956445465 neg 0.05246641184391244	false	0.5
tucke	off 1.0		__DUMMY__ 0.8659157882559795 off 0.08291016093829492 neg 0.05117405080572567	false	1.0
ein			__DUMMY__ 0.8819597924535987 off 0.0660366181820286 neg 0.05200358936437278	false	0.0
abstieg	neg 1.0		__DUMMY__ 0.8882290174383598 off 0.06506776751797752 neg 0.046703215043662774	false	0.5
missverstehen	neg 1.0		__DUMMY__ 0.8797276953737546 off 0.07010566359797638 neg 0.050166641028268906	false	0.5
ergebnislos	neg 1.0		__DUMMY__ 0.888588344103859 off 0.0635612750405344 neg 0.047850380855606583	false	0.5
unter			__DUMMY__ 0.8962023708771141 off 0.05497463343266889 neg 0.04882299569021706	false	0.0
manipulieren	neg 1.0		__DUMMY__ 0.8873118860362735 off 0.06294852651130582 neg 0.049739587452420755	false	0.5
unbewiesen	neg 1.0		__DUMMY__ 0.8806904289658792 off 0.06869981258515681 neg 0.050609758448964	false	0.5
verschleppen	neg 1.0		__DUMMY__ 0.8840662046774258 off 0.06460482954225415 neg 0.05132896578032002	false	0.5
weib	off 1.0		__DUMMY__ 0.8680524551665987 off 0.08316469173227163 neg 0.04878285310112969	false	1.0
opposition	neg 1.0		__DUMMY__ 0.88020730834345 off 0.06867235055679256 neg 0.051120341099757424	false	0.5
verkehrswidrig	neg 1.0		__DUMMY__ 0.879037857938285 off 0.07761780317983222 neg 0.04334433888188265	false	0.5
inkorrekt	neg 1.0		__DUMMY__ 0.8734656349066912 off 0.07634278961008309 neg 0.0501915754832257	false	0.5
vermeiden	neg 1.0		__DUMMY__ 0.8930531689329171 off 0.058381524132359953 neg 0.048565306934722975	false	0.5
abweichung	neg 1.0		__DUMMY__ 0.8868828382863386 off 0.06491388092967283 neg 0.04820328078398846	false	0.5
alkoholisiert	neg 1.0		__DUMMY__ 0.8950746394161192 off 0.061651942128488645 neg 0.04327341845539223	false	0.5
scheiss	off 1.0	off 1.0	off 0.5263920870801967 __DUMMY__ 0.4356094885463465 neg 0.03799842437345682	false	1.0
herausforderung	neg 1.0		__DUMMY__ 0.8858188370774797 off 0.06467287023941527 neg 0.04950829268310519	false	0.5
pervers	off 1.0		__DUMMY__ 0.8656785315494214 off 0.08545181705026854 neg 0.04886965140031004	false	1.0
wackelig	neg 1.0		__DUMMY__ 0.8863945763356105 off 0.06422962968380878 neg 0.04937579398058066	false	0.5
verwickeln	neg 1.0		__DUMMY__ 0.8805177884954394 off 0.06923650372950718 neg 0.050245707775053404	false	0.5
vorwand	neg 1.0		__DUMMY__ 0.8877691056796467 off 0.06153313507077093 neg 0.05069775924958227	false	0.5
muschi	off 1.0		__DUMMY__ 0.8858987935481171 off 0.06660279239941005 neg 0.047498414052472786	false	1.0
entmutigung	neg 1.0		__DUMMY__ 0.8770138012333267 off 0.06999024134763762 neg 0.05299595741903569	false	0.5
unangemessen	neg 1.0		__DUMMY__ 0.8835289280393912 off 0.06611537414218902 neg 0.050355697818419774	false	0.5
unstetig	neg 1.0		__DUMMY__ 0.881126278660026 off 0.07108093568626735 neg 0.04779278565370664	false	0.5
entmutigen	neg 1.0		__DUMMY__ 0.8804723807630583 off 0.0680313785101791 neg 0.051496240726762524	false	0.5
schwanz	neg 1.0		__DUMMY__ 0.8873915807754523 off 0.06433147193011104 neg 0.04827694729443654	false	0.5
verbot	neg 1.0		__DUMMY__ 0.8829819151482712 off 0.06595351497700529 neg 0.051064569874723485	false	0.5
leid	neg 1.0		__DUMMY__ 0.8728543575416639 off 0.07782588909480354 neg 0.049319753363532635	false	0.5
archaisch	neg 1.0		__DUMMY__ 0.8833932843762204 off 0.06575781393641289 neg 0.0508489016873667	false	0.5
gegen			__DUMMY__ 0.8897540298507539 off 0.06129843888551566 neg 0.04894753126373039	false	0.0
scheidung	neg 1.0		__DUMMY__ 0.8691775611660153 off 0.08908747170634872 neg 0.04173496712763596	false	0.5
einschlag	neg 1.0		__DUMMY__ 0.878066653768569 off 0.07653443226619912 neg 0.04539891396523199	false	0.5
m			__DUMMY__ 0.8860663886837773 off 0.06487942339298312 neg 0.04905418792323967	false	0.0
abgestanden	neg 1.0		__DUMMY__ 0.8780159004479084 off 0.06664427674503023 neg 0.05533982280706137	false	0.5
schmierig	off 1.0		__DUMMY__ 0.8726971276384641 off 0.07756066041396333 neg 0.04974221194757261	false	1.0
unpraktisch	neg 1.0		__DUMMY__ 0.8828508166065057 off 0.06825199266017858 neg 0.04889719073331573	false	0.5
wixxer	off 1.0		__DUMMY__ 0.864590602020602 off 0.08587751629865457 neg 0.049531881680743475	false	1.0
bezeichnet			__DUMMY__ 0.8831022398010314 off 0.06758442001026087 neg 0.049313340188707755	false	0.0
jammerlappen	off 1.0		__DUMMY__ 0.8778246248464111 off 0.07242769365934476 neg 0.04974768149424408	false	1.0
farce	neg 1.0		__DUMMY__ 0.8810150950249639 off 0.06754453817336444 neg 0.05144036680167173	false	0.5
zwecklos	neg 1.0		__DUMMY__ 0.883699145587722 off 0.06514256528746043 neg 0.05115828912481756	false	0.5
turbulent	neg 1.0		__DUMMY__ 0.877447134967486 off 0.07447387514096855 neg 0.04807898989154539	false	0.5
invasion	neg 1.0		__DUMMY__ 0.8808377561788492 off 0.06983994509101393 neg 0.04932229873013693	false	0.5
schuld	neg 1.0		__DUMMY__ 0.881480214255943 off 0.06853294835576991 neg 0.04998683738828712	false	0.5
risiko	neg 1.0		__DUMMY__ 0.8810842196985433 off 0.06944156066117284 neg 0.04947421964028394	false	0.5
finster	neg 1.0		__DUMMY__ 0.8813309331574336 off 0.06626658197808244 neg 0.05240248486448389	false	0.5
geisteskrank	off 1.0		__DUMMY__ 0.8747935886061853 off 0.07506504911480771 neg 0.05014136227900695	false	1.0
zusammenbrechen	neg 1.0		__DUMMY__ 0.8838042798086745 off 0.06528625218392513 neg 0.05090946800740027	false	0.5
ausbeute	neg 1.0		__DUMMY__ 0.8862144463782652 off 0.06567406805292539 neg 0.04811148556880944	false	0.5
hinterhalt	neg 1.0		__DUMMY__ 0.8849502679514551 off 0.06547110665926723 neg 0.04957862538927761	false	0.5
kritik	neg 1.0		__DUMMY__ 0.8807904061870963 off 0.06728866478441523 neg 0.051920929028488494	false	0.5
einschrumpfen	neg 1.0		__DUMMY__ 0.8767239501922065 off 0.07264303101222071 neg 0.05063301879557277	false	0.5
riskant	neg 1.0		__DUMMY__ 0.886472838910574 off 0.06274959956206308 neg 0.05077756152736282	false	0.5
frustrieren	neg 1.0		__DUMMY__ 0.8850353908741151 off 0.06366280055490257 neg 0.051301808570982224	false	0.5
groll	neg 1.0		__DUMMY__ 0.8847525187056634 off 0.0653379762965756 neg 0.049909504997760985	false	0.5
gibt			__DUMMY__ 0.8850800315910482 off 0.0648866885714551 neg 0.050033279837496676	false	0.0
qualvoll	neg 1.0		__DUMMY__ 0.8804717966044682 off 0.06917094685796824 neg 0.050357256537563504	false	0.5
wackeln	neg 1.0		__DUMMY__ 0.8836649776320782 off 0.06682418386194337 neg 0.049510838505978476	false	0.5
klagen	neg 1.0		__DUMMY__ 0.8872760923451721 off 0.06183541401101566 neg 0.05088849364381227	false	0.5
bankrott	neg 1.0		__DUMMY__ 0.8812149566424873 off 0.07166715120501138 neg 0.04711789215250133	false	0.5
trauern	neg 1.0		__DUMMY__ 0.8898124388435238 off 0.0626739077639129 neg 0.047513653392563276	false	0.5
ablehnung	neg 1.0		__DUMMY__ 0.8825077137595371 off 0.0667077225528817 neg 0.05078456368758118	false	0.5
stur	neg 1.0		__DUMMY__ 0.8806977715666222 off 0.06849400941787699 neg 0.05080821901550083	false	0.5
aufruhr	neg 1.0		__DUMMY__ 0.880809236055335 off 0.06738010095588245 neg 0.051810662988782466	false	0.5
melancholie	neg 1.0		__DUMMY__ 0.885369431736557 off 0.0619350225705642 neg 0.052695545692878695	false	0.5
ist			__DUMMY__ 0.8812530534448952 off 0.06892000701674787 neg 0.049826939538356825	false	0.0
torheit	neg 1.0		__DUMMY__ 0.8809116334573004 off 0.06864388123264024 neg 0.05044448531005932	false	0.5
dreckskind	off 1.0		__DUMMY__ 0.8692812290838285 off 0.08214350052884187 neg 0.04857527038732969	false	1.0
umtauschen	neg 1.0		__DUMMY__ 0.8839888337933511 off 0.06606700857010249 neg 0.04994415763654628	false	0.5
zum			__DUMMY__ 0.8960104819932015 off 0.05840471642879088 neg 0.04558480157800753	false	0.0
zersetzen	neg 1.0		__DUMMY__ 0.8855511576574249 off 0.0626472596122514 neg 0.051801582730323724	false	0.5
zur			__DUMMY__ 0.8929002023675908 off 0.058725693800399076 neg 0.04837410383201019	false	0.0
frust	neg 1.0		__DUMMY__ 0.8839328271033494 off 0.0650800848876718 neg 0.050987088008978845	false	0.5
unerbittlichkeit	neg 1.0		__DUMMY__ 0.8868033594127389 off 0.06345882324103098 neg 0.04973781734623017	false	0.5
zwei			__DUMMY__ 0.8932206068368097 off 0.05793035867244665 neg 0.0488490344907437	false	0.0
unkorrekt	neg 1.0		__DUMMY__ 0.8748875224217345 off 0.07490203107503944 neg 0.050210446503226105	false	0.5
hexe	off 1.0		__DUMMY__ 0.8764573772529544 off 0.07174607169245194 neg 0.051796551054593694	false	1.0
lasch	neg 1.0		__DUMMY__ 0.8786168669939537 off 0.07161822296567076 neg 0.049764910040375566	false	0.5
rivale	neg 1.0		__DUMMY__ 0.8757566835054673 off 0.07624128648635735 neg 0.04800203000817534	false	0.5
mutlos	off 1.0	off 1.0	off 0.5190618632182673 __DUMMY__ 0.4418928014467547 neg 0.03904533533497794	false	1.0
wirr	off 1.0		__DUMMY__ 0.8730585353624646 off 0.07690387887842394 neg 0.050037585759111554	false	1.0
jahr			__DUMMY__ 0.8919599283320298 off 0.06224927834232309 neg 0.045790793325647186	false	0.0
wird			__DUMMY__ 0.88593094557186 off 0.06421464500596846 neg 0.049854409422171536	false	0.0
strafbar	neg 1.0		__DUMMY__ 0.8859673641181244 off 0.06331952333504307 neg 0.0507131125468325	false	0.5
erosion	neg 1.0		__DUMMY__ 0.8836090428625856 off 0.06724515638513841 neg 0.049145800752275974	false	0.5
eingehen	neg 1.0		__DUMMY__ 0.8845538660346962 off 0.06349611013245143 neg 0.05195002383285239	false	0.5
faul	off 1.0		__DUMMY__ 0.8802412868240701 off 0.07125402946226606 neg 0.04850468371366392	false	1.0
provisorium	neg 1.0		__DUMMY__ 0.8966377861940666 off 0.05494096586176224 neg 0.04842124794417101	false	0.5
schmerzen	neg 1.0		__DUMMY__ 0.8823142972450473 off 0.06542497882609838 neg 0.05226072392885434	false	0.5
schrumpfen	neg 1.0		__DUMMY__ 0.8888668278168737 off 0.05887678040676644 neg 0.05225639177635984	false	0.5
geistlos	off 1.0		__DUMMY__ 0.8773790272659057 off 0.0705207424304574 neg 0.0521002303036369	false	1.0
fehlkauf	neg 1.0		__DUMMY__ 0.8803043400606211 off 0.06988994358897271 neg 0.049805716350406114	false	0.5
frustrierend	neg 1.0		__DUMMY__ 0.8785383792904247 off 0.07111747965174024 neg 0.05034414105783505	false	0.5
unzufrieden	neg 1.0		__DUMMY__ 0.884642693590425 off 0.06496092439146589 neg 0.050396382018109136	false	0.5
verzweifeln	neg 1.0		__DUMMY__ 0.8837865021149136 off 0.06617658409632148 neg 0.05003691378876488	false	0.5
verzweifelt	neg 1.0		__DUMMY__ 0.8808469005716896 off 0.06856077218827777 neg 0.05059232724003265	false	0.5
misstrauensantrag	neg 1.0		__DUMMY__ 0.8807151452797272 off 0.06912413288613928 neg 0.0501607218341335	false	0.5
abfallen	neg 1.0		__DUMMY__ 0.8828356634791841 off 0.06699802645234776 neg 0.05016631006846824	false	0.5
fucker	off 1.0		__DUMMY__ 0.8763877027192016 off 0.07593243147982096 neg 0.047679865800977335	false	1.0
ungezogen	neg 1.0		__DUMMY__ 0.8685492315257944 off 0.08304853138013507 neg 0.04840223709407061	false	0.5
irrsinnig	neg 1.0	neg 1.0	neg 0.5085941839207723 __DUMMY__ 0.4396485758246281 off 0.05175724025459964	false	1.0
unfassbar	neg 1.0		__DUMMY__ 0.8774574335725477 off 0.07330242403231191 neg 0.04924014239514037	false	0.5
hart	neg 1.0		__DUMMY__ 0.8756406648134686 off 0.07347333545849033 neg 0.05088599972804108	false	0.5
widerlich	off 1.0		__DUMMY__ 0.8759725361279436 off 0.07388569417451898 neg 0.05014176969753739	false	1.0
fatal	neg 1.0	neg 1.0	neg 0.5100868088787166 __DUMMY__ 0.4367801387265671 off 0.05313305239471624	false	1.0
bruch	neg 1.0		__DUMMY__ 0.8888939603959045 off 0.060358502104774045 neg 0.05074753749932148	false	0.5
aushungern	neg 1.0		__DUMMY__ 0.8819883294881515 off 0.0661876209654538 neg 0.051824049546394704	false	0.5
anspannung	neg 1.0		__DUMMY__ 0.8930342472941629 off 0.05821227110728594 neg 0.04875348159855107	false	0.5
von			__DUMMY__ 0.8900425607878661 off 0.06157683902927045 neg 0.048380600182863345	false	0.0
kraftlos	neg 1.0		__DUMMY__ 0.8848619953084517 off 0.06421824948082577 neg 0.05091975521072255	false	0.5
vom			__DUMMY__ 0.8986082342061181 off 0.055334363690224965 neg 0.046057402103656886	false	0.0
grenzdebil	off 1.0		__DUMMY__ 0.876339412168114 off 0.07359427878041298 neg 0.050066309051473044	false	1.0
vor			__DUMMY__ 0.8888436011368844 off 0.060575302716773555 neg 0.050581096146342056	false	0.0
unterwerfen	neg 1.0		__DUMMY__ 0.886268879077597 off 0.06394485807643334 neg 0.04978626284596968	false	0.5
versenkung	neg 1.0		__DUMMY__ 0.8869179330502681 off 0.06348061167544544 neg 0.04960145527428644	false	0.5
entziehen	neg 1.0		__DUMMY__ 0.8879302912192427 off 0.06147948657237514 neg 0.050590222208382114	false	0.5
finanzkrise	neg 1.0		__DUMMY__ 0.8773173533489668 off 0.06695617605884129 neg 0.05572647059219203	false	0.5
schimpfend	neg 1.0		__DUMMY__ 0.8845306969395802 off 0.06753145385314174 neg 0.047937849207278144	false	0.5
profan	neg 1.0		__DUMMY__ 0.880225738866721 off 0.06956008057355142 neg 0.05021418055972761	false	0.5
korruption	neg 1.0		__DUMMY__ 0.8819264325777645 off 0.06547700397722546 neg 0.05259656344501009	false	0.5
â			__DUMMY__ 0.8858737503667918 off 0.06423115314444379 neg 0.04989509648876442	false	0.0
schmutzig	neg 1.0		__DUMMY__ 0.8764899518353317 off 0.07374135951339104 neg 0.04976868865127718	false	0.5
sexy	neg 1.0		__DUMMY__ 0.8804140715408942 off 0.07109371438307437 neg 0.04849221407603144	false	0.5
abraten	neg 1.0		__DUMMY__ 0.8821190124304454 off 0.0690237233995957 neg 0.048857264169958774	false	0.5
schwarz	neg 1.0		__DUMMY__ 0.88125305086829 off 0.06951200938980256 neg 0.049234939741907416	false	0.5
fotze	off 1.0	off 1.0	off 0.5194372864344698 __DUMMY__ 0.4441994353445488 neg 0.03636327822098142	false	1.0
verwirren	neg 1.0		__DUMMY__ 0.8803728721645282 off 0.06987295817035782 neg 0.049754169665113965	false	0.5
zahnlos	off 1.0		__DUMMY__ 0.8831903781866671 off 0.06594317521020628 neg 0.05086644660312648	false	1.0
verheeren	neg 1.0		__DUMMY__ 0.8681956560927235 off 0.08460431274737537 neg 0.047200031159901026	false	0.5
hippie	neg 1.0		__DUMMY__ 0.8803031182554681 off 0.07084124929162973 neg 0.04885563245290208	false	0.5
rammen	neg 1.0		__DUMMY__ 0.8857441559134194 off 0.06736042597351585 neg 0.046895418113064774	false	0.5
unlauter	neg 1.0		__DUMMY__ 0.8810198597635296 off 0.06944516981984364 neg 0.04953497041662673	false	0.5
unheilvoll	neg 1.0		__DUMMY__ 0.8808806561986964 off 0.06802623955677853 neg 0.05109310424452514	false	0.5
niedrig	neg 1.0		__DUMMY__ 0.8853546132637056 off 0.06406822282870525 neg 0.05057716390758916	false	0.5
explosion	neg 1.0		__DUMMY__ 0.8810540563621088 off 0.0706408364228429 neg 0.048305107215048396	false	0.5
weichei	off 1.0	off 1.0	off 0.5298487791503944 __DUMMY__ 0.4313700566733075 neg 0.038781164176298004	false	1.0
minusmensch	off 1.0		__DUMMY__ 0.868260865546109 off 0.08461877922483713 neg 0.047120355229053806	false	1.0
farblos	neg 1.0		__DUMMY__ 0.8839042448233797 off 0.06798323656946292 neg 0.04811251860715744	false	0.5
unwissend	neg 1.0	neg 1.0	neg 0.5086284830053879 __DUMMY__ 0.43662571806628325 off 0.05474579892832894	false	1.0
traurig	neg 1.0		__DUMMY__ 0.8750396438481615 off 0.07587624911112863 neg 0.049084107040709826	false	0.5
senkung	neg 1.0		__DUMMY__ 0.8764847371411572 off 0.07011803989324088 neg 0.05339722296560189	false	0.5
ungleich	neg 1.0	neg 1.0	neg 0.5087067266115007 __DUMMY__ 0.44274346430603767 off 0.04854980908246159	false	1.0
heikel	neg 1.0		__DUMMY__ 0.8862014861308553 off 0.0628763044608246 neg 0.05092220940832013	false	0.5
drosselung	neg 1.0		__DUMMY__ 0.8758780798745319 off 0.07373853152139463 neg 0.0503833886040735	false	0.5
falsch	neg 1.0		__DUMMY__ 0.8795423631564563 off 0.0712650354491904 neg 0.049192601394353365	false	0.5
unzufriedenheit	neg 1.0		__DUMMY__ 0.8854239689585068 off 0.06279857823425444 neg 0.05177745280723877	false	0.5
kurz	neg 1.0		__DUMMY__ 0.8863315179140678 off 0.06478360907491025 neg 0.04888487301102192	false	0.5
unsinnig	neg 1.0		__DUMMY__ 0.8816947584545799 off 0.06643277204203529 neg 0.05187246950338482	false	0.5
penner	off 1.0	off 1.0	off 0.5313628935752942 __DUMMY__ 0.4307835191600685 neg 0.03785358726463731	false	1.0
seicht	neg 1.0		__DUMMY__ 0.8654696434953069 off 0.0824992462853448 neg 0.05203111021934835	false	0.5
dummheit	off 1.0	off 1.0	off 0.5233746491542772 __DUMMY__ 0.43755682370197396 neg 0.03906852714374879	false	1.0
unerfreulich	neg 1.0		__DUMMY__ 0.88695199025656 off 0.06251573476661097 neg 0.05053227497682896	false	0.5
motherfucker	off 1.0	off 1.0	off 0.5272367403296325 __DUMMY__ 0.4357611752502265 neg 0.03700208442014106	false	1.0
pikiert	neg 1.0		__DUMMY__ 0.8763758503426751 off 0.07279153629219465 neg 0.05083261336513026	false	0.5
wrack	neg 1.0		__DUMMY__ 0.8909121469955297 off 0.06474718142065415 neg 0.04434067158381629	false	0.5
gangster	neg 1.0		__DUMMY__ 0.8799483706616026 off 0.07101161364809357 neg 0.04904001569030386	false	0.5
krank	neg 1.0		__DUMMY__ 0.8773992173348002 off 0.07343754412638515 neg 0.04916323853881457	false	0.5
reich	neg 1.0		__DUMMY__ 0.8773796076406388 off 0.07142524881656824 neg 0.051195143542792865	false	0.5
gnadenlos	neg 1.0		__DUMMY__ 0.8826695347786607 off 0.06829610863469972 neg 0.04903435658663956	false	0.5
niedergeschlagen	neg 1.0		__DUMMY__ 0.886249032033388 off 0.0644929163035746 neg 0.04925805166303739	false	0.5
terrorisieren	off 1.0	off 1.0	off 0.5181297307876614 __DUMMY__ 0.44323535253257457 neg 0.03863491667976393	false	1.0
sinnlosigkeit	neg 1.0		__DUMMY__ 0.8840194289887217 off 0.06541127288250514 neg 0.05056929812877326	false	0.5
behindern	neg 1.0		__DUMMY__ 0.8828302243733164 off 0.06683274710583499 neg 0.05033702852084868	false	0.5
undemokratisch	neg 1.0		__DUMMY__ 0.8794858974193696 off 0.06990821786549495 neg 0.05060588471513551	false	0.5
wirtschaftskrise	neg 1.0		__DUMMY__ 0.8815910808112969 off 0.06510862817958843 neg 0.0533002910091147	false	0.5
neid	neg 1.0		__DUMMY__ 0.8790277042493649 off 0.0703701196685933 neg 0.050602176082041705	false	0.5
rutschen	neg 1.0		__DUMMY__ 0.892927872233268 off 0.05762766444517478 neg 0.04944446332155732	false	0.5
rezession	neg 1.0		__DUMMY__ 0.8695855498862552 off 0.07636127167156435 neg 0.0540531784421804	false	0.5
fehlgeburt	neg 1.0		__DUMMY__ 0.8855088897773219 off 0.06714004814204212 neg 0.04735106208063599	false	0.5
charakterschwach	off 1.0		__DUMMY__ 0.8757579760618316 off 0.07345138693421639 neg 0.050790637003952026	false	1.0
isolation	neg 1.0		__DUMMY__ 0.8814582295355669 off 0.07115510561177053 neg 0.047386664852662685	false	0.5
ablenkung	neg 1.0		__DUMMY__ 0.8839146885948851 off 0.06678664166480981 neg 0.04929866974030504	false	0.5
pech	neg 1.0		__DUMMY__ 0.8787349019892994 off 0.07114289192692408 neg 0.05012220608377651	false	0.5
vermeidung	neg 1.0		__DUMMY__ 0.8767003209430952 off 0.07350882426112915 neg 0.049790854795775615	false	0.5
dominieren	neg 1.0		__DUMMY__ 0.8851620500650407 off 0.06565989133454449 neg 0.049178058600414784	false	0.5
schwindlig	neg 1.0		__DUMMY__ 0.8807433825694867 off 0.06872167374574537 neg 0.05053494368476792	false	0.5
lutscher	neg 1.0		__DUMMY__ 0.8656696879084405 off 0.08412861805992715 neg 0.05020169403163246	false	0.5
pflicht	neg 1.0		__DUMMY__ 0.888024478589189 off 0.06162073431574145 neg 0.05035478709506959	false	0.5
faschist	off 1.0		__DUMMY__ 0.8785192390405614 off 0.07134908193544665 neg 0.05013167902399186	false	1.0
verschleudern	neg 1.0		__DUMMY__ 0.8835668317799364 off 0.06378042077972103 neg 0.052652747440342595	false	0.5
wenn			__DUMMY__ 0.8779242691756298 off 0.07211081452266703 neg 0.04996491630170316	false	0.0
ehebruch	neg 1.0		__DUMMY__ 0.8835076579859703 off 0.0644878732268005 neg 0.05200446878722917	false	0.5
spott	off 1.0		__DUMMY__ 0.8859302605068231 off 0.06438638679523193 neg 0.049683352697944876	false	1.0
trostlosigkeit	neg 1.0		__DUMMY__ 0.8854707680854517 off 0.06148397364683774 neg 0.053045258267710484	false	0.5
lutschen	neg 1.0		__DUMMY__ 0.8810288747204982 off 0.07153461911721411 neg 0.0474365061622876	false	0.5
undiszipliniert	neg 1.0		__DUMMY__ 0.8751665543329504 off 0.07507917553231706 neg 0.04975427013473247	false	0.5
kopfschmerz	neg 1.0		__DUMMY__ 0.8829000377504723 off 0.0634215920073849 neg 0.05367837024214279	false	0.5
unvorhergesehen	neg 1.0		__DUMMY__ 0.8899943503316862 off 0.061211918838725565 neg 0.04879373082958837	false	0.5
desinteressiert	neg 1.0		__DUMMY__ 0.8754942843976947 off 0.0745484808890282 neg 0.049957234713276955	false	0.5
armselig	off 1.0		__DUMMY__ 0.8736520771992273 off 0.07695608596583937 neg 0.049391836834933305	false	1.0
desaster	neg 1.0		__DUMMY__ 0.8865284212215875 off 0.06105681933786342 neg 0.052414759440549075	false	0.5
tod	neg 1.0		__DUMMY__ 0.8869795738253159 off 0.06312989613231612 neg 0.04989053004236791	false	0.5
herzlos	neg 1.0		__DUMMY__ 0.8740702913878434 off 0.07629634717150882 neg 0.04963336144064778	false	0.5
unwissenheit	neg 1.0		__DUMMY__ 0.8840672837868333 off 0.0650699261608413 neg 0.050862790052325434	false	0.5
widersinnig	neg 1.0		__DUMMY__ 0.8809870226244677 off 0.06664297486404128 neg 0.05237000251149102	false	0.5
bedenklich	neg 1.0		__DUMMY__ 0.8842525859381883 off 0.06421996153060841 neg 0.051527452531203284	false	0.5
beanstanden	neg 1.0		__DUMMY__ 0.8886692162024445 off 0.06224573360913315 neg 0.04908505018842235	false	0.5
panisch	neg 1.0		__DUMMY__ 0.8828278156881831 off 0.06881639008702577 neg 0.048355794224791145	false	0.5
debil	off 1.0		__DUMMY__ 0.8948831516163506 off 0.055530727840512675 neg 0.04958612054313666	false	1.0
abstrich	neg 1.0		__DUMMY__ 0.8885317617647763 off 0.06485748370148109 neg 0.04661075453374268	false	0.5
primitiv	neg 1.0		__DUMMY__ 0.8752064748097247 off 0.07477672178763949 neg 0.05001680340263578	false	0.5
abschaum	off 1.0	off 1.0	off 0.5255172838446917 __DUMMY__ 0.43748884702529833 neg 0.03699386913000999	false	1.0
provozieren	neg 1.0		__DUMMY__ 0.8809902223133872 off 0.06828577325724527 neg 0.05072400442936757	false	0.5
tot	neg 1.0		__DUMMY__ 0.8866343338347139 off 0.06463031102919668 neg 0.048735355136089495	false	0.5
instabil	neg 1.0		__DUMMY__ 0.8732262477940659 off 0.07719727783907086 neg 0.04957647436686322	false	0.5
schwuchtel	off 1.0	off 1.0	off 0.5372229839717705 __DUMMY__ 0.4262093050826044 neg 0.03656771094562514	false	1.0
zerren	neg 1.0		__DUMMY__ 0.8859730641300962 off 0.06455905733919437 neg 0.04946787853070945	false	0.5
kinderficker	off 1.0		__DUMMY__ 0.8717686537899667 off 0.0793494614337812 neg 0.04888188477625209	false	1.0
gefahr	neg 1.0		__DUMMY__ 0.8887702965872666 off 0.06210123102706247 neg 0.04912847238567106	false	0.5
rabiat	neg 1.0		__DUMMY__ 0.8820618530890327 off 0.06642967028215196 neg 0.05150847662881532	false	0.5
verlangsamung	neg 1.0		__DUMMY__ 0.8702061964620595 off 0.08116300239138728 neg 0.04863080114655311	false	0.5
ausgestorben	neg 1.0		__DUMMY__ 0.8840225876902443 off 0.06598830090285142 neg 0.04998911140690421	false	0.5
anklagen	neg 1.0		__DUMMY__ 0.8835515674627643 off 0.06574433347362173 neg 0.05070409906361397	false	0.5
trott	neg 1.0		__DUMMY__ 0.8834871699460962 off 0.06709389349586756 neg 0.04941893655803626	false	0.5
verminderung	neg 1.0		__DUMMY__ 0.8762241778088438 off 0.07348755732970022 neg 0.050288264861456065	false	0.5
nach			__DUMMY__ 0.895015318988268 off 0.05643870747307346 neg 0.04854597353865864	false	0.0
rost	neg 1.0		__DUMMY__ 0.8714417944101004 off 0.08217997861133304 neg 0.04637822697856655	false	0.5
destruktiv	neg 1.0		__DUMMY__ 0.8811233939420602 off 0.06715916023305454 neg 0.05171744582488518	false	0.5
unzumutbarkeit	neg 1.0		__DUMMY__ 0.8805209552269792 off 0.07362557368940709 neg 0.04585347108361386	false	0.5
labil	off 1.0	off 1.0	off 0.5249827931869542 __DUMMY__ 0.43749566589385736 neg 0.03752154091918837	false	1.0
ziemlich	neg 1.0		__DUMMY__ 0.8786853294275824 off 0.07295567525335532 neg 0.04835899531906236	false	0.5
lachnummer	off 1.0		__DUMMY__ 0.8821602254959071 off 0.06791571626639369 neg 0.04992405823769922	false	1.0
oder			__DUMMY__ 0.8840098849469653 off 0.06750495731410916 neg 0.0484851577389255	false	0.0
verfall	neg 1.0		__DUMMY__ 0.8883701271405767 off 0.05895084456983617 neg 0.0526790282895871	false	0.5
ausgrenzung	neg 1.0		__DUMMY__ 0.879875485929025 off 0.06979894142657654 neg 0.0503255726443985	false	0.5
unordnung	neg 1.0		__DUMMY__ 0.8765107459063665 off 0.07760196188492498 neg 0.0458872922087086	false	0.5
fehlverhalten	neg 1.0		__DUMMY__ 0.8858202020697425 off 0.06341062663973487 neg 0.05076917129052259	false	0.5
eine			__DUMMY__ 0.8881183040504551 off 0.061111178719864 neg 0.05077051722968097	false	0.0
nille	neg 1.0		__DUMMY__ 0.8834610670304192 off 0.06762943271242144 neg 0.048909500257159455	false	0.5
qual	neg 1.0		__DUMMY__ 0.8835641486711155 off 0.06678656353573557 neg 0.04964928779314894	false	0.5
verschwenden	neg 1.0		__DUMMY__ 0.8850652788961745 off 0.06292286954522171 neg 0.052011851558603724	false	0.5
riesig	neg 1.0		__DUMMY__ 0.8892092137617387 off 0.06311499758132395 neg 0.047675788656937376	false	0.5
verurteilen	neg 1.0		__DUMMY__ 0.8831436152058187 off 0.06559281259217345 neg 0.051263572202007814	false	0.5
klischee	neg 1.0	neg 1.0	neg 0.5086732941422895 __DUMMY__ 0.43717243796925953 off 0.05415426788845102	false	1.0
diktatorisch	neg 1.0		__DUMMY__ 0.8785358110129348 off 0.07001490948871478 neg 0.051449279498350514	false	0.5
vorhersehbar	neg 1.0		__DUMMY__ 0.8778263751692951 off 0.07051702189720917 neg 0.05165660293349568	false	0.5
sowie			__DUMMY__ 0.8707695060207735 off 0.07858037392057189 neg 0.05065012005865473	false	0.0
stornieren	neg 1.0		__DUMMY__ 0.88744443554378 off 0.06998316689488672 neg 0.04257239756133332	false	0.5
besteuerung	neg 1.0	neg 1.0	neg 0.5109380374409621 __DUMMY__ 0.4374014255504546 off 0.051660537008583265	false	1.0
ungeschminkt	neg 1.0		__DUMMY__ 0.8769984270195457 off 0.07443628675310174 neg 0.0485652862273525	false	0.5
kritisch	neg 1.0		__DUMMY__ 0.884571550216724 off 0.0651559013835104 neg 0.050272548399765644	false	0.5
schlamperei	off 1.0		__DUMMY__ 0.8861737467450713 off 0.06381905739581503 neg 0.05000719585911368	false	1.0
sucht	neg 1.0	neg 1.0	neg 0.5045141553619875 __DUMMY__ 0.443775292826484 off 0.051710551811528505	false	1.0
egoistisch	off 1.0	off 1.0	off 0.5297550752702901 __DUMMY__ 0.43338808838788867 neg 0.036856836341821214	false	1.0
ausbeuter	off 1.0		__DUMMY__ 0.8839467142797475 off 0.06318560340096203 neg 0.05286768231929052	false	1.0
arschgeburt	off 1.0		__DUMMY__ 0.8635886761516344 off 0.08867472815074133 neg 0.04773659569762435	false	1.0
schubs	neg 1.0		__DUMMY__ 0.8849125907867184 off 0.0636455106329542 neg 0.051441898580327494	false	0.5
unsolide	neg 1.0		__DUMMY__ 0.8796581338978225 off 0.07033169526009132 neg 0.05001017084208605	false	0.5
beschwerde	neg 1.0		__DUMMY__ 0.8852428304137855 off 0.06540661360932541 neg 0.04935055597688914	false	0.5
stocken	neg 1.0		__DUMMY__ 0.8862322319909378 off 0.06431072616840777 neg 0.049457041840654345	false	0.5
isolieren	neg 1.0		__DUMMY__ 0.8852946185840519 off 0.06540177514854181 neg 0.04930360626740625	false	0.5
unheilbar	neg 1.0		__DUMMY__ 0.8812217360142668 off 0.06743187506847471 neg 0.051346388917258436	false	0.5
pisser	off 1.0	off 1.0	off 0.5278096451109631 __DUMMY__ 0.4368182361541141 neg 0.03537211873492272	false	1.0
löschen	neg 1.0		__DUMMY__ 0.8830154066811509 off 0.06784288450068195 neg 0.04914170881816724	false	0.5
durchfallen	neg 1.0		__DUMMY__ 0.8845569310799181 off 0.06479620344507789 neg 0.050646865475004035	false	0.5
wichser	off 1.0	off 1.0	off 0.5338474566964166 __DUMMY__ 0.428431056531214 neg 0.03772148677236935	false	1.0
terror	neg 1.0		__DUMMY__ 0.8813568088852394 off 0.07044260758480002 neg 0.048200583529960636	false	0.5
krass	neg 1.0		__DUMMY__ 0.8732553367670328 off 0.07773827742286504 neg 0.04900638581010219	false	0.5
revolte	neg 1.0		__DUMMY__ 0.8749055071083246 off 0.07137064963405351 neg 0.053723843257621945	false	0.5
besorgt	neg 1.0		__DUMMY__ 0.8870766077677317 off 0.06511073859451232 neg 0.04781265363775599	false	0.5
nachlassen	neg 1.0		__DUMMY__ 0.8869796123386146 off 0.06396007722861623 neg 0.04906031043276918	false	0.5
alt	neg 1.0		__DUMMY__ 0.8819771134809588 off 0.06324913610800288 neg 0.05477375041103835	false	0.5
hundesohn	off 1.0	off 1.0	off 0.5333451931729217 __DUMMY__ 0.4313284234790546 neg 0.035326383348023745	false	1.0
als			__DUMMY__ 0.8837321061070993 off 0.06518876267216236 neg 0.05107913122073842	false	0.0
abschreckung	neg 1.0		__DUMMY__ 0.8861189044100009 off 0.06260279379651268 neg 0.05127830179348653	false	0.5
unqualifiziert	neg 1.0		__DUMMY__ 0.8781747840391217 off 0.07195057827571708 neg 0.049874637685161205	false	0.5
abgewichst	off 1.0		__DUMMY__ 0.8847071517658893 off 0.06682143130045344 neg 0.04847141693365725	false	1.0
schwer	neg 1.0		__DUMMY__ 0.8824505607021224 off 0.06664239947041635 neg 0.050907039827461344	false	0.5
bedeutungslosigkeit	neg 1.0		__DUMMY__ 0.8856998158089002 off 0.06310097820492108 neg 0.05119920598617866	false	0.5
kapitulation	neg 1.0		__DUMMY__ 0.8821956785498811 off 0.06486966849390659 neg 0.05293465295621237	false	0.5
unscharf	neg 1.0		__DUMMY__ 0.8772046051452663 off 0.068880263847079 neg 0.05391513100765473	false	0.5
schwinden	neg 1.0		__DUMMY__ 0.8854931785379019 off 0.06317267360553953 neg 0.05133414785655846	false	0.5
versklavung	neg 1.0	neg 1.0	neg 0.5090648847488546 __DUMMY__ 0.4383837193904174 off 0.052551395860727886	false	1.0
schlecht	neg 1.0		__DUMMY__ 0.8788571095928601 off 0.07314834765013963 neg 0.047994542757000276	false	0.5
verhasst	neg 1.0		__DUMMY__ 0.8801085897009094 off 0.06900273189244513 neg 0.05088867840664543	false	0.5
beschweren	neg 1.0		__DUMMY__ 0.8820942712682027 off 0.06920188529128747 neg 0.04870384344050987	false	0.5
scheiden	neg 1.0		__DUMMY__ 0.8834508075549532 off 0.06687961083484707 neg 0.04966958161019969	false	0.5
frustriert	neg 1.0		__DUMMY__ 0.8841571007140269 off 0.06587469077642556 neg 0.049968208509547585	false	0.5
schimmelig	neg 1.0		__DUMMY__ 0.88461118670874 off 0.0636488373311173 neg 0.051739975960142674	false	0.5
fisch	neg 1.0		__DUMMY__ 0.8855937661935462 off 0.060317844707600474 neg 0.054088389098853336	false	0.5
schmuggel	neg 1.0		__DUMMY__ 0.889961559502954 off 0.06122053400121998 neg 0.04881790649582595	false	0.5
auffallen	neg 1.0		__DUMMY__ 0.8808410177338258 off 0.06962233883901824 neg 0.04953664342715593	false	0.5
konkurrenz	neg 1.0		__DUMMY__ 0.8882566714930757 off 0.06265940276921075 neg 0.04908392573771344	false	0.5
teufelskreis	neg 1.0	neg 1.0	neg 0.5104179292780622 __DUMMY__ 0.439069519160586 off 0.05051255156135182	false	1.0
aufschreien	neg 1.0		__DUMMY__ 0.8786932127065189 off 0.07032552081169893 neg 0.050981266481782216	false	0.5
schuldner	neg 1.0		__DUMMY__ 0.8839632180373393 off 0.06292950785947785 neg 0.053107274103182764	false	0.5
missgeburt	off 1.0	off 1.0	off 0.5317963761363165 __DUMMY__ 0.43439261424274295 neg 0.03381100962094058	false	1.0
arbeitslos	neg 1.0		__DUMMY__ 0.8846484978105689 off 0.06479490515467257 neg 0.05055659703475858	false	0.5
befallen	neg 1.0		__DUMMY__ 0.88222301884225 off 0.06646878851271258 neg 0.051308192645037456	false	0.5
miesepetrig	off 1.0	off 1.0	off 0.5245710626814373 __DUMMY__ 0.43728057027237455 neg 0.038148367046188215	false	1.0
alarmieren	neg 1.0		__DUMMY__ 0.8787327703170275 off 0.07242642836326316 neg 0.048840801319709325	false	0.5
ungeduscht	off 1.0		__DUMMY__ 0.8784160667220329 off 0.07124059490725265 neg 0.050343338370714565	false	1.0
knappheit	neg 1.0		__DUMMY__ 0.8828470350628409 off 0.06514857978785346 neg 0.052004385149305596	false	0.5
schlange	neg 1.0		__DUMMY__ 0.8839296819801992 off 0.06740958112956329 neg 0.04866073689023758	false	0.5
harsch	neg 1.0		__DUMMY__ 0.878590029739953 off 0.07743012213280906 neg 0.04397984812723793	false	0.5
lang	neg 1.0		__DUMMY__ 0.8823975835593357 off 0.0686215242810695 neg 0.04898089215959487	false	0.5
ziellos	neg 1.0		__DUMMY__ 0.8875118640601705 off 0.06303083491847514 neg 0.0494573010213543	false	0.5
selbstverliebt	neg 1.0		__DUMMY__ 0.8665920215034248 off 0.08540202701135771 neg 0.04800595148521732	false	0.5
beseitigen	neg 1.0		__DUMMY__ 0.8883155825623779 off 0.06712313251608307 neg 0.04456128492153908	false	0.5
dumm	off 1.0		__DUMMY__ 0.8703982305777924 off 0.08008071606103753 neg 0.04952105336116991	false	1.0
arbeitsloser	neg 1.0		__DUMMY__ 0.8874216196611342 off 0.06490964006572998 neg 0.0476687402731358	false	0.5
blitzen	neg 1.0		__DUMMY__ 0.8788717435470103 off 0.07139557708536044 neg 0.04973267936762933	false	0.5
hilflos	neg 1.0		__DUMMY__ 0.8845906572107839 off 0.06473051994895146 neg 0.050678822840264565	false	0.5
eklig	off 1.0		__DUMMY__ 0.8687599008253185 off 0.08047684956257156 neg 0.050763249612109936	false	1.0
begriff			__DUMMY__ 0.8824850933858451 off 0.06686311261458273 neg 0.0506517939995722	false	0.0
hungersnot	neg 1.0		__DUMMY__ 0.881412728199456 off 0.06510828243966671 neg 0.053478989360877215	false	0.5
ungesetzlich	neg 1.0		__DUMMY__ 0.8788638532222424 off 0.07013393889832248 neg 0.0510022078794352	false	0.5
verschwendung	neg 1.0		__DUMMY__ 0.8857825174431497 off 0.06295308766868649 neg 0.05126439488816389	false	0.5
schmerzvoll	neg 1.0		__DUMMY__ 0.8804295671714653 off 0.06875251373404027 neg 0.05081791909449443	false	0.5
vorzeitig	neg 1.0		__DUMMY__ 0.880290741851084 off 0.07251826919255218 neg 0.0471909889563637	false	0.5
unvollkommenheit	neg 1.0		__DUMMY__ 0.88454920858441 off 0.0655212773746581 neg 0.04992951404093193	false	0.5
intervenieren	neg 1.0		__DUMMY__ 0.8837185946686773 off 0.06384336552480399 neg 0.052438039806518746	false	0.5
banause	off 1.0		__DUMMY__ 0.8651532709143881 off 0.08208514616204352 neg 0.05276158292356847	false	1.0
rebell	neg 1.0		__DUMMY__ 0.8894054527779734 off 0.05888444579075459 neg 0.05171010143127201	false	0.5
unlogisch	neg 1.0		__DUMMY__ 0.8746003128580235 off 0.07571642868068588 neg 0.04968325846129056	false	0.5
leiden	neg 1.0		__DUMMY__ 0.8903939163468008 off 0.06124825944804952 neg 0.04835782420514967	false	0.5
abschaffung	neg 1.0		__DUMMY__ 0.8804077768103863 off 0.06853955944068617 neg 0.05105266374892758	false	0.5
sturz	neg 1.0		__DUMMY__ 0.8858399025704272 off 0.06941075666401779 neg 0.044749340765555076	false	0.5
verkleinerung	neg 1.0		__DUMMY__ 0.8765448345149998 off 0.07182201905424748 neg 0.051633146430752765	false	0.5
schmarotzer	off 1.0		__DUMMY__ 0.883085771026025 off 0.06573945632508693 neg 0.05117477264888804	false	1.0
bestrafung	neg 1.0	neg 1.0	neg 0.5075210025709547 __DUMMY__ 0.441014646109944 off 0.05146435131910135	false	1.0
achtlos	neg 1.0		__DUMMY__ 0.8844292637022179 off 0.06574730657635185 neg 0.04982342972143027	false	0.5
ungeheuer	neg 1.0		__DUMMY__ 0.881282837410134 off 0.0675217320145984 neg 0.05119543057526766	false	0.5
unaufrichtig	neg 1.0		__DUMMY__ 0.8794564192832491 off 0.0719004919086804 neg 0.048643088808070445	false	0.5
