unsolidarisch	neg 1.0		__DUMMY__ 0.46619562610270887 off 0.3040714702761205 neg 0.2297329036211704	false	0.5
nachteilig	neg 1.0		__DUMMY__ 0.47280715410999635 off 0.30096248113131374 neg 0.22623036475869004	false	0.5
skeptisch	neg 1.0		__DUMMY__ 0.47172341120460487 off 0.2986736359461091 neg 0.22960295284928597	false	0.5
schrecklich	neg 1.0		__DUMMY__ 0.46237321149013 off 0.3136246036974465 neg 0.22400218481242362	false	0.5
schlapp	neg 1.0	neg 1.0	neg 0.5984615254879548 __DUMMY__ 0.2257843954537988 off 0.17575407905824636	false	1.0
abfall	neg 1.0		__DUMMY__ 0.47455499110345484 off 0.29566044197433156 neg 0.2297845669222137	false	0.5
widerspenstig	neg 1.0		__DUMMY__ 0.46808443615707085 off 0.30271852823665013 neg 0.2291970356062791	false	0.5
abrupt	neg 1.0		__DUMMY__ 0.47145741631593463 off 0.29796621989531097 neg 0.23057636378875457	false	0.5
unwirksam	neg 1.0		__DUMMY__ 0.46510295463113954 off 0.3031263496951823 neg 0.23177069567367825	false	0.5
angreifen	neg 1.0		__DUMMY__ 0.4719951228003446 off 0.29797416232293306 neg 0.23003071487672241	false	0.5
inkonsistent	neg 1.0		__DUMMY__ 0.46579813951384436 off 0.30632387010453843 neg 0.22787799038161724	false	0.5
abrutschen	neg 1.0		__DUMMY__ 0.4740803707479377 off 0.2949842400828435 neg 0.23093538916921888	false	0.5
unsicher	neg 1.0		__DUMMY__ 0.46944097480004393 off 0.3039024998798426 neg 0.22665652532011357	false	0.5
bauernkind	off 1.0	off 1.0	off 0.6490376295541584 __DUMMY__ 0.22261887849304596 neg 0.12834349195279554	false	1.0
angreifer	neg 1.0		__DUMMY__ 0.46899786526318404 off 0.30925186199169596 neg 0.22175027274512	false	0.5
trennen	neg 1.0		__DUMMY__ 0.4730518325022447 off 0.2981086397193772 neg 0.22883952777837827	false	0.5
schmutz	neg 1.0		__DUMMY__ 0.47288945286076134 off 0.31017626028788564 neg 0.216934286851353	false	0.5
inkonsistenz	neg 1.0		__DUMMY__ 0.46498604102105556 off 0.30901769891327713 neg 0.2259962600656673	false	0.5
erschreckend	neg 1.0		__DUMMY__ 0.4689768162951892 off 0.30286726673423836 neg 0.22815591697057228	false	0.5
ertrinken	neg 1.0		__DUMMY__ 0.47155576744088373 off 0.29714469738781996 neg 0.2312995351712962	false	0.5
pickelface	off 1.0		__DUMMY__ 0.46949249166728674 off 0.3051197324542324 neg 0.22538777587848094	false	1.0
seiner			__DUMMY__ 0.47263666647845415 off 0.29880758435926963 neg 0.22855574916227628	false	0.0
lauch	neg 1.0	neg 1.0	neg 0.6000821780136266 __DUMMY__ 0.231548242464113 off 0.16836957952226034	false	1.0
unwichtig	neg 1.0		__DUMMY__ 0.46507330350422055 off 0.3090000224774725 neg 0.22592667401830685	false	0.5
steuerhinterziehung	neg 1.0		__DUMMY__ 0.467508259178081 off 0.30237863447999763 neg 0.23011310634192136	false	0.5
schock	neg 1.0		__DUMMY__ 0.47015182337157874 off 0.3021295708733793 neg 0.22771860575504194	false	0.5
beule	neg 1.0		__DUMMY__ 0.46318068533250417 off 0.311439626580892 neg 0.22537968808660372	false	0.5
vergelten	neg 1.0		__DUMMY__ 0.4632669577627175 off 0.3155333458355577 neg 0.2211996964017248	false	0.5
verdorbenheit	neg 1.0		__DUMMY__ 0.4700826248407168 off 0.30628899047902763 neg 0.22362838468025567	false	0.5
trauma	neg 1.0		__DUMMY__ 0.46761671170299285 off 0.30538282751291157 neg 0.22700046078409572	false	0.5
sinnlos	neg 1.0		__DUMMY__ 0.46758654454609005 off 0.30606747800624 neg 0.2263459774476699	false	0.5
fettsack	off 1.0	off 1.0	off 0.6502404862729269 __DUMMY__ 0.2229515382923421 neg 0.12680797543473102	false	1.0
feige	off 1.0	off 1.0	off 0.6461409633948731 __DUMMY__ 0.22524588620439243 neg 0.12861315040073437	false	1.0
abdanken	neg 1.0		__DUMMY__ 0.46931032110925175 off 0.30361028619189695 neg 0.2270793926988513	false	0.5
wichtigtuer	off 1.0	off 1.0	off 0.6442918824346602 __DUMMY__ 0.2269380004306948 neg 0.1287701171346451	false	1.0
misslingen	neg 1.0		__DUMMY__ 0.47149798153394545 off 0.3073148219777794 neg 0.22118719648827512	false	0.5
untreu	off 1.0		__DUMMY__ 0.46427004371246144 off 0.31036218804594057 neg 0.22536776824159796	false	1.0
missmutig	neg 1.0		__DUMMY__ 0.4649733566583871 off 0.3071259188471549 neg 0.22790072449445797	false	0.5
hurenbock	off 1.0		__DUMMY__ 0.4682230953247635 off 0.3044316945418938 neg 0.22734521013334275	false	1.0
betrunken	neg 1.0		__DUMMY__ 0.4629276701752149 off 0.31239097412379 neg 0.22468135570099496	false	0.5
korrupt	off 1.0		__DUMMY__ 0.4670691895216482 off 0.30149271656130444 neg 0.2314380939170474	false	1.0
unmut	neg 1.0		__DUMMY__ 0.47299722736816724 off 0.29680165325045216 neg 0.2302011193813806	false	0.5
hackfresse	off 1.0		__DUMMY__ 0.45916402553834634 off 0.31853577918072545 neg 0.22230019528092826	false	1.0
aufblasen	neg 1.0		__DUMMY__ 0.4683842855628323 off 0.30411268361363947 neg 0.22750303082352813	false	0.5
gewaltsam	neg 1.0		__DUMMY__ 0.47022251996512493 off 0.304170721876034 neg 0.2256067581588412	false	0.5
unbeliebtheit	neg 1.0		__DUMMY__ 0.4652406821504641 off 0.31109602309553036 neg 0.2236632947540055	false	0.5
sturheit	neg 1.0		__DUMMY__ 0.4696690439806886 off 0.303082170309787 neg 0.2272487857095245	false	0.5
kuh	neg 1.0		__DUMMY__ 0.4625910365524877 off 0.30564757926029945 neg 0.23176138418721295	false	0.5
erschrecken	neg 1.0		__DUMMY__ 0.466257589653368 off 0.3083115679121918 neg 0.22543084243444023	false	0.5
opfer	neg 1.0		__DUMMY__ 0.47160280171008545 off 0.30042575157478396 neg 0.2279714467151306	false	0.5
sinken	neg 1.0		__DUMMY__ 0.47191124755507435 off 0.29707686332223776 neg 0.23101188912268786	false	0.5
stinktier	neg 1.0		__DUMMY__ 0.4581743730089753 off 0.3150711055607998 neg 0.22675452143022493	false	0.5
tucke	off 1.0		__DUMMY__ 0.4558546272749706 off 0.32005062271576884 neg 0.2240947500092604	false	1.0
ein			__DUMMY__ 0.4679088064816997 off 0.3022530763252304 neg 0.22983811719306987	false	0.0
abstieg	neg 1.0		__DUMMY__ 0.4726445405964349 off 0.3027264527646761 neg 0.22462900663888907	false	0.5
missverstehen	neg 1.0		__DUMMY__ 0.46637931607121064 off 0.30673088514106345 neg 0.22688979878772578	false	0.5
ergebnislos	neg 1.0		__DUMMY__ 0.4728984956213854 off 0.30079327434986747 neg 0.22630823002874717	false	0.5
unter			__DUMMY__ 0.47858862411418607 off 0.2917778153179437 neg 0.2296335605678702	false	0.0
manipulieren	neg 1.0		__DUMMY__ 0.47204255139083556 off 0.2993675143761639 neg 0.22858993423300059	false	0.5
unbewiesen	neg 1.0		__DUMMY__ 0.46716696151509557 off 0.30489636127750963 neg 0.22793667720739477	false	0.5
verschleppen	neg 1.0		__DUMMY__ 0.4695974112972096 off 0.30056405049151574 neg 0.22983853821127456	false	0.5
weib	off 1.0		__DUMMY__ 0.45751813790943185 off 0.3209345104075879 neg 0.22154735168298026	false	1.0
opposition	neg 1.0		__DUMMY__ 0.46653928763686875 off 0.3052798277152147 neg 0.22818088464791658	false	0.5
verkehrswidrig	neg 1.0		__DUMMY__ 0.46539679554555546 off 0.3174348982544848 neg 0.21716830619995983	false	0.5
inkorrekt	neg 1.0		__DUMMY__ 0.46171382901665603 off 0.3130846990863489 neg 0.22520147189699502	false	0.5
vermeiden	neg 1.0		__DUMMY__ 0.4761173352765235 off 0.2954155984112523 neg 0.2284670663122242	false	0.5
abweichung	neg 1.0		__DUMMY__ 0.47156387862155663 off 0.3021420039740804 neg 0.22629411740436295	false	0.5
alkoholisiert	neg 1.0		__DUMMY__ 0.47716416819293 off 0.30125574586728365 neg 0.22158008593978637	false	0.5
scheiss	off 1.0	off 1.0	off 0.6471639349408118 __DUMMY__ 0.22487019934043814 neg 0.12796586571875004	false	1.0
herausforderung	neg 1.0		__DUMMY__ 0.47091266730094716 off 0.301387209587436 neg 0.22770012311161691	false	0.5
pervers	off 1.0		__DUMMY__ 0.4557625254946957 off 0.323266166964237 neg 0.22097130754106728	false	1.0
wackelig	neg 1.0		__DUMMY__ 0.47117650827338386 off 0.3012775110162312 neg 0.2275459807103849	false	0.5
verwickeln	neg 1.0		__DUMMY__ 0.46700955754597995 off 0.3057736566108735 neg 0.2272167858431465	false	0.5
vorwand	neg 1.0		__DUMMY__ 0.4724100796613558 off 0.29765588102021867 neg 0.22993403931842557	false	0.5
muschi	off 1.0		__DUMMY__ 0.47083767437318136 off 0.30426245011518416 neg 0.22489987551163437	false	1.0
entmutigung	neg 1.0		__DUMMY__ 0.4644228899014597 off 0.3054750178831748 neg 0.23010209221536546	false	0.5
unangemessen	neg 1.0		__DUMMY__ 0.46927558374807915 off 0.30245099184799074 neg 0.22827342440393017	false	0.5
unstetig	neg 1.0		__DUMMY__ 0.467090225284818 off 0.3089877161391801 neg 0.223922058576002	false	0.5
entmutigen	neg 1.0		__DUMMY__ 0.46693499977280967 off 0.30421134569575753 neg 0.2288536545314329	false	0.5
schwanz	neg 1.0		__DUMMY__ 0.47180504832323544 off 0.3018864484781375 neg 0.22630850319862703	false	0.5
verbot	neg 1.0		__DUMMY__ 0.46886081125275275 off 0.3019630685724751 neg 0.22917612017477204	false	0.5
leid	neg 1.0		__DUMMY__ 0.4610517137356498 off 0.31534074163345627 neg 0.223607544630894	false	0.5
archaisch	neg 1.0		__DUMMY__ 0.46908919782348873 off 0.30198028912973685 neg 0.22893051304677445	false	0.5
gegen			__DUMMY__ 0.4739490488652556 off 0.29789668163512856 neg 0.22815426949961573	false	0.0
scheidung	neg 1.0		__DUMMY__ 0.458307017906128 off 0.32924156473544647 neg 0.2124514173584255	false	0.5
einschlag	neg 1.0		__DUMMY__ 0.46485800320578136 off 0.3153384353712904 neg 0.21980356142292826	false	0.5
m			__DUMMY__ 0.4710275491825656 off 0.302014178552464 neg 0.22695827226497037	false	0.0
abgestanden	neg 1.0		__DUMMY__ 0.4647183966098893 off 0.30219497283160285 neg 0.23308663055850778	false	0.5
schmierig	off 1.0		__DUMMY__ 0.46096739651343377 off 0.3148285009122855 neg 0.22420410257428067	false	1.0
unpraktisch	neg 1.0		__DUMMY__ 0.46845363033258924 off 0.3056489948514367 neg 0.22589737481597388	false	0.5
wixxer	off 1.0		__DUMMY__ 0.45498297028525037 off 0.32346816790972993 neg 0.22154886180501954	false	1.0
bezeichnet			__DUMMY__ 0.4689188947278918 off 0.3043742547985295 neg 0.22670685047357886	false	0.0
jammerlappen	off 1.0		__DUMMY__ 0.4649502303787326 off 0.3093127731028963 neg 0.22573699651837115	false	1.0
farce	neg 1.0		__DUMMY__ 0.4673864333220709 off 0.30350354758126213 neg 0.22911001909666692	false	0.5
zwecklos	neg 1.0		__DUMMY__ 0.4694363423260438 off 0.3011702323973067 neg 0.22939342527664963	false	0.5
turbulent	neg 1.0		__DUMMY__ 0.4644047434014225 off 0.3123615872211467 neg 0.22323366937743072	false	0.5
invasion	neg 1.0		__DUMMY__ 0.467173487211479 off 0.3069445279218832 neg 0.22588198486663788	false	0.5
schuld	neg 1.0		__DUMMY__ 0.4677391628249662 off 0.3051269997642447 neg 0.22713383741078905	false	0.5
risiko	neg 1.0		__DUMMY__ 0.46722140179010646 off 0.30640032324122635 neg 0.2263782749686672	false	0.5
finster	neg 1.0		__DUMMY__ 0.4672032178889668 off 0.3026616663003596 neg 0.23013511581067347	false	0.5
geisteskrank	off 1.0		__DUMMY__ 0.4627288636242419 off 0.3118291064693501 neg 0.22544202990640808	false	1.0
zusammenbrechen	neg 1.0		__DUMMY__ 0.46951806720469613 off 0.30145305254204746 neg 0.22902888025325632	false	0.5
ausbeute	neg 1.0		__DUMMY__ 0.4709488976490566 off 0.30328202986321967 neg 0.22576907248772374	false	0.5
hinterhalt	neg 1.0		__DUMMY__ 0.4699667872932554 off 0.30258390595733203 neg 0.2274493067494125	false	0.5
kritik	neg 1.0		__DUMMY__ 0.46725295303445075 off 0.3030414914404803 neg 0.2297055555250689	false	0.5
einschrumpfen	neg 1.0		__DUMMY__ 0.4640830461732449 off 0.3093460149389773 neg 0.22657093888777768	false	0.5
riskant	neg 1.0		__DUMMY__ 0.4714863833081213 off 0.29890310972214196 neg 0.22961050696973676	false	0.5
frustrieren	neg 1.0		__DUMMY__ 0.47042044623223067 off 0.29963086492097335 neg 0.22994868884679615	false	0.5
groll	neg 1.0		__DUMMY__ 0.47015627704189294 off 0.30181473925593943 neg 0.2280289837021676	false	0.5
gibt			__DUMMY__ 0.47047638157419025 off 0.30131591414736947 neg 0.22820770427844034	false	0.0
qualvoll	neg 1.0		__DUMMY__ 0.46683129635157444 off 0.30591594750216466 neg 0.22725275614626098	false	0.5
wackeln	neg 1.0		__DUMMY__ 0.4692522502650061 off 0.3037547950159471 neg 0.22699295471904665	false	0.5
klagen	neg 1.0		__DUMMY__ 0.4720442586022669 off 0.2978540614562391 neg 0.23010167994149403	false	0.5
bankrott	neg 1.0		__DUMMY__ 0.4673006306854898 off 0.309788328791135 neg 0.22291104052337515	false	0.5
trauern	neg 1.0		__DUMMY__ 0.4737582441129003 off 0.3000679972442096 neg 0.22617375864289008	false	0.5
ablehnung	neg 1.0		__DUMMY__ 0.4685057027700506 off 0.3028217615756942 neg 0.22867253565425524	false	0.5
stur	neg 1.0		__DUMMY__ 0.4671556351381255 off 0.30483286047503755 neg 0.22801150438683698	false	0.5
aufruhr	neg 1.0		__DUMMY__ 0.46719622666233723 off 0.3033431827353086 neg 0.22946059060235433	false	0.5
melancholie	neg 1.0		__DUMMY__ 0.47030339715180347 off 0.2978898881098212 neg 0.23180671473837536	false	0.5
ist			__DUMMY__ 0.46753087780751695 off 0.3056739844348223 neg 0.22679513775766072	false	0.0
torheit	neg 1.0		__DUMMY__ 0.46723931736072283 off 0.30503830173355917 neg 0.2277223809057181	false	0.5
dreckskind	off 1.0		__DUMMY__ 0.45847965158884296 off 0.3199347124128624 neg 0.22158563599829456	false	1.0
umtauschen	neg 1.0		__DUMMY__ 0.4692393832277703 off 0.3032147971345831 neg 0.22754581963764664	false	0.5
zum			__DUMMY__ 0.47833211953633503 off 0.2965134947354208 neg 0.22515438572824412	false	0.0
zersetzen	neg 1.0		__DUMMY__ 0.47078459832972597 off 0.2983900903870946 neg 0.2308253112831794	false	0.5
zur			__DUMMY__ 0.4761758215906689 off 0.2956449533917508 neg 0.22817922501758023	false	0.0
frust	neg 1.0		__DUMMY__ 0.4696533495522062 off 0.3011571490435631 neg 0.22918950140423075	false	0.5
unerbittlichkeit	neg 1.0		__DUMMY__ 0.4716577247330301 off 0.2999363124850582 neg 0.22840596278191178	false	0.5
zwei			__DUMMY__ 0.47632348708970806 off 0.2949601040005234 neg 0.2287164089097686	false	0.0
unkorrekt	neg 1.0		__DUMMY__ 0.4626292628852514 off 0.31187971158232747 neg 0.22549102553242115	false	0.5
hexe	off 1.0		__DUMMY__ 0.4636223740297477 off 0.30839199827742675 neg 0.22798562769282543	false	1.0
lasch	neg 1.0		__DUMMY__ 0.46554486475652807 off 0.30839120312862733 neg 0.22606393211484457	false	0.5
rivale	neg 1.0		__DUMMY__ 0.46319125013059603 off 0.31414158194978536 neg 0.22266716791961855	false	0.5
mutlos	off 1.0	off 1.0	off 0.6407078759623316 __DUMMY__ 0.22865930583473626 neg 0.13063281820293213	false	1.0
wirr	off 1.0		__DUMMY__ 0.4613101732193099 off 0.3140306449481383 neg 0.22465918183255165	false	1.0
jahr			__DUMMY__ 0.4752668666145666 off 0.3004562961100691 neg 0.2242768372753644	false	0.0
wird			__DUMMY__ 0.47103214327343274 off 0.30081133053288345 neg 0.2281565261936837	false	0.0
strafbar	neg 1.0		__DUMMY__ 0.4710599134656781 off 0.29946565609457426 neg 0.2294744304397478	false	0.5
erosion	neg 1.0		__DUMMY__ 0.4691851518109686 off 0.30442942075665946 neg 0.22638542743237197	false	0.5
eingehen	neg 1.0		__DUMMY__ 0.4701027830516704 off 0.29920631851677787 neg 0.23069089843155152	false	0.5
faul	off 1.0		__DUMMY__ 0.4664470734135849 off 0.308940911472854 neg 0.22461201511356116	false	1.0
provisorium	neg 1.0		__DUMMY__ 0.47882303048135566 off 0.2919954614425589 neg 0.22918150807608537	false	0.5
schmerzen	neg 1.0		__DUMMY__ 0.46801590006352867 off 0.30172589301655756 neg 0.23025820691991372	false	0.5
schrumpfen	neg 1.0		__DUMMY__ 0.4732439777895451 off 0.2943538172381219 neg 0.23240220497233297	false	0.5
geistlos	off 1.0		__DUMMY__ 0.4647089429526291 off 0.3063464529319026 neg 0.2289446041154684	false	1.0
fehlkauf	neg 1.0		__DUMMY__ 0.4667342494075949 off 0.30680884158289 neg 0.22645690900951504	false	0.5
frustrierend	neg 1.0		__DUMMY__ 0.46549921547027423 off 0.30776351021378334 neg 0.22673727431594246	false	0.5
unzufrieden	neg 1.0		__DUMMY__ 0.47015326032856825 off 0.30125090517819925 neg 0.2285958344932326	false	0.5
verzweifeln	neg 1.0		__DUMMY__ 0.46947056650040203 off 0.3026910321814873 neg 0.22783840131811064	false	0.5
verzweifelt	neg 1.0		__DUMMY__ 0.46729908479788684 off 0.3049826789994663 neg 0.22771823620264692	false	0.5
misstrauensantrag	neg 1.0		__DUMMY__ 0.46692845969077246 off 0.3060868611883035 neg 0.226984679120924	false	0.5
abfallen	neg 1.0		__DUMMY__ 0.46847625331878257 off 0.3039229492148343 neg 0.22760079746638312	false	0.5
fucker	off 1.0		__DUMMY__ 0.4639352772762477 off 0.31362527639955995 neg 0.22243944632419238	false	1.0
ungezogen	neg 1.0		__DUMMY__ 0.45782222481124313 off 0.3210275346300933 neg 0.2211502405586637	false	0.5
irrsinnig	neg 1.0	neg 1.0	neg 0.5996157772549718 __DUMMY__ 0.22737376525867264 off 0.17301045748635555	false	1.0
unfassbar	neg 1.0		__DUMMY__ 0.4646511334993023 off 0.31045781131374794 neg 0.22489105518694968	false	0.5
hart	neg 1.0		__DUMMY__ 0.4630650744905092 off 0.3104243878406852 neg 0.22651053766880558	false	0.5
widerlich	off 1.0		__DUMMY__ 0.46352119120328666 off 0.3107441673956337 neg 0.22573464140107968	false	1.0
fatal	neg 1.0	neg 1.0	neg 0.6004655872182806 __DUMMY__ 0.2257955152225349 off 0.17373889755918448	false	1.0
bruch	neg 1.0		__DUMMY__ 0.4732162598913627 off 0.29640683356426567 neg 0.23037690654437182	false	0.5
aushungern	neg 1.0		__DUMMY__ 0.4681645126210962 off 0.3018555930519918 neg 0.2299798943269119	false	0.5
anspannung	neg 1.0		__DUMMY__ 0.47621283487547944 off 0.29504312053675175 neg 0.2287440445877687	false	0.5
von			__DUMMY__ 0.4738938517573382 off 0.298807057436142 neg 0.22729909080651986	false	0.0
kraftlos	neg 1.0		__DUMMY__ 0.4701521741007721 off 0.300515042804816 neg 0.22933278309441196	false	0.5
vom			__DUMMY__ 0.4802072350426004 off 0.293326108593351 neg 0.22646665636404856	false	0.0
grenzdebil	off 1.0		__DUMMY__ 0.4637633947830144 off 0.31052633077377134 neg 0.22571027444321434	false	1.0
vor			__DUMMY__ 0.4732536350035807 off 0.2967849015282424 neg 0.2299614634681769	false	0.0
unterwerfen	neg 1.0		__DUMMY__ 0.4712134823360075 off 0.3004492070747559 neg 0.22833731058923668	false	0.5
versenkung	neg 1.0		__DUMMY__ 0.47186439936870583 off 0.2999406731317309 neg 0.22819492749956335	false	0.5
entziehen	neg 1.0		__DUMMY__ 0.4725607155772622 off 0.29760268977227167 neg 0.22983659465046616	false	0.5
finanzkrise	neg 1.0		__DUMMY__ 0.4645934526604526 off 0.30161470616255487 neg 0.23379184117699264	false	0.5
schimpfend	neg 1.0		__DUMMY__ 0.46958674685365726 off 0.3053995617451006 neg 0.22501369140124228	false	0.5
profan	neg 1.0		__DUMMY__ 0.4666750421689768 off 0.3062758395058036 neg 0.22704911832521946	false	0.5
korruption	neg 1.0		__DUMMY__ 0.46805164654953146 off 0.30101684789579175 neg 0.23093150555467692	false	0.5
â			__DUMMY__ 0.47087382459586385 off 0.3010652063540234 neg 0.22806096905011267	false	0.0
schmutzig	neg 1.0		__DUMMY__ 0.46388004637711017 off 0.310765595129416 neg 0.22535435849347374	false	0.5
sexy	neg 1.0		__DUMMY__ 0.46685069087001807 off 0.30852189841109684 neg 0.22462741071888495	false	0.5
abraten	neg 1.0		__DUMMY__ 0.46804714650961066 off 0.30628004073705895 neg 0.22567281275333034	false	0.5
schwarz	neg 1.0		__DUMMY__ 0.46750408017269834 off 0.30659006954691453 neg 0.22590585028038712	false	0.5
fotze	off 1.0	off 1.0	off 0.641953043456866 __DUMMY__ 0.22980008206627914 neg 0.12824687447685476	false	1.0
verwirren	neg 1.0		__DUMMY__ 0.4668388825583423 off 0.3067031206855233 neg 0.22645799675613437	false	0.5
zahnlos	off 1.0		__DUMMY__ 0.4690888396257769 off 0.3020381916095937 neg 0.22887296876462943	false	1.0
verheeren	neg 1.0		__DUMMY__ 0.45767337533178365 off 0.3227669189816425 neg 0.21955970568657382	false	0.5
hippie	neg 1.0		__DUMMY__ 0.466809807604537 off 0.3080691136122854 neg 0.22512107878317772	false	0.5
rammen	neg 1.0		__DUMMY__ 0.47032068411056166 off 0.305695227531656 neg 0.22398408835778233	false	0.5
unlauter	neg 1.0		__DUMMY__ 0.4672056659375838 off 0.30638356827864044 neg 0.22641076578377578	false	0.5
unheilvoll	neg 1.0		__DUMMY__ 0.4669568902224941 off 0.3047003867639992 neg 0.2283427230135067	false	0.5
niedrig	neg 1.0		__DUMMY__ 0.47035711261176666 off 0.3006660035861187 neg 0.22897688380211456	false	0.5
explosion	neg 1.0		__DUMMY__ 0.4672556933267363 off 0.3081600524558277 neg 0.22458425421743586	false	0.5
weichei	off 1.0	off 1.0	off 0.6494049803873527 __DUMMY__ 0.22263497063560278 neg 0.1279600489770444	false	1.0
minusmensch	off 1.0		__DUMMY__ 0.45786914797211153 off 0.3226753727556732 neg 0.21945547927221523	false	1.0
farblos	neg 1.0		__DUMMY__ 0.4690031982223536 off 0.30592965468665373 neg 0.22506714709099276	false	0.5
unwissend	neg 1.0	neg 1.0	neg 0.5989702440660984 __DUMMY__ 0.22562946135499815 off 0.17540029457890347	false	1.0
traurig	neg 1.0		__DUMMY__ 0.46276488746960603 off 0.3132385160068028 neg 0.22399659652359122	false	0.5
senkung	neg 1.0		__DUMMY__ 0.4638252534662622 off 0.30592626764344505 neg 0.2302484788902929	false	0.5
ungleich	neg 1.0	neg 1.0	neg 0.6004475463566189 __DUMMY__ 0.22909900922641555 off 0.17045344441696553	false	1.0
heikel	neg 1.0		__DUMMY__ 0.4712417764106472 off 0.29899677482328857 neg 0.22976144876606422	false	0.5
drosselung	neg 1.0		__DUMMY__ 0.4632856424214347 off 0.310829899095747 neg 0.22588445848281832	false	0.5
falsch	neg 1.0		__DUMMY__ 0.4661495994959474 off 0.3084289629429188 neg 0.2254214375611338	false	0.5
unzufriedenheit	neg 1.0		__DUMMY__ 0.4707493186326348 off 0.2984831222548242 neg 0.23076755911254107	false	0.5
kurz	neg 1.0		__DUMMY__ 0.4711860964315692 off 0.3019535008198682 neg 0.22686040274856262	false	0.5
unsinnig	neg 1.0		__DUMMY__ 0.4679532806377803 off 0.3022749131539517 neg 0.22977180620826793	false	0.5
penner	off 1.0	off 1.0	off 0.6507286891396084 __DUMMY__ 0.22235880892316018 neg 0.12691250193723153	false	1.0
seicht	neg 1.0		__DUMMY__ 0.45579261394502424 off 0.3188636893390229 neg 0.22534369671595286	false	0.5
dummheit	off 1.0	off 1.0	off 0.6441338858158022 __DUMMY__ 0.22620295506682717 neg 0.12966315911737067	false	1.0
unerfreulich	neg 1.0		__DUMMY__ 0.47176736183040074 off 0.2988183585595189 neg 0.22941427961008032	false	0.5
motherfucker	off 1.0	off 1.0	off 0.6476590528286064 __DUMMY__ 0.2252075691722182 neg 0.12713337799917535	false	1.0
pikiert	neg 1.0		__DUMMY__ 0.4638365864942286 off 0.30937720471090485 neg 0.22678620879486672	false	0.5
wrack	neg 1.0		__DUMMY__ 0.4742137248926076 off 0.3037415666387236 neg 0.22204470846866892	false	0.5
gangster	neg 1.0		__DUMMY__ 0.46652608345837066 off 0.30822623100679003 neg 0.2252476855348394	false	0.5
krank	neg 1.0		__DUMMY__ 0.4644045670154301 off 0.31087836781186995 neg 0.22471706517269996	false	0.5
reich	neg 1.0		__DUMMY__ 0.46438054553768665 off 0.30815844494331696 neg 0.22746100951899648	false	0.5
gnadenlos	neg 1.0		__DUMMY__ 0.46862810131512245 off 0.30520501431574076 neg 0.22616688436913684	false	0.5
niedergeschlagen	neg 1.0		__DUMMY__ 0.4711711929845789 off 0.3014589439382968 neg 0.2273698630771242	false	0.5
terrorisieren	off 1.0	off 1.0	off 0.640114203088883 __DUMMY__ 0.22941094653596697 neg 0.13047485037515	false	1.0
sinnlosigkeit	neg 1.0		__DUMMY__ 0.46963844774183433 off 0.3016724182087382 neg 0.2286891340494275	false	0.5
behindern	neg 1.0		__DUMMY__ 0.4686039752547867 off 0.3035736122190177 neg 0.2278224125261956	false	0.5
undemokratisch	neg 1.0		__DUMMY__ 0.46625705676285856 off 0.3061806844232854 neg 0.2275622588138561	false	0.5
wirtschaftskrise	neg 1.0		__DUMMY__ 0.46777983879314655 off 0.30045523516547534 neg 0.23176492604137805	false	0.5
neid	neg 1.0		__DUMMY__ 0.4656521746918636 off 0.30718111224967287 neg 0.22716671305846345	false	0.5
rutschen	neg 1.0		__DUMMY__ 0.47605650234921765 off 0.2944529998075989 neg 0.22949049784318332	false	0.5
rezession	neg 1.0		__DUMMY__ 0.4588240548101559 off 0.31193968548692896 neg 0.2292362597029151	false	0.5
fehlgeburt	neg 1.0		__DUMMY__ 0.4702367214651148 off 0.30523677615894784 neg 0.22452650237593738	false	0.5
charakterschwach	off 1.0		__DUMMY__ 0.46340432465237663 off 0.3100043727840551 neg 0.2265913025635681	false	1.0
isolation	neg 1.0		__DUMMY__ 0.4675288151508201 off 0.3090929057379981 neg 0.22337827911118177	false	0.5
ablenkung	neg 1.0		__DUMMY__ 0.46945467374290917 off 0.30371076967367516 neg 0.2268345565834156	false	0.5
pech	neg 1.0		__DUMMY__ 0.4653197024246338 off 0.3083705918705675 neg 0.22630970570479875	false	0.5
vermeidung	neg 1.0		__DUMMY__ 0.46395356350376155 off 0.3107556876280167 neg 0.22529074886822173	false	0.5
dominieren	neg 1.0		__DUMMY__ 0.47037069861009184 off 0.3026048536166876 neg 0.2270244477732206	false	0.5
schwindlig	neg 1.0		__DUMMY__ 0.4667807005480027 off 0.3057590713899775 neg 0.22746022806201985	false	0.5
lutscher	neg 1.0		__DUMMY__ 0.45576997316415846 off 0.32146991367607103 neg 0.2227601131597706	false	0.5
pflicht	neg 1.0		__DUMMY__ 0.4726750692660632 off 0.29779504729955364 neg 0.22952988343438313	false	0.5
faschist	off 1.0		__DUMMY__ 0.4654966860149147 off 0.30786503540840293 neg 0.22663827857668245	false	1.0
verschleudern	neg 1.0		__DUMMY__ 0.4692384140282084 off 0.2993820809083966 neg 0.23137950506339505	false	0.5
wenn			__DUMMY__ 0.4650517785807617 off 0.30892379655230723 neg 0.226024424866931	false	0.0
ehebruch	neg 1.0		__DUMMY__ 0.4692608753727027 off 0.30018366790761447 neg 0.23055545671968283	false	0.5
spott	off 1.0		__DUMMY__ 0.47102463292858676 off 0.300888423282727 neg 0.22808694378868613	false	1.0
trostlosigkeit	neg 1.0		__DUMMY__ 0.4707011088409402 off 0.29679720117107594 neg 0.23250168998798385	false	0.5
lutschen	neg 1.0		__DUMMY__ 0.4671258871742047 off 0.30947029035106055 neg 0.2234038224747347	false	0.5
undiszipliniert	neg 1.0		__DUMMY__ 0.4628244339145991 off 0.31227801182793063 neg 0.22489755425747024	false	0.5
kopfschmerz	neg 1.0		__DUMMY__ 0.46844633108516653 off 0.2991860290025286 neg 0.23236763991230475	false	0.5
unvorhergesehen	neg 1.0		__DUMMY__ 0.47366634495175525 off 0.2986011771620814 neg 0.22773247788616324	false	0.5
desinteressiert	neg 1.0		__DUMMY__ 0.46312150924761014 off 0.31155794533755715 neg 0.22532054541483265	false	0.5
armselig	off 1.0		__DUMMY__ 0.4618558344231378 off 0.3140728185477193 neg 0.22407134702914297	false	1.0
desaster	neg 1.0		__DUMMY__ 0.4715879351687978 off 0.29646563120844477 neg 0.23194643362275752	false	0.5
tod	neg 1.0		__DUMMY__ 0.4714384814481476 off 0.30008967097346495 neg 0.22847184757838734	false	0.5
herzlos	neg 1.0		__DUMMY__ 0.46208940647485897 off 0.31342967983062886 neg 0.22448091369451215	false	0.5
unwissenheit	neg 1.0		__DUMMY__ 0.46963762220686184 off 0.30123148849733417 neg 0.22913088929580405	false	0.5
widersinnig	neg 1.0		__DUMMY__ 0.46742260192083157 off 0.30222612568452245 neg 0.23035127239464584	false	0.5
bedenklich	neg 1.0		__DUMMY__ 0.46983834356624377 off 0.30013291714956825 neg 0.23002873928418807	false	0.5
beanstanden	neg 1.0		__DUMMY__ 0.4730924669881978 off 0.29893410051088154 neg 0.22797343250092073	false	0.5
panisch	neg 1.0		__DUMMY__ 0.46847949535133 off 0.3063690845518755 neg 0.22515142009679448	false	0.5
debil	off 1.0		__DUMMY__ 0.4774018514614812 off 0.29241913932546443 neg 0.2301790092130545	false	1.0
abstrich	neg 1.0		__DUMMY__ 0.47205246999712963 off 0.3037444787432575 neg 0.22420305125961282	false	0.5
primitiv	neg 1.0		__DUMMY__ 0.4629785507388822 off 0.3116588305759481 neg 0.2253626186851697	false	0.5
abschaum	off 1.0	off 1.0	off 0.6462944467273228 __DUMMY__ 0.2261360027298113 neg 0.12756955054286584	false	1.0
provozieren	neg 1.0		__DUMMY__ 0.46738851904796747 off 0.30461404438504674 neg 0.22799743656698562	false	0.5
tot	neg 1.0		__DUMMY__ 0.47103752166112306 off 0.3022670741986208 neg 0.22669540414025605	false	0.5
instabil	neg 1.0		__DUMMY__ 0.4614605852856101 off 0.31440621709415506 neg 0.22413319762023473	false	0.5
schwuchtel	off 1.0	off 1.0	off 0.6555143109390168 __DUMMY__ 0.2198469398595141 neg 0.12463874920146908	false	1.0
zerren	neg 1.0		__DUMMY__ 0.47104121141086697 off 0.3013022855855332 neg 0.2276565030035998	false	0.5
kinderficker	off 1.0		__DUMMY__ 0.46038734292158984 off 0.31673655119962335 neg 0.22287610587878687	false	1.0
gefahr	neg 1.0		__DUMMY__ 0.4731225000788159 off 0.29877087073476427 neg 0.22810662918641977	false	0.5
rabiat	neg 1.0		__DUMMY__ 0.4682159459806767 off 0.30248564906900904 neg 0.2292984049503143	false	0.5
verlangsamung	neg 1.0		__DUMMY__ 0.4591619694972652 off 0.31870082056054844 neg 0.2221372099421864	false	0.5
ausgestorben	neg 1.0		__DUMMY__ 0.46958449535836067 off 0.30257720792428167 neg 0.22783829671735759	false	0.5
anklagen	neg 1.0		__DUMMY__ 0.4691849303006211 off 0.30203280145795053 neg 0.22878226824142825	false	0.5
trott	neg 1.0		__DUMMY__ 0.46913213167279266 off 0.3041221062750957 neg 0.2267457620521116	false	0.5
verminderung	neg 1.0		__DUMMY__ 0.46357440229356633 off 0.31061672479908775 neg 0.225808872907346	false	0.5
nach			__DUMMY__ 0.4776579408904195 off 0.2935156915640229 neg 0.2288263675455576	false	0.0
rost	neg 1.0		__DUMMY__ 0.45996314433281776 off 0.32073022923604216 neg 0.21930662643114004	false	0.5
destruktiv	neg 1.0		__DUMMY__ 0.4674656641479687 off 0.303113329067549 neg 0.22942100678448232	false	0.5
unzumutbarkeit	neg 1.0		__DUMMY__ 0.466658913618125 off 0.3122089992130654 neg 0.22113208716880947	false	0.5
labil	off 1.0	off 1.0	off 0.6457824131683033 __DUMMY__ 0.22617772725417395 neg 0.12803985957752276	false	1.0
ziemlich	neg 1.0		__DUMMY__ 0.4654753934584297 off 0.3104634333510325 neg 0.22406117319053792	false	0.5
lachnummer	off 1.0		__DUMMY__ 0.4683271391332653 off 0.3043714695615929 neg 0.22730139130514185	false	1.0
oder			__DUMMY__ 0.4694444071030156 off 0.3048555746478901 neg 0.22570001824909425	false	0.0
verfall	neg 1.0		__DUMMY__ 0.4728768500677926 off 0.29432258147222734 neg 0.23280056845998004	false	0.5
ausgrenzung	neg 1.0		__DUMMY__ 0.4664839635163341 off 0.30622028892079495 neg 0.22729574756287088	false	0.5
unordnung	neg 1.0		__DUMMY__ 0.4636918915028149 off 0.31632903478285723 neg 0.21997907371432798	false	0.5
fehlverhalten	neg 1.0		__DUMMY__ 0.47102455133384175 off 0.2994574673989563 neg 0.2295179812672018	false	0.5
eine			__DUMMY__ 0.4726698226913637 off 0.29732954283102586 neg 0.23000063447761043	false	0.0
nille	neg 1.0		__DUMMY__ 0.46918686100256046 off 0.3046604750997982 neg 0.22615266389764124	false	0.5
qual	neg 1.0		__DUMMY__ 0.4692005210459795 off 0.3036989572112787 neg 0.2271005217427419	false	0.5
verschwenden	neg 1.0		__DUMMY__ 0.4703643671443086 off 0.2987693146442059 neg 0.2308663182114853	false	0.5
riesig	neg 1.0		__DUMMY__ 0.47306680436066756 off 0.3009102378376933 neg 0.2260229578016392	false	0.5
verurteilen	neg 1.0		__DUMMY__ 0.46899491507696917 off 0.30152910069618954 neg 0.22947598422684123	false	0.5
klischee	neg 1.0	neg 1.0	neg 0.5991741024610766 __DUMMY__ 0.2259985679956991 off 0.1748273295432243	false	1.0
diktatorisch	neg 1.0		__DUMMY__ 0.4655683262299506 off 0.3059630377498437 neg 0.22846863602020567	false	0.5
vorhersehbar	neg 1.0		__DUMMY__ 0.4650451381833797 off 0.3065929293633794 neg 0.22836193245324096	false	0.5
sowie			__DUMMY__ 0.4596492283872837 off 0.315493389519403 neg 0.22485738209331332	false	0.0
stornieren	neg 1.0		__DUMMY__ 0.4717841565025494 off 0.3095434369409517 neg 0.21867240655649894	false	0.5
besteuerung	neg 1.0	neg 1.0	neg 0.6014812469869347 __DUMMY__ 0.22601319164285885 off 0.17250556137020653	false	1.0
ungeschminkt	neg 1.0		__DUMMY__ 0.4639678501428532 off 0.3123571965028987 neg 0.22367495335424822	false	0.5
kritisch	neg 1.0		__DUMMY__ 0.4700920590855794 off 0.30142318031257354 neg 0.2284847606018471	false	0.5
schlamperei	off 1.0		__DUMMY__ 0.4711730616680973 off 0.3002243585159401 neg 0.22860257981596274	false	1.0
sucht	neg 1.0	neg 1.0	neg 0.5962714242644424 __DUMMY__ 0.22935143298533855 off 0.17437714275021915	false	1.0
egoistisch	off 1.0	off 1.0	off 0.649747690956436 __DUMMY__ 0.2237791500565299 neg 0.12647315898703412	false	1.0
ausbeuter	off 1.0		__DUMMY__ 0.46964146862225253 off 0.2984980009549506 neg 0.23186053042279692	false	1.0
arschgeburt	off 1.0		__DUMMY__ 0.45440674664672254 off 0.3266451258104385 neg 0.21894812754283896	false	1.0
schubs	neg 1.0		__DUMMY__ 0.4698504613518168 off 0.30031391589680917 neg 0.2298356227513741	false	0.5
unsolide	neg 1.0		__DUMMY__ 0.4662917710921337 off 0.3069776006510219 neg 0.22673062825684437	false	0.5
beschwerde	neg 1.0		__DUMMY__ 0.470470634831946 off 0.3021115079943117 neg 0.22741785717374224	false	0.5
stocken	neg 1.0		__DUMMY__ 0.47119888309691266 off 0.3009834798323403 neg 0.22781763707074715	false	0.5
isolieren	neg 1.0		__DUMMY__ 0.4704398481751203 off 0.3021549523348278 neg 0.22740519949005186	false	0.5
unheilbar	neg 1.0		__DUMMY__ 0.46754167887702786 off 0.30345272482204616 neg 0.229005596300926	false	0.5
pisser	off 1.0	off 1.0	off 0.6486977345357187 __DUMMY__ 0.22565481949204994 neg 0.12564744597223143	false	1.0
löschen	neg 1.0		__DUMMY__ 0.46879350357650373 off 0.30490659817234467 neg 0.2262998982511516	false	0.5
durchfallen	neg 1.0		__DUMMY__ 0.47003444217155577 off 0.30106961113423575 neg 0.22889594669420846	false	0.5
wichser	off 1.0	off 1.0	off 0.6526614735206482 __DUMMY__ 0.22106337926882416 neg 0.12627514721052768	false	1.0
terror	neg 1.0		__DUMMY__ 0.4674319944329342 off 0.30811944298930766 neg 0.2244485625777582	false	0.5
krass	neg 1.0		__DUMMY__ 0.46125446648628254 off 0.3155055308450981 neg 0.22324000266861935	false	0.5
revolte	neg 1.0		__DUMMY__ 0.4629244509626264 off 0.30664863315892216 neg 0.23042691587845143	false	0.5
besorgt	neg 1.0		__DUMMY__ 0.471798095061458 off 0.30248033270577607 neg 0.22572157223276587	false	0.5
nachlassen	neg 1.0		__DUMMY__ 0.4716297878430478 off 0.30103408097930573 neg 0.22733613117764637	false	0.5
alt	neg 1.0		__DUMMY__ 0.46768592490512906 off 0.2988088253849673 neg 0.23350524970990363	false	0.5
hundesohn	off 1.0	off 1.0	off 0.6527876249742717 __DUMMY__ 0.22270515082909206 neg 0.12450722419663635	false	1.0
als			__DUMMY__ 0.469415524053465 off 0.30136801808891606 neg 0.22921645785761896	false	0.0
abschreckung	neg 1.0		__DUMMY__ 0.4712293417036231 off 0.29843178516650115 neg 0.23033887312987572	false	0.5
unqualifiziert	neg 1.0		__DUMMY__ 0.46528208069742355 off 0.3086392450722105 neg 0.22607867423036607	false	0.5
abgewichst	off 1.0		__DUMMY__ 0.47001300175462574 off 0.30411612712201574 neg 0.22587087112335857	false	1.0
schwer	neg 1.0		__DUMMY__ 0.46850850964788976 off 0.30290980484453106 neg 0.22858168550757915	false	0.5
bedeutungslosigkeit	neg 1.0		__DUMMY__ 0.47093796197019183 off 0.2989816942067039 neg 0.23008034382310427	false	0.5
kapitulation	neg 1.0		__DUMMY__ 0.4683186306066595 off 0.3001938089215844 neg 0.23148756047175612	false	0.5
unscharf	neg 1.0		__DUMMY__ 0.46413866567835765 off 0.304933895896115 neg 0.23092743842552735	false	0.5
schwinden	neg 1.0		__DUMMY__ 0.47069614023542455 off 0.2990893028849195 neg 0.23021455687965586	false	0.5
versklavung	neg 1.0	neg 1.0	neg 0.5999120856691227 __DUMMY__ 0.22666684759302763 off 0.17342106673784977	false	1.0
schlecht	neg 1.0		__DUMMY__ 0.4656536538725672 off 0.31071863852907794 neg 0.22362770759835493	false	0.5
verhasst	neg 1.0		__DUMMY__ 0.46672731623729186 off 0.3052725219642395 neg 0.22800016179846866	false	0.5
beschweren	neg 1.0		__DUMMY__ 0.46815187696381627 off 0.3063315010574456 neg 0.22551662197873823	false	0.5
scheiden	neg 1.0		__DUMMY__ 0.4688200468870621 off 0.3040426354626586 neg 0.22713731765027945	false	0.5
frustriert	neg 1.0		__DUMMY__ 0.4697446070290505 off 0.3023967651593309 neg 0.22785862781161856	false	0.5
schimmelig	neg 1.0		__DUMMY__ 0.46948413353868806 off 0.3004163494501183 neg 0.23009951701119358	false	0.5
fisch	neg 1.0		__DUMMY__ 0.4701844770121096 off 0.2962367122718851 neg 0.2335788107160054	false	0.5
schmuggel	neg 1.0		__DUMMY__ 0.4738918443745 off 0.29813447539048904 neg 0.22797368023501094	false	0.5
auffallen	neg 1.0		__DUMMY__ 0.4671907216875755 off 0.3065157921757176 neg 0.22629348613670694	false	0.5
konkurrenz	neg 1.0		__DUMMY__ 0.47285603632242884 off 0.2992463531087695 neg 0.2278976105688016	false	0.5
teufelskreis	neg 1.0	neg 1.0	neg 0.6013884153273729 __DUMMY__ 0.22711638757972413 off 0.17149519709290287	false	1.0
aufschreien	neg 1.0		__DUMMY__ 0.4656393293625103 off 0.30669325590835966 neg 0.2276674147291301	false	0.5
schuldner	neg 1.0		__DUMMY__ 0.469543314843362 off 0.2982922353038391 neg 0.23216444985279888	false	0.5
missgeburt	off 1.0	off 1.0	off 0.652194056104457 __DUMMY__ 0.22426713658783226 neg 0.12353880730771073	false	1.0
arbeitslos	neg 1.0		__DUMMY__ 0.47015635731527344 off 0.30103167438329703 neg 0.22881196830142964	false	0.5
befallen	neg 1.0		__DUMMY__ 0.46818824545058413 off 0.3025702117121509 neg 0.22924154283726478	false	0.5
miesepetrig	off 1.0	off 1.0	off 0.6455816508992773 __DUMMY__ 0.22586363057930087 neg 0.12855471852142183	false	1.0
alarmieren	neg 1.0		__DUMMY__ 0.46563292505673554 off 0.30948687522014606 neg 0.22488019972311857	false	0.5
ungeduscht	off 1.0		__DUMMY__ 0.4649662791278912 off 0.30856786473435704 neg 0.22646585613775175	false	1.0
knappheit	neg 1.0		__DUMMY__ 0.46864418260643087 off 0.3010275606349175 neg 0.23032825675865162	false	0.5
schlange	neg 1.0		__DUMMY__ 0.46940142443951277 off 0.3047201352918286 neg 0.2258784402686585	false	0.5
harsch	neg 1.0		__DUMMY__ 0.4652952599952673 off 0.3167466339654287 neg 0.21795810603930407	false	0.5
lang	neg 1.0		__DUMMY__ 0.4683661026118154 off 0.3057481115819878 neg 0.22588578580619692	false	0.5
ziellos	neg 1.0		__DUMMY__ 0.47216978835375256 off 0.2997449804234926 neg 0.2280852312227549	false	0.5
selbstverliebt	neg 1.0		__DUMMY__ 0.45651965874925987 off 0.3233590828723708 neg 0.22012125837836932	false	0.5
beseitigen	neg 1.0		__DUMMY__ 0.47247288818162997 off 0.3058032024977348 neg 0.2217239093206352	false	0.5
dumm	off 1.0		__DUMMY__ 0.4593202215077209 off 0.3174366496679478 neg 0.2232431288243314	false	1.0
arbeitsloser	neg 1.0		__DUMMY__ 0.4721673179562016 off 0.30207176533120145 neg 0.22576091671259704	false	0.5
blitzen	neg 1.0		__DUMMY__ 0.4657256753397337 off 0.30834444872486055 neg 0.22592987593540573	false	0.5
hilflos	neg 1.0		__DUMMY__ 0.46999817291044177 off 0.3010878226457562 neg 0.228914004443802	false	0.5
eklig	off 1.0		__DUMMY__ 0.45805768136080455 off 0.3175371591246092 neg 0.22440515951458614	false	1.0
begriff			__DUMMY__ 0.46846111101360105 off 0.3031847585740431 neg 0.22835413041235575	false	0.0
hungersnot	neg 1.0		__DUMMY__ 0.46759203985692244 off 0.30044787920872723 neg 0.2319600809343505	false	0.5
ungesetzlich	neg 1.0		__DUMMY__ 0.46589789836437595 off 0.30613016374970153 neg 0.22797193788592243	false	0.5
verschwendung	neg 1.0		__DUMMY__ 0.470949299157553 off 0.2989493832264483 neg 0.2301013176159988	false	0.5
schmerzvoll	neg 1.0		__DUMMY__ 0.46690505915882935 off 0.30517855004618893 neg 0.2279163907949817	false	0.5
vorzeitig	neg 1.0		__DUMMY__ 0.46664296655256143 off 0.3104458931492124 neg 0.22291114029822615	false	0.5
unvollkommenheit	neg 1.0		__DUMMY__ 0.4697440808124189 off 0.3023572603632433 neg 0.22789865882433777	false	0.5
intervenieren	neg 1.0		__DUMMY__ 0.46945154111018783 off 0.29931521105203296 neg 0.23123324783777915	false	0.5
banause	off 1.0		__DUMMY__ 0.4554112952904033 off 0.31850177709942623 neg 0.2260869276101704	false	1.0
rebell	neg 1.0		__DUMMY__ 0.4732696598960433 off 0.2952435881678092 neg 0.23148675193614734	false	0.5
unlogisch	neg 1.0		__DUMMY__ 0.4624436589834015 off 0.3128765283901649 neg 0.22467981262643352	false	0.5
leiden	neg 1.0		__DUMMY__ 0.47396187580274296 off 0.29868266356160145 neg 0.2273554606356556	false	0.5
abschaffung	neg 1.0		__DUMMY__ 0.4668014557482699 off 0.3048607906241927 neg 0.22833775362753747	false	0.5
sturz	neg 1.0		__DUMMY__ 0.470763819907203 off 0.30802880922361364 neg 0.22120737086918335	false	0.5
verkleinerung	neg 1.0		__DUMMY__ 0.4639841102799719 off 0.3080448163144527 neg 0.22797107340557551	false	0.5
schmarotzer	off 1.0		__DUMMY__ 0.468971113534169 off 0.3017473363834291 neg 0.22928155008240197	false	1.0
bestrafung	neg 1.0	neg 1.0	neg 0.5988450832139334 __DUMMY__ 0.22809933192524814 off 0.17305558486081854	false	1.0
achtlos	neg 1.0		__DUMMY__ 0.4698607909463823 off 0.3024406614135908 neg 0.22769854764002698	false	0.5
ungeheuer	neg 1.0		__DUMMY__ 0.4673488031231027 off 0.30399346650110076 neg 0.2286577303757966	false	0.5
unaufrichtig	neg 1.0		__DUMMY__ 0.4661379766450899 off 0.3090785168294776 neg 0.22478350652543266	false	0.5
groggy	neg 1.0		__DUMMY__ 0.46767172695014264 off 0.3082873404488366 neg 0.2240409326010209	false	0.5
verletzlich	neg 1.0		__DUMMY__ 0.46249772720042365 off 0.3086902277788134 neg 0.228812045020763	false	0.5
