unsolidarisch	neg 1.0		off 0.5309684327421869 neg 0.40115980440138593 __DUMMY__ 0.06787176285642738	false	0.5
nachteilig	neg 1.0		off 0.5311016777239356 neg 0.40000058503772185 __DUMMY__ 0.06889773723834251	false	0.5
skeptisch	neg 1.0		off 0.528070152244297 neg 0.40319102968402687 __DUMMY__ 0.06873881807167617	false	0.5
schrecklich	neg 1.0		off 0.5393371261382164 neg 0.39339546239288375 __DUMMY__ 0.06726741146889983	false	0.5
schlapp	neg 1.0	neg 1.0	neg 0.6816443307757731 off 0.2860815925489713 __DUMMY__ 0.03227407667525545	false	1.0
abfall	neg 1.0		off 0.5263010164291707 neg 0.40452500859287954 __DUMMY__ 0.06917397497794969	false	0.5
widerspenstig	neg 1.0		off 0.530614009529352 neg 0.4012299435307375 __DUMMY__ 0.06815604693991059	false	0.5
abrupt	neg 1.0		off 0.5272548774533972 neg 0.40407346534532335 __DUMMY__ 0.06867165720127952	false	0.5
unwirksam	neg 1.0		off 0.5294955883319812 neg 0.40281287720461806 __DUMMY__ 0.0676915344634009	false	0.5
angreifen	neg 1.0		off 0.5274469512771062 neg 0.40377050081351235 __DUMMY__ 0.06878254790938149	false	0.5
inkonsistent	neg 1.0		off 0.5333253219733607 neg 0.3988824195562543 __DUMMY__ 0.06779225847038499	false	0.5
abrutschen	neg 1.0		off 0.5253426257153206 neg 0.4055515585859563 __DUMMY__ 0.06910581569872302	false	0.5
unsicher	neg 1.0		off 0.5325207926382687 neg 0.3990995019791075 __DUMMY__ 0.06837970538262383	false	0.5
bauernkind	off 1.0	off 1.0	off 0.7578815820675181 neg 0.21031273947521423 __DUMMY__ 0.031805678457267804	false	1.0
angreifer	neg 1.0		off 0.538018107032179 neg 0.393686254692562 __DUMMY__ 0.06829563827525889	false	0.5
trennen	neg 1.0		off 0.5281962519409101 neg 0.40286334147672825 __DUMMY__ 0.06894040658236159	false	0.5
schmutz	neg 1.0		off 0.541070824619831 neg 0.39004640868043006 __DUMMY__ 0.06888276669973906	false	0.5
inkonsistenz	neg 1.0		off 0.535702143287041 neg 0.39662317204653735 __DUMMY__ 0.0676746846664217	false	0.5
erschreckend	neg 1.0		off 0.5311431799134266 neg 0.40054601891594926 __DUMMY__ 0.0683108011706242	false	0.5
ertrinken	neg 1.0		off 0.5263721676466282 neg 0.4049210811871983 __DUMMY__ 0.06870675116617356	false	0.5
pickelface	off 1.0		off 0.5338827164989826 neg 0.3977375819331082 __DUMMY__ 0.06837970156790932	false	1.0
seiner			off 0.5287009513600877 neg 0.4024191047183969 __DUMMY__ 0.0688799439215154	false	0.0
lauch	neg 1.0	neg 1.0	neg 0.6854541492605696 off 0.28142497239153513 __DUMMY__ 0.0331208783478952	false	1.0
unwichtig	neg 1.0		off 0.535742174821705 neg 0.39656269002348676 __DUMMY__ 0.06769513515480821	false	0.5
steuerhinterziehung	neg 1.0		off 0.5298578244855782 neg 0.4020713643958749 __DUMMY__ 0.0680708111185471	false	0.5
schock	neg 1.0		off 0.5310166498200777 neg 0.40049845517256083 __DUMMY__ 0.06848489500736141	false	0.5
beule	neg 1.0		off 0.537473357810393 neg 0.39514277668933506 __DUMMY__ 0.06738386550027202	false	0.5
vergelten	neg 1.0		off 0.541812781599787 neg 0.39079472450580205 __DUMMY__ 0.0673924938944111	false	0.5
verdorbenheit	neg 1.0		off 0.5355256057669592 neg 0.39601018063370735 __DUMMY__ 0.06846421359933341	false	0.5
trauma	neg 1.0		off 0.533196335598308 neg 0.39870571722381737 __DUMMY__ 0.06809794717787475	false	0.5
sinnlos	neg 1.0		off 0.5338837032909678 neg 0.39802650195042893 __DUMMY__ 0.06808979475860322	false	0.5
fettsack	off 1.0	off 1.0	off 0.7592317962662385 neg 0.20891148833184797 __DUMMY__ 0.03185671540191349	false	1.0
feige	off 1.0	off 1.0	off 0.7561547740245143 neg 0.21164449699330762 __DUMMY__ 0.03220072898217816	false	1.0
abdanken	neg 1.0		off 0.532080486424609 neg 0.3995670886634434 __DUMMY__ 0.06835242491194761	false	0.5
wichtigtuer	off 1.0	off 1.0	off 0.755112543624686 neg 0.21243823839141077 __DUMMY__ 0.032449217983903135	false	1.0
misslingen	neg 1.0		off 0.5372837047788802 neg 0.3940403819547516 __DUMMY__ 0.06867591326636817	false	0.5
untreu	off 1.0		off 0.5367923285411837 neg 0.3956386521644532 __DUMMY__ 0.06756901929436294	false	1.0
missmutig	neg 1.0		off 0.5337066334362328 neg 0.3986207885278351 __DUMMY__ 0.06767257803593203	false	0.5
hurenbock	off 1.0		off 0.5325867493461616 neg 0.39925202710001934 __DUMMY__ 0.0681612235538191	false	1.0
betrunken	neg 1.0		off 0.5383269564392851 neg 0.39432151728895964 __DUMMY__ 0.06735152627175532	false	0.5
korrupt	off 1.0		off 0.5286536453974221 neg 0.4033364984274859 __DUMMY__ 0.0680098561750919	false	1.0
unmut	neg 1.0		off 0.5267013780118824 neg 0.40436102212455644 __DUMMY__ 0.06893759986356103	false	0.5
hackfresse	off 1.0		off 0.5429617322347391 neg 0.39027475082648794 __DUMMY__ 0.06676351693877292	false	1.0
aufblasen	neg 1.0		off 0.532245679128673 neg 0.39954751972731706 __DUMMY__ 0.0682068011440099	false	0.5
gewaltsam	neg 1.0		off 0.5332258045723666 neg 0.39828695387845753 __DUMMY__ 0.06848724154917576	false	0.5
unbeliebtheit	neg 1.0		off 0.5380623435226409 neg 0.39423392226375664 __DUMMY__ 0.06770373421360251	false	0.5
sturheit	neg 1.0		off 0.531701647463746 neg 0.3998828050480633 __DUMMY__ 0.06841554748819065	false	0.5
kuh	neg 1.0		off 0.5309963251813938 neg 0.4017176409588028 __DUMMY__ 0.0672860338598032	false	0.5
erschrecken	neg 1.0		off 0.5356255401385626 neg 0.39649578331183666 __DUMMY__ 0.06787867654960071	false	0.5
opfer	neg 1.0		off 0.5298837155897397 neg 0.4013996109692688 __DUMMY__ 0.06871667344099149	false	0.5
sinken	neg 1.0		off 0.5264756663724807 neg 0.404768979171288 __DUMMY__ 0.06875535445623135	false	0.5
stinktier	neg 1.0		off 0.5387561799590238 neg 0.3946381319940199 __DUMMY__ 0.0666056880469563	false	0.5
tucke	off 1.0		off 0.5429238546120903 neg 0.39084007418458305 __DUMMY__ 0.06623607120332671	false	1.0
ein			off 0.5300362229497485 neg 0.40183830814312876 __DUMMY__ 0.06812546890712265	false	0.0
abstieg	neg 1.0		off 0.5328936693954235 neg 0.39824012483803634 __DUMMY__ 0.06886620576654023	false	0.5
missverstehen	neg 1.0		off 0.5339598383729521 neg 0.3981396890548077 __DUMMY__ 0.06790047257224013	false	0.5
ergebnislos	neg 1.0		off 0.5309504294828397 neg 0.40013877070974646 __DUMMY__ 0.06891079980741388	false	0.5
unter			off 0.5242664233315698 neg 0.4059298250010641 __DUMMY__ 0.06980375166736608	false	0.0
manipulieren	neg 1.0		off 0.5289481697748707 neg 0.4022685931139368 __DUMMY__ 0.06878323711119252	false	0.5
unbewiesen	neg 1.0		off 0.5323426210417199 neg 0.39963684880503536 __DUMMY__ 0.06802053015324455	false	0.5
verschleppen	neg 1.0		off 0.5289803546808073 neg 0.4026242947943227 __DUMMY__ 0.06839535052486996	false	0.5
weib	off 1.0		off 0.5446821671317018 neg 0.38881471334073725 __DUMMY__ 0.06650311952756109	false	1.0
opposition	neg 1.0		off 0.5325658756491017 neg 0.3995196753471657 __DUMMY__ 0.06791444900373256	false	0.5
verkehrswidrig	neg 1.0		off 0.5450546825554528 neg 0.38722598165778055 __DUMMY__ 0.06771933578676667	false	0.5
inkorrekt	neg 1.0		off 0.5383496651970864 neg 0.3944855287327914 __DUMMY__ 0.06716480607012221	false	0.5
vermeiden	neg 1.0		off 0.5268852407032966 neg 0.40370202580925824 __DUMMY__ 0.06941273348744526	false	0.5
abweichung	neg 1.0		off 0.5317198348287204 neg 0.39958129180966767 __DUMMY__ 0.06869887336161185	false	0.5
alkoholisiert	neg 1.0		off 0.5338176185260248 neg 0.39663421711493246 __DUMMY__ 0.06954816435904279	false	0.5
scheiss	off 1.0	off 1.0	off 0.7570901403485863 neg 0.21077298629646984 __DUMMY__ 0.03213687335494384	false	1.0
herausforderung	neg 1.0		off 0.5305825906517132 neg 0.40081925654792183 __DUMMY__ 0.06859815280036487	false	0.5
pervers	off 1.0		off 0.5462798318282918 neg 0.38749055966791446 __DUMMY__ 0.0662296085037939	false	1.0
wackelig	neg 1.0		off 0.5306644582977055 neg 0.40069431645543085 __DUMMY__ 0.06864122524686374	false	0.5
verwickeln	neg 1.0		off 0.5332549208367039 neg 0.39874536373770425 __DUMMY__ 0.06799971542559181	false	0.5
vorwand	neg 1.0		off 0.5273253866307341 neg 0.40382951370365033 __DUMMY__ 0.06884509966561558	false	0.5
muschi	off 1.0		off 0.5336574563401553 neg 0.3977517185745955 __DUMMY__ 0.06859082508524929	false	1.0
entmutigung	neg 1.0		off 0.5315695615005234 neg 0.40084219388322173 __DUMMY__ 0.06758824461625476	false	0.5
unangemessen	neg 1.0		off 0.5308414780911188 neg 0.4008028726099567 __DUMMY__ 0.06835564929892439	false	0.5
unstetig	neg 1.0		off 0.5368354913499445 neg 0.395180111599199 __DUMMY__ 0.06798439705085643	false	0.5
entmutigen	neg 1.0		off 0.5315690051724395 neg 0.40044721698053065 __DUMMY__ 0.06798377784702994	false	0.5
schwanz	neg 1.0		off 0.5316540792344875 neg 0.3996106898686275 __DUMMY__ 0.06873523089688498	false	0.5
verbot	neg 1.0		off 0.5300846346830472 neg 0.4016295914931094 __DUMMY__ 0.06828577382384321	false	0.5
leid	neg 1.0		off 0.5405235025636992 neg 0.3924190158926215 __DUMMY__ 0.06705748154367917	false	0.5
archaisch	neg 1.0		off 0.5302510177576726 neg 0.40142812257379795 __DUMMY__ 0.06832085966852931	false	0.5
gegen			off 0.5283562924523014 neg 0.4025612887020069 __DUMMY__ 0.06908241884569165	false	0.0
scheidung	neg 1.0		off 0.5539417264020349 neg 0.37944638514633405 __DUMMY__ 0.06661188845163109	false	0.5
einschlag	neg 1.0		off 0.54247092194849 neg 0.38988273717000443 __DUMMY__ 0.06764634088150544	false	0.5
m			off 0.5313720209503927 neg 0.39999872582557966 __DUMMY__ 0.06862925322402764	false	0.0
abgestanden	neg 1.0		off 0.5284234756125671 neg 0.4039591631503171 __DUMMY__ 0.06761736123711574	false	0.5
schmierig	off 1.0		off 0.5399108561163217 neg 0.39304355509383343 __DUMMY__ 0.06704558878984475	false	1.0
unpraktisch	neg 1.0		off 0.533952730881529 neg 0.39783342389676 __DUMMY__ 0.06821384522171116	false	0.5
wixxer	off 1.0		off 0.5460960299888561 neg 0.387795708287982 __DUMMY__ 0.06610826172316198	false	1.0
bezeichnet			off 0.5327290784013456 neg 0.3989717832203218 __DUMMY__ 0.06829913837833256	false	0.0
jammerlappen	off 1.0		off 0.5360060178089651 neg 0.3963172247384652 __DUMMY__ 0.06767675745256989	false	1.0
farce	neg 1.0		off 0.530983082980553 neg 0.40096221695568646 __DUMMY__ 0.0680547000637605	false	0.5
zwecklos	neg 1.0		off 0.5295566549461187 neg 0.40206113726495574 __DUMMY__ 0.06838220778892569	false	0.5
turbulent	neg 1.0		off 0.5390707072652114 neg 0.39336564058967405 __DUMMY__ 0.06756365214511437	false	0.5
invasion	neg 1.0		off 0.5346530499191117 neg 0.397321448891201 __DUMMY__ 0.06802550118968732	false	0.5
schuld	neg 1.0		off 0.5329365322521544 neg 0.39894689448277626 __DUMMY__ 0.0681165732650692	false	0.5
risiko	neg 1.0		off 0.5340589630135371 neg 0.39792601786685566 __DUMMY__ 0.06801501911960725	false	0.5
finster	neg 1.0		off 0.5301650747234486 neg 0.40182522607510834 __DUMMY__ 0.06800969920144313	false	0.5
geisteskrank	off 1.0		off 0.537541286644476 neg 0.3951284600924007 __DUMMY__ 0.06733025326312321	false	1.0
zusammenbrechen	neg 1.0		off 0.5299211078393985 neg 0.4016842913212592 __DUMMY__ 0.06839460083934229	false	0.5
ausbeute	neg 1.0		off 0.5327088011432465 neg 0.3986973716088571 __DUMMY__ 0.06859382724789642	false	0.5
hinterhalt	neg 1.0		off 0.5314539226399818 neg 0.40011085951888636 __DUMMY__ 0.06843521784113177	false	0.5
kritik	neg 1.0		off 0.5304138614193703 neg 0.40155083062984204 __DUMMY__ 0.06803530795078767	false	0.5
einschrumpfen	neg 1.0		off 0.5356201717421424 neg 0.39684357243947344 __DUMMY__ 0.06753625581838418	false	0.5
riskant	neg 1.0		off 0.5282007865101874 neg 0.4030963098736489 __DUMMY__ 0.06870290361616374	false	0.5
frustrieren	neg 1.0		off 0.5284225900563874 neg 0.4030417401147217 __DUMMY__ 0.06853566982889091	false	0.5
groll	neg 1.0		off 0.5306127912752775 neg 0.40089607020217505 __DUMMY__ 0.06849113852254753	false	0.5
gibt			off 0.5302612450261119 neg 0.4011941243405759 __DUMMY__ 0.06854463063331212	false	0.0
qualvoll	neg 1.0		off 0.533374064834652 neg 0.39866372147244006 __DUMMY__ 0.06796221369290796	false	0.5
wackeln	neg 1.0		off 0.5323014406792721 neg 0.3993546951757677 __DUMMY__ 0.0683438641449602	false	0.5
klagen	neg 1.0		off 0.5273375223647483 neg 0.40387732229762585 __DUMMY__ 0.06878515533762589	false	0.5
bankrott	neg 1.0		off 0.5378081019103729 neg 0.3941549730884615 __DUMMY__ 0.06803692500116551	false	0.5
trauern	neg 1.0		off 0.5306279114485097 neg 0.40032806009541694 __DUMMY__ 0.06904402845607333	false	0.5
ablehnung	neg 1.0		off 0.5308164165412074 neg 0.40095195947902307 __DUMMY__ 0.06823162397976944	false	0.5
stur	neg 1.0		off 0.5323286080795281 neg 0.39964715396330575 __DUMMY__ 0.068024237957166	false	0.5
aufruhr	neg 1.0		off 0.5307521302277448 neg 0.40122763426009217 __DUMMY__ 0.06802023551216294	false	0.5
melancholie	neg 1.0		off 0.5265987875605128 neg 0.40490310309219796 __DUMMY__ 0.06849810934728918	false	0.5
ist			off 0.5334412220065322 neg 0.39847774595230556 __DUMMY__ 0.06808103204116217	false	0.0
torheit	neg 1.0		off 0.5325603110617189 neg 0.3994121850516328 __DUMMY__ 0.06802750388664826	false	0.5
dreckskind	off 1.0		off 0.5441043103688292 neg 0.3892398467387444 __DUMMY__ 0.06665584289242647	false	1.0
umtauschen	neg 1.0		off 0.5317903935933361 neg 0.3998778940034242 __DUMMY__ 0.0683317124032397	false	0.5
zum			off 0.5292263221067047 neg 0.4010176534550953 __DUMMY__ 0.06975602443820009	false	0.0
zersetzen	neg 1.0		off 0.5272690747516768 neg 0.40413993887628824 __DUMMY__ 0.06859098637203499	false	0.5
zur			off 0.5271309526772556 neg 0.4034416418381364 __DUMMY__ 0.06942740548460788	false	0.0
frust	neg 1.0		off 0.5296631838554304 neg 0.40192056261953274 __DUMMY__ 0.06841625352503672	false	0.5
unerbittlichkeit	neg 1.0		off 0.5293682541912318 neg 0.401906722523739 __DUMMY__ 0.06872502328502922	false	0.5
zwei			off 0.5265506496239156 neg 0.4040038024854454 __DUMMY__ 0.06944554789063899	false	0.0
unkorrekt	neg 1.0		off 0.5375917511564401 neg 0.3951073025562707 __DUMMY__ 0.0673009462872891	false	0.5
hexe	off 1.0		off 0.5344353278197711 neg 0.39811617284190864 __DUMMY__ 0.06744849933832044	false	1.0
lasch	neg 1.0		off 0.5352991301728144 neg 0.3969336020638934 __DUMMY__ 0.06776726776329217	false	0.5
rivale	neg 1.0		off 0.5403378394798762 neg 0.39227619571368083 __DUMMY__ 0.06738596480644286	false	0.5
mutlos	off 1.0	off 1.0	off 0.75231374794921 neg 0.21498293551508252 __DUMMY__ 0.03270331653570739	false	1.0
wirr	off 1.0		off 0.5392379469996038 neg 0.39366949161404413 __DUMMY__ 0.06709256138635214	false	1.0
jahr			off 0.5318847194841702 neg 0.39884365936531607 __DUMMY__ 0.06927162115051375	false	0.0
wird			off 0.5300311971777526 neg 0.40133873314849183 __DUMMY__ 0.06863006967375551	false	0.0
strafbar	neg 1.0		off 0.5285611963412591 neg 0.4028070710943232 __DUMMY__ 0.06863173256441785	false	0.5
erosion	neg 1.0		off 0.5330147495702235 neg 0.3986478414135074 __DUMMY__ 0.0683374090162692	false	0.5
eingehen	neg 1.0		off 0.5278012700508603 neg 0.40371173462264087 __DUMMY__ 0.06848699532649882	false	0.5
faul	off 1.0		off 0.5364570260194939 neg 0.3956447215532035 __DUMMY__ 0.06789825242730266	false	1.0
provisorium	neg 1.0		off 0.5246412016495158 neg 0.4055213468186137 __DUMMY__ 0.0698374515318706	false	0.5
schmerzen	neg 1.0		off 0.5295563007580257 neg 0.4023023122379623 __DUMMY__ 0.06814138700401177	false	0.5
schrumpfen	neg 1.0		off 0.5242130680702998 neg 0.4068163889064083 __DUMMY__ 0.06897054302329203	false	0.5
geistlos	off 1.0		off 0.5326549149065162 neg 0.39970842199786194 __DUMMY__ 0.06763666309562198	false	1.0
fehlkauf	neg 1.0		off 0.5342675195801143 neg 0.39777855024381775 __DUMMY__ 0.0679539301760679	false	0.5
frustrierend	neg 1.0		off 0.5346349156472517 neg 0.39760361670839023 __DUMMY__ 0.0677614676443581	false	0.5
unzufrieden	neg 1.0		off 0.5300178247656494 neg 0.4014873714687909 __DUMMY__ 0.0684948037655598	false	0.5
verzweifeln	neg 1.0		off 0.5312245305451024 neg 0.40038883478435433 __DUMMY__ 0.0683866346705434	false	0.5
verzweifelt	neg 1.0		off 0.5325727261036544 neg 0.3993797053791348 __DUMMY__ 0.06804756851721089	false	0.5
misstrauensantrag	neg 1.0		off 0.5336370722926158 neg 0.3983864653659247 __DUMMY__ 0.06797646234145945	false	0.5
abfallen	neg 1.0		off 0.5321192348917969 neg 0.3996618043158678 __DUMMY__ 0.06821896079233544	false	0.5
fucker	off 1.0		off 0.54011380907213 neg 0.3923647802634038 __DUMMY__ 0.06752141066446622	false	1.0
ungezogen	neg 1.0		off 0.5449526217744188 neg 0.3884981132187116 __DUMMY__ 0.06654926500686965	false	0.5
irrsinnig	neg 1.0	neg 1.0	neg 0.6834477013738737 off 0.2840386908904753 __DUMMY__ 0.03251360773565114	false	1.0
unfassbar	neg 1.0		off 0.5370966994270296 neg 0.39527588714717904 __DUMMY__ 0.06762741342579141	false	0.5
hart	neg 1.0		off 0.5363136388934051 neg 0.39632511374131846 __DUMMY__ 0.06736124736527639	false	0.5
widerlich	off 1.0		off 0.536813144883829 neg 0.39573551941674595 __DUMMY__ 0.06745133569942514	false	1.0
fatal	neg 1.0	neg 1.0	neg 0.6836939266007159 off 0.28402381899318024 __DUMMY__ 0.03228225440610389	false	1.0
bruch	neg 1.0		off 0.5263957488993076 neg 0.4046427678902687 __DUMMY__ 0.06896148321042365	false	0.5
aushungern	neg 1.0		off 0.5295915667738864 neg 0.40223171374729977 __DUMMY__ 0.06817671947881389	false	0.5
anspannung	neg 1.0		off 0.5265179659113653 neg 0.4040544526687921 __DUMMY__ 0.06942758141984266	false	0.5
von			off 0.5293964411053982 neg 0.4015487365290521 __DUMMY__ 0.06905482236554972	false	0.0
kraftlos	neg 1.0		off 0.5292695978297866 neg 0.4022443692293862 __DUMMY__ 0.06848603294082721	false	0.5
vom			off 0.5268056503540157 neg 0.40314725406951074 __DUMMY__ 0.07004709557647351	false	0.0
grenzdebil	off 1.0		off 0.5367197740802009 neg 0.395792330513994 __DUMMY__ 0.06748789540580524	false	1.0
vor			off 0.5268583745521515 neg 0.4041636489162801 __DUMMY__ 0.0689779765315686	false	0.0
unterwerfen	neg 1.0		off 0.5296910822104118 neg 0.40165521764809814 __DUMMY__ 0.06865370014149003	false	0.5
versenkung	neg 1.0		off 0.5294822388655436 neg 0.40175721578616763 __DUMMY__ 0.06876054534828877	false	0.5
entziehen	neg 1.0		off 0.5273403936858844 neg 0.4037894558260584 __DUMMY__ 0.06887015048805736	false	0.5
finanzkrise	neg 1.0		off 0.527570150104091 neg 0.40481485749027274 __DUMMY__ 0.0676149924056363	false	0.5
schimpfend	neg 1.0		off 0.534302902017541 neg 0.39731744113277867 __DUMMY__ 0.06837965684968038	false	0.5
profan	neg 1.0		off 0.5336538741010931 neg 0.39840357397466997 __DUMMY__ 0.06794255192423693	false	0.5
korruption	neg 1.0		off 0.5286689529093554 neg 0.4031716686765527 __DUMMY__ 0.06815937841409185	false	0.5
â			off 0.5302756992233834 neg 0.4011196961781563 __DUMMY__ 0.06860460459846043	false	0.0
schmutzig	neg 1.0		off 0.5370362039966033 neg 0.39545898622422787 __DUMMY__ 0.0675048097791688	false	0.5
sexy	neg 1.0		off 0.5361773605123721 neg 0.39584645063847634 __DUMMY__ 0.06797618884915152	false	0.5
abraten	neg 1.0		off 0.5343865699589015 neg 0.39745835320656336 __DUMMY__ 0.06815507683453491	false	0.5
schwarz	neg 1.0		off 0.5344315550516078 neg 0.3974896508595812 __DUMMY__ 0.0680787940888109	false	0.5
fotze	off 1.0	off 1.0	off 0.7541748214722453 neg 0.21295969718301455 __DUMMY__ 0.032865481344740086	false	1.0
verwirren	neg 1.0		off 0.5341879668867027 neg 0.39783988256153296 __DUMMY__ 0.06797215055176437	false	0.5
zahnlos	off 1.0		off 0.5302960393228211 neg 0.4013747949188304 __DUMMY__ 0.0683291657583485	false	1.0
verheeren	neg 1.0		off 0.5466859942956631 neg 0.38679060406518156 __DUMMY__ 0.06652340163915527	false	0.5
hippie	neg 1.0		off 0.5356568899716547 neg 0.3963715903582065 __DUMMY__ 0.06797151967013872	false	0.5
rammen	neg 1.0		off 0.5350078673741561 neg 0.39650564073884653 __DUMMY__ 0.06848649188699735	false	0.5
unlauter	neg 1.0		off 0.5340333950904484 neg 0.39794951412129476 __DUMMY__ 0.06801709078825668	false	0.5
unheilvoll	neg 1.0		off 0.5321697281380877 neg 0.39985572900165084 __DUMMY__ 0.06797454286026126	false	0.5
niedrig	neg 1.0		off 0.5295714018654987 neg 0.4019259960712253 __DUMMY__ 0.06850260206327609	false	0.5
explosion	neg 1.0		off 0.5359994435918686 neg 0.3959656045776562 __DUMMY__ 0.06803495183047521	false	0.5
weichei	off 1.0	off 1.0	off 0.7582236782773569 neg 0.2099636223448457 __DUMMY__ 0.03181269937779739	false	1.0
minusmensch	off 1.0		off 0.546664760726259 neg 0.3867746567625888 __DUMMY__ 0.06656058251115214	false	1.0
farblos	neg 1.0		off 0.5345878269871059 neg 0.3971325716637553 __DUMMY__ 0.06827960134913864	false	0.5
unwissend	neg 1.0	neg 1.0	neg 0.6821268128127849 off 0.28561759237702383 __DUMMY__ 0.03225559481019129	false	1.0
traurig	neg 1.0		off 0.539115977735837 neg 0.3935540985450727 __DUMMY__ 0.06732992371909038	false	0.5
senkung	neg 1.0		off 0.5318518836439894 neg 0.40065761687250434 __DUMMY__ 0.06749049948350641	false	0.5
ungleich	neg 1.0	neg 1.0	neg 0.6849522440892969 off 0.2822808724915718 __DUMMY__ 0.032766883419131185	false	1.0
heikel	neg 1.0		off 0.5281710263303071 neg 0.4031661626026402 __DUMMY__ 0.06866281106705277	false	0.5
drosselung	neg 1.0		off 0.5368608706926398 neg 0.3957385629516647 __DUMMY__ 0.06740056635569551	false	0.5
falsch	neg 1.0		off 0.5356995441723634 neg 0.39643849657403896 __DUMMY__ 0.0678619592535976	false	0.5
unzufriedenheit	neg 1.0		off 0.5273385542224654 neg 0.40407412087446004 __DUMMY__ 0.0685873249030745	false	0.5
kurz	neg 1.0		off 0.5313824136284333 neg 0.3999709438909275 __DUMMY__ 0.06864664248063922	false	0.5
unsinnig	neg 1.0		off 0.5299840154431027 neg 0.401865813471638 __DUMMY__ 0.06815017108525925	false	0.5
penner	off 1.0	off 1.0	off 0.7594086443581037 neg 0.20881781406314198 __DUMMY__ 0.03177354157875436	false	1.0
seicht	neg 1.0		off 0.5415203855073736 neg 0.3922389949489794 __DUMMY__ 0.06624061954364702	false	0.5
dummheit	off 1.0	off 1.0	off 0.7545998188773915 neg 0.21305863061116337 __DUMMY__ 0.032341550511445216	false	1.0
unerfreulich	neg 1.0		off 0.5282660403190563 neg 0.40299241031653094 __DUMMY__ 0.06874154936441261	false	0.5
motherfucker	off 1.0	off 1.0	off 0.7576766479514364 neg 0.21012821810389107 __DUMMY__ 0.0321951339446726	false	1.0
pikiert	neg 1.0		off 0.5355111043097621 neg 0.3969886760762459 __DUMMY__ 0.06750021961399194	false	0.5
wrack	neg 1.0		off 0.534886053290828 neg 0.3960199368556629 __DUMMY__ 0.06909400985350916	false	0.5
gangster	neg 1.0		off 0.5356886730607765 neg 0.3963848815605947 __DUMMY__ 0.0679264453786289	false	0.5
krank	neg 1.0		off 0.5374674457777128 neg 0.39495172534752754 __DUMMY__ 0.06758082887475979	false	0.5
reich	neg 1.0		off 0.5345596005796905 neg 0.397883047840219 __DUMMY__ 0.0675573515800903	false	0.5
gnadenlos	neg 1.0		off 0.5334797276644409 neg 0.3982650243697626 __DUMMY__ 0.06825524796579668	false	0.5
niedergeschlagen	neg 1.0		off 0.5308297237459425 neg 0.4005273332819472 __DUMMY__ 0.06864294297211032	false	0.5
terrorisieren	off 1.0	off 1.0	off 0.752086382072909 neg 0.21509967969777175 __DUMMY__ 0.03281393822931928	false	1.0
sinnlosigkeit	neg 1.0		off 0.5302019125948265 neg 0.4013858886752193 __DUMMY__ 0.06841219872995437	false	0.5
behindern	neg 1.0		off 0.5317890386602097 neg 0.39996296497049066 __DUMMY__ 0.06824799636929976	false	0.5
undemokratisch	neg 1.0		off 0.5332607107220507 neg 0.39886119372786455 __DUMMY__ 0.06787809555008467	false	0.5
wirtschaftskrise	neg 1.0		off 0.5279429065549315 neg 0.4039432002273827 __DUMMY__ 0.06811389321768586	false	0.5
neid	neg 1.0		off 0.5341367498367643 neg 0.39808698004284704 __DUMMY__ 0.0677762701203887	false	0.5
rutschen	neg 1.0		off 0.5258655159129544 neg 0.4047306843616109 __DUMMY__ 0.06940379972543477	false	0.5
rezession	neg 1.0		off 0.5356880454189017 neg 0.39760179119162886 __DUMMY__ 0.06671016338946943	false	0.5
fehlgeburt	neg 1.0		off 0.5344650374442063 neg 0.39706572534595197 __DUMMY__ 0.06846923720984174	false	0.5
charakterschwach	off 1.0		off 0.5359458550650638 neg 0.3966228268400857 __DUMMY__ 0.0674313180948505	false	1.0
isolation	neg 1.0		off 0.5371635721076795 neg 0.394761043150218 __DUMMY__ 0.06807538474210263	false	0.5
ablenkung	neg 1.0		off 0.5323347420194924 neg 0.39928554236119906 __DUMMY__ 0.06837971561930851	false	0.5
pech	neg 1.0		off 0.5352928342965846 neg 0.3969909225303412 __DUMMY__ 0.06771624317307423	false	0.5
vermeidung	neg 1.0		off 0.5371215329170238 neg 0.39536906623531565 __DUMMY__ 0.06750940084766052	false	0.5
dominieren	neg 1.0		off 0.5316271582822432 neg 0.39986160480599603 __DUMMY__ 0.06851123691176082	false	0.5
schwindlig	neg 1.0		off 0.5332472944180212 neg 0.39880408666456174 __DUMMY__ 0.06794861891741702	false	0.5
lutscher	neg 1.0		off 0.5443662484563329 neg 0.3894030388676399 __DUMMY__ 0.06623071267602736	false	0.5
pflicht	neg 1.0		off 0.5276037396189003 neg 0.40350795191752203 __DUMMY__ 0.06888830846357757	false	0.5
faschist	off 1.0		off 0.5346775297282503 neg 0.3975657994659204 __DUMMY__ 0.06775667080582927	false	1.0
verschleudern	neg 1.0		off 0.5275650468144119 neg 0.40409605039779095 __DUMMY__ 0.06833890278779717	false	0.5
wenn			off 0.535650374014832 neg 0.39665631447329447 __DUMMY__ 0.06769331151187355	false	0.0
ehebruch	neg 1.0		off 0.5283967824675965 neg 0.4032541205733016 __DUMMY__ 0.06834909695910192	false	0.5
spott	off 1.0		off 0.5300584145749694 neg 0.4013156258738512 __DUMMY__ 0.06862595955117945	false	1.0
trostlosigkeit	neg 1.0		off 0.5255280840513479 neg 0.4059001016339796 __DUMMY__ 0.06857181431467264	false	0.5
lutschen	neg 1.0		off 0.5373478174583736 neg 0.3946482639707774 __DUMMY__ 0.06800391857084902	false	0.5
undiszipliniert	neg 1.0		off 0.5381381209000812 neg 0.39452608075186146 __DUMMY__ 0.06733579834805743	false	0.5
kopfschmerz	neg 1.0		off 0.5270614811018154 neg 0.4047345758747159 __DUMMY__ 0.06820394302346874	false	0.5
unvorhergesehen	neg 1.0		off 0.5291202599831879 neg 0.4018608486713121 __DUMMY__ 0.06901889134550002	false	0.5
desinteressiert	neg 1.0		off 0.5374941541153003 neg 0.3951186741974605 __DUMMY__ 0.06738717168723908	false	0.5
armselig	off 1.0		off 0.5395059893075759 neg 0.39330130431489074 __DUMMY__ 0.06719270637753336	false	1.0
desaster	neg 1.0		off 0.5256104776777107 neg 0.40567273189643605 __DUMMY__ 0.0687167904258533	false	0.5
tod	neg 1.0		off 0.5295382311183842 neg 0.4017977355506443 __DUMMY__ 0.06866403333097149	false	0.5
herzlos	neg 1.0		off 0.5389627953239772 neg 0.39381096363181933 __DUMMY__ 0.0672262410442037	false	0.5
unwissenheit	neg 1.0		off 0.5297239710139726 neg 0.4018660004384513 __DUMMY__ 0.06841002854757598	false	0.5
widersinnig	neg 1.0		off 0.5296303755243817 neg 0.40230634694522804 __DUMMY__ 0.06806327753039028	false	0.5
bedenklich	neg 1.0		off 0.5286608640739557 neg 0.4028936784481563 __DUMMY__ 0.06844545747788808	false	0.5
beanstanden	neg 1.0		off 0.5290481370116624 neg 0.4020014304375043 __DUMMY__ 0.06895043255083319	false	0.5
panisch	neg 1.0		off 0.5347317717233862 neg 0.39704910028757434 __DUMMY__ 0.06821912798903954	false	0.5
debil	off 1.0		off 0.5244069346370885 neg 0.4059835241699698 __DUMMY__ 0.06960954119294174	false	1.0
abstrich	neg 1.0		off 0.5339119684255335 neg 0.3973494464138189 __DUMMY__ 0.06873858516064757	false	0.5
primitiv	neg 1.0		off 0.5375041294542178 neg 0.3951283455766927 __DUMMY__ 0.0673675249690896	false	0.5
abschaum	off 1.0	off 1.0	off 0.7567326636544601 neg 0.21093649511809898 __DUMMY__ 0.03233084122744097	false	1.0
provozieren	neg 1.0		off 0.5322049501297715 neg 0.3997332636327296 __DUMMY__ 0.0680617862374988	false	0.5
tot	neg 1.0		off 0.531713365529867 neg 0.39969090780143485 __DUMMY__ 0.06859572666869806	false	0.5
instabil	neg 1.0		off 0.5397027367904127 neg 0.39318461350640055 __DUMMY__ 0.06711264970318666	false	0.5
schwuchtel	off 1.0	off 1.0	off 0.7629995390919677 neg 0.20559589507488157 __DUMMY__ 0.03140456583315073	false	1.0
zerren	neg 1.0		off 0.5305604714898207 neg 0.4008095900062986 __DUMMY__ 0.06862993850388067	false	0.5
kinderficker	off 1.0		off 0.5416016290574588 neg 0.3914430383621965 __DUMMY__ 0.0669553325803448	false	1.0
gefahr	neg 1.0		off 0.5288849477366352 neg 0.40216538642092814 __DUMMY__ 0.06894966584243649	false	0.5
rabiat	neg 1.0		off 0.5303727607004178 neg 0.40143912702220325 __DUMMY__ 0.06818811227737895	false	0.5
verlangsamung	neg 1.0		off 0.54308337457318 neg 0.39016153538020387 __DUMMY__ 0.06675509004661602	false	0.5
ausgestorben	neg 1.0		off 0.5311710367141621 neg 0.40042807319189944 __DUMMY__ 0.0684008900939384	false	0.5
anklagen	neg 1.0		off 0.5303607209898097 neg 0.4013079220734587 __DUMMY__ 0.0683313569367316	false	0.5
trott	neg 1.0		off 0.5326448370747908 neg 0.3990215247489285 __DUMMY__ 0.0683336381762808	false	0.5
verminderung	neg 1.0		off 0.5367877054872674 neg 0.3957623210495192 __DUMMY__ 0.06744997346321342	false	0.5
nach			off 0.5256828269238364 neg 0.404660834732457 __DUMMY__ 0.06965633834370666	false	0.0
rost	neg 1.0		off 0.5457122101537839 neg 0.38741254557370813 __DUMMY__ 0.06687524427250792	false	0.5
destruktiv	neg 1.0		off 0.5306316805087742 neg 0.40129742816147884 __DUMMY__ 0.06807089132974678	false	0.5
unzumutbarkeit	neg 1.0		off 0.5400501049461397 neg 0.39202523562121877 __DUMMY__ 0.06792465943264167	false	0.5
labil	off 1.0	off 1.0	off 0.7562543720943241 neg 0.21140758565335194 __DUMMY__ 0.03233804225232387	false	1.0
ziemlich	neg 1.0		off 0.5375348060612707 neg 0.3947116321680604 __DUMMY__ 0.067753561770669	false	0.5
lachnummer	off 1.0		off 0.5323994494828872 neg 0.399391515660848 __DUMMY__ 0.0682090348562648	false	1.0
oder			off 0.5335832456759623 neg 0.39804232765207004 __DUMMY__ 0.06837442667196775	false	0.0
verfall	neg 1.0		off 0.5239970379808473 neg 0.40708571046008724 __DUMMY__ 0.06891725155906557	false	0.5
ausgrenzung	neg 1.0		off 0.5334272681117164 neg 0.398660858077966 __DUMMY__ 0.06791187381031766	false	0.5
unordnung	neg 1.0		off 0.5429536399402035 neg 0.38959335361438735 __DUMMY__ 0.06745300644540908	false	0.5
fehlverhalten	neg 1.0		off 0.5285211150701375 neg 0.4028491130628778 __DUMMY__ 0.06862977186698456	false	0.5
eine			off 0.5271522416668076 neg 0.40396335443483306 __DUMMY__ 0.06888440389835922	false	0.0
nille	neg 1.0		off 0.5332065919396799 neg 0.398454626080852 __DUMMY__ 0.06833878197946808	false	0.5
qual	neg 1.0		off 0.5322195201213512 neg 0.3994357325355936 __DUMMY__ 0.06834474734305518	false	0.5
verschwenden	neg 1.0		off 0.5275024166826107 neg 0.4039748557205232 __DUMMY__ 0.06852272759686591	false	0.5
riesig	neg 1.0		off 0.5312678749132934 neg 0.3998052912346959 __DUMMY__ 0.0689268338520106	false	0.5
verurteilen	neg 1.0		off 0.529688872831973 neg 0.4020013392913865 __DUMMY__ 0.0683097878766404	false	0.5
klischee	neg 1.0	neg 1.0	neg 0.6824883928034149 off 0.2851999047021985 __DUMMY__ 0.03231170249438653	false	1.0
diktatorisch	neg 1.0		off 0.5326633078786011 neg 0.3995665244905009 __DUMMY__ 0.06777016763089799	false	0.5
vorhersehbar	neg 1.0		off 0.5331232427000481 neg 0.3991840802373203 __DUMMY__ 0.06769267706263153	false	0.5
sowie			off 0.5399404399577441 neg 0.3932180619619242 __DUMMY__ 0.06684149808033168	false	0.0
stornieren	neg 1.0		off 0.5398210365611394 neg 0.3914571713988534 __DUMMY__ 0.06872179204000725	false	0.5
besteuerung	neg 1.0	neg 1.0	neg 0.6847877695953791 off 0.2829037050809879 __DUMMY__ 0.032308525323632965	false	1.0
ungeschminkt	neg 1.0		off 0.5388751645363677 neg 0.39361834358115577 __DUMMY__ 0.06750649188247661	false	0.5
kritisch	neg 1.0		off 0.5301474430030256 neg 0.4013681025822217 __DUMMY__ 0.06848445441475255	false	0.5
schlamperei	off 1.0		off 0.5294314427661505 neg 0.4019242202039441 __DUMMY__ 0.06864433702990536	false	1.0
sucht	neg 1.0	neg 1.0	neg 0.680781878605223 off 0.286427028516318 __DUMMY__ 0.03279109287845901	false	1.0
egoistisch	off 1.0	off 1.0	off 0.7591026381022076 neg 0.208915713876365 __DUMMY__ 0.031981648021427396	false	1.0
ausbeuter	off 1.0		off 0.5267789029449164 neg 0.40480804839769896 __DUMMY__ 0.06841304865738475	false	1.0
arschgeburt	off 1.0		off 0.549139010965963 neg 0.3848395832173079 __DUMMY__ 0.06602140581672915	false	1.0
schubs	neg 1.0		off 0.5290132145704164 neg 0.402564192648228 __DUMMY__ 0.06842259278135557	false	0.5
unsolide	neg 1.0		off 0.5341681384916654 neg 0.3979572599855903 __DUMMY__ 0.06787460152274434	false	0.5
beschwerde	neg 1.0		off 0.5311011329133751 neg 0.40036576152179915 __DUMMY__ 0.06853310556482572	false	0.5
stocken	neg 1.0		off 0.5302785352170238 neg 0.4010746771231922 __DUMMY__ 0.06864678765978396	false	0.5
isolieren	neg 1.0		off 0.5311326357590749 neg 0.4003431250671685 __DUMMY__ 0.06852423917375654	false	0.5
unheilbar	neg 1.0		off 0.5310216150777403 neg 0.4009007099000616 __DUMMY__ 0.06807767502219812	false	0.5
pisser	off 1.0	off 1.0	off 0.7589670636873548 neg 0.2087784659610238 __DUMMY__ 0.03225447035162134	false	1.0
löschen	neg 1.0		off 0.5332900739901154 neg 0.39843097128319277 __DUMMY__ 0.06827895472669179	false	0.5
durchfallen	neg 1.0		off 0.5297757543655808 neg 0.40175141095731143 __DUMMY__ 0.06847283467710794	false	0.5
wichser	off 1.0	off 1.0	off 0.7607250616121745 neg 0.2076913698265152 __DUMMY__ 0.03158356856131034	false	1.0
terror	neg 1.0		off 0.5360801964695191 neg 0.3958615639399475 __DUMMY__ 0.06805823959053342	false	0.5
krass	neg 1.0		off 0.5408341511266482 neg 0.3920814415450244 __DUMMY__ 0.06708440732832749	false	0.5
revolte	neg 1.0		off 0.5320676725562945 neg 0.40057560945018816 __DUMMY__ 0.06735671799351721	false	0.5
besorgt	neg 1.0		off 0.5322194919991484 neg 0.3990403089834146 __DUMMY__ 0.068740199017437	false	0.5
nachlassen	neg 1.0		off 0.530616388069891 neg 0.400675677022905 __DUMMY__ 0.06870793490720395	false	0.5
alt	neg 1.0		off 0.526297768190134 neg 0.40561999813838556 __DUMMY__ 0.06808223367148052	false	0.5
hundesohn	off 1.0	off 1.0	off 0.7616227889704339 neg 0.20655298783815854 __DUMMY__ 0.0318242231914076	false	1.0
als			off 0.5297907750886547 neg 0.4018351217730892 __DUMMY__ 0.0683741031382561	false	0.0
abschreckung	neg 1.0		off 0.527519611379273 neg 0.4038209004617872 __DUMMY__ 0.06865948815893973	false	0.5
unqualifiziert	neg 1.0		off 0.5354223140265846 neg 0.3968496372710256 __DUMMY__ 0.06772804870238973	false	0.5
abgewichst	off 1.0		off 0.5330734154908303 neg 0.3984603017695351 __DUMMY__ 0.0684662827396346	false	1.0
schwer	neg 1.0		off 0.5309794326812302 neg 0.40078433991233575 __DUMMY__ 0.06823622740643402	false	0.5
bedeutungslosigkeit	neg 1.0		off 0.5279643384016699 neg 0.4034189695900587 __DUMMY__ 0.06861669200827147	false	0.5
kapitulation	neg 1.0		off 0.5279095831347388 neg 0.4038873619172314 __DUMMY__ 0.06820305494802976	false	0.5
unscharf	neg 1.0		off 0.5310472902827422 neg 0.4014229723762765 __DUMMY__ 0.06752973734098114	false	0.5
schwinden	neg 1.0		off 0.5279716915402203 neg 0.4034586951323211 __DUMMY__ 0.06856961332745859	false	0.5
versklavung	neg 1.0	neg 1.0	neg 0.6835053686588389 off 0.284086625776712 __DUMMY__ 0.032408005564449144	false	1.0
schlecht	neg 1.0		off 0.5378875338822767 neg 0.394328882011708 __DUMMY__ 0.06778358410601525	false	0.5
verhasst	neg 1.0		off 0.5325627723273036 neg 0.3994801493553988 __DUMMY__ 0.0679570783172975	false	0.5
beschweren	neg 1.0		off 0.5344591078752382 neg 0.3973627222449483 __DUMMY__ 0.06817816987981339	false	0.5
scheiden	neg 1.0		off 0.5324317055739145 neg 0.3993116977407461 __DUMMY__ 0.06825659668533926	false	0.5
frustriert	neg 1.0		off 0.5310471150969825 neg 0.40052302227158365 __DUMMY__ 0.06842986263143384	false	0.5
schimmelig	neg 1.0		off 0.5289699321960615 neg 0.4026709474596285 __DUMMY__ 0.06835912034431008	false	0.5
fisch	neg 1.0		off 0.5248644460118309 neg 0.40667326173418367 __DUMMY__ 0.06846229225398545	false	0.5
schmuggel	neg 1.0		off 0.5286366130609718 neg 0.4023072868560024 __DUMMY__ 0.06905610008302582	false	0.5
auffallen	neg 1.0		off 0.5341688366564943 neg 0.3978048541641625 __DUMMY__ 0.06802630917934316	false	0.5
konkurrenz	neg 1.0		off 0.5292448394395278 neg 0.4018458358163789 __DUMMY__ 0.06890932474409325	false	0.5
teufelskreis	neg 1.0	neg 1.0	neg 0.6851502426088419 off 0.2823722115430334 __DUMMY__ 0.032477545848124664	false	1.0
aufschreien	neg 1.0		off 0.5335474700881234 neg 0.3986659566020171 __DUMMY__ 0.0677865733098596	false	0.5
schuldner	neg 1.0		off 0.5265357284681178 neg 0.4050742194480733 __DUMMY__ 0.06839005208380873	false	0.5
missgeburt	off 1.0	off 1.0	off 0.7618179406730295 neg 0.20613284313458366 __DUMMY__ 0.03204921619238684	false	1.0
arbeitslos	neg 1.0		off 0.5297856372003975 neg 0.4017194374942329 __DUMMY__ 0.0684949253053696	false	0.5
befallen	neg 1.0		off 0.5304259763533465 neg 0.40140590768861206 __DUMMY__ 0.0681681159580414	false	0.5
miesepetrig	off 1.0	off 1.0	off 0.7559492572317834 neg 0.2117654534921979 __DUMMY__ 0.032285289276018675	false	1.0
alarmieren	neg 1.0		off 0.5365115773578621 neg 0.3957137312060055 __DUMMY__ 0.06777469143613245	false	0.5
ungeduscht	off 1.0		off 0.535352522400962 neg 0.3969865659642216 __DUMMY__ 0.06766091163481651	false	1.0
knappheit	neg 1.0		off 0.5290187173946485 neg 0.40273623396499614 __DUMMY__ 0.06824504864035544	false	0.5
schlange	neg 1.0		off 0.533426546254129 neg 0.3982073722805721 __DUMMY__ 0.06836608146529902	false	0.5
harsch	neg 1.0		off 0.5442202605923242 neg 0.388066541412391 __DUMMY__ 0.06771319799528479	false	0.5
lang	neg 1.0		off 0.5339719969828953 neg 0.3978138193502975 __DUMMY__ 0.06821418366680716	false	0.5
ziellos	neg 1.0		off 0.5294765933698631 neg 0.40171995322016923 __DUMMY__ 0.0688034534099677	false	0.5
selbstverliebt	neg 1.0		off 0.5467360149098479 neg 0.3869121019681989 __DUMMY__ 0.06635188312195316	false	0.5
beseitigen	neg 1.0		off 0.5361362266374875 neg 0.3950312900510039 __DUMMY__ 0.06883248331150868	false	0.5
dumm	off 1.0		off 0.541846677316357 neg 0.3913623192274597 __DUMMY__ 0.06679100345618316	false	1.0
arbeitsloser	neg 1.0		off 0.5319113388881525 neg 0.39928574367259434 __DUMMY__ 0.0688029174392533	false	0.5
blitzen	neg 1.0		off 0.5353903478181717 neg 0.396811175792439 __DUMMY__ 0.06779847638938921	false	0.5
hilflos	neg 1.0		off 0.5297957548617751 neg 0.4017365992548271 __DUMMY__ 0.06846764588339771	false	0.5
eklig	off 1.0		off 0.5413341800398717 neg 0.3920756642269184 __DUMMY__ 0.06659015573320998	false	1.0
begriff			off 0.531222442762034 neg 0.4005510612392917 __DUMMY__ 0.06822649599867434	false	0.0
hungersnot	neg 1.0		off 0.5278484258801704 neg 0.4040723931775783 __DUMMY__ 0.0680791809422512	false	0.5
ungesetzlich	neg 1.0		off 0.5329945729355763 neg 0.39918216743373375 __DUMMY__ 0.0678232596306898	false	0.5
verschwendung	neg 1.0		off 0.5279702474973688 neg 0.4034112103640706 __DUMMY__ 0.06861854213856061	false	0.5
schmerzvoll	neg 1.0		off 0.5325900405208446 neg 0.39942721370272793 __DUMMY__ 0.06798274577642739	false	0.5
vorzeitig	neg 1.0		off 0.5381267974962204 neg 0.3939476963476766 __DUMMY__ 0.0679255061561031	false	0.5
unvollkommenheit	neg 1.0		off 0.5310564069573191 neg 0.40053530575503354 __DUMMY__ 0.06840828728764721	false	0.5
intervenieren	neg 1.0		off 0.5275527907240213 neg 0.404065527348497 __DUMMY__ 0.06838168192748173	false	0.5
banause	off 1.0		off 0.5410083138054763 neg 0.3928169138006723 __DUMMY__ 0.06617477239385132	false	1.0
rebell	neg 1.0		off 0.5253261240840746 neg 0.4057147187626657 __DUMMY__ 0.06895915715325968	false	0.5
unlogisch	neg 1.0		off 0.5385643660527865 neg 0.3941560757282966 __DUMMY__ 0.06727955821891683	false	0.5
leiden	neg 1.0		off 0.5293233670329036 neg 0.4016092653351334 __DUMMY__ 0.06906736763196297	false	0.5
abschaffung	neg 1.0		off 0.532177986730299 neg 0.39986291793412226 __DUMMY__ 0.06795909533557878	false	0.5
sturz	neg 1.0		off 0.5376422950971704 neg 0.3937889157826309 __DUMMY__ 0.06856878912019854	false	0.5
verkleinerung	neg 1.0		off 0.5341526584392416 neg 0.3983322929893718 __DUMMY__ 0.06751504857138647	false	0.5
schmarotzer	off 1.0		off 0.5299240256366902 neg 0.40176777504591377 __DUMMY__ 0.06830819931739603	false	1.0
bestrafung	neg 1.0	neg 1.0	neg 0.6829538730693854 off 0.28442713637126277 __DUMMY__ 0.03261899055935193	false	1.0
achtlos	neg 1.0		off 0.5311807647048465 neg 0.4003767167568038 __DUMMY__ 0.06844251853834979	false	0.5
ungeheuer	neg 1.0		off 0.5315865662460849 neg 0.40037691319824054 __DUMMY__ 0.06803652055567457	false	0.5
unaufrichtig	neg 1.0		off 0.53634359710425 neg 0.39580258571024557 __DUMMY__ 0.06785381718550444	false	0.5
groggy	neg 1.0		off 0.5362938604913451 neg 0.39560037815974214 __DUMMY__ 0.06810576134891289	false	0.5
verletzlich	neg 1.0		off 0.5341289811138537 neg 0.3985857960570287 __DUMMY__ 0.06728522282911754	false	0.5
ablehnen	neg 1.0		off 0.5300022405824721 neg 0.4014781634394857 __DUMMY__ 0.06851959597804212	false	0.5
