unsolidarisch	neg 1.0		off 0.3832746611014704 __DUMMY__ 0.3271940491578265 neg 0.289531289740703	false	0.5
nachteilig	neg 1.0		off 0.38123913039573043 __DUMMY__ 0.3319665466090261 neg 0.2867943229952434	false	0.5
skeptisch	neg 1.0		off 0.3786764894203541 __DUMMY__ 0.3312016880172203 neg 0.2901218225624255	false	0.5
schrecklich	neg 1.0		off 0.3925101640186214 __DUMMY__ 0.32441094913666946 neg 0.28307888684470905	false	0.5
schlapp	neg 1.0	neg 1.0	neg 0.6278620575810818 off 0.21479484554074788 __DUMMY__ 0.1573430968781702	false	1.0
abfall	neg 1.0		off 0.37606445369796665 __DUMMY__ 0.3332389719934504 neg 0.29069657430858303	false	0.5
widerspenstig	neg 1.0		off 0.3822652586430154 __DUMMY__ 0.3285396701087406 neg 0.2891950712482441	false	0.5
abrupt	neg 1.0		off 0.3779546658891885 __DUMMY__ 0.3309625343625192 neg 0.2910827997482922	false	0.5
unwirksam	neg 1.0		off 0.3821627347429863 __DUMMY__ 0.3263844095772206 neg 0.2914528556797932	false	0.5
angreifen	neg 1.0		off 0.37799533899071147 __DUMMY__ 0.3314014787099373 neg 0.2906031822993512	false	0.5
inkonsistent	neg 1.0		off 0.38560303184577954 __DUMMY__ 0.32687270750072156 neg 0.2875242606534989	false	0.5
abrutschen	neg 1.0		off 0.37528552878844473 __DUMMY__ 0.332906123707089 neg 0.29180834750446627	false	0.5
unsicher	neg 1.0		off 0.383683778372813 __DUMMY__ 0.3295445428900937 neg 0.2867716787370933	false	0.5
bauernkind	off 1.0	off 1.0	off 0.6875722189436709 neg 0.15732227182415592 __DUMMY__ 0.15510550923217312	false	1.0
angreifer	neg 1.0		off 0.3891295047893325 __DUMMY__ 0.32919697150228744 neg 0.2816735237083801	false	0.5
trennen	neg 1.0		off 0.3783466243067646 __DUMMY__ 0.33215292633978444 neg 0.2895004493534509	false	0.5
schmutz	neg 1.0		off 0.3907937030476417 __DUMMY__ 0.33197380255445946 neg 0.2772324943978988	false	0.5
inkonsistenz	neg 1.0		off 0.38819432684980165 __DUMMY__ 0.32630234507282146 neg 0.28550332807737683	false	0.5
erschreckend	neg 1.0		off 0.382522238799285 __DUMMY__ 0.3292151466494156 neg 0.2882626145512994	false	0.5
ertrinken	neg 1.0		off 0.37708716996461084 __DUMMY__ 0.33107005481878077 neg 0.29184277521660845	false	0.5
pickelface	off 1.0		off 0.3849670741842714 __DUMMY__ 0.3295662417666818 neg 0.2854666840490468	false	1.0
seiner			off 0.3789797851245442 __DUMMY__ 0.33186015856840423 neg 0.2891600563070514	false	0.0
lauch	neg 1.0	neg 1.0	neg 0.6302452771813661 off 0.20834879314882956 __DUMMY__ 0.16140592966980433	false	1.0
unwichtig	neg 1.0		off 0.38819148995792185 __DUMMY__ 0.32637739589347053 neg 0.2854311141486078	false	0.5
steuerhinterziehung	neg 1.0		off 0.38177201747184175 __DUMMY__ 0.3281330795286719 neg 0.2900949029994864	false	0.5
schock	neg 1.0		off 0.3819955978565541 __DUMMY__ 0.3300488801281212 neg 0.28795552201532465	false	0.5
beule	neg 1.0		off 0.3904308733071652 __DUMMY__ 0.3249770205228777 neg 0.284592106169957	false	0.5
vergelten	neg 1.0		off 0.3946295537488293 __DUMMY__ 0.3250332776537862 neg 0.28033716859738467	false	0.5
verdorbenheit	neg 1.0		off 0.38631563566582217 __DUMMY__ 0.3299779022612368 neg 0.28370646207294103	false	0.5
trauma	neg 1.0		off 0.3849052653106198 __DUMMY__ 0.3282286538779246 neg 0.2868660808114556	false	0.5
sinnlos	neg 1.0		off 0.3855956134184128 __DUMMY__ 0.3282008695544295 neg 0.2862035170271576	false	0.5
fettsack	off 1.0	off 1.0	off 0.6888230230930766 neg 0.15583270478181668 __DUMMY__ 0.15534427212510676	false	1.0
feige	off 1.0	off 1.0	off 0.6850637912274098 neg 0.15796055264350786 __DUMMY__ 0.1569756561290824	false	1.0
abdanken	neg 1.0		off 0.3833409963747235 __DUMMY__ 0.329438244039052 neg 0.2872207595862245	false	0.5
wichtigtuer	off 1.0	off 1.0	off 0.6834929185191635 neg 0.15833909768037965 __DUMMY__ 0.1581679838004569	false	1.0
misslingen	neg 1.0		off 0.38759514342274065 __DUMMY__ 0.33098580565881686 neg 0.2814190509184425	false	0.5
untreu	off 1.0		off 0.3894590927388292 __DUMMY__ 0.3257948840483822 neg 0.28474602321278863	false	1.0
missmutig	neg 1.0		off 0.38625807905520104 __DUMMY__ 0.3262926572640587 neg 0.28744926368074014	false	0.5
hurenbock	off 1.0		off 0.38409464133056515 __DUMMY__ 0.32861004111281983 neg 0.2872953175566149	false	1.0
betrunken	neg 1.0		off 0.39134697170890986 __DUMMY__ 0.3248077270370032 neg 0.2838453012540868	false	0.5
korrupt	off 1.0		off 0.38076543952142494 __DUMMY__ 0.3278296431639598 neg 0.29140491731461526	false	1.0
unmut	neg 1.0		off 0.3769586750789815 __DUMMY__ 0.33212405723284655 neg 0.290917267688172	false	0.5
hackfresse	off 1.0		off 0.3970275860739706 __DUMMY__ 0.32208265514399814 neg 0.2808897587820312	false	1.0
aufblasen	neg 1.0		off 0.38374335784289243 __DUMMY__ 0.3287640912239271 neg 0.28749255093318066	false	0.5
gewaltsam	neg 1.0		off 0.38411267488242334 __DUMMY__ 0.3300838623765595 neg 0.28580346274101703	false	0.5
unbeliebtheit	neg 1.0		off 0.3903892685791299 __DUMMY__ 0.32646704809457333 neg 0.2831436833262969	false	0.5
sturheit	neg 1.0		off 0.38285400961738736 __DUMMY__ 0.32971027007155485 neg 0.2874357203110577	false	0.5
kuh	neg 1.0		off 0.3843781402929157 __DUMMY__ 0.3245408133144428 neg 0.2910810463926415	false	0.5
erschrecken	neg 1.0		off 0.3876913465827309 __DUMMY__ 0.32723203941928697 neg 0.2850766139979821	false	0.5
opfer	neg 1.0		off 0.38046331943276024 __DUMMY__ 0.33110846840209124 neg 0.2884282121651485	false	0.5
sinken	neg 1.0		off 0.3770811215958026 __DUMMY__ 0.3313150203641372 neg 0.2916038580400604	false	0.5
stinktier	neg 1.0		off 0.39329571111948386 __DUMMY__ 0.321361147063428 neg 0.2853431418170882	false	0.5
tucke	off 1.0		off 0.3980452641556985 __DUMMY__ 0.3196681040302748 neg 0.2822866318140268	false	1.0
ein			off 0.3817618608110418 __DUMMY__ 0.32840787836486734 neg 0.289830260824091	false	0.0
abstieg	neg 1.0		off 0.38302708890494414 __DUMMY__ 0.3318392262084393 neg 0.28513368488661645	false	0.5
missverstehen	neg 1.0		off 0.38606690894039236 __DUMMY__ 0.3273256963146163 neg 0.28660739474499136	false	0.5
ergebnislos	neg 1.0		off 0.38107394068213846 __DUMMY__ 0.33203126951453205 neg 0.2868947898033295	false	0.5
unter			off 0.3727775936028634 __DUMMY__ 0.33615825948450967 neg 0.2910641469126268	false	0.0
manipulieren	neg 1.0		off 0.3794384965874639 __DUMMY__ 0.3314230921494698 neg 0.2891384112630661	false	0.5
unbewiesen	neg 1.0		off 0.38429021871458974 __DUMMY__ 0.3278918353353301 neg 0.28781794595008015	false	0.5
verschleppen	neg 1.0		off 0.3802592092429101 __DUMMY__ 0.32964234844573637 neg 0.2900984423113535	false	0.5
weib	off 1.0		off 0.3992178736426066 __DUMMY__ 0.3208855823914944 neg 0.27989654396589897	false	1.0
opposition	neg 1.0		off 0.3846403986243064 __DUMMY__ 0.32742043262762877 neg 0.2879391687480648	false	0.5
verkehrswidrig	neg 1.0		off 0.3970059333890102 __DUMMY__ 0.32656172459876087 neg 0.2764323420122289	false	0.5
inkorrekt	neg 1.0		off 0.3918109312499707 __DUMMY__ 0.3239361027755344 neg 0.28425296597449484	false	0.5
vermeiden	neg 1.0		off 0.37610325346107065 __DUMMY__ 0.33435901506291527 neg 0.28953773147601397	false	0.5
abweichung	neg 1.0		off 0.38224205253212007 __DUMMY__ 0.3310583344997783 neg 0.28669961296810165	false	0.5
alkoholisiert	neg 1.0		off 0.38238105819529067 __DUMMY__ 0.3350638005567786 neg 0.28255514124793063	false	0.5
scheiss	off 1.0	off 1.0	off 0.6860720200626895 neg 0.1572352491941106 __DUMMY__ 0.1566927307431999	false	1.0
herausforderung	neg 1.0		off 0.3813532089526288 __DUMMY__ 0.33059023414428723 neg 0.28805655690308385	false	0.5
pervers	off 1.0		off 0.4013195229505973 __DUMMY__ 0.31961584400084075 neg 0.2790646330485618	false	1.0
wackelig	neg 1.0		off 0.3813111245432902 __DUMMY__ 0.3307823324731584 neg 0.2879065429835514	false	0.5
verwickeln	neg 1.0		off 0.3851864392137514 __DUMMY__ 0.32778386415447425 neg 0.2870296966317743	false	0.5
vorwand	neg 1.0		off 0.37774339572938204 __DUMMY__ 0.3316970531115263 neg 0.2905595511590916	false	0.5
muschi	off 1.0		off 0.38431455504638207 __DUMMY__ 0.3305417265772023 neg 0.2851437183764156	false	1.0
entmutigung	neg 1.0		off 0.38442534429842823 __DUMMY__ 0.32589879997360094 neg 0.2896758557279707	false	0.5
unangemessen	neg 1.0		off 0.3821423379750409 __DUMMY__ 0.32942817359702076 neg 0.2884294884279385	false	0.5
unstetig	neg 1.0		off 0.388574401093431 __DUMMY__ 0.3277904526312512 neg 0.28363514627531783	false	0.5
entmutigen	neg 1.0		off 0.3835778088676328 __DUMMY__ 0.3277221091103354 neg 0.28870008202203173	false	0.5
schwanz	neg 1.0		off 0.3820564824689891 __DUMMY__ 0.33122903358795025 neg 0.28671448394306065	false	0.5
verbot	neg 1.0		off 0.3815634878414947 __DUMMY__ 0.32911918162575904 neg 0.2893173305327461	false	0.5
leid	neg 1.0		off 0.3940659741972762 __DUMMY__ 0.3234475312113964 neg 0.28248649459132746	false	0.5
archaisch	neg 1.0		off 0.3816338639632664 __DUMMY__ 0.3292825688531163 neg 0.2890835671836174	false	0.5
gegen			off 0.3782500480079092 __DUMMY__ 0.3328068492528346 neg 0.2889431027392561	false	0.0
scheidung	neg 1.0		off 0.40790551461676006 __DUMMY__ 0.32143162323533675 neg 0.2706628621479032	false	0.5
einschlag	neg 1.0		off 0.39471887016954976 __DUMMY__ 0.3261928022075026 neg 0.2790883276229476	false	0.5
m			off 0.38203382232103283 __DUMMY__ 0.3306947653752859 neg 0.28727141230368136	false	0.0
abgestanden	neg 1.0		off 0.38119993015393006 __DUMMY__ 0.32607833291553023 neg 0.2927217369305397	false	0.5
schmierig	off 1.0		off 0.39351396225806295 __DUMMY__ 0.3233890292444261 neg 0.28309700849751096	false	1.0
unpraktisch	neg 1.0		off 0.3853524450755987 __DUMMY__ 0.32880640632119684 neg 0.2858411486032045	false	0.5
wixxer	off 1.0		off 0.40139358067388414 __DUMMY__ 0.31905252266673156 neg 0.27955389665938435	false	1.0
bezeichnet			off 0.3840681327273606 __DUMMY__ 0.3291681007281167 neg 0.28676376654452274	false	0.0
jammerlappen	off 1.0		off 0.3884885170945671 __DUMMY__ 0.3262900057809545 neg 0.28522147712447843	false	1.0
farce	neg 1.0		off 0.3829009454185341 __DUMMY__ 0.3280502719720043 neg 0.28904878260946154	false	0.5
zwecklos	neg 1.0		off 0.3808506814138987 __DUMMY__ 0.3295474075316967 neg 0.28960191105440447	false	0.5
turbulent	neg 1.0		off 0.39159119087974414 __DUMMY__ 0.32584461647434 neg 0.282564192645916	false	0.5
invasion	neg 1.0		off 0.38644574392891434 __DUMMY__ 0.3279018958103872 neg 0.28565236026069846	false	0.5
schuld	neg 1.0		off 0.3846427863510979 __DUMMY__ 0.32831715427317787 neg 0.28704005937572435	false	0.5
risiko	neg 1.0		off 0.38589254541257695 __DUMMY__ 0.3279045742805294 neg 0.28620288030689367	false	0.5
finster	neg 1.0		off 0.38208942584341693 __DUMMY__ 0.32788469118710034 neg 0.29002588296948256	false	0.5
geisteskrank	off 1.0		off 0.39069216765275777 __DUMMY__ 0.3246829797593695 neg 0.2846248525878727	false	1.0
zusammenbrechen	neg 1.0		off 0.38116419475018826 __DUMMY__ 0.32960594485643063 neg 0.28922986039338117	false	0.5
ausbeute	neg 1.0		off 0.3833527542875786 __DUMMY__ 0.3305963958887875 neg 0.28605084982363405	false	0.5
hinterhalt	neg 1.0		off 0.38246798219011435 __DUMMY__ 0.32987604060036635 neg 0.28765597720951924	false	0.5
kritik	neg 1.0		off 0.3823983065841554 __DUMMY__ 0.3279565110440214 neg 0.2896451823718232	false	0.5
einschrumpfen	neg 1.0		off 0.38838800028015635 __DUMMY__ 0.3256530574406169 neg 0.2859589422792268	false	0.5
riskant	neg 1.0		off 0.37887391594042125 __DUMMY__ 0.33103228182698907 neg 0.2900938022325897	false	0.5
frustrieren	neg 1.0		off 0.37943733307339594 __DUMMY__ 0.33025934269787355 neg 0.29030332422873056	false	0.5
groll	neg 1.0		off 0.3816396916706346 __DUMMY__ 0.3300619336126102 neg 0.2882983747167553	false	0.5
gibt			off 0.38118483005925585 __DUMMY__ 0.3303004665743888 neg 0.2885147033663554	false	0.0
qualvoll	neg 1.0		off 0.3853341658314075 __DUMMY__ 0.3276366451546839 neg 0.2870291890139085	false	0.5
wackeln	neg 1.0		off 0.38351910930351785 __DUMMY__ 0.3293958887092149 neg 0.2870850019872674	false	0.5
klagen	neg 1.0		off 0.37788187184594146 __DUMMY__ 0.33142747676855683 neg 0.29069065138550165	false	0.5
bankrott	neg 1.0		off 0.3894228250167895 __DUMMY__ 0.3279777792908793 neg 0.2825993956923313	false	0.5
trauern	neg 1.0		off 0.38048047581894706 __DUMMY__ 0.3326513121186163 neg 0.2868682120624368	false	0.5
ablehnung	neg 1.0		off 0.3823841723355814 __DUMMY__ 0.3288642845057713 neg 0.2887515431586474	false	0.5
stur	neg 1.0		off 0.384243326944313 __DUMMY__ 0.327892645424083 neg 0.287864027631604	false	0.5
aufruhr	neg 1.0		off 0.38272244840777137 __DUMMY__ 0.3279040366272985 neg 0.2893735149649302	false	0.5
melancholie	neg 1.0		off 0.3776811790214536 __DUMMY__ 0.33013747908094787 neg 0.2921813418975984	false	0.5
ist			off 0.38518355780020197 __DUMMY__ 0.32816074710347787 neg 0.2866556950963203	false	0.0
torheit	neg 1.0		off 0.3844643526327691 __DUMMY__ 0.32793577115773004 neg 0.28759987620950084	false	0.5
dreckskind	off 1.0		off 0.3983501923782759 __DUMMY__ 0.32158661020581514 neg 0.28006319741590885	false	1.0
umtauschen	neg 1.0		off 0.38299998426277976 __DUMMY__ 0.3293663145982078 neg 0.2876337011390123	false	0.5
zum			off 0.37762733491838935 __DUMMY__ 0.33595817737695677 neg 0.28641448770465394	false	0.0
zersetzen	neg 1.0		off 0.3782179172809233 __DUMMY__ 0.33052013198453717 neg 0.2912619507345395	false	0.5
zur			off 0.3763321426151866 __DUMMY__ 0.33441284416101064 neg 0.28925501322380276	false	0.0
frust	neg 1.0		off 0.38087757089414703 __DUMMY__ 0.3297052639287573 neg 0.2894171651770955	false	0.5
unerbittlichkeit	neg 1.0		off 0.3799607940117822 __DUMMY__ 0.3311476131498497 neg 0.28889159283836807	false	0.5
zwei			off 0.3756875511655231 __DUMMY__ 0.3345102502948601 neg 0.28980219853961686	false	0.0
unkorrekt	neg 1.0		off 0.3907579603907179 __DUMMY__ 0.3245855402247943 neg 0.28465649938448795	false	0.5
hexe	off 1.0		off 0.3873693083065967 __DUMMY__ 0.32528954869789634 neg 0.287341142995507	false	1.0
lasch	neg 1.0		off 0.38763245408900493 __DUMMY__ 0.32671662614546054 neg 0.2856509197655346	false	0.5
rivale	neg 1.0		off 0.3932014417789818 __DUMMY__ 0.3249866307652201 neg 0.28181192745579814	false	0.5
mutlos	off 1.0	off 1.0	off 0.6801754119602901 neg 0.16044055899248838 __DUMMY__ 0.15938402904722163	false	1.0
wirr	off 1.0		off 0.3927574643923052 __DUMMY__ 0.32362701665146687 neg 0.28361551895622783	false	1.0
jahr			off 0.381172626521806 __DUMMY__ 0.33372877977332516 neg 0.28509859370486873	false	0.0
wird			off 0.38077197571183663 __DUMMY__ 0.3306995743840344 neg 0.2885284499041288	false	0.0
strafbar	neg 1.0		off 0.3793747881603869 __DUMMY__ 0.33071523961630334 neg 0.2899099722233099	false	0.5
erosion	neg 1.0		off 0.38421039451654193 __DUMMY__ 0.329353820415011 neg 0.28643578506844697	false	0.5
eingehen	neg 1.0		off 0.37894302974715205 __DUMMY__ 0.33003144030901344 neg 0.29102552994383446	false	0.5
faul	off 1.0		off 0.3884059637625501 __DUMMY__ 0.3273491891140713 neg 0.28424484712337844	false	1.0
provisorium	neg 1.0		off 0.3730534700287533 __DUMMY__ 0.33632193502223295 neg 0.29062459494901377	false	0.5
schmerzen	neg 1.0		off 0.38125084282854016 __DUMMY__ 0.32848210942787587 neg 0.2902670477435839	false	0.5
schrumpfen	neg 1.0		off 0.3744857605725472 __DUMMY__ 0.33229287216031655 neg 0.29322136726713627	false	0.5
geistlos	off 1.0		off 0.38537163736508856 __DUMMY__ 0.3261124117631504 neg 0.28851595087176096	false	1.0
fehlkauf	neg 1.0		off 0.3862271603015415 __DUMMY__ 0.32757839269382555 neg 0.286194447004633	false	0.5
frustrierend	neg 1.0		off 0.386989473930032 __DUMMY__ 0.3266859097861371 neg 0.28632461628383093	false	0.5
unzufrieden	neg 1.0		off 0.3810588363136593 __DUMMY__ 0.33006766917535735 neg 0.28887349451098343	false	0.5
verzweifeln	neg 1.0		off 0.38243303881294455 __DUMMY__ 0.3295702145250659 neg 0.2879967466619896	false	0.5
verzweifelt	neg 1.0		off 0.38442537684594424 __DUMMY__ 0.3279984338126509 neg 0.28757618934140494	false	0.5
misstrauensantrag	neg 1.0		off 0.3855405363321841 __DUMMY__ 0.3277043942617249 neg 0.28675506940609097	false	0.5
abfallen	neg 1.0		off 0.3835779159995267 __DUMMY__ 0.32882587002260355 neg 0.2875962139778698	false	0.5
fucker	off 1.0		off 0.3927593248396754 __DUMMY__ 0.3255612004830631 neg 0.2816794746772615	false	1.0
ungezogen	neg 1.0		off 0.3993732865072487 __DUMMY__ 0.32110264496855423 neg 0.2795240685241971	false	0.5
irrsinnig	neg 1.0	neg 1.0	neg 0.6292415204974768 off 0.21228245818613134 __DUMMY__ 0.1584760213163918	false	1.0
unfassbar	neg 1.0		off 0.38962647744485324 __DUMMY__ 0.3260686998481405 neg 0.2843048227070062	false	0.5
hart	neg 1.0		off 0.3893628654445467 __DUMMY__ 0.3248863725690481 neg 0.2857507619864052	false	0.5
widerlich	off 1.0		off 0.38972365325419633 __DUMMY__ 0.32525103937352234 neg 0.2850253073722814	false	1.0
fatal	neg 1.0	neg 1.0	neg 0.6298802226728774 off 0.2127549821511157 __DUMMY__ 0.157364795176007	false	1.0
bruch	neg 1.0		off 0.3765994239605385 __DUMMY__ 0.3322642311276655 neg 0.291136344911796	false	0.5
aushungern	neg 1.0		off 0.3813249612757598 __DUMMY__ 0.3286150989257195 neg 0.29005993979852074	false	0.5
anspannung	neg 1.0		off 0.37572787701301735 __DUMMY__ 0.3344293634092545 neg 0.28984275957772815	false	0.5
von			off 0.37923247367978896 __DUMMY__ 0.3327314474766416 neg 0.28803607884356947	false	0.0
kraftlos	neg 1.0		off 0.3803242624150519 __DUMMY__ 0.33005029137611586 neg 0.28962544620883235	false	0.5
vom			off 0.3746788198685376 __DUMMY__ 0.33731199356741426 neg 0.288009186564048	false	0.0
grenzdebil	off 1.0		off 0.38954809117289785 __DUMMY__ 0.325423834642161 neg 0.285028074184941	false	1.0
vor			off 0.3770027301015977 __DUMMY__ 0.3323101635128889 neg 0.29068710638551337	false	0.0
unterwerfen	neg 1.0		off 0.3804154735742114 __DUMMY__ 0.3308221435467114 neg 0.28876238287907713	false	0.5
versenkung	neg 1.0		off 0.3799987001671569 __DUMMY__ 0.33130417745492585 neg 0.2886971223779171	false	0.5
entziehen	neg 1.0		off 0.3777108855088039 __DUMMY__ 0.3318090614821768 neg 0.29048005300901936	false	0.5
finanzkrise	neg 1.0		off 0.3804967154580965 __DUMMY__ 0.32602176911998804 neg 0.2934815154219156	false	0.5
schimpfend	neg 1.0		off 0.3853132295642363 __DUMMY__ 0.32960645995585786 neg 0.2850803104799059	false	0.5
profan	neg 1.0		off 0.38566419046982997 __DUMMY__ 0.32753188832572727 neg 0.28680392120444276	false	0.5
korruption	neg 1.0		off 0.3804554207455796 __DUMMY__ 0.32853304204464545 neg 0.2910115372097749	false	0.5
â			off 0.3810298151461288 __DUMMY__ 0.3305822746113696 neg 0.2883879102425016	false	0.0
schmutzig	neg 1.0		off 0.3898155491840109 __DUMMY__ 0.3255061114120612 neg 0.28467833940392784	false	0.5
sexy	neg 1.0		off 0.38801512694276397 __DUMMY__ 0.327669961052228 neg 0.28431491200500797	false	0.5
abraten	neg 1.0		off 0.3859150275936752 __DUMMY__ 0.3285218113569059 neg 0.2855631610494189	false	0.5
schwarz	neg 1.0		off 0.38613113146752437 __DUMMY__ 0.32814432446670466 neg 0.285724544065771	false	0.5
fotze	off 1.0	off 1.0	off 0.6816436031579454 __DUMMY__ 0.1601768363561936 neg 0.15817956048586107	false	1.0
verwirren	neg 1.0		off 0.38612609729076913 __DUMMY__ 0.32765795371608514 neg 0.2862159489931458	false	0.5
zahnlos	off 1.0		off 0.3816794717920941 __DUMMY__ 0.3292982977305686 neg 0.28902223047733727	false	1.0
verheeren	neg 1.0		off 0.40111914531094234 __DUMMY__ 0.3209918211155278 neg 0.27788903357352984	false	0.5
hippie	neg 1.0		off 0.387534101985694 __DUMMY__ 0.3276437812164184 neg 0.2848221167978876	false	0.5
rammen	neg 1.0		off 0.3857552153568566 __DUMMY__ 0.3301225703773039 neg 0.2841222142658396	false	0.5
unlauter	neg 1.0		off 0.3858693653661518 __DUMMY__ 0.3279012363803507 neg 0.28622939825349747	false	0.5
unheilvoll	neg 1.0		off 0.3841234347465776 __DUMMY__ 0.32771308378443825 neg 0.2881634814689842	false	0.5
niedrig	neg 1.0		off 0.380541705550863 __DUMMY__ 0.33017059740533916 neg 0.28928769704379786	false	0.5
explosion	neg 1.0		off 0.3877162280118369 __DUMMY__ 0.32795472109384766 neg 0.2843290508943156	false	0.5
weichei	off 1.0	off 1.0	off 0.6879239622313572 neg 0.15694987213543915 __DUMMY__ 0.15512616563320358	false	1.0
minusmensch	off 1.0		off 0.40104310862524406 __DUMMY__ 0.32114659731070155 neg 0.27781029406405433	false	1.0
farblos	neg 1.0		off 0.3857737640517461 __DUMMY__ 0.32916750424764796 neg 0.2850587317006059	false	0.5
unwissend	neg 1.0	neg 1.0	neg 0.6283609334145268 off 0.21439627476830972 __DUMMY__ 0.15724279181716347	false	1.0
traurig	neg 1.0		off 0.3921747913754204 __DUMMY__ 0.3246971321348943 neg 0.2831280764896854	false	0.5
senkung	neg 1.0		off 0.38483555921683416 __DUMMY__ 0.32545610352750104 neg 0.2897083372556648	false	0.5
ungleich	neg 1.0	neg 1.0	neg 0.6303090255448991 off 0.2099992605565045 __DUMMY__ 0.1596917138985964	false	1.0
heikel	neg 1.0		off 0.37892839853328564 __DUMMY__ 0.33085149375307504 neg 0.29022010771363926	false	0.5
drosselung	neg 1.0		off 0.38981426047544765 __DUMMY__ 0.32505477102324065 neg 0.28513096850131175	false	0.5
falsch	neg 1.0		off 0.3877955754070729 __DUMMY__ 0.3271537789191339 neg 0.28505064567379323	false	0.5
unzufriedenheit	neg 1.0		off 0.37830105264713715 __DUMMY__ 0.33049844905954334 neg 0.2912004982933194	false	0.5
kurz	neg 1.0		off 0.38200157413890595 __DUMMY__ 0.33079660066084293 neg 0.28720182520025106	false	0.5
unsinnig	neg 1.0		off 0.3817372276961936 __DUMMY__ 0.3284731130607256 neg 0.28978965924308087	false	0.5
penner	off 1.0	off 1.0	off 0.6891978841644817 neg 0.15586752058856534 __DUMMY__ 0.1549345952469529	false	1.0
seicht	neg 1.0		off 0.39675828984858486 __DUMMY__ 0.3196506059944853 neg 0.28359110415692984	false	0.5
dummheit	off 1.0	off 1.0	off 0.683211965526218 neg 0.159137370807239 __DUMMY__ 0.15765066366654293	false	1.0
unerfreulich	neg 1.0		off 0.3788439188353809 __DUMMY__ 0.3312259182688461 neg 0.289930162895773	false	0.5
motherfucker	off 1.0	off 1.0	off 0.6865847328466542 __DUMMY__ 0.15694883564764836 neg 0.15646643150569753	false	1.0
pikiert	neg 1.0		off 0.3883695039006819 __DUMMY__ 0.3254789383471329 neg 0.28615155775218537	false	0.5
wrack	neg 1.0		off 0.38439823487384756 __DUMMY__ 0.3329408085225467 neg 0.28266095660360563	false	0.5
gangster	neg 1.0		off 0.3876518247237871 __DUMMY__ 0.32743684602498535 neg 0.28491132925122736	false	0.5
krank	neg 1.0		off 0.39004391835720503 __DUMMY__ 0.3258740182583747 neg 0.28408206338442044	false	0.5
reich	neg 1.0		off 0.38725917918968705 __DUMMY__ 0.3258231321562677 neg 0.2869176886540453	false	0.5
gnadenlos	neg 1.0		off 0.38487689422966 __DUMMY__ 0.32896048034424574 neg 0.28616262542609416	false	0.5
niedergeschlagen	neg 1.0		off 0.3814840144091202 __DUMMY__ 0.3307841008078338 neg 0.28773188478304584	false	0.5
terrorisieren	off 1.0	off 1.0	off 0.6797083922598552 neg 0.16037741922741156 __DUMMY__ 0.15991418851273326	false	1.0
sinnlosigkeit	neg 1.0		off 0.38140559756205006 __DUMMY__ 0.329690615070411 neg 0.2889037873675389	false	0.5
behindern	neg 1.0		off 0.38322363732262615 __DUMMY__ 0.3289353500875312 neg 0.2878410125898427	false	0.5
undemokratisch	neg 1.0		off 0.38546180815087083 __DUMMY__ 0.3272323585253581 neg 0.287305833323771	false	0.5
wirtschaftskrise	neg 1.0		off 0.37983862382663364 __DUMMY__ 0.3283308523360622 neg 0.2918305238373043	false	0.5
neid	neg 1.0		off 0.3864430717210462 __DUMMY__ 0.32677871479248444 neg 0.28677821348646926	false	0.5
rutschen	neg 1.0		off 0.3751175451904889 __DUMMY__ 0.33431625976322465 neg 0.2905661950462864	false	0.5
rezession	neg 1.0		off 0.3901576889015986 __DUMMY__ 0.32183824754675905 neg 0.2880040635516424	false	0.5
fehlgeburt	neg 1.0		off 0.3852674882304015 __DUMMY__ 0.3300559151581805 neg 0.284676596611418	false	0.5
charakterschwach	off 1.0		off 0.38893632258618394 __DUMMY__ 0.3251639818335084 neg 0.2858996955803076	false	1.0
isolation	neg 1.0		off 0.38873615328962957 __DUMMY__ 0.32814833900812357 neg 0.28311550770224697	false	0.5
ablenkung	neg 1.0		off 0.38349569221520696 __DUMMY__ 0.32954982971214014 neg 0.2869544780726528	false	0.5
pech	neg 1.0		off 0.3876399911343344 __DUMMY__ 0.3265228918322155 neg 0.2858371170334501	false	0.5
vermeidung	neg 1.0		off 0.389847431286867 __DUMMY__ 0.3255466521644737 neg 0.2846059165486593	false	0.5
dominieren	neg 1.0		off 0.38252455705762395 __DUMMY__ 0.33019337690614436 neg 0.28728206603623185	false	0.5
schwindlig	neg 1.0		off 0.38519725381699743 __DUMMY__ 0.3275872896584262 neg 0.2872154565245765	false	0.5
lutscher	neg 1.0		off 0.3994726255541582 __DUMMY__ 0.3196213164165047 neg 0.280906058029337	false	0.5
pflicht	neg 1.0		off 0.3779275715387587 __DUMMY__ 0.3318928852080178 neg 0.2901795432532235	false	0.5
faschist	off 1.0		off 0.3870706066917248 __DUMMY__ 0.3266768841254204 neg 0.2862525091828547	false	1.0
verschleudern	neg 1.0		off 0.3789943430914179 __DUMMY__ 0.3293819391169684 neg 0.2916237177916136	false	0.5
wenn			off 0.3881080032388467 __DUMMY__ 0.32636501234041854 neg 0.2855269844207349	false	0.0
ehebruch	neg 1.0		off 0.37980322074284806 __DUMMY__ 0.32941036673453544 neg 0.2907864125226164	false	0.5
spott	off 1.0		off 0.38083148158142033 __DUMMY__ 0.3306891709008635 neg 0.2884793475177162	false	1.0
trostlosigkeit	neg 1.0		off 0.37657018567904443 __DUMMY__ 0.3304490182425404 neg 0.29298079607841515	false	0.5
lutschen	neg 1.0		off 0.3890575663214787 __DUMMY__ 0.32784123069833554 neg 0.2831012029801858	false	0.5
undiszipliniert	neg 1.0		off 0.3912064403423686 __DUMMY__ 0.324734021190282 neg 0.2840595384673493	false	0.5
kopfschmerz	neg 1.0		off 0.3787128514285586 __DUMMY__ 0.32878574404712935 neg 0.292501404524312	false	0.5
unvorhergesehen	neg 1.0		off 0.3790078239826296 __DUMMY__ 0.33256366910575286 neg 0.28842850691161753	false	0.5
desinteressiert	neg 1.0		off 0.3905011305410136 __DUMMY__ 0.32495818363594897 neg 0.2845406858230375	false	0.5
armselig	off 1.0		off 0.3928593585148359 __DUMMY__ 0.3240486018711701 neg 0.28309203961399404	false	1.0
desaster	neg 1.0		off 0.3763679216780015 __DUMMY__ 0.3311032445114946 neg 0.2925288338105039	false	0.5
tod	neg 1.0		off 0.3801514395470079 __DUMMY__ 0.3309392923449618 neg 0.2889092681080302	false	0.5
herzlos	neg 1.0		off 0.39224982425079225 __DUMMY__ 0.3242117389401343 neg 0.2835384368090735	false	0.5
unwissenheit	neg 1.0		off 0.3809508585574408 __DUMMY__ 0.3296861535612358 neg 0.2893629878813234	false	0.5
widersinnig	neg 1.0		off 0.3815871812483203 __DUMMY__ 0.3280821101155393 neg 0.29033070863614036	false	0.5
bedenklich	neg 1.0		off 0.3798541407839487 __DUMMY__ 0.3298391173535221 neg 0.29030674186252925	false	0.5
beanstanden	neg 1.0		off 0.3791796121597483 __DUMMY__ 0.33218912707350434 neg 0.28863126076674733	false	0.5
panisch	neg 1.0		off 0.38609535273654577 __DUMMY__ 0.3288277544908069 neg 0.28507689277264736	false	0.5
debil	off 1.0		off 0.37326868037860894 __DUMMY__ 0.33528157751750615 neg 0.2914497421038849	false	1.0
abstrich	neg 1.0		off 0.38410076875211074 __DUMMY__ 0.33134108551229824 neg 0.28455814573559096	false	0.5
primitiv	neg 1.0		off 0.3905681044517972 __DUMMY__ 0.3248601139352459 neg 0.28457178161295693	false	0.5
abschaum	off 1.0	off 1.0	off 0.6853642102213069 __DUMMY__ 0.1576016032803107 neg 0.15703418649838224	false	1.0
provozieren	neg 1.0		off 0.3840532525214665 __DUMMY__ 0.3280634438464821 neg 0.2878833036320514	false	0.5
tot	neg 1.0		off 0.38235140062413786 __DUMMY__ 0.33063761787346513 neg 0.287010981502397	false	0.5
instabil	neg 1.0		off 0.3931664020580642 __DUMMY__ 0.32373042978302524 neg 0.2831031681589105	false	0.5
schwuchtel	off 1.0	off 1.0	off 0.6935718712775479 neg 0.15326343997139819 __DUMMY__ 0.15316468875105382	false	1.0
zerren	neg 1.0		off 0.38128017512873563 __DUMMY__ 0.33070325075663815 neg 0.28801657411462617	false	0.5
kinderficker	off 1.0		off 0.39535732662931705 __DUMMY__ 0.322971097488104 neg 0.2816715758825789	false	1.0
gefahr	neg 1.0		off 0.37901928269199175 __DUMMY__ 0.33220109646328194 neg 0.28877962084472636	false	0.5
rabiat	neg 1.0		off 0.3820131904116901 __DUMMY__ 0.32865791417762363 neg 0.28932889541068624	false	0.5
verlangsamung	neg 1.0		off 0.39718054051940205 __DUMMY__ 0.32206809762439453 neg 0.2807513618562033	false	0.5
ausgestorben	neg 1.0		off 0.3823423684653535 __DUMMY__ 0.32964596523234385 neg 0.2880116663023027	false	0.5
anklagen	neg 1.0		off 0.3817095457434897 __DUMMY__ 0.3293440720080292 neg 0.2889463822484812	false	0.5
trott	neg 1.0		off 0.38387556187356775 __DUMMY__ 0.3293235248871568 neg 0.28680091323927537	false	0.5
verminderung	neg 1.0		off 0.3896435771284892 __DUMMY__ 0.3252714905630262 neg 0.28508493230848464	false	0.5
nach			off 0.37442397830389385 __DUMMY__ 0.33548038826295795 neg 0.29009563343314815	false	0.0
rost	neg 1.0		off 0.39943152204955995 __DUMMY__ 0.32263828844255127 neg 0.2779301895078887	false	0.5
destruktiv	neg 1.0		off 0.382520318485804 __DUMMY__ 0.32811406629106726 neg 0.28936561522312865	false	0.5
unzumutbarkeit	neg 1.0		off 0.3918079521040367 __DUMMY__ 0.3274913042823285 neg 0.28070074361363473	false	0.5
labil	off 1.0	off 1.0	off 0.6848637189435434 __DUMMY__ 0.15763335432872322 neg 0.15750292672773342	false	1.0
ziemlich	neg 1.0		off 0.389779569785528 __DUMMY__ 0.32665995208258547 neg 0.28356047813188645	false	0.5
lachnummer	off 1.0		off 0.38395201394827405 __DUMMY__ 0.3287449383597415 neg 0.28730304769198445	false	1.0
oder			off 0.38468800868710123 __DUMMY__ 0.32953515206778644 neg 0.28577683924511244	false	0.0
verfall	neg 1.0		off 0.3743901943621769 __DUMMY__ 0.33203396781225364 neg 0.29357583782556945	false	0.5
ausgrenzung	neg 1.0		off 0.38554625921429 __DUMMY__ 0.3273930534670242 neg 0.2870606873186859	false	0.5
unordnung	neg 1.0		off 0.3955562765570407 __DUMMY__ 0.3253295056233549 neg 0.27911421781960455	false	0.5
fehlverhalten	neg 1.0		off 0.37935176818672517 __DUMMY__ 0.33069656753962134 neg 0.28995166427365354	false	0.5
eine			off 0.37747007821159445 __DUMMY__ 0.3318829045050144 neg 0.29064701728339104	false	0.0
nille	neg 1.0		off 0.38442419921523246 __DUMMY__ 0.32935835107283457 neg 0.28621744971193297	false	0.5
qual	neg 1.0		off 0.38344796294027766 __DUMMY__ 0.3293739041985126 neg 0.28717813286120975	false	0.5
verschwenden	neg 1.0		off 0.37855638945507 __DUMMY__ 0.3302106834678848 neg 0.2912329270770452	false	0.5
riesig	neg 1.0		off 0.3812761860624785 __DUMMY__ 0.3321321587995116 neg 0.28659165513801	false	0.5
verurteilen	neg 1.0		off 0.3811371507568276 __DUMMY__ 0.3292216453200649 neg 0.2896412039231076	false	0.5
klischee	neg 1.0	neg 1.0	neg 0.6286196812384437 off 0.21387329343230047 __DUMMY__ 0.15750702532925587	false	1.0
diktatorisch	neg 1.0		off 0.3851152979691783 __DUMMY__ 0.3267333599894976 neg 0.2881513420413239	false	0.5
vorhersehbar	neg 1.0		off 0.38569347668703136 __DUMMY__ 0.32636174119479094 neg 0.2879447821181778	false	0.5
sowie			off 0.3939686658530955 __DUMMY__ 0.32243913837505744 neg 0.283592195771847	false	0.0
stornieren	neg 1.0		off 0.3899403699098253 __DUMMY__ 0.33119590591212494 neg 0.2788637241780497	false	0.5
besteuerung	neg 1.0	neg 1.0	neg 0.6309268240033084 off 0.21156656361663395 __DUMMY__ 0.15750661238005775	false	1.0
ungeschminkt	neg 1.0		off 0.3915180808299369 __DUMMY__ 0.32554580319929416 neg 0.28293611597076884	false	0.5
kritisch	neg 1.0		off 0.38121695382390125 __DUMMY__ 0.3300219538511451 neg 0.28876109232495367	false	0.5
schlamperei	off 1.0		off 0.38017963999153587 __DUMMY__ 0.3307880832756462 neg 0.28903227673281795	false	1.0
sucht	neg 1.0	neg 1.0	neg 0.6261372851649314 off 0.21401956725940807 __DUMMY__ 0.15984314757566057	false	1.0
egoistisch	off 1.0	off 1.0	off 0.6884500390920739 __DUMMY__ 0.15593436430543497 neg 0.1556155966024911	false	1.0
ausbeuter	off 1.0		off 0.3781246945733898 __DUMMY__ 0.3296941855852842 neg 0.29218111984132605	false	1.0
arschgeburt	off 1.0		off 0.4045386331585476 __DUMMY__ 0.3186427545936308 neg 0.2768186122478215	false	1.0
schubs	neg 1.0		off 0.38012631133668223 __DUMMY__ 0.32980011093370476 neg 0.29007357772961295	false	0.5
unsolide	neg 1.0		off 0.3863107934756216 __DUMMY__ 0.32724125531023984 neg 0.2864479512141386	false	0.5
beschwerde	neg 1.0		off 0.3820085333051522 __DUMMY__ 0.3302768216569648 neg 0.28771464503788285	false	0.5
stocken	neg 1.0		off 0.3809758693398397 __DUMMY__ 0.33080386225103126 neg 0.2882202684091291	false	0.5
isolieren	neg 1.0		off 0.382051732808226 __DUMMY__ 0.3302468233197142 neg 0.28770144387205976	false	0.5
unheilbar	neg 1.0		off 0.38288143240160527 __DUMMY__ 0.3281605006308429 neg 0.2889580669675519	false	0.5
pisser	off 1.0	off 1.0	off 0.687719158571796 __DUMMY__ 0.15725117236023956 neg 0.15502966906796456	false	1.0
löschen	neg 1.0		off 0.38461842052778017 __DUMMY__ 0.32907549778842365 neg 0.28630608168379607	false	0.5
durchfallen	neg 1.0		off 0.38085993969093196 __DUMMY__ 0.32997520461967206 neg 0.28916485568939604	false	0.5
wichser	off 1.0	off 1.0	off 0.6909180548240836 neg 0.15505962521712977 __DUMMY__ 0.15402231995878662	false	1.0
terror	neg 1.0		off 0.38772176667954106 __DUMMY__ 0.3280745502453172 neg 0.28420368307514177	false	0.5
krass	neg 1.0		off 0.394286951194386 __DUMMY__ 0.32358512822838364 neg 0.2821279205772304	false	0.5
revolte	neg 1.0		off 0.3853796317694809 __DUMMY__ 0.32481903949858043 neg 0.2898013287319387	false	0.5
besorgt	neg 1.0		off 0.38263355325175186 __DUMMY__ 0.3312369961582936 neg 0.2861294505899545	false	0.5
nachlassen	neg 1.0		off 0.3811328517068045 __DUMMY__ 0.33110386993953367 neg 0.2877632783536619	false	0.5
alt	neg 1.0		off 0.3782094080847377 __DUMMY__ 0.328229422887036 neg 0.29356116902822627	false	0.5
hundesohn	off 1.0	off 1.0	off 0.6913095241616738 __DUMMY__ 0.15517888219295672 neg 0.1535115936453695	false	1.0
als			off 0.3810681818060311 __DUMMY__ 0.32952354636644926 neg 0.28940827182751966	false	0.0
abschreckung	neg 1.0		off 0.3783285108571149 __DUMMY__ 0.33084079225781654 neg 0.29083069688506874	false	0.5
unqualifiziert	neg 1.0		off 0.3878381531471446 __DUMMY__ 0.3265302656886183 neg 0.28563158116423715	false	0.5
abgewichst	off 1.0		off 0.38401723882454947 __DUMMY__ 0.3299526252633498 neg 0.2860301359121007	false	1.0
schwer	neg 1.0		off 0.3824993810951513 __DUMMY__ 0.3288738327805687 neg 0.28862678612428	false	0.5
bedeutungslosigkeit	neg 1.0		off 0.3788452106178851 __DUMMY__ 0.3306346648646306 neg 0.2905201245174842	false	0.5
kapitulation	neg 1.0		off 0.37964518631416105 __DUMMY__ 0.3287305028910881 neg 0.2916243107947507	false	0.5
unscharf	neg 1.0		off 0.3839154511505616 __DUMMY__ 0.3256638669230841 neg 0.2904206819263544	false	0.5
schwinden	neg 1.0		off 0.3789285586200493 __DUMMY__ 0.33044274965300535 neg 0.2906286917269453	false	0.5
versklavung	neg 1.0	neg 1.0	neg 0.6294578497911685 off 0.21256749692572174 __DUMMY__ 0.1579746532831097	false	1.0
schlecht	neg 1.0		off 0.3900661896677763 __DUMMY__ 0.3267933154239292 neg 0.2831404949082945	false	0.5
verhasst	neg 1.0		off 0.3846162201648 __DUMMY__ 0.3275822599973068 neg 0.2878015198378931	false	0.5
beschweren	neg 1.0		off 0.3859653514586937 __DUMMY__ 0.32861053595279266 neg 0.2854241125885135	false	0.5
scheiden	neg 1.0		off 0.3837760310859665 __DUMMY__ 0.3290462605774552 neg 0.2871777083365782	false	0.5
frustriert	neg 1.0		off 0.38217533659116576 __DUMMY__ 0.3297693251674573 neg 0.2880553382413768	false	0.5
schimmelig	neg 1.0		off 0.3801890822504279 __DUMMY__ 0.32952258799197964 neg 0.29028832975759267	false	0.5
fisch	neg 1.0		off 0.37601205190814163 __DUMMY__ 0.33001874283359167 neg 0.29396920525826664	false	0.5
schmuggel	neg 1.0		off 0.3785218832536216 __DUMMY__ 0.3327334233613934 neg 0.2887446933849851	false	0.5
auffallen	neg 1.0		off 0.38599428881471887 __DUMMY__ 0.3279113726515619 neg 0.28609433853371924	false	0.5
konkurrenz	neg 1.0		off 0.37945656726941 __DUMMY__ 0.33201173965340697 neg 0.288531693077183	false	0.5
teufelskreis	neg 1.0	neg 1.0	neg 0.6309904582085174 off 0.21071108607498937 __DUMMY__ 0.1582984557164932	false	1.0
aufschreien	neg 1.0		off 0.3859030336318941 __DUMMY__ 0.3267931454155619 neg 0.287303820952544	false	0.5
schuldner	neg 1.0		off 0.3779134469309029 __DUMMY__ 0.32960879238411644 neg 0.29247776068498066	false	0.5
missgeburt	off 1.0	off 1.0	off 0.6909956670385194 __DUMMY__ 0.1562702169603935 neg 0.15273411600108708	false	1.0
arbeitslos	neg 1.0		off 0.38083420522643724 __DUMMY__ 0.33006928785829986 neg 0.289096506915263	false	0.5
befallen	neg 1.0		off 0.38209855629015477 __DUMMY__ 0.32860957200175117 neg 0.2892918717080941	false	0.5
miesepetrig	off 1.0	off 1.0	off 0.6846369147171291 neg 0.15796509781319668 __DUMMY__ 0.15739798746967426	false	1.0
alarmieren	neg 1.0		off 0.38877836230901197 __DUMMY__ 0.3267696662029936 neg 0.2844519714879945	false	0.5
ungeduscht	off 1.0		off 0.3877957959192521 __DUMMY__ 0.3262653712792603 neg 0.2859388328014875	false	1.0
knappheit	neg 1.0		off 0.380587551388881 __DUMMY__ 0.3289492438924264 neg 0.29046320471869264	false	0.5
schlange	neg 1.0		off 0.3845464282826326 __DUMMY__ 0.3295014738740855 neg 0.28595209784328196	false	0.5
harsch	neg 1.0		off 0.3962520630200049 __DUMMY__ 0.3265074656929035 neg 0.2772404712870916	false	0.5
lang	neg 1.0		off 0.38541056749254854 __DUMMY__ 0.32876980911438897 neg 0.2858196233930625	false	0.5
ziellos	neg 1.0		off 0.37987300196222534 __DUMMY__ 0.3315154515543159 neg 0.2886115464834589	false	0.5
selbstverliebt	neg 1.0		off 0.4015284637811203 __DUMMY__ 0.3201717599614068 neg 0.27829977625747304	false	0.5
beseitigen	neg 1.0		off 0.3861888594841641 __DUMMY__ 0.33170034409076155 neg 0.2821107964250743	false	0.5
dumm	off 1.0		off 0.3959117656600137 __DUMMY__ 0.3222018301948519 neg 0.28188640414513444	false	1.0
arbeitsloser	neg 1.0		off 0.3822469512183412 __DUMMY__ 0.3315142760382845 neg 0.28623877274337434	false	0.5
blitzen	neg 1.0		off 0.3876329652726834 __DUMMY__ 0.32685240286411454 neg 0.285514631863202	false	0.5
hilflos	neg 1.0		off 0.3808803086458114 __DUMMY__ 0.32994898641946074 neg 0.28917070493472785	false	0.5
eklig	off 1.0		off 0.39581330204128035 __DUMMY__ 0.32128102654107626 neg 0.28290567141764345	false	1.0
begriff			off 0.3827658460769092 __DUMMY__ 0.32883474888429054 neg 0.2883994050388002	false	0.0
hungersnot	neg 1.0		off 0.37980715399926424 __DUMMY__ 0.3281851040988688 neg 0.29200774190186696	false	0.5
ungesetzlich	neg 1.0		off 0.3853352833057216 __DUMMY__ 0.3269757375609397 neg 0.2876889791333386	false	0.5
verschwendung	neg 1.0		off 0.37882827849485917 __DUMMY__ 0.33064235807030373 neg 0.29052936343483715	false	0.5
schmerzvoll	neg 1.0		off 0.384566609405774 __DUMMY__ 0.32770659217228915 neg 0.28772679842193694	false	0.5
vorzeitig	neg 1.0		off 0.38997417705806403 __DUMMY__ 0.32748733188155105 neg 0.28253849106038487	false	0.5
unvollkommenheit	neg 1.0		off 0.38217355857418345 __DUMMY__ 0.32972902845018975 neg 0.2880974129756268	false	0.5
intervenieren	neg 1.0		off 0.3789339475728931 __DUMMY__ 0.32955355662173674 neg 0.29151249580537003	false	0.5
banause	off 1.0		off 0.39635474121228864 __DUMMY__ 0.31936207287545704 neg 0.28428318591225443	false	1.0
rebell	neg 1.0		off 0.3754810163299557 __DUMMY__ 0.3322807992782327 neg 0.29223818439181154	false	0.5
unlogisch	neg 1.0		off 0.3917473267741941 __DUMMY__ 0.324464319709111 neg 0.283788353516695	false	0.5
leiden	neg 1.0		off 0.3791262553071775 __DUMMY__ 0.3327815770783174 neg 0.28809216761450523	false	0.5
abschaffung	neg 1.0		off 0.38422000860898387 __DUMMY__ 0.3276179173098927 neg 0.28816207408112343	false	0.5
sturz	neg 1.0		off 0.3881857565649973 __DUMMY__ 0.3304701036613202 neg 0.2813441397736824	false	0.5
verkleinerung	neg 1.0		off 0.38702475811294923 __DUMMY__ 0.32557208839510593 neg 0.2874031534919447	false	0.5
schmarotzer	off 1.0		off 0.3813618020940702 __DUMMY__ 0.3292082279931134 neg 0.2894299699128164	false	1.0
bestrafung	neg 1.0	neg 1.0	neg 0.6285681608433036 off 0.2124469624970086 __DUMMY__ 0.15898487665968783	false	1.0
achtlos	neg 1.0		off 0.3822560617462616 __DUMMY__ 0.3298430746031372 neg 0.2879008636506012	false	0.5
ungeheuer	neg 1.0		off 0.38344979827147496 __DUMMY__ 0.3279992556031631 neg 0.2885509461253619	false	0.5
unaufrichtig	neg 1.0		off 0.3884485428227613 __DUMMY__ 0.32713533646956905 neg 0.28441612070766964	false	0.5
groggy	neg 1.0		off 0.38789042268902924 __DUMMY__ 0.32826821216106394 neg 0.2838413651499067	false	0.5
verletzlich	neg 1.0		off 0.38745368783107953 __DUMMY__ 0.32449875111854726 neg 0.28804756105037327	false	0.5
ablehnen	neg 1.0		off 0.380999830099133 __DUMMY__ 0.3301912008720785 neg 0.28880896902878855	false	0.5
