unsolidarisch	neg 1.0		__DUMMY__ 0.4661956261027091 off 0.304071470276121 neg 0.22973290362116985	false	0.5
nachteilig	neg 1.0		__DUMMY__ 0.47280715410999646 off 0.3009624811313134 neg 0.22623036475869007	false	0.5
skeptisch	neg 1.0		__DUMMY__ 0.47172341120460537 off 0.29867363594610885 neg 0.22960295284928586	false	0.5
schrecklich	neg 1.0		__DUMMY__ 0.4623732114901303 off 0.3136246036974465 neg 0.22400218481242326	false	0.5
schlapp	neg 1.0	neg 1.0	neg 0.5984615254879548 __DUMMY__ 0.22578439545379886 off 0.17575407905824633	false	1.0
abfall	neg 1.0		__DUMMY__ 0.4745549911034546 off 0.2956604419743317 neg 0.22978456692221383	false	0.5
widerspenstig	neg 1.0		__DUMMY__ 0.4680844361570707 off 0.3027185282366502 neg 0.22919703560627916	false	0.5
abrupt	neg 1.0		__DUMMY__ 0.4714574163159344 off 0.29796621989531086 neg 0.2305763637887547	false	0.5
unwirksam	neg 1.0		__DUMMY__ 0.4651029546311391 off 0.3031263496951826 neg 0.23177069567367833	false	0.5
angreifen	neg 1.0		__DUMMY__ 0.47199512280034484 off 0.2979741623229331 neg 0.2300307148767222	false	0.5
inkonsistent	neg 1.0		__DUMMY__ 0.46579813951384447 off 0.3063238701045382 neg 0.22787799038161735	false	0.5
abrutschen	neg 1.0		__DUMMY__ 0.4740803707479373 off 0.29498424008284346 neg 0.2309353891692193	false	0.5
unsicher	neg 1.0		__DUMMY__ 0.4694409748000438 off 0.3039024998798429 neg 0.22665652532011338	false	0.5
bauernkind	off 1.0	off 1.0	off 0.6490376295541586 __DUMMY__ 0.222618878493046 neg 0.1283434919527955	false	1.0
angreifer	neg 1.0		__DUMMY__ 0.4689978652631842 off 0.3092518619916962 neg 0.22175027274511963	false	0.5
trennen	neg 1.0		__DUMMY__ 0.47305183250224414 off 0.29810863971937746 neg 0.22883952777837846	false	0.5
schmutz	neg 1.0		__DUMMY__ 0.47288945286076123 off 0.31017626028788575 neg 0.2169342868513531	false	0.5
inkonsistenz	neg 1.0		__DUMMY__ 0.4649860410210559 off 0.30901769891327696 neg 0.2259962600656673	false	0.5
erschreckend	neg 1.0		__DUMMY__ 0.4689768162951891 off 0.3028672667342389 neg 0.22815591697057203	false	0.5
ertrinken	neg 1.0		__DUMMY__ 0.4715557674408835 off 0.2971446973878201 neg 0.2312995351712963	false	0.5
pickelface	off 1.0		__DUMMY__ 0.46949249166728685 off 0.30511973245423224 neg 0.22538777587848088	false	1.0
seiner			__DUMMY__ 0.4726366664784543 off 0.2988075843592695 neg 0.22855574916227608	false	0.0
lauch	neg 1.0	neg 1.0	neg 0.6000821780136265 __DUMMY__ 0.2315482424641134 off 0.16836957952226006	false	1.0
unwichtig	neg 1.0		__DUMMY__ 0.4650733035042207 off 0.30900002247747266 neg 0.22592667401830677	false	0.5
steuerhinterziehung	neg 1.0		__DUMMY__ 0.46750825917808064 off 0.30237863447999785 neg 0.2301131063419215	false	0.5
schock	neg 1.0		__DUMMY__ 0.4701518233715785 off 0.3021295708733794 neg 0.22771860575504219	false	0.5
beule	neg 1.0		__DUMMY__ 0.4631806853325046 off 0.31143962658089214 neg 0.22537968808660322	false	0.5
vergelten	neg 1.0		__DUMMY__ 0.4632669577627176 off 0.3155333458355577 neg 0.2211996964017247	false	0.5
verdorbenheit	neg 1.0		__DUMMY__ 0.47008262484071694 off 0.3062889904790277 neg 0.22362838468025534	false	0.5
trauma	neg 1.0		__DUMMY__ 0.4676167117029924 off 0.305382827512912 neg 0.22700046078409555	false	0.5
sinnlos	neg 1.0		__DUMMY__ 0.46758654454609033 off 0.30606747800623973 neg 0.22634597744766988	false	0.5
fettsack	off 1.0	off 1.0	off 0.6502404862729266 __DUMMY__ 0.22295153829234232 neg 0.12680797543473102	false	1.0
feige	off 1.0	off 1.0	off 0.6461409633948734 __DUMMY__ 0.22524588620439212 neg 0.12861315040073448	false	1.0
abdanken	neg 1.0		__DUMMY__ 0.4693103211092515 off 0.3036102861918969 neg 0.22707939269885158	false	0.5
wichtigtuer	off 1.0	off 1.0	off 0.64429188243466 __DUMMY__ 0.2269380004306952 neg 0.12877011713464487	false	1.0
misslingen	neg 1.0		__DUMMY__ 0.4714979815339458 off 0.3073148219777792 neg 0.22118719648827506	false	0.5
untreu	off 1.0		__DUMMY__ 0.4642700437124613 off 0.3103621880459405 neg 0.2253677682415982	false	1.0
missmutig	neg 1.0		__DUMMY__ 0.46497335665838724 off 0.3071259188471547 neg 0.22790072449445797	false	0.5
hurenbock	off 1.0		__DUMMY__ 0.4682230953247631 off 0.30443169454189367 neg 0.22734521013334308	false	1.0
betrunken	neg 1.0		__DUMMY__ 0.4629276701752156 off 0.3123909741237896 neg 0.2246813557009949	false	0.5
korrupt	off 1.0		__DUMMY__ 0.4670691895216475 off 0.3014927165613048 neg 0.23143809391704756	false	1.0
unmut	neg 1.0		__DUMMY__ 0.47299722736816685 off 0.29680165325045244 neg 0.23020111938138085	false	0.5
hackfresse	off 1.0		__DUMMY__ 0.4591640255383465 off 0.31853577918072523 neg 0.22230019528092823	false	1.0
aufblasen	neg 1.0		__DUMMY__ 0.46838428556283274 off 0.30411268361363925 neg 0.22750303082352807	false	0.5
gewaltsam	neg 1.0		__DUMMY__ 0.4702225199651247 off 0.3041707218760339 neg 0.22560675815884132	false	0.5
unbeliebtheit	neg 1.0		__DUMMY__ 0.46524068215046394 off 0.3110960230955307 neg 0.22366329475400537	false	0.5
sturheit	neg 1.0		__DUMMY__ 0.469669043980689 off 0.3030821703097868 neg 0.22724878570952423	false	0.5
kuh	neg 1.0		__DUMMY__ 0.46259103655248807 off 0.3056475792602993 neg 0.23176138418721265	false	0.5
erschrecken	neg 1.0		__DUMMY__ 0.46625758965336744 off 0.3083115679121922 neg 0.2254308424344403	false	0.5
opfer	neg 1.0		__DUMMY__ 0.4716028017100862 off 0.3004257515747833 neg 0.22797144671513053	false	0.5
sinken	neg 1.0		__DUMMY__ 0.4719112475550742 off 0.29707686332223815 neg 0.23101188912268772	false	0.5
stinktier	neg 1.0		__DUMMY__ 0.4581743730089753 off 0.3150711055607998 neg 0.22675452143022481	false	0.5
tucke	off 1.0		__DUMMY__ 0.45585462727497084 off 0.32005062271576884 neg 0.2240947500092602	false	1.0
ein			__DUMMY__ 0.46790880648169964 off 0.30225307632523035 neg 0.22983811719307	false	0.0
abstieg	neg 1.0		__DUMMY__ 0.4726445405964347 off 0.3027264527646764 neg 0.2246290066388889	false	0.5
missverstehen	neg 1.0		__DUMMY__ 0.46637931607120975 off 0.3067308851410642 neg 0.226889798787726	false	0.5
ergebnislos	neg 1.0		__DUMMY__ 0.47289849562138553 off 0.30079327434986747 neg 0.2263082300287471	false	0.5
unter			__DUMMY__ 0.47858862411418557 off 0.29177781531794394 neg 0.22963356056787046	false	0.0
manipulieren	neg 1.0		__DUMMY__ 0.4720425513908362 off 0.29936751437616377 neg 0.22858993423300014	false	0.5
unbewiesen	neg 1.0		__DUMMY__ 0.4671669615150952 off 0.3048963612775098 neg 0.22793667720739508	false	0.5
verschleppen	neg 1.0		__DUMMY__ 0.4695974112972103 off 0.30056405049151563 neg 0.22983853821127423	false	0.5
weib	off 1.0		__DUMMY__ 0.45751813790943163 off 0.3209345104075882 neg 0.22154735168298026	false	1.0
opposition	neg 1.0		__DUMMY__ 0.46653928763686825 off 0.3052798277152152 neg 0.22818088464791647	false	0.5
verkehrswidrig	neg 1.0		__DUMMY__ 0.46539679554555513 off 0.31743489825448457 neg 0.21716830619996025	false	0.5
inkorrekt	neg 1.0		__DUMMY__ 0.4617138290166558 off 0.31308469908634895 neg 0.22520147189699527	false	0.5
vermeiden	neg 1.0		__DUMMY__ 0.4761173352765234 off 0.29541559841125264 neg 0.228467066312224	false	0.5
abweichung	neg 1.0		__DUMMY__ 0.47156387862155674 off 0.3021420039740803 neg 0.22629411740436292	false	0.5
alkoholisiert	neg 1.0		__DUMMY__ 0.4771641681929299 off 0.30125574586728365 neg 0.2215800859397863	false	0.5
scheiss	off 1.0	off 1.0	off 0.6471639349408119 __DUMMY__ 0.2248701993404379 neg 0.1279658657187501	false	1.0
herausforderung	neg 1.0		__DUMMY__ 0.47091266730094733 off 0.30138720958743576 neg 0.22770012311161705	false	0.5
pervers	off 1.0		__DUMMY__ 0.4557625254946958 off 0.3232661669642369 neg 0.2209713075410673	false	1.0
wackelig	neg 1.0		__DUMMY__ 0.47117650827338436 off 0.3012775110162311 neg 0.22754598071038443	false	0.5
verwickeln	neg 1.0		__DUMMY__ 0.46700955754598017 off 0.3057736566108735 neg 0.2272167858431463	false	0.5
vorwand	neg 1.0		__DUMMY__ 0.47241007966135606 off 0.29765588102021856 neg 0.2299340393184253	false	0.5
muschi	off 1.0		__DUMMY__ 0.4708376743731811 off 0.3042624501151843 neg 0.22489987551163468	false	1.0
entmutigung	neg 1.0		__DUMMY__ 0.4644228899014595 off 0.3054750178831747 neg 0.2301020922153657	false	0.5
unangemessen	neg 1.0		__DUMMY__ 0.46927558374807965 off 0.3024509918479905 neg 0.22827342440393	false	0.5
unstetig	neg 1.0		__DUMMY__ 0.46709022528481814 off 0.30898771613918025 neg 0.2239220585760016	false	0.5
entmutigen	neg 1.0		__DUMMY__ 0.4669349997728098 off 0.3042113456957573 neg 0.2288536545314328	false	0.5
schwanz	neg 1.0		__DUMMY__ 0.4718050483232353 off 0.3018864484781376 neg 0.22630850319862716	false	0.5
verbot	neg 1.0		__DUMMY__ 0.46886081125275203 off 0.3019630685724754 neg 0.22917612017477249	false	0.5
leid	neg 1.0		__DUMMY__ 0.46105171373564985 off 0.3153407416334561 neg 0.22360754463089388	false	0.5
archaisch	neg 1.0		__DUMMY__ 0.46908919782348885 off 0.30198028912973635 neg 0.2289305130467749	false	0.5
gegen			__DUMMY__ 0.47394904886525596 off 0.2978966816351284 neg 0.2281542694996156	false	0.0
scheidung	neg 1.0		__DUMMY__ 0.4583070179061279 off 0.3292415647354467 neg 0.21245141735842554	false	0.5
einschlag	neg 1.0		__DUMMY__ 0.46485800320578147 off 0.31533843537129014 neg 0.21980356142292834	false	0.5
m			__DUMMY__ 0.47102754918256545 off 0.30201417855246426 neg 0.22695827226497028	false	0.0
abgestanden	neg 1.0		__DUMMY__ 0.4647183966098893 off 0.30219497283160296 neg 0.23308663055850778	false	0.5
schmierig	off 1.0		__DUMMY__ 0.4609673965134341 off 0.3148285009122857 neg 0.2242041025742803	false	1.0
unpraktisch	neg 1.0		__DUMMY__ 0.46845363033258935 off 0.3056489948514363 neg 0.2258973748159743	false	0.5
wixxer	off 1.0		__DUMMY__ 0.45498297028525037 off 0.32346816790973004 neg 0.22154886180501945	false	1.0
bezeichnet			__DUMMY__ 0.4689188947278916 off 0.30437425479852936 neg 0.22670685047357908	false	0.0
jammerlappen	off 1.0		__DUMMY__ 0.4649502303787325 off 0.3093127731028969 neg 0.2257369965183707	false	1.0
farce	neg 1.0		__DUMMY__ 0.467386433322071 off 0.30350354758126225 neg 0.22911001909666676	false	0.5
zwecklos	neg 1.0		__DUMMY__ 0.469436342326044 off 0.3011702323973064 neg 0.22939342527664966	false	0.5
turbulent	neg 1.0		__DUMMY__ 0.46440474340142257 off 0.3123615872211469 neg 0.2232336693774306	false	0.5
invasion	neg 1.0		__DUMMY__ 0.4671734872114791 off 0.30694452792188304 neg 0.22588198486663796	false	0.5
schuld	neg 1.0		__DUMMY__ 0.4677391628249656 off 0.30512699976424523 neg 0.22713383741078916	false	0.5
risiko	neg 1.0		__DUMMY__ 0.46722140179010685 off 0.3064003232412259 neg 0.22637827496866722	false	0.5
finster	neg 1.0		__DUMMY__ 0.4672032178889663 off 0.30266166630036023 neg 0.23013511581067342	false	0.5
geisteskrank	off 1.0		__DUMMY__ 0.4627288636242416 off 0.31182910646935014 neg 0.2254420299064083	false	1.0
zusammenbrechen	neg 1.0		__DUMMY__ 0.46951806720469563 off 0.3014530525420476 neg 0.22902888025325677	false	0.5
ausbeute	neg 1.0		__DUMMY__ 0.47094889764905634 off 0.30328202986321984 neg 0.22576907248772385	false	0.5
hinterhalt	neg 1.0		__DUMMY__ 0.46996678729325553 off 0.30258390595733214 neg 0.22744930674941227	false	0.5
kritik	neg 1.0		__DUMMY__ 0.46725295303445064 off 0.3030414914404802 neg 0.22970555552506908	false	0.5
einschrumpfen	neg 1.0		__DUMMY__ 0.4640830461732449 off 0.30934601493897707 neg 0.22657093888777805	false	0.5
riskant	neg 1.0		__DUMMY__ 0.4714863833081213 off 0.29890310972214196 neg 0.22961050696973667	false	0.5
frustrieren	neg 1.0		__DUMMY__ 0.47042044623223117 off 0.29963086492097285 neg 0.22994868884679603	false	0.5
groll	neg 1.0		__DUMMY__ 0.47015627704189294 off 0.3018147392559394 neg 0.22802898370216768	false	0.5
gibt			__DUMMY__ 0.47047638157419 off 0.30131591414736947 neg 0.22820770427844067	false	0.0
qualvoll	neg 1.0		__DUMMY__ 0.4668312963515742 off 0.3059159475021649 neg 0.22725275614626095	false	0.5
wackeln	neg 1.0		__DUMMY__ 0.4692522502650059 off 0.3037547950159473 neg 0.22699295471904687	false	0.5
klagen	neg 1.0		__DUMMY__ 0.472044258602267 off 0.2978540614562391 neg 0.2301016799414939	false	0.5
bankrott	neg 1.0		__DUMMY__ 0.4673006306854901 off 0.30978832879113477 neg 0.22291104052337518	false	0.5
trauern	neg 1.0		__DUMMY__ 0.47375824411289996 off 0.30006799724420974 neg 0.22617375864289027	false	0.5
ablehnung	neg 1.0		__DUMMY__ 0.4685057027700506 off 0.3028217615756943 neg 0.2286725356542551	false	0.5
stur	neg 1.0		__DUMMY__ 0.4671556351381255 off 0.30483286047503777 neg 0.2280115043868368	false	0.5
aufruhr	neg 1.0		__DUMMY__ 0.46719622666233723 off 0.30334318273530847 neg 0.2294605906023543	false	0.5
melancholie	neg 1.0		__DUMMY__ 0.47030339715180336 off 0.29788988810982137 neg 0.23180671473837522	false	0.5
ist			__DUMMY__ 0.4675308778075166 off 0.30567398443482274 neg 0.22679513775766066	false	0.0
torheit	neg 1.0		__DUMMY__ 0.4672393173607225 off 0.30503830173355917 neg 0.22772238090571842	false	0.5
dreckskind	off 1.0		__DUMMY__ 0.45847965158884274 off 0.31993471241286264 neg 0.2215856359982946	false	1.0
umtauschen	neg 1.0		__DUMMY__ 0.4692393832277703 off 0.3032147971345834 neg 0.22754581963764625	false	0.5
zum			__DUMMY__ 0.47833211953633525 off 0.2965134947354206 neg 0.22515438572824403	false	0.0
zersetzen	neg 1.0		__DUMMY__ 0.4707845983297261 off 0.2983900903870944 neg 0.23082531128317965	false	0.5
zur			__DUMMY__ 0.476175821590669 off 0.29564495339175084 neg 0.2281792250175801	false	0.0
frust	neg 1.0		__DUMMY__ 0.46965334955220583 off 0.3011571490435637 neg 0.22918950140423042	false	0.5
unerbittlichkeit	neg 1.0		__DUMMY__ 0.47165772473302947 off 0.2999363124850586 neg 0.22840596278191194	false	0.5
zwei			__DUMMY__ 0.4763234870897078 off 0.2949601040005236 neg 0.22871640890976858	false	0.0
unkorrekt	neg 1.0		__DUMMY__ 0.46262926288525136 off 0.31187971158232747 neg 0.22549102553242117	false	0.5
hexe	off 1.0		__DUMMY__ 0.4636223740297474 off 0.3083919982774272 neg 0.2279856276928256	false	1.0
lasch	neg 1.0		__DUMMY__ 0.4655448647565281 off 0.30839120312862706 neg 0.22606393211484496	false	0.5
rivale	neg 1.0		__DUMMY__ 0.46319125013059603 off 0.3141415819497857 neg 0.22266716791961824	false	0.5
mutlos	off 1.0	off 1.0	off 0.6407078759623314 __DUMMY__ 0.22865930583473662 neg 0.13063281820293193	false	1.0
wirr	off 1.0		__DUMMY__ 0.46131017321931006 off 0.3140306449481384 neg 0.2246591818325515	false	1.0
jahr			__DUMMY__ 0.4752668666145669 off 0.30045629611006897 neg 0.2242768372753641	false	0.0
wird			__DUMMY__ 0.47103214327343307 off 0.30081133053288356 neg 0.22815652619368343	false	0.0
strafbar	neg 1.0		__DUMMY__ 0.47105991346567777 off 0.2994656560945743 neg 0.22947443043974788	false	0.5
erosion	neg 1.0		__DUMMY__ 0.4691851518109685 off 0.3044294207566593 neg 0.2263854274323722	false	0.5
eingehen	neg 1.0		__DUMMY__ 0.4701027830516705 off 0.2992063185167777 neg 0.2306908984315518	false	0.5
faul	off 1.0		__DUMMY__ 0.46644707341358466 off 0.3089409114728542 neg 0.22461201511356124	false	1.0
provisorium	neg 1.0		__DUMMY__ 0.4788230304813561 off 0.2919954614425587 neg 0.22918150807608512	false	0.5
schmerzen	neg 1.0		__DUMMY__ 0.46801590006352856 off 0.3017258930165578 neg 0.23025820691991367	false	0.5
schrumpfen	neg 1.0		__DUMMY__ 0.4732439777895453 off 0.29435381723812154 neg 0.23240220497233308	false	0.5
geistlos	off 1.0		__DUMMY__ 0.4647089429526287 off 0.30634645293190266 neg 0.2289446041154687	false	1.0
fehlkauf	neg 1.0		__DUMMY__ 0.4667342494075948 off 0.30680884158288974 neg 0.22645690900951534	false	0.5
frustrierend	neg 1.0		__DUMMY__ 0.4654992154702745 off 0.30776351021378345 neg 0.22673727431594212	false	0.5
unzufrieden	neg 1.0		__DUMMY__ 0.4701532603285686 off 0.3012509051781991 neg 0.22859583449323242	false	0.5
verzweifeln	neg 1.0		__DUMMY__ 0.46947056650040214 off 0.3026910321814868 neg 0.22783840131811117	false	0.5
verzweifelt	neg 1.0		__DUMMY__ 0.46729908479788723 off 0.30498267899946613 neg 0.2277182362026467	false	0.5
misstrauensantrag	neg 1.0		__DUMMY__ 0.46692845969077257 off 0.3060868611883039 neg 0.22698467912092368	false	0.5
abfallen	neg 1.0		__DUMMY__ 0.46847625331878257 off 0.3039229492148342 neg 0.22760079746638326	false	0.5
fucker	off 1.0		__DUMMY__ 0.4639352772762477 off 0.31362527639956 neg 0.2224394463241923	false	1.0
ungezogen	neg 1.0		__DUMMY__ 0.4578222248112432 off 0.3210275346300932 neg 0.2211502405586636	false	0.5
irrsinnig	neg 1.0	neg 1.0	neg 0.5996157772549716 __DUMMY__ 0.22737376525867237 off 0.17301045748635605	false	1.0
unfassbar	neg 1.0		__DUMMY__ 0.46465113349930265 off 0.310457811313748 neg 0.22489105518694946	false	0.5
hart	neg 1.0		__DUMMY__ 0.463065074490509 off 0.3104243878406852 neg 0.22651053766880574	false	0.5
widerlich	off 1.0		__DUMMY__ 0.46352119120328655 off 0.3107441673956334 neg 0.22573464140107993	false	1.0
fatal	neg 1.0	neg 1.0	neg 0.6004655872182805 __DUMMY__ 0.2257955152225348 off 0.17373889755918467	false	1.0
bruch	neg 1.0		__DUMMY__ 0.4732162598913627 off 0.29640683356426556 neg 0.23037690654437182	false	0.5
aushungern	neg 1.0		__DUMMY__ 0.46816451262109643 off 0.301855593051992 neg 0.22997989432691163	false	0.5
anspannung	neg 1.0		__DUMMY__ 0.4762128348754798 off 0.295043120536752 neg 0.22874404458776837	false	0.5
von			__DUMMY__ 0.47389385175733856 off 0.29880705743614183 neg 0.22729909080651964	false	0.0
kraftlos	neg 1.0		__DUMMY__ 0.4701521741007715 off 0.3005150428048162 neg 0.22933278309441213	false	0.5
vom			__DUMMY__ 0.4802072350426001 off 0.29332610859335134 neg 0.22646665636404856	false	0.0
grenzdebil	off 1.0		__DUMMY__ 0.4637633947830141 off 0.3105263307737717 neg 0.22571027444321431	false	1.0
vor			__DUMMY__ 0.4732536350035807 off 0.29678490152824244 neg 0.22996146346817678	false	0.0
unterwerfen	neg 1.0		__DUMMY__ 0.4712134823360067 off 0.30044920707475653 neg 0.22833731058923673	false	0.5
versenkung	neg 1.0		__DUMMY__ 0.4718643993687056 off 0.29994067313173073 neg 0.2281949274995637	false	0.5
entziehen	neg 1.0		__DUMMY__ 0.4725607155772623 off 0.29760268977227144 neg 0.22983659465046619	false	0.5
finanzkrise	neg 1.0		__DUMMY__ 0.4645934526604525 off 0.30161470616255465 neg 0.23379184117699287	false	0.5
schimpfend	neg 1.0		__DUMMY__ 0.46958674685365737 off 0.3053995617451007 neg 0.22501369140124183	false	0.5
profan	neg 1.0		__DUMMY__ 0.4666750421689772 off 0.30627583950580345 neg 0.2270491183252193	false	0.5
korruption	neg 1.0		__DUMMY__ 0.46805164654953185 off 0.3010168478957916 neg 0.2309315055546766	false	0.5
â			__DUMMY__ 0.47087382459586397 off 0.30106520635402334 neg 0.2280609690501126	false	0.0
schmutzig	neg 1.0		__DUMMY__ 0.46388004637711006 off 0.31076559512941593 neg 0.22535435849347404	false	0.5
sexy	neg 1.0		__DUMMY__ 0.46685069087001796 off 0.3085218984110969 neg 0.22462741071888503	false	0.5
abraten	neg 1.0		__DUMMY__ 0.46804714650961077 off 0.3062800407370588 neg 0.22567281275333037	false	0.5
schwarz	neg 1.0		__DUMMY__ 0.46750408017269834 off 0.30659006954691503 neg 0.2259058502803866	false	0.5
fotze	off 1.0	off 1.0	off 0.641953043456866 __DUMMY__ 0.229800082066279 neg 0.12824687447685498	false	1.0
verwirren	neg 1.0		__DUMMY__ 0.46683888255834266 off 0.3067031206855229 neg 0.22645799675613437	false	0.5
zahnlos	off 1.0		__DUMMY__ 0.469088839625777 off 0.3020381916095932 neg 0.22887296876462976	false	1.0
verheeren	neg 1.0		__DUMMY__ 0.4576733753317841 off 0.3227669189816423 neg 0.21955970568657368	false	0.5
hippie	neg 1.0		__DUMMY__ 0.4668098076045368 off 0.3080691136122855 neg 0.2251210787831777	false	0.5
rammen	neg 1.0		__DUMMY__ 0.47032068411056155 off 0.3056952275316559 neg 0.2239840883577826	false	0.5
unlauter	neg 1.0		__DUMMY__ 0.46720566593758345 off 0.30638356827864066 neg 0.22641076578377572	false	0.5
unheilvoll	neg 1.0		__DUMMY__ 0.4669568902224942 off 0.30470038676399924 neg 0.22834272301350664	false	0.5
niedrig	neg 1.0		__DUMMY__ 0.4703571126117663 off 0.30066600358611895 neg 0.22897688380211484	false	0.5
explosion	neg 1.0		__DUMMY__ 0.46725569332673594 off 0.3081600524558283 neg 0.22458425421743577	false	0.5
weichei	off 1.0	off 1.0	off 0.649404980387353 __DUMMY__ 0.22263497063560267 neg 0.1279600489770445	false	1.0
minusmensch	off 1.0		__DUMMY__ 0.45786914797211165 off 0.32267537275567326 neg 0.21945547927221515	false	1.0
farblos	neg 1.0		__DUMMY__ 0.46900319822235376 off 0.30592965468665384 neg 0.22506714709099251	false	0.5
unwissend	neg 1.0	neg 1.0	neg 0.5989702440660984 __DUMMY__ 0.2256294613549982 off 0.17540029457890344	false	1.0
traurig	neg 1.0		__DUMMY__ 0.46276488746960637 off 0.3132385160068024 neg 0.22399659652359127	false	0.5
senkung	neg 1.0		__DUMMY__ 0.4638252534662624 off 0.305926267643445 neg 0.2302484788902927	false	0.5
ungleich	neg 1.0	neg 1.0	neg 0.6004475463566189 __DUMMY__ 0.22909900922641543 off 0.17045344441696567	false	1.0
heikel	neg 1.0		__DUMMY__ 0.4712417764106473 off 0.29899677482328846 neg 0.22976144876606416	false	0.5
drosselung	neg 1.0		__DUMMY__ 0.4632856424214347 off 0.3108298990957473 neg 0.22588445848281796	false	0.5
falsch	neg 1.0		__DUMMY__ 0.46614959949594714 off 0.3084289629429189 neg 0.22542143756113392	false	0.5
unzufriedenheit	neg 1.0		__DUMMY__ 0.4707493186326342 off 0.29848312225482465 neg 0.23076755911254132	false	0.5
kurz	neg 1.0		__DUMMY__ 0.4711860964315692 off 0.30195350081986844 neg 0.22686040274856234	false	0.5
unsinnig	neg 1.0		__DUMMY__ 0.4679532806377795 off 0.30227491315395233 neg 0.22977180620826815	false	0.5
penner	off 1.0	off 1.0	off 0.6507286891396082 __DUMMY__ 0.22235880892316037 neg 0.1269125019372313	false	1.0
seicht	neg 1.0		__DUMMY__ 0.4557926139450241 off 0.31886368933902276 neg 0.2253436967159531	false	0.5
dummheit	off 1.0	off 1.0	off 0.6441338858158022 __DUMMY__ 0.22620295506682744 neg 0.12966315911737034	false	1.0
unerfreulich	neg 1.0		__DUMMY__ 0.47176736183040063 off 0.29881835855951877 neg 0.22941427961008054	false	0.5
motherfucker	off 1.0	off 1.0	off 0.6476590528286069 __DUMMY__ 0.2252075691722181 neg 0.12713337799917498	false	1.0
pikiert	neg 1.0		__DUMMY__ 0.46383658649422854 off 0.30937720471090474 neg 0.22678620879486677	false	0.5
wrack	neg 1.0		__DUMMY__ 0.4742137248926078 off 0.3037415666387235 neg 0.22204470846866872	false	0.5
gangster	neg 1.0		__DUMMY__ 0.4665260834583701 off 0.30822623100679014 neg 0.22524768553483973	false	0.5
krank	neg 1.0		__DUMMY__ 0.4644045670154304 off 0.3108783678118699 neg 0.22471706517269988	false	0.5
reich	neg 1.0		__DUMMY__ 0.4643805455376869 off 0.30815844494331696 neg 0.22746100951899625	false	0.5
gnadenlos	neg 1.0		__DUMMY__ 0.4686281013151221 off 0.3052050143157405 neg 0.22616688436913726	false	0.5
niedergeschlagen	neg 1.0		__DUMMY__ 0.47117119298457905 off 0.30145894393829675 neg 0.22736986307712415	false	0.5
terrorisieren	off 1.0	off 1.0	off 0.6401142030888826 __DUMMY__ 0.22941094653596722 neg 0.13047485037515022	false	1.0
sinnlosigkeit	neg 1.0		__DUMMY__ 0.46963844774183383 off 0.3016724182087383 neg 0.2286891340494278	false	0.5
behindern	neg 1.0		__DUMMY__ 0.4686039752547866 off 0.3035736122190176 neg 0.22782241252619578	false	0.5
undemokratisch	neg 1.0		__DUMMY__ 0.46625705676285856 off 0.30618068442328533 neg 0.22756225881385617	false	0.5
wirtschaftskrise	neg 1.0		__DUMMY__ 0.46777983879314594 off 0.30045523516547534 neg 0.23176492604137858	false	0.5
neid	neg 1.0		__DUMMY__ 0.46565217469186393 off 0.3071811122496727 neg 0.2271667130584634	false	0.5
rutschen	neg 1.0		__DUMMY__ 0.47605650234921765 off 0.294452999807599 neg 0.22949049784318323	false	0.5
rezession	neg 1.0		__DUMMY__ 0.4588240548101563 off 0.31193968548692874 neg 0.22923625970291506	false	0.5
fehlgeburt	neg 1.0		__DUMMY__ 0.4702367214651148 off 0.3052367761589479 neg 0.2245265023759373	false	0.5
charakterschwach	off 1.0		__DUMMY__ 0.46340432465237674 off 0.3100043727840554 neg 0.22659130256356788	false	1.0
isolation	neg 1.0		__DUMMY__ 0.46752881515082045 off 0.30909290573799775 neg 0.22337827911118174	false	0.5
ablenkung	neg 1.0		__DUMMY__ 0.4694546737429093 off 0.3037107696736747 neg 0.22683455658341595	false	0.5
pech	neg 1.0		__DUMMY__ 0.4653197024246337 off 0.30837059187056737 neg 0.22630970570479894	false	0.5
vermeidung	neg 1.0		__DUMMY__ 0.4639535635037615 off 0.31075568762801714 neg 0.2252907488682212	false	0.5
dominieren	neg 1.0		__DUMMY__ 0.47037069861009206 off 0.3026048536166875 neg 0.22702444777322056	false	0.5
schwindlig	neg 1.0		__DUMMY__ 0.4667807005480025 off 0.30575907138997793 neg 0.22746022806201963	false	0.5
lutscher	neg 1.0		__DUMMY__ 0.455769973164158 off 0.3214699136760713 neg 0.2227601131597707	false	0.5
pflicht	neg 1.0		__DUMMY__ 0.4726750692660633 off 0.29779504729955325 neg 0.2295298834343834	false	0.5
faschist	off 1.0		__DUMMY__ 0.4654966860149147 off 0.3078650354084029 neg 0.2266382785766825	false	1.0
verschleudern	neg 1.0		__DUMMY__ 0.4692384140282086 off 0.2993820809083964 neg 0.23137950506339494	false	0.5
wenn			__DUMMY__ 0.465051778580762 off 0.30892379655230745 neg 0.22602442486693053	false	0.0
ehebruch	neg 1.0		__DUMMY__ 0.46926087537270295 off 0.3001836679076143 neg 0.23055545671968275	false	0.5
spott	off 1.0		__DUMMY__ 0.47102463292858643 off 0.30088842328272686 neg 0.22808694378868669	false	1.0
trostlosigkeit	neg 1.0		__DUMMY__ 0.4707011088409403 off 0.2967972011710759 neg 0.23250168998798376	false	0.5
lutschen	neg 1.0		__DUMMY__ 0.46712588717420434 off 0.30947029035106105 neg 0.22340382247473464	false	0.5
undiszipliniert	neg 1.0		__DUMMY__ 0.46282443391459854 off 0.31227801182793125 neg 0.22489755425747035	false	0.5
kopfschmerz	neg 1.0		__DUMMY__ 0.4684463310851667 off 0.2991860290025284 neg 0.23236763991230497	false	0.5
unvorhergesehen	neg 1.0		__DUMMY__ 0.473666344951755 off 0.29860117716208195 neg 0.22773247788616305	false	0.5
desinteressiert	neg 1.0		__DUMMY__ 0.46312150924761025 off 0.31155794533755693 neg 0.2253205454148329	false	0.5
armselig	off 1.0		__DUMMY__ 0.46185583442313766 off 0.31407281854771935 neg 0.22407134702914305	false	1.0
desaster	neg 1.0		__DUMMY__ 0.4715879351687978 off 0.2964656312084445 neg 0.2319464336227577	false	0.5
tod	neg 1.0		__DUMMY__ 0.4714384814481473 off 0.3000896709734651 neg 0.22847184757838743	false	0.5
herzlos	neg 1.0		__DUMMY__ 0.4620894064748588 off 0.3134296798306291 neg 0.22448091369451217	false	0.5
unwissenheit	neg 1.0		__DUMMY__ 0.46963762220686206 off 0.30123148849733333 neg 0.22913088929580447	false	0.5
widersinnig	neg 1.0		__DUMMY__ 0.46742260192083124 off 0.3022261256845226 neg 0.23035127239464614	false	0.5
bedenklich	neg 1.0		__DUMMY__ 0.4698383435662444 off 0.3001329171495676 neg 0.23002873928418802	false	0.5
beanstanden	neg 1.0		__DUMMY__ 0.4730924669881973 off 0.29893410051088176 neg 0.22797343250092095	false	0.5
panisch	neg 1.0		__DUMMY__ 0.4684794953513301 off 0.30636908455187534 neg 0.22515142009679456	false	0.5
debil	off 1.0		__DUMMY__ 0.47740185146148106 off 0.2924191393254647 neg 0.2301790092130543	false	1.0
abstrich	neg 1.0		__DUMMY__ 0.47205246999712974 off 0.3037444787432576 neg 0.22420305125961254	false	0.5
primitiv	neg 1.0		__DUMMY__ 0.46297855073888183 off 0.31165883057594834 neg 0.22536261868516974	false	0.5
abschaum	off 1.0	off 1.0	off 0.6462944467273226 __DUMMY__ 0.22613600272981163 neg 0.12756955054286576	false	1.0
provozieren	neg 1.0		__DUMMY__ 0.46738851904796674 off 0.30461404438504713 neg 0.22799743656698598	false	0.5
tot	neg 1.0		__DUMMY__ 0.47103752166112295 off 0.30226707419862114 neg 0.22669540414025585	false	0.5
instabil	neg 1.0		__DUMMY__ 0.46146058528561007 off 0.31440621709415534 neg 0.22413319762023465	false	0.5
schwuchtel	off 1.0	off 1.0	off 0.6555143109390168 __DUMMY__ 0.21984693985951412 neg 0.12463874920146908	false	1.0
zerren	neg 1.0		__DUMMY__ 0.47104121141086747 off 0.30130228558553296 neg 0.22765650300359966	false	0.5
kinderficker	off 1.0		__DUMMY__ 0.4603873429215899 off 0.31673655119962346 neg 0.22287610587878667	false	1.0
gefahr	neg 1.0		__DUMMY__ 0.4731225000788158 off 0.29877087073476416 neg 0.22810662918642002	false	0.5
rabiat	neg 1.0		__DUMMY__ 0.4682159459806768 off 0.3024856490690091 neg 0.22929840495031412	false	0.5
verlangsamung	neg 1.0		__DUMMY__ 0.45916196949726523 off 0.3187008205605482 neg 0.22213720994218653	false	0.5
ausgestorben	neg 1.0		__DUMMY__ 0.46958449535836067 off 0.3025772079242819 neg 0.2278382967173575	false	0.5
anklagen	neg 1.0		__DUMMY__ 0.46918493030062125 off 0.3020328014579503 neg 0.22878226824142833	false	0.5
trott	neg 1.0		__DUMMY__ 0.46913213167279255 off 0.3041221062750959 neg 0.22674576205211158	false	0.5
verminderung	neg 1.0		__DUMMY__ 0.4635744022935663 off 0.3106167247990879 neg 0.22580887290734575	false	0.5
nach			__DUMMY__ 0.4776579408904193 off 0.293515691564023 neg 0.22882636754555757	false	0.0
rost	neg 1.0		__DUMMY__ 0.4599631443328178 off 0.3207302292360421 neg 0.21930662643114018	false	0.5
destruktiv	neg 1.0		__DUMMY__ 0.4674656641479685 off 0.30311332906754934 neg 0.22942100678448213	false	0.5
unzumutbarkeit	neg 1.0		__DUMMY__ 0.46665891361812484 off 0.3122089992130659 neg 0.22113208716880928	false	0.5
labil	off 1.0	off 1.0	off 0.6457824131683036 __DUMMY__ 0.22617772725417346 neg 0.12803985957752287	false	1.0
ziemlich	neg 1.0		__DUMMY__ 0.46547539345842925 off 0.3104634333510328 neg 0.22406117319053787	false	0.5
lachnummer	off 1.0		__DUMMY__ 0.46832713913326457 off 0.30437146956159306 neg 0.22730139130514235	false	1.0
oder			__DUMMY__ 0.4694444071030155 off 0.30485557464789004 neg 0.22570001824909447	false	0.0
verfall	neg 1.0		__DUMMY__ 0.47287685006779323 off 0.2943225814722268 neg 0.23280056845997987	false	0.5
ausgrenzung	neg 1.0		__DUMMY__ 0.4664839635163343 off 0.306220288920795 neg 0.22729574756287058	false	0.5
unordnung	neg 1.0		__DUMMY__ 0.4636918915028151 off 0.316329034782857 neg 0.2199790737143279	false	0.5
fehlverhalten	neg 1.0		__DUMMY__ 0.47102455133384225 off 0.29945746739895635 neg 0.22951798126720155	false	0.5
eine			__DUMMY__ 0.4726698226913631 off 0.2973295428310262 neg 0.2300006344776106	false	0.0
nille	neg 1.0		__DUMMY__ 0.46918686100255996 off 0.3046604750997982 neg 0.22615266389764174	false	0.5
qual	neg 1.0		__DUMMY__ 0.469200521045979 off 0.30369895721127876 neg 0.22710052174274226	false	0.5
verschwenden	neg 1.0		__DUMMY__ 0.4703643671443086 off 0.2987693146442062 neg 0.23086631821148518	false	0.5
riesig	neg 1.0		__DUMMY__ 0.47306680436066767 off 0.3009102378376934 neg 0.2260229578016389	false	0.5
verurteilen	neg 1.0		__DUMMY__ 0.46899491507696905 off 0.30152910069618993 neg 0.229475984226841	false	0.5
klischee	neg 1.0	neg 1.0	neg 0.5991741024610765 __DUMMY__ 0.22599856799569934 off 0.17482732954322425	false	1.0
diktatorisch	neg 1.0		__DUMMY__ 0.4655683262299509 off 0.3059630377498434 neg 0.22846863602020567	false	0.5
vorhersehbar	neg 1.0		__DUMMY__ 0.4650451381833798 off 0.3065929293633791 neg 0.22836193245324113	false	0.5
sowie			__DUMMY__ 0.4596492283872833 off 0.3154933895194035 neg 0.2248573820933131	false	0.0
stornieren	neg 1.0		__DUMMY__ 0.4717841565025494 off 0.3095434369409516 neg 0.21867240655649908	false	0.5
besteuerung	neg 1.0	neg 1.0	neg 0.6014812469869346 __DUMMY__ 0.22601319164285896 off 0.17250556137020645	false	1.0
ungeschminkt	neg 1.0		__DUMMY__ 0.4639678501428531 off 0.31235719650289895 neg 0.2236749533542479	false	0.5
kritisch	neg 1.0		__DUMMY__ 0.4700920590855793 off 0.30142318031257387 neg 0.22848476060184705	false	0.5
schlamperei	off 1.0		__DUMMY__ 0.4711730616680973 off 0.30022435851593987 neg 0.22860257981596283	false	1.0
sucht	neg 1.0	neg 1.0	neg 0.5962714242644424 __DUMMY__ 0.22935143298533847 off 0.17437714275021918	false	1.0
egoistisch	off 1.0	off 1.0	off 0.6497476909564359 __DUMMY__ 0.2237791500565298 neg 0.12647315898703423	false	1.0
ausbeuter	off 1.0		__DUMMY__ 0.46964146862225165 off 0.2984980009549508 neg 0.23186053042279745	false	1.0
arschgeburt	off 1.0		__DUMMY__ 0.45440674664672237 off 0.3266451258104386 neg 0.21894812754283896	false	1.0
schubs	neg 1.0		__DUMMY__ 0.4698504613518168 off 0.30031391589680906 neg 0.229835622751374	false	0.5
unsolide	neg 1.0		__DUMMY__ 0.46629177109213377 off 0.30697760065102175 neg 0.2267306282568443	false	0.5
beschwerde	neg 1.0		__DUMMY__ 0.4704706348319461 off 0.30211150799431175 neg 0.22741785717374222	false	0.5
stocken	neg 1.0		__DUMMY__ 0.471198883096913 off 0.3009834798323398 neg 0.22781763707074723	false	0.5
isolieren	neg 1.0		__DUMMY__ 0.4704398481751202 off 0.3021549523348277 neg 0.22740519949005208	false	0.5
unheilbar	neg 1.0		__DUMMY__ 0.46754167887702774 off 0.30345272482204605 neg 0.2290055963009261	false	0.5
pisser	off 1.0	off 1.0	off 0.6486977345357187 __DUMMY__ 0.2256548194920497 neg 0.1256474459722316	false	1.0
löschen	neg 1.0		__DUMMY__ 0.4687935035765035 off 0.3049065981723451 neg 0.22629989825115138	false	0.5
durchfallen	neg 1.0		__DUMMY__ 0.4700344421715559 off 0.30106961113423586 neg 0.22889594669420835	false	0.5
wichser	off 1.0	off 1.0	off 0.6526614735206479 __DUMMY__ 0.22106337926882438 neg 0.12627514721052768	false	1.0
terror	neg 1.0		__DUMMY__ 0.4674319944329342 off 0.308119442989308 neg 0.2244485625777578	false	0.5
krass	neg 1.0		__DUMMY__ 0.46125446648628254 off 0.31550553084509836 neg 0.22324000266861913	false	0.5
revolte	neg 1.0		__DUMMY__ 0.4629244509626261 off 0.30664863315892277 neg 0.23042691587845118	false	0.5
besorgt	neg 1.0		__DUMMY__ 0.4717980950614582 off 0.3024803327057759 neg 0.2257215722327658	false	0.5
nachlassen	neg 1.0		__DUMMY__ 0.47162978784304793 off 0.3010340809793057 neg 0.2273361311776463	false	0.5
alt	neg 1.0		__DUMMY__ 0.4676859249051286 off 0.298808825384968 neg 0.23350524970990344	false	0.5
hundesohn	off 1.0	off 1.0	off 0.6527876249742716 __DUMMY__ 0.22270515082909198 neg 0.12450722419663636	false	1.0
als			__DUMMY__ 0.4694155240534643 off 0.3013680180889161 neg 0.22921645785761946	false	0.0
abschreckung	neg 1.0		__DUMMY__ 0.47122934170362357 off 0.298431785166501 neg 0.23033887312987558	false	0.5
unqualifiziert	neg 1.0		__DUMMY__ 0.46528208069742366 off 0.3086392450722101 neg 0.2260786742303662	false	0.5
abgewichst	off 1.0		__DUMMY__ 0.4700130017546256 off 0.3041161271220162 neg 0.22587087112335807	false	1.0
schwer	neg 1.0		__DUMMY__ 0.4685085096478899 off 0.30290980484453106 neg 0.22858168550757899	false	0.5
bedeutungslosigkeit	neg 1.0		__DUMMY__ 0.47093796197019194 off 0.2989816942067039 neg 0.23008034382310413	false	0.5
kapitulation	neg 1.0		__DUMMY__ 0.4683186306066593 off 0.30019380892158437 neg 0.2314875604717564	false	0.5
unscharf	neg 1.0		__DUMMY__ 0.46413866567835754 off 0.30493389589611514 neg 0.23092743842552724	false	0.5
schwinden	neg 1.0		__DUMMY__ 0.47069614023542444 off 0.29908930288491986 neg 0.2302145568796556	false	0.5
versklavung	neg 1.0	neg 1.0	neg 0.5999120856691227 __DUMMY__ 0.22666684759302733 off 0.17342106673785002	false	1.0
schlecht	neg 1.0		__DUMMY__ 0.4656536538725672 off 0.310718638529078 neg 0.22362770759835493	false	0.5
verhasst	neg 1.0		__DUMMY__ 0.4667273162372921 off 0.30527252196423976 neg 0.2280001617984682	false	0.5
beschweren	neg 1.0		__DUMMY__ 0.4681518769638166 off 0.3063315010574458 neg 0.22551662197873776	false	0.5
scheiden	neg 1.0		__DUMMY__ 0.4688200468870618 off 0.3040426354626587 neg 0.2271373176502795	false	0.5
frustriert	neg 1.0		__DUMMY__ 0.4697446070290508 off 0.30239676515933117 neg 0.22785862781161811	false	0.5
schimmelig	neg 1.0		__DUMMY__ 0.46948413353868856 off 0.3004163494501182 neg 0.23009951701119313	false	0.5
fisch	neg 1.0		__DUMMY__ 0.4701844770121098 off 0.2962367122718852 neg 0.2335788107160051	false	0.5
schmuggel	neg 1.0		__DUMMY__ 0.47389184437449977 off 0.29813447539048915 neg 0.227973680235011	false	0.5
auffallen	neg 1.0		__DUMMY__ 0.4671907216875753 off 0.30651579217571745 neg 0.22629348613670724	false	0.5
konkurrenz	neg 1.0		__DUMMY__ 0.4728560363224286 off 0.2992463531087696 neg 0.22789761056880167	false	0.5
teufelskreis	neg 1.0	neg 1.0	neg 0.6013884153273732 __DUMMY__ 0.22711638757972435 off 0.1714951970929025	false	1.0
aufschreien	neg 1.0		__DUMMY__ 0.46563932936250985 off 0.3066932559083601 neg 0.22766741472913	false	0.5
schuldner	neg 1.0		__DUMMY__ 0.46954331484336137 off 0.29829223530383964 neg 0.23216444985279897	false	0.5
missgeburt	off 1.0	off 1.0	off 0.652194056104457 __DUMMY__ 0.2242671365878323 neg 0.12353880730771068	false	1.0
arbeitslos	neg 1.0		__DUMMY__ 0.47015635731527283 off 0.30103167438329725 neg 0.22881196830143005	false	0.5
befallen	neg 1.0		__DUMMY__ 0.468188245450584 off 0.302570211712151 neg 0.229241542837265	false	0.5
miesepetrig	off 1.0	off 1.0	off 0.6455816508992777 __DUMMY__ 0.22586363057930087 neg 0.12855471852142147	false	1.0
alarmieren	neg 1.0		__DUMMY__ 0.46563292505673526 off 0.30948687522014623 neg 0.22488019972311862	false	0.5
ungeduscht	off 1.0		__DUMMY__ 0.4649662791278914 off 0.30856786473435704 neg 0.22646585613775164	false	1.0
knappheit	neg 1.0		__DUMMY__ 0.468644182606431 off 0.3010275606349173 neg 0.23032825675865173	false	0.5
schlange	neg 1.0		__DUMMY__ 0.4694014244395123 off 0.30472013529182906 neg 0.22587844026865858	false	0.5
harsch	neg 1.0		__DUMMY__ 0.46529525999526716 off 0.31674663396542857 neg 0.21795810603930427	false	0.5
lang	neg 1.0		__DUMMY__ 0.46836610261181516 off 0.3057481115819877 neg 0.22588578580619703	false	0.5
ziellos	neg 1.0		__DUMMY__ 0.47216978835375223 off 0.2997449804234926 neg 0.22808523122275506	false	0.5
selbstverliebt	neg 1.0		__DUMMY__ 0.45651965874925965 off 0.323359082872371 neg 0.22012125837836935	false	0.5
beseitigen	neg 1.0		__DUMMY__ 0.4724728881816305 off 0.3058032024977343 neg 0.22172390932063513	false	0.5
dumm	off 1.0		__DUMMY__ 0.4593202215077211 off 0.31743664966794755 neg 0.22324312882433123	false	1.0
arbeitsloser	neg 1.0		__DUMMY__ 0.4721673179562009 off 0.3020717653312018 neg 0.22576091671259732	false	0.5
blitzen	neg 1.0		__DUMMY__ 0.46572567533973397 off 0.30834444872486005 neg 0.2259298759354061	false	0.5
hilflos	neg 1.0		__DUMMY__ 0.46999817291044155 off 0.30108782264575595 neg 0.22891400444380233	false	0.5
eklig	off 1.0		__DUMMY__ 0.45805768136080466 off 0.3175371591246095 neg 0.22440515951458578	false	1.0
begriff			__DUMMY__ 0.46846111101360083 off 0.30318475857404314 neg 0.22835413041235592	false	0.0
hungersnot	neg 1.0		__DUMMY__ 0.46759203985692244 off 0.3004478792087271 neg 0.23196008093435044	false	0.5
ungesetzlich	neg 1.0		__DUMMY__ 0.46589789836437606 off 0.3061301637497015 neg 0.22797193788592246	false	0.5
verschwendung	neg 1.0		__DUMMY__ 0.4709492991575529 off 0.29894938322644854 neg 0.2301013176159986	false	0.5
schmerzvoll	neg 1.0		__DUMMY__ 0.46690505915882946 off 0.30517855004618893 neg 0.2279163907949815	false	0.5
vorzeitig	neg 1.0		__DUMMY__ 0.46664296655256127 off 0.31044589314921256 neg 0.2229111402982263	false	0.5
unvollkommenheit	neg 1.0		__DUMMY__ 0.4697440808124189 off 0.3023572603632432 neg 0.2278986588243378	false	0.5
intervenieren	neg 1.0		__DUMMY__ 0.46945154111018816 off 0.2993152110520335 neg 0.23123324783777843	false	0.5
banause	off 1.0		__DUMMY__ 0.45541129529040353 off 0.31850177709942606 neg 0.22608692761017032	false	1.0
rebell	neg 1.0		__DUMMY__ 0.47326965989604347 off 0.295243588167809 neg 0.23148675193614748	false	0.5
unlogisch	neg 1.0		__DUMMY__ 0.46244365898340134 off 0.3128765283901648 neg 0.22467981262643394	false	0.5
leiden	neg 1.0		__DUMMY__ 0.473961875802743 off 0.2986826635616015 neg 0.22735546063565534	false	0.5
abschaffung	neg 1.0		__DUMMY__ 0.4668014557482696 off 0.3048607906241932 neg 0.22833775362753725	false	0.5
sturz	neg 1.0		__DUMMY__ 0.470763819907203 off 0.30802880922361364 neg 0.22120737086918335	false	0.5
verkleinerung	neg 1.0		__DUMMY__ 0.4639841102799716 off 0.30804481631445285 neg 0.22797107340557538	false	0.5
schmarotzer	off 1.0		__DUMMY__ 0.4689711135341693 off 0.3017473363834287 neg 0.22928155008240209	false	1.0
bestrafung	neg 1.0	neg 1.0	neg 0.5988450832139334 __DUMMY__ 0.22809933192524787 off 0.1730555848608188	false	1.0
achtlos	neg 1.0		__DUMMY__ 0.4698607909463818 off 0.30244066141359116 neg 0.22769854764002703	false	0.5
ungeheuer	neg 1.0		__DUMMY__ 0.46734880312310245 off 0.303993466501101 neg 0.22865773037579665	false	0.5
unaufrichtig	neg 1.0		__DUMMY__ 0.4661379766450901 off 0.3090785168294777 neg 0.2247835065254322	false	0.5
groggy	neg 1.0		__DUMMY__ 0.46767172695014364 off 0.3082873404488356 neg 0.22404093260102068	false	0.5
verletzlich	neg 1.0		__DUMMY__ 0.46249772720042404 off 0.308690227778813 neg 0.22881204502076294	false	0.5
