unsolidarisch	neg 1.0		off 0.5459888759228654 neg 0.4125192601137032 __DUMMY__ 0.04149186396343142	false	0.5
nachteilig	neg 1.0		off 0.5463511065667827 neg 0.4115280152091982 __DUMMY__ 0.042120878224019165	false	0.5
skeptisch	neg 1.0		off 0.5432740505627114 neg 0.4147022060589824 __DUMMY__ 0.04202374337830617	false	0.5
schrecklich	neg 1.0		off 0.5542561369420523 neg 0.40462280264299577 __DUMMY__ 0.041121060414951977	false	0.5
schlapp	neg 1.0	neg 1.0	neg 0.687050167487294 off 0.2932400460567833 __DUMMY__ 0.019709786455922695	false	1.0
abfall	neg 1.0		off 0.5415950393662075 neg 0.41611459907257003 __DUMMY__ 0.04229036156122256	false	0.5
widerspenstig	neg 1.0		off 0.5457016989479798 neg 0.41263239592169226 __DUMMY__ 0.041665905130327856	false	0.5
abrupt	neg 1.0		off 0.5424450280402895 neg 0.4155732778791496 __DUMMY__ 0.04198169408056089	false	0.5
unwirksam	neg 1.0		off 0.5444765663805406 neg 0.4141423859577985 __DUMMY__ 0.041381047661660716	false	0.5
angreifen	neg 1.0		off 0.5426578541992045 neg 0.4152915610641104 __DUMMY__ 0.042050584736685076	false	0.5
inkonsistent	neg 1.0		off 0.5483427704963362 neg 0.4102146573665664 __DUMMY__ 0.041442572137097344	false	0.5
abrutschen	neg 1.0		off 0.5406191624884208 neg 0.4171320714884226 __DUMMY__ 0.042248766023156706	false	0.5
unsicher	neg 1.0		off 0.5476610183206362 neg 0.4105355561571122 __DUMMY__ 0.041803425522251636	false	0.5
bauernkind	off 1.0	off 1.0	off 0.7649390192716335 neg 0.2156377480279534 __DUMMY__ 0.019423232700413018	false	1.0
angreifer	neg 1.0		off 0.5531569197725785 neg 0.40509171655340315 __DUMMY__ 0.04175136367401838	false	0.5
trennen	neg 1.0		off 0.5434471821766863 neg 0.41440565310705507 __DUMMY__ 0.04214716471625864	false	0.5
schmutz	neg 1.0		off 0.556351147291417 neg 0.40153804525180087 __DUMMY__ 0.04211080745678203	false	0.5
inkonsistenz	neg 1.0		off 0.5506969593916369 neg 0.4079322792116357 __DUMMY__ 0.04137076139672753	false	0.5
erschreckend	neg 1.0		off 0.5462624409093327 neg 0.41197627170012835 __DUMMY__ 0.04176128739053883	false	0.5
ertrinken	neg 1.0		off 0.5415648648045911 neg 0.41643126681499903 __DUMMY__ 0.04200386838040985	false	0.5
pickelface	off 1.0		off 0.5490286361354356 neg 0.40916818592820264 __DUMMY__ 0.04180317793636174	false	1.0
seiner			off 0.5439387238089397 neg 0.4139510387197599 __DUMMY__ 0.04211023747130041	false	0.0
lauch	neg 1.0	neg 1.0	neg 0.6910052110716678 off 0.28876715382791984 __DUMMY__ 0.020227635100412422	false	1.0
unwichtig	neg 1.0		off 0.5507424033155889 neg 0.40787404975147606 __DUMMY__ 0.04138354693293508	false	0.5
steuerhinterziehung	neg 1.0		off 0.5449198055150467 neg 0.41346645219024847 __DUMMY__ 0.04161374229470485	false	0.5
schock	neg 1.0		off 0.546176585155258 neg 0.4119556861396891 __DUMMY__ 0.04186772870505297	false	0.5
beule	neg 1.0		off 0.5524149107501731 neg 0.4063929123499297 __DUMMY__ 0.041192176899897306	false	0.5
vergelten	neg 1.0		off 0.5567656351567323 neg 0.4020371304388898 __DUMMY__ 0.041197234404377996	false	0.5
verdorbenheit	neg 1.0		off 0.5506994842585944 neg 0.4074457231978363 __DUMMY__ 0.041854792543569254	false	0.5
trauma	neg 1.0		off 0.5482781216568902 neg 0.41009111089864786 __DUMMY__ 0.04163076744446192	false	0.5
sinnlos	neg 1.0		off 0.5489643842733879 neg 0.4094099721697602 __DUMMY__ 0.04162564355685173	false	0.5
fettsack	off 1.0	off 1.0	off 0.7662998541187171 neg 0.21424563509944897 __DUMMY__ 0.019454510781833797	false	1.0
feige	off 1.0	off 1.0	off 0.7632945089304484 neg 0.21704039948476925 __DUMMY__ 0.01966509158478249	false	1.0
abdanken	neg 1.0		off 0.5472102863593085 neg 0.4110032711956118 __DUMMY__ 0.04178644244507964	false	0.5
wichtigtuer	off 1.0	off 1.0	off 0.762306491174682 neg 0.21787645583832513 __DUMMY__ 0.01981705298699291	false	1.0
misslingen	neg 1.0		off 0.5525062876505155 neg 0.4055094155945103 __DUMMY__ 0.0419842967549741	false	0.5
untreu	off 1.0		off 0.5517683824440146 neg 0.40692544005799997 __DUMMY__ 0.04130617749798543	false	1.0
missmutig	neg 1.0		off 0.5486965237994921 neg 0.4099340032466448 __DUMMY__ 0.041369472953863125	false	0.5
hurenbock	off 1.0		off 0.5476848988092159 neg 0.4106465750805866 __DUMMY__ 0.041668526110197675	false	1.0
betrunken	neg 1.0		off 0.5532624952840276 neg 0.40556494079409844 __DUMMY__ 0.04117256392187404	false	0.5
korrupt	off 1.0		off 0.5436970267416676 neg 0.4147263710730617 __DUMMY__ 0.04157660218527064	false	1.0
unmut	neg 1.0		off 0.5419437268184896 neg 0.41591064424568597 __DUMMY__ 0.04214562893582455	false	0.5
hackfresse	off 1.0		off 0.5577821040430526 neg 0.40140593931587215 __DUMMY__ 0.04081195664107502	false	1.0
aufblasen	neg 1.0		off 0.5473490252903193 neg 0.4109538177073677 __DUMMY__ 0.04169715700231306	false	0.5
gewaltsam	neg 1.0		off 0.5483924989880106 neg 0.40973861565174224 __DUMMY__ 0.04186888536024703	false	0.5
unbeliebtheit	neg 1.0		off 0.5530711277162217 neg 0.4055406528235385 __DUMMY__ 0.041388219460239684	false	0.5
sturheit	neg 1.0		off 0.5468443124776403 neg 0.4113302800603458 __DUMMY__ 0.04182540746201383	false	0.5
kuh	neg 1.0		off 0.5458971586176997 neg 0.4129708838241654 __DUMMY__ 0.041131957558134875	false	0.5
erschrecken	neg 1.0		off 0.5506663549247305 neg 0.40783758412954996 __DUMMY__ 0.04149606094571965	false	0.5
opfer	neg 1.0		off 0.5450884009744219 neg 0.41290155042700366 __DUMMY__ 0.04201004859857449	false	0.5
sinken	neg 1.0		off 0.5416789733947369 neg 0.4162875900947317 __DUMMY__ 0.0420334365105313	false	0.5
stinktier	neg 1.0		off 0.5535291659181019 neg 0.4057558010798671 __DUMMY__ 0.04071503300203115	false	0.5
tucke	off 1.0		off 0.5576300057351273 neg 0.4018818681403817 __DUMMY__ 0.04048812612449087	false	1.0
ein			off 0.5451158920170714 neg 0.41323709027969363 __DUMMY__ 0.04164701770323497	false	0.0
abstieg	neg 1.0		off 0.5481411610329849 neg 0.4097575464278681 __DUMMY__ 0.04210129253914682	false	0.5
missverstehen	neg 1.0		off 0.5489984323334672 neg 0.4094920592650545 __DUMMY__ 0.04150950840147816	false	0.5
ergebnislos	neg 1.0		off 0.5462014504021149 neg 0.4116697224495438 __DUMMY__ 0.0421288271483414	false	0.5
unter			off 0.5396948524856987 neg 0.4176285640713912 __DUMMY__ 0.04267658344291006	false	0.0
manipulieren	neg 1.0		off 0.5441631502927431 neg 0.4137860548854962 __DUMMY__ 0.042050794821760634	false	0.5
unbewiesen	neg 1.0		off 0.54739967857983 neg 0.41101732178099865 __DUMMY__ 0.041582999639171586	false	0.5
verschleppen	neg 1.0		off 0.5441104924250403 neg 0.4140767980625695 __DUMMY__ 0.041812709512390134	false	0.5
weib	off 1.0		off 0.5594505924211697 neg 0.39989726874979165 __DUMMY__ 0.04065213882903872	false	1.0
opposition	neg 1.0		off 0.5476068021781025 neg 0.4108754601619365 __DUMMY__ 0.04151773765996105	false	0.5
verkehrswidrig	neg 1.0		off 0.5600949114907179 neg 0.3985075324433673 __DUMMY__ 0.041397556065914935	false	0.5
inkorrekt	neg 1.0		off 0.5532395470773658 neg 0.4057023529966083 __DUMMY__ 0.041058099926025826	false	0.5
vermeiden	neg 1.0		off 0.5422356078126728 neg 0.41532774723042204 __DUMMY__ 0.04243664495690532	false	0.5
abweichung	neg 1.0		off 0.5469271757618789 neg 0.41107406892781295 __DUMMY__ 0.04199875531030824	false	0.5
alkoholisiert	neg 1.0		off 0.5492261475601627 neg 0.4082550433102218 __DUMMY__ 0.042518809129615476	false	0.5
scheiss	off 1.0	off 1.0	off 0.7642202662044149 neg 0.2161539355674044 __DUMMY__ 0.019625798228180665	false	1.0
herausforderung	neg 1.0		off 0.5457645228102168 neg 0.4122984982069167 __DUMMY__ 0.04193697898286649	false	0.5
pervers	off 1.0		off 0.5609933397159121 neg 0.3985222309946811 __DUMMY__ 0.040484429289406924	false	1.0
wackelig	neg 1.0		off 0.5458592382562093 neg 0.4121772429527198 __DUMMY__ 0.04196351879107106	false	0.5
verwickeln	neg 1.0		off 0.5483129325059752 neg 0.41011668201445933 __DUMMY__ 0.04157038547956544	false	0.5
vorwand	neg 1.0		off 0.5425498962663562 neg 0.41536121493192285 __DUMMY__ 0.042088888801720944	false	0.5
muschi	off 1.0		off 0.5488491611777213 neg 0.4092181466884047 __DUMMY__ 0.041932692133873885	false	1.0
entmutigung	neg 1.0		off 0.5465299765662901 neg 0.4121522588606629 __DUMMY__ 0.041317764573046936	false	0.5
unangemessen	neg 1.0		off 0.5459691361388153 neg 0.41224213507293633 __DUMMY__ 0.04178872878824835	false	0.5
unstetig	neg 1.0		off 0.5519058761964859 neg 0.4065340440251261 __DUMMY__ 0.04156007977838789	false	0.5
entmutigen	neg 1.0		off 0.5466193748330603 neg 0.41182015878431416 __DUMMY__ 0.04156046638262546	false	0.5
schwanz	neg 1.0		off 0.5468732160968653 neg 0.4111057350410874 __DUMMY__ 0.04202104886204744	false	0.5
verbot	neg 1.0		off 0.5451934839235621 neg 0.41306082542507977 __DUMMY__ 0.04174569065135803	false	0.5
leid	neg 1.0		off 0.5554013901326688 neg 0.403606401863258 __DUMMY__ 0.04099220800407317	false	0.5
archaisch	neg 1.0		off 0.5453695755321168 neg 0.41286321261266196 __DUMMY__ 0.04176721185522125	false	0.5
gegen			off 0.5436353581004909 neg 0.41413034981343144 __DUMMY__ 0.042234292086077596	false	0.0
scheidung	neg 1.0		off 0.5687612626794047 neg 0.39052041329279036 __DUMMY__ 0.04071832402780475	false	0.5
einschlag	neg 1.0		off 0.5574840499310235 neg 0.40116280627004985 __DUMMY__ 0.04135314379892667	false	0.5
m			off 0.5465662609381107 neg 0.41147717482322355 __DUMMY__ 0.04195656423866577	false	0.0
abgestanden	neg 1.0		off 0.5433905191740085 neg 0.4152743410309067 __DUMMY__ 0.04133513979508485	false	0.5
schmierig	off 1.0		off 0.5547832329738132 neg 0.40423181526398005 __DUMMY__ 0.04098495176220663	false	1.0
unpraktisch	neg 1.0		off 0.549064237636667 neg 0.4092343858746346 __DUMMY__ 0.04170137648869847	false	0.5
wixxer	off 1.0		off 0.5607823111392495 neg 0.3988076709071506 __DUMMY__ 0.04041001795359997	false	1.0
bezeichnet			off 0.547850821226969 neg 0.41039512224282154 __DUMMY__ 0.0417540565302095	false	0.0
jammerlappen	off 1.0		off 0.5510026948250365 neg 0.4076250047552181 __DUMMY__ 0.04137230041974527	false	1.0
farce	neg 1.0		off 0.5460442805954613 neg 0.4123517615291298 __DUMMY__ 0.041603957875408826	false	0.5
zwecklos	neg 1.0		off 0.5446863211023141 neg 0.41350861979697245 __DUMMY__ 0.04180505910071351	false	0.5
turbulent	neg 1.0		off 0.5540557801640228 neg 0.40464222910802905 __DUMMY__ 0.041301990727948344	false	0.5
invasion	neg 1.0		off 0.5497240728584747 neg 0.40868969553977613 __DUMMY__ 0.041586231601749284	false	0.5
schuld	neg 1.0		off 0.5480192226817813 neg 0.4103386247242513 __DUMMY__ 0.04164215259396747	false	0.5
risiko	neg 1.0		off 0.5491238998675331 neg 0.4092969196543025 __DUMMY__ 0.04157918047816439	false	0.5
finster	neg 1.0		off 0.5452222423232685 neg 0.4132018631905373 __DUMMY__ 0.041575894486194184	false	0.5
geisteskrank	off 1.0		off 0.5524657618191207 neg 0.40637442901761167 __DUMMY__ 0.0411598091632677	false	1.0
zusammenbrechen	neg 1.0		off 0.5450556354167904 neg 0.4131317189866176 __DUMMY__ 0.04181264559659205	false	0.5
ausbeute	neg 1.0		off 0.5479001912730531 neg 0.41016576676352506 __DUMMY__ 0.04193404196342165	false	0.5
hinterhalt	neg 1.0		off 0.5466063036394372 neg 0.4115571024364554 __DUMMY__ 0.04183659392410744	false	0.5
kritik	neg 1.0		off 0.5454687330451924 neg 0.41293915857688984 __DUMMY__ 0.041592108377917957	false	0.5
einschrumpfen	neg 1.0		off 0.5505858346203343 neg 0.40812820077329826 __DUMMY__ 0.04128596460636742	false	0.5
riskant	neg 1.0		off 0.543397558078559 neg 0.41460069098756963 __DUMMY__ 0.04200175093387135	false	0.5
frustrieren	neg 1.0		off 0.5435828241344937 neg 0.4145180108996891 __DUMMY__ 0.04189916496581738	false	0.5
groll	neg 1.0		off 0.545769487047815 neg 0.41235876171271435 __DUMMY__ 0.04187175123947073	false	0.5
gibt			off 0.5454295570519703 neg 0.41266578103384305 __DUMMY__ 0.04190466191418652	false	0.0
qualvoll	neg 1.0		off 0.5484269792100915 neg 0.41002594242557217 __DUMMY__ 0.04154707836433626	false	0.5
wackeln	neg 1.0		off 0.547434777664853 neg 0.4107839787849644 __DUMMY__ 0.041781243550182576	false	0.5
klagen	neg 1.0		off 0.5425482888779513 neg 0.41539968827916474 __DUMMY__ 0.04205202284288414	false	0.5
bankrott	neg 1.0		off 0.5528936751109437 neg 0.405513349107742 __DUMMY__ 0.041592975781314344	false	0.5
trauern	neg 1.0		off 0.5459077603576747 neg 0.41188173169381204 __DUMMY__ 0.04221050794851332	false	0.5
ablehnung	neg 1.0		off 0.5459154277565714 neg 0.4123720397811492 __DUMMY__ 0.04171253246227925	false	0.5
stur	neg 1.0		off 0.5473894035265902 neg 0.41102511272215586 __DUMMY__ 0.041585483751253906	false	0.5
aufruhr	neg 1.0		off 0.5458068683531866 neg 0.41261047269702855 __DUMMY__ 0.041582658949784884	false	0.5
melancholie	neg 1.0		off 0.5417496797225094 neg 0.4163747826508793 __DUMMY__ 0.041875537626611406	false	0.5
ist			off 0.5485189538873496 neg 0.40986078681961163 __DUMMY__ 0.04162025929303874	false	0.0
torheit	neg 1.0		off 0.5476209123464637 neg 0.410791941360504 __DUMMY__ 0.041587146293032444	false	0.5
dreckskind	off 1.0		off 0.5589044154183979 neg 0.4003497091785639 __DUMMY__ 0.04074587540303818	false	1.0
umtauschen	neg 1.0		off 0.5469228686116964 neg 0.41130363230693145 __DUMMY__ 0.04177349908137207	false	0.5
zum			off 0.5446608727529735 neg 0.412692058901068 __DUMMY__ 0.04264706834595839	false	0.0
zersetzen	neg 1.0		off 0.5424372086267052 neg 0.4156297554465961 __DUMMY__ 0.04193303592669868	false	0.5
zur			off 0.5424839409101632 neg 0.4150702684133172 __DUMMY__ 0.04244579067651962	false	0.0
frust	neg 1.0		off 0.5448011527437446 neg 0.4133729169649154 __DUMMY__ 0.04182593029134006	false	0.5
unerbittlichkeit	neg 1.0		off 0.5445721889108922 neg 0.41341264411909456 __DUMMY__ 0.042015166970013326	false	0.5
zwei			off 0.5419095054669306 neg 0.4156337285036508 __DUMMY__ 0.04245676602941868	false	0.0
unkorrekt	neg 1.0		off 0.5525120663667691 neg 0.40634655135022596 __DUMMY__ 0.04114138228300509	false	0.5
hexe	off 1.0		off 0.5493813680404777 neg 0.4093869827270905 __DUMMY__ 0.04123164923243198	false	1.0
lasch	neg 1.0		off 0.5503121704060183 neg 0.4082601142490384 __DUMMY__ 0.0414277153449432	false	0.5
rivale	neg 1.0		off 0.5552872625529746 neg 0.40351928901485484 __DUMMY__ 0.041193448432170564	false	0.5
mutlos	off 1.0	off 1.0	off 0.759561423691998 neg 0.22046610413211687 __DUMMY__ 0.019972472175885193	false	1.0
wirr	off 1.0		off 0.5541186827265921 neg 0.4048678281543398 __DUMMY__ 0.041013489119068144	false	1.0
jahr			off 0.547221709308904 neg 0.41042847705069585 __DUMMY__ 0.04234981364040014	false	0.0
wird			off 0.5452187298393545 neg 0.41282423729022877 __DUMMY__ 0.04195703287041684	false	0.0
strafbar	neg 1.0		off 0.5437422753109977 neg 0.41429977379108907 __DUMMY__ 0.041957950897913134	false	0.5
erosion	neg 1.0		off 0.5481501510869917 neg 0.4100724065806968 __DUMMY__ 0.041777442332311454	false	0.5
eingehen	neg 1.0		off 0.5429486914794782 neg 0.41518197177038746 __DUMMY__ 0.04186933675013432	false	0.5
faul	off 1.0		off 0.5515075501504514 neg 0.4069846721535463 __DUMMY__ 0.041507777696002245	false	1.0
provisorium	neg 1.0		off 0.540079217570348 neg 0.41722361044837214 __DUMMY__ 0.04269717198127974	false	0.5
schmerzen	neg 1.0		off 0.5446393547757526 neg 0.41370384320368425 __DUMMY__ 0.04165680202056297	false	0.5
schrumpfen	neg 1.0		off 0.5394550578097969 neg 0.41837930855881567 __DUMMY__ 0.0421656336313874	false	0.5
geistlos	off 1.0		off 0.5476296685462404 neg 0.41102274028278696 __DUMMY__ 0.04134759117097257	false	1.0
fehlkauf	neg 1.0		off 0.5493208387611811 neg 0.40913691808392927 __DUMMY__ 0.041542243154889566	false	0.5
frustrierend	neg 1.0		off 0.5496461730575015 neg 0.408929621261651 __DUMMY__ 0.04142420568084752	false	0.5
unzufrieden	neg 1.0		off 0.5451740231711607 neg 0.41295184922708267 __DUMMY__ 0.04187412760175664	false	0.5
verzweifeln	neg 1.0		off 0.5463615174888142 neg 0.41183073128294945 __DUMMY__ 0.04180775122823633	false	0.5
verzweifelt	neg 1.0		off 0.5476399422672832 neg 0.41076024192964194 __DUMMY__ 0.0415998158030749	false	0.5
misstrauensantrag	neg 1.0		off 0.5486953696947954 neg 0.40974882045727373 __DUMMY__ 0.04155580984793086	false	0.5
abfallen	neg 1.0		off 0.5472262498043117 neg 0.4110691888957631 __DUMMY__ 0.0417045612999253	false	0.5
fucker	off 1.0		off 0.5550899263795953 neg 0.4036329395173203 __DUMMY__ 0.04127713410308445	false	1.0
ungezogen	neg 1.0		off 0.559732730674335 neg 0.3995868596777076 __DUMMY__ 0.040680409647957445	false	0.5
irrsinnig	neg 1.0	neg 1.0	neg 0.6888968522411423 off 0.2912467104539059 __DUMMY__ 0.019856437304951836	false	1.0
unfassbar	neg 1.0		off 0.5520868286130157 neg 0.406571220383016 __DUMMY__ 0.04134195100396835	false	0.5
hart	neg 1.0		off 0.5512458265632788 neg 0.40757605743094 __DUMMY__ 0.04117811600578133	false	0.5
widerlich	off 1.0		off 0.551763193192287 neg 0.4070028136084778 __DUMMY__ 0.04123399319923526	false	1.0
fatal	neg 1.0	neg 1.0	neg 0.6891032241765038 off 0.29118180932064675 __DUMMY__ 0.01971496650284928	false	1.0
bruch	neg 1.0		off 0.5416425050165893 neg 0.41619757744988056 __DUMMY__ 0.04215991753353018	false	0.5
aushungern	neg 1.0		off 0.5446739109818526 neg 0.4136473021920486 __DUMMY__ 0.041678786826098664	false	0.5
anspannung	neg 1.0		off 0.5418696418270731 neg 0.4156846459641582 __DUMMY__ 0.04244571220876859	false	0.5
von			off 0.5446770709015126 neg 0.4131061742553732 __DUMMY__ 0.0422167548431142	false	0.0
kraftlos	neg 1.0		off 0.5444233886608213 neg 0.41370812629395554 __DUMMY__ 0.0418684850452232	false	0.5
vom			off 0.5422978883718887 neg 0.4148765904443179 __DUMMY__ 0.04282552118379349	false	0.0
grenzdebil	off 1.0		off 0.5516783287414804 neg 0.4070652935881611 __DUMMY__ 0.04125637767035862	false	1.0
vor			off 0.5421122192595162 neg 0.41571737592933417 __DUMMY__ 0.042170404811149566	false	0.0
unterwerfen	neg 1.0		off 0.5448804306971993 neg 0.4131481981732071 __DUMMY__ 0.04197137112959363	false	0.5
versenkung	neg 1.0		off 0.5446945707580807 neg 0.41326839708603946 __DUMMY__ 0.04203703215587977	false	0.5
entziehen	neg 1.0		off 0.5425702139173706 neg 0.41532548831508687 __DUMMY__ 0.04210429776754259	false	0.5
finanzkrise	neg 1.0		off 0.5425260811900849 neg 0.41613972804398563 __DUMMY__ 0.04133419076592944	false	0.5
schimpfend	neg 1.0		off 0.5494535271455329 neg 0.40874378771951597 __DUMMY__ 0.041802685134951244	false	0.5
profan	neg 1.0		off 0.5487021624191625 neg 0.40976265026197506 __DUMMY__ 0.04153518731886235	false	0.5
korruption	neg 1.0		off 0.5437461860574719 neg 0.41458562844717767 __DUMMY__ 0.04166818549535021	false	0.5
â			off 0.5454609922337053 neg 0.412597580007661 __DUMMY__ 0.04194142775863381	false	0.0
schmutzig	neg 1.0		off 0.5519995039307347 neg 0.40673379477112725 __DUMMY__ 0.041266701298137996	false	0.5
sexy	neg 1.0		off 0.5512424332921936 neg 0.40720153231239276 __DUMMY__ 0.04155603439541366	false	0.5
abraten	neg 1.0		off 0.5494849745291296 neg 0.40884956021422886 __DUMMY__ 0.04166546525664163	false	0.5
schwarz	neg 1.0		off 0.5495130281411291 neg 0.4088680041882923 __DUMMY__ 0.04161896767057853	false	0.5
fotze	off 1.0	off 1.0	off 0.7614612959227315 neg 0.21846721675420466 __DUMMY__ 0.020071487323063925	false	1.0
verwirren	neg 1.0		off 0.5492441218357399 neg 0.40920240862302276 __DUMMY__ 0.04155346954123732	false	0.5
zahnlos	off 1.0		off 0.545415843444659 neg 0.4128115905489431 __DUMMY__ 0.041772566006398004	false	1.0
verheeren	neg 1.0		off 0.5614633876519076 neg 0.39787219743404484 __DUMMY__ 0.04066441491404744	false	0.5
hippie	neg 1.0		off 0.5507186060082232 neg 0.40772817328571526 __DUMMY__ 0.04155322070606153	false	0.5
rammen	neg 1.0		off 0.5501846527203836 neg 0.4079473786222211 __DUMMY__ 0.04186796865739527	false	0.5
unlauter	neg 1.0		off 0.5490987467234639 neg 0.409320644891985 __DUMMY__ 0.04158060838455115	false	0.5
unheilvoll	neg 1.0		off 0.5472230121487777 neg 0.4112225604690686 __DUMMY__ 0.04155442738215385	false	0.5
niedrig	neg 1.0		off 0.5447312884559413 neg 0.4133905856775242 __DUMMY__ 0.04187812586653445	false	0.5
explosion	neg 1.0		off 0.5510768782877956 neg 0.4073311942934889 __DUMMY__ 0.04159192741871557	false	0.5
weichei	off 1.0	off 1.0	off 0.7652811352043867 neg 0.21529119665678276 __DUMMY__ 0.019427668138830612	false	1.0
minusmensch	off 1.0		off 0.5614491263579705 neg 0.3978634631457205 __DUMMY__ 0.0406874104963089	false	1.0
farblos	neg 1.0		off 0.5497180472552637 neg 0.4085409200659527 __DUMMY__ 0.04174103267878355	false	0.5
unwissend	neg 1.0	neg 1.0	neg 0.6875311048906061 off 0.2927702895556398 __DUMMY__ 0.01969860555375405	false	1.0
traurig	neg 1.0		off 0.5540476022935485 neg 0.40479296132292025 __DUMMY__ 0.041159436383531194	false	0.5
senkung	neg 1.0		off 0.5467968283917083 neg 0.4119454432115494 __DUMMY__ 0.04125772839674227	false	0.5
ungleich	neg 1.0	neg 1.0	neg 0.6904456956548689 off 0.2895429853079814 __DUMMY__ 0.020011319037149623	false	1.0
heikel	neg 1.0		off 0.5433586397320015 neg 0.41466425278446184 __DUMMY__ 0.04197710748353648	false	0.5
drosselung	neg 1.0		off 0.5518035218734081 neg 0.4069940815534331 __DUMMY__ 0.04120239657315877	false	0.5
falsch	neg 1.0		off 0.5507370585114557 neg 0.4077771181141619 __DUMMY__ 0.04148582337438253	false	0.5
unzufriedenheit	neg 1.0		off 0.5425055439601688 neg 0.41556361674951836 __DUMMY__ 0.04193083929031269	false	0.5
kurz	neg 1.0		off 0.546580163948314 neg 0.4114528685171105 __DUMMY__ 0.04196696753457545	false	0.5
unsinnig	neg 1.0		off 0.5450643434562843 neg 0.41327291256452686 __DUMMY__ 0.04166274397918899	false	0.5
penner	off 1.0	off 1.0	off 0.7664572385240018 neg 0.21413900335091138 __DUMMY__ 0.01940375812508673	false	1.0
seicht	neg 1.0		off 0.5562184108778904 neg 0.4032902354683107 __DUMMY__ 0.04049135365379882	false	0.5
dummheit	off 1.0	off 1.0	off 0.761770080265288 neg 0.21847870336285594 __DUMMY__ 0.01975121637185604	false	1.0
unerfreulich	neg 1.0		off 0.5434720162890925 neg 0.41450270250016913 __DUMMY__ 0.042025281210738376	false	0.5
motherfucker	off 1.0	off 1.0	off 0.7648162555600758 neg 0.21552207659448308 __DUMMY__ 0.01966166784544104	false	1.0
pikiert	neg 1.0		off 0.5504677561708177 neg 0.4082682916346012 __DUMMY__ 0.041263952194581184	false	0.5
wrack	neg 1.0		off 0.5501944954064342 neg 0.40756500930513684 __DUMMY__ 0.04224049528842884	false	0.5
gangster	neg 1.0		off 0.5507410179147494 neg 0.4077334251913417 __DUMMY__ 0.04152555689390891	false	0.5
krank	neg 1.0		off 0.5524507078776714 neg 0.40623614078860965 __DUMMY__ 0.04131315133371904	false	0.5
reich	neg 1.0		off 0.5495291253828484 neg 0.4091728493377291 __DUMMY__ 0.04129802527942261	false	0.5
gnadenlos	neg 1.0		off 0.548594771249764 neg 0.4096780401674314 __DUMMY__ 0.04172718858280449	false	0.5
niedergeschlagen	neg 1.0		off 0.5460241230928696 neg 0.4120112456789214 __DUMMY__ 0.041964631228209016	false	0.5
terrorisieren	off 1.0	off 1.0	off 0.7593585868993935 neg 0.22060128477962318 __DUMMY__ 0.020040128320983303	false	1.0
sinnlosigkeit	neg 1.0		off 0.5453403774856862 neg 0.41283621761990424 __DUMMY__ 0.04182340489440962	false	0.5
behindern	neg 1.0		off 0.5469004032518312 neg 0.4113769364984624 __DUMMY__ 0.041722660249706424	false	0.5
undemokratisch	neg 1.0		off 0.5482898705128418 neg 0.41021448545151146 __DUMMY__ 0.041495644035646734	false	0.5
wirtschaftskrise	neg 1.0		off 0.5430085556030396 neg 0.41535125796190464 __DUMMY__ 0.041640186435055675	false	0.5
neid	neg 1.0		off 0.5491518152385948 neg 0.4094151693036651 __DUMMY__ 0.04143301545774003	false	0.5
rutschen	neg 1.0		off 0.5412128056212582 neg 0.4163560156891704 __DUMMY__ 0.04243117868957155	false	0.5
rezession	neg 1.0		off 0.5504720308963161 neg 0.40874879955188914 __DUMMY__ 0.04077916955179482	false	0.5
fehlgeburt	neg 1.0		off 0.5496358249211528 neg 0.4085069724406624 __DUMMY__ 0.04185720263818481	false	0.5
charakterschwach	off 1.0		off 0.5508880089489174 neg 0.4078903538056802 __DUMMY__ 0.041221637245402364	false	1.0
isolation	neg 1.0		off 0.5522547583252683 neg 0.40612859154363884 __DUMMY__ 0.04161665013109284	false	0.5
ablenkung	neg 1.0		off 0.5474749482601362 neg 0.41072167106979635 __DUMMY__ 0.04180338067006743	false	0.5
pech	neg 1.0		off 0.5503008440833692 neg 0.40830321436729083 __DUMMY__ 0.0413959415493399	false	0.5
vermeidung	neg 1.0		off 0.5520888375364723 neg 0.40664187356649945 __DUMMY__ 0.04126928889702816	false	0.5
dominieren	neg 1.0		off 0.546794192103104 neg 0.4113221971755519 __DUMMY__ 0.04188361072134411	false	0.5
schwindlig	neg 1.0		off 0.5482999811131506 neg 0.41016140495512965 __DUMMY__ 0.041538613931719676	false	0.5
lutscher	neg 1.0		off 0.5590742395676848 neg 0.40044066110384424 __DUMMY__ 0.040485099328471136	false	0.5
pflicht	neg 1.0		off 0.542838332098367 neg 0.41504623797462914 __DUMMY__ 0.04211542992700373	false	0.5
faschist	off 1.0		off 0.5496846095723272 neg 0.40889429690769025 __DUMMY__ 0.04142109351998258	false	1.0
verschleudern	neg 1.0		off 0.5426799827162428 neg 0.41554194224801805 __DUMMY__ 0.04177807503573914	false	0.5
wenn			off 0.5506500106677137 neg 0.4079675197718307 __DUMMY__ 0.04138246956045564	false	0.0
ehebruch	neg 1.0		off 0.5435147783836022 neg 0.414700670144584 __DUMMY__ 0.04178455147181363	false	0.5
spott	off 1.0		off 0.5452425524064727 neg 0.4128030445844333 __DUMMY__ 0.041954403009094185	false	1.0
trostlosigkeit	neg 1.0		off 0.5406868251674138 neg 0.4173921158063898 __DUMMY__ 0.04192105902619638	false	0.5
lutschen	neg 1.0		off 0.5524231237305225 neg 0.40600434400995095 __DUMMY__ 0.041572532259526666	false	0.5
undiszipliniert	neg 1.0		off 0.5530688702000812 neg 0.40576820634887345 __DUMMY__ 0.041162923451045365	false	0.5
kopfschmerz	neg 1.0		off 0.5421505604643845 neg 0.4161544456781008 __DUMMY__ 0.04169499385751479	false	0.5
unvorhergesehen	neg 1.0		off 0.5443950796975501 neg 0.4134101500633169 __DUMMY__ 0.04219477023913304	false	0.5
desinteressiert	neg 1.0		off 0.5524329661246192 neg 0.40637243911722587 __DUMMY__ 0.041194594758154894	false	0.5
armselig	off 1.0		off 0.5544069550813601 neg 0.40451762294099586 __DUMMY__ 0.04107542197764405	false	1.0
desaster	neg 1.0		off 0.540800522275181 neg 0.4171893051773073 __DUMMY__ 0.04201017254751172	false	0.5
tod	neg 1.0		off 0.5447347710306698 neg 0.41328833905479023 __DUMMY__ 0.04197688991454005	false	0.5
herzlos	neg 1.0		off 0.5538706370268598 neg 0.40503345837097254 __DUMMY__ 0.041095904602167777	false	0.5
unwissenheit	neg 1.0		off 0.5448601332575795 neg 0.41331785744380256 __DUMMY__ 0.04182200929861788	false	0.5
widersinnig	neg 1.0		off 0.5446890444027227 neg 0.41370164781015106 __DUMMY__ 0.04160930778712613	false	0.5
bedenklich	neg 1.0		off 0.5438020062927913 neg 0.4143541261926723 __DUMMY__ 0.041843867514536455	false	0.5
beanstanden	neg 1.0		off 0.5443013950900253 neg 0.4135451704552926 __DUMMY__ 0.04215343445468203	false	0.5
panisch	neg 1.0		off 0.5498466687146578 neg 0.40844868304910015 __DUMMY__ 0.04170464823624197	false	0.5
debil	off 1.0		off 0.5397960650997057 neg 0.41764671263317166 __DUMMY__ 0.04255722226712263	false	1.0
abstrich	neg 1.0		off 0.5491454246730019 neg 0.4088325790358725 __DUMMY__ 0.04202199629112551	false	0.5
primitiv	neg 1.0		off 0.5524374808578397 neg 0.4063798975858821 __DUMMY__ 0.04118262155627816	false	0.5
abschaum	off 1.0	off 1.0	off 0.7639007695242069 neg 0.21635458667322063 __DUMMY__ 0.0197446438025724	false	1.0
provozieren	neg 1.0		off 0.5472731705416441 neg 0.411118281110261 __DUMMY__ 0.04160854834809491	false	0.5
tot	neg 1.0		off 0.5469040852445031 neg 0.4111610769711801 __DUMMY__ 0.04193483778431669	false	0.5
instabil	neg 1.0		off 0.5545886517215801 neg 0.4043856735674823 __DUMMY__ 0.041025674710937814	false	0.5
schwuchtel	off 1.0	off 1.0	off 0.7699677549109443 neg 0.2108541410797182 __DUMMY__ 0.019178104009337563	false	1.0
zerren	neg 1.0		off 0.5457495775403367 neg 0.4122935201219469 __DUMMY__ 0.041956902337716345	false	0.5
kinderficker	off 1.0		off 0.5564568218804103 neg 0.4026136030411018 __DUMMY__ 0.040929575078487934	false	1.0
gefahr	neg 1.0		off 0.5441372890355853 neg 0.4137099345791569 __DUMMY__ 0.042152776385257634	false	0.5
rabiat	neg 1.0		off 0.5454640017511454 neg 0.4128500970438816 __DUMMY__ 0.04168590120497301	false	0.5
verlangsamung	neg 1.0		off 0.5578996418734468 neg 0.4012938874600611 __DUMMY__ 0.04080647066649226	false	0.5
ausgestorben	neg 1.0		off 0.546311420117276 neg 0.41187219760546834 __DUMMY__ 0.04181638227725568	false	0.5
anklagen	neg 1.0		off 0.5454820980573692 neg 0.41274441061373146 __DUMMY__ 0.04177349132889926	false	0.5
trott	neg 1.0		off 0.5477776294419436 neg 0.41044708580107825 __DUMMY__ 0.041775284756978004	false	0.5
verminderung	neg 1.0		off 0.5517413530004781 neg 0.4070258016684455 __DUMMY__ 0.041232845331076275	false	0.5
nach			off 0.5410849385273326 neg 0.4163289398206442 __DUMMY__ 0.04258612165202323	false	0.0
rost	neg 1.0		off 0.5605652153354805 neg 0.3985547751018516 __DUMMY__ 0.04088000956266786	false	0.5
destruktiv	neg 1.0		off 0.5456965935389881 neg 0.41268937692806706 __DUMMY__ 0.04161402953294478	false	0.5
unzumutbarkeit	neg 1.0		off 0.5551169827026126 neg 0.4033592945120549 __DUMMY__ 0.0415237227853325	false	0.5
labil	off 1.0	off 1.0	off 0.7634247603829798 neg 0.216826164779611 __DUMMY__ 0.019749074837409227	false	1.0
ziemlich	neg 1.0		off 0.5525544546340012 neg 0.4060262991237905 __DUMMY__ 0.04141924624220841	false	0.5
lachnummer	off 1.0		off 0.5474992983685416 neg 0.41080185146455855 __DUMMY__ 0.0416988501668998	false	1.0
oder			off 0.5487275509826643 neg 0.40947242116978644 __DUMMY__ 0.04180002784754934	false	0.0
verfall	neg 1.0		off 0.5392269371354885 neg 0.41863996132873865 __DUMMY__ 0.04213310153577285	false	0.5
ausgrenzung	neg 1.0		off 0.5484647243792907 neg 0.4100189576881007 __DUMMY__ 0.04151631793260857	false	0.5
unordnung	neg 1.0		off 0.5579267217630881 neg 0.40083911069793454 __DUMMY__ 0.041234167538977406	false	0.5
fehlverhalten	neg 1.0		off 0.5437010499972078 neg 0.41434209376290054 __DUMMY__ 0.04195685623989161	false	0.5
eine			off 0.5423869371300466 neg 0.4155001157061896 __DUMMY__ 0.042112947163763896	false	0.0
nille	neg 1.0		off 0.5483401629768295 neg 0.4098815503568123 __DUMMY__ 0.04177828666635822	false	0.5
qual	neg 1.0		off 0.5473530560969067 neg 0.4108648344248136 __DUMMY__ 0.04178210947827984	false	0.5
verschwenden	neg 1.0		off 0.5426583729927639 neg 0.41545052750271755 __DUMMY__ 0.04189109950451852	false	0.5
riesig	neg 1.0		off 0.5465283815126248 neg 0.4113332408108916 __DUMMY__ 0.04213837767648359	false	0.5
verurteilen	neg 1.0		off 0.544801761314769 neg 0.4134377124303807 __DUMMY__ 0.041760526254850355	false	0.5
klischee	neg 1.0	neg 1.0	neg 0.6879031620136565 off 0.29236387107492684 __DUMMY__ 0.019732966911416627	false	1.0
diktatorisch	neg 1.0		off 0.5476663422050665 neg 0.4109042207187061 __DUMMY__ 0.04142943707622735	false	0.5
vorhersehbar	neg 1.0		off 0.54811338660569 neg 0.4105045412574408 __DUMMY__ 0.041382072136869355	false	0.5
sowie			off 0.5547678322588561 neg 0.404372347388639 __DUMMY__ 0.04085982035250484	false	0.0
stornieren	neg 1.0		off 0.5550619619758645 neg 0.40292558672366136 __DUMMY__ 0.042012451300474034	false	0.5
besteuerung	neg 1.0	neg 1.0	neg 0.690201314063129 off 0.290067822417347 __DUMMY__ 0.019730863519523998	false	1.0
ungeschminkt	neg 1.0		off 0.5538487630363378 neg 0.4048838552479835 __DUMMY__ 0.04126738171567866	false	0.5
kritisch	neg 1.0		off 0.5453006162772073 neg 0.41283163045283267 __DUMMY__ 0.04186775326995998	false	0.5
schlamperei	off 1.0		off 0.5446179930474275 neg 0.41341650078988945 __DUMMY__ 0.041965506162682936	false	1.0
sucht	neg 1.0	neg 1.0	neg 0.6862750293616586 off 0.2936992196701829 __DUMMY__ 0.02002575096815844	false	1.0
egoistisch	off 1.0	off 1.0	off 0.7661964954937158 neg 0.2142724921059215 __DUMMY__ 0.019531012400362667	false	1.0
ausbeuter	off 1.0		off 0.5419054934936903 neg 0.4162705866328545 __DUMMY__ 0.04182391987345526	false	1.0
arschgeburt	off 1.0		off 0.5638128315832521 neg 0.39583035535952943 __DUMMY__ 0.04035681305721832	false	1.0
schubs	neg 1.0		off 0.5441575409064912 neg 0.4140133723041817 __DUMMY__ 0.041829086789327105	false	0.5
unsolide	neg 1.0		off 0.5492010577120597 neg 0.409305740574059 __DUMMY__ 0.04149320171388121	false	0.5
beschwerde	neg 1.0		off 0.5462689860187677 neg 0.41183377357896306 __DUMMY__ 0.041897240402269234	false	0.5
stocken	neg 1.0		off 0.5454693319500256 neg 0.41256371122359514 __DUMMY__ 0.04196695682637932	false	0.5
isolieren	neg 1.0		off 0.5462986411833775 neg 0.41180968347929336 __DUMMY__ 0.04189167533732914	false	0.5
unheilbar	neg 1.0		off 0.5460886371809517 neg 0.41229336218599594 __DUMMY__ 0.04161800063305249	false	0.5
pisser	off 1.0	off 1.0	off 0.766121368847139 neg 0.21418086644348286 __DUMMY__ 0.019697764709378153	false	1.0
löschen	neg 1.0		off 0.5484118608964845 neg 0.40984646044382284 __DUMMY__ 0.04174167865969261	false	0.5
durchfallen	neg 1.0		off 0.5449269468979543 neg 0.41321250655049374 __DUMMY__ 0.041860546551552046	false	0.5
wichser	off 1.0	off 1.0	off 0.7677322675286726 neg 0.21298014301319823 __DUMMY__ 0.019287589458129126	false	1.0
terror	neg 1.0		off 0.5511646079515087 neg 0.40722932399714834 __DUMMY__ 0.041606068051342794	false	0.5
krass	neg 1.0		off 0.5557203310605553 neg 0.4032710927892244 __DUMMY__ 0.041008576150220306	false	0.5
revolte	neg 1.0		off 0.5469793710541048 neg 0.4118447786629776 __DUMMY__ 0.04117585028291757	false	0.5
besorgt	neg 1.0		off 0.547438408121774 neg 0.41053734618910964 __DUMMY__ 0.04202424568911638	false	0.5
nachlassen	neg 1.0		off 0.5458246138865804 neg 0.4121711168252127 __DUMMY__ 0.042004269288206914	false	0.5
alt	neg 1.0		off 0.5413590592918343 neg 0.4170206729443778 __DUMMY__ 0.04162026776378794	false	0.5
hundesohn	off 1.0	off 1.0	off 0.7686819328559725 neg 0.21188333620746908 __DUMMY__ 0.019434730936558346	false	1.0
als			off 0.5449209655238865 neg 0.4132791099308969 __DUMMY__ 0.04179992454521661	false	0.0
abschreckung	neg 1.0		off 0.54270248248274 neg 0.4153225164214621 __DUMMY__ 0.04197500109579796	false	0.5
unqualifiziert	neg 1.0		off 0.5504267815578883 neg 0.4081695084479559 __DUMMY__ 0.04140370999415594	false	0.5
abgewichst	off 1.0		off 0.5482357855419522 neg 0.4099077603781923 __DUMMY__ 0.041856454079855394	false	1.0
schwer	neg 1.0		off 0.5460833145491317 neg 0.4122011878594257 __DUMMY__ 0.04171549759144242	false	0.5
bedeutungslosigkeit	neg 1.0		off 0.5431395131184433 neg 0.4149116363818205 __DUMMY__ 0.0419488504997362	false	0.5
kapitulation	neg 1.0		off 0.5429932981036643 neg 0.4153116805457091 __DUMMY__ 0.04169502135062671	false	0.5
unscharf	neg 1.0		off 0.5460028438463155 neg 0.41271565198965404 __DUMMY__ 0.041281504164030466	false	0.5
schwinden	neg 1.0		off 0.5431372690240391 neg 0.41494306753571397 __DUMMY__ 0.041919663440246835	false	0.5
versklavung	neg 1.0	neg 1.0	neg 0.6889378790560399 off 0.2912703269155354 __DUMMY__ 0.01979179402842482	false	1.0
schlecht	neg 1.0		off 0.552914332848849 neg 0.4056479453803623 __DUMMY__ 0.04143772177078854	false	0.5
verhasst	neg 1.0		off 0.5476087279370747 neg 0.41084698822481064 __DUMMY__ 0.0415442838381147	false	0.5
beschweren	neg 1.0		off 0.5495611386508382 neg 0.408759025055176 __DUMMY__ 0.04167983629398573	false	0.5
scheiden	neg 1.0		off 0.5475481505395595 neg 0.4107247675286637 __DUMMY__ 0.04172708193177684	false	0.5
frustriert	neg 1.0		off 0.5461928881984179 neg 0.41197283471542134 __DUMMY__ 0.0418342770861607	false	0.5
schimmelig	neg 1.0		off 0.5441017716714304 neg 0.4141082518524846 __DUMMY__ 0.04178997647608488	false	0.5
fisch	neg 1.0		off 0.5400064271039142 neg 0.4181405462163206 __DUMMY__ 0.04185302667976525	false	0.5
schmuggel	neg 1.0		off 0.5439132669350494 neg 0.41386915565257587 __DUMMY__ 0.04221757741237483	false	0.5
auffallen	neg 1.0		off 0.5492368649557579 neg 0.4091764829128872 __DUMMY__ 0.04158665213135494	false	0.5
konkurrenz	neg 1.0		off 0.5444889057689364 neg 0.4133830476431456 __DUMMY__ 0.042128046587917974	false	0.5
teufelskreis	neg 1.0	neg 1.0	neg 0.6905945675679845 off 0.2895710039947609 __DUMMY__ 0.019834428437254477	false	1.0
aufschreien	neg 1.0		off 0.548560151551458 neg 0.41000013651626155 __DUMMY__ 0.041439711932280354	false	0.5
schuldner	neg 1.0		off 0.5416577610508513 neg 0.4165326693724021 __DUMMY__ 0.041809569576746725	false	0.5
missgeburt	off 1.0	off 1.0	off 0.7689282266223667 neg 0.2114995697736359 __DUMMY__ 0.019572203603997362	false	1.0
arbeitslos	neg 1.0		off 0.5449411653217244 neg 0.4131846457021109 __DUMMY__ 0.04187418897616471	false	0.5
befallen	neg 1.0		off 0.5455117118497589 neg 0.4128151831347173 __DUMMY__ 0.04167310501552391	false	0.5
miesepetrig	off 1.0	off 1.0	off 0.7631102504810082 neg 0.21717311649083793 __DUMMY__ 0.01971663302815389	false	1.0
alarmieren	neg 1.0		off 0.5515297717325074 neg 0.4070381950020813 __DUMMY__ 0.04143203326541135	false	0.5
ungeduscht	off 1.0		off 0.5503499895117735 neg 0.40828796751678886 __DUMMY__ 0.04136204297143764	false	1.0
knappheit	neg 1.0		off 0.5441174659990142 neg 0.4141620347343743 __DUMMY__ 0.04172049926661151	false	0.5
schlange	neg 1.0		off 0.548569016508167 neg 0.4096361393797098 __DUMMY__ 0.04179484411212323	false	0.5
harsch	neg 1.0		off 0.5592544720744995 neg 0.39935145112109516 __DUMMY__ 0.041394076804405405	false	0.5
lang	neg 1.0		off 0.5490817483493122 neg 0.4092162310103479 __DUMMY__ 0.04170202064033998	false	0.5
ziellos	neg 1.0		off 0.5447005837127112 neg 0.4132362015805809 __DUMMY__ 0.0420632147067079	false	0.5
selbstverliebt	neg 1.0		off 0.5614763190940323 neg 0.3979641430859737 __DUMMY__ 0.04055953781999398	false	0.5
beseitigen	neg 1.0		off 0.5513882274630255 neg 0.40653133793731233 __DUMMY__ 0.04208043459966217	false	0.5
dumm	off 1.0		off 0.5566687118029315 neg 0.40250238403576694 __DUMMY__ 0.040828904161301416	false	1.0
arbeitsloser	neg 1.0		off 0.5471401719332166 neg 0.41079697131931053 __DUMMY__ 0.04206285674747271	false	0.5
blitzen	neg 1.0		off 0.5504129111793303 neg 0.40814012034076236 __DUMMY__ 0.0414469684799073	false	0.5
hilflos	neg 1.0		off 0.5449468072644594 neg 0.4131957898045026 __DUMMY__ 0.04185740293103787	false	0.5
eklig	off 1.0		off 0.5561118108103217 neg 0.40318257617861963 __DUMMY__ 0.040705613011058635	false	1.0
begriff			off 0.5463235640716003 neg 0.41196697028761914 __DUMMY__ 0.04170946564078049	false	0.0
hungersnot	neg 1.0		off 0.5429065758708145 neg 0.41547470630129024 __DUMMY__ 0.04161871782789524	false	0.5
ungesetzlich	neg 1.0		off 0.548009529819833 neg 0.41052844224495405 __DUMMY__ 0.041462027935212885	false	0.5
verschwendung	neg 1.0		off 0.5431475358956832 neg 0.4149024583750993 __DUMMY__ 0.04195000572921741	false	0.5
schmerzvoll	neg 1.0		off 0.5476435146669447 neg 0.4107965164134502 __DUMMY__ 0.0415599689196051	false	0.5
vorzeitig	neg 1.0		off 0.5531865115021304 neg 0.4052891748787716 __DUMMY__ 0.041524313619097905	false	0.5
unvollkommenheit	neg 1.0		off 0.5461997215223954 neg 0.41197993387392384 __DUMMY__ 0.041820344603680754	false	0.5
intervenieren	neg 1.0		off 0.5426747425158184 neg 0.4155206299702722 __DUMMY__ 0.041804627513909225	false	0.5
banause	off 1.0		off 0.5556936425415105 neg 0.40385556878289336 __DUMMY__ 0.04045078867559622	false	1.0
rebell	neg 1.0		off 0.5405760211032204 neg 0.41726577385528385 __DUMMY__ 0.04215820504149564	false	0.5
unlogisch	neg 1.0		off 0.5534832147717031 neg 0.405388245094337 __DUMMY__ 0.041128540133959834	false	0.5
leiden	neg 1.0		off 0.5446077167185153 neg 0.41316769957214067 __DUMMY__ 0.04222458370934397	false	0.5
abschaffung	neg 1.0		off 0.547223959885886 neg 0.41123082423399365 __DUMMY__ 0.04154521588012042	false	0.5
sturz	neg 1.0		off 0.5528411907195244 neg 0.4052400098760823 __DUMMY__ 0.041918799404393206	false	0.5
verkleinerung	neg 1.0		off 0.5491078745150292 neg 0.40961939047166573 __DUMMY__ 0.04127273501330515	false	0.5
schmarotzer	off 1.0		off 0.545037999226471 neg 0.4132023754176224 __DUMMY__ 0.041759625355906584	false	1.0
bestrafung	neg 1.0	neg 1.0	neg 0.6884211731681221 off 0.29165797719758246 __DUMMY__ 0.0199208496342955	false	1.0
achtlos	neg 1.0		off 0.5463309997281081 neg 0.41182713639110446 __DUMMY__ 0.041841863880787374	false	0.5
ungeheuer	neg 1.0		off 0.5466503381262692 neg 0.4117572287803817 __DUMMY__ 0.0415924330933492	false	0.5
unaufrichtig	neg 1.0		off 0.5513790801857827 neg 0.4071403427667598 __DUMMY__ 0.04148057704745753	false	0.5
groggy	neg 1.0		off 0.5513851663550717 neg 0.40697933140466447 __DUMMY__ 0.04163550224026367	false	0.5
