unsolidarisch	neg 1.0		__DUMMY__ 0.879333634683769 off 0.06842107111581054 neg 0.052245294200420477	false	0.5
nachteilig	neg 1.0		__DUMMY__ 0.8885336869561724 off 0.06362727339679639 neg 0.04783903964703114	false	0.5
skeptisch	neg 1.0		__DUMMY__ 0.8868297647335486 off 0.062496086850156216 neg 0.05067414841629515	false	0.5
schrecklich	neg 1.0		__DUMMY__ 0.8745511347754654 off 0.0762488415907566 neg 0.04920002363377788	false	0.5
schlapp	neg 1.0	neg 1.0	neg 0.5080869169870905 __DUMMY__ 0.4371072470237069 off 0.05480583598920258	false	1.0
abfall	neg 1.0		__DUMMY__ 0.8907140517966639 off 0.05931777281053569 neg 0.04996817539280048	false	0.5
widerspenstig	neg 1.0		__DUMMY__ 0.8822721102970548 off 0.06629433441484926 neg 0.051433555288096004	false	0.5
abrupt	neg 1.0		__DUMMY__ 0.8868242263572529 off 0.06171666630904321 neg 0.05145910733370391	false	0.5
unwirksam	neg 1.0		__DUMMY__ 0.8781186428510085 off 0.06772191845567999 neg 0.054159438693311454	false	0.5
angreifen	neg 1.0		__DUMMY__ 0.8870968829328388 off 0.06198382765830365 neg 0.050919289408857406	false	0.5
inkonsistent	neg 1.0		__DUMMY__ 0.8792423998927896 off 0.06960872321884376 neg 0.05114887688836657	false	0.5
abrutschen	neg 1.0		__DUMMY__ 0.8900013850404856 off 0.058989586356080266 neg 0.051009028603433995	false	0.5
unsicher	neg 1.0		__DUMMY__ 0.8837839220625608 off 0.06702073530728486 neg 0.04919534263015431	false	0.5
bauernkind	off 1.0	off 1.0	off 0.5292762101889663 __DUMMY__ 0.4315116949549139 neg 0.039212094856119824	false	1.0
angreifer	neg 1.0		__DUMMY__ 0.8833700136090704 off 0.07100984551454186 neg 0.04562014087638771	false	0.5
trennen	neg 1.0		__DUMMY__ 0.8886693194455474 off 0.061508384134815124 neg 0.04982229641963758	false	0.5
schmutz	neg 1.0		__DUMMY__ 0.8892174645514263 off 0.06992371104335281 neg 0.04085882440522092	false	0.5
inkonsistenz	neg 1.0		__DUMMY__ 0.877947242347466 off 0.07216943546389515 neg 0.0498833221886388	false	0.5
erschreckend	neg 1.0		__DUMMY__ 0.8831011544249254 off 0.06651467059620302 neg 0.05038417497887156	false	0.5
ertrinken	neg 1.0		__DUMMY__ 0.8866336403016117 off 0.061370626447030535 neg 0.05199573325135777	false	0.5
pickelface	off 1.0		__DUMMY__ 0.8840771154829258 off 0.06768578236200816 neg 0.04823710215506602	false	1.0
seiner			__DUMMY__ 0.8880727768963984 off 0.06224042035297833 neg 0.049686802750623225	false	0.0
lauch	neg 1.0	neg 1.0	neg 0.507504581759866 __DUMMY__ 0.4474205117375835 off 0.04507490650255045	false	1.0
unwichtig	neg 1.0		__DUMMY__ 0.8780227837963772 off 0.07211637800120349 neg 0.049860838202419294	false	0.5
steuerhinterziehung	neg 1.0		__DUMMY__ 0.8812272094249902 off 0.06662095814628774 neg 0.05215183242872204	false	0.5
schock	neg 1.0		__DUMMY__ 0.8847878458782474 off 0.06539432732121246 neg 0.049817826800540074	false	0.5
beule	neg 1.0		__DUMMY__ 0.8758745309179715 off 0.07410855186684012 neg 0.050016917215188354	false	0.5
vergelten	neg 1.0		__DUMMY__ 0.8757722815372841 off 0.07742596461759449 neg 0.04680175384512126	false	0.5
verdorbenheit	neg 1.0		__DUMMY__ 0.8851511877784748 off 0.0679932609194046 neg 0.04685555130212064	false	0.5
trauma	neg 1.0		__DUMMY__ 0.8813878811990242 off 0.06860101021443542 neg 0.05001110858654041	false	0.5
sinnlos	neg 1.0		__DUMMY__ 0.8813617314929155 off 0.06918665372183218 neg 0.049451614785252236	false	0.5
fettsack	off 1.0	off 1.0	off 0.5304168027794703 __DUMMY__ 0.4320366772608212 neg 0.037546519959708556	false	1.0
feige	off 1.0	off 1.0	off 0.5257631384675993 __DUMMY__ 0.43584817039871004 neg 0.03838869113369072	false	1.0
abdanken	neg 1.0		__DUMMY__ 0.8836270087023321 off 0.06698543332721393 neg 0.04938755797045395	false	0.5
wichtigtuer	off 1.0	off 1.0	off 0.5231898545460203 __DUMMY__ 0.4389072879825857 neg 0.03790285747139395	false	1.0
misslingen	neg 1.0		__DUMMY__ 0.8871641092801815 off 0.06839134599768952 neg 0.044444544722128956	false	0.5
untreu	off 1.0		__DUMMY__ 0.876924613073839 off 0.07338568603990334 neg 0.04968970088625766	false	1.0
missmutig	neg 1.0		__DUMMY__ 0.877954511625326 off 0.07069970636204537 neg 0.05134578201262859	false	0.5
hurenbock	off 1.0		__DUMMY__ 0.8826905485260892 off 0.06723301230130069 neg 0.050076439172610204	false	1.0
betrunken	neg 1.0		__DUMMY__ 0.8753429903179829 off 0.07507626383951944 neg 0.04958074584249768	false	0.5
korrupt	off 1.0		__DUMMY__ 0.88047087442639 off 0.06626657658528393 neg 0.05326254898832593	false	1.0
unmut	neg 1.0		__DUMMY__ 0.8884963147722313 off 0.060774079926471936 neg 0.05072960530129678	false	0.5
hackfresse	off 1.0		__DUMMY__ 0.8702821129342126 off 0.08084398776256728 neg 0.04887389930322017	false	1.0
aufblasen	neg 1.0		__DUMMY__ 0.8825948061797113 off 0.0673030896998023 neg 0.050102104120486435	false	0.5
gewaltsam	neg 1.0		__DUMMY__ 0.885050341028317 off 0.06681097086449109 neg 0.04813868810719195	false	0.5
unbeliebtheit	neg 1.0		__DUMMY__ 0.8784504036814736 off 0.07353406944972797 neg 0.04801552686879836	false	0.5
sturheit	neg 1.0		__DUMMY__ 0.8840727984147257 off 0.06648624590212572 neg 0.04944095568314864	false	0.5
kuh	neg 1.0		__DUMMY__ 0.8750447543696093 off 0.07000807478901795 neg 0.054947170841372725	false	0.5
erschrecken	neg 1.0		__DUMMY__ 0.8796474392021545 off 0.07118488404656667 neg 0.04916767675127874	false	0.5
opfer	neg 1.0		__DUMMY__ 0.886703007127501 off 0.06380219944005634 neg 0.049494793432442584	false	0.5
sinken	neg 1.0		__DUMMY__ 0.8871922819499385 off 0.06118066100286991 neg 0.051627057047191505	false	0.5
stinktier	neg 1.0		__DUMMY__ 0.868898048591633 off 0.07863553956445454 neg 0.052466411843912444	false	0.5
tucke	off 1.0		__DUMMY__ 0.8659157882559796 off 0.08291016093829481 neg 0.051174050805725645	false	1.0
ein			__DUMMY__ 0.8819597924535987 off 0.06603661818202863 neg 0.052003589364372764	false	0.0
abstieg	neg 1.0		__DUMMY__ 0.8882290174383598 off 0.06506776751797749 neg 0.04670321504366277	false	0.5
missverstehen	neg 1.0		__DUMMY__ 0.8797276953737546 off 0.07010566359797635 neg 0.050166641028268934	false	0.5
ergebnislos	neg 1.0		__DUMMY__ 0.888588344103859 off 0.06356127504053435 neg 0.04785038085560662	false	0.5
unter			__DUMMY__ 0.8962023708771137 off 0.05497463343266902 neg 0.04882299569021725	false	0.0
manipulieren	neg 1.0		__DUMMY__ 0.8873118860362733 off 0.0629485265113058 neg 0.04973958745242085	false	0.5
unbewiesen	neg 1.0		__DUMMY__ 0.8806904289658793 off 0.06869981258515673 neg 0.050609758448963954	false	0.5
verschleppen	neg 1.0		__DUMMY__ 0.8840662046774257 off 0.06460482954225419 neg 0.05132896578032004	false	0.5
weib	off 1.0		__DUMMY__ 0.8680524551665987 off 0.08316469173227152 neg 0.04878285310112973	false	1.0
opposition	neg 1.0		__DUMMY__ 0.88020730834345 off 0.06867235055679254 neg 0.051120341099757535	false	0.5
verkehrswidrig	neg 1.0		__DUMMY__ 0.879037857938285 off 0.07761780317983222 neg 0.043344338881882716	false	0.5
inkorrekt	neg 1.0		__DUMMY__ 0.8734656349066912 off 0.07634278961008314 neg 0.050191575483225746	false	0.5
vermeiden	neg 1.0		__DUMMY__ 0.8930531689329171 off 0.058381524132359856 neg 0.04856530693472296	false	0.5
abweichung	neg 1.0		__DUMMY__ 0.8868828382863386 off 0.06491388092967283 neg 0.048203280783988514	false	0.5
alkoholisiert	neg 1.0		__DUMMY__ 0.8950746394161192 off 0.06165194212848862 neg 0.04327341845539214	false	0.5
scheiss	off 1.0	off 1.0	off 0.5263920870801967 __DUMMY__ 0.4356094885463464 neg 0.037998424373456866	false	1.0
herausforderung	neg 1.0		__DUMMY__ 0.8858188370774797 off 0.06467287023941522 neg 0.04950829268310515	false	0.5
pervers	off 1.0		__DUMMY__ 0.8656785315494213 off 0.0854518170502686 neg 0.04886965140031004	false	1.0
wackelig	neg 1.0		__DUMMY__ 0.8863945763356105 off 0.0642296296838089 neg 0.049375793980580604	false	0.5
verwickeln	neg 1.0		__DUMMY__ 0.8805177884954396 off 0.06923650372950708 neg 0.05024570777505338	false	0.5
vorwand	neg 1.0		__DUMMY__ 0.8877691056796467 off 0.06153313507077107 neg 0.05069775924958219	false	0.5
muschi	off 1.0		__DUMMY__ 0.8858987935481173 off 0.0666027923994099 neg 0.047498414052472786	false	1.0
entmutigung	neg 1.0		__DUMMY__ 0.8770138012333266 off 0.06999024134763768 neg 0.05299595741903573	false	0.5
unangemessen	neg 1.0		__DUMMY__ 0.883528928039391 off 0.06611537414218911 neg 0.050355697818419885	false	0.5
unstetig	neg 1.0		__DUMMY__ 0.881126278660026 off 0.07108093568626737 neg 0.0477927856537066	false	0.5
entmutigen	neg 1.0		__DUMMY__ 0.8804723807630582 off 0.06803137851017922 neg 0.051496240726762586	false	0.5
schwanz	neg 1.0		__DUMMY__ 0.8873915807754523 off 0.06433147193011113 neg 0.04827694729443649	false	0.5
verbot	neg 1.0		__DUMMY__ 0.8829819151482712 off 0.06595351497700534 neg 0.0510645698747234	false	0.5
leid	neg 1.0		__DUMMY__ 0.8728543575416639 off 0.07782588909480344 neg 0.049319753363532705	false	0.5
archaisch	neg 1.0		__DUMMY__ 0.8833932843762207 off 0.06575781393641279 neg 0.050848901687366624	false	0.5
gegen			__DUMMY__ 0.889754029850754 off 0.06129843888551554 neg 0.04894753126373039	false	0.0
scheidung	neg 1.0		__DUMMY__ 0.8691775611660154 off 0.08908747170634866 neg 0.04173496712763593	false	0.5
einschlag	neg 1.0		__DUMMY__ 0.878066653768569 off 0.07653443226619913 neg 0.04539891396523192	false	0.5
m			__DUMMY__ 0.8860663886837771 off 0.06487942339298315 neg 0.04905418792323976	false	0.0
abgestanden	neg 1.0		__DUMMY__ 0.8780159004479084 off 0.06664427674503026 neg 0.05533982280706137	false	0.5
schmierig	off 1.0		__DUMMY__ 0.8726971276384641 off 0.07756066041396324 neg 0.04974221194757269	false	1.0
unpraktisch	neg 1.0		__DUMMY__ 0.8828508166065057 off 0.0682519926601786 neg 0.0488971907333157	false	0.5
wixxer	off 1.0		__DUMMY__ 0.8645906020206016 off 0.08587751629865488 neg 0.04953188168074353	false	1.0
bezeichnet			__DUMMY__ 0.8831022398010319 off 0.06758442001026058 neg 0.04931334018870764	false	0.0
jammerlappen	off 1.0		__DUMMY__ 0.8778246248464114 off 0.07242769365934461 neg 0.04974768149424401	false	1.0
farce	neg 1.0		__DUMMY__ 0.8810150950249639 off 0.06754453817336432 neg 0.05144036680167177	false	0.5
zwecklos	neg 1.0		__DUMMY__ 0.8836991455877223 off 0.06514256528746024 neg 0.0511582891248174	false	0.5
turbulent	neg 1.0		__DUMMY__ 0.877447134967486 off 0.07447387514096859 neg 0.048078989891545354	false	0.5
invasion	neg 1.0		__DUMMY__ 0.8808377561788492 off 0.06983994509101388 neg 0.049322298730136924	false	0.5
schuld	neg 1.0		__DUMMY__ 0.881480214255943 off 0.06853294835576992 neg 0.04998683738828709	false	0.5
risiko	neg 1.0		__DUMMY__ 0.8810842196985432 off 0.06944156066117282 neg 0.04947421964028401	false	0.5
finster	neg 1.0		__DUMMY__ 0.8813309331574336 off 0.06626658197808247 neg 0.052402484864483845	false	0.5
geisteskrank	off 1.0		__DUMMY__ 0.8747935886061853 off 0.0750650491148078 neg 0.05014136227900696	false	1.0
zusammenbrechen	neg 1.0		__DUMMY__ 0.8838042798086745 off 0.06528625218392509 neg 0.050909468007400364	false	0.5
ausbeute	neg 1.0		__DUMMY__ 0.8862144463782654 off 0.0656740680529252 neg 0.04811148556880938	false	0.5
hinterhalt	neg 1.0		__DUMMY__ 0.8849502679514551 off 0.06547110665926734 neg 0.04957862538927762	false	0.5
kritik	neg 1.0		__DUMMY__ 0.8807904061870963 off 0.06728866478441534 neg 0.05192092902848836	false	0.5
einschrumpfen	neg 1.0		__DUMMY__ 0.8767239501922061 off 0.07264303101222108 neg 0.050633018795572915	false	0.5
riskant	neg 1.0		__DUMMY__ 0.8864728389105742 off 0.0627495995620631 neg 0.05077756152736277	false	0.5
frustrieren	neg 1.0		__DUMMY__ 0.885035390874115 off 0.06366280055490275 neg 0.05130180857098223	false	0.5
groll	neg 1.0		__DUMMY__ 0.8847525187056635 off 0.06533797629657549 neg 0.04990950499776097	false	0.5
gibt			__DUMMY__ 0.8850800315910482 off 0.06488668857145502 neg 0.05003327983749674	false	0.0
qualvoll	neg 1.0		__DUMMY__ 0.8804717966044683 off 0.06917094685796817 neg 0.05035725653756348	false	0.5
wackeln	neg 1.0		__DUMMY__ 0.8836649776320781 off 0.06682418386194348 neg 0.04951083850597836	false	0.5
klagen	neg 1.0		__DUMMY__ 0.8872760923451721 off 0.06183541401101569 neg 0.0508884936438122	false	0.5
bankrott	neg 1.0		__DUMMY__ 0.8812149566424872 off 0.07166715120501145 neg 0.04711789215250137	false	0.5
trauern	neg 1.0		__DUMMY__ 0.8898124388435237 off 0.06267390776391295 neg 0.04751365339256336	false	0.5
ablehnung	neg 1.0		__DUMMY__ 0.8825077137595371 off 0.06670772255288172 neg 0.050784563687581226	false	0.5
stur	neg 1.0		__DUMMY__ 0.880697771566622 off 0.06849400941787702 neg 0.050808219015500956	false	0.5
aufruhr	neg 1.0		__DUMMY__ 0.8808092360553353 off 0.06738010095588233 neg 0.0518106629887824	false	0.5
melancholie	neg 1.0		__DUMMY__ 0.885369431736557 off 0.06193502257056415 neg 0.05269554569287872	false	0.5
ist			__DUMMY__ 0.8812530534448955 off 0.0689200070167478 neg 0.04982693953835682	false	0.0
torheit	neg 1.0		__DUMMY__ 0.8809116334573005 off 0.06864388123264015 neg 0.050444485310059295	false	0.5
dreckskind	off 1.0		__DUMMY__ 0.8692812290838283 off 0.08214350052884199 neg 0.04857527038732972	false	1.0
umtauschen	neg 1.0		__DUMMY__ 0.8839888337933515 off 0.06606700857010239 neg 0.0499441576365462	false	0.5
zum			__DUMMY__ 0.8960104819932015 off 0.05840471642879095 neg 0.04558480157800751	false	0.0
zersetzen	neg 1.0		__DUMMY__ 0.885551157657425 off 0.06264725961225137 neg 0.051801582730323696	false	0.5
zur			__DUMMY__ 0.8929002023675906 off 0.05872569380039918 neg 0.04837410383201019	false	0.0
frust	neg 1.0		__DUMMY__ 0.8839328271033495 off 0.06508008488767181 neg 0.05098708800897868	false	0.5
unerbittlichkeit	neg 1.0		__DUMMY__ 0.886803359412739 off 0.06345882324103093 neg 0.04973781734622997	false	0.5
zwei			__DUMMY__ 0.8932206068368096 off 0.057930358672446676 neg 0.048849034490743674	false	0.0
unkorrekt	neg 1.0		__DUMMY__ 0.8748875224217344 off 0.07490203107503945 neg 0.05021044650322612	false	0.5
hexe	off 1.0		__DUMMY__ 0.8764573772529544 off 0.07174607169245185 neg 0.05179655105459365	false	1.0
lasch	neg 1.0		__DUMMY__ 0.8786168669939537 off 0.0716182229656707 neg 0.04976491004037557	false	0.5
rivale	neg 1.0		__DUMMY__ 0.8757566835054671 off 0.07624128648635749 neg 0.048002030008175385	false	0.5
mutlos	off 1.0	off 1.0	off 0.5190618632182672 __DUMMY__ 0.4418928014467549 neg 0.03904533533497797	false	1.0
wirr	off 1.0		__DUMMY__ 0.8730585353624644 off 0.07690387887842405 neg 0.0500375857591116	false	1.0
jahr			__DUMMY__ 0.8919599283320298 off 0.06224927834232314 neg 0.045790793325647165	false	0.0
wird			__DUMMY__ 0.88593094557186 off 0.06421464500596843 neg 0.04985440942217162	false	0.0
strafbar	neg 1.0		__DUMMY__ 0.8859673641181246 off 0.06331952333504307 neg 0.05071311254683243	false	0.5
erosion	neg 1.0		__DUMMY__ 0.8836090428625855 off 0.06724515638513856 neg 0.04914580075227603	false	0.5
eingehen	neg 1.0		__DUMMY__ 0.8845538660346961 off 0.0634961101324515 neg 0.051950023832852445	false	0.5
faul	off 1.0		__DUMMY__ 0.8802412868240701 off 0.07125402946226593 neg 0.048504683713663926	false	1.0
provisorium	neg 1.0		__DUMMY__ 0.896637786194067 off 0.0549409658617621 neg 0.04842124794417094	false	0.5
schmerzen	neg 1.0		__DUMMY__ 0.8823142972450471 off 0.06542497882609848 neg 0.05226072392885445	false	0.5
schrumpfen	neg 1.0		__DUMMY__ 0.8888668278168735 off 0.058876780406766485 neg 0.052256391776359955	false	0.5
geistlos	off 1.0		__DUMMY__ 0.8773790272659053 off 0.07052074243045757 neg 0.052100230303637	false	1.0
fehlkauf	neg 1.0		__DUMMY__ 0.8803043400606211 off 0.06988994358897273 neg 0.049805716350406155	false	0.5
frustrierend	neg 1.0		__DUMMY__ 0.878538379290425 off 0.07111747965174003 neg 0.050344141057834996	false	0.5
unzufrieden	neg 1.0		__DUMMY__ 0.8846426935904249 off 0.06496092439146581 neg 0.05039638201810931	false	0.5
verzweifeln	neg 1.0		__DUMMY__ 0.8837865021149134 off 0.06617658409632156 neg 0.05003691378876499	false	0.5
verzweifelt	neg 1.0		__DUMMY__ 0.8808469005716895 off 0.06856077218827787 neg 0.05059232724003262	false	0.5
misstrauensantrag	neg 1.0		__DUMMY__ 0.8807151452797275 off 0.06912413288613915 neg 0.05016072183413344	false	0.5
abfallen	neg 1.0		__DUMMY__ 0.8828356634791843 off 0.0669980264523476 neg 0.05016631006846818	false	0.5
fucker	off 1.0		__DUMMY__ 0.8763877027192019 off 0.07593243147982087 neg 0.04767986580097736	false	1.0
ungezogen	neg 1.0		__DUMMY__ 0.8685492315257942 off 0.08304853138013513 neg 0.048402237094070606	false	0.5
irrsinnig	neg 1.0	neg 1.0	neg 0.5085941839207723 __DUMMY__ 0.4396485758246282 off 0.051757240254599574	false	1.0
unfassbar	neg 1.0		__DUMMY__ 0.8774574335725477 off 0.07330242403231199 neg 0.04924014239514033	false	0.5
hart	neg 1.0		__DUMMY__ 0.8756406648134687 off 0.07347333545849026 neg 0.050885999728041	false	0.5
widerlich	off 1.0		__DUMMY__ 0.8759725361279438 off 0.07388569417451885 neg 0.05014176969753739	false	1.0
fatal	neg 1.0	neg 1.0	neg 0.5100868088787167 __DUMMY__ 0.43678013872656724 off 0.053133052394716135	false	1.0
bruch	neg 1.0		__DUMMY__ 0.8888939603959042 off 0.06035850210477421 neg 0.05074753749932153	false	0.5
aushungern	neg 1.0		__DUMMY__ 0.8819883294881516 off 0.06618762096545375 neg 0.05182404954639466	false	0.5
anspannung	neg 1.0		__DUMMY__ 0.8930342472941631 off 0.05821227110728584 neg 0.048753481598551016	false	0.5
von			__DUMMY__ 0.8900425607878661 off 0.0615768390292705 neg 0.048380600182863366	false	0.0
kraftlos	neg 1.0		__DUMMY__ 0.8848619953084518 off 0.06421824948082568 neg 0.050919755210722485	false	0.5
vom			__DUMMY__ 0.8986082342061185 off 0.055334363690224826 neg 0.04605740210365677	false	0.0
grenzdebil	off 1.0		__DUMMY__ 0.8763394121681142 off 0.07359427878041287 neg 0.050066309051473044	false	1.0
vor			__DUMMY__ 0.8888436011368845 off 0.06057530271677353 neg 0.050581096146342	false	0.0
unterwerfen	neg 1.0		__DUMMY__ 0.886268879077597 off 0.06394485807643324 neg 0.049786262845969674	false	0.5
versenkung	neg 1.0		__DUMMY__ 0.8869179330502683 off 0.0634806116754453 neg 0.04960145527428641	false	0.5
entziehen	neg 1.0		__DUMMY__ 0.8879302912192427 off 0.06147948657237515 neg 0.05059022220838208	false	0.5
finanzkrise	neg 1.0		__DUMMY__ 0.8773173533489665 off 0.06695617605884137 neg 0.05572647059219208	false	0.5
schimpfend	neg 1.0		__DUMMY__ 0.8845306969395801 off 0.0675314538531418 neg 0.04793784920727814	false	0.5
profan	neg 1.0		__DUMMY__ 0.880225738866721 off 0.0695600805735514 neg 0.05021418055972765	false	0.5
korruption	neg 1.0		__DUMMY__ 0.8819264325777646 off 0.06547700397722539 neg 0.05259656344500999	false	0.5
â			__DUMMY__ 0.8858737503667922 off 0.06423115314444365 neg 0.049895096488764244	false	0.0
schmutzig	neg 1.0		__DUMMY__ 0.8764899518353317 off 0.07374135951339111 neg 0.049768688651277135	false	0.5
sexy	neg 1.0		__DUMMY__ 0.8804140715408941 off 0.07109371438307437 neg 0.048492214076031555	false	0.5
abraten	neg 1.0		__DUMMY__ 0.8821190124304454 off 0.06902372339959571 neg 0.04885726416995874	false	0.5
schwarz	neg 1.0		__DUMMY__ 0.8812530508682901 off 0.0695120093898025 neg 0.04923493974190737	false	0.5
fotze	off 1.0	off 1.0	off 0.5194372864344697 __DUMMY__ 0.44419943534454875 neg 0.03636327822098146	false	1.0
verwirren	neg 1.0		__DUMMY__ 0.8803728721645281 off 0.06987295817035787 neg 0.04975416966511399	false	0.5
zahnlos	off 1.0		__DUMMY__ 0.8831903781866671 off 0.06594317521020622 neg 0.05086644660312659	false	1.0
verheeren	neg 1.0		__DUMMY__ 0.8681956560927234 off 0.0846043127473755 neg 0.04720003115990107	false	0.5
hippie	neg 1.0		__DUMMY__ 0.880303118255468 off 0.07084124929162984 neg 0.048855632452902094	false	0.5
rammen	neg 1.0		__DUMMY__ 0.8857441559134192 off 0.06736042597351594 neg 0.046895418113064864	false	0.5
unlauter	neg 1.0		__DUMMY__ 0.8810198597635297 off 0.06944516981984361 neg 0.04953497041662665	false	0.5
unheilvoll	neg 1.0		__DUMMY__ 0.8808806561986964 off 0.0680262395567785 neg 0.05109310424452519	false	0.5
niedrig	neg 1.0		__DUMMY__ 0.8853546132637057 off 0.06406822282870517 neg 0.05057716390758903	false	0.5
explosion	neg 1.0		__DUMMY__ 0.8810540563621084 off 0.07064083642284298 neg 0.04830510721504853	false	0.5
weichei	off 1.0	off 1.0	off 0.5298487791503943 __DUMMY__ 0.4313700566733077 neg 0.03878116417629802	false	1.0
minusmensch	off 1.0		__DUMMY__ 0.8682608655461088 off 0.08461877922483738 neg 0.047120355229053855	false	1.0
farblos	neg 1.0		__DUMMY__ 0.8839042448233795 off 0.06798323656946298 neg 0.04811251860715745	false	0.5
unwissend	neg 1.0	neg 1.0	neg 0.5086284830053879 __DUMMY__ 0.43662571806628336 off 0.05474579892832891	false	1.0
traurig	neg 1.0		__DUMMY__ 0.8750396438481614 off 0.07587624911112863 neg 0.049084107040709965	false	0.5
senkung	neg 1.0		__DUMMY__ 0.8764847371411575 off 0.07011803989324082 neg 0.05339722296560175	false	0.5
ungleich	neg 1.0	neg 1.0	neg 0.5087067266115007 __DUMMY__ 0.44274346430603767 off 0.048549809082461606	false	1.0
heikel	neg 1.0		__DUMMY__ 0.8862014861308555 off 0.0628763044608245 neg 0.05092220940831999	false	0.5
drosselung	neg 1.0		__DUMMY__ 0.875878079874532 off 0.07373853152139467 neg 0.050383388604073355	false	0.5
falsch	neg 1.0		__DUMMY__ 0.8795423631564565 off 0.07126503544919015 neg 0.049192601394353275	false	0.5
unzufriedenheit	neg 1.0		__DUMMY__ 0.8854239689585071 off 0.0627985782342543 neg 0.051777452807238694	false	0.5
kurz	neg 1.0		__DUMMY__ 0.8863315179140678 off 0.0647836090749102 neg 0.04888487301102194	false	0.5
unsinnig	neg 1.0		__DUMMY__ 0.8816947584545799 off 0.06643277204203533 neg 0.05187246950338474	false	0.5
penner	off 1.0	off 1.0	off 0.5313628935752942 __DUMMY__ 0.43078351916006835 neg 0.0378535872646374	false	1.0
seicht	neg 1.0		__DUMMY__ 0.8654696434953068 off 0.08249924628534497 neg 0.05203111021934837	false	0.5
dummheit	off 1.0	off 1.0	off 0.5233746491542772 __DUMMY__ 0.4375568237019742 neg 0.03906852714374867	false	1.0
unerfreulich	neg 1.0		__DUMMY__ 0.8869519902565601 off 0.06251573476661094 neg 0.05053227497682897	false	0.5
motherfucker	off 1.0	off 1.0	off 0.5272367403296326 __DUMMY__ 0.43576117525022634 neg 0.03700208442014103	false	1.0
pikiert	neg 1.0		__DUMMY__ 0.8763758503426752 off 0.07279153629219444 neg 0.05083261336513033	false	0.5
wrack	neg 1.0		__DUMMY__ 0.8909121469955297 off 0.06474718142065414 neg 0.04434067158381625	false	0.5
gangster	neg 1.0		__DUMMY__ 0.8799483706616023 off 0.07101161364809376 neg 0.04904001569030401	false	0.5
krank	neg 1.0		__DUMMY__ 0.8773992173348004 off 0.07343754412638508 neg 0.04916323853881446	false	0.5
reich	neg 1.0		__DUMMY__ 0.877379607640639 off 0.07142524881656817 neg 0.0511951435427928	false	0.5
gnadenlos	neg 1.0		__DUMMY__ 0.8826695347786606 off 0.06829610863469986 neg 0.04903435658663953	false	0.5
niedergeschlagen	neg 1.0		__DUMMY__ 0.8862490320333881 off 0.06449291630357447 neg 0.04925805166303734	false	0.5
terrorisieren	off 1.0	off 1.0	off 0.5181297307876614 __DUMMY__ 0.4432353525325747 neg 0.0386349166797639	false	1.0
sinnlosigkeit	neg 1.0		__DUMMY__ 0.8840194289887214 off 0.06541127288250521 neg 0.05056929812877333	false	0.5
behindern	neg 1.0		__DUMMY__ 0.8828302243733164 off 0.06683274710583496 neg 0.050337028520848724	false	0.5
undemokratisch	neg 1.0		__DUMMY__ 0.8794858974193697 off 0.06990821786549485 neg 0.05060588471513551	false	0.5
wirtschaftskrise	neg 1.0		__DUMMY__ 0.881591080811297 off 0.06510862817958839 neg 0.05330029100911465	false	0.5
neid	neg 1.0		__DUMMY__ 0.8790277042493652 off 0.07037011966859327 neg 0.0506021760820416	false	0.5
rutschen	neg 1.0		__DUMMY__ 0.8929278722332679 off 0.05762766444517493 neg 0.049444463321557296	false	0.5
rezession	neg 1.0		__DUMMY__ 0.8695855498862552 off 0.07636127167156437 neg 0.05405317844218042	false	0.5
fehlgeburt	neg 1.0		__DUMMY__ 0.8855088897773218 off 0.06714004814204216 neg 0.04735106208063601	false	0.5
charakterschwach	off 1.0		__DUMMY__ 0.8757579760618316 off 0.07345138693421635 neg 0.050790637003952074	false	1.0
isolation	neg 1.0		__DUMMY__ 0.881458229535567 off 0.07115510561177048 neg 0.04738666485266261	false	0.5
ablenkung	neg 1.0		__DUMMY__ 0.8839146885948851 off 0.06678664166480985 neg 0.049298669740305084	false	0.5
pech	neg 1.0		__DUMMY__ 0.8787349019892994 off 0.07114289192692402 neg 0.0501222060837765	false	0.5
vermeidung	neg 1.0		__DUMMY__ 0.8767003209430954 off 0.07350882426112906 neg 0.04979085479577558	false	0.5
dominieren	neg 1.0		__DUMMY__ 0.8851620500650407 off 0.06565989133454452 neg 0.04917805860041479	false	0.5
schwindlig	neg 1.0		__DUMMY__ 0.8807433825694868 off 0.06872167374574531 neg 0.05053494368476782	false	0.5
lutscher	neg 1.0		__DUMMY__ 0.8656696879084407 off 0.08412861805992702 neg 0.050201694031632375	false	0.5
pflicht	neg 1.0		__DUMMY__ 0.8880244785891889 off 0.061620734315741665 neg 0.05035478709506952	false	0.5
faschist	off 1.0		__DUMMY__ 0.8785192390405614 off 0.0713490819354466 neg 0.05013167902399189	false	1.0
verschleudern	neg 1.0		__DUMMY__ 0.8835668317799364 off 0.063780420779721 neg 0.0526527474403426	false	0.5
wenn			__DUMMY__ 0.8779242691756295 off 0.07211081452266717 neg 0.04996491630170329	false	0.0
ehebruch	neg 1.0		__DUMMY__ 0.8835076579859703 off 0.06448787322680057 neg 0.05200446878722922	false	0.5
spott	off 1.0		__DUMMY__ 0.8859302605068233 off 0.06438638679523186 neg 0.04968335269794484	false	1.0
trostlosigkeit	neg 1.0		__DUMMY__ 0.885470768085452 off 0.06148397364683767 neg 0.053045258267710296	false	0.5
lutschen	neg 1.0		__DUMMY__ 0.8810288747204981 off 0.07153461911721422 neg 0.04743650616228761	false	0.5
undiszipliniert	neg 1.0		__DUMMY__ 0.8751665543329504 off 0.07507917553231704 neg 0.0497542701347325	false	0.5
kopfschmerz	neg 1.0		__DUMMY__ 0.8829000377504723 off 0.06342159200738497 neg 0.0536783702421428	false	0.5
unvorhergesehen	neg 1.0		__DUMMY__ 0.8899943503316862 off 0.06121191883872557 neg 0.04879373082958831	false	0.5
desinteressiert	neg 1.0		__DUMMY__ 0.875494284397695 off 0.07454848088902813 neg 0.04995723471327688	false	0.5
armselig	off 1.0		__DUMMY__ 0.8736520771992272 off 0.07695608596583942 neg 0.049391836834933374	false	1.0
desaster	neg 1.0		__DUMMY__ 0.8865284212215874 off 0.06105681933786348 neg 0.05241475944054912	false	0.5
tod	neg 1.0		__DUMMY__ 0.8869795738253161 off 0.06312989613231611 neg 0.049890530042367875	false	0.5
herzlos	neg 1.0		__DUMMY__ 0.8740702913878436 off 0.07629634717150884 neg 0.04963336144064764	false	0.5
unwissenheit	neg 1.0		__DUMMY__ 0.8840672837868334 off 0.06506992616084116 neg 0.050862790052325337	false	0.5
widersinnig	neg 1.0		__DUMMY__ 0.8809870226244676 off 0.06664297486404128 neg 0.05237000251149107	false	0.5
bedenklich	neg 1.0		__DUMMY__ 0.8842525859381883 off 0.06421996153060848 neg 0.05152745253120318	false	0.5
beanstanden	neg 1.0		__DUMMY__ 0.8886692162024444 off 0.06224573360913326 neg 0.04908505018842241	false	0.5
panisch	neg 1.0		__DUMMY__ 0.882827815688183 off 0.06881639008702574 neg 0.048355794224791165	false	0.5
debil	off 1.0		__DUMMY__ 0.8948831516163508 off 0.05553072784051267 neg 0.04958612054313663	false	1.0
abstrich	neg 1.0		__DUMMY__ 0.8885317617647763 off 0.06485748370148112 neg 0.04661075453374266	false	0.5
primitiv	neg 1.0		__DUMMY__ 0.8752064748097249 off 0.07477672178763939 neg 0.050016803402635826	false	0.5
abschaum	off 1.0	off 1.0	off 0.5255172838446917 __DUMMY__ 0.43748884702529833 neg 0.03699386913001004	false	1.0
provozieren	neg 1.0		__DUMMY__ 0.880990222313387 off 0.06828577325724533 neg 0.050724004429367614	false	0.5
tot	neg 1.0		__DUMMY__ 0.8866343338347137 off 0.0646303110291967 neg 0.04873535513608951	false	0.5
instabil	neg 1.0		__DUMMY__ 0.8732262477940659 off 0.0771972778390709 neg 0.0495764743668632	false	0.5
schwuchtel	off 1.0	off 1.0	off 0.5372229839717704 __DUMMY__ 0.4262093050826044 neg 0.03656771094562508	false	1.0
zerren	neg 1.0		__DUMMY__ 0.8859730641300962 off 0.06455905733919434 neg 0.04946787853070939	false	0.5
kinderficker	off 1.0		__DUMMY__ 0.8717686537899666 off 0.07934946143378126 neg 0.04888188477625216	false	1.0
gefahr	neg 1.0		__DUMMY__ 0.8887702965872664 off 0.062101231027062546 neg 0.049128472385671126	false	0.5
rabiat	neg 1.0		__DUMMY__ 0.8820618530890327 off 0.06642967028215203 neg 0.0515084766288153	false	0.5
verlangsamung	neg 1.0		__DUMMY__ 0.8702061964620595 off 0.08116300239138731 neg 0.04863080114655307	false	0.5
ausgestorben	neg 1.0		__DUMMY__ 0.8840225876902443 off 0.06598830090285145 neg 0.04998911140690426	false	0.5
anklagen	neg 1.0		__DUMMY__ 0.8835515674627641 off 0.06574433347362177 neg 0.05070409906361402	false	0.5
trott	neg 1.0		__DUMMY__ 0.8834871699460962 off 0.06709389349586757 neg 0.04941893655803632	false	0.5
verminderung	neg 1.0		__DUMMY__ 0.8762241778088439 off 0.0734875573297001 neg 0.05028826486145605	false	0.5
nach			__DUMMY__ 0.8950153189882679 off 0.056438707473073495 neg 0.04854597353865857	false	0.0
rost	neg 1.0		__DUMMY__ 0.8714417944101005 off 0.08217997861133296 neg 0.0463782269785665	false	0.5
destruktiv	neg 1.0		__DUMMY__ 0.8811233939420605 off 0.06715916023305438 neg 0.05171744582488509	false	0.5
unzumutbarkeit	neg 1.0		__DUMMY__ 0.8805209552269792 off 0.07362557368940709 neg 0.045853471083613796	false	0.5
labil	off 1.0	off 1.0	off 0.5249827931869542 __DUMMY__ 0.43749566589385736 neg 0.03752154091918842	false	1.0
ziemlich	neg 1.0		__DUMMY__ 0.8786853294275823 off 0.0729556752533554 neg 0.048358995319062355	false	0.5
lachnummer	off 1.0		__DUMMY__ 0.8821602254959072 off 0.06791571626639362 neg 0.04992405823769918	false	1.0
oder			__DUMMY__ 0.8840098849469656 off 0.06750495731410903 neg 0.04848515773892538	false	0.0
verfall	neg 1.0		__DUMMY__ 0.8883701271405767 off 0.0589508445698362 neg 0.05267902828958704	false	0.5
ausgrenzung	neg 1.0		__DUMMY__ 0.879875485929025 off 0.06979894142657664 neg 0.05032557264439848	false	0.5
unordnung	neg 1.0		__DUMMY__ 0.8765107459063662 off 0.07760196188492516 neg 0.045887292208708665	false	0.5
fehlverhalten	neg 1.0		__DUMMY__ 0.8858202020697425 off 0.06341062663973483 neg 0.05076917129052262	false	0.5
eine			__DUMMY__ 0.8881183040504551 off 0.06111117871986391 neg 0.05077051722968106	false	0.0
nille	neg 1.0		__DUMMY__ 0.8834610670304193 off 0.0676294327124213 neg 0.04890950025715946	false	0.5
qual	neg 1.0		__DUMMY__ 0.8835641486711155 off 0.06678656353573564 neg 0.0496492877931489	false	0.5
verschwenden	neg 1.0		__DUMMY__ 0.8850652788961748 off 0.06292286954522146 neg 0.05201185155860369	false	0.5
riesig	neg 1.0		__DUMMY__ 0.8892092137617387 off 0.06311499758132393 neg 0.04767578865693745	false	0.5
verurteilen	neg 1.0		__DUMMY__ 0.8831436152058186 off 0.0655928125921736 neg 0.05126357220200778	false	0.5
klischee	neg 1.0	neg 1.0	neg 0.5086732941422895 __DUMMY__ 0.4371724379692596 off 0.05415426788845099	false	1.0
diktatorisch	neg 1.0		__DUMMY__ 0.8785358110129349 off 0.07001490948871474 neg 0.05144927949835044	false	0.5
vorhersehbar	neg 1.0		__DUMMY__ 0.8778263751692951 off 0.07051702189720915 neg 0.05165660293349569	false	0.5
sowie			__DUMMY__ 0.8707695060207733 off 0.07858037392057189 neg 0.050650120058654775	false	0.0
stornieren	neg 1.0		__DUMMY__ 0.8874444355437802 off 0.06998316689488658 neg 0.04257239756133324	false	0.5
besteuerung	neg 1.0	neg 1.0	neg 0.5109380374409621 __DUMMY__ 0.4374014255504548 off 0.05166053700858316	false	1.0
ungeschminkt	neg 1.0		__DUMMY__ 0.8769984270195459 off 0.07443628675310165 neg 0.04856528622735251	false	0.5
kritisch	neg 1.0		__DUMMY__ 0.8845715502167241 off 0.06515590138351034 neg 0.050272548399765624	false	0.5
schlamperei	off 1.0		__DUMMY__ 0.8861737467450715 off 0.06381905739581496 neg 0.0500071958591135	false	1.0
sucht	neg 1.0	neg 1.0	neg 0.5045141553619875 __DUMMY__ 0.443775292826484 off 0.051710551811528525	false	1.0
egoistisch	off 1.0	off 1.0	off 0.5297550752702901 __DUMMY__ 0.43338808838788867 neg 0.03685683634182123	false	1.0
ausbeuter	off 1.0		__DUMMY__ 0.8839467142797475 off 0.06318560340096209 neg 0.052867682319290496	false	1.0
arschgeburt	off 1.0		__DUMMY__ 0.8635886761516343 off 0.08867472815074132 neg 0.04773659569762439	false	1.0
schubs	neg 1.0		__DUMMY__ 0.8849125907867182 off 0.0636455106329542 neg 0.05144189858032754	false	0.5
unsolide	neg 1.0		__DUMMY__ 0.8796581338978229 off 0.07033169526009125 neg 0.050010170842085956	false	0.5
beschwerde	neg 1.0		__DUMMY__ 0.8852428304137857 off 0.06540661360932531 neg 0.049350555976889095	false	0.5
stocken	neg 1.0		__DUMMY__ 0.886232231990938 off 0.06431072616840772 neg 0.04945704184065431	false	0.5
isolieren	neg 1.0		__DUMMY__ 0.8852946185840518 off 0.06540177514854195 neg 0.049303606267406284	false	0.5
unheilbar	neg 1.0		__DUMMY__ 0.8812217360142671 off 0.06743187506847466 neg 0.05134638891725829	false	0.5
pisser	off 1.0	off 1.0	off 0.5278096451109632 __DUMMY__ 0.436818236154114 neg 0.03537211873492273	false	1.0
löschen	neg 1.0		__DUMMY__ 0.8830154066811509 off 0.06784288450068192 neg 0.04914170881816717	false	0.5
durchfallen	neg 1.0		__DUMMY__ 0.8845569310799181 off 0.06479620344507797 neg 0.05064686547500399	false	0.5
wichser	off 1.0	off 1.0	off 0.5338474566964166 __DUMMY__ 0.42843105653121405 neg 0.03772148677236926	false	1.0
terror	neg 1.0		__DUMMY__ 0.8813568088852396 off 0.0704426075847999 neg 0.0482005835299605	false	0.5
krass	neg 1.0		__DUMMY__ 0.8732553367670326 off 0.07773827742286513 neg 0.0490063858101022	false	0.5
revolte	neg 1.0		__DUMMY__ 0.8749055071083247 off 0.07137064963405335 neg 0.05372384325762181	false	0.5
besorgt	neg 1.0		__DUMMY__ 0.8870766077677315 off 0.06511073859451233 neg 0.047812653637756136	false	0.5
nachlassen	neg 1.0		__DUMMY__ 0.8869796123386147 off 0.06396007722861619 neg 0.04906031043276913	false	0.5
alt	neg 1.0		__DUMMY__ 0.8819771134809588 off 0.06324913610800285 neg 0.05477375041103843	false	0.5
hundesohn	off 1.0	off 1.0	off 0.5333451931729215 __DUMMY__ 0.43132842347905476 neg 0.0353263833480237	false	1.0
als			__DUMMY__ 0.8837321061070993 off 0.06518876267216243 neg 0.05107913122073841	false	0.0
abschreckung	neg 1.0		__DUMMY__ 0.8861189044100009 off 0.06260279379651255 neg 0.051278301793486504	false	0.5
unqualifiziert	neg 1.0		__DUMMY__ 0.8781747840391219 off 0.07195057827571708 neg 0.049874637685161136	false	0.5
abgewichst	off 1.0		__DUMMY__ 0.8847071517658893 off 0.06682143130045341 neg 0.048471416933657266	false	1.0
schwer	neg 1.0		__DUMMY__ 0.8824505607021224 off 0.06664239947041624 neg 0.05090703982746145	false	0.5
bedeutungslosigkeit	neg 1.0		__DUMMY__ 0.8856998158089002 off 0.0631009782049211 neg 0.05119920598617861	false	0.5
kapitulation	neg 1.0		__DUMMY__ 0.8821956785498812 off 0.06486966849390649 neg 0.05293465295621225	false	0.5
unscharf	neg 1.0		__DUMMY__ 0.8772046051452664 off 0.06888026384707895 neg 0.0539151310076546	false	0.5
schwinden	neg 1.0		__DUMMY__ 0.8854931785379021 off 0.0631726736055395 neg 0.051334147856558404	false	0.5
versklavung	neg 1.0	neg 1.0	neg 0.5090648847488547 __DUMMY__ 0.4383837193904173 off 0.052551395860728004	false	1.0
schlecht	neg 1.0		__DUMMY__ 0.8788571095928601 off 0.07314834765013964 neg 0.047994542757000255	false	0.5
verhasst	neg 1.0		__DUMMY__ 0.8801085897009094 off 0.06900273189244514 neg 0.05088867840664541	false	0.5
beschweren	neg 1.0		__DUMMY__ 0.8820942712682027 off 0.06920188529128753 neg 0.048703843440509854	false	0.5
scheiden	neg 1.0		__DUMMY__ 0.8834508075549533 off 0.06687961083484706 neg 0.04966958161019968	false	0.5
frustriert	neg 1.0		__DUMMY__ 0.884157100714027 off 0.06587469077642547 neg 0.04996820850954753	false	0.5
schimmelig	neg 1.0		__DUMMY__ 0.8846111867087398 off 0.06364883733111729 neg 0.05173997596014282	false	0.5
fisch	neg 1.0		__DUMMY__ 0.8855937661935462 off 0.06031784470760048 neg 0.05408838909885325	false	0.5
schmuggel	neg 1.0		__DUMMY__ 0.889961559502954 off 0.061220534001219996 neg 0.04881790649582602	false	0.5
auffallen	neg 1.0		__DUMMY__ 0.8808410177338262 off 0.06962233883901801 neg 0.04953664342715585	false	0.5
konkurrenz	neg 1.0		__DUMMY__ 0.888256671493076 off 0.06265940276921067 neg 0.0490839257377134	false	0.5
teufelskreis	neg 1.0	neg 1.0	neg 0.5104179292780622 __DUMMY__ 0.43906951916058606 off 0.0505125515613517	false	1.0
aufschreien	neg 1.0		__DUMMY__ 0.8786932127065187 off 0.07032552081169903 neg 0.050981266481782285	false	0.5
schuldner	neg 1.0		__DUMMY__ 0.8839632180373393 off 0.06292950785947779 neg 0.053107274103182764	false	0.5
missgeburt	off 1.0	off 1.0	off 0.5317963761363166 __DUMMY__ 0.43439261424274295 neg 0.033811009620940545	false	1.0
arbeitslos	neg 1.0		__DUMMY__ 0.884648497810569 off 0.0647949051546724 neg 0.050556597034758594	false	0.5
befallen	neg 1.0		__DUMMY__ 0.8822230188422499 off 0.06646878851271268 neg 0.05130819264503747	false	0.5
miesepetrig	off 1.0	off 1.0	off 0.5245710626814375 __DUMMY__ 0.43728057027237427 neg 0.03814836704618831	false	1.0
alarmieren	neg 1.0		__DUMMY__ 0.8787327703170275 off 0.07242642836326312 neg 0.04884080131970936	false	0.5
ungeduscht	off 1.0		__DUMMY__ 0.8784160667220327 off 0.07124059490725275 neg 0.05034333837071455	false	1.0
knappheit	neg 1.0		__DUMMY__ 0.8828470350628408 off 0.06514857978785352 neg 0.05200438514930566	false	0.5
schlange	neg 1.0		__DUMMY__ 0.8839296819801995 off 0.06740958112956302 neg 0.04866073689023748	false	0.5
harsch	neg 1.0		__DUMMY__ 0.8785900297399533 off 0.07743012213280892 neg 0.04397984812723783	false	0.5
lang	neg 1.0		__DUMMY__ 0.8823975835593358 off 0.0686215242810693 neg 0.048980892159594815	false	0.5
ziellos	neg 1.0		__DUMMY__ 0.8875118640601706 off 0.06303083491847503 neg 0.04945730102135433	false	0.5
selbstverliebt	neg 1.0		__DUMMY__ 0.8665920215034251 off 0.0854020270113577 neg 0.048005951485217274	false	0.5
beseitigen	neg 1.0		__DUMMY__ 0.8883155825623777 off 0.06712313251608311 neg 0.04456128492153913	false	0.5
dumm	off 1.0		__DUMMY__ 0.8703982305777928 off 0.08008071606103746 neg 0.04952105336116988	false	1.0
arbeitsloser	neg 1.0		__DUMMY__ 0.8874216196611342 off 0.06490964006572998 neg 0.04766874027313576	false	0.5
blitzen	neg 1.0		__DUMMY__ 0.8788717435470106 off 0.07139557708536028 neg 0.04973267936762919	false	0.5
hilflos	neg 1.0		__DUMMY__ 0.8845906572107838 off 0.06473051994895158 neg 0.050678822840264585	false	0.5
eklig	off 1.0		__DUMMY__ 0.8687599008253187 off 0.08047684956257152 neg 0.05076324961210977	false	1.0
begriff			__DUMMY__ 0.8824850933858451 off 0.06686311261458272 neg 0.0506517939995722	false	0.0
hungersnot	neg 1.0		__DUMMY__ 0.8814127281994558 off 0.06510828243966675 neg 0.053478989360877326	false	0.5
ungesetzlich	neg 1.0		__DUMMY__ 0.878863853222242 off 0.07013393889832277 neg 0.051002207879435255	false	0.5
verschwendung	neg 1.0		__DUMMY__ 0.8857825174431495 off 0.06295308766868656 neg 0.05126439488816387	false	0.5
schmerzvoll	neg 1.0		__DUMMY__ 0.8804295671714657 off 0.06875251373404002 neg 0.050817919094494304	false	0.5
vorzeitig	neg 1.0		__DUMMY__ 0.8802907418510842 off 0.07251826919255203 neg 0.04719098895636365	false	0.5
unvollkommenheit	neg 1.0		__DUMMY__ 0.8845492085844101 off 0.06552127737465795 neg 0.049929514040931856	false	0.5
intervenieren	neg 1.0		__DUMMY__ 0.8837185946686775 off 0.06384336552480391 neg 0.05243803980651865	false	0.5
banause	off 1.0		__DUMMY__ 0.865153270914388 off 0.08208514616204352 neg 0.052761582923568515	false	1.0
rebell	neg 1.0		__DUMMY__ 0.8894054527779733 off 0.0588844457907546 neg 0.05171010143127201	false	0.5
unlogisch	neg 1.0		__DUMMY__ 0.8746003128580238 off 0.07571642868068572 neg 0.04968325846129053	false	0.5
leiden	neg 1.0		__DUMMY__ 0.8903939163468005 off 0.06124825944804956 neg 0.048357824205149766	false	0.5
abschaffung	neg 1.0		__DUMMY__ 0.8804077768103862 off 0.06853955944068618 neg 0.051052663748927606	false	0.5
sturz	neg 1.0		__DUMMY__ 0.8858399025704271 off 0.06941075666401782 neg 0.04474934076555511	false	0.5
verkleinerung	neg 1.0		__DUMMY__ 0.8765448345149995 off 0.07182201905424773 neg 0.05163314643075275	false	0.5
schmarotzer	off 1.0		__DUMMY__ 0.883085771026025 off 0.06573945632508689 neg 0.051174772648888006	false	1.0
bestrafung	neg 1.0	neg 1.0	neg 0.5075210025709547 __DUMMY__ 0.4410146461099439 off 0.05146435131910151	false	1.0
achtlos	neg 1.0		__DUMMY__ 0.8844292637022179 off 0.06574730657635186 neg 0.049823429721430244	false	0.5
ungeheuer	neg 1.0		__DUMMY__ 0.881282837410134 off 0.06752173201459837 neg 0.05119543057526769	false	0.5
unaufrichtig	neg 1.0		__DUMMY__ 0.8794564192832488 off 0.07190049190868061 neg 0.0486430888080705	false	0.5
