unsolidarisch	neg 1.0		__DUMMY__ 0.9247798480811863 off 0.042528675432533185 neg 0.03269147648628053	false	0.5
nachteilig	neg 1.0		__DUMMY__ 0.9327770417320694 off 0.038331271604405845 neg 0.02889168666352476	false	0.5
skeptisch	neg 1.0		__DUMMY__ 0.9312441561671193 off 0.03748195336533271 neg 0.031273890467548054	false	0.5
schrecklich	neg 1.0		__DUMMY__ 0.9208630612638455 off 0.04885854341029378 neg 0.030278395325860713	false	0.5
schlapp	neg 1.0	neg 1.0	neg 0.49830388508684587 __DUMMY__ 0.46029085533411 off 0.04140525957904403	false	1.0
abfall	neg 1.0		__DUMMY__ 0.9345530126289856 off 0.03482761002453107 neg 0.03061937734648326	false	0.5
widerspenstig	neg 1.0		__DUMMY__ 0.9274546530518772 off 0.04054141962964615 neg 0.03200392731847654	false	0.5
abrupt	neg 1.0		__DUMMY__ 0.9312658212326466 off 0.03677192963058426 neg 0.031962249136769184	false	0.5
unwirksam	neg 1.0		__DUMMY__ 0.9238261339255734 off 0.041838456369582215 neg 0.03433540970484428	false	0.5
angreifen	neg 1.0		__DUMMY__ 0.9314189483637209 off 0.03710105584661817 neg 0.03147999578966091	false	0.5
inkonsistent	neg 1.0		__DUMMY__ 0.924847012553024 off 0.043296955106477616 neg 0.03185603234049836	false	0.5
abrutschen	neg 1.0		__DUMMY__ 0.9339418703308392 off 0.03455455931522416 neg 0.03150357035393659	false	0.5
unsicher	neg 1.0		__DUMMY__ 0.9286342492052877 off 0.04123828531116784 neg 0.030127465483544395	false	0.5
bauernkind	off 1.0	off 1.0	off 0.5158482994727144 __DUMMY__ 0.4545755166496358 neg 0.02957618387764984	false	1.0
angreifer	neg 1.0		__DUMMY__ 0.9282860070898155 off 0.04453863697766819 neg 0.02717535593251639	false	0.5
trennen	neg 1.0		__DUMMY__ 0.9327981526631478 off 0.03662028296136398 neg 0.030581564375488167	false	0.5
schmutz	neg 1.0		__DUMMY__ 0.9335112806680826 off 0.043394287913595765 neg 0.02309443141832164	false	0.5
inkonsistenz	neg 1.0		__DUMMY__ 0.9236873974089272 off 0.04552734588388353 neg 0.030785256707189252	false	0.5
erschreckend	neg 1.0		__DUMMY__ 0.9280447874189066 off 0.040855050024591395 neg 0.03110016255650196	false	0.5
ertrinken	neg 1.0		__DUMMY__ 0.9310465364161185 off 0.03656134959591607 neg 0.0323921139879655	false	0.5
pickelface	off 1.0		__DUMMY__ 0.9289714255677612 off 0.041695644678388606 neg 0.029332929753850136	false	1.0
seiner			__DUMMY__ 0.9323020023545976 off 0.037242451641491474 neg 0.030455546003910944	false	0.0
lauch	neg 1.0	neg 1.0	neg 0.49750870801254204 __DUMMY__ 0.47085199342407213 off 0.03163929856338582	false	1.0
unwichtig	neg 1.0		__DUMMY__ 0.9237730359406033 off 0.04546167323788264 neg 0.03076529082151398	false	0.5
steuerhinterziehung	neg 1.0		__DUMMY__ 0.9264305097292711 off 0.040986765074897714 neg 0.032582725195831115	false	0.5
schock	neg 1.0		__DUMMY__ 0.9294780336281038 off 0.039868203460051294 neg 0.030653762911845014	false	0.5
beule	neg 1.0		__DUMMY__ 0.9220695444751679 off 0.046982555186418515 neg 0.030947900338413648	false	0.5
vergelten	neg 1.0		__DUMMY__ 0.9218070436934178 off 0.04990332241980257 neg 0.02828963388677957	false	0.5
verdorbenheit	neg 1.0		__DUMMY__ 0.9300023475229473 off 0.04180283347804588 neg 0.0281948189990068	false	0.5
trauma	neg 1.0		__DUMMY__ 0.9266499581669057 off 0.042503702931478995 neg 0.0308463389016153	false	0.5
sinnlos	neg 1.0		__DUMMY__ 0.9266110852717356 off 0.04302853248599612 neg 0.030360382242268266	false	0.5
fettsack	off 1.0	off 1.0	off 0.5170179208036974 __DUMMY__ 0.45508771771983453 neg 0.02789436147646825	false	1.0
feige	off 1.0	off 1.0	off 0.5125255250221603 __DUMMY__ 0.45885856989049145 neg 0.028615905087348376	false	1.0
abdanken	neg 1.0		__DUMMY__ 0.9284680796216338 off 0.041279239825951324 neg 0.030252680552414955	false	0.5
wichtigtuer	off 1.0	off 1.0	off 0.5099237436396468 __DUMMY__ 0.4620120189904271 neg 0.02806423736992616	false	1.0
misslingen	neg 1.0		__DUMMY__ 0.9317235998563194 off 0.04217197224223446 neg 0.0261044279014462	false	0.5
untreu	off 1.0		__DUMMY__ 0.9228172736381122 off 0.046531628400947725 neg 0.03065109796094009	false	1.0
missmutig	neg 1.0		__DUMMY__ 0.9237018602200759 off 0.044289814779070756 neg 0.03200832500085334	false	0.5
hurenbock	off 1.0		__DUMMY__ 0.927832158317038 off 0.041248341320444186 neg 0.03091950036251776	false	1.0
betrunken	neg 1.0		__DUMMY__ 0.9215482714816761 off 0.04785578754448536 neg 0.030595940973838547	false	0.5
korrupt	off 1.0		__DUMMY__ 0.9257405056452432 off 0.040745809492414777 neg 0.033513684862341936	false	1.0
unmut	neg 1.0		__DUMMY__ 0.9326376354561148 off 0.03607606874398694 neg 0.03128629579989828	false	0.5
hackfresse	off 1.0		__DUMMY__ 0.9172299419863529 off 0.05267196006748248 neg 0.030098097946164734	false	1.0
aufblasen	neg 1.0		__DUMMY__ 0.9277057371745223 off 0.04140294648266085 neg 0.030891316342816846	false	0.5
gewaltsam	neg 1.0		__DUMMY__ 0.9297456151659894 off 0.04102163517834504 neg 0.029232749655665562	false	0.5
unbeliebtheit	neg 1.0		__DUMMY__ 0.9241332641735246 off 0.04664971771925189 neg 0.029217018107223585	false	0.5
sturheit	neg 1.0		__DUMMY__ 0.9288778796342506 off 0.040840891661585846 neg 0.030281228704163516	false	0.5
kuh	neg 1.0		__DUMMY__ 0.921299201603339 off 0.0436139360387667 neg 0.03508686235789431	false	0.5
erschrecken	neg 1.0		__DUMMY__ 0.9251652507143446 off 0.04467055007241358 neg 0.030164199213241864	false	0.5
opfer	neg 1.0		__DUMMY__ 0.9311347025838089 off 0.038560449323883104 neg 0.030304848092308063	false	0.5
sinken	neg 1.0		__DUMMY__ 0.9315261086020572 off 0.03640454595523033 neg 0.0320693454427125	false	0.5
stinktier	neg 1.0		__DUMMY__ 0.9159903222622209 off 0.05088944872902266 neg 0.03312022900875655	false	0.5
tucke	off 1.0		__DUMMY__ 0.9134776660852051 off 0.054402196495081226 neg 0.032120137419713736	false	1.0
ein			__DUMMY__ 0.9271148097582366 off 0.04036962780595201 neg 0.032515562435811385	false	0.0
abstieg	neg 1.0		__DUMMY__ 0.9324154269353244 off 0.03959996500077819 neg 0.02798460806389735	false	0.5
missverstehen	neg 1.0		__DUMMY__ 0.9252071738252844 off 0.04381667283407339 neg 0.030976153340642253	false	0.5
ergebnislos	neg 1.0		__DUMMY__ 0.932771810231263 off 0.038327426632556116 neg 0.028900763136180934	false	0.5
unter			__DUMMY__ 0.9392755650839477 off 0.031113440810755934 neg 0.029610994105296384	false	0.0
manipulieren	neg 1.0		__DUMMY__ 0.9316493483942128 off 0.03788363403468417 neg 0.03046701757110302	false	0.5
unbewiesen	neg 1.0		__DUMMY__ 0.925947696382523 off 0.04274693721155151 neg 0.03130536640592564	false	0.5
verschleppen	neg 1.0		__DUMMY__ 0.9288604748422674 off 0.03929643092184614 neg 0.031843094235886465	false	0.5
weib	off 1.0		__DUMMY__ 0.91529111488812 off 0.054633999517296125 neg 0.030074885594583867	false	1.0
opposition	neg 1.0		__DUMMY__ 0.9256970721111732 off 0.04252419433858691 neg 0.031778733550239885	false	0.5
verkehrswidrig	neg 1.0		__DUMMY__ 0.9248038418304863 off 0.04980212580680595 neg 0.02539403236270784	false	0.5
inkorrekt	neg 1.0		__DUMMY__ 0.9198194943280823 off 0.04906868635606605 neg 0.03111181931585156	false	0.5
vermeiden	neg 1.0		__DUMMY__ 0.9366619882724708 off 0.03392331092609092 neg 0.029414700801438227	false	0.5
abweichung	neg 1.0		__DUMMY__ 0.9313458533082755 off 0.03943282302007892 neg 0.02922132367164566	false	0.5
alkoholisiert	neg 1.0		__DUMMY__ 0.938563107917279 off 0.03637541388481313 neg 0.02506147819790779	false	0.5
scheiss	off 1.0	off 1.0	off 0.5128957613534945 __DUMMY__ 0.458828569964429 neg 0.02827566868207663	false	1.0
herausforderung	neg 1.0		__DUMMY__ 0.9303228278473284 off 0.03931033228065082 neg 0.03036683987202072	false	0.5
pervers	off 1.0		__DUMMY__ 0.913261461208679 off 0.05654437296115981 neg 0.03019416583016119	false	1.0
wackelig	neg 1.0		__DUMMY__ 0.9309640250085551 off 0.03879985870561667 neg 0.030236116285828202	false	0.5
verwickeln	neg 1.0		__DUMMY__ 0.9258508625318704 off 0.04311180229901801 neg 0.031037335169111623	false	0.5
vorwand	neg 1.0		__DUMMY__ 0.9320498667833828 off 0.0366815769719762 neg 0.03126855624464103	false	0.5
muschi	off 1.0		__DUMMY__ 0.9305410162705265 off 0.04077403296204654 neg 0.028684950767426855	false	1.0
entmutigung	neg 1.0		__DUMMY__ 0.9227892097925432 off 0.04385280099804367 neg 0.03335798920941323	false	0.5
unangemessen	neg 1.0		__DUMMY__ 0.9284156704274865 off 0.040522025928319584 neg 0.031062303644193854	false	0.5
unstetig	neg 1.0		__DUMMY__ 0.9264742910555179 off 0.04449126432069194 neg 0.029034444623790165	false	0.5
entmutigen	neg 1.0		__DUMMY__ 0.9258130400514004 off 0.042098829257700275 neg 0.03208813069089927	false	0.5
schwanz	neg 1.0		__DUMMY__ 0.9318872592845979 off 0.03880341029020187 neg 0.02930933042520013	false	0.5
verbot	neg 1.0		__DUMMY__ 0.9279174669329046 off 0.040439313228979416 neg 0.03164321983811598	false	0.5
leid	neg 1.0		__DUMMY__ 0.9194409849501902 off 0.05013186821713582 neg 0.030427146832673887	false	0.5
archaisch	neg 1.0		__DUMMY__ 0.9283289205505939 off 0.040211134918109695 neg 0.03145994453129636	false	0.5
gegen			__DUMMY__ 0.9336668059757011 off 0.03653020729786958 neg 0.02980298672642928	false	0.0
scheidung	neg 1.0		__DUMMY__ 0.9161766619688327 off 0.05960472950894307 neg 0.02421860852222412	false	0.5
einschlag	neg 1.0		__DUMMY__ 0.9239050952823065 off 0.0490090330409101 neg 0.027085871676783342	false	0.5
m			__DUMMY__ 0.9306893782045417 off 0.039328569134829516 neg 0.02998205266062872	false	0.0
abgestanden	neg 1.0		__DUMMY__ 0.9238938659514878 off 0.04075103279976836 neg 0.035355101248743755	false	0.5
schmierig	off 1.0		__DUMMY__ 0.9192869519133465 off 0.0499514538365505 neg 0.030761594250102883	false	1.0
unpraktisch	neg 1.0		__DUMMY__ 0.927999216645873 off 0.04211546367597148 neg 0.0298853196781555	false	0.5
wixxer	off 1.0		__DUMMY__ 0.9123113182039586 off 0.0569184561138656 neg 0.030770225682175807	false	1.0
bezeichnet			__DUMMY__ 0.9280791312591569 off 0.04171120682580943 neg 0.030209661915033603	false	0.0
jammerlappen	off 1.0		__DUMMY__ 0.9235882077381667 off 0.04574040175034863 neg 0.030671390511484636	false	1.0
farce	neg 1.0		__DUMMY__ 0.9262425060590167 off 0.04176417228836114 neg 0.031993321652622246	false	0.5
zwecklos	neg 1.0		__DUMMY__ 0.9285405660872786 off 0.03972896931709849 neg 0.03173046459562284	false	0.5
turbulent	neg 1.0		__DUMMY__ 0.9232797728994064 off 0.04735831342287925 neg 0.02936191367771438	false	0.5
invasion	neg 1.0		__DUMMY__ 0.9261843460646647 off 0.04351929055853913 neg 0.030296363376796226	false	0.5
schuld	neg 1.0		__DUMMY__ 0.9266817036705491 off 0.04251730648803323 neg 0.03080098984141771	false	0.5
risiko	neg 1.0		__DUMMY__ 0.9263775619434025 off 0.043245409573580765 neg 0.03037702848301683	false	0.5
finster	neg 1.0		__DUMMY__ 0.9267373942746522 off 0.040430664838707955 neg 0.03283194088663991	false	0.5
geisteskrank	off 1.0		__DUMMY__ 0.9209805261468119 off 0.047969317472175955 neg 0.03105015638101213	false	1.0
zusammenbrechen	neg 1.0		__DUMMY__ 0.9286203603082064 off 0.03984110485214123 neg 0.03153853483965246	false	0.5
ausbeute	neg 1.0		__DUMMY__ 0.9308041219437125 off 0.03998228934621072 neg 0.029213588710076673	false	0.5
hinterhalt	neg 1.0		__DUMMY__ 0.9297223757732652 off 0.03983755169031541 neg 0.03044007253641933	false	0.5
kritik	neg 1.0		__DUMMY__ 0.9260331425515097 off 0.04157085167818375 neg 0.03239600577030652	false	0.5
einschrumpfen	neg 1.0		__DUMMY__ 0.9226544850908107 off 0.04590220673506691 neg 0.03144330817412234	false	0.5
riskant	neg 1.0		__DUMMY__ 0.9309215688094477 off 0.03770125795175359 neg 0.03137717323879872	false	0.5
frustrieren	neg 1.0		__DUMMY__ 0.9296867646009503 off 0.03848432610838434 neg 0.03182890929066532	false	0.5
groll	neg 1.0		__DUMMY__ 0.9294698885742794 off 0.03986243832502814 neg 0.03066767310069248	false	0.5
gibt			__DUMMY__ 0.9297042943382067 off 0.03950324337251825 neg 0.03079246228927502	false	0.0
qualvoll	neg 1.0		__DUMMY__ 0.9258565295065998 off 0.04299265213305701 neg 0.031150818360343252	false	0.5
wackeln	neg 1.0		__DUMMY__ 0.9285679674137346 off 0.04103144519942081 neg 0.030400587386844546	false	0.5
klagen	neg 1.0		__DUMMY__ 0.9316078562998643 off 0.036962737469598314 neg 0.031429406230537485	false	0.5
bankrott	neg 1.0		__DUMMY__ 0.926571743175322 off 0.04494778151693291 neg 0.02848047530774515	false	0.5
trauern	neg 1.0		__DUMMY__ 0.9338522286150657 off 0.037547275878381386 neg 0.0286004955065529	false	0.5
ablehnung	neg 1.0		__DUMMY__ 0.9275250469664642 off 0.04106225316125715 neg 0.03141269987227869	false	0.5
stur	neg 1.0		__DUMMY__ 0.9260058056895241 off 0.04249284158350041 neg 0.03150135272697551	false	0.5
aufruhr	neg 1.0		__DUMMY__ 0.9260599461153827 off 0.041607135423210005 neg 0.03233291846140724	false	0.5
melancholie	neg 1.0		__DUMMY__ 0.9301356413215196 off 0.036885562047900465 neg 0.03297879663057997	false	0.5
ist			__DUMMY__ 0.9264949770246456 off 0.04281838766732975 neg 0.03068663530802474	false	0.0
torheit	neg 1.0		__DUMMY__ 0.9261826445927156 off 0.04264638503088542 neg 0.03117097037639888	false	0.5
dreckskind	off 1.0		__DUMMY__ 0.9163198705101168 off 0.053784154640229564 neg 0.029895974849653627	false	1.0
umtauschen	neg 1.0		__DUMMY__ 0.9289853822131895 off 0.04025543873115098 neg 0.030759179055659575	false	0.5
zum			__DUMMY__ 0.9391492452391623 off 0.03390936713637678 neg 0.026941387624460866	false	0.0
zersetzen	neg 1.0		__DUMMY__ 0.9301341424299783 off 0.037646529341059394 neg 0.0322193282289624	false	0.5
zur			__DUMMY__ 0.9364266476918495 off 0.03429234206064498 neg 0.029281010247505485	false	0.0
frust	neg 1.0		__DUMMY__ 0.9287005443559617 off 0.039695979920491314 neg 0.031603475723546944	false	0.5
unerbittlichkeit	neg 1.0		__DUMMY__ 0.9312363848123519 off 0.038285122402743905 neg 0.030478492784904145	false	0.5
zwei			__DUMMY__ 0.9367343671698346 off 0.03355049941648876 neg 0.029715133413676674	false	0.0
unkorrekt	neg 1.0		__DUMMY__ 0.9211019701296416 off 0.04776842894920295 neg 0.031129600921155492	false	0.5
hexe	off 1.0		__DUMMY__ 0.922528425743056 off 0.0450542411807644 neg 0.03241733307617953	false	1.0
lasch	neg 1.0		__DUMMY__ 0.9242461422422685 off 0.04509280595945327 neg 0.03066105179827826	false	0.5
rivale	neg 1.0		__DUMMY__ 0.921887882471681 off 0.04881928680903611 neg 0.029292830719282934	false	0.5
mutlos	off 1.0	off 1.0	off 0.5058659046081164 __DUMMY__ 0.46501182020106585 neg 0.029122275190817587	false	1.0
wirr	off 1.0		__DUMMY__ 0.9194840983131346 off 0.04945909435825737 neg 0.031056807328608008	false	1.0
jahr			__DUMMY__ 0.9356936031623568 off 0.037118283021408044 neg 0.02718811381623523	false	0.0
wird			__DUMMY__ 0.9304861701490139 off 0.03888482886103775 neg 0.030629000989948422	false	0.0
strafbar	neg 1.0		__DUMMY__ 0.9305030601443327 off 0.03818701622294547 neg 0.03130992363272187	false	0.5
erosion	neg 1.0		__DUMMY__ 0.928574096736707 off 0.04131633277450214 neg 0.030109570488790847	false	0.5
eingehen	neg 1.0		__DUMMY__ 0.9292476195581879 off 0.03837215721182042 neg 0.032380223229991574	false	0.5
faul	off 1.0		__DUMMY__ 0.9258125964484911 off 0.04458733393387593 neg 0.029600069617633024	false	1.0
provisorium	neg 1.0		__DUMMY__ 0.9397007584320616 off 0.03103261727503674 neg 0.02926662429290178	false	0.5
schmerzen	neg 1.0		__DUMMY__ 0.9275438887592529 off 0.03976258966649504 neg 0.032693521574252156	false	0.5
schrumpfen	neg 1.0		__DUMMY__ 0.9329351751398447 off 0.034521102834068174 neg 0.032543722026087095	false	0.5
geistlos	off 1.0		__DUMMY__ 0.9231179728410818 off 0.04426430210855561 neg 0.03261772505036252	false	1.0
fehlkauf	neg 1.0		__DUMMY__ 0.9257462667692566 off 0.04356879755021941 neg 0.03068493568052397	false	0.5
frustrierend	neg 1.0		__DUMMY__ 0.9241718483294538 off 0.04466637677492089 neg 0.0311617748956253	false	0.5
unzufrieden	neg 1.0		__DUMMY__ 0.9293365157703676 off 0.03956900381446669 neg 0.03109448041516583	false	0.5
verzweifeln	neg 1.0		__DUMMY__ 0.9286308248889107 off 0.04055764956075748 neg 0.03081152555033187	false	0.5
verzweifelt	neg 1.0		__DUMMY__ 0.926109415321177 off 0.0425547312235799 neg 0.03133585345524313	false	0.5
misstrauensantrag	neg 1.0		__DUMMY__ 0.9261289553932315 off 0.042884411350226914 neg 0.030986633256541586	false	0.5
abfallen	neg 1.0		__DUMMY__ 0.9279686908379536 off 0.04108986385735443 neg 0.030941445304691943	false	0.5
fucker	off 1.0		__DUMMY__ 0.9223372827790575 off 0.048649222192226685 neg 0.029013495028715967	false	1.0
ungezogen	neg 1.0		__DUMMY__ 0.9157602445728428 off 0.05449403802236524 neg 0.029745717404791927	false	0.5
irrsinnig	neg 1.0	neg 1.0	neg 0.49874513938667364 __DUMMY__ 0.46274214108803696 off 0.03851271952528937	false	1.0
unfassbar	neg 1.0		__DUMMY__ 0.9232771548637041 off 0.046447182461309036 neg 0.03027566267498692	false	0.5
hart	neg 1.0		__DUMMY__ 0.9217902646671104 off 0.0465112155120265 neg 0.03169851982086311	false	0.5
widerlich	off 1.0		__DUMMY__ 0.9220370258427107 off 0.046934615181369835 neg 0.03102835897591935	false	1.0
fatal	neg 1.0	neg 1.0	neg 0.5003188861850972 __DUMMY__ 0.45978199724250607 off 0.03989911657239672	false	1.0
bruch	neg 1.0		__DUMMY__ 0.9329646319115802 off 0.035738530954931624 neg 0.031296837133488235	false	0.5
aushungern	neg 1.0		__DUMMY__ 0.9270316450351285 off 0.040683866019840566 neg 0.03228448894503095	false	0.5
anspannung	neg 1.0		__DUMMY__ 0.9365495768735072 off 0.03386244740277578 neg 0.029587975723717005	false	0.5
von			__DUMMY__ 0.9339969255061225 off 0.03663396261254081 neg 0.029369111881336715	false	0.0
kraftlos	neg 1.0		__DUMMY__ 0.9295962422704419 off 0.038886578431354284 neg 0.031517179298203774	false	0.5
vom			__DUMMY__ 0.9414020935585087 off 0.031300050419362895 neg 0.027297856022128357	false	0.0
grenzdebil	off 1.0		__DUMMY__ 0.9223638478150012 off 0.046675247794715366 neg 0.03096090439028348	false	1.0
vor			__DUMMY__ 0.9329325505898027 off 0.035874340182848706 neg 0.03119310922734866	false	0.0
unterwerfen	neg 1.0		__DUMMY__ 0.9308059051040795 off 0.0386770872491614 neg 0.030517007646759218	false	0.5
versenkung	neg 1.0		__DUMMY__ 0.9312513873838 off 0.038350171261283574 neg 0.03039844135491641	false	0.5
entziehen	neg 1.0		__DUMMY__ 0.9321724488429232 off 0.03664876083154494 neg 0.031178790325531988	false	0.5
finanzkrise	neg 1.0		__DUMMY__ 0.9230944823211987 off 0.04128413301706776 neg 0.03562138466173352	false	0.5
schimpfend	neg 1.0		__DUMMY__ 0.9294490519627003 off 0.04146351746653608 neg 0.029087430570763562	false	0.5
profan	neg 1.0		__DUMMY__ 0.9256612160918191 off 0.043327025679590674 neg 0.031011758228590314	false	0.5
korruption	neg 1.0		__DUMMY__ 0.9270372961889478 off 0.040034223521165806 neg 0.032928480289886465	false	0.5
â			__DUMMY__ 0.9305301306100588 off 0.038794904452957045 neg 0.030674964936984187	false	0.0
schmutzig	neg 1.0		__DUMMY__ 0.9224759419409498 off 0.04680935975161652 neg 0.030714698307433612	false	0.5
sexy	neg 1.0		__DUMMY__ 0.9258368231778574 off 0.04454939329952892 neg 0.029613783522613662	false	0.5
abraten	neg 1.0		__DUMMY__ 0.9272942312433713 off 0.04283032951103539 neg 0.02987543924559331	false	0.5
schwarz	neg 1.0		__DUMMY__ 0.9265341025427143 off 0.04325516533085349 neg 0.03021073212643231	false	0.5
fotze	off 1.0	off 1.0	off 0.5060462380283299 __DUMMY__ 0.467502740830238 neg 0.02645102114143216	false	1.0
verwirren	neg 1.0		__DUMMY__ 0.9257706797057981 off 0.04359712354309753 neg 0.03063219675110439	false	0.5
zahnlos	off 1.0		__DUMMY__ 0.9280902407666662 off 0.04041375956645367 neg 0.03149599966688012	false	1.0
verheeren	neg 1.0		__DUMMY__ 0.9153376163228466 off 0.05591054532564811 neg 0.028751838351505344	false	0.5
hippie	neg 1.0		__DUMMY__ 0.9257200187173834 off 0.044368102646935005 neg 0.029911878635681635	false	0.5
rammen	neg 1.0		__DUMMY__ 0.9305705402533059 off 0.04125369434643935 neg 0.028175765400254783	false	0.5
unlauter	neg 1.0		__DUMMY__ 0.9263291229737349 off 0.04323740408906971 neg 0.030433472937195317	false	0.5
unheilvoll	neg 1.0		__DUMMY__ 0.9263053894795199 off 0.04195527948589445 neg 0.03173933103458569	false	0.5
niedrig	neg 1.0		__DUMMY__ 0.9300405331231544 off 0.03871522998661355 neg 0.03124423689023202	false	0.5
explosion	neg 1.0		__DUMMY__ 0.9264111265810023 off 0.044151633435134015 neg 0.02943723998386371	false	0.5
weichei	off 1.0	off 1.0	off 0.5165182416182502 __DUMMY__ 0.45436017910758036 neg 0.029121579274169324	false	1.0
minusmensch	off 1.0		__DUMMY__ 0.9153231320213381 off 0.0559676195328843 neg 0.028709248445777654	false	1.0
farblos	neg 1.0		__DUMMY__ 0.9289511156994494 off 0.04180261641866828 neg 0.029246267881882226	false	0.5
unwissend	neg 1.0	neg 1.0	neg 0.4988476890222515 __DUMMY__ 0.4597016935679676 off 0.04145061740978083	false	1.0
traurig	neg 1.0		__DUMMY__ 0.921266507857588 off 0.04855954549396918 neg 0.030173946648442786	false	0.5
senkung	neg 1.0		__DUMMY__ 0.9224727092949728 off 0.04379907674101793 neg 0.03372821396400923	false	0.5
ungleich	neg 1.0	neg 1.0	neg 0.49876952693619175 __DUMMY__ 0.46591608742868534 off 0.03531438563512293	false	1.0
heikel	neg 1.0		__DUMMY__ 0.9307141274005923 off 0.037796997692421945 neg 0.031488874906985674	false	0.5
drosselung	neg 1.0		__DUMMY__ 0.9219860175153319 off 0.04674032689838019 neg 0.0312736555862879	false	0.5
falsch	neg 1.0		__DUMMY__ 0.9251054922956939 off 0.044709429786294295 neg 0.030185077918011765	false	0.5
unzufriedenheit	neg 1.0		__DUMMY__ 0.9299892643832568 off 0.03780315126295032 neg 0.032207584353792874	false	0.5
kurz	neg 1.0		__DUMMY__ 0.9308919868915607 off 0.03927388186953022 neg 0.029834131238909104	false	0.5
unsinnig	neg 1.0		__DUMMY__ 0.9268201366144323 off 0.04081495085639275 neg 0.03236491252917507	false	0.5
penner	off 1.0	off 1.0	off 0.5180764520134151 __DUMMY__ 0.45370690155510995 neg 0.028216646431474972	false	1.0
seicht	neg 1.0		__DUMMY__ 0.9129749228589873 off 0.05422793823309104 neg 0.03279713890792162	false	0.5
dummheit	off 1.0	off 1.0	off 0.5101368630769793 __DUMMY__ 0.46060637815063304 neg 0.029256758772387648	false	1.0
unerfreulich	neg 1.0		__DUMMY__ 0.9313551343138291 off 0.03748096115854906 neg 0.031163904527621897	false	0.5
motherfucker	off 1.0	off 1.0	off 0.5139811983390534 __DUMMY__ 0.4587533005182425 neg 0.02726550114270416	false	1.0
pikiert	neg 1.0		__DUMMY__ 0.9223657790338144 off 0.046036098540142144 neg 0.03159812242604331	false	0.5
wrack	neg 1.0		__DUMMY__ 0.9349379035840496 off 0.03908892805077014 neg 0.02597316836518029	false	0.5
gangster	neg 1.0		__DUMMY__ 0.9254290055846446 off 0.04449628634421747 neg 0.0300747080711379	false	0.5
krank	neg 1.0		__DUMMY__ 0.9233382037526902 off 0.0464603968181348 neg 0.03020139942917509	false	0.5
reich	neg 1.0		__DUMMY__ 0.923179176097456 off 0.04487315594324008 neg 0.03194766795930384	false	0.5
gnadenlos	neg 1.0		__DUMMY__ 0.9276897694253826 off 0.04231312661425247 neg 0.02999710396036497	false	0.5
niedergeschlagen	neg 1.0		__DUMMY__ 0.9307750531872943 off 0.039069631332611626 neg 0.03015531548009422	false	0.5
terrorisieren	off 1.0	off 1.0	off 0.5049169088931765 __DUMMY__ 0.4663853224865177 neg 0.02869776862030582	false	1.0
sinnlosigkeit	neg 1.0		__DUMMY__ 0.9288323722937529 off 0.03993538403860763 neg 0.03123224366763938	false	0.5
behindern	neg 1.0		__DUMMY__ 0.9279227550106361 off 0.04098595341710021 neg 0.0310912915722636	false	0.5
undemokratisch	neg 1.0		__DUMMY__ 0.9249282079352527 off 0.043744398738136125 neg 0.03132739332661127	false	0.5
wirtschaftskrise	neg 1.0		__DUMMY__ 0.9267471028685752 off 0.03972656834767496 neg 0.033526328783749816	false	0.5
neid	neg 1.0		__DUMMY__ 0.9247033850621174 off 0.043935066596681296 neg 0.03136154834120141	false	0.5
rutschen	neg 1.0		__DUMMY__ 0.9365252472353397 off 0.03329019308029579 neg 0.030184559684364485	false	0.5
rezession	neg 1.0		__DUMMY__ 0.9164783391681787 off 0.04911817715854997 neg 0.034403483673271396	false	0.5
fehlgeburt	neg 1.0		__DUMMY__ 0.9302623986015327 off 0.041139576253288304 neg 0.02859802514517898	false	0.5
charakterschwach	off 1.0		__DUMMY__ 0.921805052748813 off 0.04661928245772687 neg 0.03157566479346018	false	1.0
isolation	neg 1.0		__DUMMY__ 0.9267611471078999 off 0.044546634447781966 neg 0.028692218444318046	false	0.5
ablenkung	neg 1.0		__DUMMY__ 0.9288008638070757 off 0.04100340111253099 neg 0.030195735080393363	false	0.5
pech	neg 1.0		__DUMMY__ 0.9244891183287136 off 0.04450876985691136 neg 0.031002111814375025	false	0.5
vermeidung	neg 1.0		__DUMMY__ 0.922673109722285 off 0.0465517034736926 neg 0.030775186804022504	false	0.5
dominieren	neg 1.0		__DUMMY__ 0.9297916403716863 off 0.040098609149403046 neg 0.030109750478910784	false	0.5
schwindlig	neg 1.0		__DUMMY__ 0.926261565547113 off 0.04245964373538224 neg 0.03127879071750472	false	0.5
lutscher	neg 1.0		__DUMMY__ 0.9132422609450725 off 0.0554540328070992 neg 0.03130370624782816	false	0.5
pflicht	neg 1.0		__DUMMY__ 0.932215947432726 off 0.0367876447045076 neg 0.03099640786276647	false	0.5
faschist	off 1.0		__DUMMY__ 0.9241216132428219 off 0.044924405349009856 neg 0.030953981408168227	false	1.0
verschleudern	neg 1.0		__DUMMY__ 0.928419372692826 off 0.03859757699898843 neg 0.03298305030818551	false	0.5
wenn			__DUMMY__ 0.9236530045489137 off 0.045483860363213245 neg 0.030863135087872976	false	0.0
ehebruch	neg 1.0		__DUMMY__ 0.9283663983310616 off 0.039208372949692 neg 0.03242522871924636	false	0.5
spott	off 1.0		__DUMMY__ 0.9304771227702487 off 0.03906999519284249 neg 0.03045288203690882	false	1.0
trostlosigkeit	neg 1.0		__DUMMY__ 0.9300385431275282 off 0.03670359855696694 neg 0.03325785831550493	false	0.5
lutschen	neg 1.0		__DUMMY__ 0.9264072043369974 off 0.044865187910575983 neg 0.028727607752426585	false	0.5
undiszipliniert	neg 1.0		__DUMMY__ 0.9213787027863605 off 0.04787982004892051 neg 0.030741477164718936	false	0.5
kopfschmerz	neg 1.0		__DUMMY__ 0.9280106675649511 off 0.0381274726238997 neg 0.03386185981114922	false	0.5
unvorhergesehen	neg 1.0		__DUMMY__ 0.9341127003718791 off 0.03619245410809573 neg 0.029694845520025222	false	0.5
desinteressiert	neg 1.0		__DUMMY__ 0.9216521501465904 off 0.0474620435956679 neg 0.03088580625774164	false	0.5
armselig	off 1.0		__DUMMY__ 0.9200167237023188 off 0.04952723314576316 neg 0.030456043151918147	false	1.0
desaster	neg 1.0		__DUMMY__ 0.9309061458972884 off 0.036370608046827756 neg 0.032723246055883934	false	0.5
tod	neg 1.0		__DUMMY__ 0.9314784396197746 off 0.03787013254594066 neg 0.03065142783428476	false	0.5
herzlos	neg 1.0		__DUMMY__ 0.9204147934402513 off 0.048938127599522346 neg 0.03064707896022629	false	0.5
unwissenheit	neg 1.0		__DUMMY__ 0.928892063348215 off 0.039642997970382954 neg 0.03146493868140205	false	0.5
widersinnig	neg 1.0		__DUMMY__ 0.9261919689238507 off 0.041036749071988024 neg 0.032771282004161205	false	0.5
bedenklich	neg 1.0		__DUMMY__ 0.9290251457230858 off 0.03894620982217272 neg 0.032028644454741476	false	0.5
beanstanden	neg 1.0		__DUMMY__ 0.932796496143554 off 0.03726798043527875 neg 0.02993552342116731	false	0.5
panisch	neg 1.0		__DUMMY__ 0.9279515601007408 off 0.04260248356873948 neg 0.029445956330519756	false	0.5
debil	off 1.0		__DUMMY__ 0.9382594844780838 off 0.03146514936781924 neg 0.030275366154096987	false	1.0
abstrich	neg 1.0		__DUMMY__ 0.9331054288618376 off 0.03897338199318561 neg 0.027921189144976856	false	0.5
primitiv	neg 1.0		__DUMMY__ 0.9213679792103305 off 0.04769369700836916 neg 0.03093832378130022	false	0.5
abschaum	off 1.0	off 1.0	off 0.5122532807279311 __DUMMY__ 0.4605668774321882 neg 0.02717984183988069	false	1.0
provozieren	neg 1.0		__DUMMY__ 0.9262529489763479 off 0.04232439826654121 neg 0.03142265275711085	false	0.5
tot	neg 1.0		__DUMMY__ 0.9312635878143587 off 0.039019446664338236 neg 0.02971696552130299	false	0.5
instabil	neg 1.0		__DUMMY__ 0.919576388327503 off 0.0497500522925258 neg 0.03067355937997125	false	0.5
schwuchtel	off 1.0	off 1.0	off 0.5239797153294993 __DUMMY__ 0.4489675837585175 neg 0.027052700911983273	false	1.0
zerren	neg 1.0		__DUMMY__ 0.9305295484714834 off 0.039165677057256494 neg 0.03030477447126001	false	0.5
kinderficker	off 1.0		__DUMMY__ 0.9184101175055905 off 0.051520216989083954 neg 0.03006966550532546	false	1.0
gefahr	neg 1.0		__DUMMY__ 0.9328808078851833 off 0.037157215763346206 neg 0.02996197635147037	false	0.5
rabiat	neg 1.0		__DUMMY__ 0.9271169588467123 off 0.040795138503163256 neg 0.03208790265012446	false	0.5
verlangsamung	neg 1.0		__DUMMY__ 0.9170548074219885 off 0.053063434772766545 neg 0.029881757805244925	false	0.5
ausgestorben	neg 1.0		__DUMMY__ 0.9288591702783706 off 0.040376288201231327 neg 0.030764541520398075	false	0.5
anklagen	neg 1.0		__DUMMY__ 0.9284487633687813 off 0.04020637446680933 neg 0.031344862164409314	false	0.5
trott	neg 1.0		__DUMMY__ 0.9284722840118143 off 0.04120233822171037 neg 0.030325377766475377	false	0.5
verminderung	neg 1.0		__DUMMY__ 0.922286758597381 off 0.04651742631176005 neg 0.031195815090859016	false	0.5
nach			__DUMMY__ 0.938286375131499 off 0.032289648562683515 neg 0.029423976305817404	false	0.0
rost	neg 1.0		__DUMMY__ 0.9181745758199795 off 0.05380136195277822 neg 0.02802406222724217	false	0.5
destruktiv	neg 1.0		__DUMMY__ 0.9263646279595729 off 0.04139921159459981 neg 0.03223616044582723	false	0.5
unzumutbarkeit	neg 1.0		__DUMMY__ 0.9259969084921496 off 0.046586763470856704 neg 0.027416328036993762	false	0.5
labil	off 1.0	off 1.0	off 0.5117268765451329 __DUMMY__ 0.4605334506578459 neg 0.02773967279702123	false	1.0
ziemlich	neg 1.0		__DUMMY__ 0.9243794816228019 off 0.04611560937351834 neg 0.029504909003679754	false	0.5
lachnummer	off 1.0		__DUMMY__ 0.927199198457129 off 0.04206011246754641 neg 0.030740689075324738	false	1.0
oder			__DUMMY__ 0.9289219483836799 off 0.04154913121349108 neg 0.029528920402828958	false	0.0
verfall	neg 1.0		__DUMMY__ 0.9325412174148039 off 0.03455813392876096 neg 0.03290064865643522	false	0.5
ausgrenzung	neg 1.0		__DUMMY__ 0.9253019136997392 off 0.043620904618795406 neg 0.031077181681465293	false	0.5
unordnung	neg 1.0		__DUMMY__ 0.922500920553341 off 0.04993603694731214 neg 0.027563042499346865	false	0.5
fehlverhalten	neg 1.0		__DUMMY__ 0.9303407572494937 off 0.038296422919416415 neg 0.0313628198310899	false	0.5
eine			__DUMMY__ 0.9323327937108761 off 0.03630502452408781 neg 0.031362181765036155	false	0.0
nille	neg 1.0		__DUMMY__ 0.9283650385489305 off 0.04172824657964971 neg 0.029906714871419778	false	0.5
qual	neg 1.0		__DUMMY__ 0.9285323263332822 off 0.04095732083395445 neg 0.03051035283276338	false	0.5
verschwenden	neg 1.0		__DUMMY__ 0.9297454664947218 off 0.03783089521780924 neg 0.03242363828746904	false	0.5
riesig	neg 1.0		__DUMMY__ 0.9334733197844228 off 0.037755889315606715 neg 0.028770790899970446	false	0.5
verurteilen	neg 1.0		__DUMMY__ 0.92806836273118 off 0.04012715139668528 neg 0.03180448587213473	false	0.5
klischee	neg 1.0	neg 1.0	neg 0.49887606745656304 __DUMMY__ 0.4601989809941188 off 0.04092495154931809	false	1.0
diktatorisch	neg 1.0		__DUMMY__ 0.9241005577999127 off 0.04386122500673918 neg 0.032038217193348095	false	0.5
vorhersehbar	neg 1.0		__DUMMY__ 0.9235198579469567 off 0.04421934124005563 neg 0.03226080081298763	false	0.5
sowie			__DUMMY__ 0.9175557134655062 off 0.05086610821141074 neg 0.031578178323083066	false	0.0
stornieren	neg 1.0		__DUMMY__ 0.9319019888903126 off 0.04351688927142723 neg 0.024581121838260122	false	0.5
besteuerung	neg 1.0	neg 1.0	neg 0.5011221902891472 __DUMMY__ 0.4605163205925981 off 0.03836148911825469	false	1.0
ungeschminkt	neg 1.0		__DUMMY__ 0.9230703982274707 off 0.047193737008105134 neg 0.02973586476442415	false	0.5
kritisch	neg 1.0		__DUMMY__ 0.9292797874797719 off 0.03974714448001816 neg 0.030973068040209908	false	0.5
schlamperei	off 1.0		__DUMMY__ 0.9306745857219517 off 0.038605588423953084 neg 0.030719825854095203	false	1.0
sucht	neg 1.0	neg 1.0	neg 0.49458715132843445 __DUMMY__ 0.46724309237312267 off 0.038169756298442874	false	1.0
egoistisch	off 1.0	off 1.0	off 0.516427384352084 __DUMMY__ 0.45641619441702436 neg 0.027156421230891587	false	1.0
ausbeuter	off 1.0		__DUMMY__ 0.9287282151204789 off 0.03814495829334335 neg 0.0331268265861778	false	1.0
arschgeburt	off 1.0		__DUMMY__ 0.9113370029009412 off 0.0593611007596218 neg 0.02930189633943699	false	1.0
schubs	neg 1.0		__DUMMY__ 0.9298074433508662 off 0.0382130353724183 neg 0.03197952127671545	false	0.5
unsolide	neg 1.0		__DUMMY__ 0.9250867870589853 off 0.04405544498736795 neg 0.03085776795364676	false	0.5
beschwerde	neg 1.0		__DUMMY__ 0.9298751790539821 off 0.03992155017988841 neg 0.030203270766129553	false	0.5
stocken	neg 1.0		__DUMMY__ 0.930725756590899 off 0.038996650717098964 neg 0.030277592692002003	false	0.5
isolieren	neg 1.0		__DUMMY__ 0.9299484493138931 off 0.0399034439919375 neg 0.03014810669416932	false	0.5
unheilbar	neg 1.0		__DUMMY__ 0.9264049981808575 off 0.04166965670537513 neg 0.031925345113767274	false	0.5
pisser	off 1.0	off 1.0	off 0.5144179424946167 __DUMMY__ 0.4599484006226279 neg 0.02563365688275544	false	1.0
löschen	neg 1.0		__DUMMY__ 0.9280469941232907 off 0.041857716741500135 neg 0.030095289135209185	false	0.5
durchfallen	neg 1.0		__DUMMY__ 0.9292846679115482 off 0.03941014929287268 neg 0.03130518279557905	false	0.5
wichser	off 1.0	off 1.0	off 0.5205795818460763 __DUMMY__ 0.45127798250469203 neg 0.02814243564923161	false	1.0
terror	neg 1.0		__DUMMY__ 0.9266768435061794 off 0.043954959680738453 neg 0.029368196813082153	false	0.5
krass	neg 1.0		__DUMMY__ 0.9198288515940264 off 0.05000259088514773 neg 0.030168557520825822	false	0.5
revolte	neg 1.0		__DUMMY__ 0.9209475655344531 off 0.04502976769300364 neg 0.03402266677254331	false	0.5
besorgt	neg 1.0		__DUMMY__ 0.9314669467715205 off 0.03960516240392593 neg 0.028927890824553548	false	0.5
nachlassen	neg 1.0		__DUMMY__ 0.9314225444809522 off 0.03860661821310768 neg 0.029970837305940138	false	0.5
alt	neg 1.0		__DUMMY__ 0.9272717066796319 off 0.03792479018372416 neg 0.03480350313664399	false	0.5
hundesohn	off 1.0	off 1.0	off 0.5200948107366569 __DUMMY__ 0.4542081354833642 neg 0.025697053779978916	false	1.0
als			__DUMMY__ 0.9285683590395182 off 0.0397417764195533 neg 0.03168986454092849	false	0.0
abschreckung	neg 1.0		__DUMMY__ 0.9305943204649354 off 0.03763731562387763 neg 0.03176836391118699	false	0.5
unqualifiziert	neg 1.0		__DUMMY__ 0.9238256506999363 off 0.045400727104630785 neg 0.0307736221954329	false	0.5
abgewichst	off 1.0		__DUMMY__ 0.9295022051847486 off 0.04098383369330223 neg 0.029513961121949192	false	1.0
schwer	neg 1.0		__DUMMY__ 0.9274615637663749 off 0.04095954533209201 neg 0.031578890901533145	false	0.5
bedeutungslosigkeit	neg 1.0		__DUMMY__ 0.9302388071360167 off 0.038045697819431325 neg 0.03171549504455196	false	0.5
kapitulation	neg 1.0		__DUMMY__ 0.9272256012082913 off 0.039565971163523166 neg 0.03320842762818547	false	0.5
unscharf	neg 1.0		__DUMMY__ 0.9232046214413528 off 0.04260753985041942 neg 0.03418783870822779	false	0.5
schwinden	neg 1.0		__DUMMY__ 0.9300658896325338 off 0.03810100963442674 neg 0.031833100733039556	false	0.5
versklavung	neg 1.0	neg 1.0	neg 0.4992117888312525 __DUMMY__ 0.46142576514812544 off 0.03936244602062209	false	1.0
schlecht	neg 1.0		__DUMMY__ 0.9244993170620928 off 0.04629748471905783 neg 0.029203198218849452	false	0.5
verhasst	neg 1.0		__DUMMY__ 0.9254953069691358 off 0.04293568203411364 neg 0.031569010996750475	false	0.5
beschweren	neg 1.0		__DUMMY__ 0.9272187396091004 off 0.04303982407651332 neg 0.029741436314386322	false	0.5
scheiden	neg 1.0		__DUMMY__ 0.9284740674541668 off 0.04099029264751894 neg 0.03053563989831426	false	0.5
frustriert	neg 1.0		__DUMMY__ 0.9289525550682334 off 0.04030285780310638 neg 0.030744587128660242	false	0.5
schimmelig	neg 1.0		__DUMMY__ 0.9296258949744007 off 0.038141171412360515 neg 0.03223293361323874	false	0.5
fisch	neg 1.0		__DUMMY__ 0.930443764085084 off 0.035391501110164966 neg 0.03416473480475107	false	0.5
schmuggel	neg 1.0		__DUMMY__ 0.9338919361387706 off 0.03639550273556298 neg 0.02971256112566647	false	0.5
auffallen	neg 1.0		__DUMMY__ 0.9261603430627223 off 0.04339132596894407 neg 0.030448330968333655	false	0.5
konkurrenz	neg 1.0		__DUMMY__ 0.9323515836256059 off 0.03769024516231008 neg 0.02995817121208401	false	0.5
teufelskreis	neg 1.0	neg 1.0	neg 0.5005659236877525 __DUMMY__ 0.46208226700549515 off 0.037351809306752276	false	1.0
aufschreien	neg 1.0		__DUMMY__ 0.9243107925534833 off 0.04401103049855874 neg 0.03167817694795806	false	0.5
schuldner	neg 1.0		__DUMMY__ 0.9287776194245791 off 0.0378948745958072 neg 0.03332750597961364	false	0.5
missgeburt	off 1.0	off 1.0	off 0.5183758604064733 __DUMMY__ 0.4574915274062913 neg 0.02413261218723534	false	1.0
arbeitslos	neg 1.0		__DUMMY__ 0.9293400870024886 off 0.03943084701937095 neg 0.03122906597814039	false	0.5
befallen	neg 1.0		__DUMMY__ 0.9272645375435226 off 0.0408509609318798 neg 0.03188450152459759	false	0.5
miesepetrig	off 1.0	off 1.0	off 0.5111510278904408 __DUMMY__ 0.4604876807771515 neg 0.02836129133240762	false	1.0
alarmieren	neg 1.0		__DUMMY__ 0.9242926137157074 off 0.04580498127486602 neg 0.029902405009426557	false	0.5
ungeduscht	off 1.0		__DUMMY__ 0.9243153602298867 off 0.04450760820761963 neg 0.03117703156249377	false	1.0
knappheit	neg 1.0		__DUMMY__ 0.9278478482264175 off 0.03971420270970879 neg 0.032437949063873706	false	0.5
schlange	neg 1.0		__DUMMY__ 0.9288264838221859 off 0.041478348683240414 neg 0.029695167494573686	false	0.5
harsch	neg 1.0		__DUMMY__ 0.9242944514974463 off 0.04976906350000583 neg 0.02593648500254797	false	0.5
lang	neg 1.0		__DUMMY__ 0.9275066682880728 off 0.04251276824234748 neg 0.02998056346957961	false	0.5
ziellos	neg 1.0		__DUMMY__ 0.9318342857450543 off 0.03789417151325724 neg 0.030271542741688407	false	0.5
selbstverliebt	neg 1.0		__DUMMY__ 0.9140061556887482 off 0.05654038404508612 neg 0.029453460266165615	false	0.5
beseitigen	neg 1.0		__DUMMY__ 0.9326369601308305 off 0.04118204851210612 neg 0.02618099135706331	false	0.5
dumm	off 1.0		__DUMMY__ 0.9172934614494171 off 0.052076774527201754 neg 0.030629764023381075	false	1.0
arbeitsloser	neg 1.0		__DUMMY__ 0.9317073332417795 off 0.03951401101529485 neg 0.02877865574292568	false	0.5
blitzen	neg 1.0		__DUMMY__ 0.9244901251358124 off 0.044846147659954844 neg 0.030663727204232678	false	0.5
hilflos	neg 1.0		__DUMMY__ 0.9293685434964362 off 0.03930887712930165 neg 0.03132257937426221	false	0.5
eklig	off 1.0		__DUMMY__ 0.9159027662049348 off 0.05239586257978666 neg 0.03170137121527858	false	1.0
begriff			__DUMMY__ 0.9275419482714458 off 0.04112944448952 neg 0.03132860723903422	false	0.0
hungersnot	neg 1.0		__DUMMY__ 0.9266004793725229 off 0.03972029031456131 neg 0.033679230312915774	false	0.5
ungesetzlich	neg 1.0		__DUMMY__ 0.9243185564745592 off 0.044006767684144084 neg 0.031674675841296726	false	0.5
verschwendung	neg 1.0		__DUMMY__ 0.9303499560854424 off 0.03787002877371046 neg 0.031780015140847134	false	0.5
schmerzvoll	neg 1.0		__DUMMY__ 0.9258000476062308 off 0.04268444543909788 neg 0.031515506954671375	false	0.5
vorzeitig	neg 1.0		__DUMMY__ 0.9256951177137815 off 0.0457591351349079 neg 0.028545747151310506	false	0.5
unvollkommenheit	neg 1.0		__DUMMY__ 0.9293760444303923 off 0.03991595597011858 neg 0.030707999599489003	false	0.5
intervenieren	neg 1.0		__DUMMY__ 0.9285381532267784 off 0.03869183175524115 neg 0.032770015017980485	false	0.5
banause	off 1.0		__DUMMY__ 0.9127789787475142 off 0.05378724628006509 neg 0.03343377497242059	false	1.0
rebell	neg 1.0		__DUMMY__ 0.9335965342743061 off 0.03427009156684798 neg 0.03213337415884601	false	0.5
unlogisch	neg 1.0		__DUMMY__ 0.9208863593711551 off 0.048432583974618644 neg 0.03068105665422617	false	0.5
leiden	neg 1.0		__DUMMY__ 0.9344770094828022 off 0.03622872199563609 neg 0.029294268521561688	false	0.5
abschaffung	neg 1.0		__DUMMY__ 0.9258026884063123 off 0.04251492124407548 neg 0.03168239034961218	false	0.5
sturz	neg 1.0		__DUMMY__ 0.9304344311111523 off 0.043143322924560516 neg 0.026422245964287244	false	0.5
verkleinerung	neg 1.0		__DUMMY__ 0.9224260461526628 off 0.04530190987562241 neg 0.0322720439717148	false	0.5
schmarotzer	off 1.0		__DUMMY__ 0.9280167623850889 off 0.0402368878208676 neg 0.0317463497940435	false	1.0
bestrafung	neg 1.0	neg 1.0	neg 0.4976333842365949 __DUMMY__ 0.46417947085315053 off 0.03818714491025462	false	1.0
achtlos	neg 1.0		__DUMMY__ 0.9292149973348739 off 0.04015804768422635 neg 0.030626954980899804	false	0.5
