unsolidarisch	neg 1.0		__DUMMY__ 0.9247798480811863 off 0.042528675432533164 neg 0.032691476486280575	false	0.5
nachteilig	neg 1.0		__DUMMY__ 0.9327770417320692 off 0.03833127160440596 neg 0.028891686663524752	false	0.5
skeptisch	neg 1.0		__DUMMY__ 0.9312441561671191 off 0.03748195336533283 neg 0.03127389046754812	false	0.5
schrecklich	neg 1.0		__DUMMY__ 0.9208630612638457 off 0.04885854341029369 neg 0.030278395325860716	false	0.5
schlapp	neg 1.0	neg 1.0	neg 0.498303885086846 __DUMMY__ 0.46029085533411 off 0.041405259579044035	false	1.0
abfall	neg 1.0		__DUMMY__ 0.9345530126289856 off 0.0348276100245311 neg 0.03061937734648324	false	0.5
widerspenstig	neg 1.0		__DUMMY__ 0.9274546530518774 off 0.0405414196296461 neg 0.03200392731847658	false	0.5
abrupt	neg 1.0		__DUMMY__ 0.9312658212326467 off 0.03677192963058423 neg 0.03196224913676911	false	0.5
unwirksam	neg 1.0		__DUMMY__ 0.9238261339255736 off 0.04183845636958222 neg 0.03433540970484422	false	0.5
angreifen	neg 1.0		__DUMMY__ 0.931418948363721 off 0.03710105584661813 neg 0.031479995789660854	false	0.5
inkonsistent	neg 1.0		__DUMMY__ 0.9248470125530239 off 0.04329695510647767 neg 0.03185603234049839	false	0.5
abrutschen	neg 1.0		__DUMMY__ 0.9339418703308392 off 0.03455455931522423 neg 0.03150357035393661	false	0.5
unsicher	neg 1.0		__DUMMY__ 0.9286342492052876 off 0.04123828531116795 neg 0.03012746548354442	false	0.5
bauernkind	off 1.0	off 1.0	off 0.5158482994727143 __DUMMY__ 0.45457551664963597 neg 0.02957618387764971	false	1.0
angreifer	neg 1.0		__DUMMY__ 0.9282860070898155 off 0.044538636977668196 neg 0.027175355932516396	false	0.5
trennen	neg 1.0		__DUMMY__ 0.9327981526631477 off 0.03662028296136409 neg 0.030581564375488174	false	0.5
schmutz	neg 1.0		__DUMMY__ 0.9335112806680826 off 0.043394287913595765 neg 0.023094431418321647	false	0.5
inkonsistenz	neg 1.0		__DUMMY__ 0.9236873974089272 off 0.04552734588388358 neg 0.030785256707189183	false	0.5
erschreckend	neg 1.0		__DUMMY__ 0.9280447874189066 off 0.04085505002459142 neg 0.03110016255650192	false	0.5
ertrinken	neg 1.0		__DUMMY__ 0.9310465364161185 off 0.03656134959591602 neg 0.0323921139879655	false	0.5
pickelface	off 1.0		__DUMMY__ 0.9289714255677611 off 0.04169564467838863 neg 0.029332929753850163	false	1.0
seiner			__DUMMY__ 0.9323020023545976 off 0.0372424516414915 neg 0.03045554600391097	false	0.0
lauch	neg 1.0	neg 1.0	neg 0.49750870801254204 __DUMMY__ 0.47085199342407213 off 0.03163929856338583	false	1.0
unwichtig	neg 1.0		__DUMMY__ 0.9237730359406033 off 0.04546167323788264 neg 0.030765290821514	false	0.5
steuerhinterziehung	neg 1.0		__DUMMY__ 0.9264305097292713 off 0.04098676507489758 neg 0.032582725195831094	false	0.5
schock	neg 1.0		__DUMMY__ 0.9294780336281038 off 0.039868203460051314 neg 0.030653762911845014	false	0.5
beule	neg 1.0		__DUMMY__ 0.9220695444751678 off 0.04698255518641864 neg 0.030947900338413672	false	0.5
vergelten	neg 1.0		__DUMMY__ 0.9218070436934178 off 0.04990332241980252 neg 0.028289633886779585	false	0.5
verdorbenheit	neg 1.0		__DUMMY__ 0.9300023475229472 off 0.04180283347804591 neg 0.02819481899900694	false	0.5
trauma	neg 1.0		__DUMMY__ 0.926649958166906 off 0.04250370293147882 neg 0.030846338901615245	false	0.5
sinnlos	neg 1.0		__DUMMY__ 0.9266110852717356 off 0.043028532485996154 neg 0.03036038224226822	false	0.5
fettsack	off 1.0	off 1.0	off 0.5170179208036974 __DUMMY__ 0.4550877177198344 neg 0.027894361476468277	false	1.0
feige	off 1.0	off 1.0	off 0.5125255250221602 __DUMMY__ 0.45885856989049145 neg 0.02861590508734833	false	1.0
abdanken	neg 1.0		__DUMMY__ 0.9284680796216337 off 0.04127923982595134 neg 0.030252680552414982	false	0.5
wichtigtuer	off 1.0	off 1.0	off 0.5099237436396468 __DUMMY__ 0.4620120189904269 neg 0.02806423736992622	false	1.0
misslingen	neg 1.0		__DUMMY__ 0.9317235998563194 off 0.04217197224223442 neg 0.026104427901446205	false	0.5
untreu	off 1.0		__DUMMY__ 0.9228172736381123 off 0.04653162840094759 neg 0.030651097960940076	false	1.0
missmutig	neg 1.0		__DUMMY__ 0.923701860220076 off 0.044289814779070714 neg 0.03200832500085325	false	0.5
hurenbock	off 1.0		__DUMMY__ 0.9278321583170381 off 0.04124834132044416 neg 0.030919500362517765	false	1.0
betrunken	neg 1.0		__DUMMY__ 0.9215482714816761 off 0.04785578754448539 neg 0.03059594097383858	false	0.5
korrupt	off 1.0		__DUMMY__ 0.9257405056452432 off 0.04074580949241483 neg 0.03351368486234189	false	1.0
unmut	neg 1.0		__DUMMY__ 0.9326376354561149 off 0.03607606874398683 neg 0.03128629579989827	false	0.5
hackfresse	off 1.0		__DUMMY__ 0.9172299419863527 off 0.052671960067482496 neg 0.03009809794616479	false	1.0
aufblasen	neg 1.0		__DUMMY__ 0.9277057371745224 off 0.04140294648266084 neg 0.030891316342816815	false	0.5
gewaltsam	neg 1.0		__DUMMY__ 0.9297456151659893 off 0.04102163517834512 neg 0.02923274965566557	false	0.5
unbeliebtheit	neg 1.0		__DUMMY__ 0.9241332641735246 off 0.04664971771925181 neg 0.029217018107223547	false	0.5
sturheit	neg 1.0		__DUMMY__ 0.9288778796342507 off 0.04084089166158582 neg 0.030281228704163513	false	0.5
kuh	neg 1.0		__DUMMY__ 0.9212992016033393 off 0.04361393603876651 neg 0.03508686235789419	false	0.5
erschrecken	neg 1.0		__DUMMY__ 0.9251652507143445 off 0.0446705500724136 neg 0.030164199213241902	false	0.5
opfer	neg 1.0		__DUMMY__ 0.9311347025838089 off 0.03856044932388305 neg 0.03030484809230812	false	0.5
sinken	neg 1.0		__DUMMY__ 0.9315261086020571 off 0.036404545955230364 neg 0.032069345442712546	false	0.5
stinktier	neg 1.0		__DUMMY__ 0.915990322262221 off 0.0508894487290226 neg 0.03312022900875646	false	0.5
tucke	off 1.0		__DUMMY__ 0.9134776660852051 off 0.05440219649508117 neg 0.032120137419713785	false	1.0
ein			__DUMMY__ 0.9271148097582366 off 0.04036962780595204 neg 0.032515562435811385	false	0.0
abstieg	neg 1.0		__DUMMY__ 0.9324154269353244 off 0.03959996500077821 neg 0.027984608063897368	false	0.5
missverstehen	neg 1.0		__DUMMY__ 0.9252071738252842 off 0.04381667283407344 neg 0.0309761533406423	false	0.5
ergebnislos	neg 1.0		__DUMMY__ 0.932771810231263 off 0.03832742663255609 neg 0.02890076313618087	false	0.5
unter			__DUMMY__ 0.9392755650839476 off 0.03111344081075601 neg 0.029610994105296416	false	0.0
manipulieren	neg 1.0		__DUMMY__ 0.9316493483942128 off 0.037883634034684144 neg 0.030467017571103032	false	0.5
unbewiesen	neg 1.0		__DUMMY__ 0.925947696382523 off 0.04274693721155151 neg 0.031305366405925635	false	0.5
verschleppen	neg 1.0		__DUMMY__ 0.9288604748422675 off 0.03929643092184613 neg 0.031843094235886424	false	0.5
weib	off 1.0		__DUMMY__ 0.91529111488812 off 0.054633999517296236 neg 0.030074885594583857	false	1.0
opposition	neg 1.0		__DUMMY__ 0.9256970721111732 off 0.04252419433858689 neg 0.03177873355023991	false	0.5
verkehrswidrig	neg 1.0		__DUMMY__ 0.9248038418304863 off 0.04980212580680591 neg 0.02539403236270784	false	0.5
inkorrekt	neg 1.0		__DUMMY__ 0.9198194943280823 off 0.04906868635606605 neg 0.031111819315851583	false	0.5
vermeiden	neg 1.0		__DUMMY__ 0.9366619882724707 off 0.033923310926091 neg 0.029414700801438248	false	0.5
abweichung	neg 1.0		__DUMMY__ 0.9313458533082754 off 0.039432823020078944 neg 0.029221323671645674	false	0.5
alkoholisiert	neg 1.0		__DUMMY__ 0.938563107917279 off 0.03637541388481317 neg 0.025061478197907792	false	0.5
scheiss	off 1.0	off 1.0	off 0.5128957613534944 __DUMMY__ 0.458828569964429 neg 0.028275668682076583	false	1.0
herausforderung	neg 1.0		__DUMMY__ 0.9303228278473286 off 0.039310332280650735 neg 0.03036683987202071	false	0.5
pervers	off 1.0		__DUMMY__ 0.9132614612086789 off 0.05654437296115989 neg 0.03019416583016124	false	1.0
wackelig	neg 1.0		__DUMMY__ 0.9309640250085551 off 0.038799858705616704 neg 0.030236116285828216	false	0.5
verwickeln	neg 1.0		__DUMMY__ 0.9258508625318702 off 0.043111802299018044 neg 0.03103733516911168	false	0.5
vorwand	neg 1.0		__DUMMY__ 0.9320498667833828 off 0.03668157697197622 neg 0.03126855624464105	false	0.5
muschi	off 1.0		__DUMMY__ 0.9305410162705263 off 0.04077403296204673 neg 0.028684950767426914	false	1.0
entmutigung	neg 1.0		__DUMMY__ 0.9227892097925432 off 0.04385280099804361 neg 0.03335798920941317	false	0.5
unangemessen	neg 1.0		__DUMMY__ 0.9284156704274866 off 0.04052202592831957 neg 0.031062303644193753	false	0.5
unstetig	neg 1.0		__DUMMY__ 0.9264742910555178 off 0.04449126432069202 neg 0.029034444623790203	false	0.5
entmutigen	neg 1.0		__DUMMY__ 0.9258130400514003 off 0.042098829257700345 neg 0.032088130690899275	false	0.5
schwanz	neg 1.0		__DUMMY__ 0.9318872592845978 off 0.03880341029020201 neg 0.029309330425200196	false	0.5
verbot	neg 1.0		__DUMMY__ 0.9279174669329046 off 0.0404393132289794 neg 0.031643219838116	false	0.5
leid	neg 1.0		__DUMMY__ 0.9194409849501902 off 0.0501318682171359 neg 0.03042714683267388	false	0.5
archaisch	neg 1.0		__DUMMY__ 0.9283289205505939 off 0.04021113491810976 neg 0.03145994453129634	false	0.5
gegen			__DUMMY__ 0.9336668059757011 off 0.036530207297869655 neg 0.029802986726429302	false	0.0
scheidung	neg 1.0		__DUMMY__ 0.9161766619688329 off 0.05960472950894301 neg 0.024218608522224135	false	0.5
einschlag	neg 1.0		__DUMMY__ 0.9239050952823066 off 0.04900903304091005 neg 0.02708587167678338	false	0.5
m			__DUMMY__ 0.9306893782045416 off 0.03932856913482955 neg 0.029982052660628797	false	0.0
abgestanden	neg 1.0		__DUMMY__ 0.9238938659514881 off 0.04075103279976825 neg 0.035355101248743685	false	0.5
schmierig	off 1.0		__DUMMY__ 0.9192869519133468 off 0.04995145383655043 neg 0.03076159425010284	false	1.0
unpraktisch	neg 1.0		__DUMMY__ 0.9279992166458731 off 0.04211546367597145 neg 0.02988531967815545	false	0.5
wixxer	off 1.0		__DUMMY__ 0.9123113182039585 off 0.056918456113865624 neg 0.03077022568217586	false	1.0
bezeichnet			__DUMMY__ 0.9280791312591572 off 0.04171120682580936 neg 0.030209661915033513	false	0.0
jammerlappen	off 1.0		__DUMMY__ 0.9235882077381669 off 0.045740401750348686 neg 0.030671390511484556	false	1.0
farce	neg 1.0		__DUMMY__ 0.9262425060590167 off 0.04176417228836112 neg 0.03199332165262224	false	0.5
zwecklos	neg 1.0		__DUMMY__ 0.9285405660872789 off 0.03972896931709843 neg 0.0317304645956228	false	0.5
turbulent	neg 1.0		__DUMMY__ 0.9232797728994064 off 0.04735831342287922 neg 0.02936191367771442	false	0.5
invasion	neg 1.0		__DUMMY__ 0.9261843460646647 off 0.04351929055853909 neg 0.030296363376796268	false	0.5
schuld	neg 1.0		__DUMMY__ 0.9266817036705493 off 0.04251730648803317 neg 0.03080098984141766	false	0.5
risiko	neg 1.0		__DUMMY__ 0.9263775619434025 off 0.043245409573580716 neg 0.030377028483016807	false	0.5
finster	neg 1.0		__DUMMY__ 0.9267373942746522 off 0.04043066483870796 neg 0.032831940886639925	false	0.5
geisteskrank	off 1.0		__DUMMY__ 0.9209805261468119 off 0.04796931747217592 neg 0.031050156381012186	false	1.0
zusammenbrechen	neg 1.0		__DUMMY__ 0.9286203603082064 off 0.03984110485214126 neg 0.031538534839652375	false	0.5
ausbeute	neg 1.0		__DUMMY__ 0.9308041219437126 off 0.03998228934621068 neg 0.029213588710076663	false	0.5
hinterhalt	neg 1.0		__DUMMY__ 0.9297223757732652 off 0.03983755169031543 neg 0.03044007253641929	false	0.5
kritik	neg 1.0		__DUMMY__ 0.9260331425515097 off 0.041570851678183716 neg 0.032396005770306525	false	0.5
einschrumpfen	neg 1.0		__DUMMY__ 0.9226544850908106 off 0.045902206735066974 neg 0.03144330817412237	false	0.5
riskant	neg 1.0		__DUMMY__ 0.9309215688094477 off 0.037701257951753595 neg 0.03137717323879881	false	0.5
frustrieren	neg 1.0		__DUMMY__ 0.9296867646009502 off 0.0384843261083844 neg 0.03182890929066531	false	0.5
groll	neg 1.0		__DUMMY__ 0.9294698885742795 off 0.03986243832502813 neg 0.03066767310069249	false	0.5
gibt			__DUMMY__ 0.9297042943382067 off 0.03950324337251829 neg 0.030792462289275024	false	0.0
qualvoll	neg 1.0		__DUMMY__ 0.9258565295065999 off 0.04299265213305689 neg 0.031150818360343127	false	0.5
wackeln	neg 1.0		__DUMMY__ 0.9285679674137347 off 0.041031445199420785 neg 0.030400587386844483	false	0.5
klagen	neg 1.0		__DUMMY__ 0.9316078562998643 off 0.03696273746959832 neg 0.03142940623053744	false	0.5
bankrott	neg 1.0		__DUMMY__ 0.9265717431753219 off 0.04494778151693299 neg 0.02848047530774514	false	0.5
trauern	neg 1.0		__DUMMY__ 0.9338522286150656 off 0.03754727587838145 neg 0.028600495506552925	false	0.5
ablehnung	neg 1.0		__DUMMY__ 0.9275250469664644 off 0.04106225316125699 neg 0.03141269987227861	false	0.5
stur	neg 1.0		__DUMMY__ 0.9260058056895241 off 0.042492841583500404 neg 0.031501352726975455	false	0.5
aufruhr	neg 1.0		__DUMMY__ 0.9260599461153826 off 0.04160713542321006 neg 0.03233291846140729	false	0.5
melancholie	neg 1.0		__DUMMY__ 0.9301356413215196 off 0.03688556204790042 neg 0.03297879663057993	false	0.5
ist			__DUMMY__ 0.9264949770246457 off 0.04281838766732969 neg 0.03068663530802471	false	0.0
torheit	neg 1.0		__DUMMY__ 0.9261826445927156 off 0.042646385030885435 neg 0.031170970376398908	false	0.5
dreckskind	off 1.0		__DUMMY__ 0.9163198705101168 off 0.05378415464022959 neg 0.029895974849653607	false	1.0
umtauschen	neg 1.0		__DUMMY__ 0.9289853822131892 off 0.040255438731151096 neg 0.030759179055659676	false	0.5
zum			__DUMMY__ 0.9391492452391623 off 0.03390936713637677 neg 0.02694138762446087	false	0.0
zersetzen	neg 1.0		__DUMMY__ 0.9301341424299783 off 0.03764652934105944 neg 0.03221932822896235	false	0.5
zur			__DUMMY__ 0.9364266476918495 off 0.03429234206064495 neg 0.029281010247505523	false	0.0
frust	neg 1.0		__DUMMY__ 0.9287005443559616 off 0.039695979920491335 neg 0.031603475723546985	false	0.5
unerbittlichkeit	neg 1.0		__DUMMY__ 0.9312363848123519 off 0.03828512240274388 neg 0.030478492784904176	false	0.5
zwei			__DUMMY__ 0.9367343671698346 off 0.03355049941648878 neg 0.02971513341367662	false	0.0
unkorrekt	neg 1.0		__DUMMY__ 0.9211019701296417 off 0.047768428949202836 neg 0.031129600921155465	false	0.5
hexe	off 1.0		__DUMMY__ 0.922528425743056 off 0.04505424118076444 neg 0.03241733307617948	false	1.0
lasch	neg 1.0		__DUMMY__ 0.9242461422422686 off 0.04509280595945317 neg 0.030661051798278247	false	0.5
rivale	neg 1.0		__DUMMY__ 0.9218878824716807 off 0.04881928680903624 neg 0.02929283071928292	false	0.5
mutlos	off 1.0	off 1.0	off 0.5058659046081165 __DUMMY__ 0.46501182020106574 neg 0.029122275190817667	false	1.0
wirr	off 1.0		__DUMMY__ 0.9194840983131347 off 0.04945909435825734 neg 0.031056807328607966	false	1.0
jahr			__DUMMY__ 0.9356936031623568 off 0.03711828302140806 neg 0.02718811381623522	false	0.0
wird			__DUMMY__ 0.9304861701490137 off 0.038884828861037835 neg 0.030629000989948446	false	0.0
strafbar	neg 1.0		__DUMMY__ 0.9305030601443327 off 0.038187016222945375 neg 0.03130992363272193	false	0.5
erosion	neg 1.0		__DUMMY__ 0.9285740967367071 off 0.041316332774502126 neg 0.030109570488790798	false	0.5
eingehen	neg 1.0		__DUMMY__ 0.9292476195581878 off 0.03837215721182055 neg 0.03238022322999164	false	0.5
faul	off 1.0		__DUMMY__ 0.925812596448491 off 0.044587333933875914 neg 0.02960006961763311	false	1.0
provisorium	neg 1.0		__DUMMY__ 0.9397007584320617 off 0.03103261727503669 neg 0.02926662429290171	false	0.5
schmerzen	neg 1.0		__DUMMY__ 0.9275438887592528 off 0.039762589666495124 neg 0.032693521574252184	false	0.5
schrumpfen	neg 1.0		__DUMMY__ 0.9329351751398449 off 0.03452110283406812 neg 0.03254372202608703	false	0.5
geistlos	off 1.0		__DUMMY__ 0.9231179728410819 off 0.04426430210855559 neg 0.03261772505036251	false	1.0
fehlkauf	neg 1.0		__DUMMY__ 0.9257462667692568 off 0.04356879755021932 neg 0.030684935680523988	false	0.5
frustrierend	neg 1.0		__DUMMY__ 0.9241718483294539 off 0.044666376774920906 neg 0.03116177489562522	false	0.5
unzufrieden	neg 1.0		__DUMMY__ 0.9293365157703675 off 0.03956900381446668 neg 0.03109448041516582	false	0.5
verzweifeln	neg 1.0		__DUMMY__ 0.9286308248889108 off 0.04055764956075749 neg 0.030811525550331766	false	0.5
verzweifelt	neg 1.0		__DUMMY__ 0.926109415321177 off 0.0425547312235799 neg 0.03133585345524312	false	0.5
misstrauensantrag	neg 1.0		__DUMMY__ 0.9261289553932316 off 0.04288441135022685 neg 0.030986633256541506	false	0.5
abfallen	neg 1.0		__DUMMY__ 0.9279686908379536 off 0.04108986385735445 neg 0.030941445304691905	false	0.5
fucker	off 1.0		__DUMMY__ 0.9223372827790575 off 0.0486492221922267 neg 0.02901349502871596	false	1.0
ungezogen	neg 1.0		__DUMMY__ 0.9157602445728427 off 0.05449403802236532 neg 0.029745717404791937	false	0.5
irrsinnig	neg 1.0	neg 1.0	neg 0.49874513938667364 __DUMMY__ 0.46274214108803696 off 0.038512719525289354	false	1.0
unfassbar	neg 1.0		__DUMMY__ 0.9232771548637039 off 0.046447182461309106 neg 0.03027566267498701	false	0.5
hart	neg 1.0		__DUMMY__ 0.9217902646671104 off 0.04651121551202654 neg 0.0316985198208631	false	0.5
widerlich	off 1.0		__DUMMY__ 0.9220370258427106 off 0.04693461518136992 neg 0.031028358975919424	false	1.0
fatal	neg 1.0	neg 1.0	neg 0.5003188861850972 __DUMMY__ 0.4597819972425062 off 0.03989911657239659	false	1.0
bruch	neg 1.0		__DUMMY__ 0.9329646319115802 off 0.035738530954931555 neg 0.03129683713348822	false	0.5
aushungern	neg 1.0		__DUMMY__ 0.9270316450351284 off 0.040683866019840594 neg 0.032284488945031	false	0.5
anspannung	neg 1.0		__DUMMY__ 0.9365495768735072 off 0.03386244740277575 neg 0.029587975723717026	false	0.5
von			__DUMMY__ 0.9339969255061226 off 0.0366339626125408 neg 0.0293691118813367	false	0.0
kraftlos	neg 1.0		__DUMMY__ 0.929596242270442 off 0.03888657843135428 neg 0.031517179298203794	false	0.5
vom			__DUMMY__ 0.9414020935585087 off 0.03130005041936292 neg 0.02729785602212838	false	0.0
grenzdebil	off 1.0		__DUMMY__ 0.9223638478150012 off 0.04667524779471537 neg 0.030960904390283484	false	1.0
vor			__DUMMY__ 0.9329325505898027 off 0.03587434018284858 neg 0.03119310922734871	false	0.0
unterwerfen	neg 1.0		__DUMMY__ 0.9308059051040795 off 0.03867708724916144 neg 0.030517007646759207	false	0.5
versenkung	neg 1.0		__DUMMY__ 0.9312513873838 off 0.03835017126128354 neg 0.03039844135491642	false	0.5
entziehen	neg 1.0		__DUMMY__ 0.9321724488429232 off 0.03664876083154492 neg 0.031178790325532002	false	0.5
finanzkrise	neg 1.0		__DUMMY__ 0.9230944823211987 off 0.04128413301706771 neg 0.03562138466173351	false	0.5
schimpfend	neg 1.0		__DUMMY__ 0.9294490519627003 off 0.041463517466536086 neg 0.02908743057076357	false	0.5
profan	neg 1.0		__DUMMY__ 0.9256612160918191 off 0.04332702567959078 neg 0.031011758228590227	false	0.5
korruption	neg 1.0		__DUMMY__ 0.9270372961889478 off 0.040034223521165785 neg 0.032928480289886486	false	0.5
â			__DUMMY__ 0.9305301306100587 off 0.03879490445295707 neg 0.030674964936984257	false	0.0
schmutzig	neg 1.0		__DUMMY__ 0.9224759419409498 off 0.04680935975161649 neg 0.0307146983074337	false	0.5
sexy	neg 1.0		__DUMMY__ 0.9258368231778575 off 0.04454939329952889 neg 0.029613783522613662	false	0.5
abraten	neg 1.0		__DUMMY__ 0.9272942312433713 off 0.04283032951103535 neg 0.029875439245593285	false	0.5
schwarz	neg 1.0		__DUMMY__ 0.9265341025427141 off 0.04325516533085352 neg 0.030210732126432324	false	0.5
fotze	off 1.0	off 1.0	off 0.5060462380283299 __DUMMY__ 0.4675027408302379 neg 0.026451021141432197	false	1.0
verwirren	neg 1.0		__DUMMY__ 0.925770679705798 off 0.0435971235430976 neg 0.030632196751104436	false	0.5
zahnlos	off 1.0		__DUMMY__ 0.9280902407666662 off 0.04041375956645366 neg 0.03149599966688015	false	1.0
verheeren	neg 1.0		__DUMMY__ 0.9153376163228466 off 0.05591054532564808 neg 0.02875183835150539	false	0.5
hippie	neg 1.0		__DUMMY__ 0.9257200187173833 off 0.04436810264693499 neg 0.02991187863568161	false	0.5
rammen	neg 1.0		__DUMMY__ 0.9305705402533059 off 0.04125369434643935 neg 0.0281757654002548	false	0.5
unlauter	neg 1.0		__DUMMY__ 0.926329122973735 off 0.04323740408906963 neg 0.030433472937195293	false	0.5
unheilvoll	neg 1.0		__DUMMY__ 0.9263053894795199 off 0.04195527948589445 neg 0.0317393310345857	false	0.5
niedrig	neg 1.0		__DUMMY__ 0.9300405331231544 off 0.038715229986613565 neg 0.03124423689023204	false	0.5
explosion	neg 1.0		__DUMMY__ 0.9264111265810024 off 0.044151633435133966 neg 0.02943723998386369	false	0.5
weichei	off 1.0	off 1.0	off 0.5165182416182503 __DUMMY__ 0.4543601791075803 neg 0.029121579274169373	false	1.0
minusmensch	off 1.0		__DUMMY__ 0.9153231320213381 off 0.05596761953288425 neg 0.028709248445777647	false	1.0
farblos	neg 1.0		__DUMMY__ 0.9289511156994494 off 0.04180261641866831 neg 0.02924626788188221	false	0.5
unwissend	neg 1.0	neg 1.0	neg 0.4988476890222515 __DUMMY__ 0.4597016935679675 off 0.04145061740978093	false	1.0
traurig	neg 1.0		__DUMMY__ 0.921266507857588 off 0.048559545493969236 neg 0.030173946648442817	false	0.5
senkung	neg 1.0		__DUMMY__ 0.9224727092949727 off 0.043799076741018066 neg 0.033728213964009206	false	0.5
ungleich	neg 1.0	neg 1.0	neg 0.4987695269361917 __DUMMY__ 0.46591608742868534 off 0.035314385635122944	false	1.0
heikel	neg 1.0		__DUMMY__ 0.9307141274005923 off 0.037796997692421924 neg 0.031488874906985716	false	0.5
drosselung	neg 1.0		__DUMMY__ 0.9219860175153319 off 0.04674032689838019 neg 0.031273655586287905	false	0.5
falsch	neg 1.0		__DUMMY__ 0.9251054922956938 off 0.04470942978629436 neg 0.03018507791801184	false	0.5
unzufriedenheit	neg 1.0		__DUMMY__ 0.9299892643832567 off 0.03780315126295035 neg 0.032207584353792944	false	0.5
kurz	neg 1.0		__DUMMY__ 0.9308919868915607 off 0.03927388186953022 neg 0.029834131238909132	false	0.5
unsinnig	neg 1.0		__DUMMY__ 0.9268201366144323 off 0.0408149508563927 neg 0.032364912529175074	false	0.5
penner	off 1.0	off 1.0	off 0.5180764520134151 __DUMMY__ 0.45370690155510984 neg 0.028216646431475013	false	1.0
seicht	neg 1.0		__DUMMY__ 0.9129749228589873 off 0.05422793823309107 neg 0.03279713890792159	false	0.5
dummheit	off 1.0	off 1.0	off 0.5101368630769791 __DUMMY__ 0.46060637815063327 neg 0.029256758772387582	false	1.0
unerfreulich	neg 1.0		__DUMMY__ 0.931355134313829 off 0.037480961158549125 neg 0.03116390452762191	false	0.5
motherfucker	off 1.0	off 1.0	off 0.5139811983390534 __DUMMY__ 0.4587533005182425 neg 0.027265501142704155	false	1.0
pikiert	neg 1.0		__DUMMY__ 0.9223657790338146 off 0.04603609854014216 neg 0.03159812242604327	false	0.5
wrack	neg 1.0		__DUMMY__ 0.9349379035840495 off 0.039088928050770175 neg 0.025973168365180332	false	0.5
gangster	neg 1.0		__DUMMY__ 0.9254290055846447 off 0.04449628634421747 neg 0.030074708071137886	false	0.5
krank	neg 1.0		__DUMMY__ 0.9233382037526902 off 0.04646039681813479 neg 0.030201399429175057	false	0.5
reich	neg 1.0		__DUMMY__ 0.923179176097456 off 0.04487315594324011 neg 0.03194766795930388	false	0.5
gnadenlos	neg 1.0		__DUMMY__ 0.9276897694253823 off 0.04231312661425265 neg 0.029997103960365038	false	0.5
niedergeschlagen	neg 1.0		__DUMMY__ 0.9307750531872943 off 0.03906963133261159 neg 0.0301553154800942	false	0.5
terrorisieren	off 1.0	off 1.0	off 0.5049169088931765 __DUMMY__ 0.4663853224865178 neg 0.028697768620305732	false	1.0
sinnlosigkeit	neg 1.0		__DUMMY__ 0.928832372293753 off 0.039935384038607656 neg 0.03123224366763931	false	0.5
behindern	neg 1.0		__DUMMY__ 0.9279227550106361 off 0.04098595341710027 neg 0.031091291572263605	false	0.5
undemokratisch	neg 1.0		__DUMMY__ 0.9249282079352524 off 0.0437443987381362 neg 0.03132739332661127	false	0.5
wirtschaftskrise	neg 1.0		__DUMMY__ 0.9267471028685753 off 0.03972656834767495 neg 0.03352632878374982	false	0.5
neid	neg 1.0		__DUMMY__ 0.9247033850621172 off 0.0439350665966813 neg 0.03136154834120148	false	0.5
rutschen	neg 1.0		__DUMMY__ 0.9365252472353398 off 0.033290193080295766 neg 0.030184559684364475	false	0.5
rezession	neg 1.0		__DUMMY__ 0.9164783391681784 off 0.04911817715855008 neg 0.034403483673271444	false	0.5
fehlgeburt	neg 1.0		__DUMMY__ 0.9302623986015327 off 0.041139576253288325 neg 0.02859802514517899	false	0.5
charakterschwach	off 1.0		__DUMMY__ 0.921805052748813 off 0.04661928245772691 neg 0.031575664793460224	false	1.0
isolation	neg 1.0		__DUMMY__ 0.9267611471079001 off 0.04454663444778184 neg 0.028692218444318004	false	0.5
ablenkung	neg 1.0		__DUMMY__ 0.9288008638070755 off 0.041003401112531035 neg 0.03019573508039343	false	0.5
pech	neg 1.0		__DUMMY__ 0.9244891183287136 off 0.044508769856911386 neg 0.031002111814375007	false	0.5
vermeidung	neg 1.0		__DUMMY__ 0.922673109722285 off 0.046551703473692585 neg 0.030775186804022494	false	0.5
dominieren	neg 1.0		__DUMMY__ 0.9297916403716863 off 0.04009860914940309 neg 0.030109750478910735	false	0.5
schwindlig	neg 1.0		__DUMMY__ 0.926261565547113 off 0.04245964373538221 neg 0.03127879071750472	false	0.5
lutscher	neg 1.0		__DUMMY__ 0.9132422609450725 off 0.05545403280709921 neg 0.031303706247828154	false	0.5
pflicht	neg 1.0		__DUMMY__ 0.9322159474327261 off 0.03678764470450749 neg 0.030996407862766428	false	0.5
faschist	off 1.0		__DUMMY__ 0.9241216132428218 off 0.04492440534900988 neg 0.030953981408168275	false	1.0
verschleudern	neg 1.0		__DUMMY__ 0.928419372692826 off 0.03859757699898842 neg 0.032983050308185505	false	0.5
wenn			__DUMMY__ 0.9236530045489139 off 0.045483860363213204 neg 0.030863135087872962	false	0.0
ehebruch	neg 1.0		__DUMMY__ 0.9283663983310616 off 0.03920837294969201 neg 0.03242522871924642	false	0.5
spott	off 1.0		__DUMMY__ 0.9304771227702486 off 0.03906999519284258 neg 0.030452882036908897	false	1.0
trostlosigkeit	neg 1.0		__DUMMY__ 0.9300385431275282 off 0.03670359855696694 neg 0.033257858315504894	false	0.5
lutschen	neg 1.0		__DUMMY__ 0.9264072043369974 off 0.044865187910575956 neg 0.028727607752426564	false	0.5
undiszipliniert	neg 1.0		__DUMMY__ 0.9213787027863604 off 0.047879820048920635 neg 0.030741477164718933	false	0.5
kopfschmerz	neg 1.0		__DUMMY__ 0.9280106675649511 off 0.03812747262389968 neg 0.03386185981114919	false	0.5
unvorhergesehen	neg 1.0		__DUMMY__ 0.9341127003718791 off 0.03619245410809571 neg 0.029694845520025187	false	0.5
desinteressiert	neg 1.0		__DUMMY__ 0.9216521501465906 off 0.047462043595667795 neg 0.030885806257741618	false	0.5
armselig	off 1.0		__DUMMY__ 0.9200167237023188 off 0.049527233145763135 neg 0.030456043151918154	false	1.0
desaster	neg 1.0		__DUMMY__ 0.9309061458972883 off 0.036370608046827804 neg 0.03272324605588401	false	0.5
tod	neg 1.0		__DUMMY__ 0.9314784396197746 off 0.037870132545940655 neg 0.030651427834284775	false	0.5
herzlos	neg 1.0		__DUMMY__ 0.9204147934402516 off 0.048938127599522215 neg 0.030647078960226296	false	0.5
unwissenheit	neg 1.0		__DUMMY__ 0.9288920633482148 off 0.03964299797038304 neg 0.03146493868140209	false	0.5
widersinnig	neg 1.0		__DUMMY__ 0.9261919689238508 off 0.04103674907198799 neg 0.032771282004161115	false	0.5
bedenklich	neg 1.0		__DUMMY__ 0.9290251457230857 off 0.03894620982217278 neg 0.03202864445474151	false	0.5
beanstanden	neg 1.0		__DUMMY__ 0.932796496143554 off 0.03726798043527876 neg 0.029935523421167273	false	0.5
panisch	neg 1.0		__DUMMY__ 0.9279515601007406 off 0.04260248356873951 neg 0.029445956330519756	false	0.5
debil	off 1.0		__DUMMY__ 0.9382594844780838 off 0.03146514936781927 neg 0.030275366154096935	false	1.0
abstrich	neg 1.0		__DUMMY__ 0.9331054288618377 off 0.0389733819931856 neg 0.027921189144976807	false	0.5
primitiv	neg 1.0		__DUMMY__ 0.9213679792103306 off 0.04769369700836919 neg 0.03093832378130013	false	0.5
abschaum	off 1.0	off 1.0	off 0.5122532807279311 __DUMMY__ 0.4605668774321881 neg 0.027179841839880765	false	1.0
provozieren	neg 1.0		__DUMMY__ 0.9262529489763479 off 0.04232439826654121 neg 0.031422652757110814	false	0.5
tot	neg 1.0		__DUMMY__ 0.9312635878143588 off 0.03901944666433821 neg 0.029716965521302985	false	0.5
instabil	neg 1.0		__DUMMY__ 0.9195763883275028 off 0.049750052292525875 neg 0.030673559379971252	false	0.5
schwuchtel	off 1.0	off 1.0	off 0.5239797153294993 __DUMMY__ 0.4489675837585175 neg 0.027052700911983314	false	1.0
zerren	neg 1.0		__DUMMY__ 0.9305295484714833 off 0.03916567705725663 neg 0.03030477447126004	false	0.5
kinderficker	off 1.0		__DUMMY__ 0.9184101175055907 off 0.051520216989083926 neg 0.03006966550532544	false	1.0
gefahr	neg 1.0		__DUMMY__ 0.9328808078851832 off 0.03715721576334632 neg 0.02996197635147046	false	0.5
rabiat	neg 1.0		__DUMMY__ 0.9271169588467123 off 0.040795138503163304 neg 0.032087902650124435	false	0.5
verlangsamung	neg 1.0		__DUMMY__ 0.9170548074219885 off 0.053063434772766524 neg 0.02988175780524493	false	0.5
ausgestorben	neg 1.0		__DUMMY__ 0.9288591702783705 off 0.04037628820123144 neg 0.03076454152039803	false	0.5
anklagen	neg 1.0		__DUMMY__ 0.9284487633687812 off 0.04020637446680936 neg 0.03134486216440933	false	0.5
trott	neg 1.0		__DUMMY__ 0.9284722840118143 off 0.041202338221710356 neg 0.03032537776647537	false	0.5
verminderung	neg 1.0		__DUMMY__ 0.922286758597381 off 0.04651742631176002 neg 0.031195815090859016	false	0.5
nach			__DUMMY__ 0.938286375131499 off 0.032289648562683536 neg 0.02942397630581744	false	0.0
rost	neg 1.0		__DUMMY__ 0.9181745758199795 off 0.05380136195277819 neg 0.028024062227242172	false	0.5
destruktiv	neg 1.0		__DUMMY__ 0.9263646279595729 off 0.04139921159459987 neg 0.03223616044582725	false	0.5
unzumutbarkeit	neg 1.0		__DUMMY__ 0.9259969084921496 off 0.04658676347085669 neg 0.027416328036993773	false	0.5
labil	off 1.0	off 1.0	off 0.511726876545133 __DUMMY__ 0.46053345065784584 neg 0.0277396727970212	false	1.0
ziemlich	neg 1.0		__DUMMY__ 0.9243794816228019 off 0.04611560937351834 neg 0.029504909003679754	false	0.5
lachnummer	off 1.0		__DUMMY__ 0.927199198457129 off 0.04206011246754637 neg 0.03074068907532476	false	1.0
oder			__DUMMY__ 0.9289219483836799 off 0.041549131213491096 neg 0.029528920402829	false	0.0
verfall	neg 1.0		__DUMMY__ 0.9325412174148039 off 0.03455813392876091 neg 0.03290064865643522	false	0.5
ausgrenzung	neg 1.0		__DUMMY__ 0.9253019136997392 off 0.043620904618795454 neg 0.03107718168146536	false	0.5
unordnung	neg 1.0		__DUMMY__ 0.9225009205533411 off 0.04993603694731209 neg 0.027563042499346845	false	0.5
fehlverhalten	neg 1.0		__DUMMY__ 0.9303407572494937 off 0.03829642291941635 neg 0.03136281983108991	false	0.5
eine			__DUMMY__ 0.9323327937108761 off 0.03630502452408783 neg 0.03136218176503613	false	0.0
nille	neg 1.0		__DUMMY__ 0.9283650385489304 off 0.041728246579649804 neg 0.02990671487141977	false	0.5
qual	neg 1.0		__DUMMY__ 0.9285323263332822 off 0.04095732083395447 neg 0.030510352832763387	false	0.5
verschwenden	neg 1.0		__DUMMY__ 0.9297454664947217 off 0.03783089521780929 neg 0.032423638287469095	false	0.5
riesig	neg 1.0		__DUMMY__ 0.9334733197844227 off 0.03775588931560681 neg 0.02877079089997045	false	0.5
verurteilen	neg 1.0		__DUMMY__ 0.92806836273118 off 0.04012715139668528 neg 0.03180448587213471	false	0.5
klischee	neg 1.0	neg 1.0	neg 0.49887606745656304 __DUMMY__ 0.4601989809941188 off 0.04092495154931819	false	1.0
diktatorisch	neg 1.0		__DUMMY__ 0.9241005577999127 off 0.04386122500673916 neg 0.03203821719334815	false	0.5
vorhersehbar	neg 1.0		__DUMMY__ 0.9235198579469569 off 0.04421934124005553 neg 0.03226080081298757	false	0.5
sowie			__DUMMY__ 0.9175557134655062 off 0.050866108211410646 neg 0.03157817832308301	false	0.0
stornieren	neg 1.0		__DUMMY__ 0.9319019888903125 off 0.04351688927142735 neg 0.024581121838260195	false	0.5
besteuerung	neg 1.0	neg 1.0	neg 0.5011221902891471 __DUMMY__ 0.4605163205925981 off 0.03836148911825469	false	1.0
ungeschminkt	neg 1.0		__DUMMY__ 0.9230703982274708 off 0.047193737008105086 neg 0.02973586476442411	false	0.5
kritisch	neg 1.0		__DUMMY__ 0.9292797874797719 off 0.03974714448001812 neg 0.030973068040209887	false	0.5
schlamperei	off 1.0		__DUMMY__ 0.9306745857219517 off 0.038605588423953084 neg 0.030719825854095207	false	1.0
sucht	neg 1.0	neg 1.0	neg 0.49458715132843445 __DUMMY__ 0.46724309237312267 off 0.038169756298442804	false	1.0
egoistisch	off 1.0	off 1.0	off 0.5164273843520842 __DUMMY__ 0.4564161944170242 neg 0.02715642123089165	false	1.0
ausbeuter	off 1.0		__DUMMY__ 0.9287282151204789 off 0.03814495829334329 neg 0.03312682658617775	false	1.0
arschgeburt	off 1.0		__DUMMY__ 0.911337002900941 off 0.05936110075962191 neg 0.02930189633943702	false	1.0
schubs	neg 1.0		__DUMMY__ 0.9298074433508662 off 0.03821303537241842 neg 0.03197952127671546	false	0.5
unsolide	neg 1.0		__DUMMY__ 0.9250867870589851 off 0.044055444987368055 neg 0.030857767953646895	false	0.5
beschwerde	neg 1.0		__DUMMY__ 0.9298751790539821 off 0.039921550179888396 neg 0.030203270766129577	false	0.5
stocken	neg 1.0		__DUMMY__ 0.930725756590899 off 0.03899665071709895 neg 0.030277592692001972	false	0.5
isolieren	neg 1.0		__DUMMY__ 0.9299484493138931 off 0.03990344399193756 neg 0.030148106694169324	false	0.5
unheilbar	neg 1.0		__DUMMY__ 0.9264049981808576 off 0.04166965670537505 neg 0.03192534511376728	false	0.5
pisser	off 1.0	off 1.0	off 0.5144179424946167 __DUMMY__ 0.45994840062262776 neg 0.025633656882755453	false	1.0
löschen	neg 1.0		__DUMMY__ 0.9280469941232906 off 0.04185771674150018 neg 0.030095289135209178	false	0.5
durchfallen	neg 1.0		__DUMMY__ 0.9292846679115483 off 0.0394101492928726 neg 0.03130518279557907	false	0.5
wichser	off 1.0	off 1.0	off 0.5205795818460763 __DUMMY__ 0.4512779825046921 neg 0.028142435649231582	false	1.0
terror	neg 1.0		__DUMMY__ 0.9266768435061794 off 0.04395495968073841 neg 0.02936819681308218	false	0.5
krass	neg 1.0		__DUMMY__ 0.9198288515940265 off 0.050002590885147725 neg 0.03016855752082578	false	0.5
revolte	neg 1.0		__DUMMY__ 0.9209475655344531 off 0.045029767693003576 neg 0.03402266677254329	false	0.5
besorgt	neg 1.0		__DUMMY__ 0.9314669467715204 off 0.03960516240392594 neg 0.028927890824553607	false	0.5
nachlassen	neg 1.0		__DUMMY__ 0.9314225444809522 off 0.038606618213107666 neg 0.02997083730594019	false	0.5
alt	neg 1.0		__DUMMY__ 0.9272717066796319 off 0.037924790183724154 neg 0.03480350313664401	false	0.5
hundesohn	off 1.0	off 1.0	off 0.5200948107366569 __DUMMY__ 0.4542081354833642 neg 0.025697053779978888	false	1.0
als			__DUMMY__ 0.9285683590395181 off 0.039741776419553315 neg 0.03168986454092856	false	0.0
abschreckung	neg 1.0		__DUMMY__ 0.9305943204649354 off 0.037637315623877704 neg 0.03176836391118695	false	0.5
unqualifiziert	neg 1.0		__DUMMY__ 0.9238256506999364 off 0.04540072710463071 neg 0.030773622195432893	false	0.5
abgewichst	off 1.0		__DUMMY__ 0.9295022051847486 off 0.04098383369330219 neg 0.02951396112194922	false	1.0
schwer	neg 1.0		__DUMMY__ 0.9274615637663749 off 0.040959545332091986 neg 0.03157889090153316	false	0.5
bedeutungslosigkeit	neg 1.0		__DUMMY__ 0.9302388071360167 off 0.03804569781943142 neg 0.03171549504455193	false	0.5
kapitulation	neg 1.0		__DUMMY__ 0.9272256012082915 off 0.03956597116352311 neg 0.03320842762818541	false	0.5
unscharf	neg 1.0		__DUMMY__ 0.9232046214413526 off 0.042607539850419436 neg 0.034187838708227856	false	0.5
schwinden	neg 1.0		__DUMMY__ 0.9300658896325339 off 0.03810100963442665 neg 0.03183310073303951	false	0.5
versklavung	neg 1.0	neg 1.0	neg 0.4992117888312525 __DUMMY__ 0.46142576514812544 off 0.03936244602062205	false	1.0
schlecht	neg 1.0		__DUMMY__ 0.9244993170620925 off 0.046297484719057896 neg 0.029203198218849445	false	0.5
verhasst	neg 1.0		__DUMMY__ 0.9254953069691358 off 0.04293568203411357 neg 0.03156901099675052	false	0.5
beschweren	neg 1.0		__DUMMY__ 0.9272187396091004 off 0.04303982407651327 neg 0.02974143631438628	false	0.5
scheiden	neg 1.0		__DUMMY__ 0.9284740674541668 off 0.04099029264751892 neg 0.03053563989831426	false	0.5
frustriert	neg 1.0		__DUMMY__ 0.9289525550682335 off 0.04030285780310627 neg 0.030744587128660242	false	0.5
schimmelig	neg 1.0		__DUMMY__ 0.9296258949744007 off 0.03814117141236056 neg 0.032232933613238764	false	0.5
fisch	neg 1.0		__DUMMY__ 0.9304437640850841 off 0.0353915011101649 neg 0.034164734804751004	false	0.5
schmuggel	neg 1.0		__DUMMY__ 0.9338919361387704 off 0.03639550273556306 neg 0.029712561125666462	false	0.5
auffallen	neg 1.0		__DUMMY__ 0.9261603430627223 off 0.04339132596894396 neg 0.030448330968333638	false	0.5
konkurrenz	neg 1.0		__DUMMY__ 0.932351583625606 off 0.03769024516230999 neg 0.029958171212084037	false	0.5
teufelskreis	neg 1.0	neg 1.0	neg 0.5005659236877525 __DUMMY__ 0.46208226700549515 off 0.037351809306752276	false	1.0
aufschreien	neg 1.0		__DUMMY__ 0.9243107925534834 off 0.044011030498558625 neg 0.031678176947957985	false	0.5
schuldner	neg 1.0		__DUMMY__ 0.9287776194245791 off 0.03789487459580726 neg 0.033327505979613675	false	0.5
missgeburt	off 1.0	off 1.0	off 0.5183758604064732 __DUMMY__ 0.4574915274062915 neg 0.02413261218723528	false	1.0
arbeitslos	neg 1.0		__DUMMY__ 0.9293400870024886 off 0.03943084701937095 neg 0.031229065978140454	false	0.5
befallen	neg 1.0		__DUMMY__ 0.9272645375435226 off 0.04085096093187984 neg 0.031884501524597625	false	0.5
miesepetrig	off 1.0	off 1.0	off 0.5111510278904409 __DUMMY__ 0.4604876807771515 neg 0.02836129133240759	false	1.0
alarmieren	neg 1.0		__DUMMY__ 0.9242926137157075 off 0.04580498127486598 neg 0.02990240500942653	false	0.5
ungeduscht	off 1.0		__DUMMY__ 0.9243153602298867 off 0.04450760820761962 neg 0.031177031562493736	false	1.0
knappheit	neg 1.0		__DUMMY__ 0.9278478482264174 off 0.03971420270970879 neg 0.03243794906387375	false	0.5
schlange	neg 1.0		__DUMMY__ 0.928826483822186 off 0.04147834868324035 neg 0.02969516749457366	false	0.5
harsch	neg 1.0		__DUMMY__ 0.924294451497446 off 0.04976906350000587 neg 0.025936485002547995	false	0.5
lang	neg 1.0		__DUMMY__ 0.9275066682880729 off 0.042512768242347426 neg 0.029980563469579603	false	0.5
ziellos	neg 1.0		__DUMMY__ 0.9318342857450543 off 0.0378941715132572 neg 0.030271542741688407	false	0.5
selbstverliebt	neg 1.0		__DUMMY__ 0.9140061556887482 off 0.056540384045086156 neg 0.02945346026616567	false	0.5
beseitigen	neg 1.0		__DUMMY__ 0.9326369601308305 off 0.04118204851210611 neg 0.026180991357063307	false	0.5
dumm	off 1.0		__DUMMY__ 0.9172934614494173 off 0.052076774527201684 neg 0.030629764023381103	false	1.0
arbeitsloser	neg 1.0		__DUMMY__ 0.9317073332417793 off 0.039514011015294885 neg 0.028778655742925697	false	0.5
blitzen	neg 1.0		__DUMMY__ 0.9244901251358125 off 0.044846147659954795 neg 0.030663727204232653	false	0.5
hilflos	neg 1.0		__DUMMY__ 0.9293685434964362 off 0.039308877129301666 neg 0.03132257937426211	false	0.5
eklig	off 1.0		__DUMMY__ 0.9159027662049349 off 0.05239586257978659 neg 0.03170137121527857	false	1.0
begriff			__DUMMY__ 0.9275419482714458 off 0.04112944448951999 neg 0.03132860723903424	false	0.0
hungersnot	neg 1.0		__DUMMY__ 0.926600479372523 off 0.039720290314561243 neg 0.03367923031291579	false	0.5
ungesetzlich	neg 1.0		__DUMMY__ 0.9243185564745592 off 0.04400676768414406 neg 0.031674675841296754	false	0.5
verschwendung	neg 1.0		__DUMMY__ 0.9303499560854422 off 0.03787002877371057 neg 0.03178001514084716	false	0.5
schmerzvoll	neg 1.0		__DUMMY__ 0.9258000476062307 off 0.042684445439097905 neg 0.03151550695467138	false	0.5
vorzeitig	neg 1.0		__DUMMY__ 0.9256951177137817 off 0.04575913513490791 neg 0.02854574715131045	false	0.5
unvollkommenheit	neg 1.0		__DUMMY__ 0.9293760444303925 off 0.03991595597011851 neg 0.03070799959948894	false	0.5
intervenieren	neg 1.0		__DUMMY__ 0.9285381532267785 off 0.03869183175524107 neg 0.03277001501798042	false	0.5
banause	off 1.0		__DUMMY__ 0.9127789787475142 off 0.053787246280065044 neg 0.03343377497242062	false	1.0
rebell	neg 1.0		__DUMMY__ 0.9335965342743061 off 0.03427009156684794 neg 0.03213337415884598	false	0.5
unlogisch	neg 1.0		__DUMMY__ 0.9208863593711554 off 0.04843258397461859 neg 0.030681056654226123	false	0.5
leiden	neg 1.0		__DUMMY__ 0.9344770094828022 off 0.03622872199563613 neg 0.029294268521561723	false	0.5
abschaffung	neg 1.0		__DUMMY__ 0.9258026884063123 off 0.04251492124407549 neg 0.0316823903496122	false	0.5
sturz	neg 1.0		__DUMMY__ 0.9304344311111523 off 0.043143322924560495 neg 0.026422245964287227	false	0.5
verkleinerung	neg 1.0		__DUMMY__ 0.9224260461526627 off 0.04530190987562242 neg 0.03227204397171485	false	0.5
schmarotzer	off 1.0		__DUMMY__ 0.9280167623850888 off 0.04023688782086773 neg 0.031746349794043456	false	1.0
bestrafung	neg 1.0	neg 1.0	neg 0.4976333842365948 __DUMMY__ 0.4641794708531506 off 0.0381871449102546	false	1.0
achtlos	neg 1.0		__DUMMY__ 0.9292149973348737 off 0.04015804768422642 neg 0.030626954980899807	false	0.5
