unsolidarisch	neg 1.0		off 0.5309684327421867 neg 0.40115980440138577 __DUMMY__ 0.0678717628564274	false	0.5
nachteilig	neg 1.0		off 0.5311016777239355 neg 0.40000058503772196 __DUMMY__ 0.06889773723834258	false	0.5
skeptisch	neg 1.0		off 0.5280701522442968 neg 0.40319102968402704 __DUMMY__ 0.06873881807167619	false	0.5
schrecklich	neg 1.0		off 0.5393371261382167 neg 0.3933954623928835 __DUMMY__ 0.06726741146889989	false	0.5
schlapp	neg 1.0	neg 1.0	neg 0.6816443307757732 off 0.2860815925489713 __DUMMY__ 0.032274076675255496	false	1.0
abfall	neg 1.0		off 0.5263010164291712 neg 0.4045250085928792 __DUMMY__ 0.06917397497794962	false	0.5
widerspenstig	neg 1.0		off 0.5306140095293517 neg 0.4012299435307377 __DUMMY__ 0.06815604693991052	false	0.5
abrupt	neg 1.0		off 0.5272548774533972 neg 0.40407346534532324 __DUMMY__ 0.06867165720127959	false	0.5
unwirksam	neg 1.0		off 0.529495588331981 neg 0.40281287720461817 __DUMMY__ 0.06769153446340093	false	0.5
angreifen	neg 1.0		off 0.5274469512771056 neg 0.4037705008135128 __DUMMY__ 0.06878254790938156	false	0.5
inkonsistent	neg 1.0		off 0.5333253219733606 neg 0.39888241955625436 __DUMMY__ 0.067792258470385	false	0.5
abrutschen	neg 1.0		off 0.5253426257153204 neg 0.4055515585859566 __DUMMY__ 0.06910581569872296	false	0.5
unsicher	neg 1.0		off 0.5325207926382689 neg 0.39909950197910726 __DUMMY__ 0.06837970538262383	false	0.5
bauernkind	off 1.0	off 1.0	off 0.7578815820675181 neg 0.21031273947521406 __DUMMY__ 0.031805678457267846	false	1.0
angreifer	neg 1.0		off 0.5380181070321791 neg 0.39368625469256197 __DUMMY__ 0.06829563827525897	false	0.5
trennen	neg 1.0		off 0.5281962519409097 neg 0.4028633414767287 __DUMMY__ 0.06894040658236161	false	0.5
schmutz	neg 1.0		off 0.5410708246198312 neg 0.3900464086804298 __DUMMY__ 0.068882766699739	false	0.5
inkonsistenz	neg 1.0		off 0.5357021432870417 neg 0.39662317204653674 __DUMMY__ 0.06767468466642168	false	0.5
erschreckend	neg 1.0		off 0.5311431799134259 neg 0.4005460189159498 __DUMMY__ 0.06831080117062428	false	0.5
ertrinken	neg 1.0		off 0.5263721676466281 neg 0.40492108118719844 __DUMMY__ 0.06870675116617354	false	0.5
pickelface	off 1.0		off 0.533882716498982 neg 0.3977375819331088 __DUMMY__ 0.0683797015679092	false	1.0
seiner			off 0.5287009513600882 neg 0.4024191047183964 __DUMMY__ 0.06887994392151535	false	0.0
lauch	neg 1.0	neg 1.0	neg 0.6854541492605695 off 0.2814249723915353 __DUMMY__ 0.03312087834789525	false	1.0
unwichtig	neg 1.0		off 0.5357421748217045 neg 0.39656269002348715 __DUMMY__ 0.06769513515480835	false	0.5
steuerhinterziehung	neg 1.0		off 0.5298578244855782 neg 0.40207136439587476 __DUMMY__ 0.06807081111854704	false	0.5
schock	neg 1.0		off 0.5310166498200777 neg 0.4004984551725609 __DUMMY__ 0.06848489500736145	false	0.5
beule	neg 1.0		off 0.5374733578103932 neg 0.39514277668933484 __DUMMY__ 0.06738386550027203	false	0.5
vergelten	neg 1.0		off 0.5418127815997872 neg 0.39079472450580177 __DUMMY__ 0.06739249389441104	false	0.5
verdorbenheit	neg 1.0		off 0.5355256057669598 neg 0.3960101806337065 __DUMMY__ 0.0684642135993335	false	0.5
trauma	neg 1.0		off 0.5331963355983071 neg 0.3987057172238181 __DUMMY__ 0.06809794717787486	false	0.5
sinnlos	neg 1.0		off 0.5338837032909679 neg 0.398026501950429 __DUMMY__ 0.06808979475860315	false	0.5
fettsack	off 1.0	off 1.0	off 0.7592317962662386 neg 0.20891148833184803 __DUMMY__ 0.03185671540191346	false	1.0
feige	off 1.0	off 1.0	off 0.7561547740245144 neg 0.21164449699330748 __DUMMY__ 0.032200728982178156	false	1.0
abdanken	neg 1.0		off 0.5320804864246089 neg 0.39956708866344354 __DUMMY__ 0.0683524249119476	false	0.5
wichtigtuer	off 1.0	off 1.0	off 0.7551125436246862 neg 0.2124382383914107 __DUMMY__ 0.03244921798390312	false	1.0
misslingen	neg 1.0		off 0.5372837047788803 neg 0.39404038195475155 __DUMMY__ 0.06867591326636806	false	0.5
untreu	off 1.0		off 0.5367923285411832 neg 0.3956386521644535 __DUMMY__ 0.06756901929436314	false	1.0
missmutig	neg 1.0		off 0.5337066334362325 neg 0.3986207885278354 __DUMMY__ 0.06767257803593217	false	0.5
hurenbock	off 1.0		off 0.5325867493461612 neg 0.39925202710001967 __DUMMY__ 0.06816122355381914	false	1.0
betrunken	neg 1.0		off 0.5383269564392842 neg 0.3943215172889606 __DUMMY__ 0.06735152627175527	false	0.5
korrupt	off 1.0		off 0.5286536453974218 neg 0.40333649842748637 __DUMMY__ 0.06800985617509192	false	1.0
unmut	neg 1.0		off 0.5267013780118821 neg 0.40436102212455693 __DUMMY__ 0.06893759986356106	false	0.5
hackfresse	off 1.0		off 0.5429617322347385 neg 0.3902747508264884 __DUMMY__ 0.06676351693877298	false	1.0
aufblasen	neg 1.0		off 0.5322456791286729 neg 0.39954751972731717 __DUMMY__ 0.06820680114400993	false	0.5
gewaltsam	neg 1.0		off 0.5332258045723658 neg 0.39828695387845814 __DUMMY__ 0.06848724154917592	false	0.5
unbeliebtheit	neg 1.0		off 0.5380623435226408 neg 0.3942339222637566 __DUMMY__ 0.0677037342136025	false	0.5
sturheit	neg 1.0		off 0.5317016474637457 neg 0.39988280504806356 __DUMMY__ 0.06841554748819069	false	0.5
kuh	neg 1.0		off 0.530996325181394 neg 0.401717640958803 __DUMMY__ 0.06728603385980307	false	0.5
erschrecken	neg 1.0		off 0.5356255401385622 neg 0.39649578331183705 __DUMMY__ 0.06787867654960071	false	0.5
opfer	neg 1.0		off 0.5298837155897395 neg 0.40139961096926896 __DUMMY__ 0.06871667344099161	false	0.5
sinken	neg 1.0		off 0.5264756663724804 neg 0.4047689791712883 __DUMMY__ 0.06875535445623134	false	0.5
stinktier	neg 1.0		off 0.5387561799590237 neg 0.39463813199402 __DUMMY__ 0.06660568804695628	false	0.5
tucke	off 1.0		off 0.5429238546120903 neg 0.39084007418458294 __DUMMY__ 0.06623607120332675	false	1.0
ein			off 0.5300362229497487 neg 0.4018383081431288 __DUMMY__ 0.06812546890712251	false	0.0
abstieg	neg 1.0		off 0.5328936693954235 neg 0.39824012483803634 __DUMMY__ 0.06886620576654029	false	0.5
missverstehen	neg 1.0		off 0.5339598383729524 neg 0.3981396890548075 __DUMMY__ 0.06790047257224013	false	0.5
ergebnislos	neg 1.0		off 0.5309504294828397 neg 0.40013877070974646 __DUMMY__ 0.06891079980741385	false	0.5
unter			off 0.5242664233315699 neg 0.405929825001064 __DUMMY__ 0.06980375166736608	false	0.0
manipulieren	neg 1.0		off 0.5289481697748709 neg 0.4022685931139364 __DUMMY__ 0.06878323711119254	false	0.5
unbewiesen	neg 1.0		off 0.53234262104172 neg 0.39963684880503536 __DUMMY__ 0.06802053015324452	false	0.5
verschleppen	neg 1.0		off 0.5289803546808074 neg 0.4026242947943226 __DUMMY__ 0.06839535052487003	false	0.5
weib	off 1.0		off 0.5446821671317014 neg 0.3888147133407377 __DUMMY__ 0.06650311952756104	false	1.0
opposition	neg 1.0		off 0.5325658756491013 neg 0.3995196753471662 __DUMMY__ 0.06791444900373254	false	0.5
verkehrswidrig	neg 1.0		off 0.5450546825554526 neg 0.38722598165778055 __DUMMY__ 0.06771933578676667	false	0.5
inkorrekt	neg 1.0		off 0.5383496651970863 neg 0.3944855287327915 __DUMMY__ 0.0671648060701223	false	0.5
vermeiden	neg 1.0		off 0.526885240703296 neg 0.4037020258092586 __DUMMY__ 0.06941273348744528	false	0.5
abweichung	neg 1.0		off 0.5317198348287208 neg 0.3995812918096675 __DUMMY__ 0.06869887336161178	false	0.5
alkoholisiert	neg 1.0		off 0.5338176185260248 neg 0.39663421711493246 __DUMMY__ 0.06954816435904272	false	0.5
scheiss	off 1.0	off 1.0	off 0.7570901403485862 neg 0.21077298629646996 __DUMMY__ 0.03213687335494384	false	1.0
herausforderung	neg 1.0		off 0.5305825906517136 neg 0.40081925654792144 __DUMMY__ 0.06859815280036485	false	0.5
pervers	off 1.0		off 0.5462798318282915 neg 0.38749055966791457 __DUMMY__ 0.06622960850379384	false	1.0
wackelig	neg 1.0		off 0.5306644582977047 neg 0.4006943164554316 __DUMMY__ 0.06864122524686377	false	0.5
verwickeln	neg 1.0		off 0.5332549208367039 neg 0.3987453637377043 __DUMMY__ 0.06799971542559173	false	0.5
vorwand	neg 1.0		off 0.5273253866307339 neg 0.40382951370365033 __DUMMY__ 0.06884509966561565	false	0.5
muschi	off 1.0		off 0.5336574563401556 neg 0.397751718574595 __DUMMY__ 0.06859082508524934	false	1.0
entmutigung	neg 1.0		off 0.531569561500524 neg 0.40084219388322123 __DUMMY__ 0.06758824461625466	false	0.5
unangemessen	neg 1.0		off 0.5308414780911184 neg 0.4008028726099572 __DUMMY__ 0.0683556492989243	false	0.5
unstetig	neg 1.0		off 0.5368354913499441 neg 0.3951801115991994 __DUMMY__ 0.06798439705085649	false	0.5
entmutigen	neg 1.0		off 0.5315690051724394 neg 0.4004472169805305 __DUMMY__ 0.06798377784703004	false	0.5
schwanz	neg 1.0		off 0.5316540792344875 neg 0.39961068986862763 __DUMMY__ 0.06873523089688482	false	0.5
verbot	neg 1.0		off 0.5300846346830476 neg 0.4016295914931092 __DUMMY__ 0.06828577382384321	false	0.5
leid	neg 1.0		off 0.5405235025636986 neg 0.39241901589262207 __DUMMY__ 0.06705748154367924	false	0.5
archaisch	neg 1.0		off 0.5302510177576724 neg 0.4014281225737982 __DUMMY__ 0.0683208596685293	false	0.5
gegen			off 0.5283562924523012 neg 0.4025612887020069 __DUMMY__ 0.06908241884569177	false	0.0
scheidung	neg 1.0		off 0.5539417264020343 neg 0.37944638514633455 __DUMMY__ 0.06661188845163113	false	0.5
einschlag	neg 1.0		off 0.5424709219484893 neg 0.3898827371700052 __DUMMY__ 0.06764634088150544	false	0.5
m			off 0.5313720209503926 neg 0.3999987258255797 __DUMMY__ 0.06862925322402778	false	0.0
abgestanden	neg 1.0		off 0.5284234756125672 neg 0.4039591631503171 __DUMMY__ 0.06761736123711581	false	0.5
schmierig	off 1.0		off 0.5399108561163223 neg 0.3930435550938329 __DUMMY__ 0.06704558878984485	false	1.0
unpraktisch	neg 1.0		off 0.5339527308815292 neg 0.3978334238967598 __DUMMY__ 0.06821384522171109	false	0.5
wixxer	off 1.0		off 0.5460960299888559 neg 0.38779570828798227 __DUMMY__ 0.06610826172316202	false	1.0
bezeichnet			off 0.5327290784013456 neg 0.39897178322032195 __DUMMY__ 0.0682991383783324	false	0.0
jammerlappen	off 1.0		off 0.5360060178089647 neg 0.3963172247384654 __DUMMY__ 0.06767675745256985	false	1.0
farce	neg 1.0		off 0.5309830829805531 neg 0.40096221695568646 __DUMMY__ 0.0680547000637606	false	0.5
zwecklos	neg 1.0		off 0.5295566549461187 neg 0.4020611372649556 __DUMMY__ 0.06838220778892568	false	0.5
turbulent	neg 1.0		off 0.5390707072652116 neg 0.39336564058967405 __DUMMY__ 0.06756365214511444	false	0.5
invasion	neg 1.0		off 0.5346530499191118 neg 0.3973214488912009 __DUMMY__ 0.06802550118968739	false	0.5
schuld	neg 1.0		off 0.5329365322521548 neg 0.3989468944827761 __DUMMY__ 0.06811657326506908	false	0.5
risiko	neg 1.0		off 0.5340589630135373 neg 0.3979260178668555 __DUMMY__ 0.06801501911960718	false	0.5
finster	neg 1.0		off 0.5301650747234481 neg 0.4018252260751085 __DUMMY__ 0.06800969920144327	false	0.5
geisteskrank	off 1.0		off 0.5375412866444759 neg 0.3951284600924008 __DUMMY__ 0.06733025326312327	false	1.0
zusammenbrechen	neg 1.0		off 0.5299211078393987 neg 0.40168429132125893 __DUMMY__ 0.0683946008393424	false	0.5
ausbeute	neg 1.0		off 0.532708801143247 neg 0.3986973716088566 __DUMMY__ 0.06859382724789641	false	0.5
hinterhalt	neg 1.0		off 0.5314539226399817 neg 0.4001108595188865 __DUMMY__ 0.06843521784113187	false	0.5
kritik	neg 1.0		off 0.5304138614193703 neg 0.4015508306298421 __DUMMY__ 0.06803530795078762	false	0.5
einschrumpfen	neg 1.0		off 0.5356201717421419 neg 0.39684357243947377 __DUMMY__ 0.0675362558183842	false	0.5
riskant	neg 1.0		off 0.5282007865101883 neg 0.403096309873648 __DUMMY__ 0.0687029036161637	false	0.5
frustrieren	neg 1.0		off 0.5284225900563877 neg 0.4030417401147214 __DUMMY__ 0.06853566982889085	false	0.5
groll	neg 1.0		off 0.5306127912752774 neg 0.40089607020217505 __DUMMY__ 0.06849113852254758	false	0.5
gibt			off 0.5302612450261119 neg 0.4011941243405758 __DUMMY__ 0.06854463063331213	false	0.0
qualvoll	neg 1.0		off 0.5333740648346518 neg 0.39866372147244017 __DUMMY__ 0.06796221369290799	false	0.5
wackeln	neg 1.0		off 0.5323014406792725 neg 0.39935469517576744 __DUMMY__ 0.0683438641449602	false	0.5
klagen	neg 1.0		off 0.5273375223647478 neg 0.4038773222976262 __DUMMY__ 0.06878515533762596	false	0.5
bankrott	neg 1.0		off 0.5378081019103724 neg 0.39415497308846204 __DUMMY__ 0.06803692500116551	false	0.5
trauern	neg 1.0		off 0.53062791144851 neg 0.4003280600954168 __DUMMY__ 0.06904402845607333	false	0.5
ablehnung	neg 1.0		off 0.5308164165412071 neg 0.40095195947902323 __DUMMY__ 0.06823162397976949	false	0.5
stur	neg 1.0		off 0.5323286080795279 neg 0.39964715396330597 __DUMMY__ 0.06802423795716611	false	0.5
aufruhr	neg 1.0		off 0.5307521302277449 neg 0.4012276342600919 __DUMMY__ 0.06802023551216306	false	0.5
melancholie	neg 1.0		off 0.5265987875605124 neg 0.40490310309219846 __DUMMY__ 0.06849810934728912	false	0.5
ist			off 0.5334412220065324 neg 0.3984777459523054 __DUMMY__ 0.06808103204116216	false	0.0
torheit	neg 1.0		off 0.5325603110617184 neg 0.39941218505163334 __DUMMY__ 0.06802750388664817	false	0.5
dreckskind	off 1.0		off 0.5441043103688294 neg 0.3892398467387442 __DUMMY__ 0.06665584289242647	false	1.0
umtauschen	neg 1.0		off 0.5317903935933365 neg 0.39987789400342394 __DUMMY__ 0.06833171240323968	false	0.5
zum			off 0.5292263221067043 neg 0.4010176534550956 __DUMMY__ 0.06975602443820009	false	0.0
zersetzen	neg 1.0		off 0.5272690747516765 neg 0.4041399388762885 __DUMMY__ 0.06859098637203488	false	0.5
zur			off 0.527130952677255 neg 0.40344164183813697 __DUMMY__ 0.06942740548460799	false	0.0
frust	neg 1.0		off 0.5296631838554307 neg 0.4019205626195325 __DUMMY__ 0.06841625352503682	false	0.5
unerbittlichkeit	neg 1.0		off 0.5293682541912313 neg 0.4019067225237395 __DUMMY__ 0.06872502328502926	false	0.5
zwei			off 0.5265506496239152 neg 0.4040038024854459 __DUMMY__ 0.06944554789063893	false	0.0
unkorrekt	neg 1.0		off 0.5375917511564404 neg 0.39510730255627047 __DUMMY__ 0.06730094628728918	false	0.5
hexe	off 1.0		off 0.534435327819771 neg 0.3981161728419084 __DUMMY__ 0.06744849933832048	false	1.0
lasch	neg 1.0		off 0.5352991301728145 neg 0.3969336020638935 __DUMMY__ 0.06776726776329209	false	0.5
rivale	neg 1.0		off 0.5403378394798763 neg 0.39227619571368066 __DUMMY__ 0.06738596480644289	false	0.5
mutlos	off 1.0	off 1.0	off 0.7523137479492101 neg 0.2149829355150825 __DUMMY__ 0.03270331653570747	false	1.0
wirr	off 1.0		off 0.5392379469996036 neg 0.39366949161404424 __DUMMY__ 0.06709256138635221	false	1.0
jahr			off 0.53188471948417 neg 0.39884365936531607 __DUMMY__ 0.06927162115051376	false	0.0
wird			off 0.530031197177752 neg 0.40133873314849267 __DUMMY__ 0.0686300696737554	false	0.0
strafbar	neg 1.0		off 0.5285611963412588 neg 0.4028070710943233 __DUMMY__ 0.06863173256441794	false	0.5
erosion	neg 1.0		off 0.5330147495702239 neg 0.39864784141350695 __DUMMY__ 0.06833740901626917	false	0.5
eingehen	neg 1.0		off 0.5278012700508611 neg 0.4037117346226403 __DUMMY__ 0.06848699532649868	false	0.5
faul	off 1.0		off 0.536457026019494 neg 0.3956447215532035 __DUMMY__ 0.06789825242730249	false	1.0
provisorium	neg 1.0		off 0.5246412016495163 neg 0.4055213468186132 __DUMMY__ 0.06983745153187057	false	0.5
schmerzen	neg 1.0		off 0.529556300758026 neg 0.40230231223796215 __DUMMY__ 0.06814138700401186	false	0.5
schrumpfen	neg 1.0		off 0.5242130680702998 neg 0.4068163889064083 __DUMMY__ 0.06897054302329197	false	0.5
geistlos	off 1.0		off 0.5326549149065163 neg 0.3997084219978616 __DUMMY__ 0.0676366630956221	false	1.0
fehlkauf	neg 1.0		off 0.5342675195801139 neg 0.39777855024381814 __DUMMY__ 0.067953930176068	false	0.5
frustrierend	neg 1.0		off 0.5346349156472516 neg 0.39760361670839045 __DUMMY__ 0.06776146764435806	false	0.5
unzufrieden	neg 1.0		off 0.5300178247656488 neg 0.4014873714687913 __DUMMY__ 0.06849480376555975	false	0.5
verzweifeln	neg 1.0		off 0.5312245305451025 neg 0.40038883478435383 __DUMMY__ 0.06838663467054353	false	0.5
verzweifelt	neg 1.0		off 0.532572726103654 neg 0.3993797053791351 __DUMMY__ 0.06804756851721089	false	0.5
misstrauensantrag	neg 1.0		off 0.5336370722926157 neg 0.39838646536592487 __DUMMY__ 0.0679764623414595	false	0.5
abfallen	neg 1.0		off 0.5321192348917971 neg 0.39966180431586756 __DUMMY__ 0.06821896079233543	false	0.5
fucker	off 1.0		off 0.5401138090721308 neg 0.3923647802634028 __DUMMY__ 0.06752141066446637	false	1.0
ungezogen	neg 1.0		off 0.5449526217744185 neg 0.3884981132187118 __DUMMY__ 0.06654926500686963	false	0.5
irrsinnig	neg 1.0	neg 1.0	neg 0.6834477013738739 off 0.28403869089047507 __DUMMY__ 0.03251360773565111	false	1.0
unfassbar	neg 1.0		off 0.5370966994270294 neg 0.3952758871471792 __DUMMY__ 0.0676274134257913	false	0.5
hart	neg 1.0		off 0.5363136388934052 neg 0.3963251137413184 __DUMMY__ 0.06736124736527635	false	0.5
widerlich	off 1.0		off 0.5368131448838286 neg 0.39573551941674623 __DUMMY__ 0.06745133569942521	false	1.0
fatal	neg 1.0	neg 1.0	neg 0.6836939266007156 off 0.28402381899318047 __DUMMY__ 0.03228225440610388	false	1.0
bruch	neg 1.0		off 0.5263957488993078 neg 0.40464276789026843 __DUMMY__ 0.06896148321042374	false	0.5
aushungern	neg 1.0		off 0.529591566773886 neg 0.40223171374730005 __DUMMY__ 0.06817671947881394	false	0.5
anspannung	neg 1.0		off 0.5265179659113652 neg 0.40405445266879225 __DUMMY__ 0.06942758141984261	false	0.5
von			off 0.5293964411053977 neg 0.40154873652905243 __DUMMY__ 0.06905482236554969	false	0.0
kraftlos	neg 1.0		off 0.5292695978297873 neg 0.40224436922938556 __DUMMY__ 0.06848603294082725	false	0.5
vom			off 0.5268056503540156 neg 0.40314725406951096 __DUMMY__ 0.0700470955764735	false	0.0
grenzdebil	off 1.0		off 0.5367197740802014 neg 0.3957923305139933 __DUMMY__ 0.06748789540580519	false	1.0
vor			off 0.5268583745521517 neg 0.4041636489162798 __DUMMY__ 0.06897797653156859	false	0.0
unterwerfen	neg 1.0		off 0.529691082210412 neg 0.40165521764809786 __DUMMY__ 0.06865370014149007	false	0.5
versenkung	neg 1.0		off 0.5294822388655438 neg 0.40175721578616735 __DUMMY__ 0.06876054534828878	false	0.5
entziehen	neg 1.0		off 0.5273403936858837 neg 0.4037894558260588 __DUMMY__ 0.06887015048805738	false	0.5
finanzkrise	neg 1.0		off 0.5275701501040908 neg 0.40481485749027296 __DUMMY__ 0.06761499240563619	false	0.5
schimpfend	neg 1.0		off 0.5343029020175415 neg 0.3973174411327782 __DUMMY__ 0.06837965684968035	false	0.5
profan	neg 1.0		off 0.533653874101093 neg 0.39840357397467024 __DUMMY__ 0.06794255192423684	false	0.5
korruption	neg 1.0		off 0.5286689529093553 neg 0.4031716686765528 __DUMMY__ 0.06815937841409185	false	0.5
â			off 0.530275699223383 neg 0.4011196961781566 __DUMMY__ 0.06860460459846034	false	0.0
schmutzig	neg 1.0		off 0.5370362039966036 neg 0.3954589862242277 __DUMMY__ 0.06750480977916871	false	0.5
sexy	neg 1.0		off 0.536177360512372 neg 0.3958464506384764 __DUMMY__ 0.06797618884915163	false	0.5
abraten	neg 1.0		off 0.5343865699589014 neg 0.3974583532065638 __DUMMY__ 0.06815507683453487	false	0.5
schwarz	neg 1.0		off 0.5344315550516079 neg 0.3974896508595811 __DUMMY__ 0.06807879408881093	false	0.5
fotze	off 1.0	off 1.0	off 0.7541748214722452 neg 0.21295969718301475 __DUMMY__ 0.032865481344740065	false	1.0
verwirren	neg 1.0		off 0.5341879668867022 neg 0.39783988256153335 __DUMMY__ 0.0679721505517644	false	0.5
zahnlos	off 1.0		off 0.5302960393228218 neg 0.40137479491882977 __DUMMY__ 0.06832916575834853	false	1.0
verheeren	neg 1.0		off 0.546685994295663 neg 0.3867906040651818 __DUMMY__ 0.06652340163915521	false	0.5
hippie	neg 1.0		off 0.5356568899716542 neg 0.396371590358207 __DUMMY__ 0.06797151967013881	false	0.5
rammen	neg 1.0		off 0.5350078673741561 neg 0.3965056407388466 __DUMMY__ 0.06848649188699732	false	0.5
unlauter	neg 1.0		off 0.5340333950904486 neg 0.3979495141212946 __DUMMY__ 0.06801709078825677	false	0.5
unheilvoll	neg 1.0		off 0.5321697281380878 neg 0.3998557290016508 __DUMMY__ 0.06797454286026129	false	0.5
niedrig	neg 1.0		off 0.5295714018654988 neg 0.40192599607122526 __DUMMY__ 0.06850260206327609	false	0.5
explosion	neg 1.0		off 0.5359994435918678 neg 0.395965604577657 __DUMMY__ 0.0680349518304751	false	0.5
weichei	off 1.0	off 1.0	off 0.7582236782773571 neg 0.2099636223448455 __DUMMY__ 0.0318126993777974	false	1.0
minusmensch	off 1.0		off 0.5466647607262592 neg 0.3867746567625886 __DUMMY__ 0.06656058251115211	false	1.0
farblos	neg 1.0		off 0.5345878269871054 neg 0.3971325716637558 __DUMMY__ 0.06827960134913866	false	0.5
unwissend	neg 1.0	neg 1.0	neg 0.6821268128127848 off 0.28561759237702394 __DUMMY__ 0.03225559481019138	false	1.0
traurig	neg 1.0		off 0.5391159777358365 neg 0.3935540985450729 __DUMMY__ 0.06732992371909041	false	0.5
senkung	neg 1.0		off 0.5318518836439899 neg 0.4006576168725038 __DUMMY__ 0.06749049948350644	false	0.5
ungleich	neg 1.0	neg 1.0	neg 0.6849522440892971 off 0.2822808724915715 __DUMMY__ 0.03276688341913119	false	1.0
heikel	neg 1.0		off 0.5281710263303068 neg 0.40316616260264027 __DUMMY__ 0.06866281106705285	false	0.5
drosselung	neg 1.0		off 0.53686087069264 neg 0.3957385629516644 __DUMMY__ 0.06740056635569563	false	0.5
falsch	neg 1.0		off 0.5356995441723637 neg 0.39643849657403873 __DUMMY__ 0.06786195925359757	false	0.5
unzufriedenheit	neg 1.0		off 0.5273385542224656 neg 0.4040741208744601 __DUMMY__ 0.06858732490307447	false	0.5
kurz	neg 1.0		off 0.5313824136284333 neg 0.3999709438909274 __DUMMY__ 0.06864664248063929	false	0.5
unsinnig	neg 1.0		off 0.5299840154431024 neg 0.40186581347163824 __DUMMY__ 0.06815017108525931	false	0.5
penner	off 1.0	off 1.0	off 0.7594086443581035 neg 0.20881781406314215 __DUMMY__ 0.03177354157875434	false	1.0
seicht	neg 1.0		off 0.5415203855073739 neg 0.3922389949489791 __DUMMY__ 0.06624061954364696	false	0.5
dummheit	off 1.0	off 1.0	off 0.7545998188773916 neg 0.21305863061116326 __DUMMY__ 0.032341550511445126	false	1.0
unerfreulich	neg 1.0		off 0.5282660403190564 neg 0.4029924103165308 __DUMMY__ 0.06874154936441268	false	0.5
motherfucker	off 1.0	off 1.0	off 0.7576766479514366 neg 0.2101282181038909 __DUMMY__ 0.03219513394467249	false	1.0
pikiert	neg 1.0		off 0.535511104309762 neg 0.3969886760762461 __DUMMY__ 0.06750021961399195	false	0.5
wrack	neg 1.0		off 0.5348860532908281 neg 0.3960199368556628 __DUMMY__ 0.06909400985350916	false	0.5
gangster	neg 1.0		off 0.5356886730607764 neg 0.3963848815605948 __DUMMY__ 0.0679264453786289	false	0.5
krank	neg 1.0		off 0.5374674457777125 neg 0.3949517253475276 __DUMMY__ 0.06758082887475975	false	0.5
reich	neg 1.0		off 0.5345596005796909 neg 0.39788304784021894 __DUMMY__ 0.06755735158009024	false	0.5
gnadenlos	neg 1.0		off 0.5334797276644409 neg 0.3982650243697625 __DUMMY__ 0.06825524796579656	false	0.5
niedergeschlagen	neg 1.0		off 0.5308297237459423 neg 0.4005273332819474 __DUMMY__ 0.06864294297211039	false	0.5
terrorisieren	off 1.0	off 1.0	off 0.7520863820729088 neg 0.21509967969777188 __DUMMY__ 0.032813938229319314	false	1.0
sinnlosigkeit	neg 1.0		off 0.5302019125948267 neg 0.40138588867521896 __DUMMY__ 0.06841219872995433	false	0.5
behindern	neg 1.0		off 0.53178903866021 neg 0.3999629649704902 __DUMMY__ 0.06824799636929982	false	0.5
undemokratisch	neg 1.0		off 0.5332607107220512 neg 0.39886119372786416 __DUMMY__ 0.06787809555008477	false	0.5
wirtschaftskrise	neg 1.0		off 0.5279429065549317 neg 0.40394320022738267 __DUMMY__ 0.06811389321768567	false	0.5
neid	neg 1.0		off 0.5341367498367638 neg 0.39808698004284737 __DUMMY__ 0.06777627012038873	false	0.5
rutschen	neg 1.0		off 0.5258655159129548 neg 0.4047306843616103 __DUMMY__ 0.06940379972543471	false	0.5
rezession	neg 1.0		off 0.5356880454189019 neg 0.3976017911916287 __DUMMY__ 0.06671016338946938	false	0.5
fehlgeburt	neg 1.0		off 0.5344650374442066 neg 0.39706572534595164 __DUMMY__ 0.06846923720984185	false	0.5
charakterschwach	off 1.0		off 0.5359458550650638 neg 0.3966228268400855 __DUMMY__ 0.06743131809485069	false	1.0
isolation	neg 1.0		off 0.5371635721076792 neg 0.3947610431502181 __DUMMY__ 0.0680753847421026	false	0.5
ablenkung	neg 1.0		off 0.5323347420194917 neg 0.3992855423611997 __DUMMY__ 0.06837971561930856	false	0.5
pech	neg 1.0		off 0.5352928342965847 neg 0.39699092253034113 __DUMMY__ 0.06771624317307419	false	0.5
vermeidung	neg 1.0		off 0.5371215329170232 neg 0.39536906623531615 __DUMMY__ 0.06750940084766055	false	0.5
dominieren	neg 1.0		off 0.5316271582822428 neg 0.3998616048059963 __DUMMY__ 0.06851123691176084	false	0.5
schwindlig	neg 1.0		off 0.5332472944180209 neg 0.3988040866645621 __DUMMY__ 0.06794861891741699	false	0.5
lutscher	neg 1.0		off 0.5443662484563333 neg 0.3894030388676394 __DUMMY__ 0.06623071267602744	false	0.5
pflicht	neg 1.0		off 0.5276037396189002 neg 0.40350795191752226 __DUMMY__ 0.06888830846357757	false	0.5
faschist	off 1.0		off 0.5346775297282503 neg 0.39756579946592036 __DUMMY__ 0.06775667080582921	false	1.0
verschleudern	neg 1.0		off 0.5275650468144119 neg 0.4040960503977912 __DUMMY__ 0.0683389027877971	false	0.5
wenn			off 0.535650374014832 neg 0.39665631447329464 __DUMMY__ 0.06769331151187348	false	0.0
ehebruch	neg 1.0		off 0.5283967824675966 neg 0.4032541205733015 __DUMMY__ 0.0683490969591019	false	0.5
spott	off 1.0		off 0.5300584145749696 neg 0.40131562587385117 __DUMMY__ 0.06862595955117935	false	1.0
trostlosigkeit	neg 1.0		off 0.5255280840513477 neg 0.40590010163397977 __DUMMY__ 0.06857181431467263	false	0.5
lutschen	neg 1.0		off 0.5373478174583736 neg 0.3946482639707774 __DUMMY__ 0.06800391857084902	false	0.5
undiszipliniert	neg 1.0		off 0.5381381209000804 neg 0.3945260807518622 __DUMMY__ 0.06733579834805747	false	0.5
kopfschmerz	neg 1.0		off 0.5270614811018154 neg 0.40473457587471573 __DUMMY__ 0.06820394302346877	false	0.5
unvorhergesehen	neg 1.0		off 0.5291202599831877 neg 0.4018608486713122 __DUMMY__ 0.06901889134550004	false	0.5
desinteressiert	neg 1.0		off 0.5374941541153005 neg 0.39511867419746016 __DUMMY__ 0.06738717168723915	false	0.5
armselig	off 1.0		off 0.5395059893075754 neg 0.39330130431489113 __DUMMY__ 0.06719270637753337	false	1.0
desaster	neg 1.0		off 0.5256104776777103 neg 0.4056727318964365 __DUMMY__ 0.06871679042585321	false	0.5
tod	neg 1.0		off 0.5295382311183843 neg 0.40179773555064424 __DUMMY__ 0.06866403333097149	false	0.5
herzlos	neg 1.0		off 0.5389627953239768 neg 0.3938109636318195 __DUMMY__ 0.06722624104420377	false	0.5
unwissenheit	neg 1.0		off 0.5297239710139725 neg 0.4018660004384514 __DUMMY__ 0.06841002854757601	false	0.5
widersinnig	neg 1.0		off 0.5296303755243813 neg 0.40230634694522854 __DUMMY__ 0.06806327753039025	false	0.5
bedenklich	neg 1.0		off 0.5286608640739562 neg 0.40289367844815566 __DUMMY__ 0.06844545747788812	false	0.5
beanstanden	neg 1.0		off 0.529048137011662 neg 0.40200143043750464 __DUMMY__ 0.06895043255083333	false	0.5
panisch	neg 1.0		off 0.5347317717233865 neg 0.397049100287574 __DUMMY__ 0.06821912798903956	false	0.5
debil	off 1.0		off 0.5244069346370889 neg 0.4059835241699694 __DUMMY__ 0.06960954119294177	false	1.0
abstrich	neg 1.0		off 0.5339119684255331 neg 0.3973494464138193 __DUMMY__ 0.06873858516064757	false	0.5
primitiv	neg 1.0		off 0.5375041294542183 neg 0.3951283455766921 __DUMMY__ 0.0673675249690896	false	0.5
abschaum	off 1.0	off 1.0	off 0.7567326636544601 neg 0.2109364951180989 __DUMMY__ 0.03233084122744091	false	1.0
provozieren	neg 1.0		off 0.5322049501297712 neg 0.39973326363273 __DUMMY__ 0.06806178623749871	false	0.5
tot	neg 1.0		off 0.5317133655298671 neg 0.39969090780143474 __DUMMY__ 0.06859572666869804	false	0.5
instabil	neg 1.0		off 0.5397027367904126 neg 0.3931846135064009 __DUMMY__ 0.06711264970318664	false	0.5
schwuchtel	off 1.0	off 1.0	off 0.7629995390919678 neg 0.20559589507488146 __DUMMY__ 0.031404565833150745	false	1.0
zerren	neg 1.0		off 0.5305604714898202 neg 0.4008095900062991 __DUMMY__ 0.06862993850388072	false	0.5
kinderficker	off 1.0		off 0.5416016290574592 neg 0.391443038362196 __DUMMY__ 0.06695533258034486	false	1.0
gefahr	neg 1.0		off 0.5288849477366354 neg 0.40216538642092825 __DUMMY__ 0.06894966584243643	false	0.5
rabiat	neg 1.0		off 0.5303727607004173 neg 0.40143912702220363 __DUMMY__ 0.06818811227737906	false	0.5
verlangsamung	neg 1.0		off 0.5430833745731795 neg 0.3901615353802046 __DUMMY__ 0.06675509004661608	false	0.5
ausgestorben	neg 1.0		off 0.5311710367141624 neg 0.40042807319189927 __DUMMY__ 0.06840089009393832	false	0.5
anklagen	neg 1.0		off 0.5303607209898099 neg 0.40130792207345845 __DUMMY__ 0.06833135693673163	false	0.5
trott	neg 1.0		off 0.5326448370747906 neg 0.39902152474892844 __DUMMY__ 0.06833363817628094	false	0.5
verminderung	neg 1.0		off 0.5367877054872666 neg 0.39576232104951986 __DUMMY__ 0.06744997346321352	false	0.5
nach			off 0.5256828269238362 neg 0.40466083473245723 __DUMMY__ 0.06965633834370667	false	0.0
rost	neg 1.0		off 0.5457122101537838 neg 0.3874125455737082 __DUMMY__ 0.06687524427250792	false	0.5
destruktiv	neg 1.0		off 0.5306316805087742 neg 0.4012974281614787 __DUMMY__ 0.06807089132974696	false	0.5
unzumutbarkeit	neg 1.0		off 0.5400501049461397 neg 0.3920252356212185 __DUMMY__ 0.06792465943264174	false	0.5
labil	off 1.0	off 1.0	off 0.7562543720943248 neg 0.21140758565335163 __DUMMY__ 0.032338042252323715	false	1.0
ziemlich	neg 1.0		off 0.5375348060612708 neg 0.39471163216806016 __DUMMY__ 0.06775356177066905	false	0.5
lachnummer	off 1.0		off 0.5323994494828878 neg 0.39939151566084746 __DUMMY__ 0.06820903485626478	false	1.0
oder			off 0.5335832456759623 neg 0.39804232765207 __DUMMY__ 0.06837442667196769	false	0.0
verfall	neg 1.0		off 0.5239970379808472 neg 0.40708571046008735 __DUMMY__ 0.06891725155906545	false	0.5
ausgrenzung	neg 1.0		off 0.5334272681117165 neg 0.3986608580779657 __DUMMY__ 0.06791187381031788	false	0.5
unordnung	neg 1.0		off 0.5429536399402037 neg 0.389593353614387 __DUMMY__ 0.06745300644540922	false	0.5
fehlverhalten	neg 1.0		off 0.5285211150701379 neg 0.40284911306287746 __DUMMY__ 0.06862977186698464	false	0.5
eine			off 0.5271522416668075 neg 0.40396335443483317 __DUMMY__ 0.0688844038983593	false	0.0
nille	neg 1.0		off 0.53320659193968 neg 0.3984546260808519 __DUMMY__ 0.06833878197946805	false	0.5
qual	neg 1.0		off 0.5322195201213517 neg 0.39943573253559295 __DUMMY__ 0.06834474734305526	false	0.5
verschwenden	neg 1.0		off 0.5275024166826108 neg 0.4039748557205234 __DUMMY__ 0.06852272759686588	false	0.5
riesig	neg 1.0		off 0.5312678749132929 neg 0.3998052912346967 __DUMMY__ 0.06892683385201057	false	0.5
verurteilen	neg 1.0		off 0.5296888728319726 neg 0.40200133929138687 __DUMMY__ 0.06830978787664041	false	0.5
klischee	neg 1.0	neg 1.0	neg 0.682488392803415 off 0.2851999047021985 __DUMMY__ 0.032311702494386585	false	1.0
diktatorisch	neg 1.0		off 0.5326633078786014 neg 0.3995665244905009 __DUMMY__ 0.06777016763089785	false	0.5
vorhersehbar	neg 1.0		off 0.5331232427000479 neg 0.3991840802373206 __DUMMY__ 0.06769267706263153	false	0.5
sowie			off 0.5399404399577444 neg 0.393218061961924 __DUMMY__ 0.06684149808033157	false	0.0
stornieren	neg 1.0		off 0.5398210365611396 neg 0.3914571713988532 __DUMMY__ 0.06872179204000722	false	0.5
besteuerung	neg 1.0	neg 1.0	neg 0.6847877695953793 off 0.2829037050809878 __DUMMY__ 0.03230852532363295	false	1.0
ungeschminkt	neg 1.0		off 0.5388751645363679 neg 0.3936183435811556 __DUMMY__ 0.0675064918824767	false	0.5
kritisch	neg 1.0		off 0.5301474430030265 neg 0.40136810258222083 __DUMMY__ 0.0684844544147527	false	0.5
schlamperei	off 1.0		off 0.5294314427661506 neg 0.40192422020394397 __DUMMY__ 0.06864433702990531	false	1.0
sucht	neg 1.0	neg 1.0	neg 0.680781878605223 off 0.28642702851631796 __DUMMY__ 0.03279109287845899	false	1.0
egoistisch	off 1.0	off 1.0	off 0.7591026381022075 neg 0.20891571387636518 __DUMMY__ 0.0319816480214274	false	1.0
ausbeuter	off 1.0		off 0.5267789029449151 neg 0.4048080483976999 __DUMMY__ 0.06841304865738486	false	1.0
arschgeburt	off 1.0		off 0.5491390109659627 neg 0.3848395832173082 __DUMMY__ 0.06602140581672919	false	1.0
schubs	neg 1.0		off 0.5290132145704162 neg 0.40256419264822835 __DUMMY__ 0.06842259278135547	false	0.5
unsolide	neg 1.0		off 0.5341681384916656 neg 0.3979572599855902 __DUMMY__ 0.06787460152274438	false	0.5
beschwerde	neg 1.0		off 0.531101132913375 neg 0.40036576152179915 __DUMMY__ 0.06853310556482571	false	0.5
stocken	neg 1.0		off 0.5302785352170238 neg 0.4010746771231922 __DUMMY__ 0.06864678765978398	false	0.5
isolieren	neg 1.0		off 0.5311326357590751 neg 0.4003431250671684 __DUMMY__ 0.06852423917375665	false	0.5
unheilbar	neg 1.0		off 0.5310216150777397 neg 0.4009007099000622 __DUMMY__ 0.06807767502219819	false	0.5
pisser	off 1.0	off 1.0	off 0.7589670636873547 neg 0.208778465961024 __DUMMY__ 0.03225447035162132	false	1.0
löschen	neg 1.0		off 0.5332900739901151 neg 0.39843097128319316 __DUMMY__ 0.06827895472669177	false	0.5
durchfallen	neg 1.0		off 0.5297757543655809 neg 0.40175141095731126 __DUMMY__ 0.06847283467710794	false	0.5
wichser	off 1.0	off 1.0	off 0.7607250616121746 neg 0.2076913698265151 __DUMMY__ 0.03158356856131039	false	1.0
terror	neg 1.0		off 0.5360801964695194 neg 0.3958615639399472 __DUMMY__ 0.06805823959053342	false	0.5
krass	neg 1.0		off 0.5408341511266486 neg 0.3920814415450241 __DUMMY__ 0.06708440732832745	false	0.5
revolte	neg 1.0		off 0.5320676725562951 neg 0.4005756094501877 __DUMMY__ 0.06735671799351729	false	0.5
besorgt	neg 1.0		off 0.5322194919991485 neg 0.39904030898341447 __DUMMY__ 0.06874019901743707	false	0.5
nachlassen	neg 1.0		off 0.530616388069891 neg 0.40067567702290513 __DUMMY__ 0.06870793490720387	false	0.5
alt	neg 1.0		off 0.5262977681901346 neg 0.4056199981383849 __DUMMY__ 0.0680822336714805	false	0.5
hundesohn	off 1.0	off 1.0	off 0.761622788970434 neg 0.20655298783815845 __DUMMY__ 0.03182422319140756	false	1.0
als			off 0.5297907750886544 neg 0.40183512177308955 __DUMMY__ 0.06837410313825595	false	0.0
abschreckung	neg 1.0		off 0.527519611379273 neg 0.4038209004617873 __DUMMY__ 0.06865948815893971	false	0.5
unqualifiziert	neg 1.0		off 0.535422314026584 neg 0.39684963727102623 __DUMMY__ 0.06772804870238983	false	0.5
abgewichst	off 1.0		off 0.5330734154908303 neg 0.3984603017695353 __DUMMY__ 0.06846628273963448	false	1.0
schwer	neg 1.0		off 0.5309794326812304 neg 0.4007843399123356 __DUMMY__ 0.06823622740643401	false	0.5
bedeutungslosigkeit	neg 1.0		off 0.5279643384016701 neg 0.4034189695900583 __DUMMY__ 0.06861669200827154	false	0.5
kapitulation	neg 1.0		off 0.5279095831347388 neg 0.40388736191723124 __DUMMY__ 0.06820305494803004	false	0.5
unscharf	neg 1.0		off 0.5310472902827423 neg 0.40142297237627667 __DUMMY__ 0.06752973734098108	false	0.5
schwinden	neg 1.0		off 0.5279716915402204 neg 0.403458695132321 __DUMMY__ 0.06856961332745858	false	0.5
versklavung	neg 1.0	neg 1.0	neg 0.6835053686588387 off 0.28408662577671223 __DUMMY__ 0.03240800556444912	false	1.0
schlecht	neg 1.0		off 0.537887533882277 neg 0.39432888201170785 __DUMMY__ 0.06778358410601511	false	0.5
verhasst	neg 1.0		off 0.532562772327304 neg 0.39948014935539855 __DUMMY__ 0.06795707831729748	false	0.5
beschweren	neg 1.0		off 0.5344591078752383 neg 0.39736272224494834 __DUMMY__ 0.0681781698798133	false	0.5
scheiden	neg 1.0		off 0.532431705573915 neg 0.3993116977407457 __DUMMY__ 0.06825659668533926	false	0.5
frustriert	neg 1.0		off 0.5310471150969832 neg 0.4005230222715832 __DUMMY__ 0.06842986263143368	false	0.5
schimmelig	neg 1.0		off 0.5289699321960613 neg 0.40267094745962856 __DUMMY__ 0.06835912034431002	false	0.5
fisch	neg 1.0		off 0.5248644460118307 neg 0.4066732617341839 __DUMMY__ 0.0684622922539855	false	0.5
schmuggel	neg 1.0		off 0.5286366130609719 neg 0.4023072868560024 __DUMMY__ 0.06905610008302578	false	0.5
auffallen	neg 1.0		off 0.5341688366564942 neg 0.3978048541641627 __DUMMY__ 0.06802630917934306	false	0.5
konkurrenz	neg 1.0		off 0.5292448394395275 neg 0.40184583581637906 __DUMMY__ 0.06890932474409328	false	0.5
teufelskreis	neg 1.0	neg 1.0	neg 0.6851502426088422 off 0.28237221154303327 __DUMMY__ 0.03247754584812468	false	1.0
aufschreien	neg 1.0		off 0.5335474700881229 neg 0.3986659566020175 __DUMMY__ 0.06778657330985954	false	0.5
schuldner	neg 1.0		off 0.5265357284681175 neg 0.40507421944807376 __DUMMY__ 0.06839005208380874	false	0.5
missgeburt	off 1.0	off 1.0	off 0.7618179406730295 neg 0.20613284313458363 __DUMMY__ 0.032049216192386834	false	1.0
arbeitslos	neg 1.0		off 0.5297856372003975 neg 0.40171943749423294 __DUMMY__ 0.06849492530536959	false	0.5
befallen	neg 1.0		off 0.5304259763533469 neg 0.4014059076886117 __DUMMY__ 0.06816811595804138	false	0.5
miesepetrig	off 1.0	off 1.0	off 0.7559492572317831 neg 0.21176545349219827 __DUMMY__ 0.032285289276018675	false	1.0
alarmieren	neg 1.0		off 0.5365115773578628 neg 0.3957137312060048 __DUMMY__ 0.06777469143613249	false	0.5
ungeduscht	off 1.0		off 0.5353525224009614 neg 0.39698656596422194 __DUMMY__ 0.06766091163481663	false	1.0
knappheit	neg 1.0		off 0.5290187173946487 neg 0.40273623396499586 __DUMMY__ 0.06824504864035534	false	0.5
schlange	neg 1.0		off 0.5334265462541288 neg 0.398207372280572 __DUMMY__ 0.06836608146529913	false	0.5
harsch	neg 1.0		off 0.5442202605923236 neg 0.3880665414123917 __DUMMY__ 0.0677131979952848	false	0.5
lang	neg 1.0		off 0.5339719969828948 neg 0.39781381935029825 __DUMMY__ 0.06821418366680701	false	0.5
ziellos	neg 1.0		off 0.5294765933698626 neg 0.4017199532201696 __DUMMY__ 0.06880345340996756	false	0.5
selbstverliebt	neg 1.0		off 0.5467360149098475 neg 0.3869121019681992 __DUMMY__ 0.0663518831219533	false	0.5
beseitigen	neg 1.0		off 0.5361362266374873 neg 0.395031290051004 __DUMMY__ 0.06883248331150867	false	0.5
dumm	off 1.0		off 0.5418466773163569 neg 0.39136231922745995 __DUMMY__ 0.06679100345618326	false	1.0
arbeitsloser	neg 1.0		off 0.5319113388881527 neg 0.39928574367259406 __DUMMY__ 0.0688029174392533	false	0.5
blitzen	neg 1.0		off 0.5353903478181711 neg 0.3968111757924394 __DUMMY__ 0.06779847638938928	false	0.5
hilflos	neg 1.0		off 0.5297957548617747 neg 0.4017365992548275 __DUMMY__ 0.0684676458833977	false	0.5
eklig	off 1.0		off 0.5413341800398719 neg 0.39207566422691803 __DUMMY__ 0.06659015573320994	false	1.0
begriff			off 0.5312224427620343 neg 0.4005510612392914 __DUMMY__ 0.06822649599867425	false	0.0
hungersnot	neg 1.0		off 0.5278484258801708 neg 0.40407239317757804 __DUMMY__ 0.06807918094225118	false	0.5
ungesetzlich	neg 1.0		off 0.5329945729355756 neg 0.3991821674337344 __DUMMY__ 0.06782325963068975	false	0.5
verschwendung	neg 1.0		off 0.5279702474973688 neg 0.4034112103640706 __DUMMY__ 0.06861854213856064	false	0.5
schmerzvoll	neg 1.0		off 0.5325900405208447 neg 0.3994272137027278 __DUMMY__ 0.0679827457764274	false	0.5
vorzeitig	neg 1.0		off 0.5381267974962198 neg 0.3939476963476771 __DUMMY__ 0.067925506156103	false	0.5
unvollkommenheit	neg 1.0		off 0.5310564069573189 neg 0.4005353057550337 __DUMMY__ 0.06840828728764722	false	0.5
intervenieren	neg 1.0		off 0.5275527907240212 neg 0.40406552734849704 __DUMMY__ 0.06838168192748176	false	0.5
banause	off 1.0		off 0.5410083138054769 neg 0.39281691380067174 __DUMMY__ 0.06617477239385136	false	1.0
rebell	neg 1.0		off 0.5253261240840751 neg 0.4057147187626652 __DUMMY__ 0.06895915715325963	false	0.5
unlogisch	neg 1.0		off 0.5385643660527865 neg 0.3941560757282968 __DUMMY__ 0.0672795582189168	false	0.5
leiden	neg 1.0		off 0.5293233670329032 neg 0.40160926533513386 __DUMMY__ 0.06906736763196301	false	0.5
abschaffung	neg 1.0		off 0.5321779867302994 neg 0.3998629179341218 __DUMMY__ 0.06795909533557871	false	0.5
sturz	neg 1.0		off 0.5376422950971702 neg 0.39378891578263125 __DUMMY__ 0.0685687891201985	false	0.5
verkleinerung	neg 1.0		off 0.5341526584392421 neg 0.3983322929893715 __DUMMY__ 0.0675150485713865	false	0.5
schmarotzer	off 1.0		off 0.5299240256366906 neg 0.40176777504591343 __DUMMY__ 0.06830819931739605	false	1.0
bestrafung	neg 1.0	neg 1.0	neg 0.6829538730693854 off 0.2844271363712627 __DUMMY__ 0.032618990559352	false	1.0
achtlos	neg 1.0		off 0.531180764704846 neg 0.40037671675680414 __DUMMY__ 0.06844251853834989	false	0.5
ungeheuer	neg 1.0		off 0.5315865662460845 neg 0.400376913198241 __DUMMY__ 0.06803652055567454	false	0.5
unaufrichtig	neg 1.0		off 0.5363435971042503 neg 0.3958025857102453 __DUMMY__ 0.06785381718550454	false	0.5
groggy	neg 1.0		off 0.5362938604913442 neg 0.39560037815974275 __DUMMY__ 0.068105761348913	false	0.5
verletzlich	neg 1.0		off 0.5341289811138538 neg 0.3985857960570286 __DUMMY__ 0.06728522282911767	false	0.5
ablehnen	neg 1.0		off 0.5300022405824721 neg 0.40147816343948584 __DUMMY__ 0.06851959597804208	false	0.5
