unsolidarisch	neg 1.0		off 0.5309684327421873 neg 0.40115980440138527 __DUMMY__ 0.06787176285642744	false	0.5
nachteilig	neg 1.0		off 0.5311016777239355 neg 0.40000058503772196 __DUMMY__ 0.06889773723834262	false	0.5
skeptisch	neg 1.0		off 0.5280701522442971 neg 0.40319102968402665 __DUMMY__ 0.06873881807167614	false	0.5
schrecklich	neg 1.0		off 0.5393371261382162 neg 0.3933954623928839 __DUMMY__ 0.06726741146889995	false	0.5
schlapp	neg 1.0	neg 1.0	neg 0.6816443307757729 off 0.2860815925489717 __DUMMY__ 0.03227407667525541	false	1.0
abfall	neg 1.0		off 0.5263010164291714 neg 0.4045250085928789 __DUMMY__ 0.06917397497794976	false	0.5
widerspenstig	neg 1.0		off 0.5306140095293518 neg 0.40122994353073776 __DUMMY__ 0.06815604693991041	false	0.5
abrupt	neg 1.0		off 0.5272548774533973 neg 0.4040734653453231 __DUMMY__ 0.06867165720127955	false	0.5
unwirksam	neg 1.0		off 0.5294955883319815 neg 0.40281287720461767 __DUMMY__ 0.06769153446340091	false	0.5
angreifen	neg 1.0		off 0.5274469512771061 neg 0.40377050081351246 __DUMMY__ 0.06878254790938156	false	0.5
inkonsistent	neg 1.0		off 0.5333253219733602 neg 0.39888241955625475 __DUMMY__ 0.06779225847038495	false	0.5
abrutschen	neg 1.0		off 0.5253426257153209 neg 0.40555155858595615 __DUMMY__ 0.06910581569872293	false	0.5
unsicher	neg 1.0		off 0.5325207926382686 neg 0.39909950197910765 __DUMMY__ 0.06837970538262383	false	0.5
bauernkind	off 1.0	off 1.0	off 0.757881582067518 neg 0.2103127394752142 __DUMMY__ 0.031805678457267846	false	1.0
angreifer	neg 1.0		off 0.538018107032179 neg 0.393686254692562 __DUMMY__ 0.06829563827525895	false	0.5
trennen	neg 1.0		off 0.5281962519409101 neg 0.40286334147672836 __DUMMY__ 0.06894040658236159	false	0.5
schmutz	neg 1.0		off 0.541070824619831 neg 0.39004640868042995 __DUMMY__ 0.06888276669973908	false	0.5
inkonsistenz	neg 1.0		off 0.5357021432870415 neg 0.39662317204653685 __DUMMY__ 0.06767468466642167	false	0.5
erschreckend	neg 1.0		off 0.5311431799134263 neg 0.4005460189159495 __DUMMY__ 0.06831080117062428	false	0.5
ertrinken	neg 1.0		off 0.5263721676466283 neg 0.40492108118719805 __DUMMY__ 0.06870675116617363	false	0.5
pickelface	off 1.0		off 0.5338827164989822 neg 0.39773758193310843 __DUMMY__ 0.06837970156790933	false	1.0
seiner			off 0.5287009513600877 neg 0.4024191047183969 __DUMMY__ 0.06887994392151545	false	0.0
lauch	neg 1.0	neg 1.0	neg 0.6854541492605692 off 0.2814249723915354 __DUMMY__ 0.03312087834789527	false	1.0
unwichtig	neg 1.0		off 0.5357421748217052 neg 0.3965626900234865 __DUMMY__ 0.06769513515480835	false	0.5
steuerhinterziehung	neg 1.0		off 0.529857824485578 neg 0.40207136439587493 __DUMMY__ 0.06807081111854706	false	0.5
schock	neg 1.0		off 0.5310166498200772 neg 0.40049845517256133 __DUMMY__ 0.06848489500736143	false	0.5
beule	neg 1.0		off 0.5374733578103931 neg 0.395142776689335 __DUMMY__ 0.067383865500272	false	0.5
vergelten	neg 1.0		off 0.5418127815997872 neg 0.39079472450580177 __DUMMY__ 0.06739249389441103	false	0.5
verdorbenheit	neg 1.0		off 0.5355256057669592 neg 0.39601018063370724 __DUMMY__ 0.06846421359933351	false	0.5
trauma	neg 1.0		off 0.5331963355983074 neg 0.3987057172238178 __DUMMY__ 0.06809794717787489	false	0.5
sinnlos	neg 1.0		off 0.5338837032909673 neg 0.39802650195042943 __DUMMY__ 0.06808979475860322	false	0.5
fettsack	off 1.0	off 1.0	off 0.7592317962662385 neg 0.20891148833184808 __DUMMY__ 0.03185671540191347	false	1.0
feige	off 1.0	off 1.0	off 0.7561547740245141 neg 0.21164449699330776 __DUMMY__ 0.032200728982178135	false	1.0
abdanken	neg 1.0		off 0.5320804864246091 neg 0.39956708866344337 __DUMMY__ 0.06835242491194757	false	0.5
wichtigtuer	off 1.0	off 1.0	off 0.7551125436246858 neg 0.212438238391411 __DUMMY__ 0.03244921798390317	false	1.0
misslingen	neg 1.0		off 0.5372837047788804 neg 0.39404038195475133 __DUMMY__ 0.06867591326636817	false	0.5
untreu	off 1.0		off 0.5367923285411835 neg 0.3956386521644533 __DUMMY__ 0.067569019294363	false	1.0
missmutig	neg 1.0		off 0.5337066334362327 neg 0.3986207885278351 __DUMMY__ 0.06767257803593221	false	0.5
hurenbock	off 1.0		off 0.5325867493461615 neg 0.3992520271000194 __DUMMY__ 0.06816122355381903	false	1.0
betrunken	neg 1.0		off 0.5383269564392847 neg 0.39432151728896 __DUMMY__ 0.06735152627175531	false	0.5
korrupt	off 1.0		off 0.5286536453974223 neg 0.4033364984274858 __DUMMY__ 0.06800985617509192	false	1.0
unmut	neg 1.0		off 0.5267013780118821 neg 0.4043610221245568 __DUMMY__ 0.06893759986356107	false	0.5
hackfresse	off 1.0		off 0.5429617322347389 neg 0.3902747508264882 __DUMMY__ 0.06676351693877296	false	1.0
aufblasen	neg 1.0		off 0.5322456791286729 neg 0.3995475197273172 __DUMMY__ 0.06820680114400986	false	0.5
gewaltsam	neg 1.0		off 0.5332258045723665 neg 0.39828695387845775 __DUMMY__ 0.0684872415491759	false	0.5
unbeliebtheit	neg 1.0		off 0.5380623435226409 neg 0.3942339222637567 __DUMMY__ 0.06770373421360242	false	0.5
sturheit	neg 1.0		off 0.5317016474637457 neg 0.3998828050480636 __DUMMY__ 0.06841554748819065	false	0.5
kuh	neg 1.0		off 0.5309963251813941 neg 0.4017176409588026 __DUMMY__ 0.0672860338598032	false	0.5
erschrecken	neg 1.0		off 0.5356255401385623 neg 0.3964957833118371 __DUMMY__ 0.06787867654960057	false	0.5
opfer	neg 1.0		off 0.5298837155897399 neg 0.40139961096926874 __DUMMY__ 0.0687166734409914	false	0.5
sinken	neg 1.0		off 0.5264756663724804 neg 0.4047689791712882 __DUMMY__ 0.06875535445623132	false	0.5
stinktier	neg 1.0		off 0.5387561799590239 neg 0.3946381319940199 __DUMMY__ 0.06660568804695627	false	0.5
tucke	off 1.0		off 0.5429238546120899 neg 0.3908400741845833 __DUMMY__ 0.0662360712033267	false	1.0
ein			off 0.5300362229497486 neg 0.40183830814312876 __DUMMY__ 0.06812546890712257	false	0.0
abstieg	neg 1.0		off 0.532893669395423 neg 0.3982401248380367 __DUMMY__ 0.06886620576654023	false	0.5
missverstehen	neg 1.0		off 0.5339598383729518 neg 0.398139689054808 __DUMMY__ 0.06790047257224027	false	0.5
ergebnislos	neg 1.0		off 0.5309504294828395 neg 0.4001387707097465 __DUMMY__ 0.06891079980741392	false	0.5
unter			off 0.5242664233315697 neg 0.4059298250010641 __DUMMY__ 0.06980375166736619	false	0.0
manipulieren	neg 1.0		off 0.5289481697748705 neg 0.40226859311393703 __DUMMY__ 0.06878323711119257	false	0.5
unbewiesen	neg 1.0		off 0.5323426210417197 neg 0.3996368488050358 __DUMMY__ 0.0680205301532445	false	0.5
verschleppen	neg 1.0		off 0.5289803546808077 neg 0.40262429479432216 __DUMMY__ 0.06839535052487	false	0.5
weib	off 1.0		off 0.5446821671317016 neg 0.38881471334073736 __DUMMY__ 0.06650311952756106	false	1.0
opposition	neg 1.0		off 0.5325658756491015 neg 0.39951967534716604 __DUMMY__ 0.06791444900373247	false	0.5
verkehrswidrig	neg 1.0		off 0.5450546825554526 neg 0.38722598165778055 __DUMMY__ 0.06771933578676662	false	0.5
inkorrekt	neg 1.0		off 0.5383496651970867 neg 0.39448552873279097 __DUMMY__ 0.0671648060701223	false	0.5
vermeiden	neg 1.0		off 0.5268852407032963 neg 0.40370202580925835 __DUMMY__ 0.06941273348744535	false	0.5
abweichung	neg 1.0		off 0.5317198348287204 neg 0.39958129180966767 __DUMMY__ 0.06869887336161183	false	0.5
alkoholisiert	neg 1.0		off 0.5338176185260246 neg 0.3966342171149327 __DUMMY__ 0.06954816435904275	false	0.5
scheiss	off 1.0	off 1.0	off 0.7570901403485867 neg 0.2107729862964695 __DUMMY__ 0.032136873354943835	false	1.0
herausforderung	neg 1.0		off 0.5305825906517138 neg 0.4008192565479213 __DUMMY__ 0.06859815280036499	false	0.5
pervers	off 1.0		off 0.5462798318282919 neg 0.38749055966791407 __DUMMY__ 0.06622960850379396	false	1.0
wackelig	neg 1.0		off 0.5306644582977046 neg 0.40069431645543147 __DUMMY__ 0.06864122524686382	false	0.5
verwickeln	neg 1.0		off 0.5332549208367039 neg 0.39874536373770425 __DUMMY__ 0.0679997154255918	false	0.5
vorwand	neg 1.0		off 0.5273253866307335 neg 0.4038295137036509 __DUMMY__ 0.06884509966561564	false	0.5
muschi	off 1.0		off 0.5336574563401556 neg 0.39775171857459507 __DUMMY__ 0.06859082508524925	false	1.0
entmutigung	neg 1.0		off 0.5315695615005234 neg 0.4008421938832218 __DUMMY__ 0.06758824461625476	false	0.5
unangemessen	neg 1.0		off 0.5308414780911183 neg 0.40080287260995745 __DUMMY__ 0.06835564929892439	false	0.5
unstetig	neg 1.0		off 0.5368354913499438 neg 0.3951801115991995 __DUMMY__ 0.06798439705085646	false	0.5
entmutigen	neg 1.0		off 0.5315690051724395 neg 0.40044721698053076 __DUMMY__ 0.06798377784702983	false	0.5
schwanz	neg 1.0		off 0.5316540792344873 neg 0.3996106898686277 __DUMMY__ 0.06873523089688513	false	0.5
verbot	neg 1.0		off 0.5300846346830472 neg 0.4016295914931095 __DUMMY__ 0.06828577382384336	false	0.5
leid	neg 1.0		off 0.5405235025636986 neg 0.3924190158926221 __DUMMY__ 0.0670574815436792	false	0.5
archaisch	neg 1.0		off 0.5302510177576728 neg 0.4014281225737978 __DUMMY__ 0.0683208596685293	false	0.5
gegen			off 0.5283562924523015 neg 0.4025612887020068 __DUMMY__ 0.06908241884569172	false	0.0
scheidung	neg 1.0		off 0.5539417264020344 neg 0.37944638514633455 __DUMMY__ 0.06661188845163107	false	0.5
einschlag	neg 1.0		off 0.5424709219484896 neg 0.38988273717000493 __DUMMY__ 0.06764634088150547	false	0.5
m			off 0.5313720209503933 neg 0.39999872582557905 __DUMMY__ 0.06862925322402769	false	0.0
abgestanden	neg 1.0		off 0.5284234756125669 neg 0.4039591631503172 __DUMMY__ 0.06761736123711591	false	0.5
schmierig	off 1.0		off 0.5399108561163218 neg 0.39304355509383326 __DUMMY__ 0.0670455887898448	false	1.0
unpraktisch	neg 1.0		off 0.5339527308815293 neg 0.39783342389675974 __DUMMY__ 0.06821384522171105	false	0.5
wixxer	off 1.0		off 0.546096029988856 neg 0.38779570828798204 __DUMMY__ 0.06610826172316202	false	1.0
bezeichnet			off 0.5327290784013458 neg 0.3989717832203218 __DUMMY__ 0.06829913837833249	false	0.0
jammerlappen	off 1.0		off 0.5360060178089654 neg 0.39631722473846454 __DUMMY__ 0.0676767574525699	false	1.0
farce	neg 1.0		off 0.5309830829805531 neg 0.40096221695568646 __DUMMY__ 0.06805470006376044	false	0.5
zwecklos	neg 1.0		off 0.5295566549461183 neg 0.4020611372649561 __DUMMY__ 0.06838220778892568	false	0.5
turbulent	neg 1.0		off 0.5390707072652116 neg 0.393365640589674 __DUMMY__ 0.06756365214511441	false	0.5
invasion	neg 1.0		off 0.5346530499191117 neg 0.3973214488912011 __DUMMY__ 0.06802550118968738	false	0.5
schuld	neg 1.0		off 0.5329365322521546 neg 0.3989468944827762 __DUMMY__ 0.0681165732650691	false	0.5
risiko	neg 1.0		off 0.5340589630135371 neg 0.39792601786685583 __DUMMY__ 0.06801501911960725	false	0.5
finster	neg 1.0		off 0.5301650747234484 neg 0.40182522607510834 __DUMMY__ 0.06800969920144317	false	0.5
geisteskrank	off 1.0		off 0.5375412866444759 neg 0.39512846009240093 __DUMMY__ 0.06733025326312327	false	1.0
zusammenbrechen	neg 1.0		off 0.529921107839399 neg 0.4016842913212586 __DUMMY__ 0.06839460083934233	false	0.5
ausbeute	neg 1.0		off 0.532708801143247 neg 0.39869737160885643 __DUMMY__ 0.06859382724789635	false	0.5
hinterhalt	neg 1.0		off 0.5314539226399818 neg 0.40011085951888636 __DUMMY__ 0.06843521784113182	false	0.5
kritik	neg 1.0		off 0.5304138614193706 neg 0.4015508306298418 __DUMMY__ 0.06803530795078762	false	0.5
einschrumpfen	neg 1.0		off 0.5356201717421422 neg 0.3968435724394737 __DUMMY__ 0.06753625581838413	false	0.5
riskant	neg 1.0		off 0.528200786510188 neg 0.4030963098736482 __DUMMY__ 0.06870290361616378	false	0.5
frustrieren	neg 1.0		off 0.528422590056387 neg 0.403041740114722 __DUMMY__ 0.06853566982889095	false	0.5
groll	neg 1.0		off 0.530612791275277 neg 0.4008960702021754 __DUMMY__ 0.06849113852254754	false	0.5
gibt			off 0.5302612450261122 neg 0.40119412434057583 __DUMMY__ 0.06854463063331205	false	0.0
qualvoll	neg 1.0		off 0.533374064834652 neg 0.39866372147244 __DUMMY__ 0.06796221369290797	false	0.5
wackeln	neg 1.0		off 0.5323014406792729 neg 0.399354695175767 __DUMMY__ 0.06834386414496019	false	0.5
klagen	neg 1.0		off 0.5273375223647481 neg 0.4038773222976261 __DUMMY__ 0.06878515533762596	false	0.5
bankrott	neg 1.0		off 0.5378081019103725 neg 0.394154973088462 __DUMMY__ 0.06803692500116545	false	0.5
trauern	neg 1.0		off 0.5306279114485096 neg 0.40032806009541705 __DUMMY__ 0.06904402845607331	false	0.5
ablehnung	neg 1.0		off 0.5308164165412068 neg 0.4009519594790236 __DUMMY__ 0.06823162397976955	false	0.5
stur	neg 1.0		off 0.5323286080795283 neg 0.3996471539633055 __DUMMY__ 0.06802423795716606	false	0.5
aufruhr	neg 1.0		off 0.5307521302277453 neg 0.40122763426009167 __DUMMY__ 0.06802023551216298	false	0.5
melancholie	neg 1.0		off 0.5265987875605125 neg 0.4049031030921983 __DUMMY__ 0.06849810934728918	false	0.5
ist			off 0.5334412220065325 neg 0.3984777459523051 __DUMMY__ 0.0680810320411623	false	0.0
torheit	neg 1.0		off 0.5325603110617186 neg 0.3994121850516333 __DUMMY__ 0.0680275038866481	false	0.5
dreckskind	off 1.0		off 0.5441043103688297 neg 0.389239846738744 __DUMMY__ 0.06665584289242645	false	1.0
umtauschen	neg 1.0		off 0.5317903935933368 neg 0.39987789400342366 __DUMMY__ 0.06833171240323967	false	0.5
zum			off 0.5292263221067045 neg 0.4010176534550954 __DUMMY__ 0.06975602443820011	false	0.0
zersetzen	neg 1.0		off 0.5272690747516768 neg 0.40413993887628813 __DUMMY__ 0.068590986372035	false	0.5
zur			off 0.527130952677255 neg 0.4034416418381371 __DUMMY__ 0.06942740548460799	false	0.0
frust	neg 1.0		off 0.5296631838554305 neg 0.40192056261953274 __DUMMY__ 0.06841625352503686	false	0.5
unerbittlichkeit	neg 1.0		off 0.5293682541912317 neg 0.401906722523739 __DUMMY__ 0.06872502328502929	false	0.5
zwei			off 0.5265506496239156 neg 0.40400380248544526 __DUMMY__ 0.06944554789063895	false	0.0
unkorrekt	neg 1.0		off 0.53759175115644 neg 0.39510730255627063 __DUMMY__ 0.06730094628728932	false	0.5
hexe	off 1.0		off 0.5344353278197711 neg 0.3981161728419084 __DUMMY__ 0.06744849933832044	false	1.0
lasch	neg 1.0		off 0.5352991301728145 neg 0.3969336020638934 __DUMMY__ 0.06776726776329212	false	0.5
rivale	neg 1.0		off 0.540337839479876 neg 0.39227619571368105 __DUMMY__ 0.06738596480644303	false	0.5
mutlos	off 1.0	off 1.0	off 0.7523137479492101 neg 0.21498293551508246 __DUMMY__ 0.03270331653570743	false	1.0
wirr	off 1.0		off 0.5392379469996045 neg 0.39366949161404324 __DUMMY__ 0.0670925613863522	false	1.0
jahr			off 0.5318847194841699 neg 0.3988436593653163 __DUMMY__ 0.06927162115051379	false	0.0
wird			off 0.530031197177752 neg 0.4013387331484924 __DUMMY__ 0.06863006967375546	false	0.0
strafbar	neg 1.0		off 0.5285611963412589 neg 0.4028070710943234 __DUMMY__ 0.06863173256441785	false	0.5
erosion	neg 1.0		off 0.5330147495702245 neg 0.3986478414135063 __DUMMY__ 0.06833740901626911	false	0.5
eingehen	neg 1.0		off 0.5278012700508606 neg 0.4037117346226406 __DUMMY__ 0.06848699532649875	false	0.5
faul	off 1.0		off 0.5364570260194939 neg 0.3956447215532035 __DUMMY__ 0.06789825242730264	false	1.0
provisorium	neg 1.0		off 0.5246412016495161 neg 0.4055213468186133 __DUMMY__ 0.06983745153187058	false	0.5
schmerzen	neg 1.0		off 0.5295563007580258 neg 0.40230231223796226 __DUMMY__ 0.0681413870040118	false	0.5
schrumpfen	neg 1.0		off 0.5242130680702991 neg 0.40681638890640887 __DUMMY__ 0.06897054302329199	false	0.5
geistlos	off 1.0		off 0.5326549149065166 neg 0.3997084219978612 __DUMMY__ 0.06763666309562225	false	1.0
fehlkauf	neg 1.0		off 0.5342675195801134 neg 0.39777855024381875 __DUMMY__ 0.06795393017606796	false	0.5
frustrierend	neg 1.0		off 0.5346349156472512 neg 0.39760361670839084 __DUMMY__ 0.06776146764435792	false	0.5
unzufrieden	neg 1.0		off 0.5300178247656491 neg 0.401487371468791 __DUMMY__ 0.06849480376555986	false	0.5
verzweifeln	neg 1.0		off 0.531224530545102 neg 0.40038883478435444 __DUMMY__ 0.06838663467054343	false	0.5
verzweifelt	neg 1.0		off 0.532572726103654 neg 0.3993797053791349 __DUMMY__ 0.06804756851721099	false	0.5
misstrauensantrag	neg 1.0		off 0.5336370722926155 neg 0.3983864653659251 __DUMMY__ 0.06797646234145947	false	0.5
abfallen	neg 1.0		off 0.5321192348917971 neg 0.3996618043158674 __DUMMY__ 0.06821896079233553	false	0.5
fucker	off 1.0		off 0.5401138090721302 neg 0.3923647802634034 __DUMMY__ 0.06752141066446629	false	1.0
ungezogen	neg 1.0		off 0.5449526217744186 neg 0.3884981132187117 __DUMMY__ 0.0665492650068696	false	0.5
irrsinnig	neg 1.0	neg 1.0	neg 0.6834477013738737 off 0.2840386908904752 __DUMMY__ 0.03251360773565112	false	1.0
unfassbar	neg 1.0		off 0.5370966994270294 neg 0.39527588714717915 __DUMMY__ 0.06762741342579139	false	0.5
hart	neg 1.0		off 0.5363136388934058 neg 0.3963251137413178 __DUMMY__ 0.06736124736527639	false	0.5
widerlich	off 1.0		off 0.5368131448838294 neg 0.3957355194167457 __DUMMY__ 0.067451335699425	false	1.0
fatal	neg 1.0	neg 1.0	neg 0.6836939266007154 off 0.28402381899318074 __DUMMY__ 0.032282254406103855	false	1.0
bruch	neg 1.0		off 0.5263957488993083 neg 0.404642767890268 __DUMMY__ 0.06896148321042372	false	0.5
aushungern	neg 1.0		off 0.5295915667738864 neg 0.4022317137472997 __DUMMY__ 0.06817671947881383	false	0.5
anspannung	neg 1.0		off 0.5265179659113656 neg 0.40405445266879186 __DUMMY__ 0.06942758141984265	false	0.5
von			off 0.5293964411053976 neg 0.40154873652905254 __DUMMY__ 0.06905482236554973	false	0.0
kraftlos	neg 1.0		off 0.5292695978297866 neg 0.4022443692293863 __DUMMY__ 0.06848603294082727	false	0.5
vom			off 0.5268056503540158 neg 0.40314725406951074 __DUMMY__ 0.0700470955764735	false	0.0
grenzdebil	off 1.0		off 0.5367197740802017 neg 0.39579233051399326 __DUMMY__ 0.06748789540580517	false	1.0
vor			off 0.5268583745521523 neg 0.40416364891627926 __DUMMY__ 0.06897797653156852	false	0.0
unterwerfen	neg 1.0		off 0.529691082210412 neg 0.4016552176480979 __DUMMY__ 0.06865370014149003	false	0.5
versenkung	neg 1.0		off 0.5294822388655436 neg 0.40175721578616774 __DUMMY__ 0.06876054534828872	false	0.5
entziehen	neg 1.0		off 0.527340393685884 neg 0.4037894558260586 __DUMMY__ 0.06887015048805746	false	0.5
finanzkrise	neg 1.0		off 0.5275701501040909 neg 0.40481485749027296 __DUMMY__ 0.06761499240563629	false	0.5
schimpfend	neg 1.0		off 0.5343029020175412 neg 0.39731744113277856 __DUMMY__ 0.06837965684968039	false	0.5
profan	neg 1.0		off 0.5336538741010928 neg 0.3984035739746704 __DUMMY__ 0.06794255192423682	false	0.5
korruption	neg 1.0		off 0.5286689529093551 neg 0.4031716686765528 __DUMMY__ 0.06815937841409195	false	0.5
â			off 0.5302756992233834 neg 0.4011196961781561 __DUMMY__ 0.06860460459846043	false	0.0
schmutzig	neg 1.0		off 0.5370362039966033 neg 0.39545898622422787 __DUMMY__ 0.06750480977916878	false	0.5
sexy	neg 1.0		off 0.5361773605123723 neg 0.3958464506384761 __DUMMY__ 0.06797618884915156	false	0.5
abraten	neg 1.0		off 0.5343865699589009 neg 0.39745835320656403 __DUMMY__ 0.0681550768345349	false	0.5
schwarz	neg 1.0		off 0.5344315550516076 neg 0.3974896508595817 __DUMMY__ 0.0680787940888109	false	0.5
fotze	off 1.0	off 1.0	off 0.7541748214722452 neg 0.21295969718301477 __DUMMY__ 0.03286548134474004	false	1.0
verwirren	neg 1.0		off 0.5341879668867023 neg 0.39783988256153324 __DUMMY__ 0.06797215055176438	false	0.5
zahnlos	off 1.0		off 0.530296039322821 neg 0.4013747949188303 __DUMMY__ 0.06832916575834865	false	1.0
verheeren	neg 1.0		off 0.5466859942956633 neg 0.3867906040651814 __DUMMY__ 0.06652340163915528	false	0.5
hippie	neg 1.0		off 0.5356568899716547 neg 0.3963715903582065 __DUMMY__ 0.06797151967013873	false	0.5
rammen	neg 1.0		off 0.5350078673741561 neg 0.3965056407388466 __DUMMY__ 0.06848649188699736	false	0.5
unlauter	neg 1.0		off 0.5340333950904486 neg 0.39794951412129476 __DUMMY__ 0.06801709078825663	false	0.5
unheilvoll	neg 1.0		off 0.5321697281380878 neg 0.3998557290016508 __DUMMY__ 0.0679745428602613	false	0.5
niedrig	neg 1.0		off 0.529571401865499 neg 0.40192599607122503 __DUMMY__ 0.06850260206327603	false	0.5
explosion	neg 1.0		off 0.5359994435918689 neg 0.395965604577656 __DUMMY__ 0.06803495183047498	false	0.5
weichei	off 1.0	off 1.0	off 0.7582236782773569 neg 0.20996362234484578 __DUMMY__ 0.031812699377797335	false	1.0
minusmensch	off 1.0		off 0.5466647607262594 neg 0.3867746567625885 __DUMMY__ 0.06656058251115218	false	1.0
farblos	neg 1.0		off 0.5345878269871058 neg 0.3971325716637556 __DUMMY__ 0.06827960134913862	false	0.5
unwissend	neg 1.0	neg 1.0	neg 0.6821268128127849 off 0.2856175923770238 __DUMMY__ 0.03225559481019138	false	1.0
traurig	neg 1.0		off 0.5391159777358373 neg 0.3935540985450723 __DUMMY__ 0.06732992371909027	false	0.5
senkung	neg 1.0		off 0.5318518836439889 neg 0.4006576168725046 __DUMMY__ 0.06749049948350633	false	0.5
ungleich	neg 1.0	neg 1.0	neg 0.6849522440892972 off 0.2822808724915717 __DUMMY__ 0.03276688341913116	false	1.0
heikel	neg 1.0		off 0.5281710263303073 neg 0.40316616260264 __DUMMY__ 0.06866281106705284	false	0.5
drosselung	neg 1.0		off 0.53686087069264 neg 0.39573856295166443 __DUMMY__ 0.06740056635569557	false	0.5
falsch	neg 1.0		off 0.5356995441723632 neg 0.3964384965740392 __DUMMY__ 0.06786195925359761	false	0.5
unzufriedenheit	neg 1.0		off 0.5273385542224654 neg 0.4040741208744602 __DUMMY__ 0.06858732490307451	false	0.5
kurz	neg 1.0		off 0.5313824136284334 neg 0.39997094389092747 __DUMMY__ 0.06864664248063924	false	0.5
unsinnig	neg 1.0		off 0.5299840154431028 neg 0.401865813471638 __DUMMY__ 0.06815017108525916	false	0.5
penner	off 1.0	off 1.0	off 0.7594086443581033 neg 0.20881781406314234 __DUMMY__ 0.03177354157875438	false	1.0
seicht	neg 1.0		off 0.5415203855073746 neg 0.3922389949489784 __DUMMY__ 0.06624061954364698	false	0.5
dummheit	off 1.0	off 1.0	off 0.7545998188773915 neg 0.21305863061116329 __DUMMY__ 0.032341550511445195	false	1.0
unerfreulich	neg 1.0		off 0.5282660403190561 neg 0.40299241031653105 __DUMMY__ 0.06874154936441274	false	0.5
motherfucker	off 1.0	off 1.0	off 0.7576766479514363 neg 0.2101282181038911 __DUMMY__ 0.03219513394467254	false	1.0
pikiert	neg 1.0		off 0.5355111043097622 neg 0.39698867607624594 __DUMMY__ 0.0675002196139919	false	0.5
wrack	neg 1.0		off 0.5348860532908277 neg 0.3960199368556632 __DUMMY__ 0.06909400985350915	false	0.5
gangster	neg 1.0		off 0.5356886730607765 neg 0.3963848815605946 __DUMMY__ 0.06792644537862898	false	0.5
krank	neg 1.0		off 0.5374674457777122 neg 0.394951725347528 __DUMMY__ 0.06758082887475982	false	0.5
reich	neg 1.0		off 0.5345596005796902 neg 0.3978830478402196 __DUMMY__ 0.06755735158009027	false	0.5
gnadenlos	neg 1.0		off 0.5334797276644411 neg 0.39826502436976235 __DUMMY__ 0.06825524796579657	false	0.5
niedergeschlagen	neg 1.0		off 0.5308297237459423 neg 0.4005273332819473 __DUMMY__ 0.06864294297211053	false	0.5
terrorisieren	off 1.0	off 1.0	off 0.7520863820729088 neg 0.21509967969777194 __DUMMY__ 0.03281393822931933	false	1.0
sinnlosigkeit	neg 1.0		off 0.5302019125948264 neg 0.40138588867521924 __DUMMY__ 0.06841219872995441	false	0.5
behindern	neg 1.0		off 0.5317890386602093 neg 0.39996296497049083 __DUMMY__ 0.06824799636929987	false	0.5
undemokratisch	neg 1.0		off 0.5332607107220515 neg 0.39886119372786377 __DUMMY__ 0.06787809555008464	false	0.5
wirtschaftskrise	neg 1.0		off 0.5279429065549318 neg 0.40394320022738245 __DUMMY__ 0.06811389321768575	false	0.5
neid	neg 1.0		off 0.5341367498367638 neg 0.3980869800428474 __DUMMY__ 0.06777627012038873	false	0.5
rutschen	neg 1.0		off 0.5258655159129544 neg 0.4047306843616108 __DUMMY__ 0.06940379972543484	false	0.5
rezession	neg 1.0		off 0.5356880454189015 neg 0.3976017911916291 __DUMMY__ 0.0667101633894695	false	0.5
fehlgeburt	neg 1.0		off 0.5344650374442068 neg 0.3970657253459513 __DUMMY__ 0.06846923720984185	false	0.5
charakterschwach	off 1.0		off 0.535945855065064 neg 0.39662282684008543 __DUMMY__ 0.06743131809485067	false	1.0
isolation	neg 1.0		off 0.5371635721076791 neg 0.39476104315021815 __DUMMY__ 0.06807538474210262	false	0.5
ablenkung	neg 1.0		off 0.5323347420194913 neg 0.3992855423612001 __DUMMY__ 0.06837971561930858	false	0.5
pech	neg 1.0		off 0.5352928342965845 neg 0.3969909225303414 __DUMMY__ 0.06771624317307415	false	0.5
vermeidung	neg 1.0		off 0.5371215329170236 neg 0.395369066235316 __DUMMY__ 0.06750940084766054	false	0.5
dominieren	neg 1.0		off 0.531627158282243 neg 0.39986160480599614 __DUMMY__ 0.06851123691176077	false	0.5
schwindlig	neg 1.0		off 0.5332472944180208 neg 0.3988040866645622 __DUMMY__ 0.06794861891741709	false	0.5
lutscher	neg 1.0		off 0.5443662484563329 neg 0.38940303886763983 __DUMMY__ 0.06623071267602745	false	0.5
pflicht	neg 1.0		off 0.5276037396189006 neg 0.4035079519175219 __DUMMY__ 0.06888830846357746	false	0.5
faschist	off 1.0		off 0.5346775297282503 neg 0.39756579946592036 __DUMMY__ 0.06775667080582924	false	1.0
verschleudern	neg 1.0		off 0.5275650468144121 neg 0.40409605039779095 __DUMMY__ 0.06833890278779707	false	0.5
wenn			off 0.5356503740148322 neg 0.3966563144732944 __DUMMY__ 0.06769331151187359	false	0.0
ehebruch	neg 1.0		off 0.5283967824675971 neg 0.40325412057330096 __DUMMY__ 0.06834909695910174	false	0.5
spott	off 1.0		off 0.5300584145749694 neg 0.4013156258738512 __DUMMY__ 0.06862595955117938	false	1.0
trostlosigkeit	neg 1.0		off 0.5255280840513477 neg 0.4059001016339798 __DUMMY__ 0.06857181431467267	false	0.5
lutschen	neg 1.0		off 0.5373478174583737 neg 0.3946482639707773 __DUMMY__ 0.06800391857084892	false	0.5
undiszipliniert	neg 1.0		off 0.5381381209000812 neg 0.39452608075186146 __DUMMY__ 0.06733579834805743	false	0.5
kopfschmerz	neg 1.0		off 0.5270614811018159 neg 0.4047345758747153 __DUMMY__ 0.06820394302346873	false	0.5
unvorhergesehen	neg 1.0		off 0.5291202599831878 neg 0.40186084867131205 __DUMMY__ 0.06901889134550017	false	0.5
desinteressiert	neg 1.0		off 0.5374941541153001 neg 0.39511867419746083 __DUMMY__ 0.06738717168723911	false	0.5
armselig	off 1.0		off 0.539505989307576 neg 0.3933013043148905 __DUMMY__ 0.06719270637753329	false	1.0
desaster	neg 1.0		off 0.5256104776777104 neg 0.4056727318964362 __DUMMY__ 0.06871679042585334	false	0.5
tod	neg 1.0		off 0.5295382311183843 neg 0.40179773555064424 __DUMMY__ 0.06866403333097147	false	0.5
herzlos	neg 1.0		off 0.5389627953239772 neg 0.393810963631819 __DUMMY__ 0.06722624104420372	false	0.5
unwissenheit	neg 1.0		off 0.5297239710139732 neg 0.4018660004384508 __DUMMY__ 0.06841002854757604	false	0.5
widersinnig	neg 1.0		off 0.5296303755243816 neg 0.40230634694522827 __DUMMY__ 0.06806327753039024	false	0.5
bedenklich	neg 1.0		off 0.5286608640739562 neg 0.4028936784481558 __DUMMY__ 0.06844545747788806	false	0.5
beanstanden	neg 1.0		off 0.5290481370116616 neg 0.402001430437505 __DUMMY__ 0.0689504325508333	false	0.5
panisch	neg 1.0		off 0.5347317717233862 neg 0.3970491002875742 __DUMMY__ 0.06821912798903954	false	0.5
debil	off 1.0		off 0.5244069346370882 neg 0.4059835241699698 __DUMMY__ 0.06960954119294185	false	1.0
abstrich	neg 1.0		off 0.5339119684255331 neg 0.3973494464138192 __DUMMY__ 0.06873858516064754	false	0.5
primitiv	neg 1.0		off 0.5375041294542182 neg 0.39512834557669224 __DUMMY__ 0.06736752496908967	false	0.5
abschaum	off 1.0	off 1.0	off 0.7567326636544601 neg 0.21093649511809887 __DUMMY__ 0.03233084122744093	false	1.0
provozieren	neg 1.0		off 0.5322049501297709 neg 0.3997332636327303 __DUMMY__ 0.06806178623749873	false	0.5
tot	neg 1.0		off 0.5317133655298675 neg 0.39969090780143457 __DUMMY__ 0.06859572666869806	false	0.5
instabil	neg 1.0		off 0.5397027367904123 neg 0.393184613506401 __DUMMY__ 0.06711264970318669	false	0.5
schwuchtel	off 1.0	off 1.0	off 0.7629995390919682 neg 0.2055958950748812 __DUMMY__ 0.03140456583315067	false	1.0
zerren	neg 1.0		off 0.5305604714898206 neg 0.4008095900062989 __DUMMY__ 0.06862993850388066	false	0.5
kinderficker	off 1.0		off 0.5416016290574589 neg 0.3914430383621963 __DUMMY__ 0.06695533258034489	false	1.0
gefahr	neg 1.0		off 0.5288849477366352 neg 0.4021653864209282 __DUMMY__ 0.06894966584243654	false	0.5
rabiat	neg 1.0		off 0.5303727607004176 neg 0.40143912702220325 __DUMMY__ 0.06818811227737906	false	0.5
verlangsamung	neg 1.0		off 0.5430833745731795 neg 0.3901615353802044 __DUMMY__ 0.06675509004661608	false	0.5
ausgestorben	neg 1.0		off 0.5311710367141617 neg 0.4004280731918998 __DUMMY__ 0.06840089009393849	false	0.5
anklagen	neg 1.0		off 0.5303607209898095 neg 0.4013079220734587 __DUMMY__ 0.06833135693673166	false	0.5
trott	neg 1.0		off 0.5326448370747909 neg 0.39902152474892827 __DUMMY__ 0.06833363817628085	false	0.5
verminderung	neg 1.0		off 0.5367877054872668 neg 0.3957623210495197 __DUMMY__ 0.06744997346321346	false	0.5
nach			off 0.5256828269238354 neg 0.40466083473245795 __DUMMY__ 0.06965633834370669	false	0.0
rost	neg 1.0		off 0.5457122101537837 neg 0.38741254557370847 __DUMMY__ 0.06687524427250786	false	0.5
destruktiv	neg 1.0		off 0.530631680508775 neg 0.40129742816147806 __DUMMY__ 0.06807089132974682	false	0.5
unzumutbarkeit	neg 1.0		off 0.5400501049461396 neg 0.39202523562121877 __DUMMY__ 0.06792465943264175	false	0.5
labil	off 1.0	off 1.0	off 0.7562543720943244 neg 0.21140758565335185 __DUMMY__ 0.03233804225232366	false	1.0
ziemlich	neg 1.0		off 0.5375348060612706 neg 0.3947116321680604 __DUMMY__ 0.0677535617706691	false	0.5
lachnummer	off 1.0		off 0.5323994494828878 neg 0.3993915156608476 __DUMMY__ 0.0682090348562648	false	1.0
oder			off 0.5335832456759626 neg 0.3980423276520694 __DUMMY__ 0.06837442667196782	false	0.0
verfall	neg 1.0		off 0.5239970379808472 neg 0.40708571046008724 __DUMMY__ 0.06891725155906561	false	0.5
ausgrenzung	neg 1.0		off 0.5334272681117161 neg 0.39866085807796603 __DUMMY__ 0.06791187381031781	false	0.5
unordnung	neg 1.0		off 0.5429536399402034 neg 0.38959335361438746 __DUMMY__ 0.06745300644540914	false	0.5
fehlverhalten	neg 1.0		off 0.5285211150701375 neg 0.40284911306287785 __DUMMY__ 0.06862977186698459	false	0.5
eine			off 0.5271522416668076 neg 0.4039633544348331 __DUMMY__ 0.06888440389835919	false	0.0
nille	neg 1.0		off 0.5332065919396798 neg 0.39845462608085225 __DUMMY__ 0.06833878197946802	false	0.5
qual	neg 1.0		off 0.5322195201213519 neg 0.39943573253559284 __DUMMY__ 0.06834474734305535	false	0.5
verschwenden	neg 1.0		off 0.5275024166826104 neg 0.4039748557205237 __DUMMY__ 0.0685227275968659	false	0.5
riesig	neg 1.0		off 0.5312678749132929 neg 0.39980529123469644 __DUMMY__ 0.06892683385201058	false	0.5
verurteilen	neg 1.0		off 0.5296888728319729 neg 0.4020013392913867 __DUMMY__ 0.06830978787664038	false	0.5
klischee	neg 1.0	neg 1.0	neg 0.6824883928034151 off 0.2851999047021984 __DUMMY__ 0.032311702494386516	false	1.0
diktatorisch	neg 1.0		off 0.5326633078786007 neg 0.39956652449050123 __DUMMY__ 0.067770167630898	false	0.5
vorhersehbar	neg 1.0		off 0.5331232427000476 neg 0.39918408023732077 __DUMMY__ 0.06769267706263156	false	0.5
sowie			off 0.5399404399577443 neg 0.3932180619619241 __DUMMY__ 0.06684149808033164	false	0.0
stornieren	neg 1.0		off 0.5398210365611391 neg 0.39145717139885344 __DUMMY__ 0.06872179204000735	false	0.5
besteuerung	neg 1.0	neg 1.0	neg 0.6847877695953789 off 0.2829037050809881 __DUMMY__ 0.03230852532363299	false	1.0
ungeschminkt	neg 1.0		off 0.5388751645363679 neg 0.3936183435811556 __DUMMY__ 0.06750649188247668	false	0.5
kritisch	neg 1.0		off 0.5301474430030262 neg 0.40136810258222105 __DUMMY__ 0.06848445441475272	false	0.5
schlamperei	off 1.0		off 0.5294314427661507 neg 0.4019242202039438 __DUMMY__ 0.0686443370299054	false	1.0
sucht	neg 1.0	neg 1.0	neg 0.680781878605223 off 0.286427028516318 __DUMMY__ 0.032791092878459036	false	1.0
egoistisch	off 1.0	off 1.0	off 0.7591026381022072 neg 0.20891571387636532 __DUMMY__ 0.03198164802142744	false	1.0
ausbeuter	off 1.0		off 0.5267789029449158 neg 0.40480804839769924 __DUMMY__ 0.06841304865738486	false	1.0
arschgeburt	off 1.0		off 0.549139010965963 neg 0.384839583217308 __DUMMY__ 0.06602140581672912	false	1.0
schubs	neg 1.0		off 0.5290132145704166 neg 0.40256419264822785 __DUMMY__ 0.06842259278135551	false	0.5
unsolide	neg 1.0		off 0.5341681384916661 neg 0.3979572599855895 __DUMMY__ 0.06787460152274435	false	0.5
beschwerde	neg 1.0		off 0.5311011329133749 neg 0.4003657615217994 __DUMMY__ 0.06853310556482575	false	0.5
stocken	neg 1.0		off 0.5302785352170234 neg 0.4010746771231926 __DUMMY__ 0.06864678765978405	false	0.5
isolieren	neg 1.0		off 0.5311326357590749 neg 0.4003431250671685 __DUMMY__ 0.06852423917375654	false	0.5
unheilbar	neg 1.0		off 0.5310216150777399 neg 0.40090070990006166 __DUMMY__ 0.06807767502219832	false	0.5
pisser	off 1.0	off 1.0	off 0.7589670636873547 neg 0.20877846596102387 __DUMMY__ 0.032254470351621364	false	1.0
löschen	neg 1.0		off 0.5332900739901151 neg 0.3984309712831932 __DUMMY__ 0.06827895472669179	false	0.5
durchfallen	neg 1.0		off 0.5297757543655808 neg 0.40175141095731126 __DUMMY__ 0.06847283467710794	false	0.5
wichser	off 1.0	off 1.0	off 0.7607250616121747 neg 0.20769136982651495 __DUMMY__ 0.03158356856131034	false	1.0
terror	neg 1.0		off 0.536080196469519 neg 0.39586156393994765 __DUMMY__ 0.06805823959053327	false	0.5
krass	neg 1.0		off 0.540834151126648 neg 0.39208144154502467 __DUMMY__ 0.06708440732832735	false	0.5
revolte	neg 1.0		off 0.532067672556295 neg 0.4005756094501877 __DUMMY__ 0.06735671799351724	false	0.5
besorgt	neg 1.0		off 0.5322194919991483 neg 0.39904030898341464 __DUMMY__ 0.0687401990174371	false	0.5
nachlassen	neg 1.0		off 0.5306163880698906 neg 0.4006756770229054 __DUMMY__ 0.06870793490720395	false	0.5
alt	neg 1.0		off 0.5262977681901342 neg 0.40561999813838523 __DUMMY__ 0.06808223367148054	false	0.5
hundesohn	off 1.0	off 1.0	off 0.761622788970434 neg 0.20655298783815848 __DUMMY__ 0.03182422319140754	false	1.0
als			off 0.5297907750886545 neg 0.40183512177308955 __DUMMY__ 0.06837410313825605	false	0.0
abschreckung	neg 1.0		off 0.5275196113792728 neg 0.40382090046178737 __DUMMY__ 0.06865948815893974	false	0.5
unqualifiziert	neg 1.0		off 0.5354223140265846 neg 0.3968496372710257 __DUMMY__ 0.06772804870238974	false	0.5
abgewichst	off 1.0		off 0.5330734154908301 neg 0.39846030176953556 __DUMMY__ 0.06846628273963443	false	1.0
schwer	neg 1.0		off 0.5309794326812307 neg 0.4007843399123353 __DUMMY__ 0.06823622740643398	false	0.5
bedeutungslosigkeit	neg 1.0		off 0.5279643384016702 neg 0.40341896959005824 __DUMMY__ 0.06861669200827146	false	0.5
kapitulation	neg 1.0		off 0.5279095831347393 neg 0.4038873619172309 __DUMMY__ 0.06820305494802978	false	0.5
unscharf	neg 1.0		off 0.5310472902827423 neg 0.40142297237627655 __DUMMY__ 0.06752973734098114	false	0.5
schwinden	neg 1.0		off 0.5279716915402204 neg 0.4034586951323211 __DUMMY__ 0.0685696133274586	false	0.5
versklavung	neg 1.0	neg 1.0	neg 0.6835053686588389 off 0.284086625776712 __DUMMY__ 0.032408005564449165	false	1.0
schlecht	neg 1.0		off 0.5378875338822768 neg 0.394328882011708 __DUMMY__ 0.06778358410601522	false	0.5
verhasst	neg 1.0		off 0.5325627723273031 neg 0.3994801493553993 __DUMMY__ 0.06795707831729758	false	0.5
beschweren	neg 1.0		off 0.5344591078752386 neg 0.3973627222449479 __DUMMY__ 0.06817816987981334	false	0.5
scheiden	neg 1.0		off 0.5324317055739145 neg 0.3993116977407461 __DUMMY__ 0.06825659668533929	false	0.5
frustriert	neg 1.0		off 0.5310471150969831 neg 0.4005230222715832 __DUMMY__ 0.0684298626314337	false	0.5
schimmelig	neg 1.0		off 0.5289699321960614 neg 0.40267094745962856 __DUMMY__ 0.06835912034430999	false	0.5
fisch	neg 1.0		off 0.5248644460118308 neg 0.4066732617341839 __DUMMY__ 0.06846229225398538	false	0.5
schmuggel	neg 1.0		off 0.5286366130609718 neg 0.40230728685600253 __DUMMY__ 0.0690561000830258	false	0.5
auffallen	neg 1.0		off 0.5341688366564941 neg 0.39780485416416267 __DUMMY__ 0.0680263091793432	false	0.5
konkurrenz	neg 1.0		off 0.5292448394395276 neg 0.40184583581637917 __DUMMY__ 0.06890932474409317	false	0.5
teufelskreis	neg 1.0	neg 1.0	neg 0.6851502426088422 off 0.28237221154303305 __DUMMY__ 0.03247754584812473	false	1.0
aufschreien	neg 1.0		off 0.5335474700881231 neg 0.39866595660201737 __DUMMY__ 0.06778657330985954	false	0.5
schuldner	neg 1.0		off 0.5265357284681177 neg 0.4050742194480735 __DUMMY__ 0.06839005208380881	false	0.5
missgeburt	off 1.0	off 1.0	off 0.7618179406730293 neg 0.20613284313458383 __DUMMY__ 0.032049216192386806	false	1.0
arbeitslos	neg 1.0		off 0.529785637200398 neg 0.4017194374942324 __DUMMY__ 0.06849492530536962	false	0.5
befallen	neg 1.0		off 0.5304259763533471 neg 0.40140590768861145 __DUMMY__ 0.06816811595804141	false	0.5
miesepetrig	off 1.0	off 1.0	off 0.7559492572317831 neg 0.21176545349219825 __DUMMY__ 0.032285289276018696	false	1.0
alarmieren	neg 1.0		off 0.5365115773578623 neg 0.39571373120600534 __DUMMY__ 0.06777469143613249	false	0.5
ungeduscht	off 1.0		off 0.5353525224009612 neg 0.39698656596422227 __DUMMY__ 0.06766091163481652	false	1.0
knappheit	neg 1.0		off 0.529018717394648 neg 0.40273623396499647 __DUMMY__ 0.06824504864035552	false	0.5
schlange	neg 1.0		off 0.533426546254129 neg 0.3982073722805719 __DUMMY__ 0.06836608146529903	false	0.5
harsch	neg 1.0		off 0.5442202605923234 neg 0.3880665414123916 __DUMMY__ 0.06771319799528495	false	0.5
lang	neg 1.0		off 0.5339719969828949 neg 0.3978138193502979 __DUMMY__ 0.06821418366680716	false	0.5
ziellos	neg 1.0		off 0.5294765933698635 neg 0.40171995322016885 __DUMMY__ 0.06880345340996764	false	0.5
selbstverliebt	neg 1.0		off 0.5467360149098485 neg 0.38691210196819836 __DUMMY__ 0.06635188312195323	false	0.5
beseitigen	neg 1.0		off 0.5361362266374871 neg 0.3950312900510043 __DUMMY__ 0.06883248331150874	false	0.5
dumm	off 1.0		off 0.5418466773163569 neg 0.39136231922745984 __DUMMY__ 0.06679100345618323	false	1.0
arbeitsloser	neg 1.0		off 0.531911338888153 neg 0.3992857436725936 __DUMMY__ 0.06880291743925333	false	0.5
blitzen	neg 1.0		off 0.5353903478181714 neg 0.39681117579243924 __DUMMY__ 0.06779847638938917	false	0.5
hilflos	neg 1.0		off 0.5297957548617751 neg 0.40173659925482724 __DUMMY__ 0.06846764588339768	false	0.5
eklig	off 1.0		off 0.5413341800398718 neg 0.3920756642269182 __DUMMY__ 0.06659015573320998	false	1.0
begriff			off 0.531222442762034 neg 0.40055106123929174 __DUMMY__ 0.06822649599867425	false	0.0
hungersnot	neg 1.0		off 0.5278484258801704 neg 0.4040723931775782 __DUMMY__ 0.06807918094225125	false	0.5
ungesetzlich	neg 1.0		off 0.5329945729355765 neg 0.3991821674337338 __DUMMY__ 0.06782325963068982	false	0.5
verschwendung	neg 1.0		off 0.5279702474973688 neg 0.40341121036407074 __DUMMY__ 0.06861854213856064	false	0.5
schmerzvoll	neg 1.0		off 0.5325900405208445 neg 0.39942721370272777 __DUMMY__ 0.06798274577642763	false	0.5
vorzeitig	neg 1.0		off 0.53812679749622 neg 0.3939476963476769 __DUMMY__ 0.06792550615610311	false	0.5
unvollkommenheit	neg 1.0		off 0.531056406957319 neg 0.4005353057550338 __DUMMY__ 0.06840828728764718	false	0.5
intervenieren	neg 1.0		off 0.5275527907240213 neg 0.404065527348497 __DUMMY__ 0.06838168192748169	false	0.5
banause	off 1.0		off 0.5410083138054769 neg 0.39281691380067185 __DUMMY__ 0.06617477239385129	false	1.0
rebell	neg 1.0		off 0.5253261240840749 neg 0.40571471876266546 __DUMMY__ 0.0689591571532597	false	0.5
unlogisch	neg 1.0		off 0.5385643660527865 neg 0.3941560757282968 __DUMMY__ 0.0672795582189168	false	0.5
leiden	neg 1.0		off 0.5293233670329037 neg 0.40160926533513347 __DUMMY__ 0.06906736763196294	false	0.5
abschaffung	neg 1.0		off 0.5321779867302989 neg 0.39986291793412204 __DUMMY__ 0.0679590953355789	false	0.5
sturz	neg 1.0		off 0.5376422950971703 neg 0.39378891578263114 __DUMMY__ 0.06856878912019851	false	0.5
verkleinerung	neg 1.0		off 0.5341526584392422 neg 0.39833229298937123 __DUMMY__ 0.06751504857138643	false	0.5
schmarotzer	off 1.0		off 0.5299240256366899 neg 0.40176777504591404 __DUMMY__ 0.06830819931739603	false	1.0
bestrafung	neg 1.0	neg 1.0	neg 0.6829538730693853 off 0.2844271363712629 __DUMMY__ 0.03261899055935196	false	1.0
achtlos	neg 1.0		off 0.5311807647048461 neg 0.40037671675680414 __DUMMY__ 0.0684425185383499	false	0.5
ungeheuer	neg 1.0		off 0.5315865662460844 neg 0.400376913198241 __DUMMY__ 0.06803652055567462	false	0.5
unaufrichtig	neg 1.0		off 0.5363435971042497 neg 0.3958025857102458 __DUMMY__ 0.06785381718550454	false	0.5
groggy	neg 1.0		off 0.536293860491345 neg 0.39560037815974214 __DUMMY__ 0.06810576134891282	false	0.5
verletzlich	neg 1.0		off 0.5341289811138535 neg 0.39858579605702876 __DUMMY__ 0.0672852228291176	false	0.5
ablehnen	neg 1.0		off 0.5300022405824725 neg 0.40147816343948556 __DUMMY__ 0.068519595978042	false	0.5
