unsolidarisch	neg 1.0		__DUMMY__ 0.4661956261027087 off 0.30407147027612114 neg 0.22973290362117021	false	0.5
nachteilig	neg 1.0		__DUMMY__ 0.4728071541099965 off 0.3009624811313136 neg 0.22623036475869	false	0.5
skeptisch	neg 1.0		__DUMMY__ 0.47172341120460426 off 0.29867363594610935 neg 0.22960295284928642	false	0.5
schrecklich	neg 1.0		__DUMMY__ 0.4623732114901299 off 0.31362460369744655 neg 0.22400218481242343	false	0.5
schlapp	neg 1.0	neg 1.0	neg 0.598461525487955 __DUMMY__ 0.22578439545379872 off 0.17575407905824647	false	1.0
abfall	neg 1.0		__DUMMY__ 0.4745549911034545 off 0.29566044197433194 neg 0.22978456692221366	false	0.5
widerspenstig	neg 1.0		__DUMMY__ 0.46808443615707174 off 0.3027185282366496 neg 0.2291970356062787	false	0.5
abrupt	neg 1.0		__DUMMY__ 0.47145741631593463 off 0.2979662198953107 neg 0.23057636378875473	false	0.5
unwirksam	neg 1.0		__DUMMY__ 0.4651029546311391 off 0.30312634969518226 neg 0.2317706956736786	false	0.5
angreifen	neg 1.0		__DUMMY__ 0.4719951228003441 off 0.29797416232293333 neg 0.23003071487672255	false	0.5
inkonsistent	neg 1.0		__DUMMY__ 0.4657981395138446 off 0.30632387010453815 neg 0.2278779903816173	false	0.5
abrutschen	neg 1.0		__DUMMY__ 0.4740803707479375 off 0.2949842400828435 neg 0.23093538916921888	false	0.5
unsicher	neg 1.0		__DUMMY__ 0.4694409748000437 off 0.30390249987984314 neg 0.22665652532011318	false	0.5
bauernkind	off 1.0	off 1.0	off 0.6490376295541587 __DUMMY__ 0.2226188784930459 neg 0.12834349195279546	false	1.0
angreifer	neg 1.0		__DUMMY__ 0.4689978652631843 off 0.3092518619916962 neg 0.22175027274511963	false	0.5
trennen	neg 1.0		__DUMMY__ 0.4730518325022446 off 0.2981086397193768 neg 0.22883952777837863	false	0.5
schmutz	neg 1.0		__DUMMY__ 0.47288945286076145 off 0.31017626028788575 neg 0.21693428685135288	false	0.5
inkonsistenz	neg 1.0		__DUMMY__ 0.4649860410210558 off 0.30901769891327685 neg 0.22599626006566736	false	0.5
erschreckend	neg 1.0		__DUMMY__ 0.4689768162951892 off 0.30286726673423897 neg 0.22815591697057194	false	0.5
ertrinken	neg 1.0		__DUMMY__ 0.4715557674408834 off 0.29714469738782 neg 0.23129953517129662	false	0.5
pickelface	off 1.0		__DUMMY__ 0.46949249166728624 off 0.30511973245423263 neg 0.2253877758784811	false	1.0
seiner			__DUMMY__ 0.4726366664784543 off 0.2988075843592696 neg 0.22855574916227603	false	0.0
lauch	neg 1.0	neg 1.0	neg 0.6000821780136267 __DUMMY__ 0.23154824246411318 off 0.16836957952226012	false	1.0
unwichtig	neg 1.0		__DUMMY__ 0.4650733035042203 off 0.30900002247747266 neg 0.225926674018307	false	0.5
steuerhinterziehung	neg 1.0		__DUMMY__ 0.46750825917808075 off 0.3023786344799979 neg 0.23011310634192134	false	0.5
schock	neg 1.0		__DUMMY__ 0.4701518233715786 off 0.3021295708733795 neg 0.227718605755042	false	0.5
beule	neg 1.0		__DUMMY__ 0.46318068533250506 off 0.3114396265808914 neg 0.22537968808660352	false	0.5
vergelten	neg 1.0		__DUMMY__ 0.4632669577627175 off 0.31553334583555787 neg 0.2211996964017248	false	0.5
verdorbenheit	neg 1.0		__DUMMY__ 0.47008262484071667 off 0.3062889904790277 neg 0.22362838468025567	false	0.5
trauma	neg 1.0		__DUMMY__ 0.4676167117029926 off 0.3053828275129115 neg 0.22700046078409583	false	0.5
sinnlos	neg 1.0		__DUMMY__ 0.46758654454608994 off 0.30606747800624023 neg 0.22634597744766977	false	0.5
fettsack	off 1.0	off 1.0	off 0.6502404862729271 __DUMMY__ 0.22295153829234188 neg 0.12680797543473107	false	1.0
feige	off 1.0	off 1.0	off 0.6461409633948736 __DUMMY__ 0.22524588620439195 neg 0.12861315040073446	false	1.0
abdanken	neg 1.0		__DUMMY__ 0.46931032110925164 off 0.3036102861918965 neg 0.2270793926988518	false	0.5
wichtigtuer	off 1.0	off 1.0	off 0.6442918824346601 __DUMMY__ 0.22693800043069487 neg 0.1287701171346451	false	1.0
misslingen	neg 1.0		__DUMMY__ 0.47149798153394595 off 0.30731482197777926 neg 0.2211871964882749	false	0.5
untreu	off 1.0		__DUMMY__ 0.46427004371246117 off 0.3103621880459408 neg 0.22536776824159802	false	1.0
missmutig	neg 1.0		__DUMMY__ 0.46497335665838707 off 0.3071259188471547 neg 0.22790072449445828	false	0.5
hurenbock	off 1.0		__DUMMY__ 0.4682230953247632 off 0.30443169454189367 neg 0.22734521013334325	false	1.0
betrunken	neg 1.0		__DUMMY__ 0.46292767017521486 off 0.31239097412379013 neg 0.22468135570099498	false	0.5
korrupt	off 1.0		__DUMMY__ 0.467069189521648 off 0.3014927165613045 neg 0.23143809391704762	false	1.0
unmut	neg 1.0		__DUMMY__ 0.47299722736816724 off 0.2968016532504521 neg 0.23020111938138063	false	0.5
hackfresse	off 1.0		__DUMMY__ 0.45916402553834684 off 0.3185357791807251 neg 0.2223001952809281	false	1.0
aufblasen	neg 1.0		__DUMMY__ 0.46838428556283274 off 0.3041126836136395 neg 0.22750303082352782	false	0.5
gewaltsam	neg 1.0		__DUMMY__ 0.4702225199651247 off 0.3041707218760345 neg 0.2256067581588409	false	0.5
unbeliebtheit	neg 1.0		__DUMMY__ 0.465240682150464 off 0.3110960230955307 neg 0.22366329475400532	false	0.5
sturheit	neg 1.0		__DUMMY__ 0.4696690439806887 off 0.30308217030978696 neg 0.22724878570952428	false	0.5
kuh	neg 1.0		__DUMMY__ 0.46259103655248796 off 0.3056475792602993 neg 0.23176138418721282	false	0.5
erschrecken	neg 1.0		__DUMMY__ 0.46625758965336817 off 0.3083115679121918 neg 0.22543084243444014	false	0.5
opfer	neg 1.0		__DUMMY__ 0.4716028017100862 off 0.3004257515747835 neg 0.22797144671513023	false	0.5
sinken	neg 1.0		__DUMMY__ 0.47191124755507446 off 0.29707686332223776 neg 0.23101188912268777	false	0.5
stinktier	neg 1.0		__DUMMY__ 0.4581743730089756 off 0.31507110556079976 neg 0.22675452143022468	false	0.5
tucke	off 1.0		__DUMMY__ 0.4558546272749708 off 0.3200506227157691 neg 0.2240947500092602	false	1.0
ein			__DUMMY__ 0.46790880648169964 off 0.30225307632523063 neg 0.22983811719306974	false	0.0
abstieg	neg 1.0		__DUMMY__ 0.4726445405964349 off 0.30272645276467613 neg 0.22462900663888902	false	0.5
missverstehen	neg 1.0		__DUMMY__ 0.46637931607121047 off 0.30673088514106356 neg 0.22688979878772597	false	0.5
ergebnislos	neg 1.0		__DUMMY__ 0.4728984956213853 off 0.30079327434986725 neg 0.22630823002874745	false	0.5
unter			__DUMMY__ 0.47858862411418596 off 0.2917778153179439 neg 0.22963356056787027	false	0.0
manipulieren	neg 1.0		__DUMMY__ 0.4720425513908362 off 0.2993675143761635 neg 0.22858993423300036	false	0.5
unbewiesen	neg 1.0		__DUMMY__ 0.4671669615150952 off 0.3048963612775097 neg 0.22793667720739508	false	0.5
verschleppen	neg 1.0		__DUMMY__ 0.46959741129720994 off 0.3005640504915156 neg 0.22983853821127453	false	0.5
weib	off 1.0		__DUMMY__ 0.45751813790943124 off 0.3209345104075884 neg 0.2215473516829805	false	1.0
opposition	neg 1.0		__DUMMY__ 0.46653928763686864 off 0.30527982771521484 neg 0.2281808846479166	false	0.5
verkehrswidrig	neg 1.0		__DUMMY__ 0.4653967955455552 off 0.3174348982544848 neg 0.2171683061999601	false	0.5
inkorrekt	neg 1.0		__DUMMY__ 0.4617138290166559 off 0.3130846990863489 neg 0.22520147189699516	false	0.5
vermeiden	neg 1.0		__DUMMY__ 0.4761173352765238 off 0.2954155984112519 neg 0.22846706631222427	false	0.5
abweichung	neg 1.0		__DUMMY__ 0.47156387862155685 off 0.3021420039740801 neg 0.2262941174043631	false	0.5
alkoholisiert	neg 1.0		__DUMMY__ 0.4771641681929299 off 0.3012557458672835 neg 0.22158008593978654	false	0.5
scheiss	off 1.0	off 1.0	off 0.6471639349408119 __DUMMY__ 0.22487019934043817 neg 0.12796586571874993	false	1.0
herausforderung	neg 1.0		__DUMMY__ 0.47091266730094705 off 0.3013872095874359 neg 0.22770012311161705	false	0.5
pervers	off 1.0		__DUMMY__ 0.4557625254946958 off 0.32326616696423655 neg 0.2209713075410675	false	1.0
wackelig	neg 1.0		__DUMMY__ 0.4711765082733846 off 0.30127751101623107 neg 0.2275459807103843	false	0.5
verwickeln	neg 1.0		__DUMMY__ 0.46700955754598045 off 0.3057736566108733 neg 0.22721678584314614	false	0.5
vorwand	neg 1.0		__DUMMY__ 0.47241007966135545 off 0.2976558810202186 neg 0.22993403931842582	false	0.5
muschi	off 1.0		__DUMMY__ 0.4708376743731811 off 0.3042624501151843 neg 0.22489987551163443	false	1.0
entmutigung	neg 1.0		__DUMMY__ 0.4644228899014592 off 0.3054750178831751 neg 0.2301020922153657	false	0.5
unangemessen	neg 1.0		__DUMMY__ 0.46927558374807915 off 0.3024509918479911 neg 0.22827342440392973	false	0.5
unstetig	neg 1.0		__DUMMY__ 0.46709022528481825 off 0.30898771613917997 neg 0.22392205857600184	false	0.5
entmutigen	neg 1.0		__DUMMY__ 0.4669349997728096 off 0.3042113456957576 neg 0.22885365453143283	false	0.5
schwanz	neg 1.0		__DUMMY__ 0.4718050483232355 off 0.3018864484781372 neg 0.2263085031986272	false	0.5
verbot	neg 1.0		__DUMMY__ 0.46886081125275253 off 0.30196306857247507 neg 0.22917612017477226	false	0.5
leid	neg 1.0		__DUMMY__ 0.4610517137356506 off 0.31534074163345555 neg 0.22360754463089372	false	0.5
archaisch	neg 1.0		__DUMMY__ 0.4690891978234886 off 0.3019802891297368 neg 0.2289305130467745	false	0.5
gegen			__DUMMY__ 0.47394904886525596 off 0.2978966816351286 neg 0.22815426949961537	false	0.0
scheidung	neg 1.0		__DUMMY__ 0.4583070179061281 off 0.3292415647354464 neg 0.2124514173584256	false	0.5
einschlag	neg 1.0		__DUMMY__ 0.46485800320578174 off 0.3153384353712901 neg 0.2198035614229282	false	0.5
m			__DUMMY__ 0.47102754918256556 off 0.30201417855246365 neg 0.22695827226497076	false	0.0
abgestanden	neg 1.0		__DUMMY__ 0.4647183966098892 off 0.3021949728316028 neg 0.23308663055850803	false	0.5
schmierig	off 1.0		__DUMMY__ 0.460967396513434 off 0.3148285009122858 neg 0.22420410257428014	false	1.0
unpraktisch	neg 1.0		__DUMMY__ 0.4684536303325897 off 0.30564899485143615 neg 0.22589737481597405	false	0.5
wixxer	off 1.0		__DUMMY__ 0.4549829702852506 off 0.32346816790972993 neg 0.22154886180501965	false	1.0
bezeichnet			__DUMMY__ 0.4689188947278916 off 0.3043742547985297 neg 0.22670685047357883	false	0.0
jammerlappen	off 1.0		__DUMMY__ 0.46495023037873223 off 0.30931277310289707 neg 0.22573699651837073	false	1.0
farce	neg 1.0		__DUMMY__ 0.4673864333220709 off 0.3035035475812615 neg 0.22911001909666742	false	0.5
zwecklos	neg 1.0		__DUMMY__ 0.4694363423260442 off 0.3011702323973062 neg 0.22939342527664952	false	0.5
turbulent	neg 1.0		__DUMMY__ 0.46440474340142257 off 0.3123615872211468 neg 0.22323366937743067	false	0.5
invasion	neg 1.0		__DUMMY__ 0.467173487211479 off 0.3069445279218831 neg 0.2258819848666379	false	0.5
schuld	neg 1.0		__DUMMY__ 0.46773916282496564 off 0.3051269997642452 neg 0.22713383741078916	false	0.5
risiko	neg 1.0		__DUMMY__ 0.46722140179010674 off 0.3064003232412262 neg 0.22637827496866705	false	0.5
finster	neg 1.0		__DUMMY__ 0.4672032178889666 off 0.30266166630035995 neg 0.2301351158106734	false	0.5
geisteskrank	off 1.0		__DUMMY__ 0.4627288636242417 off 0.3118291064693501 neg 0.22544202990640813	false	1.0
zusammenbrechen	neg 1.0		__DUMMY__ 0.46951806720469597 off 0.3014530525420473 neg 0.22902888025325677	false	0.5
ausbeute	neg 1.0		__DUMMY__ 0.47094889764905634 off 0.30328202986321967 neg 0.22576907248772402	false	0.5
hinterhalt	neg 1.0		__DUMMY__ 0.46996678729325553 off 0.30258390595733226 neg 0.2274493067494123	false	0.5
kritik	neg 1.0		__DUMMY__ 0.46725295303445075 off 0.3030414914404803 neg 0.22970555552506902	false	0.5
einschrumpfen	neg 1.0		__DUMMY__ 0.46408304617324475 off 0.3093460149389773 neg 0.22657093888777805	false	0.5
riskant	neg 1.0		__DUMMY__ 0.4714863833081216 off 0.29890310972214135 neg 0.22961050696973703	false	0.5
frustrieren	neg 1.0		__DUMMY__ 0.4704204462322315 off 0.2996308649209731 neg 0.2299486888467955	false	0.5
groll	neg 1.0		__DUMMY__ 0.47015627704189294 off 0.3018147392559396 neg 0.22802898370216737	false	0.5
gibt			__DUMMY__ 0.4704763815741906 off 0.3013159141473691 neg 0.22820770427844028	false	0.0
qualvoll	neg 1.0		__DUMMY__ 0.46683129635157466 off 0.3059159475021645 neg 0.22725275614626073	false	0.5
wackeln	neg 1.0		__DUMMY__ 0.46925225026500633 off 0.303754795015947 neg 0.22699295471904676	false	0.5
klagen	neg 1.0		__DUMMY__ 0.4720442586022675 off 0.2978540614562393 neg 0.2301016799414931	false	0.5
bankrott	neg 1.0		__DUMMY__ 0.4673006306854901 off 0.309788328791135 neg 0.22291104052337496	false	0.5
trauern	neg 1.0		__DUMMY__ 0.4737582441129002 off 0.3000679972442099 neg 0.22617375864288988	false	0.5
ablehnung	neg 1.0		__DUMMY__ 0.4685057027700505 off 0.3028217615756946 neg 0.22867253565425505	false	0.5
stur	neg 1.0		__DUMMY__ 0.46715563513812575 off 0.3048328604750374 neg 0.22801150438683673	false	0.5
aufruhr	neg 1.0		__DUMMY__ 0.4671962266623376 off 0.303343182735308 neg 0.2294605906023543	false	0.5
melancholie	neg 1.0		__DUMMY__ 0.47030339715180325 off 0.29788988810982114 neg 0.23180671473837558	false	0.5
ist			__DUMMY__ 0.46753087780751695 off 0.3056739844348224 neg 0.2267951377576606	false	0.0
torheit	neg 1.0		__DUMMY__ 0.4672393173607226 off 0.3050383017335592 neg 0.22772238090571822	false	0.5
dreckskind	off 1.0		__DUMMY__ 0.45847965158884324 off 0.3199347124128621 neg 0.2215856359982947	false	1.0
umtauschen	neg 1.0		__DUMMY__ 0.46923938322776987 off 0.30321479713458344 neg 0.22754581963764664	false	0.5
zum			__DUMMY__ 0.4783321195363349 off 0.2965134947354206 neg 0.22515438572824437	false	0.0
zersetzen	neg 1.0		__DUMMY__ 0.47078459832972575 off 0.29839009038709496 neg 0.2308253112831793	false	0.5
zur			__DUMMY__ 0.4761758215906688 off 0.29564495339175106 neg 0.22817922501758	false	0.0
frust	neg 1.0		__DUMMY__ 0.46965334955220595 off 0.3011571490435632 neg 0.22918950140423097	false	0.5
unerbittlichkeit	neg 1.0		__DUMMY__ 0.4716577247330301 off 0.29993631248505837 neg 0.22840596278191158	false	0.5
zwei			__DUMMY__ 0.4763234870897079 off 0.29496010400052386 neg 0.2287164089097684	false	0.0
unkorrekt	neg 1.0		__DUMMY__ 0.46262926288525136 off 0.31187971158232747 neg 0.22549102553242123	false	0.5
hexe	off 1.0		__DUMMY__ 0.46362237402974743 off 0.3083919982774271 neg 0.22798562769282554	false	1.0
lasch	neg 1.0		__DUMMY__ 0.46554486475652834 off 0.3083912031286272 neg 0.2260639321148445	false	0.5
rivale	neg 1.0		__DUMMY__ 0.4631912501305954 off 0.31414158194978586 neg 0.22266716791961852	false	0.5
mutlos	off 1.0	off 1.0	off 0.6407078759623313 __DUMMY__ 0.2286593058347365 neg 0.13063281820293224	false	1.0
wirr	off 1.0		__DUMMY__ 0.46131017321931 off 0.31403064494813837 neg 0.22465918183255162	false	1.0
jahr			__DUMMY__ 0.4752668666145661 off 0.30045629611006947 neg 0.22427683727536435	false	0.0
wird			__DUMMY__ 0.47103214327343307 off 0.30081133053288345 neg 0.2281565261936834	false	0.0
strafbar	neg 1.0		__DUMMY__ 0.4710599134656777 off 0.2994656560945745 neg 0.22947443043974775	false	0.5
erosion	neg 1.0		__DUMMY__ 0.46918515181096826 off 0.30442942075665963 neg 0.2263854274323722	false	0.5
eingehen	neg 1.0		__DUMMY__ 0.4701027830516704 off 0.2992063185167776 neg 0.23069089843155183	false	0.5
faul	off 1.0		__DUMMY__ 0.4664470734135847 off 0.308940911472854 neg 0.22461201511356135	false	1.0
provisorium	neg 1.0		__DUMMY__ 0.478823030481356 off 0.2919954614425587 neg 0.2291815080760853	false	0.5
schmerzen	neg 1.0		__DUMMY__ 0.46801590006352844 off 0.30172589301655783 neg 0.23025820691991372	false	0.5
schrumpfen	neg 1.0		__DUMMY__ 0.4732439777895454 off 0.29435381723812176 neg 0.2324022049723328	false	0.5
geistlos	off 1.0		__DUMMY__ 0.4647089429526289 off 0.3063464529319027 neg 0.22894460411546838	false	1.0
fehlkauf	neg 1.0		__DUMMY__ 0.4667342494075945 off 0.30680884158288996 neg 0.22645690900951554	false	0.5
frustrierend	neg 1.0		__DUMMY__ 0.4654992154702741 off 0.30776351021378323 neg 0.22673727431594268	false	0.5
unzufrieden	neg 1.0		__DUMMY__ 0.47015326032856825 off 0.30125090517819936 neg 0.22859583449323248	false	0.5
verzweifeln	neg 1.0		__DUMMY__ 0.46947056650040175 off 0.30269103218148735 neg 0.22783840131811098	false	0.5
verzweifelt	neg 1.0		__DUMMY__ 0.467299084797887 off 0.3049826789994664 neg 0.2277182362026466	false	0.5
misstrauensantrag	neg 1.0		__DUMMY__ 0.4669284596907721 off 0.3060868611883039 neg 0.2269846791209239	false	0.5
abfallen	neg 1.0		__DUMMY__ 0.4684762533187827 off 0.30392294921483426 neg 0.22760079746638304	false	0.5
fucker	off 1.0		__DUMMY__ 0.4639352772762478 off 0.31362527639955984 neg 0.22243944632419246	false	1.0
ungezogen	neg 1.0		__DUMMY__ 0.4578222248112429 off 0.3210275346300934 neg 0.22115024055866356	false	0.5
irrsinnig	neg 1.0	neg 1.0	neg 0.5996157772549718 __DUMMY__ 0.22737376525867248 off 0.17301045748635566	false	1.0
unfassbar	neg 1.0		__DUMMY__ 0.46465113349930254 off 0.3104578113137475 neg 0.22489105518695005	false	0.5
hart	neg 1.0		__DUMMY__ 0.4630650744905092 off 0.3104243878406853 neg 0.2265105376688055	false	0.5
widerlich	off 1.0		__DUMMY__ 0.46352119120328716 off 0.3107441673956329 neg 0.2257346414010798	false	1.0
fatal	neg 1.0	neg 1.0	neg 0.6004655872182804 __DUMMY__ 0.22579551522253485 off 0.17373889755918476	false	1.0
bruch	neg 1.0		__DUMMY__ 0.4732162598913627 off 0.2964068335642658 neg 0.2303769065443716	false	0.5
aushungern	neg 1.0		__DUMMY__ 0.4681645126210963 off 0.30185559305199194 neg 0.22997989432691168	false	0.5
anspannung	neg 1.0		__DUMMY__ 0.47621283487547955 off 0.2950431205367518 neg 0.22874404458776848	false	0.5
von			__DUMMY__ 0.47389385175733856 off 0.29880705743614183 neg 0.2272990908065196	false	0.0
kraftlos	neg 1.0		__DUMMY__ 0.4701521741007715 off 0.3005150428048164 neg 0.2293327830944123	false	0.5
vom			__DUMMY__ 0.4802072350426007 off 0.29332610859335095 neg 0.22646665636404842	false	0.0
grenzdebil	off 1.0		__DUMMY__ 0.463763394783014 off 0.3105263307737715 neg 0.2257102744432144	false	1.0
vor			__DUMMY__ 0.47325363500358125 off 0.2967849015282425 neg 0.22996146346817625	false	0.0
unterwerfen	neg 1.0		__DUMMY__ 0.4712134823360067 off 0.3004492070747566 neg 0.22833731058923679	false	0.5
versenkung	neg 1.0		__DUMMY__ 0.47186439936870583 off 0.2999406731317307 neg 0.22819492749956352	false	0.5
entziehen	neg 1.0		__DUMMY__ 0.4725607155772625 off 0.2976026897722715 neg 0.22983659465046605	false	0.5
finanzkrise	neg 1.0		__DUMMY__ 0.46459345266045227 off 0.30161470616255476 neg 0.23379184117699298	false	0.5
schimpfend	neg 1.0		__DUMMY__ 0.4695867468536571 off 0.30539956174510063 neg 0.22501369140124214	false	0.5
profan	neg 1.0		__DUMMY__ 0.4666750421689767 off 0.3062758395058039 neg 0.2270491183252193	false	0.5
korruption	neg 1.0		__DUMMY__ 0.46805164654953135 off 0.3010168478957918 neg 0.2309315055546768	false	0.5
â			__DUMMY__ 0.47087382459586363 off 0.3010652063540242 neg 0.22806096905011217	false	0.0
schmutzig	neg 1.0		__DUMMY__ 0.46388004637711017 off 0.31076559512941604 neg 0.22535435849347382	false	0.5
sexy	neg 1.0		__DUMMY__ 0.4668506908700178 off 0.30852189841109756 neg 0.2246274107188847	false	0.5
abraten	neg 1.0		__DUMMY__ 0.46804714650961077 off 0.3062800407370587 neg 0.22567281275333037	false	0.5
schwarz	neg 1.0		__DUMMY__ 0.46750408017269823 off 0.306590069546915 neg 0.22590585028038676	false	0.5
fotze	off 1.0	off 1.0	off 0.641953043456866 __DUMMY__ 0.22980008206627894 neg 0.128246874476855	false	1.0
verwirren	neg 1.0		__DUMMY__ 0.46683888255834244 off 0.3067031206855231 neg 0.22645799675613465	false	0.5
zahnlos	off 1.0		__DUMMY__ 0.46908883962577713 off 0.3020381916095933 neg 0.22887296876462973	false	1.0
verheeren	neg 1.0		__DUMMY__ 0.4576733753317837 off 0.32276691898164234 neg 0.21955970568657407	false	0.5
hippie	neg 1.0		__DUMMY__ 0.46680980760453666 off 0.3080691136122858 neg 0.22512107878317753	false	0.5
rammen	neg 1.0		__DUMMY__ 0.4703206841105619 off 0.3056952275316558 neg 0.22398408835778233	false	0.5
unlauter	neg 1.0		__DUMMY__ 0.4672056659375841 off 0.30638356827864033 neg 0.22641076578377559	false	0.5
unheilvoll	neg 1.0		__DUMMY__ 0.4669568902224945 off 0.30470038676399885 neg 0.22834272301350678	false	0.5
niedrig	neg 1.0		__DUMMY__ 0.47035711261176666 off 0.30066600358611845 neg 0.2289768838021149	false	0.5
explosion	neg 1.0		__DUMMY__ 0.46725569332673605 off 0.3081600524558284 neg 0.2245842542174357	false	0.5
weichei	off 1.0	off 1.0	off 0.6494049803873528 __DUMMY__ 0.2226349706356027 neg 0.1279600489770444	false	1.0
minusmensch	off 1.0		__DUMMY__ 0.4578691479721111 off 0.3226753727556735 neg 0.21945547927221537	false	1.0
farblos	neg 1.0		__DUMMY__ 0.46900319822235337 off 0.305929654686654 neg 0.22506714709099268	false	0.5
unwissend	neg 1.0	neg 1.0	neg 0.5989702440660986 __DUMMY__ 0.225629461354998 off 0.17540029457890344	false	1.0
traurig	neg 1.0		__DUMMY__ 0.46276488746960626 off 0.3132385160068027 neg 0.22399659652359105	false	0.5
senkung	neg 1.0		__DUMMY__ 0.4638252534662624 off 0.3059262676434447 neg 0.23024847889029282	false	0.5
ungleich	neg 1.0	neg 1.0	neg 0.6004475463566189 __DUMMY__ 0.2290990092264156 off 0.17045344441696558	false	1.0
heikel	neg 1.0		__DUMMY__ 0.4712417764106475 off 0.29899677482328846 neg 0.22976144876606414	false	0.5
drosselung	neg 1.0		__DUMMY__ 0.4632856424214347 off 0.310829899095747 neg 0.22588445848281827	false	0.5
falsch	neg 1.0		__DUMMY__ 0.4661495994959472 off 0.3084289629429186 neg 0.22542143756113422	false	0.5
unzufriedenheit	neg 1.0		__DUMMY__ 0.4707493186326346 off 0.2984831222548245 neg 0.230767559112541	false	0.5
kurz	neg 1.0		__DUMMY__ 0.47118609643156917 off 0.3019535008198681 neg 0.22686040274856276	false	0.5
unsinnig	neg 1.0		__DUMMY__ 0.4679532806377795 off 0.3022749131539521 neg 0.2297718062082682	false	0.5
penner	off 1.0	off 1.0	off 0.6507286891396082 __DUMMY__ 0.22235880892316034 neg 0.12691250193723153	false	1.0
seicht	neg 1.0		__DUMMY__ 0.45579261394502435 off 0.31886368933902276 neg 0.22534369671595297	false	0.5
dummheit	off 1.0	off 1.0	off 0.6441338858158023 __DUMMY__ 0.22620295506682694 neg 0.1296631591173707	false	1.0
unerfreulich	neg 1.0		__DUMMY__ 0.47176736183040074 off 0.2988183585595189 neg 0.2294142796100804	false	0.5
motherfucker	off 1.0	off 1.0	off 0.6476590528286064 __DUMMY__ 0.22520756917221849 neg 0.12713337799917507	false	1.0
pikiert	neg 1.0		__DUMMY__ 0.46383658649422843 off 0.30937720471090463 neg 0.22678620879486702	false	0.5
wrack	neg 1.0		__DUMMY__ 0.4742137248926074 off 0.3037415666387236 neg 0.22204470846866886	false	0.5
gangster	neg 1.0		__DUMMY__ 0.46652608345837077 off 0.30822623100678975 neg 0.22524768553483945	false	0.5
krank	neg 1.0		__DUMMY__ 0.46440456701543065 off 0.31087836781186945 neg 0.22471706517270007	false	0.5
reich	neg 1.0		__DUMMY__ 0.46438054553768704 off 0.3081584449433169 neg 0.2274610095189959	false	0.5
gnadenlos	neg 1.0		__DUMMY__ 0.4686281013151222 off 0.30520501431574065 neg 0.22616688436913718	false	0.5
niedergeschlagen	neg 1.0		__DUMMY__ 0.47117119298457877 off 0.30145894393829664 neg 0.22736986307712453	false	0.5
terrorisieren	off 1.0	off 1.0	off 0.6401142030888826 __DUMMY__ 0.22941094653596714 neg 0.13047485037515025	false	1.0
sinnlosigkeit	neg 1.0		__DUMMY__ 0.4696384477418342 off 0.30167241820873775 neg 0.22868913404942798	false	0.5
behindern	neg 1.0		__DUMMY__ 0.4686039752547866 off 0.30357361221901785 neg 0.22782241252619567	false	0.5
undemokratisch	neg 1.0		__DUMMY__ 0.46625705676285867 off 0.30618068442328517 neg 0.2275622588138562	false	0.5
wirtschaftskrise	neg 1.0		__DUMMY__ 0.4677798387931457 off 0.3004552351654755 neg 0.2317649260413786	false	0.5
neid	neg 1.0		__DUMMY__ 0.46565217469186343 off 0.3071811122496728 neg 0.22716671305846373	false	0.5
rutschen	neg 1.0		__DUMMY__ 0.47605650234921787 off 0.29445299980759865 neg 0.22949049784318337	false	0.5
rezession	neg 1.0		__DUMMY__ 0.4588240548101561 off 0.3119396854869287 neg 0.2292362597029151	false	0.5
fehlgeburt	neg 1.0		__DUMMY__ 0.47023672146511475 off 0.30523677615894773 neg 0.22452650237593766	false	0.5
charakterschwach	off 1.0		__DUMMY__ 0.4634043246523764 off 0.31000437278405524 neg 0.22659130256356821	false	1.0
isolation	neg 1.0		__DUMMY__ 0.46752881515082056 off 0.3090929057379977 neg 0.22337827911118163	false	0.5
ablenkung	neg 1.0		__DUMMY__ 0.46945467374290917 off 0.30371076967367494 neg 0.2268345565834159	false	0.5
pech	neg 1.0		__DUMMY__ 0.4653197024246338 off 0.30837059187056715 neg 0.22630970570479908	false	0.5
vermeidung	neg 1.0		__DUMMY__ 0.46395356350376177 off 0.31075568762801703 neg 0.22529074886822112	false	0.5
dominieren	neg 1.0		__DUMMY__ 0.47037069861009206 off 0.3026048536166875 neg 0.22702444777322045	false	0.5
schwindlig	neg 1.0		__DUMMY__ 0.4667807005480024 off 0.3057590713899776 neg 0.22746022806201993	false	0.5
lutscher	neg 1.0		__DUMMY__ 0.45576997316415846 off 0.3214699136760707 neg 0.22276011315977076	false	0.5
pflicht	neg 1.0		__DUMMY__ 0.4726750692660634 off 0.2977950472995534 neg 0.2295298834343831	false	0.5
faschist	off 1.0		__DUMMY__ 0.4654966860149147 off 0.30786503540840293 neg 0.2266382785766823	false	1.0
verschleudern	neg 1.0		__DUMMY__ 0.4692384140282086 off 0.2993820809083966 neg 0.2313795050633949	false	0.5
wenn			__DUMMY__ 0.465051778580762 off 0.30892379655230723 neg 0.22602442486693075	false	0.0
ehebruch	neg 1.0		__DUMMY__ 0.46926087537270283 off 0.3001836679076144 neg 0.2305554567196828	false	0.5
spott	off 1.0		__DUMMY__ 0.47102463292858615 off 0.30088842328272714 neg 0.2280869437886866	false	1.0
trostlosigkeit	neg 1.0		__DUMMY__ 0.4707011088409406 off 0.2967972011710757 neg 0.2325016899879837	false	0.5
lutschen	neg 1.0		__DUMMY__ 0.46712588717420445 off 0.30947029035106066 neg 0.22340382247473495	false	0.5
undiszipliniert	neg 1.0		__DUMMY__ 0.4628244339145987 off 0.312278011827931 neg 0.22489755425747027	false	0.5
kopfschmerz	neg 1.0		__DUMMY__ 0.4684463310851667 off 0.2991860290025284 neg 0.23236763991230494	false	0.5
unvorhergesehen	neg 1.0		__DUMMY__ 0.473666344951755 off 0.29860117716208184 neg 0.2277324778861632	false	0.5
desinteressiert	neg 1.0		__DUMMY__ 0.4631215092476104 off 0.311557945337557 neg 0.22532054541483254	false	0.5
armselig	off 1.0		__DUMMY__ 0.4618558344231382 off 0.31407281854771896 neg 0.22407134702914278	false	1.0
desaster	neg 1.0		__DUMMY__ 0.4715879351687975 off 0.29646563120844477 neg 0.2319464336227577	false	0.5
tod	neg 1.0		__DUMMY__ 0.4714384814481476 off 0.30008967097346495 neg 0.22847184757838734	false	0.5
herzlos	neg 1.0		__DUMMY__ 0.46208940647485885 off 0.3134296798306289 neg 0.22448091369451226	false	0.5
unwissenheit	neg 1.0		__DUMMY__ 0.46963762220686145 off 0.30123148849733405 neg 0.22913088929580452	false	0.5
widersinnig	neg 1.0		__DUMMY__ 0.4674226019208311 off 0.3022261256845224 neg 0.2303512723946464	false	0.5
bedenklich	neg 1.0		__DUMMY__ 0.46983834356624427 off 0.30013291714956786 neg 0.23002873928418785	false	0.5
beanstanden	neg 1.0		__DUMMY__ 0.4730924669881975 off 0.29893410051088126 neg 0.2279734325009211	false	0.5
panisch	neg 1.0		__DUMMY__ 0.46847949535133027 off 0.30636908455187534 neg 0.22515142009679437	false	0.5
debil	off 1.0		__DUMMY__ 0.477401851461481 off 0.29241913932546476 neg 0.23017900921305426	false	1.0
abstrich	neg 1.0		__DUMMY__ 0.47205246999712963 off 0.3037444787432576 neg 0.22420305125961273	false	0.5
primitiv	neg 1.0		__DUMMY__ 0.4629785507388819 off 0.31165883057594834 neg 0.22536261868516974	false	0.5
abschaum	off 1.0	off 1.0	off 0.6462944467273228 __DUMMY__ 0.22613600272981157 neg 0.12756955054286562	false	1.0
provozieren	neg 1.0		__DUMMY__ 0.46738851904796747 off 0.3046140443850465 neg 0.227997436566986	false	0.5
tot	neg 1.0		__DUMMY__ 0.4710375216611232 off 0.3022670741986209 neg 0.226695404140256	false	0.5
instabil	neg 1.0		__DUMMY__ 0.46146058528561 off 0.3144062170941554 neg 0.22413319762023473	false	0.5
schwuchtel	off 1.0	off 1.0	off 0.6555143109390168 __DUMMY__ 0.2198469398595143 neg 0.12463874920146897	false	1.0
zerren	neg 1.0		__DUMMY__ 0.47104121141086686 off 0.3013022855855335 neg 0.22765650300359971	false	0.5
kinderficker	off 1.0		__DUMMY__ 0.46038734292158934 off 0.31673655119962363 neg 0.22287610587878692	false	1.0
gefahr	neg 1.0		__DUMMY__ 0.4731225000788159 off 0.29877087073476416 neg 0.22810662918641994	false	0.5
rabiat	neg 1.0		__DUMMY__ 0.46821594598067695 off 0.302485649069009 neg 0.22929840495031406	false	0.5
verlangsamung	neg 1.0		__DUMMY__ 0.459161969497265 off 0.31870082056054855 neg 0.22213720994218644	false	0.5
ausgestorben	neg 1.0		__DUMMY__ 0.46958449535836067 off 0.30257720792428183 neg 0.22783829671735759	false	0.5
anklagen	neg 1.0		__DUMMY__ 0.46918493030062136 off 0.3020328014579501 neg 0.22878226824142842	false	0.5
trott	neg 1.0		__DUMMY__ 0.4691321316727934 off 0.30412210627509484 neg 0.2267457620521119	false	0.5
verminderung	neg 1.0		__DUMMY__ 0.4635744022935665 off 0.31061672479908775 neg 0.2258088729073457	false	0.5
nach			__DUMMY__ 0.4776579408904192 off 0.2935156915640229 neg 0.22882636754555774	false	0.0
rost	neg 1.0		__DUMMY__ 0.4599631443328177 off 0.3207302292360423 neg 0.21930662643114013	false	0.5
destruktiv	neg 1.0		__DUMMY__ 0.4674656641479685 off 0.30311332906754923 neg 0.22942100678448227	false	0.5
unzumutbarkeit	neg 1.0		__DUMMY__ 0.4666589136181246 off 0.31220899921306583 neg 0.22113208716880953	false	0.5
labil	off 1.0	off 1.0	off 0.6457824131683036 __DUMMY__ 0.2261777272541736 neg 0.1280398595775228	false	1.0
ziemlich	neg 1.0		__DUMMY__ 0.4654753934584296 off 0.3104634333510328 neg 0.22406117319053773	false	0.5
lachnummer	off 1.0		__DUMMY__ 0.4683271391332649 off 0.3043714695615928 neg 0.22730139130514226	false	1.0
oder			__DUMMY__ 0.4694444071030162 off 0.30485557464789 neg 0.2257000182490939	false	0.0
verfall	neg 1.0		__DUMMY__ 0.47287685006779345 off 0.2943225814722268 neg 0.2328005684599798	false	0.5
ausgrenzung	neg 1.0		__DUMMY__ 0.466483963516334 off 0.3062202889207948 neg 0.22729574756287108	false	0.5
unordnung	neg 1.0		__DUMMY__ 0.4636918915028152 off 0.3163290347828569 neg 0.21997907371432796	false	0.5
fehlverhalten	neg 1.0		__DUMMY__ 0.47102455133384175 off 0.29945746739895657 neg 0.22951798126720172	false	0.5
eine			__DUMMY__ 0.4726698226913637 off 0.2973295428310259 neg 0.23000063447761038	false	0.0
nille	neg 1.0		__DUMMY__ 0.46918686100256013 off 0.30466047509979827 neg 0.2261526638976416	false	0.5
qual	neg 1.0		__DUMMY__ 0.4692005210459792 off 0.3036989572112789 neg 0.22710052174274195	false	0.5
verschwenden	neg 1.0		__DUMMY__ 0.47036436714430907 off 0.29876931464420564 neg 0.2308663182114852	false	0.5
riesig	neg 1.0		__DUMMY__ 0.47306680436066756 off 0.30091023783769333 neg 0.22602295780163909	false	0.5
verurteilen	neg 1.0		__DUMMY__ 0.46899491507696917 off 0.30152910069618943 neg 0.22947598422684132	false	0.5
klischee	neg 1.0	neg 1.0	neg 0.5991741024610766 __DUMMY__ 0.22599856799569898 off 0.17482732954322439	false	1.0
diktatorisch	neg 1.0		__DUMMY__ 0.4655683262299509 off 0.3059630377498437 neg 0.22846863602020553	false	0.5
vorhersehbar	neg 1.0		__DUMMY__ 0.46504513818337967 off 0.30659292936337934 neg 0.22836193245324085	false	0.5
sowie			__DUMMY__ 0.45964922838728334 off 0.315493389519403 neg 0.22485738209331377	false	0.0
stornieren	neg 1.0		__DUMMY__ 0.4717841565025494 off 0.3095434369409515 neg 0.2186724065564991	false	0.5
besteuerung	neg 1.0	neg 1.0	neg 0.6014812469869344 __DUMMY__ 0.2260131916428592 off 0.1725055613702063	false	1.0
ungeschminkt	neg 1.0		__DUMMY__ 0.4639678501428531 off 0.31235719650289867 neg 0.22367495335424833	false	0.5
kritisch	neg 1.0		__DUMMY__ 0.4700920590855793 off 0.3014231803125735 neg 0.22848476060184725	false	0.5
schlamperei	off 1.0		__DUMMY__ 0.4711730616680976 off 0.3002243585159399 neg 0.22860257981596263	false	1.0
sucht	neg 1.0	neg 1.0	neg 0.5962714242644422 __DUMMY__ 0.22935143298533842 off 0.1743771427502192	false	1.0
egoistisch	off 1.0	off 1.0	off 0.6497476909564359 __DUMMY__ 0.2237791500565298 neg 0.12647315898703423	false	1.0
ausbeuter	off 1.0		__DUMMY__ 0.46964146862225203 off 0.2984980009549509 neg 0.23186053042279697	false	1.0
arschgeburt	off 1.0		__DUMMY__ 0.4544067466467223 off 0.3266451258104385 neg 0.21894812754283927	false	1.0
schubs	neg 1.0		__DUMMY__ 0.4698504613518168 off 0.30031391589680917 neg 0.22983562275137387	false	0.5
unsolide	neg 1.0		__DUMMY__ 0.46629177109213404 off 0.3069776006510217 neg 0.22673062825684426	false	0.5
beschwerde	neg 1.0		__DUMMY__ 0.4704706348319457 off 0.30211150799431186 neg 0.2274178571737423	false	0.5
stocken	neg 1.0		__DUMMY__ 0.4711988830969131 off 0.30098347983233986 neg 0.22781763707074706	false	0.5
isolieren	neg 1.0		__DUMMY__ 0.47043984817511986 off 0.3021549523348282 neg 0.22740519949005203	false	0.5
unheilbar	neg 1.0		__DUMMY__ 0.46754167887702774 off 0.3034527248220462 neg 0.22900559630092604	false	0.5
pisser	off 1.0	off 1.0	off 0.6486977345357186 __DUMMY__ 0.2256548194920499 neg 0.12564744597223154	false	1.0
löschen	neg 1.0		__DUMMY__ 0.4687935035765036 off 0.3049065981723448 neg 0.22629989825115165	false	0.5
durchfallen	neg 1.0		__DUMMY__ 0.47003444217155543 off 0.3010696111342362 neg 0.22889594669420837	false	0.5
wichser	off 1.0	off 1.0	off 0.6526614735206482 __DUMMY__ 0.22106337926882397 neg 0.12627514721052782	false	1.0
terror	neg 1.0		__DUMMY__ 0.4674319944329342 off 0.3081194429893082 neg 0.2244485625777576	false	0.5
krass	neg 1.0		__DUMMY__ 0.46125446648628227 off 0.31550553084509836 neg 0.22324000266861932	false	0.5
revolte	neg 1.0		__DUMMY__ 0.46292445096262613 off 0.3066486331589225 neg 0.2304269158784513	false	0.5
besorgt	neg 1.0		__DUMMY__ 0.47179809506145787 off 0.3024803327057759 neg 0.22572157223276626	false	0.5
nachlassen	neg 1.0		__DUMMY__ 0.47162978784304793 off 0.3010340809793055 neg 0.2273361311776465	false	0.5
alt	neg 1.0		__DUMMY__ 0.46768592490512895 off 0.2988088253849675 neg 0.23350524970990363	false	0.5
hundesohn	off 1.0	off 1.0	off 0.6527876249742716 __DUMMY__ 0.222705150829092 neg 0.12450722419663644	false	1.0
als			__DUMMY__ 0.46941552405346487 off 0.30136801808891606 neg 0.22921645785761904	false	0.0
abschreckung	neg 1.0		__DUMMY__ 0.47122934170362285 off 0.2984317851665012 neg 0.23033887312987597	false	0.5
unqualifiziert	neg 1.0		__DUMMY__ 0.46528208069742355 off 0.3086392450722106 neg 0.22607867423036584	false	0.5
abgewichst	off 1.0		__DUMMY__ 0.47001300175462524 off 0.30411612712201613 neg 0.22587087112335863	false	1.0
schwer	neg 1.0		__DUMMY__ 0.4685085096478898 off 0.3029098048445311 neg 0.2285816855075791	false	0.5
bedeutungslosigkeit	neg 1.0		__DUMMY__ 0.47093796197019155 off 0.298981694206704 neg 0.2300803438231044	false	0.5
kapitulation	neg 1.0		__DUMMY__ 0.46831863060665907 off 0.30019380892158465 neg 0.23148756047175623	false	0.5
unscharf	neg 1.0		__DUMMY__ 0.464138665678358 off 0.3049338958961148 neg 0.23092743842552718	false	0.5
schwinden	neg 1.0		__DUMMY__ 0.47069614023542433 off 0.2990893028849199 neg 0.23021455687965575	false	0.5
versklavung	neg 1.0	neg 1.0	neg 0.5999120856691226 __DUMMY__ 0.2266668475930277 off 0.17342106673784974	false	1.0
schlecht	neg 1.0		__DUMMY__ 0.46565365387256674 off 0.31071863852907805 neg 0.22362770759835515	false	0.5
verhasst	neg 1.0		__DUMMY__ 0.46672731623729186 off 0.3052725219642396 neg 0.22800016179846871	false	0.5
beschweren	neg 1.0		__DUMMY__ 0.46815187696381694 off 0.3063315010574455 neg 0.22551662197873754	false	0.5
scheiden	neg 1.0		__DUMMY__ 0.4688200468870623 off 0.3040426354626583 neg 0.22713731765027953	false	0.5
frustriert	neg 1.0		__DUMMY__ 0.4697446070290506 off 0.3023967651593313 neg 0.22785862781161825	false	0.5
schimmelig	neg 1.0		__DUMMY__ 0.4694841335386884 off 0.300416349450118 neg 0.23009951701119366	false	0.5
fisch	neg 1.0		__DUMMY__ 0.47018447701210936 off 0.29623671227188536 neg 0.23357881071600523	false	0.5
schmuggel	neg 1.0		__DUMMY__ 0.4738918443744999 off 0.29813447539048904 neg 0.2279736802350111	false	0.5
auffallen	neg 1.0		__DUMMY__ 0.4671907216875752 off 0.3065157921757175 neg 0.22629348613670733	false	0.5
konkurrenz	neg 1.0		__DUMMY__ 0.4728560363224289 off 0.2992463531087695 neg 0.22789761056880156	false	0.5
teufelskreis	neg 1.0	neg 1.0	neg 0.6013884153273731 __DUMMY__ 0.2271163875797241 off 0.17149519709290278	false	1.0
aufschreien	neg 1.0		__DUMMY__ 0.46563932936251023 off 0.3066932559083597 neg 0.22766741472913	false	0.5
schuldner	neg 1.0		__DUMMY__ 0.46954331484336137 off 0.2982922353038396 neg 0.23216444985279908	false	0.5
missgeburt	off 1.0	off 1.0	off 0.652194056104457 __DUMMY__ 0.2242671365878323 neg 0.12353880730771068	false	1.0
arbeitslos	neg 1.0		__DUMMY__ 0.4701563573152732 off 0.3010316743832972 neg 0.22881196830142955	false	0.5
befallen	neg 1.0		__DUMMY__ 0.4681882454505839 off 0.302570211712151 neg 0.229241542837265	false	0.5
miesepetrig	off 1.0	off 1.0	off 0.6455816508992775 __DUMMY__ 0.2258636305793008 neg 0.12855471852142167	false	1.0
alarmieren	neg 1.0		__DUMMY__ 0.4656329250567355 off 0.309486875220146 neg 0.2248801997231185	false	0.5
ungeduscht	off 1.0		__DUMMY__ 0.4649662791278913 off 0.3085678647343571 neg 0.22646585613775147	false	1.0
knappheit	neg 1.0		__DUMMY__ 0.4686441826064312 off 0.30102756063491715 neg 0.2303282567586517	false	0.5
schlange	neg 1.0		__DUMMY__ 0.46940142443951277 off 0.3047201352918288 neg 0.22587844026865847	false	0.5
harsch	neg 1.0		__DUMMY__ 0.46529525999526705 off 0.31674663396542874 neg 0.21795810603930404	false	0.5
lang	neg 1.0		__DUMMY__ 0.46836610261181516 off 0.3057481115819881 neg 0.22588578580619686	false	0.5
ziellos	neg 1.0		__DUMMY__ 0.4721697883537521 off 0.2997449804234929 neg 0.22808523122275484	false	0.5
selbstverliebt	neg 1.0		__DUMMY__ 0.45651965874926026 off 0.3233590828723706 neg 0.2201212583783693	false	0.5
beseitigen	neg 1.0		__DUMMY__ 0.4724728881816302 off 0.30580320249773435 neg 0.2217239093206353	false	0.5
dumm	off 1.0		__DUMMY__ 0.4593202215077208 off 0.3174366496679478 neg 0.2232431288243314	false	1.0
arbeitsloser	neg 1.0		__DUMMY__ 0.47216731795620087 off 0.3020717653312016 neg 0.2257609167125976	false	0.5
blitzen	neg 1.0		__DUMMY__ 0.4657256753397335 off 0.3083444487248606 neg 0.22592987593540595	false	0.5
hilflos	neg 1.0		__DUMMY__ 0.4699981729104413 off 0.3010878226457564 neg 0.22891400444380225	false	0.5
eklig	off 1.0		__DUMMY__ 0.45805768136080444 off 0.3175371591246094 neg 0.22440515951458614	false	1.0
begriff			__DUMMY__ 0.46846111101360133 off 0.3031847585740429 neg 0.22835413041235578	false	0.0
hungersnot	neg 1.0		__DUMMY__ 0.46759203985692244 off 0.30044787920872734 neg 0.2319600809343504	false	0.5
ungesetzlich	neg 1.0		__DUMMY__ 0.46589789836437595 off 0.3061301637497018 neg 0.22797193788592232	false	0.5
verschwendung	neg 1.0		__DUMMY__ 0.4709492991575528 off 0.29894938322644843 neg 0.2301013176159989	false	0.5
schmerzvoll	neg 1.0		__DUMMY__ 0.46690505915882946 off 0.30517855004618905 neg 0.22791639079498152	false	0.5
vorzeitig	neg 1.0		__DUMMY__ 0.4666429665525613 off 0.31044589314921217 neg 0.2229111402982265	false	0.5
unvollkommenheit	neg 1.0		__DUMMY__ 0.46974408081241914 off 0.30235726036324323 neg 0.22789865882433774	false	0.5
intervenieren	neg 1.0		__DUMMY__ 0.46945154111018744 off 0.2993152110520335 neg 0.23123324783777904	false	0.5
banause	off 1.0		__DUMMY__ 0.45541129529040314 off 0.3185017770994262 neg 0.2260869276101708	false	1.0
rebell	neg 1.0		__DUMMY__ 0.4732696598960433 off 0.2952435881678089 neg 0.23148675193614773	false	0.5
unlogisch	neg 1.0		__DUMMY__ 0.4624436589834014 off 0.3128765283901648 neg 0.22467981262643372	false	0.5
leiden	neg 1.0		__DUMMY__ 0.4739618758027433 off 0.2986826635616013 neg 0.22735546063565534	false	0.5
abschaffung	neg 1.0		__DUMMY__ 0.46680145574827003 off 0.3048607906241927 neg 0.2283377536275374	false	0.5
sturz	neg 1.0		__DUMMY__ 0.47076381990720284 off 0.30802880922361364 neg 0.22120737086918343	false	0.5
verkleinerung	neg 1.0		__DUMMY__ 0.463984110279972 off 0.30804481631445235 neg 0.22797107340557551	false	0.5
schmarotzer	off 1.0		__DUMMY__ 0.46897111353416937 off 0.30174733638342893 neg 0.2292815500824016	false	1.0
bestrafung	neg 1.0	neg 1.0	neg 0.5988450832139335 __DUMMY__ 0.22809933192524795 off 0.17305558486081862	false	1.0
achtlos	neg 1.0		__DUMMY__ 0.4698607909463819 off 0.3024406614135909 neg 0.2276985476400272	false	0.5
ungeheuer	neg 1.0		__DUMMY__ 0.4673488031231029 off 0.303993466501101 neg 0.22865773037579615	false	0.5
unaufrichtig	neg 1.0		__DUMMY__ 0.4661379766450901 off 0.30907851682947746 neg 0.2247835065254325	false	0.5
groggy	neg 1.0		__DUMMY__ 0.4676717269501429 off 0.308287340448836 neg 0.2240409326010211	false	0.5
verletzlich	neg 1.0		__DUMMY__ 0.4624977272004237 off 0.3086902277788133 neg 0.2288120450207631	false	0.5
