unsolidarisch	neg 1.0		off 0.3832746611014706 __DUMMY__ 0.3271940491578264 neg 0.289531289740703	false	0.5
nachteilig	neg 1.0		off 0.3812391303957309 __DUMMY__ 0.3319665466090261 neg 0.2867943229952431	false	0.5
skeptisch	neg 1.0		off 0.37867648942035464 __DUMMY__ 0.3312016880172201 neg 0.2901218225624253	false	0.5
schrecklich	neg 1.0		off 0.3925101640186209 __DUMMY__ 0.3244109491366695 neg 0.28307888684470955	false	0.5
schlapp	neg 1.0	neg 1.0	neg 0.6278620575810819 off 0.21479484554074782 __DUMMY__ 0.15734309687817027	false	1.0
abfall	neg 1.0		off 0.3760644536979665 __DUMMY__ 0.3332389719934504 neg 0.2906965743085831	false	0.5
widerspenstig	neg 1.0		off 0.3822652586430155 __DUMMY__ 0.32853967010874047 neg 0.2891950712482439	false	0.5
abrupt	neg 1.0		off 0.37795466588918875 __DUMMY__ 0.33096253436251916 neg 0.2910827997482921	false	0.5
unwirksam	neg 1.0		off 0.3821627347429866 __DUMMY__ 0.3263844095772206 neg 0.2914528556797929	false	0.5
angreifen	neg 1.0		off 0.377995338990712 __DUMMY__ 0.33140147870993714 neg 0.29060318229935095	false	0.5
inkonsistent	neg 1.0		off 0.3856030318457799 __DUMMY__ 0.3268727075007214 neg 0.2875242606534987	false	0.5
abrutschen	neg 1.0		off 0.37528552878844484 __DUMMY__ 0.33290612370708905 neg 0.291808347504466	false	0.5
unsicher	neg 1.0		off 0.38368377837281276 __DUMMY__ 0.329544542890094 neg 0.28677167873709325	false	0.5
bauernkind	off 1.0	off 1.0	off 0.6875722189436708 neg 0.15732227182415592 __DUMMY__ 0.15510550923217326	false	1.0
angreifer	neg 1.0		off 0.3891295047893324 __DUMMY__ 0.32919697150228744 neg 0.28167352370838017	false	0.5
trennen	neg 1.0		off 0.37834662430676486 __DUMMY__ 0.3321529263397846 neg 0.28950044935345043	false	0.5
schmutz	neg 1.0		off 0.39079370304764177 __DUMMY__ 0.3319738025544593 neg 0.277232494397899	false	0.5
inkonsistenz	neg 1.0		off 0.3881943268498013 __DUMMY__ 0.3263023450728216 neg 0.28550332807737705	false	0.5
erschreckend	neg 1.0		off 0.3825222387992849 __DUMMY__ 0.32921514664941587 neg 0.2882626145512991	false	0.5
ertrinken	neg 1.0		off 0.3770871699646109 __DUMMY__ 0.33107005481878066 neg 0.2918427752166083	false	0.5
pickelface	off 1.0		off 0.38496707418427145 __DUMMY__ 0.3295662417666818 neg 0.2854666840490467	false	1.0
seiner			off 0.3789797851245446 __DUMMY__ 0.3318601585684039 neg 0.2891600563070514	false	0.0
lauch	neg 1.0	neg 1.0	neg 0.630245277181366 off 0.2083487931488296 __DUMMY__ 0.16140592966980435	false	1.0
unwichtig	neg 1.0		off 0.3881914899579217 __DUMMY__ 0.3263773958934707 neg 0.28543111414860767	false	0.5
steuerhinterziehung	neg 1.0		off 0.38177201747184164 __DUMMY__ 0.3281330795286719 neg 0.2900949029994864	false	0.5
schock	neg 1.0		off 0.38199559785655457 __DUMMY__ 0.3300488801281211 neg 0.28795552201532426	false	0.5
beule	neg 1.0		off 0.3904308733071654 __DUMMY__ 0.3249770205228776 neg 0.2845921061699571	false	0.5
vergelten	neg 1.0		off 0.3946295537488292 __DUMMY__ 0.32503327765378637 neg 0.28033716859738445	false	0.5
verdorbenheit	neg 1.0		off 0.3863156356658218 __DUMMY__ 0.32997790226123697 neg 0.2837064620729411	false	0.5
trauma	neg 1.0		off 0.38490526531062025 __DUMMY__ 0.3282286538779247 neg 0.2868660808114549	false	0.5
sinnlos	neg 1.0		off 0.3855956134184127 __DUMMY__ 0.3282008695544294 neg 0.28620351702715796	false	0.5
fettsack	off 1.0	off 1.0	off 0.6888230230930766 neg 0.15583270478181657 __DUMMY__ 0.1553442721251067	false	1.0
feige	off 1.0	off 1.0	off 0.6850637912274098 neg 0.1579605526435078 __DUMMY__ 0.15697565612908243	false	1.0
abdanken	neg 1.0		off 0.3833409963747236 __DUMMY__ 0.3294382440390522 neg 0.2872207595862243	false	0.5
wichtigtuer	off 1.0	off 1.0	off 0.6834929185191635 neg 0.15833909768037982 __DUMMY__ 0.15816798380045666	false	1.0
misslingen	neg 1.0		off 0.3875951434227407 __DUMMY__ 0.33098580565881647 neg 0.2814190509184427	false	0.5
untreu	off 1.0		off 0.38945909273882945 __DUMMY__ 0.3257948840483818 neg 0.28474602321278875	false	1.0
missmutig	neg 1.0		off 0.38625807905520115 __DUMMY__ 0.32629265726405865 neg 0.2874492636807402	false	0.5
hurenbock	off 1.0		off 0.3840946413305654 __DUMMY__ 0.32861004111282005 neg 0.28729531755661447	false	1.0
betrunken	neg 1.0		off 0.3913469717089105 __DUMMY__ 0.3248077270370033 neg 0.28384530125408614	false	0.5
korrupt	off 1.0		off 0.38076543952142516 __DUMMY__ 0.32782964316395957 neg 0.2914049173146154	false	1.0
unmut	neg 1.0		off 0.37695867507898134 __DUMMY__ 0.33212405723284594 neg 0.29091726768817266	false	0.5
hackfresse	off 1.0		off 0.3970275860739705 __DUMMY__ 0.3220826551439981 neg 0.2808897587820314	false	1.0
aufblasen	neg 1.0		off 0.3837433578428921 __DUMMY__ 0.3287640912239271 neg 0.2874925509331807	false	0.5
gewaltsam	neg 1.0		off 0.3841126748824235 __DUMMY__ 0.33008386237655946 neg 0.285803462741017	false	0.5
unbeliebtheit	neg 1.0		off 0.39038926857912964 __DUMMY__ 0.32646704809457333 neg 0.2831436833262971	false	0.5
sturheit	neg 1.0		off 0.38285400961738775 __DUMMY__ 0.3297102700715546 neg 0.2874357203110577	false	0.5
kuh	neg 1.0		off 0.38437814029291606 __DUMMY__ 0.3245408133144427 neg 0.2910810463926414	false	0.5
erschrecken	neg 1.0		off 0.38769134658273124 __DUMMY__ 0.3272320394192867 neg 0.285076613997982	false	0.5
opfer	neg 1.0		off 0.3804633194327601 __DUMMY__ 0.3311084684020915 neg 0.28842821216514836	false	0.5
sinken	neg 1.0		off 0.3770811215958026 __DUMMY__ 0.33131502036413724 neg 0.2916038580400601	false	0.5
stinktier	neg 1.0		off 0.3932957111194839 __DUMMY__ 0.3213611470634279 neg 0.2853431418170882	false	0.5
tucke	off 1.0		off 0.39804526415569835 __DUMMY__ 0.31966810403027496 neg 0.28228663181402674	false	1.0
ein			off 0.38176186081104196 __DUMMY__ 0.328407878364867 neg 0.2898302608240911	false	0.0
abstieg	neg 1.0		off 0.3830270889049445 __DUMMY__ 0.3318392262084394 neg 0.28513368488661606	false	0.5
missverstehen	neg 1.0		off 0.38606690894039186 __DUMMY__ 0.3273256963146167 neg 0.2866073947449913	false	0.5
ergebnislos	neg 1.0		off 0.38107394068213857 __DUMMY__ 0.3320312695145319 neg 0.28689478980332955	false	0.5
unter			off 0.3727775936028636 __DUMMY__ 0.3361582594845096 neg 0.2910641469126269	false	0.0
manipulieren	neg 1.0		off 0.379438496587464 __DUMMY__ 0.33142309214947 neg 0.28913841126306594	false	0.5
unbewiesen	neg 1.0		off 0.3842902187145893 __DUMMY__ 0.32789183533533023 neg 0.2878179459500804	false	0.5
verschleppen	neg 1.0		off 0.38025920924291046 __DUMMY__ 0.3296423484457364 neg 0.2900984423113531	false	0.5
weib	off 1.0		off 0.399217873642607 __DUMMY__ 0.3208855823914943 neg 0.27989654396589886	false	1.0
opposition	neg 1.0		off 0.38464039862430643 __DUMMY__ 0.327420432627629 neg 0.2879391687480646	false	0.5
verkehrswidrig	neg 1.0		off 0.39700593338901013 __DUMMY__ 0.3265617245987609 neg 0.27643234201222894	false	0.5
inkorrekt	neg 1.0		off 0.39181093124997035 __DUMMY__ 0.3239361027755347 neg 0.28425296597449495	false	0.5
vermeiden	neg 1.0		off 0.37610325346107093 __DUMMY__ 0.3343590150629151 neg 0.28953773147601397	false	0.5
abweichung	neg 1.0		off 0.3822420525321202 __DUMMY__ 0.3310583344997783 neg 0.2866996129681014	false	0.5
alkoholisiert	neg 1.0		off 0.3823810581952912 __DUMMY__ 0.3350638005567782 neg 0.2825551412479306	false	0.5
scheiss	off 1.0	off 1.0	off 0.6860720200626895 neg 0.1572352491941104 __DUMMY__ 0.15669273074320006	false	1.0
herausforderung	neg 1.0		off 0.3813532089526289 __DUMMY__ 0.3305902341442874 neg 0.2880565569030838	false	0.5
pervers	off 1.0		off 0.40131952295059703 __DUMMY__ 0.3196158440008408 neg 0.2790646330485621	false	1.0
wackelig	neg 1.0		off 0.3813111245432902 __DUMMY__ 0.3307823324731587 neg 0.2879065429835512	false	0.5
verwickeln	neg 1.0		off 0.3851864392137515 __DUMMY__ 0.32778386415447447 neg 0.2870296966317741	false	0.5
vorwand	neg 1.0		off 0.377743395729382 __DUMMY__ 0.3316970531115261 neg 0.29055955115909204	false	0.5
muschi	off 1.0		off 0.3843145550463821 __DUMMY__ 0.33054172657720243 neg 0.28514371837641567	false	1.0
entmutigung	neg 1.0		off 0.3844253442984287 __DUMMY__ 0.32589879997360055 neg 0.2896758557279709	false	0.5
unangemessen	neg 1.0		off 0.3821423379750409 __DUMMY__ 0.32942817359702087 neg 0.28842948842793836	false	0.5
unstetig	neg 1.0		off 0.38857440109343094 __DUMMY__ 0.32779045263125095 neg 0.2836351462753181	false	0.5
entmutigen	neg 1.0		off 0.3835778088676332 __DUMMY__ 0.3277221091103352 neg 0.2887000820220317	false	0.5
schwanz	neg 1.0		off 0.38205648246898904 __DUMMY__ 0.3312290335879502 neg 0.2867144839430607	false	0.5
verbot	neg 1.0		off 0.3815634878414945 __DUMMY__ 0.3291191816257592 neg 0.2893173305327461	false	0.5
leid	neg 1.0		off 0.3940659741972759 __DUMMY__ 0.32344753121139636 neg 0.28248649459132774	false	0.5
archaisch	neg 1.0		off 0.3816338639632659 __DUMMY__ 0.3292825688531166 neg 0.2890835671836175	false	0.5
gegen			off 0.37825004800790873 __DUMMY__ 0.3328068492528345 neg 0.28894310273925666	false	0.0
scheidung	neg 1.0		off 0.40790551461676017 __DUMMY__ 0.3214316232353367 neg 0.27066286214790314	false	0.5
einschlag	neg 1.0		off 0.3947188701695496 __DUMMY__ 0.3261928022075031 neg 0.27908832762294733	false	0.5
m			off 0.3820338223210336 __DUMMY__ 0.3306947653752853 neg 0.2872714123036812	false	0.0
abgestanden	neg 1.0		off 0.38119993015392994 __DUMMY__ 0.32607833291553023 neg 0.29272173693053993	false	0.5
schmierig	off 1.0		off 0.393513962258063 __DUMMY__ 0.323389029244426 neg 0.283097008497511	false	1.0
unpraktisch	neg 1.0		off 0.38535244507559835 __DUMMY__ 0.32880640632119656 neg 0.2858411486032051	false	0.5
wixxer	off 1.0		off 0.40139358067388453 __DUMMY__ 0.31905252266673156 neg 0.279553896659384	false	1.0
bezeichnet			off 0.3840681327273611 __DUMMY__ 0.3291681007281166 neg 0.28676376654452235	false	0.0
jammerlappen	off 1.0		off 0.3884885170945677 __DUMMY__ 0.3262900057809544 neg 0.2852214771244778	false	1.0
farce	neg 1.0		off 0.3829009454185344 __DUMMY__ 0.32805027197200404 neg 0.28904878260946165	false	0.5
zwecklos	neg 1.0		off 0.380850681413899 __DUMMY__ 0.3295474075316965 neg 0.2896019110544044	false	0.5
turbulent	neg 1.0		off 0.3915911908797439 __DUMMY__ 0.3258446164743401 neg 0.2825641926459161	false	0.5
invasion	neg 1.0		off 0.38644574392891423 __DUMMY__ 0.3279018958103873 neg 0.28565236026069846	false	0.5
schuld	neg 1.0		off 0.3846427863510981 __DUMMY__ 0.3283171542731782 neg 0.28704005937572363	false	0.5
risiko	neg 1.0		off 0.3858925454125768 __DUMMY__ 0.32790457428052966 neg 0.28620288030689356	false	0.5
finster	neg 1.0		off 0.3820894258434169 __DUMMY__ 0.3278846911871002 neg 0.2900258829694829	false	0.5
geisteskrank	off 1.0		off 0.3906921676527578 __DUMMY__ 0.3246829797593697 neg 0.2846248525878724	false	1.0
zusammenbrechen	neg 1.0		off 0.381164194750189 __DUMMY__ 0.3296059448564301 neg 0.28922986039338083	false	0.5
ausbeute	neg 1.0		off 0.3833527542875784 __DUMMY__ 0.3305963958887872 neg 0.2860508498236344	false	0.5
hinterhalt	neg 1.0		off 0.3824679821901143 __DUMMY__ 0.32987604060036635 neg 0.28765597720951935	false	0.5
kritik	neg 1.0		off 0.3823983065841554 __DUMMY__ 0.327956511044022 neg 0.28964518237182274	false	0.5
einschrumpfen	neg 1.0		off 0.388388000280156 __DUMMY__ 0.325653057440617 neg 0.28595894227922697	false	0.5
riskant	neg 1.0		off 0.37887391594042097 __DUMMY__ 0.3310322818269892 neg 0.2900938022325898	false	0.5
frustrieren	neg 1.0		off 0.37943733307339633 __DUMMY__ 0.3302593426978736 neg 0.2903033242287301	false	0.5
groll	neg 1.0		off 0.3816396916706338 __DUMMY__ 0.3300619336126107 neg 0.2882983747167555	false	0.5
gibt			off 0.3811848300592554 __DUMMY__ 0.3303004665743888 neg 0.28851470336635576	false	0.0
qualvoll	neg 1.0		off 0.38533416583140745 __DUMMY__ 0.3276366451546838 neg 0.2870291890139087	false	0.5
wackeln	neg 1.0		off 0.3835191093035181 __DUMMY__ 0.3293958887092145 neg 0.2870850019872675	false	0.5
klagen	neg 1.0		off 0.3778818718459414 __DUMMY__ 0.33142747676855683 neg 0.2906906513855018	false	0.5
bankrott	neg 1.0		off 0.3894228250167898 __DUMMY__ 0.32797777929087946 neg 0.2825993956923308	false	0.5
trauern	neg 1.0		off 0.3804804758189467 __DUMMY__ 0.3326513121186167 neg 0.2868682120624365	false	0.5
ablehnung	neg 1.0		off 0.3823841723355813 __DUMMY__ 0.32886428450577115 neg 0.2887515431586473	false	0.5
stur	neg 1.0		off 0.38424332694431335 __DUMMY__ 0.32789264542408303 neg 0.2878640276316036	false	0.5
aufruhr	neg 1.0		off 0.38272244840777125 __DUMMY__ 0.3279040366272986 neg 0.2893735149649302	false	0.5
melancholie	neg 1.0		off 0.3776811790214537 __DUMMY__ 0.33013747908094776 neg 0.29218134189759853	false	0.5
ist			off 0.3851835578002022 __DUMMY__ 0.32816074710347787 neg 0.28665569509632	false	0.0
torheit	neg 1.0		off 0.3844643526327689 __DUMMY__ 0.3279357711577303 neg 0.28759987620950084	false	0.5
dreckskind	off 1.0		off 0.3983501923782756 __DUMMY__ 0.32158661020581547 neg 0.28006319741590885	false	1.0
umtauschen	neg 1.0		off 0.3829999842627798 __DUMMY__ 0.32936631459820775 neg 0.28763370113901243	false	0.5
zum			off 0.3776273349183897 __DUMMY__ 0.33595817737695644 neg 0.28641448770465383	false	0.0
zersetzen	neg 1.0		off 0.37821791728092297 __DUMMY__ 0.3305201319845374 neg 0.2912619507345396	false	0.5
zur			off 0.37633214261518655 __DUMMY__ 0.3344128441610106 neg 0.28925501322380276	false	0.0
frust	neg 1.0		off 0.3808775708941468 __DUMMY__ 0.3297052639287569 neg 0.2894171651770962	false	0.5
unerbittlichkeit	neg 1.0		off 0.37996079401178195 __DUMMY__ 0.3311476131498495 neg 0.28889159283836846	false	0.5
zwei			off 0.37568755116552305 __DUMMY__ 0.33451025029485965 neg 0.28980219853961714	false	0.0
unkorrekt	neg 1.0		off 0.3907579603907179 __DUMMY__ 0.3245855402247942 neg 0.2846564993844879	false	0.5
hexe	off 1.0		off 0.38736930830659705 __DUMMY__ 0.3252895486978964 neg 0.2873411429955066	false	1.0
lasch	neg 1.0		off 0.3876324540890052 __DUMMY__ 0.32671662614546054 neg 0.2856509197655343	false	0.5
rivale	neg 1.0		off 0.3932014417789815 __DUMMY__ 0.3249866307652203 neg 0.2818119274557982	false	0.5
mutlos	off 1.0	off 1.0	off 0.6801754119602903 neg 0.16044055899248807 __DUMMY__ 0.1593840290472216	false	1.0
wirr	off 1.0		off 0.39275746439230547 __DUMMY__ 0.32362701665146687 neg 0.28361551895622766	false	1.0
jahr			off 0.3811726265218059 __DUMMY__ 0.33372877977332527 neg 0.285098593704869	false	0.0
wird			off 0.38077197571183635 __DUMMY__ 0.33069957438403436 neg 0.2885284499041293	false	0.0
strafbar	neg 1.0		off 0.3793747881603869 __DUMMY__ 0.3307152396163034 neg 0.2899099722233098	false	0.5
erosion	neg 1.0		off 0.3842103945165421 __DUMMY__ 0.3293538204150105 neg 0.2864357850684473	false	0.5
eingehen	neg 1.0		off 0.378943029747152 __DUMMY__ 0.33003144030901393 neg 0.291025529943834	false	0.5
faul	off 1.0		off 0.3884059637625498 __DUMMY__ 0.3273491891140717 neg 0.28424484712337855	false	1.0
provisorium	neg 1.0		off 0.37305347002875355 __DUMMY__ 0.33632193502223284 neg 0.2906245949490136	false	0.5
schmerzen	neg 1.0		off 0.3812508428285403 __DUMMY__ 0.3284821094278757 neg 0.290267047743584	false	0.5
schrumpfen	neg 1.0		off 0.37448576057254707 __DUMMY__ 0.33229287216031633 neg 0.2932213672671365	false	0.5
geistlos	off 1.0		off 0.38537163736508856 __DUMMY__ 0.3261124117631504 neg 0.288515950871761	false	1.0
fehlkauf	neg 1.0		off 0.386227160301541 __DUMMY__ 0.3275783926938257 neg 0.28619444700463326	false	0.5
frustrierend	neg 1.0		off 0.3869894739300313 __DUMMY__ 0.3266859097861377 neg 0.286324616283831	false	0.5
unzufrieden	neg 1.0		off 0.38105883631365933 __DUMMY__ 0.3300676691753571 neg 0.2888734945109834	false	0.5
verzweifeln	neg 1.0		off 0.38243303881294477 __DUMMY__ 0.3295702145250655 neg 0.28799674666198977	false	0.5
verzweifelt	neg 1.0		off 0.38442537684594325 __DUMMY__ 0.3279984338126512 neg 0.2875761893414054	false	0.5
misstrauensantrag	neg 1.0		off 0.3855405363321843 __DUMMY__ 0.32770439426172493 neg 0.2867550694060908	false	0.5
abfallen	neg 1.0		off 0.38357791599952645 __DUMMY__ 0.32882587002260416 neg 0.2875962139778694	false	0.5
fucker	off 1.0		off 0.39275932483967596 __DUMMY__ 0.32556120048306253 neg 0.2816794746772615	false	1.0
ungezogen	neg 1.0		off 0.39937328650724857 __DUMMY__ 0.3211026449685547 neg 0.27952406852419676	false	0.5
irrsinnig	neg 1.0	neg 1.0	neg 0.6292415204974766 off 0.2122824581861312 __DUMMY__ 0.15847602131639216	false	1.0
unfassbar	neg 1.0		off 0.3896264774448534 __DUMMY__ 0.32606869984814035 neg 0.28430482270700613	false	0.5
hart	neg 1.0		off 0.38936286544454685 __DUMMY__ 0.3248863725690479 neg 0.2857507619864053	false	0.5
widerlich	off 1.0		off 0.38972365325419617 __DUMMY__ 0.3252510393735221 neg 0.28502530737228166	false	1.0
fatal	neg 1.0	neg 1.0	neg 0.6298802226728775 off 0.21275498215111538 __DUMMY__ 0.15736479517600724	false	1.0
bruch	neg 1.0		off 0.3765994239605382 __DUMMY__ 0.3322642311276655 neg 0.29113634491179624	false	0.5
aushungern	neg 1.0		off 0.3813249612757599 __DUMMY__ 0.3286150989257193 neg 0.2900599397985209	false	0.5
anspannung	neg 1.0		off 0.37572787701301724 __DUMMY__ 0.3344293634092546 neg 0.28984275957772826	false	0.5
von			off 0.37923247367978935 __DUMMY__ 0.33273144747664135 neg 0.28803607884356935	false	0.0
kraftlos	neg 1.0		off 0.3803242624150523 __DUMMY__ 0.33005029137611536 neg 0.28962544620883235	false	0.5
vom			off 0.3746788198685372 __DUMMY__ 0.3373119935674142 neg 0.28800918656404867	false	0.0
grenzdebil	off 1.0		off 0.3895480911728985 __DUMMY__ 0.3254238346421605 neg 0.2850280741849409	false	1.0
vor			off 0.37700273010159746 __DUMMY__ 0.3323101635128885 neg 0.2906871063855141	false	0.0
unterwerfen	neg 1.0		off 0.380415473574211 __DUMMY__ 0.33082214354671197 neg 0.2887623828790769	false	0.5
versenkung	neg 1.0		off 0.37999870016715676 __DUMMY__ 0.3313041774549263 neg 0.2886971223779169	false	0.5
entziehen	neg 1.0		off 0.3777108855088037 __DUMMY__ 0.33180906148217704 neg 0.2904800530090193	false	0.5
finanzkrise	neg 1.0		off 0.38049671545809605 __DUMMY__ 0.32602176911998826 neg 0.29348151542191564	false	0.5
schimpfend	neg 1.0		off 0.3853132295642362 __DUMMY__ 0.32960645995585797 neg 0.2850803104799058	false	0.5
profan	neg 1.0		off 0.3856641904698299 __DUMMY__ 0.3275318883257276 neg 0.2868039212044426	false	0.5
korruption	neg 1.0		off 0.38045542074557986 __DUMMY__ 0.3285330420446457 neg 0.2910115372097743	false	0.5
â			off 0.38102981514613 __DUMMY__ 0.3305822746113687 neg 0.2883879102425013	false	0.0
schmutzig	neg 1.0		off 0.3898155491840111 __DUMMY__ 0.3255061114120612 neg 0.28467833940392767	false	0.5
sexy	neg 1.0		off 0.38801512694276413 __DUMMY__ 0.327669961052228 neg 0.28431491200500786	false	0.5
abraten	neg 1.0		off 0.38591502759367563 __DUMMY__ 0.3285218113569055 neg 0.28556316104941887	false	0.5
schwarz	neg 1.0		off 0.38613113146752387 __DUMMY__ 0.32814432446670483 neg 0.28572454406577147	false	0.5
fotze	off 1.0	off 1.0	off 0.6816436031579455 __DUMMY__ 0.16017683635619345 neg 0.15817956048586107	false	1.0
verwirren	neg 1.0		off 0.38612609729076885 __DUMMY__ 0.3276579537160852 neg 0.28621594899314595	false	0.5
zahnlos	off 1.0		off 0.3816794717920946 __DUMMY__ 0.3292982977305683 neg 0.28902223047733716	false	1.0
verheeren	neg 1.0		off 0.4011191453109421 __DUMMY__ 0.3209918211155278 neg 0.27788903357353	false	0.5
hippie	neg 1.0		off 0.38753410198569355 __DUMMY__ 0.3276437812164184 neg 0.28482211679788816	false	0.5
rammen	neg 1.0		off 0.3857552153568559 __DUMMY__ 0.3301225703773042 neg 0.28412221426583983	false	0.5
unlauter	neg 1.0		off 0.3858693653661522 __DUMMY__ 0.3279012363803506 neg 0.2862293982534972	false	0.5
unheilvoll	neg 1.0		off 0.3841234347465772 __DUMMY__ 0.3277130837844385 neg 0.28816348146898424	false	0.5
niedrig	neg 1.0		off 0.3805417055508633 __DUMMY__ 0.330170597405339 neg 0.2892876970437977	false	0.5
explosion	neg 1.0		off 0.387716228011837 __DUMMY__ 0.3279547210938473 neg 0.2843290508943156	false	0.5
weichei	off 1.0	off 1.0	off 0.6879239622313569 neg 0.15694987213543943 __DUMMY__ 0.15512616563320364	false	1.0
minusmensch	off 1.0		off 0.4010431086252441 __DUMMY__ 0.3211465973107016 neg 0.2778102940640544	false	1.0
farblos	neg 1.0		off 0.3857737640517461 __DUMMY__ 0.32916750424764796 neg 0.2850587317006059	false	0.5
unwissend	neg 1.0	neg 1.0	neg 0.6283609334145268 off 0.2143962747683098 __DUMMY__ 0.15724279181716344	false	1.0
traurig	neg 1.0		off 0.3921747913754207 __DUMMY__ 0.32469713213489426 neg 0.28312807648968497	false	0.5
senkung	neg 1.0		off 0.3848355592168344 __DUMMY__ 0.3254561035275009 neg 0.28970833725566464	false	0.5
ungleich	neg 1.0	neg 1.0	neg 0.630309025544899 off 0.20999926055650475 __DUMMY__ 0.1596917138985963	false	1.0
heikel	neg 1.0		off 0.37892839853328586 __DUMMY__ 0.33085149375307527 neg 0.2902201077136389	false	0.5
drosselung	neg 1.0		off 0.38981426047544765 __DUMMY__ 0.3250547710232403 neg 0.2851309685013118	false	0.5
falsch	neg 1.0		off 0.38779557540707277 __DUMMY__ 0.32715377891913366 neg 0.2850506456737935	false	0.5
unzufriedenheit	neg 1.0		off 0.37830105264713726 __DUMMY__ 0.33049844905954334 neg 0.2912004982933195	false	0.5
kurz	neg 1.0		off 0.38200157413890606 __DUMMY__ 0.3307966006608428 neg 0.28720182520025106	false	0.5
unsinnig	neg 1.0		off 0.381737227696194 __DUMMY__ 0.32847311306072535 neg 0.2897896592430806	false	0.5
penner	off 1.0	off 1.0	off 0.6891978841644815 neg 0.15586752058856534 __DUMMY__ 0.15493459524695313	false	1.0
seicht	neg 1.0		off 0.3967582898485848 __DUMMY__ 0.31965060599448547 neg 0.2835911041569297	false	0.5
dummheit	off 1.0	off 1.0	off 0.683211965526218 neg 0.1591373708072392 __DUMMY__ 0.1576506636665428	false	1.0
unerfreulich	neg 1.0		off 0.37884391883538127 __DUMMY__ 0.3312259182688455 neg 0.2899301628957732	false	0.5
motherfucker	off 1.0	off 1.0	off 0.6865847328466544 __DUMMY__ 0.15694883564764808 neg 0.15646643150569753	false	1.0
pikiert	neg 1.0		off 0.38836950390068187 __DUMMY__ 0.32547893834713276 neg 0.28615155775218554	false	0.5
wrack	neg 1.0		off 0.38439823487384717 __DUMMY__ 0.33294080852254704 neg 0.2826609566036057	false	0.5
gangster	neg 1.0		off 0.3876518247237876 __DUMMY__ 0.3274368460249853 neg 0.28491132925122703	false	0.5
krank	neg 1.0		off 0.39004391835720514 __DUMMY__ 0.3258740182583747 neg 0.28408206338442005	false	0.5
reich	neg 1.0		off 0.38725917918968716 __DUMMY__ 0.32582313215626757 neg 0.2869176886540454	false	0.5
gnadenlos	neg 1.0		off 0.38487689422966026 __DUMMY__ 0.32896048034424585 neg 0.2861626254260939	false	0.5
niedergeschlagen	neg 1.0		off 0.3814840144091199 __DUMMY__ 0.33078410080783416 neg 0.287731884783046	false	0.5
terrorisieren	off 1.0	off 1.0	off 0.6797083922598554 neg 0.16037741922741142 __DUMMY__ 0.15991418851273323	false	1.0
sinnlosigkeit	neg 1.0		off 0.3814055975620506 __DUMMY__ 0.3296906150704108 neg 0.2889037873675386	false	0.5
behindern	neg 1.0		off 0.383223637322626 __DUMMY__ 0.32893535008753116 neg 0.2878410125898428	false	0.5
undemokratisch	neg 1.0		off 0.3854618081508709 __DUMMY__ 0.3272323585253583 neg 0.2873058333237708	false	0.5
wirtschaftskrise	neg 1.0		off 0.3798386238266336 __DUMMY__ 0.32833085233606235 neg 0.291830523837304	false	0.5
neid	neg 1.0		off 0.38644307172104597 __DUMMY__ 0.32677871479248455 neg 0.2867782134864696	false	0.5
rutschen	neg 1.0		off 0.37511754519048984 __DUMMY__ 0.3343162597632241 neg 0.2905661950462861	false	0.5
rezession	neg 1.0		off 0.3901576889015984 __DUMMY__ 0.32183824754675927 neg 0.2880040635516422	false	0.5
fehlgeburt	neg 1.0		off 0.38526748823040124 __DUMMY__ 0.33005591515818045 neg 0.2846765966114182	false	0.5
charakterschwach	off 1.0		off 0.388936322586184 __DUMMY__ 0.3251639818335081 neg 0.2858996955803079	false	1.0
isolation	neg 1.0		off 0.3887361532896294 __DUMMY__ 0.32814833900812374 neg 0.28311550770224686	false	0.5
ablenkung	neg 1.0		off 0.3834956922152068 __DUMMY__ 0.32954982971214053 neg 0.28695447807265273	false	0.5
pech	neg 1.0		off 0.3876399911343346 __DUMMY__ 0.3265228918322151 neg 0.28583711703345016	false	0.5
vermeidung	neg 1.0		off 0.3898474312868671 __DUMMY__ 0.3255466521644735 neg 0.2846059165486594	false	0.5
dominieren	neg 1.0		off 0.3825245570576237 __DUMMY__ 0.33019337690614453 neg 0.2872820660362317	false	0.5
schwindlig	neg 1.0		off 0.38519725381699726 __DUMMY__ 0.32758728965842665 neg 0.2872154565245762	false	0.5
lutscher	neg 1.0		off 0.3994726255541588 __DUMMY__ 0.3196213164165047 neg 0.28090605802933655	false	0.5
pflicht	neg 1.0		off 0.37792757153875867 __DUMMY__ 0.33189288520801763 neg 0.2901795432532237	false	0.5
faschist	off 1.0		off 0.3870706066917251 __DUMMY__ 0.3266768841254206 neg 0.28625250918285433	false	1.0
verschleudern	neg 1.0		off 0.37899434309141783 __DUMMY__ 0.3293819391169688 neg 0.2916237177916134	false	0.5
wenn			off 0.3881080032388459 __DUMMY__ 0.3263650123404186 neg 0.2855269844207355	false	0.0
ehebruch	neg 1.0		off 0.379803220742848 __DUMMY__ 0.3294103667345357 neg 0.2907864125226162	false	0.5
spott	off 1.0		off 0.38083148158142077 __DUMMY__ 0.33068917090086314 neg 0.28847934751771603	false	1.0
trostlosigkeit	neg 1.0		off 0.37657018567904477 __DUMMY__ 0.3304490182425404 neg 0.29298079607841493	false	0.5
lutschen	neg 1.0		off 0.38905756632147886 __DUMMY__ 0.3278412306983356 neg 0.28310120298018554	false	0.5
undiszipliniert	neg 1.0		off 0.39120644034236846 __DUMMY__ 0.32473402119028166 neg 0.2840595384673499	false	0.5
kopfschmerz	neg 1.0		off 0.3787128514285585 __DUMMY__ 0.3287857440471295 neg 0.29250140452431195	false	0.5
unvorhergesehen	neg 1.0		off 0.37900782398262983 __DUMMY__ 0.3325636691057528 neg 0.28842850691161737	false	0.5
desinteressiert	neg 1.0		off 0.3905011305410136 __DUMMY__ 0.3249581836359493 neg 0.28454068582303704	false	0.5
armselig	off 1.0		off 0.3928593585148362 __DUMMY__ 0.32404860187117035 neg 0.2830920396139935	false	1.0
desaster	neg 1.0		off 0.3763679216780014 __DUMMY__ 0.3311032445114942 neg 0.2925288338105044	false	0.5
tod	neg 1.0		off 0.38015143954700814 __DUMMY__ 0.3309392923449618 neg 0.2889092681080302	false	0.5
herzlos	neg 1.0		off 0.3922498242507921 __DUMMY__ 0.32421173894013433 neg 0.28353843680907365	false	0.5
unwissenheit	neg 1.0		off 0.380950858557441 __DUMMY__ 0.32968615356123593 neg 0.289362987881323	false	0.5
widersinnig	neg 1.0		off 0.3815871812483203 __DUMMY__ 0.3280821101155393 neg 0.2903307086361404	false	0.5
bedenklich	neg 1.0		off 0.37985414078394897 __DUMMY__ 0.32983911735352167 neg 0.29030674186252936	false	0.5
beanstanden	neg 1.0		off 0.3791796121597485 __DUMMY__ 0.3321891270735043 neg 0.28863126076674717	false	0.5
panisch	neg 1.0		off 0.3860953527365457 __DUMMY__ 0.3288277544908071 neg 0.2850768927726472	false	0.5
debil	off 1.0		off 0.3732686803786091 __DUMMY__ 0.3352815775175063 neg 0.29144974210388463	false	1.0
abstrich	neg 1.0		off 0.3841007687521106 __DUMMY__ 0.3313410855122984 neg 0.28455814573559113	false	0.5
primitiv	neg 1.0		off 0.3905681044517977 __DUMMY__ 0.3248601139352456 neg 0.28457178161295676	false	0.5
abschaum	off 1.0	off 1.0	off 0.6853642102213073 __DUMMY__ 0.15760160328031064 neg 0.15703418649838202	false	1.0
provozieren	neg 1.0		off 0.3840532525214667 __DUMMY__ 0.3280634438464821 neg 0.28788330363205117	false	0.5
tot	neg 1.0		off 0.38235140062413825 __DUMMY__ 0.33063761787346474 neg 0.2870109815023969	false	0.5
instabil	neg 1.0		off 0.3931664020580644 __DUMMY__ 0.3237304297830248 neg 0.28310316815891073	false	0.5
schwuchtel	off 1.0	off 1.0	off 0.6935718712775475 neg 0.15326343997139835 __DUMMY__ 0.15316468875105416	false	1.0
zerren	neg 1.0		off 0.38128017512873535 __DUMMY__ 0.33070325075663826 neg 0.28801657411462644	false	0.5
kinderficker	off 1.0		off 0.39535732662931716 __DUMMY__ 0.32297109748810404 neg 0.2816715758825787	false	1.0
gefahr	neg 1.0		off 0.3790192826919917 __DUMMY__ 0.33220109646328216 neg 0.2887796208447262	false	0.5
rabiat	neg 1.0		off 0.38201319041169024 __DUMMY__ 0.3286579141776236 neg 0.2893288954106862	false	0.5
verlangsamung	neg 1.0		off 0.39718054051940205 __DUMMY__ 0.3220680976243947 neg 0.2807513618562032	false	0.5
ausgestorben	neg 1.0		off 0.38234236846535335 __DUMMY__ 0.3296459652323441 neg 0.28801166630230274	false	0.5
anklagen	neg 1.0		off 0.38170954574349003 __DUMMY__ 0.32934407200802884 neg 0.2889463822484811	false	0.5
trott	neg 1.0		off 0.38387556187356825 __DUMMY__ 0.3293235248871567 neg 0.286800913239275	false	0.5
verminderung	neg 1.0		off 0.3896435771284891 __DUMMY__ 0.3252714905630261 neg 0.28508493230848464	false	0.5
nach			off 0.37442397830389396 __DUMMY__ 0.33548038826295795 neg 0.2900956334331481	false	0.0
rost	neg 1.0		off 0.39943152204956023 __DUMMY__ 0.32263828844255155 neg 0.27793018950788834	false	0.5
destruktiv	neg 1.0		off 0.3825203184858042 __DUMMY__ 0.32811406629106715 neg 0.28936561522312865	false	0.5
unzumutbarkeit	neg 1.0		off 0.3918079521040371 __DUMMY__ 0.3274913042823281 neg 0.28070074361363484	false	0.5
labil	off 1.0	off 1.0	off 0.6848637189435434 __DUMMY__ 0.15763335432872302 neg 0.15750292672773353	false	1.0
ziemlich	neg 1.0		off 0.3897795697855278 __DUMMY__ 0.32665995208258575 neg 0.2835604781318864	false	0.5
lachnummer	off 1.0		off 0.3839520139482739 __DUMMY__ 0.32874493835974167 neg 0.2873030476919844	false	1.0
oder			off 0.38468800868710157 __DUMMY__ 0.3295351520677862 neg 0.28577683924511227	false	0.0
verfall	neg 1.0		off 0.3743901943621775 __DUMMY__ 0.3320339678122533 neg 0.2935758378255691	false	0.5
ausgrenzung	neg 1.0		off 0.38554625921428987 __DUMMY__ 0.3273930534670243 neg 0.2870606873186859	false	0.5
unordnung	neg 1.0		off 0.3955562765570404 __DUMMY__ 0.32532950562335505 neg 0.27911421781960455	false	0.5
fehlverhalten	neg 1.0		off 0.3793517681867256 __DUMMY__ 0.3306965675396215 neg 0.28995166427365293	false	0.5
eine			off 0.37747007821159473 __DUMMY__ 0.33188290450501434 neg 0.2906470172833908	false	0.0
nille	neg 1.0		off 0.38442419921523213 __DUMMY__ 0.3293583510728347 neg 0.28621744971193314	false	0.5
qual	neg 1.0		off 0.3834479629402777 __DUMMY__ 0.32937390419851253 neg 0.28717813286120975	false	0.5
verschwenden	neg 1.0		off 0.37855638945507053 __DUMMY__ 0.3302106834678846 neg 0.29123292707704473	false	0.5
riesig	neg 1.0		off 0.38127618606247893 __DUMMY__ 0.3321321587995111 neg 0.28659165513801	false	0.5
verurteilen	neg 1.0		off 0.38113715075682764 __DUMMY__ 0.3292216453200647 neg 0.28964120392310755	false	0.5
klischee	neg 1.0	neg 1.0	neg 0.6286196812384437 off 0.2138732934323003 __DUMMY__ 0.15750702532925598	false	1.0
diktatorisch	neg 1.0		off 0.3851152979691789 __DUMMY__ 0.32673335998949715 neg 0.28815134204132375	false	0.5
vorhersehbar	neg 1.0		off 0.38569347668703124 __DUMMY__ 0.3263617411947909 neg 0.2879447821181778	false	0.5
sowie			off 0.3939686658530953 __DUMMY__ 0.3224391383750574 neg 0.2835921957718472	false	0.0
stornieren	neg 1.0		off 0.3899403699098253 __DUMMY__ 0.3311959059121248 neg 0.2788637241780499	false	0.5
besteuerung	neg 1.0	neg 1.0	neg 0.6309268240033085 off 0.2115665636166339 __DUMMY__ 0.15750661238005761	false	1.0
ungeschminkt	neg 1.0		off 0.39151808082993683 __DUMMY__ 0.3255458031992941 neg 0.2829361159707691	false	0.5
kritisch	neg 1.0		off 0.3812169538239011 __DUMMY__ 0.33002195385114497 neg 0.2887610923249538	false	0.5
schlamperei	off 1.0		off 0.3801796399915359 __DUMMY__ 0.330788083275646 neg 0.289032276732818	false	1.0
sucht	neg 1.0	neg 1.0	neg 0.6261372851649314 off 0.21401956725940832 __DUMMY__ 0.15984314757566034	false	1.0
egoistisch	off 1.0	off 1.0	off 0.688450039092074 __DUMMY__ 0.155934364305435 neg 0.155615596602491	false	1.0
ausbeuter	off 1.0		off 0.3781246945733903 __DUMMY__ 0.3296941855852835 neg 0.29218111984132605	false	1.0
arschgeburt	off 1.0		off 0.4045386331585479 __DUMMY__ 0.31864275459363073 neg 0.2768186122478213	false	1.0
schubs	neg 1.0		off 0.3801263113366821 __DUMMY__ 0.32980011093370504 neg 0.29007357772961284	false	0.5
unsolide	neg 1.0		off 0.3863107934756219 __DUMMY__ 0.32724125531023984 neg 0.28644795121413824	false	0.5
beschwerde	neg 1.0		off 0.3820085333051521 __DUMMY__ 0.330276821656965 neg 0.2877146450378829	false	0.5
stocken	neg 1.0		off 0.3809758693398399 __DUMMY__ 0.330803862251031 neg 0.28822026840912923	false	0.5
isolieren	neg 1.0		off 0.38205173280822635 __DUMMY__ 0.3302468233197139 neg 0.2877014438720597	false	0.5
unheilbar	neg 1.0		off 0.3828814324016054 __DUMMY__ 0.3281605006308434 neg 0.2889580669675513	false	0.5
pisser	off 1.0	off 1.0	off 0.687719158571796 __DUMMY__ 0.15725117236023958 neg 0.1550296690679644	false	1.0
löschen	neg 1.0		off 0.38461842052778084 __DUMMY__ 0.3290754977884236 neg 0.28630608168379545	false	0.5
durchfallen	neg 1.0		off 0.3808599396909322 __DUMMY__ 0.32997520461967195 neg 0.2891648556893958	false	0.5
wichser	off 1.0	off 1.0	off 0.6909180548240835 neg 0.15505962521712985 __DUMMY__ 0.15402231995878665	false	1.0
terror	neg 1.0		off 0.3877217666795404 __DUMMY__ 0.32807455024531756 neg 0.284203683075142	false	0.5
krass	neg 1.0		off 0.3942869511943856 __DUMMY__ 0.3235851282283838 neg 0.28212792057723063	false	0.5
revolte	neg 1.0		off 0.3853796317694808 __DUMMY__ 0.32481903949858026 neg 0.28980132873193887	false	0.5
besorgt	neg 1.0		off 0.382633553251752 __DUMMY__ 0.33123699615829355 neg 0.2861294505899545	false	0.5
nachlassen	neg 1.0		off 0.38113285170680455 __DUMMY__ 0.33110386993953345 neg 0.28776327835366194	false	0.5
alt	neg 1.0		off 0.37820940808473735 __DUMMY__ 0.3282294228870362 neg 0.2935611690282264	false	0.5
hundesohn	off 1.0	off 1.0	off 0.6913095241616739 __DUMMY__ 0.15517888219295659 neg 0.15351159364536945	false	1.0
als			off 0.38106818180603097 __DUMMY__ 0.32952354636644915 neg 0.2894082718275199	false	0.0
abschreckung	neg 1.0		off 0.3783285108571146 __DUMMY__ 0.3308407922578168 neg 0.2908306968850686	false	0.5
unqualifiziert	neg 1.0		off 0.3878381531471446 __DUMMY__ 0.3265302656886181 neg 0.2856315811642373	false	0.5
abgewichst	off 1.0		off 0.38401723882455 __DUMMY__ 0.3299526252633495 neg 0.2860301359121005	false	1.0
schwer	neg 1.0		off 0.38249938109515147 __DUMMY__ 0.32887383278056825 neg 0.28862678612428033	false	0.5
bedeutungslosigkeit	neg 1.0		off 0.378845210617885 __DUMMY__ 0.3306346648646308 neg 0.2905201245174842	false	0.5
kapitulation	neg 1.0		off 0.3796451863141608 __DUMMY__ 0.3287305028910883 neg 0.29162431079475093	false	0.5
unscharf	neg 1.0		off 0.3839154511505614 __DUMMY__ 0.3256638669230842 neg 0.29042068192635434	false	0.5
schwinden	neg 1.0		off 0.37892855862004965 __DUMMY__ 0.33044274965300513 neg 0.2906286917269453	false	0.5
versklavung	neg 1.0	neg 1.0	neg 0.6294578497911684 off 0.21256749692572163 __DUMMY__ 0.15797465328310997	false	1.0
schlecht	neg 1.0		off 0.39006618966777695 __DUMMY__ 0.3267933154239295 neg 0.2831404949082935	false	0.5
verhasst	neg 1.0		off 0.3846162201648004 __DUMMY__ 0.32758225999730695 neg 0.28780151983789254	false	0.5
beschweren	neg 1.0		off 0.38596535145869354 __DUMMY__ 0.32861053595279294 neg 0.2854241125885135	false	0.5
scheiden	neg 1.0		off 0.3837760310859667 __DUMMY__ 0.32904626057745534 neg 0.28717770833657796	false	0.5
frustriert	neg 1.0		off 0.38217533659116587 __DUMMY__ 0.329769325167457 neg 0.2880553382413772	false	0.5
schimmelig	neg 1.0		off 0.380189082250428 __DUMMY__ 0.32952258799197937 neg 0.2902883297575927	false	0.5
fisch	neg 1.0		off 0.376012051908142 __DUMMY__ 0.3300187428335913 neg 0.2939692052582666	false	0.5
schmuggel	neg 1.0		off 0.37852188325362157 __DUMMY__ 0.3327334233613935 neg 0.2887446933849849	false	0.5
auffallen	neg 1.0		off 0.3859942888147188 __DUMMY__ 0.3279113726515618 neg 0.28609433853371946	false	0.5
konkurrenz	neg 1.0		off 0.3794565672694101 __DUMMY__ 0.33201173965340697 neg 0.288531693077183	false	0.5
teufelskreis	neg 1.0	neg 1.0	neg 0.6309904582085173 off 0.21071108607498956 __DUMMY__ 0.15829845571649312	false	1.0
aufschreien	neg 1.0		off 0.38590303363189443 __DUMMY__ 0.32679314541556204 neg 0.2873038209525434	false	0.5
schuldner	neg 1.0		off 0.3779134469309032 __DUMMY__ 0.3296087923841164 neg 0.29247776068498044	false	0.5
missgeburt	off 1.0	off 1.0	off 0.690995667038519 __DUMMY__ 0.1562702169603935 neg 0.1527341160010874	false	1.0
arbeitslos	neg 1.0		off 0.3808342052264366 __DUMMY__ 0.3300692878583006 neg 0.28909650691526284	false	0.5
befallen	neg 1.0		off 0.38209855629015493 __DUMMY__ 0.3286095720017513 neg 0.28929187170809384	false	0.5
miesepetrig	off 1.0	off 1.0	off 0.6846369147171291 neg 0.15796509781319676 __DUMMY__ 0.15739798746967412	false	1.0
alarmieren	neg 1.0		off 0.38877836230901197 __DUMMY__ 0.3267696662029938 neg 0.2844519714879943	false	0.5
ungeduscht	off 1.0		off 0.3877957959192519 __DUMMY__ 0.32626537127926075 neg 0.28593883280148735	false	1.0
knappheit	neg 1.0		off 0.38058755138888106 __DUMMY__ 0.32894924389242625 neg 0.2904632047186925	false	0.5
schlange	neg 1.0		off 0.38454642828263286 __DUMMY__ 0.3295014738740854 neg 0.28595209784328174	false	0.5
harsch	neg 1.0		off 0.39625206302000465 __DUMMY__ 0.32650746569290373 neg 0.2772404712870915	false	0.5
lang	neg 1.0		off 0.38541056749254854 __DUMMY__ 0.32876980911438886 neg 0.2858196233930626	false	0.5
ziellos	neg 1.0		off 0.37987300196222573 __DUMMY__ 0.3315154515543157 neg 0.2886115464834587	false	0.5
selbstverliebt	neg 1.0		off 0.40152846378112034 __DUMMY__ 0.32017175996140673 neg 0.278299776257473	false	0.5
beseitigen	neg 1.0		off 0.3861888594841638 __DUMMY__ 0.331700344090762 neg 0.2821107964250743	false	0.5
dumm	off 1.0		off 0.39591176566001385 __DUMMY__ 0.3222018301948515 neg 0.28188640414513466	false	1.0
arbeitsloser	neg 1.0		off 0.3822469512183414 __DUMMY__ 0.3315142760382843 neg 0.2862387727433743	false	0.5
blitzen	neg 1.0		off 0.38763296527268304 __DUMMY__ 0.3268524028641148 neg 0.285514631863202	false	0.5
hilflos	neg 1.0		off 0.3808803086458115 __DUMMY__ 0.3299489864194607 neg 0.2891707049347277	false	0.5
eklig	off 1.0		off 0.39581330204127996 __DUMMY__ 0.3212810265410763 neg 0.2829056714176438	false	1.0
begriff			off 0.38276584607690906 __DUMMY__ 0.3288347488842907 neg 0.2883994050388003	false	0.0
hungersnot	neg 1.0		off 0.3798071539992645 __DUMMY__ 0.3281851040988686 neg 0.29200774190186685	false	0.5
ungesetzlich	neg 1.0		off 0.3853352833057214 __DUMMY__ 0.32697573756094017 neg 0.28768897913333846	false	0.5
verschwendung	neg 1.0		off 0.37882827849485967 __DUMMY__ 0.33064235807030384 neg 0.2905293634348364	false	0.5
schmerzvoll	neg 1.0		off 0.3845666094057742 __DUMMY__ 0.32770659217228915 neg 0.28772679842193677	false	0.5
vorzeitig	neg 1.0		off 0.38997417705806364 __DUMMY__ 0.32748733188155105 neg 0.2825384910603853	false	0.5
unvollkommenheit	neg 1.0		off 0.38217355857418317 __DUMMY__ 0.3297290284501897 neg 0.2880974129756273	false	0.5
intervenieren	neg 1.0		off 0.37893394757289367 __DUMMY__ 0.3295535566217365 neg 0.2915124958053698	false	0.5
banause	off 1.0		off 0.39635474121228903 __DUMMY__ 0.31936207287545665 neg 0.2842831859122544	false	1.0
rebell	neg 1.0		off 0.3754810163299557 __DUMMY__ 0.3322807992782325 neg 0.2922381843918117	false	0.5
unlogisch	neg 1.0		off 0.3917473267741941 __DUMMY__ 0.32446431970911077 neg 0.2837883535166951	false	0.5
leiden	neg 1.0		off 0.3791262553071777 __DUMMY__ 0.33278157707831735 neg 0.288092167614505	false	0.5
abschaffung	neg 1.0		off 0.38422000860898387 __DUMMY__ 0.32761791730989276 neg 0.28816207408112327	false	0.5
sturz	neg 1.0		off 0.38818575656499743 __DUMMY__ 0.33047010366132035 neg 0.2813441397736822	false	0.5
verkleinerung	neg 1.0		off 0.3870247581129493 __DUMMY__ 0.32557208839510593 neg 0.28740315349194484	false	0.5
schmarotzer	off 1.0		off 0.38136180209407006 __DUMMY__ 0.32920822799311306 neg 0.2894299699128168	false	1.0
bestrafung	neg 1.0	neg 1.0	neg 0.6285681608433037 off 0.21244696249700848 __DUMMY__ 0.1589848766596879	false	1.0
achtlos	neg 1.0		off 0.3822560617462616 __DUMMY__ 0.32984307460313755 neg 0.2879008636506008	false	0.5
ungeheuer	neg 1.0		off 0.38344979827147446 __DUMMY__ 0.3279992556031638 neg 0.28855094612536175	false	0.5
unaufrichtig	neg 1.0		off 0.38844854282276087 __DUMMY__ 0.32713533646956977 neg 0.28441612070766936	false	0.5
groggy	neg 1.0		off 0.38789042268902957 __DUMMY__ 0.328268212161064 neg 0.2838413651499065	false	0.5
verletzlich	neg 1.0		off 0.3874536878310798 __DUMMY__ 0.3244987511185469 neg 0.2880475610503732	false	0.5
ablehnen	neg 1.0		off 0.38099983009913285 __DUMMY__ 0.3301912008720785 neg 0.2888089690287887	false	0.5
