unsolidarisch	neg 1.0		off 0.5459888759228653 neg 0.41251926011370343 __DUMMY__ 0.04149186396343133	false	0.5
nachteilig	neg 1.0		off 0.5463511065667823 neg 0.4115280152091984 __DUMMY__ 0.04212087822401925	false	0.5
skeptisch	neg 1.0		off 0.5432740505627114 neg 0.41470220605898256 __DUMMY__ 0.04202374337830615	false	0.5
schrecklich	neg 1.0		off 0.5542561369420527 neg 0.40462280264299544 __DUMMY__ 0.041121060414951914	false	0.5
schlapp	neg 1.0	neg 1.0	neg 0.6870501674872943 off 0.29324004605678294 __DUMMY__ 0.019709786455922737	false	1.0
abfall	neg 1.0		off 0.5415950393662072 neg 0.4161145990725703 __DUMMY__ 0.042290361561222595	false	0.5
widerspenstig	neg 1.0		off 0.54570169894798 neg 0.4126323959216921 __DUMMY__ 0.04166590513032788	false	0.5
abrupt	neg 1.0		off 0.5424450280402895 neg 0.41557327787914955 __DUMMY__ 0.04198169408056086	false	0.5
unwirksam	neg 1.0		off 0.5444765663805406 neg 0.4141423859577988 __DUMMY__ 0.041381047661660675	false	0.5
angreifen	neg 1.0		off 0.5426578541992041 neg 0.4152915610641109 __DUMMY__ 0.042050584736685104	false	0.5
inkonsistent	neg 1.0		off 0.5483427704963363 neg 0.4102146573665662 __DUMMY__ 0.0414425721370974	false	0.5
abrutschen	neg 1.0		off 0.5406191624884208 neg 0.41713207148842246 __DUMMY__ 0.04224876602315679	false	0.5
unsicher	neg 1.0		off 0.5476610183206366 neg 0.4105355561571118 __DUMMY__ 0.041803425522251594	false	0.5
bauernkind	off 1.0	off 1.0	off 0.7649390192716334 neg 0.21563774802795352 __DUMMY__ 0.019423232700413053	false	1.0
angreifer	neg 1.0		off 0.5531569197725789 neg 0.40509171655340287 __DUMMY__ 0.04175136367401832	false	0.5
trennen	neg 1.0		off 0.5434471821766863 neg 0.4144056531070552 __DUMMY__ 0.04214716471625864	false	0.5
schmutz	neg 1.0		off 0.5563511472914172 neg 0.4015380452518006 __DUMMY__ 0.04211080745678206	false	0.5
inkonsistenz	neg 1.0		off 0.5506969593916362 neg 0.40793227921163644 __DUMMY__ 0.04137076139672752	false	0.5
erschreckend	neg 1.0		off 0.5462624409093323 neg 0.4119762717001288 __DUMMY__ 0.041761287390538866	false	0.5
ertrinken	neg 1.0		off 0.5415648648045913 neg 0.41643126681499876 __DUMMY__ 0.042003868380409815	false	0.5
pickelface	off 1.0		off 0.5490286361354357 neg 0.40916818592820253 __DUMMY__ 0.04180317793636169	false	1.0
seiner			off 0.5439387238089401 neg 0.4139510387197594 __DUMMY__ 0.042110237471300466	false	0.0
lauch	neg 1.0	neg 1.0	neg 0.6910052110716677 off 0.28876715382792 __DUMMY__ 0.02022763510041239	false	1.0
unwichtig	neg 1.0		off 0.5507424033155889 neg 0.40787404975147595 __DUMMY__ 0.041383546932935084	false	0.5
steuerhinterziehung	neg 1.0		off 0.5449198055150465 neg 0.41346645219024875 __DUMMY__ 0.04161374229470484	false	0.5
schock	neg 1.0		off 0.546176585155258 neg 0.41195568613968897 __DUMMY__ 0.041867728705052974	false	0.5
beule	neg 1.0		off 0.5524149107501726 neg 0.4063929123499301 __DUMMY__ 0.041192176899897286	false	0.5
vergelten	neg 1.0		off 0.5567656351567318 neg 0.4020371304388903 __DUMMY__ 0.04119723440437803	false	0.5
verdorbenheit	neg 1.0		off 0.5506994842585947 neg 0.40744572319783595 __DUMMY__ 0.04185479254356927	false	0.5
trauma	neg 1.0		off 0.5482781216568898 neg 0.41009111089864797 __DUMMY__ 0.04163076744446209	false	0.5
sinnlos	neg 1.0		off 0.5489643842733882 neg 0.4094099721697599 __DUMMY__ 0.041625643556851694	false	0.5
fettsack	off 1.0	off 1.0	off 0.766299854118717 neg 0.21424563509944908 __DUMMY__ 0.01945451078183378	false	1.0
feige	off 1.0	off 1.0	off 0.7632945089304483 neg 0.2170403994847694 __DUMMY__ 0.01966509158478248	false	1.0
abdanken	neg 1.0		off 0.547210286359308 neg 0.41100327119561225 __DUMMY__ 0.041786442445079675	false	0.5
wichtigtuer	off 1.0	off 1.0	off 0.762306491174682 neg 0.21787645583832516 __DUMMY__ 0.019817052986992916	false	1.0
misslingen	neg 1.0		off 0.5525062876505153 neg 0.4055094155945104 __DUMMY__ 0.04198429675497409	false	0.5
untreu	off 1.0		off 0.5517683824440148 neg 0.40692544005799974 __DUMMY__ 0.04130617749798541	false	1.0
missmutig	neg 1.0		off 0.5486965237994921 neg 0.4099340032466448 __DUMMY__ 0.04136947295386311	false	0.5
hurenbock	off 1.0		off 0.5476848988092161 neg 0.41064657508058633 __DUMMY__ 0.04166852611019768	false	1.0
betrunken	neg 1.0		off 0.5532624952840282 neg 0.4055649407940978 __DUMMY__ 0.04117256392187399	false	0.5
korrupt	off 1.0		off 0.543697026741668 neg 0.4147263710730613 __DUMMY__ 0.04157660218527057	false	1.0
unmut	neg 1.0		off 0.5419437268184903 neg 0.4159106442456852 __DUMMY__ 0.0421456289358245	false	0.5
hackfresse	off 1.0		off 0.5577821040430527 neg 0.40140593931587204 __DUMMY__ 0.040811956641075085	false	1.0
aufblasen	neg 1.0		off 0.5473490252903186 neg 0.4109538177073682 __DUMMY__ 0.0416971570023131	false	0.5
gewaltsam	neg 1.0		off 0.5483924989880109 neg 0.409738615651742 __DUMMY__ 0.04186888536024701	false	0.5
unbeliebtheit	neg 1.0		off 0.5530711277162224 neg 0.4055406528235379 __DUMMY__ 0.04138821946023972	false	0.5
sturheit	neg 1.0		off 0.5468443124776396 neg 0.41133028006034644 __DUMMY__ 0.04182540746201383	false	0.5
kuh	neg 1.0		off 0.5458971586176992 neg 0.41297088382416597 __DUMMY__ 0.04113195755813497	false	0.5
erschrecken	neg 1.0		off 0.5506663549247299 neg 0.4078375841295503 __DUMMY__ 0.04149606094571968	false	0.5
opfer	neg 1.0		off 0.5450884009744219 neg 0.41290155042700366 __DUMMY__ 0.042010048598574434	false	0.5
sinken	neg 1.0		off 0.5416789733947369 neg 0.41628759009473193 __DUMMY__ 0.04203343651053124	false	0.5
stinktier	neg 1.0		off 0.5535291659181014 neg 0.40575580107986736 __DUMMY__ 0.04071503300203117	false	0.5
tucke	off 1.0		off 0.5576300057351274 neg 0.4018818681403816 __DUMMY__ 0.040488126124490875	false	1.0
ein			off 0.5451158920170711 neg 0.4132370902796937 __DUMMY__ 0.041647017703235	false	0.0
abstieg	neg 1.0		off 0.5481411610329849 neg 0.4097575464278682 __DUMMY__ 0.04210129253914684	false	0.5
missverstehen	neg 1.0		off 0.5489984323334672 neg 0.4094920592650547 __DUMMY__ 0.041509508401478136	false	0.5
ergebnislos	neg 1.0		off 0.5462014504021147 neg 0.41166972244954414 __DUMMY__ 0.04212882714834133	false	0.5
unter			off 0.5396948524856979 neg 0.417628564071392 __DUMMY__ 0.04267658344291002	false	0.0
manipulieren	neg 1.0		off 0.544163150292744 neg 0.4137860548854955 __DUMMY__ 0.04205079482176051	false	0.5
unbewiesen	neg 1.0		off 0.5473996785798302 neg 0.41101732178099826 __DUMMY__ 0.04158299963917161	false	0.5
verschleppen	neg 1.0		off 0.5441104924250402 neg 0.4140767980625697 __DUMMY__ 0.041812709512390106	false	0.5
weib	off 1.0		off 0.5594505924211695 neg 0.39989726874979165 __DUMMY__ 0.04065213882903881	false	1.0
opposition	neg 1.0		off 0.5476068021781022 neg 0.41087546016193693 __DUMMY__ 0.04151773765996099	false	0.5
verkehrswidrig	neg 1.0		off 0.5600949114907177 neg 0.39850753244336745 __DUMMY__ 0.041397556065914984	false	0.5
inkorrekt	neg 1.0		off 0.5532395470773667 neg 0.4057023529966077 __DUMMY__ 0.041058099926025764	false	0.5
vermeiden	neg 1.0		off 0.5422356078126729 neg 0.41532774723042193 __DUMMY__ 0.04243664495690531	false	0.5
abweichung	neg 1.0		off 0.5469271757618791 neg 0.41107406892781273 __DUMMY__ 0.041998755310308285	false	0.5
alkoholisiert	neg 1.0		off 0.5492261475601625 neg 0.40825504331022194 __DUMMY__ 0.042518809129615524	false	0.5
scheiss	off 1.0	off 1.0	off 0.764220266204415 neg 0.21615393556740436 __DUMMY__ 0.019625798228180672	false	1.0
herausforderung	neg 1.0		off 0.5457645228102169 neg 0.41229849820691655 __DUMMY__ 0.04193697898286657	false	0.5
pervers	off 1.0		off 0.5609933397159125 neg 0.39852223099468076 __DUMMY__ 0.04048442928940689	false	1.0
wackelig	neg 1.0		off 0.5458592382562089 neg 0.41217724295271985 __DUMMY__ 0.0419635187910711	false	0.5
verwickeln	neg 1.0		off 0.5483129325059746 neg 0.41011668201446 __DUMMY__ 0.04157038547956544	false	0.5
vorwand	neg 1.0		off 0.5425498962663554 neg 0.4153612149319236 __DUMMY__ 0.04208888880172092	false	0.5
muschi	off 1.0		off 0.5488491611777215 neg 0.40921814668840456 __DUMMY__ 0.0419326921338738	false	1.0
entmutigung	neg 1.0		off 0.5465299765662894 neg 0.41215225886066353 __DUMMY__ 0.04131776457304696	false	0.5
unangemessen	neg 1.0		off 0.5459691361388157 neg 0.41224213507293583 __DUMMY__ 0.04178872878824826	false	0.5
unstetig	neg 1.0		off 0.5519058761964857 neg 0.4065340440251264 __DUMMY__ 0.041560079778387944	false	0.5
entmutigen	neg 1.0		off 0.5466193748330597 neg 0.4118201587843149 __DUMMY__ 0.04156046638262548	false	0.5
schwanz	neg 1.0		off 0.5468732160968655 neg 0.4111057350410873 __DUMMY__ 0.042021048862047376	false	0.5
verbot	neg 1.0		off 0.5451934839235621 neg 0.41306082542507977 __DUMMY__ 0.04174569065135809	false	0.5
leid	neg 1.0		off 0.5554013901326688 neg 0.40360640186325814 __DUMMY__ 0.04099220800407315	false	0.5
archaisch	neg 1.0		off 0.5453695755321168 neg 0.4128632126126619 __DUMMY__ 0.04176721185522132	false	0.5
gegen			off 0.5436353581004911 neg 0.41413034981343133 __DUMMY__ 0.042234292086077575	false	0.0
scheidung	neg 1.0		off 0.5687612626794047 neg 0.3905204132927904 __DUMMY__ 0.04071832402780476	false	0.5
einschlag	neg 1.0		off 0.5574840499310239 neg 0.4011628062700496 __DUMMY__ 0.04135314379892663	false	0.5
m			off 0.5465662609381112 neg 0.4114771748232231 __DUMMY__ 0.04195656423866569	false	0.0
abgestanden	neg 1.0		off 0.5433905191740085 neg 0.4152743410309067 __DUMMY__ 0.04133513979508482	false	0.5
schmierig	off 1.0		off 0.5547832329738125 neg 0.4042318152639808 __DUMMY__ 0.04098495176220671	false	1.0
unpraktisch	neg 1.0		off 0.5490642376366668 neg 0.4092343858746349 __DUMMY__ 0.04170137648869842	false	0.5
wixxer	off 1.0		off 0.560782311139249 neg 0.39880767090715097 __DUMMY__ 0.04041001795360007	false	1.0
bezeichnet			off 0.547850821226969 neg 0.4103951222428215 __DUMMY__ 0.04175405653020951	false	0.0
jammerlappen	off 1.0		off 0.5510026948250368 neg 0.40762500475521796 __DUMMY__ 0.041372300419745205	false	1.0
farce	neg 1.0		off 0.5460442805954611 neg 0.4123517615291302 __DUMMY__ 0.04160395787540878	false	0.5
zwecklos	neg 1.0		off 0.5446863211023145 neg 0.41350861979697207 __DUMMY__ 0.041805059100713485	false	0.5
turbulent	neg 1.0		off 0.554055780164023 neg 0.40464222910802866 __DUMMY__ 0.041301990727948344	false	0.5
invasion	neg 1.0		off 0.5497240728584755 neg 0.40868969553977524 __DUMMY__ 0.04158623160174923	false	0.5
schuld	neg 1.0		off 0.5480192226817818 neg 0.4103386247242508 __DUMMY__ 0.04164215259396746	false	0.5
risiko	neg 1.0		off 0.5491238998675333 neg 0.4092969196543023 __DUMMY__ 0.04157918047816442	false	0.5
finster	neg 1.0		off 0.5452222423232687 neg 0.4132018631905371 __DUMMY__ 0.0415758944861942	false	0.5
geisteskrank	off 1.0		off 0.5524657618191201 neg 0.40637442901761217 __DUMMY__ 0.04115980916326774	false	1.0
zusammenbrechen	neg 1.0		off 0.5450556354167905 neg 0.4131317189866176 __DUMMY__ 0.04181264559659206	false	0.5
ausbeute	neg 1.0		off 0.5479001912730533 neg 0.4101657667635249 __DUMMY__ 0.04193404196342165	false	0.5
hinterhalt	neg 1.0		off 0.5466063036394371 neg 0.41155710243645544 __DUMMY__ 0.04183659392410747	false	0.5
kritik	neg 1.0		off 0.5454687330451917 neg 0.41293915857689034 __DUMMY__ 0.041592108377918	false	0.5
einschrumpfen	neg 1.0		off 0.5505858346203341 neg 0.4081282007732985 __DUMMY__ 0.04128596460636739	false	0.5
riskant	neg 1.0		off 0.5433975580785588 neg 0.4146006909875697 __DUMMY__ 0.0420017509338714	false	0.5
frustrieren	neg 1.0		off 0.5435828241344933 neg 0.41451801089968926 __DUMMY__ 0.04189916496581736	false	0.5
groll	neg 1.0		off 0.5457694870478149 neg 0.41235876171271446 __DUMMY__ 0.04187175123947068	false	0.5
gibt			off 0.5454295570519705 neg 0.41266578103384294 __DUMMY__ 0.04190466191418658	false	0.0
qualvoll	neg 1.0		off 0.5484269792100919 neg 0.4100259424255719 __DUMMY__ 0.041547078364336215	false	0.5
wackeln	neg 1.0		off 0.5474347776648533 neg 0.41078397878496403 __DUMMY__ 0.04178124355018262	false	0.5
klagen	neg 1.0		off 0.5425482888779511 neg 0.4153996882791648 __DUMMY__ 0.04205202284288417	false	0.5
bankrott	neg 1.0		off 0.5528936751109438 neg 0.40551334910774184 __DUMMY__ 0.04159297578131443	false	0.5
trauern	neg 1.0		off 0.5459077603576749 neg 0.4118817316938118 __DUMMY__ 0.04221050794851336	false	0.5
ablehnung	neg 1.0		off 0.5459154277565711 neg 0.4123720397811496 __DUMMY__ 0.04171253246227924	false	0.5
stur	neg 1.0		off 0.5473894035265893 neg 0.4110251127221567 __DUMMY__ 0.04158548375125393	false	0.5
aufruhr	neg 1.0		off 0.5458068683531866 neg 0.4126104726970285 __DUMMY__ 0.04158265894978493	false	0.5
melancholie	neg 1.0		off 0.5417496797225094 neg 0.41637478265087907 __DUMMY__ 0.041875537626611434	false	0.5
ist			off 0.5485189538873493 neg 0.40986078681961197 __DUMMY__ 0.041620259293038794	false	0.0
torheit	neg 1.0		off 0.547620912346463 neg 0.41079194136050434 __DUMMY__ 0.04158714629303249	false	0.5
dreckskind	off 1.0		off 0.5589044154183979 neg 0.40034970917856383 __DUMMY__ 0.04074587540303817	false	1.0
umtauschen	neg 1.0		off 0.5469228686116965 neg 0.4113036323069314 __DUMMY__ 0.041773499081372026	false	0.5
zum			off 0.5446608727529731 neg 0.41269205890106864 __DUMMY__ 0.04264706834595836	false	0.0
zersetzen	neg 1.0		off 0.5424372086267053 neg 0.41562975544659597 __DUMMY__ 0.041933035926698725	false	0.5
zur			off 0.5424839409101639 neg 0.41507026841331635 __DUMMY__ 0.04244579067651955	false	0.0
frust	neg 1.0		off 0.5448011527437446 neg 0.41337291696491546 __DUMMY__ 0.04182593029134004	false	0.5
unerbittlichkeit	neg 1.0		off 0.5445721889108921 neg 0.4134126441190947 __DUMMY__ 0.04201516697001335	false	0.5
zwei			off 0.5419095054669306 neg 0.4156337285036509 __DUMMY__ 0.04245676602941863	false	0.0
unkorrekt	neg 1.0		off 0.552512066366769 neg 0.406346551350226 __DUMMY__ 0.041141382283005075	false	0.5
hexe	off 1.0		off 0.5493813680404775 neg 0.40938698272709045 __DUMMY__ 0.04123164923243207	false	1.0
lasch	neg 1.0		off 0.550312170406019 neg 0.40826011424903774 __DUMMY__ 0.04142771534494316	false	0.5
rivale	neg 1.0		off 0.5552872625529747 neg 0.40351928901485484 __DUMMY__ 0.0411934484321705	false	0.5
mutlos	off 1.0	off 1.0	off 0.7595614236919983 neg 0.2204661041321166 __DUMMY__ 0.0199724721758852	false	1.0
wirr	off 1.0		off 0.5541186827265927 neg 0.4048678281543391 __DUMMY__ 0.041013489119068186	false	1.0
jahr			off 0.5472217093089046 neg 0.41042847705069535 __DUMMY__ 0.04234981364040014	false	0.0
wird			off 0.5452187298393555 neg 0.4128242372902277 __DUMMY__ 0.041957032870416855	false	0.0
strafbar	neg 1.0		off 0.5437422753109977 neg 0.4142997737910892 __DUMMY__ 0.04195795089791317	false	0.5
erosion	neg 1.0		off 0.5481501510869918 neg 0.4100724065806967 __DUMMY__ 0.04177744233231146	false	0.5
eingehen	neg 1.0		off 0.5429486914794783 neg 0.4151819717703873 __DUMMY__ 0.04186933675013433	false	0.5
faul	off 1.0		off 0.5515075501504514 neg 0.4069846721535465 __DUMMY__ 0.041507777696002265	false	1.0
provisorium	neg 1.0		off 0.5400792175703477 neg 0.41722361044837253 __DUMMY__ 0.04269717198127968	false	0.5
schmerzen	neg 1.0		off 0.5446393547757528 neg 0.41370384320368436 __DUMMY__ 0.04165680202056291	false	0.5
schrumpfen	neg 1.0		off 0.5394550578097961 neg 0.4183793085588165 __DUMMY__ 0.042165633631387395	false	0.5
geistlos	off 1.0		off 0.547629668546241 neg 0.41102274028278646 __DUMMY__ 0.04134759117097255	false	1.0
fehlkauf	neg 1.0		off 0.5493208387611808 neg 0.40913691808392977 __DUMMY__ 0.04154224315488958	false	0.5
frustrierend	neg 1.0		off 0.5496461730575007 neg 0.40892962126165167 __DUMMY__ 0.04142420568084763	false	0.5
unzufrieden	neg 1.0		off 0.5451740231711604 neg 0.4129518492270831 __DUMMY__ 0.04187412760175659	false	0.5
verzweifeln	neg 1.0		off 0.5463615174888139 neg 0.4118307312829497 __DUMMY__ 0.041807751228236316	false	0.5
verzweifelt	neg 1.0		off 0.5476399422672834 neg 0.4107602419296417 __DUMMY__ 0.04159981580307494	false	0.5
misstrauensantrag	neg 1.0		off 0.5486953696947953 neg 0.40974882045727384 __DUMMY__ 0.04155580984793089	false	0.5
abfallen	neg 1.0		off 0.5472262498043118 neg 0.41106918889576305 __DUMMY__ 0.04170456129992533	false	0.5
fucker	off 1.0		off 0.555089926379596 neg 0.40363293951731943 __DUMMY__ 0.041277134103084485	false	1.0
ungezogen	neg 1.0		off 0.5597327306743353 neg 0.3995868596777073 __DUMMY__ 0.04068040964795738	false	0.5
irrsinnig	neg 1.0	neg 1.0	neg 0.6888968522411423 off 0.291246710453906 __DUMMY__ 0.01985643730495184	false	1.0
unfassbar	neg 1.0		off 0.552086828613016 neg 0.40657122038301574 __DUMMY__ 0.041341951003968334	false	0.5
hart	neg 1.0		off 0.5512458265632787 neg 0.4075760574309399 __DUMMY__ 0.04117811600578133	false	0.5
widerlich	off 1.0		off 0.5517631931922872 neg 0.40700281360847756 __DUMMY__ 0.04123399319923532	false	1.0
fatal	neg 1.0	neg 1.0	neg 0.6891032241765035 off 0.2911818093206471 __DUMMY__ 0.01971496650284931	false	1.0
bruch	neg 1.0		off 0.5416425050165895 neg 0.41619757744988034 __DUMMY__ 0.04215991753353022	false	0.5
aushungern	neg 1.0		off 0.5446739109818522 neg 0.41364730219204904 __DUMMY__ 0.04167878682609863	false	0.5
anspannung	neg 1.0		off 0.5418696418270726 neg 0.4156846459641587 __DUMMY__ 0.042445712208768624	false	0.5
von			off 0.5446770709015127 neg 0.4131061742553731 __DUMMY__ 0.042216754843114185	false	0.0
kraftlos	neg 1.0		off 0.5444233886608207 neg 0.41370812629395576 __DUMMY__ 0.04186848504522331	false	0.5
vom			off 0.5422978883718886 neg 0.414876590444318 __DUMMY__ 0.04282552118379347	false	0.0
grenzdebil	off 1.0		off 0.5516783287414805 neg 0.4070652935881609 __DUMMY__ 0.04125637767035869	false	1.0
vor			off 0.542112219259516 neg 0.41571737592933433 __DUMMY__ 0.042170404811149656	false	0.0
unterwerfen	neg 1.0		off 0.5448804306971989 neg 0.4131481981732075 __DUMMY__ 0.041971371129593565	false	0.5
versenkung	neg 1.0		off 0.5446945707580809 neg 0.41326839708603913 __DUMMY__ 0.04203703215587983	false	0.5
entziehen	neg 1.0		off 0.5425702139173705 neg 0.415325488315087 __DUMMY__ 0.04210429776754261	false	0.5
finanzkrise	neg 1.0		off 0.542526081190085 neg 0.4161397280439855 __DUMMY__ 0.041334190765929396	false	0.5
schimpfend	neg 1.0		off 0.549453527145533 neg 0.40874378771951575 __DUMMY__ 0.04180268513495127	false	0.5
profan	neg 1.0		off 0.5487021624191625 neg 0.40976265026197517 __DUMMY__ 0.04153518731886236	false	0.5
korruption	neg 1.0		off 0.5437461860574719 neg 0.4145856284471778 __DUMMY__ 0.041668185495350216	false	0.5
â			off 0.5454609922337056 neg 0.4125975800076604 __DUMMY__ 0.04194142775863385	false	0.0
schmutzig	neg 1.0		off 0.5519995039307348 neg 0.40673379477112703 __DUMMY__ 0.041266701298137996	false	0.5
sexy	neg 1.0		off 0.5512424332921937 neg 0.40720153231239253 __DUMMY__ 0.04155603439541371	false	0.5
abraten	neg 1.0		off 0.549484974529129 neg 0.40884956021422925 __DUMMY__ 0.041665465256641644	false	0.5
schwarz	neg 1.0		off 0.549513028141129 neg 0.40886800418829244 __DUMMY__ 0.04161896767057848	false	0.5
fotze	off 1.0	off 1.0	off 0.7614612959227316 neg 0.21846721675420458 __DUMMY__ 0.020071487323063922	false	1.0
verwirren	neg 1.0		off 0.5492441218357395 neg 0.4092024086230232 __DUMMY__ 0.04155346954123736	false	0.5
zahnlos	off 1.0		off 0.545415843444659 neg 0.4128115905489429 __DUMMY__ 0.04177256600639807	false	1.0
verheeren	neg 1.0		off 0.5614633876519078 neg 0.39787219743404456 __DUMMY__ 0.04066441491404747	false	0.5
hippie	neg 1.0		off 0.5507186060082231 neg 0.40772817328571526 __DUMMY__ 0.04155322070606161	false	0.5
rammen	neg 1.0		off 0.5501846527203839 neg 0.4079473786222207 __DUMMY__ 0.041867968657395255	false	0.5
unlauter	neg 1.0		off 0.549098746723464 neg 0.4093206448919847 __DUMMY__ 0.04158060838455117	false	0.5
unheilvoll	neg 1.0		off 0.5472230121487773 neg 0.41122256046906897 __DUMMY__ 0.04155442738215386	false	0.5
niedrig	neg 1.0		off 0.5447312884559411 neg 0.41339058567752435 __DUMMY__ 0.04187812586653448	false	0.5
explosion	neg 1.0		off 0.5510768782877954 neg 0.4073311942934891 __DUMMY__ 0.041591927418715494	false	0.5
weichei	off 1.0	off 1.0	off 0.7652811352043868 neg 0.21529119665678265 __DUMMY__ 0.019427668138830626	false	1.0
minusmensch	off 1.0		off 0.5614491263579706 neg 0.3978634631457204 __DUMMY__ 0.04068741049630895	false	1.0
farblos	neg 1.0		off 0.5497180472552635 neg 0.408540920065953 __DUMMY__ 0.0417410326787835	false	0.5
unwissend	neg 1.0	neg 1.0	neg 0.6875311048906061 off 0.29277028955563983 __DUMMY__ 0.01969860555375412	false	1.0
traurig	neg 1.0		off 0.5540476022935485 neg 0.4047929613229202 __DUMMY__ 0.04115943638353115	false	0.5
senkung	neg 1.0		off 0.5467968283917084 neg 0.41194544321154936 __DUMMY__ 0.04125772839674226	false	0.5
ungleich	neg 1.0	neg 1.0	neg 0.6904456956548689 off 0.2895429853079814 __DUMMY__ 0.020011319037149592	false	1.0
heikel	neg 1.0		off 0.5433586397320014 neg 0.4146642527844622 __DUMMY__ 0.04197710748353657	false	0.5
drosselung	neg 1.0		off 0.5518035218734081 neg 0.4069940815534331 __DUMMY__ 0.04120239657315881	false	0.5
falsch	neg 1.0		off 0.5507370585114555 neg 0.40777711811416184 __DUMMY__ 0.04148582337438253	false	0.5
unzufriedenheit	neg 1.0		off 0.5425055439601695 neg 0.4155636167495178 __DUMMY__ 0.041930839290312674	false	0.5
kurz	neg 1.0		off 0.546580163948314 neg 0.41145286851711044 __DUMMY__ 0.04196696753457553	false	0.5
unsinnig	neg 1.0		off 0.5450643434562847 neg 0.41327291256452636 __DUMMY__ 0.041662743979188954	false	0.5
penner	off 1.0	off 1.0	off 0.766457238524002 neg 0.21413900335091127 __DUMMY__ 0.01940375812508679	false	1.0
seicht	neg 1.0		off 0.5562184108778906 neg 0.40329023546831055 __DUMMY__ 0.04049135365379877	false	0.5
dummheit	off 1.0	off 1.0	off 0.7617700802652879 neg 0.21847870336285607 __DUMMY__ 0.019751216371855965	false	1.0
unerfreulich	neg 1.0		off 0.543472016289092 neg 0.4145027025001696 __DUMMY__ 0.0420252812107384	false	0.5
motherfucker	off 1.0	off 1.0	off 0.7648162555600764 neg 0.21552207659448258 __DUMMY__ 0.01966166784544109	false	1.0
pikiert	neg 1.0		off 0.5504677561708173 neg 0.4082682916346015 __DUMMY__ 0.04126395219458114	false	0.5
wrack	neg 1.0		off 0.5501944954064345 neg 0.4075650093051368 __DUMMY__ 0.042240495288428784	false	0.5
gangster	neg 1.0		off 0.550741017914749 neg 0.407733425191342 __DUMMY__ 0.04152555689390899	false	0.5
krank	neg 1.0		off 0.5524507078776711 neg 0.40623614078860987 __DUMMY__ 0.041313151333719086	false	0.5
reich	neg 1.0		off 0.5495291253828484 neg 0.40917284933772907 __DUMMY__ 0.0412980252794226	false	0.5
gnadenlos	neg 1.0		off 0.5485947712497641 neg 0.4096780401674315 __DUMMY__ 0.0417271885828044	false	0.5
niedergeschlagen	neg 1.0		off 0.5460241230928695 neg 0.41201124567892156 __DUMMY__ 0.04196463122820898	false	0.5
terrorisieren	off 1.0	off 1.0	off 0.7593585868993931 neg 0.2206012847796236 __DUMMY__ 0.020040128320983307	false	1.0
sinnlosigkeit	neg 1.0		off 0.5453403774856863 neg 0.41283621761990413 __DUMMY__ 0.04182340489440961	false	0.5
behindern	neg 1.0		off 0.5469004032518312 neg 0.41137693649846235 __DUMMY__ 0.04172266024970647	false	0.5
undemokratisch	neg 1.0		off 0.5482898705128418 neg 0.41021448545151146 __DUMMY__ 0.04149564403564674	false	0.5
wirtschaftskrise	neg 1.0		off 0.5430085556030398 neg 0.4153512579619044 __DUMMY__ 0.04164018643505576	false	0.5
neid	neg 1.0		off 0.5491518152385946 neg 0.4094151693036653 __DUMMY__ 0.041433015457739995	false	0.5
rutschen	neg 1.0		off 0.5412128056212585 neg 0.4163560156891699 __DUMMY__ 0.04243117868957155	false	0.5
rezession	neg 1.0		off 0.5504720308963157 neg 0.40874879955188953 __DUMMY__ 0.04077916955179482	false	0.5
fehlgeburt	neg 1.0		off 0.5496358249211527 neg 0.4085069724406624 __DUMMY__ 0.041857202638184814	false	0.5
charakterschwach	off 1.0		off 0.5508880089489169 neg 0.4078903538056807 __DUMMY__ 0.041221637245402454	false	1.0
isolation	neg 1.0		off 0.5522547583252687 neg 0.4061285915436386 __DUMMY__ 0.04161665013109279	false	0.5
ablenkung	neg 1.0		off 0.5474749482601365 neg 0.4107216710697961 __DUMMY__ 0.04180338067006744	false	0.5
pech	neg 1.0		off 0.550300844083369 neg 0.4083032143672911 __DUMMY__ 0.04139594154933989	false	0.5
vermeidung	neg 1.0		off 0.552088837536472 neg 0.4066418735664998 __DUMMY__ 0.04126928889702824	false	0.5
dominieren	neg 1.0		off 0.5467941921031038 neg 0.41132219717555213 __DUMMY__ 0.04188361072134414	false	0.5
schwindlig	neg 1.0		off 0.5482999811131503 neg 0.4101614049551301 __DUMMY__ 0.04153861393171969	false	0.5
lutscher	neg 1.0		off 0.5590742395676849 neg 0.40044066110384396 __DUMMY__ 0.0404850993284712	false	0.5
pflicht	neg 1.0		off 0.5428383320983667 neg 0.4150462379746294 __DUMMY__ 0.0421154299270037	false	0.5
faschist	off 1.0		off 0.5496846095723268 neg 0.4088942969076907 __DUMMY__ 0.04142109351998253	false	1.0
verschleudern	neg 1.0		off 0.5426799827162426 neg 0.41554194224801827 __DUMMY__ 0.04177807503573917	false	0.5
wenn			off 0.5506500106677142 neg 0.40796751977183 __DUMMY__ 0.04138246956045572	false	0.0
ehebruch	neg 1.0		off 0.5435147783836022 neg 0.41470067014458417 __DUMMY__ 0.041784551471813654	false	0.5
spott	off 1.0		off 0.5452425524064723 neg 0.4128030445844336 __DUMMY__ 0.04195440300909407	false	1.0
trostlosigkeit	neg 1.0		off 0.5406868251674137 neg 0.41739211580638996 __DUMMY__ 0.04192105902619634	false	0.5
lutschen	neg 1.0		off 0.5524231237305223 neg 0.40600434400995117 __DUMMY__ 0.041572532259526666	false	0.5
undiszipliniert	neg 1.0		off 0.5530688702000816 neg 0.40576820634887306 __DUMMY__ 0.04116292345104538	false	0.5
kopfschmerz	neg 1.0		off 0.542150560464385 neg 0.41615444567810017 __DUMMY__ 0.041694993857514795	false	0.5
unvorhergesehen	neg 1.0		off 0.5443950796975497 neg 0.41341015006331727 __DUMMY__ 0.04219477023913307	false	0.5
desinteressiert	neg 1.0		off 0.5524329661246199 neg 0.4063724391172251 __DUMMY__ 0.041194594758154894	false	0.5
armselig	off 1.0		off 0.5544069550813602 neg 0.40451762294099586 __DUMMY__ 0.041075421977644085	false	1.0
desaster	neg 1.0		off 0.5408005222751809 neg 0.41718930517730735 __DUMMY__ 0.042010172547511736	false	0.5
tod	neg 1.0		off 0.5447347710306696 neg 0.41328833905479045 __DUMMY__ 0.04197688991454006	false	0.5
herzlos	neg 1.0		off 0.5538706370268599 neg 0.4050334583709725 __DUMMY__ 0.041095904602167735	false	0.5
unwissenheit	neg 1.0		off 0.5448601332575799 neg 0.41331785744380234 __DUMMY__ 0.041822009298617846	false	0.5
widersinnig	neg 1.0		off 0.5446890444027229 neg 0.41370164781015095 __DUMMY__ 0.04160930778712613	false	0.5
bedenklich	neg 1.0		off 0.543802006292791 neg 0.4143541261926726 __DUMMY__ 0.04184386751453647	false	0.5
beanstanden	neg 1.0		off 0.5443013950900257 neg 0.41354517045529215 __DUMMY__ 0.04215343445468204	false	0.5
panisch	neg 1.0		off 0.549846668714657 neg 0.4084486830491009 __DUMMY__ 0.04170464823624193	false	0.5
debil	off 1.0		off 0.5397960650997055 neg 0.4176467126331719 __DUMMY__ 0.042557222267122684	false	1.0
abstrich	neg 1.0		off 0.5491454246730021 neg 0.4088325790358724 __DUMMY__ 0.042021996291125505	false	0.5
primitiv	neg 1.0		off 0.5524374808578395 neg 0.4063798975858823 __DUMMY__ 0.04118262155627818	false	0.5
abschaum	off 1.0	off 1.0	off 0.7639007695242074 neg 0.21635458667322033 __DUMMY__ 0.019744643802572345	false	1.0
provozieren	neg 1.0		off 0.5472731705416449 neg 0.4111182811102603 __DUMMY__ 0.04160854834809492	false	0.5
tot	neg 1.0		off 0.5469040852445028 neg 0.4111610769711805 __DUMMY__ 0.04193483778431666	false	0.5
instabil	neg 1.0		off 0.5545886517215801 neg 0.404385673567482 __DUMMY__ 0.041025674710937855	false	0.5
schwuchtel	off 1.0	off 1.0	off 0.769967754910944 neg 0.2108541410797183 __DUMMY__ 0.019178104009337584	false	1.0
zerren	neg 1.0		off 0.5457495775403376 neg 0.41229352012194614 __DUMMY__ 0.041956902337716234	false	0.5
kinderficker	off 1.0		off 0.5564568218804106 neg 0.4026136030411016 __DUMMY__ 0.04092957507848786	false	1.0
gefahr	neg 1.0		off 0.544137289035585 neg 0.41370993457915706 __DUMMY__ 0.04215277638525772	false	0.5
rabiat	neg 1.0		off 0.5454640017511452 neg 0.4128500970438818 __DUMMY__ 0.041685901204973015	false	0.5
verlangsamung	neg 1.0		off 0.5578996418734472 neg 0.4012938874600606 __DUMMY__ 0.04080647066649226	false	0.5
ausgestorben	neg 1.0		off 0.5463114201172754 neg 0.41187219760546906 __DUMMY__ 0.04181638227725567	false	0.5
anklagen	neg 1.0		off 0.5454820980573695 neg 0.41274441061373107 __DUMMY__ 0.0417734913288993	false	0.5
trott	neg 1.0		off 0.5477776294419436 neg 0.41044708580107836 __DUMMY__ 0.041775284756977976	false	0.5
verminderung	neg 1.0		off 0.5517413530004787 neg 0.40702580166844504 __DUMMY__ 0.04123284533107635	false	0.5
nach			off 0.5410849385273323 neg 0.4163289398206445 __DUMMY__ 0.042586121652023294	false	0.0
rost	neg 1.0		off 0.5605652153354802 neg 0.39855477510185205 __DUMMY__ 0.04088000956266792	false	0.5
destruktiv	neg 1.0		off 0.5456965935389877 neg 0.4126893769280676 __DUMMY__ 0.04161402953294477	false	0.5
unzumutbarkeit	neg 1.0		off 0.5551169827026123 neg 0.4033592945120551 __DUMMY__ 0.0415237227853325	false	0.5
labil	off 1.0	off 1.0	off 0.7634247603829797 neg 0.21682616477961109 __DUMMY__ 0.019749074837409314	false	1.0
ziemlich	neg 1.0		off 0.5525544546340017 neg 0.4060262991237899 __DUMMY__ 0.04141924624220841	false	0.5
lachnummer	off 1.0		off 0.5474992983685415 neg 0.41080185146455855 __DUMMY__ 0.04169885016689985	false	1.0
oder			off 0.548727550982664 neg 0.4094724211697866 __DUMMY__ 0.04180002784754931	false	0.0
verfall	neg 1.0		off 0.5392269371354882 neg 0.4186399613287388 __DUMMY__ 0.04213310153577287	false	0.5
ausgrenzung	neg 1.0		off 0.5484647243792903 neg 0.41001895768810115 __DUMMY__ 0.041516317932608515	false	0.5
unordnung	neg 1.0		off 0.5579267217630884 neg 0.4008391106979342 __DUMMY__ 0.041234167538977365	false	0.5
fehlverhalten	neg 1.0		off 0.5437010499972073 neg 0.414342093762901 __DUMMY__ 0.04195685623989165	false	0.5
eine			off 0.5423869371300467 neg 0.41550011570618933 __DUMMY__ 0.04211294716376393	false	0.0
nille	neg 1.0		off 0.5483401629768301 neg 0.4098815503568118 __DUMMY__ 0.04177828666635819	false	0.5
qual	neg 1.0		off 0.5473530560969062 neg 0.410864834424814 __DUMMY__ 0.04178210947827983	false	0.5
verschwenden	neg 1.0		off 0.5426583729927635 neg 0.41545052750271805 __DUMMY__ 0.04189109950451849	false	0.5
riesig	neg 1.0		off 0.5465283815126248 neg 0.4113332408108915 __DUMMY__ 0.04213837767648364	false	0.5
verurteilen	neg 1.0		off 0.5448017613147685 neg 0.41343771243038113 __DUMMY__ 0.04176052625485032	false	0.5
klischee	neg 1.0	neg 1.0	neg 0.6879031620136569 off 0.2923638710749267 __DUMMY__ 0.01973296691141655	false	1.0
diktatorisch	neg 1.0		off 0.5476663422050668 neg 0.4109042207187058 __DUMMY__ 0.04142943707622735	false	0.5
vorhersehbar	neg 1.0		off 0.5481133866056895 neg 0.41050454125744124 __DUMMY__ 0.041382072136869334	false	0.5
sowie			off 0.5547678322588561 neg 0.40437234738863925 __DUMMY__ 0.0408598203525048	false	0.0
stornieren	neg 1.0		off 0.555061961975864 neg 0.4029255867236619 __DUMMY__ 0.0420124513004741	false	0.5
besteuerung	neg 1.0	neg 1.0	neg 0.6902013140631288 off 0.29006782241734724 __DUMMY__ 0.01973086351952394	false	1.0
ungeschminkt	neg 1.0		off 0.5538487630363381 neg 0.40488385524798326 __DUMMY__ 0.041267381715678605	false	0.5
kritisch	neg 1.0		off 0.5453006162772074 neg 0.41283163045283255 __DUMMY__ 0.04186775326996006	false	0.5
schlamperei	off 1.0		off 0.5446179930474274 neg 0.4134165007898896 __DUMMY__ 0.04196550616268298	false	1.0
sucht	neg 1.0	neg 1.0	neg 0.6862750293616586 off 0.2936992196701829 __DUMMY__ 0.020025750968158455	false	1.0
egoistisch	off 1.0	off 1.0	off 0.7661964954937157 neg 0.21427249210592172 __DUMMY__ 0.01953101240036269	false	1.0
ausbeuter	off 1.0		off 0.5419054934936903 neg 0.4162705866328543 __DUMMY__ 0.04182391987345535	false	1.0
arschgeburt	off 1.0		off 0.563812831583252 neg 0.3958303553595296 __DUMMY__ 0.04035681305721837	false	1.0
schubs	neg 1.0		off 0.5441575409064913 neg 0.4140133723041817 __DUMMY__ 0.04182908678932712	false	0.5
unsolide	neg 1.0		off 0.5492010577120594 neg 0.40930574057405944 __DUMMY__ 0.04149320171388128	false	0.5
beschwerde	neg 1.0		off 0.546268986018768 neg 0.4118337735789627 __DUMMY__ 0.04189724040226928	false	0.5
stocken	neg 1.0		off 0.5454693319500261 neg 0.41256371122359464 __DUMMY__ 0.04196695682637936	false	0.5
isolieren	neg 1.0		off 0.5462986411833778 neg 0.41180968347929303 __DUMMY__ 0.04189167533732919	false	0.5
unheilbar	neg 1.0		off 0.546088637180952 neg 0.4122933621859956 __DUMMY__ 0.041618000633052474	false	0.5
pisser	off 1.0	off 1.0	off 0.7661213688471392 neg 0.21418086644348264 __DUMMY__ 0.019697764709378108	false	1.0
löschen	neg 1.0		off 0.5484118608964843 neg 0.4098464604438231 __DUMMY__ 0.04174167865969256	false	0.5
durchfallen	neg 1.0		off 0.5449269468979542 neg 0.4132125065504937 __DUMMY__ 0.04186054655155209	false	0.5
wichser	off 1.0	off 1.0	off 0.7677322675286726 neg 0.2129801430131982 __DUMMY__ 0.019287589458129178	false	1.0
terror	neg 1.0		off 0.5511646079515098 neg 0.4072293239971474 __DUMMY__ 0.04160606805134279	false	0.5
krass	neg 1.0		off 0.5557203310605553 neg 0.40327109278922446 __DUMMY__ 0.041008576150220376	false	0.5
revolte	neg 1.0		off 0.5469793710541045 neg 0.4118447786629778 __DUMMY__ 0.0411758502829176	false	0.5
besorgt	neg 1.0		off 0.5474384081217735 neg 0.41053734618911014 __DUMMY__ 0.042024245689116384	false	0.5
nachlassen	neg 1.0		off 0.5458246138865802 neg 0.41217111682521296 __DUMMY__ 0.04200426928820697	false	0.5
alt	neg 1.0		off 0.5413590592918343 neg 0.41702067294437783 __DUMMY__ 0.041620267763787924	false	0.5
hundesohn	off 1.0	off 1.0	off 0.7686819328559729 neg 0.2118833362074689 __DUMMY__ 0.019434730936558352	false	1.0
als			off 0.5449209655238866 neg 0.41327910993089684 __DUMMY__ 0.04179992454521664	false	0.0
abschreckung	neg 1.0		off 0.54270248248274 neg 0.415322516421462 __DUMMY__ 0.041975001095798034	false	0.5
unqualifiziert	neg 1.0		off 0.5504267815578889 neg 0.4081695084479553 __DUMMY__ 0.0414037099941559	false	0.5
abgewichst	off 1.0		off 0.5482357855419527 neg 0.4099077603781919 __DUMMY__ 0.04185645407985529	false	1.0
schwer	neg 1.0		off 0.5460833145491312 neg 0.41220118785942633 __DUMMY__ 0.04171549759144243	false	0.5
bedeutungslosigkeit	neg 1.0		off 0.5431395131184429 neg 0.41491163638182094 __DUMMY__ 0.041948850499736234	false	0.5
kapitulation	neg 1.0		off 0.5429932981036641 neg 0.4153116805457092 __DUMMY__ 0.04169502135062676	false	0.5
unscharf	neg 1.0		off 0.5460028438463156 neg 0.41271565198965404 __DUMMY__ 0.04128150416403045	false	0.5
schwinden	neg 1.0		off 0.5431372690240395 neg 0.4149430675357136 __DUMMY__ 0.041919663440246856	false	0.5
versklavung	neg 1.0	neg 1.0	neg 0.6889378790560396 off 0.2912703269155355 __DUMMY__ 0.019791794028424813	false	1.0
schlecht	neg 1.0		off 0.5529143328488486 neg 0.40564794538036275 __DUMMY__ 0.04143772177078857	false	0.5
verhasst	neg 1.0		off 0.5476087279370747 neg 0.4108469882248105 __DUMMY__ 0.041544283838114746	false	0.5
beschweren	neg 1.0		off 0.5495611386508384 neg 0.40875902505517575 __DUMMY__ 0.04167983629398578	false	0.5
scheiden	neg 1.0		off 0.5475481505395601 neg 0.4107247675286631 __DUMMY__ 0.04172708193177682	false	0.5
frustriert	neg 1.0		off 0.5461928881984178 neg 0.4119728347154213 __DUMMY__ 0.041834277086160825	false	0.5
schimmelig	neg 1.0		off 0.5441017716714306 neg 0.4141082518524844 __DUMMY__ 0.0417899764760849	false	0.5
fisch	neg 1.0		off 0.5400064271039138 neg 0.4181405462163209 __DUMMY__ 0.04185302667976532	false	0.5
schmuggel	neg 1.0		off 0.5439132669350494 neg 0.4138691556525758 __DUMMY__ 0.04221757741237481	false	0.5
auffallen	neg 1.0		off 0.5492368649557582 neg 0.40917648291288694 __DUMMY__ 0.0415866521313549	false	0.5
konkurrenz	neg 1.0		off 0.5444889057689366 neg 0.41338304764314554 __DUMMY__ 0.042128046587917946	false	0.5
teufelskreis	neg 1.0	neg 1.0	neg 0.6905945675679847 off 0.289571003994761 __DUMMY__ 0.01983442843725442	false	1.0
aufschreien	neg 1.0		off 0.5485601515514573 neg 0.41000013651626216 __DUMMY__ 0.04143971193228044	false	0.5
schuldner	neg 1.0		off 0.5416577610508516 neg 0.41653266937240174 __DUMMY__ 0.04180956957674669	false	0.5
missgeburt	off 1.0	off 1.0	off 0.7689282266223668 neg 0.21149956977363585 __DUMMY__ 0.019572203603997352	false	1.0
arbeitslos	neg 1.0		off 0.544941165321724 neg 0.4131846457021112 __DUMMY__ 0.04187418897616476	false	0.5
befallen	neg 1.0		off 0.5455117118497589 neg 0.4128151831347171 __DUMMY__ 0.04167310501552392	false	0.5
miesepetrig	off 1.0	off 1.0	off 0.7631102504810081 neg 0.21717311649083793 __DUMMY__ 0.01971663302815394	false	1.0
alarmieren	neg 1.0		off 0.5515297717325075 neg 0.40703819500208105 __DUMMY__ 0.04143203326541137	false	0.5
ungeduscht	off 1.0		off 0.5503499895117733 neg 0.40828796751678914 __DUMMY__ 0.041362042971437696	false	1.0
knappheit	neg 1.0		off 0.5441174659990142 neg 0.4141620347343743 __DUMMY__ 0.041720499266611505	false	0.5
schlange	neg 1.0		off 0.5485690165081664 neg 0.4096361393797103 __DUMMY__ 0.04179484411212331	false	0.5
harsch	neg 1.0		off 0.5592544720744999 neg 0.39935145112109466 __DUMMY__ 0.041394076804405454	false	0.5
lang	neg 1.0		off 0.5490817483493123 neg 0.40921623101034776 __DUMMY__ 0.04170202064033996	false	0.5
ziellos	neg 1.0		off 0.5447005837127111 neg 0.4132362015805809 __DUMMY__ 0.042063214706707805	false	0.5
selbstverliebt	neg 1.0		off 0.5614763190940324 neg 0.39796414308597355 __DUMMY__ 0.04055953781999403	false	0.5
beseitigen	neg 1.0		off 0.5513882274630256 neg 0.4065313379373121 __DUMMY__ 0.04208043459966221	false	0.5
dumm	off 1.0		off 0.5566687118029316 neg 0.40250238403576694 __DUMMY__ 0.04082890416130149	false	1.0
arbeitsloser	neg 1.0		off 0.5471401719332163 neg 0.41079697131931103 __DUMMY__ 0.04206285674747264	false	0.5
blitzen	neg 1.0		off 0.5504129111793303 neg 0.4081401203407624 __DUMMY__ 0.04144696847990717	false	0.5
hilflos	neg 1.0		off 0.5449468072644593 neg 0.41319578980450267 __DUMMY__ 0.04185740293103786	false	0.5
eklig	off 1.0		off 0.5561118108103213 neg 0.40318257617861997 __DUMMY__ 0.04070561301105864	false	1.0
begriff			off 0.5463235640716005 neg 0.4119669702876189 __DUMMY__ 0.04170946564078044	false	0.0
hungersnot	neg 1.0		off 0.5429065758708147 neg 0.41547470630128996 __DUMMY__ 0.041618717827895224	false	0.5
ungesetzlich	neg 1.0		off 0.548009529819833 neg 0.41052844224495394 __DUMMY__ 0.041462027935212906	false	0.5
verschwendung	neg 1.0		off 0.5431475358956831 neg 0.4149024583750996 __DUMMY__ 0.04195000572921737	false	0.5
schmerzvoll	neg 1.0		off 0.5476435146669446 neg 0.41079651641345033 __DUMMY__ 0.04155996891960504	false	0.5
vorzeitig	neg 1.0		off 0.5531865115021305 neg 0.40528917487877164 __DUMMY__ 0.041524313619097905	false	0.5
unvollkommenheit	neg 1.0		off 0.5461997215223949 neg 0.4119799338739244 __DUMMY__ 0.04182034460368072	false	0.5
intervenieren	neg 1.0		off 0.5426747425158189 neg 0.4155206299702719 __DUMMY__ 0.041804627513909204	false	0.5
banause	off 1.0		off 0.5556936425415103 neg 0.4038555687828935 __DUMMY__ 0.04045078867559622	false	1.0
rebell	neg 1.0		off 0.5405760211032206 neg 0.41726577385528385 __DUMMY__ 0.04215820504149571	false	0.5
unlogisch	neg 1.0		off 0.553483214771703 neg 0.40538824509433724 __DUMMY__ 0.041128540133959855	false	0.5
leiden	neg 1.0		off 0.544607716718515 neg 0.41316769957214083 __DUMMY__ 0.042224583709343955	false	0.5
abschaffung	neg 1.0		off 0.5472239598858863 neg 0.4112308242339933 __DUMMY__ 0.041545215880120355	false	0.5
sturz	neg 1.0		off 0.5528411907195244 neg 0.4052400098760823 __DUMMY__ 0.04191879940439322	false	0.5
verkleinerung	neg 1.0		off 0.5491078745150294 neg 0.4096193904716656 __DUMMY__ 0.04127273501330511	false	0.5
schmarotzer	off 1.0		off 0.5450379992264709 neg 0.4132023754176228 __DUMMY__ 0.041759625355906556	false	1.0
bestrafung	neg 1.0	neg 1.0	neg 0.6884211731681219 off 0.29165797719758246 __DUMMY__ 0.019920849634295516	false	1.0
achtlos	neg 1.0		off 0.5463309997281075 neg 0.4118271363911051 __DUMMY__ 0.041841863880787485	false	0.5
ungeheuer	neg 1.0		off 0.5466503381262686 neg 0.4117572287803822 __DUMMY__ 0.041592433093349215	false	0.5
unaufrichtig	neg 1.0		off 0.5513790801857826 neg 0.4071403427667599 __DUMMY__ 0.04148057704745753	false	0.5
groggy	neg 1.0		off 0.5513851663550723 neg 0.40697933140466414 __DUMMY__ 0.04163550224026364	false	0.5
