unsolidarisch	neg 1.0		off 0.5459888759228656 neg 0.4125192601137032 __DUMMY__ 0.04149186396343131	false	0.5
nachteilig	neg 1.0		off 0.5463511065667825 neg 0.41152801520919813 __DUMMY__ 0.04212087822401919	false	0.5
skeptisch	neg 1.0		off 0.543274050562711 neg 0.41470220605898284 __DUMMY__ 0.04202374337830614	false	0.5
schrecklich	neg 1.0		off 0.554256136942053 neg 0.4046228026429952 __DUMMY__ 0.041121060414951935	false	0.5
schlapp	neg 1.0	neg 1.0	neg 0.6870501674872941 off 0.2932400460567833 __DUMMY__ 0.019709786455922727	false	1.0
abfall	neg 1.0		off 0.5415950393662071 neg 0.4161145990725704 __DUMMY__ 0.04229036156122252	false	0.5
widerspenstig	neg 1.0		off 0.5457016989479793 neg 0.4126323959216929 __DUMMY__ 0.04166590513032789	false	0.5
abrupt	neg 1.0		off 0.5424450280402895 neg 0.4155732778791496 __DUMMY__ 0.041981694080560926	false	0.5
unwirksam	neg 1.0		off 0.5444765663805406 neg 0.41414238595779856 __DUMMY__ 0.04138104766166072	false	0.5
angreifen	neg 1.0		off 0.5426578541992039 neg 0.415291561064111 __DUMMY__ 0.04205058473668509	false	0.5
inkonsistent	neg 1.0		off 0.5483427704963363 neg 0.4102146573665665 __DUMMY__ 0.04144257213709737	false	0.5
abrutschen	neg 1.0		off 0.5406191624884206 neg 0.4171320714884225 __DUMMY__ 0.042248766023156845	false	0.5
unsicher	neg 1.0		off 0.5476610183206361 neg 0.4105355561571123 __DUMMY__ 0.041803425522251615	false	0.5
bauernkind	off 1.0	off 1.0	off 0.7649390192716334 neg 0.21563774802795355 __DUMMY__ 0.019423232700413063	false	1.0
angreifer	neg 1.0		off 0.5531569197725792 neg 0.40509171655340254 __DUMMY__ 0.04175136367401832	false	0.5
trennen	neg 1.0		off 0.5434471821766863 neg 0.41440565310705507 __DUMMY__ 0.04214716471625855	false	0.5
schmutz	neg 1.0		off 0.5563511472914173 neg 0.40153804525180065 __DUMMY__ 0.04211080745678205	false	0.5
inkonsistenz	neg 1.0		off 0.5506969593916362 neg 0.4079322792116363 __DUMMY__ 0.0413707613967275	false	0.5
erschreckend	neg 1.0		off 0.5462624409093326 neg 0.41197627170012846 __DUMMY__ 0.0417612873905388	false	0.5
ertrinken	neg 1.0		off 0.5415648648045912 neg 0.4164312668149991 __DUMMY__ 0.042003868380409815	false	0.5
pickelface	off 1.0		off 0.5490286361354352 neg 0.4091681859282031 __DUMMY__ 0.04180317793636171	false	1.0
seiner			off 0.5439387238089394 neg 0.41395103871976013 __DUMMY__ 0.042110237471300466	false	0.0
lauch	neg 1.0	neg 1.0	neg 0.6910052110716678 off 0.28876715382791984 __DUMMY__ 0.02022763510041236	false	1.0
unwichtig	neg 1.0		off 0.5507424033155891 neg 0.40787404975147584 __DUMMY__ 0.04138354693293509	false	0.5
steuerhinterziehung	neg 1.0		off 0.5449198055150464 neg 0.41346645219024863 __DUMMY__ 0.041613742294704985	false	0.5
schock	neg 1.0		off 0.5461765851552579 neg 0.41195568613968914 __DUMMY__ 0.04186772870505299	false	0.5
beule	neg 1.0		off 0.5524149107501725 neg 0.4063929123499302 __DUMMY__ 0.04119217689989723	false	0.5
vergelten	neg 1.0		off 0.5567656351567318 neg 0.40203713043889017 __DUMMY__ 0.04119723440437796	false	0.5
verdorbenheit	neg 1.0		off 0.5506994842585948 neg 0.4074457231978359 __DUMMY__ 0.041854792543569275	false	0.5
trauma	neg 1.0		off 0.54827812165689 neg 0.410091110898648 __DUMMY__ 0.041630767444462036	false	0.5
sinnlos	neg 1.0		off 0.5489643842733881 neg 0.4094099721697603 __DUMMY__ 0.041625643556851714	false	0.5
fettsack	off 1.0	off 1.0	off 0.7662998541187169 neg 0.2142456350994492 __DUMMY__ 0.01945451078183381	false	1.0
feige	off 1.0	off 1.0	off 0.7632945089304483 neg 0.21704039948476928 __DUMMY__ 0.0196650915847825	false	1.0
abdanken	neg 1.0		off 0.5472102863593084 neg 0.41100327119561203 __DUMMY__ 0.04178644244507971	false	0.5
wichtigtuer	off 1.0	off 1.0	off 0.7623064911746815 neg 0.21787645583832554 __DUMMY__ 0.019817052986992944	false	1.0
misslingen	neg 1.0		off 0.5525062876505156 neg 0.4055094155945105 __DUMMY__ 0.0419842967549741	false	0.5
untreu	off 1.0		off 0.5517683824440152 neg 0.4069254400579995 __DUMMY__ 0.041306177497985326	false	1.0
missmutig	neg 1.0		off 0.5486965237994921 neg 0.4099340032466448 __DUMMY__ 0.04136947295386311	false	0.5
hurenbock	off 1.0		off 0.5476848988092153 neg 0.410646575080587 __DUMMY__ 0.04166852611019759	false	1.0
betrunken	neg 1.0		off 0.5532624952840279 neg 0.40556494079409805 __DUMMY__ 0.04117256392187396	false	0.5
korrupt	off 1.0		off 0.5436970267416679 neg 0.41472637107306154 __DUMMY__ 0.04157660218527057	false	1.0
unmut	neg 1.0		off 0.54194372681849 neg 0.4159106442456854 __DUMMY__ 0.0421456289358245	false	0.5
hackfresse	off 1.0		off 0.5577821040430527 neg 0.4014059393158722 __DUMMY__ 0.04081195664107509	false	1.0
aufblasen	neg 1.0		off 0.5473490252903186 neg 0.41095381770736833 __DUMMY__ 0.04169715700231307	false	0.5
gewaltsam	neg 1.0		off 0.5483924989880103 neg 0.4097386156517425 __DUMMY__ 0.041868885360247035	false	0.5
unbeliebtheit	neg 1.0		off 0.5530711277162221 neg 0.40554065282353813 __DUMMY__ 0.04138821946023969	false	0.5
sturheit	neg 1.0		off 0.5468443124776399 neg 0.41133028006034617 __DUMMY__ 0.041825407462013894	false	0.5
kuh	neg 1.0		off 0.5458971586176996 neg 0.4129708838241655 __DUMMY__ 0.04113195755813492	false	0.5
erschrecken	neg 1.0		off 0.5506663549247304 neg 0.40783758412955 __DUMMY__ 0.04149606094571964	false	0.5
opfer	neg 1.0		off 0.5450884009744217 neg 0.4129015504270037 __DUMMY__ 0.04201004859857449	false	0.5
sinken	neg 1.0		off 0.5416789733947361 neg 0.41628759009473265 __DUMMY__ 0.04203343651053128	false	0.5
stinktier	neg 1.0		off 0.5535291659181022 neg 0.40575580107986664 __DUMMY__ 0.04071503300203116	false	0.5
tucke	off 1.0		off 0.557630005735127 neg 0.401881868140382 __DUMMY__ 0.040488126124490875	false	1.0
ein			off 0.5451158920170716 neg 0.4132370902796935 __DUMMY__ 0.04164701770323502	false	0.0
abstieg	neg 1.0		off 0.5481411610329847 neg 0.4097575464278684 __DUMMY__ 0.042101292539146844	false	0.5
missverstehen	neg 1.0		off 0.5489984323334671 neg 0.40949205926505466 __DUMMY__ 0.0415095084014782	false	0.5
ergebnislos	neg 1.0		off 0.5462014504021141 neg 0.41166972244954453 __DUMMY__ 0.042128827148341375	false	0.5
unter			off 0.5396948524856984 neg 0.41762856407139154 __DUMMY__ 0.042676583442910025	false	0.0
manipulieren	neg 1.0		off 0.5441631502927435 neg 0.41378605488549586 __DUMMY__ 0.04205079482176058	false	0.5
unbewiesen	neg 1.0		off 0.5473996785798301 neg 0.41101732178099837 __DUMMY__ 0.04158299963917164	false	0.5
verschleppen	neg 1.0		off 0.5441104924250405 neg 0.4140767980625694 __DUMMY__ 0.041812709512390085	false	0.5
weib	off 1.0		off 0.5594505924211698 neg 0.39989726874979153 __DUMMY__ 0.04065213882903873	false	1.0
opposition	neg 1.0		off 0.5476068021781028 neg 0.4108754601619364 __DUMMY__ 0.04151773765996095	false	0.5
verkehrswidrig	neg 1.0		off 0.5600949114907179 neg 0.3985075324433671 __DUMMY__ 0.04139755606591489	false	0.5
inkorrekt	neg 1.0		off 0.5532395470773659 neg 0.40570235299660845 __DUMMY__ 0.0410580999260258	false	0.5
vermeiden	neg 1.0		off 0.542235607812673 neg 0.41532774723042176 __DUMMY__ 0.04243664495690525	false	0.5
abweichung	neg 1.0		off 0.5469271757618792 neg 0.41107406892781256 __DUMMY__ 0.04199875531030826	false	0.5
alkoholisiert	neg 1.0		off 0.5492261475601629 neg 0.4082550433102215 __DUMMY__ 0.0425188091296155	false	0.5
scheiss	off 1.0	off 1.0	off 0.7642202662044146 neg 0.21615393556740473 __DUMMY__ 0.01962579822818068	false	1.0
herausforderung	neg 1.0		off 0.5457645228102169 neg 0.41229849820691644 __DUMMY__ 0.04193697898286653	false	0.5
pervers	off 1.0		off 0.5609933397159115 neg 0.3985222309946816 __DUMMY__ 0.04048442928940687	false	1.0
wackelig	neg 1.0		off 0.5458592382562091 neg 0.41217724295272007 __DUMMY__ 0.04196351879107106	false	0.5
verwickeln	neg 1.0		off 0.5483129325059743 neg 0.4101166820144603 __DUMMY__ 0.041570385479565465	false	0.5
vorwand	neg 1.0		off 0.5425498962663557 neg 0.41536121493192324 __DUMMY__ 0.04208888880172091	false	0.5
muschi	off 1.0		off 0.5488491611777218 neg 0.4092181466884043 __DUMMY__ 0.04193269213387384	false	1.0
entmutigung	neg 1.0		off 0.5465299765662895 neg 0.41215225886066337 __DUMMY__ 0.04131776457304702	false	0.5
unangemessen	neg 1.0		off 0.5459691361388155 neg 0.412242135072936 __DUMMY__ 0.04178872878824836	false	0.5
unstetig	neg 1.0		off 0.5519058761964861 neg 0.4065340440251259 __DUMMY__ 0.041560079778387916	false	0.5
entmutigen	neg 1.0		off 0.5466193748330603 neg 0.4118201587843142 __DUMMY__ 0.04156046638262545	false	0.5
schwanz	neg 1.0		off 0.5468732160968657 neg 0.41110573504108705 __DUMMY__ 0.042021048862047376	false	0.5
verbot	neg 1.0		off 0.5451934839235625 neg 0.4130608254250795 __DUMMY__ 0.04174569065135804	false	0.5
leid	neg 1.0		off 0.555401390132669 neg 0.4036064018632579 __DUMMY__ 0.04099220800407312	false	0.5
archaisch	neg 1.0		off 0.5453695755321168 neg 0.41286321261266207 __DUMMY__ 0.041767211855221274	false	0.5
gegen			off 0.5436353581004906 neg 0.4141303498134317 __DUMMY__ 0.04223429208607767	false	0.0
scheidung	neg 1.0		off 0.5687612626794046 neg 0.3905204132927904 __DUMMY__ 0.040718324027804786	false	0.5
einschlag	neg 1.0		off 0.5574840499310232 neg 0.4011628062700502 __DUMMY__ 0.04135314379892663	false	0.5
m			off 0.5465662609381112 neg 0.41147717482322305 __DUMMY__ 0.04195656423866568	false	0.0
abgestanden	neg 1.0		off 0.543390519174009 neg 0.4152743410309062 __DUMMY__ 0.04133513979508477	false	0.5
schmierig	off 1.0		off 0.5547832329738128 neg 0.4042318152639805 __DUMMY__ 0.04098495176220664	false	1.0
unpraktisch	neg 1.0		off 0.549064237636667 neg 0.40923438587463445 __DUMMY__ 0.04170137648869844	false	0.5
wixxer	off 1.0		off 0.5607823111392493 neg 0.3988076709071508 __DUMMY__ 0.0404100179536	false	1.0
bezeichnet			off 0.5478508212269693 neg 0.4103951222428212 __DUMMY__ 0.041754056530209464	false	0.0
jammerlappen	off 1.0		off 0.5510026948250373 neg 0.40762500475521746 __DUMMY__ 0.04137230041974526	false	1.0
farce	neg 1.0		off 0.5460442805954611 neg 0.4123517615291301 __DUMMY__ 0.04160395787540885	false	0.5
zwecklos	neg 1.0		off 0.544686321102314 neg 0.4135086197969727 __DUMMY__ 0.041805059100713485	false	0.5
turbulent	neg 1.0		off 0.5540557801640229 neg 0.4046422291080289 __DUMMY__ 0.041301990727948386	false	0.5
invasion	neg 1.0		off 0.549724072858475 neg 0.4086896955397758 __DUMMY__ 0.041586231601749284	false	0.5
schuld	neg 1.0		off 0.548019222681782 neg 0.41033862472425053 __DUMMY__ 0.041642152593967446	false	0.5
risiko	neg 1.0		off 0.5491238998675336 neg 0.40929691965430204 __DUMMY__ 0.04157918047816444	false	0.5
finster	neg 1.0		off 0.5452222423232687 neg 0.4132018631905372 __DUMMY__ 0.0415758944861942	false	0.5
geisteskrank	off 1.0		off 0.5524657618191208 neg 0.4063744290176114 __DUMMY__ 0.04115980916326774	false	1.0
zusammenbrechen	neg 1.0		off 0.5450556354167906 neg 0.4131317189866175 __DUMMY__ 0.04181264559659199	false	0.5
ausbeute	neg 1.0		off 0.5479001912730528 neg 0.41016576676352556 __DUMMY__ 0.04193404196342169	false	0.5
hinterhalt	neg 1.0		off 0.5466063036394369 neg 0.41155710243645555 __DUMMY__ 0.04183659392410752	false	0.5
kritik	neg 1.0		off 0.5454687330451925 neg 0.4129391585768896 __DUMMY__ 0.0415921083779179	false	0.5
einschrumpfen	neg 1.0		off 0.5505858346203341 neg 0.40812820077329837 __DUMMY__ 0.041285964606367416	false	0.5
riskant	neg 1.0		off 0.5433975580785589 neg 0.4146006909875697 __DUMMY__ 0.04200175093387136	false	0.5
frustrieren	neg 1.0		off 0.5435828241344938 neg 0.4145180108996889 __DUMMY__ 0.04189916496581737	false	0.5
groll	neg 1.0		off 0.5457694870478148 neg 0.41235876171271446 __DUMMY__ 0.0418717512394707	false	0.5
gibt			off 0.5454295570519704 neg 0.412665781033843 __DUMMY__ 0.0419046619141865	false	0.0
qualvoll	neg 1.0		off 0.5484269792100919 neg 0.410025942425572 __DUMMY__ 0.0415470783643362	false	0.5
wackeln	neg 1.0		off 0.5474347776648532 neg 0.41078397878496414 __DUMMY__ 0.0417812435501826	false	0.5
klagen	neg 1.0		off 0.5425482888779516 neg 0.4153996882791644 __DUMMY__ 0.04205202284288413	false	0.5
bankrott	neg 1.0		off 0.552893675110943 neg 0.40551334910774256 __DUMMY__ 0.04159297578131445	false	0.5
trauern	neg 1.0		off 0.5459077603576743 neg 0.4118817316938125 __DUMMY__ 0.04221050794851332	false	0.5
ablehnung	neg 1.0		off 0.5459154277565719 neg 0.4123720397811488 __DUMMY__ 0.041712532462279225	false	0.5
stur	neg 1.0		off 0.5473894035265896 neg 0.4110251127221565 __DUMMY__ 0.041585483751253864	false	0.5
aufruhr	neg 1.0		off 0.5458068683531867 neg 0.41261047269702844 __DUMMY__ 0.04158265894978489	false	0.5
melancholie	neg 1.0		off 0.5417496797225088 neg 0.4163747826508796 __DUMMY__ 0.04187553762661142	false	0.5
ist			off 0.5485189538873496 neg 0.4098607868196116 __DUMMY__ 0.04162025929303878	false	0.0
torheit	neg 1.0		off 0.547620912346463 neg 0.4107919413605045 __DUMMY__ 0.0415871462930325	false	0.5
dreckskind	off 1.0		off 0.5589044154183977 neg 0.4003497091785639 __DUMMY__ 0.04074587540303819	false	1.0
umtauschen	neg 1.0		off 0.5469228686116964 neg 0.4113036323069314 __DUMMY__ 0.041773499081372054	false	0.5
zum			off 0.5446608727529737 neg 0.4126920589010681 __DUMMY__ 0.042647068345958376	false	0.0
zersetzen	neg 1.0		off 0.5424372086267052 neg 0.415629755446596 __DUMMY__ 0.04193303592669867	false	0.5
zur			off 0.5424839409101635 neg 0.4150702684133169 __DUMMY__ 0.04244579067651958	false	0.0
frust	neg 1.0		off 0.5448011527437447 neg 0.4133729169649152 __DUMMY__ 0.041825930291340074	false	0.5
unerbittlichkeit	neg 1.0		off 0.5445721889108919 neg 0.4134126441190949 __DUMMY__ 0.042015166970013354	false	0.5
zwei			off 0.5419095054669307 neg 0.4156337285036506 __DUMMY__ 0.0424567660294187	false	0.0
unkorrekt	neg 1.0		off 0.5525120663667691 neg 0.40634655135022596 __DUMMY__ 0.04114138228300505	false	0.5
hexe	off 1.0		off 0.5493813680404773 neg 0.40938698272709073 __DUMMY__ 0.041231649232432055	false	1.0
lasch	neg 1.0		off 0.5503121704060189 neg 0.4082601142490379 __DUMMY__ 0.04142771534494324	false	0.5
rivale	neg 1.0		off 0.555287262552975 neg 0.40351928901485445 __DUMMY__ 0.041193448432170515	false	0.5
mutlos	off 1.0	off 1.0	off 0.7595614236919982 neg 0.2204661041321166 __DUMMY__ 0.0199724721758852	false	1.0
wirr	off 1.0		off 0.5541186827265925 neg 0.4048678281543393 __DUMMY__ 0.04101348911906818	false	1.0
jahr			off 0.5472217093089042 neg 0.41042847705069563 __DUMMY__ 0.042349813640400115	false	0.0
wird			off 0.545218729839355 neg 0.4128242372902282 __DUMMY__ 0.04195703287041686	false	0.0
strafbar	neg 1.0		off 0.5437422753109977 neg 0.4142997737910892 __DUMMY__ 0.04195795089791319	false	0.5
erosion	neg 1.0		off 0.5481501510869923 neg 0.4100724065806963 __DUMMY__ 0.041777442332311475	false	0.5
eingehen	neg 1.0		off 0.5429486914794784 neg 0.4151819717703872 __DUMMY__ 0.04186933675013433	false	0.5
faul	off 1.0		off 0.5515075501504516 neg 0.4069846721535461 __DUMMY__ 0.0415077776960022	false	1.0
provisorium	neg 1.0		off 0.5400792175703476 neg 0.4172236104483727 __DUMMY__ 0.042697171981279695	false	0.5
schmerzen	neg 1.0		off 0.5446393547757528 neg 0.4137038432036843 __DUMMY__ 0.04165680202056292	false	0.5
schrumpfen	neg 1.0		off 0.5394550578097962 neg 0.41837930855881644 __DUMMY__ 0.04216563363138739	false	0.5
geistlos	off 1.0		off 0.5476296685462408 neg 0.4110227402827865 __DUMMY__ 0.04134759117097262	false	1.0
fehlkauf	neg 1.0		off 0.5493208387611809 neg 0.40913691808392955 __DUMMY__ 0.04154224315488947	false	0.5
frustrierend	neg 1.0		off 0.5496461730575005 neg 0.40892962126165183 __DUMMY__ 0.04142420568084761	false	0.5
unzufrieden	neg 1.0		off 0.5451740231711608 neg 0.41295184922708245 __DUMMY__ 0.0418741276017567	false	0.5
verzweifeln	neg 1.0		off 0.5463615174888142 neg 0.41183073128294945 __DUMMY__ 0.04180775122823635	false	0.5
verzweifelt	neg 1.0		off 0.5476399422672833 neg 0.41076024192964183 __DUMMY__ 0.04159981580307486	false	0.5
misstrauensantrag	neg 1.0		off 0.5486953696947957 neg 0.4097488204572734 __DUMMY__ 0.041555809847930905	false	0.5
abfallen	neg 1.0		off 0.5472262498043122 neg 0.41106918889576266 __DUMMY__ 0.04170456129992522	false	0.5
fucker	off 1.0		off 0.5550899263795964 neg 0.403632939517319 __DUMMY__ 0.04127713410308452	false	1.0
ungezogen	neg 1.0		off 0.5597327306743357 neg 0.39958685967770696 __DUMMY__ 0.04068040964795745	false	0.5
irrsinnig	neg 1.0	neg 1.0	neg 0.6888968522411424 off 0.2912467104539058 __DUMMY__ 0.019856437304951853	false	1.0
unfassbar	neg 1.0		off 0.5520868286130161 neg 0.4065712203830156 __DUMMY__ 0.04134195100396836	false	0.5
hart	neg 1.0		off 0.5512458265632788 neg 0.40757605743093994 __DUMMY__ 0.04117811600578127	false	0.5
widerlich	off 1.0		off 0.5517631931922867 neg 0.407002813608478 __DUMMY__ 0.04123399319923525	false	1.0
fatal	neg 1.0	neg 1.0	neg 0.6891032241765039 off 0.29118180932064663 __DUMMY__ 0.019714966502849277	false	1.0
bruch	neg 1.0		off 0.5416425050165893 neg 0.4161975774498805 __DUMMY__ 0.04215991753353021	false	0.5
aushungern	neg 1.0		off 0.544673910981852 neg 0.4136473021920492 __DUMMY__ 0.04167878682609864	false	0.5
anspannung	neg 1.0		off 0.5418696418270731 neg 0.41568464596415833 __DUMMY__ 0.04244571220876856	false	0.5
von			off 0.5446770709015126 neg 0.41310617425537316 __DUMMY__ 0.04221675484311419	false	0.0
kraftlos	neg 1.0		off 0.5444233886608211 neg 0.41370812629395576 __DUMMY__ 0.04186848504522325	false	0.5
vom			off 0.5422978883718887 neg 0.4148765904443178 __DUMMY__ 0.04282552118379344	false	0.0
grenzdebil	off 1.0		off 0.5516783287414805 neg 0.40706529358816085 __DUMMY__ 0.0412563776703587	false	1.0
vor			off 0.5421122192595164 neg 0.41571737592933405 __DUMMY__ 0.04217040481114958	false	0.0
unterwerfen	neg 1.0		off 0.5448804306971994 neg 0.41314819817320697 __DUMMY__ 0.04197137112959356	false	0.5
versenkung	neg 1.0		off 0.5446945707580806 neg 0.41326839708603946 __DUMMY__ 0.042037032155879846	false	0.5
entziehen	neg 1.0		off 0.5425702139173708 neg 0.41532548831508653 __DUMMY__ 0.042104297767542515	false	0.5
finanzkrise	neg 1.0		off 0.5425260811900853 neg 0.4161397280439852 __DUMMY__ 0.04133419076592945	false	0.5
schimpfend	neg 1.0		off 0.5494535271455335 neg 0.40874378771951514 __DUMMY__ 0.0418026851349512	false	0.5
profan	neg 1.0		off 0.5487021624191623 neg 0.40976265026197534 __DUMMY__ 0.04153518731886235	false	0.5
korruption	neg 1.0		off 0.5437461860574718 neg 0.4145856284471781 __DUMMY__ 0.041668185495350195	false	0.5
â			off 0.5454609922337056 neg 0.41259758000766067 __DUMMY__ 0.04194142775863386	false	0.0
schmutzig	neg 1.0		off 0.5519995039307348 neg 0.4067337947711273 __DUMMY__ 0.04126670129813801	false	0.5
sexy	neg 1.0		off 0.5512424332921937 neg 0.40720153231239264 __DUMMY__ 0.041556034395413693	false	0.5
abraten	neg 1.0		off 0.5494849745291293 neg 0.408849560214229 __DUMMY__ 0.041665465256641644	false	0.5
schwarz	neg 1.0		off 0.549513028141129 neg 0.4088680041882924 __DUMMY__ 0.04161896767057846	false	0.5
fotze	off 1.0	off 1.0	off 0.7614612959227316 neg 0.2184672167542044 __DUMMY__ 0.02007148732306394	false	1.0
verwirren	neg 1.0		off 0.5492441218357399 neg 0.4092024086230228 __DUMMY__ 0.041553469541237384	false	0.5
zahnlos	off 1.0		off 0.5454158434446579 neg 0.412811590548944 __DUMMY__ 0.041772566006398185	false	1.0
verheeren	neg 1.0		off 0.5614633876519077 neg 0.39787219743404467 __DUMMY__ 0.040664414914047486	false	0.5
hippie	neg 1.0		off 0.5507186060082241 neg 0.4077281732857143 __DUMMY__ 0.04155322070606146	false	0.5
rammen	neg 1.0		off 0.5501846527203835 neg 0.407947378622221 __DUMMY__ 0.041867968657395255	false	0.5
unlauter	neg 1.0		off 0.5490987467234639 neg 0.409320644891985 __DUMMY__ 0.04158060838455114	false	0.5
unheilvoll	neg 1.0		off 0.5472230121487772 neg 0.41122256046906897 __DUMMY__ 0.041554427382153813	false	0.5
niedrig	neg 1.0		off 0.5447312884559413 neg 0.4133905856775243 __DUMMY__ 0.041878125866534485	false	0.5
explosion	neg 1.0		off 0.5510768782877957 neg 0.40733119429348885 __DUMMY__ 0.04159192741871552	false	0.5
weichei	off 1.0	off 1.0	off 0.7652811352043868 neg 0.21529119665678265 __DUMMY__ 0.01942766813883061	false	1.0
minusmensch	off 1.0		off 0.5614491263579706 neg 0.3978634631457206 __DUMMY__ 0.040687410496308855	false	1.0
farblos	neg 1.0		off 0.5497180472552637 neg 0.4085409200659527 __DUMMY__ 0.04174103267878352	false	0.5
unwissend	neg 1.0	neg 1.0	neg 0.687531104890606 off 0.29277028955563994 __DUMMY__ 0.019698605553754106	false	1.0
traurig	neg 1.0		off 0.5540476022935492 neg 0.4047929613229196 __DUMMY__ 0.041159436383531214	false	0.5
senkung	neg 1.0		off 0.5467968283917085 neg 0.4119454432115491 __DUMMY__ 0.04125772839674231	false	0.5
ungleich	neg 1.0	neg 1.0	neg 0.6904456956548688 off 0.28954298530798156 __DUMMY__ 0.02001131903714961	false	1.0
heikel	neg 1.0		off 0.5433586397320023 neg 0.4146642527844613 __DUMMY__ 0.0419771074835365	false	0.5
drosselung	neg 1.0		off 0.5518035218734081 neg 0.4069940815534331 __DUMMY__ 0.04120239657315875	false	0.5
falsch	neg 1.0		off 0.5507370585114553 neg 0.40777711811416223 __DUMMY__ 0.04148582337438251	false	0.5
unzufriedenheit	neg 1.0		off 0.5425055439601687 neg 0.4155636167495185 __DUMMY__ 0.04193083929031268	false	0.5
kurz	neg 1.0		off 0.5465801639483142 neg 0.4114528685171103 __DUMMY__ 0.041966967534575475	false	0.5
unsinnig	neg 1.0		off 0.5450643434562847 neg 0.4132729125645264 __DUMMY__ 0.04166274397918895	false	0.5
penner	off 1.0	off 1.0	off 0.766457238524002 neg 0.2141390033509112 __DUMMY__ 0.019403758125086736	false	1.0
seicht	neg 1.0		off 0.5562184108778904 neg 0.40329023546831094 __DUMMY__ 0.040491353653798794	false	0.5
dummheit	off 1.0	off 1.0	off 0.7617700802652877 neg 0.2184787033628563 __DUMMY__ 0.019751216371856024	false	1.0
unerfreulich	neg 1.0		off 0.5434720162890928 neg 0.41450270250016885 __DUMMY__ 0.04202528121073838	false	0.5
motherfucker	off 1.0	off 1.0	off 0.7648162555600759 neg 0.21552207659448294 __DUMMY__ 0.019661667845441065	false	1.0
pikiert	neg 1.0		off 0.5504677561708177 neg 0.4082682916346011 __DUMMY__ 0.04126395219458125	false	0.5
wrack	neg 1.0		off 0.5501944954064343 neg 0.407565009305137 __DUMMY__ 0.04224049528842881	false	0.5
gangster	neg 1.0		off 0.5507410179147495 neg 0.40773342519134154 __DUMMY__ 0.04152555689390893	false	0.5
krank	neg 1.0		off 0.5524507078776715 neg 0.4062361407886094 __DUMMY__ 0.04131315133371911	false	0.5
reich	neg 1.0		off 0.5495291253828484 neg 0.40917284933772907 __DUMMY__ 0.04129802527942261	false	0.5
gnadenlos	neg 1.0		off 0.5485947712497631 neg 0.40967804016743226 __DUMMY__ 0.04172718858280448	false	0.5
niedergeschlagen	neg 1.0		off 0.5460241230928697 neg 0.41201124567892133 __DUMMY__ 0.041964631228208996	false	0.5
terrorisieren	off 1.0	off 1.0	off 0.7593585868993932 neg 0.22060128477962349 __DUMMY__ 0.0200401283209833	false	1.0
sinnlosigkeit	neg 1.0		off 0.545340377485686 neg 0.41283621761990447 __DUMMY__ 0.04182340489440964	false	0.5
behindern	neg 1.0		off 0.5469004032518301 neg 0.41137693649846346 __DUMMY__ 0.041722660249706424	false	0.5
undemokratisch	neg 1.0		off 0.5482898705128418 neg 0.4102144854515115 __DUMMY__ 0.04149564403564667	false	0.5
wirtschaftskrise	neg 1.0		off 0.5430085556030397 neg 0.4153512579619045 __DUMMY__ 0.041640186435055744	false	0.5
neid	neg 1.0		off 0.5491518152385951 neg 0.4094151693036648 __DUMMY__ 0.04143301545773995	false	0.5
rutschen	neg 1.0		off 0.5412128056212582 neg 0.4163560156891705 __DUMMY__ 0.04243117868957143	false	0.5
rezession	neg 1.0		off 0.5504720308963155 neg 0.40874879955188964 __DUMMY__ 0.04077916955179484	false	0.5
fehlgeburt	neg 1.0		off 0.5496358249211526 neg 0.4085069724406626 __DUMMY__ 0.04185720263818477	false	0.5
charakterschwach	off 1.0		off 0.5508880089489174 neg 0.4078903538056802 __DUMMY__ 0.041221637245402426	false	1.0
isolation	neg 1.0		off 0.5522547583252682 neg 0.406128591543639 __DUMMY__ 0.041616650131092815	false	0.5
ablenkung	neg 1.0		off 0.5474749482601369 neg 0.4107216710697957 __DUMMY__ 0.04180338067006739	false	0.5
pech	neg 1.0		off 0.5503008440833688 neg 0.40830321436729133 __DUMMY__ 0.04139594154933991	false	0.5
vermeidung	neg 1.0		off 0.552088837536472 neg 0.40664187356649983 __DUMMY__ 0.04126928889702812	false	0.5
dominieren	neg 1.0		off 0.546794192103104 neg 0.41132219717555196 __DUMMY__ 0.04188361072134407	false	0.5
schwindlig	neg 1.0		off 0.5482999811131499 neg 0.41016140495513026 __DUMMY__ 0.041538613931719724	false	0.5
lutscher	neg 1.0		off 0.5590742395676849 neg 0.40044066110384413 __DUMMY__ 0.040485099328471136	false	0.5
pflicht	neg 1.0		off 0.5428383320983672 neg 0.41504623797462903 __DUMMY__ 0.04211542992700381	false	0.5
faschist	off 1.0		off 0.5496846095723272 neg 0.40889429690769025 __DUMMY__ 0.04142109351998254	false	1.0
verschleudern	neg 1.0		off 0.5426799827162426 neg 0.4155419422480184 __DUMMY__ 0.04177807503573906	false	0.5
wenn			off 0.5506500106677137 neg 0.4079675197718306 __DUMMY__ 0.04138246956045564	false	0.0
ehebruch	neg 1.0		off 0.5435147783836018 neg 0.4147006701445845 __DUMMY__ 0.04178455147181367	false	0.5
spott	off 1.0		off 0.5452425524064721 neg 0.41280304458443384 __DUMMY__ 0.04195440300909415	false	1.0
trostlosigkeit	neg 1.0		off 0.5406868251674141 neg 0.4173921158063896 __DUMMY__ 0.04192105902619634	false	0.5
lutschen	neg 1.0		off 0.5524231237305223 neg 0.40600434400995106 __DUMMY__ 0.04157253225952665	false	0.5
undiszipliniert	neg 1.0		off 0.553068870200082 neg 0.4057682063488726 __DUMMY__ 0.04116292345104537	false	0.5
kopfschmerz	neg 1.0		off 0.5421505604643847 neg 0.41615444567810056 __DUMMY__ 0.041694993857514774	false	0.5
unvorhergesehen	neg 1.0		off 0.5443950796975499 neg 0.41341015006331705 __DUMMY__ 0.04219477023913304	false	0.5
desinteressiert	neg 1.0		off 0.5524329661246193 neg 0.40637243911722565 __DUMMY__ 0.04119459475815491	false	0.5
armselig	off 1.0		off 0.5544069550813604 neg 0.4045176229409956 __DUMMY__ 0.04107542197764408	false	1.0
desaster	neg 1.0		off 0.5408005222751807 neg 0.4171893051773075 __DUMMY__ 0.04201017254751183	false	0.5
tod	neg 1.0		off 0.5447347710306694 neg 0.41328833905479057 __DUMMY__ 0.04197688991454003	false	0.5
herzlos	neg 1.0		off 0.5538706370268601 neg 0.40503345837097227 __DUMMY__ 0.04109590460216775	false	0.5
unwissenheit	neg 1.0		off 0.5448601332575798 neg 0.4133178574438024 __DUMMY__ 0.041822009298617804	false	0.5
widersinnig	neg 1.0		off 0.5446890444027227 neg 0.41370164781015106 __DUMMY__ 0.04160930778712616	false	0.5
bedenklich	neg 1.0		off 0.5438020062927913 neg 0.4143541261926722 __DUMMY__ 0.04184386751453647	false	0.5
beanstanden	neg 1.0		off 0.5443013950900256 neg 0.41354517045529254 __DUMMY__ 0.04215343445468201	false	0.5
panisch	neg 1.0		off 0.549846668714657 neg 0.40844868304910104 __DUMMY__ 0.041704648236241974	false	0.5
debil	off 1.0		off 0.5397960650997052 neg 0.4176467126331722 __DUMMY__ 0.04255722226712262	false	1.0
abstrich	neg 1.0		off 0.549145424673002 neg 0.40883257903587233 __DUMMY__ 0.04202199629112558	false	0.5
primitiv	neg 1.0		off 0.5524374808578398 neg 0.406379897585882 __DUMMY__ 0.041182621556278234	false	0.5
abschaum	off 1.0	off 1.0	off 0.7639007695242073 neg 0.21635458667322038 __DUMMY__ 0.019744643802572365	false	1.0
provozieren	neg 1.0		off 0.5472731705416449 neg 0.4111182811102601 __DUMMY__ 0.04160854834809492	false	0.5
tot	neg 1.0		off 0.5469040852445032 neg 0.41116107697118 __DUMMY__ 0.04193483778431668	false	0.5
instabil	neg 1.0		off 0.5545886517215803 neg 0.40438567356748195 __DUMMY__ 0.04102567471093781	false	0.5
schwuchtel	off 1.0	off 1.0	off 0.7699677549109445 neg 0.210854141079718 __DUMMY__ 0.019178104009337532	false	1.0
zerren	neg 1.0		off 0.5457495775403369 neg 0.4122935201219469 __DUMMY__ 0.0419569023377163	false	0.5
kinderficker	off 1.0		off 0.5564568218804106 neg 0.4026136030411017 __DUMMY__ 0.0409295750784879	false	1.0
gefahr	neg 1.0		off 0.5441372890355851 neg 0.413709934579157 __DUMMY__ 0.042152776385257745	false	0.5
rabiat	neg 1.0		off 0.5454640017511451 neg 0.4128500970438818 __DUMMY__ 0.04168590120497302	false	0.5
verlangsamung	neg 1.0		off 0.5578996418734467 neg 0.401293887460061 __DUMMY__ 0.04080647066649229	false	0.5
ausgestorben	neg 1.0		off 0.546311420117275 neg 0.41187219760546934 __DUMMY__ 0.04181638227725569	false	0.5
anklagen	neg 1.0		off 0.5454820980573696 neg 0.4127444106137312 __DUMMY__ 0.0417734913288993	false	0.5
trott	neg 1.0		off 0.5477776294419436 neg 0.4104470858010783 __DUMMY__ 0.041775284756977955	false	0.5
verminderung	neg 1.0		off 0.5517413530004791 neg 0.40702580166844465 __DUMMY__ 0.04123284533107628	false	0.5
nach			off 0.5410849385273324 neg 0.41632893982064434 __DUMMY__ 0.04258612165202332	false	0.0
rost	neg 1.0		off 0.5605652153354802 neg 0.39855477510185183 __DUMMY__ 0.04088000956266788	false	0.5
destruktiv	neg 1.0		off 0.5456965935389884 neg 0.41268937692806684 __DUMMY__ 0.041614029532944755	false	0.5
unzumutbarkeit	neg 1.0		off 0.5551169827026127 neg 0.40335929451205477 __DUMMY__ 0.04152372278533249	false	0.5
labil	off 1.0	off 1.0	off 0.7634247603829796 neg 0.21682616477961114 __DUMMY__ 0.019749074837409283	false	1.0
ziemlich	neg 1.0		off 0.5525544546340009 neg 0.40602629912379073 __DUMMY__ 0.041419246242208364	false	0.5
lachnummer	off 1.0		off 0.5474992983685423 neg 0.410801851464558 __DUMMY__ 0.04169885016689979	false	1.0
oder			off 0.5487275509826641 neg 0.4094724211697866 __DUMMY__ 0.041800027847549326	false	0.0
verfall	neg 1.0		off 0.5392269371354887 neg 0.41863996132873826 __DUMMY__ 0.04213310153577291	false	0.5
ausgrenzung	neg 1.0		off 0.5484647243792904 neg 0.4100189576881011 __DUMMY__ 0.04151631793260851	false	0.5
unordnung	neg 1.0		off 0.5579267217630886 neg 0.40083911069793404 __DUMMY__ 0.041234167538977365	false	0.5
fehlverhalten	neg 1.0		off 0.5437010499972078 neg 0.41434209376290065 __DUMMY__ 0.04195685623989158	false	0.5
eine			off 0.5423869371300467 neg 0.41550011570618933 __DUMMY__ 0.04211294716376394	false	0.0
nille	neg 1.0		off 0.54834016297683 neg 0.4098815503568119 __DUMMY__ 0.04177828666635818	false	0.5
qual	neg 1.0		off 0.5473530560969069 neg 0.4108648344248133 __DUMMY__ 0.041782109478279886	false	0.5
verschwenden	neg 1.0		off 0.5426583729927635 neg 0.41545052750271794 __DUMMY__ 0.041891099504518414	false	0.5
riesig	neg 1.0		off 0.5465283815126243 neg 0.4113332408108922 __DUMMY__ 0.0421383776764836	false	0.5
verurteilen	neg 1.0		off 0.5448017613147689 neg 0.4134377124303808 __DUMMY__ 0.04176052625485027	false	0.5
klischee	neg 1.0	neg 1.0	neg 0.6879031620136565 off 0.2923638710749269 __DUMMY__ 0.019732966911416606	false	1.0
diktatorisch	neg 1.0		off 0.547666342205067 neg 0.4109042207187057 __DUMMY__ 0.04142943707622734	false	0.5
vorhersehbar	neg 1.0		off 0.5481133866056892 neg 0.41050454125744146 __DUMMY__ 0.041382072136869306	false	0.5
sowie			off 0.5547678322588563 neg 0.40437234738863886 __DUMMY__ 0.04085982035250485	false	0.0
stornieren	neg 1.0		off 0.555061961975864 neg 0.4029255867236619 __DUMMY__ 0.04201245130047406	false	0.5
besteuerung	neg 1.0	neg 1.0	neg 0.690201314063129 off 0.290067822417347 __DUMMY__ 0.019730863519523977	false	1.0
ungeschminkt	neg 1.0		off 0.5538487630363378 neg 0.4048838552479835 __DUMMY__ 0.04126738171567871	false	0.5
kritisch	neg 1.0		off 0.545300616277207 neg 0.4128316304528329 __DUMMY__ 0.04186775326995997	false	0.5
schlamperei	off 1.0		off 0.5446179930474276 neg 0.41341650078988945 __DUMMY__ 0.04196550616268295	false	1.0
sucht	neg 1.0	neg 1.0	neg 0.6862750293616587 off 0.2936992196701828 __DUMMY__ 0.020025750968158475	false	1.0
egoistisch	off 1.0	off 1.0	off 0.7661964954937157 neg 0.21427249210592172 __DUMMY__ 0.01953101240036266	false	1.0
ausbeuter	off 1.0		off 0.5419054934936899 neg 0.41627058663285493 __DUMMY__ 0.04182391987345536	false	1.0
arschgeburt	off 1.0		off 0.5638128315832522 neg 0.3958303553595293 __DUMMY__ 0.04035681305721834	false	1.0
schubs	neg 1.0		off 0.5441575409064914 neg 0.41401337230418134 __DUMMY__ 0.04182908678932714	false	0.5
unsolide	neg 1.0		off 0.5492010577120598 neg 0.409305740574059 __DUMMY__ 0.041493201713881274	false	0.5
beschwerde	neg 1.0		off 0.5462689860187676 neg 0.4118337735789631 __DUMMY__ 0.04189724040226931	false	0.5
stocken	neg 1.0		off 0.545469331950026 neg 0.41256371122359464 __DUMMY__ 0.04196695682637936	false	0.5
isolieren	neg 1.0		off 0.5462986411833779 neg 0.411809683479293 __DUMMY__ 0.04189167533732919	false	0.5
unheilbar	neg 1.0		off 0.5460886371809516 neg 0.4122933621859961 __DUMMY__ 0.041618000633052446	false	0.5
pisser	off 1.0	off 1.0	off 0.7661213688471393 neg 0.2141808664434825 __DUMMY__ 0.01969776470937817	false	1.0
löschen	neg 1.0		off 0.5484118608964849 neg 0.4098464604438226 __DUMMY__ 0.041741678659692534	false	0.5
durchfallen	neg 1.0		off 0.5449269468979547 neg 0.41321250655049324 __DUMMY__ 0.04186054655155205	false	0.5
wichser	off 1.0	off 1.0	off 0.7677322675286723 neg 0.21298014301319848 __DUMMY__ 0.019287589458129174	false	1.0
terror	neg 1.0		off 0.5511646079515091 neg 0.40722932399714823 __DUMMY__ 0.04160606805134272	false	0.5
krass	neg 1.0		off 0.5557203310605554 neg 0.4032710927892244 __DUMMY__ 0.04100857615022033	false	0.5
revolte	neg 1.0		off 0.5469793710541042 neg 0.41184477866297803 __DUMMY__ 0.041175850282917634	false	0.5
besorgt	neg 1.0		off 0.5474384081217738 neg 0.41053734618910986 __DUMMY__ 0.042024245689116294	false	0.5
nachlassen	neg 1.0		off 0.5458246138865801 neg 0.4121711168252131 __DUMMY__ 0.04200426928820693	false	0.5
alt	neg 1.0		off 0.5413590592918347 neg 0.4170206729443774 __DUMMY__ 0.041620267763787924	false	0.5
hundesohn	off 1.0	off 1.0	off 0.7686819328559726 neg 0.21188333620746888 __DUMMY__ 0.01943473093655839	false	1.0
als			off 0.5449209655238859 neg 0.41327910993089745 __DUMMY__ 0.041799924545216666	false	0.0
abschreckung	neg 1.0		off 0.5427024824827398 neg 0.41532251642146223 __DUMMY__ 0.04197500109579799	false	0.5
unqualifiziert	neg 1.0		off 0.5504267815578886 neg 0.40816950844795563 __DUMMY__ 0.041403709994155866	false	0.5
abgewichst	off 1.0		off 0.5482357855419526 neg 0.409907760378192 __DUMMY__ 0.041856454079855325	false	1.0
schwer	neg 1.0		off 0.546083314549132 neg 0.4122011878594256 __DUMMY__ 0.041715497591442476	false	0.5
bedeutungslosigkeit	neg 1.0		off 0.5431395131184433 neg 0.41491163638182055 __DUMMY__ 0.04194885049973618	false	0.5
kapitulation	neg 1.0		off 0.5429932981036644 neg 0.4153116805457089 __DUMMY__ 0.04169502135062669	false	0.5
unscharf	neg 1.0		off 0.5460028438463156 neg 0.41271565198965404 __DUMMY__ 0.041281504164030494	false	0.5
schwinden	neg 1.0		off 0.5431372690240392 neg 0.4149430675357139 __DUMMY__ 0.041919663440246835	false	0.5
versklavung	neg 1.0	neg 1.0	neg 0.6889378790560395 off 0.29127032691553556 __DUMMY__ 0.01979179402842479	false	1.0
schlecht	neg 1.0		off 0.5529143328488489 neg 0.4056479453803625 __DUMMY__ 0.04143772177078855	false	0.5
verhasst	neg 1.0		off 0.547608727937075 neg 0.4108469882248103 __DUMMY__ 0.041544283838114676	false	0.5
beschweren	neg 1.0		off 0.5495611386508388 neg 0.40875902505517553 __DUMMY__ 0.04167983629398579	false	0.5
scheiden	neg 1.0		off 0.5475481505395595 neg 0.41072476752866366 __DUMMY__ 0.041727081931776835	false	0.5
frustriert	neg 1.0		off 0.5461928881984179 neg 0.41197283471542145 __DUMMY__ 0.04183427708616074	false	0.5
schimmelig	neg 1.0		off 0.5441017716714303 neg 0.41410825185248484 __DUMMY__ 0.04178997647608487	false	0.5
fisch	neg 1.0		off 0.5400064271039136 neg 0.4181405462163212 __DUMMY__ 0.04185302667976534	false	0.5
schmuggel	neg 1.0		off 0.5439132669350496 neg 0.41386915565257554 __DUMMY__ 0.04221757741237479	false	0.5
auffallen	neg 1.0		off 0.5492368649557579 neg 0.40917648291288716 __DUMMY__ 0.041586652131354915	false	0.5
konkurrenz	neg 1.0		off 0.5444889057689372 neg 0.4133830476431449 __DUMMY__ 0.04212804658791796	false	0.5
teufelskreis	neg 1.0	neg 1.0	neg 0.6905945675679847 off 0.28957100399476104 __DUMMY__ 0.01983442843725441	false	1.0
aufschreien	neg 1.0		off 0.548560151551458 neg 0.4100001365162617 __DUMMY__ 0.041439711932280354	false	0.5
schuldner	neg 1.0		off 0.5416577610508517 neg 0.4165326693724017 __DUMMY__ 0.04180956957674672	false	0.5
missgeburt	off 1.0	off 1.0	off 0.7689282266223668 neg 0.21149956977363582 __DUMMY__ 0.019572203603997404	false	1.0
arbeitslos	neg 1.0		off 0.5449411653217238 neg 0.4131846457021114 __DUMMY__ 0.04187418897616487	false	0.5
befallen	neg 1.0		off 0.5455117118497588 neg 0.41281518313471727 __DUMMY__ 0.04167310501552388	false	0.5
miesepetrig	off 1.0	off 1.0	off 0.7631102504810081 neg 0.21717311649083787 __DUMMY__ 0.01971663302815395	false	1.0
alarmieren	neg 1.0		off 0.5515297717325076 neg 0.4070381950020811 __DUMMY__ 0.04143203326541137	false	0.5
ungeduscht	off 1.0		off 0.5503499895117734 neg 0.40828796751678903 __DUMMY__ 0.041362042971437696	false	1.0
knappheit	neg 1.0		off 0.5441174659990139 neg 0.41416203473437463 __DUMMY__ 0.0417204992666115	false	0.5
schlange	neg 1.0		off 0.5485690165081667 neg 0.40963613937971005 __DUMMY__ 0.04179484411212337	false	0.5
harsch	neg 1.0		off 0.5592544720744995 neg 0.399351451121095 __DUMMY__ 0.04139407680440543	false	0.5
lang	neg 1.0		off 0.5490817483493128 neg 0.4092162310103473 __DUMMY__ 0.04170202064033995	false	0.5
ziellos	neg 1.0		off 0.5447005837127108 neg 0.4132362015805812 __DUMMY__ 0.042063214706707805	false	0.5
selbstverliebt	neg 1.0		off 0.5614763190940322 neg 0.3979641430859737 __DUMMY__ 0.04055953781999403	false	0.5
beseitigen	neg 1.0		off 0.5513882274630253 neg 0.40653133793731255 __DUMMY__ 0.042080434599662125	false	0.5
dumm	off 1.0		off 0.5566687118029319 neg 0.4025023840357667 __DUMMY__ 0.04082890416130143	false	1.0
arbeitsloser	neg 1.0		off 0.5471401719332167 neg 0.4107969713193107 __DUMMY__ 0.0420628567474727	false	0.5
blitzen	neg 1.0		off 0.5504129111793307 neg 0.4081401203407622 __DUMMY__ 0.04144696847990727	false	0.5
hilflos	neg 1.0		off 0.5449468072644584 neg 0.4131957898045036 __DUMMY__ 0.041857402931037874	false	0.5
eklig	off 1.0		off 0.5561118108103213 neg 0.4031825761786199 __DUMMY__ 0.040705613011058614	false	1.0
begriff			off 0.5463235640716001 neg 0.4119669702876193 __DUMMY__ 0.04170946564078052	false	0.0
hungersnot	neg 1.0		off 0.5429065758708144 neg 0.4154747063012906 __DUMMY__ 0.04161871782789522	false	0.5
ungesetzlich	neg 1.0		off 0.5480095298198331 neg 0.41052844224495416 __DUMMY__ 0.041462027935212864	false	0.5
verschwendung	neg 1.0		off 0.5431475358956832 neg 0.41490245837509937 __DUMMY__ 0.04195000572921738	false	0.5
schmerzvoll	neg 1.0		off 0.5476435146669444 neg 0.4107965164134503 __DUMMY__ 0.04155996891960514	false	0.5
vorzeitig	neg 1.0		off 0.5531865115021309 neg 0.4052891748787712 __DUMMY__ 0.04152431361909798	false	0.5
unvollkommenheit	neg 1.0		off 0.5461997215223953 neg 0.41197993387392406 __DUMMY__ 0.04182034460368076	false	0.5
intervenieren	neg 1.0		off 0.5426747425158188 neg 0.41552062997027195 __DUMMY__ 0.04180462751390922	false	0.5
banause	off 1.0		off 0.5556936425415109 neg 0.4038555687828927 __DUMMY__ 0.04045078867559624	false	1.0
rebell	neg 1.0		off 0.5405760211032203 neg 0.4172657738552839 __DUMMY__ 0.04215820504149573	false	0.5
unlogisch	neg 1.0		off 0.5534832147717027 neg 0.4053882450943376 __DUMMY__ 0.04112854013395982	false	0.5
leiden	neg 1.0		off 0.544607716718515 neg 0.41316769957214095 __DUMMY__ 0.042224583709344024	false	0.5
abschaffung	neg 1.0		off 0.547223959885886 neg 0.4112308242339936 __DUMMY__ 0.04154521588012035	false	0.5
sturz	neg 1.0		off 0.5528411907195243 neg 0.40524000987608255 __DUMMY__ 0.041918799404393234	false	0.5
verkleinerung	neg 1.0		off 0.5491078745150293 neg 0.40961939047166557 __DUMMY__ 0.04127273501330506	false	0.5
schmarotzer	off 1.0		off 0.5450379992264706 neg 0.4132023754176231 __DUMMY__ 0.04175962535590653	false	1.0
bestrafung	neg 1.0	neg 1.0	neg 0.688421173168122 off 0.29165797719758235 __DUMMY__ 0.01992084963429553	false	1.0
achtlos	neg 1.0		off 0.5463309997281073 neg 0.4118271363911051 __DUMMY__ 0.041841863880787505	false	0.5
ungeheuer	neg 1.0		off 0.546650338126269 neg 0.41175722878038185 __DUMMY__ 0.04159243309334917	false	0.5
unaufrichtig	neg 1.0		off 0.5513790801857826 neg 0.40714034276676 __DUMMY__ 0.041480577047457536	false	0.5
groggy	neg 1.0		off 0.551385166355073 neg 0.4069793314046635 __DUMMY__ 0.04163550224026363	false	0.5
verletzlich	neg 1.0		off 0.5490359726151472 neg 0.40983211628755384 __DUMMY__ 0.04113191109729874	false	0.5
