unsolidarisch	neg 1.0		__DUMMY__ 0.9247798480811864 off 0.042528675432533164 neg 0.03269147648628049	false	0.5
nachteilig	neg 1.0		__DUMMY__ 0.9327770417320693 off 0.038331271604405893 neg 0.02889168666352477	false	0.5
skeptisch	neg 1.0		__DUMMY__ 0.9312441561671192 off 0.03748195336533274 neg 0.03127389046754814	false	0.5
schrecklich	neg 1.0		__DUMMY__ 0.9208630612638457 off 0.048858543410293616 neg 0.03027839532586071	false	0.5
schlapp	neg 1.0	neg 1.0	neg 0.4983038850868459 __DUMMY__ 0.46029085533410996 off 0.041405259579044056	false	1.0
abfall	neg 1.0		__DUMMY__ 0.9345530126289856 off 0.03482761002453113 neg 0.030619377346483196	false	0.5
widerspenstig	neg 1.0		__DUMMY__ 0.9274546530518774 off 0.04054141962964609 neg 0.03200392731847657	false	0.5
abrupt	neg 1.0		__DUMMY__ 0.9312658212326467 off 0.036771929630584274 neg 0.03196224913676914	false	0.5
unwirksam	neg 1.0		__DUMMY__ 0.9238261339255734 off 0.04183845636958227 neg 0.03433540970484424	false	0.5
angreifen	neg 1.0		__DUMMY__ 0.9314189483637207 off 0.037101055846618276 neg 0.03147999578966096	false	0.5
inkonsistent	neg 1.0		__DUMMY__ 0.9248470125530239 off 0.04329695510647768 neg 0.03185603234049839	false	0.5
abrutschen	neg 1.0		__DUMMY__ 0.9339418703308393 off 0.03455455931522419 neg 0.03150357035393652	false	0.5
unsicher	neg 1.0		__DUMMY__ 0.9286342492052878 off 0.04123828531116782 neg 0.030127465483544367	false	0.5
bauernkind	off 1.0	off 1.0	off 0.5158482994727143 __DUMMY__ 0.454575516649636 neg 0.02957618387764975	false	1.0
angreifer	neg 1.0		__DUMMY__ 0.9282860070898155 off 0.0445386369776682 neg 0.027175355932516403	false	0.5
trennen	neg 1.0		__DUMMY__ 0.9327981526631477 off 0.03662028296136404 neg 0.030581564375488195	false	0.5
schmutz	neg 1.0		__DUMMY__ 0.9335112806680826 off 0.04339428791359577 neg 0.02309443141832164	false	0.5
inkonsistenz	neg 1.0		__DUMMY__ 0.9236873974089272 off 0.04552734588388356 neg 0.03078525670718921	false	0.5
erschreckend	neg 1.0		__DUMMY__ 0.9280447874189066 off 0.04085505002459145 neg 0.031100162556501956	false	0.5
ertrinken	neg 1.0		__DUMMY__ 0.9310465364161186 off 0.036561349595916004 neg 0.03239211398796547	false	0.5
pickelface	off 1.0		__DUMMY__ 0.9289714255677612 off 0.04169564467838863 neg 0.02933292975385016	false	1.0
seiner			__DUMMY__ 0.9323020023545975 off 0.037242451641491495 neg 0.03045554600391101	false	0.0
lauch	neg 1.0	neg 1.0	neg 0.4975087080125421 __DUMMY__ 0.470851993424072 off 0.03163929856338583	false	1.0
unwichtig	neg 1.0		__DUMMY__ 0.9237730359406036 off 0.04546167323788252 neg 0.030765290821513892	false	0.5
steuerhinterziehung	neg 1.0		__DUMMY__ 0.9264305097292711 off 0.040986765074897666 neg 0.03258272519583115	false	0.5
schock	neg 1.0		__DUMMY__ 0.9294780336281037 off 0.03986820346005142 neg 0.030653762911845007	false	0.5
beule	neg 1.0		__DUMMY__ 0.9220695444751678 off 0.04698255518641853 neg 0.03094790033841373	false	0.5
vergelten	neg 1.0		__DUMMY__ 0.9218070436934178 off 0.049903322419802554 neg 0.028289633886779558	false	0.5
verdorbenheit	neg 1.0		__DUMMY__ 0.9300023475229473 off 0.04180283347804596 neg 0.02819481899900683	false	0.5
trauma	neg 1.0		__DUMMY__ 0.926649958166906 off 0.042503702931478766 neg 0.030846338901615235	false	0.5
sinnlos	neg 1.0		__DUMMY__ 0.9266110852717359 off 0.04302853248599602 neg 0.030360382242268127	false	0.5
fettsack	off 1.0	off 1.0	off 0.5170179208036975 __DUMMY__ 0.4550877177198343 neg 0.02789436147646829	false	1.0
feige	off 1.0	off 1.0	off 0.5125255250221602 __DUMMY__ 0.4588585698904915 neg 0.02861590508734827	false	1.0
abdanken	neg 1.0		__DUMMY__ 0.9284680796216337 off 0.041279239825951365 neg 0.03025268055241499	false	0.5
wichtigtuer	off 1.0	off 1.0	off 0.5099237436396467 __DUMMY__ 0.462012018990427 neg 0.028064237369926207	false	1.0
misslingen	neg 1.0		__DUMMY__ 0.9317235998563194 off 0.04217197224223444 neg 0.0261044279014462	false	0.5
untreu	off 1.0		__DUMMY__ 0.9228172736381124 off 0.04653162840094761 neg 0.03065109796094001	false	1.0
missmutig	neg 1.0		__DUMMY__ 0.923701860220076 off 0.04428981477907072 neg 0.03200832500085325	false	0.5
hurenbock	off 1.0		__DUMMY__ 0.9278321583170379 off 0.04124834132044421 neg 0.030919500362517796	false	1.0
betrunken	neg 1.0		__DUMMY__ 0.9215482714816762 off 0.04785578754448533 neg 0.030595940973838533	false	0.5
korrupt	off 1.0		__DUMMY__ 0.9257405056452432 off 0.0407458094924148 neg 0.0335136848623419	false	1.0
unmut	neg 1.0		__DUMMY__ 0.9326376354561149 off 0.036076068743986875 neg 0.031286295799898264	false	0.5
hackfresse	off 1.0		__DUMMY__ 0.9172299419863529 off 0.052671960067482385 neg 0.03009809794616476	false	1.0
aufblasen	neg 1.0		__DUMMY__ 0.9277057371745224 off 0.04140294648266076 neg 0.030891316342816805	false	0.5
gewaltsam	neg 1.0		__DUMMY__ 0.9297456151659892 off 0.04102163517834512 neg 0.029232749655665597	false	0.5
unbeliebtheit	neg 1.0		__DUMMY__ 0.9241332641735246 off 0.046649717719251825 neg 0.029217018107223543	false	0.5
sturheit	neg 1.0		__DUMMY__ 0.9288778796342507 off 0.040840891661585776 neg 0.030281228704163516	false	0.5
kuh	neg 1.0		__DUMMY__ 0.9212992016033391 off 0.04361393603876663 neg 0.035086862357894266	false	0.5
erschrecken	neg 1.0		__DUMMY__ 0.9251652507143447 off 0.04467055007241356 neg 0.030164199213241743	false	0.5
opfer	neg 1.0		__DUMMY__ 0.9311347025838087 off 0.038560449323883125 neg 0.030304848092308163	false	0.5
sinken	neg 1.0		__DUMMY__ 0.9315261086020572 off 0.0364045459552303 neg 0.03206934544271252	false	0.5
stinktier	neg 1.0		__DUMMY__ 0.915990322262221 off 0.05088944872902261 neg 0.033120229008756476	false	0.5
tucke	off 1.0		__DUMMY__ 0.9134776660852051 off 0.05440219649508121 neg 0.03212013741971372	false	1.0
ein			__DUMMY__ 0.9271148097582366 off 0.04036962780595198 neg 0.03251556243581134	false	0.0
abstieg	neg 1.0		__DUMMY__ 0.9324154269353244 off 0.03959996500077829 neg 0.027984608063897343	false	0.5
missverstehen	neg 1.0		__DUMMY__ 0.9252071738252844 off 0.04381667283407343 neg 0.030976153340642257	false	0.5
ergebnislos	neg 1.0		__DUMMY__ 0.9327718102312631 off 0.03832742663255602 neg 0.02890076313618088	false	0.5
unter			__DUMMY__ 0.9392755650839477 off 0.03111344081075595 neg 0.029610994105296412	false	0.0
manipulieren	neg 1.0		__DUMMY__ 0.9316493483942129 off 0.037883634034684144 neg 0.030467017571103008	false	0.5
unbewiesen	neg 1.0		__DUMMY__ 0.9259476963825228 off 0.0427469372115515 neg 0.03130536640592567	false	0.5
verschleppen	neg 1.0		__DUMMY__ 0.9288604748422674 off 0.039296430921846114 neg 0.031843094235886445	false	0.5
weib	off 1.0		__DUMMY__ 0.91529111488812 off 0.054633999517296195 neg 0.030074885594583815	false	1.0
opposition	neg 1.0		__DUMMY__ 0.9256970721111731 off 0.042524194338586965 neg 0.03177873355023992	false	0.5
verkehrswidrig	neg 1.0		__DUMMY__ 0.9248038418304861 off 0.049802125806806076 neg 0.025394032362707895	false	0.5
inkorrekt	neg 1.0		__DUMMY__ 0.9198194943280823 off 0.04906868635606604 neg 0.03111181931585168	false	0.5
vermeiden	neg 1.0		__DUMMY__ 0.9366619882724707 off 0.033923310926090994 neg 0.02941470080143826	false	0.5
abweichung	neg 1.0		__DUMMY__ 0.9313458533082755 off 0.0394328230200789 neg 0.02922132367164562	false	0.5
alkoholisiert	neg 1.0		__DUMMY__ 0.938563107917279 off 0.03637541388481315 neg 0.02506147819790782	false	0.5
scheiss	off 1.0	off 1.0	off 0.5128957613534945 __DUMMY__ 0.458828569964429 neg 0.02827566868207656	false	1.0
herausforderung	neg 1.0		__DUMMY__ 0.9303228278473284 off 0.0393103322806508 neg 0.030366839872020743	false	0.5
pervers	off 1.0		__DUMMY__ 0.9132614612086788 off 0.05654437296115993 neg 0.030194165830161202	false	1.0
wackelig	neg 1.0		__DUMMY__ 0.9309640250085551 off 0.038799858705616704 neg 0.030236116285828223	false	0.5
verwickeln	neg 1.0		__DUMMY__ 0.9258508625318704 off 0.04311180229901796 neg 0.031037335169111616	false	0.5
vorwand	neg 1.0		__DUMMY__ 0.9320498667833828 off 0.03668157697197616 neg 0.03126855624464104	false	0.5
muschi	off 1.0		__DUMMY__ 0.9305410162705265 off 0.040774032962046625 neg 0.028684950767426887	false	1.0
entmutigung	neg 1.0		__DUMMY__ 0.922789209792543 off 0.043852800998043714 neg 0.033357989209413234	false	0.5
unangemessen	neg 1.0		__DUMMY__ 0.9284156704274866 off 0.04052202592831955 neg 0.03106230364419376	false	0.5
unstetig	neg 1.0		__DUMMY__ 0.9264742910555178 off 0.044491264320692 neg 0.029034444623790172	false	0.5
entmutigen	neg 1.0		__DUMMY__ 0.9258130400514004 off 0.04209882925770025 neg 0.03208813069089924	false	0.5
schwanz	neg 1.0		__DUMMY__ 0.9318872592845979 off 0.03880341029020192 neg 0.029309330425200154	false	0.5
verbot	neg 1.0		__DUMMY__ 0.9279174669329046 off 0.04043931322897943 neg 0.031643219838115993	false	0.5
leid	neg 1.0		__DUMMY__ 0.9194409849501902 off 0.050131868217135805 neg 0.03042714683267391	false	0.5
archaisch	neg 1.0		__DUMMY__ 0.9283289205505939 off 0.04021113491810974 neg 0.031459944531296406	false	0.5
gegen			__DUMMY__ 0.9336668059757011 off 0.036530207297869634 neg 0.02980298672642934	false	0.0
scheidung	neg 1.0		__DUMMY__ 0.9161766619688329 off 0.05960472950894296 neg 0.024218608522224103	false	0.5
einschlag	neg 1.0		__DUMMY__ 0.9239050952823066 off 0.04900903304091006 neg 0.02708587167678333	false	0.5
m			__DUMMY__ 0.9306893782045417 off 0.0393285691348295 neg 0.02998205266062875	false	0.0
abgestanden	neg 1.0		__DUMMY__ 0.9238938659514879 off 0.04075103279976832 neg 0.035355101248743706	false	0.5
schmierig	off 1.0		__DUMMY__ 0.9192869519133468 off 0.04995145383655044 neg 0.030761594250102862	false	1.0
unpraktisch	neg 1.0		__DUMMY__ 0.927999216645873 off 0.04211546367597155 neg 0.029885319678155425	false	0.5
wixxer	off 1.0		__DUMMY__ 0.9123113182039583 off 0.05691845611386578 neg 0.03077022568217589	false	1.0
bezeichnet			__DUMMY__ 0.9280791312591569 off 0.041711206825809456 neg 0.030209661915033614	false	0.0
jammerlappen	off 1.0		__DUMMY__ 0.9235882077381666 off 0.0457404017503487 neg 0.030671390511484632	false	1.0
farce	neg 1.0		__DUMMY__ 0.9262425060590167 off 0.04176417228836111 neg 0.031993321652622184	false	0.5
zwecklos	neg 1.0		__DUMMY__ 0.9285405660872789 off 0.039728969317098406 neg 0.031730464595622794	false	0.5
turbulent	neg 1.0		__DUMMY__ 0.9232797728994064 off 0.0473583134228792 neg 0.029361913677714447	false	0.5
invasion	neg 1.0		__DUMMY__ 0.9261843460646647 off 0.043519290558539106 neg 0.030296363376796222	false	0.5
schuld	neg 1.0		__DUMMY__ 0.9266817036705491 off 0.04251730648803327 neg 0.03080098984141768	false	0.5
risiko	neg 1.0		__DUMMY__ 0.9263775619434025 off 0.043245409573580716 neg 0.030377028483016794	false	0.5
finster	neg 1.0		__DUMMY__ 0.9267373942746521 off 0.040430664838708004 neg 0.032831940886639946	false	0.5
geisteskrank	off 1.0		__DUMMY__ 0.9209805261468119 off 0.04796931747217597 neg 0.03105015638101211	false	1.0
zusammenbrechen	neg 1.0		__DUMMY__ 0.9286203603082064 off 0.039841104852141214 neg 0.031538534839652445	false	0.5
ausbeute	neg 1.0		__DUMMY__ 0.9308041219437126 off 0.039982289346210655 neg 0.02921358871007664	false	0.5
hinterhalt	neg 1.0		__DUMMY__ 0.9297223757732653 off 0.03983755169031539 neg 0.030440072536419262	false	0.5
kritik	neg 1.0		__DUMMY__ 0.9260331425515098 off 0.041570851678183654 neg 0.0323960057703065	false	0.5
einschrumpfen	neg 1.0		__DUMMY__ 0.9226544850908106 off 0.045902206735066974 neg 0.031443308174122414	false	0.5
riskant	neg 1.0		__DUMMY__ 0.9309215688094477 off 0.037701257951753664 neg 0.03137717323879876	false	0.5
frustrieren	neg 1.0		__DUMMY__ 0.9296867646009503 off 0.03848432610838433 neg 0.03182890929066528	false	0.5
groll	neg 1.0		__DUMMY__ 0.9294698885742795 off 0.03986243832502808 neg 0.030667673100692447	false	0.5
gibt			__DUMMY__ 0.9297042943382067 off 0.03950324337251831 neg 0.030792462289275017	false	0.0
qualvoll	neg 1.0		__DUMMY__ 0.9258565295065998 off 0.042992652133056954 neg 0.031150818360343197	false	0.5
wackeln	neg 1.0		__DUMMY__ 0.9285679674137348 off 0.041031445199420806 neg 0.030400587386844456	false	0.5
klagen	neg 1.0		__DUMMY__ 0.9316078562998643 off 0.03696273746959831 neg 0.03142940623053744	false	0.5
bankrott	neg 1.0		__DUMMY__ 0.9265717431753219 off 0.04494778151693299 neg 0.028480475307745102	false	0.5
trauern	neg 1.0		__DUMMY__ 0.9338522286150658 off 0.03754727587838138 neg 0.028600495506552855	false	0.5
ablehnung	neg 1.0		__DUMMY__ 0.9275250469664643 off 0.04106225316125705 neg 0.03141269987227865	false	0.5
stur	neg 1.0		__DUMMY__ 0.9260058056895241 off 0.04249284158350044 neg 0.031501352726975435	false	0.5
aufruhr	neg 1.0		__DUMMY__ 0.9260599461153827 off 0.04160713542321 neg 0.03233291846140725	false	0.5
melancholie	neg 1.0		__DUMMY__ 0.9301356413215197 off 0.03688556204790036 neg 0.032978796630579975	false	0.5
ist			__DUMMY__ 0.9264949770246457 off 0.04281838766732971 neg 0.03068663530802468	false	0.0
torheit	neg 1.0		__DUMMY__ 0.9261826445927158 off 0.04264638503088534 neg 0.031170970376398877	false	0.5
dreckskind	off 1.0		__DUMMY__ 0.9163198705101169 off 0.05378415464022954 neg 0.029895974849653572	false	1.0
umtauschen	neg 1.0		__DUMMY__ 0.9289853822131895 off 0.04025543873115104 neg 0.030759179055659565	false	0.5
zum			__DUMMY__ 0.9391492452391623 off 0.03390936713637681 neg 0.02694138762446091	false	0.0
zersetzen	neg 1.0		__DUMMY__ 0.9301341424299784 off 0.037646529341059276 neg 0.032219328228962354	false	0.5
zur			__DUMMY__ 0.9364266476918497 off 0.03429234206064494 neg 0.02928101024750546	false	0.0
frust	neg 1.0		__DUMMY__ 0.9287005443559616 off 0.03969597992049131 neg 0.031603475723547	false	0.5
unerbittlichkeit	neg 1.0		__DUMMY__ 0.9312363848123519 off 0.03828512240274386 neg 0.030478492784904176	false	0.5
zwei			__DUMMY__ 0.9367343671698345 off 0.03355049941648881 neg 0.029715133413676695	false	0.0
unkorrekt	neg 1.0		__DUMMY__ 0.9211019701296417 off 0.04776842894920286 neg 0.031129600921155468	false	0.5
hexe	off 1.0		__DUMMY__ 0.922528425743056 off 0.04505424118076447 neg 0.0324173330761795	false	1.0
lasch	neg 1.0		__DUMMY__ 0.9242461422422685 off 0.045092805959453267 neg 0.030661051798278258	false	0.5
rivale	neg 1.0		__DUMMY__ 0.921887882471681 off 0.04881928680903616 neg 0.02929283071928291	false	0.5
mutlos	off 1.0	off 1.0	off 0.5058659046081165 __DUMMY__ 0.46501182020106574 neg 0.029122275190817604	false	1.0
wirr	off 1.0		__DUMMY__ 0.9194840983131346 off 0.0494590943582574 neg 0.031056807328608015	false	1.0
jahr			__DUMMY__ 0.9356936031623568 off 0.03711828302140805 neg 0.027188113816235197	false	0.0
wird			__DUMMY__ 0.9304861701490139 off 0.03888482886103783 neg 0.03062900098994836	false	0.0
strafbar	neg 1.0		__DUMMY__ 0.9305030601443327 off 0.038187016222945416 neg 0.031309923632721864	false	0.5
erosion	neg 1.0		__DUMMY__ 0.9285740967367071 off 0.04131633277450204 neg 0.030109570488790774	false	0.5
eingehen	neg 1.0		__DUMMY__ 0.9292476195581878 off 0.03837215721182056 neg 0.032380223229991664	false	0.5
faul	off 1.0		__DUMMY__ 0.925812596448491 off 0.04458733393387596 neg 0.029600069617633073	false	1.0
provisorium	neg 1.0		__DUMMY__ 0.9397007584320617 off 0.03103261727503673 neg 0.02926662429290167	false	0.5
schmerzen	neg 1.0		__DUMMY__ 0.9275438887592528 off 0.03976258966649508 neg 0.03269352157425219	false	0.5
schrumpfen	neg 1.0		__DUMMY__ 0.9329351751398448 off 0.03452110283406817 neg 0.03254372202608708	false	0.5
geistlos	off 1.0		__DUMMY__ 0.9231179728410818 off 0.04426430210855569 neg 0.03261772505036251	false	1.0
fehlkauf	neg 1.0		__DUMMY__ 0.9257462667692566 off 0.043568797550219335 neg 0.030684935680524085	false	0.5
frustrierend	neg 1.0		__DUMMY__ 0.9241718483294539 off 0.04466637677492088 neg 0.03116177489562521	false	0.5
unzufrieden	neg 1.0		__DUMMY__ 0.9293365157703676 off 0.039569003814466666 neg 0.031094480415165743	false	0.5
verzweifeln	neg 1.0		__DUMMY__ 0.9286308248889107 off 0.04055764956075751 neg 0.030811525550331793	false	0.5
verzweifelt	neg 1.0		__DUMMY__ 0.926109415321177 off 0.042554731223579924 neg 0.031335853455243125	false	0.5
misstrauensantrag	neg 1.0		__DUMMY__ 0.9261289553932316 off 0.042884411350226914 neg 0.030986633256541538	false	0.5
abfallen	neg 1.0		__DUMMY__ 0.9279686908379537 off 0.04108986385735437 neg 0.030941445304691926	false	0.5
fucker	off 1.0		__DUMMY__ 0.9223372827790575 off 0.0486492221922267 neg 0.029013495028715926	false	1.0
ungezogen	neg 1.0		__DUMMY__ 0.9157602445728427 off 0.05449403802236536 neg 0.02974571740479191	false	0.5
irrsinnig	neg 1.0	neg 1.0	neg 0.4987451393866736 __DUMMY__ 0.462742141088037 off 0.03851271952528935	false	1.0
unfassbar	neg 1.0		__DUMMY__ 0.923277154863704 off 0.046447182461309154 neg 0.030275662674986947	false	0.5
hart	neg 1.0		__DUMMY__ 0.9217902646671106 off 0.04651121551202646 neg 0.03169851982086303	false	0.5
widerlich	off 1.0		__DUMMY__ 0.9220370258427106 off 0.046934615181369925 neg 0.031028358975919452	false	1.0
fatal	neg 1.0	neg 1.0	neg 0.5003188861850971 __DUMMY__ 0.4597819972425062 off 0.039899116572396566	false	1.0
bruch	neg 1.0		__DUMMY__ 0.9329646319115803 off 0.03573853095493155 neg 0.03129683713348818	false	0.5
aushungern	neg 1.0		__DUMMY__ 0.9270316450351285 off 0.040683866019840545 neg 0.03228448894503092	false	0.5
anspannung	neg 1.0		__DUMMY__ 0.9365495768735073 off 0.03386244740277569 neg 0.029587975723717005	false	0.5
von			__DUMMY__ 0.9339969255061226 off 0.0366339626125408 neg 0.02936911188133669	false	0.0
kraftlos	neg 1.0		__DUMMY__ 0.9295962422704419 off 0.03888657843135433 neg 0.03151717929820375	false	0.5
vom			__DUMMY__ 0.9414020935585087 off 0.031300050419362895 neg 0.027297856022128423	false	0.0
grenzdebil	off 1.0		__DUMMY__ 0.9223638478150012 off 0.04667524779471538 neg 0.030960904390283466	false	1.0
vor			__DUMMY__ 0.9329325505898027 off 0.03587434018284866 neg 0.0311931092273486	false	0.0
unterwerfen	neg 1.0		__DUMMY__ 0.9308059051040795 off 0.0386770872491614 neg 0.030517007646759187	false	0.5
versenkung	neg 1.0		__DUMMY__ 0.9312513873838001 off 0.038350171261283546 neg 0.030398441354916404	false	0.5
entziehen	neg 1.0		__DUMMY__ 0.932172448842923 off 0.03664876083154497 neg 0.031178790325532002	false	0.5
finanzkrise	neg 1.0		__DUMMY__ 0.9230944823211986 off 0.04128413301706778 neg 0.03562138466173355	false	0.5
schimpfend	neg 1.0		__DUMMY__ 0.9294490519627003 off 0.04146351746653609 neg 0.02908743057076351	false	0.5
profan	neg 1.0		__DUMMY__ 0.925661216091819 off 0.043327025679590805 neg 0.03101175822859027	false	0.5
korruption	neg 1.0		__DUMMY__ 0.9270372961889478 off 0.0400342235211657 neg 0.03292848028988649	false	0.5
â			__DUMMY__ 0.930530130610059 off 0.038794904452956996 neg 0.03067496493698411	false	0.0
schmutzig	neg 1.0		__DUMMY__ 0.92247594194095 off 0.04680935975161642 neg 0.03071469830743359	false	0.5
sexy	neg 1.0		__DUMMY__ 0.9258368231778572 off 0.04454939329952893 neg 0.0296137835226138	false	0.5
abraten	neg 1.0		__DUMMY__ 0.9272942312433713 off 0.04283032951103538 neg 0.02987543924559331	false	0.5
schwarz	neg 1.0		__DUMMY__ 0.9265341025427143 off 0.04325516533085342 neg 0.030210732126432348	false	0.5
fotze	off 1.0	off 1.0	off 0.5060462380283299 __DUMMY__ 0.4675027408302379 neg 0.02645102114143218	false	1.0
verwirren	neg 1.0		__DUMMY__ 0.925770679705798 off 0.04359712354309759 neg 0.030632196751104478	false	0.5
zahnlos	off 1.0		__DUMMY__ 0.9280902407666662 off 0.040413759566453586 neg 0.03149599966688016	false	1.0
verheeren	neg 1.0		__DUMMY__ 0.9153376163228467 off 0.055910545325648056 neg 0.028751838351505337	false	0.5
hippie	neg 1.0		__DUMMY__ 0.9257200187173834 off 0.04436810264693493 neg 0.029911878635681597	false	0.5
rammen	neg 1.0		__DUMMY__ 0.9305705402533059 off 0.041253694346439364 neg 0.028175765400254786	false	0.5
unlauter	neg 1.0		__DUMMY__ 0.9263291229737349 off 0.04323740408906971 neg 0.03043347293719528	false	0.5
unheilvoll	neg 1.0		__DUMMY__ 0.92630538947952 off 0.041955279485894365 neg 0.03173933103458566	false	0.5
niedrig	neg 1.0		__DUMMY__ 0.9300405331231544 off 0.038715229986613586 neg 0.031244236890231994	false	0.5
explosion	neg 1.0		__DUMMY__ 0.9264111265810023 off 0.044151633435134 neg 0.029437239983863692	false	0.5
weichei	off 1.0	off 1.0	off 0.5165182416182503 __DUMMY__ 0.45436017910758025 neg 0.02912157927416938	false	1.0
minusmensch	off 1.0		__DUMMY__ 0.9153231320213381 off 0.05596761953288421 neg 0.028709248445777633	false	1.0
farblos	neg 1.0		__DUMMY__ 0.9289511156994495 off 0.041802616418668254 neg 0.02924626788188221	false	0.5
unwissend	neg 1.0	neg 1.0	neg 0.4988476890222517 __DUMMY__ 0.45970169356796736 off 0.04145061740978097	false	1.0
traurig	neg 1.0		__DUMMY__ 0.9212665078575879 off 0.048559545493969264 neg 0.030173946648442845	false	0.5
senkung	neg 1.0		__DUMMY__ 0.9224727092949729 off 0.04379907674101788 neg 0.03372821396400912	false	0.5
ungleich	neg 1.0	neg 1.0	neg 0.49876952693619175 __DUMMY__ 0.46591608742868534 off 0.03531438563512294	false	1.0
heikel	neg 1.0		__DUMMY__ 0.9307141274005923 off 0.03779699769242193 neg 0.03148887490698577	false	0.5
drosselung	neg 1.0		__DUMMY__ 0.9219860175153318 off 0.04674032689838023 neg 0.03127365558628789	false	0.5
falsch	neg 1.0		__DUMMY__ 0.9251054922956938 off 0.04470942978629432 neg 0.030185077918011782	false	0.5
unzufriedenheit	neg 1.0		__DUMMY__ 0.9299892643832568 off 0.037803151262950314 neg 0.03220758435379293	false	0.5
kurz	neg 1.0		__DUMMY__ 0.9308919868915607 off 0.0392738818695302 neg 0.02983413123890916	false	0.5
unsinnig	neg 1.0		__DUMMY__ 0.9268201366144321 off 0.04081495085639283 neg 0.03236491252917506	false	0.5
penner	off 1.0	off 1.0	off 0.5180764520134151 __DUMMY__ 0.45370690155510984 neg 0.028216646431474975	false	1.0
seicht	neg 1.0		__DUMMY__ 0.9129749228589873 off 0.054227938233091105 neg 0.03279713890792159	false	0.5
dummheit	off 1.0	off 1.0	off 0.5101368630769793 __DUMMY__ 0.46060637815063304 neg 0.029256758772387707	false	1.0
unerfreulich	neg 1.0		__DUMMY__ 0.9313551343138291 off 0.03748096115854909 neg 0.03116390452762186	false	0.5
motherfucker	off 1.0	off 1.0	off 0.5139811983390533 __DUMMY__ 0.4587533005182426 neg 0.02726550114270405	false	1.0
pikiert	neg 1.0		__DUMMY__ 0.9223657790338146 off 0.04603609854014213 neg 0.03159812242604331	false	0.5
wrack	neg 1.0		__DUMMY__ 0.9349379035840495 off 0.03908892805077016 neg 0.025973168365180335	false	0.5
gangster	neg 1.0		__DUMMY__ 0.9254290055846445 off 0.044496286344217525 neg 0.030074708071137973	false	0.5
krank	neg 1.0		__DUMMY__ 0.92333820375269 off 0.046460396818134866 neg 0.030201399429175085	false	0.5
reich	neg 1.0		__DUMMY__ 0.923179176097456 off 0.04487315594324011 neg 0.03194766795930385	false	0.5
gnadenlos	neg 1.0		__DUMMY__ 0.9276897694253825 off 0.04231312661425245 neg 0.029997103960365038	false	0.5
niedergeschlagen	neg 1.0		__DUMMY__ 0.9307750531872943 off 0.03906963133261162 neg 0.03015531548009422	false	0.5
terrorisieren	off 1.0	off 1.0	off 0.5049169088931764 __DUMMY__ 0.4663853224865179 neg 0.02869776862030573	false	1.0
sinnlosigkeit	neg 1.0		__DUMMY__ 0.928832372293753 off 0.03993538403860759 neg 0.031232243667639315	false	0.5
behindern	neg 1.0		__DUMMY__ 0.9279227550106361 off 0.04098595341710022 neg 0.03109129157226367	false	0.5
undemokratisch	neg 1.0		__DUMMY__ 0.9249282079352527 off 0.04374439873813615 neg 0.03132739332661128	false	0.5
wirtschaftskrise	neg 1.0		__DUMMY__ 0.9267471028685753 off 0.039726568347675004 neg 0.03352632878374977	false	0.5
neid	neg 1.0		__DUMMY__ 0.9247033850621172 off 0.043935066596681276 neg 0.031361548341201466	false	0.5
rutschen	neg 1.0		__DUMMY__ 0.9365252472353398 off 0.03329019308029571 neg 0.03018455968436447	false	0.5
rezession	neg 1.0		__DUMMY__ 0.9164783391681787 off 0.049118177158549936 neg 0.03440348367327138	false	0.5
fehlgeburt	neg 1.0		__DUMMY__ 0.9302623986015327 off 0.04113957625328832 neg 0.028598025145178965	false	0.5
charakterschwach	off 1.0		__DUMMY__ 0.9218050527488129 off 0.046619282457726986 neg 0.03157566479346017	false	1.0
isolation	neg 1.0		__DUMMY__ 0.9267611471079001 off 0.04454663444778186 neg 0.028692218444317918	false	0.5
ablenkung	neg 1.0		__DUMMY__ 0.9288008638070758 off 0.04100340111253091 neg 0.03019573508039332	false	0.5
pech	neg 1.0		__DUMMY__ 0.9244891183287136 off 0.04450876985691132 neg 0.031002111814375025	false	0.5
vermeidung	neg 1.0		__DUMMY__ 0.9226731097222848 off 0.04655170347369258 neg 0.03077518680402252	false	0.5
dominieren	neg 1.0		__DUMMY__ 0.929791640371686 off 0.040098609149403094 neg 0.030109750478910794	false	0.5
schwindlig	neg 1.0		__DUMMY__ 0.9262615655471131 off 0.0424596437353822 neg 0.03127879071750466	false	0.5
lutscher	neg 1.0		__DUMMY__ 0.9132422609450725 off 0.05545403280709923 neg 0.03130370624782819	false	0.5
pflicht	neg 1.0		__DUMMY__ 0.9322159474327262 off 0.036787644704507454 neg 0.030996407862766417	false	0.5
faschist	off 1.0		__DUMMY__ 0.9241216132428218 off 0.04492440534900987 neg 0.03095398140816825	false	1.0
verschleudern	neg 1.0		__DUMMY__ 0.9284193726928262 off 0.03859757699898837 neg 0.03298305030818547	false	0.5
wenn			__DUMMY__ 0.923653004548914 off 0.0454838603632131 neg 0.0308631350878729	false	0.0
ehebruch	neg 1.0		__DUMMY__ 0.9283663983310616 off 0.03920837294969203 neg 0.03242522871924636	false	0.5
spott	off 1.0		__DUMMY__ 0.9304771227702486 off 0.03906999519284254 neg 0.030452882036908824	false	1.0
trostlosigkeit	neg 1.0		__DUMMY__ 0.9300385431275281 off 0.036703598556966976 neg 0.033257858315504964	false	0.5
lutschen	neg 1.0		__DUMMY__ 0.9264072043369974 off 0.04486518791057599 neg 0.02872760775242661	false	0.5
undiszipliniert	neg 1.0		__DUMMY__ 0.9213787027863605 off 0.0478798200489206 neg 0.030741477164718912	false	0.5
kopfschmerz	neg 1.0		__DUMMY__ 0.9280106675649511 off 0.03812747262389971 neg 0.03386185981114919	false	0.5
unvorhergesehen	neg 1.0		__DUMMY__ 0.9341127003718791 off 0.036192454108095753 neg 0.029694845520025215	false	0.5
desinteressiert	neg 1.0		__DUMMY__ 0.9216521501465905 off 0.047462043595667844 neg 0.030885806257741646	false	0.5
armselig	off 1.0		__DUMMY__ 0.9200167237023188 off 0.04952723314576314 neg 0.030456043151918147	false	1.0
desaster	neg 1.0		__DUMMY__ 0.9309061458972883 off 0.03637060804682782 neg 0.032723246055884	false	0.5
tod	neg 1.0		__DUMMY__ 0.9314784396197747 off 0.037870132545940606 neg 0.03065142783428474	false	0.5
herzlos	neg 1.0		__DUMMY__ 0.9204147934402515 off 0.048938127599522235 neg 0.030647078960226327	false	0.5
unwissenheit	neg 1.0		__DUMMY__ 0.928892063348215 off 0.03964299797038295 neg 0.03146493868140207	false	0.5
widersinnig	neg 1.0		__DUMMY__ 0.9261919689238507 off 0.04103674907198809 neg 0.032771282004161205	false	0.5
bedenklich	neg 1.0		__DUMMY__ 0.9290251457230857 off 0.038946209822172756 neg 0.03202864445474152	false	0.5
beanstanden	neg 1.0		__DUMMY__ 0.932796496143554 off 0.03726798043527876 neg 0.029935523421167277	false	0.5
panisch	neg 1.0		__DUMMY__ 0.9279515601007408 off 0.04260248356873942 neg 0.029445956330519753	false	0.5
debil	off 1.0		__DUMMY__ 0.9382594844780838 off 0.03146514936781921 neg 0.030275366154096924	false	1.0
abstrich	neg 1.0		__DUMMY__ 0.9331054288618377 off 0.03897338199318553 neg 0.027921189144976835	false	0.5
primitiv	neg 1.0		__DUMMY__ 0.9213679792103306 off 0.04769369700836918 neg 0.03093832378130015	false	0.5
abschaum	off 1.0	off 1.0	off 0.5122532807279312 __DUMMY__ 0.4605668774321881 neg 0.02717984183988069	false	1.0
provozieren	neg 1.0		__DUMMY__ 0.9262529489763481 off 0.042324398266541066 neg 0.0314226527571108	false	0.5
tot	neg 1.0		__DUMMY__ 0.9312635878143587 off 0.03901944666433823 neg 0.02971696552130302	false	0.5
instabil	neg 1.0		__DUMMY__ 0.9195763883275031 off 0.049750052292525763 neg 0.030673559379971207	false	0.5
schwuchtel	off 1.0	off 1.0	off 0.5239797153294993 __DUMMY__ 0.44896758375851736 neg 0.027052700911983318	false	1.0
zerren	neg 1.0		__DUMMY__ 0.9305295484714833 off 0.03916567705725667 neg 0.030304774471259996	false	0.5
kinderficker	off 1.0		__DUMMY__ 0.9184101175055907 off 0.05152021698908392 neg 0.030069665505325444	false	1.0
gefahr	neg 1.0		__DUMMY__ 0.9328808078851833 off 0.03715721576334623 neg 0.029961976351470455	false	0.5
rabiat	neg 1.0		__DUMMY__ 0.9271169588467122 off 0.04079513850316327 neg 0.032087902650124546	false	0.5
verlangsamung	neg 1.0		__DUMMY__ 0.9170548074219884 off 0.05306343477276664 neg 0.029881757805244945	false	0.5
ausgestorben	neg 1.0		__DUMMY__ 0.9288591702783706 off 0.04037628820123136 neg 0.03076454152039801	false	0.5
anklagen	neg 1.0		__DUMMY__ 0.9284487633687813 off 0.04020637446680931 neg 0.03134486216440928	false	0.5
trott	neg 1.0		__DUMMY__ 0.9284722840118143 off 0.04120233822171038 neg 0.030325377766475398	false	0.5
verminderung	neg 1.0		__DUMMY__ 0.922286758597381 off 0.04651742631176001 neg 0.031195815090858954	false	0.5
nach			__DUMMY__ 0.938286375131499 off 0.032289648562683564 neg 0.029423976305817362	false	0.0
rost	neg 1.0		__DUMMY__ 0.9181745758199795 off 0.053801361952778216 neg 0.02802406222724217	false	0.5
destruktiv	neg 1.0		__DUMMY__ 0.9263646279595729 off 0.04139921159459985 neg 0.03223616044582728	false	0.5
unzumutbarkeit	neg 1.0		__DUMMY__ 0.9259969084921496 off 0.04658676347085668 neg 0.027416328036993773	false	0.5
labil	off 1.0	off 1.0	off 0.5117268765451332 __DUMMY__ 0.4605334506578456 neg 0.027739672797021303	false	1.0
ziemlich	neg 1.0		__DUMMY__ 0.9243794816228019 off 0.04611560937351834 neg 0.029504909003679667	false	0.5
lachnummer	off 1.0		__DUMMY__ 0.9271991984571287 off 0.04206011246754646 neg 0.030740689075324845	false	1.0
oder			__DUMMY__ 0.9289219483836799 off 0.041549131213491054 neg 0.029528920402828975	false	0.0
verfall	neg 1.0		__DUMMY__ 0.9325412174148038 off 0.03455813392876099 neg 0.032900648656435307	false	0.5
ausgrenzung	neg 1.0		__DUMMY__ 0.9253019136997392 off 0.043620904618795434 neg 0.031077181681465286	false	0.5
unordnung	neg 1.0		__DUMMY__ 0.9225009205533411 off 0.0499360369473121 neg 0.02756304249934686	false	0.5
fehlverhalten	neg 1.0		__DUMMY__ 0.9303407572494937 off 0.03829642291941635 neg 0.03136281983108992	false	0.5
eine			__DUMMY__ 0.9323327937108761 off 0.036305024524087834 neg 0.031362181765036155	false	0.0
nille	neg 1.0		__DUMMY__ 0.9283650385489305 off 0.041728246579649755 neg 0.029906714871419784	false	0.5
qual	neg 1.0		__DUMMY__ 0.9285323263332823 off 0.040957320833954404 neg 0.03051035283276335	false	0.5
verschwenden	neg 1.0		__DUMMY__ 0.9297454664947218 off 0.03783089521780926 neg 0.03242363828746902	false	0.5
riesig	neg 1.0		__DUMMY__ 0.9334733197844227 off 0.03775588931560681 neg 0.02877079089997044	false	0.5
verurteilen	neg 1.0		__DUMMY__ 0.9280683627311799 off 0.040127151396685316 neg 0.031804485872134726	false	0.5
klischee	neg 1.0	neg 1.0	neg 0.49887606745656304 __DUMMY__ 0.4601989809941187 off 0.040924951549318196	false	1.0
diktatorisch	neg 1.0		__DUMMY__ 0.9241005577999127 off 0.04386122500673918 neg 0.03203821719334811	false	0.5
vorhersehbar	neg 1.0		__DUMMY__ 0.9235198579469568 off 0.04421934124005561 neg 0.0322608008129876	false	0.5
sowie			__DUMMY__ 0.9175557134655064 off 0.05086610821141068 neg 0.03157817832308298	false	0.0
stornieren	neg 1.0		__DUMMY__ 0.9319019888903126 off 0.043516889271427266 neg 0.02458112183826014	false	0.5
besteuerung	neg 1.0	neg 1.0	neg 0.5011221902891473 __DUMMY__ 0.4605163205925981 off 0.03836148911825466	false	1.0
ungeschminkt	neg 1.0		__DUMMY__ 0.9230703982274706 off 0.047193737008105176 neg 0.029735864764424164	false	0.5
kritisch	neg 1.0		__DUMMY__ 0.9292797874797721 off 0.039747144480018086 neg 0.030973068040209852	false	0.5
schlamperei	off 1.0		__DUMMY__ 0.9306745857219518 off 0.038605588423953 neg 0.03071982585409527	false	1.0
sucht	neg 1.0	neg 1.0	neg 0.49458715132843445 __DUMMY__ 0.4672430923731228 off 0.03816975629844278	false	1.0
egoistisch	off 1.0	off 1.0	off 0.516427384352084 __DUMMY__ 0.4564161944170243 neg 0.0271564212308916	false	1.0
ausbeuter	off 1.0		__DUMMY__ 0.9287282151204789 off 0.038144958293343335 neg 0.03312682658617775	false	1.0
arschgeburt	off 1.0		__DUMMY__ 0.911337002900941 off 0.05936110075962191 neg 0.029301896339437028	false	1.0
schubs	neg 1.0		__DUMMY__ 0.9298074433508662 off 0.03821303537241833 neg 0.031979521276715515	false	0.5
unsolide	neg 1.0		__DUMMY__ 0.9250867870589852 off 0.04405544498736796 neg 0.030857767953646822	false	0.5
beschwerde	neg 1.0		__DUMMY__ 0.929875179053982 off 0.03992155017988844 neg 0.03020327076612961	false	0.5
stocken	neg 1.0		__DUMMY__ 0.9307257565908992 off 0.03899665071709887 neg 0.03027759269200197	false	0.5
isolieren	neg 1.0		__DUMMY__ 0.9299484493138931 off 0.03990344399193757 neg 0.03014810669416931	false	0.5
unheilbar	neg 1.0		__DUMMY__ 0.9264049981808576 off 0.041669656705375036 neg 0.031925345113767246	false	0.5
pisser	off 1.0	off 1.0	off 0.5144179424946168 __DUMMY__ 0.45994840062262776 neg 0.025633656882755453	false	1.0
löschen	neg 1.0		__DUMMY__ 0.9280469941232907 off 0.041857716741500135 neg 0.030095289135209105	false	0.5
durchfallen	neg 1.0		__DUMMY__ 0.9292846679115483 off 0.039410149292872614 neg 0.031305182795579076	false	0.5
wichser	off 1.0	off 1.0	off 0.5205795818460763 __DUMMY__ 0.45127798250469214 neg 0.02814243564923159	false	1.0
terror	neg 1.0		__DUMMY__ 0.9266768435061795 off 0.04395495968073836 neg 0.029368196813082153	false	0.5
krass	neg 1.0		__DUMMY__ 0.9198288515940265 off 0.050002590885147725 neg 0.03016855752082578	false	0.5
revolte	neg 1.0		__DUMMY__ 0.920947565534453 off 0.045029767693003625 neg 0.03402266677254336	false	0.5
besorgt	neg 1.0		__DUMMY__ 0.9314669467715205 off 0.03960516240392593 neg 0.028927890824553534	false	0.5
nachlassen	neg 1.0		__DUMMY__ 0.9314225444809522 off 0.038606618213107666 neg 0.029970837305940166	false	0.5
alt	neg 1.0		__DUMMY__ 0.927271706679632 off 0.03792479018372415 neg 0.03480350313664394	false	0.5
hundesohn	off 1.0	off 1.0	off 0.5200948107366569 __DUMMY__ 0.45420813548336414 neg 0.0256970537799789	false	1.0
als			__DUMMY__ 0.9285683590395181 off 0.039741776419553364 neg 0.03168986454092855	false	0.0
abschreckung	neg 1.0		__DUMMY__ 0.9305943204649353 off 0.037637315623877676 neg 0.031768363911187016	false	0.5
unqualifiziert	neg 1.0		__DUMMY__ 0.9238256506999363 off 0.04540072710463082 neg 0.03077362219543291	false	0.5
abgewichst	off 1.0		__DUMMY__ 0.9295022051847486 off 0.0409838336933022 neg 0.029513961121949216	false	1.0
schwer	neg 1.0		__DUMMY__ 0.9274615637663749 off 0.04095954533209201 neg 0.03157889090153317	false	0.5
bedeutungslosigkeit	neg 1.0		__DUMMY__ 0.9302388071360167 off 0.03804569781943134 neg 0.03171549504455195	false	0.5
kapitulation	neg 1.0		__DUMMY__ 0.9272256012082913 off 0.039565971163523166 neg 0.033208427628185454	false	0.5
unscharf	neg 1.0		__DUMMY__ 0.9232046214413528 off 0.04260753985041942 neg 0.03418783870822782	false	0.5
schwinden	neg 1.0		__DUMMY__ 0.9300658896325338 off 0.03810100963442667 neg 0.03183310073303949	false	0.5
versklavung	neg 1.0	neg 1.0	neg 0.4992117888312525 __DUMMY__ 0.4614257651481255 off 0.03936244602062206	false	1.0
schlecht	neg 1.0		__DUMMY__ 0.9244993170620925 off 0.046297484719057896 neg 0.02920319821884949	false	0.5
verhasst	neg 1.0		__DUMMY__ 0.9254953069691358 off 0.042935682034113576 neg 0.031569010996750496	false	0.5
beschweren	neg 1.0		__DUMMY__ 0.9272187396091002 off 0.04303982407651345 neg 0.02974143631438638	false	0.5
scheiden	neg 1.0		__DUMMY__ 0.9284740674541668 off 0.04099029264751897 neg 0.030535639898314298	false	0.5
frustriert	neg 1.0		__DUMMY__ 0.9289525550682334 off 0.04030285780310632 neg 0.03074458712866027	false	0.5
schimmelig	neg 1.0		__DUMMY__ 0.9296258949744008 off 0.038141171412360474 neg 0.03223293361323872	false	0.5
fisch	neg 1.0		__DUMMY__ 0.930443764085084 off 0.035391501110164945 neg 0.034164734804751073	false	0.5
schmuggel	neg 1.0		__DUMMY__ 0.9338919361387706 off 0.03639550273556298 neg 0.02971256112566648	false	0.5
auffallen	neg 1.0		__DUMMY__ 0.9261603430627222 off 0.04339132596894409 neg 0.03044833096833366	false	0.5
konkurrenz	neg 1.0		__DUMMY__ 0.9323515836256058 off 0.0376902451623101 neg 0.02995817121208407	false	0.5
teufelskreis	neg 1.0	neg 1.0	neg 0.5005659236877525 __DUMMY__ 0.4620822670054951 off 0.037351809306752304	false	1.0
aufschreien	neg 1.0		__DUMMY__ 0.9243107925534833 off 0.04401103049855871 neg 0.03167817694795801	false	0.5
schuldner	neg 1.0		__DUMMY__ 0.9287776194245793 off 0.03789487459580722 neg 0.03332750597961359	false	0.5
missgeburt	off 1.0	off 1.0	off 0.5183758604064733 __DUMMY__ 0.45749152740629134 neg 0.02413261218723534	false	1.0
arbeitslos	neg 1.0		__DUMMY__ 0.9293400870024885 off 0.039430847019370927 neg 0.031229065978140496	false	0.5
befallen	neg 1.0		__DUMMY__ 0.9272645375435226 off 0.040850960931879864 neg 0.031884501524597646	false	0.5
miesepetrig	off 1.0	off 1.0	off 0.5111510278904409 __DUMMY__ 0.4604876807771515 neg 0.028361291332407623	false	1.0
alarmieren	neg 1.0		__DUMMY__ 0.9242926137157074 off 0.04580498127486598 neg 0.029902405009426574	false	0.5
ungeduscht	off 1.0		__DUMMY__ 0.9243153602298867 off 0.04450760820761961 neg 0.03117703156249375	false	1.0
knappheit	neg 1.0		__DUMMY__ 0.9278478482264175 off 0.039714202709708754 neg 0.0324379490638737	false	0.5
schlange	neg 1.0		__DUMMY__ 0.928826483822186 off 0.041478348683240344 neg 0.02969516749457363	false	0.5
harsch	neg 1.0		__DUMMY__ 0.9242944514974464 off 0.049769063500005775 neg 0.025936485002547954	false	0.5
lang	neg 1.0		__DUMMY__ 0.9275066682880728 off 0.04251276824234755 neg 0.029980563469579623	false	0.5
ziellos	neg 1.0		__DUMMY__ 0.9318342857450543 off 0.03789417151325719 neg 0.030271542741688365	false	0.5
selbstverliebt	neg 1.0		__DUMMY__ 0.9140061556887482 off 0.056540384045086226 neg 0.029453460266165608	false	0.5
beseitigen	neg 1.0		__DUMMY__ 0.9326369601308305 off 0.041182048512106106 neg 0.026180991357063303	false	0.5
dumm	off 1.0		__DUMMY__ 0.917293461449417 off 0.052076774527201816 neg 0.030629764023381155	false	1.0
arbeitsloser	neg 1.0		__DUMMY__ 0.9317073332417793 off 0.03951401101529495 neg 0.028778655742925714	false	0.5
blitzen	neg 1.0		__DUMMY__ 0.9244901251358124 off 0.04484614765995488 neg 0.030663727204232702	false	0.5
hilflos	neg 1.0		__DUMMY__ 0.9293685434964362 off 0.03930887712930168 neg 0.03132257937426218	false	0.5
eklig	off 1.0		__DUMMY__ 0.9159027662049349 off 0.05239586257978663 neg 0.03170137121527853	false	1.0
begriff			__DUMMY__ 0.9275419482714456 off 0.04112944448952002 neg 0.03132860723903425	false	0.0
hungersnot	neg 1.0		__DUMMY__ 0.9266004793725229 off 0.03972029031456127 neg 0.03367923031291584	false	0.5
ungesetzlich	neg 1.0		__DUMMY__ 0.9243185564745592 off 0.044006767684144084 neg 0.03167467584129678	false	0.5
verschwendung	neg 1.0		__DUMMY__ 0.9303499560854425 off 0.037870028773710394 neg 0.031780015140847176	false	0.5
schmerzvoll	neg 1.0		__DUMMY__ 0.9258000476062307 off 0.04268444543909791 neg 0.0315155069546714	false	0.5
vorzeitig	neg 1.0		__DUMMY__ 0.9256951177137815 off 0.04575913513490792 neg 0.02854574715131051	false	0.5
unvollkommenheit	neg 1.0		__DUMMY__ 0.9293760444303925 off 0.03991595597011851 neg 0.030707999599488955	false	0.5
intervenieren	neg 1.0		__DUMMY__ 0.9285381532267785 off 0.038691831755241136 neg 0.03277001501798046	false	0.5
banause	off 1.0		__DUMMY__ 0.9127789787475145 off 0.05378724628006502 neg 0.033433774972420525	false	1.0
rebell	neg 1.0		__DUMMY__ 0.9335965342743061 off 0.03427009156684795 neg 0.03213337415884602	false	0.5
unlogisch	neg 1.0		__DUMMY__ 0.9208863593711551 off 0.04843258397461861 neg 0.030681056654226126	false	0.5
leiden	neg 1.0		__DUMMY__ 0.9344770094828021 off 0.0362287219956362 neg 0.029294268521561726	false	0.5
abschaffung	neg 1.0		__DUMMY__ 0.9258026884063123 off 0.042514921244075535 neg 0.03168239034961222	false	0.5
sturz	neg 1.0		__DUMMY__ 0.9304344311111522 off 0.043143322924560586 neg 0.026422245964287213	false	0.5
verkleinerung	neg 1.0		__DUMMY__ 0.9224260461526628 off 0.04530190987562242 neg 0.03227204397171482	false	0.5
schmarotzer	off 1.0		__DUMMY__ 0.9280167623850888 off 0.04023688782086771 neg 0.03174634979404349	false	1.0
bestrafung	neg 1.0	neg 1.0	neg 0.4976333842365948 __DUMMY__ 0.4641794708531506 off 0.03818714491025463	false	1.0
achtlos	neg 1.0		__DUMMY__ 0.9292149973348738 off 0.04015804768422638 neg 0.030626954980899825	false	0.5
