unsolidarisch	neg 1.0		off 0.3832746611014704 __DUMMY__ 0.32719404915782657 neg 0.2895312897407031	false	0.5
nachteilig	neg 1.0		off 0.38123913039573104 __DUMMY__ 0.33196654660902614 neg 0.2867943229952427	false	0.5
skeptisch	neg 1.0		off 0.3786764894203547 __DUMMY__ 0.33120168801721994 neg 0.29012182256242536	false	0.5
schrecklich	neg 1.0		off 0.3925101640186207 __DUMMY__ 0.3244109491366694 neg 0.2830788868447098	false	0.5
schlapp	neg 1.0	neg 1.0	neg 0.6278620575810819 off 0.21479484554074754 __DUMMY__ 0.15734309687817052	false	1.0
abfall	neg 1.0		off 0.37606445369796687 __DUMMY__ 0.33323897199345026 neg 0.29069657430858287	false	0.5
widerspenstig	neg 1.0		off 0.3822652586430155 __DUMMY__ 0.32853967010874063 neg 0.28919507124824373	false	0.5
abrupt	neg 1.0		off 0.37795466588918847 __DUMMY__ 0.3309625343625191 neg 0.29108279974829254	false	0.5
unwirksam	neg 1.0		off 0.3821627347429868 __DUMMY__ 0.3263844095772204 neg 0.2914528556797927	false	0.5
angreifen	neg 1.0		off 0.3779953389907114 __DUMMY__ 0.3314014787099373 neg 0.29060318229935117	false	0.5
inkonsistent	neg 1.0		off 0.3856030318457797 __DUMMY__ 0.3268727075007214 neg 0.28752426065349884	false	0.5
abrutschen	neg 1.0		off 0.3752855287884448 __DUMMY__ 0.3329061237070893 neg 0.29180834750446605	false	0.5
unsicher	neg 1.0		off 0.38368377837281353 __DUMMY__ 0.3295445428900935 neg 0.286771678737093	false	0.5
bauernkind	off 1.0	off 1.0	off 0.687572218943671 neg 0.15732227182415587 __DUMMY__ 0.1551055092321732	false	1.0
angreifer	neg 1.0		off 0.3891295047893325 __DUMMY__ 0.32919697150228727 neg 0.28167352370838006	false	0.5
trennen	neg 1.0		off 0.37834662430676497 __DUMMY__ 0.33215292633978455 neg 0.28950044935345054	false	0.5
schmutz	neg 1.0		off 0.39079370304764166 __DUMMY__ 0.33197380255445935 neg 0.27723249439789904	false	0.5
inkonsistenz	neg 1.0		off 0.3881943268498011 __DUMMY__ 0.32630234507282185 neg 0.28550332807737705	false	0.5
erschreckend	neg 1.0		off 0.3825222387992851 __DUMMY__ 0.3292151466494161 neg 0.28826261455129887	false	0.5
ertrinken	neg 1.0		off 0.3770871699646111 __DUMMY__ 0.3310700548187808 neg 0.29184277521660806	false	0.5
pickelface	off 1.0		off 0.38496707418427123 __DUMMY__ 0.3295662417666818 neg 0.2854666840490469	false	1.0
seiner			off 0.378979785124545 __DUMMY__ 0.3318601585684039 neg 0.28916005630705105	false	0.0
lauch	neg 1.0	neg 1.0	neg 0.6302452771813661 off 0.20834879314882956 __DUMMY__ 0.16140592966980427	false	1.0
unwichtig	neg 1.0		off 0.388191489957922 __DUMMY__ 0.3263773958934704 neg 0.2854311141486076	false	0.5
steuerhinterziehung	neg 1.0		off 0.38177201747184164 __DUMMY__ 0.32813307952867193 neg 0.2900949029994863	false	0.5
schock	neg 1.0		off 0.38199559785655457 __DUMMY__ 0.3300488801281213 neg 0.28795552201532404	false	0.5
beule	neg 1.0		off 0.3904308733071653 __DUMMY__ 0.32497702052287764 neg 0.28459210616995706	false	0.5
vergelten	neg 1.0		off 0.39462955374882897 __DUMMY__ 0.3250332776537865 neg 0.28033716859738445	false	0.5
verdorbenheit	neg 1.0		off 0.38631563566582205 __DUMMY__ 0.3299779022612368 neg 0.2837064620729411	false	0.5
trauma	neg 1.0		off 0.3849052653106204 __DUMMY__ 0.32822865387792427 neg 0.2868660808114552	false	0.5
sinnlos	neg 1.0		off 0.38559561341841336 __DUMMY__ 0.32820086955442923 neg 0.2862035170271575	false	0.5
fettsack	off 1.0	off 1.0	off 0.6888230230930765 neg 0.15583270478181652 __DUMMY__ 0.15534427212510699	false	1.0
feige	off 1.0	off 1.0	off 0.6850637912274098 neg 0.15796055264350778 __DUMMY__ 0.15697565612908243	false	1.0
abdanken	neg 1.0		off 0.3833409963747238 __DUMMY__ 0.32943824403905203 neg 0.28722075958622434	false	0.5
wichtigtuer	off 1.0	off 1.0	off 0.6834929185191635 neg 0.15833909768037946 __DUMMY__ 0.15816798380045702	false	1.0
misslingen	neg 1.0		off 0.38759514342274065 __DUMMY__ 0.33098580565881663 neg 0.28141905091844266	false	0.5
untreu	off 1.0		off 0.3894590927388292 __DUMMY__ 0.32579488404838225 neg 0.2847460232127885	false	1.0
missmutig	neg 1.0		off 0.386258079055201 __DUMMY__ 0.3262926572640588 neg 0.2874492636807402	false	0.5
hurenbock	off 1.0		off 0.3840946413305654 __DUMMY__ 0.32861004111281983 neg 0.2872953175566148	false	1.0
betrunken	neg 1.0		off 0.3913469717089106 __DUMMY__ 0.3248077270370033 neg 0.2838453012540862	false	0.5
korrupt	off 1.0		off 0.380765439521425 __DUMMY__ 0.3278296431639595 neg 0.2914049173146153	false	1.0
unmut	neg 1.0		off 0.37695867507898156 __DUMMY__ 0.332124057232846 neg 0.29091726768817233	false	0.5
hackfresse	off 1.0		off 0.39702758607397126 __DUMMY__ 0.3220826551439981 neg 0.2808897587820306	false	1.0
aufblasen	neg 1.0		off 0.3837433578428923 __DUMMY__ 0.3287640912239273 neg 0.28749255093318044	false	0.5
gewaltsam	neg 1.0		off 0.38411267488242307 __DUMMY__ 0.3300838623765599 neg 0.2858034627410169	false	0.5
unbeliebtheit	neg 1.0		off 0.39038926857912976 __DUMMY__ 0.3264670480945732 neg 0.28314368332629714	false	0.5
sturheit	neg 1.0		off 0.38285400961738786 __DUMMY__ 0.32971027007155473 neg 0.28743572031105746	false	0.5
kuh	neg 1.0		off 0.38437814029291606 __DUMMY__ 0.32454081331444257 neg 0.2910810463926414	false	0.5
erschrecken	neg 1.0		off 0.3876913465827315 __DUMMY__ 0.32723203941928686 neg 0.2850766139979818	false	0.5
opfer	neg 1.0		off 0.3804633194327606 __DUMMY__ 0.3311084684020912 neg 0.28842821216514836	false	0.5
sinken	neg 1.0		off 0.37708112159580254 __DUMMY__ 0.3313150203641373 neg 0.29160385804006017	false	0.5
stinktier	neg 1.0		off 0.39329571111948414 __DUMMY__ 0.32136114706342783 neg 0.28534314181708814	false	0.5
tucke	off 1.0		off 0.3980452641556983 __DUMMY__ 0.3196681040302748 neg 0.28228663181402697	false	1.0
ein			off 0.38176186081104174 __DUMMY__ 0.3284078783648671 neg 0.2898302608240912	false	0.0
abstieg	neg 1.0		off 0.3830270889049444 __DUMMY__ 0.33183922620843925 neg 0.2851336848866164	false	0.5
missverstehen	neg 1.0		off 0.38606690894039186 __DUMMY__ 0.32732569631461655 neg 0.28660739474499164	false	0.5
ergebnislos	neg 1.0		off 0.3810739406821386 __DUMMY__ 0.33203126951453166 neg 0.28689478980332966	false	0.5
unter			off 0.37277759360286356 __DUMMY__ 0.3361582594845094 neg 0.291064146912627	false	0.0
manipulieren	neg 1.0		off 0.37943849658746387 __DUMMY__ 0.3314230921494701 neg 0.28913841126306594	false	0.5
unbewiesen	neg 1.0		off 0.3842902187145895 __DUMMY__ 0.32789183533533045 neg 0.28781794595008015	false	0.5
verschleppen	neg 1.0		off 0.38025920924290973 __DUMMY__ 0.32964234844573653 neg 0.29009844231135384	false	0.5
weib	off 1.0		off 0.3992178736426071 __DUMMY__ 0.3208855823914943 neg 0.27989654396589875	false	1.0
opposition	neg 1.0		off 0.38464039862430643 __DUMMY__ 0.3274204326276287 neg 0.2879391687480648	false	0.5
verkehrswidrig	neg 1.0		off 0.39700593338900986 __DUMMY__ 0.326561724598761 neg 0.2764323420122292	false	0.5
inkorrekt	neg 1.0		off 0.3918109312499705 __DUMMY__ 0.32393610277553475 neg 0.2842529659744948	false	0.5
vermeiden	neg 1.0		off 0.3761032534610713 __DUMMY__ 0.33435901506291493 neg 0.2895377314760138	false	0.5
abweichung	neg 1.0		off 0.3822420525321206 __DUMMY__ 0.331058334499778 neg 0.2866996129681014	false	0.5
alkoholisiert	neg 1.0		off 0.38238105819529083 __DUMMY__ 0.33506380055677837 neg 0.28255514124793063	false	0.5
scheiss	off 1.0	off 1.0	off 0.6860720200626896 neg 0.15723524919411044 __DUMMY__ 0.1566927307432	false	1.0
herausforderung	neg 1.0		off 0.3813532089526287 __DUMMY__ 0.3305902341442875 neg 0.28805655690308385	false	0.5
pervers	off 1.0		off 0.40131952295059703 __DUMMY__ 0.31961584400084075 neg 0.27906463304856227	false	1.0
wackelig	neg 1.0		off 0.38131112454329047 __DUMMY__ 0.3307823324731586 neg 0.2879065429835509	false	0.5
verwickeln	neg 1.0		off 0.3851864392137511 __DUMMY__ 0.32778386415447475 neg 0.2870296966317742	false	0.5
vorwand	neg 1.0		off 0.3777433957293825 __DUMMY__ 0.33169705311152553 neg 0.29055955115909193	false	0.5
muschi	off 1.0		off 0.38431455504638223 __DUMMY__ 0.33054172657720177 neg 0.2851437183764161	false	1.0
entmutigung	neg 1.0		off 0.3844253442984286 __DUMMY__ 0.3258987999736002 neg 0.289675855727971	false	0.5
unangemessen	neg 1.0		off 0.38214233797504066 __DUMMY__ 0.3294281735970206 neg 0.28842948842793886	false	0.5
unstetig	neg 1.0		off 0.3885744010934309 __DUMMY__ 0.3277904526312512 neg 0.28363514627531794	false	0.5
entmutigen	neg 1.0		off 0.38357780886763276 __DUMMY__ 0.3277221091103352 neg 0.2887000820220319	false	0.5
schwanz	neg 1.0		off 0.38205648246898904 __DUMMY__ 0.33122903358795025 neg 0.28671448394306076	false	0.5
verbot	neg 1.0		off 0.38156348784149463 __DUMMY__ 0.3291191816257588 neg 0.28931733053274644	false	0.5
leid	neg 1.0		off 0.39406597419727557 __DUMMY__ 0.3234475312113965 neg 0.282486494591328	false	0.5
archaisch	neg 1.0		off 0.3816338639632663 __DUMMY__ 0.3292825688531163 neg 0.28908356718361744	false	0.5
gegen			off 0.3782500480079087 __DUMMY__ 0.3328068492528345 neg 0.28894310273925666	false	0.0
scheidung	neg 1.0		off 0.4079055146167603 __DUMMY__ 0.3214316232353367 neg 0.27066286214790297	false	0.5
einschlag	neg 1.0		off 0.39471887016954915 __DUMMY__ 0.3261928022075031 neg 0.2790883276229476	false	0.5
m			off 0.38203382232103356 __DUMMY__ 0.33069476537528547 neg 0.287271412303681	false	0.0
abgestanden	neg 1.0		off 0.3811999301539299 __DUMMY__ 0.3260783329155302 neg 0.2927217369305398	false	0.5
schmierig	off 1.0		off 0.39351396225806334 __DUMMY__ 0.3233890292444258 neg 0.28309700849751085	false	1.0
unpraktisch	neg 1.0		off 0.3853524450755989 __DUMMY__ 0.3288064063211967 neg 0.28584114860320425	false	0.5
wixxer	off 1.0		off 0.4013935806738847 __DUMMY__ 0.3190525226667316 neg 0.27955389665938374	false	1.0
bezeichnet			off 0.3840681327273611 __DUMMY__ 0.32916810072811675 neg 0.2867637665445221	false	0.0
jammerlappen	off 1.0		off 0.38848851709456733 __DUMMY__ 0.3262900057809545 neg 0.2852214771244781	false	1.0
farce	neg 1.0		off 0.3829009454185341 __DUMMY__ 0.32805027197200437 neg 0.28904878260946154	false	0.5
zwecklos	neg 1.0		off 0.3808506814138991 __DUMMY__ 0.3295474075316966 neg 0.2896019110544042	false	0.5
turbulent	neg 1.0		off 0.39159119087974437 __DUMMY__ 0.3258446164743396 neg 0.2825641926459161	false	0.5
invasion	neg 1.0		off 0.3864457439289145 __DUMMY__ 0.3279018958103872 neg 0.2856523602606982	false	0.5
schuld	neg 1.0		off 0.3846427863510976 __DUMMY__ 0.3283171542731781 neg 0.28704005937572413	false	0.5
risiko	neg 1.0		off 0.38589254541257684 __DUMMY__ 0.3279045742805292 neg 0.2862028803068939	false	0.5
finster	neg 1.0		off 0.38208942584341726 __DUMMY__ 0.3278846911871001 neg 0.29002588296948256	false	0.5
geisteskrank	off 1.0		off 0.39069216765275744 __DUMMY__ 0.32468297975936994 neg 0.2846248525878725	false	1.0
zusammenbrechen	neg 1.0		off 0.38116419475018837 __DUMMY__ 0.3296059448564303 neg 0.28922986039338133	false	0.5
ausbeute	neg 1.0		off 0.38335275428757853 __DUMMY__ 0.3305963958887871 neg 0.2860508498236344	false	0.5
hinterhalt	neg 1.0		off 0.3824679821901143 __DUMMY__ 0.32987604060036607 neg 0.2876559772095195	false	0.5
kritik	neg 1.0		off 0.3823983065841551 __DUMMY__ 0.3279565110440219 neg 0.289645182371823	false	0.5
einschrumpfen	neg 1.0		off 0.38838800028015624 __DUMMY__ 0.32565305744061696 neg 0.28595894227922686	false	0.5
riskant	neg 1.0		off 0.37887391594042125 __DUMMY__ 0.33103228182698935 neg 0.29009380223258935	false	0.5
frustrieren	neg 1.0		off 0.37943733307339594 __DUMMY__ 0.3302593426978737 neg 0.29030332422873023	false	0.5
groll	neg 1.0		off 0.38163969167063383 __DUMMY__ 0.33006193361261077 neg 0.28829837471675535	false	0.5
gibt			off 0.3811848300592552 __DUMMY__ 0.33030046657438905 neg 0.2885147033663558	false	0.0
qualvoll	neg 1.0		off 0.3853341658314071 __DUMMY__ 0.327636645154684 neg 0.2870291890139088	false	0.5
wackeln	neg 1.0		off 0.3835191093035177 __DUMMY__ 0.32939588870921505 neg 0.2870850019872673	false	0.5
klagen	neg 1.0		off 0.37788187184594163 __DUMMY__ 0.3314274767685566 neg 0.2906906513855018	false	0.5
bankrott	neg 1.0		off 0.3894228250167896 __DUMMY__ 0.3279777792908794 neg 0.2825993956923311	false	0.5
trauern	neg 1.0		off 0.3804804758189468 __DUMMY__ 0.3326513121186166 neg 0.2868682120624367	false	0.5
ablehnung	neg 1.0		off 0.3823841723355815 __DUMMY__ 0.32886428450577077 neg 0.2887515431586476	false	0.5
stur	neg 1.0		off 0.384243326944313 __DUMMY__ 0.3278926454240833 neg 0.28786402763160374	false	0.5
aufruhr	neg 1.0		off 0.38272244840777114 __DUMMY__ 0.32790403662729883 neg 0.28937351496493	false	0.5
melancholie	neg 1.0		off 0.37768117902145387 __DUMMY__ 0.33013747908094765 neg 0.29218134189759853	false	0.5
ist			off 0.3851835578002016 __DUMMY__ 0.32816074710347815 neg 0.2866556950963202	false	0.0
torheit	neg 1.0		off 0.3844643526327689 __DUMMY__ 0.32793577115773 neg 0.28759987620950106	false	0.5
dreckskind	off 1.0		off 0.39835019237827585 __DUMMY__ 0.321586610205815 neg 0.28006319741590896	false	1.0
umtauschen	neg 1.0		off 0.38299998426277965 __DUMMY__ 0.32936631459820753 neg 0.28763370113901277	false	0.5
zum			off 0.377627334918389 __DUMMY__ 0.3359581773769567 neg 0.28641448770465416	false	0.0
zersetzen	neg 1.0		off 0.3782179172809231 __DUMMY__ 0.3305201319845377 neg 0.29126195073453925	false	0.5
zur			off 0.3763321426151866 __DUMMY__ 0.33441284416101075 neg 0.2892550132238027	false	0.0
frust	neg 1.0		off 0.38087757089414664 __DUMMY__ 0.3297052639287577 neg 0.28941716517709565	false	0.5
unerbittlichkeit	neg 1.0		off 0.37996079401178234 __DUMMY__ 0.33114761314984925 neg 0.2888915928383683	false	0.5
zwei			off 0.37568755116552294 __DUMMY__ 0.33451025029485987 neg 0.28980219853961703	false	0.0
unkorrekt	neg 1.0		off 0.39075796039071775 __DUMMY__ 0.3245855402247941 neg 0.2846564993844881	false	0.5
hexe	off 1.0		off 0.38736930830659705 __DUMMY__ 0.3252895486978965 neg 0.2873411429955064	false	1.0
lasch	neg 1.0		off 0.38763245408900504 __DUMMY__ 0.3267166261454605 neg 0.2856509197655344	false	0.5
rivale	neg 1.0		off 0.3932014417789811 __DUMMY__ 0.32498663076522016 neg 0.28181192745579864	false	0.5
mutlos	off 1.0	off 1.0	off 0.6801754119602901 neg 0.16044055899248827 __DUMMY__ 0.15938402904722154	false	1.0
wirr	off 1.0		off 0.392757464392305 __DUMMY__ 0.3236270166514672 neg 0.28361551895622766	false	1.0
jahr			off 0.38117262652180595 __DUMMY__ 0.33372877977332566 neg 0.2850985937048684	false	0.0
wird			off 0.38077197571183624 __DUMMY__ 0.33069957438403447 neg 0.2885284499041293	false	0.0
strafbar	neg 1.0		off 0.37937478816038694 __DUMMY__ 0.3307152396163033 neg 0.28990997222330983	false	0.5
erosion	neg 1.0		off 0.3842103945165419 __DUMMY__ 0.3293538204150107 neg 0.2864357850684473	false	0.5
eingehen	neg 1.0		off 0.37894302974715194 __DUMMY__ 0.33003144030901355 neg 0.29102552994383446	false	0.5
faul	off 1.0		off 0.3884059637625498 __DUMMY__ 0.32734918911407185 neg 0.28424484712337833	false	1.0
provisorium	neg 1.0		off 0.37305347002875333 __DUMMY__ 0.336321935022233 neg 0.29062459494901366	false	0.5
schmerzen	neg 1.0		off 0.3812508428285404 __DUMMY__ 0.3284821094278757 neg 0.290267047743584	false	0.5
schrumpfen	neg 1.0		off 0.37448576057254734 __DUMMY__ 0.3322928721603164 neg 0.29322136726713627	false	0.5
geistlos	off 1.0		off 0.3853716373650887 __DUMMY__ 0.3261124117631505 neg 0.28851595087176085	false	1.0
fehlkauf	neg 1.0		off 0.38622716030154125 __DUMMY__ 0.32757839269382594 neg 0.2861944470046329	false	0.5
frustrierend	neg 1.0		off 0.3869894739300317 __DUMMY__ 0.3266859097861371 neg 0.2863246162838311	false	0.5
unzufrieden	neg 1.0		off 0.38105883631365906 __DUMMY__ 0.33006766917535707 neg 0.28887349451098393	false	0.5
verzweifeln	neg 1.0		off 0.3824330388129448 __DUMMY__ 0.32957021452506546 neg 0.2879967466619898	false	0.5
verzweifelt	neg 1.0		off 0.38442537684594397 __DUMMY__ 0.3279984338126509 neg 0.2875761893414052	false	0.5
misstrauensantrag	neg 1.0		off 0.38554053633218444 __DUMMY__ 0.3277043942617247 neg 0.28675506940609086	false	0.5
abfallen	neg 1.0		off 0.3835779159995266 __DUMMY__ 0.32882587002260383 neg 0.28759621397786955	false	0.5
fucker	off 1.0		off 0.3927593248396759 __DUMMY__ 0.32556120048306264 neg 0.2816794746772614	false	1.0
ungezogen	neg 1.0		off 0.3993732865072487 __DUMMY__ 0.3211026449685546 neg 0.2795240685241968	false	0.5
irrsinnig	neg 1.0	neg 1.0	neg 0.6292415204974768 off 0.2122824581861311 __DUMMY__ 0.15847602131639207	false	1.0
unfassbar	neg 1.0		off 0.3896264774448533 __DUMMY__ 0.3260686998481404 neg 0.28430482270700624	false	0.5
hart	neg 1.0		off 0.38936286544454696 __DUMMY__ 0.32488637256904807 neg 0.285750761986405	false	0.5
widerlich	off 1.0		off 0.38972365325419606 __DUMMY__ 0.3252510393735222 neg 0.2850253073722818	false	1.0
fatal	neg 1.0	neg 1.0	neg 0.6298802226728771 off 0.21275498215111574 __DUMMY__ 0.15736479517600718	false	1.0
bruch	neg 1.0		off 0.37659942396053825 __DUMMY__ 0.3322642311276656 neg 0.2911363449117963	false	0.5
aushungern	neg 1.0		off 0.3813249612757598 __DUMMY__ 0.32861509892571933 neg 0.2900599397985208	false	0.5
anspannung	neg 1.0		off 0.3757278770130168 __DUMMY__ 0.3344293634092548 neg 0.2898427595777284	false	0.5
von			off 0.37923247367978935 __DUMMY__ 0.33273144747664113 neg 0.28803607884356947	false	0.0
kraftlos	neg 1.0		off 0.38032426241505235 __DUMMY__ 0.3300502913761157 neg 0.2896254462088321	false	0.5
vom			off 0.3746788198685378 __DUMMY__ 0.3373119935674141 neg 0.2880091865640481	false	0.0
grenzdebil	off 1.0		off 0.38954809117289824 __DUMMY__ 0.32542383464216057 neg 0.2850280741849411	false	1.0
vor			off 0.3770027301015978 __DUMMY__ 0.3323101635128888 neg 0.2906871063855134	false	0.0
unterwerfen	neg 1.0		off 0.38041547357421107 __DUMMY__ 0.33082214354671174 neg 0.2887623828790772	false	0.5
versenkung	neg 1.0		off 0.3799987001671566 __DUMMY__ 0.3313041774549264 neg 0.28869712237791706	false	0.5
entziehen	neg 1.0		off 0.377710885508804 __DUMMY__ 0.3318090614821771 neg 0.2904800530090189	false	0.5
finanzkrise	neg 1.0		off 0.3804967154580963 __DUMMY__ 0.32602176911998804 neg 0.2934815154219156	false	0.5
schimpfend	neg 1.0		off 0.3853132295642364 __DUMMY__ 0.32960645995585786 neg 0.28508031047990556	false	0.5
profan	neg 1.0		off 0.3856641904698301 __DUMMY__ 0.3275318883257276 neg 0.2868039212044423	false	0.5
korruption	neg 1.0		off 0.38045542074557986 __DUMMY__ 0.32853304204464573 neg 0.29101153720977435	false	0.5
â			off 0.3810298151461292 __DUMMY__ 0.33058227461136913 neg 0.28838791024250177	false	0.0
schmutzig	neg 1.0		off 0.38981554918401057 __DUMMY__ 0.32550611141206115 neg 0.2846783394039283	false	0.5
sexy	neg 1.0		off 0.38801512694276474 __DUMMY__ 0.32766996105222723 neg 0.2843149120050079	false	0.5
abraten	neg 1.0		off 0.38591502759367474 __DUMMY__ 0.3285218113569059 neg 0.2855631610494195	false	0.5
schwarz	neg 1.0		off 0.3861311314675241 __DUMMY__ 0.328144324466705 neg 0.28572454406577086	false	0.5
fotze	off 1.0	off 1.0	off 0.6816436031579453 __DUMMY__ 0.16017683635619354 neg 0.15817956048586113	false	1.0
verwirren	neg 1.0		off 0.3861260972907692 __DUMMY__ 0.3276579537160848 neg 0.286215948993146	false	0.5
zahnlos	off 1.0		off 0.3816794717920947 __DUMMY__ 0.32929829773056823 neg 0.2890222304773371	false	1.0
verheeren	neg 1.0		off 0.40111914531094217 __DUMMY__ 0.320991821115528 neg 0.27788903357353	false	0.5
hippie	neg 1.0		off 0.3875341019856944 __DUMMY__ 0.32764378121641813 neg 0.28482211679788755	false	0.5
rammen	neg 1.0		off 0.3857552153568565 __DUMMY__ 0.3301225703773039 neg 0.2841222142658396	false	0.5
unlauter	neg 1.0		off 0.3858693653661519 __DUMMY__ 0.32790123638035046 neg 0.2862293982534975	false	0.5
unheilvoll	neg 1.0		off 0.3841234347465773 __DUMMY__ 0.3277130837844383 neg 0.2881634814689843	false	0.5
niedrig	neg 1.0		off 0.38054170555086325 __DUMMY__ 0.33017059740533894 neg 0.289287697043798	false	0.5
explosion	neg 1.0		off 0.38771622801183697 __DUMMY__ 0.3279547210938474 neg 0.28432905089431576	false	0.5
weichei	off 1.0	off 1.0	off 0.6879239622313569 neg 0.15694987213543932 __DUMMY__ 0.15512616563320375	false	1.0
minusmensch	off 1.0		off 0.40104310862524367 __DUMMY__ 0.3211465973107017 neg 0.27781029406405466	false	1.0
farblos	neg 1.0		off 0.385773764051746 __DUMMY__ 0.3291675042476482 neg 0.28505873170060575	false	0.5
unwissend	neg 1.0	neg 1.0	neg 0.6283609334145267 off 0.21439627476830983 __DUMMY__ 0.15724279181716344	false	1.0
traurig	neg 1.0		off 0.39217479137542055 __DUMMY__ 0.3246971321348944 neg 0.283128076489685	false	0.5
senkung	neg 1.0		off 0.3848355592168341 __DUMMY__ 0.325456103527501 neg 0.289708337255665	false	0.5
ungleich	neg 1.0	neg 1.0	neg 0.630309025544899 off 0.20999926055650484 __DUMMY__ 0.15969171389859615	false	1.0
heikel	neg 1.0		off 0.37892839853328575 __DUMMY__ 0.330851493753075 neg 0.2902201077136392	false	0.5
drosselung	neg 1.0		off 0.3898142604754481 __DUMMY__ 0.32505477102324015 neg 0.28513096850131175	false	0.5
falsch	neg 1.0		off 0.38779557540707293 __DUMMY__ 0.32715377891913366 neg 0.2850506456737935	false	0.5
unzufriedenheit	neg 1.0		off 0.37830105264713726 __DUMMY__ 0.33049844905954323 neg 0.29120049829331934	false	0.5
kurz	neg 1.0		off 0.3820015741389063 __DUMMY__ 0.33079660066084265 neg 0.28720182520025095	false	0.5
unsinnig	neg 1.0		off 0.3817372276961937 __DUMMY__ 0.32847311306072535 neg 0.289789659243081	false	0.5
penner	off 1.0	off 1.0	off 0.6891978841644816 neg 0.15586752058856548 __DUMMY__ 0.15493459524695294	false	1.0
seicht	neg 1.0		off 0.3967582898485856 __DUMMY__ 0.31965060599448536 neg 0.28359110415692906	false	0.5
dummheit	off 1.0	off 1.0	off 0.6832119655262181 neg 0.15913737080723922 __DUMMY__ 0.15765066366654268	false	1.0
unerfreulich	neg 1.0		off 0.37884391883538104 __DUMMY__ 0.33122591826884584 neg 0.28993016289577306	false	0.5
motherfucker	off 1.0	off 1.0	off 0.686584732846654 __DUMMY__ 0.15694883564764825 neg 0.15646643150569778	false	1.0
pikiert	neg 1.0		off 0.3883695039006819 __DUMMY__ 0.32547893834713304 neg 0.2861515577521852	false	0.5
wrack	neg 1.0		off 0.3843982348738472 __DUMMY__ 0.332940808522547 neg 0.28266095660360574	false	0.5
gangster	neg 1.0		off 0.3876518247237871 __DUMMY__ 0.32743684602498546 neg 0.2849113292512274	false	0.5
krank	neg 1.0		off 0.39004391835720525 __DUMMY__ 0.32587401825837436 neg 0.2840820633844204	false	0.5
reich	neg 1.0		off 0.3872591791896874 __DUMMY__ 0.32582313215626757 neg 0.2869176886540451	false	0.5
gnadenlos	neg 1.0		off 0.38487689422966015 __DUMMY__ 0.3289604803442456 neg 0.2861626254260942	false	0.5
niedergeschlagen	neg 1.0		off 0.38148401440912 __DUMMY__ 0.3307841008078341 neg 0.2877318847830459	false	0.5
terrorisieren	off 1.0	off 1.0	off 0.6797083922598551 neg 0.1603774192274117 __DUMMY__ 0.15991418851273326	false	1.0
sinnlosigkeit	neg 1.0		off 0.3814055975620504 __DUMMY__ 0.3296906150704113 neg 0.28890378736753836	false	0.5
behindern	neg 1.0		off 0.383223637322627 __DUMMY__ 0.32893535008753083 neg 0.2878410125898421	false	0.5
undemokratisch	neg 1.0		off 0.3854618081508709 __DUMMY__ 0.3272323585253581 neg 0.287305833323771	false	0.5
wirtschaftskrise	neg 1.0		off 0.3798386238266336 __DUMMY__ 0.32833085233606224 neg 0.2918305238373041	false	0.5
neid	neg 1.0		off 0.386443071721046 __DUMMY__ 0.3267787147924843 neg 0.28677821348646954	false	0.5
rutschen	neg 1.0		off 0.3751175451904894 __DUMMY__ 0.3343162597632242 neg 0.2905661950462862	false	0.5
rezession	neg 1.0		off 0.39015768890159874 __DUMMY__ 0.3218382475467588 neg 0.28800406355164243	false	0.5
fehlgeburt	neg 1.0		off 0.3852674882304016 __DUMMY__ 0.33005591515818034 neg 0.284676596611418	false	0.5
charakterschwach	off 1.0		off 0.38893632258618366 __DUMMY__ 0.3251639818335082 neg 0.28589969558030814	false	1.0
isolation	neg 1.0		off 0.3887361532896295 __DUMMY__ 0.32814833900812407 neg 0.28311550770224647	false	0.5
ablenkung	neg 1.0		off 0.38349569221520746 __DUMMY__ 0.3295498297121401 neg 0.2869544780726525	false	0.5
pech	neg 1.0		off 0.38763999113433434 __DUMMY__ 0.3265228918322153 neg 0.28583711703345016	false	0.5
vermeidung	neg 1.0		off 0.38984743128686694 __DUMMY__ 0.32554665216447337 neg 0.28460591654865963	false	0.5
dominieren	neg 1.0		off 0.38252455705762395 __DUMMY__ 0.3301933769061443 neg 0.28728206603623174	false	0.5
schwindlig	neg 1.0		off 0.3851972538169976 __DUMMY__ 0.32758728965842654 neg 0.2872154565245759	false	0.5
lutscher	neg 1.0		off 0.39947262555415824 __DUMMY__ 0.31962131641650504 neg 0.28090605802933666	false	0.5
pflicht	neg 1.0		off 0.3779275715387586 __DUMMY__ 0.3318928852080175 neg 0.2901795432532239	false	0.5
faschist	off 1.0		off 0.38707060669172505 __DUMMY__ 0.32667688412542034 neg 0.2862525091828545	false	1.0
verschleudern	neg 1.0		off 0.37899434309141766 __DUMMY__ 0.3293819391169688 neg 0.29162371779161345	false	0.5
wenn			off 0.3881080032388466 __DUMMY__ 0.3263650123404179 neg 0.2855269844207354	false	0.0
ehebruch	neg 1.0		off 0.3798032207428479 __DUMMY__ 0.32941036673453544 neg 0.29078641252261667	false	0.5
spott	off 1.0		off 0.3808314815814204 __DUMMY__ 0.3306891709008634 neg 0.2884793475177163	false	1.0
trostlosigkeit	neg 1.0		off 0.37657018567904477 __DUMMY__ 0.3304490182425403 neg 0.29298079607841493	false	0.5
lutschen	neg 1.0		off 0.38905756632147886 __DUMMY__ 0.3278412306983354 neg 0.28310120298018565	false	0.5
undiszipliniert	neg 1.0		off 0.39120644034236834 __DUMMY__ 0.3247340211902817 neg 0.28405953846735	false	0.5
kopfschmerz	neg 1.0		off 0.37871285142855865 __DUMMY__ 0.32878574404712924 neg 0.2925014045243121	false	0.5
unvorhergesehen	neg 1.0		off 0.37900782398262917 __DUMMY__ 0.3325636691057531 neg 0.28842850691161775	false	0.5
desinteressiert	neg 1.0		off 0.39050113054101376 __DUMMY__ 0.3249581836359492 neg 0.28454068582303704	false	0.5
armselig	off 1.0		off 0.392859358514836 __DUMMY__ 0.3240486018711704 neg 0.2830920396139936	false	1.0
desaster	neg 1.0		off 0.3763679216780013 __DUMMY__ 0.33110324451149464 neg 0.2925288338105042	false	0.5
tod	neg 1.0		off 0.38015143954700803 __DUMMY__ 0.330939292344962 neg 0.28890926810803	false	0.5
herzlos	neg 1.0		off 0.3922498242507921 __DUMMY__ 0.32421173894013416 neg 0.28353843680907365	false	0.5
unwissenheit	neg 1.0		off 0.38095085855744054 __DUMMY__ 0.3296861535612358 neg 0.2893629878813237	false	0.5
widersinnig	neg 1.0		off 0.38158718124832053 __DUMMY__ 0.32808211011553934 neg 0.29033070863613997	false	0.5
bedenklich	neg 1.0		off 0.3798541407839492 __DUMMY__ 0.3298391173535215 neg 0.2903067418625294	false	0.5
beanstanden	neg 1.0		off 0.37917961215974827 __DUMMY__ 0.33218912707350423 neg 0.28863126076674744	false	0.5
panisch	neg 1.0		off 0.38609535273654555 __DUMMY__ 0.3288277544908071 neg 0.2850768927726475	false	0.5
debil	off 1.0		off 0.3732686803786089 __DUMMY__ 0.3352815775175062 neg 0.29144974210388475	false	1.0
abstrich	neg 1.0		off 0.38410076875211063 __DUMMY__ 0.3313410855122984 neg 0.284558145735591	false	0.5
primitiv	neg 1.0		off 0.3905681044517978 __DUMMY__ 0.32486011393524505 neg 0.2845717816129573	false	0.5
abschaum	off 1.0	off 1.0	off 0.6853642102213072 __DUMMY__ 0.15760160328031064 neg 0.15703418649838216	false	1.0
provozieren	neg 1.0		off 0.38405325252146627 __DUMMY__ 0.3280634438464822 neg 0.2878833036320515	false	0.5
tot	neg 1.0		off 0.3823514006241379 __DUMMY__ 0.3306376178734652 neg 0.2870109815023969	false	0.5
instabil	neg 1.0		off 0.3931664020580641 __DUMMY__ 0.323730429783025 neg 0.2831031681589109	false	0.5
schwuchtel	off 1.0	off 1.0	off 0.6935718712775478 neg 0.15326343997139824 __DUMMY__ 0.15316468875105396	false	1.0
zerren	neg 1.0		off 0.3812801751287357 __DUMMY__ 0.33070325075663803 neg 0.2880165741146264	false	0.5
kinderficker	off 1.0		off 0.3953573266293173 __DUMMY__ 0.32297109748810376 neg 0.281671575882579	false	1.0
gefahr	neg 1.0		off 0.379019282691992 __DUMMY__ 0.3322010964632822 neg 0.2887796208447259	false	0.5
rabiat	neg 1.0		off 0.3820131904116902 __DUMMY__ 0.3286579141776234 neg 0.28932889541068646	false	0.5
verlangsamung	neg 1.0		off 0.39718054051940244 __DUMMY__ 0.3220680976243943 neg 0.2807513618562032	false	0.5
ausgestorben	neg 1.0		off 0.38234236846535363 __DUMMY__ 0.32964596523234413 neg 0.28801166630230235	false	0.5
anklagen	neg 1.0		off 0.3817095457434895 __DUMMY__ 0.3293440720080293 neg 0.28894638224848135	false	0.5
trott	neg 1.0		off 0.3838755618735683 __DUMMY__ 0.32932352488715655 neg 0.2868009132392751	false	0.5
verminderung	neg 1.0		off 0.3896435771284893 __DUMMY__ 0.3252714905630258 neg 0.2850849323084848	false	0.5
nach			off 0.3744239783038936 __DUMMY__ 0.33548038826295823 neg 0.29009563343314804	false	0.0
rost	neg 1.0		off 0.39943152204955995 __DUMMY__ 0.3226382884425515 neg 0.2779301895078885	false	0.5
destruktiv	neg 1.0		off 0.3825203184858044 __DUMMY__ 0.3281140662910672 neg 0.2893656152231284	false	0.5
unzumutbarkeit	neg 1.0		off 0.3918079521040368 __DUMMY__ 0.3274913042823285 neg 0.28070074361363456	false	0.5
labil	off 1.0	off 1.0	off 0.6848637189435436 __DUMMY__ 0.15763335432872305 neg 0.15750292672773336	false	1.0
ziemlich	neg 1.0		off 0.3897795697855277 __DUMMY__ 0.3266599520825859 neg 0.28356047813188645	false	0.5
lachnummer	off 1.0		off 0.38395201394827366 __DUMMY__ 0.3287449383597418 neg 0.28730304769198445	false	1.0
oder			off 0.38468800868710123 __DUMMY__ 0.3295351520677859 neg 0.2857768392451128	false	0.0
verfall	neg 1.0		off 0.37439019436217663 __DUMMY__ 0.3320339678122541 neg 0.29357583782556934	false	0.5
ausgrenzung	neg 1.0		off 0.3855462592142905 __DUMMY__ 0.3273930534670239 neg 0.28706068731868556	false	0.5
unordnung	neg 1.0		off 0.39555627655704045 __DUMMY__ 0.32532950562335505 neg 0.27911421781960455	false	0.5
fehlverhalten	neg 1.0		off 0.3793517681867259 __DUMMY__ 0.3306965675396214 neg 0.28995166427365276	false	0.5
eine			off 0.3774700782115947 __DUMMY__ 0.33188290450501434 neg 0.29064701728339093	false	0.0
nille	neg 1.0		off 0.3844241992152328 __DUMMY__ 0.32935835107283457 neg 0.2862174497119327	false	0.5
qual	neg 1.0		off 0.38344796294027805 __DUMMY__ 0.3293739041985126 neg 0.2871781328612094	false	0.5
verschwenden	neg 1.0		off 0.3785563894550704 __DUMMY__ 0.3302106834678849 neg 0.29123292707704473	false	0.5
riesig	neg 1.0		off 0.38127618606247865 __DUMMY__ 0.3321321587995113 neg 0.28659165513801005	false	0.5
verurteilen	neg 1.0		off 0.38113715075682775 __DUMMY__ 0.32922164532006487 neg 0.2896412039231074	false	0.5
klischee	neg 1.0	neg 1.0	neg 0.6286196812384436 off 0.2138732934323005 __DUMMY__ 0.15750702532925592	false	1.0
diktatorisch	neg 1.0		off 0.38511529796917865 __DUMMY__ 0.32673335998949754 neg 0.2881513420413238	false	0.5
vorhersehbar	neg 1.0		off 0.3856934766870314 __DUMMY__ 0.3263617411947906 neg 0.28794478211817803	false	0.5
sowie			off 0.3939686658530954 __DUMMY__ 0.32243913837505755 neg 0.283592195771847	false	0.0
stornieren	neg 1.0		off 0.3899403699098251 __DUMMY__ 0.33119590591212505 neg 0.2788637241780497	false	0.5
besteuerung	neg 1.0	neg 1.0	neg 0.6309268240033086 off 0.21156656361663365 __DUMMY__ 0.1575066123800577	false	1.0
ungeschminkt	neg 1.0		off 0.3915180808299369 __DUMMY__ 0.3255458031992942 neg 0.28293611597076895	false	0.5
kritisch	neg 1.0		off 0.3812169538239011 __DUMMY__ 0.3300219538511451 neg 0.28876109232495384	false	0.5
schlamperei	off 1.0		off 0.38017963999153565 __DUMMY__ 0.33078808327564624 neg 0.2890322767328181	false	1.0
sucht	neg 1.0	neg 1.0	neg 0.6261372851649313 off 0.21401956725940832 __DUMMY__ 0.15984314757566045	false	1.0
egoistisch	off 1.0	off 1.0	off 0.6884500390920738 __DUMMY__ 0.15593436430543525 neg 0.1556155966024909	false	1.0
ausbeuter	off 1.0		off 0.37812469457339015 __DUMMY__ 0.32969418558528374 neg 0.29218111984132616	false	1.0
arschgeburt	off 1.0		off 0.4045386331585478 __DUMMY__ 0.3186427545936309 neg 0.2768186122478214	false	1.0
schubs	neg 1.0		off 0.380126311336682 __DUMMY__ 0.3298001109337049 neg 0.2900735777296131	false	0.5
unsolide	neg 1.0		off 0.38631079347562153 __DUMMY__ 0.32724125531024006 neg 0.2864479512141386	false	0.5
beschwerde	neg 1.0		off 0.3820085333051524 __DUMMY__ 0.3302768216569648 neg 0.2877146450378828	false	0.5
stocken	neg 1.0		off 0.3809758693398396 __DUMMY__ 0.33080386225103126 neg 0.2882202684091291	false	0.5
isolieren	neg 1.0		off 0.3820517328082263 __DUMMY__ 0.33024682331971417 neg 0.28770144387205965	false	0.5
unheilbar	neg 1.0		off 0.38288143240160505 __DUMMY__ 0.3281605006308427 neg 0.2889580669675523	false	0.5
pisser	off 1.0	off 1.0	off 0.687719158571796 __DUMMY__ 0.15725117236023967 neg 0.15502966906796445	false	1.0
löschen	neg 1.0		off 0.38461842052778095 __DUMMY__ 0.32907549778842365 neg 0.28630608168379545	false	0.5
durchfallen	neg 1.0		off 0.3808599396909323 __DUMMY__ 0.32997520461967217 neg 0.2891648556893956	false	0.5
wichser	off 1.0	off 1.0	off 0.6909180548240835 neg 0.15505962521712974 __DUMMY__ 0.15402231995878676	false	1.0
terror	neg 1.0		off 0.3877217666795409 __DUMMY__ 0.3280745502453174 neg 0.28420368307514166	false	0.5
krass	neg 1.0		off 0.39428695119438584 __DUMMY__ 0.32358512822838387 neg 0.2821279205772304	false	0.5
revolte	neg 1.0		off 0.38537963176948076 __DUMMY__ 0.3248190394985805 neg 0.2898013287319387	false	0.5
besorgt	neg 1.0		off 0.382633553251752 __DUMMY__ 0.3312369961582938 neg 0.2861294505899543	false	0.5
nachlassen	neg 1.0		off 0.3811328517068045 __DUMMY__ 0.3311038699395333 neg 0.28776327835366217	false	0.5
alt	neg 1.0		off 0.37820940808473774 __DUMMY__ 0.32822942288703594 neg 0.29356116902822627	false	0.5
hundesohn	off 1.0	off 1.0	off 0.6913095241616738 __DUMMY__ 0.1551788821929567 neg 0.1535115936453696	false	1.0
als			off 0.38106818180603075 __DUMMY__ 0.3295235463664492 neg 0.28940827182752005	false	0.0
abschreckung	neg 1.0		off 0.3783285108571142 __DUMMY__ 0.3308407922578171 neg 0.29083069688506885	false	0.5
unqualifiziert	neg 1.0		off 0.3878381531471447 __DUMMY__ 0.3265302656886177 neg 0.2856315811642374	false	0.5
abgewichst	off 1.0		off 0.38401723882454986 __DUMMY__ 0.3299526252633498 neg 0.28603013591210036	false	1.0
schwer	neg 1.0		off 0.3824993810951516 __DUMMY__ 0.3288738327805683 neg 0.28862678612428	false	0.5
bedeutungslosigkeit	neg 1.0		off 0.37884521061788534 __DUMMY__ 0.33063466486463106 neg 0.2905201245174836	false	0.5
kapitulation	neg 1.0		off 0.37964518631416105 __DUMMY__ 0.32873050289108796 neg 0.2916243107947509	false	0.5
unscharf	neg 1.0		off 0.38391545115056136 __DUMMY__ 0.3256638669230844 neg 0.2904206819263542	false	0.5
schwinden	neg 1.0		off 0.3789285586200496 __DUMMY__ 0.3304427496530053 neg 0.29062869172694505	false	0.5
versklavung	neg 1.0	neg 1.0	neg 0.6294578497911681 off 0.21256749692572202 __DUMMY__ 0.15797465328310992	false	1.0
schlecht	neg 1.0		off 0.39006618966777656 __DUMMY__ 0.3267933154239296 neg 0.28314049490829385	false	0.5
verhasst	neg 1.0		off 0.3846162201647998 __DUMMY__ 0.3275822599973069 neg 0.2878015198378934	false	0.5
beschweren	neg 1.0		off 0.38596535145869365 __DUMMY__ 0.3286105359527928 neg 0.2854241125885134	false	0.5
scheiden	neg 1.0		off 0.38377603108596614 __DUMMY__ 0.3290462605774556 neg 0.28717770833657824	false	0.5
frustriert	neg 1.0		off 0.38217533659116615 __DUMMY__ 0.3297693251674566 neg 0.28805533824137725	false	0.5
schimmelig	neg 1.0		off 0.3801890822504274 __DUMMY__ 0.32952258799197953 neg 0.29028832975759294	false	0.5
fisch	neg 1.0		off 0.37601205190814146 __DUMMY__ 0.3300187428335915 neg 0.29396920525826686	false	0.5
schmuggel	neg 1.0		off 0.37852188325362135 __DUMMY__ 0.33273342336139367 neg 0.28874469338498493	false	0.5
auffallen	neg 1.0		off 0.3859942888147188 __DUMMY__ 0.3279113726515617 neg 0.2860943385337194	false	0.5
konkurrenz	neg 1.0		off 0.37945656726941035 __DUMMY__ 0.33201173965340675 neg 0.28853169307718296	false	0.5
teufelskreis	neg 1.0	neg 1.0	neg 0.6309904582085174 off 0.21071108607498956 __DUMMY__ 0.15829845571649312	false	1.0
aufschreien	neg 1.0		off 0.3859030336318942 __DUMMY__ 0.32679314541556215 neg 0.2873038209525438	false	0.5
schuldner	neg 1.0		off 0.3779134469309034 __DUMMY__ 0.32960879238411617 neg 0.29247776068498044	false	0.5
missgeburt	off 1.0	off 1.0	off 0.6909956670385191 __DUMMY__ 0.15627021696039348 neg 0.15273411600108736	false	1.0
arbeitslos	neg 1.0		off 0.3808342052264369 __DUMMY__ 0.33006928785829986 neg 0.28909650691526334	false	0.5
befallen	neg 1.0		off 0.3820985562901547 __DUMMY__ 0.3286095720017512 neg 0.2892918717080941	false	0.5
miesepetrig	off 1.0	off 1.0	off 0.6846369147171292 neg 0.1579650978131967 __DUMMY__ 0.15739798746967412	false	1.0
alarmieren	neg 1.0		off 0.3887783623090121 __DUMMY__ 0.3267696662029937 neg 0.2844519714879944	false	0.5
ungeduscht	off 1.0		off 0.38779579591925184 __DUMMY__ 0.32626537127926064 neg 0.2859388328014876	false	1.0
knappheit	neg 1.0		off 0.3805875513888813 __DUMMY__ 0.32894924389242647 neg 0.29046320471869225	false	0.5
schlange	neg 1.0		off 0.3845464282826326 __DUMMY__ 0.3295014738740851 neg 0.28595209784328235	false	0.5
harsch	neg 1.0		off 0.396252063020005 __DUMMY__ 0.32650746569290345 neg 0.2772404712870916	false	0.5
lang	neg 1.0		off 0.3854105674925485 __DUMMY__ 0.32876980911438863 neg 0.2858196233930629	false	0.5
ziellos	neg 1.0		off 0.3798730019622253 __DUMMY__ 0.3315154515543157 neg 0.288611546483459	false	0.5
selbstverliebt	neg 1.0		off 0.4015284637811203 __DUMMY__ 0.3201717599614066 neg 0.27829977625747326	false	0.5
beseitigen	neg 1.0		off 0.38618885948416426 __DUMMY__ 0.33170034409076166 neg 0.28211079642507403	false	0.5
dumm	off 1.0		off 0.39591176566001335 __DUMMY__ 0.32220183019485166 neg 0.2818864041451349	false	1.0
arbeitsloser	neg 1.0		off 0.3822469512183411 __DUMMY__ 0.3315142760382842 neg 0.2862387727433746	false	0.5
blitzen	neg 1.0		off 0.3876329652726834 __DUMMY__ 0.3268524028641147 neg 0.2855146318632018	false	0.5
hilflos	neg 1.0		off 0.38088030864581146 __DUMMY__ 0.32994898641946085 neg 0.2891707049347277	false	0.5
eklig	off 1.0		off 0.3958133020412801 __DUMMY__ 0.32128102654107643 neg 0.28290567141764356	false	1.0
begriff			off 0.3827658460769086 __DUMMY__ 0.328834748884291 neg 0.2883994050388004	false	0.0
hungersnot	neg 1.0		off 0.3798071539992646 __DUMMY__ 0.3281851040988687 neg 0.29200774190186657	false	0.5
ungesetzlich	neg 1.0		off 0.3853352833057215 __DUMMY__ 0.3269757375609402 neg 0.2876889791333384	false	0.5
verschwendung	neg 1.0		off 0.378828278494859 __DUMMY__ 0.33064235807030373 neg 0.29052936343483726	false	0.5
schmerzvoll	neg 1.0		off 0.38456660940577414 __DUMMY__ 0.32770659217228887 neg 0.2877267984219371	false	0.5
vorzeitig	neg 1.0		off 0.3899741770580643 __DUMMY__ 0.32748733188155077 neg 0.28253849106038503	false	0.5
unvollkommenheit	neg 1.0		off 0.3821735585741834 __DUMMY__ 0.32972902845018964 neg 0.28809741297562697	false	0.5
intervenieren	neg 1.0		off 0.3789339475728938 __DUMMY__ 0.32955355662173663 neg 0.2915124958053696	false	0.5
banause	off 1.0		off 0.3963547412122883 __DUMMY__ 0.31936207287545704 neg 0.28428318591225454	false	1.0
rebell	neg 1.0		off 0.37548101632995573 __DUMMY__ 0.3322807992782323 neg 0.2922381843918119	false	0.5
unlogisch	neg 1.0		off 0.3917473267741943 __DUMMY__ 0.32446431970911044 neg 0.2837883535166953	false	0.5
leiden	neg 1.0		off 0.3791262553071776 __DUMMY__ 0.3327815770783174 neg 0.2880921676145051	false	0.5
abschaffung	neg 1.0		off 0.384220008608984 __DUMMY__ 0.3276179173098928 neg 0.28816207408112315	false	0.5
sturz	neg 1.0		off 0.3881857565649976 __DUMMY__ 0.3304701036613204 neg 0.281344139773682	false	0.5
verkleinerung	neg 1.0		off 0.3870247581129491 __DUMMY__ 0.32557208839510604 neg 0.28740315349194484	false	0.5
schmarotzer	off 1.0		off 0.3813618020940702 __DUMMY__ 0.32920822799311306 neg 0.2894299699128166	false	1.0
bestrafung	neg 1.0	neg 1.0	neg 0.6285681608433037 off 0.2124469624970083 __DUMMY__ 0.15898487665968805	false	1.0
achtlos	neg 1.0		off 0.3822560617462615 __DUMMY__ 0.3298430746031372 neg 0.2879008636506013	false	0.5
ungeheuer	neg 1.0		off 0.38344979827147485 __DUMMY__ 0.3279992556031633 neg 0.2885509461253619	false	0.5
unaufrichtig	neg 1.0		off 0.38844854282276176 __DUMMY__ 0.3271353364695688 neg 0.2844161207076695	false	0.5
groggy	neg 1.0		off 0.3878904226890294 __DUMMY__ 0.32826821216106394 neg 0.28384136514990654	false	0.5
verletzlich	neg 1.0		off 0.3874536878310798 __DUMMY__ 0.3244987511185467 neg 0.2880475610503734	false	0.5
ablehnen	neg 1.0		off 0.38099983009913296 __DUMMY__ 0.33019120087207876 neg 0.2888089690287882	false	0.5
