unsolidarisch	neg 1.0		__DUMMY__ 0.4661956261027087 off 0.3040714702761211 neg 0.22973290362117021	false	0.5
nachteilig	neg 1.0		__DUMMY__ 0.47280715410999624 off 0.3009624811313138 neg 0.22623036475868996	false	0.5
skeptisch	neg 1.0		__DUMMY__ 0.47172341120460454 off 0.2986736359461088 neg 0.2296029528492865	false	0.5
schrecklich	neg 1.0		__DUMMY__ 0.46237321149013033 off 0.3136246036974463 neg 0.2240021848124234	false	0.5
schlapp	neg 1.0	neg 1.0	neg 0.5984615254879548 __DUMMY__ 0.22578439545379864 off 0.17575407905824658	false	1.0
abfall	neg 1.0		__DUMMY__ 0.4745549911034545 off 0.29566044197433194 neg 0.22978456692221358	false	0.5
widerspenstig	neg 1.0		__DUMMY__ 0.4680844361570714 off 0.3027185282366499 neg 0.2291970356062788	false	0.5
abrupt	neg 1.0		__DUMMY__ 0.47145741631593463 off 0.29796621989531075 neg 0.23057636378875462	false	0.5
unwirksam	neg 1.0		__DUMMY__ 0.46510295463113904 off 0.3031263496951823 neg 0.23177069567367858	false	0.5
angreifen	neg 1.0		__DUMMY__ 0.4719951228003444 off 0.29797416232293295 neg 0.23003071487672266	false	0.5
inkonsistent	neg 1.0		__DUMMY__ 0.465798139513844 off 0.3063238701045383 neg 0.22787799038161755	false	0.5
abrutschen	neg 1.0		__DUMMY__ 0.4740803707479375 off 0.29498424008284346 neg 0.2309353891692191	false	0.5
unsicher	neg 1.0		__DUMMY__ 0.4694409748000436 off 0.30390249987984314 neg 0.2266565253201134	false	0.5
bauernkind	off 1.0	off 1.0	off 0.6490376295541586 __DUMMY__ 0.22261887849304574 neg 0.12834349195279568	false	1.0
angreifer	neg 1.0		__DUMMY__ 0.46899786526318443 off 0.3092518619916959 neg 0.22175027274511952	false	0.5
trennen	neg 1.0		__DUMMY__ 0.47305183250224436 off 0.29810863971937707 neg 0.2288395277783786	false	0.5
schmutz	neg 1.0		__DUMMY__ 0.4728894528607616 off 0.3101762602878856 neg 0.2169342868513528	false	0.5
inkonsistenz	neg 1.0		__DUMMY__ 0.4649860410210559 off 0.30901769891327685 neg 0.22599626006566723	false	0.5
erschreckend	neg 1.0		__DUMMY__ 0.4689768162951896 off 0.30286726673423864 neg 0.22815591697057186	false	0.5
ertrinken	neg 1.0		__DUMMY__ 0.47155576744088373 off 0.2971446973878199 neg 0.23129953517129626	false	0.5
pickelface	off 1.0		__DUMMY__ 0.46949249166728646 off 0.30511973245423246 neg 0.22538777587848122	false	1.0
seiner			__DUMMY__ 0.47263666647845454 off 0.29880758435926913 neg 0.22855574916227633	false	0.0
lauch	neg 1.0	neg 1.0	neg 0.6000821780136268 __DUMMY__ 0.23154824246411293 off 0.16836957952226025	false	1.0
unwichtig	neg 1.0		__DUMMY__ 0.4650733035042206 off 0.30900002247747227 neg 0.22592667401830716	false	0.5
steuerhinterziehung	neg 1.0		__DUMMY__ 0.467508259178081 off 0.3023786344799978 neg 0.23011310634192125	false	0.5
schock	neg 1.0		__DUMMY__ 0.4701518233715786 off 0.3021295708733795 neg 0.22771860575504202	false	0.5
beule	neg 1.0		__DUMMY__ 0.46318068533250445 off 0.31143962658089186 neg 0.22537968808660366	false	0.5
vergelten	neg 1.0		__DUMMY__ 0.4632669577627177 off 0.3155333458355577 neg 0.22119969640172463	false	0.5
verdorbenheit	neg 1.0		__DUMMY__ 0.47008262484071656 off 0.3062889904790276 neg 0.22362838468025598	false	0.5
trauma	neg 1.0		__DUMMY__ 0.46761671170299285 off 0.30538282751291124 neg 0.22700046078409603	false	0.5
sinnlos	neg 1.0		__DUMMY__ 0.46758654454608983 off 0.30606747800623985 neg 0.2263459774476702	false	0.5
fettsack	off 1.0	off 1.0	off 0.6502404862729267 __DUMMY__ 0.22295153829234218 neg 0.12680797543473107	false	1.0
feige	off 1.0	off 1.0	off 0.6461409633948734 __DUMMY__ 0.22524588620439237 neg 0.12861315040073426	false	1.0
abdanken	neg 1.0		__DUMMY__ 0.4693103211092515 off 0.3036102861918968 neg 0.22707939269885183	false	0.5
wichtigtuer	off 1.0	off 1.0	off 0.64429188243466 __DUMMY__ 0.22693800043069495 neg 0.12877011713464506	false	1.0
misslingen	neg 1.0		__DUMMY__ 0.47149798153394556 off 0.3073148219777792 neg 0.22118719648827512	false	0.5
untreu	off 1.0		__DUMMY__ 0.46427004371246167 off 0.31036218804594023 neg 0.22536776824159818	false	1.0
missmutig	neg 1.0		__DUMMY__ 0.4649733566583871 off 0.30712591884715507 neg 0.2279007244944579	false	0.5
hurenbock	off 1.0		__DUMMY__ 0.4682230953247632 off 0.3044316945418939 neg 0.22734521013334288	false	1.0
betrunken	neg 1.0		__DUMMY__ 0.46292767017521547 off 0.3123909741237894 neg 0.22468135570099518	false	0.5
korrupt	off 1.0		__DUMMY__ 0.4670691895216482 off 0.30149271656130466 neg 0.23143809391704714	false	1.0
unmut	neg 1.0		__DUMMY__ 0.47299722736816724 off 0.29680165325045227 neg 0.23020111938138052	false	0.5
hackfresse	off 1.0		__DUMMY__ 0.45916402553834645 off 0.3185357791807253 neg 0.2223001952809284	false	1.0
aufblasen	neg 1.0		__DUMMY__ 0.4683842855628324 off 0.3041126836136399 neg 0.22750303082352774	false	0.5
gewaltsam	neg 1.0		__DUMMY__ 0.47022251996512443 off 0.3041707218760345 neg 0.22560675815884096	false	0.5
unbeliebtheit	neg 1.0		__DUMMY__ 0.4652406821504641 off 0.3110960230955307 neg 0.22366329475400526	false	0.5
sturheit	neg 1.0		__DUMMY__ 0.46966904398068887 off 0.3030821703097869 neg 0.22724878570952425	false	0.5
kuh	neg 1.0		__DUMMY__ 0.4625910365524874 off 0.3056475792602996 neg 0.23176138418721295	false	0.5
erschrecken	neg 1.0		__DUMMY__ 0.4662575896533679 off 0.30831156791219216 neg 0.22543084243444012	false	0.5
opfer	neg 1.0		__DUMMY__ 0.47160280171008606 off 0.30042575157478363 neg 0.22797144671513037	false	0.5
sinken	neg 1.0		__DUMMY__ 0.4719112475550746 off 0.2970768633222377 neg 0.2310118891226877	false	0.5
stinktier	neg 1.0		__DUMMY__ 0.4581743730089755 off 0.31507110556079954 neg 0.22675452143022504	false	0.5
tucke	off 1.0		__DUMMY__ 0.45585462727497045 off 0.32005062271576923 neg 0.22409475000926027	false	1.0
ein			__DUMMY__ 0.46790880648169925 off 0.3022530763252308 neg 0.22983811719306999	false	0.0
abstieg	neg 1.0		__DUMMY__ 0.47264454059643496 off 0.3027264527646762 neg 0.22462900663888888	false	0.5
missverstehen	neg 1.0		__DUMMY__ 0.4663793160712099 off 0.30673088514106417 neg 0.22688979878772605	false	0.5
ergebnislos	neg 1.0		__DUMMY__ 0.4728984956213853 off 0.300793274349867 neg 0.22630823002874761	false	0.5
unter			__DUMMY__ 0.47858862411418507 off 0.2917778153179444 neg 0.22963356056787063	false	0.0
manipulieren	neg 1.0		__DUMMY__ 0.4720425513908359 off 0.29936751437616366 neg 0.2285899342330006	false	0.5
unbewiesen	neg 1.0		__DUMMY__ 0.4671669615150954 off 0.30489636127750974 neg 0.22793667720739497	false	0.5
verschleppen	neg 1.0		__DUMMY__ 0.4695974112972103 off 0.30056405049151563 neg 0.22983853821127417	false	0.5
weib	off 1.0		__DUMMY__ 0.4575181379094317 off 0.32093451040758825 neg 0.22154735168298006	false	1.0
opposition	neg 1.0		__DUMMY__ 0.46653928763686864 off 0.30527982771521506 neg 0.22818088464791644	false	0.5
verkehrswidrig	neg 1.0		__DUMMY__ 0.4653967955455551 off 0.31743489825448457 neg 0.2171683061999604	false	0.5
inkorrekt	neg 1.0		__DUMMY__ 0.46171382901665625 off 0.31308469908634856 neg 0.22520147189699516	false	0.5
vermeiden	neg 1.0		__DUMMY__ 0.476117335276524 off 0.29541559841125214 neg 0.2284670663122238	false	0.5
abweichung	neg 1.0		__DUMMY__ 0.4715638786215571 off 0.30214200397408014 neg 0.22629411740436264	false	0.5
alkoholisiert	neg 1.0		__DUMMY__ 0.4771641681929301 off 0.3012557458672835 neg 0.22158008593978626	false	0.5
scheiss	off 1.0	off 1.0	off 0.6471639349408119 __DUMMY__ 0.224870199340438 neg 0.12796586571875002	false	1.0
herausforderung	neg 1.0		__DUMMY__ 0.47091266730094744 off 0.30138720958743576 neg 0.2277001231116168	false	0.5
pervers	off 1.0		__DUMMY__ 0.4557625254946957 off 0.32326616696423666 neg 0.22097130754106756	false	1.0
wackelig	neg 1.0		__DUMMY__ 0.4711765082733839 off 0.3012775110162316 neg 0.22754598071038445	false	0.5
verwickeln	neg 1.0		__DUMMY__ 0.4670095575459802 off 0.30577365661087363 neg 0.22721678584314625	false	0.5
vorwand	neg 1.0		__DUMMY__ 0.47241007966135556 off 0.29765588102021867 neg 0.2299340393184257	false	0.5
muschi	off 1.0		__DUMMY__ 0.4708376743731811 off 0.30426245011518455 neg 0.2248998755116345	false	1.0
entmutigung	neg 1.0		__DUMMY__ 0.4644228899014594 off 0.30547501788317494 neg 0.23010209221536557	false	0.5
unangemessen	neg 1.0		__DUMMY__ 0.4692755837480792 off 0.30245099184799085 neg 0.22827342440392986	false	0.5
unstetig	neg 1.0		__DUMMY__ 0.46709022528481814 off 0.3089877161391801 neg 0.22392205857600167	false	0.5
entmutigen	neg 1.0		__DUMMY__ 0.4669349997728099 off 0.30421134569575714 neg 0.22885365453143286	false	0.5
schwanz	neg 1.0		__DUMMY__ 0.4718050483232358 off 0.3018864484781374 neg 0.22630850319862697	false	0.5
verbot	neg 1.0		__DUMMY__ 0.4688608112527524 off 0.30196306857247524 neg 0.2291761201747723	false	0.5
leid	neg 1.0		__DUMMY__ 0.4610517137356499 off 0.315340741633456 neg 0.22360754463089402	false	0.5
archaisch	neg 1.0		__DUMMY__ 0.4690891978234886 off 0.3019802891297366 neg 0.22893051304677486	false	0.5
gegen			__DUMMY__ 0.4739490488652558 off 0.29789668163512867 neg 0.22815426949961537	false	0.0
scheidung	neg 1.0		__DUMMY__ 0.45830701790612766 off 0.3292415647354469 neg 0.21245141735842546	false	0.5
einschlag	neg 1.0		__DUMMY__ 0.46485800320578186 off 0.31533843537128986 neg 0.21980356142292823	false	0.5
m			__DUMMY__ 0.4710275491825656 off 0.30201417855246404 neg 0.22695827226497037	false	0.0
abgestanden	neg 1.0		__DUMMY__ 0.46471839660988934 off 0.30219497283160296 neg 0.23308663055850773	false	0.5
schmierig	off 1.0		__DUMMY__ 0.4609673965134339 off 0.31482850091228604 neg 0.2242041025742802	false	1.0
unpraktisch	neg 1.0		__DUMMY__ 0.468453630332589 off 0.30564899485143654 neg 0.22589737481597438	false	0.5
wixxer	off 1.0		__DUMMY__ 0.45498297028525037 off 0.32346816790972993 neg 0.2215488618050197	false	1.0
bezeichnet			__DUMMY__ 0.4689188947278919 off 0.3043742547985293 neg 0.22670685047357883	false	0.0
jammerlappen	off 1.0		__DUMMY__ 0.4649502303787322 off 0.3093127731028969 neg 0.22573699651837084	false	1.0
farce	neg 1.0		__DUMMY__ 0.4673864333220707 off 0.3035035475812623 neg 0.229110019096667	false	0.5
zwecklos	neg 1.0		__DUMMY__ 0.4694363423260436 off 0.3011702323973068 neg 0.22939342527664966	false	0.5
turbulent	neg 1.0		__DUMMY__ 0.46440474340142257 off 0.31236158722114676 neg 0.2232336693774305	false	0.5
invasion	neg 1.0		__DUMMY__ 0.46717348721147817 off 0.30694452792188365 neg 0.22588198486663824	false	0.5
schuld	neg 1.0		__DUMMY__ 0.46773916282496575 off 0.3051269997642454 neg 0.22713383741078888	false	0.5
risiko	neg 1.0		__DUMMY__ 0.4672214017901068 off 0.3064003232412261 neg 0.22637827496866703	false	0.5
finster	neg 1.0		__DUMMY__ 0.4672032178889666 off 0.3026616663003602 neg 0.23013511581067322	false	0.5
geisteskrank	off 1.0		__DUMMY__ 0.46272886362424187 off 0.3118291064693501 neg 0.2254420299064082	false	1.0
zusammenbrechen	neg 1.0		__DUMMY__ 0.46951806720469585 off 0.3014530525420472 neg 0.22902888025325702	false	0.5
ausbeute	neg 1.0		__DUMMY__ 0.47094889764905656 off 0.3032820298632198 neg 0.22576907248772363	false	0.5
hinterhalt	neg 1.0		__DUMMY__ 0.46996678729325564 off 0.3025839059573323 neg 0.22744930674941213	false	0.5
kritik	neg 1.0		__DUMMY__ 0.4672529530344503 off 0.3030414914404805 neg 0.22970555552506922	false	0.5
einschrumpfen	neg 1.0		__DUMMY__ 0.464083046173245 off 0.3093460149389771 neg 0.22657093888777788	false	0.5
riskant	neg 1.0		__DUMMY__ 0.4714863833081215 off 0.2989031097221418 neg 0.22961050696973667	false	0.5
frustrieren	neg 1.0		__DUMMY__ 0.4704204462322313 off 0.2996308649209731 neg 0.2299486888467956	false	0.5
groll	neg 1.0		__DUMMY__ 0.4701562770418925 off 0.30181473925593966 neg 0.22802898370216776	false	0.5
gibt			__DUMMY__ 0.47047638157419036 off 0.30131591414736936 neg 0.2282077042784403	false	0.0
qualvoll	neg 1.0		__DUMMY__ 0.46683129635157466 off 0.3059159475021646 neg 0.22725275614626078	false	0.5
wackeln	neg 1.0		__DUMMY__ 0.46925225026500633 off 0.30375479501594693 neg 0.2269929547190466	false	0.5
klagen	neg 1.0		__DUMMY__ 0.472044258602267 off 0.29785406145623944 neg 0.23010167994149366	false	0.5
bankrott	neg 1.0		__DUMMY__ 0.4673006306854903 off 0.3097883287911347 neg 0.22291104052337507	false	0.5
trauern	neg 1.0		__DUMMY__ 0.4737582441128997 off 0.30006799724421 neg 0.22617375864289024	false	0.5
ablehnung	neg 1.0		__DUMMY__ 0.4685057027700505 off 0.30282176157569457 neg 0.22867253565425505	false	0.5
stur	neg 1.0		__DUMMY__ 0.4671556351381255 off 0.30483286047503777 neg 0.22801150438683673	false	0.5
aufruhr	neg 1.0		__DUMMY__ 0.4671962266623376 off 0.3033431827353082 neg 0.22946059060235427	false	0.5
melancholie	neg 1.0		__DUMMY__ 0.47030339715180325 off 0.29788988810982125 neg 0.23180671473837555	false	0.5
ist			__DUMMY__ 0.46753087780751623 off 0.30567398443482297 neg 0.22679513775766072	false	0.0
torheit	neg 1.0		__DUMMY__ 0.4672393173607224 off 0.30503830173355906 neg 0.22772238090571845	false	0.5
dreckskind	off 1.0		__DUMMY__ 0.4584796515888429 off 0.31993471241286225 neg 0.22158563599829492	false	1.0
umtauschen	neg 1.0		__DUMMY__ 0.46923938322777 off 0.30321479713458344 neg 0.2275458196376465	false	0.5
zum			__DUMMY__ 0.47833211953633525 off 0.29651349473542066 neg 0.22515438572824403	false	0.0
zersetzen	neg 1.0		__DUMMY__ 0.4707845983297261 off 0.29839009038709463 neg 0.23082531128317937	false	0.5
zur			__DUMMY__ 0.4761758215906691 off 0.2956449533917511 neg 0.2281792250175797	false	0.0
frust	neg 1.0		__DUMMY__ 0.46965334955220595 off 0.3011571490435632 neg 0.22918950140423083	false	0.5
unerbittlichkeit	neg 1.0		__DUMMY__ 0.47165772473302986 off 0.29993631248505837 neg 0.22840596278191186	false	0.5
zwei			__DUMMY__ 0.476323487089708 off 0.29496010400052375 neg 0.22871640890976838	false	0.0
unkorrekt	neg 1.0		__DUMMY__ 0.4626292628852511 off 0.3118797115823277 neg 0.22549102553242129	false	0.5
hexe	off 1.0		__DUMMY__ 0.46362237402974765 off 0.30839199827742686 neg 0.22798562769282552	false	1.0
lasch	neg 1.0		__DUMMY__ 0.465544864756528 off 0.3083912031286274 neg 0.22606393211484468	false	0.5
rivale	neg 1.0		__DUMMY__ 0.463191250130596 off 0.31414158194978603 neg 0.2226671679196181	false	0.5
mutlos	off 1.0	off 1.0	off 0.6407078759623316 __DUMMY__ 0.22865930583473634 neg 0.13063281820293213	false	1.0
wirr	off 1.0		__DUMMY__ 0.46131017321931 off 0.3140306449481383 neg 0.2246591818325516	false	1.0
jahr			__DUMMY__ 0.4752668666145662 off 0.30045629611006947 neg 0.22427683727536438	false	0.0
wird			__DUMMY__ 0.47103214327343285 off 0.3008113305328836 neg 0.22815652619368346	false	0.0
strafbar	neg 1.0		__DUMMY__ 0.4710599134656776 off 0.2994656560945744 neg 0.22947443043974808	false	0.5
erosion	neg 1.0		__DUMMY__ 0.4691851518109682 off 0.3044294207566595 neg 0.22638542743237236	false	0.5
eingehen	neg 1.0		__DUMMY__ 0.47010278305167036 off 0.29920631851677815 neg 0.23069089843155138	false	0.5
faul	off 1.0		__DUMMY__ 0.46644707341358443 off 0.30894091147285413 neg 0.22461201511356146	false	1.0
provisorium	neg 1.0		__DUMMY__ 0.4788230304813559 off 0.2919954614425587 neg 0.22918150807608542	false	0.5
schmerzen	neg 1.0		__DUMMY__ 0.46801590006352856 off 0.30172589301655756 neg 0.23025820691991375	false	0.5
schrumpfen	neg 1.0		__DUMMY__ 0.47324397778954524 off 0.2943538172381222 neg 0.23240220497233263	false	0.5
geistlos	off 1.0		__DUMMY__ 0.46470894295262855 off 0.306346452931903 neg 0.2289446041154684	false	1.0
fehlkauf	neg 1.0		__DUMMY__ 0.4667342494075945 off 0.30680884158289046 neg 0.22645690900951493	false	0.5
frustrierend	neg 1.0		__DUMMY__ 0.46549921547027406 off 0.30776351021378356 neg 0.22673727431594223	false	0.5
unzufrieden	neg 1.0		__DUMMY__ 0.47015326032856825 off 0.30125090517819947 neg 0.22859583449323229	false	0.5
verzweifeln	neg 1.0		__DUMMY__ 0.46947056650040186 off 0.30269103218148724 neg 0.2278384013181109	false	0.5
verzweifelt	neg 1.0		__DUMMY__ 0.4672990847978863 off 0.3049826789994667 neg 0.22771823620264708	false	0.5
misstrauensantrag	neg 1.0		__DUMMY__ 0.466928459690772 off 0.306086861188304 neg 0.22698467912092404	false	0.5
abfallen	neg 1.0		__DUMMY__ 0.46847625331878234 off 0.30392294921483426 neg 0.22760079746638343	false	0.5
fucker	off 1.0		__DUMMY__ 0.46393527727624806 off 0.3136252763995598 neg 0.22243944632419224	false	1.0
ungezogen	neg 1.0		__DUMMY__ 0.4578222248112431 off 0.3210275346300936 neg 0.22115024055866334	false	0.5
irrsinnig	neg 1.0	neg 1.0	neg 0.5996157772549718 __DUMMY__ 0.2273737652586726 off 0.1730104574863556	false	1.0
unfassbar	neg 1.0		__DUMMY__ 0.4646511334993023 off 0.3104578113137477 neg 0.22489105518695005	false	0.5
hart	neg 1.0		__DUMMY__ 0.46306507449050904 off 0.31042438784068516 neg 0.22651053766880577	false	0.5
widerlich	off 1.0		__DUMMY__ 0.4635211912032871 off 0.31074416739563326 neg 0.22573464140107963	false	1.0
fatal	neg 1.0	neg 1.0	neg 0.6004655872182806 __DUMMY__ 0.22579551522253496 off 0.17373889755918454	false	1.0
bruch	neg 1.0		__DUMMY__ 0.47321625989136246 off 0.296406833564266 neg 0.23037690654437162	false	0.5
aushungern	neg 1.0		__DUMMY__ 0.4681645126210961 off 0.30185559305199205 neg 0.22997989432691182	false	0.5
anspannung	neg 1.0		__DUMMY__ 0.47621283487547955 off 0.29504312053675197 neg 0.22874404458776854	false	0.5
von			__DUMMY__ 0.4738938517573386 off 0.2988070574361417 neg 0.22729909080651975	false	0.0
kraftlos	neg 1.0		__DUMMY__ 0.47015217410077176 off 0.3005150428048164 neg 0.22933278309441193	false	0.5
vom			__DUMMY__ 0.4802072350426004 off 0.29332610859335123 neg 0.22646665636404825	false	0.0
grenzdebil	off 1.0		__DUMMY__ 0.46376339478301365 off 0.31052633077377223 neg 0.2257102744432141	false	1.0
vor			__DUMMY__ 0.4732536350035804 off 0.2967849015282426 neg 0.22996146346817692	false	0.0
unterwerfen	neg 1.0		__DUMMY__ 0.47121348233600713 off 0.30044920707475653 neg 0.22833731058923648	false	0.5
versenkung	neg 1.0		__DUMMY__ 0.4718643993687056 off 0.29994067313173084 neg 0.2281949274995635	false	0.5
entziehen	neg 1.0		__DUMMY__ 0.4725607155772621 off 0.2976026897722719 neg 0.22983659465046602	false	0.5
finanzkrise	neg 1.0		__DUMMY__ 0.464593452660453 off 0.3016147061625545 neg 0.23379184117699256	false	0.5
schimpfend	neg 1.0		__DUMMY__ 0.46958674685365726 off 0.30539956174510063 neg 0.2250136914012421	false	0.5
profan	neg 1.0		__DUMMY__ 0.466675042168977 off 0.3062758395058035 neg 0.22704911832521935	false	0.5
korruption	neg 1.0		__DUMMY__ 0.46805164654953196 off 0.30101684789579164 neg 0.2309315055546765	false	0.5
â			__DUMMY__ 0.4708738245958641 off 0.3010652063540235 neg 0.22806096905011236	false	0.0
schmutzig	neg 1.0		__DUMMY__ 0.4638800463771098 off 0.3107655951294163 neg 0.22535435849347393	false	0.5
sexy	neg 1.0		__DUMMY__ 0.46685069087001785 off 0.308521898411097 neg 0.22462741071888506	false	0.5
abraten	neg 1.0		__DUMMY__ 0.4680471465096111 off 0.30628004073705845 neg 0.22567281275333048	false	0.5
schwarz	neg 1.0		__DUMMY__ 0.46750408017269873 off 0.30659006954691465 neg 0.22590585028038657	false	0.5
fotze	off 1.0	off 1.0	off 0.641953043456866 __DUMMY__ 0.2298000820662789 neg 0.12824687447685512	false	1.0
verwirren	neg 1.0		__DUMMY__ 0.4668388825583426 off 0.30670312068552313 neg 0.2264579967561344	false	0.5
zahnlos	off 1.0		__DUMMY__ 0.4690888396257768 off 0.3020381916095937 neg 0.2288729687646296	false	1.0
verheeren	neg 1.0		__DUMMY__ 0.4576733753317838 off 0.3227669189816423 neg 0.21955970568657387	false	0.5
hippie	neg 1.0		__DUMMY__ 0.4668098076045377 off 0.3080691136122848 neg 0.22512107878317753	false	0.5
rammen	neg 1.0		__DUMMY__ 0.47032068411056166 off 0.30569522753165596 neg 0.22398408835778244	false	0.5
unlauter	neg 1.0		__DUMMY__ 0.4672056659375834 off 0.3063835682786407 neg 0.2264107657837759	false	0.5
unheilvoll	neg 1.0		__DUMMY__ 0.4669568902224942 off 0.30470038676399935 neg 0.22834272301350658	false	0.5
niedrig	neg 1.0		__DUMMY__ 0.47035711261176655 off 0.30066600358611867 neg 0.2289768838021148	false	0.5
explosion	neg 1.0		__DUMMY__ 0.4672556933267365 off 0.3081600524558279 neg 0.2245842542174356	false	0.5
weichei	off 1.0	off 1.0	off 0.649404980387353 __DUMMY__ 0.2226349706356026 neg 0.12796004897704447	false	1.0
minusmensch	off 1.0		__DUMMY__ 0.4578691479721113 off 0.3226753727556734 neg 0.21945547927221534	false	1.0
farblos	neg 1.0		__DUMMY__ 0.4690031982223536 off 0.30592965468665373 neg 0.22506714709099274	false	0.5
unwissend	neg 1.0	neg 1.0	neg 0.5989702440660983 __DUMMY__ 0.22562946135499828 off 0.17540029457890338	false	1.0
traurig	neg 1.0		__DUMMY__ 0.4627648874696059 off 0.31323851600680275 neg 0.22399659652359136	false	0.5
senkung	neg 1.0		__DUMMY__ 0.4638252534662626 off 0.30592626764344494 neg 0.2302484788902924	false	0.5
ungleich	neg 1.0	neg 1.0	neg 0.6004475463566189 __DUMMY__ 0.22909900922641555 off 0.17045344441696558	false	1.0
heikel	neg 1.0		__DUMMY__ 0.47124177641064763 off 0.2989967748232884 neg 0.229761448766064	false	0.5
drosselung	neg 1.0		__DUMMY__ 0.4632856424214347 off 0.3108298990957472 neg 0.22588445848281816	false	0.5
falsch	neg 1.0		__DUMMY__ 0.4661495994959475 off 0.3084289629429187 neg 0.22542143756113384	false	0.5
unzufriedenheit	neg 1.0		__DUMMY__ 0.4707493186326342 off 0.29848312225482443 neg 0.2307675591125414	false	0.5
kurz	neg 1.0		__DUMMY__ 0.47118609643156906 off 0.30195350081986855 neg 0.2268604027485626	false	0.5
unsinnig	neg 1.0		__DUMMY__ 0.4679532806377798 off 0.30227491315395205 neg 0.22977180620826804	false	0.5
penner	off 1.0	off 1.0	off 0.6507286891396081 __DUMMY__ 0.22235880892316046 neg 0.12691250193723147	false	1.0
seicht	neg 1.0		__DUMMY__ 0.45579261394502435 off 0.31886368933902254 neg 0.2253436967159531	false	0.5
dummheit	off 1.0	off 1.0	off 0.6441338858158023 __DUMMY__ 0.22620295506682736 neg 0.1296631591173703	false	1.0
unerfreulich	neg 1.0		__DUMMY__ 0.47176736183040063 off 0.298818358559519 neg 0.22941427961008035	false	0.5
motherfucker	off 1.0	off 1.0	off 0.6476590528286067 __DUMMY__ 0.2252075691722181 neg 0.12713337799917515	false	1.0
pikiert	neg 1.0		__DUMMY__ 0.4638365864942284 off 0.309377204710905 neg 0.22678620879486672	false	0.5
wrack	neg 1.0		__DUMMY__ 0.4742137248926075 off 0.30374156663872387 neg 0.2220447084686686	false	0.5
gangster	neg 1.0		__DUMMY__ 0.46652608345837077 off 0.3082262310067901 neg 0.2252476855348391	false	0.5
krank	neg 1.0		__DUMMY__ 0.4644045670154302 off 0.3108783678118699 neg 0.22471706517270007	false	0.5
reich	neg 1.0		__DUMMY__ 0.4643805455376868 off 0.3081584449433169 neg 0.22746100951899612	false	0.5
gnadenlos	neg 1.0		__DUMMY__ 0.4686281013151222 off 0.30520501431574054 neg 0.2261668843691372	false	0.5
niedergeschlagen	neg 1.0		__DUMMY__ 0.4711711929845789 off 0.3014589439382968 neg 0.22736986307712428	false	0.5
terrorisieren	off 1.0	off 1.0	off 0.6401142030888828 __DUMMY__ 0.22941094653596683 neg 0.1304748503751503	false	1.0
sinnlosigkeit	neg 1.0		__DUMMY__ 0.46963844774183405 off 0.3016724182087379 neg 0.22868913404942795	false	0.5
behindern	neg 1.0		__DUMMY__ 0.4686039752547866 off 0.3035736122190178 neg 0.22782241252619556	false	0.5
undemokratisch	neg 1.0		__DUMMY__ 0.46625705676285883 off 0.3061806844232851 neg 0.22756225881385606	false	0.5
wirtschaftskrise	neg 1.0		__DUMMY__ 0.46777983879314605 off 0.30045523516547534 neg 0.23176492604137852	false	0.5
neid	neg 1.0		__DUMMY__ 0.46565217469186343 off 0.3071811122496728 neg 0.22716671305846375	false	0.5
rutschen	neg 1.0		__DUMMY__ 0.47605650234921765 off 0.2944529998075989 neg 0.2294904978431833	false	0.5
rezession	neg 1.0		__DUMMY__ 0.4588240548101561 off 0.311939685486929 neg 0.2292362597029148	false	0.5
fehlgeburt	neg 1.0		__DUMMY__ 0.4702367214651149 off 0.30523677615894773 neg 0.2245265023759373	false	0.5
charakterschwach	off 1.0		__DUMMY__ 0.46340432465237646 off 0.3100043727840556 neg 0.2265913025635679	false	1.0
isolation	neg 1.0		__DUMMY__ 0.46752881515082056 off 0.3090929057379979 neg 0.2233782791111815	false	0.5
ablenkung	neg 1.0		__DUMMY__ 0.4694546737429091 off 0.303710769673675 neg 0.22683455658341592	false	0.5
pech	neg 1.0		__DUMMY__ 0.46531970242463383 off 0.3083705918705672 neg 0.22630970570479902	false	0.5
vermeidung	neg 1.0		__DUMMY__ 0.4639535635037616 off 0.3107556876280172 neg 0.22529074886822123	false	0.5
dominieren	neg 1.0		__DUMMY__ 0.47037069861009195 off 0.30260485361668743 neg 0.22702444777322056	false	0.5
schwindlig	neg 1.0		__DUMMY__ 0.4667807005480028 off 0.30575907138997743 neg 0.22746022806201988	false	0.5
lutscher	neg 1.0		__DUMMY__ 0.45576997316415857 off 0.321469913676071 neg 0.2227601131597705	false	0.5
pflicht	neg 1.0		__DUMMY__ 0.4726750692660634 off 0.29779504729955364 neg 0.22952988343438288	false	0.5
faschist	off 1.0		__DUMMY__ 0.4654966860149148 off 0.3078650354084028 neg 0.22663827857668234	false	1.0
verschleudern	neg 1.0		__DUMMY__ 0.4692384140282085 off 0.29938208090839663 neg 0.2313795050633948	false	0.5
wenn			__DUMMY__ 0.46505177858076124 off 0.3089237965523079 neg 0.22602442486693092	false	0.0
ehebruch	neg 1.0		__DUMMY__ 0.4692608753727027 off 0.30018366790761397 neg 0.23055545671968322	false	0.5
spott	off 1.0		__DUMMY__ 0.4710246329285863 off 0.30088842328272736 neg 0.2280869437886862	false	1.0
trostlosigkeit	neg 1.0		__DUMMY__ 0.4707011088409409 off 0.2967972011710754 neg 0.23250168998798387	false	0.5
lutschen	neg 1.0		__DUMMY__ 0.46712588717420483 off 0.3094702903510605 neg 0.22340382247473456	false	0.5
undiszipliniert	neg 1.0		__DUMMY__ 0.4628244339145984 off 0.31227801182793113 neg 0.22489755425747038	false	0.5
kopfschmerz	neg 1.0		__DUMMY__ 0.4684463310851664 off 0.2991860290025287 neg 0.23236763991230497	false	0.5
unvorhergesehen	neg 1.0		__DUMMY__ 0.4736663449517548 off 0.298601177162082 neg 0.22773247788616313	false	0.5
desinteressiert	neg 1.0		__DUMMY__ 0.46312150924761 off 0.3115579453375574 neg 0.22532054541483248	false	0.5
armselig	off 1.0		__DUMMY__ 0.46185583442313755 off 0.3140728185477195 neg 0.22407134702914291	false	1.0
desaster	neg 1.0		__DUMMY__ 0.4715879351687977 off 0.2964656312084446 neg 0.23194643362275774	false	0.5
tod	neg 1.0		__DUMMY__ 0.47143848144814793 off 0.30008967097346506 neg 0.22847184757838712	false	0.5
herzlos	neg 1.0		__DUMMY__ 0.46208940647485897 off 0.3134296798306289 neg 0.22448091369451204	false	0.5
unwissenheit	neg 1.0		__DUMMY__ 0.46963762220686195 off 0.3012314884973336 neg 0.22913088929580433	false	0.5
widersinnig	neg 1.0		__DUMMY__ 0.4674226019208312 off 0.30222612568452245 neg 0.2303512723946463	false	0.5
bedenklich	neg 1.0		__DUMMY__ 0.46983834356624415 off 0.30013291714956775 neg 0.23002873928418824	false	0.5
beanstanden	neg 1.0		__DUMMY__ 0.4730924669881976 off 0.2989341005108816 neg 0.22797343250092078	false	0.5
panisch	neg 1.0		__DUMMY__ 0.46847949535133016 off 0.3063690845518754 neg 0.2251514200967946	false	0.5
debil	off 1.0		__DUMMY__ 0.47740185146148106 off 0.2924191393254646 neg 0.23017900921305434	false	1.0
abstrich	neg 1.0		__DUMMY__ 0.47205246999712985 off 0.30374447874325766 neg 0.22420305125961257	false	0.5
primitiv	neg 1.0		__DUMMY__ 0.46297855073888144 off 0.3116588305759486 neg 0.22536261868517002	false	0.5
abschaum	off 1.0	off 1.0	off 0.646294446727323 __DUMMY__ 0.22613600272981133 neg 0.1275695505428657	false	1.0
provozieren	neg 1.0		__DUMMY__ 0.46738851904796735 off 0.3046140443850469 neg 0.22799743656698568	false	0.5
tot	neg 1.0		__DUMMY__ 0.47103752166112317 off 0.3022670741986208 neg 0.22669540414025593	false	0.5
instabil	neg 1.0		__DUMMY__ 0.46146058528561024 off 0.31440621709415506 neg 0.2241331976202346	false	0.5
schwuchtel	off 1.0	off 1.0	off 0.6555143109390165 __DUMMY__ 0.21984693985951453 neg 0.12463874920146889	false	1.0
zerren	neg 1.0		__DUMMY__ 0.4710412114108672 off 0.3013022855855335 neg 0.22765650300359927	false	0.5
kinderficker	off 1.0		__DUMMY__ 0.46038734292158945 off 0.3167365511996237 neg 0.2228761058787869	false	1.0
gefahr	neg 1.0		__DUMMY__ 0.47312250007881623 off 0.29877087073476394 neg 0.22810662918641972	false	0.5
rabiat	neg 1.0		__DUMMY__ 0.46821594598067623 off 0.3024856490690093 neg 0.22929840495031456	false	0.5
verlangsamung	neg 1.0		__DUMMY__ 0.45916196949726507 off 0.3187008205605485 neg 0.22213720994218647	false	0.5
ausgestorben	neg 1.0		__DUMMY__ 0.46958449535836044 off 0.30257720792428217 neg 0.22783829671735742	false	0.5
anklagen	neg 1.0		__DUMMY__ 0.4691849303006216 off 0.30203280145795025 neg 0.22878226824142822	false	0.5
trott	neg 1.0		__DUMMY__ 0.46913213167279266 off 0.30412210627509545 neg 0.22674576205211192	false	0.5
verminderung	neg 1.0		__DUMMY__ 0.4635744022935663 off 0.31061672479908786 neg 0.22580887290734583	false	0.5
nach			__DUMMY__ 0.4776579408904194 off 0.2935156915640229 neg 0.2288263675455576	false	0.0
rost	neg 1.0		__DUMMY__ 0.45996314433281765 off 0.32073022923604233 neg 0.21930662643113993	false	0.5
destruktiv	neg 1.0		__DUMMY__ 0.46746566414796886 off 0.3031133290675489 neg 0.22942100678448216	false	0.5
unzumutbarkeit	neg 1.0		__DUMMY__ 0.46665891361812456 off 0.3122089992130659 neg 0.22113208716880955	false	0.5
labil	off 1.0	off 1.0	off 0.6457824131683038 __DUMMY__ 0.2261777272541735 neg 0.12803985957752276	false	1.0
ziemlich	neg 1.0		__DUMMY__ 0.46547539345842914 off 0.3104634333510328 neg 0.22406117319053806	false	0.5
lachnummer	off 1.0		__DUMMY__ 0.4683271391332647 off 0.30437146956159306 neg 0.2273013913051422	false	1.0
oder			__DUMMY__ 0.4694444071030156 off 0.30485557464789004 neg 0.2257000182490944	false	0.0
verfall	neg 1.0		__DUMMY__ 0.47287685006779323 off 0.2943225814722269 neg 0.2328005684599799	false	0.5
ausgrenzung	neg 1.0		__DUMMY__ 0.4664839635163346 off 0.3062202889207949 neg 0.22729574756287066	false	0.5
unordnung	neg 1.0		__DUMMY__ 0.4636918915028149 off 0.31632903478285684 neg 0.21997907371432807	false	0.5
fehlverhalten	neg 1.0		__DUMMY__ 0.47102455133384247 off 0.29945746739895623 neg 0.22951798126720144	false	0.5
eine			__DUMMY__ 0.472669822691363 off 0.29732954283102647 neg 0.23000063447761043	false	0.0
nille	neg 1.0		__DUMMY__ 0.46918686100255963 off 0.3046604750997988 neg 0.22615266389764163	false	0.5
qual	neg 1.0		__DUMMY__ 0.46920052104597865 off 0.303698957211279 neg 0.2271005217427422	false	0.5
verschwenden	neg 1.0		__DUMMY__ 0.47036436714430874 off 0.29876931464420614 neg 0.23086631821148504	false	0.5
riesig	neg 1.0		__DUMMY__ 0.47306680436066767 off 0.30091023783769333 neg 0.22602295780163914	false	0.5
verurteilen	neg 1.0		__DUMMY__ 0.4689949150769694 off 0.3015291006961897 neg 0.22947598422684093	false	0.5
klischee	neg 1.0	neg 1.0	neg 0.5991741024610765 __DUMMY__ 0.225998567995699 off 0.17482732954322455	false	1.0
diktatorisch	neg 1.0		__DUMMY__ 0.46556832622995076 off 0.3059630377498435 neg 0.22846863602020567	false	0.5
vorhersehbar	neg 1.0		__DUMMY__ 0.4650451381833802 off 0.3065929293633789 neg 0.22836193245324088	false	0.5
sowie			__DUMMY__ 0.45964922838728345 off 0.31549338951940314 neg 0.2248573820933134	false	0.0
stornieren	neg 1.0		__DUMMY__ 0.4717841565025494 off 0.3095434369409517 neg 0.21867240655649897	false	0.5
besteuerung	neg 1.0	neg 1.0	neg 0.6014812469869345 __DUMMY__ 0.22601319164285905 off 0.1725055613702065	false	1.0
ungeschminkt	neg 1.0		__DUMMY__ 0.4639678501428533 off 0.31235719650289845 neg 0.22367495335424828	false	0.5
kritisch	neg 1.0		__DUMMY__ 0.4700920590855787 off 0.30142318031257403 neg 0.22848476060184728	false	0.5
schlamperei	off 1.0		__DUMMY__ 0.4711730616680974 off 0.30022435851594026 neg 0.22860257981596244	false	1.0
sucht	neg 1.0	neg 1.0	neg 0.5962714242644424 __DUMMY__ 0.22935143298533855 off 0.17437714275021918	false	1.0
egoistisch	off 1.0	off 1.0	off 0.6497476909564359 __DUMMY__ 0.22377915005652982 neg 0.12647315898703432	false	1.0
ausbeuter	off 1.0		__DUMMY__ 0.46964146862225237 off 0.29849800095495066 neg 0.2318605304227969	false	1.0
arschgeburt	off 1.0		__DUMMY__ 0.4544067466467219 off 0.32664512581043903 neg 0.21894812754283893	false	1.0
schubs	neg 1.0		__DUMMY__ 0.4698504613518168 off 0.300313915896809 neg 0.22983562275137415	false	0.5
unsolide	neg 1.0		__DUMMY__ 0.46629177109213416 off 0.30697760065102164 neg 0.22673062825684406	false	0.5
beschwerde	neg 1.0		__DUMMY__ 0.470470634831946 off 0.3021115079943117 neg 0.2274178571737423	false	0.5
stocken	neg 1.0		__DUMMY__ 0.4711988830969132 off 0.3009834798323397 neg 0.22781763707074718	false	0.5
isolieren	neg 1.0		__DUMMY__ 0.4704398481751201 off 0.3021549523348282 neg 0.22740519949005178	false	0.5
unheilbar	neg 1.0		__DUMMY__ 0.4675416788770279 off 0.30345272482204616 neg 0.22900559630092604	false	0.5
pisser	off 1.0	off 1.0	off 0.6486977345357184 __DUMMY__ 0.22565481949205016 neg 0.12564744597223146	false	1.0
löschen	neg 1.0		__DUMMY__ 0.4687935035765035 off 0.30490659817234456 neg 0.22629989825115188	false	0.5
durchfallen	neg 1.0		__DUMMY__ 0.4700344421715559 off 0.3010696111342361 neg 0.22889594669420804	false	0.5
wichser	off 1.0	off 1.0	off 0.6526614735206479 __DUMMY__ 0.2210633792688244 neg 0.12627514721052768	false	1.0
terror	neg 1.0		__DUMMY__ 0.46743199443293465 off 0.3081194429893076 neg 0.22444856257775778	false	0.5
krass	neg 1.0		__DUMMY__ 0.4612544664862825 off 0.3155055308450981 neg 0.22324000266861943	false	0.5
revolte	neg 1.0		__DUMMY__ 0.46292445096262586 off 0.3066486331589227 neg 0.2304269158784515	false	0.5
besorgt	neg 1.0		__DUMMY__ 0.47179809506145776 off 0.3024803327057762 neg 0.22572157223276598	false	0.5
nachlassen	neg 1.0		__DUMMY__ 0.47162978784304754 off 0.3010340809793057 neg 0.22733613117764673	false	0.5
alt	neg 1.0		__DUMMY__ 0.46768592490512884 off 0.29880882538496756 neg 0.23350524970990363	false	0.5
hundesohn	off 1.0	off 1.0	off 0.6527876249742716 __DUMMY__ 0.2227051508290922 neg 0.12450722419663612	false	1.0
als			__DUMMY__ 0.46941552405346426 off 0.3013680180889162 neg 0.22921645785761943	false	0.0
abschreckung	neg 1.0		__DUMMY__ 0.47122934170362346 off 0.29843178516650065 neg 0.23033887312987586	false	0.5
unqualifiziert	neg 1.0		__DUMMY__ 0.46528208069742355 off 0.3086392450722104 neg 0.22607867423036604	false	0.5
abgewichst	off 1.0		__DUMMY__ 0.47001300175462535 off 0.30411612712201597 neg 0.22587087112335855	false	1.0
schwer	neg 1.0		__DUMMY__ 0.46850850964789004 off 0.30290980484453095 neg 0.22858168550757896	false	0.5
bedeutungslosigkeit	neg 1.0		__DUMMY__ 0.4709379619701917 off 0.2989816942067044 neg 0.23008034382310394	false	0.5
kapitulation	neg 1.0		__DUMMY__ 0.4683186306066588 off 0.3001938089215849 neg 0.2314875604717563	false	0.5
unscharf	neg 1.0		__DUMMY__ 0.46413866567835765 off 0.3049338958961152 neg 0.23092743842552704	false	0.5
schwinden	neg 1.0		__DUMMY__ 0.4706961402354247 off 0.29908930288491953 neg 0.23021455687965592	false	0.5
versklavung	neg 1.0	neg 1.0	neg 0.5999120856691226 __DUMMY__ 0.22666684759302747 off 0.17342106673785	false	1.0
schlecht	neg 1.0		__DUMMY__ 0.4656536538725667 off 0.3107186385290785 neg 0.22362770759835496	false	0.5
verhasst	neg 1.0		__DUMMY__ 0.4667273162372916 off 0.3052725219642398 neg 0.22800016179846858	false	0.5
beschweren	neg 1.0		__DUMMY__ 0.4681518769638165 off 0.30633150105744567 neg 0.22551662197873765	false	0.5
scheiden	neg 1.0		__DUMMY__ 0.46882004688706197 off 0.3040426354626586 neg 0.22713731765027945	false	0.5
frustriert	neg 1.0		__DUMMY__ 0.46974460702905063 off 0.30239676515933145 neg 0.227858627811618	false	0.5
schimmelig	neg 1.0		__DUMMY__ 0.4694841335386885 off 0.3004163494501183 neg 0.23009951701119308	false	0.5
fisch	neg 1.0		__DUMMY__ 0.4701844770121098 off 0.296236712271885 neg 0.23357881071600514	false	0.5
schmuggel	neg 1.0		__DUMMY__ 0.47389184437449966 off 0.2981344753904893 neg 0.22797368023501108	false	0.5
auffallen	neg 1.0		__DUMMY__ 0.4671907216875751 off 0.3065157921757179 neg 0.22629348613670694	false	0.5
konkurrenz	neg 1.0		__DUMMY__ 0.47285603632242884 off 0.29924635310876935 neg 0.2278976105688017	false	0.5
teufelskreis	neg 1.0	neg 1.0	neg 0.601388415327373 __DUMMY__ 0.22711638757972424 off 0.17149519709290273	false	1.0
aufschreien	neg 1.0		__DUMMY__ 0.46563932936250957 off 0.3066932559083602 neg 0.2276674147291301	false	0.5
schuldner	neg 1.0		__DUMMY__ 0.4695433148433615 off 0.29829223530383964 neg 0.23216444985279888	false	0.5
missgeburt	off 1.0	off 1.0	off 0.6521940561044571 __DUMMY__ 0.2242671365878322 neg 0.12353880730771054	false	1.0
arbeitslos	neg 1.0		__DUMMY__ 0.4701563573152732 off 0.30103167438329714 neg 0.22881196830142966	false	0.5
befallen	neg 1.0		__DUMMY__ 0.46818824545058413 off 0.3025702117121509 neg 0.229241542837265	false	0.5
miesepetrig	off 1.0	off 1.0	off 0.6455816508992774 __DUMMY__ 0.2258636305793009 neg 0.12855471852142164	false	1.0
alarmieren	neg 1.0		__DUMMY__ 0.46563292505673526 off 0.30948687522014623 neg 0.22488019972311854	false	0.5
ungeduscht	off 1.0		__DUMMY__ 0.4649662791278913 off 0.30856786473435693 neg 0.2264658561377517	false	1.0
knappheit	neg 1.0		__DUMMY__ 0.46864418260643126 off 0.3010275606349173 neg 0.2303282567586516	false	0.5
schlange	neg 1.0		__DUMMY__ 0.46940142443951244 off 0.3047201352918288 neg 0.22587844026865864	false	0.5
harsch	neg 1.0		__DUMMY__ 0.4652952599952673 off 0.31674663396542857 neg 0.21795810603930402	false	0.5
lang	neg 1.0		__DUMMY__ 0.46836610261181527 off 0.30574811158198784 neg 0.22588578580619703	false	0.5
ziellos	neg 1.0		__DUMMY__ 0.4721697883537521 off 0.2997449804234928 neg 0.2280852312227551	false	0.5
selbstverliebt	neg 1.0		__DUMMY__ 0.4565196587492599 off 0.3233590828723705 neg 0.22012125837836957	false	0.5
beseitigen	neg 1.0		__DUMMY__ 0.4724728881816301 off 0.3058032024977346 neg 0.22172390932063518	false	0.5
dumm	off 1.0		__DUMMY__ 0.4593202215077208 off 0.3174366496679477 neg 0.2232431288243315	false	1.0
arbeitsloser	neg 1.0		__DUMMY__ 0.47216731795620137 off 0.3020717653312015 neg 0.22576091671259718	false	0.5
blitzen	neg 1.0		__DUMMY__ 0.4657256753397334 off 0.3083444487248607 neg 0.22592987593540578	false	0.5
hilflos	neg 1.0		__DUMMY__ 0.46999817291044094 off 0.3010878226457567 neg 0.2289140044438023	false	0.5
eklig	off 1.0		__DUMMY__ 0.4580576813608045 off 0.31753715912460945 neg 0.22440515951458595	false	1.0
begriff			__DUMMY__ 0.468461111013601 off 0.30318475857404326 neg 0.22835413041235572	false	0.0
hungersnot	neg 1.0		__DUMMY__ 0.46759203985692244 off 0.3004478792087271 neg 0.23196008093435053	false	0.5
ungesetzlich	neg 1.0		__DUMMY__ 0.46589789836437623 off 0.3061301637497014 neg 0.2279719378859224	false	0.5
verschwendung	neg 1.0		__DUMMY__ 0.4709492991575535 off 0.2989493832264478 neg 0.2301013176159987	false	0.5
schmerzvoll	neg 1.0		__DUMMY__ 0.4669050591588298 off 0.3051785500461885 neg 0.22791639079498163	false	0.5
vorzeitig	neg 1.0		__DUMMY__ 0.46664296655256143 off 0.3104458931492122 neg 0.22291114029822623	false	0.5
unvollkommenheit	neg 1.0		__DUMMY__ 0.4697440808124188 off 0.30235726036324356 neg 0.2278986588243378	false	0.5
intervenieren	neg 1.0		__DUMMY__ 0.46945154111018783 off 0.29931521105203324 neg 0.23123324783777888	false	0.5
banause	off 1.0		__DUMMY__ 0.4554112952904034 off 0.31850177709942595 neg 0.22608692761017063	false	1.0
rebell	neg 1.0		__DUMMY__ 0.4732696598960436 off 0.295243588167809 neg 0.2314867519361474	false	0.5
unlogisch	neg 1.0		__DUMMY__ 0.46244365898340184 off 0.3128765283901646 neg 0.2246798126264337	false	0.5
leiden	neg 1.0		__DUMMY__ 0.4739618758027429 off 0.29868266356160156 neg 0.22735546063565548	false	0.5
abschaffung	neg 1.0		__DUMMY__ 0.46680145574827003 off 0.3048607906241927 neg 0.22833775362753728	false	0.5
sturz	neg 1.0		__DUMMY__ 0.470763819907203 off 0.30802880922361375 neg 0.2212073708691831	false	0.5
verkleinerung	neg 1.0		__DUMMY__ 0.46398411027997216 off 0.30804481631445285 neg 0.22797107340557493	false	0.5
schmarotzer	off 1.0		__DUMMY__ 0.46897111353416865 off 0.30174733638342954 neg 0.2292815500824019	false	1.0
bestrafung	neg 1.0	neg 1.0	neg 0.5988450832139334 __DUMMY__ 0.2280993319252481 off 0.17305558486081846	false	1.0
achtlos	neg 1.0		__DUMMY__ 0.4698607909463825 off 0.30244066141359044 neg 0.22769854764002695	false	0.5
ungeheuer	neg 1.0		__DUMMY__ 0.46734880312310256 off 0.30399346650110104 neg 0.2286577303757964	false	0.5
unaufrichtig	neg 1.0		__DUMMY__ 0.4661379766450898 off 0.3090785168294778 neg 0.22478350652543244	false	0.5
groggy	neg 1.0		__DUMMY__ 0.46767172695014253 off 0.3082873404488362 neg 0.2240409326010212	false	0.5
verletzlich	neg 1.0		__DUMMY__ 0.4624977272004239 off 0.3086902277788129 neg 0.22881204502076322	false	0.5
