unsolidarisch	neg 1.0		off 0.38327466110146996 __DUMMY__ 0.3271940491578269 neg 0.28953128974070325	false	0.5
nachteilig	neg 1.0		off 0.3812391303957309 __DUMMY__ 0.33196654660902625 neg 0.28679432299524293	false	0.5
skeptisch	neg 1.0		off 0.3786764894203547 __DUMMY__ 0.33120168801721983 neg 0.2901218225624255	false	0.5
schrecklich	neg 1.0		off 0.3925101640186214 __DUMMY__ 0.3244109491366695 neg 0.2830788868447093	false	0.5
schlapp	neg 1.0	neg 1.0	neg 0.6278620575810817 off 0.21479484554074788 __DUMMY__ 0.1573430968781703	false	1.0
abfall	neg 1.0		off 0.3760644536979666 __DUMMY__ 0.33323897199345004 neg 0.2906965743085835	false	0.5
widerspenstig	neg 1.0		off 0.38226525864301525 __DUMMY__ 0.3285396701087407 neg 0.289195071248244	false	0.5
abrupt	neg 1.0		off 0.37795466588918847 __DUMMY__ 0.3309625343625193 neg 0.2910827997482923	false	0.5
unwirksam	neg 1.0		off 0.38216273474298684 __DUMMY__ 0.32638440957722065 neg 0.29145285567979257	false	0.5
angreifen	neg 1.0		off 0.377995338990712 __DUMMY__ 0.33140147870993736 neg 0.29060318229935067	false	0.5
inkonsistent	neg 1.0		off 0.38560303184577943 __DUMMY__ 0.3268727075007217 neg 0.28752426065349884	false	0.5
abrutschen	neg 1.0		off 0.3752855287884442 __DUMMY__ 0.33290612370708944 neg 0.2918083475044664	false	0.5
unsicher	neg 1.0		off 0.3836837783728131 __DUMMY__ 0.32954454289009366 neg 0.28677167873709314	false	0.5
bauernkind	off 1.0	off 1.0	off 0.6875722189436708 neg 0.157322271824156 __DUMMY__ 0.15510550923217314	false	1.0
angreifer	neg 1.0		off 0.3891295047893323 __DUMMY__ 0.3291969715022873 neg 0.2816735237083804	false	0.5
trennen	neg 1.0		off 0.3783466243067649 __DUMMY__ 0.33215292633978427 neg 0.2895004493534507	false	0.5
schmutz	neg 1.0		off 0.3907937030476419 __DUMMY__ 0.33197380255445963 neg 0.2772324943978986	false	0.5
inkonsistenz	neg 1.0		off 0.38819432684980115 __DUMMY__ 0.32630234507282146 neg 0.28550332807737744	false	0.5
erschreckend	neg 1.0		off 0.38252223879928526 __DUMMY__ 0.3292151466494156 neg 0.2882626145512993	false	0.5
ertrinken	neg 1.0		off 0.37708716996461095 __DUMMY__ 0.3310700548187807 neg 0.29184277521660834	false	0.5
pickelface	off 1.0		off 0.3849670741842709 __DUMMY__ 0.3295662417666818 neg 0.2854666840490473	false	1.0
seiner			off 0.3789797851245445 __DUMMY__ 0.33186015856840445 neg 0.28916005630705105	false	0.0
lauch	neg 1.0	neg 1.0	neg 0.630245277181366 off 0.20834879314882954 __DUMMY__ 0.1614059296698044	false	1.0
unwichtig	neg 1.0		off 0.388191489957922 __DUMMY__ 0.3263773958934703 neg 0.2854311141486077	false	0.5
steuerhinterziehung	neg 1.0		off 0.38177201747184114 __DUMMY__ 0.32813307952867243 neg 0.29009490299948654	false	0.5
schock	neg 1.0		off 0.3819955978565543 __DUMMY__ 0.330048880128121 neg 0.2879555220153246	false	0.5
beule	neg 1.0		off 0.39043087330716547 __DUMMY__ 0.32497702052287786 neg 0.28459210616995667	false	0.5
vergelten	neg 1.0		off 0.39462955374882924 __DUMMY__ 0.32503327765378626 neg 0.28033716859738433	false	0.5
verdorbenheit	neg 1.0		off 0.386315635665822 __DUMMY__ 0.32997790226123713 neg 0.2837064620729408	false	0.5
trauma	neg 1.0		off 0.3849052653106201 __DUMMY__ 0.3282286538779248 neg 0.28686608081145504	false	0.5
sinnlos	neg 1.0		off 0.3855956134184131 __DUMMY__ 0.328200869554429 neg 0.28620351702715796	false	0.5
fettsack	off 1.0	off 1.0	off 0.6888230230930766 neg 0.15583270478181663 __DUMMY__ 0.15534427212510674	false	1.0
feige	off 1.0	off 1.0	off 0.6850637912274098 neg 0.15796055264350775 __DUMMY__ 0.1569756561290825	false	1.0
abdanken	neg 1.0		off 0.3833409963747231 __DUMMY__ 0.329438244039052 neg 0.28722075958622484	false	0.5
wichtigtuer	off 1.0	off 1.0	off 0.6834929185191635 neg 0.15833909768037954 __DUMMY__ 0.158167983800457	false	1.0
misslingen	neg 1.0		off 0.3875951434227408 __DUMMY__ 0.3309858056588164 neg 0.2814190509184429	false	0.5
untreu	off 1.0		off 0.38945909273882917 __DUMMY__ 0.32579488404838197 neg 0.28474602321278897	false	1.0
missmutig	neg 1.0		off 0.3862580790552006 __DUMMY__ 0.3262926572640592 neg 0.2874492636807401	false	0.5
hurenbock	off 1.0		off 0.38409464133056537 __DUMMY__ 0.32861004111282 neg 0.28729531755661464	false	1.0
betrunken	neg 1.0		off 0.3913469717089107 __DUMMY__ 0.3248077270370033 neg 0.283845301254086	false	0.5
korrupt	off 1.0		off 0.38076543952142494 __DUMMY__ 0.3278296431639596 neg 0.29140491731461543	false	1.0
unmut	neg 1.0		off 0.37695867507898134 __DUMMY__ 0.3321240572328464 neg 0.2909172676881722	false	0.5
hackfresse	off 1.0		off 0.39702758607397143 __DUMMY__ 0.32208265514399814 neg 0.28088975878203043	false	1.0
aufblasen	neg 1.0		off 0.383743357842892 __DUMMY__ 0.3287640912239274 neg 0.2874925509331806	false	0.5
gewaltsam	neg 1.0		off 0.38411267488242323 __DUMMY__ 0.3300838623765598 neg 0.28580346274101687	false	0.5
unbeliebtheit	neg 1.0		off 0.39038926857912964 __DUMMY__ 0.3264670480945731 neg 0.28314368332629725	false	0.5
sturheit	neg 1.0		off 0.38285400961738786 __DUMMY__ 0.3297102700715546 neg 0.28743572031105735	false	0.5
kuh	neg 1.0		off 0.38437814029291645 __DUMMY__ 0.32454081331444246 neg 0.29108104639264104	false	0.5
erschrecken	neg 1.0		off 0.38769134658273074 __DUMMY__ 0.3272320394192869 neg 0.2850766139979824	false	0.5
opfer	neg 1.0		off 0.3804633194327603 __DUMMY__ 0.33110846840209107 neg 0.2884282121651486	false	0.5
sinken	neg 1.0		off 0.3770811215958026 __DUMMY__ 0.3313150203641373 neg 0.2916038580400601	false	0.5
stinktier	neg 1.0		off 0.39329571111948386 __DUMMY__ 0.32136114706342783 neg 0.28534314181708825	false	0.5
tucke	off 1.0		off 0.3980452641556985 __DUMMY__ 0.3196681040302746 neg 0.28228663181402686	false	1.0
ein			off 0.38176186081104196 __DUMMY__ 0.328407878364867 neg 0.2898302608240911	false	0.0
abstieg	neg 1.0		off 0.3830270889049447 __DUMMY__ 0.33183922620843925 neg 0.2851336848866161	false	0.5
missverstehen	neg 1.0		off 0.38606690894039203 __DUMMY__ 0.32732569631461683 neg 0.28660739474499103	false	0.5
ergebnislos	neg 1.0		off 0.3810739406821385 __DUMMY__ 0.33203126951453193 neg 0.2868947898033295	false	0.5
unter			off 0.3727775936028638 __DUMMY__ 0.3361582594845093 neg 0.29106414691262705	false	0.0
manipulieren	neg 1.0		off 0.37943849658746365 __DUMMY__ 0.33142309214946997 neg 0.28913841126306655	false	0.5
unbewiesen	neg 1.0		off 0.38429021871458957 __DUMMY__ 0.32789183533533006 neg 0.28781794595008037	false	0.5
verschleppen	neg 1.0		off 0.38025920924290996 __DUMMY__ 0.32964234844573637 neg 0.29009844231135373	false	0.5
weib	off 1.0		off 0.39921787364260697 __DUMMY__ 0.32088558239149406 neg 0.27989654396589897	false	1.0
opposition	neg 1.0		off 0.384640398624306 __DUMMY__ 0.32742043262762915 neg 0.28793916874806474	false	0.5
verkehrswidrig	neg 1.0		off 0.39700593338900997 __DUMMY__ 0.32656172459876115 neg 0.2764323420122289	false	0.5
inkorrekt	neg 1.0		off 0.39181093124997085 __DUMMY__ 0.3239361027755344 neg 0.2842529659744947	false	0.5
vermeiden	neg 1.0		off 0.3761032534610711 __DUMMY__ 0.334359015062915 neg 0.28953773147601397	false	0.5
abweichung	neg 1.0		off 0.3822420525321205 __DUMMY__ 0.3310583344997781 neg 0.2866996129681015	false	0.5
alkoholisiert	neg 1.0		off 0.382381058195291 __DUMMY__ 0.33506380055677837 neg 0.2825551412479306	false	0.5
scheiss	off 1.0	off 1.0	off 0.6860720200626897 neg 0.15723524919411058 __DUMMY__ 0.1566927307431998	false	1.0
herausforderung	neg 1.0		off 0.381353208952629 __DUMMY__ 0.330590234144287 neg 0.28805655690308407	false	0.5
pervers	off 1.0		off 0.40131952295059714 __DUMMY__ 0.3196158440008407 neg 0.27906463304856205	false	1.0
wackelig	neg 1.0		off 0.3813111245432906 __DUMMY__ 0.3307823324731582 neg 0.2879065429835512	false	0.5
verwickeln	neg 1.0		off 0.38518643921375173 __DUMMY__ 0.32778386415447436 neg 0.2870296966317741	false	0.5
vorwand	neg 1.0		off 0.3777433957293822 __DUMMY__ 0.33169705311152603 neg 0.2905595511590918	false	0.5
muschi	off 1.0		off 0.3843145550463825 __DUMMY__ 0.3305417265772021 neg 0.28514371837641556	false	1.0
entmutigung	neg 1.0		off 0.38442534429842873 __DUMMY__ 0.3258987999736006 neg 0.2896758557279707	false	0.5
unangemessen	neg 1.0		off 0.38214233797504055 __DUMMY__ 0.32942817359702087 neg 0.2884294884279386	false	0.5
unstetig	neg 1.0		off 0.3885744010934309 __DUMMY__ 0.32779045263125134 neg 0.2836351462753178	false	0.5
entmutigen	neg 1.0		off 0.383577808867633 __DUMMY__ 0.3277221091103352 neg 0.28870008202203185	false	0.5
schwanz	neg 1.0		off 0.38205648246898916 __DUMMY__ 0.3312290335879505 neg 0.2867144839430604	false	0.5
verbot	neg 1.0		off 0.3815634878414947 __DUMMY__ 0.32911918162575904 neg 0.28931733053274633	false	0.5
leid	neg 1.0		off 0.39406597419727574 __DUMMY__ 0.32344753121139674 neg 0.2824864945913276	false	0.5
archaisch	neg 1.0		off 0.38163386396326593 __DUMMY__ 0.32928256885311674 neg 0.2890835671836172	false	0.5
gegen			off 0.3782500480079089 __DUMMY__ 0.33280684925283444 neg 0.2889431027392566	false	0.0
scheidung	neg 1.0		off 0.40790551461676017 __DUMMY__ 0.32143162323533664 neg 0.27066286214790336	false	0.5
einschlag	neg 1.0		off 0.39471887016954954 __DUMMY__ 0.3261928022075028 neg 0.27908832762294766	false	0.5
m			off 0.3820338223210337 __DUMMY__ 0.3306947653752853 neg 0.28727141230368103	false	0.0
abgestanden	neg 1.0		off 0.38119993015392967 __DUMMY__ 0.32607833291553034 neg 0.2927217369305401	false	0.5
schmierig	off 1.0		off 0.3935139622580636 __DUMMY__ 0.32338902924442553 neg 0.2830970084975109	false	1.0
unpraktisch	neg 1.0		off 0.3853524450755988 __DUMMY__ 0.3288064063211966 neg 0.28584114860320464	false	0.5
wixxer	off 1.0		off 0.4013935806738843 __DUMMY__ 0.31905252266673206 neg 0.2795538966593835	false	1.0
bezeichnet			off 0.38406813272736073 __DUMMY__ 0.3291681007281162 neg 0.286763766544523	false	0.0
jammerlappen	off 1.0		off 0.38848851709456755 __DUMMY__ 0.32629000578095435 neg 0.2852214771244781	false	1.0
farce	neg 1.0		off 0.3829009454185343 __DUMMY__ 0.32805027197200387 neg 0.2890487826094618	false	0.5
zwecklos	neg 1.0		off 0.38085068141389855 __DUMMY__ 0.3295474075316968 neg 0.28960191105440464	false	0.5
turbulent	neg 1.0		off 0.3915911908797445 __DUMMY__ 0.3258446164743396 neg 0.282564192645916	false	0.5
invasion	neg 1.0		off 0.3864457439289144 __DUMMY__ 0.3279018958103873 neg 0.28565236026069835	false	0.5
schuld	neg 1.0		off 0.3846427863510982 __DUMMY__ 0.328317154273178 neg 0.28704005937572374	false	0.5
risiko	neg 1.0		off 0.3858925454125767 __DUMMY__ 0.3279045742805292 neg 0.286202880306894	false	0.5
finster	neg 1.0		off 0.38208942584341704 __DUMMY__ 0.3278846911871003 neg 0.2900258829694827	false	0.5
geisteskrank	off 1.0		off 0.3906921676527572 __DUMMY__ 0.32468297975937027 neg 0.2846248525878727	false	1.0
zusammenbrechen	neg 1.0		off 0.3811641947501888 __DUMMY__ 0.3296059448564305 neg 0.2892298603933807	false	0.5
ausbeute	neg 1.0		off 0.38335275428757865 __DUMMY__ 0.330596395888787 neg 0.2860508498236343	false	0.5
hinterhalt	neg 1.0		off 0.3824679821901143 __DUMMY__ 0.3298760406003662 neg 0.2876559772095194	false	0.5
kritik	neg 1.0		off 0.3823983065841552 __DUMMY__ 0.32795651104402207 neg 0.2896451823718226	false	0.5
einschrumpfen	neg 1.0		off 0.38838800028015674 __DUMMY__ 0.3256530574406168 neg 0.2859589422792264	false	0.5
riskant	neg 1.0		off 0.3788739159404218 __DUMMY__ 0.33103228182698885 neg 0.29009380223258946	false	0.5
frustrieren	neg 1.0		off 0.379437333073396 __DUMMY__ 0.33025934269787355 neg 0.2903033242287304	false	0.5
groll	neg 1.0		off 0.381639691670634 __DUMMY__ 0.33006193361261077 neg 0.2882983747167553	false	0.5
gibt			off 0.38118483005925563 __DUMMY__ 0.33030046657438866 neg 0.28851470336635565	false	0.0
qualvoll	neg 1.0		off 0.3853341658314075 __DUMMY__ 0.3276366451546836 neg 0.28702918901390884	false	0.5
wackeln	neg 1.0		off 0.3835191093035176 __DUMMY__ 0.32939588870921505 neg 0.2870850019872674	false	0.5
klagen	neg 1.0		off 0.3778818718459419 __DUMMY__ 0.3314274767685563 neg 0.2906906513855017	false	0.5
bankrott	neg 1.0		off 0.38942282501678943 __DUMMY__ 0.3279777792908794 neg 0.28259939569233117	false	0.5
trauern	neg 1.0		off 0.38048047581894634 __DUMMY__ 0.33265131211861687 neg 0.28686821206243673	false	0.5
ablehnung	neg 1.0		off 0.3823841723355816 __DUMMY__ 0.32886428450577104 neg 0.2887515431586474	false	0.5
stur	neg 1.0		off 0.38424332694431346 __DUMMY__ 0.3278926454240831 neg 0.2878640276316034	false	0.5
aufruhr	neg 1.0		off 0.3827224484077715 __DUMMY__ 0.3279040366272985 neg 0.2893735149649301	false	0.5
melancholie	neg 1.0		off 0.3776811790214539 __DUMMY__ 0.3301374790809477 neg 0.29218134189759826	false	0.5
ist			off 0.38518355780020197 __DUMMY__ 0.328160747103478 neg 0.28665569509632005	false	0.0
torheit	neg 1.0		off 0.3844643526327692 __DUMMY__ 0.32793577115772987 neg 0.2875998762095008	false	0.5
dreckskind	off 1.0		off 0.39835019237827607 __DUMMY__ 0.3215866102058149 neg 0.2800631974159089	false	1.0
umtauschen	neg 1.0		off 0.38299998426277965 __DUMMY__ 0.32936631459820787 neg 0.2876337011390125	false	0.5
zum			off 0.3776273349183891 __DUMMY__ 0.3359581773769568 neg 0.2864144877046541	false	0.0
zersetzen	neg 1.0		off 0.37821791728092286 __DUMMY__ 0.3305201319845377 neg 0.29126195073453953	false	0.5
zur			off 0.37633214261518677 __DUMMY__ 0.3344128441610106 neg 0.28925501322380276	false	0.0
frust	neg 1.0		off 0.38087757089414676 __DUMMY__ 0.3297052639287571 neg 0.28941716517709604	false	0.5
unerbittlichkeit	neg 1.0		off 0.37996079401178234 __DUMMY__ 0.3311476131498497 neg 0.28889159283836796	false	0.5
zwei			off 0.37568755116552294 __DUMMY__ 0.3345102502948603 neg 0.2898021985396168	false	0.0
unkorrekt	neg 1.0		off 0.3907579603907178 __DUMMY__ 0.32458554022479413 neg 0.2846564993844881	false	0.5
hexe	off 1.0		off 0.3873693083065968 __DUMMY__ 0.32528954869789617 neg 0.2873411429955069	false	1.0
lasch	neg 1.0		off 0.3876324540890056 __DUMMY__ 0.32671662614546004 neg 0.2856509197655345	false	0.5
rivale	neg 1.0		off 0.39320144177898153 __DUMMY__ 0.32498663076522016 neg 0.28181192745579836	false	0.5
mutlos	off 1.0	off 1.0	off 0.6801754119602904 neg 0.16044055899248816 __DUMMY__ 0.15938402904722154	false	1.0
wirr	off 1.0		off 0.3927574643923051 __DUMMY__ 0.323627016651467 neg 0.2836155189562278	false	1.0
jahr			off 0.38117262652180633 __DUMMY__ 0.33372877977332505 neg 0.2850985937048687	false	0.0
wird			off 0.3807719757118368 __DUMMY__ 0.3306995743840337 neg 0.28852844990412946	false	0.0
strafbar	neg 1.0		off 0.3793747881603868 __DUMMY__ 0.33071523961630345 neg 0.2899099722233099	false	0.5
erosion	neg 1.0		off 0.38421039451654293 __DUMMY__ 0.3293538204150107 neg 0.28643578506844636	false	0.5
eingehen	neg 1.0		off 0.378943029747152 __DUMMY__ 0.3300314403090134 neg 0.2910255299438347	false	0.5
faul	off 1.0		off 0.3884059637625505 __DUMMY__ 0.32734918911407135 neg 0.2842448471233783	false	1.0
provisorium	neg 1.0		off 0.37305347002875333 __DUMMY__ 0.3363219350222331 neg 0.29062459494901344	false	0.5
schmerzen	neg 1.0		off 0.38125084282854044 __DUMMY__ 0.32848210942787576 neg 0.29026704774358375	false	0.5
schrumpfen	neg 1.0		off 0.3744857605725476 __DUMMY__ 0.33229287216031606 neg 0.2932213672671363	false	0.5
geistlos	off 1.0		off 0.3853716373650892 __DUMMY__ 0.3261124117631502 neg 0.2885159508717606	false	1.0
fehlkauf	neg 1.0		off 0.38622716030154153 __DUMMY__ 0.3275783926938252 neg 0.28619444700463326	false	0.5
frustrierend	neg 1.0		off 0.38698947393003197 __DUMMY__ 0.3266859097861368 neg 0.2863246162838312	false	0.5
unzufrieden	neg 1.0		off 0.38105883631365867 __DUMMY__ 0.3300676691753575 neg 0.2888734945109838	false	0.5
verzweifeln	neg 1.0		off 0.3824330388129446 __DUMMY__ 0.3295702145250653 neg 0.2879967466619902	false	0.5
verzweifelt	neg 1.0		off 0.38442537684594374 __DUMMY__ 0.32799843381265115 neg 0.2875761893414051	false	0.5
misstrauensantrag	neg 1.0		off 0.38554053633218427 __DUMMY__ 0.3277043942617249 neg 0.28675506940609086	false	0.5
abfallen	neg 1.0		off 0.38357791599952645 __DUMMY__ 0.3288258700226037 neg 0.28759621397786966	false	0.5
fucker	off 1.0		off 0.39275932483967535 __DUMMY__ 0.32556120048306314 neg 0.2816794746772614	false	1.0
ungezogen	neg 1.0		off 0.3993732865072486 __DUMMY__ 0.32110264496855473 neg 0.2795240685241967	false	0.5
irrsinnig	neg 1.0	neg 1.0	neg 0.6292415204974767 off 0.21228245818613103 __DUMMY__ 0.15847602131639227	false	1.0
unfassbar	neg 1.0		off 0.3896264774448532 __DUMMY__ 0.32606869984814046 neg 0.28430482270700635	false	0.5
hart	neg 1.0		off 0.38936286544454707 __DUMMY__ 0.3248863725690479 neg 0.2857507619864049	false	0.5
widerlich	off 1.0		off 0.38972365325419683 __DUMMY__ 0.325251039373522 neg 0.28502530737228116	false	1.0
fatal	neg 1.0	neg 1.0	neg 0.6298802226728777 off 0.21275498215111532 __DUMMY__ 0.15736479517600707	false	1.0
bruch	neg 1.0		off 0.3765994239605381 __DUMMY__ 0.3322642311276657 neg 0.29113634491179624	false	0.5
aushungern	neg 1.0		off 0.3813249612757605 __DUMMY__ 0.32861509892571883 neg 0.2900599397985206	false	0.5
anspannung	neg 1.0		off 0.37572787701301763 __DUMMY__ 0.33442936340925444 neg 0.28984275957772804	false	0.5
von			off 0.37923247367978924 __DUMMY__ 0.3327314474766411 neg 0.2880360788435696	false	0.0
kraftlos	neg 1.0		off 0.3803242624150523 __DUMMY__ 0.33005029137611536 neg 0.28962544620883235	false	0.5
vom			off 0.37467881986853735 __DUMMY__ 0.3373119935674143 neg 0.28800918656404834	false	0.0
grenzdebil	off 1.0		off 0.3895480911728981 __DUMMY__ 0.3254238346421608 neg 0.2850280741849411	false	1.0
vor			off 0.37700273010159735 __DUMMY__ 0.3323101635128888 neg 0.29068710638551387	false	0.0
unterwerfen	neg 1.0		off 0.3804154735742111 __DUMMY__ 0.3308221435467117 neg 0.2887623828790771	false	0.5
versenkung	neg 1.0		off 0.3799987001671569 __DUMMY__ 0.33130417745492624 neg 0.2886971223779168	false	0.5
entziehen	neg 1.0		off 0.37771088550880394 __DUMMY__ 0.3318090614821773 neg 0.2904800530090187	false	0.5
finanzkrise	neg 1.0		off 0.38049671545809644 __DUMMY__ 0.3260217691199877 neg 0.29348151542191575	false	0.5
schimpfend	neg 1.0		off 0.38531322956423664 __DUMMY__ 0.32960645995585786 neg 0.28508031047990556	false	0.5
profan	neg 1.0		off 0.38566419046983025 __DUMMY__ 0.32753188832572694 neg 0.28680392120444287	false	0.5
korruption	neg 1.0		off 0.3804554207455798 __DUMMY__ 0.3285330420446458 neg 0.29101153720977435	false	0.5
â			off 0.3810298151461294 __DUMMY__ 0.3305822746113686 neg 0.288387910242502	false	0.0
schmutzig	neg 1.0		off 0.3898155491840107 __DUMMY__ 0.3255061114120613 neg 0.2846783394039279	false	0.5
sexy	neg 1.0		off 0.3880151269427646 __DUMMY__ 0.32766996105222773 neg 0.2843149120050077	false	0.5
abraten	neg 1.0		off 0.3859150275936753 __DUMMY__ 0.3285218113569055 neg 0.2855631610494192	false	0.5
schwarz	neg 1.0		off 0.3861311314675243 __DUMMY__ 0.3281443244667047 neg 0.28572454406577097	false	0.5
fotze	off 1.0	off 1.0	off 0.681643603157945 __DUMMY__ 0.16017683635619373 neg 0.15817956048586113	false	1.0
verwirren	neg 1.0		off 0.38612609729076847 __DUMMY__ 0.32765795371608547 neg 0.2862159489931461	false	0.5
zahnlos	off 1.0		off 0.38167947179209466 __DUMMY__ 0.32929829773056796 neg 0.2890222304773374	false	1.0
verheeren	neg 1.0		off 0.40111914531094234 __DUMMY__ 0.32099182111552804 neg 0.2778890335735297	false	0.5
hippie	neg 1.0		off 0.38753410198569355 __DUMMY__ 0.3276437812164186 neg 0.2848221167978879	false	0.5
rammen	neg 1.0		off 0.38575521535685653 __DUMMY__ 0.33012257037730386 neg 0.2841222142658395	false	0.5
unlauter	neg 1.0		off 0.38586936536615174 __DUMMY__ 0.3279012363803507 neg 0.28622939825349764	false	0.5
unheilvoll	neg 1.0		off 0.3841234347465774 __DUMMY__ 0.32771308378443814 neg 0.2881634814689844	false	0.5
niedrig	neg 1.0		off 0.38054170555086314 __DUMMY__ 0.33017059740533916 neg 0.28928769704379775	false	0.5
explosion	neg 1.0		off 0.38771622801183714 __DUMMY__ 0.32795472109384693 neg 0.28432905089431604	false	0.5
weichei	off 1.0	off 1.0	off 0.687923962231357 neg 0.15694987213543943 __DUMMY__ 0.15512616563320358	false	1.0
minusmensch	off 1.0		off 0.401043108625244 __DUMMY__ 0.3211465973107015 neg 0.2778102940640546	false	1.0
farblos	neg 1.0		off 0.38577376405174607 __DUMMY__ 0.32916750424764807 neg 0.2850587317006059	false	0.5
unwissend	neg 1.0	neg 1.0	neg 0.6283609334145267 off 0.21439627476831002 __DUMMY__ 0.15724279181716336	false	1.0
traurig	neg 1.0		off 0.39217479137542044 __DUMMY__ 0.3246971321348943 neg 0.28312807648968535	false	0.5
senkung	neg 1.0		off 0.3848355592168348 __DUMMY__ 0.32545610352750054 neg 0.28970833725566475	false	0.5
ungleich	neg 1.0	neg 1.0	neg 0.6303090255448991 off 0.20999926055650497 __DUMMY__ 0.15969171389859602	false	1.0
heikel	neg 1.0		off 0.3789283985332861 __DUMMY__ 0.3308514937530753 neg 0.2902201077136387	false	0.5
drosselung	neg 1.0		off 0.38981426047544776 __DUMMY__ 0.3250547710232405 neg 0.2851309685013118	false	0.5
falsch	neg 1.0		off 0.38779557540707305 __DUMMY__ 0.32715377891913366 neg 0.2850506456737932	false	0.5
unzufriedenheit	neg 1.0		off 0.3783010526471374 __DUMMY__ 0.33049844905954323 neg 0.2912004982933193	false	0.5
kurz	neg 1.0		off 0.3820015741389061 __DUMMY__ 0.3307966006608433 neg 0.28720182520025045	false	0.5
unsinnig	neg 1.0		off 0.38173722769619356 __DUMMY__ 0.3284731130607252 neg 0.2897896592430812	false	0.5
penner	off 1.0	off 1.0	off 0.6891978841644817 neg 0.15586752058856554 __DUMMY__ 0.15493459524695286	false	1.0
seicht	neg 1.0		off 0.3967582898485852 __DUMMY__ 0.3196506059944853 neg 0.28359110415692956	false	0.5
dummheit	off 1.0	off 1.0	off 0.6832119655262179 neg 0.15913737080723914 __DUMMY__ 0.15765066366654304	false	1.0
unerfreulich	neg 1.0		off 0.3788439188353812 __DUMMY__ 0.3312259182688457 neg 0.289930162895773	false	0.5
motherfucker	off 1.0	off 1.0	off 0.6865847328466543 __DUMMY__ 0.156948835647648 neg 0.15646643150569764	false	1.0
pikiert	neg 1.0		off 0.3883695039006818 __DUMMY__ 0.32547893834713276 neg 0.2861515577521854	false	0.5
wrack	neg 1.0		off 0.3843982348738472 __DUMMY__ 0.3329408085225471 neg 0.2826609566036055	false	0.5
gangster	neg 1.0		off 0.38765182472378734 __DUMMY__ 0.32743684602498535 neg 0.2849113292512273	false	0.5
krank	neg 1.0		off 0.3900439183572051 __DUMMY__ 0.32587401825837464 neg 0.2840820633844204	false	0.5
reich	neg 1.0		off 0.387259179189687 __DUMMY__ 0.3258231321562678 neg 0.2869176886540452	false	0.5
gnadenlos	neg 1.0		off 0.38487689422966004 __DUMMY__ 0.3289604803442458 neg 0.2861626254260942	false	0.5
niedergeschlagen	neg 1.0		off 0.3814840144091203 __DUMMY__ 0.330784100807834 neg 0.28773188478304584	false	0.5
terrorisieren	off 1.0	off 1.0	off 0.6797083922598551 neg 0.16037741922741175 __DUMMY__ 0.15991418851273306	false	1.0
sinnlosigkeit	neg 1.0		off 0.3814055975620505 __DUMMY__ 0.3296906150704108 neg 0.2889037873675386	false	0.5
behindern	neg 1.0		off 0.38322363732262643 __DUMMY__ 0.3289353500875312 neg 0.28784101258984246	false	0.5
undemokratisch	neg 1.0		off 0.3854618081508712 __DUMMY__ 0.32723235852535776 neg 0.28730583332377096	false	0.5
wirtschaftskrise	neg 1.0		off 0.3798386238266335 __DUMMY__ 0.32833085233606224 neg 0.2918305238373042	false	0.5
neid	neg 1.0		off 0.3864430717210457 __DUMMY__ 0.32677871479248466 neg 0.2867782134864696	false	0.5
rutschen	neg 1.0		off 0.3751175451904894 __DUMMY__ 0.3343162597632243 neg 0.2905661950462863	false	0.5
rezession	neg 1.0		off 0.39015768890159847 __DUMMY__ 0.32183824754675894 neg 0.2880040635516426	false	0.5
fehlgeburt	neg 1.0		off 0.3852674882304015 __DUMMY__ 0.3300559151581805 neg 0.2846765966114179	false	0.5
charakterschwach	off 1.0		off 0.3889363225861836 __DUMMY__ 0.32516398183350836 neg 0.2858996955803081	false	1.0
isolation	neg 1.0		off 0.38873615328962924 __DUMMY__ 0.32814833900812435 neg 0.2831155077022465	false	0.5
ablenkung	neg 1.0		off 0.383495692215207 __DUMMY__ 0.3295498297121405 neg 0.2869544780726525	false	0.5
pech	neg 1.0		off 0.3876399911343345 __DUMMY__ 0.32652289183221506 neg 0.2858371170334504	false	0.5
vermeidung	neg 1.0		off 0.38984743128686694 __DUMMY__ 0.3255466521644736 neg 0.28460591654865947	false	0.5
dominieren	neg 1.0		off 0.3825245570576237 __DUMMY__ 0.33019337690614414 neg 0.28728206603623213	false	0.5
schwindlig	neg 1.0		off 0.3851972538169977 __DUMMY__ 0.3275872896584264 neg 0.2872154565245759	false	0.5
lutscher	neg 1.0		off 0.3994726255541581 __DUMMY__ 0.31962131641650543 neg 0.28090605802933655	false	0.5
pflicht	neg 1.0		off 0.3779275715387587 __DUMMY__ 0.3318928852080176 neg 0.29017954325322365	false	0.5
faschist	off 1.0		off 0.3870706066917247 __DUMMY__ 0.3266768841254206 neg 0.2862525091828546	false	1.0
verschleudern	neg 1.0		off 0.3789943430914176 __DUMMY__ 0.3293819391169686 neg 0.29162371779161383	false	0.5
wenn			off 0.3881080032388466 __DUMMY__ 0.32636501234041854 neg 0.2855269844207348	false	0.0
ehebruch	neg 1.0		off 0.3798032207428482 __DUMMY__ 0.3294103667345354 neg 0.29078641252261633	false	0.5
spott	off 1.0		off 0.3808314815814205 __DUMMY__ 0.3306891709008633 neg 0.2884793475177162	false	1.0
trostlosigkeit	neg 1.0		off 0.37657018567904466 __DUMMY__ 0.3304490182425403 neg 0.29298079607841504	false	0.5
lutschen	neg 1.0		off 0.38905756632147903 __DUMMY__ 0.32784123069833543 neg 0.2831012029801856	false	0.5
undiszipliniert	neg 1.0		off 0.39120644034236846 __DUMMY__ 0.3247340211902816 neg 0.28405953846734977	false	0.5
kopfschmerz	neg 1.0		off 0.3787128514285586 __DUMMY__ 0.32878574404712924 neg 0.2925014045243121	false	0.5
unvorhergesehen	neg 1.0		off 0.3790078239826296 __DUMMY__ 0.3325636691057526 neg 0.28842850691161787	false	0.5
desinteressiert	neg 1.0		off 0.39050113054101365 __DUMMY__ 0.3249581836359493 neg 0.28454068582303693	false	0.5
armselig	off 1.0		off 0.39285935851483544 __DUMMY__ 0.3240486018711704 neg 0.2830920396139942	false	1.0
desaster	neg 1.0		off 0.3763679216780012 __DUMMY__ 0.3311032445114945 neg 0.29252883381050426	false	0.5
tod	neg 1.0		off 0.3801514395470082 __DUMMY__ 0.33093929234496167 neg 0.2889092681080301	false	0.5
herzlos	neg 1.0		off 0.39224982425079263 __DUMMY__ 0.3242117389401339 neg 0.28353843680907337	false	0.5
unwissenheit	neg 1.0		off 0.3809508585574408 __DUMMY__ 0.32968615356123593 neg 0.28936298788132314	false	0.5
widersinnig	neg 1.0		off 0.38158718124832036 __DUMMY__ 0.3280821101155393 neg 0.2903307086361405	false	0.5
bedenklich	neg 1.0		off 0.3798541407839488 __DUMMY__ 0.3298391173535217 neg 0.2903067418625294	false	0.5
beanstanden	neg 1.0		off 0.3791796121597486 __DUMMY__ 0.3321891270735036 neg 0.28863126076674767	false	0.5
panisch	neg 1.0		off 0.3860953527365456 __DUMMY__ 0.3288277544908071 neg 0.2850768927726474	false	0.5
debil	off 1.0		off 0.3732686803786088 __DUMMY__ 0.3352815775175064 neg 0.2914497421038848	false	1.0
abstrich	neg 1.0		off 0.38410076875211047 __DUMMY__ 0.3313410855122984 neg 0.284558145735591	false	0.5
primitiv	neg 1.0		off 0.3905681044517972 __DUMMY__ 0.32486011393524555 neg 0.2845717816129573	false	0.5
abschaum	off 1.0	off 1.0	off 0.6853642102213069 __DUMMY__ 0.1576016032803109 neg 0.1570341864983822	false	1.0
provozieren	neg 1.0		off 0.38405325252146616 __DUMMY__ 0.32806344384648256 neg 0.28788330363205145	false	0.5
tot	neg 1.0		off 0.38235140062413797 __DUMMY__ 0.3306376178734651 neg 0.28701098150239684	false	0.5
instabil	neg 1.0		off 0.3931664020580642 __DUMMY__ 0.32373042978302513 neg 0.2831031681589106	false	0.5
schwuchtel	off 1.0	off 1.0	off 0.6935718712775478 neg 0.15326343997139832 __DUMMY__ 0.15316468875105382	false	1.0
zerren	neg 1.0		off 0.38128017512873574 __DUMMY__ 0.33070325075663837 neg 0.28801657411462606	false	0.5
kinderficker	off 1.0		off 0.39535732662931705 __DUMMY__ 0.32297109748810404 neg 0.2816715758825789	false	1.0
gefahr	neg 1.0		off 0.379019282691992 __DUMMY__ 0.3322010964632822 neg 0.28877962084472586	false	0.5
rabiat	neg 1.0		off 0.38201319041168996 __DUMMY__ 0.3286579141776235 neg 0.2893288954106865	false	0.5
verlangsamung	neg 1.0		off 0.3971805405194022 __DUMMY__ 0.32206809762439437 neg 0.2807513618562033	false	0.5
ausgestorben	neg 1.0		off 0.3823423684653535 __DUMMY__ 0.32964596523234396 neg 0.2880116663023027	false	0.5
anklagen	neg 1.0		off 0.38170954574349 __DUMMY__ 0.32934407200802873 neg 0.2889463822484813	false	0.5
trott	neg 1.0		off 0.3838755618735678 __DUMMY__ 0.32932352488715677 neg 0.2868009132392754	false	0.5
verminderung	neg 1.0		off 0.38964357712848946 __DUMMY__ 0.3252714905630259 neg 0.28508493230848453	false	0.5
nach			off 0.37442397830389396 __DUMMY__ 0.33548038826295795 neg 0.290095633433148	false	0.0
rost	neg 1.0		off 0.3994315220495605 __DUMMY__ 0.32263828844255094 neg 0.2779301895078885	false	0.5
destruktiv	neg 1.0		off 0.3825203184858045 __DUMMY__ 0.3281140662910671 neg 0.2893656152231285	false	0.5
unzumutbarkeit	neg 1.0		off 0.39180795210403685 __DUMMY__ 0.32749130428232825 neg 0.2807007436136349	false	0.5
labil	off 1.0	off 1.0	off 0.684863718943544 __DUMMY__ 0.15763335432872308 neg 0.15750292672773283	false	1.0
ziemlich	neg 1.0		off 0.38977956978552764 __DUMMY__ 0.32665995208258597 neg 0.28356047813188634	false	0.5
lachnummer	off 1.0		off 0.38395201394827405 __DUMMY__ 0.32874493835974167 neg 0.28730304769198434	false	1.0
oder			off 0.3846880086871012 __DUMMY__ 0.3295351520677865 neg 0.2857768392451123	false	0.0
verfall	neg 1.0		off 0.3743901943621768 __DUMMY__ 0.3320339678122539 neg 0.29357583782556934	false	0.5
ausgrenzung	neg 1.0		off 0.3855462592142898 __DUMMY__ 0.3273930534670244 neg 0.28706068731868567	false	0.5
unordnung	neg 1.0		off 0.39555627655704034 __DUMMY__ 0.3253295056233549 neg 0.2791142178196047	false	0.5
fehlverhalten	neg 1.0		off 0.37935176818672534 __DUMMY__ 0.33069656753962173 neg 0.28995166427365293	false	0.5
eine			off 0.37747007821159456 __DUMMY__ 0.33188290450501456 neg 0.2906470172833908	false	0.0
nille	neg 1.0		off 0.38442419921523274 __DUMMY__ 0.32935835107283445 neg 0.28621744971193275	false	0.5
qual	neg 1.0		off 0.3834479629402779 __DUMMY__ 0.3293739041985126 neg 0.2871781328612097	false	0.5
verschwenden	neg 1.0		off 0.37855638945507053 __DUMMY__ 0.3302106834678847 neg 0.29123292707704473	false	0.5
riesig	neg 1.0		off 0.38127618606247876 __DUMMY__ 0.3321321587995113 neg 0.2865916551380098	false	0.5
verurteilen	neg 1.0		off 0.38113715075682775 __DUMMY__ 0.3292216453200651 neg 0.28964120392310727	false	0.5
klischee	neg 1.0	neg 1.0	neg 0.6286196812384437 off 0.21387329343230058 __DUMMY__ 0.15750702532925565	false	1.0
diktatorisch	neg 1.0		off 0.3851152979691787 __DUMMY__ 0.3267333599894974 neg 0.28815134204132375	false	0.5
vorhersehbar	neg 1.0		off 0.38569347668703113 __DUMMY__ 0.3263617411947907 neg 0.28794478211817814	false	0.5
sowie			off 0.39396866585309526 __DUMMY__ 0.3224391383750577 neg 0.28359219577184697	false	0.0
stornieren	neg 1.0		off 0.38994036990982506 __DUMMY__ 0.33119590591212505 neg 0.2788637241780498	false	0.5
besteuerung	neg 1.0	neg 1.0	neg 0.6309268240033086 off 0.21156656361663378 __DUMMY__ 0.15750661238005764	false	1.0
ungeschminkt	neg 1.0		off 0.39151808082993705 __DUMMY__ 0.3255458031992942 neg 0.2829361159707687	false	0.5
kritisch	neg 1.0		off 0.38121695382390103 __DUMMY__ 0.3300219538511452 neg 0.2887610923249537	false	0.5
schlamperei	off 1.0		off 0.3801796399915358 __DUMMY__ 0.3307880832756462 neg 0.2890322767328179	false	1.0
sucht	neg 1.0	neg 1.0	neg 0.6261372851649312 off 0.2140195672594084 __DUMMY__ 0.15984314757566043	false	1.0
egoistisch	off 1.0	off 1.0	off 0.6884500390920738 __DUMMY__ 0.1559343643054353 neg 0.15561559660249089	false	1.0
ausbeuter	off 1.0		off 0.37812469457339015 __DUMMY__ 0.3296941855852838 neg 0.29218111984132605	false	1.0
arschgeburt	off 1.0		off 0.4045386331585474 __DUMMY__ 0.3186427545936309 neg 0.27681861224782184	false	1.0
schubs	neg 1.0		off 0.38012631133668223 __DUMMY__ 0.3298001109337048 neg 0.290073577729613	false	0.5
unsolide	neg 1.0		off 0.38631079347562164 __DUMMY__ 0.32724125531024023 neg 0.28644795121413824	false	0.5
beschwerde	neg 1.0		off 0.3820085333051519 __DUMMY__ 0.33027682165696487 neg 0.2877146450378832	false	0.5
stocken	neg 1.0		off 0.38097586933984 __DUMMY__ 0.33080386225103103 neg 0.2882202684091289	false	0.5
isolieren	neg 1.0		off 0.3820517328082259 __DUMMY__ 0.33024682331971417 neg 0.28770144387206	false	0.5
unheilbar	neg 1.0		off 0.38288143240160516 __DUMMY__ 0.3281605006308428 neg 0.2889580669675521	false	0.5
pisser	off 1.0	off 1.0	off 0.6877191585717959 __DUMMY__ 0.15725117236023958 neg 0.1550296690679646	false	1.0
löschen	neg 1.0		off 0.3846184205277807 __DUMMY__ 0.32907549778842343 neg 0.28630608168379584	false	0.5
durchfallen	neg 1.0		off 0.38085993969093207 __DUMMY__ 0.32997520461967195 neg 0.289164855689396	false	0.5
wichser	off 1.0	off 1.0	off 0.6909180548240836 neg 0.15505962521712974 __DUMMY__ 0.15402231995878654	false	1.0
terror	neg 1.0		off 0.38772176667954067 __DUMMY__ 0.32807455024531734 neg 0.28420368307514204	false	0.5
krass	neg 1.0		off 0.3942869511943857 __DUMMY__ 0.323585128228384 neg 0.2821279205772303	false	0.5
revolte	neg 1.0		off 0.38537963176948103 __DUMMY__ 0.3248190394985805 neg 0.2898013287319385	false	0.5
besorgt	neg 1.0		off 0.38263355325175186 __DUMMY__ 0.3312369961582938 neg 0.28612945058995454	false	0.5
nachlassen	neg 1.0		off 0.38113285170680444 __DUMMY__ 0.33110386993953345 neg 0.287763278353662	false	0.5
alt	neg 1.0		off 0.3782094080847374 __DUMMY__ 0.32822942288703616 neg 0.29356116902822654	false	0.5
hundesohn	off 1.0	off 1.0	off 0.6913095241616739 __DUMMY__ 0.15517888219295664 neg 0.1535115936453695	false	1.0
als			off 0.3810681818060312 __DUMMY__ 0.32952354636644887 neg 0.2894082718275198	false	0.0
abschreckung	neg 1.0		off 0.3783285108571142 __DUMMY__ 0.3308407922578169 neg 0.2908306968850689	false	0.5
unqualifiziert	neg 1.0		off 0.38783815314714487 __DUMMY__ 0.32653026568861804 neg 0.28563158116423715	false	0.5
abgewichst	off 1.0		off 0.3840172388245499 __DUMMY__ 0.32995262526334934 neg 0.28603013591210064	false	1.0
schwer	neg 1.0		off 0.3824993810951508 __DUMMY__ 0.32887383278056875 neg 0.28862678612428044	false	0.5
bedeutungslosigkeit	neg 1.0		off 0.3788452106178851 __DUMMY__ 0.3306346648646313 neg 0.2905201245174836	false	0.5
kapitulation	neg 1.0		off 0.37964518631416083 __DUMMY__ 0.3287305028910884 neg 0.2916243107947507	false	0.5
unscharf	neg 1.0		off 0.3839154511505615 __DUMMY__ 0.32566386692308413 neg 0.2904206819263543	false	0.5
schwinden	neg 1.0		off 0.3789285586200496 __DUMMY__ 0.330442749653005 neg 0.2906286917269454	false	0.5
versklavung	neg 1.0	neg 1.0	neg 0.6294578497911684 off 0.21256749692572174 __DUMMY__ 0.15797465328310992	false	1.0
schlecht	neg 1.0		off 0.3900661896677768 __DUMMY__ 0.3267933154239295 neg 0.2831404949082938	false	0.5
verhasst	neg 1.0		off 0.3846162201648004 __DUMMY__ 0.327582259997307 neg 0.28780151983789265	false	0.5
beschweren	neg 1.0		off 0.3859653514586939 __DUMMY__ 0.3286105359527931 neg 0.2854241125885131	false	0.5
scheiden	neg 1.0		off 0.3837760310859667 __DUMMY__ 0.3290462605774551 neg 0.28717770833657824	false	0.5
frustriert	neg 1.0		off 0.38217533659116554 __DUMMY__ 0.32976932516745705 neg 0.28805533824137725	false	0.5
schimmelig	neg 1.0		off 0.3801890822504279 __DUMMY__ 0.32952258799197925 neg 0.29028832975759267	false	0.5
fisch	neg 1.0		off 0.3760120519081419 __DUMMY__ 0.3300187428335914 neg 0.2939692052582667	false	0.5
schmuggel	neg 1.0		off 0.37852188325362107 __DUMMY__ 0.3327334233613938 neg 0.2887446933849851	false	0.5
auffallen	neg 1.0		off 0.38599428881471876 __DUMMY__ 0.3279113726515621 neg 0.28609433853371913	false	0.5
konkurrenz	neg 1.0		off 0.37945656726940996 __DUMMY__ 0.332011739653407 neg 0.28853169307718296	false	0.5
teufelskreis	neg 1.0	neg 1.0	neg 0.6309904582085174 off 0.2107110860749895 __DUMMY__ 0.15829845571649304	false	1.0
aufschreien	neg 1.0		off 0.38590303363189427 __DUMMY__ 0.32679314541556237 neg 0.2873038209525435	false	0.5
schuldner	neg 1.0		off 0.3779134469309034 __DUMMY__ 0.32960879238411606 neg 0.2924777606849806	false	0.5
missgeburt	off 1.0	off 1.0	off 0.6909956670385191 __DUMMY__ 0.15627021696039337 neg 0.1527341160010874	false	1.0
arbeitslos	neg 1.0		off 0.380834205226437 __DUMMY__ 0.3300692878583 neg 0.2890965069152629	false	0.5
befallen	neg 1.0		off 0.382098556290155 __DUMMY__ 0.32860957200175095 neg 0.289291871708094	false	0.5
miesepetrig	off 1.0	off 1.0	off 0.6846369147171292 neg 0.1579650978131967 __DUMMY__ 0.15739798746967404	false	1.0
alarmieren	neg 1.0		off 0.3887783623090124 __DUMMY__ 0.3267696662029935 neg 0.28445197148799395	false	0.5
ungeduscht	off 1.0		off 0.38779579591925173 __DUMMY__ 0.32626537127926103 neg 0.2859388328014873	false	1.0
knappheit	neg 1.0		off 0.38058755138888095 __DUMMY__ 0.32894924389242636 neg 0.29046320471869264	false	0.5
schlange	neg 1.0		off 0.38454642828263247 __DUMMY__ 0.32950147387408546 neg 0.2859520978432821	false	0.5
harsch	neg 1.0		off 0.3962520630200042 __DUMMY__ 0.3265074656929039 neg 0.2772404712870918	false	0.5
lang	neg 1.0		off 0.38541056749254915 __DUMMY__ 0.32876980911438847 neg 0.28581962339306244	false	0.5
ziellos	neg 1.0		off 0.37987300196222573 __DUMMY__ 0.3315154515543157 neg 0.2886115464834586	false	0.5
selbstverliebt	neg 1.0		off 0.40152846378112056 __DUMMY__ 0.3201717599614063 neg 0.27829977625747315	false	0.5
beseitigen	neg 1.0		off 0.3861888594841636 __DUMMY__ 0.33170034409076166 neg 0.28211079642507464	false	0.5
dumm	off 1.0		off 0.39591176566001307 __DUMMY__ 0.3222018301948519 neg 0.28188640414513505	false	1.0
arbeitsloser	neg 1.0		off 0.3822469512183418 __DUMMY__ 0.33151427603828443 neg 0.2862387727433739	false	0.5
blitzen	neg 1.0		off 0.38763296527268337 __DUMMY__ 0.3268524028641144 neg 0.28551463186320225	false	0.5
hilflos	neg 1.0		off 0.3808803086458116 __DUMMY__ 0.32994898641946047 neg 0.2891707049347278	false	0.5
eklig	off 1.0		off 0.3958133020412801 __DUMMY__ 0.32128102654107593 neg 0.28290567141764383	false	1.0
begriff			off 0.38276584607690867 __DUMMY__ 0.3288347488842908 neg 0.2883994050388006	false	0.0
hungersnot	neg 1.0		off 0.3798071539992645 __DUMMY__ 0.3281851040988687 neg 0.29200774190186685	false	0.5
ungesetzlich	neg 1.0		off 0.38533528330572153 __DUMMY__ 0.32697573756093984 neg 0.2876889791333386	false	0.5
verschwendung	neg 1.0		off 0.37882827849485984 __DUMMY__ 0.3306423580703034 neg 0.2905293634348368	false	0.5
schmerzvoll	neg 1.0		off 0.3845666094057742 __DUMMY__ 0.32770659217228926 neg 0.2877267984219365	false	0.5
vorzeitig	neg 1.0		off 0.38997417705806425 __DUMMY__ 0.32748733188155105 neg 0.2825384910603848	false	0.5
unvollkommenheit	neg 1.0		off 0.3821735585741834 __DUMMY__ 0.3297290284501897 neg 0.28809741297562697	false	0.5
intervenieren	neg 1.0		off 0.378933947572893 __DUMMY__ 0.3295535566217369 neg 0.29151249580537003	false	0.5
banause	off 1.0		off 0.39635474121228875 __DUMMY__ 0.3193620728754566 neg 0.2842831859122546	false	1.0
rebell	neg 1.0		off 0.375481016329955 __DUMMY__ 0.3322807992782332 neg 0.2922381843918118	false	0.5
unlogisch	neg 1.0		off 0.3917473267741936 __DUMMY__ 0.3244643197091109 neg 0.2837883535166955	false	0.5
leiden	neg 1.0		off 0.3791262553071775 __DUMMY__ 0.3327815770783173 neg 0.28809216761450523	false	0.5
abschaffung	neg 1.0		off 0.38422000860898403 __DUMMY__ 0.32761791730989276 neg 0.2881620740811231	false	0.5
sturz	neg 1.0		off 0.3881857565649975 __DUMMY__ 0.3304701036613204 neg 0.281344139773682	false	0.5
verkleinerung	neg 1.0		off 0.38702475811294956 __DUMMY__ 0.3255720883951059 neg 0.28740315349194473	false	0.5
schmarotzer	off 1.0		off 0.38136180209407 __DUMMY__ 0.32920822799311333 neg 0.28942996991281666	false	1.0
bestrafung	neg 1.0	neg 1.0	neg 0.6285681608433035 off 0.21244696249700862 __DUMMY__ 0.15898487665968794	false	1.0
achtlos	neg 1.0		off 0.3822560617462612 __DUMMY__ 0.32984307460313733 neg 0.28790086365060136	false	0.5
ungeheuer	neg 1.0		off 0.383449798271475 __DUMMY__ 0.3279992556031633 neg 0.28855094612536164	false	0.5
unaufrichtig	neg 1.0		off 0.38844854282276137 __DUMMY__ 0.32713533646956905 neg 0.2844161207076696	false	0.5
groggy	neg 1.0		off 0.3878904226890295 __DUMMY__ 0.3282682121610637 neg 0.28384136514990677	false	0.5
verletzlich	neg 1.0		off 0.3874536878310796 __DUMMY__ 0.324498751118547 neg 0.2880475610503735	false	0.5
ablehnen	neg 1.0		off 0.3809998300991332 __DUMMY__ 0.33019120087207826 neg 0.2888089690287885	false	0.5
