unsolidarisch	neg 1.0		off 0.5655812935634649 neg 0.42733796060845003 __DUMMY__ 0.007080745828085091	false	0.5
nachteilig	neg 1.0		off 0.5662440602156766 neg 0.4265674629063741 __DUMMY__ 0.0071884768779493105	false	0.5
skeptisch	neg 1.0		off 0.5631080973700459 neg 0.42971999744145156 __DUMMY__ 0.007171905188502603	false	0.5
schrecklich	neg 1.0		off 0.5737134180736857 neg 0.41926940324260203 __DUMMY__ 0.007017178683712223	false	0.5
schlapp	neg 1.0	neg 1.0	neg 0.6940857547110911 off 0.3025551029224699 __DUMMY__ 0.003359142366438908	false	1.0
abfall	neg 1.0		off 0.5615475517341805 neg 0.4312349176126686 __DUMMY__ 0.00721753065315098	false	0.5
widerspenstig	neg 1.0		off 0.5653819601846201 neg 0.4275075398233802 __DUMMY__ 0.007110499991999756	false	0.5
abrupt	neg 1.0		off 0.5622600745534818 neg 0.4305754129160941 __DUMMY__ 0.007164512530423983	false	0.5
unwirksam	neg 1.0		off 0.5640168651372092 neg 0.42892143767492025 __DUMMY__ 0.007061697187870649	false	0.5
angreifen	neg 1.0		off 0.5625012678495758 neg 0.4303222234891303 __DUMMY__ 0.007176508661293987	false	0.5
inkonsistent	neg 1.0		off 0.5679299597189975 neg 0.424997855463304 __DUMMY__ 0.007072184817698323	false	0.5
abrutschen	neg 1.0		off 0.5605490592409857 neg 0.4322404920278141 __DUMMY__ 0.007210448731200119	false	0.5
unsicher	neg 1.0		off 0.5674104858698806 neg 0.4254553750598357 __DUMMY__ 0.007134139070283656	false	0.5
bauernkind	off 1.0	off 1.0	off 0.7741219691955918 neg 0.22256783455368986 __DUMMY__ 0.0033101962507182275	false	1.0
angreifer	neg 1.0		off 0.5729030476954745 neg 0.41997184381537817 __DUMMY__ 0.007125108489147293	false	0.5
trennen	neg 1.0		off 0.563342687788984 neg 0.42946430626344007 __DUMMY__ 0.007193005947575831	false	0.5
schmutz	neg 1.0		off 0.5762819004333132 neg 0.4165315416599914 __DUMMY__ 0.007186557906695475	false	0.5
inkonsistenz	neg 1.0		off 0.5702544989366259 neg 0.4226855559452159 __DUMMY__ 0.007059945118158171	false	0.5
erschreckend	neg 1.0		off 0.5659847888661949 neg 0.4268882658002321 __DUMMY__ 0.0071269453335729045	false	0.5
ertrinken	neg 1.0		off 0.5613842152248959 neg 0.4314473307770045 __DUMMY__ 0.007168453998099581	false	0.5
pickelface	off 1.0		off 0.568785016339082 neg 0.42408094010929354 __DUMMY__ 0.007134043551624459	false	1.0
seiner			off 0.5638170762292083 neg 0.4289962112084489 __DUMMY__ 0.007186712562342957	false	0.0
lauch	neg 1.0	neg 1.0	neg 0.6982302426054828 off 0.2983222056014829 __DUMMY__ 0.0034475517930343236	false	1.0
unwichtig	neg 1.0		off 0.5703072790290457 neg 0.42263053170657555 __DUMMY__ 0.0070621892643788235	false	0.5
steuerhinterziehung	neg 1.0		off 0.5645667383491716 neg 0.4283316758551232 __DUMMY__ 0.007101585795705167	false	0.5
schock	neg 1.0		off 0.5659519312313165 neg 0.4269029577653383 __DUMMY__ 0.007145111003345283	false	0.5
beule	neg 1.0		off 0.5719016870396372 neg 0.42106901506397465 __DUMMY__ 0.007029297896388016	false	0.5
vergelten	neg 1.0		off 0.5762664480666628 neg 0.41670344002301973 __DUMMY__ 0.0070301119103174025	false	0.5
verdorbenheit	neg 1.0		off 0.5704919082461982 neg 0.4223652508610285 __DUMMY__ 0.007142840892773355	false	0.5
trauma	neg 1.0		off 0.5679507638039465 neg 0.42494464887508154 __DUMMY__ 0.007104587320971965	false	0.5
sinnlos	neg 1.0		off 0.5686353899504318 neg 0.424260927932433 __DUMMY__ 0.007103682117135193	false	0.5
fettsack	off 1.0	off 1.0	off 0.775496770251779 neg 0.22118767903688924 __DUMMY__ 0.0033155507113317067	false	1.0
feige	off 1.0	off 1.0	off 0.7725854066075531 neg 0.2240630473988355 __DUMMY__ 0.0033515459936112424	false	1.0
abdanken	neg 1.0		off 0.5669459883733114 neg 0.4259228379696299 __DUMMY__ 0.0071311736570587245	false	0.5
wichtigtuer	off 1.0	off 1.0	off 0.7716681939837396 neg 0.2249543160103661 __DUMMY__ 0.003377490005894251	false	1.0
misslingen	neg 1.0		off 0.5723622072015835 neg 0.42047283476933883 __DUMMY__ 0.007164958029077655	false	0.5
untreu	off 1.0		off 0.5713012743634895 neg 0.42164979812805864 __DUMMY__ 0.0070489275084518665	false	1.0
missmutig	neg 1.0		off 0.5682478679089086 neg 0.42469240680678305 __DUMMY__ 0.007059725284308309	false	0.5
hurenbock	off 1.0		off 0.5673778339526241 neg 0.4255113379565148 __DUMMY__ 0.0071108280908611975	false	1.0
betrunken	neg 1.0		off 0.5727415285757437 neg 0.4202324862887912 __DUMMY__ 0.007025985135465083	false	0.5
korrupt	off 1.0		off 0.5633200446370343 neg 0.4295846803530809 __DUMMY__ 0.007095275009884761	false	1.0
unmut	neg 1.0		off 0.5618285530708063 neg 0.4309786637233911 __DUMMY__ 0.007192783205802822	false	0.5
hackfresse	off 1.0		off 0.5771090228777916 neg 0.41592677541762046 __DUMMY__ 0.006964201704587982	false	1.0
aufblasen	neg 1.0		off 0.5670497456796778 neg 0.4258343724781812 __DUMMY__ 0.007115881842140943	false	0.5
gewaltsam	neg 1.0		off 0.5681760711973192 neg 0.42467868114034435 __DUMMY__ 0.007145247662336534	false	0.5
unbeliebtheit	neg 1.0		off 0.5726462307841542 neg 0.420290910922512 __DUMMY__ 0.007062858293333797	false	0.5
sturheit	neg 1.0		off 0.5665972495421681 neg 0.4262648450623926 __DUMMY__ 0.007137905395439443	false	0.5
kuh	neg 1.0		off 0.5653312515055585 neg 0.42764981724378165 __DUMMY__ 0.007018931250659767	false	0.5
erschrecken	neg 1.0		off 0.5702845115649433 neg 0.4226340319440237 __DUMMY__ 0.007081456491032949	false	0.5
opfer	neg 1.0		off 0.5649230466659865 neg 0.4279074195067545 __DUMMY__ 0.00716953382725919	false	0.5
sinken	neg 1.0		off 0.5615120080299907 neg 0.4313145242838104 __DUMMY__ 0.007173467686198997	false	0.5
stinktier	neg 1.0		off 0.5727943798471271 neg 0.4202580538927316 __DUMMY__ 0.006947566260141261	false	0.5
tucke	off 1.0		off 0.5768063672329315 neg 0.41628499349841536 __DUMMY__ 0.006908639268653214	false	1.0
ein			off 0.564785549406951 neg 0.42810721665379925 __DUMMY__ 0.007107233939249681	false	0.0
abstieg	neg 1.0		off 0.5680310245920164 neg 0.42478390927869863 __DUMMY__ 0.007185066129285101	false	0.5
missverstehen	neg 1.0		off 0.5686141169377068 neg 0.42430210522668244 __DUMMY__ 0.007083777835610745	false	0.5
ergebnislos	neg 1.0		off 0.5660964950251548 neg 0.42671368013799166 __DUMMY__ 0.0071898248368536	false	0.5
unter			off 0.559824220824438 neg 0.43289207622936815 __DUMMY__ 0.0072837029461938025	false	0.0
manipulieren	neg 1.0		off 0.5640114695082825 neg 0.42881203202754764 __DUMMY__ 0.007176498464169869	false	0.5
unbewiesen	neg 1.0		off 0.5670398835570346 neg 0.4258637776852077 __DUMMY__ 0.007096338757757719	false	0.5
verschleppen	neg 1.0		off 0.5638470877672124 neg 0.42901725069663044 __DUMMY__ 0.007135661536157223	false	0.5
weib	off 1.0		off 0.5787088268147521 neg 0.41435438079982984 __DUMMY__ 0.006936792385418107	false	1.0
opposition	neg 1.0		off 0.5672252689119727 neg 0.4256896175019521 __DUMMY__ 0.007085113586075263	false	0.5
verkehrswidrig	neg 1.0		off 0.5797096095639553 neg 0.41322598179171166 __DUMMY__ 0.007064408644332847	false	0.5
inkorrekt	neg 1.0		off 0.5726588306153154 neg 0.420334786630417 __DUMMY__ 0.007006382754267608	false	0.5
vermeiden	neg 1.0		off 0.5622618141728901 neg 0.4304956219280287 __DUMMY__ 0.007242563899081146	false	0.5
abweichung	neg 1.0		off 0.5667645555375941 neg 0.42606792759157047 __DUMMY__ 0.007167516870835534	false	0.5
alkoholisiert	neg 1.0		off 0.569326331335729 neg 0.4234172211270546 __DUMMY__ 0.007256447537216519	false	0.5
scheiss	off 1.0	off 1.0	off 0.7734981608705097 neg 0.22315705356040774 __DUMMY__ 0.003344785569082467	false	1.0
herausforderung	neg 1.0		off 0.5655686926135396 neg 0.4272743772270025 __DUMMY__ 0.007156930159457853	false	0.5
pervers	off 1.0		off 0.5801791549046708 neg 0.4129127809749142 __DUMMY__ 0.006908064120414968	false	1.0
wackelig	neg 1.0		off 0.5656802761127047 neg 0.4271582181276083 __DUMMY__ 0.007161505759687012	false	0.5
verwickeln	neg 1.0		off 0.5679542778817195 neg 0.42495151114298263 __DUMMY__ 0.007094210975297938	false	0.5
vorwand	neg 1.0		off 0.5624111366188193 neg 0.4304058040820209 __DUMMY__ 0.0071830592991599385	false	0.5
muschi	off 1.0		off 0.5686657821122877 neg 0.4241779758285867 __DUMMY__ 0.007156242059125707	false	1.0
entmutigung	neg 1.0		off 0.5660431537560007 neg 0.4269059788063712 __DUMMY__ 0.007050867437628294	false	0.5
unangemessen	neg 1.0		off 0.565702522238747 neg 0.427165844532363 __DUMMY__ 0.007131633228889896	false	0.5
unstetig	neg 1.0		off 0.5715616870959309 neg 0.4213460662306816 __DUMMY__ 0.007092246673387547	false	0.5
entmutigen	neg 1.0		off 0.5662507638711184 neg 0.42665675632485267 __DUMMY__ 0.00709247980402896	false	0.5
schwanz	neg 1.0		off 0.5667259218961967 neg 0.4261027415847429 __DUMMY__ 0.007171336519060486	false	0.5
verbot	neg 1.0		off 0.5649021370469388 neg 0.4279736443950343 __DUMMY__ 0.007124218558026811	false	0.5
leid	neg 1.0		off 0.5748042506664055 neg 0.4182006708407986 __DUMMY__ 0.006995078492795869	false	0.5
archaisch	neg 1.0		off 0.5650908967679807 neg 0.42778119602940556 __DUMMY__ 0.00712790720261364	false	0.5
gegen			off 0.563568000511674 neg 0.42922405855310664 __DUMMY__ 0.007207940935219403	false	0.0
scheidung	neg 1.0		off 0.5880845946245213 neg 0.4049673874503527 __DUMMY__ 0.006948017925126035	false	0.5
einschlag	neg 1.0		off 0.5770640902578624 neg 0.41587903360161704 __DUMMY__ 0.0070568761405205216	false	0.5
m			off 0.566386883271702 neg 0.42645271769025095 __DUMMY__ 0.007160399038047177	false	0.0
abgestanden	neg 1.0		off 0.5629119857458027 neg 0.43003427321593507 __DUMMY__ 0.007053741038262316	false	0.5
schmierig	off 1.0		off 0.5741790454530549 neg 0.418827111260153 __DUMMY__ 0.006993843286792192	false	1.0
unpraktisch	neg 1.0		off 0.5687752223501114 neg 0.4241081942970735 __DUMMY__ 0.007116583352815086	false	0.5
wixxer	off 1.0		off 0.5799323872688922 neg 0.4131722963083913 __DUMMY__ 0.006895316422716435	false	1.0
bezeichnet			off 0.5675760656409229 neg 0.4252982448617825 __DUMMY__ 0.007125689497294713	false	0.0
jammerlappen	off 1.0		off 0.5705629018565527 neg 0.4223768306192416 __DUMMY__ 0.007060267524205734	false	1.0
farce	neg 1.0		off 0.5656901241661365 neg 0.42720994549468466 __DUMMY__ 0.00709993033917879	false	0.5
zwecklos	neg 1.0		off 0.5644226069534334 neg 0.428442952664876 __DUMMY__ 0.007134440381690685	false	0.5
turbulent	neg 1.0		off 0.5735990319663719 neg 0.4193529535977378 __DUMMY__ 0.007048014435890416	false	0.5
invasion	neg 1.0		off 0.5693821798363529 neg 0.4235208866172503 __DUMMY__ 0.007096933546396871	false	0.5
schuld	neg 1.0		off 0.5676931624313913 neg 0.4252003082361028 __DUMMY__ 0.0071065293325058305	false	0.5
risiko	neg 1.0		off 0.5687735338484428 neg 0.4241308771278838 __DUMMY__ 0.007095589023673463	false	0.5
finster	neg 1.0		off 0.564862064570127 neg 0.4280429133664443 __DUMMY__ 0.0070950220634287044	false	0.5
geisteskrank	off 1.0		off 0.5719308716158082 neg 0.42104526563172634 __DUMMY__ 0.007023862752465425	false	1.0
zusammenbrechen	neg 1.0		off 0.5647981923515253 neg 0.42806607048520257 __DUMMY__ 0.007135737163272231	false	0.5
ausbeute	neg 1.0		off 0.5677159525414984 neg 0.4251276816267916 __DUMMY__ 0.00715636583171002	false	0.5
hinterhalt	neg 1.0		off 0.5663708419150516 neg 0.4264895271493578 __DUMMY__ 0.00713963093559048	false	0.5
kritik	neg 1.0		off 0.56510642100362 neg 0.42779566955915066 __DUMMY__ 0.0070979094372293485	false	0.5
einschrumpfen	neg 1.0		off 0.5701051203884505 neg 0.4228494414708789 __DUMMY__ 0.007045438140670589	false	0.5
riskant	neg 1.0		off 0.5632222387555447 neg 0.42960961699421474 __DUMMY__ 0.007168144250240605	false	0.5
frustrieren	neg 1.0		off 0.5633594478457475 neg 0.4294899900548583 __DUMMY__ 0.0071505620993942065	false	0.5
groll	neg 1.0		off 0.5655409961866101 neg 0.4273131611962962 __DUMMY__ 0.0071458426170936205	false	0.5
gibt			off 0.5652164675084314 neg 0.42763202835749264 __DUMMY__ 0.0071515041340760935	false	0.0
qualvoll	neg 1.0		off 0.5680611590144583 neg 0.4248486903478715 __DUMMY__ 0.007090150637670196	false	0.5
wackeln	neg 1.0		off 0.5671749434568425 neg 0.42569476177933696 __DUMMY__ 0.007130294763820544	false	0.5
klagen	neg 1.0		off 0.5623913847960534 neg 0.43043189513497637 __DUMMY__ 0.0071767200689701405	false	0.5
bankrott	neg 1.0		off 0.5725699824849355 neg 0.42033198522467574 __DUMMY__ 0.007098032290388833	false	0.5
trauern	neg 1.0		off 0.5658406884472927 neg 0.4269554972250915 __DUMMY__ 0.007203814327615637	false	0.5
ablehnung	neg 1.0		off 0.5656110904578209 neg 0.4272703609625413 __DUMMY__ 0.007118548579637888	false	0.5
stur	neg 1.0		off 0.5670346184462461 neg 0.42586857074677564 __DUMMY__ 0.007096810806978241	false	0.5
aufruhr	neg 1.0		off 0.5654440112854882 neg 0.4274597432119232 __DUMMY__ 0.007096245502588662	false	0.5
melancholie	neg 1.0		off 0.561513506502957 neg 0.43134010793904176 __DUMMY__ 0.007146385558001343	false	0.5
ist			off 0.5681861346729553 neg 0.4247111081262077 __DUMMY__ 0.007102757200837086	false	0.0
torheit	neg 1.0		off 0.5672655371346246 neg 0.4256374417850221 __DUMMY__ 0.0070970210803533015	false	0.5
dreckskind	off 1.0		off 0.5782044585569273 neg 0.4148426725181355 __DUMMY__ 0.006952868924937256	false	1.0
umtauschen	neg 1.0		off 0.5666615224887892 neg 0.42620957252276886 __DUMMY__ 0.007128904988442028	false	0.5
zum			off 0.5647971217220727 neg 0.4279242856160385 __DUMMY__ 0.00727859266188869	false	0.0
zersetzen	neg 1.0		off 0.5622243819108825 neg 0.430619264382813 __DUMMY__ 0.007156353706304426	false	0.5
zur			off 0.5625137676467026 neg 0.43024206993600195 __DUMMY__ 0.007244162417295471	false	0.0
frust	neg 1.0		off 0.5645483048878044 neg 0.4283136808181609 __DUMMY__ 0.007138014294034691	false	0.5
unerbittlichkeit	neg 1.0		off 0.5644059775573105 neg 0.4284236120794597 __DUMMY__ 0.007170410363229733	false	0.5
zwei			off 0.5619468206941285 neg 0.43080716911945144 __DUMMY__ 0.007246010186420134	false	0.0
unkorrekt	neg 1.0		off 0.5719711172605026 neg 0.4210082760972024 __DUMMY__ 0.007020606642294903	false	0.5
hexe	off 1.0		off 0.5688743957891756 neg 0.4240895799805325 __DUMMY__ 0.007036024230291879	false	1.0
lasch	neg 1.0		off 0.5698939562463882 neg 0.4230363022655729 __DUMMY__ 0.0070697414880389565	false	0.5
rivale	neg 1.0		off 0.5747839383562352 neg 0.4181865499657531 __DUMMY__ 0.007029511678011651	false	0.5
mutlos	off 1.0	off 1.0	off 0.7689934040771031 neg 0.2276025659422012 __DUMMY__ 0.0034040299806956872	false	1.0
wirr	off 1.0		off 0.5735252937589949 neg 0.4194760334015559 __DUMMY__ 0.0069986728394493035	false	1.0
jahr			off 0.5672290801255435 neg 0.4255432969229703 __DUMMY__ 0.007227622951486182	false	0.0
wird			off 0.565030856049577 neg 0.4278086723134336 __DUMMY__ 0.007160471636989263	false	0.0
strafbar	neg 1.0		off 0.5635461577260678 neg 0.4292932358212922 __DUMMY__ 0.007160606452640098	false	0.5
erosion	neg 1.0		off 0.5678930151596914 neg 0.42497730650714033 __DUMMY__ 0.007129678333168375	false	0.5
eingehen	neg 1.0		off 0.5627086180688845 neg 0.4301459256649373 __DUMMY__ 0.007145456266178181	false	0.5
faul	off 1.0		off 0.5711378868588348 neg 0.4217787113002339 __DUMMY__ 0.007083401840931266	false	1.0
provisorium	neg 1.0		off 0.5602209902546798 neg 0.4324917961037544 __DUMMY__ 0.007287213641565757	false	0.5
schmerzen	neg 1.0		off 0.5643135050545541 neg 0.4285775788221956 __DUMMY__ 0.007108916123250231	false	0.5
schrumpfen	neg 1.0		off 0.5593396237064239 neg 0.4334642091626502 __DUMMY__ 0.007196167130925924	false	0.5
geistlos	off 1.0		off 0.5671616259662368 neg 0.42578236712785994 __DUMMY__ 0.007056006905903372	false	1.0
fehlkauf	neg 1.0		off 0.5689556780660917 neg 0.4239549459755602 __DUMMY__ 0.00708937595834794	false	0.5
frustrierend	neg 1.0		off 0.5692257188639884 neg 0.4237051305585276 __DUMMY__ 0.0070691505774839805	false	0.5
unzufrieden	neg 1.0		off 0.5649450975041376 neg 0.42790862483544656 __DUMMY__ 0.007146277660415861	false	0.5
verzweifeln	neg 1.0		off 0.5661070654138634 neg 0.426758037763707 __DUMMY__ 0.007134896822429653	false	0.5
verzweifelt	neg 1.0		off 0.5672935575410147 neg 0.425607170964611 __DUMMY__ 0.007099271494374161	false	0.5
misstrauensantrag	neg 1.0		off 0.568336504633814 neg 0.424571849752038 __DUMMY__ 0.007091645614147902	false	0.5
abfallen	neg 1.0		off 0.56693169440846 neg 0.4259511662870514 __DUMMY__ 0.007117139304488692	false	0.5
fucker	off 1.0		off 0.57462248889149 neg 0.4183335262047868 __DUMMY__ 0.007043984903723213	false	1.0
ungezogen	neg 1.0		off 0.5790062094859303 neg 0.41405216038920295 __DUMMY__ 0.006941630124866735	false	0.5
irrsinnig	neg 1.0	neg 1.0	neg 0.6959889821196755 off 0.3006268024077914 __DUMMY__ 0.0033842154725331392	false	1.0
unfassbar	neg 1.0		off 0.571638109077404 neg 0.42130684251437955 __DUMMY__ 0.007055048408216447	false	0.5
hart	neg 1.0		off 0.5707203196442181 neg 0.4222528337433179 __DUMMY__ 0.007026846612463903	false	0.5
widerlich	off 1.0		off 0.5712619017333825 neg 0.4217015407932017 __DUMMY__ 0.0070365574734157004	false	1.0
fatal	neg 1.0	neg 1.0	neg 0.6961433842504252 off 0.30049655082287047 __DUMMY__ 0.0033600649267043364	false	1.0
bruch	neg 1.0		off 0.5615327874054468 neg 0.4312720597926315 __DUMMY__ 0.007195152801921564	false	0.5
aushungern	neg 1.0		off 0.5643478388840054 neg 0.4285394109005871 __DUMMY__ 0.007112750215407472	false	0.5
anspannung	neg 1.0		off 0.5618976308113336 neg 0.4308582608899663 __DUMMY__ 0.007244108298700156	false	0.5
von			off 0.5646107404410274 neg 0.42818445680865785 __DUMMY__ 0.007204802750314727	false	0.0
kraftlos	neg 1.0		off 0.5641910678339924 neg 0.42866367837405267 __DUMMY__ 0.007145253791954902	false	0.5
vom			off 0.5625102420234794 neg 0.4301806017883241 __DUMMY__ 0.0073091561881963125	false	0.0
grenzdebil	off 1.0		off 0.5711881623807743 neg 0.4217714528055791 __DUMMY__ 0.007040384813646552	false	1.0
vor			off 0.5620120485215168 neg 0.4307909202146436 __DUMMY__ 0.007197031263839625	false	0.0
unterwerfen	neg 1.0		off 0.5646949344994934 neg 0.4281421707372588 __DUMMY__ 0.007162894763247972	false	0.5
versenkung	neg 1.0		off 0.5645394536867626 neg 0.42828637266910485 __DUMMY__ 0.007174173644132455	false	0.5
entziehen	neg 1.0		off 0.5624384903092522 neg 0.43037580036991746 __DUMMY__ 0.007185709320830261	false	0.5
finanzkrise	neg 1.0		off 0.5620339871211766 neg 0.43091232579709315 __DUMMY__ 0.007053687081730229	false	0.5
schimpfend	neg 1.0		off 0.5692153770589995 neg 0.4236507648943203 __DUMMY__ 0.007133858046680201	false	0.5
profan	neg 1.0		off 0.5683304450419325 neg 0.4245814050324551 __DUMMY__ 0.0070881499256123465	false	0.5
korruption	neg 1.0		off 0.5634135218875689 neg 0.42947553649002473 __DUMMY__ 0.007110941622406345	false	0.5
â			off 0.5652700295532529 neg 0.4275721691771646 __DUMMY__ 0.007157801269582405	false	0.0
schmutzig	neg 1.0		off 0.5715154671556741 neg 0.42144239016410295 __DUMMY__ 0.007042142680222854	false	0.5
sexy	neg 1.0		off 0.5708925024708702 neg 0.4220157278692713 __DUMMY__ 0.0070917696598584495	false	0.5
abraten	neg 1.0		off 0.5691788727003617 neg 0.42371066894932097 __DUMMY__ 0.007110458350317352	false	0.5
schwarz	neg 1.0		off 0.569184986094756 neg 0.4237124600423111 __DUMMY__ 0.007102553862932931	false	0.5
fotze	off 1.0	off 1.0	off 0.7709436304944507 neg 0.2256354682682863 __DUMMY__ 0.0034209012372630313	false	1.0
verwirren	neg 1.0		off 0.5688828023976383 neg 0.4240258869581651 __DUMMY__ 0.007091310644196562	false	0.5
zahnlos	off 1.0		off 0.5651391044253408 neg 0.4277320145663783 __DUMMY__ 0.007128881008280919	false	1.0
verheeren	neg 1.0		off 0.5807329725142609 neg 0.412328167826149 __DUMMY__ 0.006938859659589986	false	0.5
hippie	neg 1.0		off 0.5703644386609733 neg 0.4225442630337126 __DUMMY__ 0.0070912983053142385	false	0.5
rammen	neg 1.0		off 0.5699804839517244 neg 0.4228745236673575 __DUMMY__ 0.007144992380918176	false	0.5
unlauter	neg 1.0		off 0.5687490931997791 neg 0.424155038638326 __DUMMY__ 0.00709586816189492	false	0.5
unheilvoll	neg 1.0		off 0.5668575908537208 neg 0.42605104508795444 __DUMMY__ 0.007091364058324761	false	0.5
niedrig	neg 1.0		off 0.5645062979704465 neg 0.4283469102062129 __DUMMY__ 0.007146791823340572	false	0.5
explosion	neg 1.0		off 0.5707430658735978 neg 0.42215904627534884 __DUMMY__ 0.007097887851053418	false	0.5
weichei	off 1.0	off 1.0	off 0.7744643334517868 neg 0.2222246824441447 __DUMMY__ 0.003310984104068572	false	1.0
minusmensch	off 1.0		off 0.5807281262482965 neg 0.41232903243644975 __DUMMY__ 0.00694284131525381	false	1.0
farblos	neg 1.0		off 0.5694526865394111 neg 0.4234240820129027 __DUMMY__ 0.007123231447686168	false	0.5
unwissend	neg 1.0	neg 1.0	neg 0.6945647077358368 off 0.30207803275155065 __DUMMY__ 0.003357259512612531	false	1.0
traurig	neg 1.0		off 0.5735215563946185 neg 0.4194546814380357 __DUMMY__ 0.007023762167345697	false	0.5
senkung	neg 1.0		off 0.5662893075644965 neg 0.4266701301780925 __DUMMY__ 0.007040562257410982	false	0.5
ungleich	neg 1.0	neg 1.0	neg 0.6975955755731179 off 0.29899376794719784 __DUMMY__ 0.003410656479684199	false	1.0
heikel	neg 1.0		off 0.5631712407171141 neg 0.4296648493298278 __DUMMY__ 0.007163909953058121	false	0.5
drosselung	neg 1.0		off 0.5712918518424627 neg 0.42167710483531606 __DUMMY__ 0.007031043322221291	false	0.5
falsch	neg 1.0		off 0.5703508695503319 neg 0.4225694246081267 __DUMMY__ 0.007079705841541435	false	0.5
unzufriedenheit	neg 1.0		off 0.5622912785347387 neg 0.4305527337027464 __DUMMY__ 0.007155987762514935	false	0.5
kurz	neg 1.0		off 0.5664051362773497 neg 0.4264327395402713 __DUMMY__ 0.0071621241823788696	false	0.5
unsinnig	neg 1.0		off 0.5647356943641695 neg 0.4281542515534312 __DUMMY__ 0.0071100540823993835	false	0.5
penner	off 1.0	off 1.0	off 0.7756289151077134 neg 0.22106417511278267 __DUMMY__ 0.003306909779504002	false	1.0
seicht	neg 1.0		off 0.5753850187037411 neg 0.4177056940935483 __DUMMY__ 0.006909287202710432	false	0.5
dummheit	off 1.0	off 1.0	off 0.7711008638778611 neg 0.22553288487339906 __DUMMY__ 0.003366251248739853	false	1.0
unerfreulich	neg 1.0		off 0.5633085759899702 neg 0.4295192852776023 __DUMMY__ 0.0071721387324274405	false	0.5
motherfucker	off 1.0	off 1.0	off 0.7741069382419419 neg 0.22254210082326892 __DUMMY__ 0.0033509609347892387	false	1.0
pikiert	neg 1.0		off 0.5699753467427758 neg 0.42298296734947455 __DUMMY__ 0.007041685907749661	false	0.5
wrack	neg 1.0		off 0.5701633619283712 neg 0.42262783026715556 __DUMMY__ 0.0072088078044732174	false	0.5
gangster	neg 1.0		off 0.5703744881920642 neg 0.42253895774392297 __DUMMY__ 0.0070865540640128784	false	0.5
krank	neg 1.0		off 0.5719925583416481 neg 0.420957377207379 __DUMMY__ 0.007050064450973028	false	0.5
reich	neg 1.0		off 0.5690526187851268 neg 0.4239000686861093 __DUMMY__ 0.007047312528763839	false	0.5
gnadenlos	neg 1.0		off 0.5683111152252608 neg 0.4245677880352407 __DUMMY__ 0.007121096739498631	false	0.5
niedergeschlagen	neg 1.0		off 0.5658447462506339 neg 0.4269935450190059 __DUMMY__ 0.007161708730360274	false	0.5
terrorisieren	off 1.0	off 1.0	off 0.7688225938445238 neg 0.22776182404915396 __DUMMY__ 0.0034155821063222426	false	1.0
sinnlosigkeit	neg 1.0		off 0.5650880568525491 neg 0.4277743696248623 __DUMMY__ 0.007137573522588512	false	0.5
behindern	neg 1.0		off 0.5666119727601407 neg 0.42626772338637103 __DUMMY__ 0.007120303853488075	false	0.5
undemokratisch	neg 1.0		off 0.5678932312223522 neg 0.4250253978111879 __DUMMY__ 0.007081370966459738	false	0.5
wirtschaftskrise	neg 1.0		off 0.5626606540549473 neg 0.43023322432372996 __DUMMY__ 0.007106121621322728	false	0.5
neid	neg 1.0		off 0.5687360659208265 neg 0.42419333196396936 __DUMMY__ 0.007070602115204201	false	0.5
rutschen	neg 1.0		off 0.5612350712946993 neg 0.43152329873570094 __DUMMY__ 0.007241629969599758	false	0.5
rezession	neg 1.0		off 0.5697524084470686 neg 0.4232890231015833 __DUMMY__ 0.006958568451348231	false	0.5
fehlgeburt	neg 1.0		off 0.5694236881154686 neg 0.4234332051984318 __DUMMY__ 0.007143106686099614	false	0.5
charakterschwach	off 1.0		off 0.5703764409328418 neg 0.42258913639391205 __DUMMY__ 0.007034422673246241	false	1.0
isolation	neg 1.0		off 0.5719386825477727 neg 0.42095920984223945 __DUMMY__ 0.007102107609987913	false	0.5
ablenkung	neg 1.0		off 0.5672243435065212 neg 0.42564153588393155 __DUMMY__ 0.0071341206095473855	false	0.5
pech	neg 1.0		off 0.5698752319890349 neg 0.42306057471799025 __DUMMY__ 0.007064193292974749	false	0.5
vermeidung	neg 1.0		off 0.5716096803989428 neg 0.4213477833145933 __DUMMY__ 0.007042536286463844	false	0.5
dominieren	neg 1.0		off 0.5665784937723086 neg 0.42627373386825534 __DUMMY__ 0.007147772359436073	false	0.5
schwindlig	neg 1.0		off 0.5679336061342329 neg 0.4249777200078216 __DUMMY__ 0.007088673857945403	false	0.5
lutscher	neg 1.0		off 0.5782531166972971 neg 0.414838706037286 __DUMMY__ 0.006908177265416899	false	0.5
pflicht	neg 1.0		off 0.5627128329402833 neg 0.43009955147900286 __DUMMY__ 0.0071876155807139176	false	0.5
faschist	off 1.0		off 0.5692586107234949 neg 0.42367280958796955 __DUMMY__ 0.007068579688535438	false	1.0
verschleudern	neg 1.0		off 0.562396754483395 neg 0.43047352174144704 __DUMMY__ 0.007129723775157985	false	0.5
wenn			off 0.570214168643996 neg 0.42272381792275143 __DUMMY__ 0.007062013433252611	false	0.0
ehebruch	neg 1.0		off 0.5632357436036499 neg 0.429633373918931 __DUMMY__ 0.007130882477418936	false	0.5
spott	off 1.0		off 0.565050203561855 neg 0.427789799462755 __DUMMY__ 0.007159996975389863	false	1.0
trostlosigkeit	neg 1.0		off 0.5604617113280846 neg 0.43238403515590595 __DUMMY__ 0.007154253516009339	false	0.5
lutschen	neg 1.0		off 0.5720858670068997 neg 0.4208196476004014 __DUMMY__ 0.007094485392698839	false	0.5
undiszipliniert	neg 1.0		off 0.5725416774995823 neg 0.42043398816494965 __DUMMY__ 0.007024334335468085	false	0.5
kopfschmerz	neg 1.0		off 0.5618328734930422 neg 0.4310517047114045 __DUMMY__ 0.007115421795553169	false	0.5
unvorhergesehen	neg 1.0		off 0.5643210890120901 neg 0.42847786257635323 __DUMMY__ 0.007201048411556555	false	0.5
desinteressiert	neg 1.0		off 0.5719167092109364 neg 0.4210534939794174 __DUMMY__ 0.007029796809646088	false	0.5
armselig	off 1.0		off 0.5738407737402846 neg 0.4191498290586454 __DUMMY__ 0.0070093972010698965	false	1.0
desaster	neg 1.0		off 0.5606167811509202 neg 0.4322136529538155 __DUMMY__ 0.007169565895264343	false	0.5
tod	neg 1.0		off 0.5645576381650542 neg 0.42827869998636786 __DUMMY__ 0.00716366184857785	false	0.5
herzlos	neg 1.0		off 0.5733134452400914 neg 0.4196736660793476 __DUMMY__ 0.007012888680561113	false	0.5
unwissenheit	neg 1.0		off 0.564604810591802 neg 0.4282578690579426 __DUMMY__ 0.007137320350255449	false	0.5
widersinnig	neg 1.0		off 0.5643319010632158 neg 0.4285672325749832 __DUMMY__ 0.007100866361800993	false	0.5
bedenklich	neg 1.0		off 0.5635535294890255 neg 0.4293053766945624 __DUMMY__ 0.00714109381641222	false	0.5
beanstanden	neg 1.0		off 0.5642000498112959 neg 0.4286058436244786 __DUMMY__ 0.007194106564225534	false	0.5
panisch	neg 1.0		off 0.5695620185520803 neg 0.4233208307378938 __DUMMY__ 0.007117150710025841	false	0.5
debil	off 1.0		off 0.5598733590540962 neg 0.43286344401523197 __DUMMY__ 0.0072631969306718265	false	1.0
abstrich	neg 1.0		off 0.5690150819346386 neg 0.42381366017541733 __DUMMY__ 0.007171257889944222	false	0.5
primitiv	neg 1.0		off 0.571914177686958 neg 0.42105806068418233 __DUMMY__ 0.007027761628859648	false	0.5
abschaum	off 1.0	off 1.0	off 0.7732287034704091 neg 0.22340617237771396 __DUMMY__ 0.003365124151876837	false	1.0
provozieren	neg 1.0		off 0.5669282212338648 neg 0.42597100811879307 __DUMMY__ 0.007100770647342155	false	0.5
tot	neg 1.0		off 0.5667186490089903 neg 0.42612492881167785 __DUMMY__ 0.007156422179331861	false	0.5
instabil	neg 1.0		off 0.5740018799271939 neg 0.41899738908409756 __DUMMY__ 0.007000730988708575	false	0.5
schwuchtel	off 1.0	off 1.0	off 0.7790344326248575 neg 0.21769718530317544 __DUMMY__ 0.0032683820719670025	false	1.0
zerren	neg 1.0		off 0.5655636289002186 neg 0.4272759327341424 __DUMMY__ 0.0071604383656390744	false	0.5
kinderficker	off 1.0		off 0.5758298429587951 neg 0.4171858078276841 __DUMMY__ 0.0069843492135206395	false	1.0
gefahr	neg 1.0		off 0.5640345779424584 neg 0.428771469374817 __DUMMY__ 0.00719395268272458	false	0.5
rabiat	neg 1.0		off 0.5651494480278931 neg 0.42773655468286526 __DUMMY__ 0.007113997289241765	false	0.5
verlangsamung	neg 1.0		off 0.5772209292619601 neg 0.41581587931529823 __DUMMY__ 0.006963191422741825	false	0.5
ausgestorben	neg 1.0		off 0.5660613014545884 neg 0.42680234712998516 __DUMMY__ 0.007136351415426419	false	0.5
anklagen	neg 1.0		off 0.565206928301833 neg 0.4276641233396285 __DUMMY__ 0.007128948358538596	false	0.5
trott	neg 1.0		off 0.567517322498131 neg 0.4253533349092193 __DUMMY__ 0.007129342592649711	false	0.5
verminderung	neg 1.0		off 0.5712442878786255 neg 0.42171941932749196 __DUMMY__ 0.00703629279388257	false	0.5
nach			off 0.5611793456190465 neg 0.43155246286825216 __DUMMY__ 0.0072681915127013694	false	0.0
rost	neg 1.0		off 0.5799340654471276 neg 0.4130901754947968 __DUMMY__ 0.006975759058075656	false	0.5
destruktiv	neg 1.0		off 0.5653474740538874 neg 0.42755083870340954 __DUMMY__ 0.0071016872427030935	false	0.5
unzumutbarkeit	neg 1.0		off 0.574767952340066 neg 0.4181459689039379 __DUMMY__ 0.007086078755996188	false	0.5
labil	off 1.0	off 1.0	off 0.7727556753804015 neg 0.2238784381955187 __DUMMY__ 0.003365886424079813	false	1.0
ziemlich	neg 1.0		off 0.5721443616772214 neg 0.42078736113953225 __DUMMY__ 0.0070682771832462155	false	0.5
lachnummer	off 1.0		off 0.5671959336120933 neg 0.4256878248247208 __DUMMY__ 0.007116241563185923	false	1.0
oder			off 0.5684819412859783 neg 0.4243845361427271 __DUMMY__ 0.0071335225712947795	false	0.0
verfall	neg 1.0		off 0.5590957967665219 neg 0.43371357688556356 __DUMMY__ 0.0071906263479145855	false	0.5
ausgrenzung	neg 1.0		off 0.5680788989525876 neg 0.42483619670770656 __DUMMY__ 0.007084904339705939	false	0.5
unordnung	neg 1.0		off 0.5774535763488777 neg 0.41551002227000616 __DUMMY__ 0.007036401381116086	false	0.5
fehlverhalten	neg 1.0		off 0.5635035784378309 neg 0.42933597934273904 __DUMMY__ 0.0071604422194299295	false	0.5
eine			off 0.562261453689172 neg 0.4305513750778986 __DUMMY__ 0.00718717123292933	false	0.0
nille	neg 1.0		off 0.5680807088935161 neg 0.42478946827819636 __DUMMY__ 0.007129822828287443	false	0.5
qual	neg 1.0		off 0.567093828085629 neg 0.42577565749524715 __DUMMY__ 0.007130514419123895	false	0.5
verschwenden	neg 1.0		off 0.5624293340581074 neg 0.43042151352987135 __DUMMY__ 0.007149152412021203	false	0.5
riesig	neg 1.0		off 0.5664353085575283 neg 0.4263732908478283 __DUMMY__ 0.007191400594643205	false	0.5
verurteilen	neg 1.0		off 0.5645159039393924 neg 0.4283573118700839 __DUMMY__ 0.007126784190523746	false	0.5
klischee	neg 1.0	neg 1.0	neg 0.6949504343173245 off 0.30168642931635387 __DUMMY__ 0.0033631363663215426	false	1.0
diktatorisch	neg 1.0		off 0.5672354796543655 neg 0.42569449684872396 __DUMMY__ 0.0070700234969105855	false	0.5
vorhersehbar	neg 1.0		off 0.5676655573819268 neg 0.4252724995236126 __DUMMY__ 0.007061943094460581	false	0.5
sowie			off 0.5741045707011216 neg 0.41892301883531513 __DUMMY__ 0.00697241046356311	false	0.0
stornieren	neg 1.0		off 0.5749415563742125 neg 0.41788865817261966 __DUMMY__ 0.007169785453167875	false	0.5
besteuerung	neg 1.0	neg 1.0	neg 0.697246886954078 off 0.29939037035597105 __DUMMY__ 0.0033627426899509815	false	1.0
ungeschminkt	neg 1.0		off 0.5733773711592256 neg 0.41958044528239147 __DUMMY__ 0.007042183558382696	false	0.5
kritisch	neg 1.0		off 0.5650677130772332 neg 0.4277871073961278 __DUMMY__ 0.007145179526638972	false	0.5
schlamperei	off 1.0		off 0.564428731355473 neg 0.42840940597387084 __DUMMY__ 0.0071618626706561545	false	1.0
sucht	neg 1.0	neg 1.0	neg 0.6934244057055242 off 0.3031625539990746 __DUMMY__ 0.003413040295401198	false	1.0
egoistisch	off 1.0	off 1.0	off 0.7754272798897655 neg 0.22124408693077355 __DUMMY__ 0.0033286331794609393	false	1.0
ausbeuter	off 1.0		off 0.5616382093977145 neg 0.43122413058394216 __DUMMY__ 0.007137660018343357	false	1.0
arschgeburt	off 1.0		off 0.5829462047426596 neg 0.4101675820566962 __DUMMY__ 0.006886213200644334	false	1.0
schubs	neg 1.0		off 0.5639120607548394 neg 0.4289495421425589 __DUMMY__ 0.007138397102601694	false	0.5
unsolide	neg 1.0		off 0.5688088059997639 neg 0.42411030692252955 __DUMMY__ 0.007080887077706651	false	0.5
beschwerde	neg 1.0		off 0.5660547917735158 neg 0.42679505281417157 __DUMMY__ 0.007150155412312609	false	0.5
stocken	neg 1.0		off 0.5652854055238158 neg 0.4275524946508192 __DUMMY__ 0.007162099825364949	false	0.5
isolieren	neg 1.0		off 0.5660818783164497 neg 0.42676894745126687 __DUMMY__ 0.0071491742322832555	false	0.5
unheilbar	neg 1.0		off 0.5657420515016921 neg 0.4271556225444783 __DUMMY__ 0.0071023259538295705	false	0.5
pisser	off 1.0	off 1.0	off 0.7754309622697881 neg 0.22121195493928214 __DUMMY__ 0.003357082790929714	false	1.0
löschen	neg 1.0		off 0.5681369503468242 neg 0.4247394804573834 __DUMMY__ 0.007123569195792282	false	0.5
durchfallen	neg 1.0		off 0.5646913424737515 neg 0.42816473022792917 __DUMMY__ 0.007143927298319295	false	0.5
wichser	off 1.0	off 1.0	off 0.7768498927903986 neg 0.21986302896211263 __DUMMY__ 0.0032870782474888087	false	1.0
terror	neg 1.0		off 0.5708397292353831 neg 0.422059990941553 __DUMMY__ 0.007100279823063973	false	0.5
krass	neg 1.0		off 0.5751338166540194 neg 0.4178683317683694 __DUMMY__ 0.00699785157761127	false	0.5
revolte	neg 1.0		off 0.5664285012864834 neg 0.42654492985886067 __DUMMY__ 0.007026568854655897	false	0.5
besorgt	neg 1.0		off 0.56729103157995 neg 0.425537052429823 __DUMMY__ 0.007171915990226909	false	0.5
nachlassen	neg 1.0		off 0.5656631977768894 neg 0.4271683500963328 __DUMMY__ 0.007168452126777738	false	0.5
alt	neg 1.0		off 0.5610048265378633 neg 0.43189257309762735 __DUMMY__ 0.007102600364509443	false	0.5
hundesohn	off 1.0	off 1.0	off 0.7778673843722672 neg 0.21882042281926137 __DUMMY__ 0.003312192808471355	false	1.0
als			off 0.5646576562225228 neg 0.4282088190099059 __DUMMY__ 0.007133524767571229	false	0.0
abschreckung	neg 1.0		off 0.5625089775875887 neg 0.43032748875963966 __DUMMY__ 0.007163533652771753	false	0.5
unqualifiziert	neg 1.0		off 0.5699973448766561 neg 0.422937016657976 __DUMMY__ 0.007065638465367867	false	0.5
abgewichst	off 1.0		off 0.568014117760621 neg 0.42484267171953616 __DUMMY__ 0.00714321051984287	false	1.0
schwer	neg 1.0		off 0.5657853571338071 neg 0.42709555519476206 __DUMMY__ 0.007119087671431013	false	0.5
bedeutungslosigkeit	neg 1.0		off 0.5629359065569004 neg 0.4299050194131527 __DUMMY__ 0.0071590740299470445	false	0.5
kapitulation	neg 1.0		off 0.5626693679540475 neg 0.4302150818747425 __DUMMY__ 0.007115550171210076	false	0.5
unscharf	neg 1.0		off 0.5655088868045297 neg 0.42744653946490174 __DUMMY__ 0.007044573730568443	false	0.5
schwinden	neg 1.0		off 0.5629206845609283 neg 0.4299253109956461 __DUMMY__ 0.007154004443425498	false	0.5
versklavung	neg 1.0	neg 1.0	neg 0.6960081893843162 off 0.30061864533573146 __DUMMY__ 0.0033731652799524007	false	1.0
schlecht	neg 1.0		off 0.5725136674560626 neg 0.42041487615819684 __DUMMY__ 0.007071456385740501	false	0.5
verhasst	neg 1.0		off 0.5672344227338214 neg 0.4256758282582679 __DUMMY__ 0.007089749007910647	false	0.5
beschweren	neg 1.0		off 0.5692600879440006 neg 0.4236269462054204 __DUMMY__ 0.007112965850578942	false	0.5
scheiden	neg 1.0		off 0.5672653198567484 neg 0.42561380513857 __DUMMY__ 0.007120875004681579	false	0.5
frustriert	neg 1.0		off 0.565950034726731 neg 0.4269105203079424 __DUMMY__ 0.007139444965326488	false	0.5
schimmelig	neg 1.0		off 0.5638396181822473 neg 0.42902872542254983 __DUMMY__ 0.007131656395202862	false	0.5
fisch	neg 1.0		off 0.5597580563849357 neg 0.43309953342071456 __DUMMY__ 0.0071424101943497065	false	0.5
schmuggel	neg 1.0		off 0.5638419671806736 neg 0.428953080901148 __DUMMY__ 0.007204951918178422	false	0.5
auffallen	neg 1.0		off 0.5688911164653402 neg 0.424011894546653 __DUMMY__ 0.007096988988006914	false	0.5
konkurrenz	neg 1.0		off 0.5643752968351081 neg 0.4284349859090053 __DUMMY__ 0.0071897172558865385	false	0.5
teufelskreis	neg 1.0	neg 1.0	neg 0.6976803797012608 off 0.2989391529249117 __DUMMY__ 0.003380467373827372	false	1.0
aufschreien	neg 1.0		off 0.568141898802794 neg 0.42478626990106433 __DUMMY__ 0.007071831296141601	false	0.5
schuldner	neg 1.0		off 0.5613842108164132 neg 0.43148064164298716 __DUMMY__ 0.0071351475405994885	false	0.5
missgeburt	off 1.0	off 1.0	off 0.7781802509699246 neg 0.21848411142643795 __DUMMY__ 0.0033356376036375135	false	1.0
arbeitslos	neg 1.0		off 0.5647113825621038 neg 0.4281423321573202 __DUMMY__ 0.007146285280575996	false	0.5
befallen	neg 1.0		off 0.565189401553597 neg 0.4276989101474814 __DUMMY__ 0.007111688298921548	false	0.5
miesepetrig	off 1.0	off 1.0	off 0.7724286075668141 neg 0.2242110833583886 __DUMMY__ 0.003360309074797314	false	1.0
alarmieren	neg 1.0		off 0.571117887475203 neg 0.42181168295537685 __DUMMY__ 0.007070429569420283	false	0.5
ungeduscht	off 1.0		off 0.5699104861375994 neg 0.4230311201949632 __DUMMY__ 0.007058393667437488	false	1.0
knappheit	neg 1.0		off 0.5638127038256221 neg 0.4290674405778626 __DUMMY__ 0.0071198555965152404	false	0.5
schlange	neg 1.0		off 0.5683209304059075 neg 0.424546449769868 __DUMMY__ 0.007132619824224482	false	0.5
harsch	neg 1.0		off 0.5788618083851571 neg 0.41407431764970676 __DUMMY__ 0.0070638739651359955	false	0.5
lang	neg 1.0		off 0.5687909711339103 neg 0.42409224042422544 __DUMMY__ 0.007116788441864222	false	0.5
ziellos	neg 1.0		off 0.5645605505777586 neg 0.42826081804865357 __DUMMY__ 0.0071786313735879145	false	0.5
selbstverliebt	neg 1.0		off 0.5806974634037124 neg 0.4123815777227934 __DUMMY__ 0.006920958873494165	false	0.5
beseitigen	neg 1.0		off 0.5712831918642812 neg 0.4215353532481749 __DUMMY__ 0.007181454887544009	false	0.5
dumm	off 1.0		off 0.5759981439237665 neg 0.41703473110682654 __DUMMY__ 0.006967124969407022	false	1.0
arbeitsloser	neg 1.0		off 0.5670061628911787 neg 0.425815273933984 __DUMMY__ 0.007178563174837333	false	0.5
blitzen	neg 1.0		off 0.5700072115290855 neg 0.4229197231478734 __DUMMY__ 0.007073065323041017	false	0.5
hilflos	neg 1.0		off 0.5647110167031757 neg 0.4281455857541658 __DUMMY__ 0.00714339754265846	false	0.5
eklig	off 1.0		off 0.5753827999972178 neg 0.417671224352135 __DUMMY__ 0.006945975650647312	false	1.0
begriff			off 0.5660219243709111 neg 0.42686003513564175 __DUMMY__ 0.007118040493447111	false	0.0
hungersnot	neg 1.0		off 0.5625486252312647 neg 0.43034897087643975 __DUMMY__ 0.007102403892295639	false	0.5
ungesetzlich	neg 1.0		off 0.5675943455280165 neg 0.4253300407399965 __DUMMY__ 0.007075613731987128	false	0.5
verschwendung	neg 1.0		off 0.5629466545507043 neg 0.42989406864068225 __DUMMY__ 0.007159276808613512	false	0.5
schmerzvoll	neg 1.0		off 0.5672789508325933 neg 0.4256286247433171 __DUMMY__ 0.007092424424089569	false	0.5
vorzeitig	neg 1.0		off 0.5728285337668475 neg 0.4200852713982036 __DUMMY__ 0.007086194834948857	false	0.5
unvollkommenheit	neg 1.0		off 0.5659527825473962 neg 0.4269103123137611 __DUMMY__ 0.007136905138842712	false	0.5
intervenieren	neg 1.0		off 0.5624011773135191 neg 0.43046448031260326 __DUMMY__ 0.007134342373877617	false	0.5
banause	off 1.0		off 0.5748433104559433 neg 0.4182543918550592 __DUMMY__ 0.0069022976889974415	false	1.0
rebell	neg 1.0		off 0.5604699945932798 neg 0.43233520709112844 __DUMMY__ 0.007194798315591714	false	0.5
unlogisch	neg 1.0		off 0.5729404642395431 neg 0.42004106905180294 __DUMMY__ 0.007018466708653812	false	0.5
leiden	neg 1.0		off 0.5645463768426535 neg 0.4282474481588153 __DUMMY__ 0.00720617499853123	false	0.5
abschaffung	neg 1.0		off 0.5668493865626454 neg 0.42606077104199197 __DUMMY__ 0.00708984239536272	false	0.5
sturz	neg 1.0		off 0.5726661928531473 neg 0.42018002860741577 __DUMMY__ 0.007153778539436873	false	0.5
verkleinerung	neg 1.0		off 0.5686135033336214 neg 0.42434337467213273 __DUMMY__ 0.007043121994245884	false	0.5
schmarotzer	off 1.0		off 0.5647535752699661 neg 0.42811977883847196 __DUMMY__ 0.007126645891561974	false	1.0
bestrafung	neg 1.0	neg 1.0	neg 0.6955369511324673 off 0.30106784365116324 __DUMMY__ 0.003395205216369501	false	1.0
achtlos	neg 1.0		off 0.5660937451239135 neg 0.42676554801951583 __DUMMY__ 0.007140706856570533	false	0.5
ungeheuer	neg 1.0		off 0.5662988564037887 neg 0.4266032692088562 __DUMMY__ 0.007097874387355129	false	0.5
