unsolidarisch	neg 1.0		off 0.5459888759228655 neg 0.4125192601137031 __DUMMY__ 0.04149186396343138	false	0.5
nachteilig	neg 1.0		off 0.546351106566782 neg 0.41152801520919874 __DUMMY__ 0.04212087822401928	false	0.5
skeptisch	neg 1.0		off 0.5432740505627116 neg 0.4147022060589823 __DUMMY__ 0.04202374337830621	false	0.5
schrecklich	neg 1.0		off 0.5542561369420521 neg 0.40462280264299594 __DUMMY__ 0.04112106041495193	false	0.5
schlapp	neg 1.0	neg 1.0	neg 0.6870501674872943 off 0.293240046056783 __DUMMY__ 0.019709786455922727	false	1.0
abfall	neg 1.0		off 0.541595039366207 neg 0.4161145990725704 __DUMMY__ 0.04229036156122259	false	0.5
widerspenstig	neg 1.0		off 0.5457016989479793 neg 0.41263239592169276 __DUMMY__ 0.04166590513032792	false	0.5
abrupt	neg 1.0		off 0.5424450280402895 neg 0.41557327787914955 __DUMMY__ 0.04198169408056089	false	0.5
unwirksam	neg 1.0		off 0.5444765663805403 neg 0.4141423859577989 __DUMMY__ 0.041381047661660716	false	0.5
angreifen	neg 1.0		off 0.5426578541992044 neg 0.4152915610641106 __DUMMY__ 0.04205058473668506	false	0.5
inkonsistent	neg 1.0		off 0.5483427704963365 neg 0.41021465736656626 __DUMMY__ 0.04144257213709737	false	0.5
abrutschen	neg 1.0		off 0.5406191624884208 neg 0.4171320714884226 __DUMMY__ 0.04224876602315678	false	0.5
unsicher	neg 1.0		off 0.5476610183206365 neg 0.4105355561571119 __DUMMY__ 0.04180342552225161	false	0.5
bauernkind	off 1.0	off 1.0	off 0.7649390192716334 neg 0.21563774802795355 __DUMMY__ 0.019423232700413063	false	1.0
angreifer	neg 1.0		off 0.5531569197725789 neg 0.405091716553403 __DUMMY__ 0.041751363674018285	false	0.5
trennen	neg 1.0		off 0.5434471821766865 neg 0.41440565310705485 __DUMMY__ 0.04214716471625855	false	0.5
schmutz	neg 1.0		off 0.5563511472914177 neg 0.40153804525180026 __DUMMY__ 0.04211080745678201	false	0.5
inkonsistenz	neg 1.0		off 0.5506969593916367 neg 0.4079322792116357 __DUMMY__ 0.04137076139672754	false	0.5
erschreckend	neg 1.0		off 0.5462624409093327 neg 0.4119762717001283 __DUMMY__ 0.04176128739053886	false	0.5
ertrinken	neg 1.0		off 0.5415648648045918 neg 0.41643126681499837 __DUMMY__ 0.04200386838040984	false	0.5
pickelface	off 1.0		off 0.5490286361354358 neg 0.40916818592820253 __DUMMY__ 0.04180317793636174	false	1.0
seiner			off 0.54393872380894 neg 0.4139510387197595 __DUMMY__ 0.04211023747130052	false	0.0
lauch	neg 1.0	neg 1.0	neg 0.6910052110716677 off 0.28876715382792 __DUMMY__ 0.020227635100412374	false	1.0
unwichtig	neg 1.0		off 0.550742403315589 neg 0.407874049751476 __DUMMY__ 0.04138354693293508	false	0.5
steuerhinterziehung	neg 1.0		off 0.5449198055150464 neg 0.4134664521902488 __DUMMY__ 0.041613742294704874	false	0.5
schock	neg 1.0		off 0.5461765851552577 neg 0.41195568613968936 __DUMMY__ 0.04186772870505299	false	0.5
beule	neg 1.0		off 0.5524149107501725 neg 0.4063929123499302 __DUMMY__ 0.041192176899897355	false	0.5
vergelten	neg 1.0		off 0.5567656351567323 neg 0.40203713043888967 __DUMMY__ 0.04119723440437796	false	0.5
verdorbenheit	neg 1.0		off 0.5506994842585947 neg 0.40744572319783606 __DUMMY__ 0.041854792543569316	false	0.5
trauma	neg 1.0		off 0.5482781216568908 neg 0.4100911108986471 __DUMMY__ 0.04163076744446209	false	0.5
sinnlos	neg 1.0		off 0.5489643842733888 neg 0.40940997216975955 __DUMMY__ 0.04162564355685175	false	0.5
fettsack	off 1.0	off 1.0	off 0.7662998541187171 neg 0.214245635099449 __DUMMY__ 0.01945451078183377	false	1.0
feige	off 1.0	off 1.0	off 0.7632945089304484 neg 0.21704039948476928 __DUMMY__ 0.019665091584782475	false	1.0
abdanken	neg 1.0		off 0.5472102863593078 neg 0.4110032711956126 __DUMMY__ 0.04178644244507967	false	0.5
wichtigtuer	off 1.0	off 1.0	off 0.7623064911746821 neg 0.21787645583832513 __DUMMY__ 0.019817052986992927	false	1.0
misslingen	neg 1.0		off 0.5525062876505156 neg 0.40550941559451026 __DUMMY__ 0.04198429675497406	false	0.5
untreu	off 1.0		off 0.5517683824440152 neg 0.4069254400579995 __DUMMY__ 0.04130617749798535	false	1.0
missmutig	neg 1.0		off 0.5486965237994923 neg 0.4099340032466444 __DUMMY__ 0.04136947295386313	false	0.5
hurenbock	off 1.0		off 0.5476848988092154 neg 0.4106465750805869 __DUMMY__ 0.04166852611019762	false	1.0
betrunken	neg 1.0		off 0.553262495284028 neg 0.40556494079409805 __DUMMY__ 0.04117256392187398	false	0.5
korrupt	off 1.0		off 0.5436970267416674 neg 0.41472637107306193 __DUMMY__ 0.04157660218527059	false	1.0
unmut	neg 1.0		off 0.5419437268184898 neg 0.41591064424568575 __DUMMY__ 0.04214562893582455	false	0.5
hackfresse	off 1.0		off 0.5577821040430526 neg 0.40140593931587226 __DUMMY__ 0.040811956641075044	false	1.0
aufblasen	neg 1.0		off 0.5473490252903191 neg 0.41095381770736766 __DUMMY__ 0.04169715700231308	false	0.5
gewaltsam	neg 1.0		off 0.5483924989880106 neg 0.4097386156517424 __DUMMY__ 0.0418688853602471	false	0.5
unbeliebtheit	neg 1.0		off 0.553071127716222 neg 0.4055406528235383 __DUMMY__ 0.0413882194602397	false	0.5
sturheit	neg 1.0		off 0.5468443124776404 neg 0.4113302800603456 __DUMMY__ 0.041825407462013846	false	0.5
kuh	neg 1.0		off 0.5458971586176995 neg 0.4129708838241656 __DUMMY__ 0.0411319575581349	false	0.5
erschrecken	neg 1.0		off 0.5506663549247306 neg 0.4078375841295498 __DUMMY__ 0.04149606094571966	false	0.5
opfer	neg 1.0		off 0.5450884009744219 neg 0.4129015504270036 __DUMMY__ 0.04201004859857452	false	0.5
sinken	neg 1.0		off 0.5416789733947365 neg 0.41628759009473226 __DUMMY__ 0.04203343651053131	false	0.5
stinktier	neg 1.0		off 0.5535291659181018 neg 0.4057558010798672 __DUMMY__ 0.04071503300203111	false	0.5
tucke	off 1.0		off 0.5576300057351274 neg 0.4018818681403817 __DUMMY__ 0.04048812612449086	false	1.0
ein			off 0.5451158920170708 neg 0.413237090279694 __DUMMY__ 0.04164701770323502	false	0.0
abstieg	neg 1.0		off 0.5481411610329846 neg 0.4097575464278685 __DUMMY__ 0.0421012925391469	false	0.5
missverstehen	neg 1.0		off 0.5489984323334675 neg 0.4094920592650544 __DUMMY__ 0.04150950840147814	false	0.5
ergebnislos	neg 1.0		off 0.5462014504021143 neg 0.4116697224495443 __DUMMY__ 0.042128827148341375	false	0.5
unter			off 0.5396948524856985 neg 0.4176285640713914 __DUMMY__ 0.042676583442910025	false	0.0
manipulieren	neg 1.0		off 0.544163150292743 neg 0.4137860548854963 __DUMMY__ 0.042050794821760606	false	0.5
unbewiesen	neg 1.0		off 0.54739967857983 neg 0.41101732178099837 __DUMMY__ 0.04158299963917166	false	0.5
verschleppen	neg 1.0		off 0.5441104924250401 neg 0.41407679806256975 __DUMMY__ 0.0418127095123902	false	0.5
weib	off 1.0		off 0.5594505924211697 neg 0.39989726874979165 __DUMMY__ 0.04065213882903873	false	1.0
opposition	neg 1.0		off 0.5476068021781029 neg 0.4108754601619363 __DUMMY__ 0.04151773765996094	false	0.5
verkehrswidrig	neg 1.0		off 0.5600949114907179 neg 0.39850753244336723 __DUMMY__ 0.041397556065914935	false	0.5
inkorrekt	neg 1.0		off 0.5532395470773658 neg 0.4057023529966084 __DUMMY__ 0.04105809992602575	false	0.5
vermeiden	neg 1.0		off 0.542235607812673 neg 0.41532774723042176 __DUMMY__ 0.042436644956905335	false	0.5
abweichung	neg 1.0		off 0.5469271757618792 neg 0.4110740689278125 __DUMMY__ 0.04199875531030826	false	0.5
alkoholisiert	neg 1.0		off 0.5492261475601626 neg 0.40825504331022183 __DUMMY__ 0.042518809129615524	false	0.5
scheiss	off 1.0	off 1.0	off 0.7642202662044147 neg 0.21615393556740456 __DUMMY__ 0.01962579822818064	false	1.0
herausforderung	neg 1.0		off 0.5457645228102174 neg 0.41229849820691616 __DUMMY__ 0.04193697898286645	false	0.5
pervers	off 1.0		off 0.5609933397159118 neg 0.3985222309946813 __DUMMY__ 0.04048442928940692	false	1.0
wackelig	neg 1.0		off 0.5458592382562093 neg 0.4121772429527197 __DUMMY__ 0.04196351879107111	false	0.5
verwickeln	neg 1.0		off 0.5483129325059747 neg 0.4101166820144599 __DUMMY__ 0.0415703854795655	false	0.5
vorwand	neg 1.0		off 0.5425498962663559 neg 0.4153612149319233 __DUMMY__ 0.04208888880172096	false	0.5
muschi	off 1.0		off 0.5488491611777216 neg 0.4092181466884044 __DUMMY__ 0.0419326921338739	false	1.0
entmutigung	neg 1.0		off 0.5465299765662893 neg 0.4121522588606637 __DUMMY__ 0.04131776457304701	false	0.5
unangemessen	neg 1.0		off 0.5459691361388154 neg 0.4122421350729364 __DUMMY__ 0.04178872878824833	false	0.5
unstetig	neg 1.0		off 0.551905876196486 neg 0.40653404402512605 __DUMMY__ 0.041560079778387916	false	0.5
entmutigen	neg 1.0		off 0.5466193748330602 neg 0.41182015878431416 __DUMMY__ 0.041560466382625505	false	0.5
schwanz	neg 1.0		off 0.5468732160968655 neg 0.41110573504108716 __DUMMY__ 0.04202104886204743	false	0.5
verbot	neg 1.0		off 0.545193483923562 neg 0.41306082542508005 __DUMMY__ 0.041745690651358074	false	0.5
leid	neg 1.0		off 0.5554013901326692 neg 0.4036064018632575 __DUMMY__ 0.04099220800407313	false	0.5
archaisch	neg 1.0		off 0.5453695755321175 neg 0.4128632126126614 __DUMMY__ 0.04176721185522127	false	0.5
gegen			off 0.5436353581004912 neg 0.4141303498134311 __DUMMY__ 0.04223429208607762	false	0.0
scheidung	neg 1.0		off 0.5687612626794046 neg 0.39052041329279047 __DUMMY__ 0.04071832402780483	false	0.5
einschlag	neg 1.0		off 0.5574840499310235 neg 0.4011628062700499 __DUMMY__ 0.04135314379892668	false	0.5
m			off 0.54656626093811 neg 0.41147717482322416 __DUMMY__ 0.04195656423866569	false	0.0
abgestanden	neg 1.0		off 0.5433905191740084 neg 0.41527434103090677 __DUMMY__ 0.04133513979508481	false	0.5
schmierig	off 1.0		off 0.5547832329738126 neg 0.4042318152639807 __DUMMY__ 0.040984951762206685	false	1.0
unpraktisch	neg 1.0		off 0.549064237636667 neg 0.4092343858746345 __DUMMY__ 0.04170137648869842	false	0.5
wixxer	off 1.0		off 0.5607823111392489 neg 0.39880767090715113 __DUMMY__ 0.0404100179536	false	1.0
bezeichnet			off 0.5478508212269695 neg 0.410395122242821 __DUMMY__ 0.04175405653020948	false	0.0
jammerlappen	off 1.0		off 0.5510026948250374 neg 0.40762500475521735 __DUMMY__ 0.04137230041974531	false	1.0
farce	neg 1.0		off 0.5460442805954612 neg 0.4123517615291301 __DUMMY__ 0.04160395787540878	false	0.5
zwecklos	neg 1.0		off 0.5446863211023142 neg 0.4135086197969724 __DUMMY__ 0.041805059100713554	false	0.5
turbulent	neg 1.0		off 0.5540557801640225 neg 0.4046422291080291 __DUMMY__ 0.04130199072794833	false	0.5
invasion	neg 1.0		off 0.5497240728584757 neg 0.40868969553977497 __DUMMY__ 0.04158623160174927	false	0.5
schuld	neg 1.0		off 0.5480192226817818 neg 0.41033862472425064 __DUMMY__ 0.04164215259396748	false	0.5
risiko	neg 1.0		off 0.5491238998675332 neg 0.4092969196543025 __DUMMY__ 0.041579180478164425	false	0.5
finster	neg 1.0		off 0.5452222423232687 neg 0.4132018631905372 __DUMMY__ 0.0415758944861942	false	0.5
geisteskrank	off 1.0		off 0.55246576181912 neg 0.4063744290176123 __DUMMY__ 0.041159809163267724	false	1.0
zusammenbrechen	neg 1.0		off 0.5450556354167904 neg 0.4131317189866177 __DUMMY__ 0.04181264559659199	false	0.5
ausbeute	neg 1.0		off 0.547900191273053 neg 0.4101657667635253 __DUMMY__ 0.04193404196342165	false	0.5
hinterhalt	neg 1.0		off 0.5466063036394369 neg 0.41155710243645566 __DUMMY__ 0.041836593924107476	false	0.5
kritik	neg 1.0		off 0.5454687330451917 neg 0.4129391585768902 __DUMMY__ 0.04159210837791803	false	0.5
einschrumpfen	neg 1.0		off 0.5505858346203346 neg 0.40812820077329803 __DUMMY__ 0.041285964606367374	false	0.5
riskant	neg 1.0		off 0.5433975580785587 neg 0.41460069098756996 __DUMMY__ 0.04200175093387134	false	0.5
frustrieren	neg 1.0		off 0.5435828241344934 neg 0.4145180108996892 __DUMMY__ 0.04189916496581744	false	0.5
groll	neg 1.0		off 0.5457694870478141 neg 0.4123587617127151 __DUMMY__ 0.04187175123947072	false	0.5
gibt			off 0.5454295570519698 neg 0.4126657810338437 __DUMMY__ 0.041904661914186576	false	0.0
qualvoll	neg 1.0		off 0.5484269792100919 neg 0.41002594242557205 __DUMMY__ 0.04154707836433624	false	0.5
wackeln	neg 1.0		off 0.5474347776648538 neg 0.4107839787849637 __DUMMY__ 0.04178124355018255	false	0.5
klagen	neg 1.0		off 0.5425482888779518 neg 0.415399688279164 __DUMMY__ 0.04205202284288411	false	0.5
bankrott	neg 1.0		off 0.5528936751109436 neg 0.4055133491077419 __DUMMY__ 0.04159297578131449	false	0.5
trauern	neg 1.0		off 0.5459077603576745 neg 0.4118817316938121 __DUMMY__ 0.04221050794851332	false	0.5
ablehnung	neg 1.0		off 0.5459154277565716 neg 0.41237203978114906 __DUMMY__ 0.04171253246227925	false	0.5
stur	neg 1.0		off 0.5473894035265895 neg 0.4110251127221565 __DUMMY__ 0.04158548375125391	false	0.5
aufruhr	neg 1.0		off 0.5458068683531865 neg 0.41261047269702866 __DUMMY__ 0.041582658949784884	false	0.5
melancholie	neg 1.0		off 0.5417496797225092 neg 0.41637478265087924 __DUMMY__ 0.04187553762661143	false	0.5
ist			off 0.5485189538873498 neg 0.40986078681961147 __DUMMY__ 0.041620259293038746	false	0.0
torheit	neg 1.0		off 0.547620912346463 neg 0.41079194136050434 __DUMMY__ 0.04158714629303246	false	0.5
dreckskind	off 1.0		off 0.5589044154183977 neg 0.40034970917856394 __DUMMY__ 0.040745875403038194	false	1.0
umtauschen	neg 1.0		off 0.5469228686116964 neg 0.4113036323069314 __DUMMY__ 0.04177349908137209	false	0.5
zum			off 0.5446608727529733 neg 0.4126920589010685 __DUMMY__ 0.04264706834595835	false	0.0
zersetzen	neg 1.0		off 0.5424372086267053 neg 0.4156297554465959 __DUMMY__ 0.04193303592669867	false	0.5
zur			off 0.5424839409101634 neg 0.41507026841331707 __DUMMY__ 0.04244579067651961	false	0.0
frust	neg 1.0		off 0.5448011527437446 neg 0.41337291696491535 __DUMMY__ 0.041825930291340054	false	0.5
unerbittlichkeit	neg 1.0		off 0.5445721889108921 neg 0.41341264411909456 __DUMMY__ 0.04201516697001335	false	0.5
zwei			off 0.5419095054669311 neg 0.41563372850365043 __DUMMY__ 0.04245676602941866	false	0.0
unkorrekt	neg 1.0		off 0.5525120663667685 neg 0.4063465513502265 __DUMMY__ 0.04114138228300506	false	0.5
hexe	off 1.0		off 0.5493813680404771 neg 0.40938698272709084 __DUMMY__ 0.04123164923243201	false	1.0
lasch	neg 1.0		off 0.5503121704060185 neg 0.40826011424903813 __DUMMY__ 0.04142771534494324	false	0.5
rivale	neg 1.0		off 0.5552872625529748 neg 0.4035192890148547 __DUMMY__ 0.041193448432170585	false	0.5
mutlos	off 1.0	off 1.0	off 0.7595614236919982 neg 0.22046610413211665 __DUMMY__ 0.019972472175885207	false	1.0
wirr	off 1.0		off 0.5541186827265927 neg 0.4048678281543391 __DUMMY__ 0.04101348911906816	false	1.0
jahr			off 0.5472217093089041 neg 0.41042847705069585 __DUMMY__ 0.04234981364040016	false	0.0
wird			off 0.5452187298393552 neg 0.412824237290228 __DUMMY__ 0.041957032870416806	false	0.0
strafbar	neg 1.0		off 0.543742275310998 neg 0.41429977379108884 __DUMMY__ 0.04195795089791308	false	0.5
erosion	neg 1.0		off 0.5481501510869918 neg 0.4100724065806967 __DUMMY__ 0.0417774423323114	false	0.5
eingehen	neg 1.0		off 0.5429486914794783 neg 0.4151819717703874 __DUMMY__ 0.04186933675013427	false	0.5
faul	off 1.0		off 0.5515075501504508 neg 0.4069846721535468 __DUMMY__ 0.041507777696002356	false	1.0
provisorium	neg 1.0		off 0.5400792175703477 neg 0.4172236104483726 __DUMMY__ 0.04269717198127972	false	0.5
schmerzen	neg 1.0		off 0.5446393547757525 neg 0.41370384320368464 __DUMMY__ 0.04165680202056287	false	0.5
schrumpfen	neg 1.0		off 0.539455057809796 neg 0.4183793085588166 __DUMMY__ 0.042165633631387346	false	0.5
geistlos	off 1.0		off 0.5476296685462412 neg 0.41102274028278624 __DUMMY__ 0.04134759117097255	false	1.0
fehlkauf	neg 1.0		off 0.5493208387611804 neg 0.40913691808393 __DUMMY__ 0.041542243154889476	false	0.5
frustrierend	neg 1.0		off 0.5496461730575007 neg 0.40892962126165167 __DUMMY__ 0.04142420568084756	false	0.5
unzufrieden	neg 1.0		off 0.5451740231711605 neg 0.4129518492270828 __DUMMY__ 0.041874127601756655	false	0.5
verzweifeln	neg 1.0		off 0.5463615174888139 neg 0.4118307312829497 __DUMMY__ 0.04180775122823634	false	0.5
verzweifelt	neg 1.0		off 0.5476399422672829 neg 0.4107602419296421 __DUMMY__ 0.04159981580307498	false	0.5
misstrauensantrag	neg 1.0		off 0.5486953696947952 neg 0.409748820457274 __DUMMY__ 0.04155580984793088	false	0.5
abfallen	neg 1.0		off 0.5472262498043117 neg 0.41106918889576316 __DUMMY__ 0.041704561299925176	false	0.5
fucker	off 1.0		off 0.5550899263795959 neg 0.40363293951731977 __DUMMY__ 0.04127713410308446	false	1.0
ungezogen	neg 1.0		off 0.5597327306743356 neg 0.3995868596777071 __DUMMY__ 0.04068040964795744	false	0.5
irrsinnig	neg 1.0	neg 1.0	neg 0.6888968522411423 off 0.291246710453906 __DUMMY__ 0.019856437304951857	false	1.0
unfassbar	neg 1.0		off 0.5520868286130161 neg 0.40657122038301563 __DUMMY__ 0.041341951003968334	false	0.5
hart	neg 1.0		off 0.5512458265632788 neg 0.40757605743094 __DUMMY__ 0.0411781160057813	false	0.5
widerlich	off 1.0		off 0.5517631931922874 neg 0.4070028136084774 __DUMMY__ 0.04123399319923531	false	1.0
fatal	neg 1.0	neg 1.0	neg 0.6891032241765042 off 0.29118180932064647 __DUMMY__ 0.019714966502849304	false	1.0
bruch	neg 1.0		off 0.541642505016589 neg 0.4161975774498808 __DUMMY__ 0.04215991753353023	false	0.5
aushungern	neg 1.0		off 0.5446739109818524 neg 0.4136473021920488 __DUMMY__ 0.041678786826098685	false	0.5
anspannung	neg 1.0		off 0.5418696418270736 neg 0.4156846459641578 __DUMMY__ 0.04244571220876854	false	0.5
von			off 0.5446770709015125 neg 0.41310617425537344 __DUMMY__ 0.04221675484311421	false	0.0
kraftlos	neg 1.0		off 0.5444233886608212 neg 0.4137081262939556 __DUMMY__ 0.041868485045223176	false	0.5
vom			off 0.542297888371889 neg 0.4148765904443177 __DUMMY__ 0.0428255211837935	false	0.0
grenzdebil	off 1.0		off 0.5516783287414805 neg 0.4070652935881609 __DUMMY__ 0.041256377670358724	false	1.0
vor			off 0.5421122192595161 neg 0.4157173759293343 __DUMMY__ 0.04217040481114954	false	0.0
unterwerfen	neg 1.0		off 0.5448804306971997 neg 0.4131481981732066 __DUMMY__ 0.04197137112959352	false	0.5
versenkung	neg 1.0		off 0.5446945707580808 neg 0.41326839708603946 __DUMMY__ 0.04203703215587979	false	0.5
entziehen	neg 1.0		off 0.5425702139173701 neg 0.41532548831508737 __DUMMY__ 0.042104297767542494	false	0.5
finanzkrise	neg 1.0		off 0.5425260811900849 neg 0.4161397280439857 __DUMMY__ 0.04133419076592944	false	0.5
schimpfend	neg 1.0		off 0.5494535271455331 neg 0.4087437877195157 __DUMMY__ 0.04180268513495129	false	0.5
profan	neg 1.0		off 0.5487021624191623 neg 0.40976265026197534 __DUMMY__ 0.041535187318862375	false	0.5
korruption	neg 1.0		off 0.5437461860574719 neg 0.41458562844717795 __DUMMY__ 0.04166818549535021	false	0.5
â			off 0.5454609922337055 neg 0.4125975800076605 __DUMMY__ 0.04194142775863382	false	0.0
schmutzig	neg 1.0		off 0.5519995039307346 neg 0.4067337947711274 __DUMMY__ 0.041266701298137996	false	0.5
sexy	neg 1.0		off 0.5512424332921935 neg 0.40720153231239287 __DUMMY__ 0.04155603439541368	false	0.5
abraten	neg 1.0		off 0.5494849745291291 neg 0.40884956021422925 __DUMMY__ 0.04166546525664173	false	0.5
schwarz	neg 1.0		off 0.5495130281411296 neg 0.4088680041882919 __DUMMY__ 0.04161896767057849	false	0.5
fotze	off 1.0	off 1.0	off 0.7614612959227317 neg 0.21846721675420447 __DUMMY__ 0.02007148732306392	false	1.0
verwirren	neg 1.0		off 0.54924412183574 neg 0.40920240862302254 __DUMMY__ 0.041553469541237405	false	0.5
zahnlos	off 1.0		off 0.5454158434446584 neg 0.4128115905489435 __DUMMY__ 0.04177256600639805	false	1.0
verheeren	neg 1.0		off 0.5614633876519074 neg 0.39787219743404517 __DUMMY__ 0.040664414914047486	false	0.5
hippie	neg 1.0		off 0.5507186060082231 neg 0.4077281732857153 __DUMMY__ 0.041553220706061524	false	0.5
rammen	neg 1.0		off 0.5501846527203839 neg 0.40794737862222097 __DUMMY__ 0.041867968657395276	false	0.5
unlauter	neg 1.0		off 0.5490987467234644 neg 0.40932064489198455 __DUMMY__ 0.04158060838455116	false	0.5
unheilvoll	neg 1.0		off 0.5472230121487774 neg 0.4112225604690688 __DUMMY__ 0.041554427382153855	false	0.5
niedrig	neg 1.0		off 0.5447312884559408 neg 0.4133905856775247 __DUMMY__ 0.041878125866534506	false	0.5
explosion	neg 1.0		off 0.5510768782877956 neg 0.40733119429348885 __DUMMY__ 0.041591927418715556	false	0.5
weichei	off 1.0	off 1.0	off 0.7652811352043867 neg 0.2152911966567827 __DUMMY__ 0.019427668138830605	false	1.0
minusmensch	off 1.0		off 0.5614491263579707 neg 0.3978634631457203 __DUMMY__ 0.04068741049630889	false	1.0
farblos	neg 1.0		off 0.5497180472552639 neg 0.4085409200659526 __DUMMY__ 0.04174103267878355	false	0.5
unwissend	neg 1.0	neg 1.0	neg 0.6875311048906061 off 0.29277028955563983 __DUMMY__ 0.01969860555375411	false	1.0
traurig	neg 1.0		off 0.5540476022935489 neg 0.4047929613229199 __DUMMY__ 0.04115943638353128	false	0.5
senkung	neg 1.0		off 0.5467968283917083 neg 0.4119454432115494 __DUMMY__ 0.0412577283967423	false	0.5
ungleich	neg 1.0	neg 1.0	neg 0.6904456956548691 off 0.28954298530798134 __DUMMY__ 0.020011319037149602	false	1.0
heikel	neg 1.0		off 0.5433586397320017 neg 0.4146642527844619 __DUMMY__ 0.04197710748353651	false	0.5
drosselung	neg 1.0		off 0.5518035218734079 neg 0.4069940815534334 __DUMMY__ 0.041202396573158745	false	0.5
falsch	neg 1.0		off 0.550737058511456 neg 0.40777711811416145 __DUMMY__ 0.04148582337438254	false	0.5
unzufriedenheit	neg 1.0		off 0.5425055439601688 neg 0.41556361674951836 __DUMMY__ 0.041930839290312716	false	0.5
kurz	neg 1.0		off 0.5465801639483142 neg 0.41145286851711016 __DUMMY__ 0.041966967534575454	false	0.5
unsinnig	neg 1.0		off 0.5450643434562852 neg 0.4132729125645259 __DUMMY__ 0.04166274397918899	false	0.5
penner	off 1.0	off 1.0	off 0.7664572385240017 neg 0.21413900335091154 __DUMMY__ 0.01940375812508676	false	1.0
seicht	neg 1.0		off 0.5562184108778899 neg 0.4032902354683112 __DUMMY__ 0.040491353653798814	false	0.5
dummheit	off 1.0	off 1.0	off 0.7617700802652883 neg 0.21847870336285571 __DUMMY__ 0.01975121637185599	false	1.0
unerfreulich	neg 1.0		off 0.5434720162890926 neg 0.414502702500169 __DUMMY__ 0.04202528121073845	false	0.5
motherfucker	off 1.0	off 1.0	off 0.764816255560076 neg 0.2155220765944829 __DUMMY__ 0.01966166784544108	false	1.0
pikiert	neg 1.0		off 0.5504677561708179 neg 0.40826829163460093 __DUMMY__ 0.041263952194581226	false	0.5
wrack	neg 1.0		off 0.5501944954064344 neg 0.4075650093051367 __DUMMY__ 0.04224049528842883	false	0.5
gangster	neg 1.0		off 0.5507410179147492 neg 0.4077334251913419 __DUMMY__ 0.04152555689390891	false	0.5
krank	neg 1.0		off 0.5524507078776711 neg 0.4062361407886098 __DUMMY__ 0.04131315133371905	false	0.5
reich	neg 1.0		off 0.5495291253828484 neg 0.40917284933772907 __DUMMY__ 0.0412980252794226	false	0.5
gnadenlos	neg 1.0		off 0.5485947712497634 neg 0.4096780401674321 __DUMMY__ 0.04172718858280442	false	0.5
niedergeschlagen	neg 1.0		off 0.5460241230928695 neg 0.41201124567892133 __DUMMY__ 0.04196463122820905	false	0.5
terrorisieren	off 1.0	off 1.0	off 0.7593585868993935 neg 0.22060128477962315 __DUMMY__ 0.020040128320983296	false	1.0
sinnlosigkeit	neg 1.0		off 0.5453403774856861 neg 0.41283621761990413 __DUMMY__ 0.04182340489440958	false	0.5
behindern	neg 1.0		off 0.5469004032518304 neg 0.41137693649846313 __DUMMY__ 0.04172266024970643	false	0.5
undemokratisch	neg 1.0		off 0.5482898705128417 neg 0.41021448545151157 __DUMMY__ 0.04149564403564673	false	0.5
wirtschaftskrise	neg 1.0		off 0.5430085556030396 neg 0.41535125796190464 __DUMMY__ 0.04164018643505565	false	0.5
neid	neg 1.0		off 0.5491518152385954 neg 0.4094151693036646 __DUMMY__ 0.04143301545774001	false	0.5
rutschen	neg 1.0		off 0.5412128056212587 neg 0.41635601568916986 __DUMMY__ 0.042431178689571504	false	0.5
rezession	neg 1.0		off 0.5504720308963151 neg 0.4087487995518899 __DUMMY__ 0.04077916955179485	false	0.5
fehlgeburt	neg 1.0		off 0.5496358249211526 neg 0.40850697244066253 __DUMMY__ 0.04185720263818485	false	0.5
charakterschwach	off 1.0		off 0.5508880089489168 neg 0.4078903538056808 __DUMMY__ 0.041221637245402426	false	1.0
isolation	neg 1.0		off 0.5522547583252689 neg 0.40612859154363834 __DUMMY__ 0.041616650131092836	false	0.5
ablenkung	neg 1.0		off 0.5474749482601369 neg 0.4107216710697956 __DUMMY__ 0.04180338067006742	false	0.5
pech	neg 1.0		off 0.550300844083369 neg 0.40830321436729106 __DUMMY__ 0.04139594154933991	false	0.5
vermeidung	neg 1.0		off 0.5520888375364722 neg 0.4066418735664996 __DUMMY__ 0.041269288897028134	false	0.5
dominieren	neg 1.0		off 0.5467941921031035 neg 0.41132219717555246 __DUMMY__ 0.04188361072134408	false	0.5
schwindlig	neg 1.0		off 0.54829998111315 neg 0.41016140495513026 __DUMMY__ 0.04153861393171968	false	0.5
lutscher	neg 1.0		off 0.5590742395676843 neg 0.4004406611038445 __DUMMY__ 0.04048509932847122	false	0.5
pflicht	neg 1.0		off 0.5428383320983664 neg 0.41504623797463 __DUMMY__ 0.042115429927003706	false	0.5
faschist	off 1.0		off 0.5496846095723271 neg 0.40889429690769036 __DUMMY__ 0.04142109351998258	false	1.0
verschleudern	neg 1.0		off 0.5426799827162427 neg 0.4155419422480181 __DUMMY__ 0.04177807503573914	false	0.5
wenn			off 0.5506500106677141 neg 0.4079675197718302 __DUMMY__ 0.041382469560455666	false	0.0
ehebruch	neg 1.0		off 0.5435147783836025 neg 0.4147006701445838 __DUMMY__ 0.04178455147181368	false	0.5
spott	off 1.0		off 0.5452425524064722 neg 0.4128030445844337 __DUMMY__ 0.041954403009094136	false	1.0
trostlosigkeit	neg 1.0		off 0.5406868251674141 neg 0.41739211580638974 __DUMMY__ 0.04192105902619635	false	0.5
lutschen	neg 1.0		off 0.5524231237305225 neg 0.40600434400995095 __DUMMY__ 0.04157253225952667	false	0.5
undiszipliniert	neg 1.0		off 0.5530688702000816 neg 0.4057682063488731 __DUMMY__ 0.04116292345104534	false	0.5
kopfschmerz	neg 1.0		off 0.5421505604643854 neg 0.4161544456780999 __DUMMY__ 0.0416949938575148	false	0.5
unvorhergesehen	neg 1.0		off 0.5443950796975495 neg 0.41341015006331744 __DUMMY__ 0.04219477023913306	false	0.5
desinteressiert	neg 1.0		off 0.5524329661246199 neg 0.4063724391172251 __DUMMY__ 0.041194594758154915	false	0.5
armselig	off 1.0		off 0.55440695508136 neg 0.40451762294099597 __DUMMY__ 0.041075421977644064	false	1.0
desaster	neg 1.0		off 0.5408005222751807 neg 0.41718930517730746 __DUMMY__ 0.0420101725475118	false	0.5
tod	neg 1.0		off 0.5447347710306693 neg 0.41328833905479073 __DUMMY__ 0.0419768899145401	false	0.5
herzlos	neg 1.0		off 0.5538706370268598 neg 0.4050334583709726 __DUMMY__ 0.04109590460216771	false	0.5
unwissenheit	neg 1.0		off 0.5448601332575796 neg 0.4133178574438025 __DUMMY__ 0.041822009298617804	false	0.5
widersinnig	neg 1.0		off 0.544689044402722 neg 0.4137016478101518 __DUMMY__ 0.04160930778712616	false	0.5
bedenklich	neg 1.0		off 0.5438020062927912 neg 0.4143541261926723 __DUMMY__ 0.041843867514536455	false	0.5
beanstanden	neg 1.0		off 0.5443013950900255 neg 0.41354517045529243 __DUMMY__ 0.04215343445468203	false	0.5
panisch	neg 1.0		off 0.5498466687146574 neg 0.4084486830491007 __DUMMY__ 0.04170464823624194	false	0.5
debil	off 1.0		off 0.5397960650997057 neg 0.4176467126331716 __DUMMY__ 0.04255722226712266	false	1.0
abstrich	neg 1.0		off 0.5491454246730018 neg 0.4088325790358726 __DUMMY__ 0.0420219962911255	false	0.5
primitiv	neg 1.0		off 0.5524374808578397 neg 0.406379897585882 __DUMMY__ 0.04118262155627823	false	0.5
abschaum	off 1.0	off 1.0	off 0.7639007695242072 neg 0.2163545866732205 __DUMMY__ 0.01974464380257237	false	1.0
provozieren	neg 1.0		off 0.5472731705416445 neg 0.4111182811102606 __DUMMY__ 0.04160854834809489	false	0.5
tot	neg 1.0		off 0.5469040852445032 neg 0.41116107697118015 __DUMMY__ 0.04193483778431672	false	0.5
instabil	neg 1.0		off 0.5545886517215806 neg 0.4043856735674816 __DUMMY__ 0.0410256747109378	false	0.5
schwuchtel	off 1.0	off 1.0	off 0.7699677549109443 neg 0.21085414107971814 __DUMMY__ 0.01917810400933758	false	1.0
zerren	neg 1.0		off 0.5457495775403367 neg 0.4122935201219469 __DUMMY__ 0.0419569023377163	false	0.5
kinderficker	off 1.0		off 0.5564568218804098 neg 0.40261360304110216 __DUMMY__ 0.04092957507848793	false	1.0
gefahr	neg 1.0		off 0.5441372890355859 neg 0.4137099345791566 __DUMMY__ 0.042152776385257704	false	0.5
rabiat	neg 1.0		off 0.5454640017511461 neg 0.4128500970438809 __DUMMY__ 0.041685901204973015	false	0.5
verlangsamung	neg 1.0		off 0.5578996418734471 neg 0.4012938874600607 __DUMMY__ 0.04080647066649228	false	0.5
ausgestorben	neg 1.0		off 0.5463114201172752 neg 0.411872197605469 __DUMMY__ 0.041816382277255676	false	0.5
anklagen	neg 1.0		off 0.5454820980573697 neg 0.41274441061373096 __DUMMY__ 0.04177349132889933	false	0.5
trott	neg 1.0		off 0.5477776294419431 neg 0.4104470858010789 __DUMMY__ 0.041775284756977976	false	0.5
verminderung	neg 1.0		off 0.5517413530004789 neg 0.4070258016684449 __DUMMY__ 0.04123284533107629	false	0.5
nach			off 0.5410849385273324 neg 0.4163289398206443 __DUMMY__ 0.042586121652023363	false	0.0
rost	neg 1.0		off 0.5605652153354803 neg 0.39855477510185183 __DUMMY__ 0.040880009562667914	false	0.5
destruktiv	neg 1.0		off 0.5456965935389881 neg 0.4126893769280671 __DUMMY__ 0.04161402953294471	false	0.5
unzumutbarkeit	neg 1.0		off 0.5551169827026127 neg 0.4033592945120548 __DUMMY__ 0.041523722785332506	false	0.5
labil	off 1.0	off 1.0	off 0.76342476038298 neg 0.21682616477961078 __DUMMY__ 0.01974907483740924	false	1.0
ziemlich	neg 1.0		off 0.5525544546340015 neg 0.40602629912379 __DUMMY__ 0.041419246242208406	false	0.5
lachnummer	off 1.0		off 0.547499298368542 neg 0.410801851464558 __DUMMY__ 0.04169885016689984	false	1.0
oder			off 0.5487275509826638 neg 0.4094724211697868 __DUMMY__ 0.04180002784754933	false	0.0
verfall	neg 1.0		off 0.5392269371354887 neg 0.4186399613287385 __DUMMY__ 0.042133101535772835	false	0.5
ausgrenzung	neg 1.0		off 0.5484647243792911 neg 0.4100189576881004 __DUMMY__ 0.04151631793260853	false	0.5
unordnung	neg 1.0		off 0.5579267217630886 neg 0.4008391106979341 __DUMMY__ 0.0412341675389774	false	0.5
fehlverhalten	neg 1.0		off 0.543701049997207 neg 0.41434209376290126 __DUMMY__ 0.041956856239891704	false	0.5
eine			off 0.5423869371300466 neg 0.4155001157061895 __DUMMY__ 0.04211294716376394	false	0.0
nille	neg 1.0		off 0.54834016297683 neg 0.40988155035681195 __DUMMY__ 0.04177828666635813	false	0.5
qual	neg 1.0		off 0.5473530560969069 neg 0.4108648344248134 __DUMMY__ 0.04178210947827977	false	0.5
verschwenden	neg 1.0		off 0.5426583729927634 neg 0.41545052750271805 __DUMMY__ 0.04189109950451851	false	0.5
riesig	neg 1.0		off 0.5465283815126243 neg 0.41133324081089206 __DUMMY__ 0.04213837767648361	false	0.5
verurteilen	neg 1.0		off 0.5448017613147683 neg 0.4134377124303814 __DUMMY__ 0.04176052625485031	false	0.5
klischee	neg 1.0	neg 1.0	neg 0.6879031620136568 off 0.2923638710749267 __DUMMY__ 0.019732966911416596	false	1.0
diktatorisch	neg 1.0		off 0.5476663422050669 neg 0.41090422071870564 __DUMMY__ 0.04142943707622734	false	0.5
vorhersehbar	neg 1.0		off 0.5481133866056896 neg 0.41050454125744107 __DUMMY__ 0.04138207213686934	false	0.5
sowie			off 0.5547678322588561 neg 0.4043723473886391 __DUMMY__ 0.04085982035250484	false	0.0
stornieren	neg 1.0		off 0.5550619619758641 neg 0.4029255867236618 __DUMMY__ 0.04201245130047408	false	0.5
besteuerung	neg 1.0	neg 1.0	neg 0.6902013140631292 off 0.2900678224173468 __DUMMY__ 0.019730863519523974	false	1.0
ungeschminkt	neg 1.0		off 0.5538487630363377 neg 0.4048838552479836 __DUMMY__ 0.04126738171567869	false	0.5
kritisch	neg 1.0		off 0.545300616277207 neg 0.4128316304528329 __DUMMY__ 0.04186775326996002	false	0.5
schlamperei	off 1.0		off 0.5446179930474275 neg 0.41341650078988945 __DUMMY__ 0.041965506162683	false	1.0
sucht	neg 1.0	neg 1.0	neg 0.6862750293616585 off 0.29369921967018303 __DUMMY__ 0.02002575096815845	false	1.0
egoistisch	off 1.0	off 1.0	off 0.7661964954937157 neg 0.21427249210592159 __DUMMY__ 0.01953101240036267	false	1.0
ausbeuter	off 1.0		off 0.5419054934936903 neg 0.4162705866328544 __DUMMY__ 0.04182391987345531	false	1.0
arschgeburt	off 1.0		off 0.5638128315832522 neg 0.3958303553595295 __DUMMY__ 0.04035681305721837	false	1.0
schubs	neg 1.0		off 0.5441575409064914 neg 0.41401337230418145 __DUMMY__ 0.04182908678932715	false	0.5
unsolide	neg 1.0		off 0.5492010577120597 neg 0.409305740574059 __DUMMY__ 0.041493201713881205	false	0.5
beschwerde	neg 1.0		off 0.5462689860187675 neg 0.41183377357896334 __DUMMY__ 0.041897240402269255	false	0.5
stocken	neg 1.0		off 0.5454693319500258 neg 0.412563711223595 __DUMMY__ 0.04196695682637936	false	0.5
isolieren	neg 1.0		off 0.5462986411833778 neg 0.4118096834792932 __DUMMY__ 0.04189167533732919	false	0.5
unheilbar	neg 1.0		off 0.5460886371809518 neg 0.4122933621859956 __DUMMY__ 0.041618000633052495	false	0.5
pisser	off 1.0	off 1.0	off 0.7661213688471395 neg 0.21418086644348228 __DUMMY__ 0.01969776470937814	false	1.0
löschen	neg 1.0		off 0.5484118608964843 neg 0.40984646044382306 __DUMMY__ 0.04174167865969258	false	0.5
durchfallen	neg 1.0		off 0.5449269468979548 neg 0.41321250655049313 __DUMMY__ 0.041860546551552046	false	0.5
wichser	off 1.0	off 1.0	off 0.7677322675286725 neg 0.21298014301319831 __DUMMY__ 0.019287589458129185	false	1.0
terror	neg 1.0		off 0.5511646079515091 neg 0.4072293239971481 __DUMMY__ 0.041606068051342704	false	0.5
krass	neg 1.0		off 0.5557203310605552 neg 0.4032710927892245 __DUMMY__ 0.04100857615022036	false	0.5
revolte	neg 1.0		off 0.5469793710541042 neg 0.41184477866297814 __DUMMY__ 0.04117585028291767	false	0.5
besorgt	neg 1.0		off 0.5474384081217736 neg 0.41053734618911003 __DUMMY__ 0.04202424568911636	false	0.5
nachlassen	neg 1.0		off 0.5458246138865797 neg 0.41217111682521346 __DUMMY__ 0.0420042692882069	false	0.5
alt	neg 1.0		off 0.5413590592918344 neg 0.4170206729443777 __DUMMY__ 0.04162026776378794	false	0.5
hundesohn	off 1.0	off 1.0	off 0.768681932855973 neg 0.21188333620746858 __DUMMY__ 0.019434730936558366	false	1.0
als			off 0.5449209655238861 neg 0.4132791099308973 __DUMMY__ 0.04179992454521659	false	0.0
abschreckung	neg 1.0		off 0.54270248248274 neg 0.4153225164214619 __DUMMY__ 0.04197500109579798	false	0.5
unqualifiziert	neg 1.0		off 0.5504267815578892 neg 0.40816950844795497 __DUMMY__ 0.041403709994155956	false	0.5
abgewichst	off 1.0		off 0.5482357855419525 neg 0.40990776037819193 __DUMMY__ 0.04185645407985544	false	1.0
schwer	neg 1.0		off 0.5460833145491322 neg 0.4122011878594253 __DUMMY__ 0.04171549759144245	false	0.5
bedeutungslosigkeit	neg 1.0		off 0.5431395131184434 neg 0.4149116363818204 __DUMMY__ 0.04194885049973625	false	0.5
kapitulation	neg 1.0		off 0.5429932981036636 neg 0.4153116805457098 __DUMMY__ 0.041695021350626735	false	0.5
unscharf	neg 1.0		off 0.5460028438463154 neg 0.41271565198965426 __DUMMY__ 0.04128150416403045	false	0.5
schwinden	neg 1.0		off 0.5431372690240391 neg 0.4149430675357139 __DUMMY__ 0.041919663440246904	false	0.5
versklavung	neg 1.0	neg 1.0	neg 0.6889378790560398 off 0.29127032691553534 __DUMMY__ 0.019791794028424806	false	1.0
schlecht	neg 1.0		off 0.552914332848849 neg 0.4056479453803624 __DUMMY__ 0.041437721770788576	false	0.5
verhasst	neg 1.0		off 0.5476087279370748 neg 0.4108469882248106 __DUMMY__ 0.041544283838114704	false	0.5
beschweren	neg 1.0		off 0.549561138650838 neg 0.40875902505517614 __DUMMY__ 0.0416798362939858	false	0.5
scheiden	neg 1.0		off 0.5475481505395597 neg 0.4107247675286635 __DUMMY__ 0.04172708193177679	false	0.5
frustriert	neg 1.0		off 0.5461928881984178 neg 0.4119728347154215 __DUMMY__ 0.04183427708616073	false	0.5
schimmelig	neg 1.0		off 0.544101771671431 neg 0.41410825185248407 __DUMMY__ 0.04178997647608489	false	0.5
fisch	neg 1.0		off 0.5400064271039138 neg 0.4181405462163209 __DUMMY__ 0.041853026679765294	false	0.5
schmuggel	neg 1.0		off 0.543913266935049 neg 0.41386915565257615 __DUMMY__ 0.04221757741237477	false	0.5
auffallen	neg 1.0		off 0.5492368649557585 neg 0.4091764829128868 __DUMMY__ 0.041586652131354866	false	0.5
konkurrenz	neg 1.0		off 0.5444889057689364 neg 0.41338304764314565 __DUMMY__ 0.042128046587917974	false	0.5
teufelskreis	neg 1.0	neg 1.0	neg 0.6905945675679845 off 0.289571003994761 __DUMMY__ 0.01983442843725445	false	1.0
aufschreien	neg 1.0		off 0.5485601515514583 neg 0.4100001365162614 __DUMMY__ 0.04143971193228036	false	0.5
schuldner	neg 1.0		off 0.5416577610508518 neg 0.4165326693724015 __DUMMY__ 0.04180956957674672	false	0.5
missgeburt	off 1.0	off 1.0	off 0.7689282266223668 neg 0.2114995697736358 __DUMMY__ 0.019572203603997362	false	1.0
arbeitslos	neg 1.0		off 0.544941165321724 neg 0.4131846457021112 __DUMMY__ 0.041874188976164774	false	0.5
befallen	neg 1.0		off 0.5455117118497591 neg 0.412815183134717 __DUMMY__ 0.04167310501552389	false	0.5
miesepetrig	off 1.0	off 1.0	off 0.7631102504810081 neg 0.21717311649083787 __DUMMY__ 0.01971663302815396	false	1.0
alarmieren	neg 1.0		off 0.5515297717325077 neg 0.40703819500208094 __DUMMY__ 0.041432033265411346	false	0.5
ungeduscht	off 1.0		off 0.5503499895117734 neg 0.408287967516789 __DUMMY__ 0.041362042971437654	false	1.0
knappheit	neg 1.0		off 0.5441174659990142 neg 0.41416203473437413 __DUMMY__ 0.04172049926661149	false	0.5
schlange	neg 1.0		off 0.548569016508166 neg 0.4096361393797108 __DUMMY__ 0.04179484411212327	false	0.5
harsch	neg 1.0		off 0.5592544720744991 neg 0.3993514511210955 __DUMMY__ 0.041394076804405426	false	0.5
lang	neg 1.0		off 0.549081748349313 neg 0.4092162310103471 __DUMMY__ 0.041702020640340016	false	0.5
ziellos	neg 1.0		off 0.5447005837127112 neg 0.41323620158058105 __DUMMY__ 0.04206321470670778	false	0.5
selbstverliebt	neg 1.0		off 0.5614763190940323 neg 0.39796414308597367 __DUMMY__ 0.04055953781999395	false	0.5
beseitigen	neg 1.0		off 0.5513882274630253 neg 0.4065313379373126 __DUMMY__ 0.04208043459966221	false	0.5
dumm	off 1.0		off 0.5566687118029319 neg 0.40250238403576655 __DUMMY__ 0.0408289041613015	false	1.0
arbeitsloser	neg 1.0		off 0.5471401719332164 neg 0.4107969713193108 __DUMMY__ 0.042062856747472704	false	0.5
blitzen	neg 1.0		off 0.5504129111793302 neg 0.40814012034076247 __DUMMY__ 0.04144696847990724	false	0.5
hilflos	neg 1.0		off 0.5449468072644585 neg 0.4131957898045034 __DUMMY__ 0.04185740293103791	false	0.5
eklig	off 1.0		off 0.5561118108103219 neg 0.4031825761786196 __DUMMY__ 0.04070561301105859	false	1.0
begriff			off 0.5463235640716008 neg 0.4119669702876188 __DUMMY__ 0.041709465640780506	false	0.0
hungersnot	neg 1.0		off 0.5429065758708144 neg 0.4154747063012904 __DUMMY__ 0.041618717827895245	false	0.5
ungesetzlich	neg 1.0		off 0.5480095298198334 neg 0.41052844224495383 __DUMMY__ 0.04146202793521279	false	0.5
verschwendung	neg 1.0		off 0.5431475358956827 neg 0.4149024583750999 __DUMMY__ 0.04195000572921742	false	0.5
schmerzvoll	neg 1.0		off 0.5476435146669447 neg 0.4107965164134501 __DUMMY__ 0.041559968919605034	false	0.5
vorzeitig	neg 1.0		off 0.5531865115021303 neg 0.40528917487877164 __DUMMY__ 0.04152431361909798	false	0.5
unvollkommenheit	neg 1.0		off 0.5461997215223954 neg 0.41197993387392395 __DUMMY__ 0.04182034460368072	false	0.5
intervenieren	neg 1.0		off 0.5426747425158185 neg 0.4155206299702721 __DUMMY__ 0.04180462751390924	false	0.5
banause	off 1.0		off 0.5556936425415107 neg 0.403855568782893 __DUMMY__ 0.04045078867559623	false	1.0
rebell	neg 1.0		off 0.5405760211032206 neg 0.4172657738552838 __DUMMY__ 0.042158205041495665	false	0.5
unlogisch	neg 1.0		off 0.5534832147717028 neg 0.4053882450943372 __DUMMY__ 0.0411285401339599	false	0.5
leiden	neg 1.0		off 0.5446077167185149 neg 0.4131676995721411 __DUMMY__ 0.042224583709343996	false	0.5
abschaffung	neg 1.0		off 0.547223959885886 neg 0.4112308242339936 __DUMMY__ 0.04154521588012037	false	0.5
sturz	neg 1.0		off 0.5528411907195241 neg 0.40524000987608255 __DUMMY__ 0.041918799404393255	false	0.5
verkleinerung	neg 1.0		off 0.5491078745150293 neg 0.4096193904716656 __DUMMY__ 0.041272735013305105	false	0.5
schmarotzer	off 1.0		off 0.5450379992264708 neg 0.4132023754176229 __DUMMY__ 0.0417596253559065	false	1.0
bestrafung	neg 1.0	neg 1.0	neg 0.6884211731681219 off 0.2916579771975824 __DUMMY__ 0.019920849634295527	false	1.0
achtlos	neg 1.0		off 0.5463309997281078 neg 0.4118271363911045 __DUMMY__ 0.041841863880787505	false	0.5
ungeheuer	neg 1.0		off 0.5466503381262693 neg 0.4117572287803814 __DUMMY__ 0.0415924330933492	false	0.5
unaufrichtig	neg 1.0		off 0.5513790801857824 neg 0.4071403427667601 __DUMMY__ 0.0414805770474575	false	0.5
groggy	neg 1.0		off 0.5513851663550721 neg 0.40697933140466436 __DUMMY__ 0.04163550224026364	false	0.5
verletzlich	neg 1.0		off 0.5490359726151472 neg 0.4098321162875539 __DUMMY__ 0.041131911097298746	false	0.5
