unsolidarisch	neg 1.0		off 0.3832746611014701 __DUMMY__ 0.32719404915782685 neg 0.28953128974070297	false	0.5
nachteilig	neg 1.0		off 0.3812391303957307 __DUMMY__ 0.3319665466090263 neg 0.2867943229952431	false	0.5
skeptisch	neg 1.0		off 0.37867648942035437 __DUMMY__ 0.33120168801722005 neg 0.29012182256242547	false	0.5
schrecklich	neg 1.0		off 0.3925101640186212 __DUMMY__ 0.3244109491366697 neg 0.2830788868447092	false	0.5
schlapp	neg 1.0	neg 1.0	neg 0.6278620575810819 off 0.2147948455407477 __DUMMY__ 0.1573430968781703	false	1.0
abfall	neg 1.0		off 0.376064453697967 __DUMMY__ 0.3332389719934498 neg 0.2906965743085831	false	0.5
widerspenstig	neg 1.0		off 0.382265258643016 __DUMMY__ 0.32853967010874047 neg 0.2891950712482437	false	0.5
abrupt	neg 1.0		off 0.3779546658891888 __DUMMY__ 0.33096253436251905 neg 0.29108279974829226	false	0.5
unwirksam	neg 1.0		off 0.382162734742987 __DUMMY__ 0.32638440957722054 neg 0.29145285567979246	false	0.5
angreifen	neg 1.0		off 0.37799533899071225 __DUMMY__ 0.3314014787099369 neg 0.2906031822993509	false	0.5
inkonsistent	neg 1.0		off 0.3856030318457796 __DUMMY__ 0.3268727075007217 neg 0.28752426065349873	false	0.5
abrutschen	neg 1.0		off 0.37528552878844473 __DUMMY__ 0.3329061237070891 neg 0.2918083475044662	false	0.5
unsicher	neg 1.0		off 0.3836837783728131 __DUMMY__ 0.3295445428900936 neg 0.28677167873709336	false	0.5
bauernkind	off 1.0	off 1.0	off 0.6875722189436708 neg 0.157322271824156 __DUMMY__ 0.15510550923217323	false	1.0
angreifer	neg 1.0		off 0.38912950478933245 __DUMMY__ 0.3291969715022874 neg 0.2816735237083803	false	0.5
trennen	neg 1.0		off 0.3783466243067647 __DUMMY__ 0.3321529263397844 neg 0.28950044935345076	false	0.5
schmutz	neg 1.0		off 0.3907937030476415 __DUMMY__ 0.3319738025544594 neg 0.2772324943978991	false	0.5
inkonsistenz	neg 1.0		off 0.38819432684980154 __DUMMY__ 0.3263023450728216 neg 0.28550332807737683	false	0.5
erschreckend	neg 1.0		off 0.3825222387992856 __DUMMY__ 0.32921514664941565 neg 0.28826261455129876	false	0.5
ertrinken	neg 1.0		off 0.37708716996461067 __DUMMY__ 0.3310700548187812 neg 0.2918427752166082	false	0.5
pickelface	off 1.0		off 0.38496707418427123 __DUMMY__ 0.3295662417666818 neg 0.285466684049047	false	1.0
seiner			off 0.3789797851245452 __DUMMY__ 0.33186015856840406 neg 0.2891600563070507	false	0.0
lauch	neg 1.0	neg 1.0	neg 0.6302452771813661 off 0.20834879314882962 __DUMMY__ 0.16140592966980427	false	1.0
unwichtig	neg 1.0		off 0.3881914899579221 __DUMMY__ 0.32637739589347037 neg 0.2854311141486076	false	0.5
steuerhinterziehung	neg 1.0		off 0.3817720174718413 __DUMMY__ 0.32813307952867216 neg 0.2900949029994865	false	0.5
schock	neg 1.0		off 0.38199559785655474 __DUMMY__ 0.3300488801281212 neg 0.287955522015324	false	0.5
beule	neg 1.0		off 0.39043087330716525 __DUMMY__ 0.32497702052287797 neg 0.2845921061699569	false	0.5
vergelten	neg 1.0		off 0.39462955374882924 __DUMMY__ 0.3250332776537861 neg 0.2803371685973847	false	0.5
verdorbenheit	neg 1.0		off 0.3863156356658218 __DUMMY__ 0.32997790226123713 neg 0.2837064620729411	false	0.5
trauma	neg 1.0		off 0.3849052653106204 __DUMMY__ 0.3282286538779246 neg 0.28686608081145487	false	0.5
sinnlos	neg 1.0		off 0.385595613418413 __DUMMY__ 0.3282008695544292 neg 0.2862035170271578	false	0.5
fettsack	off 1.0	off 1.0	off 0.6888230230930766 neg 0.15583270478181646 __DUMMY__ 0.15534427212510696	false	1.0
feige	off 1.0	off 1.0	off 0.6850637912274099 neg 0.15796055264350764 __DUMMY__ 0.1569756561290825	false	1.0
abdanken	neg 1.0		off 0.38334099637472335 __DUMMY__ 0.32943824403905214 neg 0.2872207595862244	false	0.5
wichtigtuer	off 1.0	off 1.0	off 0.6834929185191635 neg 0.1583390976803794 __DUMMY__ 0.15816798380045718	false	1.0
misslingen	neg 1.0		off 0.3875951434227407 __DUMMY__ 0.3309858056588166 neg 0.28141905091844266	false	0.5
untreu	off 1.0		off 0.3894590927388291 __DUMMY__ 0.3257948840483822 neg 0.28474602321278863	false	1.0
missmutig	neg 1.0		off 0.38625807905520093 __DUMMY__ 0.3262926572640588 neg 0.2874492636807402	false	0.5
hurenbock	off 1.0		off 0.3840946413305657 __DUMMY__ 0.3286100411128198 neg 0.28729531755661464	false	1.0
betrunken	neg 1.0		off 0.3913469717089103 __DUMMY__ 0.3248077270370034 neg 0.28384530125408614	false	0.5
korrupt	off 1.0		off 0.3807654395214246 __DUMMY__ 0.3278296431639595 neg 0.2914049173146159	false	1.0
unmut	neg 1.0		off 0.3769586750789816 __DUMMY__ 0.33212405723284594 neg 0.29091726768817244	false	0.5
hackfresse	off 1.0		off 0.3970275860739714 __DUMMY__ 0.32208265514399803 neg 0.28088975878203054	false	1.0
aufblasen	neg 1.0		off 0.3837433578428925 __DUMMY__ 0.3287640912239273 neg 0.2874925509331804	false	0.5
gewaltsam	neg 1.0		off 0.3841126748824233 __DUMMY__ 0.33008386237655973 neg 0.28580346274101703	false	0.5
unbeliebtheit	neg 1.0		off 0.39038926857912987 __DUMMY__ 0.3264670480945729 neg 0.2831436833262972	false	0.5
sturheit	neg 1.0		off 0.3828540096173874 __DUMMY__ 0.32971027007155457 neg 0.28743572031105813	false	0.5
kuh	neg 1.0		off 0.3843781402929159 __DUMMY__ 0.3245408133144426 neg 0.29108104639264143	false	0.5
erschrecken	neg 1.0		off 0.3876913465827308 __DUMMY__ 0.3272320394192872 neg 0.2850766139979819	false	0.5
opfer	neg 1.0		off 0.38046331943276035 __DUMMY__ 0.3311084684020912 neg 0.2884282121651486	false	0.5
sinken	neg 1.0		off 0.3770811215958027 __DUMMY__ 0.3313150203641372 neg 0.29160385804006017	false	0.5
stinktier	neg 1.0		off 0.3932957111194844 __DUMMY__ 0.32136114706342744 neg 0.28534314181708825	false	0.5
tucke	off 1.0		off 0.3980452641556984 __DUMMY__ 0.3196681040302748 neg 0.28228663181402686	false	1.0
ein			off 0.38176186081104246 __DUMMY__ 0.3284078783648667 neg 0.2898302608240909	false	0.0
abstieg	neg 1.0		off 0.38302708890494475 __DUMMY__ 0.33183922620843953 neg 0.2851336848866159	false	0.5
missverstehen	neg 1.0		off 0.38606690894039175 __DUMMY__ 0.3273256963146166 neg 0.2866073947449916	false	0.5
ergebnislos	neg 1.0		off 0.38107394068213857 __DUMMY__ 0.33203126951453193 neg 0.2868947898033295	false	0.5
unter			off 0.3727775936028635 __DUMMY__ 0.3361582594845095 neg 0.29106414691262716	false	0.0
manipulieren	neg 1.0		off 0.3794384965874643 __DUMMY__ 0.33142309214946986 neg 0.2891384112630658	false	0.5
unbewiesen	neg 1.0		off 0.3842902187145892 __DUMMY__ 0.3278918353353303 neg 0.2878179459500805	false	0.5
verschleppen	neg 1.0		off 0.38025920924290957 __DUMMY__ 0.32964234844573664 neg 0.2900984423113537	false	0.5
weib	off 1.0		off 0.3992178736426067 __DUMMY__ 0.3208855823914942 neg 0.27989654396589914	false	1.0
opposition	neg 1.0		off 0.38464039862430666 __DUMMY__ 0.32742043262762877 neg 0.2879391687480646	false	0.5
verkehrswidrig	neg 1.0		off 0.39700593338900986 __DUMMY__ 0.3265617245987611 neg 0.2764323420122291	false	0.5
inkorrekt	neg 1.0		off 0.3918109312499706 __DUMMY__ 0.32393610277553453 neg 0.2842529659744948	false	0.5
vermeiden	neg 1.0		off 0.37610325346107115 __DUMMY__ 0.3343590150629149 neg 0.289537731476014	false	0.5
abweichung	neg 1.0		off 0.38224205253212035 __DUMMY__ 0.33105833449977823 neg 0.2866996129681015	false	0.5
alkoholisiert	neg 1.0		off 0.3823810581952906 __DUMMY__ 0.3350638005567784 neg 0.282555141247931	false	0.5
scheiss	off 1.0	off 1.0	off 0.6860720200626896 neg 0.15723524919411055 __DUMMY__ 0.15669273074319987	false	1.0
herausforderung	neg 1.0		off 0.3813532089526287 __DUMMY__ 0.3305902341442871 neg 0.28805655690308407	false	0.5
pervers	off 1.0		off 0.40131952295059653 __DUMMY__ 0.3196158440008409 neg 0.27906463304856244	false	1.0
wackelig	neg 1.0		off 0.3813111245432904 __DUMMY__ 0.3307823324731587 neg 0.28790654298355095	false	0.5
verwickeln	neg 1.0		off 0.3851864392137515 __DUMMY__ 0.3277838641544743 neg 0.28702969663177424	false	0.5
vorwand	neg 1.0		off 0.3777433957293825 __DUMMY__ 0.33169705311152564 neg 0.29055955115909177	false	0.5
muschi	off 1.0		off 0.38431455504638273 __DUMMY__ 0.3305417265772019 neg 0.2851437183764154	false	1.0
entmutigung	neg 1.0		off 0.3844253442984286 __DUMMY__ 0.3258987999736006 neg 0.28967585572797083	false	0.5
unangemessen	neg 1.0		off 0.3821423379750407 __DUMMY__ 0.3294281735970204 neg 0.28842948842793886	false	0.5
unstetig	neg 1.0		off 0.3885744010934309 __DUMMY__ 0.327790452631251 neg 0.28363514627531805	false	0.5
entmutigen	neg 1.0		off 0.38357780886763304 __DUMMY__ 0.3277221091103352 neg 0.2887000820220317	false	0.5
schwanz	neg 1.0		off 0.3820564824689892 __DUMMY__ 0.33122903358795036 neg 0.2867144839430604	false	0.5
verbot	neg 1.0		off 0.38156348784149485 __DUMMY__ 0.32911918162575876 neg 0.28931733053274644	false	0.5
leid	neg 1.0		off 0.3940659741972758 __DUMMY__ 0.3234475312113965 neg 0.28248649459132774	false	0.5
archaisch	neg 1.0		off 0.3816338639632659 __DUMMY__ 0.32928256885311646 neg 0.2890835671836176	false	0.5
gegen			off 0.3782500480079082 __DUMMY__ 0.33280684925283466 neg 0.2889431027392572	false	0.0
scheidung	neg 1.0		off 0.4079055146167605 __DUMMY__ 0.32143162323533664 neg 0.2706628621479029	false	0.5
einschlag	neg 1.0		off 0.39471887016954965 __DUMMY__ 0.32619280220750296 neg 0.27908832762294733	false	0.5
m			off 0.3820338223210326 __DUMMY__ 0.330694765375286 neg 0.28727141230368136	false	0.0
abgestanden	neg 1.0		off 0.38119993015393006 __DUMMY__ 0.3260783329155304 neg 0.2927217369305395	false	0.5
schmierig	off 1.0		off 0.39351396225806323 __DUMMY__ 0.3233890292444259 neg 0.2830970084975109	false	1.0
unpraktisch	neg 1.0		off 0.38535244507559846 __DUMMY__ 0.32880640632119656 neg 0.28584114860320486	false	0.5
wixxer	off 1.0		off 0.40139358067388414 __DUMMY__ 0.3190525226667317 neg 0.2795538966593843	false	1.0
bezeichnet			off 0.38406813272736084 __DUMMY__ 0.3291681007281166 neg 0.28676376654452246	false	0.0
jammerlappen	off 1.0		off 0.3884885170945676 __DUMMY__ 0.3262900057809543 neg 0.28522147712447815	false	1.0
farce	neg 1.0		off 0.3829009454185343 __DUMMY__ 0.3280502719720043 neg 0.2890487826094613	false	0.5
zwecklos	neg 1.0		off 0.3808506814138992 __DUMMY__ 0.3295474075316965 neg 0.28960191105440436	false	0.5
turbulent	neg 1.0		off 0.3915911908797444 __DUMMY__ 0.3258446164743396 neg 0.282564192645916	false	0.5
invasion	neg 1.0		off 0.3864457439289141 __DUMMY__ 0.3279018958103871 neg 0.28565236026069873	false	0.5
schuld	neg 1.0		off 0.3846427863510981 __DUMMY__ 0.32831715427317787 neg 0.28704005937572397	false	0.5
risiko	neg 1.0		off 0.385892545412577 __DUMMY__ 0.3279045742805294 neg 0.28620288030689356	false	0.5
finster	neg 1.0		off 0.38208942584341715 __DUMMY__ 0.3278846911871003 neg 0.2900258829694825	false	0.5
geisteskrank	off 1.0		off 0.39069216765275744 __DUMMY__ 0.32468297975937 neg 0.2846248525878725	false	1.0
zusammenbrechen	neg 1.0		off 0.3811641947501885 __DUMMY__ 0.3296059448564305 neg 0.2892298603933811	false	0.5
ausbeute	neg 1.0		off 0.38335275428757853 __DUMMY__ 0.33059639588878725 neg 0.2860508498236343	false	0.5
hinterhalt	neg 1.0		off 0.38246798219011463 __DUMMY__ 0.32987604060036585 neg 0.2876559772095194	false	0.5
kritik	neg 1.0		off 0.3823983065841557 __DUMMY__ 0.3279565110440217 neg 0.2896451823718226	false	0.5
einschrumpfen	neg 1.0		off 0.3883880002801563 __DUMMY__ 0.325653057440617 neg 0.28595894227922675	false	0.5
riskant	neg 1.0		off 0.37887391594042186 __DUMMY__ 0.3310322818269887 neg 0.2900938022325895	false	0.5
frustrieren	neg 1.0		off 0.379437333073396 __DUMMY__ 0.3302593426978737 neg 0.29030332422873034	false	0.5
groll	neg 1.0		off 0.3816396916706338 __DUMMY__ 0.33006193361261077 neg 0.2882983747167554	false	0.5
gibt			off 0.381184830059256 __DUMMY__ 0.33030046657438866 neg 0.28851470336635526	false	0.0
qualvoll	neg 1.0		off 0.3853341658314077 __DUMMY__ 0.327636645154684 neg 0.2870291890139082	false	0.5
wackeln	neg 1.0		off 0.3835191093035179 __DUMMY__ 0.3293958887092147 neg 0.28708500198726733	false	0.5
klagen	neg 1.0		off 0.37788187184594196 __DUMMY__ 0.3314274767685564 neg 0.2906906513855017	false	0.5
bankrott	neg 1.0		off 0.3894228250167891 __DUMMY__ 0.3279777792908798 neg 0.28259939569233106	false	0.5
trauern	neg 1.0		off 0.38048047581894706 __DUMMY__ 0.33265131211861626 neg 0.28686821206243657	false	0.5
ablehnung	neg 1.0		off 0.38238417233558175 __DUMMY__ 0.32886428450577093 neg 0.2887515431586473	false	0.5
stur	neg 1.0		off 0.384243326944313 __DUMMY__ 0.32789264542408353 neg 0.28786402763160346	false	0.5
aufruhr	neg 1.0		off 0.3827224484077711 __DUMMY__ 0.3279040366272989 neg 0.2893735149649301	false	0.5
melancholie	neg 1.0		off 0.3776811790214538 __DUMMY__ 0.3301374790809475 neg 0.2921813418975986	false	0.5
ist			off 0.3851835578002017 __DUMMY__ 0.3281607471034783 neg 0.28665569509632005	false	0.0
torheit	neg 1.0		off 0.38446435263276924 __DUMMY__ 0.32793577115773004 neg 0.28759987620950095	false	0.5
dreckskind	off 1.0		off 0.39835019237827596 __DUMMY__ 0.32158661020581514 neg 0.28006319741590885	false	1.0
umtauschen	neg 1.0		off 0.38299998426277965 __DUMMY__ 0.3293663145982079 neg 0.28763370113901243	false	0.5
zum			off 0.3776273349183888 __DUMMY__ 0.3359581773769568 neg 0.2864144877046543	false	0.0
zersetzen	neg 1.0		off 0.37821791728092313 __DUMMY__ 0.33052013198453756 neg 0.29126195073453925	false	0.5
zur			off 0.37633214261518677 __DUMMY__ 0.3344128441610103 neg 0.2892550132238028	false	0.0
frust	neg 1.0		off 0.38087757089414687 __DUMMY__ 0.32970526392875743 neg 0.28941716517709565	false	0.5
unerbittlichkeit	neg 1.0		off 0.37996079401178234 __DUMMY__ 0.33114761314984964 neg 0.2888915928383679	false	0.5
zwei			off 0.37568755116552305 __DUMMY__ 0.33451025029485987 neg 0.28980219853961703	false	0.0
unkorrekt	neg 1.0		off 0.39075796039071786 __DUMMY__ 0.324585540224794 neg 0.2846564993844881	false	0.5
hexe	off 1.0		off 0.38736930830659694 __DUMMY__ 0.32528954869789645 neg 0.28734114299550656	false	1.0
lasch	neg 1.0		off 0.38763245408900526 __DUMMY__ 0.3267166261454604 neg 0.28565091976553436	false	0.5
rivale	neg 1.0		off 0.3932014417789817 __DUMMY__ 0.3249866307652203 neg 0.28181192745579814	false	0.5
mutlos	off 1.0	off 1.0	off 0.6801754119602899 neg 0.16044055899248846 __DUMMY__ 0.1593840290472217	false	1.0
wirr	off 1.0		off 0.39275746439230536 __DUMMY__ 0.323627016651467 neg 0.2836155189562278	false	1.0
jahr			off 0.3811726265218063 __DUMMY__ 0.3337287797733251 neg 0.28509859370486856	false	0.0
wird			off 0.3807719757118367 __DUMMY__ 0.3306995743840341 neg 0.2885284499041292	false	0.0
strafbar	neg 1.0		off 0.3793747881603871 __DUMMY__ 0.3307152396163033 neg 0.2899099722233096	false	0.5
erosion	neg 1.0		off 0.3842103945165423 __DUMMY__ 0.3293538204150109 neg 0.2864357850684467	false	0.5
eingehen	neg 1.0		off 0.378943029747152 __DUMMY__ 0.3300314403090135 neg 0.29102552994383457	false	0.5
faul	off 1.0		off 0.38840596376255027 __DUMMY__ 0.32734918911407146 neg 0.2842448471233781	false	1.0
provisorium	neg 1.0		off 0.3730534700287533 __DUMMY__ 0.336321935022233 neg 0.29062459494901377	false	0.5
schmerzen	neg 1.0		off 0.3812508428285401 __DUMMY__ 0.32848210942787553 neg 0.29026704774358425	false	0.5
schrumpfen	neg 1.0		off 0.37448576057254696 __DUMMY__ 0.33229287216031667 neg 0.2932213672671365	false	0.5
geistlos	off 1.0		off 0.385371637365089 __DUMMY__ 0.3261124117631501 neg 0.28851595087176085	false	1.0
fehlkauf	neg 1.0		off 0.38622716030154114 __DUMMY__ 0.32757839269382616 neg 0.2861944470046327	false	0.5
frustrierend	neg 1.0		off 0.3869894739300317 __DUMMY__ 0.3266859097861372 neg 0.28632461628383105	false	0.5
unzufrieden	neg 1.0		off 0.3810588363136592 __DUMMY__ 0.33006766917535757 neg 0.2888734945109832	false	0.5
verzweifeln	neg 1.0		off 0.38243303881294466 __DUMMY__ 0.32957021452506535 neg 0.28799674666199004	false	0.5
verzweifelt	neg 1.0		off 0.38442537684594386 __DUMMY__ 0.3279984338126511 neg 0.28757618934140505	false	0.5
misstrauensantrag	neg 1.0		off 0.38554053633218405 __DUMMY__ 0.32770439426172515 neg 0.28675506940609086	false	0.5
abfallen	neg 1.0		off 0.38357791599952656 __DUMMY__ 0.3288258700226039 neg 0.2875962139778696	false	0.5
fucker	off 1.0		off 0.39275932483967585 __DUMMY__ 0.32556120048306325 neg 0.28167947467726095	false	1.0
ungezogen	neg 1.0		off 0.3993732865072487 __DUMMY__ 0.32110264496855473 neg 0.27952406852419676	false	0.5
irrsinnig	neg 1.0	neg 1.0	neg 0.6292415204974767 off 0.21228245818613117 __DUMMY__ 0.15847602131639202	false	1.0
unfassbar	neg 1.0		off 0.38962647744485324 __DUMMY__ 0.3260686998481409 neg 0.28430482270700597	false	0.5
hart	neg 1.0		off 0.38936286544454657 __DUMMY__ 0.32488637256904807 neg 0.2857507619864053	false	0.5
widerlich	off 1.0		off 0.3897236532541967 __DUMMY__ 0.3252510393735221 neg 0.2850253073722811	false	1.0
fatal	neg 1.0	neg 1.0	neg 0.6298802226728775 off 0.2127549821511155 __DUMMY__ 0.15736479517600704	false	1.0
bruch	neg 1.0		off 0.3765994239605383 __DUMMY__ 0.33226423112766584 neg 0.2911363449117958	false	0.5
aushungern	neg 1.0		off 0.3813249612757601 __DUMMY__ 0.3286150989257193 neg 0.2900599397985206	false	0.5
anspannung	neg 1.0		off 0.37572787701301746 __DUMMY__ 0.33442936340925444 neg 0.2898427595777282	false	0.5
von			off 0.37923247367978913 __DUMMY__ 0.33273144747664124 neg 0.2880360788435695	false	0.0
kraftlos	neg 1.0		off 0.3803242624150524 __DUMMY__ 0.3300502913761157 neg 0.28962544620883185	false	0.5
vom			off 0.37467881986853757 __DUMMY__ 0.33731199356741426 neg 0.2880091865640481	false	0.0
grenzdebil	off 1.0		off 0.38954809117289796 __DUMMY__ 0.3254238346421608 neg 0.28502807418494125	false	1.0
vor			off 0.3770027301015974 __DUMMY__ 0.33231016351288895 neg 0.2906871063855136	false	0.0
unterwerfen	neg 1.0		off 0.3804154735742116 __DUMMY__ 0.3308221435467116 neg 0.2887623828790768	false	0.5
versenkung	neg 1.0		off 0.3799987001671566 __DUMMY__ 0.33130417745492596 neg 0.28869712237791745	false	0.5
entziehen	neg 1.0		off 0.37771088550880355 __DUMMY__ 0.33180906148217704 neg 0.2904800530090194	false	0.5
finanzkrise	neg 1.0		off 0.3804967154580966 __DUMMY__ 0.3260217691199881 neg 0.29348151542191525	false	0.5
schimpfend	neg 1.0		off 0.3853132295642363 __DUMMY__ 0.32960645995585786 neg 0.28508031047990584	false	0.5
profan	neg 1.0		off 0.3856641904698303 __DUMMY__ 0.3275318883257274 neg 0.2868039212044423	false	0.5
korruption	neg 1.0		off 0.38045542074558003 __DUMMY__ 0.3285330420446457 neg 0.2910115372097742	false	0.5
â			off 0.3810298151461292 __DUMMY__ 0.33058227461136896 neg 0.2883879102425018	false	0.0
schmutzig	neg 1.0		off 0.38981554918401107 __DUMMY__ 0.3255061114120612 neg 0.2846783394039277	false	0.5
sexy	neg 1.0		off 0.3880151269427637 __DUMMY__ 0.3276699610522284 neg 0.28431491200500786	false	0.5
abraten	neg 1.0		off 0.3859150275936752 __DUMMY__ 0.32852181135690545 neg 0.28556316104941926	false	0.5
schwarz	neg 1.0		off 0.38613113146752426 __DUMMY__ 0.3281443244667051 neg 0.2857245440657707	false	0.5
fotze	off 1.0	off 1.0	off 0.6816436031579451 __DUMMY__ 0.16017683635619362 neg 0.15817956048586115	false	1.0
verwirren	neg 1.0		off 0.3861260972907688 __DUMMY__ 0.32765795371608514 neg 0.28621594899314595	false	0.5
zahnlos	off 1.0		off 0.38167947179209494 __DUMMY__ 0.3292982977305681 neg 0.2890222304773369	false	1.0
verheeren	neg 1.0		off 0.4011191453109418 __DUMMY__ 0.32099182111552815 neg 0.2778890335735299	false	0.5
hippie	neg 1.0		off 0.3875341019856934 __DUMMY__ 0.32764378121641863 neg 0.28482211679788805	false	0.5
rammen	neg 1.0		off 0.3857552153568562 __DUMMY__ 0.3301225703773043 neg 0.28412221426583945	false	0.5
unlauter	neg 1.0		off 0.3858693653661519 __DUMMY__ 0.3279012363803504 neg 0.28622939825349764	false	0.5
unheilvoll	neg 1.0		off 0.3841234347465776 __DUMMY__ 0.32771308378443836 neg 0.2881634814689841	false	0.5
niedrig	neg 1.0		off 0.3805417055508633 __DUMMY__ 0.330170597405339 neg 0.2892876970437978	false	0.5
explosion	neg 1.0		off 0.38771622801183747 __DUMMY__ 0.32795472109384727 neg 0.2843290508943153	false	0.5
weichei	off 1.0	off 1.0	off 0.6879239622313571 neg 0.15694987213543918 __DUMMY__ 0.15512616563320358	false	1.0
minusmensch	off 1.0		off 0.4010431086252441 __DUMMY__ 0.32114659731070166 neg 0.27781029406405416	false	1.0
farblos	neg 1.0		off 0.38577376405174624 __DUMMY__ 0.32916750424764807 neg 0.2850587317006057	false	0.5
unwissend	neg 1.0	neg 1.0	neg 0.6283609334145266 off 0.21439627476830997 __DUMMY__ 0.15724279181716347	false	1.0
traurig	neg 1.0		off 0.39217479137542094 __DUMMY__ 0.3246971321348944 neg 0.2831280764896849	false	0.5
senkung	neg 1.0		off 0.38483555921683454 __DUMMY__ 0.3254561035275009 neg 0.2897083372556647	false	0.5
ungleich	neg 1.0	neg 1.0	neg 0.6303090255448991 off 0.20999926055650478 __DUMMY__ 0.1596917138985962	false	1.0
heikel	neg 1.0		off 0.37892839853328597 __DUMMY__ 0.3308514937530753 neg 0.2902201077136388	false	0.5
drosselung	neg 1.0		off 0.3898142604754479 __DUMMY__ 0.3250547710232403 neg 0.28513096850131175	false	0.5
falsch	neg 1.0		off 0.38779557540707316 __DUMMY__ 0.3271537789191335 neg 0.2850506456737933	false	0.5
unzufriedenheit	neg 1.0		off 0.3783010526471372 __DUMMY__ 0.33049844905954345 neg 0.29120049829331934	false	0.5
kurz	neg 1.0		off 0.3820015741389059 __DUMMY__ 0.3307966006608437 neg 0.28720182520025056	false	0.5
unsinnig	neg 1.0		off 0.38173722769619367 __DUMMY__ 0.32847311306072535 neg 0.28978965924308114	false	0.5
penner	off 1.0	off 1.0	off 0.6891978841644815 neg 0.15586752058856573 __DUMMY__ 0.15493459524695286	false	1.0
seicht	neg 1.0		off 0.3967582898485852 __DUMMY__ 0.3196506059944853 neg 0.28359110415692934	false	0.5
dummheit	off 1.0	off 1.0	off 0.6832119655262179 neg 0.15913737080723933 __DUMMY__ 0.15765066366654282	false	1.0
unerfreulich	neg 1.0		off 0.3788439188353809 __DUMMY__ 0.3312259182688457 neg 0.2899301628957735	false	0.5
motherfucker	off 1.0	off 1.0	off 0.6865847328466542 __DUMMY__ 0.15694883564764814 neg 0.15646643150569772	false	1.0
pikiert	neg 1.0		off 0.3883695039006816 __DUMMY__ 0.3254789383471329 neg 0.28615155775218554	false	0.5
wrack	neg 1.0		off 0.38439823487384733 __DUMMY__ 0.3329408085225469 neg 0.2826609566036057	false	0.5
gangster	neg 1.0		off 0.3876518247237874 __DUMMY__ 0.32743684602498485 neg 0.2849113292512278	false	0.5
krank	neg 1.0		off 0.3900439183572052 __DUMMY__ 0.32587401825837475 neg 0.28408206338442005	false	0.5
reich	neg 1.0		off 0.38725917918968683 __DUMMY__ 0.3258231321562678 neg 0.28691768865404543	false	0.5
gnadenlos	neg 1.0		off 0.38487689422965976 __DUMMY__ 0.32896048034424596 neg 0.28616262542609433	false	0.5
niedergeschlagen	neg 1.0		off 0.38148401440911994 __DUMMY__ 0.33078410080783405 neg 0.2877318847830459	false	0.5
terrorisieren	off 1.0	off 1.0	off 0.6797083922598552 neg 0.16037741922741178 __DUMMY__ 0.15991418851273298	false	1.0
sinnlosigkeit	neg 1.0		off 0.3814055975620506 __DUMMY__ 0.32969061507041086 neg 0.2889037873675386	false	0.5
behindern	neg 1.0		off 0.38322363732262626 __DUMMY__ 0.3289353500875311 neg 0.2878410125898426	false	0.5
undemokratisch	neg 1.0		off 0.38546180815087117 __DUMMY__ 0.3272323585253581 neg 0.2873058333237707	false	0.5
wirtschaftskrise	neg 1.0		off 0.37983862382663364 __DUMMY__ 0.32833085233606224 neg 0.2918305238373041	false	0.5
neid	neg 1.0		off 0.3864430717210461 __DUMMY__ 0.3267787147924846 neg 0.2867782134864695	false	0.5
rutschen	neg 1.0		off 0.3751175451904895 __DUMMY__ 0.3343162597632245 neg 0.29056619504628606	false	0.5
rezession	neg 1.0		off 0.3901576889015986 __DUMMY__ 0.32183824754675894 neg 0.2880040635516425	false	0.5
fehlgeburt	neg 1.0		off 0.38526748823040186 __DUMMY__ 0.33005591515818017 neg 0.2846765966114181	false	0.5
charakterschwach	off 1.0		off 0.38893632258618377 __DUMMY__ 0.3251639818335082 neg 0.2858996955803081	false	1.0
isolation	neg 1.0		off 0.3887361532896298 __DUMMY__ 0.3281483390081236 neg 0.2831155077022467	false	0.5
ablenkung	neg 1.0		off 0.38349569221520724 __DUMMY__ 0.3295498297121403 neg 0.28695447807265245	false	0.5
pech	neg 1.0		off 0.38763999113433434 __DUMMY__ 0.3265228918322154 neg 0.28583711703345016	false	0.5
vermeidung	neg 1.0		off 0.38984743128686683 __DUMMY__ 0.32554665216447387 neg 0.28460591654865924	false	0.5
dominieren	neg 1.0		off 0.3825245570576238 __DUMMY__ 0.33019337690614425 neg 0.28728206603623196	false	0.5
schwindlig	neg 1.0		off 0.3851972538169976 __DUMMY__ 0.32758728965842626 neg 0.2872154565245762	false	0.5
lutscher	neg 1.0		off 0.39947262555415824 __DUMMY__ 0.31962131641650504 neg 0.28090605802933666	false	0.5
pflicht	neg 1.0		off 0.3779275715387591 __DUMMY__ 0.33189288520801696 neg 0.29017954325322387	false	0.5
faschist	off 1.0		off 0.38707060669172505 __DUMMY__ 0.32667688412542045 neg 0.2862525091828544	false	1.0
verschleudern	neg 1.0		off 0.37899434309141783 __DUMMY__ 0.3293819391169687 neg 0.29162371779161356	false	0.5
wenn			off 0.3881080032388465 __DUMMY__ 0.3263650123404182 neg 0.2855269844207353	false	0.0
ehebruch	neg 1.0		off 0.37980322074284845 __DUMMY__ 0.3294103667345354 neg 0.2907864125226164	false	0.5
spott	off 1.0		off 0.38083148158142055 __DUMMY__ 0.33068917090086336 neg 0.2884793475177162	false	1.0
trostlosigkeit	neg 1.0		off 0.37657018567904504 __DUMMY__ 0.33044901824254 neg 0.29298079607841493	false	0.5
lutschen	neg 1.0		off 0.3890575663214791 __DUMMY__ 0.3278412306983352 neg 0.2831012029801856	false	0.5
undiszipliniert	neg 1.0		off 0.39120644034236857 __DUMMY__ 0.32473402119028166 neg 0.28405953846734977	false	0.5
kopfschmerz	neg 1.0		off 0.3787128514285583 __DUMMY__ 0.3287857440471296 neg 0.292501404524312	false	0.5
unvorhergesehen	neg 1.0		off 0.3790078239826297 __DUMMY__ 0.33256366910575286 neg 0.2884285069116174	false	0.5
desinteressiert	neg 1.0		off 0.3905011305410137 __DUMMY__ 0.3249581836359493 neg 0.284540685823037	false	0.5
armselig	off 1.0		off 0.3928593585148363 __DUMMY__ 0.3240486018711699 neg 0.28309203961399393	false	1.0
desaster	neg 1.0		off 0.3763679216780015 __DUMMY__ 0.3311032445114946 neg 0.29252883381050404	false	0.5
tod	neg 1.0		off 0.3801514395470079 __DUMMY__ 0.33093929234496183 neg 0.2889092681080303	false	0.5
herzlos	neg 1.0		off 0.3922498242507925 __DUMMY__ 0.3242117389401339 neg 0.28353843680907365	false	0.5
unwissenheit	neg 1.0		off 0.3809508585574407 __DUMMY__ 0.32968615356123615 neg 0.28936298788132314	false	0.5
widersinnig	neg 1.0		off 0.38158718124832036 __DUMMY__ 0.32808211011553917 neg 0.2903307086361404	false	0.5
bedenklich	neg 1.0		off 0.3798541407839487 __DUMMY__ 0.32983911735352195 neg 0.2903067418625294	false	0.5
beanstanden	neg 1.0		off 0.3791796121597482 __DUMMY__ 0.33218912707350445 neg 0.2886312607667473	false	0.5
panisch	neg 1.0		off 0.386095352736545 __DUMMY__ 0.32882775449080726 neg 0.28507689277264775	false	0.5
debil	off 1.0		off 0.3732686803786092 __DUMMY__ 0.3352815775175064 neg 0.29144974210388447	false	1.0
abstrich	neg 1.0		off 0.3841007687521104 __DUMMY__ 0.3313410855122984 neg 0.28455814573559124	false	0.5
primitiv	neg 1.0		off 0.39056810445179746 __DUMMY__ 0.32486011393524505 neg 0.2845717816129575	false	0.5
abschaum	off 1.0	off 1.0	off 0.6853642102213071 __DUMMY__ 0.15760160328031084 neg 0.157034186498382	false	1.0
provozieren	neg 1.0		off 0.3840532525214665 __DUMMY__ 0.3280634438464821 neg 0.28788330363205145	false	0.5
tot	neg 1.0		off 0.382351400624138 __DUMMY__ 0.3306376178734651 neg 0.287010981502397	false	0.5
instabil	neg 1.0		off 0.39316640205806425 __DUMMY__ 0.3237304297830252 neg 0.2831031681589106	false	0.5
schwuchtel	off 1.0	off 1.0	off 0.6935718712775478 neg 0.1532634399713982 __DUMMY__ 0.15316468875105402	false	1.0
zerren	neg 1.0		off 0.3812801751287356 __DUMMY__ 0.33070325075663803 neg 0.2880165741146262	false	0.5
kinderficker	off 1.0		off 0.3953573266293173 __DUMMY__ 0.32297109748810415 neg 0.2816715758825785	false	1.0
gefahr	neg 1.0		off 0.37901928269199175 __DUMMY__ 0.3322010964632822 neg 0.2887796208447262	false	0.5
rabiat	neg 1.0		off 0.38201319041169035 __DUMMY__ 0.3286579141776236 neg 0.2893288954106862	false	0.5
verlangsamung	neg 1.0		off 0.3971805405194023 __DUMMY__ 0.3220680976243945 neg 0.2807513618562032	false	0.5
ausgestorben	neg 1.0		off 0.3823423684653537 __DUMMY__ 0.3296459652323435 neg 0.28801166630230285	false	0.5
anklagen	neg 1.0		off 0.3817095457434896 __DUMMY__ 0.32934407200802907 neg 0.2889463822484814	false	0.5
trott	neg 1.0		off 0.38387556187356797 __DUMMY__ 0.3293235248871571 neg 0.2868009132392749	false	0.5
verminderung	neg 1.0		off 0.38964357712848924 __DUMMY__ 0.3252714905630262 neg 0.28508493230848464	false	0.5
nach			off 0.37442397830389385 __DUMMY__ 0.33548038826295773 neg 0.2900956334331483	false	0.0
rost	neg 1.0		off 0.3994315220495603 __DUMMY__ 0.32263828844255127 neg 0.27793018950788834	false	0.5
destruktiv	neg 1.0		off 0.382520318485804 __DUMMY__ 0.3281140662910669 neg 0.2893656152231291	false	0.5
unzumutbarkeit	neg 1.0		off 0.39180795210403696 __DUMMY__ 0.3274913042823285 neg 0.28070074361363456	false	0.5
labil	off 1.0	off 1.0	off 0.6848637189435434 __DUMMY__ 0.15763335432872322 neg 0.15750292672773333	false	1.0
ziemlich	neg 1.0		off 0.3897795697855275 __DUMMY__ 0.32665995208258586 neg 0.2835604781318867	false	0.5
lachnummer	off 1.0		off 0.3839520139482742 __DUMMY__ 0.3287449383597416 neg 0.2873030476919841	false	1.0
oder			off 0.38468800868710157 __DUMMY__ 0.3295351520677862 neg 0.2857768392451122	false	0.0
verfall	neg 1.0		off 0.3743901943621769 __DUMMY__ 0.33203396781225375 neg 0.29357583782556945	false	0.5
ausgrenzung	neg 1.0		off 0.38554625921428987 __DUMMY__ 0.3273930534670243 neg 0.2870606873186858	false	0.5
unordnung	neg 1.0		off 0.39555627655704056 __DUMMY__ 0.32532950562335505 neg 0.27911421781960444	false	0.5
fehlverhalten	neg 1.0		off 0.37935176818672545 __DUMMY__ 0.3306965675396214 neg 0.28995166427365315	false	0.5
eine			off 0.37747007821159473 __DUMMY__ 0.3318829045050146 neg 0.29064701728339054	false	0.0
nille	neg 1.0		off 0.38442419921523263 __DUMMY__ 0.3293583510728345 neg 0.2862174497119328	false	0.5
qual	neg 1.0		off 0.3834479629402781 __DUMMY__ 0.329373904198512 neg 0.2871781328612098	false	0.5
verschwenden	neg 1.0		off 0.3785563894550704 __DUMMY__ 0.33021068346788474 neg 0.2912329270770448	false	0.5
riesig	neg 1.0		off 0.38127618606247854 __DUMMY__ 0.3321321587995114 neg 0.28659165513800994	false	0.5
verurteilen	neg 1.0		off 0.3811371507568278 __DUMMY__ 0.32922164532006487 neg 0.2896412039231073	false	0.5
klischee	neg 1.0	neg 1.0	neg 0.6286196812384437 off 0.21387329343230047 __DUMMY__ 0.15750702532925573	false	1.0
diktatorisch	neg 1.0		off 0.38511529796917865 __DUMMY__ 0.3267333599894974 neg 0.28815134204132403	false	0.5
vorhersehbar	neg 1.0		off 0.38569347668703097 __DUMMY__ 0.32636174119479094 neg 0.287944782118178	false	0.5
sowie			off 0.3939686658530953 __DUMMY__ 0.32243913837505783 neg 0.2835921957718469	false	0.0
stornieren	neg 1.0		off 0.38994036990982517 __DUMMY__ 0.33119590591212517 neg 0.2788637241780497	false	0.5
besteuerung	neg 1.0	neg 1.0	neg 0.6309268240033085 off 0.21156656361663367 __DUMMY__ 0.15750661238005784	false	1.0
ungeschminkt	neg 1.0		off 0.39151808082993717 __DUMMY__ 0.325545803199294 neg 0.28293611597076884	false	0.5
kritisch	neg 1.0		off 0.3812169538239014 __DUMMY__ 0.33002195385114463 neg 0.28876109232495384	false	0.5
schlamperei	off 1.0		off 0.380179639991536 __DUMMY__ 0.33078808327564607 neg 0.289032276732818	false	1.0
sucht	neg 1.0	neg 1.0	neg 0.6261372851649313 off 0.2140195672594082 __DUMMY__ 0.15984314757566048	false	1.0
egoistisch	off 1.0	off 1.0	off 0.6884500390920739 __DUMMY__ 0.15593436430543486 neg 0.15561559660249122	false	1.0
ausbeuter	off 1.0		off 0.37812469457339026 __DUMMY__ 0.32969418558528374 neg 0.292181119841326	false	1.0
arschgeburt	off 1.0		off 0.4045386331585477 __DUMMY__ 0.31864275459363084 neg 0.27681861224782145	false	1.0
schubs	neg 1.0		off 0.3801263113366821 __DUMMY__ 0.32980011093370526 neg 0.2900735777296126	false	0.5
unsolide	neg 1.0		off 0.38631079347562164 __DUMMY__ 0.32724125531023973 neg 0.28644795121413874	false	0.5
beschwerde	neg 1.0		off 0.382008533305152 __DUMMY__ 0.3302768216569649 neg 0.2877146450378829	false	0.5
stocken	neg 1.0		off 0.38097586933984035 __DUMMY__ 0.33080386225103053 neg 0.28822026840912907	false	0.5
isolieren	neg 1.0		off 0.3820517328082263 __DUMMY__ 0.33024682331971406 neg 0.28770144387205965	false	0.5
unheilbar	neg 1.0		off 0.3828814324016054 __DUMMY__ 0.3281605006308427 neg 0.2889580669675519	false	0.5
pisser	off 1.0	off 1.0	off 0.687719158571796 __DUMMY__ 0.1572511723602396 neg 0.15502966906796448	false	1.0
löschen	neg 1.0		off 0.38461842052778084 __DUMMY__ 0.3290754977884233 neg 0.28630608168379584	false	0.5
durchfallen	neg 1.0		off 0.38085993969093157 __DUMMY__ 0.32997520461967184 neg 0.2891648556893966	false	0.5
wichser	off 1.0	off 1.0	off 0.6909180548240839 neg 0.15505962521712957 __DUMMY__ 0.15402231995878668	false	1.0
terror	neg 1.0		off 0.38772176667954045 __DUMMY__ 0.3280745502453172 neg 0.28420368307514227	false	0.5
krass	neg 1.0		off 0.3942869511943859 __DUMMY__ 0.3235851282283837 neg 0.2821279205772304	false	0.5
revolte	neg 1.0		off 0.3853796317694808 __DUMMY__ 0.3248190394985806 neg 0.2898013287319385	false	0.5
besorgt	neg 1.0		off 0.3826335532517516 __DUMMY__ 0.3312369961582936 neg 0.28612945058995476	false	0.5
nachlassen	neg 1.0		off 0.3811328517068044 __DUMMY__ 0.33110386993953317 neg 0.28776327835366244	false	0.5
alt	neg 1.0		off 0.37820940808473774 __DUMMY__ 0.32822942288703605 neg 0.29356116902822627	false	0.5
hundesohn	off 1.0	off 1.0	off 0.6913095241616737 __DUMMY__ 0.15517888219295672 neg 0.15351159364536954	false	1.0
als			off 0.38106818180603097 __DUMMY__ 0.3295235463664493 neg 0.28940827182751966	false	0.0
abschreckung	neg 1.0		off 0.3783285108571143 __DUMMY__ 0.3308407922578169 neg 0.29083069688506896	false	0.5
unqualifiziert	neg 1.0		off 0.387838153147145 __DUMMY__ 0.3265302656886183 neg 0.28563158116423676	false	0.5
abgewichst	off 1.0		off 0.38401723882455 __DUMMY__ 0.32995262526334956 neg 0.28603013591210036	false	1.0
schwer	neg 1.0		off 0.3824993810951512 __DUMMY__ 0.3288738327805686 neg 0.28862678612428017	false	0.5
bedeutungslosigkeit	neg 1.0		off 0.37884521061788545 __DUMMY__ 0.3306346648646309 neg 0.29052012451748355	false	0.5
kapitulation	neg 1.0		off 0.379645186314161 __DUMMY__ 0.32873050289108824 neg 0.29162431079475065	false	0.5
unscharf	neg 1.0		off 0.38391545115056164 __DUMMY__ 0.3256638669230841 neg 0.29042068192635423	false	0.5
schwinden	neg 1.0		off 0.3789285586200496 __DUMMY__ 0.3304427496530051 neg 0.29062869172694544	false	0.5
versklavung	neg 1.0	neg 1.0	neg 0.6294578497911683 off 0.21256749692572183 __DUMMY__ 0.15797465328310986	false	1.0
schlecht	neg 1.0		off 0.3900661896677771 __DUMMY__ 0.32679331542392936 neg 0.28314049490829357	false	0.5
verhasst	neg 1.0		off 0.3846162201648001 __DUMMY__ 0.3275822599973071 neg 0.28780151983789276	false	0.5
beschweren	neg 1.0		off 0.38596535145869376 __DUMMY__ 0.3286105359527927 neg 0.2854241125885135	false	0.5
scheiden	neg 1.0		off 0.3837760310859665 __DUMMY__ 0.32904626057745523 neg 0.28717770833657824	false	0.5
frustriert	neg 1.0		off 0.38217533659116554 __DUMMY__ 0.32976932516745716 neg 0.2880553382413773	false	0.5
schimmelig	neg 1.0		off 0.38018908225042786 __DUMMY__ 0.3295225879919794 neg 0.29028832975759267	false	0.5
fisch	neg 1.0		off 0.37601205190814196 __DUMMY__ 0.33001874283359145 neg 0.2939692052582667	false	0.5
schmuggel	neg 1.0		off 0.3785218832536211 __DUMMY__ 0.33273342336139355 neg 0.2887446933849853	false	0.5
auffallen	neg 1.0		off 0.3859942888147188 __DUMMY__ 0.3279113726515619 neg 0.2860943385337193	false	0.5
konkurrenz	neg 1.0		off 0.37945656726940985 __DUMMY__ 0.33201173965340713 neg 0.288531693077183	false	0.5
teufelskreis	neg 1.0	neg 1.0	neg 0.6309904582085173 off 0.2107110860749896 __DUMMY__ 0.1582984557164932	false	1.0
aufschreien	neg 1.0		off 0.3859030336318947 __DUMMY__ 0.32679314541556215 neg 0.28730382095254325	false	0.5
schuldner	neg 1.0		off 0.3779134469309029 __DUMMY__ 0.3296087923841166 neg 0.2924777606849806	false	0.5
missgeburt	off 1.0	off 1.0	off 0.6909956670385191 __DUMMY__ 0.1562702169603934 neg 0.1527341160010874	false	1.0
arbeitslos	neg 1.0		off 0.3808342052264368 __DUMMY__ 0.33006928785830036 neg 0.28909650691526284	false	0.5
befallen	neg 1.0		off 0.38209855629015516 __DUMMY__ 0.32860957200175095 neg 0.2892918717080938	false	0.5
miesepetrig	off 1.0	off 1.0	off 0.6846369147171292 neg 0.15796509781319673 __DUMMY__ 0.15739798746967404	false	1.0
alarmieren	neg 1.0		off 0.38877836230901186 __DUMMY__ 0.3267696662029937 neg 0.28445197148799445	false	0.5
ungeduscht	off 1.0		off 0.38779579591925206 __DUMMY__ 0.3262653712792608 neg 0.28593883280148713	false	1.0
knappheit	neg 1.0		off 0.3805875513888817 __DUMMY__ 0.3289492438924262 neg 0.2904632047186921	false	0.5
schlange	neg 1.0		off 0.38454642828263286 __DUMMY__ 0.32950147387408524 neg 0.28595209784328196	false	0.5
harsch	neg 1.0		off 0.39625206302000465 __DUMMY__ 0.32650746569290373 neg 0.2772404712870915	false	0.5
lang	neg 1.0		off 0.38541056749254865 __DUMMY__ 0.32876980911438863 neg 0.2858196233930627	false	0.5
ziellos	neg 1.0		off 0.37987300196222573 __DUMMY__ 0.3315154515543157 neg 0.28861154648345855	false	0.5
selbstverliebt	neg 1.0		off 0.40152846378112056 __DUMMY__ 0.32017175996140684 neg 0.2782997762574726	false	0.5
beseitigen	neg 1.0		off 0.3861888594841643 __DUMMY__ 0.3317003440907617 neg 0.282110796425074	false	0.5
dumm	off 1.0		off 0.3959117656600135 __DUMMY__ 0.32220183019485144 neg 0.281886404145135	false	1.0
arbeitsloser	neg 1.0		off 0.3822469512183413 __DUMMY__ 0.3315142760382843 neg 0.2862387727433744	false	0.5
blitzen	neg 1.0		off 0.3876329652726835 __DUMMY__ 0.32685240286411454 neg 0.2855146318632019	false	0.5
hilflos	neg 1.0		off 0.3808803086458115 __DUMMY__ 0.32994898641946113 neg 0.2891707049347273	false	0.5
eklig	off 1.0		off 0.39581330204128007 __DUMMY__ 0.32128102654107654 neg 0.2829056714176434	false	1.0
begriff			off 0.3827658460769089 __DUMMY__ 0.32883474888429076 neg 0.28839940503880035	false	0.0
hungersnot	neg 1.0		off 0.379807153999264 __DUMMY__ 0.3281851040988688 neg 0.29200774190186723	false	0.5
ungesetzlich	neg 1.0		off 0.3853352833057212 __DUMMY__ 0.32697573756094017 neg 0.2876889791333387	false	0.5
verschwendung	neg 1.0		off 0.37882827849485984 __DUMMY__ 0.33064235807030334 neg 0.2905293634348368	false	0.5
schmerzvoll	neg 1.0		off 0.38456660940577386 __DUMMY__ 0.3277065921722887 neg 0.2877267984219374	false	0.5
vorzeitig	neg 1.0		off 0.389974177058064 __DUMMY__ 0.32748733188155105 neg 0.2825384910603851	false	0.5
unvollkommenheit	neg 1.0		off 0.3821735585741835 __DUMMY__ 0.3297290284501898 neg 0.28809741297562685	false	0.5
intervenieren	neg 1.0		off 0.3789339475728933 __DUMMY__ 0.3295535566217367 neg 0.29151249580537	false	0.5
banause	off 1.0		off 0.3963547412122883 __DUMMY__ 0.31936207287545704 neg 0.2842831859122546	false	1.0
rebell	neg 1.0		off 0.3754810163299555 __DUMMY__ 0.33228079927823306 neg 0.2922381843918114	false	0.5
unlogisch	neg 1.0		off 0.391747326774194 __DUMMY__ 0.3244643197091109 neg 0.2837883535166951	false	0.5
leiden	neg 1.0		off 0.37912625530717753 __DUMMY__ 0.33278157707831685 neg 0.2880921676145056	false	0.5
abschaffung	neg 1.0		off 0.384220008608984 __DUMMY__ 0.3276179173098928 neg 0.2881620740811232	false	0.5
sturz	neg 1.0		off 0.3881857565649975 __DUMMY__ 0.3304701036613203 neg 0.2813441397736823	false	0.5
verkleinerung	neg 1.0		off 0.38702475811294923 __DUMMY__ 0.3255720883951059 neg 0.2874031534919449	false	0.5
schmarotzer	off 1.0		off 0.38136180209406995 __DUMMY__ 0.32920822799311356 neg 0.2894299699128165	false	1.0
bestrafung	neg 1.0	neg 1.0	neg 0.6285681608433035 off 0.21244696249700848 __DUMMY__ 0.158984876659688	false	1.0
achtlos	neg 1.0		off 0.38225606174626164 __DUMMY__ 0.3298430746031374 neg 0.28790086365060086	false	0.5
ungeheuer	neg 1.0		off 0.3834497982714747 __DUMMY__ 0.32799925560316334 neg 0.288550946125362	false	0.5
unaufrichtig	neg 1.0		off 0.3884485428227614 __DUMMY__ 0.3271353364695691 neg 0.2844161207076696	false	0.5
groggy	neg 1.0		off 0.38789042268902924 __DUMMY__ 0.328268212161064 neg 0.2838413651499068	false	0.5
verletzlich	neg 1.0		off 0.38745368783108 __DUMMY__ 0.3244987511185466 neg 0.28804756105037355	false	0.5
ablehnen	neg 1.0		off 0.3809998300991331 __DUMMY__ 0.3301912008720785 neg 0.2888089690287885	false	0.5
