unsolidarisch	neg 1.0		off 0.36469709797866134 neg 0.35396243440331115 __DUMMY__ 0.2813404676180274	false	0.5
nachteilig	neg 1.0		off 0.36369856839907616 neg 0.35437442372479494 __DUMMY__ 0.2819270078761289	false	0.5
skeptisch	neg 1.0		off 0.3645296237857523 neg 0.3535174656047281 __DUMMY__ 0.2819529106095195	false	0.5
schrecklich	neg 1.0		off 0.3693017322849874 neg 0.3494996688660917 __DUMMY__ 0.281198598848921	false	0.5
schlapp	neg 1.0		off 0.3694933990574447 neg 0.3491525813677163 __DUMMY__ 0.28135401957483896	false	0.5
abfall	neg 1.0		off 0.3637246301149093 neg 0.3540367677181818 __DUMMY__ 0.2822386021669089	false	0.5
widerspenstig	neg 1.0		off 0.3668051055364062 neg 0.3516798941020408 __DUMMY__ 0.281515000361553	false	0.5
abrupt	neg 1.0		off 0.3654379302536032 neg 0.35242277254182225 __DUMMY__ 0.28213929720457465	false	0.5
unwirksam	neg 1.0		neg 0.35908125159775434 off 0.35897956159401095 __DUMMY__ 0.2819391868082347	false	1.0
angreifen	neg 1.0		off 0.36453405910361975 neg 0.35359786678539074 __DUMMY__ 0.2818680741109895	false	0.5
inkonsistent	neg 1.0		off 0.3665885952581898 neg 0.35140740358406697 __DUMMY__ 0.2820040011577433	false	0.5
abrutschen	neg 1.0		off 0.3645276342159899 neg 0.35356666100217576 __DUMMY__ 0.2819057047818343	false	0.5
unsicher	neg 1.0		off 0.3665726386811352 neg 0.35164590135582746 __DUMMY__ 0.28178145996303733	false	0.5
bauernkind	off 1.0		off 0.3733660671793363 neg 0.3462496197377024 __DUMMY__ 0.28038431308296147	false	1.0
angreifer	neg 1.0		off 0.3618272314693783 neg 0.35644302984885745 __DUMMY__ 0.2817297386817642	false	0.5
trennen	neg 1.0		off 0.3655007327153221 neg 0.35218082550880997 __DUMMY__ 0.28231844177586796	false	0.5
schmutz	neg 1.0		off 0.36197834527392464 neg 0.35592805544969447 __DUMMY__ 0.28209359927638084	false	0.5
inkonsistenz	neg 1.0		off 0.3673299295888888 neg 0.3511177419591112 __DUMMY__ 0.281552328452	false	0.5
erschreckend	neg 1.0		off 0.36533263614872574 neg 0.3528528282751417 __DUMMY__ 0.2818145355761325	false	0.5
ertrinken	neg 1.0		off 0.3658329576562401 neg 0.3526723982195898 __DUMMY__ 0.2814946441241701	false	0.5
pickelface	off 1.0		off 0.3777873743495178 neg 0.34267338218807203 __DUMMY__ 0.27953924346241016	false	1.0
lauch	neg 1.0		off 0.3748800755680713 neg 0.345090335043966 __DUMMY__ 0.2800295893879628	false	0.5
steuerhinterziehung	neg 1.0		off 0.36161517384693453 neg 0.35671353300247033 __DUMMY__ 0.2816712931505953	false	0.5
unwichtig	neg 1.0		off 0.3674040096089169 neg 0.3509809861598148 __DUMMY__ 0.28161500423126834	false	0.5
schock	neg 1.0		off 0.3665967171107139 neg 0.3513490164846156 __DUMMY__ 0.28205426640467046	false	0.5
vergelten	neg 1.0		off 0.3640580060448947 neg 0.35501533881800373 __DUMMY__ 0.2809266551371015	false	0.5
beule	neg 1.0		off 0.37020893587198606 neg 0.34862544031420456 __DUMMY__ 0.2811656238138094	false	0.5
verdorbenheit	neg 1.0		off 0.36437363595482103 neg 0.35223767857527377 __DUMMY__ 0.2833886854699051	false	0.5
trauma			off 0.3922415150934008 neg 0.35264693921793405 __DUMMY__ 0.25511154568866523	false	0.0
sinnlos	neg 1.0		off 0.3673338369820055 neg 0.3510992650996564 __DUMMY__ 0.28156689791833805	false	0.5
fettsack	off 1.0		off 0.3729315990491666 neg 0.3463360002944006 __DUMMY__ 0.28073240065643273	false	1.0
feige	off 1.0		off 0.3673520286997177 neg 0.3509467652930208 __DUMMY__ 0.28170120600726134	false	1.0
abdanken	neg 1.0		off 0.3647926023511374 neg 0.3536032675482004 __DUMMY__ 0.28160413010066215	false	0.5
wichtigtuer	off 1.0	off 1.0	off 0.6722447049498479 neg 0.19266626293929318 __DUMMY__ 0.1350890321108588	false	1.0
misslingen	neg 1.0		off 0.36671015202398477 neg 0.35186180831602487 __DUMMY__ 0.28142803965999036	false	0.5
untreu	off 1.0		off 0.36743630324184573 neg 0.35087915023183314 __DUMMY__ 0.2816845465263212	false	1.0
missmutig	neg 1.0		off 0.3666628857932127 neg 0.35147562776302627 __DUMMY__ 0.2818614864437611	false	0.5
hurenbock	off 1.0		off 0.3731145399726336 neg 0.3468397718742337 __DUMMY__ 0.2800456881531327	false	1.0
betrunken	neg 1.0		off 0.369368442891884 neg 0.34949827373798775 __DUMMY__ 0.2811332833701283	false	0.5
korrupt	off 1.0		off 0.36460658251148964 neg 0.3538641617483269 __DUMMY__ 0.28152925574018345	false	1.0
unmut	neg 1.0		off 0.3632014462842247 neg 0.3548248189020908 __DUMMY__ 0.2819737348136845	false	0.5
hackfresse	off 1.0		off 0.3702481579922385 neg 0.3488192158834256 __DUMMY__ 0.28093262612433606	false	1.0
aufblasen	neg 1.0		off 0.3673320670014387 neg 0.3510401106517716 __DUMMY__ 0.2816278223467898	false	0.5
gewaltsam	neg 1.0		off 0.3624992868321032 neg 0.3556577228474438 __DUMMY__ 0.2818429903204532	false	0.5
unbeliebtheit	neg 1.0		off 0.3615813342588999 neg 0.35652471224739624 __DUMMY__ 0.2818939534937039	false	0.5
sturheit	neg 1.0		off 0.3646185073352639 neg 0.35362072624213553 __DUMMY__ 0.2817607664226006	false	0.5
kuh	neg 1.0		off 0.37362123184640017 neg 0.3458780947865697 __DUMMY__ 0.28050067336703016	false	0.5
erschrecken	neg 1.0		off 0.3678504825264327 neg 0.3506393155571981 __DUMMY__ 0.2815102019163692	false	0.5
opfer	neg 1.0		off 0.36508518476479973 neg 0.3530188518937415 __DUMMY__ 0.28189596334145867	false	0.5
stinktier	neg 1.0		off 0.3732921092399433 neg 0.346250074317763 __DUMMY__ 0.2804578164422937	false	0.5
sinken	neg 1.0		off 0.3614047446497535 neg 0.35593512801400085 __DUMMY__ 0.2826601273362457	false	0.5
tucke	off 1.0		off 0.3724159459705107 neg 0.34738795972378284 __DUMMY__ 0.2801960943057064	false	1.0
abstieg	neg 1.0		off 0.36302247806999177 neg 0.3548217479573685 __DUMMY__ 0.28215577397263975	false	0.5
missverstehen	neg 1.0		off 0.3666735458392353 neg 0.3515741713020087 __DUMMY__ 0.2817522828587559	false	0.5
ergebnislos	neg 1.0		off 0.3610959100983309 neg 0.3566530206479697 __DUMMY__ 0.28225106925369936	false	0.5
manipulieren	neg 1.0		off 0.3648269704415847 neg 0.3536431509893564 __DUMMY__ 0.28152987856905903	false	0.5
verschleppen	neg 1.0		off 0.36169813640859166 neg 0.35635504529477663 __DUMMY__ 0.2819468182966319	false	0.5
unbewiesen	neg 1.0		off 0.36317515001782474 neg 0.3549430949933056 __DUMMY__ 0.28188175498886964	false	0.5
weib	off 1.0		off 0.37224755928720127 neg 0.3472089021656028 __DUMMY__ 0.28054353854719594	false	1.0
opposition	neg 1.0		off 0.3600809101221108 neg 0.3587518419015375 __DUMMY__ 0.2811672479763517	false	0.5
verkehrswidrig	neg 1.0		off 0.3620338412969132 neg 0.35691838055875447 __DUMMY__ 0.2810477781443324	false	0.5
inkorrekt	neg 1.0		off 0.36720598007264277 neg 0.3511943801317561 __DUMMY__ 0.28159963979560115	false	0.5
vermeiden	neg 1.0		off 0.36292517843019534 neg 0.354852266898695 __DUMMY__ 0.2822225546711097	false	0.5
abweichung	neg 1.0		off 0.36262553841576645 neg 0.3552023893641607 __DUMMY__ 0.28217207222007284	false	0.5
alkoholisiert	neg 1.0		off 0.36527441069780375 neg 0.3529275678802192 __DUMMY__ 0.2817980214219771	false	0.5
scheiss	off 1.0	off 1.0	off 0.6738286318064235 neg 0.1910499076545888 __DUMMY__ 0.13512146053898774	false	1.0
herausforderung	neg 1.0		off 0.36362764390086366 neg 0.3540020211429463 __DUMMY__ 0.2823703349561902	false	0.5
pervers	off 1.0		off 0.37209455751588505 neg 0.3474972815329288 __DUMMY__ 0.28040816095118626	false	1.0
wackelig	neg 1.0		off 0.3669461763584964 neg 0.3513415576635257 __DUMMY__ 0.28171226597797794	false	0.5
verwickeln	neg 1.0		off 0.36640249457709567 neg 0.3517368908725547 __DUMMY__ 0.28186061455034955	false	0.5
vorwand	neg 1.0		off 0.3646889167954991 neg 0.35366535139159344 __DUMMY__ 0.28164573181290753	false	0.5
muschi	off 1.0		off 0.377219260165585 neg 0.3432017389284111 __DUMMY__ 0.279579000906004	false	1.0
entmutigung	neg 1.0		off 0.3621353100644276 neg 0.3561956918143117 __DUMMY__ 0.2816689981212607	false	0.5
unstetig	neg 1.0		off 0.3651056662035494 neg 0.35317293937126465 __DUMMY__ 0.2817213944251859	false	0.5
unangemessen	neg 1.0		off 0.36493856373076217 neg 0.35328649941329016 __DUMMY__ 0.2817749368559476	false	0.5
entmutigen	neg 1.0		off 0.3667496478802334 neg 0.3514619660915204 __DUMMY__ 0.28178838602824613	false	0.5
schwanz	neg 1.0		off 0.37514818977809944 neg 0.3456207959151412 __DUMMY__ 0.27923101430675923	false	0.5
verbot	neg 1.0		off 0.36225916469051994 neg 0.3560352527729035 __DUMMY__ 0.28170558253657657	false	0.5
leid	neg 1.0		off 0.3697621928405173 neg 0.3490348814039805 __DUMMY__ 0.28120292575550215	false	0.5
archaisch	neg 1.0		off 0.36509410592241576 neg 0.3532258392585962 __DUMMY__ 0.28168005481898817	false	0.5
scheidung	neg 1.0		off 0.359920940654055 neg 0.35788760417231025 __DUMMY__ 0.2821914551736347	false	0.5
abgestanden	neg 1.0		off 0.3684979962842416 neg 0.34963419335078627 __DUMMY__ 0.2818678103649721	false	0.5
einschlag	neg 1.0		off 0.3624789119407704 neg 0.35545439465588213 __DUMMY__ 0.2820666934033474	false	0.5
schmierig	off 1.0		off 0.3693313387750401 neg 0.3493493170696594 __DUMMY__ 0.2813193441553007	false	1.0
unpraktisch	neg 1.0		off 0.36835998289713745 neg 0.3501688642792336 __DUMMY__ 0.281471152823629	false	0.5
wixxer	off 1.0		off 0.3732384281543454 neg 0.3461480273165444 __DUMMY__ 0.2806135445291102	false	1.0
jammerlappen	off 1.0		off 0.36743092933640403 neg 0.350996118175561 __DUMMY__ 0.281572952488035	false	1.0
farce	neg 1.0		off 0.36230611572734567 neg 0.3558924579250227 __DUMMY__ 0.28180142634763167	false	0.5
zwecklos	neg 1.0		off 0.3650769125031756 neg 0.35303404410078015 __DUMMY__ 0.28188904339604426	false	0.5
turbulent	neg 1.0		off 0.3645051578748555 neg 0.3541939561013213 __DUMMY__ 0.28130088602382325	false	0.5
schuld	neg 1.0		off 0.36659900026623365 neg 0.3518752231923395 __DUMMY__ 0.28152577654142674	false	0.5
risiko	neg 1.0		off 0.36055472216174506 neg 0.35667891239483207 __DUMMY__ 0.2827663654434227	false	0.5
invasion	neg 1.0		neg 0.37267671061190977 off 0.3519893185549804 __DUMMY__ 0.2753339708331098	false	1.0
finster	neg 1.0		off 0.36877234397599223 neg 0.34951125106083875 __DUMMY__ 0.28171640496316896	false	0.5
geisteskrank	off 1.0		off 0.36736097597885925 neg 0.35093968588501573 __DUMMY__ 0.2816993381361251	false	1.0
ausbeute	neg 1.0		off 0.3653572662111209 neg 0.35160090706620495 __DUMMY__ 0.2830418267226741	false	0.5
zusammenbrechen	neg 1.0		off 0.3659058921663138 neg 0.35250579082633804 __DUMMY__ 0.2815883170073481	false	0.5
hinterhalt	neg 1.0		off 0.3649865430664924 neg 0.3531562281690967 __DUMMY__ 0.28185722876441094	false	0.5
kritik	neg 1.0		off 0.3625904105684519 neg 0.35568003354149996 __DUMMY__ 0.2817295558900481	false	0.5
einschrumpfen	neg 1.0		off 0.3622269231289622 neg 0.357954677584284 __DUMMY__ 0.2798183992867538	false	0.5
riskant	neg 1.0		off 0.3651063741372784 neg 0.3530533080519633 __DUMMY__ 0.28184031781075836	false	0.5
frustrieren	neg 1.0		off 0.36553375340746624 neg 0.3525637664438856 __DUMMY__ 0.28190248014864827	false	0.5
groll	neg 1.0		off 0.36484598852085154 neg 0.3532300470044673 __DUMMY__ 0.2819239644746812	false	0.5
qualvoll	neg 1.0		off 0.36741154654304176 neg 0.351269305209891 __DUMMY__ 0.2813191482470672	false	0.5
wackeln	neg 1.0		off 0.366895527234833 neg 0.3512075589925475 __DUMMY__ 0.28189691377261966	false	0.5
klagen	neg 1.0		off 0.3629142415520934 neg 0.355290451413443 __DUMMY__ 0.28179530703446365	false	0.5
trauern	neg 1.0		off 0.3653436494658556 neg 0.35288035594063494 __DUMMY__ 0.2817759945935093	false	0.5
ablehnung	neg 1.0		off 0.3620960805893792 neg 0.3560220717838033 __DUMMY__ 0.2818818476268175	false	0.5
bankrott	neg 1.0		neg 0.3614195611321289 off 0.35770090287634915 __DUMMY__ 0.280879535991522	false	1.0
stur	neg 1.0		off 0.3662001448528704 neg 0.35227523225350704 __DUMMY__ 0.28152462289362257	false	0.5
aufruhr	neg 1.0		off 0.3609325784061283 neg 0.3566747346452531 __DUMMY__ 0.2823926869486186	false	0.5
melancholie	neg 1.0		off 0.36799771070704324 neg 0.35034006608941953 __DUMMY__ 0.2816622232035372	false	0.5
torheit	neg 1.0		off 0.36434943135259723 neg 0.35387186738076315 __DUMMY__ 0.28177870126663956	false	0.5
dreckskind	off 1.0		off 0.3758184241572132 neg 0.34418787945819973 __DUMMY__ 0.27999369638458704	false	1.0
umtauschen	neg 1.0		off 0.36828995494464745 neg 0.3503752376767927 __DUMMY__ 0.28133480737855987	false	0.5
zersetzen	neg 1.0		off 0.36395702888556375 neg 0.35419829611811077 __DUMMY__ 0.28184467499632554	false	0.5
frust	neg 1.0		off 0.36579198866989565 neg 0.352566827676063 __DUMMY__ 0.2816411836540412	false	0.5
unerbittlichkeit	neg 1.0		off 0.3640092701460572 neg 0.3541256265363401 __DUMMY__ 0.2818651033176026	false	0.5
unkorrekt	neg 1.0		off 0.3676498198999484 neg 0.351098802582305 __DUMMY__ 0.28125137751774665	false	0.5
hexe	off 1.0		off 0.3703396100617331 neg 0.3479070594429231 __DUMMY__ 0.28175333049534385	false	1.0
lasch	neg 1.0		off 0.3663461104143987 neg 0.35196841106650206 __DUMMY__ 0.28168547851909925	false	0.5
rivale	neg 1.0		off 0.3608534537794547 neg 0.35776250151485894 __DUMMY__ 0.2813840447056864	false	0.5
mutlos	off 1.0		off 0.3644641560908387 neg 0.35367257273462166 __DUMMY__ 0.2818632711745396	false	1.0
wirr	off 1.0		off 0.369500810668571 neg 0.3497602293062655 __DUMMY__ 0.28073896002516346	false	1.0
strafbar	neg 1.0		off 0.36480976910511753 neg 0.35330842988104977 __DUMMY__ 0.2818818010138327	false	0.5
erosion	neg 1.0	neg 1.0	neg 0.6619454350662839 off 0.19960762783961422 __DUMMY__ 0.13844693709410189	false	1.0
eingehen	neg 1.0		off 0.3651491416731679 neg 0.35302516053782207 __DUMMY__ 0.28182569778900995	false	0.5
faul	off 1.0		off 0.36960541778853157 neg 0.34932921083916024 __DUMMY__ 0.2810653713723082	false	1.0
provisorium	neg 1.0		off 0.36401339306602026 neg 0.35379583685126953 __DUMMY__ 0.28219077008271015	false	0.5
schmerzen	neg 1.0		off 0.36814976878990846 neg 0.3507243696607012 __DUMMY__ 0.2811258615493903	false	0.5
schrumpfen	neg 1.0		off 0.3627446903245115 neg 0.3550330116826669 __DUMMY__ 0.28222229799282167	false	0.5
geistlos	off 1.0		off 0.36604678246685723 neg 0.35228953710911515 __DUMMY__ 0.2816636804240277	false	1.0
frustrierend	neg 1.0		off 0.36766464394861365 neg 0.3505784268207156 __DUMMY__ 0.28175692923067086	false	0.5
fehlkauf	neg 1.0		off 0.3652998114568563 neg 0.3519362497329076 __DUMMY__ 0.2827639388102361	false	0.5
unzufrieden	neg 1.0		off 0.3650701282434329 neg 0.35300996988373373 __DUMMY__ 0.28191990187283333	false	0.5
verzweifeln	neg 1.0		off 0.36618167100554877 neg 0.35210251786946106 __DUMMY__ 0.2817158111249901	false	0.5
verzweifelt	neg 1.0		off 0.3668387203284536 neg 0.35137546067136805 __DUMMY__ 0.28178581900017835	false	0.5
misstrauensantrag	neg 1.0		off 0.36053957942559867 neg 0.3584344049604875 __DUMMY__ 0.28102601561391377	false	0.5
abfallen	neg 1.0		off 0.368362675456156 neg 0.3503132271944701 __DUMMY__ 0.28132409734937397	false	0.5
fucker	off 1.0		__DUMMY__ 0.4190705975051845 off 0.35626927761943944 neg 0.22466012487537604	false	1.0
ungezogen	neg 1.0		off 0.37041652847978457 neg 0.34866306040891987 __DUMMY__ 0.28092041111129556	false	0.5
irrsinnig	neg 1.0		off 0.3668881154856733 neg 0.35147843713654964 __DUMMY__ 0.2816334473777769	false	0.5
hart	neg 1.0		off 0.3742175550646702 neg 0.34597358997866784 __DUMMY__ 0.27980885495666197	false	0.5
unfassbar	neg 1.0		off 0.3674543830647339 neg 0.3506379216865936 __DUMMY__ 0.2819076952486725	false	0.5
widerlich	off 1.0		off 0.36780634162270903 neg 0.3507607228164585 __DUMMY__ 0.28143293556083265	false	1.0
fatal			off 0.3644472661642819 neg 0.35393839359989115 __DUMMY__ 0.281614340235827	false	0.0
bruch	neg 1.0		off 0.36371634520204965 neg 0.35414822961557735 __DUMMY__ 0.2821354251823729	false	0.5
aushungern	neg 1.0		off 0.3628845595494215 neg 0.35561168887897177 __DUMMY__ 0.2815037515716066	false	0.5
anspannung	neg 1.0		off 0.3647685254385889 neg 0.35316040453254877 __DUMMY__ 0.28207107002886245	false	0.5
kraftlos	neg 1.0		off 0.3660049706369982 neg 0.35215529868093376 __DUMMY__ 0.28183973068206797	false	0.5
grenzdebil	off 1.0		off 0.36837671346663753 neg 0.3503020940125098 __DUMMY__ 0.28132119252085264	false	1.0
unterwerfen	neg 1.0		off 0.3648965136061149 neg 0.3533048300306109 __DUMMY__ 0.28179865636327406	false	0.5
versenkung	neg 1.0		off 0.3650188876704613 neg 0.3530160206157372 __DUMMY__ 0.28196509171380135	false	0.5
entziehen	neg 1.0		off 0.3641973346628818 neg 0.353813263271126 __DUMMY__ 0.28198940206599205	false	0.5
finanzkrise	neg 1.0		off 0.3595259417726794 neg 0.3584343667232 __DUMMY__ 0.2820396915041206	false	0.5
schimpfend	neg 1.0		off 0.36783979387032817 neg 0.3508711984092751 __DUMMY__ 0.28128900772039667	false	0.5
profan	neg 1.0		off 0.3671948692894477 neg 0.3510866227058823 __DUMMY__ 0.28171850800466997	false	0.5
korruption	neg 1.0		off 0.361784013512419 neg 0.35645884610425016 __DUMMY__ 0.2817571403833307	false	0.5
schmutzig	neg 1.0		off 0.36858390021612425 neg 0.35007151830482053 __DUMMY__ 0.28134458147905517	false	0.5
abraten	neg 1.0		off 0.3677225164039957 neg 0.3506329986385953 __DUMMY__ 0.281644484957409	false	0.5
sexy	neg 1.0		off 0.3846323642541418 neg 0.35748927609083603 __DUMMY__ 0.2578783596550222	false	0.5
fotze	off 1.0		off 0.3791236228788474 neg 0.3420343088942379 __DUMMY__ 0.27884206822691454	false	1.0
schwarz	neg 1.0		off 0.36585860785556007 neg 0.35244662874273414 __DUMMY__ 0.28169476340170574	false	0.5
verwirren	neg 1.0		off 0.3676713962071706 neg 0.3507836141637073 __DUMMY__ 0.281544989629122	false	0.5
zahnlos	off 1.0		off 0.36512629177838385 neg 0.35282356315610786 __DUMMY__ 0.28205014506550824	false	1.0
verheeren	neg 1.0		off 0.3592093812311928 neg 0.3591320941372805 __DUMMY__ 0.2816585246315269	false	0.5
rammen	neg 1.0		off 0.3687140717877881 neg 0.3498579347176437 __DUMMY__ 0.2814279934945683	false	0.5
unlauter	neg 1.0		off 0.3616315983747685 neg 0.3568948469918157 __DUMMY__ 0.2814735546334159	false	0.5
unheilvoll	neg 1.0		off 0.36708280029174384 neg 0.35164819893669097 __DUMMY__ 0.28126900077156525	false	0.5
niedrig	neg 1.0		off 0.361840952150737 neg 0.3551973276386747 __DUMMY__ 0.2829617202105884	false	0.5
weichei	off 1.0		off 0.3703208559124623 neg 0.3485809877115433 __DUMMY__ 0.2810981563759945	false	1.0
explosion	neg 1.0		neg 0.3650065113389746 off 0.3557188270992706 __DUMMY__ 0.2792746615617548	false	1.0
minusmensch	off 1.0		off 0.37513773733703315 neg 0.3443198422524387 __DUMMY__ 0.2805424204105282	false	1.0
farblos	neg 1.0		off 0.36615651736151067 neg 0.3511347458588486 __DUMMY__ 0.2827087367796408	false	0.5
unwissend	neg 1.0		off 0.3677659731675183 neg 0.35072514283998607 __DUMMY__ 0.2815088839924956	false	0.5
traurig	neg 1.0		off 0.3688607049429816 neg 0.34977587430862844 __DUMMY__ 0.28136342074839	false	0.5
senkung	neg 1.0		neg 0.36119803788827687 off 0.3574174309756501 __DUMMY__ 0.28138453113607315	false	1.0
ungleich	neg 1.0		off 0.3646509906052739 neg 0.3535444122688309 __DUMMY__ 0.2818045971258953	false	0.5
heikel	neg 1.0		off 0.36486874839739736 neg 0.35340661362192927 __DUMMY__ 0.2817246379806735	false	0.5
drosselung	neg 1.0		neg 0.3599224351710549 off 0.35834802144698435 __DUMMY__ 0.28172954338196077	false	1.0
falsch	neg 1.0		off 0.36768624024272883 neg 0.3507824182357195 __DUMMY__ 0.28153134152155174	false	0.5
unzufriedenheit	neg 1.0		off 0.36398236407500345 neg 0.3541590617818096 __DUMMY__ 0.28185857414318694	false	0.5
kurz	neg 1.0		off 0.3673206453727754 neg 0.35088635786779415 __DUMMY__ 0.2817929967594305	false	0.5
unsinnig	neg 1.0		off 0.36553076496108217 neg 0.35287494175017936 __DUMMY__ 0.2815942932887385	false	0.5
penner	off 1.0		off 0.3700222474587332 neg 0.3489081726066625 __DUMMY__ 0.2810695799346043	false	1.0
seicht	neg 1.0		off 0.36840007946066183 neg 0.35001408210057733 __DUMMY__ 0.28158583843876084	false	0.5
dummheit	off 1.0		off 0.36642591121122625 neg 0.35200866797713515 __DUMMY__ 0.2815654208116386	false	1.0
unerfreulich	neg 1.0		off 0.36475208708018914 neg 0.3533425353480496 __DUMMY__ 0.28190537757176115	false	0.5
pikiert	neg 1.0		off 0.3675390285020067 neg 0.3508764943343316 __DUMMY__ 0.28158447716366164	false	0.5
motherfucker	off 1.0		__DUMMY__ 0.40422077472875045 off 0.35598415432552766 neg 0.23979507094572194	false	1.0
wrack	neg 1.0		off 0.3649673117638174 neg 0.35298626955505896 __DUMMY__ 0.2820464186811235	false	0.5
gangster	neg 1.0		off 0.3711137323171438 __DUMMY__ 0.34097436300332334 neg 0.28791190467953276	false	0.5
krank	neg 1.0		off 0.3692327889063042 neg 0.34945226222088416 __DUMMY__ 0.2813149488728116	false	0.5
reich	neg 1.0		off 0.36487918203321157 neg 0.3531353357758728 __DUMMY__ 0.28198548219091574	false	0.5
gnadenlos	neg 1.0		off 0.36676307120660423 neg 0.3514424606577277 __DUMMY__ 0.2817944681356681	false	0.5
niedergeschlagen	neg 1.0		off 0.3659479030473539 neg 0.35224564930848196 __DUMMY__ 0.28180644764416407	false	0.5
terrorisieren	off 1.0	off 1.0	off 0.6713221078459755 neg 0.19330455632508026 __DUMMY__ 0.13537333582894434	false	1.0
sinnlosigkeit	neg 1.0		off 0.36532663944139604 neg 0.35297068241465135 __DUMMY__ 0.2817026781439526	false	0.5
behindern	neg 1.0		off 0.3618800843014266 neg 0.35617923925003225 __DUMMY__ 0.2819406764485411	false	0.5
undemokratisch	neg 1.0		off 0.36377753316181344 neg 0.35499465234123984 __DUMMY__ 0.28122781449694667	false	0.5
wirtschaftskrise	neg 1.0		off 0.36034334504751153 neg 0.3574080295011328 __DUMMY__ 0.2822486254513556	false	0.5
neid	neg 1.0		off 0.36758343941558236 neg 0.35050439196874555 __DUMMY__ 0.28191216861567203	false	0.5
rutschen	neg 1.0		off 0.3658507493228061 neg 0.3519042507165354 __DUMMY__ 0.28224499996065844	false	0.5
rezession	neg 1.0		neg 0.35909511917702625 off 0.35858380712939936 __DUMMY__ 0.28232107369357445	false	1.0
fehlgeburt	neg 1.0		off 0.3679040490380923 neg 0.3510081782523227 __DUMMY__ 0.28108777270958507	false	0.5
charakterschwach	off 1.0		off 0.3673007865585183 neg 0.35115068972340713 __DUMMY__ 0.28154852371807465	false	1.0
isolation	neg 1.0		neg 0.3689425022601664 off 0.3537177738362595 __DUMMY__ 0.27733972390357414	false	1.0
ablenkung	neg 1.0		off 0.3668354533996817 neg 0.35153542518065733 __DUMMY__ 0.28162912141966095	false	0.5
pech	neg 1.0		off 0.36864642484764265 neg 0.3496881104787104 __DUMMY__ 0.2816654646736468	false	0.5
dominieren	neg 1.0		off 0.3612262099556205 neg 0.35609951619909347 __DUMMY__ 0.28267427384528615	false	0.5
vermeidung	neg 1.0		neg 0.3613942375770794 off 0.35745689227628014 __DUMMY__ 0.28114887014664053	false	1.0
schwindlig	neg 1.0		off 0.3698967445672594 neg 0.34896479410105063 __DUMMY__ 0.28113846133169	false	0.5
lutscher	neg 1.0		off 0.3735237984592731 neg 0.3460317855225702 __DUMMY__ 0.28044441601815684	false	0.5
pflicht	neg 1.0		off 0.36454519898430177 neg 0.3534765638151348 __DUMMY__ 0.2819782372005635	false	0.5
faschist	off 1.0		off 0.3660569496629318 neg 0.3524768042727087 __DUMMY__ 0.2814662460643593	false	1.0
verschleudern	neg 1.0		off 0.362171640685908 neg 0.35583232001817994 __DUMMY__ 0.281996039295912	false	0.5
ehebruch	neg 1.0		off 0.3651948386483312 neg 0.35297375863770675 __DUMMY__ 0.28183140271396195	false	0.5
trostlosigkeit	neg 1.0		off 0.3642828859529612 neg 0.35384846015816734 __DUMMY__ 0.28186865388887133	false	0.5
lutschen	neg 1.0		off 0.374168271566791 neg 0.346196395606351 __DUMMY__ 0.27963533282685804	false	0.5
spott	off 1.0		off 0.3645748115515193 neg 0.35359669023105444 __DUMMY__ 0.2818284982174263	false	1.0
undiszipliniert	neg 1.0		off 0.36884306717965315 neg 0.34991688544708216 __DUMMY__ 0.2812400473732648	false	0.5
kopfschmerz	neg 1.0		off 0.36773044911613856 neg 0.3511785294063387 __DUMMY__ 0.28109102147752274	false	0.5
unvorhergesehen	neg 1.0		off 0.36641377958106247 neg 0.351643206393467 __DUMMY__ 0.28194301402547056	false	0.5
desinteressiert	neg 1.0		off 0.3686179445955489 neg 0.3499389555977646 __DUMMY__ 0.2814430998066864	false	0.5
armselig	off 1.0		off 0.36732396011663665 neg 0.35090557118269405 __DUMMY__ 0.28177046870066924	false	1.0
tod	neg 1.0		off 0.3643760811526457 neg 0.353656029131781 __DUMMY__ 0.2819678897155733	false	0.5
desaster	neg 1.0		off 0.3628916350689201 neg 0.35504679499957964 __DUMMY__ 0.2820615699315001	false	0.5
herzlos	neg 1.0		off 0.36861457525830416 neg 0.34992668436514 __DUMMY__ 0.2814587403765559	false	0.5
unwissenheit	neg 1.0		off 0.364629567269527 neg 0.3538096093088444 __DUMMY__ 0.28156082342162847	false	0.5
widersinnig	neg 1.0		off 0.36344052958994305 neg 0.35493094200933356 __DUMMY__ 0.2816285284007235	false	0.5
bedenklich	neg 1.0		off 0.36483253117069825 neg 0.3534254514746786 __DUMMY__ 0.28174201735462323	false	0.5
beanstanden	neg 1.0		off 0.36406704385094124 neg 0.353929609466985 __DUMMY__ 0.2820033466820738	false	0.5
panisch	neg 1.0		off 0.36794733090018655 neg 0.35070821296568566 __DUMMY__ 0.28134445613412773	false	0.5
abstrich	neg 1.0		off 0.3676574420802437 neg 0.35144851243849307 __DUMMY__ 0.28089404548126323	false	0.5
debil	off 1.0		off 0.38081344789946175 neg 0.3416792636840077 __DUMMY__ 0.27750728841653066	false	1.0
primitiv	neg 1.0		off 0.3676677508941963 neg 0.3505247521377551 __DUMMY__ 0.28180749696804863	false	0.5
abschaum	off 1.0		off 0.36707487880800327 neg 0.35131634129476835 __DUMMY__ 0.28160877989722827	false	1.0
tot	neg 1.0		off 0.36813466431801156 neg 0.3505681005282795 __DUMMY__ 0.2812972351537089	false	0.5
provozieren	neg 1.0		off 0.36634300287403687 neg 0.3519895881076776 __DUMMY__ 0.28166740901828535	false	0.5
instabil	neg 1.0		off 0.3656357583483559 neg 0.35215785063234883 __DUMMY__ 0.2822063910192954	false	0.5
schwuchtel	off 1.0		off 0.37420916811980776 neg 0.3457002996472388 __DUMMY__ 0.2800905322329533	false	1.0
zerren	neg 1.0		off 0.36617109155789573 neg 0.3521615050104405 __DUMMY__ 0.28166740343166363	false	0.5
kinderficker	off 1.0		off 0.3676679116779575 neg 0.3511607172106161 __DUMMY__ 0.2811713711114266	false	1.0
gefahr	neg 1.0		off 0.36159491116887166 neg 0.3561307360251437 __DUMMY__ 0.28227435280598445	false	0.5
rabiat	neg 1.0		off 0.3662991235951682 neg 0.35182749876943337 __DUMMY__ 0.28187337763539855	false	0.5
verlangsamung	neg 1.0		off 0.3597449686287235 neg 0.3574295205650144 __DUMMY__ 0.2828255108062621	false	0.5
anklagen	neg 1.0		off 0.36176650159723317 neg 0.35654538511625006 __DUMMY__ 0.2816881132865168	false	0.5
ausgestorben	neg 1.0		off 0.36577968502625224 neg 0.3521519162846945 __DUMMY__ 0.28206839868905337	false	0.5
verminderung	neg 1.0		neg 0.3614111379145304 off 0.3571678878724309 __DUMMY__ 0.2814209742130386	false	1.0
rost	neg 1.0		off 0.3627936349326796 neg 0.35363935711906797 __DUMMY__ 0.28356700794825246	false	0.5
destruktiv	neg 1.0		off 0.3652923075965641 neg 0.3530357891437732 __DUMMY__ 0.2816719032596626	false	0.5
unzumutbarkeit	neg 1.0		off 0.36166389589230863 neg 0.3563793033475356 __DUMMY__ 0.28195680076015583	false	0.5
labil	off 1.0	off 1.0	off 0.7521866191895662 neg 0.1387562445170673 __DUMMY__ 0.10905713629336658	false	1.0
ziemlich	neg 1.0		off 0.36870023949675246 neg 0.34983618077795536 __DUMMY__ 0.2814635797252921	false	0.5
lachnummer	off 1.0		off 0.3653216843975506 neg 0.352815952443221 __DUMMY__ 0.28186236315922836	false	1.0
ausgrenzung	neg 1.0		off 0.3623927096773076 neg 0.35596638664674507 __DUMMY__ 0.28164090367594746	false	0.5
verfall	neg 1.0		off 0.3628903108481263 neg 0.3551346043996476 __DUMMY__ 0.2819750847522262	false	0.5
unordnung	neg 1.0	neg 1.0	neg 0.6610046747150354 off 0.2023621099370129 __DUMMY__ 0.1366332153479517	false	1.0
fehlverhalten	neg 1.0		off 0.36396571287722057 neg 0.35422472843733793 __DUMMY__ 0.28180955868544155	false	0.5
nille	neg 1.0		off 0.38166201467676064 neg 0.34048814986171244 __DUMMY__ 0.27784983546152703	false	0.5
qual	neg 1.0		off 0.3740703079185374 neg 0.3668910891556224 __DUMMY__ 0.25903860292584024	false	0.5
riesig	neg 1.0		off 0.3721821096368919 neg 0.3462886344298161 __DUMMY__ 0.281529255933292	false	0.5
verschwenden	neg 1.0		off 0.36544651725115723 neg 0.3528281013542769 __DUMMY__ 0.28172538139456593	false	0.5
verurteilen	neg 1.0		off 0.36460065500928013 neg 0.35376640895230327 __DUMMY__ 0.2816329360384166	false	0.5
klischee	neg 1.0		off 0.36715268704279314 neg 0.3511232499934605 __DUMMY__ 0.28172406296374636	false	0.5
diktatorisch	neg 1.0		off 0.3641806109861706 neg 0.3545237665197426 __DUMMY__ 0.2812956224940869	false	0.5
vorhersehbar	neg 1.0		off 0.3665273178858756 neg 0.3515480985262425 __DUMMY__ 0.2819245835878819	false	0.5
stornieren	neg 1.0		off 0.36458292025601496 neg 0.3537318400638014 __DUMMY__ 0.28168523968018383	false	0.5
besteuerung	neg 1.0		neg 0.35997181265596806 off 0.35813813355673807 __DUMMY__ 0.281890053787294	false	1.0
ungeschminkt	neg 1.0		off 0.37238629206133145 neg 0.3473099918992104 __DUMMY__ 0.28030371603945814	false	0.5
kritisch	neg 1.0		off 0.3645406607903473 neg 0.3536289153967884 __DUMMY__ 0.2818304238128643	false	0.5
schlamperei	off 1.0		off 0.36198658611791584 neg 0.35609816952807305 __DUMMY__ 0.28191524435401116	false	1.0
sucht	neg 1.0		off 0.36520515818753424 neg 0.35161772597162383 __DUMMY__ 0.28317711584084193	false	0.5
egoistisch	off 1.0		off 0.3689165201485214 neg 0.3499488759133418 __DUMMY__ 0.2811346039381369	false	1.0
ausbeuter	off 1.0		off 0.36407490867655234 neg 0.3541192984993625 __DUMMY__ 0.2818057928240852	false	1.0
arschgeburt			off 0.37527112787228817 neg 0.34494670464987554 __DUMMY__ 0.2797821674778363	false	0.0
schubs	neg 1.0		off 0.3691580058219811 neg 0.34991448949541987 __DUMMY__ 0.28092750468259897	false	0.5
unsolide	neg 1.0		off 0.3639050040145263 neg 0.3547096536069939 __DUMMY__ 0.28138534237847984	false	0.5
beschwerde	neg 1.0		off 0.3621854044913707 neg 0.35619552476075234 __DUMMY__ 0.281619070747877	false	0.5
stocken	neg 1.0		off 0.36044719476002657 neg 0.35697441285625775 __DUMMY__ 0.2825783923837156	false	0.5
isolieren	neg 1.0		off 0.36124976929726005 neg 0.3566371686669501 __DUMMY__ 0.2821130620357899	false	0.5
unheilbar	neg 1.0		off 0.36608900079271545 neg 0.3522288446091891 __DUMMY__ 0.28168215459809554	false	0.5
pisser	off 1.0		off 0.37522204915718577 neg 0.3448851822356476 __DUMMY__ 0.2798927686071666	false	1.0
löschen	neg 1.0		off 0.3686667439872138 neg 0.3534901721684635 __DUMMY__ 0.2778430838443227	false	0.5
durchfallen	neg 1.0		off 0.3653429593482252 neg 0.3530532648583749 __DUMMY__ 0.2816037757933998	false	0.5
wichser	off 1.0		off 0.3703432634467645 neg 0.3485843988168402 __DUMMY__ 0.2810723377363953	false	1.0
terror	neg 1.0		neg 0.36259769856071894 off 0.3583047896939365 __DUMMY__ 0.27909751174534453	false	1.0
krass	neg 1.0		off 0.37220202744706954 neg 0.3472793310090529 __DUMMY__ 0.28051864154387757	false	0.5
revolte	neg 1.0		off 0.36088274438021156 neg 0.35697281541617654 __DUMMY__ 0.282144440203612	false	0.5
besorgt	neg 1.0		off 0.36621347090694545 neg 0.35208233142893397 __DUMMY__ 0.2817041976641207	false	0.5
nachlassen	neg 1.0		off 0.36458719930213473 neg 0.3534361530955149 __DUMMY__ 0.28197664760235025	false	0.5
alt	neg 1.0		off 0.3696961619736652 neg 0.3483982587439968 __DUMMY__ 0.2819055792823379	false	0.5
hundesohn	off 1.0		off 0.37763052008537656 neg 0.3432809530009246 __DUMMY__ 0.27908852691369884	false	1.0
abschreckung	neg 1.0		off 0.3634687685692983 neg 0.35475537368011867 __DUMMY__ 0.281775857750583	false	0.5
unqualifiziert	neg 1.0		off 0.36616829054149547 neg 0.3524082271102766 __DUMMY__ 0.2814234823482278	false	0.5
abgewichst	off 1.0		off 0.37937883337697736 neg 0.3421940676880667 __DUMMY__ 0.2784270989349559	false	1.0
kapitulation	neg 1.0		off 0.36225300475098726 neg 0.35577555599940186 __DUMMY__ 0.281971439249611	false	0.5
schwer	neg 1.0		off 0.3664617940747782 neg 0.35165720247423227 __DUMMY__ 0.2818810034509896	false	0.5
bedeutungslosigkeit	neg 1.0		off 0.36392081284374744 neg 0.354085227592423 __DUMMY__ 0.28199395956382955	false	0.5
unscharf	neg 1.0		off 0.370165824540732 neg 0.3489724480870576 __DUMMY__ 0.2808617273722104	false	0.5
schwinden	neg 1.0		off 0.3609546884493388 neg 0.3566958080981736 __DUMMY__ 0.28234950345248766	false	0.5
versklavung	neg 1.0		off 0.3616622583339357 neg 0.35682890515532933 __DUMMY__ 0.28150883651073505	false	0.5
schlecht	neg 1.0		off 0.36814771559602594 neg 0.350312228552866 __DUMMY__ 0.2815400558511079	false	0.5
verhasst	neg 1.0		off 0.36571752868360335 neg 0.3525139048649854 __DUMMY__ 0.2817685664514112	false	0.5
beschweren	neg 1.0		off 0.36670710760285485 neg 0.3514232241472784 __DUMMY__ 0.2818696682498667	false	0.5
scheiden	neg 1.0		off 0.3667134669668171 neg 0.351373663311579 __DUMMY__ 0.2819128697216041	false	0.5
frustriert	neg 1.0		off 0.36606763333084624 neg 0.3521925133801264 __DUMMY__ 0.28173985328902734	false	0.5
schimmelig	neg 1.0		off 0.3722926616761131 neg 0.3470818346584932 __DUMMY__ 0.28062550366539374	false	0.5
fisch	neg 1.0		off 0.3695792261421977 neg 0.34840909687635785 __DUMMY__ 0.28201167698144447	false	0.5
schmuggel	neg 1.0		off 0.3649482837957197 neg 0.3531810886947888 __DUMMY__ 0.2818706275094915	false	0.5
auffallen	neg 1.0		off 0.36667749822725 neg 0.3515804146209911 __DUMMY__ 0.2817420871517589	false	0.5
konkurrenz	neg 1.0		off 0.3641187484489259 neg 0.35390486173491065 __DUMMY__ 0.2819763898161635	false	0.5
teufelskreis	neg 1.0		off 0.3658545411395336 neg 0.3522734996400964 __DUMMY__ 0.28187195922037	false	0.5
aufschreien	neg 1.0		off 0.3672995397338562 neg 0.3509556643776137 __DUMMY__ 0.28174479588852996	false	0.5
missgeburt	off 1.0		off 0.3751865849219462 neg 0.3446940149226381 __DUMMY__ 0.2801194001554158	false	1.0
schuldner	neg 1.0		off 0.36118704799295887 neg 0.35679811149412927 __DUMMY__ 0.282014840512912	false	0.5
befallen	neg 1.0		off 0.3637690855408559 neg 0.3549230045834264 __DUMMY__ 0.2813079098757178	false	0.5
arbeitslos	neg 1.0		off 0.3652937065949159 neg 0.35289268436311905 __DUMMY__ 0.28181360904196506	false	0.5
miesepetrig	off 1.0		off 0.3682655481640948 neg 0.350331573068179 __DUMMY__ 0.28140287876772613	false	1.0
alarmieren	neg 1.0		off 0.3600390601337876 neg 0.35777787752912704 __DUMMY__ 0.2821830623370855	false	0.5
ungeduscht	off 1.0		off 0.3708832912288562 neg 0.34853877703174657 __DUMMY__ 0.28057793173939716	false	1.0
knappheit	neg 1.0		off 0.36120405975784997 neg 0.35658150860019955 __DUMMY__ 0.2822144316419504	false	0.5
schlange	neg 1.0		off 0.3671392290138659 neg 0.3510034286255637 __DUMMY__ 0.28185734236057025	false	0.5
harsch	neg 1.0		off 0.36177104934601206 neg 0.3565733637917406 __DUMMY__ 0.28165558686224723	false	0.5
lang	neg 1.0	neg 1.0	neg 0.6191501241012708 off 0.228874351917633 __DUMMY__ 0.15197552398109626	false	1.0
ziellos	neg 1.0		off 0.36580065985887494 neg 0.35227299479810414 __DUMMY__ 0.28192634534302097	false	0.5
selbstverliebt	neg 1.0		off 0.37132889485165166 neg 0.347758056659606 __DUMMY__ 0.28091304848874243	false	0.5
beseitigen	neg 1.0		off 0.3614778371317649 neg 0.35621641790521336 __DUMMY__ 0.28230574496302163	false	0.5
dumm	off 1.0		off 0.3697604094077568 neg 0.3490804047779987 __DUMMY__ 0.28115918581424465	false	1.0
arbeitsloser	neg 1.0		off 0.3650132856142378 neg 0.35310025130422396 __DUMMY__ 0.28188646308153825	false	0.5
blitzen	neg 1.0		off 0.36632057870460266 neg 0.35078253927688235 __DUMMY__ 0.28289688201851493	false	0.5
hilflos	neg 1.0		off 0.3661805313953503 neg 0.3522821219443291 __DUMMY__ 0.2815373466603205	false	0.5
eklig	off 1.0		off 0.37150352854024904 neg 0.34780312232738014 __DUMMY__ 0.2806933491323708	false	1.0
hungersnot	neg 1.0		off 0.36191531857372977 neg 0.3558152276264524 __DUMMY__ 0.2822694537998177	false	0.5
ungesetzlich	neg 1.0		off 0.3634109724736366 neg 0.35499412526973295 __DUMMY__ 0.2815949022566306	false	0.5
verschwendung	neg 1.0		off 0.3649944111174483 neg 0.35323374833193943 __DUMMY__ 0.28177184055061233	false	0.5
schmerzvoll	neg 1.0		off 0.367322875986577 neg 0.35110076343332614 __DUMMY__ 0.28157636058009683	false	0.5
vorzeitig	neg 1.0		off 0.3600184357412257 neg 0.35788098952209374 __DUMMY__ 0.2821005747366806	false	0.5
unvollkommenheit	neg 1.0		off 0.3657570179550034 neg 0.35249680928605737 __DUMMY__ 0.28174617275893926	false	0.5
intervenieren	neg 1.0		off 0.3635210660493766 neg 0.3548026774673084 __DUMMY__ 0.28167625648331496	false	0.5
banause	off 1.0		off 0.3702184651394037 neg 0.3488435756547906 __DUMMY__ 0.28093795920580567	false	1.0
rebell	neg 1.0		off 0.3752191246773517 neg 0.34581864187669226 __DUMMY__ 0.27896223344595605	false	0.5
unlogisch	neg 1.0		off 0.368546033413704 neg 0.35017096096096056 __DUMMY__ 0.2812830056253355	false	0.5
abschaffung	neg 1.0		off 0.36057221534682443 neg 0.3578846771101177 __DUMMY__ 0.28154310754305795	false	0.5
leiden	neg 1.0		off 0.36679906198254525 neg 0.35132628890599527 __DUMMY__ 0.28187464911145954	false	0.5
sturz	neg 1.0		off 0.36155519166853545 neg 0.35619366546130393 __DUMMY__ 0.28225114287016057	false	0.5
verkleinerung	neg 1.0		off 0.35956844678986455 neg 0.3585180835191615 __DUMMY__ 0.2819134696909741	false	0.5
schmarotzer	off 1.0		off 0.365464154820697 neg 0.35290273363168256 __DUMMY__ 0.2816331115476204	false	1.0
bestrafung	neg 1.0		off 0.3669027982920098 neg 0.35141137942079265 __DUMMY__ 0.28168582228719763	false	0.5
achtlos	neg 1.0		off 0.36616378301695024 neg 0.3522482635356505 __DUMMY__ 0.2815879534473993	false	0.5
ungeheuer	neg 1.0		off 0.36790921147255196 neg 0.350138934351827 __DUMMY__ 0.28195185417562096	false	0.5
unaufrichtig	neg 1.0		off 0.3665734905447509 neg 0.35236612271265766 __DUMMY__ 0.2810603867425915	false	0.5
groggy	neg 1.0		off 0.37197571755413184 neg 0.34693185668704485 __DUMMY__ 0.28109242575882326	false	0.5
verletzlich	neg 1.0		off 0.3684508717474254 neg 0.35012396802862117 __DUMMY__ 0.2814251602239535	false	0.5
ablehnen	neg 1.0		off 0.36446542435548307 neg 0.3539119161054692 __DUMMY__ 0.2816226595390478	false	0.5
kollaps	neg 1.0		off 0.35964638449162584 neg 0.35826965914912673 __DUMMY__ 0.2820839563592473	false	0.5
beschnitten	neg 1.0		off 0.366729219015569 neg 0.35158222285611845 __DUMMY__ 0.2816885581283125	false	0.5
defekt	neg 1.0		off 0.36074041651718847 neg 0.35760917039408685 __DUMMY__ 0.28165041308872474	false	0.5
dreckskerl	off 1.0		off 0.3686467706794451 neg 0.3502180410852485 __DUMMY__ 0.2811351882353065	false	1.0
deine	neg 1.0		off 0.37006991726493005 neg 0.3489271024859472 __DUMMY__ 0.2810029802491227	false	0.5
aufgeben	neg 1.0		off 0.366888240591121 neg 0.35107447768201716 __DUMMY__ 0.2820372817268618	false	0.5
durcheinander	neg 1.0		off 0.36754758477118205 neg 0.35070423601820466 __DUMMY__ 0.2817481792106133	false	0.5
unterbrechen	neg 1.0		off 0.3656985016624964 neg 0.35244134306318436 __DUMMY__ 0.2818601552743191	false	0.5
vergammeln	neg 1.0		off 0.3672520630456612 neg 0.3510158475278962 __DUMMY__ 0.28173208942644257	false	0.5
grotesk	neg 1.0		off 0.36530960802699014 neg 0.352778351358474 __DUMMY__ 0.2819120406145359	false	0.5
elendig	neg 1.0		off 0.36739578704489084 neg 0.351122202779434 __DUMMY__ 0.28148201017567503	false	0.5
naiv	off 1.0		off 0.36694819893631825 neg 0.35118598258512357 __DUMMY__ 0.2818658184785582	false	1.0
uneinigkeit	neg 1.0		off 0.36105472087653306 neg 0.3570339551474107 __DUMMY__ 0.28191132397605617	false	0.5
fragil	neg 1.0		neg 0.3642997515059467 off 0.35876824752365494 __DUMMY__ 0.27693200097039833	false	1.0
provisorisch	neg 1.0		off 0.36530895264296376 neg 0.3524638334581742 __DUMMY__ 0.2822272138988621	false	0.5
landei	off 1.0		off 0.37016890685432924 neg 0.34837182001702816 __DUMMY__ 0.28145927312864266	false	1.0
bedauerlich	neg 1.0		off 0.364990583232047 neg 0.3531911359079888 __DUMMY__ 0.28181828085996424	false	0.5
krieg	neg 1.0		off 0.3659984525117042 neg 0.35228148364623585 __DUMMY__ 0.28172006384205983	false	0.5
traurigkeit	neg 1.0		off 0.36662174756133764 neg 0.35160875215558063 __DUMMY__ 0.28176950028308173	false	0.5
monotonie	neg 1.0		off 0.36539487665618053 neg 0.3526000746129639 __DUMMY__ 0.28200504873085547	false	0.5
unliebsam	neg 1.0		off 0.3659014572061053 neg 0.3523356360123711 __DUMMY__ 0.2817629067815236	false	0.5
drift	neg 1.0		neg 0.39336772176131546 off 0.35961129009997167 __DUMMY__ 0.24702098813871295	false	1.0
chaos	neg 1.0		off 0.3630142988787659 neg 0.3551568529222563 __DUMMY__ 0.28182884819897763	false	0.5
blutig	neg 1.0		off 0.3673001617765651 neg 0.35089788954220963 __DUMMY__ 0.28180194868122516	false	0.5
machtlos	neg 1.0		off 0.36471841120289866 neg 0.3535216432706739 __DUMMY__ 0.2817599455264274	false	0.5
