unsolidarisch	neg 1.0		off 0.41540081827861564 neg 0.4030472818661002 __DUMMY__ 0.18155189985528414	false	0.5
nachteilig	neg 1.0		off 0.41449899896697195 neg 0.40356676817473974 __DUMMY__ 0.18193423285828825	false	0.5
skeptisch	neg 1.0		off 0.4153477504386634 neg 0.40269793309124885 __DUMMY__ 0.18195431647008778	false	0.5
schrecklich	neg 1.0		off 0.4200940217403095 neg 0.3984432750068449 __DUMMY__ 0.18146270325284555	false	0.5
schlapp	neg 1.0		off 0.420321885279042 neg 0.39811966629552326 __DUMMY__ 0.18155844842543464	false	0.5
abfall	neg 1.0		off 0.4145864472340951 neg 0.40327427453620157 __DUMMY__ 0.18213927822970322	false	0.5
widerspenstig	neg 1.0		off 0.41760229724011916 neg 0.40073160039775796 __DUMMY__ 0.18166610236212294	false	0.5
abrupt	neg 1.0		off 0.41631417048247005 neg 0.40160761524906696 __DUMMY__ 0.18207821426846302	false	0.5
unwirksam	neg 1.0		off 0.4096806761844476 neg 0.4083886386229663 __DUMMY__ 0.1819306851925862	false	0.5
angreifen	neg 1.0		off 0.41534130686398407 neg 0.4027604005978365 __DUMMY__ 0.18189829253817946	false	0.5
inkonsistent	neg 1.0		off 0.4174661586587267 neg 0.40055475310173005 __DUMMY__ 0.18197908823954323	false	0.5
abrutschen	neg 1.0		off 0.4153421040223352 neg 0.40273472436887 __DUMMY__ 0.18192317160879487	false	0.5
unsicher	neg 1.0		off 0.4174088751011882 neg 0.40074915543154266 __DUMMY__ 0.18184196946726913	false	0.5
bauernkind	off 1.0		off 0.4241013432807782 neg 0.3949778900600912 __DUMMY__ 0.18092076665913065	false	1.0
angreifer	neg 1.0		off 0.41254482746168625 neg 0.4056579703103573 __DUMMY__ 0.18179720222795637	false	0.5
trennen	neg 1.0		off 0.4164169970525547 neg 0.4013915022423664 __DUMMY__ 0.18219150070507878	false	0.5
schmutz	neg 1.0		off 0.4127947466360854 neg 0.4051677534694163 __DUMMY__ 0.18203749989449844	false	0.5
inkonsistenz	neg 1.0		off 0.4181357196533694 neg 0.4001735348020171 __DUMMY__ 0.1816907455446135	false	0.5
erschreckend	neg 1.0		off 0.41614750021315916 neg 0.4019875182929978 __DUMMY__ 0.18186498149384295	false	0.5
ertrinken	neg 1.0		off 0.41660069824922447 neg 0.40174592628637845 __DUMMY__ 0.18165337546439717	false	0.5
pickelface	off 1.0		off 0.42849136576582597 neg 0.3911665841015835 __DUMMY__ 0.18034205013259047	false	1.0
lauch	neg 1.0		off 0.4256196942793659 neg 0.3937044164427445 __DUMMY__ 0.18067588927788963	false	0.5
steuerhinterziehung	neg 1.0		off 0.412313611347198 neg 0.4059250065364186 __DUMMY__ 0.18176138211638332	false	0.5
unwichtig	neg 1.0		off 0.4182294493919677 neg 0.4000368780455439 __DUMMY__ 0.1817336725624883	false	0.5
schock	neg 1.0		off 0.41748461886520194 neg 0.40049698985140214 __DUMMY__ 0.18201839128339578	false	0.5
vergelten	neg 1.0		off 0.41468681283704684 neg 0.4040413839783703 __DUMMY__ 0.1812718031845829	false	0.5
beule	neg 1.0		off 0.42103212139099105 neg 0.39753728028068785 __DUMMY__ 0.1814305983283212	false	0.5
verdorbenheit	neg 1.0		off 0.4154862701488958 neg 0.4016814703250979 __DUMMY__ 0.18283225952600635	false	0.5
trauma			off 0.4390556436195068 neg 0.3973609489934927 __DUMMY__ 0.16358340738700058	false	0.0
sinnlos	neg 1.0		off 0.41814641817147447 neg 0.4001503703260162 __DUMMY__ 0.1817032115025094	false	0.5
fettsack	off 1.0		off 0.42372793308356566 neg 0.39512175621968126 __DUMMY__ 0.18115031069675308	false	1.0
feige	off 1.0		off 0.4181847799680125 neg 0.40002181675267373 __DUMMY__ 0.18179340327931384	false	1.0
abdanken	neg 1.0		off 0.4155492868243831 neg 0.40272832305052825 __DUMMY__ 0.18172239012508862	false	0.5
wichtigtuer	off 1.0	off 1.0	off 0.6968710148545202 neg 0.21647484017863403 __DUMMY__ 0.08665414496684581	false	1.0
misslingen	neg 1.0		off 0.41748306311697847 neg 0.40091266586021346 __DUMMY__ 0.181604271022808	false	0.5
untreu	off 1.0		off 0.41827888615361564 neg 0.39994318013095537 __DUMMY__ 0.18177793371542889	false	1.0
missmutig	neg 1.0		off 0.4175269155025938 neg 0.4005813681756238 __DUMMY__ 0.1818917163217824	false	0.5
hurenbock	off 1.0		off 0.4237611372579743 neg 0.39555004643207475 __DUMMY__ 0.18068881630995107	false	1.0
betrunken	neg 1.0		off 0.4201569420071765 neg 0.3984255897475886 __DUMMY__ 0.18141746824523478	false	0.5
korrupt	off 1.0		off 0.415339268425268 neg 0.40298506127712885 __DUMMY__ 0.18167567029760318	false	1.0
unmut	neg 1.0		off 0.4139940026426329 neg 0.4040399977315419 __DUMMY__ 0.18196599962582505	false	0.5
hackfresse	off 1.0		off 0.42101515904502584 neg 0.3976979225869097 __DUMMY__ 0.18128691836806451	false	1.0
aufblasen	neg 1.0		off 0.41816359824377786 neg 0.4000970388321811 __DUMMY__ 0.18173936292404108	false	0.5
gewaltsam	neg 1.0		off 0.4132518044836252 neg 0.4048752449852747 __DUMMY__ 0.18187295053109992	false	0.5
unbeliebtheit	neg 1.0		off 0.4123289783762279 neg 0.405764452974056 __DUMMY__ 0.18190656864971605	false	0.5
sturheit	neg 1.0		off 0.4154069932144631 neg 0.40276513599175895 __DUMMY__ 0.18182787079377796	false	0.5
kuh	neg 1.0		off 0.42439231990860227 neg 0.3946116401497203 __DUMMY__ 0.1809960399416775	false	0.5
erschrecken	neg 1.0		off 0.4186715148123986 neg 0.3996650551160823 __DUMMY__ 0.18166343007151917	false	0.5
opfer	neg 1.0		off 0.4159059274756002 neg 0.40217808142080175 __DUMMY__ 0.18191599110359807	false	0.5
stinktier	neg 1.0		off 0.42404578923287417 neg 0.39498488276938065 __DUMMY__ 0.18096932799774518	false	0.5
sinken	neg 1.0		off 0.4122959956710691 neg 0.4052933125680762 __DUMMY__ 0.18241069176085467	false	0.5
tucke	off 1.0		off 0.4230909636180482 neg 0.396108004409606 __DUMMY__ 0.18080103197234582	false	1.0
abstieg	neg 1.0		off 0.41384494422885265 neg 0.4040741799125058 __DUMMY__ 0.18208087585864163	false	0.5
missverstehen	neg 1.0		off 0.41750431649958264 neg 0.4006723855024101 __DUMMY__ 0.1818232979980073	false	0.5
ergebnislos	neg 1.0		off 0.41189699544099656 neg 0.4059610228433134 __DUMMY__ 0.18214198171569	false	0.5
manipulieren	neg 1.0		off 0.41557268216457827 neg 0.4027519518585751 __DUMMY__ 0.18167536597684658	false	0.5
verschleppen	neg 1.0		off 0.41245681660341477 neg 0.4055988745806399 __DUMMY__ 0.18194430881594537	false	0.5
unbewiesen	neg 1.0		off 0.41395401535682624 neg 0.4041411321741621 __DUMMY__ 0.18190485246901167	false	0.5
weib	off 1.0		off 0.42299499778407934 neg 0.3959774034979918 __DUMMY__ 0.18102759871792878	false	1.0
opposition	neg 1.0		off 0.41065079477870087 neg 0.4079239256526757 __DUMMY__ 0.1814252795686235	false	0.5
verkehrswidrig	neg 1.0		off 0.4126364410566984 neg 0.40602928832915064 __DUMMY__ 0.1813342706141509	false	0.5
inkorrekt	neg 1.0		off 0.41801937082186896 neg 0.4002596387342511 __DUMMY__ 0.18172099044387993	false	0.5
vermeiden	neg 1.0		off 0.4137671940830245 neg 0.4041053209607798 __DUMMY__ 0.1821274849561957	false	0.5
abweichung	neg 1.0		off 0.41344981250276297 neg 0.40445701174253 __DUMMY__ 0.18209317575470702	false	0.5
alkoholisiert	neg 1.0		off 0.4161000316410863 neg 0.402058324371324 __DUMMY__ 0.18184164398758967	false	0.5
scheiss	off 1.0	off 1.0	off 0.6984890504500136 neg 0.21483480684146278 __DUMMY__ 0.08667614270852358	false	1.0
herausforderung	neg 1.0		off 0.4145081457109153 neg 0.40327016946664357 __DUMMY__ 0.18222168482244097	false	0.5
pervers	off 1.0		off 0.42280672021849436 neg 0.396252337152491 __DUMMY__ 0.18094094262901464	false	1.0
wackelig	neg 1.0		off 0.41778071772406256 neg 0.40042506089758084 __DUMMY__ 0.18179422137835674	false	0.5
verwickeln	neg 1.0		off 0.4172492257126746 neg 0.40085641273389694 __DUMMY__ 0.1818943615534285	false	0.5
vorwand	neg 1.0		off 0.4154554680662308 neg 0.40279111946313545 __DUMMY__ 0.1817534124706337	false	0.5
muschi	off 1.0		off 0.42793065606477504 neg 0.3917155595802716 __DUMMY__ 0.18035378435495336	false	1.0
entmutigung	neg 1.0		off 0.41284831529491584 neg 0.40538915656108604 __DUMMY__ 0.1817625281439981	false	0.5
unstetig	neg 1.0		off 0.415910507268475 neg 0.40229377995574833 __DUMMY__ 0.18179571277577664	false	0.5
unangemessen	neg 1.0		off 0.41573342976967215 neg 0.40242853990825117 __DUMMY__ 0.1818380303220767	false	0.5
entmutigen	neg 1.0		off 0.41759060946749377 neg 0.40056503828743206 __DUMMY__ 0.1818443522450742	false	0.5
schwanz	neg 1.0		off 0.4257506347986044 neg 0.39411099549082146 __DUMMY__ 0.18013836971057398	false	0.5
verbot	neg 1.0		off 0.41297651548481706 neg 0.40523648209660534 __DUMMY__ 0.1817870024185775	false	0.5
leid	neg 1.0		off 0.420565307378695 neg 0.39797393890228766 __DUMMY__ 0.18146075371901735	false	0.5
archaisch	neg 1.0		off 0.4158802339428955 neg 0.4023423826944396 __DUMMY__ 0.1817773833626649	false	0.5
scheidung	neg 1.0		off 0.41071022310192384 neg 0.40719618017289344 __DUMMY__ 0.18209359672518283	false	0.5
abgestanden	neg 1.0		off 0.419412197374494 neg 0.39869789616545276 __DUMMY__ 0.18188990646005326	false	0.5
einschlag	neg 1.0		off 0.41328135627069224 neg 0.4047285133153166 __DUMMY__ 0.18199013041399115	false	0.5
schmierig	off 1.0		off 0.42014822217180536 neg 0.39831456592522274 __DUMMY__ 0.1815372119029719	false	1.0
unpraktisch	neg 1.0		off 0.41918536440856813 neg 0.39917927829275895 __DUMMY__ 0.1816353572986728	false	0.5
wixxer	off 1.0		off 0.4240120236998898 neg 0.3949132691760442 __DUMMY__ 0.18107470712406595	false	1.0
jammerlappen	off 1.0		off 0.4182490556095557 neg 0.40004183439238133 __DUMMY__ 0.18170910999806283	false	1.0
farce	neg 1.0		off 0.41304331352222834 neg 0.4051065558472495 __DUMMY__ 0.18185013063052222	false	0.5
zwecklos	neg 1.0		off 0.41589959359541717 neg 0.4021876177142348 __DUMMY__ 0.18191278869034808	false	0.5
turbulent	neg 1.0		off 0.4152253182036761 neg 0.4032616825675834 __DUMMY__ 0.1815129992287406	false	0.5
schuld	neg 1.0		off 0.4173856245591411 neg 0.4009382659344583 __DUMMY__ 0.1816761095064006	false	0.5
risiko	neg 1.0		off 0.41144788034838803 neg 0.40607577075281 __DUMMY__ 0.182476348898802	false	0.5
invasion	neg 1.0		neg 0.42105688507072725 off 0.4013086024598434 __DUMMY__ 0.1776345124694294	false	1.0
finster	neg 1.0		off 0.41965201359918924 neg 0.3985480586559486 __DUMMY__ 0.1817999277448622	false	0.5
geisteskrank	off 1.0		off 0.4181949471557741 neg 0.40001318756967114 __DUMMY__ 0.18179186527455482	false	1.0
ausbeute	neg 1.0		off 0.41642192325460414 neg 0.40092390180491916 __DUMMY__ 0.18265417494047675	false	0.5
zusammenbrechen	neg 1.0		off 0.4166930838878842 neg 0.40159028807599756 __DUMMY__ 0.1817166280361183	false	0.5
hinterhalt	neg 1.0		off 0.4157918712934266 neg 0.402328777167558 __DUMMY__ 0.18187935153901552	false	0.5
kritik	neg 1.0		off 0.41331885921318146 neg 0.4048783981140984 __DUMMY__ 0.18180274267272	false	0.5
einschrumpfen	neg 1.0		off 0.412710398080794 neg 0.40682026506896574 __DUMMY__ 0.1804693368502402	false	0.5
riskant	neg 1.0		off 0.4159171708455018 neg 0.4022021134563788 __DUMMY__ 0.1818807156981195	false	0.5
frustrieren	neg 1.0		off 0.4163671487484279 neg 0.4017111687199395 __DUMMY__ 0.18192168253163268	false	0.5
groll	neg 1.0		off 0.4156717077043655 neg 0.40239372044949473 __DUMMY__ 0.18193457184613981	false	0.5
qualvoll	neg 1.0		off 0.4181869042746263 neg 0.40027541314620624 __DUMMY__ 0.18153768257916744	false	0.5
wackeln	neg 1.0		off 0.41776805959816743 neg 0.40031651121357215 __DUMMY__ 0.1819154291882605	false	0.5
klagen	neg 1.0		off 0.41366273753323046 neg 0.4044900688454237 __DUMMY__ 0.18184719362134588	false	0.5
trauern	neg 1.0		off 0.4161466813356532 neg 0.40201817351553576 __DUMMY__ 0.1818351451488111	false	0.5
ablehnung	neg 1.0		off 0.4128452943211723 neg 0.4052519903716571 __DUMMY__ 0.1819027153071706	false	0.5
bankrott	neg 1.0		neg 0.4106273358512401 off 0.40818372800688907 __DUMMY__ 0.18118893614187084	false	1.0
stur	neg 1.0		off 0.41698167752140797 neg 0.40134243630055705 __DUMMY__ 0.18167588617803498	false	0.5
aufruhr	neg 1.0		off 0.4117527207327929 neg 0.40601442986357034 __DUMMY__ 0.1822328494036368	false	0.5
melancholie	neg 1.0		off 0.4188495833082041 neg 0.3993901392303988 __DUMMY__ 0.18176027746139725	false	0.5
torheit	neg 1.0		off 0.4151369901732352 neg 0.4030265825553214 __DUMMY__ 0.18183642727144336	false	0.5
dreckskind	off 1.0		off 0.4265266877591292 neg 0.39280640802909284 __DUMMY__ 0.1806669042117779	false	1.0
umtauschen	neg 1.0		off 0.41909597902130113 neg 0.39936021044011394 __DUMMY__ 0.18154381053858504	false	0.5
zersetzen	neg 1.0		off 0.4147475413943367 neg 0.4033690828582309 __DUMMY__ 0.18188337574743232	false	0.5
frust	neg 1.0		off 0.4165858341181742 neg 0.40166269919404857 __DUMMY__ 0.18175146668777736	false	0.5
unerbittlichkeit	neg 1.0		off 0.4148026370613802 neg 0.40330168904061925 __DUMMY__ 0.18189567389800038	false	0.5
unkorrekt	neg 1.0		off 0.4184086479382232 neg 0.4001006114797525 __DUMMY__ 0.1814907405820244	false	0.5
hexe	off 1.0		off 0.42126493704687895 neg 0.3969134725260212 __DUMMY__ 0.18182159042709983	false	1.0
lasch	neg 1.0		off 0.4171577795350591 neg 0.40105773085927 __DUMMY__ 0.18178448960567078	false	0.5
rivale	neg 1.0		off 0.41150340365259674 neg 0.40695175157092106 __DUMMY__ 0.18154484477648225	false	0.5
mutlos	off 1.0		off 0.4152622084990766 neg 0.40284351731458534 __DUMMY__ 0.18189427418633805	false	1.0
wirr	off 1.0		off 0.42021657072895313 neg 0.3986292078110902 __DUMMY__ 0.1811542214599566	false	1.0
strafbar	neg 1.0		off 0.4156182367058456 neg 0.40247519302015355 __DUMMY__ 0.1819065702740009	false	0.5
erosion	neg 1.0	neg 1.0	neg 0.6863914582790553 off 0.22470610537139743 __DUMMY__ 0.08890243634954723	false	1.0
eingehen	neg 1.0		off 0.41596185955714726 neg 0.40216725319276936 __DUMMY__ 0.18187088725008332	false	0.5
faul	off 1.0		off 0.420384702748192 neg 0.39824496181073543 __DUMMY__ 0.18137033544107248	false	1.0
provisorium	neg 1.0		off 0.41487322240323754 neg 0.40301884875244337 __DUMMY__ 0.18210792884431912	false	0.5
schmerzen	neg 1.0		off 0.418911945120697 neg 0.39967885377318757 __DUMMY__ 0.18140920110611525	false	0.5
schrumpfen	neg 1.0		off 0.41357801380261017 neg 0.4042943585938647 __DUMMY__ 0.1821276276035252	false	0.5
geistlos	off 1.0		off 0.416841305219255 neg 0.40139606915002 __DUMMY__ 0.18176262563072493	false	1.0
frustrierend	neg 1.0		off 0.4185206566206597 neg 0.39965335838978994 __DUMMY__ 0.18182598498955038	false	0.5
fehlkauf	neg 1.0		off 0.41636369322332367 neg 0.4012660022492397 __DUMMY__ 0.18237030452743647	false	0.5
unzufrieden	neg 1.0		off 0.4158986124736341 neg 0.402168603553815 __DUMMY__ 0.18193278397255078	false	0.5
verzweifeln	neg 1.0		off 0.4169981189029454 neg 0.4012017647063298 __DUMMY__ 0.18180011639072474	false	0.5
verzweifelt	neg 1.0		off 0.41768226173900114 neg 0.40047242735470595 __DUMMY__ 0.181845310906293	false	0.5
misstrauensantrag	neg 1.0		off 0.4110931746360288 neg 0.40758149085531326 __DUMMY__ 0.181325334508658	false	0.5
abfallen	neg 1.0		off 0.419162237097244 neg 0.3992977114694856 __DUMMY__ 0.18154005143327043	false	0.5
fucker	off 1.0		off 0.39853413328642784 __DUMMY__ 0.34815937162565336 neg 0.2533064950879189	false	1.0
ungezogen	neg 1.0		off 0.42119004004208516 neg 0.39753304736123857 __DUMMY__ 0.1812769125966763	false	0.5
irrsinnig	neg 1.0		off 0.4177034583910129 neg 0.4005502275285798 __DUMMY__ 0.1817463140804072	false	0.5
hart	neg 1.0		off 0.4248661704165878 neg 0.3945889765947398 __DUMMY__ 0.18054485298867246	false	0.5
unfassbar	neg 1.0		off 0.4183377172785089 neg 0.3997387577938109 __DUMMY__ 0.1819235249276802	false	0.5
widerlich	off 1.0		off 0.41860374762849417 neg 0.39978171286066366 __DUMMY__ 0.18161453951084228	false	1.0
fatal			off 0.4097957548734743 neg 0.39643749903400916 __DUMMY__ 0.19376674609251657	false	0.0
bruch	neg 1.0		off 0.4145512584364923 neg 0.4033775413684666 __DUMMY__ 0.1820712001950411	false	0.5
aushungern	neg 1.0		off 0.4135814381488997 neg 0.404762292105271 __DUMMY__ 0.18165626974582935	false	0.5
anspannung	neg 1.0		off 0.41561641240218483 neg 0.4023548492497045 __DUMMY__ 0.18202873834811079	false	0.5
kraftlos	neg 1.0		off 0.41684219114615073 neg 0.4012776803670695 __DUMMY__ 0.18188012848677965	false	0.5
grenzdebil	off 1.0		off 0.41917174452193634 neg 0.3992841992502164 __DUMMY__ 0.18154405622784722	false	1.0
unterwerfen	neg 1.0		off 0.4156956162263439 neg 0.40245204779342386 __DUMMY__ 0.1818523359802323	false	0.5
versenkung	neg 1.0		off 0.4158517863043621 neg 0.4021871690208268 __DUMMY__ 0.1819610446748112	false	0.5
entziehen	neg 1.0		off 0.4150145050952857 neg 0.403007795310743 __DUMMY__ 0.18197769959397142	false	0.5
finanzkrise	neg 1.0		off 0.41025330078030814 neg 0.4077449382178492 __DUMMY__ 0.18200176100184268	false	0.5
schimpfend	neg 1.0		off 0.41862675336245697 neg 0.39985979611858463 __DUMMY__ 0.1815134505189585	false	0.5
profan	neg 1.0		off 0.41803731453289295 neg 0.40016232353313536 __DUMMY__ 0.1818003619339718	false	0.5
korruption	neg 1.0		off 0.4125000019060154 neg 0.40567970311978435 __DUMMY__ 0.18182029497420035	false	0.5
schmutzig	neg 1.0		off 0.41939070593151506 neg 0.39905436634848707 __DUMMY__ 0.18155492771999798	false	0.5
abraten	neg 1.0		off 0.4185593632780549 neg 0.39968973513670614 __DUMMY__ 0.18175090158523902	false	0.5
sexy	neg 1.0		off 0.4318551861385301 neg 0.40275900026523476 __DUMMY__ 0.1653858135962352	false	0.5
fotze	off 1.0		off 0.42972227657082585 neg 0.3903985312142815 __DUMMY__ 0.17987919221489276	false	1.0
schwarz	neg 1.0		off 0.4167693238485185 neg 0.4016197688768073 __DUMMY__ 0.1816109072746743	false	0.5
verwirren	neg 1.0		off 0.41848796324535237 neg 0.39982417530173775 __DUMMY__ 0.18168786145290985	false	0.5
zahnlos	off 1.0		off 0.4159786476376598 neg 0.4020032749965394 __DUMMY__ 0.18201807736580086	false	1.0
verheeren	neg 1.0		off 0.4098696603060687 neg 0.40838736784013785 __DUMMY__ 0.18174297185379343	false	0.5
rammen	neg 1.0		off 0.41955313877774814 neg 0.39884610727643877 __DUMMY__ 0.181600753945813	false	0.5
unlauter	neg 1.0		off 0.41230188035744697 neg 0.40606726760176975 __DUMMY__ 0.18163085204078322	false	0.5
unheilvoll	neg 1.0		off 0.4178483154709268 neg 0.4006493923282693 __DUMMY__ 0.18150229220080397	false	0.5
niedrig	neg 1.0		off 0.4128016664058828 neg 0.4045928709703774 __DUMMY__ 0.1826054626237399	false	0.5
weichei	off 1.0		off 0.4211198350391238 neg 0.39748526326970873 __DUMMY__ 0.18139490169116754	false	1.0
explosion	neg 1.0		neg 0.41396542421163224 off 0.40582651879415266 __DUMMY__ 0.18020805699421505	false	1.0
minusmensch	off 1.0		off 0.4259354663321009 neg 0.39304173681174487 __DUMMY__ 0.18102279685615427	false	1.0
farblos	neg 1.0		off 0.41718879672790643 neg 0.400382593494904 __DUMMY__ 0.18242860977718964	false	0.5
unwissend	neg 1.0		off 0.4185786516972612 neg 0.3997543737057251 __DUMMY__ 0.1816669745970136	false	0.5
traurig	neg 1.0		off 0.41967311111760636 neg 0.3987557526405108 __DUMMY__ 0.1815711362418828	false	0.5
senkung	neg 1.0		neg 0.4104470493740116 off 0.40798862479924475 __DUMMY__ 0.18156432582674362	false	1.0
ungleich	neg 1.0		off 0.41544476962214705 neg 0.4026997575669302 __DUMMY__ 0.18185547281092268	false	0.5
heikel	neg 1.0		off 0.4156529050907374 neg 0.4025415209376741 __DUMMY__ 0.18180557397158856	false	0.5
drosselung	neg 1.0		neg 0.40920877793177945 off 0.4090061820307305 __DUMMY__ 0.18178504003748994	false	1.0
falsch	neg 1.0		off 0.418502198908882 neg 0.39981837284510724 __DUMMY__ 0.18167942824601072	false	0.5
unzufriedenheit	neg 1.0		off 0.4147692909661292 neg 0.40333578178100504 __DUMMY__ 0.18189492725286566	false	0.5
kurz	neg 1.0		off 0.4181764162621379 neg 0.39997510549311205 __DUMMY__ 0.1818484782447499	false	0.5
unsinnig	neg 1.0		off 0.4163048848497416 neg 0.40197521443146034 __DUMMY__ 0.18171990071879812	false	0.5
penner	off 1.0		off 0.42080952737778554 neg 0.3978134526607794 __DUMMY__ 0.18137701996143496	false	1.0
seicht	neg 1.0		off 0.41924149841370073 neg 0.399041106528387 __DUMMY__ 0.18171739505791218	false	0.5
dummheit	off 1.0		off 0.41721919901764204 neg 0.401078999698468 __DUMMY__ 0.18170180128389	false	1.0
unerfreulich	neg 1.0		off 0.41557328376953173 neg 0.40250416560070124 __DUMMY__ 0.1819225506297672	false	0.5
pikiert	neg 1.0		off 0.41835902782675954 neg 0.3999284334677143 __DUMMY__ 0.18171253870552637	false	0.5
motherfucker	off 1.0		off 0.3988895179711777 __DUMMY__ 0.3307766939223798 neg 0.27033378810644254	false	1.0
wrack	neg 1.0		off 0.41583187041131325 neg 0.40216732591606097 __DUMMY__ 0.1820008036726257	false	0.5
gangster	neg 1.0		off 0.41541434861922105 neg 0.32395305857482126 __DUMMY__ 0.26063259280595774	false	0.5
krank	neg 1.0		off 0.42004549223528903 neg 0.3984155413629212 __DUMMY__ 0.1815389664017899	false	0.5
reich	neg 1.0		off 0.41571241286323807 neg 0.4023006144651166 __DUMMY__ 0.18198697267164535	false	0.5
gnadenlos	neg 1.0		off 0.41760603412454567 neg 0.4005429851242036 __DUMMY__ 0.18185098075125075	false	0.5
niedergeschlagen	neg 1.0		off 0.41677867547383385 neg 0.4013648877736525 __DUMMY__ 0.18185643675251367	false	0.5
terrorisieren	off 1.0	off 1.0	off 0.695992864980695 neg 0.21717016708606748 __DUMMY__ 0.08683696793323753	false	1.0
sinnlosigkeit	neg 1.0		off 0.4161169930378438 neg 0.4020881285257977 __DUMMY__ 0.18179487843635855	false	0.5
behindern	neg 1.0		off 0.41265986221966583 neg 0.40553688036064955 __DUMMY__ 0.1818032574196845	false	0.5
undemokratisch	neg 1.0		off 0.41443958728996666 neg 0.40408657611572274 __DUMMY__ 0.18147383659431043	false	0.5
wirtschaftskrise	neg 1.0		off 0.4111269184801153 neg 0.40673218807316597 __DUMMY__ 0.1821408934467187	false	0.5
neid	neg 1.0		off 0.418474650521002 neg 0.3996007775713851 __DUMMY__ 0.181924571907613	false	0.5
rutschen	neg 1.0		off 0.41676017802955767 neg 0.4010976859229655 __DUMMY__ 0.1821421360474769	false	0.5
rezession	neg 1.0		off 0.40934356750321627 neg 0.4084790084741891 __DUMMY__ 0.18217742402259454	false	0.5
fehlgeburt	neg 1.0		off 0.41863731652671904 neg 0.39998285483238977 __DUMMY__ 0.18137982864089117	false	0.5
charakterschwach	off 1.0		off 0.41810999377740116 neg 0.40020085169040237 __DUMMY__ 0.18168915453219645	false	1.0
isolation	neg 1.0		neg 0.4175260380739791 off 0.40338601130155766 __DUMMY__ 0.17908795062446306	false	1.0
ablenkung	neg 1.0		off 0.4176519065376169 neg 0.40060536958296866 __DUMMY__ 0.18174272387941437	false	0.5
pech	neg 1.0		off 0.4195164187970014 neg 0.3987235314586825 __DUMMY__ 0.18176004974431617	false	0.5
dominieren	neg 1.0		off 0.4121176449815146 neg 0.40546581680857563 __DUMMY__ 0.18241653820990986	false	0.5
vermeidung	neg 1.0		neg 0.4106101585929539 off 0.4079905951926583 __DUMMY__ 0.1813992462143877	false	1.0
schwindlig	neg 1.0		off 0.42069758521592077 neg 0.39788610571827343 __DUMMY__ 0.18141630906580578	false	0.5
lutscher	neg 1.0		off 0.42427301321438454 neg 0.3947643999732418 __DUMMY__ 0.1809625868123736	false	0.5
pflicht	neg 1.0		off 0.4153709885441379 neg 0.4026591674864589 __DUMMY__ 0.18196984396940333	false	0.5
faschist	off 1.0		off 0.4168128208276012 neg 0.401554183583366 __DUMMY__ 0.1816329955890328	false	1.0
verschleudern	neg 1.0		off 0.412949879329307 neg 0.4050741318833077 __DUMMY__ 0.18197598878738538	false	0.5
ehebruch	neg 1.0		off 0.41600499035636246 neg 0.4021223054361779 __DUMMY__ 0.18187270420745968	false	0.5
trostlosigkeit	neg 1.0		off 0.4150801412218662 neg 0.40301963213199543 __DUMMY__ 0.18190022664613834	false	0.5
lutschen	neg 1.0		off 0.4248114801080348 neg 0.39477487641455555 __DUMMY__ 0.18041364347740957	false	0.5
spott	off 1.0		off 0.4153688085138507 neg 0.4027597821163586 __DUMMY__ 0.18187140936979052	false	1.0
undiszipliniert	neg 1.0		off 0.4196344062512384 neg 0.3988803193043875 __DUMMY__ 0.18148527444437415	false	0.5
kopfschmerz	neg 1.0		off 0.4184763497259223 neg 0.4001381855807546 __DUMMY__ 0.18138546469332295	false	0.5
unvorhergesehen	neg 1.0		off 0.41729301389422113 neg 0.40076554011567395 __DUMMY__ 0.18194144599010503	false	0.5
desinteressiert	neg 1.0		off 0.4194370118942164 neg 0.3989426033753502 __DUMMY__ 0.18162038473043346	false	0.5
armselig	off 1.0		off 0.41817692472910706 neg 0.399988120185839 __DUMMY__ 0.18183495508505404	false	1.0
tod	neg 1.0		off 0.4151951072124015 neg 0.40284914053566695 __DUMMY__ 0.1819557522519315	false	0.5
desaster	neg 1.0		off 0.4136920422300275 neg 0.4042854250971891 __DUMMY__ 0.18202253267278345	false	0.5
herzlos	neg 1.0		off 0.41943872462029824 neg 0.39892734298299887 __DUMMY__ 0.18163393239670306	false	0.5
unwissenheit	neg 1.0		off 0.415378400434291 neg 0.4029201906073005 __DUMMY__ 0.18170140895840844	false	0.5
widersinnig	neg 1.0		off 0.4141712223218638 neg 0.40408986116951023 __DUMMY__ 0.18173891650862606	false	0.5
bedenklich	neg 1.0		off 0.4156184937769932 neg 0.40256451227919277 __DUMMY__ 0.18181699394381398	false	0.5
beanstanden	neg 1.0		off 0.41488331713480164 neg 0.4031318009289575 __DUMMY__ 0.18198488193624085	false	0.5
panisch	neg 1.0		off 0.41874075629906415 neg 0.3997050998434522 __DUMMY__ 0.18155414385748375	false	0.5
abstrich	neg 1.0		off 0.41837172522515476 neg 0.40037754256822117 __DUMMY__ 0.1812507322066241	false	0.5
debil	off 1.0		off 0.431167082124723 neg 0.3898325453549121 __DUMMY__ 0.17900037252036496	false	1.0
primitiv	neg 1.0		off 0.41852996470944087 neg 0.3996074343071399 __DUMMY__ 0.18186260098341922	false	0.5
abschaum	off 1.0		off 0.41788403186366346 neg 0.4003862103461987 __DUMMY__ 0.18172975779013775	false	1.0
tot	neg 1.0		off 0.4189308204223525 neg 0.3995617882967353 __DUMMY__ 0.18150739128091214	false	0.5
provozieren	neg 1.0		off 0.4171500943868401 neg 0.4010813356646943 __DUMMY__ 0.18176856994846569	false	0.5
instabil	neg 1.0		off 0.41653786926064235 neg 0.40135019341744094 __DUMMY__ 0.1821119373219168	false	0.5
schwuchtel	off 1.0		off 0.4249020712006538 neg 0.3943662545055808 __DUMMY__ 0.18073167429376533	false	1.0
zerren	neg 1.0		off 0.41698013572565523 neg 0.40125281744980434 __DUMMY__ 0.1817670468245404	false	0.5
kinderficker	off 1.0		off 0.418412444969568 neg 0.40014750854757325 __DUMMY__ 0.18144004648285872	false	1.0
gefahr	neg 1.0		off 0.41241408491509385 neg 0.4054260430373895 __DUMMY__ 0.1821598720475166	false	0.5
rabiat	neg 1.0		off 0.417145036317216 neg 0.40095417876833594 __DUMMY__ 0.1819007849144481	false	0.5
verlangsamung	neg 1.0		off 0.410629099185155 neg 0.4068608179868011 __DUMMY__ 0.18251008282804385	false	0.5
anklagen	neg 1.0		off 0.4124726088116581 neg 0.4057545321775372 __DUMMY__ 0.18177285901080462	false	0.5
ausgestorben	neg 1.0		off 0.41665355282930944 neg 0.4013170757282849 __DUMMY__ 0.1820293714424057	false	0.5
verminderung	neg 1.0		neg 0.41069546080336666 off 0.4077323427626815 __DUMMY__ 0.18157219643395198	false	1.0
rost	neg 1.0		off 0.4139074639970413 neg 0.40311371967689413 __DUMMY__ 0.18297881632606453	false	0.5
destruktiv	neg 1.0		off 0.41607771831090573 neg 0.40215144153965765 __DUMMY__ 0.18177084014943662	false	0.5
unzumutbarkeit	neg 1.0		off 0.4124223929139937 neg 0.4056361862489599 __DUMMY__ 0.18194142083704645	false	0.5
labil	off 1.0	off 1.0	off 0.7759366593138917 neg 0.15401614861292806 __DUMMY__ 0.07004719207318019	false	1.0
ziemlich	neg 1.0		off 0.41952607383129903 neg 0.39883719526541506 __DUMMY__ 0.18163673090328597	false	0.5
lachnummer	off 1.0		off 0.4161429761583153 neg 0.401962644833417 __DUMMY__ 0.18189437900826785	false	1.0
ausgrenzung	neg 1.0		off 0.41310193448467136 neg 0.40515427226235695 __DUMMY__ 0.18174379325297174	false	0.5
verfall	neg 1.0		off 0.4136774724310449 neg 0.40435549320104935 __DUMMY__ 0.18196703436790565	false	0.5
unordnung	neg 1.0	neg 1.0	neg 0.6850788107798627 off 0.22727434043293043 __DUMMY__ 0.08764684878720694	false	1.0
fehlverhalten	neg 1.0		off 0.4147410857178278 neg 0.4034005203672263 __DUMMY__ 0.18185839391494604	false	0.5
nille	neg 1.0		off 0.4321333910827453 neg 0.3886383528131065 __DUMMY__ 0.17922825610414816	false	0.5
qual	neg 1.0		off 0.42121925226381035 neg 0.4126228599609821 __DUMMY__ 0.1661578877752075	false	0.5
riesig	neg 1.0		off 0.42310522744466106 neg 0.3952418564223197 __DUMMY__ 0.1816529161330193	false	0.5
verschwenden	neg 1.0		off 0.41625233155210584 neg 0.401942312086917 __DUMMY__ 0.18180535636097717	false	0.5
verurteilen	neg 1.0		off 0.41535986157735155 neg 0.4028968562625657 __DUMMY__ 0.1817432821600827	false	0.5
klischee	neg 1.0		off 0.41799165781769976 neg 0.40020034932376786 __DUMMY__ 0.18180799285853227	false	0.5
diktatorisch	neg 1.0		off 0.4148632394452822 neg 0.40361725305401813 __DUMMY__ 0.18151950750069973	false	0.5
vorhersehbar	neg 1.0		off 0.4173865200405009 neg 0.40067779052345626 __DUMMY__ 0.18193568943604282	false	0.5
stornieren	neg 1.0		off 0.41536486629197544 neg 0.4028705852870343 __DUMMY__ 0.18176454842099019	false	0.5
besteuerung	neg 1.0		neg 0.4092888866213279 off 0.4088143407949423 __DUMMY__ 0.18189677258372994	false	1.0
ungeschminkt	neg 1.0		off 0.4230972663710217 neg 0.3960398093608487 __DUMMY__ 0.18086292426812955	false	0.5
kritisch	neg 1.0		off 0.4153335433063537 neg 0.402792066622666 __DUMMY__ 0.18187439007098027	false	0.5
schlamperei	off 1.0		off 0.41274044593523473 neg 0.40533567228880696 __DUMMY__ 0.18192388177595833	false	1.0
sucht	neg 1.0		off 0.4162995355225151 neg 0.40098023342746886 __DUMMY__ 0.182720231050016	false	0.5
egoistisch	off 1.0		off 0.41968914133757834 neg 0.39889373254257526 __DUMMY__ 0.18141712611984642	false	1.0
ausbeuter	off 1.0		off 0.41485166296737513 neg 0.40329203850836337 __DUMMY__ 0.18185629852426147	false	1.0
arschgeburt			off 0.42592943798706623 neg 0.39354375519557594 __DUMMY__ 0.1805268068173579	false	0.0
schubs	neg 1.0		off 0.41991494391327444 neg 0.3988126608680751 __DUMMY__ 0.1812723952186503	false	0.5
unsolide	neg 1.0		off 0.4146044116815325 neg 0.403819531210318 __DUMMY__ 0.1815760571081495	false	0.5
beschwerde	neg 1.0		off 0.41288818516540704 neg 0.4053836052734037 __DUMMY__ 0.18172820956118915	false	0.5
stocken	neg 1.0		off 0.4112987850347928 neg 0.4063451650337809 __DUMMY__ 0.18235604993142635	false	0.5
isolieren	neg 1.0		off 0.41203568463945756 neg 0.4059115542376558 __DUMMY__ 0.18205276112288665	false	0.5
unheilbar	neg 1.0		off 0.4168964346263099 neg 0.4013272482547889 __DUMMY__ 0.18177631711890133	false	0.5
pisser	off 1.0		off 0.42587419043831476 neg 0.3934396549098879 __DUMMY__ 0.18068615465179727	false	1.0
löschen	neg 1.0		off 0.4189674630288717 neg 0.40203785144838006 __DUMMY__ 0.17899468552274828	false	0.5
durchfallen	neg 1.0		off 0.4161169273622455 neg 0.40215785979013924 __DUMMY__ 0.1817252128476152	false	0.5
wichser	off 1.0		off 0.4211389321662643 neg 0.3974830104728982 __DUMMY__ 0.1813780573608375	false	1.0
terror	neg 1.0		neg 0.41147812216658486 off 0.40845632360902284 __DUMMY__ 0.18006555422439244	false	1.0
krass	neg 1.0		off 0.42293170461270135 neg 0.39605534644098084 __DUMMY__ 0.18101294894631775	false	0.5
revolte	neg 1.0		off 0.4116575538113201 neg 0.4062696643957808 __DUMMY__ 0.18207278179289904	false	0.5
besorgt	neg 1.0		off 0.4170313338556305 neg 0.4011794726604258 __DUMMY__ 0.18178919348394365	false	0.5
nachlassen	neg 1.0		off 0.415414427465349 neg 0.4026210215048529 __DUMMY__ 0.18196455102979808	false	0.5
alt	neg 1.0		off 0.4206567074886411 neg 0.3974357034451211 __DUMMY__ 0.1819075890662377	false	0.5
hundesohn	off 1.0		off 0.4282102083936708 neg 0.3917186038346941 __DUMMY__ 0.18007118777163514	false	1.0
abschreckung	neg 1.0		off 0.4142250227480653 neg 0.403938932654682 __DUMMY__ 0.1818360445972527	false	0.5
unqualifiziert	neg 1.0		off 0.4169232736276037 neg 0.40146985009249464 __DUMMY__ 0.18160687627990182	false	0.5
abgewichst	off 1.0		off 0.42993977903343805 neg 0.39048299954018223 __DUMMY__ 0.1795772214263797	false	1.0
kapitulation	neg 1.0		off 0.4130231908237353 neg 0.40501432385429026 __DUMMY__ 0.18196248532197454	false	0.5
schwer	neg 1.0		off 0.41731442829828147 neg 0.40077882403114995 __DUMMY__ 0.18190674767056852	false	0.5
bedeutungslosigkeit	neg 1.0		off 0.4147332713009669 neg 0.4032869144269465 __DUMMY__ 0.18197981427208654	false	0.5
unscharf	neg 1.0		off 0.4209219951274773 neg 0.39784660751896284 __DUMMY__ 0.1812313973535599	false	0.5
schwinden	neg 1.0		off 0.4117809978978845 neg 0.4060097622421958 __DUMMY__ 0.1822092398599196	false	0.5
versklavung	neg 1.0		off 0.4123329080747758 neg 0.4060008342814876 __DUMMY__ 0.18166625764373667	false	0.5
schlecht	neg 1.0		off 0.41897655265580763 neg 0.3993358817560095 __DUMMY__ 0.18168756558818297	false	0.5
verhasst	neg 1.0		off 0.4165316659209865 neg 0.4016309670886399 __DUMMY__ 0.18183736699037362	false	0.5
beschweren	neg 1.0		off 0.41756345710563664 neg 0.40053677466750914 __DUMMY__ 0.18189976822685414	false	0.5
scheiden	neg 1.0		off 0.41758560976052916 neg 0.4004914065840356 __DUMMY__ 0.18192298365543533	false	0.5
frustriert	neg 1.0		off 0.41688515555793254 neg 0.4012980921588562 __DUMMY__ 0.1818167522832114	false	0.5
schimmelig	neg 1.0		off 0.423055688117106 neg 0.39587356682414476 __DUMMY__ 0.1810707450587493	false	0.5
fisch	neg 1.0		off 0.42054627109364867 neg 0.39747662311551246 __DUMMY__ 0.181977105790839	false	0.5
schmuggel	neg 1.0		off 0.41576286750312125 neg 0.4023421639795651 __DUMMY__ 0.18189496851731357	false	0.5
auffallen	neg 1.0		off 0.4175159307835601 neg 0.40066829398613385 __DUMMY__ 0.1818157752303061	false	0.5
konkurrenz	neg 1.0		off 0.4149303635844164 neg 0.40310494005064174 __DUMMY__ 0.1819646963649419	false	0.5
teufelskreis	neg 1.0		off 0.4166906474576175 neg 0.4014065393805689 __DUMMY__ 0.1819028131618134	false	0.5
aufschreien	neg 1.0		off 0.41814134213095316 neg 0.40003980485249835 __DUMMY__ 0.18181885301654854	false	0.5
missgeburt	off 1.0		off 0.42590914680460445 neg 0.39335281624833607 __DUMMY__ 0.18073803694705937	false	1.0
schuldner	neg 1.0		off 0.4119446981106794 neg 0.4060673996883388 __DUMMY__ 0.18198790220098188	false	0.5
befallen	neg 1.0		off 0.4144528815340359 neg 0.4040176119939648 __DUMMY__ 0.18152950647199925	false	0.5
arbeitslos	neg 1.0		off 0.4161054737567664 neg 0.4020310795903943 __DUMMY__ 0.18186344665283927	false	0.5
miesepetrig	off 1.0		off 0.41907770806370426 neg 0.39933074971683885 __DUMMY__ 0.18159154221945678	false	1.0
alarmieren	neg 1.0		off 0.4108054256852081 neg 0.4071010973193466 __DUMMY__ 0.18209347699544534	false	0.5
ungeduscht	off 1.0		off 0.4216085613385921 neg 0.3973452605079602 __DUMMY__ 0.1810461781534477	false	1.0
knappheit	neg 1.0		off 0.41200268066275997 neg 0.40587894538098795 __DUMMY__ 0.18211837395625213	false	0.5
schlange	neg 1.0		off 0.41800879600820656 neg 0.40010127253961814 __DUMMY__ 0.1818899314521753	false	0.5
harsch	neg 1.0		off 0.4124935040016382 neg 0.4057780531152906 __DUMMY__ 0.18172844288307125	false	0.5
lang	neg 1.0	neg 1.0	neg 0.6460708874276423 off 0.25657610087706084 __DUMMY__ 0.0973530116952968	false	1.0
ziellos	neg 1.0		off 0.4166476302324579 neg 0.40141611841774294 __DUMMY__ 0.18193625134979932	false	0.5
selbstverliebt	neg 1.0		off 0.4221138019705746 neg 0.396614208597522 __DUMMY__ 0.1812719894319036	false	0.5
beseitigen	neg 1.0		off 0.4123117780856001 neg 0.4055110376952138 __DUMMY__ 0.18217718421918605	false	0.5
dumm	off 1.0		off 0.4205537816911933 neg 0.3980087755166944 __DUMMY__ 0.18143744279211252	false	1.0
arbeitsloser	neg 1.0		off 0.4158313019316172 neg 0.4022594916951437 __DUMMY__ 0.18190920637323912	false	0.5
blitzen	neg 1.0		off 0.4170798732992907 neg 0.3996580228662838 __DUMMY__ 0.18326210383442548	false	0.5
hilflos	neg 1.0		off 0.41696358199801065 neg 0.40135292295148467 __DUMMY__ 0.1816834950505047	false	0.5
eklig	off 1.0		off 0.4222541605324346 neg 0.39661690666234245 __DUMMY__ 0.18112893280522302	false	1.0
hungersnot	neg 1.0		off 0.41273059449792726 neg 0.40511436656859806 __DUMMY__ 0.18215503893347454	false	0.5
ungesetzlich	neg 1.0		off 0.4141358823217947 neg 0.4041484521739236 __DUMMY__ 0.1817156655042817	false	0.5
verschwendung	neg 1.0		off 0.41578983686459314 neg 0.40237384624028427 __DUMMY__ 0.18183631689512253	false	0.5
schmerzvoll	neg 1.0		off 0.4181382214434839 neg 0.4001528749868433 __DUMMY__ 0.18170890356967284	false	0.5
vorzeitig	neg 1.0		off 0.4107801386514706 neg 0.40718690090031934 __DUMMY__ 0.18203296044820996	false	0.5
unvollkommenheit	neg 1.0		off 0.4165711873523846 neg 0.4016173888452018 __DUMMY__ 0.1818114238024136	false	0.5
intervenieren	neg 1.0		off 0.4142599583370498 neg 0.4039695103512464 __DUMMY__ 0.18177053131170373	false	0.5
banause	off 1.0		off 0.42099386662619687 neg 0.3977230021666921 __DUMMY__ 0.1812831312071111	false	1.0
rebell	neg 1.0		off 0.42574947590062 neg 0.3942950309314312 __DUMMY__ 0.17995549316794876	false	0.5
unlogisch	neg 1.0		off 0.41933627183264943 neg 0.39914527391002863 __DUMMY__ 0.18151845425732183	false	0.5
abschaffung	neg 1.0		off 0.41122760873299297 neg 0.40709760553893914 __DUMMY__ 0.1816747857280679	false	0.5
leiden	neg 1.0		off 0.4176560350133514 neg 0.400442485755107 __DUMMY__ 0.1819014792315415	false	0.5
sturz	neg 1.0		off 0.4123735903082199 neg 0.40548879569295754 __DUMMY__ 0.18213761399882264	false	0.5
verkleinerung	neg 1.0		off 0.410278799025747 neg 0.40780391128662224 __DUMMY__ 0.18191728968763082	false	0.5
schmarotzer	off 1.0		off 0.41624327828144114 neg 0.40201105552192407 __DUMMY__ 0.18174566619663482	false	1.0
bestrafung	neg 1.0		off 0.41772627108060567 neg 0.4004947513859463 __DUMMY__ 0.18177897753344813	false	0.5
achtlos	neg 1.0		off 0.4169621765167728 neg 0.4013235285279666 __DUMMY__ 0.18171429495526056	false	0.5
ungeheuer	neg 1.0		off 0.41881149337647305 neg 0.3992385381275289 __DUMMY__ 0.18194996849599804	false	0.5
unaufrichtig	neg 1.0		off 0.4172597440273708 neg 0.4013770286976538 __DUMMY__ 0.18136322727497528	false	0.5
groggy	neg 1.0		off 0.42286633245837024 neg 0.39580264930521974 __DUMMY__ 0.18133101823640996	false	0.5
verletzlich	neg 1.0		off 0.41926829119072734 neg 0.39912581701241023 __DUMMY__ 0.18160589179686232	false	0.5
ablehnen	neg 1.0		off 0.4152201824582483 neg 0.4030430986795482 __DUMMY__ 0.1817367188622036	false	0.5
kollaps	neg 1.0		off 0.41038616635421726 neg 0.4075827037571866 __DUMMY__ 0.18203112988859613	false	0.5
beschnitten	neg 1.0		off 0.4175484949266348 neg 0.4006692041483291 __DUMMY__ 0.18178230092503608	false	0.5
defekt	neg 1.0		off 0.4114789895587629 neg 0.4068090488638308 __DUMMY__ 0.18171196157740616	false	0.5
dreckskerl	off 1.0		off 0.4194062621470358 neg 0.3991730488248568 __DUMMY__ 0.18142068902810748	false	1.0
deine	neg 1.0		off 0.42085077615335487 neg 0.39782232936153095 __DUMMY__ 0.18132689448511433	false	0.5
aufgeben	neg 1.0		off 0.41777803809118347 neg 0.40021674800868 __DUMMY__ 0.18200521390013652	false	0.5
durcheinander	neg 1.0		off 0.4184007718140222 neg 0.39977857331691585 __DUMMY__ 0.18182065486906182	false	0.5
unterbrechen	neg 1.0		off 0.41653063056587547 neg 0.4015752099941736 __DUMMY__ 0.18189415943995088	false	0.5
vergammeln	neg 1.0		off 0.41809975050667925 neg 0.40009353984695334 __DUMMY__ 0.18180670964636728	false	0.5
grotesk	neg 1.0		off 0.41613713900602145 neg 0.40193419613651815 __DUMMY__ 0.18192866485746045	false	0.5
elendig	neg 1.0		off 0.41820060196422854 neg 0.40015449088427746 __DUMMY__ 0.1816449071514941	false	0.5
naiv	off 1.0		off 0.4178078102520947 neg 0.4002943814345453 __DUMMY__ 0.18189780831335997	false	1.0
uneinigkeit	neg 1.0		off 0.4117870678995489 neg 0.40629259300200693 __DUMMY__ 0.18192033909844413	false	0.5
fragil	neg 1.0		neg 0.4128179672448383 off 0.4086410835788328 __DUMMY__ 0.17854094917632896	false	1.0
provisorisch	neg 1.0		off 0.41620634721586314 neg 0.40166285134209456 __DUMMY__ 0.18213080144204236	false	0.5
landei	off 1.0		off 0.4210422803090924 neg 0.39733456722290317 __DUMMY__ 0.18162315246800448	false	1.0
bedauerlich	neg 1.0		off 0.41579526377296766 neg 0.40233806724079857 __DUMMY__ 0.18186666898623388	false	0.5
krieg	neg 1.0		off 0.4168088118573114 neg 0.4013877949092341 __DUMMY__ 0.18180339323345449	false	0.5
traurigkeit	neg 1.0		off 0.41746279753649945 neg 0.40070410916837773 __DUMMY__ 0.18183309329512284	false	0.5
monotonie	neg 1.0		off 0.41625168677428404 neg 0.40176162150933004 __DUMMY__ 0.18198669171638596	false	0.5
unliebsam	neg 1.0		off 0.4167159078868144 neg 0.40145541085829456 __DUMMY__ 0.18182868125489104	false	0.5
drift	neg 1.0		neg 0.4367168536891017 off 0.4020750636121589 __DUMMY__ 0.16120808269873943	false	1.0
chaos	neg 1.0		off 0.4137749490513311 neg 0.40434775238822507 __DUMMY__ 0.18187729856044382	false	0.5
blutig	neg 1.0		off 0.41816026160313946 neg 0.39998228983446227 __DUMMY__ 0.18185744856239822	false	0.5
