unsolidarisch	neg 1.0		__DUMMY__ 0.36737550347701997 off 0.32098141459392604 neg 0.31164308192905404	false	0.5
nachteilig	neg 1.0		__DUMMY__ 0.36813266729355976 off 0.3199032249184261 neg 0.31196410778801426	false	0.5
skeptisch	neg 1.0		__DUMMY__ 0.36816072844708636 off 0.32071900037148837 neg 0.3111202711814253	false	0.5
schrecklich	neg 1.0		__DUMMY__ 0.3671916631173242 off 0.32549794590720615 neg 0.30731039097546975	false	0.5
schlapp	neg 1.0		__DUMMY__ 0.3673984886849772 off 0.32565790819772694 neg 0.3069436031172959	false	0.5
abfall	neg 1.0		__DUMMY__ 0.3685312474299795 off 0.319878309334043 neg 0.31159044323597757	false	0.5
widerspenstig	neg 1.0		__DUMMY__ 0.367599911173079 off 0.3230046951792243 neg 0.30939539364769664	false	0.5
abrupt	neg 1.0		__DUMMY__ 0.36840391091093666 off 0.32157345517726155 neg 0.31002263391180185	false	0.5
unwirksam	neg 1.0		__DUMMY__ 0.3681677998403355 neg 0.316557463427544 off 0.3152747367321206	false	1.0
angreifen	neg 1.0		__DUMMY__ 0.3680519593066352 off 0.320732155923411 neg 0.31121588476995377	false	0.5
inkonsistent	neg 1.0		__DUMMY__ 0.36824410297245874 off 0.3227176070217112 neg 0.3090382900058301	false	0.5
abrutschen	neg 1.0		__DUMMY__ 0.3681000964081875 off 0.3207197329037349 neg 0.3111801706880776	false	0.5
unsicher	neg 1.0		__DUMMY__ 0.36794062184931875 off 0.32274100440042075 neg 0.30931837375026044	false	0.5
bauernkind	off 1.0		__DUMMY__ 0.366162403573721 off 0.32959397043224714 neg 0.304243625994032	false	1.0
angreifer	neg 1.0		__DUMMY__ 0.36789200485823176 off 0.31810342016423754 neg 0.3140045749775306	false	0.5
trennen	neg 1.0		__DUMMY__ 0.3686345433595855 off 0.32160396039974815 neg 0.30976149624066623	false	0.5
schmutz	neg 1.0		__DUMMY__ 0.36835738100025994 off 0.31816965432740585 neg 0.31347296467233426	false	0.5
inkonsistenz	neg 1.0		__DUMMY__ 0.36764907332501956 off 0.32352107882576603 neg 0.30882984784921436	false	0.5
erschreckend	neg 1.0		__DUMMY__ 0.3679810920943119 off 0.3215225079133927 neg 0.31049639999229534	false	0.5
ertrinken	neg 1.0		__DUMMY__ 0.3675726020198937 off 0.3220603482296238 neg 0.3103670497504826	false	0.5
pickelface	off 1.0		__DUMMY__ 0.36512203486959516 off 0.33401584259938505 neg 0.3008621225310199	false	1.0
lauch	neg 1.0		__DUMMY__ 0.36574773788655246 off 0.33108217850190275 neg 0.30317008361154474	false	0.5
steuerhinterziehung	neg 1.0		__DUMMY__ 0.36781208014424205 off 0.31790948757822873 neg 0.3142784322775292	false	0.5
unwichtig	neg 1.0		__DUMMY__ 0.3677265682845801 off 0.3235787223943872 neg 0.3086947093210327	false	0.5
schock	neg 1.0		__DUMMY__ 0.36829565275982107 off 0.3227207154616664 neg 0.30898363177851246	false	0.5
vergelten	neg 1.0		__DUMMY__ 0.36685828143093235 off 0.3204018692352742 neg 0.31273984933379345	false	0.5
beule	neg 1.0		__DUMMY__ 0.3671648437237233 off 0.326372570522936 neg 0.3064625857533406	false	0.5
verdorbenheit	neg 1.0		__DUMMY__ 0.3701247283059693 off 0.3202839620121006 neg 0.3095913096819301	false	0.5
trauma			off 0.3512791517608143 __DUMMY__ 0.335151291475881 neg 0.3135695567633048	false	0.0
sinnlos	neg 1.0		__DUMMY__ 0.3676629868354142 off 0.3235200816701758 neg 0.30881693149441	false	0.5
fettsack	off 1.0		__DUMMY__ 0.36660910968703253 off 0.3291088495505638 neg 0.3042820407624038	false	1.0
feige	off 1.0		__DUMMY__ 0.36783446358876215 off 0.32352136791933733 neg 0.3086441684919005	false	1.0
abdanken	neg 1.0		__DUMMY__ 0.36771751183897383 off 0.32103175600418127 neg 0.3112507321568449	false	0.5
wichtigtuer	off 1.0	off 1.0	off 0.650728016552891 __DUMMY__ 0.17740496919630533 neg 0.1718670142508037	false	1.0
misslingen	neg 1.0		__DUMMY__ 0.3674968158808401 off 0.3229285869768973 neg 0.3095745971422627	false	0.5
untreu	off 1.0		__DUMMY__ 0.3678175116528143 off 0.32359614928020447 neg 0.3085863390669813	false	1.0
missmutig	neg 1.0		__DUMMY__ 0.36804822223527167 off 0.32280572281268904 neg 0.3091460549520393	false	0.5
hurenbock	off 1.0		__DUMMY__ 0.36573865245562454 off 0.32941761319418983 neg 0.3048437343501856	false	1.0
betrunken	neg 1.0		__DUMMY__ 0.3671116655008753 off 0.3255662166818961 neg 0.30732211781722857	false	0.5
korrupt	off 1.0		__DUMMY__ 0.36761817213128545 off 0.3208672595342029 neg 0.31151456833451147	false	1.0
unmut	neg 1.0		__DUMMY__ 0.368189994836096 off 0.3194152997919141 neg 0.31239470537198993	false	0.5
hackfresse	off 1.0		__DUMMY__ 0.36685289623056183 off 0.3264618569262299 neg 0.30668524684320825	false	1.0
aufblasen	neg 1.0		__DUMMY__ 0.36774639885629185 off 0.3235010466174648 neg 0.3087525545262434	false	0.5
gewaltsam	neg 1.0		__DUMMY__ 0.3680350441228113 off 0.3187451981953219 neg 0.3132197576818667	false	0.5
unbeliebtheit	neg 1.0		__DUMMY__ 0.3681001105833482 off 0.3178332955723883 neg 0.31406659384426333	false	0.5
sturheit	neg 1.0		__DUMMY__ 0.36791419292388516 off 0.32083206337182396 neg 0.31125374370429076	false	0.5
kuh	neg 1.0		__DUMMY__ 0.366318818848853 off 0.3298148252734998 neg 0.3038663558776471	false	0.5
erschrecken	neg 1.0		__DUMMY__ 0.36759394151665853 off 0.32402697156311744 neg 0.3083790869202242	false	0.5
opfer	neg 1.0		__DUMMY__ 0.36808912626050594 off 0.3212704766728718 neg 0.3106403970666223	false	0.5
stinktier	neg 1.0		__DUMMY__ 0.36625858048717896 off 0.32950328814763247 neg 0.3042381313651885	false	0.5
sinken	neg 1.0		__DUMMY__ 0.36908155366635653 off 0.3175376445040852 neg 0.31338080182955835	false	0.5
tucke	off 1.0		__DUMMY__ 0.3659138290120656 off 0.3286986708156253 neg 0.305387500172309	false	1.0
abstieg	neg 1.0		__DUMMY__ 0.3684316989951864 off 0.3192099513852528 neg 0.3123583496195606	false	0.5
missverstehen	neg 1.0		__DUMMY__ 0.3679030233477519 off 0.32284620844902556 neg 0.30925076820322256	false	0.5
ergebnislos	neg 1.0		__DUMMY__ 0.3685564527989593 off 0.31730546778111113 neg 0.31413807941992944	false	0.5
manipulieren	neg 1.0		__DUMMY__ 0.36761890142989345 off 0.3210758942459335 neg 0.3113052043241731	false	0.5
verschleppen	neg 1.0		__DUMMY__ 0.3681627715401253 off 0.3179419660405243 neg 0.31389526241935034	false	0.5
unbewiesen	neg 1.0		__DUMMY__ 0.3680742013426986 off 0.31939932279709415 neg 0.3125264758602074	false	0.5
weib	off 1.0		__DUMMY__ 0.3663632213887621 off 0.32846841129539395 neg 0.30516836731584396	false	1.0
opposition	neg 1.0		__DUMMY__ 0.3671788445473024 off 0.3164819213529741 neg 0.31633923409972353	false	0.5
verkehrswidrig	neg 1.0		__DUMMY__ 0.36704429110444514 off 0.31839779924338174 neg 0.3145579096521732	false	0.5
inkorrekt	neg 1.0		__DUMMY__ 0.3677108407283993 off 0.32339082248624096 neg 0.3088983367853597	false	0.5
vermeiden	neg 1.0		__DUMMY__ 0.3685135005192997 off 0.3190965511261533 neg 0.312389948354547	false	0.5
abweichung	neg 1.0		__DUMMY__ 0.3684513161799455 off 0.3188118301093753 neg 0.31273685371067916	false	0.5
alkoholisiert	neg 1.0		__DUMMY__ 0.3679817948009574 off 0.3214489198625305 neg 0.3105692853365122	false	0.5
scheiss	off 1.0	off 1.0	off 0.6522783991335344 __DUMMY__ 0.1774498452768572 neg 0.17027175558960847	false	1.0
herausforderung	neg 1.0		__DUMMY__ 0.3687075327969821 off 0.319764554080198 neg 0.3115279131228201	false	0.5
pervers	off 1.0		__DUMMY__ 0.3661843241107683 off 0.3283473382184761 neg 0.3054683376707556	false	1.0
wackelig	neg 1.0		__DUMMY__ 0.3678557182382934 off 0.3231138424019735 neg 0.3090304393597332	false	0.5
verwickeln	neg 1.0		__DUMMY__ 0.3680421722678439 off 0.32256239618353505 neg 0.30939543154862104	false	0.5
vorwand	neg 1.0		__DUMMY__ 0.36776490471789725 off 0.32092109334128205 neg 0.3113140019408208	false	0.5
muschi	off 1.0		__DUMMY__ 0.3651965476077395 off 0.33343683243861194 neg 0.3013666199536486	false	1.0
entmutigung	neg 1.0		__DUMMY__ 0.36780488633236524 off 0.31841673294940964 neg 0.3137783807182251	false	0.5
unstetig	neg 1.0		__DUMMY__ 0.3678750766320226 off 0.32130035615389724 neg 0.31082456721408014	false	0.5
unangemessen	neg 1.0		__DUMMY__ 0.3679315357548312 off 0.32114626830973314 neg 0.31092219593543563	false	0.5
entmutigen	neg 1.0		__DUMMY__ 0.3679535313520868 off 0.3229125876703203 neg 0.3091338809775929	false	0.5
schwanz	neg 1.0		__DUMMY__ 0.36472493364337716 off 0.33146843535679305 neg 0.30380663099982974	false	0.5
verbot	neg 1.0		__DUMMY__ 0.3678509945300949 off 0.3185373013010383 neg 0.31361170416886663	false	0.5
leid	neg 1.0		__DUMMY__ 0.3672024524622628 off 0.3259477251287818 neg 0.30684982240895553	false	0.5
archaisch	neg 1.0		__DUMMY__ 0.36780911372319847 off 0.32130779606986487 neg 0.3108830902069368	false	0.5
scheidung	neg 1.0		__DUMMY__ 0.3684975524637669 off 0.31613660111894665 neg 0.31536584641728643	false	0.5
abgestanden	neg 1.0		__DUMMY__ 0.36806885171098486 off 0.32458989763290225 neg 0.30734125065611295	false	0.5
einschlag	neg 1.0		__DUMMY__ 0.36838289659051743 off 0.3186656340705162 neg 0.3129514693389663	false	0.5
schmierig	off 1.0		__DUMMY__ 0.3673511246554894 off 0.3255067942849743 neg 0.30714208105953633	false	1.0
unpraktisch	neg 1.0		__DUMMY__ 0.3675486161028838 off 0.32453018870909506 neg 0.30792119518802097	false	0.5
wixxer	off 1.0		__DUMMY__ 0.36645222892862717 off 0.3294354910133151 neg 0.3041122800580578	false	1.0
jammerlappen	off 1.0		__DUMMY__ 0.36766967600789385 off 0.32361175626314237 neg 0.3087185677289637	false	1.0
farce	neg 1.0		__DUMMY__ 0.3679750152949001 off 0.31856688854895093 neg 0.31345809615614906	false	0.5
zwecklos	neg 1.0		__DUMMY__ 0.36807810233008 off 0.3212607998654954 neg 0.3106610978044246	false	0.5
turbulent	neg 1.0		__DUMMY__ 0.3673546880752879 off 0.32076472504197134 neg 0.3118805868827406	false	0.5
schuld	neg 1.0		__DUMMY__ 0.3676095510464663 off 0.32280938138329707 neg 0.3095810675702366	false	0.5
risiko	neg 1.0		__DUMMY__ 0.3692261166483598 off 0.3166859432274131 neg 0.3140879401242272	false	0.5
invasion	neg 1.0		__DUMMY__ 0.35975189272678887 neg 0.3308438613283306 off 0.3094042459448807	false	1.0
finster	neg 1.0		__DUMMY__ 0.3678626665076088 off 0.32489499333644595 neg 0.3072423401559452	false	0.5
geisteskrank	off 1.0		__DUMMY__ 0.36783247821089965 off 0.32352908383349926 neg 0.30863843795560114	false	1.0
ausbeute	neg 1.0		__DUMMY__ 0.36958618543474425 off 0.3213297563378962 neg 0.3090840582273596	false	0.5
zusammenbrechen	neg 1.0		__DUMMY__ 0.367690316347098 off 0.3221173006051318 neg 0.3101923830477703	false	0.5
hinterhalt	neg 1.0		__DUMMY__ 0.3680611596516745 off 0.3211796773208253 neg 0.31075916302750023	false	0.5
kritik	neg 1.0		__DUMMY__ 0.3678825308359637 off 0.31885807608200933 neg 0.31325939308202705	false	0.5
einschrumpfen	neg 1.0		__DUMMY__ 0.36557592376529674 off 0.31865184213550046 neg 0.3157722340992029	false	0.5
riskant	neg 1.0		__DUMMY__ 0.3680155428358186 off 0.3213004634132178 neg 0.3106839937509636	false	0.5
frustrieren	neg 1.0		__DUMMY__ 0.3680953604575947 off 0.32170761930844777 neg 0.31019702023395745	false	0.5
groll	neg 1.0		__DUMMY__ 0.3681245087981869 off 0.32102753069444423 neg 0.31084796050736874	false	0.5
qualvoll	neg 1.0		__DUMMY__ 0.367349142919696 off 0.32362724294962847 neg 0.3090236141306756	false	0.5
wackeln	neg 1.0		__DUMMY__ 0.3680930741689035 off 0.323031077814111 neg 0.3088758480169856	false	0.5
klagen	neg 1.0		__DUMMY__ 0.367963594125116 off 0.31916540640567015 neg 0.312870999469214	false	0.5
trauern	neg 1.0		__DUMMY__ 0.3679382670878756 off 0.32154249121342765 neg 0.31051924169869666	false	0.5
ablehnung	neg 1.0		__DUMMY__ 0.3680772963411668 off 0.3183478381891594 neg 0.31357486546967367	false	0.5
bankrott	neg 1.0		__DUMMY__ 0.36689357686924434 neg 0.3189478440644352 off 0.3141585790663203	false	1.0
stur	neg 1.0		__DUMMY__ 0.3676077734153282 off 0.32241539593031915 neg 0.3099768306543526	false	0.5
aufruhr	neg 1.0		__DUMMY__ 0.3687427369897696 off 0.3171256786115556 neg 0.3141315843986746	false	0.5
melancholie	neg 1.0		__DUMMY__ 0.3677944601964429 off 0.32414683425313673 neg 0.3080587055504204	false	0.5
torheit	neg 1.0		__DUMMY__ 0.367943288863838 off 0.32056272863778745 neg 0.31149398249837457	false	0.5
dreckskind	off 1.0		__DUMMY__ 0.365661003762385 off 0.3320618725905831 neg 0.30227712364703196	false	1.0
umtauschen	neg 1.0		__DUMMY__ 0.3673775827952392 off 0.3244747680057511 neg 0.3081476491990098	false	0.5
zersetzen	neg 1.0		__DUMMY__ 0.36802163378560004 off 0.3201705221316336 neg 0.31180784408276635	false	0.5
frust	neg 1.0		__DUMMY__ 0.36775817983545556 off 0.3219981544774236 neg 0.31024366568712086	false	0.5
unerbittlichkeit	neg 1.0		__DUMMY__ 0.3680490863736681 off 0.3202203064955459 neg 0.3117306071307859	false	0.5
unkorrekt	neg 1.0		__DUMMY__ 0.36726688646419925 off 0.3238781122818603 neg 0.30885500125394033	false	0.5
hexe	off 1.0		__DUMMY__ 0.3679174747095305 off 0.32641712621937563 neg 0.30566539907109375	false	1.0
lasch	neg 1.0		__DUMMY__ 0.3678130037410098 off 0.322535360302342 neg 0.30965163595664824	false	0.5
rivale	neg 1.0		__DUMMY__ 0.36749595962870796 off 0.3171746863780454 neg 0.31532935399324663	false	0.5
mutlos	off 1.0		__DUMMY__ 0.3680472871371306 off 0.3206703207015563 neg 0.3112823921613132	false	1.0
wirr	off 1.0		__DUMMY__ 0.36661279819150616 off 0.325757309327737 neg 0.3076298924807569	false	1.0
strafbar	neg 1.0		__DUMMY__ 0.3680712764155137 off 0.3210062176585758 neg 0.31092250592591064	false	0.5
erosion	neg 1.0	neg 1.0	neg 0.6405658830529967 __DUMMY__ 0.18176522838199896 off 0.17766888856500446	false	1.0
eingehen	neg 1.0		__DUMMY__ 0.3679972664289063 off 0.32134102964787226 neg 0.3106617039232214	false	0.5
faul	off 1.0		__DUMMY__ 0.3670266920655022 off 0.325810470163006 neg 0.30716283777149184	false	1.0
provisorium	neg 1.0		__DUMMY__ 0.3684696315832768 off 0.32016801073793033 neg 0.3113623576787929	false	0.5
schmerzen	neg 1.0		__DUMMY__ 0.36710457944260994 off 0.3243729015170294 neg 0.3085225190403606	false	0.5
schrumpfen	neg 1.0		__DUMMY__ 0.3685118677500173 off 0.3189247007432234 neg 0.31256343150675925	false	0.5
geistlos	off 1.0		__DUMMY__ 0.3677929109729988 off 0.32225114984336123 neg 0.30995593918363984	false	1.0
frustrierend	neg 1.0		__DUMMY__ 0.36791042059054546 off 0.32381290399568774 neg 0.3082766754137668	false	0.5
fehlkauf	neg 1.0		__DUMMY__ 0.3694188900356979 off 0.32122010545445784 neg 0.30936100450984433	false	0.5
unzufrieden	neg 1.0		__DUMMY__ 0.36811818010671243 off 0.3212490720249758 neg 0.3106327478683118	false	0.5
verzweifeln	neg 1.0		__DUMMY__ 0.3678545573285301 off 0.32236780758221356 neg 0.30977763508925626	false	0.5
verzweifelt	neg 1.0		__DUMMY__ 0.36794575702847104 off 0.3230002470667895 neg 0.3090539959047394	false	0.5
misstrauensantrag	neg 1.0		__DUMMY__ 0.3670064754340413 off 0.316951784657934 neg 0.31604173990802475	false	0.5
abfallen	neg 1.0		__DUMMY__ 0.3673568778249866 off 0.32455519415881834 neg 0.308087928016195	false	0.5
fucker	off 1.0		__DUMMY__ 0.48125419282853377 off 0.3191321406275313 neg 0.19961366654393503	false	1.0
ungezogen	neg 1.0		__DUMMY__ 0.36684119548931626 off 0.32662283505706813 neg 0.3065359694536157	false	0.5
irrsinnig	neg 1.0		__DUMMY__ 0.3677486440670153 off 0.3230733935093407 neg 0.309177962423644	false	0.5
hart	neg 1.0		__DUMMY__ 0.36542543053044724 off 0.33051357534995257 neg 0.30406099411960014	false	0.5
unfassbar	neg 1.0		__DUMMY__ 0.36810564056944006 off 0.32357986849927517 neg 0.30831449093128477	false	0.5
widerlich	off 1.0		__DUMMY__ 0.367491847343008 off 0.32400394778841085 neg 0.3085042048685812	false	1.0
fatal			__DUMMY__ 0.35833836592556534 off 0.32484509724482685 neg 0.3168165368296079	false	0.0
bruch	neg 1.0		__DUMMY__ 0.36839945350501296 off 0.3198929373256795 neg 0.31170760916930745	false	0.5
aushungern	neg 1.0		__DUMMY__ 0.3675891004519968 off 0.3191784363809829 neg 0.3132324631670202	false	0.5
anspannung	neg 1.0		__DUMMY__ 0.36831765771351027 off 0.32093107740767624 neg 0.3107512648788133	false	0.5
kraftlos	neg 1.0		__DUMMY__ 0.36801623070355044 off 0.32217344145218024 neg 0.3098103278442694	false	0.5
grenzdebil	off 1.0		__DUMMY__ 0.36734708765695395 off 0.3245736382099063 neg 0.3080792741331398	false	1.0
unterwerfen	neg 1.0		__DUMMY__ 0.3679639470783262 off 0.3211003211090047 neg 0.31093573181266926	false	0.5
versenkung	neg 1.0		__DUMMY__ 0.3681776810623376 off 0.3211944238340498 neg 0.3106278951036125	false	0.5
entziehen	neg 1.0		__DUMMY__ 0.368208136652146 off 0.3203884006839793 neg 0.3114034626638748	false	0.5
finanzkrise	neg 1.0		__DUMMY__ 0.36828873277905055 neg 0.3159113437068267 off 0.31579992351412284	false	1.0
schimpfend	neg 1.0		__DUMMY__ 0.36731825366461957 off 0.32404214447502355 neg 0.30863960186035705	false	0.5
profan	neg 1.0		__DUMMY__ 0.3678608881148063 off 0.3233556276547924 neg 0.3087834842304012	false	0.5
korruption	neg 1.0		__DUMMY__ 0.3679186994733539 off 0.3180640691272597 neg 0.3140172313993862	false	0.5
schmutzig	neg 1.0		__DUMMY__ 0.36738165322046995 off 0.3247700153838653 neg 0.3078483313956647	false	0.5
abraten	neg 1.0		__DUMMY__ 0.36776743139435575 off 0.3238864503156301 neg 0.30834611829001396	false	0.5
sexy	neg 1.0		off 0.34334134932731425 __DUMMY__ 0.33872135275663484 neg 0.317937297916051	false	0.5
fotze	off 1.0		__DUMMY__ 0.3642335800082297 off 0.33543595060138515 neg 0.30033046939038505	false	1.0
schwarz	neg 1.0		__DUMMY__ 0.3681545383183945 off 0.3218743730272364 neg 0.30997108865436906	false	0.5
verwirren	neg 1.0		__DUMMY__ 0.36763594491821205 off 0.3238532703695587 neg 0.30851078471222937	false	0.5
zahnlos	off 1.0		__DUMMY__ 0.368285590228042 off 0.3212853019718205 neg 0.3104291078001375	false	1.0
verheeren	neg 1.0		__DUMMY__ 0.3678141331629002 neg 0.31665012920286845 off 0.3155357376342313	false	1.0
rammen	neg 1.0		__DUMMY__ 0.36750467062388137 off 0.32486786391082556 neg 0.30762746546529296	false	0.5
unlauter	neg 1.0		__DUMMY__ 0.3675596800372495 off 0.3179482182910718 neg 0.31449210167167874	false	0.5
unheilvoll	neg 1.0		__DUMMY__ 0.36728857744999316 off 0.32330620451032627 neg 0.30940521803968046	false	0.5
niedrig	neg 1.0		__DUMMY__ 0.36947521886165413 off 0.3179126752310788 neg 0.3126121059072672	false	0.5
weichei	off 1.0		__DUMMY__ 0.3670664978714758 off 0.3265075148091135 neg 0.30642598731941073	false	1.0
explosion	neg 1.0		__DUMMY__ 0.364788612807743 neg 0.32272525079312375 off 0.3124861363991332	false	1.0
minusmensch	off 1.0		__DUMMY__ 0.3663741606467306 off 0.33130570277646104 neg 0.30232013657680845	false	1.0
farblos	neg 1.0		__DUMMY__ 0.3691722227638264 off 0.3221491596100476 neg 0.30867861762612614	false	0.5
unwissend	neg 1.0		__DUMMY__ 0.3675876464295896 off 0.3239504455485062 neg 0.3084619080219043	false	0.5
traurig	neg 1.0		__DUMMY__ 0.3674029205849999 off 0.32504143635551525 neg 0.3075556430594848	false	0.5
senkung	neg 1.0		__DUMMY__ 0.36745982587854054 neg 0.31871679675238196 off 0.3138233773690774	false	1.0
ungleich	neg 1.0		__DUMMY__ 0.36797262320476365 off 0.3208598169349847 neg 0.3111675598602516	false	0.5
heikel	neg 1.0		__DUMMY__ 0.3678660644664346 off 0.3210857694003695 neg 0.31104816613319597	false	0.5
drosselung	neg 1.0		__DUMMY__ 0.3679135636178841 neg 0.3174104371264744 off 0.31467599925564144	false	1.0
falsch	neg 1.0		__DUMMY__ 0.367618554910434 off 0.32386812113990715 neg 0.30851332394965897	false	0.5
unzufriedenheit	neg 1.0		__DUMMY__ 0.3680378308257234 off 0.3201990674657811 neg 0.3117631017084956	false	0.5
kurz	neg 1.0		__DUMMY__ 0.3679572009260134 off 0.3234702792141706 neg 0.3085725198598161	false	0.5
unsinnig	neg 1.0		__DUMMY__ 0.3676991048895631 off 0.3217542962274632 neg 0.3105465988829736	false	0.5
penner	off 1.0		__DUMMY__ 0.36702846103359593 off 0.32621970207648193 neg 0.30675183688992214	false	1.0
seicht	neg 1.0		__DUMMY__ 0.36768940240069087 off 0.32455740542320033 neg 0.3077531921761088	false	0.5
dummheit	off 1.0		__DUMMY__ 0.36766111240203037 off 0.32263073224386646 neg 0.3097081553541033	false	1.0
unerfreulich	neg 1.0		__DUMMY__ 0.3681006732088135 off 0.32093749684705547 neg 0.310961829944131	false	0.5
pikiert	neg 1.0		__DUMMY__ 0.3676883238578951 off 0.3237181854719244 neg 0.30859349067018055	false	0.5
motherfucker	off 1.0		__DUMMY__ 0.4685314011990513 off 0.3183451598599927 neg 0.21312343894095595	false	1.0
wrack	neg 1.0		__DUMMY__ 0.3683083843414709 off 0.3211081173996791 neg 0.31058349825885	false	0.5
gangster	neg 1.0		__DUMMY__ 0.41118828817200515 off 0.33233596856335185 neg 0.256475743264643	false	0.5
krank	neg 1.0		__DUMMY__ 0.3673421272543822 off 0.3254116544291271 neg 0.30724621831649074	false	0.5
reich	neg 1.0		__DUMMY__ 0.36820708405777736 off 0.3210474082455046 neg 0.31074550769671805	false	0.5
gnadenlos	neg 1.0		__DUMMY__ 0.3679567296639622 off 0.32292539084749483 neg 0.309117879488543	false	0.5
niedergeschlagen	neg 1.0		__DUMMY__ 0.3679758204367065 off 0.32212146862725743 neg 0.3099027109360361	false	0.5
terrorisieren	off 1.0	off 1.0	off 0.6497677850985785 __DUMMY__ 0.17777658962359247 neg 0.17245562527782904	false	1.0
sinnlosigkeit	neg 1.0		__DUMMY__ 0.36783497550719846 off 0.32153701105506505 neg 0.31062801343773644	false	0.5
behindern	neg 1.0		__DUMMY__ 0.3684094174880848 off 0.3180391951923064 neg 0.3135513873196088	false	0.5
undemokratisch	neg 1.0		__DUMMY__ 0.36723696094974845 off 0.3200978667783871 neg 0.3126651722718644	false	0.5
wirtschaftskrise	neg 1.0		__DUMMY__ 0.36855338809248345 off 0.3165692534673631 neg 0.3148773584401535	false	0.5
neid	neg 1.0		__DUMMY__ 0.3681144334546238 off 0.32370099505622446 neg 0.30818457148915157	false	0.5
rutschen	neg 1.0		__DUMMY__ 0.36854244223650623 off 0.3219583006545807 neg 0.3094992571089132	false	0.5
rezession	neg 1.0		__DUMMY__ 0.36866606410896263 neg 0.31650468540757953 off 0.314829250483458	false	1.0
fehlgeburt	neg 1.0		__DUMMY__ 0.3670621867477478 off 0.3241520062011049 neg 0.30878580705114717	false	0.5
charakterschwach	off 1.0		__DUMMY__ 0.36764262789795593 off 0.3234891359814365 neg 0.30886823612060743	false	1.0
isolation	neg 1.0		__DUMMY__ 0.3621873288323772 neg 0.3269626328720421 off 0.31085003829558067	false	1.0
ablenkung	neg 1.0		__DUMMY__ 0.36774417908618 off 0.3230194800408821 neg 0.30923634087293794	false	0.5
pech	neg 1.0		__DUMMY__ 0.3678032849036562 off 0.3247771594538904 neg 0.3074195556424533	false	0.5
dominieren	neg 1.0		__DUMMY__ 0.36910604408737036 off 0.317357669102576 neg 0.31353628681005374	false	0.5
vermeidung	neg 1.0		__DUMMY__ 0.36717672822657244 neg 0.31893474654965187 off 0.31388852522377575	false	1.0
schwindlig	neg 1.0		__DUMMY__ 0.3671230266537312 off 0.32608260326508315 neg 0.3067943700811858	false	0.5
lutscher	neg 1.0		__DUMMY__ 0.36623669802536807 off 0.32974008105852376 neg 0.3040232209161083	false	0.5
pflicht	neg 1.0		__DUMMY__ 0.3681943222780149 off 0.3207278738472085 neg 0.3110778038747766	false	0.5
faschist	off 1.0		__DUMMY__ 0.36753992787154693 off 0.3222934452777081 neg 0.310166626850745	false	1.0
verschleudern	neg 1.0		__DUMMY__ 0.3682265583295985 off 0.3183979343910984 neg 0.313375507279303	false	0.5
ehebruch	neg 1.0		__DUMMY__ 0.3680075862414476 off 0.3213885028591324 neg 0.3106039108994199	false	0.5
trostlosigkeit	neg 1.0		__DUMMY__ 0.3680536369209645 off 0.32048918861086995 neg 0.31145717446816557	false	0.5
lutschen	neg 1.0		__DUMMY__ 0.3652249953998049 off 0.3304632556720954 neg 0.30431174892809976	false	0.5
spott	off 1.0		__DUMMY__ 0.3680026373897652 off 0.32078407988597324 neg 0.3112132827242614	false	1.0
undiszipliniert	neg 1.0		__DUMMY__ 0.36725042198163754 off 0.3250405002360691 neg 0.30770907778229334	false	0.5
kopfschmerz	neg 1.0		__DUMMY__ 0.3670612754362982 off 0.3239680154087133 neg 0.30897070915498853	false	0.5
unvorhergesehen	neg 1.0		__DUMMY__ 0.36816092737067607 off 0.3225418612498199 neg 0.3092972113795041	false	0.5
desinteressiert	neg 1.0		__DUMMY__ 0.3675068138053406 off 0.3247945990547501 neg 0.30769858713990916	false	0.5
armselig	off 1.0		__DUMMY__ 0.367927437214751 off 0.3234755877527688 neg 0.30859697503248035	false	1.0
tod	neg 1.0		__DUMMY__ 0.36819649350639105 off 0.3205604725895663 neg 0.3112430339040425	false	0.5
desaster	neg 1.0		__DUMMY__ 0.3683049111791269 off 0.31909932904259847 neg 0.3125957597782747	false	0.5
herzlos	neg 1.0		__DUMMY__ 0.3675248198589515 off 0.3247863428253871 neg 0.3076888373156613	false	0.5
unwissenheit	neg 1.0		__DUMMY__ 0.3676532836611479 off 0.3208763139869503 neg 0.31147040235190177	false	0.5
widersinnig	neg 1.0		__DUMMY__ 0.3677482453358641 off 0.3197050642007004 neg 0.3125466904634354	false	0.5
bedenklich	neg 1.0		__DUMMY__ 0.3678882768266112 off 0.3210482364587529 neg 0.31106348671463585	false	0.5
beanstanden	neg 1.0		__DUMMY__ 0.36822877164569295 off 0.32025878111669753 neg 0.31151244723760946	false	0.5
panisch	neg 1.0		__DUMMY__ 0.36738208169161923 off 0.32414626362308857 neg 0.3084716546852921	false	0.5
abstrich	neg 1.0		__DUMMY__ 0.3668173737963298 off 0.32391893182770376 neg 0.30926369437596657	false	0.5
debil	off 1.0		__DUMMY__ 0.36253004407123296 off 0.3373246834586085 neg 0.30014527247015865	false	1.0
primitiv	neg 1.0		__DUMMY__ 0.36797214721374655 off 0.32381109820900766 neg 0.30821675457724584	false	0.5
abschaum	off 1.0		__DUMMY__ 0.3677178013589608 off 0.3232650160620843 neg 0.30901718257895483	false	1.0
tot	neg 1.0		__DUMMY__ 0.3673517662986709 off 0.32432212742982647 neg 0.30832610627150275	false	0.5
provozieren	neg 1.0		__DUMMY__ 0.3677921516011875 off 0.3225368486716793 neg 0.3096709997271331	false	0.5
instabil	neg 1.0		__DUMMY__ 0.3685036761326703 off 0.3217463486978497 neg 0.3097499751694801	false	0.5
schwuchtel	off 1.0		__DUMMY__ 0.3657809130876805 off 0.3304711264184299 neg 0.3037479604938895	false	1.0
zerren	neg 1.0		__DUMMY__ 0.36779378422249154 off 0.32236318138339504 neg 0.30984303439411354	false	0.5
kinderficker	off 1.0		__DUMMY__ 0.3671605647272658 off 0.32390903280290995 neg 0.30893040246982434	false	1.0
gefahr	neg 1.0		__DUMMY__ 0.3685817919670581 off 0.31778892870912506 neg 0.31362927932381696	false	0.5
rabiat	neg 1.0		__DUMMY__ 0.36806057864671005 off 0.32245997853194946 neg 0.3094794428213404	false	0.5
verlangsamung	neg 1.0		__DUMMY__ 0.36931111791306487 off 0.3158838257545132 neg 0.31480505633242195	false	0.5
anklagen	neg 1.0		__DUMMY__ 0.3678332583100576 off 0.3180539259163294 neg 0.31411281577361294	false	0.5
ausgestorben	neg 1.0		__DUMMY__ 0.36831028659272014 off 0.3219183911922386 neg 0.30977132221504133	false	0.5
verminderung	neg 1.0		__DUMMY__ 0.3675373294210039 neg 0.3188898871990604 off 0.3135727833799358	false	1.0
rost	neg 1.0		__DUMMY__ 0.37029764864131975 off 0.318721783882776 neg 0.31098056747590436	false	0.5
destruktiv	neg 1.0		__DUMMY__ 0.367799079071148 off 0.32150667942386996 neg 0.310694241504982	false	0.5
unzumutbarkeit	neg 1.0		__DUMMY__ 0.36819305656356943 off 0.31790358639949706 neg 0.3139033570369335	false	0.5
labil	off 1.0	off 1.0	off 0.7306158477606219 __DUMMY__ 0.14416280920253008 neg 0.12522134303684795	false	1.0
ziemlich	neg 1.0		__DUMMY__ 0.3675312977300954 off 0.3248705287903161 neg 0.30759817347958857	false	0.5
lachnummer	off 1.0		__DUMMY__ 0.3680451962714625 off 0.32150594550385114 neg 0.31044885822468643	false	1.0
ausgrenzung	neg 1.0		__DUMMY__ 0.3677702367181827 off 0.3186763631044571 neg 0.31355340017736005	false	0.5
verfall	neg 1.0		__DUMMY__ 0.36819190924509554 off 0.31910923566504007 neg 0.3126988550898643	false	0.5
unordnung	neg 1.0	neg 1.0	neg 0.6399752923360509 off 0.180596804855402 __DUMMY__ 0.17942790280854717	false	1.0
fehlverhalten	neg 1.0		__DUMMY__ 0.36797876067295743 off 0.32019232298544265 neg 0.3118289163415999	false	0.5
nille	neg 1.0		__DUMMY__ 0.3629639388742164 off 0.3380713475216122 neg 0.2989647136041715	false	0.5
qual	neg 1.0		__DUMMY__ 0.34018601992825864 off 0.3328803228555743 neg 0.32693365721616696	false	0.5
riesig	neg 1.0		__DUMMY__ 0.36766173476738534 off 0.32825055750882676 neg 0.3040877077237878	false	0.5
verschwenden	neg 1.0		__DUMMY__ 0.3678685039017863 off 0.3216427796740623 neg 0.3104887164241514	false	0.5
verurteilen	neg 1.0		__DUMMY__ 0.36775118645775356 off 0.32083884827768566 neg 0.31140996526456083	false	0.5
klischee	neg 1.0		__DUMMY__ 0.367863974608892 off 0.32331695502896957 neg 0.30881907036213857	false	0.5
diktatorisch	neg 1.0		__DUMMY__ 0.3673221198771459 off 0.320483222467266 neg 0.3121946576555881	false	0.5
vorhersehbar	neg 1.0		__DUMMY__ 0.3681255148332787 off 0.3226763791474369 neg 0.30919810601928444	false	0.5
stornieren	neg 1.0		__DUMMY__ 0.36784185882551385 off 0.3207952772426843 neg 0.31136286393180185	false	0.5
besteuerung	neg 1.0		__DUMMY__ 0.36810789714316106 neg 0.3174368850511524 off 0.3144552178056866	false	1.0
ungeschminkt	neg 1.0		__DUMMY__ 0.3660623229519508 off 0.3286365752653076 neg 0.3053011017827416	false	0.5
kritisch	neg 1.0		__DUMMY__ 0.3680033031060889 off 0.3207511472695814 neg 0.3112455496243297	false	0.5
schlamperei	off 1.0		__DUMMY__ 0.3681210263564425 off 0.3182346254674287 neg 0.3136443481761287	false	1.0
sucht	neg 1.0		__DUMMY__ 0.3698025485732068 off 0.321141529301607 neg 0.3090559221251862	false	0.5
egoistisch	off 1.0		__DUMMY__ 0.3671132969647558 off 0.3251297912448425 neg 0.3077569117904017	false	1.0
ausbeuter	off 1.0		__DUMMY__ 0.3679735927005621 off 0.32030010058607505 neg 0.31172630671336277	false	1.0
arschgeburt			__DUMMY__ 0.36539043011858613 off 0.3315575914420605 neg 0.30305197843935333	false	0.0
schubs	neg 1.0		__DUMMY__ 0.3668613000733294 off 0.3253793463684856 neg 0.307759353558185	false	0.5
unsolide	neg 1.0		__DUMMY__ 0.36744099528761287 off 0.3201930537497234 neg 0.31236595096266373	false	0.5
beschwerde	neg 1.0		__DUMMY__ 0.36774310180464215 off 0.3184749265790548 neg 0.313781971616303	false	0.5
stocken	neg 1.0		__DUMMY__ 0.3689781652680453 off 0.31661565352399856 neg 0.3144061812079562	false	0.5
isolieren	neg 1.0		__DUMMY__ 0.3683768741899052 off 0.31747155221184115 neg 0.31415157359825374	false	0.5
unheilbar	neg 1.0		__DUMMY__ 0.3678144865629289 off 0.3222821489868389 neg 0.30990336445023214	false	0.5
pisser	off 1.0		__DUMMY__ 0.36546678190736726 off 0.33150908612076624 neg 0.3030241319718665	false	1.0
löschen	neg 1.0		__DUMMY__ 0.36337734388430687 off 0.3251351222239432 neg 0.3114875338917498	false	0.5
durchfallen	neg 1.0		__DUMMY__ 0.3677122799657432 off 0.3215668374643654 neg 0.31072088256989133	false	0.5
wichser	off 1.0		__DUMMY__ 0.3670336368399936 off 0.3265323275052413 neg 0.30643403565476507	false	1.0
terror	neg 1.0		__DUMMY__ 0.36455201928065095 neg 0.32040403636311054 off 0.31504394435623856	false	1.0
krass	neg 1.0		__DUMMY__ 0.36632672442410175 off 0.32844034583204573 neg 0.3052329297438526	false	0.5
revolte	neg 1.0		__DUMMY__ 0.36842145566401113 off 0.31711355659326196 neg 0.31446498774272696	false	0.5
besorgt	neg 1.0		__DUMMY__ 0.3678443248124336 off 0.3223972601274564 neg 0.3097584150601099	false	0.5
nachlassen	neg 1.0		__DUMMY__ 0.3682000553172511 off 0.32076653607892497 neg 0.31103340860382395	false	0.5
alt	neg 1.0		__DUMMY__ 0.3681314134126528 off 0.3257413206631942 neg 0.30612726592415296	false	0.5
hundesohn	off 1.0		__DUMMY__ 0.3645052917981185 off 0.33397388959224017 neg 0.3015208186096413	false	1.0
abschreckung	neg 1.0		__DUMMY__ 0.36793652170930063 off 0.3197123848670659 neg 0.3123510934236335	false	0.5
unqualifiziert	neg 1.0		__DUMMY__ 0.36748169999263497 off 0.32240564344311445 neg 0.31011265656425047	false	0.5
abgewichst	off 1.0		__DUMMY__ 0.3637555717878761 off 0.3357051747546962 neg 0.3005392534574276	false	1.0
kapitulation	neg 1.0		__DUMMY__ 0.3681913082382123 off 0.31848685193795084 neg 0.31332183982383677	false	0.5
schwer	neg 1.0		__DUMMY__ 0.36806896298211206 off 0.32261673936012486 neg 0.3093142976577631	false	0.5
bedeutungslosigkeit	neg 1.0		__DUMMY__ 0.3682150787673859 off 0.3201163385463565 neg 0.3116685826862576	false	0.5
unscharf	neg 1.0		__DUMMY__ 0.3667733430497914 off 0.3263868138250076 neg 0.30683984312520085	false	0.5
schwinden	neg 1.0		__DUMMY__ 0.36867912483783566 off 0.3171433850626477 neg 0.31417749009951657	false	0.5
versklavung	neg 1.0		__DUMMY__ 0.3675935956409797 off 0.31797919449172435 neg 0.31442720986729583	false	0.5
schlecht	neg 1.0		__DUMMY__ 0.36762862587323947 off 0.32431701775422284 neg 0.30805435637253764	false	0.5
verhasst	neg 1.0		__DUMMY__ 0.36792068829575886 off 0.3219065393160201 neg 0.31017277238822116	false	0.5
beschweren	neg 1.0		__DUMMY__ 0.36805413199818987 off 0.32285818520733267 neg 0.30908768279447735	false	0.5
scheiden	neg 1.0		__DUMMY__ 0.3681188075163701 off 0.3228484267298584 neg 0.30903276575377153	false	0.5
frustriert	neg 1.0		__DUMMY__ 0.3678846532850687 off 0.32225324273767475 neg 0.3098621039772564	false	0.5
schimmelig	neg 1.0		__DUMMY__ 0.36648097555454684 off 0.3284990944931261 neg 0.305019929952327	false	0.5
fisch	neg 1.0		__DUMMY__ 0.3682675452624431 off 0.325620329916737 neg 0.30611212482081984	false	0.5
schmuggel	neg 1.0		__DUMMY__ 0.3680642186550471 off 0.32113713098416213 neg 0.3107986503607907	false	0.5
auffallen	neg 1.0		__DUMMY__ 0.36789108220309347 off 0.32284277899107316 neg 0.30926613880583337	false	0.5
konkurrenz	neg 1.0		__DUMMY__ 0.36819864658983287 off 0.32031320175206907 neg 0.311488151658098	false	0.5
teufelskreis	neg 1.0		__DUMMY__ 0.36805547738356476 off 0.3220250159722212 neg 0.3099195066442141	false	0.5
aufschreien	neg 1.0		__DUMMY__ 0.3678926058058896 off 0.32346166621963296 neg 0.3086457279744775	false	0.5
missgeburt	off 1.0		__DUMMY__ 0.365834012286675 off 0.3314187220228777 neg 0.3027472656904472	false	1.0
schuldner	neg 1.0		__DUMMY__ 0.36825129777266274 off 0.31743319172866086 neg 0.3143155104986764	false	0.5
befallen	neg 1.0		__DUMMY__ 0.36733696917450115 off 0.3200707520015623 neg 0.3125922788239366	false	0.5
arbeitslos	neg 1.0		__DUMMY__ 0.3679811136055431 off 0.3214862599755076 neg 0.3105326264189494	false	0.5
miesepetrig	off 1.0		__DUMMY__ 0.3674591011073815 off 0.32444735654935036 neg 0.30809354234326813	false	1.0
alarmieren	neg 1.0		__DUMMY__ 0.36847627372413744 off 0.3162784376134466 neg 0.31524528866241586	false	0.5
ungeduscht	off 1.0		__DUMMY__ 0.3664076598888873 off 0.3271278254796384 neg 0.30646451463147417	false	1.0
knappheit	neg 1.0		__DUMMY__ 0.36850944549187614 off 0.3174149961331376 neg 0.31407555837498613	false	0.5
schlange	neg 1.0		__DUMMY__ 0.3680421999722003 off 0.32327650158727134 neg 0.30868129844052855	false	0.5
harsch	neg 1.0		__DUMMY__ 0.36783501346440417 off 0.3180314758866702 neg 0.3141335106489256	false	0.5
lang	neg 1.0	neg 1.0	neg 0.5955462558214147 off 0.20460359521549681 __DUMMY__ 0.1998501489630884	false	1.0
ziellos	neg 1.0		__DUMMY__ 0.3681277307558334 off 0.32196188236427886 neg 0.3099103868798878	false	0.5
selbstverliebt	neg 1.0		__DUMMY__ 0.36683246795970637 off 0.3275235656593945 neg 0.30564396638089913	false	0.5
beseitigen	neg 1.0		__DUMMY__ 0.36862823010117923 off 0.3176573202451006 neg 0.31371444965372	false	0.5
dumm	off 1.0		__DUMMY__ 0.36714115596689983 off 0.32595430178178547 neg 0.3069045422513147	false	1.0
arbeitsloser	neg 1.0		__DUMMY__ 0.36807732494459167 off 0.3212010630857675 neg 0.31072161196964077	false	0.5
blitzen	neg 1.0		__DUMMY__ 0.3689594784267825 off 0.3224691255448121 neg 0.3085713960284053	false	0.5
hilflos	neg 1.0		__DUMMY__ 0.36762456833570306 off 0.3223947330358671 neg 0.3099806986284298	false	0.5
eklig	off 1.0		__DUMMY__ 0.36654884621989875 off 0.3277263978598009 neg 0.3057247559203004	false	1.0
hungersnot	neg 1.0		__DUMMY__ 0.36858024885120566 off 0.3181109404350094 neg 0.31330881071378497	false	0.5
ungesetzlich	neg 1.0		__DUMMY__ 0.36770707367346456 off 0.3196798457234399 neg 0.31261308060309545	false	0.5
verschwendung	neg 1.0		__DUMMY__ 0.367926752734894 off 0.3212018027952727 neg 0.31087144446983334	false	0.5
schmerzvoll	neg 1.0		__DUMMY__ 0.3676757198426 off 0.32350669391622505 neg 0.30881758624117506	false	0.5
vorzeitig	neg 1.0		__DUMMY__ 0.3683819791996854 off 0.31625787356425844 neg 0.3153601472360561	false	0.5
unvollkommenheit	neg 1.0		__DUMMY__ 0.36790827160125883 off 0.3219425644250714 neg 0.31014916397366976	false	0.5
intervenieren	neg 1.0		__DUMMY__ 0.3678087130584169 off 0.3197790429335876 neg 0.3124122440079954	false	0.5
banause	off 1.0		__DUMMY__ 0.3668687295744677 off 0.3264233850657891 neg 0.30670788535974325	false	1.0
rebell	neg 1.0		__DUMMY__ 0.364393158195509 off 0.3315975350877774 neg 0.30400930671671367	false	0.5
unlogisch	neg 1.0		__DUMMY__ 0.3672991402545991 off 0.3247463207677448 neg 0.30795453897765607	false	0.5
abschaffung	neg 1.0		__DUMMY__ 0.36765202440985234 off 0.3169036878069884 neg 0.31544428778315914	false	0.5
leiden	neg 1.0		__DUMMY__ 0.3680638030533487 off 0.32294864033672865 neg 0.3089875566099228	false	0.5
sturz	neg 1.0		__DUMMY__ 0.3685654770621024 off 0.31774603172073934 neg 0.31368849121715836	false	0.5
verkleinerung	neg 1.0		__DUMMY__ 0.36812843769476994 neg 0.31601565682548 off 0.31585590547974995	false	1.0
schmarotzer	off 1.0		__DUMMY__ 0.3677484702752079 off 0.3216838481140849 neg 0.31056768161070725	false	1.0
bestrafung	neg 1.0		__DUMMY__ 0.3678185519922253 off 0.323080826856809 neg 0.30910062115096576	false	0.5
achtlos	neg 1.0		__DUMMY__ 0.36769278421180157 off 0.3223641847945879 neg 0.3099430309936106	false	0.5
ungeheuer	neg 1.0		__DUMMY__ 0.3681669260168481 off 0.3240165186754316 neg 0.3078165553077203	false	0.5
unaufrichtig	neg 1.0		__DUMMY__ 0.3670250073268686 off 0.3228655919615376 neg 0.31010940071159365	false	0.5
groggy	neg 1.0		__DUMMY__ 0.3671828933535132 off 0.3280421710168366 neg 0.3047749356296504	false	0.5
verletzlich	neg 1.0		__DUMMY__ 0.36748840822017975 off 0.3246278122771882 neg 0.3078837795026321	false	0.5
ablehnen	neg 1.0		__DUMMY__ 0.3677379425621756 off 0.3207076018401454 neg 0.3115544555976789	false	0.5
kollaps	neg 1.0		__DUMMY__ 0.368344780634986 off 0.3159098154653778 neg 0.3157454038996364	false	0.5
beschnitten	neg 1.0		__DUMMY__ 0.36781974747037705 off 0.3229117570004693 neg 0.30926849552915364	false	0.5
defekt	neg 1.0		__DUMMY__ 0.36785207751981325 off 0.31698101627260045 neg 0.3151669062075862	false	0.5
dreckskerl	off 1.0		__DUMMY__ 0.3671104100956988 off 0.32487268728906255 neg 0.30801690261523873	false	1.0
deine	neg 1.0		__DUMMY__ 0.3669504289012969 off 0.3262713711817606 neg 0.30677819991694255	false	0.5
aufgeben	neg 1.0		__DUMMY__ 0.36827711559445137 off 0.3230092820510391 neg 0.30871360235450956	false	0.5
durcheinander	neg 1.0		__DUMMY__ 0.36789812957102025 off 0.32369873713417313 neg 0.3084031332948068	false	0.5
unterbrechen	neg 1.0		__DUMMY__ 0.3680404884715641 off 0.3218728931840908 neg 0.3100866183443451	false	0.5
vergammeln	neg 1.0		__DUMMY__ 0.3678824346628737 off 0.3234073203881544 neg 0.3087102449489718	false	0.5
grotesk	neg 1.0		__DUMMY__ 0.36810722588775596 off 0.321489060483396 neg 0.31040371362884817	false	0.5
elendig	neg 1.0		__DUMMY__ 0.3675582191435277 off 0.3235868527082001 neg 0.3088549281482722	false	0.5
naiv	off 1.0		__DUMMY__ 0.3680494329465423 off 0.3230956077343773 neg 0.30885495931908036	false	1.0
uneinigkeit	neg 1.0		__DUMMY__ 0.36811855515577696 off 0.3173223140605287 neg 0.3145591307836945	false	0.5
fragil	neg 1.0		__DUMMY__ 0.3619379167123533 neg 0.32236982507580286 off 0.3156922582118438	false	1.0
provisorisch	neg 1.0		__DUMMY__ 0.36851960938786815 off 0.3214275089877954 neg 0.31005288162433636	false	0.5
landei	off 1.0		__DUMMY__ 0.36754193001414676 off 0.32629112246847175 neg 0.30616694751738144	false	1.0
bedauerlich	neg 1.0		__DUMMY__ 0.36798695487275374 off 0.321189949900111 neg 0.3108230952271353	false	0.5
krieg	neg 1.0		__DUMMY__ 0.36786004421759244 off 0.322190138699784 neg 0.30994981708262354	false	0.5
traurigkeit	neg 1.0		__DUMMY__ 0.3679277277748467 off 0.32278469549926614 neg 0.30928757672588725	false	0.5
monotonie	neg 1.0		__DUMMY__ 0.36823209395288753 off 0.32154749760534257 neg 0.3102204084417699	false	0.5
unliebsam	neg 1.0		__DUMMY__ 0.3679187789005114 off 0.3220895374342435 neg 0.309991683665245	false	0.5
drift	neg 1.0		neg 0.3550509409380584 __DUMMY__ 0.322773305603408 off 0.3221757534585336	false	1.0
chaos	neg 1.0		__DUMMY__ 0.3680029509955886 off 0.3192528573492468 neg 0.3127441916551646	false	0.5
blutig	neg 1.0		__DUMMY__ 0.367967407441763 off 0.3234451836207648 neg 0.3085874089374723	false	0.5
machtlos	neg 1.0		__DUMMY__ 0.36791177979039913 off 0.3209293629859101 neg 0.3111588572236906	false	0.5
einsamkeit	neg 1.0		__DUMMY__ 0.36810612134169834 off 0.3231624809098477 neg 0.308731397748454	false	0.5
