unsolidarisch	neg 1.0		off 0.4743460593571784 neg 0.460111579059701 __DUMMY__ 0.06554236158312053	false	0.5
nachteilig	neg 1.0		off 0.47356131264616547 neg 0.46075826425127314 __DUMMY__ 0.06568042310256132	false	0.5
skeptisch	neg 1.0		off 0.4744308892157864 neg 0.45987940927327475 __DUMMY__ 0.06568970151093888	false	0.5
schrecklich	neg 1.0		off 0.4791276533357513 neg 0.4553534874163127 __DUMMY__ 0.06551885924793584	false	0.5
schlapp	neg 1.0		off 0.47939686478339133 neg 0.4550577213051232 __DUMMY__ 0.06554541391148559	false	0.5
abfall	neg 1.0		off 0.4737227557539924 neg 0.46052211898848605 __DUMMY__ 0.06575512525752152	false	0.5
widerspenstig	neg 1.0		off 0.4766512244646586 neg 0.45776525445153116 __DUMMY__ 0.06558352108381017	false	0.5
abrupt	neg 1.0		off 0.4754598794540038 neg 0.458794837954924 __DUMMY__ 0.0657452825910724	false	0.5
unwirksam	neg 1.0		off 0.4686325497240204 neg 0.4656953682226179 __DUMMY__ 0.06567208205336182	false	0.5
angreifen	neg 1.0		off 0.4744109560716177 neg 0.4599207144783293 __DUMMY__ 0.065668329450053	false	0.5
inkonsistent	neg 1.0		off 0.4766062715269963 neg 0.45769624766136935 __DUMMY__ 0.06569748081163441	false	0.5
abrutschen	neg 1.0		off 0.47442044109500664 neg 0.4599017992601831 __DUMMY__ 0.06567775964481011	false	0.5
unsicher	neg 1.0		off 0.47650636438637606 neg 0.457844618721242 __DUMMY__ 0.06564901689238205	false	0.5
bauernkind	off 1.0		off 0.4830459935509671 neg 0.4516336345388285 __DUMMY__ 0.06532037191020443	false	1.0
angreifer	neg 1.0		off 0.4715102617842552 neg 0.462864360822779 __DUMMY__ 0.06562537739296577	false	0.5
trennen	neg 1.0		off 0.4756122976037545 neg 0.4586129004657621 __DUMMY__ 0.06577480193048331	false	0.5
schmutz	neg 1.0		off 0.471875621873902 neg 0.46240905836370766 __DUMMY__ 0.06571531976239048	false	0.5
inkonsistenz	neg 1.0		off 0.477193307125383 neg 0.4572119711377321 __DUMMY__ 0.0655947217368849	false	0.5
erschreckend	neg 1.0		off 0.4752240107063894 neg 0.45911740858168315 __DUMMY__ 0.0656585807119274	false	0.5
ertrinken	neg 1.0		off 0.475618370976172 neg 0.45880245711796563 __DUMMY__ 0.06557917190586245	false	0.5
pickelface	off 1.0		off 0.4873646440446397 neg 0.4475368899791267 __DUMMY__ 0.06509846597623359	false	1.0
lauch	neg 1.0		off 0.48453929760787184 neg 0.45020905474809486 __DUMMY__ 0.06525164764403324	false	0.5
steuerhinterziehung	neg 1.0		off 0.4712589992600589 neg 0.4631280474578744 __DUMMY__ 0.06561295328206662	false	0.5
unwichtig	neg 1.0		off 0.477310656325718 neg 0.45707771069354647 __DUMMY__ 0.06561163298073552	false	0.5
schock	neg 1.0		off 0.47664227491568706 neg 0.4576451843590576 __DUMMY__ 0.06571254072525523	false	0.5
vergelten	neg 1.0		off 0.4735378884625724 neg 0.46102813573515816 __DUMMY__ 0.06543397580226952	false	0.5
beule	neg 1.0		off 0.4800937240539722 neg 0.45440881085046975 __DUMMY__ 0.065497465095558	false	0.5
verdorbenheit	neg 1.0		off 0.4748754635056346 neg 0.45913658479748404 __DUMMY__ 0.06598795169688133	false	0.5
trauma			off 0.492670608017004 neg 0.44862817482020895 __DUMMY__ 0.05870121716278709	false	0.0
sinnlos	neg 1.0		off 0.47721327706370664 neg 0.45718545526351695 __DUMMY__ 0.06560126767277649	false	0.5
fettsack	off 1.0		off 0.4827460955245533 neg 0.45184641129851066 __DUMMY__ 0.06540749317693609	false	1.0
feige	off 1.0		off 0.4772756991887479 neg 0.4570852027423163 __DUMMY__ 0.06563909806893578	false	1.0
abdanken	neg 1.0		off 0.47455672305757435 neg 0.459841194153065 __DUMMY__ 0.0656020827893608	false	0.5
wichtigtuer	off 1.0	off 1.0	off 0.7251148829532902 neg 0.24378458478594697 __DUMMY__ 0.031100532260762773	false	1.0
misslingen	neg 1.0		off 0.4765007333460529 neg 0.45794060885073956 __DUMMY__ 0.06555865780320755	false	0.5
untreu	off 1.0		off 0.4773798989624121 neg 0.45699406402780374 __DUMMY__ 0.06562603700978402	false	1.0
missmutig	neg 1.0		off 0.4766545937345875 neg 0.4576797020051658 __DUMMY__ 0.06566570426024668	false	0.5
hurenbock	off 1.0		off 0.48260072073997035 neg 0.4521775235361874 __DUMMY__ 0.06522175572384234	false	1.0
betrunken	neg 1.0		off 0.4791838518952914 neg 0.45531555073064656 __DUMMY__ 0.06550059737406197	false	0.5
korrupt	off 1.0		off 0.4743199081910132 neg 0.46009236649016844 __DUMMY__ 0.06558772531881839	false	1.0
unmut	neg 1.0		off 0.47305030948319376 neg 0.4612580619552919 __DUMMY__ 0.06569162856151432	false	0.5
hackfresse	off 1.0		off 0.4800138254030348 neg 0.4545316497718653 __DUMMY__ 0.06545452482509989	false	1.0
aufblasen	neg 1.0		off 0.47725117256625826 neg 0.4571385060238657 __DUMMY__ 0.06561032140987609	false	0.5
gewaltsam	neg 1.0		off 0.47225781815847806 neg 0.462088151548942 __DUMMY__ 0.06565403029257995	false	0.5
unbeliebtheit	neg 1.0		off 0.47133163539926964 neg 0.4630020375615495 __DUMMY__ 0.0656663270391808	false	0.5
sturheit	neg 1.0		off 0.4744539056215512 neg 0.45990356275054606 __DUMMY__ 0.06564253162790264	false	0.5
kuh	neg 1.0		off 0.4833739056701242 neg 0.45127163440487594 __DUMMY__ 0.06535445992499987	false	0.5
erschrecken	neg 1.0		off 0.4777449886417108 neg 0.45667080194988735 __DUMMY__ 0.06558420940840183	false	0.5
opfer	neg 1.0		off 0.4749897853532219 neg 0.45933532098450336 __DUMMY__ 0.0656748936622748	false	0.5
stinktier	neg 1.0		off 0.48301060661749196 neg 0.4516477110179183 __DUMMY__ 0.06534168236458972	false	0.5
sinken	neg 1.0		off 0.4714718890125939 neg 0.4626763233245697 __DUMMY__ 0.06585178766283635	false	0.5
tucke	off 1.0		off 0.4819693426880568 neg 0.452752512493275 __DUMMY__ 0.06527814481866828	false	1.0
abstieg	neg 1.0		off 0.47293497327143863 neg 0.46133379658367724 __DUMMY__ 0.06573123014488405	false	0.5
missverstehen	neg 1.0		off 0.4765949226877629 neg 0.4577616886527484 __DUMMY__ 0.06564338865948884	false	0.5
ergebnislos	neg 1.0		off 0.47096655847300317 neg 0.46328071172481783 __DUMMY__ 0.06575272980217903	false	0.5
manipulieren	neg 1.0		off 0.474567868599719 neg 0.45984677024120224 __DUMMY__ 0.06558536115907876	false	0.5
verschleppen	neg 1.0		off 0.47147427724566743 neg 0.46284376486133616 __DUMMY__ 0.06568195789299641	false	0.5
unbewiesen	neg 1.0		off 0.4729923834515434 neg 0.4613375171918049 __DUMMY__ 0.0656700993566516	false	0.5
weib	off 1.0		off 0.4819582132627478 neg 0.4526803461691158 __DUMMY__ 0.06536144056813635	false	1.0
opposition	neg 1.0		off 0.46944053881630876 neg 0.46506599362823714 __DUMMY__ 0.06549346755545399	false	0.5
verkehrswidrig	neg 1.0		off 0.47145243177882046 neg 0.46309862508482774 __DUMMY__ 0.06544894313635186	false	0.5
inkorrekt	neg 1.0		off 0.4770860837918336 neg 0.45730908713816315 __DUMMY__ 0.06560482907000337	false	0.5
vermeiden	neg 1.0		off 0.47288105368499067 neg 0.46136787660211553 __DUMMY__ 0.06575106971289384	false	0.5
abweichung	neg 1.0		off 0.4725424108257546 neg 0.4617189217910906 __DUMMY__ 0.06573866738315479	false	0.5
alkoholisiert	neg 1.0		off 0.4751804404919872 neg 0.4591761533553762 __DUMMY__ 0.06564340615263664	false	0.5
scheiss	off 1.0	off 1.0	off 0.7267673495829544 neg 0.24211774814156153 __DUMMY__ 0.031114902275484052	false	1.0
herausforderung	neg 1.0		off 0.47366507014586284 neg 0.46055164134956145 __DUMMY__ 0.06578328850457575	false	0.5
pervers	off 1.0		off 0.481731034898857 neg 0.4529398564950643 __DUMMY__ 0.06532910860607868	false	1.0
wackelig	neg 1.0		off 0.4768733503937507 neg 0.45749658716019503 __DUMMY__ 0.06563006244605427	false	0.5
verwickeln	neg 1.0		off 0.4763596634771761 neg 0.45797093125198285 __DUMMY__ 0.06566940527084102	false	0.5
vorwand	neg 1.0		off 0.47447654223082214 neg 0.45990734488608126 __DUMMY__ 0.06561611288309667	false	0.5
muschi	off 1.0		off 0.48680594652773984 neg 0.4481013754345944 __DUMMY__ 0.06509267803766575	false	1.0
entmutigung	neg 1.0		off 0.47181041992163203 neg 0.4625742476917073 __DUMMY__ 0.0656153323866606	false	0.5
unstetig	neg 1.0		off 0.47496996584581896 neg 0.4594021619275646 __DUMMY__ 0.06562787222661655	false	0.5
unangemessen	neg 1.0		off 0.4747873608076413 neg 0.45956500843112164 __DUMMY__ 0.06564763076123695	false	0.5
entmutigen	neg 1.0		off 0.4766917397663368 neg 0.45765921773248913 __DUMMY__ 0.06564904250117426	false	0.5
schwanz	neg 1.0		off 0.48451106548122636 neg 0.4504711552145746 __DUMMY__ 0.06501777930419919	false	0.5
verbot	neg 1.0		off 0.47194430989809527 neg 0.46243120382331476 __DUMMY__ 0.06562448627858995	false	0.5
leid	neg 1.0		off 0.4796097773885553 neg 0.45487912515717116 __DUMMY__ 0.06551109745427358	false	0.5
archaisch	neg 1.0		off 0.47492198418032383 neg 0.4594486006319261 __DUMMY__ 0.0656294151877502	false	0.5
scheidung	neg 1.0		off 0.4697600731416293 neg 0.46450792717985306 __DUMMY__ 0.06573199967851771	false	0.5
abgestanden	neg 1.0		off 0.47858807300789663 neg 0.45574718440511036 __DUMMY__ 0.06566474258699309	false	0.5
einschlag	neg 1.0		off 0.4723223122410344 neg 0.46198416349690535 __DUMMY__ 0.06569352426206035	false	0.5
schmierig	off 1.0		off 0.47921101580712633 neg 0.4552508178248743 __DUMMY__ 0.06553816636799922	false	1.0
unpraktisch	neg 1.0		off 0.4782604932529604 neg 0.45616611952814823 __DUMMY__ 0.06557338721889128	false	0.5
wixxer	off 1.0		off 0.4830041794629515 neg 0.4516148534849471 __DUMMY__ 0.06538096705210139	false	1.0
jammerlappen	off 1.0		off 0.47732153259945354 neg 0.4570707952947863 __DUMMY__ 0.06560767210576025	false	1.0
farce	neg 1.0		off 0.4720338200175243 neg 0.46231654029945424 __DUMMY__ 0.06564963968302141	false	0.5
zwecklos	neg 1.0		off 0.47498611422305204 neg 0.4593391605606696 __DUMMY__ 0.06567472521627846	false	0.5
turbulent	neg 1.0		off 0.4741748035481164 neg 0.46029359144939513 __DUMMY__ 0.06553160500248853	false	0.5
schuld	neg 1.0		off 0.4764245075965032 neg 0.4579853809373853 __DUMMY__ 0.06559011146611152	false	0.5
risiko	neg 1.0		off 0.47062554831321307 neg 0.4634992955637897 __DUMMY__ 0.0658751561229973	false	0.5
invasion	neg 1.0		neg 0.47714103648304096 off 0.4585541443714217 __DUMMY__ 0.06430481914553728	false	1.0
finster	neg 1.0		off 0.4787892470494582 neg 0.4555673671719593 __DUMMY__ 0.06564338577858253	false	0.5
geisteskrank	off 1.0		off 0.4772870479541519 neg 0.4570747782060921 __DUMMY__ 0.06563817383975606	false	1.0
ausbeute	neg 1.0		off 0.4757854038472346 neg 0.4582742286609303 __DUMMY__ 0.06594036749183504	false	0.5
zusammenbrechen	neg 1.0		off 0.4757344875336028 neg 0.4586614405190368 __DUMMY__ 0.06560407194736054	false	0.5
hinterhalt	neg 1.0		off 0.47484992147161126 neg 0.4594915262300225 __DUMMY__ 0.06565855229836642	false	0.5
kritik	neg 1.0		off 0.4722984020243607 neg 0.4620702799599286 __DUMMY__ 0.06563131801571069	false	0.5
einschrumpfen	neg 1.0		off 0.47133026923916654 neg 0.46355752543262213 __DUMMY__ 0.06511220532821134	false	0.5
riskant	neg 1.0		off 0.47498979976853456 neg 0.4593474858864861 __DUMMY__ 0.06566271434497942	false	0.5
frustrieren	neg 1.0		off 0.4754651716032272 neg 0.45885661466476063 __DUMMY__ 0.06567821373201231	false	0.5
groll	neg 1.0		off 0.4747620542947321 neg 0.4595564384610263 __DUMMY__ 0.06568150724424156	false	0.5
qualvoll	neg 1.0		off 0.47720694361270766 neg 0.4572552813180948 __DUMMY__ 0.06553777506919758	false	0.5
wackeln	neg 1.0		off 0.47690571347004507 neg 0.4574193730755294 __DUMMY__ 0.06567491345442546	false	0.5
klagen	neg 1.0		off 0.47266678017679536 neg 0.4616864248432133 __DUMMY__ 0.06564679497999124	false	0.5
trauern	neg 1.0		off 0.4752076394239233 neg 0.45914894071018336 __DUMMY__ 0.06564341986589341	false	0.5
ablehnung	neg 1.0		off 0.4718515545255664 neg 0.46248148280305607 __DUMMY__ 0.06566696267137755	false	0.5
bankrott	neg 1.0		neg 0.46777187501713524 off 0.4668453363776883 __DUMMY__ 0.06538278860517649	false	1.0
stur	neg 1.0		off 0.4760152051247088 neg 0.45839357954072346 __DUMMY__ 0.06559121533456773	false	0.5
aufruhr	neg 1.0		off 0.4708442282607465 neg 0.46336968037448656 __DUMMY__ 0.06578609136476708	false	0.5
melancholie	neg 1.0		off 0.4779577433045385 neg 0.45642376955047304 __DUMMY__ 0.06561848714498854	false	0.5
torheit	neg 1.0		off 0.4741812157002778 neg 0.4601742129837198 __DUMMY__ 0.06564457131600243	false	0.5
dreckskind	off 1.0		off 0.48543008443331653 neg 0.4493349617032215 __DUMMY__ 0.06523495386346198	false	1.0
umtauschen	neg 1.0		off 0.47814575202244197 neg 0.4563149478612385 __DUMMY__ 0.06553930011631957	false	0.5
zersetzen	neg 1.0		off 0.47379889774268785 neg 0.46053730753012584 __DUMMY__ 0.0656637947271863	false	0.5
frust	neg 1.0		off 0.47563559168445485 neg 0.4587471479717839 __DUMMY__ 0.06561726034376121	false	0.5
unerbittlichkeit	neg 1.0		off 0.4738573002683246 neg 0.46047599307184367 __DUMMY__ 0.0656667066598317	false	0.5
unkorrekt	neg 1.0		off 0.47740718927430564 neg 0.457072950930855 __DUMMY__ 0.06551985979483936	false	0.5
hexe	off 1.0		off 0.4804477298621112 neg 0.4538983203924362 __DUMMY__ 0.06565394974545259	false	1.0
lasch	neg 1.0		off 0.476226281973148 neg 0.45813539263684194 __DUMMY__ 0.06563832539001004	false	0.5
rivale	neg 1.0		off 0.4703711562117107 neg 0.4641049751204937 __DUMMY__ 0.06552386866779555	false	0.5
mutlos	off 1.0		off 0.4743212740290183 neg 0.46001234385828726 __DUMMY__ 0.06566638211269445	false	1.0
wirr	off 1.0		off 0.4791535465095709 neg 0.4554453728315577 __DUMMY__ 0.06540108065887139	false	1.0
strafbar	neg 1.0		off 0.4746885031061707 neg 0.4596399513299379 __DUMMY__ 0.06567154556389136	false	0.5
erosion	neg 1.0	neg 1.0	neg 0.7144021640588538 off 0.25347805081620856 __DUMMY__ 0.03211978512493769	false	1.0
eingehen	neg 1.0		off 0.4750360172785054 neg 0.45930489217795 __DUMMY__ 0.06565909054354468	false	0.5
faul	off 1.0		off 0.4794000501428079 neg 0.45512119737619056 __DUMMY__ 0.06547875248100164	false	1.0
provisorium	neg 1.0		off 0.4740062608837756 neg 0.46025026554994874 __DUMMY__ 0.0657434735662756	false	0.5
schmerzen	neg 1.0		off 0.4779115309465985 neg 0.4565976202222116 __DUMMY__ 0.06549084883118991	false	0.5
schrumpfen	neg 1.0		off 0.47268327453336734 neg 0.4615664921481802 __DUMMY__ 0.06575023331845245	false	0.5
geistlos	off 1.0		off 0.4758901374492577 neg 0.45849110703663826 __DUMMY__ 0.06561875551410398	false	1.0
frustrierend	neg 1.0		off 0.47763726024620157 neg 0.4567174410353612 __DUMMY__ 0.06564529871843722	false	0.5
fehlkauf	neg 1.0		off 0.4756513407047495 neg 0.4585499332648081 __DUMMY__ 0.06579872603044248	false	0.5
unzufrieden	neg 1.0		off 0.4749919393388987 neg 0.4593261231708459 __DUMMY__ 0.06568193749025539	false	0.5
verzweifeln	neg 1.0		off 0.47607350761748723 neg 0.45829161642656785 __DUMMY__ 0.06563487595594487	false	0.5
verzweifelt	neg 1.0		off 0.4767875971419924 neg 0.45756139116033534 __DUMMY__ 0.0656510116976723	false	0.5
misstrauensantrag	neg 1.0		off 0.4698601223392259 neg 0.4646921508442788 __DUMMY__ 0.06544772681649527	false	0.5
abfallen	neg 1.0		off 0.47820753121003523 neg 0.4562545512702537 __DUMMY__ 0.06553791751971101	false	0.5
fucker	off 1.0		off 0.44672861095694427 neg 0.28613296640232244 __DUMMY__ 0.2671384226407333	false	1.0
ungezogen	neg 1.0		off 0.4801938676287291 neg 0.4543556580391415 __DUMMY__ 0.06545047433212936	false	0.5
irrsinnig	neg 1.0		off 0.4767753069036277 neg 0.4576090250144218 __DUMMY__ 0.06561566808195057	false	0.5
hart	neg 1.0		off 0.48370139705442866 neg 0.4511081222773275 __DUMMY__ 0.06519048066824394	false	0.5
unfassbar	neg 1.0		off 0.47748707538820373 neg 0.45683380835677667 __DUMMY__ 0.06567911625501949	false	0.5
widerlich	off 1.0		off 0.47765078451128967 neg 0.4567815341346841 __DUMMY__ 0.06556768135402619	false	1.0
fatal			off 0.46183253652971495 neg 0.4451985282090416 __DUMMY__ 0.09296893526124343	false	0.0
bruch	neg 1.0		off 0.47365586608400057 neg 0.4606140700493035 __DUMMY__ 0.06573006386669593	false	0.5
aushungern	neg 1.0		off 0.4725231217640838 neg 0.46189904212165717 __DUMMY__ 0.06557783611425917	false	0.5
anspannung	neg 1.0		off 0.47473250826483826 neg 0.45955250734656106 __DUMMY__ 0.06571498438860057	false	0.5
kraftlos	neg 1.0		off 0.4759419369720098 neg 0.45839417089444795 __DUMMY__ 0.06566389213354208	false	0.5
grenzdebil	off 1.0		off 0.47821250383268316 neg 0.45623890552046903 __DUMMY__ 0.06554859064684775	false	1.0
unterwerfen	neg 1.0		off 0.4747540995824379 neg 0.4595940587298577 __DUMMY__ 0.06565184168770449	false	0.5
versenkung	neg 1.0		off 0.47495072686086354 neg 0.45935907136228293 __DUMMY__ 0.0656902017768535	false	0.5
entziehen	neg 1.0		off 0.47409760129630896 neg 0.46020503607607816 __DUMMY__ 0.06569736262761294	false	0.5
finanzkrise	neg 1.0		off 0.4692378746019876 neg 0.4650600860994195 __DUMMY__ 0.06570203929859295	false	0.5
schimpfend	neg 1.0		off 0.47765576991750336 neg 0.4568177141074848 __DUMMY__ 0.06552651597501187	false	0.5
profan	neg 1.0		off 0.4771391554337876 neg 0.45722645829407954 __DUMMY__ 0.06563438627213296	false	0.5
korruption	neg 1.0		off 0.471467052351171 neg 0.46289576373061764 __DUMMY__ 0.06563718391821136	false	0.5
schmutzig	neg 1.0		off 0.4784442813973262 neg 0.4560102127958819 __DUMMY__ 0.06554550580679191	false	0.5
abraten	neg 1.0		off 0.4776525651020545 neg 0.45673158706712585 __DUMMY__ 0.06561584783081964	false	0.5
sexy	neg 1.0		off 0.48597472091309174 neg 0.4546784599922244 __DUMMY__ 0.0593468190946838	false	0.5
fotze	off 1.0		off 0.48846403970895436 neg 0.4466137093329341 __DUMMY__ 0.06492225095811167	false	1.0
schwarz	neg 1.0		off 0.475827911062729 neg 0.4586723915915801 __DUMMY__ 0.06549969734569086	false	0.5
verwirren	neg 1.0		off 0.47755827659266425 neg 0.45684747846923296 __DUMMY__ 0.06559424493810269	false	0.5
zahnlos	off 1.0		off 0.475100589921873 neg 0.4591865094784239 __DUMMY__ 0.0657129005997031	false	1.0
verheeren	neg 1.0		off 0.4687685944309606 neg 0.4656292159641244 __DUMMY__ 0.06560218960491494	false	0.5
rammen	neg 1.0		off 0.4786379135372223 neg 0.4558041444380343 __DUMMY__ 0.06555794202474352	false	0.5
unlauter	neg 1.0		off 0.47121193735377787 neg 0.46322315948945436 __DUMMY__ 0.06556490315676784	false	0.5
unheilvoll	neg 1.0		off 0.47685575267249747 neg 0.4576215048761741 __DUMMY__ 0.06552274245132834	false	0.5
niedrig	neg 1.0		off 0.4720565285385995 neg 0.4620207421997439 __DUMMY__ 0.06592272926165658	false	0.5
weichei	off 1.0		off 0.48015635157012654 neg 0.4543499785174233 __DUMMY__ 0.06549366991245013	false	1.0
explosion	neg 1.0		neg 0.47078905812156807 off 0.4640330125529476 __DUMMY__ 0.06517792932548439	false	1.0
minusmensch	off 1.0		off 0.48494469549593 neg 0.44969047097411313 __DUMMY__ 0.0653648335299569	false	1.0
farblos	neg 1.0		off 0.4765042201755962 neg 0.4576397492390919 __DUMMY__ 0.0658560305853121	false	0.5
unwissend	neg 1.0		off 0.4776434680619498 neg 0.45676425373226326 __DUMMY__ 0.06559227820578695	false	0.5
traurig	neg 1.0		off 0.4787325054763949 neg 0.4557086097317404 __DUMMY__ 0.06555888479186471	false	0.5
senkung	neg 1.0		neg 0.46767591018274096 off 0.4667874322608669 __DUMMY__ 0.06553665755639222	false	1.0
ungleich	neg 1.0		off 0.47449753629512653 neg 0.45985024061098395 __DUMMY__ 0.06565222309388952	false	0.5
heikel	neg 1.0		off 0.47469449449992385 neg 0.4596693451547459 __DUMMY__ 0.06563616034533015	false	0.5
drosselung	neg 1.0		off 0.46790202585270474 neg 0.4664824031003829 __DUMMY__ 0.06561557104691251	false	0.5
falsch	neg 1.0		off 0.4775711165634367 neg 0.4568359890407835 __DUMMY__ 0.06559289439577982	false	0.5
unzufriedenheit	neg 1.0		off 0.47381659280432775 neg 0.4605103611519021 __DUMMY__ 0.06567304604377008	false	0.5
kurz	neg 1.0		off 0.4772942240731886 neg 0.4570550889529539 __DUMMY__ 0.06565068697385759	false	0.5
unsinnig	neg 1.0		off 0.4753320936630294 neg 0.4590629913732591 __DUMMY__ 0.06560491496371137	false	0.5
penner	off 1.0		off 0.4798333564018061 neg 0.4546788044508189 __DUMMY__ 0.06548783914737513	false	1.0
seicht	neg 1.0		off 0.4783366026848637 neg 0.4560487552595424 __DUMMY__ 0.06561464205559399	false	0.5
dummheit	off 1.0		off 0.47626603567581016 neg 0.4581344958587835 __DUMMY__ 0.06559946846540633	false	1.0
unerfreulich	neg 1.0		off 0.47465829130357834 neg 0.45966400666145 __DUMMY__ 0.06567770203497154	false	0.5
pikiert	neg 1.0		off 0.4774336021034722 neg 0.4569644821644549 __DUMMY__ 0.06560191573207301	false	0.5
motherfucker	off 1.0		off 0.44789559218691594 neg 0.30536969710494133 __DUMMY__ 0.2467347107081427	false	1.0
wrack	neg 1.0		off 0.47495708493492833 neg 0.45934195215678153 __DUMMY__ 0.0657009629082903	false	0.5
gangster	neg 1.0		off 0.4661331944457106 neg 0.36536104277801096 __DUMMY__ 0.16850576277627846	false	0.5
krank	neg 1.0		off 0.4791031223530843 neg 0.45534882487102946 __DUMMY__ 0.06554805277588617	false	0.5
reich	neg 1.0		off 0.4748018392947922 neg 0.4594561851230572 __DUMMY__ 0.06574197558215053	false	0.5
gnadenlos	neg 1.0		off 0.4767110809901183 neg 0.4576360442365955 __DUMMY__ 0.06565287477328623	false	0.5
niedergeschlagen	neg 1.0		off 0.47587027632489254 neg 0.4584768158726689 __DUMMY__ 0.06565290780243853	false	0.5
terrorisieren	off 1.0	off 1.0	off 0.7242892279132639 neg 0.2445455656663427 __DUMMY__ 0.031165206420393485	false	1.0
sinnlosigkeit	neg 1.0		off 0.4751641522830307 neg 0.4591965234971187 __DUMMY__ 0.06563932421985066	false	0.5
behindern	neg 1.0		off 0.47160726805639996 neg 0.4628154479608201 __DUMMY__ 0.06557728398277987	false	0.5
undemokratisch	neg 1.0		off 0.4733361986724301 neg 0.4611538465010925 __DUMMY__ 0.06550995482647748	false	0.5
wirtschaftskrise	neg 1.0		off 0.47017761534249436 neg 0.4640684050953083 __DUMMY__ 0.06575397956219725	false	0.5
neid	neg 1.0		off 0.47763162859327735 neg 0.45669025864049345 __DUMMY__ 0.06567811276622913	false	0.5
rutschen	neg 1.0		off 0.47594545543946737 neg 0.45829823817081283 __DUMMY__ 0.0657563063897199	false	0.5
rezession	neg 1.0		off 0.46836438963118004 neg 0.46587356070363795 __DUMMY__ 0.06576204966518205	false	0.5
fehlgeburt	neg 1.0		off 0.47760291939111216 neg 0.45692092795254213 __DUMMY__ 0.06547615265634571	false	0.5
charakterschwach	off 1.0		off 0.4771717944912097 neg 0.45723354879239786 __DUMMY__ 0.06559465671639231	false	1.0
isolation	neg 1.0		neg 0.4738844020608366 off 0.46106264954374326 __DUMMY__ 0.06505294839542007	false	1.0
ablenkung	neg 1.0		off 0.4767246366047312 neg 0.45766174236882223 __DUMMY__ 0.06561362102644659	false	0.5
pech	neg 1.0		off 0.4786420170244712 neg 0.4557401234852125 __DUMMY__ 0.06561785949031626	false	0.5
dominieren	neg 1.0		off 0.47129183346060033 neg 0.4628555870426304 __DUMMY__ 0.06585257949676934	false	0.5
vermeidung	neg 1.0		neg 0.4677911257289667 off 0.466736530522212 __DUMMY__ 0.06547234374882147	false	1.0
schwindlig	neg 1.0		off 0.4797372010229041 neg 0.4547696797190495 __DUMMY__ 0.06549311925804631	false	0.5
lutscher	neg 1.0		off 0.4832344672728047 neg 0.4514267480274469 __DUMMY__ 0.06533878469974826	false	0.5
pflicht	neg 1.0		off 0.4744629106652853 neg 0.459843468885921 __DUMMY__ 0.06569362044879373	false	0.5
faschist	off 1.0		off 0.4758151257467381 neg 0.4586130917653279 __DUMMY__ 0.065571782487934	false	1.0
verschleudern	neg 1.0		off 0.4719892616048719 neg 0.46231819653507905 __DUMMY__ 0.06569254186004903	false	0.5
ehebruch	neg 1.0		off 0.47507552459544616 neg 0.4592663004517571 __DUMMY__ 0.06565817495279686	false	0.5
trostlosigkeit	neg 1.0		off 0.4741374507534975 neg 0.46018747603347165 __DUMMY__ 0.06567507321303094	false	0.5
lutschen	neg 1.0		off 0.48363260611127395 neg 0.45124567616353767 __DUMMY__ 0.06512171772518839	false	0.5
spott	off 1.0		off 0.4744226685836049 neg 0.45991947376078923 __DUMMY__ 0.06565785765560586	false	1.0
undiszipliniert	neg 1.0		off 0.47866728227951794 neg 0.4558116792331769 __DUMMY__ 0.06552103848730514	false	0.5
kopfschmerz	neg 1.0		off 0.47745740581825846 neg 0.45706100840594066 __DUMMY__ 0.06548158577580099	false	0.5
unvorhergesehen	neg 1.0		off 0.47643588295437667 neg 0.45788013836655916 __DUMMY__ 0.0656839786790642	false	0.5
desinteressiert	neg 1.0		off 0.4785063377219712 neg 0.4559236448762551 __DUMMY__ 0.06557001740177362	false	0.5
armselig	off 1.0		off 0.4772909484855063 neg 0.45706078162327746 __DUMMY__ 0.06564826989121625	false	1.0
tod	neg 1.0		off 0.4742732385378334 neg 0.46003842767276343 __DUMMY__ 0.06568833378940325	false	0.5
desaster	neg 1.0		off 0.4727581429807147 neg 0.4615297993979159 __DUMMY__ 0.06571205762136943	false	0.5
herzlos	neg 1.0		off 0.4785132745925212 neg 0.45590480076787915 __DUMMY__ 0.06558192463959976	false	0.5
unwissenheit	neg 1.0		off 0.4743779129339107 neg 0.46001750583847306 __DUMMY__ 0.06560458122761628	false	0.5
widersinnig	neg 1.0		off 0.47315209247401685 neg 0.46123900796567563 __DUMMY__ 0.0656088995603075	false	0.5
bedenklich	neg 1.0		off 0.47466249503437125 neg 0.4596972555369678 __DUMMY__ 0.065640249428661	false	0.5
beanstanden	neg 1.0		off 0.4739651465701264 neg 0.4603369115901462 __DUMMY__ 0.06569794183972738	false	0.5
panisch	neg 1.0		off 0.47778033056975616 neg 0.45667569491476356 __DUMMY__ 0.06554397451548029	false	0.5
abstrich	neg 1.0		off 0.47731143462887904 neg 0.4572601247104975 __DUMMY__ 0.06542844066062352	false	0.5
debil	off 1.0		off 0.4896075697156528 neg 0.4457863070987801 __DUMMY__ 0.06460612318556719	false	1.0
primitiv	neg 1.0		off 0.47765439271174553 neg 0.45668113333942034 __DUMMY__ 0.06566447394883423	false	0.5
abschaum	off 1.0		off 0.47694807045169063 neg 0.4574422952670095 __DUMMY__ 0.06560963428129983	false	1.0
tot	neg 1.0		off 0.4779607319314705 neg 0.45651700519762733 __DUMMY__ 0.06552226287090229	false	0.5
provozieren	neg 1.0		off 0.4762141741514586 neg 0.4581622440093773 __DUMMY__ 0.06562358183916414	false	0.5
instabil	neg 1.0		off 0.47570996034388746 neg 0.458544148982986 __DUMMY__ 0.06574589067312646	false	0.5
schwuchtel	off 1.0		off 0.48379442465219574 neg 0.4509494447235382 __DUMMY__ 0.06525613062426612	false	1.0
zerren	neg 1.0		off 0.4760463432185756 neg 0.45833288067365996 __DUMMY__ 0.06562077610776455	false	0.5
kinderficker	off 1.0		off 0.47739515713562625 neg 0.45710322112641344 __DUMMY__ 0.0655016217379604	false	1.0
gefahr	neg 1.0		off 0.47150498220487885 neg 0.46273434287805004 __DUMMY__ 0.06576067491707112	false	0.5
rabiat	neg 1.0		off 0.4762547796133634 neg 0.4580764419728585 __DUMMY__ 0.06566877841377816	false	0.5
verlangsamung	neg 1.0		off 0.46979565981240284 neg 0.46431927309608295 __DUMMY__ 0.06588506709151418	false	0.5
anklagen	neg 1.0		off 0.4714265927899433 neg 0.46295554026971525 __DUMMY__ 0.06561786694034143	false	0.5
ausgestorben	neg 1.0		off 0.47579829194362316 neg 0.45848497093453455 __DUMMY__ 0.06571673712184234	false	0.5
verminderung	neg 1.0		neg 0.467951982520458 off 0.4665132786904768 __DUMMY__ 0.06553473878906516	false	1.0
rost	neg 1.0		off 0.4733239691489714 neg 0.46062427728785177 __DUMMY__ 0.06605175356317677	false	0.5
destruktiv	neg 1.0		off 0.47511876908772815 neg 0.45925718648192915 __DUMMY__ 0.06562404443034273	false	0.5
unzumutbarkeit	neg 1.0		off 0.4714334814559117 neg 0.46288933592233633 __DUMMY__ 0.06567718262175194	false	0.5
labil	off 1.0	off 1.0	off 0.8021545405672376 neg 0.17125342081218817 __DUMMY__ 0.02659203862057424	false	1.0
ziemlich	neg 1.0		off 0.47860254591278556 neg 0.4558152347849972 __DUMMY__ 0.06558221930221723	false	0.5
lachnummer	off 1.0		off 0.4752268163771057 neg 0.4591060233073049 __DUMMY__ 0.0656671603155893	false	1.0
ausgrenzung	neg 1.0		off 0.4720582817746401 neg 0.46233216037152086 __DUMMY__ 0.0656095578538389	false	0.5
verfall	neg 1.0		off 0.4727279818824355 neg 0.46157928809529325 __DUMMY__ 0.06569273002227123	false	0.5
unordnung	neg 1.0	neg 1.0	neg 0.7126956147485277 off 0.25584778075120224 __DUMMY__ 0.031456604500269984	false	1.0
fehlverhalten	neg 1.0		off 0.4737748525828182 neg 0.46057316183254415 __DUMMY__ 0.06565198558463763	false	0.5
nille	neg 1.0		off 0.49071069770118947 neg 0.4445988350841957 __DUMMY__ 0.06469046721461488	false	0.5
qual	neg 1.0		off 0.4753002996371316 neg 0.46507198823071527 __DUMMY__ 0.05962771213215315	false	0.5
riesig	neg 1.0		off 0.4822705881898593 neg 0.45215715685944263 __DUMMY__ 0.06557225495069818	false	0.5
verschwenden	neg 1.0		off 0.4753164479926117 neg 0.45904753009801197 __DUMMY__ 0.06563602190937629	false	0.5
verurteilen	neg 1.0		off 0.4743718908476251 neg 0.4600170830995529 __DUMMY__ 0.06561102605282187	false	0.5
klischee	neg 1.0		off 0.47709016572145047 neg 0.4572663760042256 __DUMMY__ 0.06564345827432386	false	0.5
diktatorisch	neg 1.0		off 0.47378391355459964 neg 0.4606885679167593 __DUMMY__ 0.06552751852864096	false	0.5
vorhersehbar	neg 1.0		off 0.4765113081761404 neg 0.457804369349165 __DUMMY__ 0.06568432247469463	false	0.5
stornieren	neg 1.0		off 0.4743944567663016 neg 0.45999270814460497 __DUMMY__ 0.06561283508909344	false	0.5
besteuerung	neg 1.0		off 0.4677375991192817 neg 0.46660327991402434 __DUMMY__ 0.06565912096669385	false	0.5
ungeschminkt	neg 1.0		off 0.4820154173965617 neg 0.4526954888052057 __DUMMY__ 0.06528909379823267	false	0.5
kritisch	neg 1.0		off 0.4743864554299336 neg 0.459951973463599 __DUMMY__ 0.06566157110646753	false	0.5
schlamperei	off 1.0		off 0.47175244531895827 neg 0.46257387664825284 __DUMMY__ 0.06567367803278897	false	1.0
sucht	neg 1.0		off 0.47568253971984575 neg 0.45836103278869744 __DUMMY__ 0.06595642749145691	false	0.5
egoistisch	off 1.0		off 0.47869993570639685 neg 0.45580332618897906 __DUMMY__ 0.065496738104624	false	1.0
ausbeuter	off 1.0		off 0.47388676367999827 neg 0.4604613698142792 __DUMMY__ 0.06565186650572258	false	1.0
arschgeburt			off 0.4847745986781353 neg 0.450044194588796 __DUMMY__ 0.06518120673306868	false	0.0
schubs	neg 1.0		off 0.4789000554287753 neg 0.45566311866095 __DUMMY__ 0.0654368259102747	false	0.5
unsolide	neg 1.0		off 0.4735443392136777 neg 0.4609092302225262 __DUMMY__ 0.06554643056379598	false	0.5
beschwerde	neg 1.0		off 0.47183740596155554 neg 0.46256122080717443 __DUMMY__ 0.06560137323127001	false	0.5
stocken	neg 1.0		off 0.4704301336716217 neg 0.46373888768956767 __DUMMY__ 0.06583097863881056	false	0.5
isolieren	neg 1.0		off 0.4710866132510634 neg 0.4631926986280735 __DUMMY__ 0.0657206881208631	false	0.5
unheilbar	neg 1.0		off 0.47596023734572557 neg 0.45841431686345885 __DUMMY__ 0.06562544579081567	false	0.5
pisser	off 1.0		off 0.48470566332411824 neg 0.44988631113369454 __DUMMY__ 0.0654080255421873	false	1.0
löschen	neg 1.0		off 0.4772177950136554 neg 0.45827304345517555 __DUMMY__ 0.06450916153116895	false	0.5
durchfallen	neg 1.0		off 0.4751442035543636 neg 0.4592502665812556 __DUMMY__ 0.06560552986438081	false	0.5
wichser	off 1.0		off 0.48017101458597405 neg 0.454340810802312 __DUMMY__ 0.06548817461171409	false	1.0
terror	neg 1.0		neg 0.4682376513191977 off 0.46672834159929805 __DUMMY__ 0.06503400708150432	false	1.0
krass	neg 1.0		off 0.4818771905253567 neg 0.4527679805697359 __DUMMY__ 0.06535482890490735	false	0.5
revolte	neg 1.0		off 0.47069458159904437 neg 0.46357304553343803 __DUMMY__ 0.0657323728675175	false	0.5
besorgt	neg 1.0		off 0.4761068029900265 neg 0.45826566563713156 __DUMMY__ 0.06562753137284195	false	0.5
nachlassen	neg 1.0		off 0.4745050357905337 neg 0.4598050557173498 __DUMMY__ 0.06568990849211645	false	0.5
alt	neg 1.0		off 0.4798774141457488 neg 0.45445297594676676 __DUMMY__ 0.0656696099074844	false	0.5
hundesohn	off 1.0		off 0.4869498265824321 neg 0.44802947647122615 __DUMMY__ 0.06502069694634174	false	1.0
abschreckung	neg 1.0		off 0.4732371097900709 neg 0.46111832592460755 __DUMMY__ 0.06564456428532163	false	0.5
unqualifiziert	neg 1.0		off 0.47592478289234247 neg 0.4585118473073047 __DUMMY__ 0.06556336980035295	false	0.5
abgewichst	off 1.0		off 0.48861201077130234 neg 0.44658835541709235 __DUMMY__ 0.06479963381160539	false	1.0
kapitulation	neg 1.0		off 0.4720541065334011 neg 0.46225554776114625 __DUMMY__ 0.06569034570545272	false	0.5
schwer	neg 1.0		off 0.47643189947414477 neg 0.4578962410621924 __DUMMY__ 0.06567185946366269	false	0.5
bedeutungslosigkeit	neg 1.0		off 0.4738113386590551 neg 0.4604916067422676 __DUMMY__ 0.06569705459867729	false	0.5
unscharf	neg 1.0		off 0.47990512094554305 neg 0.4546714864506978 __DUMMY__ 0.06542339260375907	false	0.5
schwinden	neg 1.0		off 0.47088114520836966 neg 0.4633387543495327 __DUMMY__ 0.06578010044209774	false	0.5
versklavung	neg 1.0		off 0.47124431342006323 neg 0.4631570599200828 __DUMMY__ 0.06559862665985404	false	0.5
schlecht	neg 1.0		off 0.4780585403578138 neg 0.4563398787891225 __DUMMY__ 0.06560158085306363	false	0.5
verhasst	neg 1.0		off 0.4756054288301008 neg 0.45874041253341186 __DUMMY__ 0.06565415863648734	false	0.5
beschweren	neg 1.0		off 0.4766844285902071 neg 0.45764530577635854 __DUMMY__ 0.06567026563343441	false	0.5
scheiden	neg 1.0		off 0.47672141861727424 neg 0.45760226379928765 __DUMMY__ 0.06567631758343812	false	0.5
frustriert	neg 1.0		off 0.4759622983326462 neg 0.4583952346177012 __DUMMY__ 0.06564246704965261	false	0.5
schimmelig	neg 1.0		off 0.48203551043964415 neg 0.4526015361620782 __DUMMY__ 0.06536295339827763	false	0.5
fisch	neg 1.0		off 0.4797764827671286 neg 0.454528802269553 __DUMMY__ 0.06569471496331851	false	0.5
schmuggel	neg 1.0		off 0.4748370126284948 neg 0.45949822313909267 __DUMMY__ 0.06566476423241255	false	0.5
auffallen	neg 1.0		off 0.4766144239603381 neg 0.4577458332037549 __DUMMY__ 0.06563974283590697	false	0.5
konkurrenz	neg 1.0		off 0.4740049236919657 neg 0.460305651396849 __DUMMY__ 0.06568942491118535	false	0.5
teufelskreis	neg 1.0		off 0.4757904901016073 neg 0.45853571625456546 __DUMMY__ 0.06567379364382729	false	0.5
aufschreien	neg 1.0		off 0.4772435640329772 neg 0.4571144236088986 __DUMMY__ 0.06564201235812427	false	0.5
missgeburt	off 1.0		off 0.4848302803764845 neg 0.44992649405273744 __DUMMY__ 0.06524322557077801	false	1.0
schuldner	neg 1.0		off 0.4709627041063874 neg 0.46334079860425875 __DUMMY__ 0.06569649728935387	false	0.5
befallen	neg 1.0		off 0.4733749086930366 neg 0.46108940421180106 __DUMMY__ 0.06553568709516236	false	0.5
arbeitslos	neg 1.0		off 0.47517836140549413 neg 0.4591646936812528 __DUMMY__ 0.06565694491325297	false	0.5
miesepetrig	off 1.0		off 0.4781377882841956 neg 0.45630454670243364 __DUMMY__ 0.06555766501337064	false	1.0
alarmieren	neg 1.0		off 0.46983407702941393 neg 0.4644325209709176 __DUMMY__ 0.06573340199966846	false	0.5
ungeduscht	off 1.0		off 0.48055188481397143 neg 0.45409141626953525 __DUMMY__ 0.0653566989164934	false	1.0
knappheit	neg 1.0		off 0.47106840842809816 neg 0.46318616544489255 __DUMMY__ 0.06574542612700934	false	0.5
schlange	neg 1.0		off 0.47714192627183455 neg 0.4571911703202378 __DUMMY__ 0.06566690340792751	false	0.5
harsch	neg 1.0		off 0.4714483771700203 neg 0.46295807011915646 __DUMMY__ 0.06559355271082332	false	0.5
lang	neg 1.0	neg 1.0	neg 0.6768409704621555 off 0.288259389989001 __DUMMY__ 0.03489963954884349	false	1.0
ziellos	neg 1.0		off 0.47576020347325443 neg 0.4585570817082532 __DUMMY__ 0.06568271481849237	false	0.5
selbstverliebt	neg 1.0		off 0.48112861733425555 neg 0.4534219743015943 __DUMMY__ 0.06544940836415022	false	0.5
beseitigen	neg 1.0		off 0.4714173065711576 neg 0.46281692505359473 __DUMMY__ 0.0657657683752475	false	0.5
dumm	off 1.0		off 0.47958691788452595 neg 0.45490156175267515 __DUMMY__ 0.06551152036279888	false	1.0
arbeitsloser	neg 1.0		off 0.47491214725138936 neg 0.4594165230484665 __DUMMY__ 0.06567132970014401	false	0.5
blitzen	neg 1.0		off 0.47596702169627253 neg 0.4563762749569379 __DUMMY__ 0.06765670334678968	false	0.5
hilflos	neg 1.0		off 0.4759992101499901 neg 0.4584083586404317 __DUMMY__ 0.06559243120957821	false	0.5
eklig	off 1.0		off 0.48122739772157785 neg 0.4533743808187713 __DUMMY__ 0.06539822145965092	false	1.0
hungersnot	neg 1.0		off 0.4718145172243709 neg 0.4624247496454544 __DUMMY__ 0.06576073313017472	false	0.5
ungesetzlich	neg 1.0		off 0.4731091248921202 neg 0.46129123275547657 __DUMMY__ 0.06559964235240313	false	0.5
verschwendung	neg 1.0		off 0.4748446647545124 neg 0.4595084928505174 __DUMMY__ 0.06564684239497011	false	0.5
schmerzvoll	neg 1.0		off 0.47720822250514455 neg 0.4571891475860829 __DUMMY__ 0.0656026299087726	false	0.5
vorzeitig	neg 1.0		off 0.4697978356081036 neg 0.46449369441017213 __DUMMY__ 0.06570846998172428	false	0.5
unvollkommenheit	neg 1.0		off 0.47564009369861693 neg 0.45872598443412027 __DUMMY__ 0.06563392186726281	false	0.5
intervenieren	neg 1.0		off 0.4732510713018005 neg 0.46112871153817625 __DUMMY__ 0.06562021716002324	false	0.5
banause	off 1.0		off 0.4800001305862494 neg 0.45455596626691064 __DUMMY__ 0.06544390314684001	false	1.0
rebell	neg 1.0		off 0.48442026808541994 neg 0.45062940212807445 __DUMMY__ 0.06495032978650563	false	0.5
unlogisch	neg 1.0		off 0.47837044162948467 neg 0.4560904472184079 __DUMMY__ 0.06553911115210727	false	0.5
abschaffung	neg 1.0		off 0.47012270775341747 neg 0.46429710262684076 __DUMMY__ 0.06558018961974184	false	0.5
leiden	neg 1.0		off 0.47677636399967993 neg 0.45755277901341207 __DUMMY__ 0.06567085698690801	false	0.5
sturz	neg 1.0		off 0.4714581136101465 neg 0.46279141613391744 __DUMMY__ 0.0657504702559359	false	0.5
verkleinerung	neg 1.0		off 0.4692420133181497 neg 0.46508928584987935 __DUMMY__ 0.06566870083197084	false	0.5
schmarotzer	off 1.0		off 0.4752769396101652 neg 0.4591085193796845 __DUMMY__ 0.06561454101015043	false	1.0
bestrafung	neg 1.0		off 0.4768072112702121 neg 0.4575665671615285 __DUMMY__ 0.06562622156825941	false	0.5
achtlos	neg 1.0		off 0.47601483613457574 neg 0.4583841301905917 __DUMMY__ 0.06560103367483248	false	0.5
ungeheuer	neg 1.0		off 0.47798040013489895 neg 0.4563319296700203 __DUMMY__ 0.06568767019508062	false	0.5
unaufrichtig	neg 1.0		off 0.47617519218288884 neg 0.4583533988855982 __DUMMY__ 0.06547140893151299	false	0.5
groggy	neg 1.0		off 0.4819519595511983 neg 0.4525841543367095 __DUMMY__ 0.06546388611209225	false	0.5
verletzlich	neg 1.0		off 0.4783340625499366 neg 0.4561028689551398 __DUMMY__ 0.06556306849492372	false	0.5
ablehnen	neg 1.0		off 0.47422719901131577 neg 0.46016369048435063 __DUMMY__ 0.06560911050433371	false	0.5
kollaps	neg 1.0		off 0.469385446510085 neg 0.46490190688602895 __DUMMY__ 0.06571264660388601	false	0.5
beschnitten	neg 1.0		off 0.4766257417748284 neg 0.45774548046933855 __DUMMY__ 0.06562877775583308	false	0.5
defekt	neg 1.0		off 0.47044388480708227 neg 0.4639742142518405 __DUMMY__ 0.06558190094107735	false	0.5
dreckskerl	off 1.0		off 0.4784035226045331 neg 0.456093993419693 __DUMMY__ 0.06550248397577386	false	1.0
deine	neg 1.0		off 0.47986501917844854 neg 0.4546742602524561 __DUMMY__ 0.06546072056909526	false	0.5
aufgeben	neg 1.0		off 0.4769361228076241 neg 0.45735765149326113 __DUMMY__ 0.06570622569911488	false	0.5
durcheinander	neg 1.0		off 0.47751471182206356 neg 0.4568422005867683 __DUMMY__ 0.06564308759116824	false	0.5
unterbrechen	neg 1.0		off 0.475626493233959 neg 0.4587053763813403 __DUMMY__ 0.06566813038470057	false	0.5
vergammeln	neg 1.0		off 0.47720628960652617 neg 0.4571588890179248 __DUMMY__ 0.06563482137554902	false	0.5
grotesk	neg 1.0		off 0.4752289876636165 neg 0.45908868458063157 __DUMMY__ 0.06568232775575197	false	0.5
elendig	neg 1.0		off 0.47725588268318647 neg 0.4571660595896448 __DUMMY__ 0.0655780577271687	false	0.5
naiv	off 1.0		off 0.4769314777298425 neg 0.4573969673035194 __DUMMY__ 0.06567155496663794	false	1.0
uneinigkeit	neg 1.0		off 0.4707751205207451 neg 0.4635517831497686 __DUMMY__ 0.0656730963294864	false	0.5
fragil	neg 1.0		neg 0.46908903782115846 off 0.4665127104296888 __DUMMY__ 0.06439825174915276	false	1.0
provisorisch	neg 1.0		off 0.47537835873109696 neg 0.45886845914442365 __DUMMY__ 0.06575318212447948	false	0.5
landei	off 1.0		off 0.4801646610126897 neg 0.45426771327817944 __DUMMY__ 0.06556762570913086	false	1.0
bedauerlich	neg 1.0		off 0.47486078004892157 neg 0.45948083699473147 __DUMMY__ 0.06565838295634696	false	0.5
krieg	neg 1.0		off 0.47587746507052314 neg 0.45848496878885725 __DUMMY__ 0.06563756614061964	false	0.5
traurigkeit	neg 1.0		off 0.47656416552314207 neg 0.45778970571102134 __DUMMY__ 0.0656461287658365	false	0.5
monotonie	neg 1.0		off 0.4753753541851763 neg 0.4589223872718204 __DUMMY__ 0.06570225854300323	false	0.5
unliebsam	neg 1.0		off 0.4757891147580194 neg 0.4585672841399114 __DUMMY__ 0.06564360110206921	false	0.5
drift	neg 1.0		neg 0.48585675202537104 off 0.4503321535120883 __DUMMY__ 0.06381109446254077	false	1.0
chaos	neg 1.0		off 0.4727902575033181 neg 0.46153287810998805 __DUMMY__ 0.06567686438669378	false	0.5
