unsolidarisch	neg 1.0		__DUMMY__ 0.4058942314547328 off 0.30140941060119514 neg 0.29269635794407184	false	0.5
nachteilig	neg 1.0		__DUMMY__ 0.4067258317168455 off 0.3002969063611453 neg 0.2929772619220093	false	0.5
skeptisch	neg 1.0		__DUMMY__ 0.4067539265370741 off 0.3011057703895936 neg 0.2921403030733323	false	0.5
schrecklich	neg 1.0		__DUMMY__ 0.4056928098282945 off 0.30588222391231307 neg 0.28842496625939235	false	0.5
schlapp	neg 1.0		__DUMMY__ 0.40592257997249853 off 0.30602783647889525 neg 0.2880495835486062	false	0.5
abfall	neg 1.0		__DUMMY__ 0.4071616728981318 off 0.3002498308043148 neg 0.29258849629755335	false	0.5
widerspenstig	neg 1.0		__DUMMY__ 0.4061402437402289 off 0.3033932174807389 neg 0.29046653877903217	false	0.5
abrupt	neg 1.0		__DUMMY__ 0.40702344395913664 off 0.30193482569430047 neg 0.29104173034656283	false	0.5
unwirksam	neg 1.0		__DUMMY__ 0.4067742595170205 neg 0.2975147838769657 off 0.29571095660601365	false	1.0
angreifen	neg 1.0		__DUMMY__ 0.4066347671585098 off 0.3011225956865118 neg 0.29224263715497845	false	0.5
inkonsistent	neg 1.0		__DUMMY__ 0.4068548734329221 off 0.3030742074330152 neg 0.2900709191340626	false	0.5
abrutschen	neg 1.0		__DUMMY__ 0.406687434819563 off 0.30110756863479277 neg 0.2922049965456442	false	0.5
unsicher	neg 1.0		__DUMMY__ 0.4065128528692121 off 0.30311640372583165 neg 0.2903707434049562	false	0.5
bauernkind	off 1.0		__DUMMY__ 0.4045740404845219 off 0.30998630208035743 neg 0.2854396574351208	false	1.0
angreifer	neg 1.0		__DUMMY__ 0.40646855521296654 off 0.2985293273787313 neg 0.2950021174083021	false	0.5
trennen	neg 1.0		__DUMMY__ 0.4072753410863374 off 0.30195160574354163 neg 0.290773053170121	false	0.5
schmutz	neg 1.0		__DUMMY__ 0.4069776592890362 off 0.29855763166589233 neg 0.29446470904507144	false	0.5
inkonsistenz	neg 1.0		__DUMMY__ 0.4061949889908006 off 0.30390546100489896 neg 0.2898995500043004	false	0.5
erschreckend	neg 1.0		__DUMMY__ 0.4065562018953532 off 0.30190864701948933 neg 0.29153515108515743	false	0.5
ertrinken	neg 1.0		__DUMMY__ 0.40610969122580504 off 0.3024621954701255 neg 0.29142811330406954	false	0.5
pickelface	off 1.0		__DUMMY__ 0.4034577373679221 off 0.31439930386388965 neg 0.28214295876818807	false	1.0
lauch	neg 1.0		__DUMMY__ 0.40414402490192985 off 0.3114555307327955 neg 0.28440044436527456	false	0.5
steuerhinterziehung	neg 1.0		__DUMMY__ 0.4063783970172607 off 0.29834404366339107 neg 0.2952775593193483	false	0.5
unwichtig	neg 1.0		__DUMMY__ 0.4062783844271256 off 0.3039558974063014 neg 0.28976571816657287	false	0.5
schock	neg 1.0		__DUMMY__ 0.406904324731609 off 0.30307634106461895 neg 0.2900193342037721	false	0.5
vergelten	neg 1.0		__DUMMY__ 0.4053347017112464 off 0.30085486991538274 neg 0.29381042837337085	false	0.5
beule	neg 1.0		__DUMMY__ 0.4056710120853391 off 0.30674022635836395 neg 0.28758876155629703	false	0.5
verdorbenheit	neg 1.0		__DUMMY__ 0.40896939737160937 off 0.3005377777283647 neg 0.29049282490002604	false	0.5
trauma			__DUMMY__ 0.37136761171581917 off 0.3327356731366678 neg 0.29589671514751303	false	0.0
sinnlos	neg 1.0		__DUMMY__ 0.4062077997249639 off 0.3039025712332386 neg 0.28988962904179744	false	0.5
fettsack	off 1.0		__DUMMY__ 0.40506362817497304 off 0.3094792152231411 neg 0.28545715660188586	false	1.0
feige	off 1.0		__DUMMY__ 0.4063956009089529 off 0.30389646272080234 neg 0.28970793637024483	false	1.0
abdanken	neg 1.0		__DUMMY__ 0.4062705908090161 off 0.3014397147879899 neg 0.292289694402994	false	0.5
wichtigtuer	off 1.0	off 1.0	off 0.6409985050831912 __DUMMY__ 0.1965385247611151 neg 0.16246297015569366	false	1.0
misslingen	neg 1.0		__DUMMY__ 0.40603174339065906 off 0.3033248815744078 neg 0.29064337503493315	false	0.5
untreu	off 1.0		__DUMMY__ 0.4063787597727008 off 0.3039666406883578 neg 0.28965459953894135	false	1.0
missmutig	neg 1.0		__DUMMY__ 0.4066332619492378 off 0.30316916243561676 neg 0.2901975756151455	false	0.5
hurenbock	off 1.0		__DUMMY__ 0.4041144893398462 off 0.3098432119620353 neg 0.28604229869811854	false	1.0
betrunken	neg 1.0		__DUMMY__ 0.4056071165577427 off 0.30595061488063846 neg 0.288442268561619	false	0.5
korrupt	off 1.0		__DUMMY__ 0.40616025708715736 off 0.301285141956226 neg 0.29255460095661656	false	1.0
unmut	neg 1.0		__DUMMY__ 0.40678713871707944 off 0.2998139403980573 neg 0.29339892088486336	false	0.5
hackfresse	off 1.0		__DUMMY__ 0.40532316166411136 off 0.3068524370851422 neg 0.2878244012507465	false	1.0
aufblasen	neg 1.0		__DUMMY__ 0.4063016244677753 off 0.30387550555955595 neg 0.2898228699726689	false	0.5
gewaltsam	neg 1.0		__DUMMY__ 0.4066240769307204 off 0.2991574464826265 neg 0.2942184765866532	false	0.5
unbeliebtheit	neg 1.0		__DUMMY__ 0.40669516978856 off 0.29824892254789936 neg 0.2950559076635407	false	0.5
sturheit	neg 1.0		__DUMMY__ 0.40648383670717736 off 0.3012291712146497 neg 0.29228699207817305	false	0.5
kuh	neg 1.0		__DUMMY__ 0.4047498902660856 off 0.31019064298631205 neg 0.2850594667476023	false	0.5
erschrecken	neg 1.0		__DUMMY__ 0.4061339756099744 off 0.30440422668706724 neg 0.2894617977029584	false	0.5
opfer	neg 1.0		__DUMMY__ 0.40667624414057013 off 0.30165476340367176 neg 0.291668992455758	false	0.5
stinktier	neg 1.0		__DUMMY__ 0.4046807293774493 off 0.30988785681753966 neg 0.2854314138050109	false	0.5
sinken	neg 1.0		__DUMMY__ 0.40776928026103315 off 0.2979016117823052 neg 0.2943291079566615	false	0.5
tucke	off 1.0		__DUMMY__ 0.4042980730498564 off 0.3091165420634329 neg 0.28658538488671076	false	1.0
abstieg	neg 1.0		__DUMMY__ 0.40705605925064214 off 0.29959663423778177 neg 0.29334730651157603	false	0.5
missverstehen	neg 1.0		__DUMMY__ 0.4064717067437156 off 0.30322338304263347 neg 0.29030491021365096	false	0.5
ergebnislos	neg 1.0		__DUMMY__ 0.4071939592677431 off 0.2977033984307142 neg 0.29510264230154276	false	0.5
manipulieren	neg 1.0		__DUMMY__ 0.40616080857990877 off 0.30148831326383896 neg 0.2923508781562523	false	0.5
verschleppen	neg 1.0		__DUMMY__ 0.4067611454818466 off 0.29835439955111515 neg 0.29488445496703825	false	0.5
unbewiesen	neg 1.0		__DUMMY__ 0.40666161785507565 off 0.299802082633584 neg 0.29353629951134025	false	0.5
weib	off 1.0		__DUMMY__ 0.404792266549055 off 0.3088588015341141 neg 0.2863489319168308	false	1.0
opposition	neg 1.0		__DUMMY__ 0.4056925612045721 neg 0.29734446459351466 off 0.2969629742019132	false	1.0
verkehrswidrig	neg 1.0		__DUMMY__ 0.40555433140089703 off 0.2988592188639164 neg 0.29558644973518655	false	0.5
inkorrekt	neg 1.0		__DUMMY__ 0.4062631293748888 off 0.30377247438723554 neg 0.28996439623787573	false	0.5
vermeiden	neg 1.0		__DUMMY__ 0.4071438052461959 off 0.29947626433805885 neg 0.29337993041574506	false	0.5
abweichung	neg 1.0		__DUMMY__ 0.4070771273673121 off 0.2991981221723178 neg 0.2937247504603701	false	0.5
alkoholisiert	neg 1.0		__DUMMY__ 0.4065682931255585 off 0.30182619595901233 neg 0.29160551091542913	false	0.5
scheiss	off 1.0	off 1.0	off 0.6425323840272538 __DUMMY__ 0.19659018269163062 neg 0.1608774332811156	false	1.0
herausforderung	neg 1.0		__DUMMY__ 0.4073585131286624 off 0.30012839044887213 neg 0.29251309642246537	false	0.5
pervers	off 1.0		__DUMMY__ 0.4045934307974416 off 0.30875252404839126 neg 0.2866540451541671	false	1.0
wackelig	neg 1.0		__DUMMY__ 0.4064218378862861 off 0.3034881865010493 neg 0.2900899756126646	false	0.5
verwickeln	neg 1.0		__DUMMY__ 0.40662419399830124 off 0.3029342137683151 neg 0.29044159223338367	false	0.5
vorwand	neg 1.0		__DUMMY__ 0.40631948711976046 off 0.3013264267390287 neg 0.2923540861412109	false	0.5
muschi	off 1.0		__DUMMY__ 0.4035512470913553 off 0.31381399274058164 neg 0.28263476016806305	false	1.0
entmutigung	neg 1.0		__DUMMY__ 0.40636838769884587 off 0.29884535525532974 neg 0.29478625704582434	false	0.5
unstetig	neg 1.0		__DUMMY__ 0.40644695584251384 off 0.30168740487794693 neg 0.29186563927953935	false	0.5
unangemessen	neg 1.0		__DUMMY__ 0.4065025052373156 off 0.30154062045352203 neg 0.29195687430916223	false	0.5
entmutigen	neg 1.0		__DUMMY__ 0.4065291143338459 off 0.3032851036993282 neg 0.29018578196682576	false	0.5
schwanz	neg 1.0		__DUMMY__ 0.40302133571228443 off 0.3118945353508961 neg 0.2850841289368195	false	0.5
verbot	neg 1.0		__DUMMY__ 0.4064184486056588 off 0.2989646049296645 neg 0.2946169464646767	false	0.5
leid	neg 1.0		__DUMMY__ 0.4057068355224308 off 0.3063267459464634 neg 0.2879664185311057	false	0.5
archaisch	neg 1.0		__DUMMY__ 0.40636843339095563 off 0.3017042871044478 neg 0.29192727950459657	false	0.5
scheidung	neg 1.0		__DUMMY__ 0.40713878912565593 off 0.29653598861218033 neg 0.2963252222621636	false	0.5
abgestanden	neg 1.0		__DUMMY__ 0.4066626754323944 off 0.3049278687000582 neg 0.28840945586754724	false	0.5
einschlag	neg 1.0		__DUMMY__ 0.40703794194929477 off 0.2990461792674361 neg 0.293915878783269	false	0.5
schmierig	off 1.0		__DUMMY__ 0.40586919252999865 off 0.30588193737441643 neg 0.2882488700955847	false	1.0
unpraktisch	neg 1.0		__DUMMY__ 0.4060868832048323 off 0.30490376466014957 neg 0.28900935213501805	false	0.5
wixxer	off 1.0		__DUMMY__ 0.40488952143231877 off 0.30981476469811936 neg 0.2852957138695619	false	1.0
jammerlappen	off 1.0		__DUMMY__ 0.40621494024416593 off 0.3039915969020894 neg 0.2897934628537446	false	1.0
farce	neg 1.0		__DUMMY__ 0.4065550525244082 off 0.29898633711064315 neg 0.2944586103649487	false	0.5
zwecklos	neg 1.0		__DUMMY__ 0.4066630934447751 off 0.3016445378936256 neg 0.2916923686615993	false	0.5
turbulent	neg 1.0		__DUMMY__ 0.4058881302969172 off 0.30117817527812807 neg 0.2929336944249548	false	0.5
schuld	neg 1.0		__DUMMY__ 0.4061487835137556 off 0.30320331245922705 neg 0.29064790402701735	false	0.5
risiko	neg 1.0		__DUMMY__ 0.4079320522626686 off 0.29704923442571846 neg 0.2950187133116131	false	0.5
invasion	neg 1.0		__DUMMY__ 0.3976086176663176 neg 0.3120732369317966 off 0.2903181454018859	false	1.0
finster	neg 1.0		__DUMMY__ 0.406431419339295 off 0.3052470213171671 neg 0.2883215593435379	false	0.5
geisteskrank	off 1.0		__DUMMY__ 0.4063936185987375 off 0.30390356504419025 neg 0.28970281635707223	false	1.0
ausbeute	neg 1.0		__DUMMY__ 0.4083300773279896 off 0.30161804092584965 neg 0.29005188174616087	false	0.5
zusammenbrechen	neg 1.0		__DUMMY__ 0.40623743343465135 off 0.30251224874616467 neg 0.291250317819184	false	0.5
hinterhalt	neg 1.0		__DUMMY__ 0.4066571804851737 off 0.30156573870962716 neg 0.29177708080519915	false	0.5
kritik	neg 1.0		__DUMMY__ 0.4064535208658878 off 0.2992803702310005 neg 0.29426610890311156	false	0.5
einschrumpfen	neg 1.0		__DUMMY__ 0.4040038944230932 off 0.29912664549024714 neg 0.2968694600866597	false	0.5
riskant	neg 1.0		__DUMMY__ 0.40659451944366565 off 0.30168875693715275 neg 0.29171672361918166	false	0.5
frustrieren	neg 1.0		__DUMMY__ 0.4066820288871483 off 0.3020865807698028 neg 0.29123139034304885	false	0.5
groll	neg 1.0		__DUMMY__ 0.4067146829249481 off 0.30141032887047287 neg 0.2918749882045789	false	0.5
qualvoll	neg 1.0		__DUMMY__ 0.405866000163978 off 0.30402201582886484 neg 0.290111984007157	false	0.5
wackeln	neg 1.0		__DUMMY__ 0.40668209787817755 off 0.3033912632017561 neg 0.2899266389200664	false	0.5
klagen	neg 1.0		__DUMMY__ 0.4065404215090623 off 0.2995805495903527 neg 0.29387902890058504	false	0.5
trauern	neg 1.0		__DUMMY__ 0.40651250899335134 off 0.30193225643558796 neg 0.2915552345710606	false	0.5
ablehnung	neg 1.0		__DUMMY__ 0.40666639501818563 off 0.2987637146804891 neg 0.29456989030132524	false	0.5
bankrott	neg 1.0		__DUMMY__ 0.4054236525043596 neg 0.29991714155027854 off 0.2946592059453618	false	1.0
stur	neg 1.0		__DUMMY__ 0.406146785953749 off 0.3028116895215524 neg 0.29104152452469856	false	0.5
aufruhr	neg 1.0		__DUMMY__ 0.4074004931657146 off 0.2975162698052211 neg 0.29508323702906436	false	0.5
melancholie	neg 1.0		__DUMMY__ 0.406356452468713 off 0.30451159980488485 neg 0.2891319477264021	false	0.5
torheit	neg 1.0		__DUMMY__ 0.40651892408280166 off 0.3009594005776638 neg 0.29252167533953444	false	0.5
dreckskind	off 1.0		__DUMMY__ 0.40402549821612815 off 0.31245839621068894 neg 0.283516105573183	false	1.0
umtauschen	neg 1.0		__DUMMY__ 0.40590164430916903 off 0.30485418500764516 neg 0.2892441706831857	false	0.5
zersetzen	neg 1.0		__DUMMY__ 0.406601472508762 off 0.3005682159556239 neg 0.2928303115356141	false	0.5
frust	neg 1.0		__DUMMY__ 0.40631181526811516 off 0.30239093406474776 neg 0.291297250667137	false	0.5
unerbittlichkeit	neg 1.0		__DUMMY__ 0.40663206495699217 off 0.30061690526400325 neg 0.29275102977900463	false	0.5
unkorrekt	neg 1.0		__DUMMY__ 0.4057784119588553 off 0.3042779709439857 neg 0.2899436170971591	false	0.5
hexe	off 1.0		__DUMMY__ 0.4064957806667074 off 0.30674692670057013 neg 0.2867572926327224	false	1.0
lasch	neg 1.0		__DUMMY__ 0.40637161707583086 off 0.30292001439554234 neg 0.2907083685286269	false	0.5
rivale	neg 1.0		__DUMMY__ 0.406059842814626 off 0.29761648950415337 neg 0.29632366768122054	false	0.5
mutlos	off 1.0		__DUMMY__ 0.40663041304688446 off 0.3010644376629051 neg 0.29230514929021056	false	1.0
wirr	off 1.0		__DUMMY__ 0.4050643411955907 off 0.3061666397414076 neg 0.28876901906300173	false	1.0
strafbar	neg 1.0		__DUMMY__ 0.40665687534174355 off 0.3013957150473337 neg 0.2919474096109228	false	0.5
erosion	neg 1.0	neg 1.0	neg 0.6308913002783022 __DUMMY__ 0.2013632075469915 off 0.16774549217470627	false	1.0
eingehen	neg 1.0		__DUMMY__ 0.40657476894205064 off 0.3017281457173076 neg 0.2916970853406418	false	0.5
faul	off 1.0		__DUMMY__ 0.4055147998018565 off 0.306197889828296 neg 0.2882873103698475	false	1.0
provisorium	neg 1.0		__DUMMY__ 0.4070940402099421 off 0.3005396693543381 neg 0.2923662904357198	false	0.5
schmerzen	neg 1.0		__DUMMY__ 0.4056000404585568 off 0.304769629640056 neg 0.28963032990138726	false	0.5
schrumpfen	neg 1.0		__DUMMY__ 0.4071412166187331 off 0.2993086780944851 neg 0.29355010528678194	false	0.5
geistlos	off 1.0		__DUMMY__ 0.40635281706416054 off 0.3026427264984707 neg 0.2910044564373687	false	1.0
frustrierend	neg 1.0		__DUMMY__ 0.40648068160736056 off 0.3041782080216832 neg 0.2893411103709561	false	0.5
fehlkauf	neg 1.0		__DUMMY__ 0.4082466388175578 off 0.30146783064008265 neg 0.29028553054235956	false	0.5
unzufrieden	neg 1.0		__DUMMY__ 0.40670723927983193 off 0.30163062164163934 neg 0.2916621390785287	false	0.5
verzweifeln	neg 1.0		__DUMMY__ 0.4064177013379656 off 0.30275141648311465 neg 0.29083088217891956	false	0.5
verzweifelt	neg 1.0		__DUMMY__ 0.4065183068936199 off 0.3033723822022848 neg 0.29010931090409536	false	0.5
misstrauensantrag	neg 1.0		__DUMMY__ 0.4055077286700238 off 0.2974368815933543 neg 0.2970553897366219	false	0.5
abfallen	neg 1.0		__DUMMY__ 0.40587516955840797 off 0.30493875289585015 neg 0.28918607754574194	false	0.5
fucker	off 1.0		__DUMMY__ 0.5094482611404958 off 0.30226849926860694 neg 0.18828323959089732	false	1.0
ungezogen	neg 1.0		__DUMMY__ 0.4053124871245386 off 0.3070095019733519 neg 0.28767801090210965	false	0.5
irrsinnig	neg 1.0		__DUMMY__ 0.4063016238878503 off 0.30345596009687864 neg 0.29024241601527107	false	0.5
hart	neg 1.0		__DUMMY__ 0.40376837290820217 off 0.3109341079225143 neg 0.2852975191692835	false	0.5
unfassbar	neg 1.0		__DUMMY__ 0.4066952947630697 off 0.30393525594939347 neg 0.2893694492875368	false	0.5
widerlich	off 1.0		__DUMMY__ 0.4060206722530158 off 0.30439090629844834 neg 0.2895884214485358	false	1.0
fatal			__DUMMY__ 0.3930224700787341 off 0.30694435972240774 neg 0.3000331701988582	false	0.0
bruch	neg 1.0		__DUMMY__ 0.4070176280391597 off 0.3002746295768611 neg 0.29270774238397923	false	0.5
aushungern	neg 1.0		__DUMMY__ 0.40613013687072763 off 0.29961207857270955 neg 0.29425778455656293	false	0.5
anspannung	neg 1.0		__DUMMY__ 0.40692851353783216 off 0.3013054557024716 neg 0.2917660307596962	false	0.5
kraftlos	neg 1.0		__DUMMY__ 0.40659620185843937 off 0.30254925086004136 neg 0.2908545472815193	false	0.5
grenzdebil	off 1.0		__DUMMY__ 0.4058620054795249 off 0.30495932697054423 neg 0.2891786675499308	false	1.0
unterwerfen	neg 1.0		__DUMMY__ 0.40653898776885067 off 0.30149285482331845 neg 0.29196815740783083	false	0.5
versenkung	neg 1.0		__DUMMY__ 0.406773035577212 off 0.3015745953824346 neg 0.2916523690403534	false	0.5
entziehen	neg 1.0		__DUMMY__ 0.40680608337093854 off 0.3007762429903298 neg 0.29241767363873167	false	0.5
finanzkrise	neg 1.0		__DUMMY__ 0.40690270723550687 neg 0.29687020627203403 off 0.2962270864924591	false	1.0
schimpfend	neg 1.0		__DUMMY__ 0.40583620128368586 off 0.30442980491627 neg 0.28973399380004417	false	0.5
profan	neg 1.0		__DUMMY__ 0.40642616232102724 off 0.30372681569601956 neg 0.28984702198295303	false	0.5
korruption	neg 1.0		__DUMMY__ 0.40649349647882593 off 0.29849252145851196 neg 0.29501398206266205	false	0.5
schmutzig	neg 1.0		__DUMMY__ 0.40590168875862687 off 0.3051506374279453 neg 0.28894767381342795	false	0.5
abraten	neg 1.0		__DUMMY__ 0.4063245952552627 off 0.30425847643116727 neg 0.28941692831357	false	0.5
sexy	neg 1.0		__DUMMY__ 0.37528714920061795 off 0.3246593615904527 neg 0.3000534892089293	false	0.5
fotze	off 1.0		__DUMMY__ 0.40248735636079563 off 0.3158545138383614 neg 0.28165812980084287	false	1.0
schwarz	neg 1.0		__DUMMY__ 0.40691864993818505 off 0.3021527606310945 neg 0.29092858943072036	false	0.5
verwirren	neg 1.0		__DUMMY__ 0.40617863650274594 off 0.30423346749587366 neg 0.28958789600138046	false	0.5
zahnlos	off 1.0		__DUMMY__ 0.4068907341367416 off 0.301658149840303 neg 0.2914511160229553	false	1.0
verheeren	neg 1.0		__DUMMY__ 0.40639030511526864 neg 0.297625139551556 off 0.29598455533317536	false	1.0
rammen	neg 1.0		__DUMMY__ 0.40604475786708855 off 0.30523253020850954 neg 0.288722711924402	false	0.5
unlauter	neg 1.0		__DUMMY__ 0.406102660082162 off 0.2983920790252089 neg 0.2955052608926291	false	0.5
unheilvoll	neg 1.0		__DUMMY__ 0.40580153473843694 off 0.30370418800260274 neg 0.2904942772589604	false	0.5
niedrig	neg 1.0		__DUMMY__ 0.40820407137737597 off 0.2982488257957518 neg 0.2935471028268723	false	0.5
weichei	off 1.0		__DUMMY__ 0.4055577278253294 off 0.3068861785255207 neg 0.2875560936491499	false	1.0
explosion	neg 1.0		__DUMMY__ 0.4031078004831899 neg 0.3037714137562329 off 0.2931207857605771	false	1.0
minusmensch	off 1.0		__DUMMY__ 0.40481151705107515 off 0.3116690829906067 neg 0.2835193999583181	false	1.0
farblos	neg 1.0		__DUMMY__ 0.4078838755561732 off 0.30244381278032845 neg 0.28967231166349844	false	0.5
unwissend	neg 1.0		__DUMMY__ 0.4061252004399516 off 0.3043315402940386 neg 0.2895432592660098	false	0.5
traurig	neg 1.0		__DUMMY__ 0.40592409474130003 off 0.3054194463461187 neg 0.28865645891258135	false	0.5
senkung	neg 1.0		__DUMMY__ 0.4060007471995148 neg 0.2996904074134157 off 0.2943088453870696	false	1.0
ungleich	neg 1.0		__DUMMY__ 0.40654898034978665 off 0.30125476689172437 neg 0.29219625275848915	false	0.5
heikel	neg 1.0		__DUMMY__ 0.4064303220565153 off 0.3014843217061811 neg 0.29208535623730364	false	0.5
drosselung	neg 1.0		__DUMMY__ 0.4065035611949583 neg 0.29837088821301444 off 0.29512555059202733	false	1.0
falsch	neg 1.0		__DUMMY__ 0.406159827211213 off 0.30424814301501973 neg 0.28959202977376713	false	0.5
unzufriedenheit	neg 1.0		__DUMMY__ 0.4066187785415476 off 0.3005982486569179 neg 0.2927829728015344	false	0.5
kurz	neg 1.0		__DUMMY__ 0.4065319184825192 off 0.30383661403856294 neg 0.2896314674789177	false	0.5
unsinnig	neg 1.0		__DUMMY__ 0.4062476309295515 off 0.3021549943394155 neg 0.291597374731033	false	0.5
penner	off 1.0		__DUMMY__ 0.4055153868299429 off 0.30660345001229533 neg 0.2878811631577618	false	1.0
seicht	neg 1.0		__DUMMY__ 0.40623867245592776 off 0.3049255255411835 neg 0.2888358020028888	false	0.5
dummheit	off 1.0		__DUMMY__ 0.40620563380276437 off 0.3030222465862904 neg 0.29077211961094523	false	1.0
unerfreulich	neg 1.0		__DUMMY__ 0.40668863183513054 off 0.3013220244028334 neg 0.291989343762036	false	0.5
pikiert	neg 1.0		__DUMMY__ 0.40623681849762183 off 0.3040972606892293 neg 0.2896659208131489	false	0.5
motherfucker	off 1.0		__DUMMY__ 0.4976584935509395 off 0.30127415149500997 neg 0.20106735495405054	false	1.0
wrack	neg 1.0		__DUMMY__ 0.4069302183715493 off 0.3014703210261994 neg 0.2915994606022512	false	0.5
gangster	neg 1.0		__DUMMY__ 0.4429451167932747 off 0.3147759601339698 neg 0.24227892307275561	false	0.5
krank	neg 1.0		__DUMMY__ 0.40585836463272756 off 0.305788267594968 neg 0.2883533677723044	false	0.5
reich	neg 1.0		__DUMMY__ 0.4068109865121439 off 0.3014220112062344 neg 0.2917670022816218	false	0.5
gnadenlos	neg 1.0		__DUMMY__ 0.4065302390577808 off 0.30329798390108836 neg 0.2901717770411309	false	0.5
niedergeschlagen	neg 1.0		__DUMMY__ 0.4065529857578869 off 0.3024994057746405 neg 0.2909476084674727	false	0.5
terrorisieren	off 1.0	off 1.0	off 0.6400216809371031 __DUMMY__ 0.19694916285976038 neg 0.1630291562031364	false	1.0
sinnlosigkeit	neg 1.0		__DUMMY__ 0.406395348835716 off 0.30193211357175975 neg 0.29167253759252426	false	0.5
behindern	neg 1.0		__DUMMY__ 0.4071653931256258 off 0.2983921254894293 neg 0.2944424813849449	false	0.5
undemokratisch	neg 1.0		__DUMMY__ 0.4057454063399685 off 0.3005420894822123 neg 0.29371250417781924	false	0.5
wirtschaftskrise	neg 1.0		__DUMMY__ 0.40719079786499107 off 0.29697497435248005 neg 0.2958342277825288	false	0.5
neid	neg 1.0		__DUMMY__ 0.4067064661697984 off 0.30405244526665126 neg 0.28924108856355035	false	0.5
rutschen	neg 1.0		__DUMMY__ 0.4071755903515708 off 0.30230733819131794 neg 0.2905170714571112	false	0.5
rezession	neg 1.0		__DUMMY__ 0.4073244597359087 neg 0.2974319755601335 off 0.2952435647039577	false	1.0
fehlgeburt	neg 1.0		__DUMMY__ 0.4055567677092334 off 0.3045598660087218 neg 0.2898833662820447	false	0.5
charakterschwach	off 1.0		__DUMMY__ 0.4061871252753311 off 0.3038723053218134 neg 0.2899405694028555	false	1.0
isolation	neg 1.0		__DUMMY__ 0.40022070923160763 neg 0.30813590743565955 off 0.2916433833327329	false	1.0
ablenkung	neg 1.0		__DUMMY__ 0.4062972608874712 off 0.3034013891622876 neg 0.2903013499502411	false	0.5
pech	neg 1.0		__DUMMY__ 0.40636862888490904 off 0.30513272872034375 neg 0.28849864239474715	false	0.5
dominieren	neg 1.0		__DUMMY__ 0.4077994222539241 off 0.2977205965448591 neg 0.2944799812012169	false	0.5
vermeidung	neg 1.0		__DUMMY__ 0.4057008430287994 neg 0.2999158489327106 off 0.29438330803849	false	1.0
schwindlig	neg 1.0		__DUMMY__ 0.4056214738397329 off 0.30646121577978724 neg 0.28791731038047974	false	0.5
lutscher	neg 1.0		__DUMMY__ 0.4046541609875421 off 0.3101273310211518 neg 0.28521850799130616	false	0.5
pflicht	neg 1.0		__DUMMY__ 0.40679115388315173 off 0.3011116105725925 neg 0.2920972355442558	false	0.5
faschist	off 1.0		__DUMMY__ 0.4060759755827977 off 0.30269899433773995 neg 0.29122503007946243	false	1.0
verschleudern	neg 1.0		__DUMMY__ 0.4068312531310984 off 0.29880226736159277 neg 0.2943664795073087	false	0.5
ehebruch	neg 1.0		__DUMMY__ 0.40658756617807906 off 0.3017762767274173 neg 0.2916361570945036	false	0.5
trostlosigkeit	neg 1.0		__DUMMY__ 0.4066376679698825 off 0.3008832002130074 neg 0.2924791318171101	false	0.5
lutschen	neg 1.0		__DUMMY__ 0.4035590674794995 off 0.31088141495281846 neg 0.28555951756768205	false	0.5
spott	off 1.0		__DUMMY__ 0.4065814806203896 off 0.30117944413982656 neg 0.2922390752397837	false	1.0
undiszipliniert	neg 1.0		__DUMMY__ 0.405759636329232 off 0.30542550219225967 neg 0.2888148614785084	false	0.5
kopfschmerz	neg 1.0		__DUMMY__ 0.4055533097758352 off 0.3043713749169649 neg 0.2900753153071999	false	0.5
unvorhergesehen	neg 1.0		__DUMMY__ 0.40676111037855056 off 0.3028981927067204 neg 0.2903406969147291	false	0.5
desinteressiert	neg 1.0		__DUMMY__ 0.4060381430482304 off 0.30517136375796905 neg 0.28879049319380057	false	0.5
armselig	off 1.0		__DUMMY__ 0.4064991112698348 off 0.3038426590100812 neg 0.28965822972008404	false	1.0
tod	neg 1.0		__DUMMY__ 0.40680195444555917 off 0.30094366009019524 neg 0.2922543854642455	false	0.5
desaster	neg 1.0		__DUMMY__ 0.40691417631442617 off 0.29949545322139776 neg 0.2935903704641761	false	0.5
herzlos	neg 1.0		__DUMMY__ 0.4060573911177191 off 0.3051607484532082 neg 0.2887818604290727	false	0.5
unwissenheit	neg 1.0		__DUMMY__ 0.4061964742285125 off 0.30128793291695666 neg 0.2925155928545308	false	0.5
widersinnig	neg 1.0		__DUMMY__ 0.40630399594972233 off 0.30012547652402866 neg 0.2935705275262492	false	0.5
bedenklich	neg 1.0		__DUMMY__ 0.4064545924786346 off 0.301446284670911 neg 0.29209912285045453	false	0.5
beanstanden	neg 1.0		__DUMMY__ 0.4068299850023819 off 0.3006469079043757 neg 0.29252310709324236	false	0.5
panisch	neg 1.0		__DUMMY__ 0.4059023524981982 off 0.3045330988015618 neg 0.28956454870024007	false	0.5
abstrich	neg 1.0		__DUMMY__ 0.4052906627325767 off 0.3043318866042047 neg 0.29037745066321874	false	0.5
debil	off 1.0		__DUMMY__ 0.40062706529799297 off 0.3178280508701579 neg 0.28154488383184917	false	1.0
primitiv	neg 1.0		__DUMMY__ 0.4065471183308792 off 0.3041743437588532 neg 0.28927853791026764	false	0.5
abschaum	off 1.0		__DUMMY__ 0.406268297176153 off 0.30364958864583186 neg 0.29008211417801516	false	1.0
tot	neg 1.0		__DUMMY__ 0.4058852448188278 off 0.30470084421622773 neg 0.28941391096494445	false	0.5
provozieren	neg 1.0		__DUMMY__ 0.4063492184644734 off 0.3029237759691534 neg 0.29072700556637326	false	0.5
instabil	neg 1.0		__DUMMY__ 0.40713907244700187 off 0.30209569282457505 neg 0.290765234728423	false	0.5
schwuchtel	off 1.0		__DUMMY__ 0.40415421393689066 off 0.3108777937691741 neg 0.28496799229393516	false	1.0
zerren	neg 1.0		__DUMMY__ 0.40635168870484734 off 0.3027493080188313 neg 0.2908990032763213	false	0.5
kinderficker	off 1.0		__DUMMY__ 0.40566000048139916 off 0.3043147827894346 neg 0.29002521672916637	false	1.0
gefahr	neg 1.0		__DUMMY__ 0.40721937420438514 off 0.2981798700693311 neg 0.2946007557262838	false	0.5
rabiat	neg 1.0		__DUMMY__ 0.40664516969508924 off 0.30283232404637195 neg 0.2905225062585389	false	0.5
verlangsamung	neg 1.0		__DUMMY__ 0.4080298860992434 off 0.2962505763378492 neg 0.29571953756290736	false	0.5
anklagen	neg 1.0		__DUMMY__ 0.40640144501751396 off 0.2984852917825771 neg 0.2951132631999091	false	0.5
ausgestorben	neg 1.0		__DUMMY__ 0.4069184574204252 off 0.302281516029124 neg 0.2908000265504508	false	0.5
verminderung	neg 1.0		__DUMMY__ 0.40610194518681886 neg 0.29984243787576753 off 0.2940556169374136	false	1.0
rost	neg 1.0		__DUMMY__ 0.40912909297461675 off 0.2989898875534256 neg 0.29188101947195755	false	0.5
destruktiv	neg 1.0		__DUMMY__ 0.4063573929847256 off 0.30190348597109573 neg 0.2917391210441786	false	0.5
unzumutbarkeit	neg 1.0		__DUMMY__ 0.40680350914509067 off 0.2983127836117369 neg 0.29488370724317226	false	0.5
labil	off 1.0	off 1.0	off 0.7205682304106729 __DUMMY__ 0.16040006470737758 neg 0.11903170488194946	false	1.0
ziemlich	neg 1.0		__DUMMY__ 0.4060645544697051 off 0.3052442642296939 neg 0.28869118130060106	false	0.5
lachnummer	off 1.0		__DUMMY__ 0.40662770589160374 off 0.30188955999544964 neg 0.2914827341129466	false	1.0
ausgrenzung	neg 1.0		__DUMMY__ 0.40633131053729743 off 0.2991056280184998 neg 0.2945630614442027	false	0.5
verfall	neg 1.0		__DUMMY__ 0.4067893970565523 off 0.29951031018861257 neg 0.2937002927548351	false	0.5
unordnung	neg 1.0	neg 1.0	neg 0.6304678333218368 __DUMMY__ 0.1987768991639456 off 0.17075526751421757	false	1.0
fehlverhalten	neg 1.0		__DUMMY__ 0.4065554458480837 off 0.30059592684933056 neg 0.2928486273025857	false	0.5
nille	neg 1.0		__DUMMY__ 0.4010993271273876 off 0.3185288583312178 neg 0.28037181454139454	false	0.5
qual	neg 1.0		__DUMMY__ 0.3768776399937238 off 0.31425691679296086 neg 0.3088654432133154	false	0.5
riesig	neg 1.0		__DUMMY__ 0.40623115496802115 off 0.30857257570031404 neg 0.28519626933166475	false	0.5
verschwenden	neg 1.0		__DUMMY__ 0.4064338100757771 off 0.3020312928348506 neg 0.29153489708937236	false	0.5
verurteilen	neg 1.0		__DUMMY__ 0.40630580457747567 off 0.30124678540261923 neg 0.29244741001990515	false	0.5
klischee	neg 1.0		__DUMMY__ 0.40642792513380677 off 0.303689886430031 neg 0.2898821884361622	false	0.5
diktatorisch	neg 1.0		__DUMMY__ 0.4058377497121276 off 0.300919489525878 neg 0.29324276076199435	false	0.5
vorhersehbar	neg 1.0		__DUMMY__ 0.40671613634679255 off 0.30304331948958196 neg 0.29024054416362544	false	0.5
stornieren	neg 1.0		__DUMMY__ 0.4064173942670261 off 0.30118962996266546 neg 0.2923929757703085	false	0.5
besteuerung	neg 1.0		__DUMMY__ 0.4067103177051054 neg 0.29838823341167986 off 0.2949014488832148	false	1.0
ungeschminkt	neg 1.0		__DUMMY__ 0.4044652985227012 off 0.30903945136688643 neg 0.28649525011041227	false	0.5
kritisch	neg 1.0		__DUMMY__ 0.406581467772225 off 0.30114714437866524 neg 0.2922713878491099	false	0.5
schlamperei	off 1.0		__DUMMY__ 0.4067146680192654 off 0.2986489460967979 neg 0.29463638588393676	false	1.0
sucht	neg 1.0		__DUMMY__ 0.40858965337205416 off 0.3014102626292689 neg 0.2900000839986769	false	0.5
egoistisch	off 1.0		__DUMMY__ 0.4056085205866556 off 0.305521763634957 neg 0.2888697157783875	false	1.0
ausbeuter	off 1.0		__DUMMY__ 0.4065496668003498 off 0.3007029846673994 neg 0.2927473485322507	false	1.0
arschgeburt			__DUMMY__ 0.4037293813214674 off 0.31197337529345825 neg 0.28429724338507434	false	0.0
schubs	neg 1.0		__DUMMY__ 0.4053393680487966 off 0.30577309777433154 neg 0.28888753417687174	false	0.5
unsolide	neg 1.0		__DUMMY__ 0.40596982987447877 off 0.300622796784244 neg 0.2934073733412773	false	0.5
beschwerde	neg 1.0		__DUMMY__ 0.4063018273480108 off 0.29890693788887357 neg 0.29479123476311553	false	0.5
stocken	neg 1.0		__DUMMY__ 0.40765677037929976 off 0.29699606628374436 neg 0.2953471633369558	false	0.5
isolieren	neg 1.0		__DUMMY__ 0.40699597976520036 off 0.297874632401243 neg 0.2951293878335567	false	0.5
unheilbar	neg 1.0		__DUMMY__ 0.40637544679961446 off 0.30266865620284866 neg 0.2909558969975368	false	0.5
pisser	off 1.0		__DUMMY__ 0.4037929777681669 off 0.3119235386665262 neg 0.2842834835653068	false	1.0
löschen	neg 1.0		__DUMMY__ 0.4017743560830198 off 0.30559127037815537 neg 0.2926343735388249	false	0.5
durchfallen	neg 1.0		__DUMMY__ 0.40626248778983254 off 0.3019677748969054 neg 0.291769737313262	false	0.5
wichser	off 1.0		__DUMMY__ 0.40552195502234256 off 0.3069119109332368 neg 0.28756613404442066	false	1.0
terror	neg 1.0		__DUMMY__ 0.4028349346539944 neg 0.30149613849381746 off 0.2956689268521881	false	1.0
krass	neg 1.0		__DUMMY__ 0.4047496674020064 off 0.3088392846333132 neg 0.28641104796468025	false	0.5
revolte	neg 1.0		__DUMMY__ 0.40704757488349996 off 0.2975205487542173 neg 0.2954318763622827	false	0.5
besorgt	neg 1.0		__DUMMY__ 0.40640873560421886 off 0.3027794441458124 neg 0.29081182024996877	false	0.5
nachlassen	neg 1.0		__DUMMY__ 0.40680150173167035 off 0.3011480985395169 neg 0.2920503997288128	false	0.5
alt	neg 1.0		__DUMMY__ 0.40673878062108987 off 0.30605603227532 neg 0.28720518710359016	false	0.5
hundesohn	off 1.0		__DUMMY__ 0.40276319961822854 off 0.314411329751123 neg 0.2828254706306485	false	1.0
abschreckung	neg 1.0		__DUMMY__ 0.40650979930329073 off 0.3001238152523667 neg 0.29336638544434257	false	0.5
unqualifiziert	neg 1.0		__DUMMY__ 0.4060104760837469 off 0.3028115829381309 neg 0.29117794097812205	false	0.5
abgewichst	off 1.0		__DUMMY__ 0.4019924719027474 off 0.3161238826391683 neg 0.28188364545808425	false	1.0
kapitulation	neg 1.0		__DUMMY__ 0.4067908953224367 off 0.2988947587390008 neg 0.2943143459385627	false	0.5
schwer	neg 1.0		__DUMMY__ 0.40665367195530083 off 0.30298638515456583 neg 0.2903599428901334	false	0.5
bedeutungslosigkeit	neg 1.0		__DUMMY__ 0.4068141788367013 off 0.3005063317598853 neg 0.2926794894034134	false	0.5
unscharf	neg 1.0		__DUMMY__ 0.40524123490521446 off 0.3067800022387038 neg 0.28797876285608176	false	0.5
schwinden	neg 1.0		__DUMMY__ 0.40732660136480847 off 0.29753226443344105 neg 0.29514113420175053	false	0.5
versklavung	neg 1.0		__DUMMY__ 0.40613556256803 off 0.29842339797141726 neg 0.2954410394605528	false	0.5
schlecht	neg 1.0		__DUMMY__ 0.40617078451830374 off 0.3046908864622131 neg 0.28913832901948316	false	0.5
verhasst	neg 1.0		__DUMMY__ 0.4064898131105178 off 0.30229176361435584 neg 0.2912184232751264	false	0.5
beschweren	neg 1.0		__DUMMY__ 0.4066373703935649 off 0.3032258562428729 neg 0.29013677336356225	false	0.5
scheiden	neg 1.0		__DUMMY__ 0.40671302744220866 off 0.30320806340576534 neg 0.29007890915202594	false	0.5
frustriert	neg 1.0		__DUMMY__ 0.4064503919424819 off 0.30263675875395285 neg 0.29091284930356515	false	0.5
schimmelig	neg 1.0		__DUMMY__ 0.4049267537514599 off 0.3088827376449649 neg 0.2861905086035752	false	0.5
fisch	neg 1.0		__DUMMY__ 0.4068878155246041 off 0.3059337830207563 neg 0.2871784014546395	false	0.5
schmuggel	neg 1.0		__DUMMY__ 0.40665287731253325 off 0.3015224528382726 neg 0.29182466984919425	false	0.5
auffallen	neg 1.0		__DUMMY__ 0.4064591709704742 off 0.3032163793459601 neg 0.29032444968356574	false	0.5
konkurrenz	neg 1.0		__DUMMY__ 0.4067993075038542 off 0.30070212384037787 neg 0.2924985686557679	false	0.5
teufelskreis	neg 1.0		__DUMMY__ 0.40663819078393826 off 0.3024020809867288 neg 0.29095972822933297	false	0.5
aufschreien	neg 1.0		__DUMMY__ 0.40645988380392417 off 0.3038337366017903 neg 0.28970637959428547	false	0.5
missgeburt	off 1.0		__DUMMY__ 0.4042197205184142 off 0.311810583774246 neg 0.2839696957073399	false	1.0
schuldner	neg 1.0		__DUMMY__ 0.40685864029569435 off 0.29784718621486905 neg 0.29529417348943654	false	0.5
befallen	neg 1.0		__DUMMY__ 0.40585393837372835 off 0.3005066368989492 neg 0.29363942472732246	false	0.5
arbeitslos	neg 1.0		__DUMMY__ 0.40655678441782356 off 0.3018736118113285 neg 0.29156960377084795	false	0.5
miesepetrig	off 1.0		__DUMMY__ 0.40598783600515076 off 0.3048261859289674 neg 0.2891859780658819	false	1.0
alarmieren	neg 1.0		__DUMMY__ 0.40710985732459476 off 0.296689766564983 neg 0.29620037611042216	false	0.5
ungeduscht	off 1.0		__DUMMY__ 0.4048400024775933 off 0.30753043614928743 neg 0.2876295613731192	false	1.0
knappheit	neg 1.0		__DUMMY__ 0.40714260550518877 off 0.2978132823191309 neg 0.2950441121756804	false	0.5
schlange	neg 1.0		__DUMMY__ 0.4066264450335598 off 0.3036371628296212 neg 0.2897363921368189	false	0.5
harsch	neg 1.0		__DUMMY__ 0.4064263946966944 off 0.2984465199689579 neg 0.2951270853343478	false	0.5
lang	neg 1.0	neg 1.0	neg 0.5848439821553584 __DUMMY__ 0.22155027278627956 off 0.193605745058362	false	1.0
ziellos	neg 1.0		__DUMMY__ 0.4067183564668246 off 0.30233485573017493 neg 0.2909467878030005	false	0.5
selbstverliebt	neg 1.0		__DUMMY__ 0.4053033942484129 off 0.30790436597616994 neg 0.2867922397754172	false	0.5
beseitigen	neg 1.0		__DUMMY__ 0.4072734873718947 off 0.2980411646239812 neg 0.29468534800412394	false	0.5
dumm	off 1.0		__DUMMY__ 0.40563771829936485 off 0.30633704227344327 neg 0.28802523942719194	false	1.0
arbeitsloser	neg 1.0		__DUMMY__ 0.40666342428300534 off 0.3015865140508474 neg 0.2917500616661473	false	0.5
blitzen	neg 1.0		__DUMMY__ 0.40754297154985925 off 0.3028073757397423 neg 0.28964965271039844	false	0.5
hilflos	neg 1.0		__DUMMY__ 0.4061652860407957 off 0.3027906480247177 neg 0.2910440659344865	false	0.5
eklig	off 1.0		__DUMMY__ 0.40499191893396674 off 0.3081193423028617 neg 0.28688873876317156	false	1.0
hungersnot	neg 1.0		__DUMMY__ 0.4072204486419738 off 0.29850201785775005 neg 0.29427753350027613	false	0.5
ungesetzlich	neg 1.0		__DUMMY__ 0.40625991274827244 off 0.3001019872264233 neg 0.29363810002530427	false	0.5
verschwendung	neg 1.0		__DUMMY__ 0.4064968022571757 off 0.30159606875887485 neg 0.2919071289839495	false	0.5
schmerzvoll	neg 1.0		__DUMMY__ 0.40622199751903704 off 0.30388808504661635 neg 0.2898899174343465	false	0.5
vorzeitig	neg 1.0		__DUMMY__ 0.40701261405800965 off 0.2966679246130401 neg 0.29631946132895026	false	0.5
unvollkommenheit	neg 1.0		__DUMMY__ 0.4064841071472053 off 0.3023251247070628 neg 0.2911907681457319	false	0.5
intervenieren	neg 1.0		__DUMMY__ 0.4063697770750963 off 0.30019668887779144 neg 0.2934335340471122	false	0.5
banause	off 1.0		__DUMMY__ 0.40534454725852154 off 0.30680953319447984 neg 0.2878459195469987	false	1.0
rebell	neg 1.0		__DUMMY__ 0.40266498723386573 off 0.31204841222255364 neg 0.2852866005435807	false	0.5
unlogisch	neg 1.0		__DUMMY__ 0.40581005442725276 off 0.3051332485144726 neg 0.2890566970582746	false	0.5
abschaffung	neg 1.0		__DUMMY__ 0.40620540671336935 off 0.2973549652444228 neg 0.29643962804220775	false	0.5
leiden	neg 1.0		__DUMMY__ 0.4066497435010524 off 0.3033153280007728 neg 0.29003492849817486	false	0.5
sturz	neg 1.0		__DUMMY__ 0.40720865409064944 off 0.2981343042449301 neg 0.2946570416644206	false	0.5
verkleinerung	neg 1.0		__DUMMY__ 0.40672781142590025 neg 0.2969834922523175 off 0.2962886963217821	false	1.0
schmarotzer	off 1.0		__DUMMY__ 0.40630148036942165 off 0.30208299135716044 neg 0.2916155282734179	false	1.0
bestrafung	neg 1.0		__DUMMY__ 0.40637954719316616 off 0.3034600738211185 neg 0.29016037898571545	false	0.5
achtlos	neg 1.0		__DUMMY__ 0.40624154232001036 off 0.3027537347497829 neg 0.29100472293020657	false	0.5
ungeheuer	neg 1.0		__DUMMY__ 0.4067648332285541 off 0.30436313916847096 neg 0.28887202760297515	false	0.5
unaufrichtig	neg 1.0		__DUMMY__ 0.40551503812946665 off 0.3032945247179718 neg 0.2911904371525616	false	0.5
groggy	neg 1.0		__DUMMY__ 0.4057522852124543 off 0.30835340481052703 neg 0.2858943099770186	false	0.5
verletzlich	neg 1.0		__DUMMY__ 0.4060203471266702 off 0.3050043429073759 neg 0.28897530996595405	false	0.5
ablehnen	neg 1.0		__DUMMY__ 0.4062913085121544 off 0.3011173826679026 neg 0.292591308819943	false	0.5
kollaps	neg 1.0		__DUMMY__ 0.4069636728762864 neg 0.2967040285248687 off 0.2963322985988449	false	1.0
beschnitten	neg 1.0		__DUMMY__ 0.40637971348740554 off 0.30329332969243017 neg 0.2903269568201644	false	0.5
defekt	neg 1.0		__DUMMY__ 0.40645741686425757 off 0.2973853255785596 neg 0.29615725755718275	false	0.5
dreckskerl	off 1.0		__DUMMY__ 0.40560378590537066 off 0.30527078472006186 neg 0.28912542937456753	false	1.0
deine	neg 1.0		__DUMMY__ 0.40543315389017376 off 0.3066563972834669 neg 0.28791044882635936	false	0.5
aufgeben	neg 1.0		__DUMMY__ 0.40688565889553485 off 0.30336313156858913 neg 0.28975120953587585	false	0.5
durcheinander	neg 1.0		__DUMMY__ 0.406466616211101 off 0.30406549016068163 neg 0.2894678936282173	false	0.5
unterbrechen	neg 1.0		__DUMMY__ 0.4066216250252148 off 0.3022518807291377 neg 0.2911264942456475	false	0.5
vergammeln	neg 1.0		__DUMMY__ 0.40645182699340243 off 0.30377572740313397 neg 0.2897724456034635	false	0.5
grotesk	neg 1.0		__DUMMY__ 0.4066949502666742 off 0.301870719425458 neg 0.2914343303078678	false	0.5
elendig	neg 1.0		__DUMMY__ 0.4060951463839584 off 0.30397086733077444 neg 0.28993398628526723	false	0.5
naiv	off 1.0		__DUMMY__ 0.40663255646742935 off 0.3034613315741856 neg 0.2899061119583852	false	1.0
uneinigkeit	neg 1.0		__DUMMY__ 0.40671342169019614 off 0.29774579641927906 neg 0.29554078189052485	false	0.5
fragil	neg 1.0		__DUMMY__ 0.4000545910679759 neg 0.303563901102647 off 0.29638150782937706	false	1.0
provisorisch	neg 1.0		__DUMMY__ 0.4071506702396311 off 0.30178171559417594 neg 0.29106761416619303	false	0.5
landei	off 1.0		__DUMMY__ 0.40608415129245357 off 0.30664087903422715 neg 0.2872749696733191	false	1.0
bedauerlich	neg 1.0		__DUMMY__ 0.4065631200182187 off 0.30158060944689713 neg 0.2918562705348843	false	0.5
krieg	neg 1.0		__DUMMY__ 0.40642387043732936 off 0.30257634801769234 neg 0.29099978154497824	false	0.5
traurigkeit	neg 1.0		__DUMMY__ 0.4065001100728664 off 0.30315723976758024 neg 0.29034265015955335	false	0.5
monotonie	neg 1.0		__DUMMY__ 0.40683459986850146 off 0.30191662095661137 neg 0.29124877917488723	false	0.5
unliebsam	neg 1.0		__DUMMY__ 0.4064899479675092 off 0.30247412660843515 neg 0.2910359254240556	false	0.5
drift	neg 1.0		__DUMMY__ 0.3572922274212846 neg 0.3375727790188913 off 0.3051349935598242	false	1.0
chaos	neg 1.0		__DUMMY__ 0.406583327549807 off 0.2996616323291452 neg 0.2937550401210478	false	0.5
blutig	neg 1.0		__DUMMY__ 0.40654310737486093 off 0.3038091570289994 neg 0.2896477355961397	false	0.5
machtlos	neg 1.0		__DUMMY__ 0.40648051856963013 off 0.3013253040748454 neg 0.2921941773555244	false	0.5
