unsolidarisch	neg 1.0		off 0.3420356385418114 neg 0.33202475216871724 __DUMMY__ 0.3259396092894712	false	0.5
nachteilig	neg 1.0		off 0.3409953313941866 neg 0.332389368844744 __DUMMY__ 0.3266152997610693	false	0.5
skeptisch	neg 1.0		off 0.3418184825636406 neg 0.331538847934987 __DUMMY__ 0.32664266950137233	false	0.5
schrecklich	neg 1.0		off 0.34659612917570043 neg 0.32762832601925035 __DUMMY__ 0.3257755448050492	false	0.5
schlapp	neg 1.0		off 0.346771419858267 neg 0.32727094949308266 __DUMMY__ 0.32595763064865035	false	0.5
abfall	neg 1.0		off 0.3409947240106858 neg 0.3320326756284177 __DUMMY__ 0.32697260036089654	false	0.5
widerspenstig	neg 1.0		off 0.3441002710310514 neg 0.32975946612027596 __DUMMY__ 0.3261402628486727	false	0.5
abrupt	neg 1.0		off 0.3426993443757824 neg 0.33044250302095696 __DUMMY__ 0.3268581526032607	false	0.5
unwirksam	neg 1.0		neg 0.3370391958113069 off 0.3363225605033877 __DUMMY__ 0.3266382436853053	false	1.0
angreifen	neg 1.0		off 0.3418275228668992 neg 0.3316271672979295 __DUMMY__ 0.3265453098351712	false	0.5
inkonsistent	neg 1.0		off 0.3438473095949968 neg 0.32944336060866014 __DUMMY__ 0.3267093297963432	false	0.5
abrutschen	neg 1.0		off 0.3418179593109849 neg 0.33159359130959026 __DUMMY__ 0.32658844937942466	false	0.5
unsicher	neg 1.0		off 0.34385130780014017 neg 0.32970299060125857 __DUMMY__ 0.32644570159860126	false	0.5
bauernkind	off 1.0		off 0.35067911446476285 __DUMMY__ 0.32484734609738714 neg 0.32447353943785	false	1.0
angreifer	neg 1.0		off 0.3391610257179708 neg 0.33444448415932754 __DUMMY__ 0.3263944901227017	false	0.5
trennen	neg 1.0		off 0.3427451323190363 neg 0.33019022216699506 __DUMMY__ 0.32706464551396863	false	0.5
schmutz	neg 1.0		off 0.33926810832135157 neg 0.3339202873636282 __DUMMY__ 0.32681160431502015	false	0.5
inkonsistenz	neg 1.0		off 0.34462085052048214 neg 0.3291955315010664 __DUMMY__ 0.32618361797845147	false	0.5
erschreckend	neg 1.0		off 0.34262205514896715 neg 0.33089517525865675 __DUMMY__ 0.3264827695923761	false	0.5
ertrinken	neg 1.0		off 0.343142220985652 neg 0.33074142919550004 __DUMMY__ 0.32611634981884785	false	0.5
pickelface	off 1.0		off 0.3551040424205525 __DUMMY__ 0.3238967884696242 neg 0.3209991691098234	false	1.0
lauch	neg 1.0		off 0.35218248580049116 __DUMMY__ 0.3244572838069316 neg 0.3233602303925773	false	0.5
steuerhinterziehung	neg 1.0		off 0.33895816594627515 neg 0.33471668957526296 __DUMMY__ 0.3263251444784619	false	0.5
unwichtig	neg 1.0		off 0.34468635158978433 neg 0.3290594007211132 __DUMMY__ 0.32625424768910244	false	0.5
schock	neg 1.0		off 0.34385235824160904 neg 0.3293863842868246 __DUMMY__ 0.3267612574715663	false	0.5
vergelten	neg 1.0		off 0.3414280308185445 neg 0.33310124984993816 __DUMMY__ 0.3254707193315175	false	0.5
beule	neg 1.0		off 0.34748718949664464 neg 0.32676789353985686 __DUMMY__ 0.3257449169634985	false	0.5
verdorbenheit	neg 1.0		off 0.34152086082911853 neg 0.3301325310944666 __DUMMY__ 0.32834660807641475	false	0.5
trauma			off 0.3710822841685134 neg 0.3324552569844521 __DUMMY__ 0.2964624588470344	false	0.0
sinnlos	neg 1.0		off 0.344622101268101 neg 0.3291797498438975 __DUMMY__ 0.3261981488880014	false	0.5
fettsack	off 1.0		off 0.3502181327042118 __DUMMY__ 0.32524701487501806 neg 0.3245348524207702	false	1.0
feige	off 1.0		off 0.344631466938381 neg 0.3290166954913099 __DUMMY__ 0.32635183757030917	false	1.0
abdanken	neg 1.0		off 0.3421076659153796 neg 0.33164819028001674 __DUMMY__ 0.3262441438046037	false	0.5
wichtigtuer	off 1.0	off 1.0	off 0.6611262314892055 neg 0.1819181393599926 __DUMMY__ 0.15695562915080186	false	1.0
misslingen	neg 1.0		off 0.3440153372990225 neg 0.32994040110543155 __DUMMY__ 0.3260442615955459	false	0.5
untreu	off 1.0		off 0.3447109489527591 neg 0.32895411442126316 __DUMMY__ 0.32633493662597773	false	1.0
missmutig	neg 1.0		off 0.3439285162683277 neg 0.32953163717418726 __DUMMY__ 0.326539846557485	false	0.5
hurenbock	off 1.0		off 0.3504667035283504 neg 0.3250695542223121 __DUMMY__ 0.32446374224933744	false	1.0
betrunken	neg 1.0		off 0.3466638612022669 neg 0.32763384509727794 __DUMMY__ 0.325702293700455	false	0.5
korrupt	off 1.0		off 0.34193269855444397 neg 0.3319106959337453 __DUMMY__ 0.32615660551181075	false	1.0
unmut	neg 1.0		off 0.3405026712492302 neg 0.3328295233333656 __DUMMY__ 0.32666780541740414	false	0.5
hackfresse	off 1.0		off 0.3475521706992001 neg 0.3269766168216581 __DUMMY__ 0.32547121247914185	false	1.0
aufblasen	neg 1.0		off 0.34461149391729506 neg 0.3291179078666914 __DUMMY__ 0.32627059821601356	false	0.5
gewaltsam	neg 1.0		off 0.33981741703410945 neg 0.33365908462607735 __DUMMY__ 0.32652349833981315	false	0.5
unbeliebtheit	neg 1.0		off 0.33890236083647995 neg 0.33451576086301177 __DUMMY__ 0.3265818783005082	false	0.5
sturheit	neg 1.0		off 0.3419200764453342 neg 0.3316578818525471 __DUMMY__ 0.3264220417021187	false	0.5
kuh	neg 1.0		off 0.3509169189415063 __DUMMY__ 0.32498390827219814 neg 0.3240991727862957	false	0.5
erschrecken	neg 1.0		off 0.3451340038501267 neg 0.3287312216970705 __DUMMY__ 0.3261347744528028	false	0.5
opfer	neg 1.0		off 0.3423721616012134 neg 0.33104988888584624 __DUMMY__ 0.3265779495129402	false	0.5
stinktier	neg 1.0		off 0.3505965903508171 __DUMMY__ 0.3249324652148236 neg 0.32447094443435925	false	0.5
sinken	neg 1.0		off 0.3386634520989431 neg 0.33387555403385427 __DUMMY__ 0.3274609938672028	false	0.5
tucke	off 1.0		off 0.3497570494195088 neg 0.3256149635674127 __DUMMY__ 0.32462798701307854	false	1.0
abstieg	neg 1.0		off 0.3403100899355777 neg 0.3328093348599385 __DUMMY__ 0.3268805752044839	false	0.5
missverstehen	neg 1.0		off 0.34395449584190113 neg 0.3296334260037458 __DUMMY__ 0.32641207815435314	false	0.5
ergebnislos	neg 1.0		off 0.3383944882708846 neg 0.33461436008228307 __DUMMY__ 0.3269911516468323	false	0.5
manipulieren	neg 1.0		off 0.3421470642906217 neg 0.3316955679296091 __DUMMY__ 0.3261573677797691	false	0.5
verschleppen	neg 1.0		off 0.33901478011249553 neg 0.3343450007746798 __DUMMY__ 0.32664021911282465	false	0.5
unbewiesen	neg 1.0		off 0.3404819087672512 neg 0.3329549542840863 __DUMMY__ 0.3265631369486625	false	0.5
weib	off 1.0		off 0.349556512166747 neg 0.3254149095901754 __DUMMY__ 0.3250285782430776	false	1.0
opposition	neg 1.0		off 0.3374796993154925 neg 0.33676810466320667 __DUMMY__ 0.32575219602130084	false	0.5
verkehrswidrig	neg 1.0		off 0.3394145348143164 neg 0.334961707691388 __DUMMY__ 0.32562375749429556	false	0.5
inkorrekt	neg 1.0		off 0.34449359879902236 neg 0.32926794336820114 __DUMMY__ 0.3262384578327765	false	0.5
vermeiden	neg 1.0		off 0.3402043538039873 neg 0.33284021351724524 __DUMMY__ 0.32695543267876764	false	0.5
abweichung	neg 1.0		off 0.33991248852295697 neg 0.33318890345543023 __DUMMY__ 0.32689860802161275	false	0.5
alkoholisiert	neg 1.0		off 0.3425566071399899 neg 0.3309695888654144 __DUMMY__ 0.3264738039945957	false	0.5
scheiss	off 1.0	off 1.0	off 0.6626933033384798 neg 0.1803126253097399 __DUMMY__ 0.15699407135178028	false	1.0
herausforderung	neg 1.0		off 0.34088911697125696 neg 0.3319836895705284 __DUMMY__ 0.32712719345821467	false	0.5
pervers	off 1.0		off 0.3494198757572295 neg 0.3257093078810769 __DUMMY__ 0.3248708163616937	false	1.0
wackelig	neg 1.0		off 0.34422475408829867 neg 0.3294072237768386 __DUMMY__ 0.32636802213486266	false	0.5
verwickeln	neg 1.0		off 0.34367670112805593 neg 0.32978674720413126 __DUMMY__ 0.32653655166781276	false	0.5
vorwand	neg 1.0		off 0.34200017744687733 neg 0.33171066883568523 __DUMMY__ 0.3262891537174374	false	0.5
muschi	off 1.0		off 0.3545308185850654 __DUMMY__ 0.32395327662306644 neg 0.32151590479186826	false	1.0
entmutigung	neg 1.0		off 0.3394716720829053 neg 0.3342077844259944 __DUMMY__ 0.3263205434911003	false	0.5
unstetig	neg 1.0		off 0.3423980485381064 neg 0.33121993960354823 __DUMMY__ 0.32638201185834526	false	0.5
unangemessen	neg 1.0		off 0.34223714697834184 neg 0.33132496126900013 __DUMMY__ 0.3264378917526581	false	0.5
entmutigen	neg 1.0		off 0.3440256717800719 neg 0.32951885024651645 __DUMMY__ 0.32645547797341173	false	0.5
schwanz	neg 1.0		off 0.3525118815532496 neg 0.32394579978123916 __DUMMY__ 0.32354231866551114	false	0.5
verbot	neg 1.0		off 0.3395937665397096 neg 0.33404405424890043 __DUMMY__ 0.3263621792113898	false	0.5
leid	neg 1.0		off 0.34705122463105054 neg 0.32716568166488535 __DUMMY__ 0.32578309370406416	false	0.5
archaisch	neg 1.0		off 0.3423959884471617 neg 0.33127552660913306 __DUMMY__ 0.3263284849437052	false	0.5
scheidung	neg 1.0		off 0.33722316676045555 neg 0.33584619582724345 __DUMMY__ 0.32693063741230105	false	0.5
abgestanden	neg 1.0		off 0.34573819271658784 neg 0.3277091091542394 __DUMMY__ 0.3265526981291728	false	0.5
einschlag	neg 1.0		off 0.3397683113870827 neg 0.33342404018864386 __DUMMY__ 0.3268076484242733	false	0.5
schmierig	off 1.0		off 0.3466149177721157 neg 0.32746857410692204 __DUMMY__ 0.3259165081209622	false	1.0
unpraktisch	neg 1.0		off 0.3456405643251939 neg 0.3282673526678706 __DUMMY__ 0.3260920830069355	false	0.5
wixxer	off 1.0		off 0.3505352134808017 __DUMMY__ 0.3251085284998516 neg 0.3243562580193468	false	1.0
jammerlappen	off 1.0		off 0.34471646614933443 neg 0.3290790632291852 __DUMMY__ 0.32620447062148034	false	1.0
farce	neg 1.0		off 0.3396317469438415 neg 0.33389561506117216 __DUMMY__ 0.3264726379949863	false	0.5
zwecklos	neg 1.0		off 0.34236313030399146 neg 0.33106785896555696 __DUMMY__ 0.32656901073045164	false	0.5
turbulent	neg 1.0		off 0.3418321599712147 neg 0.33226044072157124 __DUMMY__ 0.3259073993072141	false	0.5
schuld	neg 1.0		off 0.34389954880383883 neg 0.32994978113343004 __DUMMY__ 0.32615067006273096	false	0.5
risiko	neg 1.0		off 0.3378125444301536 neg 0.3346007545851118 __DUMMY__ 0.32758670098473464	false	0.5
invasion	neg 1.0		neg 0.35100645434353556 off 0.32992156282727164 __DUMMY__ 0.31907198282919286	false	1.0
finster	neg 1.0		off 0.3460283668931214 neg 0.32759852638090764 __DUMMY__ 0.32637310672597103	false	0.5
geisteskrank	off 1.0		off 0.3446397985895917 neg 0.3290103132189944 __DUMMY__ 0.3263498881914139	false	1.0
ausbeute	neg 1.0		off 0.3425342157057633 neg 0.3295598012211683 __DUMMY__ 0.32790598307306845	false	0.5
zusammenbrechen	neg 1.0		off 0.34320677484309703 neg 0.33057046859470435 __DUMMY__ 0.3262227565621985	false	0.5
hinterhalt	neg 1.0		off 0.3422782395783033 neg 0.33117849029528773 __DUMMY__ 0.32654327012640894	false	0.5
kritik	neg 1.0		off 0.3399197002518537 neg 0.3336902829056268 __DUMMY__ 0.3263900168425194	false	0.5
einschrumpfen	neg 1.0		off 0.33964436589739455 neg 0.3360943894466531 __DUMMY__ 0.32426124465595246	false	0.5
riskant	neg 1.0		off 0.3423978852879774 neg 0.33108906640599706 __DUMMY__ 0.32651304830602557	false	0.5
frustrieren	neg 1.0		off 0.34281487921823883 neg 0.3306006802106388 __DUMMY__ 0.3265844405711223	false	0.5
groll	neg 1.0		off 0.34213095267840965 neg 0.33125917857824255 __DUMMY__ 0.32660986874334785	false	0.5
qualvoll	neg 1.0		off 0.3447154087817473 neg 0.3293690537155098 __DUMMY__ 0.3259155375027429	false	0.5
wackeln	neg 1.0		off 0.3441573765545817 neg 0.3292623784145829 __DUMMY__ 0.32658024503083544	false	0.5
klagen	neg 1.0		off 0.3402348863470682 neg 0.33330103149133555 __DUMMY__ 0.3264640821615963	false	0.5
trauern	neg 1.0		off 0.342637865652234 neg 0.3309205185601353 __DUMMY__ 0.3264416157876307	false	0.5
ablehnung	neg 1.0		off 0.33941686911372154 neg 0.33401847324822026 __DUMMY__ 0.3265646576380582	false	0.5
bankrott	neg 1.0		neg 0.3394086829223314 off 0.33513126103896074 __DUMMY__ 0.32546005603870787	false	1.0
stur	neg 1.0		off 0.34350315382079605 neg 0.33034767520942654 __DUMMY__ 0.3261491709697775	false	0.5
aufruhr	neg 1.0		off 0.3382226202928534 neg 0.33462155698471785 __DUMMY__ 0.3271558227224289	false	0.5
melancholie	neg 1.0		off 0.3452671372878053 neg 0.32842102707410786 __DUMMY__ 0.32631183563808697	false	0.5
torheit	neg 1.0		off 0.3416509896376336 neg 0.3319036206432937 __DUMMY__ 0.3264453897190727	false	0.5
dreckskind	off 1.0		off 0.35314052601111257 __DUMMY__ 0.3243984046441684 neg 0.3224610693447189	false	1.0
umtauschen	neg 1.0		off 0.3455783664101058 neg 0.32848436588659174 __DUMMY__ 0.3259372677033024	false	0.5
zersetzen	neg 1.0		off 0.34125834609739963 neg 0.33222338207524255 __DUMMY__ 0.3265182718273579	false	0.5
frust	neg 1.0		off 0.34309008964243515 neg 0.33062644260471313 __DUMMY__ 0.32628346775285166	false	0.5
unerbittlichkeit	neg 1.0		off 0.341309312439863 neg 0.3321483457748424 __DUMMY__ 0.32654234178529457	false	0.5
unkorrekt	neg 1.0		off 0.34496041620662016 neg 0.329199753609165 __DUMMY__ 0.32583983018421503	false	0.5
hexe	off 1.0		off 0.3475729697899906 __DUMMY__ 0.3264187258016344 neg 0.3260083044083749	false	1.0
lasch	neg 1.0		off 0.34363564137475333 neg 0.33003123655190675 __DUMMY__ 0.32633312207334003	false	0.5
rivale	neg 1.0		off 0.33821220158292664 neg 0.3357687823156082 __DUMMY__ 0.3260190161014652	false	0.5
mutlos	off 1.0		off 0.3417617806955745 neg 0.3316977420609392 __DUMMY__ 0.3265404772434862	false	1.0
wirr	off 1.0		off 0.34682716955725795 neg 0.3279201148260741 __DUMMY__ 0.32525271561666796	false	1.0
strafbar	neg 1.0		off 0.3421024532072702 neg 0.33133572020863 __DUMMY__ 0.32656182658409993	false	0.5
erosion	neg 1.0	neg 1.0	neg 0.65090038971399 off 0.188272203629277 __DUMMY__ 0.16082740665673298	false	1.0
eingehen	neg 1.0		off 0.3424395811948379 neg 0.33106394551791074 __DUMMY__ 0.32649647328725123	false	0.5
faul	off 1.0		off 0.34690469466132656 neg 0.32746987565501917 __DUMMY__ 0.32562542968365427	false	1.0
provisorium	neg 1.0		off 0.34128407448456716 neg 0.3317983578247375 __DUMMY__ 0.32691756769069524	false	0.5
schmerzen	neg 1.0		off 0.3454579846760154 neg 0.328846918829558 __DUMMY__ 0.3256950964944265	false	0.5
schrumpfen	neg 1.0		off 0.3400281988139148 neg 0.33301721217929026 __DUMMY__ 0.326954589006795	false	0.5
geistlos	off 1.0		off 0.3433440993468621 neg 0.330343891494964 __DUMMY__ 0.3263120091581738	false	1.0
frustrierend	neg 1.0		off 0.34493328405188267 neg 0.3286486946278092 __DUMMY__ 0.32641802132030817	false	0.5
fehlkauf	neg 1.0		off 0.3424561289331573 neg 0.32987127471967814 __DUMMY__ 0.3276725963471646	false	0.5
unzufrieden	neg 1.0		off 0.3423537749097762 neg 0.3310415563156801 __DUMMY__ 0.3266046687745438	false	0.5
verzweifeln	neg 1.0		off 0.3434694610142343 neg 0.33016108613321643 __DUMMY__ 0.3263694528525493	false	0.5
verzweifelt	neg 1.0		off 0.3441139157991291 neg 0.32943560987642717 __DUMMY__ 0.3264504743244437	false	0.5
misstrauensantrag	neg 1.0		off 0.3379445267769918 neg 0.33646119823383663 __DUMMY__ 0.3255942749891715	false	0.5
abfallen	neg 1.0		off 0.34565482248097695 neg 0.3284233160692184 __DUMMY__ 0.3259218614498048	false	0.5
fucker	off 1.0		__DUMMY__ 0.4511753547771557 off 0.3371050448250443 neg 0.2117196003978001	false	1.0
ungezogen	neg 1.0		off 0.3477169308961587 neg 0.3268241011264262 __DUMMY__ 0.32545896797741514	false	0.5
irrsinnig	neg 1.0		off 0.3441756957661755 neg 0.3295495600167071 __DUMMY__ 0.32627474421711744	false	0.5
hart	neg 1.0		off 0.3515667482324289 neg 0.3242464127547914 __DUMMY__ 0.32418683901277967	false	0.5
unfassbar	neg 1.0		off 0.34471111655811226 neg 0.3286968680328601 __DUMMY__ 0.3265920154090277	false	0.5
widerlich	off 1.0		off 0.3451007175372803 neg 0.3288546059803607 __DUMMY__ 0.3260446764823592	false	1.0
fatal			off 0.3439808733019096 neg 0.3347550474117943 __DUMMY__ 0.3212640792862962	false	0.0
bruch	neg 1.0		off 0.34099835014110974 neg 0.3321472667127128 __DUMMY__ 0.32685438314617765	false	0.5
aushungern	neg 1.0		off 0.3402275723154208 neg 0.3336433811164263 __DUMMY__ 0.32612904656815306	false	0.5
anspannung	neg 1.0		off 0.34204362113462333 neg 0.33117557130976805 __DUMMY__ 0.32678080755560857	false	0.5
kraftlos	neg 1.0		off 0.3432835666810272 neg 0.3302034681908793 __DUMMY__ 0.3265129651280934	false	0.5
grenzdebil	off 1.0		off 0.3456710848897936 neg 0.32841341726638407 __DUMMY__ 0.3259154978438223	false	1.0
unterwerfen	neg 1.0		off 0.3421931050997756 neg 0.33134084627006416 __DUMMY__ 0.3264660486301602	false	0.5
versenkung	neg 1.0		off 0.3423007154772324 neg 0.3310419683922645 __DUMMY__ 0.3266573161305031	false	0.5
entziehen	neg 1.0		off 0.341486956447169 neg 0.331828173715438 __DUMMY__ 0.32668486983739287	false	0.5
finanzkrise	neg 1.0		off 0.33685778773438074 neg 0.33639226813201106 __DUMMY__ 0.3267499441336082	false	0.5
schimpfend	neg 1.0		off 0.34513715529156525 neg 0.32897836677760406 __DUMMY__ 0.3258844779308307	false	0.5
profan	neg 1.0		off 0.34446988483506125 neg 0.32915626843603885 __DUMMY__ 0.3263738467288999	false	0.5
korruption	neg 1.0		off 0.3391195092031403 neg 0.33445842832257894 __DUMMY__ 0.32642206247428074	false	0.5
schmutzig	neg 1.0		off 0.3458727510043434 neg 0.32818261268314725 __DUMMY__ 0.32594463631250936	false	0.5
abraten	neg 1.0		off 0.3449993890654122 neg 0.3287110784083349 __DUMMY__ 0.3262895325262529	false	0.5
sexy	neg 1.0		off 0.3632996808004607 neg 0.33705101129103254 __DUMMY__ 0.29964930790850675	false	0.5
fotze	off 1.0		off 0.3564846477802116 __DUMMY__ 0.323099103198995 neg 0.3204162490207933	false	1.0
schwarz	neg 1.0		off 0.3430689036802032 neg 0.3304376720487481 __DUMMY__ 0.32649342427104866	false	0.5
verwirren	neg 1.0		off 0.34495751545538544 neg 0.3288689701308462 __DUMMY__ 0.3261735144137684	false	0.5
zahnlos	off 1.0		off 0.34239952379557015 neg 0.3308460959578825 __DUMMY__ 0.32675438024654735	false	1.0
verheeren	neg 1.0		neg 0.33711210184881163 off 0.3365690450532487 __DUMMY__ 0.32631885309793957	false	1.0
rammen	neg 1.0		off 0.34598671887530097 neg 0.32796557241714064 __DUMMY__ 0.3260477087075585	false	0.5
unlauter	neg 1.0		off 0.3389864021799838 neg 0.33491494161379926 __DUMMY__ 0.3260986562062169	false	0.5
unheilvoll	neg 1.0		off 0.34439074991836693 neg 0.32974954398197165 __DUMMY__ 0.3258597060996614	false	0.5
niedrig	neg 1.0		off 0.33906810495435613 neg 0.333121557099882 __DUMMY__ 0.3278103379457618	false	0.5
weichei	off 1.0		off 0.34761078324078676 neg 0.3267273547248645 __DUMMY__ 0.3256618620343486	false	1.0
explosion	neg 1.0		neg 0.3430974173283905 off 0.333311396998437 __DUMMY__ 0.32359118567317263	false	1.0
minusmensch	off 1.0		off 0.3524204841846345 __DUMMY__ 0.3250326254667965 neg 0.322546890348569	false	1.0
farblos	neg 1.0		off 0.343344885470622 neg 0.3291256092679275 __DUMMY__ 0.3275295052614506	false	0.5
unwissend	neg 1.0		off 0.3450535354672682 neg 0.3288154934504779 __DUMMY__ 0.3261309710822538	false	0.5
traurig	neg 1.0		off 0.34614683701208815 neg 0.32788844805760126 __DUMMY__ 0.32596471493031054	false	0.5
senkung	neg 1.0		neg 0.3391790338611478 off 0.3348179900026871 __DUMMY__ 0.32600297613616513	false	1.0
ungleich	neg 1.0		off 0.341950125066679 neg 0.33157650364622254 __DUMMY__ 0.32647337128709836	false	0.5
heikel	neg 1.0		off 0.3421721505669231 neg 0.3314481500429573 __DUMMY__ 0.32637969939011946	false	0.5
drosselung	neg 1.0		neg 0.33788728143356617 off 0.33570853432381154 __DUMMY__ 0.32640418424262235	false	1.0
falsch	neg 1.0		off 0.34497242810664036 neg 0.32886973937380465 __DUMMY__ 0.326157832519555	false	0.5
unzufriedenheit	neg 1.0		off 0.3412853283710257 neg 0.33218134078792627 __DUMMY__ 0.32653333084104796	false	0.5
kurz	neg 1.0		off 0.3445898478822321 neg 0.3289503856501504 __DUMMY__ 0.3264597664676175	false	0.5
unsinnig	neg 1.0		off 0.34283781829183635 neg 0.33093204805830395 __DUMMY__ 0.3262301336498597	false	0.5
penner	off 1.0		off 0.34731768046722866 neg 0.32705391097045805 __DUMMY__ 0.32562840856231323	false	1.0
seicht	neg 1.0		off 0.34567386848909104 neg 0.328105580194929 __DUMMY__ 0.3262205513159798	false	0.5
dummheit	off 1.0		off 0.34372355228416035 neg 0.3300799399174972 __DUMMY__ 0.3261965077983425	false	1.0
unerfreulich	neg 1.0		off 0.34203905819076885 neg 0.3313724309635595 __DUMMY__ 0.32658851084567164	false	0.5
pikiert	neg 1.0		off 0.34482370627738096 neg 0.32895662211907856 __DUMMY__ 0.3262196716035404	false	0.5
motherfucker	off 1.0		__DUMMY__ 0.43743522912659205 off 0.33655343512447966 neg 0.2260113357489282	false	1.0
wrack	neg 1.0		off 0.34223203971373034 neg 0.33100536031744787 __DUMMY__ 0.3267625999688219	false	0.5
gangster	neg 1.0		__DUMMY__ 0.3772540920407532 off 0.35108489468016285 neg 0.271661013279084	false	0.5
krank	neg 1.0		off 0.34651815775190353 neg 0.32757220065659653 __DUMMY__ 0.3259096415914998	false	0.5
reich	neg 1.0		off 0.3421580768219622 neg 0.3311612269278419 __DUMMY__ 0.3266806962501959	false	0.5
gnadenlos	neg 1.0		off 0.34403864034985016 neg 0.3295010017092755 __DUMMY__ 0.32646035794087447	false	0.5
niedergeschlagen	neg 1.0		off 0.34322919708020333 neg 0.33029495730659447 __DUMMY__ 0.32647584561320225	false	0.5
terrorisieren	off 1.0	off 1.0	off 0.6601840345480251 neg 0.1825307436834768 __DUMMY__ 0.15728522176849802	false	1.0
sinnlosigkeit	neg 1.0		off 0.3426267640516389 neg 0.33102030257928916 __DUMMY__ 0.32635293336907206	false	0.5
behindern	neg 1.0		off 0.33916088426925706 neg 0.3340905960069808 __DUMMY__ 0.32674851972376195	false	0.5
undemokratisch	neg 1.0		off 0.34113471729627776 neg 0.3330522316743059 __DUMMY__ 0.3258130510294163	false	0.5
wirtschaftskrise	neg 1.0		off 0.3376502331649095 neg 0.33536144813630714 __DUMMY__ 0.32698831869878325	false	0.5
neid	neg 1.0		off 0.3448362043224863 neg 0.32856523382818437 __DUMMY__ 0.3265985618493294	false	0.5
rutschen	neg 1.0		off 0.34309758831462117 neg 0.3299211406026958 __DUMMY__ 0.3269812710826831	false	0.5
rezession	neg 1.0		neg 0.33701859211050633 off 0.3359009051390758 __DUMMY__ 0.3270805027504178	false	1.0
fehlgeburt	neg 1.0		off 0.34522513454151094 neg 0.3291204796938386 __DUMMY__ 0.32565438576465033	false	0.5
charakterschwach	off 1.0		off 0.3445902398731681 neg 0.32923122724826637 __DUMMY__ 0.32617853287856563	false	1.0
isolation	neg 1.0		neg 0.3471924784415784 off 0.33150126099420246 __DUMMY__ 0.32130626056421907	false	1.0
ablenkung	neg 1.0		off 0.3441224210927037 neg 0.3296072936160579 __DUMMY__ 0.3262702852912384	false	0.5
pech	neg 1.0		off 0.3459066691473155 neg 0.32777567656713086 __DUMMY__ 0.3263176542855536	false	0.5
dominieren	neg 1.0		off 0.33848432151350993 neg 0.3340355598784913 __DUMMY__ 0.32748011860799864	false	0.5
vermeidung	neg 1.0		neg 0.3393873415867362 off 0.334871579450501 __DUMMY__ 0.3257410789627628	false	1.0
schwindlig	neg 1.0		off 0.3471861492771522 neg 0.32710325989133027 __DUMMY__ 0.3257105908315176	false	0.5
lutscher	neg 1.0		off 0.35083077532964024 __DUMMY__ 0.32491500033744497 neg 0.3242542243329148	false	0.5
pflicht	neg 1.0		off 0.341830595686241 neg 0.331497098632617 __DUMMY__ 0.3266723056811419	false	0.5
faschist	off 1.0		off 0.34337107168496156 neg 0.3305435171181653 __DUMMY__ 0.32608541119687295	false	1.0
verschleudern	neg 1.0		off 0.33947928261372856 neg 0.33382365462824864 __DUMMY__ 0.32669706275802274	false	0.5
ehebruch	neg 1.0		off 0.34248625096860974 neg 0.3310093321656064 __DUMMY__ 0.32650441686578385	false	0.5
trostlosigkeit	neg 1.0		off 0.3415806463717287 neg 0.33187316916062365 __DUMMY__ 0.32654618446764766	false	0.5
lutschen	neg 1.0		off 0.35151763268198755 neg 0.324484179530429 __DUMMY__ 0.3239981877875834	false	0.5
spott	off 1.0		off 0.34187409602175534 neg 0.3316253698069727 __DUMMY__ 0.326500534171272	false	1.0
undiszipliniert	neg 1.0		off 0.3461380370185598 neg 0.32803611785734704 __DUMMY__ 0.3258258451240931	false	0.5
kopfschmerz	neg 1.0		off 0.3450460897951791 neg 0.32929817660130944 __DUMMY__ 0.3256557336035114	false	0.5
unvorhergesehen	neg 1.0		off 0.3436719538885739 neg 0.32969095877977805 __DUMMY__ 0.326637087331648	false	0.5
desinteressiert	neg 1.0		off 0.3459017522983049 neg 0.3280410494742821 __DUMMY__ 0.32605719822741314	false	0.5
armselig	off 1.0		off 0.3445942518531776 neg 0.3289723301312838 __DUMMY__ 0.3264334180155386	false	1.0
tod	neg 1.0		off 0.34166286331971185 neg 0.3316698189359962 __DUMMY__ 0.3266673177442921	false	0.5
desaster	neg 1.0		off 0.3401895834644343 neg 0.33304074146303325 __DUMMY__ 0.3267696750725325	false	0.5
herzlos	neg 1.0		off 0.3458959126182312 neg 0.32803009066831657 __DUMMY__ 0.3260739967134523	false	0.5
unwissenheit	neg 1.0		off 0.34194846845355376 neg 0.33186134138722356 __DUMMY__ 0.32619019015922274	false	0.5
widersinnig	neg 1.0		off 0.34076836173787234 neg 0.33295975324574406 __DUMMY__ 0.32627188501638354	false	0.5
bedenklich	neg 1.0		off 0.34213522053197776 neg 0.3314651568487153 __DUMMY__ 0.32639962261930705	false	0.5
beanstanden	neg 1.0		off 0.34135702222335107 neg 0.33194079782194075 __DUMMY__ 0.3267021799547082	false	0.5
panisch	neg 1.0		off 0.34524265759342304 neg 0.328812540847301 __DUMMY__ 0.32594480155927597	false	0.5
abstrich	neg 1.0		off 0.34498589655069845 neg 0.3295805063383536 __DUMMY__ 0.3254335971109478	false	0.5
debil	off 1.0		off 0.3582791352758488 __DUMMY__ 0.3215701128178471 neg 0.3201507519063042	false	1.0
primitiv	neg 1.0		off 0.344933791611507 neg 0.3285917283786999 __DUMMY__ 0.3264744800097931	false	0.5
abschaum	off 1.0		off 0.34436503918885547 neg 0.329388187879303 __DUMMY__ 0.32624677293184146	false	1.0
tot	neg 1.0		off 0.3454251574755248 neg 0.3286706044426525 __DUMMY__ 0.3259042380818227	false	0.5
provozieren	neg 1.0		off 0.3436348363714265 neg 0.33005144091812255 __DUMMY__ 0.326313722710451	false	0.5
instabil	neg 1.0		off 0.3428845681172337 neg 0.3301737160007668 __DUMMY__ 0.3269417158819995	false	0.5
schwuchtel	off 1.0		off 0.3515401933415182 __DUMMY__ 0.32450776532260184 neg 0.32395204133587996	false	1.0
zerren	neg 1.0		off 0.34346202161739775 neg 0.33022345144881005 __DUMMY__ 0.3263145269337923	false	0.5
kinderficker	off 1.0		off 0.34498510049091036 neg 0.3292685972524159 __DUMMY__ 0.3257463022566737	false	1.0
gefahr	neg 1.0		off 0.33888543786590647 neg 0.334098745833242 __DUMMY__ 0.3270158163008515	false	0.5
rabiat	neg 1.0		off 0.34357378968455 neg 0.32987398842927895 __DUMMY__ 0.32655222188617106	false	0.5
verlangsamung	neg 1.0		off 0.3370067476754937 neg 0.33533447648579606 __DUMMY__ 0.32765877583871017	false	0.5
anklagen	neg 1.0		off 0.33910595946055155 neg 0.3345497864770247 __DUMMY__ 0.3263442540624237	false	0.5
ausgestorben	neg 1.0		off 0.3430426188566542 neg 0.3301814609266775 __DUMMY__ 0.32677592021666835	false	0.5
verminderung	neg 1.0		neg 0.3393725643303591 off 0.3345687211874658 __DUMMY__ 0.32605871448217516	false	1.0
rost	neg 1.0		off 0.3399477682535605 neg 0.3315260844167654 __DUMMY__ 0.32852614732967406	false	0.5
destruktiv	neg 1.0		off 0.3425945380411005 neg 0.33108604411599196 __DUMMY__ 0.3263194178429075	false	0.5
unzumutbarkeit	neg 1.0		off 0.33897891306623323 neg 0.334361478725324 __DUMMY__ 0.3266596082084428	false	0.5
labil	off 1.0	off 1.0	off 0.7411452804510744 neg 0.1317874956740023 __DUMMY__ 0.1270672238749233	false	1.0
ziemlich	neg 1.0		off 0.3459808136473977 neg 0.3279394842602144 __DUMMY__ 0.3260797020923879	false	0.5
lachnummer	off 1.0		off 0.3426082011382717 neg 0.330852808274172 __DUMMY__ 0.32653899058755637	false	1.0
ausgrenzung	neg 1.0		off 0.33973035773539967 neg 0.333980778645171 __DUMMY__ 0.3262888636194293	false	0.5
verfall	neg 1.0		off 0.34019410773091696 neg 0.3331364790011793 __DUMMY__ 0.3266694132679038	false	0.5
unordnung	neg 1.0	neg 1.0	neg 0.6501373964715572 off 0.1911150208469037 __DUMMY__ 0.15874758268153918	false	1.0
fehlverhalten	neg 1.0		off 0.34127381815938973 neg 0.3322471665838201 __DUMMY__ 0.32647901525679013	false	0.5
nille	neg 1.0		off 0.35907494828612935 __DUMMY__ 0.3219609455580687 neg 0.31896410615580195	false	0.5
qual	neg 1.0		off 0.3527851918310328 neg 0.3462436315259892 __DUMMY__ 0.300971176642978	false	0.5
riesig	neg 1.0		off 0.34941213609053434 __DUMMY__ 0.3261762673727704 neg 0.32441159653669543	false	0.5
verschwenden	neg 1.0		off 0.34273942684971515 neg 0.3308793581840007 __DUMMY__ 0.32638121496628403	false	0.5
verurteilen	neg 1.0		off 0.3419150701960463 neg 0.3318092175565728 __DUMMY__ 0.326275712247381	false	0.5
klischee	neg 1.0		off 0.344429458354827 neg 0.32919233756629834 __DUMMY__ 0.3263782040788746	false	0.5
diktatorisch	neg 1.0		off 0.3415286121185724 neg 0.3325813192341763 __DUMMY__ 0.3258900686472513	false	0.5
vorhersehbar	neg 1.0		off 0.3437959146315701 neg 0.3295934981048674 __DUMMY__ 0.3266105872635625	false	0.5
stornieren	neg 1.0		off 0.3418846977008213 neg 0.3317687997691625 __DUMMY__ 0.3263465025300161	false	0.5
besteuerung	neg 1.0		neg 0.3379243384396637 off 0.33549242354530506 __DUMMY__ 0.3265832380150312	false	1.0
ungeschminkt	neg 1.0		off 0.34971075394343837 neg 0.32553261727696503 __DUMMY__ 0.32475662877959666	false	0.5
kritisch	neg 1.0		off 0.3418405446159176 neg 0.3316576060184498 __DUMMY__ 0.3265018493656324	false	0.5
schlamperei	off 1.0		off 0.339305408837534 neg 0.3340911512804733 __DUMMY__ 0.32660343988199264	false	1.0
sucht	neg 1.0		off 0.3423646526296786 neg 0.329554638309726 __DUMMY__ 0.3280807090605954	false	0.5
egoistisch	off 1.0		off 0.3462197416737004 neg 0.32807634609567754 __DUMMY__ 0.32570391223062195	false	1.0
ausbeuter	off 1.0		off 0.3413823088163062 neg 0.3321431741986972 __DUMMY__ 0.3264745169849967	false	1.0
arschgeburt			off 0.3526155303141092 __DUMMY__ 0.32415594463984354 neg 0.3232285250460472	false	0.0
schubs	neg 1.0		off 0.3464660865365229 neg 0.32806146646805817 __DUMMY__ 0.32547244699541905	false	0.5
unsolide	neg 1.0		off 0.3412454623538766 neg 0.3327596965422096 __DUMMY__ 0.3259948411039138	false	0.5
beschwerde	neg 1.0		off 0.3395260529586058 neg 0.33420967469941365 __DUMMY__ 0.3262642723419806	false	0.5
stocken	neg 1.0		off 0.3377241515017036 neg 0.334908025702595 __DUMMY__ 0.3273678227957014	false	0.5
isolieren	neg 1.0		off 0.33855479882386974 neg 0.3346136776934967 __DUMMY__ 0.3268315234826335	false	0.5
unheilbar	neg 1.0		off 0.34338051649363927 neg 0.33028726779293954 __DUMMY__ 0.32633221571342114	false	0.5
pisser	off 1.0		off 0.3525673355961329 __DUMMY__ 0.32424783515575645 neg 0.32318482924811076	false	1.0
löschen	neg 1.0		off 0.3461208079724894 neg 0.3317346041499067 __DUMMY__ 0.32214458787760397	false	0.5
durchfallen	neg 1.0		off 0.3426501631996983 neg 0.3311083176127522 __DUMMY__ 0.3262415191875494	false	0.5
wichser	off 1.0		off 0.34763449459693735 neg 0.32673320049430304 __DUMMY__ 0.32563230490875966	false	1.0
terror	neg 1.0		neg 0.3407315388371182 off 0.33588163583082226 __DUMMY__ 0.3233868253320595	false	1.0
krass	neg 1.0		off 0.34951976657012224 neg 0.3254822271980824 __DUMMY__ 0.3249980062317952	false	0.5
revolte	neg 1.0		off 0.33819251051114946 neg 0.3349381565529091 __DUMMY__ 0.32686933293594145	false	0.5
besorgt	neg 1.0		off 0.34350018273100485 neg 0.3301415035168239 __DUMMY__ 0.3263583137521712	false	0.5
nachlassen	neg 1.0		off 0.3418711200221822 neg 0.3314548684417837 __DUMMY__ 0.3266740115360341	false	0.5
alt	neg 1.0		off 0.34691298029520845 __DUMMY__ 0.326602407818743 neg 0.32648461188604866	false	0.5
hundesohn	off 1.0		off 0.35500580637148194 __DUMMY__ 0.3233613164746722 neg 0.321632877153846	false	1.0
abschreckung	neg 1.0		off 0.3407856166374463 neg 0.33277364876366067 __DUMMY__ 0.326440734598893	false	0.5
unqualifiziert	neg 1.0		off 0.3434828509625502 neg 0.3304823856467438 __DUMMY__ 0.3260347633907061	false	0.5
abgewichst	off 1.0		off 0.35674939632015723 __DUMMY__ 0.32264723962386294 neg 0.3206033640559796	false	1.0
kapitulation	neg 1.0		off 0.339564489477235 neg 0.3337684397781824 __DUMMY__ 0.3266670707445826	false	0.5
schwer	neg 1.0		off 0.34373341430115656 neg 0.3297062622588603 __DUMMY__ 0.3265603234399831	false	0.5
bedeutungslosigkeit	neg 1.0		off 0.3412126926476687 neg 0.33209667664912346 __DUMMY__ 0.32669063070320786	false	0.5
unscharf	neg 1.0		off 0.34747386305774286 neg 0.3271308699471814 __DUMMY__ 0.3253952669950757	false	0.5
schwinden	neg 1.0		off 0.3382423448601574 neg 0.33465517881039447 __DUMMY__ 0.3271024763294481	false	0.5
versklavung	neg 1.0		off 0.3390171501681826 neg 0.3348494687477335 __DUMMY__ 0.3261333810840839	false	0.5
schlecht	neg 1.0		off 0.34542757137986485 neg 0.328405282850516 __DUMMY__ 0.3261671457696191	false	0.5
verhasst	neg 1.0		off 0.34300669214314794 neg 0.3305641646871396 __DUMMY__ 0.3264291431697124	false	0.5
beschweren	neg 1.0		off 0.3439768096217167 neg 0.32947604808301106 __DUMMY__ 0.3265471422952722	false	0.5
scheiden	neg 1.0		off 0.3439751188661252 neg 0.329423918533109 __DUMMY__ 0.3266009626007658	false	0.5
frustriert	neg 1.0		off 0.343355098611631 neg 0.33024822614262245 __DUMMY__ 0.32639667524574656	false	0.5
schimmelig	neg 1.0		off 0.3495942529455514 neg 0.3252769234089816 __DUMMY__ 0.3251288236454669	false	0.5
fisch	neg 1.0		off 0.3467937424134574 __DUMMY__ 0.3267242696270914 neg 0.32648198795945116	false	0.5
schmuggel	neg 1.0		off 0.34223731381609757 neg 0.3312103546516296 __DUMMY__ 0.326552331532273	false	0.5
auffallen	neg 1.0		off 0.34395471969669744 neg 0.32964437172719635 __DUMMY__ 0.3264009085761064	false	0.5
konkurrenz	neg 1.0		off 0.3414102923132833 neg 0.33191645093307215 __DUMMY__ 0.32667325675364456	false	0.5
teufelskreis	neg 1.0		off 0.3431340450001955 neg 0.33031697476161165 __DUMMY__ 0.3265489802381927	false	0.5
aufschreien	neg 1.0		off 0.3445751644020565 neg 0.3290217276543566 __DUMMY__ 0.3264031079435869	false	0.5
missgeburt	off 1.0		off 0.3525026838086003 __DUMMY__ 0.3245486100047656 neg 0.322948706186634	false	1.0
schuldner	neg 1.0		off 0.3385047044635543 neg 0.3347763508616245 __DUMMY__ 0.3267189446748212	false	0.5
befallen	neg 1.0		off 0.3411165847422522 neg 0.33297980295690444 __DUMMY__ 0.3259036123008433	false	0.5
arbeitslos	neg 1.0		off 0.34258451243664506 neg 0.33093320427311496 __DUMMY__ 0.32648228329024004	false	0.5
miesepetrig	off 1.0		off 0.3455521210838857 neg 0.3284350683514297 __DUMMY__ 0.32601281056468473	false	1.0
alarmieren	neg 1.0		off 0.3373530916102792 neg 0.3357306414980121 __DUMMY__ 0.32691626689170855	false	0.5
ungeduscht	off 1.0		off 0.3482039361787575 neg 0.32672744157555483 __DUMMY__ 0.3250686222456876	false	1.0
knappheit	neg 1.0		off 0.33850344752502726 neg 0.3345475223055393 __DUMMY__ 0.3269490301694335	false	0.5
schlange	neg 1.0		off 0.34440207764942493 neg 0.32906321145445766 __DUMMY__ 0.3265347108961175	false	0.5
harsch	neg 1.0		off 0.33909808890063303 neg 0.3345753402824665 __DUMMY__ 0.3263265708169004	false	0.5
lang	neg 1.0	neg 1.0	neg 0.6069635719797507 off 0.21634111608806447 __DUMMY__ 0.17669531193218482	false	1.0
ziellos	neg 1.0		off 0.34307535058270905 neg 0.3303119921243176 __DUMMY__ 0.32661265729297334	false	0.5
selbstverliebt	neg 1.0		off 0.34862350058497943 neg 0.3259256925882453 __DUMMY__ 0.3254508068267754	false	0.5
beseitigen	neg 1.0		off 0.33876104934482604 neg 0.33418429448283293 __DUMMY__ 0.3270546561723411	false	0.5
dumm	off 1.0		off 0.347053782022546 neg 0.3272159767963475 __DUMMY__ 0.3257302411811065	false	1.0
arbeitsloser	neg 1.0		off 0.34230153286139503 neg 0.3311312152846676 __DUMMY__ 0.3265672518539374	false	0.5
blitzen	neg 1.0		off 0.3435995040305391 neg 0.3289097292889479 __DUMMY__ 0.327490766680513	false	0.5
hilflos	neg 1.0		off 0.3434829633074538 neg 0.330352988735493 __DUMMY__ 0.32616404795705317	false	0.5
eklig	off 1.0		off 0.34881292531654023 neg 0.3259893797258384 __DUMMY__ 0.32519769495762135	false	1.0
hungersnot	neg 1.0		off 0.33920689278574334 neg 0.33378086624348935 __DUMMY__ 0.3270122409707674	false	0.5
ungesetzlich	neg 1.0		off 0.3407411329862499 neg 0.3330246922705703 __DUMMY__ 0.3262341747431797	false	0.5
verschwendung	neg 1.0		off 0.34229281181716686 neg 0.3312732061169683 __DUMMY__ 0.3264339820658649	false	0.5
schmerzvoll	neg 1.0		off 0.34460988708541124 neg 0.32918080717488074 __DUMMY__ 0.326209305739708	false	0.5
vorzeitig	neg 1.0		off 0.33733298360608 neg 0.3358402286396638 __DUMMY__ 0.3268267877542561	false	0.5
unvollkommenheit	neg 1.0		off 0.3430448023330096 neg 0.33054411576653103 __DUMMY__ 0.3264110819004593	false	0.5
intervenieren	neg 1.0		off 0.3408454358749043 neg 0.3328282035017989 __DUMMY__ 0.32632636062329673	false	0.5
banause	off 1.0		off 0.3475181141399964 neg 0.3270002162449114 __DUMMY__ 0.3254816696150922	false	1.0
rebell	neg 1.0		off 0.3526134456854826 neg 0.3241470240193036 __DUMMY__ 0.3232395302952138	false	0.5
unlogisch	neg 1.0		off 0.3458422450585322 neg 0.32828563874689676 __DUMMY__ 0.325872116194571	false	0.5
abschaffung	neg 1.0		off 0.3379344488420059 neg 0.3358856060830046 __DUMMY__ 0.3261799450749894	false	0.5
leiden	neg 1.0		off 0.34406810355355794 neg 0.3293775679993087 __DUMMY__ 0.32655432844713334	false	0.5
sturz	neg 1.0		off 0.33884453767134004 neg 0.3341602191973232 __DUMMY__ 0.3269952431313368	false	0.5
verkleinerung	neg 1.0		off 0.3369074275928428 neg 0.33648675318616694 __DUMMY__ 0.32660581922099036	false	0.5
schmarotzer	off 1.0		off 0.3427691588522462 neg 0.33095633409052067 __DUMMY__ 0.3262745070572333	false	1.0
bestrafung	neg 1.0		off 0.3441866488402004 neg 0.329477206573541 __DUMMY__ 0.3263361445862585	false	0.5
achtlos	neg 1.0		off 0.34345913098360525 neg 0.3303171470712277 __DUMMY__ 0.32622372194516697	false	0.5
ungeheuer	neg 1.0		off 0.34515675202389495 neg 0.3281984169363846 __DUMMY__ 0.3266448310397205	false	0.5
unaufrichtig	neg 1.0		off 0.34391699108379814 neg 0.3304610246746254 __DUMMY__ 0.3256219842415766	false	0.5
groggy	neg 1.0		off 0.3492083875602936 __DUMMY__ 0.32571067300729656 neg 0.32508093943240995	false	0.5
verletzlich	neg 1.0		off 0.3457349641651732 neg 0.3282263240648093 __DUMMY__ 0.32603871177001764	false	0.5
ablehnen	neg 1.0		off 0.3417818842623799 neg 0.3319542467360312 __DUMMY__ 0.32626386900158905	false	0.5
kollaps	neg 1.0		off 0.33697274347950484 neg 0.3362268077495282 __DUMMY__ 0.326800448770967	false	0.5
beschnitten	neg 1.0		off 0.3440152951151805 neg 0.3296464965594887 __DUMMY__ 0.3263382083253308	false	0.5
defekt	neg 1.0		off 0.33805788360303796 neg 0.33561069652182945 __DUMMY__ 0.3263314198751326	false	0.5
dreckskerl	off 1.0		off 0.3459563791468543 neg 0.3283408139375859 __DUMMY__ 0.3257028069155598	false	1.0
deine	neg 1.0		off 0.34736761301308927 neg 0.327076844942515 __DUMMY__ 0.3255555420443958	false	0.5
aufgeben	neg 1.0		off 0.34414251453295497 neg 0.3291142285659706 __DUMMY__ 0.32674325690107436	false	0.5
durcheinander	neg 1.0		off 0.3448176675049892 neg 0.32877482558464144 __DUMMY__ 0.3264075069103694	false	0.5
unterbrechen	neg 1.0		off 0.3429799743185377 neg 0.330484443773954 __DUMMY__ 0.3265355819075083	false	0.5
vergammeln	neg 1.0		off 0.34452434600956006 neg 0.3290843047110882 __DUMMY__ 0.3263913492793517	false	0.5
grotesk	neg 1.0		off 0.3425935600836732 neg 0.330811253408884 __DUMMY__ 0.32659518650744285	false	0.5
elendig	neg 1.0		off 0.34468678355836424 neg 0.3292106359841966 __DUMMY__ 0.3261025804574392	false	0.5
naiv	off 1.0		off 0.3442161089661239 neg 0.32924113616509704 __DUMMY__ 0.326542754868779	false	1.0
uneinigkeit	neg 1.0		off 0.338383540044219 neg 0.33501640469317673 __DUMMY__ 0.32660005526260416	false	0.5
fragil	neg 1.0		neg 0.34257627890446674 off 0.3364477615282514 __DUMMY__ 0.320975959567282	false	1.0
provisorisch	neg 1.0		off 0.3425614117342502 neg 0.3304777830815351 __DUMMY__ 0.32696080518421466	false	0.5
landei	off 1.0		off 0.347425455135044 neg 0.32649225337510224 __DUMMY__ 0.3260822914898536	false	1.0
bedauerlich	neg 1.0		off 0.3422848291696645 neg 0.3312275990470533 __DUMMY__ 0.3264875717832822	false	0.5
krieg	neg 1.0		off 0.3432890788460822 neg 0.33033662398118574 __DUMMY__ 0.3263742971727321	false	0.5
traurigkeit	neg 1.0		off 0.3438977660917294 neg 0.3296691879017383 __DUMMY__ 0.32643304600653233	false	0.5
monotonie	neg 1.0		off 0.34266511415563966 neg 0.3306303743866902 __DUMMY__ 0.3267045114576701	false	0.5
unliebsam	neg 1.0		off 0.3431902194274714 neg 0.3303844903889473 __DUMMY__ 0.32642529018358124	false	0.5
drift	neg 1.0		neg 0.3736232458814683 off 0.34030830684831437 __DUMMY__ 0.28606844727021746	false	1.0
chaos	neg 1.0		off 0.34032867451271387 neg 0.3331710381356522 __DUMMY__ 0.32650028735163394	false	0.5
blutig	neg 1.0		off 0.34456708276606607 neg 0.32896370457546714 __DUMMY__ 0.32646921265846685	false	0.5
machtlos	neg 1.0		off 0.34201862881378564 neg 0.3315609035322272 __DUMMY__ 0.32642046765398697	false	0.5
einsamkeit	neg 1.0		off 0.34428932747509067 neg 0.32911887287284003 __DUMMY__ 0.3265917996520693	false	0.5
