unsolidarisch	neg 1.0		off 0.34203563854181196 neg 0.33202475216871646 __DUMMY__ 0.3259396092894715	false	0.5
nachteilig	neg 1.0		off 0.3409953313941865 neg 0.33238936884474396 __DUMMY__ 0.3266152997610695	false	0.5
skeptisch	neg 1.0		off 0.34181848256364056 neg 0.331538847934987 __DUMMY__ 0.3266426695013723	false	0.5
schrecklich	neg 1.0		off 0.34659612917570043 neg 0.3276283260192505 __DUMMY__ 0.325775544805049	false	0.5
schlapp	neg 1.0		off 0.34677141985826704 neg 0.32727094949308255 __DUMMY__ 0.32595763064865046	false	0.5
abfall	neg 1.0		off 0.34099472401068603 neg 0.3320326756284172 __DUMMY__ 0.32697260036089676	false	0.5
widerspenstig	neg 1.0		off 0.3441002710310514 neg 0.32975946612027596 __DUMMY__ 0.3261402628486726	false	0.5
abrupt	neg 1.0		off 0.34269934437578187 neg 0.33044250302095735 __DUMMY__ 0.32685815260326084	false	0.5
unwirksam	neg 1.0		neg 0.33703919581130704 off 0.3363225605033877 __DUMMY__ 0.3266382436853053	false	1.0
angreifen	neg 1.0		off 0.34182752286689844 neg 0.33162716729792985 __DUMMY__ 0.32654530983517155	false	0.5
inkonsistent	neg 1.0		off 0.34384730959499654 neg 0.3294433606086599 __DUMMY__ 0.32670932979634354	false	0.5
abrutschen	neg 1.0		off 0.3418179593109849 neg 0.3315935913095902 __DUMMY__ 0.326588449379425	false	0.5
unsicher	neg 1.0		off 0.34385130780014017 neg 0.32970299060125846 __DUMMY__ 0.3264457015986014	false	0.5
bauernkind	off 1.0		off 0.3506791144647635 __DUMMY__ 0.3248473460973868 neg 0.32447353943784973	false	1.0
angreifer	neg 1.0		off 0.33916102571797085 neg 0.33444448415932754 __DUMMY__ 0.3263944901227017	false	0.5
trennen	neg 1.0		off 0.3427451323190365 neg 0.3301902221669953 __DUMMY__ 0.32706464551396824	false	0.5
schmutz	neg 1.0		off 0.33926810832135185 neg 0.3339202873636277 __DUMMY__ 0.3268116043150203	false	0.5
inkonsistenz	neg 1.0		off 0.3446208505204826 neg 0.3291955315010661 __DUMMY__ 0.3261836179784513	false	0.5
erschreckend	neg 1.0		off 0.34262205514896626 neg 0.33089517525865714 __DUMMY__ 0.32648276959237654	false	0.5
ertrinken	neg 1.0		off 0.34314222098565184 neg 0.33074142919550015 __DUMMY__ 0.3261163498188481	false	0.5
pickelface	off 1.0		off 0.35510404242055243 __DUMMY__ 0.32389678846962416 neg 0.32099916910982335	false	1.0
lauch	neg 1.0		off 0.3521824858004912 __DUMMY__ 0.32445728380693173 neg 0.3233602303925771	false	0.5
steuerhinterziehung	neg 1.0		off 0.3389581659462754 neg 0.33471668957526324 __DUMMY__ 0.3263251444784614	false	0.5
unwichtig	neg 1.0		off 0.34468635158978456 neg 0.3290594007211131 __DUMMY__ 0.3262542476891023	false	0.5
schock	neg 1.0		off 0.34385235824160887 neg 0.32938638428682465 __DUMMY__ 0.32676125747156637	false	0.5
vergelten	neg 1.0		off 0.34142803081854467 neg 0.33310124984993783 __DUMMY__ 0.3254707193315176	false	0.5
beule	neg 1.0		off 0.34748718949664453 neg 0.32676789353985736 __DUMMY__ 0.32574491696349805	false	0.5
verdorbenheit	neg 1.0		off 0.3415208608291187 neg 0.33013253109446666 __DUMMY__ 0.32834660807641464	false	0.5
trauma			off 0.37108228416851347 neg 0.33245525698445216 __DUMMY__ 0.2964624588470345	false	0.0
sinnlos	neg 1.0		off 0.3446221012681008 neg 0.32917974984389775 __DUMMY__ 0.32619814888800136	false	0.5
fettsack	off 1.0		off 0.35021813270421187 __DUMMY__ 0.3252470148750179 neg 0.32453485242077024	false	1.0
feige	off 1.0		off 0.34463146693838076 neg 0.32901669549130985 __DUMMY__ 0.32635183757030944	false	1.0
abdanken	neg 1.0		off 0.3421076659153793 neg 0.33164819028001713 __DUMMY__ 0.32624414380460365	false	0.5
wichtigtuer	off 1.0	off 1.0	off 0.6611262314892052 neg 0.18191813935999254 __DUMMY__ 0.15695562915080224	false	1.0
misslingen	neg 1.0		off 0.3440153372990221 neg 0.3299404011054317 __DUMMY__ 0.32604426159554617	false	0.5
untreu	off 1.0		off 0.3447109489527594 neg 0.3289541144212631 __DUMMY__ 0.3263349366259776	false	1.0
missmutig	neg 1.0		off 0.3439285162683267 neg 0.329531637174188 __DUMMY__ 0.32653984655748525	false	0.5
hurenbock	off 1.0		off 0.35046670352835013 neg 0.3250695542223124 __DUMMY__ 0.3244637422493375	false	1.0
betrunken	neg 1.0		off 0.34666386120226667 neg 0.327633845097278 __DUMMY__ 0.32570229370045534	false	0.5
korrupt	off 1.0		off 0.34193269855444397 neg 0.33191069593374517 __DUMMY__ 0.32615660551181075	false	1.0
unmut	neg 1.0		off 0.34050267124923 neg 0.3328295233333655 __DUMMY__ 0.32666780541740437	false	0.5
hackfresse	off 1.0		off 0.34755217069919986 neg 0.32697661682165824 __DUMMY__ 0.3254712124791419	false	1.0
aufblasen	neg 1.0		off 0.34461149391729523 neg 0.32911790786669126 __DUMMY__ 0.32627059821601345	false	0.5
gewaltsam	neg 1.0		off 0.3398174170341098 neg 0.3336590846260776 __DUMMY__ 0.32652349833981265	false	0.5
unbeliebtheit	neg 1.0		off 0.33890236083648 neg 0.3345157608630117 __DUMMY__ 0.3265818783005083	false	0.5
sturheit	neg 1.0		off 0.34192007644533456 neg 0.3316578818525466 __DUMMY__ 0.326422041702119	false	0.5
kuh	neg 1.0		off 0.35091691894150595 __DUMMY__ 0.32498390827219825 neg 0.3240991727862957	false	0.5
erschrecken	neg 1.0		off 0.34513400385012627 neg 0.32873122169707036 __DUMMY__ 0.3261347744528033	false	0.5
opfer	neg 1.0		off 0.3423721616012136 neg 0.3310498888858459 __DUMMY__ 0.32657794951294034	false	0.5
stinktier	neg 1.0		off 0.3505965903508176 __DUMMY__ 0.3249324652148235 neg 0.3244709444343589	false	0.5
sinken	neg 1.0		off 0.3386634520989428 neg 0.333875554033855 __DUMMY__ 0.3274609938672023	false	0.5
tucke	off 1.0		off 0.3497570494195089 neg 0.3256149635674126 __DUMMY__ 0.32462798701307854	false	1.0
abstieg	neg 1.0		off 0.3403100899355774 neg 0.3328093348599387 __DUMMY__ 0.326880575204484	false	0.5
missverstehen	neg 1.0		off 0.34395449584190096 neg 0.3296334260037459 __DUMMY__ 0.32641207815435325	false	0.5
ergebnislos	neg 1.0		off 0.3383944882708845 neg 0.33461436008228346 __DUMMY__ 0.3269911516468321	false	0.5
manipulieren	neg 1.0		off 0.3421470642906218 neg 0.33169556792960925 __DUMMY__ 0.326157367779769	false	0.5
verschleppen	neg 1.0		off 0.33901478011249564 neg 0.33434500077467993 __DUMMY__ 0.32664021911282454	false	0.5
unbewiesen	neg 1.0		off 0.3404819087672514 neg 0.33295495428408656 __DUMMY__ 0.3265631369486621	false	0.5
weib	off 1.0		off 0.34955651216674694 neg 0.32541490959017544 __DUMMY__ 0.3250285782430778	false	1.0
opposition	neg 1.0		off 0.3374796993154923 neg 0.33676810466320667 __DUMMY__ 0.32575219602130107	false	0.5
verkehrswidrig	neg 1.0		off 0.3394145348143165 neg 0.334961707691388 __DUMMY__ 0.32562375749429556	false	0.5
inkorrekt	neg 1.0		off 0.34449359879902247 neg 0.3292679433682013 __DUMMY__ 0.32623845783277633	false	0.5
vermeiden	neg 1.0		off 0.3402043538039871 neg 0.33284021351724496 __DUMMY__ 0.326955432678768	false	0.5
abweichung	neg 1.0		off 0.33991248852295664 neg 0.3331889034554308 __DUMMY__ 0.3268986080216126	false	0.5
alkoholisiert	neg 1.0		off 0.34255660713999003 neg 0.33096958886541383 __DUMMY__ 0.3264738039945962	false	0.5
scheiss	off 1.0	off 1.0	off 0.6626933033384796 neg 0.18031262530974004 __DUMMY__ 0.1569940713517804	false	1.0
herausforderung	neg 1.0		off 0.3408891169712572 neg 0.3319836895705278 __DUMMY__ 0.3271271934582151	false	0.5
pervers	off 1.0		off 0.34941987575722944 neg 0.3257093078810769 __DUMMY__ 0.32487081636169374	false	1.0
wackelig	neg 1.0		off 0.34422475408829883 neg 0.32940722377683834 __DUMMY__ 0.3263680221348629	false	0.5
verwickeln	neg 1.0		off 0.3436767011280559 neg 0.32978674720413126 __DUMMY__ 0.3265365516678129	false	0.5
vorwand	neg 1.0		off 0.34200017744687755 neg 0.33171066883568495 __DUMMY__ 0.3262891537174374	false	0.5
muschi	off 1.0		off 0.3545308185850654 __DUMMY__ 0.32395327662306644 neg 0.32151590479186815	false	1.0
entmutigung	neg 1.0		off 0.33947167208290485 neg 0.33420778442599475 __DUMMY__ 0.3263205434911005	false	0.5
unstetig	neg 1.0		off 0.34239804853810624 neg 0.33121993960354834 __DUMMY__ 0.3263820118583453	false	0.5
unangemessen	neg 1.0		off 0.3422371469783417 neg 0.331324961269 __DUMMY__ 0.3264378917526583	false	0.5
entmutigen	neg 1.0		off 0.344025671780072 neg 0.32951885024651634 __DUMMY__ 0.3264554779734115	false	0.5
schwanz	neg 1.0		off 0.3525118815532498 neg 0.3239457997812391 __DUMMY__ 0.3235423186655111	false	0.5
verbot	neg 1.0		off 0.3395937665397096 neg 0.3340440542489004 __DUMMY__ 0.32636217921139016	false	0.5
leid	neg 1.0		off 0.3470512246310502 neg 0.32716568166488535 __DUMMY__ 0.3257830937040644	false	0.5
archaisch	neg 1.0		off 0.3423959884471616 neg 0.33127552660913373 __DUMMY__ 0.32632848494370453	false	0.5
scheidung	neg 1.0		off 0.3372231667604553 neg 0.3358461958272438 __DUMMY__ 0.326930637412301	false	0.5
abgestanden	neg 1.0		off 0.34573819271658823 neg 0.3277091091542392 __DUMMY__ 0.32655269812917265	false	0.5
einschlag	neg 1.0		off 0.3397683113870828 neg 0.3334240401886438 __DUMMY__ 0.32680764842427346	false	0.5
schmierig	off 1.0		off 0.34661491777211567 neg 0.3274685741069218 __DUMMY__ 0.32591650812096257	false	1.0
unpraktisch	neg 1.0		off 0.34564056432519347 neg 0.3282673526678702 __DUMMY__ 0.32609208300693643	false	0.5
wixxer	off 1.0		off 0.35053521348080136 __DUMMY__ 0.3251085284998514 neg 0.3243562580193472	false	1.0
jammerlappen	off 1.0		off 0.3447164661493348 neg 0.32907906322918495 __DUMMY__ 0.32620447062148034	false	1.0
farce	neg 1.0		off 0.3396317469438417 neg 0.33389561506117194 __DUMMY__ 0.32647263799498644	false	0.5
zwecklos	neg 1.0		off 0.3423631303039913 neg 0.33106785896555724 __DUMMY__ 0.3265690107304514	false	0.5
turbulent	neg 1.0		off 0.3418321599712149 neg 0.3322604407215715 __DUMMY__ 0.3259073993072137	false	0.5
schuld	neg 1.0		off 0.3438995488038383 neg 0.3299497811334306 __DUMMY__ 0.32615067006273113	false	0.5
risiko	neg 1.0		off 0.3378125444301531 neg 0.3346007545851125 __DUMMY__ 0.32758670098473425	false	0.5
invasion	neg 1.0		neg 0.35100645434353545 off 0.3299215628272718 __DUMMY__ 0.31907198282919286	false	1.0
finster	neg 1.0		off 0.34602836689312144 neg 0.32759852638090736 __DUMMY__ 0.3263731067259712	false	0.5
geisteskrank	off 1.0		off 0.34463979858959115 neg 0.3290103132189942 __DUMMY__ 0.32634988819141475	false	1.0
ausbeute	neg 1.0		off 0.34253421570576353 neg 0.32955980122116846 __DUMMY__ 0.327905983073068	false	0.5
zusammenbrechen	neg 1.0		off 0.34320677484309686 neg 0.3305704685947044 __DUMMY__ 0.3262227565621986	false	0.5
hinterhalt	neg 1.0		off 0.34227823957830317 neg 0.3311784902952878 __DUMMY__ 0.32654327012640894	false	0.5
kritik	neg 1.0		off 0.3399197002518539 neg 0.333690282905627 __DUMMY__ 0.3263900168425191	false	0.5
einschrumpfen	neg 1.0		off 0.3396443658973945 neg 0.33609438944665304 __DUMMY__ 0.32426124465595246	false	0.5
riskant	neg 1.0		off 0.34239788528797743 neg 0.3310890664059968 __DUMMY__ 0.32651304830602584	false	0.5
frustrieren	neg 1.0		off 0.3428148792182393 neg 0.33060068021063815 __DUMMY__ 0.3265844405711227	false	0.5
groll	neg 1.0		off 0.3421309526784102 neg 0.3312591785782424 __DUMMY__ 0.3266098687433475	false	0.5
qualvoll	neg 1.0		off 0.34471540878174717 neg 0.3293690537155095 __DUMMY__ 0.32591553750274316	false	0.5
wackeln	neg 1.0		off 0.34415737655458173 neg 0.3292623784145828 __DUMMY__ 0.32658024503083544	false	0.5
klagen	neg 1.0		off 0.3402348863470686 neg 0.3333010314913351 __DUMMY__ 0.3264640821615964	false	0.5
trauern	neg 1.0		off 0.3426378656522342 neg 0.33092051856013555 __DUMMY__ 0.3264416157876303	false	0.5
ablehnung	neg 1.0		off 0.33941686911372176 neg 0.3340184732482201 __DUMMY__ 0.3265646576380581	false	0.5
bankrott	neg 1.0		neg 0.3394086829223314 off 0.33513126103896085 __DUMMY__ 0.32546005603870776	false	1.0
stur	neg 1.0		off 0.34350315382079577 neg 0.3303476752094272 __DUMMY__ 0.3261491709697771	false	0.5
aufruhr	neg 1.0		off 0.3382226202928532 neg 0.3346215569847182 __DUMMY__ 0.3271558227224285	false	0.5
melancholie	neg 1.0		off 0.34526713728780567 neg 0.32842102707410775 __DUMMY__ 0.32631183563808663	false	0.5
torheit	neg 1.0		off 0.34165098963763335 neg 0.33190362064329415 __DUMMY__ 0.3264453897190725	false	0.5
dreckskind	off 1.0		off 0.35314052601111273 __DUMMY__ 0.32439840464416825 neg 0.32246106934471896	false	1.0
umtauschen	neg 1.0		off 0.3455783664101057 neg 0.3284843658865915 __DUMMY__ 0.3259372677033027	false	0.5
zersetzen	neg 1.0		off 0.3412583460973995 neg 0.33222338207524227 __DUMMY__ 0.3265182718273583	false	0.5
frust	neg 1.0		off 0.343090089642435 neg 0.3306264426047131 __DUMMY__ 0.32628346775285183	false	0.5
unerbittlichkeit	neg 1.0		off 0.34130931243986257 neg 0.3321483457748429 __DUMMY__ 0.32654234178529457	false	0.5
unkorrekt	neg 1.0		off 0.3449604162066201 neg 0.3291997536091655 __DUMMY__ 0.3258398301842144	false	0.5
hexe	off 1.0		off 0.34757296978999075 __DUMMY__ 0.32641872580163445 neg 0.3260083044083749	false	1.0
lasch	neg 1.0		off 0.3436356413747533 neg 0.33003123655190697 __DUMMY__ 0.3263331220733398	false	0.5
rivale	neg 1.0		off 0.3382122015829266 neg 0.335768782315608 __DUMMY__ 0.3260190161014653	false	0.5
mutlos	off 1.0		off 0.3417617806955747 neg 0.3316977420609395 __DUMMY__ 0.3265404772434857	false	1.0
wirr	off 1.0		off 0.346827169557258 neg 0.327920114826074 __DUMMY__ 0.325252715616668	false	1.0
strafbar	neg 1.0		off 0.3421024532072699 neg 0.3313357202086301 __DUMMY__ 0.32656182658409993	false	0.5
erosion	neg 1.0	neg 1.0	neg 0.65090038971399 off 0.18827220362927696 __DUMMY__ 0.16082740665673304	false	1.0
eingehen	neg 1.0		off 0.34243958119483775 neg 0.3310639455179108 __DUMMY__ 0.32649647328725145	false	0.5
faul	off 1.0		off 0.3469046946613264 neg 0.3274698756550193 __DUMMY__ 0.3256254296836543	false	1.0
provisorium	neg 1.0		off 0.3412840744845675 neg 0.33179835782473693 __DUMMY__ 0.3269175676906955	false	0.5
schmerzen	neg 1.0		off 0.34545798467601585 neg 0.3288469188295578 __DUMMY__ 0.32569509649442635	false	0.5
schrumpfen	neg 1.0		off 0.34002819881391483 neg 0.33301721217929003 __DUMMY__ 0.3269545890067951	false	0.5
geistlos	off 1.0		off 0.34334409934686233 neg 0.33034389149496407 __DUMMY__ 0.3263120091581736	false	1.0
frustrierend	neg 1.0		off 0.34493328405188217 neg 0.3286486946278096 __DUMMY__ 0.3264180213203081	false	0.5
fehlkauf	neg 1.0		off 0.3424561289331573 neg 0.329871274719678 __DUMMY__ 0.3276725963471647	false	0.5
unzufrieden	neg 1.0		off 0.34235377490977553 neg 0.3310415563156801 __DUMMY__ 0.3266046687745444	false	0.5
verzweifeln	neg 1.0		off 0.34346946101423476 neg 0.33016108613321654 __DUMMY__ 0.32636945285254865	false	0.5
verzweifelt	neg 1.0		off 0.34411391579912937 neg 0.3294356098764271 __DUMMY__ 0.3264504743244437	false	0.5
misstrauensantrag	neg 1.0		off 0.33794452677699194 neg 0.3364611982338366 __DUMMY__ 0.3255942749891714	false	0.5
abfallen	neg 1.0		off 0.34565482248097684 neg 0.3284233160692186 __DUMMY__ 0.3259218614498045	false	0.5
fucker	off 1.0		__DUMMY__ 0.45117535477715565 off 0.33710504482504433 neg 0.2117196003978001	false	1.0
ungezogen	neg 1.0		off 0.3477169308961592 neg 0.3268241011264257 __DUMMY__ 0.3254589679774152	false	0.5
irrsinnig	neg 1.0		off 0.34417569576617507 neg 0.32954956001670743 __DUMMY__ 0.3262747442171175	false	0.5
hart	neg 1.0		off 0.35156674823242884 neg 0.3242464127547913 __DUMMY__ 0.32418683901277984	false	0.5
unfassbar	neg 1.0		off 0.344711116558112 neg 0.3286968680328601 __DUMMY__ 0.32659201540902777	false	0.5
widerlich	off 1.0		off 0.34510071753728067 neg 0.32885460598036087 __DUMMY__ 0.32604467648235846	false	1.0
fatal			off 0.3439808733019096 neg 0.3347550474117943 __DUMMY__ 0.32126407928629624	false	0.0
bruch	neg 1.0		off 0.34099835014110946 neg 0.332147266712713 __DUMMY__ 0.3268543831461776	false	0.5
aushungern	neg 1.0		off 0.3402275723154209 neg 0.33364338111642655 __DUMMY__ 0.32612904656815256	false	0.5
anspannung	neg 1.0		off 0.34204362113462367 neg 0.33117557130976766 __DUMMY__ 0.3267808075556086	false	0.5
kraftlos	neg 1.0		off 0.3432835666810272 neg 0.3302034681908791 __DUMMY__ 0.3265129651280938	false	0.5
grenzdebil	off 1.0		off 0.3456710848897939 neg 0.32841341726638396 __DUMMY__ 0.3259154978438222	false	1.0
unterwerfen	neg 1.0		off 0.3421931050997761 neg 0.3313408462700635 __DUMMY__ 0.3264660486301605	false	0.5
versenkung	neg 1.0		off 0.3423007154772326 neg 0.331041968392264 __DUMMY__ 0.32665731613050325	false	0.5
entziehen	neg 1.0		off 0.341486956447169 neg 0.3318281737154382 __DUMMY__ 0.32668486983739276	false	0.5
finanzkrise	neg 1.0		off 0.3368577877343804 neg 0.33639226813201195 __DUMMY__ 0.32674994413360764	false	0.5
schimpfend	neg 1.0		off 0.3451371552915654 neg 0.328978366777604 __DUMMY__ 0.3258844779308306	false	0.5
profan	neg 1.0		off 0.3444698848350613 neg 0.3291562684360387 __DUMMY__ 0.32637384672889996	false	0.5
korruption	neg 1.0		off 0.3391195092031409 neg 0.3344584283225783 __DUMMY__ 0.3264220624742808	false	0.5
schmutzig	neg 1.0		off 0.34587275100434317 neg 0.3281826126831478 __DUMMY__ 0.32594463631250903	false	0.5
abraten	neg 1.0		off 0.34499938906541194 neg 0.32871107840833536 __DUMMY__ 0.32628953252625276	false	0.5
sexy	neg 1.0		off 0.36329968080046093 neg 0.33705101129103243 __DUMMY__ 0.2996493079085067	false	0.5
fotze	off 1.0		off 0.3564846477802119 __DUMMY__ 0.323099103198995 neg 0.3204162490207932	false	1.0
schwarz	neg 1.0		off 0.34306890368020326 neg 0.3304376720487481 __DUMMY__ 0.3264934242710487	false	0.5
verwirren	neg 1.0		off 0.34495751545538544 neg 0.32886897013084626 __DUMMY__ 0.3261735144137684	false	0.5
zahnlos	off 1.0		off 0.34239952379557026 neg 0.33084609595788256 __DUMMY__ 0.3267543802465472	false	1.0
verheeren	neg 1.0		neg 0.3371121018488116 off 0.3365690450532488 __DUMMY__ 0.3263188530979395	false	1.0
rammen	neg 1.0		off 0.3459867188753009 neg 0.32796557241714064 __DUMMY__ 0.32604770870755845	false	0.5
unlauter	neg 1.0		off 0.33898640217998366 neg 0.33491494161379903 __DUMMY__ 0.32609865620621725	false	0.5
unheilvoll	neg 1.0		off 0.3443907499183665 neg 0.32974954398197187 __DUMMY__ 0.32585970609966164	false	0.5
niedrig	neg 1.0		off 0.33906810495435646 neg 0.33312155709988206 __DUMMY__ 0.3278103379457616	false	0.5
weichei	off 1.0		off 0.34761078324078704 neg 0.3267273547248642 __DUMMY__ 0.3256618620343488	false	1.0
explosion	neg 1.0		neg 0.34309741732839055 off 0.3333113969984371 __DUMMY__ 0.3235911856731724	false	1.0
minusmensch	off 1.0		off 0.35242048418463456 __DUMMY__ 0.3250326254667965 neg 0.3225468903485689	false	1.0
farblos	neg 1.0		off 0.3433448854706219 neg 0.3291256092679275 __DUMMY__ 0.3275295052614506	false	0.5
unwissend	neg 1.0		off 0.3450535354672682 neg 0.3288154934504777 __DUMMY__ 0.3261309710822539	false	0.5
traurig	neg 1.0		off 0.3461468370120881 neg 0.3278884480576014 __DUMMY__ 0.3259647149303105	false	0.5
senkung	neg 1.0		neg 0.33917903386114756 off 0.3348179900026875 __DUMMY__ 0.32600297613616486	false	1.0
ungleich	neg 1.0		off 0.34195012506667916 neg 0.3315765036462223 __DUMMY__ 0.32647337128709847	false	0.5
heikel	neg 1.0		off 0.34217215056692296 neg 0.33144815004295763 __DUMMY__ 0.32637969939011946	false	0.5
drosselung	neg 1.0		neg 0.3378872814335662 off 0.33570853432381176 __DUMMY__ 0.32640418424262213	false	1.0
falsch	neg 1.0		off 0.34497242810664075 neg 0.32886973937380476 __DUMMY__ 0.32615783251955455	false	0.5
unzufriedenheit	neg 1.0		off 0.341285328371025 neg 0.33218134078792666 __DUMMY__ 0.32653333084104824	false	0.5
kurz	neg 1.0		off 0.3445898478822315 neg 0.328950385650151 __DUMMY__ 0.32645976646761743	false	0.5
unsinnig	neg 1.0		off 0.3428378182918358 neg 0.3309320480583046 __DUMMY__ 0.3262301336498597	false	0.5
penner	off 1.0		off 0.3473176804672282 neg 0.32705391097045877 __DUMMY__ 0.325628408562313	false	1.0
seicht	neg 1.0		off 0.3456738684890911 neg 0.32810558019492897 __DUMMY__ 0.32622055131597993	false	0.5
dummheit	off 1.0		off 0.3437235522841606 neg 0.330079939917497 __DUMMY__ 0.3261965077983424	false	1.0
unerfreulich	neg 1.0		off 0.3420390581907685 neg 0.33137243096355956 __DUMMY__ 0.32658851084567203	false	0.5
pikiert	neg 1.0		off 0.3448237062773812 neg 0.32895662211907845 __DUMMY__ 0.32621967160354043	false	0.5
motherfucker	off 1.0		__DUMMY__ 0.43743522912659205 off 0.3365534351244796 neg 0.2260113357489282	false	1.0
wrack	neg 1.0		off 0.3422320397137305 neg 0.33100536031744787 __DUMMY__ 0.3267625999688217	false	0.5
gangster	neg 1.0		__DUMMY__ 0.37725409204075316 off 0.3510848946801628 neg 0.271661013279084	false	0.5
krank	neg 1.0		off 0.3465181577519032 neg 0.3275722006565966 __DUMMY__ 0.3259096415915004	false	0.5
reich	neg 1.0		off 0.34215807682196225 neg 0.33116122692784156 __DUMMY__ 0.32668069625019625	false	0.5
gnadenlos	neg 1.0		off 0.3440386403498502 neg 0.3295010017092759 __DUMMY__ 0.326460357940874	false	0.5
niedergeschlagen	neg 1.0		off 0.34322919708020316 neg 0.33029495730659436 __DUMMY__ 0.32647584561320253	false	0.5
terrorisieren	off 1.0	off 1.0	off 0.660184034548025 neg 0.1825307436834766 __DUMMY__ 0.1572852217684984	false	1.0
sinnlosigkeit	neg 1.0		off 0.3426267640516392 neg 0.33102030257928894 __DUMMY__ 0.3263529333690719	false	0.5
behindern	neg 1.0		off 0.3391608842692571 neg 0.3340905960069808 __DUMMY__ 0.32674851972376184	false	0.5
undemokratisch	neg 1.0		off 0.341134717296278 neg 0.3330522316743065 __DUMMY__ 0.32581305102941566	false	0.5
wirtschaftskrise	neg 1.0		off 0.33765023316490966 neg 0.3353614481363071 __DUMMY__ 0.3269883186987832	false	0.5
neid	neg 1.0		off 0.34483620432248646 neg 0.3285652338281844 __DUMMY__ 0.3265985618493291	false	0.5
rutschen	neg 1.0		off 0.3430975883146214 neg 0.32992114060269634 __DUMMY__ 0.32698127108268227	false	0.5
rezession	neg 1.0		neg 0.3370185921105062 off 0.3359009051390759 __DUMMY__ 0.3270805027504178	false	1.0
fehlgeburt	neg 1.0		off 0.345225134541511 neg 0.3291204796938388 __DUMMY__ 0.3256543857646503	false	0.5
charakterschwach	off 1.0		off 0.3445902398731679 neg 0.329231227248266 __DUMMY__ 0.3261785328785661	false	1.0
isolation	neg 1.0		neg 0.34719247844157847 off 0.33150126099420246 __DUMMY__ 0.32130626056421907	false	1.0
ablenkung	neg 1.0		off 0.3441224210927036 neg 0.32960729361605834 __DUMMY__ 0.326270285291238	false	0.5
pech	neg 1.0		off 0.34590666914731566 neg 0.3277756765671307 __DUMMY__ 0.32631765428555365	false	0.5
dominieren	neg 1.0		off 0.33848432151351016 neg 0.3340355598784913 __DUMMY__ 0.32748011860799847	false	0.5
vermeidung	neg 1.0		neg 0.33938734158673606 off 0.33487157945050083 __DUMMY__ 0.3257410789627631	false	1.0
schwindlig	neg 1.0		off 0.3471861492771521 neg 0.3271032598913304 __DUMMY__ 0.3257105908315174	false	0.5
lutscher	neg 1.0		off 0.3508307753296405 __DUMMY__ 0.3249150003374447 neg 0.3242542243329148	false	0.5
pflicht	neg 1.0		off 0.341830595686241 neg 0.33149709863261734 __DUMMY__ 0.3266723056811418	false	0.5
faschist	off 1.0		off 0.3433710716849615 neg 0.3305435171181654 __DUMMY__ 0.3260854111968731	false	1.0
verschleudern	neg 1.0		off 0.33947928261372834 neg 0.3338236546282487 __DUMMY__ 0.32669706275802296	false	0.5
ehebruch	neg 1.0		off 0.3424862509686098 neg 0.33100933216560635 __DUMMY__ 0.326504416865784	false	0.5
trostlosigkeit	neg 1.0		off 0.3415806463717284 neg 0.33187316916062326 __DUMMY__ 0.3265461844676484	false	0.5
lutschen	neg 1.0		off 0.3515176326819873 neg 0.3244841795304294 __DUMMY__ 0.3239981877875832	false	0.5
spott	off 1.0		off 0.3418740960217551 neg 0.3316253698069725 __DUMMY__ 0.3265005341712722	false	1.0
undiszipliniert	neg 1.0		off 0.3461380370185597 neg 0.3280361178573473 __DUMMY__ 0.32582584512409307	false	0.5
kopfschmerz	neg 1.0		off 0.3450460897951793 neg 0.32929817660130917 __DUMMY__ 0.3256557336035115	false	0.5
unvorhergesehen	neg 1.0		off 0.3436719538885735 neg 0.32969095877977833 __DUMMY__ 0.3266370873316482	false	0.5
desinteressiert	neg 1.0		off 0.34590175229830483 neg 0.32804104947428225 __DUMMY__ 0.32605719822741297	false	0.5
armselig	off 1.0		off 0.34459425185317794 neg 0.3289723301312838 __DUMMY__ 0.32643341801553827	false	1.0
tod	neg 1.0		off 0.3416628633197116 neg 0.3316698189359965 __DUMMY__ 0.32666731774429203	false	0.5
desaster	neg 1.0		off 0.34018958346443473 neg 0.33304074146303264 __DUMMY__ 0.32676967507253274	false	0.5
herzlos	neg 1.0		off 0.3458959126182312 neg 0.3280300906683165 __DUMMY__ 0.3260739967134522	false	0.5
unwissenheit	neg 1.0		off 0.34194846845355364 neg 0.3318613413872237 __DUMMY__ 0.32619019015922274	false	0.5
widersinnig	neg 1.0		off 0.34076836173787195 neg 0.33295975324574467 __DUMMY__ 0.3262718850163833	false	0.5
bedenklich	neg 1.0		off 0.34213522053197704 neg 0.3314651568487156 __DUMMY__ 0.3263996226193074	false	0.5
beanstanden	neg 1.0		off 0.34135702222335085 neg 0.33194079782194075 __DUMMY__ 0.3267021799547084	false	0.5
panisch	neg 1.0		off 0.34524265759342326 neg 0.328812540847301 __DUMMY__ 0.32594480155927574	false	0.5
abstrich	neg 1.0		off 0.34498589655069894 neg 0.3295805063383534 __DUMMY__ 0.3254335971109477	false	0.5
debil	off 1.0		off 0.3582791352758488 __DUMMY__ 0.321570112817847 neg 0.32015075190630427	false	1.0
primitiv	neg 1.0		off 0.3449337916115074 neg 0.32859172837870027 __DUMMY__ 0.32647448000979234	false	0.5
abschaum	off 1.0		off 0.34436503918885575 neg 0.3293881878793028 __DUMMY__ 0.3262467729318414	false	1.0
tot	neg 1.0		off 0.3454251574755251 neg 0.32867060444265206 __DUMMY__ 0.32590423808182273	false	0.5
provozieren	neg 1.0		off 0.34363483637142633 neg 0.33005144091812266 __DUMMY__ 0.326313722710451	false	0.5
instabil	neg 1.0		off 0.3428845681172339 neg 0.33017371600076656 __DUMMY__ 0.3269417158819994	false	0.5
schwuchtel	off 1.0		off 0.35154019334151815 __DUMMY__ 0.32450776532260195 neg 0.3239520413358799	false	1.0
zerren	neg 1.0		off 0.34346202161739714 neg 0.3302234514488108 __DUMMY__ 0.3263145269337921	false	0.5
kinderficker	off 1.0		off 0.34498510049091013 neg 0.32926859725241603 __DUMMY__ 0.32574630225667384	false	1.0
gefahr	neg 1.0		off 0.33888543786590614 neg 0.33409874583324234 __DUMMY__ 0.3270158163008515	false	0.5
rabiat	neg 1.0		off 0.3435737896845505 neg 0.3298739884292788 __DUMMY__ 0.3265522218861707	false	0.5
verlangsamung	neg 1.0		off 0.33700674767549343 neg 0.3353344764857963 __DUMMY__ 0.3276587758387103	false	0.5
anklagen	neg 1.0		off 0.33910595946055183 neg 0.33454978647702494 __DUMMY__ 0.32634425406242323	false	0.5
ausgestorben	neg 1.0		off 0.3430426188566544 neg 0.33018146092667716 __DUMMY__ 0.32677592021666846	false	0.5
verminderung	neg 1.0		neg 0.33937256433035934 off 0.33456872118746567 __DUMMY__ 0.326058714482175	false	1.0
rost	neg 1.0		off 0.3399477682535605 neg 0.33152608441676545 __DUMMY__ 0.328526147329674	false	0.5
destruktiv	neg 1.0		off 0.3425945380411006 neg 0.3310860441159915 __DUMMY__ 0.32631941784290797	false	0.5
unzumutbarkeit	neg 1.0		off 0.33897891306623307 neg 0.33436147872532385 __DUMMY__ 0.32665960820844303	false	0.5
labil	off 1.0	off 1.0	off 0.7411452804510744 neg 0.13178749567400236 __DUMMY__ 0.1270672238749233	false	1.0
ziemlich	neg 1.0		off 0.3459808136473981 neg 0.3279394842602141 __DUMMY__ 0.3260797020923878	false	0.5
lachnummer	off 1.0		off 0.3426082011382715 neg 0.33085280827417257 __DUMMY__ 0.326538990587556	false	1.0
ausgrenzung	neg 1.0		off 0.3397303577353994 neg 0.33398077864517106 __DUMMY__ 0.3262888636194296	false	0.5
verfall	neg 1.0		off 0.3401941077309168 neg 0.33313647900118 __DUMMY__ 0.3266694132679033	false	0.5
unordnung	neg 1.0	neg 1.0	neg 0.6501373964715572 off 0.19111502084690374 __DUMMY__ 0.158747582681539	false	1.0
fehlverhalten	neg 1.0		off 0.34127381815938945 neg 0.33224716658382036 __DUMMY__ 0.3264790152567902	false	0.5
nille	neg 1.0		off 0.3590749482861293 __DUMMY__ 0.3219609455580689 neg 0.31896410615580173	false	0.5
qual	neg 1.0		off 0.35278519183103285 neg 0.34624363152598886 __DUMMY__ 0.30097117664297834	false	0.5
riesig	neg 1.0		off 0.34941213609053423 __DUMMY__ 0.32617626737277067 neg 0.32441159653669516	false	0.5
verschwenden	neg 1.0		off 0.34273942684971526 neg 0.33087935818400044 __DUMMY__ 0.32638121496628425	false	0.5
verurteilen	neg 1.0		off 0.34191507019604656 neg 0.3318092175565724 __DUMMY__ 0.326275712247381	false	0.5
klischee	neg 1.0		off 0.344429458354827 neg 0.3291923375662986 __DUMMY__ 0.32637820407887436	false	0.5
diktatorisch	neg 1.0		off 0.3415286121185731 neg 0.33258131923417567 __DUMMY__ 0.3258900686472512	false	0.5
vorhersehbar	neg 1.0		off 0.3437959146315698 neg 0.32959349810486754 __DUMMY__ 0.3266105872635627	false	0.5
stornieren	neg 1.0		off 0.34188469770082125 neg 0.3317687997691622 __DUMMY__ 0.3263465025300167	false	0.5
besteuerung	neg 1.0		neg 0.33792433843966413 off 0.3354924235453047 __DUMMY__ 0.3265832380150313	false	1.0
ungeschminkt	neg 1.0		off 0.3497107539434384 neg 0.325532617276965 __DUMMY__ 0.3247566287795967	false	0.5
kritisch	neg 1.0		off 0.3418405446159176 neg 0.33165760601845035 __DUMMY__ 0.32650184936563204	false	0.5
schlamperei	off 1.0		off 0.33930540883753396 neg 0.3340911512804731 __DUMMY__ 0.32660343988199286	false	1.0
sucht	neg 1.0		off 0.3423646526296784 neg 0.32955463830972587 __DUMMY__ 0.3280807090605956	false	0.5
egoistisch	off 1.0		off 0.3462197416737006 neg 0.32807634609567765 __DUMMY__ 0.3257039122306217	false	1.0
ausbeuter	off 1.0		off 0.3413823088163065 neg 0.33214317419869765 __DUMMY__ 0.32647451698499574	false	1.0
arschgeburt			off 0.3526155303141097 __DUMMY__ 0.32415594463984376 neg 0.3232285250460467	false	0.0
schubs	neg 1.0		off 0.3464660865365231 neg 0.32806146646805795 __DUMMY__ 0.32547244699541894	false	0.5
unsolide	neg 1.0		off 0.34124546235387665 neg 0.33275969654220977 __DUMMY__ 0.32599484110391364	false	0.5
beschwerde	neg 1.0		off 0.33952605295860583 neg 0.33420967469941376 __DUMMY__ 0.32626427234198035	false	0.5
stocken	neg 1.0		off 0.3377241515017034 neg 0.3349080257025954 __DUMMY__ 0.3273678227957013	false	0.5
isolieren	neg 1.0		off 0.3385547988238695 neg 0.3346136776934972 __DUMMY__ 0.32683152348263333	false	0.5
unheilbar	neg 1.0		off 0.3433805164936393 neg 0.3302872677929398 __DUMMY__ 0.32633221571342097	false	0.5
pisser	off 1.0		off 0.3525673355961326 __DUMMY__ 0.3242478351557563 neg 0.32318482924811104	false	1.0
löschen	neg 1.0		off 0.3461208079724892 neg 0.33173460414990674 __DUMMY__ 0.322144587877604	false	0.5
durchfallen	neg 1.0		off 0.34265016319969827 neg 0.3311083176127519 __DUMMY__ 0.3262415191875498	false	0.5
wichser	off 1.0		off 0.3476344945969373 neg 0.32673320049430293 __DUMMY__ 0.32563230490875966	false	1.0
terror	neg 1.0		neg 0.3407315388371182 off 0.33588163583082215 __DUMMY__ 0.3233868253320597	false	1.0
krass	neg 1.0		off 0.3495197665701229 neg 0.3254822271980818 __DUMMY__ 0.3249980062317953	false	0.5
revolte	neg 1.0		off 0.3381925105111495 neg 0.3349381565529094 __DUMMY__ 0.3268693329359411	false	0.5
besorgt	neg 1.0		off 0.34350018273100436 neg 0.3301415035168242 __DUMMY__ 0.3263583137521713	false	0.5
nachlassen	neg 1.0		off 0.34187112002218234 neg 0.3314548684417833 __DUMMY__ 0.32667401153603426	false	0.5
alt	neg 1.0		off 0.34691298029520856 __DUMMY__ 0.3266024078187431 neg 0.3264846118860484	false	0.5
hundesohn	off 1.0		off 0.3550058063714821 __DUMMY__ 0.3233613164746719 neg 0.3216328771538461	false	1.0
abschreckung	neg 1.0		off 0.3407856166374462 neg 0.33277364876366083 __DUMMY__ 0.32644073459889306	false	0.5
unqualifiziert	neg 1.0		off 0.3434828509625501 neg 0.33048238564674365 __DUMMY__ 0.3260347633907062	false	0.5
abgewichst	off 1.0		off 0.35674939632015745 __DUMMY__ 0.32264723962386294 neg 0.32060336405597945	false	1.0
kapitulation	neg 1.0		off 0.3395644894772351 neg 0.3337684397781822 __DUMMY__ 0.32666707074458257	false	0.5
schwer	neg 1.0		off 0.3437334143011567 neg 0.3297062622588597 __DUMMY__ 0.32656032343998354	false	0.5
bedeutungslosigkeit	neg 1.0		off 0.341212692647669 neg 0.33209667664912323 __DUMMY__ 0.32669063070320775	false	0.5
unscharf	neg 1.0		off 0.34747386305774325 neg 0.3271308699471814 __DUMMY__ 0.32539526699507537	false	0.5
schwinden	neg 1.0		off 0.3382423448601567 neg 0.33465517881039497 __DUMMY__ 0.3271024763294483	false	0.5
versklavung	neg 1.0		off 0.339017150168183 neg 0.33484946874773336 __DUMMY__ 0.32613338108408363	false	0.5
schlecht	neg 1.0		off 0.34542757137986446 neg 0.32840528285051623 __DUMMY__ 0.3261671457696192	false	0.5
verhasst	neg 1.0		off 0.34300669214314805 neg 0.3305641646871392 __DUMMY__ 0.3264291431697126	false	0.5
beschweren	neg 1.0		off 0.3439768096217169 neg 0.329476048083011 __DUMMY__ 0.32654714229527215	false	0.5
scheiden	neg 1.0		off 0.3439751188661254 neg 0.3294239185331089 __DUMMY__ 0.3266009626007658	false	0.5
frustriert	neg 1.0		off 0.3433550986116314 neg 0.33024822614262134 __DUMMY__ 0.32639667524574734	false	0.5
schimmelig	neg 1.0		off 0.34959425294555113 neg 0.3252769234089818 __DUMMY__ 0.32512882364546697	false	0.5
fisch	neg 1.0		off 0.3467937424134573 __DUMMY__ 0.32672426962709167 neg 0.32648198795945105	false	0.5
schmuggel	neg 1.0		off 0.342237313816098 neg 0.33121035465162924 __DUMMY__ 0.3265523315322727	false	0.5
auffallen	neg 1.0		off 0.3439547196966977 neg 0.3296443717271958 __DUMMY__ 0.3264009085761064	false	0.5
konkurrenz	neg 1.0		off 0.34141029231328335 neg 0.33191645093307254 __DUMMY__ 0.32667325675364417	false	0.5
teufelskreis	neg 1.0		off 0.34313404500019523 neg 0.33031697476161226 __DUMMY__ 0.32654898023819245	false	0.5
aufschreien	neg 1.0		off 0.3445751644020555 neg 0.3290217276543569 __DUMMY__ 0.3264031079435876	false	0.5
missgeburt	off 1.0		off 0.3525026838086008 __DUMMY__ 0.3245486100047656 neg 0.3229487061866335	false	1.0
schuldner	neg 1.0		off 0.33850470446355435 neg 0.3347763508616246 __DUMMY__ 0.32671894467482104	false	0.5
befallen	neg 1.0		off 0.3411165847422522 neg 0.3329798029569046 __DUMMY__ 0.3259036123008432	false	0.5
arbeitslos	neg 1.0		off 0.3425845124366451 neg 0.33093320427311473 __DUMMY__ 0.32648228329024015	false	0.5
miesepetrig	off 1.0		off 0.3455521210838857 neg 0.32843506835142977 __DUMMY__ 0.3260128105646845	false	1.0
alarmieren	neg 1.0		off 0.3373530916102791 neg 0.33573064149801196 __DUMMY__ 0.32691626689170883	false	0.5
ungeduscht	off 1.0		off 0.3482039361787571 neg 0.3267274415755549 __DUMMY__ 0.32506862224568794	false	1.0
knappheit	neg 1.0		off 0.3385034475250278 neg 0.3345475223055386 __DUMMY__ 0.3269490301694335	false	0.5
schlange	neg 1.0		off 0.34440207764942554 neg 0.32906321145445755 __DUMMY__ 0.32653471089611685	false	0.5
harsch	neg 1.0		off 0.33909808890063303 neg 0.3345753402824666 __DUMMY__ 0.3263265708169004	false	0.5
lang	neg 1.0	neg 1.0	neg 0.6069635719797506 off 0.21634111608806436 __DUMMY__ 0.17669531193218488	false	1.0
ziellos	neg 1.0		off 0.3430753505827087 neg 0.33031199212431717 __DUMMY__ 0.32661265729297406	false	0.5
selbstverliebt	neg 1.0		off 0.3486235005849793 neg 0.3259256925882457 __DUMMY__ 0.3254508068267751	false	0.5
beseitigen	neg 1.0		off 0.3387610493448254 neg 0.334184294482833 __DUMMY__ 0.32705465617234153	false	0.5
dumm	off 1.0		off 0.3470537820225457 neg 0.327215976796348 __DUMMY__ 0.3257302411811063	false	1.0
arbeitsloser	neg 1.0		off 0.34230153286139475 neg 0.33113121528466793 __DUMMY__ 0.3265672518539374	false	0.5
blitzen	neg 1.0		off 0.3435995040305392 neg 0.3289097292889479 __DUMMY__ 0.32749076668051297	false	0.5
hilflos	neg 1.0		off 0.34348296330745387 neg 0.33035298873549257 __DUMMY__ 0.32616404795705356	false	0.5
eklig	off 1.0		off 0.3488129253165404 neg 0.3259893797258383 __DUMMY__ 0.3251976949576212	false	1.0
hungersnot	neg 1.0		off 0.339206892785743 neg 0.3337808662434897 __DUMMY__ 0.3270122409707673	false	0.5
ungesetzlich	neg 1.0		off 0.3407411329862495 neg 0.33302469227057063 __DUMMY__ 0.32623417474318006	false	0.5
verschwendung	neg 1.0		off 0.3422928118171664 neg 0.33127320611696903 __DUMMY__ 0.3264339820658645	false	0.5
schmerzvoll	neg 1.0		off 0.3446098870854117 neg 0.3291808071748803 __DUMMY__ 0.326209305739708	false	0.5
vorzeitig	neg 1.0		off 0.33733298360608 neg 0.335840228639664 __DUMMY__ 0.326826787754256	false	0.5
unvollkommenheit	neg 1.0		off 0.34304480233300955 neg 0.33054411576653114 __DUMMY__ 0.3264110819004592	false	0.5
intervenieren	neg 1.0		off 0.3408454358749045 neg 0.33282820350179876 __DUMMY__ 0.3263263606232968	false	0.5
banause	off 1.0		off 0.3475181141399963 neg 0.32700021624491177 __DUMMY__ 0.325481669615092	false	1.0
rebell	neg 1.0		off 0.3526134456854825 neg 0.3241470240193036 __DUMMY__ 0.3232395302952138	false	0.5
unlogisch	neg 1.0		off 0.3458422450585317 neg 0.32828563874689687 __DUMMY__ 0.3258721161945713	false	0.5
abschaffung	neg 1.0		off 0.3379344488420062 neg 0.33588560608300444 __DUMMY__ 0.3261799450749893	false	0.5
leiden	neg 1.0		off 0.34406810355355766 neg 0.3293775679993088 __DUMMY__ 0.3265543284471335	false	0.5
sturz	neg 1.0		off 0.3388445376713404 neg 0.33416021919732275 __DUMMY__ 0.3269952431313368	false	0.5
verkleinerung	neg 1.0		off 0.3369074275928429 neg 0.33648675318616694 __DUMMY__ 0.3266058192209903	false	0.5
schmarotzer	off 1.0		off 0.3427691588522461 neg 0.33095633409052055 __DUMMY__ 0.3262745070572332	false	1.0
bestrafung	neg 1.0		off 0.3441866488402003 neg 0.3294772065735412 __DUMMY__ 0.3263361445862585	false	0.5
achtlos	neg 1.0		off 0.343459130983605 neg 0.3303171470712278 __DUMMY__ 0.3262237219451673	false	0.5
ungeheuer	neg 1.0		off 0.3451567520238949 neg 0.3281984169363844 __DUMMY__ 0.3266448310397207	false	0.5
unaufrichtig	neg 1.0		off 0.3439169910837976 neg 0.3304610246746254 __DUMMY__ 0.32562198424157696	false	0.5
groggy	neg 1.0		off 0.3492083875602935 __DUMMY__ 0.32571067300729645 neg 0.32508093943241	false	0.5
verletzlich	neg 1.0		off 0.34573496416517263 neg 0.3282263240648097 __DUMMY__ 0.3260387117700176	false	0.5
ablehnen	neg 1.0		off 0.34178188426238043 neg 0.3319542467360308 __DUMMY__ 0.3262638690015888	false	0.5
kollaps	neg 1.0		off 0.33697274347950534 neg 0.33622680774952796 __DUMMY__ 0.32680044877096676	false	0.5
beschnitten	neg 1.0		off 0.3440152951151804 neg 0.3296464965594889 __DUMMY__ 0.3263382083253307	false	0.5
defekt	neg 1.0		off 0.33805788360303823 neg 0.3356106965218294 __DUMMY__ 0.32633141987513253	false	0.5
dreckskerl	off 1.0		off 0.34595637914685384 neg 0.3283408139375863 __DUMMY__ 0.32570280691555975	false	1.0
deine	neg 1.0		off 0.34736761301308916 neg 0.3270768449425148 __DUMMY__ 0.325555542044396	false	0.5
aufgeben	neg 1.0		off 0.3441425145329549 neg 0.3291142285659707 __DUMMY__ 0.32674325690107425	false	0.5
durcheinander	neg 1.0		off 0.34481766750498977 neg 0.3287748255846408 __DUMMY__ 0.3264075069103694	false	0.5
unterbrechen	neg 1.0		off 0.3429799743185376 neg 0.3304844437739537 __DUMMY__ 0.3265355819075087	false	0.5
vergammeln	neg 1.0		off 0.3445243460095606 neg 0.3290843047110877 __DUMMY__ 0.32639134927935176	false	0.5
grotesk	neg 1.0		off 0.3425935600836731 neg 0.33081125340888407 __DUMMY__ 0.3265951865074427	false	0.5
elendig	neg 1.0		off 0.3446867835583642 neg 0.329210635984197 __DUMMY__ 0.32610258045743895	false	0.5
naiv	off 1.0		off 0.344216108966124 neg 0.32924113616509715 __DUMMY__ 0.3265427548687788	false	1.0
uneinigkeit	neg 1.0		off 0.33838354004421933 neg 0.33501640469317634 __DUMMY__ 0.32660005526260427	false	0.5
fragil	neg 1.0		neg 0.34257627890446674 off 0.3364477615282513 __DUMMY__ 0.3209759595672821	false	1.0
provisorisch	neg 1.0		off 0.3425614117342501 neg 0.3304777830815349 __DUMMY__ 0.32696080518421483	false	0.5
landei	off 1.0		off 0.3474254551350442 neg 0.32649225337510196 __DUMMY__ 0.32608229148985396	false	1.0
bedauerlich	neg 1.0		off 0.342284829169665 neg 0.3312275990470533 __DUMMY__ 0.32648757178328186	false	0.5
krieg	neg 1.0		off 0.3432890788460817 neg 0.33033662398118635 __DUMMY__ 0.32637429717273203	false	0.5
traurigkeit	neg 1.0		off 0.3438977660917297 neg 0.3296691879017382 __DUMMY__ 0.3264330460065321	false	0.5
monotonie	neg 1.0		off 0.3426651141556394 neg 0.3306303743866908 __DUMMY__ 0.3267045114576698	false	0.5
unliebsam	neg 1.0		off 0.3431902194274712 neg 0.33038449038894746 __DUMMY__ 0.32642529018358135	false	0.5
drift	neg 1.0		neg 0.3736232458814682 off 0.34030830684831426 __DUMMY__ 0.28606844727021746	false	1.0
chaos	neg 1.0		off 0.3403286745127137 neg 0.33317103813565246 __DUMMY__ 0.3265002873516338	false	0.5
blutig	neg 1.0		off 0.3445670827660661 neg 0.3289637045754668 __DUMMY__ 0.32646921265846696	false	0.5
machtlos	neg 1.0		off 0.34201862881378586 neg 0.3315609035322271 __DUMMY__ 0.326420467653987	false	0.5
einsamkeit	neg 1.0		off 0.3442893274750908 neg 0.32911887287284 __DUMMY__ 0.3265917996520693	false	0.5
