unsolidarisch	neg 1.0		__DUMMY__ 0.44172116192899674 off 0.28320513219304555 neg 0.2750737058779578	false	0.5
nachteilig	neg 1.0		__DUMMY__ 0.44262074553160646 off 0.282061582991561 neg 0.27531767147683256	false	0.5
skeptisch	neg 1.0		__DUMMY__ 0.4426483192395461 off 0.28286394344828597 neg 0.2744877373121679	false	0.5
schrecklich	neg 1.0		__DUMMY__ 0.4415041496265368 off 0.2876345182512022 neg 0.2708613321222612	false	0.5
schlapp	neg 1.0		__DUMMY__ 0.44175519058103724 off 0.28776669540183547 neg 0.27047811401712735	false	0.5
abfall	neg 1.0		__DUMMY__ 0.44309019838158703 off 0.28199430323791225 neg 0.27491549838050067	false	0.5
widerspenstig	neg 1.0		__DUMMY__ 0.4419868253330047 off 0.2851512112898334 neg 0.27286196337716184	false	0.5
abrupt	neg 1.0		__DUMMY__ 0.4429428438762515 off 0.28366857539949764 neg 0.2733885807242508	false	0.5
unwirksam	neg 1.0		__DUMMY__ 0.4426833030851601 neg 0.2798000860146476 off 0.2775166109001922	false	1.0
angreifen	neg 1.0		__DUMMY__ 0.44251970279420955 off 0.2828840331857834 neg 0.2745962640200069	false	0.5
inkonsistent	neg 1.0		__DUMMY__ 0.44276745132309653 off 0.2848023685293745 neg 0.272430180147529	false	0.5
abrutschen	neg 1.0		__DUMMY__ 0.442576474329841 off 0.2828666358872874 neg 0.2745568897828717	false	0.5
unsicher	neg 1.0		__DUMMY__ 0.4423882619027813 off 0.28486273045269284 neg 0.2727490076445258	false	0.5
bauernkind	off 1.0		__DUMMY__ 0.44030625359250575 off 0.29174222434102054 neg 0.2679515220664736	false	1.0
angreifer	neg 1.0		__DUMMY__ 0.4423496963700259 off 0.28032418205809423 neg 0.2773261215718798	false	0.5
trennen	neg 1.0		__DUMMY__ 0.44321343002225455 off 0.2836730314864714 neg 0.2731135384912741	false	0.5
schmutz	neg 1.0		__DUMMY__ 0.44289840803663744 off 0.28031723512865436 neg 0.2767843568347081	false	0.5
inkonsistenz	neg 1.0		__DUMMY__ 0.44204692804123874 off 0.2856593759358142 neg 0.2722936960229471	false	0.5
erschreckend	neg 1.0		__DUMMY__ 0.4424340256446893 off 0.2836656775511004 neg 0.27390029680421024	false	0.5
ertrinken	neg 1.0		__DUMMY__ 0.4419531747162947 off 0.28423315173965946 neg 0.2738136735440459	false	0.5
pickelface	off 1.0		__DUMMY__ 0.43912629095362765 off 0.29614130526804666 neg 0.2647324037783256	false	1.0
lauch	neg 1.0		__DUMMY__ 0.43986883822577283 off 0.293189279468279 neg 0.2669418823059481	false	0.5
steuerhinterziehung	neg 1.0		__DUMMY__ 0.44224966830104334 off 0.280147264272936 neg 0.2776030674260206	false	0.5
unwichtig	neg 1.0		__DUMMY__ 0.44213536937745207 off 0.2857031918570784 neg 0.2721614387654695	false	0.5
schock	neg 1.0		__DUMMY__ 0.44281336260481374 off 0.28480434613634503 neg 0.27238229125884117	false	0.5
vergelten	neg 1.0		__DUMMY__ 0.44112470450849955 off 0.28267286388517854 neg 0.2762024316063218	false	0.5
beule	neg 1.0		__DUMMY__ 0.4414883708982423 off 0.28847580286215796 neg 0.2700358262395999	false	0.5
verdorbenheit	neg 1.0		__DUMMY__ 0.44510632236761827 off 0.2821676330938008 neg 0.2727260445385811	false	0.5
trauma			__DUMMY__ 0.4052862802201042 off 0.31536288218380554 neg 0.27935083759609014	false	0.0
sinnlos	neg 1.0		__DUMMY__ 0.442058232082061 off 0.2856549018617856 neg 0.2722868660561534	false	0.5
fettsack	off 1.0		__DUMMY__ 0.44083492031804244 off 0.29121516130135233 neg 0.2679499183806051	false	1.0
feige	off 1.0		__DUMMY__ 0.4422610118931378 off 0.28564202666037675 neg 0.2720969614464854	false	1.0
abdanken	neg 1.0		__DUMMY__ 0.4421290011948725 off 0.2832169176951752 neg 0.2746540811099524	false	0.5
wichtigtuer	off 1.0	off 1.0	off 0.6318901615311104 __DUMMY__ 0.2144498556603092 neg 0.15365998280858031	false	1.0
misslingen	neg 1.0		__DUMMY__ 0.44187438209420926 off 0.28508971922140114 neg 0.27303589868438943	false	0.5
untreu	off 1.0		__DUMMY__ 0.442244418242192 off 0.285707702629602 neg 0.272047879128206	false	1.0
missmutig	neg 1.0		__DUMMY__ 0.4425208509715797 off 0.2849040413069888 neg 0.2725751077214314	false	0.5
hurenbock	off 1.0		__DUMMY__ 0.43981481484824697 off 0.2916298637057396 neg 0.26855532144601335	false	1.0
betrunken	neg 1.0		__DUMMY__ 0.44141368868810665 off 0.28770266754562057 neg 0.27088364376627283	false	0.5
korrupt	off 1.0		__DUMMY__ 0.44200842921761746 off 0.2830717534490589 neg 0.2749198173333237	false	1.0
unmut	neg 1.0		__DUMMY__ 0.44268529106203597 off 0.28158375745216724 neg 0.27573095148579674	false	0.5
hackfresse	off 1.0		__DUMMY__ 0.4411068379461201 off 0.2886096273572403 neg 0.2702835346966397	false	1.0
aufblasen	neg 1.0		__DUMMY__ 0.4421619336510889 off 0.2856201895321354 neg 0.2722178768167755	false	0.5
gewaltsam	neg 1.0		__DUMMY__ 0.4425163104503425 off 0.2809395099014108 neg 0.2765441796482468	false	0.5
unbeliebtheit	neg 1.0		__DUMMY__ 0.44259283280672773 off 0.2800345610497214 neg 0.27737260614355086	false	0.5
sturheit	neg 1.0		__DUMMY__ 0.44235682617473027 off 0.2829966506803806 neg 0.2746465231448891	false	0.5
kuh	neg 1.0		__DUMMY__ 0.44050106346304607 off 0.29193050563156875 neg 0.26756843090538507	false	0.5
erschrecken	neg 1.0		__DUMMY__ 0.44198041848812725 off 0.2861511432841709 neg 0.2718684382277018	false	0.5
opfer	neg 1.0		__DUMMY__ 0.44256527896958625 off 0.28341020859770655 neg 0.27402451243270715	false	0.5
stinktier	neg 1.0		__DUMMY__ 0.44042292257472127 off 0.29163639800556157 neg 0.26794067941971705	false	0.5
sinken	neg 1.0		__DUMMY__ 0.44375081506597674 off 0.27964022516198045 neg 0.276608959772043	false	0.5
tucke	off 1.0		__DUMMY__ 0.4400046178137057 off 0.29089684014539124 neg 0.2690985420409029	false	1.0
abstieg	neg 1.0		__DUMMY__ 0.44297978749807515 off 0.2813552663973132 neg 0.2756649461046117	false	0.5
missverstehen	neg 1.0		__DUMMY__ 0.44234395591029535 off 0.2849712661795456 neg 0.2726847779101592	false	0.5
ergebnislos	neg 1.0		__DUMMY__ 0.44312987056347974 off 0.279473387693643 neg 0.27739674174287726	false	0.5
manipulieren	neg 1.0		__DUMMY__ 0.44200868209225397 off 0.2832697078037721 neg 0.2747216101039741	false	0.5
verschleppen	neg 1.0		__DUMMY__ 0.4426612505193795 off 0.28013733038175737 neg 0.27720141909886314	false	0.5
unbewiesen	neg 1.0		__DUMMY__ 0.4425512920418562 off 0.28157542593839274 neg 0.275873282019751	false	0.5
weib	off 1.0		__DUMMY__ 0.4405399291799425 off 0.2906136882998756 neg 0.2688463825201819	false	1.0
opposition	neg 1.0		__DUMMY__ 0.4415180891854003 neg 0.2796731814134254 off 0.2788087294011743	false	1.0
verkehrswidrig	neg 1.0		__DUMMY__ 0.44137825798648644 off 0.2806848267260028 neg 0.2779369152875107	false	0.5
inkorrekt	neg 1.0		__DUMMY__ 0.4421209294701042 off 0.28552391202061334 neg 0.27235515850928244	false	0.5
vermeiden	neg 1.0		__DUMMY__ 0.4430725964573338 off 0.2812285517747024 neg 0.27569885176796377	false	0.5
abweichung	neg 1.0		__DUMMY__ 0.44300218789969253 off 0.2809564810859552 neg 0.2760413310143522	false	0.5
alkoholisiert	neg 1.0		__DUMMY__ 0.4424588799733008 off 0.2835738082021395 neg 0.2739673118245597	false	0.5
scheiss	off 1.0	off 1.0	off 0.6334077391159345 __DUMMY__ 0.21450857963167144 neg 0.15208368125239405	false	1.0
herausforderung	neg 1.0		__DUMMY__ 0.44330648973582343 off 0.28186562947475347 neg 0.27482788078942316	false	0.5
pervers	off 1.0		__DUMMY__ 0.44032230015221147 off 0.2905214723486632 neg 0.2691562274991254	false	1.0
wackelig	neg 1.0		__DUMMY__ 0.4422921164909186 off 0.28523307285596483 neg 0.2724748106531167	false	0.5
verwickeln	neg 1.0		__DUMMY__ 0.44250856179456466 off 0.2846773411583172 neg 0.27281409704711806	false	0.5
vorwand	neg 1.0		__DUMMY__ 0.4421786491837215 off 0.2831014826448076 neg 0.27471986817147076	false	0.5
muschi	off 1.0		__DUMMY__ 0.43923949452326166 off 0.2955493173975456 neg 0.2652111880791927	false	1.0
entmutigung	neg 1.0		__DUMMY__ 0.4422366758982849 off 0.28064293192416756 neg 0.27712039217754747	false	0.5
unstetig	neg 1.0		__DUMMY__ 0.44232328490959044 off 0.2834445428240542 neg 0.2742321722663554	false	0.5
unangemessen	neg 1.0		__DUMMY__ 0.44237667096988587 off 0.28330544481364756 neg 0.2743178842164666	false	0.5
entmutigen	neg 1.0		__DUMMY__ 0.4424080391671573 off 0.28502847283074845 neg 0.27256348800209423	false	0.5
schwanz	neg 1.0		__DUMMY__ 0.43865366434615166 off 0.2936772035716582 neg 0.2676691320821902	false	0.5
verbot	neg 1.0		__DUMMY__ 0.4422902227312357 off 0.28076104658089934 neg 0.2769487306878651	false	0.5
leid	neg 1.0		__DUMMY__ 0.4415213887183046 off 0.2880738504799954 neg 0.27040476080170006	false	0.5
archaisch	neg 1.0		__DUMMY__ 0.44223218466972675 off 0.2834707618598016 neg 0.2742970534704717	false	0.5
scheidung	neg 1.0		__DUMMY__ 0.4430801997314549 neg 0.2786131936789751 off 0.27830660658956996	false	1.0
abgestanden	neg 1.0		__DUMMY__ 0.44255984348007804 off 0.28663739728410215 neg 0.27080275923581976	false	0.5
einschlag	neg 1.0		__DUMMY__ 0.44299769240903175 off 0.28079570712096547 neg 0.2762066004700029	false	0.5
schmierig	off 1.0		__DUMMY__ 0.4416960066645766 off 0.28762583605888153 neg 0.2706781572765418	false	1.0
unpraktisch	neg 1.0		__DUMMY__ 0.44193230196175304 off 0.28664672527998586 neg 0.27142097275826116	false	0.5
wixxer	off 1.0		__DUMMY__ 0.4406446914781592 off 0.29155900264881496 neg 0.2677963058730257	false	1.0
jammerlappen	off 1.0		__DUMMY__ 0.4420658935398256 off 0.28574132335818697 neg 0.27219278310198747	false	1.0
farce	neg 1.0		__DUMMY__ 0.4424384996860291 off 0.28077542526068133 neg 0.2767860750532895	false	0.5
zwecklos	neg 1.0		__DUMMY__ 0.4425499807982476 off 0.28339951666419216 neg 0.2740505025375603	false	0.5
turbulent	neg 1.0		__DUMMY__ 0.4417324838905918 off 0.2829583082894945 neg 0.2753092078199138	false	0.5
schuld	neg 1.0		__DUMMY__ 0.44199398942110135 off 0.28496669412723147 neg 0.2730393164516672	false	0.5
risiko	neg 1.0		__DUMMY__ 0.4439311256300746 off 0.27878730958168246 neg 0.277281564788243	false	0.5
invasion	neg 1.0		__DUMMY__ 0.43285753878754674 neg 0.29458850534077013 off 0.2725539558716832	false	1.0
finster	neg 1.0		__DUMMY__ 0.4423049709226638 off 0.2869697818123837 neg 0.2707252472649525	false	0.5
geisteskrank	off 1.0		__DUMMY__ 0.4422590660572162 off 0.28564851945512754 neg 0.2720924144876563	false	1.0
ausbeute	neg 1.0		__DUMMY__ 0.444364466206818 off 0.28328380846680007 neg 0.272351725326382	false	0.5
zusammenbrechen	neg 1.0		__DUMMY__ 0.4420897964393375 off 0.2842769393848591 neg 0.2736332641758034	false	0.5
hinterhalt	neg 1.0		__DUMMY__ 0.44255690293235667 off 0.2833218274090774 neg 0.274121269658566	false	0.5
kritik	neg 1.0		__DUMMY__ 0.4423286716865178 off 0.28107194788974005 neg 0.27659938042374216	false	0.5
einschrumpfen	neg 1.0		__DUMMY__ 0.43976644874442694 off 0.28095631564706447 neg 0.2792772356085086	false	0.5
riskant	neg 1.0		__DUMMY__ 0.44247592306225514 off 0.28344796695330254 neg 0.2740761099844424	false	0.5
frustrieren	neg 1.0		__DUMMY__ 0.4425704551715936 off 0.2838369270217316 neg 0.27359261780667493	false	0.5
groll	neg 1.0		__DUMMY__ 0.44260640963907205 off 0.2831645096378139 neg 0.27422908072311414	false	0.5
qualvoll	neg 1.0		__DUMMY__ 0.44169143656910115 off 0.2857852155627781 neg 0.27252334786812066	false	0.5
wackeln	neg 1.0		__DUMMY__ 0.4425732450356608 off 0.28512311643123883 neg 0.27230363853310047	false	0.5
klagen	neg 1.0		__DUMMY__ 0.44242038720218085 off 0.28136560596324744 neg 0.27621400683457176	false	0.5
trauern	neg 1.0		__DUMMY__ 0.44239014711719016 off 0.2836924348652907 neg 0.273917418017519	false	0.5
ablehnung	neg 1.0		__DUMMY__ 0.4425578265507721 off 0.2805497687132349 neg 0.276892404735993	false	0.5
bankrott	neg 1.0		__DUMMY__ 0.4412734446735507 neg 0.282206710705753 off 0.2765198446206962	false	1.0
stur	neg 1.0		__DUMMY__ 0.44199182319619984 off 0.28457739014193517 neg 0.27343078666186493	false	0.5
aufruhr	neg 1.0		__DUMMY__ 0.44335536450695423 off 0.2792794692172155 neg 0.27736516627583024	false	0.5
melancholie	neg 1.0		__DUMMY__ 0.44222343420007687 off 0.2862467667919087 neg 0.2715297990080144	false	0.5
torheit	neg 1.0		__DUMMY__ 0.44239807059879666 off 0.2827262983514211 neg 0.27487563104978235	false	0.5
dreckskind	off 1.0		__DUMMY__ 0.43971538758039425 off 0.2942164507713101 neg 0.26606816164829566	false	1.0
umtauschen	neg 1.0		__DUMMY__ 0.4417346557935751 off 0.2866021546312417 neg 0.2716631895751831	false	0.5
zersetzen	neg 1.0		__DUMMY__ 0.4424837276333991 off 0.2823366382614273 neg 0.2751796341051736	false	0.5
frust	neg 1.0		__DUMMY__ 0.4421701158130229 off 0.2841537226678283 neg 0.27367616151914886	false	0.5
unerbittlichkeit	neg 1.0		__DUMMY__ 0.44251723247058405 off 0.2823843137486412 neg 0.2750984537807747	false	0.5
unkorrekt	neg 1.0		__DUMMY__ 0.44159958343165134 off 0.2860455658237641 neg 0.27235485074458443	false	0.5
hexe	off 1.0		__DUMMY__ 0.44237913665398715 off 0.28844774293479575 neg 0.26917312041121705	false	1.0
lasch	neg 1.0		__DUMMY__ 0.4422347035290134 off 0.28467489370318544 neg 0.2730904027678011	false	0.5
rivale	neg 1.0		__DUMMY__ 0.4419350758180431 off 0.2794236329831837 neg 0.2786412911987733	false	0.5
mutlos	off 1.0		__DUMMY__ 0.4425157962403202 off 0.2828293440908961 neg 0.27465485966878367	false	1.0
wirr	off 1.0		__DUMMY__ 0.4408318604278532 off 0.28794104660056297 neg 0.2712270929715838	false	1.0
strafbar	neg 1.0		__DUMMY__ 0.44254457628615707 off 0.28315614954742696 neg 0.27429927416641603	false	0.5
erosion	neg 1.0	neg 1.0	neg 0.6218299561830047 __DUMMY__ 0.2197161674883864 off 0.15845387632860883	false	1.0
eingehen	neg 1.0		__DUMMY__ 0.4424549021479055 off 0.28348613955972896 neg 0.2740589582923656	false	0.5
faul	off 1.0		__DUMMY__ 0.44131472547869166 off 0.28795260161086306 neg 0.2707326729104454	false	1.0
provisorium	neg 1.0		__DUMMY__ 0.4430170685568565 off 0.2822840858798647 neg 0.27469884556327867	false	0.5
schmerzen	neg 1.0		__DUMMY__ 0.44140653247195283 off 0.2865337855711541 neg 0.27205968195689306	false	0.5
schrumpfen	neg 1.0		__DUMMY__ 0.4430689159442439 off 0.2810651792272821 neg 0.275865904828474	false	0.5
geistlos	off 1.0		__DUMMY__ 0.4422174150448288 off 0.2844041595340056 neg 0.27337842542116547	false	1.0
frustrierend	neg 1.0		__DUMMY__ 0.4423546028612166 off 0.2859144458839153 neg 0.27173095125486807	false	0.5
fehlkauf	neg 1.0		__DUMMY__ 0.44437932947611636 off 0.2830857248948939 neg 0.27253494562898983	false	0.5
unzufrieden	neg 1.0		__DUMMY__ 0.44259786902326514 off 0.2833835825020984 neg 0.2740185484746363	false	0.5
verzweifeln	neg 1.0		__DUMMY__ 0.4422847007779813 off 0.2845055407610977 neg 0.2732097584609209	false	0.5
verzweifelt	neg 1.0		__DUMMY__ 0.4423939977722315 off 0.28511553941054296 neg 0.2724904628172255	false	0.5
misstrauensantrag	neg 1.0		__DUMMY__ 0.4413225504247412 neg 0.27939164442638753 off 0.2792858051488713	false	1.0
abfallen	neg 1.0		__DUMMY__ 0.4417020532293501 off 0.28669098213006805 neg 0.2716069646405817	false	0.5
fucker	off 1.0		__DUMMY__ 0.5358880080961002 off 0.2864382161707559 neg 0.17767377573314397	false	1.0
ungezogen	neg 1.0		__DUMMY__ 0.44109759276021837 off 0.2887626829075431 neg 0.2701397243322387	false	0.5
irrsinnig	neg 1.0		__DUMMY__ 0.44215940886993466 off 0.285208689819386 neg 0.27263190131067916	false	0.5
hart	neg 1.0		__DUMMY__ 0.43943893050612626 off 0.2927148256204453 neg 0.2678462438734285	false	0.5
unfassbar	neg 1.0		__DUMMY__ 0.4425869307962043 off 0.28566244923963013 neg 0.27175061996416555	false	0.5
widerlich	off 1.0		__DUMMY__ 0.44185664705600336 off 0.28614699825122536 neg 0.2719963546927712	false	1.0
fatal			__DUMMY__ 0.4254871656071714 off 0.2901905475017898 neg 0.2843222868910388	false	0.0
bruch	neg 1.0		__DUMMY__ 0.4429351041113168 off 0.2820285124587061 neg 0.27503638342997716	false	0.5
aushungern	neg 1.0		__DUMMY__ 0.4419776565142457 off 0.281413951377952 neg 0.2766083921078022	false	0.5
anspannung	neg 1.0		__DUMMY__ 0.4428394835706978 off 0.2830518758171375 neg 0.2741086406121646	false	0.5
kraftlos	neg 1.0		__DUMMY__ 0.44247878544294295 off 0.28429620152579954 neg 0.2732250130312575	false	0.5
grenzdebil	off 1.0		__DUMMY__ 0.4416855845213411 off 0.2867136275769219 neg 0.2716007879017369	false	1.0
unterwerfen	neg 1.0		__DUMMY__ 0.4424170424911393 off 0.2832559474108797 neg 0.274327010097981	false	0.5
versenkung	neg 1.0		__DUMMY__ 0.44266944450043305 off 0.28332637102842123 neg 0.2740041844711457	false	0.5
entziehen	neg 1.0		__DUMMY__ 0.44270480359357983 off 0.28253561827648327 neg 0.27475957812993673	false	0.5
finanzkrise	neg 1.0		__DUMMY__ 0.4428177649083367 neg 0.2791576818815274 off 0.278024553210136	false	1.0
schimpfend	neg 1.0		__DUMMY__ 0.4416635002298783 off 0.2861856911445819 neg 0.2721508086255397	false	0.5
profan	neg 1.0		__DUMMY__ 0.4422954448312501 off 0.28546871165507315 neg 0.27223584351367663	false	0.5
korruption	neg 1.0		__DUMMY__ 0.44237215900704896 off 0.2802902276855833 neg 0.2773376133073677	false	0.5
schmutzig	neg 1.0		__DUMMY__ 0.4417300891984527 off 0.2869000842240379 neg 0.2713698265775095	false	0.5
abraten	neg 1.0		__DUMMY__ 0.44218669509748953 off 0.286000782374618 neg 0.2718125225278924	false	0.5
sexy	neg 1.0		__DUMMY__ 0.40952437435198336 off 0.3071633254872338 neg 0.2833123001607829	false	0.5
fotze	off 1.0		__DUMMY__ 0.43808201603883384 off 0.29762762656108455 neg 0.26429035740008167	false	1.0
schwarz	neg 1.0		__DUMMY__ 0.4430063568944759 off 0.2837919468104892 neg 0.273201696295035	false	0.5
verwirren	neg 1.0		__DUMMY__ 0.442027204443124 off 0.2859834506999485 neg 0.2719893448569276	false	0.5
zahnlos	off 1.0		__DUMMY__ 0.4427959760369164 off 0.283403154880719 neg 0.2738008690823647	false	1.0
verheeren	neg 1.0		__DUMMY__ 0.4422726339888741 neg 0.2799262713923679 off 0.27780109461875796	false	1.0
rammen	neg 1.0		__DUMMY__ 0.441893167280639 off 0.2869662503076106 neg 0.2711405824117504	false	0.5
unlauter	neg 1.0		__DUMMY__ 0.4419529318561811 off 0.28020352941226284 neg 0.2778435387315559	false	0.5
unheilvoll	neg 1.0		__DUMMY__ 0.4416238027850486 off 0.28547023908807634 neg 0.2729059581268751	false	0.5
niedrig	neg 1.0		__DUMMY__ 0.4442237553565915 off 0.2799613095625875 neg 0.27581493508082094	false	0.5
weichei	off 1.0		__DUMMY__ 0.44136054506237876 off 0.2886324060932527 neg 0.2700070488443685	false	1.0
explosion	neg 1.0		__DUMMY__ 0.43876947900528607 neg 0.2861272171891573 off 0.27510330380555664	false	1.0
minusmensch	off 1.0		__DUMMY__ 0.44056864314651134 off 0.2933967551602327 neg 0.2660346016932559	false	1.0
farblos	neg 1.0		__DUMMY__ 0.4438906851791978 off 0.28411386872328254 neg 0.2719954460975197	false	0.5
unwissend	neg 1.0		__DUMMY__ 0.4419691897481781 off 0.28608219085588565 neg 0.27194861939593623	false	0.5
traurig	neg 1.0		__DUMMY__ 0.4417535844000604 off 0.2871663332434157 neg 0.271080082356524	false	0.5
senkung	neg 1.0		__DUMMY__ 0.44185075443696886 neg 0.281989111578779 off 0.2761601339842522	false	1.0
ungleich	neg 1.0		__DUMMY__ 0.4424283077032065 off 0.28302022252621145 neg 0.2745514697705821	false	0.5
heikel	neg 1.0		__DUMMY__ 0.4422982992977112 off 0.2832530710116101 neg 0.2744486296906786	false	0.5
drosselung	neg 1.0		__DUMMY__ 0.4423993932370849 neg 0.28065779038408456 off 0.2769428163788306	false	1.0
falsch	neg 1.0		__DUMMY__ 0.4420072318387899 off 0.2859978527922234 neg 0.2719949153689866	false	0.5
unzufriedenheit	neg 1.0		__DUMMY__ 0.44250210789623595 off 0.2823680899373861 neg 0.27512980216637795	false	0.5
kurz	neg 1.0		__DUMMY__ 0.4424097750037151 off 0.2855740756441647 neg 0.2720161493521201	false	0.5
unsinnig	neg 1.0		__DUMMY__ 0.44210138948594524 off 0.2839252473085113 neg 0.27397336320554344	false	0.5
penner	off 1.0		__DUMMY__ 0.44131416508897386 off 0.2883545654449491 neg 0.27033126946607705	false	1.0
seicht	neg 1.0		__DUMMY__ 0.44209391318665475 off 0.2866635963462039 neg 0.2712424904671414	false	0.5
dummheit	off 1.0		__DUMMY__ 0.442055726344838 off 0.284783429928311 neg 0.27316084372685107	false	1.0
unerfreulich	neg 1.0		__DUMMY__ 0.4425783774831989 off 0.28307781670611476 neg 0.2743438058106863	false	0.5
pikiert	neg 1.0		__DUMMY__ 0.4420907980837234 off 0.2858462646522574 neg 0.27206293726401926	false	0.5
motherfucker	off 1.0		__DUMMY__ 0.5249542719267695 off 0.28526170080316404 neg 0.1897840272700664	false	1.0
wrack	neg 1.0		__DUMMY__ 0.4428538233189461 off 0.2832039558195715 neg 0.2739422208614825	false	0.5
gangster	neg 1.0		__DUMMY__ 0.4726796155767093 off 0.2983209302271398 neg 0.2289994541961508	false	0.5
krank	neg 1.0		__DUMMY__ 0.4416836131677309 off 0.2875335036314864 neg 0.27078288320078264	false	0.5
reich	neg 1.0		__DUMMY__ 0.4427180259897353 off 0.28316724589053827 neg 0.2741147281197264	false	0.5
gnadenlos	neg 1.0		__DUMMY__ 0.4424067742026764 off 0.2850416316579864 neg 0.2725515941393372	false	0.5
niedergeschlagen	neg 1.0		__DUMMY__ 0.442433194207305 off 0.2842482438863651 neg 0.2733185619063299	false	0.5
terrorisieren	off 1.0	off 1.0	off 0.6308980732971263 __DUMMY__ 0.21489673153255412 neg 0.15420519517031958	false	1.0
sinnlosigkeit	neg 1.0		__DUMMY__ 0.4422598401369481 off 0.28369734966366383 neg 0.274042810199388	false	0.5
behindern	neg 1.0		__DUMMY__ 0.4432383370631354 off 0.2801070067105935 neg 0.2766546562262712	false	0.5
undemokratisch	neg 1.0		__DUMMY__ 0.4415635609904615 off 0.282353001427072 neg 0.27608343758246645	false	0.5
wirtschaftskrise	neg 1.0		__DUMMY__ 0.4431267279134846 off 0.27875252011647406 neg 0.2781207519700413	false	0.5
neid	neg 1.0		__DUMMY__ 0.4426005773561672 off 0.28577573916512566 neg 0.27162368347870697	false	0.5
rutschen	neg 1.0		__DUMMY__ 0.44310699160918865 off 0.28402972031051493 neg 0.2728632880802963	false	0.5
rezession	neg 1.0		__DUMMY__ 0.4432816471763755 neg 0.2796892489655136 off 0.277029103858111	false	1.0
fehlgeburt	neg 1.0		__DUMMY__ 0.4413630608210116 off 0.28633441204856236 neg 0.272302527130426	false	0.5
charakterschwach	off 1.0		__DUMMY__ 0.4420376068402801 off 0.28562511266312035 neg 0.27233728049659955	false	1.0
isolation	neg 1.0		__DUMMY__ 0.43562434764255614 neg 0.29060500693722546 off 0.2737706454202184	false	1.0
ablenkung	neg 1.0		__DUMMY__ 0.4421552393375664 off 0.28515344923153957 neg 0.272691311430894	false	0.5
pech	neg 1.0		__DUMMY__ 0.44223923592137276 off 0.2868587392777888 neg 0.27090202480083836	false	0.5
dominieren	neg 1.0		__DUMMY__ 0.44378680782937546 off 0.2794580212832746 neg 0.27675517088734997	false	0.5
vermeidung	neg 1.0		__DUMMY__ 0.44153787092683866 neg 0.28222017319304143 off 0.27624195588011985	false	1.0
schwindlig	neg 1.0		__DUMMY__ 0.44143096405999455 off 0.2882076010862945 neg 0.2703614348537109	false	0.5
lutscher	neg 1.0		__DUMMY__ 0.4403914726324928 off 0.2918785938886292 neg 0.267729933478878	false	0.5
pflicht	neg 1.0		__DUMMY__ 0.44268888145942276 off 0.28286694190253964 neg 0.27444417663803755	false	0.5
faschist	off 1.0		__DUMMY__ 0.4419190139997046 off 0.28447316815325946 neg 0.2736078178470358	false	1.0
verschleudern	neg 1.0		__DUMMY__ 0.4427371089246483 off 0.2805775000897322 neg 0.27668539098561956	false	0.5
ehebruch	neg 1.0		__DUMMY__ 0.4424702468660239 off 0.2835348034459484 neg 0.2739949496880277	false	0.5
trostlosigkeit	neg 1.0		__DUMMY__ 0.4425241707086003 off 0.28264791613261175 neg 0.274827913158788	false	0.5
lutschen	neg 1.0		__DUMMY__ 0.4392232872370392 off 0.29265876849583383 neg 0.26811794426712715	false	0.5
spott	off 1.0		__DUMMY__ 0.442462969199995 off 0.28294541897723263 neg 0.27459161182277225	false	1.0
undiszipliniert	neg 1.0		__DUMMY__ 0.4415786576024159 off 0.2871786003625495 neg 0.27124274203503473	false	0.5
kopfschmerz	neg 1.0		__DUMMY__ 0.4413568298653721 off 0.286141819396965 neg 0.27250135073766285	false	0.5
unvorhergesehen	neg 1.0		__DUMMY__ 0.4426634636887774 off 0.2846261814045533 neg 0.27271035490666934	false	0.5
desinteressiert	neg 1.0		__DUMMY__ 0.4418766582481323 off 0.28691745500699417 neg 0.2712058867448736	false	0.5
armselig	off 1.0		__DUMMY__ 0.4423742654019413 off 0.28558070404914554 neg 0.2720450305489131	false	1.0
tod	neg 1.0		__DUMMY__ 0.44270949608663185 off 0.2826977131197869 neg 0.27459279079358123	false	0.5
desaster	neg 1.0		__DUMMY__ 0.4428235831654096 off 0.2812630949437052 neg 0.27591332189088513	false	0.5
herzlos	neg 1.0		__DUMMY__ 0.4418971698088729 off 0.286904540903717 neg 0.27119828928741013	false	0.5
unwissenheit	neg 1.0		__DUMMY__ 0.44204539101361495 off 0.2830686905088321 neg 0.2748859184775531	false	0.5
widersinnig	neg 1.0		__DUMMY__ 0.44216478477043647 off 0.28191497213127664 neg 0.275920243098287	false	0.5
bedenklich	neg 1.0		__DUMMY__ 0.44232441810031764 off 0.28321461870186376 neg 0.2744609631978186	false	0.5
beanstanden	neg 1.0		__DUMMY__ 0.4427318993659934 off 0.28240654738179166 neg 0.27486155325221495	false	0.5
panisch	neg 1.0		__DUMMY__ 0.4417309600452331 off 0.286288635474472 neg 0.2719804044802949	false	0.5
abstrich	neg 1.0		__DUMMY__ 0.44107812218924386 off 0.2861105811099048 neg 0.27281129670085147	false	0.5
debil	off 1.0		__DUMMY__ 0.43608106918366324 off 0.29967740778274227 neg 0.26424152303359455	false	1.0
primitiv	neg 1.0		__DUMMY__ 0.4424252500826668 off 0.28590875023961215 neg 0.27166599967772104	false	0.5
abschaum	off 1.0		__DUMMY__ 0.442123945248549 off 0.2854040763692281 neg 0.2724719783822229	false	1.0
tot	neg 1.0		__DUMMY__ 0.4417294719954778 off 0.2864470581137281 neg 0.27182346989079403	false	0.5
provozieren	neg 1.0		__DUMMY__ 0.442210689849502 off 0.28468089915243866 neg 0.27310841099805944	false	0.5
instabil	neg 1.0		__DUMMY__ 0.4430739400863726 off 0.28381774279538624 neg 0.2731083171182412	false	0.5
schwuchtel	off 1.0		__DUMMY__ 0.43985137510957084 off 0.29264645602975947 neg 0.2675021688606697	false	1.0
zerren	neg 1.0		__DUMMY__ 0.4422139990538076 off 0.284505682884215 neg 0.27328031806197733	false	0.5
kinderficker	off 1.0		__DUMMY__ 0.4414697615328313 off 0.2860879360397676 neg 0.27244230242740103	false	1.0
gefahr	neg 1.0		__DUMMY__ 0.4431548566983369 off 0.2799433134295714 neg 0.2769018298720917	false	0.5
rabiat	neg 1.0		__DUMMY__ 0.4425319446843371 off 0.28457601299028246 neg 0.27289204232538034	false	0.5
verlangsamung	neg 1.0		__DUMMY__ 0.444041623142511 off 0.2779919399555449 neg 0.27796643690194406	false	0.5
anklagen	neg 1.0		__DUMMY__ 0.4422744071982843 off 0.2802854743669196 neg 0.2774401184347961	false	0.5
ausgestorben	neg 1.0		__DUMMY__ 0.442826598015069 off 0.284017071442344 neg 0.2731563305425869	false	0.5
verminderung	neg 1.0		__DUMMY__ 0.44197711112636556 neg 0.28211967626018625 off 0.2759032126134483	false	1.0
rost	neg 1.0		__DUMMY__ 0.4452472621559935 off 0.2806368513841811 neg 0.2741158864598255	false	0.5
destruktiv	neg 1.0		__DUMMY__ 0.4422201121597947 off 0.2836702546849182 neg 0.2741096331552871	false	0.5
unzumutbarkeit	neg 1.0		__DUMMY__ 0.4427166112191124 off 0.2800918949099399 neg 0.27719149387094777	false	0.5
labil	off 1.0	off 1.0	off 0.7109743869988134 __DUMMY__ 0.17583124894901664 neg 0.1131943640521698	false	1.0
ziemlich	neg 1.0		__DUMMY__ 0.4419049377653651 off 0.2869874282960186 neg 0.27110763393861625	false	0.5
lachnummer	off 1.0		__DUMMY__ 0.44251247190325094 off 0.2836442399249437 neg 0.2738432881718054	false	1.0
ausgrenzung	neg 1.0		__DUMMY__ 0.44219764814856855 off 0.2809035806825778 neg 0.2768987711688537	false	0.5
verfall	neg 1.0		__DUMMY__ 0.44268792105477567 off 0.28128250186039816 neg 0.2760295770848263	false	0.5
unordnung	neg 1.0	neg 1.0	neg 0.6215684331262409 __DUMMY__ 0.21688928141174338 off 0.16154228546201577	false	1.0
fehlverhalten	neg 1.0		__DUMMY__ 0.44243495658476634 off 0.2823698768672048 neg 0.275195166548029	false	0.5
nille	neg 1.0		__DUMMY__ 0.4365874779076027 off 0.3003353684213291 neg 0.26307715367106826	false	0.5
qual	neg 1.0		__DUMMY__ 0.41122538530879793 off 0.2968238875399028 neg 0.29195072715129927	false	0.5
riesig	neg 1.0		__DUMMY__ 0.4421094000892592 off 0.29026387343164284 neg 0.26762672647909796	false	0.5
verschwenden	neg 1.0		__DUMMY__ 0.4423029371311918 off 0.2837902291816152 neg 0.27390683368719304	false	0.5
verurteilen	neg 1.0		__DUMMY__ 0.4421652656149796 off 0.28302421650335574 neg 0.2748105178816646	false	0.5
klischee	neg 1.0		__DUMMY__ 0.4422958485439465 off 0.2854335080965307 neg 0.27227064335952283	false	0.5
diktatorisch	neg 1.0		__DUMMY__ 0.4416622317021495 off 0.28272297507123956 neg 0.2756147932266109	false	0.5
vorhersehbar	neg 1.0		__DUMMY__ 0.4426084455259449 off 0.2847818987559242 neg 0.27260965571813084	false	0.5
stornieren	neg 1.0		__DUMMY__ 0.4422984999492256 off 0.282953239694406 neg 0.2747482603563685	false	0.5
besteuerung	neg 1.0		__DUMMY__ 0.4426160757347083 neg 0.2806673576263516 off 0.2767165666389401	false	1.0
ungeschminkt	neg 1.0		__DUMMY__ 0.4401895014371575 off 0.29080552343834365 neg 0.2690049751244989	false	0.5
kritisch	neg 1.0		__DUMMY__ 0.44246225725113636 off 0.28291376153053993 neg 0.2746239812183238	false	0.5
schlamperei	off 1.0		__DUMMY__ 0.44261026815650867 off 0.280433625392521 neg 0.2769561064509703	false	1.0
sucht	neg 1.0		__DUMMY__ 0.44466829810951325 off 0.28305586635844293 neg 0.2722758355320438	false	0.5
egoistisch	off 1.0		__DUMMY__ 0.44141466391466083 off 0.2872812619570493 neg 0.2713040741282897	false	1.0
ausbeuter	off 1.0		__DUMMY__ 0.4424286212302225 off 0.2824762092955504 neg 0.2750951694742271	false	1.0
arschgeburt			__DUMMY__ 0.43939607347471943 off 0.29374935559368326 neg 0.2668545709315974	false	0.0
schubs	neg 1.0		__DUMMY__ 0.4411313253096373 off 0.2875331361543685 neg 0.27133553853599424	false	0.5
unsolide	neg 1.0		__DUMMY__ 0.44180666766012905 off 0.2824202256185786 neg 0.27577310672129246	false	0.5
beschwerde	neg 1.0		__DUMMY__ 0.442165994609601 off 0.2807075244101293 neg 0.27712648098026954	false	0.5
stocken	neg 1.0		__DUMMY__ 0.443630169272621 off 0.2787503293707492 neg 0.2776195013566298	false	0.5
isolieren	neg 1.0		__DUMMY__ 0.44291492775045643 off 0.27964919595151966 neg 0.2774358762980239	false	0.5
unheilbar	neg 1.0		__DUMMY__ 0.44224082664732267 off 0.284425337349489 neg 0.2733338360031883	false	0.5
pisser	off 1.0		__DUMMY__ 0.4394493536886501 off 0.2936973199382428 neg 0.2668533263731072	false	1.0
löschen	neg 1.0		__DUMMY__ 0.4375494813871155 off 0.2873805646996429 neg 0.2750699539132414	false	0.5
durchfallen	neg 1.0		__DUMMY__ 0.4421178259238601 off 0.28373830746486867 neg 0.2741438666112713	false	0.5
wichser	off 1.0		__DUMMY__ 0.4413222143534668 off 0.2886588953515361 neg 0.27001889029499704	false	1.0
terror	neg 1.0		__DUMMY__ 0.43845715353958936 neg 0.28389876480674686 off 0.2776440816536638	false	1.0
krass	neg 1.0		__DUMMY__ 0.44049111280717257 off 0.29060256757109215 neg 0.2689063196217352	false	0.5
revolte	neg 1.0		__DUMMY__ 0.44297369364958644 off 0.2792986985248055 neg 0.2777276078256082	false	0.5
besorgt	neg 1.0		__DUMMY__ 0.44227729931276116 off 0.2845320184534545 neg 0.2731906822337844	false	0.5
nachlassen	neg 1.0		__DUMMY__ 0.4427043073562183 off 0.28290100734282614 neg 0.2743946853009557	false	0.5
alt	neg 1.0		__DUMMY__ 0.442649994864614 off 0.28774248343625924 neg 0.2696075216991269	false	0.5
hundesohn	off 1.0		__DUMMY__ 0.4383574045621437 off 0.29620504665598385 neg 0.2654375487818725	false	1.0
abschreckung	neg 1.0		__DUMMY__ 0.44238639030990373 off 0.28190519307057227 neg 0.27570841661952394	false	0.5
unqualifiziert	neg 1.0		__DUMMY__ 0.44184655286513885 off 0.2845861116874705 neg 0.27356733544739065	false	0.5
abgewichst	off 1.0		__DUMMY__ 0.4375782207395982 off 0.29789345133552647 neg 0.2645283279248754	false	1.0
kapitulation	neg 1.0		__DUMMY__ 0.4426918064148057 off 0.28067342540425827 neg 0.276634768180936	false	0.5
schwer	neg 1.0		__DUMMY__ 0.4425404246299216 off 0.28472752243029165 neg 0.2727320529397868	false	0.5
bedeutungslosigkeit	neg 1.0		__DUMMY__ 0.4427140199154825 off 0.2822678120501497 neg 0.2750181680343677	false	0.5
unscharf	neg 1.0		__DUMMY__ 0.4410235921027523 off 0.28853923658401737 neg 0.2704371713132303	false	0.5
schwinden	neg 1.0		__DUMMY__ 0.4432712534685241 off 0.2792940056929652 neg 0.27743474083851083	false	0.5
versklavung	neg 1.0		__DUMMY__ 0.44198465907600576 off 0.2802352834954041 neg 0.2777800574285903	false	0.5
schlecht	neg 1.0		__DUMMY__ 0.44201917802195617 off 0.2864345430020189 neg 0.2715462789760249	false	0.5
verhasst	neg 1.0		__DUMMY__ 0.4423623655048826 off 0.2840476066918065 neg 0.27359002780331093	false	0.5
beschweren	neg 1.0		__DUMMY__ 0.4425228163668854 off 0.28496499884975507 neg 0.27251218478335953	false	0.5
scheiden	neg 1.0		__DUMMY__ 0.4426094884349761 off 0.2849392475274878 neg 0.27245126403753606	false	0.5
frustriert	neg 1.0		__DUMMY__ 0.4423197322558159 off 0.28439088822426195 neg 0.27328937951992205	false	0.5
schimmelig	neg 1.0		__DUMMY__ 0.44069037577426434 off 0.29063119082899613 neg 0.26867843339673964	false	0.5
fisch	neg 1.0		__DUMMY__ 0.44281068183471384 off 0.2876194202544253 neg 0.269569897910861	false	0.5
schmuggel	neg 1.0		__DUMMY__ 0.4425441421905956 off 0.2832785395436704 neg 0.2741773182657341	false	0.5
auffallen	neg 1.0		__DUMMY__ 0.4423309799846663 off 0.28496077026396643 neg 0.27270824975136726	false	0.5
konkurrenz	neg 1.0		__DUMMY__ 0.4427012183000149 off 0.2824622556229239 neg 0.27483652607706116	false	0.5
teufelskreis	neg 1.0		__DUMMY__ 0.44252308553582403 off 0.2841504211937502 neg 0.2733264932704257	false	0.5
aufschreien	neg 1.0		__DUMMY__ 0.44233077418874334 off 0.28557661508299037 neg 0.2720926107282662	false	0.5
missgeburt	off 1.0		__DUMMY__ 0.4399293365086311 off 0.2935645778805589 neg 0.2665060856108101	false	1.0
schuldner	neg 1.0		__DUMMY__ 0.4427669467047225 off 0.2796319112386897 neg 0.2776011420565878	false	0.5
befallen	neg 1.0		__DUMMY__ 0.44167978007516934 off 0.28230980255777693 neg 0.2760104173670537	false	0.5
arbeitslos	neg 1.0		__DUMMY__ 0.44243521000898256 off 0.28363178186294 neg 0.2739330081280774	false	0.5
miesepetrig	off 1.0		__DUMMY__ 0.4418243898802994 off 0.286574063854777 neg 0.2716015462649235	false	1.0
alarmieren	neg 1.0		__DUMMY__ 0.4430430305320654 neg 0.278484678404221 off 0.27847229106371374	false	1.0
ungeduscht	off 1.0		__DUMMY__ 0.44059000636871143 off 0.2892977143680625 neg 0.270112279263226	false	1.0
knappheit	neg 1.0		__DUMMY__ 0.4430746569014139 off 0.2795834376938133 neg 0.27734190540477266	false	0.5
schlange	neg 1.0		__DUMMY__ 0.44251331987701603 off 0.2853692718348386 neg 0.2721174082881452	false	0.5
harsch	neg 1.0		__DUMMY__ 0.44232558006589845 off 0.2802290010004407 neg 0.2774454189336608	false	0.5
lang	neg 1.0	neg 1.0	neg 0.5748067278634301 __DUMMY__ 0.24189744021359616 off 0.18329583192297366	false	1.0
ziellos	neg 1.0		__DUMMY__ 0.4426105465105803 off 0.2840794273132324 neg 0.27331002617618744	false	0.5
selbstverliebt	neg 1.0		__DUMMY__ 0.4410883081510415 off 0.2896516657910041 neg 0.2692600260579544	false	0.5
beseitigen	neg 1.0		__DUMMY__ 0.44321665946938216 off 0.2797976570843204 neg 0.2769856834462975	false	0.5
dumm	off 1.0		__DUMMY__ 0.4414450317058608 off 0.28808758738733137 neg 0.27046738090680783	false	1.0
arbeitsloser	neg 1.0		__DUMMY__ 0.4425515179298215 off 0.2833430764750515 neg 0.27410540559512697	false	0.5
blitzen	neg 1.0		__DUMMY__ 0.4434612663020489 off 0.28450232405830045 neg 0.27203640963965064	false	0.5
hilflos	neg 1.0		__DUMMY__ 0.4420118360094415 off 0.2845560540147972 neg 0.2734321099757613	false	0.5
eklig	off 1.0		__DUMMY__ 0.44075141124953526 off 0.289877632263961 neg 0.26937095648650367	false	1.0
hungersnot	neg 1.0		__DUMMY__ 0.44315902701442744 off 0.2802652378027939 neg 0.2765757351827787	false	0.5
ungesetzlich	neg 1.0		__DUMMY__ 0.4421182751408582 off 0.281892963778556 neg 0.2759887610805858	false	0.5
verschwendung	neg 1.0		__DUMMY__ 0.4423700129007572 off 0.28336084410692397 neg 0.27426914299231875	false	0.5
schmerzvoll	neg 1.0		__DUMMY__ 0.4420737896665567 off 0.2856393881253627 neg 0.27228682220808065	false	0.5
vorzeitig	neg 1.0		__DUMMY__ 0.44294443367203695 neg 0.2786070852977003 off 0.2784484810302627	false	1.0
unvollkommenheit	neg 1.0		__DUMMY__ 0.44236422362260064 off 0.2840778349029542 neg 0.27355794147444523	false	0.5
intervenieren	neg 1.0		__DUMMY__ 0.44223526939344987 off 0.28198371317419074 neg 0.2757810174323594	false	0.5
banause	off 1.0		__DUMMY__ 0.4411338870457042 off 0.2885623040551821 neg 0.2703038088991137	false	1.0
rebell	neg 1.0		__DUMMY__ 0.4382766199793044 off 0.2938533973182086 neg 0.2678699827024871	false	0.5
unlogisch	neg 1.0		__DUMMY__ 0.4416301321233697 off 0.2868885354848797 neg 0.2714813323917506	false	0.5
abschaffung	neg 1.0		__DUMMY__ 0.4420654549057819 off 0.2791738259494455 neg 0.2787607191447727	false	0.5
leiden	neg 1.0		__DUMMY__ 0.44253805503966914 off 0.28505337183511104 neg 0.27240857312521977	false	0.5
sturz	neg 1.0		__DUMMY__ 0.4431508206288233 off 0.27989453169116607 neg 0.2769546476800106	false	0.5
verkleinerung	neg 1.0		__DUMMY__ 0.44262969038996214 neg 0.27927916232262695 off 0.2780911472874109	false	1.0
schmarotzer	off 1.0		__DUMMY__ 0.4421592647139322 off 0.28385189920165166 neg 0.27398883608441604	false	1.0
bestrafung	neg 1.0		__DUMMY__ 0.44224488024396524 off 0.28520967434292915 neg 0.2725454454131056	false	0.5
achtlos	neg 1.0		__DUMMY__ 0.44209565461340794 off 0.2845131099731703 neg 0.27339123541342175	false	0.5
ungeheuer	neg 1.0		__DUMMY__ 0.4426644820374369 off 0.2860817914865554 neg 0.2712537264760076	false	0.5
unaufrichtig	neg 1.0		__DUMMY__ 0.4413169991198201 off 0.2850895154398693 neg 0.2735934854403104	false	0.5
groggy	neg 1.0		__DUMMY__ 0.4416417068763207 off 0.29002876432360203 neg 0.2683295288000774	false	0.5
verletzlich	neg 1.0		__DUMMY__ 0.44185991445423506 off 0.28675000633084824 neg 0.27139007921491654	false	0.5
ablehnen	neg 1.0		__DUMMY__ 0.44214965014318325 off 0.28289657013082814 neg 0.2749537797259885	false	0.5
kollaps	neg 1.0		__DUMMY__ 0.442883086674201 neg 0.27899147921519396 off 0.278125434110605	false	1.0
beschnitten	neg 1.0		__DUMMY__ 0.4422438870195344 off 0.2850452836311272 neg 0.2727108293493384	false	0.5
defekt	neg 1.0		__DUMMY__ 0.4423719165500204 off 0.27915676303767206 neg 0.2784713204123076	false	0.5
dreckskerl	off 1.0		__DUMMY__ 0.44140803710893595 off 0.28703627082507716 neg 0.271555692065987	false	1.0
deine	neg 1.0		__DUMMY__ 0.4412285754785653 off 0.28840839236776783 neg 0.27036303215366697	false	0.5
aufgeben	neg 1.0		__DUMMY__ 0.44279491357652273 off 0.2850892057487254 neg 0.27211588067475184	false	0.5
durcheinander	neg 1.0		__DUMMY__ 0.4423387773566158 off 0.2858031698605139 neg 0.27185805278287023	false	0.5
unterbrechen	neg 1.0		__DUMMY__ 0.4425049648810934 off 0.28400211448458657 neg 0.27349292063432007	false	0.5
vergammeln	neg 1.0		__DUMMY__ 0.44232526059125127 off 0.28551484927891946 neg 0.27215989012982916	false	0.5
grotesk	neg 1.0		__DUMMY__ 0.4425843714375068 off 0.2836237031568781 neg 0.27379192540561503	false	0.5
elendig	neg 1.0		__DUMMY__ 0.44193885734267485 off 0.28572423008972186 neg 0.2723369125676033	false	0.5
naiv	off 1.0		__DUMMY__ 0.44251805838198444 off 0.285198469349604 neg 0.27228347226841143	false	1.0
uneinigkeit	neg 1.0		__DUMMY__ 0.4426105007108297 off 0.27953928019387625 neg 0.2778502190952941	false	0.5
fragil	neg 1.0		__DUMMY__ 0.43554302226056407 neg 0.2860517023542836 off 0.2784052753851523	false	1.0
provisorisch	neg 1.0		__DUMMY__ 0.4430802342535826 off 0.28350906836104406 neg 0.27341069738537327	false	0.5
landei	off 1.0		__DUMMY__ 0.44193422595253445 off 0.2883602099365726 neg 0.269705564110893	false	1.0
bedauerlich	neg 1.0		__DUMMY__ 0.4424419864974145 off 0.2833420231441145 neg 0.2742159903584709	false	0.5
krieg	neg 1.0		__DUMMY__ 0.442291581961032 off 0.2843329689596351 neg 0.2733754490793327	false	0.5
traurigkeit	neg 1.0		__DUMMY__ 0.44237600083496376 off 0.2849006484120525 neg 0.2727233507529838	false	0.5
monotonie	neg 1.0		__DUMMY__ 0.44273805652335735 off 0.2836576331172573 neg 0.27360431035938537	false	0.5
unliebsam	neg 1.0		__DUMMY__ 0.44236461437108193 off 0.2842292476208909 neg 0.2734061380080271	false	0.5
drift	neg 1.0		__DUMMY__ 0.38977039019127785 neg 0.3211164389089055 off 0.2891131708998167	false	1.0
chaos	neg 1.0		__DUMMY__ 0.44246716142325027 off 0.28144032120363 neg 0.2760925173731198	false	0.5
blutig	neg 1.0		__DUMMY__ 0.44242212992790064 off 0.28554424171864173 neg 0.2720336283534575	false	0.5
machtlos	neg 1.0		__DUMMY__ 0.44235255425858744 off 0.28309169165907905 neg 0.2745557540823335	false	0.5
einsamkeit	neg 1.0		__DUMMY__ 0.4425891279240363 off 0.285253388637306 neg 0.2721574834386577	false	0.5
