unsolidarisch	neg 1.0		__DUMMY__ 0.44172116192899663 off 0.28320513219304577 neg 0.2750737058779577	false	0.5
nachteilig	neg 1.0		__DUMMY__ 0.442620745531607 off 0.2820615829915604 neg 0.27531767147683267	false	0.5
skeptisch	neg 1.0		__DUMMY__ 0.442648319239546 off 0.28286394344828586 neg 0.27448773731216813	false	0.5
schrecklich	neg 1.0		__DUMMY__ 0.4415041496265367 off 0.287634518251202 neg 0.2708613321222612	false	0.5
schlapp	neg 1.0		__DUMMY__ 0.44175519058103746 off 0.2877666954018356 neg 0.27047811401712696	false	0.5
abfall	neg 1.0		__DUMMY__ 0.44309019838158764 off 0.28199430323791186 neg 0.2749154983805005	false	0.5
widerspenstig	neg 1.0		__DUMMY__ 0.4419868253330049 off 0.2851512112898331 neg 0.27286196337716206	false	0.5
abrupt	neg 1.0		__DUMMY__ 0.4429428438762522 off 0.2836685753994972 neg 0.27338858072425065	false	0.5
unwirksam	neg 1.0		__DUMMY__ 0.4426833030851602 neg 0.2798000860146476 off 0.27751661090019214	false	1.0
angreifen	neg 1.0		__DUMMY__ 0.4425197027942099 off 0.2828840331857832 neg 0.274596264020007	false	0.5
inkonsistent	neg 1.0		__DUMMY__ 0.4427674513230964 off 0.28480236852937496 neg 0.27243018014752857	false	0.5
abrutschen	neg 1.0		__DUMMY__ 0.4425764743298412 off 0.28286663588728755 neg 0.2745568897828712	false	0.5
unsicher	neg 1.0		__DUMMY__ 0.4423882619027809 off 0.28486273045269306 neg 0.2727490076445259	false	0.5
bauernkind	off 1.0		__DUMMY__ 0.44030625359250575 off 0.29174222434102054 neg 0.26795152206647366	false	1.0
angreifer	neg 1.0		__DUMMY__ 0.44234969637002597 off 0.2803241820580942 neg 0.2773261215718798	false	0.5
trennen	neg 1.0		__DUMMY__ 0.44321343002225455 off 0.2836730314864715 neg 0.2731135384912739	false	0.5
schmutz	neg 1.0		__DUMMY__ 0.44289840803663755 off 0.2803172351286545 neg 0.2767843568347078	false	0.5
inkonsistenz	neg 1.0		__DUMMY__ 0.44204692804123896 off 0.28565937593581414 neg 0.2722936960229469	false	0.5
erschreckend	neg 1.0		__DUMMY__ 0.4424340256446891 off 0.2836656775511004 neg 0.2739002968042106	false	0.5
ertrinken	neg 1.0		__DUMMY__ 0.4419531747162946 off 0.28423315173965946 neg 0.27381367354404595	false	0.5
pickelface	off 1.0		__DUMMY__ 0.4391262909536277 off 0.29614130526804683 neg 0.26473240377832546	false	1.0
lauch	neg 1.0		__DUMMY__ 0.43986883822577283 off 0.29318927946827905 neg 0.2669418823059481	false	0.5
steuerhinterziehung	neg 1.0		__DUMMY__ 0.4422496683010438 off 0.2801472642729354 neg 0.27760306742602076	false	0.5
unwichtig	neg 1.0		__DUMMY__ 0.44213536937745207 off 0.2857031918570783 neg 0.27216143876546967	false	0.5
schock	neg 1.0		__DUMMY__ 0.4428133626048137 off 0.2848043461363449 neg 0.2723822912588413	false	0.5
vergelten	neg 1.0		__DUMMY__ 0.4411247045084995 off 0.2826728638851784 neg 0.2762024316063219	false	0.5
beule	neg 1.0		__DUMMY__ 0.44148837089824117 off 0.28847580286215824 neg 0.2700358262396005	false	0.5
verdorbenheit	neg 1.0		__DUMMY__ 0.4451063223676183 off 0.2821676330938008 neg 0.27272604453858096	false	0.5
trauma			__DUMMY__ 0.4052862802201045 off 0.31536288218380554 neg 0.2793508375960899	false	0.0
sinnlos	neg 1.0		__DUMMY__ 0.44205823208206063 off 0.2856549018617858 neg 0.2722868660561537	false	0.5
fettsack	off 1.0		__DUMMY__ 0.44083492031804294 off 0.29121516130135205 neg 0.267949918380605	false	1.0
feige	off 1.0		__DUMMY__ 0.442261011893138 off 0.28564202666037714 neg 0.272096961446485	false	1.0
abdanken	neg 1.0		__DUMMY__ 0.4421290011948724 off 0.283216917695175 neg 0.27465408110995254	false	0.5
wichtigtuer	off 1.0	off 1.0	off 0.6318901615311106 __DUMMY__ 0.2144498556603091 neg 0.15365998280858031	false	1.0
misslingen	neg 1.0		__DUMMY__ 0.44187438209420915 off 0.28508971922140114 neg 0.27303589868438966	false	0.5
untreu	off 1.0		__DUMMY__ 0.4422444182421918 off 0.2857077026296026 neg 0.2720478791282056	false	1.0
missmutig	neg 1.0		__DUMMY__ 0.4425208509715796 off 0.2849040413069884 neg 0.27257510772143195	false	0.5
hurenbock	off 1.0		__DUMMY__ 0.43981481484824675 off 0.29162986370574 neg 0.26855532144601313	false	1.0
betrunken	neg 1.0		__DUMMY__ 0.4414136886881069 off 0.28770266754562085 neg 0.27088364376627233	false	0.5
korrupt	off 1.0		__DUMMY__ 0.4420084292176173 off 0.28307175344905877 neg 0.27491981733332393	false	1.0
unmut	neg 1.0		__DUMMY__ 0.4426852910620363 off 0.2815837574521671 neg 0.2757309514857965	false	0.5
hackfresse	off 1.0		__DUMMY__ 0.44110683794611993 off 0.28860962735724005 neg 0.27028353469664	false	1.0
aufblasen	neg 1.0		__DUMMY__ 0.4421619336510884 off 0.28562018953213575 neg 0.2722178768167759	false	0.5
gewaltsam	neg 1.0		__DUMMY__ 0.44251631045034245 off 0.28093950990141076 neg 0.2765441796482468	false	0.5
unbeliebtheit	neg 1.0		__DUMMY__ 0.44259283280672823 off 0.2800345610497212 neg 0.27737260614355047	false	0.5
sturheit	neg 1.0		__DUMMY__ 0.4423568261747307 off 0.2829966506803798 neg 0.27464652314488947	false	0.5
kuh	neg 1.0		__DUMMY__ 0.4405010634630454 off 0.29193050563156897 neg 0.26756843090538573	false	0.5
erschrecken	neg 1.0		__DUMMY__ 0.4419804184881274 off 0.28615114328417085 neg 0.2718684382277016	false	0.5
opfer	neg 1.0		__DUMMY__ 0.44256527896958625 off 0.28341020859770666 neg 0.27402451243270715	false	0.5
stinktier	neg 1.0		__DUMMY__ 0.44042292257472115 off 0.2916363980055616 neg 0.26794067941971733	false	0.5
sinken	neg 1.0		__DUMMY__ 0.44375081506597674 off 0.2796402251619806 neg 0.2766089597720426	false	0.5
tucke	off 1.0		__DUMMY__ 0.44000461781370603 off 0.29089684014539136 neg 0.2690985420409026	false	1.0
abstieg	neg 1.0		__DUMMY__ 0.44297978749807504 off 0.281355266397313 neg 0.27566494610461195	false	0.5
missverstehen	neg 1.0		__DUMMY__ 0.442343955910295 off 0.2849712661795458 neg 0.27268477791015927	false	0.5
ergebnislos	neg 1.0		__DUMMY__ 0.4431298705634803 off 0.2794733876936424 neg 0.2773967417428775	false	0.5
manipulieren	neg 1.0		__DUMMY__ 0.4420086820922539 off 0.2832697078037717 neg 0.2747216101039743	false	0.5
verschleppen	neg 1.0		__DUMMY__ 0.4426612505193792 off 0.2801373303817579 neg 0.2772014190988627	false	0.5
unbewiesen	neg 1.0		__DUMMY__ 0.4425512920418569 off 0.2815754259383921 neg 0.275873282019751	false	0.5
weib	off 1.0		__DUMMY__ 0.4405399291799426 off 0.2906136882998754 neg 0.2688463825201819	false	1.0
opposition	neg 1.0		__DUMMY__ 0.44151808918540053 neg 0.2796731814134252 off 0.2788087294011742	false	1.0
verkehrswidrig	neg 1.0		__DUMMY__ 0.44137825798648644 off 0.2806848267260028 neg 0.2779369152875107	false	0.5
inkorrekt	neg 1.0		__DUMMY__ 0.44212092947010373 off 0.2855239120206135 neg 0.27235515850928266	false	0.5
vermeiden	neg 1.0		__DUMMY__ 0.44307259645733404 off 0.2812285517747023 neg 0.27569885176796366	false	0.5
abweichung	neg 1.0		__DUMMY__ 0.4430021878996923 off 0.28095648108595583 neg 0.2760413310143518	false	0.5
alkoholisiert	neg 1.0		__DUMMY__ 0.4424588799733008 off 0.28357380820213934 neg 0.27396731182455986	false	0.5
scheiss	off 1.0	off 1.0	off 0.6334077391159346 __DUMMY__ 0.2145085796316715 neg 0.1520836812523939	false	1.0
herausforderung	neg 1.0		__DUMMY__ 0.4433064897358234 off 0.2818656294747536 neg 0.27482788078942305	false	0.5
pervers	off 1.0		__DUMMY__ 0.44032230015221113 off 0.290521472348664 neg 0.26915622749912493	false	1.0
wackelig	neg 1.0		__DUMMY__ 0.4422921164909185 off 0.28523307285596483 neg 0.2724748106531167	false	0.5
verwickeln	neg 1.0		__DUMMY__ 0.44250856179456466 off 0.2846773411583176 neg 0.2728140970471178	false	0.5
vorwand	neg 1.0		__DUMMY__ 0.4421786491837214 off 0.2831014826448078 neg 0.2747198681714707	false	0.5
muschi	off 1.0		__DUMMY__ 0.4392394945232617 off 0.2955493173975457 neg 0.2652111880791925	false	1.0
entmutigung	neg 1.0		__DUMMY__ 0.44223667589828475 off 0.28064293192416734 neg 0.27712039217754797	false	0.5
unstetig	neg 1.0		__DUMMY__ 0.44232328490959066 off 0.28344454282405407 neg 0.27423217226635527	false	0.5
unangemessen	neg 1.0		__DUMMY__ 0.4423766709698851 off 0.28330544481364744 neg 0.2743178842164674	false	0.5
entmutigen	neg 1.0		__DUMMY__ 0.44240803916715726 off 0.28502847283074867 neg 0.27256348800209423	false	0.5
schwanz	neg 1.0		__DUMMY__ 0.4386536643461519 off 0.2936772035716581 neg 0.26766913208219	false	0.5
verbot	neg 1.0		__DUMMY__ 0.44229022273123514 off 0.2807610465808993 neg 0.2769487306878655	false	0.5
leid	neg 1.0		__DUMMY__ 0.4415213887183046 off 0.28807385047999523 neg 0.2704047608017003	false	0.5
archaisch	neg 1.0		__DUMMY__ 0.442232184669727 off 0.28347076185980125 neg 0.2742970534704717	false	0.5
scheidung	neg 1.0		__DUMMY__ 0.4430801997314548 neg 0.2786131936789754 off 0.27830660658956985	false	1.0
abgestanden	neg 1.0		__DUMMY__ 0.4425598434800778 off 0.2866373972841022 neg 0.27080275923582	false	0.5
einschlag	neg 1.0		__DUMMY__ 0.44299769240903164 off 0.2807957071209657 neg 0.27620660047000267	false	0.5
schmierig	off 1.0		__DUMMY__ 0.4416960066645761 off 0.2876258360588822 neg 0.2706781572765417	false	1.0
unpraktisch	neg 1.0		__DUMMY__ 0.44193230196175304 off 0.2866467252799861 neg 0.27142097275826077	false	0.5
wixxer	off 1.0		__DUMMY__ 0.4406446914781589 off 0.2915590026488153 neg 0.2677963058730259	false	1.0
jammerlappen	off 1.0		__DUMMY__ 0.4420658935398256 off 0.28574132335818714 neg 0.2721927831019873	false	1.0
farce	neg 1.0		__DUMMY__ 0.4424384996860297 off 0.2807754252606814 neg 0.2767860750532889	false	0.5
zwecklos	neg 1.0		__DUMMY__ 0.44254998079824753 off 0.28339951666419166 neg 0.27405050253756086	false	0.5
turbulent	neg 1.0		__DUMMY__ 0.44173248389059155 off 0.2829583082894946 neg 0.27530920781991386	false	0.5
schuld	neg 1.0		__DUMMY__ 0.44199398942110213 off 0.2849666941272316 neg 0.2730393164516664	false	0.5
risiko	neg 1.0		__DUMMY__ 0.4439311256300746 off 0.2787873095816827 neg 0.2772815647882428	false	0.5
invasion	neg 1.0		__DUMMY__ 0.4328575387875466 neg 0.29458850534077025 off 0.2725539558716832	false	1.0
finster	neg 1.0		__DUMMY__ 0.4423049709226636 off 0.28696978181238403 neg 0.27072524726495234	false	0.5
geisteskrank	off 1.0		__DUMMY__ 0.4422590660572161 off 0.28564851945512715 neg 0.2720924144876567	false	1.0
ausbeute	neg 1.0		__DUMMY__ 0.4443644662068184 off 0.2832838084667998 neg 0.27235172532638185	false	0.5
zusammenbrechen	neg 1.0		__DUMMY__ 0.4420897964393383 off 0.2842769393848585 neg 0.2736332641758033	false	0.5
hinterhalt	neg 1.0		__DUMMY__ 0.44255690293235633 off 0.28332182740907735 neg 0.2741212696585662	false	0.5
kritik	neg 1.0		__DUMMY__ 0.44232867168651774 off 0.2810719478897402 neg 0.27659938042374216	false	0.5
einschrumpfen	neg 1.0		__DUMMY__ 0.439766448744427 off 0.2809563156470645 neg 0.2792772356085085	false	0.5
riskant	neg 1.0		__DUMMY__ 0.4424759230622556 off 0.2834479669533022 neg 0.27407610998444215	false	0.5
frustrieren	neg 1.0		__DUMMY__ 0.4425704551715932 off 0.2838369270217318 neg 0.27359261780667493	false	0.5
groll	neg 1.0		__DUMMY__ 0.4426064096390723 off 0.2831645096378137 neg 0.27422908072311414	false	0.5
qualvoll	neg 1.0		__DUMMY__ 0.4416914365691016 off 0.2857852155627782 neg 0.27252334786812005	false	0.5
wackeln	neg 1.0		__DUMMY__ 0.44257324503566065 off 0.2851231164312393 neg 0.27230363853310013	false	0.5
klagen	neg 1.0		__DUMMY__ 0.44242038720218085 off 0.281365605963247 neg 0.2762140068345721	false	0.5
trauern	neg 1.0		__DUMMY__ 0.44239014711719055 off 0.2836924348652901 neg 0.2739174180175194	false	0.5
ablehnung	neg 1.0		__DUMMY__ 0.44255782655077214 off 0.28054976871323517 neg 0.2768924047359929	false	0.5
bankrott	neg 1.0		__DUMMY__ 0.4412734446735507 neg 0.28220671070575293 off 0.27651984462069623	false	1.0
stur	neg 1.0		__DUMMY__ 0.4419918231961994 off 0.2845773901419358 neg 0.2734307866618648	false	0.5
aufruhr	neg 1.0		__DUMMY__ 0.44335536450695456 off 0.27927946921721536 neg 0.27736516627583013	false	0.5
melancholie	neg 1.0		__DUMMY__ 0.4422234342000766 off 0.286246766791909 neg 0.27152979900801427	false	0.5
torheit	neg 1.0		__DUMMY__ 0.4423980705987963 off 0.28272629835142127 neg 0.27487563104978247	false	0.5
dreckskind	off 1.0		__DUMMY__ 0.43971538758039436 off 0.29421645077131015 neg 0.2660681616482955	false	1.0
umtauschen	neg 1.0		__DUMMY__ 0.441734655793575 off 0.2866021546312422 neg 0.2716631895751828	false	0.5
zersetzen	neg 1.0		__DUMMY__ 0.442483727633399 off 0.28233663826142713 neg 0.27517963410517376	false	0.5
frust	neg 1.0		__DUMMY__ 0.4421701158130232 off 0.2841537226678279 neg 0.2736761615191488	false	0.5
unerbittlichkeit	neg 1.0		__DUMMY__ 0.442517232470584 off 0.2823843137486411 neg 0.2750984537807749	false	0.5
unkorrekt	neg 1.0		__DUMMY__ 0.44159958343165134 off 0.28604556582376406 neg 0.2723548507445845	false	0.5
hexe	off 1.0		__DUMMY__ 0.4423791366539875 off 0.2884477429347956 neg 0.269173120411217	false	1.0
lasch	neg 1.0		__DUMMY__ 0.44223470352901395 off 0.28467489370318527 neg 0.2730904027678007	false	0.5
rivale	neg 1.0		__DUMMY__ 0.44193507581804325 off 0.27942363298318357 neg 0.2786412911987731	false	0.5
mutlos	off 1.0		__DUMMY__ 0.44251579624031967 off 0.28282934409089644 neg 0.2746548596687838	false	1.0
wirr	off 1.0		__DUMMY__ 0.4408318604278533 off 0.2879410466005633 neg 0.27122709297158354	false	1.0
strafbar	neg 1.0		__DUMMY__ 0.4425445762861565 off 0.28315614954742707 neg 0.2742992741664164	false	0.5
erosion	neg 1.0	neg 1.0	neg 0.6218299561830047 __DUMMY__ 0.21971616748838638 off 0.1584538763286089	false	1.0
eingehen	neg 1.0		__DUMMY__ 0.4424549021479058 off 0.2834861395597287 neg 0.2740589582923655	false	0.5
faul	off 1.0		__DUMMY__ 0.44131472547869127 off 0.28795260161086333 neg 0.2707326729104454	false	1.0
provisorium	neg 1.0		__DUMMY__ 0.44301706855685635 off 0.282284085879865 neg 0.2746988455632788	false	0.5
schmerzen	neg 1.0		__DUMMY__ 0.44140653247195294 off 0.28653378557115416 neg 0.2720596819568929	false	0.5
schrumpfen	neg 1.0		__DUMMY__ 0.44306891594424375 off 0.2810651792272823 neg 0.27586590482847384	false	0.5
geistlos	off 1.0		__DUMMY__ 0.44221741504482864 off 0.28440415953400566 neg 0.2733784254211657	false	1.0
frustrierend	neg 1.0		__DUMMY__ 0.44235460286121664 off 0.2859144458839153 neg 0.2717309512548679	false	0.5
fehlkauf	neg 1.0		__DUMMY__ 0.4443793294761164 off 0.283085724894894 neg 0.2725349456289898	false	0.5
unzufrieden	neg 1.0		__DUMMY__ 0.44259786902326576 off 0.283383582502098 neg 0.27401854847463614	false	0.5
verzweifeln	neg 1.0		__DUMMY__ 0.4422847007779807 off 0.284505540761098 neg 0.2732097584609212	false	0.5
verzweifelt	neg 1.0		__DUMMY__ 0.44239399777223165 off 0.28511553941054274 neg 0.2724904628172257	false	0.5
misstrauensantrag	neg 1.0		__DUMMY__ 0.4413225504247413 neg 0.2793916444263877 off 0.279285805148871	false	1.0
abfallen	neg 1.0		__DUMMY__ 0.44170205322934997 off 0.28669098213006816 neg 0.27160696464058176	false	0.5
fucker	off 1.0		__DUMMY__ 0.5358880080961002 off 0.2864382161707558 neg 0.17767377573314405	false	1.0
ungezogen	neg 1.0		__DUMMY__ 0.4410975927602185 off 0.28876268290754287 neg 0.27013972433223876	false	0.5
irrsinnig	neg 1.0		__DUMMY__ 0.44215940886993466 off 0.28520868981938624 neg 0.27263190131067916	false	0.5
hart	neg 1.0		__DUMMY__ 0.43943893050612604 off 0.2927148256204454 neg 0.26784624387342854	false	0.5
unfassbar	neg 1.0		__DUMMY__ 0.44258693079620454 off 0.28566244923962975 neg 0.2717506199641656	false	0.5
widerlich	off 1.0		__DUMMY__ 0.4418566470560038 off 0.28614699825122536 neg 0.2719963546927709	false	1.0
fatal			__DUMMY__ 0.4254871656071714 off 0.2901905475017898 neg 0.2843222868910387	false	0.0
bruch	neg 1.0		__DUMMY__ 0.44293510411131726 off 0.2820285124587062 neg 0.27503638342997666	false	0.5
aushungern	neg 1.0		__DUMMY__ 0.44197765651424487 off 0.28141395137795233 neg 0.27660839210780275	false	0.5
anspannung	neg 1.0		__DUMMY__ 0.4428394835706979 off 0.2830518758171375 neg 0.27410864061216456	false	0.5
kraftlos	neg 1.0		__DUMMY__ 0.4424787854429427 off 0.28429620152579954 neg 0.2732250130312577	false	0.5
grenzdebil	off 1.0		__DUMMY__ 0.4416855845213409 off 0.28671362757692226 neg 0.27160078790173686	false	1.0
unterwerfen	neg 1.0		__DUMMY__ 0.4424170424911393 off 0.2832559474108796 neg 0.27432701009798105	false	0.5
versenkung	neg 1.0		__DUMMY__ 0.44266944450043333 off 0.28332637102842123 neg 0.2740041844711454	false	0.5
entziehen	neg 1.0		__DUMMY__ 0.44270480359357983 off 0.2825356182764836 neg 0.27475957812993657	false	0.5
finanzkrise	neg 1.0		__DUMMY__ 0.44281776490833663 neg 0.2791576818815273 off 0.2780245532101361	false	1.0
schimpfend	neg 1.0		__DUMMY__ 0.44166350022987866 off 0.28618569114458176 neg 0.2721508086255396	false	0.5
profan	neg 1.0		__DUMMY__ 0.44229544483125 off 0.2854687116550734 neg 0.27223584351367663	false	0.5
korruption	neg 1.0		__DUMMY__ 0.44237215900704885 off 0.2802902276855832 neg 0.277337613307368	false	0.5
schmutzig	neg 1.0		__DUMMY__ 0.4417300891984528 off 0.28690008422403745 neg 0.2713698265775098	false	0.5
abraten	neg 1.0		__DUMMY__ 0.44218669509748987 off 0.28600078237461807 neg 0.2718125225278922	false	0.5
sexy	neg 1.0		__DUMMY__ 0.409524374351983 off 0.3071633254872338 neg 0.2833123001607832	false	0.5
fotze	off 1.0		__DUMMY__ 0.438082016038834 off 0.2976276265610842 neg 0.2642903574000819	false	1.0
schwarz	neg 1.0		__DUMMY__ 0.44300635689447576 off 0.2837919468104892 neg 0.2732016962950349	false	0.5
verwirren	neg 1.0		__DUMMY__ 0.4420272044431235 off 0.2859834506999489 neg 0.2719893448569276	false	0.5
zahnlos	off 1.0		__DUMMY__ 0.44279597603691684 off 0.283403154880719 neg 0.27380086908236434	false	1.0
verheeren	neg 1.0		__DUMMY__ 0.44227263398887423 neg 0.2799262713923679 off 0.27780109461875785	false	1.0
rammen	neg 1.0		__DUMMY__ 0.44189316728063927 off 0.2869662503076108 neg 0.2711405824117501	false	0.5
unlauter	neg 1.0		__DUMMY__ 0.4419529318561813 off 0.28020352941226284 neg 0.2778435387315559	false	0.5
unheilvoll	neg 1.0		__DUMMY__ 0.44162380278504826 off 0.2854702390880766 neg 0.2729059581268753	false	0.5
niedrig	neg 1.0		__DUMMY__ 0.444223755356592 off 0.2799613095625872 neg 0.2758149350808207	false	0.5
weichei	off 1.0		__DUMMY__ 0.44136054506237826 off 0.28863240609325314 neg 0.2700070488443686	false	1.0
explosion	neg 1.0		__DUMMY__ 0.4387694790052861 neg 0.2861272171891572 off 0.2751033038055567	false	1.0
minusmensch	off 1.0		__DUMMY__ 0.44056864314651145 off 0.2933967551602328 neg 0.2660346016932558	false	1.0
farblos	neg 1.0		__DUMMY__ 0.4438906851791975 off 0.2841138687232826 neg 0.27199544609751974	false	0.5
unwissend	neg 1.0		__DUMMY__ 0.4419691897481781 off 0.2860821908558856 neg 0.27194861939593623	false	0.5
traurig	neg 1.0		__DUMMY__ 0.44175358440005974 off 0.28716633324341595 neg 0.27108008235652437	false	0.5
senkung	neg 1.0		__DUMMY__ 0.4418507544369685 neg 0.28198911157877926 off 0.2761601339842524	false	1.0
ungleich	neg 1.0		__DUMMY__ 0.4424283077032061 off 0.2830202225262115 neg 0.27455146977058237	false	0.5
heikel	neg 1.0		__DUMMY__ 0.4422982992977114 off 0.28325307101161 neg 0.2744486296906787	false	0.5
drosselung	neg 1.0		__DUMMY__ 0.44239939323708494 neg 0.28065779038408456 off 0.27694281637883045	false	1.0
falsch	neg 1.0		__DUMMY__ 0.44200723183878954 off 0.2859978527922236 neg 0.27199491536898684	false	0.5
unzufriedenheit	neg 1.0		__DUMMY__ 0.44250210789623606 off 0.28236808993738605 neg 0.2751298021663779	false	0.5
kurz	neg 1.0		__DUMMY__ 0.4424097750037155 off 0.2855740756441645 neg 0.27201614935212004	false	0.5
unsinnig	neg 1.0		__DUMMY__ 0.4421013894859444 off 0.28392524730851204 neg 0.2739733632055435	false	0.5
penner	off 1.0		__DUMMY__ 0.4413141650889741 off 0.2883545654449486 neg 0.27033126946607733	false	1.0
seicht	neg 1.0		__DUMMY__ 0.442093913186655 off 0.2866635963462032 neg 0.2712424904671417	false	0.5
dummheit	off 1.0		__DUMMY__ 0.44205572634483825 off 0.28478342992831085 neg 0.27316084372685084	false	1.0
unerfreulich	neg 1.0		__DUMMY__ 0.442578377483198 off 0.2830778167061153 neg 0.27434380581068674	false	0.5
pikiert	neg 1.0		__DUMMY__ 0.4420907980837231 off 0.28584626465225715 neg 0.2720629372640196	false	0.5
motherfucker	off 1.0		__DUMMY__ 0.5249542719267696 off 0.28526170080316404 neg 0.18978402727006644	false	1.0
wrack	neg 1.0		__DUMMY__ 0.4428538233189466 off 0.2832039558195715 neg 0.27394222086148196	false	0.5
gangster	neg 1.0		__DUMMY__ 0.4726796155767094 off 0.2983209302271397 neg 0.22899945419615086	false	0.5
krank	neg 1.0		__DUMMY__ 0.44168361316773086 off 0.287533503631486 neg 0.2707828832007832	false	0.5
reich	neg 1.0		__DUMMY__ 0.44271802598973503 off 0.2831672458905385 neg 0.2741147281197265	false	0.5
gnadenlos	neg 1.0		__DUMMY__ 0.44240677420267677 off 0.2850416316579865 neg 0.2725515941393368	false	0.5
niedergeschlagen	neg 1.0		__DUMMY__ 0.4424331942073052 off 0.2842482438863651 neg 0.2733185619063297	false	0.5
terrorisieren	off 1.0	off 1.0	off 0.6308980732971261 __DUMMY__ 0.21489673153255448 neg 0.15420519517031936	false	1.0
sinnlosigkeit	neg 1.0		__DUMMY__ 0.44225984013694747 off 0.2836973496636644 neg 0.2740428101993881	false	0.5
behindern	neg 1.0		__DUMMY__ 0.44323833706313537 off 0.2801070067105936 neg 0.27665465622627106	false	0.5
undemokratisch	neg 1.0		__DUMMY__ 0.44156356099046196 off 0.28235300142707204 neg 0.27608343758246606	false	0.5
wirtschaftskrise	neg 1.0		__DUMMY__ 0.4431267279134853 off 0.27875252011647417 neg 0.2781207519700407	false	0.5
neid	neg 1.0		__DUMMY__ 0.44260057735616726 off 0.2857757391651254 neg 0.27162368347870736	false	0.5
rutschen	neg 1.0		__DUMMY__ 0.44310699160918804 off 0.2840297203105153 neg 0.2728632880802966	false	0.5
rezession	neg 1.0		__DUMMY__ 0.44328164717637525 neg 0.2796892489655137 off 0.2770291038581111	false	1.0
fehlgeburt	neg 1.0		__DUMMY__ 0.44136306082101207 off 0.28633441204856214 neg 0.27230252713042585	false	0.5
charakterschwach	off 1.0		__DUMMY__ 0.44203760684028043 off 0.2856251126631203 neg 0.2723372804965994	false	1.0
isolation	neg 1.0		__DUMMY__ 0.43562434764255614 neg 0.2906050069372254 off 0.2737706454202184	false	1.0
ablenkung	neg 1.0		__DUMMY__ 0.44215523933756634 off 0.2851534492315398 neg 0.2726913114308939	false	0.5
pech	neg 1.0		__DUMMY__ 0.442239235921373 off 0.286858739277789 neg 0.27090202480083814	false	0.5
dominieren	neg 1.0		__DUMMY__ 0.4437868078293755 off 0.27945802128327424 neg 0.27675517088735024	false	0.5
vermeidung	neg 1.0		__DUMMY__ 0.4415378709268388 neg 0.2822201731930417 off 0.27624195588011957	false	1.0
schwindlig	neg 1.0		__DUMMY__ 0.4414309640599946 off 0.2882076010862949 neg 0.27036143485371056	false	0.5
lutscher	neg 1.0		__DUMMY__ 0.4403914726324932 off 0.2918785938886287 neg 0.26772993347887813	false	0.5
pflicht	neg 1.0		__DUMMY__ 0.44268888145942253 off 0.28286694190254 neg 0.2744441766380375	false	0.5
faschist	off 1.0		__DUMMY__ 0.4419190139997044 off 0.28447316815325996 neg 0.2736078178470355	false	1.0
verschleudern	neg 1.0		__DUMMY__ 0.4427371089246484 off 0.28057750008973203 neg 0.2766853909856196	false	0.5
ehebruch	neg 1.0		__DUMMY__ 0.44247024686602393 off 0.283534803445948 neg 0.273994949688028	false	0.5
trostlosigkeit	neg 1.0		__DUMMY__ 0.4425241707085999 off 0.2826479161326116 neg 0.2748279131587884	false	0.5
lutschen	neg 1.0		__DUMMY__ 0.4392232872370388 off 0.29265876849583405 neg 0.2681179442671272	false	0.5
spott	off 1.0		__DUMMY__ 0.44246296919999534 off 0.28294541897723247 neg 0.2745916118227722	false	1.0
undiszipliniert	neg 1.0		__DUMMY__ 0.4415786576024164 off 0.2871786003625491 neg 0.27124274203503457	false	0.5
kopfschmerz	neg 1.0		__DUMMY__ 0.4413568298653723 off 0.2861418193969649 neg 0.2725013507376627	false	0.5
unvorhergesehen	neg 1.0		__DUMMY__ 0.4426634636887779 off 0.2846261814045533 neg 0.27271035490666884	false	0.5
desinteressiert	neg 1.0		__DUMMY__ 0.44187665824813255 off 0.2869174550069936 neg 0.27120588674487384	false	0.5
armselig	off 1.0		__DUMMY__ 0.4423742654019405 off 0.28558070404914576 neg 0.2720450305489137	false	1.0
tod	neg 1.0		__DUMMY__ 0.44270949608663157 off 0.2826977131197872 neg 0.2745927907935813	false	0.5
desaster	neg 1.0		__DUMMY__ 0.4428235831654098 off 0.2812630949437054 neg 0.27591332189088497	false	0.5
herzlos	neg 1.0		__DUMMY__ 0.44189716980887206 off 0.28690454090371725 neg 0.27119828928741063	false	0.5
unwissenheit	neg 1.0		__DUMMY__ 0.4420453910136149 off 0.28306869050883193 neg 0.27488591847755317	false	0.5
widersinnig	neg 1.0		__DUMMY__ 0.4421647847704365 off 0.2819149721312764 neg 0.275920243098287	false	0.5
bedenklich	neg 1.0		__DUMMY__ 0.442324418100318 off 0.28321461870186365 neg 0.2744609631978183	false	0.5
beanstanden	neg 1.0		__DUMMY__ 0.44273189936599305 off 0.28240654738179194 neg 0.27486155325221506	false	0.5
panisch	neg 1.0		__DUMMY__ 0.44173096004523266 off 0.28628863547447236 neg 0.271980404480295	false	0.5
abstrich	neg 1.0		__DUMMY__ 0.44107812218924364 off 0.28611058110990534 neg 0.2728112967008511	false	0.5
debil	off 1.0		__DUMMY__ 0.43608106918366335 off 0.29967740778274227 neg 0.2642415230335943	false	1.0
primitiv	neg 1.0		__DUMMY__ 0.4424252500826671 off 0.2859087502396121 neg 0.27166599967772076	false	0.5
abschaum	off 1.0		__DUMMY__ 0.44212394524854814 off 0.2854040763692284 neg 0.2724719783822235	false	1.0
tot	neg 1.0		__DUMMY__ 0.4417294719954777 off 0.2864470581137284 neg 0.27182346989079387	false	0.5
provozieren	neg 1.0		__DUMMY__ 0.4422106898495019 off 0.2846808991524386 neg 0.27310841099805955	false	0.5
instabil	neg 1.0		__DUMMY__ 0.44307394008637274 off 0.28381774279538613 neg 0.2731083171182412	false	0.5
schwuchtel	off 1.0		__DUMMY__ 0.43985137510957073 off 0.2926464560297594 neg 0.2675021688606699	false	1.0
zerren	neg 1.0		__DUMMY__ 0.4422139990538072 off 0.28450568288421546 neg 0.27328031806197733	false	0.5
kinderficker	off 1.0		__DUMMY__ 0.44146976153283185 off 0.28608793603976773 neg 0.2724423024274005	false	1.0
gefahr	neg 1.0		__DUMMY__ 0.4431548566983363 off 0.2799433134295725 neg 0.2769018298720913	false	0.5
rabiat	neg 1.0		__DUMMY__ 0.442531944684338 off 0.284576012990282 neg 0.27289204232538006	false	0.5
verlangsamung	neg 1.0		__DUMMY__ 0.4440416231425109 off 0.27799193995554483 neg 0.2779664369019442	false	0.5
anklagen	neg 1.0		__DUMMY__ 0.44227440719828437 off 0.28028547436691936 neg 0.2774401184347961	false	0.5
ausgestorben	neg 1.0		__DUMMY__ 0.4428265980150689 off 0.2840170714423441 neg 0.273156330542587	false	0.5
verminderung	neg 1.0		__DUMMY__ 0.4419771111263656 neg 0.2821196762601861 off 0.2759032126134482	false	1.0
rost	neg 1.0		__DUMMY__ 0.4452472621559931 off 0.2806368513841814 neg 0.27411588645982554	false	0.5
destruktiv	neg 1.0		__DUMMY__ 0.4422201121597949 off 0.28367025468491786 neg 0.2741096331552873	false	0.5
unzumutbarkeit	neg 1.0		__DUMMY__ 0.4427166112191126 off 0.2800918949099396 neg 0.27719149387094777	false	0.5
labil	off 1.0	off 1.0	off 0.7109743869988133 __DUMMY__ 0.17583124894901672 neg 0.11319436405216986	false	1.0
ziemlich	neg 1.0		__DUMMY__ 0.4419049377653649 off 0.28698742829601875 neg 0.27110763393861637	false	0.5
lachnummer	off 1.0		__DUMMY__ 0.4425124719032508 off 0.28364423992494375 neg 0.2738432881718054	false	1.0
ausgrenzung	neg 1.0		__DUMMY__ 0.44219764814856855 off 0.2809035806825777 neg 0.2768987711688538	false	0.5
verfall	neg 1.0		__DUMMY__ 0.4426879210547752 off 0.2812825018603982 neg 0.27602957708482656	false	0.5
unordnung	neg 1.0	neg 1.0	neg 0.6215684331262408 __DUMMY__ 0.21688928141174343 off 0.1615422854620158	false	1.0
fehlverhalten	neg 1.0		__DUMMY__ 0.44243495658476595 off 0.28236987686720477 neg 0.2751951665480291	false	0.5
nille	neg 1.0		__DUMMY__ 0.43658747790760255 off 0.30033536842132913 neg 0.2630771536710684	false	0.5
qual	neg 1.0		__DUMMY__ 0.4112253853087979 off 0.29682388753990285 neg 0.2919507271512993	false	0.5
riesig	neg 1.0		__DUMMY__ 0.44210940008925903 off 0.2902638734316428 neg 0.26762672647909824	false	0.5
verschwenden	neg 1.0		__DUMMY__ 0.4423029371311919 off 0.28379022918161534 neg 0.2739068336871928	false	0.5
verurteilen	neg 1.0		__DUMMY__ 0.44216526561497943 off 0.28302421650335574 neg 0.2748105178816649	false	0.5
klischee	neg 1.0		__DUMMY__ 0.44229584854394655 off 0.2854335080965303 neg 0.272270643359523	false	0.5
diktatorisch	neg 1.0		__DUMMY__ 0.44166223170214947 off 0.28272297507123967 neg 0.2756147932266109	false	0.5
vorhersehbar	neg 1.0		__DUMMY__ 0.4426084455259446 off 0.28478189875592425 neg 0.27260965571813106	false	0.5
stornieren	neg 1.0		__DUMMY__ 0.44229849994922577 off 0.28295323969440583 neg 0.2747482603563684	false	0.5
besteuerung	neg 1.0		__DUMMY__ 0.44261607573470846 neg 0.2806673576263512 off 0.2767165666389403	false	1.0
ungeschminkt	neg 1.0		__DUMMY__ 0.4401895014371576 off 0.29080552343834365 neg 0.2690049751244988	false	0.5
kritisch	neg 1.0		__DUMMY__ 0.44246225725113586 off 0.28291376153054015 neg 0.27462398121832404	false	0.5
schlamperei	off 1.0		__DUMMY__ 0.44261026815650845 off 0.28043362539252104 neg 0.2769561064509704	false	1.0
sucht	neg 1.0		__DUMMY__ 0.44466829810951325 off 0.28305586635844304 neg 0.27227583553204376	false	0.5
egoistisch	off 1.0		__DUMMY__ 0.44141466391466105 off 0.28728126195704917 neg 0.2713040741282898	false	1.0
ausbeuter	off 1.0		__DUMMY__ 0.4424286212302227 off 0.2824762092955508 neg 0.2750951694742266	false	1.0
arschgeburt			__DUMMY__ 0.4393960734747193 off 0.29374935559368315 neg 0.26685457093159765	false	0.0
schubs	neg 1.0		__DUMMY__ 0.4411313253096377 off 0.28753313615436826 neg 0.27133553853599407	false	0.5
unsolide	neg 1.0		__DUMMY__ 0.4418066676601289 off 0.2824202256185786 neg 0.2757731067212925	false	0.5
beschwerde	neg 1.0		__DUMMY__ 0.4421659946096011 off 0.28070752441012925 neg 0.27712648098026965	false	0.5
stocken	neg 1.0		__DUMMY__ 0.44363016927262117 off 0.27875032937074923 neg 0.27761950135662966	false	0.5
isolieren	neg 1.0		__DUMMY__ 0.4429149277504567 off 0.2796491959515197 neg 0.2774358762980236	false	0.5
unheilbar	neg 1.0		__DUMMY__ 0.44224082664732245 off 0.2844253373494894 neg 0.27333383600318817	false	0.5
pisser	off 1.0		__DUMMY__ 0.4394493536886498 off 0.293697319938243 neg 0.26685332637310727	false	1.0
löschen	neg 1.0		__DUMMY__ 0.43754948138711564 off 0.2873805646996429 neg 0.27506995391324135	false	0.5
durchfallen	neg 1.0		__DUMMY__ 0.4421178259238602 off 0.2837383074648682 neg 0.27414386661127166	false	0.5
wichser	off 1.0		__DUMMY__ 0.4413222143534664 off 0.28865889535153616 neg 0.27001889029499737	false	1.0
terror	neg 1.0		__DUMMY__ 0.43845715353958936 neg 0.2838987648067468 off 0.2776440816536638	false	1.0
krass	neg 1.0		__DUMMY__ 0.44049111280717224 off 0.2906025675710927 neg 0.26890631962173517	false	0.5
revolte	neg 1.0		__DUMMY__ 0.44297369364958605 off 0.27929869852480543 neg 0.27772760782560857	false	0.5
besorgt	neg 1.0		__DUMMY__ 0.44227729931276066 off 0.28453201845345477 neg 0.27319068223378457	false	0.5
nachlassen	neg 1.0		__DUMMY__ 0.4427043073562188 off 0.2829010073428259 neg 0.27439468530095534	false	0.5
alt	neg 1.0		__DUMMY__ 0.44264999486461354 off 0.2877424834362594 neg 0.269607521699127	false	0.5
hundesohn	off 1.0		__DUMMY__ 0.4383574045621439 off 0.2962050466559837 neg 0.2654375487818724	false	1.0
abschreckung	neg 1.0		__DUMMY__ 0.4423863903099041 off 0.28190519307057227 neg 0.27570841661952356	false	0.5
unqualifiziert	neg 1.0		__DUMMY__ 0.44184655286513885 off 0.2845861116874707 neg 0.2735673354473904	false	0.5
abgewichst	off 1.0		__DUMMY__ 0.4375782207395983 off 0.2978934513355265 neg 0.26452832792487524	false	1.0
kapitulation	neg 1.0		__DUMMY__ 0.4426918064148055 off 0.2806734254042583 neg 0.2766347681809362	false	0.5
schwer	neg 1.0		__DUMMY__ 0.44254042462992127 off 0.2847275224302917 neg 0.272732052939787	false	0.5
bedeutungslosigkeit	neg 1.0		__DUMMY__ 0.4427140199154826 off 0.2822678120501497 neg 0.2750181680343676	false	0.5
unscharf	neg 1.0		__DUMMY__ 0.44102359210275244 off 0.2885392365840174 neg 0.27043717131323014	false	0.5
schwinden	neg 1.0		__DUMMY__ 0.44327125346852414 off 0.279294005692965 neg 0.27743474083851083	false	0.5
versklavung	neg 1.0		__DUMMY__ 0.4419846590760054 off 0.28023528349540405 neg 0.27778005742859063	false	0.5
schlecht	neg 1.0		__DUMMY__ 0.44201917802195634 off 0.28643454300201915 neg 0.2715462789760246	false	0.5
verhasst	neg 1.0		__DUMMY__ 0.4423623655048831 off 0.28404760669180645 neg 0.27359002780331054	false	0.5
beschweren	neg 1.0		__DUMMY__ 0.4425228163668845 off 0.2849649988497556 neg 0.27251218478336	false	0.5
scheiden	neg 1.0		__DUMMY__ 0.44260948843497633 off 0.2849392475274876 neg 0.2724512640375361	false	0.5
frustriert	neg 1.0		__DUMMY__ 0.442319732255816 off 0.28439088822426184 neg 0.27328937951992216	false	0.5
schimmelig	neg 1.0		__DUMMY__ 0.44069037577426445 off 0.29063119082899597 neg 0.2686784333967395	false	0.5
fisch	neg 1.0		__DUMMY__ 0.44281068183471406 off 0.2876194202544252 neg 0.26956989791086083	false	0.5
schmuggel	neg 1.0		__DUMMY__ 0.4425441421905957 off 0.2832785395436706 neg 0.27417731826573377	false	0.5
auffallen	neg 1.0		__DUMMY__ 0.44233097998466697 off 0.28496077026396577 neg 0.27270824975136726	false	0.5
konkurrenz	neg 1.0		__DUMMY__ 0.4427012183000144 off 0.2824622556229242 neg 0.2748365260770614	false	0.5
teufelskreis	neg 1.0		__DUMMY__ 0.44252308553582387 off 0.2841504211937501 neg 0.27332649327042596	false	0.5
aufschreien	neg 1.0		__DUMMY__ 0.44233077418874317 off 0.28557661508299076 neg 0.2720926107282659	false	0.5
missgeburt	off 1.0		__DUMMY__ 0.4399293365086311 off 0.2935645778805586 neg 0.2665060856108102	false	1.0
schuldner	neg 1.0		__DUMMY__ 0.4427669467047223 off 0.2796319112386896 neg 0.277601142056588	false	0.5
befallen	neg 1.0		__DUMMY__ 0.44167978007516956 off 0.28230980255777693 neg 0.2760104173670536	false	0.5
arbeitslos	neg 1.0		__DUMMY__ 0.4424352100089833 off 0.2836317818629399 neg 0.2739330081280769	false	0.5
miesepetrig	off 1.0		__DUMMY__ 0.4418243898802993 off 0.28657406385477696 neg 0.27160154626492367	false	1.0
alarmieren	neg 1.0		__DUMMY__ 0.44304303053206495 neg 0.278484678404221 off 0.27847229106371396	false	1.0
ungeduscht	off 1.0		__DUMMY__ 0.44059000636871104 off 0.2892977143680622 neg 0.27011227926322673	false	1.0
knappheit	neg 1.0		__DUMMY__ 0.44307465690141384 off 0.27958343769381316 neg 0.277341905404773	false	0.5
schlange	neg 1.0		__DUMMY__ 0.44251331987701586 off 0.2853692718348386 neg 0.27211740828814546	false	0.5
harsch	neg 1.0		__DUMMY__ 0.4423255800658985 off 0.2802290010004405 neg 0.277445418933661	false	0.5
lang	neg 1.0	neg 1.0	neg 0.5748067278634302 __DUMMY__ 0.24189744021359616 off 0.18329583192297366	false	1.0
ziellos	neg 1.0		__DUMMY__ 0.4426105465105803 off 0.28407942731323266 neg 0.27331002617618705	false	0.5
selbstverliebt	neg 1.0		__DUMMY__ 0.44108830815104144 off 0.28965166579100404 neg 0.26926002605795446	false	0.5
beseitigen	neg 1.0		__DUMMY__ 0.44321665946938194 off 0.2797976570843209 neg 0.2769856834462971	false	0.5
dumm	off 1.0		__DUMMY__ 0.44144503170586136 off 0.288087587387331 neg 0.2704673809068078	false	1.0
arbeitsloser	neg 1.0		__DUMMY__ 0.44255151792982156 off 0.28334307647505175 neg 0.27410540559512675	false	0.5
blitzen	neg 1.0		__DUMMY__ 0.4434612663020489 off 0.2845023240583005 neg 0.27203640963965064	false	0.5
hilflos	neg 1.0		__DUMMY__ 0.44201183600944116 off 0.28455605401479744 neg 0.27343210997576134	false	0.5
eklig	off 1.0		__DUMMY__ 0.44075141124953604 off 0.2898776322639611 neg 0.2693709564865029	false	1.0
hungersnot	neg 1.0		__DUMMY__ 0.4431590270144273 off 0.2802652378027942 neg 0.2765757351827785	false	0.5
ungesetzlich	neg 1.0		__DUMMY__ 0.442118275140858 off 0.2818929637785562 neg 0.2759887610805857	false	0.5
verschwendung	neg 1.0		__DUMMY__ 0.4423700129007573 off 0.2833608441069236 neg 0.27426914299231914	false	0.5
schmerzvoll	neg 1.0		__DUMMY__ 0.4420737896665563 off 0.28563938812536277 neg 0.2722868222080809	false	0.5
vorzeitig	neg 1.0		__DUMMY__ 0.4429444336720373 neg 0.2786070852977001 off 0.27844848103026254	false	1.0
unvollkommenheit	neg 1.0		__DUMMY__ 0.44236422362260136 off 0.284077834902954 neg 0.2735579414744446	false	0.5
intervenieren	neg 1.0		__DUMMY__ 0.44223526939344954 off 0.2819837131741907 neg 0.2757810174323599	false	0.5
banause	off 1.0		__DUMMY__ 0.4411338870457049 off 0.28856230405518163 neg 0.27030380889911343	false	1.0
rebell	neg 1.0		__DUMMY__ 0.43827661997930445 off 0.2938533973182086 neg 0.26786998270248685	false	0.5
unlogisch	neg 1.0		__DUMMY__ 0.4416301321233697 off 0.28688853548487986 neg 0.2714813323917505	false	0.5
abschaffung	neg 1.0		__DUMMY__ 0.4420654549057822 off 0.27917382594944534 neg 0.2787607191447725	false	0.5
leiden	neg 1.0		__DUMMY__ 0.442538055039669 off 0.2850533718351113 neg 0.27240857312521977	false	0.5
sturz	neg 1.0		__DUMMY__ 0.44315082062882327 off 0.27989453169116635 neg 0.2769546476800103	false	0.5
verkleinerung	neg 1.0		__DUMMY__ 0.4426296903899619 neg 0.27927916232262723 off 0.2780911472874109	false	1.0
schmarotzer	off 1.0		__DUMMY__ 0.442159264713932 off 0.28385189920165177 neg 0.2739888360844161	false	1.0
bestrafung	neg 1.0		__DUMMY__ 0.4422448802439652 off 0.2852096743429292 neg 0.27254544541310566	false	0.5
achtlos	neg 1.0		__DUMMY__ 0.4420956546134082 off 0.28451310997317036 neg 0.2733912354134215	false	0.5
ungeheuer	neg 1.0		__DUMMY__ 0.4426644820374367 off 0.2860817914865557 neg 0.2712537264760075	false	0.5
unaufrichtig	neg 1.0		__DUMMY__ 0.4413169991198198 off 0.28508951543986966 neg 0.2735934854403105	false	0.5
groggy	neg 1.0		__DUMMY__ 0.4416417068763205 off 0.2900287643236021 neg 0.2683295288000774	false	0.5
verletzlich	neg 1.0		__DUMMY__ 0.44185991445423506 off 0.2867500063308481 neg 0.27139007921491676	false	0.5
ablehnen	neg 1.0		__DUMMY__ 0.4421496501431831 off 0.28289657013082814 neg 0.27495377972598867	false	0.5
kollaps	neg 1.0		__DUMMY__ 0.44288308667420123 neg 0.2789914792151939 off 0.2781254341106048	false	1.0
beschnitten	neg 1.0		__DUMMY__ 0.4422438870195344 off 0.2850452836311279 neg 0.27271082934933766	false	0.5
defekt	neg 1.0		__DUMMY__ 0.44237191655002045 off 0.2791567630376723 neg 0.27847132041230727	false	0.5
dreckskerl	off 1.0		__DUMMY__ 0.4414080371089352 off 0.28703627082507754 neg 0.27155569206598723	false	1.0
deine	neg 1.0		__DUMMY__ 0.4412285754785647 off 0.28840839236776794 neg 0.2703630321536674	false	0.5
aufgeben	neg 1.0		__DUMMY__ 0.44279491357652284 off 0.2850892057487247 neg 0.27211588067475234	false	0.5
durcheinander	neg 1.0		__DUMMY__ 0.4423387773566165 off 0.28580316986051385 neg 0.2718580527828697	false	0.5
unterbrechen	neg 1.0		__DUMMY__ 0.4425049648810934 off 0.28400211448458645 neg 0.27349292063432024	false	0.5
vergammeln	neg 1.0		__DUMMY__ 0.4423252605912511 off 0.28551484927891974 neg 0.2721598901298291	false	0.5
grotesk	neg 1.0		__DUMMY__ 0.4425843714375069 off 0.28362370315687835 neg 0.27379192540561476	false	0.5
elendig	neg 1.0		__DUMMY__ 0.44193885734267485 off 0.28572423008972236 neg 0.27233691256760273	false	0.5
naiv	off 1.0		__DUMMY__ 0.442518058381985 off 0.2851984693496041 neg 0.2722834722684108	false	1.0
uneinigkeit	neg 1.0		__DUMMY__ 0.44261050071083 off 0.2795392801938759 neg 0.2778502190952941	false	0.5
fragil	neg 1.0		__DUMMY__ 0.43554302226056396 neg 0.2860517023542837 off 0.27840527538515236	false	1.0
provisorisch	neg 1.0		__DUMMY__ 0.44308023425358195 off 0.2835090683610444 neg 0.27341069738537366	false	0.5
landei	off 1.0		__DUMMY__ 0.44193422595253434 off 0.2883602099365727 neg 0.26970556411089297	false	1.0
bedauerlich	neg 1.0		__DUMMY__ 0.4424419864974151 off 0.2833420231441148 neg 0.2742159903584703	false	0.5
krieg	neg 1.0		__DUMMY__ 0.442291581961032 off 0.28433296895963545 neg 0.27337544907933237	false	0.5
traurigkeit	neg 1.0		__DUMMY__ 0.4423760008349634 off 0.2849006484120526 neg 0.27272335075298393	false	0.5
monotonie	neg 1.0		__DUMMY__ 0.44273805652335796 off 0.283657633117257 neg 0.27360431035938504	false	0.5
unliebsam	neg 1.0		__DUMMY__ 0.4423646143710822 off 0.2842292476208905 neg 0.2734061380080273	false	0.5
drift	neg 1.0		__DUMMY__ 0.38977039019127785 neg 0.3211164389089055 off 0.28911317089981675	false	1.0
chaos	neg 1.0		__DUMMY__ 0.44246716142325004 off 0.28144032120363033 neg 0.2760925173731196	false	0.5
blutig	neg 1.0		__DUMMY__ 0.44242212992790103 off 0.28554424171864157 neg 0.27203362835345757	false	0.5
machtlos	neg 1.0		__DUMMY__ 0.44235255425858777 off 0.28309169165907866 neg 0.2745557540823335	false	0.5
