unsolidarisch	neg 1.0		off 0.3891023818022283 neg 0.37758840523470244 __DUMMY__ 0.23330921296306925	false	0.5
nachteilig	neg 1.0		off 0.3881498835897147 neg 0.3780518922198892 __DUMMY__ 0.23379822419039611	false	0.5
skeptisch	neg 1.0		off 0.38898944472640273 neg 0.3771888057201801 __DUMMY__ 0.2338217495534171	false	0.5
schrecklich	neg 1.0		off 0.3937512786995493 neg 0.37305651278083884 __DUMMY__ 0.23319220851961173	false	0.5
schlapp	neg 1.0		off 0.3939604432932465 neg 0.37272065771509855 __DUMMY__ 0.233318898991655	false	0.5
abfall	neg 1.0		off 0.3882052104604414 neg 0.37773555600324255 __DUMMY__ 0.23405923353631594	false	0.5
widerspenstig	neg 1.0		off 0.3912559466318916 neg 0.37528903575474665 __DUMMY__ 0.2334550176133618	false	0.5
abrupt	neg 1.0		off 0.38992626191412383 neg 0.37609612327511566 __DUMMY__ 0.2339776148107604	false	0.5
unwirksam	neg 1.0		off 0.383382449772169 neg 0.38281612006207166 __DUMMY__ 0.23380143016575936	false	0.5
angreifen	neg 1.0		off 0.38898873662826 neg 0.37726060972911657 __DUMMY__ 0.2337506536426233	false	0.5
inkonsistent	neg 1.0		off 0.39107833517324014 neg 0.3750629166354479 __DUMMY__ 0.233858748191312	false	0.5
abrutschen	neg 1.0		off 0.3889857557371576 neg 0.3772320288886543 __DUMMY__ 0.23378221537418806	false	0.5
unsicher	neg 1.0		off 0.39104192654132836 neg 0.3752796510995977 __DUMMY__ 0.23367842235907393	false	0.5
bauernkind	off 1.0		off 0.39779065288687554 neg 0.3697032092661509 __DUMMY__ 0.23250613784697355	false	1.0
angreifer	neg 1.0		off 0.3862386986206528 neg 0.3801326110786614 __DUMMY__ 0.2336286903006857	false	0.5
trennen	neg 1.0		off 0.3900080049959727 neg 0.37586616562166014 __DUMMY__ 0.23412582938236712	false	0.5
schmutz	neg 1.0		off 0.3864373175623956 neg 0.3796288833569417 __DUMMY__ 0.23393379908066272	false	0.5
inkonsistenz	neg 1.0		off 0.391785055240186 neg 0.37472883958688585 __DUMMY__ 0.23348610517292806	false	0.5
erschreckend	neg 1.0		off 0.38979120656224625 neg 0.3765019527913738 __DUMMY__ 0.2337068406463801	false	0.5
ertrinken	neg 1.0		off 0.39026928863001403 neg 0.3762923242048531 __DUMMY__ 0.23343838716513282	false	0.5
pickelface	off 1.0		off 0.4022006904333603 neg 0.36601505272302315 __DUMMY__ 0.23178425684361653	false	1.0
lauch	neg 1.0		off 0.3993099622157927 neg 0.3684908661647697 __DUMMY__ 0.2321991716194376	false	0.5
steuerhinterziehung	neg 1.0		off 0.3860171837222352 neg 0.3804013825799645 __DUMMY__ 0.23358143369780038	false	0.5
unwichtig	neg 1.0		off 0.39186851516949933 neg 0.37459188585210595 __DUMMY__ 0.2335395989783947	false	0.5
schock	neg 1.0		off 0.39109085468719607 neg 0.3750042005688886 __DUMMY__ 0.23390494474391527	false	0.5
vergelten	neg 1.0		off 0.3884279761445244 neg 0.3786139934888717 __DUMMY__ 0.23295803036660379	false	0.5
beule	neg 1.0		off 0.3946742097851728 neg 0.37216715793111976 __DUMMY__ 0.23315863228370745	false	0.5
verdorbenheit	neg 1.0		off 0.38897897958441674 neg 0.3760391097709421 __DUMMY__ 0.23498191064464122	false	0.5
trauma			off 0.4148614562580062 neg 0.37424562151529434 __DUMMY__ 0.21089292222669956	false	0.0
sinnlos	neg 1.0		off 0.39179208883423994 neg 0.3747078839454192 __DUMMY__ 0.2335000272203408	false	0.5
fettsack	off 1.0		off 0.3973852941741801 neg 0.3698170321805258 __DUMMY__ 0.23279767364529413	false	1.0
feige	off 1.0		off 0.39181992111888947 neg 0.37456685772869225 __DUMMY__ 0.23361322115241837	false	1.0
abdanken	neg 1.0		off 0.38922330981320374 neg 0.37724838621836393 __DUMMY__ 0.23352830396843224	false	0.5
wichtigtuer	off 1.0	off 1.0	off 0.6841393835359018 neg 0.20416555607269748 __DUMMY__ 0.11169506039140065	false	1.0
misslingen	neg 1.0		off 0.3911496197070036 neg 0.37547104399236325 __DUMMY__ 0.23337933630063318	false	0.5
untreu	off 1.0		off 0.3919090732249391 neg 0.37449390042772845 __DUMMY__ 0.23359702634733243	false	1.0
missmutig	neg 1.0		off 0.3911457786316888 neg 0.3751105681474342 __DUMMY__ 0.233743653220877	false	0.5
hurenbock	off 1.0		off 0.3974966406369353 neg 0.37028549597046073 __DUMMY__ 0.23221786339260397	false	1.0
betrunken	neg 1.0		off 0.3938164127112204 neg 0.3730474139214837 __DUMMY__ 0.23313617336729572	false	0.5
korrupt	off 1.0		off 0.38902561930089835 neg 0.3775073658386173 __DUMMY__ 0.23346701486048427	false	1.0
unmut	neg 1.0		off 0.3876486282709058 neg 0.3785132851073231 __DUMMY__ 0.23383808662177108	false	0.5
hackfresse	off 1.0		off 0.39468614337428726 neg 0.3723449240616001 __DUMMY__ 0.2329689325641126	false	1.0
aufblasen	neg 1.0		off 0.39179957772507756 neg 0.3746515676176221 __DUMMY__ 0.23354885465730021	false	0.5
gewaltsam	neg 1.0		off 0.3869275760672948 neg 0.3793481617041382 __DUMMY__ 0.23372426222856688	false	0.5
unbeliebtheit	neg 1.0		off 0.3860070201690372 neg 0.38022597948230663 __DUMMY__ 0.23376700034865608	false	0.5
sturheit	neg 1.0		off 0.3890642556921314 neg 0.37727483469997186 __DUMMY__ 0.2336609096078968	false	0.5
kuh	neg 1.0		off 0.39806355551069483 neg 0.36933441097352204 __DUMMY__ 0.23260203351578324	false	0.5
erschrecken	neg 1.0		off 0.3923131530609973 neg 0.37423569999337625 __DUMMY__ 0.23345114694562652	false	0.5
opfer	neg 1.0		off 0.38954652182976657 neg 0.3766799141894985 __DUMMY__ 0.23377356398073487	false	0.5
stinktier	neg 1.0		off 0.39772568124587 neg 0.3697068611375315 __DUMMY__ 0.23256745761659847	false	0.5
sinken	neg 1.0		off 0.385898871834326 neg 0.3796925634416104 __DUMMY__ 0.23440856472406355	false	0.5
tucke	off 1.0		off 0.3968111170097589 neg 0.37083779250771304 __DUMMY__ 0.23235109048252817	false	1.0
abstieg	neg 1.0		off 0.3874841556920095 neg 0.37852832379393847 __DUMMY__ 0.23398752051405192	false	0.5
missverstehen	neg 1.0		off 0.39114026129451124 neg 0.37520552734087975 __DUMMY__ 0.23365421136460893	false	0.5
ergebnislos	neg 1.0		off 0.38554679685991067 neg 0.38038684991664534 __DUMMY__ 0.23406635322344405	false	0.5
manipulieren	neg 1.0		off 0.3892523468197527 neg 0.37728035894997464 __DUMMY__ 0.23346729423027254	false	0.5
verschleppen	neg 1.0		off 0.38612892835666446 neg 0.3800580089307646 __DUMMY__ 0.23381306271257093	false	0.5
unbewiesen	neg 1.0		off 0.3876159580452083 neg 0.3786234972789374 __DUMMY__ 0.23376054467585428	false	0.5
weib	off 1.0		off 0.396677513232972 neg 0.370681822602516 __DUMMY__ 0.2326406641645121	false	1.0
opposition	neg 1.0		off 0.3844216753047799 neg 0.38242237612651536 __DUMMY__ 0.23315594856870472	false	0.5
verkehrswidrig	neg 1.0		off 0.38639162565652757 neg 0.3805595992541561 __DUMMY__ 0.2330487750893164	false	0.5
inkorrekt	neg 1.0		off 0.391664730829204 neg 0.3748100326349908 __DUMMY__ 0.23352523653580512	false	0.5
vermeiden	neg 1.0		off 0.3873961521324376 neg 0.3785589063212113 __DUMMY__ 0.23404494154635097	false	0.5
abweichung	neg 1.0		off 0.38708803396449926 neg 0.3789100510588663 __DUMMY__ 0.23400191497663433	false	0.5
alkoholisiert	neg 1.0		off 0.38973906100168876 neg 0.37657558025055576 __DUMMY__ 0.23368535874775548	false	0.5
scheiss	off 1.0	off 1.0	off 0.685740307559988 neg 0.2025377157791518 __DUMMY__ 0.1117219766608602	false	1.0
herausforderung	neg 1.0		off 0.38811732474525085 neg 0.37771576392082185 __DUMMY__ 0.23416691133392736	false	0.5
pervers	off 1.0		off 0.3965073093690662 neg 0.37096371913109283 __DUMMY__ 0.232528971499841	false	1.0
wackelig	neg 1.0		off 0.39141495953064503 neg 0.3749658978688464 __DUMMY__ 0.23361914260050862	false	0.5
verwickeln	neg 1.0		off 0.3908767514816319 neg 0.37537845632529027 __DUMMY__ 0.2337447921930779	false	0.5
vorwand	neg 1.0		off 0.3891241465475459 neg 0.37731054724872226 __DUMMY__ 0.2335653062037319	false	0.5
muschi	off 1.0		off 0.4016368206312506 neg 0.36655422783169883 __DUMMY__ 0.23180895153705064	false	1.0
entmutigung	neg 1.0		off 0.3865443675630439 neg 0.3798745492636514 __DUMMY__ 0.2335810831733047	false	0.5
unstetig	neg 1.0		off 0.38955997859529806 neg 0.3768159688241914 __DUMMY__ 0.23362405258051058	false	0.5
unangemessen	neg 1.0		off 0.38938742978868035 neg 0.3769393787484566 __DUMMY__ 0.2336731914628631	false	0.5
entmutigen	neg 1.0		off 0.39122140728039545 neg 0.37509573751177705 __DUMMY__ 0.23368285520782758	false	0.5
schwanz	neg 1.0		off 0.39951204354446024 neg 0.36896177577234823 __DUMMY__ 0.2315261806831915	false	0.5
verbot	neg 1.0		off 0.38667024627734214 neg 0.3797177821247528 __DUMMY__ 0.23361197159790512	false	0.5
leid	neg 1.0		off 0.3942171409086234 neg 0.37258950038814576 __DUMMY__ 0.23319335870323085	false	0.5
archaisch	neg 1.0		off 0.3895389866735597 neg 0.37686650973453784 __DUMMY__ 0.23359450359190262	false	0.5
scheidung	neg 1.0		off 0.384366762620401 neg 0.38162262873395275 __DUMMY__ 0.2340106086456464	false	0.5
abgestanden	neg 1.0		off 0.393006137180245 neg 0.3732488811642262 __DUMMY__ 0.2337449816555287	false	0.5
einschlag	neg 1.0		off 0.3869336396505382 neg 0.37917448139731236 __DUMMY__ 0.23389187895214944	false	0.5
schmierig	off 1.0		off 0.39379266011342756 neg 0.37291648037188085 __DUMMY__ 0.23329085951469147	false	1.0
unpraktisch	neg 1.0		off 0.3928251125880513 neg 0.3737579777775035 __DUMMY__ 0.23341690963444525	false	0.5
wixxer	off 1.0		off 0.39768114052152614 neg 0.36961910545006 __DUMMY__ 0.23269975402841395	false	1.0
jammerlappen	off 1.0		off 0.39189194075498096 neg 0.3746021256474241 __DUMMY__ 0.23350593359759494	false	1.0
farce	neg 1.0		off 0.38672678791063303 neg 0.3795811447150603 __DUMMY__ 0.23369206737430676	false	0.5
zwecklos	neg 1.0		off 0.3895391413484165 neg 0.37669229113999386 __DUMMY__ 0.23376856751158953	false	0.5
turbulent	neg 1.0		off 0.38891991770917467 neg 0.3778129907970388 __DUMMY__ 0.23326709149378644	false	0.5
schuld	neg 1.0		off 0.39104451309186483 neg 0.375489797749634 __DUMMY__ 0.2334656891585012	false	0.5
risiko	neg 1.0		off 0.38504979354972524 neg 0.38045544016108035 __DUMMY__ 0.23449476628919433	false	0.5
invasion	neg 1.0		neg 0.39598089327115615 off 0.3757376320488426 __DUMMY__ 0.22828147468000143	false	1.0
finster	neg 1.0		off 0.39326371257876774 neg 0.37311286336714306 __DUMMY__ 0.23362342405408915	false	0.5
geisteskrank	off 1.0		off 0.39182948127295747 neg 0.3745590310997627 __DUMMY__ 0.23361148762727976	false	1.0
ausbeute	neg 1.0		off 0.3899363993190396 neg 0.3753404468058396 __DUMMY__ 0.23472315387512072	false	0.5
zusammenbrechen	neg 1.0		off 0.39035146857054615 neg 0.3761307951704292 __DUMMY__ 0.23351773625902472	false	0.5
hinterhalt	neg 1.0		off 0.38944127784984883 neg 0.3768247523270758 __DUMMY__ 0.23373396982307537	false	0.5
kritik	neg 1.0		off 0.38700696109101196 neg 0.3793611259960334 __DUMMY__ 0.23363191291295463	false	0.5
einschrumpfen	neg 1.0		off 0.386533482144369 neg 0.38148275349167926 __DUMMY__ 0.23198376436395182	false	0.5
riskant	neg 1.0		off 0.3895628899089738 neg 0.37670932832917364 __DUMMY__ 0.2337277817618525	false	0.5
frustrieren	neg 1.0		off 0.39000124720985896 neg 0.3762189216178979 __DUMMY__ 0.23377983117224302	false	0.5
groll	neg 1.0		off 0.3893096440876419 neg 0.3768932170584007 __DUMMY__ 0.23379713885395748	false	0.5
qualvoll	neg 1.0		off 0.3918522629705873 neg 0.37485657708807046 __DUMMY__ 0.23329115994134228	false	0.5
wackeln	neg 1.0		off 0.39138250455032264 neg 0.374843957080581 __DUMMY__ 0.23377353836909634	false	0.5
klagen	neg 1.0		off 0.38734032072307145 neg 0.3789718208608929 __DUMMY__ 0.23368785841603562	false	0.5
trauern	neg 1.0		off 0.38979671011238487 neg 0.3765312778289583 __DUMMY__ 0.23367201205865676	false	0.5
ablehnung	neg 1.0		off 0.38652234338739144 neg 0.3797182561031252 __DUMMY__ 0.23375940050948332	false	0.5
bankrott	neg 1.0		neg 0.38511141823580636 off 0.38200253910199944 __DUMMY__ 0.23288604266219426	false	1.0
stur	neg 1.0		off 0.3906431419712929 neg 0.3758919007926587 __DUMMY__ 0.23346495723604835	false	0.5
aufruhr	neg 1.0		off 0.3853926510652664 neg 0.38042395155050074 __DUMMY__ 0.234183397384233	false	0.5
melancholie	neg 1.0		off 0.3924753443337734 neg 0.37394819577389204 __DUMMY__ 0.23357645989233458	false	0.5
torheit	neg 1.0		off 0.38879489635880876 neg 0.3775312310689652 __DUMMY__ 0.23367387257222605	false	0.5
dreckskind	off 1.0		off 0.40023109665495227 neg 0.36758858119134324 __DUMMY__ 0.23218032215370446	false	1.0
umtauschen	neg 1.0		off 0.39274607101160336 neg 0.37395237521515823 __DUMMY__ 0.23330155377323836	false	0.5
zersetzen	neg 1.0		off 0.38840351883801427 neg 0.3778651997656319 __DUMMY__ 0.2337312813963538	false	0.5
frust	neg 1.0		off 0.390240698774442 neg 0.37619729908375277 __DUMMY__ 0.23356200214180517	false	0.5
unerbittlichkeit	neg 1.0		off 0.3884571343084991 neg 0.3777950738321429 __DUMMY__ 0.23374779185935798	false	0.5
unkorrekt	neg 1.0		off 0.39208282217876006 neg 0.3746842724866928 __DUMMY__ 0.2332329053345472	false	0.5
hexe	off 1.0		off 0.39485377575435876 neg 0.3714939194319553 __DUMMY__ 0.23365230481368587	false	1.0
lasch	neg 1.0		off 0.3908036176719345 neg 0.37559563103798854 __DUMMY__ 0.23360075129007704	false	0.5
rivale	neg 1.0		off 0.385234343022202 neg 0.3814421857098798 __DUMMY__ 0.23332347126791814	false	0.5
mutlos	off 1.0		off 0.38891439173426773 neg 0.37733950046936054 __DUMMY__ 0.2337461077963718	false	1.0
wirr	off 1.0		off 0.39391434575776596 neg 0.3732819345161171 __DUMMY__ 0.23280371972611694	false	1.0
strafbar	neg 1.0		off 0.38926511984874557 neg 0.3769732553004994 __DUMMY__ 0.23376162485075494	false	0.5
erosion	neg 1.0	neg 1.0	neg 0.6737559256694426 off 0.2117317774539363 __DUMMY__ 0.11451229687662107	false	1.0
eingehen	neg 1.0		off 0.38960665942186984 neg 0.3766779408908542 __DUMMY__ 0.2337153996872759	false	0.5
faul	off 1.0		off 0.3940490463205055 neg 0.37287281310181164 __DUMMY__ 0.23307814057768292	false	1.0
provisorium	neg 1.0		off 0.3884931241908326 neg 0.37748760038791423 __DUMMY__ 0.23401927542125317	false	0.5
schmerzen	neg 1.0		off 0.39258470006158525 neg 0.3742869000396776 __DUMMY__ 0.23312839989873732	false	0.5
schrumpfen	neg 1.0		off 0.387211316642991 neg 0.3787436541916845 __DUMMY__ 0.23404502916532452	false	0.5
geistlos	off 1.0		off 0.3904959982474 neg 0.3759253266637144 __DUMMY__ 0.23357867508888563	false	1.0
frustrierend	neg 1.0		off 0.3921438797336403 neg 0.3741983629737549 __DUMMY__ 0.23365775729260477	false	0.5
fehlkauf	neg 1.0		off 0.3898864166427534 neg 0.37568682964585476 __DUMMY__ 0.23442675371139185	false	0.5
unzufrieden	neg 1.0		off 0.38953514278169266 neg 0.37667064113452864 __DUMMY__ 0.2337942160837787	false	0.5
verzweifeln	neg 1.0		off 0.39064133418989955 neg 0.3757344485345136 __DUMMY__ 0.2336242172755868	false	0.5
verzweifelt	neg 1.0		off 0.3913115981163927 neg 0.37500609420606124 __DUMMY__ 0.23368230767754594	false	0.5
misstrauensantrag	neg 1.0		off 0.3848729172039565 neg 0.3820931493241915 __DUMMY__ 0.2330339334718521	false	0.5
abfallen	neg 1.0		off 0.39281536377939336 neg 0.37388985123211543 __DUMMY__ 0.2332947849884912	false	0.5
fucker	off 1.0		__DUMMY__ 0.38478711095671025 off 0.37671361304564993 neg 0.23849927599763984	false	1.0
ungezogen	neg 1.0		off 0.39485790548471744 neg 0.37218467032066277 __DUMMY__ 0.23295742419461993	false	0.5
irrsinnig	neg 1.0		off 0.3913474988547294 neg 0.3750970525450765 __DUMMY__ 0.23355544860019414	false	0.5
hart	neg 1.0		off 0.3986013713216333 neg 0.369373417205973 __DUMMY__ 0.23202521147239374	false	0.5
unfassbar	neg 1.0		off 0.3919466598213231 neg 0.37427023333628245 __DUMMY__ 0.23378310684239448	false	0.5
widerlich	off 1.0		off 0.39225753075969755 neg 0.3743548706889945 __DUMMY__ 0.23338759855130806	false	1.0
fatal			off 0.38634800996340446 neg 0.3744639511905897 __DUMMY__ 0.23918803884600587	false	0.0
bruch	neg 1.0		off 0.388184019037311 neg 0.37784326787451505 __DUMMY__ 0.23397271308817383	false	0.5
aushungern	neg 1.0		off 0.38728604948434353 neg 0.37926975415242226 __DUMMY__ 0.23344419636323419	false	0.5
anspannung	neg 1.0		off 0.38924284329507775 neg 0.3768384682646356 __DUMMY__ 0.23391868844028663	false	0.5
kraftlos	neg 1.0		off 0.39047460350916896 neg 0.3757983888586062 __DUMMY__ 0.23372700763222484	false	0.5
grenzdebil	off 1.0		off 0.39282714563338555 neg 0.37387750807399234 __DUMMY__ 0.23329534629262214	false	1.0
unterwerfen	neg 1.0		off 0.3893474565470045 neg 0.3769602508475859 __DUMMY__ 0.23369229260540966	false	0.5
versenkung	neg 1.0		off 0.389485972296963 neg 0.3766827327435768 __DUMMY__ 0.2338312949594601	false	0.5
entziehen	neg 1.0		off 0.38865657539891024 neg 0.377491439261374 __DUMMY__ 0.2338519853397158	false	0.5
finanzkrise	neg 1.0		off 0.3839412409594089 neg 0.38217026097961715 __DUMMY__ 0.23388849806097387	false	0.5
schimpfend	neg 1.0		off 0.39228657846063075 neg 0.37445020006632385 __DUMMY__ 0.23326322147304543	false	0.5
profan	neg 1.0		off 0.3916674625622872 neg 0.37470702665560374 __DUMMY__ 0.23362551078210902	false	0.5
korruption	neg 1.0		off 0.3861943404141914 neg 0.38015098496142724 __DUMMY__ 0.23365467462438136	false	0.5
schmutzig	neg 1.0		off 0.39304009428111386 neg 0.3736472552732848 __DUMMY__ 0.23331265044560126	false	0.5
abraten	neg 1.0		off 0.39219264875711773 neg 0.374244293849198 __DUMMY__ 0.2335630573936842	false	0.5
sexy	neg 1.0		off 0.407445726561266 neg 0.37935478021963703 __DUMMY__ 0.21319949321909712	false	0.5
fotze	off 1.0		off 0.4034872260353662 neg 0.36531444945114866 __DUMMY__ 0.23119832451348504	false	1.0
schwarz	neg 1.0		off 0.39037687340888994 neg 0.37612702430833894 __DUMMY__ 0.23349610228277112	false	0.5
verwirren	neg 1.0		off 0.39213169741477816 neg 0.37438710236775086 __DUMMY__ 0.23348120021747104	false	0.5
zahnlos	off 1.0		off 0.3896027032432778 neg 0.3764942470532982 __DUMMY__ 0.2339030497034239	false	1.0
verheeren	neg 1.0		off 0.38359319859670366 neg 0.38284233421068015 __DUMMY__ 0.23356446719261612	false	0.5
rammen	neg 1.0		off 0.39318645871876373 neg 0.3734366437687994 __DUMMY__ 0.23337689751243687	false	0.5
unlauter	neg 1.0		off 0.3860203380697079 neg 0.3805640880938445 __DUMMY__ 0.2334155738364476	false	0.5
unheilvoll	neg 1.0		off 0.3915188977542325 neg 0.37523332529645786 __DUMMY__ 0.23324777694930962	false	0.5
niedrig	neg 1.0		off 0.3863687030539909 neg 0.37897257321899697 __DUMMY__ 0.23465872372701213	false	0.5
weichei	off 1.0		off 0.3947741587430632 neg 0.37211886187071314 __DUMMY__ 0.23310697938622374	false	1.0
explosion	neg 1.0		neg 0.38858202312083384 off 0.3798419186162111 __DUMMY__ 0.23157605826295505	false	1.0
minusmensch	off 1.0		off 0.39959325484517055 neg 0.36777028421535873 __DUMMY__ 0.23263646093947077	false	1.0
farblos	neg 1.0		off 0.39072118668890277 neg 0.37483872104950683 __DUMMY__ 0.2344400922615904	false	0.5
unwissend	neg 1.0		off 0.39222450970034045 neg 0.37432320350033715 __DUMMY__ 0.23345228679932228	false	0.5
traurig	neg 1.0		off 0.3933196719518626 neg 0.3733501284410061 __DUMMY__ 0.23333019960713122	false	0.5
senkung	neg 1.0		neg 0.38490590819681497 off 0.3817579830733091 __DUMMY__ 0.23333610872987587	false	1.0
ungleich	neg 1.0		off 0.3890993147410892 neg 0.37720385153556996 __DUMMY__ 0.23369683372334074	false	0.5
heikel	neg 1.0		off 0.38931244789028163 neg 0.3770560996769047 __DUMMY__ 0.23363145243281366	false	0.5
drosselung	neg 1.0		neg 0.3836480975308681 off 0.3827308676349927 __DUMMY__ 0.23362103483413918	false	1.0
falsch	neg 1.0		off 0.39214632303741415 neg 0.37438372407362663 __DUMMY__ 0.23346995288895925	false	0.5
unzufriedenheit	neg 1.0		off 0.38842711341179337 neg 0.37782887884774496 __DUMMY__ 0.2337440077404616	false	0.5
kurz	neg 1.0		off 0.3917996007814846 neg 0.3745129653831502 __DUMMY__ 0.2336874338353651	false	0.5
unsinnig	neg 1.0		off 0.38996993401041546 neg 0.3765077278454153 __DUMMY__ 0.23352233814416926	false	0.5
penner	off 1.0		off 0.39446981881614107 neg 0.37244659270823083 __DUMMY__ 0.23308358847562813	false	1.0
seicht	neg 1.0		off 0.3928727885132227 neg 0.3736110308137083 __DUMMY__ 0.23351618067306903	false	0.5
dummheit	off 1.0		off 0.39087460691877096 neg 0.3756267611451265 __DUMMY__ 0.2334986319361026	false	1.0
unerfreulich	neg 1.0		off 0.38921357248736216 neg 0.3770047763784554 __DUMMY__ 0.23378165113418234	false	0.5
pikiert	neg 1.0		off 0.3920009497297058 neg 0.37448551134469604 __DUMMY__ 0.2335135389255983	false	0.5
motherfucker	off 1.0		off 0.37672954387884566 __DUMMY__ 0.36872636053871366 neg 0.2545440955824408	false	1.0
wrack	neg 1.0		off 0.3894507382668534 neg 0.3766586639850859 __DUMMY__ 0.23389059774806076	false	0.5
gangster	neg 1.0		off 0.3925211788031754 neg 0.3053122284389987 __DUMMY__ 0.302166592757826	false	0.5
krank	neg 1.0		off 0.3936921285945415 neg 0.3730185504500716 __DUMMY__ 0.23328932095538685	false	0.5
reich	neg 1.0		off 0.38934746593565794 neg 0.3768002220526351 __DUMMY__ 0.23385231201170698	false	0.5
gnadenlos	neg 1.0		off 0.39123562866550987 neg 0.3750748123977818 __DUMMY__ 0.23368955893670842	false	0.5
niedergeschlagen	neg 1.0		off 0.39041450068466715 neg 0.37588732430736915 __DUMMY__ 0.23369817500796378	false	0.5
terrorisieren	off 1.0	off 1.0	off 0.6832380863881522 neg 0.20483137317285935 __DUMMY__ 0.11193054043898851	false	1.0
sinnlosigkeit	neg 1.0		off 0.3897735039264194 neg 0.3766116647981117 __DUMMY__ 0.23361483127546895	false	0.5
behindern	neg 1.0		off 0.38633091921419505 neg 0.3799473370391588 __DUMMY__ 0.2337217437466461	false	0.5
undemokratisch	neg 1.0		off 0.3881627652344286 neg 0.37862460237533 __DUMMY__ 0.2332126323902414	false	0.5
wirtschaftskrise	neg 1.0		off 0.38478563212822964 neg 0.3811498865187673 __DUMMY__ 0.2340644813530031	false	0.5
neid	neg 1.0		off 0.39207967243021036 neg 0.3741345990681613 __DUMMY__ 0.23378572850162824	false	0.5
rutschen	neg 1.0		off 0.3903549563702064 neg 0.3755813733016833 __DUMMY__ 0.23406367032811035	false	0.5
rezession	neg 1.0		off 0.3830148218102074 neg 0.38286692007158785 __DUMMY__ 0.23411825811820478	false	0.5
fehlgeburt	neg 1.0		off 0.39232509281505473 neg 0.3745808766811639 __DUMMY__ 0.23309403050378144	false	0.5
charakterschwach	off 1.0		off 0.39175753352987 neg 0.37475899134195734 __DUMMY__ 0.23348347512817266	false	1.0
isolation	neg 1.0		neg 0.392340492486928 off 0.37763136865429586 __DUMMY__ 0.23002813885877604	false	1.0
ablenkung	neg 1.0		off 0.39129541441134175 neg 0.3751531815452147 __DUMMY__ 0.23355140404344352	false	0.5
pech	neg 1.0		off 0.3931331755873303 neg 0.37328917535421346 __DUMMY__ 0.23357764905845624	false	0.5
dominieren	neg 1.0		off 0.38572062138304614 neg 0.3798611395473267 __DUMMY__ 0.23441823906962714	false	0.5
vermeidung	neg 1.0		neg 0.38508717655364594 off 0.3817803773098008 __DUMMY__ 0.23313244613655323	false	1.0
schwindlig	neg 1.0		off 0.39435083500588636 neg 0.3725109722052872 __DUMMY__ 0.23313819278882641	false	0.5
lutscher	neg 1.0		off 0.39795503239506835 neg 0.369487297701634 __DUMMY__ 0.2325576699032976	false	0.5
pflicht	neg 1.0		off 0.3890087219116202 neg 0.37714889380165234 __DUMMY__ 0.23384238428672732	false	0.5
faschist	off 1.0		off 0.390487733255184 neg 0.3760988058562296 __DUMMY__ 0.23341346088858642	false	1.0
verschleudern	neg 1.0		off 0.38661193917889125 neg 0.3795341420308494 __DUMMY__ 0.23385391879025935	false	0.5
ehebruch	neg 1.0		off 0.38965118708925134 neg 0.3766297669499958 __DUMMY__ 0.23371904596075285	false	0.5
trostlosigkeit	neg 1.0		off 0.3887328221647148 neg 0.37751562999922056 __DUMMY__ 0.23375154783606467	false	0.5
lutschen	neg 1.0		off 0.39855031702096405 neg 0.36957903075479476 __DUMMY__ 0.23187065222424125	false	0.5
spott	off 1.0		off 0.38902314993647913 neg 0.37725983834416227 __DUMMY__ 0.23371701171935863	false	1.0
undiszipliniert	neg 1.0		off 0.3932921084474198 neg 0.3734834789465388 __DUMMY__ 0.2332244126060414	false	0.5
kopfschmerz	neg 1.0		off 0.3921574963485543 neg 0.3747437634870381 __DUMMY__ 0.2330987401644077	false	0.5
unvorhergesehen	neg 1.0		off 0.3909042433004846 neg 0.3752864490246076 __DUMMY__ 0.2338093076749077	false	0.5
desinteressiert	neg 1.0		off 0.39307987987156745 neg 0.37352459536426974 __DUMMY__ 0.23339552476416278	false	0.5
armselig	off 1.0		off 0.39180162359377785 neg 0.37452920874070095 __DUMMY__ 0.23366916766552115	false	1.0
tod	neg 1.0		off 0.3888369642810836 neg 0.3773341791735988 __DUMMY__ 0.2338288565453175	false	0.5
desaster	neg 1.0		off 0.38734251599888264 neg 0.37874665098341165 __DUMMY__ 0.23391083301770568	false	0.5
herzlos	neg 1.0		off 0.39307902996748956 neg 0.37351089520256303 __DUMMY__ 0.2334100748299473	false	0.5
unwissenheit	neg 1.0		off 0.3890563715337815 neg 0.377447631440902 __DUMMY__ 0.23349599702531654	false	0.5
widersinnig	neg 1.0		off 0.38785831557808154 neg 0.37859270847705406 __DUMMY__ 0.23354897594486432	false	0.5
bedenklich	neg 1.0		off 0.3892770656814929 neg 0.3770769272689066 __DUMMY__ 0.2336460070496006	false	0.5
beanstanden	neg 1.0		off 0.3885258721475788 neg 0.3776115825058658 __DUMMY__ 0.23386254534655543	false	0.5
panisch	neg 1.0		off 0.3923969085232411 neg 0.37429088328261095 __DUMMY__ 0.2333122081941479	false	0.5
abstrich	neg 1.0		off 0.39206975852437276 neg 0.37499950018557665 __DUMMY__ 0.23293074129005062	false	0.5
debil	off 1.0		off 0.4050608900577132 neg 0.36485961064314004 __DUMMY__ 0.2300794992991468	false	1.0
primitiv	neg 1.0		off 0.3921499070931816 neg 0.37414835484680986 __DUMMY__ 0.23370173806000857	false	0.5
abschaum	off 1.0		off 0.39153135026131564 neg 0.3749340822776035 __DUMMY__ 0.2335345674610809	false	1.0
tot	neg 1.0		off 0.3925869044946207 neg 0.37415044934957703 __DUMMY__ 0.23326264615580236	false	0.5
provozieren	neg 1.0		off 0.3907982115586072 neg 0.3756179336407685 __DUMMY__ 0.2335838548006242	false	0.5
instabil	neg 1.0		off 0.39013693074346095 neg 0.3758350097885001 __DUMMY__ 0.23402805946803884	false	0.5
schwuchtel	off 1.0		off 0.3986137005515812 neg 0.3691239060011196 __DUMMY__ 0.23226239344729926	false	1.0
zerren	neg 1.0		off 0.3906272530255042 neg 0.3757896778974718 __DUMMY__ 0.23358306907702414	false	0.5
kinderficker	off 1.0		off 0.3920939546667864 neg 0.3747388751053479 __DUMMY__ 0.23316717022786576	false	1.0
gefahr	neg 1.0		off 0.38605448407997695 neg 0.379858090224496 __DUMMY__ 0.234087425695527	false	0.5
rabiat	neg 1.0		off 0.3907729548402496 neg 0.3754725713615073 __DUMMY__ 0.23375447379824318	false	0.5
verlangsamung	neg 1.0		off 0.3842357382054162 neg 0.3812231737742031 __DUMMY__ 0.23454108802038057	false	0.5
anklagen	neg 1.0		off 0.3861722403662711 neg 0.38023204082374457 __DUMMY__ 0.23359571880998434	false	0.5
ausgestorben	neg 1.0		off 0.39026669664886043 neg 0.3758154158568077 __DUMMY__ 0.23391788749433196	false	0.5
verminderung	neg 1.0		neg 0.38513741516391486 off 0.3815062310738285 __DUMMY__ 0.23335635376225675	false	1.0
rost	neg 1.0		off 0.38739679890938844 neg 0.37745342661150166 __DUMMY__ 0.23514977447910992	false	0.5
destruktiv	neg 1.0		off 0.3897368312600279 neg 0.3766759692149924 __DUMMY__ 0.23358719952497967	false	0.5
unzumutbarkeit	neg 1.0		off 0.38609524093664704 neg 0.38008927630492195 __DUMMY__ 0.2338154827584309	false	0.5
labil	off 1.0	off 1.0	off 0.7637721739066504 neg 0.14615569472666443 __DUMMY__ 0.09007213136668497	false	1.0
ziemlich	neg 1.0		off 0.39316550903616554 neg 0.3734205432889019 __DUMMY__ 0.23341394767493256	false	0.5
lachnummer	off 1.0		off 0.38978336127526897 neg 0.3764709020323218 __DUMMY__ 0.23374573669240928	false	1.0
ausgrenzung	neg 1.0		off 0.3868000950479589 neg 0.37964263232341056 __DUMMY__ 0.23355727262863046	false	0.5
verfall	neg 1.0		off 0.3873348403363184 neg 0.378825919230717 __DUMMY__ 0.23383924043296458	false	0.5
unordnung	neg 1.0	neg 1.0	neg 0.6726319639246614 off 0.2143947146361074 __DUMMY__ 0.11297332143923122	false	1.0
fehlverhalten	neg 1.0		off 0.3884049103503671 neg 0.3778941920828254 __DUMMY__ 0.23370089756680754	false	0.5
nille	neg 1.0		off 0.4059661611947546 neg 0.36366589033790847 __DUMMY__ 0.23036794846733677	false	0.5
qual	neg 1.0		off 0.39684286541151226 neg 0.38897990391786197 __DUMMY__ 0.21417723067062583	false	0.5
riesig	neg 1.0		off 0.39669680319526324 neg 0.36985067652623504 __DUMMY__ 0.23345252027850175	false	0.5
verschwenden	neg 1.0		off 0.3899009344140947 neg 0.3764674592769297 __DUMMY__ 0.23363160630897556	false	0.5
verurteilen	neg 1.0		off 0.3890323995024216 neg 0.3774140109405353 __DUMMY__ 0.23355358955704314	false	0.5
klischee	neg 1.0		off 0.3916235328635621 neg 0.37474430091711913 __DUMMY__ 0.23363216621931873	false	0.5
diktatorisch	neg 1.0		off 0.38857573718393745 neg 0.37815422491298045 __DUMMY__ 0.23327003790308204	false	0.5
vorhersehbar	neg 1.0		off 0.3910075917499109 neg 0.37519452944547516 __DUMMY__ 0.23379787880461408	false	0.5
stornieren	neg 1.0		off 0.3890265368660844 neg 0.3773842409361119 __DUMMY__ 0.23358922219780356	false	0.5
besteuerung	neg 1.0		neg 0.3837117384239759 off 0.38252898335712787 __DUMMY__ 0.2337592782188963	false	1.0
ungeschminkt	neg 1.0		off 0.3967989833263502 neg 0.37076453906533263 __DUMMY__ 0.23243647760831723	false	0.5
kritisch	neg 1.0		off 0.3889884254948528 neg 0.37729207750894295 __DUMMY__ 0.23371949699620412	false	0.5
schlamperei	off 1.0		off 0.3864150462891516 neg 0.3797980154768551 __DUMMY__ 0.23378693823399332	false	1.0
sucht	neg 1.0		off 0.3898001620774899 neg 0.3753779017298547 __DUMMY__ 0.23482193619265523	false	0.5
egoistisch	off 1.0		off 0.39335659088331976 neg 0.37350654926454374 __DUMMY__ 0.23313685985213645	false	1.0
ausbeuter	off 1.0		off 0.38851480212199047 neg 0.3777872667325597 __DUMMY__ 0.23369793114544996	false	1.0
arschgeburt			off 0.3996597688449015 neg 0.36833741709963336 __DUMMY__ 0.2320028140554652	false	0.0
schubs	neg 1.0		off 0.39359132206243547 neg 0.3734502001948295 __DUMMY__ 0.23295847774273495	false	0.5
unsolide	neg 1.0		off 0.388308227051329 neg 0.378348070904152 __DUMMY__ 0.23334370204451896	false	0.5
beschwerde	neg 1.0		off 0.3865896458923487 neg 0.3798719198454969 __DUMMY__ 0.2335384342621544	false	0.5
stocken	neg 1.0		off 0.3849220494283799 neg 0.3807383287404197 __DUMMY__ 0.2343396218312004	false	0.5
isolieren	neg 1.0		off 0.3856934697008975 neg 0.38035476217114766 __DUMMY__ 0.23395176812795476	false	0.5
unheilbar	neg 1.0		off 0.39054443958762725 neg 0.375860561966762 __DUMMY__ 0.23359499844561085	false	0.5
pisser	off 1.0		off 0.399608413967731 neg 0.3682558499637447 __DUMMY__ 0.23213573606852433	false	1.0
löschen	neg 1.0		off 0.3929020232092909 neg 0.376879162539969 __DUMMY__ 0.23021881425074006	false	0.5
durchfallen	neg 1.0		off 0.3897820265987589 neg 0.37668817519735026 __DUMMY__ 0.23352979820389091	false	0.5
wichser	off 1.0		off 0.3947950367933712 neg 0.3721195822927082 __DUMMY__ 0.2330853809139206	false	1.0
terror	neg 1.0		neg 0.3861325327217453 off 0.382447504689626 __DUMMY__ 0.2314199625886288	false	1.0
krass	neg 1.0		off 0.3966231198628745 neg 0.3707557726955771 __DUMMY__ 0.23262110744154843	false	0.5
revolte	neg 1.0		off 0.38532119170277007 neg 0.38070163665075185 __DUMMY__ 0.233977171646478	false	0.5
besorgt	neg 1.0		off 0.39067398071048215 neg 0.37571337497988555 __DUMMY__ 0.23361264430963213	false	0.5
nachlassen	neg 1.0		off 0.3890517266262107 neg 0.377109875756364 __DUMMY__ 0.23383839761742534	false	0.5
alt	neg 1.0		off 0.3942275862387292 neg 0.37200043748569883 __DUMMY__ 0.2337719762755719	false	0.5
hundesohn	off 1.0		off 0.4019828638012959 neg 0.36659537533042313 __DUMMY__ 0.231421760868281	false	1.0
abschreckung	neg 1.0		off 0.38789869650501935 neg 0.3784288262236187 __DUMMY__ 0.2336724772713621	false	0.5
unqualifiziert	neg 1.0		off 0.3905986273865684 neg 0.37602249525101217 __DUMMY__ 0.23337887736241933	false	0.5
abgewichst	off 1.0		off 0.40372700353694324 neg 0.3654403142332364 __DUMMY__ 0.23083268222982042	false	1.0
kapitulation	neg 1.0		off 0.3866893350794687 neg 0.37947584126655237 __DUMMY__ 0.2338348236539788	false	0.5
schwer	neg 1.0		off 0.39093887351058837 neg 0.37529972762552305 __DUMMY__ 0.2337613988638886	false	0.5
bedeutungslosigkeit	neg 1.0		off 0.3883777327351214 neg 0.37776694274938016 __DUMMY__ 0.23385532451549837	false	0.5
unscharf	neg 1.0		off 0.3945989032350647 neg 0.37249634354853933 __DUMMY__ 0.2329047532163959	false	0.5
schwinden	neg 1.0		off 0.38541758469218096 neg 0.3804322473071891 __DUMMY__ 0.23415016800063	false	0.5
versklavung	neg 1.0		off 0.38605107985032605 neg 0.38049781586193543 __DUMMY__ 0.23345110428773844	false	0.5
schlecht	neg 1.0		off 0.39261420593091806 neg 0.3739075321824031 __DUMMY__ 0.23347826188667897	false	0.5
verhasst	neg 1.0		off 0.39017595898238716 neg 0.3761545349471923 __DUMMY__ 0.23366950607042045	false	0.5
beschweren	neg 1.0		off 0.39118606733094874 neg 0.37506180851075716 __DUMMY__ 0.23375212415829416	false	0.5
scheiden	neg 1.0		off 0.39120039849026295 neg 0.37501452842440286 __DUMMY__ 0.2337850730853341	false	0.5
frustriert	neg 1.0		off 0.39052775764653974 neg 0.3758275004575516 __DUMMY__ 0.23364474189590864	false	0.5
schimmelig	neg 1.0		off 0.3967302706551881 neg 0.3705661400612338 __DUMMY__ 0.23270358928357798	false	0.5
fisch	neg 1.0		off 0.3941135620487124 neg 0.37202576143235067 __DUMMY__ 0.23386067651893688	false	0.5
schmuggel	neg 1.0		off 0.38940692023115653 neg 0.3768433909133638 __DUMMY__ 0.23374968885547978	false	0.5
auffallen	neg 1.0		off 0.39114801253184345 neg 0.37520676698904043 __DUMMY__ 0.23364522047911618	false	0.5
konkurrenz	neg 1.0		off 0.38857552813373075 neg 0.3775860209742231 __DUMMY__ 0.23383845089204602	false	0.5
teufelskreis	neg 1.0		off 0.3903234875279255 neg 0.375921691937541 __DUMMY__ 0.23375482053453345	false	0.5
aufschreien	neg 1.0		off 0.3917717041170343 neg 0.37458005993408416 __DUMMY__ 0.23364823594888146	false	0.5
missgeburt	off 1.0		off 0.39960600628448306 neg 0.3681142840493771 __DUMMY__ 0.2322797096661398	false	1.0
schuldner	neg 1.0		off 0.38561714742737957 neg 0.3805134504880832 __DUMMY__ 0.2338694020845373	false	0.5
befallen	neg 1.0		off 0.3881647695535987 neg 0.3785540938030922 __DUMMY__ 0.2332811366433091	false	0.5
arbeitslos	neg 1.0		off 0.389750786728554 neg 0.376543655117502 __DUMMY__ 0.23370555815394406	false	0.5
miesepetrig	off 1.0		off 0.39272428192909525 neg 0.37391528024959814 __DUMMY__ 0.2333604378213065	false	1.0
alarmieren	neg 1.0		off 0.38447327290551725 neg 0.3815196785907661 __DUMMY__ 0.23400704850371667	false	0.5
ungeduscht	off 1.0		off 0.39530192880394904 neg 0.37203010091508876 __DUMMY__ 0.23266797028096203	false	1.0
knappheit	neg 1.0		off 0.3856538663636863 neg 0.38031027094014735 __DUMMY__ 0.23403586269616625	false	0.5
schlange	neg 1.0		off 0.3916248971299059 neg 0.37463448239322555 __DUMMY__ 0.23374062047686867	false	0.5
harsch	neg 1.0		off 0.3861865621666761 neg 0.38025952696807097 __DUMMY__ 0.23355391086525298	false	0.5
lang	neg 1.0	neg 1.0	neg 0.63216465727727 off 0.2422640514161791 __DUMMY__ 0.12557129130655093	false	1.0
ziellos	neg 1.0		off 0.3902748217685191 neg 0.3759260316279501 __DUMMY__ 0.23379914660353077	false	0.5
selbstverliebt	neg 1.0		off 0.39577600909565047 neg 0.371272863351863 __DUMMY__ 0.23295112755248648	false	0.5
beseitigen	neg 1.0		off 0.3859447845012476 neg 0.37994360770006974 __DUMMY__ 0.2341116077986827	false	0.5
dumm	off 1.0		off 0.3942106715314537 neg 0.37262987988241114 __DUMMY__ 0.23315944858613516	false	1.0
arbeitsloser	neg 1.0		off 0.38947329219447163 neg 0.3767613433407157 __DUMMY__ 0.23376536446481275	false	0.5
blitzen	neg 1.0		off 0.3907655532524478 neg 0.3743184761622455 __DUMMY__ 0.2349159705853067	false	0.5
hilflos	neg 1.0		off 0.39062422235504 neg 0.3759005101165348 __DUMMY__ 0.2334752675284252	false	0.5
eklig	off 1.0		off 0.3959343359138501 neg 0.3712976500276137 __DUMMY__ 0.23276801405853623	false	1.0
hungersnot	neg 1.0		off 0.38637327340568245 neg 0.37954467339348297 __DUMMY__ 0.23408205320083456	false	0.5
ungesetzlich	neg 1.0		off 0.3878260703498811 neg 0.3786537909043374 __DUMMY__ 0.23352013874578156	false	0.5
verschwendung	neg 1.0		off 0.3894435210959351 neg 0.3768856457281557 __DUMMY__ 0.23367083317590928	false	0.5
schmerzvoll	neg 1.0		off 0.39178246534588135 neg 0.3747098639532322 __DUMMY__ 0.23350767070088638	false	0.5
vorzeitig	neg 1.0		off 0.3844509876479055 neg 0.3816149311202149 __DUMMY__ 0.2339340812318796	false	0.5
unvollkommenheit	neg 1.0		off 0.3902159748714469 neg 0.3761396491205291 __DUMMY__ 0.233644376008024	false	0.5
intervenieren	neg 1.0		off 0.3879427235814023 neg 0.37846816085181945 __DUMMY__ 0.2335891155667782	false	0.5
banause	off 1.0		off 0.39466072141255787 neg 0.37236979572485884 __DUMMY__ 0.2329694828625833	false	1.0
rebell	neg 1.0		off 0.3995488787186535 neg 0.3691540086737601 __DUMMY__ 0.23129711260758642	false	0.5
unlogisch	neg 1.0		off 0.3929942690018844 neg 0.37374267298040764 __DUMMY__ 0.23326305801770797	false	0.5
abschaffung	neg 1.0		off 0.3849535166890599 neg 0.3815737996842282 __DUMMY__ 0.2334726836267118	false	0.5
leiden	neg 1.0		off 0.3912784647374846 neg 0.37496628334364945 __DUMMY__ 0.23375525191886595	false	0.5
sturz	neg 1.0		off 0.38601496333626406 neg 0.379921508201336 __DUMMY__ 0.23406352846240003	false	0.5
verkleinerung	neg 1.0		off 0.3839757311314746 neg 0.38224217520927983 __DUMMY__ 0.23378209365924557	false	0.5
schmarotzer	off 1.0		off 0.3899056637041591 neg 0.3765393597067558 __DUMMY__ 0.233554976589085	false	1.0
bestrafung	neg 1.0		off 0.39136613147273436 neg 0.37503561490902626 __DUMMY__ 0.23359825361823947	false	0.5
achtlos	neg 1.0		off 0.39061494357575294 neg 0.3758687987319787 __DUMMY__ 0.2335162576922682	false	0.5
ungeheuer	neg 1.0		off 0.39241087458091467 neg 0.37377066576824636 __DUMMY__ 0.23381845965083883	false	0.5
unaufrichtig	neg 1.0		off 0.3909714022820854 neg 0.37595668986984726 __DUMMY__ 0.2330719078480674	false	0.5
groggy	neg 1.0		off 0.3964791891727437 neg 0.37045821793483813 __DUMMY__ 0.23306259289241812	false	0.5
verletzlich	neg 1.0		off 0.3929121838919781 neg 0.37370894297882384 __DUMMY__ 0.23337887312919814	false	0.5
ablehnen	neg 1.0		off 0.3888950083750205 neg 0.3775599259707587 __DUMMY__ 0.2335450656542208	false	0.5
kollaps	neg 1.0		off 0.3840676374475084 neg 0.38200661535182084 __DUMMY__ 0.23392574720067086	false	0.5
beschnitten	neg 1.0		off 0.39119040403430794 neg 0.3752081710974527 __DUMMY__ 0.23360142486823926	false	0.5
defekt	neg 1.0		off 0.38516458447800395 neg 0.38129398899336353 __DUMMY__ 0.23354142652863247	false	0.5
dreckskerl	off 1.0		off 0.39308033293242917 neg 0.37378065521685705 __DUMMY__ 0.23313901185071387	false	1.0
deine	neg 1.0		off 0.39451462297680895 neg 0.3724608659857291 __DUMMY__ 0.23302451103746188	false	0.5
aufgeben	neg 1.0		off 0.3913834815404923 neg 0.37472698168237156 __DUMMY__ 0.23388953677713617	false	0.5
durcheinander	neg 1.0		off 0.39202539417711346 neg 0.37432386362801073 __DUMMY__ 0.23365074219487594	false	0.5
unterbrechen	neg 1.0		off 0.39016546379130396 neg 0.37608993334776 __DUMMY__ 0.233744602860936	false	0.5
vergammeln	neg 1.0		off 0.39172732544447203 neg 0.37463732313866904 __DUMMY__ 0.23363535141685893	false	0.5
grotesk	neg 1.0		off 0.38977420622196424 neg 0.37643765593546685 __DUMMY__ 0.23378813784256905	false	0.5
elendig	neg 1.0		off 0.391850573216687 neg 0.3747219366052254 __DUMMY__ 0.23342749017808753	false	0.5
naiv	off 1.0		off 0.39142884944872913 neg 0.37482207942832696 __DUMMY__ 0.23374907112294402	false	1.0
uneinigkeit	neg 1.0		off 0.38547269646656096 neg 0.3807443675682907 __DUMMY__ 0.23378293596514838	false	0.5
fragil	neg 1.0		neg 0.38766737192929895 off 0.38278492702861056 __DUMMY__ 0.22954770104209038	false	1.0
provisorisch	neg 1.0		off 0.38980728291302696 neg 0.3761438029309291 __DUMMY__ 0.2340489141560439	false	0.5
landei	off 1.0		off 0.39465807326469343 neg 0.37193777479816964 __DUMMY__ 0.23340415193713684	false	1.0
bedauerlich	neg 1.0		off 0.38944415493674117 neg 0.3768463016357765 __DUMMY__ 0.23370954342748232	false	0.5
krieg	neg 1.0		off 0.3904551449702389 neg 0.37591691257299714 __DUMMY__ 0.23362794245676385	false	0.5
traurigkeit	neg 1.0		off 0.3910935362202672 neg 0.3752387706024515 __DUMMY__ 0.2336676931772813	false	0.5
monotonie	neg 1.0		off 0.38987380179521797 neg 0.3762621507116284 __DUMMY__ 0.23386404749315373	false	0.5
unliebsam	neg 1.0		off 0.39036013546827786 neg 0.3759776455247924 __DUMMY__ 0.23366221900692968	false	0.5
drift	neg 1.0		neg 0.41436859905116835 off 0.38016962360946743 __DUMMY__ 0.2054617773393643	false	1.0
chaos	neg 1.0		off 0.38744653591840644 neg 0.37883413742831695 __DUMMY__ 0.23371932665327655	false	0.5
blutig	neg 1.0		off 0.39178132878205896 neg 0.37452246329448474 __DUMMY__ 0.23369620792345636	false	0.5
