unsolidarisch	neg 1.0		off 0.4154008182786155 neg 0.4030472818661001 __DUMMY__ 0.18155189985528428	false	0.5
nachteilig	neg 1.0		off 0.4144989989669723 neg 0.4035667681747396 __DUMMY__ 0.18193423285828816	false	0.5
skeptisch	neg 1.0		off 0.41534775043866284 neg 0.40269793309124907 __DUMMY__ 0.18195431647008795	false	0.5
schrecklich	neg 1.0		off 0.42009402174030963 neg 0.39844327500684495 __DUMMY__ 0.18146270325284541	false	0.5
schlapp	neg 1.0		off 0.42032188527904224 neg 0.3981196662955229 __DUMMY__ 0.1815584484254348	false	0.5
abfall	neg 1.0		off 0.41458644723409427 neg 0.40327427453620224 __DUMMY__ 0.18213927822970355	false	0.5
widerspenstig	neg 1.0		off 0.4176022972401194 neg 0.40073160039775807 __DUMMY__ 0.18166610236212255	false	0.5
abrupt	neg 1.0		off 0.41631417048247005 neg 0.4016076152490666 __DUMMY__ 0.1820782142684633	false	0.5
unwirksam	neg 1.0		off 0.40968067618444765 neg 0.40838863862296615 __DUMMY__ 0.18193068519258607	false	0.5
angreifen	neg 1.0		off 0.41534130686398435 neg 0.40276040059783624 __DUMMY__ 0.18189829253817935	false	0.5
inkonsistent	neg 1.0		off 0.4174661586587268 neg 0.4005547531017298 __DUMMY__ 0.1819790882395434	false	0.5
abrutschen	neg 1.0		off 0.41534210402233546 neg 0.40273472436887 __DUMMY__ 0.18192317160879465	false	0.5
unsicher	neg 1.0		off 0.41740887510118857 neg 0.4007491554315425 __DUMMY__ 0.18184196946726902	false	0.5
bauernkind	off 1.0		off 0.42410134328077775 neg 0.39497789006009165 __DUMMY__ 0.18092076665913068	false	1.0
angreifer	neg 1.0		off 0.41254482746168564 neg 0.40565797031035794 __DUMMY__ 0.18179720222795642	false	0.5
trennen	neg 1.0		off 0.416416997052555 neg 0.4013915022423659 __DUMMY__ 0.18219150070507914	false	0.5
schmutz	neg 1.0		off 0.41279474663608506 neg 0.40516775346941675 __DUMMY__ 0.18203749989449824	false	0.5
inkonsistenz	neg 1.0		off 0.4181357196533691 neg 0.40017353480201756 __DUMMY__ 0.1816907455446133	false	0.5
erschreckend	neg 1.0		off 0.41614750021315905 neg 0.40198751829299795 __DUMMY__ 0.18186498149384295	false	0.5
ertrinken	neg 1.0		off 0.4166006982492246 neg 0.4017459262863785 __DUMMY__ 0.18165337546439692	false	0.5
pickelface	off 1.0		off 0.42849136576582597 neg 0.39116658410158356 __DUMMY__ 0.18034205013259047	false	1.0
lauch	neg 1.0		off 0.4256196942793663 neg 0.3937044164427441 __DUMMY__ 0.1806758892778895	false	0.5
steuerhinterziehung	neg 1.0		off 0.4123136113471977 neg 0.405925006536419 __DUMMY__ 0.18176138211638346	false	0.5
unwichtig	neg 1.0		off 0.41822944939196727 neg 0.40003687804554405 __DUMMY__ 0.1817336725624887	false	0.5
schock	neg 1.0		off 0.4174846188652019 neg 0.40049698985140203 __DUMMY__ 0.18201839128339595	false	0.5
vergelten	neg 1.0		off 0.41468681283704706 neg 0.4040413839783701 __DUMMY__ 0.18127180318458289	false	0.5
beule	neg 1.0		off 0.4210321213909915 neg 0.39753728028068713 __DUMMY__ 0.1814305983283213	false	0.5
verdorbenheit	neg 1.0		off 0.41548627014889566 neg 0.40168147032509804 __DUMMY__ 0.18283225952600643	false	0.5
trauma			off 0.43905564361950694 neg 0.39736094899349256 __DUMMY__ 0.16358340738700058	false	0.0
sinnlos	neg 1.0		off 0.41814641817147435 neg 0.40015037032601636 __DUMMY__ 0.18170321150250918	false	0.5
fettsack	off 1.0		off 0.42372793308356554 neg 0.395121756219681 __DUMMY__ 0.18115031069675339	false	1.0
feige	off 1.0		off 0.41818477996801323 neg 0.40002181675267323 __DUMMY__ 0.18179340327931368	false	1.0
abdanken	neg 1.0		off 0.41554928682438314 neg 0.40272832305052836 __DUMMY__ 0.18172239012508853	false	0.5
wichtigtuer	off 1.0	off 1.0	off 0.6968710148545201 neg 0.21647484017863405 __DUMMY__ 0.08665414496684588	false	1.0
misslingen	neg 1.0		off 0.41748306311697914 neg 0.40091266586021285 __DUMMY__ 0.18160427102280804	false	0.5
untreu	off 1.0		off 0.41827888615361514 neg 0.39994318013095553 __DUMMY__ 0.18177793371542939	false	1.0
missmutig	neg 1.0		off 0.41752691550259424 neg 0.4005813681756233 __DUMMY__ 0.18189171632178242	false	0.5
hurenbock	off 1.0		off 0.4237611372579745 neg 0.39555004643207464 __DUMMY__ 0.180688816309951	false	1.0
betrunken	neg 1.0		off 0.4201569420071761 neg 0.39842558974758924 __DUMMY__ 0.18141746824523455	false	0.5
korrupt	off 1.0		off 0.41533926842526747 neg 0.40298506127712924 __DUMMY__ 0.18167567029760337	false	1.0
unmut	neg 1.0		off 0.41399400264263264 neg 0.4040399977315423 __DUMMY__ 0.181965999625825	false	0.5
hackfresse	off 1.0		off 0.42101515904502607 neg 0.3976979225869095 __DUMMY__ 0.1812869183680644	false	1.0
aufblasen	neg 1.0		off 0.4181635982437777 neg 0.4000970388321811 __DUMMY__ 0.18173936292404116	false	0.5
gewaltsam	neg 1.0		off 0.4132518044836252 neg 0.4048752449852751 __DUMMY__ 0.18187295053109978	false	0.5
unbeliebtheit	neg 1.0		off 0.41232897837622784 neg 0.4057644529740563 __DUMMY__ 0.18190656864971586	false	0.5
sturheit	neg 1.0		off 0.41540699321446245 neg 0.40276513599175956 __DUMMY__ 0.18182787079377793	false	0.5
kuh	neg 1.0		off 0.4243923199086022 neg 0.39461164014972033 __DUMMY__ 0.18099603994167743	false	0.5
erschrecken	neg 1.0		off 0.418671514812399 neg 0.39966505511608186 __DUMMY__ 0.18166343007151922	false	0.5
opfer	neg 1.0		off 0.4159059274756003 neg 0.4021780814208013 __DUMMY__ 0.1819159911035984	false	0.5
stinktier	neg 1.0		off 0.4240457892328739 neg 0.394984882769381 __DUMMY__ 0.18096932799774512	false	0.5
sinken	neg 1.0		off 0.41229599567106956 neg 0.4052933125680758 __DUMMY__ 0.18241069176085445	false	0.5
tucke	off 1.0		off 0.42309096361804793 neg 0.39610800440960614 __DUMMY__ 0.18080103197234593	false	1.0
abstieg	neg 1.0		off 0.4138449442288529 neg 0.4040741799125052 __DUMMY__ 0.18208087585864172	false	0.5
missverstehen	neg 1.0		off 0.4175043164995826 neg 0.40067238550241036 __DUMMY__ 0.18182329799800712	false	0.5
ergebnislos	neg 1.0		off 0.4118969954409964 neg 0.40596102284331353 __DUMMY__ 0.18214198171569007	false	0.5
manipulieren	neg 1.0		off 0.41557268216457793 neg 0.40275195185857565 __DUMMY__ 0.18167536597684641	false	0.5
verschleppen	neg 1.0		off 0.41245681660341516 neg 0.405598874580639 __DUMMY__ 0.18194430881594573	false	0.5
unbewiesen	neg 1.0		off 0.4139540153568263 neg 0.40414113217416187 __DUMMY__ 0.18190485246901184	false	0.5
weib	off 1.0		off 0.4229949977840794 neg 0.39597740349799193 __DUMMY__ 0.1810275987179287	false	1.0
opposition	neg 1.0		off 0.41065079477870114 neg 0.4079239256526754 __DUMMY__ 0.1814252795686236	false	0.5
verkehrswidrig	neg 1.0		off 0.4126364410566988 neg 0.40602928832915036 __DUMMY__ 0.18133427061415094	false	0.5
inkorrekt	neg 1.0		off 0.4180193708218692 neg 0.4002596387342508 __DUMMY__ 0.18172099044388001	false	0.5
vermeiden	neg 1.0		off 0.4137671940830243 neg 0.40410532096077967 __DUMMY__ 0.18212748495619593	false	0.5
abweichung	neg 1.0		off 0.41344981250276275 neg 0.40445701174252974 __DUMMY__ 0.18209317575470754	false	0.5
alkoholisiert	neg 1.0		off 0.4161000316410866 neg 0.4020583243713238 __DUMMY__ 0.1818416439875896	false	0.5
scheiss	off 1.0	off 1.0	off 0.6984890504500137 neg 0.21483480684146267 __DUMMY__ 0.08667614270852364	false	1.0
herausforderung	neg 1.0		off 0.41450814571091554 neg 0.40327016946664346 __DUMMY__ 0.1822216848224411	false	0.5
pervers	off 1.0		off 0.42280672021849525 neg 0.3962523371524903 __DUMMY__ 0.18094094262901445	false	1.0
wackelig	neg 1.0		off 0.417780717724063 neg 0.4004250608975805 __DUMMY__ 0.1817942213783565	false	0.5
verwickeln	neg 1.0		off 0.41724922571267564 neg 0.40085641273389594 __DUMMY__ 0.1818943615534284	false	0.5
vorwand	neg 1.0		off 0.41545546806623024 neg 0.4027911194631358 __DUMMY__ 0.1817534124706339	false	0.5
muschi	off 1.0		off 0.4279306560647747 neg 0.3917155595802718 __DUMMY__ 0.1803537843549535	false	1.0
entmutigung	neg 1.0		off 0.4128483152949159 neg 0.4053891565610863 __DUMMY__ 0.18176252814399785	false	0.5
unstetig	neg 1.0		off 0.41591050726847567 neg 0.4022937799557476 __DUMMY__ 0.18179571277577686	false	0.5
unangemessen	neg 1.0		off 0.41573342976967287 neg 0.40242853990825017 __DUMMY__ 0.1818380303220769	false	0.5
entmutigen	neg 1.0		off 0.41759060946749393 neg 0.4005650382874319 __DUMMY__ 0.1818443522450741	false	0.5
schwanz	neg 1.0		off 0.42575063479860475 neg 0.3941109954908213 __DUMMY__ 0.18013836971057398	false	0.5
verbot	neg 1.0		off 0.41297651548481684 neg 0.4052364820966057 __DUMMY__ 0.1817870024185775	false	0.5
leid	neg 1.0		off 0.4205653073786945 neg 0.397973938902288 __DUMMY__ 0.1814607537190176	false	0.5
archaisch	neg 1.0		off 0.41588023394289625 neg 0.4023423826944394 __DUMMY__ 0.18177738336266447	false	0.5
scheidung	neg 1.0		off 0.41071022310192407 neg 0.4071961801728933 __DUMMY__ 0.1820935967251826	false	0.5
abgestanden	neg 1.0		off 0.4194121973744942 neg 0.39869789616545254 __DUMMY__ 0.18188990646005332	false	0.5
einschlag	neg 1.0		off 0.41328135627069196 neg 0.40472851331531673 __DUMMY__ 0.18199013041399126	false	0.5
schmierig	off 1.0		off 0.4201482221718056 neg 0.39831456592522274 __DUMMY__ 0.18153721190297176	false	1.0
unpraktisch	neg 1.0		off 0.41918536440856813 neg 0.39917927829275923 __DUMMY__ 0.18163535729867258	false	0.5
wixxer	off 1.0		off 0.42401202369988983 neg 0.39491326917604436 __DUMMY__ 0.18107470712406587	false	1.0
jammerlappen	off 1.0		off 0.4182490556095554 neg 0.4000418343923816 __DUMMY__ 0.18170910999806295	false	1.0
farce	neg 1.0		off 0.41304331352222856 neg 0.40510655584724914 __DUMMY__ 0.18185013063052224	false	0.5
zwecklos	neg 1.0		off 0.415899593595417 neg 0.4021876177142351 __DUMMY__ 0.18191278869034783	false	0.5
turbulent	neg 1.0		off 0.4152253182036763 neg 0.40326168256758316 __DUMMY__ 0.18151299922874056	false	0.5
schuld	neg 1.0		off 0.41738562455914174 neg 0.4009382659344577 __DUMMY__ 0.1816761095064007	false	0.5
risiko	neg 1.0		off 0.4114478803483881 neg 0.40607577075280993 __DUMMY__ 0.18247634889880204	false	0.5
invasion	neg 1.0		neg 0.4210568850707274 off 0.4013086024598432 __DUMMY__ 0.17763451246942932	false	1.0
finster	neg 1.0		off 0.41965201359918936 neg 0.39854805865594867 __DUMMY__ 0.18179992774486217	false	0.5
geisteskrank	off 1.0		off 0.41819494715577393 neg 0.4000131875696711 __DUMMY__ 0.18179186527455501	false	1.0
ausbeute	neg 1.0		off 0.4164219232546041 neg 0.40092390180491927 __DUMMY__ 0.18265417494047675	false	0.5
zusammenbrechen	neg 1.0		off 0.4166930838878838 neg 0.401590288075998 __DUMMY__ 0.18171662803611824	false	0.5
hinterhalt	neg 1.0		off 0.41579187129342615 neg 0.40232877716755844 __DUMMY__ 0.18187935153901538	false	0.5
kritik	neg 1.0		off 0.4133188592131814 neg 0.40487839811409865 __DUMMY__ 0.18180274267271995	false	0.5
einschrumpfen	neg 1.0		off 0.41271039808079407 neg 0.40682026506896574 __DUMMY__ 0.18046933685024022	false	0.5
riskant	neg 1.0		off 0.41591717084550167 neg 0.40220211345637885 __DUMMY__ 0.18188071569811948	false	0.5
frustrieren	neg 1.0		off 0.4163671487484272 neg 0.4017111687199395 __DUMMY__ 0.1819216825316332	false	0.5
groll	neg 1.0		off 0.41567170770436496 neg 0.40239372044949506 __DUMMY__ 0.18193457184614	false	0.5
qualvoll	neg 1.0		off 0.41818690427462657 neg 0.40027541314620635 __DUMMY__ 0.18153768257916714	false	0.5
wackeln	neg 1.0		off 0.41776805959816715 neg 0.4003165112135723 __DUMMY__ 0.1819154291882605	false	0.5
klagen	neg 1.0		off 0.4136627375332303 neg 0.4044900688454238 __DUMMY__ 0.18184719362134588	false	0.5
trauern	neg 1.0		off 0.41614668133565313 neg 0.40201817351553565 __DUMMY__ 0.18183514514881124	false	0.5
ablehnung	neg 1.0		off 0.4128452943211723 neg 0.4052519903716571 __DUMMY__ 0.18190271530717073	false	0.5
bankrott	neg 1.0		neg 0.41062733585124 off 0.4081837280068891 __DUMMY__ 0.1811889361418708	false	1.0
stur	neg 1.0		off 0.4169816775214075 neg 0.4013424363005573 __DUMMY__ 0.18167588617803518	false	0.5
aufruhr	neg 1.0		off 0.4117527207327931 neg 0.40601442986357017 __DUMMY__ 0.1822328494036367	false	0.5
melancholie	neg 1.0		off 0.41884958330820404 neg 0.3993901392303989 __DUMMY__ 0.18176027746139709	false	0.5
torheit	neg 1.0		off 0.415136990173235 neg 0.4030265825553211 __DUMMY__ 0.18183642727144378	false	0.5
dreckskind	off 1.0		off 0.4265266877591291 neg 0.392806408029093 __DUMMY__ 0.18066690421177797	false	1.0
umtauschen	neg 1.0		off 0.4190959790213008 neg 0.39936021044011377 __DUMMY__ 0.18154381053858534	false	0.5
zersetzen	neg 1.0		off 0.41474754139433667 neg 0.4033690828582314 __DUMMY__ 0.181883375747432	false	0.5
frust	neg 1.0		off 0.4165858341181741 neg 0.4016626991940482 __DUMMY__ 0.18175146668777775	false	0.5
unerbittlichkeit	neg 1.0		off 0.41480263706137993 neg 0.40330168904061964 __DUMMY__ 0.18189567389800046	false	0.5
unkorrekt	neg 1.0		off 0.4184086479382233 neg 0.4001006114797523 __DUMMY__ 0.1814907405820244	false	0.5
hexe	off 1.0		off 0.4212649370468791 neg 0.39691347252602127 __DUMMY__ 0.18182159042709972	false	1.0
lasch	neg 1.0		off 0.4171577795350596 neg 0.40105773085926943 __DUMMY__ 0.1817844896056709	false	0.5
rivale	neg 1.0		off 0.41150340365259674 neg 0.406951751570921 __DUMMY__ 0.18154484477648225	false	0.5
mutlos	off 1.0		off 0.41526220849907697 neg 0.4028435173145849 __DUMMY__ 0.18189427418633805	false	1.0
wirr	off 1.0		off 0.42021657072895313 neg 0.3986292078110902 __DUMMY__ 0.18115422145995677	false	1.0
strafbar	neg 1.0		off 0.4156182367058459 neg 0.40247519302015294 __DUMMY__ 0.18190657027400106	false	0.5
erosion	neg 1.0	neg 1.0	neg 0.6863914582790553 off 0.22470610537139743 __DUMMY__ 0.08890243634954723	false	1.0
eingehen	neg 1.0		off 0.41596185955714776 neg 0.40216725319276875 __DUMMY__ 0.1818708872500834	false	0.5
faul	off 1.0		off 0.4203847027481921 neg 0.39824496181073527 __DUMMY__ 0.18137033544107278	false	1.0
provisorium	neg 1.0		off 0.4148732224032377 neg 0.403018848752443 __DUMMY__ 0.1821079288443193	false	0.5
schmerzen	neg 1.0		off 0.4189119451206971 neg 0.3996788537731876 __DUMMY__ 0.18140920110611525	false	0.5
schrumpfen	neg 1.0		off 0.4135780138026093 neg 0.4042943585938657 __DUMMY__ 0.182127627603525	false	0.5
geistlos	off 1.0		off 0.4168413052192548 neg 0.4013960691500201 __DUMMY__ 0.1817626256307251	false	1.0
frustrierend	neg 1.0		off 0.4185206566206597 neg 0.39965335838979005 __DUMMY__ 0.1818259849895502	false	0.5
fehlkauf	neg 1.0		off 0.41636369322332384 neg 0.40126600224923964 __DUMMY__ 0.1823703045274365	false	0.5
unzufrieden	neg 1.0		off 0.41589861247363447 neg 0.40216860355381473 __DUMMY__ 0.18193278397255092	false	0.5
verzweifeln	neg 1.0		off 0.4169981189029456 neg 0.40120176470632984 __DUMMY__ 0.18180011639072458	false	0.5
verzweifelt	neg 1.0		off 0.41768226173900164 neg 0.40047242735470545 __DUMMY__ 0.1818453109062928	false	0.5
misstrauensantrag	neg 1.0		off 0.4110931746360286 neg 0.40758149085531337 __DUMMY__ 0.18132533450865806	false	0.5
abfallen	neg 1.0		off 0.4191622370972441 neg 0.39929771146948534 __DUMMY__ 0.18154005143327057	false	0.5
fucker	off 1.0		off 0.3985341332864278 __DUMMY__ 0.34815937162565325 neg 0.2533064950879189	false	1.0
ungezogen	neg 1.0		off 0.42119004004208527 neg 0.39753304736123873 __DUMMY__ 0.18127691259667594	false	0.5
irrsinnig	neg 1.0		off 0.4177034583910129 neg 0.4005502275285797 __DUMMY__ 0.18174631408040734	false	0.5
hart	neg 1.0		off 0.42486617041658753 neg 0.39458897659473985 __DUMMY__ 0.18054485298867262	false	0.5
unfassbar	neg 1.0		off 0.41833771727850877 neg 0.39973875779381096 __DUMMY__ 0.18192352492768032	false	0.5
widerlich	off 1.0		off 0.41860374762849406 neg 0.39978171286066394 __DUMMY__ 0.1816145395108421	false	1.0
fatal			off 0.40979575487347425 neg 0.3964374990340092 __DUMMY__ 0.1937667460925165	false	0.0
bruch	neg 1.0		off 0.41455125843649215 neg 0.40337754136846676 __DUMMY__ 0.1820712001950411	false	0.5
aushungern	neg 1.0		off 0.41358143814889936 neg 0.4047622921052715 __DUMMY__ 0.1816562697458292	false	0.5
anspannung	neg 1.0		off 0.41561641240218467 neg 0.4023548492497048 __DUMMY__ 0.1820287383481106	false	0.5
kraftlos	neg 1.0		off 0.41684219114615156 neg 0.4012776803670691 __DUMMY__ 0.1818801284867794	false	0.5
grenzdebil	off 1.0		off 0.4191717445219361 neg 0.3992841992502167 __DUMMY__ 0.1815440562278471	false	1.0
unterwerfen	neg 1.0		off 0.4156956162263436 neg 0.4024520477934243 __DUMMY__ 0.18185233598023223	false	0.5
versenkung	neg 1.0		off 0.4158517863043623 neg 0.40218716902082663 __DUMMY__ 0.18196104467481106	false	0.5
entziehen	neg 1.0		off 0.41501450509528665 neg 0.40300779531074193 __DUMMY__ 0.18197769959397148	false	0.5
finanzkrise	neg 1.0		off 0.4102533007803084 neg 0.4077449382178485 __DUMMY__ 0.1820017610018431	false	0.5
schimpfend	neg 1.0		off 0.4186267533624574 neg 0.3998597961185844 __DUMMY__ 0.1815134505189582	false	0.5
profan	neg 1.0		off 0.4180373145328926 neg 0.400162323533136 __DUMMY__ 0.18180036193397145	false	0.5
korruption	neg 1.0		off 0.4125000019060153 neg 0.40567970311978435 __DUMMY__ 0.18182029497420035	false	0.5
schmutzig	neg 1.0		off 0.41939070593151445 neg 0.3990543663484877 __DUMMY__ 0.18155492771999793	false	0.5
abraten	neg 1.0		off 0.4185593632780554 neg 0.39968973513670597 __DUMMY__ 0.18175090158523854	false	0.5
sexy	neg 1.0		off 0.4318551861385303 neg 0.4027590002652348 __DUMMY__ 0.16538581359623494	false	0.5
fotze	off 1.0		off 0.42972227657082557 neg 0.3903985312142816 __DUMMY__ 0.17987919221489282	false	1.0
schwarz	neg 1.0		off 0.41676932384851845 neg 0.40161976887680717 __DUMMY__ 0.1816109072746743	false	0.5
verwirren	neg 1.0		off 0.4184879632453525 neg 0.3998241753017378 __DUMMY__ 0.18168786145290985	false	0.5
zahnlos	off 1.0		off 0.41597864763765946 neg 0.40200327499653965 __DUMMY__ 0.18201807736580086	false	1.0
verheeren	neg 1.0		off 0.4098696603060684 neg 0.4083873678401382 __DUMMY__ 0.1817429718537934	false	0.5
rammen	neg 1.0		off 0.41955313877774764 neg 0.39884610727643915 __DUMMY__ 0.1816007539458132	false	0.5
unlauter	neg 1.0		off 0.4123018803574469 neg 0.4060672676017699 __DUMMY__ 0.18163085204078308	false	0.5
unheilvoll	neg 1.0		off 0.41784831547092655 neg 0.40064939232826907 __DUMMY__ 0.18150229220080433	false	0.5
niedrig	neg 1.0		off 0.41280166640588284 neg 0.40459287097037755 __DUMMY__ 0.18260546262373967	false	0.5
weichei	off 1.0		off 0.4211198350391234 neg 0.39748526326970884 __DUMMY__ 0.18139490169116784	false	1.0
explosion	neg 1.0		neg 0.4139654242116323 off 0.40582651879415266 __DUMMY__ 0.18020805699421513	false	1.0
minusmensch	off 1.0		off 0.4259354663321008 neg 0.3930417368117449 __DUMMY__ 0.18102279685615424	false	1.0
farblos	neg 1.0		off 0.41718879672790626 neg 0.4003825934949039 __DUMMY__ 0.18242860977718967	false	0.5
unwissend	neg 1.0		off 0.4185786516972608 neg 0.3997543737057253 __DUMMY__ 0.1816669745970138	false	0.5
traurig	neg 1.0		off 0.41967311111760636 neg 0.3987557526405106 __DUMMY__ 0.18157113624188295	false	0.5
senkung	neg 1.0		neg 0.41044704937401155 off 0.40798862479924475 __DUMMY__ 0.18156432582674362	false	1.0
ungleich	neg 1.0		off 0.41544476962214716 neg 0.40269975756692994 __DUMMY__ 0.1818554728109227	false	0.5
heikel	neg 1.0		off 0.4156529050907373 neg 0.40254152093767415 __DUMMY__ 0.1818055739715886	false	0.5
drosselung	neg 1.0		neg 0.40920877793177995 off 0.40900618203073025 __DUMMY__ 0.18178504003748988	false	1.0
falsch	neg 1.0		off 0.41850219890888174 neg 0.39981837284510774 __DUMMY__ 0.18167942824601055	false	0.5
unzufriedenheit	neg 1.0		off 0.414769290966129 neg 0.40333578178100526 __DUMMY__ 0.18189492725286577	false	0.5
kurz	neg 1.0		off 0.4181764162621376 neg 0.3999751054931122 __DUMMY__ 0.18184847824475012	false	0.5
unsinnig	neg 1.0		off 0.4163048848497416 neg 0.40197521443146045 __DUMMY__ 0.1817199007187979	false	0.5
penner	off 1.0		off 0.4208095273777855 neg 0.3978134526607795 __DUMMY__ 0.18137701996143488	false	1.0
seicht	neg 1.0		off 0.4192414984137007 neg 0.3990411065283869 __DUMMY__ 0.18171739505791243	false	0.5
dummheit	off 1.0		off 0.4172191990176424 neg 0.4010789996984675 __DUMMY__ 0.18170180128389002	false	1.0
unerfreulich	neg 1.0		off 0.41557328376953195 neg 0.402504165600701 __DUMMY__ 0.1819225506297671	false	0.5
pikiert	neg 1.0		off 0.41835902782675954 neg 0.3999284334677138 __DUMMY__ 0.18171253870552656	false	0.5
motherfucker	off 1.0		off 0.3988895179711776 __DUMMY__ 0.3307766939223797 neg 0.27033378810644254	false	1.0
wrack	neg 1.0		off 0.4158318704113135 neg 0.40216732591606075 __DUMMY__ 0.18200080367262583	false	0.5
gangster	neg 1.0		off 0.41541434861922105 neg 0.3239530585748212 __DUMMY__ 0.2606325928059577	false	0.5
krank	neg 1.0		off 0.42004549223528903 neg 0.39841554136292084 __DUMMY__ 0.18153896640179024	false	0.5
reich	neg 1.0		off 0.4157124128632378 neg 0.4023006144651169 __DUMMY__ 0.18198697267164543	false	0.5
gnadenlos	neg 1.0		off 0.41760603412454567 neg 0.4005429851242038 __DUMMY__ 0.1818509807512507	false	0.5
niedergeschlagen	neg 1.0		off 0.41677867547383424 neg 0.40136488777365226 __DUMMY__ 0.1818564367525135	false	0.5
terrorisieren	off 1.0	off 1.0	off 0.6959928649806943 neg 0.21717016708606784 __DUMMY__ 0.08683696793323771	false	1.0
sinnlosigkeit	neg 1.0		off 0.4161169930378441 neg 0.40208812852579756 __DUMMY__ 0.1817948784363585	false	0.5
behindern	neg 1.0		off 0.4126598622196659 neg 0.40553688036064967 __DUMMY__ 0.1818032574196845	false	0.5
undemokratisch	neg 1.0		off 0.4144395872899666 neg 0.4040865761157231 __DUMMY__ 0.18147383659431027	false	0.5
wirtschaftskrise	neg 1.0		off 0.41112691848011557 neg 0.40673218807316563 __DUMMY__ 0.18214089344671863	false	0.5
neid	neg 1.0		off 0.4184746505210024 neg 0.39960077757138485 __DUMMY__ 0.18192457190761283	false	0.5
rutschen	neg 1.0		off 0.4167601780295578 neg 0.40109768592296524 __DUMMY__ 0.18214213604747678	false	0.5
rezession	neg 1.0		off 0.40934356750321643 neg 0.40847900847418894 __DUMMY__ 0.1821774240225946	false	0.5
fehlgeburt	neg 1.0		off 0.4186373165267196 neg 0.39998285483238927 __DUMMY__ 0.18137982864089114	false	0.5
charakterschwach	off 1.0		off 0.4181099937774013 neg 0.4002008516904022 __DUMMY__ 0.1816891545321964	false	1.0
isolation	neg 1.0		neg 0.4175260380739794 off 0.40338601130155755 __DUMMY__ 0.17908795062446306	false	1.0
ablenkung	neg 1.0		off 0.41765190653761697 neg 0.40060536958296905 __DUMMY__ 0.181742723879414	false	0.5
pech	neg 1.0		off 0.41951641879700174 neg 0.39872353145868195 __DUMMY__ 0.18176004974431628	false	0.5
dominieren	neg 1.0		off 0.4121176449815146 neg 0.4054658168085755 __DUMMY__ 0.18241653820990986	false	0.5
vermeidung	neg 1.0		neg 0.41061015859295386 off 0.40799059519265823 __DUMMY__ 0.18139924621438794	false	1.0
schwindlig	neg 1.0		off 0.42069758521592054 neg 0.3978861057182738 __DUMMY__ 0.1814163090658057	false	0.5
lutscher	neg 1.0		off 0.4242730132143849 neg 0.39476439997324153 __DUMMY__ 0.1809625868123736	false	0.5
pflicht	neg 1.0		off 0.41537098854413795 neg 0.40265916748645886 __DUMMY__ 0.18196984396940324	false	0.5
faschist	off 1.0		off 0.41681282082760057 neg 0.4015541835833662 __DUMMY__ 0.18163299558903312	false	1.0
verschleudern	neg 1.0		off 0.41294987932930716 neg 0.4050741318833072 __DUMMY__ 0.18197598878738572	false	0.5
ehebruch	neg 1.0		off 0.41600499035636285 neg 0.40212230543617744 __DUMMY__ 0.18187270420745966	false	0.5
trostlosigkeit	neg 1.0		off 0.41508014122186637 neg 0.4030196321319953 __DUMMY__ 0.18190022664613828	false	0.5
lutschen	neg 1.0		off 0.4248114801080348 neg 0.39477487641455555 __DUMMY__ 0.1804136434774095	false	0.5
spott	off 1.0		off 0.41536880851385144 neg 0.40275978211635843 __DUMMY__ 0.18187140936979007	false	1.0
undiszipliniert	neg 1.0		off 0.41963440625123816 neg 0.39888031930438766 __DUMMY__ 0.18148527444437423	false	0.5
kopfschmerz	neg 1.0		off 0.41847634972592274 neg 0.4001381855807542 __DUMMY__ 0.1813854646933231	false	0.5
unvorhergesehen	neg 1.0		off 0.41729301389422124 neg 0.400765540115674 __DUMMY__ 0.18194144599010484	false	0.5
desinteressiert	neg 1.0		off 0.41943701189421606 neg 0.3989426033753503 __DUMMY__ 0.18162038473043365	false	0.5
armselig	off 1.0		off 0.4181769247291066 neg 0.3999881201858397 __DUMMY__ 0.18183495508505365	false	1.0
tod	neg 1.0		off 0.41519510721240116 neg 0.4028491405356674 __DUMMY__ 0.1819557522519314	false	0.5
desaster	neg 1.0		off 0.4136920422300276 neg 0.40428542509718896 __DUMMY__ 0.18202253267278348	false	0.5
herzlos	neg 1.0		off 0.41943872462029785 neg 0.39892734298299914 __DUMMY__ 0.18163393239670297	false	0.5
unwissenheit	neg 1.0		off 0.4153784004342907 neg 0.40292019060730055 __DUMMY__ 0.18170140895840867	false	0.5
widersinnig	neg 1.0		off 0.41417122232186304 neg 0.4040898611695108 __DUMMY__ 0.1817389165086262	false	0.5
bedenklich	neg 1.0		off 0.4156184937769938 neg 0.40256451227919227 __DUMMY__ 0.1818169939438139	false	0.5
beanstanden	neg 1.0		off 0.41488331713480164 neg 0.40313180092895773 __DUMMY__ 0.1819848819362406	false	0.5
panisch	neg 1.0		off 0.4187407562990646 neg 0.39970509984345154 __DUMMY__ 0.1815541438574838	false	0.5
abstrich	neg 1.0		off 0.41837172522515537 neg 0.4003775425682205 __DUMMY__ 0.18125073220662413	false	0.5
debil	off 1.0		off 0.43116708212472266 neg 0.3898325453549123 __DUMMY__ 0.17900037252036494	false	1.0
primitiv	neg 1.0		off 0.418529964709441 neg 0.3996074343071397 __DUMMY__ 0.1818626009834194	false	0.5
abschaum	off 1.0		off 0.41788403186366335 neg 0.4003862103461988 __DUMMY__ 0.1817297577901379	false	1.0
tot	neg 1.0		off 0.4189308204223524 neg 0.39956178829673566 __DUMMY__ 0.181507391280912	false	0.5
provozieren	neg 1.0		off 0.4171500943868398 neg 0.40108133566469434 __DUMMY__ 0.18176856994846596	false	0.5
instabil	neg 1.0		off 0.41653786926064224 neg 0.40135019341744105 __DUMMY__ 0.1821119373219168	false	0.5
schwuchtel	off 1.0		off 0.42490207120065393 neg 0.39436625450558077 __DUMMY__ 0.18073167429376516	false	1.0
zerren	neg 1.0		off 0.41698013572565584 neg 0.4012528174498038 __DUMMY__ 0.18176704682454034	false	0.5
kinderficker	off 1.0		off 0.41841244496956803 neg 0.40014750854757286 __DUMMY__ 0.18144004648285905	false	1.0
gefahr	neg 1.0		off 0.4124140849150938 neg 0.4054260430373894 __DUMMY__ 0.18215987204751674	false	0.5
rabiat	neg 1.0		off 0.4171450363172159 neg 0.40095417876833594 __DUMMY__ 0.1819007849144482	false	0.5
verlangsamung	neg 1.0		off 0.4106290991851549 neg 0.40686081798680135 __DUMMY__ 0.18251008282804368	false	0.5
anklagen	neg 1.0		off 0.41247260881165815 neg 0.40575453217753693 __DUMMY__ 0.1817728590108049	false	0.5
ausgestorben	neg 1.0		off 0.4166535528293086 neg 0.4013170757282857 __DUMMY__ 0.1820293714424058	false	0.5
verminderung	neg 1.0		neg 0.4106954608033667 off 0.4077323427626815 __DUMMY__ 0.1815721964339518	false	1.0
rost	neg 1.0		off 0.41390746399704126 neg 0.40311371967689424 __DUMMY__ 0.18297881632606444	false	0.5
destruktiv	neg 1.0		off 0.41607771831090623 neg 0.40215144153965726 __DUMMY__ 0.18177084014943654	false	0.5
unzumutbarkeit	neg 1.0		off 0.41242239291399396 neg 0.40563618624895953 __DUMMY__ 0.18194142083704667	false	0.5
labil	off 1.0	off 1.0	off 0.7759366593138917 neg 0.15401614861292814 __DUMMY__ 0.07004719207318019	false	1.0
ziemlich	neg 1.0		off 0.4195260738312992 neg 0.39883719526541467 __DUMMY__ 0.18163673090328614	false	0.5
lachnummer	off 1.0		off 0.4161429761583155 neg 0.40196264483341687 __DUMMY__ 0.18189437900826766	false	1.0
ausgrenzung	neg 1.0		off 0.41310193448467103 neg 0.4051542722623573 __DUMMY__ 0.1817437932529716	false	0.5
verfall	neg 1.0		off 0.41367747243104563 neg 0.40435549320104863 __DUMMY__ 0.18196703436790573	false	0.5
unordnung	neg 1.0	neg 1.0	neg 0.6850788107798627 off 0.2272743404329304 __DUMMY__ 0.08764684878720691	false	1.0
fehlverhalten	neg 1.0		off 0.41474108571782764 neg 0.40340052036722623 __DUMMY__ 0.18185839391494626	false	0.5
nille	neg 1.0		off 0.43213339108274523 neg 0.3886383528131067 __DUMMY__ 0.17922825610414808	false	0.5
qual	neg 1.0		off 0.42121925226381013 neg 0.41262285996098236 __DUMMY__ 0.16615788777520735	false	0.5
riesig	neg 1.0		off 0.42310522744466106 neg 0.3952418564223195 __DUMMY__ 0.18165291613301934	false	0.5
verschwenden	neg 1.0		off 0.41625233155210584 neg 0.4019423120869168 __DUMMY__ 0.18180535636097742	false	0.5
verurteilen	neg 1.0		off 0.41535986157735144 neg 0.4028968562625655 __DUMMY__ 0.1817432821600832	false	0.5
klischee	neg 1.0		off 0.4179916578176996 neg 0.40020034932376797 __DUMMY__ 0.18180799285853247	false	0.5
diktatorisch	neg 1.0		off 0.4148632394452825 neg 0.40361725305401824 __DUMMY__ 0.1815195075006994	false	0.5
vorhersehbar	neg 1.0		off 0.41738652004050086 neg 0.4006777905234559 __DUMMY__ 0.18193568943604319	false	0.5
stornieren	neg 1.0		off 0.4153648662919751 neg 0.40287058528703473 __DUMMY__ 0.18176454842099016	false	0.5
besteuerung	neg 1.0		neg 0.409288886621328 off 0.4088143407949419 __DUMMY__ 0.18189677258373013	false	1.0
ungeschminkt	neg 1.0		off 0.4230972663710216 neg 0.3960398093608488 __DUMMY__ 0.18086292426812955	false	0.5
kritisch	neg 1.0		off 0.41533354330635347 neg 0.40279206662266637 __DUMMY__ 0.1818743900709802	false	0.5
schlamperei	off 1.0		off 0.412740445935234 neg 0.4053356722888075 __DUMMY__ 0.18192388177595836	false	1.0
sucht	neg 1.0		off 0.41629953552251486 neg 0.40098023342746913 __DUMMY__ 0.1827202310500161	false	0.5
egoistisch	off 1.0		off 0.41968914133757823 neg 0.39889373254257565 __DUMMY__ 0.18141712611984612	false	1.0
ausbeuter	off 1.0		off 0.41485166296737414 neg 0.403292038508364 __DUMMY__ 0.1818562985242618	false	1.0
arschgeburt			off 0.42592943798706595 neg 0.3935437551955764 __DUMMY__ 0.18052680681735772	false	0.0
schubs	neg 1.0		off 0.41991494391327483 neg 0.398812660868075 __DUMMY__ 0.18127239521865007	false	0.5
unsolide	neg 1.0		off 0.4146044116815324 neg 0.4038195312103182 __DUMMY__ 0.18157605710814936	false	0.5
beschwerde	neg 1.0		off 0.4128881851654073 neg 0.4053836052734037 __DUMMY__ 0.18172820956118904	false	0.5
stocken	neg 1.0		off 0.411298785034793 neg 0.40634516503378054 __DUMMY__ 0.18235604993142657	false	0.5
isolieren	neg 1.0		off 0.41203568463945767 neg 0.40591155423765557 __DUMMY__ 0.1820527611228868	false	0.5
unheilbar	neg 1.0		off 0.41689643462630993 neg 0.4013272482547889 __DUMMY__ 0.18177631711890113	false	0.5
pisser	off 1.0		off 0.4258741904383153 neg 0.39343965490988736 __DUMMY__ 0.1806861546517972	false	1.0
löschen	neg 1.0		off 0.4189674630288718 neg 0.40203785144837995 __DUMMY__ 0.17899468552274825	false	0.5
durchfallen	neg 1.0		off 0.4161169273622459 neg 0.4021578597901385 __DUMMY__ 0.18172521284761553	false	0.5
wichser	off 1.0		off 0.42113893216626364 neg 0.39748301047289886 __DUMMY__ 0.18137805736083745	false	1.0
terror	neg 1.0		neg 0.41147812216658486 off 0.4084563236090229 __DUMMY__ 0.18006555422439224	false	1.0
krass	neg 1.0		off 0.4229317046127019 neg 0.3960553464409805 __DUMMY__ 0.18101294894631767	false	0.5
revolte	neg 1.0		off 0.41165755381132035 neg 0.4062696643957806 __DUMMY__ 0.18207278179289896	false	0.5
besorgt	neg 1.0		off 0.41703133385563085 neg 0.40117947266042564 __DUMMY__ 0.1817891934839436	false	0.5
nachlassen	neg 1.0		off 0.4154144274653488 neg 0.4026210215048532 __DUMMY__ 0.18196455102979806	false	0.5
alt	neg 1.0		off 0.4206567074886417 neg 0.39743570344512075 __DUMMY__ 0.1819075890662375	false	0.5
hundesohn	off 1.0		off 0.428210208393671 neg 0.39171860383469387 __DUMMY__ 0.18007118777163525	false	1.0
abschreckung	neg 1.0		off 0.4142250227480654 neg 0.403938932654682 __DUMMY__ 0.18183604459725256	false	0.5
unqualifiziert	neg 1.0		off 0.41692327362760456 neg 0.4014698500924938 __DUMMY__ 0.18160687627990152	false	0.5
abgewichst	off 1.0		off 0.429939779033438 neg 0.39048299954018223 __DUMMY__ 0.17957722142637975	false	1.0
kapitulation	neg 1.0		off 0.41302319082373545 neg 0.4050143238542901 __DUMMY__ 0.18196248532197445	false	0.5
schwer	neg 1.0		off 0.41731442829828136 neg 0.4007788240311506 __DUMMY__ 0.18190674767056803	false	0.5
bedeutungslosigkeit	neg 1.0		off 0.4147332713009669 neg 0.4032869144269464 __DUMMY__ 0.1819798142720867	false	0.5
unscharf	neg 1.0		off 0.42092199512747697 neg 0.39784660751896306 __DUMMY__ 0.18123139735355995	false	0.5
schwinden	neg 1.0		off 0.4117809978978847 neg 0.4060097622421956 __DUMMY__ 0.18220923985991952	false	0.5
versklavung	neg 1.0		off 0.41233290807477624 neg 0.406000834281487 __DUMMY__ 0.18166625764373676	false	0.5
schlecht	neg 1.0		off 0.418976552655808 neg 0.39933588175600887 __DUMMY__ 0.1816875655881831	false	0.5
verhasst	neg 1.0		off 0.4165316659209869 neg 0.40163096708863966 __DUMMY__ 0.18183736699037345	false	0.5
beschweren	neg 1.0		off 0.417563457105636 neg 0.40053677466750964 __DUMMY__ 0.18189976822685439	false	0.5
scheiden	neg 1.0		off 0.4175856097605286 neg 0.40049140658403587 __DUMMY__ 0.18192298365543547	false	0.5
frustriert	neg 1.0		off 0.4168851555579325 neg 0.4012980921588562 __DUMMY__ 0.18181675228321142	false	0.5
schimmelig	neg 1.0		off 0.42305568811710603 neg 0.39587356682414493 __DUMMY__ 0.18107074505874912	false	0.5
fisch	neg 1.0		off 0.42054627109364834 neg 0.3974766231155126 __DUMMY__ 0.18197710579083895	false	0.5
schmuggel	neg 1.0		off 0.41576286750312164 neg 0.40234216397956474 __DUMMY__ 0.18189496851731357	false	0.5
auffallen	neg 1.0		off 0.41751593078355964 neg 0.4006682939861343 __DUMMY__ 0.18181577523030612	false	0.5
konkurrenz	neg 1.0		off 0.4149303635844166 neg 0.40310494005064174 __DUMMY__ 0.18196469636494156	false	0.5
teufelskreis	neg 1.0		off 0.41669064745761736 neg 0.40140653938056897 __DUMMY__ 0.18190281316181378	false	0.5
aufschreien	neg 1.0		off 0.41814134213095316 neg 0.4000398048524986 __DUMMY__ 0.1818188530165483	false	0.5
missgeburt	off 1.0		off 0.42590914680460407 neg 0.3933528162483365 __DUMMY__ 0.18073803694705937	false	1.0
schuldner	neg 1.0		off 0.41194469811067946 neg 0.40606739968833816 __DUMMY__ 0.1819879022009822	false	0.5
befallen	neg 1.0		off 0.41445288153403614 neg 0.4040176119939646 __DUMMY__ 0.18152950647199928	false	0.5
arbeitslos	neg 1.0		off 0.41610547375676676 neg 0.4020310795903938 __DUMMY__ 0.18186344665283957	false	0.5
miesepetrig	off 1.0		off 0.41907770806370437 neg 0.3993307497168388 __DUMMY__ 0.18159154221945684	false	1.0
alarmieren	neg 1.0		off 0.41080542568520806 neg 0.4071010973193467 __DUMMY__ 0.18209347699544529	false	0.5
ungeduscht	off 1.0		off 0.4216085613385917 neg 0.39734526050796054 __DUMMY__ 0.18104617815344762	false	1.0
knappheit	neg 1.0		off 0.41200268066276013 neg 0.40587894538098773 __DUMMY__ 0.1821183739562522	false	0.5
schlange	neg 1.0		off 0.4180087960082061 neg 0.4001012725396182 __DUMMY__ 0.18188993145217575	false	0.5
harsch	neg 1.0		off 0.41249350400163826 neg 0.40577805311529036 __DUMMY__ 0.18172844288307138	false	0.5
lang	neg 1.0	neg 1.0	neg 0.6460708874276424 off 0.2565761008770607 __DUMMY__ 0.09735301169529688	false	1.0
ziellos	neg 1.0		off 0.41664763023245804 neg 0.4014161184177428 __DUMMY__ 0.18193625134979916	false	0.5
selbstverliebt	neg 1.0		off 0.4221138019705744 neg 0.39661420859752194 __DUMMY__ 0.18127198943190367	false	0.5
beseitigen	neg 1.0		off 0.4123117780856001 neg 0.405511037695214 __DUMMY__ 0.1821771842191859	false	0.5
dumm	off 1.0		off 0.42055378169119284 neg 0.3980087755166945 __DUMMY__ 0.18143744279211266	false	1.0
arbeitsloser	neg 1.0		off 0.4158313019316173 neg 0.40225949169514374 __DUMMY__ 0.181909206373239	false	0.5
blitzen	neg 1.0		off 0.4170798732992908 neg 0.3996580228662837 __DUMMY__ 0.18326210383442548	false	0.5
hilflos	neg 1.0		off 0.4169635819980101 neg 0.4013529229514846 __DUMMY__ 0.18168349505050532	false	0.5
eklig	off 1.0		off 0.42225416053243525 neg 0.3966169066623419 __DUMMY__ 0.1811289328052227	false	1.0
hungersnot	neg 1.0		off 0.41273059449792754 neg 0.40511436656859773 __DUMMY__ 0.1821550389334747	false	0.5
ungesetzlich	neg 1.0		off 0.4141358823217942 neg 0.40414845217392376 __DUMMY__ 0.18171566550428192	false	0.5
verschwendung	neg 1.0		off 0.41578983686459325 neg 0.40237384624028405 __DUMMY__ 0.18183631689512272	false	0.5
schmerzvoll	neg 1.0		off 0.4181382214434847 neg 0.40015287498684254 __DUMMY__ 0.18170890356967262	false	0.5
vorzeitig	neg 1.0		off 0.41078013865147084 neg 0.4071869009003192 __DUMMY__ 0.18203296044820988	false	0.5
unvollkommenheit	neg 1.0		off 0.41657118735238385 neg 0.40161738884520226 __DUMMY__ 0.18181142380241386	false	0.5
intervenieren	neg 1.0		off 0.4142599583370497 neg 0.4039695103512461 __DUMMY__ 0.18177053131170423	false	0.5
banause	off 1.0		off 0.42099386662619664 neg 0.39772300216669215 __DUMMY__ 0.18128313120711131	false	1.0
rebell	neg 1.0		off 0.4257494759006196 neg 0.3942950309314314 __DUMMY__ 0.17995549316794887	false	0.5
unlogisch	neg 1.0		off 0.41933627183265 neg 0.399145273910028 __DUMMY__ 0.181518454257322	false	0.5
abschaffung	neg 1.0		off 0.4112276087329924 neg 0.40709760553893976 __DUMMY__ 0.1816747857280679	false	0.5
leiden	neg 1.0		off 0.41765603501335163 neg 0.4004424857551071 __DUMMY__ 0.18190147923154143	false	0.5
sturz	neg 1.0		off 0.4123735903082196 neg 0.4054887956929575 __DUMMY__ 0.18213761399882297	false	0.5
verkleinerung	neg 1.0		off 0.4102787990257467 neg 0.4078039112866225 __DUMMY__ 0.1819172896876308	false	0.5
schmarotzer	off 1.0		off 0.41624327828144103 neg 0.4020110555219245 __DUMMY__ 0.18174566619663451	false	1.0
bestrafung	neg 1.0		off 0.4177262710806055 neg 0.4004947513859463 __DUMMY__ 0.18177897753344818	false	0.5
achtlos	neg 1.0		off 0.41696217651677286 neg 0.40132352852796666 __DUMMY__ 0.1817142949552605	false	0.5
ungeheuer	neg 1.0		off 0.4188114933764732 neg 0.39923853812752846 __DUMMY__ 0.18194996849599826	false	0.5
unaufrichtig	neg 1.0		off 0.4172597440273707 neg 0.40137702869765396 __DUMMY__ 0.18136322727497542	false	0.5
groggy	neg 1.0		off 0.4228663324583703 neg 0.3958026493052197 __DUMMY__ 0.18133101823640999	false	0.5
verletzlich	neg 1.0		off 0.419268291190728 neg 0.39912581701240946 __DUMMY__ 0.18160589179686246	false	0.5
ablehnen	neg 1.0		off 0.41522018245824865 neg 0.4030430986795479 __DUMMY__ 0.18173671886220338	false	0.5
kollaps	neg 1.0		off 0.4103861663542172 neg 0.4075827037571869 __DUMMY__ 0.18203112988859577	false	0.5
beschnitten	neg 1.0		off 0.4175484949266348 neg 0.40066920414832935 __DUMMY__ 0.18178230092503586	false	0.5
defekt	neg 1.0		off 0.41147898955876266 neg 0.406809048863831 __DUMMY__ 0.18171196157740632	false	0.5
dreckskerl	off 1.0		off 0.41940626214703586 neg 0.3991730488248569 __DUMMY__ 0.1814206890281073	false	1.0
deine	neg 1.0		off 0.42085077615335437 neg 0.3978223293615313 __DUMMY__ 0.1813268944851144	false	0.5
aufgeben	neg 1.0		off 0.4177780380911826 neg 0.400216748008681 __DUMMY__ 0.18200521390013655	false	0.5
durcheinander	neg 1.0		off 0.418400771814022 neg 0.3997785733169155 __DUMMY__ 0.1818206548690625	false	0.5
unterbrechen	neg 1.0		off 0.4165306305658755 neg 0.40157520999417406 __DUMMY__ 0.18189415943995044	false	0.5
vergammeln	neg 1.0		off 0.4180997505066792 neg 0.4000935398469535 __DUMMY__ 0.18180670964636725	false	0.5
grotesk	neg 1.0		off 0.41613713900602184 neg 0.4019341961365175 __DUMMY__ 0.18192866485746073	false	0.5
elendig	neg 1.0		off 0.4182006019642277 neg 0.40015449088427824 __DUMMY__ 0.1816449071514939	false	0.5
naiv	off 1.0		off 0.4178078102520952 neg 0.4002943814345454 __DUMMY__ 0.18189780831335955	false	1.0
uneinigkeit	neg 1.0		off 0.41178706789954866 neg 0.4062925930020072 __DUMMY__ 0.1819203390984441	false	0.5
fragil	neg 1.0		neg 0.4128179672448383 off 0.4086410835788328 __DUMMY__ 0.17854094917632898	false	1.0
provisorisch	neg 1.0		off 0.4162063472158626 neg 0.4016628513420949 __DUMMY__ 0.18213080144204258	false	0.5
landei	off 1.0		off 0.4210422803090925 neg 0.39733456722290317 __DUMMY__ 0.18162315246800428	false	1.0
bedauerlich	neg 1.0		off 0.4157952637729677 neg 0.40233806724079846 __DUMMY__ 0.1818666689862339	false	0.5
krieg	neg 1.0		off 0.41680881185731194 neg 0.40138779490923376 __DUMMY__ 0.18180339323345437	false	0.5
traurigkeit	neg 1.0		off 0.4174627975364993 neg 0.40070410916837806 __DUMMY__ 0.1818330932951226	false	0.5
monotonie	neg 1.0		off 0.4162516867742841 neg 0.40176162150933004 __DUMMY__ 0.1819866917163858	false	0.5
unliebsam	neg 1.0		off 0.4167159078868146 neg 0.40145541085829417 __DUMMY__ 0.18182868125489118	false	0.5
drift	neg 1.0		neg 0.4367168536891017 off 0.4020750636121589 __DUMMY__ 0.16120808269873943	false	1.0
chaos	neg 1.0		off 0.41377494905133144 neg 0.404347752388225 __DUMMY__ 0.18187729856044355	false	0.5
blutig	neg 1.0		off 0.4181602616031395 neg 0.3999822898344622 __DUMMY__ 0.18185744856239824	false	0.5
