unsolidarisch	neg 1.0		off 0.47434605935717905 neg 0.4601115790597003 __DUMMY__ 0.06554236158312053	false	0.5
nachteilig	neg 1.0		off 0.47356131264616524 neg 0.4607582642512734 __DUMMY__ 0.06568042310256134	false	0.5
skeptisch	neg 1.0		off 0.47443088921578697 neg 0.45987940927327425 __DUMMY__ 0.06568970151093888	false	0.5
schrecklich	neg 1.0		off 0.47912765333575164 neg 0.45535348741631254 __DUMMY__ 0.06551885924793574	false	0.5
schlapp	neg 1.0		off 0.4793968647833919 neg 0.4550577213051225 __DUMMY__ 0.06554541391148558	false	0.5
abfall	neg 1.0		off 0.47372275575399325 neg 0.4605221189884853 __DUMMY__ 0.06575512525752154	false	0.5
widerspenstig	neg 1.0		off 0.47665122446465846 neg 0.45776525445153143 __DUMMY__ 0.0655835210838101	false	0.5
abrupt	neg 1.0		off 0.47545987945400386 neg 0.4587948379549238 __DUMMY__ 0.06574528259107237	false	0.5
unwirksam	neg 1.0		off 0.46863254972401996 neg 0.4656953682226181 __DUMMY__ 0.0656720820533619	false	0.5
angreifen	neg 1.0		off 0.47441095607161826 neg 0.4599207144783287 __DUMMY__ 0.06566832945005298	false	0.5
inkonsistent	neg 1.0		off 0.4766062715269963 neg 0.4576962476613694 __DUMMY__ 0.06569748081163433	false	0.5
abrutschen	neg 1.0		off 0.4744204410950066 neg 0.4599017992601833 __DUMMY__ 0.06567775964481014	false	0.5
unsicher	neg 1.0		off 0.4765063643863767 neg 0.45784461872124127 __DUMMY__ 0.06564901689238202	false	0.5
bauernkind	off 1.0		off 0.48304599355096706 neg 0.4516336345388285 __DUMMY__ 0.06532037191020437	false	1.0
angreifer	neg 1.0		off 0.47151026178425476 neg 0.4628643608227795 __DUMMY__ 0.0656253773929659	false	0.5
trennen	neg 1.0		off 0.4756122976037551 neg 0.45861290046576164 __DUMMY__ 0.06577480193048331	false	0.5
schmutz	neg 1.0		off 0.4718756218739018 neg 0.4624090583637076 __DUMMY__ 0.06571531976239059	false	0.5
inkonsistenz	neg 1.0		off 0.47719330712538305 neg 0.45721197113773215 __DUMMY__ 0.06559472173688484	false	0.5
erschreckend	neg 1.0		off 0.47522401070638887 neg 0.4591174085816836 __DUMMY__ 0.06565858071192746	false	0.5
ertrinken	neg 1.0		off 0.4756183709761716 neg 0.4588024571179659 __DUMMY__ 0.06557917190586253	false	0.5
pickelface	off 1.0		off 0.48736464404463986 neg 0.4475368899791266 __DUMMY__ 0.06509846597623355	false	1.0
lauch	neg 1.0		off 0.48453929760787195 neg 0.45020905474809486 __DUMMY__ 0.06525164764403327	false	0.5
steuerhinterziehung	neg 1.0		off 0.4712589992600589 neg 0.46312804745787445 __DUMMY__ 0.0656129532820667	false	0.5
unwichtig	neg 1.0		off 0.4773106563257179 neg 0.4570777106935464 __DUMMY__ 0.06561163298073568	false	0.5
schock	neg 1.0		off 0.4766422749156863 neg 0.4576451843590585 __DUMMY__ 0.06571254072525533	false	0.5
vergelten	neg 1.0		off 0.4735378884625723 neg 0.46102813573515833 __DUMMY__ 0.06543397580226953	false	0.5
beule	neg 1.0		off 0.480093724053972 neg 0.4544088108504699 __DUMMY__ 0.06549746509555805	false	0.5
verdorbenheit	neg 1.0		off 0.47487546350563475 neg 0.45913658479748387 __DUMMY__ 0.06598795169688133	false	0.5
trauma			off 0.4926706080170042 neg 0.4486281748202088 __DUMMY__ 0.05870121716278705	false	0.0
sinnlos	neg 1.0		off 0.4772132770637065 neg 0.4571854552635169 __DUMMY__ 0.06560126767277658	false	0.5
fettsack	off 1.0		off 0.48274609552455344 neg 0.4518464112985104 __DUMMY__ 0.06540749317693614	false	1.0
feige	off 1.0		off 0.47727569918874824 neg 0.457085202742316 __DUMMY__ 0.06563909806893577	false	1.0
abdanken	neg 1.0		off 0.474556723057574 neg 0.45984119415306535 __DUMMY__ 0.06560208278936079	false	0.5
wichtigtuer	off 1.0	off 1.0	off 0.7251148829532903 neg 0.24378458478594686 __DUMMY__ 0.03110053226076274	false	1.0
misslingen	neg 1.0		off 0.4765007333460532 neg 0.4579406088507393 __DUMMY__ 0.06555865780320742	false	0.5
untreu	off 1.0		off 0.47737989896241234 neg 0.45699406402780357 __DUMMY__ 0.06562603700978409	false	1.0
missmutig	neg 1.0		off 0.47665459373458696 neg 0.4576797020051665 __DUMMY__ 0.06566570426024661	false	0.5
hurenbock	off 1.0		off 0.48260072073997057 neg 0.45217752353618723 __DUMMY__ 0.06522175572384231	false	1.0
betrunken	neg 1.0		off 0.47918385189529245 neg 0.45531555073064545 __DUMMY__ 0.06550059737406198	false	0.5
korrupt	off 1.0		off 0.47431990819101405 neg 0.4600923664901676 __DUMMY__ 0.06558772531881839	false	1.0
unmut	neg 1.0		off 0.4730503094831934 neg 0.46125806195529245 __DUMMY__ 0.06569162856151431	false	0.5
hackfresse	off 1.0		off 0.48001382540303544 neg 0.4545316497718645 __DUMMY__ 0.06545452482509997	false	1.0
aufblasen	neg 1.0		off 0.47725117256625804 neg 0.45713850602386596 __DUMMY__ 0.06561032140987616	false	0.5
gewaltsam	neg 1.0		off 0.4722578181584777 neg 0.4620881515489424 __DUMMY__ 0.06565403029257995	false	0.5
unbeliebtheit	neg 1.0		off 0.4713316353992701 neg 0.4630020375615492 __DUMMY__ 0.06566632703918077	false	0.5
sturheit	neg 1.0		off 0.47445390562155126 neg 0.45990356275054617 __DUMMY__ 0.06564253162790265	false	0.5
kuh	neg 1.0		off 0.4833739056701239 neg 0.4512716344048761 __DUMMY__ 0.06535445992499987	false	0.5
erschrecken	neg 1.0		off 0.4777449886417104 neg 0.45667080194988774 __DUMMY__ 0.06558420940840184	false	0.5
opfer	neg 1.0		off 0.47498978535322156 neg 0.45933532098450375 __DUMMY__ 0.06567489366227475	false	0.5
stinktier	neg 1.0		off 0.4830106066174918 neg 0.4516477110179185 __DUMMY__ 0.06534168236458965	false	0.5
sinken	neg 1.0		off 0.471471889012594 neg 0.46267632332456965 __DUMMY__ 0.06585178766283638	false	0.5
tucke	off 1.0		off 0.48196934268805697 neg 0.4527525124932747 __DUMMY__ 0.0652781448186684	false	1.0
abstieg	neg 1.0		off 0.4729349732714391 neg 0.4613337965836766 __DUMMY__ 0.06573123014488419	false	0.5
missverstehen	neg 1.0		off 0.4765949226877634 neg 0.457761688652748 __DUMMY__ 0.0656433886594887	false	0.5
ergebnislos	neg 1.0		off 0.470966558473003 neg 0.46328071172481805 __DUMMY__ 0.06575272980217896	false	0.5
manipulieren	neg 1.0		off 0.4745678685997189 neg 0.45984677024120235 __DUMMY__ 0.06558536115907877	false	0.5
verschleppen	neg 1.0		off 0.4714742772456677 neg 0.46284376486133605 __DUMMY__ 0.06568195789299631	false	0.5
unbewiesen	neg 1.0		off 0.4729923834515441 neg 0.46133751719180427 __DUMMY__ 0.06567009935665163	false	0.5
weib	off 1.0		off 0.4819582132627477 neg 0.452680346169116 __DUMMY__ 0.06536144056813636	false	1.0
opposition	neg 1.0		off 0.46944053881630887 neg 0.46506599362823725 __DUMMY__ 0.06549346755545402	false	0.5
verkehrswidrig	neg 1.0		off 0.4714524317788205 neg 0.4630986250848278 __DUMMY__ 0.06544894313635177	false	0.5
inkorrekt	neg 1.0		off 0.47708608379183304 neg 0.4573090871381636 __DUMMY__ 0.06560482907000335	false	0.5
vermeiden	neg 1.0		off 0.4728810536849908 neg 0.46136787660211553 __DUMMY__ 0.06575106971289381	false	0.5
abweichung	neg 1.0		off 0.47254241082575443 neg 0.46171892179109075 __DUMMY__ 0.06573866738315474	false	0.5
alkoholisiert	neg 1.0		off 0.475180440491987 neg 0.4591761533553764 __DUMMY__ 0.06564340615263657	false	0.5
scheiss	off 1.0	off 1.0	off 0.7267673495829545 neg 0.2421177481415614 __DUMMY__ 0.03111490227548407	false	1.0
herausforderung	neg 1.0		off 0.47366507014586295 neg 0.4605516413495614 __DUMMY__ 0.06578328850457567	false	0.5
pervers	off 1.0		off 0.4817310348988571 neg 0.4529398564950643 __DUMMY__ 0.06532910860607861	false	1.0
wackelig	neg 1.0		off 0.47687335039375073 neg 0.4574965871601951 __DUMMY__ 0.06563006244605421	false	0.5
verwickeln	neg 1.0		off 0.47635966347717684 neg 0.4579709312519822 __DUMMY__ 0.06566940527084104	false	0.5
vorwand	neg 1.0		off 0.47447654223082214 neg 0.4599073448860812 __DUMMY__ 0.06561611288309656	false	0.5
muschi	off 1.0		off 0.4868059465277399 neg 0.4481013754345944 __DUMMY__ 0.06509267803766579	false	1.0
entmutigung	neg 1.0		off 0.47181041992163253 neg 0.462574247691707 __DUMMY__ 0.0656153323866605	false	0.5
unstetig	neg 1.0		off 0.474969965845819 neg 0.45940216192756456 __DUMMY__ 0.06562787222661647	false	0.5
unangemessen	neg 1.0		off 0.4747873608076413 neg 0.45956500843112175 __DUMMY__ 0.06564763076123702	false	0.5
entmutigen	neg 1.0		off 0.4766917397663366 neg 0.45765921773248897 __DUMMY__ 0.06564904250117426	false	0.5
schwanz	neg 1.0		off 0.4845110654812259 neg 0.45047115521457487 __DUMMY__ 0.06501777930419918	false	0.5
verbot	neg 1.0		off 0.4719443098980952 neg 0.46243120382331476 __DUMMY__ 0.06562448627858995	false	0.5
leid	neg 1.0		off 0.4796097773885555 neg 0.45487912515717105 __DUMMY__ 0.06551109745427364	false	0.5
archaisch	neg 1.0		off 0.4749219841803243 neg 0.4594486006319256 __DUMMY__ 0.06562941518775021	false	0.5
scheidung	neg 1.0		off 0.4697600731416294 neg 0.464507927179853 __DUMMY__ 0.06573199967851769	false	0.5
abgestanden	neg 1.0		off 0.47858807300789574 neg 0.4557471844051111 __DUMMY__ 0.06566474258699302	false	0.5
einschlag	neg 1.0		off 0.4723223122410344 neg 0.46198416349690535 __DUMMY__ 0.06569352426206039	false	0.5
schmierig	off 1.0		off 0.47921101580712633 neg 0.4552508178248743 __DUMMY__ 0.06553816636799924	false	1.0
unpraktisch	neg 1.0		off 0.47826049325295994 neg 0.4561661195281489 __DUMMY__ 0.0655733872188912	false	0.5
wixxer	off 1.0		off 0.48300417946295165 neg 0.45161485348494707 __DUMMY__ 0.06538096705210134	false	1.0
jammerlappen	off 1.0		off 0.477321532599453 neg 0.4570707952947869 __DUMMY__ 0.06560767210576017	false	1.0
farce	neg 1.0		off 0.4720338200175247 neg 0.46231654029945396 __DUMMY__ 0.06564963968302143	false	0.5
zwecklos	neg 1.0		off 0.4749861142230522 neg 0.4593391605606695 __DUMMY__ 0.06567472521627846	false	0.5
turbulent	neg 1.0		off 0.47417480354811664 neg 0.4602935914493947 __DUMMY__ 0.06553160500248856	false	0.5
schuld	neg 1.0		off 0.47642450759650284 neg 0.4579853809373855 __DUMMY__ 0.06559011146611168	false	0.5
risiko	neg 1.0		off 0.4706255483132132 neg 0.46349929556378944 __DUMMY__ 0.06587515612299734	false	0.5
invasion	neg 1.0		neg 0.4771410364830409 off 0.4585541443714219 __DUMMY__ 0.06430481914553729	false	1.0
finster	neg 1.0		off 0.4787892470494583 neg 0.4555673671719592 __DUMMY__ 0.06564338577858242	false	0.5
geisteskrank	off 1.0		off 0.4772870479541522 neg 0.4570747782060916 __DUMMY__ 0.06563817383975612	false	1.0
ausbeute	neg 1.0		off 0.47578540384723467 neg 0.45827422866093015 __DUMMY__ 0.0659403674918351	false	0.5
zusammenbrechen	neg 1.0		off 0.4757344875336031 neg 0.4586614405190365 __DUMMY__ 0.06560407194736047	false	0.5
hinterhalt	neg 1.0		off 0.47484992147161076 neg 0.4594915262300229 __DUMMY__ 0.06565855229836641	false	0.5
kritik	neg 1.0		off 0.4722984020243606 neg 0.4620702799599288 __DUMMY__ 0.06563131801571065	false	0.5
einschrumpfen	neg 1.0		off 0.47133026923916654 neg 0.4635575254326221 __DUMMY__ 0.06511220532821131	false	0.5
riskant	neg 1.0		off 0.47498979976853434 neg 0.4593474858864864 __DUMMY__ 0.06566271434497935	false	0.5
frustrieren	neg 1.0		off 0.4754651716032274 neg 0.45885661466476035 __DUMMY__ 0.06567821373201227	false	0.5
groll	neg 1.0		off 0.474762054294732 neg 0.45955643846102623 __DUMMY__ 0.06568150724424172	false	0.5
qualvoll	neg 1.0		off 0.4772069436127076 neg 0.4572552813180948 __DUMMY__ 0.06553777506919758	false	0.5
wackeln	neg 1.0		off 0.476905713470045 neg 0.45741937307552955 __DUMMY__ 0.06567491345442539	false	0.5
klagen	neg 1.0		off 0.472666780176796 neg 0.461686424843213 __DUMMY__ 0.06564679497999099	false	0.5
trauern	neg 1.0		off 0.47520763942392424 neg 0.4591489407101823 __DUMMY__ 0.06564341986589342	false	0.5
ablehnung	neg 1.0		off 0.47185155452556615 neg 0.4624814828030562 __DUMMY__ 0.06566696267137766	false	0.5
bankrott	neg 1.0		neg 0.46777187501713513 off 0.46684533637768844 __DUMMY__ 0.06538278860517649	false	1.0
stur	neg 1.0		off 0.47601520512470885 neg 0.45839357954072335 __DUMMY__ 0.06559121533456773	false	0.5
aufruhr	neg 1.0		off 0.4708442282607466 neg 0.46336968037448617 __DUMMY__ 0.06578609136476711	false	0.5
melancholie	neg 1.0		off 0.4779577433045383 neg 0.456423769550473 __DUMMY__ 0.0656184871449886	false	0.5
torheit	neg 1.0		off 0.4741812157002783 neg 0.4601742129837193 __DUMMY__ 0.06564457131600239	false	0.5
dreckskind	off 1.0		off 0.48543008443331653 neg 0.4493349617032214 __DUMMY__ 0.06523495386346202	false	1.0
umtauschen	neg 1.0		off 0.478145752022441 neg 0.45631494786123955 __DUMMY__ 0.06553930011631962	false	0.5
zersetzen	neg 1.0		off 0.47379889774268813 neg 0.46053730753012556 __DUMMY__ 0.06566379472718631	false	0.5
frust	neg 1.0		off 0.4756355916844557 neg 0.4587471479717833 __DUMMY__ 0.06561726034376114	false	0.5
unerbittlichkeit	neg 1.0		off 0.4738573002683243 neg 0.4604759930718441 __DUMMY__ 0.06566670665983168	false	0.5
unkorrekt	neg 1.0		off 0.4774071892743055 neg 0.45707295093085526 __DUMMY__ 0.06551985979483933	false	0.5
hexe	off 1.0		off 0.48044772986211176 neg 0.4538983203924355 __DUMMY__ 0.06565394974545274	false	1.0
lasch	neg 1.0		off 0.4762262819731477 neg 0.45813539263684233 __DUMMY__ 0.06563832539000991	false	0.5
rivale	neg 1.0		off 0.47037115621171094 neg 0.4641049751204936 __DUMMY__ 0.06552386866779555	false	0.5
mutlos	off 1.0		off 0.4743212740290191 neg 0.46001234385828665 __DUMMY__ 0.06566638211269432	false	1.0
wirr	off 1.0		off 0.47915354650957154 neg 0.45544537283155706 __DUMMY__ 0.06540108065887143	false	1.0
strafbar	neg 1.0		off 0.4746885031061708 neg 0.4596399513299378 __DUMMY__ 0.06567154556389151	false	0.5
erosion	neg 1.0	neg 1.0	neg 0.7144021640588537 off 0.25347805081620856 __DUMMY__ 0.0321197851249377	false	1.0
eingehen	neg 1.0		off 0.4750360172785053 neg 0.4593048921779501 __DUMMY__ 0.06565909054354468	false	0.5
faul	off 1.0		off 0.4794000501428088 neg 0.4551211973761896 __DUMMY__ 0.06547875248100173	false	1.0
provisorium	neg 1.0		off 0.47400626088377534 neg 0.460250265549949 __DUMMY__ 0.06574347356627559	false	0.5
schmerzen	neg 1.0		off 0.47791153094659855 neg 0.4565976202222117 __DUMMY__ 0.06549084883118977	false	0.5
schrumpfen	neg 1.0		off 0.4726832745333674 neg 0.4615664921481802 __DUMMY__ 0.06575023331845248	false	0.5
geistlos	off 1.0		off 0.4758901374492579 neg 0.4584911070366381 __DUMMY__ 0.06561875551410389	false	1.0
frustrierend	neg 1.0		off 0.4776372602462017 neg 0.456717441035361 __DUMMY__ 0.0656452987184373	false	0.5
fehlkauf	neg 1.0		off 0.4756513407047496 neg 0.4585499332648078 __DUMMY__ 0.0657987260304425	false	0.5
unzufrieden	neg 1.0		off 0.4749919393388987 neg 0.45932612317084587 __DUMMY__ 0.0656819374902555	false	0.5
verzweifeln	neg 1.0		off 0.47607350761748696 neg 0.4582916164265682 __DUMMY__ 0.06563487595594493	false	0.5
verzweifelt	neg 1.0		off 0.4767875971419931 neg 0.4575613911603347 __DUMMY__ 0.06565101169767233	false	0.5
misstrauensantrag	neg 1.0		off 0.4698601223392264 neg 0.4646921508442784 __DUMMY__ 0.0654477268164953	false	0.5
abfallen	neg 1.0		off 0.47820753121003506 neg 0.45625455127025394 __DUMMY__ 0.06553791751971101	false	0.5
fucker	off 1.0		off 0.44672861095694427 neg 0.2861329664023224 __DUMMY__ 0.26713842264073334	false	1.0
ungezogen	neg 1.0		off 0.4801938676287292 neg 0.4543556580391414 __DUMMY__ 0.06545047433212935	false	0.5
irrsinnig	neg 1.0		off 0.4767753069036282 neg 0.45760902501442136 __DUMMY__ 0.06561566808195055	false	0.5
hart	neg 1.0		off 0.48370139705442905 neg 0.45110812227732716 __DUMMY__ 0.06519048066824389	false	0.5
unfassbar	neg 1.0		off 0.47748707538820384 neg 0.4568338083567765 __DUMMY__ 0.06567911625501949	false	0.5
widerlich	off 1.0		off 0.47765078451128956 neg 0.45678153413468425 __DUMMY__ 0.06556768135402619	false	1.0
fatal			off 0.461832536529715 neg 0.4451985282090415 __DUMMY__ 0.09296893526124342	false	0.0
bruch	neg 1.0		off 0.4736558660840009 neg 0.46061407004930316 __DUMMY__ 0.06573006386669603	false	0.5
aushungern	neg 1.0		off 0.4725231217640841 neg 0.46189904212165683 __DUMMY__ 0.06557783611425919	false	0.5
anspannung	neg 1.0		off 0.4747325082648388 neg 0.4595525073465607 __DUMMY__ 0.0657149843886005	false	0.5
kraftlos	neg 1.0		off 0.4759419369720101 neg 0.45839417089444773 __DUMMY__ 0.06566389213354215	false	0.5
grenzdebil	off 1.0		off 0.4782125038326837 neg 0.45623890552046853 __DUMMY__ 0.06554859064684773	false	1.0
unterwerfen	neg 1.0		off 0.4747540995824378 neg 0.45959405872985765 __DUMMY__ 0.06565184168770452	false	0.5
versenkung	neg 1.0		off 0.4749507268608632 neg 0.4593590713622833 __DUMMY__ 0.06569020177685345	false	0.5
entziehen	neg 1.0		off 0.47409760129630973 neg 0.46020503607607743 __DUMMY__ 0.06569736262761286	false	0.5
finanzkrise	neg 1.0		off 0.4692378746019873 neg 0.4650600860994196 __DUMMY__ 0.06570203929859297	false	0.5
schimpfend	neg 1.0		off 0.4776557699175032 neg 0.4568177141074849 __DUMMY__ 0.06552651597501188	false	0.5
profan	neg 1.0		off 0.4771391554337877 neg 0.45722645829407915 __DUMMY__ 0.06563438627213308	false	0.5
korruption	neg 1.0		off 0.47146705235117065 neg 0.462895763730618 __DUMMY__ 0.06563718391821123	false	0.5
schmutzig	neg 1.0		off 0.4784442813973263 neg 0.45601021279588166 __DUMMY__ 0.06554550580679204	false	0.5
abraten	neg 1.0		off 0.47765256510205434 neg 0.4567315870671261 __DUMMY__ 0.06561584783081961	false	0.5
sexy	neg 1.0		off 0.48597472091309196 neg 0.45467845999222434 __DUMMY__ 0.059346819094683756	false	0.5
fotze	off 1.0		off 0.48846403970895436 neg 0.44661370933293393 __DUMMY__ 0.06492225095811167	false	1.0
schwarz	neg 1.0		off 0.47582791106272887 neg 0.4586723915915801 __DUMMY__ 0.06549969734569085	false	0.5
verwirren	neg 1.0		off 0.47755827659266464 neg 0.4568474784692329 __DUMMY__ 0.06559424493810252	false	0.5
zahnlos	off 1.0		off 0.4751005899218731 neg 0.45918650947842377 __DUMMY__ 0.0657129005997031	false	1.0
verheeren	neg 1.0		off 0.46876859443096064 neg 0.4656292159641246 __DUMMY__ 0.06560218960491485	false	0.5
rammen	neg 1.0		off 0.4786379135372227 neg 0.45580414443803374 __DUMMY__ 0.06555794202474352	false	0.5
unlauter	neg 1.0		off 0.47121193735377787 neg 0.4632231594894544 __DUMMY__ 0.0655649031567678	false	0.5
unheilvoll	neg 1.0		off 0.4768557526724981 neg 0.4576215048761734 __DUMMY__ 0.06552274245132836	false	0.5
niedrig	neg 1.0		off 0.4720565285385994 neg 0.46202074219974393 __DUMMY__ 0.06592272926165667	false	0.5
weichei	off 1.0		off 0.4801563515701267 neg 0.4543499785174233 __DUMMY__ 0.0654936699124501	false	1.0
explosion	neg 1.0		neg 0.4707890581215682 off 0.4640330125529474 __DUMMY__ 0.06517792932548436	false	1.0
minusmensch	off 1.0		off 0.4849446954959299 neg 0.4496904709741132 __DUMMY__ 0.0653648335299569	false	1.0
farblos	neg 1.0		off 0.4765042201755963 neg 0.4576397492390918 __DUMMY__ 0.065856030585312	false	0.5
unwissend	neg 1.0		off 0.47764346806194946 neg 0.4567642537322636 __DUMMY__ 0.06559227820578703	false	0.5
traurig	neg 1.0		off 0.4787325054763951 neg 0.4557086097317401 __DUMMY__ 0.06555888479186471	false	0.5
senkung	neg 1.0		neg 0.4676759101827413 off 0.46678743226086655 __DUMMY__ 0.06553665755639214	false	1.0
ungleich	neg 1.0		off 0.4744975362951272 neg 0.4598502406109833 __DUMMY__ 0.06565222309388954	false	0.5
heikel	neg 1.0		off 0.4746944944999234 neg 0.4596693451547464 __DUMMY__ 0.06563616034533026	false	0.5
drosselung	neg 1.0		off 0.4679020258527049 neg 0.4664824031003827 __DUMMY__ 0.06561557104691244	false	0.5
falsch	neg 1.0		off 0.4775711165634372 neg 0.45683598904078304 __DUMMY__ 0.06559289439577973	false	0.5
unzufriedenheit	neg 1.0		off 0.47381659280432725 neg 0.4605103611519025 __DUMMY__ 0.06567304604377015	false	0.5
kurz	neg 1.0		off 0.4772942240731886 neg 0.4570550889529538 __DUMMY__ 0.06565068697385755	false	0.5
unsinnig	neg 1.0		off 0.47533209366302975 neg 0.4590629913732588 __DUMMY__ 0.06560491496371136	false	0.5
penner	off 1.0		off 0.4798333564018054 neg 0.45467880445081943 __DUMMY__ 0.06548783914737513	false	1.0
seicht	neg 1.0		off 0.4783366026848633 neg 0.4560487552595425 __DUMMY__ 0.06561464205559404	false	0.5
dummheit	off 1.0		off 0.4762660356758093 neg 0.4581344958587842 __DUMMY__ 0.06559946846540649	false	1.0
unerfreulich	neg 1.0		off 0.4746582913035782 neg 0.4596640066614501 __DUMMY__ 0.06567770203497167	false	0.5
pikiert	neg 1.0		off 0.477433602103472 neg 0.45696448216445495 __DUMMY__ 0.06560191573207293	false	0.5
motherfucker	off 1.0		off 0.44789559218691594 neg 0.30536969710494133 __DUMMY__ 0.24673471070814282	false	1.0
wrack	neg 1.0		off 0.4749570849349281 neg 0.4593419521567816 __DUMMY__ 0.06570096290829022	false	0.5
gangster	neg 1.0		off 0.4661331944457106 neg 0.3653610427780109 __DUMMY__ 0.16850576277627854	false	0.5
krank	neg 1.0		off 0.4791031223530842 neg 0.4553488248710295 __DUMMY__ 0.06554805277588621	false	0.5
reich	neg 1.0		off 0.4748018392947926 neg 0.45945618512305697 __DUMMY__ 0.06574197558215049	false	0.5
gnadenlos	neg 1.0		off 0.47671108099011794 neg 0.45763604423659604 __DUMMY__ 0.0656528747732861	false	0.5
niedergeschlagen	neg 1.0		off 0.47587027632489226 neg 0.458476815872669 __DUMMY__ 0.0656529078024387	false	0.5
terrorisieren	off 1.0	off 1.0	off 0.7242892279132639 neg 0.2445455656663427 __DUMMY__ 0.031165206420393558	false	1.0
sinnlosigkeit	neg 1.0		off 0.47516415228303066 neg 0.4591965234971187 __DUMMY__ 0.0656393242198506	false	0.5
behindern	neg 1.0		off 0.47160726805639996 neg 0.46281544796082025 __DUMMY__ 0.0655772839827799	false	0.5
undemokratisch	neg 1.0		off 0.4733361986724305 neg 0.4611538465010922 __DUMMY__ 0.06550995482647741	false	0.5
wirtschaftskrise	neg 1.0		off 0.47017761534249486 neg 0.4640684050953077 __DUMMY__ 0.06575397956219728	false	0.5
neid	neg 1.0		off 0.477631628593278 neg 0.4566902586404931 __DUMMY__ 0.06567811276622902	false	0.5
rutschen	neg 1.0		off 0.4759454554394671 neg 0.4582982381708132 __DUMMY__ 0.0657563063897198	false	0.5
rezession	neg 1.0		off 0.46836438963118 neg 0.46587356070363795 __DUMMY__ 0.06576204966518209	false	0.5
fehlgeburt	neg 1.0		off 0.47760291939111216 neg 0.4569209279525422 __DUMMY__ 0.06547615265634568	false	0.5
charakterschwach	off 1.0		off 0.47717179449120917 neg 0.45723354879239847 __DUMMY__ 0.06559465671639234	false	1.0
isolation	neg 1.0		neg 0.4738844020608365 off 0.4610626495437434 __DUMMY__ 0.0650529483954201	false	1.0
ablenkung	neg 1.0		off 0.4767246366047314 neg 0.457661742368822 __DUMMY__ 0.06561362102644651	false	0.5
pech	neg 1.0		off 0.4786420170244706 neg 0.4557401234852131 __DUMMY__ 0.06561785949031622	false	0.5
dominieren	neg 1.0		off 0.4712918334605998 neg 0.4628555870426308 __DUMMY__ 0.06585257949676936	false	0.5
vermeidung	neg 1.0		neg 0.46779112572896636 off 0.4667365305222121 __DUMMY__ 0.06547234374882151	false	1.0
schwindlig	neg 1.0		off 0.47973720102290407 neg 0.45476967971904975 __DUMMY__ 0.0654931192580463	false	0.5
lutscher	neg 1.0		off 0.4832344672728049 neg 0.45142674802744687 __DUMMY__ 0.06533878469974817	false	0.5
pflicht	neg 1.0		off 0.4744629106652848 neg 0.45984346888592154 __DUMMY__ 0.06569362044879372	false	0.5
faschist	off 1.0		off 0.4758151257467387 neg 0.45861309176532716 __DUMMY__ 0.06557178248793395	false	1.0
verschleudern	neg 1.0		off 0.47198926160487276 neg 0.46231819653507833 __DUMMY__ 0.06569254186004896	false	0.5
ehebruch	neg 1.0		off 0.4750755245954459 neg 0.4592663004517573 __DUMMY__ 0.06565817495279686	false	0.5
trostlosigkeit	neg 1.0		off 0.47413745075349717 neg 0.46018747603347193 __DUMMY__ 0.06567507321303082	false	0.5
lutschen	neg 1.0		off 0.48363260611127384 neg 0.4512456761635376 __DUMMY__ 0.06512171772518842	false	0.5
spott	off 1.0		off 0.47442266858360554 neg 0.4599194737607888 __DUMMY__ 0.06565785765560574	false	1.0
undiszipliniert	neg 1.0		off 0.478667282279518 neg 0.45581167923317695 __DUMMY__ 0.06552103848730517	false	0.5
kopfschmerz	neg 1.0		off 0.47745740581825863 neg 0.4570610084059403 __DUMMY__ 0.06548158577580099	false	0.5
unvorhergesehen	neg 1.0		off 0.4764358829543773 neg 0.4578801383665586 __DUMMY__ 0.06568397867906416	false	0.5
desinteressiert	neg 1.0		off 0.47850633772197126 neg 0.45592364487625503 __DUMMY__ 0.06557001740177365	false	0.5
armselig	off 1.0		off 0.4772909484855064 neg 0.45706078162327723 __DUMMY__ 0.06564826989121626	false	1.0
tod	neg 1.0		off 0.4742732385378335 neg 0.46003842767276326 __DUMMY__ 0.06568833378940335	false	0.5
desaster	neg 1.0		off 0.4727581429807145 neg 0.46152979939791583 __DUMMY__ 0.06571205762136953	false	0.5
herzlos	neg 1.0		off 0.47851327459252035 neg 0.4559048007678798 __DUMMY__ 0.06558192463959983	false	0.5
unwissenheit	neg 1.0		off 0.4743779129339104 neg 0.4600175058384734 __DUMMY__ 0.06560458122761624	false	0.5
widersinnig	neg 1.0		off 0.47315209247401674 neg 0.46123900796567596 __DUMMY__ 0.06560889956030745	false	0.5
bedenklich	neg 1.0		off 0.4746624950343713 neg 0.4596972555369678 __DUMMY__ 0.06564024942866106	false	0.5
beanstanden	neg 1.0		off 0.4739651465701258 neg 0.46033691159014684 __DUMMY__ 0.06569794183972733	false	0.5
panisch	neg 1.0		off 0.4777803305697565 neg 0.45667569491476306 __DUMMY__ 0.06554397451548034	false	0.5
abstrich	neg 1.0		off 0.4773114346288794 neg 0.457260124710497 __DUMMY__ 0.0654284406606235	false	0.5
debil	off 1.0		off 0.4896075697156527 neg 0.4457863070987802 __DUMMY__ 0.06460612318556724	false	1.0
primitiv	neg 1.0		off 0.4776543927117448 neg 0.4566811333394209 __DUMMY__ 0.06566447394883436	false	0.5
abschaum	off 1.0		off 0.4769480704516915 neg 0.4574422952670089 __DUMMY__ 0.06560963428129968	false	1.0
tot	neg 1.0		off 0.47796073193147065 neg 0.456517005197627 __DUMMY__ 0.06552226287090242	false	0.5
provozieren	neg 1.0		off 0.476214174151459 neg 0.45816224400937683 __DUMMY__ 0.06562358183916424	false	0.5
instabil	neg 1.0		off 0.47570996034388774 neg 0.45854414898298557 __DUMMY__ 0.06574589067312663	false	0.5
schwuchtel	off 1.0		off 0.4837944246521951 neg 0.4509494447235389 __DUMMY__ 0.06525613062426613	false	1.0
zerren	neg 1.0		off 0.4760463432185749 neg 0.45833288067366046 __DUMMY__ 0.06562077610776451	false	0.5
kinderficker	off 1.0		off 0.4773951571356262 neg 0.4571032211264134 __DUMMY__ 0.06550162173796041	false	1.0
gefahr	neg 1.0		off 0.471504982204879 neg 0.4627343428780498 __DUMMY__ 0.06576067491707108	false	0.5
rabiat	neg 1.0		off 0.4762547796133633 neg 0.45807644197285835 __DUMMY__ 0.06566877841377831	false	0.5
verlangsamung	neg 1.0		off 0.4697956598124031 neg 0.46431927309608273 __DUMMY__ 0.06588506709151411	false	0.5
anklagen	neg 1.0		off 0.47142659278994353 neg 0.46295554026971497 __DUMMY__ 0.0656178669403415	false	0.5
ausgestorben	neg 1.0		off 0.4757982919436232 neg 0.4584849709345343 __DUMMY__ 0.06571673712184241	false	0.5
verminderung	neg 1.0		neg 0.46795198252045794 off 0.466513278690477 __DUMMY__ 0.06553473878906514	false	1.0
rost	neg 1.0		off 0.4733239691489715 neg 0.4606242772878517 __DUMMY__ 0.06605175356317682	false	0.5
destruktiv	neg 1.0		off 0.4751187690877279 neg 0.4592571864819292 __DUMMY__ 0.06562404443034285	false	0.5
unzumutbarkeit	neg 1.0		off 0.4714334814559116 neg 0.46288933592233655 __DUMMY__ 0.06567718262175196	false	0.5
labil	off 1.0	off 1.0	off 0.8021545405672376 neg 0.17125342081218814 __DUMMY__ 0.026592038620574236	false	1.0
ziemlich	neg 1.0		off 0.47860254591278567 neg 0.45581523478499714 __DUMMY__ 0.06558221930221719	false	0.5
lachnummer	off 1.0		off 0.4752268163771057 neg 0.4591060233073049 __DUMMY__ 0.06566716031558945	false	1.0
ausgrenzung	neg 1.0		off 0.47205828177464043 neg 0.4623321603715208 __DUMMY__ 0.06560955785383873	false	0.5
verfall	neg 1.0		off 0.4727279818824344 neg 0.4615792880952941 __DUMMY__ 0.0656927300222713	false	0.5
unordnung	neg 1.0	neg 1.0	neg 0.7126956147485277 off 0.2558477807512024 __DUMMY__ 0.031456604500270005	false	1.0
fehlverhalten	neg 1.0		off 0.4737748525828184 neg 0.46057316183254393 __DUMMY__ 0.06565198558463758	false	0.5
nille	neg 1.0		off 0.4907106977011896 neg 0.4445988350841957 __DUMMY__ 0.06469046721461484	false	0.5
qual	neg 1.0		off 0.475300299637132 neg 0.465071988230715 __DUMMY__ 0.059627712132153086	false	0.5
riesig	neg 1.0		off 0.4822705881898593 neg 0.4521571568594423 __DUMMY__ 0.06557225495069828	false	0.5
verschwenden	neg 1.0		off 0.47531644799261147 neg 0.4590475300980123 __DUMMY__ 0.06563602190937631	false	0.5
verurteilen	neg 1.0		off 0.4743718908476254 neg 0.46001708309955264 __DUMMY__ 0.06561102605282187	false	0.5
klischee	neg 1.0		off 0.47709016572145113 neg 0.45726637600422526 __DUMMY__ 0.06564345827432377	false	0.5
diktatorisch	neg 1.0		off 0.47378391355460026 neg 0.4606885679167589 __DUMMY__ 0.06552751852864086	false	0.5
vorhersehbar	neg 1.0		off 0.47651130817614 neg 0.45780436934916524 __DUMMY__ 0.06568432247469479	false	0.5
stornieren	neg 1.0		off 0.47439445676630165 neg 0.4599927081446048 __DUMMY__ 0.06561283508909341	false	0.5
besteuerung	neg 1.0		off 0.46773759911928187 neg 0.4666032799140245 __DUMMY__ 0.06565912096669375	false	0.5
ungeschminkt	neg 1.0		off 0.48201541739656206 neg 0.45269548880520527 __DUMMY__ 0.06528909379823263	false	0.5
kritisch	neg 1.0		off 0.47438645542993363 neg 0.45995197346359884 __DUMMY__ 0.06566157110646753	false	0.5
schlamperei	off 1.0		off 0.47175244531895827 neg 0.4625738766482527 __DUMMY__ 0.06567367803278894	false	1.0
sucht	neg 1.0		off 0.47568253971984575 neg 0.4583610327886975 __DUMMY__ 0.06595642749145691	false	0.5
egoistisch	off 1.0		off 0.4786999357063966 neg 0.4558033261889794 __DUMMY__ 0.06549673810462409	false	1.0
ausbeuter	off 1.0		off 0.4738867636799977 neg 0.4604613698142797 __DUMMY__ 0.06565186650572248	false	1.0
arschgeburt			off 0.4847745986781352 neg 0.45004419458879613 __DUMMY__ 0.06518120673306872	false	0.0
schubs	neg 1.0		off 0.4789000554287751 neg 0.45566311866095016 __DUMMY__ 0.06543682591027465	false	0.5
unsolide	neg 1.0		off 0.47354433921367795 neg 0.4609092302225259 __DUMMY__ 0.06554643056379611	false	0.5
beschwerde	neg 1.0		off 0.47183740596155627 neg 0.46256122080717355 __DUMMY__ 0.06560137323127019	false	0.5
stocken	neg 1.0		off 0.4704301336716223 neg 0.4637388876895672 __DUMMY__ 0.06583097863881053	false	0.5
isolieren	neg 1.0		off 0.47108661325106366 neg 0.4631926986280732 __DUMMY__ 0.06572068812086308	false	0.5
unheilbar	neg 1.0		off 0.47596023734572523 neg 0.4584143168634592 __DUMMY__ 0.06562544579081554	false	0.5
pisser	off 1.0		off 0.48470566332411796 neg 0.4498863111336948 __DUMMY__ 0.06540802554218725	false	1.0
löschen	neg 1.0		off 0.47721779501365547 neg 0.4582730434551755 __DUMMY__ 0.06450916153116892	false	0.5
durchfallen	neg 1.0		off 0.4751442035543628 neg 0.4592502665812564 __DUMMY__ 0.06560552986438066	false	0.5
wichser	off 1.0		off 0.48017101458597433 neg 0.4543408108023115 __DUMMY__ 0.0654881746117141	false	1.0
terror	neg 1.0		neg 0.46823765131919776 off 0.4667283415992978 __DUMMY__ 0.06503400708150435	false	1.0
krass	neg 1.0		off 0.4818771905253565 neg 0.45276798056973616 __DUMMY__ 0.06535482890490732	false	0.5
revolte	neg 1.0		off 0.4706945815990452 neg 0.4635730455334375 __DUMMY__ 0.0657323728675174	false	0.5
besorgt	neg 1.0		off 0.47610680299002656 neg 0.4582656656371315 __DUMMY__ 0.06562753137284183	false	0.5
nachlassen	neg 1.0		off 0.4745050357905337 neg 0.4598050557173498 __DUMMY__ 0.06568990849211649	false	0.5
alt	neg 1.0		off 0.4798774141457489 neg 0.4544529759467667 __DUMMY__ 0.06566960990748441	false	0.5
hundesohn	off 1.0		off 0.48694982658243197 neg 0.44802947647122626 __DUMMY__ 0.06502069694634173	false	1.0
abschreckung	neg 1.0		off 0.47323710979007105 neg 0.4611183259246071 __DUMMY__ 0.06564456428532174	false	0.5
unqualifiziert	neg 1.0		off 0.47592478289234247 neg 0.4585118473073047 __DUMMY__ 0.06556336980035295	false	0.5
abgewichst	off 1.0		off 0.4886120107713022 neg 0.4465883554170924 __DUMMY__ 0.06479963381160536	false	1.0
kapitulation	neg 1.0		off 0.4720541065334007 neg 0.4622555477611466 __DUMMY__ 0.06569034570545262	false	0.5
schwer	neg 1.0		off 0.47643189947414544 neg 0.45789624106219184 __DUMMY__ 0.06567185946366269	false	0.5
bedeutungslosigkeit	neg 1.0		off 0.4738113386590554 neg 0.46049160674226725 __DUMMY__ 0.06569705459867733	false	0.5
unscharf	neg 1.0		off 0.47990512094554305 neg 0.45467148645069794 __DUMMY__ 0.06542339260375908	false	0.5
schwinden	neg 1.0		off 0.47088114520837 neg 0.4633387543495324 __DUMMY__ 0.06578010044209763	false	0.5
versklavung	neg 1.0		off 0.47124431342006345 neg 0.4631570599200824 __DUMMY__ 0.06559862665985408	false	0.5
schlecht	neg 1.0		off 0.4780585403578137 neg 0.4563398787891226 __DUMMY__ 0.06560158085306353	false	0.5
verhasst	neg 1.0		off 0.47560542883010104 neg 0.45874041253341163 __DUMMY__ 0.0656541586364873	false	0.5
beschweren	neg 1.0		off 0.4766844285902076 neg 0.457645305776358 __DUMMY__ 0.06567026563343449	false	0.5
scheiden	neg 1.0		off 0.476721418617274 neg 0.4576022637992879 __DUMMY__ 0.06567631758343814	false	0.5
frustriert	neg 1.0		off 0.4759622983326462 neg 0.4583952346177011 __DUMMY__ 0.0656424670496527	false	0.5
schimmelig	neg 1.0		off 0.4820355104396447 neg 0.45260153616207777 __DUMMY__ 0.06536295339827758	false	0.5
fisch	neg 1.0		off 0.47977648276712853 neg 0.45452880226955295 __DUMMY__ 0.06569471496331852	false	0.5
schmuggel	neg 1.0		off 0.4748370126284948 neg 0.45949822313909283 __DUMMY__ 0.06566476423241237	false	0.5
auffallen	neg 1.0		off 0.4766144239603383 neg 0.4577458332037548 __DUMMY__ 0.06563974283590694	false	0.5
konkurrenz	neg 1.0		off 0.474004923691966 neg 0.4603056513968487 __DUMMY__ 0.06568942491118535	false	0.5
teufelskreis	neg 1.0		off 0.47579049010160723 neg 0.4585357162545656 __DUMMY__ 0.06567379364382736	false	0.5
aufschreien	neg 1.0		off 0.4772435640329766 neg 0.457114423608899 __DUMMY__ 0.06564201235812436	false	0.5
missgeburt	off 1.0		off 0.4848302803764849 neg 0.44992649405273727 __DUMMY__ 0.06524322557077793	false	1.0
schuldner	neg 1.0		off 0.47096270410638763 neg 0.46334079860425864 __DUMMY__ 0.06569649728935385	false	0.5
befallen	neg 1.0		off 0.4733749086930364 neg 0.4610894042118012 __DUMMY__ 0.06553568709516235	false	0.5
arbeitslos	neg 1.0		off 0.47517836140549363 neg 0.45916469368125334 __DUMMY__ 0.06565694491325293	false	0.5
miesepetrig	off 1.0		off 0.4781377882841957 neg 0.45630454670243364 __DUMMY__ 0.06555766501337067	false	1.0
alarmieren	neg 1.0		off 0.46983407702941427 neg 0.4644325209709173 __DUMMY__ 0.06573340199966854	false	0.5
ungeduscht	off 1.0		off 0.4805518848139724 neg 0.45409141626953436 __DUMMY__ 0.0653566989164934	false	1.0
knappheit	neg 1.0		off 0.4710684084280984 neg 0.4631861654448921 __DUMMY__ 0.06574542612700943	false	0.5
schlange	neg 1.0		off 0.4771419262718345 neg 0.4571911703202379 __DUMMY__ 0.06566690340792747	false	0.5
harsch	neg 1.0		off 0.47144837717002047 neg 0.4629580701191562 __DUMMY__ 0.06559355271082339	false	0.5
lang	neg 1.0	neg 1.0	neg 0.6768409704621555 off 0.2882593899890009 __DUMMY__ 0.034899639548843474	false	1.0
ziellos	neg 1.0		off 0.47576020347325426 neg 0.4585570817082533 __DUMMY__ 0.06568271481849244	false	0.5
selbstverliebt	neg 1.0		off 0.4811286173342559 neg 0.45342197430159387 __DUMMY__ 0.06544940836415028	false	0.5
beseitigen	neg 1.0		off 0.4714173065711582 neg 0.4628169250535943 __DUMMY__ 0.06576576837524743	false	0.5
dumm	off 1.0		off 0.47958691788452656 neg 0.4549015617526746 __DUMMY__ 0.0655115203627989	false	1.0
arbeitsloser	neg 1.0		off 0.47491214725138997 neg 0.459416523048466 __DUMMY__ 0.06567132970014414	false	0.5
blitzen	neg 1.0		off 0.4759670216962726 neg 0.4563762749569377 __DUMMY__ 0.06765670334678965	false	0.5
hilflos	neg 1.0		off 0.47599921014999075 neg 0.4584083586404311 __DUMMY__ 0.0655924312095781	false	0.5
eklig	off 1.0		off 0.4812273977215779 neg 0.453374380818771 __DUMMY__ 0.06539822145965098	false	1.0
hungersnot	neg 1.0		off 0.4718145172243709 neg 0.4624247496454545 __DUMMY__ 0.06576073313017478	false	0.5
ungesetzlich	neg 1.0		off 0.47310912489211987 neg 0.4612912327554768 __DUMMY__ 0.06559964235240325	false	0.5
verschwendung	neg 1.0		off 0.47484466475451215 neg 0.4595084928505176 __DUMMY__ 0.06564684239497022	false	0.5
schmerzvoll	neg 1.0		off 0.47720822250514466 neg 0.4571891475860828 __DUMMY__ 0.06560262990877255	false	0.5
vorzeitig	neg 1.0		off 0.46979783560810373 neg 0.464493694410172 __DUMMY__ 0.06570846998172432	false	0.5
unvollkommenheit	neg 1.0		off 0.47564009369861787 neg 0.4587259844341196 __DUMMY__ 0.06563392186726263	false	0.5
intervenieren	neg 1.0		off 0.47325107130180044 neg 0.4611287115381763 __DUMMY__ 0.06562021716002331	false	0.5
banause	off 1.0		off 0.4800001305862491 neg 0.454555966266911 __DUMMY__ 0.06544390314683997	false	1.0
rebell	neg 1.0		off 0.48442026808542005 neg 0.4506294021280744 __DUMMY__ 0.06495032978650554	false	0.5
unlogisch	neg 1.0		off 0.4783704416294846 neg 0.456090447218408 __DUMMY__ 0.06553911115210727	false	0.5
abschaffung	neg 1.0		off 0.4701227077534173 neg 0.46429710262684076 __DUMMY__ 0.06558018961974182	false	0.5
leiden	neg 1.0		off 0.4767763639996798 neg 0.457552779013412 __DUMMY__ 0.06567085698690801	false	0.5
sturz	neg 1.0		off 0.47145811361014706 neg 0.46279141613391717 __DUMMY__ 0.06575047025593594	false	0.5
verkleinerung	neg 1.0		off 0.46924201331815 neg 0.46508928584987924 __DUMMY__ 0.0656687008319708	false	0.5
schmarotzer	off 1.0		off 0.475276939610165 neg 0.45910851937968467 __DUMMY__ 0.06561454101015028	false	1.0
bestrafung	neg 1.0		off 0.4768072112702121 neg 0.4575665671615285 __DUMMY__ 0.0656262215682594	false	0.5
achtlos	neg 1.0		off 0.4760148361345754 neg 0.45838413019059226 __DUMMY__ 0.06560103367483243	false	0.5
ungeheuer	neg 1.0		off 0.47798040013489906 neg 0.45633192967002034 __DUMMY__ 0.06568767019508061	false	0.5
unaufrichtig	neg 1.0		off 0.4761751921828884 neg 0.45835339888559845 __DUMMY__ 0.06547140893151303	false	0.5
groggy	neg 1.0		off 0.48195195955119824 neg 0.45258415433670945 __DUMMY__ 0.0654638861120922	false	0.5
verletzlich	neg 1.0		off 0.4783340625499366 neg 0.45610286895513974 __DUMMY__ 0.06556306849492374	false	0.5
ablehnen	neg 1.0		off 0.47422719901131544 neg 0.46016369048435074 __DUMMY__ 0.06560911050433375	false	0.5
kollaps	neg 1.0		off 0.4693854465100849 neg 0.4649019068860292 __DUMMY__ 0.06571264660388593	false	0.5
beschnitten	neg 1.0		off 0.47662574177482797 neg 0.457745480469339 __DUMMY__ 0.06562877775583305	false	0.5
defekt	neg 1.0		off 0.4704438848070823 neg 0.46397421425184016 __DUMMY__ 0.06558190094107735	false	0.5
dreckskerl	off 1.0		off 0.47840352260453345 neg 0.4560939934196927 __DUMMY__ 0.06550248397577385	false	1.0
deine	neg 1.0		off 0.47986501917844865 neg 0.45467426025245605 __DUMMY__ 0.06546072056909524	false	0.5
aufgeben	neg 1.0		off 0.4769361228076237 neg 0.4573576514932613 __DUMMY__ 0.06570622569911506	false	0.5
durcheinander	neg 1.0		off 0.47751471182206356 neg 0.45684220058676817 __DUMMY__ 0.06564308759116827	false	0.5
unterbrechen	neg 1.0		off 0.4756264932339595 neg 0.4587053763813402 __DUMMY__ 0.06566813038470042	false	0.5
vergammeln	neg 1.0		off 0.47720628960652633 neg 0.4571588890179248 __DUMMY__ 0.06563482137554896	false	0.5
grotesk	neg 1.0		off 0.4752289876636166 neg 0.45908868458063146 __DUMMY__ 0.065682327755752	false	0.5
elendig	neg 1.0		off 0.4772558826831869 neg 0.4571660595896445 __DUMMY__ 0.06557805772716863	false	0.5
naiv	off 1.0		off 0.47693147772984323 neg 0.457396967303519 __DUMMY__ 0.06567155496663786	false	1.0
uneinigkeit	neg 1.0		off 0.4707751205207448 neg 0.46355178314976886 __DUMMY__ 0.06567309632948637	false	0.5
fragil	neg 1.0		neg 0.46908903782115824 off 0.4665127104296889 __DUMMY__ 0.06439825174915273	false	1.0
provisorisch	neg 1.0		off 0.47537835873109624 neg 0.4588684591444245 __DUMMY__ 0.06575318212447936	false	0.5
landei	off 1.0		off 0.4801646610126902 neg 0.454267713278179 __DUMMY__ 0.06556762570913093	false	1.0
bedauerlich	neg 1.0		off 0.4748607800489212 neg 0.4594808369947319 __DUMMY__ 0.06565838295634686	false	0.5
krieg	neg 1.0		off 0.4758774650705242 neg 0.45848496878885636 __DUMMY__ 0.06563756614061958	false	0.5
traurigkeit	neg 1.0		off 0.47656416552314146 neg 0.457789705711022 __DUMMY__ 0.06564612876583653	false	0.5
monotonie	neg 1.0		off 0.4753753541851766 neg 0.4589223872718202 __DUMMY__ 0.0657022585430032	false	0.5
unliebsam	neg 1.0		off 0.4757891147580192 neg 0.4585672841399117 __DUMMY__ 0.06564360110206921	false	0.5
drift	neg 1.0		neg 0.485856752025371 off 0.45033215351208833 __DUMMY__ 0.06381109446254077	false	1.0
chaos	neg 1.0		off 0.4727902575033174 neg 0.4615328781099887 __DUMMY__ 0.06567686438669378	false	0.5
blutig	neg 1.0		off 0.47728190421751876 neg 0.45705665099098064 __DUMMY__ 0.06566144479150067	false	0.5
