unsolidarisch	neg 1.0		off 0.36469709797866134 neg 0.35396243440331077 __DUMMY__ 0.28134046761802795	false	0.5
nachteilig	neg 1.0		off 0.36369856839907627 neg 0.354374423724795 __DUMMY__ 0.2819270078761289	false	0.5
skeptisch	neg 1.0		off 0.36452962378575215 neg 0.35351746560472785 __DUMMY__ 0.28195291060952005	false	0.5
schrecklich	neg 1.0		off 0.36930173228498736 neg 0.3494996688660912 __DUMMY__ 0.2811985988489215	false	0.5
schlapp	neg 1.0		off 0.36949339905744455 neg 0.34915258136771693 __DUMMY__ 0.28135401957483847	false	0.5
abfall	neg 1.0		off 0.3637246301149093 neg 0.3540367677181816 __DUMMY__ 0.282238602166909	false	0.5
widerspenstig	neg 1.0		off 0.3668051055364059 neg 0.3516798941020408 __DUMMY__ 0.2815150003615532	false	0.5
abrupt	neg 1.0		off 0.3654379302536029 neg 0.3524227725418222 __DUMMY__ 0.282139297204575	false	0.5
unwirksam	neg 1.0		neg 0.3590812515977544 off 0.358979561594011 __DUMMY__ 0.28193918680823454	false	1.0
angreifen	neg 1.0		off 0.36453405910361975 neg 0.35359786678539135 __DUMMY__ 0.2818680741109889	false	0.5
inkonsistent	neg 1.0		off 0.36658859525818965 neg 0.35140740358406686 __DUMMY__ 0.28200400115774354	false	0.5
abrutschen	neg 1.0		off 0.3645276342159896 neg 0.353566661002176 __DUMMY__ 0.2819057047818344	false	0.5
unsicher	neg 1.0		off 0.36657263868113515 neg 0.3516459013558271 __DUMMY__ 0.28178145996303766	false	0.5
bauernkind	off 1.0		off 0.373366067179336 neg 0.3462496197377022 __DUMMY__ 0.28038431308296174	false	1.0
angreifer	neg 1.0		off 0.3618272314693787 neg 0.3564430298488574 __DUMMY__ 0.2817297386817639	false	0.5
trennen	neg 1.0		off 0.3655007327153224 neg 0.35218082550880997 __DUMMY__ 0.28231844177586773	false	0.5
schmutz	neg 1.0		off 0.36197834527392503 neg 0.3559280554496944 __DUMMY__ 0.28209359927638067	false	0.5
inkonsistenz	neg 1.0		off 0.36732992958888877 neg 0.3511177419591112 __DUMMY__ 0.28155232845199996	false	0.5
erschreckend	neg 1.0		off 0.36533263614872574 neg 0.35285282827514197 __DUMMY__ 0.2818145355761322	false	0.5
ertrinken	neg 1.0		off 0.36583295765624047 neg 0.3526723982195894 __DUMMY__ 0.28149464412416997	false	0.5
pickelface	off 1.0		off 0.3777873743495178 neg 0.34267338218807203 __DUMMY__ 0.27953924346241027	false	1.0
lauch	neg 1.0		off 0.3748800755680711 neg 0.3450903350439662 __DUMMY__ 0.2800295893879627	false	0.5
steuerhinterziehung	neg 1.0		off 0.3616151738469351 neg 0.3567135330024698 __DUMMY__ 0.2816712931505952	false	0.5
unwichtig	neg 1.0		off 0.3674040096089172 neg 0.35098098615981477 __DUMMY__ 0.28161500423126795	false	0.5
schock	neg 1.0		off 0.36659671711071384 neg 0.351349016484616 __DUMMY__ 0.28205426640467013	false	0.5
vergelten	neg 1.0		off 0.3640580060448947 neg 0.3550153388180037 __DUMMY__ 0.2809266551371016	false	0.5
beule	neg 1.0		off 0.370208935871986 neg 0.3486254403142043 __DUMMY__ 0.2811656238138097	false	0.5
verdorbenheit	neg 1.0		off 0.36437363595482114 neg 0.35223767857527366 __DUMMY__ 0.2833886854699051	false	0.5
trauma			off 0.39224151509340044 neg 0.35264693921793433 __DUMMY__ 0.25511154568866523	false	0.0
sinnlos	neg 1.0		off 0.36733383698200517 neg 0.35109926509965644 __DUMMY__ 0.2815668979183384	false	0.5
fettsack	off 1.0		off 0.37293159904916645 neg 0.346336000294401 __DUMMY__ 0.28073240065643257	false	1.0
feige	off 1.0		off 0.3673520286997183 neg 0.35094676529302016 __DUMMY__ 0.28170120600726156	false	1.0
abdanken	neg 1.0		off 0.36479260235113786 neg 0.3536032675482 __DUMMY__ 0.2816041301006621	false	0.5
wichtigtuer	off 1.0	off 1.0	off 0.6722447049498482 neg 0.19266626293929326 __DUMMY__ 0.13508903211085854	false	1.0
misslingen	neg 1.0		off 0.36671015202398466 neg 0.3518618083160249 __DUMMY__ 0.28142803965999047	false	0.5
untreu	off 1.0		off 0.3674363032418456 neg 0.3508791502318328 __DUMMY__ 0.28168454652632163	false	1.0
missmutig	neg 1.0		off 0.3666628857932126 neg 0.35147562776302643 __DUMMY__ 0.2818614864437611	false	0.5
hurenbock	off 1.0		off 0.37311453997263405 neg 0.3468397718742335 __DUMMY__ 0.2800456881531326	false	1.0
betrunken	neg 1.0		off 0.3693684428918845 neg 0.3494982737379871 __DUMMY__ 0.28113328337012833	false	0.5
korrupt	off 1.0		off 0.36460658251149 neg 0.353864161748327 __DUMMY__ 0.28152925574018306	false	1.0
unmut	neg 1.0		off 0.36320144628422435 neg 0.35482481890209056 __DUMMY__ 0.28197373481368504	false	0.5
hackfresse	off 1.0		off 0.3702481579922381 neg 0.34881921588342596 __DUMMY__ 0.2809326261243359	false	1.0
aufblasen	neg 1.0		off 0.36733206700143856 neg 0.35104011065177115 __DUMMY__ 0.2816278223467903	false	0.5
gewaltsam	neg 1.0		off 0.3624992868321036 neg 0.3556577228474437 __DUMMY__ 0.2818429903204528	false	0.5
unbeliebtheit	neg 1.0		off 0.3615813342588997 neg 0.3565247122473958 __DUMMY__ 0.28189395349370444	false	0.5
sturheit	neg 1.0		off 0.36461850733526463 neg 0.35362072624213503 __DUMMY__ 0.28176076642260034	false	0.5
kuh	neg 1.0		off 0.37362123184639984 neg 0.3458780947865699 __DUMMY__ 0.2805006733670301	false	0.5
erschrecken	neg 1.0		off 0.36785048252643276 neg 0.35063931555719774 __DUMMY__ 0.28151020191636944	false	0.5
opfer	neg 1.0		off 0.36508518476479934 neg 0.35301885189374144 __DUMMY__ 0.2818959633414593	false	0.5
stinktier	neg 1.0		off 0.37329210923994327 neg 0.34625007431776317 __DUMMY__ 0.2804578164422935	false	0.5
sinken	neg 1.0		off 0.3614047446497537 neg 0.35593512801400096 __DUMMY__ 0.2826601273362454	false	0.5
tucke	off 1.0		off 0.3724159459705105 neg 0.34738795972378306 __DUMMY__ 0.28019609430570647	false	1.0
abstieg	neg 1.0		off 0.36302247806999255 neg 0.3548217479573681 __DUMMY__ 0.28215577397263925	false	0.5
missverstehen	neg 1.0		off 0.3666735458392349 neg 0.3515741713020091 __DUMMY__ 0.28175228285875603	false	0.5
ergebnislos	neg 1.0		off 0.3610959100983307 neg 0.35665302064797016 __DUMMY__ 0.2822510692536991	false	0.5
manipulieren	neg 1.0		off 0.36482697044158474 neg 0.35364315098935606 __DUMMY__ 0.2815298785690591	false	0.5
verschleppen	neg 1.0		off 0.3616981364085911 neg 0.35635504529477646 __DUMMY__ 0.2819468182966324	false	0.5
unbewiesen	neg 1.0		off 0.36317515001782436 neg 0.35494309499330556 __DUMMY__ 0.28188175498886997	false	0.5
weib	off 1.0		off 0.3722475592872014 neg 0.34720890216560274 __DUMMY__ 0.2805435385471958	false	1.0
opposition	neg 1.0		off 0.36008091012211074 neg 0.35875184190153764 __DUMMY__ 0.2811672479763517	false	0.5
verkehrswidrig	neg 1.0		off 0.3620338412969131 neg 0.3569183805587544 __DUMMY__ 0.28104777814433246	false	0.5
inkorrekt	neg 1.0		off 0.367205980072643 neg 0.3511943801317565 __DUMMY__ 0.28159963979560043	false	0.5
vermeiden	neg 1.0		off 0.36292517843019495 neg 0.3548522668986954 __DUMMY__ 0.28222255467110957	false	0.5
abweichung	neg 1.0		off 0.3626255384157662 neg 0.3552023893641607 __DUMMY__ 0.28217207222007307	false	0.5
alkoholisiert	neg 1.0		off 0.3652744106978041 neg 0.35292756788021923 __DUMMY__ 0.28179802142197674	false	0.5
scheiss	off 1.0	off 1.0	off 0.6738286318064235 neg 0.19104990765458876 __DUMMY__ 0.13512146053898777	false	1.0
herausforderung	neg 1.0		off 0.36362764390086316 neg 0.3540020211429465 __DUMMY__ 0.2823703349561904	false	0.5
pervers	off 1.0		off 0.3720945575158842 neg 0.3474972815329298 __DUMMY__ 0.280408160951186	false	1.0
wackelig	neg 1.0		off 0.36694617635849647 neg 0.35134155766352587 __DUMMY__ 0.28171226597797766	false	0.5
verwickeln	neg 1.0		off 0.3664024945770954 neg 0.3517368908725544 __DUMMY__ 0.2818606145503502	false	0.5
vorwand	neg 1.0		off 0.3646889167954993 neg 0.3536653513915932 __DUMMY__ 0.28164573181290736	false	0.5
muschi	off 1.0		off 0.37721926016558494 neg 0.34320173892841116 __DUMMY__ 0.27957900090600396	false	1.0
entmutigung	neg 1.0		off 0.36213531006442784 neg 0.3561956918143113 __DUMMY__ 0.2816689981212607	false	0.5
unstetig	neg 1.0		off 0.36510566620354934 neg 0.35317293937126487 __DUMMY__ 0.28172139442518584	false	0.5
unangemessen	neg 1.0		off 0.36493856373076156 neg 0.3532864994132904 __DUMMY__ 0.2817749368559481	false	0.5
entmutigen	neg 1.0		off 0.36674964788023373 neg 0.3514619660915198 __DUMMY__ 0.2817883860282464	false	0.5
schwanz	neg 1.0		off 0.37514818977809916 neg 0.34562079591514155 __DUMMY__ 0.27923101430675934	false	0.5
verbot	neg 1.0		off 0.3622591646905196 neg 0.35603525277290393 __DUMMY__ 0.2817055825365765	false	0.5
leid	neg 1.0		off 0.36976219284051703 neg 0.34903488140398076 __DUMMY__ 0.28120292575550215	false	0.5
archaisch	neg 1.0		off 0.3650941059224151 neg 0.35322583925859635 __DUMMY__ 0.28168005481898867	false	0.5
scheidung	neg 1.0		off 0.35992094065405494 neg 0.3578876041723103 __DUMMY__ 0.28219145517363475	false	0.5
abgestanden	neg 1.0		off 0.368497996284242 neg 0.34963419335078555 __DUMMY__ 0.2818678103649723	false	0.5
einschlag	neg 1.0		off 0.3624789119407703 neg 0.3554543946558822 __DUMMY__ 0.2820666934033474	false	0.5
schmierig	off 1.0		off 0.36933133877503993 neg 0.34934931706965916 __DUMMY__ 0.2813193441553008	false	1.0
unpraktisch	neg 1.0		off 0.36835998289713756 neg 0.35016886427923344 __DUMMY__ 0.2814711528236289	false	0.5
wixxer	off 1.0		off 0.3732384281543454 neg 0.34614802731654476 __DUMMY__ 0.2806135445291099	false	1.0
jammerlappen	off 1.0		off 0.3674309293364039 neg 0.35099611817556065 __DUMMY__ 0.2815729524880354	false	1.0
farce	neg 1.0		off 0.36230611572734567 neg 0.35589245792502266 __DUMMY__ 0.2818014263476316	false	0.5
zwecklos	neg 1.0		off 0.3650769125031755 neg 0.3530340441007803 __DUMMY__ 0.28188904339604426	false	0.5
turbulent	neg 1.0		off 0.36450515787485577 neg 0.3541939561013208 __DUMMY__ 0.28130088602382347	false	0.5
schuld	neg 1.0		off 0.36659900026623377 neg 0.3518752231923395 __DUMMY__ 0.28152577654142663	false	0.5
risiko	neg 1.0		off 0.36055472216174506 neg 0.35667891239483207 __DUMMY__ 0.2827663654434228	false	0.5
invasion	neg 1.0		neg 0.37267671061190977 off 0.3519893185549804 __DUMMY__ 0.27533397083310984	false	1.0
finster	neg 1.0		off 0.3687723439759917 neg 0.34951125106083925 __DUMMY__ 0.2817164049631691	false	0.5
geisteskrank	off 1.0		off 0.36736097597885914 neg 0.3509396858850156 __DUMMY__ 0.2816993381361253	false	1.0
ausbeute	neg 1.0		off 0.36535726621112113 neg 0.3516009070662051 __DUMMY__ 0.2830418267226738	false	0.5
zusammenbrechen	neg 1.0		off 0.3659058921663133 neg 0.3525057908263384 __DUMMY__ 0.2815883170073482	false	0.5
hinterhalt	neg 1.0		off 0.36498654306649236 neg 0.35315622816909675 __DUMMY__ 0.2818572287644109	false	0.5
kritik	neg 1.0		off 0.3625904105684521 neg 0.35568003354149963 __DUMMY__ 0.28172955589004817	false	0.5
einschrumpfen	neg 1.0		off 0.36222692312896226 neg 0.35795467758428395 __DUMMY__ 0.2798183992867538	false	0.5
riskant	neg 1.0		off 0.3651063741372778 neg 0.3530533080519633 __DUMMY__ 0.2818403178107589	false	0.5
frustrieren	neg 1.0		off 0.3655337534074665 neg 0.35256376644388504 __DUMMY__ 0.2819024801486483	false	0.5
groll	neg 1.0		off 0.36484598852085165 neg 0.35323004700446675 __DUMMY__ 0.2819239644746817	false	0.5
qualvoll	neg 1.0		off 0.3674115465430415 neg 0.35126930520989075 __DUMMY__ 0.28131914824706783	false	0.5
wackeln	neg 1.0		off 0.366895527234833 neg 0.3512075589925473 __DUMMY__ 0.2818969137726198	false	0.5
klagen	neg 1.0		off 0.3629142415520935 neg 0.3552904514134431 __DUMMY__ 0.28179530703446337	false	0.5
trauern	neg 1.0		off 0.36534364946585535 neg 0.35288035594063516 __DUMMY__ 0.28177599459350955	false	0.5
ablehnung	neg 1.0		off 0.36209608058937925 neg 0.3560220717838035 __DUMMY__ 0.28188184762681734	false	0.5
bankrott	neg 1.0		neg 0.3614195611321289 off 0.35770090287634915 __DUMMY__ 0.2808795359915219	false	1.0
stur	neg 1.0		off 0.3662001448528707 neg 0.35227523225350704 __DUMMY__ 0.2815246228936223	false	0.5
aufruhr	neg 1.0		off 0.360932578406128 neg 0.35667473464525334 __DUMMY__ 0.28239268694861863	false	0.5
melancholie	neg 1.0		off 0.36799771070704296 neg 0.3503400660894195 __DUMMY__ 0.2816622232035375	false	0.5
torheit	neg 1.0		off 0.3643494313525976 neg 0.3538718673807627 __DUMMY__ 0.28177870126663973	false	0.5
dreckskind	off 1.0		off 0.3758184241572131 neg 0.34418787945819984 __DUMMY__ 0.279993696384587	false	1.0
umtauschen	neg 1.0		off 0.36828995494464717 neg 0.3503752376767929 __DUMMY__ 0.28133480737856004	false	0.5
zersetzen	neg 1.0		off 0.36395702888556386 neg 0.3541982961181106 __DUMMY__ 0.2818446749963256	false	0.5
frust	neg 1.0		off 0.36579198866989576 neg 0.3525668276760626 __DUMMY__ 0.2816411836540417	false	0.5
unerbittlichkeit	neg 1.0		off 0.3640092701460567 neg 0.35412562653634005 __DUMMY__ 0.28186510331760317	false	0.5
unkorrekt	neg 1.0		off 0.36764981989994827 neg 0.3510988025823053 __DUMMY__ 0.2812513775177465	false	0.5
hexe	off 1.0		off 0.370339610061733 neg 0.3479070594429234 __DUMMY__ 0.28175333049534373	false	1.0
lasch	neg 1.0		off 0.36634611041439885 neg 0.35196841106650195 __DUMMY__ 0.28168547851909925	false	0.5
rivale	neg 1.0		off 0.3608534537794546 neg 0.3577625015148592 __DUMMY__ 0.28138404470568623	false	0.5
mutlos	off 1.0		off 0.364464156090839 neg 0.3536725727346216 __DUMMY__ 0.2818632711745395	false	1.0
wirr	off 1.0		off 0.36950081066857104 neg 0.34976022930626594 __DUMMY__ 0.28073896002516313	false	1.0
strafbar	neg 1.0		off 0.3648097691051174 neg 0.3533084298810497 __DUMMY__ 0.2818818010138329	false	0.5
erosion	neg 1.0	neg 1.0	neg 0.661945435066284 off 0.19960762783961417 __DUMMY__ 0.1384469370941019	false	1.0
eingehen	neg 1.0		off 0.365149141673168 neg 0.35302516053782257 __DUMMY__ 0.2818256977890095	false	0.5
faul	off 1.0		off 0.3696054177885313 neg 0.3493292108391604 __DUMMY__ 0.28106537137230825	false	1.0
provisorium	neg 1.0		off 0.36401339306602026 neg 0.35379583685126953 __DUMMY__ 0.28219077008271026	false	0.5
schmerzen	neg 1.0		off 0.36814976878990824 neg 0.3507243696607016 __DUMMY__ 0.2811258615493902	false	0.5
schrumpfen	neg 1.0		off 0.3627446903245111 neg 0.35503301168266704 __DUMMY__ 0.28222229799282195	false	0.5
geistlos	off 1.0		off 0.36604678246685707 neg 0.35228953710911504 __DUMMY__ 0.2816636804240278	false	1.0
frustrierend	neg 1.0		off 0.3676646439486136 neg 0.3505784268207154 __DUMMY__ 0.2817569292306712	false	0.5
fehlkauf	neg 1.0		off 0.3652998114568563 neg 0.35193624973290766 __DUMMY__ 0.28276393881023615	false	0.5
unzufrieden	neg 1.0		off 0.3650701282434324 neg 0.3530099698837342 __DUMMY__ 0.28191990187283344	false	0.5
verzweifeln	neg 1.0		off 0.36618167100554894 neg 0.3521025178694612 __DUMMY__ 0.2817158111249899	false	0.5
verzweifelt	neg 1.0		off 0.36683872032845327 neg 0.3513754606713677 __DUMMY__ 0.28178581900017896	false	0.5
misstrauensantrag	neg 1.0		off 0.36053957942559867 neg 0.35843440496048756 __DUMMY__ 0.2810260156139139	false	0.5
abfallen	neg 1.0		off 0.3683626754561562 neg 0.3503132271944703 __DUMMY__ 0.28132409734937347	false	0.5
fucker	off 1.0		__DUMMY__ 0.4190705975051846 off 0.3562692776194394 neg 0.22466012487537607	false	1.0
ungezogen	neg 1.0		off 0.3704165284797843 neg 0.34866306040892 __DUMMY__ 0.28092041111129573	false	0.5
irrsinnig	neg 1.0		off 0.36688811548567307 neg 0.35147843713654997 __DUMMY__ 0.28163344737777696	false	0.5
hart	neg 1.0		off 0.37421755506467036 neg 0.34597358997866756 __DUMMY__ 0.279808854956662	false	0.5
unfassbar	neg 1.0		off 0.36745438306473416 neg 0.3506379216865932 __DUMMY__ 0.2819076952486726	false	0.5
widerlich	off 1.0		off 0.36780634162270887 neg 0.3507607228164587 __DUMMY__ 0.28143293556083243	false	1.0
fatal			off 0.36444726616428186 neg 0.35393839359989127 __DUMMY__ 0.28161434023582693	false	0.0
bruch	neg 1.0		off 0.3637163452020498 neg 0.3541482296155772 __DUMMY__ 0.282135425182373	false	0.5
aushungern	neg 1.0		off 0.3628845595494215 neg 0.35561168887897215 __DUMMY__ 0.2815037515716063	false	0.5
anspannung	neg 1.0		off 0.36476852543858895 neg 0.35316040453254904 __DUMMY__ 0.2820710700288619	false	0.5
kraftlos	neg 1.0		off 0.3660049706369987 neg 0.35215529868093376 __DUMMY__ 0.28183973068206764	false	0.5
grenzdebil	off 1.0		off 0.3683767134666375 neg 0.3503020940125097 __DUMMY__ 0.2813211925208529	false	1.0
unterwerfen	neg 1.0		off 0.36489651360611514 neg 0.3533048300306112 __DUMMY__ 0.2817986563632736	false	0.5
versenkung	neg 1.0		off 0.36501888767046053 neg 0.35301602061573756 __DUMMY__ 0.2819650917138019	false	0.5
entziehen	neg 1.0		off 0.3641973346628819 neg 0.353813263271126 __DUMMY__ 0.28198940206599205	false	0.5
finanzkrise	neg 1.0		off 0.3595259417726795 neg 0.35843436672320006 __DUMMY__ 0.28203969150412045	false	0.5
schimpfend	neg 1.0		off 0.3678397938703277 neg 0.35087119840927533 __DUMMY__ 0.281289007720397	false	0.5
profan	neg 1.0		off 0.36719486928944695 neg 0.35108662270588287 __DUMMY__ 0.28171850800467024	false	0.5
korruption	neg 1.0		off 0.36178401351241923 neg 0.35645884610425016 __DUMMY__ 0.28175714038333066	false	0.5
schmutzig	neg 1.0		off 0.36858390021612436 neg 0.35007151830482064 __DUMMY__ 0.28134458147905494	false	0.5
abraten	neg 1.0		off 0.36772251640399567 neg 0.3506329986385954 __DUMMY__ 0.281644484957409	false	0.5
sexy	neg 1.0		off 0.3846323642541417 neg 0.35748927609083614 __DUMMY__ 0.2578783596550222	false	0.5
fotze	off 1.0		off 0.37912362287884754 neg 0.342034308894238 __DUMMY__ 0.27884206822691454	false	1.0
schwarz	neg 1.0		off 0.36585860785556 neg 0.35244662874273414 __DUMMY__ 0.28169476340170574	false	0.5
verwirren	neg 1.0		off 0.36767139620717065 neg 0.3507836141637074 __DUMMY__ 0.281544989629122	false	0.5
zahnlos	off 1.0		off 0.36512629177838396 neg 0.35282356315610774 __DUMMY__ 0.2820501450655083	false	1.0
verheeren	neg 1.0		off 0.359209381231193 neg 0.35913209413728026 __DUMMY__ 0.28165852463152685	false	0.5
rammen	neg 1.0		off 0.36871407178778826 neg 0.3498579347176435 __DUMMY__ 0.2814279934945683	false	0.5
unlauter	neg 1.0		off 0.3616315983747689 neg 0.3568948469918155 __DUMMY__ 0.2814735546334157	false	0.5
unheilvoll	neg 1.0		off 0.3670828002917433 neg 0.3516481989366912 __DUMMY__ 0.2812690007715654	false	0.5
niedrig	neg 1.0		off 0.3618409521507371 neg 0.3551973276386744 __DUMMY__ 0.2829617202105885	false	0.5
weichei	off 1.0		off 0.3703208559124625 neg 0.3485809877115434 __DUMMY__ 0.2810981563759941	false	1.0
explosion	neg 1.0		neg 0.36500651133897444 off 0.3557188270992707 __DUMMY__ 0.2792746615617548	false	1.0
minusmensch	off 1.0		off 0.3751377373370329 neg 0.3443198422524387 __DUMMY__ 0.2805424204105283	false	1.0
farblos	neg 1.0		off 0.36615651736151067 neg 0.3511347458588484 __DUMMY__ 0.2827087367796409	false	0.5
unwissend	neg 1.0		off 0.36776597316751825 neg 0.35072514283998574 __DUMMY__ 0.28150888399249585	false	0.5
traurig	neg 1.0		off 0.3688607049429812 neg 0.34977587430862805 __DUMMY__ 0.28136342074839077	false	0.5
senkung	neg 1.0		neg 0.36119803788827703 off 0.35741743097564993 __DUMMY__ 0.281384531136073	false	1.0
ungleich	neg 1.0		off 0.3646509906052743 neg 0.3535444122688303 __DUMMY__ 0.28180459712589534	false	0.5
heikel	neg 1.0		off 0.3648687483973976 neg 0.3534066136219291 __DUMMY__ 0.2817246379806732	false	0.5
drosselung	neg 1.0		neg 0.35992243517105466 off 0.35834802144698463 __DUMMY__ 0.2817295433819607	false	1.0
falsch	neg 1.0		off 0.36768624024272856 neg 0.3507824182357198 __DUMMY__ 0.2815313415215515	false	0.5
unzufriedenheit	neg 1.0		off 0.3639823640750036 neg 0.3541590617818097 __DUMMY__ 0.2818585741431866	false	0.5
kurz	neg 1.0		off 0.36732064537277564 neg 0.35088635786779426 __DUMMY__ 0.28179299675943015	false	0.5
unsinnig	neg 1.0		off 0.3655307649610824 neg 0.3528749417501795 __DUMMY__ 0.2815942932887381	false	0.5
penner	off 1.0		off 0.3700222474587328 neg 0.348908172606663 __DUMMY__ 0.28106957993460435	false	1.0
seicht	neg 1.0		off 0.36840007946066167 neg 0.3500140821005777 __DUMMY__ 0.28158583843876067	false	0.5
dummheit	off 1.0		off 0.3664259112112257 neg 0.35200866797713515 __DUMMY__ 0.28156542081163927	false	1.0
unerfreulich	neg 1.0		off 0.36475208708018864 neg 0.35334253534804955 __DUMMY__ 0.2819053775717618	false	0.5
pikiert	neg 1.0		off 0.3675390285020064 neg 0.35087649433433177 __DUMMY__ 0.2815844771636618	false	0.5
motherfucker	off 1.0		__DUMMY__ 0.4042207747287504 off 0.35598415432552766 neg 0.23979507094572203	false	1.0
wrack	neg 1.0		off 0.364967311763818 neg 0.35298626955505885 __DUMMY__ 0.28204641868112335	false	0.5
gangster	neg 1.0		off 0.37111373231714384 __DUMMY__ 0.3409743630033234 neg 0.28791190467953276	false	0.5
krank	neg 1.0		off 0.36923278890630473 neg 0.3494522622208839 __DUMMY__ 0.28131494887281155	false	0.5
reich	neg 1.0		off 0.36487918203321174 neg 0.3531353357758724 __DUMMY__ 0.2819854821909158	false	0.5
gnadenlos	neg 1.0		off 0.3667630712066045 neg 0.3514424606577275 __DUMMY__ 0.28179446813566794	false	0.5
niedergeschlagen	neg 1.0		off 0.36594790304735403 neg 0.35224564930848157 __DUMMY__ 0.28180644764416435	false	0.5
terrorisieren	off 1.0	off 1.0	off 0.6713221078459751 neg 0.1933045563250804 __DUMMY__ 0.1353733358289444	false	1.0
sinnlosigkeit	neg 1.0		off 0.36532663944139626 neg 0.3529706824146511 __DUMMY__ 0.2817026781439526	false	0.5
behindern	neg 1.0		off 0.36188008430142654 neg 0.3561792392500323 __DUMMY__ 0.28194067644854104	false	0.5
undemokratisch	neg 1.0		off 0.3637775331618135 neg 0.35499465234123984 __DUMMY__ 0.28122781449694667	false	0.5
wirtschaftskrise	neg 1.0		off 0.3603433450475117 neg 0.3574080295011328 __DUMMY__ 0.2822486254513556	false	0.5
neid	neg 1.0		off 0.3675834394155825 neg 0.35050439196874555 __DUMMY__ 0.28191216861567175	false	0.5
rutschen	neg 1.0		off 0.36585074932280603 neg 0.3519042507165353 __DUMMY__ 0.28224499996065866	false	0.5
rezession	neg 1.0		neg 0.359095119177026 off 0.35858380712939936 __DUMMY__ 0.28232107369357456	false	1.0
fehlgeburt	neg 1.0		off 0.3679040490380923 neg 0.3510081782523223 __DUMMY__ 0.2810877727095854	false	0.5
charakterschwach	off 1.0		off 0.36730078655851833 neg 0.35115068972340724 __DUMMY__ 0.2815485237180744	false	1.0
isolation	neg 1.0		neg 0.36894250226016634 off 0.35371777383625946 __DUMMY__ 0.2773397239035742	false	1.0
ablenkung	neg 1.0		off 0.36683545339968215 neg 0.351535425180657 __DUMMY__ 0.2816291214196609	false	0.5
pech	neg 1.0		off 0.3686464248476421 neg 0.3496881104787115 __DUMMY__ 0.28166546467364634	false	0.5
dominieren	neg 1.0		off 0.36122620995562055 neg 0.35609951619909314 __DUMMY__ 0.2826742738452862	false	0.5
vermeidung	neg 1.0		neg 0.3613942375770794 off 0.3574568922762799 __DUMMY__ 0.2811488701466407	false	1.0
schwindlig	neg 1.0		off 0.3698967445672594 neg 0.34896479410105063 __DUMMY__ 0.28113846133169007	false	0.5
lutscher	neg 1.0		off 0.373523798459273 neg 0.34603178552257025 __DUMMY__ 0.28044441601815673	false	0.5
pflicht	neg 1.0		off 0.36454519898430177 neg 0.35347656381513537 __DUMMY__ 0.28197823720056303	false	0.5
faschist	off 1.0		off 0.36605694966293184 neg 0.35247680427270894 __DUMMY__ 0.28146624606435916	false	1.0
verschleudern	neg 1.0		off 0.3621716406859081 neg 0.3558323200181797 __DUMMY__ 0.28199603929591216	false	0.5
ehebruch	neg 1.0		off 0.36519483864833113 neg 0.35297375863770725 __DUMMY__ 0.28183140271396173	false	0.5
trostlosigkeit	neg 1.0		off 0.36428288595296077 neg 0.35384846015816757 __DUMMY__ 0.2818686538888718	false	0.5
lutschen	neg 1.0		off 0.37416827156679106 neg 0.346196395606351 __DUMMY__ 0.279635332826858	false	0.5
spott	off 1.0		off 0.36457481155151894 neg 0.3535966902310546 __DUMMY__ 0.28182849821742645	false	1.0
undiszipliniert	neg 1.0		off 0.3688430671796532 neg 0.3499168854470821 __DUMMY__ 0.28124004737326475	false	0.5
kopfschmerz	neg 1.0		off 0.3677304491161385 neg 0.35117852940633887 __DUMMY__ 0.28109102147752246	false	0.5
unvorhergesehen	neg 1.0		off 0.3664137795810626 neg 0.351643206393467 __DUMMY__ 0.2819430140254705	false	0.5
desinteressiert	neg 1.0		off 0.36861794459554914 neg 0.34993895559776406 __DUMMY__ 0.2814430998066869	false	0.5
armselig	off 1.0		off 0.36732396011663687 neg 0.350905571182694 __DUMMY__ 0.28177046870066913	false	1.0
tod	neg 1.0		off 0.3643760811526457 neg 0.35365602913178085 __DUMMY__ 0.2819678897155735	false	0.5
desaster	neg 1.0		off 0.36289163506892047 neg 0.35504679499957964 __DUMMY__ 0.2820615699314998	false	0.5
herzlos	neg 1.0		off 0.36861457525830466 neg 0.3499266843651398 __DUMMY__ 0.28145874037655555	false	0.5
unwissenheit	neg 1.0		off 0.3646295672695269 neg 0.353809609308845 __DUMMY__ 0.28156082342162814	false	0.5
widersinnig	neg 1.0		off 0.36344052958994266 neg 0.3549309420093337 __DUMMY__ 0.2816285284007235	false	0.5
bedenklich	neg 1.0		off 0.3648325311706984 neg 0.35342545147467824 __DUMMY__ 0.2817420173546233	false	0.5
beanstanden	neg 1.0		off 0.3640670438509412 neg 0.35392960946698476 __DUMMY__ 0.2820033466820739	false	0.5
panisch	neg 1.0		off 0.36794733090018655 neg 0.35070821296568533 __DUMMY__ 0.28134445613412806	false	0.5
abstrich	neg 1.0		off 0.36765744208024365 neg 0.35144851243849307 __DUMMY__ 0.28089404548126334	false	0.5
debil	off 1.0		off 0.3808134478994617 neg 0.34167926368400786 __DUMMY__ 0.27750728841653044	false	1.0
primitiv	neg 1.0		off 0.36766775089419634 neg 0.3505247521377549 __DUMMY__ 0.2818074969680488	false	0.5
abschaum	off 1.0		off 0.36707487880800355 neg 0.35131634129476796 __DUMMY__ 0.2816087798972284	false	1.0
tot	neg 1.0		off 0.36813466431801173 neg 0.3505681005282797 __DUMMY__ 0.28129723515370864	false	0.5
provozieren	neg 1.0		off 0.3663430028740367 neg 0.3519895881076778 __DUMMY__ 0.28166740901828535	false	0.5
instabil	neg 1.0		off 0.3656357583483566 neg 0.35215785063234833 __DUMMY__ 0.2822063910192951	false	0.5
schwuchtel	off 1.0		off 0.37420916811980814 neg 0.34570029964723864 __DUMMY__ 0.2800905322329532	false	1.0
zerren	neg 1.0		off 0.3661710915578956 neg 0.35216150501044086 __DUMMY__ 0.28166740343166363	false	0.5
kinderficker	off 1.0		off 0.36766791167795754 neg 0.3511607172106161 __DUMMY__ 0.28117137111142626	false	1.0
gefahr	neg 1.0		off 0.3615949111688718 neg 0.356130736025144 __DUMMY__ 0.2822743528059842	false	0.5
rabiat	neg 1.0		off 0.36629912359516836 neg 0.3518274987694331 __DUMMY__ 0.28187337763539844	false	0.5
verlangsamung	neg 1.0		off 0.3597449686287237 neg 0.35742952056501387 __DUMMY__ 0.28282551080626234	false	0.5
anklagen	neg 1.0		off 0.3617665015972334 neg 0.3565453851162503 __DUMMY__ 0.28168811328651633	false	0.5
ausgestorben	neg 1.0		off 0.36577968502625213 neg 0.35215191628469455 __DUMMY__ 0.28206839868905315	false	0.5
verminderung	neg 1.0		neg 0.36141113791453033 off 0.3571678878724309 __DUMMY__ 0.2814209742130387	false	1.0
rost	neg 1.0		off 0.36279363493267963 neg 0.3536393571190679 __DUMMY__ 0.2835670079482525	false	0.5
destruktiv	neg 1.0		off 0.36529230759656334 neg 0.3530357891437738 __DUMMY__ 0.28167190325966285	false	0.5
unzumutbarkeit	neg 1.0		off 0.3616638958923088 neg 0.3563793033475356 __DUMMY__ 0.28195680076015567	false	0.5
labil	off 1.0	off 1.0	off 0.7521866191895662 neg 0.13875624451706728 __DUMMY__ 0.10905713629336658	false	1.0
ziemlich	neg 1.0		off 0.36870023949675224 neg 0.3498361807779558 __DUMMY__ 0.2814635797252919	false	0.5
lachnummer	off 1.0		off 0.3653216843975502 neg 0.3528159524432213 __DUMMY__ 0.28186236315922847	false	1.0
ausgrenzung	neg 1.0		off 0.3623927096773077 neg 0.35596638664674507 __DUMMY__ 0.28164090367594724	false	0.5
verfall	neg 1.0		off 0.36289031084812645 neg 0.35513460439964734 __DUMMY__ 0.28197508475222627	false	0.5
unordnung	neg 1.0	neg 1.0	neg 0.6610046747150353 off 0.20236210993701292 __DUMMY__ 0.1366332153479517	false	1.0
fehlverhalten	neg 1.0		off 0.3639657128772205 neg 0.35422472843733765 __DUMMY__ 0.2818095586854418	false	0.5
nille	neg 1.0		off 0.38166201467676075 neg 0.3404881498617125 __DUMMY__ 0.2778498354615269	false	0.5
qual	neg 1.0		off 0.37407030791853757 neg 0.3668910891556226 __DUMMY__ 0.2590386029258399	false	0.5
riesig	neg 1.0		off 0.3721821096368917 neg 0.34628863442981644 __DUMMY__ 0.2815292559332919	false	0.5
verschwenden	neg 1.0		off 0.365446517251157 neg 0.3528281013542767 __DUMMY__ 0.28172538139456627	false	0.5
verurteilen	neg 1.0		off 0.3646006550092799 neg 0.35376640895230305 __DUMMY__ 0.28163293603841716	false	0.5
klischee	neg 1.0		off 0.36715268704279297 neg 0.35112324999346034 __DUMMY__ 0.2817240629637467	false	0.5
diktatorisch	neg 1.0		off 0.36418061098617077 neg 0.3545237665197424 __DUMMY__ 0.28129562249408674	false	0.5
vorhersehbar	neg 1.0		off 0.3665273178858758 neg 0.35154809852624264 __DUMMY__ 0.2819245835878816	false	0.5
stornieren	neg 1.0		off 0.36458292025601474 neg 0.3537318400638016 __DUMMY__ 0.28168523968018383	false	0.5
besteuerung	neg 1.0		neg 0.3599718126559686 off 0.35813813355673785 __DUMMY__ 0.28189005378729354	false	1.0
ungeschminkt	neg 1.0		off 0.3723862920613318 neg 0.3473099918992103 __DUMMY__ 0.2803037160394579	false	0.5
kritisch	neg 1.0		off 0.36454066079034736 neg 0.3536289153967879 __DUMMY__ 0.2818304238128647	false	0.5
schlamperei	off 1.0		off 0.3619865861179156 neg 0.35609816952807316 __DUMMY__ 0.28191524435401116	false	1.0
sucht	neg 1.0		off 0.36520515818753446 neg 0.3516177259716239 __DUMMY__ 0.2831771158408417	false	0.5
egoistisch	off 1.0		off 0.3689165201485211 neg 0.34994887591334184 __DUMMY__ 0.2811346039381371	false	1.0
ausbeuter	off 1.0		off 0.36407490867655196 neg 0.3541192984993627 __DUMMY__ 0.28180579282408547	false	1.0
arschgeburt			off 0.37527112787228817 neg 0.34494670464987515 __DUMMY__ 0.27978216747783674	false	0.0
schubs	neg 1.0		off 0.369158005821981 neg 0.34991448949542003 __DUMMY__ 0.2809275046825989	false	0.5
unsolide	neg 1.0		off 0.3639050040145261 neg 0.3547096536069944 __DUMMY__ 0.28138534237847945	false	0.5
beschwerde	neg 1.0		off 0.36218540449137115 neg 0.35619552476075206 __DUMMY__ 0.2816190707478767	false	0.5
stocken	neg 1.0		off 0.36044719476002574 neg 0.35697441285625847 __DUMMY__ 0.28257839238371574	false	0.5
isolieren	neg 1.0		off 0.36124976929726016 neg 0.35663716866695 __DUMMY__ 0.28211306203578984	false	0.5
unheilbar	neg 1.0		off 0.3660890007927154 neg 0.352228844609189 __DUMMY__ 0.2816821545980956	false	0.5
pisser	off 1.0		off 0.3752220491571856 neg 0.34488518223564774 __DUMMY__ 0.2798927686071667	false	1.0
löschen	neg 1.0		off 0.3686667439872138 neg 0.35349017216846346 __DUMMY__ 0.2778430838443229	false	0.5
durchfallen	neg 1.0		off 0.3653429593482253 neg 0.3530532648583753 __DUMMY__ 0.2816037757933995	false	0.5
wichser	off 1.0		off 0.37034326344676444 neg 0.34858439881684045 __DUMMY__ 0.281072337736395	false	1.0
terror	neg 1.0		neg 0.3625976985607191 off 0.3583047896939364 __DUMMY__ 0.27909751174534453	false	1.0
krass	neg 1.0		off 0.37220202744707004 neg 0.3472793310090526 __DUMMY__ 0.28051864154387735	false	0.5
revolte	neg 1.0		off 0.3608827443802111 neg 0.3569728154161768 __DUMMY__ 0.2821444402036121	false	0.5
besorgt	neg 1.0		off 0.3662134709069448 neg 0.3520823314289341 __DUMMY__ 0.281704197664121	false	0.5
nachlassen	neg 1.0		off 0.3645871993021346 neg 0.3534361530955148 __DUMMY__ 0.2819766476023504	false	0.5
alt	neg 1.0		off 0.36969616197366484 neg 0.3483982587439967 __DUMMY__ 0.2819055792823384	false	0.5
hundesohn	off 1.0		off 0.3776305200853767 neg 0.3432809530009247 __DUMMY__ 0.2790885269136987	false	1.0
abschreckung	neg 1.0		off 0.3634687685692982 neg 0.35475537368011895 __DUMMY__ 0.2817758577505829	false	0.5
unqualifiziert	neg 1.0		off 0.36616829054149574 neg 0.35240822711027675 __DUMMY__ 0.2814234823482275	false	0.5
abgewichst	off 1.0		off 0.37937883337697736 neg 0.3421940676880668 __DUMMY__ 0.2784270989349559	false	1.0
kapitulation	neg 1.0		off 0.362253004750987 neg 0.35577555599940186 __DUMMY__ 0.2819714392496111	false	0.5
schwer	neg 1.0		off 0.3664617940747783 neg 0.35165720247423193 __DUMMY__ 0.2818810034509898	false	0.5
bedeutungslosigkeit	neg 1.0		off 0.3639208128437475 neg 0.35408522759242295 __DUMMY__ 0.2819939595638296	false	0.5
unscharf	neg 1.0		off 0.3701658245407318 neg 0.3489724480870574 __DUMMY__ 0.28086172737221077	false	0.5
schwinden	neg 1.0		off 0.36095468844933803 neg 0.35669580809817397 __DUMMY__ 0.28234950345248794	false	0.5
versklavung	neg 1.0		off 0.36166225833393567 neg 0.3568289051553293 __DUMMY__ 0.281508836510735	false	0.5
schlecht	neg 1.0		off 0.36814771559602655 neg 0.35031222855286537 __DUMMY__ 0.2815400558511081	false	0.5
verhasst	neg 1.0		off 0.36571752868360347 neg 0.3525139048649855 __DUMMY__ 0.28176856645141113	false	0.5
beschweren	neg 1.0		off 0.36670710760285535 neg 0.35142322414727767 __DUMMY__ 0.28186966824986687	false	0.5
scheiden	neg 1.0		off 0.36671346696681695 neg 0.35137366331157893 __DUMMY__ 0.2819128697216043	false	0.5
frustriert	neg 1.0		off 0.36606763333084574 neg 0.3521925133801265 __DUMMY__ 0.2817398532890277	false	0.5
schimmelig	neg 1.0		off 0.3722926616761133 neg 0.3470818346584931 __DUMMY__ 0.2806255036653935	false	0.5
fisch	neg 1.0		off 0.36957922614219735 neg 0.3484090968763578 __DUMMY__ 0.28201167698144475	false	0.5
schmuggel	neg 1.0		off 0.36494828379571975 neg 0.3531810886947884 __DUMMY__ 0.2818706275094917	false	0.5
auffallen	neg 1.0		off 0.3666774982272494 neg 0.35158041462099177 __DUMMY__ 0.28174208715175897	false	0.5
konkurrenz	neg 1.0		off 0.3641187484489262 neg 0.35390486173491037 __DUMMY__ 0.2819763898161634	false	0.5
teufelskreis	neg 1.0		off 0.365854541139534 neg 0.3522734996400963 __DUMMY__ 0.2818719592203698	false	0.5
aufschreien	neg 1.0		off 0.3672995397338561 neg 0.3509556643776137 __DUMMY__ 0.28174479588853024	false	0.5
missgeburt	off 1.0		off 0.37518658492194606 neg 0.3446940149226382 __DUMMY__ 0.2801194001554158	false	1.0
schuldner	neg 1.0		off 0.361187047992959 neg 0.35679811149412904 __DUMMY__ 0.2820148405129121	false	0.5
befallen	neg 1.0		off 0.3637690855408559 neg 0.35492300458342657 __DUMMY__ 0.2813079098757177	false	0.5
arbeitslos	neg 1.0		off 0.36529370659491606 neg 0.3528926843631192 __DUMMY__ 0.2818136090419646	false	0.5
miesepetrig	off 1.0		off 0.3682655481640953 neg 0.3503315730681788 __DUMMY__ 0.28140287876772585	false	1.0
alarmieren	neg 1.0		off 0.36003906013378756 neg 0.3577778775291269 __DUMMY__ 0.2821830623370854	false	0.5
ungeduscht	off 1.0		off 0.3708832912288564 neg 0.34853877703174685 __DUMMY__ 0.28057793173939677	false	1.0
knappheit	neg 1.0		off 0.36120405975784975 neg 0.35658150860019994 __DUMMY__ 0.2822144316419502	false	0.5
schlange	neg 1.0		off 0.36713922901386586 neg 0.3510034286255636 __DUMMY__ 0.2818573423605705	false	0.5
harsch	neg 1.0		off 0.3617710493460121 neg 0.3565733637917407 __DUMMY__ 0.28165558686224706	false	0.5
lang	neg 1.0	neg 1.0	neg 0.6191501241012707 off 0.22887435191763295 __DUMMY__ 0.1519755239810963	false	1.0
ziellos	neg 1.0		off 0.3658006598588753 neg 0.35227299479810387 __DUMMY__ 0.28192634534302063	false	0.5
selbstverliebt	neg 1.0		off 0.3713288948516517 neg 0.347758056659606 __DUMMY__ 0.2809130484887423	false	0.5
beseitigen	neg 1.0		off 0.36147783713176523 neg 0.35621641790521297 __DUMMY__ 0.2823057449630218	false	0.5
dumm	off 1.0		off 0.3697604094077569 neg 0.34908040477799884 __DUMMY__ 0.28115918581424443	false	1.0
arbeitsloser	neg 1.0		off 0.36501328561423774 neg 0.35310025130422373 __DUMMY__ 0.28188646308153853	false	0.5
blitzen	neg 1.0		off 0.3663205787046026 neg 0.3507825392768824 __DUMMY__ 0.282896882018515	false	0.5
hilflos	neg 1.0		off 0.3661805313953501 neg 0.3522821219443294 __DUMMY__ 0.28153734666032065	false	0.5
eklig	off 1.0		off 0.37150352854024943 neg 0.3478031223273797 __DUMMY__ 0.2806933491323707	false	1.0
hungersnot	neg 1.0		off 0.36191531857372955 neg 0.3558152276264526 __DUMMY__ 0.2822694537998179	false	0.5
ungesetzlich	neg 1.0		off 0.36341097247363624 neg 0.35499412526973295 __DUMMY__ 0.28159490225663086	false	0.5
verschwendung	neg 1.0		off 0.36499441111744796 neg 0.35323374833193943 __DUMMY__ 0.2817718405506126	false	0.5
schmerzvoll	neg 1.0		off 0.36732287598657737 neg 0.3511007634333262 __DUMMY__ 0.28157636058009644	false	0.5
vorzeitig	neg 1.0		off 0.3600184357412258 neg 0.3578809895220938 __DUMMY__ 0.2821005747366804	false	0.5
unvollkommenheit	neg 1.0		off 0.3657570179550041 neg 0.35249680928605726 __DUMMY__ 0.28174617275893876	false	0.5
intervenieren	neg 1.0		off 0.36352106604937656 neg 0.35480267746730876 __DUMMY__ 0.28167625648331474	false	0.5
banause	off 1.0		off 0.3702184651394037 neg 0.34884357565479074 __DUMMY__ 0.2809379592058057	false	1.0
rebell	neg 1.0		off 0.37521912467735163 neg 0.34581864187669226 __DUMMY__ 0.27896223344595616	false	0.5
unlogisch	neg 1.0		off 0.36854603341370384 neg 0.3501709609609609 __DUMMY__ 0.2812830056253352	false	0.5
abschaffung	neg 1.0		off 0.36057221534682465 neg 0.3578846771101173 __DUMMY__ 0.2815431075430582	false	0.5
leiden	neg 1.0		off 0.3667990619825456 neg 0.3513262889059951 __DUMMY__ 0.28187464911145943	false	0.5
sturz	neg 1.0		off 0.3615551916685354 neg 0.3561936654613038 __DUMMY__ 0.28225114287016073	false	0.5
verkleinerung	neg 1.0		off 0.3595684467898644 neg 0.3585180835191614 __DUMMY__ 0.28191346969097414	false	0.5
schmarotzer	off 1.0		off 0.3654641548206968 neg 0.3529027336316828 __DUMMY__ 0.2816331115476204	false	1.0
bestrafung	neg 1.0		off 0.3669027982920096 neg 0.3514113794207925 __DUMMY__ 0.28168582228719774	false	0.5
achtlos	neg 1.0		off 0.3661637830169506 neg 0.3522482635356498 __DUMMY__ 0.2815879534473997	false	0.5
ungeheuer	neg 1.0		off 0.36790921147255184 neg 0.35013893435182686 __DUMMY__ 0.2819518541756212	false	0.5
unaufrichtig	neg 1.0		off 0.36657349054475086 neg 0.3523661227126577 __DUMMY__ 0.2810603867425915	false	0.5
groggy	neg 1.0		off 0.3719757175541319 neg 0.34693185668704485 __DUMMY__ 0.2810924257588231	false	0.5
verletzlich	neg 1.0		off 0.3684508717474255 neg 0.35012396802862134 __DUMMY__ 0.28142516022395325	false	0.5
ablehnen	neg 1.0		off 0.3644654243554831 neg 0.3539119161054692 __DUMMY__ 0.28162265953904775	false	0.5
kollaps	neg 1.0		off 0.3596463844916261 neg 0.3582696591491268 __DUMMY__ 0.2820839563592472	false	0.5
beschnitten	neg 1.0		off 0.3667292190155694 neg 0.3515822228561184 __DUMMY__ 0.2816885581283122	false	0.5
defekt	neg 1.0		off 0.36074041651718863 neg 0.35760917039408663 __DUMMY__ 0.2816504130887247	false	0.5
dreckskerl	off 1.0		off 0.368646770679445 neg 0.3502180410852493 __DUMMY__ 0.28113518823530576	false	1.0
deine	neg 1.0		off 0.3700699172649297 neg 0.34892710248594794 __DUMMY__ 0.2810029802491223	false	0.5
aufgeben	neg 1.0		off 0.36688824059112113 neg 0.35107447768201694 __DUMMY__ 0.28203728172686193	false	0.5
durcheinander	neg 1.0		off 0.36754758477118243 neg 0.3507042360182044 __DUMMY__ 0.281748179210613	false	0.5
unterbrechen	neg 1.0		off 0.36569850166249585 neg 0.35244134306318453 __DUMMY__ 0.28186015527431957	false	0.5
vergammeln	neg 1.0		off 0.3672520630456616 neg 0.351015847527896 __DUMMY__ 0.2817320894264424	false	0.5
grotesk	neg 1.0		off 0.3653096080269897 neg 0.3527783513584746 __DUMMY__ 0.28191204061453584	false	0.5
elendig	neg 1.0		off 0.36739578704489123 neg 0.3511222027794334 __DUMMY__ 0.2814820101756754	false	0.5
naiv	off 1.0		off 0.36694819893631836 neg 0.35118598258512357 __DUMMY__ 0.2818658184785581	false	1.0
uneinigkeit	neg 1.0		off 0.36105472087653306 neg 0.35703395514741054 __DUMMY__ 0.2819113239760564	false	0.5
fragil	neg 1.0		neg 0.3642997515059468 off 0.3587682475236549 __DUMMY__ 0.2769320009703983	false	1.0
provisorisch	neg 1.0		off 0.36530895264296387 neg 0.3524638334581737 __DUMMY__ 0.28222721389886224	false	0.5
landei	off 1.0		off 0.3701689068543297 neg 0.3483718200170276 __DUMMY__ 0.28145927312864283	false	1.0
bedauerlich	neg 1.0		off 0.3649905832320464 neg 0.353191135907989 __DUMMY__ 0.2818182808599646	false	0.5
krieg	neg 1.0		off 0.365998452511705 neg 0.35228148364623546 __DUMMY__ 0.2817200638420596	false	0.5
traurigkeit	neg 1.0		off 0.3666217475613374 neg 0.3516087521555811 __DUMMY__ 0.28176950028308156	false	0.5
monotonie	neg 1.0		off 0.3653948766561811 neg 0.35260007461296344 __DUMMY__ 0.2820050487308556	false	0.5
unliebsam	neg 1.0		off 0.36590145720610506 neg 0.3523356360123713 __DUMMY__ 0.2817629067815236	false	0.5
drift	neg 1.0		neg 0.39336772176131546 off 0.35961129009997156 __DUMMY__ 0.247020988138713	false	1.0
chaos	neg 1.0		off 0.36301429887876624 neg 0.3551568529222563 __DUMMY__ 0.2818288481989774	false	0.5
blutig	neg 1.0		off 0.367300161776565 neg 0.35089788954220974 __DUMMY__ 0.28180194868122527	false	0.5
machtlos	neg 1.0		off 0.3647184112028994 neg 0.3535216432706731 __DUMMY__ 0.28175994552642747	false	0.5
