unsolidarisch	neg 1.0		off 0.4437557680950364 neg 0.4304972749610959 __DUMMY__ 0.12574695694386773	false	0.5
nachteilig	neg 1.0		off 0.44290970759000803 neg 0.43107767585245715 __DUMMY__ 0.12601261655753476	false	0.5
skeptisch	neg 1.0		off 0.44376842841653347 neg 0.4302035534583368 __DUMMY__ 0.1260280181251299	false	0.5
schrecklich	neg 1.0		off 0.4484932364630503 neg 0.4258179478988941 __DUMMY__ 0.12568881563805565	false	0.5
schlapp	neg 1.0		off 0.4487410851988084 neg 0.42550767512201687 __DUMMY__ 0.12575123967917473	false	0.5
abfall	neg 1.0		off 0.4430324215580697 neg 0.4308118139873996 __DUMMY__ 0.12615576445453075	false	0.5
widerspenstig	neg 1.0		off 0.4460077100524219 neg 0.4281659026759283 __DUMMY__ 0.12582638727164977	false	0.5
abrupt	neg 1.0		off 0.44476556645402215 neg 0.4291159445190824 __DUMMY__ 0.1261184890268955	false	0.5
unwirksam	neg 1.0		off 0.43803772549294917 neg 0.4359572452466891 __DUMMY__ 0.1260050292603618	false	0.5
angreifen	neg 1.0		off 0.4437555982097572 neg 0.43025587892645517 __DUMMY__ 0.12598852286378776	false	0.5
inkonsistent	neg 1.0		off 0.44591574738079587 neg 0.4280413756704211 __DUMMY__ 0.12604287694878308	false	0.5
abrutschen	neg 1.0		off 0.4437605390747548 neg 0.4302334144643605 __DUMMY__ 0.1260060464608847	false	0.5
unsicher	neg 1.0		off 0.44583725924710577 neg 0.4282129567837336 __DUMMY__ 0.12594978396916062	false	0.5
bauernkind	off 1.0		off 0.4524605393055416 neg 0.4222307249093133 __DUMMY__ 0.1253087357851452	false	1.0
angreifer	neg 1.0		off 0.44090904957308086 neg 0.43317744571059286 __DUMMY__ 0.12591350471632629	false	0.5
trennen	neg 1.0		off 0.4448918613220764 neg 0.4289157548702997 __DUMMY__ 0.126192383807624	false	0.5
schmutz	neg 1.0		off 0.44121441858565763 neg 0.4327032712914528 __DUMMY__ 0.12608231012288962	false	0.5
inkonsistenz	neg 1.0		off 0.4465454624261335 neg 0.4276101419963396 __DUMMY__ 0.12584439557752677	false	0.5
erschreckend	neg 1.0		off 0.44456532657112224 neg 0.4294681269429031 __DUMMY__ 0.12596654648597455	false	0.5
ertrinken	neg 1.0		off 0.4449907195209674 neg 0.4291915295762028 __DUMMY__ 0.12581775090282982	false	0.5
pickelface	off 1.0		off 0.45682056445935915 neg 0.41828371728765473 __DUMMY__ 0.12489571825298613	false	1.0
lauch	neg 1.0		off 0.4539706210429542 neg 0.42088692849621556 __DUMMY__ 0.1251424504608302	false	0.5
steuerhinterziehung	neg 1.0		off 0.4406679087921468 neg 0.4334427743750855 __DUMMY__ 0.12588931683276766	false	0.5
unwichtig	neg 1.0		off 0.4466504514248476 neg 0.4274743539840851 __DUMMY__ 0.12587519459106722	false	0.5
schock	neg 1.0		off 0.4459419407207317 neg 0.4279860760026591 __DUMMY__ 0.1260719832766093	false	0.5
vergelten	neg 1.0		off 0.44299736532755524 neg 0.43145522022404514 __DUMMY__ 0.12554741444839954	false	0.5
beule	neg 1.0		off 0.4494457799066647 neg 0.42489359145251876 __DUMMY__ 0.12566062864081673	false	0.5
verdorbenheit	neg 1.0		off 0.4440588534184281 neg 0.4293229350719974 __DUMMY__ 0.12661821150957459	false	0.5
trauma			off 0.4649473709428517 neg 0.42211200010716365 __DUMMY__ 0.11294062894998458	false	0.0
sinnlos	neg 1.0		off 0.4465604432473806 neg 0.42758510039082437 __DUMMY__ 0.1258544563617951	false	0.5
fettsack	off 1.0		off 0.4521221844266769 neg 0.42240748421428614 __DUMMY__ 0.12547033135903687	false	1.0
feige	off 1.0		off 0.44661030513059763 neg 0.4274701060825592 __DUMMY__ 0.12591958878684315	false	1.0
abdanken	neg 1.0		off 0.443934080471768 neg 0.4302014635884378 __DUMMY__ 0.12586445593979403	false	0.5
wichtigtuer	off 1.0	off 1.0	off 0.7105055984792263 neg 0.2296580239289753 __DUMMY__ 0.05983637759179837	false	1.0
misslingen	neg 1.0		off 0.44587383128669505 neg 0.42834481579654715 __DUMMY__ 0.12578135291675785	false	0.5
untreu	off 1.0		off 0.44670943144425074 neg 0.4273854209333087 __DUMMY__ 0.12590514762244054	false	1.0
missmutig	neg 1.0		off 0.4459700872314922 neg 0.4280465620219559 __DUMMY__ 0.12598335074655198	false	0.5
hurenbock	off 1.0		off 0.45207005307678777 neg 0.42279019201597623 __DUMMY__ 0.12513975490723606	false	1.0
betrunken	neg 1.0		off 0.4485532131649117 neg 0.4257906891039187 __DUMMY__ 0.12565609773116967	false	0.5
korrupt	off 1.0		off 0.44371103538837886 neg 0.43045560835300667 __DUMMY__ 0.12583335625861444	false	1.0
unmut	neg 1.0		off 0.44240143462845194 neg 0.4315636727651372 __DUMMY__ 0.12603489260641088	false	0.5
hackfresse	off 1.0		off 0.4493982341213076 neg 0.4250359424111362 __DUMMY__ 0.1255658234675564	false	1.0
aufblasen	neg 1.0		off 0.4465877562762143 neg 0.42753489424924723 __DUMMY__ 0.12587734947453835	false	0.5
gewaltsam	neg 1.0		off 0.4416355367659885 neg 0.43239742455166574 __DUMMY__ 0.1259670386823458	false	0.5
unbeliebtheit	neg 1.0		off 0.44071081834876813 neg 0.43329863621113957 __DUMMY__ 0.12599054544009228	false	0.5
sturheit	neg 1.0		off 0.44381046038919997 neg 0.4302501861451599 __DUMMY__ 0.12593935346564006	false	0.5
kuh	neg 1.0		off 0.4527698738509259 neg 0.4218667703786633 __DUMMY__ 0.12536335577041072	false	0.5
erschrecken	neg 1.0		off 0.447089115639639 neg 0.427085663538311 __DUMMY__ 0.12582522082204994	false	0.5
opfer	neg 1.0		off 0.4443272328276803 neg 0.4296719937692792 __DUMMY__ 0.1260007734030404	false	0.5
stinktier	neg 1.0		off 0.4524148440610384 neg 0.42224119555048023 __DUMMY__ 0.1253439603884815	false	0.5
sinken	neg 1.0		off 0.44076039104739473 neg 0.43289650041513117 __DUMMY__ 0.12634310853747396	false	0.5
tucke	off 1.0		off 0.4514178133416231 neg 0.4233556178262625 __DUMMY__ 0.12522656883211433	false	1.0
abstieg	neg 1.0		off 0.44226874388245757 neg 0.43161807353581566 __DUMMY__ 0.12611318258172685	false	0.5
missverstehen	neg 1.0		off 0.4459294538171644 neg 0.42813326135584245 __DUMMY__ 0.12593728482699312	false	0.5
ergebnislos	neg 1.0		off 0.44031043335531234 neg 0.4335343577798167 __DUMMY__ 0.12615520886487105	false	0.5
manipulieren	neg 1.0		off 0.44395151460783383 neg 0.43021629882584206 __DUMMY__ 0.1258321865663241	false	0.5
verschleppen	neg 1.0		off 0.440845524740374 neg 0.4331362507186821 __DUMMY__ 0.12601822454094386	false	0.5
unbewiesen	neg 1.0		off 0.44235307184061917 neg 0.431654598560001 __DUMMY__ 0.1259923295993799	false	0.5
weib	off 1.0		off 0.45136258370000243 neg 0.4232528754199752 __DUMMY__ 0.12538454088002227	false	1.0
opposition	neg 1.0		off 0.4389310318084158 neg 0.4354142423324097 __DUMMY__ 0.12565472585917448	false	0.5
verkehrswidrig	neg 1.0		off 0.4409307673485122 neg 0.43348486681944337 __DUMMY__ 0.12558436583204433	false	0.5
inkorrekt	neg 1.0		off 0.4464334696990259 neg 0.4277015427168817 __DUMMY__ 0.1258649875840923	false	0.5
vermeiden	neg 1.0		off 0.4422023140783816 neg 0.4316503495275272 __DUMMY__ 0.12614733639409123	false	0.5
abweichung	neg 1.0		off 0.441874791977788 neg 0.4320020353621166 __DUMMY__ 0.12612317266009537	false	0.5
alkoholisiert	neg 1.0		off 0.4445208317985282 neg 0.42953409115005636 __DUMMY__ 0.12594507705141542	false	0.5
scheiss	off 1.0	off 1.0	off 0.7121408275600851 neg 0.22800501819975943 __DUMMY__ 0.05985415424015537	false	1.0
herausforderung	neg 1.0		off 0.4429641881822577 neg 0.4308241432683845 __DUMMY__ 0.12621166854935778	false	0.5
pervers	off 1.0		off 0.4511553260623337 neg 0.42352035135625266 __DUMMY__ 0.12532432258141357	false	1.0
wackelig	neg 1.0		off 0.44620712444364824 neg 0.42787747785016533 __DUMMY__ 0.12591539770618634	false	0.5
verwickeln	neg 1.0		off 0.44568374752229933 neg 0.42832936152077955 __DUMMY__ 0.1259868909569212	false	0.5
vorwand	neg 1.0		off 0.4438465450892596 neg 0.43026555228966357 __DUMMY__ 0.12588790262107696	false	0.5
muschi	off 1.0		off 0.4562616767479096 neg 0.41884122570610677 __DUMMY__ 0.12489709754598373	false	1.0
entmutigung	neg 1.0		off 0.44121066791618013 neg 0.432897920762989 __DUMMY__ 0.12589141132083084	false	0.5
unstetig	neg 1.0		off 0.4443208198249154 neg 0.42976472789345266 __DUMMY__ 0.12591445228163203	false	0.5
unangemessen	neg 1.0		off 0.4441403185948326 neg 0.42991255226791353 __DUMMY__ 0.1259471291372538	false	0.5
entmutigen	neg 1.0		off 0.44602097817945635 neg 0.42802836246974174 __DUMMY__ 0.12595065935080207	false	0.5
schwanz	neg 1.0		off 0.4540249284992223 neg 0.42122403488143706 __DUMMY__ 0.1247510366193406	false	0.5
verbot	neg 1.0		off 0.44134152449683395 neg 0.43274980422546544 __DUMMY__ 0.12590867127770053	false	0.5
leid	neg 1.0		off 0.44896994968399256 neg 0.42534616951703036 __DUMMY__ 0.1256838807989772	false	0.5
archaisch	neg 1.0		off 0.4442815119642848 neg 0.4298119213193846 __DUMMY__ 0.12590656671633046	false	0.5
scheidung	neg 1.0		off 0.439114955978506 neg 0.43476677529071067 __DUMMY__ 0.12611826873078322	false	0.5
abgestanden	neg 1.0		off 0.4478798056154124 neg 0.426139560353374 __DUMMY__ 0.12598063403121354	false	0.5
einschlag	neg 1.0		off 0.44168486136326696 neg 0.4322742079438666 __DUMMY__ 0.1260409306928665	false	0.5
schmierig	off 1.0		off 0.44856139558401875 neg 0.4257016590467101 __DUMMY__ 0.1257369453692711	false	1.0
unpraktisch	neg 1.0		off 0.4476041853191875 neg 0.42659094070924064 __DUMMY__ 0.1258048739715718	false	0.5
wixxer	off 1.0		off 0.45239370269186013 neg 0.4221877979054063 __DUMMY__ 0.12541849940273364	false	1.0
jammerlappen	off 1.0		off 0.44666588480343117 neg 0.4274736035698921 __DUMMY__ 0.12586051162667672	false	1.0
farce	neg 1.0		off 0.44141929422463977 neg 0.43262718677610645 __DUMMY__ 0.1259535189992538	false	0.5
zwecklos	neg 1.0		off 0.4443221257089891 neg 0.4296786784829191 __DUMMY__ 0.12599919580809196	false	0.5
turbulent	neg 1.0		off 0.4435842024995489 neg 0.43069769361836946 __DUMMY__ 0.12571810388208166	false	0.5
schuld	neg 1.0		off 0.4457859274073852 neg 0.42837900096393183 __DUMMY__ 0.12583507162868296	false	0.5
risiko	neg 1.0		off 0.43991320817539425 neg 0.43369900233260633 __DUMMY__ 0.12638778949199947	false	0.5
invasion	neg 1.0		neg 0.4480553525647751 off 0.42885750958328417 __DUMMY__ 0.12308713785194066	false	1.0
finster	neg 1.0		off 0.44810083484556096 neg 0.4259751316486671 __DUMMY__ 0.1259240335057718	false	0.5
geisteskrank	off 1.0		off 0.44662106991451356 neg 0.4274606131299852 __DUMMY__ 0.12591831695550126	false	1.0
ausbeute	neg 1.0		off 0.4449782631536444 neg 0.4285104230546778 __DUMMY__ 0.12651131379167785	false	0.5
zusammenbrechen	neg 1.0		off 0.44509437769686405 neg 0.42904269237468945 __DUMMY__ 0.1258629299284465	false	0.5
hinterhalt	neg 1.0		off 0.4442017796794387 neg 0.429826607287288 __DUMMY__ 0.1259716130332733	false	0.5
kritik	neg 1.0		off 0.4416896599088134 neg 0.43239029880757807 __DUMMY__ 0.12592004128360842	false	0.5
einschrumpfen	neg 1.0		off 0.44091765926938653 neg 0.43412206023800537 __DUMMY__ 0.12496028049260816	false	0.5
riskant	neg 1.0		off 0.4443330309237803 neg 0.42969028319790825 __DUMMY__ 0.12597668587831146	false	0.5
frustrieren	neg 1.0		off 0.44479532686858914 neg 0.4291991684377176 __DUMMY__ 0.12600550469369326	false	0.5
groll	neg 1.0		off 0.44409604800462293 neg 0.42989022667403476 __DUMMY__ 0.12601372532134233	false	0.5
qualvoll	neg 1.0		off 0.4465788491317997 neg 0.4276839448716466 __DUMMY__ 0.12573720599655375	false	0.5
wackeln	neg 1.0		off 0.44621601684219314 neg 0.42778378735586575 __DUMMY__ 0.12600019580194108	false	0.5
klagen	neg 1.0		off 0.44204516634626506 neg 0.4320037473618469 __DUMMY__ 0.1259510862918881	false	0.5
trauern	neg 1.0		off 0.4445572590393185 neg 0.42949955307604887 __DUMMY__ 0.12594318788463268	false	0.5
ablehnung	neg 1.0		off 0.4412286319529779 neg 0.4327818635340752 __DUMMY__ 0.12598950451294702	false	0.5
bankrott	neg 1.0		neg 0.43812376297664896 off 0.436405815418553 __DUMMY__ 0.12547042160479804	false	1.0
stur	neg 1.0		off 0.4453793386788251 neg 0.4287852055957869 __DUMMY__ 0.12583545572538782	false	0.5
aufruhr	neg 1.0		off 0.44017675142465545 neg 0.43360503691895513 __DUMMY__ 0.12621821165638933	false	0.5
melancholie	neg 1.0		off 0.44728402255084154 neg 0.4268242232225042 __DUMMY__ 0.1258917542266544	false	0.5
torheit	neg 1.0		off 0.44353937667070775 neg 0.43051641024799636 __DUMMY__ 0.12594421308129575	false	0.5
dreckskind	off 1.0		off 0.4548672344239263 neg 0.4199980370222466 __DUMMY__ 0.125134728553827	false	1.0
umtauschen	neg 1.0		off 0.44750296152657293 neg 0.4267567469935068 __DUMMY__ 0.12574029147992027	false	0.5
zersetzen	neg 1.0		off 0.4431528963792767 neg 0.43086856840871546 __DUMMY__ 0.12597853521200778	false	0.5
frust	neg 1.0		off 0.4449910720502023 neg 0.42912149024885693 __DUMMY__ 0.1258874377009407	false	0.5
unerbittlichkeit	neg 1.0		off 0.4432095852695431 neg 0.4308041074206593 __DUMMY__ 0.1259863073097977	false	0.5
unkorrekt	neg 1.0		off 0.44679053943445984 neg 0.42750584240471934 __DUMMY__ 0.12570361816082087	false	0.5
hexe	off 1.0		off 0.4497365978547457 neg 0.42432389110140556 __DUMMY__ 0.12593951104384873	false	1.0
lasch	neg 1.0		off 0.44557227458701026 neg 0.42851316325461647 __DUMMY__ 0.12591456215837316	false	0.5
rivale	neg 1.0		off 0.43982308238467477 neg 0.43444859696393606 __DUMMY__ 0.12572832065138917	false	0.5
mutlos	off 1.0		off 0.4436714003830205 neg 0.4303432478312917 __DUMMY__ 0.12598535178568782	false	1.0
wirr	off 1.0		off 0.448570250535668 neg 0.42595955101976146 __DUMMY__ 0.1254701984445704	false	1.0
strafbar	neg 1.0		off 0.44403292488027574 neg 0.4299728725817543 __DUMMY__ 0.12599420253797	false	0.5
erosion	neg 1.0	neg 1.0	neg 0.6999167585028405 off 0.23859735345094224 __DUMMY__ 0.06148588804621717	false	1.0
eingehen	neg 1.0		off 0.44437854122101206 neg 0.42965169551779536 __DUMMY__ 0.1259697632611926	false	0.5
faul	off 1.0		off 0.4487755154011454 neg 0.4256034952992177 __DUMMY__ 0.125620989299637	false	1.0
provisorium	neg 1.0		off 0.4433177383774776 neg 0.43054843572158746 __DUMMY__ 0.12613382590093491	false	0.5
schmerzen	neg 1.0		off 0.4472946816993028 neg 0.4270581399653912 __DUMMY__ 0.125647178335306	false	0.5
schrumpfen	neg 1.0		off 0.44200881146964677 neg 0.4318439971128661 __DUMMY__ 0.12614719141748706	false	0.5
geistlos	off 1.0		off 0.44524631656194275 neg 0.42886018668122056 __DUMMY__ 0.12589349675683673	false	1.0
frustrierend	neg 1.0		off 0.4469587052464546 neg 0.4271018882474332 __DUMMY__ 0.12593940650611213	false	0.5
fehlkauf	neg 1.0		off 0.44489312895389094 neg 0.42883005739206936 __DUMMY__ 0.12627681365403962	false	0.5
unzufrieden	neg 1.0		off 0.4443244124159518 neg 0.42966252898476925 __DUMMY__ 0.1260130585992789	false	0.5
verzweifeln	neg 1.0		off 0.445415761924654 neg 0.42866297744940823 __DUMMY__ 0.12592126062593792	false	0.5
verzweifelt	neg 1.0		off 0.4461144959450975 neg 0.42793300434734666 __DUMMY__ 0.12595249970755582	false	0.5
misstrauensantrag	neg 1.0		off 0.4393629287751849 neg 0.4350570026444626 __DUMMY__ 0.12558006858035242	false	0.5
abfallen	neg 1.0		off 0.4475666768802715 neg 0.4266949167852811 __DUMMY__ 0.1257384063344475	false	0.5
fucker	off 1.0		off 0.4218348868193679 __DUMMY__ 0.3090079864632696 neg 0.2691571267173626	false	1.0
ungezogen	neg 1.0		off 0.44957589901732964 neg 0.4248658489957519 __DUMMY__ 0.12555825198691853	false	0.5
irrsinnig	neg 1.0		off 0.4461196690909295 neg 0.42799640141975975 __DUMMY__ 0.12588392948931082	false	0.5
hart	neg 1.0		off 0.4531737998294702 neg 0.42177677649138545 __DUMMY__ 0.1250494236791443	false	0.5
unfassbar	neg 1.0		off 0.44679140180447624 neg 0.42720207976328983 __DUMMY__ 0.12600651843223395	false	0.5
widerlich	off 1.0		off 0.44700850141908666 neg 0.42719951446536913 __DUMMY__ 0.12579198411554426	false	1.0
fatal			off 0.4349129041665367 neg 0.4199740108893908 __DUMMY__ 0.14511308494407246	false	0.0
bruch	neg 1.0		off 0.44298203897014005 neg 0.43090985800778 __DUMMY__ 0.12610810302208011	false	0.5
aushungern	neg 1.0		off 0.4419341596772664 neg 0.43224761878406526 __DUMMY__ 0.12581822153866842	false	0.5
anspannung	neg 1.0		off 0.44405315301475456 neg 0.42986827462304367 __DUMMY__ 0.12607857236220174	false	0.5
kraftlos	neg 1.0		off 0.44527153208149894 neg 0.42875174335982946 __DUMMY__ 0.12597672455867165	false	0.5
grenzdebil	off 1.0		off 0.44757390798140556 neg 0.42668029599630186 __DUMMY__ 0.12574579602229255	false	1.0
unterwerfen	neg 1.0		off 0.4441047440434471 neg 0.4299387875604792 __DUMMY__ 0.12595646839607372	false	0.5
versenkung	neg 1.0		off 0.4442802298278915 neg 0.42968803461011695 __DUMMY__ 0.12603173556199151	false	0.5
entziehen	neg 1.0		off 0.4434350348538882 neg 0.4305210686317355 __DUMMY__ 0.12604389651437636	false	0.5
finanzkrise	neg 1.0		off 0.4386257914625931 neg 0.4353170063084509 __DUMMY__ 0.12605720222895603	false	0.5
schimpfend	neg 1.0		off 0.447023580041774 neg 0.4272579824420166 __DUMMY__ 0.12571843751620934	false	0.5
profan	neg 1.0		off 0.446468139641144 neg 0.42761097574969764 __DUMMY__ 0.1259208846091584	false	0.5
korruption	neg 1.0		off 0.44086455786839635 neg 0.43320347110813606 __DUMMY__ 0.12593197102346765	false	0.5
schmutzig	neg 1.0		off 0.44779914256497527 neg 0.4264509824848634 __DUMMY__ 0.12574987495016143	false	0.5
abraten	neg 1.0		off 0.4469862931517098 neg 0.427127704463842 __DUMMY__ 0.12588600238444822	false	0.5
sexy	neg 1.0		off 0.45798610392053574 neg 0.427823024557233 __DUMMY__ 0.11419087152223124	false	0.5
fotze	off 1.0		off 0.4579893228302847 neg 0.41744169398565956 __DUMMY__ 0.12456898318405571	false	1.0
schwarz	neg 1.0		off 0.445195039594601 neg 0.4290787997332382 __DUMMY__ 0.12572616067216083	false	0.5
verwirren	neg 1.0		off 0.44690379258254354 neg 0.4272531832049902 __DUMMY__ 0.12584302421246635	false	0.5
zahnlos	off 1.0		off 0.4444181054745085 neg 0.42950942242196255 __DUMMY__ 0.12607247210352898	false	1.0
verheeren	neg 1.0		off 0.4382019286074963 neg 0.4359253071046725 __DUMMY__ 0.12587276428783126	false	0.5
rammen	neg 1.0		off 0.4479773844612163 neg 0.42624429880650144 __DUMMY__ 0.12577831673228224	false	0.5
unlauter	neg 1.0		off 0.4406395034159348 neg 0.4335625718674176 __DUMMY__ 0.12579792471664755	false	0.5
unheilvoll	neg 1.0		off 0.44623434954027047 neg 0.428054447451518 __DUMMY__ 0.12571120300821143	false	0.5
niedrig	neg 1.0		off 0.4413042747491617 neg 0.4322174803099588 __DUMMY__ 0.1264782449408795	false	0.5
weichei	off 1.0		off 0.4495210357925109 neg 0.4248380379405329 __DUMMY__ 0.12564092626695625	false	1.0
explosion	neg 1.0		neg 0.4413113740571042 off 0.43383207458235323 __DUMMY__ 0.12485655136054268	false	1.0
minusmensch	off 1.0		off 0.45432671850848644 neg 0.42029118854944586 __DUMMY__ 0.12538209294206776	false	1.0
farblos	neg 1.0		off 0.445723317105603 neg 0.427925040520635 __DUMMY__ 0.12635164237376195	false	0.5
unwissend	neg 1.0		off 0.4469919562665491 neg 0.4271769569154334 __DUMMY__ 0.12583108681801744	false	0.5
traurig	neg 1.0		off 0.4480844299467636 neg 0.42615087705862753 __DUMMY__ 0.125764692994609	false	0.5
senkung	neg 1.0		neg 0.4379794186673959 off 0.43627231728299803 __DUMMY__ 0.1257482640496059	false	1.0
ungleich	neg 1.0		off 0.44385109484558105 neg 0.430190692913335 __DUMMY__ 0.12595821224108397	false	0.5
heikel	neg 1.0		off 0.44405384377122503 neg 0.43002141631842505 __DUMMY__ 0.12592473991035003	false	0.5
drosselung	neg 1.0		off 0.43733706293427016 neg 0.43676254347391036 __DUMMY__ 0.12590039359181948	false	0.5
falsch	neg 1.0		off 0.44691744223382246 neg 0.4272446872891922 __DUMMY__ 0.1258378704769854	false	0.5
unzufriedenheit	neg 1.0		off 0.44317268416679095 neg 0.43083839276676805 __DUMMY__ 0.125988923066441	false	0.5
kurz	neg 1.0		off 0.4466148637517996 neg 0.4274312999538059 __DUMMY__ 0.12595383629439458	false	0.5
unsinnig	neg 1.0		off 0.4446992341389586 neg 0.42943582497924493 __DUMMY__ 0.12586494088179634	false	0.5
penner	off 1.0		off 0.44920451338295575 neg 0.4251665938673304 __DUMMY__ 0.1256288927497139	false	1.0
seicht	neg 1.0		off 0.44766975882481885 neg 0.4264625902980441 __DUMMY__ 0.12586765087713697	false	0.5
dummheit	off 1.0		off 0.4456233045001858 neg 0.42852377768218197 __DUMMY__ 0.1258529178176322	false	1.0
unerfreulich	neg 1.0		off 0.4439950682538428 neg 0.42999934990427796 __DUMMY__ 0.12600558184187927	false	0.5
pikiert	neg 1.0		off 0.44677687633664637 neg 0.427363632076479 __DUMMY__ 0.1258594915868746	false	0.5
motherfucker	off 1.0		off 0.42257237977771833 __DUMMY__ 0.2901816135786964 neg 0.28724600664358513	false	1.0
wrack	neg 1.0		off 0.444274298270187 neg 0.42967063392687405 __DUMMY__ 0.12605506780293904	false	0.5
gangster	neg 1.0		off 0.43990955887926536 neg 0.3439334193149178 __DUMMY__ 0.21615702180581697	false	0.5
krank	neg 1.0		off 0.4484562222773685 neg 0.42580129110082815 __DUMMY__ 0.1257424866218034	false	0.5
reich	neg 1.0		off 0.4441375416040166 neg 0.4297948344162506 __DUMMY__ 0.12606762397973276	false	0.5
gnadenlos	neg 1.0		off 0.44603808232503694 neg 0.4280055357052903 __DUMMY__ 0.12595638196967274	false	0.5
niedergeschlagen	neg 1.0		off 0.445204180708764 neg 0.42883686918958436 __DUMMY__ 0.12595895010165176	false	0.5
terrorisieren	off 1.0	off 1.0	off 0.7096526040310214 neg 0.23038501196733735 __DUMMY__ 0.05996238400164122	false	1.0
sinnlosigkeit	neg 1.0		off 0.44452080755541523 neg 0.4295585752775202 __DUMMY__ 0.1259206171670644	false	0.5
behindern	neg 1.0		off 0.4410269728613529 neg 0.43310303044960013 __DUMMY__ 0.12586999668904691	false	0.5
undemokratisch	neg 1.0		off 0.4427711870144428 neg 0.43153864512793944 __DUMMY__ 0.12569016785761783	false	0.5
wirtschaftskrise	neg 1.0		off 0.4395311063028669 neg 0.4343137449960248 __DUMMY__ 0.1261551487011082	false	0.5
neid	neg 1.0		off 0.4469321926338409 neg 0.42706147516467907 __DUMMY__ 0.12600633220148016	false	0.5
rutschen	neg 1.0		off 0.44523047774520075 neg 0.4286120161738107 __DUMMY__ 0.1261575060809885	false	0.5
rezession	neg 1.0		off 0.437733708467112 neg 0.43609001155956106 __DUMMY__ 0.12617627997332687	false	0.5
fehlgeburt	neg 1.0		off 0.44700376735052055 neg 0.4273719470793959 __DUMMY__ 0.12562428557008357	false	0.5
charakterschwach	off 1.0		off 0.446521730587388 neg 0.4276345963446533 __DUMMY__ 0.12584367306795885	false	1.0
isolation	neg 1.0		neg 0.44465171509253354 off 0.4311390654652034 __DUMMY__ 0.12420921944226304	false	1.0
ablenkung	neg 1.0		off 0.4460685931038302 neg 0.4280504123715749 __DUMMY__ 0.1258809945245951	false	0.5
pech	neg 1.0		off 0.44795969376360695 neg 0.42614943403439404 __DUMMY__ 0.12589087220199904	false	0.5
dominieren	neg 1.0		off 0.44058147122104985 neg 0.43307259676573756 __DUMMY__ 0.12634593201321262	false	0.5
vermeidung	neg 1.0		neg 0.4381206830516027 off 0.43625003411166596 __DUMMY__ 0.1256292828367313	false	1.0
schwindlig	neg 1.0		off 0.44910016894382754 neg 0.4252480677476933 __DUMMY__ 0.12565176330847924	false	0.5
lutscher	neg 1.0		off 0.4526402138207739 neg 0.4220202191926259 __DUMMY__ 0.12533956698660026	false	0.5
pflicht	neg 1.0		off 0.4437959070882488 neg 0.43016610605202427 __DUMMY__ 0.12603798685972684	false	0.5
faschist	off 1.0		off 0.44519564853149585 neg 0.4290011965067797 __DUMMY__ 0.1258031549617245	false	1.0
verschleudern	neg 1.0		off 0.4413492291181767 neg 0.43261092934680134 __DUMMY__ 0.12603984153502207	false	0.5
ehebruch	neg 1.0		off 0.4444200120927246 neg 0.4296099504175163 __DUMMY__ 0.12597003748975913	false	0.5
trostlosigkeit	neg 1.0		off 0.44348859718859795 neg 0.4305190469968601 __DUMMY__ 0.12599235581454193	false	0.5
lutschen	neg 1.0		off 0.45311331019069534 neg 0.4219401130491841 __DUMMY__ 0.12494657676012046	false	0.5
spott	off 1.0		off 0.4437755553656332 neg 0.43025511966328495 __DUMMY__ 0.12596932497108193	false	1.0
undiszipliniert	neg 1.0		off 0.44803322519763356 neg 0.4262654008185012 __DUMMY__ 0.12570137398386524	false	0.5
kopfschmerz	neg 1.0		off 0.4468501327605071 neg 0.42751966264852276 __DUMMY__ 0.12563020459097013	false	0.5
unvorhergesehen	neg 1.0		off 0.44574381914662 neg 0.428238946089523 __DUMMY__ 0.12601723476385698	false	0.5
desinteressiert	neg 1.0		off 0.4478528384697904 neg 0.4263512124725282 __DUMMY__ 0.12579594905768152	false	0.5
armselig	off 1.0		off 0.4466136139280666 neg 0.42744080560949754 __DUMMY__ 0.12594558046243584	false	1.0
tod	neg 1.0		off 0.4436141548476955 neg 0.4303593953190009 __DUMMY__ 0.1260264498333035	false	0.5
desaster	neg 1.0		off 0.4421041113758928 neg 0.43182187568132085 __DUMMY__ 0.1260740129427863	false	0.5
herzlos	neg 1.0		off 0.44785714974720764 neg 0.4263342437717395 __DUMMY__ 0.12580860648105277	false	0.5
unwissenheit	neg 1.0		off 0.4437592264778224 neg 0.4303856819971327 __DUMMY__ 0.12585509152504484	false	0.5
widersinnig	neg 1.0		off 0.44254280187423944 neg 0.4315808198937722 __DUMMY__ 0.12587637823198833	false	0.5
bedenklich	neg 1.0		off 0.4440205544133073 neg 0.4300467623490077 __DUMMY__ 0.12593268323768508	false	0.5
beanstanden	neg 1.0		off 0.4433032706117338 neg 0.4306489899355198 __DUMMY__ 0.12604773945274633	false	0.5
panisch	neg 1.0		off 0.44714227403504 neg 0.42710899891506143 __DUMMY__ 0.1257487270498987	false	0.5
abstrich	neg 1.0		off 0.44672619751984116 neg 0.4277402442885693 __DUMMY__ 0.12553355819158962	false	0.5
debil	off 1.0		off 0.4592912424482268 neg 0.41675197652162155 __DUMMY__ 0.12395678103015165	false	1.0
primitiv	neg 1.0		off 0.4469716985088462 neg 0.42706051323823 __DUMMY__ 0.12596778825292376	false	0.5
abschaum	off 1.0		off 0.4462965606587037 neg 0.4278311402964073 __DUMMY__ 0.1258722990448889	false	1.0
tot	neg 1.0		off 0.447329325809369 neg 0.4269597822888506 __DUMMY__ 0.1257108919017805	false	0.5
provozieren	neg 1.0		off 0.4455623483290633 neg 0.42853827401010125 __DUMMY__ 0.12589937766083545	false	0.5
instabil	neg 1.0		off 0.44500242623923747 neg 0.4288620258964368 __DUMMY__ 0.12613554786432588	false	0.5
schwuchtel	off 1.0		off 0.45323647157583524 neg 0.421584202259281 __DUMMY__ 0.12517932616488367	false	1.0
zerren	neg 1.0		off 0.4453934335498387 neg 0.4287093912359829 __DUMMY__ 0.12589717521417831	false	0.5
kinderficker	off 1.0		off 0.4467866169332569 neg 0.4275446311646942 __DUMMY__ 0.12566875190204904	false	1.0
gefahr	neg 1.0		off 0.4408377334688174 neg 0.4329934817465365 __DUMMY__ 0.12616878478464608	false	0.5
rabiat	neg 1.0		off 0.44557919657800643 neg 0.42843092533876126 __DUMMY__ 0.12598987808323237	false	0.5
verlangsamung	neg 1.0		off 0.4390891850503062 neg 0.4345014892276683 __DUMMY__ 0.12640932572202562	false	0.5
anklagen	neg 1.0		off 0.44083107814178557 neg 0.43327124042905324 __DUMMY__ 0.12589768142916116	false	0.5
ausgestorben	neg 1.0		off 0.4451042437030679 neg 0.4288156587413325 __DUMMY__ 0.12608009755559957	false	0.5
verminderung	neg 1.0		neg 0.4382428375761236 off 0.4360087388269105 __DUMMY__ 0.125748423596966	false	1.0
rost	neg 1.0		off 0.4424899179075275 neg 0.43077930342624837 __DUMMY__ 0.12673077866622406	false	0.5
destruktiv	neg 1.0		off 0.4444786402271598 neg 0.4296206835571326 __DUMMY__ 0.1259006762157076	false	0.5
unzumutbarkeit	neg 1.0		off 0.4408088268631497 neg 0.4331784168615091 __DUMMY__ 0.12601275627534117	false	0.5
labil	off 1.0	off 1.0	off 0.7887173976789341 neg 0.1623702956992356 __DUMMY__ 0.048912306621830264	false	1.0
ziemlich	neg 1.0		off 0.4479454283270752 neg 0.4262443566604405 __DUMMY__ 0.12581021501248435	false	0.5
lachnummer	off 1.0		off 0.4445643492363534 neg 0.4294498020570954 __DUMMY__ 0.1259858487065512	false	1.0
ausgrenzung	neg 1.0		off 0.44146168633725485 neg 0.432659664716328 __DUMMY__ 0.12587864894641698	false	0.5
verfall	neg 1.0		off 0.4420820618587164 neg 0.43188203508358325 __DUMMY__ 0.12603590305770046	false	0.5
unordnung	neg 1.0	neg 1.0	neg 0.6984099144927384 off 0.24106781277902659 __DUMMY__ 0.06052227272823507	false	1.0
fehlverhalten	neg 1.0		off 0.44313798269361476 neg 0.43090230518527534 __DUMMY__ 0.12595971212110982	false	0.5
nille	neg 1.0		off 0.46032334690801907 neg 0.4155597521569385 __DUMMY__ 0.12411690093504253	false	0.5
qual	neg 1.0		off 0.4473259129978725 neg 0.4379424882241106 __DUMMY__ 0.1147315987780169	false	0.5
riesig	neg 1.0		off 0.45157036345791995 neg 0.42261983021987704 __DUMMY__ 0.125809806322203	false	0.5
verschwenden	neg 1.0		off 0.444664427997343 neg 0.4294111625951813 __DUMMY__ 0.1259244094074757	false	0.5
verurteilen	neg 1.0		off 0.44374665574387195 neg 0.43037339410000275 __DUMMY__ 0.12587995015612527	false	0.5
klischee	neg 1.0		off 0.44642079064911366 neg 0.42764987574307867 __DUMMY__ 0.12592933360780761	false	0.5
diktatorisch	neg 1.0		off 0.4432063890515329 neg 0.4310709946823547 __DUMMY__ 0.1257226162661123	false	0.5
vorhersehbar	neg 1.0		off 0.4458279651584331 neg 0.42815651592067644 __DUMMY__ 0.12601551892089038	false	0.5
stornieren	neg 1.0		off 0.44376124453260124 neg 0.43034903298049 __DUMMY__ 0.1258897224869088	false	0.5
besteuerung	neg 1.0		off 0.43715759703773027 neg 0.4368616196295794 __DUMMY__ 0.12598078333269036	false	0.5
ungeschminkt	neg 1.0		off 0.45144350640886466 neg 0.4232928314078485 __DUMMY__ 0.12526366218328674	false	0.5
kritisch	neg 1.0		off 0.44373979069007696 neg 0.4302874881798955 __DUMMY__ 0.12597272113002753	false	0.5
schlamperei	off 1.0		off 0.44112650508958806 neg 0.4328697494995749 __DUMMY__ 0.12600374541083706	false	1.0
sucht	neg 1.0		off 0.4448671960011727 neg 0.42858339075215657 __DUMMY__ 0.12654941324667066	false	0.5
egoistisch	off 1.0		off 0.4480773733058415 neg 0.4262683609472402 __DUMMY__ 0.12565426574691835	false	1.0
ausbeuter	off 1.0		off 0.4432492335362298 neg 0.43079220230468446 __DUMMY__ 0.12595856415908566	false	1.0
arschgeburt			off 0.4542419965590923 neg 0.42072224049739954 __DUMMY__ 0.12503576294350818	false	0.0
schubs	neg 1.0		off 0.4482917577044114 neg 0.42615946471080585 __DUMMY__ 0.12554877758478278	false	0.5
unsolide	neg 1.0		off 0.4429568619137709 neg 0.4312822031190406 __DUMMY__ 0.12576093496718846	false	0.5
beschwerde	neg 1.0		off 0.4412444666497736 neg 0.4328889267165591 __DUMMY__ 0.12586660663366717	false	0.5
stocken	neg 1.0		off 0.4397415739845785 neg 0.43395397833000726 __DUMMY__ 0.12630444768541424	false	0.5
isolieren	neg 1.0		off 0.4404402741992871 neg 0.43346627804052573 __DUMMY__ 0.1260934477601871	false	0.5
unheilbar	neg 1.0		off 0.4453086474405046 neg 0.42878734839027816 __DUMMY__ 0.12590400416921724	false	0.5
pisser	off 1.0		off 0.4541809851744714 neg 0.4205928150925446 __DUMMY__ 0.125226199732984	false	1.0
löschen	neg 1.0		off 0.44701676441420846 neg 0.4291149893006365 __DUMMY__ 0.123868246285155	false	0.5
durchfallen	neg 1.0		off 0.4445112813744279 neg 0.4296207452353642 __DUMMY__ 0.12586797339020794	false	0.5
wichser	off 1.0		off 0.4495380718804972 neg 0.4248324999784808 __DUMMY__ 0.1256294281410219	false	1.0
terror	neg 1.0		neg 0.43878982967828517 off 0.43649148991384634 __DUMMY__ 0.12471868040786847	false	1.0
krass	neg 1.0		off 0.45129039661160103 neg 0.4233353530815042 __DUMMY__ 0.1253742503068948	false	0.5
revolte	neg 1.0		off 0.44005559530015365 neg 0.4338355700580412 __DUMMY__ 0.12610883464180506	false	0.5
besorgt	neg 1.0		off 0.4454492136138017 neg 0.42863908058137234 __DUMMY__ 0.12591170580482608	false	0.5
nachlassen	neg 1.0		off 0.4438390964051258 neg 0.4301282032770115 __DUMMY__ 0.1260327003178626	false	0.5
alt	neg 1.0		off 0.44914700478050384 neg 0.42486218610340165 __DUMMY__ 0.12599080911609456	false	0.5
hundesohn	off 1.0		off 0.4564737316907446 neg 0.418806457254459 __DUMMY__ 0.12471981105479626	false	1.0
abschreckung	neg 1.0		off 0.44261143203530134 neg 0.43144424323722763 __DUMMY__ 0.12594432472747097	false	0.5
unqualifiziert	neg 1.0		off 0.44530568221948913 neg 0.4289085508951799 __DUMMY__ 0.12578576688533105	false	0.5
abgewichst	off 1.0		off 0.45817663123683366 neg 0.417476169508881 __DUMMY__ 0.12434719925428536	false	1.0
kapitulation	neg 1.0		off 0.44141835188633693 neg 0.4325496639086087 __DUMMY__ 0.1260319842050544	false	0.5
schwer	neg 1.0		off 0.4457523126526398 neg 0.42825311202919414 __DUMMY__ 0.12599457531816616	false	0.5
bedeutungslosigkeit	neg 1.0		off 0.4431513310402248 neg 0.43080387778299456 __DUMMY__ 0.12604479117678066	false	0.5
unscharf	neg 1.0		off 0.4492979742628987 neg 0.4251808227120304 __DUMMY__ 0.1255212030250708	false	0.5
schwinden	neg 1.0		off 0.44020898664906954 neg 0.43358727372766487 __DUMMY__ 0.12620373962326567	false	0.5
versklavung	neg 1.0		off 0.44067106071212303 neg 0.433496182370506 __DUMMY__ 0.12583275691737095	false	0.5
schlecht	neg 1.0		off 0.4473983154758663 neg 0.4267555685578463 __DUMMY__ 0.12584611596628736	false	0.5
verhasst	neg 1.0		off 0.4449484020509613 neg 0.42910173986344063 __DUMMY__ 0.1259498580855981	false	0.5
beschweren	neg 1.0		off 0.44600312293148303 neg 0.4280067290047157 __DUMMY__ 0.12599014806380132	false	0.5
scheiden	neg 1.0		off 0.4460328618367941 neg 0.42796281008320836 __DUMMY__ 0.12600432807999773	false	0.5
frustriert	neg 1.0		off 0.4453035812307303 neg 0.4287628196140582 __DUMMY__ 0.12593359915521132	false	0.5
schimmelig	neg 1.0		off 0.45143146340624507 neg 0.423161335081603 __DUMMY__ 0.125407201512152	false	0.5
fisch	neg 1.0		off 0.44904090569687916 neg 0.42491990557153414 __DUMMY__ 0.12603918873158668	false	0.5
schmuggel	neg 1.0		off 0.44417983056375515 neg 0.42983592994170183 __DUMMY__ 0.12598423949454302	false	0.5
auffallen	neg 1.0		off 0.4459449878248262 neg 0.42812348217701696 __DUMMY__ 0.12593152999815696	false	0.5
konkurrenz	neg 1.0		off 0.4433470578437018 neg 0.4306202611378257 __DUMMY__ 0.1260326810184725	false	0.5
teufelskreis	neg 1.0		off 0.4451198619963361 neg 0.42888666380382173 __DUMMY__ 0.12599347419984228	false	0.5
aufschreien	neg 1.0		off 0.44657220784513807 neg 0.42749341457647677 __DUMMY__ 0.1259343775783851	false	0.5
missgeburt	off 1.0		off 0.4542581016164593 neg 0.42056636226064226 __DUMMY__ 0.1251755361228984	false	1.0
schuldner	neg 1.0		off 0.4403334616360005 neg 0.4336186206729083 __DUMMY__ 0.12604791769109136	false	0.5
befallen	neg 1.0		off 0.4427966875874271 neg 0.4314716834179147 __DUMMY__ 0.12573162899465815	false	0.5
arbeitslos	neg 1.0		off 0.4445215625019971 neg 0.4295135522300712 __DUMMY__ 0.12596488526793176	false	0.5
miesepetrig	off 1.0		off 0.44748924687267344 neg 0.42673612970479013 __DUMMY__ 0.1257746234225366	false	1.0
alarmieren	neg 1.0		off 0.4391992753456046 neg 0.43468081230593714 __DUMMY__ 0.1261199123484582	false	0.5
ungeduscht	off 1.0		off 0.44996586078108697 neg 0.42464161495141933 __DUMMY__ 0.12539252426749373	false	1.0
knappheit	neg 1.0		off 0.44041439268502647 neg 0.43344630715778304 __DUMMY__ 0.12613930015719052	false	0.5
schlange	neg 1.0		off 0.4464547087268475 neg 0.427562321959002 __DUMMY__ 0.12598296931415046	false	0.5
harsch	neg 1.0		off 0.44085470601458465 neg 0.4332866861989038 __DUMMY__ 0.1258586077865115	false	0.5
lang	neg 1.0	neg 1.0	neg 0.660937962534818 off 0.27188200069304996 __DUMMY__ 0.06718003677213201	false	1.0
ziellos	neg 1.0		off 0.4450829593059055 neg 0.4289019072408309 __DUMMY__ 0.1260151334532635	false	0.5
selbstverliebt	neg 1.0		off 0.4505052181016411 neg 0.4239397266858948 __DUMMY__ 0.12555505521246413	false	0.5
beseitigen	neg 1.0		off 0.44074278776382575 neg 0.4330775249692712 __DUMMY__ 0.1261796872669031	false	0.5
dumm	off 1.0		off 0.4489529702747395 neg 0.42537503544974586 __DUMMY__ 0.1256719942755147	false	1.0
arbeitsloser	neg 1.0		off 0.4442511400020363 neg 0.42975333057441395 __DUMMY__ 0.12599552942354977	false	0.5
blitzen	neg 1.0		off 0.44542245093044713 neg 0.4269546793280867 __DUMMY__ 0.12762286974146606	false	0.5
hilflos	neg 1.0		off 0.44536221247927965 neg 0.4287977430202865 __DUMMY__ 0.12584004450043376	false	0.5
eklig	off 1.0		off 0.4506257867275774 neg 0.4239183593310014 __DUMMY__ 0.1254558539414212	false	1.0
hungersnot	neg 1.0		off 0.4411511977591539 neg 0.4326831116636323 __DUMMY__ 0.12616569057721383	false	0.5
ungesetzlich	neg 1.0		off 0.44250390760060904 neg 0.4316364776093828 __DUMMY__ 0.12585961479000812	false	0.5
verschwendung	neg 1.0		off 0.44419712533700684 neg 0.42985692776950074 __DUMMY__ 0.1259459468934925	false	0.5
schmerzvoll	neg 1.0		off 0.4465537676976826 neg 0.4275881750322064 __DUMMY__ 0.125858057270111	false	0.5
vorzeitig	neg 1.0		off 0.43916942147412935 neg 0.4347553444117888 __DUMMY__ 0.12607523411408172	false	0.5
unvollkommenheit	neg 1.0		off 0.4449862140579916 neg 0.4290883843025084 __DUMMY__ 0.12592540163949997	false	0.5
intervenieren	neg 1.0		off 0.44263637516000476 neg 0.43146519949467294 __DUMMY__ 0.12589842534532247	false	0.5
banause	off 1.0		off 0.4493808729542326 neg 0.4250608616833759 __DUMMY__ 0.1255582653623915	false	1.0
rebell	neg 1.0		off 0.4539814043118979 neg 0.421396891706298 __DUMMY__ 0.12462170398180428	false	0.5
unlogisch	neg 1.0		off 0.44773539146681557 neg 0.4265368466171732 __DUMMY__ 0.12572776191601126	false	0.5
abschaffung	neg 1.0		off 0.4395577647199424 neg 0.43461431045006754 __DUMMY__ 0.12582792482999	false	0.5
leiden	neg 1.0		off 0.44609556680673307 neg 0.4279134571228028 __DUMMY__ 0.12599097607046422	false	0.5
sturz	neg 1.0		off 0.44079487335917694 neg 0.43305420129347705 __DUMMY__ 0.12615092534734604	false	0.5
verkleinerung	neg 1.0		off 0.43864121265810724 neg 0.4353617839862906 __DUMMY__ 0.12599700335560204	false	0.5
schmarotzer	off 1.0		off 0.4446406524578277 neg 0.42947628361937357 __DUMMY__ 0.1258830639227988	false	1.0
bestrafung	neg 1.0		off 0.44614690231896137 neg 0.4279472458185982 __DUMMY__ 0.12590585186244055	false	0.5
achtlos	neg 1.0		off 0.44536910237929483 neg 0.4287708412097435 __DUMMY__ 0.12586005641096182	false	0.5
ungeheuer	neg 1.0		off 0.44727489091005784 neg 0.4267011028841398 __DUMMY__ 0.12602400620580229	false	0.5
unaufrichtig	neg 1.0		off 0.44560152819598375 neg 0.4287849980458384 __DUMMY__ 0.1256134737581777	false	0.5
groggy	neg 1.0		off 0.451298439107302 neg 0.42312109193708447 __DUMMY__ 0.12558046895561362	false	0.5
verletzlich	neg 1.0		off 0.4476826190239717 neg 0.4265327471029709 __DUMMY__ 0.1257846338730574	false	0.5
ablehnen	neg 1.0		off 0.4436045479610183 neg 0.43051987170142564 __DUMMY__ 0.12587558033755614	false	0.5
kollaps	neg 1.0		off 0.4387656954534314 neg 0.43515657718185663 __DUMMY__ 0.12607772736471196	false	0.5
beschnitten	neg 1.0		off 0.44596720236081333 neg 0.4281238069700156 __DUMMY__ 0.12590899066917108	false	0.5
defekt	neg 1.0		off 0.4398461435682912 neg 0.43431171917229616 __DUMMY__ 0.12584213725941268	false	0.5
dreckskerl	off 1.0		off 0.44778777116901863 neg 0.42655318656655095 __DUMMY__ 0.12565904226443034	false	1.0
deine	neg 1.0		off 0.449241418766055 neg 0.4251692352542776 __DUMMY__ 0.1255893459796673	false	0.5
aufgeben	neg 1.0		off 0.4462357874498277 neg 0.42770241603485704 __DUMMY__ 0.1260617965153152	false	0.5
durcheinander	neg 1.0		off 0.44683746113432266 neg 0.42722685165401103 __DUMMY__ 0.12593568721166626	false	0.5
unterbrechen	neg 1.0		off 0.44495785093108925 neg 0.42905580381596475 __DUMMY__ 0.1259863452529459	false	0.5
vergammeln	neg 1.0		off 0.44653301435393733 neg 0.42754291929610194 __DUMMY__ 0.12592406634996073	false	0.5
grotesk	neg 1.0		off 0.44456227102934887 neg 0.4294266388943486 __DUMMY__ 0.12601109007630254	false	0.5
elendig	neg 1.0		off 0.4466093771301464 neg 0.4275781178421617 __DUMMY__ 0.12581250502769184	false	0.5
naiv	off 1.0		off 0.446248906344929 neg 0.4277614738907746 __DUMMY__ 0.12598961976429643	false	1.0
uneinigkeit	neg 1.0		off 0.44016149241792835 neg 0.4338372031493468 __DUMMY__ 0.12600130443272492	false	0.5
fragil	neg 1.0		neg 0.4399032342017819 off 0.43649328241269264 __DUMMY__ 0.12360348338552542	false	1.0
provisorisch	neg 1.0		off 0.4446701823927386 neg 0.42917978625330633 __DUMMY__ 0.12615003135395522	false	0.5
landei	off 1.0		off 0.4494848755272987 neg 0.42472021932798604 __DUMMY__ 0.12579490514471514	false	1.0
bedauerlich	neg 1.0		off 0.4442077031362654 neg 0.42982503573619835 __DUMMY__ 0.1259672611275362	false	0.5
krieg	neg 1.0		off 0.4452231757418953 neg 0.42885263848453264 __DUMMY__ 0.12592418577357206	false	0.5
traurigkeit	neg 1.0		off 0.4458932623701918 neg 0.42816325415974 __DUMMY__ 0.12594348347006817	false	0.5
monotonie	neg 1.0		off 0.44469240666328147 neg 0.4292571398322733 __DUMMY__ 0.12605045350444524	false	0.5
unliebsam	neg 1.0		off 0.44513249338874994 neg 0.42892744668820415 __DUMMY__ 0.1259400599230459	false	0.5
drift	neg 1.0		neg 0.4605108018588882 off 0.42542680684082235 __DUMMY__ 0.11406239130028953	false	1.0
chaos	neg 1.0		off 0.4421631543759954 neg 0.4318561723878833 __DUMMY__ 0.12598067323612144	false	0.5
blutig	neg 1.0		off 0.446600703997732 neg 0.4274358532277466 __DUMMY__ 0.12596344277452148	false	0.5
