unsolidarisch	neg 1.0		off 0.36469709797866134 neg 0.3539624344033109 __DUMMY__ 0.2813404676180277	false	0.5
nachteilig	neg 1.0		off 0.3636985683990763 neg 0.3543744237247949 __DUMMY__ 0.28192700787612873	false	0.5
skeptisch	neg 1.0		off 0.3645296237857523 neg 0.3535174656047276 __DUMMY__ 0.2819529106095201	false	0.5
schrecklich	neg 1.0		off 0.36930173228498736 neg 0.34949966886609163 __DUMMY__ 0.2811985988489209	false	0.5
schlapp	neg 1.0		off 0.3694933990574445 neg 0.34915258136771676 __DUMMY__ 0.2813540195748387	false	0.5
abfall	neg 1.0		off 0.36372463011490924 neg 0.35403676771818166 __DUMMY__ 0.282238602166909	false	0.5
widerspenstig	neg 1.0		off 0.36680510553640655 neg 0.3516798941020404 __DUMMY__ 0.281515000361553	false	0.5
abrupt	neg 1.0		off 0.3654379302536031 neg 0.3524227725418219 __DUMMY__ 0.282139297204575	false	0.5
unwirksam	neg 1.0		neg 0.35908125159775417 off 0.3589795615940113 __DUMMY__ 0.2819391868082345	false	1.0
angreifen	neg 1.0		off 0.36453405910361963 neg 0.35359786678539085 __DUMMY__ 0.28186807411098963	false	0.5
inkonsistent	neg 1.0		off 0.36658859525818965 neg 0.3514074035840669 __DUMMY__ 0.2820040011577435	false	0.5
abrutschen	neg 1.0		off 0.3645276342159897 neg 0.353566661002176 __DUMMY__ 0.28190570478183435	false	0.5
unsicher	neg 1.0		off 0.36657263868113493 neg 0.35164590135582735 __DUMMY__ 0.28178145996303766	false	0.5
bauernkind	off 1.0		off 0.3733660671793364 neg 0.3462496197377021 __DUMMY__ 0.2803843130829615	false	1.0
angreifer	neg 1.0		off 0.3618272314693786 neg 0.3564430298488575 __DUMMY__ 0.28172973868176393	false	0.5
trennen	neg 1.0		off 0.3655007327153222 neg 0.35218082550881 __DUMMY__ 0.28231844177586785	false	0.5
schmutz	neg 1.0		off 0.3619783452739251 neg 0.3559280554496943 __DUMMY__ 0.2820935992763806	false	0.5
inkonsistenz	neg 1.0		off 0.36732992958888894 neg 0.3511177419591113 __DUMMY__ 0.28155232845199984	false	0.5
erschreckend	neg 1.0		off 0.3653326361487257 neg 0.35285282827514236 __DUMMY__ 0.2818145355761319	false	0.5
ertrinken	neg 1.0		off 0.36583295765624063 neg 0.3526723982195898 __DUMMY__ 0.28149464412416964	false	0.5
pickelface	off 1.0		off 0.37778737434951787 neg 0.34267338218807203 __DUMMY__ 0.27953924346241016	false	1.0
lauch	neg 1.0		off 0.3748800755680711 neg 0.3450903350439661 __DUMMY__ 0.28002958938796274	false	0.5
steuerhinterziehung	neg 1.0		off 0.3616151738469345 neg 0.3567135330024702 __DUMMY__ 0.2816712931505954	false	0.5
unwichtig	neg 1.0		off 0.3674040096089171 neg 0.3509809861598148 __DUMMY__ 0.28161500423126806	false	0.5
schock	neg 1.0		off 0.3665967171107139 neg 0.35134901648461575 __DUMMY__ 0.2820542664046704	false	0.5
vergelten	neg 1.0		off 0.3640580060448951 neg 0.35501533881800335 __DUMMY__ 0.28092665513710174	false	0.5
beule	neg 1.0		off 0.37020893587198617 neg 0.34862544031420456 __DUMMY__ 0.2811656238138094	false	0.5
verdorbenheit	neg 1.0		off 0.36437363595482114 neg 0.35223767857527366 __DUMMY__ 0.28338868546990514	false	0.5
trauma			off 0.39224151509340044 neg 0.3526469392179342 __DUMMY__ 0.25511154568866534	false	0.0
sinnlos	neg 1.0		off 0.36733383698200506 neg 0.3510992650996565 __DUMMY__ 0.2815668979183384	false	0.5
fettsack	off 1.0		off 0.3729315990491664 neg 0.34633600029440065 __DUMMY__ 0.28073240065643285	false	1.0
feige	off 1.0		off 0.3673520286997182 neg 0.3509467652930205 __DUMMY__ 0.2817012060072611	false	1.0
abdanken	neg 1.0		off 0.36479260235113803 neg 0.35360326754819993 __DUMMY__ 0.281604130100662	false	0.5
wichtigtuer	off 1.0	off 1.0	off 0.6722447049498481 neg 0.19266626293929315 __DUMMY__ 0.13508903211085874	false	1.0
misslingen	neg 1.0		off 0.36671015202398466 neg 0.35186180831602515 __DUMMY__ 0.2814280396599903	false	0.5
untreu	off 1.0		off 0.3674363032418458 neg 0.35087915023183314 __DUMMY__ 0.2816845465263212	false	1.0
missmutig	neg 1.0		off 0.36666288579321255 neg 0.3514756277630266 __DUMMY__ 0.28186148644376097	false	0.5
hurenbock	off 1.0		off 0.3731145399726341 neg 0.3468397718742333 __DUMMY__ 0.2800456881531327	false	1.0
betrunken	neg 1.0		off 0.36936844289188414 neg 0.3494982737379872 __DUMMY__ 0.2811332833701285	false	0.5
korrupt	off 1.0		off 0.36460658251149036 neg 0.3538641617483265 __DUMMY__ 0.28152925574018306	false	1.0
unmut	neg 1.0		off 0.363201446284224 neg 0.3548248189020911 __DUMMY__ 0.28197373481368493	false	0.5
hackfresse	off 1.0		off 0.3702481579922389 neg 0.3488192158834251 __DUMMY__ 0.280932626124336	false	1.0
aufblasen	neg 1.0		off 0.36733206700143867 neg 0.3510401106517712 __DUMMY__ 0.2816278223467902	false	0.5
gewaltsam	neg 1.0		off 0.3624992868321035 neg 0.35565772284744374 __DUMMY__ 0.28184299032045274	false	0.5
unbeliebtheit	neg 1.0		off 0.3615813342588995 neg 0.35652471224739624 __DUMMY__ 0.2818939534937043	false	0.5
sturheit	neg 1.0		off 0.36461850733526385 neg 0.35362072624213536 __DUMMY__ 0.28176076642260084	false	0.5
kuh	neg 1.0		off 0.37362123184639945 neg 0.34587809478657033 __DUMMY__ 0.2805006733670303	false	0.5
erschrecken	neg 1.0		off 0.3678504825264326 neg 0.35063931555719785 __DUMMY__ 0.28151020191636944	false	0.5
opfer	neg 1.0		off 0.36508518476479945 neg 0.35301885189374166 __DUMMY__ 0.2818959633414589	false	0.5
stinktier	neg 1.0		off 0.37329210923994355 neg 0.34625007431776295 __DUMMY__ 0.2804578164422937	false	0.5
sinken	neg 1.0		off 0.36140474464975303 neg 0.3559351280140014 __DUMMY__ 0.2826601273362455	false	0.5
tucke	off 1.0		off 0.3724159459705109 neg 0.34738795972378284 __DUMMY__ 0.28019609430570613	false	1.0
abstieg	neg 1.0		off 0.3630224780699925 neg 0.35482174795736793 __DUMMY__ 0.28215577397263963	false	0.5
missverstehen	neg 1.0		off 0.3666735458392351 neg 0.351574171302009 __DUMMY__ 0.28175228285875586	false	0.5
ergebnislos	neg 1.0		off 0.36109591009833103 neg 0.35665302064797016 __DUMMY__ 0.28225106925369886	false	0.5
manipulieren	neg 1.0		off 0.36482697044158496 neg 0.3536431509893557 __DUMMY__ 0.2815298785690595	false	0.5
verschleppen	neg 1.0		off 0.361698136408591 neg 0.3563550452947768 __DUMMY__ 0.28194681829663226	false	0.5
unbewiesen	neg 1.0		off 0.36317515001782485 neg 0.35494309499330556 __DUMMY__ 0.28188175498886964	false	0.5
weib	off 1.0		off 0.3722475592872016 neg 0.3472089021656025 __DUMMY__ 0.2805435385471958	false	1.0
opposition	neg 1.0		off 0.3600809101221106 neg 0.3587518419015378 __DUMMY__ 0.2811672479763517	false	0.5
verkehrswidrig	neg 1.0		off 0.36203384129691324 neg 0.3569183805587544 __DUMMY__ 0.2810477781443323	false	0.5
inkorrekt	neg 1.0		off 0.36720598007264277 neg 0.351194380131756 __DUMMY__ 0.28159963979560115	false	0.5
vermeiden	neg 1.0		off 0.362925178430195 neg 0.35485226689869515 __DUMMY__ 0.28222255467110974	false	0.5
abweichung	neg 1.0		off 0.36262553841576634 neg 0.3552023893641607 __DUMMY__ 0.28217207222007296	false	0.5
alkoholisiert	neg 1.0		off 0.36527441069780364 neg 0.3529275678802194 __DUMMY__ 0.2817980214219769	false	0.5
scheiss	off 1.0	off 1.0	off 0.6738286318064237 neg 0.1910499076545886 __DUMMY__ 0.13512146053898766	false	1.0
herausforderung	neg 1.0		off 0.3636276439008635 neg 0.3540020211429463 __DUMMY__ 0.2823703349561903	false	0.5
pervers	off 1.0		off 0.37209455751588477 neg 0.34749728153292897 __DUMMY__ 0.28040816095118626	false	1.0
wackelig	neg 1.0		off 0.3669461763584968 neg 0.3513415576635254 __DUMMY__ 0.2817122659779778	false	0.5
verwickeln	neg 1.0		off 0.36640249457709534 neg 0.3517368908725546 __DUMMY__ 0.28186061455035	false	0.5
vorwand	neg 1.0		off 0.3646889167954996 neg 0.353665351391593 __DUMMY__ 0.2816457318129075	false	0.5
muschi	off 1.0		off 0.3772192601655848 neg 0.3432017389284112 __DUMMY__ 0.2795790009060039	false	1.0
entmutigung	neg 1.0		off 0.36213531006442773 neg 0.3561956918143112 __DUMMY__ 0.28166899812126106	false	0.5
unstetig	neg 1.0		off 0.36510566620354934 neg 0.35317293937126476 __DUMMY__ 0.2817213944251859	false	0.5
unangemessen	neg 1.0		off 0.3649385637307619 neg 0.35328649941329 __DUMMY__ 0.2817749368559481	false	0.5
entmutigen	neg 1.0		off 0.36674964788023373 neg 0.3514619660915204 __DUMMY__ 0.28178838602824585	false	0.5
schwanz	neg 1.0		off 0.3751481897780995 neg 0.3456207959151412 __DUMMY__ 0.2792310143067594	false	0.5
verbot	neg 1.0		off 0.36225916469051994 neg 0.35603525277290377 __DUMMY__ 0.28170558253657635	false	0.5
leid	neg 1.0		off 0.3697621928405172 neg 0.34903488140398037 __DUMMY__ 0.2812029257555024	false	0.5
archaisch	neg 1.0		off 0.36509410592241504 neg 0.3532258392585963 __DUMMY__ 0.2816800548189887	false	0.5
scheidung	neg 1.0		off 0.35992094065405533 neg 0.35788760417230964 __DUMMY__ 0.2821914551736349	false	0.5
abgestanden	neg 1.0		off 0.3684979962842421 neg 0.3496341933507855 __DUMMY__ 0.2818678103649724	false	0.5
einschlag	neg 1.0		off 0.36247891194077037 neg 0.3554543946558822 __DUMMY__ 0.2820666934033474	false	0.5
schmierig	off 1.0		off 0.36933133877504004 neg 0.3493493170696594 __DUMMY__ 0.2813193441553007	false	1.0
unpraktisch	neg 1.0		off 0.3683599828971377 neg 0.35016886427923344 __DUMMY__ 0.28147115282362883	false	0.5
wixxer	off 1.0		off 0.3732384281543454 neg 0.34614802731654465 __DUMMY__ 0.28061354452910997	false	1.0
jammerlappen	off 1.0		off 0.36743092933640364 neg 0.3509961181755609 __DUMMY__ 0.2815729524880355	false	1.0
farce	neg 1.0		off 0.3623061157273453 neg 0.35589245792502333 __DUMMY__ 0.2818014263476315	false	0.5
zwecklos	neg 1.0		off 0.3650769125031755 neg 0.3530340441007799 __DUMMY__ 0.28188904339604465	false	0.5
turbulent	neg 1.0		off 0.36450515787485566 neg 0.35419395610132115 __DUMMY__ 0.2813008860238232	false	0.5
schuld	neg 1.0		off 0.36659900026623393 neg 0.3518752231923393 __DUMMY__ 0.28152577654142685	false	0.5
risiko	neg 1.0		off 0.36055472216174533 neg 0.35667891239483185 __DUMMY__ 0.2827663654434228	false	0.5
invasion	neg 1.0		neg 0.37267671061190977 off 0.3519893185549804 __DUMMY__ 0.27533397083310984	false	1.0
finster	neg 1.0		off 0.3687723439759919 neg 0.34951125106083886 __DUMMY__ 0.2817164049631692	false	0.5
geisteskrank	off 1.0		off 0.3673609759788594 neg 0.3509396858850155 __DUMMY__ 0.28169933813612524	false	1.0
ausbeute	neg 1.0		off 0.3653572662111209 neg 0.3516009070662048 __DUMMY__ 0.28304182672267436	false	0.5
zusammenbrechen	neg 1.0		off 0.3659058921663136 neg 0.35250579082633837 __DUMMY__ 0.2815883170073482	false	0.5
hinterhalt	neg 1.0		off 0.3649865430664926 neg 0.3531562281690966 __DUMMY__ 0.2818572287644108	false	0.5
kritik	neg 1.0		off 0.3625904105684521 neg 0.3556800335414997 __DUMMY__ 0.2817295558900482	false	0.5
einschrumpfen	neg 1.0		off 0.36222692312896226 neg 0.35795467758428395 __DUMMY__ 0.27981839928675384	false	0.5
riskant	neg 1.0		off 0.3651063741372782 neg 0.35305330805196267 __DUMMY__ 0.2818403178107591	false	0.5
frustrieren	neg 1.0		off 0.36553375340746647 neg 0.35256376644388493 __DUMMY__ 0.2819024801486485	false	0.5
groll	neg 1.0		off 0.364845988520852 neg 0.3532300470044665 __DUMMY__ 0.2819239644746815	false	0.5
qualvoll	neg 1.0		off 0.36741154654304164 neg 0.35126930520989114 __DUMMY__ 0.2813191482470672	false	0.5
wackeln	neg 1.0		off 0.36689552723483304 neg 0.3512075589925477 __DUMMY__ 0.2818969137726193	false	0.5
klagen	neg 1.0		off 0.36291424155209323 neg 0.3552904514134432 __DUMMY__ 0.28179530703446376	false	0.5
trauern	neg 1.0		off 0.36534364946585585 neg 0.35288035594063505 __DUMMY__ 0.281775994593509	false	0.5
ablehnung	neg 1.0		off 0.36209608058937953 neg 0.35602207178380324 __DUMMY__ 0.2818818476268173	false	0.5
bankrott	neg 1.0		neg 0.361419561132129 off 0.3577009028763492 __DUMMY__ 0.28087953599152193	false	1.0
stur	neg 1.0		off 0.36620014485287034 neg 0.3522752322535069 __DUMMY__ 0.28152462289362257	false	0.5
aufruhr	neg 1.0		off 0.36093257840612786 neg 0.3566747346452535 __DUMMY__ 0.2823926869486187	false	0.5
melancholie	neg 1.0		off 0.367997710707043 neg 0.3503400660894192 __DUMMY__ 0.28166222320353784	false	0.5
torheit	neg 1.0		off 0.36434943135259734 neg 0.35387186738076293 __DUMMY__ 0.28177870126663973	false	0.5
dreckskind	off 1.0		off 0.3758184241572134 neg 0.34418787945819984 __DUMMY__ 0.27999369638458677	false	1.0
umtauschen	neg 1.0		off 0.3682899549446471 neg 0.3503752376767933 __DUMMY__ 0.2813348073785597	false	0.5
zersetzen	neg 1.0		off 0.3639570288855635 neg 0.35419829611811093 __DUMMY__ 0.28184467499632543	false	0.5
frust	neg 1.0		off 0.36579198866989626 neg 0.35256682767606284 __DUMMY__ 0.28164118365404095	false	0.5
unerbittlichkeit	neg 1.0		off 0.3640092701460571 neg 0.35412562653634033 __DUMMY__ 0.2818651033176025	false	0.5
unkorrekt	neg 1.0		off 0.3676498198999484 neg 0.35109880258230486 __DUMMY__ 0.28125137751774665	false	0.5
hexe	off 1.0		off 0.3703396100617336 neg 0.34790705944292305 __DUMMY__ 0.2817533304953433	false	1.0
lasch	neg 1.0		off 0.3663461104143984 neg 0.3519684110665023 __DUMMY__ 0.28168547851909914	false	0.5
rivale	neg 1.0		off 0.3608534537794546 neg 0.3577625015148592 __DUMMY__ 0.28138404470568623	false	0.5
mutlos	off 1.0		off 0.36446415609083904 neg 0.35367257273462155 __DUMMY__ 0.28186327117453946	false	1.0
wirr	off 1.0		off 0.3695008106685711 neg 0.34976022930626594 __DUMMY__ 0.280738960025163	false	1.0
strafbar	neg 1.0		off 0.36480976910511737 neg 0.3533084298810498 __DUMMY__ 0.28188180101383276	false	0.5
erosion	neg 1.0	neg 1.0	neg 0.6619454350662839 off 0.1996076278396142 __DUMMY__ 0.1384469370941019	false	1.0
eingehen	neg 1.0		off 0.3651491416731685 neg 0.35302516053782207 __DUMMY__ 0.28182569778900957	false	0.5
faul	off 1.0		off 0.36960541778853145 neg 0.34932921083916046 __DUMMY__ 0.28106537137230814	false	1.0
provisorium	neg 1.0		off 0.3640133930660203 neg 0.3537958368512693 __DUMMY__ 0.28219077008271026	false	0.5
schmerzen	neg 1.0		off 0.3681497687899086 neg 0.3507243696607009 __DUMMY__ 0.2811258615493904	false	0.5
schrumpfen	neg 1.0		off 0.3627446903245109 neg 0.3550330116826672 __DUMMY__ 0.28222229799282195	false	0.5
geistlos	off 1.0		off 0.3660467824668571 neg 0.3522895371091153 __DUMMY__ 0.2816636804240275	false	1.0
frustrierend	neg 1.0		off 0.3676646439486134 neg 0.35057842682071566 __DUMMY__ 0.28175692923067086	false	0.5
fehlkauf	neg 1.0		off 0.3652998114568563 neg 0.35193624973290755 __DUMMY__ 0.2827639388102361	false	0.5
unzufrieden	neg 1.0		off 0.3650701282434321 neg 0.35300996988373406 __DUMMY__ 0.2819199018728339	false	0.5
verzweifeln	neg 1.0		off 0.36618167100554827 neg 0.3521025178694618 __DUMMY__ 0.2817158111249899	false	0.5
verzweifelt	neg 1.0		off 0.3668387203284537 neg 0.35137546067136793 __DUMMY__ 0.28178581900017846	false	0.5
misstrauensantrag	neg 1.0		off 0.3605395794255988 neg 0.35843440496048756 __DUMMY__ 0.2810260156139137	false	0.5
abfallen	neg 1.0		off 0.36836267545615625 neg 0.3503132271944701 __DUMMY__ 0.2813240973493736	false	0.5
fucker	off 1.0		__DUMMY__ 0.4190705975051845 off 0.3562692776194394 neg 0.22466012487537612	false	1.0
ungezogen	neg 1.0		off 0.37041652847978457 neg 0.3486630604089196 __DUMMY__ 0.2809204111112959	false	0.5
irrsinnig	neg 1.0		off 0.36688811548567346 neg 0.35147843713654947 __DUMMY__ 0.281633447377777	false	0.5
hart	neg 1.0		off 0.3742175550646703 neg 0.3459735899786676 __DUMMY__ 0.27980885495666197	false	0.5
unfassbar	neg 1.0		off 0.3674543830647337 neg 0.3506379216865936 __DUMMY__ 0.28190769524867265	false	0.5
widerlich	off 1.0		off 0.36780634162270837 neg 0.3507607228164589 __DUMMY__ 0.2814329355608329	false	1.0
fatal			off 0.3644472661642819 neg 0.3539383935998911 __DUMMY__ 0.28161434023582693	false	0.0
bruch	neg 1.0		off 0.36371634520204943 neg 0.35414822961557785 __DUMMY__ 0.28213542518237283	false	0.5
aushungern	neg 1.0		off 0.36288455954942134 neg 0.3556116888789717 __DUMMY__ 0.28150375157160706	false	0.5
anspannung	neg 1.0		off 0.36476852543858884 neg 0.3531604045325493 __DUMMY__ 0.28207107002886195	false	0.5
kraftlos	neg 1.0		off 0.36600497063699927 neg 0.3521552986809335 __DUMMY__ 0.28183973068206725	false	0.5
grenzdebil	off 1.0		off 0.36837671346663725 neg 0.3503020940125103 __DUMMY__ 0.2813211925208524	false	1.0
unterwerfen	neg 1.0		off 0.3648965136061148 neg 0.3533048300306111 __DUMMY__ 0.28179865636327406	false	0.5
versenkung	neg 1.0		off 0.36501888767046087 neg 0.35301602061573745 __DUMMY__ 0.2819650917138017	false	0.5
entziehen	neg 1.0		off 0.3641973346628824 neg 0.3538132632711257 __DUMMY__ 0.281989402065992	false	0.5
finanzkrise	neg 1.0		off 0.3595259417726794 neg 0.3584343667231999 __DUMMY__ 0.2820396915041207	false	0.5
schimpfend	neg 1.0		off 0.367839793870328 neg 0.350871198409275 __DUMMY__ 0.281289007720397	false	0.5
profan	neg 1.0		off 0.36719486928944695 neg 0.35108662270588264 __DUMMY__ 0.28171850800467035	false	0.5
korruption	neg 1.0		off 0.3617840135124189 neg 0.35645884610425027 __DUMMY__ 0.2817571403833307	false	0.5
schmutzig	neg 1.0		off 0.36858390021612497 neg 0.35007151830482064 __DUMMY__ 0.2813445814790545	false	0.5
abraten	neg 1.0		off 0.3677225164039952 neg 0.35063299863859565 __DUMMY__ 0.28164448495740907	false	0.5
sexy	neg 1.0		off 0.3846323642541418 neg 0.3574892760908361 __DUMMY__ 0.2578783596550221	false	0.5
fotze	off 1.0		off 0.37912362287884743 neg 0.34203430889423786 __DUMMY__ 0.27884206822691465	false	1.0
schwarz	neg 1.0		off 0.3658586078555602 neg 0.3524466287427341 __DUMMY__ 0.28169476340170574	false	0.5
verwirren	neg 1.0		off 0.36767139620717126 neg 0.35078361416370735 __DUMMY__ 0.2815449896291214	false	0.5
zahnlos	off 1.0		off 0.3651262917783837 neg 0.35282356315610813 __DUMMY__ 0.28205014506550824	false	1.0
verheeren	neg 1.0		off 0.35920938123119217 neg 0.35913209413728053 __DUMMY__ 0.28165852463152735	false	0.5
rammen	neg 1.0		off 0.36871407178778803 neg 0.349857934717644 __DUMMY__ 0.2814279934945682	false	0.5
unlauter	neg 1.0		off 0.3616315983747686 neg 0.35689484699181584 __DUMMY__ 0.2814735546334155	false	0.5
unheilvoll	neg 1.0		off 0.36708280029174345 neg 0.3516481989366913 __DUMMY__ 0.28126900077156536	false	0.5
niedrig	neg 1.0		off 0.36184095215073697 neg 0.3551973276386745 __DUMMY__ 0.2829617202105885	false	0.5
weichei	off 1.0		off 0.37032085591246244 neg 0.34858098771154306 __DUMMY__ 0.2810981563759945	false	1.0
explosion	neg 1.0		neg 0.3650065113389745 off 0.3557188270992708 __DUMMY__ 0.2792746615617548	false	1.0
minusmensch	off 1.0		off 0.37513773733703304 neg 0.34431984225243845 __DUMMY__ 0.2805424204105284	false	1.0
farblos	neg 1.0		off 0.36615651736151067 neg 0.3511347458588483 __DUMMY__ 0.28270873677964103	false	0.5
unwissend	neg 1.0		off 0.36776597316751775 neg 0.3507251428399863 __DUMMY__ 0.28150888399249585	false	0.5
traurig	neg 1.0		off 0.3688607049429812 neg 0.3497758743086282 __DUMMY__ 0.28136342074839055	false	0.5
senkung	neg 1.0		neg 0.36119803788827687 off 0.3574174309756498 __DUMMY__ 0.28138453113607326	false	1.0
ungleich	neg 1.0		off 0.3646509906052742 neg 0.3535444122688305 __DUMMY__ 0.2818045971258954	false	0.5
heikel	neg 1.0		off 0.3648687483973974 neg 0.35340661362192916 __DUMMY__ 0.2817246379806735	false	0.5
drosselung	neg 1.0		neg 0.3599224351710546 off 0.3583480214469846 __DUMMY__ 0.2817295433819609	false	1.0
falsch	neg 1.0		off 0.3676862402427289 neg 0.350782418235719 __DUMMY__ 0.2815313415215522	false	0.5
unzufriedenheit	neg 1.0		off 0.3639823640750036 neg 0.3541590617818094 __DUMMY__ 0.28185857414318694	false	0.5
kurz	neg 1.0		off 0.3673206453727753 neg 0.3508863578677942 __DUMMY__ 0.2817929967594305	false	0.5
unsinnig	neg 1.0		off 0.36553076496108233 neg 0.3528749417501794 __DUMMY__ 0.2815942932887382	false	0.5
penner	off 1.0		off 0.3700222474587332 neg 0.3489081726066631 __DUMMY__ 0.2810695799346037	false	1.0
seicht	neg 1.0		off 0.3684000794606618 neg 0.3500140821005775 __DUMMY__ 0.28158583843876084	false	0.5
dummheit	off 1.0		off 0.3664259112112263 neg 0.35200866797713476 __DUMMY__ 0.28156542081163893	false	1.0
unerfreulich	neg 1.0		off 0.3647520870801889 neg 0.35334253534804966 __DUMMY__ 0.2819053775717614	false	0.5
pikiert	neg 1.0		off 0.36753902850200715 neg 0.35087649433433155 __DUMMY__ 0.28158447716366125	false	0.5
motherfucker	off 1.0		__DUMMY__ 0.40422077472875045 off 0.35598415432552766 neg 0.23979507094572192	false	1.0
wrack	neg 1.0		off 0.3649673117638179 neg 0.3529862695550585 __DUMMY__ 0.28204641868112373	false	0.5
gangster	neg 1.0		off 0.3711137323171438 __DUMMY__ 0.3409743630033235 neg 0.28791190467953276	false	0.5
krank	neg 1.0		off 0.3692327889063041 neg 0.3494522622208846 __DUMMY__ 0.28131494887281133	false	0.5
reich	neg 1.0		off 0.3648791820332118 neg 0.35313533577587214 __DUMMY__ 0.28198548219091607	false	0.5
gnadenlos	neg 1.0		off 0.36676307120660434 neg 0.35144246065772744 __DUMMY__ 0.28179446813566833	false	0.5
niedergeschlagen	neg 1.0		off 0.36594790304735464 neg 0.35224564930848196 __DUMMY__ 0.28180644764416346	false	0.5
terrorisieren	off 1.0	off 1.0	off 0.6713221078459753 neg 0.19330455632508053 __DUMMY__ 0.13537333582894404	false	1.0
sinnlosigkeit	neg 1.0		off 0.365326639441396 neg 0.3529706824146512 __DUMMY__ 0.28170267814395283	false	0.5
behindern	neg 1.0		off 0.3618800843014267 neg 0.3561792392500323 __DUMMY__ 0.28194067644854115	false	0.5
undemokratisch	neg 1.0		off 0.3637775331618128 neg 0.35499465234124034 __DUMMY__ 0.28122781449694684	false	0.5
wirtschaftskrise	neg 1.0		off 0.3603433450475113 neg 0.35740802950113293 __DUMMY__ 0.2822486254513557	false	0.5
neid	neg 1.0		off 0.3675834394155827 neg 0.35050439196874594 __DUMMY__ 0.2819121686156714	false	0.5
rutschen	neg 1.0		off 0.3658507493228058 neg 0.35190425071653547 __DUMMY__ 0.28224499996065877	false	0.5
rezession	neg 1.0		neg 0.359095119177026 off 0.3585838071293996 __DUMMY__ 0.28232107369357445	false	1.0
fehlgeburt	neg 1.0		off 0.3679040490380922 neg 0.3510081782523226 __DUMMY__ 0.28108777270958524	false	0.5
charakterschwach	off 1.0		off 0.36730078655851783 neg 0.35115068972340746 __DUMMY__ 0.28154852371807465	false	1.0
isolation	neg 1.0		neg 0.3689425022601664 off 0.3537177738362596 __DUMMY__ 0.2773397239035741	false	1.0
ablenkung	neg 1.0		off 0.3668354533996821 neg 0.3515354251806568 __DUMMY__ 0.28162912141966107	false	0.5
pech	neg 1.0		off 0.3686464248476423 neg 0.34968811047871096 __DUMMY__ 0.2816654646736468	false	0.5
dominieren	neg 1.0		off 0.3612262099556208 neg 0.3560995161990931 __DUMMY__ 0.2826742738452861	false	0.5
vermeidung	neg 1.0		neg 0.36139423757707956 off 0.3574568922762799 __DUMMY__ 0.2811488701466407	false	1.0
schwindlig	neg 1.0		off 0.3698967445672596 neg 0.3489647941010502 __DUMMY__ 0.2811384613316901	false	0.5
lutscher	neg 1.0		off 0.37352379845927314 neg 0.3460317855225704 __DUMMY__ 0.28044441601815645	false	0.5
pflicht	neg 1.0		off 0.3645451989843015 neg 0.3534765638151352 __DUMMY__ 0.28197823720056325	false	0.5
faschist	off 1.0		off 0.36605694966293173 neg 0.3524768042727089 __DUMMY__ 0.2814662460643594	false	1.0
verschleudern	neg 1.0		off 0.3621716406859079 neg 0.3558323200181804 __DUMMY__ 0.28199603929591177	false	0.5
ehebruch	neg 1.0		off 0.36519483864833163 neg 0.35297375863770686 __DUMMY__ 0.2818314027139616	false	0.5
trostlosigkeit	neg 1.0		off 0.3642828859529612 neg 0.35384846015816734 __DUMMY__ 0.28186865388887156	false	0.5
lutschen	neg 1.0		off 0.3741682715667912 neg 0.3461963956063508 __DUMMY__ 0.2796353328268581	false	0.5
spott	off 1.0		off 0.36457481155151944 neg 0.35359669023105433 __DUMMY__ 0.2818284982174262	false	1.0
undiszipliniert	neg 1.0		off 0.36884306717965326 neg 0.349916885447082 __DUMMY__ 0.28124004737326475	false	0.5
kopfschmerz	neg 1.0		off 0.36773044911613834 neg 0.35117852940633876 __DUMMY__ 0.2810910214775229	false	0.5
unvorhergesehen	neg 1.0		off 0.3664137795810621 neg 0.35164320639346713 __DUMMY__ 0.2819430140254708	false	0.5
desinteressiert	neg 1.0		off 0.36861794459554914 neg 0.3499389555977643 __DUMMY__ 0.2814430998066865	false	0.5
armselig	off 1.0		off 0.3673239601166371 neg 0.35090557118269367 __DUMMY__ 0.28177046870066924	false	1.0
tod	neg 1.0		off 0.36437608115264597 neg 0.35365602913178074 __DUMMY__ 0.2819678897155732	false	0.5
desaster	neg 1.0		off 0.3628916350689207 neg 0.3550467949995796 __DUMMY__ 0.2820615699314998	false	0.5
herzlos	neg 1.0		off 0.36861457525830427 neg 0.3499266843651401 __DUMMY__ 0.2814587403765556	false	0.5
unwissenheit	neg 1.0		off 0.36462956726952717 neg 0.3538096093088446 __DUMMY__ 0.28156082342162814	false	0.5
widersinnig	neg 1.0		off 0.363440529589943 neg 0.3549309420093339 __DUMMY__ 0.2816285284007231	false	0.5
bedenklich	neg 1.0		off 0.36483253117069825 neg 0.35342545147467846 __DUMMY__ 0.28174201735462334	false	0.5
beanstanden	neg 1.0		off 0.36406704385094135 neg 0.3539296094669846 __DUMMY__ 0.28200334668207405	false	0.5
panisch	neg 1.0		off 0.3679473309001867 neg 0.3507082129656856 __DUMMY__ 0.2813444561341276	false	0.5
abstrich	neg 1.0		off 0.3676574420802434 neg 0.35144851243849345 __DUMMY__ 0.2808940454812632	false	0.5
debil	off 1.0		off 0.3808134478994617 neg 0.34167926368400775 __DUMMY__ 0.27750728841653044	false	1.0
primitiv	neg 1.0		off 0.3676677508941959 neg 0.35052475213775514 __DUMMY__ 0.2818074969680491	false	0.5
abschaum	off 1.0		off 0.36707487880800355 neg 0.35131634129476785 __DUMMY__ 0.2816087798972287	false	1.0
tot	neg 1.0		off 0.3681346643180116 neg 0.35056810052827947 __DUMMY__ 0.28129723515370897	false	0.5
provozieren	neg 1.0		off 0.36634300287403676 neg 0.35198958810767805 __DUMMY__ 0.2816674090182852	false	0.5
instabil	neg 1.0		off 0.3656357583483567 neg 0.3521578506323482 __DUMMY__ 0.282206391019295	false	0.5
schwuchtel	off 1.0		off 0.3742091681198082 neg 0.3457002996472388 __DUMMY__ 0.28009053223295305	false	1.0
zerren	neg 1.0		off 0.3661710915578958 neg 0.3521615050104404 __DUMMY__ 0.28166740343166374	false	0.5
kinderficker	off 1.0		off 0.367667911677958 neg 0.35116071721061587 __DUMMY__ 0.2811713711114262	false	1.0
gefahr	neg 1.0		off 0.36159491116887177 neg 0.3561307360251436 __DUMMY__ 0.2822743528059846	false	0.5
rabiat	neg 1.0		off 0.36629912359516803 neg 0.3518274987694332 __DUMMY__ 0.28187337763539877	false	0.5
verlangsamung	neg 1.0		off 0.35974496862872374 neg 0.3574295205650137 __DUMMY__ 0.28282551080626245	false	0.5
anklagen	neg 1.0		off 0.36176650159723295 neg 0.3565453851162505 __DUMMY__ 0.28168811328651655	false	0.5
ausgestorben	neg 1.0		off 0.3657796850262523 neg 0.35215191628469467 __DUMMY__ 0.28206839868905315	false	0.5
verminderung	neg 1.0		neg 0.3614111379145302 off 0.3571678878724311 __DUMMY__ 0.2814209742130387	false	1.0
rost	neg 1.0		off 0.3627936349326797 neg 0.3536393571190676 __DUMMY__ 0.2835670079482526	false	0.5
destruktiv	neg 1.0		off 0.3652923075965642 neg 0.353035789143773 __DUMMY__ 0.28167190325966285	false	0.5
unzumutbarkeit	neg 1.0		off 0.36166389589230846 neg 0.3563793033475359 __DUMMY__ 0.2819568007601555	false	0.5
labil	off 1.0	off 1.0	off 0.7521866191895661 neg 0.13875624451706733 __DUMMY__ 0.1090571362933666	false	1.0
ziemlich	neg 1.0		off 0.3687002394967525 neg 0.34983618077795575 __DUMMY__ 0.2814635797252918	false	0.5
lachnummer	off 1.0		off 0.3653216843975503 neg 0.35281595244322156 __DUMMY__ 0.28186236315922814	false	1.0
ausgrenzung	neg 1.0		off 0.3623927096773074 neg 0.355966386646745 __DUMMY__ 0.28164090367594746	false	0.5
verfall	neg 1.0		off 0.3628903108481264 neg 0.3551346043996473 __DUMMY__ 0.2819750847522263	false	0.5
unordnung	neg 1.0	neg 1.0	neg 0.6610046747150352 off 0.202362109937013 __DUMMY__ 0.13663321534795175	false	1.0
fehlverhalten	neg 1.0		off 0.3639657128772204 neg 0.3542247284373377 __DUMMY__ 0.281809558685442	false	0.5
nille	neg 1.0		off 0.38166201467676064 neg 0.3404881498617125 __DUMMY__ 0.2778498354615269	false	0.5
qual	neg 1.0		off 0.37407030791853735 neg 0.3668910891556223 __DUMMY__ 0.25903860292584036	false	0.5
riesig	neg 1.0		off 0.3721821096368918 neg 0.34628863442981617 __DUMMY__ 0.28152925593329203	false	0.5
verschwenden	neg 1.0		off 0.36544651725115723 neg 0.3528281013542767 __DUMMY__ 0.2817253813945661	false	0.5
verurteilen	neg 1.0		off 0.36460065500927996 neg 0.353766408952303 __DUMMY__ 0.28163293603841716	false	0.5
klischee	neg 1.0		off 0.36715268704279325 neg 0.3511232499934604 __DUMMY__ 0.28172406296374636	false	0.5
diktatorisch	neg 1.0		off 0.3641806109861709 neg 0.35452376651974205 __DUMMY__ 0.281295622494087	false	0.5
vorhersehbar	neg 1.0		off 0.3665273178858758 neg 0.3515480985262426 __DUMMY__ 0.28192458358788175	false	0.5
stornieren	neg 1.0		off 0.3645829202560148 neg 0.3537318400638015 __DUMMY__ 0.28168523968018383	false	0.5
besteuerung	neg 1.0		neg 0.35997181265596806 off 0.3581381335567381 __DUMMY__ 0.28189005378729376	false	1.0
ungeschminkt	neg 1.0		off 0.3723862920613314 neg 0.3473099918992104 __DUMMY__ 0.2803037160394581	false	0.5
kritisch	neg 1.0		off 0.36454066079034697 neg 0.3536289153967884 __DUMMY__ 0.2818304238128645	false	0.5
schlamperei	off 1.0		off 0.3619865861179154 neg 0.3560981695280731 __DUMMY__ 0.2819152443540115	false	1.0
sucht	neg 1.0		off 0.3652051581875342 neg 0.3516177259716237 __DUMMY__ 0.283177115840842	false	0.5
egoistisch	off 1.0		off 0.36891652014852144 neg 0.3499488759133417 __DUMMY__ 0.2811346039381369	false	1.0
ausbeuter	off 1.0		off 0.3640749086765522 neg 0.3541192984993625 __DUMMY__ 0.2818057928240854	false	1.0
arschgeburt			off 0.3752711278722884 neg 0.3449467046498754 __DUMMY__ 0.2797821674778363	false	0.0
schubs	neg 1.0		off 0.36915800582198116 neg 0.3499144894954197 __DUMMY__ 0.28092750468259925	false	0.5
unsolide	neg 1.0		off 0.3639050040145261 neg 0.35470965360699397 __DUMMY__ 0.28138534237847995	false	0.5
beschwerde	neg 1.0		off 0.36218540449137104 neg 0.3561955247607525 __DUMMY__ 0.2816190707478766	false	0.5
stocken	neg 1.0		off 0.3604471947600264 neg 0.35697441285625786 __DUMMY__ 0.28257839238371574	false	0.5
isolieren	neg 1.0		off 0.36124976929726066 neg 0.3566371686669497 __DUMMY__ 0.2821130620357896	false	0.5
unheilbar	neg 1.0		off 0.3660890007927156 neg 0.35222884460918913 __DUMMY__ 0.28168215459809537	false	0.5
pisser	off 1.0		off 0.37522204915718566 neg 0.34488518223564746 __DUMMY__ 0.2798927686071669	false	1.0
löschen	neg 1.0		off 0.36866674398721366 neg 0.35349017216846346 __DUMMY__ 0.27784308384432294	false	0.5
durchfallen	neg 1.0		off 0.36534295934822497 neg 0.3530532648583751 __DUMMY__ 0.2816037757933998	false	0.5
wichser	off 1.0		off 0.3703432634467645 neg 0.3485843988168402 __DUMMY__ 0.2810723377363953	false	1.0
terror	neg 1.0		neg 0.36259769856071905 off 0.3583047896939364 __DUMMY__ 0.27909751174534453	false	1.0
krass	neg 1.0		off 0.37220202744706976 neg 0.34727933100905267 __DUMMY__ 0.28051864154387757	false	0.5
revolte	neg 1.0		off 0.3608827443802113 neg 0.3569728154161768 __DUMMY__ 0.282144440203612	false	0.5
besorgt	neg 1.0		off 0.3662134709069447 neg 0.35208233142893397 __DUMMY__ 0.2817041976641213	false	0.5
nachlassen	neg 1.0		off 0.36458719930213507 neg 0.35343615309551457 __DUMMY__ 0.28197664760235036	false	0.5
alt	neg 1.0		off 0.3696961619736651 neg 0.3483982587439969 __DUMMY__ 0.28190557928233795	false	0.5
hundesohn	off 1.0		off 0.37763052008537673 neg 0.3432809530009244 __DUMMY__ 0.27908852691369873	false	1.0
abschreckung	neg 1.0		off 0.36346876856929844 neg 0.35475537368011895 __DUMMY__ 0.2817758577505828	false	0.5
unqualifiziert	neg 1.0		off 0.366168290541496 neg 0.3524082271102767 __DUMMY__ 0.2814234823482273	false	0.5
abgewichst	off 1.0		off 0.37937883337697736 neg 0.3421940676880667 __DUMMY__ 0.27842709893495604	false	1.0
kapitulation	neg 1.0		off 0.3622530047509872 neg 0.3557755559994018 __DUMMY__ 0.28197143924961104	false	0.5
schwer	neg 1.0		off 0.36646179407477797 neg 0.35165720247423227 __DUMMY__ 0.2818810034509898	false	0.5
bedeutungslosigkeit	neg 1.0		off 0.3639208128437479 neg 0.35408522759242267 __DUMMY__ 0.2819939595638296	false	0.5
unscharf	neg 1.0		off 0.3701658245407319 neg 0.3489724480870577 __DUMMY__ 0.2808617273722104	false	0.5
schwinden	neg 1.0		off 0.3609546884493379 neg 0.3566958080981739 __DUMMY__ 0.28234950345248827	false	0.5
versklavung	neg 1.0		off 0.3616622583339356 neg 0.3568289051553292 __DUMMY__ 0.2815088365107351	false	0.5
schlecht	neg 1.0		off 0.3681477155960265 neg 0.3503122285528658 __DUMMY__ 0.2815400558511077	false	0.5
verhasst	neg 1.0		off 0.3657175286836031 neg 0.3525139048649855 __DUMMY__ 0.28176856645141146	false	0.5
beschweren	neg 1.0		off 0.366707107602855 neg 0.3514232241472784 __DUMMY__ 0.2818696682498665	false	0.5
scheiden	neg 1.0		off 0.36671346696681717 neg 0.35137366331157877 __DUMMY__ 0.28191286972160406	false	0.5
frustriert	neg 1.0		off 0.36606763333084597 neg 0.3521925133801265 __DUMMY__ 0.28173985328902745	false	0.5
schimmelig	neg 1.0		off 0.372292661676113 neg 0.3470818346584933 __DUMMY__ 0.2806255036653936	false	0.5
fisch	neg 1.0		off 0.36957922614219785 neg 0.3484090968763574 __DUMMY__ 0.28201167698144475	false	0.5
schmuggel	neg 1.0		off 0.36494828379571936 neg 0.35318108869478854 __DUMMY__ 0.28187062750949193	false	0.5
auffallen	neg 1.0		off 0.36667749822724965 neg 0.3515804146209914 __DUMMY__ 0.281742087151759	false	0.5
konkurrenz	neg 1.0		off 0.3641187484489258 neg 0.3539048617349111 __DUMMY__ 0.2819763898161632	false	0.5
teufelskreis	neg 1.0		off 0.36585454113953364 neg 0.35227349964009663 __DUMMY__ 0.2818719592203698	false	0.5
aufschreien	neg 1.0		off 0.3672995397338557 neg 0.3509556643776137 __DUMMY__ 0.2817447958885305	false	0.5
missgeburt	off 1.0		off 0.37518658492194623 neg 0.34469401492263774 __DUMMY__ 0.280119400155416	false	1.0
schuldner	neg 1.0		off 0.3611870479929591 neg 0.35679811149412927 __DUMMY__ 0.28201484051291176	false	0.5
befallen	neg 1.0		off 0.36376908554085674 neg 0.3549230045834262 __DUMMY__ 0.281307909875717	false	0.5
arbeitslos	neg 1.0		off 0.36529370659491545 neg 0.3528926843631192 __DUMMY__ 0.2818136090419652	false	0.5
miesepetrig	off 1.0		off 0.3682655481640952 neg 0.3503315730681788 __DUMMY__ 0.2814028787677259	false	1.0
alarmieren	neg 1.0		off 0.3600390601337877 neg 0.3577778775291272 __DUMMY__ 0.28218306233708507	false	0.5
ungeduscht	off 1.0		off 0.3708832912288563 neg 0.3485387770317465 __DUMMY__ 0.28057793173939727	false	1.0
knappheit	neg 1.0		off 0.36120405975785 neg 0.3565815086001997 __DUMMY__ 0.2822144316419502	false	0.5
schlange	neg 1.0		off 0.36713922901386586 neg 0.3510034286255632 __DUMMY__ 0.28185734236057075	false	0.5
harsch	neg 1.0		off 0.3617710493460122 neg 0.35657336379174065 __DUMMY__ 0.28165558686224723	false	0.5
lang	neg 1.0	neg 1.0	neg 0.6191501241012706 off 0.22887435191763306 __DUMMY__ 0.15197552398109626	false	1.0
ziellos	neg 1.0		off 0.3658006598588753 neg 0.35227299479810403 __DUMMY__ 0.2819263453430208	false	0.5
selbstverliebt	neg 1.0		off 0.37132889485165155 neg 0.3477580566596062 __DUMMY__ 0.2809130484887422	false	0.5
beseitigen	neg 1.0		off 0.36147783713176496 neg 0.35621641790521313 __DUMMY__ 0.2823057449630219	false	0.5
dumm	off 1.0		off 0.36976040940775684 neg 0.3490804047779987 __DUMMY__ 0.2811591858142445	false	1.0
arbeitsloser	neg 1.0		off 0.3650132856142368 neg 0.3531002513042245 __DUMMY__ 0.2818864630815387	false	0.5
blitzen	neg 1.0		off 0.36632057870460266 neg 0.3507825392768823 __DUMMY__ 0.28289688201851493	false	0.5
hilflos	neg 1.0		off 0.36618053139535023 neg 0.35228212194432934 __DUMMY__ 0.2815373466603203	false	0.5
eklig	off 1.0		off 0.3715035285402494 neg 0.34780312232737987 __DUMMY__ 0.28069334913237076	false	1.0
hungersnot	neg 1.0		off 0.3619153185737294 neg 0.3558152276264526 __DUMMY__ 0.2822694537998179	false	0.5
ungesetzlich	neg 1.0		off 0.3634109724736364 neg 0.35499412526973284 __DUMMY__ 0.28159490225663064	false	0.5
verschwendung	neg 1.0		off 0.3649944111174478 neg 0.3532337483319402 __DUMMY__ 0.2817718405506121	false	0.5
schmerzvoll	neg 1.0		off 0.36732287598657654 neg 0.3511007634333263 __DUMMY__ 0.28157636058009705	false	0.5
vorzeitig	neg 1.0		off 0.36001843574122566 neg 0.35788098952209374 __DUMMY__ 0.28210057473668076	false	0.5
unvollkommenheit	neg 1.0		off 0.365757017955004 neg 0.3524968092860572 __DUMMY__ 0.2817461727589388	false	0.5
intervenieren	neg 1.0		off 0.36352106604937684 neg 0.3548026774673086 __DUMMY__ 0.2816762564833145	false	0.5
banause	off 1.0		off 0.37021846513940354 neg 0.3488435756547905 __DUMMY__ 0.28093795920580594	false	1.0
rebell	neg 1.0		off 0.3752191246773519 neg 0.34581864187669203 __DUMMY__ 0.27896223344595616	false	0.5
unlogisch	neg 1.0		off 0.36854603341370346 neg 0.35017096096096123 __DUMMY__ 0.28128300562533537	false	0.5
abschaffung	neg 1.0		off 0.36057221534682454 neg 0.3578846771101171 __DUMMY__ 0.2815431075430584	false	0.5
leiden	neg 1.0		off 0.3667990619825452 neg 0.3513262889059955 __DUMMY__ 0.28187464911145943	false	0.5
sturz	neg 1.0		off 0.36155519166853567 neg 0.3561936654613037 __DUMMY__ 0.2822511428701606	false	0.5
verkleinerung	neg 1.0		off 0.3595684467898641 neg 0.3585180835191618 __DUMMY__ 0.2819134696909742	false	0.5
schmarotzer	off 1.0		off 0.3654641548206971 neg 0.35290273363168256 __DUMMY__ 0.2816331115476204	false	1.0
bestrafung	neg 1.0		off 0.3669027982920101 neg 0.3514113794207926 __DUMMY__ 0.2816858222871974	false	0.5
achtlos	neg 1.0		off 0.36616378301695013 neg 0.35224826353565053 __DUMMY__ 0.28158795344739923	false	0.5
ungeheuer	neg 1.0		off 0.3679092114725519 neg 0.35013893435182697 __DUMMY__ 0.2819518541756212	false	0.5
unaufrichtig	neg 1.0		off 0.3665734905447511 neg 0.3523661227126573 __DUMMY__ 0.28106038674259165	false	0.5
groggy	neg 1.0		off 0.3719757175541318 neg 0.34693185668704496 __DUMMY__ 0.2810924257588232	false	0.5
verletzlich	neg 1.0		off 0.36845087174742536 neg 0.3501239680286214 __DUMMY__ 0.2814251602239533	false	0.5
ablehnen	neg 1.0		off 0.36446542435548246 neg 0.35391191610546924 __DUMMY__ 0.28162265953904825	false	0.5
kollaps	neg 1.0		off 0.3596463844916255 neg 0.3582696591491272 __DUMMY__ 0.28208395635924727	false	0.5
beschnitten	neg 1.0		off 0.3667292190155692 neg 0.35158222285611845 __DUMMY__ 0.2816885581283123	false	0.5
defekt	neg 1.0		off 0.3607404165171884 neg 0.3576091703940868 __DUMMY__ 0.28165041308872474	false	0.5
dreckskerl	off 1.0		off 0.3686467706794446 neg 0.3502180410852494 __DUMMY__ 0.281135188235306	false	1.0
deine	neg 1.0		off 0.37006991726492977 neg 0.34892710248594755 __DUMMY__ 0.2810029802491227	false	0.5
aufgeben	neg 1.0		off 0.36688824059112113 neg 0.35107447768201683 __DUMMY__ 0.28203728172686215	false	0.5
durcheinander	neg 1.0		off 0.36754758477118293 neg 0.3507042360182041 __DUMMY__ 0.28174817921061285	false	0.5
unterbrechen	neg 1.0		off 0.36569850166249607 neg 0.35244134306318503 __DUMMY__ 0.2818601552743189	false	0.5
vergammeln	neg 1.0		off 0.3672520630456615 neg 0.35101584752789594 __DUMMY__ 0.2817320894264426	false	0.5
grotesk	neg 1.0		off 0.3653096080269899 neg 0.3527783513584744 __DUMMY__ 0.2819120406145357	false	0.5
elendig	neg 1.0		off 0.36739578704489095 neg 0.3511222027794339 __DUMMY__ 0.2814820101756752	false	0.5
naiv	off 1.0		off 0.36694819893631814 neg 0.3511859825851241 __DUMMY__ 0.2818658184785576	false	1.0
uneinigkeit	neg 1.0		off 0.36105472087653295 neg 0.3570339551474109 __DUMMY__ 0.28191132397605617	false	0.5
fragil	neg 1.0		neg 0.36429975150594673 off 0.358768247523655 __DUMMY__ 0.2769320009703984	false	1.0
provisorisch	neg 1.0		off 0.36530895264296437 neg 0.35246383345817384 __DUMMY__ 0.2822272138988618	false	0.5
landei	off 1.0		off 0.3701689068543293 neg 0.348371820017028 __DUMMY__ 0.2814592731286427	false	1.0
bedauerlich	neg 1.0		off 0.36499058323204664 neg 0.35319113590798906 __DUMMY__ 0.2818182808599643	false	0.5
krieg	neg 1.0		off 0.3659984525117048 neg 0.3522814836462355 __DUMMY__ 0.2817200638420596	false	0.5
traurigkeit	neg 1.0		off 0.3666217475613373 neg 0.3516087521555812 __DUMMY__ 0.2817695002830817	false	0.5
monotonie	neg 1.0		off 0.365394876656181 neg 0.35260007461296344 __DUMMY__ 0.28200504873085547	false	0.5
unliebsam	neg 1.0		off 0.3659014572061052 neg 0.3523356360123713 __DUMMY__ 0.2817629067815236	false	0.5
drift	neg 1.0		neg 0.39336772176131546 off 0.35961129009997167 __DUMMY__ 0.2470209881387129	false	1.0
chaos	neg 1.0		off 0.36301429887876635 neg 0.3551568529222559 __DUMMY__ 0.2818288481989778	false	0.5
blutig	neg 1.0		off 0.3673001617765653 neg 0.3508978895422093 __DUMMY__ 0.28180194868122543	false	0.5
machtlos	neg 1.0		off 0.36471841120289883 neg 0.3535216432706737 __DUMMY__ 0.2817599455264274	false	0.5
