unsolidarisch	neg 1.0		off 0.38910238180222806 neg 0.37758840523470205 __DUMMY__ 0.23330921296306995	false	0.5
nachteilig	neg 1.0		off 0.388149883589715 neg 0.3780518922198895 __DUMMY__ 0.23379822419039548	false	0.5
skeptisch	neg 1.0		off 0.3889894447264024 neg 0.3771888057201802 __DUMMY__ 0.23382174955341736	false	0.5
schrecklich	neg 1.0		off 0.3937512786995489 neg 0.37305651278083934 __DUMMY__ 0.23319220851961167	false	0.5
schlapp	neg 1.0		off 0.39396044329324675 neg 0.37272065771509805 __DUMMY__ 0.23331889899165512	false	0.5
abfall	neg 1.0		off 0.3882052104604413 neg 0.3777355560032429 __DUMMY__ 0.23405923353631586	false	0.5
widerspenstig	neg 1.0		off 0.3912559466318921 neg 0.37528903575474626 __DUMMY__ 0.23345501761336168	false	0.5
abrupt	neg 1.0		off 0.3899262619141241 neg 0.3760961232751151 __DUMMY__ 0.23397761481076074	false	0.5
unwirksam	neg 1.0		off 0.3833824497721693 neg 0.3828161200620713 __DUMMY__ 0.23380143016575944	false	0.5
angreifen	neg 1.0		off 0.3889887366282599 neg 0.3772606097291168 __DUMMY__ 0.23375065364262332	false	0.5
inkonsistent	neg 1.0		off 0.3910783351732399 neg 0.37506291663544805 __DUMMY__ 0.2338587481913121	false	0.5
abrutschen	neg 1.0		off 0.3889857557371575 neg 0.3772320288886541 __DUMMY__ 0.23378221537418845	false	0.5
unsicher	neg 1.0		off 0.3910419265413287 neg 0.3752796510995978 __DUMMY__ 0.23367842235907355	false	0.5
bauernkind	off 1.0		off 0.39779065288687543 neg 0.3697032092661509 __DUMMY__ 0.2325061378469736	false	1.0
angreifer	neg 1.0		off 0.3862386986206526 neg 0.38013261107866164 __DUMMY__ 0.2336286903006857	false	0.5
trennen	neg 1.0		off 0.3900080049959721 neg 0.3758661656216605 __DUMMY__ 0.23412582938236745	false	0.5
schmutz	neg 1.0		off 0.3864373175623959 neg 0.3796288833569412 __DUMMY__ 0.2339337990806629	false	0.5
inkonsistenz	neg 1.0		off 0.3917850552401863 neg 0.3747288395868858 __DUMMY__ 0.23348610517292798	false	0.5
erschreckend	neg 1.0		off 0.3897912065622461 neg 0.37650195279137366 __DUMMY__ 0.2337068406463801	false	0.5
ertrinken	neg 1.0		off 0.3902692886300138 neg 0.3762923242048533 __DUMMY__ 0.233438387165133	false	0.5
pickelface	off 1.0		off 0.40220069043336026 neg 0.36601505272302326 __DUMMY__ 0.2317842568436166	false	1.0
lauch	neg 1.0		off 0.3993099622157926 neg 0.36849086616476984 __DUMMY__ 0.23219917161943754	false	0.5
steuerhinterziehung	neg 1.0		off 0.3860171837222356 neg 0.38040138257996425 __DUMMY__ 0.23358143369780016	false	0.5
unwichtig	neg 1.0		off 0.39186851516949894 neg 0.3745918858521061 __DUMMY__ 0.233539598978395	false	0.5
schock	neg 1.0		off 0.391090854687196 neg 0.37500420056888867 __DUMMY__ 0.2339049447439152	false	0.5
vergelten	neg 1.0		off 0.388427976144525 neg 0.3786139934888716 __DUMMY__ 0.23295803036660356	false	0.5
beule	neg 1.0		off 0.3946742097851729 neg 0.3721671579311196 __DUMMY__ 0.23315863228370762	false	0.5
verdorbenheit	neg 1.0		off 0.3889789795844165 neg 0.37603910977094207 __DUMMY__ 0.23498191064464125	false	0.5
trauma			off 0.414861456258006 neg 0.3742456215152942 __DUMMY__ 0.21089292222669961	false	0.0
sinnlos	neg 1.0		off 0.39179208883424016 neg 0.3747078839454191 __DUMMY__ 0.23350002722034072	false	0.5
fettsack	off 1.0		off 0.3973852941741799 neg 0.3698170321805259 __DUMMY__ 0.23279767364529416	false	1.0
feige	off 1.0		off 0.3918199211188894 neg 0.37456685772869236 __DUMMY__ 0.23361322115241828	false	1.0
abdanken	neg 1.0		off 0.3892233098132038 neg 0.37724838621836365 __DUMMY__ 0.23352830396843258	false	0.5
wichtigtuer	off 1.0	off 1.0	off 0.6841393835359021 neg 0.20416555607269737 __DUMMY__ 0.11169506039140062	false	1.0
misslingen	neg 1.0		off 0.3911496197070038 neg 0.3754710439923629 __DUMMY__ 0.23337933630063318	false	0.5
untreu	off 1.0		off 0.3919090732249391 neg 0.37449390042772845 __DUMMY__ 0.2335970263473323	false	1.0
missmutig	neg 1.0		off 0.3911457786316887 neg 0.3751105681474344 __DUMMY__ 0.2337436532208768	false	0.5
hurenbock	off 1.0		off 0.3974966406369349 neg 0.3702854959704608 __DUMMY__ 0.23221786339260425	false	1.0
betrunken	neg 1.0		off 0.39381641271122053 neg 0.3730474139214838 __DUMMY__ 0.2331361733672956	false	0.5
korrupt	off 1.0		off 0.3890256193008977 neg 0.3775073658386182 __DUMMY__ 0.23346701486048407	false	1.0
unmut	neg 1.0		off 0.38764862827090635 neg 0.37851328510732285 __DUMMY__ 0.23383808662177094	false	0.5
hackfresse	off 1.0		off 0.39468614337428715 neg 0.3723449240616003 __DUMMY__ 0.23296893256411255	false	1.0
aufblasen	neg 1.0		off 0.39179957772507795 neg 0.37465156761762197 __DUMMY__ 0.2335488546573001	false	0.5
gewaltsam	neg 1.0		off 0.38692757606729516 neg 0.3793481617041381 __DUMMY__ 0.23372426222856676	false	0.5
unbeliebtheit	neg 1.0		off 0.3860070201690368 neg 0.38022597948230674 __DUMMY__ 0.23376700034865652	false	0.5
sturheit	neg 1.0		off 0.3890642556921312 neg 0.37727483469997203 __DUMMY__ 0.23366090960789662	false	0.5
kuh	neg 1.0		off 0.3980635555106946 neg 0.36933441097352204 __DUMMY__ 0.2326020335157832	false	0.5
erschrecken	neg 1.0		off 0.39231315306099757 neg 0.3742356999933761 __DUMMY__ 0.23345114694562638	false	0.5
opfer	neg 1.0		off 0.3895465218297668 neg 0.37667991418949853 __DUMMY__ 0.23377356398073465	false	0.5
stinktier	neg 1.0		off 0.39772568124587027 neg 0.36970686113753143 __DUMMY__ 0.23256745761659833	false	0.5
sinken	neg 1.0		off 0.3858988718343261 neg 0.37969256344161034 __DUMMY__ 0.23440856472406355	false	0.5
tucke	off 1.0		off 0.3968111170097591 neg 0.3708377925077127 __DUMMY__ 0.23235109048252822	false	1.0
abstieg	neg 1.0		off 0.38748415569200967 neg 0.37852832379393864 __DUMMY__ 0.23398752051405175	false	0.5
missverstehen	neg 1.0		off 0.39114026129451107 neg 0.37520552734087986 __DUMMY__ 0.23365421136460918	false	0.5
ergebnislos	neg 1.0		off 0.38554679685991095 neg 0.3803868499166453 __DUMMY__ 0.23406635322344363	false	0.5
manipulieren	neg 1.0		off 0.3892523468197533 neg 0.37728035894997486 __DUMMY__ 0.23346729423027196	false	0.5
verschleppen	neg 1.0		off 0.38612892835666474 neg 0.38005800893076475 __DUMMY__ 0.23381306271257055	false	0.5
unbewiesen	neg 1.0		off 0.38761595804520843 neg 0.3786234972789373 __DUMMY__ 0.23376054467585422	false	0.5
weib	off 1.0		off 0.3966775132329716 neg 0.3706818226025163 __DUMMY__ 0.23264066416451215	false	1.0
opposition	neg 1.0		off 0.38442167530477994 neg 0.3824223761265154 __DUMMY__ 0.23315594856870453	false	0.5
verkehrswidrig	neg 1.0		off 0.3863916256565273 neg 0.38055959925415633 __DUMMY__ 0.23304877508931643	false	0.5
inkorrekt	neg 1.0		off 0.39166473082920433 neg 0.37481003263499024 __DUMMY__ 0.23352523653580542	false	0.5
vermeiden	neg 1.0		off 0.3873961521324369 neg 0.378558906321212 __DUMMY__ 0.23404494154635117	false	0.5
abweichung	neg 1.0		off 0.3870880339644994 neg 0.37891005105886644 __DUMMY__ 0.23400191497663425	false	0.5
alkoholisiert	neg 1.0		off 0.38973906100168904 neg 0.3765755802505556 __DUMMY__ 0.23368535874775545	false	0.5
scheiss	off 1.0	off 1.0	off 0.6857403075599879 neg 0.20253771577915178 __DUMMY__ 0.11172197666086027	false	1.0
herausforderung	neg 1.0		off 0.38811732474525107 neg 0.3777157639208217 __DUMMY__ 0.23416691133392725	false	0.5
pervers	off 1.0		off 0.396507309369066 neg 0.37096371913109294 __DUMMY__ 0.23252897149984103	false	1.0
wackelig	neg 1.0		off 0.3914149595306452 neg 0.37496589786884577 __DUMMY__ 0.23361914260050912	false	0.5
verwickeln	neg 1.0		off 0.3908767514816321 neg 0.3753784563252904 __DUMMY__ 0.23374479219307748	false	0.5
vorwand	neg 1.0		off 0.38912414654754474 neg 0.37731054724872315 __DUMMY__ 0.23356530620373206	false	0.5
muschi	off 1.0		off 0.4016368206312507 neg 0.3665542278316988 __DUMMY__ 0.23180895153705047	false	1.0
entmutigung	neg 1.0		off 0.38654436756304433 neg 0.3798745492636511 __DUMMY__ 0.23358108317330448	false	0.5
unstetig	neg 1.0		off 0.38955997859529795 neg 0.37681596882419144 __DUMMY__ 0.2336240525805107	false	0.5
unangemessen	neg 1.0		off 0.3893874297886801 neg 0.37693937874845695 __DUMMY__ 0.23367319146286297	false	0.5
entmutigen	neg 1.0		off 0.391221407280395 neg 0.3750957375117774 __DUMMY__ 0.23368285520782772	false	0.5
schwanz	neg 1.0		off 0.3995120435444602 neg 0.3689617757723484 __DUMMY__ 0.23152618068319147	false	0.5
verbot	neg 1.0		off 0.3866702462773423 neg 0.3797177821247524 __DUMMY__ 0.2336119715979052	false	0.5
leid	neg 1.0		off 0.39421714090862414 neg 0.37258950038814537 __DUMMY__ 0.23319335870323066	false	0.5
archaisch	neg 1.0		off 0.38953898667355946 neg 0.376866509734538 __DUMMY__ 0.23359450359190256	false	0.5
scheidung	neg 1.0		off 0.3843667626204012 neg 0.38162262873395225 __DUMMY__ 0.2340106086456465	false	0.5
abgestanden	neg 1.0		off 0.3930061371802453 neg 0.37324888116422594 __DUMMY__ 0.23374498165552873	false	0.5
einschlag	neg 1.0		off 0.3869336396505381 neg 0.3791744813973123 __DUMMY__ 0.23389187895214952	false	0.5
schmierig	off 1.0		off 0.393792660113428 neg 0.3729164803718808 __DUMMY__ 0.2332908595146912	false	1.0
unpraktisch	neg 1.0		off 0.3928251125880513 neg 0.37375797777750314 __DUMMY__ 0.23341690963444545	false	0.5
wixxer	off 1.0		off 0.39768114052152653 neg 0.36961910545005966 __DUMMY__ 0.23269975402841378	false	1.0
jammerlappen	off 1.0		off 0.3918919407549805 neg 0.37460212564742434 __DUMMY__ 0.23350593359759508	false	1.0
farce	neg 1.0		off 0.38672678791063336 neg 0.3795811447150599 __DUMMY__ 0.23369206737430664	false	0.5
zwecklos	neg 1.0		off 0.38953914134841705 neg 0.3766922911399939 __DUMMY__ 0.2337685675115891	false	0.5
turbulent	neg 1.0		off 0.38891991770917445 neg 0.37781299079703895 __DUMMY__ 0.23326709149378666	false	0.5
schuld	neg 1.0		off 0.3910445130918648 neg 0.3754897977496342 __DUMMY__ 0.23346568915850102	false	0.5
risiko	neg 1.0		off 0.385049793549725 neg 0.38045544016108074 __DUMMY__ 0.23449476628919436	false	0.5
invasion	neg 1.0		neg 0.3959808932711561 off 0.3757376320488425 __DUMMY__ 0.22828147468000137	false	1.0
finster	neg 1.0		off 0.3932637125787676 neg 0.37311286336714317 __DUMMY__ 0.2336234240540892	false	0.5
geisteskrank	off 1.0		off 0.39182948127295697 neg 0.3745590310997632 __DUMMY__ 0.2336114876272798	false	1.0
ausbeute	neg 1.0		off 0.3899363993190396 neg 0.3753404468058399 __DUMMY__ 0.23472315387512055	false	0.5
zusammenbrechen	neg 1.0		off 0.39035146857054565 neg 0.37613079517042963 __DUMMY__ 0.23351773625902464	false	0.5
hinterhalt	neg 1.0		off 0.38944127784984856 neg 0.37682475232707596 __DUMMY__ 0.23373396982307554	false	0.5
kritik	neg 1.0		off 0.3870069610910114 neg 0.379361125996034 __DUMMY__ 0.23363191291295463	false	0.5
einschrumpfen	neg 1.0		off 0.38653348214436917 neg 0.3814827534916791 __DUMMY__ 0.23198376436395188	false	0.5
riskant	neg 1.0		off 0.3895628899089738 neg 0.3767093283291738 __DUMMY__ 0.23372778176185247	false	0.5
frustrieren	neg 1.0		off 0.39000124720985885 neg 0.3762189216178977 __DUMMY__ 0.23377983117224346	false	0.5
groll	neg 1.0		off 0.389309644087642 neg 0.37689321705840045 __DUMMY__ 0.2337971388539575	false	0.5
qualvoll	neg 1.0		off 0.39185226297058706 neg 0.3748565770880705 __DUMMY__ 0.23329115994134234	false	0.5
wackeln	neg 1.0		off 0.3913825045503222 neg 0.37484395708058127 __DUMMY__ 0.23377353836909645	false	0.5
klagen	neg 1.0		off 0.3873403207230708 neg 0.37897182086089337 __DUMMY__ 0.2336878584160359	false	0.5
trauern	neg 1.0		off 0.3897967101123853 neg 0.37653127782895823 __DUMMY__ 0.23367201205865654	false	0.5
ablehnung	neg 1.0		off 0.3865223433873912 neg 0.37971825610312543 __DUMMY__ 0.2337594005094835	false	0.5
bankrott	neg 1.0		neg 0.3851114182358066 off 0.38200253910199916 __DUMMY__ 0.2328860426621942	false	1.0
stur	neg 1.0		off 0.39064314197129263 neg 0.37589190079265905 __DUMMY__ 0.23346495723604832	false	0.5
aufruhr	neg 1.0		off 0.3853926510652666 neg 0.3804239515505006 __DUMMY__ 0.23418339738423266	false	0.5
melancholie	neg 1.0		off 0.3924753443337733 neg 0.3739481957738919 __DUMMY__ 0.23357645989233478	false	0.5
torheit	neg 1.0		off 0.3887948963588091 neg 0.3775312310689652 __DUMMY__ 0.23367387257222585	false	0.5
dreckskind	off 1.0		off 0.40023109665495193 neg 0.3675885811913435 __DUMMY__ 0.23218032215370443	false	1.0
umtauschen	neg 1.0		off 0.39274607101160364 neg 0.373952375215158 __DUMMY__ 0.23330155377323836	false	0.5
zersetzen	neg 1.0		off 0.3884035188380143 neg 0.3778651997656318 __DUMMY__ 0.2337312813963538	false	0.5
frust	neg 1.0		off 0.3902406987744412 neg 0.37619729908375327 __DUMMY__ 0.2335620021418056	false	0.5
unerbittlichkeit	neg 1.0		off 0.3884571343084998 neg 0.3777950738321427 __DUMMY__ 0.23374779185935757	false	0.5
unkorrekt	neg 1.0		off 0.39208282217875967 neg 0.3746842724866929 __DUMMY__ 0.23323290533454755	false	0.5
hexe	off 1.0		off 0.3948537757543594 neg 0.3714939194319547 __DUMMY__ 0.2336523048136859	false	1.0
lasch	neg 1.0		off 0.39080361767193444 neg 0.37559563103798876 __DUMMY__ 0.23360075129007687	false	0.5
rivale	neg 1.0		off 0.38523434302220194 neg 0.3814421857098798 __DUMMY__ 0.23332347126791816	false	0.5
mutlos	off 1.0		off 0.38891439173426734 neg 0.37733950046936066 __DUMMY__ 0.23374610779637198	false	1.0
wirr	off 1.0		off 0.39391434575776624 neg 0.3732819345161167 __DUMMY__ 0.232803719726117	false	1.0
strafbar	neg 1.0		off 0.38926511984874584 neg 0.3769732553004994 __DUMMY__ 0.2337616248507548	false	0.5
erosion	neg 1.0	neg 1.0	neg 0.6737559256694426 off 0.21173177745393623 __DUMMY__ 0.11451229687662107	false	1.0
eingehen	neg 1.0		off 0.38960665942186995 neg 0.37667794089085394 __DUMMY__ 0.23371539968727623	false	0.5
faul	off 1.0		off 0.39404904632050575 neg 0.3728728131018113 __DUMMY__ 0.23307814057768284	false	1.0
provisorium	neg 1.0		off 0.38849312419083293 neg 0.3774876003879141 __DUMMY__ 0.23401927542125295	false	0.5
schmerzen	neg 1.0		off 0.3925847000615849 neg 0.3742869000396776 __DUMMY__ 0.23312839989873743	false	0.5
schrumpfen	neg 1.0		off 0.38721131664299085 neg 0.3787436541916845 __DUMMY__ 0.23404502916532458	false	0.5
geistlos	off 1.0		off 0.39049599824740033 neg 0.37592532666371453 __DUMMY__ 0.2335786750888852	false	1.0
frustrierend	neg 1.0		off 0.3921438797336406 neg 0.3741983629737547 __DUMMY__ 0.2336577572926047	false	0.5
fehlkauf	neg 1.0		off 0.3898864166427534 neg 0.37568682964585476 __DUMMY__ 0.2344267537113918	false	0.5
unzufrieden	neg 1.0		off 0.38953514278169227 neg 0.376670641134529 __DUMMY__ 0.2337942160837787	false	0.5
verzweifeln	neg 1.0		off 0.39064133418989916 neg 0.37573444853451365 __DUMMY__ 0.2336242172755873	false	0.5
verzweifelt	neg 1.0		off 0.391311598116393 neg 0.37500609420606074 __DUMMY__ 0.2336823076775462	false	0.5
misstrauensantrag	neg 1.0		off 0.3848729172039565 neg 0.3820931493241916 __DUMMY__ 0.233033933471852	false	0.5
abfallen	neg 1.0		off 0.3928153637793935 neg 0.37388985123211566 __DUMMY__ 0.23329478498849088	false	0.5
fucker	off 1.0		__DUMMY__ 0.38478711095671025 off 0.3767136130456499 neg 0.23849927599763981	false	1.0
ungezogen	neg 1.0		off 0.3948579054847171 neg 0.3721846703206627 __DUMMY__ 0.23295742419462004	false	0.5
irrsinnig	neg 1.0		off 0.3913474988547298 neg 0.3750970525450759 __DUMMY__ 0.23355544860019442	false	0.5
hart	neg 1.0		off 0.3986013713216332 neg 0.36937341720597283 __DUMMY__ 0.23202521147239386	false	0.5
unfassbar	neg 1.0		off 0.39194665982132293 neg 0.37427023333628245 __DUMMY__ 0.23378310684239453	false	0.5
widerlich	off 1.0		off 0.3922575307596969 neg 0.3743548706889947 __DUMMY__ 0.23338759855130828	false	1.0
fatal			off 0.3863480099634044 neg 0.3744639511905897 __DUMMY__ 0.2391880388460058	false	0.0
bruch	neg 1.0		off 0.3881840190373111 neg 0.377843267874515 __DUMMY__ 0.23397271308817402	false	0.5
aushungern	neg 1.0		off 0.3872860494843436 neg 0.37926975415242237 __DUMMY__ 0.23344419636323416	false	0.5
anspannung	neg 1.0		off 0.38924284329507775 neg 0.3768384682646358 __DUMMY__ 0.2339186884402865	false	0.5
kraftlos	neg 1.0		off 0.39047460350916896 neg 0.37579838885860617 __DUMMY__ 0.23372700763222495	false	0.5
grenzdebil	off 1.0		off 0.39282714563338594 neg 0.37387750807399184 __DUMMY__ 0.23329534629262222	false	1.0
unterwerfen	neg 1.0		off 0.38934745654700464 neg 0.37696025084758567 __DUMMY__ 0.23369229260540977	false	0.5
versenkung	neg 1.0		off 0.389485972296963 neg 0.37668273274357705 __DUMMY__ 0.23383129495945978	false	0.5
entziehen	neg 1.0		off 0.3886565753989095 neg 0.3774914392613749 __DUMMY__ 0.23385198533971557	false	0.5
finanzkrise	neg 1.0		off 0.38394124095940924 neg 0.38217026097961704 __DUMMY__ 0.2338884980609738	false	0.5
schimpfend	neg 1.0		off 0.39228657846063125 neg 0.37445020006632374 __DUMMY__ 0.23326322147304515	false	0.5
profan	neg 1.0		off 0.3916674625622872 neg 0.37470702665560385 __DUMMY__ 0.23362551078210894	false	0.5
korruption	neg 1.0		off 0.3861943404141905 neg 0.38015098496142763 __DUMMY__ 0.23365467462438183	false	0.5
schmutzig	neg 1.0		off 0.3930400942811138 neg 0.37364725527328513 __DUMMY__ 0.23331265044560098	false	0.5
abraten	neg 1.0		off 0.39219264875711773 neg 0.3742442938491983 __DUMMY__ 0.23356305739368413	false	0.5
sexy	neg 1.0		off 0.4074457265612659 neg 0.37935478021963687 __DUMMY__ 0.2131994932190972	false	0.5
fotze	off 1.0		off 0.4034872260353662 neg 0.3653144494511489 __DUMMY__ 0.231198324513485	false	1.0
schwarz	neg 1.0		off 0.3903768734088899 neg 0.376127024308339 __DUMMY__ 0.23349610228277112	false	0.5
verwirren	neg 1.0		off 0.3921316974147792 neg 0.37438710236775 __DUMMY__ 0.23348120021747076	false	0.5
zahnlos	off 1.0		off 0.3896027032432778 neg 0.37649424705329876 __DUMMY__ 0.2339030497034235	false	1.0
verheeren	neg 1.0		off 0.38359319859670393 neg 0.38284233421068 __DUMMY__ 0.23356446719261603	false	0.5
rammen	neg 1.0		off 0.3931864587187641 neg 0.37343664376879915 __DUMMY__ 0.2333768975124368	false	0.5
unlauter	neg 1.0		off 0.3860203380697074 neg 0.38056408809384495 __DUMMY__ 0.23341557383644768	false	0.5
unheilvoll	neg 1.0		off 0.3915188977542323 neg 0.37523332529645786 __DUMMY__ 0.2332477769493099	false	0.5
niedrig	neg 1.0		off 0.386368703053992 neg 0.37897257321899624 __DUMMY__ 0.23465872372701183	false	0.5
weichei	off 1.0		off 0.3947741587430632 neg 0.3721188618707131 __DUMMY__ 0.23310697938622363	false	1.0
explosion	neg 1.0		neg 0.3885820231208336 off 0.3798419186162113 __DUMMY__ 0.23157605826295521	false	1.0
minusmensch	off 1.0		off 0.39959325484517094 neg 0.36777028421535846 __DUMMY__ 0.23263646093947069	false	1.0
farblos	neg 1.0		off 0.3907211866889027 neg 0.3748387210495068 __DUMMY__ 0.23444009226159046	false	0.5
unwissend	neg 1.0		off 0.39222450970034056 neg 0.3743232035003373 __DUMMY__ 0.2334522867993222	false	0.5
traurig	neg 1.0		off 0.3933196719518624 neg 0.373350128441006 __DUMMY__ 0.2333301996071315	false	0.5
senkung	neg 1.0		neg 0.38490590819681514 off 0.3817579830733094 __DUMMY__ 0.23333610872987556	false	1.0
ungleich	neg 1.0		off 0.3890993147410892 neg 0.3772038515355705 __DUMMY__ 0.2336968337233402	false	0.5
heikel	neg 1.0		off 0.3893124478902821 neg 0.3770560996769046 __DUMMY__ 0.23363145243281336	false	0.5
drosselung	neg 1.0		neg 0.38364809753086804 off 0.38273086763499264 __DUMMY__ 0.23362103483413926	false	1.0
falsch	neg 1.0		off 0.39214632303741476 neg 0.37438372407362597 __DUMMY__ 0.23346995288895928	false	0.5
unzufriedenheit	neg 1.0		off 0.38842711341179426 neg 0.3778288788477445 __DUMMY__ 0.23374400774046117	false	0.5
kurz	neg 1.0		off 0.39179960078148496 neg 0.3745129653831493 __DUMMY__ 0.23368743383536572	false	0.5
unsinnig	neg 1.0		off 0.38996993401041596 neg 0.3765077278454152 __DUMMY__ 0.23352233814416887	false	0.5
penner	off 1.0		off 0.39446981881614146 neg 0.37244659270823055 __DUMMY__ 0.23308358847562793	false	1.0
seicht	neg 1.0		off 0.3928727885132228 neg 0.37361103081370817 __DUMMY__ 0.23351618067306906	false	0.5
dummheit	off 1.0		off 0.39087460691877113 neg 0.3756267611451257 __DUMMY__ 0.23349863193610304	false	1.0
unerfreulich	neg 1.0		off 0.3892135724873617 neg 0.3770047763784558 __DUMMY__ 0.2337816511341825	false	0.5
pikiert	neg 1.0		off 0.39200094972970667 neg 0.37448551134469527 __DUMMY__ 0.2335135389255982	false	0.5
motherfucker	off 1.0		off 0.3767295438788456 __DUMMY__ 0.36872636053871366 neg 0.2545440955824408	false	1.0
wrack	neg 1.0		off 0.3894507382668533 neg 0.37665866398508585 __DUMMY__ 0.23389059774806087	false	0.5
gangster	neg 1.0		off 0.3925211788031754 neg 0.30531222843899863 __DUMMY__ 0.302166592757826	false	0.5
krank	neg 1.0		off 0.3936921285945414 neg 0.3730185504500717 __DUMMY__ 0.23328932095538693	false	0.5
reich	neg 1.0		off 0.3893474659356577 neg 0.37680022205263497 __DUMMY__ 0.23385231201170723	false	0.5
gnadenlos	neg 1.0		off 0.39123562866551 neg 0.3750748123977813 __DUMMY__ 0.2336895589367087	false	0.5
niedergeschlagen	neg 1.0		off 0.3904145006846674 neg 0.37588732430736904 __DUMMY__ 0.2336981750079636	false	0.5
terrorisieren	off 1.0	off 1.0	off 0.683238086388152 neg 0.2048313731728598 __DUMMY__ 0.11193054043898824	false	1.0
sinnlosigkeit	neg 1.0		off 0.3897735039264185 neg 0.37661166479811214 __DUMMY__ 0.23361483127546923	false	0.5
behindern	neg 1.0		off 0.3863309192141951 neg 0.37994733703915873 __DUMMY__ 0.23372174374664614	false	0.5
undemokratisch	neg 1.0		off 0.3881627652344287 neg 0.3786246023753299 __DUMMY__ 0.23321263239024134	false	0.5
wirtschaftskrise	neg 1.0		off 0.38478563212823 neg 0.38114988651876686 __DUMMY__ 0.234064481353003	false	0.5
neid	neg 1.0		off 0.3920796724302106 neg 0.37413459906816127 __DUMMY__ 0.23378572850162815	false	0.5
rutschen	neg 1.0		off 0.39035495637020695 neg 0.37558137330168334 __DUMMY__ 0.23406367032810965	false	0.5
rezession	neg 1.0		off 0.3830148218102075 neg 0.38286692007158774 __DUMMY__ 0.23411825811820478	false	0.5
fehlgeburt	neg 1.0		off 0.39232509281505473 neg 0.37458087668116397 __DUMMY__ 0.23309403050378127	false	0.5
charakterschwach	off 1.0		off 0.3917575335298697 neg 0.37475899134195706 __DUMMY__ 0.23348347512817325	false	1.0
isolation	neg 1.0		neg 0.39234049248692804 off 0.3776313686542959 __DUMMY__ 0.23002813885877602	false	1.0
ablenkung	neg 1.0		off 0.39129541441134247 neg 0.3751531815452141 __DUMMY__ 0.23355140404344332	false	0.5
pech	neg 1.0		off 0.3931331755873305 neg 0.3732891753542131 __DUMMY__ 0.23357764905845643	false	0.5
dominieren	neg 1.0		off 0.385720621383046 neg 0.3798611395473267 __DUMMY__ 0.23441823906962722	false	0.5
vermeidung	neg 1.0		neg 0.3850871765536458 off 0.3817803773098007 __DUMMY__ 0.23313244613655348	false	1.0
schwindlig	neg 1.0		off 0.3943508350058864 neg 0.3725109722052873 __DUMMY__ 0.2331381927888264	false	0.5
lutscher	neg 1.0		off 0.3979550323950682 neg 0.36948729770163413 __DUMMY__ 0.2325576699032976	false	0.5
pflicht	neg 1.0		off 0.38900872191161995 neg 0.3771488938016524 __DUMMY__ 0.2338423842867277	false	0.5
faschist	off 1.0		off 0.3904877332551845 neg 0.37609880585622935 __DUMMY__ 0.23341346088858614	false	1.0
verschleudern	neg 1.0		off 0.38661193917889136 neg 0.3795341420308494 __DUMMY__ 0.2338539187902592	false	0.5
ehebruch	neg 1.0		off 0.3896511870892523 neg 0.3766297669499949 __DUMMY__ 0.23371904596075274	false	0.5
trostlosigkeit	neg 1.0		off 0.38873282216471494 neg 0.37751562999922045 __DUMMY__ 0.23375154783606455	false	0.5
lutschen	neg 1.0		off 0.3985503170209643 neg 0.3695790307547944 __DUMMY__ 0.2318706522242413	false	0.5
spott	off 1.0		off 0.38902314993647924 neg 0.37725983834416227 __DUMMY__ 0.23371701171935852	false	1.0
undiszipliniert	neg 1.0		off 0.3932921084474201 neg 0.3734834789465385 __DUMMY__ 0.2332244126060415	false	0.5
kopfschmerz	neg 1.0		off 0.3921574963485539 neg 0.37474376348703853 __DUMMY__ 0.23309874016440765	false	0.5
unvorhergesehen	neg 1.0		off 0.3909042433004846 neg 0.37528644902460784 __DUMMY__ 0.23380930767490765	false	0.5
desinteressiert	neg 1.0		off 0.39307987987156856 neg 0.3735245953642693 __DUMMY__ 0.23339552476416217	false	0.5
armselig	off 1.0		off 0.39180162359377757 neg 0.3745292087407009 __DUMMY__ 0.2336691676655216	false	1.0
tod	neg 1.0		off 0.3888369642810835 neg 0.3773341791735991 __DUMMY__ 0.2338288565453173	false	0.5
desaster	neg 1.0		off 0.38734251599888264 neg 0.37874665098341176 __DUMMY__ 0.23391083301770574	false	0.5
herzlos	neg 1.0		off 0.39307902996749017 neg 0.3735108952025623 __DUMMY__ 0.2334100748299475	false	0.5
unwissenheit	neg 1.0		off 0.3890563715337817 neg 0.3774476314409024 __DUMMY__ 0.23349599702531595	false	0.5
widersinnig	neg 1.0		off 0.3878583155780812 neg 0.3785927084770546 __DUMMY__ 0.23354897594486426	false	0.5
bedenklich	neg 1.0		off 0.38927706568149256 neg 0.3770769272689068 __DUMMY__ 0.2336460070496007	false	0.5
beanstanden	neg 1.0		off 0.38852587214757905 neg 0.3776115825058656 __DUMMY__ 0.23386254534655537	false	0.5
panisch	neg 1.0		off 0.3923969085232411 neg 0.3742908832826108 __DUMMY__ 0.23331220819414802	false	0.5
abstrich	neg 1.0		off 0.39206975852437215 neg 0.37499950018557704 __DUMMY__ 0.23293074129005076	false	0.5
debil	off 1.0		off 0.4050608900577131 neg 0.36485961064314004 __DUMMY__ 0.23007949929914684	false	1.0
primitiv	neg 1.0		off 0.3921499070931816 neg 0.37414835484681014 __DUMMY__ 0.23370173806000832	false	0.5
abschaum	off 1.0		off 0.3915313502613159 neg 0.3749340822776031 __DUMMY__ 0.23353456746108103	false	1.0
tot	neg 1.0		off 0.39258690449462075 neg 0.3741504493495768 __DUMMY__ 0.2332626461558025	false	0.5
provozieren	neg 1.0		off 0.39079821155860683 neg 0.37561793364076906 __DUMMY__ 0.23358385480062413	false	0.5
instabil	neg 1.0		off 0.3901369307434612 neg 0.3758350097884999 __DUMMY__ 0.2340280594680389	false	0.5
schwuchtel	off 1.0		off 0.3986137005515815 neg 0.36912390600111944 __DUMMY__ 0.232262393447299	false	1.0
zerren	neg 1.0		off 0.3906272530255051 neg 0.3757896778974707 __DUMMY__ 0.23358306907702434	false	0.5
kinderficker	off 1.0		off 0.39209395466678637 neg 0.3747388751053482 __DUMMY__ 0.23316717022786554	false	1.0
gefahr	neg 1.0		off 0.3860544840799777 neg 0.3798580902244956 __DUMMY__ 0.23408742569552665	false	0.5
rabiat	neg 1.0		off 0.39077295484024926 neg 0.3754725713615075 __DUMMY__ 0.23375447379824318	false	0.5
verlangsamung	neg 1.0		off 0.3842357382054164 neg 0.3812231737742028 __DUMMY__ 0.2345410880203808	false	0.5
anklagen	neg 1.0		off 0.3861722403662713 neg 0.38023204082374423 __DUMMY__ 0.23359571880998448	false	0.5
ausgestorben	neg 1.0		off 0.3902666966488606 neg 0.3758154158568078 __DUMMY__ 0.23391788749433165	false	0.5
verminderung	neg 1.0		neg 0.3851374151639149 off 0.3815062310738283 __DUMMY__ 0.23335635376225666	false	1.0
rost	neg 1.0		off 0.3873967989093888 neg 0.3774534266115014 __DUMMY__ 0.2351497744791098	false	0.5
destruktiv	neg 1.0		off 0.38973683126002784 neg 0.3766759692149926 __DUMMY__ 0.23358719952497964	false	0.5
unzumutbarkeit	neg 1.0		off 0.3860952409366474 neg 0.38008927630492195 __DUMMY__ 0.23381548275843067	false	0.5
labil	off 1.0	off 1.0	off 0.7637721739066506 neg 0.14615569472666445 __DUMMY__ 0.09007213136668499	false	1.0
ziemlich	neg 1.0		off 0.3931655090361661 neg 0.3734205432889013 __DUMMY__ 0.23341394767493256	false	0.5
lachnummer	off 1.0		off 0.38978336127526886 neg 0.3764709020323217 __DUMMY__ 0.23374573669240944	false	1.0
ausgrenzung	neg 1.0		off 0.3868000950479589 neg 0.3796426323234107 __DUMMY__ 0.23355727262863019	false	0.5
verfall	neg 1.0		off 0.3873348403363179 neg 0.3788259192307174 __DUMMY__ 0.2338392404329648	false	0.5
unordnung	neg 1.0	neg 1.0	neg 0.6726319639246612 off 0.2143947146361076 __DUMMY__ 0.11297332143923121	false	1.0
fehlverhalten	neg 1.0		off 0.3884049103503669 neg 0.37789419208282554 __DUMMY__ 0.2337008975668075	false	0.5
nille	neg 1.0		off 0.4059661611947548 neg 0.36366589033790825 __DUMMY__ 0.2303679484673369	false	0.5
qual	neg 1.0		off 0.3968428654115118 neg 0.3889799039178623 __DUMMY__ 0.21417723067062586	false	0.5
riesig	neg 1.0		off 0.3966968031952632 neg 0.36985067652623493 __DUMMY__ 0.23345252027850175	false	0.5
verschwenden	neg 1.0		off 0.3899009344140942 neg 0.37646745927692987 __DUMMY__ 0.23363160630897595	false	0.5
verurteilen	neg 1.0		off 0.3890323995024216 neg 0.3774140109405354 __DUMMY__ 0.23355358955704297	false	0.5
klischee	neg 1.0		off 0.39162353286356294 neg 0.3747443009171187 __DUMMY__ 0.23363216621931848	false	0.5
diktatorisch	neg 1.0		off 0.3885757371839372 neg 0.3781542249129806 __DUMMY__ 0.23327003790308218	false	0.5
vorhersehbar	neg 1.0		off 0.3910075917499114 neg 0.3751945294454745 __DUMMY__ 0.2337978788046142	false	0.5
stornieren	neg 1.0		off 0.3890265368660845 neg 0.37738424093611184 __DUMMY__ 0.2335892221978037	false	0.5
besteuerung	neg 1.0		neg 0.3837117384239759 off 0.3825289833571277 __DUMMY__ 0.2337592782188963	false	1.0
ungeschminkt	neg 1.0		off 0.39679898332635005 neg 0.3707645390653329 __DUMMY__ 0.23243647760831715	false	0.5
kritisch	neg 1.0		off 0.3889884254948529 neg 0.3772920775089433 __DUMMY__ 0.23371949699620376	false	0.5
schlamperei	off 1.0		off 0.3864150462891517 neg 0.3797980154768549 __DUMMY__ 0.2337869382339934	false	1.0
sucht	neg 1.0		off 0.38980016207748985 neg 0.37537790172985475 __DUMMY__ 0.23482193619265526	false	0.5
egoistisch	off 1.0		off 0.39335659088331953 neg 0.3735065492645436 __DUMMY__ 0.2331368598521368	false	1.0
ausbeuter	off 1.0		off 0.38851480212199074 neg 0.3777872667325596 __DUMMY__ 0.23369793114544982	false	1.0
arschgeburt			off 0.3996597688449015 neg 0.36833741709963336 __DUMMY__ 0.23200281405546508	false	0.0
schubs	neg 1.0		off 0.3935913220624358 neg 0.3734502001948291 __DUMMY__ 0.23295847774273504	false	0.5
unsolide	neg 1.0		off 0.3883082270513287 neg 0.3783480709041525 __DUMMY__ 0.2333437020445189	false	0.5
beschwerde	neg 1.0		off 0.38658964589234923 neg 0.3798719198454965 __DUMMY__ 0.2335384342621544	false	0.5
stocken	neg 1.0		off 0.3849220494283799 neg 0.3807383287404198 __DUMMY__ 0.23433962183120047	false	0.5
isolieren	neg 1.0		off 0.38569346970089746 neg 0.3803547621711478 __DUMMY__ 0.2339517681279548	false	0.5
unheilbar	neg 1.0		off 0.3905444395876273 neg 0.37586056196676154 __DUMMY__ 0.23359499844561105	false	0.5
pisser	off 1.0		off 0.3996084139677311 neg 0.36825584996374455 __DUMMY__ 0.23213573606852425	false	1.0
löschen	neg 1.0		off 0.392902023209291 neg 0.376879162539969 __DUMMY__ 0.23021881425073987	false	0.5
durchfallen	neg 1.0		off 0.38978202659875855 neg 0.3766881751973502 __DUMMY__ 0.23352979820389108	false	0.5
wichser	off 1.0		off 0.39479503679337075 neg 0.37211958229270886 __DUMMY__ 0.23308538091392036	false	1.0
terror	neg 1.0		neg 0.38613253272174525 off 0.38244750468962596 __DUMMY__ 0.23141996258862882	false	1.0
krass	neg 1.0		off 0.39662311986287446 neg 0.37075577269557786 __DUMMY__ 0.23262110744154785	false	0.5
revolte	neg 1.0		off 0.3853211917027701 neg 0.380701636650752 __DUMMY__ 0.23397717164647783	false	0.5
besorgt	neg 1.0		off 0.3906739807104821 neg 0.37571337497988583 __DUMMY__ 0.23361264430963216	false	0.5
nachlassen	neg 1.0		off 0.3890517266262106 neg 0.3771098757563638 __DUMMY__ 0.2338383976174255	false	0.5
alt	neg 1.0		off 0.39422758623872933 neg 0.3720004374856988 __DUMMY__ 0.23377197627557186	false	0.5
hundesohn	off 1.0		off 0.40198286380129605 neg 0.3665953753304228 __DUMMY__ 0.23142176086828117	false	1.0
abschreckung	neg 1.0		off 0.38789869650501957 neg 0.37842882622361806 __DUMMY__ 0.23367247727136248	false	0.5
unqualifiziert	neg 1.0		off 0.39059862738656825 neg 0.3760224952510126 __DUMMY__ 0.23337887736241916	false	0.5
abgewichst	off 1.0		off 0.40372700353694324 neg 0.3654403142332363 __DUMMY__ 0.23083268222982045	false	1.0
kapitulation	neg 1.0		off 0.3866893350794687 neg 0.3794758412665522 __DUMMY__ 0.23383482365397917	false	0.5
schwer	neg 1.0		off 0.3909388735105884 neg 0.37529972762552316 __DUMMY__ 0.23376139886388836	false	0.5
bedeutungslosigkeit	neg 1.0		off 0.3883777327351213 neg 0.37776694274938 __DUMMY__ 0.23385532451549865	false	0.5
unscharf	neg 1.0		off 0.39459890323506525 neg 0.3724963435485388 __DUMMY__ 0.2329047532163959	false	0.5
schwinden	neg 1.0		off 0.38541758469218057 neg 0.3804322473071893 __DUMMY__ 0.23415016800063004	false	0.5
versklavung	neg 1.0		off 0.3860510798503264 neg 0.3804978158619354 __DUMMY__ 0.23345110428773835	false	0.5
schlecht	neg 1.0		off 0.3926142059309175 neg 0.37390753218240347 __DUMMY__ 0.2334782618866789	false	0.5
verhasst	neg 1.0		off 0.3901759589823874 neg 0.3761545349471923 __DUMMY__ 0.23366950607042042	false	0.5
beschweren	neg 1.0		off 0.39118606733094896 neg 0.3750618085107569 __DUMMY__ 0.2337521241582941	false	0.5
scheiden	neg 1.0		off 0.391200398490263 neg 0.3750145284244029 __DUMMY__ 0.23378507308533403	false	0.5
frustriert	neg 1.0		off 0.3905277576465401 neg 0.3758275004575514 __DUMMY__ 0.2336447418959085	false	0.5
schimmelig	neg 1.0		off 0.3967302706551883 neg 0.3705661400612338 __DUMMY__ 0.23270358928357787	false	0.5
fisch	neg 1.0		off 0.39411356204871195 neg 0.37202576143235094 __DUMMY__ 0.23386067651893708	false	0.5
schmuggel	neg 1.0		off 0.38940692023115625 neg 0.3768433909133637 __DUMMY__ 0.23374968885547984	false	0.5
auffallen	neg 1.0		off 0.39114801253184345 neg 0.3752067669890408 __DUMMY__ 0.2336452204791158	false	0.5
konkurrenz	neg 1.0		off 0.388575528133731 neg 0.37758602097422295 __DUMMY__ 0.23383845089204616	false	0.5
teufelskreis	neg 1.0		off 0.39032348752792545 neg 0.3759216919375411 __DUMMY__ 0.2337548205345333	false	0.5
aufschreien	neg 1.0		off 0.3917717041170348 neg 0.37458005993408383 __DUMMY__ 0.23364823594888115	false	0.5
missgeburt	off 1.0		off 0.39960600628448323 neg 0.36811428404937707 __DUMMY__ 0.23227970966613953	false	1.0
schuldner	neg 1.0		off 0.3856171474273798 neg 0.38051345048808305 __DUMMY__ 0.23386940208453716	false	0.5
befallen	neg 1.0		off 0.3881647695535987 neg 0.37855409380309213 __DUMMY__ 0.23328113664330913	false	0.5
arbeitslos	neg 1.0		off 0.38975078672855396 neg 0.3765436551175017 __DUMMY__ 0.2337055581539443	false	0.5
miesepetrig	off 1.0		off 0.3927242819290954 neg 0.3739152802495982 __DUMMY__ 0.23336043782130653	false	1.0
alarmieren	neg 1.0		off 0.38447327290551697 neg 0.38151967859076624 __DUMMY__ 0.23400704850371687	false	0.5
ungeduscht	off 1.0		off 0.39530192880394915 neg 0.3720301009150891 __DUMMY__ 0.23266797028096178	false	1.0
knappheit	neg 1.0		off 0.385653866363686 neg 0.38031027094014735 __DUMMY__ 0.23403586269616652	false	0.5
schlange	neg 1.0		off 0.391624897129906 neg 0.3746344823932256 __DUMMY__ 0.23374062047686828	false	0.5
harsch	neg 1.0		off 0.3861865621666761 neg 0.3802595269680709 __DUMMY__ 0.23355391086525304	false	0.5
lang	neg 1.0	neg 1.0	neg 0.63216465727727 off 0.24226405141617907 __DUMMY__ 0.12557129130655095	false	1.0
ziellos	neg 1.0		off 0.3902748217685196 neg 0.3759260316279496 __DUMMY__ 0.23379914660353077	false	0.5
selbstverliebt	neg 1.0		off 0.3957760090956509 neg 0.37127286335186266 __DUMMY__ 0.23295112755248648	false	0.5
beseitigen	neg 1.0		off 0.3859447845012477 neg 0.3799436077000697 __DUMMY__ 0.23411160779868265	false	0.5
dumm	off 1.0		off 0.3942106715314534 neg 0.37262987988241136 __DUMMY__ 0.23315944858613533	false	1.0
arbeitsloser	neg 1.0		off 0.38947329219447213 neg 0.37676134334071565 __DUMMY__ 0.2337653644648124	false	0.5
blitzen	neg 1.0		off 0.39076555325244766 neg 0.3743184761622456 __DUMMY__ 0.23491597058530675	false	0.5
hilflos	neg 1.0		off 0.39062422235504013 neg 0.3759005101165349 __DUMMY__ 0.2334752675284251	false	0.5
eklig	off 1.0		off 0.39593433591384963 neg 0.3712976500276146 __DUMMY__ 0.23276801405853575	false	1.0
hungersnot	neg 1.0		off 0.38637327340568217 neg 0.37954467339348286 __DUMMY__ 0.23408205320083492	false	0.5
ungesetzlich	neg 1.0		off 0.38782607034988104 neg 0.37865379090433726 __DUMMY__ 0.2335201387457817	false	0.5
verschwendung	neg 1.0		off 0.3894435210959353 neg 0.3768856457281559 __DUMMY__ 0.2336708331759089	false	0.5
schmerzvoll	neg 1.0		off 0.3917824653458811 neg 0.3747098639532323 __DUMMY__ 0.2335076707008867	false	0.5
vorzeitig	neg 1.0		off 0.38445098764790575 neg 0.3816149311202148 __DUMMY__ 0.23393408123187942	false	0.5
unvollkommenheit	neg 1.0		off 0.39021597487144727 neg 0.37613964912052883 __DUMMY__ 0.233644376008024	false	0.5
intervenieren	neg 1.0		off 0.38794272358140214 neg 0.37846816085181945 __DUMMY__ 0.23358911556677825	false	0.5
banause	off 1.0		off 0.3946607214125584 neg 0.3723697957248582 __DUMMY__ 0.23296948286258357	false	1.0
rebell	neg 1.0		off 0.3995488787186534 neg 0.3691540086737599 __DUMMY__ 0.23129711260758665	false	0.5
unlogisch	neg 1.0		off 0.392994269001884 neg 0.3737426729804077 __DUMMY__ 0.23326305801770825	false	0.5
abschaffung	neg 1.0		off 0.38495351668905936 neg 0.38157379968422855 __DUMMY__ 0.23347268362671197	false	0.5
leiden	neg 1.0		off 0.3912784647374844 neg 0.3749662833436493 __DUMMY__ 0.23375525191886642	false	0.5
sturz	neg 1.0		off 0.38601496333626456 neg 0.3799215082013356 __DUMMY__ 0.23406352846239997	false	0.5
verkleinerung	neg 1.0		off 0.38397573113147476 neg 0.38224217520928 __DUMMY__ 0.23378209365924527	false	0.5
schmarotzer	off 1.0		off 0.38990566370415886 neg 0.37653935970675606 __DUMMY__ 0.233554976589085	false	1.0
bestrafung	neg 1.0		off 0.39136613147273464 neg 0.37503561490902565 __DUMMY__ 0.23359825361823983	false	0.5
achtlos	neg 1.0		off 0.3906149435757528 neg 0.37586879873197876 __DUMMY__ 0.23351625769226836	false	0.5
ungeheuer	neg 1.0		off 0.3924108745809143 neg 0.37377066576824636 __DUMMY__ 0.23381845965083922	false	0.5
unaufrichtig	neg 1.0		off 0.39097140228208555 neg 0.3759566898698472 __DUMMY__ 0.2330719078480671	false	0.5
groggy	neg 1.0		off 0.3964791891727437 neg 0.3704582179348381 __DUMMY__ 0.23306259289241815	false	0.5
verletzlich	neg 1.0		off 0.39291218389197796 neg 0.37370894297882384 __DUMMY__ 0.23337887312919825	false	0.5
ablehnen	neg 1.0		off 0.38889500837502083 neg 0.3775599259707584 __DUMMY__ 0.2335450656542208	false	0.5
kollaps	neg 1.0		off 0.3840676374475081 neg 0.38200661535182134 __DUMMY__ 0.2339257472006706	false	0.5
beschnitten	neg 1.0		off 0.3911904040343076 neg 0.37520817109745286 __DUMMY__ 0.23360142486823937	false	0.5
defekt	neg 1.0		off 0.3851645844780039 neg 0.38129398899336353 __DUMMY__ 0.23354142652863247	false	0.5
dreckskerl	off 1.0		off 0.39308033293242906 neg 0.373780655216857 __DUMMY__ 0.23313901185071398	false	1.0
deine	neg 1.0		off 0.39451462297680906 neg 0.37246086598572914 __DUMMY__ 0.23302451103746188	false	0.5
aufgeben	neg 1.0		off 0.3913834815404931 neg 0.37472698168237095 __DUMMY__ 0.23388953677713606	false	0.5
durcheinander	neg 1.0		off 0.3920253941771133 neg 0.37432386362801084 __DUMMY__ 0.2336507421948758	false	0.5
unterbrechen	neg 1.0		off 0.3901654637913036 neg 0.37608993334776 __DUMMY__ 0.2337446028609365	false	0.5
vergammeln	neg 1.0		off 0.3917273254444727 neg 0.3746373231386685 __DUMMY__ 0.23363535141685882	false	0.5
grotesk	neg 1.0		off 0.3897742062219642 neg 0.376437655935467 __DUMMY__ 0.2337881378425688	false	0.5
elendig	neg 1.0		off 0.3918505732166873 neg 0.3747219366052249 __DUMMY__ 0.23342749017808784	false	0.5
naiv	off 1.0		off 0.39142884944872985 neg 0.3748220794283264 __DUMMY__ 0.23374907112294374	false	1.0
uneinigkeit	neg 1.0		off 0.385472696466561 neg 0.3807443675682909 __DUMMY__ 0.23378293596514818	false	0.5
fragil	neg 1.0		neg 0.3876673719292991 off 0.38278492702861056 __DUMMY__ 0.2295477010420903	false	1.0
provisorisch	neg 1.0		off 0.3898072829130271 neg 0.3761438029309291 __DUMMY__ 0.23404891415604373	false	0.5
landei	off 1.0		off 0.39465807326469327 neg 0.37193777479817 __DUMMY__ 0.23340415193713673	false	1.0
bedauerlich	neg 1.0		off 0.38944415493674134 neg 0.3768463016357763 __DUMMY__ 0.23370954342748246	false	0.5
krieg	neg 1.0		off 0.3904551449702391 neg 0.37591691257299725 __DUMMY__ 0.2336279424567638	false	0.5
traurigkeit	neg 1.0		off 0.39109353622026743 neg 0.37523877060245164 __DUMMY__ 0.23366769317728078	false	0.5
monotonie	neg 1.0		off 0.38987380179521824 neg 0.37626215071162816 __DUMMY__ 0.23386404749315354	false	0.5
unliebsam	neg 1.0		off 0.3903601354682781 neg 0.3759776455247925 __DUMMY__ 0.2336622190069294	false	0.5
drift	neg 1.0		neg 0.4143685990511683 off 0.3801696236094674 __DUMMY__ 0.2054617773393643	false	1.0
chaos	neg 1.0		off 0.38744653591840644 neg 0.37883413742831723 __DUMMY__ 0.2337193266532763	false	0.5
blutig	neg 1.0		off 0.39178132878205885 neg 0.3745224632944848 __DUMMY__ 0.23369620792345633	false	0.5
