unsolidarisch	neg 1.0		__DUMMY__ 0.40589423145473297 off 0.30140941060119514 neg 0.29269635794407184	false	0.5
nachteilig	neg 1.0		__DUMMY__ 0.40672583171684557 off 0.30029690636114487 neg 0.2929772619220097	false	0.5
skeptisch	neg 1.0		__DUMMY__ 0.4067539265370736 off 0.3011057703895932 neg 0.2921403030733332	false	0.5
schrecklich	neg 1.0		__DUMMY__ 0.4056928098282942 off 0.30588222391231334 neg 0.2884249662593924	false	0.5
schlapp	neg 1.0		__DUMMY__ 0.40592257997249825 off 0.30602783647889553 neg 0.28804958354860616	false	0.5
abfall	neg 1.0		__DUMMY__ 0.4071616728981316 off 0.30024983080431467 neg 0.2925884962975537	false	0.5
widerspenstig	neg 1.0		__DUMMY__ 0.4061402437402284 off 0.30339321748073905 neg 0.2904665387790326	false	0.5
abrupt	neg 1.0		__DUMMY__ 0.4070234439591372 off 0.3019348256943004 neg 0.29104173034656244	false	0.5
unwirksam	neg 1.0		__DUMMY__ 0.40677425951702034 neg 0.2975147838769657 off 0.2957109566060138	false	1.0
angreifen	neg 1.0		__DUMMY__ 0.40663476715850977 off 0.3011225956865119 neg 0.29224263715497845	false	0.5
inkonsistent	neg 1.0		__DUMMY__ 0.40685487343292187 off 0.3030742074330152 neg 0.29007091913406285	false	0.5
abrutschen	neg 1.0		__DUMMY__ 0.40668743481956304 off 0.3011075686347926 neg 0.29220499654564425	false	0.5
unsicher	neg 1.0		__DUMMY__ 0.4065128528692122 off 0.3031164037258312 neg 0.29037074340495667	false	0.5
bauernkind	off 1.0		__DUMMY__ 0.40457404048452217 off 0.30998630208035693 neg 0.2854396574351209	false	1.0
angreifer	neg 1.0		__DUMMY__ 0.4064685552129668 off 0.2985293273787315 neg 0.29500211740830184	false	0.5
trennen	neg 1.0		__DUMMY__ 0.4072753410863376 off 0.30195160574354135 neg 0.290773053170121	false	0.5
schmutz	neg 1.0		__DUMMY__ 0.40697765928903584 off 0.29855763166589205 neg 0.29446470904507216	false	0.5
inkonsistenz	neg 1.0		__DUMMY__ 0.4061949889908002 off 0.3039054610048992 neg 0.28989955000430073	false	0.5
erschreckend	neg 1.0		__DUMMY__ 0.4065562018953526 off 0.30190864701949005 neg 0.29153515108515754	false	0.5
ertrinken	neg 1.0		__DUMMY__ 0.406109691225805 off 0.30246219547012587 neg 0.29142811330406915	false	0.5
pickelface	off 1.0		__DUMMY__ 0.4034577373679223 off 0.31439930386388953 neg 0.2821429587681882	false	1.0
lauch	neg 1.0		__DUMMY__ 0.4041440249019299 off 0.31145553073279547 neg 0.2844004443652746	false	0.5
steuerhinterziehung	neg 1.0		__DUMMY__ 0.4063783970172603 off 0.29834404366339135 neg 0.2952775593193483	false	0.5
unwichtig	neg 1.0		__DUMMY__ 0.40627838442712577 off 0.3039558974063011 neg 0.28976571816657304	false	0.5
schock	neg 1.0		__DUMMY__ 0.4069043247316089 off 0.3030763410646188 neg 0.29001933420377235	false	0.5
vergelten	neg 1.0		__DUMMY__ 0.40533470171124636 off 0.30085486991538296 neg 0.29381042837337057	false	0.5
beule	neg 1.0		__DUMMY__ 0.4056710120853385 off 0.3067402263583639 neg 0.2875887615562976	false	0.5
verdorbenheit	neg 1.0		__DUMMY__ 0.4089693973716092 off 0.3005377777283647 neg 0.29049282490002615	false	0.5
trauma			__DUMMY__ 0.3713676117158192 off 0.3327356731366678 neg 0.295896715147513	false	0.0
sinnlos	neg 1.0		__DUMMY__ 0.4062077997249644 off 0.3039025712332381 neg 0.28988962904179744	false	0.5
fettsack	off 1.0		__DUMMY__ 0.4050636281749737 off 0.30947921522314054 neg 0.28545715660188564	false	1.0
feige	off 1.0		__DUMMY__ 0.4063956009089531 off 0.3038964627208015 neg 0.2897079363702453	false	1.0
abdanken	neg 1.0		__DUMMY__ 0.40627059080901645 off 0.3014397147879895 neg 0.2922896944029941	false	0.5
wichtigtuer	off 1.0	off 1.0	off 0.6409985050831909 __DUMMY__ 0.19653852476111539 neg 0.1624629701556936	false	1.0
misslingen	neg 1.0		__DUMMY__ 0.4060317433906589 off 0.3033248815744078 neg 0.2906433750349332	false	0.5
untreu	off 1.0		__DUMMY__ 0.4063787597727007 off 0.30396664068835766 neg 0.2896545995389416	false	1.0
missmutig	neg 1.0		__DUMMY__ 0.4066332619492378 off 0.30316916243561626 neg 0.2901975756151459	false	0.5
hurenbock	off 1.0		__DUMMY__ 0.40411448933984645 off 0.30984321196203485 neg 0.2860422986981186	false	1.0
betrunken	neg 1.0		__DUMMY__ 0.4056071165577425 off 0.30595061488063846 neg 0.28844226856161903	false	0.5
korrupt	off 1.0		__DUMMY__ 0.40616025708715814 off 0.3012851419562262 neg 0.29255460095661556	false	1.0
unmut	neg 1.0		__DUMMY__ 0.4067871387170792 off 0.299813940398057 neg 0.2933989208848638	false	0.5
hackfresse	off 1.0		__DUMMY__ 0.4053231616641114 off 0.30685243708514187 neg 0.28782440125074654	false	1.0
aufblasen	neg 1.0		__DUMMY__ 0.4063016244677754 off 0.303875505559556 neg 0.2898228699726687	false	0.5
gewaltsam	neg 1.0		__DUMMY__ 0.4066240769307204 off 0.2991574464826261 neg 0.29421847658665345	false	0.5
unbeliebtheit	neg 1.0		__DUMMY__ 0.40669516978855985 off 0.2982489225478995 neg 0.29505590766354073	false	0.5
sturheit	neg 1.0		__DUMMY__ 0.4064838367071776 off 0.3012291712146496 neg 0.2922869920781728	false	0.5
kuh	neg 1.0		__DUMMY__ 0.40474989026608515 off 0.3101906429863125 neg 0.28505946674760246	false	0.5
erschrecken	neg 1.0		__DUMMY__ 0.4061339756099747 off 0.30440422668706746 neg 0.2894617977029578	false	0.5
opfer	neg 1.0		__DUMMY__ 0.4066762441405703 off 0.3016547634036717 neg 0.2916689924557579	false	0.5
stinktier	neg 1.0		__DUMMY__ 0.4046807293774491 off 0.3098878568175398 neg 0.28543141380501114	false	0.5
sinken	neg 1.0		__DUMMY__ 0.4077692802610334 off 0.2979016117823052 neg 0.2943291079566614	false	0.5
tucke	off 1.0		__DUMMY__ 0.4042980730498563 off 0.3091165420634327 neg 0.2865853848867111	false	1.0
abstieg	neg 1.0		__DUMMY__ 0.40705605925064225 off 0.29959663423778166 neg 0.2933473065115761	false	0.5
missverstehen	neg 1.0		__DUMMY__ 0.4064717067437154 off 0.30322338304263324 neg 0.29030491021365123	false	0.5
ergebnislos	neg 1.0		__DUMMY__ 0.40719395926774327 off 0.29770339843071414 neg 0.29510264230154276	false	0.5
manipulieren	neg 1.0		__DUMMY__ 0.4061608085799086 off 0.3014883132638391 neg 0.2923508781562523	false	0.5
verschleppen	neg 1.0		__DUMMY__ 0.40676114548184605 off 0.29835439955111553 neg 0.29488445496703836	false	0.5
unbewiesen	neg 1.0		__DUMMY__ 0.4066616178550764 off 0.2998020826335835 neg 0.29353629951134014	false	0.5
weib	off 1.0		__DUMMY__ 0.40479226654905515 off 0.30885880153411427 neg 0.2863489319168306	false	1.0
opposition	neg 1.0		__DUMMY__ 0.40569256120457187 neg 0.2973444645935148 off 0.29696297420191337	false	1.0
verkehrswidrig	neg 1.0		__DUMMY__ 0.40555433140089664 off 0.2988592188639166 neg 0.29558644973518683	false	0.5
inkorrekt	neg 1.0		__DUMMY__ 0.40626312937488845 off 0.303772474387236 neg 0.2899643962378756	false	0.5
vermeiden	neg 1.0		__DUMMY__ 0.40714380524619603 off 0.2994762643380585 neg 0.29337993041574545	false	0.5
abweichung	neg 1.0		__DUMMY__ 0.40707712736731155 off 0.29919812217231806 neg 0.2937247504603703	false	0.5
alkoholisiert	neg 1.0		__DUMMY__ 0.4065682931255587 off 0.30182619595901206 neg 0.29160551091542924	false	0.5
scheiss	off 1.0	off 1.0	off 0.6425323840272537 __DUMMY__ 0.19659018269163064 neg 0.16087743328111562	false	1.0
herausforderung	neg 1.0		__DUMMY__ 0.4073585131286626 off 0.3001283904488721 neg 0.29251309642246526	false	0.5
pervers	off 1.0		__DUMMY__ 0.404593430797442 off 0.308752524048391 neg 0.286654045154167	false	1.0
wackelig	neg 1.0		__DUMMY__ 0.4064218378862864 off 0.30348818650104936 neg 0.29008997561266414	false	0.5
verwickeln	neg 1.0		__DUMMY__ 0.4066241939983016 off 0.3029342137683149 neg 0.29044159223338356	false	0.5
vorwand	neg 1.0		__DUMMY__ 0.4063194871197607 off 0.3013264267390285 neg 0.2923540861412109	false	0.5
muschi	off 1.0		__DUMMY__ 0.40355124709135537 off 0.3138139927405816 neg 0.2826347601680631	false	1.0
entmutigung	neg 1.0		__DUMMY__ 0.40636838769884587 off 0.2988453552553298 neg 0.29478625704582423	false	0.5
unstetig	neg 1.0		__DUMMY__ 0.40644695584251395 off 0.3016874048779469 neg 0.2918656392795392	false	0.5
unangemessen	neg 1.0		__DUMMY__ 0.4065025052373155 off 0.3015406204535219 neg 0.29195687430916245	false	0.5
entmutigen	neg 1.0		__DUMMY__ 0.4065291143338458 off 0.3032851036993278 neg 0.29018578196682643	false	0.5
schwanz	neg 1.0		__DUMMY__ 0.4030213357122845 off 0.31189453535089606 neg 0.28508412893681945	false	0.5
verbot	neg 1.0		__DUMMY__ 0.4064184486056588 off 0.2989646049296645 neg 0.2946169464646767	false	0.5
leid	neg 1.0		__DUMMY__ 0.4057068355224311 off 0.3063267459464632 neg 0.2879664185311058	false	0.5
archaisch	neg 1.0		__DUMMY__ 0.4063684333909553 off 0.3017042871044483 neg 0.2919272795045963	false	0.5
scheidung	neg 1.0		__DUMMY__ 0.40713878912565626 off 0.2965359886121803 neg 0.2963252222621634	false	0.5
abgestanden	neg 1.0		__DUMMY__ 0.40666267543239454 off 0.3049278687000579 neg 0.2884094558675475	false	0.5
einschlag	neg 1.0		__DUMMY__ 0.40703794194929493 off 0.29904617926743593 neg 0.2939158787832691	false	0.5
schmierig	off 1.0		__DUMMY__ 0.40586919252999865 off 0.3058819373744162 neg 0.2882488700955851	false	1.0
unpraktisch	neg 1.0		__DUMMY__ 0.40608688320483255 off 0.3049037646601491 neg 0.2890093521350184	false	0.5
wixxer	off 1.0		__DUMMY__ 0.4048895214323191 off 0.309814764698119 neg 0.285295713869562	false	1.0
jammerlappen	off 1.0		__DUMMY__ 0.4062149402441663 off 0.3039915969020896 neg 0.2897934628537442	false	1.0
farce	neg 1.0		__DUMMY__ 0.40655505252440766 off 0.2989863371106434 neg 0.29445861036494886	false	0.5
zwecklos	neg 1.0		__DUMMY__ 0.40666309344477425 off 0.3016445378936254 neg 0.2916923686616003	false	0.5
turbulent	neg 1.0		__DUMMY__ 0.4058881302969171 off 0.30117817527812785 neg 0.292933694424955	false	0.5
schuld	neg 1.0		__DUMMY__ 0.4061487835137557 off 0.3032033124592269 neg 0.29064790402701746	false	0.5
risiko	neg 1.0		__DUMMY__ 0.4079320522626687 off 0.29704923442571846 neg 0.29501871331161295	false	0.5
invasion	neg 1.0		__DUMMY__ 0.3976086176663176 neg 0.3120732369317966 off 0.2903181454018858	false	1.0
finster	neg 1.0		__DUMMY__ 0.40643141933929483 off 0.30524702131716697 neg 0.28832155934353826	false	0.5
geisteskrank	off 1.0		__DUMMY__ 0.40639361859873796 off 0.3039035650441897 neg 0.2897028163570723	false	1.0
ausbeute	neg 1.0		__DUMMY__ 0.4083300773279898 off 0.3016180409258494 neg 0.29005188174616087	false	0.5
zusammenbrechen	neg 1.0		__DUMMY__ 0.40623743343465196 off 0.302512248746164 neg 0.29125031781918403	false	0.5
hinterhalt	neg 1.0		__DUMMY__ 0.40665718048517413 off 0.3015657387096271 neg 0.2917770808051988	false	0.5
kritik	neg 1.0		__DUMMY__ 0.4064535208658879 off 0.2992803702310009 neg 0.2942661089031112	false	0.5
einschrumpfen	neg 1.0		__DUMMY__ 0.4040038944230932 off 0.2991266454902471 neg 0.29686946008665976	false	0.5
riskant	neg 1.0		__DUMMY__ 0.4065945194436654 off 0.3016887569371531 neg 0.2917167236191815	false	0.5
frustrieren	neg 1.0		__DUMMY__ 0.4066820288871484 off 0.3020865807698027 neg 0.2912313903430488	false	0.5
groll	neg 1.0		__DUMMY__ 0.40671468292494806 off 0.30141032887047253 neg 0.29187498820457936	false	0.5
qualvoll	neg 1.0		__DUMMY__ 0.4058660001639782 off 0.3040220158288655 neg 0.2901119840071563	false	0.5
wackeln	neg 1.0		__DUMMY__ 0.40668209787817766 off 0.3033912632017562 neg 0.28992663892006615	false	0.5
klagen	neg 1.0		__DUMMY__ 0.4065404215090618 off 0.29958054959035263 neg 0.2938790289005855	false	0.5
trauern	neg 1.0		__DUMMY__ 0.40651250899335184 off 0.30193225643558746 neg 0.29155523457106064	false	0.5
ablehnung	neg 1.0		__DUMMY__ 0.4066663950181854 off 0.2987637146804889 neg 0.29456989030132574	false	0.5
bankrott	neg 1.0		__DUMMY__ 0.40542365250435924 neg 0.29991714155027877 off 0.2946592059453619	false	1.0
stur	neg 1.0		__DUMMY__ 0.4061467859537497 off 0.30281168952155196 neg 0.29104152452469834	false	0.5
aufruhr	neg 1.0		__DUMMY__ 0.40740049316571497 off 0.297516269805221 neg 0.295083237029064	false	0.5
melancholie	neg 1.0		__DUMMY__ 0.4063564524687134 off 0.30451159980488457 neg 0.28913194772640205	false	0.5
torheit	neg 1.0		__DUMMY__ 0.40651892408280166 off 0.3009594005776633 neg 0.292521675339535	false	0.5
dreckskind	off 1.0		__DUMMY__ 0.40402549821612815 off 0.31245839621068894 neg 0.283516105573183	false	1.0
umtauschen	neg 1.0		__DUMMY__ 0.4059016443091694 off 0.30485418500764483 neg 0.28924417068318564	false	0.5
zersetzen	neg 1.0		__DUMMY__ 0.4066014725087619 off 0.3005682159556237 neg 0.2928303115356144	false	0.5
frust	neg 1.0		__DUMMY__ 0.4063118152681149 off 0.30239093406474765 neg 0.29129725066713746	false	0.5
unerbittlichkeit	neg 1.0		__DUMMY__ 0.40663206495699217 off 0.30061690526400325 neg 0.2927510297790047	false	0.5
unkorrekt	neg 1.0		__DUMMY__ 0.4057784119588555 off 0.30427797094398557 neg 0.289943617097159	false	0.5
hexe	off 1.0		__DUMMY__ 0.40649578066670744 off 0.3067469267005702 neg 0.2867572926327225	false	1.0
lasch	neg 1.0		__DUMMY__ 0.406371617075831 off 0.3029200143955421 neg 0.2907083685286269	false	0.5
rivale	neg 1.0		__DUMMY__ 0.4060598428146259 off 0.2976164895041536 neg 0.2963236676812205	false	0.5
mutlos	off 1.0		__DUMMY__ 0.40663041304688413 off 0.3010644376629048 neg 0.29230514929021123	false	1.0
wirr	off 1.0		__DUMMY__ 0.4050643411955906 off 0.3061666397414077 neg 0.28876901906300184	false	1.0
strafbar	neg 1.0		__DUMMY__ 0.40665687534174383 off 0.30139571504733365 neg 0.29194740961092264	false	0.5
erosion	neg 1.0	neg 1.0	neg 0.6308913002783022 __DUMMY__ 0.20136320754699155 off 0.16774549217470625	false	1.0
eingehen	neg 1.0		__DUMMY__ 0.4065747689420504 off 0.3017281457173069 neg 0.2916970853406427	false	0.5
faul	off 1.0		__DUMMY__ 0.40551479980185684 off 0.30619788982829543 neg 0.2882873103698477	false	1.0
provisorium	neg 1.0		__DUMMY__ 0.40709404020994205 off 0.30053966935433846 neg 0.29236629043571954	false	0.5
schmerzen	neg 1.0		__DUMMY__ 0.4056000404585562 off 0.30476962964005644 neg 0.2896303299013875	false	0.5
schrumpfen	neg 1.0		__DUMMY__ 0.40714121661873354 off 0.29930867809448475 neg 0.2935501052867816	false	0.5
geistlos	off 1.0		__DUMMY__ 0.40635281706416043 off 0.30264272649847096 neg 0.2910044564373688	false	1.0
frustrierend	neg 1.0		__DUMMY__ 0.4064806816073602 off 0.30417820802168327 neg 0.28934111037095656	false	0.5
fehlkauf	neg 1.0		__DUMMY__ 0.4082466388175579 off 0.30146783064008253 neg 0.2902855305423596	false	0.5
unzufrieden	neg 1.0		__DUMMY__ 0.4067072392798321 off 0.3016306216416393 neg 0.29166213907852867	false	0.5
verzweifeln	neg 1.0		__DUMMY__ 0.40641770133796556 off 0.3027514164831147 neg 0.2908308821789197	false	0.5
verzweifelt	neg 1.0		__DUMMY__ 0.40651830689362045 off 0.3033723822022846 neg 0.290109310904095	false	0.5
misstrauensantrag	neg 1.0		__DUMMY__ 0.4055077286700238 off 0.2974368815933546 neg 0.2970553897366217	false	0.5
abfallen	neg 1.0		__DUMMY__ 0.40587516955840863 off 0.3049387528958498 neg 0.28918607754574155	false	0.5
fucker	off 1.0		__DUMMY__ 0.5094482611404958 off 0.30226849926860694 neg 0.1882832395908973	false	1.0
ungezogen	neg 1.0		__DUMMY__ 0.40531248712453843 off 0.30700950197335203 neg 0.28767801090210965	false	0.5
irrsinnig	neg 1.0		__DUMMY__ 0.4063016238878499 off 0.30345596009687875 neg 0.2902424160152713	false	0.5
hart	neg 1.0		__DUMMY__ 0.40376837290820183 off 0.31093410792251436 neg 0.28529751916928375	false	0.5
unfassbar	neg 1.0		__DUMMY__ 0.40669529476307004 off 0.30393525594939363 neg 0.2893694492875363	false	0.5
widerlich	off 1.0		__DUMMY__ 0.40602067225301547 off 0.3043909062984484 neg 0.289588421448536	false	1.0
fatal			__DUMMY__ 0.3930224700787341 off 0.30694435972240774 neg 0.30003317019885817	false	0.0
bruch	neg 1.0		__DUMMY__ 0.40701762803915975 off 0.30027462957686085 neg 0.2927077423839794	false	0.5
aushungern	neg 1.0		__DUMMY__ 0.4061301368707278 off 0.2996120785727095 neg 0.29425778455656265	false	0.5
anspannung	neg 1.0		__DUMMY__ 0.40692851353783194 off 0.3013054557024718 neg 0.29176603075969615	false	0.5
kraftlos	neg 1.0		__DUMMY__ 0.4065962018584396 off 0.3025492508600409 neg 0.2908545472815196	false	0.5
grenzdebil	off 1.0		__DUMMY__ 0.405862005479525 off 0.304959326970544 neg 0.2891786675499309	false	1.0
unterwerfen	neg 1.0		__DUMMY__ 0.406538987768851 off 0.3014928548233181 neg 0.291968157407831	false	0.5
versenkung	neg 1.0		__DUMMY__ 0.4067730355772118 off 0.30157459538243464 neg 0.29165236904035347	false	0.5
entziehen	neg 1.0		__DUMMY__ 0.4068060833709383 off 0.30077624299033034 neg 0.29241767363873145	false	0.5
finanzkrise	neg 1.0		__DUMMY__ 0.4069027072355071 neg 0.29687020627203414 off 0.29622708649245877	false	1.0
schimpfend	neg 1.0		__DUMMY__ 0.40583620128368597 off 0.30442980491627014 neg 0.28973399380004394	false	0.5
profan	neg 1.0		__DUMMY__ 0.40642616232102713 off 0.3037268156960199 neg 0.2898470219829529	false	0.5
korruption	neg 1.0		__DUMMY__ 0.40649349647882604 off 0.2984925214585118 neg 0.2950139820626622	false	0.5
schmutzig	neg 1.0		__DUMMY__ 0.40590168875862787 off 0.3051506374279446 neg 0.2889476738134276	false	0.5
abraten	neg 1.0		__DUMMY__ 0.4063245952552625 off 0.30425847643116755 neg 0.28941692831356997	false	0.5
sexy	neg 1.0		__DUMMY__ 0.3752871492006177 off 0.3246593615904527 neg 0.3000534892089296	false	0.5
fotze	off 1.0		__DUMMY__ 0.40248735636079563 off 0.31585451383836155 neg 0.2816581298008427	false	1.0
schwarz	neg 1.0		__DUMMY__ 0.4069186499381851 off 0.3021527606310945 neg 0.2909285894307203	false	0.5
verwirren	neg 1.0		__DUMMY__ 0.4061786365027458 off 0.3042334674958736 neg 0.2895878960013806	false	0.5
zahnlos	off 1.0		__DUMMY__ 0.40689073413674115 off 0.30165814984030354 neg 0.2914511160229552	false	1.0
verheeren	neg 1.0		__DUMMY__ 0.4063903051152684 neg 0.2976251395515562 off 0.29598455533317536	false	1.0
rammen	neg 1.0		__DUMMY__ 0.40604475786708855 off 0.3052325302085098 neg 0.28872271192440163	false	0.5
unlauter	neg 1.0		__DUMMY__ 0.40610266008216206 off 0.298392079025209 neg 0.29550526089262896	false	0.5
unheilvoll	neg 1.0		__DUMMY__ 0.4058015347384368 off 0.3037041880026031 neg 0.29049427725896004	false	0.5
niedrig	neg 1.0		__DUMMY__ 0.4082040713773757 off 0.2982488257957518 neg 0.29354710282687235	false	0.5
weichei	off 1.0		__DUMMY__ 0.4055577278253291 off 0.30688617852552075 neg 0.2875560936491502	false	1.0
explosion	neg 1.0		__DUMMY__ 0.40310780048318984 neg 0.303771413756233 off 0.29312078576057726	false	1.0
minusmensch	off 1.0		__DUMMY__ 0.4048115170510755 off 0.3116690829906065 neg 0.28351939995831804	false	1.0
farblos	neg 1.0		__DUMMY__ 0.40788387555617306 off 0.3024438127803287 neg 0.2896723116634983	false	0.5
unwissend	neg 1.0		__DUMMY__ 0.40612520043995204 off 0.3043315402940386 neg 0.2895432592660095	false	0.5
traurig	neg 1.0		__DUMMY__ 0.40592409474130015 off 0.30541944634611873 neg 0.2886564589125811	false	0.5
senkung	neg 1.0		__DUMMY__ 0.40600074719951484 neg 0.2996904074134153 off 0.2943088453870699	false	1.0
ungleich	neg 1.0		__DUMMY__ 0.406548980349787 off 0.30125476689172376 neg 0.29219625275848926	false	0.5
heikel	neg 1.0		__DUMMY__ 0.4064303220565152 off 0.30148432170618117 neg 0.29208535623730364	false	0.5
drosselung	neg 1.0		__DUMMY__ 0.4065035611949585 neg 0.2983708882130144 off 0.2951255505920273	false	1.0
falsch	neg 1.0		__DUMMY__ 0.40615982721121374 off 0.30424814301501946 neg 0.2895920297737669	false	0.5
unzufriedenheit	neg 1.0		__DUMMY__ 0.40661877854154743 off 0.30059824865691787 neg 0.29278297280153476	false	0.5
kurz	neg 1.0		__DUMMY__ 0.4065319184825192 off 0.3038366140385627 neg 0.289631467478918	false	0.5
unsinnig	neg 1.0		__DUMMY__ 0.40624763092955196 off 0.302154994339415 neg 0.2915973747310332	false	0.5
penner	off 1.0		__DUMMY__ 0.40551538682994287 off 0.3066034500122953 neg 0.2878811631577618	false	1.0
seicht	neg 1.0		__DUMMY__ 0.4062386724559286 off 0.3049255255411832 neg 0.2888358020028883	false	0.5
dummheit	off 1.0		__DUMMY__ 0.4062056338027645 off 0.3030222465862905 neg 0.2907721196109449	false	1.0
unerfreulich	neg 1.0		__DUMMY__ 0.40668863183513093 off 0.301322024402833 neg 0.29198934376203606	false	0.5
pikiert	neg 1.0		__DUMMY__ 0.40623681849762244 off 0.30409726068922927 neg 0.2896659208131484	false	0.5
motherfucker	off 1.0		__DUMMY__ 0.4976584935509396 off 0.30127415149500997 neg 0.20106735495405048	false	1.0
wrack	neg 1.0		__DUMMY__ 0.40693021837154886 off 0.30147032102619997 neg 0.2915994606022513	false	0.5
gangster	neg 1.0		__DUMMY__ 0.44294511679327475 off 0.31477596013396975 neg 0.2422789230727555	false	0.5
krank	neg 1.0		__DUMMY__ 0.40585836463272756 off 0.3057882675949683 neg 0.28835336777230414	false	0.5
reich	neg 1.0		__DUMMY__ 0.40681098651214365 off 0.30142201120623424 neg 0.29176700228162217	false	0.5
gnadenlos	neg 1.0		__DUMMY__ 0.40653023905778074 off 0.3032979839010885 neg 0.29017177704113073	false	0.5
niedergeschlagen	neg 1.0		__DUMMY__ 0.4065529857578868 off 0.30249940577464046 neg 0.2909476084674727	false	0.5
terrorisieren	off 1.0	off 1.0	off 0.6400216809371031 __DUMMY__ 0.19694916285976055 neg 0.16302915620313638	false	1.0
sinnlosigkeit	neg 1.0		__DUMMY__ 0.40639534883571604 off 0.3019321135717597 neg 0.29167253759252426	false	0.5
behindern	neg 1.0		__DUMMY__ 0.4071653931256258 off 0.2983921254894292 neg 0.29444248138494494	false	0.5
undemokratisch	neg 1.0		__DUMMY__ 0.4057454063399686 off 0.3005420894822121 neg 0.29371250417781924	false	0.5
wirtschaftskrise	neg 1.0		__DUMMY__ 0.40719079786499146 off 0.2969749743524795 neg 0.2958342277825291	false	0.5
neid	neg 1.0		__DUMMY__ 0.40670646616979816 off 0.30405244526665165 neg 0.2892410885635503	false	0.5
rutschen	neg 1.0		__DUMMY__ 0.4071755903515712 off 0.302307338191318 neg 0.29051707145711086	false	0.5
rezession	neg 1.0		__DUMMY__ 0.4073244597359083 neg 0.29743197556013395 off 0.2952435647039577	false	1.0
fehlgeburt	neg 1.0		__DUMMY__ 0.40555676770923355 off 0.3045598660087219 neg 0.28988336628204453	false	0.5
charakterschwach	off 1.0		__DUMMY__ 0.40618712527533124 off 0.3038723053218134 neg 0.28994056940285534	false	1.0
isolation	neg 1.0		__DUMMY__ 0.40022070923160763 neg 0.3081359074356596 off 0.2916433833327328	false	1.0
ablenkung	neg 1.0		__DUMMY__ 0.4062972608874715 off 0.30340138916228726 neg 0.29030134995024126	false	0.5
pech	neg 1.0		__DUMMY__ 0.40636862888490866 off 0.30513272872034425 neg 0.28849864239474715	false	0.5
dominieren	neg 1.0		__DUMMY__ 0.40779942225392396 off 0.2977205965448591 neg 0.29447998120121693	false	0.5
vermeidung	neg 1.0		__DUMMY__ 0.40570084302879955 neg 0.2999158489327107 off 0.29438330803848983	false	1.0
schwindlig	neg 1.0		__DUMMY__ 0.40562147383973307 off 0.30646121577978747 neg 0.2879173103804796	false	0.5
lutscher	neg 1.0		__DUMMY__ 0.4046541609875418 off 0.3101273310211517 neg 0.2852185079913064	false	0.5
pflicht	neg 1.0		__DUMMY__ 0.40679115388315146 off 0.30111161057259267 neg 0.292097235544256	false	0.5
faschist	off 1.0		__DUMMY__ 0.40607597558279784 off 0.3026989943377397 neg 0.2912250300794625	false	1.0
verschleudern	neg 1.0		__DUMMY__ 0.40683125313109847 off 0.29880226736159304 neg 0.29436647950730843	false	0.5
ehebruch	neg 1.0		__DUMMY__ 0.40658756617807906 off 0.30177627672741736 neg 0.2916361570945034	false	0.5
trostlosigkeit	neg 1.0		__DUMMY__ 0.4066376679698825 off 0.30088320021300735 neg 0.2924791318171101	false	0.5
lutschen	neg 1.0		__DUMMY__ 0.4035590674794994 off 0.31088141495281857 neg 0.28555951756768194	false	0.5
spott	off 1.0		__DUMMY__ 0.40658148062039 off 0.30117944413982567 neg 0.2922390752397843	false	1.0
undiszipliniert	neg 1.0		__DUMMY__ 0.405759636329232 off 0.3054255021922598 neg 0.2888148614785082	false	0.5
kopfschmerz	neg 1.0		__DUMMY__ 0.4055533097758352 off 0.3043713749169647 neg 0.2900753153072002	false	0.5
unvorhergesehen	neg 1.0		__DUMMY__ 0.4067611103785503 off 0.3028981927067206 neg 0.290340696914729	false	0.5
desinteressiert	neg 1.0		__DUMMY__ 0.4060381430482306 off 0.3051713637579691 neg 0.2887904931938004	false	0.5
armselig	off 1.0		__DUMMY__ 0.4064991112698345 off 0.3038426590100815 neg 0.28965822972008404	false	1.0
tod	neg 1.0		__DUMMY__ 0.40680195444555917 off 0.3009436600901955 neg 0.29225438546424526	false	0.5
desaster	neg 1.0		__DUMMY__ 0.4069141763144254 off 0.29949545322139837 neg 0.2935903704641762	false	0.5
herzlos	neg 1.0		__DUMMY__ 0.40605739111771894 off 0.3051607484532082 neg 0.2887818604290729	false	0.5
unwissenheit	neg 1.0		__DUMMY__ 0.4061964742285132 off 0.30128793291695644 neg 0.2925155928545304	false	0.5
widersinnig	neg 1.0		__DUMMY__ 0.4063039959497226 off 0.300125476524029 neg 0.29357052752624835	false	0.5
bedenklich	neg 1.0		__DUMMY__ 0.40645459247863464 off 0.3014462846709108 neg 0.29209912285045475	false	0.5
beanstanden	neg 1.0		__DUMMY__ 0.4068299850023815 off 0.30064690790437604 neg 0.29252310709324253	false	0.5
panisch	neg 1.0		__DUMMY__ 0.40590235249819834 off 0.30453309880156154 neg 0.28956454870024023	false	0.5
abstrich	neg 1.0		__DUMMY__ 0.4052906627325766 off 0.30433188660420457 neg 0.2903774506632188	false	0.5
debil	off 1.0		__DUMMY__ 0.4006270652979929 off 0.3178280508701579 neg 0.2815448838318491	false	1.0
primitiv	neg 1.0		__DUMMY__ 0.40654711833087903 off 0.30417434375885355 neg 0.2892785379102674	false	0.5
abschaum	off 1.0		__DUMMY__ 0.40626829717615287 off 0.30364958864583214 neg 0.29008211417801494	false	1.0
tot	neg 1.0		__DUMMY__ 0.40588524481882793 off 0.3047008442162274 neg 0.28941391096494457	false	0.5
provozieren	neg 1.0		__DUMMY__ 0.4063492184644731 off 0.30292377596915326 neg 0.29072700556637354	false	0.5
instabil	neg 1.0		__DUMMY__ 0.4071390724470014 off 0.30209569282457516 neg 0.2907652347284234	false	0.5
schwuchtel	off 1.0		__DUMMY__ 0.40415421393689066 off 0.31087779376917396 neg 0.2849679922939353	false	1.0
zerren	neg 1.0		__DUMMY__ 0.40635168870484767 off 0.30274930801883093 neg 0.29089900327632157	false	0.5
kinderficker	off 1.0		__DUMMY__ 0.4056600004813992 off 0.30431478278943425 neg 0.2900252167291664	false	1.0
gefahr	neg 1.0		__DUMMY__ 0.407219374204385 off 0.2981798700693307 neg 0.2946007557262844	false	0.5
rabiat	neg 1.0		__DUMMY__ 0.40664516969508985 off 0.30283232404637195 neg 0.2905225062585382	false	0.5
verlangsamung	neg 1.0		__DUMMY__ 0.4080298860992431 off 0.29625057633784946 neg 0.2957195375629075	false	0.5
anklagen	neg 1.0		__DUMMY__ 0.40640144501751463 off 0.298485291782577 neg 0.2951132631999085	false	0.5
ausgestorben	neg 1.0		__DUMMY__ 0.40691845742042476 off 0.30228151602912395 neg 0.29080002655045123	false	0.5
verminderung	neg 1.0		__DUMMY__ 0.4061019451868191 neg 0.2998424378757673 off 0.2940556169374137	false	1.0
rost	neg 1.0		__DUMMY__ 0.4091290929746167 off 0.29898988755342587 neg 0.29188101947195755	false	0.5
destruktiv	neg 1.0		__DUMMY__ 0.40635739298472595 off 0.3019034859710957 neg 0.2917391210441784	false	0.5
unzumutbarkeit	neg 1.0		__DUMMY__ 0.4068035091450909 off 0.2983127836117367 neg 0.2948837072431724	false	0.5
labil	off 1.0	off 1.0	off 0.720568230410673 __DUMMY__ 0.16040006470737755 neg 0.11903170488194952	false	1.0
ziemlich	neg 1.0		__DUMMY__ 0.4060645544697049 off 0.3052442642296933 neg 0.28869118130060184	false	0.5
lachnummer	off 1.0		__DUMMY__ 0.4066277058916034 off 0.3018895599954498 neg 0.2914827341129467	false	1.0
ausgrenzung	neg 1.0		__DUMMY__ 0.40633131053729743 off 0.29910562801849955 neg 0.294563061444203	false	0.5
verfall	neg 1.0		__DUMMY__ 0.40678939705655226 off 0.29951031018861235 neg 0.29370029275483545	false	0.5
unordnung	neg 1.0	neg 1.0	neg 0.6304678333218368 __DUMMY__ 0.1987768991639455 off 0.17075526751421768	false	1.0
fehlverhalten	neg 1.0		__DUMMY__ 0.40655544584808384 off 0.3005959268493304 neg 0.2928486273025858	false	0.5
nille	neg 1.0		__DUMMY__ 0.40109932712738755 off 0.3185288583312181 neg 0.28037181454139437	false	0.5
qual	neg 1.0		__DUMMY__ 0.37687763999372365 off 0.31425691679296064 neg 0.3088654432133157	false	0.5
riesig	neg 1.0		__DUMMY__ 0.4062311549680212 off 0.3085725757003141 neg 0.28519626933166475	false	0.5
verschwenden	neg 1.0		__DUMMY__ 0.4064338100757768 off 0.3020312928348507 neg 0.29153489708937264	false	0.5
verurteilen	neg 1.0		__DUMMY__ 0.4063058045774756 off 0.30124678540261884 neg 0.2924474100199056	false	0.5
klischee	neg 1.0		__DUMMY__ 0.4064279251338072 off 0.3036898864300308 neg 0.2898821884361619	false	0.5
diktatorisch	neg 1.0		__DUMMY__ 0.4058377497121278 off 0.3009194895258782 neg 0.29324276076199396	false	0.5
vorhersehbar	neg 1.0		__DUMMY__ 0.4067161363467925 off 0.303043319489582 neg 0.29024054416362555	false	0.5
stornieren	neg 1.0		__DUMMY__ 0.406417394267026 off 0.30118962996266546 neg 0.2923929757703085	false	0.5
besteuerung	neg 1.0		__DUMMY__ 0.40671031770510574 neg 0.29838823341167986 off 0.29490144888321446	false	1.0
ungeschminkt	neg 1.0		__DUMMY__ 0.40446529852270124 off 0.3090394513668866 neg 0.2864952501104121	false	0.5
kritisch	neg 1.0		__DUMMY__ 0.40658146777222537 off 0.3011471443786651 neg 0.29227138784910967	false	0.5
schlamperei	off 1.0		__DUMMY__ 0.40671466801926576 off 0.29864894609679754 neg 0.2946363858839366	false	1.0
sucht	neg 1.0		__DUMMY__ 0.4085896533720541 off 0.30141026262926895 neg 0.29000008399867677	false	0.5
egoistisch	off 1.0		__DUMMY__ 0.40560852058665553 off 0.3055217636349575 neg 0.2888697157783869	false	1.0
ausbeuter	off 1.0		__DUMMY__ 0.40654966680035043 off 0.30070298466739914 neg 0.2927473485322506	false	1.0
arschgeburt			__DUMMY__ 0.40372938132146724 off 0.3119733752934582 neg 0.2842972433850746	false	0.0
schubs	neg 1.0		__DUMMY__ 0.4053393680487966 off 0.3057730977743318 neg 0.28888753417687146	false	0.5
unsolide	neg 1.0		__DUMMY__ 0.405969829874479 off 0.3006227967842434 neg 0.2934073733412776	false	0.5
beschwerde	neg 1.0		__DUMMY__ 0.40630182734801096 off 0.29890693788887374 neg 0.29479123476311536	false	0.5
stocken	neg 1.0		__DUMMY__ 0.4076567703792998 off 0.2969960662837441 neg 0.2953471633369561	false	0.5
isolieren	neg 1.0		__DUMMY__ 0.4069959797652002 off 0.2978746324012428 neg 0.295129387833557	false	0.5
unheilbar	neg 1.0		__DUMMY__ 0.40637544679961446 off 0.3026686562028487 neg 0.29095589699753693	false	0.5
pisser	off 1.0		__DUMMY__ 0.4037929777681677 off 0.311923538666526 neg 0.2842834835653064	false	1.0
löschen	neg 1.0		__DUMMY__ 0.4017743560830198 off 0.30559127037815514 neg 0.29263437353882515	false	0.5
durchfallen	neg 1.0		__DUMMY__ 0.4062624877898322 off 0.3019677748969055 neg 0.2917697373132623	false	0.5
wichser	off 1.0		__DUMMY__ 0.40552195502234206 off 0.3069119109332371 neg 0.2875661340444207	false	1.0
terror	neg 1.0		__DUMMY__ 0.4028349346539942 neg 0.3014961384938176 off 0.29566892685218826	false	1.0
krass	neg 1.0		__DUMMY__ 0.40474966740200635 off 0.3088392846333135 neg 0.2864110479646802	false	0.5
revolte	neg 1.0		__DUMMY__ 0.4070475748834999 off 0.2975205487542169 neg 0.29543187636228324	false	0.5
besorgt	neg 1.0		__DUMMY__ 0.40640873560421903 off 0.30277944414581215 neg 0.2908118202499688	false	0.5
nachlassen	neg 1.0		__DUMMY__ 0.40680150173167035 off 0.3011480985395169 neg 0.29205039972881275	false	0.5
alt	neg 1.0		__DUMMY__ 0.40673878062108954 off 0.30605603227532036 neg 0.2872051871035901	false	0.5
hundesohn	off 1.0		__DUMMY__ 0.4027631996182281 off 0.3144113297511233 neg 0.2828254706306486	false	1.0
abschreckung	neg 1.0		__DUMMY__ 0.40650979930329084 off 0.30012381525236675 neg 0.2933663854443424	false	0.5
unqualifiziert	neg 1.0		__DUMMY__ 0.40601047608374724 off 0.30281158293813104 neg 0.2911779409781217	false	0.5
abgewichst	off 1.0		__DUMMY__ 0.4019924719027473 off 0.3161238826391684 neg 0.2818836454580842	false	1.0
kapitulation	neg 1.0		__DUMMY__ 0.40679089532243645 off 0.29889475873900073 neg 0.29431434593856276	false	0.5
schwer	neg 1.0		__DUMMY__ 0.4066536719553009 off 0.30298638515456533 neg 0.29035994289013356	false	0.5
bedeutungslosigkeit	neg 1.0		__DUMMY__ 0.4068141788367008 off 0.30050633175988506 neg 0.2926794894034141	false	0.5
unscharf	neg 1.0		__DUMMY__ 0.4052412349052146 off 0.30678000223870344 neg 0.2879787628560819	false	0.5
schwinden	neg 1.0		__DUMMY__ 0.40732660136480836 off 0.29753226443344094 neg 0.29514113420175064	false	0.5
versklavung	neg 1.0		__DUMMY__ 0.40613556256803 off 0.2984233979714175 neg 0.2954410394605525	false	0.5
schlecht	neg 1.0		__DUMMY__ 0.4061707845183034 off 0.3046908864622133 neg 0.28913832901948333	false	0.5
verhasst	neg 1.0		__DUMMY__ 0.4064898131105177 off 0.3022917636143557 neg 0.29121842327512676	false	0.5
beschweren	neg 1.0		__DUMMY__ 0.4066373703935655 off 0.30322585624287274 neg 0.29013677336356186	false	0.5
scheiden	neg 1.0		__DUMMY__ 0.40671302744220866 off 0.3032080634057657 neg 0.29007890915202567	false	0.5
frustriert	neg 1.0		__DUMMY__ 0.4064503919424822 off 0.30263675875395335 neg 0.2909128493035645	false	0.5
schimmelig	neg 1.0		__DUMMY__ 0.4049267537514597 off 0.30888273764496477 neg 0.2861905086035755	false	0.5
fisch	neg 1.0		__DUMMY__ 0.40688781552460407 off 0.30593378302075624 neg 0.2871784014546397	false	0.5
schmuggel	neg 1.0		__DUMMY__ 0.4066528773125326 off 0.3015224528382728 neg 0.29182466984919464	false	0.5
auffallen	neg 1.0		__DUMMY__ 0.40645917097047374 off 0.30321637934596074 neg 0.2903244496835656	false	0.5
konkurrenz	neg 1.0		__DUMMY__ 0.4067993075038543 off 0.3007021238403778 neg 0.2924985686557679	false	0.5
teufelskreis	neg 1.0		__DUMMY__ 0.40663819078393887 off 0.30240208098672855 neg 0.2909597282293324	false	0.5
aufschreien	neg 1.0		__DUMMY__ 0.4064598838039238 off 0.3038337366017903 neg 0.289706379594286	false	0.5
missgeburt	off 1.0		__DUMMY__ 0.4042197205184143 off 0.3118105837742457 neg 0.28396969570734004	false	1.0
schuldner	neg 1.0		__DUMMY__ 0.406858640295694 off 0.2978471862148696 neg 0.2952941734894364	false	0.5
befallen	neg 1.0		__DUMMY__ 0.40585393837372885 off 0.3005066368989487 neg 0.29363942472732235	false	0.5
arbeitslos	neg 1.0		__DUMMY__ 0.40655678441782334 off 0.30187361181132794 neg 0.2915696037708488	false	0.5
miesepetrig	off 1.0		__DUMMY__ 0.4059878360051508 off 0.30482618592896726 neg 0.289185978065882	false	1.0
alarmieren	neg 1.0		__DUMMY__ 0.40710985732459537 off 0.2966897665649824 neg 0.29620037611042216	false	0.5
ungeduscht	off 1.0		__DUMMY__ 0.4048400024775927 off 0.30753043614928793 neg 0.2876295613731193	false	1.0
knappheit	neg 1.0		__DUMMY__ 0.40714260550518877 off 0.2978132823191309 neg 0.29504411217568033	false	0.5
schlange	neg 1.0		__DUMMY__ 0.4066264450335594 off 0.3036371628296213 neg 0.28973639213681923	false	0.5
harsch	neg 1.0		__DUMMY__ 0.4064263946966942 off 0.2984465199689581 neg 0.2951270853343478	false	0.5
lang	neg 1.0	neg 1.0	neg 0.5848439821553584 __DUMMY__ 0.22155027278627976 off 0.1936057450583619	false	1.0
ziellos	neg 1.0		__DUMMY__ 0.4067183564668244 off 0.3023348557301751 neg 0.29094678780300054	false	0.5
selbstverliebt	neg 1.0		__DUMMY__ 0.4053033942484128 off 0.3079043659761698 neg 0.28679223977541746	false	0.5
beseitigen	neg 1.0		__DUMMY__ 0.40727348737189456 off 0.29804116462398145 neg 0.2946853480041239	false	0.5
dumm	off 1.0		__DUMMY__ 0.4056377182993653 off 0.3063370422734426 neg 0.28802523942719216	false	1.0
arbeitsloser	neg 1.0		__DUMMY__ 0.4066634242830056 off 0.30158651405084724 neg 0.29175006166614703	false	0.5
blitzen	neg 1.0		__DUMMY__ 0.4075429715498592 off 0.3028073757397423 neg 0.28964965271039844	false	0.5
hilflos	neg 1.0		__DUMMY__ 0.40616528604079566 off 0.30279064802471767 neg 0.2910440659344868	false	0.5
eklig	off 1.0		__DUMMY__ 0.4049919189339669 off 0.3081193423028618 neg 0.2868887387631713	false	1.0
hungersnot	neg 1.0		__DUMMY__ 0.40722044864197393 off 0.2985020178577499 neg 0.2942775335002762	false	0.5
ungesetzlich	neg 1.0		__DUMMY__ 0.40625991274827233 off 0.30010198722642356 neg 0.29363810002530416	false	0.5
verschwendung	neg 1.0		__DUMMY__ 0.40649680225717566 off 0.3015960687588752 neg 0.2919071289839492	false	0.5
schmerzvoll	neg 1.0		__DUMMY__ 0.40622199751903715 off 0.30388808504661635 neg 0.28988991743434633	false	0.5
vorzeitig	neg 1.0		__DUMMY__ 0.4070126140580098 off 0.2966679246130405 neg 0.29631946132894976	false	0.5
unvollkommenheit	neg 1.0		__DUMMY__ 0.4064841071472055 off 0.30232512470706263 neg 0.2911907681457317	false	0.5
intervenieren	neg 1.0		__DUMMY__ 0.40636977707509625 off 0.3001966888777919 neg 0.29343353404711187	false	0.5
banause	off 1.0		__DUMMY__ 0.4053445472585213 off 0.30680953319447984 neg 0.28784591954699873	false	1.0
rebell	neg 1.0		__DUMMY__ 0.4026649872338658 off 0.31204841222255375 neg 0.2852866005435804	false	0.5
unlogisch	neg 1.0		__DUMMY__ 0.40581005442725276 off 0.3051332485144727 neg 0.2890566970582746	false	0.5
abschaffung	neg 1.0		__DUMMY__ 0.4062054067133689 off 0.2973549652444229 neg 0.29643962804220797	false	0.5
leiden	neg 1.0		__DUMMY__ 0.40664974350105176 off 0.30331532800077327 neg 0.29003492849817486	false	0.5
sturz	neg 1.0		__DUMMY__ 0.4072086540906492 off 0.29813430424493026 neg 0.2946570416644205	false	0.5
verkleinerung	neg 1.0		__DUMMY__ 0.40672781142590053 neg 0.2969834922523179 off 0.2962886963217815	false	1.0
schmarotzer	off 1.0		__DUMMY__ 0.4063014803694217 off 0.3020829913571604 neg 0.29161552827341786	false	1.0
bestrafung	neg 1.0		__DUMMY__ 0.4063795471931667 off 0.30346007382111884 neg 0.2901603789857145	false	0.5
achtlos	neg 1.0		__DUMMY__ 0.4062415423200105 off 0.3027537347497827 neg 0.2910047229302067	false	0.5
ungeheuer	neg 1.0		__DUMMY__ 0.406764833228554 off 0.30436313916847113 neg 0.28887202760297487	false	0.5
unaufrichtig	neg 1.0		__DUMMY__ 0.40551503812946676 off 0.3032945247179722 neg 0.29119043715256104	false	0.5
groggy	neg 1.0		__DUMMY__ 0.4057522852124542 off 0.30835340481052703 neg 0.28589430997701865	false	0.5
verletzlich	neg 1.0		__DUMMY__ 0.40602034712667007 off 0.30500434290737655 neg 0.2889753099659534	false	0.5
ablehnen	neg 1.0		__DUMMY__ 0.40629130851215395 off 0.3011173826679028 neg 0.2925913088199433	false	0.5
kollaps	neg 1.0		__DUMMY__ 0.4069636728762865 neg 0.2967040285248686 off 0.29633229859884497	false	1.0
beschnitten	neg 1.0		__DUMMY__ 0.40637971348740504 off 0.3032933296924307 neg 0.2903269568201642	false	0.5
defekt	neg 1.0		__DUMMY__ 0.4064574168642575 off 0.2973853255785598 neg 0.2961572575571827	false	0.5
dreckskerl	off 1.0		__DUMMY__ 0.4056037859053707 off 0.30527078472006175 neg 0.2891254293745675	false	1.0
deine	neg 1.0		__DUMMY__ 0.405433153890174 off 0.3066563972834668 neg 0.2879104488263592	false	0.5
aufgeben	neg 1.0		__DUMMY__ 0.40688565889553535 off 0.30336313156858896 neg 0.2897512095358757	false	0.5
durcheinander	neg 1.0		__DUMMY__ 0.40646661621110086 off 0.304065490160682 neg 0.289467893628217	false	0.5
unterbrechen	neg 1.0		__DUMMY__ 0.4066216250252148 off 0.3022518807291377 neg 0.29112649424564735	false	0.5
vergammeln	neg 1.0		__DUMMY__ 0.40645182699340215 off 0.30377572740313413 neg 0.2897724456034636	false	0.5
grotesk	neg 1.0		__DUMMY__ 0.40669495026667407 off 0.30187071942545834 neg 0.29143433030786753	false	0.5
elendig	neg 1.0		__DUMMY__ 0.4060951463839586 off 0.30397086733077416 neg 0.2899339862852672	false	0.5
naiv	off 1.0		__DUMMY__ 0.40663255646742963 off 0.30346133157418553 neg 0.28990611195838484	false	1.0
uneinigkeit	neg 1.0		__DUMMY__ 0.406713421690196 off 0.29774579641927884 neg 0.29554078189052513	false	0.5
fragil	neg 1.0		__DUMMY__ 0.40005459106797603 neg 0.30356390110264686 off 0.296381507829377	false	1.0
provisorisch	neg 1.0		__DUMMY__ 0.4071506702396311 off 0.301781715594176 neg 0.29106761416619303	false	0.5
landei	off 1.0		__DUMMY__ 0.4060841512924533 off 0.3066408790342276 neg 0.28727496967331917	false	1.0
bedauerlich	neg 1.0		__DUMMY__ 0.40656312001821837 off 0.3015806094468972 neg 0.29185627053488444	false	0.5
krieg	neg 1.0		__DUMMY__ 0.40642387043732886 off 0.3025763480176932 neg 0.2909997815449781	false	0.5
traurigkeit	neg 1.0		__DUMMY__ 0.4065001100728664 off 0.3031572397675801 neg 0.29034265015955363	false	0.5
monotonie	neg 1.0		__DUMMY__ 0.4068345998685011 off 0.3019166209566114 neg 0.29124877917488734	false	0.5
unliebsam	neg 1.0		__DUMMY__ 0.4064899479675094 off 0.3024741266084354 neg 0.2910359254240552	false	0.5
drift	neg 1.0		__DUMMY__ 0.3572922274212846 neg 0.33757277901889127 off 0.3051349935598242	false	1.0
chaos	neg 1.0		__DUMMY__ 0.406583327549807 off 0.2996616323291451 neg 0.29375504012104803	false	0.5
blutig	neg 1.0		__DUMMY__ 0.40654310737486105 off 0.3038091570289992 neg 0.28964773559613965	false	0.5
machtlos	neg 1.0		__DUMMY__ 0.4064805185696299 off 0.30132530407484576 neg 0.2921941773555245	false	0.5
