unsolidarisch	neg 1.0		off 0.44375576809503664 neg 0.43049727496109574 __DUMMY__ 0.12574695694386778	false	0.5
nachteilig	neg 1.0		off 0.44290970759000764 neg 0.43107767585245743 __DUMMY__ 0.1260126165575348	false	0.5
skeptisch	neg 1.0		off 0.44376842841653347 neg 0.4302035534583369 __DUMMY__ 0.12602801812512962	false	0.5
schrecklich	neg 1.0		off 0.4484932364630505 neg 0.4258179478988942 __DUMMY__ 0.12568881563805542	false	0.5
schlapp	neg 1.0		off 0.4487410851988089 neg 0.4255076751220162 __DUMMY__ 0.1257512396791748	false	0.5
abfall	neg 1.0		off 0.44303242155807027 neg 0.4308118139873991 __DUMMY__ 0.12615576445453058	false	0.5
widerspenstig	neg 1.0		off 0.44600771005242174 neg 0.42816590267592886 __DUMMY__ 0.1258263872716494	false	0.5
abrupt	neg 1.0		off 0.44476556645402243 neg 0.4291159445190822 __DUMMY__ 0.1261184890268954	false	0.5
unwirksam	neg 1.0		off 0.4380377254929491 neg 0.43595724524668916 __DUMMY__ 0.1260050292603617	false	0.5
angreifen	neg 1.0		off 0.4437555982097567 neg 0.4302558789264555 __DUMMY__ 0.1259885228637877	false	0.5
inkonsistent	neg 1.0		off 0.44591574738079603 neg 0.42804137567042094 __DUMMY__ 0.126042876948783	false	0.5
abrutschen	neg 1.0		off 0.44376053907475493 neg 0.43023341446436036 __DUMMY__ 0.1260060464608846	false	0.5
unsicher	neg 1.0		off 0.44583725924710504 neg 0.42821295678373417 __DUMMY__ 0.12594978396916076	false	0.5
bauernkind	off 1.0		off 0.4524605393055416 neg 0.4222307249093132 __DUMMY__ 0.12530873578514506	false	1.0
angreifer	neg 1.0		off 0.4409090495730809 neg 0.43317744571059286 __DUMMY__ 0.12591350471632629	false	0.5
trennen	neg 1.0		off 0.44489186132207603 neg 0.4289157548702998 __DUMMY__ 0.12619238380762413	false	0.5
schmutz	neg 1.0		off 0.44121441858565746 neg 0.43270327129145314 __DUMMY__ 0.1260823101228894	false	0.5
inkonsistenz	neg 1.0		off 0.4465454624261338 neg 0.42761014199633907 __DUMMY__ 0.12584439557752702	false	0.5
erschreckend	neg 1.0		off 0.4445653265711221 neg 0.4294681269429036 __DUMMY__ 0.12596654648597438	false	0.5
ertrinken	neg 1.0		off 0.44499071952096786 neg 0.4291915295762022 __DUMMY__ 0.12581775090282984	false	0.5
pickelface	off 1.0		off 0.4568205644593592 neg 0.4182837172876547 __DUMMY__ 0.12489571825298619	false	1.0
lauch	neg 1.0		off 0.4539706210429543 neg 0.42088692849621545 __DUMMY__ 0.12514245046083025	false	0.5
steuerhinterziehung	neg 1.0		off 0.44066790879214707 neg 0.4334427743750853 __DUMMY__ 0.1258893168327676	false	0.5
unwichtig	neg 1.0		off 0.44665045142484805 neg 0.4274743539840845 __DUMMY__ 0.12587519459106739	false	0.5
schock	neg 1.0		off 0.44594194072073223 neg 0.42798607600265876 __DUMMY__ 0.1260719832766092	false	0.5
vergelten	neg 1.0		off 0.44299736532755524 neg 0.4314552202240452 __DUMMY__ 0.1255474144483995	false	0.5
beule	neg 1.0		off 0.44944577990666473 neg 0.42489359145251887 __DUMMY__ 0.12566062864081645	false	0.5
verdorbenheit	neg 1.0		off 0.44405885341842793 neg 0.42932293507199754 __DUMMY__ 0.1266182115095745	false	0.5
trauma			off 0.4649473709428515 neg 0.4221120001071639 __DUMMY__ 0.11294062894998465	false	0.0
sinnlos	neg 1.0		off 0.4465604432473809 neg 0.42758510039082387 __DUMMY__ 0.12585445636179524	false	0.5
fettsack	off 1.0		off 0.4521221844266767 neg 0.4224074842142864 __DUMMY__ 0.12547033135903699	false	1.0
feige	off 1.0		off 0.44661030513059763 neg 0.42747010608255925 __DUMMY__ 0.12591958878684295	false	1.0
abdanken	neg 1.0		off 0.4439340804717686 neg 0.43020146358843764 __DUMMY__ 0.1258644559397939	false	0.5
wichtigtuer	off 1.0	off 1.0	off 0.7105055984792262 neg 0.22965802392897539 __DUMMY__ 0.059836377591798336	false	1.0
misslingen	neg 1.0		off 0.44587383128669505 neg 0.4283448157965473 __DUMMY__ 0.12578135291675765	false	0.5
untreu	off 1.0		off 0.44670943144425046 neg 0.42738542093330883 __DUMMY__ 0.12590514762244068	false	1.0
missmutig	neg 1.0		off 0.4459700872314928 neg 0.4280465620219552 __DUMMY__ 0.12598335074655204	false	0.5
hurenbock	off 1.0		off 0.4520700530767875 neg 0.4227901920159767 __DUMMY__ 0.1251397549072358	false	1.0
betrunken	neg 1.0		off 0.44855321316491126 neg 0.4257906891039192 __DUMMY__ 0.12565609773116965	false	0.5
korrupt	off 1.0		off 0.4437110353883786 neg 0.4304556083530069 __DUMMY__ 0.12583335625861447	false	1.0
unmut	neg 1.0		off 0.4424014346284518 neg 0.43156367276513746 __DUMMY__ 0.12603489260641068	false	0.5
hackfresse	off 1.0		off 0.4493982341213075 neg 0.425035942411136 __DUMMY__ 0.12556582346755646	false	1.0
aufblasen	neg 1.0		off 0.4465877562762143 neg 0.4275348942492475 __DUMMY__ 0.12587734947453827	false	0.5
gewaltsam	neg 1.0		off 0.44163553676598827 neg 0.4323974245516659 __DUMMY__ 0.12596703868234574	false	0.5
unbeliebtheit	neg 1.0		off 0.44071081834876813 neg 0.4332986362111397 __DUMMY__ 0.1259905454400922	false	0.5
sturheit	neg 1.0		off 0.4438104603892001 neg 0.43025018614516 __DUMMY__ 0.1259393534656399	false	0.5
kuh	neg 1.0		off 0.4527698738509261 neg 0.4218667703786632 __DUMMY__ 0.12536335577041066	false	0.5
erschrecken	neg 1.0		off 0.44708911563963866 neg 0.4270856635383118 __DUMMY__ 0.12582522082204967	false	0.5
opfer	neg 1.0		off 0.44432723282768016 neg 0.4296719937692795 __DUMMY__ 0.1260007734030405	false	0.5
stinktier	neg 1.0		off 0.4524148440610385 neg 0.4222411955504801 __DUMMY__ 0.12534396038848136	false	0.5
sinken	neg 1.0		off 0.44076039104739506 neg 0.432896500415131 __DUMMY__ 0.12634310853747385	false	0.5
tucke	off 1.0		off 0.4514178133416232 neg 0.4233556178262625 __DUMMY__ 0.12522656883211428	false	1.0
abstieg	neg 1.0		off 0.4422687438824576 neg 0.4316180735358157 __DUMMY__ 0.12611318258172666	false	0.5
missverstehen	neg 1.0		off 0.44592945381716464 neg 0.4281332613558422 __DUMMY__ 0.12593728482699323	false	0.5
ergebnislos	neg 1.0		off 0.4403104333553127 neg 0.433534357779816 __DUMMY__ 0.12615520886487125	false	0.5
manipulieren	neg 1.0		off 0.44395151460783366 neg 0.43021629882584195 __DUMMY__ 0.12583218656632436	false	0.5
verschleppen	neg 1.0		off 0.4408455247403738 neg 0.4331362507186822 __DUMMY__ 0.1260182245409439	false	0.5
unbewiesen	neg 1.0		off 0.442353071840619 neg 0.4316545985600007 __DUMMY__ 0.12599232959938023	false	0.5
weib	off 1.0		off 0.4513625837000026 neg 0.4232528754199749 __DUMMY__ 0.12538454088002246	false	1.0
opposition	neg 1.0		off 0.4389310318084157 neg 0.43541424233240994 __DUMMY__ 0.12565472585917445	false	0.5
verkehrswidrig	neg 1.0		off 0.44093076734851194 neg 0.43348486681944365 __DUMMY__ 0.1255843658320444	false	0.5
inkorrekt	neg 1.0		off 0.4464334696990249 neg 0.42770154271688254 __DUMMY__ 0.12586498758409254	false	0.5
vermeiden	neg 1.0		off 0.4422023140783817 neg 0.43165034952752707 __DUMMY__ 0.1261473363940913	false	0.5
abweichung	neg 1.0		off 0.4418747919777885 neg 0.4320020353621164 __DUMMY__ 0.12612317266009518	false	0.5
alkoholisiert	neg 1.0		off 0.4445208317985277 neg 0.42953409115005675 __DUMMY__ 0.12594507705141572	false	0.5
scheiss	off 1.0	off 1.0	off 0.712140827560085 neg 0.22800501819975957 __DUMMY__ 0.05985415424015536	false	1.0
herausforderung	neg 1.0		off 0.4429641881822576 neg 0.4308241432683846 __DUMMY__ 0.12621166854935786	false	0.5
pervers	off 1.0		off 0.45115532606233344 neg 0.42352035135625304 __DUMMY__ 0.1253243225814136	false	1.0
wackelig	neg 1.0		off 0.44620712444364846 neg 0.42787747785016533 __DUMMY__ 0.12591539770618615	false	0.5
verwickeln	neg 1.0		off 0.4456837475222993 neg 0.42832936152077955 __DUMMY__ 0.1259868909569212	false	0.5
vorwand	neg 1.0		off 0.4438465450892594 neg 0.430265552289664 __DUMMY__ 0.12588790262107666	false	0.5
muschi	off 1.0		off 0.4562616767479095 neg 0.4188412257061066 __DUMMY__ 0.12489709754598381	false	1.0
entmutigung	neg 1.0		off 0.44121066791618035 neg 0.432897920762989 __DUMMY__ 0.12589141132083076	false	0.5
unstetig	neg 1.0		off 0.44432081982491495 neg 0.4297647278934529 __DUMMY__ 0.12591445228163217	false	0.5
unangemessen	neg 1.0		off 0.4441403185948328 neg 0.4299125522679136 __DUMMY__ 0.12594712913725367	false	0.5
entmutigen	neg 1.0		off 0.44602097817945663 neg 0.4280283624697417 __DUMMY__ 0.12595065935080182	false	0.5
schwanz	neg 1.0		off 0.45402492849922227 neg 0.42122403488143734 __DUMMY__ 0.12475103661934038	false	0.5
verbot	neg 1.0		off 0.44134152449683417 neg 0.43274980422546516 __DUMMY__ 0.12590867127770064	false	0.5
leid	neg 1.0		off 0.44896994968399273 neg 0.42534616951703 __DUMMY__ 0.12568388079897708	false	0.5
archaisch	neg 1.0		off 0.4442815119642845 neg 0.42981192131938506 __DUMMY__ 0.12590656671633035	false	0.5
scheidung	neg 1.0		off 0.4391149559785057 neg 0.43476677529071095 __DUMMY__ 0.12611826873078327	false	0.5
abgestanden	neg 1.0		off 0.44787980561541185 neg 0.4261395603533746 __DUMMY__ 0.12598063403121348	false	0.5
einschlag	neg 1.0		off 0.44168486136326707 neg 0.4322742079438667 __DUMMY__ 0.12604093069286643	false	0.5
schmierig	off 1.0		off 0.44856139558401836 neg 0.42570165904671037 __DUMMY__ 0.1257369453692712	false	1.0
unpraktisch	neg 1.0		off 0.4476041853191874 neg 0.4265909407092408 __DUMMY__ 0.12580487397157175	false	0.5
wixxer	off 1.0		off 0.45239370269186 neg 0.42218779790540634 __DUMMY__ 0.1254184994027337	false	1.0
jammerlappen	off 1.0		off 0.4466658848034303 neg 0.42747360356989295 __DUMMY__ 0.12586051162667686	false	1.0
farce	neg 1.0		off 0.4414192942246397 neg 0.4326271867761061 __DUMMY__ 0.1259535189992542	false	0.5
zwecklos	neg 1.0		off 0.44432212570898827 neg 0.42967867848291985 __DUMMY__ 0.12599919580809188	false	0.5
turbulent	neg 1.0		off 0.44358420249954883 neg 0.43069769361836957 __DUMMY__ 0.1257181038820816	false	0.5
schuld	neg 1.0		off 0.4457859274073852 neg 0.42837900096393217 __DUMMY__ 0.12583507162868268	false	0.5
risiko	neg 1.0		off 0.4399132081753941 neg 0.4336990023326065 __DUMMY__ 0.12638778949199939	false	0.5
invasion	neg 1.0		neg 0.44805535256477513 off 0.4288575095832842 __DUMMY__ 0.12308713785194064	false	1.0
finster	neg 1.0		off 0.4481008348455608 neg 0.4259751316486673 __DUMMY__ 0.12592403350577197	false	0.5
geisteskrank	off 1.0		off 0.4466210699145139 neg 0.4274606131299848 __DUMMY__ 0.12591831695550124	false	1.0
ausbeute	neg 1.0		off 0.44497826315364436 neg 0.4285104230546779 __DUMMY__ 0.12651131379167782	false	0.5
zusammenbrechen	neg 1.0		off 0.4450943776968653 neg 0.4290426923746883 __DUMMY__ 0.12586292992844644	false	0.5
hinterhalt	neg 1.0		off 0.4442017796794384 neg 0.4298266072872882 __DUMMY__ 0.12597161303327334	false	0.5
kritik	neg 1.0		off 0.44168965990881287 neg 0.43239029880757873 __DUMMY__ 0.12592004128360834	false	0.5
einschrumpfen	neg 1.0		off 0.4409176592693865 neg 0.4341220602380055 __DUMMY__ 0.12496028049260813	false	0.5
riskant	neg 1.0		off 0.4443330309237807 neg 0.4296902831979078 __DUMMY__ 0.1259766858783116	false	0.5
frustrieren	neg 1.0		off 0.4447953268685892 neg 0.4291991684377175 __DUMMY__ 0.12600550469369332	false	0.5
groll	neg 1.0		off 0.44409604800462305 neg 0.42989022667403487 __DUMMY__ 0.12601372532134214	false	0.5
qualvoll	neg 1.0		off 0.4465788491317996 neg 0.42768394487164657 __DUMMY__ 0.12573720599655377	false	0.5
wackeln	neg 1.0		off 0.446216016842193 neg 0.42778378735586586 __DUMMY__ 0.12600019580194122	false	0.5
klagen	neg 1.0		off 0.44204516634626523 neg 0.4320037473618466 __DUMMY__ 0.12595108629188823	false	0.5
trauern	neg 1.0		off 0.4445572590393178 neg 0.4294995530760493 __DUMMY__ 0.12594318788463293	false	0.5
ablehnung	neg 1.0		off 0.4412286319529783 neg 0.4327818635340748 __DUMMY__ 0.1259895045129469	false	0.5
bankrott	neg 1.0		neg 0.438123762976649 off 0.4364058154185529 __DUMMY__ 0.12547042160479807	false	1.0
stur	neg 1.0		off 0.44537933867882484 neg 0.4287852055957872 __DUMMY__ 0.125835455725388	false	0.5
aufruhr	neg 1.0		off 0.44017675142465557 neg 0.43360503691895536 __DUMMY__ 0.1262182116563892	false	0.5
melancholie	neg 1.0		off 0.4472840225508411 neg 0.4268242232225044 __DUMMY__ 0.12589175422665452	false	0.5
torheit	neg 1.0		off 0.44353937667070725 neg 0.43051641024799675 __DUMMY__ 0.12594421308129586	false	0.5
dreckskind	off 1.0		off 0.4548672344239265 neg 0.41999803702224653 __DUMMY__ 0.12513472855382693	false	1.0
umtauschen	neg 1.0		off 0.4475029615265731 neg 0.4267567469935065 __DUMMY__ 0.1257402914799204	false	0.5
zersetzen	neg 1.0		off 0.4431528963792767 neg 0.43086856840871546 __DUMMY__ 0.12597853521200783	false	0.5
frust	neg 1.0		off 0.44499107205020216 neg 0.42912149024885726 __DUMMY__ 0.1258874377009405	false	0.5
unerbittlichkeit	neg 1.0		off 0.4432095852695431 neg 0.43080410742065883 __DUMMY__ 0.12598630730979793	false	0.5
unkorrekt	neg 1.0		off 0.44679053943446034 neg 0.42750584240471884 __DUMMY__ 0.12570361816082098	false	0.5
hexe	off 1.0		off 0.4497365978547453 neg 0.42432389110140567 __DUMMY__ 0.12593951104384898	false	1.0
lasch	neg 1.0		off 0.44557227458701054 neg 0.428513163254616 __DUMMY__ 0.12591456215837338	false	0.5
rivale	neg 1.0		off 0.43982308238467466 neg 0.43444859696393634 __DUMMY__ 0.125728320651389	false	0.5
mutlos	off 1.0		off 0.4436714003830203 neg 0.43034324783129196 __DUMMY__ 0.12598535178568784	false	1.0
wirr	off 1.0		off 0.4485702505356684 neg 0.42595955101976124 __DUMMY__ 0.12547019844457044	false	1.0
strafbar	neg 1.0		off 0.4440329248802752 neg 0.429972872581755 __DUMMY__ 0.12599420253796978	false	0.5
erosion	neg 1.0	neg 1.0	neg 0.6999167585028405 off 0.23859735345094224 __DUMMY__ 0.06148588804621717	false	1.0
eingehen	neg 1.0		off 0.44437854122101156 neg 0.42965169551779614 __DUMMY__ 0.12596976326119227	false	0.5
faul	off 1.0		off 0.44877551540114513 neg 0.4256034952992178 __DUMMY__ 0.1256209892996371	false	1.0
provisorium	neg 1.0		off 0.4433177383774771 neg 0.43054843572158813 __DUMMY__ 0.12613382590093478	false	0.5
schmerzen	neg 1.0		off 0.44729468169930253 neg 0.4270581399653915 __DUMMY__ 0.1256471783353059	false	0.5
schrumpfen	neg 1.0		off 0.4420088114696457 neg 0.4318439971128672 __DUMMY__ 0.12614719141748706	false	0.5
geistlos	off 1.0		off 0.4452463165619427 neg 0.4288601866812203 __DUMMY__ 0.12589349675683692	false	1.0
frustrierend	neg 1.0		off 0.4469587052464542 neg 0.4271018882474335 __DUMMY__ 0.12593940650611224	false	0.5
fehlkauf	neg 1.0		off 0.4448931289538908 neg 0.4288300573920697 __DUMMY__ 0.1262768136540396	false	0.5
unzufrieden	neg 1.0		off 0.44432441241595255 neg 0.42966252898476853 __DUMMY__ 0.1260130585992789	false	0.5
verzweifeln	neg 1.0		off 0.4454157619246539 neg 0.42866297744940834 __DUMMY__ 0.12592126062593792	false	0.5
verzweifelt	neg 1.0		off 0.44611449594509744 neg 0.4279330043473468 __DUMMY__ 0.1259524997075558	false	0.5
misstrauensantrag	neg 1.0		off 0.4393629287751852 neg 0.43505700264446245 __DUMMY__ 0.12558006858035237	false	0.5
abfallen	neg 1.0		off 0.44756667688027096 neg 0.42669491678528126 __DUMMY__ 0.1257384063344477	false	0.5
fucker	off 1.0		off 0.42183488681936787 __DUMMY__ 0.30900798646326966 neg 0.26915712671736247	false	1.0
ungezogen	neg 1.0		off 0.4495758990173294 neg 0.42486584899575197 __DUMMY__ 0.1255582519869186	false	0.5
irrsinnig	neg 1.0		off 0.44611966909092865 neg 0.42799640141976064 __DUMMY__ 0.12588392948931068	false	0.5
hart	neg 1.0		off 0.45317379982947065 neg 0.42177677649138495 __DUMMY__ 0.12504942367914432	false	0.5
unfassbar	neg 1.0		off 0.44679140180447596 neg 0.42720207976328994 __DUMMY__ 0.12600651843223398	false	0.5
widerlich	off 1.0		off 0.4470085014190865 neg 0.42719951446536925 __DUMMY__ 0.12579198411554432	false	1.0
fatal			off 0.43491290416653666 neg 0.4199740108893909 __DUMMY__ 0.1451130849440725	false	0.0
bruch	neg 1.0		off 0.4429820389701395 neg 0.4309098580077803 __DUMMY__ 0.12610810302208025	false	0.5
aushungern	neg 1.0		off 0.4419341596772661 neg 0.4322476187840657 __DUMMY__ 0.1258182215386681	false	0.5
anspannung	neg 1.0		off 0.44405315301475484 neg 0.42986827462304356 __DUMMY__ 0.12607857236220177	false	0.5
kraftlos	neg 1.0		off 0.44527153208149906 neg 0.4287517433598293 __DUMMY__ 0.12597672455867168	false	0.5
grenzdebil	off 1.0		off 0.44757390798140634 neg 0.42668029599630103 __DUMMY__ 0.12574579602229266	false	1.0
unterwerfen	neg 1.0		off 0.44410474404344763 neg 0.42993878756047865 __DUMMY__ 0.12595646839607372	false	0.5
versenkung	neg 1.0		off 0.4442802298278914 neg 0.429688034610117 __DUMMY__ 0.1260317355619915	false	0.5
entziehen	neg 1.0		off 0.443435034853888 neg 0.4305210686317356 __DUMMY__ 0.1260438965143762	false	0.5
finanzkrise	neg 1.0		off 0.4386257914625923 neg 0.43531700630845166 __DUMMY__ 0.12605720222895606	false	0.5
schimpfend	neg 1.0		off 0.447023580041774 neg 0.42725798244201646 __DUMMY__ 0.1257184375162095	false	0.5
profan	neg 1.0		off 0.44646813964114396 neg 0.42761097574969775 __DUMMY__ 0.12592088460915832	false	0.5
korruption	neg 1.0		off 0.4408645578683964 neg 0.43320347110813584 __DUMMY__ 0.12593197102346776	false	0.5
schmutzig	neg 1.0		off 0.4477991425649756 neg 0.4264509824848631 __DUMMY__ 0.12574987495016124	false	0.5
abraten	neg 1.0		off 0.4469862931517091 neg 0.4271277044638425 __DUMMY__ 0.12588600238444828	false	0.5
sexy	neg 1.0		off 0.45798610392053546 neg 0.42782302455723337 __DUMMY__ 0.11419087152223122	false	0.5
fotze	off 1.0		off 0.4579893228302847 neg 0.4174416939856597 __DUMMY__ 0.12456898318405553	false	1.0
schwarz	neg 1.0		off 0.44519503959460066 neg 0.4290787997332384 __DUMMY__ 0.12572616067216089	false	0.5
verwirren	neg 1.0		off 0.44690379258254354 neg 0.42725318320499 __DUMMY__ 0.12584302421246638	false	0.5
zahnlos	off 1.0		off 0.4444181054745089 neg 0.4295094224219622 __DUMMY__ 0.12607247210352895	false	1.0
verheeren	neg 1.0		off 0.4382019286074966 neg 0.4359253071046722 __DUMMY__ 0.12587276428783115	false	0.5
rammen	neg 1.0		off 0.4479773844612166 neg 0.42624429880650117 __DUMMY__ 0.12577831673228226	false	0.5
unlauter	neg 1.0		off 0.4406395034159349 neg 0.4335625718674174 __DUMMY__ 0.1257979247166477	false	0.5
unheilvoll	neg 1.0		off 0.44623434954027036 neg 0.42805444745151827 __DUMMY__ 0.1257112030082114	false	0.5
niedrig	neg 1.0		off 0.44130427474916134 neg 0.43221748030995927 __DUMMY__ 0.12647824494087945	false	0.5
weichei	off 1.0		off 0.44952103579251024 neg 0.42483803794053343 __DUMMY__ 0.12564092626695622	false	1.0
explosion	neg 1.0		neg 0.441311374057104 off 0.4338320745823534 __DUMMY__ 0.12485655136054268	false	1.0
minusmensch	off 1.0		off 0.45432671850848616 neg 0.42029118854944597 __DUMMY__ 0.12538209294206779	false	1.0
farblos	neg 1.0		off 0.4457233171056031 neg 0.42792504052063496 __DUMMY__ 0.12635164237376195	false	0.5
unwissend	neg 1.0		off 0.446991956266549 neg 0.42717695691543334 __DUMMY__ 0.12583108681801763	false	0.5
traurig	neg 1.0		off 0.4480844299467634 neg 0.4261508770586273 __DUMMY__ 0.1257646929946094	false	0.5
senkung	neg 1.0		neg 0.43797941866739604 off 0.43627231728299787 __DUMMY__ 0.1257482640496061	false	1.0
ungleich	neg 1.0		off 0.44385109484558144 neg 0.4301906929133345 __DUMMY__ 0.12595821224108403	false	0.5
heikel	neg 1.0		off 0.44405384377122514 neg 0.4300214163184248 __DUMMY__ 0.12592473991035016	false	0.5
drosselung	neg 1.0		off 0.43733706293427005 neg 0.4367625434739104 __DUMMY__ 0.12590039359181954	false	0.5
falsch	neg 1.0		off 0.44691744223382207 neg 0.42724468728919246 __DUMMY__ 0.12583787047698536	false	0.5
unzufriedenheit	neg 1.0		off 0.4431726841667909 neg 0.430838392766768 __DUMMY__ 0.12598892306644105	false	0.5
kurz	neg 1.0		off 0.446614863751799 neg 0.4274312999538063 __DUMMY__ 0.12595383629439463	false	0.5
unsinnig	neg 1.0		off 0.4446992341389584 neg 0.4294358249792453 __DUMMY__ 0.12586494088179623	false	0.5
penner	off 1.0		off 0.4492045133829563 neg 0.4251665938673299 __DUMMY__ 0.1256288927497139	false	1.0
seicht	neg 1.0		off 0.4476697588248191 neg 0.42646259029804395 __DUMMY__ 0.125867650877137	false	0.5
dummheit	off 1.0		off 0.4456233045001857 neg 0.4285237776821823 __DUMMY__ 0.12585291781763197	false	1.0
unerfreulich	neg 1.0		off 0.4439950682538429 neg 0.4299993499042781 __DUMMY__ 0.12600558184187902	false	0.5
pikiert	neg 1.0		off 0.4467768763366468 neg 0.42736363207647854 __DUMMY__ 0.1258594915868746	false	0.5
motherfucker	off 1.0		off 0.4225723797777184 __DUMMY__ 0.2901816135786965 neg 0.28724600664358524	false	1.0
wrack	neg 1.0		off 0.44427429827018733 neg 0.42967063392687377 __DUMMY__ 0.12605506780293896	false	0.5
gangster	neg 1.0		off 0.4399095588792652 neg 0.34393341931491783 __DUMMY__ 0.2161570218058169	false	0.5
krank	neg 1.0		off 0.44845622227736853 neg 0.42580129110082804 __DUMMY__ 0.12574248662180354	false	0.5
reich	neg 1.0		off 0.44413754160401603 neg 0.42979483441625127 __DUMMY__ 0.1260676239797327	false	0.5
gnadenlos	neg 1.0		off 0.4460380823250367 neg 0.4280055357052907 __DUMMY__ 0.12595638196967265	false	0.5
niedergeschlagen	neg 1.0		off 0.4452041807087639 neg 0.4288368691895843 __DUMMY__ 0.12595895010165184	false	0.5
terrorisieren	off 1.0	off 1.0	off 0.7096526040310212 neg 0.2303850119673378 __DUMMY__ 0.059962384001641084	false	1.0
sinnlosigkeit	neg 1.0		off 0.44452080755541507 neg 0.42955857527752034 __DUMMY__ 0.12592061716706462	false	0.5
behindern	neg 1.0		off 0.44102697286135284 neg 0.43310303044960025 __DUMMY__ 0.12586999668904697	false	0.5
undemokratisch	neg 1.0		off 0.44277118701444246 neg 0.4315386451279397 __DUMMY__ 0.12569016785761777	false	0.5
wirtschaftskrise	neg 1.0		off 0.4395311063028668 neg 0.434313744996025 __DUMMY__ 0.12615514870110808	false	0.5
neid	neg 1.0		off 0.4469321926338416 neg 0.42706147516467824 __DUMMY__ 0.12600633220148016	false	0.5
rutschen	neg 1.0		off 0.44523047774520136 neg 0.42861201617381006 __DUMMY__ 0.12615750608098847	false	0.5
rezession	neg 1.0		off 0.43773370846711235 neg 0.43609001155956084 __DUMMY__ 0.12617627997332675	false	0.5
fehlgeburt	neg 1.0		off 0.44700376735052005 neg 0.42737194707939624 __DUMMY__ 0.12562428557008362	false	0.5
charakterschwach	off 1.0		off 0.4465217305873876 neg 0.4276345963446537 __DUMMY__ 0.1258436730679587	false	1.0
isolation	neg 1.0		neg 0.44465171509253343 off 0.4311390654652035 __DUMMY__ 0.12420921944226299	false	1.0
ablenkung	neg 1.0		off 0.4460685931038298 neg 0.428050412371575 __DUMMY__ 0.12588099452459506	false	0.5
pech	neg 1.0		off 0.4479596937636069 neg 0.4261494340343942 __DUMMY__ 0.12589087220199907	false	0.5
dominieren	neg 1.0		off 0.44058147122105035 neg 0.43307259676573706 __DUMMY__ 0.12634593201321254	false	0.5
vermeidung	neg 1.0		neg 0.43812068305160284 off 0.4362500341116658 __DUMMY__ 0.12562928283673133	false	1.0
schwindlig	neg 1.0		off 0.4491001689438276 neg 0.4252480677476932 __DUMMY__ 0.1256517633084793	false	0.5
lutscher	neg 1.0		off 0.45264021382077324 neg 0.4220202191926262 __DUMMY__ 0.12533956698660048	false	0.5
pflicht	neg 1.0		off 0.44379590708824895 neg 0.43016610605202404 __DUMMY__ 0.12603798685972692	false	0.5
faschist	off 1.0		off 0.4451956485314964 neg 0.42900119650677904 __DUMMY__ 0.12580315496172453	false	1.0
verschleudern	neg 1.0		off 0.44134922911817687 neg 0.43261092934680123 __DUMMY__ 0.1260398415350219	false	0.5
ehebruch	neg 1.0		off 0.4444200120927245 neg 0.42960995041751643 __DUMMY__ 0.12597003748975905	false	0.5
trostlosigkeit	neg 1.0		off 0.4434885971885976 neg 0.43051904699686006 __DUMMY__ 0.1259923558145423	false	0.5
lutschen	neg 1.0		off 0.45311331019069573 neg 0.421940113049184 __DUMMY__ 0.12494657676012035	false	0.5
spott	off 1.0		off 0.44377555536563273 neg 0.43025511966328517 __DUMMY__ 0.12596932497108196	false	1.0
undiszipliniert	neg 1.0		off 0.4480332251976333 neg 0.4262654008185014 __DUMMY__ 0.12570137398386533	false	0.5
kopfschmerz	neg 1.0		off 0.44685013276050717 neg 0.4275196626485229 __DUMMY__ 0.12563020459096988	false	0.5
unvorhergesehen	neg 1.0		off 0.4457438191466197 neg 0.42823894608952334 __DUMMY__ 0.12601723476385707	false	0.5
desinteressiert	neg 1.0		off 0.44785283846979046 neg 0.4263512124725279 __DUMMY__ 0.12579594905768177	false	0.5
armselig	off 1.0		off 0.4466136139280668 neg 0.42744080560949727 __DUMMY__ 0.12594558046243595	false	1.0
tod	neg 1.0		off 0.44361415484769523 neg 0.43035939531900114 __DUMMY__ 0.12602644983330363	false	0.5
desaster	neg 1.0		off 0.4421041113758922 neg 0.43182187568132135 __DUMMY__ 0.1260740129427865	false	0.5
herzlos	neg 1.0		off 0.44785714974720764 neg 0.42633424377173956 __DUMMY__ 0.12580860648105294	false	0.5
unwissenheit	neg 1.0		off 0.4437592264778221 neg 0.4303856819971329 __DUMMY__ 0.12585509152504484	false	0.5
widersinnig	neg 1.0		off 0.44254280187423917 neg 0.43158081989377256 __DUMMY__ 0.12587637823198836	false	0.5
bedenklich	neg 1.0		off 0.4440205544133073 neg 0.4300467623490075 __DUMMY__ 0.1259326832376853	false	0.5
beanstanden	neg 1.0		off 0.44330327061173347 neg 0.4306489899355201 __DUMMY__ 0.12604773945274647	false	0.5
panisch	neg 1.0		off 0.44714227403503976 neg 0.42710899891506154 __DUMMY__ 0.12574872704989878	false	0.5
abstrich	neg 1.0		off 0.4467261975198404 neg 0.42774024428856994 __DUMMY__ 0.12553355819158973	false	0.5
debil	off 1.0		off 0.4592912424482267 neg 0.41675197652162166 __DUMMY__ 0.12395678103015167	false	1.0
primitiv	neg 1.0		off 0.44697169850884655 neg 0.42706051323822963 __DUMMY__ 0.12596778825292382	false	0.5
abschaum	off 1.0		off 0.44629656065870316 neg 0.42783114029640795 __DUMMY__ 0.1258722990448889	false	1.0
tot	neg 1.0		off 0.447329325809369 neg 0.4269597822888505 __DUMMY__ 0.12571089190178047	false	0.5
provozieren	neg 1.0		off 0.4455623483290629 neg 0.4285382740101016 __DUMMY__ 0.1258993776608354	false	0.5
instabil	neg 1.0		off 0.44500242623923747 neg 0.4288620258964366 __DUMMY__ 0.126135547864326	false	0.5
schwuchtel	off 1.0		off 0.45323647157583496 neg 0.42158420225928145 __DUMMY__ 0.1251793261648836	false	1.0
zerren	neg 1.0		off 0.4453934335498384 neg 0.4287093912359831 __DUMMY__ 0.12589717521417843	false	0.5
kinderficker	off 1.0		off 0.4467866169332568 neg 0.4275446311646944 __DUMMY__ 0.12566875190204885	false	1.0
gefahr	neg 1.0		off 0.44083773346881694 neg 0.43299348174653696 __DUMMY__ 0.12616878478464616	false	0.5
rabiat	neg 1.0		off 0.4455791965780063 neg 0.42843092533876115 __DUMMY__ 0.1259898780832325	false	0.5
verlangsamung	neg 1.0		off 0.43908918505030603 neg 0.4345014892276683 __DUMMY__ 0.12640932572202562	false	0.5
anklagen	neg 1.0		off 0.44083107814178557 neg 0.43327124042905363 __DUMMY__ 0.12589768142916094	false	0.5
ausgestorben	neg 1.0		off 0.44510424370306784 neg 0.4288156587413325 __DUMMY__ 0.12608009755559962	false	0.5
verminderung	neg 1.0		neg 0.43824283757612353 off 0.4360087388269104 __DUMMY__ 0.125748423596966	false	1.0
rost	neg 1.0		off 0.44248991790752723 neg 0.4307793034262486 __DUMMY__ 0.12673077866622412	false	0.5
destruktiv	neg 1.0		off 0.4444786402271592 neg 0.4296206835571333 __DUMMY__ 0.1259006762157075	false	0.5
unzumutbarkeit	neg 1.0		off 0.44080882686314954 neg 0.4331784168615093 __DUMMY__ 0.12601275627534123	false	0.5
labil	off 1.0	off 1.0	off 0.788717397678934 neg 0.1623702956992356 __DUMMY__ 0.04891230662183028	false	1.0
ziemlich	neg 1.0		off 0.4479454283270746 neg 0.426244356660441 __DUMMY__ 0.12581021501248435	false	0.5
lachnummer	off 1.0		off 0.44456434923635363 neg 0.4294498020570951 __DUMMY__ 0.1259858487065513	false	1.0
ausgrenzung	neg 1.0		off 0.4414616863372547 neg 0.43265966471632833 __DUMMY__ 0.12587864894641698	false	0.5
verfall	neg 1.0		off 0.4420820618587162 neg 0.43188203508358325 __DUMMY__ 0.1260359030577005	false	0.5
unordnung	neg 1.0	neg 1.0	neg 0.698409914492738 off 0.24106781277902678 __DUMMY__ 0.06052227272823507	false	1.0
fehlverhalten	neg 1.0		off 0.4431379826936151 neg 0.4309023051852752 __DUMMY__ 0.12595971212110982	false	0.5
nille	neg 1.0		off 0.46032334690801896 neg 0.41555975215693863 __DUMMY__ 0.12411690093504256	false	0.5
qual	neg 1.0		off 0.44732591299787294 neg 0.43794248822411047 __DUMMY__ 0.11473159877801672	false	0.5
riesig	neg 1.0		off 0.45157036345792007 neg 0.4226198302198769 __DUMMY__ 0.1258098063222031	false	0.5
verschwenden	neg 1.0		off 0.4446644279973432 neg 0.42941116259518125 __DUMMY__ 0.12592440940747562	false	0.5
verurteilen	neg 1.0		off 0.4437466557438715 neg 0.43037339410000325 __DUMMY__ 0.12587995015612521	false	0.5
klischee	neg 1.0		off 0.44642079064911333 neg 0.4276498757430792 __DUMMY__ 0.12592933360780745	false	0.5
diktatorisch	neg 1.0		off 0.4432063890515325 neg 0.4310709946823551 __DUMMY__ 0.12572261626611242	false	0.5
vorhersehbar	neg 1.0		off 0.445827965158433 neg 0.4281565159206766 __DUMMY__ 0.12601551892089036	false	0.5
stornieren	neg 1.0		off 0.4437612445326014 neg 0.4303490329804898 __DUMMY__ 0.12588972248690875	false	0.5
besteuerung	neg 1.0		off 0.4371575970377301 neg 0.4368616196295793 __DUMMY__ 0.12598078333269053	false	0.5
ungeschminkt	neg 1.0		off 0.4514435064088643 neg 0.42329283140784874 __DUMMY__ 0.1252636621832868	false	0.5
kritisch	neg 1.0		off 0.4437397906900762 neg 0.43028748817989615 __DUMMY__ 0.1259727211300276	false	0.5
schlamperei	off 1.0		off 0.4411265050895879 neg 0.43286974949957513 __DUMMY__ 0.12600374541083698	false	1.0
sucht	neg 1.0		off 0.44486719600117264 neg 0.4285833907521566 __DUMMY__ 0.12654941324667077	false	0.5
egoistisch	off 1.0		off 0.44807737330584113 neg 0.42626836094724035 __DUMMY__ 0.1256542657469186	false	1.0
ausbeuter	off 1.0		off 0.4432492335362291 neg 0.43079220230468535 __DUMMY__ 0.12595856415908566	false	1.0
arschgeburt			off 0.4542419965590924 neg 0.4207222404973994 __DUMMY__ 0.12503576294350818	false	0.0
schubs	neg 1.0		off 0.44829175770441143 neg 0.4261594647108057 __DUMMY__ 0.1255487775847828	false	0.5
unsolide	neg 1.0		off 0.44295686191377115 neg 0.4312822031190406 __DUMMY__ 0.12576093496718838	false	0.5
beschwerde	neg 1.0		off 0.44124446664977374 neg 0.43288892671655904 __DUMMY__ 0.12586660663366725	false	0.5
stocken	neg 1.0		off 0.4397415739845787 neg 0.43395397833000693 __DUMMY__ 0.12630444768541435	false	0.5
isolieren	neg 1.0		off 0.4404402741992871 neg 0.43346627804052573 __DUMMY__ 0.1260934477601872	false	0.5
unheilbar	neg 1.0		off 0.4453086474405043 neg 0.4287873483902785 __DUMMY__ 0.1259040041692172	false	0.5
pisser	off 1.0		off 0.4541809851744715 neg 0.42059281509254465 __DUMMY__ 0.12522619973298396	false	1.0
löschen	neg 1.0		off 0.4470167644142084 neg 0.4291149893006366 __DUMMY__ 0.12386824628515503	false	0.5
durchfallen	neg 1.0		off 0.44451128137442836 neg 0.4296207452353641 __DUMMY__ 0.12586797339020767	false	0.5
wichser	off 1.0		off 0.4495380718804974 neg 0.42483249997848055 __DUMMY__ 0.1256294281410221	false	1.0
terror	neg 1.0		neg 0.438789829678285 off 0.4364914899138465 __DUMMY__ 0.12471868040786839	false	1.0
krass	neg 1.0		off 0.4512903966116016 neg 0.4233353530815036 __DUMMY__ 0.1253742503068947	false	0.5
revolte	neg 1.0		off 0.4400555953001535 neg 0.4338355700580414 __DUMMY__ 0.12610883464180506	false	0.5
besorgt	neg 1.0		off 0.44544921361380085 neg 0.4286390805813728 __DUMMY__ 0.12591170580482625	false	0.5
nachlassen	neg 1.0		off 0.4438390964051256 neg 0.4301282032770117 __DUMMY__ 0.12603270031786282	false	0.5
alt	neg 1.0		off 0.4491470047805042 neg 0.4248621861034014 __DUMMY__ 0.1259908091160946	false	0.5
hundesohn	off 1.0		off 0.4564737316907447 neg 0.41880645725445903 __DUMMY__ 0.1247198110547964	false	1.0
abschreckung	neg 1.0		off 0.4426114320353017 neg 0.4314442432372276 __DUMMY__ 0.1259443247274707	false	0.5
unqualifiziert	neg 1.0		off 0.44530568221948874 neg 0.4289085508951803 __DUMMY__ 0.12578576688533097	false	0.5
abgewichst	off 1.0		off 0.4581766312368336 neg 0.4174761695088811 __DUMMY__ 0.12434719925428536	false	1.0
kapitulation	neg 1.0		off 0.4414183518863366 neg 0.43254966390860894 __DUMMY__ 0.12603198420505454	false	0.5
schwer	neg 1.0		off 0.4457523126526402 neg 0.4282531120291938 __DUMMY__ 0.12599457531816607	false	0.5
bedeutungslosigkeit	neg 1.0		off 0.4431513310402246 neg 0.4308038777829945 __DUMMY__ 0.12604479117678083	false	0.5
unscharf	neg 1.0		off 0.4492979742628984 neg 0.42518082271203095 __DUMMY__ 0.12552120302507064	false	0.5
schwinden	neg 1.0		off 0.4402089866490693 neg 0.43358727372766503 __DUMMY__ 0.12620373962326573	false	0.5
versklavung	neg 1.0		off 0.4406710607121229 neg 0.4334961823705063 __DUMMY__ 0.12583275691737095	false	0.5
schlecht	neg 1.0		off 0.44739831547586606 neg 0.4267555685578468 __DUMMY__ 0.12584611596628717	false	0.5
verhasst	neg 1.0		off 0.444948402050961 neg 0.4291017398634408 __DUMMY__ 0.12594985808559817	false	0.5
beschweren	neg 1.0		off 0.4460031229314833 neg 0.4280067290047157 __DUMMY__ 0.1259901480638011	false	0.5
scheiden	neg 1.0		off 0.44603286183679325 neg 0.42796281008320897 __DUMMY__ 0.1260043280799978	false	0.5
frustriert	neg 1.0		off 0.4453035812307311 neg 0.4287628196140576 __DUMMY__ 0.12593359915521116	false	0.5
schimmelig	neg 1.0		off 0.45143146340624485 neg 0.42316133508160336 __DUMMY__ 0.12540720151215182	false	0.5
fisch	neg 1.0		off 0.44904090569687966 neg 0.4249199055715337 __DUMMY__ 0.12603918873158665	false	0.5
schmuggel	neg 1.0		off 0.44417983056375515 neg 0.4298359299417021 __DUMMY__ 0.1259842394945428	false	0.5
auffallen	neg 1.0		off 0.44594498782482617 neg 0.4281234821770167 __DUMMY__ 0.12593152999815715	false	0.5
konkurrenz	neg 1.0		off 0.4433470578437023 neg 0.4306202611378252 __DUMMY__ 0.12603268101847248	false	0.5
teufelskreis	neg 1.0		off 0.4451198619963361 neg 0.42888666380382146 __DUMMY__ 0.12599347419984236	false	0.5
aufschreien	neg 1.0		off 0.4465722078451381 neg 0.4274934145764767 __DUMMY__ 0.1259343775783851	false	0.5
missgeburt	off 1.0		off 0.4542581016164593 neg 0.4205663622606425 __DUMMY__ 0.12517553612289833	false	1.0
schuldner	neg 1.0		off 0.4403334616360005 neg 0.4336186206729082 __DUMMY__ 0.12604791769109136	false	0.5
befallen	neg 1.0		off 0.44279668758742713 neg 0.43147168341791464 __DUMMY__ 0.12573162899465815	false	0.5
arbeitslos	neg 1.0		off 0.44452156250199715 neg 0.4295135522300711 __DUMMY__ 0.12596488526793181	false	0.5
miesepetrig	off 1.0		off 0.4474892468726735 neg 0.42673612970478975 __DUMMY__ 0.1257746234225367	false	1.0
alarmieren	neg 1.0		off 0.43919927534560466 neg 0.4346808123059372 __DUMMY__ 0.1261199123484582	false	0.5
ungeduscht	off 1.0		off 0.4499658607810866 neg 0.4246416149514198 __DUMMY__ 0.12539252426749364	false	1.0
knappheit	neg 1.0		off 0.4404143926850262 neg 0.4334463071577831 __DUMMY__ 0.12613930015719083	false	0.5
schlange	neg 1.0		off 0.4464547087268473 neg 0.42756232195900246 __DUMMY__ 0.12598296931415026	false	0.5
harsch	neg 1.0		off 0.44085470601458454 neg 0.4332866861989038 __DUMMY__ 0.12585860778651153	false	0.5
lang	neg 1.0	neg 1.0	neg 0.6609379625348181 off 0.27188200069304985 __DUMMY__ 0.06718003677213205	false	1.0
ziellos	neg 1.0		off 0.4450829593059053 neg 0.4289019072408313 __DUMMY__ 0.1260151334532633	false	0.5
selbstverliebt	neg 1.0		off 0.45050521810164096 neg 0.4239397266858949 __DUMMY__ 0.12555505521246413	false	0.5
beseitigen	neg 1.0		off 0.4407427877638254 neg 0.4330775249692714 __DUMMY__ 0.12617968726690323	false	0.5
dumm	off 1.0		off 0.4489529702747393 neg 0.42537503544974575 __DUMMY__ 0.12567199427551495	false	1.0
arbeitsloser	neg 1.0		off 0.44425114000203597 neg 0.42975333057441445 __DUMMY__ 0.12599552942354972	false	0.5
blitzen	neg 1.0		off 0.44542245093044724 neg 0.42695467932808673 __DUMMY__ 0.12762286974146597	false	0.5
hilflos	neg 1.0		off 0.4453622124792799 neg 0.42879774302028634 __DUMMY__ 0.12584004450043376	false	0.5
eklig	off 1.0		off 0.45062578672757747 neg 0.4239183593310012 __DUMMY__ 0.12545585394142117	false	1.0
hungersnot	neg 1.0		off 0.44115119775915446 neg 0.4326831116636319 __DUMMY__ 0.1261656905772136	false	0.5
ungesetzlich	neg 1.0		off 0.44250390760060954 neg 0.4316364776093823 __DUMMY__ 0.12585961479000812	false	0.5
verschwendung	neg 1.0		off 0.44419712533700684 neg 0.4298569277695005 __DUMMY__ 0.12594594689349273	false	0.5
schmerzvoll	neg 1.0		off 0.446553767697682 neg 0.427588175032207 __DUMMY__ 0.12585805727011098	false	0.5
vorzeitig	neg 1.0		off 0.4391694214741294 neg 0.4347553444117888 __DUMMY__ 0.12607523411408175	false	0.5
unvollkommenheit	neg 1.0		off 0.44498621405799227 neg 0.42908838430250784 __DUMMY__ 0.12592540163949986	false	0.5
intervenieren	neg 1.0		off 0.44263637516000415 neg 0.43146519949467327 __DUMMY__ 0.12589842534532258	false	0.5
banause	off 1.0		off 0.44938087295423274 neg 0.4250608616833756 __DUMMY__ 0.12555826536239156	false	1.0
rebell	neg 1.0		off 0.45398140431189776 neg 0.42139689170629807 __DUMMY__ 0.12462170398180422	false	0.5
unlogisch	neg 1.0		off 0.4477353914668158 neg 0.42653684661717317 __DUMMY__ 0.12572776191601115	false	0.5
abschaffung	neg 1.0		off 0.4395577647199427 neg 0.4346143104500673 __DUMMY__ 0.12582792482999	false	0.5
leiden	neg 1.0		off 0.4460955668067321 neg 0.4279134571228035 __DUMMY__ 0.12599097607046436	false	0.5
sturz	neg 1.0		off 0.44079487335917694 neg 0.43305420129347716 __DUMMY__ 0.12615092534734587	false	0.5
verkleinerung	neg 1.0		off 0.43864121265810757 neg 0.43536178398629066 __DUMMY__ 0.1259970033556019	false	0.5
schmarotzer	off 1.0		off 0.44464065245782797 neg 0.4294762836193733 __DUMMY__ 0.12588306392279874	false	1.0
bestrafung	neg 1.0		off 0.4461469023189606 neg 0.42794724581859905 __DUMMY__ 0.1259058518624405	false	0.5
achtlos	neg 1.0		off 0.44536910237929533 neg 0.42877084120974307 __DUMMY__ 0.1258600564109615	false	0.5
ungeheuer	neg 1.0		off 0.4472748909100585 neg 0.4267011028841393 __DUMMY__ 0.12602400620580223	false	0.5
unaufrichtig	neg 1.0		off 0.44560152819598414 neg 0.42878499804583825 __DUMMY__ 0.12561347375817752	false	0.5
groggy	neg 1.0		off 0.451298439107302 neg 0.42312109193708447 __DUMMY__ 0.1255804689556136	false	0.5
verletzlich	neg 1.0		off 0.44768261902397144 neg 0.42653274710297123 __DUMMY__ 0.12578463387305736	false	0.5
ablehnen	neg 1.0		off 0.4436045479610183 neg 0.4305198717014254 __DUMMY__ 0.12587558033755622	false	0.5
kollaps	neg 1.0		off 0.43876569545343136 neg 0.43515657718185696 __DUMMY__ 0.1260777273647118	false	0.5
beschnitten	neg 1.0		off 0.4459672023608131 neg 0.4281238069700158 __DUMMY__ 0.1259089906691711	false	0.5
defekt	neg 1.0		off 0.43984614356829066 neg 0.43431171917229666 __DUMMY__ 0.1258421372594127	false	0.5
dreckskerl	off 1.0		off 0.4477877711690181 neg 0.42655318656655156 __DUMMY__ 0.12565904226443037	false	1.0
deine	neg 1.0		off 0.44924141876605483 neg 0.4251692352542781 __DUMMY__ 0.12558934597966728	false	0.5
aufgeben	neg 1.0		off 0.446235787449827 neg 0.42770241603485754 __DUMMY__ 0.12606179651531546	false	0.5
durcheinander	neg 1.0		off 0.44683746113432243 neg 0.4272268516540113 __DUMMY__ 0.12593568721166626	false	0.5
unterbrechen	neg 1.0		off 0.4449578509310889 neg 0.4290558038159651 __DUMMY__ 0.1259863452529461	false	0.5
vergammeln	neg 1.0		off 0.44653301435393733 neg 0.4275429192961021 __DUMMY__ 0.12592406634996056	false	0.5
grotesk	neg 1.0		off 0.44456227102934875 neg 0.4294266388943488 __DUMMY__ 0.12601109007630243	false	0.5
elendig	neg 1.0		off 0.4466093771301462 neg 0.42757811784216215 __DUMMY__ 0.12581250502769173	false	0.5
naiv	off 1.0		off 0.44624890634492853 neg 0.4277614738907751 __DUMMY__ 0.12598961976429646	false	1.0
uneinigkeit	neg 1.0		off 0.44016149241792785 neg 0.43383720314934715 __DUMMY__ 0.1260013044327249	false	0.5
fragil	neg 1.0		neg 0.43990323420178207 off 0.4364932824126924 __DUMMY__ 0.12360348338552545	false	1.0
provisorisch	neg 1.0		off 0.444670182392739 neg 0.42917978625330566 __DUMMY__ 0.12615003135395533	false	0.5
landei	off 1.0		off 0.4494848755272986 neg 0.4247202193279861 __DUMMY__ 0.12579490514471525	false	1.0
bedauerlich	neg 1.0		off 0.4442077031362648 neg 0.42982503573619896 __DUMMY__ 0.1259672611275363	false	0.5
krieg	neg 1.0		off 0.4452231757418956 neg 0.4288526384845322 __DUMMY__ 0.1259241857735721	false	0.5
traurigkeit	neg 1.0		off 0.44589326237019233 neg 0.42816325415973944 __DUMMY__ 0.12594348347006823	false	0.5
monotonie	neg 1.0		off 0.44469240666328147 neg 0.42925713983227337 __DUMMY__ 0.12605045350444521	false	0.5
unliebsam	neg 1.0		off 0.4451324933887497 neg 0.42892744668820404 __DUMMY__ 0.12594005992304613	false	0.5
drift	neg 1.0		neg 0.46051080185888804 off 0.42542680684082235 __DUMMY__ 0.11406239130028956	false	1.0
chaos	neg 1.0		off 0.44216315437599524 neg 0.4318561723878835 __DUMMY__ 0.12598067323612144	false	0.5
blutig	neg 1.0		off 0.44660070399773144 neg 0.4274358532277471 __DUMMY__ 0.12596344277452157	false	0.5
