unsolidarisch	neg 1.0		off 0.34203563854181135 neg 0.33202475216871746 __DUMMY__ 0.32593960928947113	false	0.5
nachteilig	neg 1.0		off 0.34099533139418664 neg 0.3323893688447438 __DUMMY__ 0.3266152997610696	false	0.5
skeptisch	neg 1.0		off 0.34181848256364067 neg 0.33153884793498695 __DUMMY__ 0.3266426695013723	false	0.5
schrecklich	neg 1.0		off 0.34659612917570043 neg 0.3276283260192502 __DUMMY__ 0.3257755448050495	false	0.5
schlapp	neg 1.0		off 0.34677141985826665 neg 0.32727094949308266 __DUMMY__ 0.32595763064865063	false	0.5
abfall	neg 1.0		off 0.340994724010686 neg 0.3320326756284172 __DUMMY__ 0.32697260036089687	false	0.5
widerspenstig	neg 1.0		off 0.34410027103105123 neg 0.32975946612027596 __DUMMY__ 0.3261402628486728	false	0.5
abrupt	neg 1.0		off 0.3426993443757825 neg 0.33044250302095685 __DUMMY__ 0.32685815260326073	false	0.5
unwirksam	neg 1.0		neg 0.337039195811307 off 0.33632256050338755 __DUMMY__ 0.32663824368530536	false	1.0
angreifen	neg 1.0		off 0.34182752286689866 neg 0.3316271672979297 __DUMMY__ 0.32654530983517166	false	0.5
inkonsistent	neg 1.0		off 0.3438473095949967 neg 0.3294433606086601 __DUMMY__ 0.3267093297963434	false	0.5
abrutschen	neg 1.0		off 0.3418179593109849 neg 0.3315935913095903 __DUMMY__ 0.3265884493794249	false	0.5
unsicher	neg 1.0		off 0.3438513078001401 neg 0.3297029906012588 __DUMMY__ 0.32644570159860115	false	0.5
bauernkind	off 1.0		off 0.3506791144647635 __DUMMY__ 0.32484734609738664 neg 0.3244735394378499	false	1.0
angreifer	neg 1.0		off 0.3391610257179704 neg 0.3344444841593276 __DUMMY__ 0.32639449012270194	false	0.5
trennen	neg 1.0		off 0.3427451323190362 neg 0.3301902221669954 __DUMMY__ 0.32706464551396836	false	0.5
schmutz	neg 1.0		off 0.33926810832135157 neg 0.33392028736362833 __DUMMY__ 0.3268116043150202	false	0.5
inkonsistenz	neg 1.0		off 0.3446208505204825 neg 0.32919553150106634 __DUMMY__ 0.32618361797845113	false	0.5
erschreckend	neg 1.0		off 0.34262205514896704 neg 0.33089517525865675 __DUMMY__ 0.3264827695923762	false	0.5
ertrinken	neg 1.0		off 0.343142220985652 neg 0.33074142919550015 __DUMMY__ 0.32611634981884785	false	0.5
pickelface	off 1.0		off 0.35510404242055243 __DUMMY__ 0.323896788469624 neg 0.3209991691098235	false	1.0
lauch	neg 1.0		off 0.3521824858004912 __DUMMY__ 0.32445728380693173 neg 0.32336023039257705	false	0.5
steuerhinterziehung	neg 1.0		off 0.33895816594627526 neg 0.33471668957526307 __DUMMY__ 0.32632514447846167	false	0.5
unwichtig	neg 1.0		off 0.344686351589785 neg 0.32905940072111317 __DUMMY__ 0.3262542476891018	false	0.5
schock	neg 1.0		off 0.34385235824160904 neg 0.32938638428682454 __DUMMY__ 0.3267612574715666	false	0.5
vergelten	neg 1.0		off 0.3414280308185445 neg 0.33310124984993766 __DUMMY__ 0.32547071933151767	false	0.5
beule	neg 1.0		off 0.34748718949664453 neg 0.3267678935398574 __DUMMY__ 0.32574491696349794	false	0.5
verdorbenheit	neg 1.0		off 0.34152086082911853 neg 0.33013253109446666 __DUMMY__ 0.3283466080764148	false	0.5
trauma			off 0.37108228416851347 neg 0.3324552569844521 __DUMMY__ 0.2964624588470344	false	0.0
sinnlos	neg 1.0		off 0.3446221012681009 neg 0.3291797498438978 __DUMMY__ 0.32619814888800125	false	0.5
fettsack	off 1.0		off 0.3502181327042118 __DUMMY__ 0.3252470148750181 neg 0.32453485242077007	false	1.0
feige	off 1.0		off 0.3446314669383815 neg 0.32901669549130963 __DUMMY__ 0.326351837570309	false	1.0
abdanken	neg 1.0		off 0.34210766591537933 neg 0.33164819028001685 __DUMMY__ 0.32624414380460376	false	0.5
wichtigtuer	off 1.0	off 1.0	off 0.6611262314892056 neg 0.18191813935999243 __DUMMY__ 0.15695562915080205	false	1.0
misslingen	neg 1.0		off 0.3440153372990222 neg 0.3299404011054317 __DUMMY__ 0.32604426159554606	false	0.5
untreu	off 1.0		off 0.34471094895275894 neg 0.3289541144212628 __DUMMY__ 0.3263349366259783	false	1.0
missmutig	neg 1.0		off 0.3439285162683273 neg 0.32953163717418726 __DUMMY__ 0.3265398465574854	false	0.5
hurenbock	off 1.0		off 0.35046670352835024 neg 0.3250695542223121 __DUMMY__ 0.3244637422493377	false	1.0
betrunken	neg 1.0		off 0.3466638612022666 neg 0.32763384509727844 __DUMMY__ 0.32570229370045506	false	0.5
korrupt	off 1.0		off 0.3419326985544438 neg 0.3319106959337458 __DUMMY__ 0.3261566055118105	false	1.0
unmut	neg 1.0		off 0.3405026712492301 neg 0.3328295233333655 __DUMMY__ 0.32666780541740437	false	0.5
hackfresse	off 1.0		off 0.3475521706992002 neg 0.32697661682165796 __DUMMY__ 0.32547121247914185	false	1.0
aufblasen	neg 1.0		off 0.34461149391729523 neg 0.32911790786669165 __DUMMY__ 0.32627059821601306	false	0.5
gewaltsam	neg 1.0		off 0.3398174170341097 neg 0.3336590846260772 __DUMMY__ 0.3265234983398131	false	0.5
unbeliebtheit	neg 1.0		off 0.33890236083648023 neg 0.33451576086301166 __DUMMY__ 0.3265818783005083	false	0.5
sturheit	neg 1.0		off 0.34192007644533445 neg 0.33165788185254674 __DUMMY__ 0.3264220417021189	false	0.5
kuh	neg 1.0		off 0.3509169189415062 __DUMMY__ 0.3249839082721982 neg 0.32409917278629546	false	0.5
erschrecken	neg 1.0		off 0.3451340038501263 neg 0.3287312216970707 __DUMMY__ 0.32613477445280287	false	0.5
opfer	neg 1.0		off 0.3423721616012136 neg 0.33104988888584636 __DUMMY__ 0.3265779495129401	false	0.5
stinktier	neg 1.0		off 0.35059659035081725 __DUMMY__ 0.32493246521482405 neg 0.3244709444343588	false	0.5
sinken	neg 1.0		off 0.33866345209894305 neg 0.33387555403385444 __DUMMY__ 0.3274609938672024	false	0.5
tucke	off 1.0		off 0.34975704941950897 neg 0.3256149635674126 __DUMMY__ 0.3246279870130784	false	1.0
abstieg	neg 1.0		off 0.3403100899355775 neg 0.3328093348599384 __DUMMY__ 0.32688057520448405	false	0.5
missverstehen	neg 1.0		off 0.343954495841901 neg 0.3296334260037458 __DUMMY__ 0.32641207815435336	false	0.5
ergebnislos	neg 1.0		off 0.33839448827088464 neg 0.33461436008228324 __DUMMY__ 0.32699115164683196	false	0.5
manipulieren	neg 1.0		off 0.3421470642906215 neg 0.3316955679296097 __DUMMY__ 0.3261573677797688	false	0.5
verschleppen	neg 1.0		off 0.3390147801124953 neg 0.3343450007746804 __DUMMY__ 0.3266402191128243	false	0.5
unbewiesen	neg 1.0		off 0.3404819087672521 neg 0.33295495428408567 __DUMMY__ 0.3265631369486623	false	0.5
weib	off 1.0		off 0.3495565121667471 neg 0.3254149095901754 __DUMMY__ 0.3250285782430775	false	1.0
opposition	neg 1.0		off 0.3374796993154925 neg 0.33676810466320684 __DUMMY__ 0.3257521960213007	false	0.5
verkehrswidrig	neg 1.0		off 0.3394145348143161 neg 0.3349617076913883 __DUMMY__ 0.3256237574942955	false	0.5
inkorrekt	neg 1.0		off 0.3444935987990222 neg 0.32926794336820103 __DUMMY__ 0.32623845783277683	false	0.5
vermeiden	neg 1.0		off 0.3402043538039872 neg 0.33284021351724546 __DUMMY__ 0.3269554326787673	false	0.5
abweichung	neg 1.0		off 0.33991248852295664 neg 0.3331889034554308 __DUMMY__ 0.3268986080216126	false	0.5
alkoholisiert	neg 1.0		off 0.3425566071399901 neg 0.33096958886541383 __DUMMY__ 0.326473803994596	false	0.5
scheiss	off 1.0	off 1.0	off 0.6626933033384796 neg 0.18031262530974002 __DUMMY__ 0.1569940713517804	false	1.0
herausforderung	neg 1.0		off 0.340889116971257 neg 0.331983689570528 __DUMMY__ 0.32712719345821506	false	0.5
pervers	off 1.0		off 0.34941987575722955 neg 0.3257093078810767 __DUMMY__ 0.32487081636169385	false	1.0
wackelig	neg 1.0		off 0.3442247540882988 neg 0.3294072237768388 __DUMMY__ 0.3263680221348623	false	0.5
verwickeln	neg 1.0		off 0.3436767011280556 neg 0.3297867472041309 __DUMMY__ 0.32653655166781337	false	0.5
vorwand	neg 1.0		off 0.34200017744687733 neg 0.3317106688356849 __DUMMY__ 0.3262891537174379	false	0.5
muschi	off 1.0		off 0.35453081858506535 __DUMMY__ 0.3239532766230666 neg 0.3215159047918681	false	1.0
entmutigung	neg 1.0		off 0.3394716720829048 neg 0.3342077844259948 __DUMMY__ 0.3263205434911003	false	0.5
unstetig	neg 1.0		off 0.3423980485381065 neg 0.3312199396035482 __DUMMY__ 0.32638201185834537	false	0.5
unangemessen	neg 1.0		off 0.34223714697834234 neg 0.3313249612689995 __DUMMY__ 0.3264378917526581	false	0.5
entmutigen	neg 1.0		off 0.344025671780072 neg 0.32951885024651667 __DUMMY__ 0.3264554779734114	false	0.5
schwanz	neg 1.0		off 0.3525118815532496 neg 0.3239457997812389 __DUMMY__ 0.3235423186655114	false	0.5
verbot	neg 1.0		off 0.33959376653970935 neg 0.3340440542489007 __DUMMY__ 0.3263621792113898	false	0.5
leid	neg 1.0		off 0.34705122463105054 neg 0.3271656816648848 __DUMMY__ 0.3257830937040648	false	0.5
archaisch	neg 1.0		off 0.34239598844716185 neg 0.3312755266091337 __DUMMY__ 0.32632848494370437	false	0.5
scheidung	neg 1.0		off 0.33722316676045583 neg 0.33584619582724307 __DUMMY__ 0.32693063741230105	false	0.5
abgestanden	neg 1.0		off 0.34573819271658823 neg 0.32770910915423956 __DUMMY__ 0.3265526981291723	false	0.5
einschlag	neg 1.0		off 0.3397683113870827 neg 0.3334240401886439 __DUMMY__ 0.32680764842427346	false	0.5
schmierig	off 1.0		off 0.34661491777211595 neg 0.3274685741069218 __DUMMY__ 0.3259165081209623	false	1.0
unpraktisch	neg 1.0		off 0.3456405643251935 neg 0.32826735266787077 __DUMMY__ 0.3260920830069356	false	0.5
wixxer	off 1.0		off 0.3505352134808015 __DUMMY__ 0.3251085284998516 neg 0.32435625801934687	false	1.0
jammerlappen	off 1.0		off 0.34471646614933465 neg 0.3290790632291846 __DUMMY__ 0.32620447062148056	false	1.0
farce	neg 1.0		off 0.3396317469438416 neg 0.33389561506117205 __DUMMY__ 0.3264726379949864	false	0.5
zwecklos	neg 1.0		off 0.34236313030399135 neg 0.3310678589655572 __DUMMY__ 0.3265690107304514	false	0.5
turbulent	neg 1.0		off 0.34183215997121474 neg 0.3322604407215715 __DUMMY__ 0.32590739930721374	false	0.5
schuld	neg 1.0		off 0.34389954880383783 neg 0.329949781133431 __DUMMY__ 0.32615067006273113	false	0.5
risiko	neg 1.0		off 0.337812544430153 neg 0.3346007545851127 __DUMMY__ 0.32758670098473436	false	0.5
invasion	neg 1.0		neg 0.35100645434353556 off 0.32992156282727164 __DUMMY__ 0.31907198282919297	false	1.0
finster	neg 1.0		off 0.3460283668931207 neg 0.327598526380908 __DUMMY__ 0.3263731067259712	false	0.5
geisteskrank	off 1.0		off 0.3446397985895913 neg 0.32901031321899443 __DUMMY__ 0.32634988819141425	false	1.0
ausbeute	neg 1.0		off 0.3425342157057637 neg 0.32955980122116824 __DUMMY__ 0.3279059830730681	false	0.5
zusammenbrechen	neg 1.0		off 0.3432067748430963 neg 0.3305704685947044 __DUMMY__ 0.3262227565621992	false	0.5
hinterhalt	neg 1.0		off 0.3422782395783033 neg 0.33117849029528806 __DUMMY__ 0.32654327012640877	false	0.5
kritik	neg 1.0		off 0.3399197002518539 neg 0.33369028290562697 __DUMMY__ 0.3263900168425191	false	0.5
einschrumpfen	neg 1.0		off 0.3396443658973944 neg 0.3360943894466531 __DUMMY__ 0.3242612446559526	false	0.5
riskant	neg 1.0		off 0.34239788528797743 neg 0.3310890664059971 __DUMMY__ 0.32651304830602557	false	0.5
frustrieren	neg 1.0		off 0.34281487921823883 neg 0.3306006802106383 __DUMMY__ 0.3265844405711228	false	0.5
groll	neg 1.0		off 0.34213095267840987 neg 0.33125917857824183 __DUMMY__ 0.32660986874334835	false	0.5
qualvoll	neg 1.0		off 0.34471540878174745 neg 0.32936905371550984 __DUMMY__ 0.3259155375027428	false	0.5
wackeln	neg 1.0		off 0.3441573765545821 neg 0.3292623784145824 __DUMMY__ 0.32658024503083555	false	0.5
klagen	neg 1.0		off 0.3402348863470683 neg 0.3333010314913353 __DUMMY__ 0.32646408216159645	false	0.5
trauern	neg 1.0		off 0.34263786565223464 neg 0.3309205185601351 __DUMMY__ 0.3264416157876303	false	0.5
ablehnung	neg 1.0		off 0.3394168691137214 neg 0.3340184732482205 __DUMMY__ 0.3265646576380581	false	0.5
bankrott	neg 1.0		neg 0.33940868292233134 off 0.33513126103896085 __DUMMY__ 0.3254600560387078	false	1.0
stur	neg 1.0		off 0.3435031538207956 neg 0.33034767520942676 __DUMMY__ 0.32614917096977764	false	0.5
aufruhr	neg 1.0		off 0.3382226202928533 neg 0.3346215569847177 __DUMMY__ 0.32715582272242916	false	0.5
melancholie	neg 1.0		off 0.34526713728780584 neg 0.3284210270741076 __DUMMY__ 0.32631183563808674	false	0.5
torheit	neg 1.0		off 0.34165098963763313 neg 0.33190362064329404 __DUMMY__ 0.32644538971907283	false	0.5
dreckskind	off 1.0		off 0.3531405260111129 __DUMMY__ 0.32439840464416836 neg 0.3224610693447187	false	1.0
umtauschen	neg 1.0		off 0.34557836641010564 neg 0.3284843658865919 __DUMMY__ 0.32593726770330234	false	0.5
zersetzen	neg 1.0		off 0.34125834609739913 neg 0.33222338207524194 __DUMMY__ 0.32651827182735893	false	0.5
frust	neg 1.0		off 0.34309008964243465 neg 0.3306264426047133 __DUMMY__ 0.326283467752852	false	0.5
unerbittlichkeit	neg 1.0		off 0.34130931243986284 neg 0.3321483457748422 __DUMMY__ 0.32654234178529495	false	0.5
unkorrekt	neg 1.0		off 0.34496041620662005 neg 0.32919975360916504 __DUMMY__ 0.3258398301842151	false	0.5
hexe	off 1.0		off 0.34757296978999036 __DUMMY__ 0.3264187258016347 neg 0.3260083044083749	false	1.0
lasch	neg 1.0		off 0.34363564137475344 neg 0.3300312365519066 __DUMMY__ 0.3263331220733399	false	0.5
rivale	neg 1.0		off 0.3382122015829264 neg 0.33576878231560797 __DUMMY__ 0.32601901610146544	false	0.5
mutlos	off 1.0		off 0.3417617806955748 neg 0.3316977420609391 __DUMMY__ 0.3265404772434861	false	1.0
wirr	off 1.0		off 0.34682716955725806 neg 0.3279201148260737 __DUMMY__ 0.32525271561666813	false	1.0
strafbar	neg 1.0		off 0.34210245320726984 neg 0.33133572020863006 __DUMMY__ 0.3265618265841001	false	0.5
erosion	neg 1.0	neg 1.0	neg 0.65090038971399 off 0.18827220362927696 __DUMMY__ 0.16082740665673304	false	1.0
eingehen	neg 1.0		off 0.34243958119483814 neg 0.3310639455179104 __DUMMY__ 0.3264964732872514	false	0.5
faul	off 1.0		off 0.3469046946613267 neg 0.32746987565501917 __DUMMY__ 0.32562542968365416	false	1.0
provisorium	neg 1.0		off 0.341284074484567 neg 0.3317983578247375 __DUMMY__ 0.32691756769069547	false	0.5
schmerzen	neg 1.0		off 0.34545798467601513 neg 0.32884691882955824 __DUMMY__ 0.3256950964944266	false	0.5
schrumpfen	neg 1.0		off 0.34002819881391466 neg 0.33301721217929037 __DUMMY__ 0.3269545890067951	false	0.5
geistlos	off 1.0		off 0.3433440993468626 neg 0.3303438914949643 __DUMMY__ 0.32631200915817316	false	1.0
frustrierend	neg 1.0		off 0.34493328405188284 neg 0.32864869462780893 __DUMMY__ 0.3264180213203082	false	0.5
fehlkauf	neg 1.0		off 0.34245612893315736 neg 0.3298712747196779 __DUMMY__ 0.32767259634716467	false	0.5
unzufrieden	neg 1.0		off 0.342353774909776 neg 0.3310415563156799 __DUMMY__ 0.32660466877454425	false	0.5
verzweifeln	neg 1.0		off 0.3434694610142346 neg 0.3301610861332165 __DUMMY__ 0.32636945285254887	false	0.5
verzweifelt	neg 1.0		off 0.3441139157991293 neg 0.32943560987642717 __DUMMY__ 0.3264504743244436	false	0.5
misstrauensantrag	neg 1.0		off 0.3379445267769919 neg 0.3364611982338367 __DUMMY__ 0.3255942749891714	false	0.5
abfallen	neg 1.0		off 0.3456548224809768 neg 0.3284233160692182 __DUMMY__ 0.32592186144980495	false	0.5
fucker	off 1.0		__DUMMY__ 0.4511753547771556 off 0.33710504482504433 neg 0.21171960039780008	false	1.0
ungezogen	neg 1.0		off 0.3477169308961589 neg 0.32682410112642585 __DUMMY__ 0.3254589679774151	false	0.5
irrsinnig	neg 1.0		off 0.3441756957661752 neg 0.32954956001670693 __DUMMY__ 0.3262747442171179	false	0.5
hart	neg 1.0		off 0.3515667482324293 neg 0.3242464127547913 __DUMMY__ 0.3241868390127795	false	0.5
unfassbar	neg 1.0		off 0.3447111165581125 neg 0.3286968680328597 __DUMMY__ 0.3265920154090278	false	0.5
widerlich	off 1.0		off 0.3451007175372806 neg 0.3288546059803604 __DUMMY__ 0.32604467648235896	false	1.0
fatal			off 0.3439808733019095 neg 0.33475504741179424 __DUMMY__ 0.32126407928629624	false	0.0
bruch	neg 1.0		off 0.340998350141109 neg 0.33214726671271344 __DUMMY__ 0.3268543831461776	false	0.5
aushungern	neg 1.0		off 0.34022757231542056 neg 0.3336433811164264 __DUMMY__ 0.32612904656815306	false	0.5
anspannung	neg 1.0		off 0.34204362113462394 neg 0.33117557130976766 __DUMMY__ 0.3267808075556084	false	0.5
kraftlos	neg 1.0		off 0.34328356668102733 neg 0.33020346819087903 __DUMMY__ 0.32651296512809364	false	0.5
grenzdebil	off 1.0		off 0.3456710848897939 neg 0.32841341726638357 __DUMMY__ 0.3259154978438224	false	1.0
unterwerfen	neg 1.0		off 0.3421931050997758 neg 0.33134084627006405 __DUMMY__ 0.3264660486301602	false	0.5
versenkung	neg 1.0		off 0.3423007154772324 neg 0.3310419683922642 __DUMMY__ 0.32665731613050336	false	0.5
entziehen	neg 1.0		off 0.34148695644716887 neg 0.3318281737154384 __DUMMY__ 0.32668486983739264	false	0.5
finanzkrise	neg 1.0		off 0.336857787734381 neg 0.336392268132011 __DUMMY__ 0.326749944133608	false	0.5
schimpfend	neg 1.0		off 0.3451371552915646 neg 0.3289783667776047 __DUMMY__ 0.3258844779308307	false	0.5
profan	neg 1.0		off 0.3444698848350605 neg 0.3291562684360396 __DUMMY__ 0.32637384672889974	false	0.5
korruption	neg 1.0		off 0.3391195092031406 neg 0.3344584283225785 __DUMMY__ 0.32642206247428074	false	0.5
schmutzig	neg 1.0		off 0.3458727510043437 neg 0.328182612683147 __DUMMY__ 0.3259446363125091	false	0.5
abraten	neg 1.0		off 0.34499938906541167 neg 0.3287110784083353 __DUMMY__ 0.32628953252625287	false	0.5
sexy	neg 1.0		off 0.36329968080046077 neg 0.3370510112910325 __DUMMY__ 0.29964930790850675	false	0.5
fotze	off 1.0		off 0.3564846477802118 __DUMMY__ 0.3230991031989949 neg 0.32041624902079324	false	1.0
schwarz	neg 1.0		off 0.3430689036802033 neg 0.330437672048748 __DUMMY__ 0.3264934242710486	false	0.5
verwirren	neg 1.0		off 0.3449575154553855 neg 0.3288689701308462 __DUMMY__ 0.32617351441376824	false	0.5
zahnlos	off 1.0		off 0.34239952379557 neg 0.33084609595788256 __DUMMY__ 0.32675438024654746	false	1.0
verheeren	neg 1.0		neg 0.33711210184881174 off 0.33656904505324875 __DUMMY__ 0.3263188530979394	false	1.0
rammen	neg 1.0		off 0.3459867188753015 neg 0.32796557241714036 __DUMMY__ 0.32604770870755817	false	0.5
unlauter	neg 1.0		off 0.3389864021799831 neg 0.3349149416137995 __DUMMY__ 0.3260986562062174	false	0.5
unheilvoll	neg 1.0		off 0.3443907499183668 neg 0.3297495439819721 __DUMMY__ 0.32585970609966114	false	0.5
niedrig	neg 1.0		off 0.339068104954356 neg 0.3331215570998821 __DUMMY__ 0.32781033794576186	false	0.5
weichei	off 1.0		off 0.34761078324078665 neg 0.32672735472486425 __DUMMY__ 0.32566186203434905	false	1.0
explosion	neg 1.0		neg 0.34309741732839033 off 0.33331139699843715 __DUMMY__ 0.3235911856731724	false	1.0
minusmensch	off 1.0		off 0.3524204841846342 __DUMMY__ 0.32503262546679695 neg 0.32254689034856887	false	1.0
farblos	neg 1.0		off 0.3433448854706222 neg 0.3291256092679273 __DUMMY__ 0.3275295052614506	false	0.5
unwissend	neg 1.0		off 0.3450535354672684 neg 0.32881549345047767 __DUMMY__ 0.3261309710822539	false	0.5
traurig	neg 1.0		off 0.34614683701208787 neg 0.32788844805760126 __DUMMY__ 0.3259647149303108	false	0.5
senkung	neg 1.0		neg 0.33917903386114745 off 0.3348179900026871 __DUMMY__ 0.3260029761361654	false	1.0
ungleich	neg 1.0		off 0.3419501250666796 neg 0.33157650364622215 __DUMMY__ 0.32647337128709836	false	0.5
heikel	neg 1.0		off 0.3421721505669231 neg 0.3314481500429573 __DUMMY__ 0.3263796993901196	false	0.5
drosselung	neg 1.0		neg 0.33788728143356617 off 0.3357085343238116 __DUMMY__ 0.3264041842426222	false	1.0
falsch	neg 1.0		off 0.34497242810664075 neg 0.32886973937380454 __DUMMY__ 0.3261578325195547	false	0.5
unzufriedenheit	neg 1.0		off 0.3412853283710253 neg 0.3321813407879267 __DUMMY__ 0.3265333308410481	false	0.5
kurz	neg 1.0		off 0.34458984788223157 neg 0.32895038565015056 __DUMMY__ 0.3264597664676178	false	0.5
unsinnig	neg 1.0		off 0.3428378182918359 neg 0.3309320480583041 __DUMMY__ 0.32623013364986003	false	0.5
penner	off 1.0		off 0.3473176804672286 neg 0.3270539109704586 __DUMMY__ 0.32562840856231273	false	1.0
seicht	neg 1.0		off 0.3456738684890914 neg 0.3281055801949285 __DUMMY__ 0.3262205513159801	false	0.5
dummheit	off 1.0		off 0.34372355228416024 neg 0.33007993991749723 __DUMMY__ 0.3261965077983426	false	1.0
unerfreulich	neg 1.0		off 0.3420390581907688 neg 0.33137243096355923 __DUMMY__ 0.32658851084567203	false	0.5
pikiert	neg 1.0		off 0.34482370627738107 neg 0.32895662211907883 __DUMMY__ 0.3262196716035401	false	0.5
motherfucker	off 1.0		__DUMMY__ 0.43743522912659205 off 0.3365534351244796 neg 0.22601133574892823	false	1.0
wrack	neg 1.0		off 0.34223203971373056 neg 0.3310053603174477 __DUMMY__ 0.32676259996882184	false	0.5
gangster	neg 1.0		__DUMMY__ 0.37725409204075316 off 0.3510848946801628 neg 0.271661013279084	false	0.5
krank	neg 1.0		off 0.3465181577519028 neg 0.32757220065659703 __DUMMY__ 0.32590964159150027	false	0.5
reich	neg 1.0		off 0.34215807682196253 neg 0.3311612269278418 __DUMMY__ 0.32668069625019575	false	0.5
gnadenlos	neg 1.0		off 0.34403864034985043 neg 0.3295010017092752 __DUMMY__ 0.32646035794087436	false	0.5
niedergeschlagen	neg 1.0		off 0.34322919708020266 neg 0.33029495730659475 __DUMMY__ 0.3264758456132026	false	0.5
terrorisieren	off 1.0	off 1.0	off 0.6601840345480253 neg 0.18253074368347647 __DUMMY__ 0.15728522176849827	false	1.0
sinnlosigkeit	neg 1.0		off 0.3426267640516394 neg 0.3310203025792888 __DUMMY__ 0.32635293336907173	false	0.5
behindern	neg 1.0		off 0.3391608842692573 neg 0.3340905960069807 __DUMMY__ 0.32674851972376184	false	0.5
undemokratisch	neg 1.0		off 0.34113471729627814 neg 0.33305223167430575 __DUMMY__ 0.32581305102941616	false	0.5
wirtschaftskrise	neg 1.0		off 0.3376502331649097 neg 0.33536144813630686 __DUMMY__ 0.3269883186987835	false	0.5
neid	neg 1.0		off 0.3448362043224866 neg 0.3285652338281841 __DUMMY__ 0.3265985618493294	false	0.5
rutschen	neg 1.0		off 0.34309758831462145 neg 0.32992114060269595 __DUMMY__ 0.3269812710826826	false	0.5
rezession	neg 1.0		neg 0.3370185921105059 off 0.33590090513907606 __DUMMY__ 0.3270805027504181	false	1.0
fehlgeburt	neg 1.0		off 0.3452251345415111 neg 0.3291204796938385 __DUMMY__ 0.3256543857646505	false	0.5
charakterschwach	off 1.0		off 0.34459023987316867 neg 0.3292312272482661 __DUMMY__ 0.3261785328785653	false	1.0
isolation	neg 1.0		neg 0.3471924784415784 off 0.33150126099420246 __DUMMY__ 0.32130626056421907	false	1.0
ablenkung	neg 1.0		off 0.3441224210927036 neg 0.32960729361605795 __DUMMY__ 0.3262702852912385	false	0.5
pech	neg 1.0		off 0.3459066691473155 neg 0.3277756765671307 __DUMMY__ 0.32631765428555376	false	0.5
dominieren	neg 1.0		off 0.33848432151351 neg 0.3340355598784907 __DUMMY__ 0.32748011860799925	false	0.5
vermeidung	neg 1.0		neg 0.33938734158673595 off 0.334871579450501 __DUMMY__ 0.3257410789627631	false	1.0
schwindlig	neg 1.0		off 0.3471861492771518 neg 0.32710325989133016 __DUMMY__ 0.32571059083151793	false	0.5
lutscher	neg 1.0		off 0.350830775329641 __DUMMY__ 0.32491500033744436 neg 0.32425422433291473	false	0.5
pflicht	neg 1.0		off 0.34183059568624136 neg 0.3314970986326173 __DUMMY__ 0.3266723056811414	false	0.5
faschist	off 1.0		off 0.34337107168496195 neg 0.33054351711816526 __DUMMY__ 0.32608541119687273	false	1.0
verschleudern	neg 1.0		off 0.3394792826137284 neg 0.33382365462824864 __DUMMY__ 0.3266970627580229	false	0.5
ehebruch	neg 1.0		off 0.34248625096860896 neg 0.33100933216560663 __DUMMY__ 0.32650441686578435	false	0.5
trostlosigkeit	neg 1.0		off 0.3415806463717282 neg 0.33187316916062404 __DUMMY__ 0.32654618446764777	false	0.5
lutschen	neg 1.0		off 0.35151763268198727 neg 0.3244841795304295 __DUMMY__ 0.3239981877875832	false	0.5
spott	off 1.0		off 0.34187409602175545 neg 0.3316253698069729 __DUMMY__ 0.32650053417127156	false	1.0
undiszipliniert	neg 1.0		off 0.34613803701855994 neg 0.32803611785734704 __DUMMY__ 0.3258258451240931	false	0.5
kopfschmerz	neg 1.0		off 0.3450460897951795 neg 0.32929817660130895 __DUMMY__ 0.3256557336035115	false	0.5
unvorhergesehen	neg 1.0		off 0.3436719538885738 neg 0.3296909587797784 __DUMMY__ 0.3266370873316478	false	0.5
desinteressiert	neg 1.0		off 0.34590175229830494 neg 0.328041049474282 __DUMMY__ 0.3260571982274132	false	0.5
armselig	off 1.0		off 0.3445942518531775 neg 0.32897233013128346 __DUMMY__ 0.326433418015539	false	1.0
tod	neg 1.0		off 0.3416628633197116 neg 0.33166981893599595 __DUMMY__ 0.32666731774429236	false	0.5
desaster	neg 1.0		off 0.34018958346443434 neg 0.333040741463033 __DUMMY__ 0.3267696750725327	false	0.5
herzlos	neg 1.0		off 0.3458959126182317 neg 0.3280300906683161 __DUMMY__ 0.32607399671345205	false	0.5
unwissenheit	neg 1.0		off 0.3419484684535538 neg 0.3318613413872232 __DUMMY__ 0.32619019015922296	false	0.5
widersinnig	neg 1.0		off 0.34076836173787195 neg 0.3329597532457446 __DUMMY__ 0.3262718850163834	false	0.5
bedenklich	neg 1.0		off 0.34213522053197815 neg 0.33146515684871475 __DUMMY__ 0.326399622619307	false	0.5
beanstanden	neg 1.0		off 0.3413570222233514 neg 0.33194079782194036 __DUMMY__ 0.32670217995470807	false	0.5
panisch	neg 1.0		off 0.34524265759342326 neg 0.3288125408473009 __DUMMY__ 0.32594480155927597	false	0.5
abstrich	neg 1.0		off 0.34498589655069845 neg 0.3295805063383538 __DUMMY__ 0.3254335971109477	false	0.5
debil	off 1.0		off 0.3582791352758491 __DUMMY__ 0.321570112817847 neg 0.32015075190630393	false	1.0
primitiv	neg 1.0		off 0.3449337916115074 neg 0.32859172837870027 __DUMMY__ 0.32647448000979234	false	0.5
abschaum	off 1.0		off 0.3443650391888561 neg 0.32938818787930224 __DUMMY__ 0.3262467729318417	false	1.0
tot	neg 1.0		off 0.34542515747552516 neg 0.3286706044426521 __DUMMY__ 0.3259042380818226	false	0.5
provozieren	neg 1.0		off 0.34363483637142583 neg 0.3300514409181227 __DUMMY__ 0.32631372271045145	false	0.5
instabil	neg 1.0		off 0.3428845681172339 neg 0.33017371600076667 __DUMMY__ 0.3269417158819994	false	0.5
schwuchtel	off 1.0		off 0.35154019334151787 __DUMMY__ 0.3245077653226018 neg 0.32395204133588024	false	1.0
zerren	neg 1.0		off 0.34346202161739714 neg 0.3302234514488105 __DUMMY__ 0.3263145269337925	false	0.5
kinderficker	off 1.0		off 0.3449851004909101 neg 0.32926859725241603 __DUMMY__ 0.325746302256674	false	1.0
gefahr	neg 1.0		off 0.33888543786590597 neg 0.33409874583324217 __DUMMY__ 0.32701581630085186	false	0.5
rabiat	neg 1.0		off 0.3435737896845499 neg 0.3298739884292792 __DUMMY__ 0.32655222188617106	false	0.5
verlangsamung	neg 1.0		off 0.3370067476754929 neg 0.3353344764857967 __DUMMY__ 0.32765877583871045	false	0.5
anklagen	neg 1.0		off 0.33910595946055183 neg 0.3345497864770245 __DUMMY__ 0.3263442540624237	false	0.5
ausgestorben	neg 1.0		off 0.3430426188566544 neg 0.3301814609266774 __DUMMY__ 0.3267759202166681	false	0.5
verminderung	neg 1.0		neg 0.3393725643303592 off 0.3345687211874657 __DUMMY__ 0.3260587144821751	false	1.0
rost	neg 1.0		off 0.3399477682535606 neg 0.3315260844167653 __DUMMY__ 0.32852614732967417	false	0.5
destruktiv	neg 1.0		off 0.34259453804110057 neg 0.3310860441159916 __DUMMY__ 0.32631941784290786	false	0.5
unzumutbarkeit	neg 1.0		off 0.33897891306623334 neg 0.33436147872532385 __DUMMY__ 0.3266596082084429	false	0.5
labil	off 1.0	off 1.0	off 0.7411452804510743 neg 0.13178749567400236 __DUMMY__ 0.1270672238749233	false	1.0
ziemlich	neg 1.0		off 0.3459808136473977 neg 0.32793948426021435 __DUMMY__ 0.32607970209238796	false	0.5
lachnummer	off 1.0		off 0.3426082011382717 neg 0.3308528082741723 __DUMMY__ 0.3265389905875561	false	1.0
ausgrenzung	neg 1.0		off 0.3397303577353994 neg 0.33398077864517106 __DUMMY__ 0.32628886361942955	false	0.5
verfall	neg 1.0		off 0.3401941077309165 neg 0.3331364790011802 __DUMMY__ 0.3266694132679033	false	0.5
unordnung	neg 1.0	neg 1.0	neg 0.6501373964715572 off 0.1911150208469036 __DUMMY__ 0.15874758268153913	false	1.0
fehlverhalten	neg 1.0		off 0.3412738181593898 neg 0.3322471665838203 __DUMMY__ 0.3264790152567899	false	0.5
nille	neg 1.0		off 0.35907494828612907 __DUMMY__ 0.3219609455580689 neg 0.31896410615580184	false	0.5
qual	neg 1.0		off 0.35278519183103285 neg 0.34624363152598875 __DUMMY__ 0.30097117664297846	false	0.5
riesig	neg 1.0		off 0.349412136090534 __DUMMY__ 0.3261762673727706 neg 0.32441159653669555	false	0.5
verschwenden	neg 1.0		off 0.3427394268497153 neg 0.33087935818400016 __DUMMY__ 0.3263812149662844	false	0.5
verurteilen	neg 1.0		off 0.3419150701960463 neg 0.33180921755657217 __DUMMY__ 0.32627571224738156	false	0.5
klischee	neg 1.0		off 0.34442945835482675 neg 0.3291923375662989 __DUMMY__ 0.32637820407887447	false	0.5
diktatorisch	neg 1.0		off 0.341528612118573 neg 0.33258131923417616 __DUMMY__ 0.3258900686472508	false	0.5
vorhersehbar	neg 1.0		off 0.3437959146315694 neg 0.32959349810486815 __DUMMY__ 0.32661058726356246	false	0.5
stornieren	neg 1.0		off 0.3418846977008216 neg 0.3317687997691622 __DUMMY__ 0.3263465025300163	false	0.5
besteuerung	neg 1.0		neg 0.337924338439664 off 0.3354924235453048 __DUMMY__ 0.3265832380150313	false	1.0
ungeschminkt	neg 1.0		off 0.3497107539434383 neg 0.325532617276965 __DUMMY__ 0.32475662877959666	false	0.5
kritisch	neg 1.0		off 0.34184054461591734 neg 0.3316576060184503 __DUMMY__ 0.3265018493656322	false	0.5
schlamperei	off 1.0		off 0.339305408837534 neg 0.3340911512804732 __DUMMY__ 0.32660343988199275	false	1.0
sucht	neg 1.0		off 0.3423646526296784 neg 0.3295546383097258 __DUMMY__ 0.3280807090605957	false	0.5
egoistisch	off 1.0		off 0.3462197416737003 neg 0.3280763460956778 __DUMMY__ 0.3257039122306219	false	1.0
ausbeuter	off 1.0		off 0.34138230881630643 neg 0.33214317419869777 __DUMMY__ 0.32647451698499574	false	1.0
arschgeburt			off 0.3526155303141093 __DUMMY__ 0.3241559446398439 neg 0.32322852504604693	false	0.0
schubs	neg 1.0		off 0.3464660865365233 neg 0.32806146646805795 __DUMMY__ 0.3254724469954187	false	0.5
unsolide	neg 1.0		off 0.3412454623538765 neg 0.33275969654220977 __DUMMY__ 0.3259948411039138	false	0.5
beschwerde	neg 1.0		off 0.3395260529586057 neg 0.33420967469941393 __DUMMY__ 0.3262642723419805	false	0.5
stocken	neg 1.0		off 0.3377241515017041 neg 0.3349080257025945 __DUMMY__ 0.3273678227957013	false	0.5
isolieren	neg 1.0		off 0.33855479882386974 neg 0.33461367769349726 __DUMMY__ 0.3268315234826331	false	0.5
unheilbar	neg 1.0		off 0.3433805164936394 neg 0.3302872677929395 __DUMMY__ 0.32633221571342114	false	0.5
pisser	off 1.0		off 0.35256733559613285 __DUMMY__ 0.32424783515575645 neg 0.3231848292481108	false	1.0
löschen	neg 1.0		off 0.34612080797248934 neg 0.3317346041499065 __DUMMY__ 0.3221445878776041	false	0.5
durchfallen	neg 1.0		off 0.34265016319969877 neg 0.33110831761275206 __DUMMY__ 0.3262415191875491	false	0.5
wichser	off 1.0		off 0.3476344945969375 neg 0.3267332004943029 __DUMMY__ 0.32563230490875966	false	1.0
terror	neg 1.0		neg 0.34073153883711826 off 0.33588163583082215 __DUMMY__ 0.32338682533205954	false	1.0
krass	neg 1.0		off 0.3495197665701227 neg 0.32548222719808156 __DUMMY__ 0.3249980062317958	false	0.5
revolte	neg 1.0		off 0.3381925105111494 neg 0.33493815655290915 __DUMMY__ 0.32686933293594145	false	0.5
besorgt	neg 1.0		off 0.3435001827310047 neg 0.3301415035168238 __DUMMY__ 0.3263583137521715	false	0.5
nachlassen	neg 1.0		off 0.34187112002218184 neg 0.3314548684417841 __DUMMY__ 0.3266740115360341	false	0.5
alt	neg 1.0		off 0.34691298029520845 __DUMMY__ 0.32660240781874317 neg 0.32648461188604844	false	0.5
hundesohn	off 1.0		off 0.35500580637148194 __DUMMY__ 0.3233613164746722 neg 0.3216328771538459	false	1.0
abschreckung	neg 1.0		off 0.34078561663744567 neg 0.33277364876366106 __DUMMY__ 0.32644073459889333	false	0.5
unqualifiziert	neg 1.0		off 0.3434828509625502 neg 0.3304823856467439 __DUMMY__ 0.32603476339070586	false	0.5
abgewichst	off 1.0		off 0.35674939632015745 __DUMMY__ 0.3226472396238631 neg 0.3206033640559796	false	1.0
kapitulation	neg 1.0		off 0.33956448947723544 neg 0.33376843977818194 __DUMMY__ 0.32666707074458273	false	0.5
schwer	neg 1.0		off 0.3437334143011564 neg 0.32970626225886007 __DUMMY__ 0.3265603234399834	false	0.5
bedeutungslosigkeit	neg 1.0		off 0.34121269264766907 neg 0.33209667664912323 __DUMMY__ 0.32669063070320764	false	0.5
unscharf	neg 1.0		off 0.3474738630577435 neg 0.3271308699471808 __DUMMY__ 0.32539526699507554	false	0.5
schwinden	neg 1.0		off 0.3382423448601571 neg 0.3346551788103951 __DUMMY__ 0.32710247632944794	false	0.5
versklavung	neg 1.0		off 0.33901715016818285 neg 0.3348494687477331 __DUMMY__ 0.3261333810840841	false	0.5
schlecht	neg 1.0		off 0.3454275713798645 neg 0.3284052828505162 __DUMMY__ 0.3261671457696192	false	0.5
verhasst	neg 1.0		off 0.3430066921431476 neg 0.33056416468713895 __DUMMY__ 0.3264291431697134	false	0.5
beschweren	neg 1.0		off 0.3439768096217172 neg 0.3294760480830112 __DUMMY__ 0.3265471422952716	false	0.5
scheiden	neg 1.0		off 0.3439751188661257 neg 0.3294239185331089 __DUMMY__ 0.32660096260076543	false	0.5
frustriert	neg 1.0		off 0.3433550986116308 neg 0.33024822614262206 __DUMMY__ 0.3263966752457471	false	0.5
schimmelig	neg 1.0		off 0.3495942529455512 neg 0.32527692340898157 __DUMMY__ 0.3251288236454672	false	0.5
fisch	neg 1.0		off 0.346793742413457 __DUMMY__ 0.3267242696270915 neg 0.32648198795945144	false	0.5
schmuggel	neg 1.0		off 0.34223731381609823 neg 0.33121035465162957 __DUMMY__ 0.32655233153227237	false	0.5
auffallen	neg 1.0		off 0.3439547196966975 neg 0.32964437172719624 __DUMMY__ 0.3264009085761063	false	0.5
konkurrenz	neg 1.0		off 0.3414102923132833 neg 0.33191645093307265 __DUMMY__ 0.3266732567536441	false	0.5
teufelskreis	neg 1.0		off 0.34313404500019506 neg 0.3303169747616121 __DUMMY__ 0.32654898023819284	false	0.5
aufschreien	neg 1.0		off 0.3445751644020558 neg 0.3290217276543569 __DUMMY__ 0.3264031079435873	false	0.5
missgeburt	off 1.0		off 0.35250268380860067 __DUMMY__ 0.32454861000476604 neg 0.32294870618663346	false	1.0
schuldner	neg 1.0		off 0.33850470446355435 neg 0.33477635086162433 __DUMMY__ 0.3267189446748215	false	0.5
befallen	neg 1.0		off 0.3411165847422525 neg 0.3329798029569041 __DUMMY__ 0.32590361230084336	false	0.5
arbeitslos	neg 1.0		off 0.34258451243664484 neg 0.33093320427311523 __DUMMY__ 0.32648228329024004	false	0.5
miesepetrig	off 1.0		off 0.34555212108388556 neg 0.3284350683514296 __DUMMY__ 0.3260128105646848	false	1.0
alarmieren	neg 1.0		off 0.3373530916102792 neg 0.33573064149801196 __DUMMY__ 0.32691626689170883	false	0.5
ungeduscht	off 1.0		off 0.3482039361787574 neg 0.3267274415755549 __DUMMY__ 0.3250686222456876	false	1.0
knappheit	neg 1.0		off 0.33850344752502726 neg 0.3345475223055393 __DUMMY__ 0.3269490301694335	false	0.5
schlange	neg 1.0		off 0.3444020776494255 neg 0.3290632114544575 __DUMMY__ 0.326534710896117	false	0.5
harsch	neg 1.0		off 0.3390980889006331 neg 0.3345753402824665 __DUMMY__ 0.32632657081690036	false	0.5
lang	neg 1.0	neg 1.0	neg 0.6069635719797506 off 0.21634111608806444 __DUMMY__ 0.1766953119321849	false	1.0
ziellos	neg 1.0		off 0.34307535058270855 neg 0.33031199212431733 __DUMMY__ 0.3266126572929742	false	0.5
selbstverliebt	neg 1.0		off 0.34862350058497904 neg 0.32592569258824566 __DUMMY__ 0.3254508068267752	false	0.5
beseitigen	neg 1.0		off 0.33876104934482604 neg 0.33418429448283304 __DUMMY__ 0.327054656172341	false	0.5
dumm	off 1.0		off 0.3470537820225462 neg 0.3272159767963478 __DUMMY__ 0.32573024118110605	false	1.0
arbeitsloser	neg 1.0		off 0.3423015328613949 neg 0.33113121528466766 __DUMMY__ 0.3265672518539376	false	0.5
blitzen	neg 1.0		off 0.34359950403053907 neg 0.32890972928894796 __DUMMY__ 0.327490766680513	false	0.5
hilflos	neg 1.0		off 0.3434829633074539 neg 0.3303529887354928 __DUMMY__ 0.3261640479570533	false	0.5
eklig	off 1.0		off 0.34881292531654023 neg 0.32598937972583825 __DUMMY__ 0.3251976949576215	false	1.0
hungersnot	neg 1.0		off 0.33920689278574306 neg 0.33378086624348985 __DUMMY__ 0.32701224097076714	false	0.5
ungesetzlich	neg 1.0		off 0.34074113298625003 neg 0.3330246922705705 __DUMMY__ 0.32623417474317956	false	0.5
verschwendung	neg 1.0		off 0.3422928118171666 neg 0.3312732061169685 __DUMMY__ 0.326433982065865	false	0.5
schmerzvoll	neg 1.0		off 0.34460988708541174 neg 0.3291808071748802 __DUMMY__ 0.32620930573970813	false	0.5
vorzeitig	neg 1.0		off 0.33733298360608027 neg 0.33584022863966384 __DUMMY__ 0.3268267877542559	false	0.5
unvollkommenheit	neg 1.0		off 0.3430448023330099 neg 0.33054411576653087 __DUMMY__ 0.32641108190045925	false	0.5
intervenieren	neg 1.0		off 0.34084543587490396 neg 0.33282820350179887 __DUMMY__ 0.32632636062329723	false	0.5
banause	off 1.0		off 0.34751811413999595 neg 0.3270002162449118 __DUMMY__ 0.3254816696150921	false	1.0
rebell	neg 1.0		off 0.3526134456854826 neg 0.3241470240193035 __DUMMY__ 0.3232395302952138	false	0.5
unlogisch	neg 1.0		off 0.34584224505853217 neg 0.3282856387468968 __DUMMY__ 0.32587211619457096	false	0.5
abschaffung	neg 1.0		off 0.3379344488420057 neg 0.33588560608300466 __DUMMY__ 0.32617994507498965	false	0.5
leiden	neg 1.0		off 0.3440681035535578 neg 0.32937756799930873 __DUMMY__ 0.3265543284471334	false	0.5
sturz	neg 1.0		off 0.33884453767134043 neg 0.3341602191973231 __DUMMY__ 0.32699524313133654	false	0.5
verkleinerung	neg 1.0		off 0.33690742759284315 neg 0.33648675318616655 __DUMMY__ 0.32660581922099036	false	0.5
schmarotzer	off 1.0		off 0.3427691588522459 neg 0.33095633409052094 __DUMMY__ 0.32627450705723315	false	1.0
bestrafung	neg 1.0		off 0.3441866488402006 neg 0.32947720657354146 __DUMMY__ 0.32633614458625787	false	0.5
achtlos	neg 1.0		off 0.34345913098360514 neg 0.3303171470712277 __DUMMY__ 0.326223721945167	false	0.5
ungeheuer	neg 1.0		off 0.34515675202389484 neg 0.3281984169363847 __DUMMY__ 0.3266448310397205	false	0.5
unaufrichtig	neg 1.0		off 0.3439169910837978 neg 0.330461024674625 __DUMMY__ 0.32562198424157707	false	0.5
groggy	neg 1.0		off 0.3492083875602936 __DUMMY__ 0.3257106730072965 neg 0.3250809394324099	false	0.5
verletzlich	neg 1.0		off 0.34573496416517285 neg 0.3282263240648097 __DUMMY__ 0.3260387117700175	false	0.5
ablehnen	neg 1.0		off 0.3417818842623797 neg 0.33195424673603113 __DUMMY__ 0.3262638690015891	false	0.5
kollaps	neg 1.0		off 0.336972743479505 neg 0.3362268077495281 __DUMMY__ 0.32680044877096676	false	0.5
beschnitten	neg 1.0		off 0.34401529511518064 neg 0.3296464965594883 __DUMMY__ 0.326338208325331	false	0.5
defekt	neg 1.0		off 0.33805788360303834 neg 0.3356106965218293 __DUMMY__ 0.32633141987513253	false	0.5
dreckskerl	off 1.0		off 0.3459563791468535 neg 0.32834081393758663 __DUMMY__ 0.32570280691556	false	1.0
deine	neg 1.0		off 0.34736761301308944 neg 0.3270768449425149 __DUMMY__ 0.3255555420443957	false	0.5
aufgeben	neg 1.0		off 0.3441425145329546 neg 0.3291142285659704 __DUMMY__ 0.3267432569010749	false	0.5
durcheinander	neg 1.0		off 0.34481766750498927 neg 0.32877482558464094 __DUMMY__ 0.32640750691036985	false	0.5
unterbrechen	neg 1.0		off 0.3429799743185376 neg 0.330484443773954 __DUMMY__ 0.3265355819075084	false	0.5
vergammeln	neg 1.0		off 0.34452434600955995 neg 0.3290843047110885 __DUMMY__ 0.32639134927935165	false	0.5
grotesk	neg 1.0		off 0.3425935600836729 neg 0.3308112534088839 __DUMMY__ 0.3265951865074431	false	0.5
elendig	neg 1.0		off 0.3446867835583639 neg 0.329210635984197 __DUMMY__ 0.3261025804574393	false	0.5
naiv	off 1.0		off 0.344216108966124 neg 0.32924113616509726 __DUMMY__ 0.32654275486877876	false	1.0
uneinigkeit	neg 1.0		off 0.3383835400442192 neg 0.3350164046931763 __DUMMY__ 0.32660005526260455	false	0.5
fragil	neg 1.0		neg 0.3425762789044667 off 0.33644776152825134 __DUMMY__ 0.32097595956728203	false	1.0
provisorisch	neg 1.0		off 0.34256141173424987 neg 0.33047778308153536 __DUMMY__ 0.32696080518421483	false	0.5
landei	off 1.0		off 0.34742545513504386 neg 0.3264922533751018 __DUMMY__ 0.3260822914898544	false	1.0
bedauerlich	neg 1.0		off 0.3422848291696646 neg 0.3312275990470533 __DUMMY__ 0.326487571783282	false	0.5
krieg	neg 1.0		off 0.34328907884608173 neg 0.3303366239811863 __DUMMY__ 0.326374297172732	false	0.5
traurigkeit	neg 1.0		off 0.3438977660917301 neg 0.32966918790173777 __DUMMY__ 0.32643304600653217	false	0.5
monotonie	neg 1.0		off 0.3426651141556399 neg 0.33063037438669046 __DUMMY__ 0.32670451145766977	false	0.5
unliebsam	neg 1.0		off 0.34319021942747113 neg 0.3303844903889475 __DUMMY__ 0.3264252901835813	false	0.5
drift	neg 1.0		neg 0.3736232458814682 off 0.34030830684831426 __DUMMY__ 0.2860684472702175	false	1.0
chaos	neg 1.0		off 0.34032867451271387 neg 0.3331710381356521 __DUMMY__ 0.32650028735163406	false	0.5
blutig	neg 1.0		off 0.3445670827660663 neg 0.32896370457546664 __DUMMY__ 0.3264692126584672	false	0.5
machtlos	neg 1.0		off 0.34201862881378603 neg 0.3315609035322272 __DUMMY__ 0.32642046765398675	false	0.5
