unsolidarisch	neg 1.0		off 0.41540081827861514 neg 0.40304728186610056 __DUMMY__ 0.1815518998552843	false	0.5
nachteilig	neg 1.0		off 0.41449899896697223 neg 0.40356676817473974 __DUMMY__ 0.1819342328582881	false	0.5
skeptisch	neg 1.0		off 0.4153477504386632 neg 0.402697933091249 __DUMMY__ 0.18195431647008772	false	0.5
schrecklich	neg 1.0		off 0.42009402174030924 neg 0.3984432750068452 __DUMMY__ 0.18146270325284553	false	0.5
schlapp	neg 1.0		off 0.4203218852790417 neg 0.3981196662955236 __DUMMY__ 0.18155844842543462	false	0.5
abfall	neg 1.0		off 0.4145864472340947 neg 0.40327427453620174 __DUMMY__ 0.1821392782297036	false	0.5
widerspenstig	neg 1.0		off 0.4176022972401195 neg 0.40073160039775785 __DUMMY__ 0.18166610236212266	false	0.5
abrupt	neg 1.0		off 0.4163141704824703 neg 0.4016076152490669 __DUMMY__ 0.1820782142684628	false	0.5
unwirksam	neg 1.0		off 0.40968067618444726 neg 0.4083886386229664 __DUMMY__ 0.18193068519258637	false	0.5
angreifen	neg 1.0		off 0.4153413068639842 neg 0.4027604005978364 __DUMMY__ 0.1818982925381794	false	0.5
inkonsistent	neg 1.0		off 0.41746615865872677 neg 0.40055475310172994 __DUMMY__ 0.18197908823954326	false	0.5
abrutschen	neg 1.0		off 0.41534210402233607 neg 0.4027347243688693 __DUMMY__ 0.1819231716087948	false	0.5
unsicher	neg 1.0		off 0.41740887510118835 neg 0.4007491554315427 __DUMMY__ 0.1818419694672689	false	0.5
bauernkind	off 1.0		off 0.42410134328077814 neg 0.39497789006009126 __DUMMY__ 0.18092076665913048	false	1.0
angreifer	neg 1.0		off 0.41254482746168586 neg 0.4056579703103577 __DUMMY__ 0.1817972022279564	false	0.5
trennen	neg 1.0		off 0.41641699705255486 neg 0.4013915022423665 __DUMMY__ 0.1821915007050787	false	0.5
schmutz	neg 1.0		off 0.41279474663608506 neg 0.4051677534694165 __DUMMY__ 0.18203749989449847	false	0.5
inkonsistenz	neg 1.0		off 0.4181357196533685 neg 0.400173534802018 __DUMMY__ 0.18169074554461348	false	0.5
erschreckend	neg 1.0		off 0.41614750021315877 neg 0.40198751829299817 __DUMMY__ 0.18186498149384298	false	0.5
ertrinken	neg 1.0		off 0.4166006982492243 neg 0.40174592628637873 __DUMMY__ 0.18165337546439697	false	0.5
pickelface	off 1.0		off 0.428491365765826 neg 0.39116658410158367 __DUMMY__ 0.18034205013259036	false	1.0
lauch	neg 1.0		off 0.4256196942793663 neg 0.39370441644274407 __DUMMY__ 0.18067588927788963	false	0.5
steuerhinterziehung	neg 1.0		off 0.41231361134719857 neg 0.4059250065364182 __DUMMY__ 0.18176138211638324	false	0.5
unwichtig	neg 1.0		off 0.4182294493919675 neg 0.4000368780455442 __DUMMY__ 0.18173367256248837	false	0.5
schock	neg 1.0		off 0.4174846188652024 neg 0.40049698985140164 __DUMMY__ 0.18201839128339603	false	0.5
vergelten	neg 1.0		off 0.41468681283704717 neg 0.4040413839783699 __DUMMY__ 0.18127180318458286	false	0.5
beule	neg 1.0		off 0.4210321213909912 neg 0.39753728028068747 __DUMMY__ 0.18143059832832134	false	0.5
verdorbenheit	neg 1.0		off 0.4154862701488958 neg 0.40168147032509793 __DUMMY__ 0.18283225952600635	false	0.5
trauma			off 0.4390556436195067 neg 0.39736094899349256 __DUMMY__ 0.1635834073870007	false	0.0
sinnlos	neg 1.0		off 0.4181464181714741 neg 0.4001503703260168 __DUMMY__ 0.18170321150250907	false	0.5
fettsack	off 1.0		off 0.4237279330835656 neg 0.3951217562196813 __DUMMY__ 0.18115031069675316	false	1.0
feige	off 1.0		off 0.41818477996801323 neg 0.40002181675267295 __DUMMY__ 0.1817934032793139	false	1.0
abdanken	neg 1.0		off 0.41554928682438275 neg 0.40272832305052875 __DUMMY__ 0.1817223901250885	false	0.5
wichtigtuer	off 1.0	off 1.0	off 0.6968710148545201 neg 0.21647484017863391 __DUMMY__ 0.08665414496684591	false	1.0
misslingen	neg 1.0		off 0.4174830631169789 neg 0.4009126658602133 __DUMMY__ 0.1816042710228079	false	0.5
untreu	off 1.0		off 0.41827888615361536 neg 0.3999431801309553 __DUMMY__ 0.18177793371542925	false	1.0
missmutig	neg 1.0		off 0.4175269155025942 neg 0.4005813681756233 __DUMMY__ 0.18189171632178242	false	0.5
hurenbock	off 1.0		off 0.4237611372579744 neg 0.3955500464320747 __DUMMY__ 0.18068881630995096	false	1.0
betrunken	neg 1.0		off 0.4201569420071767 neg 0.39842558974758874 __DUMMY__ 0.1814174682452345	false	0.5
korrupt	off 1.0		off 0.4153392684252681 neg 0.40298506127712874 __DUMMY__ 0.1816756702976032	false	1.0
unmut	neg 1.0		off 0.41399400264263303 neg 0.40403999773154203 __DUMMY__ 0.18196599962582488	false	0.5
hackfresse	off 1.0		off 0.42101515904502557 neg 0.3976979225869103 __DUMMY__ 0.18128691836806424	false	1.0
aufblasen	neg 1.0		off 0.4181635982437777 neg 0.40009703883218106 __DUMMY__ 0.18173936292404122	false	0.5
gewaltsam	neg 1.0		off 0.4132518044836253 neg 0.4048752449852749 __DUMMY__ 0.18187295053109992	false	0.5
unbeliebtheit	neg 1.0		off 0.4123289783762282 neg 0.40576445297405606 __DUMMY__ 0.1819065686497158	false	0.5
sturheit	neg 1.0		off 0.4154069932144624 neg 0.4027651359917596 __DUMMY__ 0.18182787079377805	false	0.5
kuh	neg 1.0		off 0.4243923199086017 neg 0.3946116401497207 __DUMMY__ 0.18099603994167765	false	0.5
erschrecken	neg 1.0		off 0.4186715148123988 neg 0.399665055116082 __DUMMY__ 0.18166343007151914	false	0.5
opfer	neg 1.0		off 0.4159059274756003 neg 0.4021780814208015 __DUMMY__ 0.1819159911035982	false	0.5
stinktier	neg 1.0		off 0.42404578923287417 neg 0.3949848827693806 __DUMMY__ 0.18096932799774523	false	0.5
sinken	neg 1.0		off 0.4122959956710691 neg 0.4052933125680764 __DUMMY__ 0.18241069176085442	false	0.5
tucke	off 1.0		off 0.423090963618048 neg 0.3961080044096061 __DUMMY__ 0.18080103197234598	false	1.0
abstieg	neg 1.0		off 0.41384494422885265 neg 0.40407417991250566 __DUMMY__ 0.18208087585864172	false	0.5
missverstehen	neg 1.0		off 0.41750431649958236 neg 0.4006723855024107 __DUMMY__ 0.1818232979980071	false	0.5
ergebnislos	neg 1.0		off 0.4118969954409961 neg 0.40596102284331353 __DUMMY__ 0.18214198171569018	false	0.5
manipulieren	neg 1.0		off 0.41557268216457827 neg 0.40275195185857526 __DUMMY__ 0.18167536597684647	false	0.5
verschleppen	neg 1.0		off 0.41245681660341454 neg 0.4055988745806398 __DUMMY__ 0.1819443088159455	false	0.5
unbewiesen	neg 1.0		off 0.4139540153568264 neg 0.404141132174162 __DUMMY__ 0.18190485246901164	false	0.5
weib	off 1.0		off 0.4229949977840796 neg 0.3959774034979918 __DUMMY__ 0.1810275987179287	false	1.0
opposition	neg 1.0		off 0.41065079477870126 neg 0.4079239256526753 __DUMMY__ 0.18142527956862348	false	0.5
verkehrswidrig	neg 1.0		off 0.41263644105669856 neg 0.40602928832915053 __DUMMY__ 0.1813342706141508	false	0.5
inkorrekt	neg 1.0		off 0.41801937082186874 neg 0.4002596387342512 __DUMMY__ 0.18172099044388013	false	0.5
vermeiden	neg 1.0		off 0.4137671940830246 neg 0.4041053209607796 __DUMMY__ 0.18212748495619568	false	0.5
abweichung	neg 1.0		off 0.4134498125027625 neg 0.40445701174253 __DUMMY__ 0.18209317575470738	false	0.5
alkoholisiert	neg 1.0		off 0.4161000316410862 neg 0.4020583243713241 __DUMMY__ 0.18184164398758976	false	0.5
scheiss	off 1.0	off 1.0	off 0.6984890504500136 neg 0.21483480684146275 __DUMMY__ 0.08667614270852365	false	1.0
herausforderung	neg 1.0		off 0.4145081457109157 neg 0.4032701694666433 __DUMMY__ 0.18222168482244108	false	0.5
pervers	off 1.0		off 0.42280672021849475 neg 0.3962523371524908 __DUMMY__ 0.1809409426290145	false	1.0
wackelig	neg 1.0		off 0.41778071772406256 neg 0.4004250608975808 __DUMMY__ 0.1817942213783566	false	0.5
verwickeln	neg 1.0		off 0.41724922571267553 neg 0.400856412733896 __DUMMY__ 0.18189436155342842	false	0.5
vorwand	neg 1.0		off 0.41545546806623035 neg 0.4027911194631358 __DUMMY__ 0.1817534124706338	false	0.5
muschi	off 1.0		off 0.4279306560647748 neg 0.3917155595802717 __DUMMY__ 0.1803537843549535	false	1.0
entmutigung	neg 1.0		off 0.41284831529491545 neg 0.4053891565610867 __DUMMY__ 0.1817625281439979	false	0.5
unstetig	neg 1.0		off 0.4159105072684752 neg 0.4022937799557481 __DUMMY__ 0.1817957127757766	false	0.5
unangemessen	neg 1.0		off 0.4157334297696727 neg 0.40242853990825056 __DUMMY__ 0.18183803032207668	false	0.5
entmutigen	neg 1.0		off 0.4175906094674939 neg 0.4005650382874319 __DUMMY__ 0.18184435224507414	false	0.5
schwanz	neg 1.0		off 0.42575063479860464 neg 0.39411099549082124 __DUMMY__ 0.1801383697105741	false	0.5
verbot	neg 1.0		off 0.41297651548481723 neg 0.4052364820966053 __DUMMY__ 0.18178700241857748	false	0.5
leid	neg 1.0		off 0.42056530737869424 neg 0.39797393890228816 __DUMMY__ 0.18146075371901768	false	0.5
archaisch	neg 1.0		off 0.4158802339428951 neg 0.4023423826944399 __DUMMY__ 0.181777383362665	false	0.5
scheidung	neg 1.0		off 0.4107102231019239 neg 0.4071961801728936 __DUMMY__ 0.18209359672518255	false	0.5
abgestanden	neg 1.0		off 0.4194121973744938 neg 0.3986978961654528 __DUMMY__ 0.1818899064600534	false	0.5
einschlag	neg 1.0		off 0.41328135627069207 neg 0.40472851331531684 __DUMMY__ 0.18199013041399115	false	0.5
schmierig	off 1.0		off 0.4201482221718058 neg 0.39831456592522274 __DUMMY__ 0.1815372119029715	false	1.0
unpraktisch	neg 1.0		off 0.41918536440856863 neg 0.39917927829275873 __DUMMY__ 0.18163535729867256	false	0.5
wixxer	off 1.0		off 0.42401202369988966 neg 0.3949132691760446 __DUMMY__ 0.1810747071240657	false	1.0
jammerlappen	off 1.0		off 0.4182490556095559 neg 0.4000418343923809 __DUMMY__ 0.18170910999806328	false	1.0
farce	neg 1.0		off 0.4130433135222284 neg 0.40510655584724936 __DUMMY__ 0.18185013063052227	false	0.5
zwecklos	neg 1.0		off 0.41589959359541695 neg 0.4021876177142348 __DUMMY__ 0.18191278869034821	false	0.5
turbulent	neg 1.0		off 0.41522531820367564 neg 0.4032616825675836 __DUMMY__ 0.18151299922874065	false	0.5
schuld	neg 1.0		off 0.4173856245591417 neg 0.4009382659344577 __DUMMY__ 0.18167610950640053	false	0.5
risiko	neg 1.0		off 0.41144788034838836 neg 0.40607577075280954 __DUMMY__ 0.182476348898802	false	0.5
invasion	neg 1.0		neg 0.42105688507072736 off 0.4013086024598433 __DUMMY__ 0.17763451246942938	false	1.0
finster	neg 1.0		off 0.4196520135991885 neg 0.39854805865594917 __DUMMY__ 0.18179992774486226	false	0.5
geisteskrank	off 1.0		off 0.4181949471557741 neg 0.400013187569671 __DUMMY__ 0.18179186527455488	false	1.0
ausbeute	neg 1.0		off 0.416421923254604 neg 0.40092390180491944 __DUMMY__ 0.18265417494047675	false	0.5
zusammenbrechen	neg 1.0		off 0.4166930838878842 neg 0.40159028807599795 __DUMMY__ 0.18171662803611796	false	0.5
hinterhalt	neg 1.0		off 0.4157918712934267 neg 0.4023287771675581 __DUMMY__ 0.18187935153901533	false	0.5
kritik	neg 1.0		off 0.4133188592131814 neg 0.4048783981140987 __DUMMY__ 0.18180274267271998	false	0.5
einschrumpfen	neg 1.0		off 0.41271039808079407 neg 0.4068202650689657 __DUMMY__ 0.1804693368502402	false	0.5
riskant	neg 1.0		off 0.4159171708455019 neg 0.4022021134563784 __DUMMY__ 0.1818807156981197	false	0.5
frustrieren	neg 1.0		off 0.4163671487484278 neg 0.40171116871993956 __DUMMY__ 0.18192168253163266	false	0.5
groll	neg 1.0		off 0.4156717077043653 neg 0.4023937204494949 __DUMMY__ 0.18193457184613976	false	0.5
qualvoll	neg 1.0		off 0.41818690427462657 neg 0.40027541314620607 __DUMMY__ 0.18153768257916733	false	0.5
wackeln	neg 1.0		off 0.4177680595981673 neg 0.4003165112135721 __DUMMY__ 0.1819154291882607	false	0.5
klagen	neg 1.0		off 0.4136627375332303 neg 0.40449006884542393 __DUMMY__ 0.18184719362134583	false	0.5
trauern	neg 1.0		off 0.4161466813356529 neg 0.4020181735155361 __DUMMY__ 0.18183514514881108	false	0.5
ablehnung	neg 1.0		off 0.41284529432117245 neg 0.4052519903716568 __DUMMY__ 0.18190271530717073	false	0.5
bankrott	neg 1.0		neg 0.41062733585124 off 0.40818372800688907 __DUMMY__ 0.18118893614187087	false	1.0
stur	neg 1.0		off 0.41698167752140763 neg 0.40134243630055716 __DUMMY__ 0.1816758861780352	false	0.5
aufruhr	neg 1.0		off 0.41175272073279334 neg 0.40601442986357 __DUMMY__ 0.1822328494036366	false	0.5
melancholie	neg 1.0		off 0.41884958330820365 neg 0.399390139230399 __DUMMY__ 0.1817602774613973	false	0.5
torheit	neg 1.0		off 0.41513699017323463 neg 0.4030265825553218 __DUMMY__ 0.18183642727144353	false	0.5
dreckskind	off 1.0		off 0.42652668775912855 neg 0.39280640802909333 __DUMMY__ 0.18066690421177808	false	1.0
umtauschen	neg 1.0		off 0.4190959790213008 neg 0.3993602104401139 __DUMMY__ 0.18154381053858532	false	0.5
zersetzen	neg 1.0		off 0.4147475413943368 neg 0.40336908285823103 __DUMMY__ 0.1818833757474322	false	0.5
frust	neg 1.0		off 0.41658583411817424 neg 0.4016626991940481 __DUMMY__ 0.18175146668777767	false	0.5
unerbittlichkeit	neg 1.0		off 0.41480263706138 neg 0.4033016890406195 __DUMMY__ 0.18189567389800038	false	0.5
unkorrekt	neg 1.0		off 0.4184086479382231 neg 0.4001006114797525 __DUMMY__ 0.1814907405820244	false	0.5
hexe	off 1.0		off 0.4212649370468792 neg 0.39691347252602094 __DUMMY__ 0.18182159042709978	false	1.0
lasch	neg 1.0		off 0.4171577795350592 neg 0.40105773085927 __DUMMY__ 0.1817844896056707	false	0.5
rivale	neg 1.0		off 0.41150340365259663 neg 0.40695175157092117 __DUMMY__ 0.18154484477648217	false	0.5
mutlos	off 1.0		off 0.41526220849907697 neg 0.4028435173145848 __DUMMY__ 0.18189427418633825	false	1.0
wirr	off 1.0		off 0.42021657072895297 neg 0.3986292078110902 __DUMMY__ 0.18115422145995674	false	1.0
strafbar	neg 1.0		off 0.41561823670584597 neg 0.4024751930201531 __DUMMY__ 0.18190657027400098	false	0.5
erosion	neg 1.0	neg 1.0	neg 0.6863914582790553 off 0.2247061053713975 __DUMMY__ 0.08890243634954724	false	1.0
eingehen	neg 1.0		off 0.41596185955714726 neg 0.40216725319276886 __DUMMY__ 0.1818708872500838	false	0.5
faul	off 1.0		off 0.42038470274819184 neg 0.3982449618107355 __DUMMY__ 0.18137033544107262	false	1.0
provisorium	neg 1.0		off 0.4148732224032382 neg 0.4030188487524431 __DUMMY__ 0.1821079288443187	false	0.5
schmerzen	neg 1.0		off 0.418911945120697 neg 0.39967885377318735 __DUMMY__ 0.18140920110611547	false	0.5
schrumpfen	neg 1.0		off 0.41357801380260983 neg 0.40429435859386514 __DUMMY__ 0.1821276276035251	false	0.5
geistlos	off 1.0		off 0.41684130521925505 neg 0.40139606915002 __DUMMY__ 0.18176262563072498	false	1.0
frustrierend	neg 1.0		off 0.4185206566206597 neg 0.39965335838978994 __DUMMY__ 0.1818259849895504	false	0.5
fehlkauf	neg 1.0		off 0.41636369322332384 neg 0.4012660022492396 __DUMMY__ 0.18237030452743652	false	0.5
unzufrieden	neg 1.0		off 0.41589861247363474 neg 0.4021686035538146 __DUMMY__ 0.18193278397255055	false	0.5
verzweifeln	neg 1.0		off 0.4169981189029447 neg 0.4012017647063307 __DUMMY__ 0.18180011639072463	false	0.5
verzweifelt	neg 1.0		off 0.4176822617390016 neg 0.40047242735470545 __DUMMY__ 0.181845310906293	false	0.5
misstrauensantrag	neg 1.0		off 0.41109317463602846 neg 0.4075814908553136 __DUMMY__ 0.181325334508658	false	0.5
abfallen	neg 1.0		off 0.4191622370972439 neg 0.3992977114694856 __DUMMY__ 0.1815400514332706	false	0.5
fucker	off 1.0		off 0.39853413328642784 __DUMMY__ 0.34815937162565325 neg 0.2533064950879189	false	1.0
ungezogen	neg 1.0		off 0.4211900400420853 neg 0.39753304736123857 __DUMMY__ 0.18127691259667608	false	0.5
irrsinnig	neg 1.0		off 0.4177034583910131 neg 0.4005502275285796 __DUMMY__ 0.18174631408040723	false	0.5
hart	neg 1.0		off 0.42486617041658786 neg 0.39458897659473974 __DUMMY__ 0.18054485298867246	false	0.5
unfassbar	neg 1.0		off 0.418337717278509 neg 0.39973875779381074 __DUMMY__ 0.18192352492768024	false	0.5
widerlich	off 1.0		off 0.4186037476284941 neg 0.39978171286066383 __DUMMY__ 0.18161453951084197	false	1.0
fatal			off 0.40979575487347436 neg 0.39643749903400916 __DUMMY__ 0.19376674609251657	false	0.0
bruch	neg 1.0		off 0.4145512584364923 neg 0.40337754136846665 __DUMMY__ 0.18207120019504108	false	0.5
aushungern	neg 1.0		off 0.41358143814889936 neg 0.40476229210527137 __DUMMY__ 0.1816562697458293	false	0.5
anspannung	neg 1.0		off 0.41561641240218483 neg 0.4023548492497047 __DUMMY__ 0.18202873834811056	false	0.5
kraftlos	neg 1.0		off 0.4168421911461513 neg 0.40127768036706923 __DUMMY__ 0.18188012848677956	false	0.5
grenzdebil	off 1.0		off 0.41917174452193623 neg 0.39928419925021674 __DUMMY__ 0.18154405622784703	false	1.0
unterwerfen	neg 1.0		off 0.41569561622634343 neg 0.4024520477934239 __DUMMY__ 0.18185233598023257	false	0.5
versenkung	neg 1.0		off 0.41585178630436204 neg 0.40218716902082674 __DUMMY__ 0.1819610446748112	false	0.5
entziehen	neg 1.0		off 0.41501450509528603 neg 0.4030077953107426 __DUMMY__ 0.18197769959397153	false	0.5
finanzkrise	neg 1.0		off 0.41025330078030847 neg 0.40774493821784885 __DUMMY__ 0.18200176100184276	false	0.5
schimpfend	neg 1.0		off 0.4186267533624573 neg 0.3998597961185847 __DUMMY__ 0.18151345051895812	false	0.5
profan	neg 1.0		off 0.41803731453289267 neg 0.400162323533136 __DUMMY__ 0.18180036193397134	false	0.5
korruption	neg 1.0		off 0.4125000019060148 neg 0.40567970311978496 __DUMMY__ 0.18182029497420024	false	0.5
schmutzig	neg 1.0		off 0.41939070593151473 neg 0.39905436634848734 __DUMMY__ 0.18155492771999784	false	0.5
abraten	neg 1.0		off 0.4185593632780555 neg 0.39968973513670575 __DUMMY__ 0.18175090158523888	false	0.5
sexy	neg 1.0		off 0.4318551861385304 neg 0.4027590002652344 __DUMMY__ 0.16538581359623522	false	0.5
fotze	off 1.0		off 0.4297222765708255 neg 0.3903985312142816 __DUMMY__ 0.17987919221489287	false	1.0
schwarz	neg 1.0		off 0.41676932384851845 neg 0.4016197688768072 __DUMMY__ 0.18161090727467435	false	0.5
verwirren	neg 1.0		off 0.41848796324535215 neg 0.39982417530173786 __DUMMY__ 0.18168786145291002	false	0.5
zahnlos	off 1.0		off 0.4159786476376597 neg 0.4020032749965393 __DUMMY__ 0.1820180773658009	false	1.0
verheeren	neg 1.0		off 0.40986966030606825 neg 0.40838736784013846 __DUMMY__ 0.18174297185379334	false	0.5
rammen	neg 1.0		off 0.4195531387777483 neg 0.39884610727643843 __DUMMY__ 0.18160075394581324	false	0.5
unlauter	neg 1.0		off 0.41230188035744736 neg 0.40606726760176937 __DUMMY__ 0.18163085204078314	false	0.5
unheilvoll	neg 1.0		off 0.41784831547092616 neg 0.40064939232826924 __DUMMY__ 0.18150229220080472	false	0.5
niedrig	neg 1.0		off 0.4128016664058826 neg 0.40459287097037755 __DUMMY__ 0.18260546262373978	false	0.5
weichei	off 1.0		off 0.42111983503912387 neg 0.3974852632697085 __DUMMY__ 0.1813949016911676	false	1.0
explosion	neg 1.0		neg 0.4139654242116323 off 0.4058265187941526 __DUMMY__ 0.18020805699421497	false	1.0
minusmensch	off 1.0		off 0.42593546633210094 neg 0.39304173681174503 __DUMMY__ 0.18102279685615397	false	1.0
farblos	neg 1.0		off 0.4171887967279062 neg 0.4003825934949042 __DUMMY__ 0.18242860977718967	false	0.5
unwissend	neg 1.0		off 0.4185786516972614 neg 0.39975437370572514 __DUMMY__ 0.18166697459701348	false	0.5
traurig	neg 1.0		off 0.4196731111176062 neg 0.39875575264051094 __DUMMY__ 0.18157113624188273	false	0.5
senkung	neg 1.0		neg 0.4104470493740114 off 0.40798862479924497 __DUMMY__ 0.18156432582674362	false	1.0
ungleich	neg 1.0		off 0.41544476962214727 neg 0.40269975756692994 __DUMMY__ 0.1818554728109228	false	0.5
heikel	neg 1.0		off 0.4156529050907374 neg 0.4025415209376742 __DUMMY__ 0.18180557397158847	false	0.5
drosselung	neg 1.0		neg 0.40920877793177945 off 0.40900618203073036 __DUMMY__ 0.18178504003749005	false	1.0
falsch	neg 1.0		off 0.4185021989088822 neg 0.39981837284510735 __DUMMY__ 0.18167942824601035	false	0.5
unzufriedenheit	neg 1.0		off 0.41476929096612924 neg 0.403335781781005 __DUMMY__ 0.18189492725286588	false	0.5
kurz	neg 1.0		off 0.41817641626213803 neg 0.3999751054931118 __DUMMY__ 0.18184847824475012	false	0.5
unsinnig	neg 1.0		off 0.4163048848497417 neg 0.4019752144314603 __DUMMY__ 0.18171990071879804	false	0.5
penner	off 1.0		off 0.42080952737778543 neg 0.3978134526607795 __DUMMY__ 0.18137701996143496	false	1.0
seicht	neg 1.0		off 0.4192414984137005 neg 0.3990411065283871 __DUMMY__ 0.18171739505791237	false	0.5
dummheit	off 1.0		off 0.4172191990176417 neg 0.4010789996984682 __DUMMY__ 0.18170180128389019	false	1.0
unerfreulich	neg 1.0		off 0.41557328376953145 neg 0.40250416560070157 __DUMMY__ 0.18192255062976703	false	0.5
pikiert	neg 1.0		off 0.4183590278267599 neg 0.3999284334677136 __DUMMY__ 0.18171253870552648	false	0.5
motherfucker	off 1.0		off 0.3988895179711777 __DUMMY__ 0.3307766939223797 neg 0.2703337881064425	false	1.0
wrack	neg 1.0		off 0.4158318704113133 neg 0.4021673259160607 __DUMMY__ 0.18200080367262586	false	0.5
gangster	neg 1.0		off 0.41541434861922105 neg 0.32395305857482115 __DUMMY__ 0.2606325928059577	false	0.5
krank	neg 1.0		off 0.42004549223528864 neg 0.39841554136292123 __DUMMY__ 0.18153896640179004	false	0.5
reich	neg 1.0		off 0.41571241286323823 neg 0.4023006144651165 __DUMMY__ 0.1819869726716453	false	0.5
gnadenlos	neg 1.0		off 0.4176060341245459 neg 0.4005429851242037 __DUMMY__ 0.18185098075125047	false	0.5
niedergeschlagen	neg 1.0		off 0.4167786754738344 neg 0.40136488777365226 __DUMMY__ 0.18185643675251342	false	0.5
terrorisieren	off 1.0	off 1.0	off 0.6959928649806946 neg 0.21717016708606768 __DUMMY__ 0.08683696793323772	false	1.0
sinnlosigkeit	neg 1.0		off 0.416116993037844 neg 0.40208812852579745 __DUMMY__ 0.1817948784363585	false	0.5
behindern	neg 1.0		off 0.41265986221966594 neg 0.4055368803606495 __DUMMY__ 0.1818032574196845	false	0.5
undemokratisch	neg 1.0		off 0.4144395872899664 neg 0.4040865761157235 __DUMMY__ 0.18147383659431016	false	0.5
wirtschaftskrise	neg 1.0		off 0.41112691848011546 neg 0.4067321880731658 __DUMMY__ 0.18214089344671877	false	0.5
neid	neg 1.0		off 0.41847465052100224 neg 0.39960077757138474 __DUMMY__ 0.18192457190761296	false	0.5
rutschen	neg 1.0		off 0.41676017802955756 neg 0.40109768592296585 __DUMMY__ 0.18214213604747656	false	0.5
rezession	neg 1.0		off 0.4093435675032168 neg 0.40847900847418894 __DUMMY__ 0.18217742402259426	false	0.5
fehlgeburt	neg 1.0		off 0.41863731652671954 neg 0.3999828548323891 __DUMMY__ 0.18137982864089122	false	0.5
charakterschwach	off 1.0		off 0.41810999377740105 neg 0.4002008516904023 __DUMMY__ 0.1816891545321966	false	1.0
isolation	neg 1.0		neg 0.4175260380739793 off 0.4033860113015577 __DUMMY__ 0.17908795062446306	false	1.0
ablenkung	neg 1.0		off 0.4176519065376178 neg 0.40060536958296816 __DUMMY__ 0.18174272387941398	false	0.5
pech	neg 1.0		off 0.41951641879700174 neg 0.3987235314586821 __DUMMY__ 0.18176004974431614	false	0.5
dominieren	neg 1.0		off 0.41211764498151454 neg 0.4054658168085755 __DUMMY__ 0.18241653820990994	false	0.5
vermeidung	neg 1.0		neg 0.4106101585929538 off 0.40799059519265823 __DUMMY__ 0.18139924621438797	false	1.0
schwindlig	neg 1.0		off 0.4206975852159209 neg 0.3978861057182736 __DUMMY__ 0.18141630906580555	false	0.5
lutscher	neg 1.0		off 0.42427301321438465 neg 0.394764399973242 __DUMMY__ 0.18096258681237337	false	0.5
pflicht	neg 1.0		off 0.41537098854413795 neg 0.4026591674864588 __DUMMY__ 0.18196984396940333	false	0.5
faschist	off 1.0		off 0.4168128208276013 neg 0.40155418358336564 __DUMMY__ 0.18163299558903304	false	1.0
verschleudern	neg 1.0		off 0.41294987932930777 neg 0.4050741318833067 __DUMMY__ 0.1819759887873855	false	0.5
ehebruch	neg 1.0		off 0.41600499035636246 neg 0.40212230543617794 __DUMMY__ 0.18187270420745968	false	0.5
trostlosigkeit	neg 1.0		off 0.41508014122186637 neg 0.4030196321319955 __DUMMY__ 0.1819002266461382	false	0.5
lutschen	neg 1.0		off 0.4248114801080352 neg 0.3947748764145553 __DUMMY__ 0.1804136434774096	false	0.5
spott	off 1.0		off 0.4153688085138515 neg 0.4027597821163582 __DUMMY__ 0.1818714093697903	false	1.0
undiszipliniert	neg 1.0		off 0.41963440625123805 neg 0.39888031930438766 __DUMMY__ 0.1814852744443743	false	0.5
kopfschmerz	neg 1.0		off 0.4184763497259218 neg 0.4001381855807551 __DUMMY__ 0.181385464693323	false	0.5
unvorhergesehen	neg 1.0		off 0.41729301389422063 neg 0.4007655401156743 __DUMMY__ 0.181941445990105	false	0.5
desinteressiert	neg 1.0		off 0.4194370118942157 neg 0.3989426033753506 __DUMMY__ 0.1816203847304336	false	0.5
armselig	off 1.0		off 0.4181769247291072 neg 0.39998812018583924 __DUMMY__ 0.18183495508505343	false	1.0
tod	neg 1.0		off 0.41519510721240116 neg 0.4028491405356673 __DUMMY__ 0.18195575225193153	false	0.5
desaster	neg 1.0		off 0.4136920422300275 neg 0.4042854250971892 __DUMMY__ 0.18202253267278348	false	0.5
herzlos	neg 1.0		off 0.4194387246202981 neg 0.39892734298299887 __DUMMY__ 0.18163393239670308	false	0.5
unwissenheit	neg 1.0		off 0.41537840043429164 neg 0.40292019060729956 __DUMMY__ 0.18170140895840867	false	0.5
widersinnig	neg 1.0		off 0.4141712223218637 neg 0.4040898611695102 __DUMMY__ 0.18173891650862614	false	0.5
bedenklich	neg 1.0		off 0.41561849377699306 neg 0.40256451227919254 __DUMMY__ 0.18181699394381431	false	0.5
beanstanden	neg 1.0		off 0.4148833171348022 neg 0.4031318009289573 __DUMMY__ 0.18198488193624054	false	0.5
panisch	neg 1.0		off 0.4187407562990635 neg 0.3997050998434527 __DUMMY__ 0.18155414385748375	false	0.5
abstrich	neg 1.0		off 0.41837172522515514 neg 0.40037754256822083 __DUMMY__ 0.181250732206624	false	0.5
debil	off 1.0		off 0.43116708212472293 neg 0.3898325453549122 __DUMMY__ 0.17900037252036483	false	1.0
primitiv	neg 1.0		off 0.4185299647094405 neg 0.3996074343071402 __DUMMY__ 0.18186260098341922	false	0.5
abschaum	off 1.0		off 0.41788403186366313 neg 0.400386210346199 __DUMMY__ 0.18172975779013784	false	1.0
tot	neg 1.0		off 0.41893082042235286 neg 0.39956178829673533 __DUMMY__ 0.18150739128091187	false	0.5
provozieren	neg 1.0		off 0.41715009438684003 neg 0.4010813356646944 __DUMMY__ 0.18176856994846563	false	0.5
instabil	neg 1.0		off 0.4165378692606421 neg 0.4013501934174412 __DUMMY__ 0.18211193732191666	false	0.5
schwuchtel	off 1.0		off 0.42490207120065415 neg 0.3943662545055805 __DUMMY__ 0.18073167429376527	false	1.0
zerren	neg 1.0		off 0.41698013572565584 neg 0.401252817449804 __DUMMY__ 0.18176704682454012	false	0.5
kinderficker	off 1.0		off 0.41841244496956775 neg 0.40014750854757314 __DUMMY__ 0.18144004648285914	false	1.0
gefahr	neg 1.0		off 0.41241408491509346 neg 0.4054260430373898 __DUMMY__ 0.18215987204751674	false	0.5
rabiat	neg 1.0		off 0.41714503631721594 neg 0.4009541787683359 __DUMMY__ 0.18190078491444817	false	0.5
verlangsamung	neg 1.0		off 0.41062909918515494 neg 0.4068608179868014 __DUMMY__ 0.18251008282804362	false	0.5
anklagen	neg 1.0		off 0.4124726088116578 neg 0.4057545321775373 __DUMMY__ 0.1817728590108047	false	0.5
ausgestorben	neg 1.0		off 0.4166535528293086 neg 0.4013170757282856 __DUMMY__ 0.1820293714424058	false	0.5
verminderung	neg 1.0		neg 0.41069546080336666 off 0.4077323427626815 __DUMMY__ 0.1815721964339518	false	1.0
rost	neg 1.0		off 0.41390746399704126 neg 0.40311371967689413 __DUMMY__ 0.18297881632606455	false	0.5
destruktiv	neg 1.0		off 0.4160777183109059 neg 0.40215144153965765 __DUMMY__ 0.1817708401494365	false	0.5
unzumutbarkeit	neg 1.0		off 0.4124223929139939 neg 0.4056361862489596 __DUMMY__ 0.1819414208370465	false	0.5
labil	off 1.0	off 1.0	off 0.7759366593138917 neg 0.15401614861292806 __DUMMY__ 0.07004719207318016	false	1.0
ziemlich	neg 1.0		off 0.4195260738312993 neg 0.39883719526541456 __DUMMY__ 0.18163673090328625	false	0.5
lachnummer	off 1.0		off 0.4161429761583152 neg 0.4019626448334171 __DUMMY__ 0.1818943790082678	false	1.0
ausgrenzung	neg 1.0		off 0.41310193448467103 neg 0.4051542722623573 __DUMMY__ 0.1817437932529716	false	0.5
verfall	neg 1.0		off 0.4136774724310453 neg 0.4043554932010492 __DUMMY__ 0.1819670343679055	false	0.5
unordnung	neg 1.0	neg 1.0	neg 0.6850788107798625 off 0.2272743404329305 __DUMMY__ 0.08764684878720695	false	1.0
fehlverhalten	neg 1.0		off 0.4147410857178279 neg 0.40340052036722607 __DUMMY__ 0.18185839391494613	false	0.5
nille	neg 1.0		off 0.43213339108274507 neg 0.38863835281310677 __DUMMY__ 0.17922825610414808	false	0.5
qual	neg 1.0		off 0.4212192522638104 neg 0.41262285996098197 __DUMMY__ 0.1661578877752077	false	0.5
riesig	neg 1.0		off 0.4231052274446611 neg 0.3952418564223196 __DUMMY__ 0.1816529161330193	false	0.5
verschwenden	neg 1.0		off 0.41625233155210595 neg 0.40194231208691666 __DUMMY__ 0.18180535636097733	false	0.5
verurteilen	neg 1.0		off 0.415359861577352 neg 0.4028968562625649 __DUMMY__ 0.181743282160083	false	0.5
klischee	neg 1.0		off 0.41799165781769976 neg 0.4002003493237679 __DUMMY__ 0.18180799285853236	false	0.5
diktatorisch	neg 1.0		off 0.4148632394452825 neg 0.40361725305401774 __DUMMY__ 0.18151950750069978	false	0.5
vorhersehbar	neg 1.0		off 0.4173865200405003 neg 0.40067779052345653 __DUMMY__ 0.18193568943604316	false	0.5
stornieren	neg 1.0		off 0.4153648662919758 neg 0.4028705852870343 __DUMMY__ 0.18176454842099002	false	0.5
besteuerung	neg 1.0		neg 0.40928888662132773 off 0.40881434079494244 __DUMMY__ 0.18189677258372988	false	1.0
ungeschminkt	neg 1.0		off 0.4230972663710215 neg 0.39603980936084876 __DUMMY__ 0.1808629242681297	false	0.5
kritisch	neg 1.0		off 0.41533354330635364 neg 0.402792066622666 __DUMMY__ 0.18187439007098027	false	0.5
schlamperei	off 1.0		off 0.41274044593523396 neg 0.40533567228880757 __DUMMY__ 0.18192388177595836	false	1.0
sucht	neg 1.0		off 0.4162995355225146 neg 0.4009802334274693 __DUMMY__ 0.1827202310500161	false	0.5
egoistisch	off 1.0		off 0.41968914133757873 neg 0.3988937325425754 __DUMMY__ 0.1814171261198459	false	1.0
ausbeuter	off 1.0		off 0.4148516629673745 neg 0.4032920385083637 __DUMMY__ 0.1818562985242617	false	1.0
arschgeburt			off 0.4259294379870659 neg 0.3935437551955764 __DUMMY__ 0.18052680681735783	false	0.0
schubs	neg 1.0		off 0.41991494391327466 neg 0.39881266086807526 __DUMMY__ 0.18127239521865013	false	0.5
unsolide	neg 1.0		off 0.41460441168153256 neg 0.40381953121031816 __DUMMY__ 0.1815760571081493	false	0.5
beschwerde	neg 1.0		off 0.4128881851654069 neg 0.4053836052734042 __DUMMY__ 0.18172820956118904	false	0.5
stocken	neg 1.0		off 0.4112987850347928 neg 0.4063451650337808 __DUMMY__ 0.18235604993142643	false	0.5
isolieren	neg 1.0		off 0.4120356846394581 neg 0.40591155423765524 __DUMMY__ 0.18205276112288674	false	0.5
unheilbar	neg 1.0		off 0.4168964346263102 neg 0.40132724825478877 __DUMMY__ 0.18177631711890108	false	0.5
pisser	off 1.0		off 0.42587419043831515 neg 0.3934396549098876 __DUMMY__ 0.18068615465179727	false	1.0
löschen	neg 1.0		off 0.4189674630288716 neg 0.40203785144838006 __DUMMY__ 0.1789946855227483	false	0.5
durchfallen	neg 1.0		off 0.4161169273622458 neg 0.40215785979013885 __DUMMY__ 0.18172521284761523	false	0.5
wichser	off 1.0		off 0.42113893216626364 neg 0.39748301047289897 __DUMMY__ 0.18137805736083742	false	1.0
terror	neg 1.0		neg 0.41147812216658486 off 0.4084563236090228 __DUMMY__ 0.18006555422439224	false	1.0
krass	neg 1.0		off 0.4229317046127015 neg 0.39605534644098095 __DUMMY__ 0.18101294894631748	false	0.5
revolte	neg 1.0		off 0.4116575538113202 neg 0.4062696643957806 __DUMMY__ 0.18207278179289907	false	0.5
besorgt	neg 1.0		off 0.41703133385563096 neg 0.4011794726604255 __DUMMY__ 0.18178919348394348	false	0.5
nachlassen	neg 1.0		off 0.4154144274653492 neg 0.402621021504853 __DUMMY__ 0.18196455102979783	false	0.5
alt	neg 1.0		off 0.42065670748864137 neg 0.3974357034451211 __DUMMY__ 0.18190758906623766	false	0.5
hundesohn	off 1.0		off 0.4282102083936707 neg 0.3917186038346941 __DUMMY__ 0.18007118777163522	false	1.0
abschreckung	neg 1.0		off 0.4142250227480653 neg 0.40393893265468206 __DUMMY__ 0.18183604459725278	false	0.5
unqualifiziert	neg 1.0		off 0.41692327362760373 neg 0.4014698500924944 __DUMMY__ 0.18160687627990174	false	0.5
abgewichst	off 1.0		off 0.42993977903343805 neg 0.3904829995401822 __DUMMY__ 0.17957722142637975	false	1.0
kapitulation	neg 1.0		off 0.4130231908237356 neg 0.40501432385428976 __DUMMY__ 0.1819624853219746	false	0.5
schwer	neg 1.0		off 0.4173144282982819 neg 0.4007788240311501 __DUMMY__ 0.18190674767056805	false	0.5
bedeutungslosigkeit	neg 1.0		off 0.41473327130096704 neg 0.40328691442694664 __DUMMY__ 0.1819798142720862	false	0.5
unscharf	neg 1.0		off 0.4209219951274772 neg 0.39784660751896295 __DUMMY__ 0.18123139735355975	false	0.5
schwinden	neg 1.0		off 0.41178099789788436 neg 0.4060097622421958 __DUMMY__ 0.18220923985991974	false	0.5
versklavung	neg 1.0		off 0.4123329080747759 neg 0.40600083428148737 __DUMMY__ 0.18166625764373667	false	0.5
schlecht	neg 1.0		off 0.4189765526558083 neg 0.39933588175600865 __DUMMY__ 0.18168756558818303	false	0.5
verhasst	neg 1.0		off 0.41653166592098667 neg 0.4016309670886399 __DUMMY__ 0.18183736699037353	false	0.5
beschweren	neg 1.0		off 0.4175634571056368 neg 0.4005367746675088 __DUMMY__ 0.18189976822685439	false	0.5
scheiden	neg 1.0		off 0.41758560976052844 neg 0.40049140658403637 __DUMMY__ 0.18192298365543527	false	0.5
frustriert	neg 1.0		off 0.41688515555793243 neg 0.40129809215885603 __DUMMY__ 0.18181675228321145	false	0.5
schimmelig	neg 1.0		off 0.423055688117106 neg 0.3958735668241449 __DUMMY__ 0.18107074505874918	false	0.5
fisch	neg 1.0		off 0.42054627109364867 neg 0.3974766231155124 __DUMMY__ 0.181977105790839	false	0.5
schmuggel	neg 1.0		off 0.4157628675031215 neg 0.4023421639795647 __DUMMY__ 0.18189496851731388	false	0.5
auffallen	neg 1.0		off 0.4175159307835594 neg 0.4006682939861347 __DUMMY__ 0.18181577523030584	false	0.5
konkurrenz	neg 1.0		off 0.4149303635844168 neg 0.40310494005064124 __DUMMY__ 0.181964696364942	false	0.5
teufelskreis	neg 1.0		off 0.4166906474576178 neg 0.4014065393805688 __DUMMY__ 0.1819028131618133	false	0.5
aufschreien	neg 1.0		off 0.41814134213095294 neg 0.40003980485249874 __DUMMY__ 0.1818188530165482	false	0.5
missgeburt	off 1.0		off 0.42590914680460407 neg 0.39335281624833646 __DUMMY__ 0.18073803694705942	false	1.0
schuldner	neg 1.0		off 0.41194469811067963 neg 0.406067399688338 __DUMMY__ 0.1819879022009822	false	0.5
befallen	neg 1.0		off 0.4144528815340362 neg 0.4040176119939648 __DUMMY__ 0.1815295064719991	false	0.5
arbeitslos	neg 1.0		off 0.4161054737567663 neg 0.40203107959039414 __DUMMY__ 0.18186344665283943	false	0.5
miesepetrig	off 1.0		off 0.4190777080637044 neg 0.39933074971683863 __DUMMY__ 0.18159154221945686	false	1.0
alarmieren	neg 1.0		off 0.4108054256852077 neg 0.40710109731934696 __DUMMY__ 0.18209347699544537	false	0.5
ungeduscht	off 1.0		off 0.42160856133859176 neg 0.39734526050796093 __DUMMY__ 0.18104617815344723	false	1.0
knappheit	neg 1.0		off 0.41200268066276013 neg 0.4058789453809879 __DUMMY__ 0.1821183739562519	false	0.5
schlange	neg 1.0		off 0.4180087960082057 neg 0.4001012725396186 __DUMMY__ 0.18188993145217583	false	0.5
harsch	neg 1.0		off 0.4124935040016383 neg 0.4057780531152904 __DUMMY__ 0.1817284428830713	false	0.5
lang	neg 1.0	neg 1.0	neg 0.6460708874276425 off 0.25657610087706073 __DUMMY__ 0.09735301169529686	false	1.0
ziellos	neg 1.0		off 0.41664763023245766 neg 0.4014161184177434 __DUMMY__ 0.1819362513497991	false	0.5
selbstverliebt	neg 1.0		off 0.42211380197057435 neg 0.3966142085975221 __DUMMY__ 0.18127198943190348	false	0.5
beseitigen	neg 1.0		off 0.41231177808560004 neg 0.40551103769521396 __DUMMY__ 0.1821771842191861	false	0.5
dumm	off 1.0		off 0.4205537816911927 neg 0.3980087755166947 __DUMMY__ 0.18143744279211266	false	1.0
arbeitsloser	neg 1.0		off 0.41583130193161727 neg 0.40225949169514386 __DUMMY__ 0.181909206373239	false	0.5
blitzen	neg 1.0		off 0.41707987329929075 neg 0.39965802286628377 __DUMMY__ 0.18326210383442554	false	0.5
hilflos	neg 1.0		off 0.41696358199801 neg 0.40135292295148534 __DUMMY__ 0.18168349505050474	false	0.5
eklig	off 1.0		off 0.4222541605324346 neg 0.3966169066623428 __DUMMY__ 0.1811289328052226	false	1.0
hungersnot	neg 1.0		off 0.412730594497927 neg 0.4051143665685984 __DUMMY__ 0.18215503893347457	false	0.5
ungesetzlich	neg 1.0		off 0.414135882321794 neg 0.4041484521739239 __DUMMY__ 0.18171566550428206	false	0.5
verschwendung	neg 1.0		off 0.415789836864593 neg 0.40237384624028427 __DUMMY__ 0.18183631689512278	false	0.5
schmerzvoll	neg 1.0		off 0.41813822144348484 neg 0.40015287498684265 __DUMMY__ 0.18170890356967256	false	0.5
vorzeitig	neg 1.0		off 0.41078013865147067 neg 0.4071869009003195 __DUMMY__ 0.18203296044820974	false	0.5
unvollkommenheit	neg 1.0		off 0.41657118735238385 neg 0.4016173888452023 __DUMMY__ 0.18181142380241366	false	0.5
intervenieren	neg 1.0		off 0.4142599583370498 neg 0.4039695103512462 __DUMMY__ 0.18177053131170398	false	0.5
banause	off 1.0		off 0.42099386662619664 neg 0.3977230021666921 __DUMMY__ 0.18128313120711131	false	1.0
rebell	neg 1.0		off 0.42574947590061984 neg 0.39429503093143126 __DUMMY__ 0.17995549316794884	false	0.5
unlogisch	neg 1.0		off 0.41933627183265015 neg 0.3991452739100281 __DUMMY__ 0.18151845425732174	false	0.5
abschaffung	neg 1.0		off 0.41122760873299263 neg 0.40709760553893937 __DUMMY__ 0.18167478572806792	false	0.5
leiden	neg 1.0		off 0.4176560350133513 neg 0.4004424857551073 __DUMMY__ 0.1819014792315413	false	0.5
sturz	neg 1.0		off 0.4123735903082202 neg 0.4054887956929571 __DUMMY__ 0.1821376139988228	false	0.5
verkleinerung	neg 1.0		off 0.41027879902574704 neg 0.4078039112866223 __DUMMY__ 0.18191728968763063	false	0.5
schmarotzer	off 1.0		off 0.4162432782814413 neg 0.40201105552192407 __DUMMY__ 0.18174566619663454	false	1.0
bestrafung	neg 1.0		off 0.4177262710806065 neg 0.40049475138594554 __DUMMY__ 0.18177897753344813	false	0.5
achtlos	neg 1.0		off 0.4169621765167728 neg 0.4013235285279667 __DUMMY__ 0.1817142949552606	false	0.5
ungeheuer	neg 1.0		off 0.41881149337647383 neg 0.399238538127528 __DUMMY__ 0.1819499684959981	false	0.5
unaufrichtig	neg 1.0		off 0.4172597440273708 neg 0.40137702869765374 __DUMMY__ 0.1813632272749755	false	0.5
groggy	neg 1.0		off 0.4228663324583703 neg 0.3958026493052196 __DUMMY__ 0.18133101823641	false	0.5
verletzlich	neg 1.0		off 0.4192682911907274 neg 0.39912581701240984 __DUMMY__ 0.1816058917968626	false	0.5
ablehnen	neg 1.0		off 0.4152201824582486 neg 0.4030430986795481 __DUMMY__ 0.1817367188622034	false	0.5
kollaps	neg 1.0		off 0.41038616635421704 neg 0.4075827037571868 __DUMMY__ 0.182031129888596	false	0.5
beschnitten	neg 1.0		off 0.4175484949266351 neg 0.4006692041483287 __DUMMY__ 0.18178230092503617	false	0.5
defekt	neg 1.0		off 0.41147898955876255 neg 0.40680904886383107 __DUMMY__ 0.18171196157740627	false	0.5
dreckskerl	off 1.0		off 0.4194062621470355 neg 0.39917304882485705 __DUMMY__ 0.1814206890281075	false	1.0
deine	neg 1.0		off 0.4208507761533547 neg 0.39782232936153106 __DUMMY__ 0.18132689448511422	false	0.5
aufgeben	neg 1.0		off 0.41777803809118247 neg 0.4002167480086811 __DUMMY__ 0.18200521390013655	false	0.5
durcheinander	neg 1.0		off 0.4184007718140226 neg 0.3997785733169153 __DUMMY__ 0.1818206548690621	false	0.5
unterbrechen	neg 1.0		off 0.4165306305658752 neg 0.40157520999417406 __DUMMY__ 0.18189415943995071	false	0.5
vergammeln	neg 1.0		off 0.4180997505066789 neg 0.40009353984695384 __DUMMY__ 0.18180670964636717	false	0.5
grotesk	neg 1.0		off 0.4161371390060215 neg 0.40193419613651793 __DUMMY__ 0.18192866485746048	false	0.5
elendig	neg 1.0		off 0.4182006019642282 neg 0.40015449088427807 __DUMMY__ 0.18164490715149384	false	0.5
naiv	off 1.0		off 0.41780781025209496 neg 0.4002943814345454 __DUMMY__ 0.18189780831335983	false	1.0
uneinigkeit	neg 1.0		off 0.4117870678995488 neg 0.40629259300200726 __DUMMY__ 0.18192033909844404	false	0.5
fragil	neg 1.0		neg 0.41281796724483827 off 0.4086410835788328 __DUMMY__ 0.17854094917632898	false	1.0
provisorisch	neg 1.0		off 0.4162063472158631 neg 0.40166285134209434 __DUMMY__ 0.18213080144204255	false	0.5
landei	off 1.0		off 0.42104228030909213 neg 0.39733456722290317 __DUMMY__ 0.1816231524680047	false	1.0
bedauerlich	neg 1.0		off 0.41579526377296794 neg 0.40233806724079835 __DUMMY__ 0.1818666689862336	false	0.5
krieg	neg 1.0		off 0.4168088118573118 neg 0.4013877949092339 __DUMMY__ 0.18180339323345435	false	0.5
traurigkeit	neg 1.0		off 0.41746279753649945 neg 0.4007041091683777 __DUMMY__ 0.18183309329512273	false	0.5
monotonie	neg 1.0		off 0.41625168677428426 neg 0.40176162150933015 __DUMMY__ 0.18198669171638565	false	0.5
unliebsam	neg 1.0		off 0.4167159078868143 neg 0.40145541085829506 __DUMMY__ 0.1818286812548908	false	0.5
drift	neg 1.0		neg 0.4367168536891016 off 0.402075063612159 __DUMMY__ 0.16120808269873943	false	1.0
chaos	neg 1.0		off 0.41377494905133166 neg 0.4043477523882247 __DUMMY__ 0.18187729856044374	false	0.5
blutig	neg 1.0		off 0.4181602616031393 neg 0.3999822898344625 __DUMMY__ 0.1818574485623983	false	0.5
