unsolidarisch	neg 1.0		__DUMMY__ 0.36737550347702014 off 0.3209814145939261 neg 0.31164308192905377	false	0.5
nachteilig	neg 1.0		__DUMMY__ 0.3681326672935602 off 0.31990322491842565 neg 0.31196410778801426	false	0.5
skeptisch	neg 1.0		__DUMMY__ 0.36816072844708636 off 0.32071900037148793 neg 0.3111202711814256	false	0.5
schrecklich	neg 1.0		__DUMMY__ 0.3671916631173245 off 0.3254979459072061 neg 0.3073103909754694	false	0.5
schlapp	neg 1.0		__DUMMY__ 0.36739848868497743 off 0.3256579081977269 neg 0.3069436031172958	false	0.5
abfall	neg 1.0		__DUMMY__ 0.3685312474299797 off 0.31987830933404215 neg 0.3115904432359783	false	0.5
widerspenstig	neg 1.0		__DUMMY__ 0.3675999111730793 off 0.32300469517922414 neg 0.3093953936476964	false	0.5
abrupt	neg 1.0		__DUMMY__ 0.36840391091093655 off 0.32157345517726155 neg 0.31002263391180196	false	0.5
unwirksam	neg 1.0		__DUMMY__ 0.3681677998403356 neg 0.31655746342754393 off 0.31527473673212053	false	1.0
angreifen	neg 1.0		__DUMMY__ 0.36805195930663526 off 0.32073215592341087 neg 0.3112158847699539	false	0.5
inkonsistent	neg 1.0		__DUMMY__ 0.36824410297245846 off 0.3227176070217112 neg 0.30903829000583033	false	0.5
abrutschen	neg 1.0		__DUMMY__ 0.368100096408188 off 0.32071973290373496 neg 0.311180170688077	false	0.5
unsicher	neg 1.0		__DUMMY__ 0.36794062184931847 off 0.3227410044004206 neg 0.30931837375026106	false	0.5
bauernkind	off 1.0		__DUMMY__ 0.3661624035737211 off 0.3295939704322474 neg 0.30424362599403154	false	1.0
angreifer	neg 1.0		__DUMMY__ 0.36789200485823154 off 0.3181034201642376 neg 0.31400457497753087	false	0.5
trennen	neg 1.0		__DUMMY__ 0.3686345433595856 off 0.3216039603997481 neg 0.3097614962406661	false	0.5
schmutz	neg 1.0		__DUMMY__ 0.36835738100025966 off 0.31816965432740635 neg 0.31347296467233404	false	0.5
inkonsistenz	neg 1.0		__DUMMY__ 0.3676490733250191 off 0.3235210788257665 neg 0.3088298478492146	false	0.5
erschreckend	neg 1.0		__DUMMY__ 0.3679810920943121 off 0.32152250791339243 neg 0.31049639999229556	false	0.5
ertrinken	neg 1.0		__DUMMY__ 0.36757260201989383 off 0.3220603482296239 neg 0.31036704975048235	false	0.5
pickelface	off 1.0		__DUMMY__ 0.36512203486959544 off 0.3340158425993848 neg 0.3008621225310197	false	1.0
lauch	neg 1.0		__DUMMY__ 0.36574773788655224 off 0.33108217850190297 neg 0.30317008361154474	false	0.5
steuerhinterziehung	neg 1.0		__DUMMY__ 0.3678120801442417 off 0.3179094875782288 neg 0.31427843227752955	false	0.5
unwichtig	neg 1.0		__DUMMY__ 0.3677265682845803 off 0.3235787223943875 neg 0.3086947093210323	false	0.5
schock	neg 1.0		__DUMMY__ 0.36829565275982046 off 0.32272071546166664 neg 0.3089836317785129	false	0.5
vergelten	neg 1.0		__DUMMY__ 0.3668582814309326 off 0.320401869235274 neg 0.3127398493337935	false	0.5
beule	neg 1.0		__DUMMY__ 0.3671648437237234 off 0.32637257052293606 neg 0.30646258575334057	false	0.5
verdorbenheit	neg 1.0		__DUMMY__ 0.3701247283059693 off 0.3202839620121006 neg 0.30959130968193027	false	0.5
trauma			off 0.35127915176081415 __DUMMY__ 0.33515129147588124 neg 0.31356955676330467	false	0.0
sinnlos	neg 1.0		__DUMMY__ 0.3676629868354143 off 0.32352008167017565 neg 0.30881693149441003	false	0.5
fettsack	off 1.0		__DUMMY__ 0.36660910968703275 off 0.32910884955056374 neg 0.30428204076240356	false	1.0
feige	off 1.0		__DUMMY__ 0.3678344635887624 off 0.32352136791933755 neg 0.30864416849189996	false	1.0
abdanken	neg 1.0		__DUMMY__ 0.36771751183897367 off 0.32103175600418127 neg 0.3112507321568451	false	0.5
wichtigtuer	off 1.0	off 1.0	off 0.6507280165528908 __DUMMY__ 0.17740496919630513 neg 0.17186701425080403	false	1.0
misslingen	neg 1.0		__DUMMY__ 0.36749681588083954 off 0.32292858697689736 neg 0.309574597142263	false	0.5
untreu	off 1.0		__DUMMY__ 0.36781751165281384 off 0.32359614928020475 neg 0.30858633906698124	false	1.0
missmutig	neg 1.0		__DUMMY__ 0.3680482222352719 off 0.32280572281268927 neg 0.3091460549520388	false	0.5
hurenbock	off 1.0		__DUMMY__ 0.36573865245562476 off 0.3294176131941894 neg 0.3048437343501858	false	1.0
betrunken	neg 1.0		__DUMMY__ 0.36711166550087565 off 0.3255662166818963 neg 0.30732211781722807	false	0.5
korrupt	off 1.0		__DUMMY__ 0.36761817213128517 off 0.3208672595342034 neg 0.3115145683345114	false	1.0
unmut	neg 1.0		__DUMMY__ 0.3681899948360962 off 0.319415299791914 neg 0.3123947053719897	false	0.5
hackfresse	off 1.0		__DUMMY__ 0.3668528962305618 off 0.32646185692622975 neg 0.30668524684320864	false	1.0
aufblasen	neg 1.0		__DUMMY__ 0.3677463988562916 off 0.32350104661746476 neg 0.30875255452624384	false	0.5
gewaltsam	neg 1.0		__DUMMY__ 0.3680350441228119 off 0.31874519819532177 neg 0.3132197576818663	false	0.5
unbeliebtheit	neg 1.0		__DUMMY__ 0.36810011058334835 off 0.31783329557238826 neg 0.3140665938442632	false	0.5
sturheit	neg 1.0		__DUMMY__ 0.3679141929238849 off 0.3208320633718239 neg 0.3112537437042912	false	0.5
kuh	neg 1.0		__DUMMY__ 0.3663188188488533 off 0.3298148252734998 neg 0.3038663558776469	false	0.5
erschrecken	neg 1.0		__DUMMY__ 0.3675939415166583 off 0.32402697156311766 neg 0.308379086920224	false	0.5
opfer	neg 1.0		__DUMMY__ 0.3680891262605064 off 0.32127047667287145 neg 0.31064039706662216	false	0.5
stinktier	neg 1.0		__DUMMY__ 0.36625858048717874 off 0.32950328814763274 neg 0.30423813136518835	false	0.5
sinken	neg 1.0		__DUMMY__ 0.36908155366635653 off 0.31753764450408545 neg 0.313380801829558	false	0.5
tucke	off 1.0		__DUMMY__ 0.3659138290120659 off 0.32869867081562537 neg 0.3053875001723087	false	1.0
abstieg	neg 1.0		__DUMMY__ 0.3684316989951862 off 0.319209951385253 neg 0.3123583496195607	false	0.5
missverstehen	neg 1.0		__DUMMY__ 0.36790302334775205 off 0.32284620844902573 neg 0.30925076820322234	false	0.5
ergebnislos	neg 1.0		__DUMMY__ 0.36855645279895916 off 0.31730546778111135 neg 0.31413807941992944	false	0.5
manipulieren	neg 1.0		__DUMMY__ 0.36761890142989373 off 0.32107589424593413 neg 0.3113052043241722	false	0.5
verschleppen	neg 1.0		__DUMMY__ 0.36816277154012567 off 0.3179419660405243 neg 0.31389526241934995	false	0.5
unbewiesen	neg 1.0		__DUMMY__ 0.3680742013426982 off 0.31939932279709415 neg 0.31252647586020765	false	0.5
weib	off 1.0		__DUMMY__ 0.3663632213887618 off 0.32846841129539406 neg 0.3051683673158441	false	1.0
opposition	neg 1.0		__DUMMY__ 0.36717884454730226 off 0.31648192135297426 neg 0.3163392340997233	false	0.5
verkehrswidrig	neg 1.0		__DUMMY__ 0.36704429110444486 off 0.3183977992433819 neg 0.3145579096521731	false	0.5
inkorrekt	neg 1.0		__DUMMY__ 0.3677108407283995 off 0.32339082248624085 neg 0.3088983367853597	false	0.5
vermeiden	neg 1.0		__DUMMY__ 0.3685135005192997 off 0.3190965511261532 neg 0.31238994835454714	false	0.5
abweichung	neg 1.0		__DUMMY__ 0.36845131617994537 off 0.3188118301093753 neg 0.31273685371067916	false	0.5
alkoholisiert	neg 1.0		__DUMMY__ 0.3679817948009575 off 0.32144891986253044 neg 0.3105692853365122	false	0.5
scheiss	off 1.0	off 1.0	off 0.652278399133534 __DUMMY__ 0.1774498452768577 neg 0.17027175558960828	false	1.0
herausforderung	neg 1.0		__DUMMY__ 0.3687075327969821 off 0.319764554080198 neg 0.3115279131228198	false	0.5
pervers	off 1.0		__DUMMY__ 0.36618432411076884 off 0.3283473382184756 neg 0.30546833767075565	false	1.0
wackelig	neg 1.0		__DUMMY__ 0.36785571823829366 off 0.32311384240197316 neg 0.30903043935973323	false	0.5
verwickeln	neg 1.0		__DUMMY__ 0.36804217226784375 off 0.32256239618353505 neg 0.3093954315486211	false	0.5
vorwand	neg 1.0		__DUMMY__ 0.3677649047178971 off 0.32092109334128194 neg 0.3113140019408211	false	0.5
muschi	off 1.0		__DUMMY__ 0.3651965476077396 off 0.33343683243861194 neg 0.3013666199536485	false	1.0
entmutigung	neg 1.0		__DUMMY__ 0.3678048863323658 off 0.3184167329494092 neg 0.31377838071822495	false	0.5
unstetig	neg 1.0		__DUMMY__ 0.36787507663202257 off 0.3213003561538974 neg 0.31082456721408	false	0.5
unangemessen	neg 1.0		__DUMMY__ 0.36793153575483134 off 0.3211462683097327 neg 0.310922195935436	false	0.5
entmutigen	neg 1.0		__DUMMY__ 0.3679535313520866 off 0.3229125876703202 neg 0.30913388097759315	false	0.5
schwanz	neg 1.0		__DUMMY__ 0.36472493364337705 off 0.3314684353567931 neg 0.30380663099982974	false	0.5
verbot	neg 1.0		__DUMMY__ 0.36785099453009484 off 0.3185373013010382 neg 0.313611704168867	false	0.5
leid	neg 1.0		__DUMMY__ 0.3672024524622628 off 0.3259477251287818 neg 0.30684982240895553	false	0.5
archaisch	neg 1.0		__DUMMY__ 0.36780911372319863 off 0.32130779606986504 neg 0.3108830902069363	false	0.5
scheidung	neg 1.0		__DUMMY__ 0.3684975524637669 off 0.31613660111894654 neg 0.3153658464172865	false	0.5
abgestanden	neg 1.0		__DUMMY__ 0.3680688517109849 off 0.32458989763290175 neg 0.30734125065611334	false	0.5
einschlag	neg 1.0		__DUMMY__ 0.3683828965905173 off 0.31866563407051646 neg 0.31295146933896617	false	0.5
schmierig	off 1.0		__DUMMY__ 0.3673511246554894 off 0.32550679428497353 neg 0.307142081059537	false	1.0
unpraktisch	neg 1.0		__DUMMY__ 0.36754861610288425 off 0.32453018870909495 neg 0.3079211951880207	false	0.5
wixxer	off 1.0		__DUMMY__ 0.3664522289286272 off 0.32943549101331515 neg 0.30411228005805757	false	1.0
jammerlappen	off 1.0		__DUMMY__ 0.36766967600789446 off 0.32361175626314215 neg 0.30871856772896344	false	1.0
farce	neg 1.0		__DUMMY__ 0.36797501529490045 off 0.31856688854895077 neg 0.3134580961561487	false	0.5
zwecklos	neg 1.0		__DUMMY__ 0.36807810233007954 off 0.3212607998654959 neg 0.3106610978044246	false	0.5
turbulent	neg 1.0		__DUMMY__ 0.36735468807528804 off 0.32076472504197145 neg 0.31188058688274045	false	0.5
schuld	neg 1.0		__DUMMY__ 0.36760955104646637 off 0.3228093813832971 neg 0.30958106757023646	false	0.5
risiko	neg 1.0		__DUMMY__ 0.3692261166483601 off 0.3166859432274131 neg 0.3140879401242268	false	0.5
invasion	neg 1.0		__DUMMY__ 0.3597518927267887 neg 0.33084386132833055 off 0.3094042459448806	false	1.0
finster	neg 1.0		__DUMMY__ 0.3678626665076094 off 0.32489499333644556 neg 0.30724234015594504	false	0.5
geisteskrank	off 1.0		__DUMMY__ 0.3678324782108997 off 0.32352908383349877 neg 0.3086384379556015	false	1.0
ausbeute	neg 1.0		__DUMMY__ 0.3695861854347444 off 0.32132975633789607 neg 0.3090840582273597	false	0.5
zusammenbrechen	neg 1.0		__DUMMY__ 0.36769031634709776 off 0.3221173006051327 neg 0.31019238304776947	false	0.5
hinterhalt	neg 1.0		__DUMMY__ 0.3680611596516745 off 0.3211796773208255 neg 0.31075916302749995	false	0.5
kritik	neg 1.0		__DUMMY__ 0.3678825308359637 off 0.3188580760820091 neg 0.31325939308202716	false	0.5
einschrumpfen	neg 1.0		__DUMMY__ 0.36557592376529674 off 0.31865184213550046 neg 0.31577223409920285	false	0.5
riskant	neg 1.0		__DUMMY__ 0.36801554283581833 off 0.32130046341321755 neg 0.3106839937509641	false	0.5
frustrieren	neg 1.0		__DUMMY__ 0.36809536045759456 off 0.32170761930844777 neg 0.3101970202339575	false	0.5
groll	neg 1.0		__DUMMY__ 0.36812450879818664 off 0.3210275306944444 neg 0.31084796050736896	false	0.5
qualvoll	neg 1.0		__DUMMY__ 0.3673491429196963 off 0.32362724294962847 neg 0.30902361413067514	false	0.5
wackeln	neg 1.0		__DUMMY__ 0.3680930741689031 off 0.32303107781411156 neg 0.30887584801698525	false	0.5
klagen	neg 1.0		__DUMMY__ 0.3679635941251164 off 0.3191654064056694 neg 0.3128709994692142	false	0.5
trauern	neg 1.0		__DUMMY__ 0.36793826708787547 off 0.3215424912134278 neg 0.31051924169869677	false	0.5
ablehnung	neg 1.0		__DUMMY__ 0.36807729634116704 off 0.3183478381891594 neg 0.31357486546967356	false	0.5
bankrott	neg 1.0		__DUMMY__ 0.3668935768692444 neg 0.3189478440644352 off 0.3141585790663204	false	1.0
stur	neg 1.0		__DUMMY__ 0.3676077734153287 off 0.3224153959303192 neg 0.30997683065435205	false	0.5
aufruhr	neg 1.0		__DUMMY__ 0.36874273698977 off 0.31712567861155594 neg 0.31413158439867417	false	0.5
melancholie	neg 1.0		__DUMMY__ 0.3677944601964425 off 0.324146834253137 neg 0.3080587055504204	false	0.5
torheit	neg 1.0		__DUMMY__ 0.3679432888638384 off 0.32056272863778756 neg 0.311493982498374	false	0.5
dreckskind	off 1.0		__DUMMY__ 0.3656610037623853 off 0.3320618725905826 neg 0.30227712364703196	false	1.0
umtauschen	neg 1.0		__DUMMY__ 0.36737758279523913 off 0.3244747680057507 neg 0.3081476491990102	false	0.5
zersetzen	neg 1.0		__DUMMY__ 0.3680216337856005 off 0.3201705221316328 neg 0.3118078440827667	false	0.5
frust	neg 1.0		__DUMMY__ 0.367758179835456 off 0.3219981544774234 neg 0.3102436656871207	false	0.5
unerbittlichkeit	neg 1.0		__DUMMY__ 0.3680490863736681 off 0.32022030649554556 neg 0.3117306071307863	false	0.5
unkorrekt	neg 1.0		__DUMMY__ 0.3672668864641989 off 0.3238781122818605 neg 0.3088550012539406	false	0.5
hexe	off 1.0		__DUMMY__ 0.3679174747095307 off 0.32641712621937585 neg 0.3056653990710935	false	1.0
lasch	neg 1.0		__DUMMY__ 0.3678130037410102 off 0.3225353603023417 neg 0.3096516359566481	false	0.5
rivale	neg 1.0		__DUMMY__ 0.367495959628708 off 0.3171746863780454 neg 0.3153293539932466	false	0.5
mutlos	off 1.0		__DUMMY__ 0.36804728713713025 off 0.3206703207015566 neg 0.31128239216131304	false	1.0
wirr	off 1.0		__DUMMY__ 0.3666127981915059 off 0.3257573093277369 neg 0.30762989248075717	false	1.0
strafbar	neg 1.0		__DUMMY__ 0.36807127641551335 off 0.3210062176585757 neg 0.310922505925911	false	0.5
erosion	neg 1.0	neg 1.0	neg 0.6405658830529967 __DUMMY__ 0.18176522838199888 off 0.1776688885650045	false	1.0
eingehen	neg 1.0		__DUMMY__ 0.36799726642890657 off 0.32134102964787176 neg 0.3106617039232216	false	0.5
faul	off 1.0		__DUMMY__ 0.36702669206550187 off 0.32581047016300596 neg 0.30716283777149206	false	1.0
provisorium	neg 1.0		__DUMMY__ 0.3684696315832765 off 0.3201680107379304 neg 0.311362357678793	false	0.5
schmerzen	neg 1.0		__DUMMY__ 0.36710457944260966 off 0.3243729015170293 neg 0.30852251904036104	false	0.5
schrumpfen	neg 1.0		__DUMMY__ 0.3685118677500174 off 0.31892470074322365 neg 0.312563431506759	false	0.5
geistlos	off 1.0		__DUMMY__ 0.3677929109729991 off 0.3222511498433612 neg 0.30995593918363973	false	1.0
frustrierend	neg 1.0		__DUMMY__ 0.3679104205905457 off 0.3238129039956874 neg 0.3082766754137669	false	0.5
fehlkauf	neg 1.0		__DUMMY__ 0.36941889003569794 off 0.3212201054544578 neg 0.3093610045098443	false	0.5
unzufrieden	neg 1.0		__DUMMY__ 0.3681181801067121 off 0.3212490720249757 neg 0.3106327478683121	false	0.5
verzweifeln	neg 1.0		__DUMMY__ 0.36785455732852984 off 0.32236780758221417 neg 0.30977763508925604	false	0.5
verzweifelt	neg 1.0		__DUMMY__ 0.3679457570284713 off 0.32300024706678915 neg 0.30905399590473964	false	0.5
misstrauensantrag	neg 1.0		__DUMMY__ 0.36700647543404136 off 0.31695178465793405 neg 0.3160417399080246	false	0.5
abfallen	neg 1.0		__DUMMY__ 0.36735687782498644 off 0.3245551941588185 neg 0.3080879280161951	false	0.5
fucker	off 1.0		__DUMMY__ 0.48125419282853366 off 0.31913214062753126 neg 0.199613666543935	false	1.0
ungezogen	neg 1.0		__DUMMY__ 0.36684119548931604 off 0.32662283505706846 neg 0.3065359694536156	false	0.5
irrsinnig	neg 1.0		__DUMMY__ 0.36774864406701496 off 0.3230733935093413 neg 0.30917796242364365	false	0.5
hart	neg 1.0		__DUMMY__ 0.3654254305304468 off 0.3305135753499527 neg 0.30406099411960036	false	0.5
unfassbar	neg 1.0		__DUMMY__ 0.36810564056943984 off 0.3235798684992751 neg 0.30831449093128505	false	0.5
widerlich	off 1.0		__DUMMY__ 0.36749184734300805 off 0.32400394778841063 neg 0.3085042048685815	false	1.0
fatal			__DUMMY__ 0.3583383659255654 off 0.3248450972448269 neg 0.3168165368296078	false	0.0
bruch	neg 1.0		__DUMMY__ 0.36839945350501274 off 0.3198929373256798 neg 0.31170760916930756	false	0.5
aushungern	neg 1.0		__DUMMY__ 0.36758910045199694 off 0.3191784363809827 neg 0.3132324631670204	false	0.5
anspannung	neg 1.0		__DUMMY__ 0.36831765771351066 off 0.32093107740767585 neg 0.31075126487881344	false	0.5
kraftlos	neg 1.0		__DUMMY__ 0.36801623070355066 off 0.3221734414521807 neg 0.3098103278442687	false	0.5
grenzdebil	off 1.0		__DUMMY__ 0.36734708765695356 off 0.3245736382099062 neg 0.3080792741331403	false	1.0
unterwerfen	neg 1.0		__DUMMY__ 0.3679639470783262 off 0.3211003211090049 neg 0.3109357318126689	false	0.5
versenkung	neg 1.0		__DUMMY__ 0.36817768106233745 off 0.3211944238340498 neg 0.31062789510361266	false	0.5
entziehen	neg 1.0		__DUMMY__ 0.36820813665214586 off 0.32038840068397945 neg 0.31140346266387464	false	0.5
finanzkrise	neg 1.0		__DUMMY__ 0.36828873277905033 neg 0.31591134370682705 off 0.3157999235141226	false	1.0
schimpfend	neg 1.0		__DUMMY__ 0.36731825366461945 off 0.3240421444750237 neg 0.3086396018603568	false	0.5
profan	neg 1.0		__DUMMY__ 0.36786088811480644 off 0.3233556276547928 neg 0.30878348423040064	false	0.5
korruption	neg 1.0		__DUMMY__ 0.36791869947335376 off 0.31806406912726004 neg 0.31401723139938614	false	0.5
schmutzig	neg 1.0		__DUMMY__ 0.36738165322046945 off 0.3247700153838655 neg 0.307848331395665	false	0.5
abraten	neg 1.0		__DUMMY__ 0.36776743139435586 off 0.32388645031563024 neg 0.3083461182900138	false	0.5
sexy	neg 1.0		off 0.343341349327314 __DUMMY__ 0.33872135275663473 neg 0.31793729791605135	false	0.5
fotze	off 1.0		__DUMMY__ 0.3642335800082297 off 0.33543595060138537 neg 0.3003304693903848	false	1.0
schwarz	neg 1.0		__DUMMY__ 0.3681545383183944 off 0.32187437302723654 neg 0.3099710886543692	false	0.5
verwirren	neg 1.0		__DUMMY__ 0.3676359449182119 off 0.3238532703695587 neg 0.3085107847122294	false	0.5
zahnlos	off 1.0		__DUMMY__ 0.3682855902280421 off 0.32128530197182076 neg 0.31042910780013716	false	1.0
verheeren	neg 1.0		__DUMMY__ 0.3678141331629003 neg 0.3166501292028682 off 0.3155357376342314	false	1.0
rammen	neg 1.0		__DUMMY__ 0.367504670623881 off 0.3248678639108257 neg 0.3076274654652934	false	0.5
unlauter	neg 1.0		__DUMMY__ 0.3675596800372497 off 0.31794821829107184 neg 0.3144921016716784	false	0.5
unheilvoll	neg 1.0		__DUMMY__ 0.36728857744999355 off 0.32330620451032566 neg 0.3094052180396808	false	0.5
niedrig	neg 1.0		__DUMMY__ 0.3694752188616539 off 0.31791267523107847 neg 0.3126121059072675	false	0.5
weichei	off 1.0		__DUMMY__ 0.3670664978714759 off 0.3265075148091135 neg 0.3064259873194105	false	1.0
explosion	neg 1.0		__DUMMY__ 0.36478861280774283 neg 0.32272525079312375 off 0.31248613639913336	false	1.0
minusmensch	off 1.0		__DUMMY__ 0.36637416064673056 off 0.3313057027764608 neg 0.30232013657680856	false	1.0
farblos	neg 1.0		__DUMMY__ 0.36917222276382666 off 0.32214915961004725 neg 0.30867861762612625	false	0.5
unwissend	neg 1.0		__DUMMY__ 0.36758764642958963 off 0.32395044554850566 neg 0.30846190802190465	false	0.5
traurig	neg 1.0		__DUMMY__ 0.36740292058499957 off 0.3250414363555156 neg 0.30755564305948485	false	0.5
senkung	neg 1.0		__DUMMY__ 0.36745982587854037 neg 0.3187167967523827 off 0.313823377369077	false	1.0
ungleich	neg 1.0		__DUMMY__ 0.3679726232047639 off 0.3208598169349846 neg 0.31116755986025146	false	0.5
heikel	neg 1.0		__DUMMY__ 0.36786606446643527 off 0.3210857694003692 neg 0.31104816613319564	false	0.5
drosselung	neg 1.0		__DUMMY__ 0.36791356361788435 neg 0.3174104371264743 off 0.3146759992556413	false	1.0
falsch	neg 1.0		__DUMMY__ 0.36761855491043394 off 0.32386812113990704 neg 0.3085133239496589	false	0.5
unzufriedenheit	neg 1.0		__DUMMY__ 0.36803783082572283 off 0.32019906746578125 neg 0.3117631017084959	false	0.5
kurz	neg 1.0		__DUMMY__ 0.3679572009260138 off 0.3234702792141703 neg 0.3085725198598158	false	0.5
unsinnig	neg 1.0		__DUMMY__ 0.3676991048895631 off 0.3217542962274636 neg 0.3105465988829733	false	0.5
penner	off 1.0		__DUMMY__ 0.36702846103359593 off 0.32621970207648193 neg 0.30675183688992214	false	1.0
seicht	neg 1.0		__DUMMY__ 0.3676894024006912 off 0.3245574054232001 neg 0.3077531921761086	false	0.5
dummheit	off 1.0		__DUMMY__ 0.36766111240203014 off 0.322630732243867 neg 0.3097081553541028	false	1.0
unerfreulich	neg 1.0		__DUMMY__ 0.36810067320881334 off 0.3209374968470556 neg 0.3109618299441311	false	0.5
pikiert	neg 1.0		__DUMMY__ 0.3676883238578952 off 0.32371818547192405 neg 0.3085934906701807	false	0.5
motherfucker	off 1.0		__DUMMY__ 0.46853140119905134 off 0.3183451598599928 neg 0.21312343894095595	false	1.0
wrack	neg 1.0		__DUMMY__ 0.3683083843414705 off 0.32110811739967937 neg 0.3105834982588502	false	0.5
gangster	neg 1.0		__DUMMY__ 0.41118828817200515 off 0.33233596856335185 neg 0.256475743264643	false	0.5
krank	neg 1.0		__DUMMY__ 0.36734212725438253 off 0.3254116544291272 neg 0.30724621831649024	false	0.5
reich	neg 1.0		__DUMMY__ 0.36820708405777747 off 0.3210474082455048 neg 0.3107455076967177	false	0.5
gnadenlos	neg 1.0		__DUMMY__ 0.3679567296639626 off 0.32292539084749494 neg 0.3091178794885425	false	0.5
niedergeschlagen	neg 1.0		__DUMMY__ 0.3679758204367072 off 0.32212146862725743 neg 0.30990271093603533	false	0.5
terrorisieren	off 1.0	off 1.0	off 0.6497677850985785 __DUMMY__ 0.17777658962359263 neg 0.17245562527782884	false	1.0
sinnlosigkeit	neg 1.0		__DUMMY__ 0.3678349755071983 off 0.32153701105506516 neg 0.31062801343773633	false	0.5
behindern	neg 1.0		__DUMMY__ 0.3684094174880849 off 0.31803919519230645 neg 0.31355138731960874	false	0.5
undemokratisch	neg 1.0		__DUMMY__ 0.36723696094974845 off 0.3200978667783867 neg 0.31266517227186486	false	0.5
wirtschaftskrise	neg 1.0		__DUMMY__ 0.3685533880924833 off 0.3165692534673628 neg 0.31487735844015385	false	0.5
neid	neg 1.0		__DUMMY__ 0.3681144334546242 off 0.32370099505622435 neg 0.3081845714891515	false	0.5
rutschen	neg 1.0		__DUMMY__ 0.3685424422365057 off 0.32195830065458053 neg 0.30949925710891374	false	0.5
rezession	neg 1.0		__DUMMY__ 0.3686660641089623 neg 0.3165046854075801 off 0.3148292504834576	false	1.0
fehlgeburt	neg 1.0		__DUMMY__ 0.36706218674774777 off 0.3241520062011051 neg 0.3087858070511471	false	0.5
charakterschwach	off 1.0		__DUMMY__ 0.36764262789795593 off 0.32348913598143675 neg 0.3088682361206072	false	1.0
isolation	neg 1.0		__DUMMY__ 0.3621873288323773 neg 0.32696263287204225 off 0.31085003829558056	false	1.0
ablenkung	neg 1.0		__DUMMY__ 0.3677441790861799 off 0.3230194800408823 neg 0.30923634087293767	false	0.5
pech	neg 1.0		__DUMMY__ 0.36780328490365644 off 0.32477715945389063 neg 0.30741955564245294	false	0.5
dominieren	neg 1.0		__DUMMY__ 0.36910604408737074 off 0.3173576691025755 neg 0.31353628681005374	false	0.5
vermeidung	neg 1.0		__DUMMY__ 0.3671767282265723 neg 0.3189347465496521 off 0.31388852522377547	false	1.0
schwindlig	neg 1.0		__DUMMY__ 0.3671230266537312 off 0.3260826032650826 neg 0.30679437008118615	false	0.5
lutscher	neg 1.0		__DUMMY__ 0.36623669802536823 off 0.32974008105852387 neg 0.30402322091610795	false	0.5
pflicht	neg 1.0		__DUMMY__ 0.36819432227801463 off 0.3207278738472088 neg 0.31107780387477646	false	0.5
faschist	off 1.0		__DUMMY__ 0.36753992787154693 off 0.32229344527770815 neg 0.31016662685074486	false	1.0
verschleudern	neg 1.0		__DUMMY__ 0.3682265583295989 off 0.3183979343910979 neg 0.3133755072793032	false	0.5
ehebruch	neg 1.0		__DUMMY__ 0.3680075862414475 off 0.3213885028591319 neg 0.3106039108994204	false	0.5
trostlosigkeit	neg 1.0		__DUMMY__ 0.3680536369209649 off 0.3204891886108701 neg 0.311457174468165	false	0.5
lutschen	neg 1.0		__DUMMY__ 0.3652249953998049 off 0.3304632556720955 neg 0.3043117489280996	false	0.5
spott	off 1.0		__DUMMY__ 0.3680026373897653 off 0.3207840798859733 neg 0.3112132827242613	false	1.0
undiszipliniert	neg 1.0		__DUMMY__ 0.36725042198163754 off 0.32504050023606956 neg 0.30770907778229295	false	0.5
kopfschmerz	neg 1.0		__DUMMY__ 0.3670612754362976 off 0.3239680154087134 neg 0.30897070915498903	false	0.5
unvorhergesehen	neg 1.0		__DUMMY__ 0.3681609273706762 off 0.3225418612498197 neg 0.30929721137950417	false	0.5
desinteressiert	neg 1.0		__DUMMY__ 0.3675068138053404 off 0.3247945990547504 neg 0.3076985871399091	false	0.5
armselig	off 1.0		__DUMMY__ 0.3679274372147512 off 0.3234755877527689 neg 0.30859697503247996	false	1.0
tod	neg 1.0		__DUMMY__ 0.36819649350639133 off 0.32056047258956627 neg 0.3112430339040424	false	0.5
desaster	neg 1.0		__DUMMY__ 0.3683049111791268 off 0.3190993290425985 neg 0.31259575977827475	false	0.5
herzlos	neg 1.0		__DUMMY__ 0.36752481985895186 off 0.3247863428253873 neg 0.3076888373156609	false	0.5
unwissenheit	neg 1.0		__DUMMY__ 0.3676532836611488 off 0.3208763139869495 neg 0.3114704023519019	false	0.5
widersinnig	neg 1.0		__DUMMY__ 0.3677482453358634 off 0.3197050642007007 neg 0.3125466904634359	false	0.5
bedenklich	neg 1.0		__DUMMY__ 0.3678882768266114 off 0.3210482364587531 neg 0.3110634867146356	false	0.5
beanstanden	neg 1.0		__DUMMY__ 0.36822877164569284 off 0.3202587811166976 neg 0.3115124472376096	false	0.5
panisch	neg 1.0		__DUMMY__ 0.36738208169161973 off 0.32414626362308846 neg 0.30847165468529186	false	0.5
abstrich	neg 1.0		__DUMMY__ 0.36681737379633006 off 0.32391893182770337 neg 0.30926369437596657	false	0.5
debil	off 1.0		__DUMMY__ 0.362530044071233 off 0.3373246834586083 neg 0.3001452724701588	false	1.0
primitiv	neg 1.0		__DUMMY__ 0.36797214721374616 off 0.3238110982090079 neg 0.3082167545772459	false	0.5
abschaum	off 1.0		__DUMMY__ 0.36771780135896115 off 0.32326501606208496 neg 0.30901718257895394	false	1.0
tot	neg 1.0		__DUMMY__ 0.3673517662986706 off 0.3243221274298264 neg 0.3083261062715029	false	0.5
provozieren	neg 1.0		__DUMMY__ 0.3677921516011877 off 0.322536848671679 neg 0.30967099972713324	false	0.5
instabil	neg 1.0		__DUMMY__ 0.36850367613267004 off 0.32174634869785 neg 0.30974997516948	false	0.5
schwuchtel	off 1.0		__DUMMY__ 0.3657809130876807 off 0.33047112641842985 neg 0.3037479604938895	false	1.0
zerren	neg 1.0		__DUMMY__ 0.3677937842224919 off 0.3223631813833946 neg 0.3098430343941134	false	0.5
kinderficker	off 1.0		__DUMMY__ 0.3671605647272656 off 0.3239090328029103 neg 0.3089304024698242	false	1.0
gefahr	neg 1.0		__DUMMY__ 0.36858179196705754 off 0.31778892870912523 neg 0.31362927932381723	false	0.5
rabiat	neg 1.0		__DUMMY__ 0.3680605786467104 off 0.3224599785319491 neg 0.3094794428213406	false	0.5
verlangsamung	neg 1.0		__DUMMY__ 0.3693111179130646 off 0.31588382575451324 neg 0.3148050563324221	false	0.5
anklagen	neg 1.0		__DUMMY__ 0.3678332583100573 off 0.31805392591632964 neg 0.31411281577361305	false	0.5
ausgestorben	neg 1.0		__DUMMY__ 0.3683102865927201 off 0.32191839119223875 neg 0.30977132221504117	false	0.5
verminderung	neg 1.0		__DUMMY__ 0.367537329421004 neg 0.3188898871990604 off 0.31357278337993566	false	1.0
rost	neg 1.0		__DUMMY__ 0.3702976486413196 off 0.3187217838827763 neg 0.31098056747590425	false	0.5
destruktiv	neg 1.0		__DUMMY__ 0.367799079071148 off 0.3215066794238698 neg 0.3106942415049822	false	0.5
unzumutbarkeit	neg 1.0		__DUMMY__ 0.36819305656356943 off 0.31790358639949723 neg 0.3139033570369333	false	0.5
labil	off 1.0	off 1.0	off 0.7306158477606219 __DUMMY__ 0.1441628092025301 neg 0.12522134303684795	false	1.0
ziemlich	neg 1.0		__DUMMY__ 0.36753129773009535 off 0.3248705287903161 neg 0.3075981734795886	false	0.5
lachnummer	off 1.0		__DUMMY__ 0.3680451962714626 off 0.3215059455038514 neg 0.3104488582246858	false	1.0
ausgrenzung	neg 1.0		__DUMMY__ 0.3677702367181828 off 0.31867636310445746 neg 0.31355340017735966	false	0.5
verfall	neg 1.0		__DUMMY__ 0.36819190924509543 off 0.31910923566504007 neg 0.3126988550898645	false	0.5
unordnung	neg 1.0	neg 1.0	neg 0.6399752923360509 off 0.18059680485540194 __DUMMY__ 0.1794279028085473	false	1.0
fehlverhalten	neg 1.0		__DUMMY__ 0.3679787606729576 off 0.32019232298544237 neg 0.31182891634160004	false	0.5
nille	neg 1.0		__DUMMY__ 0.3629639388742164 off 0.33807134752161205 neg 0.2989647136041714	false	0.5
qual	neg 1.0		__DUMMY__ 0.34018601992825875 off 0.3328803228555743 neg 0.326933657216167	false	0.5
riesig	neg 1.0		__DUMMY__ 0.3676617347673851 off 0.328250557508827 neg 0.3040877077237878	false	0.5
verschwenden	neg 1.0		__DUMMY__ 0.3678685039017865 off 0.3216427796740619 neg 0.3104887164241516	false	0.5
verurteilen	neg 1.0		__DUMMY__ 0.3677511864577538 off 0.32083884827768505 neg 0.3114099652645611	false	0.5
klischee	neg 1.0		__DUMMY__ 0.36786397460889264 off 0.3233169550289692 neg 0.3088190703621381	false	0.5
diktatorisch	neg 1.0		__DUMMY__ 0.36732211987714547 off 0.3204832224672664 neg 0.3121946576555881	false	0.5
vorhersehbar	neg 1.0		__DUMMY__ 0.3681255148332794 off 0.3226763791474363 neg 0.3091981060192843	false	0.5
stornieren	neg 1.0		__DUMMY__ 0.3678418588255137 off 0.32079527724268453 neg 0.31136286393180174	false	0.5
besteuerung	neg 1.0		__DUMMY__ 0.3681078971431606 neg 0.31743688505115275 off 0.3144552178056867	false	1.0
ungeschminkt	neg 1.0		__DUMMY__ 0.3660623229519507 off 0.3286365752653078 neg 0.3053011017827414	false	0.5
kritisch	neg 1.0		__DUMMY__ 0.3680033031060891 off 0.3207511472695811 neg 0.31124554962432976	false	0.5
schlamperei	off 1.0		__DUMMY__ 0.36812102635644256 off 0.3182346254674291 neg 0.3136443481761286	false	1.0
sucht	neg 1.0		__DUMMY__ 0.3698025485732069 off 0.321141529301607 neg 0.30905592212518607	false	0.5
egoistisch	off 1.0		__DUMMY__ 0.36711329696475614 off 0.3251297912448426 neg 0.3077569117904014	false	1.0
ausbeuter	off 1.0		__DUMMY__ 0.36797359270056285 off 0.3203001005860743 neg 0.311726306713363	false	1.0
arschgeburt			__DUMMY__ 0.3653904301185858 off 0.33155759144206065 neg 0.30305197843935355	false	0.0
schubs	neg 1.0		__DUMMY__ 0.36686130007332923 off 0.3253793463684858 neg 0.307759353558185	false	0.5
unsolide	neg 1.0		__DUMMY__ 0.3674409952876124 off 0.32019305374972384 neg 0.31236595096266384	false	0.5
beschwerde	neg 1.0		__DUMMY__ 0.3677431018046425 off 0.3184749265790545 neg 0.31378197161630306	false	0.5
stocken	neg 1.0		__DUMMY__ 0.3689781652680449 off 0.3166156535239986 neg 0.31440618120795655	false	0.5
isolieren	neg 1.0		__DUMMY__ 0.36837687418990445 off 0.31747155221184165 neg 0.3141515735982538	false	0.5
unheilbar	neg 1.0		__DUMMY__ 0.36781448656292853 off 0.3222821489868395 neg 0.3099033644502319	false	0.5
pisser	off 1.0		__DUMMY__ 0.36546678190736737 off 0.3315090861207662 neg 0.30302413197186656	false	1.0
löschen	neg 1.0		__DUMMY__ 0.3633773438843068 off 0.32513512222394325 neg 0.3114875338917499	false	0.5
durchfallen	neg 1.0		__DUMMY__ 0.36771227996574274 off 0.3215668374643661 neg 0.3107208825698911	false	0.5
wichser	off 1.0		__DUMMY__ 0.36703363683999385 off 0.32653232750524086 neg 0.3064340356547651	false	1.0
terror	neg 1.0		__DUMMY__ 0.3645520192806511 neg 0.3204040363631107 off 0.31504394435623834	false	1.0
krass	neg 1.0		__DUMMY__ 0.3663267244241018 off 0.328440345832046 neg 0.3052329297438523	false	0.5
revolte	neg 1.0		__DUMMY__ 0.3684214556640108 off 0.3171135565932622 neg 0.31446498774272713	false	0.5
besorgt	neg 1.0		__DUMMY__ 0.3678443248124335 off 0.32239726012745656 neg 0.30975841506011004	false	0.5
nachlassen	neg 1.0		__DUMMY__ 0.36820005531725064 off 0.32076653607892497 neg 0.31103340860382456	false	0.5
alt	neg 1.0		__DUMMY__ 0.3681314134126525 off 0.32574132066319444 neg 0.30612726592415324	false	0.5
hundesohn	off 1.0		__DUMMY__ 0.3645052917981185 off 0.33397388959224017 neg 0.30152081860964136	false	1.0
abschreckung	neg 1.0		__DUMMY__ 0.36793652170930086 off 0.31971238486706627 neg 0.31235109342363293	false	0.5
unqualifiziert	neg 1.0		__DUMMY__ 0.36748169999263514 off 0.3224056434431145 neg 0.3101126565642504	false	0.5
abgewichst	off 1.0		__DUMMY__ 0.3637555717878762 off 0.33570517475469613 neg 0.3005392534574276	false	1.0
kapitulation	neg 1.0		__DUMMY__ 0.36819130823821217 off 0.31848685193795084 neg 0.3133218398238369	false	0.5
schwer	neg 1.0		__DUMMY__ 0.3680689629821123 off 0.32261673936012475 neg 0.3093142976577631	false	0.5
bedeutungslosigkeit	neg 1.0		__DUMMY__ 0.3682150787673858 off 0.32011633854635635 neg 0.31166858268625774	false	0.5
unscharf	neg 1.0		__DUMMY__ 0.3667733430497914 off 0.3263868138250078 neg 0.3068398431252009	false	0.5
schwinden	neg 1.0		__DUMMY__ 0.36867912483783594 off 0.31714338506264783 neg 0.31417749009951634	false	0.5
versklavung	neg 1.0		__DUMMY__ 0.36759359564097965 off 0.3179791944917244 neg 0.314427209867296	false	0.5
schlecht	neg 1.0		__DUMMY__ 0.36762862587323913 off 0.3243170177542229 neg 0.3080543563725381	false	0.5
verhasst	neg 1.0		__DUMMY__ 0.3679206882957589 off 0.32190653931601976 neg 0.3101727723882212	false	0.5
beschweren	neg 1.0		__DUMMY__ 0.36805413199818965 off 0.3228581852073328 neg 0.3090876827944775	false	0.5
scheiden	neg 1.0		__DUMMY__ 0.36811880751637027 off 0.32284842672985803 neg 0.3090327657537717	false	0.5
frustriert	neg 1.0		__DUMMY__ 0.3678846532850687 off 0.3222532427376745 neg 0.3098621039772568	false	0.5
schimmelig	neg 1.0		__DUMMY__ 0.3664809755545468 off 0.328499094493126 neg 0.30501992995232713	false	0.5
fisch	neg 1.0		__DUMMY__ 0.3682675452624429 off 0.3256203299167372 neg 0.30611212482082	false	0.5
schmuggel	neg 1.0		__DUMMY__ 0.3680642186550473 off 0.3211371309841618 neg 0.310798650360791	false	0.5
auffallen	neg 1.0		__DUMMY__ 0.36789108220309336 off 0.32284277899107355 neg 0.30926613880583315	false	0.5
konkurrenz	neg 1.0		__DUMMY__ 0.36819864658983265 off 0.32031320175206945 neg 0.31148815165809796	false	0.5
teufelskreis	neg 1.0		__DUMMY__ 0.3680554773835649 off 0.322025015972221 neg 0.3099195066442141	false	0.5
aufschreien	neg 1.0		__DUMMY__ 0.36789260580588967 off 0.32346166621963285 neg 0.30864572797447737	false	0.5
missgeburt	off 1.0		__DUMMY__ 0.36583401228667517 off 0.33141872202287775 neg 0.302747265690447	false	1.0
schuldner	neg 1.0		__DUMMY__ 0.3682512977726625 off 0.31743319172866097 neg 0.3143155104986767	false	0.5
befallen	neg 1.0		__DUMMY__ 0.36733696917450104 off 0.3200707520015616 neg 0.3125922788239375	false	0.5
arbeitslos	neg 1.0		__DUMMY__ 0.36798111360554286 off 0.32148625997550767 neg 0.3105326264189496	false	0.5
miesepetrig	off 1.0		__DUMMY__ 0.36745910110738156 off 0.3244473565493507 neg 0.30809354234326775	false	1.0
alarmieren	neg 1.0		__DUMMY__ 0.3684762737241373 off 0.3162784376134467 neg 0.31524528866241613	false	0.5
ungeduscht	off 1.0		__DUMMY__ 0.36640765988888724 off 0.32712782547963826 neg 0.3064645146314746	false	1.0
knappheit	neg 1.0		__DUMMY__ 0.36850944549187625 off 0.31741499613313806 neg 0.3140755583749857	false	0.5
schlange	neg 1.0		__DUMMY__ 0.36804219997220033 off 0.32327650158727095 neg 0.3086812984405287	false	0.5
harsch	neg 1.0		__DUMMY__ 0.367835013464404 off 0.31803147588667013 neg 0.3141335106489258	false	0.5
lang	neg 1.0	neg 1.0	neg 0.5955462558214147 off 0.20460359521549681 __DUMMY__ 0.1998501489630884	false	1.0
ziellos	neg 1.0		__DUMMY__ 0.36812773075583305 off 0.32196188236427853 neg 0.3099103868798885	false	0.5
selbstverliebt	neg 1.0		__DUMMY__ 0.3668324679597067 off 0.32752356565939444 neg 0.3056439663808988	false	0.5
beseitigen	neg 1.0		__DUMMY__ 0.36862823010117934 off 0.3176573202451008 neg 0.3137144496537198	false	0.5
dumm	off 1.0		__DUMMY__ 0.3671411559669004 off 0.32595430178178486 neg 0.3069045422513147	false	1.0
arbeitsloser	neg 1.0		__DUMMY__ 0.36807732494459156 off 0.3212010630857675 neg 0.310721611969641	false	0.5
blitzen	neg 1.0		__DUMMY__ 0.36895947842678245 off 0.3224691255448121 neg 0.3085713960284053	false	0.5
hilflos	neg 1.0		__DUMMY__ 0.3676245683357028 off 0.32239473303586763 neg 0.3099806986284296	false	0.5
eklig	off 1.0		__DUMMY__ 0.36654884621989875 off 0.32772639785980073 neg 0.3057247559203005	false	1.0
hungersnot	neg 1.0		__DUMMY__ 0.3685802488512059 off 0.31811094043500954 neg 0.3133088107137847	false	0.5
ungesetzlich	neg 1.0		__DUMMY__ 0.3677070736734646 off 0.3196798457234406 neg 0.3126130806030948	false	0.5
verschwendung	neg 1.0		__DUMMY__ 0.36792675273489417 off 0.3212018027952729 neg 0.31087144446983295	false	0.5
schmerzvoll	neg 1.0		__DUMMY__ 0.36767571984260006 off 0.3235066939162253 neg 0.30881758624117467	false	0.5
vorzeitig	neg 1.0		__DUMMY__ 0.3683819791996854 off 0.3162578735642584 neg 0.3153601472360562	false	0.5
unvollkommenheit	neg 1.0		__DUMMY__ 0.3679082716012586 off 0.32194256442507097 neg 0.3101491639736704	false	0.5
intervenieren	neg 1.0		__DUMMY__ 0.3678087130584169 off 0.31977904293358794 neg 0.31241224400799505	false	0.5
banause	off 1.0		__DUMMY__ 0.36686872957446753 off 0.32642338506578933 neg 0.30670788535974325	false	1.0
rebell	neg 1.0		__DUMMY__ 0.3643931581955088 off 0.3315975350877775 neg 0.3040093067167137	false	0.5
unlogisch	neg 1.0		__DUMMY__ 0.367299140254599 off 0.32474632076774507 neg 0.307954538977656	false	0.5
abschaffung	neg 1.0		__DUMMY__ 0.36765202440985256 off 0.31690368780698874 neg 0.3154442877831588	false	0.5
leiden	neg 1.0		__DUMMY__ 0.36806380305334896 off 0.3229486403367284 neg 0.3089875566099226	false	0.5
sturz	neg 1.0		__DUMMY__ 0.36856547706210196 off 0.3177460317207393 neg 0.3136884912171587	false	0.5
verkleinerung	neg 1.0		__DUMMY__ 0.36812843769477027 neg 0.31601565682548044 off 0.31585590547974923	false	1.0
schmarotzer	off 1.0		__DUMMY__ 0.3677484702752076 off 0.3216838481140854 neg 0.310567681610707	false	1.0
bestrafung	neg 1.0		__DUMMY__ 0.36781855199222546 off 0.32308082685680867 neg 0.30910062115096587	false	0.5
achtlos	neg 1.0		__DUMMY__ 0.36769278421180135 off 0.3223641847945878 neg 0.3099430309936109	false	0.5
ungeheuer	neg 1.0		__DUMMY__ 0.3681669260168481 off 0.32401651867543163 neg 0.30781655530772034	false	0.5
unaufrichtig	neg 1.0		__DUMMY__ 0.3670250073268686 off 0.32286559196153763 neg 0.3101094007115936	false	0.5
groggy	neg 1.0		__DUMMY__ 0.3671828933535133 off 0.32804217101683664 neg 0.30477493562965025	false	0.5
verletzlich	neg 1.0		__DUMMY__ 0.36748840822018014 off 0.324627812277188 neg 0.3078837795026318	false	0.5
ablehnen	neg 1.0		__DUMMY__ 0.36773794256217557 off 0.32070760184014535 neg 0.3115544555976791	false	0.5
kollaps	neg 1.0		__DUMMY__ 0.3683447806349861 off 0.31590981546537766 neg 0.31574540389963623	false	0.5
beschnitten	neg 1.0		__DUMMY__ 0.3678197474703769 off 0.3229117570004699 neg 0.30926849552915325	false	0.5
defekt	neg 1.0		__DUMMY__ 0.36785207751981336 off 0.31698101627260067 neg 0.315166906207586	false	0.5
dreckskerl	off 1.0		__DUMMY__ 0.36711041009569856 off 0.3248726872890624 neg 0.30801690261523906	false	1.0
deine	neg 1.0		__DUMMY__ 0.36695042890129737 off 0.3262713711817605 neg 0.3067781999169422	false	0.5
aufgeben	neg 1.0		__DUMMY__ 0.3682771155944518 off 0.32300928205103874 neg 0.3087136023545095	false	0.5
durcheinander	neg 1.0		__DUMMY__ 0.3678981295710209 off 0.3236987371341729 neg 0.3084031332948061	false	0.5
unterbrechen	neg 1.0		__DUMMY__ 0.36804048847156384 off 0.3218728931840917 neg 0.3100866183443446	false	0.5
vergammeln	neg 1.0		__DUMMY__ 0.3678824346628738 off 0.3234073203881543 neg 0.30871024494897187	false	0.5
grotesk	neg 1.0		__DUMMY__ 0.36810722588775585 off 0.32148906048339587 neg 0.3104037136288483	false	0.5
elendig	neg 1.0		__DUMMY__ 0.367558219143527 off 0.32358685270820114 neg 0.30885492814827187	false	0.5
naiv	off 1.0		__DUMMY__ 0.36804943294654247 off 0.32309560773437734 neg 0.30885495931908014	false	1.0
uneinigkeit	neg 1.0		__DUMMY__ 0.3681185551557771 off 0.3173223140605282 neg 0.31455913078369463	false	0.5
fragil	neg 1.0		__DUMMY__ 0.3619379167123534 neg 0.3223698250758028 off 0.31569225821184366	false	1.0
provisorisch	neg 1.0		__DUMMY__ 0.36851960938786893 off 0.32142750898779504 neg 0.31005288162433614	false	0.5
landei	off 1.0		__DUMMY__ 0.36754193001414676 off 0.32629112246847203 neg 0.3061669475173812	false	1.0
bedauerlich	neg 1.0		__DUMMY__ 0.3679869548727534 off 0.3211899499001113 neg 0.31082309522713525	false	0.5
krieg	neg 1.0		__DUMMY__ 0.3678600442175924 off 0.32219013869978386 neg 0.3099498170826236	false	0.5
traurigkeit	neg 1.0		__DUMMY__ 0.3679277277748472 off 0.32278469549926625 neg 0.3092875767258867	false	0.5
monotonie	neg 1.0		__DUMMY__ 0.36823209395288753 off 0.32154749760534296 neg 0.3102204084417695	false	0.5
unliebsam	neg 1.0		__DUMMY__ 0.36791877890051133 off 0.32208953743424357 neg 0.309991683665245	false	0.5
drift	neg 1.0		neg 0.3550509409380584 __DUMMY__ 0.322773305603408 off 0.3221757534585336	false	1.0
chaos	neg 1.0		__DUMMY__ 0.3680029509955884 off 0.31925285734924663 neg 0.312744191655165	false	0.5
blutig	neg 1.0		__DUMMY__ 0.3679674074417638 off 0.3234451836207642 neg 0.30858740893747216	false	0.5
machtlos	neg 1.0		__DUMMY__ 0.3679117797903996 off 0.3209293629859094 neg 0.3111588572236911	false	0.5
