unsolidarisch	neg 1.0		__DUMMY__ 0.3673755034770197 off 0.3209814145939258 neg 0.3116430819290543	false	0.5
nachteilig	neg 1.0		__DUMMY__ 0.36813266729355976 off 0.319903224918426 neg 0.31196410778801437	false	0.5
skeptisch	neg 1.0		__DUMMY__ 0.3681607284470861 off 0.3207190003714883 neg 0.3111202711814256	false	0.5
schrecklich	neg 1.0		__DUMMY__ 0.3671916631173248 off 0.3254979459072052 neg 0.30731039097546986	false	0.5
schlapp	neg 1.0		__DUMMY__ 0.36739848868497726 off 0.32565790819772683 neg 0.3069436031172959	false	0.5
abfall	neg 1.0		__DUMMY__ 0.36853124742997917 off 0.3198783093340427 neg 0.311590443235978	false	0.5
widerspenstig	neg 1.0		__DUMMY__ 0.3675999111730793 off 0.3230046951792239 neg 0.3093953936476967	false	0.5
abrupt	neg 1.0		__DUMMY__ 0.3684039109109373 off 0.3215734551772609 neg 0.3100226339118018	false	0.5
unwirksam	neg 1.0		__DUMMY__ 0.36816779984033504 neg 0.3165574634275442 off 0.3152747367321206	false	1.0
angreifen	neg 1.0		__DUMMY__ 0.36805195930663526 off 0.3207321559234107 neg 0.31121588476995404	false	0.5
inkonsistent	neg 1.0		__DUMMY__ 0.36824410297245835 off 0.32271760702171104 neg 0.30903829000583044	false	0.5
abrutschen	neg 1.0		__DUMMY__ 0.36810009640818786 off 0.320719732903735 neg 0.3111801706880772	false	0.5
unsicher	neg 1.0		__DUMMY__ 0.3679406218493181 off 0.32274100440042075 neg 0.3093183737502611	false	0.5
bauernkind	off 1.0		__DUMMY__ 0.3661624035737205 off 0.3295939704322476 neg 0.304243625994032	false	1.0
angreifer	neg 1.0		__DUMMY__ 0.36789200485823154 off 0.3181034201642376 neg 0.31400457497753104	false	0.5
trennen	neg 1.0		__DUMMY__ 0.36863454335958584 off 0.32160396039974765 neg 0.30976149624066646	false	0.5
schmutz	neg 1.0		__DUMMY__ 0.3683573810002596 off 0.31816965432740624 neg 0.3134729646723341	false	0.5
inkonsistenz	neg 1.0		__DUMMY__ 0.36764907332501956 off 0.32352107882576614 neg 0.30882984784921447	false	0.5
erschreckend	neg 1.0		__DUMMY__ 0.36798109209431207 off 0.32152250791339276 neg 0.3104963999922951	false	0.5
ertrinken	neg 1.0		__DUMMY__ 0.36757260201989345 off 0.3220603482296239 neg 0.3103670497504827	false	0.5
pickelface	off 1.0		__DUMMY__ 0.3651220348695951 off 0.3340158425993849 neg 0.30086212253101996	false	1.0
lauch	neg 1.0		__DUMMY__ 0.3657477378865522 off 0.3310821785019031 neg 0.3031700836115447	false	0.5
steuerhinterziehung	neg 1.0		__DUMMY__ 0.3678120801442417 off 0.31790948757822846 neg 0.31427843227752983	false	0.5
unwichtig	neg 1.0		__DUMMY__ 0.3677265682845802 off 0.3235787223943873 neg 0.3086947093210326	false	0.5
schock	neg 1.0		__DUMMY__ 0.3682956527598208 off 0.32272071546166636 neg 0.3089836317785128	false	0.5
vergelten	neg 1.0		__DUMMY__ 0.3668582814309325 off 0.32040186923527403 neg 0.3127398493337935	false	0.5
beule	neg 1.0		__DUMMY__ 0.3671648437237232 off 0.32637257052293583 neg 0.30646258575334095	false	0.5
verdorbenheit	neg 1.0		__DUMMY__ 0.37012472830596943 off 0.3202839620121004 neg 0.3095913096819302	false	0.5
trauma			off 0.35127915176081415 __DUMMY__ 0.33515129147588113 neg 0.3135695567633048	false	0.0
sinnlos	neg 1.0		__DUMMY__ 0.367662986835414 off 0.3235200816701759 neg 0.3088169314944101	false	0.5
fettsack	off 1.0		__DUMMY__ 0.3666091096870322 off 0.32910884955056396 neg 0.3042820407624038	false	1.0
feige	off 1.0		__DUMMY__ 0.3678344635887623 off 0.32352136791933733 neg 0.30864416849190035	false	1.0
abdanken	neg 1.0		__DUMMY__ 0.36771751183897383 off 0.3210317560041814 neg 0.31125073215684484	false	0.5
wichtigtuer	off 1.0	off 1.0	off 0.650728016552891 __DUMMY__ 0.17740496919630525 neg 0.17186701425080367	false	1.0
misslingen	neg 1.0		__DUMMY__ 0.36749681588083977 off 0.3229285869768971 neg 0.3095745971422631	false	0.5
untreu	off 1.0		__DUMMY__ 0.36781751165281373 off 0.32359614928020475 neg 0.3085863390669815	false	1.0
missmutig	neg 1.0		__DUMMY__ 0.36804822223527195 off 0.32280572281268904 neg 0.30914605495203895	false	0.5
hurenbock	off 1.0		__DUMMY__ 0.36573865245562465 off 0.3294176131941893 neg 0.30484373435018597	false	1.0
betrunken	neg 1.0		__DUMMY__ 0.3671116655008754 off 0.3255662166818959 neg 0.3073221178172287	false	0.5
korrupt	off 1.0		__DUMMY__ 0.3676181721312852 off 0.3208672595342035 neg 0.31151456833451135	false	1.0
unmut	neg 1.0		__DUMMY__ 0.3681899948360961 off 0.3194152997919141 neg 0.3123947053719899	false	0.5
hackfresse	off 1.0		__DUMMY__ 0.36685289623056183 off 0.3264618569262301 neg 0.30668524684320814	false	1.0
aufblasen	neg 1.0		__DUMMY__ 0.3677463988562918 off 0.3235010466174651 neg 0.30875255452624323	false	0.5
gewaltsam	neg 1.0		__DUMMY__ 0.3680350441228115 off 0.3187451981953218 neg 0.31321975768186683	false	0.5
unbeliebtheit	neg 1.0		__DUMMY__ 0.36810011058334796 off 0.3178332955723883 neg 0.31406659384426355	false	0.5
sturheit	neg 1.0		__DUMMY__ 0.3679141929238852 off 0.32083206337182374 neg 0.3112537437042911	false	0.5
kuh	neg 1.0		__DUMMY__ 0.36631881884885276 off 0.32981482527349987 neg 0.3038663558776472	false	0.5
erschrecken	neg 1.0		__DUMMY__ 0.36759394151665836 off 0.3240269715631176 neg 0.3083790869202241	false	0.5
opfer	neg 1.0		__DUMMY__ 0.36808912626050627 off 0.32127047667287123 neg 0.31064039706662244	false	0.5
stinktier	neg 1.0		__DUMMY__ 0.366258580487179 off 0.32950328814763247 neg 0.3042381313651885	false	0.5
sinken	neg 1.0		__DUMMY__ 0.36908155366635653 off 0.31753764450408567 neg 0.3133808018295578	false	0.5
tucke	off 1.0		__DUMMY__ 0.3659138290120661 off 0.32869867081562526 neg 0.30538750017230853	false	1.0
abstieg	neg 1.0		__DUMMY__ 0.36843169899518635 off 0.3192099513852526 neg 0.312358349619561	false	0.5
missverstehen	neg 1.0		__DUMMY__ 0.36790302334775155 off 0.32284620844902623 neg 0.3092507682032223	false	0.5
ergebnislos	neg 1.0		__DUMMY__ 0.36855645279895904 off 0.3173054677811111 neg 0.31413807941992994	false	0.5
manipulieren	neg 1.0		__DUMMY__ 0.36761890142989373 off 0.3210758942459337 neg 0.31130520432417264	false	0.5
verschleppen	neg 1.0		__DUMMY__ 0.3681627715401258 off 0.3179419660405244 neg 0.3138952624193499	false	0.5
unbewiesen	neg 1.0		__DUMMY__ 0.36807420134269797 off 0.31939932279709426 neg 0.31252647586020776	false	0.5
weib	off 1.0		__DUMMY__ 0.3663632213887624 off 0.32846841129539367 neg 0.30516836731584396	false	1.0
opposition	neg 1.0		__DUMMY__ 0.36717884454730204 off 0.3164819213529742 neg 0.3163392340997237	false	0.5
verkehrswidrig	neg 1.0		__DUMMY__ 0.3670442911044451 off 0.31839779924338213 neg 0.3145579096521728	false	0.5
inkorrekt	neg 1.0		__DUMMY__ 0.36771084072839955 off 0.32339082248624107 neg 0.30889833678535944	false	0.5
vermeiden	neg 1.0		__DUMMY__ 0.36851350051929993 off 0.31909655112615315 neg 0.31238994835454703	false	0.5
abweichung	neg 1.0		__DUMMY__ 0.3684513161799455 off 0.31881183010937514 neg 0.31273685371067933	false	0.5
alkoholisiert	neg 1.0		__DUMMY__ 0.3679817948009572 off 0.3214489198625304 neg 0.31056928533651224	false	0.5
scheiss	off 1.0	off 1.0	off 0.652278399133534 __DUMMY__ 0.17744984527685753 neg 0.17027175558960844	false	1.0
herausforderung	neg 1.0		__DUMMY__ 0.3687075327969821 off 0.31976455408019794 neg 0.3115279131228201	false	0.5
pervers	off 1.0		__DUMMY__ 0.36618432411076834 off 0.32834733821847545 neg 0.3054683376707561	false	1.0
wackelig	neg 1.0		__DUMMY__ 0.3678557182382932 off 0.32311384240197355 neg 0.30903043935973334	false	0.5
verwickeln	neg 1.0		__DUMMY__ 0.3680421722678441 off 0.3225623961835347 neg 0.30939543154862126	false	0.5
vorwand	neg 1.0		__DUMMY__ 0.3677649047178966 off 0.32092109334128194 neg 0.3113140019408215	false	0.5
muschi	off 1.0		__DUMMY__ 0.3651965476077395 off 0.3334368324386118 neg 0.3013666199536488	false	1.0
entmutigung	neg 1.0		__DUMMY__ 0.3678048863323658 off 0.31841673294940914 neg 0.313778380718225	false	0.5
unstetig	neg 1.0		__DUMMY__ 0.36787507663202235 off 0.32130035615389746 neg 0.31082456721408025	false	0.5
unangemessen	neg 1.0		__DUMMY__ 0.3679315357548316 off 0.32114626830973275 neg 0.3109221959354355	false	0.5
entmutigen	neg 1.0		__DUMMY__ 0.36795353135208647 off 0.32291258767032044 neg 0.3091338809775931	false	0.5
schwanz	neg 1.0		__DUMMY__ 0.3647249336433771 off 0.33146843535679305 neg 0.30380663099982996	false	0.5
verbot	neg 1.0		__DUMMY__ 0.3678509945300945 off 0.3185373013010382 neg 0.3136117041688673	false	0.5
leid	neg 1.0		__DUMMY__ 0.3672024524622631 off 0.3259477251287816 neg 0.30684982240895536	false	0.5
archaisch	neg 1.0		__DUMMY__ 0.3678091137231982 off 0.3213077960698646 neg 0.3108830902069371	false	0.5
scheidung	neg 1.0		__DUMMY__ 0.3684975524637672 off 0.31613660111894615 neg 0.31536584641728654	false	0.5
abgestanden	neg 1.0		__DUMMY__ 0.3680688517109851 off 0.3245898976329019 neg 0.30734125065611306	false	0.5
einschlag	neg 1.0		__DUMMY__ 0.36838289659051726 off 0.3186656340705164 neg 0.3129514693389663	false	0.5
schmierig	off 1.0		__DUMMY__ 0.3673511246554895 off 0.32550679428497403 neg 0.30714208105953655	false	1.0
unpraktisch	neg 1.0		__DUMMY__ 0.36754861610288425 off 0.32453018870909484 neg 0.30792119518802097	false	0.5
wixxer	off 1.0		__DUMMY__ 0.3664522289286271 off 0.32943549101331504 neg 0.30411228005805774	false	1.0
jammerlappen	off 1.0		__DUMMY__ 0.3676696760078941 off 0.3236117562631423 neg 0.3087185677289637	false	1.0
farce	neg 1.0		__DUMMY__ 0.3679750152948999 off 0.31856688854895093 neg 0.313458096156149	false	0.5
zwecklos	neg 1.0		__DUMMY__ 0.3680781023300793 off 0.32126079986549577 neg 0.3106610978044249	false	0.5
turbulent	neg 1.0		__DUMMY__ 0.36735468807528804 off 0.32076472504197134 neg 0.3118805868827405	false	0.5
schuld	neg 1.0		__DUMMY__ 0.36760955104646664 off 0.3228093813832968 neg 0.3095810675702366	false	0.5
risiko	neg 1.0		__DUMMY__ 0.3692261166483598 off 0.31668594322741345 neg 0.3140879401242269	false	0.5
invasion	neg 1.0		__DUMMY__ 0.35975189272678876 neg 0.3308438613283306 off 0.30940424594488053	false	1.0
finster	neg 1.0		__DUMMY__ 0.36786266650760885 off 0.3248949933364456 neg 0.30724234015594565	false	0.5
geisteskrank	off 1.0		__DUMMY__ 0.3678324782108999 off 0.3235290838334989 neg 0.3086384379556012	false	1.0
ausbeute	neg 1.0		__DUMMY__ 0.3695861854347438 off 0.32132975633789645 neg 0.3090840582273598	false	0.5
zusammenbrechen	neg 1.0		__DUMMY__ 0.3676903163470982 off 0.3221173006051318 neg 0.31019238304776997	false	0.5
hinterhalt	neg 1.0		__DUMMY__ 0.3680611596516749 off 0.32117967732082503 neg 0.3107591630275002	false	0.5
kritik	neg 1.0		__DUMMY__ 0.3678825308359634 off 0.31885807608200917 neg 0.3132593930820273	false	0.5
einschrumpfen	neg 1.0		__DUMMY__ 0.36557592376529674 off 0.31865184213550035 neg 0.31577223409920285	false	0.5
riskant	neg 1.0		__DUMMY__ 0.3680155428358182 off 0.3213004634132182 neg 0.31068399375096345	false	0.5
frustrieren	neg 1.0		__DUMMY__ 0.3680953604575946 off 0.32170761930844793 neg 0.31019702023395745	false	0.5
groll	neg 1.0		__DUMMY__ 0.36812450879818703 off 0.3210275306944444 neg 0.3108479605073685	false	0.5
qualvoll	neg 1.0		__DUMMY__ 0.3673491429196961 off 0.3236272429496283 neg 0.30902361413067564	false	0.5
wackeln	neg 1.0		__DUMMY__ 0.3680930741689034 off 0.32303107781411117 neg 0.3088758480169854	false	0.5
klagen	neg 1.0		__DUMMY__ 0.3679635941251157 off 0.3191654064056698 neg 0.3128709994692145	false	0.5
trauern	neg 1.0		__DUMMY__ 0.3679382670878754 off 0.3215424912134278 neg 0.3105192416986969	false	0.5
ablehnung	neg 1.0		__DUMMY__ 0.368077296341167 off 0.31834783818915907 neg 0.3135748654696739	false	0.5
bankrott	neg 1.0		__DUMMY__ 0.3668935768692443 neg 0.3189478440644354 off 0.3141585790663203	false	1.0
stur	neg 1.0		__DUMMY__ 0.3676077734153288 off 0.3224153959303187 neg 0.3099768306543525	false	0.5
aufruhr	neg 1.0		__DUMMY__ 0.36874273698977017 off 0.3171256786115554 neg 0.31413158439867456	false	0.5
melancholie	neg 1.0		__DUMMY__ 0.3677944601964424 off 0.3241468342531371 neg 0.30805870555042064	false	0.5
torheit	neg 1.0		__DUMMY__ 0.36794328886383815 off 0.32056272863778723 neg 0.31149398249837446	false	0.5
dreckskind	off 1.0		__DUMMY__ 0.3656610037623856 off 0.33206187259058256 neg 0.3022771236470318	false	1.0
umtauschen	neg 1.0		__DUMMY__ 0.367377582795239 off 0.32447476800575126 neg 0.3081476491990097	false	0.5
zersetzen	neg 1.0		__DUMMY__ 0.36802163378560016 off 0.32017052213163344 neg 0.31180784408276635	false	0.5
frust	neg 1.0		__DUMMY__ 0.367758179835456 off 0.32199815447742347 neg 0.3102436656871204	false	0.5
unerbittlichkeit	neg 1.0		__DUMMY__ 0.3680490863736677 off 0.32022030649554606 neg 0.3117306071307863	false	0.5
unkorrekt	neg 1.0		__DUMMY__ 0.3672668864641993 off 0.3238781122818604 neg 0.3088550012539403	false	0.5
hexe	off 1.0		__DUMMY__ 0.36791747470953057 off 0.32641712621937574 neg 0.3056653990710937	false	1.0
lasch	neg 1.0		__DUMMY__ 0.36781300374100984 off 0.32253536030234187 neg 0.3096516359566482	false	0.5
rivale	neg 1.0		__DUMMY__ 0.36749595962870824 off 0.3171746863780452 neg 0.3153293539932465	false	0.5
mutlos	off 1.0		__DUMMY__ 0.36804728713712986 off 0.3206703207015565 neg 0.31128239216131354	false	1.0
wirr	off 1.0		__DUMMY__ 0.3666127981915059 off 0.3257573093277371 neg 0.30762989248075717	false	1.0
strafbar	neg 1.0		__DUMMY__ 0.3680712764155136 off 0.3210062176585753 neg 0.31092250592591114	false	0.5
erosion	neg 1.0	neg 1.0	neg 0.6405658830529967 __DUMMY__ 0.18176522838199888 off 0.17766888856500437	false	1.0
eingehen	neg 1.0		__DUMMY__ 0.367997266428906 off 0.3213410296478721 neg 0.31066170392322195	false	0.5
faul	off 1.0		__DUMMY__ 0.36702669206550204 off 0.3258104701630062 neg 0.3071628377714919	false	1.0
provisorium	neg 1.0		__DUMMY__ 0.3684696315832765 off 0.32016801073793005 neg 0.31136235767879333	false	0.5
schmerzen	neg 1.0		__DUMMY__ 0.3671045794426102 off 0.3243729015170292 neg 0.30852251904036054	false	0.5
schrumpfen	neg 1.0		__DUMMY__ 0.36851186775001743 off 0.31892470074322316 neg 0.31256343150675936	false	0.5
geistlos	off 1.0		__DUMMY__ 0.3677929109729989 off 0.3222511498433613 neg 0.30995593918363984	false	1.0
frustrierend	neg 1.0		__DUMMY__ 0.3679104205905454 off 0.32381290399568746 neg 0.3082766754137671	false	0.5
fehlkauf	neg 1.0		__DUMMY__ 0.369418890035698 off 0.32122010545445767 neg 0.3093610045098444	false	0.5
unzufrieden	neg 1.0		__DUMMY__ 0.36811818010671227 off 0.3212490720249754 neg 0.31063274786831224	false	0.5
verzweifeln	neg 1.0		__DUMMY__ 0.3678545573285299 off 0.32236780758221373 neg 0.3097776350892562	false	0.5
verzweifelt	neg 1.0		__DUMMY__ 0.3679457570284709 off 0.32300024706678926 neg 0.3090539959047398	false	0.5
misstrauensantrag	neg 1.0		__DUMMY__ 0.36700647543404114 off 0.31695178465793394 neg 0.31604173990802503	false	0.5
abfallen	neg 1.0		__DUMMY__ 0.3673568778249866 off 0.3245551941588185 neg 0.3080879280161948	false	0.5
fucker	off 1.0		__DUMMY__ 0.48125419282853377 off 0.31913214062753126 neg 0.1996136665439351	false	1.0
ungezogen	neg 1.0		__DUMMY__ 0.366841195489316 off 0.3266228350570682 neg 0.3065359694536159	false	0.5
irrsinnig	neg 1.0		__DUMMY__ 0.3677486440670157 off 0.32307339350934006 neg 0.30917796242364426	false	0.5
hart	neg 1.0		__DUMMY__ 0.3654254305304472 off 0.3305135753499526 neg 0.3040609941196002	false	0.5
unfassbar	neg 1.0		__DUMMY__ 0.3681056405694401 off 0.3235798684992752 neg 0.3083144909312846	false	0.5
widerlich	off 1.0		__DUMMY__ 0.36749184734300805 off 0.3240039477884103 neg 0.3085042048685816	false	1.0
fatal			__DUMMY__ 0.35833836592556534 off 0.3248450972448268 neg 0.3168165368296079	false	0.0
bruch	neg 1.0		__DUMMY__ 0.36839945350501285 off 0.31989293732567925 neg 0.31170760916930784	false	0.5
aushungern	neg 1.0		__DUMMY__ 0.3675891004519968 off 0.3191784363809828 neg 0.3132324631670204	false	0.5
anspannung	neg 1.0		__DUMMY__ 0.36831765771351044 off 0.320931077407676 neg 0.3107512648788135	false	0.5
kraftlos	neg 1.0		__DUMMY__ 0.36801623070355066 off 0.3221734414521807 neg 0.30981032784426865	false	0.5
grenzdebil	off 1.0		__DUMMY__ 0.3673470876569537 off 0.3245736382099063 neg 0.3080792741331402	false	1.0
unterwerfen	neg 1.0		__DUMMY__ 0.36796394707832597 off 0.32110032110900494 neg 0.3109357318126692	false	0.5
versenkung	neg 1.0		__DUMMY__ 0.3681776810623375 off 0.32119442383404967 neg 0.3106278951036127	false	0.5
entziehen	neg 1.0		__DUMMY__ 0.3682081366521458 off 0.3203884006839794 neg 0.31140346266387486	false	0.5
finanzkrise	neg 1.0		__DUMMY__ 0.3682887327790505 neg 0.3159113437068268 off 0.3157999235141227	false	1.0
schimpfend	neg 1.0		__DUMMY__ 0.3673182536646199 off 0.32404214447502355 neg 0.30863960186035666	false	0.5
profan	neg 1.0		__DUMMY__ 0.36786088811480583 off 0.32335562765479314 neg 0.308783484230401	false	0.5
korruption	neg 1.0		__DUMMY__ 0.36791869947335426 off 0.3180640691272596 neg 0.31401723139938625	false	0.5
schmutzig	neg 1.0		__DUMMY__ 0.36738165322046984 off 0.3247700153838652 neg 0.307848331395665	false	0.5
abraten	neg 1.0		__DUMMY__ 0.36776743139435575 off 0.32388645031562985 neg 0.30834611829001435	false	0.5
sexy	neg 1.0		off 0.34334134932731414 __DUMMY__ 0.3387213527566348 neg 0.3179372979160511	false	0.5
fotze	off 1.0		__DUMMY__ 0.3642335800082298 off 0.3354359506013852 neg 0.3003304693903848	false	1.0
schwarz	neg 1.0		__DUMMY__ 0.3681545383183944 off 0.3218743730272365 neg 0.3099710886543691	false	0.5
verwirren	neg 1.0		__DUMMY__ 0.36763594491821183 off 0.3238532703695587 neg 0.30851078471222954	false	0.5
zahnlos	off 1.0		__DUMMY__ 0.368285590228042 off 0.3212853019718208 neg 0.31042910780013716	false	1.0
verheeren	neg 1.0		__DUMMY__ 0.3678141331629002 neg 0.3166501292028683 off 0.3155357376342315	false	1.0
rammen	neg 1.0		__DUMMY__ 0.36750467062388126 off 0.3248678639108255 neg 0.30762746546529335	false	0.5
unlauter	neg 1.0		__DUMMY__ 0.36755968003724965 off 0.3179482182910717 neg 0.3144921016716786	false	0.5
unheilvoll	neg 1.0		__DUMMY__ 0.3672885774499933 off 0.3233062045103261 neg 0.3094052180396807	false	0.5
niedrig	neg 1.0		__DUMMY__ 0.3694752188616539 off 0.3179126752310785 neg 0.31261210590726757	false	0.5
weichei	off 1.0		__DUMMY__ 0.3670664978714755 off 0.3265075148091137 neg 0.3064259873194108	false	1.0
explosion	neg 1.0		__DUMMY__ 0.364788612807743 neg 0.3227252507931238 off 0.31248613639913325	false	1.0
minusmensch	off 1.0		__DUMMY__ 0.36637416064673073 off 0.33130570277646093 neg 0.30232013657680834	false	1.0
farblos	neg 1.0		__DUMMY__ 0.3691722227638265 off 0.3221491596100474 neg 0.30867861762612614	false	0.5
unwissend	neg 1.0		__DUMMY__ 0.3675876464295897 off 0.3239504455485059 neg 0.3084619080219044	false	0.5
traurig	neg 1.0		__DUMMY__ 0.3674029205849997 off 0.32504143635551486 neg 0.3075556430594853	false	0.5
senkung	neg 1.0		__DUMMY__ 0.3674598258785407 neg 0.31871679675238235 off 0.3138233773690769	false	1.0
ungleich	neg 1.0		__DUMMY__ 0.3679726232047633 off 0.320859816934985 neg 0.3111675598602517	false	0.5
heikel	neg 1.0		__DUMMY__ 0.36786606446643505 off 0.3210857694003692 neg 0.3110481661331958	false	0.5
drosselung	neg 1.0		__DUMMY__ 0.3679135636178843 neg 0.3174104371264743 off 0.3146759992556414	false	1.0
falsch	neg 1.0		__DUMMY__ 0.36761855491043355 off 0.3238681211399075 neg 0.3085133239496589	false	0.5
unzufriedenheit	neg 1.0		__DUMMY__ 0.36803783082572283 off 0.32019906746578164 neg 0.31176310170849564	false	0.5
kurz	neg 1.0		__DUMMY__ 0.3679572009260139 off 0.32347027921416993 neg 0.3085725198598162	false	0.5
unsinnig	neg 1.0		__DUMMY__ 0.367699104889563 off 0.3217542962274636 neg 0.3105465988829735	false	0.5
penner	off 1.0		__DUMMY__ 0.36702846103359593 off 0.3262197020764821 neg 0.3067518368899221	false	1.0
seicht	neg 1.0		__DUMMY__ 0.367689402400691 off 0.3245574054232002 neg 0.3077531921761087	false	0.5
dummheit	off 1.0		__DUMMY__ 0.36766111240203 off 0.3226307322438672 neg 0.3097081553541029	false	1.0
unerfreulich	neg 1.0		__DUMMY__ 0.368100673208813 off 0.32093749684705597 neg 0.3109618299441311	false	0.5
pikiert	neg 1.0		__DUMMY__ 0.3676883238578951 off 0.3237181854719244 neg 0.30859349067018055	false	0.5
motherfucker	off 1.0		__DUMMY__ 0.4685314011990514 off 0.3183451598599926 neg 0.213123438940956	false	1.0
wrack	neg 1.0		__DUMMY__ 0.3683083843414708 off 0.32110811739967926 neg 0.31058349825884995	false	0.5
gangster	neg 1.0		__DUMMY__ 0.41118828817200515 off 0.3323359685633519 neg 0.2564757432646431	false	0.5
krank	neg 1.0		__DUMMY__ 0.3673421272543822 off 0.3254116544291271 neg 0.30724621831649074	false	0.5
reich	neg 1.0		__DUMMY__ 0.3682070840577774 off 0.32104740824550454 neg 0.31074550769671805	false	0.5
gnadenlos	neg 1.0		__DUMMY__ 0.3679567296639625 off 0.32292539084749455 neg 0.3091178794885429	false	0.5
niedergeschlagen	neg 1.0		__DUMMY__ 0.36797582043670707 off 0.32212146862725743 neg 0.3099027109360356	false	0.5
terrorisieren	off 1.0	off 1.0	off 0.6497677850985784 __DUMMY__ 0.17777658962359258 neg 0.1724556252778289	false	1.0
sinnlosigkeit	neg 1.0		__DUMMY__ 0.3678349755071983 off 0.3215370110550652 neg 0.31062801343773644	false	0.5
behindern	neg 1.0		__DUMMY__ 0.3684094174880848 off 0.31803919519230633 neg 0.3135513873196088	false	0.5
undemokratisch	neg 1.0		__DUMMY__ 0.3672369609497485 off 0.32009786677838703 neg 0.31266517227186447	false	0.5
wirtschaftskrise	neg 1.0		__DUMMY__ 0.3685533880924833 off 0.31656925346736325 neg 0.3148773584401535	false	0.5
neid	neg 1.0		__DUMMY__ 0.368114433454624 off 0.32370099505622474 neg 0.30818457148915124	false	0.5
rutschen	neg 1.0		__DUMMY__ 0.3685424422365056 off 0.3219583006545804 neg 0.30949925710891385	false	0.5
rezession	neg 1.0		__DUMMY__ 0.36866606410896263 neg 0.31650468540757964 off 0.3148292504834579	false	1.0
fehlgeburt	neg 1.0		__DUMMY__ 0.3670621867477473 off 0.32415200620110557 neg 0.3087858070511471	false	0.5
charakterschwach	off 1.0		__DUMMY__ 0.3676426278979557 off 0.3234891359814368 neg 0.3088682361206076	false	1.0
isolation	neg 1.0		__DUMMY__ 0.36218732883237725 neg 0.32696263287204214 off 0.31085003829558067	false	1.0
ablenkung	neg 1.0		__DUMMY__ 0.3677441790861797 off 0.3230194800408827 neg 0.3092363408729375	false	0.5
pech	neg 1.0		__DUMMY__ 0.36780328490365605 off 0.3247771594538905 neg 0.30741955564245343	false	0.5
dominieren	neg 1.0		__DUMMY__ 0.3691060440873702 off 0.31735766910257573 neg 0.313536286810054	false	0.5
vermeidung	neg 1.0		__DUMMY__ 0.367176728226572 neg 0.3189347465496521 off 0.3138885252237758	false	1.0
schwindlig	neg 1.0		__DUMMY__ 0.3671230266537316 off 0.3260826032650822 neg 0.30679437008118626	false	0.5
lutscher	neg 1.0		__DUMMY__ 0.36623669802536796 off 0.329740081058524 neg 0.3040232209161081	false	0.5
pflicht	neg 1.0		__DUMMY__ 0.36819432227801446 off 0.32072787384720813 neg 0.3110778038747775	false	0.5
faschist	off 1.0		__DUMMY__ 0.36753992787154743 off 0.3222934452777078 neg 0.3101666268507447	false	1.0
verschleudern	neg 1.0		__DUMMY__ 0.3682265583295988 off 0.3183979343910978 neg 0.31337550727930347	false	0.5
ehebruch	neg 1.0		__DUMMY__ 0.36800758624144797 off 0.3213885028591322 neg 0.31060391089941974	false	0.5
trostlosigkeit	neg 1.0		__DUMMY__ 0.36805363692096493 off 0.32048918861086995 neg 0.31145717446816523	false	0.5
lutschen	neg 1.0		__DUMMY__ 0.3652249953998049 off 0.3304632556720953 neg 0.3043117489280998	false	0.5
spott	off 1.0		__DUMMY__ 0.3680026373897654 off 0.3207840798859734 neg 0.3112132827242611	false	1.0
undiszipliniert	neg 1.0		__DUMMY__ 0.36725042198163754 off 0.32504050023606906 neg 0.30770907778229334	false	0.5
kopfschmerz	neg 1.0		__DUMMY__ 0.36706127543629785 off 0.32396801540871356 neg 0.30897070915498853	false	0.5
unvorhergesehen	neg 1.0		__DUMMY__ 0.3681609273706764 off 0.32254186124981965 neg 0.3092972113795039	false	0.5
desinteressiert	neg 1.0		__DUMMY__ 0.367506813805341 off 0.3247945990547498 neg 0.30769858713990916	false	0.5
armselig	off 1.0		__DUMMY__ 0.367927437214751 off 0.32347558775276886 neg 0.30859697503248007	false	1.0
tod	neg 1.0		__DUMMY__ 0.3681964935063914 off 0.3205604725895665 neg 0.3112430339040422	false	0.5
desaster	neg 1.0		__DUMMY__ 0.3683049111791273 off 0.3190993290425983 neg 0.3125957597782744	false	0.5
herzlos	neg 1.0		__DUMMY__ 0.3675248198589518 off 0.3247863428253872 neg 0.307688837315661	false	0.5
unwissenheit	neg 1.0		__DUMMY__ 0.36765328366114836 off 0.32087631398694955 neg 0.31147040235190215	false	0.5
widersinnig	neg 1.0		__DUMMY__ 0.3677482453358642 off 0.31970506420070016 neg 0.31254669046343564	false	0.5
bedenklich	neg 1.0		__DUMMY__ 0.36788827682661124 off 0.32104823645875313 neg 0.31106348671463563	false	0.5
beanstanden	neg 1.0		__DUMMY__ 0.3682287716456925 off 0.32025878111669787 neg 0.31151244723760957	false	0.5
panisch	neg 1.0		__DUMMY__ 0.3673820816916191 off 0.32414626362308874 neg 0.30847165468529214	false	0.5
abstrich	neg 1.0		__DUMMY__ 0.36681737379632945 off 0.3239189318277041 neg 0.3092636943759665	false	0.5
debil	off 1.0		__DUMMY__ 0.362530044071233 off 0.3373246834586085 neg 0.3001452724701586	false	1.0
primitiv	neg 1.0		__DUMMY__ 0.3679721472137461 off 0.32381109820900805 neg 0.30821675457724584	false	0.5
abschaum	off 1.0		__DUMMY__ 0.36771780135896137 off 0.3232650160620845 neg 0.3090171825789541	false	1.0
tot	neg 1.0		__DUMMY__ 0.3673517662986704 off 0.3243221274298265 neg 0.308326106271503	false	0.5
provozieren	neg 1.0		__DUMMY__ 0.3677921516011878 off 0.3225368486716792 neg 0.30967099972713324	false	0.5
instabil	neg 1.0		__DUMMY__ 0.36850367613267027 off 0.3217463486978496 neg 0.30974997516948016	false	0.5
schwuchtel	off 1.0		__DUMMY__ 0.36578091308768057 off 0.33047112641842963 neg 0.3037479604938897	false	1.0
zerren	neg 1.0		__DUMMY__ 0.3677937842224915 off 0.3223631813833951 neg 0.3098430343941134	false	0.5
kinderficker	off 1.0		__DUMMY__ 0.36716056472726577 off 0.32390903280291006 neg 0.3089304024698242	false	1.0
gefahr	neg 1.0		__DUMMY__ 0.3685817919670574 off 0.31778892870912534 neg 0.3136292793238172	false	0.5
rabiat	neg 1.0		__DUMMY__ 0.3680605786467099 off 0.32245997853194935 neg 0.30947944282134066	false	0.5
verlangsamung	neg 1.0		__DUMMY__ 0.3693111179130647 off 0.3158838257545132 neg 0.3148050563324222	false	0.5
anklagen	neg 1.0		__DUMMY__ 0.3678332583100575 off 0.31805392591632936 neg 0.3141128157736131	false	0.5
ausgestorben	neg 1.0		__DUMMY__ 0.36831028659271975 off 0.3219183911922386 neg 0.30977132221504167	false	0.5
verminderung	neg 1.0		__DUMMY__ 0.36753732942100403 neg 0.31888988719906036 off 0.3135727833799356	false	1.0
rost	neg 1.0		__DUMMY__ 0.3702976486413196 off 0.3187217838827761 neg 0.31098056747590436	false	0.5
destruktiv	neg 1.0		__DUMMY__ 0.3677990790711481 off 0.32150667942386957 neg 0.3106942415049822	false	0.5
unzumutbarkeit	neg 1.0		__DUMMY__ 0.36819305656357 off 0.3179035863994968 neg 0.31390335703693334	false	0.5
labil	off 1.0	off 1.0	off 0.7306158477606219 __DUMMY__ 0.14416280920253005 neg 0.12522134303684798	false	1.0
ziemlich	neg 1.0		__DUMMY__ 0.3675312977300955 off 0.324870528790316 neg 0.3075981734795884	false	0.5
lachnummer	off 1.0		__DUMMY__ 0.3680451962714623 off 0.32150594550385136 neg 0.3104488582246863	false	1.0
ausgrenzung	neg 1.0		__DUMMY__ 0.3677702367181826 off 0.31867636310445735 neg 0.3135534001773601	false	0.5
verfall	neg 1.0		__DUMMY__ 0.36819190924509576 off 0.31910923566503985 neg 0.31269885508986445	false	0.5
unordnung	neg 1.0	neg 1.0	neg 0.639975292336051 off 0.18059680485540183 __DUMMY__ 0.1794279028085473	false	1.0
fehlverhalten	neg 1.0		__DUMMY__ 0.36797876067295715 off 0.3201923229854427 neg 0.3118289163416001	false	0.5
nille	neg 1.0		__DUMMY__ 0.36296393887421635 off 0.338071347521612 neg 0.2989647136041715	false	0.5
qual	neg 1.0		__DUMMY__ 0.3401860199282586 off 0.3328803228555744 neg 0.3269336572161671	false	0.5
riesig	neg 1.0		__DUMMY__ 0.3676617347673851 off 0.328250557508827 neg 0.3040877077237878	false	0.5
verschwenden	neg 1.0		__DUMMY__ 0.3678685039017863 off 0.32164277967406224 neg 0.3104887164241516	false	0.5
verurteilen	neg 1.0		__DUMMY__ 0.3677511864577536 off 0.3208388482776855 neg 0.31140996526456105	false	0.5
klischee	neg 1.0		__DUMMY__ 0.3678639746088918 off 0.32331695502896934 neg 0.30881907036213885	false	0.5
diktatorisch	neg 1.0		__DUMMY__ 0.36732211987714536 off 0.32048322246726635 neg 0.3121946576555883	false	0.5
vorhersehbar	neg 1.0		__DUMMY__ 0.3681255148332789 off 0.32267637914743685 neg 0.30919810601928444	false	0.5
stornieren	neg 1.0		__DUMMY__ 0.36784185882551357 off 0.32079527724268436 neg 0.311362863931802	false	0.5
besteuerung	neg 1.0		__DUMMY__ 0.36810789714316067 neg 0.3174368850511526 off 0.31445521780568675	false	1.0
ungeschminkt	neg 1.0		__DUMMY__ 0.36606232295195057 off 0.3286365752653078 neg 0.3053011017827416	false	0.5
kritisch	neg 1.0		__DUMMY__ 0.3680033031060888 off 0.32075114726958104 neg 0.3112455496243301	false	0.5
schlamperei	off 1.0		__DUMMY__ 0.3681210263564424 off 0.3182346254674289 neg 0.31364434817612863	false	1.0
sucht	neg 1.0		__DUMMY__ 0.36980254857320666 off 0.32114152930160705 neg 0.30905592212518634	false	0.5
egoistisch	off 1.0		__DUMMY__ 0.367113296964756 off 0.32512979124484254 neg 0.30775691179040154	false	1.0
ausbeuter	off 1.0		__DUMMY__ 0.3679735927005624 off 0.3203001005860748 neg 0.3117263067133629	false	1.0
arschgeburt			__DUMMY__ 0.3653904301185859 off 0.3315575914420608 neg 0.3030519784393533	false	0.0
schubs	neg 1.0		__DUMMY__ 0.36686130007332923 off 0.32537934636848564 neg 0.3077593535581851	false	0.5
unsolide	neg 1.0		__DUMMY__ 0.3674409952876124 off 0.32019305374972323 neg 0.3123659509626644	false	0.5
beschwerde	neg 1.0		__DUMMY__ 0.3677431018046418 off 0.3184749265790546 neg 0.3137819716163036	false	0.5
stocken	neg 1.0		__DUMMY__ 0.3689781652680449 off 0.31661565352399856 neg 0.31440618120795655	false	0.5
isolieren	neg 1.0		__DUMMY__ 0.3683768741899051 off 0.3174715522118412 neg 0.31415157359825363	false	0.5
unheilbar	neg 1.0		__DUMMY__ 0.36781448656292864 off 0.32228214898683927 neg 0.30990336445023214	false	0.5
pisser	off 1.0		__DUMMY__ 0.36546678190736714 off 0.3315090861207663 neg 0.30302413197186656	false	1.0
löschen	neg 1.0		__DUMMY__ 0.36337734388430704 off 0.3251351222239431 neg 0.31148753389175	false	0.5
durchfallen	neg 1.0		__DUMMY__ 0.36771227996574246 off 0.3215668374643661 neg 0.31072088256989144	false	0.5
wichser	off 1.0		__DUMMY__ 0.3670336368399937 off 0.32653232750524086 neg 0.30643403565476535	false	1.0
terror	neg 1.0		__DUMMY__ 0.36455201928065095 neg 0.32040403636311066 off 0.3150439443562383	false	1.0
krass	neg 1.0		__DUMMY__ 0.36632672442410175 off 0.3284403458320461 neg 0.30523292974385224	false	0.5
revolte	neg 1.0		__DUMMY__ 0.3684214556640111 off 0.3171135565932617 neg 0.31446498774272713	false	0.5
besorgt	neg 1.0		__DUMMY__ 0.3678443248124335 off 0.3223972601274562 neg 0.30975841506011037	false	0.5
nachlassen	neg 1.0		__DUMMY__ 0.3682000553172507 off 0.3207665360789249 neg 0.3110334086038244	false	0.5
alt	neg 1.0		__DUMMY__ 0.3681314134126526 off 0.3257413206631941 neg 0.3061272659241533	false	0.5
hundesohn	off 1.0		__DUMMY__ 0.36450529179811847 off 0.33397388959224006 neg 0.3015208186096414	false	1.0
abschreckung	neg 1.0		__DUMMY__ 0.3679365217093006 off 0.3197123848670661 neg 0.3123510934236333	false	0.5
unqualifiziert	neg 1.0		__DUMMY__ 0.367481699992635 off 0.3224056434431146 neg 0.31011265656425024	false	0.5
abgewichst	off 1.0		__DUMMY__ 0.3637555717878761 off 0.33570517475469613 neg 0.30053925345742777	false	1.0
kapitulation	neg 1.0		__DUMMY__ 0.36819130823821244 off 0.31848685193795057 neg 0.31332183982383693	false	0.5
schwer	neg 1.0		__DUMMY__ 0.3680689629821124 off 0.32261673936012486 neg 0.3093142976577627	false	0.5
bedeutungslosigkeit	neg 1.0		__DUMMY__ 0.36821507876738574 off 0.32011633854635646 neg 0.3116685826862577	false	0.5
unscharf	neg 1.0		__DUMMY__ 0.366773343049792 off 0.3263868138250074 neg 0.3068398431252007	false	0.5
schwinden	neg 1.0		__DUMMY__ 0.3686791248378358 off 0.3171433850626476 neg 0.3141774900995165	false	0.5
versklavung	neg 1.0		__DUMMY__ 0.36759359564097976 off 0.3179791944917244 neg 0.3144272098672959	false	0.5
schlecht	neg 1.0		__DUMMY__ 0.36762862587323875 off 0.3243170177542233 neg 0.308054356372538	false	0.5
verhasst	neg 1.0		__DUMMY__ 0.36792068829575886 off 0.3219065393160199 neg 0.31017277238822116	false	0.5
beschweren	neg 1.0		__DUMMY__ 0.36805413199818965 off 0.3228581852073327 neg 0.3090876827944777	false	0.5
scheiden	neg 1.0		__DUMMY__ 0.3681188075163707 off 0.3228484267298579 neg 0.3090327657537713	false	0.5
frustriert	neg 1.0		__DUMMY__ 0.3678846532850687 off 0.32225324273767453 neg 0.3098621039772568	false	0.5
schimmelig	neg 1.0		__DUMMY__ 0.36648097555454656 off 0.32849909449312614 neg 0.30501992995232735	false	0.5
fisch	neg 1.0		__DUMMY__ 0.36826754526244326 off 0.32562032991673656 neg 0.3061121248208201	false	0.5
schmuggel	neg 1.0		__DUMMY__ 0.3680642186550473 off 0.3211371309841621 neg 0.3107986503607907	false	0.5
auffallen	neg 1.0		__DUMMY__ 0.36789108220309336 off 0.32284277899107294 neg 0.30926613880583376	false	0.5
konkurrenz	neg 1.0		__DUMMY__ 0.368198646589833 off 0.320313201752069 neg 0.31148815165809807	false	0.5
teufelskreis	neg 1.0		__DUMMY__ 0.36805547738356487 off 0.32202501597222144 neg 0.30991950664421364	false	0.5
aufschreien	neg 1.0		__DUMMY__ 0.36789260580588967 off 0.3234616662196326 neg 0.30864572797447765	false	0.5
missgeburt	off 1.0		__DUMMY__ 0.3658340122866752 off 0.3314187220228778 neg 0.3027472656904469	false	1.0
schuldner	neg 1.0		__DUMMY__ 0.36825129777266274 off 0.3174331917286606 neg 0.3143155104986767	false	0.5
befallen	neg 1.0		__DUMMY__ 0.3673369691745008 off 0.320070752001562 neg 0.3125922788239372	false	0.5
arbeitslos	neg 1.0		__DUMMY__ 0.3679811136055426 off 0.3214862599755075 neg 0.3105326264189499	false	0.5
miesepetrig	off 1.0		__DUMMY__ 0.3674591011073817 off 0.3244473565493508 neg 0.3080935423432674	false	1.0
alarmieren	neg 1.0		__DUMMY__ 0.36847627372413716 off 0.3162784376134471 neg 0.31524528866241563	false	0.5
ungeduscht	off 1.0		__DUMMY__ 0.3664076598888875 off 0.32712782547963837 neg 0.3064645146314741	false	1.0
knappheit	neg 1.0		__DUMMY__ 0.36850944549187575 off 0.317414996133138 neg 0.31407555837498613	false	0.5
schlange	neg 1.0		__DUMMY__ 0.3680421999722005 off 0.32327650158727095 neg 0.3086812984405285	false	0.5
harsch	neg 1.0		__DUMMY__ 0.36783501346440406 off 0.31803147588667 neg 0.31413351064892586	false	0.5
lang	neg 1.0	neg 1.0	neg 0.5955462558214147 off 0.20460359521549681 __DUMMY__ 0.1998501489630884	false	1.0
ziellos	neg 1.0		__DUMMY__ 0.3681277307558329 off 0.3219618823642786 neg 0.3099103868798886	false	0.5
selbstverliebt	neg 1.0		__DUMMY__ 0.3668324679597066 off 0.32752356565939456 neg 0.3056439663808988	false	0.5
beseitigen	neg 1.0		__DUMMY__ 0.3686282301011795 off 0.31765732024510057 neg 0.31371444965372003	false	0.5
dumm	off 1.0		__DUMMY__ 0.36714115596690045 off 0.32595430178178497 neg 0.30690454225131464	false	1.0
arbeitsloser	neg 1.0		__DUMMY__ 0.36807732494459183 off 0.3212010630857678 neg 0.3107216119696404	false	0.5
blitzen	neg 1.0		__DUMMY__ 0.3689594784267827 off 0.3224691255448121 neg 0.3085713960284052	false	0.5
hilflos	neg 1.0		__DUMMY__ 0.3676245683357029 off 0.3223947330358676 neg 0.3099806986284296	false	0.5
eklig	off 1.0		__DUMMY__ 0.36654884621989875 off 0.3277263978598007 neg 0.30572475592030063	false	1.0
hungersnot	neg 1.0		__DUMMY__ 0.36858024885120505 off 0.3181109404350102 neg 0.3133088107137848	false	0.5
ungesetzlich	neg 1.0		__DUMMY__ 0.3677070736734646 off 0.3196798457234402 neg 0.3126130806030952	false	0.5
verschwendung	neg 1.0		__DUMMY__ 0.3679267527348938 off 0.3212018027952728 neg 0.3108714444698333	false	0.5
schmerzvoll	neg 1.0		__DUMMY__ 0.3676757198426001 off 0.32350669391622555 neg 0.3088175862411743	false	0.5
vorzeitig	neg 1.0		__DUMMY__ 0.3683819791996853 off 0.31625787356425816 neg 0.3153601472360565	false	0.5
unvollkommenheit	neg 1.0		__DUMMY__ 0.36790827160125805 off 0.3219425644250713 neg 0.3101491639736705	false	0.5
intervenieren	neg 1.0		__DUMMY__ 0.36780871305841706 off 0.31977904293358805 neg 0.31241224400799494	false	0.5
banause	off 1.0		__DUMMY__ 0.36686872957446753 off 0.32642338506578933 neg 0.3067078853597432	false	1.0
rebell	neg 1.0		__DUMMY__ 0.3643931581955087 off 0.33159753508777734 neg 0.3040093067167139	false	0.5
unlogisch	neg 1.0		__DUMMY__ 0.3672991402545993 off 0.32474632076774457 neg 0.30795453897765623	false	0.5
abschaffung	neg 1.0		__DUMMY__ 0.36765202440985245 off 0.31690368780698885 neg 0.3154442877831588	false	0.5
leiden	neg 1.0		__DUMMY__ 0.3680638030533486 off 0.3229486403367283 neg 0.30898755660992305	false	0.5
sturz	neg 1.0		__DUMMY__ 0.3685654770621024 off 0.3177460317207393 neg 0.31368849121715825	false	0.5
verkleinerung	neg 1.0		__DUMMY__ 0.3681284376947701 neg 0.31601565682548005 off 0.31585590547974984	false	1.0
schmarotzer	off 1.0		__DUMMY__ 0.36774847027520724 off 0.32168384811408524 neg 0.31056768161070747	false	1.0
bestrafung	neg 1.0		__DUMMY__ 0.3678185519922257 off 0.32308082685680867 neg 0.3091006211509657	false	0.5
achtlos	neg 1.0		__DUMMY__ 0.3676927842118014 off 0.32236418479458784 neg 0.30994303099361065	false	0.5
ungeheuer	neg 1.0		__DUMMY__ 0.36816692601684764 off 0.3240165186754321 neg 0.3078165553077202	false	0.5
unaufrichtig	neg 1.0		__DUMMY__ 0.36702500732686855 off 0.3228655919615378 neg 0.31010940071159365	false	0.5
groggy	neg 1.0		__DUMMY__ 0.36718289335351295 off 0.3280421710168367 neg 0.3047749356296504	false	0.5
verletzlich	neg 1.0		__DUMMY__ 0.36748840822017953 off 0.3246278122771884 neg 0.307883779502632	false	0.5
ablehnen	neg 1.0		__DUMMY__ 0.3677379425621756 off 0.32070760184014574 neg 0.3115544555976788	false	0.5
kollaps	neg 1.0		__DUMMY__ 0.3683447806349856 off 0.3159098154653781 neg 0.3157454038996361	false	0.5
beschnitten	neg 1.0		__DUMMY__ 0.3678197474703768 off 0.3229117570004697 neg 0.3092684955291534	false	0.5
defekt	neg 1.0		__DUMMY__ 0.3678520775198133 off 0.3169810162726007 neg 0.315166906207586	false	0.5
dreckskerl	off 1.0		__DUMMY__ 0.3671104100956985 off 0.3248726872890629 neg 0.3080169026152388	false	1.0
deine	neg 1.0		__DUMMY__ 0.366950428901297 off 0.3262713711817606 neg 0.30677819991694244	false	0.5
aufgeben	neg 1.0		__DUMMY__ 0.3682771155944511 off 0.32300928205103896 neg 0.30871360235451	false	0.5
durcheinander	neg 1.0		__DUMMY__ 0.36789812957102014 off 0.32369873713417313 neg 0.30840313329480673	false	0.5
unterbrechen	neg 1.0		__DUMMY__ 0.3680404884715642 off 0.32187289318409107 neg 0.31008661834434487	false	0.5
vergammeln	neg 1.0		__DUMMY__ 0.36788243466287335 off 0.32340732038815456 neg 0.30871024494897215	false	0.5
grotesk	neg 1.0		__DUMMY__ 0.36810722588775563 off 0.3214890604833961 neg 0.31040371362884817	false	0.5
elendig	neg 1.0		__DUMMY__ 0.3675582191435275 off 0.32358685270820076 neg 0.3088549281482717	false	0.5
naiv	off 1.0		__DUMMY__ 0.36804943294654247 off 0.3230956077343776 neg 0.3088549593190799	false	1.0
uneinigkeit	neg 1.0		__DUMMY__ 0.36811855515577685 off 0.3173223140605281 neg 0.314559130783695	false	0.5
fragil	neg 1.0		__DUMMY__ 0.36193791671235337 neg 0.32236982507580286 off 0.31569225821184377	false	1.0
provisorisch	neg 1.0		__DUMMY__ 0.36851960938786854 off 0.3214275089877954 neg 0.31005288162433603	false	0.5
landei	off 1.0		__DUMMY__ 0.36754193001414653 off 0.3262911224684717 neg 0.30616694751738166	false	1.0
bedauerlich	neg 1.0		__DUMMY__ 0.3679869548727531 off 0.32118994990011146 neg 0.3108230952271355	false	0.5
krieg	neg 1.0		__DUMMY__ 0.3678600442175923 off 0.3221901386997842 neg 0.3099498170826235	false	0.5
traurigkeit	neg 1.0		__DUMMY__ 0.3679277277748473 off 0.3227846954992662 neg 0.3092875767258865	false	0.5
monotonie	neg 1.0		__DUMMY__ 0.36823209395288714 off 0.32154749760534274 neg 0.31022040844177007	false	0.5
unliebsam	neg 1.0		__DUMMY__ 0.3679187789005113 off 0.32208953743424384 neg 0.30999168366524477	false	0.5
drift	neg 1.0		neg 0.3550509409380584 __DUMMY__ 0.32277330560340806 off 0.32217575345853366	false	1.0
chaos	neg 1.0		__DUMMY__ 0.3680029509955889 off 0.3192528573492461 neg 0.31274419165516504	false	0.5
blutig	neg 1.0		__DUMMY__ 0.3679674074417633 off 0.32344518362076424 neg 0.3085874089374725	false	0.5
machtlos	neg 1.0		__DUMMY__ 0.3679117797903993 off 0.3209293629859101 neg 0.31115885722369074	false	0.5
