unsolidarisch	neg 1.0		__DUMMY__ 0.4058942314547325 off 0.3014094106011953 neg 0.29269635794407206	false	0.5
nachteilig	neg 1.0		__DUMMY__ 0.40672583171684523 off 0.3002969063611451 neg 0.29297726192200985	false	0.5
skeptisch	neg 1.0		__DUMMY__ 0.4067539265370738 off 0.3011057703895938 neg 0.29214030307333244	false	0.5
schrecklich	neg 1.0		__DUMMY__ 0.40569280982829425 off 0.3058822239123135 neg 0.2884249662593923	false	0.5
schlapp	neg 1.0		__DUMMY__ 0.40592257997249825 off 0.30602783647889525 neg 0.2880495835486064	false	0.5
abfall	neg 1.0		__DUMMY__ 0.4071616728981315 off 0.30024983080431494 neg 0.2925884962975536	false	0.5
widerspenstig	neg 1.0		__DUMMY__ 0.4061402437402287 off 0.303393217480739 neg 0.29046653877903245	false	0.5
abrupt	neg 1.0		__DUMMY__ 0.40702344395913675 off 0.30193482569430063 neg 0.2910417303465626	false	0.5
unwirksam	neg 1.0		__DUMMY__ 0.4067742595170208 neg 0.2975147838769654 off 0.2957109566060138	false	1.0
angreifen	neg 1.0		__DUMMY__ 0.40663476715851027 off 0.3011225956865117 neg 0.2922426371549781	false	0.5
inkonsistent	neg 1.0		__DUMMY__ 0.4068548734329222 off 0.3030742074330152 neg 0.2900709191340626	false	0.5
abrutschen	neg 1.0		__DUMMY__ 0.4066874348195628 off 0.3011075686347928 neg 0.2922049965456443	false	0.5
unsicher	neg 1.0		__DUMMY__ 0.40651285286921196 off 0.30311640372583154 neg 0.2903707434049565	false	0.5
bauernkind	off 1.0		__DUMMY__ 0.4045740404845217 off 0.3099863020803573 neg 0.28543965743512095	false	1.0
angreifer	neg 1.0		__DUMMY__ 0.40646855521296643 off 0.29852932737873167 neg 0.29500211740830196	false	0.5
trennen	neg 1.0		__DUMMY__ 0.4072753410863376 off 0.30195160574354146 neg 0.29077305317012087	false	0.5
schmutz	neg 1.0		__DUMMY__ 0.4069776592890354 off 0.2985576316658926 neg 0.294464709045072	false	0.5
inkonsistenz	neg 1.0		__DUMMY__ 0.40619498899080025 off 0.30390546100489907 neg 0.2898995500043006	false	0.5
erschreckend	neg 1.0		__DUMMY__ 0.40655620189535296 off 0.30190864701948933 neg 0.29153515108515776	false	0.5
ertrinken	neg 1.0		__DUMMY__ 0.4061096912258048 off 0.3024621954701259 neg 0.2914281133040693	false	0.5
pickelface	off 1.0		__DUMMY__ 0.4034577373679225 off 0.3143993038638895 neg 0.2821429587681881	false	1.0
lauch	neg 1.0		__DUMMY__ 0.4041440249019299 off 0.3114555307327955 neg 0.2844004443652745	false	0.5
steuerhinterziehung	neg 1.0		__DUMMY__ 0.4063783970172605 off 0.29834404366339107 neg 0.2952775593193484	false	0.5
unwichtig	neg 1.0		__DUMMY__ 0.4062783844271254 off 0.3039558974063016 neg 0.28976571816657287	false	0.5
schock	neg 1.0		__DUMMY__ 0.4069043247316093 off 0.30307634106461867 neg 0.290019334203772	false	0.5
vergelten	neg 1.0		__DUMMY__ 0.405334701711246 off 0.3008548699153828 neg 0.2938104283733711	false	0.5
beule	neg 1.0		__DUMMY__ 0.4056710120853388 off 0.3067402263583636 neg 0.2875887615562976	false	0.5
verdorbenheit	neg 1.0		__DUMMY__ 0.4089693973716093 off 0.3005377777283647 neg 0.290492824900026	false	0.5
trauma			__DUMMY__ 0.371367611715819 off 0.3327356731366679 neg 0.29589671514751303	false	0.0
sinnlos	neg 1.0		__DUMMY__ 0.4062077997249637 off 0.30390257123323866 neg 0.2898896290417977	false	0.5
fettsack	off 1.0		__DUMMY__ 0.4050636281749732 off 0.3094792152231405 neg 0.2854571566018863	false	1.0
feige	off 1.0		__DUMMY__ 0.40639560090895327 off 0.30389646272080173 neg 0.289707936370245	false	1.0
abdanken	neg 1.0		__DUMMY__ 0.4062705908090165 off 0.30143971478798937 neg 0.2922896944029941	false	0.5
wichtigtuer	off 1.0	off 1.0	off 0.6409985050831908 __DUMMY__ 0.1965385247611155 neg 0.16246297015569366	false	1.0
misslingen	neg 1.0		__DUMMY__ 0.40603174339065873 off 0.3033248815744076 neg 0.2906433750349336	false	0.5
untreu	off 1.0		__DUMMY__ 0.40637875977270016 off 0.3039666406883579 neg 0.28965459953894196	false	1.0
missmutig	neg 1.0		__DUMMY__ 0.40663326194923766 off 0.3031691624356167 neg 0.29019757561514575	false	0.5
hurenbock	off 1.0		__DUMMY__ 0.40411448933984656 off 0.3098432119620351 neg 0.28604229869811837	false	1.0
betrunken	neg 1.0		__DUMMY__ 0.4056071165577424 off 0.3059506148806381 neg 0.2884422685616196	false	0.5
korrupt	off 1.0		__DUMMY__ 0.40616025708715725 off 0.3012851419562261 neg 0.29255460095661673	false	1.0
unmut	neg 1.0		__DUMMY__ 0.4067871387170794 off 0.2998139403980573 neg 0.29339892088486336	false	0.5
hackfresse	off 1.0		__DUMMY__ 0.40532316166411103 off 0.3068524370851422 neg 0.28782440125074676	false	1.0
aufblasen	neg 1.0		__DUMMY__ 0.406301624467775 off 0.3038755055595562 neg 0.2898228699726687	false	0.5
gewaltsam	neg 1.0		__DUMMY__ 0.40662407693072017 off 0.29915744648262654 neg 0.2942184765866532	false	0.5
unbeliebtheit	neg 1.0		__DUMMY__ 0.4066951697885596 off 0.29824892254789964 neg 0.29505590766354084	false	0.5
sturheit	neg 1.0		__DUMMY__ 0.4064838367071775 off 0.3012291712146496 neg 0.292286992078173	false	0.5
kuh	neg 1.0		__DUMMY__ 0.40474989026608554 off 0.31019064298631205 neg 0.28505946674760246	false	0.5
erschrecken	neg 1.0		__DUMMY__ 0.4061339756099746 off 0.304404226687067 neg 0.28946179770295827	false	0.5
opfer	neg 1.0		__DUMMY__ 0.4066762441405701 off 0.3016547634036718 neg 0.29166899245575806	false	0.5
stinktier	neg 1.0		__DUMMY__ 0.40468072937744926 off 0.30988785681753966 neg 0.2854314138050111	false	0.5
sinken	neg 1.0		__DUMMY__ 0.40776928026103354 off 0.29790161178230495 neg 0.29432910795666145	false	0.5
tucke	off 1.0		__DUMMY__ 0.40429807304985615 off 0.3091165420634331 neg 0.28658538488671076	false	1.0
abstieg	neg 1.0		__DUMMY__ 0.40705605925064237 off 0.29959663423778155 neg 0.29334730651157603	false	0.5
missverstehen	neg 1.0		__DUMMY__ 0.40647170674371563 off 0.30322338304263363 neg 0.2903049102136509	false	0.5
ergebnislos	neg 1.0		__DUMMY__ 0.4071939592677433 off 0.297703398430714 neg 0.2951026423015429	false	0.5
manipulieren	neg 1.0		__DUMMY__ 0.4061608085799084 off 0.301488313263839 neg 0.29235087815625255	false	0.5
verschleppen	neg 1.0		__DUMMY__ 0.40676114548184594 off 0.2983543995511155 neg 0.29488445496703863	false	0.5
unbewiesen	neg 1.0		__DUMMY__ 0.40666161785507554 off 0.2998020826335839 neg 0.29353629951134047	false	0.5
weib	off 1.0		__DUMMY__ 0.4047922665490553 off 0.3088588015341143 neg 0.2863489319168304	false	1.0
opposition	neg 1.0		__DUMMY__ 0.40569256120457153 neg 0.29734446459351477 off 0.2969629742019137	false	1.0
verkehrswidrig	neg 1.0		__DUMMY__ 0.4055543314008969 off 0.2988592188639165 neg 0.29558644973518666	false	0.5
inkorrekt	neg 1.0		__DUMMY__ 0.40626312937488823 off 0.30377247438723604 neg 0.2899643962378758	false	0.5
vermeiden	neg 1.0		__DUMMY__ 0.40714380524619576 off 0.2994762643380587 neg 0.29337993041574545	false	0.5
abweichung	neg 1.0		__DUMMY__ 0.40707712736731155 off 0.29919812217231834 neg 0.29372475046037005	false	0.5
alkoholisiert	neg 1.0		__DUMMY__ 0.4065682931255585 off 0.30182619595901194 neg 0.2916055109154294	false	0.5
scheiss	off 1.0	off 1.0	off 0.6425323840272538 __DUMMY__ 0.19659018269163034 neg 0.16087743328111592	false	1.0
herausforderung	neg 1.0		__DUMMY__ 0.40735851312866234 off 0.3001283904488726 neg 0.2925130964224652	false	0.5
pervers	off 1.0		__DUMMY__ 0.40459343079744214 off 0.3087525240483912 neg 0.28665404515416665	false	1.0
wackelig	neg 1.0		__DUMMY__ 0.40642183788628583 off 0.3034881865010495 neg 0.29008997561266464	false	0.5
verwickeln	neg 1.0		__DUMMY__ 0.4066241939983016 off 0.3029342137683146 neg 0.2904415922333837	false	0.5
vorwand	neg 1.0		__DUMMY__ 0.40631948711976057 off 0.3013264267390288 neg 0.2923540861412105	false	0.5
muschi	off 1.0		__DUMMY__ 0.40355124709135515 off 0.3138139927405815 neg 0.2826347601680633	false	1.0
entmutigung	neg 1.0		__DUMMY__ 0.40636838769884603 off 0.2988453552553297 neg 0.2947862570458244	false	0.5
unstetig	neg 1.0		__DUMMY__ 0.40644695584251417 off 0.301687404877947 neg 0.2918656392795389	false	0.5
unangemessen	neg 1.0		__DUMMY__ 0.4065025052373156 off 0.3015406204535219 neg 0.2919568743091624	false	0.5
entmutigen	neg 1.0		__DUMMY__ 0.40652911433384614 off 0.30328510369932743 neg 0.2901857819668264	false	0.5
schwanz	neg 1.0		__DUMMY__ 0.4030213357122848 off 0.3118945353508958 neg 0.28508412893681934	false	0.5
verbot	neg 1.0		__DUMMY__ 0.40641844860565896 off 0.2989646049296643 neg 0.2946169464646769	false	0.5
leid	neg 1.0		__DUMMY__ 0.405706835522431 off 0.3063267459464633 neg 0.2879664185311057	false	0.5
archaisch	neg 1.0		__DUMMY__ 0.40636843339095535 off 0.3017042871044478 neg 0.2919272795045969	false	0.5
scheidung	neg 1.0		__DUMMY__ 0.407138789125656 off 0.2965359886121804 neg 0.2963252222621636	false	0.5
abgestanden	neg 1.0		__DUMMY__ 0.40666267543239476 off 0.3049278687000582 neg 0.28840945586754707	false	0.5
einschlag	neg 1.0		__DUMMY__ 0.407037941949295 off 0.29904617926743593 neg 0.29391587878326914	false	0.5
schmierig	off 1.0		__DUMMY__ 0.405869192529999 off 0.3058819373744158 neg 0.2882488700955851	false	1.0
unpraktisch	neg 1.0		__DUMMY__ 0.40608688320483266 off 0.30490376466014935 neg 0.28900935213501805	false	0.5
wixxer	off 1.0		__DUMMY__ 0.4048895214323188 off 0.3098147646981189 neg 0.2852957138695622	false	1.0
jammerlappen	off 1.0		__DUMMY__ 0.40621494024416593 off 0.3039915969020895 neg 0.2897934628537445	false	1.0
farce	neg 1.0		__DUMMY__ 0.40655505252440827 off 0.29898633711064276 neg 0.2944586103649489	false	0.5
zwecklos	neg 1.0		__DUMMY__ 0.4066630934447748 off 0.301644537893626 neg 0.29169236866159926	false	0.5
turbulent	neg 1.0		__DUMMY__ 0.40588813029691695 off 0.3011781752781283 neg 0.2929336944249548	false	0.5
schuld	neg 1.0		__DUMMY__ 0.40614878351375605 off 0.30320331245922694 neg 0.2906479040270171	false	0.5
risiko	neg 1.0		__DUMMY__ 0.40793205226266843 off 0.29704923442571846 neg 0.29501871331161295	false	0.5
invasion	neg 1.0		__DUMMY__ 0.3976086176663176 neg 0.3120732369317966 off 0.29031814540188583	false	1.0
finster	neg 1.0		__DUMMY__ 0.40643141933929494 off 0.3052470213171668 neg 0.28832155934353837	false	0.5
geisteskrank	off 1.0		__DUMMY__ 0.4063936185987375 off 0.30390356504419025 neg 0.2897028163570721	false	1.0
ausbeute	neg 1.0		__DUMMY__ 0.4083300773279894 off 0.3016180409258494 neg 0.2900518817461612	false	0.5
zusammenbrechen	neg 1.0		__DUMMY__ 0.4062374334346511 off 0.3025122487461644 neg 0.29125031781918453	false	0.5
hinterhalt	neg 1.0		__DUMMY__ 0.4066571804851739 off 0.30156573870962705 neg 0.29177708080519893	false	0.5
kritik	neg 1.0		__DUMMY__ 0.406453520865888 off 0.2992803702310008 neg 0.29426610890311117	false	0.5
einschrumpfen	neg 1.0		__DUMMY__ 0.4040038944230932 off 0.29912664549024703 neg 0.2968694600866597	false	0.5
riskant	neg 1.0		__DUMMY__ 0.4065945194436652 off 0.3016887569371529 neg 0.29171672361918194	false	0.5
frustrieren	neg 1.0		__DUMMY__ 0.40668202888714844 off 0.3020865807698027 neg 0.29123139034304896	false	0.5
groll	neg 1.0		__DUMMY__ 0.40671468292494845 off 0.3014103288704731 neg 0.2918749882045785	false	0.5
qualvoll	neg 1.0		__DUMMY__ 0.40586600016397834 off 0.30402201582886523 neg 0.2901119840071565	false	0.5
wackeln	neg 1.0		__DUMMY__ 0.40668209787817755 off 0.303391263201756 neg 0.28992663892006654	false	0.5
klagen	neg 1.0		__DUMMY__ 0.4065404215090623 off 0.2995805495903524 neg 0.2938790289005853	false	0.5
trauern	neg 1.0		__DUMMY__ 0.4065125089933519 off 0.3019322564355871 neg 0.2915552345710609	false	0.5
ablehnung	neg 1.0		__DUMMY__ 0.40666639501818547 off 0.2987637146804894 neg 0.29456989030132524	false	0.5
bankrott	neg 1.0		__DUMMY__ 0.4054236525043593 neg 0.29991714155027877 off 0.29465920594536193	false	1.0
stur	neg 1.0		__DUMMY__ 0.406146785953749 off 0.30281168952155224 neg 0.2910415245246987	false	0.5
aufruhr	neg 1.0		__DUMMY__ 0.40740049316571436 off 0.2975162698052211 neg 0.29508323702906447	false	0.5
melancholie	neg 1.0		__DUMMY__ 0.40635645246871294 off 0.30451159980488485 neg 0.2891319477264023	false	0.5
torheit	neg 1.0		__DUMMY__ 0.40651892408280166 off 0.3009594005776634 neg 0.2925216753395349	false	0.5
dreckskind	off 1.0		__DUMMY__ 0.40402549821612793 off 0.31245839621068905 neg 0.2835161055731832	false	1.0
umtauschen	neg 1.0		__DUMMY__ 0.40590164430916975 off 0.3048541850076448 neg 0.28924417068318536	false	0.5
zersetzen	neg 1.0		__DUMMY__ 0.4066014725087612 off 0.300568215955624 neg 0.29283031153561473	false	0.5
frust	neg 1.0		__DUMMY__ 0.40631181526811505 off 0.3023909340647472 neg 0.29129725066713763	false	0.5
unerbittlichkeit	neg 1.0		__DUMMY__ 0.40663206495699167 off 0.3006169052640036 neg 0.29275102977900486	false	0.5
unkorrekt	neg 1.0		__DUMMY__ 0.405778411958855 off 0.3042779709439861 neg 0.2899436170971588	false	0.5
hexe	off 1.0		__DUMMY__ 0.4064957806667073 off 0.3067469267005699 neg 0.2867572926327227	false	1.0
lasch	neg 1.0		__DUMMY__ 0.406371617075831 off 0.30292001439554195 neg 0.290708368528627	false	0.5
rivale	neg 1.0		__DUMMY__ 0.40605984281462604 off 0.2976164895041535 neg 0.29632366768122054	false	0.5
mutlos	off 1.0		__DUMMY__ 0.40663041304688435 off 0.30106443766290464 neg 0.292305149290211	false	1.0
wirr	off 1.0		__DUMMY__ 0.4050643411955912 off 0.30616663974140734 neg 0.2887690190630014	false	1.0
strafbar	neg 1.0		__DUMMY__ 0.4066568753417436 off 0.30139571504733387 neg 0.2919474096109224	false	0.5
erosion	neg 1.0	neg 1.0	neg 0.6308913002783023 __DUMMY__ 0.20136320754699144 off 0.16774549217470627	false	1.0
eingehen	neg 1.0		__DUMMY__ 0.4065747689420509 off 0.30172814571730744 neg 0.29169708534064165	false	0.5
faul	off 1.0		__DUMMY__ 0.40551479980185645 off 0.30619788982829593 neg 0.28828731036984767	false	1.0
provisorium	neg 1.0		__DUMMY__ 0.40709404020994205 off 0.30053966935433835 neg 0.29236629043571954	false	0.5
schmerzen	neg 1.0		__DUMMY__ 0.4056000404585565 off 0.3047696296400561 neg 0.2896303299013875	false	0.5
schrumpfen	neg 1.0		__DUMMY__ 0.4071412166187333 off 0.2993086780944853 neg 0.2935501052867815	false	0.5
geistlos	off 1.0		__DUMMY__ 0.40635281706416027 off 0.30264272649847074 neg 0.29100445643736883	false	1.0
frustrierend	neg 1.0		__DUMMY__ 0.4064806816073604 off 0.3041782080216831 neg 0.2893411103709566	false	0.5
fehlkauf	neg 1.0		__DUMMY__ 0.40824663881755785 off 0.30146783064008253 neg 0.2902855305423596	false	0.5
unzufrieden	neg 1.0		__DUMMY__ 0.4067072392798321 off 0.30163062164163934 neg 0.29166213907852856	false	0.5
verzweifeln	neg 1.0		__DUMMY__ 0.40641770133796545 off 0.3027514164831143 neg 0.2908308821789202	false	0.5
verzweifelt	neg 1.0		__DUMMY__ 0.4065183068936199 off 0.3033723822022845 neg 0.2901093109040957	false	0.5
misstrauensantrag	neg 1.0		__DUMMY__ 0.4055077286700237 off 0.2974368815933545 neg 0.29705538973662177	false	0.5
abfallen	neg 1.0		__DUMMY__ 0.4058751695584083 off 0.3049387528958495 neg 0.28918607754574216	false	0.5
fucker	off 1.0		__DUMMY__ 0.5094482611404957 off 0.30226849926860694 neg 0.18828323959089735	false	1.0
ungezogen	neg 1.0		__DUMMY__ 0.40531248712453866 off 0.3070095019733521 neg 0.28767801090210926	false	0.5
irrsinnig	neg 1.0		__DUMMY__ 0.4063016238878501 off 0.303455960096879 neg 0.29024241601527107	false	0.5
hart	neg 1.0		__DUMMY__ 0.40376837290820167 off 0.31093410792251464 neg 0.28529751916928364	false	0.5
unfassbar	neg 1.0		__DUMMY__ 0.4066952947630692 off 0.3039352559493937 neg 0.28936944928753716	false	0.5
widerlich	off 1.0		__DUMMY__ 0.40602067225301564 off 0.3043909062984482 neg 0.2895884214485363	false	1.0
fatal			__DUMMY__ 0.3930224700787342 off 0.30694435972240774 neg 0.3000331701988581	false	0.0
bruch	neg 1.0		__DUMMY__ 0.4070176280391592 off 0.3002746295768614 neg 0.29270774238397934	false	0.5
aushungern	neg 1.0		__DUMMY__ 0.4061301368707278 off 0.29961207857270944 neg 0.29425778455656276	false	0.5
anspannung	neg 1.0		__DUMMY__ 0.40692851353783177 off 0.30130545570247197 neg 0.29176603075969626	false	0.5
kraftlos	neg 1.0		__DUMMY__ 0.40659620185843903 off 0.3025492508600412 neg 0.2908545472815197	false	0.5
grenzdebil	off 1.0		__DUMMY__ 0.4058620054795249 off 0.3049593269705443 neg 0.2891786675499309	false	1.0
unterwerfen	neg 1.0		__DUMMY__ 0.4065389877688509 off 0.30149285482331833 neg 0.29196815740783083	false	0.5
versenkung	neg 1.0		__DUMMY__ 0.40677303557721145 off 0.30157459538243486 neg 0.29165236904035363	false	0.5
entziehen	neg 1.0		__DUMMY__ 0.4068060833709379 off 0.30077624299033057 neg 0.2924176736387315	false	0.5
finanzkrise	neg 1.0		__DUMMY__ 0.4069027072355069 neg 0.29687020627203425 off 0.2962270864924588	false	1.0
schimpfend	neg 1.0		__DUMMY__ 0.4058362012836858 off 0.3044298049162702 neg 0.2897339938000441	false	0.5
profan	neg 1.0		__DUMMY__ 0.4064261623210271 off 0.30372681569601995 neg 0.2898470219829529	false	0.5
korruption	neg 1.0		__DUMMY__ 0.40649349647882604 off 0.29849252145851196 neg 0.29501398206266194	false	0.5
schmutzig	neg 1.0		__DUMMY__ 0.4059016887586271 off 0.3051506374279451 neg 0.28894767381342773	false	0.5
abraten	neg 1.0		__DUMMY__ 0.40632459525526265 off 0.30425847643116705 neg 0.28941692831357035	false	0.5
sexy	neg 1.0		__DUMMY__ 0.3752871492006178 off 0.32465936159045267 neg 0.3000534892089295	false	0.5
fotze	off 1.0		__DUMMY__ 0.40248735636079563 off 0.31585451383836155 neg 0.28165812980084276	false	1.0
schwarz	neg 1.0		__DUMMY__ 0.4069186499381851 off 0.3021527606310946 neg 0.29092858943072025	false	0.5
verwirren	neg 1.0		__DUMMY__ 0.40617863650274605 off 0.3042334674958731 neg 0.28958789600138096	false	0.5
zahnlos	off 1.0		__DUMMY__ 0.40689073413674165 off 0.30165814984030326 neg 0.2914511160229551	false	1.0
verheeren	neg 1.0		__DUMMY__ 0.40639030511526836 neg 0.2976251395515565 off 0.29598455533317525	false	1.0
rammen	neg 1.0		__DUMMY__ 0.4060447578670888 off 0.30523253020850966 neg 0.28872271192440147	false	0.5
unlauter	neg 1.0		__DUMMY__ 0.4061026600821616 off 0.29839207902520903 neg 0.29550526089262946	false	0.5
unheilvoll	neg 1.0		__DUMMY__ 0.40580153473843694 off 0.30370418800260274 neg 0.2904942772589603	false	0.5
niedrig	neg 1.0		__DUMMY__ 0.4082040713773756 off 0.2982488257957519 neg 0.2935471028268725	false	0.5
weichei	off 1.0		__DUMMY__ 0.40555772782532945 off 0.30688617852552064 neg 0.2875560936491499	false	1.0
explosion	neg 1.0		__DUMMY__ 0.40310780048318984 neg 0.3037714137562328 off 0.2931207857605774	false	1.0
minusmensch	off 1.0		__DUMMY__ 0.40481151705107515 off 0.31166908299060664 neg 0.28351939995831826	false	1.0
farblos	neg 1.0		__DUMMY__ 0.40788387555617306 off 0.30244381278032867 neg 0.2896723116634983	false	0.5
unwissend	neg 1.0		__DUMMY__ 0.40612520043995204 off 0.30433154029403886 neg 0.28954325926600916	false	0.5
traurig	neg 1.0		__DUMMY__ 0.40592409474130015 off 0.30541944634611856 neg 0.28865645891258124	false	0.5
senkung	neg 1.0		__DUMMY__ 0.4060007471995147 neg 0.29969040741341546 off 0.2943088453870699	false	1.0
ungleich	neg 1.0		__DUMMY__ 0.40654898034978687 off 0.3012547668917236 neg 0.2921962527584894	false	0.5
heikel	neg 1.0		__DUMMY__ 0.406430322056515 off 0.30148432170618117 neg 0.29208535623730375	false	0.5
drosselung	neg 1.0		__DUMMY__ 0.4065035611949581 neg 0.29837088821301444 off 0.2951255505920275	false	1.0
falsch	neg 1.0		__DUMMY__ 0.40615982721121396 off 0.30424814301501907 neg 0.28959202977376697	false	0.5
unzufriedenheit	neg 1.0		__DUMMY__ 0.40661877854154793 off 0.30059824865691753 neg 0.2927829728015345	false	0.5
kurz	neg 1.0		__DUMMY__ 0.40653191848251863 off 0.30383661403856316 neg 0.2896314674789182	false	0.5
unsinnig	neg 1.0		__DUMMY__ 0.4062476309295511 off 0.3021549943394157 neg 0.2915973747310333	false	0.5
penner	off 1.0		__DUMMY__ 0.40551538682994304 off 0.3066034500122957 neg 0.28788116315776136	false	1.0
seicht	neg 1.0		__DUMMY__ 0.4062386724559284 off 0.3049255255411836 neg 0.288835802002888	false	0.5
dummheit	off 1.0		__DUMMY__ 0.40620563380276475 off 0.3030222465862899 neg 0.2907721196109454	false	1.0
unerfreulich	neg 1.0		__DUMMY__ 0.4066886318351313 off 0.3013220244028329 neg 0.29198934376203584	false	0.5
pikiert	neg 1.0		__DUMMY__ 0.40623681849762194 off 0.30409726068922893 neg 0.28966592081314907	false	0.5
motherfucker	off 1.0		__DUMMY__ 0.4976584935509396 off 0.3012741514950101 neg 0.20106735495405048	false	1.0
wrack	neg 1.0		__DUMMY__ 0.4069302183715487 off 0.3014703210262 neg 0.2915994606022513	false	0.5
gangster	neg 1.0		__DUMMY__ 0.4429451167932747 off 0.31477596013396986 neg 0.24227892307275556	false	0.5
krank	neg 1.0		__DUMMY__ 0.4058583646327274 off 0.305788267594968 neg 0.28835336777230447	false	0.5
reich	neg 1.0		__DUMMY__ 0.40681098651214376 off 0.3014220112062344 neg 0.29176700228162183	false	0.5
gnadenlos	neg 1.0		__DUMMY__ 0.4065302390577808 off 0.3032979839010885 neg 0.2901717770411307	false	0.5
niedergeschlagen	neg 1.0		__DUMMY__ 0.4065529857578868 off 0.3024994057746404 neg 0.2909476084674728	false	0.5
terrorisieren	off 1.0	off 1.0	off 0.6400216809371032 __DUMMY__ 0.19694916285976047 neg 0.16302915620313638	false	1.0
sinnlosigkeit	neg 1.0		__DUMMY__ 0.40639534883571643 off 0.30193211357175953 neg 0.291672537592524	false	0.5
behindern	neg 1.0		__DUMMY__ 0.40716539312562566 off 0.2983921254894293 neg 0.294442481384945	false	0.5
undemokratisch	neg 1.0		__DUMMY__ 0.40574540633996836 off 0.30054208948221245 neg 0.29371250417781913	false	0.5
wirtschaftskrise	neg 1.0		__DUMMY__ 0.40719079786499135 off 0.2969749743524799 neg 0.29583422778252877	false	0.5
neid	neg 1.0		__DUMMY__ 0.4067064661697982 off 0.3040524452666514 neg 0.2892410885635504	false	0.5
rutschen	neg 1.0		__DUMMY__ 0.407175590351571 off 0.3023073381913175 neg 0.2905170714571113	false	0.5
rezession	neg 1.0		__DUMMY__ 0.40732445973590836 neg 0.2974319755601342 off 0.29524356470395735	false	1.0
fehlgeburt	neg 1.0		__DUMMY__ 0.40555676770923377 off 0.3045598660087217 neg 0.28988336628204453	false	0.5
charakterschwach	off 1.0		__DUMMY__ 0.40618712527533163 off 0.3038723053218129 neg 0.2899405694028555	false	1.0
isolation	neg 1.0		__DUMMY__ 0.4002207092316076 neg 0.30813590743565944 off 0.291643383332733	false	1.0
ablenkung	neg 1.0		__DUMMY__ 0.4062972608874714 off 0.30340138916228776 neg 0.2903013499502408	false	0.5
pech	neg 1.0		__DUMMY__ 0.40636862888490866 off 0.30513272872034425 neg 0.28849864239474704	false	0.5
dominieren	neg 1.0		__DUMMY__ 0.40779942225392424 off 0.2977205965448588 neg 0.294479981201217	false	0.5
vermeidung	neg 1.0		__DUMMY__ 0.4057008430287996 neg 0.2999158489327106 off 0.2943833080384897	false	1.0
schwindlig	neg 1.0		__DUMMY__ 0.4056214738397333 off 0.30646121577978724 neg 0.28791731038047946	false	0.5
lutscher	neg 1.0		__DUMMY__ 0.40465416098754153 off 0.31012733102115203 neg 0.2852185079913063	false	0.5
pflicht	neg 1.0		__DUMMY__ 0.40679115388315146 off 0.30111161057259295 neg 0.2920972355442557	false	0.5
faschist	off 1.0		__DUMMY__ 0.4060759755827983 off 0.3026989943377395 neg 0.29122503007946227	false	1.0
verschleudern	neg 1.0		__DUMMY__ 0.40683125313109814 off 0.2988022673615931 neg 0.29436647950730865	false	0.5
ehebruch	neg 1.0		__DUMMY__ 0.4065875661780786 off 0.30177627672741797 neg 0.29163615709450347	false	0.5
trostlosigkeit	neg 1.0		__DUMMY__ 0.4066376679698824 off 0.3008832002130076 neg 0.29247913181710994	false	0.5
lutschen	neg 1.0		__DUMMY__ 0.4035590674794994 off 0.3108814149528187 neg 0.28555951756768205	false	0.5
spott	off 1.0		__DUMMY__ 0.40658148062038996 off 0.30117944413982606 neg 0.29223907523978393	false	1.0
undiszipliniert	neg 1.0		__DUMMY__ 0.405759636329232 off 0.3054255021922596 neg 0.28881486147850827	false	0.5
kopfschmerz	neg 1.0		__DUMMY__ 0.40555330977583526 off 0.3043713749169646 neg 0.29007531530720004	false	0.5
unvorhergesehen	neg 1.0		__DUMMY__ 0.40676111037855084 off 0.3028981927067203 neg 0.29034069691472897	false	0.5
desinteressiert	neg 1.0		__DUMMY__ 0.4060381430482305 off 0.3051713637579687 neg 0.2887904931938009	false	0.5
armselig	off 1.0		__DUMMY__ 0.4064991112698347 off 0.3038426590100811 neg 0.2896582297200842	false	1.0
tod	neg 1.0		__DUMMY__ 0.40680195444555933 off 0.30094366009019496 neg 0.2922543854642458	false	0.5
desaster	neg 1.0		__DUMMY__ 0.4069141763144259 off 0.2994954532213982 neg 0.2935903704641759	false	0.5
herzlos	neg 1.0		__DUMMY__ 0.40605739111771916 off 0.3051607484532086 neg 0.28878186042907233	false	0.5
unwissenheit	neg 1.0		__DUMMY__ 0.40619647422851274 off 0.30128793291695644 neg 0.29251559285453066	false	0.5
widersinnig	neg 1.0		__DUMMY__ 0.4063039959497224 off 0.30012547652402866 neg 0.29357052752624907	false	0.5
bedenklich	neg 1.0		__DUMMY__ 0.4064545924786342 off 0.3014462846709107 neg 0.29209912285045503	false	0.5
beanstanden	neg 1.0		__DUMMY__ 0.40682998500238166 off 0.30064690790437565 neg 0.29252310709324264	false	0.5
panisch	neg 1.0		__DUMMY__ 0.40590235249819806 off 0.3045330988015617 neg 0.2895645487002402	false	0.5
abstrich	neg 1.0		__DUMMY__ 0.4052906627325766 off 0.3043318866042047 neg 0.29037745066321874	false	0.5
debil	off 1.0		__DUMMY__ 0.40062706529799297 off 0.31782805087015786 neg 0.28154488383184917	false	1.0
primitiv	neg 1.0		__DUMMY__ 0.4065471183308787 off 0.30417434375885344 neg 0.28927853791026803	false	0.5
abschaum	off 1.0		__DUMMY__ 0.4062682971761532 off 0.30364958864583136 neg 0.29008211417801544	false	1.0
tot	neg 1.0		__DUMMY__ 0.40588524481882815 off 0.3047008442162274 neg 0.2894139109649444	false	0.5
provozieren	neg 1.0		__DUMMY__ 0.4063492184644737 off 0.3029237759691529 neg 0.29072700556637354	false	0.5
instabil	neg 1.0		__DUMMY__ 0.4071390724470014 off 0.3020956928245751 neg 0.29076523472842336	false	0.5
schwuchtel	off 1.0		__DUMMY__ 0.4041542139368905 off 0.3108777937691743 neg 0.2849679922939353	false	1.0
zerren	neg 1.0		__DUMMY__ 0.40635168870484784 off 0.30274930801883104 neg 0.29089900327632123	false	0.5
kinderficker	off 1.0		__DUMMY__ 0.4056600004813992 off 0.30431478278943425 neg 0.29002521672916654	false	1.0
gefahr	neg 1.0		__DUMMY__ 0.40721937420438487 off 0.2981798700693309 neg 0.29460075572628425	false	0.5
rabiat	neg 1.0		__DUMMY__ 0.40664516969508985 off 0.30283232404637184 neg 0.29052250625853837	false	0.5
verlangsamung	neg 1.0		__DUMMY__ 0.4080298860992434 off 0.29625057633784924 neg 0.2957195375629073	false	0.5
anklagen	neg 1.0		__DUMMY__ 0.4064014450175145 off 0.2984852917825773 neg 0.29511326319990816	false	0.5
ausgestorben	neg 1.0		__DUMMY__ 0.40691845742042476 off 0.3022815160291241 neg 0.290800026550451	false	0.5
verminderung	neg 1.0		__DUMMY__ 0.4061019451868192 neg 0.29984243787576736 off 0.29405561693741344	false	1.0
rost	neg 1.0		__DUMMY__ 0.4091290929746167 off 0.2989898875534257 neg 0.29188101947195755	false	0.5
destruktiv	neg 1.0		__DUMMY__ 0.4063573929847265 off 0.3019034859710952 neg 0.2917391210441784	false	0.5
unzumutbarkeit	neg 1.0		__DUMMY__ 0.4068035091450904 off 0.2983127836117369 neg 0.2948837072431727	false	0.5
labil	off 1.0	off 1.0	off 0.7205682304106729 __DUMMY__ 0.16040006470737758 neg 0.11903170488194952	false	1.0
ziemlich	neg 1.0		__DUMMY__ 0.4060645544697054 off 0.30524426422969336 neg 0.28869118130060123	false	0.5
lachnummer	off 1.0		__DUMMY__ 0.4066277058916042 off 0.3018895599954498 neg 0.29148273411294595	false	1.0
ausgrenzung	neg 1.0		__DUMMY__ 0.4063313105372974 off 0.2991056280184998 neg 0.2945630614442028	false	0.5
verfall	neg 1.0		__DUMMY__ 0.40678939705655254 off 0.2995103101886123 neg 0.29370029275483517	false	0.5
unordnung	neg 1.0	neg 1.0	neg 0.6304678333218369 __DUMMY__ 0.19877689916394556 off 0.17075526751421766	false	1.0
fehlverhalten	neg 1.0		__DUMMY__ 0.40655544584808373 off 0.3005959268493303 neg 0.29284862730258593	false	0.5
nille	neg 1.0		__DUMMY__ 0.4010993271273876 off 0.31852885833121786 neg 0.2803718145413946	false	0.5
qual	neg 1.0		__DUMMY__ 0.3768776399937234 off 0.31425691679296097 neg 0.30886544321331566	false	0.5
riesig	neg 1.0		__DUMMY__ 0.40623115496802115 off 0.3085725757003141 neg 0.2851962693316649	false	0.5
verschwenden	neg 1.0		__DUMMY__ 0.4064338100757772 off 0.3020312928348508 neg 0.2915348970893721	false	0.5
verurteilen	neg 1.0		__DUMMY__ 0.40630580457747517 off 0.3012467854026193 neg 0.2924474100199056	false	0.5
klischee	neg 1.0		__DUMMY__ 0.4064279251338068 off 0.3036898864300312 neg 0.2898821884361619	false	0.5
diktatorisch	neg 1.0		__DUMMY__ 0.40583774971212744 off 0.300919489525878 neg 0.29324276076199457	false	0.5
vorhersehbar	neg 1.0		__DUMMY__ 0.40671613634679243 off 0.30304331948958224 neg 0.2902405441636252	false	0.5
stornieren	neg 1.0		__DUMMY__ 0.40641739426702606 off 0.3011896299626654 neg 0.2923929757703087	false	0.5
besteuerung	neg 1.0		__DUMMY__ 0.40671031770510574 neg 0.29838823341167997 off 0.29490144888321423	false	1.0
ungeschminkt	neg 1.0		__DUMMY__ 0.4044652985227011 off 0.3090394513668869 neg 0.28649525011041216	false	0.5
kritisch	neg 1.0		__DUMMY__ 0.4065814677722247 off 0.3011471443786654 neg 0.2922713878491099	false	0.5
schlamperei	off 1.0		__DUMMY__ 0.40671466801926576 off 0.2986489460967978 neg 0.2946363858839363	false	1.0
sucht	neg 1.0		__DUMMY__ 0.40858965337205405 off 0.30141026262926907 neg 0.2900000839986768	false	0.5
egoistisch	off 1.0		__DUMMY__ 0.4056085205866558 off 0.3055217636349575 neg 0.2888697157783868	false	1.0
ausbeuter	off 1.0		__DUMMY__ 0.4065496668003501 off 0.30070298466739903 neg 0.29274734853225093	false	1.0
arschgeburt			__DUMMY__ 0.4037293813214677 off 0.31197337529345803 neg 0.2842972433850743	false	0.0
schubs	neg 1.0		__DUMMY__ 0.40533936804879656 off 0.30577309777433204 neg 0.2888875341768715	false	0.5
unsolide	neg 1.0		__DUMMY__ 0.4059698298744793 off 0.30062279678424364 neg 0.29340737334127714	false	0.5
beschwerde	neg 1.0		__DUMMY__ 0.40630182734801107 off 0.29890693788887346 neg 0.29479123476311553	false	0.5
stocken	neg 1.0		__DUMMY__ 0.40765677037929976 off 0.2969960662837441 neg 0.2953471633369563	false	0.5
isolieren	neg 1.0		__DUMMY__ 0.40699597976519997 off 0.2978746324012429 neg 0.2951293878335572	false	0.5
unheilbar	neg 1.0		__DUMMY__ 0.40637544679961446 off 0.30266865620284894 neg 0.2909558969975366	false	0.5
pisser	off 1.0		__DUMMY__ 0.4037929777681673 off 0.31192353866652595 neg 0.2842834835653067	false	1.0
löschen	neg 1.0		__DUMMY__ 0.4017743560830196 off 0.30559127037815553 neg 0.2926343735388249	false	0.5
durchfallen	neg 1.0		__DUMMY__ 0.40626248778983215 off 0.3019677748969052 neg 0.2917697373132627	false	0.5
wichser	off 1.0		__DUMMY__ 0.40552195502234273 off 0.30691191093323683 neg 0.28756613404442055	false	1.0
terror	neg 1.0		__DUMMY__ 0.4028349346539943 neg 0.3014961384938174 off 0.29566892685218815	false	1.0
krass	neg 1.0		__DUMMY__ 0.40474966740200674 off 0.30883928463331306 neg 0.2864110479646802	false	0.5
revolte	neg 1.0		__DUMMY__ 0.4070475748834996 off 0.29752054875421746 neg 0.295431876362283	false	0.5
besorgt	neg 1.0		__DUMMY__ 0.4064087356042187 off 0.3027794441458122 neg 0.29081182024996904	false	0.5
nachlassen	neg 1.0		__DUMMY__ 0.40680150173167007 off 0.301148098539517 neg 0.2920503997288128	false	0.5
alt	neg 1.0		__DUMMY__ 0.4067387806210897 off 0.30605603227532013 neg 0.2872051871035903	false	0.5
hundesohn	off 1.0		__DUMMY__ 0.40276319961822854 off 0.31441132975112324 neg 0.2828254706306482	false	1.0
abschreckung	neg 1.0		__DUMMY__ 0.4065097993032908 off 0.30012381525236675 neg 0.29336638544434246	false	0.5
unqualifiziert	neg 1.0		__DUMMY__ 0.40601047608374746 off 0.3028115829381308 neg 0.2911779409781217	false	0.5
abgewichst	off 1.0		__DUMMY__ 0.4019924719027473 off 0.31612388263916846 neg 0.2818836454580842	false	1.0
kapitulation	neg 1.0		__DUMMY__ 0.40679089532243656 off 0.29889475873900107 neg 0.29431434593856237	false	0.5
schwer	neg 1.0		__DUMMY__ 0.40665367195530056 off 0.30298638515456566 neg 0.2903599428901337	false	0.5
bedeutungslosigkeit	neg 1.0		__DUMMY__ 0.4068141788367006 off 0.3005063317598857 neg 0.29267948940341376	false	0.5
unscharf	neg 1.0		__DUMMY__ 0.40524123490521413 off 0.3067800022387036 neg 0.2879787628560822	false	0.5
schwinden	neg 1.0		__DUMMY__ 0.40732660136480825 off 0.2975322644334413 neg 0.29514113420175064	false	0.5
versklavung	neg 1.0		__DUMMY__ 0.40613556256802963 off 0.29842339797141726 neg 0.29544103946055295	false	0.5
schlecht	neg 1.0		__DUMMY__ 0.40617078451830346 off 0.30469088646221343 neg 0.2891383290194832	false	0.5
verhasst	neg 1.0		__DUMMY__ 0.40648981311051774 off 0.3022917636143556 neg 0.2912184232751267	false	0.5
beschweren	neg 1.0		__DUMMY__ 0.4066373703935655 off 0.30322585624287235 neg 0.29013677336356214	false	0.5
scheiden	neg 1.0		__DUMMY__ 0.40671302744220866 off 0.3032080634057658 neg 0.29007890915202567	false	0.5
frustriert	neg 1.0		__DUMMY__ 0.40645039194248206 off 0.3026367587539531 neg 0.2909128493035648	false	0.5
schimmelig	neg 1.0		__DUMMY__ 0.4049267537514599 off 0.3088827376449647 neg 0.2861905086035753	false	0.5
fisch	neg 1.0		__DUMMY__ 0.40688781552460346 off 0.305933783020757 neg 0.2871784014546395	false	0.5
schmuggel	neg 1.0		__DUMMY__ 0.4066528773125329 off 0.30152245283827267 neg 0.2918246698491945	false	0.5
auffallen	neg 1.0		__DUMMY__ 0.4064591709704738 off 0.30321637934596085 neg 0.29032444968356536	false	0.5
konkurrenz	neg 1.0		__DUMMY__ 0.40679930750385396 off 0.30070212384037814 neg 0.2924985686557679	false	0.5
teufelskreis	neg 1.0		__DUMMY__ 0.40663819078393804 off 0.30240208098672866 neg 0.2909597282293334	false	0.5
aufschreien	neg 1.0		__DUMMY__ 0.4064598838039237 off 0.3038337366017901 neg 0.28970637959428625	false	0.5
missgeburt	off 1.0		__DUMMY__ 0.40421972051841465 off 0.31181058377424564 neg 0.2839696957073397	false	1.0
schuldner	neg 1.0		__DUMMY__ 0.40685864029569424 off 0.29784718621486955 neg 0.2952941734894364	false	0.5
befallen	neg 1.0		__DUMMY__ 0.4058539383737289 off 0.30050663689894874 neg 0.2936394247273225	false	0.5
arbeitslos	neg 1.0		__DUMMY__ 0.40655678441782334 off 0.3018736118113279 neg 0.2915696037708487	false	0.5
miesepetrig	off 1.0		__DUMMY__ 0.4059878360051506 off 0.3048261859289676 neg 0.2891859780658819	false	1.0
alarmieren	neg 1.0		__DUMMY__ 0.40710985732459504 off 0.29668976656498275 neg 0.2962003761104222	false	0.5
ungeduscht	off 1.0		__DUMMY__ 0.404840002477593 off 0.30753043614928743 neg 0.2876295613731194	false	1.0
knappheit	neg 1.0		__DUMMY__ 0.4071426055051884 off 0.2978132823191312 neg 0.29504411217568033	false	0.5
schlange	neg 1.0		__DUMMY__ 0.40662644503355955 off 0.30363716282962133 neg 0.28973639213681907	false	0.5
harsch	neg 1.0		__DUMMY__ 0.4064263946966943 off 0.2984465199689579 neg 0.2951270853343477	false	0.5
lang	neg 1.0	neg 1.0	neg 0.5848439821553584 __DUMMY__ 0.22155027278627965 off 0.19360574505836198	false	1.0
ziellos	neg 1.0		__DUMMY__ 0.40671835646682414 off 0.3023348557301751 neg 0.29094678780300065	false	0.5
selbstverliebt	neg 1.0		__DUMMY__ 0.40530339424841255 off 0.30790436597617005 neg 0.28679223977541735	false	0.5
beseitigen	neg 1.0		__DUMMY__ 0.4072734873718943 off 0.29804116462398145 neg 0.2946853480041241	false	0.5
dumm	off 1.0		__DUMMY__ 0.40563771829936535 off 0.3063370422734428 neg 0.288025239427192	false	1.0
arbeitsloser	neg 1.0		__DUMMY__ 0.4066634242830056 off 0.30158651405084785 neg 0.2917500616661466	false	0.5
blitzen	neg 1.0		__DUMMY__ 0.4075429715498592 off 0.3028073757397423 neg 0.28964965271039855	false	0.5
hilflos	neg 1.0		__DUMMY__ 0.4061652860407958 off 0.30279064802471795 neg 0.2910440659344861	false	0.5
eklig	off 1.0		__DUMMY__ 0.4049919189339668 off 0.30811934230286186 neg 0.2868887387631715	false	1.0
hungersnot	neg 1.0		__DUMMY__ 0.40722044864197426 off 0.29850201785774955 neg 0.29427753350027613	false	0.5
ungesetzlich	neg 1.0		__DUMMY__ 0.4062599127482727 off 0.3001019872264231 neg 0.2936381000253041	false	0.5
verschwendung	neg 1.0		__DUMMY__ 0.4064968022571764 off 0.3015960687588746 neg 0.29190712898394894	false	0.5
schmerzvoll	neg 1.0		__DUMMY__ 0.4062219975190372 off 0.3038880850466166 neg 0.2898899174343463	false	0.5
vorzeitig	neg 1.0		__DUMMY__ 0.40701261405800965 off 0.2966679246130402 neg 0.29631946132895015	false	0.5
unvollkommenheit	neg 1.0		__DUMMY__ 0.40648410714720534 off 0.3023251247070626 neg 0.2911907681457322	false	0.5
intervenieren	neg 1.0		__DUMMY__ 0.4063697770750967 off 0.30019668887779183 neg 0.29343353404711137	false	0.5
banause	off 1.0		__DUMMY__ 0.4053445472585214 off 0.30680953319447984 neg 0.2878459195469986	false	1.0
rebell	neg 1.0		__DUMMY__ 0.40266498723386585 off 0.31204841222255364 neg 0.2852866005435805	false	0.5
unlogisch	neg 1.0		__DUMMY__ 0.40581005442725265 off 0.30513324851447265 neg 0.2890566970582748	false	0.5
abschaffung	neg 1.0		__DUMMY__ 0.40620540671336935 off 0.2973549652444229 neg 0.29643962804220775	false	0.5
leiden	neg 1.0		__DUMMY__ 0.40664974350105176 off 0.30331532800077304 neg 0.2900349284981752	false	0.5
sturz	neg 1.0		__DUMMY__ 0.40720865409064894 off 0.29813430424493054 neg 0.2946570416644207	false	0.5
verkleinerung	neg 1.0		__DUMMY__ 0.4067278114259003 neg 0.29698349225231785 off 0.29628869632178184	false	1.0
schmarotzer	off 1.0		__DUMMY__ 0.40630148036942143 off 0.3020829913571602 neg 0.2916155282734184	false	1.0
bestrafung	neg 1.0		__DUMMY__ 0.4063795471931665 off 0.3034600738211191 neg 0.29016037898571445	false	0.5
achtlos	neg 1.0		__DUMMY__ 0.40624154232001064 off 0.3027537347497824 neg 0.291004722930207	false	0.5
ungeheuer	neg 1.0		__DUMMY__ 0.4067648332285539 off 0.30436313916847074 neg 0.28887202760297515	false	0.5
unaufrichtig	neg 1.0		__DUMMY__ 0.4055150381294667 off 0.3032945247179718 neg 0.2911904371525615	false	0.5
groggy	neg 1.0		__DUMMY__ 0.40575228521245427 off 0.308353404810527 neg 0.2858943099770188	false	0.5
verletzlich	neg 1.0		__DUMMY__ 0.4060203471266697 off 0.305004342907377 neg 0.28897530996595333	false	0.5
ablehnen	neg 1.0		__DUMMY__ 0.40629130851215406 off 0.3011173826679026 neg 0.2925913088199434	false	0.5
kollaps	neg 1.0		__DUMMY__ 0.40696367287628615 neg 0.29670402852486866 off 0.29633229859884513	false	1.0
beschnitten	neg 1.0		__DUMMY__ 0.40637971348740576 off 0.3032933296924303 neg 0.29032695682016396	false	0.5
defekt	neg 1.0		__DUMMY__ 0.40645741686425735 off 0.2973853255785597 neg 0.2961572575571829	false	0.5
dreckskerl	off 1.0		__DUMMY__ 0.4056037859053707 off 0.30527078472006164 neg 0.2891254293745677	false	1.0
deine	neg 1.0		__DUMMY__ 0.40543315389017387 off 0.30665639728346666 neg 0.28791044882635936	false	0.5
aufgeben	neg 1.0		__DUMMY__ 0.4068856588955352 off 0.3033631315685895 neg 0.2897512095358753	false	0.5
durcheinander	neg 1.0		__DUMMY__ 0.4064666162111008 off 0.30406549016068185 neg 0.28946789362821734	false	0.5
unterbrechen	neg 1.0		__DUMMY__ 0.4066216250252154 off 0.30225188072913756 neg 0.29112649424564696	false	0.5
vergammeln	neg 1.0		__DUMMY__ 0.4064518269934023 off 0.303775727403134 neg 0.2897724456034636	false	0.5
grotesk	neg 1.0		__DUMMY__ 0.4066949502666739 off 0.30187071942545846 neg 0.29143433030786764	false	0.5
elendig	neg 1.0		__DUMMY__ 0.4060951463839583 off 0.3039708673307747 neg 0.28993398628526695	false	0.5
naiv	off 1.0		__DUMMY__ 0.4066325564674288 off 0.30346133157418564 neg 0.28990611195838556	false	1.0
uneinigkeit	neg 1.0		__DUMMY__ 0.4067134216901959 off 0.297745796419279 neg 0.2955407818905251	false	0.5
fragil	neg 1.0		__DUMMY__ 0.40005459106797586 neg 0.303563901102647 off 0.29638150782937706	false	1.0
provisorisch	neg 1.0		__DUMMY__ 0.4071506702396311 off 0.30178171559417544 neg 0.2910676141661934	false	0.5
landei	off 1.0		__DUMMY__ 0.4060841512924538 off 0.3066408790342269 neg 0.28727496967331917	false	1.0
bedauerlich	neg 1.0		__DUMMY__ 0.4065631200182182 off 0.3015806094468976 neg 0.29185627053488405	false	0.5
krieg	neg 1.0		__DUMMY__ 0.4064238704373289 off 0.30257634801769295 neg 0.2909997815449781	false	0.5
traurigkeit	neg 1.0		__DUMMY__ 0.40650011007286624 off 0.30315723976758 neg 0.29034265015955374	false	0.5
monotonie	neg 1.0		__DUMMY__ 0.4068345998685009 off 0.3019166209566115 neg 0.2912487791748874	false	0.5
unliebsam	neg 1.0		__DUMMY__ 0.40648994796750965 off 0.3024741266084353 neg 0.29103592542405515	false	0.5
drift	neg 1.0		__DUMMY__ 0.3572922274212846 neg 0.33757277901889127 off 0.30513499355982426	false	1.0
chaos	neg 1.0		__DUMMY__ 0.406583327549807 off 0.29966163232914506 neg 0.2937550401210479	false	0.5
blutig	neg 1.0		__DUMMY__ 0.4065431073748611 off 0.3038091570289991 neg 0.28964773559613977	false	0.5
machtlos	neg 1.0		__DUMMY__ 0.4064805185696302 off 0.3013253040748454 neg 0.2921941773555242	false	0.5
