unsolidarisch	neg 1.0		off 0.4154008182786158 neg 0.40304728186610006 __DUMMY__ 0.18155189985528408	false	0.5
nachteilig	neg 1.0		off 0.41449899896697223 neg 0.40356676817473974 __DUMMY__ 0.18193423285828803	false	0.5
skeptisch	neg 1.0		off 0.4153477504386632 neg 0.40269793309124874 __DUMMY__ 0.181954316470088	false	0.5
schrecklich	neg 1.0		off 0.4200940217403097 neg 0.39844327500684473 __DUMMY__ 0.18146270325284544	false	0.5
schlapp	neg 1.0		off 0.42032188527904196 neg 0.3981196662955232 __DUMMY__ 0.18155844842543495	false	0.5
abfall	neg 1.0		off 0.4145864472340941 neg 0.40327427453620207 __DUMMY__ 0.18213927822970385	false	0.5
widerspenstig	neg 1.0		off 0.4176022972401192 neg 0.40073160039775796 __DUMMY__ 0.1816661023621228	false	0.5
abrupt	neg 1.0		off 0.4163141704824699 neg 0.40160761524906713 __DUMMY__ 0.18207821426846293	false	0.5
unwirksam	neg 1.0		off 0.40968067618444765 neg 0.40838863862296626 __DUMMY__ 0.18193068519258612	false	0.5
angreifen	neg 1.0		off 0.41534130686398457 neg 0.40276040059783597 __DUMMY__ 0.1818982925381794	false	0.5
inkonsistent	neg 1.0		off 0.41746615865872694 neg 0.4005547531017298 __DUMMY__ 0.18197908823954326	false	0.5
abrutschen	neg 1.0		off 0.41534210402233535 neg 0.40273472436886976 __DUMMY__ 0.18192317160879484	false	0.5
unsicher	neg 1.0		off 0.41740887510118796 neg 0.4007491554315432 __DUMMY__ 0.18184196946726897	false	0.5
bauernkind	off 1.0		off 0.42410134328077825 neg 0.394977890060091 __DUMMY__ 0.1809207666591308	false	1.0
angreifer	neg 1.0		off 0.41254482746168575 neg 0.4056579703103578 __DUMMY__ 0.1817972022279565	false	0.5
trennen	neg 1.0		off 0.41641699705255497 neg 0.4013915022423663 __DUMMY__ 0.18219150070507864	false	0.5
schmutz	neg 1.0		off 0.412794746636085 neg 0.4051677534694169 __DUMMY__ 0.1820374998944981	false	0.5
inkonsistenz	neg 1.0		off 0.4181357196533688 neg 0.4001735348020176 __DUMMY__ 0.1816907455446135	false	0.5
erschreckend	neg 1.0		off 0.41614750021315927 neg 0.4019875182929979 __DUMMY__ 0.18186498149384284	false	0.5
ertrinken	neg 1.0		off 0.4166006982492248 neg 0.40174592628637856 __DUMMY__ 0.18165337546439675	false	0.5
pickelface	off 1.0		off 0.4284913657658259 neg 0.3911665841015838 __DUMMY__ 0.18034205013259041	false	1.0
lauch	neg 1.0		off 0.4256196942793663 neg 0.3937044164427441 __DUMMY__ 0.1806758892778896	false	0.5
steuerhinterziehung	neg 1.0		off 0.41231361134719796 neg 0.40592500653641883 __DUMMY__ 0.1817613821163831	false	0.5
unwichtig	neg 1.0		off 0.418229449391968 neg 0.4000368780455439 __DUMMY__ 0.18173367256248812	false	0.5
schock	neg 1.0		off 0.417484618865202 neg 0.4004969898514024 __DUMMY__ 0.18201839128339567	false	0.5
vergelten	neg 1.0		off 0.4146868128370474 neg 0.4040413839783699 __DUMMY__ 0.18127180318458272	false	0.5
beule	neg 1.0		off 0.42103212139099117 neg 0.3975372802806874 __DUMMY__ 0.18143059832832126	false	0.5
verdorbenheit	neg 1.0		off 0.4154862701488958 neg 0.4016814703250978 __DUMMY__ 0.18283225952600635	false	0.5
trauma			off 0.43905564361950694 neg 0.39736094899349245 __DUMMY__ 0.1635834073870006	false	0.0
sinnlos	neg 1.0		off 0.41814641817147463 neg 0.4001503703260161 __DUMMY__ 0.18170321150250932	false	0.5
fettsack	off 1.0		off 0.4237279330835654 neg 0.39512175621968154 __DUMMY__ 0.18115031069675308	false	1.0
feige	off 1.0		off 0.41818477996801284 neg 0.4000218167526737 __DUMMY__ 0.1817934032793136	false	1.0
abdanken	neg 1.0		off 0.41554928682438297 neg 0.4027283230505285 __DUMMY__ 0.18172239012508848	false	0.5
wichtigtuer	off 1.0	off 1.0	off 0.6968710148545204 neg 0.2164748401786337 __DUMMY__ 0.08665414496684588	false	1.0
misslingen	neg 1.0		off 0.417483063116979 neg 0.40091266586021324 __DUMMY__ 0.1816042710228078	false	0.5
untreu	off 1.0		off 0.4182788861536156 neg 0.3999431801309553 __DUMMY__ 0.181777933715429	false	1.0
missmutig	neg 1.0		off 0.4175269155025945 neg 0.4005813681756233 __DUMMY__ 0.1818917163217821	false	0.5
hurenbock	off 1.0		off 0.4237611372579741 neg 0.3955500464320748 __DUMMY__ 0.18068881630995115	false	1.0
betrunken	neg 1.0		off 0.4201569420071765 neg 0.39842558974758885 __DUMMY__ 0.18141746824523458	false	0.5
korrupt	off 1.0		off 0.41533926842526764 neg 0.402985061277129 __DUMMY__ 0.1816756702976032	false	1.0
unmut	neg 1.0		off 0.4139940026426328 neg 0.4040399977315424 __DUMMY__ 0.18196599962582496	false	0.5
hackfresse	off 1.0		off 0.4210151590450256 neg 0.3976979225869096 __DUMMY__ 0.18128691836806474	false	1.0
aufblasen	neg 1.0		off 0.418163598243778 neg 0.40009703883218095 __DUMMY__ 0.18173936292404091	false	0.5
gewaltsam	neg 1.0		off 0.41325180448362525 neg 0.4048752449852749 __DUMMY__ 0.18187295053109973	false	0.5
unbeliebtheit	neg 1.0		off 0.4123289783762279 neg 0.4057644529740564 __DUMMY__ 0.18190656864971574	false	0.5
sturheit	neg 1.0		off 0.4154069932144624 neg 0.40276513599175967 __DUMMY__ 0.18182787079377793	false	0.5
kuh	neg 1.0		off 0.42439231990860216 neg 0.3946116401497206 __DUMMY__ 0.1809960399416773	false	0.5
erschrecken	neg 1.0		off 0.4186715148123992 neg 0.3996650551160817 __DUMMY__ 0.18166343007151906	false	0.5
opfer	neg 1.0		off 0.41590592747560023 neg 0.40217808142080164 __DUMMY__ 0.18191599110359824	false	0.5
stinktier	neg 1.0		off 0.42404578923287406 neg 0.3949848827693809 __DUMMY__ 0.18096932799774507	false	0.5
sinken	neg 1.0		off 0.412295995671069 neg 0.40529331256807677 __DUMMY__ 0.1824106917608543	false	0.5
tucke	off 1.0		off 0.4230909636180483 neg 0.39610800440960575 __DUMMY__ 0.1808010319723459	false	1.0
abstieg	neg 1.0		off 0.4138449442288533 neg 0.4040741799125052 __DUMMY__ 0.18208087585864158	false	0.5
missverstehen	neg 1.0		off 0.41750431649958264 neg 0.40067238550241024 __DUMMY__ 0.1818232979980072	false	0.5
ergebnislos	neg 1.0		off 0.4118969954409969 neg 0.40596102284331304 __DUMMY__ 0.18214198171569013	false	0.5
manipulieren	neg 1.0		off 0.41557268216457804 neg 0.40275195185857543 __DUMMY__ 0.18167536597684647	false	0.5
verschleppen	neg 1.0		off 0.4124568166034149 neg 0.4055988745806396 __DUMMY__ 0.1819443088159455	false	0.5
unbewiesen	neg 1.0		off 0.41395401535682635 neg 0.40414113217416187 __DUMMY__ 0.1819048524690118	false	0.5
weib	off 1.0		off 0.4229949977840795 neg 0.3959774034979916 __DUMMY__ 0.18102759871792895	false	1.0
opposition	neg 1.0		off 0.41065079477870103 neg 0.40792392565267527 __DUMMY__ 0.18142527956862362	false	0.5
verkehrswidrig	neg 1.0		off 0.41263644105669867 neg 0.4060292883291505 __DUMMY__ 0.18133427061415103	false	0.5
inkorrekt	neg 1.0		off 0.4180193708218691 neg 0.400259638734251 __DUMMY__ 0.18172099044388001	false	0.5
vermeiden	neg 1.0		off 0.4137671940830247 neg 0.4041053209607795 __DUMMY__ 0.18212748495619588	false	0.5
abweichung	neg 1.0		off 0.413449812502763 neg 0.40445701174253007 __DUMMY__ 0.18209317575470685	false	0.5
alkoholisiert	neg 1.0		off 0.41610003164108644 neg 0.4020583243713238 __DUMMY__ 0.18184164398758976	false	0.5
scheiss	off 1.0	off 1.0	off 0.6984890504500135 neg 0.21483480684146272 __DUMMY__ 0.08667614270852375	false	1.0
herausforderung	neg 1.0		off 0.41450814571091565 neg 0.4032701694666434 __DUMMY__ 0.18222168482244105	false	0.5
pervers	off 1.0		off 0.42280672021849475 neg 0.3962523371524908 __DUMMY__ 0.18094094262901445	false	1.0
wackelig	neg 1.0		off 0.41778071772406233 neg 0.40042506089758106 __DUMMY__ 0.18179422137835663	false	0.5
verwickeln	neg 1.0		off 0.4172492257126756 neg 0.40085641273389605 __DUMMY__ 0.18189436155342836	false	0.5
vorwand	neg 1.0		off 0.41545546806623074 neg 0.40279111946313534 __DUMMY__ 0.18175341247063395	false	0.5
muschi	off 1.0		off 0.42793065606477476 neg 0.3917155595802716 __DUMMY__ 0.18035378435495356	false	1.0
entmutigung	neg 1.0		off 0.41284831529491567 neg 0.40538915656108626 __DUMMY__ 0.18176252814399801	false	0.5
unstetig	neg 1.0		off 0.4159105072684751 neg 0.4022937799557482 __DUMMY__ 0.18179571277577675	false	0.5
unangemessen	neg 1.0		off 0.4157334297696727 neg 0.4024285399082504 __DUMMY__ 0.18183803032207685	false	0.5
entmutigen	neg 1.0		off 0.41759060946749377 neg 0.400565038287432 __DUMMY__ 0.18184435224507428	false	0.5
schwanz	neg 1.0		off 0.42575063479860464 neg 0.39411099549082124 __DUMMY__ 0.1801383697105741	false	0.5
verbot	neg 1.0		off 0.41297651548481695 neg 0.4052364820966055 __DUMMY__ 0.18178700241857762	false	0.5
leid	neg 1.0		off 0.4205653073786951 neg 0.39797393890228744 __DUMMY__ 0.18146075371901751	false	0.5
archaisch	neg 1.0		off 0.41588023394289525 neg 0.4023423826944398 __DUMMY__ 0.18177738336266494	false	0.5
scheidung	neg 1.0		off 0.4107102231019236 neg 0.4071961801728936 __DUMMY__ 0.1820935967251826	false	0.5
abgestanden	neg 1.0		off 0.41941219737449437 neg 0.39869789616545237 __DUMMY__ 0.18188990646005335	false	0.5
einschlag	neg 1.0		off 0.41328135627069196 neg 0.4047285133153168 __DUMMY__ 0.18199013041399123	false	0.5
schmierig	off 1.0		off 0.420148222171806 neg 0.39831456592522263 __DUMMY__ 0.1815372119029715	false	1.0
unpraktisch	neg 1.0		off 0.4191853644085688 neg 0.3991792782927587 __DUMMY__ 0.18163535729867247	false	0.5
wixxer	off 1.0		off 0.4240120236998897 neg 0.39491326917604436 __DUMMY__ 0.18107470712406584	false	1.0
jammerlappen	off 1.0		off 0.4182490556095563 neg 0.40004183439238106 __DUMMY__ 0.18170910999806267	false	1.0
farce	neg 1.0		off 0.41304331352222906 neg 0.4051065558472488 __DUMMY__ 0.1818501306305223	false	0.5
zwecklos	neg 1.0		off 0.4158995935954173 neg 0.40218761771423467 __DUMMY__ 0.18191278869034794	false	0.5
turbulent	neg 1.0		off 0.41522531820367614 neg 0.40326168256758343 __DUMMY__ 0.1815129992287405	false	0.5
schuld	neg 1.0		off 0.4173856245591415 neg 0.40093826593445786 __DUMMY__ 0.1816761095064007	false	0.5
risiko	neg 1.0		off 0.41144788034838814 neg 0.4060757707528098 __DUMMY__ 0.18247634889880215	false	0.5
invasion	neg 1.0		neg 0.4210568850707274 off 0.40130860245984323 __DUMMY__ 0.1776345124694294	false	1.0
finster	neg 1.0		off 0.41965201359918924 neg 0.39854805865594845 __DUMMY__ 0.18179992774486217	false	0.5
geisteskrank	off 1.0		off 0.4181949471557738 neg 0.4000131875696713 __DUMMY__ 0.18179186527455485	false	1.0
ausbeute	neg 1.0		off 0.41642192325460453 neg 0.40092390180491894 __DUMMY__ 0.1826541749404766	false	0.5
zusammenbrechen	neg 1.0		off 0.416693083887884 neg 0.4015902880759977 __DUMMY__ 0.18171662803611832	false	0.5
hinterhalt	neg 1.0		off 0.4157918712934268 neg 0.4023287771675579 __DUMMY__ 0.18187935153901527	false	0.5
kritik	neg 1.0		off 0.41331885921318107 neg 0.4048783981140987 __DUMMY__ 0.18180274267272006	false	0.5
einschrumpfen	neg 1.0		off 0.41271039808079407 neg 0.4068202650689657 __DUMMY__ 0.18046933685024016	false	0.5
riskant	neg 1.0		off 0.41591717084550084 neg 0.4022021134563795 __DUMMY__ 0.18188071569811956	false	0.5
frustrieren	neg 1.0		off 0.41636714874842734 neg 0.40171116871993984 __DUMMY__ 0.18192168253163288	false	0.5
groll	neg 1.0		off 0.4156717077043655 neg 0.40239372044949506 __DUMMY__ 0.18193457184613943	false	0.5
qualvoll	neg 1.0		off 0.41818690427462624 neg 0.400275413146206 __DUMMY__ 0.18153768257916783	false	0.5
wackeln	neg 1.0		off 0.4177680595981672 neg 0.4003165112135723 __DUMMY__ 0.1819154291882606	false	0.5
klagen	neg 1.0		off 0.4136627375332304 neg 0.40449006884542404 __DUMMY__ 0.18184719362134555	false	0.5
trauern	neg 1.0		off 0.41614668133565336 neg 0.40201817351553554 __DUMMY__ 0.1818351451488112	false	0.5
ablehnung	neg 1.0		off 0.41284529432117223 neg 0.4052519903716571 __DUMMY__ 0.18190271530717078	false	0.5
bankrott	neg 1.0		neg 0.41062733585123995 off 0.40818372800688923 __DUMMY__ 0.18118893614187087	false	1.0
stur	neg 1.0		off 0.41698167752140797 neg 0.401342436300557 __DUMMY__ 0.18167588617803507	false	0.5
aufruhr	neg 1.0		off 0.4117527207327937 neg 0.40601442986356945 __DUMMY__ 0.18223284940363682	false	0.5
melancholie	neg 1.0		off 0.4188495833082042 neg 0.3993901392303986 __DUMMY__ 0.1817602774613971	false	0.5
torheit	neg 1.0		off 0.4151369901732348 neg 0.40302658255532137 __DUMMY__ 0.1818364272714437	false	0.5
dreckskind	off 1.0		off 0.426526687759129 neg 0.3928064080290929 __DUMMY__ 0.18066690421177803	false	1.0
umtauschen	neg 1.0		off 0.41909597902130025 neg 0.39936021044011455 __DUMMY__ 0.1815438105385852	false	0.5
zersetzen	neg 1.0		off 0.4147475413943368 neg 0.40336908285823136 __DUMMY__ 0.1818833757474318	false	0.5
frust	neg 1.0		off 0.4165858341181735 neg 0.4016626991940489 __DUMMY__ 0.18175146668777764	false	0.5
unerbittlichkeit	neg 1.0		off 0.41480263706137993 neg 0.4033016890406196 __DUMMY__ 0.18189567389800057	false	0.5
unkorrekt	neg 1.0		off 0.4184086479382226 neg 0.4001006114797529 __DUMMY__ 0.1814907405820244	false	0.5
hexe	off 1.0		off 0.42126493704687895 neg 0.39691347252602105 __DUMMY__ 0.1818215904270999	false	1.0
lasch	neg 1.0		off 0.41715777953505884 neg 0.40105773085927027 __DUMMY__ 0.18178448960567084	false	0.5
rivale	neg 1.0		off 0.4115034036525968 neg 0.40695175157092106 __DUMMY__ 0.18154484477648214	false	0.5
mutlos	off 1.0		off 0.4152622084990771 neg 0.40284351731458495 __DUMMY__ 0.18189427418633805	false	1.0
wirr	off 1.0		off 0.4202165707289534 neg 0.39862920781109 __DUMMY__ 0.18115422145995652	false	1.0
strafbar	neg 1.0		off 0.41561823670584536 neg 0.40247519302015333 __DUMMY__ 0.18190657027400126	false	0.5
erosion	neg 1.0	neg 1.0	neg 0.6863914582790553 off 0.22470610537139749 __DUMMY__ 0.08890243634954725	false	1.0
eingehen	neg 1.0		off 0.41596185955714765 neg 0.4021672531927688 __DUMMY__ 0.18187088725008368	false	0.5
faul	off 1.0		off 0.42038470274819195 neg 0.3982449618107355 __DUMMY__ 0.18137033544107264	false	1.0
provisorium	neg 1.0		off 0.4148732224032379 neg 0.40301884875244315 __DUMMY__ 0.18210792884431898	false	0.5
schmerzen	neg 1.0		off 0.41891194512069657 neg 0.3996788537731879 __DUMMY__ 0.1814092011061155	false	0.5
schrumpfen	neg 1.0		off 0.4135780138026096 neg 0.4042943585938654 __DUMMY__ 0.18212762760352508	false	0.5
geistlos	off 1.0		off 0.4168413052192551 neg 0.4013960691500198 __DUMMY__ 0.18176262563072526	false	1.0
frustrierend	neg 1.0		off 0.41852065662065974 neg 0.39965335838978977 __DUMMY__ 0.1818259849895504	false	0.5
fehlkauf	neg 1.0		off 0.4163636932233238 neg 0.40126600224923975 __DUMMY__ 0.18237030452743652	false	0.5
unzufrieden	neg 1.0		off 0.4158986124736339 neg 0.40216860355381523 __DUMMY__ 0.1819327839725509	false	0.5
verzweifeln	neg 1.0		off 0.41699811890294486 neg 0.4012017647063307 __DUMMY__ 0.18180011639072463	false	0.5
verzweifelt	neg 1.0		off 0.41768226173900086 neg 0.400472427354706 __DUMMY__ 0.1818453109062931	false	0.5
misstrauensantrag	neg 1.0		off 0.4110931746360288 neg 0.40758149085531326 __DUMMY__ 0.181325334508658	false	0.5
abfallen	neg 1.0		off 0.4191622370972436 neg 0.39929771146948567 __DUMMY__ 0.18154005143327068	false	0.5
fucker	off 1.0		off 0.39853413328642784 __DUMMY__ 0.3481593716256533 neg 0.2533064950879188	false	1.0
ungezogen	neg 1.0		off 0.4211900400420851 neg 0.3975330473612388 __DUMMY__ 0.18127691259667614	false	0.5
irrsinnig	neg 1.0		off 0.4177034583910129 neg 0.4005502275285797 __DUMMY__ 0.18174631408040742	false	0.5
hart	neg 1.0		off 0.4248661704165878 neg 0.3945889765947395 __DUMMY__ 0.18054485298867268	false	0.5
unfassbar	neg 1.0		off 0.4183377172785087 neg 0.3997387577938111 __DUMMY__ 0.18192352492768032	false	0.5
widerlich	off 1.0		off 0.41860374762849445 neg 0.3997817128606634 __DUMMY__ 0.18161453951084214	false	1.0
fatal			off 0.4097957548734743 neg 0.39643749903400916 __DUMMY__ 0.1937667460925166	false	0.0
bruch	neg 1.0		off 0.41455125843649254 neg 0.4033775413684665 __DUMMY__ 0.18207120019504092	false	0.5
aushungern	neg 1.0		off 0.4135814381488989 neg 0.4047622921052715 __DUMMY__ 0.18165626974582946	false	0.5
anspannung	neg 1.0		off 0.41561641240218455 neg 0.4023548492497049 __DUMMY__ 0.1820287383481106	false	0.5
kraftlos	neg 1.0		off 0.41684219114615095 neg 0.4012776803670693 __DUMMY__ 0.18188012848677962	false	0.5
grenzdebil	off 1.0		off 0.4191717445219367 neg 0.3992841992502162 __DUMMY__ 0.18154405622784733	false	1.0
unterwerfen	neg 1.0		off 0.4156956162263432 neg 0.4024520477934243 __DUMMY__ 0.18185233598023245	false	0.5
versenkung	neg 1.0		off 0.41585178630436154 neg 0.40218716902082735 __DUMMY__ 0.18196104467481117	false	0.5
entziehen	neg 1.0		off 0.41501450509528676 neg 0.4030077953107419 __DUMMY__ 0.1819776995939713	false	0.5
finanzkrise	neg 1.0		off 0.41025330078030836 neg 0.40774493821784874 __DUMMY__ 0.18200176100184298	false	0.5
schimpfend	neg 1.0		off 0.4186267533624572 neg 0.3998597961185842 __DUMMY__ 0.1815134505189585	false	0.5
profan	neg 1.0		off 0.418037314532893 neg 0.4001623235331357 __DUMMY__ 0.18180036193397145	false	0.5
korruption	neg 1.0		off 0.4125000019060156 neg 0.405679703119784 __DUMMY__ 0.1818202949742004	false	0.5
schmutzig	neg 1.0		off 0.4193907059315148 neg 0.3990543663484873 __DUMMY__ 0.18155492771999795	false	0.5
abraten	neg 1.0		off 0.418559363278055 neg 0.39968973513670625 __DUMMY__ 0.1817509015852387	false	0.5
sexy	neg 1.0		off 0.4318551861385301 neg 0.4027590002652347 __DUMMY__ 0.16538581359623522	false	0.5
fotze	off 1.0		off 0.42972227657082546 neg 0.39039853121428164 __DUMMY__ 0.179879192214893	false	1.0
schwarz	neg 1.0		off 0.4167693238485186 neg 0.4016197688768073 __DUMMY__ 0.1816109072746743	false	0.5
verwirren	neg 1.0		off 0.41848796324535265 neg 0.3998241753017377 __DUMMY__ 0.18168786145290966	false	0.5
zahnlos	off 1.0		off 0.4159786476376592 neg 0.4020032749965396 __DUMMY__ 0.18201807736580106	false	1.0
verheeren	neg 1.0		off 0.4098696603060682 neg 0.40838736784013846 __DUMMY__ 0.1817429718537933	false	0.5
rammen	neg 1.0		off 0.41955313877774864 neg 0.39884610727643854 __DUMMY__ 0.18160075394581274	false	0.5
unlauter	neg 1.0		off 0.41230188035744697 neg 0.4060672676017699 __DUMMY__ 0.18163085204078303	false	0.5
unheilvoll	neg 1.0		off 0.4178483154709265 neg 0.4006493923282689 __DUMMY__ 0.18150229220080455	false	0.5
niedrig	neg 1.0		off 0.4128016664058827 neg 0.4045928709703777 __DUMMY__ 0.18260546262373972	false	0.5
weichei	off 1.0		off 0.4211198350391234 neg 0.397485263269709 __DUMMY__ 0.18139490169116756	false	1.0
explosion	neg 1.0		neg 0.41396542421163207 off 0.40582651879415294 __DUMMY__ 0.180208056994215	false	1.0
minusmensch	off 1.0		off 0.42593546633210133 neg 0.3930417368117446 __DUMMY__ 0.18102279685615405	false	1.0
farblos	neg 1.0		off 0.4171887967279065 neg 0.40038259349490407 __DUMMY__ 0.18242860977718947	false	0.5
unwissend	neg 1.0		off 0.4185786516972607 neg 0.3997543737057257 __DUMMY__ 0.18166697459701353	false	0.5
traurig	neg 1.0		off 0.4196731111176064 neg 0.3987557526405105 __DUMMY__ 0.181571136241883	false	0.5
senkung	neg 1.0		neg 0.4104470493740114 off 0.40798862479924486 __DUMMY__ 0.1815643258267438	false	1.0
ungleich	neg 1.0		off 0.41544476962214727 neg 0.4026997575669299 __DUMMY__ 0.1818554728109228	false	0.5
heikel	neg 1.0		off 0.4156529050907379 neg 0.40254152093767376 __DUMMY__ 0.18180557397158842	false	0.5
drosselung	neg 1.0		neg 0.40920877793177995 off 0.4090061820307303 __DUMMY__ 0.1817850400374898	false	1.0
falsch	neg 1.0		off 0.4185021989088822 neg 0.3998183728451071 __DUMMY__ 0.1816794282460106	false	0.5
unzufriedenheit	neg 1.0		off 0.414769290966129 neg 0.4033357817810053 __DUMMY__ 0.1818949272528656	false	0.5
kurz	neg 1.0		off 0.418176416262138 neg 0.3999751054931119 __DUMMY__ 0.18184847824475028	false	0.5
unsinnig	neg 1.0		off 0.4163048848497414 neg 0.4019752144314605 __DUMMY__ 0.18171990071879804	false	0.5
penner	off 1.0		off 0.420809527377786 neg 0.3978134526607793 __DUMMY__ 0.18137701996143468	false	1.0
seicht	neg 1.0		off 0.4192414984137007 neg 0.39904110652838704 __DUMMY__ 0.18171739505791235	false	0.5
dummheit	off 1.0		off 0.41721919901764215 neg 0.401078999698468 __DUMMY__ 0.1817018012838899	false	1.0
unerfreulich	neg 1.0		off 0.41557328376953123 neg 0.4025041656007017 __DUMMY__ 0.1819225506297671	false	0.5
pikiert	neg 1.0		off 0.41835902782675966 neg 0.3999284334677138 __DUMMY__ 0.18171253870552662	false	0.5
motherfucker	off 1.0		off 0.3988895179711777 __DUMMY__ 0.3307766939223797 neg 0.27033378810644254	false	1.0
wrack	neg 1.0		off 0.415831870411313 neg 0.402167325916061 __DUMMY__ 0.18200080367262608	false	0.5
gangster	neg 1.0		off 0.41541434861922105 neg 0.32395305857482126 __DUMMY__ 0.26063259280595774	false	0.5
krank	neg 1.0		off 0.4200454922352887 neg 0.3984155413629211 __DUMMY__ 0.18153896640179004	false	0.5
reich	neg 1.0		off 0.41571241286323785 neg 0.402300614465117 __DUMMY__ 0.1819869726716451	false	0.5
gnadenlos	neg 1.0		off 0.4176060341245455 neg 0.4005429851242038 __DUMMY__ 0.18185098075125078	false	0.5
niedergeschlagen	neg 1.0		off 0.41677867547383407 neg 0.40136488777365237 __DUMMY__ 0.18185643675251364	false	0.5
terrorisieren	off 1.0	off 1.0	off 0.6959928649806947 neg 0.21717016708606762 __DUMMY__ 0.08683696793323772	false	1.0
sinnlosigkeit	neg 1.0		off 0.416116993037844 neg 0.40208812852579723 __DUMMY__ 0.18179487843635878	false	0.5
behindern	neg 1.0		off 0.41265986221966594 neg 0.4055368803606496 __DUMMY__ 0.1818032574196845	false	0.5
undemokratisch	neg 1.0		off 0.41443958728996705 neg 0.4040865761157227 __DUMMY__ 0.1814738365943103	false	0.5
wirtschaftskrise	neg 1.0		off 0.4111269184801151 neg 0.4067321880731662 __DUMMY__ 0.18214089344671866	false	0.5
neid	neg 1.0		off 0.41847465052100175 neg 0.39960077757138485 __DUMMY__ 0.18192457190761324	false	0.5
rutschen	neg 1.0		off 0.4167601780295575 neg 0.40109768592296596 __DUMMY__ 0.18214213604747664	false	0.5
rezession	neg 1.0		off 0.4093435675032166 neg 0.40847900847418894 __DUMMY__ 0.18217742402259451	false	0.5
fehlgeburt	neg 1.0		off 0.41863731652671954 neg 0.39998285483238927 __DUMMY__ 0.18137982864089117	false	0.5
charakterschwach	off 1.0		off 0.41810999377740127 neg 0.40020085169040237 __DUMMY__ 0.18168915453219647	false	1.0
isolation	neg 1.0		neg 0.41752603807397926 off 0.40338601130155766 __DUMMY__ 0.17908795062446312	false	1.0
ablenkung	neg 1.0		off 0.4176519065376165 neg 0.400605369582969 __DUMMY__ 0.18174272387941443	false	0.5
pech	neg 1.0		off 0.41951641879700163 neg 0.3987235314586822 __DUMMY__ 0.1817600497443162	false	0.5
dominieren	neg 1.0		off 0.4121176449815143 neg 0.40546581680857585 __DUMMY__ 0.1824165382099098	false	0.5
vermeidung	neg 1.0		neg 0.4106101585929538 off 0.4079905951926584 __DUMMY__ 0.18139924621438785	false	1.0
schwindlig	neg 1.0		off 0.4206975852159207 neg 0.3978861057182737 __DUMMY__ 0.18141630906580555	false	0.5
lutscher	neg 1.0		off 0.4242730132143846 neg 0.394764399973242 __DUMMY__ 0.18096258681237354	false	0.5
pflicht	neg 1.0		off 0.4153709885441381 neg 0.4026591674864586 __DUMMY__ 0.18196984396940327	false	0.5
faschist	off 1.0		off 0.4168128208276012 neg 0.40155418358336586 __DUMMY__ 0.18163299558903293	false	1.0
verschleudern	neg 1.0		off 0.41294987932930793 neg 0.4050741318833067 __DUMMY__ 0.18197598878738538	false	0.5
ehebruch	neg 1.0		off 0.41600499035636335 neg 0.40212230543617716 __DUMMY__ 0.18187270420745955	false	0.5
trostlosigkeit	neg 1.0		off 0.41508014122186637 neg 0.40301963213199526 __DUMMY__ 0.18190022664613822	false	0.5
lutschen	neg 1.0		off 0.4248114801080351 neg 0.3947748764145553 __DUMMY__ 0.18041364347740968	false	0.5
spott	off 1.0		off 0.4153688085138516 neg 0.40275978211635804 __DUMMY__ 0.18187140936979035	false	1.0
undiszipliniert	neg 1.0		off 0.41963440625123855 neg 0.3988803193043871 __DUMMY__ 0.18148527444437432	false	0.5
kopfschmerz	neg 1.0		off 0.41847634972592196 neg 0.4001381855807548 __DUMMY__ 0.18138546469332317	false	0.5
unvorhergesehen	neg 1.0		off 0.4172930138942207 neg 0.4007655401156743 __DUMMY__ 0.18194144599010506	false	0.5
desinteressiert	neg 1.0		off 0.4194370118942163 neg 0.39894260337535 __DUMMY__ 0.1816203847304336	false	0.5
armselig	off 1.0		off 0.418176924729107 neg 0.3999881201858393 __DUMMY__ 0.18183495508505365	false	1.0
tod	neg 1.0		off 0.4151951072124015 neg 0.4028491405356671 __DUMMY__ 0.1819557522519315	false	0.5
desaster	neg 1.0		off 0.4136920422300275 neg 0.4042854250971889 __DUMMY__ 0.18202253267278373	false	0.5
herzlos	neg 1.0		off 0.4194387246202982 neg 0.398927342982999 __DUMMY__ 0.1816339323967028	false	0.5
unwissenheit	neg 1.0		off 0.4153784004342913 neg 0.4029201906073003 __DUMMY__ 0.1817014089584084	false	0.5
widersinnig	neg 1.0		off 0.41417122232186393 neg 0.4040898611695101 __DUMMY__ 0.18173891650862609	false	0.5
bedenklich	neg 1.0		off 0.41561849377699384 neg 0.40256451227919204 __DUMMY__ 0.1818169939438142	false	0.5
beanstanden	neg 1.0		off 0.4148833171348016 neg 0.40313180092895773 __DUMMY__ 0.18198488193624082	false	0.5
panisch	neg 1.0		off 0.41874075629906393 neg 0.39970509984345237 __DUMMY__ 0.1815541438574837	false	0.5
abstrich	neg 1.0		off 0.41837172522515487 neg 0.40037754256822117 __DUMMY__ 0.18125073220662408	false	0.5
debil	off 1.0		off 0.431167082124723 neg 0.38983254535491213 __DUMMY__ 0.17900037252036485	false	1.0
primitiv	neg 1.0		off 0.4185299647094412 neg 0.3996074343071396 __DUMMY__ 0.1818626009834192	false	0.5
abschaum	off 1.0		off 0.41788403186366324 neg 0.40038621034619915 __DUMMY__ 0.18172975779013764	false	1.0
tot	neg 1.0		off 0.41893082042235263 neg 0.39956178829673517 __DUMMY__ 0.18150739128091214	false	0.5
provozieren	neg 1.0		off 0.41715009438683975 neg 0.4010813356646943 __DUMMY__ 0.18176856994846596	false	0.5
instabil	neg 1.0		off 0.41653786926064224 neg 0.40135019341744094 __DUMMY__ 0.18211193732191677	false	0.5
schwuchtel	off 1.0		off 0.4249020712006542 neg 0.39436625450558027 __DUMMY__ 0.18073167429376544	false	1.0
zerren	neg 1.0		off 0.4169801357256561 neg 0.4012528174498035 __DUMMY__ 0.18176704682454037	false	0.5
kinderficker	off 1.0		off 0.4184124449695681 neg 0.4001475085475726 __DUMMY__ 0.18144004648285927	false	1.0
gefahr	neg 1.0		off 0.412414084915094 neg 0.4054260430373893 __DUMMY__ 0.18215987204751666	false	0.5
rabiat	neg 1.0		off 0.417145036317216 neg 0.40095417876833606 __DUMMY__ 0.1819007849144478	false	0.5
verlangsamung	neg 1.0		off 0.4106290991851552 neg 0.40686081798680107 __DUMMY__ 0.1825100828280437	false	0.5
anklagen	neg 1.0		off 0.41247260881165754 neg 0.40575453217753776 __DUMMY__ 0.1817728590108046	false	0.5
ausgestorben	neg 1.0		off 0.4166535528293086 neg 0.4013170757282858 __DUMMY__ 0.18202937144240564	false	0.5
verminderung	neg 1.0		neg 0.410695460803367 off 0.4077323427626812 __DUMMY__ 0.18157219643395184	false	1.0
rost	neg 1.0		off 0.4139074639970414 neg 0.40311371967689413 __DUMMY__ 0.18297881632606455	false	0.5
destruktiv	neg 1.0		off 0.4160777183109061 neg 0.4021514415396574 __DUMMY__ 0.1817708401494365	false	0.5
unzumutbarkeit	neg 1.0		off 0.41242239291399396 neg 0.4056361862489596 __DUMMY__ 0.18194142083704645	false	0.5
labil	off 1.0	off 1.0	off 0.7759366593138917 neg 0.15401614861292817 __DUMMY__ 0.07004719207318018	false	1.0
ziemlich	neg 1.0		off 0.4195260738312992 neg 0.39883719526541467 __DUMMY__ 0.18163673090328625	false	0.5
lachnummer	off 1.0		off 0.41614297615831547 neg 0.40196264483341687 __DUMMY__ 0.1818943790082676	false	1.0
ausgrenzung	neg 1.0		off 0.41310193448467125 neg 0.4051542722623572 __DUMMY__ 0.18174379325297155	false	0.5
verfall	neg 1.0		off 0.4136774724310453 neg 0.4043554932010489 __DUMMY__ 0.1819670343679058	false	0.5
unordnung	neg 1.0	neg 1.0	neg 0.6850788107798627 off 0.22727434043293032 __DUMMY__ 0.08764684878720692	false	1.0
fehlverhalten	neg 1.0		off 0.41474108571782764 neg 0.40340052036722635 __DUMMY__ 0.18185839391494593	false	0.5
nille	neg 1.0		off 0.43213339108274496 neg 0.38863835281310694 __DUMMY__ 0.17922825610414825	false	0.5
qual	neg 1.0		off 0.42121925226381063 neg 0.41262285996098197 __DUMMY__ 0.16615788777520749	false	0.5
riesig	neg 1.0		off 0.42310522744466095 neg 0.3952418564223196 __DUMMY__ 0.18165291613301932	false	0.5
verschwenden	neg 1.0		off 0.4162523315521055 neg 0.40194231208691705 __DUMMY__ 0.18180535636097758	false	0.5
verurteilen	neg 1.0		off 0.4153598615773513 neg 0.4028968562625656 __DUMMY__ 0.1817432821600832	false	0.5
klischee	neg 1.0		off 0.4179916578176996 neg 0.400200349323768 __DUMMY__ 0.18180799285853236	false	0.5
diktatorisch	neg 1.0		off 0.4148632394452828 neg 0.4036172530540175 __DUMMY__ 0.18151950750069953	false	0.5
vorhersehbar	neg 1.0		off 0.41738652004050114 neg 0.40067779052345576 __DUMMY__ 0.18193568943604307	false	0.5
stornieren	neg 1.0		off 0.4153648662919753 neg 0.40287058528703473 __DUMMY__ 0.18176454842099005	false	0.5
besteuerung	neg 1.0		neg 0.4092888866213282 off 0.4088143407949418 __DUMMY__ 0.18189677258373008	false	1.0
ungeschminkt	neg 1.0		off 0.4230972663710222 neg 0.3960398093608482 __DUMMY__ 0.18086292426812947	false	0.5
kritisch	neg 1.0		off 0.4153335433063538 neg 0.402792066622666 __DUMMY__ 0.18187439007098033	false	0.5
schlamperei	off 1.0		off 0.4127404459352343 neg 0.4053356722888075 __DUMMY__ 0.18192388177595833	false	1.0
sucht	neg 1.0		off 0.41629953552251486 neg 0.40098023342746913 __DUMMY__ 0.182720231050016	false	0.5
egoistisch	off 1.0		off 0.41968914133757856 neg 0.39889373254257543 __DUMMY__ 0.18141712611984595	false	1.0
ausbeuter	off 1.0		off 0.41485166296737486 neg 0.4032920385083634 __DUMMY__ 0.1818562985242617	false	1.0
arschgeburt			off 0.42592943798706606 neg 0.39354375519557605 __DUMMY__ 0.18052680681735778	false	0.0
schubs	neg 1.0		off 0.4199149439132742 neg 0.39881266086807526 __DUMMY__ 0.18127239521865043	false	0.5
unsolide	neg 1.0		off 0.41460441168153206 neg 0.40381953121031827 __DUMMY__ 0.1815760571081497	false	0.5
beschwerde	neg 1.0		off 0.4128881851654075 neg 0.4053836052734036 __DUMMY__ 0.18172820956118887	false	0.5
stocken	neg 1.0		off 0.4112987850347929 neg 0.4063451650337806 __DUMMY__ 0.18235604993142654	false	0.5
isolieren	neg 1.0		off 0.4120356846394579 neg 0.40591155423765524 __DUMMY__ 0.1820527611228869	false	0.5
unheilbar	neg 1.0		off 0.4168964346263093 neg 0.4013272482547892 __DUMMY__ 0.18177631711890138	false	0.5
pisser	off 1.0		off 0.42587419043831526 neg 0.3934396549098876 __DUMMY__ 0.18068615465179705	false	1.0
löschen	neg 1.0		off 0.4189674630288717 neg 0.40203785144838 __DUMMY__ 0.17899468552274844	false	0.5
durchfallen	neg 1.0		off 0.41611692736224537 neg 0.4021578597901392 __DUMMY__ 0.1817252128476154	false	0.5
wichser	off 1.0		off 0.4211389321662636 neg 0.39748301047289897 __DUMMY__ 0.18137805736083754	false	1.0
terror	neg 1.0		neg 0.4114781221665848 off 0.4084563236090231 __DUMMY__ 0.18006555422439227	false	1.0
krass	neg 1.0		off 0.4229317046127015 neg 0.3960553464409805 __DUMMY__ 0.18101294894631778	false	0.5
revolte	neg 1.0		off 0.4116575538113207 neg 0.40626966439578055 __DUMMY__ 0.18207278179289876	false	0.5
besorgt	neg 1.0		off 0.41703133385563074 neg 0.4011794726604253 __DUMMY__ 0.18178919348394385	false	0.5
nachlassen	neg 1.0		off 0.4154144274653489 neg 0.4026210215048534 __DUMMY__ 0.1819645510297978	false	0.5
alt	neg 1.0		off 0.42065670748864153 neg 0.3974357034451209 __DUMMY__ 0.18190758906623752	false	0.5
hundesohn	off 1.0		off 0.4282102083936708 neg 0.39171860383469387 __DUMMY__ 0.1800711877716353	false	1.0
abschreckung	neg 1.0		off 0.4142250227480658 neg 0.40393893265468167 __DUMMY__ 0.18183604459725267	false	0.5
unqualifiziert	neg 1.0		off 0.4169232736276042 neg 0.40146985009249425 __DUMMY__ 0.1816068762799015	false	0.5
abgewichst	off 1.0		off 0.42993977903343805 neg 0.39048299954018223 __DUMMY__ 0.17957722142637975	false	1.0
kapitulation	neg 1.0		off 0.4130231908237354 neg 0.40501432385428987 __DUMMY__ 0.18196248532197482	false	0.5
schwer	neg 1.0		off 0.41731442829828225 neg 0.40077882403114967 __DUMMY__ 0.18190674767056805	false	0.5
bedeutungslosigkeit	neg 1.0		off 0.4147332713009666 neg 0.4032869144269468 __DUMMY__ 0.18197981427208654	false	0.5
unscharf	neg 1.0		off 0.4209219951274771 neg 0.3978466075189632 __DUMMY__ 0.18123139735355964	false	0.5
schwinden	neg 1.0		off 0.4117809978978845 neg 0.40600976224219565 __DUMMY__ 0.18220923985991982	false	0.5
versklavung	neg 1.0		off 0.41233290807477657 neg 0.40600083428148687 __DUMMY__ 0.18166625764373653	false	0.5
schlecht	neg 1.0		off 0.41897655265580713 neg 0.39933588175600954 __DUMMY__ 0.1816875655881833	false	0.5
verhasst	neg 1.0		off 0.4165316659209868 neg 0.40163096708863977 __DUMMY__ 0.18183736699037345	false	0.5
beschweren	neg 1.0		off 0.4175634571056366 neg 0.4005367746675091 __DUMMY__ 0.18189976822685433	false	0.5
scheiden	neg 1.0		off 0.41758560976052916 neg 0.40049140658403554 __DUMMY__ 0.1819229836554354	false	0.5
frustriert	neg 1.0		off 0.4168851555579323 neg 0.4012980921588565 __DUMMY__ 0.18181675228321123	false	0.5
schimmelig	neg 1.0		off 0.42305568811710587 neg 0.39587356682414493 __DUMMY__ 0.18107074505874912	false	0.5
fisch	neg 1.0		off 0.42054627109364895 neg 0.39747662311551213 __DUMMY__ 0.18197710579083892	false	0.5
schmuggel	neg 1.0		off 0.4157628675031213 neg 0.4023421639795649 __DUMMY__ 0.18189496851731368	false	0.5
auffallen	neg 1.0		off 0.41751593078355964 neg 0.40066829398613446 __DUMMY__ 0.18181577523030593	false	0.5
konkurrenz	neg 1.0		off 0.41493036358441654 neg 0.4031049400506419 __DUMMY__ 0.1819646963649415	false	0.5
teufelskreis	neg 1.0		off 0.41669064745761747 neg 0.4014065393805689 __DUMMY__ 0.1819028131618135	false	0.5
aufschreien	neg 1.0		off 0.41814134213095366 neg 0.4000398048524982 __DUMMY__ 0.18181885301654815	false	0.5
missgeburt	off 1.0		off 0.4259091468046042 neg 0.39335281624833635 __DUMMY__ 0.1807380369470595	false	1.0
schuldner	neg 1.0		off 0.41194469811067946 neg 0.40606739968833855 __DUMMY__ 0.18198790220098204	false	0.5
befallen	neg 1.0		off 0.41445288153403603 neg 0.4040176119939648 __DUMMY__ 0.18152950647199925	false	0.5
arbeitslos	neg 1.0		off 0.4161054737567662 neg 0.4020310795903943 __DUMMY__ 0.18186344665283935	false	0.5
miesepetrig	off 1.0		off 0.41907770806370437 neg 0.3993307497168388 __DUMMY__ 0.18159154221945684	false	1.0
alarmieren	neg 1.0		off 0.410805425685208 neg 0.40710109731934674 __DUMMY__ 0.1820934769954453	false	0.5
ungeduscht	off 1.0		off 0.4216085613385919 neg 0.39734526050796054 __DUMMY__ 0.18104617815344745	false	1.0
knappheit	neg 1.0		off 0.4120026806627603 neg 0.40587894538098745 __DUMMY__ 0.18211837395625216	false	0.5
schlange	neg 1.0		off 0.4180087960082061 neg 0.40010127253961847 __DUMMY__ 0.18188993145217547	false	0.5
harsch	neg 1.0		off 0.4124935040016385 neg 0.4057780531152902 __DUMMY__ 0.18172844288307122	false	0.5
lang	neg 1.0	neg 1.0	neg 0.6460708874276425 off 0.25657610087706073 __DUMMY__ 0.09735301169529688	false	1.0
ziellos	neg 1.0		off 0.4166476302324576 neg 0.4014161184177432 __DUMMY__ 0.18193625134979913	false	0.5
selbstverliebt	neg 1.0		off 0.42211380197057485 neg 0.39661420859752167 __DUMMY__ 0.18127198943190362	false	0.5
beseitigen	neg 1.0		off 0.4123117780855999 neg 0.40551103769521396 __DUMMY__ 0.18217718421918602	false	0.5
dumm	off 1.0		off 0.4205537816911926 neg 0.39800877551669434 __DUMMY__ 0.18143744279211296	false	1.0
arbeitsloser	neg 1.0		off 0.4158313019316173 neg 0.40225949169514386 __DUMMY__ 0.18190920637323876	false	0.5
blitzen	neg 1.0		off 0.4170798732992908 neg 0.3996580228662839 __DUMMY__ 0.18326210383442537	false	0.5
hilflos	neg 1.0		off 0.4169635819980106 neg 0.4013529229514848 __DUMMY__ 0.18168349505050468	false	0.5
eklig	off 1.0		off 0.42225416053243475 neg 0.3966169066623424 __DUMMY__ 0.1811289328052228	false	1.0
hungersnot	neg 1.0		off 0.41273059449792693 neg 0.40511436656859834 __DUMMY__ 0.1821550389334747	false	0.5
ungesetzlich	neg 1.0		off 0.41413588232179427 neg 0.40414845217392403 __DUMMY__ 0.18171566550428167	false	0.5
verschwendung	neg 1.0		off 0.4157898368645933 neg 0.40237384624028383 __DUMMY__ 0.18183631689512286	false	0.5
schmerzvoll	neg 1.0		off 0.4181382214434842 neg 0.40015287498684293 __DUMMY__ 0.1817089035696728	false	0.5
vorzeitig	neg 1.0		off 0.41078013865147056 neg 0.4071869009003196 __DUMMY__ 0.18203296044820988	false	0.5
unvollkommenheit	neg 1.0		off 0.416571187352384 neg 0.40161738884520226 __DUMMY__ 0.18181142380241366	false	0.5
intervenieren	neg 1.0		off 0.41425995833704937 neg 0.40396951035124623 __DUMMY__ 0.18177053131170445	false	0.5
banause	off 1.0		off 0.4209938666261972 neg 0.39772300216669165 __DUMMY__ 0.1812831312071112	false	1.0
rebell	neg 1.0		off 0.42574947590061973 neg 0.3942950309314313 __DUMMY__ 0.17995549316794882	false	0.5
unlogisch	neg 1.0		off 0.41933627183265015 neg 0.3991452739100282 __DUMMY__ 0.18151845425732163	false	0.5
abschaffung	neg 1.0		off 0.4112276087329932 neg 0.40709760553893914 __DUMMY__ 0.18167478572806772	false	0.5
leiden	neg 1.0		off 0.41765603501335163 neg 0.40044248575510694 __DUMMY__ 0.18190147923154146	false	0.5
sturz	neg 1.0		off 0.41237359030822013 neg 0.40548879569295687 __DUMMY__ 0.18213761399882297	false	0.5
verkleinerung	neg 1.0		off 0.4102787990257463 neg 0.4078039112866228 __DUMMY__ 0.1819172896876307	false	0.5
schmarotzer	off 1.0		off 0.4162432782814415 neg 0.4020110555219238 __DUMMY__ 0.18174566619663482	false	1.0
bestrafung	neg 1.0		off 0.41772627108060567 neg 0.4004947513859461 __DUMMY__ 0.18177897753344816	false	0.5
achtlos	neg 1.0		off 0.4169621765167726 neg 0.401323528527967 __DUMMY__ 0.18171429495526054	false	0.5
ungeheuer	neg 1.0		off 0.4188114933764732 neg 0.3992385381275287 __DUMMY__ 0.18194996849599804	false	0.5
unaufrichtig	neg 1.0		off 0.4172597440273708 neg 0.40137702869765385 __DUMMY__ 0.18136322727497525	false	0.5
groggy	neg 1.0		off 0.4228663324583705 neg 0.3958026493052196 __DUMMY__ 0.18133101823640993	false	0.5
verletzlich	neg 1.0		off 0.4192682911907283 neg 0.3991258170124095 __DUMMY__ 0.18160589179686237	false	0.5
ablehnen	neg 1.0		off 0.41522018245824927 neg 0.40304309867954713 __DUMMY__ 0.18173671886220366	false	0.5
kollaps	neg 1.0		off 0.4103861663542175 neg 0.4075827037571867 __DUMMY__ 0.18203112988859577	false	0.5
beschnitten	neg 1.0		off 0.41754849492663554 neg 0.4006692041483284 __DUMMY__ 0.18178230092503606	false	0.5
defekt	neg 1.0		off 0.41147898955876266 neg 0.4068090488638311 __DUMMY__ 0.18171196157740624	false	0.5
dreckskerl	off 1.0		off 0.41940626214703536 neg 0.39917304882485705 __DUMMY__ 0.18142068902810754	false	1.0
deine	neg 1.0		off 0.42085077615335487 neg 0.39782232936153067 __DUMMY__ 0.18132689448511433	false	0.5
aufgeben	neg 1.0		off 0.41777803809118247 neg 0.4002167480086807 __DUMMY__ 0.18200521390013677	false	0.5
durcheinander	neg 1.0		off 0.4184007718140228 neg 0.3997785733169153 __DUMMY__ 0.18182065486906182	false	0.5
unterbrechen	neg 1.0		off 0.416530630565875 neg 0.40157520999417423 __DUMMY__ 0.18189415943995074	false	0.5
vergammeln	neg 1.0		off 0.41809975050667914 neg 0.40009353984695384 __DUMMY__ 0.18180670964636705	false	0.5
grotesk	neg 1.0		off 0.41613713900602145 neg 0.401934196136518 __DUMMY__ 0.18192866485746045	false	0.5
elendig	neg 1.0		off 0.4182006019642279 neg 0.4001544908842782 __DUMMY__ 0.1816449071514938	false	0.5
naiv	off 1.0		off 0.41780781025209496 neg 0.40029438143454504 __DUMMY__ 0.1818978083133599	false	1.0
uneinigkeit	neg 1.0		off 0.41178706789954866 neg 0.40629259300200726 __DUMMY__ 0.18192033909844413	false	0.5
fragil	neg 1.0		neg 0.4128179672448382 off 0.40864108357883283 __DUMMY__ 0.17854094917632898	false	1.0
provisorisch	neg 1.0		off 0.4162063472158625 neg 0.40166285134209484 __DUMMY__ 0.18213080144204244	false	0.5
landei	off 1.0		off 0.4210422803090926 neg 0.39733456722290295 __DUMMY__ 0.18162315246800462	false	1.0
bedauerlich	neg 1.0		off 0.4157952637729676 neg 0.4023380672407987 __DUMMY__ 0.18186666898623366	false	0.5
krieg	neg 1.0		off 0.41680881185731145 neg 0.40138779490923426 __DUMMY__ 0.1818033932334543	false	0.5
traurigkeit	neg 1.0		off 0.4174627975364996 neg 0.4007041091683775 __DUMMY__ 0.18183309329512287	false	0.5
monotonie	neg 1.0		off 0.4162516867742842 neg 0.4017616215093305 __DUMMY__ 0.18198669171638543	false	0.5
unliebsam	neg 1.0		off 0.4167159078868149 neg 0.4014554108582942 __DUMMY__ 0.18182868125489085	false	0.5
drift	neg 1.0		neg 0.43671685368910157 off 0.40207506361215894 __DUMMY__ 0.16120808269873943	false	1.0
chaos	neg 1.0		off 0.4137749490513318 neg 0.4043477523882243 __DUMMY__ 0.18187729856044382	false	0.5
blutig	neg 1.0		off 0.41816026160313974 neg 0.3999822898344624 __DUMMY__ 0.18185744856239797	false	0.5
