unsolidarisch	neg 1.0		__DUMMY__ 0.4058942314547329 off 0.3014094106011953 neg 0.29269635794407184	false	0.5
nachteilig	neg 1.0		__DUMMY__ 0.4067258317168457 off 0.30029690636114476 neg 0.2929772619220097	false	0.5
skeptisch	neg 1.0		__DUMMY__ 0.4067539265370729 off 0.301105770389594 neg 0.29214030307333305	false	0.5
schrecklich	neg 1.0		__DUMMY__ 0.4056928098282946 off 0.30588222391231357 neg 0.2884249662593919	false	0.5
schlapp	neg 1.0		__DUMMY__ 0.4059225799724985 off 0.30602783647889514 neg 0.2880495835486063	false	0.5
abfall	neg 1.0		__DUMMY__ 0.40716167289813193 off 0.3002498308043148 neg 0.29258849629755335	false	0.5
widerspenstig	neg 1.0		__DUMMY__ 0.4061402437402281 off 0.30339321748073944 neg 0.29046653877903245	false	0.5
abrupt	neg 1.0		__DUMMY__ 0.40702344395913687 off 0.3019348256943006 neg 0.29104173034656244	false	0.5
unwirksam	neg 1.0		__DUMMY__ 0.4067742595170204 neg 0.29751478387696567 off 0.295710956606014	false	1.0
angreifen	neg 1.0		__DUMMY__ 0.40663476715851016 off 0.30112259568651156 neg 0.2922426371549783	false	0.5
inkonsistent	neg 1.0		__DUMMY__ 0.406854873432922 off 0.3030742074330152 neg 0.29007091913406285	false	0.5
abrutschen	neg 1.0		__DUMMY__ 0.4066874348195625 off 0.30110756863479304 neg 0.29220499654564447	false	0.5
unsicher	neg 1.0		__DUMMY__ 0.40651285286921207 off 0.3031164037258312 neg 0.29037074340495683	false	0.5
bauernkind	off 1.0		__DUMMY__ 0.40457404048452206 off 0.30998630208035727 neg 0.28543965743512073	false	1.0
angreifer	neg 1.0		__DUMMY__ 0.40646855521296643 off 0.2985293273787314 neg 0.295002117408302	false	0.5
trennen	neg 1.0		__DUMMY__ 0.4072753410863375 off 0.30195160574354174 neg 0.29077305317012075	false	0.5
schmutz	neg 1.0		__DUMMY__ 0.406977659289036 off 0.2985576316658919 neg 0.29446470904507216	false	0.5
inkonsistenz	neg 1.0		__DUMMY__ 0.4061949889908008 off 0.3039054610048989 neg 0.2898995500043002	false	0.5
erschreckend	neg 1.0		__DUMMY__ 0.40655620189535296 off 0.3019086470194898 neg 0.2915351510851574	false	0.5
ertrinken	neg 1.0		__DUMMY__ 0.406109691225805 off 0.30246219547012554 neg 0.2914281133040695	false	0.5
pickelface	off 1.0		__DUMMY__ 0.4034577373679225 off 0.3143993038638895 neg 0.28214295876818807	false	1.0
lauch	neg 1.0		__DUMMY__ 0.4041440249019299 off 0.3114555307327953 neg 0.2844004443652749	false	0.5
steuerhinterziehung	neg 1.0		__DUMMY__ 0.40637839701726075 off 0.2983440436633909 neg 0.2952775593193483	false	0.5
unwichtig	neg 1.0		__DUMMY__ 0.4062783844271259 off 0.3039558974063011 neg 0.28976571816657304	false	0.5
schock	neg 1.0		__DUMMY__ 0.4069043247316092 off 0.3030763410646189 neg 0.29001933420377196	false	0.5
vergelten	neg 1.0		__DUMMY__ 0.4053347017112462 off 0.30085486991538274 neg 0.29381042837337107	false	0.5
beule	neg 1.0		__DUMMY__ 0.4056710120853388 off 0.30674022635836384 neg 0.2875887615562974	false	0.5
verdorbenheit	neg 1.0		__DUMMY__ 0.4089693973716093 off 0.3005377777283646 neg 0.29049282490002604	false	0.5
trauma			__DUMMY__ 0.37136761171581906 off 0.3327356731366678 neg 0.2958967151475132	false	0.0
sinnlos	neg 1.0		__DUMMY__ 0.40620779972496424 off 0.3039025712332385 neg 0.2898896290417973	false	0.5
fettsack	off 1.0		__DUMMY__ 0.4050636281749732 off 0.30947921522314076 neg 0.285457156601886	false	1.0
feige	off 1.0		__DUMMY__ 0.40639560090895266 off 0.3038964627208025 neg 0.28970793637024495	false	1.0
abdanken	neg 1.0		__DUMMY__ 0.4062705908090161 off 0.30143971478798953 neg 0.2922896944029943	false	0.5
wichtigtuer	off 1.0	off 1.0	off 0.6409985050831912 __DUMMY__ 0.1965385247611149 neg 0.16246297015569375	false	1.0
misslingen	neg 1.0		__DUMMY__ 0.4060317433906586 off 0.3033248815744079 neg 0.29064337503493337	false	0.5
untreu	off 1.0		__DUMMY__ 0.40637875977270016 off 0.3039666406883581 neg 0.28965459953894196	false	1.0
missmutig	neg 1.0		__DUMMY__ 0.40663326194923805 off 0.3031691624356165 neg 0.29019757561514553	false	0.5
hurenbock	off 1.0		__DUMMY__ 0.4041144893398466 off 0.30984321196203474 neg 0.2860422986981186	false	1.0
betrunken	neg 1.0		__DUMMY__ 0.4056071165577427 off 0.30595061488063846 neg 0.2884422685616189	false	0.5
korrupt	off 1.0		__DUMMY__ 0.40616025708715797 off 0.30128514195622585 neg 0.2925546009566161	false	1.0
unmut	neg 1.0		__DUMMY__ 0.4067871387170799 off 0.2998139403980565 neg 0.2933989208848637	false	0.5
hackfresse	off 1.0		__DUMMY__ 0.405323161664111 off 0.30685243708514237 neg 0.2878244012507466	false	1.0
aufblasen	neg 1.0		__DUMMY__ 0.4063016244677755 off 0.30387550555955606 neg 0.28982286997266843	false	0.5
gewaltsam	neg 1.0		__DUMMY__ 0.40662407693072017 off 0.2991574464826264 neg 0.2942184765866534	false	0.5
unbeliebtheit	neg 1.0		__DUMMY__ 0.40669516978856046 off 0.29824892254789925 neg 0.2950559076635403	false	0.5
sturheit	neg 1.0		__DUMMY__ 0.4064838367071773 off 0.3012291712146493 neg 0.2922869920781735	false	0.5
kuh	neg 1.0		__DUMMY__ 0.4047498902660858 off 0.3101906429863118 neg 0.28505946674760235	false	0.5
erschrecken	neg 1.0		__DUMMY__ 0.40613397560997483 off 0.30440422668706674 neg 0.2894617977029585	false	0.5
opfer	neg 1.0		__DUMMY__ 0.40667624414057 off 0.3016547634036719 neg 0.29166899245575795	false	0.5
stinktier	neg 1.0		__DUMMY__ 0.40468072937744937 off 0.3098878568175399 neg 0.2854314138050107	false	0.5
sinken	neg 1.0		__DUMMY__ 0.40776928026103315 off 0.297901611782305 neg 0.29432910795666184	false	0.5
tucke	off 1.0		__DUMMY__ 0.40429807304985643 off 0.30911654206343264 neg 0.28658538488671104	false	1.0
abstieg	neg 1.0		__DUMMY__ 0.40705605925064225 off 0.29959663423778177 neg 0.293347306511576	false	0.5
missverstehen	neg 1.0		__DUMMY__ 0.4064717067437156 off 0.30322338304263313 neg 0.2903049102136513	false	0.5
ergebnislos	neg 1.0		__DUMMY__ 0.4071939592677434 off 0.29770339843071364 neg 0.29510264230154304	false	0.5
manipulieren	neg 1.0		__DUMMY__ 0.4061608085799089 off 0.30148831326383907 neg 0.29235087815625205	false	0.5
verschleppen	neg 1.0		__DUMMY__ 0.40676114548184616 off 0.2983543995511155 neg 0.2948844549670383	false	0.5
unbewiesen	neg 1.0		__DUMMY__ 0.4066616178550762 off 0.2998020826335832 neg 0.29353629951134047	false	0.5
weib	off 1.0		__DUMMY__ 0.4047922665490554 off 0.30885880153411416 neg 0.28634893191683053	false	1.0
opposition	neg 1.0		__DUMMY__ 0.4056925612045719 neg 0.29734446459351455 off 0.2969629742019134	false	1.0
verkehrswidrig	neg 1.0		__DUMMY__ 0.40555433140089664 off 0.29885921886391653 neg 0.2955864497351868	false	0.5
inkorrekt	neg 1.0		__DUMMY__ 0.4062631293748886 off 0.30377247438723587 neg 0.2899643962378756	false	0.5
vermeiden	neg 1.0		__DUMMY__ 0.4071438052461961 off 0.29947626433805896 neg 0.2933799304157451	false	0.5
abweichung	neg 1.0		__DUMMY__ 0.4070771273673115 off 0.29919812217231795 neg 0.2937247504603705	false	0.5
alkoholisiert	neg 1.0		__DUMMY__ 0.40656829312555864 off 0.30182619595901217 neg 0.2916055109154293	false	0.5
scheiss	off 1.0	off 1.0	off 0.6425323840272538 __DUMMY__ 0.19659018269163073 neg 0.16087743328111542	false	1.0
herausforderung	neg 1.0		__DUMMY__ 0.40735851312866206 off 0.30012839044887263 neg 0.2925130964224653	false	0.5
pervers	off 1.0		__DUMMY__ 0.40459343079744153 off 0.30875252404839104 neg 0.2866540451541674	false	1.0
wackelig	neg 1.0		__DUMMY__ 0.4064218378862863 off 0.3034881865010495 neg 0.29008997561266414	false	0.5
verwickeln	neg 1.0		__DUMMY__ 0.40662419399830135 off 0.30293421376831486 neg 0.2904415922333837	false	0.5
vorwand	neg 1.0		__DUMMY__ 0.4063194871197608 off 0.30132642673902826 neg 0.29235408614121083	false	0.5
muschi	off 1.0		__DUMMY__ 0.4035512470913555 off 0.31381399274058164 neg 0.28263476016806294	false	1.0
entmutigung	neg 1.0		__DUMMY__ 0.40636838769884587 off 0.2988453552553302 neg 0.294786257045824	false	0.5
unstetig	neg 1.0		__DUMMY__ 0.4064469558425141 off 0.30168740487794676 neg 0.2918656392795391	false	0.5
unangemessen	neg 1.0		__DUMMY__ 0.4065025052373163 off 0.30154062045352203 neg 0.29195687430916156	false	0.5
entmutigen	neg 1.0		__DUMMY__ 0.4065291143338457 off 0.303285103699328 neg 0.2901857819668263	false	0.5
schwanz	neg 1.0		__DUMMY__ 0.4030213357122845 off 0.31189453535089573 neg 0.2850841289368197	false	0.5
verbot	neg 1.0		__DUMMY__ 0.40641844860565896 off 0.29896460492966437 neg 0.29461694646467673	false	0.5
leid	neg 1.0		__DUMMY__ 0.40570683552243136 off 0.30632674594646314 neg 0.2879664185311055	false	0.5
archaisch	neg 1.0		__DUMMY__ 0.4063684333909556 off 0.301704287104448 neg 0.2919272795045964	false	0.5
scheidung	neg 1.0		__DUMMY__ 0.40713878912565643 off 0.2965359886121802 neg 0.29632522226216335	false	0.5
abgestanden	neg 1.0		__DUMMY__ 0.40666267543239437 off 0.3049278687000585 neg 0.2884094558675473	false	0.5
einschlag	neg 1.0		__DUMMY__ 0.40703794194929477 off 0.299046179267436 neg 0.29391587878326914	false	0.5
schmierig	off 1.0		__DUMMY__ 0.4058691925299988 off 0.30588193737441616 neg 0.2882488700955851	false	1.0
unpraktisch	neg 1.0		__DUMMY__ 0.4060868832048327 off 0.3049037646601491 neg 0.28900935213501805	false	0.5
wixxer	off 1.0		__DUMMY__ 0.404889521432319 off 0.30981476469811914 neg 0.285295713869562	false	1.0
jammerlappen	off 1.0		__DUMMY__ 0.4062149402441661 off 0.30399159690208927 neg 0.2897934628537447	false	1.0
farce	neg 1.0		__DUMMY__ 0.406555052524408 off 0.29898633711064276 neg 0.2944586103649492	false	0.5
zwecklos	neg 1.0		__DUMMY__ 0.40666309344477497 off 0.3016445378936255 neg 0.2916923686615994	false	0.5
turbulent	neg 1.0		__DUMMY__ 0.40588813029691706 off 0.30117817527812796 neg 0.29293369442495504	false	0.5
schuld	neg 1.0		__DUMMY__ 0.40614878351375555 off 0.30320331245922705 neg 0.2906479040270174	false	0.5
risiko	neg 1.0		__DUMMY__ 0.4079320522626688 off 0.2970492344257184 neg 0.2950187133116128	false	0.5
invasion	neg 1.0		__DUMMY__ 0.39760861766631755 neg 0.3120732369317967 off 0.29031814540188583	false	1.0
finster	neg 1.0		__DUMMY__ 0.40643141933929483 off 0.3052470213171665 neg 0.2883215593435386	false	0.5
geisteskrank	off 1.0		__DUMMY__ 0.4063936185987376 off 0.3039035650441901 neg 0.2897028163570723	false	1.0
ausbeute	neg 1.0		__DUMMY__ 0.4083300773279896 off 0.3016180409258493 neg 0.29005188174616103	false	0.5
zusammenbrechen	neg 1.0		__DUMMY__ 0.4062374334346515 off 0.30251224874616445 neg 0.291250317819184	false	0.5
hinterhalt	neg 1.0		__DUMMY__ 0.40665718048517385 off 0.30156573870962733 neg 0.2917770808051989	false	0.5
kritik	neg 1.0		__DUMMY__ 0.40645352086588793 off 0.2992803702310007 neg 0.29426610890311133	false	0.5
einschrumpfen	neg 1.0		__DUMMY__ 0.4040038944230933 off 0.2991266454902469 neg 0.29686946008665965	false	0.5
riskant	neg 1.0		__DUMMY__ 0.4065945194436656 off 0.3016887569371527 neg 0.29171672361918183	false	0.5
frustrieren	neg 1.0		__DUMMY__ 0.40668202888714855 off 0.30208658076980277 neg 0.2912313903430486	false	0.5
groll	neg 1.0		__DUMMY__ 0.4067146829249487 off 0.3014103288704722 neg 0.2918749882045791	false	0.5
qualvoll	neg 1.0		__DUMMY__ 0.4058660001639782 off 0.30402201582886534 neg 0.2901119840071564	false	0.5
wackeln	neg 1.0		__DUMMY__ 0.4066820978781776 off 0.30339126320175613 neg 0.2899266389200662	false	0.5
klagen	neg 1.0		__DUMMY__ 0.4065404215090627 off 0.29958054959035213 neg 0.2938790289005852	false	0.5
trauern	neg 1.0		__DUMMY__ 0.40651250899335173 off 0.30193225643558763 neg 0.29155523457106064	false	0.5
ablehnung	neg 1.0		__DUMMY__ 0.4066663950181857 off 0.29876371468048896 neg 0.2945698903013254	false	0.5
bankrott	neg 1.0		__DUMMY__ 0.4054236525043595 neg 0.29991714155027865 off 0.2946592059453618	false	1.0
stur	neg 1.0		__DUMMY__ 0.4061467859537494 off 0.30281168952155213 neg 0.29104152452469845	false	0.5
aufruhr	neg 1.0		__DUMMY__ 0.4074004931657146 off 0.2975162698052207 neg 0.29508323702906475	false	0.5
melancholie	neg 1.0		__DUMMY__ 0.4063564524687129 off 0.3045115998048848 neg 0.2891319477264023	false	0.5
torheit	neg 1.0		__DUMMY__ 0.4065189240828016 off 0.3009594005776639 neg 0.2925216753395344	false	0.5
dreckskind	off 1.0		__DUMMY__ 0.40402549821612777 off 0.3124583962106893 neg 0.28351610557318285	false	1.0
umtauschen	neg 1.0		__DUMMY__ 0.40590164430916986 off 0.30485418500764505 neg 0.2892441706831852	false	0.5
zersetzen	neg 1.0		__DUMMY__ 0.4066014725087617 off 0.3005682159556239 neg 0.2928303115356144	false	0.5
frust	neg 1.0		__DUMMY__ 0.40631181526811494 off 0.3023909340647476 neg 0.2912972506671375	false	0.5
unerbittlichkeit	neg 1.0		__DUMMY__ 0.40663206495699195 off 0.3006169052640032 neg 0.2927510297790049	false	0.5
unkorrekt	neg 1.0		__DUMMY__ 0.405778411958855 off 0.3042779709439859 neg 0.28994361709715905	false	0.5
hexe	off 1.0		__DUMMY__ 0.40649578066670755 off 0.3067469267005699 neg 0.2867572926327224	false	1.0
lasch	neg 1.0		__DUMMY__ 0.4063716170758313 off 0.3029200143955424 neg 0.2907083685286263	false	0.5
rivale	neg 1.0		__DUMMY__ 0.40605984281462615 off 0.29761648950415354 neg 0.29632366768122037	false	0.5
mutlos	off 1.0		__DUMMY__ 0.4066304130468839 off 0.3010644376629048 neg 0.29230514929021134	false	1.0
wirr	off 1.0		__DUMMY__ 0.40506434119559065 off 0.30616663974140745 neg 0.2887690190630019	false	1.0
strafbar	neg 1.0		__DUMMY__ 0.4066568753417433 off 0.30139571504733387 neg 0.29194740961092286	false	0.5
erosion	neg 1.0	neg 1.0	neg 0.6308913002783022 __DUMMY__ 0.20136320754699152 off 0.16774549217470625	false	1.0
eingehen	neg 1.0		__DUMMY__ 0.4065747689420504 off 0.3017281457173074 neg 0.29169708534064226	false	0.5
faul	off 1.0		__DUMMY__ 0.40551479980185673 off 0.3061978898282956 neg 0.28828731036984767	false	1.0
provisorium	neg 1.0		__DUMMY__ 0.40709404020994233 off 0.3005396693543384 neg 0.2923662904357193	false	0.5
schmerzen	neg 1.0		__DUMMY__ 0.4056000404585562 off 0.30476962964005644 neg 0.2896303299013874	false	0.5
schrumpfen	neg 1.0		__DUMMY__ 0.40714121661873376 off 0.29930867809448486 neg 0.29355010528678144	false	0.5
geistlos	off 1.0		__DUMMY__ 0.4063528170641602 off 0.3026427264984705 neg 0.29100445643736944	false	1.0
frustrierend	neg 1.0		__DUMMY__ 0.4064806816073606 off 0.30417820802168294 neg 0.2893411103709565	false	0.5
fehlkauf	neg 1.0		__DUMMY__ 0.4082466388175579 off 0.3014678306400826 neg 0.29028553054235956	false	0.5
unzufrieden	neg 1.0		__DUMMY__ 0.4067072392798323 off 0.30163062164163884 neg 0.2916621390785288	false	0.5
verzweifeln	neg 1.0		__DUMMY__ 0.40641770133796573 off 0.302751416483115 neg 0.2908308821789193	false	0.5
verzweifelt	neg 1.0		__DUMMY__ 0.4065183068936199 off 0.30337238220228463 neg 0.2901093109040956	false	0.5
misstrauensantrag	neg 1.0		__DUMMY__ 0.40550772867002394 off 0.29743688159335446 neg 0.29705538973662166	false	0.5
abfallen	neg 1.0		__DUMMY__ 0.4058751695584084 off 0.30493875289584993 neg 0.28918607754574155	false	0.5
fucker	off 1.0		__DUMMY__ 0.5094482611404957 off 0.30226849926860694 neg 0.18828323959089732	false	1.0
ungezogen	neg 1.0		__DUMMY__ 0.4053124871245394 off 0.30700950197335114 neg 0.2876780109021095	false	0.5
irrsinnig	neg 1.0		__DUMMY__ 0.40630162388784946 off 0.3034559600968792 neg 0.2902424160152714	false	0.5
hart	neg 1.0		__DUMMY__ 0.40376837290820194 off 0.31093410792251464 neg 0.28529751916928336	false	0.5
unfassbar	neg 1.0		__DUMMY__ 0.4066952947630701 off 0.3039352559493934 neg 0.2893694492875366	false	0.5
widerlich	off 1.0		__DUMMY__ 0.4060206722530156 off 0.3043909062984487 neg 0.2895884214485357	false	1.0
fatal			__DUMMY__ 0.39302247007873403 off 0.30694435972240774 neg 0.3000331701988583	false	0.0
bruch	neg 1.0		__DUMMY__ 0.4070176280391595 off 0.30027462957686124 neg 0.29270774238397923	false	0.5
aushungern	neg 1.0		__DUMMY__ 0.4061301368707281 off 0.2996120785727093 neg 0.2942577845565626	false	0.5
anspannung	neg 1.0		__DUMMY__ 0.4069285135378319 off 0.3013054557024717 neg 0.2917660307596963	false	0.5
kraftlos	neg 1.0		__DUMMY__ 0.4065962018584393 off 0.3025492508600413 neg 0.2908545472815195	false	0.5
grenzdebil	off 1.0		__DUMMY__ 0.4058620054795247 off 0.30495932697054456 neg 0.2891786675499307	false	1.0
unterwerfen	neg 1.0		__DUMMY__ 0.406538987768851 off 0.30149285482331856 neg 0.29196815740783055	false	0.5
versenkung	neg 1.0		__DUMMY__ 0.40677303557721156 off 0.30157459538243486 neg 0.29165236904035347	false	0.5
entziehen	neg 1.0		__DUMMY__ 0.4068060833709383 off 0.3007762429903302 neg 0.2924176736387315	false	0.5
finanzkrise	neg 1.0		__DUMMY__ 0.40690270723550687 neg 0.29687020627203425 off 0.2962270864924588	false	1.0
schimpfend	neg 1.0		__DUMMY__ 0.40583620128368636 off 0.30442980491627003 neg 0.2897339938000438	false	0.5
profan	neg 1.0		__DUMMY__ 0.40642616232102724 off 0.3037268156960199 neg 0.28984702198295287	false	0.5
korruption	neg 1.0		__DUMMY__ 0.40649349647882616 off 0.29849252145851224 neg 0.29501398206266166	false	0.5
schmutzig	neg 1.0		__DUMMY__ 0.40590168875862714 off 0.30515063742794507 neg 0.2889476738134278	false	0.5
abraten	neg 1.0		__DUMMY__ 0.40632459525526265 off 0.30425847643116694 neg 0.28941692831357035	false	0.5
sexy	neg 1.0		__DUMMY__ 0.37528714920061784 off 0.32465936159045283 neg 0.30005348920892927	false	0.5
fotze	off 1.0		__DUMMY__ 0.4024873563607955 off 0.31585451383836166 neg 0.28165812980084276	false	1.0
schwarz	neg 1.0		__DUMMY__ 0.40691864993818505 off 0.3021527606310946 neg 0.29092858943072025	false	0.5
verwirren	neg 1.0		__DUMMY__ 0.4061786365027456 off 0.3042334674958736 neg 0.28958789600138074	false	0.5
zahnlos	off 1.0		__DUMMY__ 0.40689073413674137 off 0.30165814984030265 neg 0.29145111602295587	false	1.0
verheeren	neg 1.0		__DUMMY__ 0.40639030511526886 neg 0.2976251395515557 off 0.2959845553331755	false	1.0
rammen	neg 1.0		__DUMMY__ 0.40604475786708877 off 0.3052325302085095 neg 0.28872271192440185	false	0.5
unlauter	neg 1.0		__DUMMY__ 0.40610266008216184 off 0.2983920790252091 neg 0.2955052608926292	false	0.5
unheilvoll	neg 1.0		__DUMMY__ 0.405801534738437 off 0.30370418800260246 neg 0.2904942772589605	false	0.5
niedrig	neg 1.0		__DUMMY__ 0.4082040713773759 off 0.29824882579575174 neg 0.2935471028268723	false	0.5
weichei	off 1.0		__DUMMY__ 0.40555772782532906 off 0.306886178525521 neg 0.28755609364914986	false	1.0
explosion	neg 1.0		__DUMMY__ 0.4031078004831899 neg 0.30377141375623284 off 0.2931207857605771	false	1.0
minusmensch	off 1.0		__DUMMY__ 0.4048115170510754 off 0.3116690829906065 neg 0.28351939995831826	false	1.0
farblos	neg 1.0		__DUMMY__ 0.4078838755561731 off 0.3024438127803287 neg 0.2896723116634981	false	0.5
unwissend	neg 1.0		__DUMMY__ 0.4061252004399514 off 0.30433154029403864 neg 0.28954325926601004	false	0.5
traurig	neg 1.0		__DUMMY__ 0.4059240947413001 off 0.30541944634611856 neg 0.2886564589125814	false	0.5
senkung	neg 1.0		__DUMMY__ 0.40600074719951484 neg 0.29969040741341524 off 0.29430884538706986	false	1.0
ungleich	neg 1.0		__DUMMY__ 0.40654898034978687 off 0.30125476689172404 neg 0.2921962527584891	false	0.5
heikel	neg 1.0		__DUMMY__ 0.40643032205651547 off 0.3014843217061807 neg 0.29208535623730386	false	0.5
drosselung	neg 1.0		__DUMMY__ 0.40650356119495834 neg 0.29837088821301444 off 0.29512555059202716	false	1.0
falsch	neg 1.0		__DUMMY__ 0.40615982721121396 off 0.3042481430150191 neg 0.28959202977376697	false	0.5
unzufriedenheit	neg 1.0		__DUMMY__ 0.4066187785415474 off 0.3005982486569179 neg 0.2927829728015347	false	0.5
kurz	neg 1.0		__DUMMY__ 0.4065319184825192 off 0.30383661403856244 neg 0.2896314674789182	false	0.5
unsinnig	neg 1.0		__DUMMY__ 0.4062476309295514 off 0.3021549943394154 neg 0.2915973747310333	false	0.5
penner	off 1.0		__DUMMY__ 0.4055153868299433 off 0.30660345001229544 neg 0.2878811631577613	false	1.0
seicht	neg 1.0		__DUMMY__ 0.4062386724559284 off 0.30492552554118335 neg 0.2888358020028883	false	0.5
dummheit	off 1.0		__DUMMY__ 0.40620563380276425 off 0.30302224658629073 neg 0.2907721196109451	false	1.0
unerfreulich	neg 1.0		__DUMMY__ 0.406688631835131 off 0.30132202440283273 neg 0.2919893437620363	false	0.5
pikiert	neg 1.0		__DUMMY__ 0.40623681849762183 off 0.3040972606892293 neg 0.2896659208131488	false	0.5
motherfucker	off 1.0		__DUMMY__ 0.4976584935509395 off 0.30127415149500997 neg 0.20106735495405048	false	1.0
wrack	neg 1.0		__DUMMY__ 0.40693021837154886 off 0.30147032102620014 neg 0.29159946060225106	false	0.5
gangster	neg 1.0		__DUMMY__ 0.4429451167932746 off 0.3147759601339698 neg 0.24227892307275556	false	0.5
krank	neg 1.0		__DUMMY__ 0.40585836463272756 off 0.3057882675949682 neg 0.28835336777230425	false	0.5
reich	neg 1.0		__DUMMY__ 0.4068109865121438 off 0.30142201120623435 neg 0.2917670022816219	false	0.5
gnadenlos	neg 1.0		__DUMMY__ 0.40653023905778046 off 0.3032979839010882 neg 0.2901717770411313	false	0.5
niedergeschlagen	neg 1.0		__DUMMY__ 0.40655298575788684 off 0.3024994057746403 neg 0.29094760846747286	false	0.5
terrorisieren	off 1.0	off 1.0	off 0.640021680937103 __DUMMY__ 0.19694916285976044 neg 0.1630291562031366	false	1.0
sinnlosigkeit	neg 1.0		__DUMMY__ 0.406395348835716 off 0.3019321135717601 neg 0.29167253759252393	false	0.5
behindern	neg 1.0		__DUMMY__ 0.40716539312562566 off 0.2983921254894292 neg 0.294442481384945	false	0.5
undemokratisch	neg 1.0		__DUMMY__ 0.4057454063399686 off 0.3005420894822125 neg 0.29371250417781875	false	0.5
wirtschaftskrise	neg 1.0		__DUMMY__ 0.4071907978649911 off 0.29697497435247994 neg 0.29583422778252905	false	0.5
neid	neg 1.0		__DUMMY__ 0.4067064661697984 off 0.30405244526665104 neg 0.28924108856355063	false	0.5
rutschen	neg 1.0		__DUMMY__ 0.4071755903515714 off 0.30230733819131783 neg 0.29051707145711075	false	0.5
rezession	neg 1.0		__DUMMY__ 0.40732445973590836 neg 0.29743197556013384 off 0.29524356470395774	false	1.0
fehlgeburt	neg 1.0		__DUMMY__ 0.4055567677092337 off 0.3045598660087216 neg 0.28988336628204475	false	0.5
charakterschwach	off 1.0		__DUMMY__ 0.40618712527533163 off 0.30387230532181314 neg 0.28994056940285523	false	1.0
isolation	neg 1.0		__DUMMY__ 0.40022070923160763 neg 0.30813590743565955 off 0.2916433833327328	false	1.0
ablenkung	neg 1.0		__DUMMY__ 0.40629726088747126 off 0.3034013891622876 neg 0.29030134995024104	false	0.5
pech	neg 1.0		__DUMMY__ 0.40636862888490916 off 0.30513272872034375 neg 0.2884986423947471	false	0.5
dominieren	neg 1.0		__DUMMY__ 0.4077994222539239 off 0.2977205965448591 neg 0.29447998120121693	false	0.5
vermeidung	neg 1.0		__DUMMY__ 0.4057008430287995 neg 0.2999158489327107 off 0.29438330803848983	false	1.0
schwindlig	neg 1.0		__DUMMY__ 0.4056214738397331 off 0.30646121577978763 neg 0.2879173103804794	false	0.5
lutscher	neg 1.0		__DUMMY__ 0.40465416098754187 off 0.31012733102115203 neg 0.2852185079913061	false	0.5
pflicht	neg 1.0		__DUMMY__ 0.4067911538831514 off 0.301111610572593 neg 0.29209723554425565	false	0.5
faschist	off 1.0		__DUMMY__ 0.4060759755827977 off 0.30269899433773956 neg 0.29122503007946265	false	1.0
verschleudern	neg 1.0		__DUMMY__ 0.406831253131098 off 0.2988022673615931 neg 0.29436647950730893	false	0.5
ehebruch	neg 1.0		__DUMMY__ 0.40658756617807884 off 0.30177627672741775 neg 0.29163615709450325	false	0.5
trostlosigkeit	neg 1.0		__DUMMY__ 0.40663766796988227 off 0.3008832002130077 neg 0.2924791318171101	false	0.5
lutschen	neg 1.0		__DUMMY__ 0.4035590674794996 off 0.3108814149528185 neg 0.28555951756768194	false	0.5
spott	off 1.0		__DUMMY__ 0.4065814806203896 off 0.3011794441398259 neg 0.2922390752397844	false	1.0
undiszipliniert	neg 1.0		__DUMMY__ 0.405759636329232 off 0.30542550219225983 neg 0.2888148614785081	false	0.5
kopfschmerz	neg 1.0		__DUMMY__ 0.40555330977583554 off 0.30437137491696464 neg 0.2900753153071999	false	0.5
unvorhergesehen	neg 1.0		__DUMMY__ 0.4067611103785506 off 0.30289819270672047 neg 0.290340696914729	false	0.5
desinteressiert	neg 1.0		__DUMMY__ 0.4060381430482309 off 0.30517136375796866 neg 0.28879049319380046	false	0.5
armselig	off 1.0		__DUMMY__ 0.4064991112698344 off 0.30384265901008095 neg 0.28965822972008476	false	1.0
tod	neg 1.0		__DUMMY__ 0.40680195444555933 off 0.3009436600901951 neg 0.29225438546424565	false	0.5
desaster	neg 1.0		__DUMMY__ 0.4069141763144259 off 0.2994954532213983 neg 0.2935903704641758	false	0.5
herzlos	neg 1.0		__DUMMY__ 0.40605739111771916 off 0.30516074845320856 neg 0.28878186042907233	false	0.5
unwissenheit	neg 1.0		__DUMMY__ 0.4061964742285126 off 0.3012879329169566 neg 0.2925155928545307	false	0.5
widersinnig	neg 1.0		__DUMMY__ 0.40630399594972255 off 0.30012547652402866 neg 0.29357052752624896	false	0.5
bedenklich	neg 1.0		__DUMMY__ 0.4064545924786341 off 0.30144628467091145 neg 0.2920991228504546	false	0.5
beanstanden	neg 1.0		__DUMMY__ 0.406829985002382 off 0.3006469079043757 neg 0.29252310709324236	false	0.5
panisch	neg 1.0		__DUMMY__ 0.40590235249819817 off 0.3045330988015614 neg 0.28956454870024056	false	0.5
abstrich	neg 1.0		__DUMMY__ 0.40529066273257663 off 0.30433188660420485 neg 0.29037745066321874	false	0.5
debil	off 1.0		__DUMMY__ 0.4006270652979929 off 0.31782805087015786 neg 0.2815448838318491	false	1.0
primitiv	neg 1.0		__DUMMY__ 0.40654711833087853 off 0.3041743437588531 neg 0.2892785379102682	false	0.5
abschaum	off 1.0		__DUMMY__ 0.40626829717615254 off 0.3036495886458319 neg 0.29008211417801544	false	1.0
tot	neg 1.0		__DUMMY__ 0.40588524481882793 off 0.3047008442162272 neg 0.2894139109649449	false	0.5
provozieren	neg 1.0		__DUMMY__ 0.40634921846447386 off 0.3029237759691528 neg 0.2907270055663733	false	0.5
instabil	neg 1.0		__DUMMY__ 0.40713907244700154 off 0.3020956928245752 neg 0.2907652347284232	false	0.5
schwuchtel	off 1.0		__DUMMY__ 0.40415421393689066 off 0.310877793769174 neg 0.2849679922939353	false	1.0
zerren	neg 1.0		__DUMMY__ 0.40635168870484756 off 0.3027493080188313 neg 0.29089900327632123	false	0.5
kinderficker	off 1.0		__DUMMY__ 0.4056600004813992 off 0.3043147827894344 neg 0.29002521672916637	false	1.0
gefahr	neg 1.0		__DUMMY__ 0.4072193742043847 off 0.298179870069331 neg 0.2946007557262843	false	0.5
rabiat	neg 1.0		__DUMMY__ 0.40664516969508996 off 0.30283232404637167 neg 0.29052250625853837	false	0.5
verlangsamung	neg 1.0		__DUMMY__ 0.4080298860992434 off 0.29625057633784957 neg 0.295719537562907	false	0.5
anklagen	neg 1.0		__DUMMY__ 0.40640144501751435 off 0.2984852917825771 neg 0.2951132631999086	false	0.5
ausgestorben	neg 1.0		__DUMMY__ 0.4069184574204245 off 0.3022815160291243 neg 0.29080002655045123	false	0.5
verminderung	neg 1.0		__DUMMY__ 0.40610194518681914 neg 0.2998424378757672 off 0.29405561693741356	false	1.0
rost	neg 1.0		__DUMMY__ 0.4091290929746166 off 0.2989898875534258 neg 0.29188101947195755	false	0.5
destruktiv	neg 1.0		__DUMMY__ 0.40635739298472623 off 0.30190348597109523 neg 0.29173912104417854	false	0.5
unzumutbarkeit	neg 1.0		__DUMMY__ 0.4068035091450905 off 0.2983127836117369 neg 0.2948837072431724	false	0.5
labil	off 1.0	off 1.0	off 0.720568230410673 __DUMMY__ 0.16040006470737755 neg 0.1190317048819495	false	1.0
ziemlich	neg 1.0		__DUMMY__ 0.4060645544697049 off 0.3052442642296934 neg 0.2886911813006017	false	0.5
lachnummer	off 1.0		__DUMMY__ 0.406627705891604 off 0.3018895599954495 neg 0.2914827341129465	false	1.0
ausgrenzung	neg 1.0		__DUMMY__ 0.4063313105372978 off 0.29910562801849966 neg 0.2945630614442027	false	0.5
verfall	neg 1.0		__DUMMY__ 0.4067893970565528 off 0.29951031018861185 neg 0.2937002927548354	false	0.5
unordnung	neg 1.0	neg 1.0	neg 0.6304678333218368 __DUMMY__ 0.1987768991639457 off 0.1707552675142176	false	1.0
fehlverhalten	neg 1.0		__DUMMY__ 0.4065554458480838 off 0.3005959268493306 neg 0.2928486273025856	false	0.5
nille	neg 1.0		__DUMMY__ 0.4010993271273875 off 0.3185288583312181 neg 0.28037181454139454	false	0.5
qual	neg 1.0		__DUMMY__ 0.37687763999372376 off 0.3142569167929603 neg 0.30886544321331594	false	0.5
riesig	neg 1.0		__DUMMY__ 0.4062311549680211 off 0.30857257570031416 neg 0.28519626933166464	false	0.5
verschwenden	neg 1.0		__DUMMY__ 0.4064338100757771 off 0.30203129283485053 neg 0.2915348970893724	false	0.5
verurteilen	neg 1.0		__DUMMY__ 0.4063058045774754 off 0.30124678540261923 neg 0.2924474100199054	false	0.5
klischee	neg 1.0		__DUMMY__ 0.40642792513380704 off 0.30368988643003125 neg 0.2898821884361617	false	0.5
diktatorisch	neg 1.0		__DUMMY__ 0.40583774971212744 off 0.30091948952587805 neg 0.2932427607619944	false	0.5
vorhersehbar	neg 1.0		__DUMMY__ 0.4067161363467924 off 0.3030433194895822 neg 0.2902405441636253	false	0.5
stornieren	neg 1.0		__DUMMY__ 0.4064173942670262 off 0.30118962996266535 neg 0.2923929757703083	false	0.5
besteuerung	neg 1.0		__DUMMY__ 0.40671031770510574 neg 0.2983882334116797 off 0.2949014488832145	false	1.0
ungeschminkt	neg 1.0		__DUMMY__ 0.40446529852270124 off 0.3090394513668866 neg 0.2864952501104122	false	0.5
kritisch	neg 1.0		__DUMMY__ 0.4065814677722249 off 0.3011471443786652 neg 0.29227138784910994	false	0.5
schlamperei	off 1.0		__DUMMY__ 0.40671466801926554 off 0.298648946096798 neg 0.2946363858839365	false	1.0
sucht	neg 1.0		__DUMMY__ 0.4085896533720539 off 0.301410262629269 neg 0.29000008399867705	false	0.5
egoistisch	off 1.0		__DUMMY__ 0.40560852058665575 off 0.305521763634957 neg 0.2888697157783873	false	1.0
ausbeuter	off 1.0		__DUMMY__ 0.4065496668003498 off 0.30070298466739975 neg 0.29274734853225054	false	1.0
arschgeburt			__DUMMY__ 0.4037293813214672 off 0.31197337529345814 neg 0.28429724338507456	false	0.0
schubs	neg 1.0		__DUMMY__ 0.40533936804879633 off 0.3057730977743318 neg 0.28888753417687174	false	0.5
unsolide	neg 1.0		__DUMMY__ 0.40596982987447955 off 0.3006227967842432 neg 0.29340737334127737	false	0.5
beschwerde	neg 1.0		__DUMMY__ 0.4063018273480113 off 0.2989069378888735 neg 0.29479123476311536	false	0.5
stocken	neg 1.0		__DUMMY__ 0.40765677037930015 off 0.29699606628374364 neg 0.29534716333695626	false	0.5
isolieren	neg 1.0		__DUMMY__ 0.40699597976520024 off 0.29787463240124296 neg 0.29512938783355674	false	0.5
unheilbar	neg 1.0		__DUMMY__ 0.4063754467996143 off 0.30266865620284933 neg 0.2909558969975364	false	0.5
pisser	off 1.0		__DUMMY__ 0.4037929777681675 off 0.31192353866652583 neg 0.28428348356530675	false	1.0
löschen	neg 1.0		__DUMMY__ 0.40177435608301965 off 0.3055912703781553 neg 0.292634373538825	false	0.5
durchfallen	neg 1.0		__DUMMY__ 0.4062624877898321 off 0.3019677748969054 neg 0.2917697373132627	false	0.5
wichser	off 1.0		__DUMMY__ 0.4055219550223426 off 0.30691191093323705 neg 0.2875661340444204	false	1.0
terror	neg 1.0		__DUMMY__ 0.40283493465399417 neg 0.3014961384938174 off 0.2956689268521883	false	1.0
krass	neg 1.0		__DUMMY__ 0.40474966740200624 off 0.30883928463331367 neg 0.2864110479646801	false	0.5
revolte	neg 1.0		__DUMMY__ 0.40704757488349996 off 0.2975205487542174 neg 0.29543187636228263	false	0.5
besorgt	neg 1.0		__DUMMY__ 0.40640873560421903 off 0.3027794441458113 neg 0.29081182024996965	false	0.5
nachlassen	neg 1.0		__DUMMY__ 0.40680150173167023 off 0.3011480985395169 neg 0.29205039972881297	false	0.5
alt	neg 1.0		__DUMMY__ 0.4067387806210898 off 0.30605603227532036 neg 0.28720518710358994	false	0.5
hundesohn	off 1.0		__DUMMY__ 0.4027631996182286 off 0.31441132975112285 neg 0.28282547063064845	false	1.0
abschreckung	neg 1.0		__DUMMY__ 0.40650979930329056 off 0.30012381525236687 neg 0.29336638544434257	false	0.5
unqualifiziert	neg 1.0		__DUMMY__ 0.406010476083747 off 0.3028115829381311 neg 0.2911779409781219	false	0.5
abgewichst	off 1.0		__DUMMY__ 0.4019924719027474 off 0.3161238826391683 neg 0.28188364545808425	false	1.0
kapitulation	neg 1.0		__DUMMY__ 0.4067908953224367 off 0.2988947587390007 neg 0.29431434593856276	false	0.5
schwer	neg 1.0		__DUMMY__ 0.40665367195530094 off 0.30298638515456594 neg 0.2903599428901331	false	0.5
bedeutungslosigkeit	neg 1.0		__DUMMY__ 0.406814178836701 off 0.3005063317598849 neg 0.2926794894034142	false	0.5
unscharf	neg 1.0		__DUMMY__ 0.40524123490521435 off 0.3067800022387034 neg 0.28797876285608226	false	0.5
schwinden	neg 1.0		__DUMMY__ 0.4073266013648084 off 0.29753226443344105 neg 0.2951411342017506	false	0.5
versklavung	neg 1.0		__DUMMY__ 0.40613556256802974 off 0.29842339797141776 neg 0.2954410394605525	false	0.5
schlecht	neg 1.0		__DUMMY__ 0.40617078451830396 off 0.304690886462213 neg 0.28913832901948305	false	0.5
verhasst	neg 1.0		__DUMMY__ 0.40648981311051774 off 0.30229176361435584 neg 0.29121842327512637	false	0.5
beschweren	neg 1.0		__DUMMY__ 0.4066373703935656 off 0.30322585624287274 neg 0.2901367733635616	false	0.5
scheiden	neg 1.0		__DUMMY__ 0.40671302744220894 off 0.30320806340576495 neg 0.2900789091520261	false	0.5
frustriert	neg 1.0		__DUMMY__ 0.40645039194248195 off 0.30263675875395313 neg 0.290912849303565	false	0.5
schimmelig	neg 1.0		__DUMMY__ 0.4049267537514598 off 0.3088827376449647 neg 0.2861905086035755	false	0.5
fisch	neg 1.0		__DUMMY__ 0.40688781552460407 off 0.30593378302075674 neg 0.2871784014546392	false	0.5
schmuggel	neg 1.0		__DUMMY__ 0.4066528773125327 off 0.3015224528382724 neg 0.2918246698491949	false	0.5
auffallen	neg 1.0		__DUMMY__ 0.40645917097047385 off 0.3032163793459605 neg 0.2903244496835658	false	0.5
konkurrenz	neg 1.0		__DUMMY__ 0.4067993075038541 off 0.3007021238403781 neg 0.2924985686557679	false	0.5
teufelskreis	neg 1.0		__DUMMY__ 0.4066381907839388 off 0.3024020809867281 neg 0.29095972822933314	false	0.5
aufschreien	neg 1.0		__DUMMY__ 0.40645988380392384 off 0.3038337366017901 neg 0.289706379594286	false	0.5
missgeburt	off 1.0		__DUMMY__ 0.4042197205184143 off 0.31181058377424575 neg 0.28396969570734	false	1.0
schuldner	neg 1.0		__DUMMY__ 0.4068586402956941 off 0.2978471862148694 neg 0.29529417348943665	false	0.5
befallen	neg 1.0		__DUMMY__ 0.40585393837372863 off 0.30050663689894913 neg 0.29363942472732224	false	0.5
arbeitslos	neg 1.0		__DUMMY__ 0.40655678441782395 off 0.30187361181132777 neg 0.29156960377084834	false	0.5
miesepetrig	off 1.0		__DUMMY__ 0.40598783600515015 off 0.3048261859289677 neg 0.289185978065882	false	1.0
alarmieren	neg 1.0		__DUMMY__ 0.4071098573245951 off 0.29668976656498275 neg 0.296200376110422	false	0.5
ungeduscht	off 1.0		__DUMMY__ 0.40484000247759305 off 0.30753043614928743 neg 0.28762956137311946	false	1.0
knappheit	neg 1.0		__DUMMY__ 0.40714260550518877 off 0.297813282319131 neg 0.29504411217568033	false	0.5
schlange	neg 1.0		__DUMMY__ 0.4066264450335594 off 0.30363716282962144 neg 0.28973639213681907	false	0.5
harsch	neg 1.0		__DUMMY__ 0.4064263946966943 off 0.298446519968958 neg 0.2951270853343476	false	0.5
lang	neg 1.0	neg 1.0	neg 0.5848439821553583 __DUMMY__ 0.22155027278627965 off 0.19360574505836206	false	1.0
ziellos	neg 1.0		__DUMMY__ 0.40671835646682414 off 0.30233485573017493 neg 0.2909467878030009	false	0.5
selbstverliebt	neg 1.0		__DUMMY__ 0.40530339424841255 off 0.30790436597617027 neg 0.2867922397754171	false	0.5
beseitigen	neg 1.0		__DUMMY__ 0.40727348737189434 off 0.2980411646239817 neg 0.2946853480041239	false	0.5
dumm	off 1.0		__DUMMY__ 0.4056377182993654 off 0.30633704227344266 neg 0.28802523942719194	false	1.0
arbeitsloser	neg 1.0		__DUMMY__ 0.40666342428300506 off 0.3015865140508475 neg 0.29175006166614736	false	0.5
blitzen	neg 1.0		__DUMMY__ 0.4075429715498592 off 0.3028073757397423 neg 0.28964965271039855	false	0.5
hilflos	neg 1.0		__DUMMY__ 0.4061652860407956 off 0.3027906480247176 neg 0.2910440659344869	false	0.5
eklig	off 1.0		__DUMMY__ 0.4049919189339673 off 0.30811934230286164 neg 0.28688873876317117	false	1.0
hungersnot	neg 1.0		__DUMMY__ 0.407220448641974 off 0.2985020178577498 neg 0.29427753350027613	false	0.5
ungesetzlich	neg 1.0		__DUMMY__ 0.4062599127482723 off 0.30010198722642345 neg 0.29363810002530416	false	0.5
verschwendung	neg 1.0		__DUMMY__ 0.4064968022571757 off 0.3015960687588749 neg 0.29190712898394955	false	0.5
schmerzvoll	neg 1.0		__DUMMY__ 0.40622199751903715 off 0.3038880850466164 neg 0.28988991743434644	false	0.5
vorzeitig	neg 1.0		__DUMMY__ 0.4070126140580097 off 0.29666792461303987 neg 0.2963194613289504	false	0.5
unvollkommenheit	neg 1.0		__DUMMY__ 0.4064841071472052 off 0.3023251247070628 neg 0.291190768145732	false	0.5
intervenieren	neg 1.0		__DUMMY__ 0.40636977707509647 off 0.3001966888777919 neg 0.29343353404711153	false	0.5
banause	off 1.0		__DUMMY__ 0.40534454725852154 off 0.3068095331944797 neg 0.2878459195469988	false	1.0
rebell	neg 1.0		__DUMMY__ 0.4026649872338659 off 0.31204841222255364 neg 0.2852866005435805	false	0.5
unlogisch	neg 1.0		__DUMMY__ 0.40581005442725276 off 0.30513324851447293 neg 0.28905669705827447	false	0.5
abschaffung	neg 1.0		__DUMMY__ 0.40620540671336924 off 0.29735496524442306 neg 0.2964396280422077	false	0.5
leiden	neg 1.0		__DUMMY__ 0.4066497435010517 off 0.3033153280007731 neg 0.2900349284981752	false	0.5
sturz	neg 1.0		__DUMMY__ 0.4072086540906493 off 0.29813430424493015 neg 0.29465704166442064	false	0.5
verkleinerung	neg 1.0		__DUMMY__ 0.40672781142590025 neg 0.296983492252318 off 0.2962886963217819	false	1.0
schmarotzer	off 1.0		__DUMMY__ 0.4063014803694216 off 0.3020829913571603 neg 0.2916155282734181	false	1.0
bestrafung	neg 1.0		__DUMMY__ 0.40637954719316705 off 0.3034600738211183 neg 0.29016037898571473	false	0.5
achtlos	neg 1.0		__DUMMY__ 0.40624154232001053 off 0.3027537347497823 neg 0.2910047229302071	false	0.5
ungeheuer	neg 1.0		__DUMMY__ 0.4067648332285541 off 0.30436313916847063 neg 0.28887202760297526	false	0.5
unaufrichtig	neg 1.0		__DUMMY__ 0.40551503812946665 off 0.30329452471797186 neg 0.29119043715256154	false	0.5
groggy	neg 1.0		__DUMMY__ 0.4057522852124543 off 0.308353404810527 neg 0.2858943099770187	false	0.5
verletzlich	neg 1.0		__DUMMY__ 0.4060203471266701 off 0.3050043429073769 neg 0.2889753099659531	false	0.5
ablehnen	neg 1.0		__DUMMY__ 0.4062913085121542 off 0.3011173826679027 neg 0.29259130881994294	false	0.5
kollaps	neg 1.0		__DUMMY__ 0.40696367287628615 neg 0.29670402852486905 off 0.2963322985988448	false	1.0
beschnitten	neg 1.0		__DUMMY__ 0.4063797134874051 off 0.30329332969243084 neg 0.29032695682016413	false	0.5
defekt	neg 1.0		__DUMMY__ 0.4064574168642573 off 0.29738532557855957 neg 0.2961572575571832	false	0.5
dreckskerl	off 1.0		__DUMMY__ 0.4056037859053705 off 0.3052707847200616 neg 0.28912542937456787	false	1.0
deine	neg 1.0		__DUMMY__ 0.40543315389017354 off 0.3066563972834669 neg 0.2879104488263595	false	0.5
aufgeben	neg 1.0		__DUMMY__ 0.40688565889553524 off 0.303363131568589 neg 0.2897512095358758	false	0.5
durcheinander	neg 1.0		__DUMMY__ 0.406466616211101 off 0.3040654901606818 neg 0.2894678936282173	false	0.5
unterbrechen	neg 1.0		__DUMMY__ 0.40662162502521554 off 0.3022518807291371 neg 0.2911264942456473	false	0.5
vergammeln	neg 1.0		__DUMMY__ 0.40645182699340215 off 0.303775727403134 neg 0.2897724456034637	false	0.5
grotesk	neg 1.0		__DUMMY__ 0.40669495026667385 off 0.3018707194254583 neg 0.29143433030786786	false	0.5
elendig	neg 1.0		__DUMMY__ 0.40609514638395805 off 0.3039708673307749 neg 0.289933986285267	false	0.5
naiv	off 1.0		__DUMMY__ 0.40663255646742935 off 0.3034613315741856 neg 0.2899061119583852	false	1.0
uneinigkeit	neg 1.0		__DUMMY__ 0.4067134216901958 off 0.2977457964192793 neg 0.29554078189052496	false	0.5
fragil	neg 1.0		__DUMMY__ 0.40005459106797586 neg 0.30356390110264697 off 0.29638150782937706	false	1.0
provisorisch	neg 1.0		__DUMMY__ 0.4071506702396308 off 0.30178171559417605 neg 0.29106761416619326	false	0.5
landei	off 1.0		__DUMMY__ 0.40608415129245334 off 0.3066408790342272 neg 0.2872749696733193	false	1.0
bedauerlich	neg 1.0		__DUMMY__ 0.40656312001821904 off 0.3015806094468972 neg 0.2918562705348838	false	0.5
krieg	neg 1.0		__DUMMY__ 0.40642387043732897 off 0.3025763480176928 neg 0.29099978154497835	false	0.5
traurigkeit	neg 1.0		__DUMMY__ 0.40650011007286635 off 0.30315723976758024 neg 0.29034265015955346	false	0.5
monotonie	neg 1.0		__DUMMY__ 0.40683459986850123 off 0.301916620956611 neg 0.2912487791748877	false	0.5
unliebsam	neg 1.0		__DUMMY__ 0.4064899479675096 off 0.3024741266084352 neg 0.29103592542405526	false	0.5
drift	neg 1.0		__DUMMY__ 0.3572922274212845 neg 0.3375727790188913 off 0.3051349935598242	false	1.0
chaos	neg 1.0		__DUMMY__ 0.4065833275498069 off 0.2996616323291456 neg 0.29375504012104753	false	0.5
blutig	neg 1.0		__DUMMY__ 0.4065431073748608 off 0.30380915702899974 neg 0.2896477355961395	false	0.5
machtlos	neg 1.0		__DUMMY__ 0.4064805185696306 off 0.3013253040748455 neg 0.2921941773555241	false	0.5
