unsolidarisch	neg 1.0		off 0.3891023818022279 neg 0.37758840523470244 __DUMMY__ 0.23330921296306972	false	0.5
nachteilig	neg 1.0		off 0.38814988358971425 neg 0.37805189221988983 __DUMMY__ 0.23379822419039586	false	0.5
skeptisch	neg 1.0		off 0.3889894447264025 neg 0.3771888057201802 __DUMMY__ 0.23382174955341728	false	0.5
schrecklich	neg 1.0		off 0.39375127869954923 neg 0.37305651278083907 __DUMMY__ 0.23319220851961162	false	0.5
schlapp	neg 1.0		off 0.3939604432932466 neg 0.3727206577150982 __DUMMY__ 0.23331889899165517	false	0.5
abfall	neg 1.0		off 0.3882052104604418 neg 0.3777355560032421 __DUMMY__ 0.23405923353631616	false	0.5
widerspenstig	neg 1.0		off 0.3912559466318923 neg 0.37528903575474626 __DUMMY__ 0.23345501761336154	false	0.5
abrupt	neg 1.0		off 0.3899262619141236 neg 0.37609612327511577 __DUMMY__ 0.23397761481076068	false	0.5
unwirksam	neg 1.0		off 0.38338244977216906 neg 0.3828161200620715 __DUMMY__ 0.23380143016575955	false	0.5
angreifen	neg 1.0		off 0.3889887366282602 neg 0.37726060972911635 __DUMMY__ 0.23375065364262343	false	0.5
inkonsistent	neg 1.0		off 0.3910783351732396 neg 0.3750629166354483 __DUMMY__ 0.23385874819131217	false	0.5
abrutschen	neg 1.0		off 0.38898575573715755 neg 0.3772320288886544 __DUMMY__ 0.233782215374188	false	0.5
unsicher	neg 1.0		off 0.39104192654132824 neg 0.3752796510995979 __DUMMY__ 0.23367842235907396	false	0.5
bauernkind	off 1.0		off 0.39779065288687543 neg 0.36970320926615086 __DUMMY__ 0.23250613784697366	false	1.0
angreifer	neg 1.0		off 0.38623869862065263 neg 0.38013261107866164 __DUMMY__ 0.2336286903006857	false	0.5
trennen	neg 1.0		off 0.39000800499597255 neg 0.37586616562166 __DUMMY__ 0.2341258293823674	false	0.5
schmutz	neg 1.0		off 0.38643731756239563 neg 0.3796288833569412 __DUMMY__ 0.23393379908066328	false	0.5
inkonsistenz	neg 1.0		off 0.3917850552401861 neg 0.37472883958688585 __DUMMY__ 0.23348610517292803	false	0.5
erschreckend	neg 1.0		off 0.3897912065622461 neg 0.37650195279137366 __DUMMY__ 0.23370684064638017	false	0.5
ertrinken	neg 1.0		off 0.3902692886300134 neg 0.3762923242048536 __DUMMY__ 0.2334383871651329	false	0.5
pickelface	off 1.0		off 0.4022006904333606 neg 0.36601505272302287 __DUMMY__ 0.2317842568436166	false	1.0
lauch	neg 1.0		off 0.39930996221579257 neg 0.36849086616477006 __DUMMY__ 0.2321991716194373	false	0.5
steuerhinterziehung	neg 1.0		off 0.3860171837222355 neg 0.38040138257996436 __DUMMY__ 0.23358143369780024	false	0.5
unwichtig	neg 1.0		off 0.3918685151694993 neg 0.37459188585210584 __DUMMY__ 0.23353959897839488	false	0.5
schock	neg 1.0		off 0.39109085468719645 neg 0.3750042005688877 __DUMMY__ 0.23390494474391585	false	0.5
vergelten	neg 1.0		off 0.38842797614452473 neg 0.37861399348887137 __DUMMY__ 0.2329580303666039	false	0.5
beule	neg 1.0		off 0.3946742097851729 neg 0.3721671579311198 __DUMMY__ 0.2331586322837074	false	0.5
verdorbenheit	neg 1.0		off 0.38897897958441663 neg 0.3760391097709422 __DUMMY__ 0.23498191064464105	false	0.5
trauma			off 0.41486145625800613 neg 0.3742456215152944 __DUMMY__ 0.21089292222669953	false	0.0
sinnlos	neg 1.0		off 0.39179208883423994 neg 0.37470788394541893 __DUMMY__ 0.23350002722034108	false	0.5
fettsack	off 1.0		off 0.3973852941741803 neg 0.36981703218052586 __DUMMY__ 0.2327976736452939	false	1.0
feige	off 1.0		off 0.39181992111888947 neg 0.3745668577286923 __DUMMY__ 0.23361322115241828	false	1.0
abdanken	neg 1.0		off 0.38922330981320424 neg 0.3772483862183636 __DUMMY__ 0.23352830396843205	false	0.5
wichtigtuer	off 1.0	off 1.0	off 0.6841393835359019 neg 0.20416555607269754 __DUMMY__ 0.11169506039140062	false	1.0
misslingen	neg 1.0		off 0.3911496197070041 neg 0.37547104399236275 __DUMMY__ 0.2333793363006331	false	0.5
untreu	off 1.0		off 0.3919090732249389 neg 0.3744939004277286 __DUMMY__ 0.23359702634733254	false	1.0
missmutig	neg 1.0		off 0.3911457786316886 neg 0.3751105681474342 __DUMMY__ 0.23374365322087723	false	0.5
hurenbock	off 1.0		off 0.3974966406369349 neg 0.37028549597046095 __DUMMY__ 0.2322178633926041	false	1.0
betrunken	neg 1.0		off 0.39381641271122114 neg 0.37304741392148333 __DUMMY__ 0.2331361733672955	false	0.5
korrupt	off 1.0		off 0.3890256193008986 neg 0.3775073658386178 __DUMMY__ 0.23346701486048366	false	1.0
unmut	neg 1.0		off 0.38764862827090646 neg 0.37851328510732274 __DUMMY__ 0.23383808662177077	false	0.5
hackfresse	off 1.0		off 0.39468614337428737 neg 0.37234492406160014 __DUMMY__ 0.2329689325641125	false	1.0
aufblasen	neg 1.0		off 0.39179957772507784 neg 0.37465156761762236 __DUMMY__ 0.2335488546572998	false	0.5
gewaltsam	neg 1.0		off 0.38692757606729505 neg 0.3793481617041381 __DUMMY__ 0.2337242622285669	false	0.5
unbeliebtheit	neg 1.0		off 0.3860070201690369 neg 0.38022597948230663 __DUMMY__ 0.23376700034865644	false	0.5
sturheit	neg 1.0		off 0.389064255692131 neg 0.3772748346999721 __DUMMY__ 0.23366090960789682	false	0.5
kuh	neg 1.0		off 0.3980635555106946 neg 0.3693344109735221 __DUMMY__ 0.2326020335157833	false	0.5
erschrecken	neg 1.0		off 0.39231315306099734 neg 0.3742356999933764 __DUMMY__ 0.23345114694562633	false	0.5
opfer	neg 1.0		off 0.3895465218297673 neg 0.37667991418949814 __DUMMY__ 0.2337735639807346	false	0.5
stinktier	neg 1.0		off 0.3977256812458698 neg 0.36970686113753176 __DUMMY__ 0.23256745761659844	false	0.5
sinken	neg 1.0		off 0.3858988718343263 neg 0.37969256344161034 __DUMMY__ 0.23440856472406335	false	0.5
tucke	off 1.0		off 0.39681111700975896 neg 0.37083779250771287 __DUMMY__ 0.23235109048252814	false	1.0
abstieg	neg 1.0		off 0.38748415569200945 neg 0.3785283237939387 __DUMMY__ 0.23398752051405167	false	0.5
missverstehen	neg 1.0		off 0.39114026129451085 neg 0.3752055273408803 __DUMMY__ 0.23365421136460887	false	0.5
ergebnislos	neg 1.0		off 0.38554679685991083 neg 0.3803868499166456 __DUMMY__ 0.23406635322344352	false	0.5
manipulieren	neg 1.0		off 0.3892523468197528 neg 0.3772803589499752 __DUMMY__ 0.23346729423027207	false	0.5
verschleppen	neg 1.0		off 0.3861289283566652 neg 0.3800580089307646 __DUMMY__ 0.23381306271257038	false	0.5
unbewiesen	neg 1.0		off 0.3876159580452084 neg 0.3786234972789374 __DUMMY__ 0.2337605446758543	false	0.5
weib	off 1.0		off 0.39667751323297196 neg 0.3706818226025159 __DUMMY__ 0.23264066416451204	false	1.0
opposition	neg 1.0		off 0.3844216753047798 neg 0.38242237612651553 __DUMMY__ 0.23315594856870478	false	0.5
verkehrswidrig	neg 1.0		off 0.3863916256565278 neg 0.3805595992541561 __DUMMY__ 0.2330487750893161	false	0.5
inkorrekt	neg 1.0		off 0.3916647308292044 neg 0.37481003263499013 __DUMMY__ 0.2335252365358054	false	0.5
vermeiden	neg 1.0		off 0.38739615213243694 neg 0.37855890632121186 __DUMMY__ 0.2340449415463511	false	0.5
abweichung	neg 1.0		off 0.38708803396449926 neg 0.3789100510588662 __DUMMY__ 0.23400191497663453	false	0.5
alkoholisiert	neg 1.0		off 0.3897390610016891 neg 0.37657558025055576 __DUMMY__ 0.23368535874775523	false	0.5
scheiss	off 1.0	off 1.0	off 0.6857403075599877 neg 0.2025377157791517 __DUMMY__ 0.11172197666086045	false	1.0
herausforderung	neg 1.0		off 0.38811732474525096 neg 0.37771576392082196 __DUMMY__ 0.2341669113339271	false	0.5
pervers	off 1.0		off 0.39650730936906603 neg 0.370963719131093 __DUMMY__ 0.232528971499841	false	1.0
wackelig	neg 1.0		off 0.39141495953064487 neg 0.3749658978688461 __DUMMY__ 0.23361914260050906	false	0.5
verwickeln	neg 1.0		off 0.39087675148163153 neg 0.37537845632529077 __DUMMY__ 0.2337447921930777	false	0.5
vorwand	neg 1.0		off 0.38912414654754524 neg 0.37731054724872265 __DUMMY__ 0.23356530620373206	false	0.5
muschi	off 1.0		off 0.4016368206312508 neg 0.36655422783169866 __DUMMY__ 0.2318089515370505	false	1.0
entmutigung	neg 1.0		off 0.38654436756304417 neg 0.3798745492636511 __DUMMY__ 0.23358108317330478	false	0.5
unstetig	neg 1.0		off 0.38955997859529773 neg 0.3768159688241915 __DUMMY__ 0.23362405258051072	false	0.5
unangemessen	neg 1.0		off 0.3893874297886802 neg 0.37693937874845657 __DUMMY__ 0.23367319146286336	false	0.5
entmutigen	neg 1.0		off 0.39122140728039523 neg 0.3750957375117771 __DUMMY__ 0.23368285520782767	false	0.5
schwanz	neg 1.0		off 0.39951204354445996 neg 0.36896177577234845 __DUMMY__ 0.23152618068319164	false	0.5
verbot	neg 1.0		off 0.3866702462773423 neg 0.3797177821247523 __DUMMY__ 0.23361197159790525	false	0.5
leid	neg 1.0		off 0.39421714090862386 neg 0.3725895003881451 __DUMMY__ 0.2331933587032311	false	0.5
archaisch	neg 1.0		off 0.3895389866735599 neg 0.37686650973453795 __DUMMY__ 0.23359450359190229	false	0.5
scheidung	neg 1.0		off 0.3843667626204008 neg 0.3816226287339525 __DUMMY__ 0.23401060864564657	false	0.5
abgestanden	neg 1.0		off 0.3930061371802451 neg 0.3732488811642262 __DUMMY__ 0.23374498165552868	false	0.5
einschlag	neg 1.0		off 0.386933639650538 neg 0.3791744813973124 __DUMMY__ 0.2338918789521496	false	0.5
schmierig	off 1.0		off 0.3937926601134277 neg 0.372916480371881 __DUMMY__ 0.23329085951469136	false	1.0
unpraktisch	neg 1.0		off 0.39282511258805136 neg 0.3737579777775033 __DUMMY__ 0.23341690963444525	false	0.5
wixxer	off 1.0		off 0.39768114052152614 neg 0.3696191054500596 __DUMMY__ 0.23269975402841417	false	1.0
jammerlappen	off 1.0		off 0.39189194075498035 neg 0.37460212564742473 __DUMMY__ 0.233505933597595	false	1.0
farce	neg 1.0		off 0.3867267879106331 neg 0.37958114471506027 __DUMMY__ 0.23369206737430662	false	0.5
zwecklos	neg 1.0		off 0.38953914134841666 neg 0.37669229113999403 __DUMMY__ 0.23376856751158934	false	0.5
turbulent	neg 1.0		off 0.38891991770917445 neg 0.377812990797039 __DUMMY__ 0.23326709149378644	false	0.5
schuld	neg 1.0		off 0.39104451309186494 neg 0.37548979774963387 __DUMMY__ 0.23346568915850124	false	0.5
risiko	neg 1.0		off 0.3850497935497253 neg 0.3804554401610806 __DUMMY__ 0.2344947662891941	false	0.5
invasion	neg 1.0		neg 0.39598089327115604 off 0.37573763204884253 __DUMMY__ 0.2282814746800014	false	1.0
finster	neg 1.0		off 0.39326371257876785 neg 0.37311286336714317 __DUMMY__ 0.23362342405408906	false	0.5
geisteskrank	off 1.0		off 0.3918294812729574 neg 0.3745590310997626 __DUMMY__ 0.23361148762727996	false	1.0
ausbeute	neg 1.0		off 0.3899363993190398 neg 0.3753404468058394 __DUMMY__ 0.23472315387512094	false	0.5
zusammenbrechen	neg 1.0		off 0.3903514685705463 neg 0.3761307951704291 __DUMMY__ 0.23351773625902467	false	0.5
hinterhalt	neg 1.0		off 0.3894412778498486 neg 0.37682475232707563 __DUMMY__ 0.2337339698230758	false	0.5
kritik	neg 1.0		off 0.3870069610910111 neg 0.379361125996034 __DUMMY__ 0.23363191291295485	false	0.5
einschrumpfen	neg 1.0		off 0.3865334821443691 neg 0.38148275349167915 __DUMMY__ 0.23198376436395177	false	0.5
riskant	neg 1.0		off 0.38956288990897375 neg 0.37670932832917386 __DUMMY__ 0.23372778176185224	false	0.5
frustrieren	neg 1.0		off 0.3900012472098591 neg 0.37621892161789744 __DUMMY__ 0.23377983117224344	false	0.5
groll	neg 1.0		off 0.3893096440876425 neg 0.37689321705839973 __DUMMY__ 0.23379713885395773	false	0.5
qualvoll	neg 1.0		off 0.391852262970587 neg 0.37485657708807063 __DUMMY__ 0.23329115994134245	false	0.5
wackeln	neg 1.0		off 0.3913825045503224 neg 0.3748439570805814 __DUMMY__ 0.23377353836909626	false	0.5
klagen	neg 1.0		off 0.38734032072307095 neg 0.37897182086089315 __DUMMY__ 0.23368785841603582	false	0.5
trauern	neg 1.0		off 0.38979671011238465 neg 0.3765312778289583 __DUMMY__ 0.23367201205865695	false	0.5
ablehnung	neg 1.0		off 0.38652234338739183 neg 0.37971825610312504 __DUMMY__ 0.233759400509483	false	0.5
bankrott	neg 1.0		neg 0.38511141823580647 off 0.38200253910199916 __DUMMY__ 0.23288604266219431	false	1.0
stur	neg 1.0		off 0.3906431419712926 neg 0.3758919007926592 __DUMMY__ 0.2334649572360482	false	0.5
aufruhr	neg 1.0		off 0.38539265106526643 neg 0.38042395155050085 __DUMMY__ 0.23418339738423283	false	0.5
melancholie	neg 1.0		off 0.3924753443337737 neg 0.3739481957738915 __DUMMY__ 0.23357645989233472	false	0.5
torheit	neg 1.0		off 0.3887948963588085 neg 0.3775312310689654 __DUMMY__ 0.233673872572226	false	0.5
dreckskind	off 1.0		off 0.4002310966549519 neg 0.3675885811913434 __DUMMY__ 0.23218032215370457	false	1.0
umtauschen	neg 1.0		off 0.39274607101160375 neg 0.373952375215158 __DUMMY__ 0.2333015537732383	false	0.5
zersetzen	neg 1.0		off 0.3884035188380146 neg 0.3778651997656316 __DUMMY__ 0.23373128139635388	false	0.5
frust	neg 1.0		off 0.390240698774441 neg 0.3761972990837536 __DUMMY__ 0.23356200214180542	false	0.5
unerbittlichkeit	neg 1.0		off 0.3884571343084996 neg 0.3777950738321428 __DUMMY__ 0.23374779185935782	false	0.5
unkorrekt	neg 1.0		off 0.3920828221787591 neg 0.3746842724866934 __DUMMY__ 0.23323290533454752	false	0.5
hexe	off 1.0		off 0.3948537757543593 neg 0.37149391943195503 __DUMMY__ 0.23365230481368576	false	1.0
lasch	neg 1.0		off 0.3908036176719351 neg 0.375595631037988 __DUMMY__ 0.23360075129007676	false	0.5
rivale	neg 1.0		off 0.3852343430222023 neg 0.38144218570987976 __DUMMY__ 0.23332347126791797	false	0.5
mutlos	off 1.0		off 0.38891439173426773 neg 0.37733950046936054 __DUMMY__ 0.23374610779637162	false	1.0
wirr	off 1.0		off 0.39391434575776646 neg 0.37328193451611635 __DUMMY__ 0.23280371972611724	false	1.0
strafbar	neg 1.0		off 0.3892651198487459 neg 0.376973255300499 __DUMMY__ 0.23376162485075502	false	0.5
erosion	neg 1.0	neg 1.0	neg 0.6737559256694426 off 0.21173177745393626 __DUMMY__ 0.1145122968766211	false	1.0
eingehen	neg 1.0		off 0.3896066594218699 neg 0.3766779408908544 __DUMMY__ 0.23371539968727573	false	0.5
faul	off 1.0		off 0.39404904632050547 neg 0.3728728131018116 __DUMMY__ 0.23307814057768284	false	1.0
provisorium	neg 1.0		off 0.3884931241908329 neg 0.3774876003879144 __DUMMY__ 0.23401927542125275	false	0.5
schmerzen	neg 1.0		off 0.39258470006158513 neg 0.3742869000396775 __DUMMY__ 0.23312839989873746	false	0.5
schrumpfen	neg 1.0		off 0.3872113166429915 neg 0.37874365419168415 __DUMMY__ 0.23404502916532433	false	0.5
geistlos	off 1.0		off 0.39049599824739967 neg 0.3759253266637147 __DUMMY__ 0.2335786750888857	false	1.0
frustrierend	neg 1.0		off 0.3921438797336401 neg 0.37419836297375464 __DUMMY__ 0.23365775729260516	false	0.5
fehlkauf	neg 1.0		off 0.3898864166427535 neg 0.37568682964585465 __DUMMY__ 0.23442675371139185	false	0.5
unzufrieden	neg 1.0		off 0.38953514278169216 neg 0.37667064113452936 __DUMMY__ 0.23379421608377854	false	0.5
verzweifeln	neg 1.0		off 0.39064133418989927 neg 0.3757344485345137 __DUMMY__ 0.23362421727558713	false	0.5
verzweifelt	neg 1.0		off 0.3913115981163933 neg 0.37500609420606107 __DUMMY__ 0.23368230767754566	false	0.5
misstrauensantrag	neg 1.0		off 0.38487291720395633 neg 0.38209314932419153 __DUMMY__ 0.23303393347185222	false	0.5
abfallen	neg 1.0		off 0.39281536377939313 neg 0.37388985123211516 __DUMMY__ 0.23329478498849165	false	0.5
fucker	off 1.0		__DUMMY__ 0.38478711095671025 off 0.3767136130456499 neg 0.23849927599763987	false	1.0
ungezogen	neg 1.0		off 0.3948579054847178 neg 0.37218467032066216 __DUMMY__ 0.23295742419461996	false	0.5
irrsinnig	neg 1.0		off 0.3913474988547293 neg 0.3750970525450764 __DUMMY__ 0.23355544860019437	false	0.5
hart	neg 1.0		off 0.398601371321633 neg 0.36937341720597333 __DUMMY__ 0.23202521147239374	false	0.5
unfassbar	neg 1.0		off 0.3919466598213229 neg 0.37427023333628273 __DUMMY__ 0.23378310684239442	false	0.5
widerlich	off 1.0		off 0.3922575307596977 neg 0.3743548706889937 __DUMMY__ 0.2333875985513085	false	1.0
fatal			off 0.3863480099634043 neg 0.37446395119058973 __DUMMY__ 0.2391880388460059	false	0.0
bruch	neg 1.0		off 0.38818401903731115 neg 0.37784326787451494 __DUMMY__ 0.23397271308817388	false	0.5
aushungern	neg 1.0		off 0.38728604948434364 neg 0.379269754152422 __DUMMY__ 0.23344419636323427	false	0.5
anspannung	neg 1.0		off 0.3892428432950777 neg 0.3768384682646358 __DUMMY__ 0.23391868844028665	false	0.5
kraftlos	neg 1.0		off 0.390474603509169 neg 0.3757983888586061 __DUMMY__ 0.2337270076322248	false	0.5
grenzdebil	off 1.0		off 0.3928271456333853 neg 0.37387750807399206 __DUMMY__ 0.23329534629262275	false	1.0
unterwerfen	neg 1.0		off 0.3893474565470043 neg 0.376960250847586 __DUMMY__ 0.23369229260540977	false	0.5
versenkung	neg 1.0		off 0.38948597229696297 neg 0.3766827327435773 __DUMMY__ 0.2338312949594598	false	0.5
entziehen	neg 1.0		off 0.38865657539891 neg 0.37749143926137463 __DUMMY__ 0.23385198533971538	false	0.5
finanzkrise	neg 1.0		off 0.3839412409594094 neg 0.3821702609796172 __DUMMY__ 0.2338884980609736	false	0.5
schimpfend	neg 1.0		off 0.39228657846063103 neg 0.3744502000663237 __DUMMY__ 0.23326322147304532	false	0.5
profan	neg 1.0		off 0.39166746256228663 neg 0.3747070266556043 __DUMMY__ 0.233625510782109	false	0.5
korruption	neg 1.0		off 0.3861943404141911 neg 0.38015098496142763 __DUMMY__ 0.23365467462438144	false	0.5
schmutzig	neg 1.0		off 0.39304009428111325 neg 0.37364725527328596 __DUMMY__ 0.23331265044560084	false	0.5
abraten	neg 1.0		off 0.39219264875711757 neg 0.374244293849198 __DUMMY__ 0.23356305739368435	false	0.5
sexy	neg 1.0		off 0.4074457265612658 neg 0.37935478021963687 __DUMMY__ 0.21319949321909729	false	0.5
fotze	off 1.0		off 0.403487226035366 neg 0.3653144494511488 __DUMMY__ 0.23119832451348504	false	1.0
schwarz	neg 1.0		off 0.39037687340888994 neg 0.37612702430833894 __DUMMY__ 0.2334961022827711	false	0.5
verwirren	neg 1.0		off 0.3921316974147788 neg 0.3743871023677505 __DUMMY__ 0.23348120021747076	false	0.5
zahnlos	off 1.0		off 0.38960270324327784 neg 0.37649424705329876 __DUMMY__ 0.23390304970342335	false	1.0
verheeren	neg 1.0		off 0.3835931985967036 neg 0.3828423342106802 __DUMMY__ 0.23356446719261614	false	0.5
rammen	neg 1.0		off 0.3931864587187638 neg 0.37343664376879937 __DUMMY__ 0.2333768975124369	false	0.5
unlauter	neg 1.0		off 0.38602033806970787 neg 0.3805640880938442 __DUMMY__ 0.2334155738364479	false	0.5
unheilvoll	neg 1.0		off 0.3915188977542319 neg 0.37523332529645825 __DUMMY__ 0.2332477769493099	false	0.5
niedrig	neg 1.0		off 0.3863687030539913 neg 0.3789725732189969 __DUMMY__ 0.23465872372701183	false	0.5
weichei	off 1.0		off 0.3947741587430631 neg 0.3721188618707132 __DUMMY__ 0.23310697938622363	false	1.0
explosion	neg 1.0		neg 0.3885820231208339 off 0.379841918616211 __DUMMY__ 0.2315760582629551	false	1.0
minusmensch	off 1.0		off 0.3995932548451708 neg 0.3677702842153585 __DUMMY__ 0.23263646093947088	false	1.0
farblos	neg 1.0		off 0.3907211866889024 neg 0.374838721049507 __DUMMY__ 0.23444009226159074	false	0.5
unwissend	neg 1.0		off 0.3922245097003405 neg 0.3743232035003373 __DUMMY__ 0.2334522867993223	false	0.5
traurig	neg 1.0		off 0.3933196719518625 neg 0.37335012844100635 __DUMMY__ 0.23333019960713128	false	0.5
senkung	neg 1.0		neg 0.3849059081968151 off 0.3817579830733092 __DUMMY__ 0.23333610872987565	false	1.0
ungleich	neg 1.0		off 0.38909931474108933 neg 0.37720385153556996 __DUMMY__ 0.23369683372334074	false	0.5
heikel	neg 1.0		off 0.3893124478902815 neg 0.3770560996769046 __DUMMY__ 0.2336314524328139	false	0.5
drosselung	neg 1.0		neg 0.38364809753086837 off 0.38273086763499226 __DUMMY__ 0.23362103483413924	false	1.0
falsch	neg 1.0		off 0.392146323037415 neg 0.3743837240736257 __DUMMY__ 0.23346995288895936	false	0.5
unzufriedenheit	neg 1.0		off 0.38842711341179403 neg 0.37782887884774413 __DUMMY__ 0.23374400774046178	false	0.5
kurz	neg 1.0		off 0.3917996007814846 neg 0.37451296538315 __DUMMY__ 0.23368743383536555	false	0.5
unsinnig	neg 1.0		off 0.38996993401041574 neg 0.3765077278454151 __DUMMY__ 0.23352233814416914	false	0.5
penner	off 1.0		off 0.39446981881614146 neg 0.3724465927082304 __DUMMY__ 0.2330835884756281	false	1.0
seicht	neg 1.0		off 0.3928727885132224 neg 0.37361103081370844 __DUMMY__ 0.23351618067306917	false	0.5
dummheit	off 1.0		off 0.3908746069187708 neg 0.375626761145126 __DUMMY__ 0.23349863193610323	false	1.0
unerfreulich	neg 1.0		off 0.38921357248736216 neg 0.3770047763784553 __DUMMY__ 0.23378165113418245	false	0.5
pikiert	neg 1.0		off 0.39200094972970645 neg 0.3744855113446955 __DUMMY__ 0.23351353892559815	false	0.5
motherfucker	off 1.0		off 0.3767295438788456 __DUMMY__ 0.36872636053871355 neg 0.2545440955824408	false	1.0
wrack	neg 1.0		off 0.38945073826685395 neg 0.37665866398508513 __DUMMY__ 0.2338905977480609	false	0.5
gangster	neg 1.0		off 0.39252117880317533 neg 0.30531222843899875 __DUMMY__ 0.302166592757826	false	0.5
krank	neg 1.0		off 0.39369212859454134 neg 0.3730185504500715 __DUMMY__ 0.2332893209553873	false	0.5
reich	neg 1.0		off 0.3893474659356574 neg 0.37680022205263536 __DUMMY__ 0.23385231201170711	false	0.5
gnadenlos	neg 1.0		off 0.39123562866550965 neg 0.3750748123977817 __DUMMY__ 0.23368955893670867	false	0.5
niedergeschlagen	neg 1.0		off 0.3904145006846672 neg 0.3758873243073691 __DUMMY__ 0.2336981750079638	false	0.5
terrorisieren	off 1.0	off 1.0	off 0.6832380863881521 neg 0.20483137317285954 __DUMMY__ 0.11193054043898838	false	1.0
sinnlosigkeit	neg 1.0		off 0.3897735039264189 neg 0.3766116647981121 __DUMMY__ 0.23361483127546911	false	0.5
behindern	neg 1.0		off 0.3863309192141951 neg 0.3799473370391588 __DUMMY__ 0.23372174374664614	false	0.5
undemokratisch	neg 1.0		off 0.3881627652344288 neg 0.37862460237533013 __DUMMY__ 0.23321263239024104	false	0.5
wirtschaftskrise	neg 1.0		off 0.38478563212822947 neg 0.38114988651876747 __DUMMY__ 0.23406448135300295	false	0.5
neid	neg 1.0		off 0.39207967243021113 neg 0.3741345990681609 __DUMMY__ 0.23378572850162802	false	0.5
rutschen	neg 1.0		off 0.39035495637020684 neg 0.3755813733016833 __DUMMY__ 0.23406367032810982	false	0.5
rezession	neg 1.0		off 0.3830148218102075 neg 0.3828669200715875 __DUMMY__ 0.23411825811820494	false	0.5
fehlgeburt	neg 1.0		off 0.39232509281505445 neg 0.3745808766811639 __DUMMY__ 0.23309403050378158	false	0.5
charakterschwach	off 1.0		off 0.3917575335298699 neg 0.3747589913419572 __DUMMY__ 0.23348347512817294	false	1.0
isolation	neg 1.0		neg 0.3923404924869278 off 0.377631368654296 __DUMMY__ 0.23002813885877613	false	1.0
ablenkung	neg 1.0		off 0.39129541441134236 neg 0.3751531815452145 __DUMMY__ 0.23355140404344313	false	0.5
pech	neg 1.0		off 0.3931331755873304 neg 0.3732891753542132 __DUMMY__ 0.23357764905845643	false	0.5
dominieren	neg 1.0		off 0.3857206213830457 neg 0.37986113954732714 __DUMMY__ 0.23441823906962714	false	0.5
vermeidung	neg 1.0		neg 0.38508717655364616 off 0.3817803773098006 __DUMMY__ 0.23313244613655315	false	1.0
schwindlig	neg 1.0		off 0.3943508350058864 neg 0.3725109722052869 __DUMMY__ 0.23313819278882666	false	0.5
lutscher	neg 1.0		off 0.3979550323950681 neg 0.3694872977016344 __DUMMY__ 0.2325576699032976	false	0.5
pflicht	neg 1.0		off 0.38900872191162 neg 0.37714889380165223 __DUMMY__ 0.23384238428672777	false	0.5
faschist	off 1.0		off 0.39048773325518427 neg 0.3760988058562293 __DUMMY__ 0.23341346088858658	false	1.0
verschleudern	neg 1.0		off 0.3866119391788911 neg 0.3795341420308497 __DUMMY__ 0.23385391879025919	false	0.5
ehebruch	neg 1.0		off 0.389651187089252 neg 0.3766297669499954 __DUMMY__ 0.23371904596075269	false	0.5
trostlosigkeit	neg 1.0		off 0.38873282216471494 neg 0.3775156299992207 __DUMMY__ 0.23375154783606444	false	0.5
lutschen	neg 1.0		off 0.39855031702096416 neg 0.3695790307547946 __DUMMY__ 0.23187065222424122	false	0.5
spott	off 1.0		off 0.38902314993647924 neg 0.37725983834416216 __DUMMY__ 0.2337170117193586	false	1.0
undiszipliniert	neg 1.0		off 0.39329210844741974 neg 0.37348347894653866 __DUMMY__ 0.23322441260604151	false	0.5
kopfschmerz	neg 1.0		off 0.39215749634855407 neg 0.3747437634870383 __DUMMY__ 0.2330987401644076	false	0.5
unvorhergesehen	neg 1.0		off 0.3909042433004847 neg 0.37528644902460756 __DUMMY__ 0.23380930767490785	false	0.5
desinteressiert	neg 1.0		off 0.39307987987156706 neg 0.3735245953642704 __DUMMY__ 0.2333955247641625	false	0.5
armselig	off 1.0		off 0.39180162359377724 neg 0.3745292087407014 __DUMMY__ 0.23366916766552134	false	1.0
tod	neg 1.0		off 0.388836964281084 neg 0.37733417917359857 __DUMMY__ 0.2338288565453175	false	0.5
desaster	neg 1.0		off 0.3873425159988831 neg 0.37874665098341087 __DUMMY__ 0.23391083301770593	false	0.5
herzlos	neg 1.0		off 0.3930790299674899 neg 0.3735108952025634 __DUMMY__ 0.23341007482994677	false	0.5
unwissenheit	neg 1.0		off 0.38905637153378175 neg 0.377447631440902 __DUMMY__ 0.23349599702531615	false	0.5
widersinnig	neg 1.0		off 0.38785831557808115 neg 0.37859270847705456 __DUMMY__ 0.23354897594486423	false	0.5
bedenklich	neg 1.0		off 0.38927706568149284 neg 0.37707692726890657 __DUMMY__ 0.23364600704960053	false	0.5
beanstanden	neg 1.0		off 0.38852587214757855 neg 0.3776115825058658 __DUMMY__ 0.2338625453465557	false	0.5
panisch	neg 1.0		off 0.3923969085232412 neg 0.3742908832826109 __DUMMY__ 0.23331220819414783	false	0.5
abstrich	neg 1.0		off 0.39206975852437226 neg 0.3749995001855767 __DUMMY__ 0.23293074129005095	false	0.5
debil	off 1.0		off 0.405060890057713 neg 0.36485961064314015 __DUMMY__ 0.23007949929914687	false	1.0
primitiv	neg 1.0		off 0.3921499070931816 neg 0.3741483548468099 __DUMMY__ 0.23370173806000846	false	0.5
abschaum	off 1.0		off 0.39153135026131564 neg 0.3749340822776031 __DUMMY__ 0.2335345674610813	false	1.0
tot	neg 1.0		off 0.39258690449462075 neg 0.3741504493495769 __DUMMY__ 0.23326264615580244	false	0.5
provozieren	neg 1.0		off 0.39079821155860744 neg 0.3756179336407685 __DUMMY__ 0.2335838548006241	false	0.5
instabil	neg 1.0		off 0.39013693074346095 neg 0.3758350097885 __DUMMY__ 0.23402805946803898	false	0.5
schwuchtel	off 1.0		off 0.3986137005515812 neg 0.3691239060011195 __DUMMY__ 0.23226239344729938	false	1.0
zerren	neg 1.0		off 0.3906272530255041 neg 0.37578967789747164 __DUMMY__ 0.23358306907702434	false	0.5
kinderficker	off 1.0		off 0.39209395466678665 neg 0.374738875105348 __DUMMY__ 0.23316717022786534	false	1.0
gefahr	neg 1.0		off 0.38605448407997806 neg 0.3798580902244952 __DUMMY__ 0.23408742569552676	false	0.5
rabiat	neg 1.0		off 0.3907729548402494 neg 0.37547257136150763 __DUMMY__ 0.2337544737982431	false	0.5
verlangsamung	neg 1.0		off 0.3842357382054164 neg 0.3812231737742033 __DUMMY__ 0.2345410880203804	false	0.5
anklagen	neg 1.0		off 0.3861722403662712 neg 0.3802320408237445 __DUMMY__ 0.23359571880998423	false	0.5
ausgestorben	neg 1.0		off 0.3902666966488603 neg 0.37581541585680817 __DUMMY__ 0.23391788749433146	false	0.5
verminderung	neg 1.0		neg 0.3851374151639151 off 0.3815062310738283 __DUMMY__ 0.23335635376225664	false	1.0
rost	neg 1.0		off 0.38739679890938844 neg 0.3774534266115014 __DUMMY__ 0.23514977447910998	false	0.5
destruktiv	neg 1.0		off 0.38973683126002756 neg 0.3766759692149925 __DUMMY__ 0.2335871995249799	false	0.5
unzumutbarkeit	neg 1.0		off 0.3860952409366475 neg 0.3800892763049219 __DUMMY__ 0.23381548275843075	false	0.5
labil	off 1.0	off 1.0	off 0.7637721739066505 neg 0.14615569472666448 __DUMMY__ 0.09007213136668499	false	1.0
ziemlich	neg 1.0		off 0.39316550903616576 neg 0.3734205432889017 __DUMMY__ 0.23341394767493256	false	0.5
lachnummer	off 1.0		off 0.38978336127526897 neg 0.3764709020323218 __DUMMY__ 0.23374573669240925	false	1.0
ausgrenzung	neg 1.0		off 0.38680009504795926 neg 0.3796426323234105 __DUMMY__ 0.23355727262863035	false	0.5
verfall	neg 1.0		off 0.38733484033631776 neg 0.37882591923071773 __DUMMY__ 0.23383924043296456	false	0.5
unordnung	neg 1.0	neg 1.0	neg 0.6726319639246613 off 0.2143947146361076 __DUMMY__ 0.11297332143923111	false	1.0
fehlverhalten	neg 1.0		off 0.388404910350367 neg 0.37789419208282554 __DUMMY__ 0.23370089756680737	false	0.5
nille	neg 1.0		off 0.40596616119475476 neg 0.3636658903379085 __DUMMY__ 0.23036794846733688	false	0.5
qual	neg 1.0		off 0.396842865411512 neg 0.38897990391786236 __DUMMY__ 0.21417723067062566	false	0.5
riesig	neg 1.0		off 0.3966968031952633 neg 0.36985067652623493 __DUMMY__ 0.2334525202785019	false	0.5
verschwenden	neg 1.0		off 0.38990093441409396 neg 0.3764674592769306 __DUMMY__ 0.23363160630897556	false	0.5
verurteilen	neg 1.0		off 0.38903239950242163 neg 0.3774140109405355 __DUMMY__ 0.23355358955704292	false	0.5
klischee	neg 1.0		off 0.39162353286356194 neg 0.37474430091711913 __DUMMY__ 0.23363216621931898	false	0.5
diktatorisch	neg 1.0		off 0.3885757371839375 neg 0.37815422491298045 __DUMMY__ 0.23327003790308198	false	0.5
vorhersehbar	neg 1.0		off 0.3910075917499112 neg 0.3751945294454746 __DUMMY__ 0.23379787880461422	false	0.5
stornieren	neg 1.0		off 0.38902653686608446 neg 0.37738424093611195 __DUMMY__ 0.2335892221978037	false	0.5
besteuerung	neg 1.0		neg 0.3837117384239761 off 0.38252898335712776 __DUMMY__ 0.23375927821889625	false	1.0
ungeschminkt	neg 1.0		off 0.3967989833263503 neg 0.3707645390653327 __DUMMY__ 0.2324364776083171	false	0.5
kritisch	neg 1.0		off 0.3889884254948532 neg 0.37729207750894317 __DUMMY__ 0.23371949699620365	false	0.5
schlamperei	off 1.0		off 0.38641504628915124 neg 0.37979801547685565 __DUMMY__ 0.23378693823399327	false	1.0
sucht	neg 1.0		off 0.38980016207748985 neg 0.3753779017298548 __DUMMY__ 0.2348219361926553	false	0.5
egoistisch	off 1.0		off 0.3933565908833195 neg 0.37350654926454385 __DUMMY__ 0.2331368598521367	false	1.0
ausbeuter	off 1.0		off 0.38851480212199047 neg 0.37778726673255936 __DUMMY__ 0.23369793114545015	false	1.0
arschgeburt			off 0.3996597688449015 neg 0.36833741709963297 __DUMMY__ 0.2320028140554654	false	0.0
schubs	neg 1.0		off 0.3935913220624353 neg 0.3734502001948294 __DUMMY__ 0.2329584777427353	false	0.5
unsolide	neg 1.0		off 0.3883082270513286 neg 0.3783480709041524 __DUMMY__ 0.23334370204451899	false	0.5
beschwerde	neg 1.0		off 0.38658964589234895 neg 0.3798719198454965 __DUMMY__ 0.23353843426215457	false	0.5
stocken	neg 1.0		off 0.3849220494283804 neg 0.3807383287404193 __DUMMY__ 0.23433962183120044	false	0.5
isolieren	neg 1.0		off 0.38569346970089713 neg 0.38035476217114766 __DUMMY__ 0.23395176812795512	false	0.5
unheilbar	neg 1.0		off 0.39054443958762713 neg 0.37586056196676215 __DUMMY__ 0.23359499844561063	false	0.5
pisser	off 1.0		off 0.3996084139677311 neg 0.36825584996374455 __DUMMY__ 0.23213573606852425	false	1.0
löschen	neg 1.0		off 0.392902023209291 neg 0.3768791625399689 __DUMMY__ 0.23021881425074003	false	0.5
durchfallen	neg 1.0		off 0.38978202659875855 neg 0.3766881751973503 __DUMMY__ 0.23352979820389114	false	0.5
wichser	off 1.0		off 0.39479503679337064 neg 0.37211958229270864 __DUMMY__ 0.23308538091392064	false	1.0
terror	neg 1.0		neg 0.3861325327217451 off 0.382447504689626 __DUMMY__ 0.23141996258862885	false	1.0
krass	neg 1.0		off 0.3966231198628752 neg 0.37075577269557713 __DUMMY__ 0.23262110744154785	false	0.5
revolte	neg 1.0		off 0.38532119170277 neg 0.3807016366507521 __DUMMY__ 0.233977171646478	false	0.5
besorgt	neg 1.0		off 0.3906739807104825 neg 0.37571337497988544 __DUMMY__ 0.2336126443096319	false	0.5
nachlassen	neg 1.0		off 0.389051726626211 neg 0.37710987575636334 __DUMMY__ 0.2338383976174256	false	0.5
alt	neg 1.0		off 0.39422758623872967 neg 0.3720004374856985 __DUMMY__ 0.2337719762755718	false	0.5
hundesohn	off 1.0		off 0.4019828638012957 neg 0.3665953753304229 __DUMMY__ 0.23142176086828137	false	1.0
abschreckung	neg 1.0		off 0.3878986965050193 neg 0.3784288262236185 __DUMMY__ 0.23367247727136217	false	0.5
unqualifiziert	neg 1.0		off 0.3905986273865683 neg 0.3760224952510122 __DUMMY__ 0.2333788773624194	false	0.5
abgewichst	off 1.0		off 0.40372700353694313 neg 0.3654403142332364 __DUMMY__ 0.23083268222982048	false	1.0
kapitulation	neg 1.0		off 0.38668933507946857 neg 0.37947584126655237 __DUMMY__ 0.233834823653979	false	0.5
schwer	neg 1.0		off 0.39093887351058826 neg 0.3752997276255235 __DUMMY__ 0.23376139886388828	false	0.5
bedeutungslosigkeit	neg 1.0		off 0.3883777327351214 neg 0.3777669427493801 __DUMMY__ 0.2338553245154984	false	0.5
unscharf	neg 1.0		off 0.39459890323506536 neg 0.37249634354853883 __DUMMY__ 0.23290475321639575	false	0.5
schwinden	neg 1.0		off 0.38541758469218096 neg 0.38043224730718944 __DUMMY__ 0.23415016800062954	false	0.5
versklavung	neg 1.0		off 0.386051079850326 neg 0.3804978158619354 __DUMMY__ 0.2334511042877387	false	0.5
schlecht	neg 1.0		off 0.3926142059309172 neg 0.3739075321824034 __DUMMY__ 0.23347826188667944	false	0.5
verhasst	neg 1.0		off 0.39017595898238666 neg 0.3761545349471927 __DUMMY__ 0.23366950607042056	false	0.5
beschweren	neg 1.0		off 0.39118606733094924 neg 0.3750618085107567 __DUMMY__ 0.23375212415829397	false	0.5
scheiden	neg 1.0		off 0.3912003984902628 neg 0.375014528424403 __DUMMY__ 0.23378507308533425	false	0.5
frustriert	neg 1.0		off 0.39052775764653985 neg 0.3758275004575515 __DUMMY__ 0.2336447418959086	false	0.5
schimmelig	neg 1.0		off 0.3967302706551879 neg 0.37056614006123423 __DUMMY__ 0.23270358928357787	false	0.5
fisch	neg 1.0		off 0.3941135620487121 neg 0.3720257614323509 __DUMMY__ 0.23386067651893694	false	0.5
schmuggel	neg 1.0		off 0.38940692023115614 neg 0.37684339091336394 __DUMMY__ 0.23374968885547984	false	0.5
auffallen	neg 1.0		off 0.3911480125318434 neg 0.37520676698904093 __DUMMY__ 0.2336452204791156	false	0.5
konkurrenz	neg 1.0		off 0.3885755281337309 neg 0.3775860209742226 __DUMMY__ 0.23383845089204647	false	0.5
teufelskreis	neg 1.0		off 0.39032348752792556 neg 0.3759216919375415 __DUMMY__ 0.23375482053453295	false	0.5
aufschreien	neg 1.0		off 0.39177170411703377 neg 0.3745800599340845 __DUMMY__ 0.23364823594888173	false	0.5
missgeburt	off 1.0		off 0.3996060062844832 neg 0.3681142840493773 __DUMMY__ 0.2322797096661396	false	1.0
schuldner	neg 1.0		off 0.38561714742737946 neg 0.3805134504880833 __DUMMY__ 0.23386940208453733	false	0.5
befallen	neg 1.0		off 0.38816476955359835 neg 0.3785540938030923 __DUMMY__ 0.23328113664330943	false	0.5
arbeitslos	neg 1.0		off 0.3897507867285542 neg 0.37654365511750215 __DUMMY__ 0.23370555815394362	false	0.5
miesepetrig	off 1.0		off 0.39272428192909514 neg 0.37391528024959836 __DUMMY__ 0.23336043782130644	false	1.0
alarmieren	neg 1.0		off 0.3844732729055168 neg 0.3815196785907658 __DUMMY__ 0.23400704850371734	false	0.5
ungeduscht	off 1.0		off 0.3953019288039491 neg 0.3720301009150888 __DUMMY__ 0.23266797028096217	false	1.0
knappheit	neg 1.0		off 0.3856538663636866 neg 0.38031027094014735 __DUMMY__ 0.23403586269616605	false	0.5
schlange	neg 1.0		off 0.39162489712990556 neg 0.37463448239322594 __DUMMY__ 0.23374062047686853	false	0.5
harsch	neg 1.0		off 0.38618656216667613 neg 0.3802595269680709 __DUMMY__ 0.23355391086525296	false	0.5
lang	neg 1.0	neg 1.0	neg 0.6321646572772701 off 0.24226405141617904 __DUMMY__ 0.1255712913065509	false	1.0
ziellos	neg 1.0		off 0.390274821768519 neg 0.3759260316279504 __DUMMY__ 0.23379914660353063	false	0.5
selbstverliebt	neg 1.0		off 0.39577600909565064 neg 0.3712728633518627 __DUMMY__ 0.2329511275524865	false	0.5
beseitigen	neg 1.0		off 0.38594478450124764 neg 0.3799436077000694 __DUMMY__ 0.234111607798683	false	0.5
dumm	off 1.0		off 0.3942106715314527 neg 0.3726298798824118 __DUMMY__ 0.23315944858613555	false	1.0
arbeitsloser	neg 1.0		off 0.38947329219447135 neg 0.3767613433407159 __DUMMY__ 0.23376536446481272	false	0.5
blitzen	neg 1.0		off 0.3907655532524476 neg 0.3743184761622455 __DUMMY__ 0.23491597058530683	false	0.5
hilflos	neg 1.0		off 0.3906242223550402 neg 0.3759005101165347 __DUMMY__ 0.23347526752842512	false	0.5
eklig	off 1.0		off 0.3959343359138499 neg 0.3712976500276137 __DUMMY__ 0.23276801405853642	false	1.0
hungersnot	neg 1.0		off 0.3863732734056822 neg 0.3795446733934831 __DUMMY__ 0.23408205320083486	false	0.5
ungesetzlich	neg 1.0		off 0.38782607034988126 neg 0.3786537909043372 __DUMMY__ 0.23352013874578167	false	0.5
verschwendung	neg 1.0		off 0.38944352109593505 neg 0.37688564572815586 __DUMMY__ 0.23367083317590895	false	0.5
schmerzvoll	neg 1.0		off 0.39178246534588157 neg 0.3747098639532318 __DUMMY__ 0.23350767070088682	false	0.5
vorzeitig	neg 1.0		off 0.3844509876479054 neg 0.38161493112021516 __DUMMY__ 0.23393408123187936	false	0.5
unvollkommenheit	neg 1.0		off 0.39021597487144744 neg 0.3761396491205285 __DUMMY__ 0.233644376008024	false	0.5
intervenieren	neg 1.0		off 0.38794272358140197 neg 0.37846816085181945 __DUMMY__ 0.2335891155667787	false	0.5
banause	off 1.0		off 0.39466072141255815 neg 0.3723697957248583 __DUMMY__ 0.23296948286258354	false	1.0
rebell	neg 1.0		off 0.39954887871865324 neg 0.36915400867376014 __DUMMY__ 0.23129711260758665	false	0.5
unlogisch	neg 1.0		off 0.3929942690018842 neg 0.3737426729804076 __DUMMY__ 0.2332630580177082	false	0.5
abschaffung	neg 1.0		off 0.3849535166890599 neg 0.3815737996842281 __DUMMY__ 0.23347268362671203	false	0.5
leiden	neg 1.0		off 0.391278464737485 neg 0.37496628334364895 __DUMMY__ 0.23375525191886615	false	0.5
sturz	neg 1.0		off 0.3860149633362646 neg 0.3799215082013356 __DUMMY__ 0.2340635284623998	false	0.5
verkleinerung	neg 1.0		off 0.3839757311314743 neg 0.38224217520928006 __DUMMY__ 0.23378209365924563	false	0.5
schmarotzer	off 1.0		off 0.38990566370415963 neg 0.3765393597067555 __DUMMY__ 0.2335549765890848	false	1.0
bestrafung	neg 1.0		off 0.391366131472734 neg 0.37503561490902637 __DUMMY__ 0.2335982536182396	false	0.5
achtlos	neg 1.0		off 0.3906149435757534 neg 0.37586879873197826 __DUMMY__ 0.2335162576922683	false	0.5
ungeheuer	neg 1.0		off 0.39241087458091456 neg 0.373770665768246 __DUMMY__ 0.23381845965083933	false	0.5
unaufrichtig	neg 1.0		off 0.39097140228208604 neg 0.375956689869847 __DUMMY__ 0.23307190784806706	false	0.5
groggy	neg 1.0		off 0.3964791891727437 neg 0.3704582179348381 __DUMMY__ 0.2330625928924181	false	0.5
verletzlich	neg 1.0		off 0.3929121838919781 neg 0.3737089429788238 __DUMMY__ 0.23337887312919817	false	0.5
ablehnen	neg 1.0		off 0.3888950083750201 neg 0.37755992597075894 __DUMMY__ 0.23354506565422103	false	0.5
kollaps	neg 1.0		off 0.3840676374475087 neg 0.38200661535182096 __DUMMY__ 0.2339257472006705	false	0.5
beschnitten	neg 1.0		off 0.3911904040343075 neg 0.375208171097453 __DUMMY__ 0.23360142486823968	false	0.5
defekt	neg 1.0		off 0.3851645844780041 neg 0.3812939889933634 __DUMMY__ 0.23354142652863244	false	0.5
dreckskerl	off 1.0		off 0.3930803329324291 neg 0.3737806552168571 __DUMMY__ 0.23313901185071373	false	1.0
deine	neg 1.0		off 0.394514622976809 neg 0.3724608659857292 __DUMMY__ 0.23302451103746183	false	0.5
aufgeben	neg 1.0		off 0.3913834815404926 neg 0.37472698168237123 __DUMMY__ 0.23388953677713628	false	0.5
durcheinander	neg 1.0		off 0.3920253941771135 neg 0.37432386362801073 __DUMMY__ 0.23365074219487578	false	0.5
unterbrechen	neg 1.0		off 0.39016546379130324 neg 0.37608993334776053 __DUMMY__ 0.23374460286093623	false	0.5
vergammeln	neg 1.0		off 0.3917273254444721 neg 0.37463732313866893 __DUMMY__ 0.23363535141685904	false	0.5
grotesk	neg 1.0		off 0.3897742062219641 neg 0.37643765593546696 __DUMMY__ 0.23378813784256885	false	0.5
elendig	neg 1.0		off 0.39185057321668704 neg 0.3747219366052251 __DUMMY__ 0.23342749017808787	false	0.5
naiv	off 1.0		off 0.3914288494487298 neg 0.37482207942832635 __DUMMY__ 0.2337490711229439	false	1.0
uneinigkeit	neg 1.0		off 0.38547269646656135 neg 0.38074436756829066 __DUMMY__ 0.23378293596514804	false	0.5
fragil	neg 1.0		neg 0.38766737192929895 off 0.38278492702861056 __DUMMY__ 0.22954770104209032	false	1.0
provisorisch	neg 1.0		off 0.3898072829130276 neg 0.37614380293092864 __DUMMY__ 0.23404891415604376	false	0.5
landei	off 1.0		off 0.3946580732646928 neg 0.37193777479817025 __DUMMY__ 0.23340415193713707	false	1.0
bedauerlich	neg 1.0		off 0.3894441549367412 neg 0.3768463016357767 __DUMMY__ 0.2337095434274822	false	0.5
krieg	neg 1.0		off 0.39045514497023964 neg 0.3759169125729966 __DUMMY__ 0.23362794245676374	false	0.5
traurigkeit	neg 1.0		off 0.39109353622026716 neg 0.37523877060245153 __DUMMY__ 0.23366769317728137	false	0.5
monotonie	neg 1.0		off 0.38987380179521786 neg 0.37626215071162844 __DUMMY__ 0.23386404749315354	false	0.5
unliebsam	neg 1.0		off 0.3903601354682779 neg 0.3759776455247926 __DUMMY__ 0.23366221900692954	false	0.5
drift	neg 1.0		neg 0.4143685990511683 off 0.3801696236094673 __DUMMY__ 0.20546177733936433	false	1.0
chaos	neg 1.0		off 0.3874465359184063 neg 0.37883413742831734 __DUMMY__ 0.23371932665327638	false	0.5
blutig	neg 1.0		off 0.3917813287820585 neg 0.374522463294485 __DUMMY__ 0.2336962079234565	false	0.5
