unsolidarisch	neg 1.0		off 0.38910238180222756 neg 0.37758840523470266 __DUMMY__ 0.23330921296306967	false	0.5
nachteilig	neg 1.0		off 0.388149883589715 neg 0.3780518922198895 __DUMMY__ 0.23379822419039548	false	0.5
skeptisch	neg 1.0		off 0.3889894447264025 neg 0.3771888057201805 __DUMMY__ 0.23382174955341709	false	0.5
schrecklich	neg 1.0		off 0.3937512786995489 neg 0.37305651278083934 __DUMMY__ 0.23319220851961167	false	0.5
schlapp	neg 1.0		off 0.3939604432932462 neg 0.3727206577150983 __DUMMY__ 0.2333188989916554	false	0.5
abfall	neg 1.0		off 0.38820521046044104 neg 0.3777355560032427 __DUMMY__ 0.23405923353631616	false	0.5
widerspenstig	neg 1.0		off 0.39125594663189184 neg 0.3752890357547464 __DUMMY__ 0.23345501761336168	false	0.5
abrupt	neg 1.0		off 0.3899262619141237 neg 0.37609612327511577 __DUMMY__ 0.23397761481076046	false	0.5
unwirksam	neg 1.0		off 0.3833824497721694 neg 0.38281612006207133 __DUMMY__ 0.23380143016575936	false	0.5
angreifen	neg 1.0		off 0.3889887366282604 neg 0.3772606097291164 __DUMMY__ 0.23375065364262326	false	0.5
inkonsistent	neg 1.0		off 0.39107833517323987 neg 0.3750629166354483 __DUMMY__ 0.233858748191312	false	0.5
abrutschen	neg 1.0		off 0.38898575573715755 neg 0.37723202888865415 __DUMMY__ 0.23378221537418833	false	0.5
unsicher	neg 1.0		off 0.3910419265413281 neg 0.37527965109959793 __DUMMY__ 0.23367842235907396	false	0.5
bauernkind	off 1.0		off 0.3977906528868756 neg 0.3697032092661509 __DUMMY__ 0.2325061378469735	false	1.0
angreifer	neg 1.0		off 0.38623869862065285 neg 0.3801326110786613 __DUMMY__ 0.23362869030068575	false	0.5
trennen	neg 1.0		off 0.3900080049959727 neg 0.3758661656216601 __DUMMY__ 0.23412582938236706	false	0.5
schmutz	neg 1.0		off 0.3864373175623956 neg 0.3796288833569417 __DUMMY__ 0.23393379908066275	false	0.5
inkonsistenz	neg 1.0		off 0.391785055240186 neg 0.3747288395868859 __DUMMY__ 0.2334861051729282	false	0.5
erschreckend	neg 1.0		off 0.38979120656224564 neg 0.3765019527913746 __DUMMY__ 0.2337068406463798	false	0.5
ertrinken	neg 1.0		off 0.39026928863001376 neg 0.3762923242048533 __DUMMY__ 0.233438387165133	false	0.5
pickelface	off 1.0		off 0.4022006904333606 neg 0.3660150527230228 __DUMMY__ 0.23178425684361664	false	1.0
lauch	neg 1.0		off 0.3993099622157926 neg 0.36849086616476995 __DUMMY__ 0.23219917161943762	false	0.5
steuerhinterziehung	neg 1.0		off 0.386017183722235 neg 0.3804013825799648 __DUMMY__ 0.23358143369780018	false	0.5
unwichtig	neg 1.0		off 0.3918685151694998 neg 0.3745918858521057 __DUMMY__ 0.23353959897839457	false	0.5
schock	neg 1.0		off 0.39109085468719657 neg 0.37500420056888795 __DUMMY__ 0.23390494474391543	false	0.5
vergelten	neg 1.0		off 0.3884279761445244 neg 0.378613993488872 __DUMMY__ 0.23295803036660379	false	0.5
beule	neg 1.0		off 0.39467420978517287 neg 0.3721671579311196 __DUMMY__ 0.2331586322837075	false	0.5
verdorbenheit	neg 1.0		off 0.3889789795844167 neg 0.3760391097709422 __DUMMY__ 0.23498191064464116	false	0.5
trauma			off 0.4148614562580063 neg 0.37424562151529406 __DUMMY__ 0.21089292222669961	false	0.0
sinnlos	neg 1.0		off 0.3917920888342396 neg 0.37470788394541954 __DUMMY__ 0.2335000272203409	false	0.5
fettsack	off 1.0		off 0.39738529417418017 neg 0.36981703218052553 __DUMMY__ 0.23279767364529422	false	1.0
feige	off 1.0		off 0.3918199211188894 neg 0.37456685772869225 __DUMMY__ 0.23361322115241848	false	1.0
abdanken	neg 1.0		off 0.38922330981320435 neg 0.3772483862183637 __DUMMY__ 0.233528303968432	false	0.5
wichtigtuer	off 1.0	off 1.0	off 0.6841393835359018 neg 0.20416555607269746 __DUMMY__ 0.11169506039140073	false	1.0
misslingen	neg 1.0		off 0.3911496197070035 neg 0.3754710439923633 __DUMMY__ 0.23337933630063332	false	0.5
untreu	off 1.0		off 0.39190907322493895 neg 0.37449390042772857 __DUMMY__ 0.2335970263473324	false	1.0
missmutig	neg 1.0		off 0.39114577863168865 neg 0.3751105681474345 __DUMMY__ 0.23374365322087684	false	0.5
hurenbock	off 1.0		off 0.3974966406369351 neg 0.3702854959704609 __DUMMY__ 0.23221786339260408	false	1.0
betrunken	neg 1.0		off 0.39381641271122125 neg 0.3730474139214831 __DUMMY__ 0.23313617336729553	false	0.5
korrupt	off 1.0		off 0.38902561930089813 neg 0.377507365838618 __DUMMY__ 0.23346701486048385	false	1.0
unmut	neg 1.0		off 0.38764862827090635 neg 0.378513285107323 __DUMMY__ 0.23383808662177058	false	0.5
hackfresse	off 1.0		off 0.3946861433742872 neg 0.3723449240616004 __DUMMY__ 0.23296893256411236	false	1.0
aufblasen	neg 1.0		off 0.391799577725078 neg 0.3746515676176221 __DUMMY__ 0.23354885465729988	false	0.5
gewaltsam	neg 1.0		off 0.3869275760672948 neg 0.37934816170413854 __DUMMY__ 0.2337242622285667	false	0.5
unbeliebtheit	neg 1.0		off 0.3860070201690366 neg 0.38022597948230724 __DUMMY__ 0.23376700034865625	false	0.5
sturheit	neg 1.0		off 0.3890642556921316 neg 0.3772748346999716 __DUMMY__ 0.2336609096078969	false	0.5
kuh	neg 1.0		off 0.3980635555106945 neg 0.3693344109735223 __DUMMY__ 0.2326020335157832	false	0.5
erschrecken	neg 1.0		off 0.3923131530609973 neg 0.37423569999337636 __DUMMY__ 0.23345114694562633	false	0.5
opfer	neg 1.0		off 0.38954652182976707 neg 0.3766799141894982 __DUMMY__ 0.23377356398073465	false	0.5
stinktier	neg 1.0		off 0.3977256812458699 neg 0.36970686113753165 __DUMMY__ 0.23256745761659856	false	0.5
sinken	neg 1.0		off 0.38589887183432653 neg 0.3796925634416101 __DUMMY__ 0.2344085647240633	false	0.5
tucke	off 1.0		off 0.3968111170097589 neg 0.3708377925077127 __DUMMY__ 0.23235109048252833	false	1.0
abstieg	neg 1.0		off 0.3874841556920096 neg 0.3785283237939387 __DUMMY__ 0.23398752051405172	false	0.5
missverstehen	neg 1.0		off 0.3911402612945111 neg 0.3752055273408801 __DUMMY__ 0.23365421136460876	false	0.5
ergebnislos	neg 1.0		off 0.3855467968599105 neg 0.3803868499166459 __DUMMY__ 0.2340663532234436	false	0.5
manipulieren	neg 1.0		off 0.3892523468197531 neg 0.37728035894997497 __DUMMY__ 0.2334672942302719	false	0.5
verschleppen	neg 1.0		off 0.3861289283566646 neg 0.3800580089307647 __DUMMY__ 0.23381306271257074	false	0.5
unbewiesen	neg 1.0		off 0.3876159580452085 neg 0.37862349727893696 __DUMMY__ 0.23376054467585458	false	0.5
weib	off 1.0		off 0.39667751323297173 neg 0.37068182260251636 __DUMMY__ 0.23264066416451187	false	1.0
opposition	neg 1.0		off 0.38442167530477983 neg 0.3824223761265157 __DUMMY__ 0.23315594856870445	false	0.5
verkehrswidrig	neg 1.0		off 0.38639162565652746 neg 0.3805595992541564 __DUMMY__ 0.23304877508931623	false	0.5
inkorrekt	neg 1.0		off 0.39166473082920433 neg 0.3748100326349904 __DUMMY__ 0.23352523653580518	false	0.5
vermeiden	neg 1.0		off 0.3873961521324374 neg 0.37855890632121125 __DUMMY__ 0.23404494154635141	false	0.5
abweichung	neg 1.0		off 0.38708803396449953 neg 0.3789100510588661 __DUMMY__ 0.23400191497663442	false	0.5
alkoholisiert	neg 1.0		off 0.38973906100168876 neg 0.3765755802505557 __DUMMY__ 0.23368535874775548	false	0.5
scheiss	off 1.0	off 1.0	off 0.6857403075599879 neg 0.20253771577915158 __DUMMY__ 0.11172197666086042	false	1.0
herausforderung	neg 1.0		off 0.3881173247452507 neg 0.37771576392082185 __DUMMY__ 0.23416691133392742	false	0.5
pervers	off 1.0		off 0.3965073093690662 neg 0.3709637191310927 __DUMMY__ 0.23252897149984111	false	1.0
wackelig	neg 1.0		off 0.3914149595306452 neg 0.3749658978688461 __DUMMY__ 0.23361914260050867	false	0.5
verwickeln	neg 1.0		off 0.3908767514816316 neg 0.37537845632529054 __DUMMY__ 0.2337447921930778	false	0.5
vorwand	neg 1.0		off 0.3891241465475461 neg 0.3773105472487221 __DUMMY__ 0.23356530620373178	false	0.5
muschi	off 1.0		off 0.40163682063125067 neg 0.36655422783169866 __DUMMY__ 0.23180895153705064	false	1.0
entmutigung	neg 1.0		off 0.38654436756304417 neg 0.3798745492636509 __DUMMY__ 0.23358108317330484	false	0.5
unstetig	neg 1.0		off 0.38955997859529845 neg 0.37681596882419094 __DUMMY__ 0.2336240525805107	false	0.5
unangemessen	neg 1.0		off 0.38938742978867996 neg 0.37693937874845673 __DUMMY__ 0.23367319146286325	false	0.5
entmutigen	neg 1.0		off 0.3912214072803953 neg 0.3750957375117772 __DUMMY__ 0.23368285520782747	false	0.5
schwanz	neg 1.0		off 0.3995120435444603 neg 0.36896177577234823 __DUMMY__ 0.23152618068319153	false	0.5
verbot	neg 1.0		off 0.3866702462773424 neg 0.37971778212475227 __DUMMY__ 0.23361197159790514	false	0.5
leid	neg 1.0		off 0.3942171409086236 neg 0.37258950038814553 __DUMMY__ 0.2331933587032309	false	0.5
archaisch	neg 1.0		off 0.38953898667355935 neg 0.3768665097345381 __DUMMY__ 0.23359450359190267	false	0.5
scheidung	neg 1.0		off 0.38436676262040087 neg 0.38162262873395253 __DUMMY__ 0.2340106086456465	false	0.5
abgestanden	neg 1.0		off 0.39300613718024524 neg 0.3732488811642261 __DUMMY__ 0.23374498165552857	false	0.5
einschlag	neg 1.0		off 0.3869336396505379 neg 0.37917448139731263 __DUMMY__ 0.23389187895214952	false	0.5
schmierig	off 1.0		off 0.39379266011342784 neg 0.37291648037188047 __DUMMY__ 0.23329085951469164	false	1.0
unpraktisch	neg 1.0		off 0.39282511258805153 neg 0.37375797777750297 __DUMMY__ 0.23341690963444545	false	0.5
wixxer	off 1.0		off 0.3976811405215264 neg 0.3696191054500597 __DUMMY__ 0.23269975402841384	false	1.0
jammerlappen	off 1.0		off 0.39189194075498024 neg 0.37460212564742446 __DUMMY__ 0.23350593359759533	false	1.0
farce	neg 1.0		off 0.38672678791063275 neg 0.37958114471506027 __DUMMY__ 0.2336920673743069	false	0.5
zwecklos	neg 1.0		off 0.3895391413484169 neg 0.376692291139994 __DUMMY__ 0.23376856751158914	false	0.5
turbulent	neg 1.0		off 0.3889199177091746 neg 0.3778129907970388 __DUMMY__ 0.23326709149378674	false	0.5
schuld	neg 1.0		off 0.391044513091865 neg 0.3754897977496338 __DUMMY__ 0.23346568915850122	false	0.5
risiko	neg 1.0		off 0.38504979354972524 neg 0.38045544016108035 __DUMMY__ 0.23449476628919427	false	0.5
invasion	neg 1.0		neg 0.395980893271156 off 0.3757376320488427 __DUMMY__ 0.22828147468000146	false	1.0
finster	neg 1.0		off 0.3932637125787679 neg 0.3731128633671429 __DUMMY__ 0.23362342405408928	false	0.5
geisteskrank	off 1.0		off 0.3918294812729573 neg 0.37455903109976285 __DUMMY__ 0.23361148762727976	false	1.0
ausbeute	neg 1.0		off 0.3899363993190395 neg 0.37534044680583956 __DUMMY__ 0.23472315387512085	false	0.5
zusammenbrechen	neg 1.0		off 0.39035146857054603 neg 0.3761307951704292 __DUMMY__ 0.23351773625902467	false	0.5
hinterhalt	neg 1.0		off 0.3894412778498488 neg 0.37682475232707563 __DUMMY__ 0.2337339698230756	false	0.5
kritik	neg 1.0		off 0.3870069610910117 neg 0.37936112599603367 __DUMMY__ 0.23363191291295465	false	0.5
einschrumpfen	neg 1.0		off 0.3865334821443691 neg 0.38148275349167915 __DUMMY__ 0.23198376436395188	false	0.5
riskant	neg 1.0		off 0.38956288990897386 neg 0.3767093283291738 __DUMMY__ 0.23372778176185244	false	0.5
frustrieren	neg 1.0		off 0.39000124720985907 neg 0.3762189216178979 __DUMMY__ 0.23377983117224319	false	0.5
groll	neg 1.0		off 0.38930964408764174 neg 0.3768932170584005 __DUMMY__ 0.23379713885395761	false	0.5
qualvoll	neg 1.0		off 0.3918522629705873 neg 0.3748565770880705 __DUMMY__ 0.23329115994134217	false	0.5
wackeln	neg 1.0		off 0.39138250455032214 neg 0.37484395708058155 __DUMMY__ 0.23377353836909637	false	0.5
klagen	neg 1.0		off 0.3873403207230701 neg 0.37897182086089354 __DUMMY__ 0.23368785841603631	false	0.5
trauern	neg 1.0		off 0.38979671011238515 neg 0.3765312778289581 __DUMMY__ 0.23367201205865668	false	0.5
ablehnung	neg 1.0		off 0.38652234338739166 neg 0.3797182561031249 __DUMMY__ 0.2337594005094834	false	0.5
bankrott	neg 1.0		neg 0.3851114182358065 off 0.38200253910199916 __DUMMY__ 0.23288604266219426	false	1.0
stur	neg 1.0		off 0.39064314197129296 neg 0.37589190079265883 __DUMMY__ 0.23346495723604832	false	0.5
aufruhr	neg 1.0		off 0.3853926510652661 neg 0.380423951550501 __DUMMY__ 0.23418339738423286	false	0.5
melancholie	neg 1.0		off 0.392475344333774 neg 0.37394819577389166 __DUMMY__ 0.2335764598923344	false	0.5
torheit	neg 1.0		off 0.38879489635880893 neg 0.37753123106896497 __DUMMY__ 0.23367387257222602	false	0.5
dreckskind	off 1.0		off 0.40023109665495227 neg 0.3675885811913434 __DUMMY__ 0.2321803221537043	false	1.0
umtauschen	neg 1.0		off 0.3927460710116041 neg 0.37395237521515784 __DUMMY__ 0.23330155377323802	false	0.5
zersetzen	neg 1.0		off 0.3884035188380144 neg 0.37786519976563143 __DUMMY__ 0.23373128139635413	false	0.5
frust	neg 1.0		off 0.39024069877444156 neg 0.3761972990837533 __DUMMY__ 0.23356200214180525	false	0.5
unerbittlichkeit	neg 1.0		off 0.3884571343084997 neg 0.3777950738321424 __DUMMY__ 0.23374779185935796	false	0.5
unkorrekt	neg 1.0		off 0.3920828221787593 neg 0.37468427248669334 __DUMMY__ 0.23323290533454724	false	0.5
hexe	off 1.0		off 0.39485377575435937 neg 0.3714939194319546 __DUMMY__ 0.2336523048136861	false	1.0
lasch	neg 1.0		off 0.39080361767193467 neg 0.37559563103798843 __DUMMY__ 0.23360075129007699	false	0.5
rivale	neg 1.0		off 0.3852343430222021 neg 0.38144218570987976 __DUMMY__ 0.23332347126791814	false	0.5
mutlos	off 1.0		off 0.38891439173426723 neg 0.377339500469361 __DUMMY__ 0.23374610779637175	false	1.0
wirr	off 1.0		off 0.3939143457577664 neg 0.3732819345161167 __DUMMY__ 0.23280371972611694	false	1.0
strafbar	neg 1.0		off 0.38926511984874523 neg 0.3769732553004996 __DUMMY__ 0.23376162485075516	false	0.5
erosion	neg 1.0	neg 1.0	neg 0.6737559256694426 off 0.21173177745393632 __DUMMY__ 0.11451229687662105	false	1.0
eingehen	neg 1.0		off 0.3896066594218699 neg 0.37667794089085405 __DUMMY__ 0.2337153996872761	false	0.5
faul	off 1.0		off 0.3940490463205057 neg 0.3728728131018113 __DUMMY__ 0.23307814057768292	false	1.0
provisorium	neg 1.0		off 0.3884931241908327 neg 0.37748760038791435 __DUMMY__ 0.23401927542125292	false	0.5
schmerzen	neg 1.0		off 0.3925847000615847 neg 0.3742869000396782 __DUMMY__ 0.2331283998987372	false	0.5
schrumpfen	neg 1.0		off 0.3872113166429913 neg 0.37874365419168415 __DUMMY__ 0.2340450291653246	false	0.5
geistlos	off 1.0		off 0.39049599824740044 neg 0.37592532666371464 __DUMMY__ 0.23357867508888502	false	1.0
frustrierend	neg 1.0		off 0.39214387973364073 neg 0.3741983629737545 __DUMMY__ 0.2336577572926048	false	0.5
fehlkauf	neg 1.0		off 0.3898864166427535 neg 0.3756868296458547 __DUMMY__ 0.2344267537113918	false	0.5
unzufrieden	neg 1.0		off 0.3895351427816927 neg 0.37667064113452886 __DUMMY__ 0.23379421608377843	false	0.5
verzweifeln	neg 1.0		off 0.39064133418989955 neg 0.3757344485345134 __DUMMY__ 0.23362421727558702	false	0.5
verzweifelt	neg 1.0		off 0.39131159811639293 neg 0.3750060942060611 __DUMMY__ 0.23368230767754597	false	0.5
misstrauensantrag	neg 1.0		off 0.38487291720395683 neg 0.3820931493241915 __DUMMY__ 0.23303393347185183	false	0.5
abfallen	neg 1.0		off 0.3928153637793931 neg 0.3738898512321157 __DUMMY__ 0.2332947849884913	false	0.5
fucker	off 1.0		__DUMMY__ 0.38478711095671025 off 0.37671361304564993 neg 0.23849927599763987	false	1.0
ungezogen	neg 1.0		off 0.39485790548471755 neg 0.3721846703206623 __DUMMY__ 0.23295742419462004	false	0.5
irrsinnig	neg 1.0		off 0.39134749885472986 neg 0.37509705254507597 __DUMMY__ 0.23355544860019425	false	0.5
hart	neg 1.0		off 0.39860137132163315 neg 0.3693734172059726 __DUMMY__ 0.23202521147239416	false	0.5
unfassbar	neg 1.0		off 0.3919466598213226 neg 0.37427023333628257 __DUMMY__ 0.23378310684239464	false	0.5
widerlich	off 1.0		off 0.39225753075969694 neg 0.3743548706889949 __DUMMY__ 0.23338759855130814	false	1.0
fatal			off 0.38634800996340446 neg 0.3744639511905897 __DUMMY__ 0.23918803884600592	false	0.0
bruch	neg 1.0		off 0.38818401903731126 neg 0.37784326787451494 __DUMMY__ 0.23397271308817377	false	0.5
aushungern	neg 1.0		off 0.3872860494843433 neg 0.3792697541524224 __DUMMY__ 0.23344419636323416	false	0.5
anspannung	neg 1.0		off 0.38924284329507775 neg 0.37683846826463596 __DUMMY__ 0.23391868844028643	false	0.5
kraftlos	neg 1.0		off 0.3904746035091687 neg 0.3757983888586067 __DUMMY__ 0.23372700763222456	false	0.5
grenzdebil	off 1.0		off 0.39282714563338567 neg 0.37387750807399167 __DUMMY__ 0.23329534629262258	false	1.0
unterwerfen	neg 1.0		off 0.38934745654700464 neg 0.37696025084758594 __DUMMY__ 0.2336922926054095	false	0.5
versenkung	neg 1.0		off 0.389485972296963 neg 0.37668273274357705 __DUMMY__ 0.23383129495946003	false	0.5
entziehen	neg 1.0		off 0.3886565753989101 neg 0.3774914392613747 __DUMMY__ 0.23385198533971527	false	0.5
finanzkrise	neg 1.0		off 0.38394124095940885 neg 0.3821702609796174 __DUMMY__ 0.23388849806097364	false	0.5
schimpfend	neg 1.0		off 0.3922865784606312 neg 0.37445020006632357 __DUMMY__ 0.23326322147304537	false	0.5
profan	neg 1.0		off 0.3916674625622874 neg 0.3747070266556036 __DUMMY__ 0.233625510782109	false	0.5
korruption	neg 1.0		off 0.38619434041419104 neg 0.38015098496142746 __DUMMY__ 0.23365467462438153	false	0.5
schmutzig	neg 1.0		off 0.39304009428111364 neg 0.3736472552732851 __DUMMY__ 0.23331265044560123	false	0.5
abraten	neg 1.0		off 0.3921926487571176 neg 0.37424429384919805 __DUMMY__ 0.23356305739368424	false	0.5
sexy	neg 1.0		off 0.40744572656126604 neg 0.379354780219637 __DUMMY__ 0.21319949321909715	false	0.5
fotze	off 1.0		off 0.40348722603536624 neg 0.3653144494511489 __DUMMY__ 0.23119832451348504	false	1.0
schwarz	neg 1.0		off 0.39037687340888994 neg 0.37612702430833894 __DUMMY__ 0.23349610228277118	false	0.5
verwirren	neg 1.0		off 0.3921316974147784 neg 0.3743871023677506 __DUMMY__ 0.23348120021747096	false	0.5
zahnlos	off 1.0		off 0.3896027032432775 neg 0.37649424705329865 __DUMMY__ 0.23390304970342388	false	1.0
verheeren	neg 1.0		off 0.3835931985967039 neg 0.38284233421068004 __DUMMY__ 0.233564467192616	false	0.5
rammen	neg 1.0		off 0.393186458718764 neg 0.3734366437687991 __DUMMY__ 0.23337689751243673	false	0.5
unlauter	neg 1.0		off 0.3860203380697077 neg 0.38056408809384473 __DUMMY__ 0.2334155738364475	false	0.5
unheilvoll	neg 1.0		off 0.39151889775423265 neg 0.37523332529645764 __DUMMY__ 0.2332477769493097	false	0.5
niedrig	neg 1.0		off 0.3863687030539917 neg 0.3789725732189965 __DUMMY__ 0.23465872372701177	false	0.5
weichei	off 1.0		off 0.3947741587430626 neg 0.3721188618707137 __DUMMY__ 0.23310697938622366	false	1.0
explosion	neg 1.0		neg 0.38858202312083373 off 0.37984191861621114 __DUMMY__ 0.23157605826295513	false	1.0
minusmensch	off 1.0		off 0.3995932548451703 neg 0.3677702842153588 __DUMMY__ 0.2326364609394709	false	1.0
farblos	neg 1.0		off 0.3907211866889027 neg 0.37483872104950694 __DUMMY__ 0.23444009226159035	false	0.5
unwissend	neg 1.0		off 0.3922245097003403 neg 0.3743232035003376 __DUMMY__ 0.23345228679932217	false	0.5
traurig	neg 1.0		off 0.39331967195186257 neg 0.37335012844100657 __DUMMY__ 0.23333019960713097	false	0.5
senkung	neg 1.0		neg 0.38490590819681486 off 0.3817579830733093 __DUMMY__ 0.2333361087298758	false	1.0
ungleich	neg 1.0		off 0.3890993147410891 neg 0.3772038515355705 __DUMMY__ 0.23369683372334038	false	0.5
heikel	neg 1.0		off 0.38931244789028074 neg 0.3770560996769052 __DUMMY__ 0.23363145243281402	false	0.5
drosselung	neg 1.0		neg 0.3836480975308681 off 0.38273086763499276 __DUMMY__ 0.23362103483413932	false	1.0
falsch	neg 1.0		off 0.3921463230374145 neg 0.3743837240736259 __DUMMY__ 0.23346995288895953	false	0.5
unzufriedenheit	neg 1.0		off 0.3884271134117937 neg 0.3778288788477449 __DUMMY__ 0.23374400774046145	false	0.5
kurz	neg 1.0		off 0.3917996007814848 neg 0.3745129653831496 __DUMMY__ 0.23368743383536555	false	0.5
unsinnig	neg 1.0		off 0.38996993401041563 neg 0.37650772784541525 __DUMMY__ 0.23352233814416917	false	0.5
penner	off 1.0		off 0.39446981881614157 neg 0.3724465927082303 __DUMMY__ 0.23308358847562818	false	1.0
seicht	neg 1.0		off 0.39287278851322266 neg 0.37361103081370833 __DUMMY__ 0.23351618067306915	false	0.5
dummheit	off 1.0		off 0.3908746069187704 neg 0.3756267611451259 __DUMMY__ 0.23349863193610368	false	1.0
unerfreulich	neg 1.0		off 0.38921357248736227 neg 0.37700477637845564 __DUMMY__ 0.23378165113418212	false	0.5
pikiert	neg 1.0		off 0.3920009497297061 neg 0.3744855113446955 __DUMMY__ 0.23351353892559842	false	0.5
motherfucker	off 1.0		off 0.3767295438788456 __DUMMY__ 0.3687263605387136 neg 0.25454409558244084	false	1.0
wrack	neg 1.0		off 0.3894507382668536 neg 0.3766586639850855 __DUMMY__ 0.23389059774806079	false	0.5
gangster	neg 1.0		off 0.39252117880317533 neg 0.30531222843899863 __DUMMY__ 0.3021665927578259	false	0.5
krank	neg 1.0		off 0.39369212859454117 neg 0.3730185504500719 __DUMMY__ 0.23328932095538688	false	0.5
reich	neg 1.0		off 0.38934746593565767 neg 0.37680022205263514 __DUMMY__ 0.23385231201170717	false	0.5
gnadenlos	neg 1.0		off 0.3912356286655094 neg 0.37507481239778184 __DUMMY__ 0.2336895589367087	false	0.5
niedergeschlagen	neg 1.0		off 0.39041450068466704 neg 0.37588732430736904 __DUMMY__ 0.23369817500796392	false	0.5
terrorisieren	off 1.0	off 1.0	off 0.6832380863881521 neg 0.20483137317285968 __DUMMY__ 0.11193054043898827	false	1.0
sinnlosigkeit	neg 1.0		off 0.38977350392641863 neg 0.37661166479811214 __DUMMY__ 0.2336148312754692	false	0.5
behindern	neg 1.0		off 0.38633091921419505 neg 0.37994733703915884 __DUMMY__ 0.23372174374664614	false	0.5
undemokratisch	neg 1.0		off 0.3881627652344286 neg 0.3786246023753302 __DUMMY__ 0.2332126323902413	false	0.5
wirtschaftskrise	neg 1.0		off 0.38478563212822975 neg 0.3811498865187674 __DUMMY__ 0.23406448135300295	false	0.5
neid	neg 1.0		off 0.39207967243021064 neg 0.3741345990681613 __DUMMY__ 0.23378572850162807	false	0.5
rutschen	neg 1.0		off 0.39035495637020673 neg 0.37558137330168334 __DUMMY__ 0.23406367032810987	false	0.5
rezession	neg 1.0		off 0.3830148218102077 neg 0.3828669200715876 __DUMMY__ 0.2341182581182047	false	0.5
fehlgeburt	neg 1.0		off 0.39232509281505457 neg 0.37458087668116385 __DUMMY__ 0.23309403050378166	false	0.5
charakterschwach	off 1.0		off 0.39175753352987 neg 0.3747589913419569 __DUMMY__ 0.23348347512817302	false	1.0
isolation	neg 1.0		neg 0.392340492486928 off 0.37763136865429586 __DUMMY__ 0.23002813885877607	false	1.0
ablenkung	neg 1.0		off 0.3912954144113417 neg 0.3751531815452147 __DUMMY__ 0.23355140404344363	false	0.5
pech	neg 1.0		off 0.3931331755873308 neg 0.3732891753542126 __DUMMY__ 0.23357764905845652	false	0.5
dominieren	neg 1.0		off 0.38572062138304614 neg 0.37986113954732664 __DUMMY__ 0.23441823906962722	false	0.5
vermeidung	neg 1.0		neg 0.3850871765536461 off 0.3817803773098005 __DUMMY__ 0.23313244613655335	false	1.0
schwindlig	neg 1.0		off 0.3943508350058863 neg 0.3725109722052874 __DUMMY__ 0.23313819278882622	false	0.5
lutscher	neg 1.0		off 0.39795503239506846 neg 0.36948729770163385 __DUMMY__ 0.2325576699032976	false	0.5
pflicht	neg 1.0		off 0.3890087219116197 neg 0.37714889380165234 __DUMMY__ 0.23384238428672782	false	0.5
faschist	off 1.0		off 0.3904877332551845 neg 0.37609880585622923 __DUMMY__ 0.2334134608885864	false	1.0
verschleudern	neg 1.0		off 0.3866119391788911 neg 0.3795341420308496 __DUMMY__ 0.23385391879025927	false	0.5
ehebruch	neg 1.0		off 0.3896511870892516 neg 0.37662976694999556 __DUMMY__ 0.2337190459607529	false	0.5
trostlosigkeit	neg 1.0		off 0.38873282216471483 neg 0.37751562999922084 __DUMMY__ 0.23375154783606447	false	0.5
lutschen	neg 1.0		off 0.3985503170209643 neg 0.3695790307547945 __DUMMY__ 0.23187065222424127	false	0.5
spott	off 1.0		off 0.3890231499364791 neg 0.3772598383441624 __DUMMY__ 0.23371701171935866	false	1.0
undiszipliniert	neg 1.0		off 0.3932921084474199 neg 0.3734834789465387 __DUMMY__ 0.2332244126060414	false	0.5
kopfschmerz	neg 1.0		off 0.3921574963485544 neg 0.374743763487038 __DUMMY__ 0.23309874016440757	false	0.5
unvorhergesehen	neg 1.0		off 0.3909042433004852 neg 0.3752864490246075 __DUMMY__ 0.23380930767490743	false	0.5
desinteressiert	neg 1.0		off 0.3930798798715675 neg 0.3735245953642697 __DUMMY__ 0.2333955247641628	false	0.5
armselig	off 1.0		off 0.3918016235937781 neg 0.37452920874070056 __DUMMY__ 0.2336691676655213	false	1.0
tod	neg 1.0		off 0.3888369642810835 neg 0.37733417917359896 __DUMMY__ 0.2338288565453176	false	0.5
desaster	neg 1.0		off 0.3873425159988829 neg 0.37874665098341126 __DUMMY__ 0.2339108330177059	false	0.5
herzlos	neg 1.0		off 0.39307902996748983 neg 0.37351089520256253 __DUMMY__ 0.2334100748299476	false	0.5
unwissenheit	neg 1.0		off 0.38905637153378175 neg 0.3774476314409018 __DUMMY__ 0.23349599702531637	false	0.5
widersinnig	neg 1.0		off 0.38785831557808104 neg 0.3785927084770548 __DUMMY__ 0.2335489759448641	false	0.5
bedenklich	neg 1.0		off 0.3892770656814929 neg 0.37707692726890657 __DUMMY__ 0.2336460070496006	false	0.5
beanstanden	neg 1.0		off 0.38852587214757944 neg 0.377611582505865 __DUMMY__ 0.23386254534655565	false	0.5
panisch	neg 1.0		off 0.3923969085232414 neg 0.3742908832826107 __DUMMY__ 0.23331220819414789	false	0.5
abstrich	neg 1.0		off 0.39206975852437226 neg 0.374999500185577 __DUMMY__ 0.2329307412900508	false	0.5
debil	off 1.0		off 0.4050608900577131 neg 0.36485961064314 __DUMMY__ 0.23007949929914678	false	1.0
primitiv	neg 1.0		off 0.3921499070931818 neg 0.37414835484680964 __DUMMY__ 0.23370173806000863	false	0.5
abschaum	off 1.0		off 0.3915313502613157 neg 0.3749340822776031 __DUMMY__ 0.23353456746108117	false	1.0
tot	neg 1.0		off 0.3925869044946209 neg 0.3741504493495767 __DUMMY__ 0.23326264615580242	false	0.5
provozieren	neg 1.0		off 0.39079821155860706 neg 0.37561793364076906 __DUMMY__ 0.23358385480062377	false	0.5
instabil	neg 1.0		off 0.3901369307434612 neg 0.37583500978849993 __DUMMY__ 0.23402805946803884	false	0.5
schwuchtel	off 1.0		off 0.3986137005515813 neg 0.3691239060011196 __DUMMY__ 0.23226239344729915	false	1.0
zerren	neg 1.0		off 0.3906272530255041 neg 0.3757896778974716 __DUMMY__ 0.2335830690770243	false	0.5
kinderficker	off 1.0		off 0.3920939546667863 neg 0.37473887510534837 __DUMMY__ 0.23316717022786543	false	1.0
gefahr	neg 1.0		off 0.3860544840799777 neg 0.3798580902244951 __DUMMY__ 0.23408742569552704	false	0.5
rabiat	neg 1.0		off 0.39077295484025004 neg 0.37547257136150686 __DUMMY__ 0.23375447379824313	false	0.5
verlangsamung	neg 1.0		off 0.38423573820541673 neg 0.3812231737742028 __DUMMY__ 0.2345410880203805	false	0.5
anklagen	neg 1.0		off 0.38617224036627124 neg 0.3802320408237444 __DUMMY__ 0.23359571880998428	false	0.5
ausgestorben	neg 1.0		off 0.3902666966488599 neg 0.3758154158568084 __DUMMY__ 0.2339178874943316	false	0.5
verminderung	neg 1.0		neg 0.3851374151639149 off 0.3815062310738282 __DUMMY__ 0.23335635376225683	false	1.0
rost	neg 1.0		off 0.3873967989093884 neg 0.3774534266115016 __DUMMY__ 0.23514977447910987	false	0.5
destruktiv	neg 1.0		off 0.3897368312600277 neg 0.3766759692149924 __DUMMY__ 0.2335871995249799	false	0.5
unzumutbarkeit	neg 1.0		off 0.3860952409366475 neg 0.3800892763049216 __DUMMY__ 0.23381548275843092	false	0.5
labil	off 1.0	off 1.0	off 0.7637721739066506 neg 0.14615569472666443 __DUMMY__ 0.090072131366685	false	1.0
ziemlich	neg 1.0		off 0.3931655090361661 neg 0.3734205432889014 __DUMMY__ 0.2334139476749324	false	0.5
lachnummer	off 1.0		off 0.3897833612752692 neg 0.3764709020323216 __DUMMY__ 0.23374573669240917	false	1.0
ausgrenzung	neg 1.0		off 0.38680009504795904 neg 0.3796426323234106 __DUMMY__ 0.23355727262863027	false	0.5
verfall	neg 1.0		off 0.38733484033631815 neg 0.3788259192307173 __DUMMY__ 0.23383924043296445	false	0.5
unordnung	neg 1.0	neg 1.0	neg 0.6726319639246615 off 0.21439471463610732 __DUMMY__ 0.11297332143923124	false	1.0
fehlverhalten	neg 1.0		off 0.3884049103503669 neg 0.3778941920828258 __DUMMY__ 0.23370089756680731	false	0.5
nille	neg 1.0		off 0.40596616119475476 neg 0.3636658903379084 __DUMMY__ 0.2303679484673368	false	0.5
qual	neg 1.0		off 0.3968428654115123 neg 0.38897990391786175 __DUMMY__ 0.21417723067062594	false	0.5
riesig	neg 1.0		off 0.3966968031952632 neg 0.36985067652623504 __DUMMY__ 0.23345252027850194	false	0.5
verschwenden	neg 1.0		off 0.3899009344140942 neg 0.37646745927693004 __DUMMY__ 0.23363160630897575	false	0.5
verurteilen	neg 1.0		off 0.38903239950242163 neg 0.37741401094053545 __DUMMY__ 0.23355358955704295	false	0.5
klischee	neg 1.0		off 0.3916235328635624 neg 0.3747443009171188 __DUMMY__ 0.23363216621931882	false	0.5
diktatorisch	neg 1.0		off 0.3885757371839372 neg 0.3781542249129803 __DUMMY__ 0.23327003790308248	false	0.5
vorhersehbar	neg 1.0		off 0.39100759174991107 neg 0.3751945294454746 __DUMMY__ 0.23379787880461428	false	0.5
stornieren	neg 1.0		off 0.38902653686608457 neg 0.37738424093611184 __DUMMY__ 0.23358922219780368	false	0.5
besteuerung	neg 1.0		neg 0.3837117384239759 off 0.38252898335712765 __DUMMY__ 0.2337592782188965	false	1.0
ungeschminkt	neg 1.0		off 0.39679898332635016 neg 0.37076453906533297 __DUMMY__ 0.23243647760831687	false	0.5
kritisch	neg 1.0		off 0.38898842549485363 neg 0.37729207750894295 __DUMMY__ 0.23371949699620356	false	0.5
schlamperei	off 1.0		off 0.3864150462891514 neg 0.3797980154768554 __DUMMY__ 0.23378693823399327	false	1.0
sucht	neg 1.0		off 0.3898001620774899 neg 0.37537790172985475 __DUMMY__ 0.2348219361926552	false	0.5
egoistisch	off 1.0		off 0.39335659088332003 neg 0.37350654926454313 __DUMMY__ 0.23313685985213675	false	1.0
ausbeuter	off 1.0		off 0.3885148021219905 neg 0.37778726673255986 __DUMMY__ 0.23369793114544962	false	1.0
arschgeburt			off 0.39965976884490145 neg 0.36833741709963325 __DUMMY__ 0.23200281405546527	false	0.0
schubs	neg 1.0		off 0.3935913220624353 neg 0.37345020019482966 __DUMMY__ 0.23295847774273507	false	0.5
unsolide	neg 1.0		off 0.38830822705132884 neg 0.37834807090415246 __DUMMY__ 0.2333437020445188	false	0.5
beschwerde	neg 1.0		off 0.3865896458923489 neg 0.37987191984549656 __DUMMY__ 0.23353843426215468	false	0.5
stocken	neg 1.0		off 0.38492204942838004 neg 0.3807383287404194 __DUMMY__ 0.2343396218312005	false	0.5
isolieren	neg 1.0		off 0.3856934697008971 neg 0.38035476217114816 __DUMMY__ 0.23395176812795476	false	0.5
unheilbar	neg 1.0		off 0.39054443958762747 neg 0.3758605619667617 __DUMMY__ 0.23359499844561074	false	0.5
pisser	off 1.0		off 0.3996084139677311 neg 0.3682558499637444 __DUMMY__ 0.23213573606852445	false	1.0
löschen	neg 1.0		off 0.392902023209291 neg 0.3768791625399689 __DUMMY__ 0.23021881425074006	false	0.5
durchfallen	neg 1.0		off 0.38978202659875866 neg 0.3766881751973501 __DUMMY__ 0.2335297982038911	false	0.5
wichser	off 1.0		off 0.3947950367933713 neg 0.37211958229270836 __DUMMY__ 0.2330853809139204	false	1.0
terror	neg 1.0		neg 0.38613253272174547 off 0.38244750468962585 __DUMMY__ 0.23141996258862874	false	1.0
krass	neg 1.0		off 0.3966231198628745 neg 0.37075577269557713 __DUMMY__ 0.23262110744154835	false	0.5
revolte	neg 1.0		off 0.38532119170277046 neg 0.3807016366507515 __DUMMY__ 0.23397717164647808	false	0.5
besorgt	neg 1.0		off 0.3906739807104822 neg 0.37571337497988555 __DUMMY__ 0.23361264430963213	false	0.5
nachlassen	neg 1.0		off 0.3890517266262112 neg 0.37710987575636357 __DUMMY__ 0.23383839761742517	false	0.5
alt	neg 1.0		off 0.39422758623872967 neg 0.3720004374856984 __DUMMY__ 0.2337719762755719	false	0.5
hundesohn	off 1.0		off 0.40198286380129583 neg 0.3665953753304231 __DUMMY__ 0.23142176086828106	false	1.0
abschreckung	neg 1.0		off 0.3878986965050192 neg 0.3784288262236187 __DUMMY__ 0.23367247727136223	false	0.5
unqualifiziert	neg 1.0		off 0.39059862738656825 neg 0.3760224952510124 __DUMMY__ 0.23337887736241927	false	0.5
abgewichst	off 1.0		off 0.40372700353694324 neg 0.36544031423323636 __DUMMY__ 0.23083268222982048	false	1.0
kapitulation	neg 1.0		off 0.38668933507946857 neg 0.3794758412665525 __DUMMY__ 0.23383482365397898	false	0.5
schwer	neg 1.0		off 0.39093887351058837 neg 0.37529972762552316 __DUMMY__ 0.23376139886388836	false	0.5
bedeutungslosigkeit	neg 1.0		off 0.38837773273512116 neg 0.37776694274938033 __DUMMY__ 0.23385532451549856	false	0.5
unscharf	neg 1.0		off 0.39459890323506513 neg 0.37249634354853894 __DUMMY__ 0.23290475321639598	false	0.5
schwinden	neg 1.0		off 0.3854175846921813 neg 0.3804322473071892 __DUMMY__ 0.23415016800062943	false	0.5
versklavung	neg 1.0		off 0.3860510798503264 neg 0.3804978158619352 __DUMMY__ 0.2334511042877385	false	0.5
schlecht	neg 1.0		off 0.392614205930917 neg 0.37390753218240386 __DUMMY__ 0.23347826188667917	false	0.5
verhasst	neg 1.0		off 0.3901759589823873 neg 0.3761545349471924 __DUMMY__ 0.2336695060704203	false	0.5
beschweren	neg 1.0		off 0.39118606733094924 neg 0.37506180851075677 __DUMMY__ 0.233752124158294	false	0.5
scheiden	neg 1.0		off 0.39120039849026317 neg 0.3750145284244024 __DUMMY__ 0.23378507308533444	false	0.5
frustriert	neg 1.0		off 0.3905277576465401 neg 0.37582750045755114 __DUMMY__ 0.23364474189590892	false	0.5
schimmelig	neg 1.0		off 0.39673027065518796 neg 0.37056614006123395 __DUMMY__ 0.23270358928357798	false	0.5
fisch	neg 1.0		off 0.39411356204871223 neg 0.3720257614323508 __DUMMY__ 0.2338606765189371	false	0.5
schmuggel	neg 1.0		off 0.3894069202311565 neg 0.37684339091336394 __DUMMY__ 0.23374968885547964	false	0.5
auffallen	neg 1.0		off 0.3911480125318436 neg 0.3752067669890404 __DUMMY__ 0.23364522047911598	false	0.5
konkurrenz	neg 1.0		off 0.3885755281337306 neg 0.37758602097422306 __DUMMY__ 0.23383845089204638	false	0.5
teufelskreis	neg 1.0		off 0.3903234875279253 neg 0.3759216919375415 __DUMMY__ 0.23375482053453311	false	0.5
aufschreien	neg 1.0		off 0.391771704117034 neg 0.37458005993408455 __DUMMY__ 0.23364823594888148	false	0.5
missgeburt	off 1.0		off 0.3996060062844832 neg 0.368114284049377 __DUMMY__ 0.2322797096661397	false	1.0
schuldner	neg 1.0		off 0.3856171474273798 neg 0.3805134504880828 __DUMMY__ 0.23386940208453755	false	0.5
befallen	neg 1.0		off 0.3881647695535987 neg 0.37855409380309185 __DUMMY__ 0.23328113664330957	false	0.5
arbeitslos	neg 1.0		off 0.38975078672855373 neg 0.3765436551175018 __DUMMY__ 0.2337055581539443	false	0.5
miesepetrig	off 1.0		off 0.39272428192909486 neg 0.37391528024959847 __DUMMY__ 0.23336043782130672	false	1.0
alarmieren	neg 1.0		off 0.38447327290551725 neg 0.3815196785907661 __DUMMY__ 0.23400704850371679	false	0.5
ungeduscht	off 1.0		off 0.3953019288039483 neg 0.37203010091508926 __DUMMY__ 0.23266797028096228	false	1.0
knappheit	neg 1.0		off 0.3856538663636861 neg 0.3803102709401477 __DUMMY__ 0.23403586269616616	false	0.5
schlange	neg 1.0		off 0.39162489712990595 neg 0.3746344823932258 __DUMMY__ 0.23374062047686828	false	0.5
harsch	neg 1.0		off 0.386186562166676 neg 0.38025952696807086 __DUMMY__ 0.23355391086525312	false	0.5
lang	neg 1.0	neg 1.0	neg 0.6321646572772701 off 0.2422640514161791 __DUMMY__ 0.12557129130655087	false	1.0
ziellos	neg 1.0		off 0.3902748217685192 neg 0.37592603162794963 __DUMMY__ 0.2337991466035311	false	0.5
selbstverliebt	neg 1.0		off 0.39577600909565075 neg 0.37127286335186294 __DUMMY__ 0.23295112755248634	false	0.5
beseitigen	neg 1.0		off 0.3859447845012477 neg 0.3799436077000695 __DUMMY__ 0.23411160779868276	false	0.5
dumm	off 1.0		off 0.3942106715314535 neg 0.37262987988241136 __DUMMY__ 0.23315944858613516	false	1.0
arbeitsloser	neg 1.0		off 0.38947329219447163 neg 0.37676134334071554 __DUMMY__ 0.23376536446481286	false	0.5
blitzen	neg 1.0		off 0.39076555325244755 neg 0.3743184761622456 __DUMMY__ 0.23491597058530675	false	0.5
hilflos	neg 1.0		off 0.39062422235504 neg 0.375900510116535 __DUMMY__ 0.23347526752842504	false	0.5
eklig	off 1.0		off 0.39593433591385 neg 0.3712976500276137 __DUMMY__ 0.23276801405853614	false	1.0
hungersnot	neg 1.0		off 0.386373273405682 neg 0.37954467339348336 __DUMMY__ 0.2340820532008346	false	0.5
ungesetzlich	neg 1.0		off 0.3878260703498814 neg 0.37865379090433693 __DUMMY__ 0.2335201387457817	false	0.5
verschwendung	neg 1.0		off 0.38944352109593516 neg 0.3768856457281558 __DUMMY__ 0.23367083317590914	false	0.5
schmerzvoll	neg 1.0		off 0.391782465345882 neg 0.3747098639532319 __DUMMY__ 0.23350767070088607	false	0.5
vorzeitig	neg 1.0		off 0.38445098764790525 neg 0.38161493112021494 __DUMMY__ 0.23393408123187973	false	0.5
unvollkommenheit	neg 1.0		off 0.3902159748714466 neg 0.37613964912052905 __DUMMY__ 0.23364437600802432	false	0.5
intervenieren	neg 1.0		off 0.3879427235814022 neg 0.3784681608518196 __DUMMY__ 0.2335891155667782	false	0.5
banause	off 1.0		off 0.3946607214125581 neg 0.3723697957248582 __DUMMY__ 0.23296948286258365	false	1.0
rebell	neg 1.0		off 0.3995488787186536 neg 0.36915400867375997 __DUMMY__ 0.23129711260758645	false	0.5
unlogisch	neg 1.0		off 0.39299426900188417 neg 0.37374267298040775 __DUMMY__ 0.23326305801770808	false	0.5
abschaffung	neg 1.0		off 0.3849535166890595 neg 0.38157379968422855 __DUMMY__ 0.23347268362671203	false	0.5
leiden	neg 1.0		off 0.39127846473748407 neg 0.3749662833436498 __DUMMY__ 0.23375525191886612	false	0.5
sturz	neg 1.0		off 0.38601496333626417 neg 0.379921508201336 __DUMMY__ 0.23406352846239972	false	0.5
verkleinerung	neg 1.0		off 0.3839757311314747 neg 0.38224217520928017 __DUMMY__ 0.2337820936592452	false	0.5
schmarotzer	off 1.0		off 0.38990566370415897 neg 0.376539359706756 __DUMMY__ 0.23355497658908494	false	1.0
bestrafung	neg 1.0		off 0.3913661314727341 neg 0.37503561490902626 __DUMMY__ 0.23359825361823974	false	0.5
achtlos	neg 1.0		off 0.3906149435757534 neg 0.37586879873197854 __DUMMY__ 0.23351625769226822	false	0.5
ungeheuer	neg 1.0		off 0.39241087458091417 neg 0.37377066576824663 __DUMMY__ 0.23381845965083906	false	0.5
unaufrichtig	neg 1.0		off 0.3909714022820856 neg 0.3759566898698471 __DUMMY__ 0.23307190784806742	false	0.5
groggy	neg 1.0		off 0.3964791891727437 neg 0.37045821793483796 __DUMMY__ 0.23306259289241815	false	0.5
verletzlich	neg 1.0		off 0.39291218389197785 neg 0.3737089429788244 __DUMMY__ 0.2333788731291979	false	0.5
ablehnen	neg 1.0		off 0.3888950083750202 neg 0.37755992597075866 __DUMMY__ 0.23354506565422106	false	0.5
kollaps	neg 1.0		off 0.3840676374475084 neg 0.3820066153518209 __DUMMY__ 0.2339257472006708	false	0.5
beschnitten	neg 1.0		off 0.39119040403430777 neg 0.37520817109745247 __DUMMY__ 0.23360142486823965	false	0.5
defekt	neg 1.0		off 0.3851645844780039 neg 0.38129398899336353 __DUMMY__ 0.2335414265286325	false	0.5
dreckskerl	off 1.0		off 0.3930803329324288 neg 0.37378065521685705 __DUMMY__ 0.23313901185071395	false	1.0
deine	neg 1.0		off 0.394514622976809 neg 0.37246086598572914 __DUMMY__ 0.23302451103746177	false	0.5
aufgeben	neg 1.0		off 0.3913834815404925 neg 0.37472698168237106 __DUMMY__ 0.2338895367771365	false	0.5
durcheinander	neg 1.0		off 0.39202539417711335 neg 0.37432386362801084 __DUMMY__ 0.23365074219487578	false	0.5
unterbrechen	neg 1.0		off 0.39016546379130335 neg 0.37608993334776025 __DUMMY__ 0.2337446028609365	false	0.5
vergammeln	neg 1.0		off 0.3917273254444721 neg 0.3746373231386688 __DUMMY__ 0.23363535141685915	false	0.5
grotesk	neg 1.0		off 0.38977420622196396 neg 0.37643765593546735 __DUMMY__ 0.23378813784256872	false	0.5
elendig	neg 1.0		off 0.3918505732166866 neg 0.37472193660522546 __DUMMY__ 0.23342749017808795	false	0.5
naiv	off 1.0		off 0.3914288494487288 neg 0.37482207942832707 __DUMMY__ 0.23374907112294413	false	1.0
uneinigkeit	neg 1.0		off 0.38547269646656085 neg 0.38074436756829116 __DUMMY__ 0.233782935965148	false	0.5
fragil	neg 1.0		neg 0.387667371929299 off 0.3827849270286106 __DUMMY__ 0.22954770104209035	false	1.0
provisorisch	neg 1.0		off 0.389807282913027 neg 0.37614380293092897 __DUMMY__ 0.23404891415604404	false	0.5
landei	off 1.0		off 0.3946580732646936 neg 0.3719377747981693 __DUMMY__ 0.23340415193713707	false	1.0
bedauerlich	neg 1.0		off 0.3894441549367412 neg 0.37684630163577654 __DUMMY__ 0.23370954342748232	false	0.5
krieg	neg 1.0		off 0.39045514497023903 neg 0.3759169125729975 __DUMMY__ 0.2336279424567634	false	0.5
traurigkeit	neg 1.0		off 0.3910935362202673 neg 0.37523877060245153 __DUMMY__ 0.23366769317728114	false	0.5
monotonie	neg 1.0		off 0.38987380179521813 neg 0.3762621507116282 __DUMMY__ 0.2338640474931538	false	0.5
unliebsam	neg 1.0		off 0.3903601354682778 neg 0.3759776455247928 __DUMMY__ 0.23366221900692946	false	0.5
drift	neg 1.0		neg 0.4143685990511683 off 0.3801696236094674 __DUMMY__ 0.20546177733936427	false	1.0
chaos	neg 1.0		off 0.38744653591840617 neg 0.3788341374283177 __DUMMY__ 0.23371932665327608	false	0.5
blutig	neg 1.0		off 0.3917813287820593 neg 0.3745224632944844 __DUMMY__ 0.23369620792345633	false	0.5
