unsolidarisch	neg 1.0		off 0.36469709797866157 neg 0.3539624344033109 __DUMMY__ 0.28134046761802756	false	0.5
nachteilig	neg 1.0		off 0.36369856839907644 neg 0.35437442372479494 __DUMMY__ 0.2819270078761287	false	0.5
skeptisch	neg 1.0		off 0.3645296237857524 neg 0.35351746560472774 __DUMMY__ 0.28195291060951994	false	0.5
schrecklich	neg 1.0		off 0.36930173228498736 neg 0.3494996688660913 __DUMMY__ 0.28119859884892123	false	0.5
schlapp	neg 1.0		off 0.36949339905744466 neg 0.3491525813677168 __DUMMY__ 0.2813540195748386	false	0.5
abfall	neg 1.0		off 0.3637246301149099 neg 0.35403676771818104 __DUMMY__ 0.28223860216690905	false	0.5
widerspenstig	neg 1.0		off 0.3668051055364064 neg 0.3516798941020407 __DUMMY__ 0.2815150003615529	false	0.5
abrupt	neg 1.0		off 0.3654379302536031 neg 0.35242277254182214 __DUMMY__ 0.28213929720457487	false	0.5
unwirksam	neg 1.0		neg 0.3590812515977545 off 0.3589795615940109 __DUMMY__ 0.2819391868082346	false	1.0
angreifen	neg 1.0		off 0.36453405910361986 neg 0.3535978667853913 __DUMMY__ 0.2818680741109889	false	0.5
inkonsistent	neg 1.0		off 0.3665885952581895 neg 0.3514074035840669 __DUMMY__ 0.2820040011577437	false	0.5
abrutschen	neg 1.0		off 0.36452763421598944 neg 0.35356666100217615 __DUMMY__ 0.28190570478183435	false	0.5
unsicher	neg 1.0		off 0.36657263868113504 neg 0.3516459013558272 __DUMMY__ 0.2817814599630378	false	0.5
bauernkind	off 1.0		off 0.3733660671793359 neg 0.34624961973770213 __DUMMY__ 0.2803843130829619	false	1.0
angreifer	neg 1.0		off 0.36182723146937845 neg 0.356443029848858 __DUMMY__ 0.28172973868176354	false	0.5
trennen	neg 1.0		off 0.3655007327153229 neg 0.35218082550880947 __DUMMY__ 0.28231844177586773	false	0.5
schmutz	neg 1.0		off 0.3619783452739249 neg 0.3559280554496945 __DUMMY__ 0.28209359927638056	false	0.5
inkonsistenz	neg 1.0		off 0.3673299295888883 neg 0.35111774195911144 __DUMMY__ 0.2815523284520003	false	0.5
erschreckend	neg 1.0		off 0.365332636148726 neg 0.35285282827514164 __DUMMY__ 0.2818145355761323	false	0.5
ertrinken	neg 1.0		off 0.36583295765624074 neg 0.35267239821958973 __DUMMY__ 0.2814946441241696	false	0.5
pickelface	off 1.0		off 0.37778737434951776 neg 0.3426733821880721 __DUMMY__ 0.27953924346241027	false	1.0
lauch	neg 1.0		off 0.3748800755680711 neg 0.3450903350439661 __DUMMY__ 0.2800295893879627	false	0.5
steuerhinterziehung	neg 1.0		off 0.36161517384693437 neg 0.3567135330024703 __DUMMY__ 0.2816712931505954	false	0.5
unwichtig	neg 1.0		off 0.367404009608917 neg 0.3509809861598148 __DUMMY__ 0.28161500423126823	false	0.5
schock	neg 1.0		off 0.36659671711071384 neg 0.35134901648461564 __DUMMY__ 0.2820542664046705	false	0.5
vergelten	neg 1.0		off 0.3640580060448951 neg 0.3550153388180034 __DUMMY__ 0.28092665513710163	false	0.5
beule	neg 1.0		off 0.3702089358719861 neg 0.3486254403142045 __DUMMY__ 0.2811656238138094	false	0.5
verdorbenheit	neg 1.0		off 0.3643736359548211 neg 0.3522376785752739 __DUMMY__ 0.2833886854699051	false	0.5
trauma			off 0.3922415150934008 neg 0.352646939217934 __DUMMY__ 0.25511154568866523	false	0.0
sinnlos	neg 1.0		off 0.3673338369820053 neg 0.3510992650996567 __DUMMY__ 0.281566897918338	false	0.5
fettsack	off 1.0		off 0.3729315990491664 neg 0.3463360002944007 __DUMMY__ 0.2807324006564329	false	1.0
feige	off 1.0		off 0.367352028699718 neg 0.35094676529302044 __DUMMY__ 0.28170120600726145	false	1.0
abdanken	neg 1.0		off 0.3647926023511383 neg 0.3536032675481997 __DUMMY__ 0.2816041301006621	false	0.5
wichtigtuer	off 1.0	off 1.0	off 0.6722447049498483 neg 0.19266626293929312 __DUMMY__ 0.13508903211085854	false	1.0
misslingen	neg 1.0		off 0.36671015202398494 neg 0.3518618083160249 __DUMMY__ 0.2814280396599902	false	0.5
untreu	off 1.0		off 0.367436303241846 neg 0.3508791502318327 __DUMMY__ 0.2816845465263213	false	1.0
missmutig	neg 1.0		off 0.3666628857932126 neg 0.3514756277630268 __DUMMY__ 0.28186148644376074	false	0.5
hurenbock	off 1.0		off 0.37311453997263405 neg 0.34683977187423354 __DUMMY__ 0.2800456881531325	false	1.0
betrunken	neg 1.0		off 0.3693684428918843 neg 0.3494982737379874 __DUMMY__ 0.2811332833701282	false	0.5
korrupt	off 1.0		off 0.36460658251149064 neg 0.3538641617483265 __DUMMY__ 0.2815292557401829	false	1.0
unmut	neg 1.0		off 0.36320144628422396 neg 0.3548248189020911 __DUMMY__ 0.28197373481368504	false	0.5
hackfresse	off 1.0		off 0.37024815799223837 neg 0.3488192158834256 __DUMMY__ 0.2809326261243361	false	1.0
aufblasen	neg 1.0		off 0.36733206700143806 neg 0.3510401106517715 __DUMMY__ 0.28162782234679046	false	0.5
gewaltsam	neg 1.0		off 0.36249928683210336 neg 0.35565772284744396 __DUMMY__ 0.2818429903204527	false	0.5
unbeliebtheit	neg 1.0		off 0.36158133425889954 neg 0.35652471224739607 __DUMMY__ 0.28189395349370433	false	0.5
sturheit	neg 1.0		off 0.3646185073352639 neg 0.3536207262421356 __DUMMY__ 0.2817607664226004	false	0.5
kuh	neg 1.0		off 0.37362123184639967 neg 0.34587809478657017 __DUMMY__ 0.28050067336703005	false	0.5
erschrecken	neg 1.0		off 0.3678504825264333 neg 0.3506393155571973 __DUMMY__ 0.2815102019163694	false	0.5
opfer	neg 1.0		off 0.36508518476479973 neg 0.3530188518937413 __DUMMY__ 0.28189596334145905	false	0.5
stinktier	neg 1.0		off 0.3732921092399433 neg 0.346250074317763 __DUMMY__ 0.2804578164422938	false	0.5
sinken	neg 1.0		off 0.36140474464975353 neg 0.355935128014001 __DUMMY__ 0.2826601273362454	false	0.5
tucke	off 1.0		off 0.3724159459705108 neg 0.3473879597237829 __DUMMY__ 0.2801960943057063	false	1.0
abstieg	neg 1.0		off 0.36302247806999277 neg 0.3548217479573678 __DUMMY__ 0.2821557739726394	false	0.5
missverstehen	neg 1.0		off 0.3666735458392346 neg 0.3515741713020091 __DUMMY__ 0.2817522828587563	false	0.5
ergebnislos	neg 1.0		off 0.36109591009833125 neg 0.3566530206479697 __DUMMY__ 0.28225106925369914	false	0.5
manipulieren	neg 1.0		off 0.3648269704415846 neg 0.35364315098935634 __DUMMY__ 0.28152987856905903	false	0.5
verschleppen	neg 1.0		off 0.3616981364085909 neg 0.35635504529477713 __DUMMY__ 0.28194681829663193	false	0.5
unbewiesen	neg 1.0		off 0.3631751500178242 neg 0.3549430949933061 __DUMMY__ 0.28188175498886975	false	0.5
weib	off 1.0		off 0.37224755928720116 neg 0.3472089021656032 __DUMMY__ 0.2805435385471956	false	1.0
opposition	neg 1.0		off 0.36008091012211046 neg 0.35875184190153797 __DUMMY__ 0.28116724797635156	false	0.5
verkehrswidrig	neg 1.0		off 0.3620338412969132 neg 0.3569183805587545 __DUMMY__ 0.28104777814433235	false	0.5
inkorrekt	neg 1.0		off 0.36720598007264255 neg 0.3511943801317564 __DUMMY__ 0.28159963979560104	false	0.5
vermeiden	neg 1.0		off 0.3629251784301951 neg 0.35485226689869553 __DUMMY__ 0.28222255467110924	false	0.5
abweichung	neg 1.0		off 0.36262553841576706 neg 0.3552023893641603 __DUMMY__ 0.2821720722200727	false	0.5
alkoholisiert	neg 1.0		off 0.36527441069780375 neg 0.35292756788021923 __DUMMY__ 0.281798021421977	false	0.5
scheiss	off 1.0	off 1.0	off 0.6738286318064236 neg 0.19104990765458865 __DUMMY__ 0.13512146053898774	false	1.0
herausforderung	neg 1.0		off 0.36362764390086355 neg 0.3540020211429465 __DUMMY__ 0.28237033495619	false	0.5
pervers	off 1.0		off 0.37209455751588477 neg 0.3474972815329297 __DUMMY__ 0.28040816095118565	false	1.0
wackelig	neg 1.0		off 0.3669461763584967 neg 0.35134155766352576 __DUMMY__ 0.2817122659779775	false	0.5
verwickeln	neg 1.0		off 0.3664024945770953 neg 0.35173689087255444 __DUMMY__ 0.28186061455035016	false	0.5
vorwand	neg 1.0		off 0.36468891679549986 neg 0.353665351391593 __DUMMY__ 0.28164573181290703	false	0.5
muschi	off 1.0		off 0.37721926016558494 neg 0.3432017389284113 __DUMMY__ 0.27957900090600374	false	1.0
entmutigung	neg 1.0		off 0.36213531006442745 neg 0.35619569181431154 __DUMMY__ 0.2816689981212609	false	0.5
unstetig	neg 1.0		off 0.3651056662035497 neg 0.35317293937126476 __DUMMY__ 0.2817213944251856	false	0.5
unangemessen	neg 1.0		off 0.3649385637307621 neg 0.35328649941329016 __DUMMY__ 0.2817749368559477	false	0.5
entmutigen	neg 1.0		off 0.3667496478802336 neg 0.35146196609152075 __DUMMY__ 0.28178838602824574	false	0.5
schwanz	neg 1.0		off 0.3751481897780993 neg 0.34562079591514167 __DUMMY__ 0.2792310143067592	false	0.5
verbot	neg 1.0		off 0.3622591646905197 neg 0.3560352527729038 __DUMMY__ 0.28170558253657646	false	0.5
leid	neg 1.0		off 0.3697621928405168 neg 0.34903488140398103 __DUMMY__ 0.2812029257555021	false	0.5
archaisch	neg 1.0		off 0.3650941059224144 neg 0.3532258392585966 __DUMMY__ 0.2816800548189889	false	0.5
scheidung	neg 1.0		off 0.35992094065405544 neg 0.3578876041723101 __DUMMY__ 0.2821914551736346	false	0.5
abgestanden	neg 1.0		off 0.3684979962842419 neg 0.34963419335078594 __DUMMY__ 0.28186781036497227	false	0.5
einschlag	neg 1.0		off 0.3624789119407704 neg 0.35545439465588224 __DUMMY__ 0.2820666934033473	false	0.5
schmierig	off 1.0		off 0.3693313387750403 neg 0.349349317069659 __DUMMY__ 0.2813193441553007	false	1.0
unpraktisch	neg 1.0		off 0.3683599828971375 neg 0.3501688642792339 __DUMMY__ 0.2814711528236286	false	0.5
wixxer	off 1.0		off 0.37323842815434555 neg 0.3461480273165443 __DUMMY__ 0.28061354452911	false	1.0
jammerlappen	off 1.0		off 0.36743092933640364 neg 0.35099611817556114 __DUMMY__ 0.2815729524880352	false	1.0
farce	neg 1.0		off 0.3623061157273454 neg 0.35589245792502316 __DUMMY__ 0.28180142634763156	false	0.5
zwecklos	neg 1.0		off 0.36507691250317553 neg 0.35303404410077965 __DUMMY__ 0.2818890433960448	false	0.5
turbulent	neg 1.0		off 0.36450515787485566 neg 0.35419395610132104 __DUMMY__ 0.28130088602382325	false	0.5
schuld	neg 1.0		off 0.36659900026623377 neg 0.3518752231923392 __DUMMY__ 0.28152577654142713	false	0.5
risiko	neg 1.0		off 0.36055472216174517 neg 0.35667891239483185 __DUMMY__ 0.282766365443423	false	0.5
invasion	neg 1.0		neg 0.3726767106119097 off 0.3519893185549804 __DUMMY__ 0.2753339708331098	false	1.0
finster	neg 1.0		off 0.3687723439759921 neg 0.34951125106083925 __DUMMY__ 0.28171640496316863	false	0.5
geisteskrank	off 1.0		off 0.36736097597885914 neg 0.35093968588501534 __DUMMY__ 0.2816993381361256	false	1.0
ausbeute	neg 1.0		off 0.3653572662111214 neg 0.3516009070662049 __DUMMY__ 0.2830418267226737	false	0.5
zusammenbrechen	neg 1.0		off 0.3659058921663136 neg 0.3525057908263383 __DUMMY__ 0.28158831700734804	false	0.5
hinterhalt	neg 1.0		off 0.3649865430664926 neg 0.35315622816909636 __DUMMY__ 0.28185722876441105	false	0.5
kritik	neg 1.0		off 0.3625904105684522 neg 0.35568003354149935 __DUMMY__ 0.28172955589004856	false	0.5
einschrumpfen	neg 1.0		off 0.3622269231289621 neg 0.35795467758428406 __DUMMY__ 0.27981839928675384	false	0.5
riskant	neg 1.0		off 0.36510637413727776 neg 0.3530533080519631 __DUMMY__ 0.28184031781075913	false	0.5
frustrieren	neg 1.0		off 0.3655337534074664 neg 0.3525637664438852 __DUMMY__ 0.2819024801486484	false	0.5
groll	neg 1.0		off 0.3648459885208514 neg 0.3532300470044669 __DUMMY__ 0.28192396447468165	false	0.5
qualvoll	neg 1.0		off 0.3674115465430415 neg 0.35126930520989114 __DUMMY__ 0.28131914824706744	false	0.5
wackeln	neg 1.0		off 0.3668955272348332 neg 0.35120755899254735 __DUMMY__ 0.2818969137726196	false	0.5
klagen	neg 1.0		off 0.3629142415520933 neg 0.35529045141344334 __DUMMY__ 0.28179530703446337	false	0.5
trauern	neg 1.0		off 0.3653436494658556 neg 0.3528803559406353 __DUMMY__ 0.2817759945935092	false	0.5
ablehnung	neg 1.0		off 0.3620960805893789 neg 0.3560220717838036 __DUMMY__ 0.28188184762681756	false	0.5
bankrott	neg 1.0		neg 0.3614195611321289 off 0.3577009028763491 __DUMMY__ 0.280879535991522	false	1.0
stur	neg 1.0		off 0.36620014485287045 neg 0.3522752322535069 __DUMMY__ 0.28152462289362273	false	0.5
aufruhr	neg 1.0		off 0.36093257840612797 neg 0.3566747346452536 __DUMMY__ 0.2823926869486184	false	0.5
melancholie	neg 1.0		off 0.3679977107070433 neg 0.35034006608941903 __DUMMY__ 0.2816622232035376	false	0.5
torheit	neg 1.0		off 0.3643494313525976 neg 0.35387186738076243 __DUMMY__ 0.28177870126663995	false	0.5
dreckskind	off 1.0		off 0.37581842415721345 neg 0.34418787945819973 __DUMMY__ 0.2799936963845868	false	1.0
umtauschen	neg 1.0		off 0.3682899549446472 neg 0.3503752376767932 __DUMMY__ 0.28133480737855965	false	0.5
zersetzen	neg 1.0		off 0.3639570288855634 neg 0.3541982961181111 __DUMMY__ 0.2818446749963255	false	0.5
frust	neg 1.0		off 0.365791988669896 neg 0.35256682767606307 __DUMMY__ 0.2816411836540411	false	0.5
unerbittlichkeit	neg 1.0		off 0.36400927014605705 neg 0.3541256265363404 __DUMMY__ 0.28186510331760267	false	0.5
unkorrekt	neg 1.0		off 0.3676498198999487 neg 0.35109880258230514 __DUMMY__ 0.28125137751774615	false	0.5
hexe	off 1.0		off 0.3703396100617334 neg 0.34790705944292305 __DUMMY__ 0.2817533304953435	false	1.0
lasch	neg 1.0		off 0.3663461104143988 neg 0.351968411066502 __DUMMY__ 0.2816854785190991	false	0.5
rivale	neg 1.0		off 0.3608534537794546 neg 0.3577625015148592 __DUMMY__ 0.2813840447056862	false	0.5
mutlos	off 1.0		off 0.36446415609083893 neg 0.35367257273462166 __DUMMY__ 0.2818632711745394	false	1.0
wirr	off 1.0		off 0.3695008106685708 neg 0.34976022930626616 __DUMMY__ 0.28073896002516296	false	1.0
strafbar	neg 1.0		off 0.3648097691051172 neg 0.3533084298810498 __DUMMY__ 0.2818818010138329	false	0.5
erosion	neg 1.0	neg 1.0	neg 0.6619454350662839 off 0.19960762783961425 __DUMMY__ 0.1384469370941019	false	1.0
eingehen	neg 1.0		off 0.36514914167316764 neg 0.3530251605378227 __DUMMY__ 0.2818256977890095	false	0.5
faul	off 1.0		off 0.36960541778853157 neg 0.34932921083916 __DUMMY__ 0.2810653713723083	false	1.0
provisorium	neg 1.0		off 0.3640133930660201 neg 0.3537958368512698 __DUMMY__ 0.2821907700827101	false	0.5
schmerzen	neg 1.0		off 0.3681497687899083 neg 0.3507243696607014 __DUMMY__ 0.28112586154939034	false	0.5
schrumpfen	neg 1.0		off 0.3627446903245112 neg 0.3550330116826671 __DUMMY__ 0.2822222979928218	false	0.5
geistlos	off 1.0		off 0.36604678246685707 neg 0.3522895371091156 __DUMMY__ 0.2816636804240274	false	1.0
frustrierend	neg 1.0		off 0.3676646439486137 neg 0.35057842682071566 __DUMMY__ 0.28175692923067075	false	0.5
fehlkauf	neg 1.0		off 0.36529981145685625 neg 0.35193624973290755 __DUMMY__ 0.2827639388102361	false	0.5
unzufrieden	neg 1.0		off 0.3650701282434325 neg 0.3530099698837345 __DUMMY__ 0.28191990187283295	false	0.5
verzweifeln	neg 1.0		off 0.3661816710055487 neg 0.3521025178694613 __DUMMY__ 0.28171581112499	false	0.5
verzweifelt	neg 1.0		off 0.36683872032845366 neg 0.3513754606713681 __DUMMY__ 0.2817858190001783	false	0.5
misstrauensantrag	neg 1.0		off 0.3605395794255985 neg 0.35843440496048784 __DUMMY__ 0.28102601561391377	false	0.5
abfallen	neg 1.0		off 0.3683626754561561 neg 0.3503132271944705 __DUMMY__ 0.28132409734937347	false	0.5
fucker	off 1.0		__DUMMY__ 0.4190705975051846 off 0.35626927761943933 neg 0.2246601248753761	false	1.0
ungezogen	neg 1.0		off 0.37041652847978435 neg 0.3486630604089198 __DUMMY__ 0.2809204111112959	false	0.5
irrsinnig	neg 1.0		off 0.36688811548567335 neg 0.35147843713654986 __DUMMY__ 0.28163344737777685	false	0.5
hart	neg 1.0		off 0.3742175550646699 neg 0.34597358997866795 __DUMMY__ 0.2798088549566621	false	0.5
unfassbar	neg 1.0		off 0.3674543830647348 neg 0.35063792168659275 __DUMMY__ 0.28190769524867243	false	0.5
widerlich	off 1.0		off 0.36780634162270875 neg 0.35076072281645887 __DUMMY__ 0.2814329355608323	false	1.0
fatal			off 0.3644472661642819 neg 0.3539383935998911 __DUMMY__ 0.281614340235827	false	0.0
bruch	neg 1.0		off 0.36371634520205 neg 0.3541482296155775 __DUMMY__ 0.28213542518237256	false	0.5
aushungern	neg 1.0		off 0.36288455954942134 neg 0.35561168887897227 __DUMMY__ 0.2815037515716063	false	0.5
anspannung	neg 1.0		off 0.3647685254385887 neg 0.3531604045325493 __DUMMY__ 0.2820710700288621	false	0.5
kraftlos	neg 1.0		off 0.36600497063699916 neg 0.3521552986809333 __DUMMY__ 0.2818397306820677	false	0.5
grenzdebil	off 1.0		off 0.3683767134666372 neg 0.35030209401251045 __DUMMY__ 0.2813211925208525	false	1.0
unterwerfen	neg 1.0		off 0.364896513606115 neg 0.353304830030611 __DUMMY__ 0.281798656363274	false	0.5
versenkung	neg 1.0		off 0.3650188876704609 neg 0.35301602061573767 __DUMMY__ 0.2819650917138015	false	0.5
entziehen	neg 1.0		off 0.36419733466288173 neg 0.3538132632711261 __DUMMY__ 0.28198940206599205	false	0.5
finanzkrise	neg 1.0		off 0.35952594177267994 neg 0.3584343667231997 __DUMMY__ 0.28203969150412034	false	0.5
schimpfend	neg 1.0		off 0.36783979387032817 neg 0.35087119840927516 __DUMMY__ 0.28128900772039656	false	0.5
profan	neg 1.0		off 0.36719486928944717 neg 0.35108662270588226 __DUMMY__ 0.2817185080046704	false	0.5
korruption	neg 1.0		off 0.36178401351241884 neg 0.3564588461042503 __DUMMY__ 0.28175714038333094	false	0.5
schmutzig	neg 1.0		off 0.3685839002161244 neg 0.35007151830482053 __DUMMY__ 0.28134458147905494	false	0.5
abraten	neg 1.0		off 0.36772251640399534 neg 0.3506329986385956 __DUMMY__ 0.281644484957409	false	0.5
sexy	neg 1.0		off 0.38463236425414177 neg 0.3574892760908362 __DUMMY__ 0.2578783596550221	false	0.5
fotze	off 1.0		off 0.37912362287884727 neg 0.342034308894238 __DUMMY__ 0.2788420682269147	false	1.0
schwarz	neg 1.0		off 0.3658586078555601 neg 0.35244662874273414 __DUMMY__ 0.28169476340170574	false	0.5
verwirren	neg 1.0		off 0.3676713962071708 neg 0.3507836141637072 __DUMMY__ 0.281544989629122	false	0.5
zahnlos	off 1.0		off 0.36512629177838407 neg 0.3528235631561079 __DUMMY__ 0.282050145065508	false	1.0
verheeren	neg 1.0		off 0.35920938123119267 neg 0.35913209413728037 __DUMMY__ 0.2816585246315271	false	0.5
rammen	neg 1.0		off 0.3687140717877882 neg 0.3498579347176435 __DUMMY__ 0.2814279934945684	false	0.5
unlauter	neg 1.0		off 0.36163159837476866 neg 0.3568948469918157 __DUMMY__ 0.2814735546334157	false	0.5
unheilvoll	neg 1.0		off 0.3670828002917439 neg 0.3516481989366905 __DUMMY__ 0.28126900077156547	false	0.5
niedrig	neg 1.0		off 0.36184095215073697 neg 0.35519732763867456 __DUMMY__ 0.2829617202105886	false	0.5
weichei	off 1.0		off 0.370320855912462 neg 0.3485809877115435 __DUMMY__ 0.28109815637599445	false	1.0
explosion	neg 1.0		neg 0.3650065113389744 off 0.3557188270992707 __DUMMY__ 0.2792746615617549	false	1.0
minusmensch	off 1.0		off 0.3751377373370331 neg 0.3443198422524389 __DUMMY__ 0.2805424204105281	false	1.0
farblos	neg 1.0		off 0.366156517361511 neg 0.351134745858848 __DUMMY__ 0.282708736779641	false	0.5
unwissend	neg 1.0		off 0.36776597316751786 neg 0.35072514283998635 __DUMMY__ 0.2815088839924958	false	0.5
traurig	neg 1.0		off 0.3688607049429814 neg 0.3497758743086281 __DUMMY__ 0.28136342074839055	false	0.5
senkung	neg 1.0		neg 0.36119803788827737 off 0.3574174309756499 __DUMMY__ 0.28138453113607276	false	1.0
ungleich	neg 1.0		off 0.36465099060527423 neg 0.35354441226883093 __DUMMY__ 0.28180459712589495	false	0.5
heikel	neg 1.0		off 0.3648687483973976 neg 0.3534066136219294 __DUMMY__ 0.2817246379806731	false	0.5
drosselung	neg 1.0		neg 0.35992243517105466 off 0.35834802144698447 __DUMMY__ 0.2817295433819608	false	1.0
falsch	neg 1.0		off 0.3676862402427285 neg 0.35078241823571943 __DUMMY__ 0.28153134152155196	false	0.5
unzufriedenheit	neg 1.0		off 0.36398236407500295 neg 0.35415906178180995 __DUMMY__ 0.28185857414318705	false	0.5
kurz	neg 1.0		off 0.3673206453727755 neg 0.35088635786779376 __DUMMY__ 0.2817929967594307	false	0.5
unsinnig	neg 1.0		off 0.3655307649610827 neg 0.35287494175017947 __DUMMY__ 0.2815942932887377	false	0.5
penner	off 1.0		off 0.3700222474587326 neg 0.3489081726066633 __DUMMY__ 0.2810695799346042	false	1.0
seicht	neg 1.0		off 0.3684000794606612 neg 0.35001408210057794 __DUMMY__ 0.281585838438761	false	0.5
dummheit	off 1.0		off 0.3664259112112264 neg 0.35200866797713465 __DUMMY__ 0.28156542081163893	false	1.0
unerfreulich	neg 1.0		off 0.3647520870801889 neg 0.35334253534804966 __DUMMY__ 0.2819053775717614	false	0.5
pikiert	neg 1.0		off 0.3675390285020073 neg 0.35087649433433127 __DUMMY__ 0.28158447716366136	false	0.5
motherfucker	off 1.0		__DUMMY__ 0.4042207747287505 off 0.35598415432552755 neg 0.23979507094572192	false	1.0
wrack	neg 1.0		off 0.3649673117638181 neg 0.35298626955505846 __DUMMY__ 0.2820464186811234	false	0.5
gangster	neg 1.0		off 0.3711137323171438 __DUMMY__ 0.3409743630033235 neg 0.2879119046795328	false	0.5
krank	neg 1.0		off 0.3692327889063043 neg 0.3494522622208843 __DUMMY__ 0.2813149488728114	false	0.5
reich	neg 1.0		off 0.364879182033212 neg 0.35313533577587214 __DUMMY__ 0.28198548219091585	false	0.5
gnadenlos	neg 1.0		off 0.3667630712066046 neg 0.3514424606577274 __DUMMY__ 0.28179446813566805	false	0.5
niedergeschlagen	neg 1.0		off 0.3659479030473543 neg 0.35224564930848173 __DUMMY__ 0.28180644764416396	false	0.5
terrorisieren	off 1.0	off 1.0	off 0.6713221078459753 neg 0.1933045563250804 __DUMMY__ 0.1353733358289443	false	1.0
sinnlosigkeit	neg 1.0		off 0.3653266394413963 neg 0.35297068241465085 __DUMMY__ 0.2817026781439527	false	0.5
behindern	neg 1.0		off 0.3618800843014267 neg 0.3561792392500323 __DUMMY__ 0.28194067644854115	false	0.5
undemokratisch	neg 1.0		off 0.3637775331618131 neg 0.35499465234124 __DUMMY__ 0.2812278144969468	false	0.5
wirtschaftskrise	neg 1.0		off 0.3603433450475113 neg 0.35740802950113315 __DUMMY__ 0.2822486254513554	false	0.5
neid	neg 1.0		off 0.36758343941558275 neg 0.3505043919687455 __DUMMY__ 0.2819121686156717	false	0.5
rutschen	neg 1.0		off 0.3658507493228061 neg 0.35190425071653547 __DUMMY__ 0.2822449999606585	false	0.5
rezession	neg 1.0		neg 0.35909511917702597 off 0.35858380712939975 __DUMMY__ 0.2823210736935743	false	1.0
fehlgeburt	neg 1.0		off 0.36790404903809265 neg 0.3510081782523221 __DUMMY__ 0.28108777270958524	false	0.5
charakterschwach	off 1.0		off 0.367300786558518 neg 0.35115068972340774 __DUMMY__ 0.2815485237180742	false	1.0
isolation	neg 1.0		neg 0.3689425022601662 off 0.3537177738362595 __DUMMY__ 0.2773397239035742	false	1.0
ablenkung	neg 1.0		off 0.3668354533996818 neg 0.3515354251806574 __DUMMY__ 0.28162912141966073	false	0.5
pech	neg 1.0		off 0.36864642484764276 neg 0.34968811047871085 __DUMMY__ 0.28166546467364645	false	0.5
dominieren	neg 1.0		off 0.3612262099556208 neg 0.35609951619909314 __DUMMY__ 0.28267427384528615	false	0.5
vermeidung	neg 1.0		neg 0.36139423757707945 off 0.35745689227627997 __DUMMY__ 0.2811488701466406	false	1.0
schwindlig	neg 1.0		off 0.3698967445672594 neg 0.34896479410105036 __DUMMY__ 0.28113846133169024	false	0.5
lutscher	neg 1.0		off 0.37352379845927297 neg 0.34603178552257047 __DUMMY__ 0.2804444160181566	false	0.5
pflicht	neg 1.0		off 0.3645451989843022 neg 0.3534765638151345 __DUMMY__ 0.2819782372005631	false	0.5
faschist	off 1.0		off 0.36605694966293195 neg 0.3524768042727087 __DUMMY__ 0.2814662460643592	false	1.0
verschleudern	neg 1.0		off 0.36217164068590807 neg 0.35583232001818 __DUMMY__ 0.281996039295912	false	0.5
ehebruch	neg 1.0		off 0.36519483864833147 neg 0.3529737586377071 __DUMMY__ 0.28183140271396157	false	0.5
trostlosigkeit	neg 1.0		off 0.36428288595296143 neg 0.35384846015816745 __DUMMY__ 0.28186865388887106	false	0.5
lutschen	neg 1.0		off 0.37416827156679144 neg 0.3461963956063507 __DUMMY__ 0.27963533282685776	false	0.5
spott	off 1.0		off 0.3645748115515191 neg 0.35359669023105444 __DUMMY__ 0.2818284982174264	false	1.0
undiszipliniert	neg 1.0		off 0.36884306717965337 neg 0.3499168854470817 __DUMMY__ 0.28124004737326486	false	0.5
kopfschmerz	neg 1.0		off 0.3677304491161385 neg 0.3511785294063387 __DUMMY__ 0.2810910214775228	false	0.5
unvorhergesehen	neg 1.0		off 0.36641377958106197 neg 0.3516432063934673 __DUMMY__ 0.2819430140254707	false	0.5
desinteressiert	neg 1.0		off 0.3686179445955493 neg 0.3499389555977643 __DUMMY__ 0.2814430998066864	false	0.5
armselig	off 1.0		off 0.367323960116637 neg 0.3509055711826936 __DUMMY__ 0.2817704687006694	false	1.0
tod	neg 1.0		off 0.3643760811526456 neg 0.35365602913178085 __DUMMY__ 0.2819678897155735	false	0.5
desaster	neg 1.0		off 0.3628916350689205 neg 0.3550467949995797 __DUMMY__ 0.28206156993149967	false	0.5
herzlos	neg 1.0		off 0.368614575258305 neg 0.3499266843651395 __DUMMY__ 0.2814587403765555	false	0.5
unwissenheit	neg 1.0		off 0.3646295672695272 neg 0.3538096093088445 __DUMMY__ 0.28156082342162836	false	0.5
widersinnig	neg 1.0		off 0.36344052958994294 neg 0.3549309420093337 __DUMMY__ 0.2816285284007232	false	0.5
bedenklich	neg 1.0		off 0.3648325311706979 neg 0.3534254514746792 __DUMMY__ 0.2817420173546229	false	0.5
beanstanden	neg 1.0		off 0.36406704385094063 neg 0.35392960946698526 __DUMMY__ 0.28200334668207405	false	0.5
panisch	neg 1.0		off 0.36794733090018744 neg 0.35070821296568505 __DUMMY__ 0.2813444561341276	false	0.5
abstrich	neg 1.0		off 0.36765744208024365 neg 0.351448512438493 __DUMMY__ 0.2808940454812633	false	0.5
debil	off 1.0		off 0.3808134478994617 neg 0.3416792636840078 __DUMMY__ 0.27750728841653055	false	1.0
primitiv	neg 1.0		off 0.3676677508941959 neg 0.3505247521377552 __DUMMY__ 0.2818074969680489	false	0.5
abschaum	off 1.0		off 0.36707487880800344 neg 0.35131634129476796 __DUMMY__ 0.2816087798972287	false	1.0
tot	neg 1.0		off 0.3681346643180113 neg 0.3505681005282798 __DUMMY__ 0.28129723515370875	false	0.5
provozieren	neg 1.0		off 0.3663430028740364 neg 0.35198958810767805 __DUMMY__ 0.2816674090182856	false	0.5
instabil	neg 1.0		off 0.36563575834835665 neg 0.3521578506323482 __DUMMY__ 0.2822063910192952	false	0.5
schwuchtel	off 1.0		off 0.3742091681198076 neg 0.3457002996472389 __DUMMY__ 0.2800905322329535	false	1.0
zerren	neg 1.0		off 0.36617109155789573 neg 0.35216150501044063 __DUMMY__ 0.2816674034316635	false	0.5
kinderficker	off 1.0		off 0.36766791167795776 neg 0.351160717210616 __DUMMY__ 0.28117137111142637	false	1.0
gefahr	neg 1.0		off 0.36159491116887116 neg 0.35613073602514417 __DUMMY__ 0.28227435280598456	false	0.5
rabiat	neg 1.0		off 0.3662991235951678 neg 0.3518274987694334 __DUMMY__ 0.28187337763539866	false	0.5
verlangsamung	neg 1.0		off 0.35974496862872374 neg 0.35742952056501387 __DUMMY__ 0.28282551080626234	false	0.5
anklagen	neg 1.0		off 0.3617665015972335 neg 0.3565453851162504 __DUMMY__ 0.28168811328651605	false	0.5
ausgestorben	neg 1.0		off 0.365779685026252 neg 0.35215191628469455 __DUMMY__ 0.2820683986890535	false	0.5
verminderung	neg 1.0		neg 0.36141113791453017 off 0.35716788787243114 __DUMMY__ 0.2814209742130386	false	1.0
rost	neg 1.0		off 0.3627936349326795 neg 0.35363935711906785 __DUMMY__ 0.2835670079482525	false	0.5
destruktiv	neg 1.0		off 0.3652923075965638 neg 0.3530357891437736 __DUMMY__ 0.28167190325966274	false	0.5
unzumutbarkeit	neg 1.0		off 0.3616638958923086 neg 0.35637930334753587 __DUMMY__ 0.2819568007601555	false	0.5
labil	off 1.0	off 1.0	off 0.7521866191895662 neg 0.1387562445170673 __DUMMY__ 0.10905713629336657	false	1.0
ziemlich	neg 1.0		off 0.36870023949675274 neg 0.3498361807779559 __DUMMY__ 0.28146357972529146	false	0.5
lachnummer	off 1.0		off 0.3653216843975506 neg 0.3528159524432211 __DUMMY__ 0.2818623631592282	false	1.0
ausgrenzung	neg 1.0		off 0.36239270967730763 neg 0.355966386646745 __DUMMY__ 0.2816409036759473	false	0.5
verfall	neg 1.0		off 0.3628903108481262 neg 0.35513460439964745 __DUMMY__ 0.28197508475222643	false	0.5
unordnung	neg 1.0	neg 1.0	neg 0.6610046747150354 off 0.2023621099370129 __DUMMY__ 0.1366332153479516	false	1.0
fehlverhalten	neg 1.0		off 0.3639657128772212 neg 0.35422472843733743 __DUMMY__ 0.28180955868544155	false	0.5
nille	neg 1.0		off 0.38166201467676075 neg 0.3404881498617125 __DUMMY__ 0.2778498354615269	false	0.5
qual	neg 1.0		off 0.3740703079185377 neg 0.36689108915562224 __DUMMY__ 0.25903860292584013	false	0.5
riesig	neg 1.0		off 0.3721821096368915 neg 0.3462886344298165 __DUMMY__ 0.281529255933292	false	0.5
verschwenden	neg 1.0		off 0.36544651725115684 neg 0.35282810135427717 __DUMMY__ 0.28172538139456604	false	0.5
verurteilen	neg 1.0		off 0.3646006550092804 neg 0.3537664089523028 __DUMMY__ 0.2816329360384168	false	0.5
klischee	neg 1.0		off 0.36715268704279314 neg 0.35112324999346045 __DUMMY__ 0.28172406296374625	false	0.5
diktatorisch	neg 1.0		off 0.3641806109861703 neg 0.3545237665197428 __DUMMY__ 0.28129562249408685	false	0.5
vorhersehbar	neg 1.0		off 0.3665273178858758 neg 0.3515480985262426 __DUMMY__ 0.2819245835878816	false	0.5
stornieren	neg 1.0		off 0.3645829202560145 neg 0.3537318400638016 __DUMMY__ 0.2816852396801839	false	0.5
besteuerung	neg 1.0		neg 0.35997181265596817 off 0.3581381335567384 __DUMMY__ 0.2818900537872935	false	1.0
ungeschminkt	neg 1.0		off 0.3723862920613312 neg 0.34730999189921063 __DUMMY__ 0.2803037160394582	false	0.5
kritisch	neg 1.0		off 0.3645406607903472 neg 0.3536289153967885 __DUMMY__ 0.2818304238128644	false	0.5
schlamperei	off 1.0		off 0.361986586117915 neg 0.3560981695280734 __DUMMY__ 0.28191524435401166	false	1.0
sucht	neg 1.0		off 0.36520515818753424 neg 0.3516177259716239 __DUMMY__ 0.28317711584084193	false	0.5
egoistisch	off 1.0		off 0.3689165201485214 neg 0.34994887591334156 __DUMMY__ 0.28113460393813694	false	1.0
ausbeuter	off 1.0		off 0.36407490867655246 neg 0.35411929849936197 __DUMMY__ 0.2818057928240857	false	1.0
arschgeburt			off 0.3752711278722883 neg 0.34494670464987554 __DUMMY__ 0.2797821674778362	false	0.0
schubs	neg 1.0		off 0.369158005821981 neg 0.34991448949541987 __DUMMY__ 0.2809275046825991	false	0.5
unsolide	neg 1.0		off 0.36390500401452625 neg 0.354709653606994 __DUMMY__ 0.2813853423784796	false	0.5
beschwerde	neg 1.0		off 0.36218540449137115 neg 0.35619552476075256 __DUMMY__ 0.2816190707478764	false	0.5
stocken	neg 1.0		off 0.3604471947600263 neg 0.35697441285625814 __DUMMY__ 0.28257839238371557	false	0.5
isolieren	neg 1.0		off 0.36124976929725977 neg 0.3566371686669502 __DUMMY__ 0.2821130620357899	false	0.5
unheilbar	neg 1.0		off 0.3660890007927155 neg 0.3522288446091892 __DUMMY__ 0.28168215459809515	false	0.5
pisser	off 1.0		off 0.37522204915718566 neg 0.34488518223564735 __DUMMY__ 0.2798927686071669	false	1.0
löschen	neg 1.0		off 0.36866674398721394 neg 0.35349017216846335 __DUMMY__ 0.27784308384432277	false	0.5
durchfallen	neg 1.0		off 0.365342959348225 neg 0.35305326485837557 __DUMMY__ 0.2816037757933995	false	0.5
wichser	off 1.0		off 0.3703432634467646 neg 0.3485843988168405 __DUMMY__ 0.281072337736395	false	1.0
terror	neg 1.0		neg 0.3625976985607189 off 0.3583047896939366 __DUMMY__ 0.2790975117453445	false	1.0
krass	neg 1.0		off 0.3722020274470704 neg 0.3472793310090521 __DUMMY__ 0.28051864154387735	false	0.5
revolte	neg 1.0		off 0.3608827443802112 neg 0.35697281541617676 __DUMMY__ 0.2821444402036121	false	0.5
besorgt	neg 1.0		off 0.36621347090694495 neg 0.3520823314289342 __DUMMY__ 0.281704197664121	false	0.5
nachlassen	neg 1.0		off 0.36458719930213485 neg 0.3534361530955147 __DUMMY__ 0.28197664760235036	false	0.5
alt	neg 1.0		off 0.36969616197366484 neg 0.3483982587439972 __DUMMY__ 0.281905579282338	false	0.5
hundesohn	off 1.0		off 0.37763052008537695 neg 0.3432809530009243 __DUMMY__ 0.27908852691369873	false	1.0
abschreckung	neg 1.0		off 0.36346876856929805 neg 0.35475537368011906 __DUMMY__ 0.2817758577505828	false	0.5
unqualifiziert	neg 1.0		off 0.36616829054149636 neg 0.35240822711027664 __DUMMY__ 0.28142348234822706	false	0.5
abgewichst	off 1.0		off 0.3793788333769774 neg 0.34219406768806665 __DUMMY__ 0.2784270989349559	false	1.0
kapitulation	neg 1.0		off 0.3622530047509871 neg 0.3557755559994015 __DUMMY__ 0.28197143924961127	false	0.5
schwer	neg 1.0		off 0.36646179407477836 neg 0.3516572024742323 __DUMMY__ 0.28188100345098943	false	0.5
bedeutungslosigkeit	neg 1.0		off 0.36392081284374767 neg 0.35408522759242267 __DUMMY__ 0.28199395956382967	false	0.5
unscharf	neg 1.0		off 0.370165824540732 neg 0.3489724480870574 __DUMMY__ 0.28086172737221055	false	0.5
schwinden	neg 1.0		off 0.360954688449339 neg 0.35669580809817336 __DUMMY__ 0.28234950345248766	false	0.5
versklavung	neg 1.0		off 0.36166225833393567 neg 0.35682890515532933 __DUMMY__ 0.28150883651073494	false	0.5
schlecht	neg 1.0		off 0.3681477155960263 neg 0.3503122285528658 __DUMMY__ 0.2815400558511078	false	0.5
verhasst	neg 1.0		off 0.36571752868360313 neg 0.35251390486498585 __DUMMY__ 0.28176856645141096	false	0.5
beschweren	neg 1.0		off 0.3667071076028549 neg 0.3514232241472784 __DUMMY__ 0.2818696682498666	false	0.5
scheiden	neg 1.0		off 0.36671346696681684 neg 0.3513736633115791 __DUMMY__ 0.281912869721604	false	0.5
frustriert	neg 1.0		off 0.3660676333308459 neg 0.35219251338012647 __DUMMY__ 0.28173985328902756	false	0.5
schimmelig	neg 1.0		off 0.3722926616761131 neg 0.3470818346584933 __DUMMY__ 0.2806255036653936	false	0.5
fisch	neg 1.0		off 0.3695792261421982 neg 0.34840909687635707 __DUMMY__ 0.28201167698144464	false	0.5
schmuggel	neg 1.0		off 0.3649482837957197 neg 0.3531810886947888 __DUMMY__ 0.2818706275094915	false	0.5
auffallen	neg 1.0		off 0.3666774982272503 neg 0.35158041462099116 __DUMMY__ 0.2817420871517584	false	0.5
konkurrenz	neg 1.0		off 0.3641187484489262 neg 0.3539048617349104 __DUMMY__ 0.2819763898161634	false	0.5
teufelskreis	neg 1.0		off 0.36585454113953436 neg 0.3522734996400956 __DUMMY__ 0.28187195922036995	false	0.5
aufschreien	neg 1.0		off 0.367299539733856 neg 0.35095566437761344 __DUMMY__ 0.2817447958885306	false	0.5
missgeburt	off 1.0		off 0.3751865849219463 neg 0.34469401492263824 __DUMMY__ 0.2801194001554155	false	1.0
schuldner	neg 1.0		off 0.3611870479929588 neg 0.3567981114941295 __DUMMY__ 0.28201484051291187	false	0.5
befallen	neg 1.0		off 0.36376908554085613 neg 0.35492300458342624 __DUMMY__ 0.28130790987571747	false	0.5
arbeitslos	neg 1.0		off 0.36529370659491595 neg 0.35289268436311916 __DUMMY__ 0.2818136090419649	false	0.5
miesepetrig	off 1.0		off 0.368265548164095 neg 0.35033157306817886 __DUMMY__ 0.2814028787677262	false	1.0
alarmieren	neg 1.0		off 0.36003906013378795 neg 0.3577778775291268 __DUMMY__ 0.2821830623370853	false	0.5
ungeduscht	off 1.0		off 0.3708832912288564 neg 0.3485387770317468 __DUMMY__ 0.2805779317393968	false	1.0
knappheit	neg 1.0		off 0.36120405975784986 neg 0.3565815086001998 __DUMMY__ 0.28221443164195015	false	0.5
schlange	neg 1.0		off 0.36713922901386636 neg 0.35100342862556366 __DUMMY__ 0.2818573423605699	false	0.5
harsch	neg 1.0		off 0.3617710493460121 neg 0.35657336379174054 __DUMMY__ 0.28165558686224734	false	0.5
lang	neg 1.0	neg 1.0	neg 0.6191501241012706 off 0.22887435191763306 __DUMMY__ 0.15197552398109632	false	1.0
ziellos	neg 1.0		off 0.3658006598588759 neg 0.35227299479810376 __DUMMY__ 0.28192634534302047	false	0.5
selbstverliebt	neg 1.0		off 0.37132889485165216 neg 0.34775805665960585 __DUMMY__ 0.2809130484887419	false	0.5
beseitigen	neg 1.0		off 0.36147783713176496 neg 0.3562164179052135 __DUMMY__ 0.2823057449630216	false	0.5
dumm	off 1.0		off 0.3697604094077566 neg 0.3490804047779987 __DUMMY__ 0.2811591858142447	false	1.0
arbeitsloser	neg 1.0		off 0.36501328561423774 neg 0.353100251304224 __DUMMY__ 0.2818864630815383	false	0.5
blitzen	neg 1.0		off 0.36632057870460255 neg 0.3507825392768824 __DUMMY__ 0.28289688201851493	false	0.5
hilflos	neg 1.0		off 0.3661805313953502 neg 0.3522821219443291 __DUMMY__ 0.2815373466603207	false	0.5
eklig	off 1.0		off 0.3715035285402497 neg 0.34780312232738 __DUMMY__ 0.2806933491323704	false	1.0
hungersnot	neg 1.0		off 0.3619153185737298 neg 0.3558152276264525 __DUMMY__ 0.28226945379981766	false	0.5
ungesetzlich	neg 1.0		off 0.36341097247363624 neg 0.3549941252697332 __DUMMY__ 0.28159490225663053	false	0.5
verschwendung	neg 1.0		off 0.36499441111744785 neg 0.3532337483319393 __DUMMY__ 0.2817718405506128	false	0.5
schmerzvoll	neg 1.0		off 0.36732287598657715 neg 0.3511007634333258 __DUMMY__ 0.281576360580097	false	0.5
vorzeitig	neg 1.0		off 0.36001843574122594 neg 0.3578809895220937 __DUMMY__ 0.2821005747366804	false	0.5
unvollkommenheit	neg 1.0		off 0.36575701795500376 neg 0.35249680928605764 __DUMMY__ 0.28174617275893854	false	0.5
intervenieren	neg 1.0		off 0.36352106604937695 neg 0.35480267746730854 __DUMMY__ 0.28167625648331446	false	0.5
banause	off 1.0		off 0.3702184651394037 neg 0.3488435756547907 __DUMMY__ 0.28093795920580555	false	1.0
rebell	neg 1.0		off 0.3752191246773519 neg 0.3458186418766919 __DUMMY__ 0.2789622334459561	false	0.5
unlogisch	neg 1.0		off 0.36854603341370384 neg 0.3501709609609608 __DUMMY__ 0.28128300562533537	false	0.5
abschaffung	neg 1.0		off 0.36057221534682454 neg 0.3578846771101178 __DUMMY__ 0.2815431075430577	false	0.5
leiden	neg 1.0		off 0.36679906198254547 neg 0.35132628890599543 __DUMMY__ 0.28187464911145926	false	0.5
sturz	neg 1.0		off 0.36155519166853517 neg 0.3561936654613043 __DUMMY__ 0.2822511428701605	false	0.5
verkleinerung	neg 1.0		off 0.3595684467898644 neg 0.35851808351916165 __DUMMY__ 0.28191346969097403	false	0.5
schmarotzer	off 1.0		off 0.36546415482069716 neg 0.35290273363168256 __DUMMY__ 0.2816331115476204	false	1.0
bestrafung	neg 1.0		off 0.3669027982920092 neg 0.3514113794207928 __DUMMY__ 0.28168582228719785	false	0.5
achtlos	neg 1.0		off 0.36616378301695 neg 0.3522482635356504 __DUMMY__ 0.2815879534473997	false	0.5
ungeheuer	neg 1.0		off 0.36790921147255157 neg 0.35013893435182714 __DUMMY__ 0.2819518541756212	false	0.5
unaufrichtig	neg 1.0		off 0.3665734905447509 neg 0.3523661227126574 __DUMMY__ 0.28106038674259154	false	0.5
groggy	neg 1.0		off 0.3719757175541321 neg 0.3469318566870448 __DUMMY__ 0.2810924257588232	false	0.5
verletzlich	neg 1.0		off 0.36845087174742536 neg 0.3501239680286212 __DUMMY__ 0.2814251602239533	false	0.5
ablehnen	neg 1.0		off 0.36446542435548274 neg 0.35391191610546907 __DUMMY__ 0.28162265953904814	false	0.5
kollaps	neg 1.0		off 0.35964638449162567 neg 0.3582696591491268 __DUMMY__ 0.2820839563592476	false	0.5
beschnitten	neg 1.0		off 0.36672921901556904 neg 0.35158222285611845 __DUMMY__ 0.2816885581283125	false	0.5
defekt	neg 1.0		off 0.36074041651718863 neg 0.3576091703940866 __DUMMY__ 0.2816504130887246	false	0.5
dreckskerl	off 1.0		off 0.3686467706794454 neg 0.35021804108524845 __DUMMY__ 0.28113518823530603	false	1.0
deine	neg 1.0		off 0.37006991726493 neg 0.3489271024859475 __DUMMY__ 0.28100298024912257	false	0.5
aufgeben	neg 1.0		off 0.3668882405911215 neg 0.35107447768201666 __DUMMY__ 0.2820372817268619	false	0.5
durcheinander	neg 1.0		off 0.3675475847711828 neg 0.3507042360182043 __DUMMY__ 0.28174817921061296	false	0.5
unterbrechen	neg 1.0		off 0.3656985016624959 neg 0.35244134306318486 __DUMMY__ 0.28186015527431924	false	0.5
vergammeln	neg 1.0		off 0.36725206304566127 neg 0.35101584752789655 __DUMMY__ 0.2817320894264421	false	0.5
grotesk	neg 1.0		off 0.3653096080269894 neg 0.3527783513584745 __DUMMY__ 0.28191204061453606	false	0.5
elendig	neg 1.0		off 0.36739578704489106 neg 0.3511222027794339 __DUMMY__ 0.28148201017567487	false	0.5
naiv	off 1.0		off 0.3669481989363181 neg 0.35118598258512385 __DUMMY__ 0.28186581847855813	false	1.0
uneinigkeit	neg 1.0		off 0.36105472087653306 neg 0.35703395514741065 __DUMMY__ 0.2819113239760563	false	0.5
fragil	neg 1.0		neg 0.36429975150594673 off 0.358768247523655 __DUMMY__ 0.27693200097039833	false	1.0
provisorisch	neg 1.0		off 0.36530895264296437 neg 0.3524638334581737 __DUMMY__ 0.2822272138988619	false	0.5
landei	off 1.0		off 0.37016890685432946 neg 0.3483718200170278 __DUMMY__ 0.28145927312864266	false	1.0
bedauerlich	neg 1.0		off 0.36499058323204675 neg 0.3531911359079892 __DUMMY__ 0.2818182808599642	false	0.5
krieg	neg 1.0		off 0.36599845251170415 neg 0.35228148364623585 __DUMMY__ 0.28172006384205994	false	0.5
traurigkeit	neg 1.0		off 0.36662174756133786 neg 0.35160875215558074 __DUMMY__ 0.28176950028308145	false	0.5
monotonie	neg 1.0		off 0.3653948766561807 neg 0.3526000746129642 __DUMMY__ 0.2820050487308551	false	0.5
unliebsam	neg 1.0		off 0.36590145720610573 neg 0.3523356360123703 __DUMMY__ 0.2817629067815238	false	0.5
drift	neg 1.0		neg 0.3933677217613155 off 0.3596112900999716 __DUMMY__ 0.24702098813871284	false	1.0
chaos	neg 1.0		off 0.3630142988787664 neg 0.3551568529222559 __DUMMY__ 0.28182884819897763	false	0.5
blutig	neg 1.0		off 0.36730016177656544 neg 0.35089788954220963 __DUMMY__ 0.281801948681225	false	0.5
machtlos	neg 1.0		off 0.36471841120289916 neg 0.3535216432706734 __DUMMY__ 0.2817599455264273	false	0.5
einsamkeit	neg 1.0		off 0.36702800884429926 neg 0.3510650611576383 __DUMMY__ 0.2819069299980625	false	0.5
