unsolidarisch	neg 1.0		off 0.34203563854181146 neg 0.3320247521687168 __DUMMY__ 0.3259396092894717	false	0.5
nachteilig	neg 1.0		off 0.34099533139418664 neg 0.3323893688447441 __DUMMY__ 0.32661529976106934	false	0.5
skeptisch	neg 1.0		off 0.34181848256364034 neg 0.331538847934987 __DUMMY__ 0.32664266950137255	false	0.5
schrecklich	neg 1.0		off 0.3465961291757002 neg 0.32762832601925007 __DUMMY__ 0.3257755448050496	false	0.5
schlapp	neg 1.0		off 0.346771419858267 neg 0.32727094949308244 __DUMMY__ 0.3259576306486507	false	0.5
abfall	neg 1.0		off 0.3409947240106862 neg 0.3320326756284176 __DUMMY__ 0.3269726003608963	false	0.5
widerspenstig	neg 1.0		off 0.3441002710310509 neg 0.32975946612027635 __DUMMY__ 0.32614026284867265	false	0.5
abrupt	neg 1.0		off 0.34269934437578203 neg 0.3304425030209573 __DUMMY__ 0.3268581526032608	false	0.5
unwirksam	neg 1.0		neg 0.33703919581130715 off 0.3363225605033875 __DUMMY__ 0.32663824368530536	false	1.0
angreifen	neg 1.0		off 0.3418275228668989 neg 0.3316271672979296 __DUMMY__ 0.32654530983517155	false	0.5
inkonsistent	neg 1.0		off 0.3438473095949963 neg 0.32944336060866036 __DUMMY__ 0.3267093297963433	false	0.5
abrutschen	neg 1.0		off 0.3418179593109846 neg 0.33159359130959043 __DUMMY__ 0.32658844937942483	false	0.5
unsicher	neg 1.0		off 0.34385130780014056 neg 0.32970299060125835 __DUMMY__ 0.3264457015986011	false	0.5
bauernkind	off 1.0		off 0.35067911446476324 __DUMMY__ 0.324847346097387 neg 0.3244735394378497	false	1.0
angreifer	neg 1.0		off 0.3391610257179704 neg 0.33444448415932765 __DUMMY__ 0.3263944901227019	false	0.5
trennen	neg 1.0		off 0.3427451323190359 neg 0.3301902221669958 __DUMMY__ 0.32706464551396824	false	0.5
schmutz	neg 1.0		off 0.33926810832135157 neg 0.3339202873636282 __DUMMY__ 0.3268116043150204	false	0.5
inkonsistenz	neg 1.0		off 0.3446208505204821 neg 0.32919553150106645 __DUMMY__ 0.32618361797845147	false	0.5
erschreckend	neg 1.0		off 0.34262205514896704 neg 0.33089517525865625 __DUMMY__ 0.32648276959237654	false	0.5
ertrinken	neg 1.0		off 0.3431422209856515 neg 0.33074142919550026 __DUMMY__ 0.3261163498188483	false	0.5
pickelface	off 1.0		off 0.3551040424205526 __DUMMY__ 0.323896788469624 neg 0.3209991691098235	false	1.0
lauch	neg 1.0		off 0.3521824858004911 __DUMMY__ 0.32445728380693173 neg 0.32336023039257716	false	0.5
steuerhinterziehung	neg 1.0		off 0.3389581659462754 neg 0.3347166895752629 __DUMMY__ 0.3263251444784617	false	0.5
unwichtig	neg 1.0		off 0.3446863515897848 neg 0.32905940072111317 __DUMMY__ 0.32625424768910216	false	0.5
schock	neg 1.0		off 0.34385235824160865 neg 0.32938638428682443 __DUMMY__ 0.3267612574715668	false	0.5
vergelten	neg 1.0		off 0.34142803081854434 neg 0.33310124984993794 __DUMMY__ 0.32547071933151767	false	0.5
beule	neg 1.0		off 0.3474871894966448 neg 0.326767893539857 __DUMMY__ 0.3257449169634982	false	0.5
verdorbenheit	neg 1.0		off 0.34152086082911864 neg 0.3301325310944666 __DUMMY__ 0.32834660807641475	false	0.5
trauma			off 0.37108228416851347 neg 0.3324552569844519 __DUMMY__ 0.29646245884703465	false	0.0
sinnlos	neg 1.0		off 0.34462210126810117 neg 0.32917974984389725 __DUMMY__ 0.3261981488880015	false	0.5
fettsack	off 1.0		off 0.35021813270421187 __DUMMY__ 0.3252470148750184 neg 0.3245348524207698	false	1.0
feige	off 1.0		off 0.34463146693838087 neg 0.3290166954913097 __DUMMY__ 0.3263518375703094	false	1.0
abdanken	neg 1.0		off 0.3421076659153796 neg 0.33164819028001635 __DUMMY__ 0.32624414380460415	false	0.5
wichtigtuer	off 1.0	off 1.0	off 0.6611262314892054 neg 0.18191813935999226 __DUMMY__ 0.15695562915080238	false	1.0
misslingen	neg 1.0		off 0.3440153372990223 neg 0.3299404011054318 __DUMMY__ 0.3260442615955459	false	0.5
untreu	off 1.0		off 0.3447109489527593 neg 0.3289541144212634 __DUMMY__ 0.32633493662597746	false	1.0
missmutig	neg 1.0		off 0.343928516268327 neg 0.32953163717418743 __DUMMY__ 0.32653984655748564	false	0.5
hurenbock	off 1.0		off 0.35046670352835024 neg 0.32506955422231243 __DUMMY__ 0.3244637422493374	false	1.0
betrunken	neg 1.0		off 0.34666386120226694 neg 0.32763384509727805 __DUMMY__ 0.325702293700455	false	0.5
korrupt	off 1.0		off 0.34193269855444375 neg 0.3319106959337456 __DUMMY__ 0.3261566055118105	false	1.0
unmut	neg 1.0		off 0.34050267124923056 neg 0.33282952333336485 __DUMMY__ 0.3266678054174045	false	0.5
hackfresse	off 1.0		off 0.34755217069920014 neg 0.32697661682165763 __DUMMY__ 0.32547121247914224	false	1.0
aufblasen	neg 1.0		off 0.3446114939172946 neg 0.3291179078666914 __DUMMY__ 0.326270598216014	false	0.5
gewaltsam	neg 1.0		off 0.3398174170341093 neg 0.3336590846260774 __DUMMY__ 0.32652349833981315	false	0.5
unbeliebtheit	neg 1.0		off 0.33890236083648 neg 0.33451576086301194 __DUMMY__ 0.32658187830050817	false	0.5
sturheit	neg 1.0		off 0.34192007644533395 neg 0.33165788185254685 __DUMMY__ 0.3264220417021192	false	0.5
kuh	neg 1.0		off 0.35091691894150606 __DUMMY__ 0.32498390827219825 neg 0.3240991727862956	false	0.5
erschrecken	neg 1.0		off 0.34513400385012605 neg 0.3287312216970703 __DUMMY__ 0.32613477445280353	false	0.5
opfer	neg 1.0		off 0.34237216160121364 neg 0.33104988888584613 __DUMMY__ 0.3265779495129403	false	0.5
stinktier	neg 1.0		off 0.3505965903508174 __DUMMY__ 0.3249324652148237 neg 0.32447094443435887	false	0.5
sinken	neg 1.0		off 0.33866345209894305 neg 0.3338755540338543 __DUMMY__ 0.3274609938672028	false	0.5
tucke	off 1.0		off 0.34975704941950847 neg 0.3256149635674127 __DUMMY__ 0.3246279870130789	false	1.0
abstieg	neg 1.0		off 0.3403100899355775 neg 0.33280933485993847 __DUMMY__ 0.326880575204484	false	0.5
missverstehen	neg 1.0		off 0.3439544958419009 neg 0.32963342600374607 __DUMMY__ 0.32641207815435297	false	0.5
ergebnislos	neg 1.0		off 0.33839448827088453 neg 0.3346143600822831 __DUMMY__ 0.32699115164683246	false	0.5
manipulieren	neg 1.0		off 0.3421470642906217 neg 0.33169556792960925 __DUMMY__ 0.32615736777976906	false	0.5
verschleppen	neg 1.0		off 0.33901478011249586 neg 0.33434500077468 __DUMMY__ 0.3266402191128243	false	0.5
unbewiesen	neg 1.0		off 0.34048190876725165 neg 0.33295495428408595 __DUMMY__ 0.32656313694866246	false	0.5
weib	off 1.0		off 0.34955651216674727 neg 0.32541490959017516 __DUMMY__ 0.3250285782430776	false	1.0
opposition	neg 1.0		off 0.33747969931549227 neg 0.33676810466320667 __DUMMY__ 0.32575219602130107	false	0.5
verkehrswidrig	neg 1.0		off 0.33941453481431627 neg 0.33496170769138794 __DUMMY__ 0.3256237574942957	false	0.5
inkorrekt	neg 1.0		off 0.3444935987990225 neg 0.3292679433682014 __DUMMY__ 0.32623845783277616	false	0.5
vermeiden	neg 1.0		off 0.34020435380398667 neg 0.3328402135172456 __DUMMY__ 0.3269554326787677	false	0.5
abweichung	neg 1.0		off 0.33991248852295713 neg 0.3331889034554303 __DUMMY__ 0.3268986080216126	false	0.5
alkoholisiert	neg 1.0		off 0.34255660713998964 neg 0.33096958886541444 __DUMMY__ 0.3264738039945958	false	0.5
scheiss	off 1.0	off 1.0	off 0.6626933033384798 neg 0.18031262530974 __DUMMY__ 0.15699407135178028	false	1.0
herausforderung	neg 1.0		off 0.3408891169712569 neg 0.331983689570528 __DUMMY__ 0.327127193458215	false	0.5
pervers	off 1.0		off 0.34941987575722916 neg 0.3257093078810772 __DUMMY__ 0.3248708163616937	false	1.0
wackelig	neg 1.0		off 0.3442247540882984 neg 0.3294072237768389 __DUMMY__ 0.3263680221348629	false	0.5
verwickeln	neg 1.0		off 0.3436767011280553 neg 0.32978674720413176 __DUMMY__ 0.32653655166781287	false	0.5
vorwand	neg 1.0		off 0.3420001774468774 neg 0.33171066883568434 __DUMMY__ 0.32628915371743816	false	0.5
muschi	off 1.0		off 0.35453081858506547 __DUMMY__ 0.3239532766230665 neg 0.32151590479186803	false	1.0
entmutigung	neg 1.0		off 0.33947167208290463 neg 0.33420778442599497 __DUMMY__ 0.3263205434911004	false	0.5
unstetig	neg 1.0		off 0.3423980485381066 neg 0.33121993960354806 __DUMMY__ 0.3263820118583453	false	0.5
unangemessen	neg 1.0		off 0.3422371469783422 neg 0.33132496126899985 __DUMMY__ 0.32643789175265797	false	0.5
entmutigen	neg 1.0		off 0.3440256717800722 neg 0.32951885024651634 __DUMMY__ 0.32645547797341146	false	0.5
schwanz	neg 1.0		off 0.35251188155324964 neg 0.32394579978123933 __DUMMY__ 0.323542318665511	false	0.5
verbot	neg 1.0		off 0.33959376653970946 neg 0.33404405424890077 __DUMMY__ 0.3263621792113899	false	0.5
leid	neg 1.0		off 0.3470512246310505 neg 0.32716568166488513 __DUMMY__ 0.32578309370406444	false	0.5
archaisch	neg 1.0		off 0.3423959884471615 neg 0.33127552660913356 __DUMMY__ 0.3263284849437049	false	0.5
scheidung	neg 1.0		off 0.3372231667604554 neg 0.33584619582724334 __DUMMY__ 0.32693063741230133	false	0.5
abgestanden	neg 1.0		off 0.34573819271658834 neg 0.3277091091542389 __DUMMY__ 0.32655269812917276	false	0.5
einschlag	neg 1.0		off 0.3397683113870827 neg 0.33342404018864386 __DUMMY__ 0.3268076484242733	false	0.5
schmierig	off 1.0		off 0.3466149177721161 neg 0.3274685741069217 __DUMMY__ 0.32591650812096223	false	1.0
unpraktisch	neg 1.0		off 0.3456405643251938 neg 0.32826735266787077 __DUMMY__ 0.3260920830069355	false	0.5
wixxer	off 1.0		off 0.3505352134808018 __DUMMY__ 0.32510852849985145 neg 0.3243562580193468	false	1.0
jammerlappen	off 1.0		off 0.3447164661493351 neg 0.32907906322918473 __DUMMY__ 0.3262044706214801	false	1.0
farce	neg 1.0		off 0.3396317469438415 neg 0.333895615061172 __DUMMY__ 0.32647263799498644	false	0.5
zwecklos	neg 1.0		off 0.34236313030399124 neg 0.3310678589655575 __DUMMY__ 0.32656901073045114	false	0.5
turbulent	neg 1.0		off 0.34183215997121463 neg 0.33226044072157135 __DUMMY__ 0.3259073993072141	false	0.5
schuld	neg 1.0		off 0.3438995488038382 neg 0.32994978113343043 __DUMMY__ 0.32615067006273135	false	0.5
risiko	neg 1.0		off 0.33781254443015296 neg 0.33460075458511274 __DUMMY__ 0.32758670098473425	false	0.5
invasion	neg 1.0		neg 0.3510064543435354 off 0.3299215628272716 __DUMMY__ 0.31907198282919286	false	1.0
finster	neg 1.0		off 0.34602836689312105 neg 0.32759852638090764 __DUMMY__ 0.32637310672597125	false	0.5
geisteskrank	off 1.0		off 0.3446397985895915 neg 0.3290103132189945 __DUMMY__ 0.32634988819141414	false	1.0
ausbeute	neg 1.0		off 0.3425342157057634 neg 0.32955980122116835 __DUMMY__ 0.3279059830730682	false	0.5
zusammenbrechen	neg 1.0		off 0.3432067748430964 neg 0.3305704685947044 __DUMMY__ 0.3262227565621992	false	0.5
hinterhalt	neg 1.0		off 0.34227823957830317 neg 0.3311784902952879 __DUMMY__ 0.32654327012640894	false	0.5
kritik	neg 1.0		off 0.3399197002518536 neg 0.3336902829056272 __DUMMY__ 0.3263900168425193	false	0.5
einschrumpfen	neg 1.0		off 0.33964436589739455 neg 0.3360943894466531 __DUMMY__ 0.32426124465595246	false	0.5
riskant	neg 1.0		off 0.3423978852879775 neg 0.33108906640599706 __DUMMY__ 0.32651304830602546	false	0.5
frustrieren	neg 1.0		off 0.34281487921823894 neg 0.3306006802106387 __DUMMY__ 0.32658444057112246	false	0.5
groll	neg 1.0		off 0.3421309526784098 neg 0.3312591785782423 __DUMMY__ 0.32660986874334796	false	0.5
qualvoll	neg 1.0		off 0.34471540878174745 neg 0.3293690537155099 __DUMMY__ 0.32591553750274266	false	0.5
wackeln	neg 1.0		off 0.3441573765545817 neg 0.3292623784145826 __DUMMY__ 0.32658024503083566	false	0.5
klagen	neg 1.0		off 0.340234886347068 neg 0.3333010314913356 __DUMMY__ 0.32646408216159645	false	0.5
trauern	neg 1.0		off 0.3426378656522345 neg 0.33092051856013555 __DUMMY__ 0.3264416157876301	false	0.5
ablehnung	neg 1.0		off 0.3394168691137214 neg 0.3340184732482209 __DUMMY__ 0.32656465763805775	false	0.5
bankrott	neg 1.0		neg 0.33940868292233134 off 0.33513126103896085 __DUMMY__ 0.3254600560387078	false	1.0
stur	neg 1.0		off 0.34350315382079555 neg 0.33034767520942665 __DUMMY__ 0.3261491709697778	false	0.5
aufruhr	neg 1.0		off 0.3382226202928534 neg 0.334621556984718 __DUMMY__ 0.3271558227224287	false	0.5
melancholie	neg 1.0		off 0.34526713728780606 neg 0.32842102707410753 __DUMMY__ 0.32631183563808636	false	0.5
torheit	neg 1.0		off 0.34165098963763324 neg 0.33190362064329415 __DUMMY__ 0.32644538971907255	false	0.5
dreckskind	off 1.0		off 0.3531405260111126 __DUMMY__ 0.3243984046441685 neg 0.32246106934471885	false	1.0
umtauschen	neg 1.0		off 0.34557836641010564 neg 0.32848436588659186 __DUMMY__ 0.32593726770330245	false	0.5
zersetzen	neg 1.0		off 0.34125834609739963 neg 0.3322233820752422 __DUMMY__ 0.32651827182735815	false	0.5
frust	neg 1.0		off 0.3430900896424345 neg 0.3306264426047131 __DUMMY__ 0.3262834677528525	false	0.5
unerbittlichkeit	neg 1.0		off 0.3413093124398626 neg 0.33214834577484226 __DUMMY__ 0.3265423417852952	false	0.5
unkorrekt	neg 1.0		off 0.34496041620661994 neg 0.32919975360916526 __DUMMY__ 0.3258398301842148	false	0.5
hexe	off 1.0		off 0.3475729697899907 __DUMMY__ 0.32641872580163445 neg 0.32600830440837486	false	1.0
lasch	neg 1.0		off 0.34363564137475294 neg 0.33003123655190686 __DUMMY__ 0.3263331220733402	false	0.5
rivale	neg 1.0		off 0.3382122015829264 neg 0.33576878231560814 __DUMMY__ 0.3260190161014654	false	0.5
mutlos	off 1.0		off 0.34176178069557483 neg 0.3316977420609394 __DUMMY__ 0.3265404772434859	false	1.0
wirr	off 1.0		off 0.34682716955725795 neg 0.3279201148260743 __DUMMY__ 0.3252527156166677	false	1.0
strafbar	neg 1.0		off 0.3421024532072698 neg 0.3313357202086301 __DUMMY__ 0.3265618265841	false	0.5
erosion	neg 1.0	neg 1.0	neg 0.65090038971399 off 0.188272203629277 __DUMMY__ 0.16082740665673292	false	1.0
eingehen	neg 1.0		off 0.3424395811948382 neg 0.3310639455179108 __DUMMY__ 0.32649647328725107	false	0.5
faul	off 1.0		off 0.3469046946613263 neg 0.3274698756550195 __DUMMY__ 0.32562542968365427	false	1.0
provisorium	neg 1.0		off 0.3412840744845675 neg 0.33179835782473693 __DUMMY__ 0.32691756769069547	false	0.5
schmerzen	neg 1.0		off 0.34545798467601513 neg 0.328846918829558 __DUMMY__ 0.32569509649442674	false	0.5
schrumpfen	neg 1.0		off 0.34002819881391505 neg 0.3330172121792904 __DUMMY__ 0.32695458900679464	false	0.5
geistlos	off 1.0		off 0.34334409934686266 neg 0.33034389149496385 __DUMMY__ 0.32631200915817343	false	1.0
frustrierend	neg 1.0		off 0.34493328405188295 neg 0.32864869462780905 __DUMMY__ 0.3264180213203079	false	0.5
fehlkauf	neg 1.0		off 0.34245612893315724 neg 0.329871274719678 __DUMMY__ 0.3276725963471646	false	0.5
unzufrieden	neg 1.0		off 0.3423537749097757 neg 0.3310415563156803 __DUMMY__ 0.326604668774544	false	0.5
verzweifeln	neg 1.0		off 0.3434694610142347 neg 0.33016108613321665 __DUMMY__ 0.32636945285254865	false	0.5
verzweifelt	neg 1.0		off 0.34411391579912914 neg 0.3294356098764271 __DUMMY__ 0.3264504743244437	false	0.5
misstrauensantrag	neg 1.0		off 0.3379445267769919 neg 0.3364611982338367 __DUMMY__ 0.3255942749891715	false	0.5
abfallen	neg 1.0		off 0.34565482248097684 neg 0.3284233160692183 __DUMMY__ 0.32592186144980484	false	0.5
fucker	off 1.0		__DUMMY__ 0.45117535477715565 off 0.33710504482504433 neg 0.2117196003978001	false	1.0
ungezogen	neg 1.0		off 0.347716930896159 neg 0.32682410112642574 __DUMMY__ 0.32545896797741514	false	0.5
irrsinnig	neg 1.0		off 0.3441756957661754 neg 0.3295495600167072 __DUMMY__ 0.32627474421711744	false	0.5
hart	neg 1.0		off 0.3515667482324289 neg 0.3242464127547914 __DUMMY__ 0.32418683901277984	false	0.5
unfassbar	neg 1.0		off 0.34471111655811215 neg 0.3286968680328601 __DUMMY__ 0.32659201540902766	false	0.5
widerlich	off 1.0		off 0.3451007175372807 neg 0.32885460598036026 __DUMMY__ 0.3260446764823591	false	1.0
fatal			off 0.3439808733019095 neg 0.3347550474117943 __DUMMY__ 0.3212640792862962	false	0.0
bruch	neg 1.0		off 0.34099835014110913 neg 0.3321472667127132 __DUMMY__ 0.32685438314617765	false	0.5
aushungern	neg 1.0		off 0.34022757231542056 neg 0.3336433811164266 __DUMMY__ 0.3261290465681527	false	0.5
anspannung	neg 1.0		off 0.34204362113462383 neg 0.33117557130976755 __DUMMY__ 0.3267808075556085	false	0.5
kraftlos	neg 1.0		off 0.34328356668102705 neg 0.3302034681908796 __DUMMY__ 0.32651296512809347	false	0.5
grenzdebil	off 1.0		off 0.3456710848897938 neg 0.3284134172663839 __DUMMY__ 0.3259154978438224	false	1.0
unterwerfen	neg 1.0		off 0.34219310509977624 neg 0.33134084627006366 __DUMMY__ 0.3264660486301601	false	0.5
versenkung	neg 1.0		off 0.3423007154772329 neg 0.3310419683922644 __DUMMY__ 0.32665731613050275	false	0.5
entziehen	neg 1.0		off 0.3414869564471691 neg 0.3318281737154384 __DUMMY__ 0.32668486983739264	false	0.5
finanzkrise	neg 1.0		off 0.33685778773438063 neg 0.3363922681320114 __DUMMY__ 0.326749944133608	false	0.5
schimpfend	neg 1.0		off 0.34513715529156497 neg 0.3289783667776042 __DUMMY__ 0.3258844779308307	false	0.5
profan	neg 1.0		off 0.3444698848350611 neg 0.3291562684360389 __DUMMY__ 0.3263738467288999	false	0.5
korruption	neg 1.0		off 0.3391195092031408 neg 0.33445842832257844 __DUMMY__ 0.3264220624742806	false	0.5
schmutzig	neg 1.0		off 0.3458727510043432 neg 0.3281826126831475 __DUMMY__ 0.32594463631250925	false	0.5
abraten	neg 1.0		off 0.3449993890654124 neg 0.3287110784083347 __DUMMY__ 0.32628953252625303	false	0.5
sexy	neg 1.0		off 0.36329968080046077 neg 0.3370510112910325 __DUMMY__ 0.29964930790850675	false	0.5
fotze	off 1.0		off 0.3564846477802117 __DUMMY__ 0.3230991031989949 neg 0.32041624902079346	false	1.0
schwarz	neg 1.0		off 0.34306890368020326 neg 0.33043767204874813 __DUMMY__ 0.32649342427104866	false	0.5
verwirren	neg 1.0		off 0.3449575154553851 neg 0.32886897013084554 __DUMMY__ 0.3261735144137693	false	0.5
zahnlos	off 1.0		off 0.34239952379556954 neg 0.33084609595788267 __DUMMY__ 0.32675438024654757	false	1.0
verheeren	neg 1.0		neg 0.3371121018488113 off 0.3365690450532491 __DUMMY__ 0.3263188530979396	false	1.0
rammen	neg 1.0		off 0.3459867188753014 neg 0.3279655724171402 __DUMMY__ 0.3260477087075583	false	0.5
unlauter	neg 1.0		off 0.3389864021799836 neg 0.334914941613799 __DUMMY__ 0.3260986562062175	false	0.5
unheilvoll	neg 1.0		off 0.3443907499183665 neg 0.32974954398197187 __DUMMY__ 0.32585970609966164	false	0.5
niedrig	neg 1.0		off 0.3390681049543565 neg 0.3331215570998817 __DUMMY__ 0.3278103379457616	false	0.5
weichei	off 1.0		off 0.3476107832407864 neg 0.32672735472486425 __DUMMY__ 0.3256618620343493	false	1.0
explosion	neg 1.0		neg 0.3430974173283906 off 0.33331139699843704 __DUMMY__ 0.32359118567317235	false	1.0
minusmensch	off 1.0		off 0.35242048418463456 __DUMMY__ 0.3250326254667966 neg 0.3225468903485688	false	1.0
farblos	neg 1.0		off 0.34334488547062214 neg 0.32912560926792733 __DUMMY__ 0.32752950526145047	false	0.5
unwissend	neg 1.0		off 0.3450535354672685 neg 0.3288154934504779 __DUMMY__ 0.32613097108225353	false	0.5
traurig	neg 1.0		off 0.34614683701208815 neg 0.3278884480576012 __DUMMY__ 0.32596471493031054	false	0.5
senkung	neg 1.0		neg 0.3391790338611474 off 0.3348179900026871 __DUMMY__ 0.32600297613616547	false	1.0
ungleich	neg 1.0		off 0.34195012506667943 neg 0.3315765036462225 __DUMMY__ 0.3264733712870981	false	0.5
heikel	neg 1.0		off 0.34217215056692285 neg 0.3314481500429576 __DUMMY__ 0.3263796993901197	false	0.5
drosselung	neg 1.0		neg 0.3378872814335665 off 0.3357085343238114 __DUMMY__ 0.3264041842426222	false	1.0
falsch	neg 1.0		off 0.34497242810664075 neg 0.32886973937380454 __DUMMY__ 0.3261578325195547	false	0.5
unzufriedenheit	neg 1.0		off 0.3412853283710256 neg 0.3321813407879264 __DUMMY__ 0.3265333308410479	false	0.5
kurz	neg 1.0		off 0.3445898478822313 neg 0.32895038565015106 __DUMMY__ 0.3264597664676176	false	0.5
unsinnig	neg 1.0		off 0.342837818291836 neg 0.33093204805830445 __DUMMY__ 0.3262301336498596	false	0.5
penner	off 1.0		off 0.3473176804672288 neg 0.3270539109704582 __DUMMY__ 0.3256284085623132	false	1.0
seicht	neg 1.0		off 0.3456738684890907 neg 0.32810558019492886 __DUMMY__ 0.3262205513159804	false	0.5
dummheit	off 1.0		off 0.3437235522841608 neg 0.33007993991749685 __DUMMY__ 0.32619650779834247	false	1.0
unerfreulich	neg 1.0		off 0.3420390581907688 neg 0.3313724309635598 __DUMMY__ 0.32658851084567164	false	0.5
pikiert	neg 1.0		off 0.344823706277381 neg 0.3289566221190787 __DUMMY__ 0.32621967160354026	false	0.5
motherfucker	off 1.0		__DUMMY__ 0.43743522912659205 off 0.3365534351244797 neg 0.22601133574892823	false	1.0
wrack	neg 1.0		off 0.34223203971373056 neg 0.33100536031744787 __DUMMY__ 0.3267625999688216	false	0.5
gangster	neg 1.0		__DUMMY__ 0.3772540920407532 off 0.3510848946801629 neg 0.27166101327908393	false	0.5
krank	neg 1.0		off 0.3465181577519032 neg 0.3275722006565966 __DUMMY__ 0.3259096415915004	false	0.5
reich	neg 1.0		off 0.3421580768219621 neg 0.3311612269278419 __DUMMY__ 0.32668069625019597	false	0.5
gnadenlos	neg 1.0		off 0.34403864034985066 neg 0.32950100170927554 __DUMMY__ 0.3264603579408739	false	0.5
niedergeschlagen	neg 1.0		off 0.34322919708020255 neg 0.33029495730659475 __DUMMY__ 0.32647584561320275	false	0.5
terrorisieren	off 1.0	off 1.0	off 0.660184034548025 neg 0.1825307436834768 __DUMMY__ 0.1572852217684982	false	1.0
sinnlosigkeit	neg 1.0		off 0.34262676405163955 neg 0.3310203025792886 __DUMMY__ 0.3263529333690718	false	0.5
behindern	neg 1.0		off 0.3391608842692573 neg 0.33409059600698066 __DUMMY__ 0.32674851972376195	false	0.5
undemokratisch	neg 1.0		off 0.3411347172962779 neg 0.3330522316743061 __DUMMY__ 0.3258130510294159	false	0.5
wirtschaftskrise	neg 1.0		off 0.3376502331649101 neg 0.3353614481363067 __DUMMY__ 0.32698831869878314	false	0.5
neid	neg 1.0		off 0.34483620432248663 neg 0.3285652338281843 __DUMMY__ 0.3265985618493291	false	0.5
rutschen	neg 1.0		off 0.34309758831462106 neg 0.3299211406026962 __DUMMY__ 0.3269812710826827	false	0.5
rezession	neg 1.0		neg 0.3370185921105061 off 0.33590090513907594 __DUMMY__ 0.32708050275041795	false	1.0
fehlgeburt	neg 1.0		off 0.34522513454151105 neg 0.3291204796938389 __DUMMY__ 0.3256543857646502	false	0.5
charakterschwach	off 1.0		off 0.3445902398731683 neg 0.32923122724826565 __DUMMY__ 0.326178532878566	false	1.0
isolation	neg 1.0		neg 0.3471924784415784 off 0.3315012609942026 __DUMMY__ 0.3213062605642189	false	1.0
ablenkung	neg 1.0		off 0.3441224210927035 neg 0.3296072936160579 __DUMMY__ 0.3262702852912385	false	0.5
pech	neg 1.0		off 0.34590666914731566 neg 0.3277756765671309 __DUMMY__ 0.3263176542855536	false	0.5
dominieren	neg 1.0		off 0.3384843215135099 neg 0.33403555987849165 __DUMMY__ 0.3274801186079986	false	0.5
vermeidung	neg 1.0		neg 0.33938734158673617 off 0.3348715794505007 __DUMMY__ 0.3257410789627631	false	1.0
schwindlig	neg 1.0		off 0.3471861492771529 neg 0.32710325989132955 __DUMMY__ 0.32571059083151765	false	0.5
lutscher	neg 1.0		off 0.35083077532964047 __DUMMY__ 0.3249150003374449 neg 0.3242542243329146	false	0.5
pflicht	neg 1.0		off 0.34183059568624097 neg 0.3314970986326169 __DUMMY__ 0.3266723056811421	false	0.5
faschist	off 1.0		off 0.34337107168496156 neg 0.33054351711816526 __DUMMY__ 0.32608541119687307	false	1.0
verschleudern	neg 1.0		off 0.33947928261372806 neg 0.3338236546282486 __DUMMY__ 0.3266970627580233	false	0.5
ehebruch	neg 1.0		off 0.3424862509686093 neg 0.33100933216560624 __DUMMY__ 0.3265044168657843	false	0.5
trostlosigkeit	neg 1.0		off 0.3415806463717286 neg 0.3318731691606233 __DUMMY__ 0.32654618446764794	false	0.5
lutschen	neg 1.0		off 0.35151763268198727 neg 0.3244841795304295 __DUMMY__ 0.3239981877875832	false	0.5
spott	off 1.0		off 0.34187409602175534 neg 0.3316253698069727 __DUMMY__ 0.32650053417127195	false	1.0
undiszipliniert	neg 1.0		off 0.34613803701855933 neg 0.32803611785734715 __DUMMY__ 0.32582584512409346	false	0.5
kopfschmerz	neg 1.0		off 0.3450460897951795 neg 0.32929817660130883 __DUMMY__ 0.3256557336035116	false	0.5
unvorhergesehen	neg 1.0		off 0.34367195388857413 neg 0.32969095877977805 __DUMMY__ 0.32663708733164787	false	0.5
desinteressiert	neg 1.0		off 0.3459017522983048 neg 0.328041049474282 __DUMMY__ 0.3260571982274133	false	0.5
armselig	off 1.0		off 0.3445942518531774 neg 0.32897233013128396 __DUMMY__ 0.32643341801553866	false	1.0
tod	neg 1.0		off 0.3416628633197118 neg 0.33166981893599606 __DUMMY__ 0.32666731774429225	false	0.5
desaster	neg 1.0		off 0.3401895834644342 neg 0.3330407414630329 __DUMMY__ 0.3267696750725331	false	0.5
herzlos	neg 1.0		off 0.3458959126182318 neg 0.32803009066831623 __DUMMY__ 0.32607399671345205	false	0.5
unwissenheit	neg 1.0		off 0.3419484684535539 neg 0.33186134138722345 __DUMMY__ 0.32619019015922274	false	0.5
widersinnig	neg 1.0		off 0.34076836173787173 neg 0.33295975324574467 __DUMMY__ 0.32627188501638366	false	0.5
bedenklich	neg 1.0		off 0.3421352205319772 neg 0.33146515684871536 __DUMMY__ 0.32639962261930744	false	0.5
beanstanden	neg 1.0		off 0.34135702222335096 neg 0.331940797821941 __DUMMY__ 0.32670217995470807	false	0.5
panisch	neg 1.0		off 0.3452426575934236 neg 0.32881254084730055 __DUMMY__ 0.32594480155927597	false	0.5
abstrich	neg 1.0		off 0.3449858965506985 neg 0.32958050633835373 __DUMMY__ 0.32543359711094777	false	0.5
debil	off 1.0		off 0.3582791352758488 __DUMMY__ 0.32157011281784714 neg 0.3201507519063041	false	1.0
primitiv	neg 1.0		off 0.3449337916115072 neg 0.3285917283787001 __DUMMY__ 0.32647448000979273	false	0.5
abschaum	off 1.0		off 0.3443650391888558 neg 0.32938818787930263 __DUMMY__ 0.32624677293184173	false	1.0
tot	neg 1.0		off 0.3454251574755248 neg 0.3286706044426523 __DUMMY__ 0.3259042380818229	false	0.5
provozieren	neg 1.0		off 0.34363483637142633 neg 0.33005144091812316 __DUMMY__ 0.32631372271045056	false	0.5
instabil	neg 1.0		off 0.342884568117234 neg 0.33017371600076634 __DUMMY__ 0.3269417158819996	false	0.5
schwuchtel	off 1.0		off 0.3515401933415182 __DUMMY__ 0.3245077653226016 neg 0.3239520413358802	false	1.0
zerren	neg 1.0		off 0.34346202161739686 neg 0.3302234514488107 __DUMMY__ 0.32631452693379237	false	0.5
kinderficker	off 1.0		off 0.34498510049091063 neg 0.3292685972524159 __DUMMY__ 0.32574630225667356	false	1.0
gefahr	neg 1.0		off 0.338885437865906 neg 0.33409874583324234 __DUMMY__ 0.32701581630085164	false	0.5
rabiat	neg 1.0		off 0.3435737896845501 neg 0.32987398842927873 __DUMMY__ 0.32655222188617117	false	0.5
verlangsamung	neg 1.0		off 0.3370067476754934 neg 0.3353344764857962 __DUMMY__ 0.3276587758387104	false	0.5
anklagen	neg 1.0		off 0.33910595946055166 neg 0.33454978647702466 __DUMMY__ 0.32634425406242373	false	0.5
ausgestorben	neg 1.0		off 0.3430426188566543 neg 0.33018146092667744 __DUMMY__ 0.32677592021666824	false	0.5
verminderung	neg 1.0		neg 0.33937256433035945 off 0.3345687211874655 __DUMMY__ 0.32605871448217505	false	1.0
rost	neg 1.0		off 0.33994776825356054 neg 0.33152608441676534 __DUMMY__ 0.32852614732967406	false	0.5
destruktiv	neg 1.0		off 0.34259453804110024 neg 0.33108604411599235 __DUMMY__ 0.32631941784290747	false	0.5
unzumutbarkeit	neg 1.0		off 0.3389789130662334 neg 0.33436147872532374 __DUMMY__ 0.3266596082084429	false	0.5
labil	off 1.0	off 1.0	off 0.7411452804510744 neg 0.13178749567400236 __DUMMY__ 0.1270672238749233	false	1.0
ziemlich	neg 1.0		off 0.3459808136473977 neg 0.3279394842602144 __DUMMY__ 0.3260797020923879	false	0.5
lachnummer	off 1.0		off 0.3426082011382719 neg 0.3308528082741723 __DUMMY__ 0.3265389905875557	false	1.0
ausgrenzung	neg 1.0		off 0.3397303577353993 neg 0.3339807786451712 __DUMMY__ 0.3262888636194295	false	0.5
verfall	neg 1.0		off 0.34019410773091685 neg 0.33313647900118004 __DUMMY__ 0.32666941326790305	false	0.5
unordnung	neg 1.0	neg 1.0	neg 0.6501373964715572 off 0.1911150208469036 __DUMMY__ 0.15874758268153918	false	1.0
fehlverhalten	neg 1.0		off 0.34127381815938973 neg 0.3322471665838201 __DUMMY__ 0.3264790152567902	false	0.5
nille	neg 1.0		off 0.3590749482861294 __DUMMY__ 0.3219609455580687 neg 0.3189641061558019	false	0.5
qual	neg 1.0		off 0.3527851918310331 neg 0.3462436315259887 __DUMMY__ 0.3009711766429782	false	0.5
riesig	neg 1.0		off 0.34941213609053395 __DUMMY__ 0.3261762673727708 neg 0.3244115965366952	false	0.5
verschwenden	neg 1.0		off 0.3427394268497155 neg 0.33087935818400044 __DUMMY__ 0.32638121496628414	false	0.5
verurteilen	neg 1.0		off 0.34191507019604683 neg 0.3318092175565725 __DUMMY__ 0.32627571224738067	false	0.5
klischee	neg 1.0		off 0.3444294583548273 neg 0.32919233756629845 __DUMMY__ 0.3263782040788743	false	0.5
diktatorisch	neg 1.0		off 0.3415286121185726 neg 0.3325813192341763 __DUMMY__ 0.3258900686472512	false	0.5
vorhersehbar	neg 1.0		off 0.3437959146315698 neg 0.32959349810486754 __DUMMY__ 0.3266105872635627	false	0.5
stornieren	neg 1.0		off 0.34188469770082147 neg 0.33176879976916224 __DUMMY__ 0.3263465025300162	false	0.5
besteuerung	neg 1.0		neg 0.33792433843966374 off 0.33549242354530495 __DUMMY__ 0.32658323801503136	false	1.0
ungeschminkt	neg 1.0		off 0.3497107539434383 neg 0.3255326172769648 __DUMMY__ 0.3247566287795968	false	0.5
kritisch	neg 1.0		off 0.341840544615918 neg 0.3316576060184497 __DUMMY__ 0.32650184936563237	false	0.5
schlamperei	off 1.0		off 0.3393054088375344 neg 0.33409115128047306 __DUMMY__ 0.32660343988199253	false	1.0
sucht	neg 1.0		off 0.3423646526296784 neg 0.329554638309726 __DUMMY__ 0.3280807090605956	false	0.5
egoistisch	off 1.0		off 0.3462197416737004 neg 0.328076346095678 __DUMMY__ 0.3257039122306215	false	1.0
ausbeuter	off 1.0		off 0.3413823088163061 neg 0.3321431741986975 __DUMMY__ 0.32647451698499635	false	1.0
arschgeburt			off 0.3526155303141094 __DUMMY__ 0.32415594463984376 neg 0.323228525046047	false	0.0
schubs	neg 1.0		off 0.34646608653652294 neg 0.328061466468058 __DUMMY__ 0.32547244699541894	false	0.5
unsolide	neg 1.0		off 0.3412454623538767 neg 0.3327596965422098 __DUMMY__ 0.32599484110391347	false	0.5
beschwerde	neg 1.0		off 0.33952605295860505 neg 0.33420967469941437 __DUMMY__ 0.32626427234198063	false	0.5
stocken	neg 1.0		off 0.33772415150170365 neg 0.33490802570259487 __DUMMY__ 0.32736782279570137	false	0.5
isolieren	neg 1.0		off 0.33855479882386963 neg 0.3346136776934972 __DUMMY__ 0.32683152348263317	false	0.5
unheilbar	neg 1.0		off 0.343380516493639 neg 0.3302872677929401 __DUMMY__ 0.3263322157134209	false	0.5
pisser	off 1.0		off 0.3525673355961327 __DUMMY__ 0.3242478351557562 neg 0.323184829248111	false	1.0
löschen	neg 1.0		off 0.34612080797248906 neg 0.33173460414990674 __DUMMY__ 0.3221445878776042	false	0.5
durchfallen	neg 1.0		off 0.3426501631996981 neg 0.33110831761275217 __DUMMY__ 0.32624151918754973	false	0.5
wichser	off 1.0		off 0.3476344945969372 neg 0.32673320049430316 __DUMMY__ 0.3256323049087596	false	1.0
terror	neg 1.0		neg 0.3407315388371182 off 0.33588163583082203 __DUMMY__ 0.3233868253320597	false	1.0
krass	neg 1.0		off 0.3495197665701225 neg 0.3254822271980819 __DUMMY__ 0.32499800623179553	false	0.5
revolte	neg 1.0		off 0.33819251051114996 neg 0.334938156552909 __DUMMY__ 0.3268693329359411	false	0.5
besorgt	neg 1.0		off 0.3435001827310052 neg 0.3301415035168236 __DUMMY__ 0.32635831375217117	false	0.5
nachlassen	neg 1.0		off 0.34187112002218206 neg 0.33145486844178357 __DUMMY__ 0.3266740115360342	false	0.5
alt	neg 1.0		off 0.34691298029520873 __DUMMY__ 0.32660240781874283 neg 0.32648461188604844	false	0.5
hundesohn	off 1.0		off 0.3550058063714819 __DUMMY__ 0.32336131647467203 neg 0.32163287715384603	false	1.0
abschreckung	neg 1.0		off 0.34078561663744616 neg 0.3327736487636607 __DUMMY__ 0.326440734598893	false	0.5
unqualifiziert	neg 1.0		off 0.3434828509625504 neg 0.3304823856467432 __DUMMY__ 0.32603476339070636	false	0.5
abgewichst	off 1.0		off 0.35674939632015734 __DUMMY__ 0.3226472396238628 neg 0.32060336405597967	false	1.0
kapitulation	neg 1.0		off 0.3395644894772352 neg 0.3337684397781823 __DUMMY__ 0.3266670707445825	false	0.5
schwer	neg 1.0		off 0.3437334143011567 neg 0.32970626225885946 __DUMMY__ 0.32656032343998387	false	0.5
bedeutungslosigkeit	neg 1.0		off 0.3412126926476691 neg 0.33209667664912285 __DUMMY__ 0.32669063070320803	false	0.5
unscharf	neg 1.0		off 0.34747386305774314 neg 0.3271308699471812 __DUMMY__ 0.3253952669950755	false	0.5
schwinden	neg 1.0		off 0.338242344860157 neg 0.3346551788103949 __DUMMY__ 0.32710247632944806	false	0.5
versklavung	neg 1.0		off 0.33901715016818285 neg 0.3348494687477333 __DUMMY__ 0.32613338108408374	false	0.5
schlecht	neg 1.0		off 0.34542757137986485 neg 0.3284052828505164 __DUMMY__ 0.3261671457696187	false	0.5
verhasst	neg 1.0		off 0.3430066921431481 neg 0.3305641646871391 __DUMMY__ 0.3264291431697127	false	0.5
beschweren	neg 1.0		off 0.3439768096217172 neg 0.32947604808301073 __DUMMY__ 0.32654714229527204	false	0.5
scheiden	neg 1.0		off 0.34397511886612575 neg 0.3294239185331085 __DUMMY__ 0.3266009626007659	false	0.5
frustriert	neg 1.0		off 0.34335509861163077 neg 0.3302482261426225 __DUMMY__ 0.3263966752457468	false	0.5
schimmelig	neg 1.0		off 0.34959425294555113 neg 0.32527692340898195 __DUMMY__ 0.32512882364546675	false	0.5
fisch	neg 1.0		off 0.3467937424134572 __DUMMY__ 0.32672426962709156 neg 0.3264819879594513	false	0.5
schmuggel	neg 1.0		off 0.34223731381609807 neg 0.331210354651629 __DUMMY__ 0.3265523315322729	false	0.5
auffallen	neg 1.0		off 0.34395471969669744 neg 0.32964437172719613 __DUMMY__ 0.3264009085761064	false	0.5
konkurrenz	neg 1.0		off 0.3414102923132828 neg 0.3319164509330727 __DUMMY__ 0.3266732567536446	false	0.5
teufelskreis	neg 1.0		off 0.3431340450001958 neg 0.33031697476161187 __DUMMY__ 0.32654898023819223	false	0.5
aufschreien	neg 1.0		off 0.3445751644020559 neg 0.32902172765435667 __DUMMY__ 0.3264031079435874	false	0.5
missgeburt	off 1.0		off 0.3525026838086005 __DUMMY__ 0.32454861000476587 neg 0.32294870618663357	false	1.0
schuldner	neg 1.0		off 0.33850470446355424 neg 0.33477635086162466 __DUMMY__ 0.32671894467482127	false	0.5
befallen	neg 1.0		off 0.3411165847422523 neg 0.33297980295690455 __DUMMY__ 0.32590361230084314	false	0.5
arbeitslos	neg 1.0		off 0.342584512436645 neg 0.3309332042731148 __DUMMY__ 0.32648228329024015	false	0.5
miesepetrig	off 1.0		off 0.34555212108388617 neg 0.3284350683514293 __DUMMY__ 0.3260128105646847	false	1.0
alarmieren	neg 1.0		off 0.33735309161027904 neg 0.3357306414980121 __DUMMY__ 0.3269162668917089	false	0.5
ungeduscht	off 1.0		off 0.3482039361787576 neg 0.32672744157555483 __DUMMY__ 0.3250686222456876	false	1.0
knappheit	neg 1.0		off 0.3385034475250273 neg 0.3345475223055392 __DUMMY__ 0.32694903016943355	false	0.5
schlange	neg 1.0		off 0.3444020776494249 neg 0.3290632114544579 __DUMMY__ 0.32653471089611713	false	0.5
harsch	neg 1.0		off 0.33909808890063314 neg 0.3345753402824666 __DUMMY__ 0.3263265708169002	false	0.5
lang	neg 1.0	neg 1.0	neg 0.6069635719797507 off 0.21634111608806453 __DUMMY__ 0.17669531193218485	false	1.0
ziellos	neg 1.0		off 0.3430753505827087 neg 0.3303119921243174 __DUMMY__ 0.3266126572929739	false	0.5
selbstverliebt	neg 1.0		off 0.34862350058497954 neg 0.3259256925882448 __DUMMY__ 0.3254508068267757	false	0.5
beseitigen	neg 1.0		off 0.33876104934482537 neg 0.33418429448283316 __DUMMY__ 0.3270546561723415	false	0.5
dumm	off 1.0		off 0.3470537820225461 neg 0.3272159767963481 __DUMMY__ 0.3257302411811056	false	1.0
arbeitsloser	neg 1.0		off 0.34230153286139464 neg 0.3311312152846675 __DUMMY__ 0.32656725185393803	false	0.5
blitzen	neg 1.0		off 0.3435995040305392 neg 0.32890972928894774 __DUMMY__ 0.3274907666805131	false	0.5
hilflos	neg 1.0		off 0.3434829633074541 neg 0.33035298873549246 __DUMMY__ 0.3261640479570535	false	0.5
eklig	off 1.0		off 0.34881292531654023 neg 0.3259893797258386 __DUMMY__ 0.3251976949576212	false	1.0
hungersnot	neg 1.0		off 0.3392068927857432 neg 0.33378086624348946 __DUMMY__ 0.32701224097076736	false	0.5
ungesetzlich	neg 1.0		off 0.34074113298624986 neg 0.3330246922705705 __DUMMY__ 0.32623417474317973	false	0.5
verschwendung	neg 1.0		off 0.3422928118171667 neg 0.33127320611696837 __DUMMY__ 0.32643398206586494	false	0.5
schmerzvoll	neg 1.0		off 0.34460988708541124 neg 0.3291808071748808 __DUMMY__ 0.3262093057397079	false	0.5
vorzeitig	neg 1.0		off 0.33733298360607983 neg 0.3358402286396641 __DUMMY__ 0.326826787754256	false	0.5
unvollkommenheit	neg 1.0		off 0.3430448023330096 neg 0.3305441157665312 __DUMMY__ 0.3264110819004593	false	0.5
intervenieren	neg 1.0		off 0.3408454358749044 neg 0.3328282035017986 __DUMMY__ 0.32632636062329695	false	0.5
banause	off 1.0		off 0.34751811413999584 neg 0.3270002162449122 __DUMMY__ 0.3254816696150922	false	1.0
rebell	neg 1.0		off 0.3526134456854827 neg 0.3241470240193035 __DUMMY__ 0.32323953029521385	false	0.5
unlogisch	neg 1.0		off 0.34584224505853217 neg 0.32828563874689676 __DUMMY__ 0.325872116194571	false	0.5
abschaffung	neg 1.0		off 0.33793444884200624 neg 0.3358856060830047 __DUMMY__ 0.3261799450749892	false	0.5
leiden	neg 1.0		off 0.3440681035535581 neg 0.3293775679993083 __DUMMY__ 0.32655432844713356	false	0.5
sturz	neg 1.0		off 0.3388445376713402 neg 0.33416021919732275 __DUMMY__ 0.326995243131337	false	0.5
verkleinerung	neg 1.0		off 0.33690742759284303 neg 0.33648675318616666 __DUMMY__ 0.32660581922099025	false	0.5
schmarotzer	off 1.0		off 0.34276915885224646 neg 0.33095633409052044 __DUMMY__ 0.326274507057233	false	1.0
bestrafung	neg 1.0		off 0.34418664884020045 neg 0.3294772065735409 __DUMMY__ 0.3263361445862586	false	0.5
achtlos	neg 1.0		off 0.3434591309836053 neg 0.3303171470712274 __DUMMY__ 0.32622372194516713	false	0.5
ungeheuer	neg 1.0		off 0.34515675202389495 neg 0.32819841693638446 __DUMMY__ 0.3266448310397205	false	0.5
unaufrichtig	neg 1.0		off 0.34391699108379786 neg 0.33046102467462546 __DUMMY__ 0.3256219842415769	false	0.5
groggy	neg 1.0		off 0.3492083875602934 __DUMMY__ 0.3257106730072965 neg 0.32508093943240995	false	0.5
verletzlich	neg 1.0		off 0.34573496416517274 neg 0.3282263240648097 __DUMMY__ 0.3260387117700175	false	0.5
ablehnen	neg 1.0		off 0.34178188426238043 neg 0.33195424673603086 __DUMMY__ 0.3262638690015888	false	0.5
kollaps	neg 1.0		off 0.3369727434795054 neg 0.3362268077495278 __DUMMY__ 0.3268004487709667	false	0.5
beschnitten	neg 1.0		off 0.3440152951151809 neg 0.32964649655948863 __DUMMY__ 0.3263382083253305	false	0.5
defekt	neg 1.0		off 0.33805788360303823 neg 0.3356106965218292 __DUMMY__ 0.3263314198751326	false	0.5
dreckskerl	off 1.0		off 0.3459563791468536 neg 0.3283408139375867 __DUMMY__ 0.3257028069155597	false	1.0
deine	neg 1.0		off 0.3473676130130896 neg 0.3270768449425149 __DUMMY__ 0.3255555420443954	false	0.5
aufgeben	neg 1.0		off 0.3441425145329548 neg 0.3291142285659707 __DUMMY__ 0.32674325690107436	false	0.5
durcheinander	neg 1.0		off 0.344817667504989 neg 0.32877482558464166 __DUMMY__ 0.3264075069103694	false	0.5
unterbrechen	neg 1.0		off 0.3429799743185378 neg 0.3304844437739539 __DUMMY__ 0.3265355819075083	false	0.5
vergammeln	neg 1.0		off 0.34452434600956067 neg 0.3290843047110876 __DUMMY__ 0.32639134927935176	false	0.5
grotesk	neg 1.0		off 0.34259356008367314 neg 0.33081125340888395 __DUMMY__ 0.32659518650744285	false	0.5
elendig	neg 1.0		off 0.34468678355836374 neg 0.32921063598419736 __DUMMY__ 0.32610258045743884	false	0.5
naiv	off 1.0		off 0.3442161089661238 neg 0.32924113616509737 __DUMMY__ 0.3265427548687788	false	1.0
uneinigkeit	neg 1.0		off 0.33838354004421944 neg 0.33501640469317623 __DUMMY__ 0.3266000552626042	false	0.5
fragil	neg 1.0		neg 0.3425762789044667 off 0.3364477615282514 __DUMMY__ 0.3209759595672819	false	1.0
provisorisch	neg 1.0		off 0.34256141173425 neg 0.33047778308153514 __DUMMY__ 0.32696080518421494	false	0.5
landei	off 1.0		off 0.3474254551350446 neg 0.32649225337510185 __DUMMY__ 0.32608229148985357	false	1.0
bedauerlich	neg 1.0		off 0.342284829169665 neg 0.33122759904705307 __DUMMY__ 0.3264875717832819	false	0.5
krieg	neg 1.0		off 0.34328907884608206 neg 0.3303366239811858 __DUMMY__ 0.3263742971727321	false	0.5
traurigkeit	neg 1.0		off 0.34389776609172934 neg 0.32966918790173805 __DUMMY__ 0.32643304600653267	false	0.5
monotonie	neg 1.0		off 0.3426651141556399 neg 0.33063037438669024 __DUMMY__ 0.3267045114576699	false	0.5
unliebsam	neg 1.0		off 0.3431902194274712 neg 0.33038449038894774 __DUMMY__ 0.32642529018358113	false	0.5
drift	neg 1.0		neg 0.3736232458814683 off 0.34030830684831426 __DUMMY__ 0.2860684472702175	false	1.0
chaos	neg 1.0		off 0.3403286745127137 neg 0.33317103813565263 __DUMMY__ 0.32650028735163367	false	0.5
blutig	neg 1.0		off 0.3445670827660662 neg 0.3289637045754668 __DUMMY__ 0.32646921265846696	false	0.5
machtlos	neg 1.0		off 0.3420186288137858 neg 0.3315609035322273 __DUMMY__ 0.326420467653987	false	0.5
