unsolidarisch	neg 1.0		off 0.4437557680950367 neg 0.4304972749610955 __DUMMY__ 0.1257469569438678	false	0.5
nachteilig	neg 1.0		off 0.4429097075900071 neg 0.43107767585245815 __DUMMY__ 0.1260126165575347	false	0.5
skeptisch	neg 1.0		off 0.44376842841653397 neg 0.43020355345833644 __DUMMY__ 0.12602801812512957	false	0.5
schrecklich	neg 1.0		off 0.4484932364630498 neg 0.4258179478988944 __DUMMY__ 0.12568881563805578	false	0.5
schlapp	neg 1.0		off 0.44874108519880873 neg 0.42550767512201654 __DUMMY__ 0.12575123967917468	false	0.5
abfall	neg 1.0		off 0.44303242155807043 neg 0.4308118139873991 __DUMMY__ 0.12615576445453053	false	0.5
widerspenstig	neg 1.0		off 0.4460077100524212 neg 0.42816590267592897 __DUMMY__ 0.12582638727164974	false	0.5
abrupt	neg 1.0		off 0.4447655664540222 neg 0.4291159445190823 __DUMMY__ 0.12611848902689554	false	0.5
unwirksam	neg 1.0		off 0.4380377254929488 neg 0.43595724524668944 __DUMMY__ 0.12600502926036183	false	0.5
angreifen	neg 1.0		off 0.44375559820975713 neg 0.4302558789264552 __DUMMY__ 0.1259885228637876	false	0.5
inkonsistent	neg 1.0		off 0.4459157473807953 neg 0.4280413756704215 __DUMMY__ 0.1260428769487831	false	0.5
abrutschen	neg 1.0		off 0.4437605390747553 neg 0.43023341446436 __DUMMY__ 0.12600604646088454	false	0.5
unsicher	neg 1.0		off 0.44583725924710543 neg 0.42821295678373367 __DUMMY__ 0.12594978396916096	false	0.5
bauernkind	off 1.0		off 0.45246053930554153 neg 0.4222307249093132 __DUMMY__ 0.1253087357851453	false	1.0
angreifer	neg 1.0		off 0.44090904957308086 neg 0.4331774457105928 __DUMMY__ 0.12591350471632629	false	0.5
trennen	neg 1.0		off 0.44489186132207575 neg 0.42891575487030004 __DUMMY__ 0.12619238380762415	false	0.5
schmutz	neg 1.0		off 0.44121441858565713 neg 0.43270327129145353 __DUMMY__ 0.12608231012288948	false	0.5
inkonsistenz	neg 1.0		off 0.4465454624261335 neg 0.42761014199633957 __DUMMY__ 0.125844395577527	false	0.5
erschreckend	neg 1.0		off 0.44456532657112197 neg 0.42946812694290354 __DUMMY__ 0.12596654648597458	false	0.5
ertrinken	neg 1.0		off 0.44499071952096797 neg 0.42919152957620216 __DUMMY__ 0.1258177509028298	false	0.5
pickelface	off 1.0		off 0.45682056445935937 neg 0.4182837172876545 __DUMMY__ 0.12489571825298616	false	1.0
lauch	neg 1.0		off 0.45397062104295455 neg 0.42088692849621523 __DUMMY__ 0.12514245046083017	false	0.5
steuerhinterziehung	neg 1.0		off 0.44066790879214685 neg 0.4334427743750854 __DUMMY__ 0.12588931683276763	false	0.5
unwichtig	neg 1.0		off 0.44665045142484777 neg 0.4274743539840851 __DUMMY__ 0.12587519459106716	false	0.5
schock	neg 1.0		off 0.4459419407207323 neg 0.42798607600265837 __DUMMY__ 0.12607198327660923	false	0.5
vergelten	neg 1.0		off 0.4429973653275551 neg 0.43145522022404537 __DUMMY__ 0.1255474144483995	false	0.5
beule	neg 1.0		off 0.4494457799066649 neg 0.4248935914525186 __DUMMY__ 0.12566062864081656	false	0.5
verdorbenheit	neg 1.0		off 0.4440588534184281 neg 0.4293229350719973 __DUMMY__ 0.12661821150957453	false	0.5
trauma			off 0.4649473709428516 neg 0.4221120001071639 __DUMMY__ 0.11294062894998465	false	0.0
sinnlos	neg 1.0		off 0.4465604432473807 neg 0.42758510039082426 __DUMMY__ 0.1258544563617951	false	0.5
fettsack	off 1.0		off 0.4521221844266769 neg 0.42240748421428626 __DUMMY__ 0.12547033135903687	false	1.0
feige	off 1.0		off 0.44661030513059796 neg 0.4274701060825593 __DUMMY__ 0.1259195887868428	false	1.0
abdanken	neg 1.0		off 0.4439340804717687 neg 0.43020146358843736 __DUMMY__ 0.12586445593979387	false	0.5
wichtigtuer	off 1.0	off 1.0	off 0.7105055984792266 neg 0.22965802392897522 __DUMMY__ 0.05983637759179826	false	1.0
misslingen	neg 1.0		off 0.44587383128669544 neg 0.4283448157965467 __DUMMY__ 0.125781352916758	false	0.5
untreu	off 1.0		off 0.4467094314442508 neg 0.4273854209333089 __DUMMY__ 0.1259051476224405	false	1.0
missmutig	neg 1.0		off 0.44597008723149223 neg 0.4280465620219558 __DUMMY__ 0.12598335074655206	false	0.5
hurenbock	off 1.0		off 0.4520700530767873 neg 0.4227901920159765 __DUMMY__ 0.12513975490723617	false	1.0
betrunken	neg 1.0		off 0.44855321316491154 neg 0.42579068910391876 __DUMMY__ 0.12565609773116962	false	0.5
korrupt	off 1.0		off 0.44371103538837864 neg 0.43045560835300684 __DUMMY__ 0.1258333562586146	false	1.0
unmut	neg 1.0		off 0.44240143462845255 neg 0.4315636727651365 __DUMMY__ 0.12603489260641082	false	0.5
hackfresse	off 1.0		off 0.449398234121308 neg 0.4250359424111357 __DUMMY__ 0.12556582346755626	false	1.0
aufblasen	neg 1.0		off 0.44658775627621394 neg 0.42753489424924757 __DUMMY__ 0.12587734947453835	false	0.5
gewaltsam	neg 1.0		off 0.4416355367659886 neg 0.4323974245516656 __DUMMY__ 0.12596703868234588	false	0.5
unbeliebtheit	neg 1.0		off 0.44071081834876796 neg 0.43329863621113973 __DUMMY__ 0.12599054544009233	false	0.5
sturheit	neg 1.0		off 0.4438104603891999 neg 0.43025018614516003 __DUMMY__ 0.12593935346563995	false	0.5
kuh	neg 1.0		off 0.45276987385092576 neg 0.42186677037866344 __DUMMY__ 0.1253633557704107	false	0.5
erschrecken	neg 1.0		off 0.44708911563963866 neg 0.42708566353831146 __DUMMY__ 0.1258252208220499	false	0.5
opfer	neg 1.0		off 0.4443272328276799 neg 0.42967199376927967 __DUMMY__ 0.1260007734030404	false	0.5
stinktier	neg 1.0		off 0.45241484406103843 neg 0.42224119555048 __DUMMY__ 0.12534396038848158	false	0.5
sinken	neg 1.0		off 0.44076039104739495 neg 0.4328965004151313 __DUMMY__ 0.12634310853747371	false	0.5
tucke	off 1.0		off 0.4514178133416229 neg 0.42335561782626285 __DUMMY__ 0.1252265688321143	false	1.0
abstieg	neg 1.0		off 0.44226874388245757 neg 0.4316180735358158 __DUMMY__ 0.12611318258172668	false	0.5
missverstehen	neg 1.0		off 0.4459294538171645 neg 0.4281332613558423 __DUMMY__ 0.12593728482699332	false	0.5
ergebnislos	neg 1.0		off 0.4403104333553127 neg 0.43353435777981614 __DUMMY__ 0.12615520886487105	false	0.5
manipulieren	neg 1.0		off 0.4439515146078337 neg 0.43021629882584217 __DUMMY__ 0.12583218656632417	false	0.5
verschleppen	neg 1.0		off 0.4408455247403741 neg 0.4331362507186821 __DUMMY__ 0.12601822454094386	false	0.5
unbewiesen	neg 1.0		off 0.4423530718406189 neg 0.43165459856000116 __DUMMY__ 0.12599232959937998	false	0.5
weib	off 1.0		off 0.45136258370000243 neg 0.42325287541997525 __DUMMY__ 0.12538454088002224	false	1.0
opposition	neg 1.0		off 0.4389310318084154 neg 0.4354142423324102 __DUMMY__ 0.1256547258591744	false	0.5
verkehrswidrig	neg 1.0		off 0.44093076734851233 neg 0.4334848668194433 __DUMMY__ 0.1255843658320443	false	0.5
inkorrekt	neg 1.0		off 0.4464334696990257 neg 0.4277015427168817 __DUMMY__ 0.12586498758409256	false	0.5
vermeiden	neg 1.0		off 0.4422023140783815 neg 0.43165034952752734 __DUMMY__ 0.12614733639409095	false	0.5
abweichung	neg 1.0		off 0.44187479197778834 neg 0.43200203536211657 __DUMMY__ 0.12612317266009512	false	0.5
alkoholisiert	neg 1.0		off 0.4445208317985278 neg 0.42953409115005653 __DUMMY__ 0.12594507705141567	false	0.5
scheiss	off 1.0	off 1.0	off 0.7121408275600852 neg 0.2280050181997595 __DUMMY__ 0.05985415424015531	false	1.0
herausforderung	neg 1.0		off 0.44296418818225725 neg 0.430824143268385 __DUMMY__ 0.12621166854935775	false	0.5
pervers	off 1.0		off 0.45115532606233344 neg 0.4235203513562531 __DUMMY__ 0.12532432258141352	false	1.0
wackelig	neg 1.0		off 0.4462071244436482 neg 0.42787747785016556 __DUMMY__ 0.12591539770618618	false	0.5
verwickeln	neg 1.0		off 0.4456837475222992 neg 0.42832936152077955 __DUMMY__ 0.12598689095692125	false	0.5
vorwand	neg 1.0		off 0.44384654508925914 neg 0.4302655522896638 __DUMMY__ 0.1258879026210769	false	0.5
muschi	off 1.0		off 0.45626167674790963 neg 0.41884122570610666 __DUMMY__ 0.12489709754598381	false	1.0
entmutigung	neg 1.0		off 0.4412106679161803 neg 0.43289792076298894 __DUMMY__ 0.1258914113208307	false	0.5
unstetig	neg 1.0		off 0.4443208198249154 neg 0.4297647278934526 __DUMMY__ 0.12591445228163203	false	0.5
unangemessen	neg 1.0		off 0.44414031859483244 neg 0.42991255226791375 __DUMMY__ 0.12594712913725384	false	0.5
entmutigen	neg 1.0		off 0.44602097817945635 neg 0.4280283624697415 __DUMMY__ 0.12595065935080227	false	0.5
schwanz	neg 1.0		off 0.4540249284992222 neg 0.4212240348814373 __DUMMY__ 0.12475103661934052	false	0.5
verbot	neg 1.0		off 0.4413415244968345 neg 0.43274980422546516 __DUMMY__ 0.12590867127770036	false	0.5
leid	neg 1.0		off 0.4489699496839924 neg 0.4253461695170304 __DUMMY__ 0.1256838807989771	false	0.5
archaisch	neg 1.0		off 0.4442815119642846 neg 0.42981192131938506 __DUMMY__ 0.12590656671633021	false	0.5
scheidung	neg 1.0		off 0.4391149559785063 neg 0.4347667752907105 __DUMMY__ 0.1261182687307833	false	0.5
abgestanden	neg 1.0		off 0.4478798056154121 neg 0.4261395603533745 __DUMMY__ 0.12598063403121335	false	0.5
einschlag	neg 1.0		off 0.4416848613632669 neg 0.4322742079438665 __DUMMY__ 0.12604093069286643	false	0.5
schmierig	off 1.0		off 0.4485613955840186 neg 0.4257016590467102 __DUMMY__ 0.12573694536927116	false	1.0
unpraktisch	neg 1.0		off 0.4476041853191871 neg 0.42659094070924114 __DUMMY__ 0.1258048739715717	false	0.5
wixxer	off 1.0		off 0.4523937026918598 neg 0.4221877979054065 __DUMMY__ 0.12541849940273375	false	1.0
jammerlappen	off 1.0		off 0.44666588480343067 neg 0.42747360356989245 __DUMMY__ 0.12586051162667697	false	1.0
farce	neg 1.0		off 0.4414192942246394 neg 0.43262718677610684 __DUMMY__ 0.12595351899925375	false	0.5
zwecklos	neg 1.0		off 0.4443221257089886 neg 0.4296786784829197 __DUMMY__ 0.1259991958080917	false	0.5
turbulent	neg 1.0		off 0.4435842024995489 neg 0.43069769361836957 __DUMMY__ 0.12571810388208143	false	0.5
schuld	neg 1.0		off 0.44578592740738493 neg 0.42837900096393217 __DUMMY__ 0.125835071628683	false	0.5
risiko	neg 1.0		off 0.43991320817539425 neg 0.43369900233260655 __DUMMY__ 0.12638778949199936	false	0.5
invasion	neg 1.0		neg 0.44805535256477513 off 0.42885750958328417 __DUMMY__ 0.12308713785194071	false	1.0
finster	neg 1.0		off 0.44810083484556157 neg 0.42597513164866646 __DUMMY__ 0.12592403350577203	false	0.5
geisteskrank	off 1.0		off 0.44662106991451395 neg 0.427460613129985 __DUMMY__ 0.12591831695550101	false	1.0
ausbeute	neg 1.0		off 0.4449782631536445 neg 0.4285104230546777 __DUMMY__ 0.12651131379167788	false	0.5
zusammenbrechen	neg 1.0		off 0.44509437769686494 neg 0.4290426923746887 __DUMMY__ 0.12586292992844642	false	0.5
hinterhalt	neg 1.0		off 0.4442017796794385 neg 0.429826607287288 __DUMMY__ 0.12597161303327337	false	0.5
kritik	neg 1.0		off 0.4416896599088128 neg 0.432390298807579 __DUMMY__ 0.1259200412836083	false	0.5
einschrumpfen	neg 1.0		off 0.4409176592693864 neg 0.4341220602380055 __DUMMY__ 0.1249602804926081	false	0.5
riskant	neg 1.0		off 0.444333030923781 neg 0.42969028319790753 __DUMMY__ 0.1259766858783115	false	0.5
frustrieren	neg 1.0		off 0.44479532686858947 neg 0.42919916843771716 __DUMMY__ 0.12600550469369332	false	0.5
groll	neg 1.0		off 0.4440960480046232 neg 0.42989022667403454 __DUMMY__ 0.1260137253213422	false	0.5
qualvoll	neg 1.0		off 0.44657884913179924 neg 0.42768394487164707 __DUMMY__ 0.12573720599655372	false	0.5
wackeln	neg 1.0		off 0.4462160168421931 neg 0.42778378735586575 __DUMMY__ 0.12600019580194116	false	0.5
klagen	neg 1.0		off 0.44204516634626534 neg 0.4320037473618465 __DUMMY__ 0.12595108629188806	false	0.5
trauern	neg 1.0		off 0.44455725903931803 neg 0.42949955307604903 __DUMMY__ 0.12594318788463288	false	0.5
ablehnung	neg 1.0		off 0.4412286319529782 neg 0.4327818635340747 __DUMMY__ 0.1259895045129471	false	0.5
bankrott	neg 1.0		neg 0.43812376297664907 off 0.4364058154185527 __DUMMY__ 0.12547042160479804	false	1.0
stur	neg 1.0		off 0.44537933867882445 neg 0.4287852055957876 __DUMMY__ 0.12583545572538793	false	0.5
aufruhr	neg 1.0		off 0.4401767514246554 neg 0.43360503691895536 __DUMMY__ 0.12621821165638925	false	0.5
melancholie	neg 1.0		off 0.44728402255084104 neg 0.42682422322250446 __DUMMY__ 0.12589175422665447	false	0.5
torheit	neg 1.0		off 0.443539376670708 neg 0.4305164102479961 __DUMMY__ 0.1259442130812959	false	0.5
dreckskind	off 1.0		off 0.45486723442392646 neg 0.4199980370222467 __DUMMY__ 0.1251347285538268	false	1.0
umtauschen	neg 1.0		off 0.44750296152657354 neg 0.4267567469935064 __DUMMY__ 0.12574029147992014	false	0.5
zersetzen	neg 1.0		off 0.4431528963792766 neg 0.4308685684087156 __DUMMY__ 0.12597853521200772	false	0.5
frust	neg 1.0		off 0.4449910720502018 neg 0.4291214902488575 __DUMMY__ 0.12588743770094074	false	0.5
unerbittlichkeit	neg 1.0		off 0.44320958526954346 neg 0.4308041074206588 __DUMMY__ 0.12598630730979773	false	0.5
unkorrekt	neg 1.0		off 0.4467905394344602 neg 0.42750584240471895 __DUMMY__ 0.12570361816082098	false	0.5
hexe	off 1.0		off 0.44973659785474535 neg 0.4243238911014055 __DUMMY__ 0.12593951104384912	false	1.0
lasch	neg 1.0		off 0.4455722745870105 neg 0.42851316325461636 __DUMMY__ 0.12591456215837316	false	0.5
rivale	neg 1.0		off 0.43982308238467455 neg 0.43444859696393634 __DUMMY__ 0.12572832065138917	false	0.5
mutlos	off 1.0		off 0.44367140038301994 neg 0.43034324783129213 __DUMMY__ 0.12598535178568798	false	1.0
wirr	off 1.0		off 0.44857025053566807 neg 0.4259595510197617 __DUMMY__ 0.1254701984445702	false	1.0
strafbar	neg 1.0		off 0.44403292488027457 neg 0.42997287258175537 __DUMMY__ 0.12599420253796992	false	0.5
erosion	neg 1.0	neg 1.0	neg 0.6999167585028405 off 0.23859735345094227 __DUMMY__ 0.0614858880462172	false	1.0
eingehen	neg 1.0		off 0.44437854122101195 neg 0.42965169551779553 __DUMMY__ 0.1259697632611925	false	0.5
faul	off 1.0		off 0.44877551540114513 neg 0.4256034952992179 __DUMMY__ 0.12562098929963708	false	1.0
provisorium	neg 1.0		off 0.44331773837747807 neg 0.4305484357215873 __DUMMY__ 0.1261338259009347	false	0.5
schmerzen	neg 1.0		off 0.44729468169930287 neg 0.4270581399653912 __DUMMY__ 0.12564717833530592	false	0.5
schrumpfen	neg 1.0		off 0.44200881146964616 neg 0.4318439971128665 __DUMMY__ 0.12614719141748734	false	0.5
geistlos	off 1.0		off 0.44524631656194275 neg 0.4288601866812204 __DUMMY__ 0.1258934967568367	false	1.0
frustrierend	neg 1.0		off 0.44695870524645454 neg 0.4271018882474335 __DUMMY__ 0.12593940650611196	false	0.5
fehlkauf	neg 1.0		off 0.4448931289538908 neg 0.4288300573920695 __DUMMY__ 0.12627681365403964	false	0.5
unzufrieden	neg 1.0		off 0.4443244124159526 neg 0.4296625289847686 __DUMMY__ 0.12601305859927878	false	0.5
verzweifeln	neg 1.0		off 0.44541576192465393 neg 0.42866297744940807 __DUMMY__ 0.12592126062593792	false	0.5
verzweifelt	neg 1.0		off 0.4461144959450975 neg 0.4279330043473468 __DUMMY__ 0.12595249970755568	false	0.5
misstrauensantrag	neg 1.0		off 0.43936292877518546 neg 0.4350570026444622 __DUMMY__ 0.12558006858035245	false	0.5
abfallen	neg 1.0		off 0.44756667688027085 neg 0.4266949167852814 __DUMMY__ 0.12573840633444772	false	0.5
fucker	off 1.0		off 0.42183488681936787 __DUMMY__ 0.30900798646326966 neg 0.2691571267173625	false	1.0
ungezogen	neg 1.0		off 0.4495758990173302 neg 0.4248658489957512 __DUMMY__ 0.12555825198691856	false	0.5
irrsinnig	neg 1.0		off 0.44611966909092915 neg 0.4279964014197601 __DUMMY__ 0.12588392948931074	false	0.5
hart	neg 1.0		off 0.4531737998294705 neg 0.4217767764913851 __DUMMY__ 0.12504942367914426	false	0.5
unfassbar	neg 1.0		off 0.4467914018044764 neg 0.4272020797632898 __DUMMY__ 0.1260065184322338	false	0.5
widerlich	off 1.0		off 0.4470085014190869 neg 0.42719951446536875 __DUMMY__ 0.12579198411554432	false	1.0
fatal			off 0.43491290416653666 neg 0.41997401088939096 __DUMMY__ 0.1451130849440725	false	0.0
bruch	neg 1.0		off 0.44298203897013966 neg 0.43090985800777987 __DUMMY__ 0.1261081030220804	false	0.5
aushungern	neg 1.0		off 0.4419341596772661 neg 0.43224761878406587 __DUMMY__ 0.12581822153866803	false	0.5
anspannung	neg 1.0		off 0.44405315301475456 neg 0.42986827462304367 __DUMMY__ 0.12607857236220177	false	0.5
kraftlos	neg 1.0		off 0.4452715320814991 neg 0.42875174335982924 __DUMMY__ 0.12597672455867154	false	0.5
grenzdebil	off 1.0		off 0.4475739079814056 neg 0.42668029599630153 __DUMMY__ 0.12574579602229272	false	1.0
unterwerfen	neg 1.0		off 0.44410474404344785 neg 0.4299387875604785 __DUMMY__ 0.12595646839607363	false	0.5
versenkung	neg 1.0		off 0.4442802298278914 neg 0.429688034610117 __DUMMY__ 0.12603173556199165	false	0.5
entziehen	neg 1.0		off 0.4434350348538875 neg 0.4305210686317363 __DUMMY__ 0.12604389651437622	false	0.5
finanzkrise	neg 1.0		off 0.4386257914625928 neg 0.4353170063084512 __DUMMY__ 0.126057202228956	false	0.5
schimpfend	neg 1.0		off 0.44702358004177395 neg 0.4272579824420167 __DUMMY__ 0.12571843751620945	false	0.5
profan	neg 1.0		off 0.4464681396411437 neg 0.42761097574969803 __DUMMY__ 0.12592088460915826	false	0.5
korruption	neg 1.0		off 0.44086455786839607 neg 0.4332034711081362 __DUMMY__ 0.1259319710234677	false	0.5
schmutzig	neg 1.0		off 0.44779914256497527 neg 0.4264509824848633 __DUMMY__ 0.12574987495016143	false	0.5
abraten	neg 1.0		off 0.4469862931517094 neg 0.4271277044638424 __DUMMY__ 0.1258860023844481	false	0.5
sexy	neg 1.0		off 0.4579861039205354 neg 0.42782302455723337 __DUMMY__ 0.11419087152223127	false	0.5
fotze	off 1.0		off 0.4579893228302849 neg 0.4174416939856594 __DUMMY__ 0.12456898318405557	false	1.0
schwarz	neg 1.0		off 0.4451950395946008 neg 0.4290787997332383 __DUMMY__ 0.12572616067216089	false	0.5
verwirren	neg 1.0		off 0.44690379258254337 neg 0.42725318320499023 __DUMMY__ 0.12584302421246632	false	0.5
zahnlos	off 1.0		off 0.4444181054745089 neg 0.4295094224219623 __DUMMY__ 0.12607247210352893	false	1.0
verheeren	neg 1.0		off 0.438201928607496 neg 0.43592530710467264 __DUMMY__ 0.12587276428783126	false	0.5
rammen	neg 1.0		off 0.4479773844612164 neg 0.4262442988065012 __DUMMY__ 0.1257783167322823	false	0.5
unlauter	neg 1.0		off 0.4406395034159345 neg 0.4335625718674177 __DUMMY__ 0.12579792471664775	false	0.5
unheilvoll	neg 1.0		off 0.44623434954027064 neg 0.428054447451518 __DUMMY__ 0.12571120300821123	false	0.5
niedrig	neg 1.0		off 0.44130427474916145 neg 0.432217480309959 __DUMMY__ 0.12647824494087953	false	0.5
weichei	off 1.0		off 0.449521035792511 neg 0.42483803794053293 __DUMMY__ 0.1256409262669562	false	1.0
explosion	neg 1.0		neg 0.4413113740571039 off 0.4338320745823534 __DUMMY__ 0.1248565513605427	false	1.0
minusmensch	off 1.0		off 0.4543267185084861 neg 0.42029118854944625 __DUMMY__ 0.12538209294206779	false	1.0
farblos	neg 1.0		off 0.44572331710560276 neg 0.4279250405206353 __DUMMY__ 0.1263516423737618	false	0.5
unwissend	neg 1.0		off 0.446991956266549 neg 0.4271769569154336 __DUMMY__ 0.1258310868180175	false	0.5
traurig	neg 1.0		off 0.44808442994676323 neg 0.42615087705862764 __DUMMY__ 0.1257646929946091	false	0.5
senkung	neg 1.0		neg 0.43797941866739604 off 0.4362723172829979 __DUMMY__ 0.1257482640496061	false	1.0
ungleich	neg 1.0		off 0.443851094845581 neg 0.4301906929133349 __DUMMY__ 0.12595821224108408	false	0.5
heikel	neg 1.0		off 0.4440538437712252 neg 0.4300214163184246 __DUMMY__ 0.12592473991035016	false	0.5
drosselung	neg 1.0		off 0.43733706293426994 neg 0.43676254347391047 __DUMMY__ 0.1259003935918195	false	0.5
falsch	neg 1.0		off 0.4469174422338221 neg 0.42724468728919246 __DUMMY__ 0.12583787047698544	false	0.5
unzufriedenheit	neg 1.0		off 0.4431726841667907 neg 0.43083839276676805 __DUMMY__ 0.12598892306644124	false	0.5
kurz	neg 1.0		off 0.4466148637517996 neg 0.427431299953806 __DUMMY__ 0.12595383629439447	false	0.5
unsinnig	neg 1.0		off 0.444699234138959 neg 0.4294358249792448 __DUMMY__ 0.12586494088179623	false	0.5
penner	off 1.0		off 0.4492045133829559 neg 0.4251665938673302 __DUMMY__ 0.12562889274971395	false	1.0
seicht	neg 1.0		off 0.44766975882481974 neg 0.42646259029804345 __DUMMY__ 0.12586765087713683	false	0.5
dummheit	off 1.0		off 0.4456233045001859 neg 0.4285237776821821 __DUMMY__ 0.1258529178176322	false	1.0
unerfreulich	neg 1.0		off 0.44399506825384305 neg 0.42999934990427763 __DUMMY__ 0.12600558184187935	false	0.5
pikiert	neg 1.0		off 0.4467768763366465 neg 0.427363632076479 __DUMMY__ 0.12585949158687448	false	0.5
motherfucker	off 1.0		off 0.42257237977771844 __DUMMY__ 0.29018161357869654 neg 0.2872460066435852	false	1.0
wrack	neg 1.0		off 0.444274298270187 neg 0.42967063392687405 __DUMMY__ 0.12605506780293896	false	0.5
gangster	neg 1.0		off 0.43990955887926514 neg 0.3439334193149179 __DUMMY__ 0.21615702180581692	false	0.5
krank	neg 1.0		off 0.4484562222773678 neg 0.4258012911008287 __DUMMY__ 0.12574248662180346	false	0.5
reich	neg 1.0		off 0.4441375416040164 neg 0.4297948344162509 __DUMMY__ 0.12606762397973265	false	0.5
gnadenlos	neg 1.0		off 0.4460380823250369 neg 0.42800553570529043 __DUMMY__ 0.12595638196967252	false	0.5
niedergeschlagen	neg 1.0		off 0.44520418070876383 neg 0.4288368691895845 __DUMMY__ 0.12595895010165176	false	0.5
terrorisieren	off 1.0	off 1.0	off 0.7096526040310213 neg 0.23038501196733766 __DUMMY__ 0.05996238400164108	false	1.0
sinnlosigkeit	neg 1.0		off 0.44452080755541507 neg 0.4295585752775202 __DUMMY__ 0.12592061716706476	false	0.5
behindern	neg 1.0		off 0.4410269728613529 neg 0.4331030304496002 __DUMMY__ 0.12586999668904691	false	0.5
undemokratisch	neg 1.0		off 0.44277118701444296 neg 0.43153864512793916 __DUMMY__ 0.1256901678576179	false	0.5
wirtschaftskrise	neg 1.0		off 0.4395311063028673 neg 0.4343137449960248 __DUMMY__ 0.12615514870110797	false	0.5
neid	neg 1.0		off 0.44693219263384154 neg 0.42706147516467824 __DUMMY__ 0.12600633220148014	false	0.5
rutschen	neg 1.0		off 0.44523047774520064 neg 0.428612016173811 __DUMMY__ 0.12615750608098844	false	0.5
rezession	neg 1.0		off 0.4377337084671124 neg 0.4360900115595606 __DUMMY__ 0.12617627997332692	false	0.5
fehlgeburt	neg 1.0		off 0.4470037673505199 neg 0.4273719470793966 __DUMMY__ 0.12562428557008357	false	0.5
charakterschwach	off 1.0		off 0.44652173058738814 neg 0.42763459634465306 __DUMMY__ 0.1258436730679588	false	1.0
isolation	neg 1.0		neg 0.44465171509253365 off 0.43113906546520336 __DUMMY__ 0.12420921944226299	false	1.0
ablenkung	neg 1.0		off 0.44606859310383046 neg 0.4280504123715744 __DUMMY__ 0.1258809945245951	false	0.5
pech	neg 1.0		off 0.44795969376360706 neg 0.42614943403439387 __DUMMY__ 0.12589087220199915	false	0.5
dominieren	neg 1.0		off 0.4405814712210501 neg 0.4330725967657374 __DUMMY__ 0.1263459320132126	false	0.5
vermeidung	neg 1.0		neg 0.4381206830516027 off 0.4362500341116661 __DUMMY__ 0.1256292828367314	false	1.0
schwindlig	neg 1.0		off 0.4491001689438276 neg 0.4252480677476931 __DUMMY__ 0.12565176330847944	false	0.5
lutscher	neg 1.0		off 0.45264021382077374 neg 0.42202021919262594 __DUMMY__ 0.1253395669866003	false	0.5
pflicht	neg 1.0		off 0.4437959070882492 neg 0.430166106052024 __DUMMY__ 0.1260379868597269	false	0.5
faschist	off 1.0		off 0.4451956485314962 neg 0.429001196506779 __DUMMY__ 0.1258031549617247	false	1.0
verschleudern	neg 1.0		off 0.4413492291181766 neg 0.4326109293468014 __DUMMY__ 0.12603984153502212	false	0.5
ehebruch	neg 1.0		off 0.444420012092724 neg 0.42960995041751676 __DUMMY__ 0.12597003748975918	false	0.5
trostlosigkeit	neg 1.0		off 0.4434885971885978 neg 0.4305190469968602 __DUMMY__ 0.1259923558145419	false	0.5
lutschen	neg 1.0		off 0.45311331019069523 neg 0.42194011304918416 __DUMMY__ 0.12494657676012048	false	0.5
spott	off 1.0		off 0.44377555536563257 neg 0.4302551196632855 __DUMMY__ 0.12596932497108196	false	1.0
undiszipliniert	neg 1.0		off 0.4480332251976333 neg 0.42626540081850123 __DUMMY__ 0.12570137398386555	false	0.5
kopfschmerz	neg 1.0		off 0.4468501327605067 neg 0.42751966264852326 __DUMMY__ 0.12563020459097005	false	0.5
unvorhergesehen	neg 1.0		off 0.4457438191466195 neg 0.4282389460895234 __DUMMY__ 0.12601723476385704	false	0.5
desinteressiert	neg 1.0		off 0.4478528384697908 neg 0.42635121247252766 __DUMMY__ 0.1257959490576815	false	0.5
armselig	off 1.0		off 0.44661361392806687 neg 0.4274408056094972 __DUMMY__ 0.1259455804624359	false	1.0
tod	neg 1.0		off 0.4436141548476956 neg 0.4303593953190009 __DUMMY__ 0.12602644983330358	false	0.5
desaster	neg 1.0		off 0.4421041113758926 neg 0.43182187568132124 __DUMMY__ 0.1260740129427863	false	0.5
herzlos	neg 1.0		off 0.44785714974720703 neg 0.42633424377173984 __DUMMY__ 0.12580860648105308	false	0.5
unwissenheit	neg 1.0		off 0.44375922647782223 neg 0.43038568199713256 __DUMMY__ 0.12585509152504518	false	0.5
widersinnig	neg 1.0		off 0.4425428018742397 neg 0.431580819893772 __DUMMY__ 0.12587637823198833	false	0.5
bedenklich	neg 1.0		off 0.44402055441330746 neg 0.43004676234900735 __DUMMY__ 0.12593268323768514	false	0.5
beanstanden	neg 1.0		off 0.44330327061173314 neg 0.4306489899355204 __DUMMY__ 0.12604773945274653	false	0.5
panisch	neg 1.0		off 0.4471422740350399 neg 0.4271089989150613 __DUMMY__ 0.12574872704989876	false	0.5
abstrich	neg 1.0		off 0.4467261975198406 neg 0.42774024428856977 __DUMMY__ 0.1255335581915895	false	0.5
debil	off 1.0		off 0.45929124244822667 neg 0.4167519765216217 __DUMMY__ 0.12395678103015167	false	1.0
primitiv	neg 1.0		off 0.44697169850884666 neg 0.4270605132382294 __DUMMY__ 0.12596778825292393	false	0.5
abschaum	off 1.0		off 0.4462965606587041 neg 0.42783114029640695 __DUMMY__ 0.12587229904488892	false	1.0
tot	neg 1.0		off 0.4473293258093689 neg 0.4269597822888507 __DUMMY__ 0.12571089190178047	false	0.5
provozieren	neg 1.0		off 0.445562348329064 neg 0.42853827401010075 __DUMMY__ 0.12589937766083525	false	0.5
instabil	neg 1.0		off 0.4450024262392374 neg 0.4288620258964364 __DUMMY__ 0.12613554786432613	false	0.5
schwuchtel	off 1.0		off 0.45323647157583535 neg 0.42158420225928084 __DUMMY__ 0.12517932616488373	false	1.0
zerren	neg 1.0		off 0.4453934335498388 neg 0.4287093912359827 __DUMMY__ 0.12589717521417854	false	0.5
kinderficker	off 1.0		off 0.4467866169332569 neg 0.42754463116469404 __DUMMY__ 0.12566875190204896	false	1.0
gefahr	neg 1.0		off 0.440837733468817 neg 0.43299348174653685 __DUMMY__ 0.1261687847846462	false	0.5
rabiat	neg 1.0		off 0.44557919657800626 neg 0.4284309253387611 __DUMMY__ 0.12598987808323273	false	0.5
verlangsamung	neg 1.0		off 0.439089185050306 neg 0.43450148922766846 __DUMMY__ 0.1264093257220255	false	0.5
anklagen	neg 1.0		off 0.4408310781417854 neg 0.4332712404290535 __DUMMY__ 0.12589768142916116	false	0.5
ausgestorben	neg 1.0		off 0.4451042437030679 neg 0.4288156587413324 __DUMMY__ 0.12608009755559962	false	0.5
verminderung	neg 1.0		neg 0.43824283757612376 off 0.4360087388269102 __DUMMY__ 0.125748423596966	false	1.0
rost	neg 1.0		off 0.44248991790752756 neg 0.43077930342624826 __DUMMY__ 0.12673077866622404	false	0.5
destruktiv	neg 1.0		off 0.4444786402271593 neg 0.429620683557133 __DUMMY__ 0.12590067621570775	false	0.5
unzumutbarkeit	neg 1.0		off 0.44080882686314926 neg 0.4331784168615096 __DUMMY__ 0.1260127562753412	false	0.5
labil	off 1.0	off 1.0	off 0.7887173976789341 neg 0.1623702956992356 __DUMMY__ 0.048912306621830264	false	1.0
ziemlich	neg 1.0		off 0.44794542832707535 neg 0.4262443566604406 __DUMMY__ 0.12581021501248424	false	0.5
lachnummer	off 1.0		off 0.4445643492363538 neg 0.4294498020570953 __DUMMY__ 0.125985848706551	false	1.0
ausgrenzung	neg 1.0		off 0.44146168633725463 neg 0.43265966471632805 __DUMMY__ 0.1258786489464172	false	0.5
verfall	neg 1.0		off 0.4420820618587166 neg 0.4318820350835828 __DUMMY__ 0.12603590305770065	false	0.5
unordnung	neg 1.0	neg 1.0	neg 0.6984099144927384 off 0.24106781277902656 __DUMMY__ 0.060522272728235106	false	1.0
fehlverhalten	neg 1.0		off 0.44313798269361565 neg 0.43090230518527467 __DUMMY__ 0.1259597121211097	false	0.5
nille	neg 1.0		off 0.4603233469080189 neg 0.4155597521569386 __DUMMY__ 0.12411690093504253	false	0.5
qual	neg 1.0		off 0.4473259129978723 neg 0.43794248822411097 __DUMMY__ 0.11473159877801681	false	0.5
riesig	neg 1.0		off 0.4515703634579202 neg 0.42261983021987676 __DUMMY__ 0.125809806322203	false	0.5
verschwenden	neg 1.0		off 0.44466442799734257 neg 0.4294111625951816 __DUMMY__ 0.12592440940747587	false	0.5
verurteilen	neg 1.0		off 0.44374665574387223 neg 0.4303733941000027 __DUMMY__ 0.1258799501561251	false	0.5
klischee	neg 1.0		off 0.44642079064911333 neg 0.4276498757430793 __DUMMY__ 0.1259293336078073	false	0.5
diktatorisch	neg 1.0		off 0.44320638905153287 neg 0.4310709946823549 __DUMMY__ 0.1257226162661122	false	0.5
vorhersehbar	neg 1.0		off 0.4458279651584332 neg 0.4281565159206764 __DUMMY__ 0.12601551892089033	false	0.5
stornieren	neg 1.0		off 0.4437612445326013 neg 0.4303490329804898 __DUMMY__ 0.12588972248690902	false	0.5
besteuerung	neg 1.0		off 0.43715759703773016 neg 0.43686161962957926 __DUMMY__ 0.12598078333269053	false	0.5
ungeschminkt	neg 1.0		off 0.4514435064088646 neg 0.4232928314078486 __DUMMY__ 0.1252636621832867	false	0.5
kritisch	neg 1.0		off 0.4437397906900769 neg 0.43028748817989554 __DUMMY__ 0.12597272113002753	false	0.5
schlamperei	off 1.0		off 0.4411265050895876 neg 0.43286974949957513 __DUMMY__ 0.12600374541083725	false	1.0
sucht	neg 1.0		off 0.4448671960011724 neg 0.4285833907521569 __DUMMY__ 0.12654941324667077	false	0.5
egoistisch	off 1.0		off 0.4480773733058411 neg 0.42626836094724035 __DUMMY__ 0.1256542657469185	false	1.0
ausbeuter	off 1.0		off 0.4432492335362296 neg 0.4307922023046849 __DUMMY__ 0.12595856415908555	false	1.0
arschgeburt			off 0.4542419965590922 neg 0.4207222404973996 __DUMMY__ 0.12503576294350827	false	0.0
schubs	neg 1.0		off 0.44829175770441143 neg 0.42615946471080585 __DUMMY__ 0.12554877758478275	false	0.5
unsolide	neg 1.0		off 0.4429568619137711 neg 0.43128220311904053 __DUMMY__ 0.12576093496718832	false	0.5
beschwerde	neg 1.0		off 0.4412444666497741 neg 0.4328889267165588 __DUMMY__ 0.125866606633667	false	0.5
stocken	neg 1.0		off 0.43974157398457836 neg 0.4339539783300072 __DUMMY__ 0.12630444768541446	false	0.5
isolieren	neg 1.0		off 0.440440274199287 neg 0.4334662780405257 __DUMMY__ 0.12609344776018724	false	0.5
unheilbar	neg 1.0		off 0.4453086474405038 neg 0.4287873483902787 __DUMMY__ 0.12590400416921743	false	0.5
pisser	off 1.0		off 0.45418098517447125 neg 0.420592815092545 __DUMMY__ 0.12522619973298382	false	1.0
löschen	neg 1.0		off 0.44701676441420823 neg 0.4291149893006366 __DUMMY__ 0.12386824628515511	false	0.5
durchfallen	neg 1.0		off 0.44451128137442836 neg 0.42962074523536414 __DUMMY__ 0.1258679733902076	false	0.5
wichser	off 1.0		off 0.4495380718804974 neg 0.42483249997848044 __DUMMY__ 0.12562942814102213	false	1.0
terror	neg 1.0		neg 0.43878982967828506 off 0.4364914899138464 __DUMMY__ 0.12471868040786854	false	1.0
krass	neg 1.0		off 0.4512903966116011 neg 0.42333535308150416 __DUMMY__ 0.1253742503068948	false	0.5
revolte	neg 1.0		off 0.4400555953001535 neg 0.4338355700580415 __DUMMY__ 0.12610883464180508	false	0.5
besorgt	neg 1.0		off 0.4454492136138014 neg 0.42863908058137246 __DUMMY__ 0.12591170580482602	false	0.5
nachlassen	neg 1.0		off 0.4438390964051257 neg 0.4301282032770115 __DUMMY__ 0.12603270031786276	false	0.5
alt	neg 1.0		off 0.4491470047805038 neg 0.42486218610340176 __DUMMY__ 0.12599080911609462	false	0.5
hundesohn	off 1.0		off 0.4564737316907449 neg 0.4188064572544589 __DUMMY__ 0.12471981105479613	false	1.0
abschreckung	neg 1.0		off 0.4426114320353017 neg 0.4314442432372277 __DUMMY__ 0.1259443247274707	false	0.5
unqualifiziert	neg 1.0		off 0.44530568221948874 neg 0.42890855089518026 __DUMMY__ 0.12578576688533108	false	0.5
abgewichst	off 1.0		off 0.45817663123683366 neg 0.417476169508881 __DUMMY__ 0.1243471992542853	false	1.0
kapitulation	neg 1.0		off 0.4414183518863364 neg 0.43254966390860905 __DUMMY__ 0.1260319842050546	false	0.5
schwer	neg 1.0		off 0.4457523126526401 neg 0.4282531120291937 __DUMMY__ 0.12599457531816616	false	0.5
bedeutungslosigkeit	neg 1.0		off 0.44315133104022447 neg 0.43080387778299456 __DUMMY__ 0.126044791176781	false	0.5
unscharf	neg 1.0		off 0.4492979742628988 neg 0.4251808227120303 __DUMMY__ 0.12552120302507094	false	0.5
schwinden	neg 1.0		off 0.4402089866490699 neg 0.4335872737276647 __DUMMY__ 0.12620373962326556	false	0.5
versklavung	neg 1.0		off 0.44067106071212253 neg 0.4334961823705065 __DUMMY__ 0.1258327569173709	false	0.5
schlecht	neg 1.0		off 0.4473983154758663 neg 0.4267555685578464 __DUMMY__ 0.1258461159662873	false	0.5
verhasst	neg 1.0		off 0.44494840205096114 neg 0.4291017398634408 __DUMMY__ 0.12594985808559805	false	0.5
beschweren	neg 1.0		off 0.44600312293148303 neg 0.4280067290047156 __DUMMY__ 0.1259901480638013	false	0.5
scheiden	neg 1.0		off 0.446032861836794 neg 0.42796281008320824 __DUMMY__ 0.12600432807999778	false	0.5
frustriert	neg 1.0		off 0.4453035812307313 neg 0.4287628196140572 __DUMMY__ 0.12593359915521135	false	0.5
schimmelig	neg 1.0		off 0.45143146340624507 neg 0.423161335081603 __DUMMY__ 0.12540720151215198	false	0.5
fisch	neg 1.0		off 0.449040905696879 neg 0.42491990557153425 __DUMMY__ 0.12603918873158676	false	0.5
schmuggel	neg 1.0		off 0.44417983056375543 neg 0.42983592994170156 __DUMMY__ 0.125984239494543	false	0.5
auffallen	neg 1.0		off 0.44594498782482617 neg 0.42812348217701673 __DUMMY__ 0.12593152999815718	false	0.5
konkurrenz	neg 1.0		off 0.44334705784370215 neg 0.4306202611378252 __DUMMY__ 0.1260326810184728	false	0.5
teufelskreis	neg 1.0		off 0.445119861996336 neg 0.42888666380382173 __DUMMY__ 0.1259934741998422	false	0.5
aufschreien	neg 1.0		off 0.4465722078451383 neg 0.42749341457647644 __DUMMY__ 0.1259343775783852	false	0.5
missgeburt	off 1.0		off 0.45425810161645924 neg 0.42056636226064226 __DUMMY__ 0.1251755361228985	false	1.0
schuldner	neg 1.0		off 0.4403334616360007 neg 0.43361862067290796 __DUMMY__ 0.12604791769109133	false	0.5
befallen	neg 1.0		off 0.44279668758742685 neg 0.4314716834179149 __DUMMY__ 0.12573162899465823	false	0.5
arbeitslos	neg 1.0		off 0.4445215625019961 neg 0.4295135522300719 __DUMMY__ 0.12596488526793184	false	0.5
miesepetrig	off 1.0		off 0.44748924687267355 neg 0.4267361297047897 __DUMMY__ 0.12577462342253673	false	1.0
alarmieren	neg 1.0		off 0.439199275345605 neg 0.43468081230593686 __DUMMY__ 0.12611991234845826	false	0.5
ungeduscht	off 1.0		off 0.4499658607810867 neg 0.42464161495141967 __DUMMY__ 0.12539252426749356	false	1.0
knappheit	neg 1.0		off 0.44041439268502663 neg 0.4334463071577827 __DUMMY__ 0.1261393001571906	false	0.5
schlange	neg 1.0		off 0.44645470872684667 neg 0.42756232195900284 __DUMMY__ 0.12598296931415054	false	0.5
harsch	neg 1.0		off 0.4408547060145844 neg 0.43328668619890404 __DUMMY__ 0.12585860778651167	false	0.5
lang	neg 1.0	neg 1.0	neg 0.660937962534818 off 0.27188200069304996 __DUMMY__ 0.06718003677213204	false	1.0
ziellos	neg 1.0		off 0.445082959305906 neg 0.4289019072408307 __DUMMY__ 0.12601513345326332	false	0.5
selbstverliebt	neg 1.0		off 0.45050521810164146 neg 0.42393972668589447 __DUMMY__ 0.1255550552124641	false	0.5
beseitigen	neg 1.0		off 0.44074278776382514 neg 0.43307752496927165 __DUMMY__ 0.12617968726690312	false	0.5
dumm	off 1.0		off 0.44895297027473907 neg 0.42537503544974586 __DUMMY__ 0.125671994275515	false	1.0
arbeitsloser	neg 1.0		off 0.44425114000203564 neg 0.42975333057441484 __DUMMY__ 0.12599552942354952	false	0.5
blitzen	neg 1.0		off 0.4454224509304474 neg 0.4269546793280867 __DUMMY__ 0.127622869741466	false	0.5
hilflos	neg 1.0		off 0.44536221247928004 neg 0.42879774302028617 __DUMMY__ 0.12584004450043382	false	0.5
eklig	off 1.0		off 0.45062578672757736 neg 0.42391835933100136 __DUMMY__ 0.12545585394142134	false	1.0
hungersnot	neg 1.0		off 0.44115119775915407 neg 0.4326831116636324 __DUMMY__ 0.12616569057721366	false	0.5
ungesetzlich	neg 1.0		off 0.4425039076006091 neg 0.43163647760938284 __DUMMY__ 0.12585961479000812	false	0.5
verschwendung	neg 1.0		off 0.4441971253370064 neg 0.42985692776950096 __DUMMY__ 0.12594594689349267	false	0.5
schmerzvoll	neg 1.0		off 0.44655376769768207 neg 0.4275881750322071 __DUMMY__ 0.1258580572701109	false	0.5
vorzeitig	neg 1.0		off 0.43916942147412985 neg 0.43475534441178854 __DUMMY__ 0.1260752341140817	false	0.5
unvollkommenheit	neg 1.0		off 0.44498621405799194 neg 0.42908838430250806 __DUMMY__ 0.12592540163949992	false	0.5
intervenieren	neg 1.0		off 0.44263637516000376 neg 0.4314651994946734 __DUMMY__ 0.12589842534532275	false	0.5
banause	off 1.0		off 0.4493808729542325 neg 0.425060861683376 __DUMMY__ 0.1255582653623915	false	1.0
rebell	neg 1.0		off 0.453981404311898 neg 0.42139689170629774 __DUMMY__ 0.1246217039818042	false	0.5
unlogisch	neg 1.0		off 0.44773539146681585 neg 0.426536846617173 __DUMMY__ 0.12572776191601104	false	0.5
abschaffung	neg 1.0		off 0.43955776471994257 neg 0.43461431045006743 __DUMMY__ 0.12582792482998992	false	0.5
leiden	neg 1.0		off 0.44609556680673257 neg 0.4279134571228033 __DUMMY__ 0.12599097607046422	false	0.5
sturz	neg 1.0		off 0.440794873359177 neg 0.43305420129347705 __DUMMY__ 0.12615092534734593	false	0.5
verkleinerung	neg 1.0		off 0.43864121265810746 neg 0.4353617839862904 __DUMMY__ 0.1259970033556021	false	0.5
schmarotzer	off 1.0		off 0.4446406524578273 neg 0.4294762836193739 __DUMMY__ 0.12588306392279872	false	1.0
bestrafung	neg 1.0		off 0.4461469023189612 neg 0.4279472458185982 __DUMMY__ 0.1259058518624406	false	0.5
achtlos	neg 1.0		off 0.44536910237929506 neg 0.42877084120974307 __DUMMY__ 0.12586005641096187	false	0.5
ungeheuer	neg 1.0		off 0.4472748909100584 neg 0.42670110288413926 __DUMMY__ 0.1260240062058023	false	0.5
unaufrichtig	neg 1.0		off 0.4456015281959837 neg 0.4287849980458386 __DUMMY__ 0.12561347375817775	false	0.5
groggy	neg 1.0		off 0.451298439107302 neg 0.4231210919370843 __DUMMY__ 0.1255804689556136	false	0.5
verletzlich	neg 1.0		off 0.4476826190239721 neg 0.4265327471029705 __DUMMY__ 0.12578463387305744	false	0.5
ablehnen	neg 1.0		off 0.44360454796101784 neg 0.43051987170142575 __DUMMY__ 0.12587558033755633	false	0.5
kollaps	neg 1.0		off 0.43876569545343147 neg 0.4351565771818565 __DUMMY__ 0.12607772736471196	false	0.5
beschnitten	neg 1.0		off 0.44596720236081355 neg 0.4281238069700153 __DUMMY__ 0.12590899066917124	false	0.5
defekt	neg 1.0		off 0.43984614356829094 neg 0.43431171917229644 __DUMMY__ 0.12584213725941265	false	0.5
dreckskerl	off 1.0		off 0.4477877711690183 neg 0.4265531865665515 __DUMMY__ 0.12565904226443023	false	1.0
deine	neg 1.0		off 0.44924141876605456 neg 0.4251692352542779 __DUMMY__ 0.1255893459796675	false	0.5
aufgeben	neg 1.0		off 0.44623578744982706 neg 0.4277024160348577 __DUMMY__ 0.12606179651531524	false	0.5
durcheinander	neg 1.0		off 0.44683746113432304 neg 0.42722685165401053 __DUMMY__ 0.1259356872116664	false	0.5
unterbrechen	neg 1.0		off 0.4449578509310892 neg 0.42905580381596486 __DUMMY__ 0.125986345252946	false	0.5
vergammeln	neg 1.0		off 0.44653301435393755 neg 0.4275429192961016 __DUMMY__ 0.1259240663499609	false	0.5
grotesk	neg 1.0		off 0.4445622710293477 neg 0.42942663889434957 __DUMMY__ 0.12601109007630257	false	0.5
elendig	neg 1.0		off 0.4466093771301466 neg 0.4275781178421619 __DUMMY__ 0.12581250502769153	false	0.5
naiv	off 1.0		off 0.44624890634492853 neg 0.4277614738907751 __DUMMY__ 0.1259896197642964	false	1.0
uneinigkeit	neg 1.0		off 0.4401614924179278 neg 0.4338372031493473 __DUMMY__ 0.12600130443272484	false	0.5
fragil	neg 1.0		neg 0.439903234201782 off 0.43649328241269253 __DUMMY__ 0.12360348338552545	false	1.0
provisorisch	neg 1.0		off 0.4446701823927389 neg 0.42917978625330555 __DUMMY__ 0.12615003135395553	false	0.5
landei	off 1.0		off 0.4494848755272986 neg 0.42472021932798637 __DUMMY__ 0.125794905144715	false	1.0
bedauerlich	neg 1.0		off 0.4442077031362658 neg 0.42982503573619807 __DUMMY__ 0.12596726112753623	false	0.5
krieg	neg 1.0		off 0.4452231757418959 neg 0.42885263848453214 __DUMMY__ 0.12592418577357195	false	0.5
traurigkeit	neg 1.0		off 0.4458932623701924 neg 0.4281632541597395 __DUMMY__ 0.12594348347006812	false	0.5
monotonie	neg 1.0		off 0.444692406663282 neg 0.42925713983227287 __DUMMY__ 0.12605045350444521	false	0.5
unliebsam	neg 1.0		off 0.4451324933887495 neg 0.42892744668820454 __DUMMY__ 0.12594005992304608	false	0.5
drift	neg 1.0		neg 0.46051080185888826 off 0.42542680684082224 __DUMMY__ 0.11406239130028956	false	1.0
chaos	neg 1.0		off 0.4421631543759952 neg 0.43185617238788354 __DUMMY__ 0.12598067323612133	false	0.5
blutig	neg 1.0		off 0.44660070399773205 neg 0.42743585322774635 __DUMMY__ 0.12596344277452162	false	0.5
