unsolidarisch	neg 1.0		off 0.4154008182786155 neg 0.40304728186610045 __DUMMY__ 0.1815518998552841	false	0.5
nachteilig	neg 1.0		off 0.414498998966972 neg 0.4035667681747398 __DUMMY__ 0.18193423285828805	false	0.5
skeptisch	neg 1.0		off 0.41534775043866373 neg 0.40269793309124874 __DUMMY__ 0.18195431647008756	false	0.5
schrecklich	neg 1.0		off 0.42009402174030974 neg 0.39844327500684484 __DUMMY__ 0.18146270325284541	false	0.5
schlapp	neg 1.0		off 0.4203218852790423 neg 0.39811966629552337 __DUMMY__ 0.1815584484254345	false	0.5
abfall	neg 1.0		off 0.41458644723409516 neg 0.40327427453620135 __DUMMY__ 0.18213927822970355	false	0.5
widerspenstig	neg 1.0		off 0.4176022972401193 neg 0.40073160039775796 __DUMMY__ 0.18166610236212266	false	0.5
abrupt	neg 1.0		off 0.4163141704824701 neg 0.40160761524906713 __DUMMY__ 0.18207821426846277	false	0.5
unwirksam	neg 1.0		off 0.4096806761844477 neg 0.4083886386229662 __DUMMY__ 0.18193068519258623	false	0.5
angreifen	neg 1.0		off 0.4153413068639841 neg 0.4027604005978362 __DUMMY__ 0.18189829253817957	false	0.5
inkonsistent	neg 1.0		off 0.4174661586587266 neg 0.40055475310172994 __DUMMY__ 0.18197908823954337	false	0.5
abrutschen	neg 1.0		off 0.41534210402233523 neg 0.40273472436886976 __DUMMY__ 0.18192317160879504	false	0.5
unsicher	neg 1.0		off 0.41740887510118874 neg 0.40074915543154227 __DUMMY__ 0.18184196946726902	false	0.5
bauernkind	off 1.0		off 0.4241013432807785 neg 0.39497789006009093 __DUMMY__ 0.1809207666591306	false	1.0
angreifer	neg 1.0		off 0.4125448274616859 neg 0.40565797031035783 __DUMMY__ 0.18179720222795645	false	0.5
trennen	neg 1.0		off 0.416416997052555 neg 0.40139150224236597 __DUMMY__ 0.18219150070507897	false	0.5
schmutz	neg 1.0		off 0.4127947466360853 neg 0.40516775346941664 __DUMMY__ 0.18203749989449824	false	0.5
inkonsistenz	neg 1.0		off 0.4181357196533692 neg 0.4001735348020174 __DUMMY__ 0.18169074554461337	false	0.5
erschreckend	neg 1.0		off 0.4161475002131592 neg 0.4019875182929979 __DUMMY__ 0.18186498149384292	false	0.5
ertrinken	neg 1.0		off 0.4166006982492245 neg 0.4017459262863784 __DUMMY__ 0.18165337546439705	false	0.5
pickelface	off 1.0		off 0.42849136576582597 neg 0.39116658410158356 __DUMMY__ 0.18034205013259044	false	1.0
lauch	neg 1.0		off 0.42561969427936625 neg 0.3937044164427442 __DUMMY__ 0.1806758892778896	false	0.5
steuerhinterziehung	neg 1.0		off 0.4123136113471977 neg 0.40592500653641905 __DUMMY__ 0.18176138211638318	false	0.5
unwichtig	neg 1.0		off 0.41822944939196766 neg 0.4000368780455438 __DUMMY__ 0.18173367256248854	false	0.5
schock	neg 1.0		off 0.417484618865202 neg 0.4004969898514021 __DUMMY__ 0.18201839128339584	false	0.5
vergelten	neg 1.0		off 0.41468681283704684 neg 0.40404138397837047 __DUMMY__ 0.18127180318458277	false	0.5
beule	neg 1.0		off 0.42103212139099133 neg 0.3975372802806874 __DUMMY__ 0.18143059832832117	false	0.5
verdorbenheit	neg 1.0		off 0.41548627014889583 neg 0.40168147032509793 __DUMMY__ 0.18283225952600632	false	0.5
trauma			off 0.4390556436195069 neg 0.3973609489934926 __DUMMY__ 0.16358340738700056	false	0.0
sinnlos	neg 1.0		off 0.41814641817147413 neg 0.40015037032601664 __DUMMY__ 0.18170321150250923	false	0.5
fettsack	off 1.0		off 0.4237279330835657 neg 0.39512175621968115 __DUMMY__ 0.18115031069675325	false	1.0
feige	off 1.0		off 0.4181847799680128 neg 0.40002181675267345 __DUMMY__ 0.18179340327931381	false	1.0
abdanken	neg 1.0		off 0.4155492868243832 neg 0.40272832305052814 __DUMMY__ 0.18172239012508853	false	0.5
wichtigtuer	off 1.0	off 1.0	off 0.69687101485452 neg 0.2164748401786342 __DUMMY__ 0.08665414496684584	false	1.0
misslingen	neg 1.0		off 0.417483063116979 neg 0.4009126658602131 __DUMMY__ 0.1816042710228078	false	0.5
untreu	off 1.0		off 0.41827888615361525 neg 0.39994318013095564 __DUMMY__ 0.18177793371542914	false	1.0
missmutig	neg 1.0		off 0.41752691550259424 neg 0.4005813681756236 __DUMMY__ 0.18189171632178233	false	0.5
hurenbock	off 1.0		off 0.42376113725797426 neg 0.39555004643207464 __DUMMY__ 0.180688816309951	false	1.0
betrunken	neg 1.0		off 0.4201569420071761 neg 0.3984255897475892 __DUMMY__ 0.18141746824523464	false	0.5
korrupt	off 1.0		off 0.415339268425268 neg 0.40298506127712874 __DUMMY__ 0.1816756702976033	false	1.0
unmut	neg 1.0		off 0.4139940026426327 neg 0.4040399977315424 __DUMMY__ 0.18196599962582496	false	0.5
hackfresse	off 1.0		off 0.42101515904502546 neg 0.3976979225869101 __DUMMY__ 0.18128691836806454	false	1.0
aufblasen	neg 1.0		off 0.4181635982437778 neg 0.40009703883218123 __DUMMY__ 0.18173936292404097	false	0.5
gewaltsam	neg 1.0		off 0.4132518044836252 neg 0.4048752449852753 __DUMMY__ 0.18187295053109961	false	0.5
unbeliebtheit	neg 1.0		off 0.412328978376228 neg 0.4057644529740563 __DUMMY__ 0.18190656864971563	false	0.5
sturheit	neg 1.0		off 0.41540699321446284 neg 0.40276513599175906 __DUMMY__ 0.18182787079377816	false	0.5
kuh	neg 1.0		off 0.4243923199086019 neg 0.3946116401497206 __DUMMY__ 0.18099603994167748	false	0.5
erschrecken	neg 1.0		off 0.4186715148123988 neg 0.39966505511608214 __DUMMY__ 0.181663430071519	false	0.5
opfer	neg 1.0		off 0.4159059274756 neg 0.4021780814208019 __DUMMY__ 0.1819159911035981	false	0.5
stinktier	neg 1.0		off 0.42404578923287395 neg 0.3949848827693807 __DUMMY__ 0.1809693279977453	false	0.5
sinken	neg 1.0		off 0.41229599567106984 neg 0.4052933125680756 __DUMMY__ 0.18241069176085445	false	0.5
tucke	off 1.0		off 0.42309096361804854 neg 0.39610800440960564 __DUMMY__ 0.1808010319723458	false	1.0
abstieg	neg 1.0		off 0.41384494422885276 neg 0.40407417991250555 __DUMMY__ 0.18208087585864158	false	0.5
missverstehen	neg 1.0		off 0.417504316499582 neg 0.4006723855024108 __DUMMY__ 0.1818232979980074	false	0.5
ergebnislos	neg 1.0		off 0.41189699544099667 neg 0.4059610228433132 __DUMMY__ 0.18214198171569	false	0.5
manipulieren	neg 1.0		off 0.41557268216457854 neg 0.40275195185857493 __DUMMY__ 0.18167536597684655	false	0.5
verschleppen	neg 1.0		off 0.41245681660341466 neg 0.40559887458063976 __DUMMY__ 0.18194430881594567	false	0.5
unbewiesen	neg 1.0		off 0.4139540153568264 neg 0.4041411321741623 __DUMMY__ 0.1819048524690113	false	0.5
weib	off 1.0		off 0.42299499778407956 neg 0.3959774034979916 __DUMMY__ 0.18102759871792892	false	1.0
opposition	neg 1.0		off 0.4106507947787012 neg 0.4079239256526752 __DUMMY__ 0.18142527956862367	false	0.5
verkehrswidrig	neg 1.0		off 0.41263644105669867 neg 0.40602928832915036 __DUMMY__ 0.18133427061415094	false	0.5
inkorrekt	neg 1.0		off 0.418019370821869 neg 0.40025963873425097 __DUMMY__ 0.18172099044387993	false	0.5
vermeiden	neg 1.0		off 0.41376719408302487 neg 0.4041053209607794 __DUMMY__ 0.18212748495619566	false	0.5
abweichung	neg 1.0		off 0.4134498125027627 neg 0.40445701174253 __DUMMY__ 0.1820931757547073	false	0.5
alkoholisiert	neg 1.0		off 0.41610003164108667 neg 0.40205832437132355 __DUMMY__ 0.18184164398758967	false	0.5
scheiss	off 1.0	off 1.0	off 0.6984890504500137 neg 0.21483480684146272 __DUMMY__ 0.08667614270852357	false	1.0
herausforderung	neg 1.0		off 0.41450814571091493 neg 0.40327016946664396 __DUMMY__ 0.18222168482244097	false	0.5
pervers	off 1.0		off 0.4228067202184951 neg 0.39625233715249036 __DUMMY__ 0.18094094262901464	false	1.0
wackelig	neg 1.0		off 0.4177807177240623 neg 0.4004250608975812 __DUMMY__ 0.1817942213783566	false	0.5
verwickeln	neg 1.0		off 0.4172492257126755 neg 0.4008564127338963 __DUMMY__ 0.1818943615534282	false	0.5
vorwand	neg 1.0		off 0.4154554680662304 neg 0.4027911194631356 __DUMMY__ 0.18175341247063395	false	0.5
muschi	off 1.0		off 0.4279306560647747 neg 0.39171555958027177 __DUMMY__ 0.18035378435495367	false	1.0
entmutigung	neg 1.0		off 0.41284831529491584 neg 0.4053891565610859 __DUMMY__ 0.18176252814399843	false	0.5
unstetig	neg 1.0		off 0.4159105072684757 neg 0.4022937799557477 __DUMMY__ 0.18179571277577652	false	0.5
unangemessen	neg 1.0		off 0.4157334297696731 neg 0.40242853990825017 __DUMMY__ 0.18183803032207663	false	0.5
entmutigen	neg 1.0		off 0.4175906094674945 neg 0.40056503828743134 __DUMMY__ 0.18184435224507411	false	0.5
schwanz	neg 1.0		off 0.42575063479860487 neg 0.39411099549082107 __DUMMY__ 0.18013836971057406	false	0.5
verbot	neg 1.0		off 0.41297651548481695 neg 0.40523648209660557 __DUMMY__ 0.18178700241857743	false	0.5
leid	neg 1.0		off 0.42056530737869496 neg 0.3979739389022879 __DUMMY__ 0.18146075371901707	false	0.5
archaisch	neg 1.0		off 0.4158802339428958 neg 0.40234238269443956 __DUMMY__ 0.1817773833626646	false	0.5
scheidung	neg 1.0		off 0.41071022310192384 neg 0.40719618017289344 __DUMMY__ 0.18209359672518263	false	0.5
abgestanden	neg 1.0		off 0.4194121973744943 neg 0.3986978961654524 __DUMMY__ 0.18188990646005337	false	0.5
einschlag	neg 1.0		off 0.4132813562706922 neg 0.4047285133153166 __DUMMY__ 0.18199013041399123	false	0.5
schmierig	off 1.0		off 0.4201482221718056 neg 0.39831456592522263 __DUMMY__ 0.18153721190297184	false	1.0
unpraktisch	neg 1.0		off 0.41918536440856846 neg 0.3991792782927586 __DUMMY__ 0.1816353572986728	false	0.5
wixxer	off 1.0		off 0.4240120236998898 neg 0.39491326917604413 __DUMMY__ 0.18107470712406606	false	1.0
jammerlappen	off 1.0		off 0.4182490556095559 neg 0.40004183439238106 __DUMMY__ 0.181709109998063	false	1.0
farce	neg 1.0		off 0.4130433135222286 neg 0.40510655584724914 __DUMMY__ 0.1818501306305223	false	0.5
zwecklos	neg 1.0		off 0.41589959359541717 neg 0.40218761771423495 __DUMMY__ 0.18191278869034797	false	0.5
turbulent	neg 1.0		off 0.415225318203676 neg 0.4032616825675832 __DUMMY__ 0.18151299922874076	false	0.5
schuld	neg 1.0		off 0.4173856245591415 neg 0.40093826593445786 __DUMMY__ 0.18167610950640065	false	0.5
risiko	neg 1.0		off 0.4114478803483878 neg 0.4060757707528102 __DUMMY__ 0.18247634889880204	false	0.5
invasion	neg 1.0		neg 0.4210568850707274 off 0.4013086024598432 __DUMMY__ 0.17763451246942938	false	1.0
finster	neg 1.0		off 0.41965201359918874 neg 0.3985480586559489 __DUMMY__ 0.18179992774486237	false	0.5
geisteskrank	off 1.0		off 0.41819494715577454 neg 0.40001318756967086 __DUMMY__ 0.18179186527455468	false	1.0
ausbeute	neg 1.0		off 0.4164219232546042 neg 0.4009239018049194 __DUMMY__ 0.18265417494047656	false	0.5
zusammenbrechen	neg 1.0		off 0.41669308388788384 neg 0.4015902880759976 __DUMMY__ 0.18171662803611846	false	0.5
hinterhalt	neg 1.0		off 0.41579187129342665 neg 0.40232877716755827 __DUMMY__ 0.181879351539015	false	0.5
kritik	neg 1.0		off 0.4133188592131813 neg 0.40487839811409876 __DUMMY__ 0.18180274267271992	false	0.5
einschrumpfen	neg 1.0		off 0.4127103980807942 neg 0.40682026506896557 __DUMMY__ 0.1804693368502402	false	0.5
riskant	neg 1.0		off 0.41591717084550156 neg 0.40220211345637885 __DUMMY__ 0.1818807156981196	false	0.5
frustrieren	neg 1.0		off 0.4163671487484278 neg 0.40171116871993945 __DUMMY__ 0.1819216825316329	false	0.5
groll	neg 1.0		off 0.41567170770436507 neg 0.4023937204494952 __DUMMY__ 0.1819345718461398	false	0.5
qualvoll	neg 1.0		off 0.41818690427462657 neg 0.40027541314620607 __DUMMY__ 0.18153768257916733	false	0.5
wackeln	neg 1.0		off 0.4177680595981675 neg 0.4003165112135722 __DUMMY__ 0.18191542918826045	false	0.5
klagen	neg 1.0		off 0.4136627375332302 neg 0.40449006884542416 __DUMMY__ 0.1818471936213456	false	0.5
trauern	neg 1.0		off 0.4161466813356535 neg 0.40201817351553526 __DUMMY__ 0.18183514514881133	false	0.5
ablehnung	neg 1.0		off 0.41284529432117184 neg 0.40525199037165754 __DUMMY__ 0.18190271530717064	false	0.5
bankrott	neg 1.0		neg 0.41062733585123984 off 0.4081837280068893 __DUMMY__ 0.18118893614187084	false	1.0
stur	neg 1.0		off 0.4169816775214078 neg 0.4013424363005574 __DUMMY__ 0.18167588617803485	false	0.5
aufruhr	neg 1.0		off 0.4117527207327933 neg 0.40601442986357 __DUMMY__ 0.18223284940363685	false	0.5
melancholie	neg 1.0		off 0.41884958330820377 neg 0.399390139230399 __DUMMY__ 0.1817602774613972	false	0.5
torheit	neg 1.0		off 0.41513699017323524 neg 0.4030265825553211 __DUMMY__ 0.1818364272714436	false	0.5
dreckskind	off 1.0		off 0.4265266877591293 neg 0.3928064080290929 __DUMMY__ 0.18066690421177792	false	1.0
umtauschen	neg 1.0		off 0.41909597902130086 neg 0.3993602104401138 __DUMMY__ 0.18154381053858532	false	0.5
zersetzen	neg 1.0		off 0.41474754139433695 neg 0.40336908285823114 __DUMMY__ 0.18188337574743194	false	0.5
frust	neg 1.0		off 0.41658583411817335 neg 0.4016626991940489 __DUMMY__ 0.18175146668777778	false	0.5
unerbittlichkeit	neg 1.0		off 0.41480263706138015 neg 0.40330168904061964 __DUMMY__ 0.18189567389800013	false	0.5
unkorrekt	neg 1.0		off 0.4184086479382228 neg 0.40010061147975284 __DUMMY__ 0.1814907405820244	false	0.5
hexe	off 1.0		off 0.4212649370468785 neg 0.3969134725260214 __DUMMY__ 0.18182159042710005	false	1.0
lasch	neg 1.0		off 0.41715777953505884 neg 0.4010577308592702 __DUMMY__ 0.18178448960567103	false	0.5
rivale	neg 1.0		off 0.41150340365259697 neg 0.406951751570921 __DUMMY__ 0.18154484477648208	false	0.5
mutlos	off 1.0		off 0.41526220849907725 neg 0.4028435173145848 __DUMMY__ 0.1818942741863379	false	1.0
wirr	off 1.0		off 0.42021657072895335 neg 0.39862920781109024 __DUMMY__ 0.1811542214599565	false	1.0
strafbar	neg 1.0		off 0.4156182367058455 neg 0.4024751930201536 __DUMMY__ 0.18190657027400084	false	0.5
erosion	neg 1.0	neg 1.0	neg 0.6863914582790555 off 0.2247061053713974 __DUMMY__ 0.08890243634954727	false	1.0
eingehen	neg 1.0		off 0.41596185955714754 neg 0.402167253192769 __DUMMY__ 0.1818708872500835	false	0.5
faul	off 1.0		off 0.42038470274819245 neg 0.39824496181073515 __DUMMY__ 0.18137033544107253	false	1.0
provisorium	neg 1.0		off 0.41487322240323815 neg 0.40301884875244287 __DUMMY__ 0.18210792884431906	false	0.5
schmerzen	neg 1.0		off 0.4189119451206967 neg 0.39967885377318796 __DUMMY__ 0.1814092011061153	false	0.5
schrumpfen	neg 1.0		off 0.4135780138026097 neg 0.40429435859386537 __DUMMY__ 0.182127627603525	false	0.5
geistlos	off 1.0		off 0.41684130521925516 neg 0.4013960691500197 __DUMMY__ 0.18176262563072507	false	1.0
frustrierend	neg 1.0		off 0.41852065662065996 neg 0.3996533583897899 __DUMMY__ 0.18182598498955022	false	0.5
fehlkauf	neg 1.0		off 0.41636369322332384 neg 0.4012660022492397 __DUMMY__ 0.18237030452743658	false	0.5
unzufrieden	neg 1.0		off 0.4158986124736337 neg 0.4021686035538153 __DUMMY__ 0.1819327839725511	false	0.5
verzweifeln	neg 1.0		off 0.4169981189029453 neg 0.40120176470633023 __DUMMY__ 0.18180011639072452	false	0.5
verzweifelt	neg 1.0		off 0.41768226173900136 neg 0.40047242735470573 __DUMMY__ 0.18184531090629283	false	0.5
misstrauensantrag	neg 1.0		off 0.4110931746360286 neg 0.40758149085531353 __DUMMY__ 0.18132533450865784	false	0.5
abfallen	neg 1.0		off 0.4191622370972438 neg 0.3992977114694854 __DUMMY__ 0.18154005143327062	false	0.5
fucker	off 1.0		off 0.39853413328642795 __DUMMY__ 0.3481593716256532 neg 0.25330649508791886	false	1.0
ungezogen	neg 1.0		off 0.4211900400420853 neg 0.3975330473612386 __DUMMY__ 0.18127691259667617	false	0.5
irrsinnig	neg 1.0		off 0.4177034583910132 neg 0.4005502275285796 __DUMMY__ 0.18174631408040723	false	0.5
hart	neg 1.0		off 0.4248661704165877 neg 0.3945889765947399 __DUMMY__ 0.18054485298867246	false	0.5
unfassbar	neg 1.0		off 0.41833771727850866 neg 0.3997387577938111 __DUMMY__ 0.18192352492768019	false	0.5
widerlich	off 1.0		off 0.4186037476284947 neg 0.3997817128606633 __DUMMY__ 0.18161453951084203	false	1.0
fatal			off 0.4097957548734743 neg 0.39643749903400916 __DUMMY__ 0.19376674609251657	false	0.0
bruch	neg 1.0		off 0.4145512584364921 neg 0.40337754136846654 __DUMMY__ 0.18207120019504125	false	0.5
aushungern	neg 1.0		off 0.4135814381488997 neg 0.40476229210527104 __DUMMY__ 0.18165626974582935	false	0.5
anspannung	neg 1.0		off 0.41561641240218516 neg 0.40235484924970427 __DUMMY__ 0.18202873834811062	false	0.5
kraftlos	neg 1.0		off 0.41684219114615106 neg 0.40127768036706934 __DUMMY__ 0.18188012848677967	false	0.5
grenzdebil	off 1.0		off 0.41917174452193634 neg 0.3992841992502167 __DUMMY__ 0.181544056227847	false	1.0
unterwerfen	neg 1.0		off 0.4156956162263437 neg 0.40245204779342375 __DUMMY__ 0.18185233598023262	false	0.5
versenkung	neg 1.0		off 0.415851786304362 neg 0.4021871690208269 __DUMMY__ 0.18196104467481103	false	0.5
entziehen	neg 1.0		off 0.4150145050952862 neg 0.4030077953107427 __DUMMY__ 0.18197769959397103	false	0.5
finanzkrise	neg 1.0		off 0.41025330078030814 neg 0.4077449382178489 __DUMMY__ 0.18200176100184284	false	0.5
schimpfend	neg 1.0		off 0.4186267533624575 neg 0.399859796118584 __DUMMY__ 0.1815134505189585	false	0.5
profan	neg 1.0		off 0.41803731453289317 neg 0.40016232353313547 __DUMMY__ 0.18180036193397126	false	0.5
korruption	neg 1.0		off 0.4125000019060157 neg 0.4056797031197842 __DUMMY__ 0.18182029497420005	false	0.5
schmutzig	neg 1.0		off 0.4193907059315149 neg 0.39905436634848696 __DUMMY__ 0.18155492771999812	false	0.5
abraten	neg 1.0		off 0.41855936327805526 neg 0.3996897351367058 __DUMMY__ 0.18175090158523877	false	0.5
sexy	neg 1.0		off 0.43185518613853036 neg 0.4027590002652347 __DUMMY__ 0.16538581359623503	false	0.5
fotze	off 1.0		off 0.4297222765708257 neg 0.39039853121428136 __DUMMY__ 0.17987919221489299	false	1.0
schwarz	neg 1.0		off 0.41676932384851856 neg 0.40161976887680734 __DUMMY__ 0.18161090727467427	false	0.5
verwirren	neg 1.0		off 0.4184879632453524 neg 0.3998241753017376 __DUMMY__ 0.18168786145290988	false	0.5
zahnlos	off 1.0		off 0.4159786476376597 neg 0.4020032749965394 __DUMMY__ 0.18201807736580086	false	1.0
verheeren	neg 1.0		off 0.4098696603060687 neg 0.40838736784013824 __DUMMY__ 0.18174297185379315	false	0.5
rammen	neg 1.0		off 0.41955313877774764 neg 0.3988461072764393 __DUMMY__ 0.18160075394581293	false	0.5
unlauter	neg 1.0		off 0.4123018803574471 neg 0.40606726760176975 __DUMMY__ 0.18163085204078327	false	0.5
unheilvoll	neg 1.0		off 0.4178483154709265 neg 0.40064939232826907 __DUMMY__ 0.1815022922008043	false	0.5
niedrig	neg 1.0		off 0.41280166640588306 neg 0.40459287097037727 __DUMMY__ 0.1826054626237398	false	0.5
weichei	off 1.0		off 0.4211198350391237 neg 0.39748526326970884 __DUMMY__ 0.1813949016911674	false	1.0
explosion	neg 1.0		neg 0.4139654242116321 off 0.4058265187941528 __DUMMY__ 0.180208056994215	false	1.0
minusmensch	off 1.0		off 0.42593546633210105 neg 0.3930417368117448 __DUMMY__ 0.18102279685615413	false	1.0
farblos	neg 1.0		off 0.4171887967279062 neg 0.40038259349490424 __DUMMY__ 0.18242860977718947	false	0.5
unwissend	neg 1.0		off 0.4185786516972604 neg 0.39975437370572553 __DUMMY__ 0.18166697459701417	false	0.5
traurig	neg 1.0		off 0.4196731111176064 neg 0.39875575264051055 __DUMMY__ 0.18157113624188292	false	0.5
senkung	neg 1.0		neg 0.41044704937401155 off 0.4079886247992447 __DUMMY__ 0.1815643258267438	false	1.0
ungleich	neg 1.0		off 0.41544476962214766 neg 0.4026997575669298 __DUMMY__ 0.18185547281092268	false	0.5
heikel	neg 1.0		off 0.4156529050907375 neg 0.40254152093767404 __DUMMY__ 0.18180557397158856	false	0.5
drosselung	neg 1.0		neg 0.40920877793178 off 0.40900618203073014 __DUMMY__ 0.18178504003748985	false	1.0
falsch	neg 1.0		off 0.4185021989088824 neg 0.3998183728451071 __DUMMY__ 0.18167942824601044	false	0.5
unzufriedenheit	neg 1.0		off 0.4147692909661292 neg 0.4033357817810054 __DUMMY__ 0.18189492725286546	false	0.5
kurz	neg 1.0		off 0.41817641626213775 neg 0.39997510549311227 __DUMMY__ 0.18184847824475006	false	0.5
unsinnig	neg 1.0		off 0.41630488484974115 neg 0.4019752144314607 __DUMMY__ 0.18171990071879804	false	0.5
penner	off 1.0		off 0.4208095273777856 neg 0.39781345266077944 __DUMMY__ 0.18137701996143485	false	1.0
seicht	neg 1.0		off 0.4192414984137011 neg 0.3990411065283865 __DUMMY__ 0.18171739505791237	false	0.5
dummheit	off 1.0		off 0.417219199017642 neg 0.4010789996984679 __DUMMY__ 0.18170180128389005	false	1.0
unerfreulich	neg 1.0		off 0.415573283769531 neg 0.4025041656007017 __DUMMY__ 0.1819225506297673	false	0.5
pikiert	neg 1.0		off 0.4183590278267598 neg 0.3999284334677137 __DUMMY__ 0.18171253870552653	false	0.5
motherfucker	off 1.0		off 0.3988895179711776 __DUMMY__ 0.3307766939223797 neg 0.27033378810644254	false	1.0
wrack	neg 1.0		off 0.41583187041131314 neg 0.4021673259160611 __DUMMY__ 0.1820008036726257	false	0.5
gangster	neg 1.0		off 0.415414348619221 neg 0.3239530585748212 __DUMMY__ 0.2606325928059577	false	0.5
krank	neg 1.0		off 0.420045492235289 neg 0.39841554136292107 __DUMMY__ 0.18153896640178996	false	0.5
reich	neg 1.0		off 0.41571241286323796 neg 0.4023006144651169 __DUMMY__ 0.18198697267164526	false	0.5
gnadenlos	neg 1.0		off 0.41760603412454556 neg 0.40054298512420355 __DUMMY__ 0.18185098075125072	false	0.5
niedergeschlagen	neg 1.0		off 0.4167786754738338 neg 0.4013648877736526 __DUMMY__ 0.1818564367525137	false	0.5
terrorisieren	off 1.0	off 1.0	off 0.6959928649806949 neg 0.21717016708606732 __DUMMY__ 0.08683696793323774	false	1.0
sinnlosigkeit	neg 1.0		off 0.41611699303784383 neg 0.4020881285257977 __DUMMY__ 0.18179487843635853	false	0.5
behindern	neg 1.0		off 0.41265986221966583 neg 0.40553688036064955 __DUMMY__ 0.1818032574196845	false	0.5
undemokratisch	neg 1.0		off 0.41443958728996705 neg 0.404086576115723 __DUMMY__ 0.18147383659431002	false	0.5
wirtschaftskrise	neg 1.0		off 0.41112691848011546 neg 0.4067321880731658 __DUMMY__ 0.18214089344671877	false	0.5
neid	neg 1.0		off 0.41847465052100197 neg 0.3996007775713852 __DUMMY__ 0.18192457190761283	false	0.5
rutschen	neg 1.0		off 0.4167601780295574 neg 0.4010976859229657 __DUMMY__ 0.18214213604747678	false	0.5
rezession	neg 1.0		off 0.4093435675032165 neg 0.40847900847418916 __DUMMY__ 0.1821774240225945	false	0.5
fehlgeburt	neg 1.0		off 0.4186373165267192 neg 0.39998285483238977 __DUMMY__ 0.18137982864089114	false	0.5
charakterschwach	off 1.0		off 0.41810999377740127 neg 0.40020085169040226 __DUMMY__ 0.1816891545321965	false	1.0
isolation	neg 1.0		neg 0.41752603807397926 off 0.40338601130155766 __DUMMY__ 0.17908795062446314	false	1.0
ablenkung	neg 1.0		off 0.41765190653761736 neg 0.40060536958296866 __DUMMY__ 0.18174272387941398	false	0.5
pech	neg 1.0		off 0.4195164187970013 neg 0.39872353145868245 __DUMMY__ 0.18176004974431628	false	0.5
dominieren	neg 1.0		off 0.4121176449815147 neg 0.40546581680857563 __DUMMY__ 0.18241653820990963	false	0.5
vermeidung	neg 1.0		neg 0.4106101585929538 off 0.4079905951926583 __DUMMY__ 0.1813992462143878	false	1.0
schwindlig	neg 1.0		off 0.4206975852159201 neg 0.39788610571827393 __DUMMY__ 0.18141630906580591	false	0.5
lutscher	neg 1.0		off 0.4242730132143842 neg 0.39476439997324214 __DUMMY__ 0.18096258681237368	false	0.5
pflicht	neg 1.0		off 0.4153709885441378 neg 0.4026591674864585 __DUMMY__ 0.1819698439694036	false	0.5
faschist	off 1.0		off 0.4168128208276011 neg 0.40155418358336586 __DUMMY__ 0.1816329955890331	false	1.0
verschleudern	neg 1.0		off 0.4129498793293076 neg 0.4050741318833068 __DUMMY__ 0.18197598878738552	false	0.5
ehebruch	neg 1.0		off 0.4160049903563626 neg 0.40212230543617783 __DUMMY__ 0.1818727042074596	false	0.5
trostlosigkeit	neg 1.0		off 0.415080141221866 neg 0.4030196321319959 __DUMMY__ 0.1819002266461382	false	0.5
lutschen	neg 1.0		off 0.42481148010803504 neg 0.39477487641455533 __DUMMY__ 0.1804136434774095	false	0.5
spott	off 1.0		off 0.4153688085138519 neg 0.4027597821163578 __DUMMY__ 0.18187140936979024	false	1.0
undiszipliniert	neg 1.0		off 0.41963440625123855 neg 0.3988803193043872 __DUMMY__ 0.18148527444437432	false	0.5
kopfschmerz	neg 1.0		off 0.4184763497259228 neg 0.4001381855807541 __DUMMY__ 0.18138546469332315	false	0.5
unvorhergesehen	neg 1.0		off 0.41729301389422135 neg 0.40076554011567356 __DUMMY__ 0.18194144599010512	false	0.5
desinteressiert	neg 1.0		off 0.41943701189421656 neg 0.39894260337535 __DUMMY__ 0.18162038473043352	false	0.5
armselig	off 1.0		off 0.41817692472910695 neg 0.39998812018583924 __DUMMY__ 0.18183495508505393	false	1.0
tod	neg 1.0		off 0.4151951072124011 neg 0.402849140535667 __DUMMY__ 0.18195575225193175	false	0.5
desaster	neg 1.0		off 0.41369204223002765 neg 0.404285425097189 __DUMMY__ 0.18202253267278337	false	0.5
herzlos	neg 1.0		off 0.41943872462029813 neg 0.398927342982999 __DUMMY__ 0.18163393239670306	false	0.5
unwissenheit	neg 1.0		off 0.4153784004342911 neg 0.40292019060730017 __DUMMY__ 0.18170140895840872	false	0.5
widersinnig	neg 1.0		off 0.4141712223218634 neg 0.4040898611695105 __DUMMY__ 0.1817389165086261	false	0.5
bedenklich	neg 1.0		off 0.41561849377699345 neg 0.4025645122791924 __DUMMY__ 0.18181699394381418	false	0.5
beanstanden	neg 1.0		off 0.41488331713480175 neg 0.4031318009289575 __DUMMY__ 0.18198488193624074	false	0.5
panisch	neg 1.0		off 0.41874075629906404 neg 0.39970509984345237 __DUMMY__ 0.18155414385748378	false	0.5
abstrich	neg 1.0		off 0.41837172522515476 neg 0.40037754256822095 __DUMMY__ 0.18125073220662422	false	0.5
debil	off 1.0		off 0.43116708212472304 neg 0.38983254535491213 __DUMMY__ 0.17900037252036483	false	1.0
primitiv	neg 1.0		off 0.4185299647094407 neg 0.3996074343071399 __DUMMY__ 0.1818626009834194	false	0.5
abschaum	off 1.0		off 0.4178840318636634 neg 0.4003862103461989 __DUMMY__ 0.18172975779013767	false	1.0
tot	neg 1.0		off 0.41893082042235236 neg 0.3995617882967355 __DUMMY__ 0.18150739128091203	false	0.5
provozieren	neg 1.0		off 0.41715009438684025 neg 0.4010813356646941 __DUMMY__ 0.18176856994846569	false	0.5
instabil	neg 1.0		off 0.41653786926064224 neg 0.40135019341744116 __DUMMY__ 0.18211193732191652	false	0.5
schwuchtel	off 1.0		off 0.42490207120065404 neg 0.39436625450558066 __DUMMY__ 0.1807316742937652	false	1.0
zerren	neg 1.0		off 0.416980135725656 neg 0.40125281744980396 __DUMMY__ 0.18176704682454	false	0.5
kinderficker	off 1.0		off 0.4184124449695679 neg 0.400147508547573 __DUMMY__ 0.1814400464828591	false	1.0
gefahr	neg 1.0		off 0.41241408491509407 neg 0.4054260430373894 __DUMMY__ 0.18215987204751663	false	0.5
rabiat	neg 1.0		off 0.41714503631721633 neg 0.4009541787683356 __DUMMY__ 0.18190078491444794	false	0.5
verlangsamung	neg 1.0		off 0.41062909918515506 neg 0.40686081798680124 __DUMMY__ 0.18251008282804357	false	0.5
anklagen	neg 1.0		off 0.41247260881165754 neg 0.40575453217753754 __DUMMY__ 0.18177285901080484	false	0.5
ausgestorben	neg 1.0		off 0.41665355282930877 neg 0.4013170757282857 __DUMMY__ 0.1820293714424057	false	0.5
verminderung	neg 1.0		neg 0.4106954608033667 off 0.4077323427626814 __DUMMY__ 0.181572196433952	false	1.0
rost	neg 1.0		off 0.41390746399704137 neg 0.40311371967689397 __DUMMY__ 0.1829788163260646	false	0.5
destruktiv	neg 1.0		off 0.41607771831090606 neg 0.4021514415396572 __DUMMY__ 0.18177084014943667	false	0.5
unzumutbarkeit	neg 1.0		off 0.4124223929139941 neg 0.4056361862489596 __DUMMY__ 0.1819414208370465	false	0.5
labil	off 1.0	off 1.0	off 0.7759366593138917 neg 0.15401614861292814 __DUMMY__ 0.07004719207318018	false	1.0
ziemlich	neg 1.0		off 0.41952607383129853 neg 0.398837195265415 __DUMMY__ 0.18163673090328641	false	0.5
lachnummer	off 1.0		off 0.41614297615831536 neg 0.4019626448334171 __DUMMY__ 0.18189437900826746	false	1.0
ausgrenzung	neg 1.0		off 0.4131019344846713 neg 0.4051542722623573 __DUMMY__ 0.18174379325297133	false	0.5
verfall	neg 1.0		off 0.41367747243104475 neg 0.4043554932010494 __DUMMY__ 0.1819670343679059	false	0.5
unordnung	neg 1.0	neg 1.0	neg 0.6850788107798628 off 0.22727434043293035 __DUMMY__ 0.08764684878720687	false	1.0
fehlverhalten	neg 1.0		off 0.41474108571782786 neg 0.403400520367226 __DUMMY__ 0.18185839391494618	false	0.5
nille	neg 1.0		off 0.4321333910827454 neg 0.38863835281310666 __DUMMY__ 0.17922825610414805	false	0.5
qual	neg 1.0		off 0.4212192522638103 neg 0.412622859960982 __DUMMY__ 0.16615788777520768	false	0.5
riesig	neg 1.0		off 0.4231052274446612 neg 0.3952418564223195 __DUMMY__ 0.18165291613301926	false	0.5
verschwenden	neg 1.0		off 0.41625233155210567 neg 0.40194231208691716 __DUMMY__ 0.1818053563609773	false	0.5
verurteilen	neg 1.0		off 0.41535986157735194 neg 0.40289685626256494 __DUMMY__ 0.18174328216008295	false	0.5
klischee	neg 1.0		off 0.41799165781769954 neg 0.4002003493237681 __DUMMY__ 0.18180799285853233	false	0.5
diktatorisch	neg 1.0		off 0.41486323944528297 neg 0.4036172530540176 __DUMMY__ 0.18151950750069945	false	0.5
vorhersehbar	neg 1.0		off 0.41738652004050103 neg 0.400677790523456 __DUMMY__ 0.18193568943604288	false	0.5
stornieren	neg 1.0		off 0.4153648662919754 neg 0.4028705852870346 __DUMMY__ 0.18176454842099	false	0.5
besteuerung	neg 1.0		neg 0.40928888662132773 off 0.40881434079494244 __DUMMY__ 0.18189677258372988	false	1.0
ungeschminkt	neg 1.0		off 0.42309726637102196 neg 0.39603980936084837 __DUMMY__ 0.18086292426812947	false	0.5
kritisch	neg 1.0		off 0.41533354330635325 neg 0.40279206662266637 __DUMMY__ 0.18187439007098027	false	0.5
schlamperei	off 1.0		off 0.4127404459352342 neg 0.40533567228880746 __DUMMY__ 0.18192388177595836	false	1.0
sucht	neg 1.0		off 0.41629953552251486 neg 0.4009802334274691 __DUMMY__ 0.18272023105001606	false	0.5
egoistisch	off 1.0		off 0.41968914133757906 neg 0.3988937325425748 __DUMMY__ 0.18141712611984614	false	1.0
ausbeuter	off 1.0		off 0.4148516629673745 neg 0.40329203850836376 __DUMMY__ 0.1818562985242617	false	1.0
arschgeburt			off 0.4259294379870659 neg 0.39354375519557633 __DUMMY__ 0.18052680681735783	false	0.0
schubs	neg 1.0		off 0.4199149439132748 neg 0.39881266086807526 __DUMMY__ 0.18127239521864996	false	0.5
unsolide	neg 1.0		off 0.4146044116815319 neg 0.40381953121031866 __DUMMY__ 0.18157605710814945	false	0.5
beschwerde	neg 1.0		off 0.41288818516540693 neg 0.40538360527340356 __DUMMY__ 0.18172820956118937	false	0.5
stocken	neg 1.0		off 0.41129878503479267 neg 0.40634516503378093 __DUMMY__ 0.18235604993142654	false	0.5
isolieren	neg 1.0		off 0.4120356846394581 neg 0.4059115542376551 __DUMMY__ 0.18205276112288674	false	0.5
unheilbar	neg 1.0		off 0.41689643462630954 neg 0.4013272482547893 __DUMMY__ 0.18177631711890127	false	0.5
pisser	off 1.0		off 0.42587419043831537 neg 0.3934396549098877 __DUMMY__ 0.180686154651797	false	1.0
löschen	neg 1.0		off 0.41896746302887167 neg 0.40203785144837995 __DUMMY__ 0.1789946855227483	false	0.5
durchfallen	neg 1.0		off 0.41611692736224587 neg 0.40215785979013874 __DUMMY__ 0.1817252128476154	false	0.5
wichser	off 1.0		off 0.4211389321662644 neg 0.3974830104728982 __DUMMY__ 0.18137805736083745	false	1.0
terror	neg 1.0		neg 0.4114781221665848 off 0.40845632360902284 __DUMMY__ 0.1800655542243922	false	1.0
krass	neg 1.0		off 0.42293170461270185 neg 0.3960553464409804 __DUMMY__ 0.18101294894631773	false	0.5
revolte	neg 1.0		off 0.41165755381131974 neg 0.40626966439578077 __DUMMY__ 0.18207278179289943	false	0.5
besorgt	neg 1.0		off 0.417031333855631 neg 0.40117947266042525 __DUMMY__ 0.18178919348394385	false	0.5
nachlassen	neg 1.0		off 0.4154144274653486 neg 0.4026210215048534 __DUMMY__ 0.18196455102979792	false	0.5
alt	neg 1.0		off 0.4206567074886411 neg 0.39743570344512125 __DUMMY__ 0.18190758906623758	false	0.5
hundesohn	off 1.0		off 0.4282102083936711 neg 0.3917186038346936 __DUMMY__ 0.18007118777163536	false	1.0
abschreckung	neg 1.0		off 0.4142250227480656 neg 0.40393893265468156 __DUMMY__ 0.18183604459725294	false	0.5
unqualifiziert	neg 1.0		off 0.41692327362760445 neg 0.4014698500924942 __DUMMY__ 0.18160687627990135	false	0.5
abgewichst	off 1.0		off 0.4299397790334381 neg 0.39048299954018234 __DUMMY__ 0.1795772214263797	false	1.0
kapitulation	neg 1.0		off 0.41302319082373573 neg 0.40501432385428976 __DUMMY__ 0.18196248532197448	false	0.5
schwer	neg 1.0		off 0.41731442829828225 neg 0.4007788240311497 __DUMMY__ 0.18190674767056808	false	0.5
bedeutungslosigkeit	neg 1.0		off 0.4147332713009673 neg 0.4032869144269465 __DUMMY__ 0.18197981427208612	false	0.5
unscharf	neg 1.0		off 0.42092199512747686 neg 0.3978466075189633 __DUMMY__ 0.18123139735355986	false	0.5
schwinden	neg 1.0		off 0.4117809978978843 neg 0.40600976224219576 __DUMMY__ 0.18220923985991988	false	0.5
versklavung	neg 1.0		off 0.41233290807477596 neg 0.4060008342814875 __DUMMY__ 0.18166625764373664	false	0.5
schlecht	neg 1.0		off 0.4189765526558075 neg 0.39933588175600926 __DUMMY__ 0.1816875655881833	false	0.5
verhasst	neg 1.0		off 0.41653166592098717 neg 0.4016309670886395 __DUMMY__ 0.18183736699037342	false	0.5
beschweren	neg 1.0		off 0.41756345710563647 neg 0.4005367746675092 __DUMMY__ 0.18189976822685433	false	0.5
scheiden	neg 1.0		off 0.4175856097605292 neg 0.40049140658403554 __DUMMY__ 0.18192298365543522	false	0.5
frustriert	neg 1.0		off 0.41688515555793243 neg 0.4012980921588561 __DUMMY__ 0.18181675228321156	false	0.5
schimmelig	neg 1.0		off 0.42305568811710553 neg 0.39587356682414515 __DUMMY__ 0.18107074505874937	false	0.5
fisch	neg 1.0		off 0.42054627109364845 neg 0.3974766231155126 __DUMMY__ 0.18197710579083892	false	0.5
schmuggel	neg 1.0		off 0.41576286750312114 neg 0.402342163979565 __DUMMY__ 0.1818949685173138	false	0.5
auffallen	neg 1.0		off 0.41751593078355986 neg 0.4006682939861343 __DUMMY__ 0.1818157752303058	false	0.5
konkurrenz	neg 1.0		off 0.41493036358441665 neg 0.4031049400506413 __DUMMY__ 0.1819646963649419	false	0.5
teufelskreis	neg 1.0		off 0.41669064745761736 neg 0.4014065393805691 __DUMMY__ 0.1819028131618135	false	0.5
aufschreien	neg 1.0		off 0.41814134213095316 neg 0.4000398048524986 __DUMMY__ 0.1818188530165483	false	0.5
missgeburt	off 1.0		off 0.425909146804604 neg 0.3933528162483363 __DUMMY__ 0.18073803694705953	false	1.0
schuldner	neg 1.0		off 0.41194469811068013 neg 0.40606739968833805 __DUMMY__ 0.18198790220098193	false	0.5
befallen	neg 1.0		off 0.41445288153403625 neg 0.40401761199396463 __DUMMY__ 0.1815295064719991	false	0.5
arbeitslos	neg 1.0		off 0.41610547375676593 neg 0.40203107959039475 __DUMMY__ 0.18186344665283924	false	0.5
miesepetrig	off 1.0		off 0.41907770806370437 neg 0.3993307497168389 __DUMMY__ 0.18159154221945673	false	1.0
alarmieren	neg 1.0		off 0.41080542568520806 neg 0.40710109731934657 __DUMMY__ 0.1820934769954453	false	0.5
ungeduscht	off 1.0		off 0.421608561338592 neg 0.39734526050796065 __DUMMY__ 0.18104617815344734	false	1.0
knappheit	neg 1.0		off 0.41200268066276025 neg 0.4058789453809874 __DUMMY__ 0.18211837395625227	false	0.5
schlange	neg 1.0		off 0.4180087960082057 neg 0.4001012725396187 __DUMMY__ 0.18188993145217558	false	0.5
harsch	neg 1.0		off 0.4124935040016382 neg 0.40577805311529047 __DUMMY__ 0.18172844288307125	false	0.5
lang	neg 1.0	neg 1.0	neg 0.6460708874276423 off 0.25657610087706084 __DUMMY__ 0.09735301169529682	false	1.0
ziellos	neg 1.0		off 0.4166476302324575 neg 0.4014161184177429 __DUMMY__ 0.18193625134979954	false	0.5
selbstverliebt	neg 1.0		off 0.4221138019705743 neg 0.396614208597522 __DUMMY__ 0.18127198943190367	false	0.5
beseitigen	neg 1.0		off 0.4123117780856003 neg 0.40551103769521385 __DUMMY__ 0.18217718421918594	false	0.5
dumm	off 1.0		off 0.42055378169119306 neg 0.3980087755166944 __DUMMY__ 0.1814374427921127	false	1.0
arbeitsloser	neg 1.0		off 0.4158313019316173 neg 0.4022594916951437 __DUMMY__ 0.181909206373239	false	0.5
blitzen	neg 1.0		off 0.4170798732992908 neg 0.3996580228662838 __DUMMY__ 0.18326210383442543	false	0.5
hilflos	neg 1.0		off 0.4169635819980099 neg 0.40135292295148545 __DUMMY__ 0.18168349505050457	false	0.5
eklig	off 1.0		off 0.42225416053243453 neg 0.3966169066623426 __DUMMY__ 0.18112893280522294	false	1.0
hungersnot	neg 1.0		off 0.4127305944979272 neg 0.4051143665685981 __DUMMY__ 0.18215503893347468	false	0.5
ungesetzlich	neg 1.0		off 0.4141358823217947 neg 0.4041484521739234 __DUMMY__ 0.18171566550428167	false	0.5
verschwendung	neg 1.0		off 0.4157898368645933 neg 0.40237384624028394 __DUMMY__ 0.18183631689512275	false	0.5
schmerzvoll	neg 1.0		off 0.418138221443484 neg 0.400152874986843 __DUMMY__ 0.18170890356967284	false	0.5
vorzeitig	neg 1.0		off 0.41078013865147067 neg 0.40718690090031945 __DUMMY__ 0.18203296044820982	false	0.5
unvollkommenheit	neg 1.0		off 0.4165711873523843 neg 0.401617388845202 __DUMMY__ 0.18181142380241377	false	0.5
intervenieren	neg 1.0		off 0.4142599583370497 neg 0.40396951035124634 __DUMMY__ 0.18177053131170406	false	0.5
banause	off 1.0		off 0.4209938666261965 neg 0.39772300216669243 __DUMMY__ 0.18128313120711118	false	1.0
rebell	neg 1.0		off 0.42574947590061984 neg 0.3942950309314313 __DUMMY__ 0.17995549316794893	false	0.5
unlogisch	neg 1.0		off 0.41933627183265015 neg 0.3991452739100282 __DUMMY__ 0.18151845425732177	false	0.5
abschaffung	neg 1.0		off 0.41122760873299286 neg 0.4070976055389393 __DUMMY__ 0.18167478572806783	false	0.5
leiden	neg 1.0		off 0.41765603501335186 neg 0.4004424857551066 __DUMMY__ 0.1819014792315414	false	0.5
sturz	neg 1.0		off 0.41237359030821974 neg 0.40548879569295726 __DUMMY__ 0.182137613998823	false	0.5
verkleinerung	neg 1.0		off 0.4102787990257469 neg 0.40780391128662247 __DUMMY__ 0.18191728968763068	false	0.5
schmarotzer	off 1.0		off 0.4162432782814409 neg 0.4020110555219246 __DUMMY__ 0.1817456661966344	false	1.0
bestrafung	neg 1.0		off 0.41772627108060567 neg 0.40049475138594637 __DUMMY__ 0.18177897753344796	false	0.5
achtlos	neg 1.0		off 0.41696217651677264 neg 0.40132352852796693 __DUMMY__ 0.1817142949552605	false	0.5
ungeheuer	neg 1.0		off 0.4188114933764738 neg 0.39923853812752796 __DUMMY__ 0.18194996849599826	false	0.5
unaufrichtig	neg 1.0		off 0.4172597440273709 neg 0.4013770286976535 __DUMMY__ 0.1813632272749756	false	0.5
groggy	neg 1.0		off 0.42286633245837035 neg 0.3958026493052197 __DUMMY__ 0.1813310182364099	false	0.5
verletzlich	neg 1.0		off 0.4192682911907278 neg 0.39912581701241007 __DUMMY__ 0.1816058917968621	false	0.5
ablehnen	neg 1.0		off 0.4152201824582492 neg 0.4030430986795477 __DUMMY__ 0.1817367188622032	false	0.5
kollaps	neg 1.0		off 0.4103861663542174 neg 0.4075827037571867 __DUMMY__ 0.18203112988859582	false	0.5
beschnitten	neg 1.0		off 0.4175484949266357 neg 0.4006692041483284 __DUMMY__ 0.18178230092503592	false	0.5
defekt	neg 1.0		off 0.41147898955876266 neg 0.40680904886383096 __DUMMY__ 0.18171196157740632	false	0.5
dreckskerl	off 1.0		off 0.41940626214703575 neg 0.3991730488248571 __DUMMY__ 0.18142068902810718	false	1.0
deine	neg 1.0		off 0.42085077615335453 neg 0.39782232936153106 __DUMMY__ 0.18132689448511435	false	0.5
aufgeben	neg 1.0		off 0.4177780380911827 neg 0.4002167480086807 __DUMMY__ 0.1820052139001367	false	0.5
durcheinander	neg 1.0		off 0.4184007718140226 neg 0.3997785733169152 __DUMMY__ 0.18182065486906213	false	0.5
unterbrechen	neg 1.0		off 0.4165306305658752 neg 0.4015752099941742 __DUMMY__ 0.18189415943995066	false	0.5
vergammeln	neg 1.0		off 0.41809975050667897 neg 0.40009353984695367 __DUMMY__ 0.18180670964636736	false	0.5
grotesk	neg 1.0		off 0.4161371390060215 neg 0.40193419613651815 __DUMMY__ 0.1819286648574605	false	0.5
elendig	neg 1.0		off 0.41820060196422804 neg 0.40015449088427835 __DUMMY__ 0.18164490715149367	false	0.5
naiv	off 1.0		off 0.4178078102520951 neg 0.40029438143454493 __DUMMY__ 0.18189780831335986	false	1.0
uneinigkeit	neg 1.0		off 0.41178706789954866 neg 0.4062925930020075 __DUMMY__ 0.18192033909844385	false	0.5
fragil	neg 1.0		neg 0.4128179672448382 off 0.4086410835788328 __DUMMY__ 0.1785409491763289	false	1.0
provisorisch	neg 1.0		off 0.4162063472158631 neg 0.40166285134209456 __DUMMY__ 0.18213080144204238	false	0.5
landei	off 1.0		off 0.42104228030909224 neg 0.3973345672229032 __DUMMY__ 0.1816231524680046	false	1.0
bedauerlich	neg 1.0		off 0.41579526377296727 neg 0.40233806724079896 __DUMMY__ 0.1818666689862339	false	0.5
krieg	neg 1.0		off 0.4168088118573117 neg 0.401387794909234 __DUMMY__ 0.18180339323345437	false	0.5
traurigkeit	neg 1.0		off 0.4174627975364995 neg 0.4007041091683778 __DUMMY__ 0.18183309329512282	false	0.5
monotonie	neg 1.0		off 0.41625168677428354 neg 0.4017616215093308 __DUMMY__ 0.18198669171638565	false	0.5
unliebsam	neg 1.0		off 0.41671590788681484 neg 0.4014554108582942 __DUMMY__ 0.18182868125489096	false	0.5
drift	neg 1.0		neg 0.43671685368910157 off 0.402075063612159 __DUMMY__ 0.16120808269873946	false	1.0
chaos	neg 1.0		off 0.4137749490513312 neg 0.404347752388225 __DUMMY__ 0.18187729856044366	false	0.5
blutig	neg 1.0		off 0.4181602616031391 neg 0.39998228983446277 __DUMMY__ 0.18185744856239813	false	0.5
