unsolidarisch	neg 1.0		__DUMMY__ 0.44172116192899663 off 0.28320513219304577 neg 0.27507370587795776	false	0.5
nachteilig	neg 1.0		__DUMMY__ 0.4426207455316062 off 0.2820615829915611 neg 0.2753176714768328	false	0.5
skeptisch	neg 1.0		__DUMMY__ 0.442648319239546 off 0.2828639434482856 neg 0.2744877373121686	false	0.5
schrecklich	neg 1.0		__DUMMY__ 0.4415041496265367 off 0.28763451825120234 neg 0.27086133212226093	false	0.5
schlapp	neg 1.0		__DUMMY__ 0.4417551905810374 off 0.2877666954018356 neg 0.2704781140171272	false	0.5
abfall	neg 1.0		__DUMMY__ 0.4430901983815874 off 0.2819943032379121 neg 0.2749154983805005	false	0.5
widerspenstig	neg 1.0		__DUMMY__ 0.4419868253330049 off 0.28515121128983295 neg 0.2728619633771621	false	0.5
abrupt	neg 1.0		__DUMMY__ 0.4429428438762515 off 0.2836685753994977 neg 0.2733885807242507	false	0.5
unwirksam	neg 1.0		__DUMMY__ 0.4426833030851599 neg 0.27980008601464795 off 0.2775166109001923	false	1.0
angreifen	neg 1.0		__DUMMY__ 0.4425197027942103 off 0.28288403318578315 neg 0.2745962640200064	false	0.5
inkonsistent	neg 1.0		__DUMMY__ 0.4427674513230966 off 0.28480236852937485 neg 0.2724301801475285	false	0.5
abrutschen	neg 1.0		__DUMMY__ 0.4425764743298412 off 0.2828666358872878 neg 0.27455688978287096	false	0.5
unsicher	neg 1.0		__DUMMY__ 0.4423882619027808 off 0.2848627304526931 neg 0.27274900764452603	false	0.5
bauernkind	off 1.0		__DUMMY__ 0.44030625359250536 off 0.2917422243410208 neg 0.2679515220664739	false	1.0
angreifer	neg 1.0		__DUMMY__ 0.4423496963700259 off 0.2803241820580945 neg 0.27732612157187964	false	0.5
trennen	neg 1.0		__DUMMY__ 0.4432134300222549 off 0.28367303148647116 neg 0.2731135384912739	false	0.5
schmutz	neg 1.0		__DUMMY__ 0.44289840803663766 off 0.2803172351286541 neg 0.27678435683470826	false	0.5
inkonsistenz	neg 1.0		__DUMMY__ 0.4420469280412387 off 0.28565937593581453 neg 0.2722936960229469	false	0.5
erschreckend	neg 1.0		__DUMMY__ 0.44243402564468964 off 0.2836656775511004 neg 0.27390029680420996	false	0.5
ertrinken	neg 1.0		__DUMMY__ 0.4419531747162943 off 0.2842331517396593 neg 0.2738136735440465	false	0.5
pickelface	off 1.0		__DUMMY__ 0.4391262909536277 off 0.2961413052680468 neg 0.2647324037783256	false	1.0
lauch	neg 1.0		__DUMMY__ 0.439868838225773 off 0.29318927946827894 neg 0.2669418823059482	false	0.5
steuerhinterziehung	neg 1.0		__DUMMY__ 0.44224966830104356 off 0.28014726427293557 neg 0.2776030674260208	false	0.5
unwichtig	neg 1.0		__DUMMY__ 0.4421353693774523 off 0.2857031918570777 neg 0.27216143876546994	false	0.5
schock	neg 1.0		__DUMMY__ 0.4428133626048138 off 0.2848043461363446 neg 0.27238229125884156	false	0.5
vergelten	neg 1.0		__DUMMY__ 0.4411247045084995 off 0.2826728638851784 neg 0.276202431606322	false	0.5
beule	neg 1.0		__DUMMY__ 0.44148837089824167 off 0.28847580286215824 neg 0.2700358262396	false	0.5
verdorbenheit	neg 1.0		__DUMMY__ 0.44510632236761827 off 0.28216763309380083 neg 0.2727260445385809	false	0.5
trauma			__DUMMY__ 0.4052862802201043 off 0.3153628821838057 neg 0.2793508375960899	false	0.0
sinnlos	neg 1.0		__DUMMY__ 0.4420582320820608 off 0.28565490186178527 neg 0.2722868660561539	false	0.5
fettsack	off 1.0		__DUMMY__ 0.44083492031804294 off 0.2912151613013521 neg 0.26794991838060495	false	1.0
feige	off 1.0		__DUMMY__ 0.44226101189313793 off 0.28564202666037647 neg 0.27209696144648554	false	1.0
abdanken	neg 1.0		__DUMMY__ 0.4421290011948723 off 0.28321691769517543 neg 0.2746540811099523	false	0.5
wichtigtuer	off 1.0	off 1.0	off 0.6318901615311107 __DUMMY__ 0.21444985566030894 neg 0.15365998280858054	false	1.0
misslingen	neg 1.0		__DUMMY__ 0.44187438209420926 off 0.2850897192214013 neg 0.2730358986843895	false	0.5
untreu	off 1.0		__DUMMY__ 0.4422444182421921 off 0.28570770262960204 neg 0.27204787912820594	false	1.0
missmutig	neg 1.0		__DUMMY__ 0.44252085097157884 off 0.284904041306989 neg 0.2725751077214321	false	0.5
hurenbock	off 1.0		__DUMMY__ 0.43981481484824675 off 0.2916298637057397 neg 0.2685553214460134	false	1.0
betrunken	neg 1.0		__DUMMY__ 0.44141368868810726 off 0.28770266754562035 neg 0.2708836437662725	false	0.5
korrupt	off 1.0		__DUMMY__ 0.44200842921761735 off 0.28307175344905844 neg 0.2749198173333242	false	1.0
unmut	neg 1.0		__DUMMY__ 0.44268529106203647 off 0.28158375745216696 neg 0.2757309514857966	false	0.5
hackfresse	off 1.0		__DUMMY__ 0.4411068379461204 off 0.28860962735724 neg 0.27028353469663974	false	1.0
aufblasen	neg 1.0		__DUMMY__ 0.44216193365108847 off 0.28562018953213547 neg 0.2722178768167761	false	0.5
gewaltsam	neg 1.0		__DUMMY__ 0.44251631045034256 off 0.28093950990141037 neg 0.27654417964824707	false	0.5
unbeliebtheit	neg 1.0		__DUMMY__ 0.4425928328067279 off 0.2800345610497213 neg 0.27737260614355075	false	0.5
sturheit	neg 1.0		__DUMMY__ 0.44235682617473066 off 0.2829966506803801 neg 0.27464652314488924	false	0.5
kuh	neg 1.0		__DUMMY__ 0.4405010634630458 off 0.29193050563156897 neg 0.26756843090538523	false	0.5
erschrecken	neg 1.0		__DUMMY__ 0.44198041848812775 off 0.2861511432841708 neg 0.2718684382277014	false	0.5
opfer	neg 1.0		__DUMMY__ 0.4425652789695865 off 0.28341020859770627 neg 0.27402451243270715	false	0.5
stinktier	neg 1.0		__DUMMY__ 0.4404229225747211 off 0.29163639800556146 neg 0.2679406794197173	false	0.5
sinken	neg 1.0		__DUMMY__ 0.4437508150659769 off 0.27964022516198045 neg 0.27660895977204264	false	0.5
tucke	off 1.0		__DUMMY__ 0.4400046178137054 off 0.29089684014539136 neg 0.2690985420409033	false	1.0
abstieg	neg 1.0		__DUMMY__ 0.44297978749807515 off 0.2813552663973131 neg 0.2756649461046116	false	0.5
missverstehen	neg 1.0		__DUMMY__ 0.442343955910295 off 0.2849712661795458 neg 0.2726847779101592	false	0.5
ergebnislos	neg 1.0		__DUMMY__ 0.44312987056348 off 0.27947338769364277 neg 0.27739674174287726	false	0.5
manipulieren	neg 1.0		__DUMMY__ 0.44200868209225375 off 0.28326970780377236 neg 0.274721610103974	false	0.5
verschleppen	neg 1.0		__DUMMY__ 0.4426612505193796 off 0.2801373303817574 neg 0.27720141909886287	false	0.5
unbewiesen	neg 1.0		__DUMMY__ 0.44255129204185717 off 0.2815754259383925 neg 0.2758732820197504	false	0.5
weib	off 1.0		__DUMMY__ 0.44053992917994234 off 0.2906136882998756 neg 0.2688463825201819	false	1.0
opposition	neg 1.0		__DUMMY__ 0.4415180891854 neg 0.27967318141342556 off 0.27880872940117435	false	1.0
verkehrswidrig	neg 1.0		__DUMMY__ 0.4413782579864867 off 0.28068482672600276 neg 0.2779369152875105	false	0.5
inkorrekt	neg 1.0		__DUMMY__ 0.44212092947010384 off 0.28552391202061356 neg 0.27235515850928266	false	0.5
vermeiden	neg 1.0		__DUMMY__ 0.44307259645733404 off 0.28122855177470235 neg 0.2756988517679636	false	0.5
abweichung	neg 1.0		__DUMMY__ 0.4430021878996923 off 0.2809564810859556 neg 0.2760413310143521	false	0.5
alkoholisiert	neg 1.0		__DUMMY__ 0.442458879973301 off 0.2835738082021393 neg 0.27396731182455974	false	0.5
scheiss	off 1.0	off 1.0	off 0.6334077391159345 __DUMMY__ 0.21450857963167166 neg 0.15208368125239397	false	1.0
herausforderung	neg 1.0		__DUMMY__ 0.4433064897358239 off 0.2818656294747534 neg 0.2748278807894226	false	0.5
pervers	off 1.0		__DUMMY__ 0.44032230015221174 off 0.2905214723486636 neg 0.26915622749912466	false	1.0
wackelig	neg 1.0		__DUMMY__ 0.4422921164909187 off 0.28523307285596483 neg 0.2724748106531166	false	0.5
verwickeln	neg 1.0		__DUMMY__ 0.44250856179456405 off 0.2846773411583175 neg 0.27281409704711834	false	0.5
vorwand	neg 1.0		__DUMMY__ 0.44217864918372124 off 0.28310148264480783 neg 0.2747198681714709	false	0.5
muschi	off 1.0		__DUMMY__ 0.4392394945232616 off 0.29554931739754575 neg 0.2652111880791925	false	1.0
entmutigung	neg 1.0		__DUMMY__ 0.4422366758982848 off 0.2806429319241672 neg 0.27712039217754786	false	0.5
unstetig	neg 1.0		__DUMMY__ 0.44232328490959016 off 0.2834445428240542 neg 0.2742321722663556	false	0.5
unangemessen	neg 1.0		__DUMMY__ 0.442376670969886 off 0.2833054448136471 neg 0.274317884216467	false	0.5
entmutigen	neg 1.0		__DUMMY__ 0.44240803916715765 off 0.28502847283074817 neg 0.2725634880020941	false	0.5
schwanz	neg 1.0		__DUMMY__ 0.4386536643461519 off 0.2936772035716582 neg 0.26766913208218995	false	0.5
verbot	neg 1.0		__DUMMY__ 0.4422902227312356 off 0.28076104658089907 neg 0.27694873068786524	false	0.5
leid	neg 1.0		__DUMMY__ 0.44152138871830454 off 0.2880738504799953 neg 0.2704047608017001	false	0.5
archaisch	neg 1.0		__DUMMY__ 0.4422321846697267 off 0.2834707618598017 neg 0.27429705347047173	false	0.5
scheidung	neg 1.0		__DUMMY__ 0.44308019973145535 neg 0.27861319367897486 off 0.27830660658956974	false	1.0
abgestanden	neg 1.0		__DUMMY__ 0.44255984348007815 off 0.2866373972841021 neg 0.2708027592358198	false	0.5
einschlag	neg 1.0		__DUMMY__ 0.4429976924090316 off 0.28079570712096563 neg 0.27620660047000284	false	0.5
schmierig	off 1.0		__DUMMY__ 0.4416960066645763 off 0.28762583605888203 neg 0.2706781572765417	false	1.0
unpraktisch	neg 1.0		__DUMMY__ 0.44193230196175337 off 0.286646725279986 neg 0.27142097275826055	false	0.5
wixxer	off 1.0		__DUMMY__ 0.44064469147815954 off 0.29155900264881496 neg 0.2677963058730254	false	1.0
jammerlappen	off 1.0		__DUMMY__ 0.44206589353982517 off 0.2857413233581876 neg 0.27219278310198713	false	1.0
farce	neg 1.0		__DUMMY__ 0.44243849968602933 off 0.28077542526068133 neg 0.2767860750532892	false	0.5
zwecklos	neg 1.0		__DUMMY__ 0.44254998079824726 off 0.28339951666419183 neg 0.2740505025375609	false	0.5
turbulent	neg 1.0		__DUMMY__ 0.44173248389059194 off 0.28295830828949436 neg 0.2753092078199137	false	0.5
schuld	neg 1.0		__DUMMY__ 0.44199398942110213 off 0.2849666941272311 neg 0.2730393164516667	false	0.5
risiko	neg 1.0		__DUMMY__ 0.44393112563007464 off 0.2787873095816825 neg 0.2772815647882429	false	0.5
invasion	neg 1.0		__DUMMY__ 0.4328575387875467 neg 0.29458850534077013 off 0.2725539558716833	false	1.0
finster	neg 1.0		__DUMMY__ 0.442304970922664 off 0.28696978181238386 neg 0.27072524726495223	false	0.5
geisteskrank	off 1.0		__DUMMY__ 0.44225906605721577 off 0.2856485194551279 neg 0.27209241448765636	false	1.0
ausbeute	neg 1.0		__DUMMY__ 0.4443644662068181 off 0.28328380846680024 neg 0.27235172532638163	false	0.5
zusammenbrechen	neg 1.0		__DUMMY__ 0.44208979643933766 off 0.2842769393848592 neg 0.27363326417580297	false	0.5
hinterhalt	neg 1.0		__DUMMY__ 0.44255690293235667 off 0.28332182740907735 neg 0.274121269658566	false	0.5
kritik	neg 1.0		__DUMMY__ 0.4423286716865176 off 0.2810719478897402 neg 0.27659938042374216	false	0.5
einschrumpfen	neg 1.0		__DUMMY__ 0.439766448744427 off 0.28095631564706447 neg 0.27927723560850853	false	0.5
riskant	neg 1.0		__DUMMY__ 0.4424759230622551 off 0.28344796695330243 neg 0.27407610998444243	false	0.5
frustrieren	neg 1.0		__DUMMY__ 0.4425704551715932 off 0.28383692702173197 neg 0.27359261780667493	false	0.5
groll	neg 1.0		__DUMMY__ 0.4426064096390719 off 0.283164509637814 neg 0.27422908072311425	false	0.5
qualvoll	neg 1.0		__DUMMY__ 0.4416914365691014 off 0.28578521556277814 neg 0.2725233478681203	false	0.5
wackeln	neg 1.0		__DUMMY__ 0.4425732450356605 off 0.28512311643123933 neg 0.27230363853310036	false	0.5
klagen	neg 1.0		__DUMMY__ 0.44242038720218113 off 0.2813656059632469 neg 0.27621400683457203	false	0.5
trauern	neg 1.0		__DUMMY__ 0.44239014711718994 off 0.2836924348652906 neg 0.2739174180175195	false	0.5
ablehnung	neg 1.0		__DUMMY__ 0.442557826550772 off 0.2805497687132348 neg 0.2768924047359931	false	0.5
bankrott	neg 1.0		__DUMMY__ 0.44127344467355084 neg 0.28220671070575293 off 0.2765198446206963	false	1.0
stur	neg 1.0		__DUMMY__ 0.44199182319619973 off 0.28457739014193506 neg 0.27343078666186527	false	0.5
aufruhr	neg 1.0		__DUMMY__ 0.4433553645069547 off 0.2792794692172153 neg 0.27736516627583013	false	0.5
melancholie	neg 1.0		__DUMMY__ 0.4422234342000768 off 0.28624676679190875 neg 0.27152979900801444	false	0.5
torheit	neg 1.0		__DUMMY__ 0.4423980705987964 off 0.2827262983514212 neg 0.27487563104978235	false	0.5
dreckskind	off 1.0		__DUMMY__ 0.43971538758039436 off 0.2942164507713102 neg 0.26606816164829555	false	1.0
umtauschen	neg 1.0		__DUMMY__ 0.441734655793575 off 0.28660215463124217 neg 0.2716631895751828	false	0.5
zersetzen	neg 1.0		__DUMMY__ 0.44248372763339977 off 0.2823366382614273 neg 0.2751796341051729	false	0.5
frust	neg 1.0		__DUMMY__ 0.4421701158130237 off 0.2841537226678281 neg 0.27367616151914825	false	0.5
unerbittlichkeit	neg 1.0		__DUMMY__ 0.4425172324705842 off 0.28238431374864126 neg 0.27509845378077447	false	0.5
unkorrekt	neg 1.0		__DUMMY__ 0.44159958343165134 off 0.28604556582376417 neg 0.27235485074458443	false	0.5
hexe	off 1.0		__DUMMY__ 0.44237913665398726 off 0.28844774293479575 neg 0.269173120411217	false	1.0
lasch	neg 1.0		__DUMMY__ 0.44223470352901373 off 0.2846748937031856 neg 0.2730904027678008	false	0.5
rivale	neg 1.0		__DUMMY__ 0.44193507581804314 off 0.27942363298318373 neg 0.2786412911987732	false	0.5
mutlos	off 1.0		__DUMMY__ 0.4425157962403201 off 0.2828293440908964 neg 0.2746548596687835	false	1.0
wirr	off 1.0		__DUMMY__ 0.44083186042785316 off 0.28794104660056336 neg 0.27122709297158365	false	1.0
strafbar	neg 1.0		__DUMMY__ 0.44254457628615673 off 0.28315614954742707 neg 0.2742992741664161	false	0.5
erosion	neg 1.0	neg 1.0	neg 0.6218299561830047 __DUMMY__ 0.2197161674883864 off 0.15845387632860883	false	1.0
eingehen	neg 1.0		__DUMMY__ 0.4424549021479053 off 0.28348613955972873 neg 0.27405895829236593	false	0.5
faul	off 1.0		__DUMMY__ 0.44131472547869155 off 0.2879526016108631 neg 0.27073267291044545	false	1.0
provisorium	neg 1.0		__DUMMY__ 0.4430170685568565 off 0.2822840858798647 neg 0.27469884556327884	false	0.5
schmerzen	neg 1.0		__DUMMY__ 0.4414065324719536 off 0.28653378557115367 neg 0.2720596819568928	false	0.5
schrumpfen	neg 1.0		__DUMMY__ 0.44306891594424364 off 0.2810651792272821 neg 0.27586590482847423	false	0.5
geistlos	off 1.0		__DUMMY__ 0.44221741504482887 off 0.28440415953400566 neg 0.2733784254211654	false	1.0
frustrierend	neg 1.0		__DUMMY__ 0.44235460286121686 off 0.28591444588391557 neg 0.27173095125486774	false	0.5
fehlkauf	neg 1.0		__DUMMY__ 0.44437932947611636 off 0.283085724894894 neg 0.2725349456289897	false	0.5
unzufrieden	neg 1.0		__DUMMY__ 0.44259786902326553 off 0.28338358250209833 neg 0.2740185484746362	false	0.5
verzweifeln	neg 1.0		__DUMMY__ 0.4422847007779815 off 0.28450554076109763 neg 0.2732097584609209	false	0.5
verzweifelt	neg 1.0		__DUMMY__ 0.44239399777223193 off 0.2851155394105424 neg 0.27249046281722566	false	0.5
misstrauensantrag	neg 1.0		__DUMMY__ 0.44132255042474094 neg 0.2793916444263876 off 0.2792858051488716	false	1.0
abfallen	neg 1.0		__DUMMY__ 0.44170205322935063 off 0.28669098213006794 neg 0.2716069646405815	false	0.5
fucker	off 1.0		__DUMMY__ 0.5358880080961002 off 0.2864382161707559 neg 0.17767377573314397	false	1.0
ungezogen	neg 1.0		__DUMMY__ 0.441097592760218 off 0.288762682907543 neg 0.27013972433223904	false	0.5
irrsinnig	neg 1.0		__DUMMY__ 0.44215940886993466 off 0.2852086898193863 neg 0.272631901310679	false	0.5
hart	neg 1.0		__DUMMY__ 0.43943893050612626 off 0.2927148256204452 neg 0.26784624387342865	false	0.5
unfassbar	neg 1.0		__DUMMY__ 0.44258693079620415 off 0.28566244923962986 neg 0.2717506199641661	false	0.5
widerlich	off 1.0		__DUMMY__ 0.4418566470560039 off 0.2861469982512254 neg 0.2719963546927708	false	1.0
fatal			__DUMMY__ 0.4254871656071714 off 0.29019054750178985 neg 0.2843222868910388	false	0.0
bruch	neg 1.0		__DUMMY__ 0.44293510411131687 off 0.28202851245870614 neg 0.27503638342997694	false	0.5
aushungern	neg 1.0		__DUMMY__ 0.4419776565142453 off 0.28141395137795205 neg 0.2766083921078025	false	0.5
anspannung	neg 1.0		__DUMMY__ 0.44283948357069747 off 0.2830518758171375 neg 0.27410864061216494	false	0.5
kraftlos	neg 1.0		__DUMMY__ 0.44247878544294317 off 0.2842962015257996 neg 0.2732250130312572	false	0.5
grenzdebil	off 1.0		__DUMMY__ 0.4416855845213408 off 0.28671362757692204 neg 0.27160078790173714	false	1.0
unterwerfen	neg 1.0		__DUMMY__ 0.44241704249113906 off 0.2832559474108797 neg 0.2743270100979812	false	0.5
versenkung	neg 1.0		__DUMMY__ 0.4426694445004327 off 0.2833263710284215 neg 0.27400418447114594	false	0.5
entziehen	neg 1.0		__DUMMY__ 0.44270480359358 off 0.28253561827648366 neg 0.2747595781299364	false	0.5
finanzkrise	neg 1.0		__DUMMY__ 0.4428177649083361 neg 0.2791576818815275 off 0.27802455321013636	false	1.0
schimpfend	neg 1.0		__DUMMY__ 0.4416635002298784 off 0.286185691144582 neg 0.27215080862553964	false	0.5
profan	neg 1.0		__DUMMY__ 0.4422954448312495 off 0.28546871165507376 neg 0.2722358435136767	false	0.5
korruption	neg 1.0		__DUMMY__ 0.442372159007049 off 0.28029022768558337 neg 0.27733761330736767	false	0.5
schmutzig	neg 1.0		__DUMMY__ 0.4417300891984525 off 0.286900084224038 neg 0.27136982657750935	false	0.5
abraten	neg 1.0		__DUMMY__ 0.44218669509748953 off 0.28600078237461796 neg 0.27181252252789256	false	0.5
sexy	neg 1.0		__DUMMY__ 0.40952437435198313 off 0.30716332548723385 neg 0.28331230016078307	false	0.5
fotze	off 1.0		__DUMMY__ 0.438082016038834 off 0.2976276265610844 neg 0.26429035740008167	false	1.0
schwarz	neg 1.0		__DUMMY__ 0.44300635689447576 off 0.28379194681048914 neg 0.27320169629503493	false	0.5
verwirren	neg 1.0		__DUMMY__ 0.44202720444312366 off 0.28598345069994896 neg 0.2719893448569274	false	0.5
zahnlos	off 1.0		__DUMMY__ 0.4427959760369163 off 0.2834031548807189 neg 0.27380086908236495	false	1.0
verheeren	neg 1.0		__DUMMY__ 0.4422726339888742 neg 0.279926271392368 off 0.2778010946187579	false	1.0
rammen	neg 1.0		__DUMMY__ 0.4418931672806389 off 0.28696625030761097 neg 0.27114058241175004	false	0.5
unlauter	neg 1.0		__DUMMY__ 0.4419529318561813 off 0.280203529412263 neg 0.2778435387315558	false	0.5
unheilvoll	neg 1.0		__DUMMY__ 0.44162380278504804 off 0.28547023908807667 neg 0.2729059581268754	false	0.5
niedrig	neg 1.0		__DUMMY__ 0.4442237553565919 off 0.2799613095625874 neg 0.2758149350808208	false	0.5
weichei	off 1.0		__DUMMY__ 0.44136054506237854 off 0.2886324060932533 neg 0.2700070488443682	false	1.0
explosion	neg 1.0		__DUMMY__ 0.4387694790052861 neg 0.2861272171891572 off 0.27510330380555664	false	1.0
minusmensch	off 1.0		__DUMMY__ 0.4405686431465111 off 0.29339675516023306 neg 0.26603460169325577	false	1.0
farblos	neg 1.0		__DUMMY__ 0.44389068517919766 off 0.2841138687232827 neg 0.2719954460975197	false	0.5
unwissend	neg 1.0		__DUMMY__ 0.44196918974817845 off 0.2860821908558855 neg 0.2719486193959361	false	0.5
traurig	neg 1.0		__DUMMY__ 0.4417535844000597 off 0.2871663332434164 neg 0.2710800823565239	false	0.5
senkung	neg 1.0		__DUMMY__ 0.44185075443696875 neg 0.28198911157877926 off 0.27616013398425204	false	1.0
ungleich	neg 1.0		__DUMMY__ 0.44242830770320646 off 0.2830202225262116 neg 0.27455146977058204	false	0.5
heikel	neg 1.0		__DUMMY__ 0.44229829929771197 off 0.28325307101160957 neg 0.27444862969067846	false	0.5
drosselung	neg 1.0		__DUMMY__ 0.44239939323708494 neg 0.2806577903840844 off 0.2769428163788307	false	1.0
falsch	neg 1.0		__DUMMY__ 0.44200723183878937 off 0.285997852792224 neg 0.2719949153689866	false	0.5
unzufriedenheit	neg 1.0		__DUMMY__ 0.4425021078962367 off 0.2823680899373858 neg 0.27512980216637756	false	0.5
kurz	neg 1.0		__DUMMY__ 0.4424097750037156 off 0.2855740756441642 neg 0.27201614935212015	false	0.5
unsinnig	neg 1.0		__DUMMY__ 0.44210138948594446 off 0.283925247308512 neg 0.27397336320554366	false	0.5
penner	off 1.0		__DUMMY__ 0.4413141650889743 off 0.2883545654449487 neg 0.27033126946607683	false	1.0
seicht	neg 1.0		__DUMMY__ 0.4420939131866548 off 0.2866635963462035 neg 0.2712424904671418	false	0.5
dummheit	off 1.0		__DUMMY__ 0.44205572634483764 off 0.28478342992831124 neg 0.2731608437268512	false	1.0
unerfreulich	neg 1.0		__DUMMY__ 0.4425783774831985 off 0.28307781670611537 neg 0.2743438058106861	false	0.5
pikiert	neg 1.0		__DUMMY__ 0.4420907980837233 off 0.28584626465225754 neg 0.27206293726401926	false	0.5
motherfucker	off 1.0		__DUMMY__ 0.5249542719267696 off 0.28526170080316404 neg 0.1897840272700664	false	1.0
wrack	neg 1.0		__DUMMY__ 0.4428538233189461 off 0.2832039558195721 neg 0.2739422208614819	false	0.5
gangster	neg 1.0		__DUMMY__ 0.4726796155767094 off 0.29832093022713985 neg 0.2289994541961508	false	0.5
krank	neg 1.0		__DUMMY__ 0.4416836131677307 off 0.2875335036314861 neg 0.27078288320078314	false	0.5
reich	neg 1.0		__DUMMY__ 0.44271802598973514 off 0.28316724589053865 neg 0.27411472811972615	false	0.5
gnadenlos	neg 1.0		__DUMMY__ 0.4424067742026759 off 0.2850416316579869 neg 0.2725515941393373	false	0.5
niedergeschlagen	neg 1.0		__DUMMY__ 0.4424331942073053 off 0.28424824388636516 neg 0.2733185619063295	false	0.5
terrorisieren	off 1.0	off 1.0	off 0.6308980732971264 __DUMMY__ 0.2148967315325542 neg 0.15420519517031944	false	1.0
sinnlosigkeit	neg 1.0		__DUMMY__ 0.44225984013694797 off 0.2836973496636638 neg 0.27404281019938814	false	0.5
behindern	neg 1.0		__DUMMY__ 0.4432383370631353 off 0.28010700671059374 neg 0.276654656226271	false	0.5
undemokratisch	neg 1.0		__DUMMY__ 0.44156356099046146 off 0.28235300142707204 neg 0.27608343758246656	false	0.5
wirtschaftskrise	neg 1.0		__DUMMY__ 0.44312672791348445 off 0.2787525201164746 neg 0.2781207519700408	false	0.5
neid	neg 1.0		__DUMMY__ 0.44260057735616726 off 0.2857757391651253 neg 0.27162368347870747	false	0.5
rutschen	neg 1.0		__DUMMY__ 0.4431069916091878 off 0.28402972031051515 neg 0.27286328808029714	false	0.5
rezession	neg 1.0		__DUMMY__ 0.4432816471763752 neg 0.2796892489655136 off 0.2770291038581112	false	1.0
fehlgeburt	neg 1.0		__DUMMY__ 0.44136306082101157 off 0.28633441204856247 neg 0.272302527130426	false	0.5
charakterschwach	off 1.0		__DUMMY__ 0.44203760684028015 off 0.28562511266312035 neg 0.27233728049659933	false	1.0
isolation	neg 1.0		__DUMMY__ 0.43562434764255614 neg 0.29060500693722546 off 0.27377064542021834	false	1.0
ablenkung	neg 1.0		__DUMMY__ 0.44215523933756695 off 0.2851534492315399 neg 0.2726913114308933	false	0.5
pech	neg 1.0		__DUMMY__ 0.44223923592137204 off 0.2868587392777896 neg 0.27090202480083836	false	0.5
dominieren	neg 1.0		__DUMMY__ 0.4437868078293753 off 0.2794580212832747 neg 0.2767551708873501	false	0.5
vermeidung	neg 1.0		__DUMMY__ 0.44153787092683877 neg 0.28222017319304155 off 0.2762419558801197	false	1.0
schwindlig	neg 1.0		__DUMMY__ 0.44143096405999505 off 0.28820760108629473 neg 0.2703614348537103	false	0.5
lutscher	neg 1.0		__DUMMY__ 0.44039147263249306 off 0.29187859388862863 neg 0.26772993347887825	false	0.5
pflicht	neg 1.0		__DUMMY__ 0.44268888145942226 off 0.28286694190254036 neg 0.2744441766380375	false	0.5
faschist	off 1.0		__DUMMY__ 0.44191901399970457 off 0.2844731681532597 neg 0.2736078178470358	false	1.0
verschleudern	neg 1.0		__DUMMY__ 0.4427371089246481 off 0.28057750008973237 neg 0.2766853909856195	false	0.5
ehebruch	neg 1.0		__DUMMY__ 0.442470246866024 off 0.28353480344594767 neg 0.2739949496880283	false	0.5
trostlosigkeit	neg 1.0		__DUMMY__ 0.44252417070860045 off 0.2826479161326117 neg 0.27482791315878796	false	0.5
lutschen	neg 1.0		__DUMMY__ 0.439223287237039 off 0.29265876849583394 neg 0.26811794426712715	false	0.5
spott	off 1.0		__DUMMY__ 0.4424629691999948 off 0.282945418977233 neg 0.2745916118227721	false	1.0
undiszipliniert	neg 1.0		__DUMMY__ 0.44157865760241666 off 0.28717860036254905 neg 0.2712427420350342	false	0.5
kopfschmerz	neg 1.0		__DUMMY__ 0.4413568298653726 off 0.28614181939696487 neg 0.2725013507376625	false	0.5
unvorhergesehen	neg 1.0		__DUMMY__ 0.4426634636887777 off 0.28462618140455315 neg 0.27271035490666923	false	0.5
desinteressiert	neg 1.0		__DUMMY__ 0.4418766582481326 off 0.2869174550069938 neg 0.2712058867448737	false	0.5
armselig	off 1.0		__DUMMY__ 0.44237426540194064 off 0.28558070404914593 neg 0.27204503054891344	false	1.0
tod	neg 1.0		__DUMMY__ 0.4427094960866322 off 0.2826977131197869 neg 0.27459279079358084	false	0.5
desaster	neg 1.0		__DUMMY__ 0.4428235831654096 off 0.2812630949437054 neg 0.27591332189088497	false	0.5
herzlos	neg 1.0		__DUMMY__ 0.4418971698088726 off 0.286904540903717 neg 0.27119828928741035	false	0.5
unwissenheit	neg 1.0		__DUMMY__ 0.4420453910136148 off 0.28306869050883193 neg 0.2748859184775531	false	0.5
widersinnig	neg 1.0		__DUMMY__ 0.44216478477043647 off 0.2819149721312767 neg 0.27592024309828694	false	0.5
bedenklich	neg 1.0		__DUMMY__ 0.4423244181003174 off 0.28321461870186415 neg 0.27446096319781854	false	0.5
beanstanden	neg 1.0		__DUMMY__ 0.4427318993659922 off 0.28240654738179244 neg 0.2748615532522153	false	0.5
panisch	neg 1.0		__DUMMY__ 0.44173096004523366 off 0.28628863547447153 neg 0.27198040448029476	false	0.5
abstrich	neg 1.0		__DUMMY__ 0.4410781221892435 off 0.28611058110990484 neg 0.2728112967008515	false	0.5
debil	off 1.0		__DUMMY__ 0.43608106918366346 off 0.2996774077827422 neg 0.2642415230335943	false	1.0
primitiv	neg 1.0		__DUMMY__ 0.44242525008266625 off 0.28590875023961265 neg 0.2716659996777211	false	0.5
abschaum	off 1.0		__DUMMY__ 0.44212394524854864 off 0.2854040763692282 neg 0.2724719783822231	false	1.0
tot	neg 1.0		__DUMMY__ 0.4417294719954775 off 0.2864470581137284 neg 0.2718234698907941	false	0.5
provozieren	neg 1.0		__DUMMY__ 0.4422106898495021 off 0.2846808991524386 neg 0.2731084109980592	false	0.5
instabil	neg 1.0		__DUMMY__ 0.44307394008637263 off 0.28381774279538596 neg 0.27310831711824146	false	0.5
schwuchtel	off 1.0		__DUMMY__ 0.4398513751095706 off 0.2926464560297595 neg 0.26750216886066996	false	1.0
zerren	neg 1.0		__DUMMY__ 0.44221399905380726 off 0.28450568288421496 neg 0.2732803180619778	false	0.5
kinderficker	off 1.0		__DUMMY__ 0.4414697615328315 off 0.2860879360397678 neg 0.2724423024274008	false	1.0
gefahr	neg 1.0		__DUMMY__ 0.4431548566983365 off 0.2799433134295722 neg 0.2769018298720912	false	0.5
rabiat	neg 1.0		__DUMMY__ 0.4425319446843379 off 0.28457601299028207 neg 0.27289204232538006	false	0.5
verlangsamung	neg 1.0		__DUMMY__ 0.4440416231425107 off 0.27799193995554544 neg 0.2779664369019437	false	0.5
anklagen	neg 1.0		__DUMMY__ 0.4422744071982846 off 0.2802854743669194 neg 0.2774401184347959	false	0.5
ausgestorben	neg 1.0		__DUMMY__ 0.4428265980150687 off 0.28401707144234406 neg 0.27315633054258726	false	0.5
verminderung	neg 1.0		__DUMMY__ 0.4419771111263657 neg 0.2821196762601861 off 0.27590321261344813	false	1.0
rost	neg 1.0		__DUMMY__ 0.4452472621559933 off 0.2806368513841812 neg 0.2741158864598255	false	0.5
destruktiv	neg 1.0		__DUMMY__ 0.442220112159795 off 0.2836702546849177 neg 0.27410963315528736	false	0.5
unzumutbarkeit	neg 1.0		__DUMMY__ 0.4427166112191121 off 0.28009189490994013 neg 0.2771914938709477	false	0.5
labil	off 1.0	off 1.0	off 0.7109743869988135 __DUMMY__ 0.17583124894901672 neg 0.1131943640521698	false	1.0
ziemlich	neg 1.0		__DUMMY__ 0.44190493776536516 off 0.2869874282960184 neg 0.2711076339386163	false	0.5
lachnummer	off 1.0		__DUMMY__ 0.4425124719032507 off 0.28364423992494336 neg 0.27384328817180587	false	1.0
ausgrenzung	neg 1.0		__DUMMY__ 0.44219764814856855 off 0.2809035806825776 neg 0.27689877116885386	false	0.5
verfall	neg 1.0		__DUMMY__ 0.44268792105477534 off 0.28128250186039816 neg 0.27602957708482645	false	0.5
unordnung	neg 1.0	neg 1.0	neg 0.6215684331262408 __DUMMY__ 0.21688928141174363 off 0.16154228546201566	false	1.0
fehlverhalten	neg 1.0		__DUMMY__ 0.44243495658476634 off 0.28236987686720455 neg 0.27519516654802917	false	0.5
nille	neg 1.0		__DUMMY__ 0.43658747790760266 off 0.3003353684213291 neg 0.26307715367106826	false	0.5
qual	neg 1.0		__DUMMY__ 0.411225385308798 off 0.2968238875399028 neg 0.2919507271512992	false	0.5
riesig	neg 1.0		__DUMMY__ 0.44210940008925903 off 0.29026387343164284 neg 0.2676267264790982	false	0.5
verschwenden	neg 1.0		__DUMMY__ 0.4423029371311925 off 0.28379022918161495 neg 0.27390683368719254	false	0.5
verurteilen	neg 1.0		__DUMMY__ 0.4421652656149796 off 0.28302421650335585 neg 0.2748105178816646	false	0.5
klischee	neg 1.0		__DUMMY__ 0.44229584854394666 off 0.2854335080965307 neg 0.27227064335952256	false	0.5
diktatorisch	neg 1.0		__DUMMY__ 0.44166223170214974 off 0.28272297507123934 neg 0.27561479322661087	false	0.5
vorhersehbar	neg 1.0		__DUMMY__ 0.4426084455259447 off 0.28478189875592436 neg 0.27260965571813095	false	0.5
stornieren	neg 1.0		__DUMMY__ 0.4422984999492259 off 0.2829532396944056 neg 0.2747482603563684	false	0.5
besteuerung	neg 1.0		__DUMMY__ 0.4426160757347082 neg 0.2806673576263516 off 0.2767165666389402	false	1.0
ungeschminkt	neg 1.0		__DUMMY__ 0.4401895014371571 off 0.2908055234383439 neg 0.26900497512449884	false	0.5
kritisch	neg 1.0		__DUMMY__ 0.44246225725113614 off 0.28291376153053965 neg 0.27462398121832415	false	0.5
schlamperei	off 1.0		__DUMMY__ 0.4426102681565088 off 0.2804336253925209 neg 0.2769561064509703	false	1.0
sucht	neg 1.0		__DUMMY__ 0.44466829810951297 off 0.28305586635844315 neg 0.272275835532044	false	0.5
egoistisch	off 1.0		__DUMMY__ 0.4414146639146612 off 0.2872812619570492 neg 0.27130407412828955	false	1.0
ausbeuter	off 1.0		__DUMMY__ 0.44242862123022286 off 0.28247620929555045 neg 0.27509516947422663	false	1.0
arschgeburt			__DUMMY__ 0.43939607347471943 off 0.2937493555936831 neg 0.2668545709315976	false	0.0
schubs	neg 1.0		__DUMMY__ 0.441131325309637 off 0.2875331361543686 neg 0.27133553853599435	false	0.5
unsolide	neg 1.0		__DUMMY__ 0.44180666766012927 off 0.2824202256185783 neg 0.27577310672129246	false	0.5
beschwerde	neg 1.0		__DUMMY__ 0.4421659946096011 off 0.28070752441012914 neg 0.2771264809802697	false	0.5
stocken	neg 1.0		__DUMMY__ 0.44363016927262056 off 0.2787503293707497 neg 0.27761950135662977	false	0.5
isolieren	neg 1.0		__DUMMY__ 0.44291492775045677 off 0.2796491959515194 neg 0.27743587629802396	false	0.5
unheilbar	neg 1.0		__DUMMY__ 0.4422408266473221 off 0.28442533734948977 neg 0.27333383600318806	false	0.5
pisser	off 1.0		__DUMMY__ 0.4394493536886502 off 0.29369731993824266 neg 0.2668533263731072	false	1.0
löschen	neg 1.0		__DUMMY__ 0.43754948138711575 off 0.2873805646996427 neg 0.27506995391324146	false	0.5
durchfallen	neg 1.0		__DUMMY__ 0.4421178259238605 off 0.28373830746486806 neg 0.2741438666112715	false	0.5
wichser	off 1.0		__DUMMY__ 0.4413222143534664 off 0.2886588953515362 neg 0.27001889029499726	false	1.0
terror	neg 1.0		__DUMMY__ 0.4384571535395895 neg 0.2838987648067467 off 0.2776440816536639	false	1.0
krass	neg 1.0		__DUMMY__ 0.4404911128071727 off 0.29060256757109243 neg 0.2689063196217349	false	0.5
revolte	neg 1.0		__DUMMY__ 0.4429736936495862 off 0.27929869852480543 neg 0.2777276078256084	false	0.5
besorgt	neg 1.0		__DUMMY__ 0.44227729931276033 off 0.28453201845345466 neg 0.273190682233785	false	0.5
nachlassen	neg 1.0		__DUMMY__ 0.4427043073562181 off 0.28290100734282597 neg 0.2743946853009559	false	0.5
alt	neg 1.0		__DUMMY__ 0.44264999486461387 off 0.287742483436259 neg 0.2696075216991271	false	0.5
hundesohn	off 1.0		__DUMMY__ 0.43835740456214367 off 0.29620504665598407 neg 0.26543754878187215	false	1.0
abschreckung	neg 1.0		__DUMMY__ 0.4423863903099041 off 0.28190519307057244 neg 0.27570841661952356	false	0.5
unqualifiziert	neg 1.0		__DUMMY__ 0.441846552865139 off 0.28458611168747106 neg 0.2735673354473899	false	0.5
abgewichst	off 1.0		__DUMMY__ 0.43757822073959823 off 0.2978934513355265 neg 0.26452832792487524	false	1.0
kapitulation	neg 1.0		__DUMMY__ 0.44269180641480566 off 0.28067342540425866 neg 0.2766347681809358	false	0.5
schwer	neg 1.0		__DUMMY__ 0.44254042462992155 off 0.28472752243029176 neg 0.2727320529397867	false	0.5
bedeutungslosigkeit	neg 1.0		__DUMMY__ 0.4427140199154827 off 0.28226781205014967 neg 0.2750181680343677	false	0.5
unscharf	neg 1.0		__DUMMY__ 0.4410235921027522 off 0.28853923658401776 neg 0.2704371713132299	false	0.5
schwinden	neg 1.0		__DUMMY__ 0.44327125346852414 off 0.27929400569296503 neg 0.27743474083851083	false	0.5
versklavung	neg 1.0		__DUMMY__ 0.44198465907600576 off 0.2802352834954039 neg 0.27778005742859024	false	0.5
schlecht	neg 1.0		__DUMMY__ 0.44201917802195695 off 0.2864345430020184 neg 0.2715462789760246	false	0.5
verhasst	neg 1.0		__DUMMY__ 0.4423623655048831 off 0.28404760669180673 neg 0.27359002780331027	false	0.5
beschweren	neg 1.0		__DUMMY__ 0.4425228163668848 off 0.28496499884975496 neg 0.2725121847833603	false	0.5
scheiden	neg 1.0		__DUMMY__ 0.44260948843497616 off 0.2849392475274877 neg 0.2724512640375361	false	0.5
frustriert	neg 1.0		__DUMMY__ 0.4423197322558161 off 0.2843908882242616 neg 0.2732893795199222	false	0.5
schimmelig	neg 1.0		__DUMMY__ 0.44069037577426456 off 0.290631190828996 neg 0.26867843339673936	false	0.5
fisch	neg 1.0		__DUMMY__ 0.44281068183471434 off 0.2876194202544252 neg 0.26956989791086045	false	0.5
schmuggel	neg 1.0		__DUMMY__ 0.44254414219059585 off 0.28327853954366994 neg 0.2741773182657341	false	0.5
auffallen	neg 1.0		__DUMMY__ 0.4423309799846664 off 0.28496077026396616 neg 0.2727082497513675	false	0.5
konkurrenz	neg 1.0		__DUMMY__ 0.44270121830001463 off 0.28246225562292393 neg 0.2748365260770614	false	0.5
teufelskreis	neg 1.0		__DUMMY__ 0.44252308553582365 off 0.2841504211937507 neg 0.27332649327042563	false	0.5
aufschreien	neg 1.0		__DUMMY__ 0.4423307741887437 off 0.28557661508299015 neg 0.27209261072826624	false	0.5
missgeburt	off 1.0		__DUMMY__ 0.4399293365086311 off 0.29356457788055895 neg 0.2665060856108099	false	1.0
schuldner	neg 1.0		__DUMMY__ 0.4427669467047221 off 0.2796319112386897 neg 0.27760114205658826	false	0.5
befallen	neg 1.0		__DUMMY__ 0.44167978007516956 off 0.28230980255777716 neg 0.27601041736705334	false	0.5
arbeitslos	neg 1.0		__DUMMY__ 0.44243521000898284 off 0.2836317818629403 neg 0.27393300812807686	false	0.5
miesepetrig	off 1.0		__DUMMY__ 0.4418243898802993 off 0.2865740638547771 neg 0.2716015462649236	false	1.0
alarmieren	neg 1.0		__DUMMY__ 0.4430430305320651 neg 0.27848467840422075 off 0.278472291063714	false	1.0
ungeduscht	off 1.0		__DUMMY__ 0.4405900063687111 off 0.2892977143680628 neg 0.27011227926322623	false	1.0
knappheit	neg 1.0		__DUMMY__ 0.44307465690141384 off 0.279583437693813 neg 0.27734190540477316	false	0.5
schlange	neg 1.0		__DUMMY__ 0.4425133198770161 off 0.28536927183483873 neg 0.2721174082881451	false	0.5
harsch	neg 1.0		__DUMMY__ 0.4423255800658985 off 0.2802290010004406 neg 0.2774454189336609	false	0.5
lang	neg 1.0	neg 1.0	neg 0.57480672786343 __DUMMY__ 0.2418974402135962 off 0.18329583192297372	false	1.0
ziellos	neg 1.0		__DUMMY__ 0.44261054651058074 off 0.2840794273132317 neg 0.2733100261761874	false	0.5
selbstverliebt	neg 1.0		__DUMMY__ 0.44108830815104133 off 0.28965166579100404 neg 0.2692600260579546	false	0.5
beseitigen	neg 1.0		__DUMMY__ 0.4432166594693817 off 0.2797976570843207 neg 0.2769856834462976	false	0.5
dumm	off 1.0		__DUMMY__ 0.4414450317058607 off 0.28808758738733153 neg 0.27046738090680766	false	1.0
arbeitsloser	neg 1.0		__DUMMY__ 0.44255151792982156 off 0.28334307647505186 neg 0.2741054055951265	false	0.5
blitzen	neg 1.0		__DUMMY__ 0.44346126630204896 off 0.28450232405830056 neg 0.27203640963965064	false	0.5
hilflos	neg 1.0		__DUMMY__ 0.44201183600944105 off 0.2845560540147975 neg 0.2734321099757615	false	0.5
eklig	off 1.0		__DUMMY__ 0.4407514112495356 off 0.28987763226396096 neg 0.26937095648650333	false	1.0
hungersnot	neg 1.0		__DUMMY__ 0.44315902701442716 off 0.280265237802794 neg 0.2765757351827788	false	0.5
ungesetzlich	neg 1.0		__DUMMY__ 0.4421182751408581 off 0.2818929637785562 neg 0.27598876108058584	false	0.5
verschwendung	neg 1.0		__DUMMY__ 0.4423700129007569 off 0.28336084410692425 neg 0.27426914299231886	false	0.5
schmerzvoll	neg 1.0		__DUMMY__ 0.44207378966655625 off 0.28563938812536294 neg 0.27228682220808065	false	0.5
vorzeitig	neg 1.0		__DUMMY__ 0.44294443367203706 neg 0.2786070852977003 off 0.2784484810302626	false	1.0
unvollkommenheit	neg 1.0		__DUMMY__ 0.4423642236226011 off 0.28407783490295435 neg 0.2735579414744447	false	0.5
intervenieren	neg 1.0		__DUMMY__ 0.44223526939345026 off 0.28198371317419046 neg 0.2757810174323591	false	0.5
banause	off 1.0		__DUMMY__ 0.44113388704570483 off 0.28856230405518185 neg 0.2703038088991133	false	1.0
rebell	neg 1.0		__DUMMY__ 0.4382766199793042 off 0.2938533973182087 neg 0.2678699827024871	false	0.5
unlogisch	neg 1.0		__DUMMY__ 0.4416301321233695 off 0.28688853548487947 neg 0.27148133239175093	false	0.5
abschaffung	neg 1.0		__DUMMY__ 0.4420654549057825 off 0.2791738259494451 neg 0.2787607191447725	false	0.5
leiden	neg 1.0		__DUMMY__ 0.4425380550396691 off 0.28505337183511104 neg 0.27240857312522004	false	0.5
sturz	neg 1.0		__DUMMY__ 0.4431508206288235 off 0.2798945316911658 neg 0.27695464768001055	false	0.5
verkleinerung	neg 1.0		__DUMMY__ 0.44262969038996214 neg 0.2792791623226272 off 0.2780911472874107	false	1.0
schmarotzer	off 1.0		__DUMMY__ 0.44215926471393263 off 0.2838518992016516 neg 0.2739888360844158	false	1.0
bestrafung	neg 1.0		__DUMMY__ 0.44224488024396524 off 0.2852096743429287 neg 0.27254544541310605	false	0.5
achtlos	neg 1.0		__DUMMY__ 0.4420956546134076 off 0.2845131099731702 neg 0.27339123541342225	false	0.5
ungeheuer	neg 1.0		__DUMMY__ 0.44266448203743686 off 0.28608179148655577 neg 0.2712537264760074	false	0.5
unaufrichtig	neg 1.0		__DUMMY__ 0.4413169991198201 off 0.28508951543986943 neg 0.2735934854403103	false	0.5
groggy	neg 1.0		__DUMMY__ 0.4416417068763207 off 0.290028764323602 neg 0.2683295288000775	false	0.5
verletzlich	neg 1.0		__DUMMY__ 0.4418599144542354 off 0.28675000633084824 neg 0.2713900792149164	false	0.5
ablehnen	neg 1.0		__DUMMY__ 0.4421496501431831 off 0.2828965701308284 neg 0.27495377972598856	false	0.5
kollaps	neg 1.0		__DUMMY__ 0.44288308667420107 neg 0.2789914792151939 off 0.27812543411060503	false	1.0
beschnitten	neg 1.0		__DUMMY__ 0.44224388701953427 off 0.2850452836311278 neg 0.2727108293493379	false	0.5
defekt	neg 1.0		__DUMMY__ 0.44237191655002034 off 0.2791567630376721 neg 0.27847132041230743	false	0.5
dreckskerl	off 1.0		__DUMMY__ 0.4414080371089357 off 0.2870362708250771 neg 0.27155569206598723	false	1.0
deine	neg 1.0		__DUMMY__ 0.4412285754785645 off 0.28840839236776844 neg 0.27036303215366714	false	0.5
aufgeben	neg 1.0		__DUMMY__ 0.4427949135765229 off 0.2850892057487247 neg 0.27211588067475234	false	0.5
durcheinander	neg 1.0		__DUMMY__ 0.4423387773566167 off 0.2858031698605138 neg 0.27185805278286956	false	0.5
unterbrechen	neg 1.0		__DUMMY__ 0.4425049648810938 off 0.2840021144845865 neg 0.27349292063431974	false	0.5
vergammeln	neg 1.0		__DUMMY__ 0.44232526059125105 off 0.2855148492789198 neg 0.2721598901298291	false	0.5
grotesk	neg 1.0		__DUMMY__ 0.44258437143750706 off 0.28362370315687796 neg 0.2737919254056149	false	0.5
elendig	neg 1.0		__DUMMY__ 0.4419388573426747 off 0.2857242300897221 neg 0.2723369125676031	false	0.5
naiv	off 1.0		__DUMMY__ 0.4425180583819849 off 0.2851984693496042 neg 0.272283472268411	false	1.0
uneinigkeit	neg 1.0		__DUMMY__ 0.44261050071082997 off 0.27953928019387614 neg 0.2778502190952939	false	0.5
fragil	neg 1.0		__DUMMY__ 0.43554302226056396 neg 0.28605170235428357 off 0.2784052753851525	false	1.0
provisorisch	neg 1.0		__DUMMY__ 0.4430802342535823 off 0.28350906836104445 neg 0.2734106973853732	false	0.5
landei	off 1.0		__DUMMY__ 0.4419342259525348 off 0.28836020993657197 neg 0.26970556411089314	false	1.0
bedauerlich	neg 1.0		__DUMMY__ 0.4424419864974146 off 0.2833420231441148 neg 0.2742159903584705	false	0.5
krieg	neg 1.0		__DUMMY__ 0.4422915819610323 off 0.2843329689596355 neg 0.27337544907933214	false	0.5
traurigkeit	neg 1.0		__DUMMY__ 0.44237600083496403 off 0.2849006484120525 neg 0.2727233507529836	false	0.5
monotonie	neg 1.0		__DUMMY__ 0.44273805652335796 off 0.28365763311725684 neg 0.27360431035938504	false	0.5
unliebsam	neg 1.0		__DUMMY__ 0.4423646143710818 off 0.2842292476208912 neg 0.27340613800802716	false	0.5
drift	neg 1.0		__DUMMY__ 0.38977039019127785 neg 0.32111643890890545 off 0.2891131708998168	false	1.0
chaos	neg 1.0		__DUMMY__ 0.44246716142325077 off 0.28144032120362994 neg 0.27609251737311935	false	0.5
blutig	neg 1.0		__DUMMY__ 0.44242212992790103 off 0.2855442417186413 neg 0.2720336283534577	false	0.5
machtlos	neg 1.0		__DUMMY__ 0.44235255425858755 off 0.28309169165907894 neg 0.27455575408233346	false	0.5
