unsolidarisch	neg 1.0		off 0.3891023818022282 neg 0.3775884052347022 __DUMMY__ 0.23330921296306947	false	0.5
nachteilig	neg 1.0		off 0.38814988358971464 neg 0.37805189221988966 __DUMMY__ 0.23379822419039575	false	0.5
skeptisch	neg 1.0		off 0.3889894447264019 neg 0.3771888057201809 __DUMMY__ 0.23382174955341722	false	0.5
schrecklich	neg 1.0		off 0.3937512786995491 neg 0.37305651278083923 __DUMMY__ 0.2331922085196115	false	0.5
schlapp	neg 1.0		off 0.3939604432932467 neg 0.3727206577150979 __DUMMY__ 0.2333188989916554	false	0.5
abfall	neg 1.0		off 0.3882052104604411 neg 0.37773555600324255 __DUMMY__ 0.2340592335363163	false	0.5
widerspenstig	neg 1.0		off 0.39125594663189145 neg 0.37528903575474704 __DUMMY__ 0.2334550176133614	false	0.5
abrupt	neg 1.0		off 0.389926261914124 neg 0.3760961232751156 __DUMMY__ 0.23397761481076046	false	0.5
unwirksam	neg 1.0		off 0.38338244977216934 neg 0.38281612006207144 __DUMMY__ 0.2338014301657592	false	0.5
angreifen	neg 1.0		off 0.38898873662826083 neg 0.37726060972911635 __DUMMY__ 0.2337506536426229	false	0.5
inkonsistent	neg 1.0		off 0.39107833517323976 neg 0.3750629166354482 __DUMMY__ 0.23385874819131203	false	0.5
abrutschen	neg 1.0		off 0.3889857557371571 neg 0.3772320288886544 __DUMMY__ 0.23378221537418847	false	0.5
unsicher	neg 1.0		off 0.3910419265413286 neg 0.37527965109959704 __DUMMY__ 0.23367842235907435	false	0.5
bauernkind	off 1.0		off 0.3977906528868757 neg 0.3697032092661508 __DUMMY__ 0.23250613784697347	false	1.0
angreifer	neg 1.0		off 0.3862386986206528 neg 0.38013261107866164 __DUMMY__ 0.23362869030068548	false	0.5
trennen	neg 1.0		off 0.39000800499597243 neg 0.37586616562166025 __DUMMY__ 0.23412582938236737	false	0.5
schmutz	neg 1.0		off 0.38643731756239547 neg 0.37962888335694156 __DUMMY__ 0.23393379908066303	false	0.5
inkonsistenz	neg 1.0		off 0.39178505524018603 neg 0.374728839586886 __DUMMY__ 0.23348610517292812	false	0.5
erschreckend	neg 1.0		off 0.38979120656224625 neg 0.37650195279137405 __DUMMY__ 0.23370684064637967	false	0.5
ertrinken	neg 1.0		off 0.3902692886300137 neg 0.37629232420485353 __DUMMY__ 0.23343838716513282	false	0.5
pickelface	off 1.0		off 0.4022006904333606 neg 0.3660150527230229 __DUMMY__ 0.23178425684361637	false	1.0
lauch	neg 1.0		off 0.3993099622157928 neg 0.36849086616476967 __DUMMY__ 0.2321991716194375	false	0.5
steuerhinterziehung	neg 1.0		off 0.38601718372223515 neg 0.38040138257996453 __DUMMY__ 0.23358143369780032	false	0.5
unwichtig	neg 1.0		off 0.3918685151694998 neg 0.37459188585210557 __DUMMY__ 0.23353959897839463	false	0.5
schock	neg 1.0		off 0.39109085468719645 neg 0.375004200568888 __DUMMY__ 0.23390494474391552	false	0.5
vergelten	neg 1.0		off 0.3884279761445252 neg 0.37861399348887115 __DUMMY__ 0.23295803036660379	false	0.5
beule	neg 1.0		off 0.39467420978517276 neg 0.37216715793111993 __DUMMY__ 0.23315863228370726	false	0.5
verdorbenheit	neg 1.0		off 0.3889789795844167 neg 0.3760391097709422 __DUMMY__ 0.23498191064464113	false	0.5
trauma			off 0.4148614562580064 neg 0.37424562151529406 __DUMMY__ 0.21089292222669961	false	0.0
sinnlos	neg 1.0		off 0.3917920888342404 neg 0.3747078839454188 __DUMMY__ 0.2335000272203408	false	0.5
fettsack	off 1.0		off 0.39738529417418006 neg 0.36981703218052586 __DUMMY__ 0.23279767364529408	false	1.0
feige	off 1.0		off 0.3918199211188896 neg 0.3745668577286923 __DUMMY__ 0.23361322115241823	false	1.0
abdanken	neg 1.0		off 0.3892233098132048 neg 0.37724838621836304 __DUMMY__ 0.2335283039684322	false	0.5
wichtigtuer	off 1.0	off 1.0	off 0.6841393835359015 neg 0.20416555607269762 __DUMMY__ 0.11169506039140083	false	1.0
misslingen	neg 1.0		off 0.39114961970700335 neg 0.3754710439923632 __DUMMY__ 0.23337933630063354	false	0.5
untreu	off 1.0		off 0.391909073224939 neg 0.3744939004277288 __DUMMY__ 0.23359702634733215	false	1.0
missmutig	neg 1.0		off 0.39114577863168865 neg 0.3751105681474339 __DUMMY__ 0.23374365322087753	false	0.5
hurenbock	off 1.0		off 0.3974966406369345 neg 0.37028549597046134 __DUMMY__ 0.23221786339260417	false	1.0
betrunken	neg 1.0		off 0.3938164127112204 neg 0.3730474139214837 __DUMMY__ 0.23313617336729586	false	0.5
korrupt	off 1.0		off 0.3890256193008982 neg 0.3775073658386178 __DUMMY__ 0.233467014860484	false	1.0
unmut	neg 1.0		off 0.38764862827090607 neg 0.37851328510732307 __DUMMY__ 0.23383808662177077	false	0.5
hackfresse	off 1.0		off 0.39468614337428787 neg 0.37234492406159986 __DUMMY__ 0.23296893256411222	false	1.0
aufblasen	neg 1.0		off 0.39179957772507834 neg 0.3746515676176219 __DUMMY__ 0.23354885465729983	false	0.5
gewaltsam	neg 1.0		off 0.3869275760672948 neg 0.3793481617041382 __DUMMY__ 0.2337242622285671	false	0.5
unbeliebtheit	neg 1.0		off 0.38600702016903704 neg 0.380225979482307 __DUMMY__ 0.2337670003486559	false	0.5
sturheit	neg 1.0		off 0.3890642556921312 neg 0.3772748346999717 __DUMMY__ 0.23366090960789695	false	0.5
kuh	neg 1.0		off 0.39806355551069483 neg 0.3693344109735219 __DUMMY__ 0.2326020335157832	false	0.5
erschrecken	neg 1.0		off 0.39231315306099745 neg 0.374235699993376 __DUMMY__ 0.23345114694562652	false	0.5
opfer	neg 1.0		off 0.3895465218297671 neg 0.376679914189498 __DUMMY__ 0.23377356398073487	false	0.5
stinktier	neg 1.0		off 0.3977256812458701 neg 0.3697068611375316 __DUMMY__ 0.23256745761659833	false	0.5
sinken	neg 1.0		off 0.38589887183432636 neg 0.37969256344161023 __DUMMY__ 0.23440856472406343	false	0.5
tucke	off 1.0		off 0.39681111700975874 neg 0.3708377925077131 __DUMMY__ 0.23235109048252817	false	1.0
abstieg	neg 1.0		off 0.3874841556920098 neg 0.37852832379393864 __DUMMY__ 0.23398752051405158	false	0.5
missverstehen	neg 1.0		off 0.39114026129451124 neg 0.37520552734088014 __DUMMY__ 0.23365421136460857	false	0.5
ergebnislos	neg 1.0		off 0.3855467968599104 neg 0.380386849916646 __DUMMY__ 0.2340663532234436	false	0.5
manipulieren	neg 1.0		off 0.38925234681975307 neg 0.377280358949975 __DUMMY__ 0.23346729423027193	false	0.5
verschleppen	neg 1.0		off 0.3861289283566646 neg 0.3800580089307649 __DUMMY__ 0.23381306271257046	false	0.5
unbewiesen	neg 1.0		off 0.38761595804520815 neg 0.37862349727893757 __DUMMY__ 0.23376054467585428	false	0.5
weib	off 1.0		off 0.39667751323297196 neg 0.3706818226025161 __DUMMY__ 0.23264066416451207	false	1.0
opposition	neg 1.0		off 0.3844216753047801 neg 0.3824223761265154 __DUMMY__ 0.23315594856870447	false	0.5
verkehrswidrig	neg 1.0		off 0.38639162565652774 neg 0.3805595992541562 __DUMMY__ 0.23304877508931615	false	0.5
inkorrekt	neg 1.0		off 0.3916647308292043 neg 0.37481003263499063 __DUMMY__ 0.23352523653580506	false	0.5
vermeiden	neg 1.0		off 0.38739615213243705 neg 0.3785589063212118 __DUMMY__ 0.23404494154635108	false	0.5
abweichung	neg 1.0		off 0.3870880339644993 neg 0.3789100510588661 __DUMMY__ 0.23400191497663453	false	0.5
alkoholisiert	neg 1.0		off 0.3897390610016891 neg 0.3765755802505555 __DUMMY__ 0.23368535874775537	false	0.5
scheiss	off 1.0	off 1.0	off 0.6857403075599879 neg 0.2025377157791516 __DUMMY__ 0.11172197666086035	false	1.0
herausforderung	neg 1.0		off 0.388117324745251 neg 0.37771576392082173 __DUMMY__ 0.23416691133392722	false	0.5
pervers	off 1.0		off 0.39650730936906586 neg 0.3709637191310931 __DUMMY__ 0.2325289714998411	false	1.0
wackelig	neg 1.0		off 0.391414959530645 neg 0.37496589786884627 __DUMMY__ 0.2336191426005088	false	0.5
verwickeln	neg 1.0		off 0.39087675148163165 neg 0.3753784563252907 __DUMMY__ 0.23374479219307756	false	0.5
vorwand	neg 1.0		off 0.38912414654754557 neg 0.3773105472487225 __DUMMY__ 0.2335653062037319	false	0.5
muschi	off 1.0		off 0.4016368206312508 neg 0.36655422783169866 __DUMMY__ 0.23180895153705053	false	1.0
entmutigung	neg 1.0		off 0.38654436756304433 neg 0.37987454926365105 __DUMMY__ 0.23358108317330448	false	0.5
unstetig	neg 1.0		off 0.38955997859529806 neg 0.3768159688241913 __DUMMY__ 0.23362405258051064	false	0.5
unangemessen	neg 1.0		off 0.38938742978868013 neg 0.37693937874845646 __DUMMY__ 0.23367319146286347	false	0.5
entmutigen	neg 1.0		off 0.3912214072803954 neg 0.37509573751177683 __DUMMY__ 0.23368285520782778	false	0.5
schwanz	neg 1.0		off 0.39951204354446007 neg 0.3689617757723484 __DUMMY__ 0.2315261806831915	false	0.5
verbot	neg 1.0		off 0.3866702462773423 neg 0.37971778212475243 __DUMMY__ 0.23361197159790517	false	0.5
leid	neg 1.0		off 0.3942171409086236 neg 0.3725895003881456 __DUMMY__ 0.23319335870323085	false	0.5
archaisch	neg 1.0		off 0.38953898667355946 neg 0.3768665097345381 __DUMMY__ 0.23359450359190234	false	0.5
scheidung	neg 1.0		off 0.38436676262040115 neg 0.38162262873395236 __DUMMY__ 0.23401060864564663	false	0.5
abgestanden	neg 1.0		off 0.39300613718024524 neg 0.3732488811642262 __DUMMY__ 0.2337449816555285	false	0.5
einschlag	neg 1.0		off 0.3869336396505381 neg 0.3791744813973124 __DUMMY__ 0.23389187895214952	false	0.5
schmierig	off 1.0		off 0.39379266011342795 neg 0.3729164803718809 __DUMMY__ 0.2332908595146912	false	1.0
unpraktisch	neg 1.0		off 0.392825112588052 neg 0.37375797777750286 __DUMMY__ 0.23341690963444514	false	0.5
wixxer	off 1.0		off 0.39768114052152637 neg 0.3696191054500597 __DUMMY__ 0.23269975402841395	false	1.0
jammerlappen	off 1.0		off 0.39189194075498035 neg 0.3746021256474245 __DUMMY__ 0.2335059335975951	false	1.0
farce	neg 1.0		off 0.3867267879106331 neg 0.3795811447150604 __DUMMY__ 0.23369206737430642	false	0.5
zwecklos	neg 1.0		off 0.3895391413484167 neg 0.3766922911399941 __DUMMY__ 0.2337685675115892	false	0.5
turbulent	neg 1.0		off 0.38891991770917483 neg 0.37781299079703873 __DUMMY__ 0.23326709149378647	false	0.5
schuld	neg 1.0		off 0.39104451309186444 neg 0.3754897977496344 __DUMMY__ 0.23346568915850113	false	0.5
risiko	neg 1.0		off 0.3850497935497253 neg 0.3804554401610801 __DUMMY__ 0.23449476628919447	false	0.5
invasion	neg 1.0		neg 0.3959808932711561 off 0.37573763204884264 __DUMMY__ 0.2282814746800014	false	1.0
finster	neg 1.0		off 0.3932637125787677 neg 0.3731128633671436 __DUMMY__ 0.23362342405408873	false	0.5
geisteskrank	off 1.0		off 0.3918294812729572 neg 0.3745590310997628 __DUMMY__ 0.23361148762727998	false	1.0
ausbeute	neg 1.0		off 0.38993639931903973 neg 0.3753404468058396 __DUMMY__ 0.23472315387512066	false	0.5
zusammenbrechen	neg 1.0		off 0.39035146857054576 neg 0.3761307951704294 __DUMMY__ 0.23351773625902486	false	0.5
hinterhalt	neg 1.0		off 0.3894412778498485 neg 0.3768247523270759 __DUMMY__ 0.2337339698230755	false	0.5
kritik	neg 1.0		off 0.38700696109101157 neg 0.37936112599603394 __DUMMY__ 0.23363191291295446	false	0.5
einschrumpfen	neg 1.0		off 0.3865334821443691 neg 0.38148275349167915 __DUMMY__ 0.23198376436395188	false	0.5
riskant	neg 1.0		off 0.3895628899089736 neg 0.3767093283291738 __DUMMY__ 0.23372778176185252	false	0.5
frustrieren	neg 1.0		off 0.39000124720985924 neg 0.3762189216178974 __DUMMY__ 0.23377983117224338	false	0.5
groll	neg 1.0		off 0.3893096440876423 neg 0.37689321705840056 __DUMMY__ 0.2337971388539572	false	0.5
qualvoll	neg 1.0		off 0.3918522629705879 neg 0.37485657708807013 __DUMMY__ 0.23329115994134206	false	0.5
wackeln	neg 1.0		off 0.3913825045503219 neg 0.3748439570805817 __DUMMY__ 0.23377353836909642	false	0.5
klagen	neg 1.0		off 0.3873403207230711 neg 0.37897182086089304 __DUMMY__ 0.2336878584160358	false	0.5
trauern	neg 1.0		off 0.3897967101123849 neg 0.3765312778289581 __DUMMY__ 0.23367201205865692	false	0.5
ablehnung	neg 1.0		off 0.3865223433873918 neg 0.37971825610312543 __DUMMY__ 0.23375940050948288	false	0.5
bankrott	neg 1.0		neg 0.38511141823580636 off 0.3820025391019994 __DUMMY__ 0.23288604266219426	false	1.0
stur	neg 1.0		off 0.3906431419712925 neg 0.37589190079265894 __DUMMY__ 0.23346495723604846	false	0.5
aufruhr	neg 1.0		off 0.3853926510652664 neg 0.3804239515505006 __DUMMY__ 0.23418339738423288	false	0.5
melancholie	neg 1.0		off 0.392475344333774 neg 0.3739481957738916 __DUMMY__ 0.2335764598923344	false	0.5
torheit	neg 1.0		off 0.3887948963588088 neg 0.37753123106896536 __DUMMY__ 0.23367387257222583	false	0.5
dreckskind	off 1.0		off 0.4002310966549516 neg 0.3675885811913439 __DUMMY__ 0.23218032215370465	false	1.0
umtauschen	neg 1.0		off 0.392746071011604 neg 0.37395237521515784 __DUMMY__ 0.23330155377323825	false	0.5
zersetzen	neg 1.0		off 0.38840351883801394 neg 0.3778651997656317 __DUMMY__ 0.23373128139635424	false	0.5
frust	neg 1.0		off 0.39024069877444173 neg 0.3761972990837528 __DUMMY__ 0.23356200214180547	false	0.5
unerbittlichkeit	neg 1.0		off 0.3884571343084993 neg 0.3777950738321425 __DUMMY__ 0.23374779185935818	false	0.5
unkorrekt	neg 1.0		off 0.3920828221787596 neg 0.3746842724866929 __DUMMY__ 0.23323290533454755	false	0.5
hexe	off 1.0		off 0.394853775754359 neg 0.37149391943195487 __DUMMY__ 0.23365230481368607	false	1.0
lasch	neg 1.0		off 0.3908036176719349 neg 0.3755956310379883 __DUMMY__ 0.23360075129007682	false	0.5
rivale	neg 1.0		off 0.38523434302220255 neg 0.3814421857098795 __DUMMY__ 0.23332347126791797	false	0.5
mutlos	off 1.0		off 0.38891439173426756 neg 0.3773395004693607 __DUMMY__ 0.23374610779637184	false	1.0
wirr	off 1.0		off 0.39391434575776624 neg 0.3732819345161167 __DUMMY__ 0.2328037197261169	false	1.0
strafbar	neg 1.0		off 0.3892651198487455 neg 0.3769732553004993 __DUMMY__ 0.23376162485075516	false	0.5
erosion	neg 1.0	neg 1.0	neg 0.6737559256694426 off 0.21173177745393632 __DUMMY__ 0.1145122968766211	false	1.0
eingehen	neg 1.0		off 0.3896066594218702 neg 0.37667794089085405 __DUMMY__ 0.23371539968727578	false	0.5
faul	off 1.0		off 0.3940490463205056 neg 0.3728728131018115 __DUMMY__ 0.23307814057768306	false	1.0
provisorium	neg 1.0		off 0.3884931241908325 neg 0.37748760038791435 __DUMMY__ 0.23401927542125314	false	0.5
schmerzen	neg 1.0		off 0.3925847000615851 neg 0.3742869000396777 __DUMMY__ 0.23312839989873732	false	0.5
schrumpfen	neg 1.0		off 0.38721131664299097 neg 0.3787436541916846 __DUMMY__ 0.23404502916532435	false	0.5
geistlos	off 1.0		off 0.39049599824739994 neg 0.37592532666371475 __DUMMY__ 0.23357867508888533	false	1.0
frustrierend	neg 1.0		off 0.39214387973364 neg 0.374198362973755 __DUMMY__ 0.23365775729260493	false	0.5
fehlkauf	neg 1.0		off 0.38988641664275353 neg 0.37568682964585465 __DUMMY__ 0.23442675371139177	false	0.5
unzufrieden	neg 1.0		off 0.38953514278169266 neg 0.37667064113452897 __DUMMY__ 0.23379421608377834	false	0.5
verzweifeln	neg 1.0		off 0.3906413341898989 neg 0.37573444853451415 __DUMMY__ 0.23362421727558708	false	0.5
verzweifelt	neg 1.0		off 0.3913115981163932 neg 0.37500609420606085 __DUMMY__ 0.23368230767754591	false	0.5
misstrauensantrag	neg 1.0		off 0.3848729172039566 neg 0.3820931493241913 __DUMMY__ 0.23303393347185206	false	0.5
abfallen	neg 1.0		off 0.3928153637793935 neg 0.37388985123211516 __DUMMY__ 0.23329478498849132	false	0.5
fucker	off 1.0		__DUMMY__ 0.38478711095671025 off 0.37671361304564993 neg 0.2384992759976399	false	1.0
ungezogen	neg 1.0		off 0.3948579054847175 neg 0.37218467032066216 __DUMMY__ 0.2329574241946202	false	0.5
irrsinnig	neg 1.0		off 0.3913474988547292 neg 0.3750970525450765 __DUMMY__ 0.23355544860019442	false	0.5
hart	neg 1.0		off 0.3986013713216329 neg 0.3693734172059732 __DUMMY__ 0.2320252114723938	false	0.5
unfassbar	neg 1.0		off 0.39194665982132254 neg 0.3742702333362825 __DUMMY__ 0.23378310684239498	false	0.5
widerlich	off 1.0		off 0.39225753075969755 neg 0.37435487068899453 __DUMMY__ 0.23338759855130792	false	1.0
fatal			off 0.38634800996340446 neg 0.3744639511905897 __DUMMY__ 0.23918803884600578	false	0.0
bruch	neg 1.0		off 0.388184019037311 neg 0.3778432678745152 __DUMMY__ 0.2339727130881737	false	0.5
aushungern	neg 1.0		off 0.38728604948434364 neg 0.379269754152422 __DUMMY__ 0.23344419636323438	false	0.5
anspannung	neg 1.0		off 0.38924284329507797 neg 0.3768384682646353 __DUMMY__ 0.23391868844028668	false	0.5
kraftlos	neg 1.0		off 0.39047460350916896 neg 0.3757983888586063 __DUMMY__ 0.23372700763222468	false	0.5
grenzdebil	off 1.0		off 0.3928271456333852 neg 0.3738775080739923 __DUMMY__ 0.23329534629262252	false	1.0
unterwerfen	neg 1.0		off 0.3893474565470043 neg 0.3769602508475862 __DUMMY__ 0.23369229260540955	false	0.5
versenkung	neg 1.0		off 0.38948597229696297 neg 0.37668273274357694 __DUMMY__ 0.2338312949594602	false	0.5
entziehen	neg 1.0		off 0.38865657539890996 neg 0.3774914392613749 __DUMMY__ 0.23385198533971516	false	0.5
finanzkrise	neg 1.0		off 0.3839412409594093 neg 0.382170260979617 __DUMMY__ 0.23388849806097364	false	0.5
schimpfend	neg 1.0		off 0.3922865784606306 neg 0.37445020006632407 __DUMMY__ 0.23326322147304543	false	0.5
profan	neg 1.0		off 0.3916674625622873 neg 0.37470702665560385 __DUMMY__ 0.23362551078210886	false	0.5
korruption	neg 1.0		off 0.38619434041419065 neg 0.38015098496142763 __DUMMY__ 0.23365467462438166	false	0.5
schmutzig	neg 1.0		off 0.3930400942811138 neg 0.3736472552732852 __DUMMY__ 0.2333126504456009	false	0.5
abraten	neg 1.0		off 0.3921926487571176 neg 0.3742442938491979 __DUMMY__ 0.23356305739368438	false	0.5
sexy	neg 1.0		off 0.4074457265612661 neg 0.3793547802196367 __DUMMY__ 0.2131994932190972	false	0.5
fotze	off 1.0		off 0.40348722603536646 neg 0.36531444945114844 __DUMMY__ 0.23119832451348493	false	1.0
schwarz	neg 1.0		off 0.39037687340888994 neg 0.37612702430833894 __DUMMY__ 0.2334961022827711	false	0.5
verwirren	neg 1.0		off 0.39213169741477905 neg 0.3743871023677501 __DUMMY__ 0.23348120021747085	false	0.5
zahnlos	off 1.0		off 0.38960270324327795 neg 0.3764942470532987 __DUMMY__ 0.23390304970342352	false	1.0
verheeren	neg 1.0		off 0.38359319859670404 neg 0.3828423342106801 __DUMMY__ 0.23356446719261584	false	0.5
rammen	neg 1.0		off 0.3931864587187639 neg 0.3734366437687994 __DUMMY__ 0.23337689751243673	false	0.5
unlauter	neg 1.0		off 0.38602033806970776 neg 0.3805640880938446 __DUMMY__ 0.23341557383644762	false	0.5
unheilvoll	neg 1.0		off 0.39151889775423243 neg 0.37523332529645775 __DUMMY__ 0.23324777694930987	false	0.5
niedrig	neg 1.0		off 0.38636870305399124 neg 0.37897257321899686 __DUMMY__ 0.234658723727012	false	0.5
weichei	off 1.0		off 0.39477415874306326 neg 0.37211886187071286 __DUMMY__ 0.23310697938622377	false	1.0
explosion	neg 1.0		neg 0.3885820231208339 off 0.37984191861621114 __DUMMY__ 0.23157605826295496	false	1.0
minusmensch	off 1.0		off 0.3995932548451708 neg 0.3677702842153586 __DUMMY__ 0.23263646093947046	false	1.0
farblos	neg 1.0		off 0.39072118668890293 neg 0.37483872104950633 __DUMMY__ 0.2344400922615907	false	0.5
unwissend	neg 1.0		off 0.39222450970034073 neg 0.3743232035003372 __DUMMY__ 0.2334522867993221	false	0.5
traurig	neg 1.0		off 0.39331967195186296 neg 0.3733501284410059 __DUMMY__ 0.23333019960713114	false	0.5
senkung	neg 1.0		neg 0.38490590819681497 off 0.38175798307330905 __DUMMY__ 0.23333610872987595	false	1.0
ungleich	neg 1.0		off 0.3890993147410898 neg 0.37720385153557 __DUMMY__ 0.2336968337233402	false	0.5
heikel	neg 1.0		off 0.38931244789028147 neg 0.3770560996769046 __DUMMY__ 0.23363145243281397	false	0.5
drosselung	neg 1.0		neg 0.38364809753086837 off 0.3827308676349925 __DUMMY__ 0.23362103483413924	false	1.0
falsch	neg 1.0		off 0.3921463230374145 neg 0.37438372407362586 __DUMMY__ 0.23346995288895966	false	0.5
unzufriedenheit	neg 1.0		off 0.3884271134117935 neg 0.3778288788477449 __DUMMY__ 0.23374400774046158	false	0.5
kurz	neg 1.0		off 0.3917996007814852 neg 0.37451296538314954 __DUMMY__ 0.23368743383536528	false	0.5
unsinnig	neg 1.0		off 0.3899699340104154 neg 0.3765077278454156 __DUMMY__ 0.23352233814416903	false	0.5
penner	off 1.0		off 0.39446981881614157 neg 0.37244659270823066 __DUMMY__ 0.23308358847562766	false	1.0
seicht	neg 1.0		off 0.392872788513223 neg 0.373611030813708 __DUMMY__ 0.23351618067306915	false	0.5
dummheit	off 1.0		off 0.3908746069187707 neg 0.37562676114512633 __DUMMY__ 0.23349863193610298	false	1.0
unerfreulich	neg 1.0		off 0.38921357248736216 neg 0.3770047763784557 __DUMMY__ 0.23378165113418212	false	0.5
pikiert	neg 1.0		off 0.39200094972970634 neg 0.37448551134469527 __DUMMY__ 0.23351353892559837	false	0.5
motherfucker	off 1.0		off 0.3767295438788456 __DUMMY__ 0.3687263605387135 neg 0.25454409558244084	false	1.0
wrack	neg 1.0		off 0.3894507382668534 neg 0.376658663985086 __DUMMY__ 0.2338905977480606	false	0.5
gangster	neg 1.0		off 0.39252117880317544 neg 0.3053122284389987 __DUMMY__ 0.3021665927578259	false	0.5
krank	neg 1.0		off 0.39369212859454145 neg 0.37301855045007143 __DUMMY__ 0.23328932095538707	false	0.5
reich	neg 1.0		off 0.3893474659356578 neg 0.3768002220526351 __DUMMY__ 0.23385231201170723	false	0.5
gnadenlos	neg 1.0		off 0.39123562866551 neg 0.3750748123977815 __DUMMY__ 0.2336895589367084	false	0.5
niedergeschlagen	neg 1.0		off 0.39041450068466693 neg 0.37588732430736915 __DUMMY__ 0.23369817500796386	false	0.5
terrorisieren	off 1.0	off 1.0	off 0.6832380863881522 neg 0.20483137317285952 __DUMMY__ 0.11193054043898835	false	1.0
sinnlosigkeit	neg 1.0		off 0.38977350392641885 neg 0.37661166479811203 __DUMMY__ 0.23361483127546898	false	0.5
behindern	neg 1.0		off 0.3863309192141951 neg 0.37994733703915873 __DUMMY__ 0.2337217437466461	false	0.5
undemokratisch	neg 1.0		off 0.38816276523442844 neg 0.3786246023753302 __DUMMY__ 0.2332126323902412	false	0.5
wirtschaftskrise	neg 1.0		off 0.38478563212822997 neg 0.38114988651876697 __DUMMY__ 0.234064481353003	false	0.5
neid	neg 1.0		off 0.39207967243021097 neg 0.37413459906816104 __DUMMY__ 0.23378572850162793	false	0.5
rutschen	neg 1.0		off 0.3903549563702068 neg 0.37558137330168345 __DUMMY__ 0.23406367032810976	false	0.5
rezession	neg 1.0		off 0.3830148218102075 neg 0.38286692007158785 __DUMMY__ 0.23411825811820444	false	0.5
fehlgeburt	neg 1.0		off 0.3923250928150548 neg 0.37458087668116385 __DUMMY__ 0.23309403050378136	false	0.5
charakterschwach	off 1.0		off 0.39175753352986975 neg 0.3747589913419572 __DUMMY__ 0.23348347512817316	false	1.0
isolation	neg 1.0		neg 0.39234049248692787 off 0.3776313686542959 __DUMMY__ 0.23002813885877607	false	1.0
ablenkung	neg 1.0		off 0.3912954144113418 neg 0.37515318154521454 __DUMMY__ 0.23355140404344363	false	0.5
pech	neg 1.0		off 0.3931331755873306 neg 0.3732891753542133 __DUMMY__ 0.23357764905845604	false	0.5
dominieren	neg 1.0		off 0.3857206213830459 neg 0.37986113954732675 __DUMMY__ 0.23441823906962736	false	0.5
vermeidung	neg 1.0		neg 0.38508717655364594 off 0.3817803773098007 __DUMMY__ 0.23313244613655332	false	1.0
schwindlig	neg 1.0		off 0.3943508350058866 neg 0.37251097220528706 __DUMMY__ 0.2331381927888264	false	0.5
lutscher	neg 1.0		off 0.3979550323950685 neg 0.36948729770163385 __DUMMY__ 0.23255766990329763	false	0.5
pflicht	neg 1.0		off 0.3890087219116204 neg 0.37714889380165234 __DUMMY__ 0.23384238428672718	false	0.5
faschist	off 1.0		off 0.39048773325518454 neg 0.3760988058562291 __DUMMY__ 0.23341346088858628	false	1.0
verschleudern	neg 1.0		off 0.38661193917889103 neg 0.37953414203084984 __DUMMY__ 0.23385391879025919	false	0.5
ehebruch	neg 1.0		off 0.38965118708925106 neg 0.37662976694999584 __DUMMY__ 0.23371904596075313	false	0.5
trostlosigkeit	neg 1.0		off 0.3887328221647149 neg 0.37751562999922084 __DUMMY__ 0.23375154783606425	false	0.5
lutschen	neg 1.0		off 0.3985503170209643 neg 0.3695790307547945 __DUMMY__ 0.23187065222424136	false	0.5
spott	off 1.0		off 0.38902314993647913 neg 0.3772598383441623 __DUMMY__ 0.2337170117193586	false	1.0
undiszipliniert	neg 1.0		off 0.3932921084474197 neg 0.3734834789465387 __DUMMY__ 0.23322441260604154	false	0.5
kopfschmerz	neg 1.0		off 0.3921574963485541 neg 0.37474376348703825 __DUMMY__ 0.2330987401644076	false	0.5
unvorhergesehen	neg 1.0		off 0.3909042433004849 neg 0.37528644902460756 __DUMMY__ 0.23380930767490762	false	0.5
desinteressiert	neg 1.0		off 0.3930798798715676 neg 0.37352459536426985 __DUMMY__ 0.23339552476416273	false	0.5
armselig	off 1.0		off 0.3918016235937775 neg 0.3745292087407012 __DUMMY__ 0.23366916766552118	false	1.0
tod	neg 1.0		off 0.38883696428108383 neg 0.37733417917359857 __DUMMY__ 0.2338288565453176	false	0.5
desaster	neg 1.0		off 0.3873425159988832 neg 0.37874665098341115 __DUMMY__ 0.23391083301770563	false	0.5
herzlos	neg 1.0		off 0.39307902996748983 neg 0.37351089520256314 __DUMMY__ 0.23341007482994702	false	0.5
unwissenheit	neg 1.0		off 0.3890563715337816 neg 0.37744763144090177 __DUMMY__ 0.23349599702531665	false	0.5
widersinnig	neg 1.0		off 0.38785831557808115 neg 0.37859270847705434 __DUMMY__ 0.23354897594486443	false	0.5
bedenklich	neg 1.0		off 0.3892770656814929 neg 0.3770769272689065 __DUMMY__ 0.2336460070496006	false	0.5
beanstanden	neg 1.0		off 0.3885258721475789 neg 0.3776115825058656 __DUMMY__ 0.2338625453465555	false	0.5
panisch	neg 1.0		off 0.39239690852324105 neg 0.37429088328261084 __DUMMY__ 0.23331220819414814	false	0.5
abstrich	neg 1.0		off 0.3920697585243723 neg 0.3749995001855768 __DUMMY__ 0.23293074129005084	false	0.5
debil	off 1.0		off 0.4050608900577131 neg 0.3648596106431401 __DUMMY__ 0.2300794992991469	false	1.0
primitiv	neg 1.0		off 0.39214990709318154 neg 0.37414835484680997 __DUMMY__ 0.23370173806000863	false	0.5
abschaum	off 1.0		off 0.3915313502613161 neg 0.37493408227760283 __DUMMY__ 0.23353456746108114	false	1.0
tot	neg 1.0		off 0.39258690449462114 neg 0.37415044934957686 __DUMMY__ 0.23326264615580203	false	0.5
provozieren	neg 1.0		off 0.39079821155860744 neg 0.3756179336407685 __DUMMY__ 0.233583854800624	false	0.5
instabil	neg 1.0		off 0.39013693074346084 neg 0.3758350097884997 __DUMMY__ 0.2340280594680393	false	0.5
schwuchtel	off 1.0		off 0.3986137005515811 neg 0.36912390600111966 __DUMMY__ 0.23226239344729926	false	1.0
zerren	neg 1.0		off 0.39062725302550444 neg 0.3757896778974718 __DUMMY__ 0.23358306907702386	false	0.5
kinderficker	off 1.0		off 0.39209395466678615 neg 0.3747388751053483 __DUMMY__ 0.23316717022786554	false	1.0
gefahr	neg 1.0		off 0.3860544840799779 neg 0.3798580902244952 __DUMMY__ 0.23408742569552698	false	0.5
rabiat	neg 1.0		off 0.3907729548402499 neg 0.37547257136150697 __DUMMY__ 0.2337544737982431	false	0.5
verlangsamung	neg 1.0		off 0.38423573820541645 neg 0.38122317377420306 __DUMMY__ 0.2345410880203805	false	0.5
anklagen	neg 1.0		off 0.38617224036627085 neg 0.3802320408237446 __DUMMY__ 0.2335957188099846	false	0.5
ausgestorben	neg 1.0		off 0.39026669664886005 neg 0.37581541585680833 __DUMMY__ 0.23391788749433157	false	0.5
verminderung	neg 1.0		neg 0.38513741516391514 off 0.3815062310738284 __DUMMY__ 0.23335635376225652	false	1.0
rost	neg 1.0		off 0.3873967989093884 neg 0.3774534266115014 __DUMMY__ 0.2351497744791101	false	0.5
destruktiv	neg 1.0		off 0.38973683126002795 neg 0.3766759692149925 __DUMMY__ 0.23358719952497953	false	0.5
unzumutbarkeit	neg 1.0		off 0.3860952409366473 neg 0.3800892763049216 __DUMMY__ 0.23381548275843106	false	0.5
labil	off 1.0	off 1.0	off 0.7637721739066506 neg 0.14615569472666445 __DUMMY__ 0.09007213136668499	false	1.0
ziemlich	neg 1.0		off 0.3931655090361662 neg 0.373420543288901 __DUMMY__ 0.23341394767493287	false	0.5
lachnummer	off 1.0		off 0.3897833612752687 neg 0.3764709020323222 __DUMMY__ 0.23374573669240917	false	1.0
ausgrenzung	neg 1.0		off 0.3868000950479589 neg 0.37964263232341083 __DUMMY__ 0.23355727262863044	false	0.5
verfall	neg 1.0		off 0.3873348403363181 neg 0.3788259192307173 __DUMMY__ 0.23383924043296458	false	0.5
unordnung	neg 1.0	neg 1.0	neg 0.6726319639246612 off 0.21439471463610754 __DUMMY__ 0.11297332143923125	false	1.0
fehlverhalten	neg 1.0		off 0.3884049103503667 neg 0.3778941920828261 __DUMMY__ 0.23370089756680715	false	0.5
nille	neg 1.0		off 0.40596616119475476 neg 0.36366589033790836 __DUMMY__ 0.23036794846733685	false	0.5
qual	neg 1.0		off 0.3968428654115121 neg 0.38897990391786186 __DUMMY__ 0.21417723067062616	false	0.5
riesig	neg 1.0		off 0.3966968031952635 neg 0.36985067652623466 __DUMMY__ 0.23345252027850177	false	0.5
verschwenden	neg 1.0		off 0.38990093441409396 neg 0.37646745927693054 __DUMMY__ 0.23363160630897561	false	0.5
verurteilen	neg 1.0		off 0.38903239950242147 neg 0.3774140109405352 __DUMMY__ 0.23355358955704345	false	0.5
klischee	neg 1.0		off 0.39162353286356233 neg 0.3747443009171188 __DUMMY__ 0.23363216621931887	false	0.5
diktatorisch	neg 1.0		off 0.38857573718393773 neg 0.37815422491298023 __DUMMY__ 0.2332700379030821	false	0.5
vorhersehbar	neg 1.0		off 0.39100759174991095 neg 0.375194529445475 __DUMMY__ 0.2337978788046141	false	0.5
stornieren	neg 1.0		off 0.38902653686608457 neg 0.3773842409361116 __DUMMY__ 0.2335892221978038	false	0.5
besteuerung	neg 1.0		neg 0.3837117384239755 off 0.38252898335712815 __DUMMY__ 0.2337592782188964	false	1.0
ungeschminkt	neg 1.0		off 0.3967989833263505 neg 0.3707645390653323 __DUMMY__ 0.23243647760831718	false	0.5
kritisch	neg 1.0		off 0.3889884254948533 neg 0.37729207750894306 __DUMMY__ 0.2337194969962036	false	0.5
schlamperei	off 1.0		off 0.3864150462891513 neg 0.37979801547685527 __DUMMY__ 0.23378693823399335	false	1.0
sucht	neg 1.0		off 0.38980016207749024 neg 0.37537790172985463 __DUMMY__ 0.23482193619265515	false	0.5
egoistisch	off 1.0		off 0.3933565908833199 neg 0.3735065492645435 __DUMMY__ 0.2331368598521365	false	1.0
ausbeuter	off 1.0		off 0.38851480212199074 neg 0.3777872667325596 __DUMMY__ 0.23369793114544954	false	1.0
arschgeburt			off 0.399659768844902 neg 0.36833741709963286 __DUMMY__ 0.232002814055465	false	0.0
schubs	neg 1.0		off 0.3935913220624351 neg 0.37345020019482994 __DUMMY__ 0.23295847774273512	false	0.5
unsolide	neg 1.0		off 0.3883082270513292 neg 0.37834807090415196 __DUMMY__ 0.23334370204451887	false	0.5
beschwerde	neg 1.0		off 0.3865896458923491 neg 0.3798719198454962 __DUMMY__ 0.23353843426215468	false	0.5
stocken	neg 1.0		off 0.38492204942837976 neg 0.38073832874042 __DUMMY__ 0.23433962183120027	false	0.5
isolieren	neg 1.0		off 0.38569346970089713 neg 0.3803547621711479 __DUMMY__ 0.2339517681279549	false	0.5
unheilbar	neg 1.0		off 0.3905444395876273 neg 0.3758605619667621 __DUMMY__ 0.23359499844561066	false	0.5
pisser	off 1.0		off 0.3996084139677312 neg 0.3682558499637445 __DUMMY__ 0.2321357360685242	false	1.0
löschen	neg 1.0		off 0.39290202320929096 neg 0.3768791625399689 __DUMMY__ 0.23021881425074006	false	0.5
durchfallen	neg 1.0		off 0.3897820265987589 neg 0.37668817519734993 __DUMMY__ 0.2335297982038912	false	0.5
wichser	off 1.0		off 0.39479503679337097 neg 0.3721195822927083 __DUMMY__ 0.23308538091392078	false	1.0
terror	neg 1.0		neg 0.3861325327217451 off 0.38244750468962607 __DUMMY__ 0.2314199625886288	false	1.0
krass	neg 1.0		off 0.3966231198628749 neg 0.37075577269557697 __DUMMY__ 0.2326211074415482	false	0.5
revolte	neg 1.0		off 0.38532119170277035 neg 0.38070163665075196 __DUMMY__ 0.23397717164647766	false	0.5
besorgt	neg 1.0		off 0.39067398071048226 neg 0.37571337497988566 __DUMMY__ 0.2336126443096319	false	0.5
nachlassen	neg 1.0		off 0.3890517266262106 neg 0.37710987575636423 __DUMMY__ 0.23383839761742528	false	0.5
alt	neg 1.0		off 0.39422758623872955 neg 0.37200043748569867 __DUMMY__ 0.2337719762755718	false	0.5
hundesohn	off 1.0		off 0.4019828638012964 neg 0.36659537533042275 __DUMMY__ 0.23142176086828092	false	1.0
abschreckung	neg 1.0		off 0.3878986965050195 neg 0.3784288262236181 __DUMMY__ 0.23367247727136228	false	0.5
unqualifiziert	neg 1.0		off 0.3905986273865683 neg 0.3760224952510125 __DUMMY__ 0.23337887736241913	false	0.5
abgewichst	off 1.0		off 0.4037270035369433 neg 0.3654403142332363 __DUMMY__ 0.23083268222982034	false	1.0
kapitulation	neg 1.0		off 0.3866893350794689 neg 0.37947584126655204 __DUMMY__ 0.2338348236539791	false	0.5
schwer	neg 1.0		off 0.3909388735105884 neg 0.37529972762552327 __DUMMY__ 0.23376139886388825	false	0.5
bedeutungslosigkeit	neg 1.0		off 0.3883777327351215 neg 0.3777669427493803 __DUMMY__ 0.23385532451549818	false	0.5
unscharf	neg 1.0		off 0.39459890323506497 neg 0.37249634354853906 __DUMMY__ 0.23290475321639595	false	0.5
schwinden	neg 1.0		off 0.38541758469218074 neg 0.3804322473071895 __DUMMY__ 0.2341501680006297	false	0.5
versklavung	neg 1.0		off 0.3860510798503262 neg 0.3804978158619353 __DUMMY__ 0.23345110428773838	false	0.5
schlecht	neg 1.0		off 0.3926142059309174 neg 0.3739075321824036 __DUMMY__ 0.2334782618866791	false	0.5
verhasst	neg 1.0		off 0.3901759589823875 neg 0.3761545349471922 __DUMMY__ 0.2336695060704203	false	0.5
beschweren	neg 1.0		off 0.39118606733094846 neg 0.3750618085107575 __DUMMY__ 0.23375212415829405	false	0.5
scheiden	neg 1.0		off 0.39120039849026306 neg 0.3750145284244029 __DUMMY__ 0.23378507308533403	false	0.5
frustriert	neg 1.0		off 0.39052775764654 neg 0.3758275004575511 __DUMMY__ 0.2336447418959089	false	0.5
schimmelig	neg 1.0		off 0.3967302706551883 neg 0.37056614006123356 __DUMMY__ 0.23270358928357815	false	0.5
fisch	neg 1.0		off 0.39411356204871234 neg 0.3720257614323509 __DUMMY__ 0.23386067651893683	false	0.5
schmuggel	neg 1.0		off 0.3894069202311566 neg 0.37684339091336394 __DUMMY__ 0.23374968885547956	false	0.5
auffallen	neg 1.0		off 0.391148012531844 neg 0.37520676698904 __DUMMY__ 0.233645220479116	false	0.5
konkurrenz	neg 1.0		off 0.38857552813373086 neg 0.3775860209742231 __DUMMY__ 0.23383845089204605	false	0.5
teufelskreis	neg 1.0		off 0.3903234875279256 neg 0.37592169193754094 __DUMMY__ 0.23375482053453334	false	0.5
aufschreien	neg 1.0		off 0.39177170411703477 neg 0.37458005993408405 __DUMMY__ 0.23364823594888115	false	0.5
missgeburt	off 1.0		off 0.3996060062844833 neg 0.3681142840493771 __DUMMY__ 0.23227970966613948	false	1.0
schuldner	neg 1.0		off 0.3856171474273797 neg 0.38051345048808327 __DUMMY__ 0.23386940208453713	false	0.5
befallen	neg 1.0		off 0.3881647695535987 neg 0.378554093803092 __DUMMY__ 0.23328113664330932	false	0.5
arbeitslos	neg 1.0		off 0.38975078672855423 neg 0.37654365511750165 __DUMMY__ 0.2337055581539442	false	0.5
miesepetrig	off 1.0		off 0.39272428192909536 neg 0.37391528024959825 __DUMMY__ 0.23336043782130633	false	1.0
alarmieren	neg 1.0		off 0.3844732729055172 neg 0.3815196785907659 __DUMMY__ 0.23400704850371698	false	0.5
ungeduscht	off 1.0		off 0.39530192880394927 neg 0.37203010091508865 __DUMMY__ 0.23266797028096203	false	1.0
knappheit	neg 1.0		off 0.3856538663636861 neg 0.38031027094014735 __DUMMY__ 0.2340358626961667	false	0.5
schlange	neg 1.0		off 0.3916248971299056 neg 0.3746344823932258 __DUMMY__ 0.2337406204768687	false	0.5
harsch	neg 1.0		off 0.3861865621666765 neg 0.38025952696807047 __DUMMY__ 0.233553910865253	false	0.5
lang	neg 1.0	neg 1.0	neg 0.63216465727727 off 0.24226405141617907 __DUMMY__ 0.12557129130655093	false	1.0
ziellos	neg 1.0		off 0.3902748217685195 neg 0.37592603162794985 __DUMMY__ 0.23379914660353066	false	0.5
selbstverliebt	neg 1.0		off 0.3957760090956502 neg 0.37127286335186327 __DUMMY__ 0.23295112755248648	false	0.5
beseitigen	neg 1.0		off 0.3859447845012479 neg 0.37994360770006924 __DUMMY__ 0.23411160779868284	false	0.5
dumm	off 1.0		off 0.39421067153145334 neg 0.3726298798824117 __DUMMY__ 0.23315944858613483	false	1.0
arbeitsloser	neg 1.0		off 0.3894732921944715 neg 0.3767613433407157 __DUMMY__ 0.2337653644648129	false	0.5
blitzen	neg 1.0		off 0.39076555325244766 neg 0.3743184761622456 __DUMMY__ 0.23491597058530678	false	0.5
hilflos	neg 1.0		off 0.39062422235504013 neg 0.375900510116535 __DUMMY__ 0.2334752675284248	false	0.5
eklig	off 1.0		off 0.39593433591385024 neg 0.37129765002761383 __DUMMY__ 0.23276801405853606	false	1.0
hungersnot	neg 1.0		off 0.38637327340568195 neg 0.37954467339348297 __DUMMY__ 0.23408205320083506	false	0.5
ungesetzlich	neg 1.0		off 0.38782607034988137 neg 0.37865379090433704 __DUMMY__ 0.2335201387457815	false	0.5
verschwendung	neg 1.0		off 0.38944352109593533 neg 0.3768856457281555 __DUMMY__ 0.23367083317590906	false	0.5
schmerzvoll	neg 1.0		off 0.3917824653458819 neg 0.3747098639532321 __DUMMY__ 0.23350767070088602	false	0.5
vorzeitig	neg 1.0		off 0.3844509876479057 neg 0.38161493112021494 __DUMMY__ 0.2339340812318793	false	0.5
unvollkommenheit	neg 1.0		off 0.39021597487144716 neg 0.376139649120529 __DUMMY__ 0.23364437600802385	false	0.5
intervenieren	neg 1.0		off 0.3879427235814026 neg 0.37846816085181934 __DUMMY__ 0.23358911556677814	false	0.5
banause	off 1.0		off 0.394660721412558 neg 0.3723697957248582 __DUMMY__ 0.23296948286258368	false	1.0
rebell	neg 1.0		off 0.3995488787186536 neg 0.36915400867375986 __DUMMY__ 0.23129711260758665	false	0.5
unlogisch	neg 1.0		off 0.3929942690018848 neg 0.37374267298040736 __DUMMY__ 0.23326305801770786	false	0.5
abschaffung	neg 1.0		off 0.3849535166890595 neg 0.3815737996842284 __DUMMY__ 0.23347268362671214	false	0.5
leiden	neg 1.0		off 0.39127846473748445 neg 0.37496628334364934 __DUMMY__ 0.2337552519188661	false	0.5
sturz	neg 1.0		off 0.38601496333626484 neg 0.37992150820133513 __DUMMY__ 0.23406352846239994	false	0.5
verkleinerung	neg 1.0		off 0.38397573113147476 neg 0.38224217520927994 __DUMMY__ 0.23378209365924527	false	0.5
schmarotzer	off 1.0		off 0.3899056637041596 neg 0.37653935970675567 __DUMMY__ 0.23355497658908475	false	1.0
bestrafung	neg 1.0		off 0.39136613147273414 neg 0.37503561490902615 __DUMMY__ 0.2335982536182397	false	0.5
achtlos	neg 1.0		off 0.39061494357575316 neg 0.37586879873197854 __DUMMY__ 0.23351625769226836	false	0.5
ungeheuer	neg 1.0		off 0.39241087458091434 neg 0.37377066576824636 __DUMMY__ 0.23381845965083933	false	0.5
unaufrichtig	neg 1.0		off 0.3909714022820855 neg 0.3759566898698473 __DUMMY__ 0.23307190784806708	false	0.5
groggy	neg 1.0		off 0.39647918917274383 neg 0.370458217934838 __DUMMY__ 0.23306259289241815	false	0.5
verletzlich	neg 1.0		off 0.3929121838919783 neg 0.3737089429788238 __DUMMY__ 0.23337887312919794	false	0.5
ablehnen	neg 1.0		off 0.38889500837502017 neg 0.3775599259707588 __DUMMY__ 0.23354506565422095	false	0.5
kollaps	neg 1.0		off 0.3840676374475085 neg 0.38200661535182084 __DUMMY__ 0.2339257472006707	false	0.5
beschnitten	neg 1.0		off 0.3911904040343075 neg 0.375208171097453 __DUMMY__ 0.23360142486823954	false	0.5
defekt	neg 1.0		off 0.38516458447800406 neg 0.3812939889933635 __DUMMY__ 0.23354142652863252	false	0.5
dreckskerl	off 1.0		off 0.3930803329324294 neg 0.37378065521685666 __DUMMY__ 0.233139011850714	false	1.0
deine	neg 1.0		off 0.39451462297680895 neg 0.3724608659857294 __DUMMY__ 0.23302451103746152	false	0.5
aufgeben	neg 1.0		off 0.3913834815404929 neg 0.37472698168237084 __DUMMY__ 0.23388953677713623	false	0.5
durcheinander	neg 1.0		off 0.3920253941771136 neg 0.3743238636280107 __DUMMY__ 0.23365074219487572	false	0.5
unterbrechen	neg 1.0		off 0.3901654637913043 neg 0.3760899333477597 __DUMMY__ 0.23374460286093612	false	0.5
vergammeln	neg 1.0		off 0.39172732544447214 neg 0.374637323138669 __DUMMY__ 0.2336353514168587	false	0.5
grotesk	neg 1.0		off 0.38977420622196407 neg 0.37643765593546685 __DUMMY__ 0.23378813784256913	false	0.5
elendig	neg 1.0		off 0.39185057321668676 neg 0.3747219366052256 __DUMMY__ 0.23342749017808767	false	0.5
naiv	off 1.0		off 0.391428849448729 neg 0.37482207942832696 __DUMMY__ 0.23374907112294402	false	1.0
uneinigkeit	neg 1.0		off 0.38547269646656085 neg 0.3807443675682911 __DUMMY__ 0.2337829359651481	false	0.5
fragil	neg 1.0		neg 0.387667371929299 off 0.3827849270286105 __DUMMY__ 0.22954770104209035	false	1.0
provisorisch	neg 1.0		off 0.3898072829130277 neg 0.3761438029309285 __DUMMY__ 0.2340489141560439	false	0.5
landei	off 1.0		off 0.3946580732646933 neg 0.3719377747981697 __DUMMY__ 0.233404151937137	false	1.0
bedauerlich	neg 1.0		off 0.3894441549367413 neg 0.3768463016357766 __DUMMY__ 0.2337095434274822	false	0.5
krieg	neg 1.0		off 0.39045514497023964 neg 0.37591691257299675 __DUMMY__ 0.2336279424567637	false	0.5
traurigkeit	neg 1.0		off 0.39109353622026777 neg 0.3752387706024514 __DUMMY__ 0.23366769317728084	false	0.5
monotonie	neg 1.0		off 0.3898738017952183 neg 0.37626215071162805 __DUMMY__ 0.23386404749315362	false	0.5
unliebsam	neg 1.0		off 0.390360135468278 neg 0.3759776455247922 __DUMMY__ 0.23366221900692974	false	0.5
drift	neg 1.0		neg 0.4143685990511683 off 0.3801696236094675 __DUMMY__ 0.20546177733936427	false	1.0
chaos	neg 1.0		off 0.38744653591840633 neg 0.37883413742831756 __DUMMY__ 0.23371932665327608	false	0.5
blutig	neg 1.0		off 0.3917813287820595 neg 0.374522463294484 __DUMMY__ 0.2336962079234564	false	0.5
