unsolidarisch	neg 1.0		__DUMMY__ 0.3673755034770202 off 0.3209814145939258 neg 0.3116430819290539	false	0.5
nachteilig	neg 1.0		__DUMMY__ 0.3681326672935596 off 0.3199032249184257 neg 0.3119641077880146	false	0.5
skeptisch	neg 1.0		__DUMMY__ 0.36816072844708614 off 0.32071900037148837 neg 0.31112027118142543	false	0.5
schrecklich	neg 1.0		__DUMMY__ 0.3671916631173252 off 0.3254979459072057 neg 0.30731039097546914	false	0.5
schlapp	neg 1.0		__DUMMY__ 0.36739848868497754 off 0.3256579081977263 neg 0.30694360311729624	false	0.5
abfall	neg 1.0		__DUMMY__ 0.3685312474299788 off 0.31987830933404293 neg 0.3115904432359783	false	0.5
widerspenstig	neg 1.0		__DUMMY__ 0.3675999111730791 off 0.323004695179224 neg 0.30939539364769686	false	0.5
abrupt	neg 1.0		__DUMMY__ 0.3684039109109365 off 0.3215734551772616 neg 0.31002263391180185	false	0.5
unwirksam	neg 1.0		__DUMMY__ 0.3681677998403359 neg 0.31655746342754365 off 0.3152747367321203	false	1.0
angreifen	neg 1.0		__DUMMY__ 0.3680519593066356 off 0.32073215592341026 neg 0.31121588476995393	false	0.5
inkonsistent	neg 1.0		__DUMMY__ 0.3682441029724584 off 0.3227176070217115 neg 0.30903829000583005	false	0.5
abrutschen	neg 1.0		__DUMMY__ 0.3681000964081874 off 0.3207197329037356 neg 0.311180170688077	false	0.5
unsicher	neg 1.0		__DUMMY__ 0.36794062184931875 off 0.3227410044004207 neg 0.3093183737502605	false	0.5
bauernkind	off 1.0		__DUMMY__ 0.3661624035737204 off 0.3295939704322476 neg 0.30424362599403193	false	1.0
angreifer	neg 1.0		__DUMMY__ 0.36789200485823176 off 0.3181034201642372 neg 0.3140045749775309	false	0.5
trennen	neg 1.0		__DUMMY__ 0.36863454335958584 off 0.32160396039974787 neg 0.3097614962406664	false	0.5
schmutz	neg 1.0		__DUMMY__ 0.3683573810002597 off 0.3181696543274061 neg 0.3134729646723342	false	0.5
inkonsistenz	neg 1.0		__DUMMY__ 0.36764907332502 off 0.3235210788257654 neg 0.30882984784921463	false	0.5
erschreckend	neg 1.0		__DUMMY__ 0.3679810920943117 off 0.32152250791339243 neg 0.31049639999229584	false	0.5
ertrinken	neg 1.0		__DUMMY__ 0.36757260201989383 off 0.322060348229624 neg 0.31036704975048224	false	0.5
pickelface	off 1.0		__DUMMY__ 0.36512203486959555 off 0.33401584259938494 neg 0.3008621225310197	false	1.0
lauch	neg 1.0		__DUMMY__ 0.36574773788655224 off 0.3310821785019031 neg 0.30317008361154474	false	0.5
steuerhinterziehung	neg 1.0		__DUMMY__ 0.3678120801442418 off 0.3179094875782286 neg 0.31427843227752944	false	0.5
unwichtig	neg 1.0		__DUMMY__ 0.36772656828458017 off 0.32357872239438756 neg 0.30869470932103227	false	0.5
schock	neg 1.0		__DUMMY__ 0.3682956527598208 off 0.3227207154616663 neg 0.3089836317785128	false	0.5
vergelten	neg 1.0		__DUMMY__ 0.3668582814309325 off 0.3204018692352738 neg 0.31273984933379373	false	0.5
beule	neg 1.0		__DUMMY__ 0.3671648437237229 off 0.32637257052293617 neg 0.30646258575334095	false	0.5
verdorbenheit	neg 1.0		__DUMMY__ 0.3701247283059694 off 0.3202839620121003 neg 0.30959130968193027	false	0.5
trauma			off 0.3512791517608141 __DUMMY__ 0.3351512914758812 neg 0.31356955676330467	false	0.0
sinnlos	neg 1.0		__DUMMY__ 0.3676629868354141 off 0.32352008167017554 neg 0.30881693149441036	false	0.5
fettsack	off 1.0		__DUMMY__ 0.3666091096870324 off 0.3291088495505641 neg 0.30428204076240356	false	1.0
feige	off 1.0		__DUMMY__ 0.36783446358876254 off 0.3235213679193374 neg 0.30864416849190013	false	1.0
abdanken	neg 1.0		__DUMMY__ 0.3677175118389734 off 0.3210317560041815 neg 0.3112507321568451	false	0.5
wichtigtuer	off 1.0	off 1.0	off 0.6507280165528909 __DUMMY__ 0.17740496919630552 neg 0.17186701425080356	false	1.0
misslingen	neg 1.0		__DUMMY__ 0.36749681588083977 off 0.3229285869768974 neg 0.3095745971422628	false	0.5
untreu	off 1.0		__DUMMY__ 0.36781751165281373 off 0.32359614928020475 neg 0.30858633906698146	false	1.0
missmutig	neg 1.0		__DUMMY__ 0.3680482222352717 off 0.3228057228126893 neg 0.3091460549520391	false	0.5
hurenbock	off 1.0		__DUMMY__ 0.3657386524556244 off 0.32941761319418983 neg 0.30484373435018575	false	1.0
betrunken	neg 1.0		__DUMMY__ 0.3671116655008752 off 0.32556621668189656 neg 0.30732211781722824	false	0.5
korrupt	off 1.0		__DUMMY__ 0.36761817213128484 off 0.3208672595342035 neg 0.31151456833451174	false	1.0
unmut	neg 1.0		__DUMMY__ 0.3681899948360958 off 0.3194152997919142 neg 0.31239470537199	false	0.5
hackfresse	off 1.0		__DUMMY__ 0.3668528962305613 off 0.32646185692623053 neg 0.3066852468432082	false	1.0
aufblasen	neg 1.0		__DUMMY__ 0.3677463988562918 off 0.3235010466174648 neg 0.3087525545262433	false	0.5
gewaltsam	neg 1.0		__DUMMY__ 0.3680350441228113 off 0.31874519819532204 neg 0.3132197576818667	false	0.5
unbeliebtheit	neg 1.0		__DUMMY__ 0.36810011058334846 off 0.31783329557238826 neg 0.3140665938442631	false	0.5
sturheit	neg 1.0		__DUMMY__ 0.36791419292388494 off 0.3208320633718234 neg 0.3112537437042915	false	0.5
kuh	neg 1.0		__DUMMY__ 0.36631881884885287 off 0.32981482527350003 neg 0.3038663558776472	false	0.5
erschrecken	neg 1.0		__DUMMY__ 0.3675939415166586 off 0.3240269715631172 neg 0.30837908692022414	false	0.5
opfer	neg 1.0		__DUMMY__ 0.36808912626050627 off 0.3212704766728716 neg 0.3106403970666222	false	0.5
stinktier	neg 1.0		__DUMMY__ 0.3662585804871792 off 0.3295032881476321 neg 0.3042381313651886	false	0.5
sinken	neg 1.0		__DUMMY__ 0.36908155366635675 off 0.31753764450408517 neg 0.3133808018295582	false	0.5
tucke	off 1.0		__DUMMY__ 0.3659138290120656 off 0.3286986708156257 neg 0.3053875001723086	false	1.0
abstieg	neg 1.0		__DUMMY__ 0.36843169899518596 off 0.3192099513852529 neg 0.31235834961956116	false	0.5
missverstehen	neg 1.0		__DUMMY__ 0.36790302334775166 off 0.3228462084490262 neg 0.3092507682032222	false	0.5
ergebnislos	neg 1.0		__DUMMY__ 0.3685564527989591 off 0.3173054677811115 neg 0.31413807941992944	false	0.5
manipulieren	neg 1.0		__DUMMY__ 0.36761890142989373 off 0.3210758942459334 neg 0.3113052043241728	false	0.5
verschleppen	neg 1.0		__DUMMY__ 0.3681627715401257 off 0.3179419660405242 neg 0.31389526241934995	false	0.5
unbewiesen	neg 1.0		__DUMMY__ 0.36807420134269797 off 0.31939932279709443 neg 0.3125264758602077	false	0.5
weib	off 1.0		__DUMMY__ 0.3663632213887621 off 0.328468411295394 neg 0.3051683673158439	false	1.0
opposition	neg 1.0		__DUMMY__ 0.36717884454730226 off 0.3164819213529745 neg 0.3163392340997233	false	0.5
verkehrswidrig	neg 1.0		__DUMMY__ 0.36704429110444514 off 0.31839779924338196 neg 0.31455790965217295	false	0.5
inkorrekt	neg 1.0		__DUMMY__ 0.36771084072840016 off 0.32339082248624074 neg 0.3088983367853593	false	0.5
vermeiden	neg 1.0		__DUMMY__ 0.3685135005193001 off 0.31909655112615365 neg 0.31238994835454637	false	0.5
abweichung	neg 1.0		__DUMMY__ 0.368451316179945 off 0.31881183010937536 neg 0.3127368537106798	false	0.5
alkoholisiert	neg 1.0		__DUMMY__ 0.36798179480095733 off 0.3214489198625305 neg 0.3105692853365123	false	0.5
scheiss	off 1.0	off 1.0	off 0.652278399133534 __DUMMY__ 0.17744984527685737 neg 0.17027175558960855	false	1.0
herausforderung	neg 1.0		__DUMMY__ 0.36870753279698193 off 0.319764554080198 neg 0.31152791312281997	false	0.5
pervers	off 1.0		__DUMMY__ 0.3661843241107682 off 0.3283473382184757 neg 0.30546833767075604	false	1.0
wackelig	neg 1.0		__DUMMY__ 0.3678557182382939 off 0.3231138424019731 neg 0.30903043935973296	false	0.5
verwickeln	neg 1.0		__DUMMY__ 0.3680421722678439 off 0.32256239618353494 neg 0.30939543154862104	false	0.5
vorwand	neg 1.0		__DUMMY__ 0.36776490471789686 off 0.32092109334128166 neg 0.31131400194082137	false	0.5
muschi	off 1.0		__DUMMY__ 0.3651965476077395 off 0.33343683243861194 neg 0.30136661995364855	false	1.0
entmutigung	neg 1.0		__DUMMY__ 0.3678048863323656 off 0.31841673294940925 neg 0.31377838071822506	false	0.5
unstetig	neg 1.0		__DUMMY__ 0.3678750766320226 off 0.3213003561538973 neg 0.31082456721408014	false	0.5
unangemessen	neg 1.0		__DUMMY__ 0.3679315357548319 off 0.3211462683097327 neg 0.31092219593543535	false	0.5
entmutigen	neg 1.0		__DUMMY__ 0.3679535313520868 off 0.32291258767032055 neg 0.30913388097759276	false	0.5
schwanz	neg 1.0		__DUMMY__ 0.364724933643377 off 0.33146843535679343 neg 0.30380663099982974	false	0.5
verbot	neg 1.0		__DUMMY__ 0.3678509945300952 off 0.318537301301038 neg 0.3136117041688669	false	0.5
leid	neg 1.0		__DUMMY__ 0.3672024524622626 off 0.3259477251287817 neg 0.30684982240895575	false	0.5
archaisch	neg 1.0		__DUMMY__ 0.36780911372319824 off 0.3213077960698648 neg 0.31088309020693683	false	0.5
scheidung	neg 1.0		__DUMMY__ 0.3684975524637671 off 0.3161366011189464 neg 0.31536584641728643	false	0.5
abgestanden	neg 1.0		__DUMMY__ 0.3680688517109849 off 0.32458989763290225 neg 0.30734125065611284	false	0.5
einschlag	neg 1.0		__DUMMY__ 0.3683828965905173 off 0.3186656340705161 neg 0.3129514693389664	false	0.5
schmierig	off 1.0		__DUMMY__ 0.3673511246554894 off 0.3255067942849737 neg 0.30714208105953694	false	1.0
unpraktisch	neg 1.0		__DUMMY__ 0.3675486161028843 off 0.3245301887090949 neg 0.30792119518802086	false	0.5
wixxer	off 1.0		__DUMMY__ 0.3664522289286271 off 0.32943549101331504 neg 0.3041122800580579	false	1.0
jammerlappen	off 1.0		__DUMMY__ 0.3676696760078942 off 0.3236117562631424 neg 0.3087185677289634	false	1.0
farce	neg 1.0		__DUMMY__ 0.3679750152948998 off 0.3185668885489513 neg 0.31345809615614895	false	0.5
zwecklos	neg 1.0		__DUMMY__ 0.3680781023300795 off 0.32126079986549566 neg 0.31066109780442486	false	0.5
turbulent	neg 1.0		__DUMMY__ 0.3673546880752878 off 0.3207647250419716 neg 0.31188058688274045	false	0.5
schuld	neg 1.0		__DUMMY__ 0.36760955104646625 off 0.3228093813832965 neg 0.3095810675702373	false	0.5
risiko	neg 1.0		__DUMMY__ 0.36922611664835975 off 0.31668594322741306 neg 0.31408794012422714	false	0.5
invasion	neg 1.0		__DUMMY__ 0.35975189272678876 neg 0.3308438613283307 off 0.3094042459448806	false	1.0
finster	neg 1.0		__DUMMY__ 0.36786266650760896 off 0.32489499333644556 neg 0.30724234015594554	false	0.5
geisteskrank	off 1.0		__DUMMY__ 0.36783247821089987 off 0.3235290838334985 neg 0.30863843795560164	false	1.0
ausbeute	neg 1.0		__DUMMY__ 0.3695861854347436 off 0.32132975633789645 neg 0.3090840582273599	false	0.5
zusammenbrechen	neg 1.0		__DUMMY__ 0.36769031634709776 off 0.3221173006051323 neg 0.3101923830477699	false	0.5
hinterhalt	neg 1.0		__DUMMY__ 0.36806115965167474 off 0.3211796773208253 neg 0.3107591630274999	false	0.5
kritik	neg 1.0		__DUMMY__ 0.36788253083596373 off 0.31885807608200917 neg 0.313259393082027	false	0.5
einschrumpfen	neg 1.0		__DUMMY__ 0.36557592376529685 off 0.3186518421355004 neg 0.31577223409920285	false	0.5
riskant	neg 1.0		__DUMMY__ 0.36801554283581817 off 0.3213004634132182 neg 0.31068399375096367	false	0.5
frustrieren	neg 1.0		__DUMMY__ 0.3680953604575949 off 0.32170761930844743 neg 0.3101970202339576	false	0.5
groll	neg 1.0		__DUMMY__ 0.3681245087981872 off 0.3210275306944441 neg 0.3108479605073687	false	0.5
qualvoll	neg 1.0		__DUMMY__ 0.36734914291969606 off 0.3236272429496281 neg 0.30902361413067575	false	0.5
wackeln	neg 1.0		__DUMMY__ 0.36809307416890275 off 0.32303107781411183 neg 0.3088758480169855	false	0.5
klagen	neg 1.0		__DUMMY__ 0.36796359412511576 off 0.31916540640566987 neg 0.31287099946921443	false	0.5
trauern	neg 1.0		__DUMMY__ 0.36793826708787575 off 0.32154249121342776 neg 0.31051924169869655	false	0.5
ablehnung	neg 1.0		__DUMMY__ 0.36807729634116687 off 0.3183478381891592 neg 0.31357486546967395	false	0.5
bankrott	neg 1.0		__DUMMY__ 0.36689357686924445 neg 0.3189478440644352 off 0.31415857906632044	false	1.0
stur	neg 1.0		__DUMMY__ 0.3676077734153286 off 0.32241539593031904 neg 0.30997683065435244	false	0.5
aufruhr	neg 1.0		__DUMMY__ 0.3687427369897701 off 0.3171256786115555 neg 0.31413158439867445	false	0.5
melancholie	neg 1.0		__DUMMY__ 0.3677944601964426 off 0.3241468342531372 neg 0.3080587055504202	false	0.5
torheit	neg 1.0		__DUMMY__ 0.36794328886383815 off 0.32056272863778695 neg 0.31149398249837473	false	0.5
dreckskind	off 1.0		__DUMMY__ 0.3656610037623852 off 0.33206187259058284 neg 0.3022771236470319	false	1.0
umtauschen	neg 1.0		__DUMMY__ 0.36737758279523897 off 0.32447476800575115 neg 0.30814764919901	false	0.5
zersetzen	neg 1.0		__DUMMY__ 0.36802163378560027 off 0.3201705221316334 neg 0.31180784408276635	false	0.5
frust	neg 1.0		__DUMMY__ 0.36775817983545617 off 0.32199815447742347 neg 0.31024366568712053	false	0.5
unerbittlichkeit	neg 1.0		__DUMMY__ 0.3680490863736677 off 0.32022030649554595 neg 0.3117306071307864	false	0.5
unkorrekt	neg 1.0		__DUMMY__ 0.3672668864641995 off 0.32387811228186014 neg 0.3088550012539403	false	0.5
hexe	off 1.0		__DUMMY__ 0.36791747470953035 off 0.3264171262193762 neg 0.3056653990710935	false	1.0
lasch	neg 1.0		__DUMMY__ 0.36781300374101017 off 0.3225353603023421 neg 0.3096516359566478	false	0.5
rivale	neg 1.0		__DUMMY__ 0.3674959596287081 off 0.3171746863780453 neg 0.31532935399324646	false	0.5
mutlos	off 1.0		__DUMMY__ 0.3680472871371299 off 0.3206703207015568 neg 0.31128239216131315	false	1.0
wirr	off 1.0		__DUMMY__ 0.3666127981915063 off 0.3257573093277367 neg 0.3076298924807569	false	1.0
strafbar	neg 1.0		__DUMMY__ 0.36807127641551374 off 0.3210062176585757 neg 0.31092250592591075	false	0.5
erosion	neg 1.0	neg 1.0	neg 0.6405658830529967 __DUMMY__ 0.18176522838199896 off 0.17766888856500443	false	1.0
eingehen	neg 1.0		__DUMMY__ 0.3679972664289066 off 0.32134102964787215 neg 0.31066170392322134	false	0.5
faul	off 1.0		__DUMMY__ 0.36702669206550204 off 0.3258104701630062 neg 0.30716283777149184	false	1.0
provisorium	neg 1.0		__DUMMY__ 0.36846963158327645 off 0.3201680107379302 neg 0.3113623576787934	false	0.5
schmerzen	neg 1.0		__DUMMY__ 0.36710457944260994 off 0.32437290151702936 neg 0.3085225190403606	false	0.5
schrumpfen	neg 1.0		__DUMMY__ 0.36851186775001715 off 0.31892470074322404 neg 0.31256343150675886	false	0.5
geistlos	off 1.0		__DUMMY__ 0.36779291097299927 off 0.3222511498433612 neg 0.3099559391836395	false	1.0
frustrierend	neg 1.0		__DUMMY__ 0.36791042059054546 off 0.32381290399568763 neg 0.30827667541376697	false	0.5
fehlkauf	neg 1.0		__DUMMY__ 0.36941889003569794 off 0.3212201054544578 neg 0.3093610045098443	false	0.5
unzufrieden	neg 1.0		__DUMMY__ 0.3681181801067122 off 0.3212490720249756 neg 0.3106327478683121	false	0.5
verzweifeln	neg 1.0		__DUMMY__ 0.36785455732852956 off 0.32236780758221373 neg 0.3097776350892567	false	0.5
verzweifelt	neg 1.0		__DUMMY__ 0.3679457570284709 off 0.3230002470667899 neg 0.3090539959047391	false	0.5
misstrauensantrag	neg 1.0		__DUMMY__ 0.36700647543404125 off 0.316951784657934 neg 0.31604173990802487	false	0.5
abfallen	neg 1.0		__DUMMY__ 0.3673568778249865 off 0.32455519415881867 neg 0.3080879280161948	false	0.5
fucker	off 1.0		__DUMMY__ 0.48125419282853377 off 0.31913214062753126 neg 0.19961366654393506	false	1.0
ungezogen	neg 1.0		__DUMMY__ 0.3668411954893164 off 0.3266228350570682 neg 0.30653596945361544	false	0.5
irrsinnig	neg 1.0		__DUMMY__ 0.3677486440670153 off 0.32307339350934067 neg 0.309177962423644	false	0.5
hart	neg 1.0		__DUMMY__ 0.36542543053044724 off 0.3305135753499526 neg 0.30406099411959997	false	0.5
unfassbar	neg 1.0		__DUMMY__ 0.36810564056943995 off 0.32357986849927534 neg 0.30831449093128466	false	0.5
widerlich	off 1.0		__DUMMY__ 0.3674918473430084 off 0.3240039477884106 neg 0.30850420486858116	false	1.0
fatal			__DUMMY__ 0.3583383659255654 off 0.3248450972448268 neg 0.31681653682960786	false	0.0
bruch	neg 1.0		__DUMMY__ 0.36839945350501285 off 0.31989293732567925 neg 0.31170760916930795	false	0.5
aushungern	neg 1.0		__DUMMY__ 0.3675891004519971 off 0.31917843638098253 neg 0.31323246316702047	false	0.5
anspannung	neg 1.0		__DUMMY__ 0.3683176577135101 off 0.3209310774076765 neg 0.3107512648788132	false	0.5
kraftlos	neg 1.0		__DUMMY__ 0.3680162307035502 off 0.3221734414521807 neg 0.3098103278442691	false	0.5
grenzdebil	off 1.0		__DUMMY__ 0.3673470876569536 off 0.32457363820990626 neg 0.30807927413314024	false	1.0
unterwerfen	neg 1.0		__DUMMY__ 0.3679639470783257 off 0.3211003211090051 neg 0.3109357318126692	false	0.5
versenkung	neg 1.0		__DUMMY__ 0.36817768106233717 off 0.32119442383404984 neg 0.3106278951036129	false	0.5
entziehen	neg 1.0		__DUMMY__ 0.36820813665214613 off 0.32038840068397934 neg 0.31140346266387453	false	0.5
finanzkrise	neg 1.0		__DUMMY__ 0.3682887327790504 neg 0.3159113437068269 off 0.3157999235141226	false	1.0
schimpfend	neg 1.0		__DUMMY__ 0.3673182536646198 off 0.3240421444750236 neg 0.3086396018603566	false	0.5
profan	neg 1.0		__DUMMY__ 0.3678608881148062 off 0.3233556276547927 neg 0.308783484230401	false	0.5
korruption	neg 1.0		__DUMMY__ 0.36791869947335387 off 0.31806406912725943 neg 0.31401723139938664	false	0.5
schmutzig	neg 1.0		__DUMMY__ 0.36738165322046984 off 0.3247700153838651 neg 0.3078483313956651	false	0.5
abraten	neg 1.0		__DUMMY__ 0.3677674313943556 off 0.32388645031562985 neg 0.3083461182900147	false	0.5
sexy	neg 1.0		off 0.34334134932731414 __DUMMY__ 0.3387213527566348 neg 0.3179372979160512	false	0.5
fotze	off 1.0		__DUMMY__ 0.3642335800082298 off 0.33543595060138515 neg 0.3003304693903849	false	1.0
schwarz	neg 1.0		__DUMMY__ 0.36815453831839445 off 0.3218743730272364 neg 0.30997108865436906	false	0.5
verwirren	neg 1.0		__DUMMY__ 0.3676359449182119 off 0.32385327036955847 neg 0.3085107847122297	false	0.5
zahnlos	off 1.0		__DUMMY__ 0.3682855902280425 off 0.32128530197182026 neg 0.31042910780013716	false	1.0
verheeren	neg 1.0		__DUMMY__ 0.3678141331629001 neg 0.3166501292028682 off 0.3155357376342316	false	1.0
rammen	neg 1.0		__DUMMY__ 0.3675046706238811 off 0.32486786391082584 neg 0.30762746546529307	false	0.5
unlauter	neg 1.0		__DUMMY__ 0.3675596800372494 off 0.3179482182910719 neg 0.3144921016716786	false	0.5
unheilvoll	neg 1.0		__DUMMY__ 0.36728857744999344 off 0.32330620451032555 neg 0.30940521803968096	false	0.5
niedrig	neg 1.0		__DUMMY__ 0.3694752188616541 off 0.3179126752310784 neg 0.3126121059072675	false	0.5
weichei	off 1.0		__DUMMY__ 0.36706649787147555 off 0.32650751480911355 neg 0.30642598731941084	false	1.0
explosion	neg 1.0		__DUMMY__ 0.3647886128077429 neg 0.32272525079312375 off 0.3124861363991333	false	1.0
minusmensch	off 1.0		__DUMMY__ 0.3663741606467307 off 0.33130570277646065 neg 0.3023201365768087	false	1.0
farblos	neg 1.0		__DUMMY__ 0.36917222276382666 off 0.32214915961004736 neg 0.308678617626126	false	0.5
unwissend	neg 1.0		__DUMMY__ 0.36758764642958935 off 0.32395044554850577 neg 0.3084619080219048	false	0.5
traurig	neg 1.0		__DUMMY__ 0.3674029205849998 off 0.32504143635551525 neg 0.30755564305948485	false	0.5
senkung	neg 1.0		__DUMMY__ 0.36745982587854076 neg 0.3187167967523823 off 0.3138233773690769	false	1.0
ungleich	neg 1.0		__DUMMY__ 0.3679726232047634 off 0.3208598169349851 neg 0.3111675598602515	false	0.5
heikel	neg 1.0		__DUMMY__ 0.36786606446643494 off 0.32108576940036904 neg 0.3110481661331961	false	0.5
drosselung	neg 1.0		__DUMMY__ 0.3679135636178843 neg 0.31741043712647404 off 0.3146759992556417	false	1.0
falsch	neg 1.0		__DUMMY__ 0.367618554910434 off 0.3238681211399071 neg 0.3085133239496588	false	0.5
unzufriedenheit	neg 1.0		__DUMMY__ 0.3680378308257226 off 0.32019906746578164 neg 0.31176310170849575	false	0.5
kurz	neg 1.0		__DUMMY__ 0.36795720092601397 off 0.3234702792141704 neg 0.3085725198598158	false	0.5
unsinnig	neg 1.0		__DUMMY__ 0.36769910488956303 off 0.32175429622746315 neg 0.3105465988829738	false	0.5
penner	off 1.0		__DUMMY__ 0.3670284610335956 off 0.32621970207648215 neg 0.30675183688992236	false	1.0
seicht	neg 1.0		__DUMMY__ 0.36768940240069087 off 0.3245574054232005 neg 0.30775319217610864	false	0.5
dummheit	off 1.0		__DUMMY__ 0.36766111240203037 off 0.3226307322438667 neg 0.309708155354103	false	1.0
unerfreulich	neg 1.0		__DUMMY__ 0.36810067320881323 off 0.32093749684705586 neg 0.3109618299441309	false	0.5
pikiert	neg 1.0		__DUMMY__ 0.3676883238578952 off 0.32371818547192416 neg 0.3085934906701806	false	0.5
motherfucker	off 1.0		__DUMMY__ 0.4685314011990513 off 0.31834515985999273 neg 0.213123438940956	false	1.0
wrack	neg 1.0		__DUMMY__ 0.36830838434147084 off 0.3211081173996792 neg 0.31058349825884995	false	0.5
gangster	neg 1.0		__DUMMY__ 0.41118828817200526 off 0.33233596856335185 neg 0.256475743264643	false	0.5
krank	neg 1.0		__DUMMY__ 0.3673421272543822 off 0.32541165442912695 neg 0.30724621831649085	false	0.5
reich	neg 1.0		__DUMMY__ 0.36820708405777774 off 0.3210474082455046 neg 0.3107455076967177	false	0.5
gnadenlos	neg 1.0		__DUMMY__ 0.3679567296639626 off 0.3229253908474946 neg 0.30911787948854275	false	0.5
niedergeschlagen	neg 1.0		__DUMMY__ 0.3679758204367072 off 0.3221214686272576 neg 0.30990271093603533	false	0.5
terrorisieren	off 1.0	off 1.0	off 0.6497677850985785 __DUMMY__ 0.17777658962359277 neg 0.1724556252778288	false	1.0
sinnlosigkeit	neg 1.0		__DUMMY__ 0.3678349755071979 off 0.32153701105506544 neg 0.31062801343773666	false	0.5
behindern	neg 1.0		__DUMMY__ 0.368409417488085 off 0.3180391951923064 neg 0.31355138731960874	false	0.5
undemokratisch	neg 1.0		__DUMMY__ 0.36723696094974845 off 0.3200978667783871 neg 0.3126651722718645	false	0.5
wirtschaftskrise	neg 1.0		__DUMMY__ 0.36855338809248334 off 0.3165692534673633 neg 0.3148773584401534	false	0.5
neid	neg 1.0		__DUMMY__ 0.3681144334546235 off 0.323700995056225 neg 0.30818457148915146	false	0.5
rutschen	neg 1.0		__DUMMY__ 0.3685424422365058 off 0.3219583006545807 neg 0.30949925710891346	false	0.5
rezession	neg 1.0		__DUMMY__ 0.36866606410896235 neg 0.31650468540757953 off 0.31482925048345795	false	1.0
fehlgeburt	neg 1.0		__DUMMY__ 0.3670621867477474 off 0.3241520062011051 neg 0.30878580705114755	false	0.5
charakterschwach	off 1.0		__DUMMY__ 0.3676426278979561 off 0.3234891359814365 neg 0.3088682361206072	false	1.0
isolation	neg 1.0		__DUMMY__ 0.36218732883237725 neg 0.3269626328720421 off 0.3108500382955805	false	1.0
ablenkung	neg 1.0		__DUMMY__ 0.3677441790861801 off 0.3230194800408825 neg 0.3092363408729374	false	0.5
pech	neg 1.0		__DUMMY__ 0.3678032849036561 off 0.3247771594538908 neg 0.30741955564245316	false	0.5
dominieren	neg 1.0		__DUMMY__ 0.3691060440873702 off 0.3173576691025756 neg 0.3135362868100541	false	0.5
vermeidung	neg 1.0		__DUMMY__ 0.3671767282265723 neg 0.31893474654965204 off 0.3138885252237757	false	1.0
schwindlig	neg 1.0		__DUMMY__ 0.36712302665373153 off 0.3260826032650828 neg 0.3067943700811857	false	0.5
lutscher	neg 1.0		__DUMMY__ 0.3662366980253685 off 0.3297400810585238 neg 0.3040232209161078	false	0.5
pflicht	neg 1.0		__DUMMY__ 0.3681943222780147 off 0.3207278738472086 neg 0.3110778038747767	false	0.5
faschist	off 1.0		__DUMMY__ 0.3675399278715467 off 0.3222934452777078 neg 0.31016662685074536	false	1.0
verschleudern	neg 1.0		__DUMMY__ 0.3682265583295987 off 0.3183979343910977 neg 0.31337550727930347	false	0.5
ehebruch	neg 1.0		__DUMMY__ 0.3680075862414478 off 0.3213885028591321 neg 0.3106039108994201	false	0.5
trostlosigkeit	neg 1.0		__DUMMY__ 0.3680536369209649 off 0.3204891886108699 neg 0.31145717446816523	false	0.5
lutschen	neg 1.0		__DUMMY__ 0.3652249953998049 off 0.33046325567209556 neg 0.3043117489280996	false	0.5
spott	off 1.0		__DUMMY__ 0.3680026373897652 off 0.3207840798859733 neg 0.31121328272426146	false	1.0
undiszipliniert	neg 1.0		__DUMMY__ 0.36725042198163765 off 0.32504050023606923 neg 0.3077090777822931	false	0.5
kopfschmerz	neg 1.0		__DUMMY__ 0.36706127543629785 off 0.32396801540871334 neg 0.30897070915498887	false	0.5
unvorhergesehen	neg 1.0		__DUMMY__ 0.36816092737067607 off 0.32254186124981993 neg 0.30929721137950406	false	0.5
desinteressiert	neg 1.0		__DUMMY__ 0.3675068138053406 off 0.32479459905474994 neg 0.3076985871399095	false	0.5
armselig	off 1.0		__DUMMY__ 0.3679274372147513 off 0.32347558775276886 neg 0.30859697503247974	false	1.0
tod	neg 1.0		__DUMMY__ 0.36819649350639133 off 0.32056047258956627 neg 0.31124303390404223	false	0.5
desaster	neg 1.0		__DUMMY__ 0.36830491117912656 off 0.3190993290425985 neg 0.3125957597782748	false	0.5
herzlos	neg 1.0		__DUMMY__ 0.36752481985895213 off 0.3247863428253871 neg 0.3076888373156608	false	0.5
unwissenheit	neg 1.0		__DUMMY__ 0.36765328366114813 off 0.32087631398695016 neg 0.3114704023519017	false	0.5
widersinnig	neg 1.0		__DUMMY__ 0.3677482453358634 off 0.31970506420070044 neg 0.312546690463436	false	0.5
bedenklich	neg 1.0		__DUMMY__ 0.36788827682661135 off 0.3210482364587528 neg 0.31106348671463596	false	0.5
beanstanden	neg 1.0		__DUMMY__ 0.36822877164569273 off 0.3202587811166976 neg 0.31151244723760957	false	0.5
panisch	neg 1.0		__DUMMY__ 0.36738208169161946 off 0.32414626362308857 neg 0.308471654685292	false	0.5
abstrich	neg 1.0		__DUMMY__ 0.36681737379633006 off 0.3239189318277037 neg 0.3092636943759663	false	0.5
debil	off 1.0		__DUMMY__ 0.36253004407123307 off 0.3373246834586083 neg 0.3001452724701587	false	1.0
primitiv	neg 1.0		__DUMMY__ 0.3679721472137458 off 0.3238110982090079 neg 0.30821675457724623	false	0.5
abschaum	off 1.0		__DUMMY__ 0.36771780135896137 off 0.32326501606208446 neg 0.3090171825789543	false	1.0
tot	neg 1.0		__DUMMY__ 0.3673517662986707 off 0.32432212742982647 neg 0.30832610627150275	false	0.5
provozieren	neg 1.0		__DUMMY__ 0.36779215160118756 off 0.32253684867167964 neg 0.30967099972713286	false	0.5
instabil	neg 1.0		__DUMMY__ 0.36850367613267043 off 0.3217463486978499 neg 0.3097499751694798	false	0.5
schwuchtel	off 1.0		__DUMMY__ 0.3657809130876805 off 0.33047112641842985 neg 0.3037479604938895	false	1.0
zerren	neg 1.0		__DUMMY__ 0.367793784222492 off 0.32236318138339487 neg 0.3098430343941132	false	0.5
kinderficker	off 1.0		__DUMMY__ 0.3671605647272658 off 0.32390903280290995 neg 0.30893040246982434	false	1.0
gefahr	neg 1.0		__DUMMY__ 0.36858179196705765 off 0.31778892870912556 neg 0.3136292793238169	false	0.5
rabiat	neg 1.0		__DUMMY__ 0.3680605786467105 off 0.3224599785319494 neg 0.30947944282134005	false	0.5
verlangsamung	neg 1.0		__DUMMY__ 0.3693111179130644 off 0.31588382575451346 neg 0.31480505633242206	false	0.5
anklagen	neg 1.0		__DUMMY__ 0.3678332583100573 off 0.31805392591632986 neg 0.3141128157736128	false	0.5
ausgestorben	neg 1.0		__DUMMY__ 0.36831028659271986 off 0.3219183911922393 neg 0.30977132221504083	false	0.5
verminderung	neg 1.0		__DUMMY__ 0.36753732942100403 neg 0.3188898871990605 off 0.31357278337993555	false	1.0
rost	neg 1.0		__DUMMY__ 0.3702976486413193 off 0.31872178388277633 neg 0.31098056747590425	false	0.5
destruktiv	neg 1.0		__DUMMY__ 0.3677990790711485 off 0.3215066794238695 neg 0.3106942415049819	false	0.5
unzumutbarkeit	neg 1.0		__DUMMY__ 0.3681930565635695 off 0.31790358639949706 neg 0.3139033570369335	false	0.5
labil	off 1.0	off 1.0	off 0.7306158477606219 __DUMMY__ 0.1441628092025301 neg 0.1252213430368479	false	1.0
ziemlich	neg 1.0		__DUMMY__ 0.3675312977300954 off 0.32487052879031614 neg 0.30759817347958845	false	0.5
lachnummer	off 1.0		__DUMMY__ 0.3680451962714628 off 0.32150594550385087 neg 0.3104488582246863	false	1.0
ausgrenzung	neg 1.0		__DUMMY__ 0.3677702367181829 off 0.3186763631044575 neg 0.31355340017735944	false	0.5
verfall	neg 1.0		__DUMMY__ 0.36819190924509576 off 0.31910923566503985 neg 0.31269885508986445	false	0.5
unordnung	neg 1.0	neg 1.0	neg 0.6399752923360509 off 0.18059680485540186 __DUMMY__ 0.17942790280854726	false	1.0
fehlverhalten	neg 1.0		__DUMMY__ 0.3679787606729571 off 0.3201923229854431 neg 0.31182891634159987	false	0.5
nille	neg 1.0		__DUMMY__ 0.3629639388742164 off 0.33807134752161205 neg 0.2989647136041714	false	0.5
qual	neg 1.0		__DUMMY__ 0.34018601992825864 off 0.3328803228555742 neg 0.32693365721616713	false	0.5
riesig	neg 1.0		__DUMMY__ 0.36766173476738545 off 0.32825055750882665 neg 0.30408770772378785	false	0.5
verschwenden	neg 1.0		__DUMMY__ 0.3678685039017866 off 0.32164277967406263 neg 0.3104887164241508	false	0.5
verurteilen	neg 1.0		__DUMMY__ 0.36775118645775323 off 0.32083884827768583 neg 0.3114099652645609	false	0.5
klischee	neg 1.0		__DUMMY__ 0.36786397460889203 off 0.3233169550289695 neg 0.3088190703621386	false	0.5
diktatorisch	neg 1.0		__DUMMY__ 0.3673221198771457 off 0.32048322246726596 neg 0.3121946576555883	false	0.5
vorhersehbar	neg 1.0		__DUMMY__ 0.36812551483327893 off 0.32267637914743663 neg 0.3091981060192844	false	0.5
stornieren	neg 1.0		__DUMMY__ 0.36784185882551373 off 0.3207952772426841 neg 0.3113628639318022	false	0.5
besteuerung	neg 1.0		__DUMMY__ 0.36810789714316067 neg 0.31743688505115264 off 0.31445521780568675	false	1.0
ungeschminkt	neg 1.0		__DUMMY__ 0.36606232295195074 off 0.3286365752653075 neg 0.3053011017827418	false	0.5
kritisch	neg 1.0		__DUMMY__ 0.36800330310608903 off 0.3207511472695811 neg 0.31124554962432993	false	0.5
schlamperei	off 1.0		__DUMMY__ 0.3681210263564426 off 0.3182346254674289 neg 0.3136443481761286	false	1.0
sucht	neg 1.0		__DUMMY__ 0.36980254857320677 off 0.3211415293016069 neg 0.3090559221251863	false	0.5
egoistisch	off 1.0		__DUMMY__ 0.36711329696475664 off 0.325129791244842 neg 0.3077569117904013	false	1.0
ausbeuter	off 1.0		__DUMMY__ 0.36797359270056235 off 0.3203001005860749 neg 0.31172630671336277	false	1.0
arschgeburt			__DUMMY__ 0.36539043011858596 off 0.33155759144206054 neg 0.30305197843935355	false	0.0
schubs	neg 1.0		__DUMMY__ 0.36686130007332934 off 0.32537934636848564 neg 0.3077593535581849	false	0.5
unsolide	neg 1.0		__DUMMY__ 0.3674409952876125 off 0.3201930537497237 neg 0.31236595096266373	false	0.5
beschwerde	neg 1.0		__DUMMY__ 0.3677431018046418 off 0.31847492657905463 neg 0.3137819716163035	false	0.5
stocken	neg 1.0		__DUMMY__ 0.36897816526804494 off 0.31661565352399884 neg 0.3144061812079561	false	0.5
isolieren	neg 1.0		__DUMMY__ 0.36837687418990434 off 0.31747155221184187 neg 0.31415157359825385	false	0.5
unheilbar	neg 1.0		__DUMMY__ 0.36781448656292903 off 0.32228214898683893 neg 0.3099033644502322	false	0.5
pisser	off 1.0		__DUMMY__ 0.36546678190736714 off 0.3315090861207663 neg 0.30302413197186656	false	1.0
löschen	neg 1.0		__DUMMY__ 0.3633773438843068 off 0.32513512222394336 neg 0.3114875338917498	false	0.5
durchfallen	neg 1.0		__DUMMY__ 0.3677122799657426 off 0.3215668374643664 neg 0.3107208825698911	false	0.5
wichser	off 1.0		__DUMMY__ 0.36703363683999374 off 0.3265323275052408 neg 0.30643403565476546	false	1.0
terror	neg 1.0		__DUMMY__ 0.36455201928065095 neg 0.3204040363631107 off 0.3150439443562383	false	1.0
krass	neg 1.0		__DUMMY__ 0.3663267244241014 off 0.32844034583204607 neg 0.3052329297438525	false	0.5
revolte	neg 1.0		__DUMMY__ 0.36842145566401113 off 0.31711355659326185 neg 0.31446498774272713	false	0.5
besorgt	neg 1.0		__DUMMY__ 0.3678443248124335 off 0.3223972601274564 neg 0.3097584150601101	false	0.5
nachlassen	neg 1.0		__DUMMY__ 0.36820005531725086 off 0.32076653607892464 neg 0.31103340860382445	false	0.5
alt	neg 1.0		__DUMMY__ 0.3681314134126527 off 0.32574132066319444 neg 0.30612726592415296	false	0.5
hundesohn	off 1.0		__DUMMY__ 0.3645052917981182 off 0.33397388959224034 neg 0.3015208186096413	false	1.0
abschreckung	neg 1.0		__DUMMY__ 0.3679365217093005 off 0.319712384867066 neg 0.3123510934236335	false	0.5
unqualifiziert	neg 1.0		__DUMMY__ 0.3674816999926351 off 0.3224056434431147 neg 0.3101126565642502	false	0.5
abgewichst	off 1.0		__DUMMY__ 0.36375557178787626 off 0.3357051747546962 neg 0.30053925345742777	false	1.0
kapitulation	neg 1.0		__DUMMY__ 0.3681913082382128 off 0.3184868519379504 neg 0.3133218398238368	false	0.5
schwer	neg 1.0		__DUMMY__ 0.36806896298211167 off 0.32261673936012547 neg 0.309314297657763	false	0.5
bedeutungslosigkeit	neg 1.0		__DUMMY__ 0.3682150787673858 off 0.3201163385463562 neg 0.3116685826862579	false	0.5
unscharf	neg 1.0		__DUMMY__ 0.36677334304979164 off 0.3263868138250078 neg 0.3068398431252005	false	0.5
schwinden	neg 1.0		__DUMMY__ 0.36867912483783527 off 0.31714338506264794 neg 0.31417749009951684	false	0.5
versklavung	neg 1.0		__DUMMY__ 0.36759359564098 off 0.31797919449172435 neg 0.3144272098672957	false	0.5
schlecht	neg 1.0		__DUMMY__ 0.3676286258732395 off 0.32431701775422295 neg 0.30805435637253753	false	0.5
verhasst	neg 1.0		__DUMMY__ 0.36792068829575897 off 0.3219065393160198 neg 0.3101727723882214	false	0.5
beschweren	neg 1.0		__DUMMY__ 0.36805413199818965 off 0.3228581852073327 neg 0.3090876827944775	false	0.5
scheiden	neg 1.0		__DUMMY__ 0.36811880751637027 off 0.32284842672985836 neg 0.30903276575377137	false	0.5
frustriert	neg 1.0		__DUMMY__ 0.3678846532850686 off 0.32225324273767436 neg 0.30986210397725705	false	0.5
schimmelig	neg 1.0		__DUMMY__ 0.36648097555454656 off 0.3284990944931266 neg 0.3050199299523268	false	0.5
fisch	neg 1.0		__DUMMY__ 0.3682675452624434 off 0.3256203299167367 neg 0.30611212482082006	false	0.5
schmuggel	neg 1.0		__DUMMY__ 0.3680642186550471 off 0.32113713098416247 neg 0.3107986503607906	false	0.5
auffallen	neg 1.0		__DUMMY__ 0.36789108220309275 off 0.32284277899107333 neg 0.30926613880583376	false	0.5
konkurrenz	neg 1.0		__DUMMY__ 0.3681986465898325 off 0.3203132017520692 neg 0.3114881516580984	false	0.5
teufelskreis	neg 1.0		__DUMMY__ 0.36805547738356464 off 0.32202501597222166 neg 0.30991950664421364	false	0.5
aufschreien	neg 1.0		__DUMMY__ 0.3678926058058898 off 0.3234616662196324 neg 0.30864572797447776	false	0.5
missgeburt	off 1.0		__DUMMY__ 0.3658340122866749 off 0.3314187220228777 neg 0.3027472656904473	false	1.0
schuldner	neg 1.0		__DUMMY__ 0.3682512977726624 off 0.31743319172866086 neg 0.31431551049867673	false	0.5
befallen	neg 1.0		__DUMMY__ 0.3673369691745008 off 0.3200707520015621 neg 0.31259227882393714	false	0.5
arbeitslos	neg 1.0		__DUMMY__ 0.36798111360554286 off 0.3214862599755077 neg 0.3105326264189495	false	0.5
miesepetrig	off 1.0		__DUMMY__ 0.3674591011073816 off 0.324447356549351 neg 0.3080935423432675	false	1.0
alarmieren	neg 1.0		__DUMMY__ 0.36847627372413744 off 0.31627843761344665 neg 0.31524528866241586	false	0.5
ungeduscht	off 1.0		__DUMMY__ 0.36640765988888746 off 0.327127825479638 neg 0.3064645146314744	false	1.0
knappheit	neg 1.0		__DUMMY__ 0.3685094454918761 off 0.317414996133138 neg 0.31407555837498585	false	0.5
schlange	neg 1.0		__DUMMY__ 0.3680421999722001 off 0.3232765015872711 neg 0.3086812984405288	false	0.5
harsch	neg 1.0		__DUMMY__ 0.36783501346440406 off 0.31803147588667025 neg 0.31413351064892564	false	0.5
lang	neg 1.0	neg 1.0	neg 0.5955462558214148 off 0.20460359521549681 __DUMMY__ 0.19985014896308842	false	1.0
ziellos	neg 1.0		__DUMMY__ 0.36812773075583316 off 0.32196188236427836 neg 0.3099103868798885	false	0.5
selbstverliebt	neg 1.0		__DUMMY__ 0.3668324679597064 off 0.3275235656593946 neg 0.3056439663808989	false	0.5
beseitigen	neg 1.0		__DUMMY__ 0.36862823010117884 off 0.3176573202451014 neg 0.31371444965371986	false	0.5
dumm	off 1.0		__DUMMY__ 0.36714115596689983 off 0.3259543017817853 neg 0.3069045422513149	false	1.0
arbeitsloser	neg 1.0		__DUMMY__ 0.3680773249445915 off 0.3212010630857675 neg 0.3107216119696409	false	0.5
blitzen	neg 1.0		__DUMMY__ 0.36895947842678245 off 0.3224691255448122 neg 0.30857139602840516	false	0.5
hilflos	neg 1.0		__DUMMY__ 0.367624568335703 off 0.32239473303586735 neg 0.3099806986284297	false	0.5
eklig	off 1.0		__DUMMY__ 0.3665488462198991 off 0.32772639785980046 neg 0.3057247559203005	false	1.0
hungersnot	neg 1.0		__DUMMY__ 0.36858024885120527 off 0.3181109404350101 neg 0.3133088107137847	false	0.5
ungesetzlich	neg 1.0		__DUMMY__ 0.3677070736734644 off 0.3196798457234406 neg 0.31261308060309506	false	0.5
verschwendung	neg 1.0		__DUMMY__ 0.36792675273489367 off 0.3212018027952729 neg 0.31087144446983334	false	0.5
schmerzvoll	neg 1.0		__DUMMY__ 0.36767571984260033 off 0.32350669391622494 neg 0.30881758624117484	false	0.5
vorzeitig	neg 1.0		__DUMMY__ 0.3683819791996855 off 0.3162578735642585 neg 0.315360147236056	false	0.5
unvollkommenheit	neg 1.0		__DUMMY__ 0.3679082716012585 off 0.32194256442507113 neg 0.31014916397367026	false	0.5
intervenieren	neg 1.0		__DUMMY__ 0.36780871305841734 off 0.31977904293358766 neg 0.3124122440079949	false	0.5
banause	off 1.0		__DUMMY__ 0.3668687295744676 off 0.32642338506578944 neg 0.3067078853597429	false	1.0
rebell	neg 1.0		__DUMMY__ 0.3643931581955088 off 0.3315975350877774 neg 0.3040093067167138	false	0.5
unlogisch	neg 1.0		__DUMMY__ 0.3672991402545991 off 0.3247463207677448 neg 0.30795453897765607	false	0.5
abschaffung	neg 1.0		__DUMMY__ 0.3676520244098523 off 0.3169036878069887 neg 0.31544428778315897	false	0.5
leiden	neg 1.0		__DUMMY__ 0.3680638030533492 off 0.3229486403367278 neg 0.3089875566099229	false	0.5
sturz	neg 1.0		__DUMMY__ 0.3685654770621024 off 0.31774603172073934 neg 0.3136884912171581	false	0.5
verkleinerung	neg 1.0		__DUMMY__ 0.36812843769477005 neg 0.3160156568254805 off 0.3158559054797495	false	1.0
schmarotzer	off 1.0		__DUMMY__ 0.3677484702752079 off 0.32168384811408524 neg 0.3105676816107068	false	1.0
bestrafung	neg 1.0		__DUMMY__ 0.3678185519922256 off 0.3230808268568084 neg 0.30910062115096604	false	0.5
achtlos	neg 1.0		__DUMMY__ 0.36769278421180124 off 0.32236418479458795 neg 0.3099430309936107	false	0.5
ungeheuer	neg 1.0		__DUMMY__ 0.36816692601684836 off 0.3240165186754316 neg 0.30781655530771995	false	0.5
unaufrichtig	neg 1.0		__DUMMY__ 0.36702500732686866 off 0.3228655919615375 neg 0.3101094007115937	false	0.5
groggy	neg 1.0		__DUMMY__ 0.3671828933535132 off 0.3280421710168366 neg 0.30477493562965025	false	0.5
verletzlich	neg 1.0		__DUMMY__ 0.3674884082201803 off 0.3246278122771879 neg 0.3078837795026317	false	0.5
ablehnen	neg 1.0		__DUMMY__ 0.3677379425621759 off 0.3207076018401453 neg 0.3115544555976788	false	0.5
kollaps	neg 1.0		__DUMMY__ 0.3683447806349856 off 0.3159098154653782 neg 0.3157454038996363	false	0.5
beschnitten	neg 1.0		__DUMMY__ 0.3678197474703772 off 0.32291175700046937 neg 0.3092684955291534	false	0.5
defekt	neg 1.0		__DUMMY__ 0.3678520775198133 off 0.31698101627260067 neg 0.31516690620758603	false	0.5
dreckskerl	off 1.0		__DUMMY__ 0.367110410095699 off 0.3248726872890623 neg 0.3080169026152386	false	1.0
deine	neg 1.0		__DUMMY__ 0.36695042890129703 off 0.3262713711817606 neg 0.3067781999169424	false	0.5
aufgeben	neg 1.0		__DUMMY__ 0.36827711559445125 off 0.3230092820510389 neg 0.3087136023545099	false	0.5
durcheinander	neg 1.0		__DUMMY__ 0.3678981295710201 off 0.32369873713417285 neg 0.30840313329480706	false	0.5
unterbrechen	neg 1.0		__DUMMY__ 0.3680404884715637 off 0.32187289318409157 neg 0.31008661834434476	false	0.5
vergammeln	neg 1.0		__DUMMY__ 0.3678824346628739 off 0.32340732038815423 neg 0.30871024494897187	false	0.5
grotesk	neg 1.0		__DUMMY__ 0.36810722588775585 off 0.3214890604833959 neg 0.31040371362884817	false	0.5
elendig	neg 1.0		__DUMMY__ 0.3675582191435273 off 0.3235868527082009 neg 0.30885492814827176	false	0.5
naiv	off 1.0		__DUMMY__ 0.3680494329465425 off 0.32309560773437734 neg 0.3088549593190802	false	1.0
uneinigkeit	neg 1.0		__DUMMY__ 0.3681185551557766 off 0.31732231406052835 neg 0.31455913078369513	false	0.5
fragil	neg 1.0		__DUMMY__ 0.3619379167123535 neg 0.32236982507580275 off 0.31569225821184377	false	1.0
provisorisch	neg 1.0		__DUMMY__ 0.3685196093878687 off 0.3214275089877952 neg 0.31005288162433603	false	0.5
landei	off 1.0		__DUMMY__ 0.3675419300141473 off 0.32629112246847175 neg 0.3061669475173808	false	1.0
bedauerlich	neg 1.0		__DUMMY__ 0.3679869548727535 off 0.32118994990011135 neg 0.3108230952271352	false	0.5
krieg	neg 1.0		__DUMMY__ 0.3678600442175924 off 0.3221901386997841 neg 0.3099498170826235	false	0.5
traurigkeit	neg 1.0		__DUMMY__ 0.3679277277748469 off 0.3227846954992665 neg 0.3092875767258866	false	0.5
monotonie	neg 1.0		__DUMMY__ 0.3682320939528873 off 0.3215474976053426 neg 0.31022040844177007	false	0.5
unliebsam	neg 1.0		__DUMMY__ 0.3679187789005117 off 0.32208953743424346 neg 0.3099916836652448	false	0.5
drift	neg 1.0		neg 0.35505094093805833 __DUMMY__ 0.32277330560340806 off 0.32217575345853366	false	1.0
chaos	neg 1.0		__DUMMY__ 0.3680029509955882 off 0.31925285734924663 neg 0.31274419165516526	false	0.5
blutig	neg 1.0		__DUMMY__ 0.36796740744176337 off 0.32344518362076424 neg 0.3085874089374725	false	0.5
machtlos	neg 1.0		__DUMMY__ 0.36791177979039863 off 0.3209293629859099 neg 0.31115885722369135	false	0.5
