unsolidarisch	neg 1.0		__DUMMY__ 0.441721161928997 off 0.28320513219304533 neg 0.27507370587795776	false	0.5
nachteilig	neg 1.0		__DUMMY__ 0.4426207455316063 off 0.28206158299156087 neg 0.27531767147683295	false	0.5
skeptisch	neg 1.0		__DUMMY__ 0.44264831923954556 off 0.282863943448286 neg 0.2744877373121686	false	0.5
schrecklich	neg 1.0		__DUMMY__ 0.4415041496265368 off 0.28763451825120206 neg 0.27086133212226116	false	0.5
schlapp	neg 1.0		__DUMMY__ 0.4417551905810371 off 0.28776669540183547 neg 0.27047811401712746	false	0.5
abfall	neg 1.0		__DUMMY__ 0.44309019838158675 off 0.28199430323791197 neg 0.2749154983805012	false	0.5
widerspenstig	neg 1.0		__DUMMY__ 0.441986825333005 off 0.2851512112898329 neg 0.2728619633771622	false	0.5
abrupt	neg 1.0		__DUMMY__ 0.4429428438762515 off 0.28366857539949786 neg 0.2733885807242505	false	0.5
unwirksam	neg 1.0		__DUMMY__ 0.44268330308516 neg 0.2798000860146478 off 0.27751661090019225	false	1.0
angreifen	neg 1.0		__DUMMY__ 0.44251970279420993 off 0.28288403318578303 neg 0.2745962640200069	false	0.5
inkonsistent	neg 1.0		__DUMMY__ 0.4427674513230969 off 0.28480236852937457 neg 0.2724301801475286	false	0.5
abrutschen	neg 1.0		__DUMMY__ 0.4425764743298416 off 0.2828666358872872 neg 0.27455688978287107	false	0.5
unsicher	neg 1.0		__DUMMY__ 0.4423882619027811 off 0.284862730452693 neg 0.2727490076445259	false	0.5
bauernkind	off 1.0		__DUMMY__ 0.44030625359250575 off 0.2917422243410205 neg 0.26795152206647377	false	1.0
angreifer	neg 1.0		__DUMMY__ 0.44234969637002597 off 0.28032418205809423 neg 0.2773261215718797	false	0.5
trennen	neg 1.0		__DUMMY__ 0.4432134300222548 off 0.2836730314864714 neg 0.2731135384912738	false	0.5
schmutz	neg 1.0		__DUMMY__ 0.4428984080366377 off 0.28031723512865425 neg 0.27678435683470803	false	0.5
inkonsistenz	neg 1.0		__DUMMY__ 0.44204692804123913 off 0.2856593759358143 neg 0.2722936960229466	false	0.5
erschreckend	neg 1.0		__DUMMY__ 0.4424340256446897 off 0.2836656775511004 neg 0.27390029680420985	false	0.5
ertrinken	neg 1.0		__DUMMY__ 0.44195317471629475 off 0.2842331517396593 neg 0.2738136735440462	false	0.5
pickelface	off 1.0		__DUMMY__ 0.4391262909536278 off 0.2961413052680468 neg 0.2647324037783254	false	1.0
lauch	neg 1.0		__DUMMY__ 0.43986883822577283 off 0.29318927946827905 neg 0.2669418823059481	false	0.5
steuerhinterziehung	neg 1.0		__DUMMY__ 0.4422496683010433 off 0.2801472642729356 neg 0.2776030674260211	false	0.5
unwichtig	neg 1.0		__DUMMY__ 0.4421353693774522 off 0.2857031918570781 neg 0.2721614387654696	false	0.5
schock	neg 1.0		__DUMMY__ 0.4428133626048136 off 0.28480434613634503 neg 0.2723822912588412	false	0.5
vergelten	neg 1.0		__DUMMY__ 0.44112470450849944 off 0.28267286388517854 neg 0.27620243160632196	false	0.5
beule	neg 1.0		__DUMMY__ 0.4414883708982415 off 0.2884758028621582 neg 0.2700358262396002	false	0.5
verdorbenheit	neg 1.0		__DUMMY__ 0.44510632236761827 off 0.2821676330938007 neg 0.272726044538581	false	0.5
trauma			__DUMMY__ 0.4052862802201043 off 0.31536288218380565 neg 0.27935083759609	false	0.0
sinnlos	neg 1.0		__DUMMY__ 0.44205823208206124 off 0.28565490186178544 neg 0.2722868660561535	false	0.5
fettsack	off 1.0		__DUMMY__ 0.4408349203180423 off 0.29121516130135233 neg 0.26794991838060545	false	1.0
feige	off 1.0		__DUMMY__ 0.4422610118931376 off 0.2856420266603769 neg 0.2720969614464856	false	1.0
abdanken	neg 1.0		__DUMMY__ 0.4421290011948725 off 0.2832169176951752 neg 0.2746540811099522	false	0.5
wichtigtuer	off 1.0	off 1.0	off 0.6318901615311104 __DUMMY__ 0.2144498556603091 neg 0.15365998280858054	false	1.0
misslingen	neg 1.0		__DUMMY__ 0.44187438209420987 off 0.28508971922140103 neg 0.27303589868438927	false	0.5
untreu	off 1.0		__DUMMY__ 0.4422444182421917 off 0.2857077026296021 neg 0.2720478791282061	false	1.0
missmutig	neg 1.0		__DUMMY__ 0.44252085097157967 off 0.28490404130698893 neg 0.2725751077214313	false	0.5
hurenbock	off 1.0		__DUMMY__ 0.43981481484824697 off 0.2916298637057398 neg 0.2685553214460133	false	1.0
betrunken	neg 1.0		__DUMMY__ 0.4414136886881068 off 0.2877026675456205 neg 0.2708836437662728	false	0.5
korrupt	off 1.0		__DUMMY__ 0.44200842921761707 off 0.28307175344905894 neg 0.27491981733332393	false	1.0
unmut	neg 1.0		__DUMMY__ 0.44268529106203647 off 0.2815837574521667 neg 0.2757309514857968	false	0.5
hackfresse	off 1.0		__DUMMY__ 0.4411068379461203 off 0.2886096273572397 neg 0.27028353469663996	false	1.0
aufblasen	neg 1.0		__DUMMY__ 0.44216193365108897 off 0.28562018953213547 neg 0.2722178768167755	false	0.5
gewaltsam	neg 1.0		__DUMMY__ 0.4425163104503424 off 0.28093950990141076 neg 0.2765441796482469	false	0.5
unbeliebtheit	neg 1.0		__DUMMY__ 0.44259283280672795 off 0.28003456104972124 neg 0.2773726061435508	false	0.5
sturheit	neg 1.0		__DUMMY__ 0.4423568261747305 off 0.2829966506803799 neg 0.27464652314488974	false	0.5
kuh	neg 1.0		__DUMMY__ 0.44050106346304624 off 0.2919305056315688 neg 0.26756843090538507	false	0.5
erschrecken	neg 1.0		__DUMMY__ 0.44198041848812764 off 0.28615114328417035 neg 0.271868438227702	false	0.5
opfer	neg 1.0		__DUMMY__ 0.4425652789695867 off 0.28341020859770616 neg 0.274024512432707	false	0.5
stinktier	neg 1.0		__DUMMY__ 0.4404229225747212 off 0.29163639800556174 neg 0.26794067941971705	false	0.5
sinken	neg 1.0		__DUMMY__ 0.44375081506597697 off 0.2796402251619805 neg 0.2766089597720424	false	0.5
tucke	off 1.0		__DUMMY__ 0.44000461781370603 off 0.290896840145391 neg 0.26909854204090283	false	1.0
abstieg	neg 1.0		__DUMMY__ 0.44297978749807493 off 0.281355266397313 neg 0.2756649461046121	false	0.5
missverstehen	neg 1.0		__DUMMY__ 0.44234395591029557 off 0.2849712661795455 neg 0.2726847779101589	false	0.5
ergebnislos	neg 1.0		__DUMMY__ 0.44312987056347974 off 0.2794733876936431 neg 0.2773967417428771	false	0.5
manipulieren	neg 1.0		__DUMMY__ 0.4420086820922536 off 0.2832697078037721 neg 0.27472161010397433	false	0.5
verschleppen	neg 1.0		__DUMMY__ 0.4426612505193793 off 0.2801373303817577 neg 0.2772014190988629	false	0.5
unbewiesen	neg 1.0		__DUMMY__ 0.44255129204185706 off 0.28157542593839247 neg 0.27587328201975064	false	0.5
weib	off 1.0		__DUMMY__ 0.4405399291799425 off 0.2906136882998758 neg 0.2688463825201817	false	1.0
opposition	neg 1.0		__DUMMY__ 0.4415180891853999 neg 0.27967318141342556 off 0.27880872940117457	false	1.0
verkehrswidrig	neg 1.0		__DUMMY__ 0.44137825798648667 off 0.28068482672600276 neg 0.27793691528751063	false	0.5
inkorrekt	neg 1.0		__DUMMY__ 0.4421209294701036 off 0.28552391202061345 neg 0.2723551585092829	false	0.5
vermeiden	neg 1.0		__DUMMY__ 0.4430725964573343 off 0.281228551774702 neg 0.27569885176796366	false	0.5
abweichung	neg 1.0		__DUMMY__ 0.4430021878996923 off 0.28095648108595556 neg 0.2760413310143521	false	0.5
alkoholisiert	neg 1.0		__DUMMY__ 0.442458879973301 off 0.2835738082021393 neg 0.2739673118245597	false	0.5
scheiss	off 1.0	off 1.0	off 0.6334077391159343 __DUMMY__ 0.2145085796316717 neg 0.15208368125239405	false	1.0
herausforderung	neg 1.0		__DUMMY__ 0.4433064897358239 off 0.2818656294747531 neg 0.27482788078942283	false	0.5
pervers	off 1.0		__DUMMY__ 0.440322300152211 off 0.29052147234866393 neg 0.26915622749912493	false	1.0
wackelig	neg 1.0		__DUMMY__ 0.4422921164909182 off 0.2852330728559647 neg 0.27247481065311696	false	0.5
verwickeln	neg 1.0		__DUMMY__ 0.44250856179456416 off 0.28467734115831755 neg 0.2728140970471182	false	0.5
vorwand	neg 1.0		__DUMMY__ 0.4421786491837212 off 0.2831014826448076 neg 0.27471986817147126	false	0.5
muschi	off 1.0		__DUMMY__ 0.43923949452326194 off 0.29554931739754553 neg 0.26521118807919253	false	1.0
entmutigung	neg 1.0		__DUMMY__ 0.442236675898285 off 0.280642931924167 neg 0.27712039217754797	false	0.5
unstetig	neg 1.0		__DUMMY__ 0.4423232849095903 off 0.283444542824054 neg 0.27423217226635577	false	0.5
unangemessen	neg 1.0		__DUMMY__ 0.44237667096988575 off 0.28330544481364744 neg 0.27431788421646675	false	0.5
entmutigen	neg 1.0		__DUMMY__ 0.44240803916715743 off 0.2850284728307482 neg 0.27256348800209423	false	0.5
schwanz	neg 1.0		__DUMMY__ 0.43865366434615166 off 0.29367720357165816 neg 0.2676691320821901	false	0.5
verbot	neg 1.0		__DUMMY__ 0.442290222731235 off 0.2807610465808994 neg 0.2769487306878656	false	0.5
leid	neg 1.0		__DUMMY__ 0.4415213887183043 off 0.28807385047999545 neg 0.27040476080170023	false	0.5
archaisch	neg 1.0		__DUMMY__ 0.4422321846697271 off 0.2834707618598017 neg 0.27429705347047134	false	0.5
scheidung	neg 1.0		__DUMMY__ 0.44308019973145507 neg 0.27861319367897486 off 0.27830660658957007	false	1.0
abgestanden	neg 1.0		__DUMMY__ 0.4425598434800779 off 0.2866373972841021 neg 0.27080275923582	false	0.5
einschlag	neg 1.0		__DUMMY__ 0.44299769240903175 off 0.2807957071209655 neg 0.2762066004700028	false	0.5
schmierig	off 1.0		__DUMMY__ 0.4416960066645767 off 0.28762583605888165 neg 0.2706781572765416	false	1.0
unpraktisch	neg 1.0		__DUMMY__ 0.44193230196175304 off 0.286646725279986 neg 0.2714209727582611	false	0.5
wixxer	off 1.0		__DUMMY__ 0.4406446914781593 off 0.2915590026488153 neg 0.2677963058730253	false	1.0
jammerlappen	off 1.0		__DUMMY__ 0.44206589353982545 off 0.28574132335818686 neg 0.2721927831019876	false	1.0
farce	neg 1.0		__DUMMY__ 0.44243849968602933 off 0.2807754252606816 neg 0.276786075053289	false	0.5
zwecklos	neg 1.0		__DUMMY__ 0.4425499807982477 off 0.2833995166641919 neg 0.27405050253756036	false	0.5
turbulent	neg 1.0		__DUMMY__ 0.4417324838905918 off 0.2829583082894945 neg 0.27530920781991375	false	0.5
schuld	neg 1.0		__DUMMY__ 0.44199398942110196 off 0.28496669412723163 neg 0.2730393164516665	false	0.5
risiko	neg 1.0		__DUMMY__ 0.4439311256300744 off 0.27878730958168274 neg 0.2772815647882429	false	0.5
invasion	neg 1.0		__DUMMY__ 0.43285753878754657 neg 0.2945885053407702 off 0.27255395587168324	false	1.0
finster	neg 1.0		__DUMMY__ 0.44230497092266363 off 0.28696978181238386 neg 0.27072524726495256	false	0.5
geisteskrank	off 1.0		__DUMMY__ 0.44225906605721577 off 0.28564851945512765 neg 0.2720924144876564	false	1.0
ausbeute	neg 1.0		__DUMMY__ 0.44436446620681835 off 0.2832838084667999 neg 0.27235172532638174	false	0.5
zusammenbrechen	neg 1.0		__DUMMY__ 0.4420897964393378 off 0.28427693938485876 neg 0.2736332641758035	false	0.5
hinterhalt	neg 1.0		__DUMMY__ 0.44255690293235617 off 0.2833218274090777 neg 0.27412126965856604	false	0.5
kritik	neg 1.0		__DUMMY__ 0.44232867168651796 off 0.28107194788973966 neg 0.27659938042374227	false	0.5
einschrumpfen	neg 1.0		__DUMMY__ 0.439766448744427 off 0.28095631564706447 neg 0.2792772356085086	false	0.5
riskant	neg 1.0		__DUMMY__ 0.44247592306225536 off 0.28344796695330216 neg 0.27407610998444243	false	0.5
frustrieren	neg 1.0		__DUMMY__ 0.4425704551715932 off 0.28383692702173197 neg 0.27359261780667493	false	0.5
groll	neg 1.0		__DUMMY__ 0.44260640963907183 off 0.283164509637814 neg 0.27422908072311425	false	0.5
qualvoll	neg 1.0		__DUMMY__ 0.4416914365691013 off 0.2857852155627782 neg 0.2725233478681203	false	0.5
wackeln	neg 1.0		__DUMMY__ 0.44257324503566087 off 0.2851231164312385 neg 0.2723036385331008	false	0.5
klagen	neg 1.0		__DUMMY__ 0.4424203872021809 off 0.2813656059632473 neg 0.2762140068345717	false	0.5
trauern	neg 1.0		__DUMMY__ 0.44239014711719055 off 0.28369243486529067 neg 0.27391741801751895	false	0.5
ablehnung	neg 1.0		__DUMMY__ 0.44255782655077225 off 0.2805497687132346 neg 0.27689240473599314	false	0.5
bankrott	neg 1.0		__DUMMY__ 0.44127344467355073 neg 0.28220671070575293 off 0.27651984462069623	false	1.0
stur	neg 1.0		__DUMMY__ 0.44199182319619984 off 0.2845773901419354 neg 0.2734307866618648	false	0.5
aufruhr	neg 1.0		__DUMMY__ 0.44335536450695445 off 0.27927946921721536 neg 0.27736516627583035	false	0.5
melancholie	neg 1.0		__DUMMY__ 0.442223434200077 off 0.2862467667919086 neg 0.2715297990080145	false	0.5
torheit	neg 1.0		__DUMMY__ 0.4423980705987966 off 0.28272629835142077 neg 0.27487563104978263	false	0.5
dreckskind	off 1.0		__DUMMY__ 0.43971538758039425 off 0.29421645077131026 neg 0.26606816164829544	false	1.0
umtauschen	neg 1.0		__DUMMY__ 0.4417346557935751 off 0.28660215463124206 neg 0.27166318957518293	false	0.5
zersetzen	neg 1.0		__DUMMY__ 0.44248372763339966 off 0.28233663826142713 neg 0.2751796341051733	false	0.5
frust	neg 1.0		__DUMMY__ 0.442170115813023 off 0.28415372266782823 neg 0.2736761615191489	false	0.5
unerbittlichkeit	neg 1.0		__DUMMY__ 0.44251723247058394 off 0.28238431374864087 neg 0.27509845378077513	false	0.5
unkorrekt	neg 1.0		__DUMMY__ 0.4415995834316515 off 0.2860455658237641 neg 0.27235485074458443	false	0.5
hexe	off 1.0		__DUMMY__ 0.4423791366539874 off 0.2884477429347955 neg 0.269173120411217	false	1.0
lasch	neg 1.0		__DUMMY__ 0.4422347035290135 off 0.2846748937031856 neg 0.2730904027678008	false	0.5
rivale	neg 1.0		__DUMMY__ 0.44193507581804325 off 0.2794236329831836 neg 0.278641291198773	false	0.5
mutlos	off 1.0		__DUMMY__ 0.4425157962403201 off 0.2828293440908962 neg 0.27465485966878367	false	1.0
wirr	off 1.0		__DUMMY__ 0.44083186042785294 off 0.2879410466005632 neg 0.271227092971584	false	1.0
strafbar	neg 1.0		__DUMMY__ 0.44254457628615684 off 0.28315614954742696 neg 0.27429927416641625	false	0.5
erosion	neg 1.0	neg 1.0	neg 0.6218299561830049 __DUMMY__ 0.21971616748838635 off 0.15845387632860874	false	1.0
eingehen	neg 1.0		__DUMMY__ 0.4424549021479061 off 0.2834861395597286 neg 0.2740589582923652	false	0.5
faul	off 1.0		__DUMMY__ 0.44131472547869105 off 0.28795260161086356 neg 0.27073267291044545	false	1.0
provisorium	neg 1.0		__DUMMY__ 0.4430170685568565 off 0.2822840858798646 neg 0.27469884556327895	false	0.5
schmerzen	neg 1.0		__DUMMY__ 0.441406532471953 off 0.28653378557115405 neg 0.27205968195689306	false	0.5
schrumpfen	neg 1.0		__DUMMY__ 0.4430689159442434 off 0.2810651792272823 neg 0.27586590482847434	false	0.5
geistlos	off 1.0		__DUMMY__ 0.4422174150448286 off 0.2844041595340055 neg 0.27337842542116597	false	1.0
frustrierend	neg 1.0		__DUMMY__ 0.4423546028612168 off 0.28591444588391535 neg 0.2717309512548679	false	0.5
fehlkauf	neg 1.0		__DUMMY__ 0.44437932947611647 off 0.28308572489489386 neg 0.27253494562898967	false	0.5
unzufrieden	neg 1.0		__DUMMY__ 0.442597869023266 off 0.283383582502098 neg 0.2740185484746359	false	0.5
verzweifeln	neg 1.0		__DUMMY__ 0.4422847007779811 off 0.28450554076109813 neg 0.2732097584609208	false	0.5
verzweifelt	neg 1.0		__DUMMY__ 0.4423939977722316 off 0.28511553941054263 neg 0.2724904628172258	false	0.5
misstrauensantrag	neg 1.0		__DUMMY__ 0.44132255042474094 neg 0.27939164442638775 off 0.27928580514887147	false	1.0
abfallen	neg 1.0		__DUMMY__ 0.4417020532293501 off 0.286690982130068 neg 0.2716069646405818	false	0.5
fucker	off 1.0		__DUMMY__ 0.5358880080961 off 0.28643821617075593 neg 0.17767377573314394	false	1.0
ungezogen	neg 1.0		__DUMMY__ 0.4410975927602185 off 0.28876268290754237 neg 0.2701397243322392	false	0.5
irrsinnig	neg 1.0		__DUMMY__ 0.44215940886993477 off 0.28520868981938613 neg 0.27263190131067905	false	0.5
hart	neg 1.0		__DUMMY__ 0.43943893050612637 off 0.29271482562044526 neg 0.2678462438734285	false	0.5
unfassbar	neg 1.0		__DUMMY__ 0.44258693079620437 off 0.28566244923962986 neg 0.27175061996416566	false	0.5
widerlich	off 1.0		__DUMMY__ 0.4418566470560037 off 0.2861469982512252 neg 0.271996354692771	false	1.0
fatal			__DUMMY__ 0.4254871656071714 off 0.2901905475017898 neg 0.28432228689103883	false	0.0
bruch	neg 1.0		__DUMMY__ 0.44293510411131715 off 0.2820285124587059 neg 0.27503638342997694	false	0.5
aushungern	neg 1.0		__DUMMY__ 0.4419776565142455 off 0.28141395137795183 neg 0.2766083921078026	false	0.5
anspannung	neg 1.0		__DUMMY__ 0.4428394835706977 off 0.2830518758171372 neg 0.27410864061216494	false	0.5
kraftlos	neg 1.0		__DUMMY__ 0.44247878544294317 off 0.2842962015257994 neg 0.2732250130312574	false	0.5
grenzdebil	off 1.0		__DUMMY__ 0.4416855845213407 off 0.28671362757692226 neg 0.27160078790173714	false	1.0
unterwerfen	neg 1.0		__DUMMY__ 0.44241704249113917 off 0.2832559474108796 neg 0.2743270100979811	false	0.5
versenkung	neg 1.0		__DUMMY__ 0.4426694445004333 off 0.2833263710284212 neg 0.2740041844711456	false	0.5
entziehen	neg 1.0		__DUMMY__ 0.44270480359357983 off 0.28253561827648344 neg 0.2747595781299368	false	0.5
finanzkrise	neg 1.0		__DUMMY__ 0.4428177649083362 neg 0.2791576818815275 off 0.27802455321013614	false	1.0
schimpfend	neg 1.0		__DUMMY__ 0.44166350022987827 off 0.28618569114458203 neg 0.2721508086255397	false	0.5
profan	neg 1.0		__DUMMY__ 0.44229544483124916 off 0.2854687116550738 neg 0.27223584351367697	false	0.5
korruption	neg 1.0		__DUMMY__ 0.442372159007049 off 0.280290227685583 neg 0.27733761330736806	false	0.5
schmutzig	neg 1.0		__DUMMY__ 0.4417300891984526 off 0.2869000842240377 neg 0.2713698265775098	false	0.5
abraten	neg 1.0		__DUMMY__ 0.4421866950974897 off 0.28600078237461796 neg 0.2718125225278924	false	0.5
sexy	neg 1.0		__DUMMY__ 0.4095243743519832 off 0.3071633254872338 neg 0.28331230016078296	false	0.5
fotze	off 1.0		__DUMMY__ 0.43808201603883373 off 0.29762762656108427 neg 0.26429035740008194	false	1.0
schwarz	neg 1.0		__DUMMY__ 0.4430063568944759 off 0.2837919468104892 neg 0.273201696295035	false	0.5
verwirren	neg 1.0		__DUMMY__ 0.4420272044431237 off 0.2859834506999488 neg 0.27198934485692766	false	0.5
zahnlos	off 1.0		__DUMMY__ 0.442795976036916 off 0.28340315488071915 neg 0.2738008690823648	false	1.0
verheeren	neg 1.0		__DUMMY__ 0.44227263398887456 neg 0.27992627139236786 off 0.27780109461875757	false	1.0
rammen	neg 1.0		__DUMMY__ 0.44189316728063877 off 0.2869662503076106 neg 0.27114058241175054	false	0.5
unlauter	neg 1.0		__DUMMY__ 0.4419529318561814 off 0.28020352941226273 neg 0.2778435387315559	false	0.5
unheilvoll	neg 1.0		__DUMMY__ 0.44162380278504826 off 0.2854702390880769 neg 0.27290595812687485	false	0.5
niedrig	neg 1.0		__DUMMY__ 0.4442237553565923 off 0.27996130956258714 neg 0.2758149350808206	false	0.5
weichei	off 1.0		__DUMMY__ 0.4413605450623785 off 0.28863240609325325 neg 0.2700070488443683	false	1.0
explosion	neg 1.0		__DUMMY__ 0.43876947900528607 neg 0.2861272171891572 off 0.27510330380555675	false	1.0
minusmensch	off 1.0		__DUMMY__ 0.44056864314651106 off 0.29339675516023284 neg 0.26603460169325605	false	1.0
farblos	neg 1.0		__DUMMY__ 0.44389068517919766 off 0.28411386872328276 neg 0.2719954460975196	false	0.5
unwissend	neg 1.0		__DUMMY__ 0.44196918974817834 off 0.2860821908558856 neg 0.27194861939593606	false	0.5
traurig	neg 1.0		__DUMMY__ 0.44175358440006 off 0.2871663332434158 neg 0.27108008235652425	false	0.5
senkung	neg 1.0		__DUMMY__ 0.44185075443696903 neg 0.28198911157877893 off 0.2761601339842521	false	1.0
ungleich	neg 1.0		__DUMMY__ 0.44242830770320607 off 0.28302022252621156 neg 0.2745514697705825	false	0.5
heikel	neg 1.0		__DUMMY__ 0.4422982992977121 off 0.28325307101160957 neg 0.27444862969067835	false	0.5
drosselung	neg 1.0		__DUMMY__ 0.44239939323708494 neg 0.2806577903840846 off 0.27694281637883045	false	1.0
falsch	neg 1.0		__DUMMY__ 0.4420072318387893 off 0.2859978527922236 neg 0.2719949153689869	false	0.5
unzufriedenheit	neg 1.0		__DUMMY__ 0.4425021078962365 off 0.2823680899373859 neg 0.27512980216637767	false	0.5
kurz	neg 1.0		__DUMMY__ 0.4424097750037154 off 0.28557407564416454 neg 0.27201614935211993	false	0.5
unsinnig	neg 1.0		__DUMMY__ 0.4421013894859451 off 0.2839252473085114 neg 0.2739733632055435	false	0.5
penner	off 1.0		__DUMMY__ 0.44131416508897386 off 0.28835456544494925 neg 0.270331269466077	false	1.0
seicht	neg 1.0		__DUMMY__ 0.44209391318665475 off 0.2866635963462037 neg 0.2712424904671416	false	0.5
dummheit	off 1.0		__DUMMY__ 0.44205572634483814 off 0.2847834299283109 neg 0.27316084372685095	false	1.0
unerfreulich	neg 1.0		__DUMMY__ 0.44257837748319867 off 0.2830778167061152 neg 0.2743438058106861	false	0.5
pikiert	neg 1.0		__DUMMY__ 0.44209079808372287 off 0.28584626465225754 neg 0.27206293726401937	false	0.5
motherfucker	off 1.0		__DUMMY__ 0.5249542719267696 off 0.28526170080316404 neg 0.1897840272700664	false	1.0
wrack	neg 1.0		__DUMMY__ 0.44285382331894635 off 0.28320395581957153 neg 0.2739422208614821	false	0.5
gangster	neg 1.0		__DUMMY__ 0.47267961557670946 off 0.2983209302271398 neg 0.22899945419615086	false	0.5
krank	neg 1.0		__DUMMY__ 0.44168361316773064 off 0.2875335036314861 neg 0.27078288320078325	false	0.5
reich	neg 1.0		__DUMMY__ 0.4427180259897355 off 0.28316724589053793 neg 0.2741147281197265	false	0.5
gnadenlos	neg 1.0		__DUMMY__ 0.4424067742026763 off 0.2850416316579865 neg 0.27255159413933705	false	0.5
niedergeschlagen	neg 1.0		__DUMMY__ 0.4424331942073054 off 0.284248243886365 neg 0.27331856190632947	false	0.5
terrorisieren	off 1.0	off 1.0	off 0.6308980732971265 __DUMMY__ 0.21489673153255406 neg 0.15420519517031936	false	1.0
sinnlosigkeit	neg 1.0		__DUMMY__ 0.4422598401369479 off 0.283697349663664 neg 0.27404281019938814	false	0.5
behindern	neg 1.0		__DUMMY__ 0.44323833706313526 off 0.2801070067105936 neg 0.27665465622627117	false	0.5
undemokratisch	neg 1.0		__DUMMY__ 0.4415635609904613 off 0.28235300142707204 neg 0.2760834375824666	false	0.5
wirtschaftskrise	neg 1.0		__DUMMY__ 0.4431267279134848 off 0.2787525201164743 neg 0.27812075197004094	false	0.5
neid	neg 1.0		__DUMMY__ 0.44260057735616704 off 0.28577573916512544 neg 0.2716236834787074	false	0.5
rutschen	neg 1.0		__DUMMY__ 0.44310699160918815 off 0.2840297203105149 neg 0.272863288080297	false	0.5
rezession	neg 1.0		__DUMMY__ 0.4432816471763754 neg 0.27968924896551356 off 0.2770291038581111	false	1.0
fehlgeburt	neg 1.0		__DUMMY__ 0.44136306082101173 off 0.2863344120485621 neg 0.27230252713042613	false	0.5
charakterschwach	off 1.0		__DUMMY__ 0.44203760684028 off 0.2856251126631205 neg 0.2723372804965995	false	1.0
isolation	neg 1.0		__DUMMY__ 0.43562434764255614 neg 0.29060500693722546 off 0.2737706454202183	false	1.0
ablenkung	neg 1.0		__DUMMY__ 0.4421552393375672 off 0.28515344923153946 neg 0.2726913114308935	false	0.5
pech	neg 1.0		__DUMMY__ 0.4422392359213726 off 0.2868587392777894 neg 0.270902024800838	false	0.5
dominieren	neg 1.0		__DUMMY__ 0.4437868078293752 off 0.2794580212832745 neg 0.2767551708873503	false	0.5
vermeidung	neg 1.0		__DUMMY__ 0.44153787092683894 neg 0.2822201731930413 off 0.2762419558801197	false	1.0
schwindlig	neg 1.0		__DUMMY__ 0.441430964059995 off 0.2882076010862946 neg 0.2703614348537104	false	0.5
lutscher	neg 1.0		__DUMMY__ 0.4403914726324933 off 0.2918785938886285 neg 0.2677299334788783	false	0.5
pflicht	neg 1.0		__DUMMY__ 0.44268888145942253 off 0.28286694190253975 neg 0.27444417663803766	false	0.5
faschist	off 1.0		__DUMMY__ 0.4419190139997043 off 0.28447316815325946 neg 0.27360781784703625	false	1.0
verschleudern	neg 1.0		__DUMMY__ 0.4427371089246483 off 0.2805775000897321 neg 0.2766853909856196	false	0.5
ehebruch	neg 1.0		__DUMMY__ 0.44247024686602415 off 0.2835348034459477 neg 0.27399494968802807	false	0.5
trostlosigkeit	neg 1.0		__DUMMY__ 0.44252417070859984 off 0.2826479161326116 neg 0.2748279131587885	false	0.5
lutschen	neg 1.0		__DUMMY__ 0.43922328723703924 off 0.2926587684958337 neg 0.26811794426712704	false	0.5
spott	off 1.0		__DUMMY__ 0.4424629691999951 off 0.28294541897723297 neg 0.274591611822772	false	1.0
undiszipliniert	neg 1.0		__DUMMY__ 0.44157865760241627 off 0.28717860036254883 neg 0.27124274203503485	false	0.5
kopfschmerz	neg 1.0		__DUMMY__ 0.4413568298653724 off 0.28614181939696454 neg 0.2725013507376631	false	0.5
unvorhergesehen	neg 1.0		__DUMMY__ 0.442663463688778 off 0.28462618140455276 neg 0.27271035490666934	false	0.5
desinteressiert	neg 1.0		__DUMMY__ 0.44187665824813255 off 0.2869174550069936 neg 0.2712058867448737	false	0.5
armselig	off 1.0		__DUMMY__ 0.4423742654019407 off 0.2855807040491465 neg 0.27204503054891277	false	1.0
tod	neg 1.0		__DUMMY__ 0.4427094960866322 off 0.28269771311978675 neg 0.27459279079358095	false	0.5
desaster	neg 1.0		__DUMMY__ 0.44282358316540943 off 0.28126309494370555 neg 0.2759133218908849	false	0.5
herzlos	neg 1.0		__DUMMY__ 0.44189716980887245 off 0.2869045409037171 neg 0.2711982892874103	false	0.5
unwissenheit	neg 1.0		__DUMMY__ 0.442045391013615 off 0.28306869050883204 neg 0.27488591847755284	false	0.5
widersinnig	neg 1.0		__DUMMY__ 0.44216478477043614 off 0.28191497213127664 neg 0.2759202430982873	false	0.5
bedenklich	neg 1.0		__DUMMY__ 0.4423244181003178 off 0.2832146187018638 neg 0.27446096319781843	false	0.5
beanstanden	neg 1.0		__DUMMY__ 0.4427318993659927 off 0.2824065473817921 neg 0.27486155325221534	false	0.5
panisch	neg 1.0		__DUMMY__ 0.4417309600452328 off 0.2862886354744723 neg 0.2719804044802949	false	0.5
abstrich	neg 1.0		__DUMMY__ 0.4410781221892434 off 0.28611058110990495 neg 0.2728112967008516	false	0.5
debil	off 1.0		__DUMMY__ 0.4360810691836635 off 0.2996774077827421 neg 0.2642415230335944	false	1.0
primitiv	neg 1.0		__DUMMY__ 0.4424252500826664 off 0.2859087502396123 neg 0.27166599967772115	false	0.5
abschaum	off 1.0		__DUMMY__ 0.4421239452485486 off 0.285404076369228 neg 0.2724719783822233	false	1.0
tot	neg 1.0		__DUMMY__ 0.4417294719954778 off 0.2864470581137281 neg 0.27182346989079414	false	0.5
provozieren	neg 1.0		__DUMMY__ 0.44221068984950135 off 0.28468089915243866 neg 0.27310841099806005	false	0.5
instabil	neg 1.0		__DUMMY__ 0.4430739400863727 off 0.28381774279538613 neg 0.2731083171182413	false	0.5
schwuchtel	off 1.0		__DUMMY__ 0.43985137510957073 off 0.29264645602976 neg 0.2675021688606694	false	1.0
zerren	neg 1.0		__DUMMY__ 0.44221399905380765 off 0.2845056828842147 neg 0.27328031806197767	false	0.5
kinderficker	off 1.0		__DUMMY__ 0.44146976153283146 off 0.2860879360397675 neg 0.2724423024274009	false	1.0
gefahr	neg 1.0		__DUMMY__ 0.44315485669833654 off 0.27994331342957207 neg 0.2769018298720913	false	0.5
rabiat	neg 1.0		__DUMMY__ 0.4425319446843374 off 0.2845760129902826 neg 0.2728920423253801	false	0.5
verlangsamung	neg 1.0		__DUMMY__ 0.44404162314251105 off 0.2779919399555447 neg 0.2779664369019442	false	0.5
anklagen	neg 1.0		__DUMMY__ 0.44227440719828426 off 0.2802854743669197 neg 0.27744011843479593	false	0.5
ausgestorben	neg 1.0		__DUMMY__ 0.44282659801506935 off 0.2840170714423436 neg 0.27315633054258687	false	0.5
verminderung	neg 1.0		__DUMMY__ 0.44197711112636556 neg 0.28211967626018636 off 0.27590321261344813	false	1.0
rost	neg 1.0		__DUMMY__ 0.4452472621559931 off 0.2806368513841813 neg 0.27411588645982554	false	0.5
destruktiv	neg 1.0		__DUMMY__ 0.44222011215979484 off 0.28367025468491786 neg 0.27410963315528736	false	0.5
unzumutbarkeit	neg 1.0		__DUMMY__ 0.44271661121911243 off 0.28009189490994 neg 0.2771914938709475	false	0.5
labil	off 1.0	off 1.0	off 0.7109743869988134 __DUMMY__ 0.1758312489490167 neg 0.11319436405216982	false	1.0
ziemlich	neg 1.0		__DUMMY__ 0.4419049377653652 off 0.2869874282960186 neg 0.27110763393861625	false	0.5
lachnummer	off 1.0		__DUMMY__ 0.44251247190325116 off 0.2836442399249434 neg 0.27384328817180553	false	1.0
ausgrenzung	neg 1.0		__DUMMY__ 0.44219764814856877 off 0.28090358068257776 neg 0.2768987711688535	false	0.5
verfall	neg 1.0		__DUMMY__ 0.44268792105477545 off 0.28128250186039816 neg 0.27602957708482645	false	0.5
unordnung	neg 1.0	neg 1.0	neg 0.6215684331262409 __DUMMY__ 0.21688928141174346 off 0.16154228546201568	false	1.0
fehlverhalten	neg 1.0		__DUMMY__ 0.4424349565847657 off 0.2823698768672048 neg 0.2751951665480295	false	0.5
nille	neg 1.0		__DUMMY__ 0.4365874779076028 off 0.30033536842132896 neg 0.2630771536710683	false	0.5
qual	neg 1.0		__DUMMY__ 0.4112253853087979 off 0.29682388753990296 neg 0.29195072715129916	false	0.5
riesig	neg 1.0		__DUMMY__ 0.44210940008925886 off 0.29026387343164295 neg 0.26762672647909813	false	0.5
verschwenden	neg 1.0		__DUMMY__ 0.4423029371311923 off 0.2837902291816148 neg 0.27390683368719304	false	0.5
verurteilen	neg 1.0		__DUMMY__ 0.4421652656149799 off 0.28302421650335563 neg 0.27481051788166455	false	0.5
klischee	neg 1.0		__DUMMY__ 0.4422958485439465 off 0.2854335080965307 neg 0.27227064335952283	false	0.5
diktatorisch	neg 1.0		__DUMMY__ 0.4416622317021495 off 0.28272297507123945 neg 0.2756147932266111	false	0.5
vorhersehbar	neg 1.0		__DUMMY__ 0.44260844552594486 off 0.2847818987559242 neg 0.27260965571813106	false	0.5
stornieren	neg 1.0		__DUMMY__ 0.4422984999492259 off 0.282953239694406 neg 0.2747482603563681	false	0.5
besteuerung	neg 1.0		__DUMMY__ 0.44261607573470857 neg 0.28066735762635125 off 0.27671656663894006	false	1.0
ungeschminkt	neg 1.0		__DUMMY__ 0.4401895014371574 off 0.29080552343834365 neg 0.269004975124499	false	0.5
kritisch	neg 1.0		__DUMMY__ 0.4424622572511361 off 0.28291376153053965 neg 0.27462398121832415	false	0.5
schlamperei	off 1.0		__DUMMY__ 0.4426102681565089 off 0.2804336253925209 neg 0.27695610645097035	false	1.0
sucht	neg 1.0		__DUMMY__ 0.4446682981095133 off 0.28305586635844304 neg 0.2722758355320436	false	0.5
egoistisch	off 1.0		__DUMMY__ 0.44141466391466083 off 0.2872812619570495 neg 0.2713040741282895	false	1.0
ausbeuter	off 1.0		__DUMMY__ 0.4424286212302226 off 0.2824762092955508 neg 0.27509516947422674	false	1.0
arschgeburt			__DUMMY__ 0.43939607347471943 off 0.293749355593683 neg 0.2668545709315977	false	0.0
schubs	neg 1.0		__DUMMY__ 0.4411313253096373 off 0.2875331361543686 neg 0.27133553853599424	false	0.5
unsolide	neg 1.0		__DUMMY__ 0.44180666766012905 off 0.2824202256185787 neg 0.27577310672129235	false	0.5
beschwerde	neg 1.0		__DUMMY__ 0.4421659946096003 off 0.28070752441012947 neg 0.2771264809802701	false	0.5
stocken	neg 1.0		__DUMMY__ 0.4436301692726211 off 0.2787503293707489 neg 0.27761950135662994	false	0.5
isolieren	neg 1.0		__DUMMY__ 0.44291492775045604 off 0.2796491959515198 neg 0.27743587629802413	false	0.5
unheilbar	neg 1.0		__DUMMY__ 0.44224082664732267 off 0.2844253373494892 neg 0.2733338360031881	false	0.5
pisser	off 1.0		__DUMMY__ 0.4394493536886502 off 0.2936973199382427 neg 0.26685332637310716	false	1.0
löschen	neg 1.0		__DUMMY__ 0.43754948138711564 off 0.28738056469964285 neg 0.27506995391324146	false	0.5
durchfallen	neg 1.0		__DUMMY__ 0.44211782592386056 off 0.28373830746486767 neg 0.2741438666112719	false	0.5
wichser	off 1.0		__DUMMY__ 0.4413222143534666 off 0.2886588953515362 neg 0.27001889029499715	false	1.0
terror	neg 1.0		__DUMMY__ 0.43845715353958936 neg 0.2838987648067469 off 0.2776440816536636	false	1.0
krass	neg 1.0		__DUMMY__ 0.4404911128071723 off 0.29060256757109276 neg 0.2689063196217349	false	0.5
revolte	neg 1.0		__DUMMY__ 0.44297369364958583 off 0.2792986985248056 neg 0.2777276078256085	false	0.5
besorgt	neg 1.0		__DUMMY__ 0.4422772993127612 off 0.28453201845345444 neg 0.27319068223378445	false	0.5
nachlassen	neg 1.0		__DUMMY__ 0.44270430735621813 off 0.28290100734282597 neg 0.2743946853009559	false	0.5
alt	neg 1.0		__DUMMY__ 0.44264999486461365 off 0.2877424834362591 neg 0.2696075216991273	false	0.5
hundesohn	off 1.0		__DUMMY__ 0.4383574045621436 off 0.29620504665598396 neg 0.2654375487818725	false	1.0
abschreckung	neg 1.0		__DUMMY__ 0.4423863903099042 off 0.28190519307057205 neg 0.27570841661952367	false	0.5
unqualifiziert	neg 1.0		__DUMMY__ 0.44184655286513846 off 0.2845861116874707 neg 0.2735673354473908	false	0.5
abgewichst	off 1.0		__DUMMY__ 0.4375782207395983 off 0.2978934513355264 neg 0.2645283279248753	false	1.0
kapitulation	neg 1.0		__DUMMY__ 0.44269180641480554 off 0.28067342540425827 neg 0.2766347681809362	false	0.5
schwer	neg 1.0		__DUMMY__ 0.44254042462992166 off 0.2847275224302913 neg 0.27273205293978703	false	0.5
bedeutungslosigkeit	neg 1.0		__DUMMY__ 0.4427140199154827 off 0.2822678120501493 neg 0.2750181680343679	false	0.5
unscharf	neg 1.0		__DUMMY__ 0.441023592102752 off 0.28853923658401753 neg 0.2704371713132303	false	0.5
schwinden	neg 1.0		__DUMMY__ 0.4432712534685238 off 0.2792940056929651 neg 0.2774347408385111	false	0.5
versklavung	neg 1.0		__DUMMY__ 0.4419846590760057 off 0.28023528349540394 neg 0.2777800574285903	false	0.5
schlecht	neg 1.0		__DUMMY__ 0.4420191780219567 off 0.2864345430020188 neg 0.27154627897602446	false	0.5
verhasst	neg 1.0		__DUMMY__ 0.44236236550488306 off 0.2840476066918066 neg 0.2735900278033104	false	0.5
beschweren	neg 1.0		__DUMMY__ 0.44252281636688506 off 0.2849649988497552 neg 0.27251218478335976	false	0.5
scheiden	neg 1.0		__DUMMY__ 0.4426094884349761 off 0.28493924752748767 neg 0.2724512640375363	false	0.5
frustriert	neg 1.0		__DUMMY__ 0.4423197322558163 off 0.2843908882242616 neg 0.27328937951992216	false	0.5
schimmelig	neg 1.0		__DUMMY__ 0.4406903757742643 off 0.2906311908289959 neg 0.2686784333967397	false	0.5
fisch	neg 1.0		__DUMMY__ 0.4428106818347137 off 0.2876194202544255 neg 0.2695698979108608	false	0.5
schmuggel	neg 1.0		__DUMMY__ 0.4425441421905962 off 0.2832785395436699 neg 0.27417731826573394	false	0.5
auffallen	neg 1.0		__DUMMY__ 0.44233097998466697 off 0.28496077026396577 neg 0.27270824975136726	false	0.5
konkurrenz	neg 1.0		__DUMMY__ 0.4427012183000144 off 0.282462255622924 neg 0.27483652607706144	false	0.5
teufelskreis	neg 1.0		__DUMMY__ 0.44252308553582376 off 0.28415042119375045 neg 0.2733264932704258	false	0.5
aufschreien	neg 1.0		__DUMMY__ 0.4423307741887437 off 0.2855766150829902 neg 0.272092610728266	false	0.5
missgeburt	off 1.0		__DUMMY__ 0.43992933650863103 off 0.2935645778805589 neg 0.2665060856108102	false	1.0
schuldner	neg 1.0		__DUMMY__ 0.4427669467047225 off 0.2796319112386897 neg 0.2776011420565879	false	0.5
befallen	neg 1.0		__DUMMY__ 0.44167978007516917 off 0.2823098025577769 neg 0.27601041736705384	false	0.5
arbeitslos	neg 1.0		__DUMMY__ 0.44243521000898306 off 0.28363178186293997 neg 0.27393300812807697	false	0.5
miesepetrig	off 1.0		__DUMMY__ 0.44182438988029915 off 0.28657406385477696 neg 0.27160154626492394	false	1.0
alarmieren	neg 1.0		__DUMMY__ 0.44304303053206523 neg 0.2784846784042209 off 0.27847229106371374	false	1.0
ungeduscht	off 1.0		__DUMMY__ 0.4405900063687113 off 0.2892977143680624 neg 0.27011227926322623	false	1.0
knappheit	neg 1.0		__DUMMY__ 0.44307465690141384 off 0.27958343769381305 neg 0.277341905404773	false	0.5
schlange	neg 1.0		__DUMMY__ 0.44251331987701603 off 0.28536927183483857 neg 0.2721174082881454	false	0.5
harsch	neg 1.0		__DUMMY__ 0.44232558006589867 off 0.2802290010004407 neg 0.2774454189336607	false	0.5
lang	neg 1.0	neg 1.0	neg 0.5748067278634301 __DUMMY__ 0.24189744021359602 off 0.1832958319229738	false	1.0
ziellos	neg 1.0		__DUMMY__ 0.4426105465105805 off 0.2840794273132321 neg 0.2733100261761872	false	0.5
selbstverliebt	neg 1.0		__DUMMY__ 0.44108830815104166 off 0.2896516657910039 neg 0.2692600260579545	false	0.5
beseitigen	neg 1.0		__DUMMY__ 0.4432166594693818 off 0.27979765708432086 neg 0.2769856834462974	false	0.5
dumm	off 1.0		__DUMMY__ 0.44144503170586097 off 0.2880875873873313 neg 0.2704673809068077	false	1.0
arbeitsloser	neg 1.0		__DUMMY__ 0.4425515179298219 off 0.28334307647505164 neg 0.27410540559512653	false	0.5
blitzen	neg 1.0		__DUMMY__ 0.4434612663020488 off 0.2845023240583005 neg 0.2720364096396506	false	0.5
hilflos	neg 1.0		__DUMMY__ 0.4420118360094416 off 0.2845560540147973 neg 0.27343210997576123	false	0.5
eklig	off 1.0		__DUMMY__ 0.44075141124953576 off 0.2898776322639612 neg 0.26937095648650317	false	1.0
hungersnot	neg 1.0		__DUMMY__ 0.4431590270144273 off 0.28026523780279433 neg 0.2765757351827784	false	0.5
ungesetzlich	neg 1.0		__DUMMY__ 0.4421182751408581 off 0.28189296377855627 neg 0.2759887610805857	false	0.5
verschwendung	neg 1.0		__DUMMY__ 0.4423700129007579 off 0.2833608441069232 neg 0.2742691429923189	false	0.5
schmerzvoll	neg 1.0		__DUMMY__ 0.4420737896665565 off 0.2856393881253629 neg 0.2722868222080805	false	0.5
vorzeitig	neg 1.0		__DUMMY__ 0.44294443367203756 neg 0.27860708529769995 off 0.2784484810302625	false	1.0
unvollkommenheit	neg 1.0		__DUMMY__ 0.442364223622601 off 0.284077834902954 neg 0.27355794147444495	false	0.5
intervenieren	neg 1.0		__DUMMY__ 0.44223526939344965 off 0.2819837131741908 neg 0.2757810174323595	false	0.5
banause	off 1.0		__DUMMY__ 0.44113388704570494 off 0.2885623040551818 neg 0.27030380889911326	false	1.0
rebell	neg 1.0		__DUMMY__ 0.43827661997930434 off 0.29385339731820853 neg 0.267869982702487	false	0.5
unlogisch	neg 1.0		__DUMMY__ 0.44163013212336993 off 0.2868885354848794 neg 0.2714813323917505	false	0.5
abschaffung	neg 1.0		__DUMMY__ 0.44206545490578214 off 0.2791738259494453 neg 0.2787607191447726	false	0.5
leiden	neg 1.0		__DUMMY__ 0.44253805503966903 off 0.28505337183511126 neg 0.2724085731252196	false	0.5
sturz	neg 1.0		__DUMMY__ 0.4431508206288232 off 0.27989453169116635 neg 0.27695464768001044	false	0.5
verkleinerung	neg 1.0		__DUMMY__ 0.44262969038996225 neg 0.279279162322627 off 0.2780911472874107	false	1.0
schmarotzer	off 1.0		__DUMMY__ 0.4421592647139319 off 0.28385189920165205 neg 0.273988836084416	false	1.0
bestrafung	neg 1.0		__DUMMY__ 0.4422448802439653 off 0.2852096743429291 neg 0.2725454454131055	false	0.5
achtlos	neg 1.0		__DUMMY__ 0.4420956546134078 off 0.28451310997317014 neg 0.273391235413422	false	0.5
ungeheuer	neg 1.0		__DUMMY__ 0.4426644820374366 off 0.2860817914865556 neg 0.2712537264760079	false	0.5
unaufrichtig	neg 1.0		__DUMMY__ 0.4413169991198204 off 0.28508951543986943 neg 0.27359348544031026	false	0.5
groggy	neg 1.0		__DUMMY__ 0.44164170687632065 off 0.2900287643236019 neg 0.2683295288000775	false	0.5
verletzlich	neg 1.0		__DUMMY__ 0.44185991445423517 off 0.28675000633084796 neg 0.2713900792149168	false	0.5
ablehnen	neg 1.0		__DUMMY__ 0.44214965014318336 off 0.2828965701308282 neg 0.2749537797259885	false	0.5
kollaps	neg 1.0		__DUMMY__ 0.4428830866742014 neg 0.27899147921519396 off 0.2781254341106046	false	1.0
beschnitten	neg 1.0		__DUMMY__ 0.442243887019534 off 0.2850452836311281 neg 0.2727108293493379	false	0.5
defekt	neg 1.0		__DUMMY__ 0.4423719165500205 off 0.27915676303767206 neg 0.27847132041230743	false	0.5
dreckskerl	off 1.0		__DUMMY__ 0.44140803710893595 off 0.28703627082507716 neg 0.271555692065987	false	1.0
deine	neg 1.0		__DUMMY__ 0.4412285754785647 off 0.288408392367768 neg 0.2703630321536673	false	0.5
aufgeben	neg 1.0		__DUMMY__ 0.44279491357652334 off 0.28508920574872487 neg 0.27211588067475184	false	0.5
durcheinander	neg 1.0		__DUMMY__ 0.4423387773566161 off 0.28580316986051374 neg 0.2718580527828701	false	0.5
unterbrechen	neg 1.0		__DUMMY__ 0.44250496488109353 off 0.2840021144845864 neg 0.2734929206343202	false	0.5
vergammeln	neg 1.0		__DUMMY__ 0.4423252605912509 off 0.2855148492789197 neg 0.2721598901298295	false	0.5
grotesk	neg 1.0		__DUMMY__ 0.4425843714375069 off 0.283623703156878 neg 0.2737919254056151	false	0.5
elendig	neg 1.0		__DUMMY__ 0.44193885734267474 off 0.28572423008972214 neg 0.2723369125676031	false	0.5
naiv	off 1.0		__DUMMY__ 0.4425180583819849 off 0.2851984693496044 neg 0.27228347226841076	false	1.0
uneinigkeit	neg 1.0		__DUMMY__ 0.44261050071082975 off 0.2795392801938761 neg 0.2778502190952941	false	0.5
fragil	neg 1.0		__DUMMY__ 0.43554302226056407 neg 0.2860517023542837 off 0.2784052753851523	false	1.0
provisorisch	neg 1.0		__DUMMY__ 0.4430802342535824 off 0.2835090683610443 neg 0.27341069738537327	false	0.5
landei	off 1.0		__DUMMY__ 0.44193422595253434 off 0.2883602099365726 neg 0.2697055641108931	false	1.0
bedauerlich	neg 1.0		__DUMMY__ 0.4424419864974154 off 0.2833420231441145 neg 0.2742159903584703	false	0.5
krieg	neg 1.0		__DUMMY__ 0.4422915819610327 off 0.2843329689596351 neg 0.27337544907933226	false	0.5
traurigkeit	neg 1.0		__DUMMY__ 0.44237600083496414 off 0.2849006484120524 neg 0.27272335075298343	false	0.5
monotonie	neg 1.0		__DUMMY__ 0.44273805652335735 off 0.2836576331172574 neg 0.2736043103593852	false	0.5
unliebsam	neg 1.0		__DUMMY__ 0.44236461437108193 off 0.2842292476208908 neg 0.2734061380080274	false	0.5
drift	neg 1.0		__DUMMY__ 0.38977039019127785 neg 0.3211164389089055 off 0.2891131708998167	false	1.0
chaos	neg 1.0		__DUMMY__ 0.4424671614232502 off 0.28144032120363 neg 0.2760925173731198	false	0.5
blutig	neg 1.0		__DUMMY__ 0.4424221299279009 off 0.2855442417186416 neg 0.2720336283534575	false	0.5
machtlos	neg 1.0		__DUMMY__ 0.44235255425858727 off 0.28309169165907916 neg 0.2745557540823336	false	0.5
