unsolidarisch	neg 1.0		off 0.34203563854181146 neg 0.33202475216871713 __DUMMY__ 0.3259396092894713	false	0.5
nachteilig	neg 1.0		off 0.3409953313941868 neg 0.3323893688447434 __DUMMY__ 0.3266152997610697	false	0.5
skeptisch	neg 1.0		off 0.34181848256364095 neg 0.33153884793498706 __DUMMY__ 0.3266426695013721	false	0.5
schrecklich	neg 1.0		off 0.34659612917570015 neg 0.32762832601925046 __DUMMY__ 0.3257755448050494	false	0.5
schlapp	neg 1.0		off 0.34677141985826665 neg 0.32727094949308294 __DUMMY__ 0.32595763064865035	false	0.5
abfall	neg 1.0		off 0.34099472401068553 neg 0.3320326756284177 __DUMMY__ 0.3269726003608966	false	0.5
widerspenstig	neg 1.0		off 0.3441002710310514 neg 0.329759466120276 __DUMMY__ 0.3261402628486725	false	0.5
abrupt	neg 1.0		off 0.34269934437578237 neg 0.33044250302095735 __DUMMY__ 0.3268581526032604	false	0.5
unwirksam	neg 1.0		neg 0.33703919581130726 off 0.3363225605033874 __DUMMY__ 0.3266382436853053	false	1.0
angreifen	neg 1.0		off 0.34182752286689866 neg 0.33162716729792985 __DUMMY__ 0.3265453098351713	false	0.5
inkonsistent	neg 1.0		off 0.34384730959499665 neg 0.32944336060866014 __DUMMY__ 0.3267093297963434	false	0.5
abrutschen	neg 1.0		off 0.34181795931098513 neg 0.3315935913095902 __DUMMY__ 0.32658844937942466	false	0.5
unsicher	neg 1.0		off 0.34385130780014017 neg 0.32970299060125857 __DUMMY__ 0.3264457015986012	false	0.5
bauernkind	off 1.0		off 0.3506791144647628 __DUMMY__ 0.3248473460973872 neg 0.3244735394378499	false	1.0
angreifer	neg 1.0		off 0.3391610257179705 neg 0.3344444841593277 __DUMMY__ 0.3263944901227017	false	0.5
trennen	neg 1.0		off 0.34274513231903564 neg 0.33019022216699573 __DUMMY__ 0.3270646455139686	false	0.5
schmutz	neg 1.0		off 0.3392681083213513 neg 0.3339202873636283 __DUMMY__ 0.32681160431502043	false	0.5
inkonsistenz	neg 1.0		off 0.3446208505204819 neg 0.3291955315010666 __DUMMY__ 0.32618361797845147	false	0.5
erschreckend	neg 1.0		off 0.3426220551489667 neg 0.3308951752586563 __DUMMY__ 0.32648276959237693	false	0.5
ertrinken	neg 1.0		off 0.34314222098565195 neg 0.33074142919549976 __DUMMY__ 0.3261163498188482	false	0.5
pickelface	off 1.0		off 0.3551040424205523 __DUMMY__ 0.3238967884696242 neg 0.3209991691098234	false	1.0
lauch	neg 1.0		off 0.35218248580049105 __DUMMY__ 0.32445728380693184 neg 0.3233602303925772	false	0.5
steuerhinterziehung	neg 1.0		off 0.33895816594627526 neg 0.334716689575263 __DUMMY__ 0.3263251444784617	false	0.5
unwichtig	neg 1.0		off 0.34468635158978456 neg 0.3290594007211139 __DUMMY__ 0.3262542476891016	false	0.5
schock	neg 1.0		off 0.3438523582416088 neg 0.32938638428682443 __DUMMY__ 0.32676125747156676	false	0.5
vergelten	neg 1.0		off 0.34142803081854434 neg 0.33310124984993805 __DUMMY__ 0.3254707193315175	false	0.5
beule	neg 1.0		off 0.3474871894966448 neg 0.326767893539857 __DUMMY__ 0.32574491696349805	false	0.5
verdorbenheit	neg 1.0		off 0.34152086082911864 neg 0.3301325310944667 __DUMMY__ 0.32834660807641464	false	0.5
trauma			off 0.3710822841685134 neg 0.3324552569844521 __DUMMY__ 0.2964624588470344	false	0.0
sinnlos	neg 1.0		off 0.34462210126810144 neg 0.3291797498438974 __DUMMY__ 0.32619814888800114	false	0.5
fettsack	off 1.0		off 0.350218132704212 __DUMMY__ 0.32524701487501795 neg 0.32453485242077007	false	1.0
feige	off 1.0		off 0.34463146693838076 neg 0.3290166954913101 __DUMMY__ 0.32635183757030906	false	1.0
abdanken	neg 1.0		off 0.3421076659153794 neg 0.3316481902800166 __DUMMY__ 0.32624414380460404	false	0.5
wichtigtuer	off 1.0	off 1.0	off 0.6611262314892051 neg 0.18191813935999246 __DUMMY__ 0.15695562915080236	false	1.0
misslingen	neg 1.0		off 0.3440153372990222 neg 0.3299404011054322 __DUMMY__ 0.32604426159554556	false	0.5
untreu	off 1.0		off 0.3447109489527585 neg 0.32895411442126327 __DUMMY__ 0.3263349366259782	false	1.0
missmutig	neg 1.0		off 0.34392851626832766 neg 0.3295316371741873 __DUMMY__ 0.32653984655748497	false	0.5
hurenbock	off 1.0		off 0.35046670352834997 neg 0.32506955422231226 __DUMMY__ 0.3244637422493379	false	1.0
betrunken	neg 1.0		off 0.3466638612022669 neg 0.3276338450972781 __DUMMY__ 0.32570229370045517	false	0.5
korrupt	off 1.0		off 0.34193269855444397 neg 0.33191069593374567 __DUMMY__ 0.3261566055118104	false	1.0
unmut	neg 1.0		off 0.3405026712492305 neg 0.33282952333336524 __DUMMY__ 0.3266678054174042	false	0.5
hackfresse	off 1.0		off 0.3475521706992 neg 0.3269766168216582 __DUMMY__ 0.3254712124791417	false	1.0
aufblasen	neg 1.0		off 0.34461149391729473 neg 0.32911790786669154 __DUMMY__ 0.32627059821601373	false	0.5
gewaltsam	neg 1.0		off 0.33981741703410967 neg 0.3336590846260774 __DUMMY__ 0.32652349833981287	false	0.5
unbeliebtheit	neg 1.0		off 0.3389023608364802 neg 0.3345157608630116 __DUMMY__ 0.32658187830050817	false	0.5
sturheit	neg 1.0		off 0.3419200764453345 neg 0.3316578818525464 __DUMMY__ 0.32642204170211914	false	0.5
kuh	neg 1.0		off 0.3509169189415061 __DUMMY__ 0.3249839082721981 neg 0.32409917278629585	false	0.5
erschrecken	neg 1.0		off 0.3451340038501265 neg 0.32873122169707014 __DUMMY__ 0.32613477445280337	false	0.5
opfer	neg 1.0		off 0.34237216160121375 neg 0.3310498888858456 __DUMMY__ 0.32657794951294067	false	0.5
stinktier	neg 1.0		off 0.3505965903508174 __DUMMY__ 0.3249324652148236 neg 0.32447094443435903	false	0.5
sinken	neg 1.0		off 0.338663452098943 neg 0.3338755540338543 __DUMMY__ 0.3274609938672026	false	0.5
tucke	off 1.0		off 0.34975704941950914 neg 0.32561496356741254 __DUMMY__ 0.3246279870130783	false	1.0
abstieg	neg 1.0		off 0.34031008993557754 neg 0.33280933485993847 __DUMMY__ 0.32688057520448394	false	0.5
missverstehen	neg 1.0		off 0.3439544958419006 neg 0.3296334260037462 __DUMMY__ 0.32641207815435336	false	0.5
ergebnislos	neg 1.0		off 0.3383944882708846 neg 0.334614360082283 __DUMMY__ 0.32699115164683235	false	0.5
manipulieren	neg 1.0		off 0.34214706429062164 neg 0.3316955679296085 __DUMMY__ 0.3261573677797699	false	0.5
verschleppen	neg 1.0		off 0.3390147801124957 neg 0.33434500077467993 __DUMMY__ 0.3266402191128245	false	0.5
unbewiesen	neg 1.0		off 0.34048190876725176 neg 0.332954954284086 __DUMMY__ 0.3265631369486623	false	0.5
weib	off 1.0		off 0.3495565121667472 neg 0.32541490959017494 __DUMMY__ 0.32502857824307785	false	1.0
opposition	neg 1.0		off 0.3374796993154926 neg 0.33676810466320667 __DUMMY__ 0.32575219602130073	false	0.5
verkehrswidrig	neg 1.0		off 0.33941453481431644 neg 0.33496170769138783 __DUMMY__ 0.3256237574942956	false	0.5
inkorrekt	neg 1.0		off 0.34449359879902225 neg 0.32926794336820125 __DUMMY__ 0.3262384578327765	false	0.5
vermeiden	neg 1.0		off 0.34020435380398695 neg 0.3328402135172452 __DUMMY__ 0.32695543267876787	false	0.5
abweichung	neg 1.0		off 0.33991248852295647 neg 0.33318890345543095 __DUMMY__ 0.3268986080216126	false	0.5
alkoholisiert	neg 1.0		off 0.3425566071399896 neg 0.3309695888654145 __DUMMY__ 0.32647380399459597	false	0.5
scheiss	off 1.0	off 1.0	off 0.6626933033384799 neg 0.18031262530973985 __DUMMY__ 0.15699407135178028	false	1.0
herausforderung	neg 1.0		off 0.3408891169712571 neg 0.33198368957052793 __DUMMY__ 0.327127193458215	false	0.5
pervers	off 1.0		off 0.34941987575722966 neg 0.32570930788107705 __DUMMY__ 0.3248708163616933	false	1.0
wackelig	neg 1.0		off 0.3442247540882988 neg 0.3294072237768385 __DUMMY__ 0.3263680221348629	false	0.5
verwickeln	neg 1.0		off 0.3436767011280563 neg 0.3297867472041309 __DUMMY__ 0.32653655166781276	false	0.5
vorwand	neg 1.0		off 0.3420001774468775 neg 0.33171066883568456 __DUMMY__ 0.326289153717438	false	0.5
muschi	off 1.0		off 0.35453081858506535 __DUMMY__ 0.3239532766230665 neg 0.3215159047918682	false	1.0
entmutigung	neg 1.0		off 0.3394716720829049 neg 0.33420778442599525 __DUMMY__ 0.3263205434910998	false	0.5
unstetig	neg 1.0		off 0.3423980485381063 neg 0.33121993960354806 __DUMMY__ 0.32638201185834553	false	0.5
unangemessen	neg 1.0		off 0.3422371469783418 neg 0.3313249612689998 __DUMMY__ 0.3264378917526584	false	0.5
entmutigen	neg 1.0		off 0.3440256717800716 neg 0.3295188502465165 __DUMMY__ 0.3264554779734119	false	0.5
schwanz	neg 1.0		off 0.3525118815532497 neg 0.3239457997812391 __DUMMY__ 0.32354231866551114	false	0.5
verbot	neg 1.0		off 0.33959376653970935 neg 0.3340440542489004 __DUMMY__ 0.32636217921139027	false	0.5
leid	neg 1.0		off 0.3470512246310505 neg 0.327165681664885 __DUMMY__ 0.32578309370406455	false	0.5
archaisch	neg 1.0		off 0.34239598844716174 neg 0.33127552660913323 __DUMMY__ 0.32632848494370487	false	0.5
scheidung	neg 1.0		off 0.3372231667604556 neg 0.3358461958272432 __DUMMY__ 0.32693063741230116	false	0.5
abgestanden	neg 1.0		off 0.34573819271658834 neg 0.3277091091542387 __DUMMY__ 0.3265526981291729	false	0.5
einschlag	neg 1.0		off 0.3397683113870826 neg 0.33342404018864397 __DUMMY__ 0.32680764842427346	false	0.5
schmierig	off 1.0		off 0.34661491777211667 neg 0.3274685741069213 __DUMMY__ 0.325916508120962	false	1.0
unpraktisch	neg 1.0		off 0.3456405643251935 neg 0.32826735266787066 __DUMMY__ 0.3260920830069357	false	0.5
wixxer	off 1.0		off 0.35053521348080163 __DUMMY__ 0.32510852849985156 neg 0.3243562580193469	false	1.0
jammerlappen	off 1.0		off 0.34471646614933515 neg 0.32907906322918495 __DUMMY__ 0.3262044706214798	false	1.0
farce	neg 1.0		off 0.33963174694384135 neg 0.33389561506117205 __DUMMY__ 0.32647263799498655	false	0.5
zwecklos	neg 1.0		off 0.34236313030399146 neg 0.331067858965557 __DUMMY__ 0.3265690107304515	false	0.5
turbulent	neg 1.0		off 0.34183215997121463 neg 0.33226044072157135 __DUMMY__ 0.3259073993072141	false	0.5
schuld	neg 1.0		off 0.34389954880383805 neg 0.3299497811334301 __DUMMY__ 0.3261506700627319	false	0.5
risiko	neg 1.0		off 0.3378125444301532 neg 0.3346007545851123 __DUMMY__ 0.3275867009847346	false	0.5
invasion	neg 1.0		neg 0.3510064543435354 off 0.32992156282727164 __DUMMY__ 0.31907198282919297	false	1.0
finster	neg 1.0		off 0.3460283668931209 neg 0.3275985263809081 __DUMMY__ 0.3263731067259711	false	0.5
geisteskrank	off 1.0		off 0.344639798589591 neg 0.3290103132189948 __DUMMY__ 0.32634988819141425	false	1.0
ausbeute	neg 1.0		off 0.34253421570576353 neg 0.3295598012211679 __DUMMY__ 0.3279059830730687	false	0.5
zusammenbrechen	neg 1.0		off 0.34320677484309675 neg 0.3305704685947043 __DUMMY__ 0.3262227565621989	false	0.5
hinterhalt	neg 1.0		off 0.3422782395783033 neg 0.33117849029528784 __DUMMY__ 0.3265432701264088	false	0.5
kritik	neg 1.0		off 0.33991970025185336 neg 0.3336902829056274 __DUMMY__ 0.32639001684251917	false	0.5
einschrumpfen	neg 1.0		off 0.33964436589739444 neg 0.33609438944665304 __DUMMY__ 0.32426124465595246	false	0.5
riskant	neg 1.0		off 0.34239788528797716 neg 0.33108906640599717 __DUMMY__ 0.3265130483060258	false	0.5
frustrieren	neg 1.0		off 0.3428148792182395 neg 0.33060068021063754 __DUMMY__ 0.3265844405711229	false	0.5
groll	neg 1.0		off 0.3421309526784097 neg 0.3312591785782422 __DUMMY__ 0.32660986874334796	false	0.5
qualvoll	neg 1.0		off 0.3447154087817475 neg 0.32936905371550973 __DUMMY__ 0.32591553750274277	false	0.5
wackeln	neg 1.0		off 0.3441573765545816 neg 0.3292623784145829 __DUMMY__ 0.3265802450308356	false	0.5
klagen	neg 1.0		off 0.3402348863470683 neg 0.33330103149133533 __DUMMY__ 0.3264640821615964	false	0.5
trauern	neg 1.0		off 0.34263786565223403 neg 0.33092051856013566 __DUMMY__ 0.32644161578763015	false	0.5
ablehnung	neg 1.0		off 0.3394168691137214 neg 0.3340184732482203 __DUMMY__ 0.3265646576380583	false	0.5
bankrott	neg 1.0		neg 0.33940868292233134 off 0.3351312610389608 __DUMMY__ 0.3254600560387078	false	1.0
stur	neg 1.0		off 0.3435031538207959 neg 0.33034767520942643 __DUMMY__ 0.32614917096977775	false	0.5
aufruhr	neg 1.0		off 0.3382226202928535 neg 0.3346215569847179 __DUMMY__ 0.3271558227224285	false	0.5
melancholie	neg 1.0		off 0.3452671372878057 neg 0.3284210270741082 __DUMMY__ 0.32631183563808625	false	0.5
torheit	neg 1.0		off 0.34165098963763324 neg 0.331903620643294 __DUMMY__ 0.3264453897190729	false	0.5
dreckskind	off 1.0		off 0.3531405260111127 __DUMMY__ 0.32439840464416847 neg 0.322461069344719	false	1.0
umtauschen	neg 1.0		off 0.34557836641010564 neg 0.3284843658865918 __DUMMY__ 0.32593726770330245	false	0.5
zersetzen	neg 1.0		off 0.34125834609739936 neg 0.33222338207524243 __DUMMY__ 0.3265182718273581	false	0.5
frust	neg 1.0		off 0.34309008964243426 neg 0.33062644260471313 __DUMMY__ 0.32628346775285255	false	0.5
unerbittlichkeit	neg 1.0		off 0.3413093124398626 neg 0.3321483457748425 __DUMMY__ 0.3265423417852949	false	0.5
unkorrekt	neg 1.0		off 0.34496041620662016 neg 0.3291997536091648 __DUMMY__ 0.3258398301842149	false	0.5
hexe	off 1.0		off 0.3475729697899907 __DUMMY__ 0.32641872580163406 neg 0.3260083044083752	false	1.0
lasch	neg 1.0		off 0.34363564137475333 neg 0.33003123655190647 __DUMMY__ 0.32633312207334014	false	0.5
rivale	neg 1.0		off 0.33821220158292636 neg 0.33576878231560814 __DUMMY__ 0.32601901610146544	false	0.5
mutlos	off 1.0		off 0.3417617806955746 neg 0.33169774206093955 __DUMMY__ 0.3265404772434859	false	1.0
wirr	off 1.0		off 0.3468271695572578 neg 0.3279201148260743 __DUMMY__ 0.3252527156166679	false	1.0
strafbar	neg 1.0		off 0.3421024532072703 neg 0.33133572020862984 __DUMMY__ 0.32656182658409993	false	0.5
erosion	neg 1.0	neg 1.0	neg 0.65090038971399 off 0.188272203629277 __DUMMY__ 0.16082740665673292	false	1.0
eingehen	neg 1.0		off 0.3424395811948379 neg 0.3310639455179106 __DUMMY__ 0.3264964732872516	false	0.5
faul	off 1.0		off 0.34690469466132695 neg 0.3274698756550192 __DUMMY__ 0.3256254296836538	false	1.0
provisorium	neg 1.0		off 0.3412840744845674 neg 0.33179835782473704 __DUMMY__ 0.32691756769069563	false	0.5
schmerzen	neg 1.0		off 0.34545798467601624 neg 0.3288469188295572 __DUMMY__ 0.32569509649442674	false	0.5
schrumpfen	neg 1.0		off 0.3400281988139149 neg 0.3330172121792902 __DUMMY__ 0.326954589006795	false	0.5
geistlos	off 1.0		off 0.34334409934686255 neg 0.33034389149496385 __DUMMY__ 0.32631200915817354	false	1.0
frustrierend	neg 1.0		off 0.3449332840518831 neg 0.32864869462780877 __DUMMY__ 0.32641802132030806	false	0.5
fehlkauf	neg 1.0		off 0.3424561289331573 neg 0.3298712747196781 __DUMMY__ 0.3276725963471648	false	0.5
unzufrieden	neg 1.0		off 0.34235377490977564 neg 0.33104155631568005 __DUMMY__ 0.32660466877454425	false	0.5
verzweifeln	neg 1.0		off 0.3434694610142344 neg 0.33016108613321665 __DUMMY__ 0.32636945285254876	false	0.5
verzweifelt	neg 1.0		off 0.3441139157991293 neg 0.3294356098764271 __DUMMY__ 0.3264504743244437	false	0.5
misstrauensantrag	neg 1.0		off 0.33794452677699194 neg 0.33646119823383663 __DUMMY__ 0.3255942749891714	false	0.5
abfallen	neg 1.0		off 0.34565482248097673 neg 0.3284233160692183 __DUMMY__ 0.3259218614498049	false	0.5
fucker	off 1.0		__DUMMY__ 0.45117535477715565 off 0.3371050448250443 neg 0.21171960039780008	false	1.0
ungezogen	neg 1.0		off 0.3477169308961595 neg 0.32682410112642524 __DUMMY__ 0.32545896797741525	false	0.5
irrsinnig	neg 1.0		off 0.34417569576617574 neg 0.3295495600167068 __DUMMY__ 0.3262747442171175	false	0.5
hart	neg 1.0		off 0.35156674823242934 neg 0.32424641275479116 __DUMMY__ 0.3241868390127796	false	0.5
unfassbar	neg 1.0		off 0.34471111655811215 neg 0.3286968680328602 __DUMMY__ 0.3265920154090278	false	0.5
widerlich	off 1.0		off 0.3451007175372801 neg 0.32885460598036065 __DUMMY__ 0.32604467648235924	false	1.0
fatal			off 0.34398087330190946 neg 0.33475504741179424 __DUMMY__ 0.32126407928629624	false	0.0
bruch	neg 1.0		off 0.3409983501411098 neg 0.3321472667127133 __DUMMY__ 0.32685438314617704	false	0.5
aushungern	neg 1.0		off 0.3402275723154208 neg 0.3336433811164264 __DUMMY__ 0.3261290465681528	false	0.5
anspannung	neg 1.0		off 0.34204362113462333 neg 0.3311755713097679 __DUMMY__ 0.3267808075556088	false	0.5
kraftlos	neg 1.0		off 0.3432835666810273 neg 0.33020346819087915 __DUMMY__ 0.3265129651280935	false	0.5
grenzdebil	off 1.0		off 0.3456710848897939 neg 0.32841341726638384 __DUMMY__ 0.32591549784382234	false	1.0
unterwerfen	neg 1.0		off 0.3421931050997759 neg 0.3313408462700639 __DUMMY__ 0.32646604863016027	false	0.5
versenkung	neg 1.0		off 0.34230071547723245 neg 0.3310419683922641 __DUMMY__ 0.32665731613050353	false	0.5
entziehen	neg 1.0		off 0.34148695644716937 neg 0.3318281737154378 __DUMMY__ 0.32668486983739276	false	0.5
finanzkrise	neg 1.0		off 0.3368577877343809 neg 0.33639226813201106 __DUMMY__ 0.326749944133608	false	0.5
schimpfend	neg 1.0		off 0.3451371552915649 neg 0.3289783667776046 __DUMMY__ 0.3258844779308306	false	0.5
profan	neg 1.0		off 0.34446988483506114 neg 0.3291562684360389 __DUMMY__ 0.3263738467289001	false	0.5
korruption	neg 1.0		off 0.33911950920314055 neg 0.3344584283225785 __DUMMY__ 0.32642206247428085	false	0.5
schmutzig	neg 1.0		off 0.3458727510043432 neg 0.32818261268314747 __DUMMY__ 0.3259446363125093	false	0.5
abraten	neg 1.0		off 0.3449993890654119 neg 0.32871107840833524 __DUMMY__ 0.32628953252625287	false	0.5
sexy	neg 1.0		off 0.36329968080046054 neg 0.3370510112910326 __DUMMY__ 0.29964930790850686	false	0.5
fotze	off 1.0		off 0.35648464778021166 __DUMMY__ 0.3230991031989949 neg 0.32041624902079335	false	1.0
schwarz	neg 1.0		off 0.3430689036802033 neg 0.3304376720487481 __DUMMY__ 0.32649342427104866	false	0.5
verwirren	neg 1.0		off 0.34495751545538506 neg 0.32886897013084593 __DUMMY__ 0.326173514413769	false	0.5
zahnlos	off 1.0		off 0.34239952379557015 neg 0.33084609595788256 __DUMMY__ 0.3267543802465474	false	1.0
verheeren	neg 1.0		neg 0.33711210184881174 off 0.33656904505324836 __DUMMY__ 0.32631885309793984	false	1.0
rammen	neg 1.0		off 0.34598671887530164 neg 0.32796557241714036 __DUMMY__ 0.32604770870755806	false	0.5
unlauter	neg 1.0		off 0.3389864021799833 neg 0.3349149416137993 __DUMMY__ 0.32609865620621725	false	0.5
unheilvoll	neg 1.0		off 0.34439074991836677 neg 0.329749543981972 __DUMMY__ 0.3258597060996613	false	0.5
niedrig	neg 1.0		off 0.3390681049543561 neg 0.33312155709988217 __DUMMY__ 0.3278103379457619	false	0.5
weichei	off 1.0		off 0.34761078324078676 neg 0.3267273547248642 __DUMMY__ 0.3256618620343491	false	1.0
explosion	neg 1.0		neg 0.34309741732839044 off 0.333311396998437 __DUMMY__ 0.3235911856731725	false	1.0
minusmensch	off 1.0		off 0.3524204841846344 __DUMMY__ 0.3250326254667968 neg 0.32254689034856887	false	1.0
farblos	neg 1.0		off 0.34334488547062214 neg 0.3291256092679271 __DUMMY__ 0.32752950526145064	false	0.5
unwissend	neg 1.0		off 0.345053535467268 neg 0.3288154934504783 __DUMMY__ 0.3261309710822537	false	0.5
traurig	neg 1.0		off 0.346146837012088 neg 0.3278884480576017 __DUMMY__ 0.3259647149303103	false	0.5
senkung	neg 1.0		neg 0.3391790338611475 off 0.33481799000268725 __DUMMY__ 0.32600297613616536	false	1.0
ungleich	neg 1.0		off 0.3419501250666795 neg 0.3315765036462221 __DUMMY__ 0.32647337128709836	false	0.5
heikel	neg 1.0		off 0.3421721505669224 neg 0.3314481500429577 __DUMMY__ 0.32637969939011985	false	0.5
drosselung	neg 1.0		neg 0.33788728143356633 off 0.33570853432381154 __DUMMY__ 0.32640418424262224	false	1.0
falsch	neg 1.0		off 0.3449724281066399 neg 0.32886973937380515 __DUMMY__ 0.3261578325195548	false	0.5
unzufriedenheit	neg 1.0		off 0.3412853283710259 neg 0.33218134078792594 __DUMMY__ 0.32653333084104824	false	0.5
kurz	neg 1.0		off 0.34458984788223135 neg 0.32895038565015106 __DUMMY__ 0.32645976646761754	false	0.5
unsinnig	neg 1.0		off 0.34283781829183635 neg 0.3309320480583038 __DUMMY__ 0.32623013364985975	false	0.5
penner	off 1.0		off 0.3473176804672285 neg 0.3270539109704581 __DUMMY__ 0.32562840856231345	false	1.0
seicht	neg 1.0		off 0.3456738684890916 neg 0.3281055801949285 __DUMMY__ 0.3262205513159797	false	0.5
dummheit	off 1.0		off 0.3437235522841606 neg 0.3300799399174969 __DUMMY__ 0.32619650779834247	false	1.0
unerfreulich	neg 1.0		off 0.3420390581907683 neg 0.33137243096355984 __DUMMY__ 0.32658851084567203	false	0.5
pikiert	neg 1.0		off 0.3448237062773808 neg 0.32895662211907906 __DUMMY__ 0.32621967160354015	false	0.5
motherfucker	off 1.0		__DUMMY__ 0.43743522912659205 off 0.3365534351244796 neg 0.22601133574892823	false	1.0
wrack	neg 1.0		off 0.34223203971373045 neg 0.3310053603174476 __DUMMY__ 0.326762599968822	false	0.5
gangster	neg 1.0		__DUMMY__ 0.3772540920407532 off 0.35108489468016285 neg 0.27166101327908404	false	0.5
krank	neg 1.0		off 0.346518157751903 neg 0.3275722006565967 __DUMMY__ 0.3259096415915004	false	0.5
reich	neg 1.0		off 0.34215807682196253 neg 0.33116122692784156 __DUMMY__ 0.32668069625019597	false	0.5
gnadenlos	neg 1.0		off 0.3440386403498501 neg 0.32950100170927543 __DUMMY__ 0.3264603579408745	false	0.5
niedergeschlagen	neg 1.0		off 0.3432291970802029 neg 0.3302949573065946 __DUMMY__ 0.3264758456132026	false	0.5
terrorisieren	off 1.0	off 1.0	off 0.6601840345480249 neg 0.18253074368347688 __DUMMY__ 0.15728522176849816	false	1.0
sinnlosigkeit	neg 1.0		off 0.34262676405163944 neg 0.331020302579289 __DUMMY__ 0.3263529333690717	false	0.5
behindern	neg 1.0		off 0.33916088426925717 neg 0.3340905960069808 __DUMMY__ 0.32674851972376207	false	0.5
undemokratisch	neg 1.0		off 0.3411347172962781 neg 0.3330522316743055 __DUMMY__ 0.32581305102941643	false	0.5
wirtschaftskrise	neg 1.0		off 0.3376502331649097 neg 0.335361448136307 __DUMMY__ 0.3269883186987832	false	0.5
neid	neg 1.0		off 0.34483620432248646 neg 0.3285652338281842 __DUMMY__ 0.32659856184932934	false	0.5
rutschen	neg 1.0		off 0.3430975883146211 neg 0.32992114060269645 __DUMMY__ 0.32698127108268243	false	0.5
rezession	neg 1.0		neg 0.3370185921105062 off 0.3359009051390757 __DUMMY__ 0.327080502750418	false	1.0
fehlgeburt	neg 1.0		off 0.34522513454151094 neg 0.3291204796938386 __DUMMY__ 0.3256543857646505	false	0.5
charakterschwach	off 1.0		off 0.3445902398731683 neg 0.32923122724826637 __DUMMY__ 0.3261785328785654	false	1.0
isolation	neg 1.0		neg 0.3471924784415784 off 0.3315012609942025 __DUMMY__ 0.32130626056421896	false	1.0
ablenkung	neg 1.0		off 0.3441224210927035 neg 0.32960729361605806 __DUMMY__ 0.3262702852912385	false	0.5
pech	neg 1.0		off 0.345906669147315 neg 0.3277756765671312 __DUMMY__ 0.32631765428555387	false	0.5
dominieren	neg 1.0		off 0.33848432151350993 neg 0.3340355598784912 __DUMMY__ 0.3274801186079988	false	0.5
vermeidung	neg 1.0		neg 0.3393873415867361 off 0.3348715794505008 __DUMMY__ 0.3257410789627631	false	1.0
schwindlig	neg 1.0		off 0.34718614927715175 neg 0.3271032598913307 __DUMMY__ 0.3257105908315176	false	0.5
lutscher	neg 1.0		off 0.3508307753296408 __DUMMY__ 0.32491500033744464 neg 0.3242542243329147	false	0.5
pflicht	neg 1.0		off 0.34183059568624097 neg 0.331497098632617 __DUMMY__ 0.326672305681142	false	0.5
faschist	off 1.0		off 0.3433710716849615 neg 0.3305435171181652 __DUMMY__ 0.3260854111968732	false	1.0
verschleudern	neg 1.0		off 0.33947928261372845 neg 0.3338236546282486 __DUMMY__ 0.32669706275802296	false	0.5
ehebruch	neg 1.0		off 0.34248625096860896 neg 0.33100933216560613 __DUMMY__ 0.3265044168657849	false	0.5
trostlosigkeit	neg 1.0		off 0.3415806463717284 neg 0.33187316916062387 __DUMMY__ 0.3265461844676477	false	0.5
lutschen	neg 1.0		off 0.3515176326819874 neg 0.3244841795304295 __DUMMY__ 0.32399818778758327	false	0.5
spott	off 1.0		off 0.34187409602175506 neg 0.3316253698069725 __DUMMY__ 0.3265005341712723	false	1.0
undiszipliniert	neg 1.0		off 0.3461380370185596 neg 0.32803611785734704 __DUMMY__ 0.32582584512409335	false	0.5
kopfschmerz	neg 1.0		off 0.3450460897951796 neg 0.32929817660130895 __DUMMY__ 0.3256557336035115	false	0.5
unvorhergesehen	neg 1.0		off 0.3436719538885739 neg 0.3296909587797783 __DUMMY__ 0.32663708733164787	false	0.5
desinteressiert	neg 1.0		off 0.3459017522983049 neg 0.3280410494742822 __DUMMY__ 0.32605719822741286	false	0.5
armselig	off 1.0		off 0.3445942518531775 neg 0.3289723301312838 __DUMMY__ 0.32643341801553866	false	1.0
tod	neg 1.0		off 0.34166286331971163 neg 0.331669818935996 __DUMMY__ 0.3266673177442923	false	0.5
desaster	neg 1.0		off 0.3401895834644344 neg 0.3330407414630331 __DUMMY__ 0.3267696750725326	false	0.5
herzlos	neg 1.0		off 0.345895912618231 neg 0.3280300906683168 __DUMMY__ 0.3260739967134522	false	0.5
unwissenheit	neg 1.0		off 0.3419484684535537 neg 0.33186134138722323 __DUMMY__ 0.32619019015922307	false	0.5
widersinnig	neg 1.0		off 0.34076836173787195 neg 0.33295975324574484 __DUMMY__ 0.32627188501638316	false	0.5
bedenklich	neg 1.0		off 0.3421352205319773 neg 0.33146515684871536 __DUMMY__ 0.32639962261930744	false	0.5
beanstanden	neg 1.0		off 0.34135702222335096 neg 0.3319407978219406 __DUMMY__ 0.32670217995470846	false	0.5
panisch	neg 1.0		off 0.34524265759342343 neg 0.3288125408473011 __DUMMY__ 0.32594480155927547	false	0.5
abstrich	neg 1.0		off 0.3449858965506984 neg 0.3295805063383535 __DUMMY__ 0.3254335971109481	false	0.5
debil	off 1.0		off 0.3582791352758489 __DUMMY__ 0.3215701128178471 neg 0.3201507519063041	false	1.0
primitiv	neg 1.0		off 0.3449337916115072 neg 0.32859172837870043 __DUMMY__ 0.3264744800097924	false	0.5
abschaum	off 1.0		off 0.34436503918885586 neg 0.32938818787930213 __DUMMY__ 0.32624677293184196	false	1.0
tot	neg 1.0		off 0.3454251574755248 neg 0.3286706044426525 __DUMMY__ 0.3259042380818227	false	0.5
provozieren	neg 1.0		off 0.3436348363714262 neg 0.33005144091812283 __DUMMY__ 0.326313722710451	false	0.5
instabil	neg 1.0		off 0.34288456811723356 neg 0.33017371600076684 __DUMMY__ 0.3269417158819997	false	0.5
schwuchtel	off 1.0		off 0.3515401933415181 __DUMMY__ 0.32450776532260206 neg 0.3239520413358799	false	1.0
zerren	neg 1.0		off 0.3434620216173974 neg 0.3302234514488111 __DUMMY__ 0.3263145269337915	false	0.5
kinderficker	off 1.0		off 0.3449851004909098 neg 0.3292685972524162 __DUMMY__ 0.3257463022566739	false	1.0
gefahr	neg 1.0		off 0.33888543786590586 neg 0.33409874583324256 __DUMMY__ 0.32701581630085164	false	0.5
rabiat	neg 1.0		off 0.34357378968455005 neg 0.329873988429279 __DUMMY__ 0.32655222188617106	false	0.5
verlangsamung	neg 1.0		off 0.3370067476754933 neg 0.3353344764857965 __DUMMY__ 0.32765877583871017	false	0.5
anklagen	neg 1.0		off 0.3391059594605515 neg 0.33454978647702505 __DUMMY__ 0.3263442540624234	false	0.5
ausgestorben	neg 1.0		off 0.34304261885665427 neg 0.3301814609266776 __DUMMY__ 0.326775920216668	false	0.5
verminderung	neg 1.0		neg 0.3393725643303594 off 0.3345687211874655 __DUMMY__ 0.3260587144821751	false	1.0
rost	neg 1.0		off 0.3399477682535607 neg 0.33152608441676523 __DUMMY__ 0.328526147329674	false	0.5
destruktiv	neg 1.0		off 0.3425945380411005 neg 0.33108604411599113 __DUMMY__ 0.32631941784290824	false	0.5
unzumutbarkeit	neg 1.0		off 0.3389789130662332 neg 0.33436147872532407 __DUMMY__ 0.3266596082084428	false	0.5
labil	off 1.0	off 1.0	off 0.7411452804510744 neg 0.13178749567400233 __DUMMY__ 0.1270672238749233	false	1.0
ziemlich	neg 1.0		off 0.3459808136473979 neg 0.3279394842602144 __DUMMY__ 0.32607970209238774	false	0.5
lachnummer	off 1.0		off 0.34260820113827145 neg 0.3308528082741725 __DUMMY__ 0.326538990587556	false	1.0
ausgrenzung	neg 1.0		off 0.33973035773539967 neg 0.33398077864517073 __DUMMY__ 0.32628886361942955	false	0.5
verfall	neg 1.0		off 0.3401941077309169 neg 0.33313647900117976 __DUMMY__ 0.32666941326790344	false	0.5
unordnung	neg 1.0	neg 1.0	neg 0.6501373964715573 off 0.19111502084690357 __DUMMY__ 0.15874758268153905	false	1.0
fehlverhalten	neg 1.0		off 0.3412738181593899 neg 0.33224716658382036 __DUMMY__ 0.32647901525678985	false	0.5
nille	neg 1.0		off 0.3590749482861294 __DUMMY__ 0.32196094555806865 neg 0.31896410615580184	false	0.5
qual	neg 1.0		off 0.3527851918310329 neg 0.34624363152598886 __DUMMY__ 0.30097117664297834	false	0.5
riesig	neg 1.0		off 0.34941213609053423 __DUMMY__ 0.3261762673727707 neg 0.32441159653669516	false	0.5
verschwenden	neg 1.0		off 0.3427394268497156 neg 0.33087935818400044 __DUMMY__ 0.326381214966284	false	0.5
verurteilen	neg 1.0		off 0.3419150701960465 neg 0.3318092175565725 __DUMMY__ 0.326275712247381	false	0.5
klischee	neg 1.0		off 0.3444294583548267 neg 0.3291923375662985 __DUMMY__ 0.3263782040788748	false	0.5
diktatorisch	neg 1.0		off 0.341528612118573 neg 0.33258131923417583 __DUMMY__ 0.32589006864725123	false	0.5
vorhersehbar	neg 1.0		off 0.34379591463156967 neg 0.32959349810486754 __DUMMY__ 0.3266105872635628	false	0.5
stornieren	neg 1.0		off 0.3418846977008212 neg 0.33176879976916224 __DUMMY__ 0.3263465025300165	false	0.5
besteuerung	neg 1.0		neg 0.3379243384396639 off 0.3354924235453052 __DUMMY__ 0.3265832380150311	false	1.0
ungeschminkt	neg 1.0		off 0.3497107539434382 neg 0.32553261727696514 __DUMMY__ 0.3247566287795966	false	0.5
kritisch	neg 1.0		off 0.34184054461591784 neg 0.33165760601844996 __DUMMY__ 0.3265018493656321	false	0.5
schlamperei	off 1.0		off 0.3393054088375342 neg 0.3340911512804733 __DUMMY__ 0.3266034398819926	false	1.0
sucht	neg 1.0		off 0.3423646526296786 neg 0.3295546383097256 __DUMMY__ 0.3280807090605957	false	0.5
egoistisch	off 1.0		off 0.3462197416737002 neg 0.32807634609567776 __DUMMY__ 0.32570391223062195	false	1.0
ausbeuter	off 1.0		off 0.3413823088163066 neg 0.33214317419869716 __DUMMY__ 0.32647451698499635	false	1.0
arschgeburt			off 0.35261553031410925 __DUMMY__ 0.324155944639844 neg 0.3232285250460469	false	0.0
schubs	neg 1.0		off 0.34646608653652294 neg 0.32806146646805845 __DUMMY__ 0.32547244699541855	false	0.5
unsolide	neg 1.0		off 0.341245462353877 neg 0.3327596965422098 __DUMMY__ 0.3259948411039132	false	0.5
beschwerde	neg 1.0		off 0.3395260529586059 neg 0.3342096746994138 __DUMMY__ 0.32626427234198024	false	0.5
stocken	neg 1.0		off 0.3377241515017038 neg 0.3349080257025948 __DUMMY__ 0.32736782279570137	false	0.5
isolieren	neg 1.0		off 0.3385547988238694 neg 0.3346136776934972 __DUMMY__ 0.32683152348263345	false	0.5
unheilbar	neg 1.0		off 0.34338051649363954 neg 0.3302872677929397 __DUMMY__ 0.32633221571342075	false	0.5
pisser	off 1.0		off 0.35256733559613274 __DUMMY__ 0.32424783515575645 neg 0.32318482924811087	false	1.0
löschen	neg 1.0		off 0.3461208079724893 neg 0.33173460414990663 __DUMMY__ 0.32214458787760414	false	0.5
durchfallen	neg 1.0		off 0.34265016319969777 neg 0.33110831761275245 __DUMMY__ 0.32624151918754984	false	0.5
wichser	off 1.0		off 0.34763449459693746 neg 0.32673320049430316 __DUMMY__ 0.3256323049087594	false	1.0
terror	neg 1.0		neg 0.34073153883711815 off 0.33588163583082215 __DUMMY__ 0.3233868253320597	false	1.0
krass	neg 1.0		off 0.34951976657012274 neg 0.325482227198082 __DUMMY__ 0.3249980062317953	false	0.5
revolte	neg 1.0		off 0.3381925105111497 neg 0.33493815655290904 __DUMMY__ 0.3268693329359413	false	0.5
besorgt	neg 1.0		off 0.3435001827310043 neg 0.33014150351682414 __DUMMY__ 0.3263583137521714	false	0.5
nachlassen	neg 1.0		off 0.34187112002218195 neg 0.33145486844178423 __DUMMY__ 0.3266740115360339	false	0.5
alt	neg 1.0		off 0.3469129802952082 __DUMMY__ 0.32660240781874295 neg 0.32648461188604877	false	0.5
hundesohn	off 1.0		off 0.3550058063714822 __DUMMY__ 0.3233613164746719 neg 0.321632877153846	false	1.0
abschreckung	neg 1.0		off 0.3407856166374466 neg 0.33277364876366067 __DUMMY__ 0.3264407345988927	false	0.5
unqualifiziert	neg 1.0		off 0.34348285096254993 neg 0.3304823856467441 __DUMMY__ 0.326034763390706	false	0.5
abgewichst	off 1.0		off 0.35674939632015734 __DUMMY__ 0.3226472396238631 neg 0.3206033640559796	false	1.0
kapitulation	neg 1.0		off 0.33956448947723533 neg 0.3337684397781826 __DUMMY__ 0.32666707074458207	false	0.5
schwer	neg 1.0		off 0.3437334143011566 neg 0.32970626225885974 __DUMMY__ 0.32656032343998365	false	0.5
bedeutungslosigkeit	neg 1.0		off 0.3412126926476691 neg 0.3320966766491232 __DUMMY__ 0.32669063070320764	false	0.5
unscharf	neg 1.0		off 0.34747386305774336 neg 0.3271308699471811 __DUMMY__ 0.32539526699507554	false	0.5
schwinden	neg 1.0		off 0.3382423448601566 neg 0.33465517881039497 __DUMMY__ 0.3271024763294483	false	0.5
versklavung	neg 1.0		off 0.3390171501681825 neg 0.33484946874773347 __DUMMY__ 0.32613338108408396	false	0.5
schlecht	neg 1.0		off 0.3454275713798646 neg 0.3284052828505165 __DUMMY__ 0.32616714576961897	false	0.5
verhasst	neg 1.0		off 0.3430066921431479 neg 0.3305641646871395 __DUMMY__ 0.3264291431697126	false	0.5
beschweren	neg 1.0		off 0.343976809621717 neg 0.32947604808301073 __DUMMY__ 0.3265471422952723	false	0.5
scheiden	neg 1.0		off 0.34397511886612514 neg 0.3294239185331094 __DUMMY__ 0.32660096260076543	false	0.5
frustriert	neg 1.0		off 0.3433550986116305 neg 0.3302482261426222 __DUMMY__ 0.3263966752457472	false	0.5
schimmelig	neg 1.0		off 0.34959425294555113 neg 0.3252769234089817 __DUMMY__ 0.32512882364546714	false	0.5
fisch	neg 1.0		off 0.3467937424134565 __DUMMY__ 0.3267242696270923 neg 0.3264819879594511	false	0.5
schmuggel	neg 1.0		off 0.342237313816098 neg 0.33121035465162946 __DUMMY__ 0.3265523315322726	false	0.5
auffallen	neg 1.0		off 0.3439547196966975 neg 0.3296443717271959 __DUMMY__ 0.3264009085761066	false	0.5
konkurrenz	neg 1.0		off 0.34141029231328296 neg 0.33191645093307254 __DUMMY__ 0.32667325675364445	false	0.5
teufelskreis	neg 1.0		off 0.34313404500019534 neg 0.3303169747616115 __DUMMY__ 0.3265489802381932	false	0.5
aufschreien	neg 1.0		off 0.34457516440205616 neg 0.32902172765435655 __DUMMY__ 0.3264031079435873	false	0.5
missgeburt	off 1.0		off 0.3525026838086005 __DUMMY__ 0.3245486100047658 neg 0.32294870618663385	false	1.0
schuldner	neg 1.0		off 0.3385047044635544 neg 0.3347763508616245 __DUMMY__ 0.32671894467482104	false	0.5
befallen	neg 1.0		off 0.34111658474225226 neg 0.33297980295690405 __DUMMY__ 0.3259036123008437	false	0.5
arbeitslos	neg 1.0		off 0.34258451243664495 neg 0.33093320427311534 __DUMMY__ 0.3264822832902398	false	0.5
miesepetrig	off 1.0		off 0.345552121083886 neg 0.32843506835142944 __DUMMY__ 0.32601281056468473	false	1.0
alarmieren	neg 1.0		off 0.3373530916102792 neg 0.3357306414980117 __DUMMY__ 0.326916266891709	false	0.5
ungeduscht	off 1.0		off 0.3482039361787574 neg 0.3267274415755545 __DUMMY__ 0.32506862224568805	false	1.0
knappheit	neg 1.0		off 0.3385034475250273 neg 0.33454752230553925 __DUMMY__ 0.3269490301694335	false	0.5
schlange	neg 1.0		off 0.3444020776494248 neg 0.32906321145445794 __DUMMY__ 0.32653471089611713	false	0.5
harsch	neg 1.0		off 0.33909808890063303 neg 0.33457534028246666 __DUMMY__ 0.32632657081690025	false	0.5
lang	neg 1.0	neg 1.0	neg 0.6069635719797506 off 0.21634111608806447 __DUMMY__ 0.1766953119321849	false	1.0
ziellos	neg 1.0		off 0.3430753505827089 neg 0.3303119921243174 __DUMMY__ 0.3266126572929737	false	0.5
selbstverliebt	neg 1.0		off 0.3486235005849791 neg 0.32592569258824544 __DUMMY__ 0.3254508068267754	false	0.5
beseitigen	neg 1.0		off 0.3387610493448258 neg 0.33418429448283316 __DUMMY__ 0.3270546561723411	false	0.5
dumm	off 1.0		off 0.34705378202254655 neg 0.32721597679634745 __DUMMY__ 0.325730241181106	false	1.0
arbeitsloser	neg 1.0		off 0.3423015328613951 neg 0.33113121528466777 __DUMMY__ 0.3265672518539371	false	0.5
blitzen	neg 1.0		off 0.34359950403053907 neg 0.328909729288948 __DUMMY__ 0.3274907666805129	false	0.5
hilflos	neg 1.0		off 0.3434829633074543 neg 0.33035298873549257 __DUMMY__ 0.3261640479570532	false	0.5
eklig	off 1.0		off 0.34881292531654 neg 0.3259893797258386 __DUMMY__ 0.3251976949576214	false	1.0
hungersnot	neg 1.0		off 0.33920689278574306 neg 0.3337808662434895 __DUMMY__ 0.3270122409707674	false	0.5
ungesetzlich	neg 1.0		off 0.3407411329862496 neg 0.3330246922705707 __DUMMY__ 0.3262341747431798	false	0.5
verschwendung	neg 1.0		off 0.34229281181716664 neg 0.33127320611696864 __DUMMY__ 0.32643398206586466	false	0.5
schmerzvoll	neg 1.0		off 0.3446098870854117 neg 0.3291808071748802 __DUMMY__ 0.3262093057397082	false	0.5
vorzeitig	neg 1.0		off 0.33733298360608 neg 0.3358402286396639 __DUMMY__ 0.32682678775425605	false	0.5
unvollkommenheit	neg 1.0		off 0.34304480233300955 neg 0.33054411576653087 __DUMMY__ 0.32641108190045953	false	0.5
intervenieren	neg 1.0		off 0.3408454358749047 neg 0.33282820350179826 __DUMMY__ 0.32632636062329695	false	0.5
banause	off 1.0		off 0.34751811413999634 neg 0.3270002162449117 __DUMMY__ 0.32548166961509206	false	1.0
rebell	neg 1.0		off 0.3526134456854827 neg 0.3241470240193035 __DUMMY__ 0.3232395302952137	false	0.5
unlogisch	neg 1.0		off 0.34584224505853195 neg 0.3282856387468963 __DUMMY__ 0.3258721161945718	false	0.5
abschaffung	neg 1.0		off 0.3379344488420061 neg 0.3358856060830047 __DUMMY__ 0.3261799450749892	false	0.5
leiden	neg 1.0		off 0.34406810355355694 neg 0.32937756799930945 __DUMMY__ 0.3265543284471336	false	0.5
sturz	neg 1.0		off 0.3388445376713406 neg 0.33416021919732264 __DUMMY__ 0.32699524313133677	false	0.5
verkleinerung	neg 1.0		off 0.3369074275928432 neg 0.3364867531861667 __DUMMY__ 0.3266058192209902	false	0.5
schmarotzer	off 1.0		off 0.34276915885224624 neg 0.3309563340905207 __DUMMY__ 0.3262745070572329	false	1.0
bestrafung	neg 1.0		off 0.3441866488402006 neg 0.32947720657354096 __DUMMY__ 0.3263361445862585	false	0.5
achtlos	neg 1.0		off 0.3434591309836053 neg 0.33031714707122783 __DUMMY__ 0.3262237219451669	false	0.5
ungeheuer	neg 1.0		off 0.345156752023895 neg 0.3281984169363847 __DUMMY__ 0.3266448310397204	false	0.5
unaufrichtig	neg 1.0		off 0.3439169910837981 neg 0.33046102467462485 __DUMMY__ 0.3256219842415771	false	0.5
groggy	neg 1.0		off 0.3492083875602935 __DUMMY__ 0.3257106730072964 neg 0.32508093943241007	false	0.5
verletzlich	neg 1.0		off 0.34573496416517296 neg 0.32822632406480945 __DUMMY__ 0.3260387117700176	false	0.5
ablehnen	neg 1.0		off 0.34178188426238004 neg 0.3319542467360312 __DUMMY__ 0.3262638690015888	false	0.5
kollaps	neg 1.0		off 0.3369727434795052 neg 0.33622680774952807 __DUMMY__ 0.32680044877096676	false	0.5
beschnitten	neg 1.0		off 0.3440152951151803 neg 0.32964649655948836 __DUMMY__ 0.32633820832533134	false	0.5
defekt	neg 1.0		off 0.3380578836030382 neg 0.3356106965218291 __DUMMY__ 0.3263314198751326	false	0.5
dreckskerl	off 1.0		off 0.3459563791468538 neg 0.32834081393758613 __DUMMY__ 0.3257028069155601	false	1.0
deine	neg 1.0		off 0.34736761301308927 neg 0.32707684494251493 __DUMMY__ 0.32555554204439585	false	0.5
aufgeben	neg 1.0		off 0.3441425145329548 neg 0.32911422856597067 __DUMMY__ 0.3267432569010744	false	0.5
durcheinander	neg 1.0		off 0.344817667504989 neg 0.3287748255846415 __DUMMY__ 0.3264075069103694	false	0.5
unterbrechen	neg 1.0		off 0.34297997431853766 neg 0.33048444377395403 __DUMMY__ 0.3265355819075082	false	0.5
vergammeln	neg 1.0		off 0.3445243460095599 neg 0.32908430471108835 __DUMMY__ 0.3263913492793517	false	0.5
grotesk	neg 1.0		off 0.34259356008367314 neg 0.33081125340888423 __DUMMY__ 0.3265951865074425	false	0.5
elendig	neg 1.0		off 0.34468678355836396 neg 0.32921063598419675 __DUMMY__ 0.32610258045743934	false	0.5
naiv	off 1.0		off 0.34421610896612337 neg 0.32924113616509765 __DUMMY__ 0.32654275486877904	false	1.0
uneinigkeit	neg 1.0		off 0.338383540044219 neg 0.33501640469317717 __DUMMY__ 0.32660005526260383	false	0.5
fragil	neg 1.0		neg 0.34257627890446674 off 0.3364477615282514 __DUMMY__ 0.3209759595672819	false	1.0
provisorisch	neg 1.0		off 0.3425614117342502 neg 0.3304777830815349 __DUMMY__ 0.3269608051842148	false	0.5
landei	off 1.0		off 0.34742545513504414 neg 0.3264922533751022 __DUMMY__ 0.3260822914898537	false	1.0
bedauerlich	neg 1.0		off 0.3422848291696645 neg 0.3312275990470534 __DUMMY__ 0.3264875717832822	false	0.5
krieg	neg 1.0		off 0.34328907884608206 neg 0.33033662398118585 __DUMMY__ 0.32637429717273203	false	0.5
traurigkeit	neg 1.0		off 0.3438977660917297 neg 0.3296691879017379 __DUMMY__ 0.3264330460065324	false	0.5
monotonie	neg 1.0		off 0.3426651141556401 neg 0.3306303743866902 __DUMMY__ 0.3267045114576696	false	0.5
unliebsam	neg 1.0		off 0.3431902194274716 neg 0.33038449038894757 __DUMMY__ 0.32642529018358096	false	0.5
drift	neg 1.0		neg 0.3736232458814683 off 0.34030830684831426 __DUMMY__ 0.28606844727021746	false	1.0
chaos	neg 1.0		off 0.34032867451271376 neg 0.3331710381356525 __DUMMY__ 0.32650028735163383	false	0.5
blutig	neg 1.0		off 0.3445670827660657 neg 0.3289637045754671 __DUMMY__ 0.3264692126584672	false	0.5
machtlos	neg 1.0		off 0.3420186288137857 neg 0.33156090353222695 __DUMMY__ 0.32642046765398725	false	0.5
