unsolidarisch	neg 1.0		off 0.47434605935717833 neg 0.4601115790597011 __DUMMY__ 0.0655423615831206	false	0.5
nachteilig	neg 1.0		off 0.4735613126461654 neg 0.46075826425127325 __DUMMY__ 0.06568042310256138	false	0.5
skeptisch	neg 1.0		off 0.4744308892157868 neg 0.4598794092732743 __DUMMY__ 0.06568970151093884	false	0.5
schrecklich	neg 1.0		off 0.47912765333575086 neg 0.45535348741631343 __DUMMY__ 0.06551885924793573	false	0.5
schlapp	neg 1.0		off 0.4793968647833915 neg 0.4550577213051229 __DUMMY__ 0.06554541391148563	false	0.5
abfall	neg 1.0		off 0.47372275575399264 neg 0.4605221189884859 __DUMMY__ 0.06575512525752156	false	0.5
widerspenstig	neg 1.0		off 0.4766512244646587 neg 0.45776525445153116 __DUMMY__ 0.06558352108381023	false	0.5
abrupt	neg 1.0		off 0.47545987945400403 neg 0.4587948379549235 __DUMMY__ 0.0657452825910725	false	0.5
unwirksam	neg 1.0		off 0.4686325497240202 neg 0.46569536822261787 __DUMMY__ 0.06567208205336189	false	0.5
angreifen	neg 1.0		off 0.474410956071618 neg 0.4599207144783291 __DUMMY__ 0.06566832945005298	false	0.5
inkonsistent	neg 1.0		off 0.47660627152699614 neg 0.4576962476613695 __DUMMY__ 0.06569748081163441	false	0.5
abrutschen	neg 1.0		off 0.47442044109500653 neg 0.45990179926018343 __DUMMY__ 0.06567775964481007	false	0.5
unsicher	neg 1.0		off 0.47650636438637667 neg 0.45784461872124155 __DUMMY__ 0.06564901689238195	false	0.5
bauernkind	off 1.0		off 0.48304599355096706 neg 0.45163363453882843 __DUMMY__ 0.06532037191020439	false	1.0
angreifer	neg 1.0		off 0.47151026178425454 neg 0.4628643608227797 __DUMMY__ 0.06562537739296576	false	0.5
trennen	neg 1.0		off 0.4756122976037547 neg 0.4586129004657619 __DUMMY__ 0.0657748019304834	false	0.5
schmutz	neg 1.0		off 0.47187562187390186 neg 0.46240905836370744 __DUMMY__ 0.0657153197623905	false	0.5
inkonsistenz	neg 1.0		off 0.4771933071253831 neg 0.45721197113773204 __DUMMY__ 0.06559472173688481	false	0.5
erschreckend	neg 1.0		off 0.47522401070639014 neg 0.4591174085816825 __DUMMY__ 0.06565858071192739	false	0.5
ertrinken	neg 1.0		off 0.4756183709761723 neg 0.4588024571179653 __DUMMY__ 0.06557917190586245	false	0.5
pickelface	off 1.0		off 0.48736464404463986 neg 0.44753688997912666 __DUMMY__ 0.06509846597623353	false	1.0
lauch	neg 1.0		off 0.48453929760787184 neg 0.450209054748095 __DUMMY__ 0.06525164764403325	false	0.5
steuerhinterziehung	neg 1.0		off 0.47125899926005826 neg 0.463128047457875 __DUMMY__ 0.06561295328206661	false	0.5
unwichtig	neg 1.0		off 0.4773106563257179 neg 0.45707771069354647 __DUMMY__ 0.06561163298073569	false	0.5
schock	neg 1.0		off 0.47664227491568684 neg 0.45764518435905815 __DUMMY__ 0.06571254072525515	false	0.5
vergelten	neg 1.0		off 0.4735378884625722 neg 0.4610281357351582 __DUMMY__ 0.06543397580226952	false	0.5
beule	neg 1.0		off 0.4800937240539716 neg 0.4544088108504704 __DUMMY__ 0.06549746509555802	false	0.5
verdorbenheit	neg 1.0		off 0.47487546350563486 neg 0.4591365847974839 __DUMMY__ 0.06598795169688136	false	0.5
trauma			off 0.4926706080170041 neg 0.44862817482020884 __DUMMY__ 0.058701217162787096	false	0.0
sinnlos	neg 1.0		off 0.47721327706370587 neg 0.45718545526351756 __DUMMY__ 0.0656012676727766	false	0.5
fettsack	off 1.0		off 0.4827460955245532 neg 0.4518464112985107 __DUMMY__ 0.06540749317693616	false	1.0
feige	off 1.0		off 0.4772756991887474 neg 0.4570852027423169 __DUMMY__ 0.06563909806893575	false	1.0
abdanken	neg 1.0		off 0.4745567230575742 neg 0.4598411941530652 __DUMMY__ 0.06560208278936082	false	0.5
wichtigtuer	off 1.0	off 1.0	off 0.7251148829532901 neg 0.2437845847859472 __DUMMY__ 0.03110053226076279	false	1.0
misslingen	neg 1.0		off 0.4765007333460528 neg 0.45794060885073967 __DUMMY__ 0.06555865780320749	false	0.5
untreu	off 1.0		off 0.4773798989624122 neg 0.4569940640278038 __DUMMY__ 0.06562603700978407	false	1.0
missmutig	neg 1.0		off 0.4766545937345876 neg 0.4576797020051658 __DUMMY__ 0.06566570426024668	false	0.5
hurenbock	off 1.0		off 0.48260072073996996 neg 0.45217752353618756 __DUMMY__ 0.06522175572384235	false	1.0
betrunken	neg 1.0		off 0.47918385189529183 neg 0.4553155507306462 __DUMMY__ 0.06550059737406203	false	0.5
korrupt	off 1.0		off 0.4743199081910137 neg 0.4600923664901679 __DUMMY__ 0.06558772531881836	false	1.0
unmut	neg 1.0		off 0.47305030948319304 neg 0.4612580619552928 __DUMMY__ 0.06569162856151416	false	0.5
hackfresse	off 1.0		off 0.48001382540303555 neg 0.45453164977186455 __DUMMY__ 0.06545452482509988	false	1.0
aufblasen	neg 1.0		off 0.4772511725662585 neg 0.45713850602386524 __DUMMY__ 0.06561032140987623	false	0.5
gewaltsam	neg 1.0		off 0.47225781815847756 neg 0.46208815154894245 __DUMMY__ 0.06565403029257993	false	0.5
unbeliebtheit	neg 1.0		off 0.4713316353992701 neg 0.46300203756154923 __DUMMY__ 0.06566632703918067	false	0.5
sturheit	neg 1.0		off 0.4744539056215517 neg 0.45990356275054584 __DUMMY__ 0.06564253162790258	false	0.5
kuh	neg 1.0		off 0.48337390567012406 neg 0.451271634404876 __DUMMY__ 0.06535445992499994	false	0.5
erschrecken	neg 1.0		off 0.47774498864171056 neg 0.45667080194988763 __DUMMY__ 0.06558420940840183	false	0.5
opfer	neg 1.0		off 0.4749897853532217 neg 0.4593353209845035 __DUMMY__ 0.06567489366227477	false	0.5
stinktier	neg 1.0		off 0.4830106066174916 neg 0.4516477110179187 __DUMMY__ 0.06534168236458969	false	0.5
sinken	neg 1.0		off 0.4714718890125935 neg 0.46267632332457 __DUMMY__ 0.06585178766283638	false	0.5
tucke	off 1.0		off 0.4819693426880564 neg 0.4527525124932751 __DUMMY__ 0.06527814481866838	false	1.0
abstieg	neg 1.0		off 0.4729349732714386 neg 0.46133379658367746 __DUMMY__ 0.06573123014488412	false	0.5
missverstehen	neg 1.0		off 0.4765949226877633 neg 0.45776168865274786 __DUMMY__ 0.06564338865948881	false	0.5
ergebnislos	neg 1.0		off 0.4709665584730027 neg 0.46328071172481833 __DUMMY__ 0.06575272980217896	false	0.5
manipulieren	neg 1.0		off 0.47456786859971894 neg 0.4598467702412022 __DUMMY__ 0.06558536115907876	false	0.5
verschleppen	neg 1.0		off 0.47147427724566754 neg 0.46284376486133605 __DUMMY__ 0.0656819578929963	false	0.5
unbewiesen	neg 1.0		off 0.47299238345154415 neg 0.46133751719180444 __DUMMY__ 0.06567009935665155	false	0.5
weib	off 1.0		off 0.4819582132627475 neg 0.452680346169116 __DUMMY__ 0.06536144056813634	false	1.0
opposition	neg 1.0		off 0.46944053881630887 neg 0.46506599362823725 __DUMMY__ 0.06549346755545399	false	0.5
verkehrswidrig	neg 1.0		off 0.4714524317788207 neg 0.4630986250848275 __DUMMY__ 0.06544894313635176	false	0.5
inkorrekt	neg 1.0		off 0.47708608379183337 neg 0.4573090871381633 __DUMMY__ 0.06560482907000333	false	0.5
vermeiden	neg 1.0		off 0.4728810536849904 neg 0.46136787660211576 __DUMMY__ 0.06575106971289385	false	0.5
abweichung	neg 1.0		off 0.47254241082575466 neg 0.4617189217910906 __DUMMY__ 0.06573866738315483	false	0.5
alkoholisiert	neg 1.0		off 0.47518044049198727 neg 0.45917615335537615 __DUMMY__ 0.06564340615263667	false	0.5
scheiss	off 1.0	off 1.0	off 0.7267673495829545 neg 0.24211774814156145 __DUMMY__ 0.031114902275484038	false	1.0
herausforderung	neg 1.0		off 0.473665070145863 neg 0.4605516413495613 __DUMMY__ 0.0657832885045757	false	0.5
pervers	off 1.0		off 0.4817310348988569 neg 0.45293985649506446 __DUMMY__ 0.06532910860607875	false	1.0
wackelig	neg 1.0		off 0.4768733503937503 neg 0.4574965871601955 __DUMMY__ 0.06563006244605424	false	0.5
verwickeln	neg 1.0		off 0.47635966347717656 neg 0.4579709312519823 __DUMMY__ 0.06566940527084102	false	0.5
vorwand	neg 1.0		off 0.4744765422308222 neg 0.4599073448860813 __DUMMY__ 0.06561611288309649	false	0.5
muschi	off 1.0		off 0.48680594652774006 neg 0.4481013754345942 __DUMMY__ 0.06509267803766576	false	1.0
entmutigung	neg 1.0		off 0.47181041992163236 neg 0.46257424769170724 __DUMMY__ 0.0656153323866605	false	0.5
unstetig	neg 1.0		off 0.47496996584581863 neg 0.459402161927565 __DUMMY__ 0.06562787222661645	false	0.5
unangemessen	neg 1.0		off 0.4747873608076412 neg 0.45956500843112186 __DUMMY__ 0.0656476307612369	false	0.5
entmutigen	neg 1.0		off 0.47669173976633616 neg 0.4576592177324896 __DUMMY__ 0.06564904250117422	false	0.5
schwanz	neg 1.0		off 0.4845110654812258 neg 0.4504711552145752 __DUMMY__ 0.06501777930419911	false	0.5
verbot	neg 1.0		off 0.4719443098980956 neg 0.4624312038233145 __DUMMY__ 0.06562448627859	false	0.5
leid	neg 1.0		off 0.47960977738855526 neg 0.45487912515717105 __DUMMY__ 0.0655110974542737	false	0.5
archaisch	neg 1.0		off 0.474921984180324 neg 0.4594486006319256 __DUMMY__ 0.06562941518775028	false	0.5
scheidung	neg 1.0		off 0.4697600731416292 neg 0.4645079271798532 __DUMMY__ 0.0657319996785176	false	0.5
abgestanden	neg 1.0		off 0.4785880730078963 neg 0.4557471844051106 __DUMMY__ 0.06566474258699298	false	0.5
einschlag	neg 1.0		off 0.4723223122410345 neg 0.4619841634969053 __DUMMY__ 0.06569352426206035	false	0.5
schmierig	off 1.0		off 0.4792110158071258 neg 0.45525081782487503 __DUMMY__ 0.06553816636799918	false	1.0
unpraktisch	neg 1.0		off 0.47826049325296055 neg 0.4561661195281482 __DUMMY__ 0.06557338721889136	false	0.5
wixxer	off 1.0		off 0.4830041794629518 neg 0.4516148534849469 __DUMMY__ 0.06538096705210136	false	1.0
jammerlappen	off 1.0		off 0.47732153259945365 neg 0.4570707952947861 __DUMMY__ 0.06560767210576021	false	1.0
farce	neg 1.0		off 0.4720338200175241 neg 0.46231654029945435 __DUMMY__ 0.06564963968302145	false	0.5
zwecklos	neg 1.0		off 0.474986114223052 neg 0.4593391605606694 __DUMMY__ 0.0656747252162785	false	0.5
turbulent	neg 1.0		off 0.4741748035481168 neg 0.4602935914493948 __DUMMY__ 0.06553160500248853	false	0.5
schuld	neg 1.0		off 0.47642450759650307 neg 0.4579853809373852 __DUMMY__ 0.0655901114661117	false	0.5
risiko	neg 1.0		off 0.4706255483132135 neg 0.4634992955637892 __DUMMY__ 0.06587515612299726	false	0.5
invasion	neg 1.0		neg 0.47714103648304096 off 0.4585541443714219 __DUMMY__ 0.06430481914553726	false	1.0
finster	neg 1.0		off 0.4787892470494583 neg 0.45556736717195917 __DUMMY__ 0.06564338577858243	false	0.5
geisteskrank	off 1.0		off 0.4772870479541513 neg 0.45707477820609266 __DUMMY__ 0.0656381738397561	false	1.0
ausbeute	neg 1.0		off 0.47578540384723483 neg 0.45827422866093 __DUMMY__ 0.06594036749183509	false	0.5
zusammenbrechen	neg 1.0		off 0.4757344875336032 neg 0.45866144051903657 __DUMMY__ 0.06560407194736044	false	0.5
hinterhalt	neg 1.0		off 0.47484992147161126 neg 0.4594915262300225 __DUMMY__ 0.06565855229836635	false	0.5
kritik	neg 1.0		off 0.47229840202436074 neg 0.4620702799599285 __DUMMY__ 0.06563131801571065	false	0.5
einschrumpfen	neg 1.0		off 0.47133026923916665 neg 0.4635575254326221 __DUMMY__ 0.06511220532821135	false	0.5
riskant	neg 1.0		off 0.4749897997685342 neg 0.4593474858864863 __DUMMY__ 0.0656627143449794	false	0.5
frustrieren	neg 1.0		off 0.4754651716032271 neg 0.4588566146647606 __DUMMY__ 0.06567821373201232	false	0.5
groll	neg 1.0		off 0.474762054294732 neg 0.4595564384610264 __DUMMY__ 0.06568150724424161	false	0.5
qualvoll	neg 1.0		off 0.47720694361270755 neg 0.45725528131809506 __DUMMY__ 0.06553777506919753	false	0.5
wackeln	neg 1.0		off 0.47690571347004446 neg 0.4574193730755299 __DUMMY__ 0.0656749134544256	false	0.5
klagen	neg 1.0		off 0.4726667801767954 neg 0.46168642484321326 __DUMMY__ 0.06564679497999118	false	0.5
trauern	neg 1.0		off 0.47520763942392347 neg 0.4591489407101832 __DUMMY__ 0.06564341986589341	false	0.5
ablehnung	neg 1.0		off 0.47185155452556604 neg 0.46248148280305645 __DUMMY__ 0.06566696267137756	false	0.5
bankrott	neg 1.0		neg 0.46777187501713496 off 0.4668453363776886 __DUMMY__ 0.06538278860517646	false	1.0
stur	neg 1.0		off 0.47601520512470863 neg 0.45839357954072363 __DUMMY__ 0.06559121533456765	false	0.5
aufruhr	neg 1.0		off 0.47084422826074696 neg 0.463369680374486 __DUMMY__ 0.06578609136476701	false	0.5
melancholie	neg 1.0		off 0.47795774330453866 neg 0.4564237695504726 __DUMMY__ 0.06561848714498861	false	0.5
torheit	neg 1.0		off 0.47418121570027755 neg 0.46017421298372 __DUMMY__ 0.0656445713160024	false	0.5
dreckskind	off 1.0		off 0.4854300844333162 neg 0.44933496170322174 __DUMMY__ 0.065234953863462	false	1.0
umtauschen	neg 1.0		off 0.47814575202244175 neg 0.4563149478612387 __DUMMY__ 0.06553930011631952	false	0.5
zersetzen	neg 1.0		off 0.47379889774268746 neg 0.4605373075301262 __DUMMY__ 0.06566379472718628	false	0.5
frust	neg 1.0		off 0.47563559168445535 neg 0.45874714797178356 __DUMMY__ 0.06561726034376116	false	0.5
unerbittlichkeit	neg 1.0		off 0.4738573002683248 neg 0.46047599307184356 __DUMMY__ 0.06566670665983165	false	0.5
unkorrekt	neg 1.0		off 0.47740718927430587 neg 0.4570729509308548 __DUMMY__ 0.06551985979483936	false	0.5
hexe	off 1.0		off 0.4804477298621114 neg 0.4538983203924361 __DUMMY__ 0.06565394974545259	false	1.0
lasch	neg 1.0		off 0.4762262819731478 neg 0.4581353926368422 __DUMMY__ 0.06563832539000997	false	0.5
rivale	neg 1.0		off 0.4703711562117108 neg 0.4641049751204937 __DUMMY__ 0.0655238686677956	false	0.5
mutlos	off 1.0		off 0.47432127402901925 neg 0.46001234385828665 __DUMMY__ 0.0656663821126942	false	1.0
wirr	off 1.0		off 0.4791535465095716 neg 0.4554453728315569 __DUMMY__ 0.0654010806588715	false	1.0
strafbar	neg 1.0		off 0.47468850310617133 neg 0.45963995132993724 __DUMMY__ 0.06567154556389136	false	0.5
erosion	neg 1.0	neg 1.0	neg 0.7144021640588538 off 0.25347805081620856 __DUMMY__ 0.03211978512493771	false	1.0
eingehen	neg 1.0		off 0.4750360172785053 neg 0.4593048921779499 __DUMMY__ 0.0656590905435447	false	0.5
faul	off 1.0		off 0.4794000501428087 neg 0.4551211973761898 __DUMMY__ 0.06547875248100171	false	1.0
provisorium	neg 1.0		off 0.47400626088377606 neg 0.46025026554994847 __DUMMY__ 0.06574347356627537	false	0.5
schmerzen	neg 1.0		off 0.47791153094659833 neg 0.4565976202222118 __DUMMY__ 0.06549084883118986	false	0.5
schrumpfen	neg 1.0		off 0.4726832745333669 neg 0.4615664921481806 __DUMMY__ 0.06575023331845258	false	0.5
geistlos	off 1.0		off 0.475890137449258 neg 0.45849110703663803 __DUMMY__ 0.06561875551410391	false	1.0
frustrierend	neg 1.0		off 0.47763726024620123 neg 0.4567174410353615 __DUMMY__ 0.06564529871843727	false	0.5
fehlkauf	neg 1.0		off 0.4756513407047495 neg 0.4585499332648081 __DUMMY__ 0.0657987260304425	false	0.5
unzufrieden	neg 1.0		off 0.47499193933889855 neg 0.45932612317084603 __DUMMY__ 0.06568193749025543	false	0.5
verzweifeln	neg 1.0		off 0.4760735076174874 neg 0.4582916164265678 __DUMMY__ 0.06563487595594474	false	0.5
verzweifelt	neg 1.0		off 0.4767875971419931 neg 0.4575613911603347 __DUMMY__ 0.06565101169767237	false	0.5
misstrauensantrag	neg 1.0		off 0.4698601223392261 neg 0.4646921508442787 __DUMMY__ 0.06544772681649529	false	0.5
abfallen	neg 1.0		off 0.4782075312100351 neg 0.4562545512702539 __DUMMY__ 0.06553791751971103	false	0.5
fucker	off 1.0		off 0.44672861095694427 neg 0.2861329664023224 __DUMMY__ 0.26713842264073334	false	1.0
ungezogen	neg 1.0		off 0.4801938676287292 neg 0.4543556580391415 __DUMMY__ 0.06545047433212943	false	0.5
irrsinnig	neg 1.0		off 0.4767753069036276 neg 0.4576090250144218 __DUMMY__ 0.06561566808195057	false	0.5
hart	neg 1.0		off 0.4837013970544289 neg 0.45110812227732716 __DUMMY__ 0.065190480668244	false	0.5
unfassbar	neg 1.0		off 0.4774870753882037 neg 0.4568338083567768 __DUMMY__ 0.06567911625501949	false	0.5
widerlich	off 1.0		off 0.47765078451128956 neg 0.4567815341346843 __DUMMY__ 0.06556768135402624	false	1.0
fatal			off 0.46183253652971495 neg 0.4451985282090416 __DUMMY__ 0.09296893526124339	false	0.0
bruch	neg 1.0		off 0.47365586608400034 neg 0.4606140700493038 __DUMMY__ 0.06573006386669593	false	0.5
aushungern	neg 1.0		off 0.47252312176408345 neg 0.46189904212165744 __DUMMY__ 0.06557783611425905	false	0.5
anspannung	neg 1.0		off 0.4747325082648382 neg 0.4595525073465612 __DUMMY__ 0.06571498438860054	false	0.5
kraftlos	neg 1.0		off 0.47594193697200965 neg 0.45839417089444806 __DUMMY__ 0.06566389213354223	false	0.5
grenzdebil	off 1.0		off 0.4782125038326829 neg 0.45623890552046925 __DUMMY__ 0.06554859064684784	false	1.0
unterwerfen	neg 1.0		off 0.47475409958243797 neg 0.4595940587298578 __DUMMY__ 0.06565184168770437	false	0.5
versenkung	neg 1.0		off 0.47495072686086354 neg 0.4593590713622832 __DUMMY__ 0.06569020177685334	false	0.5
entziehen	neg 1.0		off 0.4740976012963099 neg 0.46020503607607716 __DUMMY__ 0.06569736262761285	false	0.5
finanzkrise	neg 1.0		off 0.4692378746019873 neg 0.4650600860994198 __DUMMY__ 0.06570203929859297	false	0.5
schimpfend	neg 1.0		off 0.47765576991750314 neg 0.456817714107485 __DUMMY__ 0.06552651597501186	false	0.5
profan	neg 1.0		off 0.4771391554337882 neg 0.4572264582940787 __DUMMY__ 0.06563438627213304	false	0.5
korruption	neg 1.0		off 0.47146705235117053 neg 0.4628957637306181 __DUMMY__ 0.06563718391821137	false	0.5
schmutzig	neg 1.0		off 0.47844428139732603 neg 0.456010212795882 __DUMMY__ 0.0655455058067919	false	0.5
abraten	neg 1.0		off 0.47765256510205467 neg 0.45673158706712574 __DUMMY__ 0.06561584783081964	false	0.5
sexy	neg 1.0		off 0.485974720913092 neg 0.4546784599922242 __DUMMY__ 0.05934681909468381	false	0.5
fotze	off 1.0		off 0.48846403970895425 neg 0.4466137093329341 __DUMMY__ 0.06492225095811163	false	1.0
schwarz	neg 1.0		off 0.475827911062729 neg 0.45867239159158 __DUMMY__ 0.06549969734569087	false	0.5
verwirren	neg 1.0		off 0.47755827659266503 neg 0.4568474784692324 __DUMMY__ 0.06559424493810263	false	0.5
zahnlos	off 1.0		off 0.4751005899218734 neg 0.4591865094784236 __DUMMY__ 0.06571290059970313	false	1.0
verheeren	neg 1.0		off 0.46876859443096097 neg 0.46562921596412427 __DUMMY__ 0.06560218960491485	false	0.5
rammen	neg 1.0		off 0.47863791353722235 neg 0.45580414443803424 __DUMMY__ 0.06555794202474344	false	0.5
unlauter	neg 1.0		off 0.47121193735377787 neg 0.4632231594894544 __DUMMY__ 0.06556490315676779	false	0.5
unheilvoll	neg 1.0		off 0.47685575267249813 neg 0.45762150487617353 __DUMMY__ 0.06552274245132823	false	0.5
niedrig	neg 1.0		off 0.4720565285385994 neg 0.462020742199744 __DUMMY__ 0.06592272926165656	false	0.5
weichei	off 1.0		off 0.4801563515701269 neg 0.4543499785174229 __DUMMY__ 0.06549366991245019	false	1.0
explosion	neg 1.0		neg 0.470789058121568 off 0.4640330125529476 __DUMMY__ 0.06517792932548441	false	1.0
minusmensch	off 1.0		off 0.48494469549593044 neg 0.44969047097411263 __DUMMY__ 0.06536483352995685	false	1.0
farblos	neg 1.0		off 0.476504220175596 neg 0.457639749239092 __DUMMY__ 0.06585603058531209	false	0.5
unwissend	neg 1.0		off 0.4776434680619502 neg 0.4567642537322627 __DUMMY__ 0.06559227820578703	false	0.5
traurig	neg 1.0		off 0.47873250547639523 neg 0.4557086097317402 __DUMMY__ 0.06555888479186466	false	0.5
senkung	neg 1.0		neg 0.4676759101827409 off 0.46678743226086694 __DUMMY__ 0.06553665755639218	false	1.0
ungleich	neg 1.0		off 0.47449753629512675 neg 0.4598502406109836 __DUMMY__ 0.06565222309388949	false	0.5
heikel	neg 1.0		off 0.47469449449992357 neg 0.45966934515474617 __DUMMY__ 0.06563616034533022	false	0.5
drosselung	neg 1.0		off 0.4679020258527046 neg 0.466482403100383 __DUMMY__ 0.06561557104691251	false	0.5
falsch	neg 1.0		off 0.47757111656343687 neg 0.45683598904078343 __DUMMY__ 0.06559289439577982	false	0.5
unzufriedenheit	neg 1.0		off 0.47381659280432753 neg 0.46051036115190247 __DUMMY__ 0.06567304604377007	false	0.5
kurz	neg 1.0		off 0.4772942240731881 neg 0.45705508895295444 __DUMMY__ 0.06565068697385751	false	0.5
unsinnig	neg 1.0		off 0.4753320936630298 neg 0.45906299137325873 __DUMMY__ 0.06560491496371132	false	0.5
penner	off 1.0		off 0.47983335640180563 neg 0.4546788044508192 __DUMMY__ 0.06548783914737513	false	1.0
seicht	neg 1.0		off 0.4783366026848632 neg 0.4560487552595429 __DUMMY__ 0.06561464205559396	false	0.5
dummheit	off 1.0		off 0.47626603567581044 neg 0.45813449585878324 __DUMMY__ 0.0655994684654064	false	1.0
unerfreulich	neg 1.0		off 0.47465829130357834 neg 0.45966400666144996 __DUMMY__ 0.0656777020349717	false	0.5
pikiert	neg 1.0		off 0.47743360210347235 neg 0.45696448216445473 __DUMMY__ 0.06560191573207294	false	0.5
motherfucker	off 1.0		off 0.44789559218691594 neg 0.30536969710494133 __DUMMY__ 0.24673471070814285	false	1.0
wrack	neg 1.0		off 0.47495708493492833 neg 0.4593419521567815 __DUMMY__ 0.06570096290829029	false	0.5
gangster	neg 1.0		off 0.4661331944457105 neg 0.3653610427780109 __DUMMY__ 0.1685057627762785	false	0.5
krank	neg 1.0		off 0.4791031223530841 neg 0.45534882487102946 __DUMMY__ 0.06554805277588625	false	0.5
reich	neg 1.0		off 0.4748018392947923 neg 0.4594561851230573 __DUMMY__ 0.06574197558215046	false	0.5
gnadenlos	neg 1.0		off 0.47671108099011805 neg 0.4576360442365956 __DUMMY__ 0.06565287477328628	false	0.5
niedergeschlagen	neg 1.0		off 0.47587027632489226 neg 0.45847681587266914 __DUMMY__ 0.06565290780243863	false	0.5
terrorisieren	off 1.0	off 1.0	off 0.7242892279132638 neg 0.24454556566634264 __DUMMY__ 0.03116520642039351	false	1.0
sinnlosigkeit	neg 1.0		off 0.47516415228302994 neg 0.4591965234971193 __DUMMY__ 0.06563932421985062	false	0.5
behindern	neg 1.0		off 0.4716072680564001 neg 0.4628154479608201 __DUMMY__ 0.06557728398277989	false	0.5
undemokratisch	neg 1.0		off 0.473336198672431 neg 0.4611538465010915 __DUMMY__ 0.06550995482647749	false	0.5
wirtschaftskrise	neg 1.0		off 0.470177615342495 neg 0.46406840509530783 __DUMMY__ 0.06575397956219721	false	0.5
neid	neg 1.0		off 0.47763162859327823 neg 0.4566902586404926 __DUMMY__ 0.065678112766229	false	0.5
rutschen	neg 1.0		off 0.47594545543946715 neg 0.458298238170813 __DUMMY__ 0.06575630638971995	false	0.5
rezession	neg 1.0		off 0.4683643896311797 neg 0.4658735607036383 __DUMMY__ 0.06576204966518204	false	0.5
fehlgeburt	neg 1.0		off 0.4776029193911124 neg 0.45692092795254197 __DUMMY__ 0.06547615265634571	false	0.5
charakterschwach	off 1.0		off 0.4771717944912095 neg 0.4572335487923982 __DUMMY__ 0.06559465671639228	false	1.0
isolation	neg 1.0		neg 0.4738844020608364 off 0.4610626495437435 __DUMMY__ 0.0650529483954201	false	1.0
ablenkung	neg 1.0		off 0.47672463660473113 neg 0.4576617423688224 __DUMMY__ 0.06561362102644648	false	0.5
pech	neg 1.0		off 0.4786420170244708 neg 0.45574012348521303 __DUMMY__ 0.06561785949031616	false	0.5
dominieren	neg 1.0		off 0.47129183346060005 neg 0.4628555870426306 __DUMMY__ 0.06585257949676937	false	0.5
vermeidung	neg 1.0		neg 0.4677911257289665 off 0.4667365305222119 __DUMMY__ 0.06547234374882148	false	1.0
schwindlig	neg 1.0		off 0.47973720102290435 neg 0.4547696797190493 __DUMMY__ 0.06549311925804621	false	0.5
lutscher	neg 1.0		off 0.4832344672728044 neg 0.4514267480274473 __DUMMY__ 0.06533878469974821	false	0.5
pflicht	neg 1.0		off 0.47446291066528545 neg 0.4598434688859208 __DUMMY__ 0.06569362044879373	false	0.5
faschist	off 1.0		off 0.4758151257467388 neg 0.4586130917653271 __DUMMY__ 0.06557178248793401	false	1.0
verschleudern	neg 1.0		off 0.4719892616048722 neg 0.4623181965350789 __DUMMY__ 0.06569254186004904	false	0.5
ehebruch	neg 1.0		off 0.4750755245954464 neg 0.4592663004517567 __DUMMY__ 0.06565817495279688	false	0.5
trostlosigkeit	neg 1.0		off 0.47413745075349695 neg 0.4601874760334722 __DUMMY__ 0.06567507321303093	false	0.5
lutschen	neg 1.0		off 0.4836326061112736 neg 0.45124567616353795 __DUMMY__ 0.06512171772518845	false	0.5
spott	off 1.0		off 0.47442266858360554 neg 0.4599194737607888 __DUMMY__ 0.06565785765560572	false	1.0
undiszipliniert	neg 1.0		off 0.478667282279518 neg 0.45581167923317695 __DUMMY__ 0.06552103848730506	false	0.5
kopfschmerz	neg 1.0		off 0.47745740581825863 neg 0.45706100840594044 __DUMMY__ 0.06548158577580097	false	0.5
unvorhergesehen	neg 1.0		off 0.4764358829543768 neg 0.45788013836655894 __DUMMY__ 0.06568397867906421	false	0.5
desinteressiert	neg 1.0		off 0.47850633772197165 neg 0.45592364487625475 __DUMMY__ 0.06557001740177357	false	0.5
armselig	off 1.0		off 0.4772909484855062 neg 0.45706078162327757 __DUMMY__ 0.06564826989121618	false	1.0
tod	neg 1.0		off 0.4742732385378333 neg 0.4600384276727632 __DUMMY__ 0.06568833378940335	false	0.5
desaster	neg 1.0		off 0.4727581429807144 neg 0.461529799397916 __DUMMY__ 0.0657120576213695	false	0.5
herzlos	neg 1.0		off 0.4785132745925207 neg 0.45590480076787954 __DUMMY__ 0.06558192463959982	false	0.5
unwissenheit	neg 1.0		off 0.4743779129339108 neg 0.46001750583847306 __DUMMY__ 0.06560458122761621	false	0.5
widersinnig	neg 1.0		off 0.47315209247401696 neg 0.46123900796567546 __DUMMY__ 0.0656088995603075	false	0.5
bedenklich	neg 1.0		off 0.4746624950343709 neg 0.45969725553696816 __DUMMY__ 0.06564024942866095	false	0.5
beanstanden	neg 1.0		off 0.4739651465701262 neg 0.46033691159014645 __DUMMY__ 0.06569794183972733	false	0.5
panisch	neg 1.0		off 0.47778033056975633 neg 0.45667569491476323 __DUMMY__ 0.06554397451548036	false	0.5
abstrich	neg 1.0		off 0.4773114346288788 neg 0.4572601247104977 __DUMMY__ 0.0654284406606235	false	0.5
debil	off 1.0		off 0.4896075697156528 neg 0.44578630709878003 __DUMMY__ 0.06460612318556723	false	1.0
primitiv	neg 1.0		off 0.4776543927117453 neg 0.45668113333942045 __DUMMY__ 0.06566447394883422	false	0.5
abschaum	off 1.0		off 0.4769480704516912 neg 0.45744229526700914 __DUMMY__ 0.06560963428129962	false	1.0
tot	neg 1.0		off 0.477960731931471 neg 0.4565170051976268 __DUMMY__ 0.06552226287090238	false	0.5
provozieren	neg 1.0		off 0.4762141741514593 neg 0.45816224400937655 __DUMMY__ 0.06562358183916427	false	0.5
instabil	neg 1.0		off 0.4757099603438874 neg 0.45854414898298596 __DUMMY__ 0.06574589067312663	false	0.5
schwuchtel	off 1.0		off 0.48379442465219513 neg 0.45094944472353876 __DUMMY__ 0.06525613062426612	false	1.0
zerren	neg 1.0		off 0.47604634321857486 neg 0.4583328806736607 __DUMMY__ 0.06562077610776457	false	0.5
kinderficker	off 1.0		off 0.47739515713562564 neg 0.4571032211264139 __DUMMY__ 0.0655016217379605	false	1.0
gefahr	neg 1.0		off 0.4715049822048785 neg 0.46273434287805065 __DUMMY__ 0.06576067491707095	false	0.5
rabiat	neg 1.0		off 0.476254779613364 neg 0.45807644197285785 __DUMMY__ 0.06566877841377809	false	0.5
verlangsamung	neg 1.0		off 0.4697956598124034 neg 0.4643192730960826 __DUMMY__ 0.06588506709151407	false	0.5
anklagen	neg 1.0		off 0.47142659278994303 neg 0.46295554026971536 __DUMMY__ 0.06561786694034147	false	0.5
ausgestorben	neg 1.0		off 0.47579829194362305 neg 0.45848497093453444 __DUMMY__ 0.06571673712184248	false	0.5
verminderung	neg 1.0		neg 0.4679519825204579 off 0.4665132786904771 __DUMMY__ 0.06553473878906514	false	1.0
rost	neg 1.0		off 0.47332396914897135 neg 0.46062427728785194 __DUMMY__ 0.06605175356317682	false	0.5
destruktiv	neg 1.0		off 0.47511876908772743 neg 0.45925718648192987 __DUMMY__ 0.06562404443034274	false	0.5
unzumutbarkeit	neg 1.0		off 0.47143348145591146 neg 0.46288933592233666 __DUMMY__ 0.06567718262175186	false	0.5
labil	off 1.0	off 1.0	off 0.8021545405672376 neg 0.1712534208121882 __DUMMY__ 0.02659203862057424	false	1.0
ziemlich	neg 1.0		off 0.4786025459127856 neg 0.4558152347849972 __DUMMY__ 0.06558221930221714	false	0.5
lachnummer	off 1.0		off 0.4752268163771056 neg 0.45910602330730504 __DUMMY__ 0.06566716031558933	false	1.0
ausgrenzung	neg 1.0		off 0.47205828177464065 neg 0.46233216037152053 __DUMMY__ 0.06560955785383883	false	0.5
verfall	neg 1.0		off 0.47272798188243476 neg 0.4615792880952939 __DUMMY__ 0.06569273002227126	false	0.5
unordnung	neg 1.0	neg 1.0	neg 0.7126956147485277 off 0.2558477807512023 __DUMMY__ 0.03145660450026998	false	1.0
fehlverhalten	neg 1.0		off 0.47377485258281843 neg 0.4605731618325438 __DUMMY__ 0.06565198558463763	false	0.5
nille	neg 1.0		off 0.4907106977011895 neg 0.4445988350841957 __DUMMY__ 0.06469046721461491	false	0.5
qual	neg 1.0		off 0.47530029963713166 neg 0.46507198823071516 __DUMMY__ 0.05962771213215307	false	0.5
riesig	neg 1.0		off 0.4822705881898589 neg 0.4521571568594429 __DUMMY__ 0.06557225495069822	false	0.5
verschwenden	neg 1.0		off 0.47531644799261186 neg 0.4590475300980118 __DUMMY__ 0.06563602190937635	false	0.5
verurteilen	neg 1.0		off 0.4743718908476245 neg 0.4600170830995535 __DUMMY__ 0.06561102605282197	false	0.5
klischee	neg 1.0		off 0.47709016572145074 neg 0.45726637600422554 __DUMMY__ 0.06564345827432368	false	0.5
diktatorisch	neg 1.0		off 0.4737839135546003 neg 0.4606885679167587 __DUMMY__ 0.06552751852864082	false	0.5
vorhersehbar	neg 1.0		off 0.4765113081761406 neg 0.45780436934916463 __DUMMY__ 0.06568432247469472	false	0.5
stornieren	neg 1.0		off 0.47439445676630215 neg 0.45999270814460436 __DUMMY__ 0.06561283508909346	false	0.5
besteuerung	neg 1.0		off 0.46773759911928164 neg 0.4666032799140246 __DUMMY__ 0.06565912096669377	false	0.5
ungeschminkt	neg 1.0		off 0.48201541739656284 neg 0.4526954888052046 __DUMMY__ 0.06528909379823257	false	0.5
kritisch	neg 1.0		off 0.4743864554299339 neg 0.4599519734635986 __DUMMY__ 0.06566157110646745	false	0.5
schlamperei	off 1.0		off 0.47175244531895816 neg 0.4625738766482528 __DUMMY__ 0.06567367803278898	false	1.0
sucht	neg 1.0		off 0.47568253971984525 neg 0.4583610327886978 __DUMMY__ 0.06595642749145693	false	0.5
egoistisch	off 1.0		off 0.4786999357063967 neg 0.45580332618897934 __DUMMY__ 0.06549673810462403	false	1.0
ausbeuter	off 1.0		off 0.4738867636799975 neg 0.4604613698142799 __DUMMY__ 0.06565186650572252	false	1.0
arschgeburt			off 0.4847745986781352 neg 0.450044194588796 __DUMMY__ 0.06518120673306865	false	0.0
schubs	neg 1.0		off 0.4789000554287753 neg 0.45566311866095005 __DUMMY__ 0.06543682591027472	false	0.5
unsolide	neg 1.0		off 0.47354433921367767 neg 0.4609092302225261 __DUMMY__ 0.06554643056379615	false	0.5
beschwerde	neg 1.0		off 0.4718374059615556 neg 0.4625612208071744 __DUMMY__ 0.06560137323127006	false	0.5
stocken	neg 1.0		off 0.4704301336716219 neg 0.46373888768956767 __DUMMY__ 0.06583097863881053	false	0.5
isolieren	neg 1.0		off 0.4710866132510635 neg 0.4631926986280735 __DUMMY__ 0.06572068812086307	false	0.5
unheilbar	neg 1.0		off 0.4759602373457251 neg 0.4584143168634594 __DUMMY__ 0.06562544579081556	false	0.5
pisser	off 1.0		off 0.4847056633241183 neg 0.44988631113369437 __DUMMY__ 0.06540802554218728	false	1.0
löschen	neg 1.0		off 0.47721779501365574 neg 0.4582730434551754 __DUMMY__ 0.06450916153116891	false	0.5
durchfallen	neg 1.0		off 0.4751442035543626 neg 0.4592502665812567 __DUMMY__ 0.06560552986438077	false	0.5
wichser	off 1.0		off 0.4801710145859746 neg 0.4543408108023111 __DUMMY__ 0.06548817461171418	false	1.0
terror	neg 1.0		neg 0.4682376513191975 off 0.4667283415992981 __DUMMY__ 0.06503400708150435	false	1.0
krass	neg 1.0		off 0.48187719052535655 neg 0.45276798056973594 __DUMMY__ 0.06535482890490739	false	0.5
revolte	neg 1.0		off 0.4706945815990445 neg 0.463573045533438 __DUMMY__ 0.06573237286751747	false	0.5
besorgt	neg 1.0		off 0.4761068029900259 neg 0.45826566563713234 __DUMMY__ 0.06562753137284179	false	0.5
nachlassen	neg 1.0		off 0.4745050357905339 neg 0.4598050557173497 __DUMMY__ 0.06568990849211645	false	0.5
alt	neg 1.0		off 0.4798774141457494 neg 0.45445297594676615 __DUMMY__ 0.06566960990748448	false	0.5
hundesohn	off 1.0		off 0.48694982658243174 neg 0.44802947647122654 __DUMMY__ 0.06502069694634172	false	1.0
abschreckung	neg 1.0		off 0.473237109790071 neg 0.46111832592460744 __DUMMY__ 0.06564456428532167	false	0.5
unqualifiziert	neg 1.0		off 0.47592478289234247 neg 0.45851184730730443 __DUMMY__ 0.06556336980035295	false	0.5
abgewichst	off 1.0		off 0.48861201077130223 neg 0.44658835541709235 __DUMMY__ 0.06479963381160538	false	1.0
kapitulation	neg 1.0		off 0.4720541065334012 neg 0.46225554776114613 __DUMMY__ 0.06569034570545272	false	0.5
schwer	neg 1.0		off 0.4764318994741449 neg 0.45789624106219246 __DUMMY__ 0.06567185946366273	false	0.5
bedeutungslosigkeit	neg 1.0		off 0.4738113386590547 neg 0.46049160674226797 __DUMMY__ 0.06569705459867729	false	0.5
unscharf	neg 1.0		off 0.47990512094554283 neg 0.4546714864506981 __DUMMY__ 0.06542339260375911	false	0.5
schwinden	neg 1.0		off 0.47088114520836927 neg 0.4633387543495328 __DUMMY__ 0.06578010044209778	false	0.5
versklavung	neg 1.0		off 0.4712443134200638 neg 0.46315705992008216 __DUMMY__ 0.06559862665985411	false	0.5
schlecht	neg 1.0		off 0.4780585403578137 neg 0.45633987878912263 __DUMMY__ 0.06560158085306368	false	0.5
verhasst	neg 1.0		off 0.4756054288301014 neg 0.45874041253341125 __DUMMY__ 0.06565415863648735	false	0.5
beschweren	neg 1.0		off 0.47668442859020754 neg 0.45764530577635815 __DUMMY__ 0.06567026563343434	false	0.5
scheiden	neg 1.0		off 0.4767214186172739 neg 0.457602263799288 __DUMMY__ 0.06567631758343809	false	0.5
frustriert	neg 1.0		off 0.4759622983326462 neg 0.45839523461770126 __DUMMY__ 0.06564246704965265	false	0.5
schimmelig	neg 1.0		off 0.4820355104396443 neg 0.4526015361620783 __DUMMY__ 0.06536295339827752	false	0.5
fisch	neg 1.0		off 0.47977648276712864 neg 0.4545288022695527 __DUMMY__ 0.06569471496331854	false	0.5
schmuggel	neg 1.0		off 0.47483701262849515 neg 0.45949822313909233 __DUMMY__ 0.06566476423241253	false	0.5
auffallen	neg 1.0		off 0.476614423960338 neg 0.457745833203755 __DUMMY__ 0.06563974283590707	false	0.5
konkurrenz	neg 1.0		off 0.4740049236919659 neg 0.46030565139684876 __DUMMY__ 0.06568942491118529	false	0.5
teufelskreis	neg 1.0		off 0.47579049010160684 neg 0.45853571625456585 __DUMMY__ 0.06567379364382732	false	0.5
aufschreien	neg 1.0		off 0.4772435640329768 neg 0.45711442360889887 __DUMMY__ 0.0656420123581245	false	0.5
missgeburt	off 1.0		off 0.484830280376484 neg 0.4499264940527379 __DUMMY__ 0.065243225570778	false	1.0
schuldner	neg 1.0		off 0.47096270410638746 neg 0.46334079860425864 __DUMMY__ 0.06569649728935383	false	0.5
befallen	neg 1.0		off 0.4733749086930368 neg 0.46108940421180084 __DUMMY__ 0.06553568709516244	false	0.5
arbeitslos	neg 1.0		off 0.47517836140549413 neg 0.45916469368125296 __DUMMY__ 0.06565694491325282	false	0.5
miesepetrig	off 1.0		off 0.4781377882841955 neg 0.45630454670243403 __DUMMY__ 0.06555766501337058	false	1.0
alarmieren	neg 1.0		off 0.46983407702941465 neg 0.464432520970917 __DUMMY__ 0.0657334019996684	false	0.5
ungeduscht	off 1.0		off 0.4805518848139715 neg 0.4540914162695349 __DUMMY__ 0.06535669891649344	false	1.0
knappheit	neg 1.0		off 0.4710684084280988 neg 0.46318616544489183 __DUMMY__ 0.06574542612700943	false	0.5
schlange	neg 1.0		off 0.4771419262718348 neg 0.4571911703202376 __DUMMY__ 0.06566690340792755	false	0.5
harsch	neg 1.0		off 0.4714483771700203 neg 0.4629580701191563 __DUMMY__ 0.0655935527108234	false	0.5
lang	neg 1.0	neg 1.0	neg 0.6768409704621556 off 0.2882593899890009 __DUMMY__ 0.034899639548843495	false	1.0
ziellos	neg 1.0		off 0.47576020347325415 neg 0.4585570817082534 __DUMMY__ 0.06568271481849246	false	0.5
selbstverliebt	neg 1.0		off 0.48112861733425605 neg 0.45342197430159376 __DUMMY__ 0.06544940836415028	false	0.5
beseitigen	neg 1.0		off 0.47141730657115766 neg 0.46281692505359473 __DUMMY__ 0.06576576837524756	false	0.5
dumm	off 1.0		off 0.47958691788452645 neg 0.4549015617526744 __DUMMY__ 0.06551152036279903	false	1.0
arbeitsloser	neg 1.0		off 0.4749121472513888 neg 0.4594165230484672 __DUMMY__ 0.06567132970014405	false	0.5
blitzen	neg 1.0		off 0.47596702169627253 neg 0.4563762749569379 __DUMMY__ 0.06765670334678967	false	0.5
hilflos	neg 1.0		off 0.47599921014998975 neg 0.4584083586404322 __DUMMY__ 0.065592431209578	false	0.5
eklig	off 1.0		off 0.48122739772157763 neg 0.4533743808187716 __DUMMY__ 0.06539822145965092	false	1.0
hungersnot	neg 1.0		off 0.4718145172243706 neg 0.46242474964545455 __DUMMY__ 0.06576073313017478	false	0.5
ungesetzlich	neg 1.0		off 0.47310912489211976 neg 0.461291232755477 __DUMMY__ 0.0655996423524033	false	0.5
verschwendung	neg 1.0		off 0.47484466475451187 neg 0.4595084928505179 __DUMMY__ 0.06564684239497018	false	0.5
schmerzvoll	neg 1.0		off 0.4772082225051451 neg 0.4571891475860825 __DUMMY__ 0.06560262990877244	false	0.5
vorzeitig	neg 1.0		off 0.46979783560810345 neg 0.4644936944101722 __DUMMY__ 0.06570846998172424	false	0.5
unvollkommenheit	neg 1.0		off 0.4756400936986174 neg 0.4587259844341199 __DUMMY__ 0.06563392186726277	false	0.5
intervenieren	neg 1.0		off 0.4732510713018004 neg 0.4611287115381765 __DUMMY__ 0.06562021716002316	false	0.5
banause	off 1.0		off 0.48000013058624963 neg 0.4545559662669106 __DUMMY__ 0.06544390314683995	false	1.0
rebell	neg 1.0		off 0.4844202680854202 neg 0.45062940212807423 __DUMMY__ 0.06495032978650556	false	0.5
unlogisch	neg 1.0		off 0.4783704416294842 neg 0.4560904472184085 __DUMMY__ 0.06553911115210725	false	0.5
abschaffung	neg 1.0		off 0.47012270775341736 neg 0.4642971026268409 __DUMMY__ 0.06558018961974177	false	0.5
leiden	neg 1.0		off 0.4767763639996792 neg 0.4575527790134127 __DUMMY__ 0.06567085698690807	false	0.5
sturz	neg 1.0		off 0.47145811361014706 neg 0.46279141613391717 __DUMMY__ 0.06575047025593594	false	0.5
verkleinerung	neg 1.0		off 0.4692420133181497 neg 0.4650892858498795 __DUMMY__ 0.06566870083197078	false	0.5
schmarotzer	off 1.0		off 0.4752769396101648 neg 0.4591085193796847 __DUMMY__ 0.06561454101015043	false	1.0
bestrafung	neg 1.0		off 0.47680721127021203 neg 0.45756656716152866 __DUMMY__ 0.06562622156825937	false	0.5
achtlos	neg 1.0		off 0.4760148361345755 neg 0.4583841301905919 __DUMMY__ 0.06560103367483257	false	0.5
ungeheuer	neg 1.0		off 0.4779804001348988 neg 0.45633192967002045 __DUMMY__ 0.0656876701950806	false	0.5
unaufrichtig	neg 1.0		off 0.4761751921828888 neg 0.45835339888559806 __DUMMY__ 0.06547140893151299	false	0.5
groggy	neg 1.0		off 0.48195195955119835 neg 0.4525841543367095 __DUMMY__ 0.0654638861120922	false	0.5
verletzlich	neg 1.0		off 0.47833406254993666 neg 0.4561028689551397 __DUMMY__ 0.06556306849492376	false	0.5
ablehnen	neg 1.0		off 0.4742271990113157 neg 0.4601636904843505 __DUMMY__ 0.0656091105043337	false	0.5
kollaps	neg 1.0		off 0.4693854465100847 neg 0.46490190688602934 __DUMMY__ 0.06571264660388594	false	0.5
beschnitten	neg 1.0		off 0.4766257417748281 neg 0.45774548046933894 __DUMMY__ 0.065628777755833	false	0.5
defekt	neg 1.0		off 0.4704438848070823 neg 0.46397421425184027 __DUMMY__ 0.06558190094107738	false	0.5
dreckskerl	off 1.0		off 0.4784035226045337 neg 0.45609399341969253 __DUMMY__ 0.0655024839757738	false	1.0
deine	neg 1.0		off 0.47986501917844904 neg 0.4546742602524556 __DUMMY__ 0.06546072056909526	false	0.5
aufgeben	neg 1.0		off 0.47693612280762415 neg 0.45735765149326074 __DUMMY__ 0.06570622569911502	false	0.5
durcheinander	neg 1.0		off 0.4775147118220637 neg 0.45684220058676805 __DUMMY__ 0.0656430875911681	false	0.5
unterbrechen	neg 1.0		off 0.4756264932339592 neg 0.4587053763813402 __DUMMY__ 0.06566813038470055	false	0.5
vergammeln	neg 1.0		off 0.4772062896065264 neg 0.45715888901792456 __DUMMY__ 0.06563482137554898	false	0.5
grotesk	neg 1.0		off 0.47522898766361654 neg 0.4590886845806314 __DUMMY__ 0.06568232775575206	false	0.5
elendig	neg 1.0		off 0.4772558826831871 neg 0.4571660595896443 __DUMMY__ 0.06557805772716856	false	0.5
naiv	off 1.0		off 0.476931477729843 neg 0.4573969673035192 __DUMMY__ 0.06567155496663786	false	1.0
uneinigkeit	neg 1.0		off 0.4707751205207445 neg 0.46355178314976914 __DUMMY__ 0.06567309632948638	false	0.5
fragil	neg 1.0		neg 0.4690890378211583 off 0.46651271042968884 __DUMMY__ 0.06439825174915272	false	1.0
provisorisch	neg 1.0		off 0.4753783587310967 neg 0.45886845914442376 __DUMMY__ 0.06575318212447945	false	0.5
landei	off 1.0		off 0.48016466101269006 neg 0.4542677132781791 __DUMMY__ 0.06556762570913094	false	1.0
bedauerlich	neg 1.0		off 0.47486078004892107 neg 0.4594808369947321 __DUMMY__ 0.0656583829563469	false	0.5
krieg	neg 1.0		off 0.4758774650705243 neg 0.4584849687888562 __DUMMY__ 0.06563756614061955	false	0.5
traurigkeit	neg 1.0		off 0.4765641655231416 neg 0.4577897057110218 __DUMMY__ 0.06564612876583654	false	0.5
monotonie	neg 1.0		off 0.4753753541851766 neg 0.45892238727182005 __DUMMY__ 0.06570225854300328	false	0.5
unliebsam	neg 1.0		off 0.4757891147580192 neg 0.4585672841399117 __DUMMY__ 0.06564360110206906	false	0.5
drift	neg 1.0		neg 0.48585675202537104 off 0.4503321535120882 __DUMMY__ 0.06381109446254077	false	1.0
chaos	neg 1.0		off 0.47279025750331743 neg 0.4615328781099888 __DUMMY__ 0.06567686438669385	false	0.5
blutig	neg 1.0		off 0.4772819042175189 neg 0.4570566509909804 __DUMMY__ 0.06566144479150061	false	0.5
