unsolidarisch	neg 1.0		__DUMMY__ 0.4417211619289962 off 0.2832051321930459 neg 0.27507370587795793	false	0.5
nachteilig	neg 1.0		__DUMMY__ 0.4426207455316067 off 0.28206158299156064 neg 0.2753176714768327	false	0.5
skeptisch	neg 1.0		__DUMMY__ 0.4426483192395463 off 0.2828639434482856 neg 0.2744877373121682	false	0.5
schrecklich	neg 1.0		__DUMMY__ 0.44150414962653634 off 0.2876345182512024 neg 0.2708613321222614	false	0.5
schlapp	neg 1.0		__DUMMY__ 0.4417551905810371 off 0.28776669540183575 neg 0.2704781140171271	false	0.5
abfall	neg 1.0		__DUMMY__ 0.4430901983815875 off 0.281994303237912 neg 0.27491549838050044	false	0.5
widerspenstig	neg 1.0		__DUMMY__ 0.44198682533300504 off 0.285151211289833 neg 0.27286196337716206	false	0.5
abrupt	neg 1.0		__DUMMY__ 0.4429428438762513 off 0.28366857539949764 neg 0.2733885807242509	false	0.5
unwirksam	neg 1.0		__DUMMY__ 0.4426833030851599 neg 0.27980008601464773 off 0.27751661090019253	false	1.0
angreifen	neg 1.0		__DUMMY__ 0.44251970279421005 off 0.28288403318578303 neg 0.27459626402000686	false	0.5
inkonsistent	neg 1.0		__DUMMY__ 0.44276745132309686 off 0.2848023685293743 neg 0.27243018014752884	false	0.5
abrutschen	neg 1.0		__DUMMY__ 0.44257647432984193 off 0.2828666358872872 neg 0.2745568897828709	false	0.5
unsicher	neg 1.0		__DUMMY__ 0.4423882619027808 off 0.2848627304526931 neg 0.27274900764452614	false	0.5
bauernkind	off 1.0		__DUMMY__ 0.44030625359250586 off 0.2917422243410206 neg 0.2679515220664735	false	1.0
angreifer	neg 1.0		__DUMMY__ 0.4423496963700263 off 0.2803241820580942 neg 0.27732612157187964	false	0.5
trennen	neg 1.0		__DUMMY__ 0.44321343002225455 off 0.2836730314864712 neg 0.2731135384912742	false	0.5
schmutz	neg 1.0		__DUMMY__ 0.44289840803663727 off 0.28031723512865414 neg 0.27678435683470853	false	0.5
inkonsistenz	neg 1.0		__DUMMY__ 0.44204692804123913 off 0.28565937593581403 neg 0.27229369602294673	false	0.5
erschreckend	neg 1.0		__DUMMY__ 0.44243402564468964 off 0.28366567755110017 neg 0.27390029680421024	false	0.5
ertrinken	neg 1.0		__DUMMY__ 0.44195317471629425 off 0.2842331517396599 neg 0.27381367354404595	false	0.5
pickelface	off 1.0		__DUMMY__ 0.43912629095362776 off 0.2961413052680466 neg 0.26473240377832563	false	1.0
lauch	neg 1.0		__DUMMY__ 0.43986883822577283 off 0.2931892794682787 neg 0.2669418823059483	false	0.5
steuerhinterziehung	neg 1.0		__DUMMY__ 0.44224966830104395 off 0.2801472642729355 neg 0.27760306742602053	false	0.5
unwichtig	neg 1.0		__DUMMY__ 0.4421353693774524 off 0.2857031918570784 neg 0.27216143876546917	false	0.5
schock	neg 1.0		__DUMMY__ 0.4428133626048136 off 0.28480434613634514 neg 0.2723822912588412	false	0.5
vergelten	neg 1.0		__DUMMY__ 0.4411247045084999 off 0.2826728638851781 neg 0.27620243160632196	false	0.5
beule	neg 1.0		__DUMMY__ 0.4414883708982417 off 0.2884758028621582 neg 0.27003582623960015	false	0.5
verdorbenheit	neg 1.0		__DUMMY__ 0.4451063223676182 off 0.28216763309380083 neg 0.2727260445385809	false	0.5
trauma			__DUMMY__ 0.4052862802201041 off 0.31536288218380554 neg 0.2793508375960903	false	0.0
sinnlos	neg 1.0		__DUMMY__ 0.4420582320820608 off 0.28565490186178566 neg 0.2722868660561535	false	0.5
fettsack	off 1.0		__DUMMY__ 0.44083492031804283 off 0.29121516130135205 neg 0.26794991838060506	false	1.0
feige	off 1.0		__DUMMY__ 0.4422610118931384 off 0.2856420266603764 neg 0.27209696144648515	false	1.0
abdanken	neg 1.0		__DUMMY__ 0.44212900119487286 off 0.28321691769517504 neg 0.27465408110995204	false	0.5
wichtigtuer	off 1.0	off 1.0	off 0.6318901615311104 __DUMMY__ 0.21444985566030914 neg 0.15365998280858054	false	1.0
misslingen	neg 1.0		__DUMMY__ 0.4418743820942098 off 0.2850897192214008 neg 0.27303589868438943	false	0.5
untreu	off 1.0		__DUMMY__ 0.44224441824219235 off 0.285707702629602 neg 0.2720478791282057	false	1.0
missmutig	neg 1.0		__DUMMY__ 0.4425208509715793 off 0.28490404130698904 neg 0.2725751077214317	false	0.5
hurenbock	off 1.0		__DUMMY__ 0.43981481484824697 off 0.29162986370573973 neg 0.26855532144601335	false	1.0
betrunken	neg 1.0		__DUMMY__ 0.44141368868810693 off 0.28770266754562057 neg 0.27088364376627255	false	0.5
korrupt	off 1.0		__DUMMY__ 0.442008429217618 off 0.28307175344905827 neg 0.2749198173333237	false	1.0
unmut	neg 1.0		__DUMMY__ 0.442685291062036 off 0.28158375745216724 neg 0.2757309514857968	false	0.5
hackfresse	off 1.0		__DUMMY__ 0.44110683794612 off 0.28860962735724005 neg 0.27028353469664	false	1.0
aufblasen	neg 1.0		__DUMMY__ 0.4421619336510888 off 0.28562018953213536 neg 0.2722178768167758	false	0.5
gewaltsam	neg 1.0		__DUMMY__ 0.44251631045034245 off 0.2809395099014105 neg 0.2765441796482471	false	0.5
unbeliebtheit	neg 1.0		__DUMMY__ 0.44259283280672773 off 0.2800345610497211 neg 0.27737260614355125	false	0.5
sturheit	neg 1.0		__DUMMY__ 0.4423568261747302 off 0.28299665068038027 neg 0.27464652314488947	false	0.5
kuh	neg 1.0		__DUMMY__ 0.44050106346304574 off 0.2919305056315688 neg 0.2675684309053855	false	0.5
erschrecken	neg 1.0		__DUMMY__ 0.44198041848812714 off 0.2861511432841712 neg 0.27186843822770174	false	0.5
opfer	neg 1.0		__DUMMY__ 0.44256527896958653 off 0.28341020859770644 neg 0.274024512432707	false	0.5
stinktier	neg 1.0		__DUMMY__ 0.4404229225747215 off 0.2916363980055616 neg 0.2679406794197169	false	0.5
sinken	neg 1.0		__DUMMY__ 0.4437508150659766 off 0.27964022516198056 neg 0.2766089597720427	false	0.5
tucke	off 1.0		__DUMMY__ 0.4400046178137059 off 0.290896840145391 neg 0.26909854204090294	false	1.0
abstieg	neg 1.0		__DUMMY__ 0.44297978749807543 off 0.28135526639731295 neg 0.2756649461046117	false	0.5
missverstehen	neg 1.0		__DUMMY__ 0.44234395591029474 off 0.2849712661795459 neg 0.2726847779101592	false	0.5
ergebnislos	neg 1.0		__DUMMY__ 0.44312987056347997 off 0.2794733876936429 neg 0.2773967417428772	false	0.5
manipulieren	neg 1.0		__DUMMY__ 0.44200868209225375 off 0.28326970780377214 neg 0.2747216101039741	false	0.5
verschleppen	neg 1.0		__DUMMY__ 0.4426612505193799 off 0.28013733038175764 neg 0.27720141909886253	false	0.5
unbewiesen	neg 1.0		__DUMMY__ 0.4425512920418566 off 0.2815754259383923 neg 0.27587328201975125	false	0.5
weib	off 1.0		__DUMMY__ 0.4405399291799425 off 0.29061368829987533 neg 0.26884638252018217	false	1.0
opposition	neg 1.0		__DUMMY__ 0.44151808918540014 neg 0.2796731814134253 off 0.27880872940117457	false	1.0
verkehrswidrig	neg 1.0		__DUMMY__ 0.44137825798648656 off 0.2806848267260029 neg 0.2779369152875105	false	0.5
inkorrekt	neg 1.0		__DUMMY__ 0.44212092947010373 off 0.28552391202061383 neg 0.27235515850928244	false	0.5
vermeiden	neg 1.0		__DUMMY__ 0.443072596457334 off 0.2812285517747022 neg 0.2756988517679637	false	0.5
abweichung	neg 1.0		__DUMMY__ 0.4430021878996925 off 0.2809564810859555 neg 0.276041331014352	false	0.5
alkoholisiert	neg 1.0		__DUMMY__ 0.44245887997330086 off 0.2835738082021397 neg 0.2739673118245594	false	0.5
scheiss	off 1.0	off 1.0	off 0.6334077391159345 __DUMMY__ 0.21450857963167133 neg 0.15208368125239416	false	1.0
herausforderung	neg 1.0		__DUMMY__ 0.4433064897358235 off 0.2818656294747533 neg 0.2748278807894232	false	0.5
pervers	off 1.0		__DUMMY__ 0.4403223001522117 off 0.29052147234866343 neg 0.26915622749912477	false	1.0
wackelig	neg 1.0		__DUMMY__ 0.4422921164909186 off 0.28523307285596494 neg 0.27247481065311663	false	0.5
verwickeln	neg 1.0		__DUMMY__ 0.44250856179456444 off 0.2846773411583178 neg 0.27281409704711784	false	0.5
vorwand	neg 1.0		__DUMMY__ 0.44217864918372135 off 0.28310148264480783 neg 0.27471986817147076	false	0.5
muschi	off 1.0		__DUMMY__ 0.43923949452326166 off 0.2955493173975458 neg 0.2652111880791925	false	1.0
entmutigung	neg 1.0		__DUMMY__ 0.44223667589828514 off 0.2806429319241672 neg 0.27712039217754775	false	0.5
unstetig	neg 1.0		__DUMMY__ 0.44232328490959016 off 0.283444542824054 neg 0.27423217226635577	false	0.5
unangemessen	neg 1.0		__DUMMY__ 0.4423766709698856 off 0.28330544481364733 neg 0.27431788421646713	false	0.5
entmutigen	neg 1.0		__DUMMY__ 0.4424080391671575 off 0.28502847283074834 neg 0.2725634880020942	false	0.5
schwanz	neg 1.0		__DUMMY__ 0.4386536643461519 off 0.29367720357165794 neg 0.2676691320821901	false	0.5
verbot	neg 1.0		__DUMMY__ 0.4422902227312358 off 0.28076104658089895 neg 0.27694873068786535	false	0.5
leid	neg 1.0		__DUMMY__ 0.4415213887183042 off 0.2880738504799957 neg 0.2704047608017002	false	0.5
archaisch	neg 1.0		__DUMMY__ 0.4422321846697264 off 0.2834707618598015 neg 0.274297053470472	false	0.5
scheidung	neg 1.0		__DUMMY__ 0.4430801997314549 neg 0.2786131936789752 off 0.27830660658956985	false	1.0
abgestanden	neg 1.0		__DUMMY__ 0.44255984348007804 off 0.2866373972841022 neg 0.2708027592358198	false	0.5
einschlag	neg 1.0		__DUMMY__ 0.4429976924090318 off 0.2807957071209655 neg 0.2762066004700027	false	0.5
schmierig	off 1.0		__DUMMY__ 0.4416960066645763 off 0.28762583605888203 neg 0.2706781572765417	false	1.0
unpraktisch	neg 1.0		__DUMMY__ 0.4419323019617532 off 0.2866467252799861 neg 0.2714209727582607	false	0.5
wixxer	off 1.0		__DUMMY__ 0.4406446914781594 off 0.29155900264881524 neg 0.2677963058730254	false	1.0
jammerlappen	off 1.0		__DUMMY__ 0.44206589353982606 off 0.28574132335818686 neg 0.2721927831019872	false	1.0
farce	neg 1.0		__DUMMY__ 0.4424384996860291 off 0.2807754252606815 neg 0.2767860750532893	false	0.5
zwecklos	neg 1.0		__DUMMY__ 0.44254998079824703 off 0.2833995166641923 neg 0.27405050253756064	false	0.5
turbulent	neg 1.0		__DUMMY__ 0.44173248389059155 off 0.28295830828949464 neg 0.2753092078199137	false	0.5
schuld	neg 1.0		__DUMMY__ 0.441993989421102 off 0.28496669412723136 neg 0.2730393164516666	false	0.5
risiko	neg 1.0		__DUMMY__ 0.44393112563007486 off 0.2787873095816826 neg 0.2772815647882426	false	0.5
invasion	neg 1.0		__DUMMY__ 0.4328575387875465 neg 0.29458850534077025 off 0.27255395587168313	false	1.0
finster	neg 1.0		__DUMMY__ 0.4423049709226639 off 0.28696978181238364 neg 0.2707252472649524	false	0.5
geisteskrank	off 1.0		__DUMMY__ 0.4422590660572161 off 0.28564851945512754 neg 0.2720924144876563	false	1.0
ausbeute	neg 1.0		__DUMMY__ 0.44436446620681774 off 0.2832838084668002 neg 0.2723517253263821	false	0.5
zusammenbrechen	neg 1.0		__DUMMY__ 0.4420897964393376 off 0.28427693938485893 neg 0.2736332641758035	false	0.5
hinterhalt	neg 1.0		__DUMMY__ 0.4425569029323568 off 0.283321827409077 neg 0.27412126965856626	false	0.5
kritik	neg 1.0		__DUMMY__ 0.4423286716865179 off 0.2810719478897399 neg 0.27659938042374227	false	0.5
einschrumpfen	neg 1.0		__DUMMY__ 0.43976644874442683 off 0.2809563156470647 neg 0.2792772356085085	false	0.5
riskant	neg 1.0		__DUMMY__ 0.44247592306225497 off 0.2834479669533026 neg 0.2740761099844424	false	0.5
frustrieren	neg 1.0		__DUMMY__ 0.44257045517159344 off 0.2838369270217321 neg 0.27359261780667465	false	0.5
groll	neg 1.0		__DUMMY__ 0.44260640963907166 off 0.28316450963781414 neg 0.2742290807231143	false	0.5
qualvoll	neg 1.0		__DUMMY__ 0.4416914365691013 off 0.28578521556277814 neg 0.27252334786812066	false	0.5
wackeln	neg 1.0		__DUMMY__ 0.44257324503566037 off 0.28512311643123905 neg 0.2723036385331007	false	0.5
klagen	neg 1.0		__DUMMY__ 0.4424203872021812 off 0.28136560596324667 neg 0.27621400683457203	false	0.5
trauern	neg 1.0		__DUMMY__ 0.44239014711719016 off 0.2836924348652904 neg 0.2739174180175195	false	0.5
ablehnung	neg 1.0		__DUMMY__ 0.4425578265507721 off 0.2805497687132351 neg 0.27689240473599286	false	0.5
bankrott	neg 1.0		__DUMMY__ 0.44127344467355073 neg 0.2822067107057531 off 0.2765198446206961	false	1.0
stur	neg 1.0		__DUMMY__ 0.4419918231961997 off 0.2845773901419355 neg 0.273430786661865	false	0.5
aufruhr	neg 1.0		__DUMMY__ 0.4433553645069548 off 0.27927946921721536 neg 0.27736516627582997	false	0.5
melancholie	neg 1.0		__DUMMY__ 0.4422234342000774 off 0.28624676679190836 neg 0.27152979900801416	false	0.5
torheit	neg 1.0		__DUMMY__ 0.4423980705987967 off 0.282726298351421 neg 0.27487563104978235	false	0.5
dreckskind	off 1.0		__DUMMY__ 0.4397153875803941 off 0.2942164507713103 neg 0.2660681616482957	false	1.0
umtauschen	neg 1.0		__DUMMY__ 0.4417346557935751 off 0.2866021546312421 neg 0.2716631895751829	false	0.5
zersetzen	neg 1.0		__DUMMY__ 0.44248372763339944 off 0.28233663826142735 neg 0.27517963410517327	false	0.5
frust	neg 1.0		__DUMMY__ 0.44217011581302346 off 0.28415372266782796 neg 0.27367616151914853	false	0.5
unerbittlichkeit	neg 1.0		__DUMMY__ 0.44251723247058405 off 0.28238431374864115 neg 0.2750984537807748	false	0.5
unkorrekt	neg 1.0		__DUMMY__ 0.44159958343165145 off 0.28604556582376367 neg 0.27235485074458476	false	0.5
hexe	off 1.0		__DUMMY__ 0.44237913665398754 off 0.2884477429347955 neg 0.2691731204112169	false	1.0
lasch	neg 1.0		__DUMMY__ 0.442234703529013 off 0.28467489370318577 neg 0.2730904027678013	false	0.5
rivale	neg 1.0		__DUMMY__ 0.44193507581804325 off 0.2794236329831838 neg 0.278641291198773	false	0.5
mutlos	off 1.0		__DUMMY__ 0.44251579624032045 off 0.2828293440908961 neg 0.2746548596687835	false	1.0
wirr	off 1.0		__DUMMY__ 0.4408318604278531 off 0.2879410466005629 neg 0.271227092971584	false	1.0
strafbar	neg 1.0		__DUMMY__ 0.44254457628615695 off 0.283156149547427 neg 0.274299274166416	false	0.5
erosion	neg 1.0	neg 1.0	neg 0.6218299561830047 __DUMMY__ 0.21971616748838638 off 0.15845387632860883	false	1.0
eingehen	neg 1.0		__DUMMY__ 0.4424549021479053 off 0.28348613955972896 neg 0.2740589582923658	false	0.5
faul	off 1.0		__DUMMY__ 0.4413147254786911 off 0.2879526016108635 neg 0.2707326729104454	false	1.0
provisorium	neg 1.0		__DUMMY__ 0.4430170685568564 off 0.28228408587986503 neg 0.2746988455632785	false	0.5
schmerzen	neg 1.0		__DUMMY__ 0.44140653247195294 off 0.28653378557115416 neg 0.27205968195689295	false	0.5
schrumpfen	neg 1.0		__DUMMY__ 0.44306891594424425 off 0.28106517922728147 neg 0.2758659048284743	false	0.5
geistlos	off 1.0		__DUMMY__ 0.4422174150448289 off 0.2844041595340055 neg 0.2733784254211655	false	1.0
frustrierend	neg 1.0		__DUMMY__ 0.44235460286121703 off 0.2859144458839152 neg 0.27173095125486785	false	0.5
fehlkauf	neg 1.0		__DUMMY__ 0.44437932947611636 off 0.28308572489489386 neg 0.2725349456289897	false	0.5
unzufrieden	neg 1.0		__DUMMY__ 0.44259786902326514 off 0.28338358250209833 neg 0.27401854847463636	false	0.5
verzweifeln	neg 1.0		__DUMMY__ 0.44228470077798077 off 0.2845055407610979 neg 0.27320975846092144	false	0.5
verzweifelt	neg 1.0		__DUMMY__ 0.4423939977722316 off 0.28511553941054235 neg 0.27249046281722605	false	0.5
misstrauensantrag	neg 1.0		__DUMMY__ 0.44132255042474094 neg 0.2793916444263877 off 0.27928580514887147	false	1.0
abfallen	neg 1.0		__DUMMY__ 0.44170205322935013 off 0.2866909821300683 neg 0.27160696464058165	false	0.5
fucker	off 1.0		__DUMMY__ 0.5358880080961 off 0.2864382161707559 neg 0.177673775733144	false	1.0
ungezogen	neg 1.0		__DUMMY__ 0.4410975927602186 off 0.28876268290754276 neg 0.2701397243322388	false	0.5
irrsinnig	neg 1.0		__DUMMY__ 0.44215940886993466 off 0.2852086898193864 neg 0.27263190131067877	false	0.5
hart	neg 1.0		__DUMMY__ 0.4394389305061263 off 0.29271482562044515 neg 0.2678462438734286	false	0.5
unfassbar	neg 1.0		__DUMMY__ 0.44258693079620376 off 0.28566244923963047 neg 0.2717506199641657	false	0.5
widerlich	off 1.0		__DUMMY__ 0.44185664705600336 off 0.2861469982512255 neg 0.27199635469277117	false	1.0
fatal			__DUMMY__ 0.42548716560717137 off 0.29019054750178985 neg 0.2843222868910388	false	0.0
bruch	neg 1.0		__DUMMY__ 0.4429351041113171 off 0.28202851245870636 neg 0.27503638342997655	false	0.5
aushungern	neg 1.0		__DUMMY__ 0.4419776565142455 off 0.28141395137795183 neg 0.2766083921078027	false	0.5
anspannung	neg 1.0		__DUMMY__ 0.4428394835706979 off 0.28305187581713753 neg 0.2741086406121645	false	0.5
kraftlos	neg 1.0		__DUMMY__ 0.442478785442943 off 0.28429620152579954 neg 0.27322501303125746	false	0.5
grenzdebil	off 1.0		__DUMMY__ 0.4416855845213405 off 0.28671362757692226 neg 0.2716007879017372	false	1.0
unterwerfen	neg 1.0		__DUMMY__ 0.44241704249113856 off 0.2832559474108801 neg 0.27432701009798127	false	0.5
versenkung	neg 1.0		__DUMMY__ 0.4426694445004331 off 0.28332637102842106 neg 0.2740041844711458	false	0.5
entziehen	neg 1.0		__DUMMY__ 0.44270480359357983 off 0.28253561827648366 neg 0.2747595781299365	false	0.5
finanzkrise	neg 1.0		__DUMMY__ 0.4428177649083366 neg 0.27915768188152745 off 0.278024553210136	false	1.0
schimpfend	neg 1.0		__DUMMY__ 0.44166350022987877 off 0.2861856911445818 neg 0.27215080862553936	false	0.5
profan	neg 1.0		__DUMMY__ 0.4422954448312498 off 0.2854687116550734 neg 0.27223584351367686	false	0.5
korruption	neg 1.0		__DUMMY__ 0.44237215900704885 off 0.28029022768558365 neg 0.2773376133073676	false	0.5
schmutzig	neg 1.0		__DUMMY__ 0.4417300891984525 off 0.2869000842240381 neg 0.27136982657750935	false	0.5
abraten	neg 1.0		__DUMMY__ 0.4421866950974899 off 0.2860007823746177 neg 0.27181252252789245	false	0.5
sexy	neg 1.0		__DUMMY__ 0.40952437435198324 off 0.3071633254872339 neg 0.28331230016078274	false	0.5
fotze	off 1.0		__DUMMY__ 0.43808201603883373 off 0.2976276265610845 neg 0.26429035740008183	false	1.0
schwarz	neg 1.0		__DUMMY__ 0.4430063568944759 off 0.2837919468104892 neg 0.27320169629503493	false	0.5
verwirren	neg 1.0		__DUMMY__ 0.44202720444312393 off 0.28598345069994885 neg 0.27198934485692716	false	0.5
zahnlos	off 1.0		__DUMMY__ 0.4427959760369164 off 0.2834031548807191 neg 0.27380086908236456	false	1.0
verheeren	neg 1.0		__DUMMY__ 0.44227263398887406 neg 0.27992627139236803 off 0.27780109461875796	false	1.0
rammen	neg 1.0		__DUMMY__ 0.441893167280639 off 0.2869662503076111 neg 0.2711405824117498	false	0.5
unlauter	neg 1.0		__DUMMY__ 0.4419529318561812 off 0.2802035294122627 neg 0.2778435387315561	false	0.5
unheilvoll	neg 1.0		__DUMMY__ 0.4416238027850481 off 0.28547023908807645 neg 0.2729059581268754	false	0.5
niedrig	neg 1.0		__DUMMY__ 0.44422375535659175 off 0.27996130956258775 neg 0.27581493508082056	false	0.5
weichei	off 1.0		__DUMMY__ 0.441360545062378 off 0.28863240609325375 neg 0.27000704884436816	false	1.0
explosion	neg 1.0		__DUMMY__ 0.43876947900528596 neg 0.28612721718915735 off 0.27510330380555675	false	1.0
minusmensch	off 1.0		__DUMMY__ 0.4405686431465113 off 0.29339675516023284 neg 0.26603460169325577	false	1.0
farblos	neg 1.0		__DUMMY__ 0.44389068517919755 off 0.2841138687232826 neg 0.27199544609751974	false	0.5
unwissend	neg 1.0		__DUMMY__ 0.44196918974817834 off 0.28608219085588565 neg 0.2719486193959361	false	0.5
traurig	neg 1.0		__DUMMY__ 0.4417535844000602 off 0.28716633324341595 neg 0.27108008235652387	false	0.5
senkung	neg 1.0		__DUMMY__ 0.4418507544369691 neg 0.28198911157877904 off 0.2761601339842519	false	1.0
ungleich	neg 1.0		__DUMMY__ 0.44242830770320624 off 0.2830202225262113 neg 0.2745514697705824	false	0.5
heikel	neg 1.0		__DUMMY__ 0.4422982992977118 off 0.2832530710116096 neg 0.27444862969067857	false	0.5
drosselung	neg 1.0		__DUMMY__ 0.4423993932370848 neg 0.28065779038408456 off 0.27694281637883056	false	1.0
falsch	neg 1.0		__DUMMY__ 0.4420072318387893 off 0.2859978527922238 neg 0.27199491536898684	false	0.5
unzufriedenheit	neg 1.0		__DUMMY__ 0.442502107896236 off 0.28236808993738627 neg 0.27512980216637767	false	0.5
kurz	neg 1.0		__DUMMY__ 0.44240977500371564 off 0.28557407564416454 neg 0.27201614935211965	false	0.5
unsinnig	neg 1.0		__DUMMY__ 0.4421013894859444 off 0.2839252473085121 neg 0.2739733632055434	false	0.5
penner	off 1.0		__DUMMY__ 0.44131416508897425 off 0.28835456544494886 neg 0.2703312694660768	false	1.0
seicht	neg 1.0		__DUMMY__ 0.44209391318665475 off 0.2866635963462038 neg 0.27124249046714144	false	0.5
dummheit	off 1.0		__DUMMY__ 0.44205572634483803 off 0.2847834299283109 neg 0.2731608437268511	false	1.0
unerfreulich	neg 1.0		__DUMMY__ 0.4425783774831984 off 0.28307781670611487 neg 0.2743438058106866	false	0.5
pikiert	neg 1.0		__DUMMY__ 0.44209079808372354 off 0.28584626465225754 neg 0.2720629372640189	false	0.5
motherfucker	off 1.0		__DUMMY__ 0.5249542719267695 off 0.28526170080316404 neg 0.1897840272700664	false	1.0
wrack	neg 1.0		__DUMMY__ 0.4428538233189462 off 0.2832039558195719 neg 0.273942220861482	false	0.5
gangster	neg 1.0		__DUMMY__ 0.4726796155767093 off 0.29832093022713985 neg 0.22899945419615075	false	0.5
krank	neg 1.0		__DUMMY__ 0.4416836131677304 off 0.28753350363148594 neg 0.2707828832007836	false	0.5
reich	neg 1.0		__DUMMY__ 0.4427180259897353 off 0.2831672458905383 neg 0.2741147281197263	false	0.5
gnadenlos	neg 1.0		__DUMMY__ 0.44240677420267605 off 0.28504163165798657 neg 0.2725515941393374	false	0.5
niedergeschlagen	neg 1.0		__DUMMY__ 0.4424331942073053 off 0.28424824388636505 neg 0.27331856190632975	false	0.5
terrorisieren	off 1.0	off 1.0	off 0.6308980732971262 __DUMMY__ 0.21489673153255454 neg 0.1542051951703193	false	1.0
sinnlosigkeit	neg 1.0		__DUMMY__ 0.4422598401369482 off 0.28369734966366367 neg 0.27404281019938814	false	0.5
behindern	neg 1.0		__DUMMY__ 0.44323833706313537 off 0.2801070067105936 neg 0.27665465622627106	false	0.5
undemokratisch	neg 1.0		__DUMMY__ 0.4415635609904616 off 0.28235300142707187 neg 0.27608343758246645	false	0.5
wirtschaftskrise	neg 1.0		__DUMMY__ 0.44312672791348495 off 0.27875252011647417 neg 0.2781207519700409	false	0.5
neid	neg 1.0		__DUMMY__ 0.4426005773561669 off 0.2857757391651255 neg 0.2716236834787075	false	0.5
rutschen	neg 1.0		__DUMMY__ 0.44310699160918865 off 0.28402972031051477 neg 0.27286328808029664	false	0.5
rezession	neg 1.0		__DUMMY__ 0.44328164717637536 neg 0.2796892489655134 off 0.27702910385811125	false	1.0
fehlgeburt	neg 1.0		__DUMMY__ 0.44136306082101184 off 0.2863344120485623 neg 0.27230252713042585	false	0.5
charakterschwach	off 1.0		__DUMMY__ 0.4420376068402802 off 0.2856251126631202 neg 0.27233728049659955	false	1.0
isolation	neg 1.0		__DUMMY__ 0.43562434764255603 neg 0.29060500693722563 off 0.2737706454202184	false	1.0
ablenkung	neg 1.0		__DUMMY__ 0.44215523933756684 off 0.2851534492315394 neg 0.2726913114308938	false	0.5
pech	neg 1.0		__DUMMY__ 0.44223923592137243 off 0.28685873927778904 neg 0.2709020248008386	false	0.5
dominieren	neg 1.0		__DUMMY__ 0.4437868078293754 off 0.2794580212832744 neg 0.27675517088735013	false	0.5
vermeidung	neg 1.0		__DUMMY__ 0.44153787092683877 neg 0.2822201731930415 off 0.27624195588011974	false	1.0
schwindlig	neg 1.0		__DUMMY__ 0.4414309640599945 off 0.2882076010862951 neg 0.2703614348537105	false	0.5
lutscher	neg 1.0		__DUMMY__ 0.44039147263249334 off 0.29187859388862875 neg 0.2677299334788778	false	0.5
pflicht	neg 1.0		__DUMMY__ 0.4426888814594221 off 0.2828669419025398 neg 0.27444417663803794	false	0.5
faschist	off 1.0		__DUMMY__ 0.44191901399970435 off 0.28447316815325974 neg 0.2736078178470359	false	1.0
verschleudern	neg 1.0		__DUMMY__ 0.44273710892464846 off 0.2805775000897319 neg 0.27668539098561956	false	0.5
ehebruch	neg 1.0		__DUMMY__ 0.4424702468660241 off 0.28353480344594795 neg 0.273994949688028	false	0.5
trostlosigkeit	neg 1.0		__DUMMY__ 0.4425241707086006 off 0.28264791613261125 neg 0.27482791315878813	false	0.5
lutschen	neg 1.0		__DUMMY__ 0.439223287237039 off 0.2926587684958339 neg 0.26811794426712726	false	0.5
spott	off 1.0		__DUMMY__ 0.4424629691999944 off 0.28294541897723324 neg 0.2745916118227724	false	1.0
undiszipliniert	neg 1.0		__DUMMY__ 0.441578657602416 off 0.28717860036254905 neg 0.2712427420350348	false	0.5
kopfschmerz	neg 1.0		__DUMMY__ 0.4413568298653722 off 0.286141819396965 neg 0.27250135073766274	false	0.5
unvorhergesehen	neg 1.0		__DUMMY__ 0.44266346368877724 off 0.28462618140455365 neg 0.2727103549066692	false	0.5
desinteressiert	neg 1.0		__DUMMY__ 0.44187665824813227 off 0.2869174550069941 neg 0.27120588674487367	false	0.5
armselig	off 1.0		__DUMMY__ 0.44237426540194075 off 0.2855807040491461 neg 0.2720450305489131	false	1.0
tod	neg 1.0		__DUMMY__ 0.44270949608663235 off 0.2826977131197868 neg 0.2745927907935809	false	0.5
desaster	neg 1.0		__DUMMY__ 0.4428235831654098 off 0.2812630949437055 neg 0.2759133218908848	false	0.5
herzlos	neg 1.0		__DUMMY__ 0.44189716980887206 off 0.286904540903717 neg 0.2711982892874109	false	0.5
unwissenheit	neg 1.0		__DUMMY__ 0.442045391013615 off 0.283068690508832 neg 0.274885918477553	false	0.5
widersinnig	neg 1.0		__DUMMY__ 0.44216478477043647 off 0.2819149721312767 neg 0.2759202430982869	false	0.5
bedenklich	neg 1.0		__DUMMY__ 0.44232441810031753 off 0.2832146187018642 neg 0.2744609631978184	false	0.5
beanstanden	neg 1.0		__DUMMY__ 0.44273189936599266 off 0.28240654738179216 neg 0.27486155325221506	false	0.5
panisch	neg 1.0		__DUMMY__ 0.44173096004523343 off 0.2862886354744716 neg 0.27198040448029487	false	0.5
abstrich	neg 1.0		__DUMMY__ 0.44107812218924364 off 0.28611058110990506 neg 0.2728112967008513	false	0.5
debil	off 1.0		__DUMMY__ 0.43608106918366346 off 0.2996774077827422 neg 0.2642415230335944	false	1.0
primitiv	neg 1.0		__DUMMY__ 0.4424252500826667 off 0.28590875023961265 neg 0.2716659996777207	false	0.5
abschaum	off 1.0		__DUMMY__ 0.442123945248548 off 0.285404076369229 neg 0.2724719783822231	false	1.0
tot	neg 1.0		__DUMMY__ 0.44172947199547763 off 0.2864470581137282 neg 0.2718234698907942	false	0.5
provozieren	neg 1.0		__DUMMY__ 0.4422106898495019 off 0.28468089915243855 neg 0.2731084109980596	false	0.5
instabil	neg 1.0		__DUMMY__ 0.44307394008637274 off 0.2838177427953859 neg 0.2731083171182414	false	0.5
schwuchtel	off 1.0		__DUMMY__ 0.43985137510957073 off 0.2926464560297595 neg 0.2675021688606698	false	1.0
zerren	neg 1.0		__DUMMY__ 0.4422139990538073 off 0.28450568288421535 neg 0.27328031806197733	false	0.5
kinderficker	off 1.0		__DUMMY__ 0.44146976153283174 off 0.2860879360397676 neg 0.2724423024274006	false	1.0
gefahr	neg 1.0		__DUMMY__ 0.4431548566983365 off 0.2799433134295722 neg 0.2769018298720914	false	0.5
rabiat	neg 1.0		__DUMMY__ 0.44253194468433776 off 0.2845760129902818 neg 0.2728920423253804	false	0.5
verlangsamung	neg 1.0		__DUMMY__ 0.4440416231425113 off 0.2779919399555449 neg 0.2779664369019439	false	0.5
anklagen	neg 1.0		__DUMMY__ 0.4422744071982846 off 0.2802854743669198 neg 0.27744011843479566	false	0.5
ausgestorben	neg 1.0		__DUMMY__ 0.44282659801506924 off 0.28401707144234395 neg 0.2731563305425868	false	0.5
verminderung	neg 1.0		__DUMMY__ 0.4419771111263654 neg 0.2821196762601862 off 0.27590321261344836	false	1.0
rost	neg 1.0		__DUMMY__ 0.4452472621559931 off 0.2806368513841813 neg 0.2741158864598256	false	0.5
destruktiv	neg 1.0		__DUMMY__ 0.4422201121597948 off 0.28367025468491797 neg 0.27410963315528725	false	0.5
unzumutbarkeit	neg 1.0		__DUMMY__ 0.44271661121911227 off 0.28009189490993996 neg 0.2771914938709477	false	0.5
labil	off 1.0	off 1.0	off 0.7109743869988133 __DUMMY__ 0.17583124894901672 neg 0.11319436405216982	false	1.0
ziemlich	neg 1.0		__DUMMY__ 0.4419049377653652 off 0.2869874282960187 neg 0.27110763393861614	false	0.5
lachnummer	off 1.0		__DUMMY__ 0.4425124719032507 off 0.2836442399249437 neg 0.2738432881718056	false	1.0
ausgrenzung	neg 1.0		__DUMMY__ 0.44219764814856866 off 0.28090358068257765 neg 0.2768987711688538	false	0.5
verfall	neg 1.0		__DUMMY__ 0.4426879210547751 off 0.28128250186039866 neg 0.27602957708482617	false	0.5
unordnung	neg 1.0	neg 1.0	neg 0.6215684331262407 __DUMMY__ 0.2168892814117436 off 0.16154228546201574	false	1.0
fehlverhalten	neg 1.0		__DUMMY__ 0.44243495658476606 off 0.2823698768672048 neg 0.27519516654802906	false	0.5
nille	neg 1.0		__DUMMY__ 0.43658747790760266 off 0.30033536842132913 neg 0.26307715367106815	false	0.5
qual	neg 1.0		__DUMMY__ 0.41122538530879776 off 0.2968238875399029 neg 0.2919507271512994	false	0.5
riesig	neg 1.0		__DUMMY__ 0.4421094000892589 off 0.2902638734316428 neg 0.26762672647909824	false	0.5
verschwenden	neg 1.0		__DUMMY__ 0.442302937131192 off 0.2837902291816152 neg 0.2739068336871928	false	0.5
verurteilen	neg 1.0		__DUMMY__ 0.4421652656149798 off 0.28302421650335574 neg 0.27481051788166455	false	0.5
klischee	neg 1.0		__DUMMY__ 0.44229584854394693 off 0.2854335080965304 neg 0.2722706433595226	false	0.5
diktatorisch	neg 1.0		__DUMMY__ 0.44166223170214974 off 0.2827229750712393 neg 0.27561479322661087	false	0.5
vorhersehbar	neg 1.0		__DUMMY__ 0.4426084455259448 off 0.2847818987559243 neg 0.2726096557181309	false	0.5
stornieren	neg 1.0		__DUMMY__ 0.4422984999492263 off 0.28295323969440545 neg 0.2747482603563683	false	0.5
besteuerung	neg 1.0		__DUMMY__ 0.4426160757347086 neg 0.28066735762635137 off 0.27671656663893995	false	1.0
ungeschminkt	neg 1.0		__DUMMY__ 0.4401895014371571 off 0.29080552343834376 neg 0.2690049751244991	false	0.5
kritisch	neg 1.0		__DUMMY__ 0.44246225725113614 off 0.28291376153053976 neg 0.2746239812183241	false	0.5
schlamperei	off 1.0		__DUMMY__ 0.4426102681565082 off 0.2804336253925209 neg 0.2769561064509709	false	1.0
sucht	neg 1.0		__DUMMY__ 0.4446682981095127 off 0.28305586635844326 neg 0.272275835532044	false	0.5
egoistisch	off 1.0		__DUMMY__ 0.4414146639146606 off 0.28728126195704967 neg 0.27130407412828966	false	1.0
ausbeuter	off 1.0		__DUMMY__ 0.44242862123022314 off 0.28247620929555023 neg 0.2750951694742267	false	1.0
arschgeburt			__DUMMY__ 0.4393960734747194 off 0.2937493555936829 neg 0.26685457093159753	false	0.0
schubs	neg 1.0		__DUMMY__ 0.441131325309637 off 0.28753313615436854 neg 0.2713355385359946	false	0.5
unsolide	neg 1.0		__DUMMY__ 0.44180666766012877 off 0.28242022561857866 neg 0.27577310672129246	false	0.5
beschwerde	neg 1.0		__DUMMY__ 0.4421659946096009 off 0.28070752441012925 neg 0.27712648098026993	false	0.5
stocken	neg 1.0		__DUMMY__ 0.44363016927262067 off 0.2787503293707496 neg 0.2776195013566297	false	0.5
isolieren	neg 1.0		__DUMMY__ 0.44291492775045677 off 0.27964919595151944 neg 0.2774358762980238	false	0.5
unheilbar	neg 1.0		__DUMMY__ 0.4422408266473224 off 0.2844253373494897 neg 0.27333383600318784	false	0.5
pisser	off 1.0		__DUMMY__ 0.43944935368865007 off 0.29369731993824266 neg 0.26685332637310716	false	1.0
löschen	neg 1.0		__DUMMY__ 0.43754948138711575 off 0.28738056469964285 neg 0.27506995391324124	false	0.5
durchfallen	neg 1.0		__DUMMY__ 0.44211782592386056 off 0.2837383074648676 neg 0.274143866611272	false	0.5
wichser	off 1.0		__DUMMY__ 0.4413222143534669 off 0.2886588953515356 neg 0.2700188902949973	false	1.0
terror	neg 1.0		__DUMMY__ 0.43845715353958936 neg 0.28389876480674686 off 0.2776440816536638	false	1.0
krass	neg 1.0		__DUMMY__ 0.4404911128071729 off 0.2906025675710922 neg 0.2689063196217347	false	0.5
revolte	neg 1.0		__DUMMY__ 0.44297369364958633 off 0.2792986985248052 neg 0.27772760782560846	false	0.5
besorgt	neg 1.0		__DUMMY__ 0.44227729931276055 off 0.2845320184534548 neg 0.2731906822337846	false	0.5
nachlassen	neg 1.0		__DUMMY__ 0.4427043073562187 off 0.28290100734282553 neg 0.27439468530095584	false	0.5
alt	neg 1.0		__DUMMY__ 0.44264999486461365 off 0.2877424834362592 neg 0.2696075216991273	false	0.5
hundesohn	off 1.0		__DUMMY__ 0.4383574045621434 off 0.29620504665598424 neg 0.2654375487818723	false	1.0
abschreckung	neg 1.0		__DUMMY__ 0.4423863903099039 off 0.2819051930705725 neg 0.2757084166195236	false	0.5
unqualifiziert	neg 1.0		__DUMMY__ 0.44184655286513885 off 0.28458611168747056 neg 0.27356733544739065	false	0.5
abgewichst	off 1.0		__DUMMY__ 0.4375782207395982 off 0.2978934513355265 neg 0.26452832792487535	false	1.0
kapitulation	neg 1.0		__DUMMY__ 0.44269180641480543 off 0.28067342540425827 neg 0.27663476818093624	false	0.5
schwer	neg 1.0		__DUMMY__ 0.4425404246299214 off 0.28472752243029176 neg 0.27273205293978686	false	0.5
bedeutungslosigkeit	neg 1.0		__DUMMY__ 0.44271401991548265 off 0.2822678120501498 neg 0.2750181680343674	false	0.5
unscharf	neg 1.0		__DUMMY__ 0.4410235921027525 off 0.2885392365840174 neg 0.27043717131323014	false	0.5
schwinden	neg 1.0		__DUMMY__ 0.44327125346852453 off 0.2792940056929648 neg 0.2774347408385107	false	0.5
versklavung	neg 1.0		__DUMMY__ 0.44198465907600576 off 0.28023528349540405 neg 0.2777800574285902	false	0.5
schlecht	neg 1.0		__DUMMY__ 0.4420191780219566 off 0.286434543002019 neg 0.2715462789760244	false	0.5
verhasst	neg 1.0		__DUMMY__ 0.4423623655048831 off 0.28404760669180673 neg 0.27359002780331015	false	0.5
beschweren	neg 1.0		__DUMMY__ 0.4425228163668851 off 0.2849649988497555 neg 0.2725121847833593	false	0.5
scheiden	neg 1.0		__DUMMY__ 0.4426094884349764 off 0.2849392475274878 neg 0.272451264037536	false	0.5
frustriert	neg 1.0		__DUMMY__ 0.4423197322558154 off 0.28439088822426223 neg 0.2732893795199223	false	0.5
schimmelig	neg 1.0		__DUMMY__ 0.44069037577426434 off 0.2906311908289961 neg 0.2686784333967396	false	0.5
fisch	neg 1.0		__DUMMY__ 0.44281068183471384 off 0.2876194202544254 neg 0.26956989791086083	false	0.5
schmuggel	neg 1.0		__DUMMY__ 0.4425441421905956 off 0.28327853954367027 neg 0.2741773182657342	false	0.5
auffallen	neg 1.0		__DUMMY__ 0.44233097998466686 off 0.2849607702639661 neg 0.27270824975136715	false	0.5
konkurrenz	neg 1.0		__DUMMY__ 0.44270121830001463 off 0.28246225562292393 neg 0.2748365260770614	false	0.5
teufelskreis	neg 1.0		__DUMMY__ 0.4425230855358236 off 0.28415042119375056 neg 0.2733264932704258	false	0.5
aufschreien	neg 1.0		__DUMMY__ 0.4423307741887435 off 0.2855766150829903 neg 0.27209261072826624	false	0.5
missgeburt	off 1.0		__DUMMY__ 0.43992933650863064 off 0.2935645778805589 neg 0.26650608561081035	false	1.0
schuldner	neg 1.0		__DUMMY__ 0.4427669467047221 off 0.2796319112386897 neg 0.2776011420565881	false	0.5
befallen	neg 1.0		__DUMMY__ 0.44167978007516945 off 0.28230980255777727 neg 0.2760104173670534	false	0.5
arbeitslos	neg 1.0		__DUMMY__ 0.44243521000898367 off 0.28363178186293975 neg 0.27393300812807664	false	0.5
miesepetrig	off 1.0		__DUMMY__ 0.441824389880299 off 0.28657406385477735 neg 0.2716015462649236	false	1.0
alarmieren	neg 1.0		__DUMMY__ 0.443043030532065 neg 0.2784846784042211 off 0.27847229106371396	false	1.0
ungeduscht	off 1.0		__DUMMY__ 0.44059000636871126 off 0.28929771436806245 neg 0.27011227926322623	false	1.0
knappheit	neg 1.0		__DUMMY__ 0.44307465690141395 off 0.2795834376938131 neg 0.277341905404773	false	0.5
schlange	neg 1.0		__DUMMY__ 0.44251331987701653 off 0.2853692718348386 neg 0.2721174082881449	false	0.5
harsch	neg 1.0		__DUMMY__ 0.4423255800658986 off 0.28022900100044057 neg 0.2774454189336609	false	0.5
lang	neg 1.0	neg 1.0	neg 0.57480672786343 __DUMMY__ 0.24189744021359616 off 0.18329583192297372	false	1.0
ziellos	neg 1.0		__DUMMY__ 0.44261054651058024 off 0.28407942731323205 neg 0.27331002617618766	false	0.5
selbstverliebt	neg 1.0		__DUMMY__ 0.4410883081510419 off 0.28965166579100404 neg 0.2692600260579542	false	0.5
beseitigen	neg 1.0		__DUMMY__ 0.4432166594693815 off 0.2797976570843211 neg 0.2769856834462975	false	0.5
dumm	off 1.0		__DUMMY__ 0.4414450317058605 off 0.2880875873873317 neg 0.2704673809068077	false	1.0
arbeitsloser	neg 1.0		__DUMMY__ 0.44255151792982195 off 0.28334307647505175 neg 0.27410540559512625	false	0.5
blitzen	neg 1.0		__DUMMY__ 0.4434612663020489 off 0.28450232405830045 neg 0.27203640963965064	false	0.5
hilflos	neg 1.0		__DUMMY__ 0.44201183600944116 off 0.28455605401479783 neg 0.27343210997576106	false	0.5
eklig	off 1.0		__DUMMY__ 0.44075141124953526 off 0.2898776322639614 neg 0.2693709564865034	false	1.0
hungersnot	neg 1.0		__DUMMY__ 0.4431590270144272 off 0.2802652378027941 neg 0.2765757351827787	false	0.5
ungesetzlich	neg 1.0		__DUMMY__ 0.44211827514085833 off 0.2818929637785563 neg 0.27598876108058534	false	0.5
verschwendung	neg 1.0		__DUMMY__ 0.4423700129007571 off 0.28336084410692414 neg 0.27426914299231875	false	0.5
schmerzvoll	neg 1.0		__DUMMY__ 0.44207378966655675 off 0.2856393881253629 neg 0.27228682220808054	false	0.5
vorzeitig	neg 1.0		__DUMMY__ 0.44294443367203706 neg 0.27860708529769995 off 0.27844848103026304	false	1.0
unvollkommenheit	neg 1.0		__DUMMY__ 0.4423642236226011 off 0.2840778349029543 neg 0.27355794147444473	false	0.5
intervenieren	neg 1.0		__DUMMY__ 0.44223526939344965 off 0.28198371317419063 neg 0.2757810174323597	false	0.5
banause	off 1.0		__DUMMY__ 0.44113388704570483 off 0.28856230405518213 neg 0.2703038088991131	false	1.0
rebell	neg 1.0		__DUMMY__ 0.4382766199793042 off 0.2938533973182087 neg 0.2678699827024871	false	0.5
unlogisch	neg 1.0		__DUMMY__ 0.4416301321233693 off 0.2868885354848799 neg 0.2714813323917507	false	0.5
abschaffung	neg 1.0		__DUMMY__ 0.4420654549057819 off 0.2791738259494453 neg 0.27876071914477285	false	0.5
leiden	neg 1.0		__DUMMY__ 0.44253805503966864 off 0.2850533718351115 neg 0.2724085731252198	false	0.5
sturz	neg 1.0		__DUMMY__ 0.44315082062882366 off 0.27989453169116624 neg 0.2769546476800101	false	0.5
verkleinerung	neg 1.0		__DUMMY__ 0.44262969038996225 neg 0.27927916232262684 off 0.2780911472874109	false	1.0
schmarotzer	off 1.0		__DUMMY__ 0.4421592647139316 off 0.28385189920165205 neg 0.2739888360844165	false	1.0
bestrafung	neg 1.0		__DUMMY__ 0.44224488024396513 off 0.28520967434292865 neg 0.27254544541310616	false	0.5
achtlos	neg 1.0		__DUMMY__ 0.44209565461340716 off 0.284513109973171 neg 0.27339123541342175	false	0.5
ungeheuer	neg 1.0		__DUMMY__ 0.4426644820374374 off 0.2860817914865551 neg 0.27125372647600754	false	0.5
unaufrichtig	neg 1.0		__DUMMY__ 0.4413169991198199 off 0.28508951543986943 neg 0.27359348544031065	false	0.5
groggy	neg 1.0		__DUMMY__ 0.44164170687632076 off 0.2900287643236021 neg 0.2683295288000774	false	0.5
verletzlich	neg 1.0		__DUMMY__ 0.4418599144542355 off 0.2867500063308482 neg 0.27139007921491637	false	0.5
ablehnen	neg 1.0		__DUMMY__ 0.4421496501431828 off 0.2828965701308282 neg 0.2749537797259891	false	0.5
kollaps	neg 1.0		__DUMMY__ 0.44288308667420084 neg 0.278991479215194 off 0.2781254341106051	false	1.0
beschnitten	neg 1.0		__DUMMY__ 0.4422438870195339 off 0.28504528363112774 neg 0.2727108293493384	false	0.5
defekt	neg 1.0		__DUMMY__ 0.4423719165500204 off 0.2791567630376721 neg 0.2784713204123074	false	0.5
dreckskerl	off 1.0		__DUMMY__ 0.44140803710893595 off 0.2870362708250773 neg 0.2715556920659868	false	1.0
deine	neg 1.0		__DUMMY__ 0.4412285754785649 off 0.2884083923677681 neg 0.2703630321536669	false	0.5
aufgeben	neg 1.0		__DUMMY__ 0.4427949135765227 off 0.2850892057487252 neg 0.2721158806747522	false	0.5
durcheinander	neg 1.0		__DUMMY__ 0.4423387773566158 off 0.2858031698605141 neg 0.27185805278287	false	0.5
unterbrechen	neg 1.0		__DUMMY__ 0.4425049648810933 off 0.2840021144845863 neg 0.2734929206343204	false	0.5
vergammeln	neg 1.0		__DUMMY__ 0.4423252605912508 off 0.28551484927891957 neg 0.2721598901298295	false	0.5
grotesk	neg 1.0		__DUMMY__ 0.44258437143750656 off 0.2836237031568784 neg 0.27379192540561503	false	0.5
elendig	neg 1.0		__DUMMY__ 0.4419388573426743 off 0.28572423008972236 neg 0.2723369125676035	false	0.5
naiv	off 1.0		__DUMMY__ 0.4425180583819843 off 0.2851984693496045 neg 0.2722834722684111	false	1.0
uneinigkeit	neg 1.0		__DUMMY__ 0.44261050071082964 off 0.2795392801938763 neg 0.2778502190952941	false	0.5
fragil	neg 1.0		__DUMMY__ 0.43554302226056407 neg 0.2860517023542836 off 0.2784052753851523	false	1.0
provisorisch	neg 1.0		__DUMMY__ 0.44308023425358245 off 0.28350906836104456 neg 0.27341069738537294	false	0.5
landei	off 1.0		__DUMMY__ 0.44193422595253434 off 0.28836020993657274 neg 0.269705564110893	false	1.0
bedauerlich	neg 1.0		__DUMMY__ 0.4424419864974153 off 0.2833420231441144 neg 0.2742159903584704	false	0.5
krieg	neg 1.0		__DUMMY__ 0.4422915819610324 off 0.28433296895963495 neg 0.27337544907933276	false	0.5
traurigkeit	neg 1.0		__DUMMY__ 0.4423760008349637 off 0.2849006484120524 neg 0.27272335075298393	false	0.5
monotonie	neg 1.0		__DUMMY__ 0.44273805652335757 off 0.28365763311725717 neg 0.27360431035938526	false	0.5
unliebsam	neg 1.0		__DUMMY__ 0.44236461437108127 off 0.2842292476208908 neg 0.27340613800802793	false	0.5
drift	neg 1.0		__DUMMY__ 0.38977039019127774 neg 0.32111643890890545 off 0.2891131708998167	false	1.0
chaos	neg 1.0		__DUMMY__ 0.4424671614232501 off 0.2814403212036302 neg 0.2760925173731196	false	0.5
blutig	neg 1.0		__DUMMY__ 0.4424221299279008 off 0.2855442417186412 neg 0.27203362835345796	false	0.5
machtlos	neg 1.0		__DUMMY__ 0.44235255425858766 off 0.2830916916590794 neg 0.27455575408233307	false	0.5
