unsolidarisch	neg 1.0		off 0.3646970979786611 neg 0.3539624344033114 __DUMMY__ 0.28134046761802756	false	0.5
nachteilig	neg 1.0		off 0.36369856839907666 neg 0.3543744237247949 __DUMMY__ 0.28192700787612845	false	0.5
skeptisch	neg 1.0		off 0.3645296237857521 neg 0.35351746560472797 __DUMMY__ 0.2819529106095199	false	0.5
schrecklich	neg 1.0		off 0.36930173228498775 neg 0.34949966886609096 __DUMMY__ 0.28119859884892123	false	0.5
schlapp	neg 1.0		off 0.36949339905744416 neg 0.34915258136771704 __DUMMY__ 0.28135401957483863	false	0.5
abfall	neg 1.0		off 0.3637246301149095 neg 0.3540367677181812 __DUMMY__ 0.2822386021669094	false	0.5
widerspenstig	neg 1.0		off 0.36680510553640616 neg 0.3516798941020408 __DUMMY__ 0.281515000361553	false	0.5
abrupt	neg 1.0		off 0.3654379302536029 neg 0.3524227725418224 __DUMMY__ 0.2821392972045748	false	0.5
unwirksam	neg 1.0		neg 0.3590812515977541 off 0.3589795615940111 __DUMMY__ 0.28193918680823477	false	1.0
angreifen	neg 1.0		off 0.3645340591036198 neg 0.35359786678539123 __DUMMY__ 0.2818680741109891	false	0.5
inkonsistent	neg 1.0		off 0.3665885952581897 neg 0.35140740358406686 __DUMMY__ 0.2820040011577435	false	0.5
abrutschen	neg 1.0		off 0.36452763421598955 neg 0.35356666100217593 __DUMMY__ 0.28190570478183447	false	0.5
unsicher	neg 1.0		off 0.3665726386811348 neg 0.3516459013558271 __DUMMY__ 0.28178145996303816	false	0.5
bauernkind	off 1.0		off 0.3733660671793362 neg 0.3462496197377022 __DUMMY__ 0.2803843130829615	false	1.0
angreifer	neg 1.0		off 0.3618272314693784 neg 0.35644302984885773 __DUMMY__ 0.2817297386817639	false	0.5
trennen	neg 1.0		off 0.3655007327153221 neg 0.35218082550881014 __DUMMY__ 0.2823184417758679	false	0.5
schmutz	neg 1.0		off 0.36197834527392475 neg 0.35592805544969464 __DUMMY__ 0.28209359927638045	false	0.5
inkonsistenz	neg 1.0		off 0.3673299295888887 neg 0.35111774195911133 __DUMMY__ 0.28155232845199996	false	0.5
erschreckend	neg 1.0		off 0.365332636148726 neg 0.35285282827514164 __DUMMY__ 0.28181453557613234	false	0.5
ertrinken	neg 1.0		off 0.3658329576562403 neg 0.35267239821959 __DUMMY__ 0.2814946441241698	false	0.5
pickelface	off 1.0		off 0.377787374349518 neg 0.34267338218807203 __DUMMY__ 0.27953924346241016	false	1.0
lauch	neg 1.0		off 0.3748800755680712 neg 0.345090335043966 __DUMMY__ 0.2800295893879627	false	0.5
steuerhinterziehung	neg 1.0		off 0.36161517384693476 neg 0.3567135330024699 __DUMMY__ 0.28167129315059547	false	0.5
unwichtig	neg 1.0		off 0.3674040096089165 neg 0.3509809861598147 __DUMMY__ 0.28161500423126873	false	0.5
schock	neg 1.0		off 0.3665967171107139 neg 0.3513490164846159 __DUMMY__ 0.2820542664046702	false	0.5
vergelten	neg 1.0		off 0.36405800604489463 neg 0.3550153388180033 __DUMMY__ 0.280926655137102	false	0.5
beule	neg 1.0		off 0.370208935871986 neg 0.34862544031420456 __DUMMY__ 0.28116562381380944	false	0.5
verdorbenheit	neg 1.0		off 0.36437363595482114 neg 0.3522376785752738 __DUMMY__ 0.28338868546990503	false	0.5
trauma			off 0.39224151509340066 neg 0.3526469392179341 __DUMMY__ 0.2551115456886653	false	0.0
sinnlos	neg 1.0		off 0.3673338369820052 neg 0.3510992650996563 __DUMMY__ 0.2815668979183384	false	0.5
fettsack	off 1.0		off 0.3729315990491664 neg 0.34633600029440054 __DUMMY__ 0.28073240065643296	false	1.0
feige	off 1.0		off 0.36735202869971806 neg 0.3509467652930205 __DUMMY__ 0.2817012060072615	false	1.0
abdanken	neg 1.0		off 0.3647926023511381 neg 0.35360326754819965 __DUMMY__ 0.2816041301006621	false	0.5
wichtigtuer	off 1.0	off 1.0	off 0.6722447049498483 neg 0.19266626293929326 __DUMMY__ 0.1350890321108585	false	1.0
misslingen	neg 1.0		off 0.36671015202398477 neg 0.35186180831602487 __DUMMY__ 0.28142803965999036	false	0.5
untreu	off 1.0		off 0.36743630324184556 neg 0.3508791502318331 __DUMMY__ 0.2816845465263214	false	1.0
missmutig	neg 1.0		off 0.36666288579321255 neg 0.3514756277630265 __DUMMY__ 0.281861486443761	false	0.5
hurenbock	off 1.0		off 0.3731145399726336 neg 0.34683977187423354 __DUMMY__ 0.2800456881531328	false	1.0
betrunken	neg 1.0		off 0.369368442891884 neg 0.3494982737379876 __DUMMY__ 0.2811332833701283	false	0.5
korrupt	off 1.0		off 0.3646065825114903 neg 0.3538641617483266 __DUMMY__ 0.28152925574018306	false	1.0
unmut	neg 1.0		off 0.3632014462842244 neg 0.3548248189020907 __DUMMY__ 0.28197373481368493	false	0.5
hackfresse	off 1.0		off 0.37024815799223854 neg 0.3488192158834258 __DUMMY__ 0.2809326261243357	false	1.0
aufblasen	neg 1.0		off 0.3673320670014381 neg 0.3510401106517717 __DUMMY__ 0.28162782234679024	false	0.5
gewaltsam	neg 1.0		off 0.36249928683210303 neg 0.35565772284744407 __DUMMY__ 0.281842990320453	false	0.5
unbeliebtheit	neg 1.0		off 0.3615813342588999 neg 0.35652471224739624 __DUMMY__ 0.28189395349370394	false	0.5
sturheit	neg 1.0		off 0.3646185073352639 neg 0.3536207262421356 __DUMMY__ 0.2817607664226004	false	0.5
kuh	neg 1.0		off 0.3736212318463998 neg 0.3458780947865698 __DUMMY__ 0.28050067336703055	false	0.5
erschrecken	neg 1.0		off 0.3678504825264327 neg 0.3506393155571979 __DUMMY__ 0.2815102019163694	false	0.5
opfer	neg 1.0		off 0.3650851847647997 neg 0.3530188518937413 __DUMMY__ 0.2818959633414591	false	0.5
stinktier	neg 1.0		off 0.3732921092399432 neg 0.346250074317763 __DUMMY__ 0.28045781644229373	false	0.5
sinken	neg 1.0		off 0.36140474464975325 neg 0.3559351280140012 __DUMMY__ 0.28266012733624557	false	0.5
tucke	off 1.0		off 0.37241594597051064 neg 0.347387959723783 __DUMMY__ 0.2801960943057063	false	1.0
abstieg	neg 1.0		off 0.36302247806999277 neg 0.3548217479573676 __DUMMY__ 0.28215577397263963	false	0.5
missverstehen	neg 1.0		off 0.3666735458392351 neg 0.3515741713020091 __DUMMY__ 0.2817522828587558	false	0.5
ergebnislos	neg 1.0		off 0.3610959100983309 neg 0.35665302064797 __DUMMY__ 0.282251069253699	false	0.5
manipulieren	neg 1.0		off 0.36482697044158485 neg 0.35364315098935595 __DUMMY__ 0.28152987856905926	false	0.5
verschleppen	neg 1.0		off 0.36169813640859105 neg 0.35635504529477696 __DUMMY__ 0.281946818296632	false	0.5
unbewiesen	neg 1.0		off 0.3631751500178247 neg 0.3549430949933057 __DUMMY__ 0.2818817549888696	false	0.5
weib	off 1.0		off 0.3722475592872016 neg 0.3472089021656023 __DUMMY__ 0.2805435385471961	false	1.0
opposition	neg 1.0		off 0.3600809101221108 neg 0.35875184190153764 __DUMMY__ 0.28116724797635145	false	0.5
verkehrswidrig	neg 1.0		off 0.3620338412969131 neg 0.3569183805587546 __DUMMY__ 0.28104777814433246	false	0.5
inkorrekt	neg 1.0		off 0.3672059800726426 neg 0.35119438013175663 __DUMMY__ 0.28159963979560076	false	0.5
vermeiden	neg 1.0		off 0.3629251784301954 neg 0.35485226689869487 __DUMMY__ 0.2822225546711097	false	0.5
abweichung	neg 1.0		off 0.3626255384157668 neg 0.35520238936416043 __DUMMY__ 0.28217207222007284	false	0.5
alkoholisiert	neg 1.0		off 0.3652744106978038 neg 0.35292756788021934 __DUMMY__ 0.28179802142197674	false	0.5
scheiss	off 1.0	off 1.0	off 0.6738286318064234 neg 0.1910499076545888 __DUMMY__ 0.13512146053898785	false	1.0
herausforderung	neg 1.0		off 0.3636276439008636 neg 0.3540020211429464 __DUMMY__ 0.2823703349561902	false	0.5
pervers	off 1.0		off 0.3720945575158847 neg 0.3474972815329293 __DUMMY__ 0.2804081609511859	false	1.0
wackelig	neg 1.0		off 0.36694617635849663 neg 0.35134155766352543 __DUMMY__ 0.2817122659779778	false	0.5
verwickeln	neg 1.0		off 0.36640249457709506 neg 0.3517368908725551 __DUMMY__ 0.2818606145503498	false	0.5
vorwand	neg 1.0		off 0.36468891679549953 neg 0.35366535139159305 __DUMMY__ 0.28164573181290736	false	0.5
muschi	off 1.0		off 0.3772192601655849 neg 0.34320173892841116 __DUMMY__ 0.279579000906004	false	1.0
entmutigung	neg 1.0		off 0.3621353100644274 neg 0.3561956918143117 __DUMMY__ 0.28166899812126095	false	0.5
unstetig	neg 1.0		off 0.36510566620354945 neg 0.35317293937126487 __DUMMY__ 0.28172139442518573	false	0.5
unangemessen	neg 1.0		off 0.3649385637307614 neg 0.3532864994132905 __DUMMY__ 0.2817749368559482	false	0.5
entmutigen	neg 1.0		off 0.3667496478802337 neg 0.35146196609152025 __DUMMY__ 0.281788386028246	false	0.5
schwanz	neg 1.0		off 0.37514818977809916 neg 0.3456207959151415 __DUMMY__ 0.2792310143067593	false	0.5
verbot	neg 1.0		off 0.36225916469051966 neg 0.35603525277290315 __DUMMY__ 0.28170558253657696	false	0.5
leid	neg 1.0		off 0.36976219284051737 neg 0.3490348814039804 __DUMMY__ 0.28120292575550215	false	0.5
archaisch	neg 1.0		off 0.3650941059224152 neg 0.3532258392585963 __DUMMY__ 0.28168005481898856	false	0.5
scheidung	neg 1.0		off 0.35992094065405517 neg 0.35788760417230986 __DUMMY__ 0.28219145517363503	false	0.5
abgestanden	neg 1.0		off 0.3684979962842422 neg 0.3496341933507856 __DUMMY__ 0.2818678103649721	false	0.5
einschlag	neg 1.0		off 0.3624789119407705 neg 0.3554543946558822 __DUMMY__ 0.28206669340334733	false	0.5
schmierig	off 1.0		off 0.36933133877504 neg 0.3493493170696588 __DUMMY__ 0.2813193441553011	false	1.0
unpraktisch	neg 1.0		off 0.36835998289713734 neg 0.3501688642792337 __DUMMY__ 0.2814711528236289	false	0.5
wixxer	off 1.0		off 0.3732384281543452 neg 0.3461480273165447 __DUMMY__ 0.2806135445291101	false	1.0
jammerlappen	off 1.0		off 0.3674309293364044 neg 0.35099611817556037 __DUMMY__ 0.28157295248803527	false	1.0
farce	neg 1.0		off 0.36230611572734533 neg 0.3558924579250235 __DUMMY__ 0.28180142634763117	false	0.5
zwecklos	neg 1.0		off 0.36507691250317614 neg 0.35303404410077954 __DUMMY__ 0.28188904339604426	false	0.5
turbulent	neg 1.0		off 0.3645051578748553 neg 0.35419395610132115 __DUMMY__ 0.2813008860238234	false	0.5
schuld	neg 1.0		off 0.3665990002662338 neg 0.35187522319233955 __DUMMY__ 0.28152577654142674	false	0.5
risiko	neg 1.0		off 0.360554722161745 neg 0.3566789123948321 __DUMMY__ 0.2827663654434227	false	0.5
invasion	neg 1.0		neg 0.37267671061190977 off 0.3519893185549804 __DUMMY__ 0.2753339708331098	false	1.0
finster	neg 1.0		off 0.3687723439759919 neg 0.34951125106083897 __DUMMY__ 0.281716404963169	false	0.5
geisteskrank	off 1.0		off 0.3673609759788593 neg 0.3509396858850154 __DUMMY__ 0.28169933813612535	false	1.0
ausbeute	neg 1.0		off 0.3653572662111209 neg 0.35160090706620517 __DUMMY__ 0.2830418267226739	false	0.5
zusammenbrechen	neg 1.0		off 0.36590589216631353 neg 0.35250579082633826 __DUMMY__ 0.2815883170073483	false	0.5
hinterhalt	neg 1.0		off 0.3649865430664923 neg 0.3531562281690966 __DUMMY__ 0.2818572287644111	false	0.5
kritik	neg 1.0		off 0.362590410568452 neg 0.35568003354149974 __DUMMY__ 0.28172955589004833	false	0.5
einschrumpfen	neg 1.0		off 0.36222692312896215 neg 0.35795467758428406 __DUMMY__ 0.27981839928675384	false	0.5
riskant	neg 1.0		off 0.36510637413727803 neg 0.3530533080519631 __DUMMY__ 0.2818403178107588	false	0.5
frustrieren	neg 1.0		off 0.3655337534074663 neg 0.35256376644388554 __DUMMY__ 0.2819024801486481	false	0.5
groll	neg 1.0		off 0.364845988520851 neg 0.3532300470044675 __DUMMY__ 0.2819239644746817	false	0.5
qualvoll	neg 1.0		off 0.36741154654304153 neg 0.3512693052098906 __DUMMY__ 0.2813191482470679	false	0.5
wackeln	neg 1.0		off 0.36689552723483293 neg 0.35120755899254746 __DUMMY__ 0.28189691377261966	false	0.5
klagen	neg 1.0		off 0.362914241552093 neg 0.3552904514134436 __DUMMY__ 0.2817953070344633	false	0.5
trauern	neg 1.0		off 0.36534364946585557 neg 0.3528803559406353 __DUMMY__ 0.2817759945935091	false	0.5
ablehnung	neg 1.0		off 0.36209608058937903 neg 0.35602207178380346 __DUMMY__ 0.2818818476268176	false	0.5
bankrott	neg 1.0		neg 0.3614195611321289 off 0.35770090287634926 __DUMMY__ 0.28087953599152193	false	1.0
stur	neg 1.0		off 0.36620014485286995 neg 0.3522752322535072 __DUMMY__ 0.2815246228936229	false	0.5
aufruhr	neg 1.0		off 0.36093257840612847 neg 0.35667473464525307 __DUMMY__ 0.28239268694861863	false	0.5
melancholie	neg 1.0		off 0.36799771070704307 neg 0.3503400660894195 __DUMMY__ 0.2816622232035374	false	0.5
torheit	neg 1.0		off 0.3643494313525977 neg 0.3538718673807624 __DUMMY__ 0.28177870126664006	false	0.5
dreckskind	off 1.0		off 0.37581842415721334 neg 0.34418787945819973 __DUMMY__ 0.27999369638458704	false	1.0
umtauschen	neg 1.0		off 0.3682899549446471 neg 0.35037523767679324 __DUMMY__ 0.28133480737855965	false	0.5
zersetzen	neg 1.0		off 0.36395702888556364 neg 0.354198296118111 __DUMMY__ 0.2818446749963254	false	0.5
frust	neg 1.0		off 0.36579198866989565 neg 0.35256682767606307 __DUMMY__ 0.2816411836540413	false	0.5
unerbittlichkeit	neg 1.0		off 0.3640092701460578 neg 0.35412562653633933 __DUMMY__ 0.28186510331760295	false	0.5
unkorrekt	neg 1.0		off 0.36764981989994855 neg 0.351098802582305 __DUMMY__ 0.2812513775177465	false	0.5
hexe	off 1.0		off 0.3703396100617332 neg 0.34790705944292344 __DUMMY__ 0.2817533304953434	false	1.0
lasch	neg 1.0		off 0.36634611041439863 neg 0.35196841106650206 __DUMMY__ 0.2816854785190993	false	0.5
rivale	neg 1.0		off 0.3608534537794547 neg 0.35776250151485917 __DUMMY__ 0.28138404470568623	false	0.5
mutlos	off 1.0		off 0.36446415609083893 neg 0.3536725727346215 __DUMMY__ 0.2818632711745395	false	1.0
wirr	off 1.0		off 0.36950081066857127 neg 0.34976022930626566 __DUMMY__ 0.28073896002516296	false	1.0
strafbar	neg 1.0		off 0.36480976910511753 neg 0.35330842988104944 __DUMMY__ 0.28188180101383303	false	0.5
erosion	neg 1.0	neg 1.0	neg 0.6619454350662839 off 0.1996076278396142 __DUMMY__ 0.13844693709410189	false	1.0
eingehen	neg 1.0		off 0.3651491416731681 neg 0.35302516053782224 __DUMMY__ 0.2818256977890098	false	0.5
faul	off 1.0		off 0.3696054177885318 neg 0.3493292108391598 __DUMMY__ 0.2810653713723084	false	1.0
provisorium	neg 1.0		off 0.3640133930660201 neg 0.3537958368512693 __DUMMY__ 0.28219077008271054	false	0.5
schmerzen	neg 1.0		off 0.3681497687899083 neg 0.3507243696607012 __DUMMY__ 0.2811258615493904	false	0.5
schrumpfen	neg 1.0		off 0.36274469032451107 neg 0.35503301168266704 __DUMMY__ 0.2822222979928219	false	0.5
geistlos	off 1.0		off 0.36604678246685723 neg 0.35228953710911504 __DUMMY__ 0.2816636804240278	false	1.0
frustrierend	neg 1.0		off 0.3676646439486136 neg 0.3505784268207152 __DUMMY__ 0.28175692923067125	false	0.5
fehlkauf	neg 1.0		off 0.3652998114568564 neg 0.35193624973290755 __DUMMY__ 0.28276393881023615	false	0.5
unzufrieden	neg 1.0		off 0.36507012824343255 neg 0.35300996988373456 __DUMMY__ 0.28191990187283295	false	0.5
verzweifeln	neg 1.0		off 0.36618167100554877 neg 0.35210251786946095 __DUMMY__ 0.28171581112499017	false	0.5
verzweifelt	neg 1.0		off 0.3668387203284534 neg 0.35137546067136766 __DUMMY__ 0.28178581900017896	false	0.5
misstrauensantrag	neg 1.0		off 0.36053957942559856 neg 0.3584344049604873 __DUMMY__ 0.28102601561391416	false	0.5
abfallen	neg 1.0		off 0.3683626754561554 neg 0.3503132271944708 __DUMMY__ 0.28132409734937386	false	0.5
fucker	off 1.0		__DUMMY__ 0.41907059750518455 off 0.35626927761943944 neg 0.22466012487537612	false	1.0
ungezogen	neg 1.0		off 0.37041652847978446 neg 0.34866306040891976 __DUMMY__ 0.2809204111112958	false	0.5
irrsinnig	neg 1.0		off 0.3668881154856734 neg 0.3514784371365495 __DUMMY__ 0.28163344737777707	false	0.5
hart	neg 1.0		off 0.37421755506466986 neg 0.34597358997866773 __DUMMY__ 0.2798088549566623	false	0.5
unfassbar	neg 1.0		off 0.3674543830647342 neg 0.35063792168659336 __DUMMY__ 0.28190769524867243	false	0.5
widerlich	off 1.0		off 0.3678063416227092 neg 0.3507607228164584 __DUMMY__ 0.2814329355608323	false	1.0
fatal			off 0.36444726616428186 neg 0.3539383935998912 __DUMMY__ 0.28161434023582693	false	0.0
bruch	neg 1.0		off 0.36371634520204993 neg 0.3541482296155773 __DUMMY__ 0.2821354251823728	false	0.5
aushungern	neg 1.0		off 0.3628845595494219 neg 0.35561168887897154 __DUMMY__ 0.2815037515716065	false	0.5
anspannung	neg 1.0		off 0.36476852543858906 neg 0.35316040453254904 __DUMMY__ 0.2820710700288619	false	0.5
kraftlos	neg 1.0		off 0.36600497063699877 neg 0.3521552986809337 __DUMMY__ 0.2818397306820674	false	0.5
grenzdebil	off 1.0		off 0.3683767134666375 neg 0.3503020940125099 __DUMMY__ 0.2813211925208525	false	1.0
unterwerfen	neg 1.0		off 0.36489651360611525 neg 0.3533048300306107 __DUMMY__ 0.28179865636327395	false	0.5
versenkung	neg 1.0		off 0.36501888767046087 neg 0.35301602061573745 __DUMMY__ 0.28196509171380163	false	0.5
entziehen	neg 1.0		off 0.364197334662882 neg 0.35381326327112594 __DUMMY__ 0.281989402065992	false	0.5
finanzkrise	neg 1.0		off 0.3595259417726793 neg 0.3584343667232 __DUMMY__ 0.2820396915041207	false	0.5
schimpfend	neg 1.0		off 0.3678397938703281 neg 0.350871198409275 __DUMMY__ 0.28128900772039694	false	0.5
profan	neg 1.0		off 0.3671948692894471 neg 0.3510866227058823 __DUMMY__ 0.28171850800467074	false	0.5
korruption	neg 1.0		off 0.3617840135124193 neg 0.3564588461042502 __DUMMY__ 0.2817571403833306	false	0.5
schmutzig	neg 1.0		off 0.36858390021612475 neg 0.35007151830482075 __DUMMY__ 0.2813445814790545	false	0.5
abraten	neg 1.0		off 0.36772251640399534 neg 0.35063299863859554 __DUMMY__ 0.28164448495740924	false	0.5
sexy	neg 1.0		off 0.38463236425414177 neg 0.3574892760908362 __DUMMY__ 0.2578783596550221	false	0.5
fotze	off 1.0		off 0.37912362287884743 neg 0.3420343088942379 __DUMMY__ 0.2788420682269147	false	1.0
schwarz	neg 1.0		off 0.3658586078555601 neg 0.35244662874273414 __DUMMY__ 0.28169476340170574	false	0.5
verwirren	neg 1.0		off 0.36767139620717093 neg 0.35078361416370724 __DUMMY__ 0.28154498962912183	false	0.5
zahnlos	off 1.0		off 0.3651262917783835 neg 0.3528235631561084 __DUMMY__ 0.2820501450655082	false	1.0
verheeren	neg 1.0		off 0.3592093812311929 neg 0.35913209413728 __DUMMY__ 0.28165852463152713	false	0.5
rammen	neg 1.0		off 0.36871407178778776 neg 0.34985793471764354 __DUMMY__ 0.2814279934945686	false	0.5
unlauter	neg 1.0		off 0.36163159837476866 neg 0.35689484699181584 __DUMMY__ 0.28147355463341545	false	0.5
unheilvoll	neg 1.0		off 0.36708280029174395 neg 0.35164819893669097 __DUMMY__ 0.28126900077156514	false	0.5
niedrig	neg 1.0		off 0.36184095215073697 neg 0.35519732763867456 __DUMMY__ 0.28296172021058846	false	0.5
weichei	off 1.0		off 0.3703208559124622 neg 0.34858098771154356 __DUMMY__ 0.28109815637599433	false	1.0
explosion	neg 1.0		neg 0.36500651133897444 off 0.3557188270992706 __DUMMY__ 0.2792746615617548	false	1.0
minusmensch	off 1.0		off 0.3751377373370328 neg 0.34431984225243895 __DUMMY__ 0.28054242041052824	false	1.0
farblos	neg 1.0		off 0.36615651736151095 neg 0.3511347458588483 __DUMMY__ 0.2827087367796407	false	0.5
unwissend	neg 1.0		off 0.3677659731675181 neg 0.3507251428399864 __DUMMY__ 0.2815088839924956	false	0.5
traurig	neg 1.0		off 0.3688607049429816 neg 0.34977587430862805 __DUMMY__ 0.28136342074839044	false	0.5
senkung	neg 1.0		neg 0.3611980378882768 off 0.3574174309756504 __DUMMY__ 0.28138453113607287	false	1.0
ungleich	neg 1.0		off 0.3646509906052739 neg 0.35354441226883104 __DUMMY__ 0.28180459712589506	false	0.5
heikel	neg 1.0		off 0.364868748397397 neg 0.35340661362192893 __DUMMY__ 0.28172463798067415	false	0.5
drosselung	neg 1.0		neg 0.3599224351710548 off 0.3583480214469846 __DUMMY__ 0.28172954338196066	false	1.0
falsch	neg 1.0		off 0.36768624024272845 neg 0.3507824182357198 __DUMMY__ 0.2815313415215518	false	0.5
unzufriedenheit	neg 1.0		off 0.3639823640750031 neg 0.35415906178181 __DUMMY__ 0.2818585741431869	false	0.5
kurz	neg 1.0		off 0.36732064537277503 neg 0.3508863578677943 __DUMMY__ 0.2817929967594306	false	0.5
unsinnig	neg 1.0		off 0.3655307649610822 neg 0.35287494175017975 __DUMMY__ 0.28159429328873803	false	0.5
penner	off 1.0		off 0.37002224745873286 neg 0.34890817260666246 __DUMMY__ 0.2810695799346046	false	1.0
seicht	neg 1.0		off 0.3684000794606616 neg 0.35001408210057755 __DUMMY__ 0.2815858384387609	false	0.5
dummheit	off 1.0		off 0.36642591121122664 neg 0.3520086679771348 __DUMMY__ 0.28156542081163854	false	1.0
unerfreulich	neg 1.0		off 0.3647520870801887 neg 0.3533425353480496 __DUMMY__ 0.2819053775717616	false	0.5
pikiert	neg 1.0		off 0.36753902850200754 neg 0.3508764943343311 __DUMMY__ 0.2815844771636615	false	0.5
motherfucker	off 1.0		__DUMMY__ 0.4042207747287505 off 0.35598415432552755 neg 0.2397950709457219	false	1.0
wrack	neg 1.0		off 0.364967311763818 neg 0.35298626955505846 __DUMMY__ 0.28204641868112357	false	0.5
gangster	neg 1.0		off 0.37111373231714373 __DUMMY__ 0.3409743630033235 neg 0.2879119046795327	false	0.5
krank	neg 1.0		off 0.36923278890630445 neg 0.3494522622208842 __DUMMY__ 0.28131494887281133	false	0.5
reich	neg 1.0		off 0.3648791820332119 neg 0.3531353357758722 __DUMMY__ 0.281985482190916	false	0.5
gnadenlos	neg 1.0		off 0.36676307120660473 neg 0.35144246065772733 __DUMMY__ 0.28179446813566794	false	0.5
niedergeschlagen	neg 1.0		off 0.3659479030473543 neg 0.35224564930848196 __DUMMY__ 0.28180644764416374	false	0.5
terrorisieren	off 1.0	off 1.0	off 0.6713221078459753 neg 0.19330455632508045 __DUMMY__ 0.13537333582894426	false	1.0
sinnlosigkeit	neg 1.0		off 0.36532663944139604 neg 0.352970682414651 __DUMMY__ 0.2817026781439529	false	0.5
behindern	neg 1.0		off 0.3618800843014267 neg 0.35617923925003236 __DUMMY__ 0.28194067644854104	false	0.5
undemokratisch	neg 1.0		off 0.3637775331618133 neg 0.35499465234123956 __DUMMY__ 0.2812278144969471	false	0.5
wirtschaftskrise	neg 1.0		off 0.3603433450475115 neg 0.35740802950113254 __DUMMY__ 0.2822486254513559	false	0.5
neid	neg 1.0		off 0.3675834394155825 neg 0.35050439196874594 __DUMMY__ 0.28191216861567153	false	0.5
rutschen	neg 1.0		off 0.36585074932280615 neg 0.3519042507165352 __DUMMY__ 0.2822449999606586	false	0.5
rezession	neg 1.0		neg 0.35909511917702625 off 0.35858380712939913 __DUMMY__ 0.28232107369357456	false	1.0
fehlgeburt	neg 1.0		off 0.3679040490380922 neg 0.3510081782523227 __DUMMY__ 0.281087772709585	false	0.5
charakterschwach	off 1.0		off 0.3673007865585179 neg 0.35115068972340746 __DUMMY__ 0.2815485237180746	false	1.0
isolation	neg 1.0		neg 0.3689425022601664 off 0.35371777383625946 __DUMMY__ 0.2773397239035742	false	1.0
ablenkung	neg 1.0		off 0.36683545339968227 neg 0.35153542518065684 __DUMMY__ 0.28162912141966095	false	0.5
pech	neg 1.0		off 0.3686464248476425 neg 0.34968811047871073 __DUMMY__ 0.2816654646736468	false	0.5
dominieren	neg 1.0		off 0.36122620995562044 neg 0.35609951619909325 __DUMMY__ 0.2826742738452862	false	0.5
vermeidung	neg 1.0		neg 0.36139423757707917 off 0.35745689227628025 __DUMMY__ 0.2811488701466406	false	1.0
schwindlig	neg 1.0		off 0.36989674456725946 neg 0.3489647941010504 __DUMMY__ 0.2811384613316902	false	0.5
lutscher	neg 1.0		off 0.37352379845927314 neg 0.3460317855225699 __DUMMY__ 0.28044441601815684	false	0.5
pflicht	neg 1.0		off 0.3645451989843019 neg 0.353476563815135 __DUMMY__ 0.28197823720056314	false	0.5
faschist	off 1.0		off 0.3660569496629316 neg 0.3524768042727089 __DUMMY__ 0.2814662460643593	false	1.0
verschleudern	neg 1.0		off 0.36217164068590824 neg 0.35583232001818 __DUMMY__ 0.28199603929591177	false	0.5
ehebruch	neg 1.0		off 0.36519483864833124 neg 0.35297375863770725 __DUMMY__ 0.2818314027139615	false	0.5
trostlosigkeit	neg 1.0		off 0.364282885952961 neg 0.3538484601581678 __DUMMY__ 0.2818686538888712	false	0.5
lutschen	neg 1.0		off 0.3741682715667914 neg 0.34619639560635107 __DUMMY__ 0.27963533282685754	false	0.5
spott	off 1.0		off 0.3645748115515193 neg 0.3535966902310544 __DUMMY__ 0.2818284982174263	false	1.0
undiszipliniert	neg 1.0		off 0.3688430671796536 neg 0.349916885447082 __DUMMY__ 0.28124004737326447	false	0.5
kopfschmerz	neg 1.0		off 0.3677304491161384 neg 0.3511785294063388 __DUMMY__ 0.2810910214775228	false	0.5
unvorhergesehen	neg 1.0		off 0.3664137795810623 neg 0.3516432063934668 __DUMMY__ 0.28194301402547084	false	0.5
desinteressiert	neg 1.0		off 0.36861794459554886 neg 0.3499389555977641 __DUMMY__ 0.2814430998066869	false	0.5
armselig	off 1.0		off 0.36732396011663676 neg 0.35090557118269405 __DUMMY__ 0.2817704687006692	false	1.0
tod	neg 1.0		off 0.3643760811526456 neg 0.35365602913178096 __DUMMY__ 0.2819678897155735	false	0.5
desaster	neg 1.0		off 0.3628916350689203 neg 0.3550467949995798 __DUMMY__ 0.2820615699314999	false	0.5
herzlos	neg 1.0		off 0.3686145752583046 neg 0.34992668436514 __DUMMY__ 0.2814587403765553	false	0.5
unwissenheit	neg 1.0		off 0.3646295672695269 neg 0.35380960930884464 __DUMMY__ 0.2815608234216286	false	0.5
widersinnig	neg 1.0		off 0.3634405295899427 neg 0.3549309420093337 __DUMMY__ 0.28162852840072344	false	0.5
bedenklich	neg 1.0		off 0.36483253117069825 neg 0.35342545147467885 __DUMMY__ 0.2817420173546229	false	0.5
beanstanden	neg 1.0		off 0.3640670438509406 neg 0.35392960946698515 __DUMMY__ 0.2820033466820743	false	0.5
panisch	neg 1.0		off 0.3679473309001871 neg 0.3507082129656853 __DUMMY__ 0.2813444561341276	false	0.5
abstrich	neg 1.0		off 0.3676574420802437 neg 0.3514485124384931 __DUMMY__ 0.2808940454812631	false	0.5
debil	off 1.0		off 0.38081344789946175 neg 0.3416792636840077 __DUMMY__ 0.27750728841653044	false	1.0
primitiv	neg 1.0		off 0.36766775089419623 neg 0.350524752137755 __DUMMY__ 0.2818074969680487	false	0.5
abschaum	off 1.0		off 0.36707487880800305 neg 0.35131634129476796 __DUMMY__ 0.28160877989722893	false	1.0
tot	neg 1.0		off 0.36813466431801173 neg 0.3505681005282794 __DUMMY__ 0.28129723515370897	false	0.5
provozieren	neg 1.0		off 0.36634300287403704 neg 0.3519895881076778 __DUMMY__ 0.2816674090182852	false	0.5
instabil	neg 1.0		off 0.3656357583483561 neg 0.3521578506323483 __DUMMY__ 0.28220639101929557	false	0.5
schwuchtel	off 1.0		off 0.374209168119808 neg 0.3457002996472387 __DUMMY__ 0.28009053223295327	false	1.0
zerren	neg 1.0		off 0.36617109155789546 neg 0.35216150501044124 __DUMMY__ 0.2816674034316633	false	0.5
kinderficker	off 1.0		off 0.3676679116779576 neg 0.3511607172106158 __DUMMY__ 0.2811713711114265	false	1.0
gefahr	neg 1.0		off 0.3615949111688708 neg 0.35613073602514433 __DUMMY__ 0.2822743528059847	false	0.5
rabiat	neg 1.0		off 0.36629912359516825 neg 0.3518274987694327 __DUMMY__ 0.2818733776353989	false	0.5
verlangsamung	neg 1.0		off 0.3597449686287236 neg 0.3574295205650142 __DUMMY__ 0.28282551080626206	false	0.5
anklagen	neg 1.0		off 0.3617665015972331 neg 0.3565453851162505 __DUMMY__ 0.28168811328651644	false	0.5
ausgestorben	neg 1.0		off 0.36577968502625213 neg 0.3521519162846944 __DUMMY__ 0.28206839868905353	false	0.5
verminderung	neg 1.0		neg 0.3614111379145302 off 0.3571678878724311 __DUMMY__ 0.28142097421303874	false	1.0
rost	neg 1.0		off 0.36279363493267974 neg 0.35363935711906763 __DUMMY__ 0.28356700794825257	false	0.5
destruktiv	neg 1.0		off 0.36529230759656384 neg 0.3530357891437737 __DUMMY__ 0.28167190325966257	false	0.5
unzumutbarkeit	neg 1.0		off 0.36166389589230846 neg 0.356379303347536 __DUMMY__ 0.28195680076015567	false	0.5
labil	off 1.0	off 1.0	off 0.7521866191895662 neg 0.1387562445170673 __DUMMY__ 0.10905713629336658	false	1.0
ziemlich	neg 1.0		off 0.36870023949675257 neg 0.3498361807779556 __DUMMY__ 0.2814635797252918	false	0.5
lachnummer	off 1.0		off 0.36532168439755003 neg 0.3528159524432219 __DUMMY__ 0.28186236315922825	false	1.0
ausgrenzung	neg 1.0		off 0.36239270967730747 neg 0.355966386646745 __DUMMY__ 0.2816409036759476	false	0.5
verfall	neg 1.0		off 0.3628903108481265 neg 0.3551346043996473 __DUMMY__ 0.2819750847522263	false	0.5
unordnung	neg 1.0	neg 1.0	neg 0.6610046747150354 off 0.20236210993701284 __DUMMY__ 0.13663321534795173	false	1.0
fehlverhalten	neg 1.0		off 0.3639657128772206 neg 0.3542247284373378 __DUMMY__ 0.2818095586854416	false	0.5
nille	neg 1.0		off 0.38166201467676053 neg 0.34048814986171266 __DUMMY__ 0.2778498354615269	false	0.5
qual	neg 1.0		off 0.37407030791853757 neg 0.3668910891556226 __DUMMY__ 0.2590386029258399	false	0.5
riesig	neg 1.0		off 0.3721821096368917 neg 0.3462886344298166 __DUMMY__ 0.28152925593329187	false	0.5
verschwenden	neg 1.0		off 0.365446517251157 neg 0.35282810135427684 __DUMMY__ 0.28172538139456604	false	0.5
verurteilen	neg 1.0		off 0.3646006550092799 neg 0.353766408952303 __DUMMY__ 0.28163293603841716	false	0.5
klischee	neg 1.0		off 0.3671526870427934 neg 0.35112324999346023 __DUMMY__ 0.28172406296374636	false	0.5
diktatorisch	neg 1.0		off 0.3641806109861706 neg 0.3545237665197428 __DUMMY__ 0.2812956224940867	false	0.5
vorhersehbar	neg 1.0		off 0.36652731788587534 neg 0.3515480985262426 __DUMMY__ 0.281924583587882	false	0.5
stornieren	neg 1.0		off 0.3645829202560147 neg 0.35373184006380165 __DUMMY__ 0.2816852396801838	false	0.5
besteuerung	neg 1.0		neg 0.35997181265596856 off 0.358138133556738 __DUMMY__ 0.28189005378729354	false	1.0
ungeschminkt	neg 1.0		off 0.37238629206133145 neg 0.34730999189921025 __DUMMY__ 0.2803037160394583	false	0.5
kritisch	neg 1.0		off 0.3645406607903469 neg 0.35362891539678826 __DUMMY__ 0.2818304238128649	false	0.5
schlamperei	off 1.0		off 0.3619865861179155 neg 0.356098169528073 __DUMMY__ 0.2819152443540114	false	1.0
sucht	neg 1.0		off 0.3652051581875344 neg 0.3516177259716238 __DUMMY__ 0.28317711584084193	false	0.5
egoistisch	off 1.0		off 0.3689165201485214 neg 0.34994887591334156 __DUMMY__ 0.2811346039381371	false	1.0
ausbeuter	off 1.0		off 0.36407490867655184 neg 0.3541192984993623 __DUMMY__ 0.28180579282408585	false	1.0
arschgeburt			off 0.37527112787228784 neg 0.3449467046498754 __DUMMY__ 0.2797821674778367	false	0.0
schubs	neg 1.0		off 0.36915800582198105 neg 0.34991448949542003 __DUMMY__ 0.2809275046825989	false	0.5
unsolide	neg 1.0		off 0.3639050040145262 neg 0.3547096536069941 __DUMMY__ 0.2813853423784796	false	0.5
beschwerde	neg 1.0		off 0.3621854044913711 neg 0.3561955247607521 __DUMMY__ 0.2816190707478769	false	0.5
stocken	neg 1.0		off 0.36044719476002623 neg 0.3569744128562578 __DUMMY__ 0.2825783923837159	false	0.5
isolieren	neg 1.0		off 0.36124976929726 neg 0.35663716866695044 __DUMMY__ 0.28211306203578956	false	0.5
unheilbar	neg 1.0		off 0.3660890007927158 neg 0.3522288446091886 __DUMMY__ 0.28168215459809554	false	0.5
pisser	off 1.0		off 0.37522204915718566 neg 0.3448851822356474 __DUMMY__ 0.2798927686071669	false	1.0
löschen	neg 1.0		off 0.3686667439872138 neg 0.3534901721684634 __DUMMY__ 0.27784308384432277	false	0.5
durchfallen	neg 1.0		off 0.3653429593482251 neg 0.35305326485837507 __DUMMY__ 0.28160377579339974	false	0.5
wichser	off 1.0		off 0.37034326344676466 neg 0.34858439881684067 __DUMMY__ 0.28107233773639473	false	1.0
terror	neg 1.0		neg 0.36259769856071905 off 0.35830478969393637 __DUMMY__ 0.27909751174534464	false	1.0
krass	neg 1.0		off 0.37220202744707015 neg 0.3472793310090524 __DUMMY__ 0.2805186415438775	false	0.5
revolte	neg 1.0		off 0.3608827443802112 neg 0.3569728154161768 __DUMMY__ 0.28214444020361223	false	0.5
besorgt	neg 1.0		off 0.3662134709069445 neg 0.3520823314289342 __DUMMY__ 0.28170419766412147	false	0.5
nachlassen	neg 1.0		off 0.364587199302135 neg 0.3534361530955148 __DUMMY__ 0.28197664760235025	false	0.5
alt	neg 1.0		off 0.36969616197366495 neg 0.348398258743997 __DUMMY__ 0.28190557928233806	false	0.5
hundesohn	off 1.0		off 0.37763052008537634 neg 0.34328095300092476 __DUMMY__ 0.27908852691369895	false	1.0
abschreckung	neg 1.0		off 0.3634687685692985 neg 0.3547553736801183 __DUMMY__ 0.28177585775058317	false	0.5
unqualifiziert	neg 1.0		off 0.3661682905414957 neg 0.35240822711027686 __DUMMY__ 0.28142348234822745	false	0.5
abgewichst	off 1.0		off 0.37937883337697736 neg 0.3421940676880667 __DUMMY__ 0.2784270989349559	false	1.0
kapitulation	neg 1.0		off 0.36225300475098726 neg 0.35577555599940114 __DUMMY__ 0.2819714392496116	false	0.5
schwer	neg 1.0		off 0.36646179407477814 neg 0.3516572024742323 __DUMMY__ 0.28188100345098954	false	0.5
bedeutungslosigkeit	neg 1.0		off 0.36392081284374744 neg 0.3540852275924231 __DUMMY__ 0.28199395956382944	false	0.5
unscharf	neg 1.0		off 0.37016582454073194 neg 0.34897244808705774 __DUMMY__ 0.2808617273722103	false	0.5
schwinden	neg 1.0		off 0.36095468844933815 neg 0.3566958080981737 __DUMMY__ 0.28234950345248805	false	0.5
versklavung	neg 1.0		off 0.36166225833393545 neg 0.35682890515532956 __DUMMY__ 0.28150883651073516	false	0.5
schlecht	neg 1.0		off 0.3681477155960264 neg 0.35031222855286576 __DUMMY__ 0.28154005585110775	false	0.5
verhasst	neg 1.0		off 0.36571752868360297 neg 0.3525139048649856 __DUMMY__ 0.28176856645141135	false	0.5
beschweren	neg 1.0		off 0.3667071076028547 neg 0.35142322414727856 __DUMMY__ 0.2818696682498666	false	0.5
scheiden	neg 1.0		off 0.3667134669668172 neg 0.3513736633115786 __DUMMY__ 0.28191286972160406	false	0.5
frustriert	neg 1.0		off 0.3660676333308464 neg 0.3521925133801268 __DUMMY__ 0.28173985328902673	false	0.5
schimmelig	neg 1.0		off 0.37229266167611336 neg 0.34708183465849324 __DUMMY__ 0.2806255036653935	false	0.5
fisch	neg 1.0		off 0.36957922614219757 neg 0.34840909687635757 __DUMMY__ 0.2820116769814449	false	0.5
schmuggel	neg 1.0		off 0.3649482837957198 neg 0.3531810886947885 __DUMMY__ 0.28187062750949166	false	0.5
auffallen	neg 1.0		off 0.36667749822724977 neg 0.35158041462099127 __DUMMY__ 0.2817420871517589	false	0.5
konkurrenz	neg 1.0		off 0.3641187484489256 neg 0.35390486173491087 __DUMMY__ 0.28197638981616346	false	0.5
teufelskreis	neg 1.0		off 0.3658545411395343 neg 0.35227349964009613 __DUMMY__ 0.2818719592203696	false	0.5
aufschreien	neg 1.0		off 0.36729953973385615 neg 0.35095566437761333 __DUMMY__ 0.2817447958885306	false	0.5
missgeburt	off 1.0		off 0.3751865849219461 neg 0.3446940149226382 __DUMMY__ 0.28011940015541575	false	1.0
schuldner	neg 1.0		off 0.3611870479929593 neg 0.3567981114941292 __DUMMY__ 0.28201484051291165	false	0.5
befallen	neg 1.0		off 0.3637690855408562 neg 0.35492300458342635 __DUMMY__ 0.2813079098757176	false	0.5
arbeitslos	neg 1.0		off 0.36529370659491556 neg 0.35289268436311905 __DUMMY__ 0.28181360904196523	false	0.5
miesepetrig	off 1.0		off 0.3682655481640951 neg 0.35033157306817886 __DUMMY__ 0.28140287876772596	false	1.0
alarmieren	neg 1.0		off 0.3600390601337877 neg 0.3577778775291267 __DUMMY__ 0.2821830623370854	false	0.5
ungeduscht	off 1.0		off 0.3708832912288563 neg 0.3485387770317467 __DUMMY__ 0.2805779317393969	false	1.0
knappheit	neg 1.0		off 0.3612040597578498 neg 0.35658150860019994 __DUMMY__ 0.2822144316419503	false	0.5
schlange	neg 1.0		off 0.36713922901386636 neg 0.3510034286255635 __DUMMY__ 0.28185734236057014	false	0.5
harsch	neg 1.0		off 0.36177104934601234 neg 0.35657336379174054 __DUMMY__ 0.28165558686224723	false	0.5
lang	neg 1.0	neg 1.0	neg 0.6191501241012706 off 0.2288743519176332 __DUMMY__ 0.15197552398109618	false	1.0
ziellos	neg 1.0		off 0.3658006598588752 neg 0.3522729947981038 __DUMMY__ 0.2819263453430209	false	0.5
selbstverliebt	neg 1.0		off 0.37132889485165155 neg 0.34775805665960585 __DUMMY__ 0.28091304848874243	false	0.5
beseitigen	neg 1.0		off 0.36147783713176485 neg 0.3562164179052129 __DUMMY__ 0.2823057449630221	false	0.5
dumm	off 1.0		off 0.3697604094077569 neg 0.34908040477799873 __DUMMY__ 0.2811591858142444	false	1.0
arbeitsloser	neg 1.0		off 0.3650132856142374 neg 0.35310025130422407 __DUMMY__ 0.2818864630815386	false	0.5
blitzen	neg 1.0		off 0.3663205787046026 neg 0.35078253927688247 __DUMMY__ 0.2828968820185148	false	0.5
hilflos	neg 1.0		off 0.36618053139535 neg 0.3522821219443295 __DUMMY__ 0.2815373466603205	false	0.5
eklig	off 1.0		off 0.3715035285402497 neg 0.34780312232737975 __DUMMY__ 0.2806933491323707	false	1.0
hungersnot	neg 1.0		off 0.3619153185737299 neg 0.35581522762645235 __DUMMY__ 0.28226945379981777	false	0.5
ungesetzlich	neg 1.0		off 0.3634109724736362 neg 0.35499412526973306 __DUMMY__ 0.28159490225663075	false	0.5
verschwendung	neg 1.0		off 0.36499441111744824 neg 0.3532337483319394 __DUMMY__ 0.28177184055061244	false	0.5
schmerzvoll	neg 1.0		off 0.3673228759865768 neg 0.3511007634333262 __DUMMY__ 0.281576360580097	false	0.5
vorzeitig	neg 1.0		off 0.3600184357412257 neg 0.3578809895220937 __DUMMY__ 0.28210057473668065	false	0.5
unvollkommenheit	neg 1.0		off 0.3657570179550042 neg 0.35249680928605687 __DUMMY__ 0.2817461727589389	false	0.5
intervenieren	neg 1.0		off 0.36352106604937656 neg 0.35480267746730876 __DUMMY__ 0.2816762564833148	false	0.5
banause	off 1.0		off 0.37021846513940343 neg 0.3488435756547908 __DUMMY__ 0.2809379592058058	false	1.0
rebell	neg 1.0		off 0.37521912467735186 neg 0.345818641876692 __DUMMY__ 0.2789622334459562	false	0.5
unlogisch	neg 1.0		off 0.3685460334137047 neg 0.3501709609609601 __DUMMY__ 0.28128300562533515	false	0.5
abschaffung	neg 1.0		off 0.3605722153468244 neg 0.35788467711011746 __DUMMY__ 0.2815431075430581	false	0.5
leiden	neg 1.0		off 0.3667990619825449 neg 0.35132628890599554 __DUMMY__ 0.2818746491114596	false	0.5
sturz	neg 1.0		off 0.36155519166853534 neg 0.35619366546130415 __DUMMY__ 0.28225114287016057	false	0.5
verkleinerung	neg 1.0		off 0.3595684467898646 neg 0.3585180835191612 __DUMMY__ 0.2819134696909741	false	0.5
schmarotzer	off 1.0		off 0.3654641548206966 neg 0.3529027336316832 __DUMMY__ 0.28163311154762016	false	1.0
bestrafung	neg 1.0		off 0.36690279829200984 neg 0.3514113794207924 __DUMMY__ 0.2816858222871978	false	0.5
achtlos	neg 1.0		off 0.36616378301695024 neg 0.35224826353565 __DUMMY__ 0.2815879534473998	false	0.5
ungeheuer	neg 1.0		off 0.36790921147255184 neg 0.35013893435182736 __DUMMY__ 0.28195185417562085	false	0.5
unaufrichtig	neg 1.0		off 0.3665734905447505 neg 0.352366122712658 __DUMMY__ 0.2810603867425913	false	0.5
groggy	neg 1.0		off 0.371975717554132 neg 0.34693185668704496 __DUMMY__ 0.2810924257588231	false	0.5
verletzlich	neg 1.0		off 0.36845087174742525 neg 0.3501239680286214 __DUMMY__ 0.28142516022395336	false	0.5
ablehnen	neg 1.0		off 0.3644654243554825 neg 0.35391191610546924 __DUMMY__ 0.28162265953904814	false	0.5
kollaps	neg 1.0		off 0.35964638449162545 neg 0.35826965914912734 __DUMMY__ 0.2820839563592473	false	0.5
beschnitten	neg 1.0		off 0.36672921901556926 neg 0.35158222285611823 __DUMMY__ 0.2816885581283124	false	0.5
defekt	neg 1.0		off 0.36074041651718847 neg 0.35760917039408685 __DUMMY__ 0.28165041308872474	false	0.5
dreckskerl	off 1.0		off 0.368646770679445 neg 0.35021804108524884 __DUMMY__ 0.2811351882353062	false	1.0
deine	neg 1.0		off 0.37006991726493005 neg 0.34892710248594755 __DUMMY__ 0.2810029802491225	false	0.5
aufgeben	neg 1.0		off 0.36688824059112085 neg 0.3510744776820171 __DUMMY__ 0.2820372817268621	false	0.5
durcheinander	neg 1.0		off 0.36754758477118216 neg 0.3507042360182044 __DUMMY__ 0.28174817921061346	false	0.5
unterbrechen	neg 1.0		off 0.36569850166249623 neg 0.35244134306318486 __DUMMY__ 0.2818601552743188	false	0.5
vergammeln	neg 1.0		off 0.3672520630456611 neg 0.3510158475278961 __DUMMY__ 0.28173208942644273	false	0.5
grotesk	neg 1.0		off 0.3653096080269898 neg 0.35277835135847424 __DUMMY__ 0.28191204061453584	false	0.5
elendig	neg 1.0		off 0.3673957870448908 neg 0.351122202779434 __DUMMY__ 0.28148201017567515	false	0.5
naiv	off 1.0		off 0.3669481989363184 neg 0.35118598258512385 __DUMMY__ 0.28186581847855774	false	1.0
uneinigkeit	neg 1.0		off 0.3610547208765334 neg 0.35703395514741054 __DUMMY__ 0.281911323976056	false	0.5
fragil	neg 1.0		neg 0.3642997515059466 off 0.35876824752365505 __DUMMY__ 0.2769320009703983	false	1.0
provisorisch	neg 1.0		off 0.3653089526429642 neg 0.35246383345817384 __DUMMY__ 0.28222721389886185	false	0.5
landei	off 1.0		off 0.37016890685432924 neg 0.3483718200170279 __DUMMY__ 0.2814592731286429	false	1.0
bedauerlich	neg 1.0		off 0.3649905832320465 neg 0.3531911359079891 __DUMMY__ 0.2818182808599644	false	0.5
krieg	neg 1.0		off 0.3659984525117046 neg 0.3522814836462357 __DUMMY__ 0.2817200638420596	false	0.5
traurigkeit	neg 1.0		off 0.36662174756133753 neg 0.35160875215558124 __DUMMY__ 0.28176950028308123	false	0.5
monotonie	neg 1.0		off 0.3653948766561804 neg 0.352600074612964 __DUMMY__ 0.2820050487308556	false	0.5
unliebsam	neg 1.0		off 0.3659014572061058 neg 0.35233563601237067 __DUMMY__ 0.2817629067815236	false	0.5
drift	neg 1.0		neg 0.3933677217613155 off 0.3596112900999716 __DUMMY__ 0.24702098813871293	false	1.0
chaos	neg 1.0		off 0.36301429887876624 neg 0.3551568529222563 __DUMMY__ 0.2818288481989775	false	0.5
blutig	neg 1.0		off 0.3673001617765654 neg 0.3508978895422093 __DUMMY__ 0.2818019486812253	false	0.5
machtlos	neg 1.0		off 0.3647184112028989 neg 0.3535216432706738 __DUMMY__ 0.28175994552642736	false	0.5
