unsolidarisch	neg 1.0		__DUMMY__ 0.40589423145473297 off 0.3014094106011954 neg 0.2926963579440716	false	0.5
nachteilig	neg 1.0		__DUMMY__ 0.4067258317168455 off 0.3002969063611451 neg 0.29297726192200946	false	0.5
skeptisch	neg 1.0		__DUMMY__ 0.4067539265370736 off 0.3011057703895937 neg 0.2921403030733328	false	0.5
schrecklich	neg 1.0		__DUMMY__ 0.40569280982829425 off 0.30588222391231346 neg 0.28842496625939246	false	0.5
schlapp	neg 1.0		__DUMMY__ 0.40592257997249814 off 0.30602783647889586 neg 0.288049583548606	false	0.5
abfall	neg 1.0		__DUMMY__ 0.4071616728981317 off 0.3002498308043147 neg 0.29258849629755357	false	0.5
widerspenstig	neg 1.0		__DUMMY__ 0.4061402437402286 off 0.30339321748073894 neg 0.2904665387790324	false	0.5
abrupt	neg 1.0		__DUMMY__ 0.4070234439591371 off 0.301934825694301 neg 0.29104173034656194	false	0.5
unwirksam	neg 1.0		__DUMMY__ 0.40677425951702095 neg 0.29751478387696545 off 0.2957109566060136	false	1.0
angreifen	neg 1.0		__DUMMY__ 0.4066347671585098 off 0.301122595686512 neg 0.29224263715497817	false	0.5
inkonsistent	neg 1.0		__DUMMY__ 0.40685487343292204 off 0.3030742074330155 neg 0.29007091913406247	false	0.5
abrutschen	neg 1.0		__DUMMY__ 0.4066874348195628 off 0.301107568634793 neg 0.2922049965456442	false	0.5
unsicher	neg 1.0		__DUMMY__ 0.40651285286921235 off 0.30311640372583115 neg 0.2903707434049565	false	0.5
bauernkind	off 1.0		__DUMMY__ 0.40457404048452195 off 0.30998630208035716 neg 0.28543965743512095	false	1.0
angreifer	neg 1.0		__DUMMY__ 0.40646855521296665 off 0.29852932737873156 neg 0.29500211740830173	false	0.5
trennen	neg 1.0		__DUMMY__ 0.40727534108633734 off 0.30195160574354163 neg 0.290773053170121	false	0.5
schmutz	neg 1.0		__DUMMY__ 0.40697765928903556 off 0.2985576316658922 neg 0.2944647090450722	false	0.5
inkonsistenz	neg 1.0		__DUMMY__ 0.4061949889908004 off 0.30390546100489924 neg 0.2898995500043003	false	0.5
erschreckend	neg 1.0		__DUMMY__ 0.40655620189535274 off 0.3019086470194894 neg 0.2915351510851578	false	0.5
ertrinken	neg 1.0		__DUMMY__ 0.4061096912258046 off 0.30246219547012576 neg 0.2914281133040696	false	0.5
pickelface	off 1.0		__DUMMY__ 0.4034577373679223 off 0.3143993038638896 neg 0.28214295876818807	false	1.0
lauch	neg 1.0		__DUMMY__ 0.40414402490192997 off 0.31145553073279564 neg 0.28440044436527445	false	0.5
steuerhinterziehung	neg 1.0		__DUMMY__ 0.4063783970172605 off 0.2983440436633913 neg 0.29527755931934824	false	0.5
unwichtig	neg 1.0		__DUMMY__ 0.4062783844271254 off 0.30395589740630147 neg 0.28976571816657304	false	0.5
schock	neg 1.0		__DUMMY__ 0.4069043247316084 off 0.30307634106461917 neg 0.2900193342037724	false	0.5
vergelten	neg 1.0		__DUMMY__ 0.4053347017112465 off 0.30085486991538263 neg 0.2938104283733706	false	0.5
beule	neg 1.0		__DUMMY__ 0.4056710120853386 off 0.306740226358364 neg 0.2875887615562973	false	0.5
verdorbenheit	neg 1.0		__DUMMY__ 0.40896939737160926 off 0.3005377777283646 neg 0.2904928249000261	false	0.5
trauma			__DUMMY__ 0.371367611715819 off 0.3327356731366679 neg 0.2958967151475131	false	0.0
sinnlos	neg 1.0		__DUMMY__ 0.40620779972496374 off 0.303902571233239 neg 0.28988962904179744	false	0.5
fettsack	off 1.0		__DUMMY__ 0.4050636281749732 off 0.3094792152231411 neg 0.2854571566018857	false	1.0
feige	off 1.0		__DUMMY__ 0.4063956009089528 off 0.30389646272080206 neg 0.289707936370245	false	1.0
abdanken	neg 1.0		__DUMMY__ 0.4062705908090164 off 0.3014397147879899 neg 0.2922896944029937	false	0.5
wichtigtuer	off 1.0	off 1.0	off 0.6409985050831909 __DUMMY__ 0.19653852476111516 neg 0.16246297015569383	false	1.0
misslingen	neg 1.0		__DUMMY__ 0.4060317433906591 off 0.3033248815744076 neg 0.29064337503493326	false	0.5
untreu	off 1.0		__DUMMY__ 0.4063787597727005 off 0.303966640688358 neg 0.28965459953894157	false	1.0
missmutig	neg 1.0		__DUMMY__ 0.4066332619492383 off 0.3031691624356162 neg 0.29019757561514536	false	0.5
hurenbock	off 1.0		__DUMMY__ 0.40411448933984645 off 0.30984321196203507 neg 0.2860422986981186	false	1.0
betrunken	neg 1.0		__DUMMY__ 0.4056071165577421 off 0.3059506148806381 neg 0.28844226856161964	false	0.5
korrupt	off 1.0		__DUMMY__ 0.4061602570871579 off 0.30128514195622585 neg 0.29255460095661623	false	1.0
unmut	neg 1.0		__DUMMY__ 0.4067871387170792 off 0.29981394039805703 neg 0.2933989208848636	false	0.5
hackfresse	off 1.0		__DUMMY__ 0.40532316166411153 off 0.306852437085142 neg 0.2878244012507465	false	1.0
aufblasen	neg 1.0		__DUMMY__ 0.4063016244677755 off 0.30387550555955606 neg 0.2898228699726685	false	0.5
gewaltsam	neg 1.0		__DUMMY__ 0.40662407693072017 off 0.2991574464826262 neg 0.29421847658665373	false	0.5
unbeliebtheit	neg 1.0		__DUMMY__ 0.4066951697885599 off 0.29824892254789964 neg 0.2950559076635405	false	0.5
sturheit	neg 1.0		__DUMMY__ 0.4064838367071774 off 0.3012291712146495 neg 0.292286992078173	false	0.5
kuh	neg 1.0		__DUMMY__ 0.4047498902660856 off 0.31019064298631227 neg 0.28505946674760213	false	0.5
erschrecken	neg 1.0		__DUMMY__ 0.4061339756099745 off 0.30440422668706685 neg 0.28946179770295855	false	0.5
opfer	neg 1.0		__DUMMY__ 0.4066762441405705 off 0.3016547634036718 neg 0.2916689924557579	false	0.5
stinktier	neg 1.0		__DUMMY__ 0.4046807293774494 off 0.3098878568175397 neg 0.28543141380501086	false	0.5
sinken	neg 1.0		__DUMMY__ 0.4077692802610338 off 0.2979016117823048 neg 0.2943291079566614	false	0.5
tucke	off 1.0		__DUMMY__ 0.40429807304985643 off 0.3091165420634326 neg 0.2865853848867111	false	1.0
abstieg	neg 1.0		__DUMMY__ 0.4070560592506423 off 0.29959663423778143 neg 0.2933473065115762	false	0.5
missverstehen	neg 1.0		__DUMMY__ 0.40647170674371524 off 0.30322338304263347 neg 0.2903049102136513	false	0.5
ergebnislos	neg 1.0		__DUMMY__ 0.4071939592677436 off 0.29770339843071375 neg 0.29510264230154265	false	0.5
manipulieren	neg 1.0		__DUMMY__ 0.40616080857990927 off 0.30148831326383846 neg 0.29235087815625216	false	0.5
verschleppen	neg 1.0		__DUMMY__ 0.40676114548184583 off 0.29835439955111576 neg 0.2948844549670383	false	0.5
unbewiesen	neg 1.0		__DUMMY__ 0.4066616178550764 off 0.29980208263358327 neg 0.2935362995113403	false	0.5
weib	off 1.0		__DUMMY__ 0.4047922665490549 off 0.3088588015341143 neg 0.28634893191683075	false	1.0
opposition	neg 1.0		__DUMMY__ 0.40569256120457176 neg 0.29734446459351443 off 0.2969629742019138	false	1.0
verkehrswidrig	neg 1.0		__DUMMY__ 0.40555433140089653 off 0.29885921886391675 neg 0.2955864497351868	false	0.5
inkorrekt	neg 1.0		__DUMMY__ 0.4062631293748888 off 0.3037724743872359 neg 0.28996439623787534	false	0.5
vermeiden	neg 1.0		__DUMMY__ 0.4071438052461956 off 0.29947626433805885 neg 0.29337993041574545	false	0.5
abweichung	neg 1.0		__DUMMY__ 0.40707712736731166 off 0.29919812217231817 neg 0.2937247504603702	false	0.5
alkoholisiert	neg 1.0		__DUMMY__ 0.40656829312555826 off 0.30182619595901233 neg 0.2916055109154294	false	0.5
scheiss	off 1.0	off 1.0	off 0.6425323840272539 __DUMMY__ 0.19659018269163045 neg 0.1608774332811157	false	1.0
herausforderung	neg 1.0		__DUMMY__ 0.4073585131286623 off 0.30012839044887263 neg 0.29251309642246504	false	0.5
pervers	off 1.0		__DUMMY__ 0.4045934307974418 off 0.3087525240483909 neg 0.28665404515416737	false	1.0
wackelig	neg 1.0		__DUMMY__ 0.40642183788628605 off 0.3034881865010494 neg 0.2900899756126646	false	0.5
verwickeln	neg 1.0		__DUMMY__ 0.4066241939983016 off 0.30293421376831514 neg 0.29044159223338323	false	0.5
vorwand	neg 1.0		__DUMMY__ 0.40631948711976096 off 0.3013264267390284 neg 0.29235408614121067	false	0.5
muschi	off 1.0		__DUMMY__ 0.40355124709135537 off 0.3138139927405818 neg 0.282634760168063	false	1.0
entmutigung	neg 1.0		__DUMMY__ 0.4063683876988461 off 0.29884535525532974 neg 0.2947862570458241	false	0.5
unstetig	neg 1.0		__DUMMY__ 0.40644695584251406 off 0.3016874048779466 neg 0.29186563927953935	false	0.5
unangemessen	neg 1.0		__DUMMY__ 0.40650250523731607 off 0.3015406204535218 neg 0.2919568743091622	false	0.5
entmutigen	neg 1.0		__DUMMY__ 0.40652911433384636 off 0.30328510369932754 neg 0.2901857819668261	false	0.5
schwanz	neg 1.0		__DUMMY__ 0.4030213357122843 off 0.311894535350896 neg 0.2850841289368196	false	0.5
verbot	neg 1.0		__DUMMY__ 0.40641844860565857 off 0.29896460492966476 neg 0.2946169464646766	false	0.5
leid	neg 1.0		__DUMMY__ 0.40570683552243114 off 0.30632674594646286 neg 0.2879664185311059	false	0.5
archaisch	neg 1.0		__DUMMY__ 0.40636843339095535 off 0.3017042871044481 neg 0.29192727950459657	false	0.5
scheidung	neg 1.0		__DUMMY__ 0.4071387891256559 off 0.29653598861218033 neg 0.2963252222621639	false	0.5
abgestanden	neg 1.0		__DUMMY__ 0.4066626754323948 off 0.30492786870005767 neg 0.28840945586754746	false	0.5
einschlag	neg 1.0		__DUMMY__ 0.407037941949295 off 0.299046179267436 neg 0.293915878783269	false	0.5
schmierig	off 1.0		__DUMMY__ 0.40586919252999865 off 0.3058819373744165 neg 0.2882488700955849	false	1.0
unpraktisch	neg 1.0		__DUMMY__ 0.4060868832048323 off 0.30490376466014957 neg 0.28900935213501805	false	0.5
wixxer	off 1.0		__DUMMY__ 0.40488952143231893 off 0.3098147646981191 neg 0.28529571386956193	false	1.0
jammerlappen	off 1.0		__DUMMY__ 0.4062149402441661 off 0.30399159690208977 neg 0.2897934628537442	false	1.0
farce	neg 1.0		__DUMMY__ 0.40655505252440777 off 0.29898633711064315 neg 0.2944586103649491	false	0.5
zwecklos	neg 1.0		__DUMMY__ 0.4066630934447744 off 0.3016445378936258 neg 0.2916923686615997	false	0.5
turbulent	neg 1.0		__DUMMY__ 0.4058881302969171 off 0.30117817527812785 neg 0.292933694424955	false	0.5
schuld	neg 1.0		__DUMMY__ 0.40614878351375583 off 0.3032033124592266 neg 0.2906479040270175	false	0.5
risiko	neg 1.0		__DUMMY__ 0.40793205226266915 off 0.29704923442571807 neg 0.29501871331161267	false	0.5
invasion	neg 1.0		__DUMMY__ 0.39760861766631767 neg 0.31207323693179667 off 0.2903181454018858	false	1.0
finster	neg 1.0		__DUMMY__ 0.4064314193392948 off 0.3052470213171668 neg 0.2883215593435384	false	0.5
geisteskrank	off 1.0		__DUMMY__ 0.40639361859873757 off 0.30390356504419025 neg 0.2897028163570722	false	1.0
ausbeute	neg 1.0		__DUMMY__ 0.40833007732798965 off 0.3016180409258498 neg 0.2900518817461607	false	0.5
zusammenbrechen	neg 1.0		__DUMMY__ 0.40623743343465146 off 0.3025122487461643 neg 0.2912503178191843	false	0.5
hinterhalt	neg 1.0		__DUMMY__ 0.40665718048517396 off 0.30156573870962716 neg 0.2917770808051989	false	0.5
kritik	neg 1.0		__DUMMY__ 0.40645352086588815 off 0.29928037023100057 neg 0.2942661089031112	false	0.5
einschrumpfen	neg 1.0		__DUMMY__ 0.4040038944230932 off 0.29912664549024703 neg 0.29686946008665976	false	0.5
riskant	neg 1.0		__DUMMY__ 0.4065945194436654 off 0.30168875693715336 neg 0.29171672361918133	false	0.5
frustrieren	neg 1.0		__DUMMY__ 0.4066820288871485 off 0.3020865807698029 neg 0.2912313903430487	false	0.5
groll	neg 1.0		__DUMMY__ 0.4067146829249487 off 0.3014103288704724 neg 0.2918749882045789	false	0.5
qualvoll	neg 1.0		__DUMMY__ 0.40586600016397845 off 0.30402201582886507 neg 0.2901119840071565	false	0.5
wackeln	neg 1.0		__DUMMY__ 0.40668209787817766 off 0.30339126320175597 neg 0.2899266389200664	false	0.5
klagen	neg 1.0		__DUMMY__ 0.40654042150906217 off 0.29958054959035213 neg 0.2938790289005858	false	0.5
trauern	neg 1.0		__DUMMY__ 0.4065125089933518 off 0.3019322564355876 neg 0.2915552345710606	false	0.5
ablehnung	neg 1.0		__DUMMY__ 0.4066663950181856 off 0.29876371468048935 neg 0.294569890301325	false	0.5
bankrott	neg 1.0		__DUMMY__ 0.40542365250435947 neg 0.2999171415502787 off 0.29465920594536193	false	1.0
stur	neg 1.0		__DUMMY__ 0.4061467859537495 off 0.3028116895215518 neg 0.29104152452469867	false	0.5
aufruhr	neg 1.0		__DUMMY__ 0.407400493165715 off 0.2975162698052206 neg 0.29508323702906436	false	0.5
melancholie	neg 1.0		__DUMMY__ 0.4063564524687133 off 0.30451159980488407 neg 0.28913194772640266	false	0.5
torheit	neg 1.0		__DUMMY__ 0.4065189240828018 off 0.3009594005776635 neg 0.29252167533953466	false	0.5
dreckskind	off 1.0		__DUMMY__ 0.40402549821612804 off 0.3124583962106892 neg 0.28351610557318274	false	1.0
umtauschen	neg 1.0		__DUMMY__ 0.40590164430916936 off 0.3048541850076453 neg 0.2892441706831853	false	0.5
zersetzen	neg 1.0		__DUMMY__ 0.4066014725087614 off 0.30056821595562383 neg 0.29283031153561484	false	0.5
frust	neg 1.0		__DUMMY__ 0.4063118152681148 off 0.3023909340647477 neg 0.2912972506671375	false	0.5
unerbittlichkeit	neg 1.0		__DUMMY__ 0.4066320649569918 off 0.3006169052640036 neg 0.29275102977900463	false	0.5
unkorrekt	neg 1.0		__DUMMY__ 0.4057784119588548 off 0.3042779709439864 neg 0.28994361709715893	false	0.5
hexe	off 1.0		__DUMMY__ 0.4064957806667072 off 0.30674692670057035 neg 0.2867572926327225	false	1.0
lasch	neg 1.0		__DUMMY__ 0.4063716170758315 off 0.30292001439554234 neg 0.29070836852862625	false	0.5
rivale	neg 1.0		__DUMMY__ 0.40605984281462604 off 0.29761648950415326 neg 0.29632366768122065	false	0.5
mutlos	off 1.0		__DUMMY__ 0.4066304130468839 off 0.3010644376629049 neg 0.2923051492902112	false	1.0
wirr	off 1.0		__DUMMY__ 0.4050643411955907 off 0.3061666397414075 neg 0.28876901906300184	false	1.0
strafbar	neg 1.0		__DUMMY__ 0.40665687534174394 off 0.30139571504733376 neg 0.2919474096109223	false	0.5
erosion	neg 1.0	neg 1.0	neg 0.6308913002783024 __DUMMY__ 0.2013632075469915 off 0.16774549217470625	false	1.0
eingehen	neg 1.0		__DUMMY__ 0.40657476894205086 off 0.30172814571730733 neg 0.2916970853406418	false	0.5
faul	off 1.0		__DUMMY__ 0.4055147998018562 off 0.30619788982829615 neg 0.28828731036984756	false	1.0
provisorium	neg 1.0		__DUMMY__ 0.4070940402099421 off 0.3005396693543389 neg 0.292366290435719	false	0.5
schmerzen	neg 1.0		__DUMMY__ 0.40560004045855613 off 0.30476962964005644 neg 0.28963032990138743	false	0.5
schrumpfen	neg 1.0		__DUMMY__ 0.40714121661873354 off 0.2993086780944846 neg 0.29355010528678177	false	0.5
geistlos	off 1.0		__DUMMY__ 0.40635281706416027 off 0.3026427264984703 neg 0.2910044564373694	false	1.0
frustrierend	neg 1.0		__DUMMY__ 0.4064806816073606 off 0.304178208021683 neg 0.28934111037095656	false	0.5
fehlkauf	neg 1.0		__DUMMY__ 0.40824663881755785 off 0.3014678306400825 neg 0.2902855305423598	false	0.5
unzufrieden	neg 1.0		__DUMMY__ 0.406707239279832 off 0.3016306216416391 neg 0.291662139078529	false	0.5
verzweifeln	neg 1.0		__DUMMY__ 0.4064177013379653 off 0.3027514164831149 neg 0.2908308821789198	false	0.5
verzweifelt	neg 1.0		__DUMMY__ 0.4065183068936199 off 0.30337238220228485 neg 0.2901093109040954	false	0.5
misstrauensantrag	neg 1.0		__DUMMY__ 0.4055077286700237 off 0.29743688159335424 neg 0.29705538973662216	false	0.5
abfallen	neg 1.0		__DUMMY__ 0.40587516955840824 off 0.30493875289585015 neg 0.28918607754574155	false	0.5
fucker	off 1.0		__DUMMY__ 0.5094482611404957 off 0.30226849926860694 neg 0.18828323959089743	false	1.0
ungezogen	neg 1.0		__DUMMY__ 0.40531248712453855 off 0.3070095019733519 neg 0.2876780109021096	false	0.5
irrsinnig	neg 1.0		__DUMMY__ 0.4063016238878502 off 0.303455960096879 neg 0.29024241601527095	false	0.5
hart	neg 1.0		__DUMMY__ 0.40376837290820217 off 0.3109341079225139 neg 0.285297519169284	false	0.5
unfassbar	neg 1.0		__DUMMY__ 0.40669529476307004 off 0.30393525594939347 neg 0.28936944928753644	false	0.5
widerlich	off 1.0		__DUMMY__ 0.4060206722530159 off 0.30439090629844806 neg 0.28958842144853597	false	1.0
fatal			__DUMMY__ 0.3930224700787342 off 0.3069443597224078 neg 0.30003317019885817	false	0.0
bruch	neg 1.0		__DUMMY__ 0.4070176280391595 off 0.300274629576861 neg 0.2927077423839797	false	0.5
aushungern	neg 1.0		__DUMMY__ 0.4061301368707277 off 0.2996120785727091 neg 0.2942577845565631	false	0.5
anspannung	neg 1.0		__DUMMY__ 0.40692851353783205 off 0.30130545570247186 neg 0.2917660307596961	false	0.5
kraftlos	neg 1.0		__DUMMY__ 0.4065962018584391 off 0.3025492508600411 neg 0.2908545472815197	false	0.5
grenzdebil	off 1.0		__DUMMY__ 0.4058620054795248 off 0.30495932697054445 neg 0.2891786675499308	false	1.0
unterwerfen	neg 1.0		__DUMMY__ 0.4065389877688508 off 0.3014928548233184 neg 0.29196815740783094	false	0.5
versenkung	neg 1.0		__DUMMY__ 0.4067730355772118 off 0.3015745953824348 neg 0.29165236904035324	false	0.5
entziehen	neg 1.0		__DUMMY__ 0.4068060833709381 off 0.3007762429903305 neg 0.2924176736387314	false	0.5
finanzkrise	neg 1.0		__DUMMY__ 0.4069027072355069 neg 0.29687020627203425 off 0.29622708649245877	false	1.0
schimpfend	neg 1.0		__DUMMY__ 0.40583620128368614 off 0.3044298049162701 neg 0.2897339938000438	false	0.5
profan	neg 1.0		__DUMMY__ 0.4064261623210274 off 0.3037268156960195 neg 0.28984702198295303	false	0.5
korruption	neg 1.0		__DUMMY__ 0.40649349647882604 off 0.29849252145851196 neg 0.29501398206266205	false	0.5
schmutzig	neg 1.0		__DUMMY__ 0.405901688758627 off 0.3051506374279452 neg 0.28894767381342784	false	0.5
abraten	neg 1.0		__DUMMY__ 0.4063245952552625 off 0.304258476431167 neg 0.2894169283135706	false	0.5
sexy	neg 1.0		__DUMMY__ 0.37528714920061795 off 0.32465936159045267 neg 0.3000534892089295	false	0.5
fotze	off 1.0		__DUMMY__ 0.4024873563607958 off 0.31585451383836144 neg 0.2816581298008429	false	1.0
schwarz	neg 1.0		__DUMMY__ 0.4069186499381851 off 0.3021527606310945 neg 0.2909285894307204	false	0.5
verwirren	neg 1.0		__DUMMY__ 0.40617863650274577 off 0.30423346749587316 neg 0.2895878960013811	false	0.5
zahnlos	off 1.0		__DUMMY__ 0.4068907341367414 off 0.3016581498403028 neg 0.2914511160229557	false	1.0
verheeren	neg 1.0		__DUMMY__ 0.40639030511526847 neg 0.29762513955155623 off 0.29598455533317525	false	1.0
rammen	neg 1.0		__DUMMY__ 0.4060447578670886 off 0.3052325302085096 neg 0.28872271192440185	false	0.5
unlauter	neg 1.0		__DUMMY__ 0.406102660082162 off 0.29839207902520865 neg 0.2955052608926294	false	0.5
unheilvoll	neg 1.0		__DUMMY__ 0.4058015347384372 off 0.30370418800260257 neg 0.29049427725896027	false	0.5
niedrig	neg 1.0		__DUMMY__ 0.4082040713773756 off 0.2982488257957518 neg 0.29354710282687274	false	0.5
weichei	off 1.0		__DUMMY__ 0.40555772782532923 off 0.3068861785255208 neg 0.2875560936491501	false	1.0
explosion	neg 1.0		__DUMMY__ 0.4031078004831899 neg 0.30377141375623284 off 0.2931207857605772	false	1.0
minusmensch	off 1.0		__DUMMY__ 0.4048115170510753 off 0.3116690829906064 neg 0.2835193999583184	false	1.0
farblos	neg 1.0		__DUMMY__ 0.40788387555617295 off 0.3024438127803288 neg 0.2896723116634983	false	0.5
unwissend	neg 1.0		__DUMMY__ 0.4061252004399517 off 0.3043315402940389 neg 0.28954325926600943	false	0.5
traurig	neg 1.0		__DUMMY__ 0.40592409474130026 off 0.30541944634611873 neg 0.28865645891258107	false	0.5
senkung	neg 1.0		__DUMMY__ 0.40600074719951484 neg 0.2996904074134155 off 0.2943088453870697	false	1.0
ungleich	neg 1.0		__DUMMY__ 0.40654898034978654 off 0.30125476689172404 neg 0.2921962527584894	false	0.5
heikel	neg 1.0		__DUMMY__ 0.4064303220565158 off 0.3014843217061808 neg 0.2920853562373034	false	0.5
drosselung	neg 1.0		__DUMMY__ 0.40650356119495845 neg 0.29837088821301433 off 0.29512555059202716	false	1.0
falsch	neg 1.0		__DUMMY__ 0.4061598272112135 off 0.3042481430150191 neg 0.2895920297737674	false	0.5
unzufriedenheit	neg 1.0		__DUMMY__ 0.4066187785415477 off 0.30059824865691837 neg 0.29278297280153387	false	0.5
kurz	neg 1.0		__DUMMY__ 0.40653191848251896 off 0.30383661403856277 neg 0.2896314674789184	false	0.5
unsinnig	neg 1.0		__DUMMY__ 0.4062476309295514 off 0.3021549943394156 neg 0.29159737473103303	false	0.5
penner	off 1.0		__DUMMY__ 0.4055153868299429 off 0.30660345001229533 neg 0.28788116315776174	false	1.0
seicht	neg 1.0		__DUMMY__ 0.4062386724559284 off 0.30492552554118346 neg 0.2888358020028882	false	0.5
dummheit	off 1.0		__DUMMY__ 0.4062056338027645 off 0.3030222465862904 neg 0.2907721196109452	false	1.0
unerfreulich	neg 1.0		__DUMMY__ 0.4066886318351309 off 0.3013220244028325 neg 0.29198934376203656	false	0.5
pikiert	neg 1.0		__DUMMY__ 0.40623681849762205 off 0.30409726068922927 neg 0.2896659208131487	false	0.5
motherfucker	off 1.0		__DUMMY__ 0.4976584935509396 off 0.3012741514950099 neg 0.20106735495405054	false	1.0
wrack	neg 1.0		__DUMMY__ 0.40693021837154886 off 0.30147032102619986 neg 0.29159946060225134	false	0.5
gangster	neg 1.0		__DUMMY__ 0.4429451167932747 off 0.31477596013396986 neg 0.24227892307275556	false	0.5
krank	neg 1.0		__DUMMY__ 0.4058583646327271 off 0.3057882675949683 neg 0.2883533677723045	false	0.5
reich	neg 1.0		__DUMMY__ 0.4068109865121441 off 0.30142201120623413 neg 0.29176700228162183	false	0.5
gnadenlos	neg 1.0		__DUMMY__ 0.40653023905777996 off 0.3032979839010888 neg 0.29017177704113123	false	0.5
niedergeschlagen	neg 1.0		__DUMMY__ 0.4065529857578871 off 0.30249940577463996 neg 0.290947608467473	false	0.5
terrorisieren	off 1.0	off 1.0	off 0.640021680937103 __DUMMY__ 0.1969491628597605 neg 0.16302915620313652	false	1.0
sinnlosigkeit	neg 1.0		__DUMMY__ 0.4063953488357162 off 0.30193211357175936 neg 0.2916725375925244	false	0.5
behindern	neg 1.0		__DUMMY__ 0.4071653931256257 off 0.2983921254894293 neg 0.294442481384945	false	0.5
undemokratisch	neg 1.0		__DUMMY__ 0.40574540633996864 off 0.30054208948221234 neg 0.29371250417781897	false	0.5
wirtschaftskrise	neg 1.0		__DUMMY__ 0.4071907978649915 off 0.2969749743524795 neg 0.2958342277825289	false	0.5
neid	neg 1.0		__DUMMY__ 0.40670646616979794 off 0.3040524452666516 neg 0.2892410885635506	false	0.5
rutschen	neg 1.0		__DUMMY__ 0.407175590351571 off 0.30230733819131805 neg 0.290517071457111	false	0.5
rezession	neg 1.0		__DUMMY__ 0.4073244597359087 neg 0.2974319755601338 off 0.2952435647039574	false	1.0
fehlgeburt	neg 1.0		__DUMMY__ 0.4055567677092338 off 0.3045598660087216 neg 0.2898833662820446	false	0.5
charakterschwach	off 1.0		__DUMMY__ 0.4061871252753317 off 0.3038723053218131 neg 0.28994056940285523	false	1.0
isolation	neg 1.0		__DUMMY__ 0.4002207092316074 neg 0.3081359074356595 off 0.29164338333273293	false	1.0
ablenkung	neg 1.0		__DUMMY__ 0.4062972608874712 off 0.3034013891622876 neg 0.2903013499502413	false	0.5
pech	neg 1.0		__DUMMY__ 0.40636862888490904 off 0.30513272872034386 neg 0.2884986423947471	false	0.5
dominieren	neg 1.0		__DUMMY__ 0.407799422253924 off 0.29772059654485894 neg 0.294479981201217	false	0.5
vermeidung	neg 1.0		__DUMMY__ 0.40570084302879944 neg 0.2999158489327107 off 0.2943833080384898	false	1.0
schwindlig	neg 1.0		__DUMMY__ 0.405621473839733 off 0.30646121577978747 neg 0.28791731038047963	false	0.5
lutscher	neg 1.0		__DUMMY__ 0.4046541609875418 off 0.3101273310211521 neg 0.285218507991306	false	0.5
pflicht	neg 1.0		__DUMMY__ 0.40679115388315124 off 0.30111161057259317 neg 0.29209723554425554	false	0.5
faschist	off 1.0		__DUMMY__ 0.40607597558279773 off 0.3026989943377397 neg 0.2912250300794626	false	1.0
verschleudern	neg 1.0		__DUMMY__ 0.4068312531310982 off 0.2988022673615931 neg 0.2943664795073087	false	0.5
ehebruch	neg 1.0		__DUMMY__ 0.40658756617807884 off 0.3017762767274176 neg 0.29163615709450363	false	0.5
trostlosigkeit	neg 1.0		__DUMMY__ 0.4066376679698821 off 0.3008832002130076 neg 0.2924791318171102	false	0.5
lutschen	neg 1.0		__DUMMY__ 0.40355906747949954 off 0.3108814149528186 neg 0.2855595175676819	false	0.5
spott	off 1.0		__DUMMY__ 0.40658148062039007 off 0.301179444139826 neg 0.2922390752397838	false	1.0
undiszipliniert	neg 1.0		__DUMMY__ 0.40575963632923184 off 0.30542550219225967 neg 0.28881486147850843	false	0.5
kopfschmerz	neg 1.0		__DUMMY__ 0.40555330977583526 off 0.30437137491696514 neg 0.2900753153071996	false	0.5
unvorhergesehen	neg 1.0		__DUMMY__ 0.4067611103785502 off 0.30289819270672075 neg 0.2903406969147289	false	0.5
desinteressiert	neg 1.0		__DUMMY__ 0.4060381430482312 off 0.30517136375796855 neg 0.28879049319380024	false	0.5
armselig	off 1.0		__DUMMY__ 0.4064991112698344 off 0.3038426590100815 neg 0.289658229720084	false	1.0
tod	neg 1.0		__DUMMY__ 0.4068019544455592 off 0.30094366009019546 neg 0.29225438546424537	false	0.5
desaster	neg 1.0		__DUMMY__ 0.40691417631442584 off 0.2994954532213983 neg 0.2935903704641759	false	0.5
herzlos	neg 1.0		__DUMMY__ 0.40605739111771894 off 0.30516074845320884 neg 0.28878186042907233	false	0.5
unwissenheit	neg 1.0		__DUMMY__ 0.4061964742285126 off 0.30128793291695655 neg 0.29251559285453077	false	0.5
widersinnig	neg 1.0		__DUMMY__ 0.40630399594972216 off 0.30012547652402866 neg 0.29357052752624924	false	0.5
bedenklich	neg 1.0		__DUMMY__ 0.4064545924786346 off 0.3014462846709106 neg 0.29209912285045486	false	0.5
beanstanden	neg 1.0		__DUMMY__ 0.4068299850023816 off 0.3006469079043758 neg 0.29252310709324253	false	0.5
panisch	neg 1.0		__DUMMY__ 0.40590235249819817 off 0.3045330988015615 neg 0.2895645487002404	false	0.5
abstrich	neg 1.0		__DUMMY__ 0.40529066273257663 off 0.30433188660420435 neg 0.2903774506632189	false	0.5
debil	off 1.0		__DUMMY__ 0.4006270652979928 off 0.317828050870158 neg 0.2815448838318492	false	1.0
primitiv	neg 1.0		__DUMMY__ 0.4065471183308794 off 0.3041743437588528 neg 0.28927853791026775	false	0.5
abschaum	off 1.0		__DUMMY__ 0.40626829717615287 off 0.30364958864583164 neg 0.2900821141780155	false	1.0
tot	neg 1.0		__DUMMY__ 0.40588524481882804 off 0.3047008442162275 neg 0.2894139109649444	false	0.5
provozieren	neg 1.0		__DUMMY__ 0.40634921846447286 off 0.3029237759691534 neg 0.29072700556637365	false	0.5
instabil	neg 1.0		__DUMMY__ 0.4071390724470019 off 0.3020956928245749 neg 0.29076523472842314	false	0.5
schwuchtel	off 1.0		__DUMMY__ 0.40415421393689066 off 0.3108777937691741 neg 0.28496799229393516	false	1.0
zerren	neg 1.0		__DUMMY__ 0.4063516887048474 off 0.3027493080188312 neg 0.2908990032763213	false	0.5
kinderficker	off 1.0		__DUMMY__ 0.4056600004813989 off 0.30431478278943436 neg 0.2900252167291668	false	1.0
gefahr	neg 1.0		__DUMMY__ 0.40721937420438503 off 0.29817987006933094 neg 0.2946007557262841	false	0.5
rabiat	neg 1.0		__DUMMY__ 0.40664516969508996 off 0.3028323240463712 neg 0.2905225062585389	false	0.5
verlangsamung	neg 1.0		__DUMMY__ 0.40802988609924307 off 0.29625057633784946 neg 0.2957195375629074	false	0.5
anklagen	neg 1.0		__DUMMY__ 0.40640144501751435 off 0.29848529178257704 neg 0.2951132631999087	false	0.5
ausgestorben	neg 1.0		__DUMMY__ 0.40691845742042465 off 0.30228151602912373 neg 0.29080002655045156	false	0.5
verminderung	neg 1.0		__DUMMY__ 0.4061019451868192 neg 0.2998424378757671 off 0.2940556169374139	false	1.0
rost	neg 1.0		__DUMMY__ 0.40912909297461664 off 0.2989898875534258 neg 0.2918810194719576	false	0.5
destruktiv	neg 1.0		__DUMMY__ 0.40635739298472584 off 0.3019034859710953 neg 0.2917391210441789	false	0.5
unzumutbarkeit	neg 1.0		__DUMMY__ 0.4068035091450902 off 0.2983127836117369 neg 0.2948837072431728	false	0.5
labil	off 1.0	off 1.0	off 0.7205682304106729 __DUMMY__ 0.16040006470737758 neg 0.11903170488194954	false	1.0
ziemlich	neg 1.0		__DUMMY__ 0.4060645544697047 off 0.3052442642296936 neg 0.2886911813006016	false	0.5
lachnummer	off 1.0		__DUMMY__ 0.40662770589160396 off 0.30188955999544936 neg 0.29148273411294656	false	1.0
ausgrenzung	neg 1.0		__DUMMY__ 0.4063313105372976 off 0.2991056280184993 neg 0.294563061444203	false	0.5
verfall	neg 1.0		__DUMMY__ 0.40678939705655304 off 0.29951031018861196 neg 0.29370029275483495	false	0.5
unordnung	neg 1.0	neg 1.0	neg 0.6304678333218366 __DUMMY__ 0.1987768991639457 off 0.1707552675142176	false	1.0
fehlverhalten	neg 1.0		__DUMMY__ 0.4065554458480838 off 0.30059592684933023 neg 0.292848627302586	false	0.5
nille	neg 1.0		__DUMMY__ 0.4010993271273875 off 0.3185288583312181 neg 0.2803718145413944	false	0.5
qual	neg 1.0		__DUMMY__ 0.37687763999372365 off 0.3142569167929604 neg 0.3088654432133159	false	0.5
riesig	neg 1.0		__DUMMY__ 0.40623115496802137 off 0.30857257570031404 neg 0.28519626933166475	false	0.5
verschwenden	neg 1.0		__DUMMY__ 0.4064338100757772 off 0.3020312928348504 neg 0.2915348970893724	false	0.5
verurteilen	neg 1.0		__DUMMY__ 0.4063058045774751 off 0.30124678540261973 neg 0.29244741001990526	false	0.5
klischee	neg 1.0		__DUMMY__ 0.40642792513380727 off 0.303689886430031 neg 0.2898821884361617	false	0.5
diktatorisch	neg 1.0		__DUMMY__ 0.4058377497121272 off 0.3009194895258783 neg 0.29324276076199446	false	0.5
vorhersehbar	neg 1.0		__DUMMY__ 0.4067161363467929 off 0.3030433194895819 neg 0.2902405441636252	false	0.5
stornieren	neg 1.0		__DUMMY__ 0.40641739426702583 off 0.3011896299626655 neg 0.29239297577030876	false	0.5
besteuerung	neg 1.0		__DUMMY__ 0.4067103177051055 neg 0.29838823341167975 off 0.2949014488832148	false	1.0
ungeschminkt	neg 1.0		__DUMMY__ 0.4044652985227011 off 0.30903945136688676 neg 0.2864952501104121	false	0.5
kritisch	neg 1.0		__DUMMY__ 0.406581467772225 off 0.301147144378665 neg 0.29227138784911	false	0.5
schlamperei	off 1.0		__DUMMY__ 0.40671466801926554 off 0.29864894609679815 neg 0.2946363858839364	false	1.0
sucht	neg 1.0		__DUMMY__ 0.4085896533720541 off 0.30141026262926884 neg 0.29000008399867705	false	0.5
egoistisch	off 1.0		__DUMMY__ 0.40560852058665575 off 0.30552176363495737 neg 0.2888697157783869	false	1.0
ausbeuter	off 1.0		__DUMMY__ 0.4065496668003501 off 0.30070298466739925 neg 0.2927473485322507	false	1.0
arschgeburt			__DUMMY__ 0.4037293813214676 off 0.31197337529345803 neg 0.2842972433850744	false	0.0
schubs	neg 1.0		__DUMMY__ 0.4053393680487967 off 0.3057730977743317 neg 0.2888875341768715	false	0.5
unsolide	neg 1.0		__DUMMY__ 0.40596982987447894 off 0.3006227967842435 neg 0.29340737334127753	false	0.5
beschwerde	neg 1.0		__DUMMY__ 0.4063018273480109 off 0.2989069378888736 neg 0.29479123476311536	false	0.5
stocken	neg 1.0		__DUMMY__ 0.4076567703793 off 0.29699606628374403 neg 0.29534716333695593	false	0.5
isolieren	neg 1.0		__DUMMY__ 0.40699597976520013 off 0.2978746324012431 neg 0.29512938783355686	false	0.5
unheilbar	neg 1.0		__DUMMY__ 0.4063754467996141 off 0.30266865620284916 neg 0.2909558969975366	false	0.5
pisser	off 1.0		__DUMMY__ 0.4037929777681673 off 0.311923538666526 neg 0.2842834835653067	false	1.0
löschen	neg 1.0		__DUMMY__ 0.4017743560830196 off 0.3055912703781553 neg 0.2926343735388251	false	0.5
durchfallen	neg 1.0		__DUMMY__ 0.40626248778983215 off 0.3019677748969054 neg 0.29176973731326256	false	0.5
wichser	off 1.0		__DUMMY__ 0.40552195502234223 off 0.30691191093323705 neg 0.2875661340444208	false	1.0
terror	neg 1.0		__DUMMY__ 0.4028349346539943 neg 0.3014961384938174 off 0.29566892685218815	false	1.0
krass	neg 1.0		__DUMMY__ 0.4047496674020065 off 0.30883928463331317 neg 0.28641104796468025	false	0.5
revolte	neg 1.0		__DUMMY__ 0.40704757488349974 off 0.2975205487542176 neg 0.29543187636228274	false	0.5
besorgt	neg 1.0		__DUMMY__ 0.4064087356042189 off 0.3027794441458119 neg 0.29081182024996916	false	0.5
nachlassen	neg 1.0		__DUMMY__ 0.40680150173167023 off 0.30114809853951685 neg 0.2920503997288129	false	0.5
alt	neg 1.0		__DUMMY__ 0.40673878062108926 off 0.3060560322753202 neg 0.28720518710359044	false	0.5
hundesohn	off 1.0		__DUMMY__ 0.4027631996182284 off 0.3144113297511233 neg 0.2828254706306484	false	1.0
abschreckung	neg 1.0		__DUMMY__ 0.40650979930329073 off 0.3001238152523668 neg 0.2933663854443425	false	0.5
unqualifiziert	neg 1.0		__DUMMY__ 0.4060104760837471 off 0.30281158293813104 neg 0.2911779409781219	false	0.5
abgewichst	off 1.0		__DUMMY__ 0.4019924719027474 off 0.3161238826391684 neg 0.28188364545808425	false	1.0
kapitulation	neg 1.0		__DUMMY__ 0.4067908953224367 off 0.29889475873900057 neg 0.29431434593856276	false	0.5
schwer	neg 1.0		__DUMMY__ 0.4066536719553012 off 0.3029863851545655 neg 0.2903599428901333	false	0.5
bedeutungslosigkeit	neg 1.0		__DUMMY__ 0.40681417883670107 off 0.30050633175988567 neg 0.2926794894034133	false	0.5
unscharf	neg 1.0		__DUMMY__ 0.40524123490521446 off 0.30678000223870344 neg 0.2879787628560821	false	0.5
schwinden	neg 1.0		__DUMMY__ 0.4073266013648083 off 0.297532264433441 neg 0.2951411342017506	false	0.5
versklavung	neg 1.0		__DUMMY__ 0.4061355625680295 off 0.29842339797141776 neg 0.29544103946055267	false	0.5
schlecht	neg 1.0		__DUMMY__ 0.40617078451830374 off 0.304690886462213 neg 0.28913832901948316	false	0.5
verhasst	neg 1.0		__DUMMY__ 0.4064898131105175 off 0.3022917636143559 neg 0.2912184232751266	false	0.5
beschweren	neg 1.0		__DUMMY__ 0.40663737039356534 off 0.3032258562428726 neg 0.29013677336356203	false	0.5
scheiden	neg 1.0		__DUMMY__ 0.4067130274422085 off 0.30320806340576595 neg 0.29007890915202555	false	0.5
frustriert	neg 1.0		__DUMMY__ 0.40645039194248184 off 0.30263675875395313 neg 0.2909128493035651	false	0.5
schimmelig	neg 1.0		__DUMMY__ 0.4049267537514597 off 0.30888273764496466 neg 0.2861905086035756	false	0.5
fisch	neg 1.0		__DUMMY__ 0.4068878155246042 off 0.30593378302075674 neg 0.2871784014546392	false	0.5
schmuggel	neg 1.0		__DUMMY__ 0.40665287731253275 off 0.3015224528382724 neg 0.29182466984919486	false	0.5
auffallen	neg 1.0		__DUMMY__ 0.4064591709704743 off 0.3032163793459604 neg 0.2903244496835654	false	0.5
konkurrenz	neg 1.0		__DUMMY__ 0.40679930750385423 off 0.30070212384037787 neg 0.292498568655768	false	0.5
teufelskreis	neg 1.0		__DUMMY__ 0.4066381907839382 off 0.3024020809867286 neg 0.29095972822933314	false	0.5
aufschreien	neg 1.0		__DUMMY__ 0.4064598838039235 off 0.30383373660179036 neg 0.28970637959428613	false	0.5
missgeburt	off 1.0		__DUMMY__ 0.4042197205184143 off 0.3118105837742459 neg 0.2839696957073398	false	1.0
schuldner	neg 1.0		__DUMMY__ 0.40685864029569413 off 0.29784718621486955 neg 0.29529417348943626	false	0.5
befallen	neg 1.0		__DUMMY__ 0.405853938373729 off 0.30050663689894885 neg 0.2936394247273222	false	0.5
arbeitslos	neg 1.0		__DUMMY__ 0.406556784417823 off 0.30187361181132816 neg 0.29156960377084873	false	0.5
miesepetrig	off 1.0		__DUMMY__ 0.4059878360051507 off 0.30482618592896765 neg 0.2891859780658817	false	1.0
alarmieren	neg 1.0		__DUMMY__ 0.4071098573245949 off 0.2966897665649828 neg 0.29620037611042227	false	0.5
ungeduscht	off 1.0		__DUMMY__ 0.4048400024775926 off 0.30753043614928754 neg 0.28762956137311974	false	1.0
knappheit	neg 1.0		__DUMMY__ 0.40714260550518855 off 0.29781328231913096 neg 0.2950441121756805	false	0.5
schlange	neg 1.0		__DUMMY__ 0.4066264450335599 off 0.3036371628296208 neg 0.28973639213681923	false	0.5
harsch	neg 1.0		__DUMMY__ 0.40642639469669434 off 0.29844651996895794 neg 0.2951270853343478	false	0.5
lang	neg 1.0	neg 1.0	neg 0.5848439821553584 __DUMMY__ 0.22155027278627965 off 0.193605745058362	false	1.0
ziellos	neg 1.0		__DUMMY__ 0.4067183564668243 off 0.302334855730175 neg 0.2909467878030007	false	0.5
selbstverliebt	neg 1.0		__DUMMY__ 0.40530339424841255 off 0.3079043659761704 neg 0.2867922397754171	false	0.5
beseitigen	neg 1.0		__DUMMY__ 0.40727348737189406 off 0.2980411646239819 neg 0.29468534800412405	false	0.5
dumm	off 1.0		__DUMMY__ 0.40563771829936546 off 0.30633704227344255 neg 0.28802523942719194	false	1.0
arbeitsloser	neg 1.0		__DUMMY__ 0.40666342428300584 off 0.30158651405084713 neg 0.2917500616661472	false	0.5
blitzen	neg 1.0		__DUMMY__ 0.4075429715498592 off 0.3028073757397422 neg 0.28964965271039855	false	0.5
hilflos	neg 1.0		__DUMMY__ 0.40616528604079566 off 0.30279064802471756 neg 0.2910440659344868	false	0.5
eklig	off 1.0		__DUMMY__ 0.4049919189339667 off 0.30811934230286186 neg 0.28688873876317145	false	1.0
hungersnot	neg 1.0		__DUMMY__ 0.40722044864197426 off 0.2985020178577497 neg 0.294277533500276	false	0.5
ungesetzlich	neg 1.0		__DUMMY__ 0.4062599127482722 off 0.30010198722642334 neg 0.2936381000253044	false	0.5
verschwendung	neg 1.0		__DUMMY__ 0.40649680225717577 off 0.30159606875887507 neg 0.2919071289839492	false	0.5
schmerzvoll	neg 1.0		__DUMMY__ 0.40622199751903737 off 0.30388808504661624 neg 0.2898899174343462	false	0.5
vorzeitig	neg 1.0		__DUMMY__ 0.4070126140580098 off 0.2966679246130403 neg 0.2963194613289499	false	0.5
unvollkommenheit	neg 1.0		__DUMMY__ 0.40648410714720495 off 0.3023251247070627 neg 0.2911907681457323	false	0.5
intervenieren	neg 1.0		__DUMMY__ 0.4063697770750967 off 0.3001966888777918 neg 0.29343353404711137	false	0.5
banause	off 1.0		__DUMMY__ 0.40534454725852104 off 0.3068095331944798 neg 0.28784591954699906	false	1.0
rebell	neg 1.0		__DUMMY__ 0.40266498723386596 off 0.3120484122225535 neg 0.2852866005435806	false	0.5
unlogisch	neg 1.0		__DUMMY__ 0.4058100544272529 off 0.3051332485144726 neg 0.28905669705827447	false	0.5
abschaffung	neg 1.0		__DUMMY__ 0.40620540671336913 off 0.2973549652444232 neg 0.29643962804220775	false	0.5
leiden	neg 1.0		__DUMMY__ 0.406649743501052 off 0.3033153280007731 neg 0.29003492849817497	false	0.5
sturz	neg 1.0		__DUMMY__ 0.40720865409064916 off 0.29813430424493026 neg 0.2946570416644207	false	0.5
verkleinerung	neg 1.0		__DUMMY__ 0.40672781142590025 neg 0.29698349225231774 off 0.29628869632178195	false	1.0
schmarotzer	off 1.0		__DUMMY__ 0.4063014803694221 off 0.30208299135716005 neg 0.29161552827341797	false	1.0
bestrafung	neg 1.0		__DUMMY__ 0.4063795471931667 off 0.3034600738211187 neg 0.2901603789857146	false	0.5
achtlos	neg 1.0		__DUMMY__ 0.4062415423200101 off 0.3027537347497831 neg 0.2910047229302069	false	0.5
ungeheuer	neg 1.0		__DUMMY__ 0.4067648332285541 off 0.3043631391684711 neg 0.2888720276029748	false	0.5
unaufrichtig	neg 1.0		__DUMMY__ 0.40551503812946665 off 0.30329452471797197 neg 0.29119043715256143	false	0.5
groggy	neg 1.0		__DUMMY__ 0.40575228521245427 off 0.308353404810527 neg 0.28589430997701887	false	0.5
verletzlich	neg 1.0		__DUMMY__ 0.40602034712667 off 0.3050043429073764 neg 0.2889753099659536	false	0.5
ablehnen	neg 1.0		__DUMMY__ 0.4062913085121544 off 0.30111738266790256 neg 0.292591308819943	false	0.5
kollaps	neg 1.0		__DUMMY__ 0.4069636728762863 neg 0.29670402852486905 off 0.29633229859884447	false	1.0
beschnitten	neg 1.0		__DUMMY__ 0.4063797134874054 off 0.3032933296924304 neg 0.2903269568201643	false	0.5
defekt	neg 1.0		__DUMMY__ 0.4064574168642575 off 0.29738532557855957 neg 0.2961572575571829	false	0.5
dreckskerl	off 1.0		__DUMMY__ 0.4056037859053708 off 0.3052707847200614 neg 0.2891254293745678	false	1.0
deine	neg 1.0		__DUMMY__ 0.4054331538901739 off 0.3066563972834668 neg 0.28791044882635947	false	0.5
aufgeben	neg 1.0		__DUMMY__ 0.40688565889553546 off 0.30336313156858874 neg 0.2897512095358758	false	0.5
durcheinander	neg 1.0		__DUMMY__ 0.4064666162111009 off 0.3040654901606816 neg 0.28946789362821757	false	0.5
unterbrechen	neg 1.0		__DUMMY__ 0.4066216250252154 off 0.3022518807291372 neg 0.29112649424564724	false	0.5
vergammeln	neg 1.0		__DUMMY__ 0.4064518269934024 off 0.3037757274031337 neg 0.28977244560346377	false	0.5
grotesk	neg 1.0		__DUMMY__ 0.4066949502666738 off 0.3018707194254587 neg 0.29143433030786753	false	0.5
elendig	neg 1.0		__DUMMY__ 0.4060951463839583 off 0.3039708673307746 neg 0.28993398628526723	false	0.5
naiv	off 1.0		__DUMMY__ 0.40663255646742924 off 0.30346133157418564 neg 0.2899061119583852	false	1.0
uneinigkeit	neg 1.0		__DUMMY__ 0.4067134216901957 off 0.2977457964192791 neg 0.2955407818905253	false	0.5
fragil	neg 1.0		__DUMMY__ 0.40005459106797603 neg 0.3035639011026471 off 0.296381507829377	false	1.0
provisorisch	neg 1.0		__DUMMY__ 0.4071506702396309 off 0.3017817155941761 neg 0.29106761416619303	false	0.5
landei	off 1.0		__DUMMY__ 0.40608415129245334 off 0.3066408790342271 neg 0.2872749696733194	false	1.0
bedauerlich	neg 1.0		__DUMMY__ 0.4065631200182184 off 0.30158060944689724 neg 0.29185627053488417	false	0.5
krieg	neg 1.0		__DUMMY__ 0.4064238704373285 off 0.3025763480176928 neg 0.29099978154497874	false	0.5
traurigkeit	neg 1.0		__DUMMY__ 0.4065001100728665 off 0.3031572397675801 neg 0.29034265015955346	false	0.5
monotonie	neg 1.0		__DUMMY__ 0.40683459986850096 off 0.3019166209566112 neg 0.29124877917488773	false	0.5
unliebsam	neg 1.0		__DUMMY__ 0.40648994796750915 off 0.30247412660843526 neg 0.29103592542405554	false	0.5
drift	neg 1.0		__DUMMY__ 0.3572922274212845 neg 0.33757277901889127 off 0.3051349935598242	false	1.0
chaos	neg 1.0		__DUMMY__ 0.40658332754980686 off 0.2996616323291453 neg 0.29375504012104775	false	0.5
blutig	neg 1.0		__DUMMY__ 0.40654310737486105 off 0.3038091570289992 neg 0.28964773559613977	false	0.5
machtlos	neg 1.0		__DUMMY__ 0.40648051856963074 off 0.30132530407484553 neg 0.29219417735552367	false	0.5
