unsolidarisch	neg 1.0		off 0.47434605935717883 neg 0.4601115790597006 __DUMMY__ 0.06554236158312053	false	0.5
nachteilig	neg 1.0		off 0.47356131264616536 neg 0.4607582642512735 __DUMMY__ 0.06568042310256125	false	0.5
skeptisch	neg 1.0		off 0.4744308892157866 neg 0.45987940927327436 __DUMMY__ 0.065689701510939	false	0.5
schrecklich	neg 1.0		off 0.4791276533357515 neg 0.4553534874163128 __DUMMY__ 0.06551885924793581	false	0.5
schlapp	neg 1.0		off 0.4793968647833917 neg 0.45505772130512256 __DUMMY__ 0.06554541391148569	false	0.5
abfall	neg 1.0		off 0.473722755753993 neg 0.4605221189884855 __DUMMY__ 0.06575512525752165	false	0.5
widerspenstig	neg 1.0		off 0.4766512244646585 neg 0.4577652544515313 __DUMMY__ 0.06558352108381015	false	0.5
abrupt	neg 1.0		off 0.4754598794540039 neg 0.4587948379549238 __DUMMY__ 0.06574528259107235	false	0.5
unwirksam	neg 1.0		off 0.46863254972402024 neg 0.4656953682226178 __DUMMY__ 0.06567208205336184	false	0.5
angreifen	neg 1.0		off 0.47441095607161776 neg 0.45992071447832916 __DUMMY__ 0.06566832945005302	false	0.5
inkonsistent	neg 1.0		off 0.4766062715269961 neg 0.4576962476613695 __DUMMY__ 0.06569748081163441	false	0.5
abrutschen	neg 1.0		off 0.47442044109500675 neg 0.4599017992601831 __DUMMY__ 0.06567775964481018	false	0.5
unsicher	neg 1.0		off 0.4765063643863758 neg 0.45784461872124244 __DUMMY__ 0.06564901689238192	false	0.5
bauernkind	off 1.0		off 0.48304599355096706 neg 0.45163363453882854 __DUMMY__ 0.06532037191020441	false	1.0
angreifer	neg 1.0		off 0.47151026178425465 neg 0.4628643608227796 __DUMMY__ 0.0656253773929658	false	0.5
trennen	neg 1.0		off 0.4756122976037545 neg 0.4586129004657622 __DUMMY__ 0.06577480193048323	false	0.5
schmutz	neg 1.0		off 0.47187562187390203 neg 0.4624090583637075 __DUMMY__ 0.06571531976239041	false	0.5
inkonsistenz	neg 1.0		off 0.47719330712538316 neg 0.45721197113773204 __DUMMY__ 0.06559472173688485	false	0.5
erschreckend	neg 1.0		off 0.4752240107063893 neg 0.45911740858168343 __DUMMY__ 0.06565858071192741	false	0.5
ertrinken	neg 1.0		off 0.4756183709761707 neg 0.45880245711796674 __DUMMY__ 0.0655791719058626	false	0.5
pickelface	off 1.0		off 0.48736464404464 neg 0.44753688997912655 __DUMMY__ 0.06509846597623353	false	1.0
lauch	neg 1.0		off 0.4845392976078721 neg 0.45020905474809464 __DUMMY__ 0.06525164764403327	false	0.5
steuerhinterziehung	neg 1.0		off 0.4712589992600584 neg 0.46312804745787495 __DUMMY__ 0.06561295328206665	false	0.5
unwichtig	neg 1.0		off 0.47731065632571773 neg 0.45707771069354663 __DUMMY__ 0.06561163298073559	false	0.5
schock	neg 1.0		off 0.47664227491568695 neg 0.4576451843590579 __DUMMY__ 0.06571254072525523	false	0.5
vergelten	neg 1.0		off 0.47353788846257183 neg 0.46102813573515866 __DUMMY__ 0.06543397580226952	false	0.5
beule	neg 1.0		off 0.4800937240539716 neg 0.45440881085047025 __DUMMY__ 0.06549746509555804	false	0.5
verdorbenheit	neg 1.0		off 0.4748754635056349 neg 0.45913658479748376 __DUMMY__ 0.0659879516968813	false	0.5
trauma			off 0.492670608017004 neg 0.4486281748202089 __DUMMY__ 0.058701217162787034	false	0.0
sinnlos	neg 1.0		off 0.477213277063706 neg 0.45718545526351745 __DUMMY__ 0.0656012676727765	false	0.5
fettsack	off 1.0		off 0.4827460955245535 neg 0.4518464112985103 __DUMMY__ 0.06540749317693617	false	1.0
feige	off 1.0		off 0.47727569918874807 neg 0.4570852027423162 __DUMMY__ 0.06563909806893574	false	1.0
abdanken	neg 1.0		off 0.47455672305757357 neg 0.4598411941530658 __DUMMY__ 0.0656020827893608	false	0.5
wichtigtuer	off 1.0	off 1.0	off 0.7251148829532903 neg 0.24378458478594686 __DUMMY__ 0.031100532260762738	false	1.0
misslingen	neg 1.0		off 0.47650073334605303 neg 0.45794060885073945 __DUMMY__ 0.06555865780320749	false	0.5
untreu	off 1.0		off 0.4773798989624125 neg 0.45699406402780335 __DUMMY__ 0.0656260370097841	false	1.0
missmutig	neg 1.0		off 0.47665459373458763 neg 0.4576797020051657 __DUMMY__ 0.06566570426024658	false	0.5
hurenbock	off 1.0		off 0.48260072073997007 neg 0.45217752353618773 __DUMMY__ 0.06522175572384231	false	1.0
betrunken	neg 1.0		off 0.47918385189529217 neg 0.4553155507306456 __DUMMY__ 0.06550059737406205	false	0.5
korrupt	off 1.0		off 0.47431990819101366 neg 0.46009236649016805 __DUMMY__ 0.06558772531881832	false	1.0
unmut	neg 1.0		off 0.47305030948319343 neg 0.46125806195529245 __DUMMY__ 0.06569162856151416	false	0.5
hackfresse	off 1.0		off 0.480013825403035 neg 0.45453164977186505 __DUMMY__ 0.06545452482509992	false	1.0
aufblasen	neg 1.0		off 0.47725117256625804 neg 0.45713850602386585 __DUMMY__ 0.06561032140987606	false	0.5
gewaltsam	neg 1.0		off 0.47225781815847717 neg 0.46208815154894284 __DUMMY__ 0.06565403029257996	false	0.5
unbeliebtheit	neg 1.0		off 0.47133163539926914 neg 0.46300203756154984 __DUMMY__ 0.06566632703918082	false	0.5
sturheit	neg 1.0		off 0.4744539056215511 neg 0.4599035627505462 __DUMMY__ 0.06564253162790265	false	0.5
kuh	neg 1.0		off 0.48337390567012345 neg 0.4512716344048767 __DUMMY__ 0.06535445992499986	false	0.5
erschrecken	neg 1.0		off 0.4777449886417109 neg 0.4566708019498874 __DUMMY__ 0.06558420940840175	false	0.5
opfer	neg 1.0		off 0.4749897853532221 neg 0.45933532098450314 __DUMMY__ 0.06567489366227469	false	0.5
stinktier	neg 1.0		off 0.4830106066174916 neg 0.4516477110179187 __DUMMY__ 0.06534168236458965	false	0.5
sinken	neg 1.0		off 0.47147188901259374 neg 0.46267632332456987 __DUMMY__ 0.06585178766283632	false	0.5
tucke	off 1.0		off 0.48196934268805675 neg 0.4527525124932751 __DUMMY__ 0.06527814481866834	false	1.0
abstieg	neg 1.0		off 0.472934973271439 neg 0.46133379658367685 __DUMMY__ 0.06573123014488418	false	0.5
missverstehen	neg 1.0		off 0.476594922687763 neg 0.45776168865274824 __DUMMY__ 0.06564338865948878	false	0.5
ergebnislos	neg 1.0		off 0.47096655847300334 neg 0.4632807117248179 __DUMMY__ 0.06575272980217893	false	0.5
manipulieren	neg 1.0		off 0.47456786859971894 neg 0.4598467702412024 __DUMMY__ 0.06558536115907865	false	0.5
verschleppen	neg 1.0		off 0.47147427724566754 neg 0.4628437648613361 __DUMMY__ 0.06568195789299645	false	0.5
unbewiesen	neg 1.0		off 0.47299238345154326 neg 0.461337517191805 __DUMMY__ 0.06567009935665162	false	0.5
weib	off 1.0		off 0.4819582132627475 neg 0.452680346169116 __DUMMY__ 0.06536144056813634	false	1.0
opposition	neg 1.0		off 0.4694405388163088 neg 0.46506599362823714 __DUMMY__ 0.065493467555454	false	0.5
verkehrswidrig	neg 1.0		off 0.47145243177882046 neg 0.4630986250848278 __DUMMY__ 0.0654489431363517	false	0.5
inkorrekt	neg 1.0		off 0.4770860837918335 neg 0.4573090871381632 __DUMMY__ 0.06560482907000344	false	0.5
vermeiden	neg 1.0		off 0.47288105368499067 neg 0.4613678766021154 __DUMMY__ 0.06575106971289385	false	0.5
abweichung	neg 1.0		off 0.47254241082575477 neg 0.4617189217910905 __DUMMY__ 0.06573866738315479	false	0.5
alkoholisiert	neg 1.0		off 0.4751804404919874 neg 0.4591761533553759 __DUMMY__ 0.06564340615263667	false	0.5
scheiss	off 1.0	off 1.0	off 0.7267673495829545 neg 0.24211774814156142 __DUMMY__ 0.03111490227548409	false	1.0
herausforderung	neg 1.0		off 0.47366507014586223 neg 0.4605516413495621 __DUMMY__ 0.06578328850457568	false	0.5
pervers	off 1.0		off 0.48173103489885655 neg 0.4529398564950647 __DUMMY__ 0.06532910860607866	false	1.0
wackelig	neg 1.0		off 0.47687335039375045 neg 0.45749658716019537 __DUMMY__ 0.06563006244605417	false	0.5
verwickeln	neg 1.0		off 0.47635966347717656 neg 0.4579709312519824 __DUMMY__ 0.06566940527084099	false	0.5
vorwand	neg 1.0		off 0.4744765422308221 neg 0.45990734488608137 __DUMMY__ 0.06561611288309663	false	0.5
muschi	off 1.0		off 0.48680594652774006 neg 0.4481013754345941 __DUMMY__ 0.06509267803766576	false	1.0
entmutigung	neg 1.0		off 0.4718104199216324 neg 0.46257424769170724 __DUMMY__ 0.06561533238666041	false	0.5
unstetig	neg 1.0		off 0.47496996584581824 neg 0.45940216192756517 __DUMMY__ 0.06562787222661651	false	0.5
unangemessen	neg 1.0		off 0.4747873608076413 neg 0.45956500843112175 __DUMMY__ 0.065647630761237	false	0.5
entmutigen	neg 1.0		off 0.47669173976633694 neg 0.4576592177324888 __DUMMY__ 0.0656490425011742	false	0.5
schwanz	neg 1.0		off 0.4845110654812259 neg 0.4504711552145749 __DUMMY__ 0.0650177793041992	false	0.5
verbot	neg 1.0		off 0.47194430989809544 neg 0.4624312038233146 __DUMMY__ 0.06562448627859	false	0.5
leid	neg 1.0		off 0.47960977738855526 neg 0.45487912515717116 __DUMMY__ 0.06551109745427362	false	0.5
archaisch	neg 1.0		off 0.47492198418032405 neg 0.4594486006319257 __DUMMY__ 0.06562941518775015	false	0.5
scheidung	neg 1.0		off 0.4697600731416295 neg 0.4645079271798528 __DUMMY__ 0.06573199967851769	false	0.5
abgestanden	neg 1.0		off 0.47858807300789563 neg 0.45574718440511136 __DUMMY__ 0.06566474258699295	false	0.5
einschlag	neg 1.0		off 0.47232231224103444 neg 0.46198416349690535 __DUMMY__ 0.06569352426206033	false	0.5
schmierig	off 1.0		off 0.47921101580712633 neg 0.45525081782487437 __DUMMY__ 0.06553816636799925	false	1.0
unpraktisch	neg 1.0		off 0.4782604932529601 neg 0.45616611952814873 __DUMMY__ 0.06557338721889117	false	0.5
wixxer	off 1.0		off 0.48300417946295177 neg 0.45161485348494695 __DUMMY__ 0.06538096705210134	false	1.0
jammerlappen	off 1.0		off 0.47732153259945403 neg 0.4570707952947858 __DUMMY__ 0.06560767210576021	false	1.0
farce	neg 1.0		off 0.47203382001752375 neg 0.4623165402994548 __DUMMY__ 0.06564963968302145	false	0.5
zwecklos	neg 1.0		off 0.47498611422305237 neg 0.4593391605606693 __DUMMY__ 0.06567472521627837	false	0.5
turbulent	neg 1.0		off 0.4741748035481166 neg 0.46029359144939486 __DUMMY__ 0.06553160500248853	false	0.5
schuld	neg 1.0		off 0.4764245075965028 neg 0.4579853809373854 __DUMMY__ 0.06559011146611174	false	0.5
risiko	neg 1.0		off 0.47062554831321357 neg 0.46349929556378916 __DUMMY__ 0.06587515612299727	false	0.5
invasion	neg 1.0		neg 0.47714103648304096 off 0.4585541443714218 __DUMMY__ 0.06430481914553728	false	1.0
finster	neg 1.0		off 0.4787892470494583 neg 0.4555673671719595 __DUMMY__ 0.06564338577858234	false	0.5
geisteskrank	off 1.0		off 0.4772870479541523 neg 0.4570747782060917 __DUMMY__ 0.06563817383975609	false	1.0
ausbeute	neg 1.0		off 0.4757854038472348 neg 0.45827422866093004 __DUMMY__ 0.0659403674918351	false	0.5
zusammenbrechen	neg 1.0		off 0.47573448753360337 neg 0.4586614405190364 __DUMMY__ 0.0656040719473604	false	0.5
hinterhalt	neg 1.0		off 0.4748499214716111 neg 0.4594915262300226 __DUMMY__ 0.06565855229836641	false	0.5
kritik	neg 1.0		off 0.47229840202436085 neg 0.4620702799599284 __DUMMY__ 0.06563131801571062	false	0.5
einschrumpfen	neg 1.0		off 0.4713302692391666 neg 0.46355752543262213 __DUMMY__ 0.06511220532821133	false	0.5
riskant	neg 1.0		off 0.47498979976853434 neg 0.45934748588648633 __DUMMY__ 0.06566271434497942	false	0.5
frustrieren	neg 1.0		off 0.475465171603227 neg 0.45885661466476074 __DUMMY__ 0.06567821373201224	false	0.5
groll	neg 1.0		off 0.4747620542947325 neg 0.45955643846102584 __DUMMY__ 0.06568150724424168	false	0.5
qualvoll	neg 1.0		off 0.47720694361270793 neg 0.4572552813180946 __DUMMY__ 0.06553777506919754	false	0.5
wackeln	neg 1.0		off 0.47690571347004473 neg 0.4574193730755298 __DUMMY__ 0.06567491345442544	false	0.5
klagen	neg 1.0		off 0.4726667801767953 neg 0.46168642484321365 __DUMMY__ 0.06564679497999111	false	0.5
trauern	neg 1.0		off 0.4752076394239235 neg 0.45914894071018286 __DUMMY__ 0.06564341986589345	false	0.5
ablehnung	neg 1.0		off 0.47185155452556643 neg 0.462481482803056 __DUMMY__ 0.06566696267137752	false	0.5
bankrott	neg 1.0		neg 0.46777187501713496 off 0.46684533637768866 __DUMMY__ 0.06538278860517648	false	1.0
stur	neg 1.0		off 0.47601520512470896 neg 0.45839357954072324 __DUMMY__ 0.06559121533456773	false	0.5
aufruhr	neg 1.0		off 0.47084422826074684 neg 0.4633696803744861 __DUMMY__ 0.06578609136476696	false	0.5
melancholie	neg 1.0		off 0.47795774330453883 neg 0.4564237695504726 __DUMMY__ 0.06561848714498855	false	0.5
torheit	neg 1.0		off 0.47418121570027816 neg 0.4601742129837194 __DUMMY__ 0.06564457131600233	false	0.5
dreckskind	off 1.0		off 0.4854300844333159 neg 0.4493349617032222 __DUMMY__ 0.06523495386346197	false	1.0
umtauschen	neg 1.0		off 0.47814575202244164 neg 0.4563149478612387 __DUMMY__ 0.06553930011631955	false	0.5
zersetzen	neg 1.0		off 0.47379889774268796 neg 0.46053730753012584 __DUMMY__ 0.06566379472718621	false	0.5
frust	neg 1.0		off 0.4756355916844552 neg 0.4587471479717836 __DUMMY__ 0.06561726034376121	false	0.5
unerbittlichkeit	neg 1.0		off 0.47385730026832423 neg 0.46047599307184384 __DUMMY__ 0.06566670665983176	false	0.5
unkorrekt	neg 1.0		off 0.4774071892743049 neg 0.45707295093085576 __DUMMY__ 0.06551985979483944	false	0.5
hexe	off 1.0		off 0.48044772986211104 neg 0.4538983203924364 __DUMMY__ 0.06565394974545255	false	1.0
lasch	neg 1.0		off 0.47622628197314737 neg 0.45813539263684255 __DUMMY__ 0.06563832539001004	false	0.5
rivale	neg 1.0		off 0.4703711562117108 neg 0.4641049751204936 __DUMMY__ 0.06552386866779554	false	0.5
mutlos	off 1.0		off 0.4743212740290188 neg 0.4600123438582867 __DUMMY__ 0.06566638211269434	false	1.0
wirr	off 1.0		off 0.47915354650957154 neg 0.45544537283155706 __DUMMY__ 0.06540108065887142	false	1.0
strafbar	neg 1.0		off 0.4746885031061707 neg 0.45963995132993773 __DUMMY__ 0.06567154556389147	false	0.5
erosion	neg 1.0	neg 1.0	neg 0.7144021640588537 off 0.25347805081620856 __DUMMY__ 0.032119785124937676	false	1.0
eingehen	neg 1.0		off 0.4750360172785053 neg 0.4593048921779499 __DUMMY__ 0.06565909054354471	false	0.5
faul	off 1.0		off 0.47940005014280834 neg 0.45512119737618995 __DUMMY__ 0.0654787524810018	false	1.0
provisorium	neg 1.0		off 0.4740062608837754 neg 0.4602502655499489 __DUMMY__ 0.06574347356627559	false	0.5
schmerzen	neg 1.0		off 0.47791153094659833 neg 0.4565976202222119 __DUMMY__ 0.06549084883118984	false	0.5
schrumpfen	neg 1.0		off 0.47268327453336734 neg 0.46156649214818024 __DUMMY__ 0.06575023331845248	false	0.5
geistlos	off 1.0		off 0.47589013744925823 neg 0.45849110703663776 __DUMMY__ 0.06561875551410397	false	1.0
frustrierend	neg 1.0		off 0.47763726024620157 neg 0.4567174410353611 __DUMMY__ 0.06564529871843722	false	0.5
fehlkauf	neg 1.0		off 0.47565134070474946 neg 0.4585499332648082 __DUMMY__ 0.06579872603044248	false	0.5
unzufrieden	neg 1.0		off 0.4749919393388985 neg 0.45932612317084603 __DUMMY__ 0.06568193749025551	false	0.5
verzweifeln	neg 1.0		off 0.47607350761748807 neg 0.4582916164265671 __DUMMY__ 0.06563487595594475	false	0.5
verzweifelt	neg 1.0		off 0.4767875971419925 neg 0.4575613911603353 __DUMMY__ 0.0656510116976723	false	0.5
misstrauensantrag	neg 1.0		off 0.46986012233922614 neg 0.4646921508442786 __DUMMY__ 0.06544772681649526	false	0.5
abfallen	neg 1.0		off 0.4782075312100349 neg 0.4562545512702541 __DUMMY__ 0.06553791751971104	false	0.5
fucker	off 1.0		off 0.44672861095694427 neg 0.2861329664023224 __DUMMY__ 0.2671384226407333	false	1.0
ungezogen	neg 1.0		off 0.48019386762872934 neg 0.45435565803914124 __DUMMY__ 0.0654504743321294	false	0.5
irrsinnig	neg 1.0		off 0.4767753069036278 neg 0.4576090250144216 __DUMMY__ 0.0656156680819506	false	0.5
hart	neg 1.0		off 0.4837013970544288 neg 0.4511081222773274 __DUMMY__ 0.06519048066824393	false	0.5
unfassbar	neg 1.0		off 0.4774870753882045 neg 0.4568338083567759 __DUMMY__ 0.06567911625501964	false	0.5
widerlich	off 1.0		off 0.47765078451128934 neg 0.4567815341346843 __DUMMY__ 0.0655676813540263	false	1.0
fatal			off 0.46183253652971507 neg 0.4451985282090415 __DUMMY__ 0.09296893526124343	false	0.0
bruch	neg 1.0		off 0.4736558660840006 neg 0.4606140700493036 __DUMMY__ 0.06573006386669575	false	0.5
aushungern	neg 1.0		off 0.47252312176408384 neg 0.46189904212165706 __DUMMY__ 0.06557783611425919	false	0.5
anspannung	neg 1.0		off 0.4747325082648385 neg 0.45955250734656106 __DUMMY__ 0.06571498438860052	false	0.5
kraftlos	neg 1.0		off 0.47594193697201 neg 0.4583941708944478 __DUMMY__ 0.06566389213354216	false	0.5
grenzdebil	off 1.0		off 0.4782125038326838 neg 0.4562389055204684 __DUMMY__ 0.0655485906468478	false	1.0
unterwerfen	neg 1.0		off 0.47475409958243786 neg 0.45959405872985776 __DUMMY__ 0.06565184168770428	false	0.5
versenkung	neg 1.0		off 0.474950726860863 neg 0.4593590713622835 __DUMMY__ 0.06569020177685346	false	0.5
entziehen	neg 1.0		off 0.4740976012963093 neg 0.4602050360760778 __DUMMY__ 0.06569736262761296	false	0.5
finanzkrise	neg 1.0		off 0.46923787460198735 neg 0.4650600860994197 __DUMMY__ 0.06570203929859296	false	0.5
schimpfend	neg 1.0		off 0.4776557699175035 neg 0.4568177141074846 __DUMMY__ 0.06552651597501186	false	0.5
profan	neg 1.0		off 0.47713915543378826 neg 0.4572264582940789 __DUMMY__ 0.06563438627213299	false	0.5
korruption	neg 1.0		off 0.47146705235117087 neg 0.46289576373061775 __DUMMY__ 0.06563718391821136	false	0.5
schmutzig	neg 1.0		off 0.478444281397326 neg 0.456010212795882 __DUMMY__ 0.06554550580679216	false	0.5
abraten	neg 1.0		off 0.4776525651020544 neg 0.4567315870671259 __DUMMY__ 0.06561584783081964	false	0.5
sexy	neg 1.0		off 0.4859747209130919 neg 0.4546784599922243 __DUMMY__ 0.05934681909468385	false	0.5
fotze	off 1.0		off 0.48846403970895413 neg 0.44661370933293415 __DUMMY__ 0.06492225095811169	false	1.0
schwarz	neg 1.0		off 0.4758279110627289 neg 0.45867239159158013 __DUMMY__ 0.06549969734569086	false	0.5
verwirren	neg 1.0		off 0.4775582765926647 neg 0.4568474784692328 __DUMMY__ 0.06559424493810254	false	0.5
zahnlos	off 1.0		off 0.47510058992187326 neg 0.45918650947842377 __DUMMY__ 0.0657129005997031	false	1.0
verheeren	neg 1.0		off 0.46876859443096086 neg 0.4656292159641243 __DUMMY__ 0.06560218960491483	false	0.5
rammen	neg 1.0		off 0.4786379135372223 neg 0.4558041444380343 __DUMMY__ 0.06555794202474355	false	0.5
unlauter	neg 1.0		off 0.47121193735377825 neg 0.4632231594894541 __DUMMY__ 0.06556490315676781	false	0.5
unheilvoll	neg 1.0		off 0.47685575267249797 neg 0.45762150487617365 __DUMMY__ 0.0655227424513283	false	0.5
niedrig	neg 1.0		off 0.4720565285385991 neg 0.46202074219974426 __DUMMY__ 0.0659227292616566	false	0.5
weichei	off 1.0		off 0.4801563515701266 neg 0.45434997851742304 __DUMMY__ 0.06549366991245024	false	1.0
explosion	neg 1.0		neg 0.47078905812156807 off 0.46403301255294743 __DUMMY__ 0.0651779293254844	false	1.0
minusmensch	off 1.0		off 0.48494469549593017 neg 0.44969047097411285 __DUMMY__ 0.06536483352995688	false	1.0
farblos	neg 1.0		off 0.4765042201755962 neg 0.4576397492390919 __DUMMY__ 0.06585603058531204	false	0.5
unwissend	neg 1.0		off 0.47764346806194946 neg 0.45676425373226365 __DUMMY__ 0.06559227820578696	false	0.5
traurig	neg 1.0		off 0.4787325054763951 neg 0.45570860973174016 __DUMMY__ 0.06555888479186468	false	0.5
senkung	neg 1.0		neg 0.4676759101827411 off 0.4667874322608667 __DUMMY__ 0.06553665755639215	false	1.0
ungleich	neg 1.0		off 0.47449753629512664 neg 0.45985024061098384 __DUMMY__ 0.0656522230938895	false	0.5
heikel	neg 1.0		off 0.4746944944999236 neg 0.4596693451547461 __DUMMY__ 0.06563616034533022	false	0.5
drosselung	neg 1.0		off 0.46790202585270446 neg 0.46648240310038314 __DUMMY__ 0.06561557104691246	false	0.5
falsch	neg 1.0		off 0.47757111656343687 neg 0.4568359890407833 __DUMMY__ 0.06559289439577976	false	0.5
unzufriedenheit	neg 1.0		off 0.4738165928043276 neg 0.4605103611519024 __DUMMY__ 0.06567304604377006	false	0.5
kurz	neg 1.0		off 0.4772942240731881 neg 0.4570550889529543 __DUMMY__ 0.06565068697385759	false	0.5
unsinnig	neg 1.0		off 0.4753320936630297 neg 0.45906299137325884 __DUMMY__ 0.06560491496371139	false	0.5
penner	off 1.0		off 0.4798333564018054 neg 0.4546788044508195 __DUMMY__ 0.06548783914737502	false	1.0
seicht	neg 1.0		off 0.47833660268486294 neg 0.45604875525954297 __DUMMY__ 0.0656146420555941	false	0.5
dummheit	off 1.0		off 0.4762660356758102 neg 0.4581344958587833 __DUMMY__ 0.06559946846540654	false	1.0
unerfreulich	neg 1.0		off 0.4746582913035788 neg 0.45966400666144974 __DUMMY__ 0.06567770203497153	false	0.5
pikiert	neg 1.0		off 0.4774336021034724 neg 0.45696448216445446 __DUMMY__ 0.06560191573207312	false	0.5
motherfucker	off 1.0		off 0.447895592186916 neg 0.3053696971049413 __DUMMY__ 0.2467347107081428	false	1.0
wrack	neg 1.0		off 0.47495708493492833 neg 0.45934195215678153 __DUMMY__ 0.06570096290829025	false	0.5
gangster	neg 1.0		off 0.46613319444571055 neg 0.36536104277801085 __DUMMY__ 0.16850576277627852	false	0.5
krank	neg 1.0		off 0.479103122353084 neg 0.4553488248710297 __DUMMY__ 0.06554805277588631	false	0.5
reich	neg 1.0		off 0.47480183929479247 neg 0.4594561851230569 __DUMMY__ 0.06574197558215054	false	0.5
gnadenlos	neg 1.0		off 0.47671108099011866 neg 0.45763604423659493 __DUMMY__ 0.06565287477328631	false	0.5
niedergeschlagen	neg 1.0		off 0.4758702763248918 neg 0.4584768158726697 __DUMMY__ 0.06565290780243849	false	0.5
terrorisieren	off 1.0	off 1.0	off 0.7242892279132638 neg 0.24454556566634264 __DUMMY__ 0.031165206420393467	false	1.0
sinnlosigkeit	neg 1.0		off 0.47516415228303066 neg 0.45919652349711876 __DUMMY__ 0.06563932421985058	false	0.5
behindern	neg 1.0		off 0.47160726805639996 neg 0.46281544796082014 __DUMMY__ 0.06557728398277984	false	0.5
undemokratisch	neg 1.0		off 0.47333619867243043 neg 0.46115384650109215 __DUMMY__ 0.06550995482647738	false	0.5
wirtschaftskrise	neg 1.0		off 0.470177615342495 neg 0.46406840509530756 __DUMMY__ 0.06575397956219728	false	0.5
neid	neg 1.0		off 0.47763162859327835 neg 0.45669025864049273 __DUMMY__ 0.06567811276622901	false	0.5
rutschen	neg 1.0		off 0.47594545543946676 neg 0.4582982381708132 __DUMMY__ 0.06575630638971992	false	0.5
rezession	neg 1.0		off 0.4683643896311801 neg 0.4658735607036377 __DUMMY__ 0.06576204966518207	false	0.5
fehlgeburt	neg 1.0		off 0.4776029193911119 neg 0.4569209279525425 __DUMMY__ 0.06547615265634572	false	0.5
charakterschwach	off 1.0		off 0.47717179449120956 neg 0.4572335487923981 __DUMMY__ 0.06559465671639228	false	1.0
isolation	neg 1.0		neg 0.4738844020608364 off 0.4610626495437435 __DUMMY__ 0.0650529483954201	false	1.0
ablenkung	neg 1.0		off 0.4767246366047312 neg 0.45766174236882223 __DUMMY__ 0.06561362102644655	false	0.5
pech	neg 1.0		off 0.4786420170244709 neg 0.455740123485213 __DUMMY__ 0.06561785949031619	false	0.5
dominieren	neg 1.0		off 0.4712918334606003 neg 0.4628555870426302 __DUMMY__ 0.06585257949676948	false	0.5
vermeidung	neg 1.0		neg 0.46779112572896603 off 0.4667365305222126 __DUMMY__ 0.06547234374882147	false	1.0
schwindlig	neg 1.0		off 0.47973720102290407 neg 0.4547696797190496 __DUMMY__ 0.06549311925804628	false	0.5
lutscher	neg 1.0		off 0.4832344672728042 neg 0.45142674802744753 __DUMMY__ 0.06533878469974827	false	0.5
pflicht	neg 1.0		off 0.4744629106652854 neg 0.4598434688859211 __DUMMY__ 0.06569362044879355	false	0.5
faschist	off 1.0		off 0.4758151257467379 neg 0.45861309176532805 __DUMMY__ 0.06557178248793408	false	1.0
verschleudern	neg 1.0		off 0.4719892616048724 neg 0.46231819653507866 __DUMMY__ 0.06569254186004898	false	0.5
ehebruch	neg 1.0		off 0.47507552459544633 neg 0.4592663004517569 __DUMMY__ 0.06565817495279674	false	0.5
trostlosigkeit	neg 1.0		off 0.4741374507534968 neg 0.46018747603347226 __DUMMY__ 0.06567507321303093	false	0.5
lutschen	neg 1.0		off 0.4836326061112742 neg 0.4512456761635374 __DUMMY__ 0.06512171772518847	false	0.5
spott	off 1.0		off 0.4744226685836053 neg 0.45991947376078895 __DUMMY__ 0.06565785765560572	false	1.0
undiszipliniert	neg 1.0		off 0.4786672822795178 neg 0.45581167923317706 __DUMMY__ 0.06552103848730506	false	0.5
kopfschmerz	neg 1.0		off 0.4774574058182586 neg 0.4570610084059404 __DUMMY__ 0.06548158577580097	false	0.5
unvorhergesehen	neg 1.0		off 0.4764358829543771 neg 0.45788013836655883 __DUMMY__ 0.0656839786790642	false	0.5
desinteressiert	neg 1.0		off 0.47850633772197126 neg 0.4559236448762551 __DUMMY__ 0.06557001740177368	false	0.5
armselig	off 1.0		off 0.47729094848550657 neg 0.45706078162327723 __DUMMY__ 0.0656482698912163	false	1.0
tod	neg 1.0		off 0.4742732385378338 neg 0.46003842767276276 __DUMMY__ 0.06568833378940343	false	0.5
desaster	neg 1.0		off 0.472758142980714 neg 0.46152979939791644 __DUMMY__ 0.06571205762136961	false	0.5
herzlos	neg 1.0		off 0.4785132745925208 neg 0.45590480076787937 __DUMMY__ 0.06558192463959983	false	0.5
unwissenheit	neg 1.0		off 0.4743779129339108 neg 0.46001750583847295 __DUMMY__ 0.06560458122761621	false	0.5
widersinnig	neg 1.0		off 0.47315209247401696 neg 0.46123900796567574 __DUMMY__ 0.0656088995603075	false	0.5
bedenklich	neg 1.0		off 0.4746624950343712 neg 0.45969725553696794 __DUMMY__ 0.06564024942866088	false	0.5
beanstanden	neg 1.0		off 0.4739651465701266 neg 0.46033691159014606 __DUMMY__ 0.06569794183972741	false	0.5
panisch	neg 1.0		off 0.47778033056975644 neg 0.45667569491476323 __DUMMY__ 0.06554397451548032	false	0.5
abstrich	neg 1.0		off 0.47731143462887915 neg 0.45726012471049743 __DUMMY__ 0.06542844066062349	false	0.5
debil	off 1.0		off 0.4896075697156527 neg 0.4457863070987801 __DUMMY__ 0.0646061231855672	false	1.0
primitiv	neg 1.0		off 0.4776543927117445 neg 0.4566811333394214 __DUMMY__ 0.06566447394883426	false	0.5
abschaum	off 1.0		off 0.47694807045169135 neg 0.45744229526700886 __DUMMY__ 0.06560963428129979	false	1.0
tot	neg 1.0		off 0.47796073193147065 neg 0.45651700519762717 __DUMMY__ 0.06552226287090235	false	0.5
provozieren	neg 1.0		off 0.47621417415145867 neg 0.45816224400937705 __DUMMY__ 0.0656235818391642	false	0.5
instabil	neg 1.0		off 0.4757099603438872 neg 0.45854414898298634 __DUMMY__ 0.06574589067312654	false	0.5
schwuchtel	off 1.0		off 0.4837944246521961 neg 0.45094944472353793 __DUMMY__ 0.06525613062426598	false	1.0
zerren	neg 1.0		off 0.47604634321857486 neg 0.45833288067366074 __DUMMY__ 0.06562077610776448	false	0.5
kinderficker	off 1.0		off 0.4773951571356256 neg 0.4571032211264138 __DUMMY__ 0.06550162173796044	false	1.0
gefahr	neg 1.0		off 0.4715049822048786 neg 0.4627343428780504 __DUMMY__ 0.06576067491707104	false	0.5
rabiat	neg 1.0		off 0.476254779613364 neg 0.4580764419728577 __DUMMY__ 0.06566877841377826	false	0.5
verlangsamung	neg 1.0		off 0.46979565981240273 neg 0.4643192730960831 __DUMMY__ 0.0658850670915141	false	0.5
anklagen	neg 1.0		off 0.4714265927899433 neg 0.4629555402697152 __DUMMY__ 0.06561786694034144	false	0.5
ausgestorben	neg 1.0		off 0.47579829194362305 neg 0.45848497093453455 __DUMMY__ 0.06571673712184248	false	0.5
verminderung	neg 1.0		neg 0.46795198252045783 off 0.46651327869047715 __DUMMY__ 0.06553473878906511	false	1.0
rost	neg 1.0		off 0.47332396914897146 neg 0.46062427728785177 __DUMMY__ 0.06605175356317679	false	0.5
destruktiv	neg 1.0		off 0.4751187690877286 neg 0.4592571864819286 __DUMMY__ 0.06562404443034274	false	0.5
unzumutbarkeit	neg 1.0		off 0.4714334814559118 neg 0.46288933592233633 __DUMMY__ 0.06567718262175186	false	0.5
labil	off 1.0	off 1.0	off 0.8021545405672376 neg 0.17125342081218814 __DUMMY__ 0.02659203862057424	false	1.0
ziemlich	neg 1.0		off 0.4786025459127859 neg 0.4558152347849969 __DUMMY__ 0.06558221930221719	false	0.5
lachnummer	off 1.0		off 0.4752268163771055 neg 0.45910602330730493 __DUMMY__ 0.06566716031558945	false	1.0
ausgrenzung	neg 1.0		off 0.47205828177464 neg 0.4623321603715211 __DUMMY__ 0.06560955785383879	false	0.5
verfall	neg 1.0		off 0.4727279818824345 neg 0.46157928809529425 __DUMMY__ 0.06569273002227127	false	0.5
unordnung	neg 1.0	neg 1.0	neg 0.7126956147485277 off 0.2558477807512023 __DUMMY__ 0.03145660450026998	false	1.0
fehlverhalten	neg 1.0		off 0.4737748525828184 neg 0.46057316183254404 __DUMMY__ 0.06565198558463763	false	0.5
nille	neg 1.0		off 0.4907106977011896 neg 0.44459883508419556 __DUMMY__ 0.06469046721461486	false	0.5
qual	neg 1.0		off 0.4753002996371319 neg 0.46507198823071505 __DUMMY__ 0.05962771213215308	false	0.5
riesig	neg 1.0		off 0.48227058818985885 neg 0.452157156859443 __DUMMY__ 0.0655722549506982	false	0.5
verschwenden	neg 1.0		off 0.4753164479926115 neg 0.45904753009801225 __DUMMY__ 0.06563602190937634	false	0.5
verurteilen	neg 1.0		off 0.4743718908476253 neg 0.46001708309955297 __DUMMY__ 0.06561102605282179	false	0.5
klischee	neg 1.0		off 0.4770901657214512 neg 0.4572663760042251 __DUMMY__ 0.06564345827432375	false	0.5
diktatorisch	neg 1.0		off 0.47378391355460026 neg 0.4606885679167587 __DUMMY__ 0.06552751852864092	false	0.5
vorhersehbar	neg 1.0		off 0.4765113081761402 neg 0.45780436934916496 __DUMMY__ 0.06568432247469477	false	0.5
stornieren	neg 1.0		off 0.47439445676630176 neg 0.45999270814460474 __DUMMY__ 0.06561283508909349	false	0.5
besteuerung	neg 1.0		off 0.46773759911928164 neg 0.4666032799140247 __DUMMY__ 0.06565912096669373	false	0.5
ungeschminkt	neg 1.0		off 0.48201541739656195 neg 0.4526954888052055 __DUMMY__ 0.06528909379823258	false	0.5
kritisch	neg 1.0		off 0.47438645542993335 neg 0.45995197346359923 __DUMMY__ 0.06566157110646752	false	0.5
schlamperei	off 1.0		off 0.4717524453189584 neg 0.4625738766482526 __DUMMY__ 0.06567367803278888	false	1.0
sucht	neg 1.0		off 0.47568253971984586 neg 0.4583610327886971 __DUMMY__ 0.06595642749145693	false	0.5
egoistisch	off 1.0		off 0.47869993570639685 neg 0.4558033261889792 __DUMMY__ 0.06549673810462402	false	1.0
ausbeuter	off 1.0		off 0.4738867636799977 neg 0.46046136981427965 __DUMMY__ 0.06565186650572251	false	1.0
arschgeburt			off 0.48477459867813516 neg 0.45004419458879613 __DUMMY__ 0.06518120673306863	false	0.0
schubs	neg 1.0		off 0.47890005542877506 neg 0.45566311866095033 __DUMMY__ 0.06543682591027458	false	0.5
unsolide	neg 1.0		off 0.4735443392136774 neg 0.46090923022252633 __DUMMY__ 0.06554643056379615	false	0.5
beschwerde	neg 1.0		off 0.4718374059615559 neg 0.46256122080717404 __DUMMY__ 0.0656013732312701	false	0.5
stocken	neg 1.0		off 0.4704301336716219 neg 0.46373888768956767 __DUMMY__ 0.06583097863881048	false	0.5
isolieren	neg 1.0		off 0.47108661325106355 neg 0.4631926986280734 __DUMMY__ 0.06572068812086308	false	0.5
unheilbar	neg 1.0		off 0.47596023734572496 neg 0.4584143168634595 __DUMMY__ 0.06562544579081557	false	0.5
pisser	off 1.0		off 0.48470566332411813 neg 0.4498863111336947 __DUMMY__ 0.06540802554218725	false	1.0
löschen	neg 1.0		off 0.47721779501365547 neg 0.4582730434551756 __DUMMY__ 0.06450916153116894	false	0.5
durchfallen	neg 1.0		off 0.47514420355436265 neg 0.4592502665812566 __DUMMY__ 0.0656055298643808	false	0.5
wichser	off 1.0		off 0.48017101458597405 neg 0.4543408108023118 __DUMMY__ 0.0654881746117141	false	1.0
terror	neg 1.0		neg 0.46823765131919737 off 0.46672834159929816 __DUMMY__ 0.06503400708150434	false	1.0
krass	neg 1.0		off 0.48187719052535655 neg 0.4527679805697362 __DUMMY__ 0.06535482890490724	false	0.5
revolte	neg 1.0		off 0.470694581599045 neg 0.46357304553343764 __DUMMY__ 0.0657323728675174	false	0.5
besorgt	neg 1.0		off 0.4761068029900272 neg 0.45826566563713095 __DUMMY__ 0.06562753137284193	false	0.5
nachlassen	neg 1.0		off 0.474505035790534 neg 0.4598050557173495 __DUMMY__ 0.06568990849211649	false	0.5
alt	neg 1.0		off 0.47987741414574936 neg 0.4544529759467662 __DUMMY__ 0.06566960990748441	false	0.5
hundesohn	off 1.0		off 0.4869498265824319 neg 0.4480294764712263 __DUMMY__ 0.06502069694634172	false	1.0
abschreckung	neg 1.0		off 0.4732371097900707 neg 0.4611183259246077 __DUMMY__ 0.06564456428532167	false	0.5
unqualifiziert	neg 1.0		off 0.475924782892343 neg 0.45851184730730415 __DUMMY__ 0.06556336980035292	false	0.5
abgewichst	off 1.0		off 0.48861201077130223 neg 0.44658835541709235 __DUMMY__ 0.06479963381160536	false	1.0
kapitulation	neg 1.0		off 0.47205410653340113 neg 0.4622555477611462 __DUMMY__ 0.06569034570545262	false	0.5
schwer	neg 1.0		off 0.4764318994741456 neg 0.45789624106219173 __DUMMY__ 0.06567185946366265	false	0.5
bedeutungslosigkeit	neg 1.0		off 0.4738113386590552 neg 0.46049160674226736 __DUMMY__ 0.06569705459867738	false	0.5
unscharf	neg 1.0		off 0.4799051209455429 neg 0.4546714864506979 __DUMMY__ 0.06542339260375912	false	0.5
schwinden	neg 1.0		off 0.47088114520837004 neg 0.46333875434953214 __DUMMY__ 0.06578010044209778	false	0.5
versklavung	neg 1.0		off 0.47124431342006357 neg 0.4631570599200824 __DUMMY__ 0.06559862665985401	false	0.5
schlecht	neg 1.0		off 0.47805854035781353 neg 0.45633987878912274 __DUMMY__ 0.06560158085306357	false	0.5
verhasst	neg 1.0		off 0.4756054288301003 neg 0.4587404125334123 __DUMMY__ 0.06565415863648742	false	0.5
beschweren	neg 1.0		off 0.4766844285902072 neg 0.4576453057763583 __DUMMY__ 0.06567026563343446	false	0.5
scheiden	neg 1.0		off 0.47672141861727435 neg 0.4576022637992876 __DUMMY__ 0.0656763175834381	false	0.5
frustriert	neg 1.0		off 0.47596229833264614 neg 0.4583952346177014 __DUMMY__ 0.06564246704965264	false	0.5
schimmelig	neg 1.0		off 0.4820355104396441 neg 0.4526015361620782 __DUMMY__ 0.06536295339827766	false	0.5
fisch	neg 1.0		off 0.47977648276712814 neg 0.45452880226955333 __DUMMY__ 0.06569471496331858	false	0.5
schmuggel	neg 1.0		off 0.4748370126284946 neg 0.4594982231390928 __DUMMY__ 0.06566476423241255	false	0.5
auffallen	neg 1.0		off 0.4766144239603384 neg 0.4577458332037546 __DUMMY__ 0.06563974283590691	false	0.5
konkurrenz	neg 1.0		off 0.4740049236919653 neg 0.4603056513968494 __DUMMY__ 0.06568942491118525	false	0.5
teufelskreis	neg 1.0		off 0.475790490101607 neg 0.45853571625456546 __DUMMY__ 0.06567379364382742	false	0.5
aufschreien	neg 1.0		off 0.4772435640329769 neg 0.4571144236088987 __DUMMY__ 0.06564201235812439	false	0.5
missgeburt	off 1.0		off 0.4848302803764843 neg 0.4499264940527377 __DUMMY__ 0.06524322557077801	false	1.0
schuldner	neg 1.0		off 0.47096270410638774 neg 0.46334079860425836 __DUMMY__ 0.06569649728935388	false	0.5
befallen	neg 1.0		off 0.47337490869303667 neg 0.46108940421180095 __DUMMY__ 0.06553568709516241	false	0.5
arbeitslos	neg 1.0		off 0.4751783614054943 neg 0.4591646936812527 __DUMMY__ 0.06565694491325294	false	0.5
miesepetrig	off 1.0		off 0.4781377882841956 neg 0.45630454670243376 __DUMMY__ 0.06555766501337056	false	1.0
alarmieren	neg 1.0		off 0.46983407702941443 neg 0.4644325209709172 __DUMMY__ 0.06573340199966851	false	0.5
ungeduscht	off 1.0		off 0.48055188481397143 neg 0.4540914162695352 __DUMMY__ 0.06535669891649333	false	1.0
knappheit	neg 1.0		off 0.471068408428099 neg 0.46318616544489166 __DUMMY__ 0.06574542612700943	false	0.5
schlange	neg 1.0		off 0.47714192627183466 neg 0.4571911703202381 __DUMMY__ 0.06566690340792737	false	0.5
harsch	neg 1.0		off 0.47144837717002025 neg 0.46295807011915646 __DUMMY__ 0.06559355271082336	false	0.5
lang	neg 1.0	neg 1.0	neg 0.6768409704621555 off 0.2882593899890011 __DUMMY__ 0.034899639548843474	false	1.0
ziellos	neg 1.0		off 0.4757602034732549 neg 0.45855708170825266 __DUMMY__ 0.06568271481849251	false	0.5
selbstverliebt	neg 1.0		off 0.4811286173342559 neg 0.4534219743015939 __DUMMY__ 0.06544940836415021	false	0.5
beseitigen	neg 1.0		off 0.47141730657115805 neg 0.4628169250535946 __DUMMY__ 0.06576576837524745	false	0.5
dumm	off 1.0		off 0.47958691788452656 neg 0.45490156175267454 __DUMMY__ 0.06551152036279892	false	1.0
arbeitsloser	neg 1.0		off 0.4749121472513895 neg 0.4594165230484663 __DUMMY__ 0.06567132970014418	false	0.5
blitzen	neg 1.0		off 0.47596702169627253 neg 0.4563762749569379 __DUMMY__ 0.06765670334678967	false	0.5
hilflos	neg 1.0		off 0.4759992101499901 neg 0.45840835864043183 __DUMMY__ 0.0655924312095781	false	0.5
eklig	off 1.0		off 0.48122739772157763 neg 0.4533743808187713 __DUMMY__ 0.06539822145965098	false	1.0
hungersnot	neg 1.0		off 0.4718145172243711 neg 0.4624247496454542 __DUMMY__ 0.06576073313017472	false	0.5
ungesetzlich	neg 1.0		off 0.47310912489211987 neg 0.46129123275547684 __DUMMY__ 0.06559964235240323	false	0.5
verschwendung	neg 1.0		off 0.47484466475451126 neg 0.45950849285051865 __DUMMY__ 0.06564684239497014	false	0.5
schmerzvoll	neg 1.0		off 0.4772082225051442 neg 0.4571891475860833 __DUMMY__ 0.06560262990877246	false	0.5
vorzeitig	neg 1.0		off 0.46979783560810345 neg 0.46449369441017224 __DUMMY__ 0.06570846998172429	false	0.5
unvollkommenheit	neg 1.0		off 0.4756400936986174 neg 0.4587259844341197 __DUMMY__ 0.0656339218672627	false	0.5
intervenieren	neg 1.0		off 0.47325107130179994 neg 0.4611287115381768 __DUMMY__ 0.06562021716002321	false	0.5
banause	off 1.0		off 0.4800001305862489 neg 0.45455596626691097 __DUMMY__ 0.06544390314683997	false	1.0
rebell	neg 1.0		off 0.48442026808542005 neg 0.4506294021280743 __DUMMY__ 0.06495032978650554	false	0.5
unlogisch	neg 1.0		off 0.47837044162948433 neg 0.45609044721840836 __DUMMY__ 0.06553911115210737	false	0.5
abschaffung	neg 1.0		off 0.4701227077534179 neg 0.4642971026268402 __DUMMY__ 0.06558018961974191	false	0.5
leiden	neg 1.0		off 0.4767763639996799 neg 0.45755277901341196 __DUMMY__ 0.06567085698690811	false	0.5
sturz	neg 1.0		off 0.47145811361014667 neg 0.4627914161339174 __DUMMY__ 0.06575047025593592	false	0.5
verkleinerung	neg 1.0		off 0.4692420133181495 neg 0.4650892858498797 __DUMMY__ 0.06566870083197072	false	0.5
schmarotzer	off 1.0		off 0.47527693961016493 neg 0.4591085193796847 __DUMMY__ 0.06561454101015038	false	1.0
bestrafung	neg 1.0		off 0.47680721127021236 neg 0.4575665671615282 __DUMMY__ 0.06562622156825954	false	0.5
achtlos	neg 1.0		off 0.4760148361345757 neg 0.4583841301905918 __DUMMY__ 0.06560103367483257	false	0.5
ungeheuer	neg 1.0		off 0.4779804001348986 neg 0.4563319296700209 __DUMMY__ 0.0656876701950805	false	0.5
unaufrichtig	neg 1.0		off 0.4761751921828885 neg 0.4583533988855984 __DUMMY__ 0.06547140893151308	false	0.5
groggy	neg 1.0		off 0.4819519595511984 neg 0.4525841543367093 __DUMMY__ 0.06546388611209224	false	0.5
verletzlich	neg 1.0		off 0.47833406254993616 neg 0.45610286895513996 __DUMMY__ 0.06556306849492384	false	0.5
ablehnen	neg 1.0		off 0.4742271990113155 neg 0.4601636904843508 __DUMMY__ 0.06560911050433367	false	0.5
kollaps	neg 1.0		off 0.46938544651008524 neg 0.46490190688602884 __DUMMY__ 0.06571264660388587	false	0.5
beschnitten	neg 1.0		off 0.47662574177482786 neg 0.45774548046933894 __DUMMY__ 0.065628777755833	false	0.5
defekt	neg 1.0		off 0.4704438848070824 neg 0.4639742142518402 __DUMMY__ 0.06558190094107737	false	0.5
dreckskerl	off 1.0		off 0.4784035226045335 neg 0.45609399341969276 __DUMMY__ 0.06550248397577377	false	1.0
deine	neg 1.0		off 0.47986501917844926 neg 0.45467426025245544 __DUMMY__ 0.0654607205690952	false	0.5
aufgeben	neg 1.0		off 0.47693612280762393 neg 0.45735765149326113 __DUMMY__ 0.06570622569911498	false	0.5
durcheinander	neg 1.0		off 0.47751471182206323 neg 0.45684220058676855 __DUMMY__ 0.06564308759116813	false	0.5
unterbrechen	neg 1.0		off 0.4756264932339593 neg 0.45870537638134024 __DUMMY__ 0.0656681303847005	false	0.5
vergammeln	neg 1.0		off 0.4772062896065262 neg 0.45715888901792473 __DUMMY__ 0.06563482137554896	false	0.5
grotesk	neg 1.0		off 0.475228987663617 neg 0.4590886845806311 __DUMMY__ 0.06568232775575199	false	0.5
elendig	neg 1.0		off 0.47725588268318675 neg 0.45716605958964474 __DUMMY__ 0.06557805772716861	false	0.5
naiv	off 1.0		off 0.4769314777298425 neg 0.45739696730351964 __DUMMY__ 0.06567155496663783	false	1.0
uneinigkeit	neg 1.0		off 0.4707751205207455 neg 0.4635517831497682 __DUMMY__ 0.06567309632948637	false	0.5
fragil	neg 1.0		neg 0.46908903782115824 off 0.46651271042968895 __DUMMY__ 0.06439825174915274	false	1.0
provisorisch	neg 1.0		off 0.475378358731096 neg 0.4588684591444245 __DUMMY__ 0.06575318212447945	false	0.5
landei	off 1.0		off 0.4801646610126895 neg 0.4542677132781795 __DUMMY__ 0.06556762570913101	false	1.0
bedauerlich	neg 1.0		off 0.4748607800489217 neg 0.45948083699473136 __DUMMY__ 0.06565838295634695	false	0.5
krieg	neg 1.0		off 0.47587746507052436 neg 0.4584849687888561 __DUMMY__ 0.06563756614061958	false	0.5
traurigkeit	neg 1.0		off 0.4765641655231417 neg 0.45778970571102173 __DUMMY__ 0.06564612876583654	false	0.5
monotonie	neg 1.0		off 0.4753753541851767 neg 0.45892238727181994 __DUMMY__ 0.06570225854300331	false	0.5
unliebsam	neg 1.0		off 0.47578911475801905 neg 0.45856728413991177 __DUMMY__ 0.06564360110206924	false	0.5
drift	neg 1.0		neg 0.4858567520253709 off 0.4503321535120884 __DUMMY__ 0.06381109446254077	false	1.0
chaos	neg 1.0		off 0.47279025750331766 neg 0.4615328781099885 __DUMMY__ 0.06567686438669382	false	0.5
