unsolidarisch	neg 1.0		off 0.4743460593571786 neg 0.4601115790597008 __DUMMY__ 0.06554236158312053	false	0.5
nachteilig	neg 1.0		off 0.473561312646165 neg 0.4607582642512736 __DUMMY__ 0.06568042310256132	false	0.5
skeptisch	neg 1.0		off 0.47443088921578724 neg 0.45987940927327386 __DUMMY__ 0.06568970151093889	false	0.5
schrecklich	neg 1.0		off 0.4791276533357515 neg 0.4553534874163127 __DUMMY__ 0.06551885924793581	false	0.5
schlapp	neg 1.0		off 0.47939686478339144 neg 0.45505772130512306 __DUMMY__ 0.06554541391148556	false	0.5
abfall	neg 1.0		off 0.47372275575399325 neg 0.46052211898848516 __DUMMY__ 0.06575512525752158	false	0.5
widerspenstig	neg 1.0		off 0.47665122446465874 neg 0.45776525445153116 __DUMMY__ 0.0655835210838101	false	0.5
abrupt	neg 1.0		off 0.4754598794540034 neg 0.45879483795492404 __DUMMY__ 0.06574528259107237	false	0.5
unwirksam	neg 1.0		off 0.4686325497240203 neg 0.4656953682226178 __DUMMY__ 0.06567208205336184	false	0.5
angreifen	neg 1.0		off 0.47441095607161826 neg 0.4599207144783287 __DUMMY__ 0.06566832945005298	false	0.5
inkonsistent	neg 1.0		off 0.47660627152699647 neg 0.4576962476613691 __DUMMY__ 0.06569748081163435	false	0.5
abrutschen	neg 1.0		off 0.47442044109500653 neg 0.4599017992601833 __DUMMY__ 0.06567775964481012	false	0.5
unsicher	neg 1.0		off 0.47650636438637606 neg 0.457844618721242 __DUMMY__ 0.06564901689238196	false	0.5
bauernkind	off 1.0		off 0.4830459935509672 neg 0.4516336345388284 __DUMMY__ 0.0653203719102044	false	1.0
angreifer	neg 1.0		off 0.4715102617842545 neg 0.46286436082277965 __DUMMY__ 0.06562537739296574	false	0.5
trennen	neg 1.0		off 0.47561229760375545 neg 0.45861290046576103 __DUMMY__ 0.06577480193048342	false	0.5
schmutz	neg 1.0		off 0.47187562187390164 neg 0.4624090583637078 __DUMMY__ 0.06571531976239055	false	0.5
inkonsistenz	neg 1.0		off 0.47719330712538255 neg 0.45721197113773265 __DUMMY__ 0.06559472173688494	false	0.5
erschreckend	neg 1.0		off 0.47522401070638937 neg 0.4591174085816832 __DUMMY__ 0.06565858071192737	false	0.5
ertrinken	neg 1.0		off 0.47561837097617166 neg 0.45880245711796586 __DUMMY__ 0.06557917190586242	false	0.5
pickelface	off 1.0		off 0.48736464404464 neg 0.44753688997912655 __DUMMY__ 0.06509846597623353	false	1.0
lauch	neg 1.0		off 0.4845392976078718 neg 0.45020905474809486 __DUMMY__ 0.06525164764403327	false	0.5
steuerhinterziehung	neg 1.0		off 0.47125899926005865 neg 0.4631280474578745 __DUMMY__ 0.06561295328206679	false	0.5
unwichtig	neg 1.0		off 0.47731065632571756 neg 0.45707771069354675 __DUMMY__ 0.06561163298073558	false	0.5
schock	neg 1.0		off 0.47664227491568656 neg 0.4576451843590581 __DUMMY__ 0.06571254072525523	false	0.5
vergelten	neg 1.0		off 0.47353788846257205 neg 0.4610281357351585 __DUMMY__ 0.06543397580226956	false	0.5
beule	neg 1.0		off 0.4800937240539717 neg 0.45440881085047014 __DUMMY__ 0.06549746509555804	false	0.5
verdorbenheit	neg 1.0		off 0.4748754635056347 neg 0.4591365847974839 __DUMMY__ 0.06598795169688135	false	0.5
trauma			off 0.49267060801700424 neg 0.4486281748202088 __DUMMY__ 0.058701217162787034	false	0.0
sinnlos	neg 1.0		off 0.477213277063706 neg 0.4571854552635174 __DUMMY__ 0.06560126767277659	false	0.5
fettsack	off 1.0		off 0.48274609552455344 neg 0.45184641129851044 __DUMMY__ 0.06540749317693621	false	1.0
feige	off 1.0		off 0.47727569918874785 neg 0.45708520274231634 __DUMMY__ 0.06563909806893577	false	1.0
abdanken	neg 1.0		off 0.4745567230575743 neg 0.45984119415306507 __DUMMY__ 0.06560208278936072	false	0.5
wichtigtuer	off 1.0	off 1.0	off 0.72511488295329 neg 0.24378458478594728 __DUMMY__ 0.031100532260762738	false	1.0
misslingen	neg 1.0		off 0.4765007333460527 neg 0.45794060885073984 __DUMMY__ 0.06555865780320748	false	0.5
untreu	off 1.0		off 0.47737989896241184 neg 0.456994064027804 __DUMMY__ 0.06562603700978403	false	1.0
missmutig	neg 1.0		off 0.47665459373458746 neg 0.457679702005166 __DUMMY__ 0.06566570426024664	false	0.5
hurenbock	off 1.0		off 0.48260072073997046 neg 0.4521775235361873 __DUMMY__ 0.06522175572384234	false	1.0
betrunken	neg 1.0		off 0.47918385189529095 neg 0.45531555073064706 __DUMMY__ 0.06550059737406196	false	0.5
korrupt	off 1.0		off 0.4743199081910136 neg 0.46009236649016794 __DUMMY__ 0.0655877253188185	false	1.0
unmut	neg 1.0		off 0.4730503094831933 neg 0.4612580619552924 __DUMMY__ 0.06569162856151428	false	0.5
hackfresse	off 1.0		off 0.4800138254030355 neg 0.45453164977186467 __DUMMY__ 0.06545452482509986	false	1.0
aufblasen	neg 1.0		off 0.477251172566258 neg 0.45713850602386574 __DUMMY__ 0.06561032140987626	false	0.5
gewaltsam	neg 1.0		off 0.47225781815847756 neg 0.4620881515489425 __DUMMY__ 0.06565403029257999	false	0.5
unbeliebtheit	neg 1.0		off 0.4713316353992698 neg 0.4630020375615494 __DUMMY__ 0.06566632703918075	false	0.5
sturheit	neg 1.0		off 0.4744539056215515 neg 0.45990356275054584 __DUMMY__ 0.06564253162790268	false	0.5
kuh	neg 1.0		off 0.48337390567012384 neg 0.4512716344048763 __DUMMY__ 0.06535445992499994	false	0.5
erschrecken	neg 1.0		off 0.47774498864171056 neg 0.4566708019498875 __DUMMY__ 0.06558420940840191	false	0.5
opfer	neg 1.0		off 0.4749897853532215 neg 0.45933532098450375 __DUMMY__ 0.06567489366227475	false	0.5
stinktier	neg 1.0		off 0.4830106066174918 neg 0.4516477110179185 __DUMMY__ 0.06534168236458968	false	0.5
sinken	neg 1.0		off 0.4714718890125933 neg 0.46267632332457026 __DUMMY__ 0.0658517876628364	false	0.5
tucke	off 1.0		off 0.4819693426880569 neg 0.45275251249327486 __DUMMY__ 0.0652781448186683	false	1.0
abstieg	neg 1.0		off 0.47293497327143835 neg 0.46133379658367757 __DUMMY__ 0.06573123014488412	false	0.5
missverstehen	neg 1.0		off 0.4765949226877631 neg 0.45776168865274824 __DUMMY__ 0.06564338865948872	false	0.5
ergebnislos	neg 1.0		off 0.470966558473003 neg 0.4632807117248179 __DUMMY__ 0.06575272980217908	false	0.5
manipulieren	neg 1.0		off 0.4745678685997191 neg 0.45984677024120235 __DUMMY__ 0.06558536115907865	false	0.5
verschleppen	neg 1.0		off 0.47147427724566765 neg 0.46284376486133605 __DUMMY__ 0.06568195789299637	false	0.5
unbewiesen	neg 1.0		off 0.4729923834515439 neg 0.4613375171918045 __DUMMY__ 0.0656700993566516	false	0.5
weib	off 1.0		off 0.4819582132627473 neg 0.4526803461691163 __DUMMY__ 0.06536144056813634	false	1.0
opposition	neg 1.0		off 0.4694405388163088 neg 0.4650659936282373 __DUMMY__ 0.06549346755545402	false	0.5
verkehrswidrig	neg 1.0		off 0.4714524317788208 neg 0.4630986250848274 __DUMMY__ 0.06544894313635181	false	0.5
inkorrekt	neg 1.0		off 0.47708608379183276 neg 0.4573090871381639 __DUMMY__ 0.06560482907000345	false	0.5
vermeiden	neg 1.0		off 0.4728810536849904 neg 0.4613678766021158 __DUMMY__ 0.06575106971289388	false	0.5
abweichung	neg 1.0		off 0.47254241082575466 neg 0.4617189217910905 __DUMMY__ 0.06573866738315483	false	0.5
alkoholisiert	neg 1.0		off 0.47518044049198677 neg 0.4591761533553767 __DUMMY__ 0.0656434061526367	false	0.5
scheiss	off 1.0	off 1.0	off 0.7267673495829544 neg 0.24211774814156145 __DUMMY__ 0.031114902275484024	false	1.0
herausforderung	neg 1.0		off 0.473665070145862 neg 0.4605516413495621 __DUMMY__ 0.0657832885045758	false	0.5
pervers	off 1.0		off 0.4817310348988569 neg 0.45293985649506446 __DUMMY__ 0.06532910860607866	false	1.0
wackelig	neg 1.0		off 0.47687335039375023 neg 0.4574965871601956 __DUMMY__ 0.06563006244605409	false	0.5
verwickeln	neg 1.0		off 0.47635966347717673 neg 0.45797093125198224 __DUMMY__ 0.06566940527084104	false	0.5
vorwand	neg 1.0		off 0.47447654223082214 neg 0.4599073448860812 __DUMMY__ 0.06561611288309659	false	0.5
muschi	off 1.0		off 0.48680594652774006 neg 0.4481013754345943 __DUMMY__ 0.06509267803766575	false	1.0
entmutigung	neg 1.0		off 0.47181041992163236 neg 0.4625742476917071 __DUMMY__ 0.06561533238666047	false	0.5
unstetig	neg 1.0		off 0.4749699658458187 neg 0.45940216192756483 __DUMMY__ 0.06562787222661652	false	0.5
unangemessen	neg 1.0		off 0.47478736080764133 neg 0.4595650084311218 __DUMMY__ 0.0656476307612369	false	0.5
entmutigen	neg 1.0		off 0.4766917397663374 neg 0.45765921773248847 __DUMMY__ 0.06564904250117412	false	0.5
schwanz	neg 1.0		off 0.48451106548122563 neg 0.45047115521457515 __DUMMY__ 0.06501777930419916	false	0.5
verbot	neg 1.0		off 0.4719443098980953 neg 0.4624312038233145 __DUMMY__ 0.06562448627859006	false	0.5
leid	neg 1.0		off 0.47960977738855587 neg 0.4548791251571705 __DUMMY__ 0.06551109745427366	false	0.5
archaisch	neg 1.0		off 0.4749219841803245 neg 0.4594486006319253 __DUMMY__ 0.06562941518775016	false	0.5
scheidung	neg 1.0		off 0.46976007314162954 neg 0.4645079271798528 __DUMMY__ 0.06573199967851763	false	0.5
abgestanden	neg 1.0		off 0.478588073007896 neg 0.45574718440511086 __DUMMY__ 0.065664742586993	false	0.5
einschlag	neg 1.0		off 0.4723223122410341 neg 0.46198416349690546 __DUMMY__ 0.06569352426206035	false	0.5
schmierig	off 1.0		off 0.47921101580712616 neg 0.4552508178248744 __DUMMY__ 0.06553816636799933	false	1.0
unpraktisch	neg 1.0		off 0.47826049325296016 neg 0.45616611952814856 __DUMMY__ 0.06557338721889124	false	0.5
wixxer	off 1.0		off 0.4830041794629513 neg 0.45161485348494723 __DUMMY__ 0.06538096705210142	false	1.0
jammerlappen	off 1.0		off 0.4773215325994538 neg 0.4570707952947858 __DUMMY__ 0.0656076721057604	false	1.0
farce	neg 1.0		off 0.47203382001752414 neg 0.4623165402994545 __DUMMY__ 0.06564963968302137	false	0.5
zwecklos	neg 1.0		off 0.4749861142230526 neg 0.45933916056066876 __DUMMY__ 0.0656747252162785	false	0.5
turbulent	neg 1.0		off 0.4741748035481162 neg 0.46029359144939536 __DUMMY__ 0.06553160500248856	false	0.5
schuld	neg 1.0		off 0.47642450759650307 neg 0.4579853809373852 __DUMMY__ 0.06559011146611175	false	0.5
risiko	neg 1.0		off 0.47062554831321346 neg 0.46349929556378916 __DUMMY__ 0.0658751561229973	false	0.5
invasion	neg 1.0		neg 0.477141036483041 off 0.45855414437142183 __DUMMY__ 0.06430481914553726	false	1.0
finster	neg 1.0		off 0.47878924704945774 neg 0.45556736717195984 __DUMMY__ 0.0656433857785824	false	0.5
geisteskrank	off 1.0		off 0.4772870479541516 neg 0.4570747782060924 __DUMMY__ 0.06563817383975612	false	1.0
ausbeute	neg 1.0		off 0.4757854038472343 neg 0.4582742286609305 __DUMMY__ 0.06594036749183513	false	0.5
zusammenbrechen	neg 1.0		off 0.4757344875336032 neg 0.45866144051903657 __DUMMY__ 0.06560407194736044	false	0.5
hinterhalt	neg 1.0		off 0.47484992147161126 neg 0.4594915262300223 __DUMMY__ 0.06565855229836641	false	0.5
kritik	neg 1.0		off 0.4722984020243601 neg 0.4620702799599292 __DUMMY__ 0.06563131801571069	false	0.5
einschrumpfen	neg 1.0		off 0.47133026923916665 neg 0.46355752543262196 __DUMMY__ 0.06511220532821131	false	0.5
riskant	neg 1.0		off 0.4749897997685338 neg 0.45934748588648694 __DUMMY__ 0.06566271434497939	false	0.5
frustrieren	neg 1.0		off 0.4754651716032269 neg 0.4588566146647607 __DUMMY__ 0.06567821373201238	false	0.5
groll	neg 1.0		off 0.4747620542947328 neg 0.4595564384610256 __DUMMY__ 0.0656815072442416	false	0.5
qualvoll	neg 1.0		off 0.47720694361270766 neg 0.45725528131809484 __DUMMY__ 0.06553777506919757	false	0.5
wackeln	neg 1.0		off 0.4769057134700452 neg 0.45741937307552943 __DUMMY__ 0.06567491345442553	false	0.5
klagen	neg 1.0		off 0.4726667801767953 neg 0.4616864248432134 __DUMMY__ 0.06564679497999118	false	0.5
trauern	neg 1.0		off 0.4752076394239235 neg 0.4591489407101831 __DUMMY__ 0.0656434198658934	false	0.5
ablehnung	neg 1.0		off 0.4718515545255665 neg 0.46248148280305595 __DUMMY__ 0.06566696267137749	false	0.5
bankrott	neg 1.0		neg 0.46777187501713496 off 0.46684533637768844 __DUMMY__ 0.0653827886051765	false	1.0
stur	neg 1.0		off 0.4760152051247088 neg 0.45839357954072374 __DUMMY__ 0.06559121533456755	false	0.5
aufruhr	neg 1.0		off 0.4708442282607474 neg 0.4633696803744857 __DUMMY__ 0.06578609136476696	false	0.5
melancholie	neg 1.0		off 0.47795774330453833 neg 0.45642376955047326 __DUMMY__ 0.0656184871449885	false	0.5
torheit	neg 1.0		off 0.47418121570027777 neg 0.46017421298371974 __DUMMY__ 0.06564457131600239	false	0.5
dreckskind	off 1.0		off 0.4854300844333158 neg 0.4493349617032221 __DUMMY__ 0.06523495386346198	false	1.0
umtauschen	neg 1.0		off 0.4781457520224416 neg 0.45631494786123894 __DUMMY__ 0.06553930011631952	false	0.5
zersetzen	neg 1.0		off 0.473798897742688 neg 0.46053730753012573 __DUMMY__ 0.06566379472718623	false	0.5
frust	neg 1.0		off 0.4756355916844552 neg 0.4587471479717837 __DUMMY__ 0.06561726034376116	false	0.5
unerbittlichkeit	neg 1.0		off 0.4738573002683245 neg 0.4604759930718438 __DUMMY__ 0.06566670665983163	false	0.5
unkorrekt	neg 1.0		off 0.477407189274305 neg 0.4570729509308557 __DUMMY__ 0.06551985979483933	false	0.5
hexe	off 1.0		off 0.4804477298621114 neg 0.45389832039243616 __DUMMY__ 0.06565394974545256	false	1.0
lasch	neg 1.0		off 0.47622628197314715 neg 0.4581353926368427 __DUMMY__ 0.0656383253900101	false	0.5
rivale	neg 1.0		off 0.4703711562117108 neg 0.4641049751204936 __DUMMY__ 0.06552386866779551	false	0.5
mutlos	off 1.0		off 0.47432127402901914 neg 0.4600123438582865 __DUMMY__ 0.06566638211269449	false	1.0
wirr	off 1.0		off 0.4791535465095718 neg 0.45544537283155667 __DUMMY__ 0.0654010806588715	false	1.0
strafbar	neg 1.0		off 0.474688503106171 neg 0.4596399513299375 __DUMMY__ 0.06567154556389139	false	0.5
erosion	neg 1.0	neg 1.0	neg 0.7144021640588538 off 0.2534780508162085 __DUMMY__ 0.03211978512493768	false	1.0
eingehen	neg 1.0		off 0.47503601727850525 neg 0.45930489217795006 __DUMMY__ 0.06565909054354464	false	0.5
faul	off 1.0		off 0.47940005014280856 neg 0.4551211973761897 __DUMMY__ 0.06547875248100181	false	1.0
provisorium	neg 1.0		off 0.47400626088377606 neg 0.46025026554994847 __DUMMY__ 0.06574347356627545	false	0.5
schmerzen	neg 1.0		off 0.4779115309465988 neg 0.45659762022221134 __DUMMY__ 0.0654908488311899	false	0.5
schrumpfen	neg 1.0		off 0.47268327453336717 neg 0.4615664921481805 __DUMMY__ 0.06575023331845248	false	0.5
geistlos	off 1.0		off 0.4758901374492578 neg 0.45849110703663815 __DUMMY__ 0.06561875551410395	false	1.0
frustrierend	neg 1.0		off 0.4776372602462018 neg 0.4567174410353609 __DUMMY__ 0.0656452987184373	false	0.5
fehlkauf	neg 1.0		off 0.4756513407047494 neg 0.45854993326480803 __DUMMY__ 0.0657987260304425	false	0.5
unzufrieden	neg 1.0		off 0.47499193933889866 neg 0.45932612317084576 __DUMMY__ 0.06568193749025558	false	0.5
verzweifeln	neg 1.0		off 0.4760735076174875 neg 0.4582916164265676 __DUMMY__ 0.0656348759559449	false	0.5
verzweifelt	neg 1.0		off 0.4767875971419927 neg 0.457561391160335 __DUMMY__ 0.0656510116976722	false	0.5
misstrauensantrag	neg 1.0		off 0.46986012233922636 neg 0.4646921508442783 __DUMMY__ 0.0654477268164953	false	0.5
abfallen	neg 1.0		off 0.4782075312100348 neg 0.45625455127025427 __DUMMY__ 0.06553791751971096	false	0.5
fucker	off 1.0		off 0.4467286109569442 neg 0.28613296640232244 __DUMMY__ 0.26713842264073334	false	1.0
ungezogen	neg 1.0		off 0.48019386762872923 neg 0.4543556580391414 __DUMMY__ 0.06545047433212942	false	0.5
irrsinnig	neg 1.0		off 0.4767753069036282 neg 0.4576090250144213 __DUMMY__ 0.06561566808195068	false	0.5
hart	neg 1.0		off 0.48370139705442877 neg 0.45110812227732733 __DUMMY__ 0.06519048066824391	false	0.5
unfassbar	neg 1.0		off 0.47748707538820345 neg 0.4568338083567769 __DUMMY__ 0.06567911625501958	false	0.5
widerlich	off 1.0		off 0.4776507845112901 neg 0.45678153413468364 __DUMMY__ 0.06556768135402627	false	1.0
fatal			off 0.46183253652971507 neg 0.44519852820904154 __DUMMY__ 0.09296893526124345	false	0.0
bruch	neg 1.0		off 0.4736558660840003 neg 0.46061407004930394 __DUMMY__ 0.06573006386669589	false	0.5
aushungern	neg 1.0		off 0.47252312176408384 neg 0.46189904212165706 __DUMMY__ 0.06557783611425913	false	0.5
anspannung	neg 1.0		off 0.4747325082648385 neg 0.45955250734656095 __DUMMY__ 0.06571498438860064	false	0.5
kraftlos	neg 1.0		off 0.4759419369720098 neg 0.4583941708944481 __DUMMY__ 0.06566389213354212	false	0.5
grenzdebil	off 1.0		off 0.47821250383268343 neg 0.4562389055204688 __DUMMY__ 0.0655485906468477	false	1.0
unterwerfen	neg 1.0		off 0.47475409958243797 neg 0.45959405872985754 __DUMMY__ 0.06565184168770441	false	0.5
versenkung	neg 1.0		off 0.47495072686086304 neg 0.45935907136228354 __DUMMY__ 0.06569020177685342	false	0.5
entziehen	neg 1.0		off 0.47409760129630957 neg 0.4602050360760776 __DUMMY__ 0.06569736262761294	false	0.5
finanzkrise	neg 1.0		off 0.4692378746019874 neg 0.4650600860994196 __DUMMY__ 0.065702039298593	false	0.5
schimpfend	neg 1.0		off 0.47765576991750347 neg 0.45681771410748473 __DUMMY__ 0.06552651597501176	false	0.5
profan	neg 1.0		off 0.4771391554337877 neg 0.45722645829407926 __DUMMY__ 0.06563438627213303	false	0.5
korruption	neg 1.0		off 0.47146705235117126 neg 0.46289576373061725 __DUMMY__ 0.06563718391821143	false	0.5
schmutzig	neg 1.0		off 0.47844428139732575 neg 0.45601021279588216 __DUMMY__ 0.06554550580679197	false	0.5
abraten	neg 1.0		off 0.4776525651020544 neg 0.4567315870671259 __DUMMY__ 0.06561584783081965	false	0.5
sexy	neg 1.0		off 0.4859747209130921 neg 0.4546784599922241 __DUMMY__ 0.05934681909468382	false	0.5
fotze	off 1.0		off 0.4884640397089544 neg 0.446613709332934 __DUMMY__ 0.0649222509581117	false	1.0
schwarz	neg 1.0		off 0.475827911062729 neg 0.45867239159158013 __DUMMY__ 0.06549969734569087	false	0.5
verwirren	neg 1.0		off 0.47755827659266403 neg 0.4568474784692333 __DUMMY__ 0.06559424493810266	false	0.5
zahnlos	off 1.0		off 0.47510058992187326 neg 0.4591865094784237 __DUMMY__ 0.0657129005997032	false	1.0
verheeren	neg 1.0		off 0.468768594430961 neg 0.4656292159641241 __DUMMY__ 0.06560218960491485	false	0.5
rammen	neg 1.0		off 0.4786379135372225 neg 0.4558041444380341 __DUMMY__ 0.06555794202474349	false	0.5
unlauter	neg 1.0		off 0.47121193735377803 neg 0.46322315948945425 __DUMMY__ 0.06556490315676779	false	0.5
unheilvoll	neg 1.0		off 0.47685575267249913 neg 0.4576215048761726 __DUMMY__ 0.06552274245132828	false	0.5
niedrig	neg 1.0		off 0.4720565285385989 neg 0.46202074219974454 __DUMMY__ 0.0659227292616565	false	0.5
weichei	off 1.0		off 0.4801563515701262 neg 0.45434997851742354 __DUMMY__ 0.06549366991245023	false	1.0
explosion	neg 1.0		neg 0.47078905812156796 off 0.46403301255294754 __DUMMY__ 0.06517792932548441	false	1.0
minusmensch	off 1.0		off 0.48494469549593033 neg 0.4496904709741129 __DUMMY__ 0.06536483352995683	false	1.0
farblos	neg 1.0		off 0.47650422017559596 neg 0.457639749239092 __DUMMY__ 0.06585603058531199	false	0.5
unwissend	neg 1.0		off 0.47764346806194985 neg 0.4567642537322632 __DUMMY__ 0.06559227820578703	false	0.5
traurig	neg 1.0		off 0.4787325054763949 neg 0.4557086097317407 __DUMMY__ 0.06555888479186454	false	0.5
senkung	neg 1.0		neg 0.4676759101827411 off 0.46678743226086683 __DUMMY__ 0.06553665755639212	false	1.0
ungleich	neg 1.0		off 0.4744975362951266 neg 0.45985024061098395 __DUMMY__ 0.06565222309388952	false	0.5
heikel	neg 1.0		off 0.4746944944999234 neg 0.45966934515474633 __DUMMY__ 0.06563616034533025	false	0.5
drosselung	neg 1.0		off 0.4679020258527042 neg 0.46648240310038314 __DUMMY__ 0.06561557104691257	false	0.5
falsch	neg 1.0		off 0.47757111656343726 neg 0.456835989040783 __DUMMY__ 0.06559289439577978	false	0.5
unzufriedenheit	neg 1.0		off 0.4738165928043277 neg 0.4605103611519022 __DUMMY__ 0.06567304604377013	false	0.5
kurz	neg 1.0		off 0.477294224073188 neg 0.4570550889529542 __DUMMY__ 0.06565068697385765	false	0.5
unsinnig	neg 1.0		off 0.47533209366303025 neg 0.45906299137325834 __DUMMY__ 0.0656049149637114	false	0.5
penner	off 1.0		off 0.4798333564018061 neg 0.4546788044508189 __DUMMY__ 0.06548783914737505	false	1.0
seicht	neg 1.0		off 0.4783366026848631 neg 0.456048755259543 __DUMMY__ 0.06561464205559397	false	0.5
dummheit	off 1.0		off 0.4762660356758101 neg 0.4581344958587833 __DUMMY__ 0.06559946846540653	false	1.0
unerfreulich	neg 1.0		off 0.4746582913035788 neg 0.4596640066614497 __DUMMY__ 0.06567770203497161	false	0.5
pikiert	neg 1.0		off 0.4774336021034721 neg 0.4569644821644551 __DUMMY__ 0.06560191573207289	false	0.5
motherfucker	off 1.0		off 0.44789559218691594 neg 0.3053696971049413 __DUMMY__ 0.24673471070814282	false	1.0
wrack	neg 1.0		off 0.47495708493492833 neg 0.45934195215678153 __DUMMY__ 0.06570096290829024	false	0.5
gangster	neg 1.0		off 0.4661331944457106 neg 0.3653610427780109 __DUMMY__ 0.16850576277627852	false	0.5
krank	neg 1.0		off 0.4791031223530843 neg 0.4553488248710295 __DUMMY__ 0.0655480527758862	false	0.5
reich	neg 1.0		off 0.4748018392947925 neg 0.4594561851230571 __DUMMY__ 0.06574197558215049	false	0.5
gnadenlos	neg 1.0		off 0.4767110809901182 neg 0.4576360442365957 __DUMMY__ 0.06565287477328616	false	0.5
niedergeschlagen	neg 1.0		off 0.4758702763248924 neg 0.45847681587266914 __DUMMY__ 0.06565290780243843	false	0.5
terrorisieren	off 1.0	off 1.0	off 0.724289227913264 neg 0.2445455656663426 __DUMMY__ 0.031165206420393422	false	1.0
sinnlosigkeit	neg 1.0		off 0.47516415228303016 neg 0.4591965234971192 __DUMMY__ 0.06563932421985066	false	0.5
behindern	neg 1.0		off 0.47160726805639996 neg 0.46281544796082014 __DUMMY__ 0.06557728398277987	false	0.5
undemokratisch	neg 1.0		off 0.47333619867243043 neg 0.46115384650109215 __DUMMY__ 0.06550995482647744	false	0.5
wirtschaftskrise	neg 1.0		off 0.470177615342495 neg 0.4640684050953077 __DUMMY__ 0.06575397956219732	false	0.5
neid	neg 1.0		off 0.4776316285932776 neg 0.4566902586404934 __DUMMY__ 0.06567811276622905	false	0.5
rutschen	neg 1.0		off 0.47594545543946726 neg 0.4582982381708129 __DUMMY__ 0.06575630638971995	false	0.5
rezession	neg 1.0		off 0.46836438963117966 neg 0.4658735607036382 __DUMMY__ 0.06576204966518213	false	0.5
fehlgeburt	neg 1.0		off 0.4776029193911121 neg 0.4569209279525423 __DUMMY__ 0.06547615265634572	false	0.5
charakterschwach	off 1.0		off 0.4771717944912091 neg 0.45723354879239847 __DUMMY__ 0.06559465671639234	false	1.0
isolation	neg 1.0		neg 0.4738844020608365 off 0.46106264954374343 __DUMMY__ 0.0650529483954201	false	1.0
ablenkung	neg 1.0		off 0.4767246366047313 neg 0.45766174236882207 __DUMMY__ 0.06561362102644655	false	0.5
pech	neg 1.0		off 0.4786420170244713 neg 0.4557401234852127 __DUMMY__ 0.0656178594903161	false	0.5
dominieren	neg 1.0		off 0.4712918334606003 neg 0.46285558704263047 __DUMMY__ 0.06585257949676934	false	0.5
vermeidung	neg 1.0		neg 0.46779112572896653 off 0.46673653052221187 __DUMMY__ 0.06547234374882148	false	1.0
schwindlig	neg 1.0		off 0.479737201022904 neg 0.4547696797190496 __DUMMY__ 0.06549311925804631	false	0.5
lutscher	neg 1.0		off 0.48323446727280517 neg 0.45142674802744653 __DUMMY__ 0.0653387846997482	false	0.5
pflicht	neg 1.0		off 0.474462910665285 neg 0.4598434688859212 __DUMMY__ 0.06569362044879373	false	0.5
faschist	off 1.0		off 0.47581512574673834 neg 0.45861309176532755 __DUMMY__ 0.065571782487934	false	1.0
verschleudern	neg 1.0		off 0.4719892616048724 neg 0.4623181965350787 __DUMMY__ 0.06569254186004891	false	0.5
ehebruch	neg 1.0		off 0.475075524595446 neg 0.45926630045175726 __DUMMY__ 0.06565817495279683	false	0.5
trostlosigkeit	neg 1.0		off 0.47413745075349734 neg 0.46018747603347165 __DUMMY__ 0.065675073213031	false	0.5
lutschen	neg 1.0		off 0.4836326061112735 neg 0.45124567616353795 __DUMMY__ 0.06512171772518842	false	0.5
spott	off 1.0		off 0.4744226685836057 neg 0.4599194737607886 __DUMMY__ 0.06565785765560571	false	1.0
undiszipliniert	neg 1.0		off 0.4786672822795177 neg 0.45581167923317706 __DUMMY__ 0.06552103848730523	false	0.5
kopfschmerz	neg 1.0		off 0.47745740581825846 neg 0.4570610084059403 __DUMMY__ 0.06548158577580106	false	0.5
unvorhergesehen	neg 1.0		off 0.47643588295437694 neg 0.4578801383665589 __DUMMY__ 0.0656839786790642	false	0.5
desinteressiert	neg 1.0		off 0.4785063377219717 neg 0.4559236448762549 __DUMMY__ 0.0655700174017735	false	0.5
armselig	off 1.0		off 0.47729094848550563 neg 0.4570607816232782 __DUMMY__ 0.06564826989121622	false	1.0
tod	neg 1.0		off 0.47427323853783354 neg 0.460038427672763 __DUMMY__ 0.06568833378940338	false	0.5
desaster	neg 1.0		off 0.4727581429807146 neg 0.4615297993979158 __DUMMY__ 0.06571205762136971	false	0.5
herzlos	neg 1.0		off 0.478513274592521 neg 0.45590480076787926 __DUMMY__ 0.06558192463959982	false	0.5
unwissenheit	neg 1.0		off 0.47437791293391113 neg 0.46001750583847256 __DUMMY__ 0.06560458122761643	false	0.5
widersinnig	neg 1.0		off 0.4731520924740163 neg 0.4612390079656761 __DUMMY__ 0.06560889956030755	false	0.5
bedenklich	neg 1.0		off 0.47466249503437125 neg 0.45969725553696783 __DUMMY__ 0.065640249428661	false	0.5
beanstanden	neg 1.0		off 0.47396514657012606 neg 0.46033691159014667 __DUMMY__ 0.06569794183972728	false	0.5
panisch	neg 1.0		off 0.47778033056975666 neg 0.456675694914763 __DUMMY__ 0.0655439745154803	false	0.5
abstrich	neg 1.0		off 0.477311434628879 neg 0.45726012471049743 __DUMMY__ 0.06542844066062348	false	0.5
debil	off 1.0		off 0.4896075697156528 neg 0.4457863070987801 __DUMMY__ 0.06460612318556723	false	1.0
primitiv	neg 1.0		off 0.4776543927117452 neg 0.4566811333394205 __DUMMY__ 0.06566447394883428	false	0.5
abschaum	off 1.0		off 0.47694807045169113 neg 0.45744229526700925 __DUMMY__ 0.06560963428129966	false	1.0
tot	neg 1.0		off 0.4779607319314706 neg 0.45651700519762706 __DUMMY__ 0.06552226287090239	false	0.5
provozieren	neg 1.0		off 0.4762141741514587 neg 0.45816224400937694 __DUMMY__ 0.06562358183916427	false	0.5
instabil	neg 1.0		off 0.47570996034388713 neg 0.4585441489829861 __DUMMY__ 0.0657458906731266	false	0.5
schwuchtel	off 1.0		off 0.48379442465219563 neg 0.45094944472353826 __DUMMY__ 0.0652561306242661	false	1.0
zerren	neg 1.0		off 0.4760463432185755 neg 0.4583328806736599 __DUMMY__ 0.06562077610776457	false	0.5
kinderficker	off 1.0		off 0.4773951571356256 neg 0.45710322112641394 __DUMMY__ 0.06550162173796045	false	1.0
gefahr	neg 1.0		off 0.47150498220487874 neg 0.46273434287805004 __DUMMY__ 0.06576067491707112	false	0.5
rabiat	neg 1.0		off 0.4762547796133636 neg 0.45807644197285824 __DUMMY__ 0.06566877841377812	false	0.5
verlangsamung	neg 1.0		off 0.4697956598124033 neg 0.4643192730960827 __DUMMY__ 0.06588506709151408	false	0.5
anklagen	neg 1.0		off 0.471426592789943 neg 0.4629555402697155 __DUMMY__ 0.06561786694034147	false	0.5
ausgestorben	neg 1.0		off 0.4757982919436228 neg 0.45848497093453483 __DUMMY__ 0.06571673712184257	false	0.5
verminderung	neg 1.0		neg 0.4679519825204579 off 0.46651327869047704 __DUMMY__ 0.06553473878906511	false	1.0
rost	neg 1.0		off 0.4733239691489714 neg 0.4606242772878519 __DUMMY__ 0.06605175356317684	false	0.5
destruktiv	neg 1.0		off 0.47511876908772777 neg 0.4592571864819294 __DUMMY__ 0.06562404443034271	false	0.5
unzumutbarkeit	neg 1.0		off 0.47143348145591135 neg 0.46288933592233666 __DUMMY__ 0.06567718262175196	false	0.5
labil	off 1.0	off 1.0	off 0.8021545405672376 neg 0.17125342081218814 __DUMMY__ 0.026592038620574236	false	1.0
ziemlich	neg 1.0		off 0.47860254591278534 neg 0.45581523478499747 __DUMMY__ 0.06558221930221714	false	0.5
lachnummer	off 1.0		off 0.47522681637710534 neg 0.4591060233073053 __DUMMY__ 0.06566716031558932	false	1.0
ausgrenzung	neg 1.0		off 0.47205828177464065 neg 0.46233216037152064 __DUMMY__ 0.06560955785383882	false	0.5
verfall	neg 1.0		off 0.47272798188243514 neg 0.4615792880952936 __DUMMY__ 0.06569273002227126	false	0.5
unordnung	neg 1.0	neg 1.0	neg 0.7126956147485277 off 0.25584778075120224 __DUMMY__ 0.03145660450026999	false	1.0
fehlverhalten	neg 1.0		off 0.473774852582818 neg 0.46057316183254443 __DUMMY__ 0.06565198558463754	false	0.5
nille	neg 1.0		off 0.4907106977011896 neg 0.44459883508419545 __DUMMY__ 0.06469046721461487	false	0.5
qual	neg 1.0		off 0.4753002996371318 neg 0.4650719882307152 __DUMMY__ 0.05962771213215306	false	0.5
riesig	neg 1.0		off 0.482270588189859 neg 0.4521571568594428 __DUMMY__ 0.06557225495069824	false	0.5
verschwenden	neg 1.0		off 0.47531644799261163 neg 0.459047530098012 __DUMMY__ 0.06563602190937627	false	0.5
verurteilen	neg 1.0		off 0.47437189084762504 neg 0.46001708309955297 __DUMMY__ 0.06561102605282199	false	0.5
klischee	neg 1.0		off 0.4770901657214501 neg 0.4572663760042261 __DUMMY__ 0.06564345827432379	false	0.5
diktatorisch	neg 1.0		off 0.47378391355459976 neg 0.46068856791675933 __DUMMY__ 0.06552751852864087	false	0.5
vorhersehbar	neg 1.0		off 0.47651130817614024 neg 0.4578043693491651 __DUMMY__ 0.06568432247469469	false	0.5
stornieren	neg 1.0		off 0.4743944567663016 neg 0.4599927081446048 __DUMMY__ 0.0656128350890935	false	0.5
besteuerung	neg 1.0		off 0.4677375991192819 neg 0.4666032799140243 __DUMMY__ 0.06565912096669371	false	0.5
ungeschminkt	neg 1.0		off 0.4820154173965624 neg 0.4526954888052052 __DUMMY__ 0.06528909379823258	false	0.5
kritisch	neg 1.0		off 0.4743864554299335 neg 0.45995197346359884 __DUMMY__ 0.06566157110646756	false	0.5
schlamperei	off 1.0		off 0.4717524453189585 neg 0.4625738766482526 __DUMMY__ 0.065673678032789	false	1.0
sucht	neg 1.0		off 0.4756825397198453 neg 0.4583610327886976 __DUMMY__ 0.06595642749145697	false	0.5
egoistisch	off 1.0		off 0.47869993570639674 neg 0.45580332618897923 __DUMMY__ 0.06549673810462403	false	1.0
ausbeuter	off 1.0		off 0.4738867636799977 neg 0.46046136981427976 __DUMMY__ 0.06565186650572258	false	1.0
arschgeburt			off 0.48477459867813566 neg 0.4500441945887957 __DUMMY__ 0.06518120673306868	false	0.0
schubs	neg 1.0		off 0.4789000554287749 neg 0.45566311866095044 __DUMMY__ 0.06543682591027467	false	0.5
unsolide	neg 1.0		off 0.4735443392136778 neg 0.46090923022252606 __DUMMY__ 0.06554643056379611	false	0.5
beschwerde	neg 1.0		off 0.4718374059615556 neg 0.46256122080717427 __DUMMY__ 0.0656013732312701	false	0.5
stocken	neg 1.0		off 0.47043013367162145 neg 0.46373888768956806 __DUMMY__ 0.06583097863881043	false	0.5
isolieren	neg 1.0		off 0.47108661325106455 neg 0.4631926986280725 __DUMMY__ 0.06572068812086299	false	0.5
unheilbar	neg 1.0		off 0.4759602373457252 neg 0.45841431686345924 __DUMMY__ 0.06562544579081558	false	0.5
pisser	off 1.0		off 0.4847056633241178 neg 0.44988631113369487 __DUMMY__ 0.06540802554218729	false	1.0
löschen	neg 1.0		off 0.4772177950136553 neg 0.45827304345517567 __DUMMY__ 0.06450916153116891	false	0.5
durchfallen	neg 1.0		off 0.47514420355436227 neg 0.4592502665812567 __DUMMY__ 0.06560552986438081	false	0.5
wichser	off 1.0		off 0.48017101458597455 neg 0.4543408108023115 __DUMMY__ 0.06548817461171409	false	1.0
terror	neg 1.0		neg 0.4682376513191976 off 0.466728341599298 __DUMMY__ 0.06503400708150436	false	1.0
krass	neg 1.0		off 0.48187719052535694 neg 0.4527679805697356 __DUMMY__ 0.06535482890490749	false	0.5
revolte	neg 1.0		off 0.4706945815990449 neg 0.4635730455334377 __DUMMY__ 0.06573237286751735	false	0.5
besorgt	neg 1.0		off 0.47610680299002645 neg 0.45826566563713167 __DUMMY__ 0.06562753137284191	false	0.5
nachlassen	neg 1.0		off 0.47450503579053377 neg 0.4598050557173496 __DUMMY__ 0.06568990849211656	false	0.5
alt	neg 1.0		off 0.4798774141457489 neg 0.4544529759467666 __DUMMY__ 0.06566960990748442	false	0.5
hundesohn	off 1.0		off 0.4869498265824317 neg 0.4480294764712265 __DUMMY__ 0.06502069694634173	false	1.0
abschreckung	neg 1.0		off 0.4732371097900711 neg 0.4611183259246072 __DUMMY__ 0.06564456428532163	false	0.5
unqualifiziert	neg 1.0		off 0.4759247828923429 neg 0.45851184730730404 __DUMMY__ 0.0655633698003531	false	0.5
abgewichst	off 1.0		off 0.4886120107713024 neg 0.4465883554170923 __DUMMY__ 0.06479963381160539	false	1.0
kapitulation	neg 1.0		off 0.4720541065334012 neg 0.46225554776114613 __DUMMY__ 0.06569034570545276	false	0.5
schwer	neg 1.0		off 0.4764318994741449 neg 0.45789624106219234 __DUMMY__ 0.06567185946366273	false	0.5
bedeutungslosigkeit	neg 1.0		off 0.4738113386590555 neg 0.4604916067422671 __DUMMY__ 0.06569705459867733	false	0.5
unscharf	neg 1.0		off 0.47990512094554316 neg 0.4546714864506978 __DUMMY__ 0.06542339260375908	false	0.5
schwinden	neg 1.0		off 0.4708811452083701 neg 0.4633387543495321 __DUMMY__ 0.06578010044209781	false	0.5
versklavung	neg 1.0		off 0.47124431342006345 neg 0.4631570599200825 __DUMMY__ 0.06559862665985407	false	0.5
schlecht	neg 1.0		off 0.478058540357814 neg 0.4563398787891223 __DUMMY__ 0.06560158085306357	false	0.5
verhasst	neg 1.0		off 0.4756054288301014 neg 0.4587404125334112 __DUMMY__ 0.0656541586364874	false	0.5
beschweren	neg 1.0		off 0.4766844285902076 neg 0.45764530577635776 __DUMMY__ 0.06567026563343455	false	0.5
scheiden	neg 1.0		off 0.476721418617274 neg 0.457602263799288 __DUMMY__ 0.06567631758343809	false	0.5
frustriert	neg 1.0		off 0.4759622983326463 neg 0.4583952346177012 __DUMMY__ 0.06564246704965261	false	0.5
schimmelig	neg 1.0		off 0.4820355104396445 neg 0.45260153616207793 __DUMMY__ 0.06536295339827758	false	0.5
fisch	neg 1.0		off 0.47977648276712864 neg 0.454528802269553 __DUMMY__ 0.06569471496331855	false	0.5
schmuggel	neg 1.0		off 0.47483701262849504 neg 0.45949822313909244 __DUMMY__ 0.06566476423241253	false	0.5
auffallen	neg 1.0		off 0.476614423960338 neg 0.457745833203755 __DUMMY__ 0.06563974283590689	false	0.5
konkurrenz	neg 1.0		off 0.4740049236919657 neg 0.46030565139684926 __DUMMY__ 0.06568942491118526	false	0.5
teufelskreis	neg 1.0		off 0.4757904901016079 neg 0.45853571625456474 __DUMMY__ 0.06567379364382737	false	0.5
aufschreien	neg 1.0		off 0.47724356403297663 neg 0.457114423608899 __DUMMY__ 0.06564201235812434	false	0.5
missgeburt	off 1.0		off 0.48483028037648435 neg 0.44992649405273766 __DUMMY__ 0.06524322557077797	false	1.0
schuldner	neg 1.0		off 0.4709627041063875 neg 0.4633407986042587 __DUMMY__ 0.06569649728935385	false	0.5
befallen	neg 1.0		off 0.47337490869303667 neg 0.46108940421180106 __DUMMY__ 0.06553568709516235	false	0.5
arbeitslos	neg 1.0		off 0.4751783614054947 neg 0.4591646936812525 __DUMMY__ 0.0656569449132529	false	0.5
miesepetrig	off 1.0		off 0.4781377882841954 neg 0.45630454670243376 __DUMMY__ 0.06555766501337072	false	1.0
alarmieren	neg 1.0		off 0.4698340770294143 neg 0.46443252097091725 __DUMMY__ 0.06573340199966853	false	0.5
ungeduscht	off 1.0		off 0.4805518848139722 neg 0.4540914162695344 __DUMMY__ 0.06535669891649334	false	1.0
knappheit	neg 1.0		off 0.4710684084280985 neg 0.46318616544489205 __DUMMY__ 0.0657454261270095	false	0.5
schlange	neg 1.0		off 0.4771419262718342 neg 0.4571911703202383 __DUMMY__ 0.06566690340792752	false	0.5
harsch	neg 1.0		off 0.4714483771700203 neg 0.4629580701191563 __DUMMY__ 0.06559355271082334	false	0.5
lang	neg 1.0	neg 1.0	neg 0.6768409704621555 off 0.2882593899890009 __DUMMY__ 0.034899639548843474	false	1.0
ziellos	neg 1.0		off 0.4757602034732548 neg 0.4585570817082526 __DUMMY__ 0.06568271481849243	false	0.5
selbstverliebt	neg 1.0		off 0.4811286173342555 neg 0.4534219743015942 __DUMMY__ 0.06544940836415028	false	0.5
beseitigen	neg 1.0		off 0.4714173065711574 neg 0.462816925053595 __DUMMY__ 0.06576576837524759	false	0.5
dumm	off 1.0		off 0.4795869178845265 neg 0.4549015617526745 __DUMMY__ 0.06551152036279884	false	1.0
arbeitsloser	neg 1.0		off 0.4749121472513893 neg 0.4594165230484665 __DUMMY__ 0.06567132970014422	false	0.5
blitzen	neg 1.0		off 0.47596702169627253 neg 0.45637627495693783 __DUMMY__ 0.06765670334678967	false	0.5
hilflos	neg 1.0		off 0.4759992101499892 neg 0.4584083586404328 __DUMMY__ 0.06559243120957808	false	0.5
eklig	off 1.0		off 0.4812273977215774 neg 0.4533743808187715 __DUMMY__ 0.065398221459651	false	1.0
hungersnot	neg 1.0		off 0.47181451722437123 neg 0.46242474964545405 __DUMMY__ 0.06576073313017478	false	0.5
ungesetzlich	neg 1.0		off 0.47310912489212054 neg 0.46129123275547623 __DUMMY__ 0.06559964235240315	false	0.5
verschwendung	neg 1.0		off 0.47484466475451237 neg 0.4595084928505174 __DUMMY__ 0.06564684239497016	false	0.5
schmerzvoll	neg 1.0		off 0.47720822250514416 neg 0.45718914758608326 __DUMMY__ 0.06560262990877247	false	0.5
vorzeitig	neg 1.0		off 0.469797835608104 neg 0.4644936944101717 __DUMMY__ 0.0657084699817243	false	0.5
unvollkommenheit	neg 1.0		off 0.47564009369861715 neg 0.45872598443412016 __DUMMY__ 0.06563392186726265	false	0.5
intervenieren	neg 1.0		off 0.47325107130180105 neg 0.46112871153817575 __DUMMY__ 0.06562021716002327	false	0.5
banause	off 1.0		off 0.4800001305862497 neg 0.4545559662669105 __DUMMY__ 0.06544390314683994	false	1.0
rebell	neg 1.0		off 0.4844202680854199 neg 0.4506294021280744 __DUMMY__ 0.06495032978650558	false	0.5
unlogisch	neg 1.0		off 0.4783704416294843 neg 0.4560904472184084 __DUMMY__ 0.06553911115210737	false	0.5
abschaffung	neg 1.0		off 0.47012270775341736 neg 0.46429710262684076 __DUMMY__ 0.06558018961974178	false	0.5
leiden	neg 1.0		off 0.47677636399967943 neg 0.4575527790134124 __DUMMY__ 0.06567085698690811	false	0.5
sturz	neg 1.0		off 0.47145811361014667 neg 0.4627914161339174 __DUMMY__ 0.0657504702559359	false	0.5
verkleinerung	neg 1.0		off 0.4692420133181493 neg 0.46508928584987985 __DUMMY__ 0.0656687008319708	false	0.5
schmarotzer	off 1.0		off 0.4752769396101654 neg 0.4591085193796841 __DUMMY__ 0.06561454101015048	false	1.0
bestrafung	neg 1.0		off 0.4768072112702123 neg 0.4575665671615283 __DUMMY__ 0.06562622156825945	false	0.5
achtlos	neg 1.0		off 0.4760148361345754 neg 0.4583841301905921 __DUMMY__ 0.06560103367483246	false	0.5
ungeheuer	neg 1.0		off 0.4779804001348985 neg 0.45633192967002095 __DUMMY__ 0.0656876701950805	false	0.5
unaufrichtig	neg 1.0		off 0.4761751921828883 neg 0.45835339888559856 __DUMMY__ 0.06547140893151308	false	0.5
groggy	neg 1.0		off 0.4819519595511984 neg 0.45258415433670934 __DUMMY__ 0.06546388611209225	false	0.5
verletzlich	neg 1.0		off 0.47833406254993716 neg 0.45610286895513913 __DUMMY__ 0.06556306849492376	false	0.5
ablehnen	neg 1.0		off 0.4742271990113158 neg 0.4601636904843504 __DUMMY__ 0.06560911050433375	false	0.5
kollaps	neg 1.0		off 0.4693854465100852 neg 0.46490190688602884 __DUMMY__ 0.06571264660388595	false	0.5
beschnitten	neg 1.0		off 0.476625741774828 neg 0.45774548046933905 __DUMMY__ 0.06562877775583295	false	0.5
defekt	neg 1.0		off 0.47044388480708216 neg 0.46397421425184043 __DUMMY__ 0.06558190094107735	false	0.5
dreckskerl	off 1.0		off 0.47840352260453295 neg 0.45609399341969326 __DUMMY__ 0.06550248397577375	false	1.0
deine	neg 1.0		off 0.479865019178449 neg 0.45467426025245583 __DUMMY__ 0.0654607205690952	false	0.5
aufgeben	neg 1.0		off 0.47693612280762404 neg 0.45735765149326085 __DUMMY__ 0.06570622569911506	false	0.5
durcheinander	neg 1.0		off 0.4775147118220629 neg 0.4568422005867688 __DUMMY__ 0.0656430875911683	false	0.5
unterbrechen	neg 1.0		off 0.4756264932339591 neg 0.4587053763813404 __DUMMY__ 0.0656681303847005	false	0.5
vergammeln	neg 1.0		off 0.4772062896065256 neg 0.4571588890179254 __DUMMY__ 0.06563482137554894	false	0.5
grotesk	neg 1.0		off 0.4752289876636171 neg 0.45908868458063107 __DUMMY__ 0.06568232775575189	false	0.5
elendig	neg 1.0		off 0.4772558826831872 neg 0.4571660595896442 __DUMMY__ 0.06557805772716853	false	0.5
naiv	off 1.0		off 0.47693147772984296 neg 0.4573969673035192 __DUMMY__ 0.06567155496663776	false	1.0
uneinigkeit	neg 1.0		off 0.4707751205207448 neg 0.46355178314976875 __DUMMY__ 0.06567309632948641	false	0.5
fragil	neg 1.0		neg 0.46908903782115824 off 0.46651271042968906 __DUMMY__ 0.06439825174915273	false	1.0
provisorisch	neg 1.0		off 0.47537835873109613 neg 0.4588684591444243 __DUMMY__ 0.06575318212447939	false	0.5
landei	off 1.0		off 0.48016466101268934 neg 0.45426771327817955 __DUMMY__ 0.065567625709131	false	1.0
bedauerlich	neg 1.0		off 0.4748607800489215 neg 0.4594808369947316 __DUMMY__ 0.06565838295634677	false	0.5
krieg	neg 1.0		off 0.4758774650705241 neg 0.45848496878885636 __DUMMY__ 0.06563756614061955	false	0.5
traurigkeit	neg 1.0		off 0.47656416552314196 neg 0.4577897057110215 __DUMMY__ 0.06564612876583652	false	0.5
monotonie	neg 1.0		off 0.47537535418517646 neg 0.45892238727182033 __DUMMY__ 0.06570225854300325	false	0.5
unliebsam	neg 1.0		off 0.47578911475801944 neg 0.45856728413991144 __DUMMY__ 0.06564360110206917	false	0.5
drift	neg 1.0		neg 0.4858567520253709 off 0.45033215351208833 __DUMMY__ 0.06381109446254075	false	1.0
chaos	neg 1.0		off 0.47279025750331827 neg 0.46153287810998805 __DUMMY__ 0.06567686438669376	false	0.5
blutig	neg 1.0		off 0.4772819042175187 neg 0.4570566509909806 __DUMMY__ 0.06566144479150068	false	0.5
