unsolidarisch	neg 1.0		__DUMMY__ 0.36737550347701986 off 0.3209814145939257 neg 0.3116430819290543	false	0.5
nachteilig	neg 1.0		__DUMMY__ 0.3681326672935599 off 0.31990322491842543 neg 0.31196410778801464	false	0.5
skeptisch	neg 1.0		__DUMMY__ 0.3681607284470859 off 0.32071900037148826 neg 0.3111202711814257	false	0.5
schrecklich	neg 1.0		__DUMMY__ 0.36719166311732476 off 0.325497945907206 neg 0.30731039097546925	false	0.5
schlapp	neg 1.0		__DUMMY__ 0.36739848868497776 off 0.32565790819772644 neg 0.30694360311729585	false	0.5
abfall	neg 1.0		__DUMMY__ 0.36853124742997934 off 0.3198783093340427 neg 0.31159044323597795	false	0.5
widerspenstig	neg 1.0		__DUMMY__ 0.3675999111730793 off 0.32300469517922364 neg 0.309395393647697	false	0.5
abrupt	neg 1.0		__DUMMY__ 0.3684039109109369 off 0.3215734551772614 neg 0.31002263391180185	false	0.5
unwirksam	neg 1.0		__DUMMY__ 0.3681677998403359 neg 0.3165574634275438 off 0.31527473673212036	false	1.0
angreifen	neg 1.0		__DUMMY__ 0.3680519593066354 off 0.3207321559234111 neg 0.3112158847699536	false	0.5
inkonsistent	neg 1.0		__DUMMY__ 0.36824410297245863 off 0.322717607021711 neg 0.30903829000583033	false	0.5
abrutschen	neg 1.0		__DUMMY__ 0.3681000964081872 off 0.32071973290373534 neg 0.31118017068807735	false	0.5
unsicher	neg 1.0		__DUMMY__ 0.367940621849318 off 0.3227410044004206 neg 0.3093183737502613	false	0.5
bauernkind	off 1.0		__DUMMY__ 0.36616240357372043 off 0.3295939704322474 neg 0.3042436259940321	false	1.0
angreifer	neg 1.0		__DUMMY__ 0.3678920048582316 off 0.31810342016423765 neg 0.31400457497753076	false	0.5
trennen	neg 1.0		__DUMMY__ 0.36863454335958545 off 0.3216039603997481 neg 0.3097614962406665	false	0.5
schmutz	neg 1.0		__DUMMY__ 0.3683573810002597 off 0.31816965432740646 neg 0.31347296467233393	false	0.5
inkonsistenz	neg 1.0		__DUMMY__ 0.3676490733250191 off 0.3235210788257665 neg 0.3088298478492145	false	0.5
erschreckend	neg 1.0		__DUMMY__ 0.36798109209431196 off 0.3215225079133928 neg 0.31049639999229534	false	0.5
ertrinken	neg 1.0		__DUMMY__ 0.36757260201989383 off 0.3220603482296241 neg 0.31036704975048207	false	0.5
pickelface	off 1.0		__DUMMY__ 0.3651220348695953 off 0.33401584259938505 neg 0.30086212253101974	false	1.0
lauch	neg 1.0		__DUMMY__ 0.3657477378865522 off 0.3310821785019031 neg 0.30317008361154485	false	0.5
steuerhinterziehung	neg 1.0		__DUMMY__ 0.3678120801442421 off 0.3179094875782284 neg 0.31427843227752955	false	0.5
unwichtig	neg 1.0		__DUMMY__ 0.3677265682845805 off 0.3235787223943872 neg 0.30869470932103227	false	0.5
schock	neg 1.0		__DUMMY__ 0.3682956527598205 off 0.3227207154616668 neg 0.30898363177851274	false	0.5
vergelten	neg 1.0		__DUMMY__ 0.36685828143093246 off 0.32040186923527403 neg 0.3127398493337935	false	0.5
beule	neg 1.0		__DUMMY__ 0.36716484372372343 off 0.32637257052293595 neg 0.3064625857533408	false	0.5
verdorbenheit	neg 1.0		__DUMMY__ 0.37012472830596943 off 0.32028396201210063 neg 0.30959130968193005	false	0.5
trauma			off 0.35127915176081437 __DUMMY__ 0.3351512914758812 neg 0.3135695567633045	false	0.0
sinnlos	neg 1.0		__DUMMY__ 0.36766298683541404 off 0.32352008167017626 neg 0.30881693149440964	false	0.5
fettsack	off 1.0		__DUMMY__ 0.36660910968703275 off 0.32910884955056385 neg 0.3042820407624033	false	1.0
feige	off 1.0		__DUMMY__ 0.3678344635887625 off 0.3235213679193372 neg 0.3086441684919003	false	1.0
abdanken	neg 1.0		__DUMMY__ 0.36771751183897367 off 0.32103175600418143 neg 0.31125073215684507	false	0.5
wichtigtuer	off 1.0	off 1.0	off 0.6507280165528907 __DUMMY__ 0.1774049691963055 neg 0.17186701425080375	false	1.0
misslingen	neg 1.0		__DUMMY__ 0.36749681588083943 off 0.32292858697689747 neg 0.30957459714226315	false	0.5
untreu	off 1.0		__DUMMY__ 0.367817511652814 off 0.3235961492802044 neg 0.3085863390669816	false	1.0
missmutig	neg 1.0		__DUMMY__ 0.3680482222352721 off 0.32280572281268916 neg 0.3091460549520386	false	0.5
hurenbock	off 1.0		__DUMMY__ 0.36573865245562476 off 0.32941761319418944 neg 0.30484373435018575	false	1.0
betrunken	neg 1.0		__DUMMY__ 0.3671116655008756 off 0.32556621668189606 neg 0.3073221178172284	false	0.5
korrupt	off 1.0		__DUMMY__ 0.367618172131285 off 0.3208672595342035 neg 0.3115145683345114	false	1.0
unmut	neg 1.0		__DUMMY__ 0.368189994836096 off 0.31941529979191396 neg 0.3123947053719901	false	0.5
hackfresse	off 1.0		__DUMMY__ 0.3668528962305617 off 0.32646185692623036 neg 0.30668524684320786	false	1.0
aufblasen	neg 1.0		__DUMMY__ 0.36774639885629157 off 0.3235010466174649 neg 0.30875255452624345	false	0.5
gewaltsam	neg 1.0		__DUMMY__ 0.3680350441228117 off 0.31874519819532177 neg 0.31321975768186655	false	0.5
unbeliebtheit	neg 1.0		__DUMMY__ 0.36810011058334813 off 0.3178332955723883 neg 0.3140665938442635	false	0.5
sturheit	neg 1.0		__DUMMY__ 0.36791419292388483 off 0.3208320633718235 neg 0.3112537437042916	false	0.5
kuh	neg 1.0		__DUMMY__ 0.3663188188488532 off 0.3298148252734999 neg 0.30386635587764677	false	0.5
erschrecken	neg 1.0		__DUMMY__ 0.36759394151665836 off 0.3240269715631174 neg 0.3083790869202242	false	0.5
opfer	neg 1.0		__DUMMY__ 0.36808912626050655 off 0.3212704766728717 neg 0.3106403970666218	false	0.5
stinktier	neg 1.0		__DUMMY__ 0.366258580487179 off 0.3295032881476326 neg 0.3042381313651883	false	0.5
sinken	neg 1.0		__DUMMY__ 0.3690815536663564 off 0.31753764450408484 neg 0.31338080182955863	false	0.5
tucke	off 1.0		__DUMMY__ 0.3659138290120658 off 0.3286986708156256 neg 0.3053875001723086	false	1.0
abstieg	neg 1.0		__DUMMY__ 0.3684316989951863 off 0.31920995138525293 neg 0.3123583496195608	false	0.5
missverstehen	neg 1.0		__DUMMY__ 0.3679030233477517 off 0.32284620844902606 neg 0.30925076820322234	false	0.5
ergebnislos	neg 1.0		__DUMMY__ 0.36855645279895916 off 0.3173054677811111 neg 0.3141380794199298	false	0.5
manipulieren	neg 1.0		__DUMMY__ 0.3676189014298937 off 0.32107589424593364 neg 0.31130520432417275	false	0.5
verschleppen	neg 1.0		__DUMMY__ 0.3681627715401257 off 0.31794196604052455 neg 0.3138952624193498	false	0.5
unbewiesen	neg 1.0		__DUMMY__ 0.3680742013426979 off 0.3193993227970943 neg 0.31252647586020765	false	0.5
weib	off 1.0		__DUMMY__ 0.36636322138876176 off 0.3284684112953945 neg 0.3051683673158438	false	1.0
opposition	neg 1.0		__DUMMY__ 0.36717884454730215 off 0.31648192135297426 neg 0.31633923409972353	false	0.5
verkehrswidrig	neg 1.0		__DUMMY__ 0.36704429110444475 off 0.3183977992433819 neg 0.31455790965217323	false	0.5
inkorrekt	neg 1.0		__DUMMY__ 0.3677108407283996 off 0.32339082248624085 neg 0.3088983367853596	false	0.5
vermeiden	neg 1.0		__DUMMY__ 0.3685135005193 off 0.3190965511261537 neg 0.31238994835454625	false	0.5
abweichung	neg 1.0		__DUMMY__ 0.3684513161799459 off 0.3188118301093748 neg 0.3127368537106793	false	0.5
alkoholisiert	neg 1.0		__DUMMY__ 0.36798179480095733 off 0.32144891986253077 neg 0.3105692853365119	false	0.5
scheiss	off 1.0	off 1.0	off 0.6522783991335342 __DUMMY__ 0.17744984527685714 neg 0.17027175558960855	false	1.0
herausforderung	neg 1.0		__DUMMY__ 0.36870753279698215 off 0.3197645540801978 neg 0.31152791312281997	false	0.5
pervers	off 1.0		__DUMMY__ 0.3661843241107685 off 0.32834733821847567 neg 0.30546833767075593	false	1.0
wackelig	neg 1.0		__DUMMY__ 0.36785571823829344 off 0.3231138424019734 neg 0.30903043935973334	false	0.5
verwickeln	neg 1.0		__DUMMY__ 0.3680421722678437 off 0.32256239618353544 neg 0.3093954315486208	false	0.5
vorwand	neg 1.0		__DUMMY__ 0.36776490471789675 off 0.3209210933412818 neg 0.3113140019408214	false	0.5
muschi	off 1.0		__DUMMY__ 0.3651965476077394 off 0.33343683243861194 neg 0.3013666199536486	false	1.0
entmutigung	neg 1.0		__DUMMY__ 0.3678048863323655 off 0.3184167329494092 neg 0.3137783807182253	false	0.5
unstetig	neg 1.0		__DUMMY__ 0.3678750766320226 off 0.3213003561538974 neg 0.31082456721407997	false	0.5
unangemessen	neg 1.0		__DUMMY__ 0.36793153575483156 off 0.32114626830973286 neg 0.3109221959354355	false	0.5
entmutigen	neg 1.0		__DUMMY__ 0.3679535313520864 off 0.32291258767032033 neg 0.3091338809775932	false	0.5
schwanz	neg 1.0		__DUMMY__ 0.36472493364337716 off 0.33146843535679327 neg 0.3038066309998296	false	0.5
verbot	neg 1.0		__DUMMY__ 0.36785099453009523 off 0.3185373013010377 neg 0.31361170416886697	false	0.5
leid	neg 1.0		__DUMMY__ 0.367202452462263 off 0.3259477251287818 neg 0.3068498224089553	false	0.5
archaisch	neg 1.0		__DUMMY__ 0.36780911372319863 off 0.3213077960698647 neg 0.3108830902069367	false	0.5
scheidung	neg 1.0		__DUMMY__ 0.368497552463767 off 0.31613660111894665 neg 0.3153658464172864	false	0.5
abgestanden	neg 1.0		__DUMMY__ 0.3680688517109849 off 0.32458989763290197 neg 0.30734125065611323	false	0.5
einschlag	neg 1.0		__DUMMY__ 0.3683828965905173 off 0.31866563407051657 neg 0.3129514693389661	false	0.5
schmierig	off 1.0		__DUMMY__ 0.3673511246554896 off 0.3255067942849739 neg 0.3071420810595364	false	1.0
unpraktisch	neg 1.0		__DUMMY__ 0.3675486161028841 off 0.324530188709095 neg 0.3079211951880208	false	0.5
wixxer	off 1.0		__DUMMY__ 0.3664522289286272 off 0.3294354910133148 neg 0.30411228005805785	false	1.0
jammerlappen	off 1.0		__DUMMY__ 0.36766967600789435 off 0.32361175626314176 neg 0.30871856772896383	false	1.0
farce	neg 1.0		__DUMMY__ 0.36797501529490023 off 0.31856688854895104 neg 0.31345809615614884	false	0.5
zwecklos	neg 1.0		__DUMMY__ 0.36807810233007915 off 0.321260799865496 neg 0.310661097804425	false	0.5
turbulent	neg 1.0		__DUMMY__ 0.3673546880752878 off 0.32076472504197145 neg 0.3118805868827406	false	0.5
schuld	neg 1.0		__DUMMY__ 0.3676095510464668 off 0.3228093813832965 neg 0.30958106757023673	false	0.5
risiko	neg 1.0		__DUMMY__ 0.36922611664835986 off 0.3166859432274136 neg 0.31408794012422664	false	0.5
invasion	neg 1.0		__DUMMY__ 0.35975189272678865 neg 0.3308438613283307 off 0.30940424594488053	false	1.0
finster	neg 1.0		__DUMMY__ 0.36786266650760924 off 0.32489499333644556 neg 0.30724234015594526	false	0.5
geisteskrank	off 1.0		__DUMMY__ 0.36783247821089965 off 0.323529083833499 neg 0.3086384379556015	false	1.0
ausbeute	neg 1.0		__DUMMY__ 0.3695861854347438 off 0.3213297563378961 neg 0.30908405822735996	false	0.5
zusammenbrechen	neg 1.0		__DUMMY__ 0.3676903163470979 off 0.3221173006051323 neg 0.3101923830477699	false	0.5
hinterhalt	neg 1.0		__DUMMY__ 0.36806115965167446 off 0.3211796773208252 neg 0.3107591630275004	false	0.5
kritik	neg 1.0		__DUMMY__ 0.36788253083596334 off 0.3188580760820095 neg 0.3132593930820271	false	0.5
einschrumpfen	neg 1.0		__DUMMY__ 0.3655759237652968 off 0.3186518421355004 neg 0.3157722340992028	false	0.5
riskant	neg 1.0		__DUMMY__ 0.3680155428358182 off 0.3213004634132182 neg 0.31068399375096345	false	0.5
frustrieren	neg 1.0		__DUMMY__ 0.3680953604575948 off 0.3217076193084474 neg 0.3101970202339578	false	0.5
groll	neg 1.0		__DUMMY__ 0.36812450879818714 off 0.32102753069444406 neg 0.3108479605073687	false	0.5
qualvoll	neg 1.0		__DUMMY__ 0.3673491429196963 off 0.32362724294962825 neg 0.3090236141306755	false	0.5
wackeln	neg 1.0		__DUMMY__ 0.3680930741689029 off 0.3230310778141118 neg 0.3088758480169854	false	0.5
klagen	neg 1.0		__DUMMY__ 0.36796359412511626 off 0.31916540640566965 neg 0.31287099946921415	false	0.5
trauern	neg 1.0		__DUMMY__ 0.3679382670878754 off 0.3215424912134279 neg 0.3105192416986967	false	0.5
ablehnung	neg 1.0		__DUMMY__ 0.3680772963411672 off 0.3183478381891594 neg 0.31357486546967345	false	0.5
bankrott	neg 1.0		__DUMMY__ 0.3668935768692444 neg 0.3189478440644353 off 0.3141585790663204	false	1.0
stur	neg 1.0		__DUMMY__ 0.367607773415329 off 0.32241539593031915 neg 0.3099768306543519	false	0.5
aufruhr	neg 1.0		__DUMMY__ 0.36874273698976945 off 0.31712567861155583 neg 0.3141315843986746	false	0.5
melancholie	neg 1.0		__DUMMY__ 0.3677944601964422 off 0.32414683425313723 neg 0.3080587055504205	false	0.5
torheit	neg 1.0		__DUMMY__ 0.36794328886383787 off 0.3205627286377874 neg 0.31149398249837473	false	0.5
dreckskind	off 1.0		__DUMMY__ 0.36566100376238514 off 0.33206187259058273 neg 0.3022771236470323	false	1.0
umtauschen	neg 1.0		__DUMMY__ 0.36737758279523935 off 0.32447476800575104 neg 0.30814764919900955	false	0.5
zersetzen	neg 1.0		__DUMMY__ 0.3680216337856006 off 0.32017052213163305 neg 0.3118078440827663	false	0.5
frust	neg 1.0		__DUMMY__ 0.367758179835456 off 0.3219981544774235 neg 0.3102436656871204	false	0.5
unerbittlichkeit	neg 1.0		__DUMMY__ 0.36804908637366796 off 0.3202203064955455 neg 0.31173060713078643	false	0.5
unkorrekt	neg 1.0		__DUMMY__ 0.3672668864641993 off 0.32387811228186025 neg 0.3088550012539405	false	0.5
hexe	off 1.0		__DUMMY__ 0.36791747470953096 off 0.32641712621937563 neg 0.3056653990710934	false	1.0
lasch	neg 1.0		__DUMMY__ 0.36781300374101006 off 0.3225353603023417 neg 0.30965163595664824	false	0.5
rivale	neg 1.0		__DUMMY__ 0.3674959596287083 off 0.31717468637804513 neg 0.3153293539932466	false	0.5
mutlos	off 1.0		__DUMMY__ 0.3680472871371305 off 0.32067032070155643 neg 0.311282392161313	false	1.0
wirr	off 1.0		__DUMMY__ 0.3666127981915061 off 0.3257573093277374 neg 0.3076298924807567	false	1.0
strafbar	neg 1.0		__DUMMY__ 0.36807127641551346 off 0.32100621765857573 neg 0.31092250592591064	false	0.5
erosion	neg 1.0	neg 1.0	neg 0.6405658830529967 __DUMMY__ 0.18176522838199888 off 0.17766888856500435	false	1.0
eingehen	neg 1.0		__DUMMY__ 0.36799726642890634 off 0.3213410296478725 neg 0.31066170392322107	false	0.5
faul	off 1.0		__DUMMY__ 0.3670266920655023 off 0.3258104701630058 neg 0.30716283777149195	false	1.0
provisorium	neg 1.0		__DUMMY__ 0.36846963158327645 off 0.3201680107379302 neg 0.3113623576787932	false	0.5
schmerzen	neg 1.0		__DUMMY__ 0.3671045794426096 off 0.32437290151702997 neg 0.3085225190403604	false	0.5
schrumpfen	neg 1.0		__DUMMY__ 0.36851186775001726 off 0.3189247007432232 neg 0.3125634315067596	false	0.5
geistlos	off 1.0		__DUMMY__ 0.36779291097299877 off 0.322251149843361 neg 0.30995593918364023	false	1.0
frustrierend	neg 1.0		__DUMMY__ 0.3679104205905457 off 0.32381290399568746 neg 0.3082766754137669	false	0.5
fehlkauf	neg 1.0		__DUMMY__ 0.3694188900356979 off 0.32122010545445767 neg 0.3093610045098444	false	0.5
unzufrieden	neg 1.0		__DUMMY__ 0.36811818010671193 off 0.3212490720249758 neg 0.31063274786831224	false	0.5
verzweifeln	neg 1.0		__DUMMY__ 0.3678545573285299 off 0.32236780758221384 neg 0.3097776350892562	false	0.5
verzweifelt	neg 1.0		__DUMMY__ 0.3679457570284713 off 0.3230002470667892 neg 0.3090539959047395	false	0.5
misstrauensantrag	neg 1.0		__DUMMY__ 0.36700647543404125 off 0.31695178465793394 neg 0.31604173990802475	false	0.5
abfallen	neg 1.0		__DUMMY__ 0.36735687782498655 off 0.32455519415881834 neg 0.30808792801619506	false	0.5
fucker	off 1.0		__DUMMY__ 0.48125419282853377 off 0.3191321406275312 neg 0.19961366654393503	false	1.0
ungezogen	neg 1.0		__DUMMY__ 0.3668411954893159 off 0.3266228350570682 neg 0.30653596945361583	false	0.5
irrsinnig	neg 1.0		__DUMMY__ 0.36774864406701546 off 0.3230733935093404 neg 0.309177962423644	false	0.5
hart	neg 1.0		__DUMMY__ 0.3654254305304468 off 0.33051357534995274 neg 0.30406099411960025	false	0.5
unfassbar	neg 1.0		__DUMMY__ 0.3681056405694398 off 0.32357986849927556 neg 0.3083144909312845	false	0.5
widerlich	off 1.0		__DUMMY__ 0.3674918473430078 off 0.3240039477884107 neg 0.30850420486858166	false	1.0
fatal			__DUMMY__ 0.3583383659255654 off 0.32484509724482685 neg 0.31681653682960786	false	0.0
bruch	neg 1.0		__DUMMY__ 0.3683994535050131 off 0.31989293732567914 neg 0.31170760916930784	false	0.5
aushungern	neg 1.0		__DUMMY__ 0.3675891004519968 off 0.31917843638098287 neg 0.31323246316702025	false	0.5
anspannung	neg 1.0		__DUMMY__ 0.3683176577135102 off 0.32093107740767585 neg 0.3107512648788139	false	0.5
kraftlos	neg 1.0		__DUMMY__ 0.3680162307035505 off 0.32217344145218063 neg 0.3098103278442688	false	0.5
grenzdebil	off 1.0		__DUMMY__ 0.36734708765695384 off 0.3245736382099062 neg 0.30807927413314007	false	1.0
unterwerfen	neg 1.0		__DUMMY__ 0.3679639470783258 off 0.3211003211090049 neg 0.31093573181266926	false	0.5
versenkung	neg 1.0		__DUMMY__ 0.3681776810623374 off 0.3211944238340499 neg 0.31062789510361277	false	0.5
entziehen	neg 1.0		__DUMMY__ 0.36820813665214625 off 0.3203884006839793 neg 0.31140346266387453	false	0.5
finanzkrise	neg 1.0		__DUMMY__ 0.36828873277905055 neg 0.315911343706827 off 0.31579992351412256	false	1.0
schimpfend	neg 1.0		__DUMMY__ 0.3673182536646195 off 0.32404214447502333 neg 0.30863960186035716	false	0.5
profan	neg 1.0		__DUMMY__ 0.3678608881148064 off 0.32335562765479275 neg 0.3087834842304008	false	0.5
korruption	neg 1.0		__DUMMY__ 0.3679186994733543 off 0.31806406912725954 neg 0.3140172313993863	false	0.5
schmutzig	neg 1.0		__DUMMY__ 0.3673816532204696 off 0.3247700153838654 neg 0.3078483313956649	false	0.5
abraten	neg 1.0		__DUMMY__ 0.3677674313943555 off 0.3238864503156302 neg 0.30834611829001424	false	0.5
sexy	neg 1.0		off 0.3433413493273142 __DUMMY__ 0.33872135275663495 neg 0.31793729791605096	false	0.5
fotze	off 1.0		__DUMMY__ 0.3642335800082296 off 0.3354359506013853 neg 0.300330469390385	false	1.0
schwarz	neg 1.0		__DUMMY__ 0.3681545383183945 off 0.32187437302723654 neg 0.309971088654369	false	0.5
verwirren	neg 1.0		__DUMMY__ 0.3676359449182114 off 0.32385327036955897 neg 0.3085107847122297	false	0.5
zahnlos	off 1.0		__DUMMY__ 0.36828559022804225 off 0.3212853019718204 neg 0.3104291078001372	false	1.0
verheeren	neg 1.0		__DUMMY__ 0.3678141331629002 neg 0.31665012920286834 off 0.3155357376342314	false	1.0
rammen	neg 1.0		__DUMMY__ 0.3675046706238813 off 0.3248678639108255 neg 0.3076274654652931	false	0.5
unlauter	neg 1.0		__DUMMY__ 0.36755968003724937 off 0.3179482182910722 neg 0.31449210167167835	false	0.5
unheilvoll	neg 1.0		__DUMMY__ 0.3672885774499934 off 0.3233062045103256 neg 0.30940521803968113	false	0.5
niedrig	neg 1.0		__DUMMY__ 0.369475218861654 off 0.31791267523107836 neg 0.31261210590726757	false	0.5
weichei	off 1.0		__DUMMY__ 0.3670664978714756 off 0.3265075148091137 neg 0.30642598731941056	false	1.0
explosion	neg 1.0		__DUMMY__ 0.3647886128077429 neg 0.32272525079312375 off 0.3124861363991333	false	1.0
minusmensch	off 1.0		__DUMMY__ 0.3663741606467307 off 0.33130570277646115 neg 0.30232013657680823	false	1.0
farblos	neg 1.0		__DUMMY__ 0.3691722227638264 off 0.3221491596100474 neg 0.3086786176261261	false	0.5
unwissend	neg 1.0		__DUMMY__ 0.3675876464295896 off 0.32395044554850605 neg 0.3084619080219045	false	0.5
traurig	neg 1.0		__DUMMY__ 0.36740292058499974 off 0.3250414363555151 neg 0.30755564305948513	false	0.5
senkung	neg 1.0		__DUMMY__ 0.3674598258785405 neg 0.3187167967523828 off 0.3138233773690768	false	1.0
ungleich	neg 1.0		__DUMMY__ 0.3679726232047633 off 0.320859816934985 neg 0.31116755986025163	false	0.5
heikel	neg 1.0		__DUMMY__ 0.3678660644664349 off 0.3210857694003691 neg 0.311048166133196	false	0.5
drosselung	neg 1.0		__DUMMY__ 0.3679135636178843 neg 0.3174104371264741 off 0.31467599925564155	false	1.0
falsch	neg 1.0		__DUMMY__ 0.36761855491043355 off 0.323868121139907 neg 0.30851332394965936	false	0.5
unzufriedenheit	neg 1.0		__DUMMY__ 0.36803783082572267 off 0.3201990674657815 neg 0.3117631017084959	false	0.5
kurz	neg 1.0		__DUMMY__ 0.36795720092601364 off 0.32347027921417015 neg 0.3085725198598162	false	0.5
unsinnig	neg 1.0		__DUMMY__ 0.3676991048895631 off 0.3217542962274635 neg 0.31054659888297353	false	0.5
penner	off 1.0		__DUMMY__ 0.36702846103359577 off 0.3262197020764815 neg 0.30675183688992275	false	1.0
seicht	neg 1.0		__DUMMY__ 0.36768940240069126 off 0.3245574054232 neg 0.30775319217610875	false	0.5
dummheit	off 1.0		__DUMMY__ 0.3676611124020305 off 0.3226307322438662 neg 0.3097081553541033	false	1.0
unerfreulich	neg 1.0		__DUMMY__ 0.3681006732088132 off 0.320937496847056 neg 0.3109618299441307	false	0.5
pikiert	neg 1.0		__DUMMY__ 0.3676883238578951 off 0.3237181854719244 neg 0.30859349067018044	false	0.5
motherfucker	off 1.0		__DUMMY__ 0.46853140119905134 off 0.3183451598599926 neg 0.21312343894095592	false	1.0
wrack	neg 1.0		__DUMMY__ 0.3683083843414706 off 0.3211081173996793 neg 0.31058349825885	false	0.5
gangster	neg 1.0		__DUMMY__ 0.41118828817200515 off 0.33233596856335185 neg 0.25647574326464295	false	0.5
krank	neg 1.0		__DUMMY__ 0.3673421272543824 off 0.32541165442912695 neg 0.3072462183164907	false	0.5
reich	neg 1.0		__DUMMY__ 0.3682070840577773 off 0.3210474082455048 neg 0.3107455076967179	false	0.5
gnadenlos	neg 1.0		__DUMMY__ 0.3679567296639626 off 0.32292539084749466 neg 0.30911787948854275	false	0.5
niedergeschlagen	neg 1.0		__DUMMY__ 0.3679758204367072 off 0.32212146862725777 neg 0.3099027109360351	false	0.5
terrorisieren	off 1.0	off 1.0	off 0.6497677850985782 __DUMMY__ 0.17777658962359288 neg 0.17245562527782887	false	1.0
sinnlosigkeit	neg 1.0		__DUMMY__ 0.3678349755071986 off 0.3215370110550653 neg 0.31062801343773616	false	0.5
behindern	neg 1.0		__DUMMY__ 0.36840941748808487 off 0.31803919519230645 neg 0.3135513873196088	false	0.5
undemokratisch	neg 1.0		__DUMMY__ 0.36723696094974834 off 0.3200978667783871 neg 0.3126651722718645	false	0.5
wirtschaftskrise	neg 1.0		__DUMMY__ 0.3685533880924833 off 0.316569253467363 neg 0.31487735844015385	false	0.5
neid	neg 1.0		__DUMMY__ 0.36811443345462436 off 0.32370099505622424 neg 0.30818457148915157	false	0.5
rutschen	neg 1.0		__DUMMY__ 0.3685424422365064 off 0.32195830065458053 neg 0.309499257108913	false	0.5
rezession	neg 1.0		__DUMMY__ 0.36866606410896235 neg 0.3165046854075795 off 0.314829250483458	false	1.0
fehlgeburt	neg 1.0		__DUMMY__ 0.3670621867477476 off 0.3241520062011053 neg 0.30878580705114717	false	0.5
charakterschwach	off 1.0		__DUMMY__ 0.36764262789795593 off 0.32348913598143675 neg 0.3088682361206072	false	1.0
isolation	neg 1.0		__DUMMY__ 0.36218732883237714 neg 0.32696263287204225 off 0.3108500382955805	false	1.0
ablenkung	neg 1.0		__DUMMY__ 0.36774417908617996 off 0.3230194800408826 neg 0.3092363408729375	false	0.5
pech	neg 1.0		__DUMMY__ 0.3678032849036562 off 0.3247771594538908 neg 0.30741955564245305	false	0.5
dominieren	neg 1.0		__DUMMY__ 0.36910604408737013 off 0.3173576691025761 neg 0.3135362868100536	false	0.5
vermeidung	neg 1.0		__DUMMY__ 0.3671767282265721 neg 0.318934746549652 off 0.3138885252237759	false	1.0
schwindlig	neg 1.0		__DUMMY__ 0.3671230266537316 off 0.3260826032650828 neg 0.3067943700811857	false	0.5
lutscher	neg 1.0		__DUMMY__ 0.36623669802536823 off 0.3297400810585239 neg 0.3040232209161079	false	0.5
pflicht	neg 1.0		__DUMMY__ 0.3681943222780142 off 0.32072787384720847 neg 0.31107780387477724	false	0.5
faschist	off 1.0		__DUMMY__ 0.36753992787154655 off 0.32229344527770876 neg 0.3101666268507447	false	1.0
verschleudern	neg 1.0		__DUMMY__ 0.36822655832959883 off 0.3183979343910982 neg 0.3133755072793028	false	0.5
ehebruch	neg 1.0		__DUMMY__ 0.36800758624144764 off 0.32138850285913223 neg 0.3106039108994203	false	0.5
trostlosigkeit	neg 1.0		__DUMMY__ 0.36805363692096493 off 0.32048918861086956 neg 0.3114571744681654	false	0.5
lutschen	neg 1.0		__DUMMY__ 0.36522499539980474 off 0.3304632556720954 neg 0.30431174892810003	false	0.5
spott	off 1.0		__DUMMY__ 0.3680026373897652 off 0.3207840798859735 neg 0.31121328272426113	false	1.0
undiszipliniert	neg 1.0		__DUMMY__ 0.3672504219816377 off 0.3250405002360688 neg 0.3077090777822934	false	0.5
kopfschmerz	neg 1.0		__DUMMY__ 0.3670612754362984 off 0.3239680154087132 neg 0.3089707091549885	false	0.5
unvorhergesehen	neg 1.0		__DUMMY__ 0.3681609273706761 off 0.3225418612498197 neg 0.309297211379504	false	0.5
desinteressiert	neg 1.0		__DUMMY__ 0.36750681380534084 off 0.3247945990547499 neg 0.3076985871399093	false	0.5
armselig	off 1.0		__DUMMY__ 0.3679274372147514 off 0.32347558775276886 neg 0.30859697503247974	false	1.0
tod	neg 1.0		__DUMMY__ 0.3681964935063915 off 0.32056047258956616 neg 0.3112430339040422	false	0.5
desaster	neg 1.0		__DUMMY__ 0.36830491117912717 off 0.3190993290425983 neg 0.31259575977827464	false	0.5
herzlos	neg 1.0		__DUMMY__ 0.36752481985895163 off 0.3247863428253874 neg 0.307688837315661	false	0.5
unwissenheit	neg 1.0		__DUMMY__ 0.3676532836611485 off 0.3208763139869497 neg 0.3114704023519018	false	0.5
widersinnig	neg 1.0		__DUMMY__ 0.3677482453358634 off 0.3197050642007007 neg 0.3125466904634359	false	0.5
bedenklich	neg 1.0		__DUMMY__ 0.367888276826611 off 0.32104823645875336 neg 0.3110634867146357	false	0.5
beanstanden	neg 1.0		__DUMMY__ 0.3682287716456927 off 0.3202587811166977 neg 0.31151244723760957	false	0.5
panisch	neg 1.0		__DUMMY__ 0.3673820816916197 off 0.3241462636230885 neg 0.3084716546852919	false	0.5
abstrich	neg 1.0		__DUMMY__ 0.3668173737963299 off 0.32391893182770354 neg 0.30926369437596657	false	0.5
debil	off 1.0		__DUMMY__ 0.3625300440712329 off 0.33732468345860855 neg 0.3001452724701586	false	1.0
primitiv	neg 1.0		__DUMMY__ 0.36797214721374627 off 0.32381109820900794 neg 0.30821675457724573	false	0.5
abschaum	off 1.0		__DUMMY__ 0.3677178013589612 off 0.3232650160620844 neg 0.30901718257895444	false	1.0
tot	neg 1.0		__DUMMY__ 0.36735176629867067 off 0.32432212742982647 neg 0.3083261062715028	false	0.5
provozieren	neg 1.0		__DUMMY__ 0.3677921516011876 off 0.3225368486716793 neg 0.309670999727133	false	0.5
instabil	neg 1.0		__DUMMY__ 0.36850367613267054 off 0.32174634869784985 neg 0.3097499751694796	false	0.5
schwuchtel	off 1.0		__DUMMY__ 0.3657809130876801 off 0.33047112641843024 neg 0.30374796049388963	false	1.0
zerren	neg 1.0		__DUMMY__ 0.36779378422249154 off 0.3223631813833952 neg 0.30984303439411337	false	0.5
kinderficker	off 1.0		__DUMMY__ 0.3671605647272655 off 0.3239090328029102 neg 0.3089304024698243	false	1.0
gefahr	neg 1.0		__DUMMY__ 0.36858179196705765 off 0.31778892870912506 neg 0.31362927932381734	false	0.5
rabiat	neg 1.0		__DUMMY__ 0.36806057864671027 off 0.3224599785319489 neg 0.30947944282134077	false	0.5
verlangsamung	neg 1.0		__DUMMY__ 0.36931111791306503 off 0.3158838257545131 neg 0.31480505633242184	false	0.5
anklagen	neg 1.0		__DUMMY__ 0.36783325831005753 off 0.3180539259163294 neg 0.314112815773613	false	0.5
ausgestorben	neg 1.0		__DUMMY__ 0.3683102865927195 off 0.32191839119223886 neg 0.30977132221504167	false	0.5
verminderung	neg 1.0		__DUMMY__ 0.3675373294210038 neg 0.3188898871990605 off 0.3135727833799357	false	1.0
rost	neg 1.0		__DUMMY__ 0.3702976486413196 off 0.3187217838827763 neg 0.3109805674759041	false	0.5
destruktiv	neg 1.0		__DUMMY__ 0.36779907907114834 off 0.3215066794238698 neg 0.3106942415049818	false	0.5
unzumutbarkeit	neg 1.0		__DUMMY__ 0.3681930565635696 off 0.3179035863994969 neg 0.3139033570369335	false	0.5
labil	off 1.0	off 1.0	off 0.7306158477606219 __DUMMY__ 0.1441628092025301 neg 0.12522134303684795	false	1.0
ziemlich	neg 1.0		__DUMMY__ 0.36753129773009563 off 0.32487052879031586 neg 0.3075981734795885	false	0.5
lachnummer	off 1.0		__DUMMY__ 0.3680451962714628 off 0.3215059455038509 neg 0.31044885822468615	false	1.0
ausgrenzung	neg 1.0		__DUMMY__ 0.3677702367181825 off 0.31867636310445735 neg 0.3135534001773601	false	0.5
verfall	neg 1.0		__DUMMY__ 0.3681919092450956 off 0.31910923566504 neg 0.31269885508986445	false	0.5
unordnung	neg 1.0	neg 1.0	neg 0.6399752923360509 off 0.18059680485540183 __DUMMY__ 0.17942790280854726	false	1.0
fehlverhalten	neg 1.0		__DUMMY__ 0.3679787606729572 off 0.32019232298544276 neg 0.3118289163416	false	0.5
nille	neg 1.0		__DUMMY__ 0.36296393887421646 off 0.3380713475216119 neg 0.29896471360417165	false	0.5
qual	neg 1.0		__DUMMY__ 0.34018601992825837 off 0.33288032285557445 neg 0.32693365721616713	false	0.5
riesig	neg 1.0		__DUMMY__ 0.3676617347673854 off 0.32825055750882676 neg 0.3040877077237877	false	0.5
verschwenden	neg 1.0		__DUMMY__ 0.3678685039017867 off 0.32164277967406235 neg 0.31048871642415105	false	0.5
verurteilen	neg 1.0		__DUMMY__ 0.36775118645775284 off 0.3208388482776855 neg 0.3114099652645615	false	0.5
klischee	neg 1.0		__DUMMY__ 0.3678639746088921 off 0.3233169550289695 neg 0.3088190703621383	false	0.5
diktatorisch	neg 1.0		__DUMMY__ 0.3673221198771458 off 0.3204832224672662 neg 0.312194657655588	false	0.5
vorhersehbar	neg 1.0		__DUMMY__ 0.3681255148332791 off 0.32267637914743647 neg 0.3091981060192845	false	0.5
stornieren	neg 1.0		__DUMMY__ 0.36784185882551385 off 0.3207952772426843 neg 0.31136286393180174	false	0.5
besteuerung	neg 1.0		__DUMMY__ 0.36810789714316094 neg 0.31743688505115253 off 0.3144552178056864	false	1.0
ungeschminkt	neg 1.0		__DUMMY__ 0.3660623229519507 off 0.3286365752653079 neg 0.30530110178274156	false	0.5
kritisch	neg 1.0		__DUMMY__ 0.36800330310608903 off 0.32075114726958115 neg 0.3112455496243298	false	0.5
schlamperei	off 1.0		__DUMMY__ 0.36812102635644256 off 0.31823462546742876 neg 0.31364434817612874	false	1.0
sucht	neg 1.0		__DUMMY__ 0.3698025485732068 off 0.32114152930160683 neg 0.3090559221251863	false	0.5
egoistisch	off 1.0		__DUMMY__ 0.3671132969647562 off 0.32512979124484237 neg 0.3077569117904015	false	1.0
ausbeuter	off 1.0		__DUMMY__ 0.3679735927005621 off 0.32030010058607494 neg 0.3117263067133628	false	1.0
arschgeburt			__DUMMY__ 0.36539043011858596 off 0.33155759144206065 neg 0.30305197843935333	false	0.0
schubs	neg 1.0		__DUMMY__ 0.3668613000733293 off 0.3253793463684856 neg 0.30775935355818523	false	0.5
unsolide	neg 1.0		__DUMMY__ 0.36744099528761265 off 0.3201930537497232 neg 0.3123659509626643	false	0.5
beschwerde	neg 1.0		__DUMMY__ 0.3677431018046419 off 0.31847492657905485 neg 0.31378197161630317	false	0.5
stocken	neg 1.0		__DUMMY__ 0.36897816526804494 off 0.3166156535239987 neg 0.31440618120795627	false	0.5
isolieren	neg 1.0		__DUMMY__ 0.3683768741899047 off 0.31747155221184176 neg 0.3141515735982535	false	0.5
unheilbar	neg 1.0		__DUMMY__ 0.3678144865629289 off 0.3222821489868391 neg 0.3099033644502319	false	0.5
pisser	off 1.0		__DUMMY__ 0.36546678190736737 off 0.33150908612076624 neg 0.30302413197186645	false	1.0
löschen	neg 1.0		__DUMMY__ 0.36337734388430676 off 0.3251351222239432 neg 0.3114875338917499	false	0.5
durchfallen	neg 1.0		__DUMMY__ 0.3677122799657427 off 0.321566837464366 neg 0.3107208825698914	false	0.5
wichser	off 1.0		__DUMMY__ 0.3670336368399935 off 0.3265323275052416 neg 0.30643403565476485	false	1.0
terror	neg 1.0		__DUMMY__ 0.3645520192806511 neg 0.32040403636311077 off 0.3150439443562381	false	1.0
krass	neg 1.0		__DUMMY__ 0.3663267244241018 off 0.3284403458320458 neg 0.30523292974385247	false	0.5
revolte	neg 1.0		__DUMMY__ 0.36842145566401113 off 0.3171135565932618 neg 0.3144649877427272	false	0.5
besorgt	neg 1.0		__DUMMY__ 0.3678443248124342 off 0.3223972601274557 neg 0.3097584150601101	false	0.5
nachlassen	neg 1.0		__DUMMY__ 0.3682000553172507 off 0.3207665360789248 neg 0.31103340860382445	false	0.5
alt	neg 1.0		__DUMMY__ 0.36813141341265254 off 0.32574132066319417 neg 0.3061272659241532	false	0.5
hundesohn	off 1.0		__DUMMY__ 0.3645052917981187 off 0.33397388959223995 neg 0.30152081860964136	false	1.0
abschreckung	neg 1.0		__DUMMY__ 0.3679365217093007 off 0.3197123848670659 neg 0.3123510934236334	false	0.5
unqualifiziert	neg 1.0		__DUMMY__ 0.3674816999926351 off 0.32240564344311473 neg 0.3101126565642501	false	0.5
abgewichst	off 1.0		__DUMMY__ 0.3637555717878763 off 0.3357051747546961 neg 0.3005392534574275	false	1.0
kapitulation	neg 1.0		__DUMMY__ 0.36819130823821267 off 0.3184868519379507 neg 0.31332183982383666	false	0.5
schwer	neg 1.0		__DUMMY__ 0.3680689629821122 off 0.3226167393601251 neg 0.3093142976577627	false	0.5
bedeutungslosigkeit	neg 1.0		__DUMMY__ 0.36821507876738624 off 0.32011633854635574 neg 0.31166858268625797	false	0.5
unscharf	neg 1.0		__DUMMY__ 0.36677334304979164 off 0.32638681382500767 neg 0.3068398431252007	false	0.5
schwinden	neg 1.0		__DUMMY__ 0.36867912483783544 off 0.3171433850626481 neg 0.31417749009951645	false	0.5
versklavung	neg 1.0		__DUMMY__ 0.3675935956409799 off 0.3179791944917245 neg 0.31442720986729555	false	0.5
schlecht	neg 1.0		__DUMMY__ 0.3676286258732398 off 0.32431701775422295 neg 0.30805435637253725	false	0.5
verhasst	neg 1.0		__DUMMY__ 0.36792068829575836 off 0.3219065393160199 neg 0.31017277238822166	false	0.5
beschweren	neg 1.0		__DUMMY__ 0.36805413199819004 off 0.32285818520733267 neg 0.3090876827944773	false	0.5
scheiden	neg 1.0		__DUMMY__ 0.3681188075163703 off 0.3228484267298584 neg 0.3090327657537713	false	0.5
frustriert	neg 1.0		__DUMMY__ 0.3678846532850691 off 0.3222532427376744 neg 0.3098621039772566	false	0.5
schimmelig	neg 1.0		__DUMMY__ 0.3664809755545467 off 0.32849909449312614 neg 0.3050199299523273	false	0.5
fisch	neg 1.0		__DUMMY__ 0.36826754526244326 off 0.3256203299167368 neg 0.3061121248208199	false	0.5
schmuggel	neg 1.0		__DUMMY__ 0.3680642186550469 off 0.3211371309841623 neg 0.31079865036079074	false	0.5
auffallen	neg 1.0		__DUMMY__ 0.36789108220309313 off 0.3228427789910735 neg 0.3092661388058335	false	0.5
konkurrenz	neg 1.0		__DUMMY__ 0.36819864658983265 off 0.3203132017520692 neg 0.3114881516580982	false	0.5
teufelskreis	neg 1.0		__DUMMY__ 0.3680554773835647 off 0.3220250159722218 neg 0.30991950664421336	false	0.5
aufschreien	neg 1.0		__DUMMY__ 0.3678926058058899 off 0.32346166621963285 neg 0.30864572797447726	false	0.5
missgeburt	off 1.0		__DUMMY__ 0.36583401228667534 off 0.33141872202287753 neg 0.30274726569044724	false	1.0
schuldner	neg 1.0		__DUMMY__ 0.3682512977726627 off 0.3174331917286607 neg 0.3143155104986767	false	0.5
befallen	neg 1.0		__DUMMY__ 0.3673369691745011 off 0.320070752001562 neg 0.31259227882393686	false	0.5
arbeitslos	neg 1.0		__DUMMY__ 0.3679811136055424 off 0.3214862599755079 neg 0.31053262641894963	false	0.5
miesepetrig	off 1.0		__DUMMY__ 0.3674591011073813 off 0.3244473565493508 neg 0.3080935423432678	false	1.0
alarmieren	neg 1.0		__DUMMY__ 0.36847627372413716 off 0.3162784376134468 neg 0.31524528866241586	false	0.5
ungeduscht	off 1.0		__DUMMY__ 0.36640765988888735 off 0.32712782547963853 neg 0.3064645146314741	false	1.0
knappheit	neg 1.0		__DUMMY__ 0.3685094454918763 off 0.3174149961331378 neg 0.31407555837498574	false	0.5
schlange	neg 1.0		__DUMMY__ 0.3680421999722008 off 0.32327650158727056 neg 0.3086812984405287	false	0.5
harsch	neg 1.0		__DUMMY__ 0.36783501346440406 off 0.31803147588667 neg 0.31413351064892586	false	0.5
lang	neg 1.0	neg 1.0	neg 0.5955462558214148 off 0.20460359521549681 __DUMMY__ 0.1998501489630883	false	1.0
ziellos	neg 1.0		__DUMMY__ 0.36812773075583294 off 0.3219618823642785 neg 0.30991038687988853	false	0.5
selbstverliebt	neg 1.0		__DUMMY__ 0.36683246795970637 off 0.32752356565939433 neg 0.3056439663808993	false	0.5
beseitigen	neg 1.0		__DUMMY__ 0.36862823010117957 off 0.31765732024510046 neg 0.31371444965372	false	0.5
dumm	off 1.0		__DUMMY__ 0.3671411559669001 off 0.32595430178178486 neg 0.30690454225131497	false	1.0
arbeitsloser	neg 1.0		__DUMMY__ 0.36807732494459156 off 0.3212010630857677 neg 0.31072161196964077	false	0.5
blitzen	neg 1.0		__DUMMY__ 0.3689594784267826 off 0.32246912554481216 neg 0.30857139602840533	false	0.5
hilflos	neg 1.0		__DUMMY__ 0.3676245683357026 off 0.32239473303586696 neg 0.3099806986284306	false	0.5
eklig	off 1.0		__DUMMY__ 0.3665488462198985 off 0.32772639785980096 neg 0.3057247559203005	false	1.0
hungersnot	neg 1.0		__DUMMY__ 0.36858024885120577 off 0.31811094043500976 neg 0.3133088107137846	false	0.5
ungesetzlich	neg 1.0		__DUMMY__ 0.3677070736734642 off 0.3196798457234406 neg 0.3126130806030951	false	0.5
verschwendung	neg 1.0		__DUMMY__ 0.3679267527348938 off 0.3212018027952733 neg 0.310871444469833	false	0.5
schmerzvoll	neg 1.0		__DUMMY__ 0.36767571984260045 off 0.32350669391622533 neg 0.3088175862411742	false	0.5
vorzeitig	neg 1.0		__DUMMY__ 0.3683819791996855 off 0.31625787356425816 neg 0.3153601472360562	false	0.5
unvollkommenheit	neg 1.0		__DUMMY__ 0.3679082716012585 off 0.3219425644250712 neg 0.3101491639736703	false	0.5
intervenieren	neg 1.0		__DUMMY__ 0.36780871305841695 off 0.31977904293358783 neg 0.3124122440079951	false	0.5
banause	off 1.0		__DUMMY__ 0.3668687295744678 off 0.3264233850657887 neg 0.30670788535974336	false	1.0
rebell	neg 1.0		__DUMMY__ 0.3643931581955087 off 0.3315975350877774 neg 0.30400930671671383	false	0.5
unlogisch	neg 1.0		__DUMMY__ 0.36729914025459887 off 0.3247463207677449 neg 0.30795453897765623	false	0.5
abschaffung	neg 1.0		__DUMMY__ 0.3676520244098525 off 0.31690368780698874 neg 0.3154442877831589	false	0.5
leiden	neg 1.0		__DUMMY__ 0.3680638030533489 off 0.3229486403367286 neg 0.3089875566099227	false	0.5
sturz	neg 1.0		__DUMMY__ 0.36856547706210196 off 0.31774603172073945 neg 0.31368849121715864	false	0.5
verkleinerung	neg 1.0		__DUMMY__ 0.3681284376947705 neg 0.3160156568254798 off 0.3158559054797498	false	1.0
schmarotzer	off 1.0		__DUMMY__ 0.3677484702752076 off 0.32168384811408535 neg 0.3105676816107072	false	1.0
bestrafung	neg 1.0		__DUMMY__ 0.3678185519922256 off 0.3230808268568088 neg 0.30910062115096565	false	0.5
achtlos	neg 1.0		__DUMMY__ 0.3676927842118014 off 0.32236418479458795 neg 0.3099430309936105	false	0.5
ungeheuer	neg 1.0		__DUMMY__ 0.36816692601684803 off 0.32401651867543174 neg 0.30781655530772034	false	0.5
unaufrichtig	neg 1.0		__DUMMY__ 0.3670250073268686 off 0.32286559196153786 neg 0.31010940071159354	false	0.5
groggy	neg 1.0		__DUMMY__ 0.3671828933535132 off 0.32804217101683647 neg 0.30477493562965025	false	0.5
verletzlich	neg 1.0		__DUMMY__ 0.36748840822017986 off 0.3246278122771885 neg 0.30788377950263174	false	0.5
ablehnen	neg 1.0		__DUMMY__ 0.36773794256217557 off 0.32070760184014524 neg 0.31155445559767914	false	0.5
kollaps	neg 1.0		__DUMMY__ 0.3683447806349856 off 0.3159098154653777 neg 0.31574540389963657	false	0.5
beschnitten	neg 1.0		__DUMMY__ 0.3678197474703773 off 0.3229117570004691 neg 0.3092684955291537	false	0.5
defekt	neg 1.0		__DUMMY__ 0.36785207751981347 off 0.3169810162726004 neg 0.315166906207586	false	0.5
dreckskerl	off 1.0		__DUMMY__ 0.3671104100956989 off 0.3248726872890623 neg 0.30801690261523873	false	1.0
deine	neg 1.0		__DUMMY__ 0.3669504289012967 off 0.32627137118176053 neg 0.30677819991694283	false	0.5
aufgeben	neg 1.0		__DUMMY__ 0.36827711559445175 off 0.3230092820510387 neg 0.30871360235450945	false	0.5
durcheinander	neg 1.0		__DUMMY__ 0.3678981295710204 off 0.32369873713417263 neg 0.30840313329480695	false	0.5
unterbrechen	neg 1.0		__DUMMY__ 0.36804048847156384 off 0.32187289318409124 neg 0.3100866183443449	false	0.5
vergammeln	neg 1.0		__DUMMY__ 0.3678824346628738 off 0.32340732038815406 neg 0.3087102449489722	false	0.5
grotesk	neg 1.0		__DUMMY__ 0.36810722588775596 off 0.32148906048339565 neg 0.3104037136288484	false	0.5
elendig	neg 1.0		__DUMMY__ 0.3675582191435277 off 0.3235868527082007 neg 0.30885492814827153	false	0.5
naiv	off 1.0		__DUMMY__ 0.3680494329465427 off 0.32309560773437734 neg 0.30885495931907997	false	1.0
uneinigkeit	neg 1.0		__DUMMY__ 0.3681185551557768 off 0.31732231406052847 neg 0.3145591307836948	false	0.5
fragil	neg 1.0		__DUMMY__ 0.3619379167123534 neg 0.3223698250758028 off 0.31569225821184377	false	1.0
provisorisch	neg 1.0		__DUMMY__ 0.3685196093878686 off 0.3214275089877951 neg 0.3100528816243364	false	0.5
landei	off 1.0		__DUMMY__ 0.36754193001414714 off 0.3262911224684715 neg 0.30616694751738127	false	1.0
bedauerlich	neg 1.0		__DUMMY__ 0.36798695487275335 off 0.3211899499001111 neg 0.3108230952271355	false	0.5
krieg	neg 1.0		__DUMMY__ 0.3678600442175927 off 0.322190138699784 neg 0.3099498170826233	false	0.5
traurigkeit	neg 1.0		__DUMMY__ 0.3679277277748469 off 0.3227846954992664 neg 0.30928757672588664	false	0.5
monotonie	neg 1.0		__DUMMY__ 0.36823209395288686 off 0.3215474976053429 neg 0.3102204084417701	false	0.5
unliebsam	neg 1.0		__DUMMY__ 0.36791877890051145 off 0.3220895374342434 neg 0.3099916836652452	false	0.5
drift	neg 1.0		neg 0.3550509409380584 __DUMMY__ 0.322773305603408 off 0.3221757534585336	false	1.0
chaos	neg 1.0		__DUMMY__ 0.3680029509955884 off 0.3192528573492463 neg 0.31274419165516526	false	0.5
blutig	neg 1.0		__DUMMY__ 0.3679674074417629 off 0.32344518362076446 neg 0.3085874089374726	false	0.5
machtlos	neg 1.0		__DUMMY__ 0.367911779790399 off 0.3209293629859104 neg 0.3111588572236906	false	0.5
