unsolidarisch	neg 1.0		off 0.44375576809503636 neg 0.43049727496109585 __DUMMY__ 0.12574695694386773	false	0.5
nachteilig	neg 1.0		off 0.44290970759000803 neg 0.4310776758524575 __DUMMY__ 0.1260126165575345	false	0.5
skeptisch	neg 1.0		off 0.4437684284165339 neg 0.4302035534583365 __DUMMY__ 0.12602801812512962	false	0.5
schrecklich	neg 1.0		off 0.44849323646304984 neg 0.4258179478988945 __DUMMY__ 0.12568881563805565	false	0.5
schlapp	neg 1.0		off 0.4487410851988085 neg 0.42550767512201676 __DUMMY__ 0.12575123967917473	false	0.5
abfall	neg 1.0		off 0.4430324215580706 neg 0.43081181398739876 __DUMMY__ 0.1261557644545306	false	0.5
widerspenstig	neg 1.0		off 0.4460077100524217 neg 0.42816590267592847 __DUMMY__ 0.12582638727164971	false	0.5
abrupt	neg 1.0		off 0.4447655664540228 neg 0.4291159445190816 __DUMMY__ 0.1261184890268955	false	0.5
unwirksam	neg 1.0		off 0.43803772549294867 neg 0.43595724524668944 __DUMMY__ 0.1260050292603619	false	0.5
angreifen	neg 1.0		off 0.4437555982097567 neg 0.4302558789264555 __DUMMY__ 0.12598852286378778	false	0.5
inkonsistent	neg 1.0		off 0.4459157473807958 neg 0.42804137567042105 __DUMMY__ 0.126042876948783	false	0.5
abrutschen	neg 1.0		off 0.443760539074755 neg 0.4302334144643603 __DUMMY__ 0.12600604646088473	false	0.5
unsicher	neg 1.0		off 0.44583725924710554 neg 0.42821295678373383 __DUMMY__ 0.1259497839691606	false	0.5
bauernkind	off 1.0		off 0.45246053930554103 neg 0.42223072490931374 __DUMMY__ 0.12530873578514504	false	1.0
angreifer	neg 1.0		off 0.4409090495730805 neg 0.433177445710593 __DUMMY__ 0.1259135047163264	false	0.5
trennen	neg 1.0		off 0.4448918613220762 neg 0.42891575487029954 __DUMMY__ 0.12619238380762438	false	0.5
schmutz	neg 1.0		off 0.4412144185856575 neg 0.43270327129145286 __DUMMY__ 0.12608231012288953	false	0.5
inkonsistenz	neg 1.0		off 0.4465454624261338 neg 0.4276101419963394 __DUMMY__ 0.12584439557752677	false	0.5
erschreckend	neg 1.0		off 0.44456532657112247 neg 0.42946812694290304 __DUMMY__ 0.1259665464859745	false	0.5
ertrinken	neg 1.0		off 0.4449907195209681 neg 0.42919152957620205 __DUMMY__ 0.12581775090282996	false	0.5
pickelface	off 1.0		off 0.4568205644593594 neg 0.41828371728765434 __DUMMY__ 0.12489571825298622	false	1.0
lauch	neg 1.0		off 0.45397062104295427 neg 0.4208869284962155 __DUMMY__ 0.12514245046083025	false	0.5
steuerhinterziehung	neg 1.0		off 0.4406679087921466 neg 0.4334427743750857 __DUMMY__ 0.12588931683276772	false	0.5
unwichtig	neg 1.0		off 0.4466504514248475 neg 0.4274743539840853 __DUMMY__ 0.12587519459106727	false	0.5
schock	neg 1.0		off 0.44594194072073207 neg 0.4279860760026586 __DUMMY__ 0.1260719832766093	false	0.5
vergelten	neg 1.0		off 0.4429973653275549 neg 0.4314552202240454 __DUMMY__ 0.12554741444839956	false	0.5
beule	neg 1.0		off 0.4494457799066649 neg 0.42489359145251876 __DUMMY__ 0.12566062864081637	false	0.5
verdorbenheit	neg 1.0		off 0.444058853418428 neg 0.42932293507199737 __DUMMY__ 0.12661821150957453	false	0.5
trauma			off 0.4649473709428517 neg 0.42211200010716377 __DUMMY__ 0.11294062894998468	false	0.0
sinnlos	neg 1.0		off 0.44656044324738114 neg 0.4275851003908238 __DUMMY__ 0.12585445636179501	false	0.5
fettsack	off 1.0		off 0.4521221844266761 neg 0.4224074842142869 __DUMMY__ 0.12547033135903696	false	1.0
feige	off 1.0		off 0.44661030513059746 neg 0.4274701060825596 __DUMMY__ 0.12591958878684287	false	1.0
abdanken	neg 1.0		off 0.4439340804717688 neg 0.43020146358843736 __DUMMY__ 0.12586445593979392	false	0.5
wichtigtuer	off 1.0	off 1.0	off 0.7105055984792267 neg 0.22965802392897502 __DUMMY__ 0.05983637759179831	false	1.0
misslingen	neg 1.0		off 0.44587383128669555 neg 0.4283448157965467 __DUMMY__ 0.12578135291675777	false	0.5
untreu	off 1.0		off 0.44670943144425096 neg 0.42738542093330834 __DUMMY__ 0.12590514762244084	false	1.0
missmutig	neg 1.0		off 0.44597008723149234 neg 0.4280465620219558 __DUMMY__ 0.125983350746552	false	0.5
hurenbock	off 1.0		off 0.45207005307678727 neg 0.4227901920159767 __DUMMY__ 0.12513975490723603	false	1.0
betrunken	neg 1.0		off 0.4485532131649115 neg 0.4257906891039187 __DUMMY__ 0.12565609773116987	false	0.5
korrupt	off 1.0		off 0.4437110353883785 neg 0.43045560835300706 __DUMMY__ 0.12583335625861453	false	1.0
unmut	neg 1.0		off 0.44240143462845194 neg 0.43156367276513746 __DUMMY__ 0.12603489260641063	false	0.5
hackfresse	off 1.0		off 0.4493982341213074 neg 0.4250359424111362 __DUMMY__ 0.12556582346755635	false	1.0
aufblasen	neg 1.0		off 0.44658775627621383 neg 0.4275348942492478 __DUMMY__ 0.12587734947453844	false	0.5
gewaltsam	neg 1.0		off 0.4416355367659884 neg 0.43239742455166597 __DUMMY__ 0.1259670386823456	false	0.5
unbeliebtheit	neg 1.0		off 0.44071081834876785 neg 0.43329863621113984 __DUMMY__ 0.12599054544009228	false	0.5
sturheit	neg 1.0		off 0.44381046038919975 neg 0.4302501861451603 __DUMMY__ 0.12593935346563992	false	0.5
kuh	neg 1.0		off 0.45276987385092615 neg 0.42186677037866316 __DUMMY__ 0.12536335577041058	false	0.5
erschrecken	neg 1.0		off 0.44708911563963877 neg 0.4270856635383115 __DUMMY__ 0.12582522082204978	false	0.5
opfer	neg 1.0		off 0.44432723282768083 neg 0.4296719937692789 __DUMMY__ 0.1260007734030402	false	0.5
stinktier	neg 1.0		off 0.4524148440610385 neg 0.4222411955504801 __DUMMY__ 0.12534396038848147	false	0.5
sinken	neg 1.0		off 0.4407603910473949 neg 0.43289650041513134 __DUMMY__ 0.12634310853747388	false	0.5
tucke	off 1.0		off 0.4514178133416227 neg 0.4233556178262632 __DUMMY__ 0.12522656883211414	false	1.0
abstieg	neg 1.0		off 0.4422687438824574 neg 0.43161807353581594 __DUMMY__ 0.12611318258172668	false	0.5
missverstehen	neg 1.0		off 0.44592945381716415 neg 0.42813326135584256 __DUMMY__ 0.1259372848269932	false	0.5
ergebnislos	neg 1.0		off 0.44031043335531245 neg 0.4335343577798165 __DUMMY__ 0.12615520886487103	false	0.5
manipulieren	neg 1.0		off 0.4439515146078337 neg 0.4302162988258421 __DUMMY__ 0.12583218656632422	false	0.5
verschleppen	neg 1.0		off 0.4408455247403741 neg 0.433136250718682 __DUMMY__ 0.12601822454094389	false	0.5
unbewiesen	neg 1.0		off 0.4423530718406192 neg 0.43165459856000093 __DUMMY__ 0.1259923295993799	false	0.5
weib	off 1.0		off 0.451362583700002 neg 0.4232528754199757 __DUMMY__ 0.1253845408800223	false	1.0
opposition	neg 1.0		off 0.4389310318084157 neg 0.4354142423324101 __DUMMY__ 0.12565472585917437	false	0.5
verkehrswidrig	neg 1.0		off 0.4409307673485125 neg 0.43348486681944315 __DUMMY__ 0.12558436583204438	false	0.5
inkorrekt	neg 1.0		off 0.4464334696990262 neg 0.4277015427168815 __DUMMY__ 0.12586498758409242	false	0.5
vermeiden	neg 1.0		off 0.4422023140783812 neg 0.4316503495275275 __DUMMY__ 0.12614733639409134	false	0.5
abweichung	neg 1.0		off 0.4418747919777883 neg 0.4320020353621165 __DUMMY__ 0.12612317266009515	false	0.5
alkoholisiert	neg 1.0		off 0.4445208317985278 neg 0.42953409115005653 __DUMMY__ 0.12594507705141564	false	0.5
scheiss	off 1.0	off 1.0	off 0.7121408275600848 neg 0.22800501819975974 __DUMMY__ 0.059854154240155395	false	1.0
herausforderung	neg 1.0		off 0.44296418818225713 neg 0.43082414326838503 __DUMMY__ 0.12621166854935778	false	0.5
pervers	off 1.0		off 0.45115532606233333 neg 0.42352035135625304 __DUMMY__ 0.12532432258141366	false	1.0
wackelig	neg 1.0		off 0.4462071244436481 neg 0.4278774778501658 __DUMMY__ 0.125915397706186	false	0.5
verwickeln	neg 1.0		off 0.44568374752229944 neg 0.42832936152077933 __DUMMY__ 0.12598689095692125	false	0.5
vorwand	neg 1.0		off 0.4438465450892593 neg 0.4302655522896639 __DUMMY__ 0.1258879026210769	false	0.5
muschi	off 1.0		off 0.45626167674790974 neg 0.4188412257061066 __DUMMY__ 0.12489709754598378	false	1.0
entmutigung	neg 1.0		off 0.4412106679161803 neg 0.4328979207629891 __DUMMY__ 0.12589141132083068	false	0.5
unstetig	neg 1.0		off 0.44432081982491517 neg 0.42976472789345255 __DUMMY__ 0.12591445228163228	false	0.5
unangemessen	neg 1.0		off 0.44414031859483266 neg 0.4299125522679134 __DUMMY__ 0.12594712913725378	false	0.5
entmutigen	neg 1.0		off 0.44602097817945646 neg 0.42802836246974135 __DUMMY__ 0.1259506593508021	false	0.5
schwanz	neg 1.0		off 0.4540249284992222 neg 0.4212240348814374 __DUMMY__ 0.12475103661934055	false	0.5
verbot	neg 1.0		off 0.4413415244968343 neg 0.43274980422546516 __DUMMY__ 0.1259086712777006	false	0.5
leid	neg 1.0		off 0.44896994968399195 neg 0.42534616951703086 __DUMMY__ 0.12568388079897708	false	0.5
archaisch	neg 1.0		off 0.44428151196428495 neg 0.4298119213193848 __DUMMY__ 0.12590656671633027	false	0.5
scheidung	neg 1.0		off 0.4391149559785059 neg 0.4347667752907108 __DUMMY__ 0.1261182687307833	false	0.5
abgestanden	neg 1.0		off 0.44787980561541213 neg 0.42613956035337464 __DUMMY__ 0.12598063403121343	false	0.5
einschlag	neg 1.0		off 0.44168486136326685 neg 0.43227420794386673 __DUMMY__ 0.1260409306928664	false	0.5
schmierig	off 1.0		off 0.4485613955840181 neg 0.42570165904671076 __DUMMY__ 0.1257369453692712	false	1.0
unpraktisch	neg 1.0		off 0.447604185319187 neg 0.4265909407092413 __DUMMY__ 0.1258048739715718	false	0.5
wixxer	off 1.0		off 0.45239370269185986 neg 0.4221877979054064 __DUMMY__ 0.12541849940273372	false	1.0
jammerlappen	off 1.0		off 0.44666588480343067 neg 0.4274736035698922 __DUMMY__ 0.12586051162667716	false	1.0
farce	neg 1.0		off 0.4414192942246396 neg 0.43262718677610634 __DUMMY__ 0.12595351899925403	false	0.5
zwecklos	neg 1.0		off 0.4443221257089888 neg 0.4296786784829193 __DUMMY__ 0.12599919580809177	false	0.5
turbulent	neg 1.0		off 0.4435842024995492 neg 0.43069769361836924 __DUMMY__ 0.12571810388208154	false	0.5
schuld	neg 1.0		off 0.445785927407385 neg 0.4283790009639323 __DUMMY__ 0.12583507162868274	false	0.5
risiko	neg 1.0		off 0.43991320817539425 neg 0.43369900233260633 __DUMMY__ 0.12638778949199952	false	0.5
invasion	neg 1.0		neg 0.44805535256477513 off 0.42885750958328417 __DUMMY__ 0.12308713785194074	false	1.0
finster	neg 1.0		off 0.4481008348455609 neg 0.4259751316486672 __DUMMY__ 0.125924033505772	false	0.5
geisteskrank	off 1.0		off 0.4466210699145136 neg 0.42746061312998535 __DUMMY__ 0.12591831695550113	false	1.0
ausbeute	neg 1.0		off 0.4449782631536442 neg 0.4285104230546779 __DUMMY__ 0.1265113137916777	false	0.5
zusammenbrechen	neg 1.0		off 0.4450943776968649 neg 0.42904269237468873 __DUMMY__ 0.12586292992844655	false	0.5
hinterhalt	neg 1.0		off 0.44420177967943797 neg 0.42982660728728855 __DUMMY__ 0.1259716130332734	false	0.5
kritik	neg 1.0		off 0.4416896599088128 neg 0.4323902988075788 __DUMMY__ 0.12592004128360837	false	0.5
einschrumpfen	neg 1.0		off 0.4409176592693866 neg 0.4341220602380054 __DUMMY__ 0.12496028049260807	false	0.5
riskant	neg 1.0		off 0.44433303092378035 neg 0.4296902831979082 __DUMMY__ 0.1259766858783116	false	0.5
frustrieren	neg 1.0		off 0.44479532686858897 neg 0.42919916843771766 __DUMMY__ 0.12600550469369332	false	0.5
groll	neg 1.0		off 0.44409604800462343 neg 0.4298902266740344 __DUMMY__ 0.1260137253213421	false	0.5
qualvoll	neg 1.0		off 0.4465788491317998 neg 0.42768394487164646 __DUMMY__ 0.12573720599655386	false	0.5
wackeln	neg 1.0		off 0.4462160168421927 neg 0.4277837873558662 __DUMMY__ 0.1260001958019411	false	0.5
klagen	neg 1.0		off 0.4420451663462653 neg 0.4320037473618463 __DUMMY__ 0.12595108629188836	false	0.5
trauern	neg 1.0		off 0.4445572590393185 neg 0.42949955307604876 __DUMMY__ 0.1259431878846328	false	0.5
ablehnung	neg 1.0		off 0.44122863195297846 neg 0.4327818635340746 __DUMMY__ 0.12598950451294688	false	0.5
bankrott	neg 1.0		neg 0.43812376297664896 off 0.4364058154185529 __DUMMY__ 0.12547042160479807	false	1.0
stur	neg 1.0		off 0.44537933867882523 neg 0.42878520559578714 __DUMMY__ 0.12583545572538762	false	0.5
aufruhr	neg 1.0		off 0.44017675142465557 neg 0.4336050369189553 __DUMMY__ 0.12621821165638913	false	0.5
melancholie	neg 1.0		off 0.44728402255084115 neg 0.4268242232225046 __DUMMY__ 0.1258917542266544	false	0.5
torheit	neg 1.0		off 0.4435393766707076 neg 0.43051641024799664 __DUMMY__ 0.1259442130812959	false	0.5
dreckskind	off 1.0		off 0.454867234423926 neg 0.4199980370222468 __DUMMY__ 0.1251347285538271	false	1.0
umtauschen	neg 1.0		off 0.4475029615265726 neg 0.42675674699350696 __DUMMY__ 0.12574029147992039	false	0.5
zersetzen	neg 1.0		off 0.4431528963792768 neg 0.43086856840871546 __DUMMY__ 0.12597853521200772	false	0.5
frust	neg 1.0		off 0.4449910720502023 neg 0.42912149024885715 __DUMMY__ 0.12588743770094055	false	0.5
unerbittlichkeit	neg 1.0		off 0.44320958526954307 neg 0.43080410742065933 __DUMMY__ 0.12598630730979768	false	0.5
unkorrekt	neg 1.0		off 0.4467905394344605 neg 0.4275058424047187 __DUMMY__ 0.1257036181608209	false	0.5
hexe	off 1.0		off 0.4497365978547456 neg 0.4243238911014054 __DUMMY__ 0.12593951104384898	false	1.0
lasch	neg 1.0		off 0.4455722745870099 neg 0.4285131632546168 __DUMMY__ 0.12591456215837327	false	0.5
rivale	neg 1.0		off 0.43982308238467477 neg 0.43444859696393606 __DUMMY__ 0.12572832065138928	false	0.5
mutlos	off 1.0		off 0.4436714003830203 neg 0.4303432478312919 __DUMMY__ 0.1259853517856879	false	1.0
wirr	off 1.0		off 0.4485702505356678 neg 0.4259595510197619 __DUMMY__ 0.1254701984445703	false	1.0
strafbar	neg 1.0		off 0.44403292488027535 neg 0.4299728725817547 __DUMMY__ 0.12599420253796992	false	0.5
erosion	neg 1.0	neg 1.0	neg 0.6999167585028405 off 0.23859735345094232 __DUMMY__ 0.06148588804621713	false	1.0
eingehen	neg 1.0		off 0.44437854122101206 neg 0.42965169551779553 __DUMMY__ 0.12596976326119236	false	0.5
faul	off 1.0		off 0.4487755154011452 neg 0.42560349529921776 __DUMMY__ 0.125620989299637	false	1.0
provisorium	neg 1.0		off 0.44331773837747723 neg 0.43054843572158785 __DUMMY__ 0.1261338259009349	false	0.5
schmerzen	neg 1.0		off 0.4472946816993023 neg 0.4270581399653915 __DUMMY__ 0.12564717833530611	false	0.5
schrumpfen	neg 1.0		off 0.4420088114696466 neg 0.43184399711286625 __DUMMY__ 0.12614719141748706	false	0.5
geistlos	off 1.0		off 0.44524631656194286 neg 0.4288601866812204 __DUMMY__ 0.1258934967568367	false	1.0
frustrierend	neg 1.0		off 0.44695870524645465 neg 0.4271018882474331 __DUMMY__ 0.12593940650611232	false	0.5
fehlkauf	neg 1.0		off 0.4448931289538908 neg 0.4288300573920695 __DUMMY__ 0.12627681365403962	false	0.5
unzufrieden	neg 1.0		off 0.44432441241595283 neg 0.4296625289847682 __DUMMY__ 0.1260130585992789	false	0.5
verzweifeln	neg 1.0		off 0.44541576192465426 neg 0.4286629774494077 __DUMMY__ 0.12592126062593798	false	0.5
verzweifelt	neg 1.0		off 0.4461144959450978 neg 0.42793300434734655 __DUMMY__ 0.12595249970755562	false	0.5
misstrauensantrag	neg 1.0		off 0.43936292877518507 neg 0.43505700264446256 __DUMMY__ 0.12558006858035237	false	0.5
abfallen	neg 1.0		off 0.4475666768802718 neg 0.42669491678528076 __DUMMY__ 0.12573840633444752	false	0.5
fucker	off 1.0		off 0.42183488681936787 __DUMMY__ 0.3090079864632697 neg 0.2691571267173625	false	1.0
ungezogen	neg 1.0		off 0.44957589901732947 neg 0.42486584899575175 __DUMMY__ 0.1255582519869187	false	0.5
irrsinnig	neg 1.0		off 0.44611966909092876 neg 0.42799640141976064 __DUMMY__ 0.12588392948931074	false	0.5
hart	neg 1.0		off 0.4531737998294708 neg 0.42177677649138473 __DUMMY__ 0.1250494236791444	false	0.5
unfassbar	neg 1.0		off 0.4467914018044769 neg 0.4272020797632894 __DUMMY__ 0.12600651843223373	false	0.5
widerlich	off 1.0		off 0.4470085014190867 neg 0.42719951446536925 __DUMMY__ 0.12579198411554407	false	1.0
fatal			off 0.43491290416653666 neg 0.4199740108893909 __DUMMY__ 0.14511308494407246	false	0.0
bruch	neg 1.0		off 0.4429820389701392 neg 0.43090985800778053 __DUMMY__ 0.12610810302208023	false	0.5
aushungern	neg 1.0		off 0.4419341596772663 neg 0.43224761878406553 __DUMMY__ 0.12581822153866803	false	0.5
anspannung	neg 1.0		off 0.44405315301475456 neg 0.42986827462304344 __DUMMY__ 0.12607857236220193	false	0.5
kraftlos	neg 1.0		off 0.4452715320814995 neg 0.4287517433598291 __DUMMY__ 0.12597672455867148	false	0.5
grenzdebil	off 1.0		off 0.44757390798140534 neg 0.42668029599630175 __DUMMY__ 0.12574579602229283	false	1.0
unterwerfen	neg 1.0		off 0.44410474404344763 neg 0.42993878756047865 __DUMMY__ 0.1259564683960737	false	0.5
versenkung	neg 1.0		off 0.4442802298278912 neg 0.42968803461011723 __DUMMY__ 0.1260317355619914	false	0.5
entziehen	neg 1.0		off 0.44343503485388763 neg 0.4305210686317363 __DUMMY__ 0.12604389651437609	false	0.5
finanzkrise	neg 1.0		off 0.4386257914625926 neg 0.4353170063084513 __DUMMY__ 0.1260572022289561	false	0.5
schimpfend	neg 1.0		off 0.4470235800417737 neg 0.4272579824420166 __DUMMY__ 0.12571843751620948	false	0.5
profan	neg 1.0		off 0.44646813964114407 neg 0.42761097574969764 __DUMMY__ 0.12592088460915835	false	0.5
korruption	neg 1.0		off 0.44086455786839635 neg 0.4332034711081359 __DUMMY__ 0.12593197102346762	false	0.5
schmutzig	neg 1.0		off 0.4477991425649754 neg 0.426450982484863 __DUMMY__ 0.12574987495016146	false	0.5
abraten	neg 1.0		off 0.4469862931517089 neg 0.4271277044638429 __DUMMY__ 0.12588600238444825	false	0.5
sexy	neg 1.0		off 0.4579861039205357 neg 0.4278230245572332 __DUMMY__ 0.11419087152223122	false	0.5
fotze	off 1.0		off 0.4579893228302847 neg 0.4174416939856596 __DUMMY__ 0.12456898318405563	false	1.0
schwarz	neg 1.0		off 0.44519503959460077 neg 0.4290787997332383 __DUMMY__ 0.12572616067216089	false	0.5
verwirren	neg 1.0		off 0.4469037925825436 neg 0.4272531832049898 __DUMMY__ 0.12584302421246665	false	0.5
zahnlos	off 1.0		off 0.4444181054745088 neg 0.4295094224219622 __DUMMY__ 0.12607247210352884	false	1.0
verheeren	neg 1.0		off 0.4382019286074963 neg 0.4359253071046724 __DUMMY__ 0.12587276428783123	false	0.5
rammen	neg 1.0		off 0.4479773844612162 neg 0.4262442988065016 __DUMMY__ 0.12577831673228207	false	0.5
unlauter	neg 1.0		off 0.4406395034159349 neg 0.43356257186741753 __DUMMY__ 0.1257979247166476	false	0.5
unheilvoll	neg 1.0		off 0.44623434954027036 neg 0.4280544474515183 __DUMMY__ 0.12571120300821131	false	0.5
niedrig	neg 1.0		off 0.4413042747491614 neg 0.4322174803099592 __DUMMY__ 0.12647824494087936	false	0.5
weichei	off 1.0		off 0.4495210357925105 neg 0.42483803794053326 __DUMMY__ 0.12564092626695617	false	1.0
explosion	neg 1.0		neg 0.441311374057104 off 0.4338320745823533 __DUMMY__ 0.12485655136054268	false	1.0
minusmensch	off 1.0		off 0.45432671850848616 neg 0.4202911885494459 __DUMMY__ 0.12538209294206787	false	1.0
farblos	neg 1.0		off 0.445723317105603 neg 0.42792504052063524 __DUMMY__ 0.12635164237376176	false	0.5
unwissend	neg 1.0		off 0.44699195626654886 neg 0.4271769569154339 __DUMMY__ 0.12583108681801738	false	0.5
traurig	neg 1.0		off 0.44808442994676323 neg 0.4261508770586276 __DUMMY__ 0.12576469299460927	false	0.5
senkung	neg 1.0		neg 0.4379794186673959 off 0.436272317282998 __DUMMY__ 0.125748264049606	false	1.0
ungleich	neg 1.0		off 0.4438510948455804 neg 0.4301906929133357 __DUMMY__ 0.12595821224108397	false	0.5
heikel	neg 1.0		off 0.44405384377122514 neg 0.43002141631842467 __DUMMY__ 0.12592473991035005	false	0.5
drosselung	neg 1.0		off 0.4373370629342703 neg 0.4367625434739102 __DUMMY__ 0.12590039359181954	false	0.5
falsch	neg 1.0		off 0.4469174422338222 neg 0.42724468728919224 __DUMMY__ 0.12583787047698566	false	0.5
unzufriedenheit	neg 1.0		off 0.44317268416679007 neg 0.43083839276676866 __DUMMY__ 0.12598892306644113	false	0.5
kurz	neg 1.0		off 0.44661486375179904 neg 0.4274312999538064 __DUMMY__ 0.12595383629439466	false	0.5
unsinnig	neg 1.0		off 0.4446992341389586 neg 0.42943582497924515 __DUMMY__ 0.1258649408817962	false	0.5
penner	off 1.0		off 0.4492045133829566 neg 0.4251665938673295 __DUMMY__ 0.12562889274971378	false	1.0
seicht	neg 1.0		off 0.44766975882481863 neg 0.42646259029804445 __DUMMY__ 0.1258676508771369	false	0.5
dummheit	off 1.0		off 0.44562330450018567 neg 0.4285237776821823 __DUMMY__ 0.12585291781763203	false	1.0
unerfreulich	neg 1.0		off 0.4439950682538433 neg 0.42999934990427763 __DUMMY__ 0.12600558184187924	false	0.5
pikiert	neg 1.0		off 0.44677687633664653 neg 0.42736363207647904 __DUMMY__ 0.12585949158687457	false	0.5
motherfucker	off 1.0		off 0.4225723797777183 __DUMMY__ 0.29018161357869643 neg 0.28724600664358513	false	1.0
wrack	neg 1.0		off 0.4442742982701875 neg 0.4296706339268737 __DUMMY__ 0.1260550678029389	false	0.5
gangster	neg 1.0		off 0.4399095588792652 neg 0.3439334193149179 __DUMMY__ 0.21615702180581695	false	0.5
krank	neg 1.0		off 0.4484562222773685 neg 0.425801291100828 __DUMMY__ 0.1257424866218035	false	0.5
reich	neg 1.0		off 0.4441375416040161 neg 0.42979483441625127 __DUMMY__ 0.12606762397973256	false	0.5
gnadenlos	neg 1.0		off 0.44603808232503667 neg 0.42800553570529076 __DUMMY__ 0.12595638196967265	false	0.5
niedergeschlagen	neg 1.0		off 0.445204180708764 neg 0.4288368691895842 __DUMMY__ 0.12595895010165187	false	0.5
terrorisieren	off 1.0	off 1.0	off 0.7096526040310212 neg 0.2303850119673376 __DUMMY__ 0.059962384001641146	false	1.0
sinnlosigkeit	neg 1.0		off 0.44452080755541523 neg 0.42955857527752 __DUMMY__ 0.1259206171670647	false	0.5
behindern	neg 1.0		off 0.4410269728613528 neg 0.43310303044960025 __DUMMY__ 0.12586999668904691	false	0.5
undemokratisch	neg 1.0		off 0.44277118701444257 neg 0.4315386451279396 __DUMMY__ 0.1256901678576178	false	0.5
wirtschaftskrise	neg 1.0		off 0.43953110630286646 neg 0.43431374499602543 __DUMMY__ 0.12615514870110814	false	0.5
neid	neg 1.0		off 0.44693219263384104 neg 0.42706147516467885 __DUMMY__ 0.1260063322014801	false	0.5
rutschen	neg 1.0		off 0.44523047774520075 neg 0.4286120161738108 __DUMMY__ 0.12615750608098847	false	0.5
rezession	neg 1.0		off 0.43773370846711246 neg 0.43609001155956073 __DUMMY__ 0.12617627997332675	false	0.5
fehlgeburt	neg 1.0		off 0.44700376735052033 neg 0.42737194707939613 __DUMMY__ 0.12562428557008368	false	0.5
charakterschwach	off 1.0		off 0.44652173058738753 neg 0.42763459634465356 __DUMMY__ 0.12584367306795888	false	1.0
isolation	neg 1.0		neg 0.4446517150925337 off 0.4311390654652033 __DUMMY__ 0.12420921944226304	false	1.0
ablenkung	neg 1.0		off 0.44606859310382985 neg 0.42805041237157504 __DUMMY__ 0.1258809945245951	false	0.5
pech	neg 1.0		off 0.44795969376360706 neg 0.4261494340343939 __DUMMY__ 0.1258908722019989	false	0.5
dominieren	neg 1.0		off 0.4405814712210501 neg 0.43307259676573756 __DUMMY__ 0.12634593201321237	false	0.5
vermeidung	neg 1.0		neg 0.438120683051603 off 0.4362500341116657 __DUMMY__ 0.1256292828367313	false	1.0
schwindlig	neg 1.0		off 0.4491001689438277 neg 0.42524806774769297 __DUMMY__ 0.12565176330847938	false	0.5
lutscher	neg 1.0		off 0.4526402138207735 neg 0.42202021919262606 __DUMMY__ 0.1253395669866003	false	0.5
pflicht	neg 1.0		off 0.443795907088249 neg 0.43016610605202404 __DUMMY__ 0.12603798685972686	false	0.5
faschist	off 1.0		off 0.44519564853149607 neg 0.42900119650677937 __DUMMY__ 0.12580315496172453	false	1.0
verschleudern	neg 1.0		off 0.4413492291181766 neg 0.43261092934680123 __DUMMY__ 0.12603984153502218	false	0.5
ehebruch	neg 1.0		off 0.44442001209272447 neg 0.42960995041751665 __DUMMY__ 0.12597003748975882	false	0.5
trostlosigkeit	neg 1.0		off 0.44348859718859757 neg 0.4305190469968603 __DUMMY__ 0.12599235581454202	false	0.5
lutschen	neg 1.0		off 0.4531133101906956 neg 0.42194011304918405 __DUMMY__ 0.12494657676012035	false	0.5
spott	off 1.0		off 0.4437755553656333 neg 0.4302551196632846 __DUMMY__ 0.12596932497108201	false	1.0
undiszipliniert	neg 1.0		off 0.4480332251976339 neg 0.42626540081850073 __DUMMY__ 0.12570137398386527	false	0.5
kopfschmerz	neg 1.0		off 0.4468501327605069 neg 0.42751966264852326 __DUMMY__ 0.12563020459096988	false	0.5
unvorhergesehen	neg 1.0		off 0.44574381914661976 neg 0.42823894608952323 __DUMMY__ 0.12601723476385698	false	0.5
desinteressiert	neg 1.0		off 0.4478528384697902 neg 0.4263512124725282 __DUMMY__ 0.12579594905768157	false	0.5
armselig	off 1.0		off 0.44661361392806664 neg 0.4274408056094975 __DUMMY__ 0.12594558046243584	false	1.0
tod	neg 1.0		off 0.44361415484769534 neg 0.430359395319001 __DUMMY__ 0.12602644983330363	false	0.5
desaster	neg 1.0		off 0.44210411137589306 neg 0.43182187568132047 __DUMMY__ 0.12607401294278636	false	0.5
herzlos	neg 1.0		off 0.44785714974720736 neg 0.42633424377173945 __DUMMY__ 0.12580860648105313	false	0.5
unwissenheit	neg 1.0		off 0.44375922647782257 neg 0.43038568199713223 __DUMMY__ 0.1258550915250453	false	0.5
widersinnig	neg 1.0		off 0.4425428018742399 neg 0.4315808198937716 __DUMMY__ 0.12587637823198838	false	0.5
bedenklich	neg 1.0		off 0.4440205544133069 neg 0.4300467623490079 __DUMMY__ 0.12593268323768528	false	0.5
beanstanden	neg 1.0		off 0.44330327061173297 neg 0.4306489899355207 __DUMMY__ 0.12604773945274642	false	0.5
panisch	neg 1.0		off 0.4471422740350399 neg 0.4271089989150613 __DUMMY__ 0.12574872704989876	false	0.5
abstrich	neg 1.0		off 0.44672619751984044 neg 0.4277402442885698 __DUMMY__ 0.12553355819158965	false	0.5
debil	off 1.0		off 0.45929124244822656 neg 0.4167519765216219 __DUMMY__ 0.12395678103015154	false	1.0
primitiv	neg 1.0		off 0.4469716985088465 neg 0.4270605132382295 __DUMMY__ 0.125967788252924	false	0.5
abschaum	off 1.0		off 0.4462965606587037 neg 0.42783114029640745 __DUMMY__ 0.12587229904488892	false	1.0
tot	neg 1.0		off 0.4473293258093688 neg 0.42695978228885073 __DUMMY__ 0.1257108919017806	false	0.5
provozieren	neg 1.0		off 0.4455623483290636 neg 0.42853827401010114 __DUMMY__ 0.1258993776608353	false	0.5
instabil	neg 1.0		off 0.4450024262392376 neg 0.4288620258964364 __DUMMY__ 0.1261355478643259	false	0.5
schwuchtel	off 1.0		off 0.45323647157583513 neg 0.42158420225928134 __DUMMY__ 0.12517932616488356	false	1.0
zerren	neg 1.0		off 0.445393433549839 neg 0.42870939123598234 __DUMMY__ 0.12589717521417865	false	0.5
kinderficker	off 1.0		off 0.4467866169332575 neg 0.42754463116469366 __DUMMY__ 0.12566875190204876	false	1.0
gefahr	neg 1.0		off 0.44083773346881766 neg 0.4329934817465361 __DUMMY__ 0.12616878478464613	false	0.5
rabiat	neg 1.0		off 0.44557919657800593 neg 0.42843092533876154 __DUMMY__ 0.12598987808323264	false	0.5
verlangsamung	neg 1.0		off 0.4390891850503063 neg 0.4345014892276682 __DUMMY__ 0.12640932572202548	false	0.5
anklagen	neg 1.0		off 0.44083107814178557 neg 0.4332712404290533 __DUMMY__ 0.12589768142916105	false	0.5
ausgestorben	neg 1.0		off 0.44510424370306817 neg 0.42881565874133226 __DUMMY__ 0.12608009755559957	false	0.5
verminderung	neg 1.0		neg 0.4382428375761233 off 0.4360087388269107 __DUMMY__ 0.125748423596966	false	1.0
rost	neg 1.0		off 0.44248991790752795 neg 0.43077930342624793 __DUMMY__ 0.12673077866622406	false	0.5
destruktiv	neg 1.0		off 0.4444786402271596 neg 0.4296206835571327 __DUMMY__ 0.12590067621570772	false	0.5
unzumutbarkeit	neg 1.0		off 0.44080882686315004 neg 0.4331784168615089 __DUMMY__ 0.126012756275341	false	0.5
labil	off 1.0	off 1.0	off 0.788717397678934 neg 0.16237029569923558 __DUMMY__ 0.04891230662183025	false	1.0
ziemlich	neg 1.0		off 0.447945428327075 neg 0.4262443566604407 __DUMMY__ 0.12581021501248435	false	0.5
lachnummer	off 1.0		off 0.44456434923635346 neg 0.4294498020570955 __DUMMY__ 0.12598584870655102	false	1.0
ausgrenzung	neg 1.0		off 0.44146168633725524 neg 0.43265966471632766 __DUMMY__ 0.12587864894641712	false	0.5
verfall	neg 1.0		off 0.44208206185871657 neg 0.4318820350835829 __DUMMY__ 0.12603590305770057	false	0.5
unordnung	neg 1.0	neg 1.0	neg 0.6984099144927384 off 0.2410678127790266 __DUMMY__ 0.060522272728235	false	1.0
fehlverhalten	neg 1.0		off 0.4431379826936158 neg 0.4309023051852745 __DUMMY__ 0.1259597121211098	false	0.5
nille	neg 1.0		off 0.460323346908019 neg 0.4155597521569386 __DUMMY__ 0.12411690093504242	false	0.5
qual	neg 1.0		off 0.44732591299787255 neg 0.4379424882241106 __DUMMY__ 0.11473159877801684	false	0.5
riesig	neg 1.0		off 0.4515703634579202 neg 0.42261983021987676 __DUMMY__ 0.1258098063222031	false	0.5
verschwenden	neg 1.0		off 0.4446644279973428 neg 0.4294111625951816 __DUMMY__ 0.12592440940747582	false	0.5
verurteilen	neg 1.0		off 0.4437466557438711 neg 0.4303733941000038 __DUMMY__ 0.12587995015612502	false	0.5
klischee	neg 1.0		off 0.44642079064911366 neg 0.42764987574307894 __DUMMY__ 0.12592933360780742	false	0.5
diktatorisch	neg 1.0		off 0.4432063890515327 neg 0.4310709946823548 __DUMMY__ 0.1257226162661124	false	0.5
vorhersehbar	neg 1.0		off 0.4458279651584326 neg 0.428156515920677 __DUMMY__ 0.12601551892089052	false	0.5
stornieren	neg 1.0		off 0.44376124453260113 neg 0.4303490329804897 __DUMMY__ 0.12588972248690905	false	0.5
besteuerung	neg 1.0		off 0.4371575970377301 neg 0.4368616196295795 __DUMMY__ 0.12598078333269044	false	0.5
ungeschminkt	neg 1.0		off 0.4514435064088648 neg 0.4232928314078487 __DUMMY__ 0.12526366218328655	false	0.5
kritisch	neg 1.0		off 0.44373979069007746 neg 0.4302874881798951 __DUMMY__ 0.12597272113002747	false	0.5
schlamperei	off 1.0		off 0.44112650508958795 neg 0.4328697494995749 __DUMMY__ 0.12600374541083714	false	1.0
sucht	neg 1.0		off 0.4448671960011725 neg 0.4285833907521568 __DUMMY__ 0.1265494132466708	false	0.5
egoistisch	off 1.0		off 0.4480773733058405 neg 0.42626836094724097 __DUMMY__ 0.1256542657469184	false	1.0
ausbeuter	off 1.0		off 0.44324923353622936 neg 0.4307922023046851 __DUMMY__ 0.1259585641590855	false	1.0
arschgeburt			off 0.454241996559092 neg 0.4207222404974 __DUMMY__ 0.12503576294350813	false	0.0
schubs	neg 1.0		off 0.4482917577044116 neg 0.42615946471080557 __DUMMY__ 0.12554877758478275	false	0.5
unsolide	neg 1.0		off 0.4429568619137712 neg 0.4312822031190405 __DUMMY__ 0.12576093496718826	false	0.5
beschwerde	neg 1.0		off 0.4412444666497741 neg 0.43288892671655865 __DUMMY__ 0.1258666066336672	false	0.5
stocken	neg 1.0		off 0.43974157398457836 neg 0.4339539783300072 __DUMMY__ 0.1263044476854145	false	0.5
isolieren	neg 1.0		off 0.4404402741992869 neg 0.43346627804052584 __DUMMY__ 0.12609344776018722	false	0.5
unheilbar	neg 1.0		off 0.4453086474405046 neg 0.4287873483902782 __DUMMY__ 0.12590400416921724	false	0.5
pisser	off 1.0		off 0.4541809851744711 neg 0.4205928150925449 __DUMMY__ 0.12522619973298388	false	1.0
löschen	neg 1.0		off 0.4470167644142084 neg 0.4291149893006365 __DUMMY__ 0.12386824628515497	false	0.5
durchfallen	neg 1.0		off 0.44451128137442814 neg 0.429620745235364 __DUMMY__ 0.12586797339020794	false	0.5
wichser	off 1.0		off 0.44953807188049727 neg 0.4248324999784809 __DUMMY__ 0.1256294281410219	false	1.0
terror	neg 1.0		neg 0.4387898296782851 off 0.43649148991384623 __DUMMY__ 0.1247186804078686	false	1.0
krass	neg 1.0		off 0.4512903966116014 neg 0.42333535308150394 __DUMMY__ 0.1253742503068946	false	0.5
revolte	neg 1.0		off 0.44005559530015376 neg 0.43383557005804124 __DUMMY__ 0.12610883464180495	false	0.5
besorgt	neg 1.0		off 0.4454492136138007 neg 0.4286390805813729 __DUMMY__ 0.12591170580482644	false	0.5
nachlassen	neg 1.0		off 0.4438390964051257 neg 0.43012820327701173 __DUMMY__ 0.12603270031786254	false	0.5
alt	neg 1.0		off 0.44914700478050384 neg 0.4248621861034017 __DUMMY__ 0.12599080911609453	false	0.5
hundesohn	off 1.0		off 0.4564737316907447 neg 0.41880645725445903 __DUMMY__ 0.12471981105479643	false	1.0
abschreckung	neg 1.0		off 0.4426114320353014 neg 0.431444243237228 __DUMMY__ 0.1259443247274706	false	0.5
unqualifiziert	neg 1.0		off 0.4453056822194891 neg 0.42890855089518004 __DUMMY__ 0.12578576688533094	false	0.5
abgewichst	off 1.0		off 0.4581766312368336 neg 0.41747616950888117 __DUMMY__ 0.12434719925428533	false	1.0
kapitulation	neg 1.0		off 0.44141835188633666 neg 0.43254966390860905 __DUMMY__ 0.12603198420505438	false	0.5
schwer	neg 1.0		off 0.44575231265263987 neg 0.4282531120291941 __DUMMY__ 0.1259945753181661	false	0.5
bedeutungslosigkeit	neg 1.0		off 0.4431513310402249 neg 0.4308038777829942 __DUMMY__ 0.12604479117678077	false	0.5
unscharf	neg 1.0		off 0.4492979742628986 neg 0.42518082271203045 __DUMMY__ 0.12552120302507094	false	0.5
schwinden	neg 1.0		off 0.44020898664906927 neg 0.43358727372766503 __DUMMY__ 0.12620373962326564	false	0.5
versklavung	neg 1.0		off 0.4406710607121225 neg 0.43349618237050663 __DUMMY__ 0.12583275691737092	false	0.5
schlecht	neg 1.0		off 0.44739831547586634 neg 0.42675556855784635 __DUMMY__ 0.1258461159662872	false	0.5
verhasst	neg 1.0		off 0.4449484020509617 neg 0.42910173986344025 __DUMMY__ 0.1259498580855981	false	0.5
beschweren	neg 1.0		off 0.44600312293148303 neg 0.4280067290047157 __DUMMY__ 0.12599014806380143	false	0.5
scheiden	neg 1.0		off 0.4460328618367937 neg 0.4279628100832084 __DUMMY__ 0.1260043280799979	false	0.5
frustriert	neg 1.0		off 0.44530358123073094 neg 0.4287628196140579 __DUMMY__ 0.12593359915521124	false	0.5
schimmelig	neg 1.0		off 0.45143146340624485 neg 0.4231613350816032 __DUMMY__ 0.125407201512152	false	0.5
fisch	neg 1.0		off 0.4490409056968795 neg 0.4249199055715338 __DUMMY__ 0.12603918873158668	false	0.5
schmuggel	neg 1.0		off 0.4441798305637551 neg 0.429835929941702 __DUMMY__ 0.12598423949454293	false	0.5
auffallen	neg 1.0		off 0.445944987824826 neg 0.4281234821770169 __DUMMY__ 0.1259315299981572	false	0.5
konkurrenz	neg 1.0		off 0.4433470578437021 neg 0.43062026113782537 __DUMMY__ 0.12603268101847245	false	0.5
teufelskreis	neg 1.0		off 0.4451198619963368 neg 0.428886663803821 __DUMMY__ 0.12599347419984214	false	0.5
aufschreien	neg 1.0		off 0.44657220784513796 neg 0.4274934145764771 __DUMMY__ 0.12593437757838497	false	0.5
missgeburt	off 1.0		off 0.4542581016164594 neg 0.42056636226064226 __DUMMY__ 0.1251755361228983	false	1.0
schuldner	neg 1.0		off 0.44033346163600046 neg 0.43361862067290824 __DUMMY__ 0.12604791769109128	false	0.5
befallen	neg 1.0		off 0.4427966875874273 neg 0.4314716834179146 __DUMMY__ 0.12573162899465806	false	0.5
arbeitslos	neg 1.0		off 0.4445215625019966 neg 0.42951355223007154 __DUMMY__ 0.12596488526793187	false	0.5
miesepetrig	off 1.0		off 0.4474892468726742 neg 0.4267361297047892 __DUMMY__ 0.12577462342253667	false	1.0
alarmieren	neg 1.0		off 0.4391992753456048 neg 0.43468081230593714 __DUMMY__ 0.126119912348458	false	0.5
ungeduscht	off 1.0		off 0.4499658607810872 neg 0.4246416149514191 __DUMMY__ 0.12539252426749364	false	1.0
knappheit	neg 1.0		off 0.4404143926850262 neg 0.433446307157783 __DUMMY__ 0.12613930015719077	false	0.5
schlange	neg 1.0		off 0.4464547087268468 neg 0.42756232195900246 __DUMMY__ 0.12598296931415073	false	0.5
harsch	neg 1.0		off 0.4408547060145845 neg 0.4332866861989039 __DUMMY__ 0.12585860778651156	false	0.5
lang	neg 1.0	neg 1.0	neg 0.660937962534818 off 0.27188200069304996 __DUMMY__ 0.06718003677213205	false	1.0
ziellos	neg 1.0		off 0.4450829593059055 neg 0.4289019072408308 __DUMMY__ 0.12601513345326354	false	0.5
selbstverliebt	neg 1.0		off 0.4505052181016411 neg 0.42393972668589475 __DUMMY__ 0.12555505521246413	false	0.5
beseitigen	neg 1.0		off 0.44074278776382547 neg 0.43307752496927143 __DUMMY__ 0.1261796872669031	false	0.5
dumm	off 1.0		off 0.44895297027473924 neg 0.4253750354497459 __DUMMY__ 0.12567199427551476	false	1.0
arbeitsloser	neg 1.0		off 0.44425114000203636 neg 0.42975333057441406 __DUMMY__ 0.12599552942354958	false	0.5
blitzen	neg 1.0		off 0.44542245093044736 neg 0.42695467932808673 __DUMMY__ 0.12762286974146597	false	0.5
hilflos	neg 1.0		off 0.44536221247928 neg 0.4287977430202862 __DUMMY__ 0.12584004450043376	false	0.5
eklig	off 1.0		off 0.45062578672757714 neg 0.4239183593310018 __DUMMY__ 0.1254558539414212	false	1.0
hungersnot	neg 1.0		off 0.44115119775915385 neg 0.43268311166363244 __DUMMY__ 0.12616569057721364	false	0.5
ungesetzlich	neg 1.0		off 0.4425039076006086 neg 0.4316364776093832 __DUMMY__ 0.1258596147900082	false	0.5
verschwendung	neg 1.0		off 0.4441971253370061 neg 0.42985692776950096 __DUMMY__ 0.12594594689349284	false	0.5
schmerzvoll	neg 1.0		off 0.446553767697682 neg 0.427588175032207 __DUMMY__ 0.12585805727011093	false	0.5
vorzeitig	neg 1.0		off 0.43916942147412946 neg 0.4347553444117889 __DUMMY__ 0.12607523411408167	false	0.5
unvollkommenheit	neg 1.0		off 0.4449862140579921 neg 0.42908838430250784 __DUMMY__ 0.12592540163950008	false	0.5
intervenieren	neg 1.0		off 0.44263637516000476 neg 0.43146519949467244 __DUMMY__ 0.12589842534532278	false	0.5
banause	off 1.0		off 0.44938087295423246 neg 0.4250608616833762 __DUMMY__ 0.1255582653623914	false	1.0
rebell	neg 1.0		off 0.4539814043118978 neg 0.42139689170629774 __DUMMY__ 0.12462170398180436	false	0.5
unlogisch	neg 1.0		off 0.44773539146681557 neg 0.42653684661717306 __DUMMY__ 0.1257277619160113	false	0.5
abschaffung	neg 1.0		off 0.43955776471994223 neg 0.4346143104500676 __DUMMY__ 0.1258279248299901	false	0.5
leiden	neg 1.0		off 0.44609556680673274 neg 0.4279134571228032 __DUMMY__ 0.12599097607046422	false	0.5
sturz	neg 1.0		off 0.44079487335917644 neg 0.43305420129347777 __DUMMY__ 0.12615092534734584	false	0.5
verkleinerung	neg 1.0		off 0.43864121265810696 neg 0.43536178398629105 __DUMMY__ 0.12599700335560196	false	0.5
schmarotzer	off 1.0		off 0.4446406524578277 neg 0.42947628361937346 __DUMMY__ 0.1258830639227988	false	1.0
bestrafung	neg 1.0		off 0.446146902318961 neg 0.4279472458185985 __DUMMY__ 0.12590585186244052	false	0.5
achtlos	neg 1.0		off 0.445369102379295 neg 0.42877084120974285 __DUMMY__ 0.12586005641096204	false	0.5
ungeheuer	neg 1.0		off 0.4472748909100584 neg 0.4267011028841392 __DUMMY__ 0.12602400620580234	false	0.5
unaufrichtig	neg 1.0		off 0.44560152819598353 neg 0.42878499804583864 __DUMMY__ 0.1256134737581777	false	0.5
groggy	neg 1.0		off 0.45129843910730216 neg 0.4231210919370843 __DUMMY__ 0.1255804689556136	false	0.5
verletzlich	neg 1.0		off 0.44768261902397155 neg 0.42653274710297095 __DUMMY__ 0.12578463387305744	false	0.5
ablehnen	neg 1.0		off 0.4436045479610185 neg 0.43051987170142536 __DUMMY__ 0.1258755803375561	false	0.5
kollaps	neg 1.0		off 0.43876569545343125 neg 0.4351565771818569 __DUMMY__ 0.1260777273647119	false	0.5
beschnitten	neg 1.0		off 0.44596720236081366 neg 0.428123806970015 __DUMMY__ 0.12590899066917133	false	0.5
defekt	neg 1.0		off 0.43984614356829094 neg 0.43431171917229633 __DUMMY__ 0.1258421372594127	false	0.5
dreckskerl	off 1.0		off 0.44778777116901786 neg 0.4265531865665518 __DUMMY__ 0.12565904226443034	false	1.0
deine	neg 1.0		off 0.44924141876605483 neg 0.42516923525427774 __DUMMY__ 0.12558934597966737	false	0.5
aufgeben	neg 1.0		off 0.44623578744982784 neg 0.42770241603485715 __DUMMY__ 0.12606179651531502	false	0.5
durcheinander	neg 1.0		off 0.44683746113432304 neg 0.4272268516540105 __DUMMY__ 0.12593568721166637	false	0.5
unterbrechen	neg 1.0		off 0.44495785093108914 neg 0.42905580381596464 __DUMMY__ 0.12598634525294608	false	0.5
vergammeln	neg 1.0		off 0.4465330143539378 neg 0.42754291929610133 __DUMMY__ 0.12592406634996087	false	0.5
grotesk	neg 1.0		off 0.4445622710293478 neg 0.42942663889434973 __DUMMY__ 0.12601109007630254	false	0.5
elendig	neg 1.0		off 0.44660937713014703 neg 0.4275781178421613 __DUMMY__ 0.12581250502769167	false	0.5
naiv	off 1.0		off 0.4462489063449285 neg 0.4277614738907751 __DUMMY__ 0.12598961976429648	false	1.0
uneinigkeit	neg 1.0		off 0.4401614924179278 neg 0.4338372031493474 __DUMMY__ 0.12600130443272484	false	0.5
fragil	neg 1.0		neg 0.43990323420178196 off 0.4364932824126927 __DUMMY__ 0.12360348338552542	false	1.0
provisorisch	neg 1.0		off 0.44467018239273914 neg 0.42917978625330555 __DUMMY__ 0.12615003135395547	false	0.5
landei	off 1.0		off 0.44948487552729843 neg 0.4247202193279863 __DUMMY__ 0.12579490514471525	false	1.0
bedauerlich	neg 1.0		off 0.4442077031362655 neg 0.42982503573619824 __DUMMY__ 0.12596726112753626	false	0.5
krieg	neg 1.0		off 0.4452231757418959 neg 0.42885263848453214 __DUMMY__ 0.1259241857735721	false	0.5
traurigkeit	neg 1.0		off 0.445893262370192 neg 0.4281632541597396 __DUMMY__ 0.12594348347006837	false	0.5
monotonie	neg 1.0		off 0.4446924066632819 neg 0.42925713983227287 __DUMMY__ 0.1260504535044453	false	0.5
unliebsam	neg 1.0		off 0.4451324933887499 neg 0.42892744668820404 __DUMMY__ 0.12594005992304608	false	0.5
drift	neg 1.0		neg 0.46051080185888826 off 0.4254268068408223 __DUMMY__ 0.11406239130028954	false	1.0
chaos	neg 1.0		off 0.4421631543759953 neg 0.4318561723878835 __DUMMY__ 0.12598067323612133	false	0.5
blutig	neg 1.0		off 0.44660070399773183 neg 0.42743585322774647 __DUMMY__ 0.12596344277452165	false	0.5
