unsolidarisch	neg 1.0		off 0.4437557680950372 neg 0.4304972749610952 __DUMMY__ 0.12574695694386773	false	0.5
nachteilig	neg 1.0		off 0.44290970759000753 neg 0.4310776758524579 __DUMMY__ 0.12601261655753473	false	0.5
skeptisch	neg 1.0		off 0.44376842841653424 neg 0.43020355345833605 __DUMMY__ 0.12602801812512965	false	0.5
schrecklich	neg 1.0		off 0.44849323646304956 neg 0.42581794789889466 __DUMMY__ 0.12568881563805576	false	0.5
schlapp	neg 1.0		off 0.44874108519880895 neg 0.4255076751220164 __DUMMY__ 0.12575123967917465	false	0.5
abfall	neg 1.0		off 0.44303242155806993 neg 0.43081181398739954 __DUMMY__ 0.12615576445453058	false	0.5
widerspenstig	neg 1.0		off 0.4460077100524221 neg 0.42816590267592824 __DUMMY__ 0.1258263872716496	false	0.5
abrupt	neg 1.0		off 0.44476556645402243 neg 0.4291159445190821 __DUMMY__ 0.12611848902689546	false	0.5
unwirksam	neg 1.0		off 0.43803772549294856 neg 0.4359572452466897 __DUMMY__ 0.12600502926036167	false	0.5
angreifen	neg 1.0		off 0.4437555982097575 neg 0.4302558789264549 __DUMMY__ 0.12598852286378753	false	0.5
inkonsistent	neg 1.0		off 0.4459157473807954 neg 0.4280413756704214 __DUMMY__ 0.12604287694878316	false	0.5
abrutschen	neg 1.0		off 0.443760539074755 neg 0.4302334144643603 __DUMMY__ 0.12600604646088467	false	0.5
unsicher	neg 1.0		off 0.44583725924710577 neg 0.42821295678373344 __DUMMY__ 0.12594978396916076	false	0.5
bauernkind	off 1.0		off 0.4524605393055416 neg 0.4222307249093134 __DUMMY__ 0.12530873578514504	false	1.0
angreifer	neg 1.0		off 0.4409090495730807 neg 0.4331774457105929 __DUMMY__ 0.1259135047163263	false	0.5
trennen	neg 1.0		off 0.444891861322076 neg 0.4289157548702998 __DUMMY__ 0.12619238380762413	false	0.5
schmutz	neg 1.0		off 0.44121441858565763 neg 0.4327032712914528 __DUMMY__ 0.12608231012288945	false	0.5
inkonsistenz	neg 1.0		off 0.44654546242613385 neg 0.4276101419963394 __DUMMY__ 0.1258443955775268	false	0.5
erschreckend	neg 1.0		off 0.44456532657112263 neg 0.429468126942903 __DUMMY__ 0.12596654648597438	false	0.5
ertrinken	neg 1.0		off 0.4449907195209677 neg 0.42919152957620255 __DUMMY__ 0.12581775090282976	false	0.5
pickelface	off 1.0		off 0.4568205644593594 neg 0.41828371728765434 __DUMMY__ 0.12489571825298622	false	1.0
lauch	neg 1.0		off 0.4539706210429545 neg 0.4208869284962151 __DUMMY__ 0.12514245046083028	false	0.5
steuerhinterziehung	neg 1.0		off 0.44066790879214623 neg 0.4334427743750862 __DUMMY__ 0.1258893168327674	false	0.5
unwichtig	neg 1.0		off 0.4466504514248478 neg 0.427474353984085 __DUMMY__ 0.12587519459106705	false	0.5
schock	neg 1.0		off 0.445941940720732 neg 0.42798607600265876 __DUMMY__ 0.12607198327660935	false	0.5
vergelten	neg 1.0		off 0.4429973653275549 neg 0.4314552202240454 __DUMMY__ 0.12554741444839962	false	0.5
beule	neg 1.0		off 0.44944577990666473 neg 0.4248935914525188 __DUMMY__ 0.1256606286408164	false	0.5
verdorbenheit	neg 1.0		off 0.444058853418428 neg 0.42932293507199754 __DUMMY__ 0.12661821150957453	false	0.5
trauma			off 0.46494737094285155 neg 0.4221120001071638 __DUMMY__ 0.11294062894998465	false	0.0
sinnlos	neg 1.0		off 0.4465604432473808 neg 0.4275851003908241 __DUMMY__ 0.1258544563617951	false	0.5
fettsack	off 1.0		off 0.4521221844266771 neg 0.4224074842142862 __DUMMY__ 0.12547033135903687	false	1.0
feige	off 1.0		off 0.44661030513059746 neg 0.42747010608255975 __DUMMY__ 0.12591958878684284	false	1.0
abdanken	neg 1.0		off 0.4439340804717683 neg 0.4302014635884376 __DUMMY__ 0.12586445593979395	false	0.5
wichtigtuer	off 1.0	off 1.0	off 0.7105055984792265 neg 0.22965802392897505 __DUMMY__ 0.0598363775917984	false	1.0
misslingen	neg 1.0		off 0.445873831286695 neg 0.428344815796547 __DUMMY__ 0.12578135291675788	false	0.5
untreu	off 1.0		off 0.44670943144425124 neg 0.42738542093330817 __DUMMY__ 0.12590514762244062	false	1.0
missmutig	neg 1.0		off 0.4459700872314917 neg 0.42804656202195623 __DUMMY__ 0.12598335074655204	false	0.5
hurenbock	off 1.0		off 0.45207005307678755 neg 0.42279019201597645 __DUMMY__ 0.12513975490723592	false	1.0
betrunken	neg 1.0		off 0.4485532131649113 neg 0.425790689103919 __DUMMY__ 0.1256560977311697	false	0.5
korrupt	off 1.0		off 0.4437110353883783 neg 0.4304556083530072 __DUMMY__ 0.12583335625861441	false	1.0
unmut	neg 1.0		off 0.44240143462845233 neg 0.43156367276513685 __DUMMY__ 0.12603489260641085	false	0.5
hackfresse	off 1.0		off 0.449398234121308 neg 0.4250359424111358 __DUMMY__ 0.12556582346755626	false	1.0
aufblasen	neg 1.0		off 0.4465877562762144 neg 0.4275348942492471 __DUMMY__ 0.1258773494745383	false	0.5
gewaltsam	neg 1.0		off 0.44163553676598855 neg 0.4323974245516658 __DUMMY__ 0.1259670386823456	false	0.5
unbeliebtheit	neg 1.0		off 0.44071081834876774 neg 0.43329863621113995 __DUMMY__ 0.1259905454400923	false	0.5
sturheit	neg 1.0		off 0.44381046038919975 neg 0.43025018614516036 __DUMMY__ 0.12593935346563986	false	0.5
kuh	neg 1.0		off 0.4527698738509259 neg 0.42186677037866355 __DUMMY__ 0.12536335577041063	false	0.5
erschrecken	neg 1.0		off 0.44708911563963877 neg 0.4270856635383113 __DUMMY__ 0.12582522082204983	false	0.5
opfer	neg 1.0		off 0.4443272328276805 neg 0.4296719937692794 __DUMMY__ 0.1260007734030402	false	0.5
stinktier	neg 1.0		off 0.4524148440610386 neg 0.4222411955504799 __DUMMY__ 0.12534396038848145	false	0.5
sinken	neg 1.0		off 0.44076039104739506 neg 0.432896500415131 __DUMMY__ 0.12634310853747385	false	0.5
tucke	off 1.0		off 0.4514178133416229 neg 0.4233556178262629 __DUMMY__ 0.12522656883211422	false	1.0
abstieg	neg 1.0		off 0.4422687438824573 neg 0.43161807353581627 __DUMMY__ 0.12611318258172646	false	0.5
missverstehen	neg 1.0		off 0.44592945381716403 neg 0.42813326135584273 __DUMMY__ 0.12593728482699315	false	0.5
ergebnislos	neg 1.0		off 0.4403104333553128 neg 0.43353435777981625 __DUMMY__ 0.12615520886487103	false	0.5
manipulieren	neg 1.0		off 0.4439515146078338 neg 0.43021629882584195 __DUMMY__ 0.1258321865663242	false	0.5
verschleppen	neg 1.0		off 0.44084552474037364 neg 0.4331362507186824 __DUMMY__ 0.12601822454094405	false	0.5
unbewiesen	neg 1.0		off 0.44235307184061984 neg 0.43165459856000016 __DUMMY__ 0.12599232959938012	false	0.5
weib	off 1.0		off 0.4513625837000026 neg 0.42325287541997497 __DUMMY__ 0.12538454088002252	false	1.0
opposition	neg 1.0		off 0.43893103180841525 neg 0.4354142423324103 __DUMMY__ 0.12565472585917453	false	0.5
verkehrswidrig	neg 1.0		off 0.44093076734851216 neg 0.43348486681944337 __DUMMY__ 0.1255843658320444	false	0.5
inkorrekt	neg 1.0		off 0.44643346969902575 neg 0.427701542716882 __DUMMY__ 0.1258649875840924	false	0.5
vermeiden	neg 1.0		off 0.4422023140783815 neg 0.4316503495275273 __DUMMY__ 0.12614733639409123	false	0.5
abweichung	neg 1.0		off 0.4418747919777886 neg 0.4320020353621163 __DUMMY__ 0.12612317266009526	false	0.5
alkoholisiert	neg 1.0		off 0.4445208317985273 neg 0.4295340911500569 __DUMMY__ 0.12594507705141572	false	0.5
scheiss	off 1.0	off 1.0	off 0.7121408275600851 neg 0.22800501819975957 __DUMMY__ 0.05985415424015533	false	1.0
herausforderung	neg 1.0		off 0.4429641881822573 neg 0.43082414326838475 __DUMMY__ 0.12621166854935795	false	0.5
pervers	off 1.0		off 0.4511553260623332 neg 0.42352035135625316 __DUMMY__ 0.1253243225814137	false	1.0
wackelig	neg 1.0		off 0.44620712444364785 neg 0.427877477850166 __DUMMY__ 0.12591539770618604	false	0.5
verwickeln	neg 1.0		off 0.44568374752229917 neg 0.4283293615207796 __DUMMY__ 0.12598689095692125	false	0.5
vorwand	neg 1.0		off 0.443846545089259 neg 0.4302655522896641 __DUMMY__ 0.12588790262107677	false	0.5
muschi	off 1.0		off 0.4562616767479095 neg 0.4188412257061067 __DUMMY__ 0.12489709754598376	false	1.0
entmutigung	neg 1.0		off 0.44121066791618047 neg 0.43289792076298883 __DUMMY__ 0.12589141132083076	false	0.5
unstetig	neg 1.0		off 0.44432081982491506 neg 0.4297647278934528 __DUMMY__ 0.12591445228163203	false	0.5
unangemessen	neg 1.0		off 0.4441403185948331 neg 0.42991255226791325 __DUMMY__ 0.12594712913725375	false	0.5
entmutigen	neg 1.0		off 0.4460209781794567 neg 0.42802836246974113 __DUMMY__ 0.12595065935080207	false	0.5
schwanz	neg 1.0		off 0.45402492849922227 neg 0.4212240348814373 __DUMMY__ 0.12475103661934044	false	0.5
verbot	neg 1.0		off 0.44134152449683434 neg 0.43274980422546516 __DUMMY__ 0.12590867127770064	false	0.5
leid	neg 1.0		off 0.4489699496839926 neg 0.42534616951703047 __DUMMY__ 0.12568388079897702	false	0.5
archaisch	neg 1.0		off 0.44428151196428384 neg 0.4298119213193856 __DUMMY__ 0.12590656671633046	false	0.5
scheidung	neg 1.0		off 0.43911495597850597 neg 0.4347667752907108 __DUMMY__ 0.12611826873078336	false	0.5
abgestanden	neg 1.0		off 0.44787980561541224 neg 0.4261395603533743 __DUMMY__ 0.12598063403121354	false	0.5
einschlag	neg 1.0		off 0.4416848613632669 neg 0.4322742079438667 __DUMMY__ 0.12604093069286643	false	0.5
schmierig	off 1.0		off 0.4485613955840182 neg 0.4257016590467107 __DUMMY__ 0.12573694536927124	false	1.0
unpraktisch	neg 1.0		off 0.44760418531918733 neg 0.4265909407092407 __DUMMY__ 0.12580487397157197	false	0.5
wixxer	off 1.0		off 0.45239370269185963 neg 0.4221877979054064 __DUMMY__ 0.12541849940273392	false	1.0
jammerlappen	off 1.0		off 0.4466658848034311 neg 0.4274736035698921 __DUMMY__ 0.1258605116266768	false	1.0
farce	neg 1.0		off 0.4414192942246395 neg 0.4326271867761068 __DUMMY__ 0.1259535189992537	false	0.5
zwecklos	neg 1.0		off 0.4443221257089889 neg 0.42967867848291935 __DUMMY__ 0.12599919580809182	false	0.5
turbulent	neg 1.0		off 0.4435842024995491 neg 0.4306976936183694 __DUMMY__ 0.12571810388208146	false	0.5
schuld	neg 1.0		off 0.4457859274073847 neg 0.4283790009639324 __DUMMY__ 0.12583507162868304	false	0.5
risiko	neg 1.0		off 0.4399132081753946 neg 0.43369900233260605 __DUMMY__ 0.12638778949199944	false	0.5
invasion	neg 1.0		neg 0.44805535256477513 off 0.4288575095832842 __DUMMY__ 0.12308713785194074	false	1.0
finster	neg 1.0		off 0.4481008348455606 neg 0.42597513164866735 __DUMMY__ 0.125924033505772	false	0.5
geisteskrank	off 1.0		off 0.4466210699145138 neg 0.42746061312998523 __DUMMY__ 0.1259183169555011	false	1.0
ausbeute	neg 1.0		off 0.4449782631536443 neg 0.42851042305467785 __DUMMY__ 0.1265113137916777	false	0.5
zusammenbrechen	neg 1.0		off 0.4450943776968647 neg 0.42904269237468884 __DUMMY__ 0.12586292992844636	false	0.5
hinterhalt	neg 1.0		off 0.44420177967943814 neg 0.42982660728728844 __DUMMY__ 0.1259716130332734	false	0.5
kritik	neg 1.0		off 0.44168965990881304 neg 0.43239029880757845 __DUMMY__ 0.1259200412836085	false	0.5
einschrumpfen	neg 1.0		off 0.4409176592693865 neg 0.4341220602380055 __DUMMY__ 0.12496028049260813	false	0.5
riskant	neg 1.0		off 0.44433303092378 neg 0.4296902831979086 __DUMMY__ 0.12597668587831146	false	0.5
frustrieren	neg 1.0		off 0.44479532686858914 neg 0.4291991684377177 __DUMMY__ 0.1260055046936932	false	0.5
groll	neg 1.0		off 0.4440960480046225 neg 0.42989022667403515 __DUMMY__ 0.12601372532134233	false	0.5
qualvoll	neg 1.0		off 0.4465788491317994 neg 0.4276839448716471 __DUMMY__ 0.12573720599655352	false	0.5
wackeln	neg 1.0		off 0.4462160168421929 neg 0.42778378735586603 __DUMMY__ 0.12600019580194108	false	0.5
klagen	neg 1.0		off 0.442045166346265 neg 0.4320037473618469 __DUMMY__ 0.12595108629188803	false	0.5
trauern	neg 1.0		off 0.4445572590393184 neg 0.4294995530760485 __DUMMY__ 0.1259431878846331	false	0.5
ablehnung	neg 1.0		off 0.4412286319529786 neg 0.4327818635340745 __DUMMY__ 0.1259895045129469	false	0.5
bankrott	neg 1.0		neg 0.4381237629766488 off 0.4364058154185533 __DUMMY__ 0.125470421604798	false	1.0
stur	neg 1.0		off 0.4453793386788254 neg 0.42878520559578676 __DUMMY__ 0.12583545572538782	false	0.5
aufruhr	neg 1.0		off 0.44017675142465523 neg 0.4336050369189557 __DUMMY__ 0.12621821165638916	false	0.5
melancholie	neg 1.0		off 0.4472840225508409 neg 0.4268242232225047 __DUMMY__ 0.12589175422665447	false	0.5
torheit	neg 1.0		off 0.4435393766707074 neg 0.4305164102479966 __DUMMY__ 0.12594421308129594	false	0.5
dreckskind	off 1.0		off 0.4548672344239263 neg 0.4199980370222469 __DUMMY__ 0.12513472855382687	false	1.0
umtauschen	neg 1.0		off 0.44750296152657304 neg 0.42675674699350674 __DUMMY__ 0.12574029147992016	false	0.5
zersetzen	neg 1.0		off 0.44315289637927674 neg 0.4308685684087155 __DUMMY__ 0.12597853521200783	false	0.5
frust	neg 1.0		off 0.44499107205020194 neg 0.4291214902488575 __DUMMY__ 0.12588743770094057	false	0.5
unerbittlichkeit	neg 1.0		off 0.44320958526954335 neg 0.43080410742065894 __DUMMY__ 0.12598630730979776	false	0.5
unkorrekt	neg 1.0		off 0.4467905394344595 neg 0.4275058424047194 __DUMMY__ 0.12570361816082107	false	0.5
hexe	off 1.0		off 0.4497365978547455 neg 0.4243238911014056 __DUMMY__ 0.125939511043849	false	1.0
lasch	neg 1.0		off 0.445572274587011 neg 0.4285131632546157 __DUMMY__ 0.12591456215837335	false	0.5
rivale	neg 1.0		off 0.43982308238467444 neg 0.4344485969639363 __DUMMY__ 0.1257283206513891	false	0.5
mutlos	off 1.0		off 0.44367140038302005 neg 0.4303432478312922 __DUMMY__ 0.12598535178568768	false	1.0
wirr	off 1.0		off 0.44857025053566824 neg 0.42595955101976135 __DUMMY__ 0.12547019844457058	false	1.0
strafbar	neg 1.0		off 0.44403292488027524 neg 0.42997287258175476 __DUMMY__ 0.12599420253796992	false	0.5
erosion	neg 1.0	neg 1.0	neg 0.6999167585028405 off 0.23859735345094224 __DUMMY__ 0.06148588804621717	false	1.0
eingehen	neg 1.0		off 0.44437854122101195 neg 0.4296516955177954 __DUMMY__ 0.12596976326119264	false	0.5
faul	off 1.0		off 0.44877551540114546 neg 0.42560349529921737 __DUMMY__ 0.1256209892996371	false	1.0
provisorium	neg 1.0		off 0.4433177383774772 neg 0.430548435721588 __DUMMY__ 0.12613382590093472	false	0.5
schmerzen	neg 1.0		off 0.4472946816993029 neg 0.4270581399653911 __DUMMY__ 0.12564717833530598	false	0.5
schrumpfen	neg 1.0		off 0.44200881146964666 neg 0.43184399711286603 __DUMMY__ 0.1261471914174873	false	0.5
geistlos	off 1.0		off 0.44524631656194275 neg 0.42886018668122033 __DUMMY__ 0.12589349675683695	false	1.0
frustrierend	neg 1.0		off 0.4469587052464543 neg 0.42710188824743356 __DUMMY__ 0.12593940650611213	false	0.5
fehlkauf	neg 1.0		off 0.44489312895389077 neg 0.4288300573920695 __DUMMY__ 0.12627681365403964	false	0.5
unzufrieden	neg 1.0		off 0.44432441241595255 neg 0.4296625289847684 __DUMMY__ 0.12601305859927905	false	0.5
verzweifeln	neg 1.0		off 0.4454157619246545 neg 0.4286629774494079 __DUMMY__ 0.12592126062593756	false	0.5
verzweifelt	neg 1.0		off 0.44611449594509733 neg 0.4279330043473472 __DUMMY__ 0.12595249970755557	false	0.5
misstrauensantrag	neg 1.0		off 0.43936292877518524 neg 0.43505700264446256 __DUMMY__ 0.1255800685803522	false	0.5
abfallen	neg 1.0		off 0.44756667688027113 neg 0.42669491678528115 __DUMMY__ 0.12573840633444755	false	0.5
fucker	off 1.0		off 0.4218348868193678 __DUMMY__ 0.3090079864632696 neg 0.2691571267173625	false	1.0
ungezogen	neg 1.0		off 0.44957589901733 neg 0.42486584899575147 __DUMMY__ 0.12555825198691856	false	0.5
irrsinnig	neg 1.0		off 0.4461196690909287 neg 0.42799640141976053 __DUMMY__ 0.12588392948931076	false	0.5
hart	neg 1.0		off 0.4531737998294706 neg 0.421776776491385 __DUMMY__ 0.12504942367914446	false	0.5
unfassbar	neg 1.0		off 0.44679140180447663 neg 0.4272020797632897 __DUMMY__ 0.12600651843223368	false	0.5
widerlich	off 1.0		off 0.4470085014190869 neg 0.42719951446536886 __DUMMY__ 0.12579198411554435	false	1.0
fatal			off 0.43491290416653655 neg 0.41997401088939107 __DUMMY__ 0.14511308494407246	false	0.0
bruch	neg 1.0		off 0.4429820389701397 neg 0.43090985800778 __DUMMY__ 0.12610810302208028	false	0.5
aushungern	neg 1.0		off 0.441934159677266 neg 0.4322476187840658 __DUMMY__ 0.12581822153866815	false	0.5
anspannung	neg 1.0		off 0.4440531530147545 neg 0.4298682746230438 __DUMMY__ 0.12607857236220163	false	0.5
kraftlos	neg 1.0		off 0.4452715320814991 neg 0.42875174335982913 __DUMMY__ 0.12597672455867168	false	0.5
grenzdebil	off 1.0		off 0.44757390798140595 neg 0.4266802959963015 __DUMMY__ 0.12574579602229244	false	1.0
unterwerfen	neg 1.0		off 0.44410474404344724 neg 0.4299387875604792 __DUMMY__ 0.1259564683960735	false	0.5
versenkung	neg 1.0		off 0.4442802298278909 neg 0.4296880346101176 __DUMMY__ 0.12603173556199151	false	0.5
entziehen	neg 1.0		off 0.4434350348538879 neg 0.43052106863173584 __DUMMY__ 0.1260438965143764	false	0.5
finanzkrise	neg 1.0		off 0.43862579146259284 neg 0.43531700630845105 __DUMMY__ 0.126057202228956	false	0.5
schimpfend	neg 1.0		off 0.44702358004177417 neg 0.42725798244201646 __DUMMY__ 0.12571843751620945	false	0.5
profan	neg 1.0		off 0.4464681396411432 neg 0.42761097574969836 __DUMMY__ 0.12592088460915857	false	0.5
korruption	neg 1.0		off 0.44086455786839623 neg 0.4332034711081362 __DUMMY__ 0.1259319710234675	false	0.5
schmutzig	neg 1.0		off 0.4477991425649755 neg 0.42645098248486313 __DUMMY__ 0.12574987495016143	false	0.5
abraten	neg 1.0		off 0.4469862931517097 neg 0.42712770446384224 __DUMMY__ 0.12588600238444808	false	0.5
sexy	neg 1.0		off 0.4579861039205357 neg 0.42782302455723314 __DUMMY__ 0.11419087152223123	false	0.5
fotze	off 1.0		off 0.4579893228302848 neg 0.4174416939856595 __DUMMY__ 0.12456898318405568	false	1.0
schwarz	neg 1.0		off 0.4451950395946007 neg 0.4290787997332384 __DUMMY__ 0.12572616067216089	false	0.5
verwirren	neg 1.0		off 0.4469037925825431 neg 0.42725318320499045 __DUMMY__ 0.12584302421246632	false	0.5
zahnlos	off 1.0		off 0.4444181054745088 neg 0.4295094224219624 __DUMMY__ 0.12607247210352882	false	1.0
verheeren	neg 1.0		off 0.438201928607496 neg 0.4359253071046727 __DUMMY__ 0.1258727642878314	false	0.5
rammen	neg 1.0		off 0.4479773844612165 neg 0.42624429880650117 __DUMMY__ 0.12577831673228218	false	0.5
unlauter	neg 1.0		off 0.44063950341593516 neg 0.4335625718674172 __DUMMY__ 0.12579792471664764	false	0.5
unheilvoll	neg 1.0		off 0.4462343495402706 neg 0.42805444745151816 __DUMMY__ 0.12571120300821131	false	0.5
niedrig	neg 1.0		off 0.4413042747491613 neg 0.43221748030995916 __DUMMY__ 0.12647824494087961	false	0.5
weichei	off 1.0		off 0.44952103579251046 neg 0.42483803794053343 __DUMMY__ 0.12564092626695603	false	1.0
explosion	neg 1.0		neg 0.4413113740571042 off 0.4338320745823532 __DUMMY__ 0.12485655136054276	false	1.0
minusmensch	off 1.0		off 0.454326718508486 neg 0.42029118854944636 __DUMMY__ 0.1253820929420677	false	1.0
farblos	neg 1.0		off 0.445723317105603 neg 0.4279250405206352 __DUMMY__ 0.12635164237376176	false	0.5
unwissend	neg 1.0		off 0.44699195626654875 neg 0.42717695691543367 __DUMMY__ 0.12583108681801766	false	0.5
traurig	neg 1.0		off 0.44808442994676345 neg 0.4261508770586276 __DUMMY__ 0.12576469299460896	false	0.5
senkung	neg 1.0		neg 0.4379794186673961 off 0.4362723172829977 __DUMMY__ 0.1257482640496062	false	1.0
ungleich	neg 1.0		off 0.4438510948455812 neg 0.4301906929133349 __DUMMY__ 0.12595821224108397	false	0.5
heikel	neg 1.0		off 0.44405384377122453 neg 0.43002141631842505 __DUMMY__ 0.12592473991035033	false	0.5
drosselung	neg 1.0		off 0.43733706293427005 neg 0.4367625434739104 __DUMMY__ 0.1259003935918195	false	0.5
falsch	neg 1.0		off 0.44691744223382235 neg 0.42724468728919224 __DUMMY__ 0.12583787047698547	false	0.5
unzufriedenheit	neg 1.0		off 0.44317268416679056 neg 0.43083839276676833 __DUMMY__ 0.12598892306644116	false	0.5
kurz	neg 1.0		off 0.44661486375179904 neg 0.42743129995380647 __DUMMY__ 0.12595383629439458	false	0.5
unsinnig	neg 1.0		off 0.44469923413895857 neg 0.4294358249792451 __DUMMY__ 0.1258649408817963	false	0.5
penner	off 1.0		off 0.4492045133829567 neg 0.4251665938673295 __DUMMY__ 0.12562889274971376	false	1.0
seicht	neg 1.0		off 0.4476697588248191 neg 0.426462590298044 __DUMMY__ 0.1258676508771369	false	0.5
dummheit	off 1.0		off 0.4456233045001857 neg 0.42852377768218225 __DUMMY__ 0.12585291781763203	false	1.0
unerfreulich	neg 1.0		off 0.4439950682538431 neg 0.4299993499042775 __DUMMY__ 0.12600558184187935	false	0.5
pikiert	neg 1.0		off 0.4467768763366468 neg 0.4273636320764786 __DUMMY__ 0.12585949158687454	false	0.5
motherfucker	off 1.0		off 0.4225723797777184 __DUMMY__ 0.29018161357869654 neg 0.2872460066435852	false	1.0
wrack	neg 1.0		off 0.4442742982701871 neg 0.42967063392687393 __DUMMY__ 0.1260550678029389	false	0.5
gangster	neg 1.0		off 0.43990955887926514 neg 0.34393341931491783 __DUMMY__ 0.21615702180581695	false	0.5
krank	neg 1.0		off 0.44845622227736864 neg 0.42580129110082776 __DUMMY__ 0.12574248662180357	false	0.5
reich	neg 1.0		off 0.4441375416040163 neg 0.429794834416251 __DUMMY__ 0.12606762397973262	false	0.5
gnadenlos	neg 1.0		off 0.44603808232503644 neg 0.4280055357052908 __DUMMY__ 0.1259563819696728	false	0.5
niedergeschlagen	neg 1.0		off 0.44520418070876433 neg 0.4288368691895842 __DUMMY__ 0.12595895010165156	false	0.5
terrorisieren	off 1.0	off 1.0	off 0.7096526040310214 neg 0.23038501196733746 __DUMMY__ 0.0599623840016411	false	1.0
sinnlosigkeit	neg 1.0		off 0.4445208075554153 neg 0.42955857527751984 __DUMMY__ 0.12592061716706485	false	0.5
behindern	neg 1.0		off 0.441026972861353 neg 0.4331030304496002 __DUMMY__ 0.12586999668904691	false	0.5
undemokratisch	neg 1.0		off 0.44277118701444235 neg 0.4315386451279398 __DUMMY__ 0.12569016785761788	false	0.5
wirtschaftskrise	neg 1.0		off 0.4395311063028673 neg 0.43431374499602426 __DUMMY__ 0.1261551487011083	false	0.5
neid	neg 1.0		off 0.44693219263384165 neg 0.42706147516467813 __DUMMY__ 0.12600633220148028	false	0.5
rutschen	neg 1.0		off 0.4452304777452004 neg 0.42861201617381106 __DUMMY__ 0.12615750608098855	false	0.5
rezession	neg 1.0		off 0.4377337084671124 neg 0.4360900115595607 __DUMMY__ 0.12617627997332692	false	0.5
fehlgeburt	neg 1.0		off 0.44700376735052 neg 0.42737194707939635 __DUMMY__ 0.12562428557008373	false	0.5
charakterschwach	off 1.0		off 0.44652173058738787 neg 0.4276345963446536 __DUMMY__ 0.12584367306795863	false	1.0
isolation	neg 1.0		neg 0.44465171509253354 off 0.43113906546520336 __DUMMY__ 0.12420921944226293	false	1.0
ablenkung	neg 1.0		off 0.4460685931038299 neg 0.42805041237157493 __DUMMY__ 0.1258809945245952	false	0.5
pech	neg 1.0		off 0.44795969376360734 neg 0.42614943403439365 __DUMMY__ 0.12589087220199902	false	0.5
dominieren	neg 1.0		off 0.44058147122105007 neg 0.4330725967657373 __DUMMY__ 0.12634593201321262	false	0.5
vermeidung	neg 1.0		neg 0.4381206830516025 off 0.4362500341116661 __DUMMY__ 0.12562928283673133	false	1.0
schwindlig	neg 1.0		off 0.4491001689438274 neg 0.4252480677476931 __DUMMY__ 0.12565176330847955	false	0.5
lutscher	neg 1.0		off 0.45264021382077396 neg 0.4220202191926259 __DUMMY__ 0.1253395669866003	false	0.5
pflicht	neg 1.0		off 0.4437959070882494 neg 0.4301661060520238 __DUMMY__ 0.12603798685972684	false	0.5
faschist	off 1.0		off 0.4451956485314957 neg 0.4290011965067796 __DUMMY__ 0.12580315496172473	false	1.0
verschleudern	neg 1.0		off 0.4413492291181767 neg 0.4326109293468011 __DUMMY__ 0.12603984153502218	false	0.5
ehebruch	neg 1.0		off 0.44442001209272414 neg 0.4296099504175166 __DUMMY__ 0.12597003748975916	false	0.5
trostlosigkeit	neg 1.0		off 0.44348859718859734 neg 0.43051904699686083 __DUMMY__ 0.12599235581454188	false	0.5
lutschen	neg 1.0		off 0.4531133101906957 neg 0.421940113049184 __DUMMY__ 0.1249465767601204	false	0.5
spott	off 1.0		off 0.4437755553656329 neg 0.430255119663285 __DUMMY__ 0.12596932497108207	false	1.0
undiszipliniert	neg 1.0		off 0.4480332251976331 neg 0.4262654008185015 __DUMMY__ 0.12570137398386533	false	0.5
kopfschmerz	neg 1.0		off 0.44685013276050634 neg 0.4275196626485237 __DUMMY__ 0.12563020459096993	false	0.5
unvorhergesehen	neg 1.0		off 0.44574381914661987 neg 0.42823894608952306 __DUMMY__ 0.12601723476385704	false	0.5
desinteressiert	neg 1.0		off 0.44785283846979035 neg 0.42635121247252805 __DUMMY__ 0.12579594905768163	false	0.5
armselig	off 1.0		off 0.4466136139280665 neg 0.4274408056094976 __DUMMY__ 0.1259455804624359	false	1.0
tod	neg 1.0		off 0.44361415484769556 neg 0.4303593953190009 __DUMMY__ 0.1260264498333035	false	0.5
desaster	neg 1.0		off 0.4421041113758929 neg 0.431821875681321 __DUMMY__ 0.1260740129427862	false	0.5
herzlos	neg 1.0		off 0.4478571497472072 neg 0.4263342437717398 __DUMMY__ 0.12580860648105302	false	0.5
unwissenheit	neg 1.0		off 0.4437592264778215 neg 0.4303856819971333 __DUMMY__ 0.12585509152504512	false	0.5
widersinnig	neg 1.0		off 0.4425428018742397 neg 0.43158081989377195 __DUMMY__ 0.12587637823198827	false	0.5
bedenklich	neg 1.0		off 0.4440205544133073 neg 0.4300467623490075 __DUMMY__ 0.1259326832376852	false	0.5
beanstanden	neg 1.0		off 0.4433032706117333 neg 0.4306489899355202 __DUMMY__ 0.12604773945274647	false	0.5
panisch	neg 1.0		off 0.44714227403503953 neg 0.4271089989150616 __DUMMY__ 0.12574872704989892	false	0.5
abstrich	neg 1.0		off 0.44672619751984083 neg 0.4277402442885696 __DUMMY__ 0.12553355819158962	false	0.5
debil	off 1.0		off 0.4592912424482265 neg 0.4167519765216217 __DUMMY__ 0.12395678103015162	false	1.0
primitiv	neg 1.0		off 0.4469716985088464 neg 0.4270605132382298 __DUMMY__ 0.12596778825292382	false	0.5
abschaum	off 1.0		off 0.4462965606587038 neg 0.42783114029640745 __DUMMY__ 0.12587229904488878	false	1.0
tot	neg 1.0		off 0.4473293258093693 neg 0.4269597822888502 __DUMMY__ 0.12571089190178056	false	0.5
provozieren	neg 1.0		off 0.4455623483290636 neg 0.4285382740101011 __DUMMY__ 0.12589937766083525	false	0.5
instabil	neg 1.0		off 0.4450024262392372 neg 0.4288620258964368 __DUMMY__ 0.1261355478643259	false	0.5
schwuchtel	off 1.0		off 0.4532364715758352 neg 0.421584202259281 __DUMMY__ 0.12517932616488378	false	1.0
zerren	neg 1.0		off 0.44539343354983896 neg 0.42870939123598256 __DUMMY__ 0.12589717521417845	false	0.5
kinderficker	off 1.0		off 0.44678661693325705 neg 0.4275446311646939 __DUMMY__ 0.12566875190204915	false	1.0
gefahr	neg 1.0		off 0.4408377334688171 neg 0.4329934817465368 __DUMMY__ 0.12616878478464608	false	0.5
rabiat	neg 1.0		off 0.4455791965780061 neg 0.4284309253387613 __DUMMY__ 0.12598987808323256	false	0.5
verlangsamung	neg 1.0		off 0.43908918505030625 neg 0.4345014892276682 __DUMMY__ 0.12640932572202565	false	0.5
anklagen	neg 1.0		off 0.44083107814178557 neg 0.43327124042905363 __DUMMY__ 0.12589768142916094	false	0.5
ausgestorben	neg 1.0		off 0.4451042437030678 neg 0.4288156587413326 __DUMMY__ 0.12608009755559957	false	0.5
verminderung	neg 1.0		neg 0.43824283757612376 off 0.43600873882691027 __DUMMY__ 0.12574842359696603	false	1.0
rost	neg 1.0		off 0.44248991790752784 neg 0.4307793034262481 __DUMMY__ 0.1267307786662241	false	0.5
destruktiv	neg 1.0		off 0.4444786402271595 neg 0.42962068355713273 __DUMMY__ 0.12590067621570786	false	0.5
unzumutbarkeit	neg 1.0		off 0.4408088268631497 neg 0.433178416861509 __DUMMY__ 0.1260127562753413	false	0.5
labil	off 1.0	off 1.0	off 0.7887173976789341 neg 0.1623702956992356 __DUMMY__ 0.04891230662183027	false	1.0
ziemlich	neg 1.0		off 0.447945428327075 neg 0.42624435666044064 __DUMMY__ 0.12581021501248427	false	0.5
lachnummer	off 1.0		off 0.44456434923635346 neg 0.42944980205709554 __DUMMY__ 0.1259858487065511	false	1.0
ausgrenzung	neg 1.0		off 0.4414616863372549 neg 0.43265966471632805 __DUMMY__ 0.12587864894641707	false	0.5
verfall	neg 1.0		off 0.4420820618587166 neg 0.4318820350835827 __DUMMY__ 0.1260359030577008	false	0.5
unordnung	neg 1.0	neg 1.0	neg 0.6984099144927381 off 0.2410678127790268 __DUMMY__ 0.060522272728234995	false	1.0
fehlverhalten	neg 1.0		off 0.4431379826936152 neg 0.43090230518527506 __DUMMY__ 0.12595971212110976	false	0.5
nille	neg 1.0		off 0.46032334690801924 neg 0.4155597521569383 __DUMMY__ 0.12411690093504253	false	0.5
qual	neg 1.0		off 0.44732591299787244 neg 0.43794248822411064 __DUMMY__ 0.1147315987780169	false	0.5
riesig	neg 1.0		off 0.45157036345791984 neg 0.422619830219877 __DUMMY__ 0.12580980632220312	false	0.5
verschwenden	neg 1.0		off 0.4446644279973431 neg 0.4294111625951811 __DUMMY__ 0.1259244094074759	false	0.5
verurteilen	neg 1.0		off 0.443746655743872 neg 0.4303733941000025 __DUMMY__ 0.1258799501561255	false	0.5
klischee	neg 1.0		off 0.4464207906491138 neg 0.4276498757430788 __DUMMY__ 0.1259293336078075	false	0.5
diktatorisch	neg 1.0		off 0.44320638905153265 neg 0.43107099468235505 __DUMMY__ 0.12572261626611234	false	0.5
vorhersehbar	neg 1.0		off 0.44582796515843254 neg 0.428156515920677 __DUMMY__ 0.12601551892089044	false	0.5
stornieren	neg 1.0		off 0.4437612445326012 neg 0.4303490329804898 __DUMMY__ 0.12588972248690902	false	0.5
besteuerung	neg 1.0		off 0.43715759703773 neg 0.43686161962957964 __DUMMY__ 0.1259807833326904	false	0.5
ungeschminkt	neg 1.0		off 0.4514435064088646 neg 0.42329283140784857 __DUMMY__ 0.12526366218328677	false	0.5
kritisch	neg 1.0		off 0.44373979069007685 neg 0.4302874881798958 __DUMMY__ 0.12597272113002742	false	0.5
schlamperei	off 1.0		off 0.44112650508958773 neg 0.4328697494995753 __DUMMY__ 0.12600374541083698	false	1.0
sucht	neg 1.0		off 0.44486719600117225 neg 0.428583390752157 __DUMMY__ 0.12654941324667077	false	0.5
egoistisch	off 1.0		off 0.4480773733058411 neg 0.4262683609472403 __DUMMY__ 0.1256542657469186	false	1.0
ausbeuter	off 1.0		off 0.4432492335362287 neg 0.43079220230468546 __DUMMY__ 0.12595856415908582	false	1.0
arschgeburt			off 0.45424199655909264 neg 0.42072224049739926 __DUMMY__ 0.12503576294350813	false	0.0
schubs	neg 1.0		off 0.44829175770441126 neg 0.42615946471080607 __DUMMY__ 0.12554877758478278	false	0.5
unsolide	neg 1.0		off 0.44295686191377137 neg 0.43128220311904036 __DUMMY__ 0.12576093496718843	false	0.5
beschwerde	neg 1.0		off 0.44124446664977446 neg 0.43288892671655843 __DUMMY__ 0.12586660663366708	false	0.5
stocken	neg 1.0		off 0.43974157398457814 neg 0.4339539783300075 __DUMMY__ 0.1263044476854144	false	0.5
isolieren	neg 1.0		off 0.44044027419928716 neg 0.4334662780405255 __DUMMY__ 0.1260934477601873	false	0.5
unheilbar	neg 1.0		off 0.4453086474405043 neg 0.4287873483902783 __DUMMY__ 0.12590400416921727	false	0.5
pisser	off 1.0		off 0.4541809851744716 neg 0.4205928150925444 __DUMMY__ 0.12522619973298402	false	1.0
löschen	neg 1.0		off 0.4470167644142084 neg 0.4291149893006367 __DUMMY__ 0.12386824628515505	false	0.5
durchfallen	neg 1.0		off 0.4445112813744277 neg 0.4296207452353646 __DUMMY__ 0.12586797339020783	false	0.5
wichser	off 1.0		off 0.4495380718804966 neg 0.4248324999784812 __DUMMY__ 0.1256294281410222	false	1.0
terror	neg 1.0		neg 0.43878982967828495 off 0.4364914899138464 __DUMMY__ 0.12471868040786852	false	1.0
krass	neg 1.0		off 0.45129039661160103 neg 0.42333535308150416 __DUMMY__ 0.1253742503068947	false	0.5
revolte	neg 1.0		off 0.44005559530015376 neg 0.4338355700580414 __DUMMY__ 0.1261088346418048	false	0.5
besorgt	neg 1.0		off 0.4454492136138015 neg 0.4286390805813722 __DUMMY__ 0.12591170580482616	false	0.5
nachlassen	neg 1.0		off 0.4438390964051253 neg 0.43012820327701196 __DUMMY__ 0.12603270031786276	false	0.5
alt	neg 1.0		off 0.4491470047805036 neg 0.4248621861034017 __DUMMY__ 0.12599080911609462	false	0.5
hundesohn	off 1.0		off 0.45647373169074484 neg 0.41880645725445903 __DUMMY__ 0.12471981105479626	false	1.0
abschreckung	neg 1.0		off 0.44261143203530146 neg 0.4314442432372278 __DUMMY__ 0.12594432472747075	false	0.5
unqualifiziert	neg 1.0		off 0.44530568221948913 neg 0.4289085508951797 __DUMMY__ 0.12578576688533105	false	0.5
abgewichst	off 1.0		off 0.45817663123683366 neg 0.41747616950888095 __DUMMY__ 0.12434719925428536	false	1.0
kapitulation	neg 1.0		off 0.44141835188633594 neg 0.4325496639086097 __DUMMY__ 0.1260319842050545	false	0.5
schwer	neg 1.0		off 0.44575231265264054 neg 0.42825311202919353 __DUMMY__ 0.12599457531816585	false	0.5
bedeutungslosigkeit	neg 1.0		off 0.44315133104022464 neg 0.43080387778299456 __DUMMY__ 0.12604479117678086	false	0.5
unscharf	neg 1.0		off 0.44929797426289836 neg 0.4251808227120304 __DUMMY__ 0.1255212030250712	false	0.5
schwinden	neg 1.0		off 0.4402089866490692 neg 0.4335872737276651 __DUMMY__ 0.12620373962326575	false	0.5
versklavung	neg 1.0		off 0.4406710607121224 neg 0.4334961823705068 __DUMMY__ 0.1258327569173709	false	0.5
schlecht	neg 1.0		off 0.44739831547586656 neg 0.42675556855784613 __DUMMY__ 0.1258461159662874	false	0.5
verhasst	neg 1.0		off 0.4449484020509608 neg 0.4291017398634411 __DUMMY__ 0.12594985808559817	false	0.5
beschweren	neg 1.0		off 0.44600312293148314 neg 0.4280067290047156 __DUMMY__ 0.12599014806380138	false	0.5
scheiden	neg 1.0		off 0.44603286183679397 neg 0.42796281008320824 __DUMMY__ 0.12600432807999795	false	0.5
frustriert	neg 1.0		off 0.4453035812307307 neg 0.4287628196140579 __DUMMY__ 0.12593359915521135	false	0.5
schimmelig	neg 1.0		off 0.4514314634062451 neg 0.4231613350816027 __DUMMY__ 0.1254072015121521	false	0.5
fisch	neg 1.0		off 0.4490409056968794 neg 0.4249199055715339 __DUMMY__ 0.12603918873158662	false	0.5
schmuggel	neg 1.0		off 0.44417983056375526 neg 0.4298359299417017 __DUMMY__ 0.12598423949454304	false	0.5
auffallen	neg 1.0		off 0.4459449878248262 neg 0.4281234821770166 __DUMMY__ 0.125931529998157	false	0.5
konkurrenz	neg 1.0		off 0.44334705784370204 neg 0.4306202611378256 __DUMMY__ 0.1260326810184724	false	0.5
teufelskreis	neg 1.0		off 0.4451198619963355 neg 0.42888666380382207 __DUMMY__ 0.1259934741998423	false	0.5
aufschreien	neg 1.0		off 0.44657220784513796 neg 0.42749341457647694 __DUMMY__ 0.12593437757838513	false	0.5
missgeburt	off 1.0		off 0.4542581016164592 neg 0.4205663622606423 __DUMMY__ 0.1251755361228984	false	1.0
schuldner	neg 1.0		off 0.44033346163600084 neg 0.433618620672908 __DUMMY__ 0.12604791769109114	false	0.5
befallen	neg 1.0		off 0.442796687587427 neg 0.4314716834179147 __DUMMY__ 0.1257316289946581	false	0.5
arbeitslos	neg 1.0		off 0.44452156250199704 neg 0.4295135522300711 __DUMMY__ 0.12596488526793187	false	0.5
miesepetrig	off 1.0		off 0.4474892468726739 neg 0.4267361297047893 __DUMMY__ 0.1257746234225368	false	1.0
alarmieren	neg 1.0		off 0.43919927534560477 neg 0.4346808123059368 __DUMMY__ 0.12611991234845832	false	0.5
ungeduscht	off 1.0		off 0.449965860781087 neg 0.4246416149514193 __DUMMY__ 0.12539252426749367	false	1.0
knappheit	neg 1.0		off 0.44041439268502586 neg 0.4334463071577833 __DUMMY__ 0.1261393001571908	false	0.5
schlange	neg 1.0		off 0.44645470872684695 neg 0.42756232195900273 __DUMMY__ 0.1259829693141504	false	0.5
harsch	neg 1.0		off 0.4408547060145844 neg 0.43328668619890404 __DUMMY__ 0.12585860778651167	false	0.5
lang	neg 1.0	neg 1.0	neg 0.660937962534818 off 0.27188200069305 __DUMMY__ 0.06718003677213204	false	1.0
ziellos	neg 1.0		off 0.44508295930590575 neg 0.4289019072408309 __DUMMY__ 0.12601513345326337	false	0.5
selbstverliebt	neg 1.0		off 0.45050521810164107 neg 0.42393972668589497 __DUMMY__ 0.12555505521246405	false	0.5
beseitigen	neg 1.0		off 0.44074278776382536 neg 0.43307752496927154 __DUMMY__ 0.12617968726690298	false	0.5
dumm	off 1.0		off 0.4489529702747396 neg 0.42537503544974553 __DUMMY__ 0.12567199427551484	false	1.0
arbeitsloser	neg 1.0		off 0.4442511400020361 neg 0.4297533305744143 __DUMMY__ 0.12599552942354966	false	0.5
blitzen	neg 1.0		off 0.44542245093044736 neg 0.4269546793280866 __DUMMY__ 0.127622869741466	false	0.5
hilflos	neg 1.0		off 0.44536221247927943 neg 0.4287977430202867 __DUMMY__ 0.12584004450043398	false	0.5
eklig	off 1.0		off 0.4506257867275772 neg 0.4239183593310014 __DUMMY__ 0.1254558539414214	false	1.0
hungersnot	neg 1.0		off 0.4411511977591544 neg 0.432683111663632 __DUMMY__ 0.1261656905772137	false	0.5
ungesetzlich	neg 1.0		off 0.4425039076006088 neg 0.4316364776093833 __DUMMY__ 0.1258596147900079	false	0.5
verschwendung	neg 1.0		off 0.44419712533700645 neg 0.4298569277695006 __DUMMY__ 0.125945946893493	false	0.5
schmerzvoll	neg 1.0		off 0.4465537676976823 neg 0.42758817503220675 __DUMMY__ 0.12585805727011096	false	0.5
vorzeitig	neg 1.0		off 0.4391694214741294 neg 0.434755344411789 __DUMMY__ 0.12607523411408153	false	0.5
unvollkommenheit	neg 1.0		off 0.44498621405799277 neg 0.42908838430250706 __DUMMY__ 0.12592540163950006	false	0.5
intervenieren	neg 1.0		off 0.44263637516000426 neg 0.43146519949467294 __DUMMY__ 0.12589842534532275	false	0.5
banause	off 1.0		off 0.44938087295423235 neg 0.4250608616833763 __DUMMY__ 0.12555826536239148	false	1.0
rebell	neg 1.0		off 0.4539814043118979 neg 0.4213968917062979 __DUMMY__ 0.1246217039818042	false	0.5
unlogisch	neg 1.0		off 0.4477353914668158 neg 0.4265368466171732 __DUMMY__ 0.125727761916011	false	0.5
abschaffung	neg 1.0		off 0.4395577647199426 neg 0.43461431045006743 __DUMMY__ 0.12582792482999	false	0.5
leiden	neg 1.0		off 0.44609556680673257 neg 0.4279134571228033 __DUMMY__ 0.12599097607046422	false	0.5
sturz	neg 1.0		off 0.44079487335917694 neg 0.433054201293477 __DUMMY__ 0.12615092534734607	false	0.5
verkleinerung	neg 1.0		off 0.4386412126581071 neg 0.4353617839862909 __DUMMY__ 0.12599700335560196	false	0.5
schmarotzer	off 1.0		off 0.44464065245782763 neg 0.4294762836193735 __DUMMY__ 0.12588306392279877	false	1.0
bestrafung	neg 1.0		off 0.44614690231896037 neg 0.4279472458185993 __DUMMY__ 0.12590585186244035	false	0.5
achtlos	neg 1.0		off 0.44536910237929495 neg 0.4287708412097434 __DUMMY__ 0.12586005641096182	false	0.5
ungeheuer	neg 1.0		off 0.4472748909100576 neg 0.4267011028841398 __DUMMY__ 0.12602400620580256	false	0.5
unaufrichtig	neg 1.0		off 0.4456015281959831 neg 0.428784998045839 __DUMMY__ 0.12561347375817786	false	0.5
groggy	neg 1.0		off 0.4512984391073023 neg 0.42312109193708436 __DUMMY__ 0.1255804689556135	false	0.5
verletzlich	neg 1.0		off 0.4476826190239719 neg 0.42653274710297073 __DUMMY__ 0.12578463387305733	false	0.5
ablehnen	neg 1.0		off 0.4436045479610177 neg 0.43051987170142597 __DUMMY__ 0.12587558033755622	false	0.5
kollaps	neg 1.0		off 0.4387656954534309 neg 0.43515657718185735 __DUMMY__ 0.12607772736471176	false	0.5
beschnitten	neg 1.0		off 0.44596720236081355 neg 0.4281238069700153 __DUMMY__ 0.1259089906691712	false	0.5
defekt	neg 1.0		off 0.439846143568291 neg 0.4343117191722963 __DUMMY__ 0.12584213725941265	false	0.5
dreckskerl	off 1.0		off 0.4477877711690186 neg 0.42655318656655133 __DUMMY__ 0.12565904226443023	false	1.0
deine	neg 1.0		off 0.44924141876605456 neg 0.42516923525427813 __DUMMY__ 0.12558934597966745	false	0.5
aufgeben	neg 1.0		off 0.4462357874498279 neg 0.427702416034857 __DUMMY__ 0.12606179651531504	false	0.5
durcheinander	neg 1.0		off 0.44683746113432254 neg 0.42722685165401103 __DUMMY__ 0.12593568721166642	false	0.5
unterbrechen	neg 1.0		off 0.44495785093108897 neg 0.429055803815965 __DUMMY__ 0.1259863452529461	false	0.5
vergammeln	neg 1.0		off 0.4465330143539376 neg 0.42754291929610166 __DUMMY__ 0.1259240663499607	false	0.5
grotesk	neg 1.0		off 0.4445622710293479 neg 0.42942663889434957 __DUMMY__ 0.12601109007630248	false	0.5
elendig	neg 1.0		off 0.44660937713014687 neg 0.42757811784216126 __DUMMY__ 0.1258125050276918	false	0.5
naiv	off 1.0		off 0.44624890634492875 neg 0.427761473890775 __DUMMY__ 0.1259896197642962	false	1.0
uneinigkeit	neg 1.0		off 0.440161492417928 neg 0.43383720314934704 __DUMMY__ 0.12600130443272498	false	0.5
fragil	neg 1.0		neg 0.4399032342017819 off 0.43649328241269253 __DUMMY__ 0.12360348338552545	false	1.0
provisorisch	neg 1.0		off 0.4446701823927386 neg 0.42917978625330605 __DUMMY__ 0.12615003135395533	false	0.5
landei	off 1.0		off 0.4494848755272987 neg 0.42472021932798615 __DUMMY__ 0.12579490514471509	false	1.0
bedauerlich	neg 1.0		off 0.44420770313626523 neg 0.42982503573619846 __DUMMY__ 0.1259672611275362	false	0.5
krieg	neg 1.0		off 0.44522317574189596 neg 0.4288526384845318 __DUMMY__ 0.12592418577357217	false	0.5
traurigkeit	neg 1.0		off 0.4458932623701917 neg 0.42816325415974027 __DUMMY__ 0.12594348347006815	false	0.5
monotonie	neg 1.0		off 0.444692406663282 neg 0.42925713983227304 __DUMMY__ 0.12605045350444494	false	0.5
unliebsam	neg 1.0		off 0.44513249338875027 neg 0.4289274466882038 __DUMMY__ 0.125940059923046	false	0.5
drift	neg 1.0		neg 0.46051080185888815 off 0.4254268068408222 __DUMMY__ 0.1140623913002895	false	1.0
chaos	neg 1.0		off 0.4421631543759948 neg 0.43185617238788376 __DUMMY__ 0.12598067323612142	false	0.5
blutig	neg 1.0		off 0.44660070399773183 neg 0.4274358532277466 __DUMMY__ 0.1259634427745216	false	0.5
