unsolidarisch	neg 1.0		__DUMMY__ 0.8832882223657141 neg 0.061992046552428716 off 0.05471973108185721	false	1.0
nachteilig	neg 1.0		__DUMMY__ 0.8898198069620316 neg 0.05931353016078534 off 0.05086666287718312	false	1.0
skeptisch	neg 1.0		__DUMMY__ 0.8907059379403388 neg 0.05899796106590583 off 0.05029610099375533	false	1.0
schrecklich	neg 1.0		__DUMMY__ 0.8848584278519701 off 0.06311405075775695 neg 0.05202752139027298	false	0.5
schlapp	neg 1.0		__DUMMY__ 0.888114649702532 off 0.058755616315607606 neg 0.053129733981860536	false	0.5
abfall	neg 1.0		__DUMMY__ 0.8924407896284289 neg 0.059712179250843204 off 0.04784703112072787	false	1.0
widerspenstig	neg 1.0		__DUMMY__ 0.8902751429045611 neg 0.05537542373198809 off 0.05434943336345088	false	1.0
abrupt	neg 1.0		__DUMMY__ 0.8941021313244045 neg 0.05559705023823204 off 0.05030081843736345	false	1.0
unwirksam	neg 1.0		__DUMMY__ 0.8849670209255863 neg 0.06071497384306394 off 0.054318005231349636	false	1.0
angreifen	neg 1.0	neg 1.0	neg 0.5147533299354617 __DUMMY__ 0.4468754730155093 off 0.03837119704902898	false	1.0
inkonsistent	neg 1.0		__DUMMY__ 0.8903000953854849 off 0.05504067153266754 neg 0.05465923308184755	false	0.5
abrutschen	neg 1.0		__DUMMY__ 0.8923075198843566 neg 0.05951010417739227 off 0.048182375938251115	false	1.0
unsicher	neg 1.0		__DUMMY__ 0.8901381940339825 neg 0.05513665053104765 off 0.05472515543496973	false	1.0
bauernkind	off 1.0	off 1.0	off 0.5174564615424864 __DUMMY__ 0.4396069941727135 neg 0.0429365442848002	false	1.0
angreifer	neg 1.0		__DUMMY__ 0.8901769231652219 off 0.0557676063918243 neg 0.054055470442953744	false	0.5
trennen	neg 1.0		__DUMMY__ 0.89524160057235 neg 0.05391809855350652 off 0.0508403008741434	false	1.0
schmutz	neg 1.0		__DUMMY__ 0.8946560180597458 off 0.05569946630603837 neg 0.049644515634215756	false	0.5
inkonsistenz	neg 1.0		__DUMMY__ 0.8834427214776862 off 0.05840368870386254 neg 0.05815358981845127	false	0.5
erschreckend	neg 1.0		__DUMMY__ 0.8884095991836966 neg 0.05779115654591903 off 0.053799244270384405	false	1.0
ertrinken	neg 1.0		__DUMMY__ 0.893322285344372 neg 0.055133815445064314 off 0.05154389921056375	false	1.0
pickelface	off 1.0		__DUMMY__ 0.8900612220820927 neg 0.057178430541765836 off 0.052760347376141395	false	0.5
seiner			__DUMMY__ 0.8926026282399572 neg 0.05675695141217186 off 0.05064042034787091	false	0.0
lauch	neg 1.0		__DUMMY__ 0.8912670790357566 neg 0.060717512050251915 off 0.048015408913991406	false	1.0
unwichtig	neg 1.0		__DUMMY__ 0.8860563447182142 off 0.05894137938949751 neg 0.055002275892288295	false	0.5
steuerhinterziehung	neg 1.0		__DUMMY__ 0.8870998545606021 neg 0.059734152612539025 off 0.053165992826858806	false	1.0
schock	neg 1.0		__DUMMY__ 0.8930476440664763 off 0.053779095941817796 neg 0.05317325999170596	false	0.5
beule	neg 1.0		__DUMMY__ 0.8884613387084819 off 0.05892879134884052 neg 0.05260986994267749	false	0.5
vergelten	neg 1.0		__DUMMY__ 0.8890153343386256 off 0.06197051855555367 neg 0.04901414710582086	false	0.5
verdorbenheit	neg 1.0		__DUMMY__ 0.8908335045361636 neg 0.05545965315431399 off 0.053706842309522405	false	1.0
trauma	neg 1.0		__DUMMY__ 0.8890341863722411 off 0.05549634560835968 neg 0.055469468019399275	false	0.5
sinnlos	neg 1.0		__DUMMY__ 0.8896459309474536 off 0.05675843482893945 neg 0.05359563422360687	false	0.5
fettsack	off 1.0	off 1.0	off 0.5187502895604511 __DUMMY__ 0.44144289588733376 neg 0.039806814552215075	false	1.0
feige	off 1.0	off 1.0	off 0.515265524617349 __DUMMY__ 0.442518153032761 neg 0.04221632234989001	false	1.0
abdanken	neg 1.0		__DUMMY__ 0.8874577743783355 neg 0.05843340397230061 off 0.05410882164936386	false	1.0
wichtigtuer	off 1.0	off 1.0	off 0.5132080051297351 __DUMMY__ 0.4440222535367101 neg 0.04276974133355481	false	1.0
misslingen	neg 1.0		__DUMMY__ 0.895425994831618 off 0.055158292872927055 neg 0.049415712295454994	false	0.5
untreu	off 1.0		__DUMMY__ 0.8851817681930507 off 0.06000116345432699 neg 0.05481706835262225	false	1.0
missmutig	neg 1.0		__DUMMY__ 0.8869076358852893 off 0.05883701032021764 neg 0.054255353794493005	false	0.5
hurenbock	off 1.0		__DUMMY__ 0.8909304986478958 off 0.05547051041528392 neg 0.05359899093682037	false	1.0
betrunken	neg 1.0		__DUMMY__ 0.8882753318790652 off 0.061046770019915195 neg 0.0506778981010197	false	0.5
korrupt	off 1.0		__DUMMY__ 0.8856086007791489 neg 0.06167918306857967 off 0.05271221615227138	false	0.5
unmut	neg 1.0		__DUMMY__ 0.8917747955932926 neg 0.060106996410442086 off 0.04811820799626522	false	1.0
hackfresse	off 1.0		__DUMMY__ 0.8814399316401111 off 0.06615411418544087 neg 0.052405954174448	false	1.0
aufblasen	neg 1.0		__DUMMY__ 0.8909298388617204 off 0.055670582963852626 neg 0.053399578174427	false	0.5
gewaltsam	neg 1.0		__DUMMY__ 0.8906025667812428 neg 0.055597432682052264 off 0.05380000053670481	false	1.0
unbeliebtheit	neg 1.0		__DUMMY__ 0.8799973868263158 neg 0.06141713031834077 off 0.05858548285534341	false	1.0
sturheit	neg 1.0		__DUMMY__ 0.888223337229638 neg 0.057875955278117557 off 0.05390070749224447	false	1.0
kuh	neg 1.0		__DUMMY__ 0.8868381934138155 neg 0.05858756561886011 off 0.05457424096732439	false	1.0
erschrecken	neg 1.0		__DUMMY__ 0.8883571294638726 off 0.05826691914255323 neg 0.053375951393574206	false	0.5
opfer	neg 1.0		__DUMMY__ 0.892364860822543 neg 0.05589326947023139 off 0.05174186970722561	false	1.0
sinken	neg 1.0		__DUMMY__ 0.8925461614636946 neg 0.05902699635034277 off 0.04842684218596267	false	1.0
stinktier	neg 1.0		__DUMMY__ 0.8825879925317576 off 0.06350367984051922 neg 0.053908327627723164	false	0.5
tucke	off 1.0		__DUMMY__ 0.87771122027035 off 0.06644139997683193 neg 0.055847379752818116	false	1.0
ein			__DUMMY__ 0.8904777822009725 off 0.054983245074956714 neg 0.054538972724070836	false	0.0
abstieg	neg 1.0		__DUMMY__ 0.8941909939430388 neg 0.05494967573597444 off 0.050859330320986725	false	1.0
missverstehen	neg 1.0		__DUMMY__ 0.8867613209847702 off 0.057041103196194945 neg 0.0561975758190349	false	0.5
ergebnislos	neg 1.0		__DUMMY__ 0.8905837875138255 neg 0.05861906921370971 off 0.05079714327246485	false	1.0
unter			__DUMMY__ 0.8989075548878007 neg 0.057104508461380515 off 0.04398793665081868	false	0.0
manipulieren	neg 1.0		__DUMMY__ 0.8907855293432398 neg 0.0588023748818941 off 0.05041209577486609	false	1.0
unbewiesen	neg 1.0		__DUMMY__ 0.8822478124639377 neg 0.06275423794720397 off 0.054997949588858376	false	1.0
verschleppen	neg 1.0		__DUMMY__ 0.8907004906843972 neg 0.05698812524036906 off 0.052311384075233835	false	1.0
weib	off 1.0		__DUMMY__ 0.8812929618708745 off 0.06611404362813243 neg 0.05259299450099313	false	1.0
opposition	neg 1.0		__DUMMY__ 0.8862969230564155 neg 0.057771868793468725 off 0.05593120815011578	false	1.0
verkehrswidrig	neg 1.0	neg 1.0	neg 0.5037311457625063 __DUMMY__ 0.44944356771051436 off 0.04682528652697919	false	1.0
inkorrekt	neg 1.0		__DUMMY__ 0.8822641461846167 off 0.061250150740378484 neg 0.05648570307500483	false	0.5
vermeiden	neg 1.0		__DUMMY__ 0.8953147955393387 neg 0.05874010229772271 off 0.045945102162938595	false	1.0
abweichung	neg 1.0		__DUMMY__ 0.8899884895223693 neg 0.05889624073197523 off 0.05111526974565544	false	1.0
alkoholisiert	neg 1.0		__DUMMY__ 0.8981031332825362 neg 0.05222146877935475 off 0.04967539793810905	false	1.0
scheiss	off 1.0	off 1.0	off 0.5148765268156434 __DUMMY__ 0.4447230470770961 neg 0.040400426107260544	false	1.0
herausforderung	neg 1.0	neg 1.0	neg 0.5082420015089929 __DUMMY__ 0.45362648792701804 off 0.03813151056398913	false	1.0
pervers	off 1.0		__DUMMY__ 0.879965598969489 off 0.06895092474005528 neg 0.051083476290455676	false	1.0
wackelig	neg 1.0		__DUMMY__ 0.8946800015725247 neg 0.053207314426968105 off 0.05211268400050718	false	1.0
verwickeln	neg 1.0		__DUMMY__ 0.8865961799227832 off 0.05697942518153444 neg 0.0564243948956824	false	0.5
vorwand	neg 1.0		__DUMMY__ 0.8918407817458842 neg 0.05846150745420959 off 0.04969771079990614	false	1.0
muschi	off 1.0		__DUMMY__ 0.8899114201784304 neg 0.056868344472394854 off 0.05322023534917473	false	0.5
entmutigung	neg 1.0		__DUMMY__ 0.8854826649570361 neg 0.058412276318753655 off 0.05610505872421026	false	1.0
unangemessen	neg 1.0		__DUMMY__ 0.8882724347622813 neg 0.0586199275302493 off 0.0531076377074693	false	1.0
unstetig	neg 1.0		__DUMMY__ 0.8914703380726344 off 0.05506692647684047 neg 0.05346273545052521	false	0.5
entmutigen	neg 1.0		__DUMMY__ 0.8887736365487674 off 0.055834379087544794 neg 0.05539198436368773	false	0.5
schwanz	neg 1.0		__DUMMY__ 0.8922207867383164 neg 0.05753998407472381 off 0.050239229186959715	false	1.0
verbot	neg 1.0		__DUMMY__ 0.8878276762539623 neg 0.059738993309541584 off 0.052433330436496034	false	1.0
leid	neg 1.0		__DUMMY__ 0.8850844247536241 off 0.06404609527678788 neg 0.050869479969588016	false	0.5
archaisch	neg 1.0		__DUMMY__ 0.8905207020178465 neg 0.056657739566604706 off 0.05282155841554887	false	1.0
gegen			__DUMMY__ 0.8936579995372854 neg 0.05712923215292203 off 0.04921276830979253	false	0.0
scheidung	neg 1.0		__DUMMY__ 0.8800761914943397 off 0.072236157177641 neg 0.04768765132801931	false	0.5
einschlag	neg 1.0	neg 1.0	neg 0.5085328083955958 __DUMMY__ 0.44468067203382644 off 0.04678651957057764	false	1.0
m			__DUMMY__ 0.8919490795959633 neg 0.05556074466131904 off 0.052490175742717624	false	0.0
abgestanden	neg 1.0		__DUMMY__ 0.8911456958378855 off 0.05452753513753026 neg 0.054326769024584214	false	0.5
schmierig	off 1.0		__DUMMY__ 0.8851814326580454 off 0.06361975381303 neg 0.05119881352892473	false	1.0
unpraktisch	neg 1.0		__DUMMY__ 0.8915258698299412 off 0.05516840800166747 neg 0.05330572216839142	false	0.5
wixxer	off 1.0		__DUMMY__ 0.8791129957821414 off 0.06874297059352642 neg 0.05214403362433226	false	1.0
bezeichnet			__DUMMY__ 0.8885264086529527 neg 0.05713211267809912 off 0.05434147866894803	false	0.0
jammerlappen	off 1.0		__DUMMY__ 0.8864517030286148 off 0.05907925876706388 neg 0.05446903820432127	false	1.0
farce	neg 1.0		__DUMMY__ 0.8863716629118905 neg 0.060549603919642245 off 0.05307873316846722	false	1.0
zwecklos	neg 1.0		__DUMMY__ 0.8886553264911771 neg 0.05831801649413694 off 0.05302665701468598	false	1.0
turbulent	neg 1.0		__DUMMY__ 0.8861969144193287 off 0.05929959804677007 neg 0.054503487533901294	false	0.5
invasion	neg 1.0		__DUMMY__ 0.8891178712283937 off 0.05676569265928446 neg 0.05411643611232175	false	0.5
schuld	neg 1.0		__DUMMY__ 0.888411836272761 neg 0.056054105903456206 off 0.05553405782378282	false	1.0
risiko	neg 1.0		__DUMMY__ 0.8917257503029079 off 0.05478769764019447 neg 0.053486552056897584	false	0.5
finster	neg 1.0		__DUMMY__ 0.8904142194145485 off 0.0549127233135362 neg 0.054673057271915314	false	0.5
geisteskrank	off 1.0		__DUMMY__ 0.8841767251608581 off 0.06067865941934151 neg 0.055144615419800355	false	1.0
zusammenbrechen	neg 1.0		__DUMMY__ 0.8911290046187722 neg 0.055458173616344274 off 0.05341282176488354	false	1.0
ausbeute	neg 1.0		__DUMMY__ 0.8951376738447344 neg 0.05487739976881341 off 0.049984926386452154	false	1.0
hinterhalt	neg 1.0		__DUMMY__ 0.8931427045153865 neg 0.05422484435612708 off 0.052632451128486496	false	1.0
kritik	neg 1.0		__DUMMY__ 0.8871692326844415 neg 0.05986524578125118 off 0.052965521534307364	false	1.0
einschrumpfen	neg 1.0		__DUMMY__ 0.884660679988866 neg 0.05804970537467014 off 0.05728961463646384	false	1.0
riskant	neg 1.0		__DUMMY__ 0.8899888399773281 neg 0.058496605969441576 off 0.05151455405323035	false	1.0
frustrieren	neg 1.0		__DUMMY__ 0.8905844097290964 neg 0.05777787493061491 off 0.051637715340288715	false	1.0
groll	neg 1.0		__DUMMY__ 0.8903053898252038 neg 0.056907594320911706 off 0.05278701585388453	false	1.0
gibt			__DUMMY__ 0.8896292381955677 neg 0.05721894074165328 off 0.053151821062779006	false	0.0
qualvoll	neg 1.0		__DUMMY__ 0.8898597141920822 off 0.05750514150049197 neg 0.05263514430742583	false	0.5
wackeln	neg 1.0	neg 1.0	neg 0.5097045169008211 __DUMMY__ 0.448527326641318 off 0.04176815645786091	false	1.0
klagen	neg 1.0		__DUMMY__ 0.8922811198519126 neg 0.059179535728210886 off 0.048539344419876396	false	1.0
bankrott	neg 1.0		__DUMMY__ 0.8881691915446365 off 0.057899901879966076 neg 0.05393090657539734	false	0.5
trauern	neg 1.0		__DUMMY__ 0.892926076312903 neg 0.05561648438658255 off 0.051457439300514544	false	1.0
ablehnung	neg 1.0		__DUMMY__ 0.887271959033874 neg 0.05966916882645655 off 0.05305887213966941	false	1.0
stur	neg 1.0		__DUMMY__ 0.8873252537134813 neg 0.05663188944817293 off 0.05604285683834578	false	1.0
aufruhr	neg 1.0		__DUMMY__ 0.890319800455938 neg 0.055883206879145685 off 0.053796992664916395	false	1.0
melancholie	neg 1.0		__DUMMY__ 0.8922056935337226 neg 0.05578242662871482 off 0.05201187983756247	false	1.0
ist			__DUMMY__ 0.8883843198433518 off 0.0562075337839278 neg 0.055408146372720436	false	0.0
torheit	neg 1.0		__DUMMY__ 0.8869839190482538 neg 0.057535299775522956 off 0.05548078117622317	false	1.0
dreckskind	off 1.0		__DUMMY__ 0.8812855839438584 off 0.06478244178811089 neg 0.05393197426803082	false	1.0
umtauschen	neg 1.0		__DUMMY__ 0.8902489391501848 neg 0.05603283243758669 off 0.05371822841222857	false	1.0
zum			__DUMMY__ 0.8995901555842534 neg 0.05440651353347325 off 0.04600333088227338	false	0.0
zersetzen	neg 1.0		__DUMMY__ 0.8896123800546659 neg 0.060096748448963865 off 0.05029087149637026	false	1.0
zur			__DUMMY__ 0.8962718733186218 neg 0.05806380695264119 off 0.045664319728737086	false	0.0
frust	neg 1.0		__DUMMY__ 0.8906789194016321 neg 0.05601047517613793 off 0.05331060542222991	false	1.0
unerbittlichkeit	neg 1.0		__DUMMY__ 0.8902069926447831 neg 0.059391917107008765 off 0.05040109024820814	false	1.0
zwei			__DUMMY__ 0.8971415491689141 neg 0.05493444831584304 off 0.047924002515242856	false	0.0
unkorrekt	neg 1.0		__DUMMY__ 0.8811615056044136 off 0.061608640504612046 neg 0.05722985389097425	false	0.5
hexe	off 1.0		__DUMMY__ 0.8865182352133948 off 0.05930759117523073 neg 0.05417417361137443	false	1.0
lasch	neg 1.0		__DUMMY__ 0.8847641837874408 off 0.0580668370430776 neg 0.05716897916948159	false	0.5
rivale	neg 1.0		__DUMMY__ 0.8866478933815632 off 0.06128920524121993 neg 0.05206290137721691	false	0.5
mutlos	off 1.0	off 1.0	off 0.5091028228689796 __DUMMY__ 0.4451603991458345 neg 0.04573677798518591	false	1.0
wirr	off 1.0		__DUMMY__ 0.8814481744607937 off 0.0617429313806277 neg 0.05680889415857857	false	1.0
jahr			__DUMMY__ 0.8958144707318529 neg 0.05474536640764489 off 0.04944016286050221	false	0.0
wird			__DUMMY__ 0.890905175091616 neg 0.05727320964653857 off 0.05182161526184543	false	0.0
strafbar	neg 1.0		__DUMMY__ 0.8894000324576863 neg 0.05892451919424596 off 0.05167544834806784	false	1.0
erosion	neg 1.0		__DUMMY__ 0.8910784216744995 off 0.05500716591780813 neg 0.05391441240769242	false	0.5
eingehen	neg 1.0		__DUMMY__ 0.8882491880509842 neg 0.059310420576842215 off 0.05244039137217361	false	1.0
faul	off 1.0		__DUMMY__ 0.8890465696371516 off 0.05801677456115677 neg 0.052936655801691664	false	1.0
provisorium	neg 1.0		__DUMMY__ 0.8976707047103736 neg 0.058689654183579985 off 0.043639641106046366	false	1.0
schmerzen	neg 1.0		__DUMMY__ 0.8905100387549008 neg 0.055399698116560155 off 0.05409026312853905	false	1.0
schrumpfen	neg 1.0		__DUMMY__ 0.8924160775969182 neg 0.061518131739297384 off 0.04606579066378442	false	1.0
geistlos	off 1.0		__DUMMY__ 0.8828207377143628 neg 0.05998305590162496 off 0.057196206384012245	false	0.5
fehlkauf	neg 1.0		__DUMMY__ 0.8882953821090229 off 0.056174460132442365 neg 0.0555301577585347	false	0.5
frustrierend	neg 1.0		__DUMMY__ 0.889035337321723 off 0.058191818965482915 neg 0.05277284371279396	false	0.5
unzufrieden	neg 1.0		__DUMMY__ 0.8883294114387827 neg 0.058754338635489685 off 0.05291624992572759	false	1.0
verzweifeln	neg 1.0		__DUMMY__ 0.8897050241157414 neg 0.05600934471275512 off 0.054285631171503486	false	1.0
verzweifelt	neg 1.0		__DUMMY__ 0.8880526410227872 off 0.05609938131054763 neg 0.055847977666665057	false	0.5
misstrauensantrag	neg 1.0		__DUMMY__ 0.887010593627723 neg 0.05650563554675798 off 0.05648377082551898	false	1.0
abfallen	neg 1.0		__DUMMY__ 0.8917213936547979 off 0.05543650651810669 neg 0.052842099827095375	false	0.5
fucker	off 1.0		__DUMMY__ 0.884524915119313 off 0.06107171067406206 neg 0.05440337420662503	false	1.0
ungezogen	neg 1.0		__DUMMY__ 0.8822560620394124 off 0.06739314551732584 neg 0.050350792443261856	false	0.5
irrsinnig	neg 1.0	neg 1.0	neg 0.5131750675568031 __DUMMY__ 0.44455220272668966 off 0.0422727297165073	false	1.0
unfassbar	neg 1.0		__DUMMY__ 0.8855857718780611 off 0.05966944327930662 neg 0.05474478484263233	false	0.5
hart	neg 1.0		__DUMMY__ 0.8880787045742534 off 0.0574748092052289 neg 0.05444648622051766	false	0.5
widerlich	off 1.0		__DUMMY__ 0.8842189141326111 off 0.060537404840738024 neg 0.055243681026650816	false	1.0
fatal	neg 1.0		__DUMMY__ 0.8880855891792515 off 0.05648940664111511 neg 0.05542500417963333	false	0.5
bruch	neg 1.0		__DUMMY__ 0.8911998025130724 neg 0.06007692445194336 off 0.04872327303498421	false	1.0
aushungern	neg 1.0		__DUMMY__ 0.8872337149241831 neg 0.058821062442384685 off 0.05394522263343222	false	1.0
anspannung	neg 1.0	neg 1.0	neg 0.5103798258962348 __DUMMY__ 0.4544270689574992 off 0.035193105146265995	false	1.0
von			__DUMMY__ 0.895642690289976 neg 0.05549620224879532 off 0.048861107461228646	false	0.0
kraftlos	neg 1.0		__DUMMY__ 0.8934521891196082 neg 0.05387235844251929 off 0.05267545243787246	false	1.0
vom			__DUMMY__ 0.8992687515395273 neg 0.056631542664240656 off 0.04409970579623199	false	0.0
grenzdebil	off 1.0		__DUMMY__ 0.8859654665869515 off 0.060516375199197794 neg 0.05351815821385075	false	1.0
vor			__DUMMY__ 0.8932978021104014 neg 0.05707822131221916 off 0.04962397657737946	false	0.0
unterwerfen	neg 1.0		__DUMMY__ 0.8908967248175781 neg 0.057668948037832096 off 0.05143432714458975	false	1.0
versenkung	neg 1.0		__DUMMY__ 0.890678551663105 neg 0.05806338359155866 off 0.05125806474533637	false	1.0
entziehen	neg 1.0		__DUMMY__ 0.8918837988893179 neg 0.05901994216047996 off 0.049096258950202164	false	1.0
finanzkrise	neg 1.0		__DUMMY__ 0.8868284789039647 neg 0.05946027002383259 off 0.053711251072202704	false	1.0
schimpfend	neg 1.0		__DUMMY__ 0.8920671815366311 off 0.05507221725475396 neg 0.05286060120861487	false	0.5
profan	neg 1.0		__DUMMY__ 0.8877846228107317 off 0.05716550613502166 neg 0.05504987105424673	false	0.5
korruption	neg 1.0	neg 1.0	neg 0.5154695118836345 __DUMMY__ 0.4448686287631094 off 0.03966185935325608	false	1.0
â			__DUMMY__ 0.8920812794263722 neg 0.05638273807188202 off 0.05153598250174579	false	0.0
schmutzig	neg 1.0		__DUMMY__ 0.8876163671038355 off 0.05999019723630021 neg 0.052393435659864214	false	0.5
sexy	neg 1.0		__DUMMY__ 0.8880233642189347 off 0.05775807946430082 neg 0.05421855631676446	false	0.5
abraten	neg 1.0		__DUMMY__ 0.888775437335404 off 0.0562167807331857 neg 0.0550077819314103	false	0.5
schwarz	neg 1.0		__DUMMY__ 0.8878636717017812 neg 0.05621949691491011 off 0.05591683138330872	false	1.0
fotze	off 1.0		__DUMMY__ 0.8908591370816635 neg 0.05786786878810191 off 0.051272994130234506	false	0.5
verwirren	neg 1.0		__DUMMY__ 0.8878016064644395 off 0.05742789328402176 neg 0.05477050025153878	false	0.5
zahnlos	off 1.0		__DUMMY__ 0.8885212854608263 neg 0.0585191355406091 off 0.052959578998564676	false	0.5
verheeren	neg 1.0		__DUMMY__ 0.884065724214357 off 0.06845924122297907 neg 0.04747503456266382	false	0.5
hippie	neg 1.0		__DUMMY__ 0.8877205844046606 off 0.05737729280737746 neg 0.05490212278796199	false	0.5
rammen	neg 1.0		__DUMMY__ 0.8887000418598459 neg 0.056468100989245165 off 0.054831857150908984	false	1.0
unlauter	neg 1.0		__DUMMY__ 0.883239824193567 neg 0.061688844243391265 off 0.05507133156304185	false	1.0
unheilvoll	neg 1.0		__DUMMY__ 0.8917761516477503 off 0.05641366475491956 neg 0.05181018359733017	false	0.5
niedrig	neg 1.0		__DUMMY__ 0.8927255314856434 neg 0.056962612652126564 off 0.05031185586223006	false	1.0
explosion	neg 1.0		__DUMMY__ 0.8872185506351318 off 0.05677149760693823 neg 0.056009951757930034	false	0.5
weichei	off 1.0		__DUMMY__ 0.8826853475323255 off 0.06477037338474782 neg 0.05254427908292658	false	1.0
minusmensch	off 1.0		__DUMMY__ 0.8768124618706089 off 0.06850178108168681 neg 0.05468575704770436	false	1.0
farblos	neg 1.0		__DUMMY__ 0.8963444609461527 off 0.05317253360888733 neg 0.05048300544495986	false	0.5
unwissend	neg 1.0	neg 1.0	neg 0.5120739850597181 __DUMMY__ 0.4428512989116846 off 0.04507471602859735	false	1.0
traurig	neg 1.0		__DUMMY__ 0.8856970135551535 off 0.06221038706524845 neg 0.0520925993795981	false	0.5
senkung	neg 1.0		__DUMMY__ 0.8849305672479435 neg 0.0581493418680251 off 0.05692009088403141	false	1.0
ungleich	neg 1.0	neg 1.0	neg 0.5160504834517878 __DUMMY__ 0.44518538629068644 off 0.03876413025752564	false	1.0
heikel	neg 1.0		__DUMMY__ 0.8899130490085065 neg 0.05967247546535457 off 0.050414475526138806	false	1.0
drosselung	neg 1.0		__DUMMY__ 0.8875125595723121 off 0.0599099173437442 neg 0.05257752308394359	false	0.5
falsch	neg 1.0		__DUMMY__ 0.8876962131434724 off 0.05837791799282834 neg 0.05392586886369932	false	0.5
unzufriedenheit	neg 1.0		__DUMMY__ 0.8906906011428747 neg 0.05932360360682855 off 0.049985795250296824	false	1.0
kurz	neg 1.0		__DUMMY__ 0.8923408292687488 neg 0.05468907749749419 off 0.05297009323375698	false	1.0
unsinnig	neg 1.0		__DUMMY__ 0.8872393153199378 neg 0.05940971862259083 off 0.05335096605747134	false	1.0
penner	off 1.0	off 1.0	off 0.5205800182834638 __DUMMY__ 0.4401893014065999 neg 0.03923068030993626	false	1.0
seicht	neg 1.0		__DUMMY__ 0.8789775046083385 off 0.06755766191972769 neg 0.05346483347193382	false	0.5
dummheit	off 1.0	off 1.0	off 0.5134338713921012 __DUMMY__ 0.44358394780217414 neg 0.04298218080572478	false	1.0
unerfreulich	neg 1.0		__DUMMY__ 0.8921097102537887 neg 0.058442920629195656 off 0.049447369117015715	false	1.0
motherfucker	off 1.0	off 1.0	off 0.516368930055057 __DUMMY__ 0.4419091420390116 neg 0.041721927905931454	false	1.0
pikiert	neg 1.0		__DUMMY__ 0.884462270869618 off 0.05957153700077831 neg 0.05596619212960369	false	0.5
wrack	neg 1.0		__DUMMY__ 0.8956177161461265 neg 0.053714800341674265 off 0.0506674835121993	false	1.0
gangster	neg 1.0		__DUMMY__ 0.8884552486311501 off 0.056975170036200735 neg 0.054569581332649164	false	0.5
krank	neg 1.0		__DUMMY__ 0.8876385293411989 off 0.06052294490161486 neg 0.05183852575718619	false	0.5
reich	neg 1.0		__DUMMY__ 0.8860753191822888 off 0.05828922246308686 neg 0.055635458354624294	false	0.5
gnadenlos	neg 1.0		__DUMMY__ 0.8889910112430478 off 0.055557331357253825 neg 0.055451657399698456	false	0.5
niedergeschlagen	neg 1.0		__DUMMY__ 0.8926287220280885 neg 0.05398482197726042 off 0.05338645599465115	false	1.0
terrorisieren	off 1.0	off 1.0	off 0.5093606678236737 __DUMMY__ 0.44776483971207376 neg 0.04287449246425248	false	1.0
sinnlosigkeit	neg 1.0		__DUMMY__ 0.8890833790549341 neg 0.05791427228875992 off 0.05300234865630592	false	1.0
behindern	neg 1.0		__DUMMY__ 0.8883998691680726 neg 0.05782149486660687 off 0.05377863596532058	false	1.0
undemokratisch	neg 1.0		__DUMMY__ 0.8855707991313827 neg 0.05883124085637387 off 0.05559796001224348	false	1.0
wirtschaftskrise	neg 1.0		__DUMMY__ 0.8887738710154709 neg 0.059455639263358326 off 0.05177048972117083	false	1.0
neid	neg 1.0		__DUMMY__ 0.8903114851945867 off 0.05873017739132238 neg 0.050958337414090865	false	0.5
rutschen	neg 1.0	neg 1.0	neg 0.5108146347076397 __DUMMY__ 0.45290773986776167 off 0.036277625424598565	false	1.0
rezession	neg 1.0		__DUMMY__ 0.8822500370812979 off 0.0630952494815322 neg 0.05465471343716986	false	0.5
fehlgeburt	neg 1.0		__DUMMY__ 0.8917780111108009 off 0.05622122153305028 neg 0.05200076735614872	false	0.5
charakterschwach	off 1.0		__DUMMY__ 0.8860785750156046 off 0.06031450122400163 neg 0.05360692376039376	false	1.0
isolation	neg 1.0		__DUMMY__ 0.8885878064915866 off 0.05806168319070185 neg 0.05335051031771158	false	0.5
ablenkung	neg 1.0		__DUMMY__ 0.8898441893734302 neg 0.055265761320455645 off 0.054890049306114116	false	1.0
pech	neg 1.0		__DUMMY__ 0.8884026233905459 off 0.05765356975527739 neg 0.05394380685417666	false	0.5
vermeidung	neg 1.0		__DUMMY__ 0.88411786071356 off 0.06020732649933229 neg 0.05567481278710771	false	0.5
dominieren	neg 1.0		__DUMMY__ 0.8937200766977919 neg 0.05477044448713444 off 0.051509478815073756	false	1.0
schwindlig	neg 1.0		__DUMMY__ 0.892781413464418 off 0.05641011874961808 neg 0.05080846778596391	false	0.5
lutscher	neg 1.0		__DUMMY__ 0.8791254093675048 off 0.06795512064399072 neg 0.052919469988504456	false	0.5
pflicht	neg 1.0		__DUMMY__ 0.890001426184482 neg 0.0595759511326622 off 0.050422622682855724	false	1.0
faschist	off 1.0		__DUMMY__ 0.8846559944492968 neg 0.057818205490424913 off 0.057525800060278326	false	0.5
verschleudern	neg 1.0		__DUMMY__ 0.8853724724525205 neg 0.06357809395666748 off 0.05104943359081198	false	1.0
wenn			__DUMMY__ 0.8873284614804257 off 0.058594698094416545 neg 0.05407684042515777	false	0.0
ehebruch	neg 1.0		__DUMMY__ 0.8901987813074341 neg 0.057797837693661876 off 0.052003380998904	false	1.0
spott	off 1.0		__DUMMY__ 0.8887719612548926 neg 0.059684392028958616 off 0.05154364671614876	false	0.5
trostlosigkeit	neg 1.0		__DUMMY__ 0.8933432385085502 neg 0.05741926468351204 off 0.04923749680793769	false	1.0
lutschen	neg 1.0		__DUMMY__ 0.8867274608491145 off 0.05683561937609535 neg 0.05643691977479024	false	0.5
undiszipliniert	neg 1.0		__DUMMY__ 0.8867795462783082 off 0.06140786084568363 neg 0.05181259287600808	false	0.5
kopfschmerz	neg 1.0		__DUMMY__ 0.8926099738940446 neg 0.054539819060957076 off 0.052850207044998286	false	1.0
unvorhergesehen	neg 1.0		__DUMMY__ 0.8954482062106047 neg 0.05369705902035518 off 0.05085473476904007	false	1.0
desinteressiert	neg 1.0		__DUMMY__ 0.8847427978035968 off 0.061370985007791236 neg 0.05388621718861204	false	0.5
armselig	off 1.0		__DUMMY__ 0.8821671066446581 off 0.06234017549965395 neg 0.05549271785568789	false	1.0
desaster	neg 1.0		__DUMMY__ 0.8913115185881534 neg 0.060396464676596484 off 0.04829201673525005	false	1.0
tod	neg 1.0		__DUMMY__ 0.8954273983469836 neg 0.05305110932144551 off 0.051521492331570905	false	1.0
herzlos	neg 1.0		__DUMMY__ 0.8838730265013223 off 0.06268106216506207 neg 0.05344591133361567	false	0.5
unwissenheit	neg 1.0		__DUMMY__ 0.8868846230089314 neg 0.06029647575708471 off 0.052818901233983716	false	1.0
widersinnig	neg 1.0	neg 1.0	neg 0.5167539373220569 __DUMMY__ 0.44282501732943585 off 0.040421045348507344	false	1.0
bedenklich	neg 1.0		__DUMMY__ 0.8890446904529578 neg 0.05923143112814815 off 0.051723878418894066	false	1.0
beanstanden	neg 1.0		__DUMMY__ 0.8910595933677342 neg 0.05912222475626422 off 0.04981818187600161	false	1.0
panisch	neg 1.0	neg 1.0	neg 0.507927754153355 __DUMMY__ 0.44898963339037 off 0.04308261245627489	false	1.0
debil	off 1.0		__DUMMY__ 0.8952658868944596 neg 0.05966820983993758 off 0.04506590326560284	false	0.5
abstrich	neg 1.0		__DUMMY__ 0.8905822766906181 neg 0.05843145797919998 off 0.05098626533018204	false	1.0
primitiv	neg 1.0		__DUMMY__ 0.884384894494449 off 0.060948980373273835 neg 0.05466612513227711	false	0.5
abschaum	off 1.0	off 1.0	off 0.5149396463603209 __DUMMY__ 0.4432687977837361 neg 0.041791555855943005	false	1.0
provozieren	neg 1.0		__DUMMY__ 0.8878686693033997 neg 0.05673171151145702 off 0.05539961918514338	false	1.0
tot	neg 1.0		__DUMMY__ 0.8908201682077581 neg 0.05842541860387768 off 0.050754413188364184	false	1.0
instabil	neg 1.0		__DUMMY__ 0.8821886588720524 off 0.06064940251574495 neg 0.05716193861220256	false	0.5
schwuchtel	off 1.0		__DUMMY__ 0.8764041116866195 off 0.07225978323502154 neg 0.05133610507835898	false	1.0
zerren	neg 1.0		__DUMMY__ 0.8923960045494589 neg 0.053998711773051454 off 0.05360528367748969	false	1.0
kinderficker	off 1.0		__DUMMY__ 0.8801421169867055 off 0.06455846794742297 neg 0.05529941506587156	false	1.0
gefahr	neg 1.0		__DUMMY__ 0.8918496536634887 neg 0.058046783049732535 off 0.050103563286778764	false	1.0
rabiat	neg 1.0		__DUMMY__ 0.8879260010962347 neg 0.0572838750895364 off 0.054790123814228944	false	1.0
verlangsamung	neg 1.0		__DUMMY__ 0.8824621788772453 off 0.06611739894614206 neg 0.05142042217661271	false	0.5
ausgestorben	neg 1.0		__DUMMY__ 0.8914134051856514 neg 0.05443524950064028 off 0.05415134531370841	false	1.0
anklagen	neg 1.0		__DUMMY__ 0.8889835502498497 neg 0.05775806039608169 off 0.053258389354068646	false	1.0
trott	neg 1.0		__DUMMY__ 0.8904701394844412 neg 0.05553159703314968 off 0.05399826348240912	false	1.0
verminderung	neg 1.0		__DUMMY__ 0.8846160863001336 off 0.060897861162752046 neg 0.05448605253711445	false	0.5
nach			__DUMMY__ 0.9003222848478283 neg 0.05321325123081896 off 0.04646446392135278	false	0.0
rost	neg 1.0		__DUMMY__ 0.8845304741299747 off 0.0647789163879857 neg 0.05069060948203964	false	0.5
destruktiv	neg 1.0		__DUMMY__ 0.8863716392685704 neg 0.059189506983632165 off 0.05443885374779737	false	1.0
unzumutbarkeit	neg 1.0		__DUMMY__ 0.888619388843046 off 0.05868740669553436 neg 0.05269320446141953	false	0.5
labil	off 1.0	off 1.0	off 0.5148874271884517 __DUMMY__ 0.4432428770969828 neg 0.04186969571456549	false	1.0
ziemlich	neg 1.0		__DUMMY__ 0.8873348161238149 off 0.05999092387479374 neg 0.05267426000139127	false	0.5
lachnummer	off 1.0		__DUMMY__ 0.8875856233650328 neg 0.05767562670171521 off 0.054738749933251986	false	0.5
oder			__DUMMY__ 0.8910313520094313 off 0.05469366690174671 neg 0.054274981088822005	false	0.0
verfall	neg 1.0		__DUMMY__ 0.8933168142124613 neg 0.06058477814964619 off 0.046098407637892545	false	1.0
ausgrenzung	neg 1.0		__DUMMY__ 0.8861550498844696 neg 0.05759415227495167 off 0.05625079784057878	false	1.0
unordnung	neg 1.0		__DUMMY__ 0.8893929910102362 off 0.05935741468097748 neg 0.05124959430878642	false	0.5
fehlverhalten	neg 1.0		__DUMMY__ 0.8902166706090215 neg 0.059060544145298134 off 0.05072278524568042	false	1.0
eine			__DUMMY__ 0.8917386882930768 neg 0.058410759256079386 off 0.049850552450843834	false	0.0
nille	neg 1.0		__DUMMY__ 0.8899749430789139 neg 0.05633287795602531 off 0.053692178965060865	false	1.0
qual	neg 1.0		__DUMMY__ 0.8902997221339543 neg 0.055837391223643056 off 0.05386288664240264	false	1.0
verschwenden	neg 1.0		__DUMMY__ 0.8893048479850206 neg 0.05868712217688279 off 0.052008029838096465	false	1.0
riesig	neg 1.0	neg 1.0	neg 0.5106128098265869 __DUMMY__ 0.45037016714548467 off 0.03901702302792844	false	1.0
verurteilen	neg 1.0		__DUMMY__ 0.8891711270685575 neg 0.05790252597471662 off 0.052926346956725885	false	1.0
klischee	neg 1.0	neg 1.0	neg 0.5131132650782159 __DUMMY__ 0.44282851722428745 off 0.04405821769749678	false	1.0
diktatorisch	neg 1.0		__DUMMY__ 0.8845107216829526 neg 0.059335465890554634 off 0.056153812426492755	false	1.0
vorhersehbar	neg 1.0	neg 1.0	neg 0.5127431266442659 __DUMMY__ 0.44362605095036545 off 0.043630822405368606	false	1.0
sowie			__DUMMY__ 0.8828382601680169 off 0.06442654190585247 neg 0.052735197926130586	false	0.0
stornieren	neg 1.0		__DUMMY__ 0.8952963750442139 off 0.05508890283640484 neg 0.04961472211938129	false	0.5
besteuerung	neg 1.0		__DUMMY__ 0.88503120698165 neg 0.05998556878975207 off 0.054983224228597895	false	1.0
ungeschminkt	neg 1.0		__DUMMY__ 0.884720698815343 off 0.05989415534280575 neg 0.05538514584185124	false	0.5
kritisch	neg 1.0		__DUMMY__ 0.8891926924904543 neg 0.05918753326820454 off 0.05161977424134121	false	1.0
schlamperei	off 1.0		__DUMMY__ 0.8892238146498658 neg 0.06012045143870381 off 0.05065573391143046	false	0.5
sucht	neg 1.0	neg 1.0	neg 0.5103088433738592 __DUMMY__ 0.44865705535066674 off 0.04103410127547405	false	1.0
egoistisch	off 1.0		__DUMMY__ 0.8835054553497547 off 0.0648712051282308 neg 0.05162333952201445	false	1.0
ausbeuter	off 1.0		__DUMMY__ 0.8888271562556107 neg 0.06058287449623217 off 0.050589969248157084	false	0.5
arschgeburt	off 1.0		__DUMMY__ 0.8754451814949628 off 0.07253098557583168 neg 0.05202383292920554	false	1.0
schubs	neg 1.0	neg 1.0	neg 0.5111121438418933 __DUMMY__ 0.4493545666201829 off 0.03953328953792385	false	1.0
unsolide	neg 1.0		__DUMMY__ 0.880885678882227 neg 0.06262832983352351 off 0.05648599128424945	false	1.0
beschwerde	neg 1.0		__DUMMY__ 0.8891378238540375 neg 0.06011833650528606 off 0.050743839640676476	false	1.0
stocken	neg 1.0		__DUMMY__ 0.8905141145101669 neg 0.05821186138203831 off 0.05127402410779476	false	1.0
isolieren	neg 1.0		__DUMMY__ 0.8888284069502347 neg 0.058907208883609376 off 0.05226438416615599	false	1.0
unheilbar	neg 1.0		__DUMMY__ 0.8919218424192031 off 0.05524296010895062 neg 0.05283519747184623	false	0.5
pisser	off 1.0		__DUMMY__ 0.885971878456625 off 0.06113969859709546 neg 0.052888422946279594	false	1.0
löschen	neg 1.0		__DUMMY__ 0.8895296394829474 neg 0.05598596619485657 off 0.0544843943221961	false	1.0
durchfallen	neg 1.0		__DUMMY__ 0.887472762441027 neg 0.05980277406129544 off 0.052724463497677544	false	1.0
wichser	off 1.0		__DUMMY__ 0.8807579302760759 off 0.06913611832415857 neg 0.05010595139976545	false	1.0
terror	neg 1.0		__DUMMY__ 0.8902194162659346 off 0.05684288014857862 neg 0.05293770358548678	false	0.5
krass	neg 1.0		__DUMMY__ 0.8838588352451852 off 0.06281049145776638 neg 0.05333067329704851	false	0.5
revolte	neg 1.0		__DUMMY__ 0.8857466189578382 neg 0.05754011921038656 off 0.05671326183177516	false	1.0
besorgt	neg 1.0		__DUMMY__ 0.8937067225230225 neg 0.05354451313552378 off 0.05274876434145369	false	1.0
nachlassen	neg 1.0		__DUMMY__ 0.8916598840357398 neg 0.05766348240665243 off 0.05067663355760786	false	1.0
alt	neg 1.0		__DUMMY__ 0.8914143472160947 neg 0.05733890702858797 off 0.051246745755317416	false	1.0
hundesohn	off 1.0		__DUMMY__ 0.8791615607549492 off 0.06803781486317975 neg 0.05280062438187101	false	1.0
als			__DUMMY__ 0.8922460577416564 neg 0.054771130428803876 off 0.05298281182953982	false	0.0
abschreckung	neg 1.0		__DUMMY__ 0.8920702477661023 neg 0.05853644313212164 off 0.049393309101776105	false	1.0
unqualifiziert	neg 1.0		__DUMMY__ 0.8831927475925706 neg 0.05894794429200317 off 0.05785930811542627	false	1.0
abgewichst	off 1.0		__DUMMY__ 0.8908623547427601 neg 0.05612194410954534 off 0.05301570114769444	false	0.5
schwer	neg 1.0		__DUMMY__ 0.8897677352575777 neg 0.055630139885089386 off 0.05460212485733292	false	1.0
bedeutungslosigkeit	neg 1.0		__DUMMY__ 0.890665436177547 neg 0.059141826832610975 off 0.05019273698984196	false	1.0
kapitulation	neg 1.0		__DUMMY__ 0.8878211975898719 neg 0.06069276674369476 off 0.05148603566643333	false	1.0
unscharf	neg 1.0		__DUMMY__ 0.8881054733701544 off 0.056249336024937036 neg 0.05564519060490859	false	0.5
schwinden	neg 1.0		__DUMMY__ 0.890834846275387 neg 0.059197246471390054 off 0.04996790725322295	false	1.0
versklavung	neg 1.0		__DUMMY__ 0.8848126288789065 neg 0.059474309250252384 off 0.05571306187084104	false	1.0
schlecht	neg 1.0		__DUMMY__ 0.8876307303791536 off 0.06014642304748583 neg 0.0522228465733605	false	0.5
verhasst	neg 1.0		__DUMMY__ 0.8880311950461003 neg 0.05622121482051802 off 0.055747590133381736	false	1.0
beschweren	neg 1.0		__DUMMY__ 0.888287784774099 off 0.05639773920202404 neg 0.05531447602387702	false	0.5
scheiden	neg 1.0		__DUMMY__ 0.8950998152882549 off 0.05452072107609994 neg 0.05037946363564519	false	0.5
frustriert	neg 1.0		__DUMMY__ 0.8900948776048283 neg 0.05619967798404747 off 0.05370544441112418	false	1.0
schimmelig	neg 1.0		__DUMMY__ 0.8924112428534805 neg 0.05708716225803934 off 0.05050159488848012	false	1.0
fisch	neg 1.0		__DUMMY__ 0.8975127362312685 neg 0.053157248896141505 off 0.049330014872590026	false	1.0
schmuggel	neg 1.0		__DUMMY__ 0.8961122931861696 neg 0.05392626633517428 off 0.049961440478656235	false	1.0
auffallen	neg 1.0		__DUMMY__ 0.8882879686644494 off 0.05695262397258254 neg 0.054759407362968034	false	0.5
konkurrenz	neg 1.0	neg 1.0	neg 0.5147947242922286 __DUMMY__ 0.4479417854825842 off 0.03726349022518714	false	1.0
teufelskreis	neg 1.0		__DUMMY__ 0.8890721660911733 neg 0.05671699052472265 off 0.0542108433841039	false	1.0
aufschreien	neg 1.0		__DUMMY__ 0.8871094491428196 off 0.056901578458332276 neg 0.055988972398848084	false	0.5
schuldner	neg 1.0		__DUMMY__ 0.8917869948662297 neg 0.05800386526952715 off 0.050209139864243094	false	1.0
missgeburt	off 1.0	off 1.0	off 0.5188767551684795 __DUMMY__ 0.44132940863029124 neg 0.0397938362012292	false	1.0
arbeitslos	neg 1.0		__DUMMY__ 0.8875740856693781 neg 0.0594146789588463 off 0.053011235371775565	false	1.0
befallen	neg 1.0		__DUMMY__ 0.8899080548057324 neg 0.05688201497644707 off 0.053209930217820556	false	1.0
miesepetrig	off 1.0	off 1.0	off 0.5153144497348852 __DUMMY__ 0.4447173915522781 neg 0.03996815871283667	false	1.0
alarmieren	neg 1.0		__DUMMY__ 0.8850195216036935 off 0.05890330873851439 neg 0.05607716965779208	false	0.5
ungeduscht	off 1.0		__DUMMY__ 0.8888516419320112 off 0.057376585994693974 neg 0.05377177207329476	false	1.0
knappheit	neg 1.0		__DUMMY__ 0.8878098399954628 neg 0.06087105040505899 off 0.0513191095994783	false	1.0
schlange	neg 1.0		__DUMMY__ 0.8917176491996232 off 0.05613550023136172 neg 0.05214685056901511	false	0.5
harsch	neg 1.0		__DUMMY__ 0.8860927360631113 off 0.06353063704254922 neg 0.05037662689433944	false	0.5
lang	neg 1.0		__DUMMY__ 0.8898696377086919 neg 0.055245768983294044 off 0.05488459330801405	false	1.0
ziellos	neg 1.0		__DUMMY__ 0.8922167429615818 neg 0.055364711138549086 off 0.052418545899868996	false	1.0
selbstverliebt	neg 1.0		__DUMMY__ 0.8770254629541819 off 0.07004364889972829 neg 0.05293088814608981	false	0.5
beseitigen	neg 1.0	neg 1.0	neg 0.5102435249376397 __DUMMY__ 0.4490643545009044 off 0.04069212056145585	false	1.0
dumm	off 1.0		__DUMMY__ 0.8817498957252964 off 0.06570974665356932 neg 0.05254035762113432	false	1.0
arbeitsloser	neg 1.0		__DUMMY__ 0.8904807342477422 neg 0.05723880432323027 off 0.05228046142902759	false	1.0
blitzen	neg 1.0		__DUMMY__ 0.8880686424162912 off 0.05751877533186345 neg 0.05441258225184533	false	0.5
hilflos	neg 1.0		__DUMMY__ 0.8905238339554503 neg 0.05625527209466194 off 0.053220893949887715	false	1.0
eklig	off 1.0		__DUMMY__ 0.8816918803019377 off 0.06619661973779342 neg 0.05211149996026887	false	1.0
begriff			__DUMMY__ 0.8882254757047388 neg 0.05810959693008897 off 0.053664927365172366	false	0.0
hungersnot	neg 1.0		__DUMMY__ 0.8916605334836823 neg 0.055229030160376266 off 0.053110436355941266	false	1.0
ungesetzlich	neg 1.0		__DUMMY__ 0.8807926535597512 neg 0.06231120505217415 off 0.05689614138807459	false	1.0
verschwendung	neg 1.0		__DUMMY__ 0.8908131942788683 neg 0.05819893277498894 off 0.050987872946142786	false	1.0
schmerzvoll	neg 1.0		__DUMMY__ 0.8889520277359411 off 0.056297428517293684 neg 0.05475054374676518	false	0.5
vorzeitig	neg 1.0		__DUMMY__ 0.8902370551546555 off 0.05734966177293581 neg 0.052413283072408674	false	0.5
unvollkommenheit	neg 1.0		__DUMMY__ 0.896679306315049 off 0.05227825974209818 neg 0.05104243394285273	false	0.5
intervenieren	neg 1.0		__DUMMY__ 0.8886611238561043 neg 0.060477485716784046 off 0.05086139042711171	false	1.0
banause	off 1.0		__DUMMY__ 0.8786556990214407 off 0.06804818990896724 neg 0.05329611106959213	false	1.0
rebell	neg 1.0		__DUMMY__ 0.8940223741915547 neg 0.05838292300742337 off 0.0475947028010219	false	1.0
unlogisch	neg 1.0		__DUMMY__ 0.8844816268830415 off 0.06238185193034805 neg 0.053136521186610365	false	0.5
leiden	neg 1.0		__DUMMY__ 0.8978957115153309 neg 0.05206612860285485 off 0.050038159881814356	false	1.0
abschaffung	neg 1.0		__DUMMY__ 0.8857426374599844 neg 0.05915921890082201 off 0.0550981436391937	false	1.0
sturz	neg 1.0		__DUMMY__ 0.8906195052656676 neg 0.05489024613005504 off 0.05449024860427739	false	1.0
verkleinerung	neg 1.0		__DUMMY__ 0.8832628597767594 neg 0.05936586832652366 off 0.05737127189671682	false	1.0
schmarotzer	off 1.0		__DUMMY__ 0.887433387394247 neg 0.05965541420569407 off 0.052911198400058895	false	0.5
bestrafung	neg 1.0		__DUMMY__ 0.8882418876126844 off 0.05603529584300874 neg 0.055722816544306907	false	0.5
achtlos	neg 1.0		__DUMMY__ 0.8909964267678684 neg 0.05453345947233198 off 0.054470113759799585	false	1.0
ungeheuer	neg 1.0		__DUMMY__ 0.8890150574590905 off 0.057328282997818995 neg 0.05365665954309043	false	0.5
