unsolidarisch	neg 1.0		neg 0.4919364807670236 off 0.4657627339507876 __DUMMY__ 0.04230078528218878	false	1.0
nachteilig	neg 1.0		neg 0.49251719757664886 off 0.46472562333649425 __DUMMY__ 0.042757179086856785	false	1.0
skeptisch	neg 1.0		neg 0.49270117934184937 off 0.4644598790060995 __DUMMY__ 0.04283894165205106	false	1.0
schrecklich	neg 1.0		off 0.4803113954825795 neg 0.47728424867456704 __DUMMY__ 0.04240435584285341	false	0.5
schlapp	neg 1.0		neg 0.4810623176425156 off 0.47631226020589124 __DUMMY__ 0.04262542215159319	false	1.0
abfall	neg 1.0		neg 0.4949737985032371 off 0.4620649392064257 __DUMMY__ 0.04296126229033713	false	1.0
widerspenstig	neg 1.0		neg 0.486276893659364 off 0.47093828242429686 __DUMMY__ 0.04278482391633902	false	1.0
abrupt	neg 1.0		neg 0.4896493959919888 off 0.4673025757899302 __DUMMY__ 0.04304802821808102	false	1.0
unwirksam	neg 1.0		neg 0.4906426933490327 off 0.4669497888685268 __DUMMY__ 0.04240751778244045	false	1.0
angreifen	neg 1.0	neg 1.0	neg 0.732171270033292 off 0.24731863628338097 __DUMMY__ 0.020510093683327006	false	1.0
inkonsistent	neg 1.0		neg 0.4853521712343517 off 0.4718805007208602 __DUMMY__ 0.04276732804478823	false	1.0
abrutschen	neg 1.0		neg 0.49453112996471643 off 0.4625078867941191 __DUMMY__ 0.04296098324116447	false	1.0
unsicher	neg 1.0		neg 0.48620834855502987 off 0.47099168755106263 __DUMMY__ 0.042799963893907465	false	1.0
bauernkind	off 1.0	off 1.0	off 0.7239519202176785 neg 0.2559283684799326 __DUMMY__ 0.02011971130238894	false	1.0
angreifer	neg 1.0		neg 0.48484624280520827 off 0.47237597979865137 __DUMMY__ 0.04277777739614041	false	1.0
trennen	neg 1.0		neg 0.48815968590946607 off 0.4686808223305768 __DUMMY__ 0.04315949175995709	false	1.0
schmutz	neg 1.0		neg 0.48130844262956995 off 0.4756346221727487 __DUMMY__ 0.04305693519768146	false	1.0
inkonsistenz	neg 1.0		neg 0.48594083732236193 off 0.4717610445106949 __DUMMY__ 0.042298118166943295	false	1.0
erschreckend	neg 1.0		neg 0.48907098355996115 off 0.46824953047019224 __DUMMY__ 0.04267948596984648	false	1.0
ertrinken	neg 1.0		neg 0.48860679233671883 off 0.46836764171606005 __DUMMY__ 0.04302556594722099	false	1.0
pickelface	off 1.0		neg 0.48931652440799717 off 0.46791291732292345 __DUMMY__ 0.04277055826907957	false	0.5
seiner			neg 0.4906369620442321 off 0.4663867913448792 __DUMMY__ 0.04297624661088865	false	0.0
lauch	neg 1.0		neg 0.4953877786445097 off 0.46174727112029007 __DUMMY__ 0.0428649502352001	false	1.0
unwichtig	neg 1.0		neg 0.4829042506807797 off 0.47459815381923387 __DUMMY__ 0.04249759549998644	false	1.0
steuerhinterziehung	neg 1.0		neg 0.49134143662572344 off 0.4660965780174224 __DUMMY__ 0.04256198535685424	false	1.0
schock	neg 1.0		neg 0.48532358255883257 off 0.47167626429888493 __DUMMY__ 0.043000153142282484	false	1.0
beule	neg 1.0		neg 0.48050845736704584 off 0.47685523379044314 __DUMMY__ 0.04263630884251111	false	1.0
vergelten	neg 1.0		off 0.48077732039065757 neg 0.47655427486127433 __DUMMY__ 0.042668404748068156	false	0.5
verdorbenheit	neg 1.0		neg 0.48669491854785724 off 0.47048331558565504 __DUMMY__ 0.042821765866487636	false	1.0
trauma	neg 1.0		neg 0.4858162898764243 off 0.47146273153726914 __DUMMY__ 0.042720978586306545	false	1.0
sinnlos	neg 1.0		neg 0.4835271869801473 off 0.4737154011513139 __DUMMY__ 0.04275741186853881	false	1.0
fettsack	off 1.0	off 1.0	off 0.7260660664251022 neg 0.25372004416904986 __DUMMY__ 0.020213889405847913	false	1.0
feige	off 1.0	off 1.0	off 0.7226288412924441 neg 0.25708885628150485 __DUMMY__ 0.020282302426050985	false	1.0
abdanken	neg 1.0		neg 0.4898591771538643 off 0.46754875717058975 __DUMMY__ 0.04259206567554601	false	1.0
wichtigtuer	off 1.0	off 1.0	off 0.7211526916056186 neg 0.25848852786680065 __DUMMY__ 0.020358780527580764	false	1.0
misslingen	neg 1.0		neg 0.4816013320626259 off 0.47527658597408023 __DUMMY__ 0.043122081963293986	false	1.0
untreu	off 1.0		neg 0.4818200097093405 off 0.4757405322904515 __DUMMY__ 0.042439458000207986	false	0.5
missmutig	neg 1.0		neg 0.4821906183447351 off 0.47525542803816334 __DUMMY__ 0.0425539536171015	false	1.0
hurenbock	off 1.0		neg 0.4842878783363636 off 0.4729028422691239 __DUMMY__ 0.04280927939451256	false	0.5
betrunken	neg 1.0		off 0.479722596550778 neg 0.47763990341567697 __DUMMY__ 0.042637500033545016	false	0.5
korrupt	off 1.0		neg 0.4932469030257858 off 0.46428806642665904 __DUMMY__ 0.04246503054755525	false	0.5
unmut	neg 1.0		neg 0.49534658287697414 off 0.461741291204411 __DUMMY__ 0.04291212591861493	false	1.0
hackfresse	off 1.0		off 0.4826065480537777 neg 0.4752397911341235 __DUMMY__ 0.04215366081209889	false	1.0
aufblasen	neg 1.0		neg 0.48388078305951376 off 0.47327823189684914 __DUMMY__ 0.04284098504363707	false	1.0
gewaltsam	neg 1.0		neg 0.487425713575296 off 0.4697648518239693 __DUMMY__ 0.042809434600734754	false	1.0
unbeliebtheit	neg 1.0		neg 0.48827872093800184 off 0.46967047480896895 __DUMMY__ 0.042050804253029136	false	1.0
sturheit	neg 1.0		neg 0.48935625881747863 off 0.46798624330058564 __DUMMY__ 0.04265749788193573	false	1.0
kuh	neg 1.0		neg 0.48837885845477813 off 0.46911180223051885 __DUMMY__ 0.042509339314702965	false	1.0
erschrecken	neg 1.0		neg 0.4819861515734404 off 0.4753493558587766 __DUMMY__ 0.04266449256778317	false	1.0
opfer	neg 1.0		neg 0.489367874279032 off 0.46768260332905043 __DUMMY__ 0.042949522391917655	false	1.0
sinken	neg 1.0		neg 0.49409902342217105 off 0.46294974562400126 __DUMMY__ 0.042951230953827774	false	1.0
stinktier	neg 1.0		off 0.47933077899395754 neg 0.4784450416449583 __DUMMY__ 0.04222417936108407	false	0.5
tucke	off 1.0		off 0.48066685424226613 neg 0.4774612904895491 __DUMMY__ 0.04187185526818468	false	1.0
ein			neg 0.4851733625276669 off 0.47202606376728395 __DUMMY__ 0.042800573705049166	false	0.0
abstieg	neg 1.0		neg 0.48937529342847497 off 0.4675640598126998 __DUMMY__ 0.0430606467588253	false	1.0
missverstehen	neg 1.0		neg 0.48538452384557307 off 0.47206575371425685 __DUMMY__ 0.04254972244017009	false	1.0
ergebnislos	neg 1.0		neg 0.4921351070038295 off 0.46504653295150095 __DUMMY__ 0.04281836004466965	false	1.0
unter			neg 0.495726881165702 off 0.46085539724915303 __DUMMY__ 0.04341772158514493	false	0.0
manipulieren	neg 1.0		neg 0.4926523129411441 off 0.4645131391843824 __DUMMY__ 0.042834547874473536	false	1.0
unbewiesen	neg 1.0		neg 0.4923495883005531 off 0.4654227824200569 __DUMMY__ 0.04222762927938992	false	1.0
verschleppen	neg 1.0		neg 0.4899627458587267 off 0.46722036659955 __DUMMY__ 0.042816887541723386	false	1.0
weib	off 1.0		off 0.4823683161956916 neg 0.47549675129398644 __DUMMY__ 0.04213493251032195	false	1.0
opposition	neg 1.0		neg 0.4870344985450935 off 0.47045843512678737 __DUMMY__ 0.04250706632811923	false	1.0
verkehrswidrig	neg 1.0	neg 1.0	neg 0.721552926767412 off 0.2578418349597665 __DUMMY__ 0.020605238272821486	false	1.0
inkorrekt	neg 1.0		neg 0.4826219601419432 off 0.47516591759419546 __DUMMY__ 0.0422121222638614	false	1.0
vermeiden	neg 1.0		neg 0.49551351606835425 off 0.46134022966836247 __DUMMY__ 0.04314625426328333	false	1.0
abweichung	neg 1.0		neg 0.4920811021535393 off 0.4651593929007372 __DUMMY__ 0.04275950494572346	false	1.0
alkoholisiert	neg 1.0		neg 0.4873510149841159 off 0.4693457908123452 __DUMMY__ 0.043303194203539015	false	1.0
scheiss	off 1.0	off 1.0	off 0.7237852378859618 neg 0.255839934448651 __DUMMY__ 0.020374827665387223	false	1.0
herausforderung	neg 1.0	neg 1.0	neg 0.728859515134963 off 0.25031047254491684 __DUMMY__ 0.020830012320120148	false	1.0
pervers	off 1.0		off 0.48572447770570937 neg 0.4722362426878064 __DUMMY__ 0.042039279606484355	false	1.0
wackelig	neg 1.0		neg 0.486317111086885 off 0.47057863828756286 __DUMMY__ 0.043104250625552065	false	1.0
verwickeln	neg 1.0		neg 0.48562980726388527 off 0.4718285878468574 __DUMMY__ 0.04254160488925749	false	1.0
vorwand	neg 1.0		neg 0.4928278768321924 off 0.4642572394101174 __DUMMY__ 0.04291488375769026	false	1.0
muschi	off 1.0		neg 0.4888004608614172 off 0.46843090662884135 __DUMMY__ 0.042768632509741354	false	0.5
entmutigung	neg 1.0		neg 0.4882582959630788 off 0.46929902364006254 __DUMMY__ 0.04244268039685858	false	1.0
unangemessen	neg 1.0		neg 0.49043786954133434 off 0.46690268835112225 __DUMMY__ 0.04265944210754357	false	1.0
unstetig	neg 1.0		neg 0.4844652643952455 off 0.47269810786373917 __DUMMY__ 0.04283662774101529	false	1.0
entmutigen	neg 1.0		neg 0.4856113207626865 off 0.4716995084080621 __DUMMY__ 0.04268917082925145	false	1.0
schwanz	neg 1.0		neg 0.4913045966143085 off 0.4657780626155007 __DUMMY__ 0.042917340770190875	false	1.0
verbot	neg 1.0		neg 0.4920358634615445 off 0.4653458967912286 __DUMMY__ 0.042618239747226894	false	1.0
leid	neg 1.0		off 0.4819448294968811 neg 0.47564755126973646 __DUMMY__ 0.042407619233382425	false	0.5
archaisch	neg 1.0		neg 0.4889097713262259 off 0.46827725291114525 __DUMMY__ 0.04281297576262885	false	1.0
gegen			neg 0.49244306802688265 off 0.46451251321133435 __DUMMY__ 0.04304441876178298	false	0.0
scheidung	neg 1.0		off 0.4901532139791167 neg 0.4678101154289279 __DUMMY__ 0.04203667059195542	false	0.5
einschlag	neg 1.0	neg 1.0	neg 0.724293571129767 off 0.2553291344605107 __DUMMY__ 0.020377294409722326	false	1.0
m			neg 0.48802614757043355 off 0.46904559613868324 __DUMMY__ 0.042928256290883204	false	0.0
abgestanden	neg 1.0		neg 0.4849524090659945 off 0.47223088838022703 __DUMMY__ 0.04281670255377837	false	1.0
schmierig	off 1.0		off 0.4813362268151371 neg 0.47624513254333944 __DUMMY__ 0.04241864064152362	false	1.0
unpraktisch	neg 1.0		neg 0.48402178609036123 off 0.4731046864073818 __DUMMY__ 0.042873527502257064	false	1.0
wixxer	off 1.0		off 0.4848378549761051 neg 0.4731836080267321 __DUMMY__ 0.04197853699716279	false	1.0
bezeichnet			neg 0.48824157336903884 off 0.4690811504593164 __DUMMY__ 0.04267727617164466	false	0.0
jammerlappen	off 1.0		neg 0.4823524713548967 off 0.47511797451038257 __DUMMY__ 0.042529554134720954	false	0.5
farce	neg 1.0		neg 0.49208330835264436 off 0.46540475048837554 __DUMMY__ 0.04251194115898001	false	1.0
zwecklos	neg 1.0		neg 0.4901253520952269 off 0.4671799719101504 __DUMMY__ 0.04269467599462258	false	1.0
turbulent	neg 1.0		neg 0.48228948281564804 off 0.47525018539357144 __DUMMY__ 0.042460331790780605	false	1.0
invasion	neg 1.0		neg 0.48383359854636215 off 0.4734460623947735 __DUMMY__ 0.04272033905886446	false	1.0
schuld	neg 1.0		neg 0.48640608434419513 off 0.4709188615291184 __DUMMY__ 0.04267505412668658	false	1.0
risiko	neg 1.0		neg 0.48519854404403073 off 0.4719346619672971 __DUMMY__ 0.042866793988672235	false	1.0
finster	neg 1.0		neg 0.4849320363563475 off 0.47228305359391604 __DUMMY__ 0.04278491004973636	false	1.0
geisteskrank	off 1.0		neg 0.4818319447043856 off 0.4758080582697733 __DUMMY__ 0.0423599970258412	false	0.5
zusammenbrechen	neg 1.0		neg 0.4874843650178604 off 0.4696411513384731 __DUMMY__ 0.0428744836436664	false	1.0
ausbeute	neg 1.0		neg 0.48916284958441825 off 0.4677270112858569 __DUMMY__ 0.04311013912972468	false	1.0
hinterhalt	neg 1.0		neg 0.48699615105103405 off 0.4700350779238995 __DUMMY__ 0.04296877102506657	false	1.0
kritik	neg 1.0		neg 0.49169705875447023 off 0.4657335712055296 __DUMMY__ 0.04256937004	false	1.0
einschrumpfen	neg 1.0		neg 0.4864912034433905 off 0.4711189844858813 __DUMMY__ 0.042389812070728256	false	1.0
riskant	neg 1.0		neg 0.49134407295402904 off 0.4658593652844427 __DUMMY__ 0.04279656176152821	false	1.0
frustrieren	neg 1.0		neg 0.4906992992533666 off 0.4664686265179788 __DUMMY__ 0.042832074228654565	false	1.0
groll	neg 1.0		neg 0.48937963778756516 off 0.4678181847240071 __DUMMY__ 0.042802177488427726	false	1.0
gibt			neg 0.48908099960113927 off 0.46814631715377014 __DUMMY__ 0.042772683245090634	false	0.0
qualvoll	neg 1.0		neg 0.4819451539508201 off 0.47529047910163486 __DUMMY__ 0.04276436694754507	false	1.0
wackeln	neg 1.0	neg 1.0	neg 0.7274414663888278 off 0.2519736918340899 __DUMMY__ 0.02058484177708229	false	1.0
klagen	neg 1.0		neg 0.494396753544272 off 0.46266645824269303 __DUMMY__ 0.04293678821303502	false	1.0
bankrott	neg 1.0		neg 0.4824903442662045 off 0.47486256422740514 __DUMMY__ 0.04264709150639029	false	1.0
trauern	neg 1.0		neg 0.4893045832481507 off 0.46771289264798416 __DUMMY__ 0.04298252410386502	false	1.0
ablehnung	neg 1.0		neg 0.4915545087084708 off 0.4658675447157735 __DUMMY__ 0.04257794657575587	false	1.0
stur	neg 1.0		neg 0.48641691860910913 off 0.47098571993074534 __DUMMY__ 0.04259736146014554	false	1.0
aufruhr	neg 1.0		neg 0.4877825538895308 off 0.4694270295368421 __DUMMY__ 0.0427904165736271	false	1.0
melancholie	neg 1.0		neg 0.4882615430986064 off 0.4688153064724457 __DUMMY__ 0.04292315042894773	false	1.0
ist			neg 0.48517519518670216 off 0.47215017822723787 __DUMMY__ 0.04267462658606009	false	0.0
torheit	neg 1.0		neg 0.48790424368584423 off 0.46954260358758904 __DUMMY__ 0.04255315272656665	false	1.0
dreckskind	off 1.0		off 0.48029591182791653 neg 0.47756725268514905 __DUMMY__ 0.042136835486934476	false	1.0
umtauschen	neg 1.0		neg 0.48695580363293967 off 0.4702629798908774 __DUMMY__ 0.04278121647618295	false	1.0
zum			neg 0.49201305254606365 off 0.4645313548114677 __DUMMY__ 0.04345559264246873	false	0.0
zersetzen	neg 1.0		neg 0.49356962549959504 off 0.46367210588632407 __DUMMY__ 0.04275826861408077	false	1.0
zur			neg 0.4954620273999829 off 0.46131382618067696 __DUMMY__ 0.04322414641934015	false	0.0
frust	neg 1.0		neg 0.48804705888922134 off 0.46910716236923844 __DUMMY__ 0.04284577874154011	false	1.0
unerbittlichkeit	neg 1.0		neg 0.4930167063329816 off 0.4641878038752676 __DUMMY__ 0.042795489791750844	false	1.0
zwei			neg 0.49086998736096166 off 0.4658369288565757 __DUMMY__ 0.04329308378246271	false	0.0
unkorrekt	neg 1.0		neg 0.4827346709687045 off 0.4751365766055156 __DUMMY__ 0.04212875242577988	false	1.0
hexe	off 1.0		neg 0.48160574937996503 off 0.47589315820296924 __DUMMY__ 0.04250109241706578	false	0.5
lasch	neg 1.0		neg 0.4853893416340721 off 0.4722060160858505 __DUMMY__ 0.04240464228007739	false	1.0
rivale	neg 1.0		neg 0.47879914268195073 off 0.47868716205377065 __DUMMY__ 0.04251369526427874	false	1.0
mutlos	off 1.0	off 1.0	off 0.7171726309921292 neg 0.2624094766741433 __DUMMY__ 0.020417892333727386	false	1.0
wirr	off 1.0		neg 0.4820551446980488 off 0.4757932854323234 __DUMMY__ 0.04215156986962792	false	0.5
jahr			neg 0.48965006636482505 off 0.4671695163242714 __DUMMY__ 0.043180417310903496	false	0.0
wird			neg 0.48994015479159275 off 0.46720078349787747 __DUMMY__ 0.04285906171052986	false	0.0
strafbar	neg 1.0		neg 0.49189663850078114 off 0.46536898464281573 __DUMMY__ 0.042734376856403244	false	1.0
erosion	neg 1.0		neg 0.4848606561144626 off 0.4722793390427167 __DUMMY__ 0.04286000484282068	false	1.0
eingehen	neg 1.0		neg 0.491325436199247 off 0.46600153057650284 __DUMMY__ 0.04267303322425015	false	1.0
faul	off 1.0		neg 0.4815193920023266 off 0.475787955438054 __DUMMY__ 0.0426926525596194	false	0.5
provisorium	neg 1.0		neg 0.4969691119465618 off 0.45970199807006557 __DUMMY__ 0.04332888998337263	false	1.0
schmerzen	neg 1.0		neg 0.4862211282914333 off 0.47097919277858236 __DUMMY__ 0.042799678929984306	false	1.0
schrumpfen	neg 1.0		neg 0.4977782964387007 off 0.45926767975967125 __DUMMY__ 0.042954023801628174	false	1.0
geistlos	off 1.0		neg 0.4884380482550303 off 0.4692965625293587 __DUMMY__ 0.042265389215610946	false	0.5
fehlkauf	neg 1.0		neg 0.4854461252131268 off 0.47189963430599297 __DUMMY__ 0.04265424048088019	false	1.0
frustrierend	neg 1.0		neg 0.4817418463245198 off 0.47554700054182275 __DUMMY__ 0.04271115313365744	false	1.0
unzufrieden	neg 1.0		neg 0.4905204299597071 off 0.4668012907253655 __DUMMY__ 0.04267827931492743	false	1.0
verzweifeln	neg 1.0		neg 0.48724479199730164 off 0.4699818025443469 __DUMMY__ 0.04277340545835153	false	1.0
verzweifelt	neg 1.0		neg 0.4856585309111221 off 0.4716858109275802 __DUMMY__ 0.0426556581612976	false	1.0
misstrauensantrag	neg 1.0		neg 0.4856200935705672 off 0.47182035256469324 __DUMMY__ 0.04255955386473962	false	1.0
abfallen	neg 1.0		neg 0.48345594631740074 off 0.4736524648160344 __DUMMY__ 0.04289158886656483	false	1.0
fucker	off 1.0		neg 0.48087802755266584 off 0.47671991972731875 __DUMMY__ 0.04240205272001548	false	0.5
ungezogen	neg 1.0		off 0.4850372945894866 neg 0.47276191736162754 __DUMMY__ 0.04220078804888586	false	0.5
irrsinnig	neg 1.0	neg 1.0	neg 0.729104995501734 off 0.25050369431031655 __DUMMY__ 0.020391310187949513	false	1.0
unfassbar	neg 1.0		neg 0.4820186257879105 off 0.47551538702970025 __DUMMY__ 0.042465987182389246	false	1.0
hart	neg 1.0		neg 0.48344006527191913 off 0.4739605317739288 __DUMMY__ 0.04259940295415214	false	1.0
widerlich	off 1.0		neg 0.48185889366534945 off 0.4757783954616347 __DUMMY__ 0.04236271087301589	false	0.5
fatal	neg 1.0		neg 0.4851048203949198 off 0.47224123236052284 __DUMMY__ 0.04265394724455727	false	1.0
bruch	neg 1.0		neg 0.4949125855065023 off 0.4622256841585813 __DUMMY__ 0.04286173033491647	false	1.0
aushungern	neg 1.0		neg 0.49035490865114856 off 0.46706741441141003 __DUMMY__ 0.04257767693744147	false	1.0
anspannung	neg 1.0	neg 1.0	neg 0.7314232572995548 off 0.2476966855137459 __DUMMY__ 0.020880057186699212	false	1.0
von			neg 0.49077470290389125 off 0.46606416556040264 __DUMMY__ 0.04316113153570605	false	0.0
kraftlos	neg 1.0		neg 0.4866832481230352 off 0.4702915129920381 __DUMMY__ 0.04302523888492681	false	1.0
vom			neg 0.4949658590938487 off 0.46159727997352784 __DUMMY__ 0.04343686093262359	false	0.0
grenzdebil	off 1.0		neg 0.4804104545179504 off 0.4771019952812107 __DUMMY__ 0.042487550200838886	false	0.5
vor			neg 0.4915709151326401 off 0.46539607875920813 __DUMMY__ 0.04303300610815184	false	0.0
unterwerfen	neg 1.0		neg 0.49097900070459355 off 0.46618322622037445 __DUMMY__ 0.042837773075032046	false	1.0
versenkung	neg 1.0		neg 0.4913314850961692 off 0.46582429411202564 __DUMMY__ 0.04284422079180527	false	1.0
entziehen	neg 1.0		neg 0.49372825794900954 off 0.4633506765645979 __DUMMY__ 0.04292106548639257	false	1.0
finanzkrise	neg 1.0		neg 0.49046350814607337 off 0.4669967900999073 __DUMMY__ 0.04253970175401946	false	1.0
schimpfend	neg 1.0		neg 0.4836516384176569 off 0.4734507202380381 __DUMMY__ 0.042897641344305106	false	1.0
profan	neg 1.0		neg 0.4841307624836496 off 0.4732467696422696 __DUMMY__ 0.04262246787408071	false	1.0
korruption	neg 1.0	neg 1.0	neg 0.731991696674318 off 0.24761104665823155 __DUMMY__ 0.02039725666745041	false	1.0
â			neg 0.48933803458363323 off 0.46772575632050195 __DUMMY__ 0.04293620909586484	false	0.0
schmutzig	neg 1.0		neg 0.47990456262668924 off 0.47749106382809214 __DUMMY__ 0.04260437354521874	false	1.0
sexy	neg 1.0		neg 0.4831095681337539 off 0.4742424796479837 __DUMMY__ 0.042647952218262494	false	1.0
abraten	neg 1.0		neg 0.484756152811074 off 0.47255527374404627 __DUMMY__ 0.04268857344487976	false	1.0
schwarz	neg 1.0		neg 0.4860725304455346 off 0.4712912255489602 __DUMMY__ 0.042636244005505065	false	1.0
fotze	off 1.0		neg 0.4909203028196935 off 0.46624546782292525 __DUMMY__ 0.042834229357381376	false	0.5
verwirren	neg 1.0		neg 0.4838096869503042 off 0.4735614615815826 __DUMMY__ 0.042628851468113155	false	1.0
zahnlos	off 1.0		neg 0.49038940443382817 off 0.46692505627498687 __DUMMY__ 0.042685539291185015	false	0.5
verheeren	neg 1.0		off 0.48739092640726506 neg 0.4702826634341696 __DUMMY__ 0.04232641015856535	false	0.5
hippie	neg 1.0		neg 0.4839892703813417 off 0.4733809017784491 __DUMMY__ 0.042629827840209134	false	1.0
rammen	neg 1.0		neg 0.4865256545653669 off 0.47082126228027354 __DUMMY__ 0.042653083154359644	false	1.0
unlauter	neg 1.0		neg 0.4910596415822164 off 0.466656072886273 __DUMMY__ 0.04228428553151052	false	1.0
unheilvoll	neg 1.0		neg 0.4820958942686196 off 0.4750239388262893 __DUMMY__ 0.04288016690509119	false	1.0
niedrig	neg 1.0		neg 0.4908958055073043 off 0.4661632133002325 __DUMMY__ 0.04294098119246326	false	1.0
explosion	neg 1.0		neg 0.48518474979006543 off 0.47223334564770936 __DUMMY__ 0.042581904562225194	false	1.0
weichei	off 1.0		off 0.4814930011129808 neg 0.4762656503543958 __DUMMY__ 0.0422413485326233	false	1.0
minusmensch	off 1.0		off 0.4822309358663207 neg 0.47593811334338115 __DUMMY__ 0.04183095079029805	false	1.0
farblos	neg 1.0		neg 0.4836336985140753 off 0.4731969497559388 __DUMMY__ 0.04316935172998599	false	1.0
unwissend	neg 1.0	neg 1.0	neg 0.7269673830351544 off 0.25273335061263824 __DUMMY__ 0.0202992663522073	false	1.0
traurig	neg 1.0		off 0.4794882368789241 neg 0.47804716182498913 __DUMMY__ 0.04246460129608682	false	0.5
senkung	neg 1.0		neg 0.48662623434987873 off 0.4709686015435837 __DUMMY__ 0.04240516410653755	false	1.0
ungleich	neg 1.0	neg 1.0	neg 0.7326786981413292 off 0.2469030365799345 __DUMMY__ 0.020418265278736275	false	1.0
heikel	neg 1.0		neg 0.4930782587786635 off 0.46414075997206766 __DUMMY__ 0.04278098124926886	false	1.0
drosselung	neg 1.0		neg 0.48008203615979234 off 0.4773414992182594 __DUMMY__ 0.042576464621948175	false	1.0
falsch	neg 1.0		neg 0.4824420671569976 off 0.47494721027597486 __DUMMY__ 0.04261072256702761	false	1.0
unzufriedenheit	neg 1.0		neg 0.49332286808409836 off 0.46384035007332647 __DUMMY__ 0.04283678184257526	false	1.0
kurz	neg 1.0		neg 0.4868358812069964 off 0.4702142924801286 __DUMMY__ 0.04294982631287487	false	1.0
unsinnig	neg 1.0		neg 0.4906792933637379 off 0.4667291269544599 __DUMMY__ 0.04259157968180229	false	1.0
penner	off 1.0	off 1.0	off 0.7273516968534053 neg 0.2524858382558262 __DUMMY__ 0.020162464890768513	false	1.0
seicht	neg 1.0		off 0.4826857510105591 neg 0.47533368959442224 __DUMMY__ 0.041980559395018664	false	0.5
dummheit	off 1.0	off 1.0	off 0.7212215919595079 neg 0.2584403423662281 __DUMMY__ 0.020338065674264074	false	1.0
unerfreulich	neg 1.0		neg 0.49270603696793785 off 0.4643605855732447 __DUMMY__ 0.04293337745881733	false	1.0
motherfucker	off 1.0	off 1.0	off 0.7235247256244954 neg 0.25621735583245664 __DUMMY__ 0.020257918543047926	false	1.0
pikiert	neg 1.0		neg 0.48313653194882733 off 0.4744833998423486 __DUMMY__ 0.04238006820882413	false	1.0
wrack	neg 1.0		neg 0.48798609383475744 off 0.468878290593657 __DUMMY__ 0.04313561557158556	false	1.0
gangster	neg 1.0		neg 0.4839660704780913 off 0.4733560694563655 __DUMMY__ 0.042677860065543215	false	1.0
krank	neg 1.0		neg 0.478929310153482 off 0.4784758918207726 __DUMMY__ 0.04259479802574535	false	1.0
reich	neg 1.0		neg 0.48384801789672294 off 0.4736929251296767 __DUMMY__ 0.042459056973600376	false	1.0
gnadenlos	neg 1.0		neg 0.4859036807017266 off 0.4713749763795531 __DUMMY__ 0.04272134291872017	false	1.0
niedergeschlagen	neg 1.0		neg 0.48624155073519765 off 0.4707923690667839 __DUMMY__ 0.042966080198018536	false	1.0
terrorisieren	off 1.0	off 1.0	off 0.7187120124448091 neg 0.260739091812133 __DUMMY__ 0.02054889574305791	false	1.0
sinnlosigkeit	neg 1.0		neg 0.48976837559522174 off 0.46750567176026875 __DUMMY__ 0.042725952644509534	false	1.0
behindern	neg 1.0		neg 0.4887024049756176 off 0.46862533103857074 __DUMMY__ 0.04267226398581167	false	1.0
undemokratisch	neg 1.0		neg 0.4889979804244396 off 0.46854959769060395 __DUMMY__ 0.04245242188495645	false	1.0
wirtschaftskrise	neg 1.0		neg 0.49206115740394096 off 0.46525688855536346 __DUMMY__ 0.04268195404069566	false	1.0
neid	neg 1.0		neg 0.4797931534121658 off 0.4774228789422557 __DUMMY__ 0.042783967645578624	false	1.0
rutschen	neg 1.0	neg 1.0	neg 0.730878726656059 off 0.24831638655247154 __DUMMY__ 0.02080488679146948	false	1.0
rezession	neg 1.0		neg 0.47963815785602765 off 0.4781463644196549 __DUMMY__ 0.04221547772431755	false	1.0
fehlgeburt	neg 1.0		neg 0.48267007074172136 off 0.47447058626157224 __DUMMY__ 0.04285934299670655	false	1.0
charakterschwach	off 1.0		neg 0.4810030238577396 off 0.4765085866125234 __DUMMY__ 0.04248838952973692	false	0.5
isolation	neg 1.0		neg 0.48213596862771096 off 0.47518718040876295 __DUMMY__ 0.042676850963526	false	1.0
ablenkung	neg 1.0		neg 0.4860445801298994 off 0.4711780570576492 __DUMMY__ 0.042777362812451564	false	1.0
pech	neg 1.0		neg 0.48248687433736176 off 0.4748748882037421 __DUMMY__ 0.04263823745889615	false	1.0
vermeidung	neg 1.0		neg 0.48211813260286746 off 0.47552806534192626 __DUMMY__ 0.042353802055206266	false	1.0
dominieren	neg 1.0		neg 0.48851362673107324 off 0.4684625385307546 __DUMMY__ 0.04302383473817222	false	1.0
schwindlig	neg 1.0		neg 0.481045791615399 off 0.47600423135152226 __DUMMY__ 0.04294997703307871	false	1.0
lutscher	neg 1.0		off 0.48363425465810966 neg 0.4743845263917091 __DUMMY__ 0.041981218950181254	false	0.5
pflicht	neg 1.0		neg 0.4931831479248738 off 0.4640200298922136 __DUMMY__ 0.0427968221829126	false	1.0
faschist	off 1.0		neg 0.4867564596057567 off 0.47085969913413567 __DUMMY__ 0.04238384126010773	false	0.5
verschleudern	neg 1.0		neg 0.4956197925103377 off 0.46193548039689303 __DUMMY__ 0.04244472709276929	false	1.0
wenn			neg 0.4823407430691702 off 0.4750661242271062 __DUMMY__ 0.04259313270372355	false	0.0
ehebruch	neg 1.0		neg 0.49074197945483855 off 0.4664703538210892 __DUMMY__ 0.04278766672407241	false	1.0
spott	off 1.0		neg 0.49254439019868146 off 0.4647637294720207 __DUMMY__ 0.042691880329297834	false	0.5
trostlosigkeit	neg 1.0		neg 0.49231705231236844 off 0.4646712269267627 __DUMMY__ 0.0430117207608688	false	1.0
lutschen	neg 1.0		neg 0.48564405345610273 off 0.47182657794624666 __DUMMY__ 0.04252936859765059	false	1.0
undiszipliniert	neg 1.0		off 0.47903374062928855 neg 0.47843303417329924 __DUMMY__ 0.04253322519741231	false	0.5
kopfschmerz	neg 1.0		neg 0.4865403835252963 off 0.47051768980229897 __DUMMY__ 0.04294192667240478	false	1.0
unvorhergesehen	neg 1.0		neg 0.4875355939706223 off 0.4693178436444274 __DUMMY__ 0.0431465623849503	false	1.0
desinteressiert	neg 1.0		neg 0.480118106812107 off 0.47748365281450617 __DUMMY__ 0.042398240373386735	false	1.0
armselig	off 1.0		neg 0.48076521571161424 off 0.47701598762810027 __DUMMY__ 0.04221879666028556	false	0.5
desaster	neg 1.0		neg 0.49549330283941645 off 0.46162875294899197 __DUMMY__ 0.04287794421159155	false	1.0
tod	neg 1.0		neg 0.4870210546754625 off 0.4698535441275442 __DUMMY__ 0.04312540119699325	false	1.0
herzlos	neg 1.0		off 0.4788914540287077 neg 0.4787707642737859 __DUMMY__ 0.04233778169750631	false	0.5
unwissenheit	neg 1.0		neg 0.49186969576053147 off 0.4655681005884104 __DUMMY__ 0.04256220365105826	false	1.0
widersinnig	neg 1.0	neg 1.0	neg 0.7323161861312111 off 0.24738513112713267 __DUMMY__ 0.02029868274165631	false	1.0
bedenklich	neg 1.0		neg 0.49178955104015853 off 0.46548921001123766 __DUMMY__ 0.042721238948603836	false	1.0
beanstanden	neg 1.0		neg 0.4933256024475032 off 0.4638141327302527 __DUMMY__ 0.04286026482224421	false	1.0
panisch	neg 1.0	neg 1.0	neg 0.7257117498402068 off 0.25368691093988255 __DUMMY__ 0.020601339219910614	false	1.0
debil	off 1.0		neg 0.4967894940774251 off 0.4600664292305117 __DUMMY__ 0.04314407669206306	false	0.5
abstrich	neg 1.0		neg 0.49042720547719987 off 0.4668145731172167 __DUMMY__ 0.042758221405583365	false	1.0
primitiv	neg 1.0		neg 0.4811787627814153 off 0.47644748158330197 __DUMMY__ 0.04237375563528282	false	1.0
abschaum	off 1.0	off 1.0	off 0.7225839562007755 neg 0.25709738478278465 __DUMMY__ 0.02031865901643987	false	1.0
provozieren	neg 1.0		neg 0.4870469056379472 off 0.47031832968398085 __DUMMY__ 0.04263476467807201	false	1.0
tot	neg 1.0		neg 0.4913106276109529 off 0.4658966750162284 __DUMMY__ 0.042792697372818746	false	1.0
instabil	neg 1.0		neg 0.4832085652390813 off 0.4745911733635612 __DUMMY__ 0.04220026139735746	false	1.0
schwuchtel	off 1.0		off 0.48787510024168196 neg 0.4703291243732266 __DUMMY__ 0.04179577538509134	false	1.0
zerren	neg 1.0		neg 0.4862516504179887 off 0.47078858276026303 __DUMMY__ 0.042959766821748326	false	1.0
kinderficker	off 1.0		neg 0.4792116475644603 off 0.4787311541856732 __DUMMY__ 0.0420571982498665	false	0.5
gefahr	neg 1.0		neg 0.49239077477708704 off 0.4646996661759842 __DUMMY__ 0.042909559046928794	false	1.0
rabiat	neg 1.0		neg 0.48781169390942064 off 0.46954381222300506 __DUMMY__ 0.042644493867574226	false	1.0
verlangsamung	neg 1.0		off 0.48265776912762937 neg 0.475128834648618 __DUMMY__ 0.042213396223752676	false	0.5
ausgestorben	neg 1.0		neg 0.4860998568783444 off 0.4710145523121981 __DUMMY__ 0.04288559080945746	false	1.0
anklagen	neg 1.0		neg 0.48976790439746715 off 0.4675352239422866 __DUMMY__ 0.04269687166024615	false	1.0
trott	neg 1.0		neg 0.48685545474642583 off 0.4703216408735991 __DUMMY__ 0.04282290437997512	false	1.0
verminderung	neg 1.0		neg 0.48068162023135674 off 0.4769330387092272 __DUMMY__ 0.042385341059415944	false	1.0
nach			neg 0.49083868085435384 off 0.4656467409572917 __DUMMY__ 0.04351457818835445	false	0.0
rost	neg 1.0		off 0.48229875058981087 neg 0.4753585579022837 __DUMMY__ 0.042342691507905435	false	0.5
destruktiv	neg 1.0		neg 0.48977492667572853 off 0.4677032855875807 __DUMMY__ 0.042521787736690714	false	1.0
unzumutbarkeit	neg 1.0		neg 0.4812780160298557 off 0.4760713903074872 __DUMMY__ 0.042650593662657256	false	1.0
labil	off 1.0	off 1.0	off 0.7225518565294877 neg 0.257123626819215 __DUMMY__ 0.020324516651297225	false	1.0
ziemlich	neg 1.0		neg 0.48017432483487543 off 0.4772400397969101 __DUMMY__ 0.04258563536821434	false	1.0
lachnummer	off 1.0		neg 0.48856305869151856 off 0.46882088675209854 __DUMMY__ 0.04261605455638289	false	0.5
oder			neg 0.48522454389144126 off 0.4719225816367673 __DUMMY__ 0.04285287447179146	false	0.0
verfall	neg 1.0		neg 0.49704980432246365 off 0.45993200623162384 __DUMMY__ 0.04301818944591262	false	1.0
ausgrenzung	neg 1.0		neg 0.4875507846903943 off 0.4699575056116159 __DUMMY__ 0.04249170969798974	false	1.0
unordnung	neg 1.0		neg 0.47976715975483963 off 0.47754844009956343 __DUMMY__ 0.042684400145597	false	1.0
fehlverhalten	neg 1.0		neg 0.4927205135419861 off 0.4644803525783288 __DUMMY__ 0.042799133879684974	false	1.0
eine			neg 0.49226420806622534 off 0.46481657034030005 __DUMMY__ 0.04291922159347457	false	0.0
nille	neg 1.0		neg 0.48812371682410105 off 0.4690965041427511 __DUMMY__ 0.04277977903314771	false	1.0
qual	neg 1.0		neg 0.4872497262989348 off 0.4699394361687068 __DUMMY__ 0.0428108375323583	false	1.0
verschwenden	neg 1.0		neg 0.4908899322310783 off 0.46636879597443004 __DUMMY__ 0.0427412717944916	false	1.0
riesig	neg 1.0	neg 1.0	neg 0.7294810276057178 off 0.2498570917583166 __DUMMY__ 0.02066188063596562	false	1.0
verurteilen	neg 1.0		neg 0.4902074820213853 off 0.46707545772372744 __DUMMY__ 0.04271706025488733	false	1.0
klischee	neg 1.0	neg 1.0	neg 0.7281352179583688 off 0.2515613728029675 __DUMMY__ 0.02030340923866379	false	1.0
diktatorisch	neg 1.0		neg 0.4890554562721723 off 0.4685682317406799 __DUMMY__ 0.042376311987147884	false	1.0
vorhersehbar	neg 1.0	neg 1.0	neg 0.7282521490766252 off 0.2514065139058738 __DUMMY__ 0.02034133701750098	false	1.0
sowie			off 0.48068861167760824 neg 0.4770535841415863 __DUMMY__ 0.04225780418080553	false	0.0
stornieren	neg 1.0		neg 0.48175720233891184 off 0.4751214257348521 __DUMMY__ 0.04312137192623616	false	1.0
besteuerung	neg 1.0		neg 0.4894803440491922 off 0.46810872545516835 __DUMMY__ 0.042410930495639355	false	1.0
ungeschminkt	neg 1.0		neg 0.4819893861842053 off 0.47563320017525723 __DUMMY__ 0.042377413640537424	false	1.0
kritisch	neg 1.0		neg 0.49202696948896374 off 0.4652447055575151 __DUMMY__ 0.042728324953521093	false	1.0
schlamperei	off 1.0		neg 0.4935606427588906 off 0.4637223496357277 __DUMMY__ 0.04271700760538186	false	0.5
sucht	neg 1.0	neg 1.0	neg 0.7281061055825839 off 0.25132482964555003 __DUMMY__ 0.020569064771866003	false	1.0
egoistisch	off 1.0		off 0.48186020969376353 neg 0.4758384538879611 __DUMMY__ 0.04230133641827533	false	1.0
ausbeuter	off 1.0		neg 0.49396398303198763 off 0.4633385091062565 __DUMMY__ 0.04269750786175575	false	0.5
arschgeburt	off 1.0		off 0.4873879248624493 neg 0.47088058241848896 __DUMMY__ 0.041731492719061784	false	1.0
schubs	neg 1.0	neg 1.0	neg 0.7291749227446513 off 0.2502135525388777 __DUMMY__ 0.02061152471647102	false	1.0
unsolide	neg 1.0		neg 0.4909903364410588 off 0.4668883188951278 __DUMMY__ 0.042121344663813565	false	1.0
beschwerde	neg 1.0		neg 0.4933536675967107 off 0.46393725113752343 __DUMMY__ 0.042709081265765905	false	1.0
stocken	neg 1.0		neg 0.49143760842678424 off 0.4657487884976991 __DUMMY__ 0.042813603075516564	false	1.0
isolieren	neg 1.0		neg 0.49129405244253055 off 0.46602415910701733 __DUMMY__ 0.0426817884504522	false	1.0
unheilbar	neg 1.0		neg 0.4843779945639849 off 0.47271398742494675 __DUMMY__ 0.042908018011068305	false	1.0
pisser	off 1.0		neg 0.4797720341766411 off 0.4777612509338469 __DUMMY__ 0.042466714889512036	false	0.5
löschen	neg 1.0		neg 0.48698635325851697 off 0.4702608628236087 __DUMMY__ 0.0427527839178743	false	1.0
durchfallen	neg 1.0		neg 0.4914337188182434 off 0.4659563723128921 __DUMMY__ 0.042609908868864614	false	1.0
wichser	off 1.0		off 0.4864630030847897 neg 0.4714321316146558 __DUMMY__ 0.04210486530055449	false	1.0
terror	neg 1.0		neg 0.4826048819710251 off 0.4746061502080894 __DUMMY__ 0.04278896782088555	false	1.0
krass	neg 1.0		off 0.47942085592656286 neg 0.4782645619998215 __DUMMY__ 0.04231458207361571	false	0.5
revolte	neg 1.0		neg 0.4869629373777649 off 0.4705689038678005 __DUMMY__ 0.04246815875443459	false	1.0
besorgt	neg 1.0		neg 0.48653358284754117 off 0.47042796932047043 __DUMMY__ 0.04303844783198855	false	1.0
nachlassen	neg 1.0		neg 0.4910445027979003 off 0.46607102716985105 __DUMMY__ 0.04288447003224859	false	1.0
alt	neg 1.0		neg 0.48998754672722983 off 0.4671732289653474 __DUMMY__ 0.042839224307422645	false	1.0
hundesohn	off 1.0		off 0.4830736113905242 neg 0.4749312847960965 __DUMMY__ 0.04199510381337934	false	1.0
als			neg 0.4872847603982533 off 0.4697744836189808 __DUMMY__ 0.042940755982766005	false	0.0
abschreckung	neg 1.0		neg 0.49336892246502684 off 0.4637091805415467 __DUMMY__ 0.04292189699342641	false	1.0
unqualifiziert	neg 1.0		neg 0.4870622025719064 off 0.47064472258174855 __DUMMY__ 0.042293074846345056	false	1.0
abgewichst	off 1.0		neg 0.4882748689349869 off 0.46888404431041575 __DUMMY__ 0.04284108675459733	false	0.5
schwer	neg 1.0		neg 0.48661034606118997 off 0.4706113248219906 __DUMMY__ 0.04277832911681935	false	1.0
bedeutungslosigkeit	neg 1.0		neg 0.4930965629242881 off 0.46407163525577955 __DUMMY__ 0.0428318018199324	false	1.0
kapitulation	neg 1.0		neg 0.49340763358816137 off 0.4639722643710968 __DUMMY__ 0.042620102040741875	false	1.0
unscharf	neg 1.0		neg 0.484726803587919 off 0.4726634691931316 __DUMMY__ 0.04260972721894949	false	1.0
schwinden	neg 1.0		neg 0.49317189064578637 off 0.46399293937608693 __DUMMY__ 0.042835169978126614	false	1.0
versklavung	neg 1.0		neg 0.48923217623159887 off 0.46836439035756183 __DUMMY__ 0.042403433410839145	false	1.0
schlecht	neg 1.0		neg 0.4798153495150569 off 0.4775749014980563 __DUMMY__ 0.04260974898688683	false	1.0
verhasst	neg 1.0		neg 0.48643404083860314 off 0.47092362082988753 __DUMMY__ 0.04264233833150931	false	1.0
beschweren	neg 1.0		neg 0.4850522491339562 off 0.4722817957160887 __DUMMY__ 0.04266595514995509	false	1.0
scheiden	neg 1.0		neg 0.48254499101620424 off 0.4743581895004586 __DUMMY__ 0.04309681948333716	false	1.0
frustriert	neg 1.0		neg 0.48784126158496843 off 0.46935853642444997 __DUMMY__ 0.0428002019905817	false	1.0
schimmelig	neg 1.0		neg 0.490140143616603 off 0.4669542673689235 __DUMMY__ 0.0429055890144735	false	1.0
fisch	neg 1.0		neg 0.4882675802170777 off 0.4684880729833723 __DUMMY__ 0.043244346799550026	false	1.0
schmuggel	neg 1.0		neg 0.4892008155002865 off 0.4676059413674485 __DUMMY__ 0.043193243132265004	false	1.0
auffallen	neg 1.0		neg 0.4841395581815303 off 0.47319824964019824 __DUMMY__ 0.04266219217827124	false	1.0
konkurrenz	neg 1.0	neg 1.0	neg 0.7328589122916033 off 0.24657844724854452 __DUMMY__ 0.02056264045985217	false	1.0
teufelskreis	neg 1.0		neg 0.48792663576114853 off 0.46934692789285787 __DUMMY__ 0.04272643634599351	false	1.0
aufschreien	neg 1.0		neg 0.48520836810484985 off 0.47221615018537405 __DUMMY__ 0.042575481709776174	false	1.0
schuldner	neg 1.0		neg 0.49226680171867593 off 0.4648437469938457 __DUMMY__ 0.04288945128747836	false	1.0
missgeburt	off 1.0	off 1.0	off 0.7259545307882719 neg 0.2538370806434347 __DUMMY__ 0.02020838856829347	false	1.0
arbeitslos	neg 1.0		neg 0.4909745275094901 off 0.46640125628432494 __DUMMY__ 0.04262421620618515	false	1.0
befallen	neg 1.0		neg 0.4889575606491569 off 0.4682905650461571 __DUMMY__ 0.04275187430468599	false	1.0
miesepetrig	off 1.0	off 1.0	off 0.7240881669224926 neg 0.2555275022762154 __DUMMY__ 0.020384330801291952	false	1.0
alarmieren	neg 1.0		neg 0.4842042591674712 off 0.47337666606817097 __DUMMY__ 0.04241907476435785	false	1.0
ungeduscht	off 1.0		neg 0.48239170707564477 off 0.47494388050611913 __DUMMY__ 0.042664412418236	false	0.5
knappheit	neg 1.0		neg 0.49335959195224643 off 0.46403231931449057 __DUMMY__ 0.04260808873326291	false	1.0
schlange	neg 1.0		neg 0.4826502130687056 off 0.4744483344071018 __DUMMY__ 0.04290145252419253	false	1.0
harsch	neg 1.0		off 0.4817395880212686 neg 0.4757688685809635 __DUMMY__ 0.04249154339776788	false	0.5
lang	neg 1.0		neg 0.486098759339463 off 0.4711219448146411 __DUMMY__ 0.04277929584589596	false	1.0
ziellos	neg 1.0		neg 0.4880711440789273 off 0.46897855531155136 __DUMMY__ 0.042950300609521284	false	1.0
selbstverliebt	neg 1.0		off 0.48515330352342856 neg 0.4730007662677978 __DUMMY__ 0.0418459302087737	false	0.5
beseitigen	neg 1.0	neg 1.0	neg 0.7285107704974196 off 0.2508890071487216 __DUMMY__ 0.020600222353858805	false	1.0
dumm	off 1.0		off 0.48203906350638587 neg 0.47578201156348765 __DUMMY__ 0.04217892493012647	false	1.0
arbeitsloser	neg 1.0		neg 0.49015283543652144 off 0.46702999252570765 __DUMMY__ 0.04281717203777102	false	1.0
blitzen	neg 1.0		neg 0.4836518858897227 off 0.47370867187711707 __DUMMY__ 0.0426394422331602	false	1.0
hilflos	neg 1.0		neg 0.4881727655457333 off 0.46900147828239325 __DUMMY__ 0.04282575617187344	false	1.0
eklig	off 1.0		off 0.482869798587669 neg 0.47495982316343854 __DUMMY__ 0.04217037824889239	false	1.0
begriff			neg 0.4894757224582894 off 0.467870963989841 __DUMMY__ 0.04265331355186949	false	0.0
hungersnot	neg 1.0		neg 0.48792276258929834 off 0.4692005679067299 __DUMMY__ 0.0428766695039718	false	1.0
ungesetzlich	neg 1.0		neg 0.4908379577722719 off 0.4670354090682089 __DUMMY__ 0.04212663315951904	false	1.0
verschwendung	neg 1.0		neg 0.491484018282841 off 0.465667499205926 __DUMMY__ 0.04284848251123314	false	1.0
schmerzvoll	neg 1.0		neg 0.48459847021115793 off 0.4726897075939776 __DUMMY__ 0.04271182219486445	false	1.0
vorzeitig	neg 1.0		neg 0.4822189313532766 off 0.4750092376212688 __DUMMY__ 0.04277183102545467	false	1.0
unvollkommenheit	neg 1.0		neg 0.4850322158169746 off 0.4717509256844487 __DUMMY__ 0.04321685849857683	false	1.0
intervenieren	neg 1.0		neg 0.49373463913276777 off 0.4635841297094945 __DUMMY__ 0.042681231157737726	false	1.0
banause	off 1.0		off 0.48355587097891056 neg 0.47449164672061445 __DUMMY__ 0.04195248230047512	false	1.0
rebell	neg 1.0		neg 0.4938610187620585 off 0.463099867072649 __DUMMY__ 0.04303911416529242	false	1.0
unlogisch	neg 1.0		off 0.4788517084015568 neg 0.4787722494655554 __DUMMY__ 0.04237604213288774	false	0.5
leiden	neg 1.0		neg 0.4871278316161593 off 0.46956016571348447 __DUMMY__ 0.04331200267035638	false	1.0
abschaffung	neg 1.0		neg 0.4892418044193983 off 0.4682944858790174 __DUMMY__ 0.042463709701584335	false	1.0
sturz	neg 1.0		neg 0.48627664107678226 off 0.4709142431250749 __DUMMY__ 0.042809115798142804	false	1.0
verkleinerung	neg 1.0		neg 0.4876137437121497 off 0.47010040603569503 __DUMMY__ 0.042285850252155296	false	1.0
schmarotzer	off 1.0		neg 0.49135901858700926 off 0.4660384185558906 __DUMMY__ 0.042602562857099985	false	0.5
bestrafung	neg 1.0		neg 0.48590067463222425 off 0.47144537995969477 __DUMMY__ 0.04265394540808094	false	1.0
achtlos	neg 1.0		neg 0.48584059801048907 off 0.471301318939064 __DUMMY__ 0.04285808305044688	false	1.0
ungeheuer	neg 1.0		neg 0.4829869322174876 off 0.47431636363508173 __DUMMY__ 0.04269670414743068	false	1.0
unaufrichtig	neg 1.0		neg 0.4872049239842113 off 0.4703691756123264 __DUMMY__ 0.04242590040346238	false	1.0
