unsolidarisch	neg 1.0		neg 0.49193648076702357 off 0.4657627339507877 __DUMMY__ 0.04230078528218875	false	1.0
nachteilig	neg 1.0		neg 0.4925171975766495 off 0.46472562333649364 __DUMMY__ 0.04275717908685673	false	1.0
skeptisch	neg 1.0		neg 0.49270117934185004 off 0.464459879006099 __DUMMY__ 0.04283894165205106	false	1.0
schrecklich	neg 1.0		off 0.4803113954825799 neg 0.47728424867456676 __DUMMY__ 0.04240435584285338	false	0.5
schlapp	neg 1.0		neg 0.48106231764251556 off 0.4763122602058911 __DUMMY__ 0.04262542215159317	false	1.0
abfall	neg 1.0		neg 0.4949737985032373 off 0.46206493920642566 __DUMMY__ 0.042961262290337074	false	1.0
widerspenstig	neg 1.0		neg 0.486276893659364 off 0.4709382824242969 __DUMMY__ 0.042784823916339074	false	1.0
abrupt	neg 1.0		neg 0.489649395991989 off 0.46730257578992995 __DUMMY__ 0.04304802821808103	false	1.0
unwirksam	neg 1.0		neg 0.4906426933490327 off 0.4669497888685269 __DUMMY__ 0.04240751778244052	false	1.0
angreifen	neg 1.0	neg 1.0	neg 0.7321712700332921 off 0.2473186362833809 __DUMMY__ 0.020510093683327037	false	1.0
inkonsistent	neg 1.0		neg 0.48535217123435176 off 0.47188050072085996 __DUMMY__ 0.042767328044788264	false	1.0
abrutschen	neg 1.0		neg 0.4945311299647171 off 0.46250788679411836 __DUMMY__ 0.042960983241164506	false	1.0
unsicher	neg 1.0		neg 0.48620834855503 off 0.4709916875510625 __DUMMY__ 0.04279996389390748	false	1.0
bauernkind	off 1.0	off 1.0	off 0.7239519202176784 neg 0.2559283684799326 __DUMMY__ 0.020119711302388966	false	1.0
angreifer	neg 1.0		neg 0.4848462428052075 off 0.4723759797986521 __DUMMY__ 0.04277777739614045	false	1.0
trennen	neg 1.0		neg 0.48815968590946623 off 0.4686808223305766 __DUMMY__ 0.043159491759957085	false	1.0
schmutz	neg 1.0		neg 0.48130844262957023 off 0.4756346221727483 __DUMMY__ 0.043056935197681424	false	1.0
inkonsistenz	neg 1.0		neg 0.48594083732236193 off 0.4717610445106949 __DUMMY__ 0.04229811816694323	false	1.0
erschreckend	neg 1.0		neg 0.4890709835599624 off 0.46824953047019124 __DUMMY__ 0.042679485969846456	false	1.0
ertrinken	neg 1.0		neg 0.48860679233671894 off 0.4683676417160599 __DUMMY__ 0.043025565947221	false	1.0
pickelface	off 1.0		neg 0.4893165244079968 off 0.4679129173229235 __DUMMY__ 0.04277055826907957	false	0.5
seiner			neg 0.49063696204423213 off 0.4663867913448793 __DUMMY__ 0.042976246610888565	false	0.0
lauch	neg 1.0		neg 0.49538777864451033 off 0.46174727112028957 __DUMMY__ 0.042864950235200074	false	1.0
unwichtig	neg 1.0		neg 0.4829042506807795 off 0.47459815381923404 __DUMMY__ 0.04249759549998638	false	1.0
steuerhinterziehung	neg 1.0		neg 0.4913414366257238 off 0.4660965780174221 __DUMMY__ 0.042561985356854216	false	1.0
schock	neg 1.0		neg 0.48532358255883196 off 0.4716762642988856 __DUMMY__ 0.04300015314228245	false	1.0
beule	neg 1.0		neg 0.4805084573670454 off 0.47685523379044353 __DUMMY__ 0.04263630884251114	false	1.0
vergelten	neg 1.0		off 0.4807773203906573 neg 0.4765542748612745 __DUMMY__ 0.0426684047480682	false	0.5
verdorbenheit	neg 1.0		neg 0.48669491854785735 off 0.4704833155856551 __DUMMY__ 0.0428217658664876	false	1.0
trauma	neg 1.0		neg 0.48581628987642506 off 0.47146273153726853 __DUMMY__ 0.04272097858630649	false	1.0
sinnlos	neg 1.0		neg 0.4835271869801468 off 0.47371540115131433 __DUMMY__ 0.04275741186853882	false	1.0
fettsack	off 1.0	off 1.0	off 0.7260660664251022 neg 0.25372004416904986 __DUMMY__ 0.020213889405847944	false	1.0
feige	off 1.0	off 1.0	off 0.7226288412924443 neg 0.2570888562815047 __DUMMY__ 0.020282302426050985	false	1.0
abdanken	neg 1.0		neg 0.48985917715386484 off 0.46754875717058914 __DUMMY__ 0.042592065675546	false	1.0
wichtigtuer	off 1.0	off 1.0	off 0.7211526916056186 neg 0.25848852786680065 __DUMMY__ 0.020358780527580757	false	1.0
misslingen	neg 1.0		neg 0.4816013320626255 off 0.4752765859740804 __DUMMY__ 0.043122081963294	false	1.0
untreu	off 1.0		neg 0.4818200097093407 off 0.47574053229045127 __DUMMY__ 0.04243945800020807	false	0.5
missmutig	neg 1.0		neg 0.4821906183447354 off 0.4752554280381632 __DUMMY__ 0.04255395361710149	false	1.0
hurenbock	off 1.0		neg 0.484287878336364 off 0.47290284226912344 __DUMMY__ 0.04280927939451261	false	0.5
betrunken	neg 1.0		off 0.47972259655077903 neg 0.4776399034156758 __DUMMY__ 0.042637500033545064	false	0.5
korrupt	off 1.0		neg 0.49324690302578617 off 0.46428806642665854 __DUMMY__ 0.042465030547555266	false	0.5
unmut	neg 1.0		neg 0.4953465828769744 off 0.4617412912044107 __DUMMY__ 0.04291212591861484	false	1.0
hackfresse	off 1.0		off 0.4826065480537775 neg 0.4752397911341237 __DUMMY__ 0.042153660812098925	false	1.0
aufblasen	neg 1.0		neg 0.48388078305951376 off 0.4732782318968492 __DUMMY__ 0.04284098504363707	false	1.0
gewaltsam	neg 1.0		neg 0.48742571357529646 off 0.46976485182396877 __DUMMY__ 0.04280943460073484	false	1.0
unbeliebtheit	neg 1.0		neg 0.48827872093800184 off 0.469670474808969 __DUMMY__ 0.0420508042530292	false	1.0
sturheit	neg 1.0		neg 0.48935625881747885 off 0.46798624330058536 __DUMMY__ 0.04265749788193572	false	1.0
kuh	neg 1.0		neg 0.48837885845477785 off 0.46911180223051907 __DUMMY__ 0.04250933931470301	false	1.0
erschrecken	neg 1.0		neg 0.48198615157344 off 0.47534935585877697 __DUMMY__ 0.04266449256778314	false	1.0
opfer	neg 1.0		neg 0.48936787427903194 off 0.4676826033290504 __DUMMY__ 0.04294952239191767	false	1.0
sinken	neg 1.0		neg 0.4940990234221711 off 0.46294974562400126 __DUMMY__ 0.04295123095382781	false	1.0
stinktier	neg 1.0		off 0.4793307789939577 neg 0.47844504164495816 __DUMMY__ 0.04222417936108407	false	0.5
tucke	off 1.0		off 0.4806668542422656 neg 0.4774612904895496 __DUMMY__ 0.04187185526818469	false	1.0
ein			neg 0.4851733625276667 off 0.4720260637672842 __DUMMY__ 0.04280057370504909	false	0.0
abstieg	neg 1.0		neg 0.4893752934284749 off 0.4675640598126998 __DUMMY__ 0.043060646758825295	false	1.0
missverstehen	neg 1.0		neg 0.4853845238455727 off 0.4720657537142574 __DUMMY__ 0.042549722440169975	false	1.0
ergebnislos	neg 1.0		neg 0.4921351070038291 off 0.4650465329515013 __DUMMY__ 0.04281836004466958	false	1.0
unter			neg 0.4957268811657021 off 0.46085539724915303 __DUMMY__ 0.043417721585144876	false	0.0
manipulieren	neg 1.0		neg 0.49265231294114437 off 0.4645131391843819 __DUMMY__ 0.04283454787447361	false	1.0
unbewiesen	neg 1.0		neg 0.49234958830055275 off 0.46542278242005736 __DUMMY__ 0.04222762927938993	false	1.0
verschleppen	neg 1.0		neg 0.48996274585872684 off 0.4672203665995498 __DUMMY__ 0.0428168875417234	false	1.0
weib	off 1.0		off 0.48236831619569176 neg 0.4754967512939863 __DUMMY__ 0.04213493251032194	false	1.0
opposition	neg 1.0		neg 0.48703449854509373 off 0.47045843512678687 __DUMMY__ 0.04250706632811927	false	1.0
verkehrswidrig	neg 1.0	neg 1.0	neg 0.7215529267674119 off 0.25784183495976665 __DUMMY__ 0.02060523827282147	false	1.0
inkorrekt	neg 1.0		neg 0.4826219601419432 off 0.47516591759419535 __DUMMY__ 0.04221212226386134	false	1.0
vermeiden	neg 1.0		neg 0.49551351606835403 off 0.46134022966836263 __DUMMY__ 0.04314625426328334	false	1.0
abweichung	neg 1.0		neg 0.49208110215353934 off 0.46515939290073716 __DUMMY__ 0.04275950494572348	false	1.0
alkoholisiert	neg 1.0		neg 0.48735101498411615 off 0.46934579081234495 __DUMMY__ 0.04330319420353895	false	1.0
scheiss	off 1.0	off 1.0	off 0.7237852378859617 neg 0.255839934448651 __DUMMY__ 0.020374827665387254	false	1.0
herausforderung	neg 1.0	neg 1.0	neg 0.7288595151349629 off 0.2503104725449169 __DUMMY__ 0.02083001232012018	false	1.0
pervers	off 1.0		off 0.4857244777057091 neg 0.47223624268780673 __DUMMY__ 0.04203927960648425	false	1.0
wackelig	neg 1.0		neg 0.4863171110868846 off 0.4705786382875634 __DUMMY__ 0.043104250625552	false	1.0
verwickeln	neg 1.0		neg 0.4856298072638855 off 0.4718285878468571 __DUMMY__ 0.04254160488925746	false	1.0
vorwand	neg 1.0		neg 0.4928278768321932 off 0.4642572394101166 __DUMMY__ 0.042914883757690335	false	1.0
muschi	off 1.0		neg 0.48880046086141765 off 0.468430906628841 __DUMMY__ 0.04276863250974136	false	0.5
entmutigung	neg 1.0		neg 0.4882582959630787 off 0.4692990236400627 __DUMMY__ 0.0424426803968586	false	1.0
unangemessen	neg 1.0		neg 0.49043786954133395 off 0.4669026883511225 __DUMMY__ 0.042659442107543626	false	1.0
unstetig	neg 1.0		neg 0.48446526439524545 off 0.4726981078637393 __DUMMY__ 0.04283662774101524	false	1.0
entmutigen	neg 1.0		neg 0.4856113207626864 off 0.471699508408062 __DUMMY__ 0.042689170829251485	false	1.0
schwanz	neg 1.0		neg 0.49130459661430886 off 0.4657780626155002 __DUMMY__ 0.04291734077019093	false	1.0
verbot	neg 1.0		neg 0.49203586346154393 off 0.4653458967912291 __DUMMY__ 0.04261823974722698	false	1.0
leid	neg 1.0		off 0.48194482949688155 neg 0.475647551269736 __DUMMY__ 0.04240761923338239	false	0.5
archaisch	neg 1.0		neg 0.488909771326226 off 0.46827725291114525 __DUMMY__ 0.042812975762628734	false	1.0
gegen			neg 0.49244306802688287 off 0.464512513211334 __DUMMY__ 0.043044418761783054	false	0.0
scheidung	neg 1.0		off 0.4901532139791167 neg 0.4678101154289279 __DUMMY__ 0.042036670591955386	false	0.5
einschlag	neg 1.0	neg 1.0	neg 0.7242935711297671 off 0.2553291344605106 __DUMMY__ 0.02037729440972228	false	1.0
m			neg 0.48802614757043344 off 0.46904559613868346 __DUMMY__ 0.04292825629088315	false	0.0
abgestanden	neg 1.0		neg 0.48495240906599424 off 0.4722308883802275 __DUMMY__ 0.04281670255377844	false	1.0
schmierig	off 1.0		off 0.48133622681513744 neg 0.4762451325433389 __DUMMY__ 0.04241864064152368	false	1.0
unpraktisch	neg 1.0		neg 0.48402178609036167 off 0.4731046864073813 __DUMMY__ 0.04287352750225707	false	1.0
wixxer	off 1.0		off 0.484837854976105 neg 0.47318360802673226 __DUMMY__ 0.04197853699716282	false	1.0
bezeichnet			neg 0.4882415733690384 off 0.46908115045931686 __DUMMY__ 0.042677276171644664	false	0.0
jammerlappen	off 1.0		neg 0.4823524713548968 off 0.47511797451038223 __DUMMY__ 0.04252955413472102	false	0.5
farce	neg 1.0		neg 0.4920833083526446 off 0.4654047504883753 __DUMMY__ 0.04251194115898005	false	1.0
zwecklos	neg 1.0		neg 0.49012535209522673 off 0.4671799719101506 __DUMMY__ 0.042694675994622594	false	1.0
turbulent	neg 1.0		neg 0.4822894828156481 off 0.47525018539357133 __DUMMY__ 0.042460331790780584	false	1.0
invasion	neg 1.0		neg 0.48383359854636215 off 0.4734460623947733 __DUMMY__ 0.042720339058864396	false	1.0
schuld	neg 1.0		neg 0.4864060843441947 off 0.4709188615291189 __DUMMY__ 0.04267505412668646	false	1.0
risiko	neg 1.0		neg 0.48519854404403084 off 0.471934661967297 __DUMMY__ 0.04286679398867218	false	1.0
finster	neg 1.0		neg 0.48493203635634735 off 0.47228305359391637 __DUMMY__ 0.04278491004973636	false	1.0
geisteskrank	off 1.0		neg 0.4818319447043855 off 0.47580805826977335 __DUMMY__ 0.04235999702584119	false	0.5
zusammenbrechen	neg 1.0		neg 0.48748436501786024 off 0.4696411513384734 __DUMMY__ 0.04287448364366633	false	1.0
ausbeute	neg 1.0		neg 0.48916284958441797 off 0.4677270112858572 __DUMMY__ 0.04311013912972468	false	1.0
hinterhalt	neg 1.0		neg 0.4869961510510338 off 0.47003507792389965 __DUMMY__ 0.04296877102506656	false	1.0
kritik	neg 1.0		neg 0.49169705875447023 off 0.4657335712055298 __DUMMY__ 0.042569370040000026	false	1.0
einschrumpfen	neg 1.0		neg 0.48649120344339003 off 0.4711189844858816 __DUMMY__ 0.04238981207072826	false	1.0
riskant	neg 1.0		neg 0.49134407295402865 off 0.46585936528444305 __DUMMY__ 0.04279656176152826	false	1.0
frustrieren	neg 1.0		neg 0.49069929925336675 off 0.4664686265179786 __DUMMY__ 0.04283207422865456	false	1.0
groll	neg 1.0		neg 0.48937963778756466 off 0.46781818472400755 __DUMMY__ 0.04280217748842772	false	1.0
gibt			neg 0.4890809996011387 off 0.4681463171537705 __DUMMY__ 0.04277268324509068	false	0.0
qualvoll	neg 1.0		neg 0.48194515395082 off 0.4752904791016351 __DUMMY__ 0.04276436694754501	false	1.0
wackeln	neg 1.0	neg 1.0	neg 0.7274414663888278 off 0.25197369183408996 __DUMMY__ 0.020584841777082256	false	1.0
klagen	neg 1.0		neg 0.4943967535442719 off 0.4626664582426929 __DUMMY__ 0.042936788213035045	false	1.0
bankrott	neg 1.0		neg 0.48249034426620413 off 0.4748625642274055 __DUMMY__ 0.042647091506390275	false	1.0
trauern	neg 1.0		neg 0.48930458324815124 off 0.46771289264798377 __DUMMY__ 0.04298252410386502	false	1.0
ablehnung	neg 1.0		neg 0.4915545087084708 off 0.4658675447157733 __DUMMY__ 0.04257794657575589	false	1.0
stur	neg 1.0		neg 0.48641691860910924 off 0.4709857199307453 __DUMMY__ 0.04259736146014545	false	1.0
aufruhr	neg 1.0		neg 0.4877825538895315 off 0.4694270295368414 __DUMMY__ 0.04279041657362709	false	1.0
melancholie	neg 1.0		neg 0.48826154309860675 off 0.4688153064724454 __DUMMY__ 0.04292315042894774	false	1.0
ist			neg 0.4851751951867018 off 0.4721501782272381 __DUMMY__ 0.042674626586060124	false	0.0
torheit	neg 1.0		neg 0.4879042436858436 off 0.4695426035875897 __DUMMY__ 0.04255315272656666	false	1.0
dreckskind	off 1.0		off 0.48029591182791614 neg 0.4775672526851493 __DUMMY__ 0.042136835486934435	false	1.0
umtauschen	neg 1.0		neg 0.4869558036329396 off 0.47026297989087756 __DUMMY__ 0.042781216476182916	false	1.0
zum			neg 0.49201305254606387 off 0.46453135481146746 __DUMMY__ 0.043455592642468704	false	0.0
zersetzen	neg 1.0		neg 0.4935696254995946 off 0.46367210588632457 __DUMMY__ 0.04275826861408087	false	1.0
zur			neg 0.495462027399983 off 0.46131382618067684 __DUMMY__ 0.04322414641934023	false	0.0
frust	neg 1.0		neg 0.4880470588892216 off 0.4691071623692382 __DUMMY__ 0.042845778741540115	false	1.0
unerbittlichkeit	neg 1.0		neg 0.4930167063329816 off 0.4641878038752676 __DUMMY__ 0.042795489791750796	false	1.0
zwei			neg 0.4908699873609617 off 0.4658369288565756 __DUMMY__ 0.0432930837824627	false	0.0
unkorrekt	neg 1.0		neg 0.4827346709687045 off 0.47513657660551556 __DUMMY__ 0.04212875242577992	false	1.0
hexe	off 1.0		neg 0.48160574937996486 off 0.4758931582029694 __DUMMY__ 0.04250109241706582	false	0.5
lasch	neg 1.0		neg 0.4853893416340721 off 0.4722060160858504 __DUMMY__ 0.042404642280077426	false	1.0
rivale	neg 1.0		neg 0.4787991426819513 off 0.47868716205377004 __DUMMY__ 0.04251369526427873	false	1.0
mutlos	off 1.0	off 1.0	off 0.717172630992129 neg 0.2624094766741435 __DUMMY__ 0.020417892333727438	false	1.0
wirr	off 1.0		neg 0.4820551446980489 off 0.4757932854323232 __DUMMY__ 0.042151569869627904	false	0.5
jahr			neg 0.48965006636482505 off 0.46716951632427145 __DUMMY__ 0.043180417310903406	false	0.0
wird			neg 0.48994015479159236 off 0.46720078349787775 __DUMMY__ 0.04285906171052995	false	0.0
strafbar	neg 1.0		neg 0.4918966385007808 off 0.46536898464281584 __DUMMY__ 0.04273437685640327	false	1.0
erosion	neg 1.0		neg 0.4848606561144623 off 0.4722793390427171 __DUMMY__ 0.04286000484282069	false	1.0
eingehen	neg 1.0		neg 0.4913254361992466 off 0.46600153057650323 __DUMMY__ 0.042673033224250076	false	1.0
faul	off 1.0		neg 0.48151939200232624 off 0.47578795543805436 __DUMMY__ 0.042692652559619404	false	0.5
provisorium	neg 1.0		neg 0.4969691119465614 off 0.45970199807006584 __DUMMY__ 0.04332888998337261	false	1.0
schmerzen	neg 1.0		neg 0.486221128291433 off 0.4709791927785827 __DUMMY__ 0.04279967892998429	false	1.0
schrumpfen	neg 1.0		neg 0.49777829643870103 off 0.45926767975967087 __DUMMY__ 0.04295402380162818	false	1.0
geistlos	off 1.0		neg 0.4884380482550307 off 0.4692965625293583 __DUMMY__ 0.04226538921561097	false	0.5
fehlkauf	neg 1.0		neg 0.48544612521312736 off 0.47189963430599247 __DUMMY__ 0.04265424048088016	false	1.0
frustrierend	neg 1.0		neg 0.48174184632451905 off 0.47554700054182364 __DUMMY__ 0.04271115313365741	false	1.0
unzufrieden	neg 1.0		neg 0.49052042995970757 off 0.46680129072536514 __DUMMY__ 0.0426782793149274	false	1.0
verzweifeln	neg 1.0		neg 0.48724479199730136 off 0.469981802544347 __DUMMY__ 0.04277340545835153	false	1.0
verzweifelt	neg 1.0		neg 0.4856585309111227 off 0.47168581092757966 __DUMMY__ 0.04265565816129761	false	1.0
misstrauensantrag	neg 1.0		neg 0.48562009357056757 off 0.4718203525646929 __DUMMY__ 0.0425595538647396	false	1.0
abfallen	neg 1.0		neg 0.48345594631740013 off 0.47365246481603507 __DUMMY__ 0.04289158886656481	false	1.0
fucker	off 1.0		neg 0.48087802755266534 off 0.4767199197273192 __DUMMY__ 0.04240205272001547	false	0.5
ungezogen	neg 1.0		off 0.4850372945894867 neg 0.47276191736162726 __DUMMY__ 0.042200788048885926	false	0.5
irrsinnig	neg 1.0	neg 1.0	neg 0.7291049955017337 off 0.25050369431031677 __DUMMY__ 0.020391310187949468	false	1.0
unfassbar	neg 1.0		neg 0.48201862578791055 off 0.47551538702970025 __DUMMY__ 0.04246598718238929	false	1.0
hart	neg 1.0		neg 0.483440065271919 off 0.47396053177392883 __DUMMY__ 0.042599402954152064	false	1.0
widerlich	off 1.0		neg 0.48185889366534995 off 0.47577839546163403 __DUMMY__ 0.04236271087301592	false	0.5
fatal	neg 1.0		neg 0.48510482039492026 off 0.4722412323605224 __DUMMY__ 0.04265394724455731	false	1.0
bruch	neg 1.0		neg 0.4949125855065018 off 0.4622256841585817 __DUMMY__ 0.04286173033491649	false	1.0
aushungern	neg 1.0		neg 0.4903549086511482 off 0.4670674144114103 __DUMMY__ 0.04257767693744149	false	1.0
anspannung	neg 1.0	neg 1.0	neg 0.7314232572995548 off 0.24769668551374593 __DUMMY__ 0.020880057186699153	false	1.0
von			neg 0.4907747029038914 off 0.4660641655604026 __DUMMY__ 0.043161131535706075	false	0.0
kraftlos	neg 1.0		neg 0.48668324812303526 off 0.4702915129920379 __DUMMY__ 0.04302523888492681	false	1.0
vom			neg 0.49496585909384927 off 0.46159727997352723 __DUMMY__ 0.04343686093262356	false	0.0
grenzdebil	off 1.0		neg 0.48041045451794967 off 0.4771019952812112 __DUMMY__ 0.04248755020083898	false	0.5
vor			neg 0.49157091513263995 off 0.4653960787592082 __DUMMY__ 0.04303300610815182	false	0.0
unterwerfen	neg 1.0		neg 0.4909790007045936 off 0.46618322622037434 __DUMMY__ 0.042837773075032004	false	1.0
versenkung	neg 1.0		neg 0.49133148509616886 off 0.46582429411202597 __DUMMY__ 0.04284422079180524	false	1.0
entziehen	neg 1.0		neg 0.4937282579490102 off 0.4633506765645971 __DUMMY__ 0.04292106548639267	false	1.0
finanzkrise	neg 1.0		neg 0.4904635081460732 off 0.4669967900999074 __DUMMY__ 0.04253970175401943	false	1.0
schimpfend	neg 1.0		neg 0.4836516384176571 off 0.4734507202380379 __DUMMY__ 0.04289764134430506	false	1.0
profan	neg 1.0		neg 0.48413076248364917 off 0.47324676964227014 __DUMMY__ 0.04262246787408065	false	1.0
korruption	neg 1.0	neg 1.0	neg 0.7319916966743177 off 0.24761104665823183 __DUMMY__ 0.020397256667450417	false	1.0
â			neg 0.48933803458363256 off 0.4677257563205024 __DUMMY__ 0.042936209095864916	false	0.0
schmutzig	neg 1.0		neg 0.4799045626266889 off 0.4774910638280925 __DUMMY__ 0.04260437354521878	false	1.0
sexy	neg 1.0		neg 0.48310956813375344 off 0.4742424796479842 __DUMMY__ 0.04264795221826244	false	1.0
abraten	neg 1.0		neg 0.48475615281107404 off 0.47255527374404616 __DUMMY__ 0.042688573444879745	false	1.0
schwarz	neg 1.0		neg 0.48607253044553467 off 0.4712912255489603 __DUMMY__ 0.042636244005505065	false	1.0
fotze	off 1.0		neg 0.4909203028196929 off 0.4662454678229256 __DUMMY__ 0.042834229357381404	false	0.5
verwirren	neg 1.0		neg 0.4838096869503042 off 0.4735614615815827 __DUMMY__ 0.04262885146811313	false	1.0
zahnlos	off 1.0		neg 0.4903894044338281 off 0.466925056274987 __DUMMY__ 0.04268553929118491	false	0.5
verheeren	neg 1.0		off 0.48739092640726484 neg 0.47028266343416986 __DUMMY__ 0.04232641015856535	false	0.5
hippie	neg 1.0		neg 0.4839892703813415 off 0.4733809017784492 __DUMMY__ 0.04262982784020919	false	1.0
rammen	neg 1.0		neg 0.48652565456536717 off 0.4708212622802732 __DUMMY__ 0.042653083154359624	false	1.0
unlauter	neg 1.0		neg 0.4910596415822167 off 0.46665607288627275 __DUMMY__ 0.04228428553151045	false	1.0
unheilvoll	neg 1.0		neg 0.48209589426861993 off 0.4750239388262888 __DUMMY__ 0.04288016690509116	false	1.0
niedrig	neg 1.0		neg 0.49089580550730416 off 0.4661632133002326 __DUMMY__ 0.04294098119246317	false	1.0
explosion	neg 1.0		neg 0.4851847497900653 off 0.4722333456477094 __DUMMY__ 0.04258190456222521	false	1.0
weichei	off 1.0		off 0.4814930011129808 neg 0.47626565035439583 __DUMMY__ 0.042241348532623256	false	1.0
minusmensch	off 1.0		off 0.4822309358663203 neg 0.47593811334338154 __DUMMY__ 0.041830950790298034	false	1.0
farblos	neg 1.0		neg 0.4836336985140752 off 0.4731969497559387 __DUMMY__ 0.043169351729986004	false	1.0
unwissend	neg 1.0	neg 1.0	neg 0.7269673830351543 off 0.2527333506126383 __DUMMY__ 0.02029926635220728	false	1.0
traurig	neg 1.0		off 0.4794882368789232 neg 0.47804716182498996 __DUMMY__ 0.042464601296086785	false	0.5
senkung	neg 1.0		neg 0.4866262343498793 off 0.4709686015435832 __DUMMY__ 0.04240516410653755	false	1.0
ungleich	neg 1.0	neg 1.0	neg 0.7326786981413292 off 0.2469030365799346 __DUMMY__ 0.020418265278736282	false	1.0
heikel	neg 1.0		neg 0.4930782587786634 off 0.46414075997206794 __DUMMY__ 0.04278098124926878	false	1.0
drosselung	neg 1.0		neg 0.48008203615979245 off 0.4773414992182593 __DUMMY__ 0.04257646462194813	false	1.0
falsch	neg 1.0		neg 0.4824420671569979 off 0.47494721027597453 __DUMMY__ 0.0426107225670276	false	1.0
unzufriedenheit	neg 1.0		neg 0.493322868084098 off 0.4638403500733268 __DUMMY__ 0.04283678184257527	false	1.0
kurz	neg 1.0		neg 0.48683588120699595 off 0.4702142924801292 __DUMMY__ 0.04294982631287491	false	1.0
unsinnig	neg 1.0		neg 0.49067929336373783 off 0.46672912695445995 __DUMMY__ 0.042591579681802286	false	1.0
penner	off 1.0	off 1.0	off 0.7273516968534054 neg 0.2524858382558261 __DUMMY__ 0.02016246489076852	false	1.0
seicht	neg 1.0		off 0.48268575101055905 neg 0.4753336895944222 __DUMMY__ 0.04198055939501867	false	0.5
dummheit	off 1.0	off 1.0	off 0.7212215919595079 neg 0.2584403423662281 __DUMMY__ 0.020338065674264095	false	1.0
unerfreulich	neg 1.0		neg 0.4927060369679377 off 0.4643605855732449 __DUMMY__ 0.04293337745881736	false	1.0
motherfucker	off 1.0	off 1.0	off 0.7235247256244953 neg 0.25621735583245675 __DUMMY__ 0.020257918543047936	false	1.0
pikiert	neg 1.0		neg 0.48313653194882744 off 0.47448339984234844 __DUMMY__ 0.04238006820882418	false	1.0
wrack	neg 1.0		neg 0.4879860938347573 off 0.46887829059365704 __DUMMY__ 0.04313561557158564	false	1.0
gangster	neg 1.0		neg 0.4839660704780909 off 0.4733560694563659 __DUMMY__ 0.04267786006554312	false	1.0
krank	neg 1.0		neg 0.47892931015348167 off 0.47847589182077305 __DUMMY__ 0.042594798025745374	false	1.0
reich	neg 1.0		neg 0.4838480178967229 off 0.47369292512967676 __DUMMY__ 0.042459056973600355	false	1.0
gnadenlos	neg 1.0		neg 0.48590368070172635 off 0.4713749763795534 __DUMMY__ 0.04272134291872022	false	1.0
niedergeschlagen	neg 1.0		neg 0.48624155073519787 off 0.4707923690667836 __DUMMY__ 0.042966080198018564	false	1.0
terrorisieren	off 1.0	off 1.0	off 0.7187120124448093 neg 0.26073909181213273 __DUMMY__ 0.020548895743057856	false	1.0
sinnlosigkeit	neg 1.0		neg 0.4897683755952212 off 0.46750567176026925 __DUMMY__ 0.04272595264450953	false	1.0
behindern	neg 1.0		neg 0.4887024049756181 off 0.46862533103857035 __DUMMY__ 0.04267226398581151	false	1.0
undemokratisch	neg 1.0		neg 0.4889979804244397 off 0.4685495976906037 __DUMMY__ 0.04245242188495649	false	1.0
wirtschaftskrise	neg 1.0		neg 0.4920611574039407 off 0.46525688855536357 __DUMMY__ 0.042681954040695746	false	1.0
neid	neg 1.0		neg 0.479793153412166 off 0.47742287894225544 __DUMMY__ 0.042783967645578576	false	1.0
rutschen	neg 1.0	neg 1.0	neg 0.7308787266560588 off 0.24831638655247176 __DUMMY__ 0.020804886791469468	false	1.0
rezession	neg 1.0		neg 0.47963815785602765 off 0.47814636441965486 __DUMMY__ 0.0422154777243176	false	1.0
fehlgeburt	neg 1.0		neg 0.4826700707417217 off 0.4744705862615718 __DUMMY__ 0.04285934299670651	false	1.0
charakterschwach	off 1.0		neg 0.48100302385773974 off 0.47650858661252327 __DUMMY__ 0.04248838952973695	false	0.5
isolation	neg 1.0		neg 0.48213596862771135 off 0.4751871804087626 __DUMMY__ 0.04267685096352605	false	1.0
ablenkung	neg 1.0		neg 0.48604458012989876 off 0.47117805705764976 __DUMMY__ 0.042777362812451536	false	1.0
pech	neg 1.0		neg 0.4824868743373612 off 0.4748748882037428 __DUMMY__ 0.042638237458896174	false	1.0
vermeidung	neg 1.0		neg 0.4821181326028675 off 0.47552806534192615 __DUMMY__ 0.04235380205520624	false	1.0
dominieren	neg 1.0		neg 0.48851362673107296 off 0.4684625385307549 __DUMMY__ 0.04302383473817216	false	1.0
schwindlig	neg 1.0		neg 0.4810457916153994 off 0.47600423135152187 __DUMMY__ 0.042949977033078665	false	1.0
lutscher	neg 1.0		off 0.4836342546581097 neg 0.474384526391709 __DUMMY__ 0.041981218950181275	false	0.5
pflicht	neg 1.0		neg 0.49318314792487394 off 0.4640200298922134 __DUMMY__ 0.0427968221829126	false	1.0
faschist	off 1.0		neg 0.48675645960575675 off 0.4708596991341355 __DUMMY__ 0.04238384126010776	false	0.5
verschleudern	neg 1.0		neg 0.4956197925103376 off 0.46193548039689303 __DUMMY__ 0.04244472709276929	false	1.0
wenn			neg 0.48234074306916963 off 0.4750661242271067 __DUMMY__ 0.0425931327037236	false	0.0
ehebruch	neg 1.0		neg 0.4907419794548383 off 0.4664703538210895 __DUMMY__ 0.04278766672407242	false	1.0
spott	off 1.0		neg 0.49254439019868146 off 0.46476372947202066 __DUMMY__ 0.042691880329297806	false	0.5
trostlosigkeit	neg 1.0		neg 0.49231705231236844 off 0.4646712269267628 __DUMMY__ 0.04301172076086878	false	1.0
lutschen	neg 1.0		neg 0.4856440534561025 off 0.4718265779462469 __DUMMY__ 0.04252936859765067	false	1.0
undiszipliniert	neg 1.0		off 0.4790337406292889 neg 0.47843303417329885 __DUMMY__ 0.04253322519741235	false	0.5
kopfschmerz	neg 1.0		neg 0.48654038352529627 off 0.4705176898022989 __DUMMY__ 0.04294192667240482	false	1.0
unvorhergesehen	neg 1.0		neg 0.48753559397062246 off 0.4693178436444273 __DUMMY__ 0.043146562384950245	false	1.0
desinteressiert	neg 1.0		neg 0.48011810681210737 off 0.47748365281450583 __DUMMY__ 0.04239824037338673	false	1.0
armselig	off 1.0		neg 0.48076521571161446 off 0.47701598762809994 __DUMMY__ 0.04221879666028552	false	0.5
desaster	neg 1.0		neg 0.4954933028394165 off 0.4616287529489919 __DUMMY__ 0.042877944211591544	false	1.0
tod	neg 1.0		neg 0.48702105467546253 off 0.46985354412754426 __DUMMY__ 0.04312540119699326	false	1.0
herzlos	neg 1.0		off 0.4788914540287076 neg 0.478770764273786 __DUMMY__ 0.04233778169750631	false	0.5
unwissenheit	neg 1.0		neg 0.4918696957605315 off 0.46556810058840997 __DUMMY__ 0.04256220365105841	false	1.0
widersinnig	neg 1.0	neg 1.0	neg 0.732316186131211 off 0.2473851311271327 __DUMMY__ 0.02029868274165632	false	1.0
bedenklich	neg 1.0		neg 0.4917895510401584 off 0.46548921001123783 __DUMMY__ 0.042721238948603746	false	1.0
beanstanden	neg 1.0		neg 0.4933256024475027 off 0.46381413273025324 __DUMMY__ 0.04286026482224416	false	1.0
panisch	neg 1.0	neg 1.0	neg 0.7257117498402068 off 0.2536869109398825 __DUMMY__ 0.02060133921991064	false	1.0
debil	off 1.0		neg 0.4967894940774252 off 0.4600664292305118 __DUMMY__ 0.0431440766920631	false	0.5
abstrich	neg 1.0		neg 0.4904272054772002 off 0.46681457311721636 __DUMMY__ 0.04275822140558336	false	1.0
primitiv	neg 1.0		neg 0.48117876278141597 off 0.47644748158330136 __DUMMY__ 0.0423737556352827	false	1.0
abschaum	off 1.0	off 1.0	off 0.7225839562007754 neg 0.25709738478278477 __DUMMY__ 0.020318659016439814	false	1.0
provozieren	neg 1.0		neg 0.48704690563794717 off 0.4703183296839808 __DUMMY__ 0.04263476467807204	false	1.0
tot	neg 1.0		neg 0.49131062761095307 off 0.4658966750162283 __DUMMY__ 0.042792697372818767	false	1.0
instabil	neg 1.0		neg 0.483208565239081 off 0.47459117336356155 __DUMMY__ 0.04220026139735751	false	1.0
schwuchtel	off 1.0		off 0.48787510024168224 neg 0.47032912437322644 __DUMMY__ 0.041795775385091265	false	1.0
zerren	neg 1.0		neg 0.48625165041798873 off 0.47078858276026303 __DUMMY__ 0.04295976682174823	false	1.0
kinderficker	off 1.0		neg 0.47921164756446016 off 0.47873115418567314 __DUMMY__ 0.04205719824986656	false	0.5
gefahr	neg 1.0		neg 0.49239077477708726 off 0.46469966617598407 __DUMMY__ 0.04290955904692882	false	1.0
rabiat	neg 1.0		neg 0.48781169390941986 off 0.46954381222300584 __DUMMY__ 0.04264449386757429	false	1.0
verlangsamung	neg 1.0		off 0.4826577691276292 neg 0.4751288346486181 __DUMMY__ 0.04221339622375269	false	0.5
ausgestorben	neg 1.0		neg 0.48609985687834456 off 0.47101455231219785 __DUMMY__ 0.042885590809457474	false	1.0
anklagen	neg 1.0		neg 0.4897679043974669 off 0.4675352239422868 __DUMMY__ 0.04269687166024616	false	1.0
trott	neg 1.0		neg 0.4868554547464255 off 0.4703216408735995 __DUMMY__ 0.04282290437997507	false	1.0
verminderung	neg 1.0		neg 0.4806816202313573 off 0.47693303870922676 __DUMMY__ 0.042385341059416014	false	1.0
nach			neg 0.4908386808543539 off 0.4656467409572916 __DUMMY__ 0.04351457818835448	false	0.0
rost	neg 1.0		off 0.4822987505898108 neg 0.47535855790228365 __DUMMY__ 0.0423426915079054	false	0.5
destruktiv	neg 1.0		neg 0.48977492667572814 off 0.4677032855875812 __DUMMY__ 0.04252178773669078	false	1.0
unzumutbarkeit	neg 1.0		neg 0.48127801602985587 off 0.47607139030748685 __DUMMY__ 0.04265059366265722	false	1.0
labil	off 1.0	off 1.0	off 0.7225518565294877 neg 0.25712362681921513 __DUMMY__ 0.02032451665129716	false	1.0
ziemlich	neg 1.0		neg 0.48017432483487527 off 0.47724003979691026 __DUMMY__ 0.042585635368214324	false	1.0
lachnummer	off 1.0		neg 0.48856305869151884 off 0.46882088675209826 __DUMMY__ 0.04261605455638296	false	0.5
oder			neg 0.48522454389144215 off 0.4719225816367663 __DUMMY__ 0.042852874471791404	false	0.0
verfall	neg 1.0		neg 0.49704980432246343 off 0.459932006231624 __DUMMY__ 0.043018189445912604	false	1.0
ausgrenzung	neg 1.0		neg 0.48755078469039453 off 0.4699575056116157 __DUMMY__ 0.04249170969798972	false	1.0
unordnung	neg 1.0		neg 0.4797671597548399 off 0.4775484400995632 __DUMMY__ 0.042684400145596955	false	1.0
fehlverhalten	neg 1.0		neg 0.4927205135419867 off 0.46448035257832837 __DUMMY__ 0.04279913387968496	false	1.0
eine			neg 0.4922642080662252 off 0.46481657034030005 __DUMMY__ 0.04291922159347462	false	0.0
nille	neg 1.0		neg 0.4881237168241013 off 0.46909650414275106 __DUMMY__ 0.042779779033147704	false	1.0
qual	neg 1.0		neg 0.48724972629893504 off 0.46993943616870676 __DUMMY__ 0.042810837532358266	false	1.0
verschwenden	neg 1.0		neg 0.4908899322310786 off 0.46636879597442993 __DUMMY__ 0.04274127179449148	false	1.0
riesig	neg 1.0	neg 1.0	neg 0.7294810276057176 off 0.2498570917583167 __DUMMY__ 0.020661880635965576	false	1.0
verurteilen	neg 1.0		neg 0.4902074820213848 off 0.4670754577237278 __DUMMY__ 0.04271706025488741	false	1.0
klischee	neg 1.0	neg 1.0	neg 0.7281352179583691 off 0.2515613728029671 __DUMMY__ 0.020303409238663778	false	1.0
diktatorisch	neg 1.0		neg 0.4890554562721718 off 0.4685682317406803 __DUMMY__ 0.04237631198714793	false	1.0
vorhersehbar	neg 1.0	neg 1.0	neg 0.728252149076625 off 0.251406513905874 __DUMMY__ 0.02034133701750095	false	1.0
sowie			off 0.480688611677609 neg 0.47705358414158544 __DUMMY__ 0.04225780418080553	false	0.0
stornieren	neg 1.0		neg 0.48175720233891145 off 0.4751214257348523 __DUMMY__ 0.04312137192623623	false	1.0
besteuerung	neg 1.0		neg 0.48948034404919183 off 0.46810872545516885 __DUMMY__ 0.042410930495639335	false	1.0
ungeschminkt	neg 1.0		neg 0.4819893861842049 off 0.4756332001752576 __DUMMY__ 0.04237741364053731	false	1.0
kritisch	neg 1.0		neg 0.4920269694889639 off 0.46524470555751485 __DUMMY__ 0.04272832495352111	false	1.0
schlamperei	off 1.0		neg 0.49356064275889006 off 0.46372234963572817 __DUMMY__ 0.042717007605381836	false	0.5
sucht	neg 1.0	neg 1.0	neg 0.7281061055825838 off 0.2513248296455502 __DUMMY__ 0.02056906477186599	false	1.0
egoistisch	off 1.0		off 0.4818602096937631 neg 0.4758384538879615 __DUMMY__ 0.042301336418275354	false	1.0
ausbeuter	off 1.0		neg 0.4939639830319878 off 0.46333850910625646 __DUMMY__ 0.042697507861755794	false	0.5
arschgeburt	off 1.0		off 0.48738792486245 neg 0.47088058241848824 __DUMMY__ 0.041731492719061736	false	1.0
schubs	neg 1.0	neg 1.0	neg 0.7291749227446513 off 0.25021355253887756 __DUMMY__ 0.02061152471647107	false	1.0
unsolide	neg 1.0		neg 0.4909903364410584 off 0.466888318895128 __DUMMY__ 0.0421213446638136	false	1.0
beschwerde	neg 1.0		neg 0.49335366759671123 off 0.4639372511375229 __DUMMY__ 0.04270908126576597	false	1.0
stocken	neg 1.0		neg 0.4914376084267851 off 0.4657487884976983 __DUMMY__ 0.04281360307551658	false	1.0
isolieren	neg 1.0		neg 0.49129405244252994 off 0.4660241591070178 __DUMMY__ 0.04268178845045225	false	1.0
unheilbar	neg 1.0		neg 0.4843779945639852 off 0.47271398742494647 __DUMMY__ 0.04290801801106831	false	1.0
pisser	off 1.0		neg 0.47977203417664077 off 0.4777612509338472 __DUMMY__ 0.042466714889512	false	0.5
löschen	neg 1.0		neg 0.4869863532585163 off 0.4702608628236094 __DUMMY__ 0.04275278391787436	false	1.0
durchfallen	neg 1.0		neg 0.49143371881824305 off 0.46595637231289244 __DUMMY__ 0.042609908868864614	false	1.0
wichser	off 1.0		off 0.4864630030847897 neg 0.47143213161465586 __DUMMY__ 0.04210486530055449	false	1.0
terror	neg 1.0		neg 0.4826048819710248 off 0.4746061502080897 __DUMMY__ 0.042788967820885565	false	1.0
krass	neg 1.0		off 0.47942085592656225 neg 0.478264561999822 __DUMMY__ 0.042314582073615686	false	0.5
revolte	neg 1.0		neg 0.4869629373777651 off 0.4705689038678003 __DUMMY__ 0.04246815875443458	false	1.0
besorgt	neg 1.0		neg 0.48653358284754133 off 0.47042796932047026 __DUMMY__ 0.043038447831988555	false	1.0
nachlassen	neg 1.0		neg 0.4910445027979007 off 0.46607102716985077 __DUMMY__ 0.042884470032248594	false	1.0
alt	neg 1.0		neg 0.48998754672723005 off 0.4671732289653473 __DUMMY__ 0.04283922430742266	false	1.0
hundesohn	off 1.0		off 0.4830736113905239 neg 0.4749312847960968 __DUMMY__ 0.04199510381337935	false	1.0
als			neg 0.48728476039825347 off 0.46977448361898055 __DUMMY__ 0.04294075598276597	false	0.0
abschreckung	neg 1.0		neg 0.4933689224650266 off 0.4637091805415469 __DUMMY__ 0.0429218969934264	false	1.0
unqualifiziert	neg 1.0		neg 0.4870622025719068 off 0.47064472258174816 __DUMMY__ 0.04229307484634509	false	1.0
abgewichst	off 1.0		neg 0.48827486893498656 off 0.468884044310416 __DUMMY__ 0.04284108675459735	false	0.5
schwer	neg 1.0		neg 0.4866103460611898 off 0.4706113248219908 __DUMMY__ 0.042778329116819315	false	1.0
bedeutungslosigkeit	neg 1.0		neg 0.49309656292428833 off 0.4640716352557792 __DUMMY__ 0.04283180181993242	false	1.0
kapitulation	neg 1.0		neg 0.49340763358816175 off 0.4639722643710963 __DUMMY__ 0.042620102040741854	false	1.0
unscharf	neg 1.0		neg 0.4847268035879189 off 0.4726634691931317 __DUMMY__ 0.04260972721894949	false	1.0
schwinden	neg 1.0		neg 0.4931718906457869 off 0.46399293937608643 __DUMMY__ 0.04283516997812663	false	1.0
versklavung	neg 1.0		neg 0.4892321762315997 off 0.4683643903575611 __DUMMY__ 0.04240343341083914	false	1.0
schlecht	neg 1.0		neg 0.4798153495150564 off 0.47757490149805665 __DUMMY__ 0.04260974898688688	false	1.0
verhasst	neg 1.0		neg 0.4864340408386035 off 0.4709236208298871 __DUMMY__ 0.04264233833150929	false	1.0
beschweren	neg 1.0		neg 0.4850522491339565 off 0.4722817957160883 __DUMMY__ 0.04266595514995511	false	1.0
scheiden	neg 1.0		neg 0.4825449910162039 off 0.474358189500459 __DUMMY__ 0.043096819483337136	false	1.0
frustriert	neg 1.0		neg 0.4878412615849691 off 0.4693585364244493 __DUMMY__ 0.04280020199058166	false	1.0
schimmelig	neg 1.0		neg 0.4901401436166025 off 0.4669542673689239 __DUMMY__ 0.042905589014473486	false	1.0
fisch	neg 1.0		neg 0.48826758021707767 off 0.46848807298337236 __DUMMY__ 0.04324434679955005	false	1.0
schmuggel	neg 1.0		neg 0.4892008155002866 off 0.46760594136744854 __DUMMY__ 0.04319324313226498	false	1.0
auffallen	neg 1.0		neg 0.4841395581815304 off 0.4731982496401982 __DUMMY__ 0.04266219217827126	false	1.0
konkurrenz	neg 1.0	neg 1.0	neg 0.7328589122916035 off 0.24657844724854439 __DUMMY__ 0.020562640459852195	false	1.0
teufelskreis	neg 1.0		neg 0.48792663576114875 off 0.46934692789285754 __DUMMY__ 0.0427264363459936	false	1.0
aufschreien	neg 1.0		neg 0.48520836810484974 off 0.47221615018537416 __DUMMY__ 0.04257548170977604	false	1.0
schuldner	neg 1.0		neg 0.49226680171867643 off 0.4648437469938453 __DUMMY__ 0.04288945128747836	false	1.0
missgeburt	off 1.0	off 1.0	off 0.7259545307882717 neg 0.25383708064343485 __DUMMY__ 0.020208388568293507	false	1.0
arbeitslos	neg 1.0		neg 0.49097452750949017 off 0.4664012562843246 __DUMMY__ 0.042624216206185256	false	1.0
befallen	neg 1.0		neg 0.48895756064915685 off 0.4682905650461571 __DUMMY__ 0.04275187430468606	false	1.0
miesepetrig	off 1.0	off 1.0	off 0.7240881669224929 neg 0.2555275022762152 __DUMMY__ 0.020384330801291945	false	1.0
alarmieren	neg 1.0		neg 0.4842042591674714 off 0.4733766660681706 __DUMMY__ 0.04241907476435786	false	1.0
ungeduscht	off 1.0		neg 0.48239170707564494 off 0.4749438805061192 __DUMMY__ 0.04266441241823598	false	0.5
knappheit	neg 1.0		neg 0.4933595919522468 off 0.46403231931449024 __DUMMY__ 0.042608088733262946	false	1.0
schlange	neg 1.0		neg 0.48265021306870576 off 0.4744483344071017 __DUMMY__ 0.04290145252419255	false	1.0
harsch	neg 1.0		off 0.4817395880212688 neg 0.47576886858096334 __DUMMY__ 0.04249154339776791	false	0.5
lang	neg 1.0		neg 0.4860987593394628 off 0.4711219448146413 __DUMMY__ 0.04277929584589581	false	1.0
ziellos	neg 1.0		neg 0.4880711440789275 off 0.46897855531155125 __DUMMY__ 0.04295030060952128	false	1.0
selbstverliebt	neg 1.0		off 0.4851533035234291 neg 0.47300076626779713 __DUMMY__ 0.041845930208773634	false	0.5
beseitigen	neg 1.0	neg 1.0	neg 0.7285107704974194 off 0.25088900714872175 __DUMMY__ 0.02060022235385878	false	1.0
dumm	off 1.0		off 0.48203906350638553 neg 0.4757820115634879 __DUMMY__ 0.04217892493012656	false	1.0
arbeitsloser	neg 1.0		neg 0.4901528354365215 off 0.46702999252570765 __DUMMY__ 0.042817172037770954	false	1.0
blitzen	neg 1.0		neg 0.4836518858897231 off 0.4737086718771166 __DUMMY__ 0.04263944223316028	false	1.0
hilflos	neg 1.0		neg 0.488172765545734 off 0.4690014782823925 __DUMMY__ 0.04282575617187339	false	1.0
eklig	off 1.0		off 0.482869798587669 neg 0.47495982316343854 __DUMMY__ 0.04217037824889241	false	1.0
begriff			neg 0.4894757224582893 off 0.46787096398984135 __DUMMY__ 0.04265331355186942	false	0.0
hungersnot	neg 1.0		neg 0.4879227625892982 off 0.46920056790673015 __DUMMY__ 0.042876669503971836	false	1.0
ungesetzlich	neg 1.0		neg 0.490837957772272 off 0.4670354090682089 __DUMMY__ 0.04212663315951907	false	1.0
verschwendung	neg 1.0		neg 0.4914840182828408 off 0.46566749920592604 __DUMMY__ 0.04284848251123315	false	1.0
schmerzvoll	neg 1.0		neg 0.48459847021115765 off 0.47268970759397777 __DUMMY__ 0.04271182219486454	false	1.0
vorzeitig	neg 1.0		neg 0.4822189313532764 off 0.4750092376212687 __DUMMY__ 0.04277183102545476	false	1.0
unvollkommenheit	neg 1.0		neg 0.4850322158169741 off 0.471750925684449 __DUMMY__ 0.04321685849857693	false	1.0
intervenieren	neg 1.0		neg 0.4937346391327686 off 0.4635841297094937 __DUMMY__ 0.04268123115773771	false	1.0
banause	off 1.0		off 0.4835558709789105 neg 0.47449164672061456 __DUMMY__ 0.04195248230047509	false	1.0
rebell	neg 1.0		neg 0.4938610187620585 off 0.463099867072649 __DUMMY__ 0.04303911416529243	false	1.0
unlogisch	neg 1.0		off 0.4788517084015567 neg 0.4787722494655556 __DUMMY__ 0.04237604213288772	false	0.5
leiden	neg 1.0		neg 0.48712783161615936 off 0.4695601657134844 __DUMMY__ 0.04331200267035635	false	1.0
abschaffung	neg 1.0		neg 0.48924180441939796 off 0.4682944858790177 __DUMMY__ 0.042463709701584265	false	1.0
sturz	neg 1.0		neg 0.486276641076782 off 0.4709142431250751 __DUMMY__ 0.04280911579814286	false	1.0
verkleinerung	neg 1.0		neg 0.4876137437121493 off 0.4701004060356954 __DUMMY__ 0.04228585025215533	false	1.0
schmarotzer	off 1.0		neg 0.4913590185870096 off 0.4660384185558905 __DUMMY__ 0.04260256285709994	false	0.5
bestrafung	neg 1.0		neg 0.4859006746322243 off 0.4714453799596949 __DUMMY__ 0.042653945408080894	false	1.0
achtlos	neg 1.0		neg 0.485840598010489 off 0.47130131893906424 __DUMMY__ 0.042858083050446825	false	1.0
ungeheuer	neg 1.0		neg 0.48298693221748773 off 0.4743163636350817 __DUMMY__ 0.04269670414743062	false	1.0
unaufrichtig	neg 1.0		neg 0.487204923984211 off 0.4703691756123266 __DUMMY__ 0.04242590040346232	false	1.0
