unsolidarisch	neg 1.0		neg 0.3436646316281151 __DUMMY__ 0.33267776632292356 off 0.3236576020489612	false	1.0
nachteilig	neg 1.0		neg 0.34270461394189844 __DUMMY__ 0.3361293460762582 off 0.3211660399818434	false	1.0
skeptisch	neg 1.0		neg 0.34261692786862663 __DUMMY__ 0.33671845468125206 off 0.3206646174501213	false	1.0
schrecklich	neg 1.0		off 0.3371236118119159 __DUMMY__ 0.33345987585640896 neg 0.32941651233167496	false	0.5
schlapp	neg 1.0		__DUMMY__ 0.33514205843673656 off 0.3325460402269161 neg 0.33231190133634747	false	0.5
abfall	neg 1.0		neg 0.34437943860613446 __DUMMY__ 0.33765890132422294 off 0.3179616600696426	false	1.0
widerspenstig	neg 1.0		neg 0.33672682297633316 __DUMMY__ 0.33634420307178264 off 0.3269289739518843	false	1.0
abrupt	neg 1.0		neg 0.3390173518258293 __DUMMY__ 0.33836938757024804 off 0.3226132606039226	false	1.0
unwirksam	neg 1.0		neg 0.34213789148652013 __DUMMY__ 0.3335021307285818 off 0.32435997778489806	false	1.0
angreifen	neg 1.0	neg 1.0	neg 0.6593531245280447 off 0.17740092134872354 __DUMMY__ 0.1632459541232317	false	1.0
inkonsistent	neg 1.0		__DUMMY__ 0.33624104858174764 neg 0.3358695410136868 off 0.32788941040456565	false	1.0
abrutschen	neg 1.0		neg 0.34397174106371736 __DUMMY__ 0.33763753444263317 off 0.3183907244936495	false	1.0
unsicher	neg 1.0		neg 0.3365763733153038 __DUMMY__ 0.33642760425455653 off 0.3269960224301395	false	1.0
bauernkind	off 1.0	off 1.0	off 0.6552024508715948 neg 0.18458165456812584 __DUMMY__ 0.16021589456027927	false	1.0
angreifer	neg 1.0		__DUMMY__ 0.33630945638345 neg 0.33529315545807914 off 0.3283973881584708	false	1.0
trennen	neg 1.0		__DUMMY__ 0.3391517633191813 neg 0.3372212030745547 off 0.32362703360626394	false	1.0
schmutz	neg 1.0		__DUMMY__ 0.33846524205925566 neg 0.33097481056743305 off 0.33055994737331135	false	1.0
inkonsistenz	neg 1.0		neg 0.3379768194182063 __DUMMY__ 0.33267446507511805 off 0.32934871550667577	false	1.0
erschreckend	neg 1.0		neg 0.339702727682881 __DUMMY__ 0.3355104825869566 off 0.3247867897301624	false	1.0
ertrinken	neg 1.0		__DUMMY__ 0.33814048739934954 neg 0.3380953132467163 off 0.32376419935393425	false	1.0
pickelface	off 1.0		neg 0.339617368107746 __DUMMY__ 0.3362324577400695 off 0.3241501741521845	false	0.5
seiner			neg 0.34019129930221587 __DUMMY__ 0.3377562616280408 off 0.32205243906974323	false	0.0
lauch	neg 1.0		neg 0.34512316239114477 __DUMMY__ 0.33693923876545145 off 0.31793759884340395	false	1.0
unwichtig	neg 1.0		neg 0.33444471503615314 __DUMMY__ 0.3341524209980848 off 0.331402863965762	false	1.0
steuerhinterziehung	neg 1.0		neg 0.34220900571021146 __DUMMY__ 0.33466502239403634 off 0.3231259718957522	false	1.0
schock	neg 1.0		__DUMMY__ 0.33795687869623015 neg 0.3350553540725616 off 0.3269877672312083	false	1.0
beule	neg 1.0		__DUMMY__ 0.33524047906255106 off 0.33301900992470274 neg 0.3317405110127461	false	0.5
vergelten	neg 1.0		off 0.33678012636479765 __DUMMY__ 0.33551625851797306 neg 0.32770361511722934	false	0.5
verdorbenheit	neg 1.0		neg 0.33701580954714905 __DUMMY__ 0.33662461894075996 off 0.3263595715120911	false	1.0
trauma	neg 1.0		neg 0.3364827113063962 __DUMMY__ 0.33581807854989454 off 0.32769921014370923	false	1.0
sinnlos	neg 1.0		__DUMMY__ 0.33610728054364 neg 0.33415652402806856 off 0.32973619542829136	false	1.0
fettsack	off 1.0	off 1.0	off 0.6570078141640203 neg 0.18204320114684946 __DUMMY__ 0.16094898468913027	false	1.0
feige	off 1.0	off 1.0	off 0.6534111681534747 neg 0.1851205483766755 __DUMMY__ 0.16146828346984987	false	1.0
abdanken	neg 1.0		neg 0.34066349494383386 __DUMMY__ 0.3348904900986464 off 0.3244460149575196	false	1.0
wichtigtuer	off 1.0	off 1.0	off 0.6516956163731739 neg 0.18623843151663771 __DUMMY__ 0.16206595211018834	false	1.0
misslingen	neg 1.0		__DUMMY__ 0.33893003190378324 neg 0.3310380466072792 off 0.3300319214889374	false	1.0
untreu	off 1.0		__DUMMY__ 0.33371340477346756 neg 0.33362536798177383 off 0.3326612272447586	false	0.5
missmutig	neg 1.0		__DUMMY__ 0.33459607449701984 neg 0.3335923457925927 off 0.33181157971038744	false	1.0
hurenbock	off 1.0		__DUMMY__ 0.33657686564362427 neg 0.33469470698757553 off 0.32872842736880026	false	0.5
betrunken	neg 1.0		off 0.33578721440047615 __DUMMY__ 0.33523051278704485 neg 0.3289822728124789	false	0.5
korrupt	off 1.0		neg 0.3443548644152041 __DUMMY__ 0.3339156094973033 off 0.32172952608749256	false	0.5
unmut	neg 1.0		neg 0.34487102965837496 __DUMMY__ 0.337277092517549 off 0.317851877824076	false	1.0
hackfresse	off 1.0		off 0.34010909451313526 __DUMMY__ 0.3315769898689642 neg 0.3283139156179005	false	1.0
aufblasen	neg 1.0		__DUMMY__ 0.3367548497893517 neg 0.3342436614549726 off 0.32900148875567564	false	1.0
gewaltsam	neg 1.0		neg 0.33765906434267706 __DUMMY__ 0.33654503582143414 off 0.32579589983588875	false	1.0
unbeliebtheit	neg 1.0		neg 0.34103930030494023 __DUMMY__ 0.33083079950103716 off 0.32812990019402255	false	1.0
sturheit	neg 1.0		neg 0.34000393568334064 __DUMMY__ 0.3353584921259141 off 0.3246375721907454	false	1.0
kuh	neg 1.0		neg 0.33966531369372965 __DUMMY__ 0.3343100557769211 off 0.3260246305293493	false	1.0
erschrecken	neg 1.0		__DUMMY__ 0.3354115834531362 neg 0.33302784240543704 off 0.3315605741414268	false	1.0
opfer	neg 1.0		neg 0.3390361694962744 __DUMMY__ 0.3375651672971306 off 0.3233986632065951	false	1.0
sinken	neg 1.0		neg 0.3435549102074767 __DUMMY__ 0.3376087871175687 off 0.31883630267495466	false	1.0
stinktier	neg 1.0		off 0.3367536556714416 __DUMMY__ 0.33212981985145884 neg 0.3311165244770996	false	0.5
tucke	off 1.0		off 0.33911911511530574 neg 0.3313939975514876 __DUMMY__ 0.3294868873332067	false	1.0
ein			__DUMMY__ 0.33647581780741354 neg 0.33561317440732313 off 0.3279110077852634	false	0.0
abstieg	neg 1.0		neg 0.3386387229930094 __DUMMY__ 0.33844737716658985 off 0.3229138998404009	false	1.0
missverstehen	neg 1.0		neg 0.3366190358629037 __DUMMY__ 0.33454465042779924 off 0.328836313709297	false	1.0
ergebnislos	neg 1.0		neg 0.34211742677657864 __DUMMY__ 0.3365943222905773 off 0.3212882509328442	false	1.0
unter			neg 0.34357201430237416 __DUMMY__ 0.3411036851100893 off 0.3153243005875366	false	0.0
manipulieren	neg 1.0		neg 0.3425520392664853 __DUMMY__ 0.33670483583892585 off 0.3207431248945889	false	1.0
unbewiesen	neg 1.0		neg 0.3442993603008119 __DUMMY__ 0.33213114223044077 off 0.32356949746874736	false	1.0
verschleppen	neg 1.0		neg 0.34001627625227127 __DUMMY__ 0.336593630363228 off 0.3233900933845007	false	1.0
weib	off 1.0		off 0.3399447468369188 __DUMMY__ 0.33145179447524126 neg 0.32860345868784	false	1.0
opposition	neg 1.0		neg 0.3383780192601148 __DUMMY__ 0.33424408676010475 off 0.3273778939797803	false	1.0
verkehrswidrig	neg 1.0	neg 1.0	neg 0.6485026428296153 off 0.18746990961776577 __DUMMY__ 0.164027447552619	false	1.0
inkorrekt	neg 1.0		neg 0.3350858343544662 off 0.3328868217456636 __DUMMY__ 0.33202734389987015	false	1.0
vermeiden	neg 1.0		neg 0.3442795088095999 __DUMMY__ 0.33906910908681015 off 0.31665138210359	false	1.0
abweichung	neg 1.0		neg 0.34226258886517197 __DUMMY__ 0.3361652477437515 off 0.3215721633910766	false	1.0
alkoholisiert	neg 1.0		__DUMMY__ 0.3403236597318946 neg 0.33596542074227326 off 0.3237109195258322	false	1.0
scheiss	off 1.0	off 1.0	off 0.6541781977330056 neg 0.18361053329561133 __DUMMY__ 0.16221126897138308	false	1.0
herausforderung	neg 1.0	neg 1.0	neg 0.6549281219314468 off 0.17930008279456133 __DUMMY__ 0.16577179527399197	false	1.0
pervers	off 1.0		off 0.3434595409970445 __DUMMY__ 0.3307288289584657 neg 0.3258116300444899	false	1.0
wackelig	neg 1.0		__DUMMY__ 0.3387469898602039 neg 0.33568741683863945 off 0.32556559330115653	false	1.0
verwickeln	neg 1.0		neg 0.336878254477046 __DUMMY__ 0.3344825891374142 off 0.3286391563855398	false	1.0
vorwand	neg 1.0		neg 0.3424664874960118 __DUMMY__ 0.3372970471162325 off 0.32023646538775563	false	1.0
muschi	off 1.0		neg 0.33912847801035845 __DUMMY__ 0.3362081359593877 off 0.3246633860302538	false	0.5
entmutigung	neg 1.0		neg 0.33964740796474174 __DUMMY__ 0.3337725333047684 off 0.32658005873049	false	1.0
unangemessen	neg 1.0		neg 0.3410424066036862 __DUMMY__ 0.3353705204485421 off 0.3235870729477717	false	1.0
unstetig	neg 1.0		__DUMMY__ 0.33679319788640205 neg 0.33476858254361386 off 0.3284382195699842	false	1.0
entmutigen	neg 1.0		neg 0.33636601789032883 __DUMMY__ 0.33560943018958267 off 0.3280245519200885	false	1.0
schwanz	neg 1.0		neg 0.3410377643689446 __DUMMY__ 0.3373485485651998 off 0.32161368706585564	false	1.0
verbot	neg 1.0		neg 0.3426678600725636 __DUMMY__ 0.3350805894391069 off 0.3222515504883295	false	1.0
leid	neg 1.0		off 0.3386610283878524 __DUMMY__ 0.3334981066171995 neg 0.32784086499494824	false	0.5
archaisch	neg 1.0		neg 0.33908791141757505 __DUMMY__ 0.33654212783454707 off 0.3243699607478779	false	1.0
gegen			neg 0.3416193568078528 __DUMMY__ 0.33828929885452336 off 0.3200913443376239	false	0.0
scheidung	neg 1.0		off 0.34775002146573103 __DUMMY__ 0.3307565649092394 neg 0.3214934136250295	false	0.5
einschlag	neg 1.0	neg 1.0	neg 0.6520093014628289 off 0.18576136141376487 __DUMMY__ 0.16222933712340634	false	1.0
m			neg 0.3379064113569969 __DUMMY__ 0.3373818753371934 off 0.3247117133058099	false	0.0
abgestanden	neg 1.0		__DUMMY__ 0.3366242797822767 neg 0.3353827427604484 off 0.327992977457275	false	1.0
schmierig	off 1.0		off 0.3380483867380556 __DUMMY__ 0.33357732077178065 neg 0.32837429249016364	false	1.0
unpraktisch	neg 1.0		__DUMMY__ 0.33700786023369317 neg 0.33428461620286837 off 0.32870752356343846	false	1.0
wixxer	off 1.0		off 0.3428048418519419 __DUMMY__ 0.3302716465934868 neg 0.3269235115545713	false	1.0
bezeichnet			neg 0.3389012533429081 __DUMMY__ 0.3355040043822257 off 0.32559474227486623	false	0.0
jammerlappen	off 1.0		__DUMMY__ 0.33439035421721625 neg 0.3338168771668022 off 0.33179276861598167	false	0.5
farce	neg 1.0		neg 0.3430828247648561 __DUMMY__ 0.3342809761647055 off 0.3226361990704385	false	1.0
zwecklos	neg 1.0		neg 0.34064664074873574 __DUMMY__ 0.33562942863630385 off 0.32372393061496035	false	1.0
turbulent	neg 1.0		__DUMMY__ 0.3339617871087388 neg 0.3339341863281331 off 0.332104026563128	false	1.0
invasion	neg 1.0		__DUMMY__ 0.3358238718843851 neg 0.3345862788198368 off 0.3295898492957779	false	1.0
schuld	neg 1.0		neg 0.33717602259289753 __DUMMY__ 0.335479473625612 off 0.3273445037814904	false	1.0
risiko	neg 1.0		__DUMMY__ 0.3369975145240264 neg 0.33531608578839367 off 0.32768639968757995	false	1.0
finster	neg 1.0		__DUMMY__ 0.33636027382994704 neg 0.335484447064539 off 0.32815527910551395	false	1.0
geisteskrank	off 1.0		neg 0.3338679419650739 __DUMMY__ 0.3331174843679982 off 0.3330145736669279	false	0.5
zusammenbrechen	neg 1.0		neg 0.33753954734082986 __DUMMY__ 0.3369841471125724 off 0.3254763055465977	false	1.0
ausbeute	neg 1.0		__DUMMY__ 0.3388366944455099 neg 0.3383635594956567 off 0.32279974605883327	false	1.0
hinterhalt	neg 1.0		__DUMMY__ 0.33778053315876794 neg 0.33672713290805106 off 0.325492333933181	false	1.0
kritik	neg 1.0		neg 0.34251404049464623 __DUMMY__ 0.33471235897604595 off 0.3227736005293078	false	1.0
einschrumpfen	neg 1.0		neg 0.33822305487934395 __DUMMY__ 0.33335504101590974 off 0.32842190410474636	false	1.0
riskant	neg 1.0		neg 0.3414759186425344 __DUMMY__ 0.3363915565382458 off 0.3221325248192198	false	1.0
frustrieren	neg 1.0		neg 0.34073709303965316 __DUMMY__ 0.33666616782069975 off 0.3225967391396472	false	1.0
groll	neg 1.0		neg 0.339544273990459 __DUMMY__ 0.3364525503867261 off 0.3240031756228149	false	1.0
gibt			neg 0.33940321010847896 __DUMMY__ 0.33621313695193034 off 0.3243836529395908	false	0.0
qualvoll	neg 1.0		__DUMMY__ 0.3361845376485965 neg 0.3326465729243111 off 0.3311688894270924	false	1.0
wackeln	neg 1.0	neg 1.0	neg 0.654427367672544 off 0.18173282041055347 __DUMMY__ 0.16383981191690256	false	1.0
klagen	neg 1.0		neg 0.3438642699599456 __DUMMY__ 0.33747719475157206 off 0.31865853528848226	false	1.0
bankrott	neg 1.0		__DUMMY__ 0.33528631760344346 neg 0.3335885642948259 off 0.33112511810173073	false	1.0
trauern	neg 1.0		neg 0.33886349508203895 __DUMMY__ 0.33783312288268563 off 0.3233033820352753	false	1.0
ablehnung	neg 1.0		neg 0.342341417026706 __DUMMY__ 0.33477286982668963 off 0.3228857131466042	false	1.0
stur	neg 1.0		neg 0.3374542308077572 __DUMMY__ 0.3348964845852802 off 0.3276492846069626	false	1.0
aufruhr	neg 1.0		neg 0.3380517006870215 __DUMMY__ 0.3363939368927241 off 0.32555436242025443	false	1.0
melancholie	neg 1.0		neg 0.33816194244728925 __DUMMY__ 0.337393700503512 off 0.32444435704919866	false	1.0
ist			neg 0.3360312762838288 __DUMMY__ 0.3354798299759153 off 0.3284888937402559	false	0.0
torheit	neg 1.0		neg 0.33895717295773703 __DUMMY__ 0.3345992332089305 off 0.3264435938333325	false	1.0
dreckskind	off 1.0		off 0.337968732557344 __DUMMY__ 0.33146211593933816 neg 0.3305691515033178	false	1.0
umtauschen	neg 1.0		neg 0.3374236860324914 __DUMMY__ 0.33632152307266494 off 0.3262547908948437	false	1.0
zum			__DUMMY__ 0.3414087927313988 neg 0.3399062270784025 off 0.3186849801901986	false	0.0
zersetzen	neg 1.0		neg 0.34371279106862385 __DUMMY__ 0.3361159165844518 off 0.3201712923469243	false	1.0
zur			neg 0.3439378574085352 __DUMMY__ 0.33964907954887497 off 0.3164130630425898	false	0.0
frust	neg 1.0		neg 0.3381662650306153 __DUMMY__ 0.3367673617372793 off 0.3250663732321054	false	1.0
unerbittlichkeit	neg 1.0		neg 0.3430464924172871 __DUMMY__ 0.33640263930213943 off 0.32055086828057355	false	1.0
zwei			__DUMMY__ 0.34016951542893614 neg 0.3393843374870008 off 0.3204461470840631	false	0.0
unkorrekt	neg 1.0		neg 0.335493419667535 off 0.3330970744646275 __DUMMY__ 0.3314095058678376	false	1.0
hexe	off 1.0		__DUMMY__ 0.3342315780180379 neg 0.3332169586966986 off 0.3325514632852634	false	0.5
lasch	neg 1.0		neg 0.33710577473975334 __DUMMY__ 0.3334595680270376 off 0.3294346572332091	false	1.0
rivale	neg 1.0		off 0.3352213176327956 __DUMMY__ 0.3343179204046616 neg 0.33046076196254276	false	0.5
mutlos	off 1.0	off 1.0	off 0.6475735112382655 neg 0.1898974653253305 __DUMMY__ 0.162529023436404	false	1.0
wirr	off 1.0		neg 0.3347960030848053 off 0.33361447624592877 __DUMMY__ 0.33158952066926595	false	0.5
jahr			__DUMMY__ 0.33934700334164397 neg 0.3385799267212902 off 0.3220730699370657	false	0.0
wird			neg 0.3399533048736973 __DUMMY__ 0.33686544734120155 off 0.3231812477851013	false	0.0
strafbar	neg 1.0		neg 0.34215791042171817 __DUMMY__ 0.3359456936556459 off 0.32189639592263586	false	1.0
erosion	neg 1.0		__DUMMY__ 0.3368807491641583 neg 0.3351100029829568 off 0.32800924785288493	false	1.0
eingehen	neg 1.0		neg 0.3418687268245296 __DUMMY__ 0.3354617966491221 off 0.3226694765263483	false	1.0
faul	off 1.0		__DUMMY__ 0.3356460343285058 neg 0.3325158262781346 off 0.33183813939335965	false	0.5
provisorium	neg 1.0		neg 0.34508741710994195 __DUMMY__ 0.34043477444097425 off 0.31447780844908374	false	1.0
schmerzen	neg 1.0		neg 0.3366560350065775 __DUMMY__ 0.3364599400232353 off 0.32688402497018715	false	1.0
schrumpfen	neg 1.0		neg 0.3470677906105831 __DUMMY__ 0.33760955531451575 off 0.3153226540749011	false	1.0
geistlos	off 1.0		neg 0.34045290772236986 __DUMMY__ 0.3324168020974962 off 0.3271302901801339	false	0.5
fehlkauf	neg 1.0		neg 0.3363321801118983 __DUMMY__ 0.3353355920878026 off 0.328332227800299	false	1.0
frustrierend	neg 1.0		__DUMMY__ 0.3357664697721826 neg 0.3326153211275928 off 0.33161820910022466	false	1.0
unzufrieden	neg 1.0		neg 0.341085266397508 __DUMMY__ 0.33550069036169833 off 0.3234140432407936	false	1.0
verzweifeln	neg 1.0		neg 0.3376541851701391 __DUMMY__ 0.33622009075787357 off 0.32612572407198737	false	1.0
verzweifelt	neg 1.0		neg 0.33655062104516875 __DUMMY__ 0.3353316135820956 off 0.32811776537273557	false	1.0
misstrauensantrag	neg 1.0		neg 0.336855749363777 __DUMMY__ 0.3346365151170663 off 0.3285077355191566	false	1.0
abfallen	neg 1.0		__DUMMY__ 0.3371393559507536 neg 0.3336872030096922 off 0.3291734410395542	false	1.0
fucker	off 1.0		off 0.33374649581989874 __DUMMY__ 0.3334160420329692 neg 0.332837462147132	false	1.0
ungezogen	neg 1.0		off 0.3422742392628733 __DUMMY__ 0.3319486167243556 neg 0.32577714401277114	false	0.5
irrsinnig	neg 1.0	neg 1.0	neg 0.656750998247052 off 0.18093200552678204 __DUMMY__ 0.16231699622616597	false	1.0
unfassbar	neg 1.0		__DUMMY__ 0.3339171587823124 neg 0.33372293561604943 off 0.3323599056016382	false	1.0
hart	neg 1.0		__DUMMY__ 0.33498790184110505 neg 0.33459391570785413 off 0.3304181824510407	false	1.0
widerlich	off 1.0		neg 0.3339048069472951 __DUMMY__ 0.333138668329202 off 0.332956524723503	false	0.5
fatal	neg 1.0		neg 0.33602166939705624 __DUMMY__ 0.33531204149859817 off 0.3286662891043455	false	1.0
bruch	neg 1.0		neg 0.34460764811705313 __DUMMY__ 0.33692657684606747 off 0.3184657750368793	false	1.0
aushungern	neg 1.0		neg 0.34117851139261574 __DUMMY__ 0.33477764109730956 off 0.3240438475100747	false	1.0
anspannung	neg 1.0	neg 1.0	neg 0.6573163655098837 off 0.1765282499239319 __DUMMY__ 0.1661553845661844	false	1.0
von			neg 0.33969604771555467 __DUMMY__ 0.339217411937569 off 0.3210865403468764	false	0.0
kraftlos	neg 1.0		__DUMMY__ 0.338140755826721 neg 0.3362731649274664 off 0.3255860792458128	false	1.0
vom			neg 0.34281152804805026 __DUMMY__ 0.34126582150159457 off 0.31592265045035506	false	0.0
grenzdebil	off 1.0		__DUMMY__ 0.33408089388395795 off 0.3338004226562774 neg 0.33211868345976475	false	1.0
vor			neg 0.340904513981083 __DUMMY__ 0.33817845343242525 off 0.3209170325864917	false	0.0
unterwerfen	neg 1.0		neg 0.34094763662460953 __DUMMY__ 0.33672779657346547 off 0.322324566801925	false	1.0
versenkung	neg 1.0		neg 0.34128237920640525 __DUMMY__ 0.3367602863812793 off 0.3219573344123154	false	1.0
entziehen	neg 1.0		neg 0.3433046689506026 __DUMMY__ 0.3373397612040965 off 0.319355569845301	false	1.0
finanzkrise	neg 1.0		neg 0.3414781102629608 __DUMMY__ 0.3344983895706806 off 0.3240235001663585	false	1.0
schimpfend	neg 1.0		__DUMMY__ 0.33722289823655827 neg 0.3338456544275571 off 0.32893144733588475	false	1.0
profan	neg 1.0		neg 0.33521080108211 __DUMMY__ 0.33509856993673065 off 0.32969062898115936	false	1.0
korruption	neg 1.0	neg 1.0	neg 0.6595497710395506 off 0.17807559409233312 __DUMMY__ 0.16237463486811624	false	1.0
â			neg 0.3391351607259637 __DUMMY__ 0.33744374102583863 off 0.3234210982481978	false	0.0
schmutzig	neg 1.0		__DUMMY__ 0.3349666298808088 off 0.3337890105115162 neg 0.3312443596076751	false	0.5
sexy	neg 1.0		__DUMMY__ 0.3352697841459773 neg 0.33415107878109185 off 0.33057913707293074	false	1.0
abraten	neg 1.0		__DUMMY__ 0.33560314473298264 neg 0.33558819759697767 off 0.32880865767003975	false	1.0
schwarz	neg 1.0		neg 0.33701182817663705 __DUMMY__ 0.33518332201012513 off 0.3278048498132378	false	1.0
fotze	off 1.0		neg 0.34094243923157774 __DUMMY__ 0.3367059746619283 off 0.32235158610649406	false	0.5
verwirren	neg 1.0		__DUMMY__ 0.33513628966793907 neg 0.33487623316716825 off 0.32998747716489274	false	1.0
zahnlos	off 1.0		neg 0.34092272070627605 __DUMMY__ 0.3355592392429239 off 0.3235180400508001	false	0.5
verheeren	neg 1.0		off 0.34417300107738363 __DUMMY__ 0.33291626726078993 neg 0.3229107316618265	false	0.5
hippie	neg 1.0		__DUMMY__ 0.33512926815743205 neg 0.33504521908091334 off 0.3298255127616546	false	1.0
rammen	neg 1.0		neg 0.3374196231359202 __DUMMY__ 0.3353896114741176 off 0.32719076538996217	false	1.0
unlauter	neg 1.0		neg 0.34292061379240457 __DUMMY__ 0.33257731426895815 off 0.3245020719386372	false	1.0
unheilvoll	neg 1.0		__DUMMY__ 0.3370782858046491 neg 0.33239228845076657 off 0.3305294257445843	false	1.0
niedrig	neg 1.0		neg 0.34054352814114686 __DUMMY__ 0.33755952182361304 off 0.3218969500352402	false	1.0
explosion	neg 1.0		neg 0.33635407142636803 __DUMMY__ 0.3347849992822877 off 0.32886092929134425	false	1.0
weichei	off 1.0		off 0.33874806124512796 __DUMMY__ 0.3322404854849479 neg 0.3290114532699242	false	1.0
minusmensch	off 1.0		off 0.3408681798148939 neg 0.32997361710006745 __DUMMY__ 0.32915820308503857	false	1.0
farblos	neg 1.0		__DUMMY__ 0.33931172054965647 neg 0.33283884656540647 off 0.3278494328849371	false	1.0
unwissend	neg 1.0	neg 1.0	neg 0.6549605713439984 off 0.1834384510199358 __DUMMY__ 0.16160097763606582	false	1.0
traurig	neg 1.0		off 0.3361501581415745 __DUMMY__ 0.33391285755107764 neg 0.3299369843073478	false	0.5
senkung	neg 1.0		neg 0.33832489293258144 __DUMMY__ 0.3334819983686487 off 0.32819310869876983	false	1.0
ungleich	neg 1.0	neg 1.0	neg 0.660173651586841 off 0.17729360207279038 __DUMMY__ 0.1625327463403686	false	1.0
heikel	neg 1.0		neg 0.3431786656780818 __DUMMY__ 0.33628297009882313 off 0.32053836422309506	false	1.0
drosselung	neg 1.0		__DUMMY__ 0.33479149688901383 off 0.3337168187459388 neg 0.3314916843650474	false	0.5
falsch	neg 1.0		__DUMMY__ 0.3350080009304294 neg 0.33362768784432706 off 0.3313643112252437	false	1.0
unzufriedenheit	neg 1.0		neg 0.34319732907795375 __DUMMY__ 0.33670686439022907 off 0.3200958065318172	false	1.0
kurz	neg 1.0		__DUMMY__ 0.3375670407598889 neg 0.3367083513675397 off 0.32572460787257135	false	1.0
unsinnig	neg 1.0		neg 0.34152843132093147 __DUMMY__ 0.3348541995053907 off 0.3236173691736779	false	1.0
penner	off 1.0	off 1.0	off 0.6584636968572862 neg 0.18100160976619195 __DUMMY__ 0.16053469337652185	false	1.0
seicht	neg 1.0		off 0.34078043919788065 __DUMMY__ 0.3302757114216109 neg 0.3289438493805085	false	0.5
dummheit	off 1.0	off 1.0	off 0.6518274717772436 neg 0.18626940432495986 __DUMMY__ 0.1619031238977965	false	1.0
unerfreulich	neg 1.0		neg 0.34232361285027724 __DUMMY__ 0.3374423538168186 off 0.3202340333329041	false	1.0
motherfucker	off 1.0	off 1.0	off 0.6543787599500225 neg 0.18434807071476136 __DUMMY__ 0.1612731693352162	false	1.0
pikiert	neg 1.0		neg 0.33506403655279415 __DUMMY__ 0.3332722911325442 off 0.3316636723146617	false	1.0
wrack	neg 1.0		__DUMMY__ 0.3390447133045896 neg 0.33711673234587947 off 0.3238385543495309	false	1.0
gangster	neg 1.0		__DUMMY__ 0.3354949712628514 neg 0.33486744420151293 off 0.32963758453563574	false	1.0
krank	neg 1.0		__DUMMY__ 0.33490660433376274 off 0.33473542181189636 neg 0.3303579738543408	false	0.5
reich	neg 1.0		neg 0.3354338917818696 __DUMMY__ 0.3339560155926021 off 0.33061009262552826	false	1.0
gnadenlos	neg 1.0		neg 0.33654480671061676 __DUMMY__ 0.33582620009196473 off 0.32762899319741856	false	1.0
niedergeschlagen	neg 1.0		__DUMMY__ 0.3377010312584598 neg 0.33604540698176666 off 0.32625356175977355	false	1.0
terrorisieren	off 1.0	off 1.0	off 0.6486646020291489 neg 0.18778083407205814 __DUMMY__ 0.16355456389879297	false	1.0
sinnlosigkeit	neg 1.0		neg 0.3402081239290886 __DUMMY__ 0.33586611317567466 off 0.3239257628952367	false	1.0
behindern	neg 1.0		neg 0.3394254374334651 __DUMMY__ 0.33545822958735144 off 0.3251163329791836	false	1.0
undemokratisch	neg 1.0		neg 0.3403223520627087 __DUMMY__ 0.3338343716904504 off 0.325843276246841	false	1.0
wirtschaftskrise	neg 1.0		neg 0.3425050298279143 __DUMMY__ 0.3355680380652326 off 0.32192693210685314	false	1.0
neid	neg 1.0		__DUMMY__ 0.3363364779840147 off 0.3331475418185778 neg 0.3305159801974076	false	0.5
rutschen	neg 1.0	neg 1.0	neg 0.6570694261924471 off 0.1773662794809569 __DUMMY__ 0.16556429432659608	false	1.0
rezession	neg 1.0		off 0.335692075902457 neg 0.3322512686343772 __DUMMY__ 0.3320566554631659	false	0.5
fehlgeburt	neg 1.0		__DUMMY__ 0.3369745504465719 neg 0.3329478953908104 off 0.33007755416261775	false	1.0
charakterschwach	off 1.0		__DUMMY__ 0.33410032464736517 off 0.33327344691529887 neg 0.33262622843733597	false	1.0
isolation	neg 1.0		__DUMMY__ 0.33550710765860753 neg 0.33312456953223896 off 0.33136832280915346	false	1.0
ablenkung	neg 1.0		neg 0.3365141036123267 __DUMMY__ 0.336257017842529 off 0.3272288785451443	false	1.0
pech	neg 1.0		__DUMMY__ 0.3352576598223872 neg 0.33362149037144606 off 0.33112084980616685	false	1.0
vermeidung	neg 1.0		neg 0.33421502298899647 __DUMMY__ 0.3330900067982164 off 0.33269497021278716	false	1.0
dominieren	neg 1.0		__DUMMY__ 0.33817087741827623 neg 0.3379704627839268 off 0.323858659797797	false	1.0
schwindlig	neg 1.0		__DUMMY__ 0.3375948805383059 off 0.3312094443346295 neg 0.33119567512706477	false	0.5
lutscher	neg 1.0		off 0.34164942083312766 __DUMMY__ 0.3302909626202065 neg 0.32805961654666577	false	0.5
pflicht	neg 1.0		neg 0.3432039677394494 __DUMMY__ 0.33639849536199645 off 0.3203975368985541	false	1.0
faschist	off 1.0		neg 0.3384114326755591 __DUMMY__ 0.33332325654381784 off 0.3282653107806231	false	0.5
verschleudern	neg 1.0		neg 0.34672239299259466 __DUMMY__ 0.33378245696375075 off 0.3194951500436544	false	1.0
wenn			__DUMMY__ 0.33486941067962867 neg 0.33360114399189694 off 0.33152944532847434	false	0.0
ehebruch	neg 1.0		neg 0.34087500431890194 __DUMMY__ 0.3363567999035087 off 0.3227681957775893	false	1.0
spott	off 1.0		neg 0.3429243634930623 __DUMMY__ 0.33562362295245995 off 0.3214520135544779	false	0.5
trostlosigkeit	neg 1.0		neg 0.3416466487122277 __DUMMY__ 0.3380521356223821 off 0.32030121566539027	false	1.0
lutschen	neg 1.0		neg 0.33692828397795377 __DUMMY__ 0.33442302078491715 off 0.3286486952371292	false	1.0
undiszipliniert	neg 1.0		off 0.3354895420700265 __DUMMY__ 0.33444350809026685 neg 0.33006694983970664	false	0.5
kopfschmerz	neg 1.0		__DUMMY__ 0.33755133865289194 neg 0.33646610420016865 off 0.3259825571469394	false	1.0
unvorhergesehen	neg 1.0		__DUMMY__ 0.33909220005917856 neg 0.33670739254918036 off 0.3242004073916411	false	1.0
desinteressiert	neg 1.0		off 0.3344598572205089 __DUMMY__ 0.3334086755299781 neg 0.3321314672495129	false	0.5
armselig	off 1.0		off 0.3346094195346405 neg 0.33333897606481794 __DUMMY__ 0.33205160440054143	false	1.0
desaster	neg 1.0		neg 0.3451168614761477 __DUMMY__ 0.3370259874583302 off 0.31785715106552215	false	1.0
tod	neg 1.0		__DUMMY__ 0.33896698508773243 neg 0.33620704270437146 off 0.32482597220789605	false	1.0
herzlos	neg 1.0		off 0.3359944830224731 __DUMMY__ 0.33295253582302314 neg 0.3310529811545038	false	0.5
unwissenheit	neg 1.0		neg 0.3427457123005968 __DUMMY__ 0.3346390005213011 off 0.3226152871781021	false	1.0
widersinnig	neg 1.0	neg 1.0	neg 0.66021568883357 off 0.178185912810502 __DUMMY__ 0.161598398355928	false	1.0
bedenklich	neg 1.0		neg 0.3421479231975432 __DUMMY__ 0.3358287086040916 off 0.32202336819836513	false	1.0
beanstanden	neg 1.0		neg 0.34311459343286294 __DUMMY__ 0.3368892215446956 off 0.3199961850224415	false	1.0
panisch	neg 1.0	neg 1.0	neg 0.6526622644153868 off 0.18336404756757496 __DUMMY__ 0.16397368801703832	false	1.0
debil	off 1.0		neg 0.34551318006982285 __DUMMY__ 0.33905660252479547 off 0.31543021740538163	false	0.5
abstrich	neg 1.0		neg 0.34082518842425985 __DUMMY__ 0.33622734012770267 off 0.3229474714480374	false	1.0
primitiv	neg 1.0		off 0.3335695739453017 __DUMMY__ 0.33322197707777423 neg 0.33320844897692414	false	0.5
abschaum	off 1.0	off 1.0	off 0.65325390617335 neg 0.18499203414897347 __DUMMY__ 0.1617540596776765	false	1.0
provozieren	neg 1.0		neg 0.33791970407486027 __DUMMY__ 0.3351778639198324 off 0.32690243200530733	false	1.0
tot	neg 1.0		neg 0.34147600222274804 __DUMMY__ 0.33646351217531445 off 0.3220604856019377	false	1.0
instabil	neg 1.0		neg 0.3357196608016877 off 0.33230877342858034 __DUMMY__ 0.3319715657697319	false	1.0
schwuchtel	off 1.0		off 0.3463450368019699 __DUMMY__ 0.3288862160799533 neg 0.32476874711807685	false	1.0
zerren	neg 1.0		__DUMMY__ 0.3376315130717016 neg 0.33606769645501927 off 0.3263007904732793	false	1.0
kinderficker	off 1.0		off 0.33678488851542127 neg 0.3323532707373748 __DUMMY__ 0.33086184074720393	false	1.0
gefahr	neg 1.0		neg 0.3420331509192742 __DUMMY__ 0.33727812651738853 off 0.32068872256333747	false	1.0
rabiat	neg 1.0		neg 0.33862896305970364 __DUMMY__ 0.3352584112768695 off 0.32611262566342686	false	1.0
verlangsamung	neg 1.0		off 0.3400229409395207 __DUMMY__ 0.332065650799231 neg 0.32791140826124826	false	0.5
ausgestorben	neg 1.0		__DUMMY__ 0.3370779945440062 neg 0.33618043209329296 off 0.3267415733627007	false	1.0
anklagen	neg 1.0		neg 0.34024832978409586 __DUMMY__ 0.33568227737681094 off 0.32406939283909314	false	1.0
trott	neg 1.0		neg 0.3371471126856264 __DUMMY__ 0.33658684174984016 off 0.3262660455645336	false	1.0
verminderung	neg 1.0		off 0.3339340972485425 __DUMMY__ 0.33332879461333675 neg 0.3327371081381206	false	0.5
nach			__DUMMY__ 0.34183821411558846 neg 0.3385809731044229 off 0.31958081277998857	false	0.0
rost	neg 1.0		off 0.3392323574813511 __DUMMY__ 0.3330584588804461 neg 0.32770918363820284	false	0.5
destruktiv	neg 1.0		neg 0.3408852924347084 __DUMMY__ 0.33433690441871944 off 0.32477780314657206	false	1.0
unzumutbarkeit	neg 1.0		__DUMMY__ 0.3353568935832641 neg 0.33235691241216825 off 0.33228619400456766	false	1.0
labil	off 1.0	off 1.0	off 0.6531987016973532 neg 0.18500691989341214 __DUMMY__ 0.16179437840923466	false	1.0
ziemlich	neg 1.0		__DUMMY__ 0.334823351722093 off 0.3336174654841598 neg 0.3315591827937471	false	0.5
lachnummer	off 1.0		neg 0.3393915849984395 __DUMMY__ 0.33504043144112167 off 0.3255679835604388	false	0.5
oder			__DUMMY__ 0.33683667242712617 neg 0.33549748780937066 off 0.32766583976350316	false	0.0
verfall	neg 1.0		neg 0.3461579692863401 __DUMMY__ 0.3380819483473197 off 0.3157600823663402	false	1.0
ausgrenzung	neg 1.0		neg 0.33880793570891193 __DUMMY__ 0.3341320517696786 off 0.3270600125214095	false	1.0
unordnung	neg 1.0		__DUMMY__ 0.3356509389960988 off 0.33358263747824596 neg 0.3307664235256553	false	0.5
fehlverhalten	neg 1.0		neg 0.3427289654507948 __DUMMY__ 0.33642573031303924 off 0.3208453042361661	false	1.0
eine			neg 0.3419694241720219 __DUMMY__ 0.3373246865048631 off 0.32070588932311495	false	0.0
nille	neg 1.0		neg 0.3384377393251598 __DUMMY__ 0.3362841479260205 off 0.32527811274881974	false	1.0
qual	neg 1.0		neg 0.3375569735752334 __DUMMY__ 0.3364956385470878 off 0.32594738787767874	false	1.0
verschwenden	neg 1.0		neg 0.3412536302168666 __DUMMY__ 0.3359857760107308 off 0.3227605937724025	false	1.0
riesig	neg 1.0	neg 1.0	neg 0.6561554732862649 off 0.17938446211114073 __DUMMY__ 0.1644600646025944	false	1.0
verurteilen	neg 1.0		neg 0.3405982419089296 __DUMMY__ 0.33581611470003536 off 0.323585643391035	false	1.0
klischee	neg 1.0	neg 1.0	neg 0.656096537009198 off 0.18227397980514723 __DUMMY__ 0.1616294831856547	false	1.0
diktatorisch	neg 1.0		neg 0.34062178222054396 __DUMMY__ 0.3332629928367456 off 0.3261152249427105	false	1.0
vorhersehbar	neg 1.0	neg 1.0	neg 0.6560665434732007 off 0.18200504146427718 __DUMMY__ 0.16192841506252204	false	1.0
sowie			off 0.33797694555088986 __DUMMY__ 0.33236368893210383 neg 0.3296593655170063	false	0.0
stornieren	neg 1.0		__DUMMY__ 0.3389219981817477 neg 0.33119819069125317 off 0.32987981112699905	false	1.0
besteuerung	neg 1.0		neg 0.34103088315866026 __DUMMY__ 0.3335257458670386 off 0.32544337097430115	false	1.0
ungeschminkt	neg 1.0		neg 0.3340223998555303 __DUMMY__ 0.33327922632132256 off 0.3326983738231473	false	1.0
kritisch	neg 1.0		neg 0.3423233406480349 __DUMMY__ 0.3358881690530334 off 0.32178849029893164	false	1.0
schlamperei	off 1.0		neg 0.3438002382950133 __DUMMY__ 0.33582941038160286 off 0.32037035132338376	false	0.5
sucht	neg 1.0	neg 1.0	neg 0.655133780887447 off 0.18112439920001822 __DUMMY__ 0.16374181991253475	false	1.0
egoistisch	off 1.0		off 0.3389530321729506 __DUMMY__ 0.33269144994505523 neg 0.32835551788199413	false	1.0
ausbeuter	off 1.0		neg 0.3442609035044734 __DUMMY__ 0.33566316081027103 off 0.3200759356852554	false	0.5
arschgeburt	off 1.0		off 0.3461132747132534 __DUMMY__ 0.3284037665331049 neg 0.3254829587536417	false	1.0
schubs	neg 1.0	neg 1.0	neg 0.6560703507628591 off 0.17986596233196028 __DUMMY__ 0.1640636869051807	false	1.0
unsolide	neg 1.0		neg 0.3433686935865837 __DUMMY__ 0.3313521553782743 off 0.3252791510351421	false	1.0
beschwerde	neg 1.0		neg 0.34364549338216493 __DUMMY__ 0.33577388011035314 off 0.3205806265074819	false	1.0
stocken	neg 1.0		neg 0.341472520039343 __DUMMY__ 0.33655760524063444 off 0.3219698747200226	false	1.0
isolieren	neg 1.0		neg 0.3417663314560294 __DUMMY__ 0.3355775247165799 off 0.32265614382739066	false	1.0
unheilbar	neg 1.0		__DUMMY__ 0.33727172381524506 neg 0.33440672505863406 off 0.3283215511261209	false	1.0
pisser	off 1.0		off 0.33452087290571075 __DUMMY__ 0.3339598723046297 neg 0.3315192547896596	false	1.0
löschen	neg 1.0		neg 0.3374861823677347 __DUMMY__ 0.33606642257163427 off 0.32644739506063103	false	1.0
durchfallen	neg 1.0		neg 0.3421880583570468 __DUMMY__ 0.3349950335800734 off 0.3228169080628798	false	1.0
wichser	off 1.0		off 0.3439699376131796 __DUMMY__ 0.3312118273602954 neg 0.32481823502652507	false	1.0
terror	neg 1.0		__DUMMY__ 0.33635957646552045 neg 0.33320653522138116 off 0.3304338883130985	false	1.0
krass	neg 1.0		off 0.3365200865834711 __DUMMY__ 0.3328060201430731 neg 0.3306738932734558	false	0.5
revolte	neg 1.0		neg 0.33834891600060973 __DUMMY__ 0.33395783051025685 off 0.3276932534891334	false	1.0
besorgt	neg 1.0		__DUMMY__ 0.33825339810407334 neg 0.336058663567763 off 0.32568793832816384	false	1.0
nachlassen	neg 1.0		neg 0.34090371419795207 __DUMMY__ 0.3371065213793326 off 0.32198976442271526	false	1.0
alt	neg 1.0		neg 0.3400804887273315 __DUMMY__ 0.33679175242400383 off 0.32312775884866474	false	1.0
hundesohn	off 1.0		off 0.34115973688450923 __DUMMY__ 0.33039215209256717 neg 0.32844811102292354	false	1.0
als			__DUMMY__ 0.3375023211371112 neg 0.33711494472170395 off 0.32538273414118485	false	0.0
abschreckung	neg 1.0		neg 0.34292012114633347 __DUMMY__ 0.3373636564682029 off 0.3197162223854637	false	1.0
unqualifiziert	neg 1.0		neg 0.3390613937913539 __DUMMY__ 0.3326179913981996 off 0.3283206148104466	false	1.0
abgewichst	off 1.0		neg 0.3384007895607471 __DUMMY__ 0.3367436848714977 off 0.3248555255677551	false	0.5
schwer	neg 1.0		neg 0.3370439438974448 __DUMMY__ 0.33625935533299656 off 0.3266967007695587	false	1.0
bedeutungslosigkeit	neg 1.0		neg 0.3429889702934179 __DUMMY__ 0.3366706000588223 off 0.32034042964775983	false	1.0
kapitulation	neg 1.0		neg 0.3439814195251713 __DUMMY__ 0.33509078604457476 off 0.32092779443025404	false	1.0
unscharf	neg 1.0		neg 0.3358668274870775 __DUMMY__ 0.3350491910957463 off 0.32908398141717604	false	1.0
schwinden	neg 1.0		neg 0.343055118343981 __DUMMY__ 0.3367212635840467 off 0.32022361807197236	false	1.0
versklavung	neg 1.0		neg 0.3407321087457624 __DUMMY__ 0.3334656560498094 off 0.32580223520442814	false	1.0
schlecht	neg 1.0		__DUMMY__ 0.3350013319207863 off 0.3338748994498296 neg 0.3311237686293841	false	0.5
verhasst	neg 1.0		neg 0.3373005381239016 __DUMMY__ 0.33524113881788015 off 0.3274583230582184	false	1.0
beschweren	neg 1.0		neg 0.3359309205479269 __DUMMY__ 0.33541533837308035 off 0.32865374107899264	false	1.0
scheiden	neg 1.0		__DUMMY__ 0.3387497872088646 neg 0.33205450404297426 off 0.32919570874816106	false	1.0
frustriert	neg 1.0		neg 0.3381309047982437 __DUMMY__ 0.33642181966550083 off 0.32544727553625535	false	1.0
schimmelig	neg 1.0		neg 0.3400274406324251 __DUMMY__ 0.33729367372407176 off 0.32267888564350294	false	1.0
fisch	neg 1.0		__DUMMY__ 0.3398825787589957 neg 0.33704592231805297 off 0.32307149892295134	false	1.0
schmuggel	neg 1.0		__DUMMY__ 0.3394618926752598 neg 0.3380238981862617 off 0.3225142091384784	false	1.0
auffallen	neg 1.0		__DUMMY__ 0.3353915308027754 neg 0.33507932135690116 off 0.32952914784032344	false	1.0
konkurrenz	neg 1.0	neg 1.0	neg 0.6598379394141115 off 0.17649921943287425 __DUMMY__ 0.16366284115301416	false	1.0
teufelskreis	neg 1.0		neg 0.33845074424502347 __DUMMY__ 0.3358700937150782 off 0.3256791620398983	false	1.0
aufschreien	neg 1.0		neg 0.336381101560386 __DUMMY__ 0.334735515791516 off 0.3288833826480982	false	1.0
schuldner	neg 1.0		neg 0.3419795708398382 __DUMMY__ 0.3371371520625778 off 0.32088327709758396	false	1.0
missgeburt	off 1.0	off 1.0	off 0.656939728720783 neg 0.182151471415838 __DUMMY__ 0.16090879986337897	false	1.0
arbeitslos	neg 1.0		neg 0.3416984454557711 __DUMMY__ 0.33509400571404846 off 0.3232075488301805	false	1.0
befallen	neg 1.0		neg 0.33929770198207565 __DUMMY__ 0.3361255570643468 off 0.3245767409535776	false	1.0
miesepetrig	off 1.0	off 1.0	off 0.6544702115216579 neg 0.1832535856731843 __DUMMY__ 0.1622762028051578	false	1.0
alarmieren	neg 1.0		neg 0.33588000639617616 __DUMMY__ 0.33358975844144445 off 0.3305302351623794	false	1.0
ungeduscht	off 1.0		__DUMMY__ 0.3354492381607037 neg 0.33346570345303433 off 0.3310850583862619	false	0.5
knappheit	neg 1.0		neg 0.3440077066717291 __DUMMY__ 0.33501987592985627 off 0.32097241739841476	false	1.0
schlange	neg 1.0		__DUMMY__ 0.3372092666637488 neg 0.332855049721026 off 0.32993568361522535	false	1.0
harsch	neg 1.0		off 0.33820209902991916 __DUMMY__ 0.33414302908764937 neg 0.3276548718824315	false	0.5
lang	neg 1.0		neg 0.3365540877287481 __DUMMY__ 0.3362615040784093 off 0.32718440819284256	false	1.0
ziellos	neg 1.0		neg 0.3378506893709748 __DUMMY__ 0.337564739812642 off 0.32458457081638314	false	1.0
selbstverliebt	neg 1.0		off 0.34356364197978356 __DUMMY__ 0.3292543528094345 neg 0.32718200521078183	false	0.5
beseitigen	neg 1.0	neg 1.0	neg 0.6553980813910328 off 0.18062739461776253 __DUMMY__ 0.16397452399120466	false	1.0
dumm	off 1.0		off 0.3395020286282137 __DUMMY__ 0.3317627064678493 neg 0.328735264903937	false	1.0
arbeitsloser	neg 1.0		neg 0.34021103656770607 __DUMMY__ 0.336573959669257 off 0.32321500376303686	false	1.0
blitzen	neg 1.0		__DUMMY__ 0.3352213775237227 neg 0.33466137775644034 off 0.33011724471983683	false	1.0
hilflos	neg 1.0		neg 0.33836813657749976 __DUMMY__ 0.33661753514272186 off 0.32501432827977833	false	1.0
eklig	off 1.0		off 0.3403014542310721 __DUMMY__ 0.3317072674959596 neg 0.32799127827296826	false	1.0
begriff			neg 0.3401619524884373 __DUMMY__ 0.3353280642800159 off 0.32450998323154684	false	0.0
hungersnot	neg 1.0		neg 0.33787258018417987 __DUMMY__ 0.3370552731572976 off 0.3250721466585227	false	1.0
ungesetzlich	neg 1.0		neg 0.3431653371492892 __DUMMY__ 0.3313714228706008 off 0.32546323998011	false	1.0
verschwendung	neg 1.0		neg 0.34143488845311415 __DUMMY__ 0.33678712532501015 off 0.32177798622187553	false	1.0
schmerzvoll	neg 1.0		__DUMMY__ 0.3357627494849806 neg 0.33535410399673243 off 0.3288831465182869	false	1.0
vorzeitig	neg 1.0		__DUMMY__ 0.3362713921733059 neg 0.33282480933085684 off 0.3309037984958373	false	1.0
unvollkommenheit	neg 1.0		__DUMMY__ 0.3396386818103598 neg 0.33399257719354897 off 0.3263687409960913	false	1.0
intervenieren	neg 1.0		neg 0.34408707787154647 __DUMMY__ 0.3355466837028317 off 0.32036623842562184	false	1.0
banause	off 1.0		off 0.34165269834059575 __DUMMY__ 0.3300724180633692 neg 0.32827488359603507	false	1.0
rebell	neg 1.0		neg 0.34306867198401764 __DUMMY__ 0.3382833506499505 off 0.31864797736603173	false	1.0
unlogisch	neg 1.0		off 0.3358319207641878 __DUMMY__ 0.33324738130094067 neg 0.33092069793487167	false	0.5
leiden	neg 1.0		__DUMMY__ 0.3403403107640369 neg 0.3357270023190302 off 0.3239326869169329	false	1.0
abschaffung	neg 1.0		neg 0.3405655907695926 __DUMMY__ 0.3339197226197629 off 0.3255146866106446	false	1.0
sturz	neg 1.0		neg 0.33657234098492333 __DUMMY__ 0.33654811521987255 off 0.326879543795204	false	1.0
verkleinerung	neg 1.0		neg 0.339615354392054 __DUMMY__ 0.3325937314894035 off 0.3277909141185425	false	1.0
schmarotzer	off 1.0		neg 0.34211704494488643 __DUMMY__ 0.33494112497042927 off 0.3229418300846843	false	0.5
bestrafung	neg 1.0		neg 0.33673958560164435 __DUMMY__ 0.3353382352648937 off 0.327922179133462	false	1.0
achtlos	neg 1.0		__DUMMY__ 0.3368710571251997 neg 0.3360383919206998 off 0.32709055095410045	false	1.0
ungeheuer	neg 1.0		__DUMMY__ 0.33569091652348293 neg 0.33384620900777223 off 0.33046287446874467	false	1.0
unaufrichtig	neg 1.0		neg 0.33873357133141024 __DUMMY__ 0.3336426993411928 off 0.32762372932739703	false	1.0
groggy	neg 1.0		neg 0.3354956710427548 __DUMMY__ 0.33508976045747213 off 0.32941456849977296	false	1.0
verletzlich	neg 1.0		off 0.3347281950191261 __DUMMY__ 0.3340980669047548 neg 0.3311737380761192	false	0.5
ablehnen	neg 1.0		neg 0.34177756039623847 __DUMMY__ 0.33577031897673776 off 0.3224521206270238	false	1.0
