unsolidarisch	neg 1.0		__DUMMY__ 0.4731785254240048 neg 0.2719149416499408 off 0.2549065329260544	false	1.0
nachteilig	neg 1.0		__DUMMY__ 0.4779495189764407 neg 0.27027174009565774 off 0.2517787409279016	false	1.0
skeptisch	neg 1.0		__DUMMY__ 0.4787386998456433 neg 0.270073415608499 off 0.2511878845458577	false	1.0
schrecklich	neg 1.0		__DUMMY__ 0.47426064013448677 off 0.2677182235197448 neg 0.25802113634576845	false	0.5
schlapp	neg 1.0		__DUMMY__ 0.47659457780016506 off 0.26291725726593573 neg 0.26048816493389926	false	0.5
abfall	neg 1.0		__DUMMY__ 0.48004854836240973 neg 0.2715832717645394 off 0.2483681798730509	false	1.0
widerspenstig	neg 1.0		__DUMMY__ 0.47825158605567836 neg 0.26448988756367153 off 0.2572585263806501	false	1.0
abrupt	neg 1.0		__DUMMY__ 0.48107514633213594 neg 0.26624919087307625 off 0.2526756627947877	false	1.0
unwirksam	neg 1.0		__DUMMY__ 0.47433255402084257 neg 0.2703066894935389 off 0.2553607564856185	false	1.0
angreifen	neg 1.0	neg 1.0	neg 0.6233730730593009 __DUMMY__ 0.2337950725616528 off 0.14283185437904622	false	1.0
inkonsistent	neg 1.0		__DUMMY__ 0.4781339177885578 neg 0.26365750417990924 off 0.2582085780315328	false	1.0
abrutschen	neg 1.0		__DUMMY__ 0.48000363564512455 neg 0.27120388745292495 off 0.24879247690195055	false	1.0
unsicher	neg 1.0		__DUMMY__ 0.4783391186671401 neg 0.2643075737858261 off 0.25735330754703384	false	1.0
bauernkind	off 1.0	off 1.0	off 0.6211553982508603 __DUMMY__ 0.22952673240296775 neg 0.14931786934617197	false	1.0
angreifer	neg 1.0		__DUMMY__ 0.4782159760074441 neg 0.2630494966055762 off 0.2587345273869797	false	1.0
trennen	neg 1.0		__DUMMY__ 0.4821071929806739 neg 0.26435164944485806 off 0.2535411575744681	false	1.0
schmutz	neg 1.0		__DUMMY__ 0.4812351470868376 off 0.2603548048089805 neg 0.2584100481041819	false	0.5
inkonsistenz	neg 1.0		__DUMMY__ 0.4731890232079043 neg 0.2664283091276345 off 0.2603826676644613	false	1.0
erschreckend	neg 1.0		__DUMMY__ 0.4770673358200157 neg 0.26751851351002665 off 0.25541415066995765	false	1.0
ertrinken	neg 1.0		__DUMMY__ 0.48071034204317686 neg 0.265408700616427 off 0.253880957340396	false	1.0
pickelface	off 1.0		__DUMMY__ 0.47809436911845105 neg 0.26727168283539066 off 0.25463394804615835	false	0.5
seiner			__DUMMY__ 0.4801714671278233 neg 0.26751287172208843 off 0.25231566115008824	false	0.0
lauch	neg 1.0		__DUMMY__ 0.4790637247479292 neg 0.27246933614341023 off 0.24846693910866038	false	1.0
unwichtig	neg 1.0		__DUMMY__ 0.4752067905857087 neg 0.26272635746521605 off 0.26206685194907525	false	1.0
steuerhinterziehung	neg 1.0		__DUMMY__ 0.47593484911391776 neg 0.27008064846644353 off 0.2539845024196387	false	1.0
schock	neg 1.0		__DUMMY__ 0.48046402299478247 neg 0.2625110822013427 off 0.2570248948038749	false	1.0
beule	neg 1.0		__DUMMY__ 0.47674516331628514 off 0.2633460565147775 neg 0.25990878016893726	false	0.5
vergelten	neg 1.0		__DUMMY__ 0.47715026671963645 off 0.267008175973419 neg 0.25584155730694447	false	0.5
verdorbenheit	neg 1.0		__DUMMY__ 0.4786405209994747 neg 0.264719538226049 off 0.2566399407744763	false	1.0
trauma	neg 1.0		__DUMMY__ 0.4774890592929078 neg 0.264355477998958 off 0.2581554627081343	false	1.0
sinnlos	neg 1.0		__DUMMY__ 0.4778996766784671 neg 0.26203042155992473 off 0.26006990176160805	false	1.0
fettsack	off 1.0	off 1.0	off 0.6228155532621958 __DUMMY__ 0.2305620862560389 neg 0.14662236048176527	false	1.0
feige	off 1.0	off 1.0	off 0.6191619826476783 __DUMMY__ 0.2312824033175796 neg 0.14955561403474213	false	1.0
abdanken	neg 1.0		__DUMMY__ 0.4762436557060019 neg 0.2685192716074573 off 0.25523707268654083	false	1.0
wichtigtuer	off 1.0	off 1.0	off 0.6173355899771161 __DUMMY__ 0.23212837067552167 neg 0.1505360393473621	false	1.0
misslingen	neg 1.0		__DUMMY__ 0.48185579507571236 off 0.2597672250834298 neg 0.258376979840858	false	0.5
untreu	off 1.0		__DUMMY__ 0.4745995525171464 off 0.2633605919116956 neg 0.2620398555711579	false	1.0
missmutig	neg 1.0		__DUMMY__ 0.4758325288932058 off 0.2623478601277319 neg 0.26181961097906215	false	0.5
hurenbock	off 1.0		__DUMMY__ 0.47861109044463124 neg 0.2624375732412019 off 0.2589513363141668	false	0.5
betrunken	neg 1.0		__DUMMY__ 0.476714682330802 off 0.2660516842550379 neg 0.25723363341416017	false	0.5
korrupt	off 1.0		__DUMMY__ 0.47488606812662176 neg 0.2723166442855816 off 0.2527972875877967	false	0.5
unmut	neg 1.0		__DUMMY__ 0.4795147209754602 neg 0.27211981192748996 off 0.24836546709704987	false	1.0
hackfresse	off 1.0		__DUMMY__ 0.47167005710572807 off 0.2709761701986638 neg 0.2573537726956081	false	1.0
aufblasen	neg 1.0		__DUMMY__ 0.47880687744256856 neg 0.2619973523577031 off 0.25919577019972845	false	1.0
gewaltsam	neg 1.0		__DUMMY__ 0.4785384956732106 neg 0.2652960472937862 off 0.25616545703300325	false	1.0
unbeliebtheit	neg 1.0		__DUMMY__ 0.47066036373220244 neg 0.2697781337796055 off 0.2595615024881921	false	1.0
sturheit	neg 1.0		__DUMMY__ 0.4768692906012901 neg 0.2678110761026097 off 0.25531963329610025	false	1.0
kuh	neg 1.0		__DUMMY__ 0.4754827679639478 neg 0.2677607698061843 off 0.2567564622298679	false	1.0
erschrecken	neg 1.0		__DUMMY__ 0.47694354001183825 off 0.26195212139604895 neg 0.26110433859211274	false	0.5
opfer	neg 1.0		__DUMMY__ 0.4799175175779056 neg 0.2664120665063954 off 0.2536704159156991	false	1.0
sinken	neg 1.0		__DUMMY__ 0.4800013813789839 neg 0.27077816861700815 off 0.249220450004008	false	1.0
stinktier	neg 1.0		__DUMMY__ 0.4724499982148377 off 0.2676157436289549 neg 0.25993425815620735	false	0.5
tucke	off 1.0		__DUMMY__ 0.4688144485540242 off 0.27040613105792616 neg 0.2607794203880496	false	1.0
ein			__DUMMY__ 0.4784413422556079 neg 0.2633798212528814 off 0.25817883649151085	false	0.0
abstieg	neg 1.0		__DUMMY__ 0.4811695039570011 neg 0.2658183674837548 off 0.2530121285592441	false	1.0
missverstehen	neg 1.0		__DUMMY__ 0.47574680689578847 neg 0.26473592418883507 off 0.2595172689153763	false	1.0
ergebnislos	neg 1.0		__DUMMY__ 0.4785915383664307 neg 0.26959583796582454 off 0.2518126236677448	false	1.0
unter			__DUMMY__ 0.48480397765642946 neg 0.2700822252373075 off 0.2451137971062631	false	0.0
manipulieren	neg 1.0		__DUMMY__ 0.4787357543794296 neg 0.26999014449078584 off 0.25127410112978465	false	1.0
unbewiesen	neg 1.0		__DUMMY__ 0.4724275017082143 neg 0.2726404402065594 off 0.2549320580852264	false	1.0
verschleppen	neg 1.0		__DUMMY__ 0.4786003009488568 neg 0.26754023078825284 off 0.25385946826289046	false	1.0
weib	off 1.0		__DUMMY__ 0.4715103986111099 off 0.2708428481406097 neg 0.25764675324828035	false	1.0
opposition	neg 1.0		__DUMMY__ 0.47534900498043353 neg 0.2665262883950331 off 0.25812470662453335	false	1.0
verkehrswidrig	neg 1.0	neg 1.0	neg 0.612418109766733 __DUMMY__ 0.2349380540769781 off 0.1526438361562889	false	1.0
inkorrekt	neg 1.0		__DUMMY__ 0.47229774078517767 off 0.2639430361244384 neg 0.2637592230903839	false	0.5
vermeiden	neg 1.0		__DUMMY__ 0.4820097825730877 neg 0.2711916661969921 off 0.2467985512299204	false	1.0
abweichung	neg 1.0		__DUMMY__ 0.4780140495638074 neg 0.26982322018311306 off 0.2521627302530797	false	1.0
alkoholisiert	neg 1.0		__DUMMY__ 0.48379976115672435 neg 0.2628814141470021 off 0.2533188246962736	false	1.0
scheiss	off 1.0	off 1.0	off 0.6197203722826167 __DUMMY__ 0.23235366310893577 neg 0.14792596460844762	false	1.0
herausforderung	neg 1.0	neg 1.0	neg 0.6184082520762099 __DUMMY__ 0.23739508988092503 off 0.14419665804286505	false	1.0
pervers	off 1.0		__DUMMY__ 0.47051218063434025 off 0.2743909176823809 neg 0.2550969016832789	false	1.0
wackelig	neg 1.0		__DUMMY__ 0.4815609505305444 neg 0.26297656676756276 off 0.25546248270189287	false	1.0
verwickeln	neg 1.0		__DUMMY__ 0.4756595764895515 neg 0.26499876580438725 off 0.2593416577060611	false	1.0
vorwand	neg 1.0		__DUMMY__ 0.47954224384498745 neg 0.2697948924359398 off 0.25066286371907276	false	1.0
muschi	off 1.0		__DUMMY__ 0.47805182838839194 neg 0.266803067374212 off 0.255145104237396	false	0.5
entmutigung	neg 1.0		__DUMMY__ 0.47470949793666095 neg 0.2677765837538405 off 0.25751391830949866	false	1.0
unangemessen	neg 1.0		__DUMMY__ 0.4768845602733262 neg 0.2688212911731302 off 0.2542941485535436	false	1.0
unstetig	neg 1.0		__DUMMY__ 0.4789193598369855 neg 0.26245977607580856 off 0.25862086408720586	false	1.0
entmutigen	neg 1.0		__DUMMY__ 0.4772257096211042 neg 0.2642659307821323 off 0.2585083595967636	false	1.0
schwanz	neg 1.0		__DUMMY__ 0.4796423005471537 neg 0.2684207198631484 off 0.2519369795896978	false	1.0
verbot	neg 1.0		__DUMMY__ 0.47650112692109375 neg 0.27042802919628917 off 0.253070843882617	false	1.0
leid	neg 1.0		__DUMMY__ 0.474326067650759 off 0.2691884037663533 neg 0.2564855285828877	false	0.5
archaisch	neg 1.0		__DUMMY__ 0.47851203593214736 neg 0.2666962500893034 off 0.2547917139785493	false	1.0
gegen			__DUMMY__ 0.4809214532829563 neg 0.26873709363441645 off 0.2503414530826271	false	0.0
scheidung	neg 1.0		__DUMMY__ 0.4705851395135249 off 0.2785714089784817 neg 0.2508434515079936	false	0.5
einschlag	neg 1.0	neg 1.0	neg 0.6162901971739418 __DUMMY__ 0.2323770758458121 off 0.15133272698024597	false	1.0
m			__DUMMY__ 0.4796471069881516 neg 0.26541112865690963 off 0.25494176435493865	false	0.0
abgestanden	neg 1.0		__DUMMY__ 0.4786729878297574 neg 0.2631445278012881 off 0.2581824843689545	false	1.0
schmierig	off 1.0		__DUMMY__ 0.4744316186641635 off 0.26858304900133884 neg 0.2569853323344978	false	1.0
unpraktisch	neg 1.0		__DUMMY__ 0.47916381802884755 neg 0.2619928734760552 off 0.25884330849509707	false	1.0
wixxer	off 1.0		__DUMMY__ 0.4698820207060487 off 0.2738468795552247 neg 0.2562710997387266	false	1.0
bezeichnet			__DUMMY__ 0.4770681215816957 neg 0.2667318693431386 off 0.2562000090751657	false	0.0
jammerlappen	off 1.0		__DUMMY__ 0.47553194352345135 off 0.2623945700730493 neg 0.2620734864034995	false	1.0
farce	neg 1.0		__DUMMY__ 0.475400019443464 neg 0.27100553532027677 off 0.25359444523625935	false	1.0
zwecklos	neg 1.0		__DUMMY__ 0.4772350072483446 neg 0.2683988452271083 off 0.2543661475245472	false	1.0
turbulent	neg 1.0		__DUMMY__ 0.47501744960100944 off 0.26274928861518865 neg 0.26223326178380185	false	0.5
invasion	neg 1.0		__DUMMY__ 0.47750599506659297 neg 0.2625144555203632 off 0.2599795494130439	false	1.0
schuld	neg 1.0		__DUMMY__ 0.47702745540015457 neg 0.2650812919810249 off 0.2578912526188205	false	1.0
risiko	neg 1.0		__DUMMY__ 0.47918240436224924 neg 0.26291418420927026 off 0.25790341142848056	false	1.0
finster	neg 1.0		__DUMMY__ 0.47828685322857667 neg 0.2633104641370112 off 0.2584026826344121	false	1.0
geisteskrank	off 1.0		__DUMMY__ 0.4737817752509712 off 0.26384286698863724 neg 0.26237535776039156	false	1.0
zusammenbrechen	neg 1.0		__DUMMY__ 0.47910222393436885 neg 0.26512007833538337 off 0.2557776977302478	false	1.0
ausbeute	neg 1.0		__DUMMY__ 0.48172240890577256 neg 0.2655298671155685 off 0.25274772397865897	false	1.0
hinterhalt	neg 1.0		__DUMMY__ 0.4802717580166371 neg 0.26414019134798106 off 0.2555880506353818	false	1.0
kritik	neg 1.0		__DUMMY__ 0.47599386225833046 neg 0.27035991511659685 off 0.2536462226250727	false	1.0
einschrumpfen	neg 1.0		__DUMMY__ 0.4741193733383529 neg 0.26654344885273723 off 0.2593371778089097	false	1.0
riskant	neg 1.0		__DUMMY__ 0.47828040000555666 neg 0.26904731954236516 off 0.2526722804520783	false	1.0
frustrieren	neg 1.0		__DUMMY__ 0.47866574762249264 neg 0.26827112736565994 off 0.25306312501184747	false	1.0
groll	neg 1.0		__DUMMY__ 0.4783817163284728 neg 0.2671386148425932 off 0.2544796688289339	false	1.0
gibt			__DUMMY__ 0.47803487727866145 neg 0.267084350427219 off 0.2548807722941195	false	0.0
qualvoll	neg 1.0		__DUMMY__ 0.47802515217432084 off 0.2614072478180972 neg 0.2605676000075819	false	0.5
wackeln	neg 1.0	neg 1.0	neg 0.6183628895406377 __DUMMY__ 0.23464515709366426 off 0.146991953365698	false	1.0
klagen	neg 1.0		__DUMMY__ 0.47980343475782006 neg 0.27109063925767624 off 0.2491059259845037	false	1.0
bankrott	neg 1.0		__DUMMY__ 0.4767758604239238 neg 0.2616866882453338 off 0.26153745133074224	false	1.0
trauern	neg 1.0		__DUMMY__ 0.48030190584585536 neg 0.2661866166876993 off 0.2535114774664455	false	1.0
ablehnung	neg 1.0		__DUMMY__ 0.47607419804031254 neg 0.2701752181294669 off 0.25375058383022053	false	1.0
stur	neg 1.0		__DUMMY__ 0.47622515767203716 neg 0.26547743350032055 off 0.25829740882764235	false	1.0
aufruhr	neg 1.0		__DUMMY__ 0.4783245869465437 neg 0.2656998556982782 off 0.2559755573551782	false	1.0
melancholie	neg 1.0		__DUMMY__ 0.4797035455866662 neg 0.26566126704356036 off 0.2546351873697735	false	1.0
ist			__DUMMY__ 0.4770299339878435 neg 0.2639926181009112 off 0.25897744791124533	false	0.0
torheit	neg 1.0		__DUMMY__ 0.4758447618299027 neg 0.2669481583460511 off 0.2572070798240463	false	1.0
dreckskind	off 1.0		__DUMMY__ 0.4715212462998435 off 0.2689346985293052 neg 0.2595440551708512	false	1.0
umtauschen	neg 1.0		__DUMMY__ 0.4782238277035629 neg 0.2651927117564666 off 0.2565834605399705	false	1.0
zum			__DUMMY__ 0.4852409648039353 neg 0.2664740412346746 off 0.24828499396138998	false	0.0
zersetzen	neg 1.0		__DUMMY__ 0.4779120815855352 neg 0.27125722321527523 off 0.2508306951991896	false	1.0
zur			__DUMMY__ 0.48280223556835744 neg 0.2707202584893051 off 0.24647750594233747	false	0.0
frust	neg 1.0		__DUMMY__ 0.4788019774468126 neg 0.2657678975747203 off 0.2554301249784671	false	1.0
unerbittlichkeit	neg 1.0		__DUMMY__ 0.4783131171516297 neg 0.2705427980359826 off 0.25114408481238776	false	1.0
zwei			__DUMMY__ 0.48351869954496507 neg 0.2662467248965748 off 0.2502345755584602	false	0.0
unkorrekt	neg 1.0		__DUMMY__ 0.47145397634059216 neg 0.26429594221196995 off 0.2642500814474379	false	1.0
hexe	off 1.0		__DUMMY__ 0.47535954640348044 off 0.2631074755982237 neg 0.2615329779982959	false	1.0
lasch	neg 1.0		__DUMMY__ 0.4742565503058038 neg 0.26543104219835556 off 0.2603124074958407	false	1.0
rivale	neg 1.0		__DUMMY__ 0.4754719522873257 off 0.26570227805239705 neg 0.25882576966027726	false	0.5
mutlos	off 1.0	off 1.0	off 0.6131567300541557 __DUMMY__ 0.23278427502014257 neg 0.15405899492570163	false	1.0
wirr	off 1.0		__DUMMY__ 0.4717070088826249 off 0.2646909335777091 neg 0.2636020575396659	false	1.0
jahr			__DUMMY__ 0.48240711844801 neg 0.26562641651329694 off 0.2519664650386929	false	0.0
wird			__DUMMY__ 0.47893671802654375 neg 0.2674922704075104 off 0.25357101156594586	false	0.0
strafbar	neg 1.0		__DUMMY__ 0.47768631715199134 neg 0.2697621591094502 off 0.2525515237385585	false	1.0
erosion	neg 1.0		__DUMMY__ 0.4789665242833961 neg 0.2628073456550884 off 0.25822613006151546	false	1.0
eingehen	neg 1.0		__DUMMY__ 0.47699875247931467 neg 0.26961984777702036 off 0.25338139974366486	false	1.0
faul	off 1.0		__DUMMY__ 0.47728763305172933 off 0.26213697507704353 neg 0.260575391871227	false	1.0
provisorium	neg 1.0		__DUMMY__ 0.4838819967105579 neg 0.2717095167165915 off 0.2444084865728505	false	1.0
schmerzen	neg 1.0		__DUMMY__ 0.4784142958629576 neg 0.2644181025233826 off 0.2571676016136598	false	1.0
schrumpfen	neg 1.0		__DUMMY__ 0.4799854892594379 neg 0.27418533844391774 off 0.24582917229664442	false	1.0
geistlos	off 1.0		__DUMMY__ 0.47282306407294 neg 0.2688681203469411 off 0.258308815580119	false	0.5
fehlkauf	neg 1.0		__DUMMY__ 0.47684122936675494 neg 0.26429520974612963 off 0.2588635608871153	false	1.0
frustrierend	neg 1.0		__DUMMY__ 0.4774356227039592 off 0.26194898209719303 neg 0.26061539519884797	false	0.5
unzufrieden	neg 1.0		__DUMMY__ 0.4770520929087299 neg 0.2688553620142353 off 0.25409254507703494	false	1.0
verzweifeln	neg 1.0		__DUMMY__ 0.47804679527228905 neg 0.2653941522121558 off 0.2565590525155551	false	1.0
verzweifelt	neg 1.0		__DUMMY__ 0.47682068177631565 neg 0.2645231946873633 off 0.2586561235363209	false	1.0
misstrauensantrag	neg 1.0		__DUMMY__ 0.4758876898129828 neg 0.26497398226007174 off 0.2591383279269454	false	1.0
abfallen	neg 1.0		__DUMMY__ 0.4793409185108259 neg 0.26139001099995074 off 0.2592690704892234	false	1.0
fucker	off 1.0		__DUMMY__ 0.4741764990175172 off 0.26449161304812563 neg 0.26133188793435713	false	1.0
ungezogen	neg 1.0		__DUMMY__ 0.47219673171680127 off 0.27299221701967946 neg 0.25481105126351916	false	0.5
irrsinnig	neg 1.0	neg 1.0	neg 0.621002188595176 __DUMMY__ 0.23247990151709758 off 0.14651790988772637	false	1.0
unfassbar	neg 1.0		__DUMMY__ 0.47488374004213224 off 0.2630270908021216 neg 0.2620891691557462	false	0.5
hart	neg 1.0		__DUMMY__ 0.4764165963683773 neg 0.2626759358778514 off 0.2609074677537715	false	1.0
widerlich	off 1.0		__DUMMY__ 0.4738115840574909 off 0.26376866966438806 neg 0.2624197462781209	false	1.0
fatal	neg 1.0		__DUMMY__ 0.4767903909314659 neg 0.2640111827676574 off 0.25919842630087675	false	1.0
bruch	neg 1.0		__DUMMY__ 0.4790534972203005 neg 0.2719249423629663 off 0.24902156041673312	false	1.0
aushungern	neg 1.0		__DUMMY__ 0.4760846337217978 neg 0.2690371019292569 off 0.25487826434894534	false	1.0
anspannung	neg 1.0	neg 1.0	neg 0.6207155680849739 __DUMMY__ 0.2379300641848746 off 0.14135436773015153	false	1.0
von			__DUMMY__ 0.4822408645326861 neg 0.2667178684955534 off 0.2510412669717605	false	0.0
kraftlos	neg 1.0		__DUMMY__ 0.48071523889927104 neg 0.26365274492462515 off 0.25563201617610387	false	1.0
vom			__DUMMY__ 0.48504140378219895 neg 0.2693314264511154 off 0.24562716976668553	false	0.0
grenzdebil	off 1.0		__DUMMY__ 0.47511194675464863 off 0.26438408870414903 neg 0.2605039645412023	false	1.0
vor			__DUMMY__ 0.48074803222270407 neg 0.26812319678113655 off 0.2511287709961593	false	0.0
unterwerfen	neg 1.0		__DUMMY__ 0.47876784199177164 neg 0.2684350887044352 off 0.25279706930379314	false	1.0
versenkung	neg 1.0		__DUMMY__ 0.4787957222024719 neg 0.26876812083186574 off 0.25243615696566235	false	1.0
entziehen	neg 1.0		__DUMMY__ 0.47959769965854565 neg 0.2705969284626839 off 0.24980537187877042	false	1.0
finanzkrise	neg 1.0		__DUMMY__ 0.4757067435601359 neg 0.2694294752642016 off 0.25486378117566244	false	1.0
schimpfend	neg 1.0		__DUMMY__ 0.4794866617032504 neg 0.2615178612556336 off 0.258995477041116	false	1.0
profan	neg 1.0		__DUMMY__ 0.4765146444040496 neg 0.2632784512667215 off 0.2602069043292288	false	1.0
korruption	neg 1.0	neg 1.0	neg 0.6237419482139739 __DUMMY__ 0.23257221446809212 off 0.143685837317934	false	1.0
â			__DUMMY__ 0.4797341271866271 neg 0.2665888959838863 off 0.2536769768294864	false	0.0
schmutzig	neg 1.0		__DUMMY__ 0.4763373610720347 off 0.26419038590372007 neg 0.25947225302424515	false	0.5
sexy	neg 1.0		__DUMMY__ 0.47673452241313813 neg 0.26221909734831716 off 0.26104638023854465	false	1.0
abraten	neg 1.0		__DUMMY__ 0.4772160638702249 neg 0.26353855874813054 off 0.2592453773816445	false	1.0
schwarz	neg 1.0		__DUMMY__ 0.4766165241793913 neg 0.2650005709005501 off 0.2583829049200587	false	1.0
fotze	off 1.0		__DUMMY__ 0.4787413165833424 neg 0.2684603546133091 off 0.25279832880334846	false	0.5
verwirren	neg 1.0		__DUMMY__ 0.4765582690959823 neg 0.2629432366539852 off 0.2604984942500323	false	1.0
zahnlos	off 1.0		__DUMMY__ 0.47713718235213803 neg 0.26867636788749194 off 0.25418644976036997	false	0.5
verheeren	neg 1.0		__DUMMY__ 0.47354628222542977 off 0.2746716420258098 neg 0.25178207574876055	false	0.5
hippie	neg 1.0		__DUMMY__ 0.47653712762640243 neg 0.2631099351102667 off 0.2603529372633308	false	1.0
rammen	neg 1.0		__DUMMY__ 0.47696607740438285 neg 0.26536630496968266 off 0.2576676176259345	false	1.0
unlauter	neg 1.0		__DUMMY__ 0.4730596880528611 neg 0.2712389407914528 off 0.255701371155686	false	1.0
unheilvoll	neg 1.0		__DUMMY__ 0.47927769497068756 off 0.2605973815807011 neg 0.26012492344861127	false	0.5
niedrig	neg 1.0		__DUMMY__ 0.47995862018436986 neg 0.2678795415547264 off 0.2521618382609039	false	1.0
explosion	neg 1.0		__DUMMY__ 0.4760769975575566 neg 0.26445126290766635 off 0.2594717395347771	false	1.0
weichei	off 1.0		__DUMMY__ 0.4725872317526443 off 0.2695153330755117 neg 0.25789743517184405	false	1.0
minusmensch	off 1.0		__DUMMY__ 0.46834097447654044 off 0.27225034293503997 neg 0.25940868258841954	false	1.0
farblos	neg 1.0		__DUMMY__ 0.48240436323262553 neg 0.2600497237098754 off 0.2575459130574992	false	1.0
unwissend	neg 1.0	neg 1.0	neg 0.6193811568269204 __DUMMY__ 0.23147032949794197 off 0.1491485136751375	false	1.0
traurig	neg 1.0		__DUMMY__ 0.4748845485774011 off 0.26668937007774524 neg 0.25842608134485356	false	0.5
senkung	neg 1.0		__DUMMY__ 0.47430313577962546 neg 0.266630455206726 off 0.2590664090136485	false	1.0
ungleich	neg 1.0	neg 1.0	neg 0.6243396892663506 __DUMMY__ 0.2327903901777351 off 0.14286992055591427	false	1.0
heikel	neg 1.0		__DUMMY__ 0.4781393790442683 neg 0.2707128864666172 off 0.25114773448911454	false	1.0
drosselung	neg 1.0		__DUMMY__ 0.4761251570366902 off 0.2641396462007992 neg 0.25973519676251056	false	0.5
falsch	neg 1.0		__DUMMY__ 0.4763898720980389 off 0.26185187391144626 neg 0.2617582539905149	false	0.5
unzufriedenheit	neg 1.0		__DUMMY__ 0.47872614200480507 neg 0.2706238853367958 off 0.2506499726583991	false	1.0
kurz	neg 1.0		__DUMMY__ 0.4799193283733083 neg 0.2642188008057155 off 0.25586187082097633	false	1.0
unsinnig	neg 1.0		__DUMMY__ 0.47616759806871845 neg 0.2694189393614625 off 0.25441346256981906	false	1.0
penner	off 1.0	off 1.0	off 0.6243569158796851 __DUMMY__ 0.22996346090264078 neg 0.1456796232176741	false	1.0
seicht	neg 1.0		__DUMMY__ 0.4698768419652742 off 0.27191330680367687 neg 0.2582098512310488	false	0.5
dummheit	off 1.0	off 1.0	off 0.6174966440523192 __DUMMY__ 0.23189679176009487 neg 0.15060656418758597	false	1.0
unerfreulich	neg 1.0		__DUMMY__ 0.4797468402273525 neg 0.26964925593669054 off 0.250603903835957	false	1.0
motherfucker	off 1.0	off 1.0	off 0.6201639144135348 __DUMMY__ 0.23100109720028267 neg 0.1488349883861825	false	1.0
pikiert	neg 1.0		__DUMMY__ 0.47399774358996416 neg 0.2635119745966478 off 0.262490281813388	false	1.0
wrack	neg 1.0		__DUMMY__ 0.4820224710792889 neg 0.2642535705988753 off 0.25372395832183586	false	1.0
gangster	neg 1.0		__DUMMY__ 0.4770451976312742 neg 0.26286432143887906 off 0.2600904809298466	false	1.0
krank	neg 1.0		__DUMMY__ 0.47626579907052846 off 0.2651002040757503 neg 0.25863399685372135	false	0.5
reich	neg 1.0		__DUMMY__ 0.4750100305566728 neg 0.26369138468595826 off 0.26129858475736883	false	1.0
gnadenlos	neg 1.0		__DUMMY__ 0.4775028499794484 neg 0.2644008191694185 off 0.258096330851133	false	1.0
niedergeschlagen	neg 1.0		__DUMMY__ 0.48011296290437777 neg 0.2635218595232795 off 0.2563651775723427	false	1.0
terrorisieren	off 1.0	off 1.0	off 0.614031509412607 __DUMMY__ 0.2342375091388421 neg 0.15173098144855093	false	1.0
sinnlosigkeit	neg 1.0		__DUMMY__ 0.4775618897797398 neg 0.2679297413422691 off 0.25450836887799105	false	1.0
behindern	neg 1.0		__DUMMY__ 0.476998600753318 neg 0.2672935990547627 off 0.2557078001919194	false	1.0
undemokratisch	neg 1.0		__DUMMY__ 0.47478606459000816 neg 0.26841807011825486 off 0.25679586529173704	false	1.0
wirtschaftskrise	neg 1.0		__DUMMY__ 0.4771793277921702 neg 0.27018546054620374 off 0.25263521166162606	false	1.0
neid	neg 1.0		__DUMMY__ 0.47824105230174546 off 0.26329317361225923 neg 0.25846577408599525	false	0.5
rutschen	neg 1.0	neg 1.0	neg 0.6206185894056262 __DUMMY__ 0.2370902377809465 off 0.14229117281342732	false	1.0
rezession	neg 1.0		__DUMMY__ 0.47233975808349826 off 0.26663307286428906 neg 0.26102716905221274	false	0.5
fehlgeburt	neg 1.0		__DUMMY__ 0.4791760683739137 neg 0.2606399666193879 off 0.2601839650066983	false	1.0
charakterschwach	off 1.0		__DUMMY__ 0.475149499933502 off 0.2638968993715775 neg 0.2609536006949206	false	1.0
isolation	neg 1.0		__DUMMY__ 0.47707805414891646 off 0.2617475935182651 neg 0.26117435233281827	false	0.5
ablenkung	neg 1.0		__DUMMY__ 0.4781041516204944 neg 0.26429494288136207 off 0.2576009054981434	false	1.0
pech	neg 1.0		__DUMMY__ 0.4767688797853229 neg 0.26172518287977664 off 0.26150593733490046	false	1.0
vermeidung	neg 1.0		__DUMMY__ 0.4737573830965552 off 0.26349138353298485 neg 0.2627512333704599	false	0.5
dominieren	neg 1.0		__DUMMY__ 0.480789688369717 neg 0.26524961919065465 off 0.25396069243962816	false	1.0
schwindlig	neg 1.0		__DUMMY__ 0.4799843519216673 off 0.2611307528100127 neg 0.2588848952683201	false	0.5
lutscher	neg 1.0		__DUMMY__ 0.4699075608886402 off 0.2727267946572449 neg 0.257365644454115	false	0.5
pflicht	neg 1.0		__DUMMY__ 0.47829344668106194 neg 0.2707000906455495 off 0.2510064626733887	false	1.0
faschist	off 1.0		__DUMMY__ 0.47408587858871465 neg 0.26667543745632194 off 0.2592386839549634	false	0.5
verschleudern	neg 1.0		__DUMMY__ 0.47471671137680316 neg 0.27465704447101674 off 0.2506262441521801	false	1.0
wenn			__DUMMY__ 0.47619229697447546 off 0.26203761845567947 neg 0.261770084569845	false	0.0
ehebruch	neg 1.0		__DUMMY__ 0.47826067917391346 neg 0.2684331168661603 off 0.25330620395992626	false	1.0
spott	off 1.0		__DUMMY__ 0.47724026906095884 neg 0.2705753878052983 off 0.25218434313374294	false	0.5
trostlosigkeit	neg 1.0		__DUMMY__ 0.48060345108477415 neg 0.2688368496008519 off 0.25055969931437405	false	1.0
lutschen	neg 1.0		__DUMMY__ 0.475605358694211 neg 0.2650537624672534 off 0.2593408788385355	false	1.0
undiszipliniert	neg 1.0		__DUMMY__ 0.47562782448924334 off 0.2659382752861757 neg 0.2584339002245811	false	0.5
kopfschmerz	neg 1.0		__DUMMY__ 0.4799345932388272 neg 0.26399248106483514 off 0.2560729256963377	false	1.0
unvorhergesehen	neg 1.0		__DUMMY__ 0.4820581223416072 neg 0.26388838432025313 off 0.2540534933381396	false	1.0
desinteressiert	neg 1.0		__DUMMY__ 0.47418599855032245 off 0.2651619429031554 neg 0.26065205854652207	false	0.5
armselig	off 1.0		__DUMMY__ 0.4723099914521374 off 0.2655923477629258 neg 0.2620976607849369	false	1.0
desaster	neg 1.0		__DUMMY__ 0.479173071036715 neg 0.27240417131889016 off 0.24842275764439478	false	1.0
tod	neg 1.0		__DUMMY__ 0.48191388231807764 neg 0.26337510938233294 off 0.25471100829958954	false	1.0
herzlos	neg 1.0		__DUMMY__ 0.4735561313520241 off 0.2667361756902952 neg 0.25970769295768065	false	0.5
unwissenheit	neg 1.0		__DUMMY__ 0.4758760578759253 neg 0.270629816086742 off 0.2534941260373326	false	1.0
widersinnig	neg 1.0	neg 1.0	neg 0.6245722814545085 __DUMMY__ 0.23146786582233314 off 0.14395985272315837	false	1.0
bedenklich	neg 1.0		__DUMMY__ 0.4775095791761441 neg 0.2698105906708596 off 0.25267983015299633	false	1.0
beanstanden	neg 1.0		__DUMMY__ 0.4789820263704354 neg 0.27050073396748336 off 0.2505172396620812	false	1.0
panisch	neg 1.0	neg 1.0	neg 0.6165832662270041 __DUMMY__ 0.23484011681655406 off 0.14857661695644184	false	1.0
debil	off 1.0		__DUMMY__ 0.4819948186004454 neg 0.27239388372564033 off 0.24561129767391437	false	0.5
abstrich	neg 1.0		__DUMMY__ 0.478159951382418 neg 0.2685043596118076 off 0.25333568900577436	false	1.0
primitiv	neg 1.0		__DUMMY__ 0.4739267447317727 off 0.26435138378584 neg 0.2617218714823874	false	0.5
abschaum	off 1.0	off 1.0	off 0.6189523032443319 __DUMMY__ 0.23168858388618854 neg 0.14935911286947945	false	1.0
provozieren	neg 1.0		__DUMMY__ 0.4766132527803498 neg 0.26586185682946745 off 0.2575248903901827	false	1.0
tot	neg 1.0		__DUMMY__ 0.4784649548611281 neg 0.2690357978340042 off 0.25249924730486767	false	1.0
instabil	neg 1.0		__DUMMY__ 0.47224517375828684 neg 0.26440527174277106 off 0.2633495544989421	false	1.0
schwuchtel	off 1.0		__DUMMY__ 0.46796295476622446 off 0.2775871731154901 neg 0.2544498721182855	false	1.0
zerren	neg 1.0		__DUMMY__ 0.4799995703958128 neg 0.26355368346144936 off 0.25644674614273777	false	1.0
kinderficker	off 1.0		__DUMMY__ 0.4706926852342094 off 0.26794565793670866 neg 0.2613616568290818	false	1.0
gefahr	neg 1.0		__DUMMY__ 0.47953200522969247 neg 0.2693562240687647 off 0.25111177070154284	false	1.0
rabiat	neg 1.0		__DUMMY__ 0.47672759159956285 neg 0.2665396029670126 off 0.2567328054334245	false	1.0
verlangsamung	neg 1.0		__DUMMY__ 0.47237347857243533 off 0.27083071822053495 neg 0.2567958032070296	false	0.5
ausgestorben	neg 1.0		__DUMMY__ 0.47924098578328617 neg 0.263784070572018 off 0.25697494364469586	false	1.0
anklagen	neg 1.0		__DUMMY__ 0.4773381405768609 neg 0.2679664901349338 off 0.25469536928820524	false	1.0
trott	neg 1.0		__DUMMY__ 0.4785498704494273 neg 0.2648464657421028 off 0.25660366380846994	false	1.0
verminderung	neg 1.0		__DUMMY__ 0.47408856423313867 off 0.26464126720233566 neg 0.2612701685645256	false	0.5
nach			__DUMMY__ 0.4858212342736429 neg 0.2650987878786122 off 0.24907997784774494	false	0.0
rost	neg 1.0		__DUMMY__ 0.47376008911077067 off 0.26984200120850077 neg 0.2563979096807286	false	0.5
destruktiv	neg 1.0		__DUMMY__ 0.47546216418811327 neg 0.2688949825584048 off 0.2556428532534818	false	1.0
unzumutbarkeit	neg 1.0		__DUMMY__ 0.47691074841226 off 0.2626547438082938 neg 0.2604345077794462	false	0.5
labil	off 1.0	off 1.0	off 0.6188878141768145 __DUMMY__ 0.23173970712283498 neg 0.14937247870035056	false	1.0
ziemlich	neg 1.0		__DUMMY__ 0.4761379852729404 off 0.2640585693996483 neg 0.2598034453274114	false	0.5
lachnummer	off 1.0		__DUMMY__ 0.47642566214157517 neg 0.26728961950065083 off 0.25628471835777394	false	0.5
oder			__DUMMY__ 0.47891323572398425 neg 0.2632012996777473 off 0.2578854645982683	false	0.0
verfall	neg 1.0		__DUMMY__ 0.48062955298255405 neg 0.27320686481966533 off 0.24616358219778056	false	1.0
ausgrenzung	neg 1.0		__DUMMY__ 0.47519836125968995 neg 0.26688936686105275 off 0.2579122718792572	false	1.0
unordnung	neg 1.0		__DUMMY__ 0.4773484821437602 off 0.26384336152627813 neg 0.25880815632996185	false	0.5
fehlverhalten	neg 1.0		__DUMMY__ 0.4783412071664448 neg 0.27021614908254304 off 0.2514426437510121	false	1.0
eine			__DUMMY__ 0.479573780681702 neg 0.2693462866704486 off 0.25107993264784945	false	0.0
nille	neg 1.0		__DUMMY__ 0.4781494558187944 neg 0.26611488513631587 off 0.2557356590448896	false	1.0
qual	neg 1.0		__DUMMY__ 0.47842387880545384 neg 0.2652575531227733 off 0.25631856807177283	false	1.0
verschwenden	neg 1.0		__DUMMY__ 0.477729884740484 neg 0.26893330046376407 off 0.25333681479575193	false	1.0
riesig	neg 1.0	neg 1.0	neg 0.6199278848988962 __DUMMY__ 0.23554056689371347 off 0.14453154820739045	false	1.0
verurteilen	neg 1.0		__DUMMY__ 0.4775085065672962 neg 0.26827680432634277 off 0.254214689106361	false	1.0
klischee	neg 1.0	neg 1.0	neg 0.6205000707611937 __DUMMY__ 0.23150642719577724 off 0.14799350204302905	false	1.0
diktatorisch	neg 1.0		__DUMMY__ 0.47399964831084085 neg 0.26882047417385707 off 0.2571798775153022	false	1.0
vorhersehbar	neg 1.0	neg 1.0	neg 0.6203961154246705 __DUMMY__ 0.23193212151960046 off 0.1476717630557289	false	1.0
sowie			__DUMMY__ 0.4727550787266318 off 0.2687780271399815 neg 0.25846689413338675	false	0.0
stornieren	neg 1.0		__DUMMY__ 0.4818405490378941 off 0.2596189818751816 neg 0.2585404690869244	false	0.5
besteuerung	neg 1.0		__DUMMY__ 0.47436404682337674 neg 0.2692397852454967 off 0.2563961679311265	false	1.0
ungeschminkt	neg 1.0		__DUMMY__ 0.47403129244343434 off 0.263439576190506 neg 0.26252913136605976	false	0.5
kritisch	neg 1.0		__DUMMY__ 0.47759658944421235 neg 0.2699491709184014 off 0.25245423963738634	false	1.0
schlamperei	off 1.0		__DUMMY__ 0.47753709091922936 neg 0.27137190899645064 off 0.25109100008432	false	0.5
sucht	neg 1.0	neg 1.0	neg 0.6190780107398548 __DUMMY__ 0.23453060350080446 off 0.1463913857593408	false	1.0
egoistisch	off 1.0		__DUMMY__ 0.4732079939732203 off 0.2696544017514024 neg 0.25713760427537735	false	1.0
ausbeuter	off 1.0		__DUMMY__ 0.4772924179918844 neg 0.2718605446378423 off 0.25084703737027336	false	0.5
arschgeburt	off 1.0		__DUMMY__ 0.46729775991008754 off 0.2774780943927693 neg 0.25522414569714313	false	1.0
schubs	neg 1.0	neg 1.0	neg 0.6199577657077335 __DUMMY__ 0.2349772090141743 off 0.1450650252780922	false	1.0
unsolide	neg 1.0		__DUMMY__ 0.47137044737168055 neg 0.27190875136053394 off 0.2567208012677855	false	1.0
beschwerde	neg 1.0		__DUMMY__ 0.47746384335976005 neg 0.27124420886168554 off 0.25129194777855446	false	1.0
stocken	neg 1.0		__DUMMY__ 0.47854026275017264 neg 0.2689827144841765 off 0.252477022765651	false	1.0
isolieren	neg 1.0		__DUMMY__ 0.4772007216572895 neg 0.2694632848732348 off 0.2533359934694758	false	1.0
unheilbar	neg 1.0		__DUMMY__ 0.4795285522092487 neg 0.26198920364303063 off 0.2584822441477207	false	1.0
pisser	off 1.0		__DUMMY__ 0.47497508165130164 off 0.2651177687203564 neg 0.25990714962834205	false	1.0
löschen	neg 1.0		__DUMMY__ 0.4778383281403448 neg 0.2652692831891207 off 0.25689238867053443	false	1.0
durchfallen	neg 1.0		__DUMMY__ 0.4763631598932692 neg 0.270028375576243 off 0.25360846453048774	false	1.0
wichser	off 1.0		__DUMMY__ 0.47116820513443763 off 0.27480000044159264 neg 0.2540317944239697	false	1.0
terror	neg 1.0		__DUMMY__ 0.4782599722447197 neg 0.26108109153066794 off 0.26065893622461234	false	1.0
krass	neg 1.0		__DUMMY__ 0.47337922124630466 off 0.2672348070831395 neg 0.2593859716705558	false	0.5
revolte	neg 1.0		__DUMMY__ 0.4749587205561168 neg 0.26649798235826994 off 0.2585432970856132	false	1.0
besorgt	neg 1.0		__DUMMY__ 0.4808806863626809 neg 0.2634028968565905 off 0.2557164167807286	false	1.0
nachlassen	neg 1.0		__DUMMY__ 0.47931024929354554 neg 0.26834492331282767 off 0.25234482739362674	false	1.0
alt	neg 1.0		__DUMMY__ 0.47890147816593354 neg 0.26763330003765173 off 0.2534652217964148	false	1.0
hundesohn	off 1.0		__DUMMY__ 0.47004161551154544 off 0.2722940022050642 neg 0.2576643822833903	false	1.0
als			__DUMMY__ 0.47983311354031377 neg 0.2645909524367155 off 0.2555759340229708	false	0.0
abschreckung	neg 1.0		__DUMMY__ 0.4796459105298192 neg 0.27019250094795 off 0.25016158852223097	false	1.0
unqualifiziert	neg 1.0		__DUMMY__ 0.47309522324631176 neg 0.26748934896444077 off 0.2594154277892474	false	1.0
abgewichst	off 1.0		__DUMMY__ 0.4787821388437583 neg 0.2659986550992161 off 0.2552192060570255	false	0.5
schwer	neg 1.0		__DUMMY__ 0.47810226339515394 neg 0.2648034647654788 off 0.2570942718393673	false	1.0
bedeutungslosigkeit	neg 1.0		__DUMMY__ 0.47867784851947215 neg 0.2704234678257274 off 0.25089868365480045	false	1.0
kapitulation	neg 1.0		__DUMMY__ 0.4765119634137077 neg 0.27170406865167707 off 0.25178396793461527	false	1.0
unscharf	neg 1.0		__DUMMY__ 0.47648771457368294 neg 0.2639480911094934 off 0.25956419431682354	false	1.0
schwinden	neg 1.0		__DUMMY__ 0.4787670824148037 neg 0.27047901573715116 off 0.25075390184804525	false	1.0
versklavung	neg 1.0		__DUMMY__ 0.474276470403197 neg 0.2689071363337542 off 0.2568163932630488	false	1.0
schlecht	neg 1.0		__DUMMY__ 0.47638009975401346 off 0.26428246932422106 neg 0.25933743092176553	false	0.5
verhasst	neg 1.0		__DUMMY__ 0.47670578036047667 neg 0.2652432408432572 off 0.25805097879626626	false	1.0
beschweren	neg 1.0		__DUMMY__ 0.47694204956300984 neg 0.2639008536745896 off 0.2591570967624005	false	1.0
scheiden	neg 1.0		__DUMMY__ 0.4816145144452029 neg 0.25941825408480995 off 0.25896723146998724	false	1.0
frustriert	neg 1.0		__DUMMY__ 0.4783251467963134 neg 0.2658111810649042 off 0.25586367213878247	false	1.0
schimmelig	neg 1.0		__DUMMY__ 0.4795962542683798 neg 0.2674919711956401 off 0.2529117745359801	false	1.0
fisch	neg 1.0		__DUMMY__ 0.4831977674235278 neg 0.2640223771296613 off 0.2527798554468111	false	1.0
schmuggel	neg 1.0		__DUMMY__ 0.4825800965108686 neg 0.2650078936037439 off 0.2524120098853877	false	1.0
auffallen	neg 1.0		__DUMMY__ 0.47691332205173564 neg 0.2630859460877586 off 0.2600007318605057	false	1.0
konkurrenz	neg 1.0	neg 1.0	neg 0.6237554280659138 __DUMMY__ 0.23439008325204258 off 0.14185448868204362	false	1.0
teufelskreis	neg 1.0		__DUMMY__ 0.47756724727949923 neg 0.2662302177621055 off 0.25620253495839523	false	1.0
aufschreien	neg 1.0		__DUMMY__ 0.4760075962658244 neg 0.2644767787867985 off 0.2595156249473773	false	1.0
schuldner	neg 1.0		__DUMMY__ 0.47934903531412454 neg 0.2693298768752275 off 0.2513210878106479	false	1.0
missgeburt	off 1.0	off 1.0	off 0.6227724593638151 __DUMMY__ 0.23050709079984963 neg 0.14672044983633534	false	1.0
arbeitslos	neg 1.0		__DUMMY__ 0.47649175891982526 neg 0.2695328305090309 off 0.2539754105711438	false	1.0
befallen	neg 1.0		__DUMMY__ 0.4779717467441006 neg 0.26695688826637454 off 0.25507136498952476	false	1.0
miesepetrig	off 1.0	off 1.0	off 0.6200149450948385 __DUMMY__ 0.23243626874675935 neg 0.14754878615840214	false	1.0
alarmieren	neg 1.0		__DUMMY__ 0.474451546496749 neg 0.2641865750563298 off 0.2613618784469213	false	1.0
ungeduscht	off 1.0		__DUMMY__ 0.47703097495886704 neg 0.26154878432453776 off 0.261420240716595	false	0.5
knappheit	neg 1.0		__DUMMY__ 0.4764304490621674 neg 0.27176344600821223 off 0.2518061049296203	false	1.0
schlange	neg 1.0		__DUMMY__ 0.47943153416315626 neg 0.26055182167875124 off 0.2600166441580925	false	1.0
harsch	neg 1.0		__DUMMY__ 0.47522057498472514 off 0.268621326839788 neg 0.2561580981754869	false	0.5
lang	neg 1.0		__DUMMY__ 0.47810359203640695 neg 0.2643296019610439 off 0.2575668060025492	false	1.0
ziellos	neg 1.0		__DUMMY__ 0.4799095969616585 neg 0.2653025116019145 off 0.25478789143642705	false	1.0
selbstverliebt	neg 1.0		__DUMMY__ 0.46846244945344545 off 0.2748085253502092 neg 0.2567290251963453	false	0.5
beseitigen	neg 1.0	neg 1.0	neg 0.6192728327567883 __DUMMY__ 0.23484946153228725 off 0.14587770571092437	false	1.0
dumm	off 1.0		__DUMMY__ 0.47192216115962526 off 0.27036250628685793 neg 0.2577153325535169	false	1.0
arbeitsloser	neg 1.0		__DUMMY__ 0.47855406651262017 neg 0.2677444914701166 off 0.2537014420172632	false	1.0
blitzen	neg 1.0		__DUMMY__ 0.47668153407060865 neg 0.26269774876529256 off 0.2606207171640988	false	1.0
hilflos	neg 1.0		__DUMMY__ 0.47859857121903165 neg 0.2660034049718028 off 0.2553980238091655	false	1.0
eklig	off 1.0		__DUMMY__ 0.4718529814334568 off 0.2711325470737667 neg 0.25701447149277645	false	1.0
begriff			__DUMMY__ 0.47682929360119797 neg 0.2679894704280331 off 0.2551812359707688	false	0.0
hungersnot	neg 1.0		__DUMMY__ 0.4792468474809003 neg 0.26537089414040244 off 0.2553822583786974	false	1.0
ungesetzlich	neg 1.0		__DUMMY__ 0.4713799023964363 neg 0.27168310688527275 off 0.25693699071829096	false	1.0
verschwendung	neg 1.0		__DUMMY__ 0.47883073756214345 neg 0.2689234960146142 off 0.2522457664232425	false	1.0
schmerzvoll	neg 1.0		__DUMMY__ 0.47742278860074394 neg 0.26327645057310434 off 0.25930076082615167	false	1.0
vorzeitig	neg 1.0		__DUMMY__ 0.47817085340108484 off 0.26114831000356264 neg 0.26068083659535246	false	0.5
unvollkommenheit	neg 1.0		__DUMMY__ 0.4828278974096353 neg 0.2610860953539858 off 0.2560860072363789	false	1.0
intervenieren	neg 1.0		__DUMMY__ 0.47713715906579823 neg 0.27170984145405636 off 0.25115299948014547	false	1.0
banause	off 1.0		__DUMMY__ 0.4696034974428727 off 0.2727652345757183 neg 0.25763126798140895	false	1.0
rebell	neg 1.0		__DUMMY__ 0.480944842128502 neg 0.2701878872889353 off 0.24886727058256264	false	1.0
unlogisch	neg 1.0		__DUMMY__ 0.473968557555001 off 0.2665179439871224 neg 0.2595134984578766	false	0.5
leiden	neg 1.0		__DUMMY__ 0.4837828777891088 neg 0.2626533237776155 off 0.2535637984332757	false	1.0
abschaffung	neg 1.0		__DUMMY__ 0.47490428143571445 neg 0.26866728826654823 off 0.25642843029773726	false	1.0
sturz	neg 1.0		__DUMMY__ 0.4785468283241076 neg 0.2642496359028063 off 0.25720353577308624	false	1.0
verkleinerung	neg 1.0		__DUMMY__ 0.47308545395712576 neg 0.2680305435233969 off 0.25888400251947724	false	1.0
schmarotzer	off 1.0		__DUMMY__ 0.47629102758873365 neg 0.26995445770099574 off 0.2537545147102706	false	0.5
bestrafung	neg 1.0		__DUMMY__ 0.47684705968710667 neg 0.2646710490422294 off 0.25848189127066395	false	1.0
achtlos	neg 1.0		__DUMMY__ 0.4789552249134147 neg 0.26369893701090114 off 0.2573458380756841	false	1.0
ungeheuer	neg 1.0		__DUMMY__ 0.47735732174821266 neg 0.2618162086331695 off 0.2608264696186178	false	1.0
unaufrichtig	neg 1.0		__DUMMY__ 0.47452751270703725 neg 0.266943499208108 off 0.25852898808485464	false	1.0
groggy	neg 1.0		__DUMMY__ 0.4764898457057721 neg 0.2635196036471612 off 0.25999055064706683	false	1.0
verletzlich	neg 1.0		__DUMMY__ 0.4751488484341823 off 0.2652721064927131 neg 0.2595790450731045	false	0.5
ablehnen	neg 1.0		__DUMMY__ 0.47744146462360815 neg 0.2694330929601256 off 0.25312544241626633	false	1.0
