unsolidarisch	neg 1.0		neg 0.4782114105895237 off 0.45260825851974895 __DUMMY__ 0.06918033089072723	false	1.0
nachteilig	neg 1.0		neg 0.4786443795806898 off 0.45143105854036836 __DUMMY__ 0.0699245618789419	false	1.0
skeptisch	neg 1.0		neg 0.4788013074157335 off 0.4511413133476435 __DUMMY__ 0.07005737923662295	false	1.0
schrecklich	neg 1.0		off 0.4670665583749829 neg 0.46358426052017865 __DUMMY__ 0.06934918110483831	false	0.5
schlapp	neg 1.0		neg 0.46728061087915185 off 0.4630095384547124 __DUMMY__ 0.06970985066613589	false	1.0
abfall	neg 1.0		neg 0.48102729188055454 off 0.44871556316418904 __DUMMY__ 0.0702571449552565	false	1.0
widerspenstig	neg 1.0		neg 0.4724230943746996 off 0.4576071638894891 __DUMMY__ 0.06996974173581133	false	1.0
abrupt	neg 1.0		neg 0.47569633231268116 off 0.453904066140688 __DUMMY__ 0.07039960154663097	false	1.0
unwirksam	neg 1.0		neg 0.476893698001617 off 0.4537516227456829 __DUMMY__ 0.06935467925270002	false	1.0
angreifen	neg 1.0	neg 1.0	neg 0.7255041519439221 off 0.2409191208678656 __DUMMY__ 0.03357672718821224	false	1.0
inkonsistent	neg 1.0		neg 0.47150549762264765 off 0.458552779834214 __DUMMY__ 0.06994172254313835	false	1.0
abrutschen	neg 1.0		neg 0.48058677931481214 off 0.4491568785087881 __DUMMY__ 0.07025634217639976	false	1.0
unsicher	neg 1.0		neg 0.4723461584800798 off 0.4576599450014724 __DUMMY__ 0.06999389651844787	false	1.0
bauernkind	off 1.0	off 1.0	off 0.7176639066613325 neg 0.24939719237317745 __DUMMY__ 0.032938900965489966	false	1.0
angreifer	neg 1.0		neg 0.4709929180833933 off 0.45904847311293123 __DUMMY__ 0.06995860880367558	false	1.0
trennen	neg 1.0		neg 0.4741739910943709 off 0.4552457306717174 __DUMMY__ 0.07058027823391168	false	1.0
schmutz	neg 1.0		neg 0.46737867828863866 off 0.4622067267864634 __DUMMY__ 0.07041459492489792	false	1.0
inkonsistenz	neg 1.0		neg 0.472240390326228 off 0.4585833385755284 __DUMMY__ 0.06917627109824379	false	1.0
erschreckend	neg 1.0		neg 0.47523650256092415 off 0.45496617617864776 __DUMMY__ 0.06979732126042805	false	1.0
ertrinken	neg 1.0		neg 0.47466256204279134 off 0.4549755187792242 __DUMMY__ 0.0703619191779844	false	1.0
pickelface	off 1.0		neg 0.47545172332763364 off 0.4546018703998585 __DUMMY__ 0.06994640627250791	false	0.5
seiner			neg 0.47670051524545975 off 0.4530182038678298 __DUMMY__ 0.07028128088671047	false	0.0
lauch	neg 1.0		neg 0.4814731603942893 off 0.4484266196848852 __DUMMY__ 0.07010021992082557	false	1.0
unwichtig	neg 1.0		neg 0.46915212072899254 off 0.46134687165415333 __DUMMY__ 0.0695010076168541	false	1.0
steuerhinterziehung	neg 1.0		neg 0.47753375675470844 off 0.45285976437430353 __DUMMY__ 0.06960647887098811	false	1.0
schock	neg 1.0		neg 0.471400075504341 off 0.4582792963993081 __DUMMY__ 0.07032062809635088	false	1.0
beule	neg 1.0		neg 0.4667252006724894 off 0.4635469217648179 __DUMMY__ 0.06972787756269272	false	1.0
vergelten	neg 1.0		off 0.46745601773823986 neg 0.4627631461753328 __DUMMY__ 0.06978083608642742	false	0.5
verdorbenheit	neg 1.0		neg 0.4728288931499495 off 0.4571411109144673 __DUMMY__ 0.07002999593558316	false	1.0
trauma	neg 1.0		neg 0.4719817878167332 off 0.4581533562759757 __DUMMY__ 0.06986485590729115	false	1.0
sinnlos	neg 1.0		neg 0.46968792747791305 off 0.4603875583406466 __DUMMY__ 0.06992451418144031	false	1.0
fettsack	off 1.0	off 1.0	off 0.7197491235710007 neg 0.24715807419223537 __DUMMY__ 0.033092802236763905	false	1.0
feige	off 1.0	off 1.0	off 0.7162955335313522 neg 0.2505000784038615 __DUMMY__ 0.03320438806478614	false	1.0
abdanken	neg 1.0		neg 0.4760445402733588 off 0.45429995414584495 __DUMMY__ 0.0696555055807963	false	1.0
wichtigtuer	off 1.0	off 1.0	off 0.7147968431254057 neg 0.2518737503374671 __DUMMY__ 0.033329406537127175	false	1.0
misslingen	neg 1.0		neg 0.46764881921072793 off 0.46183086063794215 __DUMMY__ 0.07052032015133	false	1.0
untreu	off 1.0		neg 0.46809211270403694 off 0.4625016623413291 __DUMMY__ 0.069406224954634	false	0.5
missmutig	neg 1.0		neg 0.4684248462545738 off 0.46198191577264025 __DUMMY__ 0.06959323797278591	false	1.0
hurenbock	off 1.0		neg 0.4704305678851294 off 0.45955894805893893 __DUMMY__ 0.07001048405593162	false	0.5
betrunken	neg 1.0		off 0.4664060507505295 neg 0.4638644569603832 __DUMMY__ 0.06972949228908726	false	0.5
korrupt	off 1.0		neg 0.4794633765037222 off 0.4510885386800474 __DUMMY__ 0.06944808481623028	false	0.5
unmut	neg 1.0		neg 0.4814119147200247 off 0.4484112700343698 __DUMMY__ 0.0701768152456055	false	1.0
hackfresse	off 1.0		off 0.46943057325871296 neg 0.4616288283538079 __DUMMY__ 0.06894059838747921	false	1.0
aufblasen	neg 1.0		neg 0.4700162765865401 off 0.45992264498116137 __DUMMY__ 0.07006107843229865	false	1.0
gewaltsam	neg 1.0		neg 0.47355377154315365 off 0.4564360657071041 __DUMMY__ 0.07001016274974226	false	1.0
unbeliebtheit	neg 1.0		neg 0.47465069575585855 off 0.45657582561267007 __DUMMY__ 0.06877347863147149	false	1.0
sturheit	neg 1.0		neg 0.4755246818802579 off 0.4547136000666552 __DUMMY__ 0.06976171805308697	false	1.0
kuh	neg 1.0		neg 0.47460862502447787 off 0.4558700043392812 __DUMMY__ 0.0695213706362409	false	1.0
erschrecken	neg 1.0		neg 0.4681849560076007 off 0.46204192329080596 __DUMMY__ 0.06977312070159336	false	1.0
opfer	neg 1.0		neg 0.4754421554357777 off 0.45431995671697917 __DUMMY__ 0.0702378878472429	false	1.0
sinken	neg 1.0		neg 0.480157785153844 off 0.4496009775522003 __DUMMY__ 0.07024123729395569	false	1.0
stinktier	neg 1.0		off 0.46614501140195436 neg 0.4647990467253473 __DUMMY__ 0.06905594187269838	false	0.5
tucke	off 1.0		off 0.4675824424205517 neg 0.4639357568007588 __DUMMY__ 0.06848180077868954	false	1.0
ein			neg 0.47131817654746966 off 0.4586861524401697 __DUMMY__ 0.06999567101236069	false	0.0
abstieg	neg 1.0		neg 0.4754125263280379 off 0.45416761487727697 __DUMMY__ 0.07041985879468528	false	1.0
missverstehen	neg 1.0		neg 0.4716053171347726 off 0.4588087036637456 __DUMMY__ 0.0695859792014818	false	1.0
ergebnislos	neg 1.0		neg 0.47824257759255984 off 0.4517330288044675 __DUMMY__ 0.07002439360297281	false	1.0
unter			neg 0.4816308081186877 off 0.44736783745216857 __DUMMY__ 0.07100135442914386	false	0.0
manipulieren	neg 1.0		neg 0.4787519951313205 off 0.4511974384371446 __DUMMY__ 0.07005056643153501	false	1.0
unbewiesen	neg 1.0		neg 0.47864644421858166 off 0.4522923918296009 __DUMMY__ 0.06906116395181734	false	1.0
verschleppen	neg 1.0		neg 0.4760760526713991 off 0.45390177953865224 __DUMMY__ 0.07002216778994856	false	1.0
weib	off 1.0		off 0.46919970878495815 neg 0.46188993836273157 __DUMMY__ 0.06891035285231024	false	1.0
opposition	neg 1.0		neg 0.47326724230781597 off 0.4572159397328142 __DUMMY__ 0.06951681795936965	false	1.0
verkehrswidrig	neg 1.0	neg 1.0	neg 0.7148638625434276 off 0.25140326626339954 __DUMMY__ 0.03373287119317288	false	1.0
inkorrekt	neg 1.0		neg 0.4689600808743906 off 0.46200382701022263 __DUMMY__ 0.06903609211538671	false	1.0
vermeiden	neg 1.0		neg 0.481506304815665 off 0.4479347155263821 __DUMMY__ 0.07055897965795306	false	1.0
abweichung	neg 1.0		neg 0.47820820658580976 off 0.4518631108840166 __DUMMY__ 0.06992868253017367	false	1.0
alkoholisiert	neg 1.0		neg 0.47332441733941666 off 0.4558594804837746 __DUMMY__ 0.07081610217680874	false	1.0
scheiss	off 1.0	off 1.0	off 0.71741750412905 neg 0.24922653887761453 __DUMMY__ 0.03335595699333548	false	1.0
herausforderung	neg 1.0	neg 1.0	neg 0.7220895359160392 off 0.24381035204841867 __DUMMY__ 0.03410011203554207	false	1.0
pervers	off 1.0		off 0.4725739146067796 neg 0.4586717111072943 __DUMMY__ 0.06875437428592608	false	1.0
wackelig	neg 1.0		neg 0.4723593439444292 off 0.4571502511759907 __DUMMY__ 0.0704904048795801	false	1.0
verwickeln	neg 1.0		neg 0.4718521593778386 off 0.4585751018848131 __DUMMY__ 0.0695727387373484	false	1.0
vorwand	neg 1.0		neg 0.4789018780522262 off 0.4509168321883889 __DUMMY__ 0.07018128975938484	false	1.0
muschi	off 1.0		neg 0.4749375695540897 off 0.45511932987399695 __DUMMY__ 0.06994310057191332	false	0.5
entmutigung	neg 1.0		neg 0.474498696395344 off 0.45608920071538595 __DUMMY__ 0.06941210288927001	false	1.0
unangemessen	neg 1.0		neg 0.4766027953098366 off 0.45363237200308126 __DUMMY__ 0.06976483268708221	false	1.0
unstetig	neg 1.0		neg 0.4705985199212608 off 0.4593462438298655 __DUMMY__ 0.07005523624887383	false	1.0
entmutigen	neg 1.0		neg 0.4717865724651799 off 0.45839985955615786 __DUMMY__ 0.0698135679786622	false	1.0
schwanz	neg 1.0		neg 0.4773869157023691 off 0.4524272183448918 __DUMMY__ 0.07018586595273907	false	1.0
verbot	neg 1.0		neg 0.47820605825094986 off 0.45209590573804026 __DUMMY__ 0.06969803601101	false	1.0
leid	neg 1.0		off 0.46869276996517145 neg 0.4619524995463492 __DUMMY__ 0.0693547304884792	false	0.5
archaisch	neg 1.0		neg 0.4750324865621268 off 0.45495212434990256 __DUMMY__ 0.07001538908797056	false	1.0
gegen			neg 0.4784734256423941 off 0.45113380388061697 __DUMMY__ 0.07039277047698903	false	0.0
scheidung	neg 1.0		off 0.47699368991631186 neg 0.45425530192214286 __DUMMY__ 0.06875100816154535	false	0.5
einschlag	neg 1.0	neg 1.0	neg 0.7176757369933203 off 0.24896428431320838 __DUMMY__ 0.033359978693471265	false	1.0
m			neg 0.4741177367000759 off 0.4556794679139883 __DUMMY__ 0.07020279538593586	false	0.0
abgestanden	neg 1.0		neg 0.4710964322109192 off 0.45888116832290216 __DUMMY__ 0.07002239946617858	false	1.0
schmierig	off 1.0		off 0.4680830599137356 neg 0.4625443058664261 __DUMMY__ 0.06937263421983816	false	1.0
unpraktisch	neg 1.0		neg 0.4701477702179811 off 0.45973797683006573 __DUMMY__ 0.07011425295195307	false	1.0
wixxer	off 1.0		off 0.47170894749031816 neg 0.4596356904347159 __DUMMY__ 0.06865536207496606	false	1.0
bezeichnet			neg 0.47440965063803636 off 0.45579646172102395 __DUMMY__ 0.06979388764093959	false	0.0
jammerlappen	off 1.0		neg 0.4685923582675845 off 0.4618545808350324 __DUMMY__ 0.06955306089738315	false	0.5
farce	neg 1.0		neg 0.47828878343680487 off 0.45218644881897446 __DUMMY__ 0.06952476774422071	false	1.0
zwecklos	neg 1.0		neg 0.47628145854031684 off 0.4538963767590018 __DUMMY__ 0.06982216470068141	false	1.0
turbulent	neg 1.0		neg 0.4685504996964278 off 0.4620076243837259 __DUMMY__ 0.06944187591984632	false	1.0
invasion	neg 1.0		neg 0.4700061410769285 off 0.4601298581335635 __DUMMY__ 0.06986400078950795	false	1.0
schuld	neg 1.0		neg 0.47258266799433674 off 0.45762720174461496 __DUMMY__ 0.06979013026104826	false	1.0
risiko	neg 1.0		neg 0.4713146193462927 off 0.4585813797564482 __DUMMY__ 0.07010400089725916	false	1.0
finster	neg 1.0		neg 0.4710868094633942 off 0.45894303707608736 __DUMMY__ 0.06997015346051846	false	1.0
geisteskrank	off 1.0		neg 0.4681269006310556 off 0.4625963773832948 __DUMMY__ 0.06927672198564958	false	0.5
zusammenbrechen	neg 1.0		neg 0.47359305203348684 off 0.45629165526781024 __DUMMY__ 0.07011529269870294	false	1.0
ausbeute	neg 1.0		neg 0.47519293479431773 off 0.45430625565866506 __DUMMY__ 0.07050080954701708	false	1.0
hinterhalt	neg 1.0		neg 0.4730763905540038 off 0.45665308097051477 __DUMMY__ 0.07027052847548144	false	1.0
kritik	neg 1.0		neg 0.4778846940870981 off 0.45249694227292486 __DUMMY__ 0.0696183636399771	false	1.0
einschrumpfen	neg 1.0		neg 0.47276115389350176 off 0.45791328357109884 __DUMMY__ 0.06932556253539945	false	1.0
riskant	neg 1.0		neg 0.4774634174559269 off 0.45254841386765116 __DUMMY__ 0.06998816867642185	false	1.0
frustrieren	neg 1.0		neg 0.4768093241847042 off 0.4531444976785587 __DUMMY__ 0.070046178136737	false	1.0
groll	neg 1.0		neg 0.4755016258694898 off 0.4545007346628213 __DUMMY__ 0.06999763946768878	false	1.0
gibt			neg 0.4752166783336643 off 0.4548340460057224 __DUMMY__ 0.06994927566061329	false	0.0
qualvoll	neg 1.0		neg 0.4681119036882805 off 0.46195178576906404 __DUMMY__ 0.0699363105426554	false	1.0
wackeln	neg 1.0	neg 1.0	neg 0.7207554422802401 off 0.2455454845698097 __DUMMY__ 0.033699073149950125	false	1.0
klagen	neg 1.0		neg 0.48045651802780764 off 0.4493262172941242 __DUMMY__ 0.07021726467806814	false	1.0
bankrott	neg 1.0		neg 0.46869487056063414 off 0.46156027391185583 __DUMMY__ 0.06974485552751003	false	1.0
trauern	neg 1.0		neg 0.4753689177437143 off 0.454339041111553 __DUMMY__ 0.0702920411447328	false	1.0
ablehnung	neg 1.0		neg 0.4777391185501183 off 0.4526286124094023 __DUMMY__ 0.06963226904047924	false	1.0
stur	neg 1.0		neg 0.4726192319037422 off 0.457717245752918 __DUMMY__ 0.06966352234333974	false	1.0
aufruhr	neg 1.0		neg 0.4739143141533571 off 0.45610667388646126 __DUMMY__ 0.06997901196018168	false	1.0
melancholie	neg 1.0		neg 0.4743566791017384 off 0.45544793884734364 __DUMMY__ 0.07019538205091794	false	1.0
ist			neg 0.47135869980929057 off 0.45885179390412323 __DUMMY__ 0.06978950628658616	false	0.0
torheit	neg 1.0		neg 0.4741114818737284 off 0.45629642456494846 __DUMMY__ 0.0695920935613231	false	1.0
dreckskind	off 1.0		off 0.4671345649025236 neg 0.46395205094272196 __DUMMY__ 0.06891338415475447	false	1.0
umtauschen	neg 1.0		neg 0.47310389869311714 off 0.4569321582851254 __DUMMY__ 0.06996394302175751	false	1.0
zum			neg 0.4779189591519434 off 0.4510175963056808 __DUMMY__ 0.0710634445423759	false	0.0
zersetzen	neg 1.0		neg 0.47969262896964854 off 0.45038140872780014 __DUMMY__ 0.06992596230255131	false	1.0
zur			neg 0.4814270776754868 off 0.4478870714693012 __DUMMY__ 0.07068585085521191	false	0.0
frust	neg 1.0		neg 0.4741624839107025 off 0.4557690183811481 __DUMMY__ 0.07006849770814935	false	1.0
unerbittlichkeit	neg 1.0		neg 0.47912872053233674 off 0.45088453210650953 __DUMMY__ 0.06998674736115393	false	1.0
zwei			neg 0.4768338900529379 off 0.45236784024320226 __DUMMY__ 0.07079826970385987	false	0.0
unkorrekt	neg 1.0		neg 0.4691013000092064 off 0.46199832983338796 __DUMMY__ 0.0689003701574057	false	1.0
hexe	off 1.0		neg 0.46786064894438095 off 0.4626317013281507 __DUMMY__ 0.0695076497274683	false	0.5
lasch	neg 1.0		neg 0.471656884246732 off 0.45899349597445255 __DUMMY__ 0.06934961977881547	false	1.0
rivale	neg 1.0		off 0.46541521352562826 neg 0.4650567497022215 __DUMMY__ 0.0695280367721503	false	0.5
mutlos	off 1.0	off 1.0	off 0.7108027422108044 neg 0.25577119783167446 __DUMMY__ 0.03342605995752113	false	1.0
wirr	off 1.0		neg 0.4684192872533434 off 0.4626429834927499 __DUMMY__ 0.06893772925390661	false	0.5
jahr			neg 0.4756540778823894 off 0.4537308581373849 __DUMMY__ 0.07061506398022582	false	0.0
wird			neg 0.4760465387967609 off 0.45386335616091783 __DUMMY__ 0.07009010504232124	false	0.0
strafbar	neg 1.0		neg 0.47803049011478443 off 0.45208232956549294 __DUMMY__ 0.0698871803197226	false	1.0
erosion	neg 1.0		neg 0.47098555341103154 off 0.4589226765541506 __DUMMY__ 0.070091770034818	false	1.0
eingehen	neg 1.0		neg 0.47748449088893646 off 0.45272869493358603 __DUMMY__ 0.06978681417747744	false	1.0
faul	off 1.0		neg 0.46771371560294595 off 0.46246688330693025 __DUMMY__ 0.06981940109012372	false	0.5
provisorium	neg 1.0		neg 0.4828999383313373 off 0.4462435136256146 __DUMMY__ 0.07085654804304801	false	1.0
schmerzen	neg 1.0		neg 0.4723654583889866 off 0.4576405151433117 __DUMMY__ 0.06999402646770161	false	1.0
schrumpfen	neg 1.0		neg 0.4838233758315666 off 0.4459311934237267 __DUMMY__ 0.07024543074470667	false	1.0
geistlos	off 1.0		neg 0.47473762142145776 off 0.4561396447322886 __DUMMY__ 0.06912273384625377	false	0.5
fehlkauf	neg 1.0		neg 0.4716334336750762 off 0.4586101499757556 __DUMMY__ 0.06975641634916825	false	1.0
frustrierend	neg 1.0		neg 0.4679247035004057 off 0.4622260506261691 __DUMMY__ 0.06984924587342521	false	1.0
unzufrieden	neg 1.0		neg 0.47668080686123787 off 0.4535238403159372 __DUMMY__ 0.06979535282282481	false	1.0
verzweifeln	neg 1.0		neg 0.47338724601471815 off 0.45666228436834383 __DUMMY__ 0.06995046961693804	false	1.0
verzweifelt	neg 1.0		neg 0.4718458300372254 off 0.4583956755621311 __DUMMY__ 0.0697584944006436	false	1.0
misstrauensantrag	neg 1.0		neg 0.471841076592933 off 0.4585565954572195 __DUMMY__ 0.06960232794984743	false	1.0
abfallen	neg 1.0		neg 0.46957820764217556 off 0.4602781735174408 __DUMMY__ 0.07014361884038371	false	1.0
fucker	off 1.0		neg 0.46716388595897235 off 0.46349114212323883 __DUMMY__ 0.06934497191778896	false	0.5
ungezogen	neg 1.0		off 0.47183839581077086 neg 0.4591438897959767 __DUMMY__ 0.0690177143932525	false	0.5
irrsinnig	neg 1.0	neg 1.0	neg 0.7224803139926409 off 0.24413714797387387 __DUMMY__ 0.03338253803348511	false	1.0
unfassbar	neg 1.0		neg 0.46828133839392816 off 0.46226912024021904 __DUMMY__ 0.06944954136585269	false	1.0
hart	neg 1.0		neg 0.46965364505188273 off 0.46067817392037336 __DUMMY__ 0.06966818102774379	false	1.0
widerlich	off 1.0		neg 0.468154547509472 off 0.46256429321759623 __DUMMY__ 0.06928115927293182	false	0.5
fatal	neg 1.0		neg 0.47129390224526113 off 0.4589505328632179 __DUMMY__ 0.069755564891521	false	1.0
bruch	neg 1.0		neg 0.4809951957791995 off 0.4489096039890247 __DUMMY__ 0.07009520023177586	false	1.0
aushungern	neg 1.0		neg 0.4765425202955449 off 0.45382551207571503 __DUMMY__ 0.06963196762873998	false	1.0
anspannung	neg 1.0	neg 1.0	neg 0.7246367214789343 off 0.24118147301619855 __DUMMY__ 0.034181805504867255	false	1.0
von			neg 0.47677969995453173 off 0.4526363902192395 __DUMMY__ 0.07058390982622861	false	0.0
kraftlos	neg 1.0		neg 0.47274703750792524 off 0.4568915495274757 __DUMMY__ 0.07036141296459904	false	1.0
vom			neg 0.48086928229181514 off 0.4480978336222528 __DUMMY__ 0.07103288408593204	false	0.0
grenzdebil	off 1.0		neg 0.4666721639460986 off 0.46384313345141986 __DUMMY__ 0.06948470260248148	false	0.5
vor			neg 0.47761365240635006 off 0.4520126247437468 __DUMMY__ 0.07037372284990318	false	0.0
unterwerfen	neg 1.0		neg 0.4770837736492726 off 0.4528604407773726 __DUMMY__ 0.07005578557335472	false	1.0
versenkung	neg 1.0		neg 0.477434033667086 off 0.4524999218237992 __DUMMY__ 0.07006604450911494	false	1.0
entziehen	neg 1.0		neg 0.47979692729387596 off 0.45001177197542624 __DUMMY__ 0.0701913007306978	false	1.0
finanzkrise	neg 1.0		neg 0.47666877427540455 off 0.45376105692282076 __DUMMY__ 0.06957016880177462	false	1.0
schimpfend	neg 1.0		neg 0.4697718084640452 off 0.4600740220009199 __DUMMY__ 0.07015416953503491	false	1.0
profan	neg 1.0		neg 0.47033529531507234 off 0.4599600252280899 __DUMMY__ 0.06970467945683785	false	1.0
korruption	neg 1.0	neg 1.0	neg 0.7253601878797499 off 0.2412473724781438 __DUMMY__ 0.03339243964210637	false	1.0
â			neg 0.4754227526908269 off 0.45436145363677316 __DUMMY__ 0.07021579367239988	false	0.0
schmutzig	neg 1.0		neg 0.466130527738159 off 0.46419422160385293 __DUMMY__ 0.069675250657988	false	1.0
sexy	neg 1.0		neg 0.4693088270275255 off 0.46094532921122816 __DUMMY__ 0.06974584376124625	false	1.0
abraten	neg 1.0		neg 0.4709375091680886 off 0.45924993327547975 __DUMMY__ 0.06981255755643168	false	1.0
schwarz	neg 1.0		neg 0.47226464247881844 off 0.45800856697186276 __DUMMY__ 0.06972679054931873	false	1.0
fotze	off 1.0		neg 0.47702971771419705 off 0.4529201823725171 __DUMMY__ 0.07005009991328584	false	0.5
verwirren	neg 1.0		neg 0.4700124144710584 off 0.4602726863315984 __DUMMY__ 0.06971489919734312	false	1.0
zahnlos	off 1.0		neg 0.4765469563058497 off 0.45364579832419494 __DUMMY__ 0.06980724536995539	false	0.5
verheeren	neg 1.0		off 0.4741499769957129 neg 0.45662712200819755 __DUMMY__ 0.06922290099608965	false	0.5
hippie	neg 1.0		neg 0.47019064664881544 off 0.4600931228747855 __DUMMY__ 0.06971623047639901	false	1.0
rammen	neg 1.0		neg 0.4727158504011953 off 0.4575284875159675 __DUMMY__ 0.06975566208283711	false	1.0
unlauter	neg 1.0		neg 0.4773468003013043 off 0.4534993409691141 __DUMMY__ 0.06915385872958162	false	1.0
unheilvoll	neg 1.0		neg 0.46822458661221145 off 0.4616499723976458 __DUMMY__ 0.07012544099014259	false	1.0
niedrig	neg 1.0		neg 0.4769710096778939 off 0.4528039835941476 __DUMMY__ 0.0702250067279586	false	1.0
explosion	neg 1.0		neg 0.47139850830665936 off 0.4589630924804526 __DUMMY__ 0.06963839921288816	false	1.0
weichei	off 1.0		off 0.46829255679112775 neg 0.4626238462642166 __DUMMY__ 0.06908359694465571	false	1.0
minusmensch	off 1.0		off 0.46916308144106184 neg 0.4624221333929233 __DUMMY__ 0.0684147851660148	false	1.0
farblos	neg 1.0		neg 0.46966112067163707 off 0.45974105630841355 __DUMMY__ 0.07059782301994949	false	1.0
unwissend	neg 1.0	neg 1.0	neg 0.7203747210645334 off 0.24639315795570985 __DUMMY__ 0.033232120979756787	false	1.0
traurig	neg 1.0		off 0.4662280951516655 neg 0.46432452927969725 __DUMMY__ 0.06944737556863721	false	0.5
senkung	neg 1.0		neg 0.4728931111656979 off 0.45775609240929793 __DUMMY__ 0.06935079642500411	false	1.0
ungleich	neg 1.0	neg 1.0	neg 0.7260409757375321 off 0.240532342228707 __DUMMY__ 0.0334266820337609	false	1.0
heikel	neg 1.0		neg 0.4791964238189808 off 0.450840663523914 __DUMMY__ 0.0699629126571052	false	1.0
drosselung	neg 1.0		neg 0.46631622884322416 off 0.4640533934897582 __DUMMY__ 0.06963037766701752	false	1.0
falsch	neg 1.0		neg 0.46865541189685334 off 0.46165911021276906 __DUMMY__ 0.0696854778903776	false	1.0
unzufriedenheit	neg 1.0		neg 0.47942001165476694 off 0.45052604228097304 __DUMMY__ 0.07005394606426008	false	1.0
kurz	neg 1.0		neg 0.47292627376864055 off 0.4568353463832711 __DUMMY__ 0.07023837984808834	false	1.0
unsinnig	neg 1.0		neg 0.4768673996756351 off 0.4534784776712353 __DUMMY__ 0.06965412265312966	false	1.0
penner	off 1.0	off 1.0	off 0.7210502391706937 neg 0.24594122063764734 __DUMMY__ 0.03300854019165909	false	1.0
seicht	neg 1.0		off 0.4695663697622331 neg 0.46177515547593057 __DUMMY__ 0.06865847476183647	false	0.5
dummheit	off 1.0	off 1.0	off 0.7148716703898388 neg 0.2518327991082118 __DUMMY__ 0.03329553050194952	false	1.0
unerfreulich	neg 1.0		neg 0.47877755968682495 off 0.45101088928613614 __DUMMY__ 0.07021155102703894	false	1.0
motherfucker	off 1.0	off 1.0	off 0.7171980920549976 neg 0.24963744699535897 __DUMMY__ 0.03316446094964346	false	1.0
pikiert	neg 1.0		neg 0.46942199258720285 off 0.46126849736477055 __DUMMY__ 0.06930951004802663	false	1.0
wrack	neg 1.0		neg 0.47400951717214806 off 0.4554478548831226 __DUMMY__ 0.07054262794472928	false	1.0
gangster	neg 1.0		neg 0.47015257144846984 off 0.4600528347020363 __DUMMY__ 0.06979459384949371	false	1.0
krank	neg 1.0		off 0.46517696530437136 neg 0.46516318933460504 __DUMMY__ 0.06965984536102368	false	0.5
reich	neg 1.0		neg 0.47010470861529785 off 0.4604554002931178 __DUMMY__ 0.06943989109158431	false	1.0
gnadenlos	neg 1.0		neg 0.4720673089902228 off 0.4580671275365283 __DUMMY__ 0.06986556347324897	false	1.0
niedergeschlagen	neg 1.0		neg 0.47232580526028817 off 0.4574091061799932 __DUMMY__ 0.07026508855971879	false	1.0
terrorisieren	off 1.0	off 1.0	off 0.7123005942297932 neg 0.25405916596858574 __DUMMY__ 0.03364023980162102	false	1.0
sinnlosigkeit	neg 1.0		neg 0.4759162427955782 off 0.4542105839457939 __DUMMY__ 0.06987317325862799	false	1.0
behindern	neg 1.0		neg 0.474875687809422 off 0.45533874040323596 __DUMMY__ 0.0697855717873421	false	1.0
undemokratisch	neg 1.0		neg 0.47523239734015443 off 0.45533983336366896 __DUMMY__ 0.0694277692961767	false	1.0
wirtschaftskrise	neg 1.0		neg 0.4782130681413687 off 0.4519848969113315 __DUMMY__ 0.06980203494729977	false	1.0
neid	neg 1.0		neg 0.4659604169659874 off 0.4640712710974582 __DUMMY__ 0.06996831193655444	false	1.0
rutschen	neg 1.0	neg 1.0	neg 0.7241192516745334 off 0.24182188540202715 __DUMMY__ 0.03405886292343937	false	1.0
rezession	neg 1.0		neg 0.4659878550661551 off 0.46497049460048784 __DUMMY__ 0.06904165033335702	false	1.0
fehlgeburt	neg 1.0		neg 0.46880012123970755 off 0.4611074132458298 __DUMMY__ 0.07009246551446256	false	1.0
charakterschwach	off 1.0		neg 0.4672583141962647 off 0.4632553805940091 __DUMMY__ 0.06948630520972625	false	0.5
isolation	neg 1.0		neg 0.468329926653094 off 0.46187677085911505 __DUMMY__ 0.06979330248779092	false	1.0
ablenkung	neg 1.0		neg 0.47219173421694277 off 0.45785122357180896 __DUMMY__ 0.06995704221124822	false	1.0
pech	neg 1.0		neg 0.4686960241799874 off 0.46157288624634163 __DUMMY__ 0.06973108957367095	false	1.0
vermeidung	neg 1.0		neg 0.46841900453365953 off 0.46231400783297344 __DUMMY__ 0.06926698763336699	false	1.0
dominieren	neg 1.0		neg 0.4745683068895991 off 0.4550718368095437 __DUMMY__ 0.07035985630085728	false	1.0
schwindlig	neg 1.0		neg 0.4671585648823751 off 0.4626023773791315 __DUMMY__ 0.07023905773849325	false	1.0
lutscher	neg 1.0		off 0.4705088904480379 neg 0.4608313878295916 __DUMMY__ 0.06865972172237046	false	0.5
pflicht	neg 1.0		neg 0.479293947372035 off 0.45071736459581696 __DUMMY__ 0.06998868803214804	false	1.0
faschist	off 1.0		neg 0.47302097426393985 off 0.45766295582184385 __DUMMY__ 0.0693160699142162	false	0.5
verschleudern	neg 1.0		neg 0.48183789561555074 off 0.4487467444763567 __DUMMY__ 0.06941535990809271	false	1.0
wenn			neg 0.46856084127840664 off 0.4617824497187026 __DUMMY__ 0.0696567090028907	false	0.0
ehebruch	neg 1.0		neg 0.4768628054456454 off 0.4531629661797133 __DUMMY__ 0.06997422837464125	false	1.0
spott	off 1.0		neg 0.47869007613711206 off 0.45149205090832195 __DUMMY__ 0.06981787295456598	false	0.5
trostlosigkeit	neg 1.0		neg 0.4783617773345441 off 0.4512986059550809 __DUMMY__ 0.07033961671037486	false	1.0
lutschen	neg 1.0		neg 0.4718709620116273 off 0.4585756746009172 __DUMMY__ 0.0695533633874556	false	1.0
undiszipliniert	neg 1.0		off 0.46575387027428766 neg 0.46468664447235375 __DUMMY__ 0.06955948525335867	false	0.5
kopfschmerz	neg 1.0		neg 0.47263685384921217 off 0.45713687012354903 __DUMMY__ 0.07022627602723874	false	1.0
unvorhergesehen	neg 1.0		neg 0.47356061208503253 off 0.4558795294879122 __DUMMY__ 0.07055985842705532	false	1.0
desinteressiert	neg 1.0		neg 0.46640909074702774 off 0.4642517906812228 __DUMMY__ 0.06933911857174929	false	1.0
armselig	off 1.0		neg 0.4671107535440348 off 0.4638427406073115 __DUMMY__ 0.06904650584865353	false	0.5
desaster	neg 1.0		neg 0.4815686546508846 off 0.44831013130992603 __DUMMY__ 0.07012121403918928	false	1.0
tod	neg 1.0		neg 0.47304930868930717 off 0.4564247211562768 __DUMMY__ 0.07052597015441607	false	1.0
herzlos	neg 1.0		off 0.4656730556352919 neg 0.46508639241455557 __DUMMY__ 0.06924055195015255	false	0.5
unwissenheit	neg 1.0		neg 0.4780618691773704 off 0.45233178865634854 __DUMMY__ 0.06960634216628096	false	1.0
widersinnig	neg 1.0	neg 1.0	neg 0.7257163168291775 off 0.24105247779630493 __DUMMY__ 0.03323120537451754	false	1.0
bedenklich	neg 1.0		neg 0.4779313396014033 off 0.4522032129554245 __DUMMY__ 0.06986544744317219	false	1.0
beanstanden	neg 1.0		neg 0.47941479759294636 off 0.4504928773345302 __DUMMY__ 0.07009232507252348	false	1.0
panisch	neg 1.0	neg 1.0	neg 0.7190222472654921 off 0.247251637343581 __DUMMY__ 0.03372611539092681	false	1.0
debil	off 1.0		neg 0.4827792721338605 off 0.446665219611126 __DUMMY__ 0.07055550825501355	false	0.5
abstrich	neg 1.0		neg 0.47657386758089565 off 0.4534982728557869 __DUMMY__ 0.0699278595633175	false	1.0
primitiv	neg 1.0		neg 0.4674724233079481 off 0.4632284126721304 __DUMMY__ 0.06929916401992157	false	1.0
abschaum	off 1.0	off 1.0	off 0.7162400996880256 neg 0.2504960543170932 __DUMMY__ 0.033263845994881164	false	1.0
provozieren	neg 1.0		neg 0.47323405286292775 off 0.45704146241427296 __DUMMY__ 0.06972448472279916	false	1.0
tot	neg 1.0		neg 0.47743610755512766 off 0.4525802395706574 __DUMMY__ 0.06998365287421493	false	1.0
instabil	neg 1.0		neg 0.4695522912010957 off 0.4614303211250895 __DUMMY__ 0.06901738767381474	false	1.0
schwuchtel	off 1.0		off 0.47479615452017077 neg 0.456846553625049 __DUMMY__ 0.06835729185478033	false	1.0
zerren	neg 1.0		neg 0.47233653338453313 off 0.4574090671527881 __DUMMY__ 0.0702543994626788	false	1.0
kinderficker	off 1.0		neg 0.4656121198249182 off 0.4656043184083515 __DUMMY__ 0.06878356176673045	false	0.5
gefahr	neg 1.0		neg 0.47846596311131245 off 0.45136103368945363 __DUMMY__ 0.07017300319923385	false	1.0
rabiat	neg 1.0		neg 0.4739941965870647 off 0.45626530315602815 __DUMMY__ 0.06974050025690723	false	1.0
verlangsamung	neg 1.0		off 0.46946887014634825 neg 0.46149244177580945 __DUMMY__ 0.06903868807784223	false	0.5
ausgestorben	neg 1.0		neg 0.47221012640325694 off 0.45765630211698405 __DUMMY__ 0.07013357147975902	false	1.0
anklagen	neg 1.0		neg 0.4759216962344818 off 0.45425191517068675 __DUMMY__ 0.06982638859483155	false	1.0
trott	neg 1.0		neg 0.4729855496739304 off 0.45698342221202953 __DUMMY__ 0.07003102811404016	false	1.0
verminderung	neg 1.0		neg 0.4669773216364613 off 0.4637042645876779 __DUMMY__ 0.06931841377586068	false	1.0
nach			neg 0.47672865163507866 off 0.4521120185636811 __DUMMY__ 0.07115932980124028	false	0.0
rost	neg 1.0		off 0.4690690879735594 neg 0.46168113668866184 __DUMMY__ 0.06924977533777867	false	0.5
destruktiv	neg 1.0		neg 0.47598790222305376 off 0.45447160473676596 __DUMMY__ 0.0695404930401803	false	1.0
unzumutbarkeit	neg 1.0		neg 0.4674820418972095 off 0.4627666159072531 __DUMMY__ 0.0697513421955373	false	1.0
labil	off 1.0	off 1.0	off 0.7162057213058971 neg 0.2505209391543917 __DUMMY__ 0.0332733395397111	false	1.0
ziemlich	neg 1.0		neg 0.4664048805504528 off 0.46395045222984793 __DUMMY__ 0.06964466721969914	false	1.0
lachnummer	off 1.0		neg 0.47474795249139645 off 0.45555799114113626 __DUMMY__ 0.06969405636746748	false	0.5
oder			neg 0.4713521041288822 off 0.4585675731280419 __DUMMY__ 0.07008032274307588	false	0.0
verfall	neg 1.0		neg 0.4830764130698606 off 0.4465737683497724 __DUMMY__ 0.07034981858036705	false	1.0
ausgrenzung	neg 1.0		neg 0.4737775527516615 off 0.45673060580347885 __DUMMY__ 0.06949184144485962	false	1.0
unordnung	neg 1.0		neg 0.4659639967013865 off 0.46422884677027104 __DUMMY__ 0.06980715652834243	false	1.0
fehlverhalten	neg 1.0		neg 0.47883043628061667 off 0.4511769522110193 __DUMMY__ 0.06999261150836418	false	1.0
eine			neg 0.4783431216886785 off 0.451468583985057 __DUMMY__ 0.07018829432626461	false	0.0
nille	neg 1.0		neg 0.4742587562133177 off 0.4557801085465548 __DUMMY__ 0.06996113524012751	false	1.0
qual	neg 1.0		neg 0.4733817601549763 off 0.4566068881590201 __DUMMY__ 0.0700113516860036	false	1.0
verschwenden	neg 1.0		neg 0.47703117339406026 off 0.45307059968497077 __DUMMY__ 0.06989822692096889	false	1.0
riesig	neg 1.0	neg 1.0	neg 0.7227672051491756 off 0.2434074913792355 __DUMMY__ 0.03382530347158894	false	1.0
verurteilen	neg 1.0		neg 0.47635245879068616 off 0.45378857563463093 __DUMMY__ 0.06985896557468302	false	1.0
klischee	neg 1.0	neg 1.0	neg 0.7215397331359383 off 0.24522143143446432 __DUMMY__ 0.033238835429597345	false	1.0
diktatorisch	neg 1.0		neg 0.4753134579976139 off 0.45538280728726066 __DUMMY__ 0.06930373471512558	false	1.0
vorhersehbar	neg 1.0	neg 1.0	neg 0.7216432897037098 off 0.24505583490771157 __DUMMY__ 0.03330087538857865	false	1.0
sowie			off 0.4674898826164876 neg 0.4633996951750079 __DUMMY__ 0.06911042220850457	false	0.0
stornieren	neg 1.0		neg 0.4678050191230594 off 0.461675847419382 __DUMMY__ 0.07051913345755878	false	1.0
besteuerung	neg 1.0		neg 0.47573539918691254 off 0.4549044019206245 __DUMMY__ 0.06936019889246303	false	1.0
ungeschminkt	neg 1.0		neg 0.4682841963774676 off 0.4624101576140149 __DUMMY__ 0.06930564600851749	false	1.0
kritisch	neg 1.0		neg 0.47816361222822945 off 0.45195928056074985 __DUMMY__ 0.0698771072110206	false	1.0
schlamperei	off 1.0		neg 0.47969436497965523 off 0.4504465011063149 __DUMMY__ 0.06985913391402993	false	0.5
sucht	neg 1.0	neg 1.0	neg 0.7214249438528266 off 0.24490136220624625 __DUMMY__ 0.033673693940926994	false	1.0
egoistisch	off 1.0		off 0.46864369210056983 neg 0.4621749348228444 __DUMMY__ 0.06918137307658577	false	1.0
ausbeuter	off 1.0		neg 0.4801027993630279 off 0.4500702047212698 __DUMMY__ 0.06982699591570231	false	0.5
arschgeburt	off 1.0		off 0.4743327980448399 neg 0.45741465527037867 __DUMMY__ 0.06825254668478153	false	1.0
schubs	neg 1.0	neg 1.0	neg 0.7224809069097843 off 0.24377615650062295 __DUMMY__ 0.03374293658959285	false	1.0
unsolide	neg 1.0		neg 0.477327846743228 off 0.45378385620760836 __DUMMY__ 0.06888829704916374	false	1.0
beschwerde	neg 1.0		neg 0.4794921297452707 off 0.4506615818274673 __DUMMY__ 0.06984628842726205	false	1.0
stocken	neg 1.0		neg 0.4775494527773872 off 0.4524339247545929 __DUMMY__ 0.07001662246801998	false	1.0
isolieren	neg 1.0		neg 0.47744850740320655 off 0.4527495309464252 __DUMMY__ 0.06980196165036828	false	1.0
unheilbar	neg 1.0		neg 0.4704834277409818 off 0.45934599871250403 __DUMMY__ 0.070170573546514	false	1.0
pisser	off 1.0		neg 0.46603900217190797 off 0.46450962272128377 __DUMMY__ 0.06945137510680827	false	0.5
löschen	neg 1.0		neg 0.47313719071302496 off 0.45694594578150277 __DUMMY__ 0.06991686350547242	false	1.0
durchfallen	neg 1.0		neg 0.4776134160213719 off 0.4527025239206441 __DUMMY__ 0.069684060057984	false	1.0
wichser	off 1.0		off 0.4732904809986404 neg 0.4578484187787725 __DUMMY__ 0.06886110022258707	false	1.0
terror	neg 1.0		neg 0.4687620588435478 off 0.4612617293583123 __DUMMY__ 0.06997621179814	false	1.0
krass	neg 1.0		off 0.46620428817803095 neg 0.46459249247090784 __DUMMY__ 0.06920321935106122	false	0.5
revolte	neg 1.0		neg 0.4732013355839077 off 0.45734513835583784 __DUMMY__ 0.06945352606025453	false	1.0
besorgt	neg 1.0		neg 0.4725918337730541 off 0.4570249793444884 __DUMMY__ 0.07038318688245758	false	1.0
nachlassen	neg 1.0		neg 0.4771388786775735 off 0.45272871197187026 __DUMMY__ 0.07013240935055622	false	1.0
alt	neg 1.0		neg 0.4761038252319596 off 0.4538370941340804 __DUMMY__ 0.07005908063396003	false	1.0
hundesohn	off 1.0		off 0.4699530709990469 neg 0.46136460794388806 __DUMMY__ 0.06868232105706507	false	1.0
als			neg 0.47337238806056453 off 0.4564039542301047 __DUMMY__ 0.07022365770933087	false	0.0
abschreckung	neg 1.0		neg 0.47943602023842924 off 0.4503710158777733 __DUMMY__ 0.07019296388379757	false	1.0
unqualifiziert	neg 1.0		neg 0.47335863506739695 off 0.45747363838660116 __DUMMY__ 0.06916772654600199	false	1.0
abgewichst	off 1.0		neg 0.47439146531477594 off 0.4555475080700195 __DUMMY__ 0.07006102661520472	false	0.5
schwer	neg 1.0		neg 0.47275446633848744 off 0.4572869944436547 __DUMMY__ 0.06995853921785773	false	1.0
bedeutungslosigkeit	neg 1.0		neg 0.47919542542043053 off 0.4507587309100551 __DUMMY__ 0.07004584366951443	false	1.0
kapitulation	neg 1.0		neg 0.479573108460844 off 0.45072588743830133 __DUMMY__ 0.06970100410085477	false	1.0
unscharf	neg 1.0		neg 0.47093841019669713 off 0.4593768745493384 __DUMMY__ 0.06968471525396447	false	1.0
schwinden	neg 1.0		neg 0.4792706606770938 off 0.4506775397026615 __DUMMY__ 0.07005179962024458	false	1.0
versklavung	neg 1.0		neg 0.47548336190834645 off 0.4551687083878627 __DUMMY__ 0.06934792970379086	false	1.0
schlecht	neg 1.0		neg 0.46603829993292906 off 0.4642777866575419 __DUMMY__ 0.06968391340952916	false	1.0
verhasst	neg 1.0		neg 0.47262038574896237 off 0.45764267367144057 __DUMMY__ 0.0697369405795969	false	1.0
beschweren	neg 1.0		neg 0.4712380379277473 off 0.45898658016876304 __DUMMY__ 0.06977538190348959	false	1.0
scheiden	neg 1.0		neg 0.4686001454818745 off 0.4609205267698068 __DUMMY__ 0.07047932774831857	false	1.0
frustriert	neg 1.0		neg 0.47397272710829724 off 0.45603312587078665 __DUMMY__ 0.06999414702091619	false	1.0
schimmelig	neg 1.0		neg 0.47623642848977077 off 0.4535962803740751 __DUMMY__ 0.07016729113615408	false	1.0
fisch	neg 1.0		neg 0.47425752404156013 off 0.4550223066925973 __DUMMY__ 0.07072016926584261	false	1.0
schmuggel	neg 1.0		neg 0.4751960185633669 off 0.454167678475455 __DUMMY__ 0.07063630296117825	false	1.0
auffallen	neg 1.0		neg 0.47033048909999847 off 0.459900185692919 __DUMMY__ 0.06976932520708251	false	1.0
konkurrenz	neg 1.0	neg 1.0	neg 0.7261734107047889 off 0.24016385377270802 __DUMMY__ 0.03366273552250306	false	1.0
teufelskreis	neg 1.0		neg 0.4740810276946873 off 0.4560450006180575 __DUMMY__ 0.06987397168725516	false	1.0
aufschreien	neg 1.0		neg 0.4714227020955384 off 0.45894938596309015 __DUMMY__ 0.06962791194137134	false	1.0
schuldner	neg 1.0		neg 0.47834905810196837 off 0.4515105566955739 __DUMMY__ 0.07014038520245763	false	1.0
missgeburt	off 1.0	off 1.0	off 0.719641341223689 neg 0.2472747961112254 __DUMMY__ 0.03308386266508568	false	1.0
arbeitslos	neg 1.0		neg 0.4771506618713973 off 0.45314210609621214 __DUMMY__ 0.06970723203239053	false	1.0
befallen	neg 1.0		neg 0.47509795688049455 off 0.454985460867994 __DUMMY__ 0.06991658225151139	false	1.0
miesepetrig	off 1.0	off 1.0	off 0.7177188003300343 neg 0.2489098562582397 __DUMMY__ 0.03337134341172589	false	1.0
alarmieren	neg 1.0		neg 0.4704682645949581 off 0.4601581841894301 __DUMMY__ 0.06937355121561171	false	1.0
ungeduscht	off 1.0		neg 0.46859439699521455 off 0.46163196844039794 __DUMMY__ 0.06977363456438751	false	0.5
knappheit	neg 1.0		neg 0.4795323391925108 off 0.45078589199034547 __DUMMY__ 0.06968176881714369	false	1.0
schlange	neg 1.0		neg 0.4687695568776187 off 0.46107080262030653 __DUMMY__ 0.07015964050207468	false	1.0
harsch	neg 1.0		off 0.46846314048556303 neg 0.46204504237282873 __DUMMY__ 0.06949181714160833	false	0.5
lang	neg 1.0		neg 0.47224433554618284 off 0.4577956658583148 __DUMMY__ 0.06995999859550225	false	1.0
ziellos	neg 1.0		neg 0.4741540025175623 off 0.4556069327926335 __DUMMY__ 0.0702390646898041	false	1.0
selbstverliebt	neg 1.0		off 0.472066316144385 neg 0.45949480307499635 __DUMMY__ 0.06843888078061869	false	0.5
beseitigen	neg 1.0	neg 1.0	neg 0.721816695059289 off 0.24445885136429357 __DUMMY__ 0.0337244535764174	false	1.0
dumm	off 1.0		off 0.4688583945888903 neg 0.46215990276127866 __DUMMY__ 0.06898170264983104	false	1.0
arbeitsloser	neg 1.0		neg 0.4762658360662368 off 0.45371191067770456 __DUMMY__ 0.07002225325605871	false	1.0
blitzen	neg 1.0		neg 0.469849576347819 off 0.46041818015603914 __DUMMY__ 0.0697322434961418	false	1.0
hilflos	neg 1.0		neg 0.4742954287269222 off 0.45566871819787574 __DUMMY__ 0.0700358530752021	false	1.0
eklig	off 1.0		off 0.46968742840623945 neg 0.46134464086157206 __DUMMY__ 0.06896793073218851	false	1.0
begriff			neg 0.4756475388950231 off 0.4545975548288215 __DUMMY__ 0.06975490627615545	false	0.0
hungersnot	neg 1.0		neg 0.47402462125998074 off 0.4558555617241888 __DUMMY__ 0.07011981701583045	false	1.0
ungesetzlich	neg 1.0		neg 0.47717039647858206 off 0.45393305089689007 __DUMMY__ 0.06889655262452773	false	1.0
verschwendung	neg 1.0		neg 0.477586195371519 off 0.452340929317112 __DUMMY__ 0.07007287531136898	false	1.0
schmerzvoll	neg 1.0		neg 0.4707719173508098 off 0.4593778978009737 __DUMMY__ 0.06985018484821634	false	1.0
vorzeitig	neg 1.0		neg 0.4683785822504146 off 0.4616723997611986 __DUMMY__ 0.0699490179883868	false	1.0
unvollkommenheit	neg 1.0		neg 0.47103661958942283 off 0.4582886478089647 __DUMMY__ 0.07067473260161246	false	1.0
intervenieren	neg 1.0		neg 0.47987895390389096 off 0.4503204770927718 __DUMMY__ 0.06980056900333728	false	1.0
banause	off 1.0		off 0.4704384514835472 neg 0.4609486993538346 __DUMMY__ 0.06861284916261816	false	1.0
rebell	neg 1.0		neg 0.4798954847661273 off 0.4497198193993933 __DUMMY__ 0.07038469583447948	false	1.0
unlogisch	neg 1.0		off 0.46562166832769053 neg 0.4650752947739753 __DUMMY__ 0.06930303689833403	false	0.5
leiden	neg 1.0		neg 0.47309793630148145 off 0.45607249995276794 __DUMMY__ 0.07082956374575058	false	1.0
abschaffung	neg 1.0		neg 0.47547563504555135 off 0.4550781916485742 __DUMMY__ 0.06944617330587441	false	1.0
sturz	neg 1.0		neg 0.47240975821077674 off 0.45758049680967305 __DUMMY__ 0.07000974497955025	false	1.0
verkleinerung	neg 1.0		neg 0.47391180090794627 off 0.4569317004414269 __DUMMY__ 0.06915649865062692	false	1.0
schmarotzer	off 1.0		neg 0.47753942193652416 off 0.45278847741524186 __DUMMY__ 0.06967210064823386	false	0.5
bestrafung	neg 1.0		neg 0.4720844159670293 off 0.45815954424205496 __DUMMY__ 0.0697560397909158	false	1.0
achtlos	neg 1.0		neg 0.47196174621262776 off 0.4579495131337511 __DUMMY__ 0.07008874065362118	false	1.0
ungeheuer	neg 1.0		neg 0.4691706421856215 off 0.4610030570434834 __DUMMY__ 0.0698263007708952	false	1.0
unaufrichtig	neg 1.0		neg 0.47345719481811366 off 0.457158116270666 __DUMMY__ 0.0693846889112205	false	1.0
groggy	neg 1.0		neg 0.4706901425898687 off 0.45960420137531827 __DUMMY__ 0.06970565603481305	false	1.0
