unsolidarisch	neg 1.0		neg 0.3436646316281147 __DUMMY__ 0.332677766322924 off 0.3236576020489612	false	1.0
nachteilig	neg 1.0		neg 0.3427046139418984 __DUMMY__ 0.3361293460762581 off 0.32116603998184357	false	1.0
skeptisch	neg 1.0		neg 0.34261692786862663 __DUMMY__ 0.3367184546812521 off 0.3206646174501212	false	1.0
schrecklich	neg 1.0		off 0.33712361181191597 __DUMMY__ 0.3334598758564087 neg 0.3294165123316755	false	0.5
schlapp	neg 1.0		__DUMMY__ 0.3351420584367362 off 0.3325460402269162 neg 0.3323119013363477	false	0.5
abfall	neg 1.0		neg 0.34437943860613396 __DUMMY__ 0.3376589013242231 off 0.317961660069643	false	1.0
widerspenstig	neg 1.0		neg 0.33672682297633283 __DUMMY__ 0.3363442030717831 off 0.3269289739518841	false	1.0
abrupt	neg 1.0		neg 0.33901735182582926 __DUMMY__ 0.3383693875702481 off 0.3226132606039226	false	1.0
unwirksam	neg 1.0		neg 0.34213789148652 __DUMMY__ 0.33350213072858204 off 0.32435997778489783	false	1.0
angreifen	neg 1.0	neg 1.0	neg 0.6593531245280447 off 0.1774009213487237 __DUMMY__ 0.16324595412323145	false	1.0
inkonsistent	neg 1.0		__DUMMY__ 0.33624104858174747 neg 0.33586954101368677 off 0.32788941040456576	false	1.0
abrutschen	neg 1.0		neg 0.34397174106371725 __DUMMY__ 0.3376375344426328 off 0.31839072449364986	false	1.0
unsicher	neg 1.0		neg 0.3365763733153036 __DUMMY__ 0.33642760425455653 off 0.32699602243013975	false	1.0
bauernkind	off 1.0	off 1.0	off 0.6552024508715948 neg 0.18458165456812586 __DUMMY__ 0.16021589456027938	false	1.0
angreifer	neg 1.0		__DUMMY__ 0.3363094563834498 neg 0.3352931554580794 off 0.32839738815847086	false	1.0
trennen	neg 1.0		__DUMMY__ 0.3391517633191816 neg 0.33722120307455433 off 0.32362703360626416	false	1.0
schmutz	neg 1.0		__DUMMY__ 0.33846524205925577 neg 0.330974810567433 off 0.33055994737331124	false	1.0
inkonsistenz	neg 1.0		neg 0.3379768194182064 __DUMMY__ 0.33267446507511816 off 0.3293487155066754	false	1.0
erschreckend	neg 1.0		neg 0.3397027276828814 __DUMMY__ 0.33551048258695626 off 0.3247867897301623	false	1.0
ertrinken	neg 1.0		__DUMMY__ 0.3381404873993491 neg 0.33809531324671704 off 0.3237641993539338	false	1.0
pickelface	off 1.0		neg 0.33961736810774656 __DUMMY__ 0.336232457740069 off 0.3241501741521845	false	0.5
seiner			neg 0.34019129930221603 __DUMMY__ 0.3377562616280408 off 0.3220524390697431	false	0.0
lauch	neg 1.0		neg 0.34512316239114516 __DUMMY__ 0.3369392387654511 off 0.3179375988434038	false	1.0
unwichtig	neg 1.0		neg 0.33444471503615353 __DUMMY__ 0.334152420998085 off 0.3314028639657615	false	1.0
steuerhinterziehung	neg 1.0		neg 0.3422090057102113 __DUMMY__ 0.3346650223940362 off 0.3231259718957525	false	1.0
schock	neg 1.0		__DUMMY__ 0.33795687869623003 neg 0.3350553540725618 off 0.32698776723120815	false	1.0
beule	neg 1.0		__DUMMY__ 0.33524047906255117 off 0.33301900992470235 neg 0.33174051101274665	false	0.5
vergelten	neg 1.0		off 0.3367801263647975 __DUMMY__ 0.33551625851797295 neg 0.3277036151172297	false	0.5
verdorbenheit	neg 1.0		neg 0.3370158095471491 __DUMMY__ 0.33662461894075996 off 0.32635957151209083	false	1.0
trauma	neg 1.0		neg 0.33648271130639723 __DUMMY__ 0.33581807854989376 off 0.327699210143709	false	1.0
sinnlos	neg 1.0		__DUMMY__ 0.3361072805436402 neg 0.33415652402806884 off 0.3297361954282909	false	1.0
fettsack	off 1.0	off 1.0	off 0.6570078141640204 neg 0.18204320114684935 __DUMMY__ 0.16094898468913027	false	1.0
feige	off 1.0	off 1.0	off 0.6534111681534742 neg 0.18512054837667535 __DUMMY__ 0.16146828346985037	false	1.0
abdanken	neg 1.0		neg 0.34066349494383374 __DUMMY__ 0.3348904900986467 off 0.3244460149575195	false	1.0
wichtigtuer	off 1.0	off 1.0	off 0.6516956163731739 neg 0.1862384315166378 __DUMMY__ 0.1620659521101883	false	1.0
misslingen	neg 1.0		__DUMMY__ 0.3389300319037834 neg 0.3310380466072789 off 0.3300319214889377	false	1.0
untreu	off 1.0		__DUMMY__ 0.3337134047734668 neg 0.333625367981774 off 0.33266122724475927	false	0.5
missmutig	neg 1.0		__DUMMY__ 0.3345960744970204 neg 0.33359234579259256 off 0.33181157971038716	false	1.0
hurenbock	off 1.0		__DUMMY__ 0.3365768656436244 neg 0.3346947069875754 off 0.32872842736880026	false	0.5
betrunken	neg 1.0		off 0.33578721440047576 __DUMMY__ 0.3352305127870449 neg 0.3289822728124792	false	0.5
korrupt	off 1.0		neg 0.3443548644152043 __DUMMY__ 0.33391560949730326 off 0.32172952608749233	false	0.5
unmut	neg 1.0		neg 0.3448710296583749 __DUMMY__ 0.33727709251754895 off 0.31785187782407603	false	1.0
hackfresse	off 1.0		off 0.34010909451313553 __DUMMY__ 0.33157698986896433 neg 0.32831391561790013	false	1.0
aufblasen	neg 1.0		__DUMMY__ 0.33675484978935233 neg 0.3342436614549723 off 0.3290014887556755	false	1.0
gewaltsam	neg 1.0		neg 0.3376590643426771 __DUMMY__ 0.3365450358214339 off 0.3257958998358889	false	1.0
unbeliebtheit	neg 1.0		neg 0.34103930030494034 __DUMMY__ 0.3308307995010369 off 0.3281299001940227	false	1.0
sturheit	neg 1.0		neg 0.3400039356833408 __DUMMY__ 0.335358492125914 off 0.3246375721907453	false	1.0
kuh	neg 1.0		neg 0.33966531369372976 __DUMMY__ 0.33431005577692124 off 0.326024630529349	false	1.0
erschrecken	neg 1.0		__DUMMY__ 0.335411583453136 neg 0.3330278424054372 off 0.3315605741414269	false	1.0
opfer	neg 1.0		neg 0.3390361694962747 __DUMMY__ 0.33756516729713015 off 0.32339866320659516	false	1.0
sinken	neg 1.0		neg 0.34355491020747675 __DUMMY__ 0.3376087871175685 off 0.31883630267495483	false	1.0
stinktier	neg 1.0		off 0.33675365567144144 __DUMMY__ 0.33212981985145906 neg 0.3311165244770995	false	0.5
tucke	off 1.0		off 0.339119115115306 neg 0.3313939975514875 __DUMMY__ 0.3294868873332066	false	1.0
ein			__DUMMY__ 0.33647581780741337 neg 0.3356131744073235 off 0.327911007785263	false	0.0
abstieg	neg 1.0		neg 0.33863872299300934 __DUMMY__ 0.33844737716658985 off 0.3229138998404009	false	1.0
missverstehen	neg 1.0		neg 0.3366190358629037 __DUMMY__ 0.33454465042779913 off 0.3288363137092972	false	1.0
ergebnislos	neg 1.0		neg 0.3421174267765789 __DUMMY__ 0.336594322290577 off 0.3212882509328441	false	1.0
unter			neg 0.3435720143023744 __DUMMY__ 0.34110368511008937 off 0.3153243005875364	false	0.0
manipulieren	neg 1.0		neg 0.3425520392664853 __DUMMY__ 0.3367048358389258 off 0.3207431248945889	false	1.0
unbewiesen	neg 1.0		neg 0.3442993603008121 __DUMMY__ 0.33213114223044077 off 0.3235694974687471	false	1.0
verschleppen	neg 1.0		neg 0.3400162762522714 __DUMMY__ 0.3365936303632279 off 0.32339009338450075	false	1.0
weib	off 1.0		off 0.33994474683691905 __DUMMY__ 0.3314517944752409 neg 0.32860345868784	false	1.0
opposition	neg 1.0		neg 0.338378019260115 __DUMMY__ 0.33424408676010475 off 0.3273778939797803	false	1.0
verkehrswidrig	neg 1.0	neg 1.0	neg 0.6485026428296153 off 0.18746990961776552 __DUMMY__ 0.16402744755261908	false	1.0
inkorrekt	neg 1.0		neg 0.33508583435446615 off 0.3328868217456634 __DUMMY__ 0.3320273438998705	false	1.0
vermeiden	neg 1.0		neg 0.34427950880960007 __DUMMY__ 0.3390691090868102 off 0.31665138210358984	false	1.0
abweichung	neg 1.0		neg 0.34226258886517213 __DUMMY__ 0.33616524774375145 off 0.32157216339107647	false	1.0
alkoholisiert	neg 1.0		__DUMMY__ 0.34032365973189443 neg 0.3359654207422733 off 0.3237109195258322	false	1.0
scheiss	off 1.0	off 1.0	off 0.6541781977330057 neg 0.18361053329561122 __DUMMY__ 0.1622112689713831	false	1.0
herausforderung	neg 1.0	neg 1.0	neg 0.6549281219314467 off 0.17930008279456153 __DUMMY__ 0.16577179527399177	false	1.0
pervers	off 1.0		off 0.3434595409970445 __DUMMY__ 0.33072882895846517 neg 0.3258116300444902	false	1.0
wackelig	neg 1.0		__DUMMY__ 0.3387469898602039 neg 0.33568741683863945 off 0.3255655933011566	false	1.0
verwickeln	neg 1.0		neg 0.3368782544770462 __DUMMY__ 0.3344825891374144 off 0.32863915638553953	false	1.0
vorwand	neg 1.0		neg 0.3424664874960118 __DUMMY__ 0.3372970471162327 off 0.32023646538775563	false	1.0
muschi	off 1.0		neg 0.3391284780103577 __DUMMY__ 0.33620813595938775 off 0.3246633860302545	false	0.5
entmutigung	neg 1.0		neg 0.33964740796474074 __DUMMY__ 0.33377253330476847 off 0.3265800587304906	false	1.0
unangemessen	neg 1.0		neg 0.34104240660368573 __DUMMY__ 0.3353705204485421 off 0.32358707294777217	false	1.0
unstetig	neg 1.0		__DUMMY__ 0.3367931978864022 neg 0.3347685825436137 off 0.32843821956998415	false	1.0
entmutigen	neg 1.0		neg 0.3363660178903288 __DUMMY__ 0.33560943018958267 off 0.32802455192008856	false	1.0
schwanz	neg 1.0		neg 0.34103776436894456 __DUMMY__ 0.3373485485651996 off 0.3216136870658558	false	1.0
verbot	neg 1.0		neg 0.3426678600725637 __DUMMY__ 0.335080589439107 off 0.3222515504883292	false	1.0
leid	neg 1.0		off 0.33866102838785206 __DUMMY__ 0.3334981066171996 neg 0.3278408649949484	false	0.5
archaisch	neg 1.0		neg 0.33908791141757494 __DUMMY__ 0.33654212783454773 off 0.32436996074787744	false	1.0
gegen			neg 0.34161935680785266 __DUMMY__ 0.33828929885452275 off 0.32009134433762443	false	0.0
scheidung	neg 1.0		off 0.34775002146573075 __DUMMY__ 0.33075656490923955 neg 0.3214934136250298	false	0.5
einschlag	neg 1.0	neg 1.0	neg 0.652009301462829 off 0.18576136141376476 __DUMMY__ 0.16222933712340626	false	1.0
m			neg 0.33790641135699695 __DUMMY__ 0.3373818753371936 off 0.3247117133058094	false	0.0
abgestanden	neg 1.0		__DUMMY__ 0.3366242797822766 neg 0.33538274276044827 off 0.32799297745727507	false	1.0
schmierig	off 1.0		off 0.3380483867380557 __DUMMY__ 0.33357732077178076 neg 0.3283742924901635	false	1.0
unpraktisch	neg 1.0		__DUMMY__ 0.3370078602336928 neg 0.3342846162028685 off 0.32870752356343874	false	1.0
wixxer	off 1.0		off 0.34280484185194204 __DUMMY__ 0.33027164659348673 neg 0.32692351155457117	false	1.0
bezeichnet			neg 0.3389012533429085 __DUMMY__ 0.3355040043822254 off 0.3255947422748661	false	0.0
jammerlappen	off 1.0		__DUMMY__ 0.33439035421721613 neg 0.33381687716680203 off 0.3317927686159819	false	0.5
farce	neg 1.0		neg 0.34308282476485574 __DUMMY__ 0.3342809761647057 off 0.32263619907043845	false	1.0
zwecklos	neg 1.0		neg 0.34064664074873563 __DUMMY__ 0.3356294286363036 off 0.3237239306149608	false	1.0
turbulent	neg 1.0		__DUMMY__ 0.33396178710873886 neg 0.3339341863281334 off 0.3321040265631278	false	1.0
invasion	neg 1.0		__DUMMY__ 0.3358238718843853 neg 0.3345862788198375 off 0.3295898492957772	false	1.0
schuld	neg 1.0		neg 0.33717602259289753 __DUMMY__ 0.33547947362561165 off 0.32734450378149077	false	1.0
risiko	neg 1.0		__DUMMY__ 0.33699751452402604 neg 0.335316085788394 off 0.3276863996875799	false	1.0
finster	neg 1.0		__DUMMY__ 0.3363602738299465 neg 0.3354844470645391 off 0.32815527910551434	false	1.0
geisteskrank	off 1.0		neg 0.3338679419650739 __DUMMY__ 0.33311748436799815 off 0.3330145736669279	false	0.5
zusammenbrechen	neg 1.0		neg 0.3375395473408294 __DUMMY__ 0.33698414711257224 off 0.3254763055465982	false	1.0
ausbeute	neg 1.0		__DUMMY__ 0.33883669444550985 neg 0.338363559495657 off 0.3227997460588332	false	1.0
hinterhalt	neg 1.0		__DUMMY__ 0.33778053315876777 neg 0.3367271329080512 off 0.32549233393318106	false	1.0
kritik	neg 1.0		neg 0.3425140404946462 __DUMMY__ 0.3347123589760458 off 0.3227736005293081	false	1.0
einschrumpfen	neg 1.0		neg 0.33822305487934395 __DUMMY__ 0.33335504101591007 off 0.32842190410474614	false	1.0
riskant	neg 1.0		neg 0.34147591864253474 __DUMMY__ 0.33639155653824565 off 0.3221325248192197	false	1.0
frustrieren	neg 1.0		neg 0.3407370930396533 __DUMMY__ 0.33666616782069936 off 0.3225967391396472	false	1.0
groll	neg 1.0		neg 0.33954427399045944 __DUMMY__ 0.3364525503867262 off 0.3240031756228144	false	1.0
gibt			neg 0.339403210108479 __DUMMY__ 0.33621313695193045 off 0.3243836529395906	false	0.0
qualvoll	neg 1.0		__DUMMY__ 0.336184537648596 neg 0.33264657292431105 off 0.3311688894270928	false	1.0
wackeln	neg 1.0	neg 1.0	neg 0.6544273676725438 off 0.18173282041055358 __DUMMY__ 0.16383981191690244	false	1.0
klagen	neg 1.0		neg 0.34386426995994607 __DUMMY__ 0.33747719475157206 off 0.3186585352884819	false	1.0
bankrott	neg 1.0		__DUMMY__ 0.33528631760344335 neg 0.3335885642948256 off 0.3311251181017311	false	1.0
trauern	neg 1.0		neg 0.33886349508203917 __DUMMY__ 0.3378331228826855 off 0.3233033820352752	false	1.0
ablehnung	neg 1.0		neg 0.34234141702670606 __DUMMY__ 0.3347728698266898 off 0.32288571314660425	false	1.0
stur	neg 1.0		neg 0.3374542308077571 __DUMMY__ 0.33489648458528 off 0.32764928460696296	false	1.0
aufruhr	neg 1.0		neg 0.3380517006870213 __DUMMY__ 0.3363939368927243 off 0.3255543624202545	false	1.0
melancholie	neg 1.0		neg 0.3381619424472892 __DUMMY__ 0.33739370050351175 off 0.32444435704919894	false	1.0
ist			neg 0.33603127628382923 __DUMMY__ 0.3354798299759151 off 0.3284888937402558	false	0.0
torheit	neg 1.0		neg 0.3389571729577371 __DUMMY__ 0.3345992332089303 off 0.3264435938333326	false	1.0
dreckskind	off 1.0		off 0.33796873255734405 __DUMMY__ 0.33146211593933755 neg 0.3305691515033182	false	1.0
umtauschen	neg 1.0		neg 0.3374236860324915 __DUMMY__ 0.336321523072665 off 0.32625479089484344	false	1.0
zum			__DUMMY__ 0.3414087927313987 neg 0.33990622707840246 off 0.3186849801901989	false	0.0
zersetzen	neg 1.0		neg 0.34371279106862407 __DUMMY__ 0.3361159165844518 off 0.32017129234692415	false	1.0
zur			neg 0.3439378574085355 __DUMMY__ 0.33964907954887463 off 0.3164130630425898	false	0.0
frust	neg 1.0		neg 0.3381662650306155 __DUMMY__ 0.3367673617372795 off 0.325066373232105	false	1.0
unerbittlichkeit	neg 1.0		neg 0.3430464924172869 __DUMMY__ 0.3364026393021397 off 0.3205508682805734	false	1.0
zwei			__DUMMY__ 0.3401695154289364 neg 0.3393843374870007 off 0.320446147084063	false	0.0
unkorrekt	neg 1.0		neg 0.33549341966753493 off 0.33309707446462694 __DUMMY__ 0.3314095058678381	false	1.0
hexe	off 1.0		__DUMMY__ 0.33423157801803766 neg 0.3332169586966991 off 0.33255146328526325	false	0.5
lasch	neg 1.0		neg 0.33710577473975284 __DUMMY__ 0.33345956802703747 off 0.32943465723320964	false	1.0
rivale	neg 1.0		off 0.3352213176327956 __DUMMY__ 0.3343179204046614 neg 0.33046076196254287	false	0.5
mutlos	off 1.0	off 1.0	off 0.6475735112382653 neg 0.18989746532533083 __DUMMY__ 0.1625290234364038	false	1.0
wirr	off 1.0		neg 0.3347960030848053 off 0.33361447624592877 __DUMMY__ 0.3315895206692658	false	0.5
jahr			__DUMMY__ 0.33934700334164414 neg 0.33857992672128984 off 0.3220730699370661	false	0.0
wird			neg 0.33995330487369696 __DUMMY__ 0.3368654473412015 off 0.32318124778510143	false	0.0
strafbar	neg 1.0		neg 0.3421579104217186 __DUMMY__ 0.3359456936556455 off 0.3218963959226359	false	1.0
erosion	neg 1.0		__DUMMY__ 0.33688074916415806 neg 0.3351100029829567 off 0.32800924785288527	false	1.0
eingehen	neg 1.0		neg 0.3418687268245298 __DUMMY__ 0.3354617966491224 off 0.32266947652634775	false	1.0
faul	off 1.0		__DUMMY__ 0.33564603432850565 neg 0.3325158262781346 off 0.3318381393933599	false	0.5
provisorium	neg 1.0		neg 0.3450874171099421 __DUMMY__ 0.34043477444097414 off 0.3144778084490838	false	1.0
schmerzen	neg 1.0		neg 0.33665603500657804 __DUMMY__ 0.33645994002323526 off 0.3268840249701866	false	1.0
schrumpfen	neg 1.0		neg 0.34706779061058296 __DUMMY__ 0.3376095553145159 off 0.3153226540749011	false	1.0
geistlos	off 1.0		neg 0.3404529077223697 __DUMMY__ 0.33241680209749636 off 0.32713029018013395	false	0.5
fehlkauf	neg 1.0		neg 0.3363321801118983 __DUMMY__ 0.33533559208780317 off 0.32833222780029836	false	1.0
frustrierend	neg 1.0		__DUMMY__ 0.3357664697721825 neg 0.33261532112759257 off 0.33161820910022505	false	1.0
unzufrieden	neg 1.0		neg 0.34108526639750897 __DUMMY__ 0.33550069036169805 off 0.32341404324079304	false	1.0
verzweifeln	neg 1.0		neg 0.3376541851701395 __DUMMY__ 0.33622009075787374 off 0.32612572407198687	false	1.0
verzweifelt	neg 1.0		neg 0.33655062104516914 __DUMMY__ 0.33533161358209573 off 0.32811776537273524	false	1.0
misstrauensantrag	neg 1.0		neg 0.3368557493637776 __DUMMY__ 0.33463651511706655 off 0.3285077355191559	false	1.0
abfallen	neg 1.0		__DUMMY__ 0.33713935595075345 neg 0.33368720300969235 off 0.3291734410395543	false	1.0
fucker	off 1.0		off 0.33374649581989824 __DUMMY__ 0.3334160420329689 neg 0.33283746214713295	false	1.0
ungezogen	neg 1.0		off 0.3422742392628734 __DUMMY__ 0.33194861672435544 neg 0.3257771440127712	false	0.5
irrsinnig	neg 1.0	neg 1.0	neg 0.6567509982470522 off 0.18093200552678199 __DUMMY__ 0.1623169962261658	false	1.0
unfassbar	neg 1.0		__DUMMY__ 0.33391715878231204 neg 0.3337229356160493 off 0.3323599056016385	false	1.0
hart	neg 1.0		__DUMMY__ 0.3349879018411048 neg 0.33459391570785424 off 0.3304181824510408	false	1.0
widerlich	off 1.0		neg 0.33390480694729524 __DUMMY__ 0.333138668329202 off 0.33295652472350273	false	0.5
fatal	neg 1.0		neg 0.3360216693970558 __DUMMY__ 0.3353120414985987 off 0.3286662891043456	false	1.0
bruch	neg 1.0		neg 0.3446076481170528 __DUMMY__ 0.33692657684606747 off 0.31846577503687984	false	1.0
aushungern	neg 1.0		neg 0.34117851139261524 __DUMMY__ 0.3347776410973096 off 0.32404384751007526	false	1.0
anspannung	neg 1.0	neg 1.0	neg 0.6573163655098838 off 0.17652824992393182 __DUMMY__ 0.1661553845661843	false	1.0
von			neg 0.3396960477155543 __DUMMY__ 0.3392174119375691 off 0.32108654034687667	false	0.0
kraftlos	neg 1.0		__DUMMY__ 0.3381407558267209 neg 0.3362731649274664 off 0.3255860792458126	false	1.0
vom			neg 0.34281152804804976 __DUMMY__ 0.3412658215015947 off 0.31592265045035545	false	0.0
grenzdebil	off 1.0		__DUMMY__ 0.3340808938839578 off 0.3338004226562773 neg 0.33211868345976475	false	1.0
vor			neg 0.34090451398108307 __DUMMY__ 0.3381784534324258 off 0.32091703258649124	false	0.0
unterwerfen	neg 1.0		neg 0.3409476366246098 __DUMMY__ 0.33672779657346524 off 0.32232456680192484	false	1.0
versenkung	neg 1.0		neg 0.34128237920640503 __DUMMY__ 0.3367602863812794 off 0.3219573344123155	false	1.0
entziehen	neg 1.0		neg 0.3433046689506028 __DUMMY__ 0.3373397612040967 off 0.31935556984530056	false	1.0
finanzkrise	neg 1.0		neg 0.34147811026296127 __DUMMY__ 0.3344983895706808 off 0.324023500166358	false	1.0
schimpfend	neg 1.0		__DUMMY__ 0.33722289823655816 neg 0.33384565442755687 off 0.3289314473358849	false	1.0
profan	neg 1.0		neg 0.3352108010821103 __DUMMY__ 0.33509856993673043 off 0.32969062898115925	false	1.0
korruption	neg 1.0	neg 1.0	neg 0.6595497710395508 off 0.17807559409233292 __DUMMY__ 0.1623746348681163	false	1.0
â			neg 0.3391351607259629 __DUMMY__ 0.33744374102583835 off 0.32342109824819887	false	0.0
schmutzig	neg 1.0		__DUMMY__ 0.33496662988080844 off 0.3337890105115172 neg 0.33124435960767445	false	0.5
sexy	neg 1.0		__DUMMY__ 0.3352697841459774 neg 0.3341510787810915 off 0.330579137072931	false	1.0
abraten	neg 1.0		__DUMMY__ 0.3356031447329827 neg 0.33558819759697794 off 0.32880865767003936	false	1.0
schwarz	neg 1.0		neg 0.3370118281766366 __DUMMY__ 0.3351833220101254 off 0.32780484981323793	false	1.0
fotze	off 1.0		neg 0.3409424392315781 __DUMMY__ 0.3367059746619277 off 0.3223515861064942	false	0.5
verwirren	neg 1.0		__DUMMY__ 0.3351362896679391 neg 0.3348762331671686 off 0.3299874771648922	false	1.0
zahnlos	off 1.0		neg 0.34092272070627694 __DUMMY__ 0.3355592392429234 off 0.3235180400507996	false	0.5
verheeren	neg 1.0		off 0.34417300107738363 __DUMMY__ 0.3329162672607897 neg 0.3229107316618266	false	0.5
hippie	neg 1.0		__DUMMY__ 0.3351292681574322 neg 0.3350452190809138 off 0.329825512761654	false	1.0
rammen	neg 1.0		neg 0.33741962313592033 __DUMMY__ 0.33538961147411767 off 0.32719076538996217	false	1.0
unlauter	neg 1.0		neg 0.3429206137924043 __DUMMY__ 0.33257731426895837 off 0.3245020719386372	false	1.0
unheilvoll	neg 1.0		__DUMMY__ 0.3370782858046489 neg 0.33239228845076624 off 0.3305294257445848	false	1.0
niedrig	neg 1.0		neg 0.3405435281411471 __DUMMY__ 0.3375595218236129 off 0.32189695003524005	false	1.0
explosion	neg 1.0		neg 0.3363540714263681 __DUMMY__ 0.33478499928228755 off 0.32886092929134436	false	1.0
weichei	off 1.0		off 0.3387480612451277 __DUMMY__ 0.33224048548494817 neg 0.32901145326992415	false	1.0
minusmensch	off 1.0		off 0.34086817981489387 neg 0.3299736171000673 __DUMMY__ 0.3291582030850387	false	1.0
farblos	neg 1.0		__DUMMY__ 0.3393117205496565 neg 0.33283884656540597 off 0.32784943288493756	false	1.0
unwissend	neg 1.0	neg 1.0	neg 0.6549605713439984 off 0.1834384510199356 __DUMMY__ 0.16160097763606587	false	1.0
traurig	neg 1.0		off 0.33615015814157434 __DUMMY__ 0.33391285755107764 neg 0.32993698430734797	false	0.5
senkung	neg 1.0		neg 0.338324892932582 __DUMMY__ 0.3334819983686489 off 0.32819310869876894	false	1.0
ungleich	neg 1.0	neg 1.0	neg 0.660173651586841 off 0.17729360207279038 __DUMMY__ 0.1625327463403686	false	1.0
heikel	neg 1.0		neg 0.34317866567808203 __DUMMY__ 0.33628297009882274 off 0.3205383642230951	false	1.0
drosselung	neg 1.0		__DUMMY__ 0.3347914968890142 off 0.33371681874593895 neg 0.33149168436504695	false	0.5
falsch	neg 1.0		__DUMMY__ 0.33500800093042904 neg 0.33362768784432706 off 0.3313643112252439	false	1.0
unzufriedenheit	neg 1.0		neg 0.34319732907795414 __DUMMY__ 0.33670686439022884 off 0.3200958065318172	false	1.0
kurz	neg 1.0		__DUMMY__ 0.33756704075988875 neg 0.33670835136753985 off 0.3257246078725714	false	1.0
unsinnig	neg 1.0		neg 0.3415284313209317 __DUMMY__ 0.3348541995053904 off 0.3236173691736779	false	1.0
penner	off 1.0	off 1.0	off 0.6584636968572863 neg 0.18100160976619162 __DUMMY__ 0.16053469337652207	false	1.0
seicht	neg 1.0		off 0.340780439197881 __DUMMY__ 0.33027571142161044 neg 0.3289438493805086	false	0.5
dummheit	off 1.0	off 1.0	off 0.6518274717772436 neg 0.1862694043249601 __DUMMY__ 0.1619031238977962	false	1.0
unerfreulich	neg 1.0		neg 0.3423236128502776 __DUMMY__ 0.3374423538168187 off 0.3202340333329037	false	1.0
motherfucker	off 1.0	off 1.0	off 0.6543787599500224 neg 0.18434807071476167 __DUMMY__ 0.16127316933521602	false	1.0
pikiert	neg 1.0		neg 0.3350640365527941 __DUMMY__ 0.33327229113254425 off 0.3316636723146615	false	1.0
wrack	neg 1.0		__DUMMY__ 0.3390447133045895 neg 0.33711673234587947 off 0.3238385543495309	false	1.0
gangster	neg 1.0		__DUMMY__ 0.3354949712628519 neg 0.33486744420151215 off 0.3296375845356361	false	1.0
krank	neg 1.0		__DUMMY__ 0.3349066043337629 off 0.33473542181189636 neg 0.3303579738543408	false	0.5
reich	neg 1.0		neg 0.33543389178186955 __DUMMY__ 0.33395601559260224 off 0.3306100926255283	false	1.0
gnadenlos	neg 1.0		neg 0.3365448067106167 __DUMMY__ 0.3358262000919645 off 0.32762899319741867	false	1.0
niedergeschlagen	neg 1.0		__DUMMY__ 0.33770103125845996 neg 0.3360454069817666 off 0.32625356175977344	false	1.0
terrorisieren	off 1.0	off 1.0	off 0.6486646020291488 neg 0.18778083407205828 __DUMMY__ 0.16355456389879294	false	1.0
sinnlosigkeit	neg 1.0		neg 0.3402081239290891 __DUMMY__ 0.3358661131756741 off 0.3239257628952368	false	1.0
behindern	neg 1.0		neg 0.33942543743346565 __DUMMY__ 0.33545822958735133 off 0.3251163329791831	false	1.0
undemokratisch	neg 1.0		neg 0.3403223520627089 __DUMMY__ 0.33383437169045027 off 0.32584327624684084	false	1.0
wirtschaftskrise	neg 1.0		neg 0.34250502982791414 __DUMMY__ 0.3355680380652327 off 0.32192693210685325	false	1.0
neid	neg 1.0		__DUMMY__ 0.33633647798401406 off 0.33314754181857803 neg 0.3305159801974079	false	0.5
rutschen	neg 1.0	neg 1.0	neg 0.6570694261924473 off 0.17736627948095685 __DUMMY__ 0.16556429432659592	false	1.0
rezession	neg 1.0		off 0.3356920759024572 neg 0.33225126863437704 __DUMMY__ 0.33205665546316576	false	0.5
fehlgeburt	neg 1.0		__DUMMY__ 0.3369745504465722 neg 0.33294789539081043 off 0.33007755416261736	false	1.0
charakterschwach	off 1.0		__DUMMY__ 0.33410032464736483 off 0.3332734469152986 neg 0.33262622843733664	false	1.0
isolation	neg 1.0		__DUMMY__ 0.33550710765860775 neg 0.3331245695322387 off 0.33136832280915357	false	1.0
ablenkung	neg 1.0		neg 0.3365141036123269 __DUMMY__ 0.3362570178425286 off 0.32722887854514454	false	1.0
pech	neg 1.0		__DUMMY__ 0.3352576598223873 neg 0.33362149037144606 off 0.3311208498061665	false	1.0
vermeidung	neg 1.0		neg 0.33421502298899586 __DUMMY__ 0.33309000679821665 off 0.3326949702127875	false	1.0
dominieren	neg 1.0		__DUMMY__ 0.33817087741827634 neg 0.33797046278392656 off 0.3238586597977971	false	1.0
schwindlig	neg 1.0		__DUMMY__ 0.3375948805383064 off 0.3312094443346291 neg 0.33119567512706455	false	0.5
lutscher	neg 1.0		off 0.34164942083312744 __DUMMY__ 0.33029096262020685 neg 0.3280596165466657	false	0.5
pflicht	neg 1.0		neg 0.3432039677394498 __DUMMY__ 0.33639849536199595 off 0.32039753689855427	false	1.0
faschist	off 1.0		neg 0.3384114326755597 __DUMMY__ 0.33332325654381734 off 0.32826531078062293	false	0.5
verschleudern	neg 1.0		neg 0.3467223929925944 __DUMMY__ 0.333782456963751 off 0.3194951500436546	false	1.0
wenn			__DUMMY__ 0.33486941067962794 neg 0.33360114399189705 off 0.3315294453284749	false	0.0
ehebruch	neg 1.0		neg 0.3408750043189018 __DUMMY__ 0.3363567999035085 off 0.3227681957775897	false	1.0
spott	off 1.0		neg 0.3429243634930621 __DUMMY__ 0.33562362295246 off 0.32145201355447794	false	0.5
trostlosigkeit	neg 1.0		neg 0.34164664871222733 __DUMMY__ 0.3380521356223822 off 0.3203012156653904	false	1.0
lutschen	neg 1.0		neg 0.33692828397795416 __DUMMY__ 0.334423020784917 off 0.3286486952371289	false	1.0
undiszipliniert	neg 1.0		off 0.3354895420700264 __DUMMY__ 0.3344435080902674 neg 0.3300669498397064	false	0.5
kopfschmerz	neg 1.0		__DUMMY__ 0.33755133865289216 neg 0.3364661042001686 off 0.3259825571469393	false	1.0
unvorhergesehen	neg 1.0		__DUMMY__ 0.3390922000591785 neg 0.3367073925491802 off 0.32420040739164135	false	1.0
desinteressiert	neg 1.0		off 0.334459857220509 __DUMMY__ 0.3334086755299778 neg 0.3321314672495129	false	0.5
armselig	off 1.0		off 0.3346094195346405 neg 0.3333389760648182 __DUMMY__ 0.3320516044005414	false	1.0
desaster	neg 1.0		neg 0.3451168614761476 __DUMMY__ 0.33702598745833023 off 0.3178571510655221	false	1.0
tod	neg 1.0		__DUMMY__ 0.33896698508773276 neg 0.336207042704371 off 0.32482597220789616	false	1.0
herzlos	neg 1.0		off 0.335994483022473 __DUMMY__ 0.332952535823023 neg 0.33105298115450404	false	0.5
unwissenheit	neg 1.0		neg 0.34274571230059686 __DUMMY__ 0.3346390005213007 off 0.3226152871781023	false	1.0
widersinnig	neg 1.0	neg 1.0	neg 0.6602156888335702 off 0.1781859128105017 __DUMMY__ 0.16159839835592815	false	1.0
bedenklich	neg 1.0		neg 0.342147923197543 __DUMMY__ 0.3358287086040919 off 0.32202336819836525	false	1.0
beanstanden	neg 1.0		neg 0.34311459343286277 __DUMMY__ 0.33688922154469586 off 0.31999618502244137	false	1.0
panisch	neg 1.0	neg 1.0	neg 0.6526622644153871 off 0.18336404756757468 __DUMMY__ 0.16397368801703832	false	1.0
debil	off 1.0		neg 0.34551318006982285 __DUMMY__ 0.33905660252479614 off 0.315430217405381	false	0.5
abstrich	neg 1.0		neg 0.34082518842426 __DUMMY__ 0.3362273401277026 off 0.32294747144803737	false	1.0
primitiv	neg 1.0		off 0.3335695739453017 __DUMMY__ 0.33322197707777423 neg 0.3332084489769241	false	0.5
abschaum	off 1.0	off 1.0	off 0.6532539061733497 neg 0.18499203414897383 __DUMMY__ 0.16175405967767648	false	1.0
provozieren	neg 1.0		neg 0.3379197040748593 __DUMMY__ 0.3351778639198328 off 0.32690243200530794	false	1.0
tot	neg 1.0		neg 0.341476002222748 __DUMMY__ 0.33646351217531445 off 0.32206048560193756	false	1.0
instabil	neg 1.0		neg 0.3357196608016874 off 0.3323087734285804 __DUMMY__ 0.331971565769732	false	1.0
schwuchtel	off 1.0		off 0.3463450368019699 __DUMMY__ 0.3288862160799533 neg 0.32476874711807685	false	1.0
zerren	neg 1.0		__DUMMY__ 0.33763151307170136 neg 0.3360676964550191 off 0.3263007904732794	false	1.0
kinderficker	off 1.0		off 0.3367848885154216 neg 0.3323532707373744 __DUMMY__ 0.33086184074720393	false	1.0
gefahr	neg 1.0		neg 0.3420331509192743 __DUMMY__ 0.33727812651738853 off 0.3206887225633373	false	1.0
rabiat	neg 1.0		neg 0.3386289630597039 __DUMMY__ 0.33525841127686923 off 0.3261126256634268	false	1.0
verlangsamung	neg 1.0		off 0.34002294093952085 __DUMMY__ 0.33206565079923084 neg 0.3279114082612483	false	0.5
ausgestorben	neg 1.0		__DUMMY__ 0.3370779945440058 neg 0.3361804320932934 off 0.3267415733627009	false	1.0
anklagen	neg 1.0		neg 0.34024832978409564 __DUMMY__ 0.3356822773768111 off 0.3240693928390932	false	1.0
trott	neg 1.0		neg 0.3371471126856266 __DUMMY__ 0.3365868417498403 off 0.32626604556453304	false	1.0
verminderung	neg 1.0		off 0.33393409724854245 __DUMMY__ 0.33332879461333687 neg 0.33273710813812074	false	0.5
nach			__DUMMY__ 0.3418382141155886 neg 0.3385809731044229 off 0.31958081277998834	false	0.0
rost	neg 1.0		off 0.33923235748135144 __DUMMY__ 0.3330584588804457 neg 0.3277091836382026	false	0.5
destruktiv	neg 1.0		neg 0.34088529243470833 __DUMMY__ 0.33433690441871944 off 0.3247778031465722	false	1.0
unzumutbarkeit	neg 1.0		__DUMMY__ 0.33535689358326404 neg 0.3323569124121683 off 0.3322861940045676	false	1.0
labil	off 1.0	off 1.0	off 0.6531987016973533 neg 0.18500691989341214 __DUMMY__ 0.16179437840923452	false	1.0
ziemlich	neg 1.0		__DUMMY__ 0.3348233517220933 off 0.3336174654841595 neg 0.3315591827937472	false	0.5
lachnummer	off 1.0		neg 0.3393915849984397 __DUMMY__ 0.33504043144112156 off 0.32556798356043876	false	0.5
oder			__DUMMY__ 0.3368366724271259 neg 0.3354974878093706 off 0.32766583976350355	false	0.0
verfall	neg 1.0		neg 0.3461579692863404 __DUMMY__ 0.33808194834731936 off 0.3157600823663402	false	1.0
ausgrenzung	neg 1.0		neg 0.33880793570891204 __DUMMY__ 0.3341320517696786 off 0.3270600125214095	false	1.0
unordnung	neg 1.0		__DUMMY__ 0.3356509389960988 off 0.33358263747824607 neg 0.33076642352565505	false	0.5
fehlverhalten	neg 1.0		neg 0.3427289654507947 __DUMMY__ 0.33642573031303946 off 0.320845304236166	false	1.0
eine			neg 0.34196942417202253 __DUMMY__ 0.3373246865048629 off 0.32070588932311456	false	0.0
nille	neg 1.0		neg 0.33843773932516025 __DUMMY__ 0.33628414792602007 off 0.3252781127488196	false	1.0
qual	neg 1.0		neg 0.33755697357523345 __DUMMY__ 0.336495638547088 off 0.32594738787767846	false	1.0
verschwenden	neg 1.0		neg 0.3412536302168666 __DUMMY__ 0.3359857760107308 off 0.32276059377240257	false	1.0
riesig	neg 1.0	neg 1.0	neg 0.6561554732862648 off 0.17938446211114092 __DUMMY__ 0.16446006460259427	false	1.0
verurteilen	neg 1.0		neg 0.3405982419089295 __DUMMY__ 0.33581611470003486 off 0.32358564339103546	false	1.0
klischee	neg 1.0	neg 1.0	neg 0.6560965370091982 off 0.18227397980514704 __DUMMY__ 0.16162948318565473	false	1.0
diktatorisch	neg 1.0		neg 0.3406217822205445 __DUMMY__ 0.33326299283674504 off 0.3261152249427104	false	1.0
vorhersehbar	neg 1.0	neg 1.0	neg 0.656066543473201 off 0.18200504146427696 __DUMMY__ 0.161928415062522	false	1.0
sowie			off 0.33797694555088953 __DUMMY__ 0.3323636889321035 neg 0.32965936551700703	false	0.0
stornieren	neg 1.0		__DUMMY__ 0.3389219981817477 neg 0.33119819069125334 off 0.32987981112699916	false	1.0
besteuerung	neg 1.0		neg 0.34103088315866026 __DUMMY__ 0.33352574586703876 off 0.3254433709743011	false	1.0
ungeschminkt	neg 1.0		neg 0.3340223998555303 __DUMMY__ 0.3332792263213227 off 0.33269837382314715	false	1.0
kritisch	neg 1.0		neg 0.3423233406480348 __DUMMY__ 0.3358881690530333 off 0.3217884902989317	false	1.0
schlamperei	off 1.0		neg 0.343800238295013 __DUMMY__ 0.335829410381603 off 0.3203703513233839	false	0.5
sucht	neg 1.0	neg 1.0	neg 0.6551337808874468 off 0.18112439920001822 __DUMMY__ 0.16374181991253497	false	1.0
egoistisch	off 1.0		off 0.3389530321729509 __DUMMY__ 0.33269144994505534 neg 0.3283555178819938	false	1.0
ausbeuter	off 1.0		neg 0.34426090350447375 __DUMMY__ 0.3356631608102708 off 0.32007593568525544	false	0.5
arschgeburt	off 1.0		off 0.3461132747132533 __DUMMY__ 0.32840376653310516 neg 0.32548295875364164	false	1.0
schubs	neg 1.0	neg 1.0	neg 0.6560703507628591 off 0.17986596233196023 __DUMMY__ 0.16406368690518058	false	1.0
unsolide	neg 1.0		neg 0.3433686935865838 __DUMMY__ 0.33135215537827406 off 0.32527915103514216	false	1.0
beschwerde	neg 1.0		neg 0.3436454933821651 __DUMMY__ 0.3357738801103533 off 0.32058062650748154	false	1.0
stocken	neg 1.0		neg 0.3414725200393428 __DUMMY__ 0.33655760524063416 off 0.3219698747200231	false	1.0
isolieren	neg 1.0		neg 0.3417663314560292 __DUMMY__ 0.3355775247165803 off 0.32265614382739055	false	1.0
unheilbar	neg 1.0		__DUMMY__ 0.3372717238152455 neg 0.33440672505863395 off 0.32832155112612066	false	1.0
pisser	off 1.0		off 0.3345208729057111 __DUMMY__ 0.3339598723046296 neg 0.33151925478965943	false	1.0
löschen	neg 1.0		neg 0.3374861823677346 __DUMMY__ 0.33606642257163427 off 0.32644739506063114	false	1.0
durchfallen	neg 1.0		neg 0.34218805835704724 __DUMMY__ 0.33499503358007315 off 0.32281690806287966	false	1.0
wichser	off 1.0		off 0.34396993761317995 __DUMMY__ 0.331211827360295 neg 0.32481823502652507	false	1.0
terror	neg 1.0		__DUMMY__ 0.3363595764655204 neg 0.3332065352213816 off 0.33043388831309783	false	1.0
krass	neg 1.0		off 0.3365200865834707 __DUMMY__ 0.3328060201430735 neg 0.3306738932734559	false	0.5
revolte	neg 1.0		neg 0.3383489160006106 __DUMMY__ 0.33395783051025674 off 0.32769325348913275	false	1.0
besorgt	neg 1.0		__DUMMY__ 0.3382533981040735 neg 0.33605866356776243 off 0.3256879383281639	false	1.0
nachlassen	neg 1.0		neg 0.340903714197952 __DUMMY__ 0.3371065213793327 off 0.3219897644227152	false	1.0
alt	neg 1.0		neg 0.34008048872733143 __DUMMY__ 0.33679175242400405 off 0.3231277588486646	false	1.0
hundesohn	off 1.0		off 0.3411597368845095 __DUMMY__ 0.33039215209256717 neg 0.32844811102292343	false	1.0
als			__DUMMY__ 0.3375023211371113 neg 0.33711494472170356 off 0.3253827341411851	false	0.0
abschreckung	neg 1.0		neg 0.34292012114633275 __DUMMY__ 0.337363656468203 off 0.3197162223854643	false	1.0
unqualifiziert	neg 1.0		neg 0.3390613937913539 __DUMMY__ 0.3326179913981997 off 0.32832061481044633	false	1.0
abgewichst	off 1.0		neg 0.3384007895607469 __DUMMY__ 0.33674368487149803 off 0.32485552556775504	false	0.5
schwer	neg 1.0		neg 0.33704394389744446 __DUMMY__ 0.3362593553329968 off 0.32669670076955865	false	1.0
bedeutungslosigkeit	neg 1.0		neg 0.342988970293418 __DUMMY__ 0.33667060005882216 off 0.3203404296477598	false	1.0
kapitulation	neg 1.0		neg 0.3439814195251714 __DUMMY__ 0.3350907860445748 off 0.3209277944302538	false	1.0
unscharf	neg 1.0		neg 0.3358668274870776 __DUMMY__ 0.33504919109574627 off 0.3290839814171762	false	1.0
schwinden	neg 1.0		neg 0.3430551183439812 __DUMMY__ 0.3367212635840464 off 0.32022361807197225	false	1.0
versklavung	neg 1.0		neg 0.3407321087457627 __DUMMY__ 0.3334656560498092 off 0.3258022352044279	false	1.0
schlecht	neg 1.0		__DUMMY__ 0.33500133192078596 off 0.33387489944982973 neg 0.3311237686293843	false	0.5
verhasst	neg 1.0		neg 0.33730053812390115 __DUMMY__ 0.33524113881788004 off 0.32745832305821876	false	1.0
beschweren	neg 1.0		neg 0.3359309205479275 __DUMMY__ 0.3354153383730805 off 0.3286537410789921	false	1.0
scheiden	neg 1.0		__DUMMY__ 0.3387497872088646 neg 0.332054504042974 off 0.32919570874816123	false	1.0
frustriert	neg 1.0		neg 0.3381309047982433 __DUMMY__ 0.3364218196655011 off 0.3254472755362556	false	1.0
schimmelig	neg 1.0		neg 0.3400274406324254 __DUMMY__ 0.3372936737240714 off 0.32267888564350306	false	1.0
fisch	neg 1.0		__DUMMY__ 0.3398825787589957 neg 0.337045922318053 off 0.32307149892295134	false	1.0
schmuggel	neg 1.0		__DUMMY__ 0.33946189267526006 neg 0.3380238981862613 off 0.32251420913847867	false	1.0
auffallen	neg 1.0		__DUMMY__ 0.3353915308027753 neg 0.33507932135690116 off 0.3295291478403235	false	1.0
konkurrenz	neg 1.0	neg 1.0	neg 0.6598379394141116 off 0.17649921943287436 __DUMMY__ 0.16366284115301397	false	1.0
teufelskreis	neg 1.0		neg 0.3384507442450237 __DUMMY__ 0.33587009371507837 off 0.325679162039898	false	1.0
aufschreien	neg 1.0		neg 0.33638110156038614 __DUMMY__ 0.3347355157915156 off 0.32888338264809824	false	1.0
schuldner	neg 1.0		neg 0.34197957083983804 __DUMMY__ 0.33713715206257805 off 0.32088327709758385	false	1.0
missgeburt	off 1.0	off 1.0	off 0.6569397287207831 neg 0.18215147141583798 __DUMMY__ 0.1609087998633789	false	1.0
arbeitslos	neg 1.0		neg 0.3416984454557718 __DUMMY__ 0.33509400571404796 off 0.3232075488301801	false	1.0
befallen	neg 1.0		neg 0.33929770198207576 __DUMMY__ 0.3361255570643466 off 0.3245767409535777	false	1.0
miesepetrig	off 1.0	off 1.0	off 0.654470211521658 neg 0.18325358567318423 __DUMMY__ 0.16227620280515775	false	1.0
alarmieren	neg 1.0		neg 0.3358800063961761 __DUMMY__ 0.3335897584414446 off 0.3305302351623794	false	1.0
ungeduscht	off 1.0		__DUMMY__ 0.33544923816070393 neg 0.3334657034530342 off 0.3310850583862618	false	0.5
knappheit	neg 1.0		neg 0.3440077066717291 __DUMMY__ 0.33501987592985616 off 0.32097241739841464	false	1.0
schlange	neg 1.0		__DUMMY__ 0.3372092666637487 neg 0.3328550497210262 off 0.32993568361522513	false	1.0
harsch	neg 1.0		off 0.33820209902991916 __DUMMY__ 0.3341430290876492 neg 0.3276548718824316	false	0.5
lang	neg 1.0		neg 0.3365540877287482 __DUMMY__ 0.33626150407840955 off 0.3271844081928423	false	1.0
ziellos	neg 1.0		neg 0.3378506893709751 __DUMMY__ 0.3375647398126421 off 0.32458457081638287	false	1.0
selbstverliebt	neg 1.0		off 0.3435636419797835 __DUMMY__ 0.3292543528094347 neg 0.32718200521078195	false	0.5
beseitigen	neg 1.0	neg 1.0	neg 0.655398081391033 off 0.18062739461776273 __DUMMY__ 0.16397452399120432	false	1.0
dumm	off 1.0		off 0.3395020286282134 __DUMMY__ 0.33176270646784933 neg 0.32873526490393734	false	1.0
arbeitsloser	neg 1.0		neg 0.3402110365677061 __DUMMY__ 0.33657395966925674 off 0.32321500376303725	false	1.0
blitzen	neg 1.0		__DUMMY__ 0.3352213775237226 neg 0.3346613777564405 off 0.3301172447198368	false	1.0
hilflos	neg 1.0		neg 0.3383681365774999 __DUMMY__ 0.3366175351427224 off 0.3250143282797776	false	1.0
eklig	off 1.0		off 0.3403014542310723 __DUMMY__ 0.33170726749595925 neg 0.32799127827296837	false	1.0
begriff			neg 0.34016195248843756 __DUMMY__ 0.33532806428001577 off 0.32450998323154684	false	0.0
hungersnot	neg 1.0		neg 0.33787258018417987 __DUMMY__ 0.3370552731572977 off 0.3250721466585224	false	1.0
ungesetzlich	neg 1.0		neg 0.34316533714928904 __DUMMY__ 0.3313714228706009 off 0.3254632399801101	false	1.0
verschwendung	neg 1.0		neg 0.3414348884531144 __DUMMY__ 0.3367871253250103 off 0.3217779862218752	false	1.0
schmerzvoll	neg 1.0		__DUMMY__ 0.3357627494849803 neg 0.3353541039967331 off 0.32888314651828665	false	1.0
vorzeitig	neg 1.0		__DUMMY__ 0.3362713921733058 neg 0.33282480933085745 off 0.33090379849583673	false	1.0
unvollkommenheit	neg 1.0		__DUMMY__ 0.33963868181035967 neg 0.3339925771935493 off 0.3263687409960911	false	1.0
intervenieren	neg 1.0		neg 0.3440870778715463 __DUMMY__ 0.3355466837028318 off 0.320366238425622	false	1.0
banause	off 1.0		off 0.341652698340596 __DUMMY__ 0.3300724180633691 neg 0.328274883596035	false	1.0
rebell	neg 1.0		neg 0.3430686719840175 __DUMMY__ 0.3382833506499508 off 0.3186479773660317	false	1.0
unlogisch	neg 1.0		off 0.33583192076418733 __DUMMY__ 0.33324738130094067 neg 0.3309206979348721	false	0.5
leiden	neg 1.0		__DUMMY__ 0.3403403107640374 neg 0.3357270023190299 off 0.3239326869169326	false	1.0
abschaffung	neg 1.0		neg 0.3405655907695926 __DUMMY__ 0.33391972261976294 off 0.3255146866106444	false	1.0
sturz	neg 1.0		neg 0.3365723409849237 __DUMMY__ 0.33654811521987243 off 0.32687954379520395	false	1.0
verkleinerung	neg 1.0		neg 0.3396153543920539 __DUMMY__ 0.33259373148940347 off 0.32779091411854266	false	1.0
schmarotzer	off 1.0		neg 0.3421170449448863 __DUMMY__ 0.33494112497042977 off 0.32294183008468386	false	0.5
bestrafung	neg 1.0		neg 0.33673958560164424 __DUMMY__ 0.3353382352648939 off 0.3279221791334618	false	1.0
achtlos	neg 1.0		__DUMMY__ 0.3368710571251993 neg 0.33603839192070023 off 0.32709055095410045	false	1.0
ungeheuer	neg 1.0		__DUMMY__ 0.3356909165234831 neg 0.3338462090077722 off 0.33046287446874456	false	1.0
unaufrichtig	neg 1.0		neg 0.33873357133141 __DUMMY__ 0.3336426993411928 off 0.32762372932739725	false	1.0
groggy	neg 1.0		neg 0.3354956710427554 __DUMMY__ 0.3350897604574718 off 0.3294145684997728	false	1.0
verletzlich	neg 1.0		off 0.3347281950191262 __DUMMY__ 0.3340980669047549 neg 0.331173738076119	false	0.5
ablehnen	neg 1.0		neg 0.34177756039623863 __DUMMY__ 0.3357703189767376 off 0.32245212062702383	false	1.0
