unsolidarisch	neg 1.0		neg 0.3436646316281148 __DUMMY__ 0.332677766322924 off 0.3236576020489614	false	1.0
nachteilig	neg 1.0		neg 0.3427046139418984 __DUMMY__ 0.3361293460762585 off 0.32116603998184307	false	1.0
skeptisch	neg 1.0		neg 0.342616927868626 __DUMMY__ 0.33671845468125255 off 0.3206646174501214	false	1.0
schrecklich	neg 1.0		off 0.3371236118119152 __DUMMY__ 0.33345987585640857 neg 0.3294165123316761	false	0.5
schlapp	neg 1.0		__DUMMY__ 0.33514205843673645 off 0.3325460402269158 neg 0.33231190133634786	false	0.5
abfall	neg 1.0		neg 0.3443794386061341 __DUMMY__ 0.3376589013242231 off 0.3179616600696427	false	1.0
widerspenstig	neg 1.0		neg 0.33672682297633344 __DUMMY__ 0.33634420307178264 off 0.32692897395188397	false	1.0
abrupt	neg 1.0		neg 0.33901735182582926 __DUMMY__ 0.338369387570248 off 0.32261326060392276	false	1.0
unwirksam	neg 1.0		neg 0.34213789148651985 __DUMMY__ 0.33350213072858226 off 0.3243599777848977	false	1.0
angreifen	neg 1.0	neg 1.0	neg 0.6593531245280447 off 0.1774009213487237 __DUMMY__ 0.16324595412323165	false	1.0
inkonsistent	neg 1.0		__DUMMY__ 0.3362410485817472 neg 0.33586954101368693 off 0.3278894104045659	false	1.0
abrutschen	neg 1.0		neg 0.3439717410637172 __DUMMY__ 0.3376375344426331 off 0.31839072449364975	false	1.0
unsicher	neg 1.0		neg 0.3365763733153036 __DUMMY__ 0.33642760425455664 off 0.32699602243013975	false	1.0
bauernkind	off 1.0	off 1.0	off 0.6552024508715948 neg 0.18458165456812584 __DUMMY__ 0.16021589456027935	false	1.0
angreifer	neg 1.0		__DUMMY__ 0.33630945638344967 neg 0.3352931554580795 off 0.3283973881584708	false	1.0
trennen	neg 1.0		__DUMMY__ 0.3391517633191814 neg 0.3372212030745545 off 0.323627033606264	false	1.0
schmutz	neg 1.0		__DUMMY__ 0.33846524205925554 neg 0.3309748105674331 off 0.3305599473733114	false	1.0
inkonsistenz	neg 1.0		neg 0.3379768194182065 __DUMMY__ 0.3326744650751178 off 0.32934871550667566	false	1.0
erschreckend	neg 1.0		neg 0.33970272768288146 __DUMMY__ 0.33551048258695637 off 0.3247867897301623	false	1.0
ertrinken	neg 1.0		__DUMMY__ 0.3381404873993493 neg 0.3380953132467166 off 0.3237641993539341	false	1.0
pickelface	off 1.0		neg 0.3396173681077463 __DUMMY__ 0.33623245774006927 off 0.3241501741521844	false	0.5
seiner			neg 0.34019129930221603 __DUMMY__ 0.3377562616280408 off 0.32205243906974307	false	0.0
lauch	neg 1.0		neg 0.3451231623911448 __DUMMY__ 0.336939238765451 off 0.3179375988434041	false	1.0
unwichtig	neg 1.0		neg 0.3344447150361532 __DUMMY__ 0.33415242099808506 off 0.33140286396576185	false	1.0
steuerhinterziehung	neg 1.0		neg 0.34220900571021107 __DUMMY__ 0.33466502239403656 off 0.32312597189575226	false	1.0
schock	neg 1.0		__DUMMY__ 0.3379568786962301 neg 0.3350553540725617 off 0.32698776723120826	false	1.0
beule	neg 1.0		__DUMMY__ 0.33524047906255083 off 0.3330190099247028 neg 0.3317405110127463	false	0.5
vergelten	neg 1.0		off 0.33678012636479815 __DUMMY__ 0.3355162585179727 neg 0.3277036151172291	false	0.5
verdorbenheit	neg 1.0		neg 0.33701580954714905 __DUMMY__ 0.33662461894075985 off 0.3263595715120911	false	1.0
trauma	neg 1.0		neg 0.33648271130639645 __DUMMY__ 0.33581807854989404 off 0.32769921014370956	false	1.0
sinnlos	neg 1.0		__DUMMY__ 0.3361072805436402 neg 0.33415652402806845 off 0.32973619542829125	false	1.0
fettsack	off 1.0	off 1.0	off 0.6570078141640203 neg 0.18204320114684944 __DUMMY__ 0.16094898468913024	false	1.0
feige	off 1.0	off 1.0	off 0.6534111681534749 neg 0.18512054837667521 __DUMMY__ 0.16146828346984998	false	1.0
abdanken	neg 1.0		neg 0.34066349494383336 __DUMMY__ 0.33489049009864674 off 0.32444601495751985	false	1.0
wichtigtuer	off 1.0	off 1.0	off 0.6516956163731739 neg 0.18623843151663777 __DUMMY__ 0.16206595211018837	false	1.0
misslingen	neg 1.0		__DUMMY__ 0.33893003190378285 neg 0.3310380466072793 off 0.3300319214889378	false	1.0
untreu	off 1.0		__DUMMY__ 0.3337134047734671 neg 0.33362536798177433 off 0.33266122724475866	false	0.5
missmutig	neg 1.0		__DUMMY__ 0.33459607449702 neg 0.3335923457925928 off 0.33181157971038727	false	1.0
hurenbock	off 1.0		__DUMMY__ 0.33657686564362427 neg 0.3346947069875758 off 0.3287284273687999	false	0.5
betrunken	neg 1.0		off 0.3357872144004759 __DUMMY__ 0.3352305127870448 neg 0.3289822728124793	false	0.5
korrupt	off 1.0		neg 0.3443548644152041 __DUMMY__ 0.3339156094973032 off 0.3217295260874926	false	0.5
unmut	neg 1.0		neg 0.34487102965837513 __DUMMY__ 0.33727709251754895 off 0.31785187782407603	false	1.0
hackfresse	off 1.0		off 0.3401090945131356 __DUMMY__ 0.3315769898689639 neg 0.3283139156179005	false	1.0
aufblasen	neg 1.0		__DUMMY__ 0.3367548497893522 neg 0.3342436614549724 off 0.32900148875567536	false	1.0
gewaltsam	neg 1.0		neg 0.3376590643426773 __DUMMY__ 0.336545035821434 off 0.32579589983588886	false	1.0
unbeliebtheit	neg 1.0		neg 0.3410393003049401 __DUMMY__ 0.33083079950103705 off 0.32812990019402277	false	1.0
sturheit	neg 1.0		neg 0.34000393568334086 __DUMMY__ 0.3353584921259141 off 0.32463757219074524	false	1.0
kuh	neg 1.0		neg 0.33966531369372965 __DUMMY__ 0.3343100557769211 off 0.3260246305293493	false	1.0
erschrecken	neg 1.0		__DUMMY__ 0.33541158345313626 neg 0.3330278424054369 off 0.3315605741414269	false	1.0
opfer	neg 1.0		neg 0.33903616949627485 __DUMMY__ 0.33756516729713026 off 0.32339866320659494	false	1.0
sinken	neg 1.0		neg 0.3435549102074766 __DUMMY__ 0.33760878711756837 off 0.31883630267495516	false	1.0
stinktier	neg 1.0		off 0.3367536556714415 __DUMMY__ 0.33212981985145884 neg 0.3311165244770997	false	0.5
tucke	off 1.0		off 0.3391191151153059 neg 0.33139399755148746 __DUMMY__ 0.3294868873332067	false	1.0
ein			__DUMMY__ 0.3364758178074133 neg 0.33561317440732347 off 0.32791100778526333	false	0.0
abstieg	neg 1.0		neg 0.33863872299300934 __DUMMY__ 0.33844737716658985 off 0.322913899840401	false	1.0
missverstehen	neg 1.0		neg 0.3366190358629041 __DUMMY__ 0.33454465042779863 off 0.3288363137092974	false	1.0
ergebnislos	neg 1.0		neg 0.34211742677657886 __DUMMY__ 0.3365943222905772 off 0.3212882509328441	false	1.0
unter			neg 0.3435720143023741 __DUMMY__ 0.3411036851100892 off 0.3153243005875367	false	0.0
manipulieren	neg 1.0		neg 0.34255203926648503 __DUMMY__ 0.3367048358389257 off 0.3207431248945891	false	1.0
unbewiesen	neg 1.0		neg 0.34429936030081204 __DUMMY__ 0.33213114223044055 off 0.32356949746874736	false	1.0
verschleppen	neg 1.0		neg 0.3400162762522714 __DUMMY__ 0.33659363036322787 off 0.3233900933845007	false	1.0
weib	off 1.0		off 0.33994474683691833 __DUMMY__ 0.3314517944752414 neg 0.32860345868784024	false	1.0
opposition	neg 1.0		neg 0.33837801926011535 __DUMMY__ 0.3342440867601045 off 0.3273778939797803	false	1.0
verkehrswidrig	neg 1.0	neg 1.0	neg 0.6485026428296153 off 0.18746990961776577 __DUMMY__ 0.16402744755261903	false	1.0
inkorrekt	neg 1.0		neg 0.3350858343544654 off 0.33288682174566414 __DUMMY__ 0.3320273438998704	false	1.0
vermeiden	neg 1.0		neg 0.3442795088095996 __DUMMY__ 0.3390691090868102 off 0.31665138210359023	false	1.0
abweichung	neg 1.0		neg 0.3422625888651719 __DUMMY__ 0.3361652477437514 off 0.32157216339107686	false	1.0
alkoholisiert	neg 1.0		__DUMMY__ 0.34032365973189466 neg 0.3359654207422735 off 0.3237109195258319	false	1.0
scheiss	off 1.0	off 1.0	off 0.6541781977330057 neg 0.1836105332956112 __DUMMY__ 0.16221126897138316	false	1.0
herausforderung	neg 1.0	neg 1.0	neg 0.6549281219314468 off 0.17930008279456147 __DUMMY__ 0.1657717952739918	false	1.0
pervers	off 1.0		off 0.3434595409970445 __DUMMY__ 0.330728828958465 neg 0.3258116300444904	false	1.0
wackelig	neg 1.0		__DUMMY__ 0.33874698986020463 neg 0.3356874168386393 off 0.3255655933011561	false	1.0
verwickeln	neg 1.0		neg 0.33687825447704633 __DUMMY__ 0.3344825891374142 off 0.3286391563855396	false	1.0
vorwand	neg 1.0		neg 0.3424664874960116 __DUMMY__ 0.33729704711623315 off 0.3202364653877552	false	1.0
muschi	off 1.0		neg 0.33912847801035817 __DUMMY__ 0.3362081359593876 off 0.3246633860302542	false	0.5
entmutigung	neg 1.0		neg 0.33964740796474124 __DUMMY__ 0.33377253330476864 off 0.3265800587304903	false	1.0
unangemessen	neg 1.0		neg 0.3410424066036861 __DUMMY__ 0.33537052044854165 off 0.32358707294777234	false	1.0
unstetig	neg 1.0		__DUMMY__ 0.3367931978864022 neg 0.3347685825436134 off 0.32843821956998437	false	1.0
entmutigen	neg 1.0		neg 0.3363660178903288 __DUMMY__ 0.33560943018958267 off 0.32802455192008856	false	1.0
schwanz	neg 1.0		neg 0.34103776436894423 __DUMMY__ 0.3373485485651998 off 0.3216136870658559	false	1.0
verbot	neg 1.0		neg 0.34266786007256383 __DUMMY__ 0.33508058943910707 off 0.3222515504883292	false	1.0
leid	neg 1.0		off 0.33866102838785206 __DUMMY__ 0.3334981066171996 neg 0.32784086499494836	false	0.5
archaisch	neg 1.0		neg 0.33908791141757544 __DUMMY__ 0.3365421278345471 off 0.32436996074787744	false	1.0
gegen			neg 0.34161935680785294 __DUMMY__ 0.3382892988545229 off 0.3200913443376242	false	0.0
scheidung	neg 1.0		off 0.3477500214657303 __DUMMY__ 0.33075656490923977 neg 0.32149341362503003	false	0.5
einschlag	neg 1.0	neg 1.0	neg 0.6520093014628285 off 0.18576136141376481 __DUMMY__ 0.16222933712340665	false	1.0
m			neg 0.3379064113569967 __DUMMY__ 0.3373818753371936 off 0.3247117133058097	false	0.0
abgestanden	neg 1.0		__DUMMY__ 0.3366242797822765 neg 0.33538274276044827 off 0.3279929774572751	false	1.0
schmierig	off 1.0		off 0.3380483867380556 __DUMMY__ 0.3335773207717809 neg 0.3283742924901636	false	1.0
unpraktisch	neg 1.0		__DUMMY__ 0.33700786023369317 neg 0.3342846162028682 off 0.3287075235634387	false	1.0
wixxer	off 1.0		off 0.3428048418519421 __DUMMY__ 0.33027164659348707 neg 0.3269235115545709	false	1.0
bezeichnet			neg 0.3389012533429088 __DUMMY__ 0.3355040043822252 off 0.325594742274866	false	0.0
jammerlappen	off 1.0		__DUMMY__ 0.33439035421721597 neg 0.33381687716680203 off 0.33179276861598217	false	0.5
farce	neg 1.0		neg 0.34308282476485613 __DUMMY__ 0.33428097616470537 off 0.32263619907043845	false	1.0
zwecklos	neg 1.0		neg 0.3406466407487356 __DUMMY__ 0.33562942863630374 off 0.3237239306149606	false	1.0
turbulent	neg 1.0		__DUMMY__ 0.33396178710873886 neg 0.3339341863281332 off 0.33210402656312793	false	1.0
invasion	neg 1.0		__DUMMY__ 0.3358238718843851 neg 0.3345862788198373 off 0.3295898492957776	false	1.0
schuld	neg 1.0		neg 0.3371760225928976 __DUMMY__ 0.3354794736256119 off 0.3273445037814905	false	1.0
risiko	neg 1.0		__DUMMY__ 0.3369975145240261 neg 0.33531608578839417 off 0.32768639968757984	false	1.0
finster	neg 1.0		__DUMMY__ 0.336360273829947 neg 0.33548444706453895 off 0.3281552791055141	false	1.0
geisteskrank	off 1.0		neg 0.3338679419650739 __DUMMY__ 0.3331174843679986 off 0.33301457366692755	false	0.5
zusammenbrechen	neg 1.0		neg 0.3375395473408297 __DUMMY__ 0.33698414711257196 off 0.32547630554659834	false	1.0
ausbeute	neg 1.0		__DUMMY__ 0.3388366944455096 neg 0.33836355949565716 off 0.3227997460588332	false	1.0
hinterhalt	neg 1.0		__DUMMY__ 0.3377805331587681 neg 0.33672713290805073 off 0.32549233393318106	false	1.0
kritik	neg 1.0		neg 0.34251404049464595 __DUMMY__ 0.33471235897604623 off 0.32277360052930765	false	1.0
einschrumpfen	neg 1.0		neg 0.3382230548793441 __DUMMY__ 0.33335504101590985 off 0.32842190410474603	false	1.0
riskant	neg 1.0		neg 0.3414759186425343 __DUMMY__ 0.33639155653824565 off 0.32213252481922006	false	1.0
frustrieren	neg 1.0		neg 0.34073709303965327 __DUMMY__ 0.33666616782069914 off 0.3225967391396476	false	1.0
groll	neg 1.0		neg 0.33954427399045906 __DUMMY__ 0.33645255038672633 off 0.3240031756228147	false	1.0
gibt			neg 0.33940321010847935 __DUMMY__ 0.3362131369519302 off 0.3243836529395904	false	0.0
qualvoll	neg 1.0		__DUMMY__ 0.33618453764859607 neg 0.33264657292431093 off 0.33116888942709294	false	1.0
wackeln	neg 1.0	neg 1.0	neg 0.6544273676725437 off 0.18173282041055336 __DUMMY__ 0.16383981191690283	false	1.0
klagen	neg 1.0		neg 0.34386426995994585 __DUMMY__ 0.337477194751572 off 0.31865853528848226	false	1.0
bankrott	neg 1.0		__DUMMY__ 0.33528631760344346 neg 0.3335885642948256 off 0.331125118101731	false	1.0
trauern	neg 1.0		neg 0.3388634950820388 __DUMMY__ 0.33783312288268563 off 0.3233033820352756	false	1.0
ablehnung	neg 1.0		neg 0.34234141702670545 __DUMMY__ 0.33477286982669 off 0.3228857131466045	false	1.0
stur	neg 1.0		neg 0.337454230807757 __DUMMY__ 0.33489648458528 off 0.327649284606963	false	1.0
aufruhr	neg 1.0		neg 0.33805170068702134 __DUMMY__ 0.3363939368927242 off 0.3255543624202545	false	1.0
melancholie	neg 1.0		neg 0.33816194244728937 __DUMMY__ 0.33739370050351175 off 0.3244443570491987	false	1.0
ist			neg 0.3360312762838288 __DUMMY__ 0.3354798299759153 off 0.32848889374025597	false	0.0
torheit	neg 1.0		neg 0.33895717295773725 __DUMMY__ 0.33459923320893 off 0.32644359383333293	false	1.0
dreckskind	off 1.0		off 0.3379687325573439 __DUMMY__ 0.33146211593933766 neg 0.3305691515033184	false	1.0
umtauschen	neg 1.0		neg 0.33742368603249157 __DUMMY__ 0.3363215230726648 off 0.3262547908948436	false	1.0
zum			__DUMMY__ 0.34140879273139846 neg 0.33990622707840257 off 0.31868498019019886	false	0.0
zersetzen	neg 1.0		neg 0.3437127910686241 __DUMMY__ 0.3361159165844515 off 0.3201712923469243	false	1.0
zur			neg 0.3439378574085352 __DUMMY__ 0.3396490795488747 off 0.31641306304259004	false	0.0
frust	neg 1.0		neg 0.33816626503061553 __DUMMY__ 0.33676736173727906 off 0.3250663732321054	false	1.0
unerbittlichkeit	neg 1.0		neg 0.3430464924172874 __DUMMY__ 0.3364026393021389 off 0.32055086828057366	false	1.0
zwei			__DUMMY__ 0.3401695154289362 neg 0.339384337487001 off 0.32044614708406277	false	0.0
unkorrekt	neg 1.0		neg 0.33549341966753504 off 0.33309707446462733 __DUMMY__ 0.33140950586783763	false	1.0
hexe	off 1.0		__DUMMY__ 0.3342315780180381 neg 0.33321695869669876 off 0.33255146328526314	false	0.5
lasch	neg 1.0		neg 0.337105774739753 __DUMMY__ 0.3334595680270376 off 0.32943465723320936	false	1.0
rivale	neg 1.0		off 0.33522131763279606 __DUMMY__ 0.33431792040466174 neg 0.33046076196254215	false	0.5
mutlos	off 1.0	off 1.0	off 0.6475735112382653 neg 0.18989746532533058 __DUMMY__ 0.16252902343640405	false	1.0
wirr	off 1.0		neg 0.3347960030848056 off 0.3336144762459287 __DUMMY__ 0.3315895206692658	false	0.5
jahr			__DUMMY__ 0.3393470033416441 neg 0.33857992672128995 off 0.322073069937066	false	0.0
wird			neg 0.33995330487369707 __DUMMY__ 0.3368654473412011 off 0.3231812477851019	false	0.0
strafbar	neg 1.0		neg 0.34215791042171845 __DUMMY__ 0.33594569365564614 off 0.32189639592263547	false	1.0
erosion	neg 1.0		__DUMMY__ 0.33688074916415817 neg 0.33511000298295657 off 0.32800924785288527	false	1.0
eingehen	neg 1.0		neg 0.3418687268245295 __DUMMY__ 0.33546179664912246 off 0.3226694765263481	false	1.0
faul	off 1.0		__DUMMY__ 0.33564603432850565 neg 0.33251582627813436 off 0.3318381393933601	false	0.5
provisorium	neg 1.0		neg 0.34508741710994184 __DUMMY__ 0.34043477444097453 off 0.31447780844908374	false	1.0
schmerzen	neg 1.0		neg 0.33665603500657737 __DUMMY__ 0.3364599400232356 off 0.3268840249701869	false	1.0
schrumpfen	neg 1.0		neg 0.3470677906105828 __DUMMY__ 0.3376095553145157 off 0.3153226540749014	false	1.0
geistlos	off 1.0		neg 0.3404529077223696 __DUMMY__ 0.33241680209749613 off 0.32713029018013423	false	0.5
fehlkauf	neg 1.0		neg 0.3363321801118983 __DUMMY__ 0.33533559208780295 off 0.3283322278002988	false	1.0
frustrierend	neg 1.0		__DUMMY__ 0.3357664697721827 neg 0.3326153211275925 off 0.33161820910022477	false	1.0
unzufrieden	neg 1.0		neg 0.3410852663975081 __DUMMY__ 0.33550069036169866 off 0.32341404324079326	false	1.0
verzweifeln	neg 1.0		neg 0.33765418517013973 __DUMMY__ 0.33622009075787374 off 0.32612572407198653	false	1.0
verzweifelt	neg 1.0		neg 0.33655062104516886 __DUMMY__ 0.3353316135820958 off 0.3281177653727354	false	1.0
misstrauensantrag	neg 1.0		neg 0.3368557493637769 __DUMMY__ 0.3346365151170666 off 0.32850773551915646	false	1.0
abfallen	neg 1.0		__DUMMY__ 0.3371393559507532 neg 0.3336872030096923 off 0.32917344103955454	false	1.0
fucker	off 1.0		off 0.3337464958198986 __DUMMY__ 0.33341604203296893 neg 0.33283746214713245	false	1.0
ungezogen	neg 1.0		off 0.3422742392628731 __DUMMY__ 0.33194861672435544 neg 0.3257771440127715	false	0.5
irrsinnig	neg 1.0	neg 1.0	neg 0.6567509982470522 off 0.18093200552678196 __DUMMY__ 0.16231699622616588	false	1.0
unfassbar	neg 1.0		__DUMMY__ 0.33391715878231226 neg 0.33372293561604943 off 0.33235990560163814	false	1.0
hart	neg 1.0		__DUMMY__ 0.3349879018411048 neg 0.33459391570785413 off 0.3304181824510412	false	1.0
widerlich	off 1.0		neg 0.33390480694729524 __DUMMY__ 0.3331386683292017 off 0.3329565247235031	false	0.5
fatal	neg 1.0		neg 0.3360216693970557 __DUMMY__ 0.33531204149859883 off 0.32866628910434553	false	1.0
bruch	neg 1.0		neg 0.3446076481170524 __DUMMY__ 0.33692657684606747 off 0.31846577503687995	false	1.0
aushungern	neg 1.0		neg 0.3411785113926156 __DUMMY__ 0.3347776410973096 off 0.32404384751007476	false	1.0
anspannung	neg 1.0	neg 1.0	neg 0.6573163655098835 off 0.17652824992393198 __DUMMY__ 0.16615538456618445	false	1.0
von			neg 0.3396960477155545 __DUMMY__ 0.339217411937569 off 0.3210865403468766	false	0.0
kraftlos	neg 1.0		__DUMMY__ 0.3381407558267211 neg 0.3362731649274666 off 0.32558607924581234	false	1.0
vom			neg 0.34281152804805004 __DUMMY__ 0.34126582150159457 off 0.3159226504503554	false	0.0
grenzdebil	off 1.0		__DUMMY__ 0.33408089388395784 off 0.33380042265627713 neg 0.33211868345976486	false	1.0
vor			neg 0.3409045139810833 __DUMMY__ 0.3381784534324256 off 0.32091703258649096	false	0.0
unterwerfen	neg 1.0		neg 0.3409476366246095 __DUMMY__ 0.3367277965734654 off 0.32232456680192495	false	1.0
versenkung	neg 1.0		neg 0.34128237920640525 __DUMMY__ 0.33676028638127936 off 0.32195733441231533	false	1.0
entziehen	neg 1.0		neg 0.34330466895060247 __DUMMY__ 0.3373397612040971 off 0.3193555698453005	false	1.0
finanzkrise	neg 1.0		neg 0.3414781102629608 __DUMMY__ 0.33449838957068084 off 0.3240235001663583	false	1.0
schimpfend	neg 1.0		__DUMMY__ 0.3372228982365583 neg 0.333845654427557 off 0.32893144733588464	false	1.0
profan	neg 1.0		neg 0.3352108010821098 __DUMMY__ 0.3350985699367307 off 0.3296906289811595	false	1.0
korruption	neg 1.0	neg 1.0	neg 0.6595497710395509 off 0.178075594092333 __DUMMY__ 0.16237463486811612	false	1.0
â			neg 0.3391351607259634 __DUMMY__ 0.33744374102583913 off 0.3234210982481976	false	0.0
schmutzig	neg 1.0		__DUMMY__ 0.3349666298808086 off 0.3337890105115165 neg 0.3312443596076748	false	0.5
sexy	neg 1.0		__DUMMY__ 0.3352697841459771 neg 0.3341510787810915 off 0.3305791370729314	false	1.0
abraten	neg 1.0		__DUMMY__ 0.33560314473298253 neg 0.3355881975969779 off 0.3288086576700396	false	1.0
schwarz	neg 1.0		neg 0.33701182817663683 __DUMMY__ 0.3351833220101254 off 0.3278048498132379	false	1.0
fotze	off 1.0		neg 0.340942439231578 __DUMMY__ 0.3367059746619285 off 0.3223515861064935	false	0.5
verwirren	neg 1.0		__DUMMY__ 0.3351362896679384 neg 0.3348762331671687 off 0.32998747716489274	false	1.0
zahnlos	off 1.0		neg 0.340922720706277 __DUMMY__ 0.33555923924292363 off 0.32351804005079954	false	0.5
verheeren	neg 1.0		off 0.34417300107738363 __DUMMY__ 0.33291626726078966 neg 0.3229107316618267	false	0.5
hippie	neg 1.0		__DUMMY__ 0.3351292681574326 neg 0.33504521908091334 off 0.32982551276165417	false	1.0
rammen	neg 1.0		neg 0.33741962313592044 __DUMMY__ 0.3353896114741172 off 0.3271907653899624	false	1.0
unlauter	neg 1.0		neg 0.34292061379240435 __DUMMY__ 0.3325773142689583 off 0.3245020719386371	false	1.0
unheilvoll	neg 1.0		__DUMMY__ 0.337078285804649 neg 0.33239228845076635 off 0.33052942574458455	false	1.0
niedrig	neg 1.0		neg 0.34054352814114663 __DUMMY__ 0.3375595218236135 off 0.32189695003524	false	1.0
explosion	neg 1.0		neg 0.33635407142636803 __DUMMY__ 0.3347849992822877 off 0.32886092929134425	false	1.0
weichei	off 1.0		off 0.33874806124512785 __DUMMY__ 0.3322404854849477 neg 0.3290114532699244	false	1.0
minusmensch	off 1.0		off 0.3408681798148939 neg 0.32997361710006723 __DUMMY__ 0.3291582030850387	false	1.0
farblos	neg 1.0		__DUMMY__ 0.3393117205496565 neg 0.33283884656540624 off 0.3278494328849373	false	1.0
unwissend	neg 1.0	neg 1.0	neg 0.6549605713439984 off 0.1834384510199357 __DUMMY__ 0.16160097763606582	false	1.0
traurig	neg 1.0		off 0.3361501581415744 __DUMMY__ 0.33391285755107825 neg 0.3299369843073473	false	0.5
senkung	neg 1.0		neg 0.33832489293258144 __DUMMY__ 0.3334819983686491 off 0.32819310869876933	false	1.0
ungleich	neg 1.0	neg 1.0	neg 0.6601736515868413 off 0.17729360207279035 __DUMMY__ 0.1625327463403684	false	1.0
heikel	neg 1.0		neg 0.34317866567808186 __DUMMY__ 0.33628297009882324 off 0.32053836422309495	false	1.0
drosselung	neg 1.0		__DUMMY__ 0.3347914968890135 off 0.33371681874593884 neg 0.33149168436504756	false	0.5
falsch	neg 1.0		__DUMMY__ 0.33500800093042904 neg 0.33362768784432717 off 0.33136431122524374	false	1.0
unzufriedenheit	neg 1.0		neg 0.3431973290779546 __DUMMY__ 0.3367068643902284 off 0.3200958065318172	false	1.0
kurz	neg 1.0		__DUMMY__ 0.337567040759889 neg 0.33670835136753996 off 0.32572460787257107	false	1.0
unsinnig	neg 1.0		neg 0.3415284313209308 __DUMMY__ 0.33485419950539114 off 0.32361736917367806	false	1.0
penner	off 1.0	off 1.0	off 0.6584636968572863 neg 0.18100160976619167 __DUMMY__ 0.16053469337652207	false	1.0
seicht	neg 1.0		off 0.3407804391978806 __DUMMY__ 0.33027571142161105 neg 0.32894384938050836	false	0.5
dummheit	off 1.0	off 1.0	off 0.6518274717772436 neg 0.18626940432496028 __DUMMY__ 0.1619031238977961	false	1.0
unerfreulich	neg 1.0		neg 0.34232361285027757 __DUMMY__ 0.3374423538168185 off 0.3202340333329039	false	1.0
motherfucker	off 1.0	off 1.0	off 0.6543787599500228 neg 0.18434807071476142 __DUMMY__ 0.16127316933521585	false	1.0
pikiert	neg 1.0		neg 0.33506403655279393 __DUMMY__ 0.3332722911325447 off 0.3316636723146615	false	1.0
wrack	neg 1.0		__DUMMY__ 0.33904471330458974 neg 0.33711673234587947 off 0.32383855434953085	false	1.0
gangster	neg 1.0		__DUMMY__ 0.33549497126285155 neg 0.3348674442015123 off 0.3296375845356362	false	1.0
krank	neg 1.0		__DUMMY__ 0.33490660433376296 off 0.33473542181189625 neg 0.3303579738543408	false	0.5
reich	neg 1.0		neg 0.33543389178186944 __DUMMY__ 0.3339560155926021 off 0.33061009262552843	false	1.0
gnadenlos	neg 1.0		neg 0.33654480671061665 __DUMMY__ 0.33582620009196457 off 0.3276289931974188	false	1.0
niedergeschlagen	neg 1.0		__DUMMY__ 0.3377010312584598 neg 0.33604540698176644 off 0.32625356175977377	false	1.0
terrorisieren	off 1.0	off 1.0	off 0.648664602029149 neg 0.18778083407205823 __DUMMY__ 0.1635545638987928	false	1.0
sinnlosigkeit	neg 1.0		neg 0.3402081239290885 __DUMMY__ 0.3358661131756745 off 0.323925762895237	false	1.0
behindern	neg 1.0		neg 0.33942543743346487 __DUMMY__ 0.3354582295873515 off 0.3251163329791837	false	1.0
undemokratisch	neg 1.0		neg 0.3403223520627087 __DUMMY__ 0.3338343716904506 off 0.32584327624684073	false	1.0
wirtschaftskrise	neg 1.0		neg 0.3425050298279141 __DUMMY__ 0.3355680380652323 off 0.32192693210685375	false	1.0
neid	neg 1.0		__DUMMY__ 0.33633647798401456 off 0.33314754181857775 neg 0.33051598019740774	false	0.5
rutschen	neg 1.0	neg 1.0	neg 0.6570694261924471 off 0.17736627948095662 __DUMMY__ 0.16556429432659614	false	1.0
rezession	neg 1.0		off 0.33569207590245703 neg 0.33225126863437715 __DUMMY__ 0.3320566554631658	false	0.5
fehlgeburt	neg 1.0		__DUMMY__ 0.3369745504465722 neg 0.3329478953908102 off 0.3300775541626177	false	1.0
charakterschwach	off 1.0		__DUMMY__ 0.33410032464736533 off 0.3332734469152985 neg 0.33262622843733636	false	1.0
isolation	neg 1.0		__DUMMY__ 0.3355071076586077 neg 0.33312456953223857 off 0.33136832280915385	false	1.0
ablenkung	neg 1.0		neg 0.3365141036123269 __DUMMY__ 0.3362570178425285 off 0.3272288785451446	false	1.0
pech	neg 1.0		__DUMMY__ 0.3352576598223872 neg 0.33362149037144595 off 0.33112084980616674	false	1.0
vermeidung	neg 1.0		neg 0.3342150229889957 __DUMMY__ 0.3330900067982169 off 0.3326949702127874	false	1.0
dominieren	neg 1.0		__DUMMY__ 0.33817087741827606 neg 0.3379704627839268 off 0.3238586597977971	false	1.0
schwindlig	neg 1.0		__DUMMY__ 0.3375948805383064 off 0.331209444334629 neg 0.33119567512706455	false	0.5
lutscher	neg 1.0		off 0.3416494208331277 __DUMMY__ 0.33029096262020696 neg 0.3280596165466652	false	0.5
pflicht	neg 1.0		neg 0.3432039677394494 __DUMMY__ 0.33639849536199673 off 0.32039753689855394	false	1.0
faschist	off 1.0		neg 0.3384114326755592 __DUMMY__ 0.3333232565438179 off 0.32826531078062293	false	0.5
verschleudern	neg 1.0		neg 0.3467223929925945 __DUMMY__ 0.333782456963751 off 0.3194951500436544	false	1.0
wenn			__DUMMY__ 0.33486941067962805 neg 0.333601143991897 off 0.3315294453284749	false	0.0
ehebruch	neg 1.0		neg 0.3408750043189017 __DUMMY__ 0.33635679990350864 off 0.3227681957775897	false	1.0
spott	off 1.0		neg 0.342924363493062 __DUMMY__ 0.33562362295245995 off 0.3214520135544781	false	0.5
trostlosigkeit	neg 1.0		neg 0.3416466487122277 __DUMMY__ 0.3380521356223821 off 0.3203012156653901	false	1.0
lutschen	neg 1.0		neg 0.33692828397795377 __DUMMY__ 0.33442302078491737 off 0.32864869523712875	false	1.0
undiszipliniert	neg 1.0		off 0.3354895420700262 __DUMMY__ 0.33444350809026674 neg 0.33006694983970714	false	0.5
kopfschmerz	neg 1.0		__DUMMY__ 0.3375513386528924 neg 0.3364661042001684 off 0.3259825571469392	false	1.0
unvorhergesehen	neg 1.0		__DUMMY__ 0.3390922000591785 neg 0.3367073925491801 off 0.32420040739164135	false	1.0
desinteressiert	neg 1.0		off 0.33445985722050925 __DUMMY__ 0.33340867552997794 neg 0.33213146724951276	false	0.5
armselig	off 1.0		off 0.3346094195346407 neg 0.3333389760648182 __DUMMY__ 0.3320516044005412	false	1.0
desaster	neg 1.0		neg 0.3451168614761474 __DUMMY__ 0.33702598745833057 off 0.31785715106552215	false	1.0
tod	neg 1.0		__DUMMY__ 0.3389669850877326 neg 0.33620704270437113 off 0.32482597220789633	false	1.0
herzlos	neg 1.0		off 0.3359944830224724 __DUMMY__ 0.3329525358230234 neg 0.33105298115450416	false	0.5
unwissenheit	neg 1.0		neg 0.34274571230059653 __DUMMY__ 0.3346390005213009 off 0.3226152871781025	false	1.0
widersinnig	neg 1.0	neg 1.0	neg 0.66021568883357 off 0.17818591281050195 __DUMMY__ 0.16159839835592812	false	1.0
bedenklich	neg 1.0		neg 0.34214792319754245 __DUMMY__ 0.3358287086040923 off 0.3220233681983653	false	1.0
beanstanden	neg 1.0		neg 0.34311459343286294 __DUMMY__ 0.3368892215446955 off 0.3199961850224415	false	1.0
panisch	neg 1.0	neg 1.0	neg 0.6526622644153869 off 0.18336404756757507 __DUMMY__ 0.16397368801703815	false	1.0
debil	off 1.0		neg 0.34551318006982273 __DUMMY__ 0.3390566025247956 off 0.3154302174053817	false	0.5
abstrich	neg 1.0		neg 0.3408251884242598 __DUMMY__ 0.3362273401277026 off 0.3229474714480374	false	1.0
primitiv	neg 1.0		off 0.33356957394530184 __DUMMY__ 0.3332219770777742 neg 0.3332084489769239	false	0.5
abschaum	off 1.0	off 1.0	off 0.6532539061733498 neg 0.1849920341489736 __DUMMY__ 0.16175405967767661	false	1.0
provozieren	neg 1.0		neg 0.3379197040748597 __DUMMY__ 0.33517786391983273 off 0.32690243200530755	false	1.0
tot	neg 1.0		neg 0.34147600222274765 __DUMMY__ 0.3364635121753145 off 0.32206048560193773	false	1.0
instabil	neg 1.0		neg 0.3357196608016875 off 0.3323087734285804 __DUMMY__ 0.33197156576973214	false	1.0
schwuchtel	off 1.0		off 0.34634503680196993 __DUMMY__ 0.3288862160799532 neg 0.32476874711807685	false	1.0
zerren	neg 1.0		__DUMMY__ 0.33763151307170153 neg 0.3360676964550191 off 0.3263007904732795	false	1.0
kinderficker	off 1.0		off 0.3367848885154215 neg 0.33235327073737453 __DUMMY__ 0.33086184074720404	false	1.0
gefahr	neg 1.0		neg 0.34203315091927416 __DUMMY__ 0.33727812651738887 off 0.32068872256333697	false	1.0
rabiat	neg 1.0		neg 0.33862896305970386 __DUMMY__ 0.33525841127686934 off 0.3261126256634268	false	1.0
verlangsamung	neg 1.0		off 0.3400229409395204 __DUMMY__ 0.33206565079923117 neg 0.3279114082612484	false	0.5
ausgestorben	neg 1.0		__DUMMY__ 0.33707799454400567 neg 0.33618043209329285 off 0.3267415733627015	false	1.0
anklagen	neg 1.0		neg 0.34024832978409536 __DUMMY__ 0.33568227737681133 off 0.32406939283909325	false	1.0
trott	neg 1.0		neg 0.3371471126856261 __DUMMY__ 0.33658684174984027 off 0.3262660455645338	false	1.0
verminderung	neg 1.0		off 0.33393409724854234 __DUMMY__ 0.33332879461333703 neg 0.33273710813812063	false	0.5
nach			__DUMMY__ 0.3418382141155891 neg 0.33858097310442253 off 0.31958081277998834	false	0.0
rost	neg 1.0		off 0.33923235748135133 __DUMMY__ 0.333058458880446 neg 0.3277091836382027	false	0.5
destruktiv	neg 1.0		neg 0.3408852924347089 __DUMMY__ 0.334336904418719 off 0.3247778031465722	false	1.0
unzumutbarkeit	neg 1.0		__DUMMY__ 0.335356893583264 neg 0.3323569124121682 off 0.33228619400456777	false	1.0
labil	off 1.0	off 1.0	off 0.6531987016973534 neg 0.18500691989341192 __DUMMY__ 0.16179437840923472	false	1.0
ziemlich	neg 1.0		__DUMMY__ 0.3348233517220928 off 0.33361746548416 neg 0.33155918279374713	false	0.5
lachnummer	off 1.0		neg 0.33939158499843913 __DUMMY__ 0.3350404314411217 off 0.32556798356043914	false	0.5
oder			__DUMMY__ 0.33683667242712645 neg 0.3354974878093705 off 0.3276658397635031	false	0.0
verfall	neg 1.0		neg 0.34615796928633985 __DUMMY__ 0.33808194834731947 off 0.31576008236634073	false	1.0
ausgrenzung	neg 1.0		neg 0.33880793570891243 __DUMMY__ 0.33413205176967836 off 0.32706001252140915	false	1.0
unordnung	neg 1.0		__DUMMY__ 0.335650938996099 off 0.33358263747824585 neg 0.33076642352565505	false	0.5
fehlverhalten	neg 1.0		neg 0.34272896545079445 __DUMMY__ 0.33642573031303924 off 0.3208453042361665	false	1.0
eine			neg 0.34196942417202225 __DUMMY__ 0.33732468650486347 off 0.3207058893231144	false	0.0
nille	neg 1.0		neg 0.33843773932515986 __DUMMY__ 0.33628414792602035 off 0.32527811274881974	false	1.0
qual	neg 1.0		neg 0.33755697357523345 __DUMMY__ 0.33649563854708797 off 0.32594738787767846	false	1.0
verschwenden	neg 1.0		neg 0.3412536302168669 __DUMMY__ 0.3359857760107309 off 0.32276059377240235	false	1.0
riesig	neg 1.0	neg 1.0	neg 0.6561554732862649 off 0.17938446211114067 __DUMMY__ 0.1644600646025945	false	1.0
verurteilen	neg 1.0		neg 0.34059824190892934 __DUMMY__ 0.33581611470003575 off 0.32358564339103485	false	1.0
klischee	neg 1.0	neg 1.0	neg 0.656096537009198 off 0.18227397980514726 __DUMMY__ 0.16162948318565476	false	1.0
diktatorisch	neg 1.0		neg 0.340621782220544 __DUMMY__ 0.33326299283674554 off 0.32611522494271034	false	1.0
vorhersehbar	neg 1.0	neg 1.0	neg 0.6560665434732008 off 0.18200504146427712 __DUMMY__ 0.16192841506252198	false	1.0
sowie			off 0.33797694555088953 __DUMMY__ 0.3323636889321034 neg 0.32965936551700714	false	0.0
stornieren	neg 1.0		__DUMMY__ 0.3389219981817477 neg 0.3311981906912532 off 0.32987981112699905	false	1.0
besteuerung	neg 1.0		neg 0.3410308831586605 __DUMMY__ 0.3335257458670385 off 0.3254433709743011	false	1.0
ungeschminkt	neg 1.0		neg 0.33402239985553067 __DUMMY__ 0.33327922632132223 off 0.3326983738231471	false	1.0
kritisch	neg 1.0		neg 0.3423233406480348 __DUMMY__ 0.3358881690530331 off 0.32178849029893214	false	1.0
schlamperei	off 1.0		neg 0.34380023829501305 __DUMMY__ 0.335829410381603 off 0.32037035132338393	false	0.5
sucht	neg 1.0	neg 1.0	neg 0.6551337808874471 off 0.18112439920001827 __DUMMY__ 0.16374181991253473	false	1.0
egoistisch	off 1.0		off 0.3389530321729511 __DUMMY__ 0.3326914499450552 neg 0.3283555178819937	false	1.0
ausbeuter	off 1.0		neg 0.34426090350447397 __DUMMY__ 0.3356631608102707 off 0.32007593568525533	false	0.5
arschgeburt	off 1.0		off 0.3461132747132536 __DUMMY__ 0.32840376653310543 neg 0.325482958753641	false	1.0
schubs	neg 1.0	neg 1.0	neg 0.6560703507628592 off 0.17986596233196023 __DUMMY__ 0.16406368690518058	false	1.0
unsolide	neg 1.0		neg 0.34336869358658406 __DUMMY__ 0.331352155378274 off 0.32527915103514193	false	1.0
beschwerde	neg 1.0		neg 0.3436454933821649 __DUMMY__ 0.33577388011035325 off 0.32058062650748187	false	1.0
stocken	neg 1.0		neg 0.3414725200393428 __DUMMY__ 0.33655760524063466 off 0.32196987472002264	false	1.0
isolieren	neg 1.0		neg 0.341766331456029 __DUMMY__ 0.3355775247165804 off 0.32265614382739055	false	1.0
unheilbar	neg 1.0		__DUMMY__ 0.33727172381524495 neg 0.3344067250586342 off 0.3283215511261207	false	1.0
pisser	off 1.0		off 0.33452087290571103 __DUMMY__ 0.33395987230462976 neg 0.3315192547896592	false	1.0
löschen	neg 1.0		neg 0.3374861823677346 __DUMMY__ 0.3360664225716349 off 0.3264473950606304	false	1.0
durchfallen	neg 1.0		neg 0.3421880583570471 __DUMMY__ 0.33499503358007326 off 0.32281690806287955	false	1.0
wichser	off 1.0		off 0.3439699376131798 __DUMMY__ 0.3312118273602953 neg 0.324818235026525	false	1.0
terror	neg 1.0		__DUMMY__ 0.33635957646552017 neg 0.3332065352213816 off 0.3304338883130982	false	1.0
krass	neg 1.0		off 0.3365200865834706 __DUMMY__ 0.3328060201430736 neg 0.33067389327345575	false	0.5
revolte	neg 1.0		neg 0.3383489160006101 __DUMMY__ 0.3339578305102569 off 0.32769325348913303	false	1.0
besorgt	neg 1.0		__DUMMY__ 0.33825339810407357 neg 0.3360586635677629 off 0.3256879383281635	false	1.0
nachlassen	neg 1.0		neg 0.34090371419795223 __DUMMY__ 0.3371065213793327 off 0.321989764422715	false	1.0
alt	neg 1.0		neg 0.3400804887273315 __DUMMY__ 0.336791752424004 off 0.32312775884866457	false	1.0
hundesohn	off 1.0		off 0.3411597368845095 __DUMMY__ 0.3303921520925669 neg 0.3284481110229237	false	1.0
als			__DUMMY__ 0.3375023211371112 neg 0.33711494472170345 off 0.3253827341411853	false	0.0
abschreckung	neg 1.0		neg 0.34292012114633275 __DUMMY__ 0.33736365646820304 off 0.31971622238546415	false	1.0
unqualifiziert	neg 1.0		neg 0.33906139379135386 __DUMMY__ 0.33261799139819953 off 0.3283206148104467	false	1.0
abgewichst	off 1.0		neg 0.33840078956074704 __DUMMY__ 0.33674368487149814 off 0.32485552556775477	false	0.5
schwer	neg 1.0		neg 0.337043943897445 __DUMMY__ 0.3362593553329967 off 0.32669670076955815	false	1.0
bedeutungslosigkeit	neg 1.0		neg 0.3429889702934178 __DUMMY__ 0.3366706000588221 off 0.32034042964776	false	1.0
kapitulation	neg 1.0		neg 0.3439814195251715 __DUMMY__ 0.33509078604457454 off 0.320927794430254	false	1.0
unscharf	neg 1.0		neg 0.33586682748707763 __DUMMY__ 0.335049191095746 off 0.3290839814171763	false	1.0
schwinden	neg 1.0		neg 0.3430551183439809 __DUMMY__ 0.33672126358404675 off 0.32022361807197236	false	1.0
versklavung	neg 1.0		neg 0.3407321087457626 __DUMMY__ 0.3334656560498094 off 0.3258022352044281	false	1.0
schlecht	neg 1.0		__DUMMY__ 0.3350013319207864 off 0.33387489944982957 neg 0.3311237686293839	false	0.5
verhasst	neg 1.0		neg 0.33730053812390165 __DUMMY__ 0.33524113881787954 off 0.3274583230582187	false	1.0
beschweren	neg 1.0		neg 0.33593092054792684 __DUMMY__ 0.3354153383730808 off 0.32865374107899237	false	1.0
scheiden	neg 1.0		__DUMMY__ 0.3387497872088647 neg 0.3320545040429739 off 0.32919570874816145	false	1.0
frustriert	neg 1.0		neg 0.3381309047982432 __DUMMY__ 0.3364218196655015 off 0.3254472755362554	false	1.0
schimmelig	neg 1.0		neg 0.3400274406324256 __DUMMY__ 0.3372936737240713 off 0.3226788856435031	false	1.0
fisch	neg 1.0		__DUMMY__ 0.33988257875899575 neg 0.33704592231805314 off 0.32307149892295123	false	1.0
schmuggel	neg 1.0		__DUMMY__ 0.3394618926752597 neg 0.33802389818626166 off 0.3225142091384786	false	1.0
auffallen	neg 1.0		__DUMMY__ 0.33539153080277523 neg 0.3350793213569019 off 0.3295291478403229	false	1.0
konkurrenz	neg 1.0	neg 1.0	neg 0.6598379394141116 off 0.17649921943287425 __DUMMY__ 0.16366284115301408	false	1.0
teufelskreis	neg 1.0		neg 0.33845074424502336 __DUMMY__ 0.33587009371507864 off 0.32567916203989805	false	1.0
aufschreien	neg 1.0		neg 0.33638110156038575 __DUMMY__ 0.33473551579151556 off 0.32888338264809863	false	1.0
schuldner	neg 1.0		neg 0.34197957083983843 __DUMMY__ 0.33713715206257805 off 0.3208832770975836	false	1.0
missgeburt	off 1.0	off 1.0	off 0.6569397287207831 neg 0.18215147141583804 __DUMMY__ 0.16090879986337886	false	1.0
arbeitslos	neg 1.0		neg 0.3416984454557713 __DUMMY__ 0.3350940057140483 off 0.32320754883018044	false	1.0
befallen	neg 1.0		neg 0.3392977019820754 __DUMMY__ 0.3361255570643469 off 0.32457674095357786	false	1.0
miesepetrig	off 1.0	off 1.0	off 0.654470211521658 neg 0.18325358567318412 __DUMMY__ 0.16227620280515787	false	1.0
alarmieren	neg 1.0		neg 0.33588000639617616 __DUMMY__ 0.3335897584414448 off 0.3305302351623791	false	1.0
ungeduscht	off 1.0		__DUMMY__ 0.33544923816070393 neg 0.333465703453034 off 0.33108505838626195	false	0.5
knappheit	neg 1.0		neg 0.34400770667172925 __DUMMY__ 0.33501987592985616 off 0.32097241739841453	false	1.0
schlange	neg 1.0		__DUMMY__ 0.33720926666374873 neg 0.3328550497210259 off 0.3299356836152253	false	1.0
harsch	neg 1.0		off 0.3382020990299192 __DUMMY__ 0.3341430290876491 neg 0.3276548718824316	false	0.5
lang	neg 1.0		neg 0.33655408772874756 __DUMMY__ 0.33626150407841 off 0.3271844081928425	false	1.0
ziellos	neg 1.0		neg 0.33785068937097446 __DUMMY__ 0.3375647398126421 off 0.3245845708163834	false	1.0
selbstverliebt	neg 1.0		off 0.3435636419797833 __DUMMY__ 0.3292543528094347 neg 0.327182005210782	false	0.5
beseitigen	neg 1.0	neg 1.0	neg 0.6553980813910328 off 0.18062739461776253 __DUMMY__ 0.16397452399120457	false	1.0
dumm	off 1.0		off 0.3395020286282141 __DUMMY__ 0.33176270646784917 neg 0.3287352649039366	false	1.0
arbeitsloser	neg 1.0		neg 0.3402110365677064 __DUMMY__ 0.3365739596692569 off 0.3232150037630367	false	1.0
blitzen	neg 1.0		__DUMMY__ 0.3352213775237226 neg 0.3346613777564407 off 0.3301172447198366	false	1.0
hilflos	neg 1.0		neg 0.33836813657750003 __DUMMY__ 0.33661753514272186 off 0.32501432827977805	false	1.0
eklig	off 1.0		off 0.3403014542310718 __DUMMY__ 0.3317072674959597 neg 0.3279912782729686	false	1.0
begriff			neg 0.34016195248843756 __DUMMY__ 0.3353280642800159 off 0.3245099832315467	false	0.0
hungersnot	neg 1.0		neg 0.33787258018418 __DUMMY__ 0.3370552731572977 off 0.3250721466585223	false	1.0
ungesetzlich	neg 1.0		neg 0.34316533714928915 __DUMMY__ 0.3313714228706005 off 0.32546323998011045	false	1.0
verschwendung	neg 1.0		neg 0.3414348884531144 __DUMMY__ 0.33678712532501054 off 0.3217779862218752	false	1.0
schmerzvoll	neg 1.0		__DUMMY__ 0.33576274948498036 neg 0.33535410399673315 off 0.32888314651828654	false	1.0
vorzeitig	neg 1.0		__DUMMY__ 0.33627139217330554 neg 0.3328248093308574 off 0.33090379849583706	false	1.0
unvollkommenheit	neg 1.0		__DUMMY__ 0.33963868181036 neg 0.3339925771935487 off 0.32636874099609126	false	1.0
intervenieren	neg 1.0		neg 0.3440870778715464 __DUMMY__ 0.33554668370283175 off 0.3203662384256219	false	1.0
banause	off 1.0		off 0.3416526983405959 __DUMMY__ 0.3300724180633691 neg 0.32827488359603496	false	1.0
rebell	neg 1.0		neg 0.34306867198401764 __DUMMY__ 0.33828335064995074 off 0.31864797736603157	false	1.0
unlogisch	neg 1.0		off 0.3358319207641874 __DUMMY__ 0.33324738130094067 neg 0.3309206979348719	false	0.5
leiden	neg 1.0		__DUMMY__ 0.3403403107640373 neg 0.33572700231903035 off 0.3239326869169324	false	1.0
abschaffung	neg 1.0		neg 0.34056559076959264 __DUMMY__ 0.3339197226197629 off 0.3255146866106444	false	1.0
sturz	neg 1.0		neg 0.33657234098492333 __DUMMY__ 0.33654811521987243 off 0.3268795437952042	false	1.0
verkleinerung	neg 1.0		neg 0.33961535439205415 __DUMMY__ 0.3325937314894034 off 0.3277909141185425	false	1.0
schmarotzer	off 1.0		neg 0.34211704494488665 __DUMMY__ 0.33494112497042955 off 0.32294183008468397	false	0.5
bestrafung	neg 1.0		neg 0.33673958560164435 __DUMMY__ 0.3353382352648938 off 0.32792217913346194	false	1.0
achtlos	neg 1.0		__DUMMY__ 0.3368710571251995 neg 0.3360383919206999 off 0.3270905509541005	false	1.0
ungeheuer	neg 1.0		__DUMMY__ 0.33569091652348304 neg 0.3338462090077722 off 0.33046287446874467	false	1.0
unaufrichtig	neg 1.0		neg 0.3387335713314099 __DUMMY__ 0.33364269934119306 off 0.32762372932739714	false	1.0
groggy	neg 1.0		neg 0.3354956710427548 __DUMMY__ 0.33508976045747163 off 0.3294145684997735	false	1.0
verletzlich	neg 1.0		off 0.33472819501912654 __DUMMY__ 0.3340980669047547 neg 0.33117373807611883	false	0.5
ablehnen	neg 1.0		neg 0.3417775603962383 __DUMMY__ 0.33577031897673787 off 0.3224521206270239	false	1.0
