unsolidarisch	neg 1.0		neg 0.509848898620742 off 0.4829303781405652 __DUMMY__ 0.007220723238692869	false	1.0
nachteilig	neg 1.0		neg 0.5106236823982042 off 0.4820774035097171 __DUMMY__ 0.007298914092078738	false	1.0
skeptisch	neg 1.0		neg 0.5108434688630751 off 0.48184354100924814 __DUMMY__ 0.00731299012767678	false	1.0
schrecklich	neg 1.0		off 0.49759472956985334 neg 0.49516679735610286 __DUMMY__ 0.007238473074043733	false	0.5
schlapp	neg 1.0		neg 0.49905153712119854 off 0.49367214031021384 __DUMMY__ 0.007276322568587582	false	1.0
abfall	neg 1.0		neg 0.5131767879963689 off 0.4794893063340906 __DUMMY__ 0.007333905669540485	false	1.0
widerspenstig	neg 1.0		neg 0.5043597712647032 off 0.4883365917729545 __DUMMY__ 0.007303636962342268	false	1.0
abrupt	neg 1.0		neg 0.5078615584425913 off 0.48478980074592976 __DUMMY__ 0.007348640811478952	false	1.0
unwirksam	neg 1.0		neg 0.5085868712314467 off 0.48417416014386955 __DUMMY__ 0.0072389686246836634	false	1.0
angreifen	neg 1.0	neg 1.0	neg 0.7408525233401924 off 0.2556509095023146 __DUMMY__ 0.00349656715749307	false	1.0
inkonsistent	neg 1.0		neg 0.5034254921825384 off 0.48927393653436385 __DUMMY__ 0.007300571283097853	false	1.0
abrutschen	neg 1.0		neg 0.5127315939230872 off 0.4799345015325808 __DUMMY__ 0.007333904544331855	false	1.0
unsicher	neg 1.0		neg 0.5043024040414028 off 0.4883912941669307 __DUMMY__ 0.00730630179166655	false	1.0
bauernkind	off 1.0	off 1.0	off 0.7321378946261655 neg 0.2644322571623222 __DUMMY__ 0.0034298482115122813	false	1.0
angreifer	neg 1.0		neg 0.5029282629445347 off 0.48976935585925285 __DUMMY__ 0.007302381196212498	false	1.0
trennen	neg 1.0		neg 0.5064155437258552 off 0.48621657382422473 __DUMMY__ 0.00736788244992005	false	1.0
schmutz	neg 1.0		neg 0.4994911576318745 off 0.4931587375000372 __DUMMY__ 0.007350104868088268	false	1.0
inkonsistenz	neg 1.0		neg 0.5038219859527389 off 0.48895778625215114 __DUMMY__ 0.007220227795109971	false	1.0
erschreckend	neg 1.0		neg 0.5071281183896907 off 0.48558620494120763 __DUMMY__ 0.007285676669101652	false	1.0
ertrinken	neg 1.0		neg 0.5068080665393364 off 0.4858469997898139 __DUMMY__ 0.007344933670849849	false	1.0
pickelface	off 1.0		neg 0.507413119290967 off 0.48528567793919325 __DUMMY__ 0.007301202769839664	false	0.5
seiner			neg 0.5088277129073587 off 0.4838357739301596 __DUMMY__ 0.007336513162481755	false	0.0
lauch	neg 1.0		neg 0.5135488288515435 off 0.4791337826119972 __DUMMY__ 0.0073173885364593	false	1.0
unwichtig	neg 1.0		neg 0.5008542730059511 off 0.4918912508693271 __DUMMY__ 0.0072544761247216845	false	1.0
steuerhinterziehung	neg 1.0		neg 0.509362355214662 off 0.48337220077986737 __DUMMY__ 0.007265444005470495	false	1.0
schock	neg 1.0		neg 0.5034982061871354 off 0.48916123381220855 __DUMMY__ 0.007340560000656164	false	1.0
beule	neg 1.0		neg 0.49849966246273253 off 0.49422218626533687 __DUMMY__ 0.007278151271930499	false	1.0
vergelten	neg 1.0		off 0.49816072746837725 neg 0.49455570631816836 __DUMMY__ 0.007283566213454432	false	0.5
verdorbenheit	neg 1.0		neg 0.5047938249516624 off 0.487896210812916 __DUMMY__ 0.00730996423542176	false	1.0
trauma	neg 1.0		neg 0.5038742240853564 off 0.48883297329513714 __DUMMY__ 0.007292802619506443	false	1.0
sinnlos	neg 1.0		neg 0.5015916090685286 off 0.491109379663981 __DUMMY__ 0.007299011267490473	false	1.0
fettsack	off 1.0	off 1.0	off 0.7342898795371431 neg 0.2622641801874822 __DUMMY__ 0.003445940275374785	false	1.0
feige	off 1.0	off 1.0	off 0.7308743920697459 neg 0.2656679502746655 __DUMMY__ 0.0034576576555885924	false	1.0
abdanken	neg 1.0		neg 0.5078894240437359 off 0.48483997546747104 __DUMMY__ 0.007270600488792882	false	1.0
wichtigtuer	off 1.0	off 1.0	off 0.729427746436403 neg 0.2671015337860669 __DUMMY__ 0.003470719777530145	false	1.0
misslingen	neg 1.0		neg 0.49981414604635555 off 0.4928245196219322 __DUMMY__ 0.0073613343317122885	false	1.0
untreu	off 1.0		neg 0.4997384583205889 off 0.49301702885753024 __DUMMY__ 0.007244512821880905	false	0.5
missmutig	neg 1.0		neg 0.5001585938741451 off 0.49257731895210877 __DUMMY__ 0.007264087173746156	false	1.0
hurenbock	off 1.0		neg 0.5023751287378243 off 0.49031716044274076 __DUMMY__ 0.0073077108194349915	false	0.5
betrunken	neg 1.0		off 0.49710010896503354 neg 0.49562149203112965 __DUMMY__ 0.007278399003836706	false	0.5
korrupt	off 1.0		neg 0.5112358824053652 off 0.48151524499300985 __DUMMY__ 0.007248872601624946	false	0.5
unmut	neg 1.0		neg 0.513533953039343 off 0.47914053163386033 __DUMMY__ 0.007325515326796695	false	1.0
hackfresse	off 1.0		off 0.499798824878422 neg 0.4930056810960218 __DUMMY__ 0.0071954940255561815	false	1.0
aufblasen	neg 1.0		neg 0.501978270470232 off 0.4907084383464012 __DUMMY__ 0.007313291183366853	false	1.0
gewaltsam	neg 1.0		neg 0.505531779882184 off 0.48716040609246014 __DUMMY__ 0.007307814025355996	false	1.0
unbeliebtheit	neg 1.0		neg 0.5060640279201749 off 0.4867581819056318 __DUMMY__ 0.007177790174193221	false	1.0
sturheit	neg 1.0		neg 0.5074092426106847 off 0.4853088815205805 __DUMMY__ 0.007281875868734815	false	1.0
kuh	neg 1.0		neg 0.5063511551798658 off 0.48639251880955453 __DUMMY__ 0.007256326010579704	false	1.0
erschrecken	neg 1.0		neg 0.500000896596356 off 0.492716028563763 __DUMMY__ 0.007283074839881034	false	1.0
opfer	neg 1.0		neg 0.5075445621887834 off 0.4851235277311869 __DUMMY__ 0.007331910080029608	false	1.0
sinken	neg 1.0		neg 0.5122949500320516 off 0.4803729229997869 __DUMMY__ 0.007332126968161464	false	1.0
stinktier	neg 1.0		off 0.49653636331298634 neg 0.49625610820302707 __DUMMY__ 0.007207528483986666	false	0.5
tucke	off 1.0		off 0.4977386788682724 neg 0.4951142056358612 __DUMMY__ 0.00714711549586646	false	1.0
ein			neg 0.5032581150681298 off 0.4894355832222295 __DUMMY__ 0.007306301709640766	false	0.0
abstieg	neg 1.0		neg 0.5076001570947972 off 0.4850489972478112 __DUMMY__ 0.007350845657391681	false	1.0
missverstehen	neg 1.0		neg 0.5033696041920387 off 0.48936698513843746 __DUMMY__ 0.007263410669523924	false	1.0
ergebnislos	neg 1.0		neg 0.5102674683835078 off 0.4824231451262013 __DUMMY__ 0.007309386490290962	false	1.0
unter			neg 0.5141263191376003 off 0.47846155597197265 __DUMMY__ 0.007412124890427009	false	0.0
manipulieren	neg 1.0		neg 0.5107949041512745 off 0.4818929056874074 __DUMMY__ 0.007312190161318222	false	1.0
unbewiesen	neg 1.0		neg 0.5102330378172493 off 0.48255878946090586 __DUMMY__ 0.007208172721844808	false	1.0
verschleppen	neg 1.0		neg 0.5080876477308727 off 0.4846032412918551 __DUMMY__ 0.007309110977272133	false	1.0
weib	off 1.0		off 0.49955082488215613 neg 0.4932569291294841 __DUMMY__ 0.007192245988359902	false	1.0
opposition	neg 1.0		neg 0.5050035111622873 off 0.48774043944020673 __DUMMY__ 0.007256049397506003	false	1.0
verkehrswidrig	neg 1.0	neg 1.0	neg 0.7302629005364972 off 0.2662243624432696 __DUMMY__ 0.0035127370202331686	false	1.0
inkorrekt	neg 1.0		neg 0.5004529967285656 off 0.492341515492815 __DUMMY__ 0.0072054877786193764	false	1.0
vermeiden	neg 1.0		neg 0.5137960980435776 off 0.4788383253609297 __DUMMY__ 0.007365576595492636	false	1.0
abweichung	neg 1.0		neg 0.5101875434314217 off 0.48251318796161213 __DUMMY__ 0.007299268606966212	false	1.0
alkoholisiert	neg 1.0		neg 0.5056600231932438 off 0.486947674000237 __DUMMY__ 0.0073923028065192445	false	1.0
scheiss	off 1.0	off 1.0	off 0.7320753334466532 neg 0.26445124778426354 __DUMMY__ 0.003473418769083209	false	1.0
herausforderung	neg 1.0	neg 1.0	neg 0.7376749478550897 off 0.25877389888659746 __DUMMY__ 0.003551153258312972	false	1.0
pervers	off 1.0		off 0.502882658749942 neg 0.4899414827173685 __DUMMY__ 0.007175858532689423	false	1.0
wackelig	neg 1.0		neg 0.5045366611506491 off 0.4881049476591628 __DUMMY__ 0.007358391190188293	false	1.0
verwickeln	neg 1.0		neg 0.5036127855001338 off 0.48912519430455137 __DUMMY__ 0.007262020195314838	false	1.0
vorwand	neg 1.0		neg 0.5110043753655291 off 0.4816696336428314 __DUMMY__ 0.007325990991639617	false	1.0
muschi	off 1.0		neg 0.5068947138902831 off 0.48580439130804254 __DUMMY__ 0.00730089480167438	false	0.5
entmutigung	neg 1.0		neg 0.5062164745950151 off 0.4865385440773826 __DUMMY__ 0.007244981327602269	false	1.0
unangemessen	neg 1.0		neg 0.5084953164634466 off 0.48422246691989307 __DUMMY__ 0.00728221661666052	false	1.0
unstetig	neg 1.0		neg 0.5025647883472095 off 0.490122835992047 __DUMMY__ 0.0073123756607434325	false	1.0
entmutigen	neg 1.0		neg 0.5036560878319876 off 0.4890566369473063 __DUMMY__ 0.007287275220706043	false	1.0
schwanz	neg 1.0		neg 0.5094702940067941 off 0.483203369953921 __DUMMY__ 0.007326336039284974	false	1.0
verbot	neg 1.0		neg 0.5100857550414258 off 0.4826391397556314 __DUMMY__ 0.0072751052029428435	false	1.0
leid	neg 1.0		off 0.49923719260659466 neg 0.49352380542780183 __DUMMY__ 0.007239001965603418	false	0.5
archaisch	neg 1.0		neg 0.5070229356044161 off 0.48566856982763223 __DUMMY__ 0.007308494567951567	false	1.0
gegen			neg 0.5106766914743586 off 0.4819751593953431 __DUMMY__ 0.007348149130298245	false	0.0
scheidung	neg 1.0		off 0.5073221029094692 neg 0.48550260550319546 __DUMMY__ 0.007175291587335426	false	0.5
einschlag	neg 1.0	neg 1.0	neg 0.7329105246516523 off 0.2636156340808576 __DUMMY__ 0.0034738412674901035	false	1.0
m			neg 0.5061808352628133 off 0.4864908422128301 __DUMMY__ 0.007328322524356474	false	0.0
abgestanden	neg 1.0		neg 0.5030381617084222 off 0.4896528295662273 __DUMMY__ 0.0073090087253503315	false	1.0
schmierig	off 1.0		off 0.49863020860314405 neg 0.49412889213370054 __DUMMY__ 0.007240899263155277	false	1.0
unpraktisch	neg 1.0		neg 0.5021317448442928 off 0.490549402855361 __DUMMY__ 0.0073188523003461506	false	1.0
wixxer	off 1.0		off 0.5019677180901295 neg 0.4908668352760727 __DUMMY__ 0.007165446633797719	false	1.0
bezeichnet			neg 0.5062953627814535 off 0.48641936160005694 __DUMMY__ 0.007285275618489557	false	0.0
jammerlappen	off 1.0		neg 0.5003131365621607 off 0.4924269040356418 __DUMMY__ 0.007259959402197384	false	0.5
farce	neg 1.0		neg 0.5100868497188689 off 0.48265626578508025 __DUMMY__ 0.007256884496050996	false	1.0
zwecklos	neg 1.0		neg 0.5081945776812248 off 0.48451715310034904 __DUMMY__ 0.007288269218426218	false	1.0
turbulent	neg 1.0		neg 0.5002213597677456 off 0.4925307672145897 __DUMMY__ 0.007247873017664615	false	1.0
invasion	neg 1.0		neg 0.5018825351575446 off 0.4908247968964963 __DUMMY__ 0.00729266794595928	false	1.0
schuld	neg 1.0		neg 0.5044491757167279 off 0.4882659114980059 __DUMMY__ 0.007284912785266099	false	1.0
risiko	neg 1.0		neg 0.5033205305082317 off 0.4893618684406962 __DUMMY__ 0.0073176010510720944	false	1.0
finster	neg 1.0		neg 0.5030039147093396 off 0.4896924698229433 __DUMMY__ 0.007303615467717193	false	1.0
geisteskrank	off 1.0		neg 0.49972021032908576 off 0.4930488996359234 __DUMMY__ 0.007230890034990843	false	0.5
zusammenbrechen	neg 1.0		neg 0.5056164866291454 off 0.48706442843263614 __DUMMY__ 0.007319084938218356	false	1.0
ausbeute	neg 1.0		neg 0.5073973555150769 off 0.4852433518744982 __DUMMY__ 0.007359292610425053	false	1.0
hinterhalt	neg 1.0		neg 0.5051648972491872 off 0.4875000628635248 __DUMMY__ 0.007335039887288022	false	1.0
kritik	neg 1.0		neg 0.5097241113919214 off 0.483009158242685 __DUMMY__ 0.007266730365393534	false	1.0
einschrumpfen	neg 1.0		neg 0.5044113601783604 off 0.48835267164250246 __DUMMY__ 0.007235968179137087	false	1.0
riskant	neg 1.0		neg 0.5094614630615232 off 0.48323279398209645 __DUMMY__ 0.007305742956380476	false	1.0
frustrieren	neg 1.0		neg 0.5088289915209568 off 0.48385919464397115 __DUMMY__ 0.0073118138350720735	false	1.0
groll	neg 1.0		neg 0.5074936408759024 off 0.4851996956476988 __DUMMY__ 0.007306663476398692	false	1.0
gibt			neg 0.5071773561672082 off 0.4855209980165893 __DUMMY__ 0.0073016458162025516	false	0.0
qualvoll	neg 1.0		neg 0.5000018327002957 off 0.4926980257485176 __DUMMY__ 0.007300141551186603	false	1.0
wackeln	neg 1.0	neg 1.0	neg 0.7361475644648355 off 0.2603431221611031 __DUMMY__ 0.003509313374061282	false	1.0
klagen	neg 1.0		neg 0.512591440424199 off 0.48007885005144285 __DUMMY__ 0.0073297095243581535	false	1.0
bankrott	neg 1.0		neg 0.5004974992914578 off 0.49222242179390396 __DUMMY__ 0.007280078914638273	false	1.0
trauern	neg 1.0		neg 0.507494174697696 off 0.4851683068038268 __DUMMY__ 0.007337518498477073	false	1.0
ablehnung	neg 1.0		neg 0.5095855755481876 off 0.483146213929695 __DUMMY__ 0.007268210522117468	false	1.0
stur	neg 1.0		neg 0.5044261857320339 off 0.4883022233065257 __DUMMY__ 0.007271590961440399	false	1.0
aufruhr	neg 1.0		neg 0.5058837151607203 off 0.48681171028242803 __DUMMY__ 0.007304574556851712	false	1.0
melancholie	neg 1.0		neg 0.5064111142261425 off 0.4862615605671684 __DUMMY__ 0.007327325206689072	false	1.0
ist			neg 0.5032094860072751 off 0.4895056844731393 __DUMMY__ 0.007284829519585478	false	0.0
torheit	neg 1.0		neg 0.5059062026354988 off 0.48682986898357405 __DUMMY__ 0.007263928380927196	false	1.0
dreckskind	off 1.0		off 0.4974693340098708 neg 0.4953380843724332 __DUMMY__ 0.007192581617695931	false	1.0
umtauschen	neg 1.0		neg 0.5050361499135988 off 0.4876608424359591 __DUMMY__ 0.007303007650442221	false	1.0
zum			neg 0.510410443031111 off 0.4821709887417568 __DUMMY__ 0.007418568227132156	false	0.0
zersetzen	neg 1.0		neg 0.5116816165034286 off 0.4810192325786226 __DUMMY__ 0.00729915091794883	false	1.0
zur			neg 0.5137810247842106 off 0.4788400347436454 __DUMMY__ 0.007378940472143815	false	0.0
frust	neg 1.0		neg 0.5061701897809141 off 0.4865156450836685 __DUMMY__ 0.007314165135417473	false	1.0
unerbittlichkeit	neg 1.0		neg 0.5111431491079678 off 0.4815513349983234 __DUMMY__ 0.007305515893708734	false	1.0
zwei			neg 0.5091915671509917 off 0.48341768285279474 __DUMMY__ 0.007390749996213667	false	0.0
unkorrekt	neg 1.0		neg 0.5005281894157839 off 0.4922806364812102 __DUMMY__ 0.007191174103005808	false	1.0
hexe	off 1.0		neg 0.4995463928263738 off 0.49319865782635997 __DUMMY__ 0.007254949347266279	false	0.5
lasch	neg 1.0		neg 0.5033128732608395 off 0.4894486011500273 __DUMMY__ 0.007238525589133145	false	1.0
rivale	neg 1.0		neg 0.496736718711217 off 0.49600615069751375 __DUMMY__ 0.0072571305912691505	false	1.0
mutlos	off 1.0	off 1.0	off 0.72546620973634 neg 0.2710529776832614 __DUMMY__ 0.003480812580398549	false	1.0
wirr	off 1.0		neg 0.49985207841863216 off 0.49295285899742197 __DUMMY__ 0.007195062583945879	false	0.5
jahr			neg 0.5079188571505444 off 0.4847097642474963 __DUMMY__ 0.00737137860195914	false	0.0
wird			neg 0.5080749235877542 off 0.4846086282632335 __DUMMY__ 0.007316448149012293	false	0.0
strafbar	neg 1.0		neg 0.5099944698496983 off 0.48271049605387717 __DUMMY__ 0.007295034096424335	false	1.0
erosion	neg 1.0		neg 0.502972029875875 off 0.4897113769821719 __DUMMY__ 0.007316593141953181	false	1.0
eingehen	neg 1.0		neg 0.5093906014929179 off 0.48332482969311297 __DUMMY__ 0.007284568813969069	false	1.0
faul	off 1.0		neg 0.499540034747688 off 0.49317211372501046 __DUMMY__ 0.007287851527301527	false	0.5
provisorium	neg 1.0		neg 0.5153330613669647 off 0.4772700392043683 __DUMMY__ 0.007396899428667176	false	1.0
schmerzen	neg 1.0		neg 0.504306556627641 off 0.4883872695832231 __DUMMY__ 0.007306173789135979	false	1.0
schrumpfen	neg 1.0		neg 0.5159917233730892 off 0.47667562290102217 __DUMMY__ 0.007332653725888617	false	1.0
geistlos	off 1.0		neg 0.5063187202138156 off 0.4864666371860852 __DUMMY__ 0.007214642600099306	false	0.5
fehlkauf	neg 1.0		neg 0.5034752073613998 off 0.48924347570257093 __DUMMY__ 0.0072813169360290645	false	1.0
frustrierend	neg 1.0		neg 0.4997774897803666 off 0.4929314463031226 __DUMMY__ 0.007291063916510705	false	1.0
unzufrieden	neg 1.0		neg 0.5085840276021135 off 0.4841305026102385 __DUMMY__ 0.007285469787647968	false	1.0
verzweifeln	neg 1.0		neg 0.5053326081825339 off 0.4873656242083213 __DUMMY__ 0.007301767609144824	false	1.0
verzweifelt	neg 1.0		neg 0.5036877660821173 off 0.4890306434480488 __DUMMY__ 0.007281590469833809	false	1.0
misstrauensantrag	neg 1.0		neg 0.5036048782129179 off 0.48913006931589964 __DUMMY__ 0.007265052471182386	false	1.0
abfallen	neg 1.0		neg 0.5015709564279542 off 0.4911070854763962 __DUMMY__ 0.00732195809564958	false	1.0
fucker	off 1.0		neg 0.49877865943747157 off 0.4939832017171594 __DUMMY__ 0.007238138845369074	false	0.5
ungezogen	neg 1.0		off 0.5022590904625338 neg 0.49053737713864903 __DUMMY__ 0.007203532398817002	false	0.5
irrsinnig	neg 1.0	neg 1.0	neg 0.7377309908005745 off 0.25879272778991663 __DUMMY__ 0.0034762814095088274	false	1.0
unfassbar	neg 1.0		neg 0.49994933562800636 off 0.49280161397598143 __DUMMY__ 0.007249050396012185	false	1.0
hart	neg 1.0		neg 0.5014343932841138 off 0.49129384353038985 __DUMMY__ 0.00727176318549654	false	1.0
widerlich	off 1.0		neg 0.49974630060757735 off 0.4930223460055946 __DUMMY__ 0.00723135338682792	false	0.5
fatal	neg 1.0		neg 0.5031318714936241 off 0.48958681196946596 __DUMMY__ 0.007281316536909967	false	1.0
bruch	neg 1.0		neg 0.5130769866545455 off 0.4796062079080732 __DUMMY__ 0.0073168054373813135	false	1.0
aushungern	neg 1.0		neg 0.5083821215245569 off 0.48434973306105467 __DUMMY__ 0.007268145414388543	false	1.0
anspannung	neg 1.0	neg 1.0	neg 0.7402603699616621 off 0.25617991441022075 __DUMMY__ 0.0035597156281171505	false	1.0
von			neg 0.5090417619315991 off 0.48359020315651857 __DUMMY__ 0.007368034911882174	false	0.0
kraftlos	neg 1.0		neg 0.5048743808235725 off 0.48778074466833593 __DUMMY__ 0.007344874508091617	false	1.0
vom			neg 0.5133660485866354 off 0.479218590533076 __DUMMY__ 0.007415360880288754	false	0.0
grenzdebil	off 1.0		neg 0.49834279796641257 off 0.49440445694887974 __DUMMY__ 0.007252745084707681	false	0.5
vor			neg 0.5097889353835132 off 0.48286481216787647 __DUMMY__ 0.007346252448610301	false	0.0
unterwerfen	neg 1.0		neg 0.5091152565606486 off 0.48357199501463377 __DUMMY__ 0.007312748424717631	false	1.0
versenkung	neg 1.0		neg 0.5094707869104854 off 0.48321532664243944 __DUMMY__ 0.007313886447075164	false	1.0
entziehen	neg 1.0		neg 0.5119116241131278 off 0.48076131657932325 __DUMMY__ 0.0073270593075489806	false	1.0
finanzkrise	neg 1.0		neg 0.5084676848300748 off 0.48427069236989034 __DUMMY__ 0.0072616228000349425	false	1.0
schimpfend	neg 1.0		neg 0.5017689912387677 off 0.4909081051417689 __DUMMY__ 0.007322903619463358	false	1.0
profan	neg 1.0		neg 0.5021375152955219 off 0.4905866214270175 __DUMMY__ 0.007275863277460705	false	1.0
korruption	neg 1.0	neg 1.0	neg 0.7406262914211612 off 0.25589643535205797 __DUMMY__ 0.0034772732267807525	false	1.0
â			neg 0.5075014994347209 off 0.4851688195168471 __DUMMY__ 0.007329681048432034	false	0.0
schmutzig	neg 1.0		neg 0.4978839394659904 off 0.49484330734159815 __DUMMY__ 0.007272753192411272	false	1.0
sexy	neg 1.0		neg 0.5011236447486956 off 0.49159607314188214 __DUMMY__ 0.007280282109422318	false	1.0
abraten	neg 1.0		neg 0.5027932056642238 off 0.48991961649062316 __DUMMY__ 0.007287177845153033	false	1.0
schwarz	neg 1.0		neg 0.5040953960295708 off 0.48862633303354325 __DUMMY__ 0.007278270936885849	false	1.0
fotze	off 1.0		neg 0.5090505633079143 off 0.48363730794195264 __DUMMY__ 0.007312128750133133	false	0.5
verwirren	neg 1.0		neg 0.5018189441752452 off 0.4909040734230064 __DUMMY__ 0.00727698240174849	false	1.0
zahnlos	off 1.0		neg 0.5084566680503201 off 0.48425662531962427 __DUMMY__ 0.00728670663005556	false	0.5
verheeren	neg 1.0		off 0.5046675650276105 neg 0.4881074263404416 __DUMMY__ 0.007225008631947836	false	0.5
hippie	neg 1.0		neg 0.5020004055111892 off 0.49072240977360315 __DUMMY__ 0.007277184715207472	false	1.0
rammen	neg 1.0		neg 0.5045503549371472 off 0.4881686784827111 __DUMMY__ 0.007280966580141654	false	1.0
unlauter	neg 1.0		neg 0.5089560719771101 off 0.48382608964964136 __DUMMY__ 0.007217838373248534	false	1.0
unheilvoll	neg 1.0		neg 0.5002023685043593 off 0.4924776901317736 __DUMMY__ 0.007319941363866869	false	1.0
niedrig	neg 1.0		neg 0.5090705361151887 off 0.4835991572343664 __DUMMY__ 0.007330306650444822	false	1.0
explosion	neg 1.0		neg 0.5031792579802808 off 0.4895518098443738 __DUMMY__ 0.007268932175345327	false	1.0
weichei	off 1.0		off 0.4987175779995394 neg 0.4940719061791651 __DUMMY__ 0.007210515821295489	false	1.0
minusmensch	off 1.0		off 0.49928130342292876 neg 0.49357854767897213 __DUMMY__ 0.00714014889809921	false	1.0
farblos	neg 1.0		neg 0.5018723558350274 off 0.49075826759635716 __DUMMY__ 0.0073693765686154164	false	1.0
unwissend	neg 1.0	neg 1.0	neg 0.7355516198937634 off 0.26098782535686305 __DUMMY__ 0.0034605547493735105	false	1.0
traurig	neg 1.0		off 0.49679187705934097 neg 0.49595932221741984 __DUMMY__ 0.00724880072323927	false	0.5
senkung	neg 1.0		neg 0.504550384040269 off 0.48821104450779507 __DUMMY__ 0.007238571451935751	false	1.0
ungleich	neg 1.0	neg 1.0	neg 0.7413214934355828 off 0.25519763190486944 __DUMMY__ 0.003480874659547779	false	1.0
heikel	neg 1.0		neg 0.5111967813420957 off 0.4815001648760678 __DUMMY__ 0.0073030537818364	false	1.0
drosselung	neg 1.0		neg 0.4980502006363475 off 0.49468191292885316 __DUMMY__ 0.0072678864347992915	false	1.0
falsch	neg 1.0		neg 0.5004375523249567 off 0.492288589701249 __DUMMY__ 0.007273857973794322	false	1.0
unzufriedenheit	neg 1.0		neg 0.511468846184212 off 0.4812185457029713 __DUMMY__ 0.007312608112816714	false	1.0
kurz	neg 1.0		neg 0.5049921908159881 off 0.48767584664357183 __DUMMY__ 0.007331962540439982	false	1.0
unsinnig	neg 1.0		neg 0.5087063588644988 off 0.4840230446132816 __DUMMY__ 0.007270596522219478	false	1.0
penner	off 1.0	off 1.0	off 0.7355553707279705 neg 0.2610074459971377 __DUMMY__ 0.003437183274891822	false	1.0
seicht	neg 1.0		off 0.4998037215850922 neg 0.4930304608393099 __DUMMY__ 0.007165817575597833	false	0.5
dummheit	off 1.0	off 1.0	off 0.7294888884722026 neg 0.2670439280155196 __DUMMY__ 0.0034671835122777345	false	1.0
unerfreulich	neg 1.0		neg 0.5108858841924221 off 0.4817849705074109 __DUMMY__ 0.007329145300167023	false	1.0
motherfucker	off 1.0	off 1.0	off 0.731761556001361 neg 0.26478494237251726 __DUMMY__ 0.003453501626121688	false	1.0
pikiert	neg 1.0		neg 0.5010370605599656 off 0.49172861868201584 __DUMMY__ 0.007234320758018561	false	1.0
wrack	neg 1.0		neg 0.5062293041873899 off 0.4864070752925008 __DUMMY__ 0.0073636205201092495	false	1.0
gangster	neg 1.0		neg 0.5019967557308513 off 0.490717835527866 __DUMMY__ 0.007285408741282702	false	1.0
krank	neg 1.0		neg 0.4968984149247341 off 0.49583050015677466 __DUMMY__ 0.007271084918491368	false	1.0
reich	neg 1.0		neg 0.5017852606340245 off 0.49096709791923593 __DUMMY__ 0.007247641446739611	false	1.0
gnadenlos	neg 1.0		neg 0.5039639224254997 off 0.4887432281463812 __DUMMY__ 0.007292849428119102	false	1.0
niedergeschlagen	neg 1.0		neg 0.5044057938732974 off 0.4882594863798717 __DUMMY__ 0.007334719746830842	false	1.0
terrorisieren	off 1.0	off 1.0	off 0.7270597950253452 neg 0.26943702142709586 __DUMMY__ 0.003503183547558909	false	1.0
sinnlosigkeit	neg 1.0		neg 0.5078485150045189 off 0.48485785831051575 __DUMMY__ 0.007293626684965351	false	1.0
behindern	neg 1.0		neg 0.5067495754434588 off 0.48596598848532047 __DUMMY__ 0.007284436071220754	false	1.0
undemokratisch	neg 1.0		neg 0.5069639952143487 off 0.48578932502411365 __DUMMY__ 0.0072466797615377	false	1.0
wirtschaftskrise	neg 1.0		neg 0.5101351112874072 off 0.48257888140629074 __DUMMY__ 0.0072860073063022255	false	1.0
neid	neg 1.0		neg 0.49784951125287946 off 0.49484699373738833 __DUMMY__ 0.007303495009732253	false	1.0
rutschen	neg 1.0	neg 1.0	neg 0.7396806400063304 off 0.25677247493387334 __DUMMY__ 0.0035468850597962687	false	1.0
rezession	neg 1.0		neg 0.4974545843012588 off 0.4953393650196848 __DUMMY__ 0.00720605067905641	false	1.0
fehlgeburt	neg 1.0		neg 0.5007739406385728 off 0.49190981763867075 __DUMMY__ 0.007316241722756455	false	1.0
charakterschwach	off 1.0		neg 0.4989433805869761 off 0.49380376188360636 __DUMMY__ 0.007252857529417467	false	0.5
isolation	neg 1.0		neg 0.5001570253302633 off 0.4925577862908892 __DUMMY__ 0.007285188378847393	false	1.0
ablenkung	neg 1.0		neg 0.5041264543469935 off 0.4885711159306841 __DUMMY__ 0.007302429722322307	false	1.0
pech	neg 1.0		neg 0.5004876435596983 off 0.4922338842155189 __DUMMY__ 0.00727847222478258	false	1.0
vermeidung	neg 1.0		neg 0.49999856778834584 off 0.4927716532760844 __DUMMY__ 0.007229778935569757	false	1.0
dominieren	neg 1.0		neg 0.5067158249996547 off 0.48593963940237955 __DUMMY__ 0.007344535597965896	false	1.0
schwindlig	neg 1.0		neg 0.49917363088216193 off 0.4934944376222568 __DUMMY__ 0.007331931495581233	false	1.0
lutscher	neg 1.0		off 0.5007597034240817 neg 0.4920743886996389 __DUMMY__ 0.007165907876279521	false	0.5
pflicht	neg 1.0		neg 0.5113112765465561 off 0.48138294870653825 __DUMMY__ 0.007305774746905645	false	1.0
faschist	off 1.0		neg 0.5046832858949752 off 0.4880818016551736 __DUMMY__ 0.007234912449851128	false	0.5
verschleudern	neg 1.0		neg 0.5136061076987423 off 0.4791485499757454 __DUMMY__ 0.007245342325512341	false	1.0
wenn			neg 0.5003274528150242 off 0.4924016916264309 __DUMMY__ 0.007270855558545014	false	0.0
ehebruch	neg 1.0		neg 0.5088570632353947 off 0.48383879302111366 __DUMMY__ 0.007304143743491472	false	1.0
spott	off 1.0		neg 0.5106265762988067 off 0.4820856690751554 __DUMMY__ 0.0072877546260379355	false	0.5
trostlosigkeit	neg 1.0		neg 0.5105318755808337 off 0.4821255991348115 __DUMMY__ 0.007342525284354661	false	1.0
lutschen	neg 1.0		neg 0.5036207427790692 off 0.4891194105949882 __DUMMY__ 0.007259846625942732	false	1.0
undiszipliniert	neg 1.0		neg 0.4963762039575314 off 0.49636326603840963 __DUMMY__ 0.0072605300040590156	false	1.0
kopfschmerz	neg 1.0		neg 0.5046884217034955 off 0.48798107318495365 __DUMMY__ 0.007330505111550897	false	1.0
unvorhergesehen	neg 1.0		neg 0.505777298975777 off 0.486857122190803 __DUMMY__ 0.007365578833420087	false	1.0
desinteressiert	neg 1.0		neg 0.4980119924808732 off 0.4947505700440776 __DUMMY__ 0.007237437475049356	false	1.0
armselig	off 1.0		neg 0.49858726082948684 off 0.49420604488780584 __DUMMY__ 0.007206694282707232	false	0.5
desaster	neg 1.0		neg 0.5136673783934643 off 0.47901298104389994 __DUMMY__ 0.007319640562635695	false	1.0
tod	neg 1.0		neg 0.5052580194844212 off 0.4873801099244758 __DUMMY__ 0.007361870591102968	false	1.0
herzlos	neg 1.0		neg 0.4966325307894649 off 0.49614039270973764 __DUMMY__ 0.007227076500797498	false	1.0
unwissenheit	neg 1.0		neg 0.5098910731612698 off 0.48284337945835626 __DUMMY__ 0.00726554738037381	false	1.0
widersinnig	neg 1.0	neg 1.0	neg 0.7409094860383947 off 0.25563006409976397 __DUMMY__ 0.003460449861841377	false	1.0
bedenklich	neg 1.0		neg 0.5098772979286605 off 0.48282987750357304 __DUMMY__ 0.007292824567766452	false	1.0
beanstanden	neg 1.0		neg 0.5114819556396956 off 0.48120142458946774 __DUMMY__ 0.007316619770836704	false	1.0
panisch	neg 1.0	neg 1.0	neg 0.7344224347748385 off 0.2620654437417796 __DUMMY__ 0.0035121214833819495	false	1.0
debil	off 1.0		neg 0.5150757843525617 off 0.4775590229752954 __DUMMY__ 0.007365192672142782	false	0.5
abstrich	neg 1.0		neg 0.5085081213113304 off 0.48419299987338416 __DUMMY__ 0.0072988788152853765	false	1.0
primitiv	neg 1.0		neg 0.49906888562845125 off 0.4936978679567093 __DUMMY__ 0.007233246414839473	false	1.0
abschaum	off 1.0	off 1.0	off 0.7308433068083852 neg 0.26569282938556493 __DUMMY__ 0.003463863806049926	false	1.0
provozieren	neg 1.0		neg 0.5050759607518793 off 0.48764603611919133 __DUMMY__ 0.007278003128929359	false	1.0
tot	neg 1.0		neg 0.5094191418338828 off 0.48327601605116055 __DUMMY__ 0.007304842114956779	false	1.0
instabil	neg 1.0		neg 0.5010319211093599 off 0.49176470918997855 __DUMMY__ 0.007203369700661656	false	1.0
schwuchtel	off 1.0		off 0.5049389572488707 neg 0.48792690169455577 __DUMMY__ 0.007134141056573613	false	1.0
zerren	neg 1.0		neg 0.5044152309145741 off 0.4882510780515556 __DUMMY__ 0.0073336910338703725	false	1.0
kinderficker	off 1.0		neg 0.49696137054791606 off 0.49585969704044275 __DUMMY__ 0.007178932411641187	false	0.5
gefahr	neg 1.0		neg 0.5105654764330068 off 0.4821094982721402 __DUMMY__ 0.007325025294853194	false	1.0
rabiat	neg 1.0		neg 0.5058466688294492 off 0.48687368195101616 __DUMMY__ 0.007279649219534663	false	1.0
verlangsamung	neg 1.0		off 0.4998668938807433 neg 0.4929274697071506 __DUMMY__ 0.007205636412106122	false	0.5
ausgestorben	neg 1.0		neg 0.5042300785387545 off 0.48844895571394736 __DUMMY__ 0.007320965747298176	false	1.0
anklagen	neg 1.0		neg 0.5078397432117878 off 0.48487169753102144 __DUMMY__ 0.007288559257190843	false	1.0
trott	neg 1.0		neg 0.5049597758160267 off 0.4877299545308697 __DUMMY__ 0.0073102696531036	false	1.0
verminderung	neg 1.0		neg 0.49856911987664754 off 0.49419569711838973 __DUMMY__ 0.007235183004962833	false	1.0
nach			neg 0.5092573613722203 off 0.48331392437985765 __DUMMY__ 0.007428714247921935	false	0.0
rost	neg 1.0		off 0.49956126266900636 neg 0.49321098247370077 __DUMMY__ 0.007227754857292745	false	0.5
destruktiv	neg 1.0		neg 0.5077693526903656 off 0.4849720314718967 __DUMMY__ 0.007258615837737722	false	1.0
unzumutbarkeit	neg 1.0		neg 0.49928544755021503 off 0.49343397721255555 __DUMMY__ 0.007280575237229329	false	1.0
labil	off 1.0	off 1.0	off 0.7308142121434665 neg 0.26572091297292366 __DUMMY__ 0.0034648748836098	false	1.0
ziemlich	neg 1.0		neg 0.49814761365304905 off 0.49458283976297673 __DUMMY__ 0.007269546583974251	false	1.0
lachnummer	off 1.0		neg 0.5065946109024713 off 0.4861306026214785 __DUMMY__ 0.007274786476050293	false	0.5
oder			neg 0.5033323126041209 off 0.48935234007229267 __DUMMY__ 0.007315347323586379	false	0.0
verfall	neg 1.0		neg 0.5152877674417048 off 0.4773685524951088 __DUMMY__ 0.007343680063186365	false	1.0
ausgrenzung	neg 1.0		neg 0.5055271156451239 off 0.48721947445516 __DUMMY__ 0.007253409899716138	false	1.0
unordnung	neg 1.0		neg 0.49778385869621194 off 0.4949298662996511 __DUMMY__ 0.007286275004137098	false	1.0
fehlverhalten	neg 1.0		neg 0.5108497178979672 off 0.4818441314530619 __DUMMY__ 0.0073061506489710375	false	1.0
eine			neg 0.5104345836150408 off 0.4822386735045832 __DUMMY__ 0.007326742880375902	false	0.0
nille	neg 1.0		neg 0.5062208597959995 off 0.4864763169008281 __DUMMY__ 0.007302823303172388	false	1.0
qual	neg 1.0		neg 0.505351400772231 off 0.48734039699412846 __DUMMY__ 0.007308202233640721	false	1.0
verschwenden	neg 1.0		neg 0.5089786193255333 off 0.48372513937092343 __DUMMY__ 0.0072962413035431275	false	1.0
riesig	neg 1.0	neg 1.0	neg 0.7382231523451112 off 0.25825441525081866 __DUMMY__ 0.00352243240407011	false	1.0
verurteilen	neg 1.0		neg 0.5082909865475681 off 0.4844169491415489 __DUMMY__ 0.00729206431088301	false	1.0
klischee	neg 1.0	neg 1.0	neg 0.7367231091434743 off 0.2598156210146408 __DUMMY__ 0.003461269841884962	false	1.0
diktatorisch	neg 1.0		neg 0.5069903977877265 off 0.48577597205658796 __DUMMY__ 0.007233630155685701	false	1.0
vorhersehbar	neg 1.0	neg 1.0	neg 0.7368574421158758 off 0.25967481531460423 __DUMMY__ 0.003467742569519975	false	1.0
sowie			off 0.49791126388657275 neg 0.49487540022163173 __DUMMY__ 0.007213335891795525	false	0.0
stornieren	neg 1.0		neg 0.4999695945051976 off 0.49266918937437104 __DUMMY__ 0.007361216120431283	false	1.0
besteuerung	neg 1.0		neg 0.5074194919941816 off 0.4853409484786652 __DUMMY__ 0.007239559527153192	false	1.0
ungeschminkt	neg 1.0		neg 0.4998777747268711 off 0.49288842115988935 __DUMMY__ 0.00723380411323957	false	1.0
kritisch	neg 1.0		neg 0.5101212829885721 off 0.48258469248497216 __DUMMY__ 0.0072940245264556365	false	1.0
schlamperei	off 1.0		neg 0.5116581758898995 off 0.48104980309987466 __DUMMY__ 0.0072920210102258515	false	0.5
sucht	neg 1.0	neg 1.0	neg 0.7368056084428 off 0.2596878270168834 __DUMMY__ 0.0035065645403166033	false	1.0
egoistisch	off 1.0		off 0.49910602180493 neg 0.4936731791444651 __DUMMY__ 0.007220799050604901	false	1.0
ausbeuter	off 1.0		neg 0.5120549536418584 off 0.48065632041117884 __DUMMY__ 0.0072887259469626604	false	0.5
arschgeburt	off 1.0		off 0.5044206346834653 neg 0.488456248272588 __DUMMY__ 0.0071231170439466415	false	1.0
schubs	neg 1.0	neg 1.0	neg 0.7378913532348674 off 0.25859480821398023 __DUMMY__ 0.0035138385511522857	false	1.0
unsolide	neg 1.0		neg 0.5088204386509105 off 0.48398965794399496 __DUMMY__ 0.007189903405094387	false	1.0
beschwerde	neg 1.0		neg 0.5114450283658324 off 0.48126431930614133 __DUMMY__ 0.007290652328026421	false	1.0
stocken	neg 1.0		neg 0.5095643771005852 off 0.48312704948651297 __DUMMY__ 0.0073085734129016075	false	1.0
isolieren	neg 1.0		neg 0.5093646813234891 off 0.4833493662127662 __DUMMY__ 0.007285952463744619	false	1.0
unheilbar	neg 1.0		neg 0.5025144879655645 off 0.4901607616704538 __DUMMY__ 0.007324750363981646	false	1.0
pisser	off 1.0		neg 0.4976970604226013 off 0.4950538508073819 __DUMMY__ 0.007249088770016902	false	0.5
löschen	neg 1.0		neg 0.5050632328470934 off 0.4876385348419881 __DUMMY__ 0.007298232310918342	false	1.0
durchfallen	neg 1.0		neg 0.5094716676091993 off 0.48325460234502227 __DUMMY__ 0.007273730045778394	false	1.0
wichser	off 1.0		off 0.5036500630870405 neg 0.48916281233895076 __DUMMY__ 0.0071871245740085885	false	1.0
terror	neg 1.0		neg 0.5006741698800703 off 0.4920214446624327 __DUMMY__ 0.007304385457497198	false	1.0
krass	neg 1.0		off 0.4966668564918565 neg 0.4961101080130672 __DUMMY__ 0.007223035495076284	false	0.5
revolte	neg 1.0		neg 0.5049241359101156 off 0.487826501326846 __DUMMY__ 0.007249362763038138	false	1.0
besorgt	neg 1.0		neg 0.5047318074107437 off 0.48792108664425776 __DUMMY__ 0.007347105944998465	false	1.0
nachlassen	neg 1.0		neg 0.5091943405037559 off 0.48348497504160276 __DUMMY__ 0.007320684454641327	false	1.0
alt	neg 1.0		neg 0.5081087096473145 off 0.48457841730858164 __DUMMY__ 0.007312873044104034	false	1.0
hundesohn	off 1.0		off 0.500193166177079 neg 0.49263854206235785 __DUMMY__ 0.0071682917605631665	false	1.0
als			neg 0.5054444005275956 off 0.48722520007470094 __DUMMY__ 0.0073303993977034895	false	0.0
abschreckung	neg 1.0		neg 0.5115541324133951 off 0.4811187068230351 __DUMMY__ 0.0073271607635698325	false	1.0
unqualifiziert	neg 1.0		neg 0.5049473872937701 off 0.4878332061605666 __DUMMY__ 0.007219406545663149	false	1.0
abgewichst	off 1.0		neg 0.5063963431357965 off 0.4862903189839378 __DUMMY__ 0.0073133378802657	false	0.5
schwer	neg 1.0		neg 0.504696114316065 off 0.4880012800949745 __DUMMY__ 0.00730260558896058	false	1.0
bedeutungslosigkeit	neg 1.0		neg 0.5112402846654928 off 0.4814479627318032 __DUMMY__ 0.007311752602704042	false	1.0
kapitulation	neg 1.0		neg 0.5114635400463998 off 0.48126102650688246 __DUMMY__ 0.007275433446717611	false	1.0
unscharf	neg 1.0		neg 0.5027239093883531 off 0.49000251823347596 __DUMMY__ 0.007273572378170955	false	1.0
schwinden	neg 1.0		neg 0.5113155040019823 off 0.4813722287802298 __DUMMY__ 0.007312267217787726	false	1.0
versklavung	neg 1.0		neg 0.507176170395152 off 0.4855855490114754 __DUMMY__ 0.007238280593372815	false	1.0
schlecht	neg 1.0		neg 0.4977986935519934 off 0.494927618615077 __DUMMY__ 0.007273687832929719	false	1.0
verhasst	neg 1.0		neg 0.5044641829199912 off 0.4882565305345497 __DUMMY__ 0.007279286545459323	false	1.0
beschweren	neg 1.0		neg 0.5030835123232961 off 0.48963314582958234 __DUMMY__ 0.007283341847121614	false	1.0
scheiden	neg 1.0		neg 0.500747558850627 off 0.4918954622264165 __DUMMY__ 0.0073569789229565525	false	1.0
frustriert	neg 1.0		neg 0.5059434036160703 off 0.48675023528983624 __DUMMY__ 0.00730636109409344	false	1.0
schimmelig	neg 1.0		neg 0.5082876381626632 off 0.48438811756772937 __DUMMY__ 0.007324244269607451	false	1.0
fisch	neg 1.0		neg 0.5065547020840266 off 0.48606307983257785 __DUMMY__ 0.00738221808339543	false	1.0
schmuggel	neg 1.0		neg 0.5074808099536793 off 0.48514565763210926 __DUMMY__ 0.0073735324142115	false	1.0
auffallen	neg 1.0		neg 0.5021642220938676 off 0.49055309131266495 __DUMMY__ 0.007282686593467553	false	1.0
konkurrenz	neg 1.0	neg 1.0	neg 0.7415640564089365 off 0.25493041641631314 __DUMMY__ 0.003505527174750275	false	1.0
teufelskreis	neg 1.0		neg 0.5059985512441751 off 0.48670774058703326 __DUMMY__ 0.007293708168791659	false	1.0
aufschreien	neg 1.0		neg 0.503202062618517 off 0.48953010381874434 __DUMMY__ 0.007267833562738754	false	1.0
schuldner	neg 1.0		neg 0.5104321473085839 off 0.48224629465038366 __DUMMY__ 0.007321558041032347	false	1.0
missgeburt	off 1.0	off 1.0	off 0.7341735009309692 neg 0.26238150541449956 __DUMMY__ 0.0034449936545312577	false	1.0
arbeitslos	neg 1.0		neg 0.5090173118440701 off 0.4837064858126381 __DUMMY__ 0.007276202343291787	false	1.0
befallen	neg 1.0		neg 0.5070469235183347 off 0.48565516160208955 __DUMMY__ 0.007297914879575708	false	1.0
miesepetrig	off 1.0	off 1.0	off 0.7323805406974233 neg 0.26414439798217354 __DUMMY__ 0.0034750613204030667	false	1.0
alarmieren	neg 1.0		neg 0.5021322972596785 off 0.490626758167815 __DUMMY__ 0.007240944572506717	false	1.0
ungeduscht	off 1.0		neg 0.5004011365304172 off 0.49231588783107455 __DUMMY__ 0.007282975638508341	false	0.5
knappheit	neg 1.0		neg 0.5114058837014135 off 0.4813207884770448 __DUMMY__ 0.007273327821541692	false	1.0
schlange	neg 1.0		neg 0.5007691310620147 off 0.49190721303920926 __DUMMY__ 0.0073236558987759635	false	1.0
harsch	neg 1.0		off 0.49906394561001044 neg 0.4936827067120433 __DUMMY__ 0.007253347677946293	false	0.5
lang	neg 1.0		neg 0.5041827818534298 off 0.48851443067715006 __DUMMY__ 0.00730278746942014	false	1.0
ziellos	neg 1.0		neg 0.5062370371962751 off 0.4864309075187842 __DUMMY__ 0.007332055284940595	false	1.0
selbstverliebt	neg 1.0		off 0.5022282569219673 neg 0.4906289829343275 __DUMMY__ 0.007142760143705233	false	0.5
beseitigen	neg 1.0	neg 1.0	neg 0.7372271157686137 off 0.25926097529607856 __DUMMY__ 0.0035119089353077373	false	1.0
dumm	off 1.0		off 0.4992377160121296 neg 0.4935624491736366 __DUMMY__ 0.0071998348142339125	false	1.0
arbeitsloser	neg 1.0		neg 0.5082783410641992 off 0.4844124487702952 __DUMMY__ 0.007309210165505599	false	1.0
blitzen	neg 1.0		neg 0.5016676595456697 off 0.4910535532014659 __DUMMY__ 0.007278787252864364	false	1.0
hilflos	neg 1.0		neg 0.5062864183109786 off 0.4864028471235991 __DUMMY__ 0.0073107345654222205	false	1.0
eklig	off 1.0		off 0.5000703763887459 neg 0.4927312751598706 __DUMMY__ 0.007198348451383455	false	1.0
begriff			neg 0.5075243256715275 off 0.48519451663937035 __DUMMY__ 0.007281157689102041	false	0.0
hungersnot	neg 1.0		neg 0.5060630240577846 off 0.4866176447809891 __DUMMY__ 0.007319331161226259	false	1.0
ungesetzlich	neg 1.0		neg 0.5086747934251619 off 0.48413434783072135 __DUMMY__ 0.007190858744116737	false	1.0
verschwendung	neg 1.0		neg 0.5096239182098922 off 0.48306144879104757 __DUMMY__ 0.007314632999060308	false	1.0
schmerzvoll	neg 1.0		neg 0.5026460660556774 off 0.49006273513875814 __DUMMY__ 0.00729119880556453	false	1.0
vorzeitig	neg 1.0		neg 0.5002844165030548 off 0.49241423482301444 __DUMMY__ 0.007301348673930763	false	1.0
unvollkommenheit	neg 1.0		neg 0.5033010489842068 off 0.4893213610140601 __DUMMY__ 0.0073775900017330935	false	1.0
intervenieren	neg 1.0		neg 0.5118183377425235 off 0.48089574024415815 __DUMMY__ 0.007285922013318445	false	1.0
banause	off 1.0		off 0.5006708529155022 neg 0.492168161023702 __DUMMY__ 0.007160986060795785	false	1.0
rebell	neg 1.0		neg 0.5120889723740613 off 0.48056386359478365 __DUMMY__ 0.007347164031155114	false	1.0
unlogisch	neg 1.0		neg 0.4966504808090521 off 0.4961159003729056 __DUMMY__ 0.007233618818042417	false	1.0
leiden	neg 1.0		neg 0.5054416789657611 off 0.4871643880209203 __DUMMY__ 0.007393933013318541	false	1.0
abschaffung	neg 1.0		neg 0.5072087154811329 off 0.48554267046154626 __DUMMY__ 0.007248614057320912	false	1.0
sturz	neg 1.0		neg 0.5043762559968985 off 0.4883159983687105 __DUMMY__ 0.007307745634390934	false	1.0
verkleinerung	neg 1.0		neg 0.5054964221646379 off 0.487285483379044 __DUMMY__ 0.007218094456318175	false	1.0
schmarotzer	off 1.0		neg 0.5093959617178203 off 0.4833315691735949 __DUMMY__ 0.0072724691085848765	false	0.5
bestrafung	neg 1.0		neg 0.5039342050096567 off 0.48878454303115865 __DUMMY__ 0.007281251959184739	false	1.0
achtlos	neg 1.0		neg 0.5039566071772038 off 0.488727143338293 __DUMMY__ 0.007316249484503108	false	1.0
