unsolidarisch	neg 1.0		neg 0.5098488986207422 off 0.482930378140565 __DUMMY__ 0.007220723238692852	false	1.0
nachteilig	neg 1.0		neg 0.5106236823982039 off 0.4820774035097174 __DUMMY__ 0.007298914092078742	false	1.0
skeptisch	neg 1.0		neg 0.5108434688630747 off 0.4818435410092484 __DUMMY__ 0.007312990127676784	false	1.0
schrecklich	neg 1.0		off 0.49759472956985346 neg 0.4951667973561028 __DUMMY__ 0.00723847307404374	false	0.5
schlapp	neg 1.0		neg 0.49905153712119804 off 0.4936721403102143 __DUMMY__ 0.007276322568587586	false	1.0
abfall	neg 1.0		neg 0.513176787996369 off 0.4794893063340905 __DUMMY__ 0.007333905669540483	false	1.0
widerspenstig	neg 1.0		neg 0.5043597712647035 off 0.48833659177295424 __DUMMY__ 0.007303636962342276	false	1.0
abrupt	neg 1.0		neg 0.5078615584425912 off 0.4847898007459298 __DUMMY__ 0.007348640811478957	false	1.0
unwirksam	neg 1.0		neg 0.5085868712314472 off 0.48417416014386916 __DUMMY__ 0.007238968624683658	false	1.0
angreifen	neg 1.0	neg 1.0	neg 0.7408525233401926 off 0.25565090950231434 __DUMMY__ 0.0034965671574930645	false	1.0
inkonsistent	neg 1.0		neg 0.5034254921825384 off 0.48927393653436374 __DUMMY__ 0.0073005712830978495	false	1.0
abrutschen	neg 1.0		neg 0.5127315939230879 off 0.4799345015325803 __DUMMY__ 0.007333904544331857	false	1.0
unsicher	neg 1.0		neg 0.5043024040414028 off 0.48839129416693067 __DUMMY__ 0.007306301791666539	false	1.0
bauernkind	off 1.0	off 1.0	off 0.7321378946261655 neg 0.2644322571623222 __DUMMY__ 0.003429848211512282	false	1.0
angreifer	neg 1.0		neg 0.502928262944535 off 0.4897693558592527 __DUMMY__ 0.007302381196212495	false	1.0
trennen	neg 1.0		neg 0.5064155437258551 off 0.4862165738242248 __DUMMY__ 0.007367882449920044	false	1.0
schmutz	neg 1.0		neg 0.4994911576318746 off 0.4931587375000371 __DUMMY__ 0.00735010486808826	false	1.0
inkonsistenz	neg 1.0		neg 0.5038219859527391 off 0.4889577862521509 __DUMMY__ 0.0072202277951099805	false	1.0
erschreckend	neg 1.0		neg 0.5071281183896905 off 0.48558620494120774 __DUMMY__ 0.007285676669101654	false	1.0
ertrinken	neg 1.0		neg 0.5068080665393369 off 0.48584699978981327 __DUMMY__ 0.007344933670849845	false	1.0
pickelface	off 1.0		neg 0.5074131192909667 off 0.48528567793919375 __DUMMY__ 0.0073012027698396605	false	0.5
seiner			neg 0.5088277129073587 off 0.48383577393015964 __DUMMY__ 0.007336513162481748	false	0.0
lauch	neg 1.0		neg 0.5135488288515431 off 0.47913378261199757 __DUMMY__ 0.007317388536459306	false	1.0
unwichtig	neg 1.0		neg 0.5008542730059516 off 0.4918912508693266 __DUMMY__ 0.007254476124721703	false	1.0
steuerhinterziehung	neg 1.0		neg 0.5093623552146624 off 0.48337220077986703 __DUMMY__ 0.007265444005470488	false	1.0
schock	neg 1.0		neg 0.503498206187135 off 0.489161233812209 __DUMMY__ 0.0073405600006561655	false	1.0
beule	neg 1.0		neg 0.498499662462733 off 0.4942221862653364 __DUMMY__ 0.007278151271930509	false	1.0
vergelten	neg 1.0		off 0.49816072746837664 neg 0.49455570631816886 __DUMMY__ 0.007283566213454431	false	0.5
verdorbenheit	neg 1.0		neg 0.5047938249516623 off 0.4878962108129161 __DUMMY__ 0.007309964235421764	false	1.0
trauma	neg 1.0		neg 0.5038742240853572 off 0.4888329732951364 __DUMMY__ 0.0072928026195064445	false	1.0
sinnlos	neg 1.0		neg 0.5015916090685293 off 0.4911093796639803 __DUMMY__ 0.007299011267490482	false	1.0
fettsack	off 1.0	off 1.0	off 0.7342898795371432 neg 0.2622641801874821 __DUMMY__ 0.0034459402753747813	false	1.0
feige	off 1.0	off 1.0	off 0.7308743920697461 neg 0.26566795027466533 __DUMMY__ 0.0034576576555885906	false	1.0
abdanken	neg 1.0		neg 0.5078894240437359 off 0.48483997546747104 __DUMMY__ 0.007270600488792878	false	1.0
wichtigtuer	off 1.0	off 1.0	off 0.7294277464364027 neg 0.26710153378606705 __DUMMY__ 0.00347071977753015	false	1.0
misslingen	neg 1.0		neg 0.49981414604635555 off 0.49282451962193213 __DUMMY__ 0.007361334331712274	false	1.0
untreu	off 1.0		neg 0.49973845832058855 off 0.49301702885753046 __DUMMY__ 0.007244512821880908	false	0.5
missmutig	neg 1.0		neg 0.5001585938741457 off 0.49257731895210805 __DUMMY__ 0.0072640871737461475	false	1.0
hurenbock	off 1.0		neg 0.5023751287378239 off 0.4903171604427412 __DUMMY__ 0.007307710819434998	false	0.5
betrunken	neg 1.0		off 0.4971001089650342 neg 0.495621492031129 __DUMMY__ 0.007278399003836699	false	0.5
korrupt	off 1.0		neg 0.5112358824053657 off 0.48151524499300924 __DUMMY__ 0.0072488726016249495	false	0.5
unmut	neg 1.0		neg 0.5135339530393427 off 0.4791405316338606 __DUMMY__ 0.007325515326796697	false	1.0
hackfresse	off 1.0		off 0.4997988248784221 neg 0.49300568109602155 __DUMMY__ 0.0071954940255561815	false	1.0
aufblasen	neg 1.0		neg 0.5019782704702317 off 0.49070843834640143 __DUMMY__ 0.00731329118336684	false	1.0
gewaltsam	neg 1.0		neg 0.5055317798821838 off 0.4871604060924602 __DUMMY__ 0.007307814025355998	false	1.0
unbeliebtheit	neg 1.0		neg 0.5060640279201752 off 0.48675818190563147 __DUMMY__ 0.007177790174193217	false	1.0
sturheit	neg 1.0		neg 0.5074092426106843 off 0.48530888152058077 __DUMMY__ 0.007281875868734809	false	1.0
kuh	neg 1.0		neg 0.5063511551798658 off 0.4863925188095544 __DUMMY__ 0.007256326010579692	false	1.0
erschrecken	neg 1.0		neg 0.5000008965963555 off 0.4927160285637634 __DUMMY__ 0.007283074839881039	false	1.0
opfer	neg 1.0		neg 0.5075445621887836 off 0.4851235277311866 __DUMMY__ 0.007331910080029587	false	1.0
sinken	neg 1.0		neg 0.5122949500320518 off 0.48037292299978673 __DUMMY__ 0.007332126968161461	false	1.0
stinktier	neg 1.0		off 0.4965363633129862 neg 0.4962561082030272 __DUMMY__ 0.00720752848398667	false	0.5
tucke	off 1.0		off 0.49773867886827267 neg 0.495114205635861 __DUMMY__ 0.007147115495866459	false	1.0
ein			neg 0.5032581150681295 off 0.4894355832222298 __DUMMY__ 0.00730630170964077	false	0.0
abstieg	neg 1.0		neg 0.5076001570947973 off 0.48504899724781114 __DUMMY__ 0.007350845657391681	false	1.0
missverstehen	neg 1.0		neg 0.5033696041920389 off 0.4893669851384373 __DUMMY__ 0.007263410669523922	false	1.0
ergebnislos	neg 1.0		neg 0.5102674683835081 off 0.4824231451262009 __DUMMY__ 0.007309386490290961	false	1.0
unter			neg 0.5141263191376005 off 0.47846155597197243 __DUMMY__ 0.007412124890427011	false	0.0
manipulieren	neg 1.0		neg 0.5107949041512739 off 0.48189290568740784 __DUMMY__ 0.007312190161318227	false	1.0
unbewiesen	neg 1.0		neg 0.5102330378172495 off 0.4825587894609057 __DUMMY__ 0.007208172721844786	false	1.0
verschleppen	neg 1.0		neg 0.5080876477308731 off 0.48460324129185484 __DUMMY__ 0.007309110977272138	false	1.0
weib	off 1.0		off 0.4995508248821558 neg 0.49325692912948443 __DUMMY__ 0.00719224598835991	false	1.0
opposition	neg 1.0		neg 0.5050035111622868 off 0.4877404394402072 __DUMMY__ 0.007256049397505989	false	1.0
verkehrswidrig	neg 1.0	neg 1.0	neg 0.7302629005364976 off 0.26622436244326936 __DUMMY__ 0.003512737020233165	false	1.0
inkorrekt	neg 1.0		neg 0.5004529967285656 off 0.4923415154928151 __DUMMY__ 0.007205487778619383	false	1.0
vermeiden	neg 1.0		neg 0.5137960980435775 off 0.4788383253609298 __DUMMY__ 0.007365576595492633	false	1.0
abweichung	neg 1.0		neg 0.5101875434314224 off 0.4825131879616114 __DUMMY__ 0.007299268606966217	false	1.0
alkoholisiert	neg 1.0		neg 0.5056600231932435 off 0.48694767400023714 __DUMMY__ 0.0073923028065192575	false	1.0
scheiss	off 1.0	off 1.0	off 0.7320753334466533 neg 0.26445124778426354 __DUMMY__ 0.0034734187690832036	false	1.0
herausforderung	neg 1.0	neg 1.0	neg 0.7376749478550896 off 0.2587738988865975 __DUMMY__ 0.003551153258312971	false	1.0
pervers	off 1.0		off 0.5028826587499418 neg 0.4899414827173688 __DUMMY__ 0.007175858532689427	false	1.0
wackelig	neg 1.0		neg 0.5045366611506482 off 0.4881049476591636 __DUMMY__ 0.007358391190188292	false	1.0
verwickeln	neg 1.0		neg 0.5036127855001333 off 0.48912519430455187 __DUMMY__ 0.007262020195314833	false	1.0
vorwand	neg 1.0		neg 0.5110043753655286 off 0.481669633642832 __DUMMY__ 0.007325990991639637	false	1.0
muschi	off 1.0		neg 0.5068947138902828 off 0.48580439130804276 __DUMMY__ 0.007300894801674367	false	0.5
entmutigung	neg 1.0		neg 0.5062164745950148 off 0.4865385440773829 __DUMMY__ 0.007244981327602276	false	1.0
unangemessen	neg 1.0		neg 0.5084953164634473 off 0.48422246691989235 __DUMMY__ 0.007282216616660497	false	1.0
unstetig	neg 1.0		neg 0.5025647883472095 off 0.49012283599204703 __DUMMY__ 0.0073123756607434255	false	1.0
entmutigen	neg 1.0		neg 0.5036560878319876 off 0.4890566369473063 __DUMMY__ 0.007287275220706042	false	1.0
schwanz	neg 1.0		neg 0.5094702940067941 off 0.4832033699539208 __DUMMY__ 0.007326336039284972	false	1.0
verbot	neg 1.0		neg 0.510085755041426 off 0.4826391397556312 __DUMMY__ 0.007275105202942853	false	1.0
leid	neg 1.0		off 0.49923719260659477 neg 0.4935238054278019 __DUMMY__ 0.007239001965603427	false	0.5
archaisch	neg 1.0		neg 0.5070229356044162 off 0.48566856982763196 __DUMMY__ 0.0073084945679515725	false	1.0
gegen			neg 0.5106766914743582 off 0.48197515939534347 __DUMMY__ 0.007348149130298237	false	0.0
scheidung	neg 1.0		off 0.5073221029094692 neg 0.4855026055031954 __DUMMY__ 0.007175291587335423	false	0.5
einschlag	neg 1.0	neg 1.0	neg 0.7329105246516522 off 0.26361563408085764 __DUMMY__ 0.0034738412674901018	false	1.0
m			neg 0.5061808352628135 off 0.48649084221282995 __DUMMY__ 0.007328322524356494	false	0.0
abgestanden	neg 1.0		neg 0.5030381617084219 off 0.48965282956622774 __DUMMY__ 0.007309008725350321	false	1.0
schmierig	off 1.0		off 0.49863020860314416 neg 0.4941288921337006 __DUMMY__ 0.007240899263155278	false	1.0
unpraktisch	neg 1.0		neg 0.5021317448442928 off 0.490549402855361 __DUMMY__ 0.007318852300346139	false	1.0
wixxer	off 1.0		off 0.50196771809013 neg 0.4908668352760723 __DUMMY__ 0.007165446633797721	false	1.0
bezeichnet			neg 0.5062953627814539 off 0.4864193616000565 __DUMMY__ 0.0072852756184895616	false	0.0
jammerlappen	off 1.0		neg 0.5003131365621607 off 0.492426904035642 __DUMMY__ 0.007259959402197376	false	0.5
farce	neg 1.0		neg 0.510086849718869 off 0.48265626578508003 __DUMMY__ 0.007256884496051013	false	1.0
zwecklos	neg 1.0		neg 0.5081945776812247 off 0.4845171531003491 __DUMMY__ 0.007288269218426194	false	1.0
turbulent	neg 1.0		neg 0.5002213597677457 off 0.49253076721458955 __DUMMY__ 0.0072478730176646095	false	1.0
invasion	neg 1.0		neg 0.5018825351575442 off 0.49082479689649666 __DUMMY__ 0.007292667945959272	false	1.0
schuld	neg 1.0		neg 0.5044491757167275 off 0.4882659114980063 __DUMMY__ 0.007284912785266088	false	1.0
risiko	neg 1.0		neg 0.5033205305082318 off 0.4893618684406961 __DUMMY__ 0.0073176010510720944	false	1.0
finster	neg 1.0		neg 0.5030039147093398 off 0.4896924698229432 __DUMMY__ 0.007303615467717188	false	1.0
geisteskrank	off 1.0		neg 0.4997202103290854 off 0.49304889963592385 __DUMMY__ 0.007230890034990847	false	0.5
zusammenbrechen	neg 1.0		neg 0.5056164866291455 off 0.4870644284326361 __DUMMY__ 0.007319084938218355	false	1.0
ausbeute	neg 1.0		neg 0.5073973555150768 off 0.48524335187449824 __DUMMY__ 0.007359292610425053	false	1.0
hinterhalt	neg 1.0		neg 0.5051648972491876 off 0.4875000628635244 __DUMMY__ 0.007335039887288018	false	1.0
kritik	neg 1.0		neg 0.509724111391922 off 0.4830091582426844 __DUMMY__ 0.0072667303653935495	false	1.0
einschrumpfen	neg 1.0		neg 0.504411360178361 off 0.4883526716425019 __DUMMY__ 0.007235968179137096	false	1.0
riskant	neg 1.0		neg 0.5094614630615235 off 0.48323279398209606 __DUMMY__ 0.00730574295638047	false	1.0
frustrieren	neg 1.0		neg 0.5088289915209564 off 0.4838591946439715 __DUMMY__ 0.007311813835072072	false	1.0
groll	neg 1.0		neg 0.507493640875902 off 0.4851996956476992 __DUMMY__ 0.007306663476398699	false	1.0
gibt			neg 0.5071773561672079 off 0.4855209980165896 __DUMMY__ 0.007301645816202553	false	0.0
qualvoll	neg 1.0		neg 0.5000018327002955 off 0.4926980257485178 __DUMMY__ 0.007300141551186608	false	1.0
wackeln	neg 1.0	neg 1.0	neg 0.7361475644648354 off 0.2603431221611032 __DUMMY__ 0.003509313374061281	false	1.0
klagen	neg 1.0		neg 0.512591440424199 off 0.48007885005144285 __DUMMY__ 0.0073297095243581405	false	1.0
bankrott	neg 1.0		neg 0.5004974992914574 off 0.49222242179390435 __DUMMY__ 0.007280078914638257	false	1.0
trauern	neg 1.0		neg 0.5074941746976966 off 0.4851683068038262 __DUMMY__ 0.007337518498477068	false	1.0
ablehnung	neg 1.0		neg 0.5095855755481867 off 0.48314621392969576 __DUMMY__ 0.007268210522117478	false	1.0
stur	neg 1.0		neg 0.5044261857320347 off 0.488302223306525 __DUMMY__ 0.007271590961440375	false	1.0
aufruhr	neg 1.0		neg 0.5058837151607197 off 0.48681171028242853 __DUMMY__ 0.0073045745568517065	false	1.0
melancholie	neg 1.0		neg 0.5064111142261423 off 0.4862615605671686 __DUMMY__ 0.007327325206689072	false	1.0
ist			neg 0.5032094860072756 off 0.4895056844731388 __DUMMY__ 0.007284829519585494	false	0.0
torheit	neg 1.0		neg 0.5059062026354993 off 0.48682986898357344 __DUMMY__ 0.007263928380927189	false	1.0
dreckskind	off 1.0		off 0.4974693340098712 neg 0.49533808437243293 __DUMMY__ 0.007192581617695933	false	1.0
umtauschen	neg 1.0		neg 0.5050361499135989 off 0.4876608424359589 __DUMMY__ 0.007303007650442221	false	1.0
zum			neg 0.5104104430311112 off 0.4821709887417566 __DUMMY__ 0.007418568227132154	false	0.0
zersetzen	neg 1.0		neg 0.5116816165034287 off 0.4810192325786224 __DUMMY__ 0.0072991509179488245	false	1.0
zur			neg 0.5137810247842108 off 0.47884003474364534 __DUMMY__ 0.007378940472143808	false	0.0
frust	neg 1.0		neg 0.5061701897809144 off 0.48651564508366807 __DUMMY__ 0.007314165135417452	false	1.0
unerbittlichkeit	neg 1.0		neg 0.5111431491079671 off 0.4815513349983242 __DUMMY__ 0.007305515893708724	false	1.0
zwei			neg 0.5091915671509926 off 0.48341768285279385 __DUMMY__ 0.007390749996213668	false	0.0
unkorrekt	neg 1.0		neg 0.5005281894157836 off 0.4922806364812106 __DUMMY__ 0.00719117410300581	false	1.0
hexe	off 1.0		neg 0.4995463928263741 off 0.4931986578263596 __DUMMY__ 0.007254949347266261	false	0.5
lasch	neg 1.0		neg 0.5033128732608402 off 0.4894486011500267 __DUMMY__ 0.007238525589133152	false	1.0
rivale	neg 1.0		neg 0.4967367187112179 off 0.49600615069751297 __DUMMY__ 0.007257130591269163	false	1.0
mutlos	off 1.0	off 1.0	off 0.72546620973634 neg 0.2710529776832615 __DUMMY__ 0.003480812580398551	false	1.0
wirr	off 1.0		neg 0.4998520784186323 off 0.4929528589974219 __DUMMY__ 0.0071950625839458755	false	0.5
jahr			neg 0.5079188571505441 off 0.4847097642474967 __DUMMY__ 0.0073713786019591445	false	0.0
wird			neg 0.5080749235877544 off 0.48460862826323337 __DUMMY__ 0.007316448149012287	false	0.0
strafbar	neg 1.0		neg 0.5099944698496984 off 0.4827104960538771 __DUMMY__ 0.007295034096424337	false	1.0
erosion	neg 1.0		neg 0.5029720298758754 off 0.4897113769821713 __DUMMY__ 0.007316593141953171	false	1.0
eingehen	neg 1.0		neg 0.5093906014929185 off 0.4833248296931124 __DUMMY__ 0.00728456881396906	false	1.0
faul	off 1.0		neg 0.499540034747688 off 0.49317211372501046 __DUMMY__ 0.007287851527301518	false	0.5
provisorium	neg 1.0		neg 0.5153330613669648 off 0.47727003920436817 __DUMMY__ 0.007396899428667174	false	1.0
schmerzen	neg 1.0		neg 0.5043065566276415 off 0.4883872695832226 __DUMMY__ 0.0073061737891359675	false	1.0
schrumpfen	neg 1.0		neg 0.5159917233730887 off 0.47667562290102256 __DUMMY__ 0.007332653725888629	false	1.0
geistlos	off 1.0		neg 0.5063187202138156 off 0.48646663718608507 __DUMMY__ 0.007214642600099316	false	0.5
fehlkauf	neg 1.0		neg 0.5034752073614001 off 0.4892434757025708 __DUMMY__ 0.007281316936029077	false	1.0
frustrierend	neg 1.0		neg 0.4997774897803666 off 0.4929314463031226 __DUMMY__ 0.0072910639165107045	false	1.0
unzufrieden	neg 1.0		neg 0.5085840276021132 off 0.48413050261023877 __DUMMY__ 0.007285469787647961	false	1.0
verzweifeln	neg 1.0		neg 0.5053326081825338 off 0.48736562420832147 __DUMMY__ 0.007301767609144813	false	1.0
verzweifelt	neg 1.0		neg 0.5036877660821174 off 0.48903064344804875 __DUMMY__ 0.007281590469833813	false	1.0
misstrauensantrag	neg 1.0		neg 0.5036048782129177 off 0.4891300693159 __DUMMY__ 0.0072650524711823684	false	1.0
abfallen	neg 1.0		neg 0.5015709564279544 off 0.4911070854763961 __DUMMY__ 0.007321958095649577	false	1.0
fucker	off 1.0		neg 0.4987786594374709 off 0.49398320171716015 __DUMMY__ 0.00723813884536907	false	0.5
ungezogen	neg 1.0		off 0.5022590904625336 neg 0.4905373771386494 __DUMMY__ 0.007203532398816998	false	0.5
irrsinnig	neg 1.0	neg 1.0	neg 0.7377309908005746 off 0.2587927277899167 __DUMMY__ 0.003476281409508832	false	1.0
unfassbar	neg 1.0		neg 0.49994933562800625 off 0.4928016139759816 __DUMMY__ 0.007249050396012201	false	1.0
hart	neg 1.0		neg 0.501434393284114 off 0.4912938435303895 __DUMMY__ 0.007271763185496533	false	1.0
widerlich	off 1.0		neg 0.4997463006075776 off 0.49302234600559436 __DUMMY__ 0.007231353386827906	false	0.5
fatal	neg 1.0		neg 0.5031318714936248 off 0.4895868119694653 __DUMMY__ 0.007281316536909973	false	1.0
bruch	neg 1.0		neg 0.5130769866545458 off 0.47960620790807296 __DUMMY__ 0.00731680543738131	false	1.0
aushungern	neg 1.0		neg 0.5083821215245568 off 0.4843497330610548 __DUMMY__ 0.007268145414388538	false	1.0
anspannung	neg 1.0	neg 1.0	neg 0.7402603699616623 off 0.25617991441022053 __DUMMY__ 0.0035597156281171488	false	1.0
von			neg 0.5090417619315993 off 0.4835902031565185 __DUMMY__ 0.007368034911882171	false	0.0
kraftlos	neg 1.0		neg 0.5048743808235716 off 0.48778074466833676 __DUMMY__ 0.0073448745080916256	false	1.0
vom			neg 0.5133660485866357 off 0.47921859053307564 __DUMMY__ 0.0074153608802887475	false	0.0
grenzdebil	off 1.0		neg 0.4983427979664128 off 0.4944044569488795 __DUMMY__ 0.007252745084707685	false	0.5
vor			neg 0.5097889353835132 off 0.4828648121678764 __DUMMY__ 0.007346252448610322	false	0.0
unterwerfen	neg 1.0		neg 0.5091152565606494 off 0.48357199501463305 __DUMMY__ 0.007312748424717634	false	1.0
versenkung	neg 1.0		neg 0.5094707869104859 off 0.4832153266424391 __DUMMY__ 0.007313886447075176	false	1.0
entziehen	neg 1.0		neg 0.511911624113128 off 0.480761316579323 __DUMMY__ 0.007327059307548971	false	1.0
finanzkrise	neg 1.0		neg 0.5084676848300745 off 0.48427069236989057 __DUMMY__ 0.007261622800034944	false	1.0
schimpfend	neg 1.0		neg 0.5017689912387678 off 0.4909081051417689 __DUMMY__ 0.00732290361946335	false	1.0
profan	neg 1.0		neg 0.5021375152955215 off 0.4905866214270178 __DUMMY__ 0.0072758632774607	false	1.0
korruption	neg 1.0	neg 1.0	neg 0.7406262914211612 off 0.255896435352058 __DUMMY__ 0.003477273226780753	false	1.0
â			neg 0.5075014994347196 off 0.4851688195168483 __DUMMY__ 0.007329681048432038	false	0.0
schmutzig	neg 1.0		neg 0.4978839394659909 off 0.4948433073415979 __DUMMY__ 0.00727275319241126	false	1.0
sexy	neg 1.0		neg 0.5011236447486952 off 0.4915960731418825 __DUMMY__ 0.007280282109422306	false	1.0
abraten	neg 1.0		neg 0.5027932056642239 off 0.4899196164906231 __DUMMY__ 0.007287177845153041	false	1.0
schwarz	neg 1.0		neg 0.5040953960295702 off 0.48862633303354375 __DUMMY__ 0.00727827093688585	false	1.0
fotze	off 1.0		neg 0.5090505633079143 off 0.4836373079419526 __DUMMY__ 0.0073121287501331286	false	0.5
verwirren	neg 1.0		neg 0.5018189441752452 off 0.4909040734230064 __DUMMY__ 0.007276982401748478	false	1.0
zahnlos	off 1.0		neg 0.5084566680503197 off 0.4842566253196247 __DUMMY__ 0.007286706630055591	false	0.5
verheeren	neg 1.0		off 0.504667565027611 neg 0.48810742634044096 __DUMMY__ 0.007225008631947839	false	0.5
hippie	neg 1.0		neg 0.5020004055111905 off 0.49072240977360193 __DUMMY__ 0.007277184715207476	false	1.0
rammen	neg 1.0		neg 0.5045503549371477 off 0.4881686784827107 __DUMMY__ 0.007280966580141663	false	1.0
unlauter	neg 1.0		neg 0.5089560719771106 off 0.48382608964964097 __DUMMY__ 0.007217838373248541	false	1.0
unheilvoll	neg 1.0		neg 0.5002023685043597 off 0.49247769013177334 __DUMMY__ 0.00731994136386687	false	1.0
niedrig	neg 1.0		neg 0.5090705361151887 off 0.4835991572343664 __DUMMY__ 0.0073303066504448134	false	1.0
explosion	neg 1.0		neg 0.5031792579802813 off 0.48955180984437346 __DUMMY__ 0.007268932175345314	false	1.0
weichei	off 1.0		off 0.4987175779995397 neg 0.49407190617916474 __DUMMY__ 0.00721051582129549	false	1.0
minusmensch	off 1.0		off 0.4992813034229289 neg 0.49357854767897197 __DUMMY__ 0.007140148898099224	false	1.0
farblos	neg 1.0		neg 0.5018723558350269 off 0.49075826759635754 __DUMMY__ 0.007369376568615417	false	1.0
unwissend	neg 1.0	neg 1.0	neg 0.7355516198937636 off 0.26098782535686277 __DUMMY__ 0.0034605547493735123	false	1.0
traurig	neg 1.0		off 0.4967918770593404 neg 0.4959593222174203 __DUMMY__ 0.007248800723239253	false	0.5
senkung	neg 1.0		neg 0.5045503840402688 off 0.48821104450779546 __DUMMY__ 0.007238571451935765	false	1.0
ungleich	neg 1.0	neg 1.0	neg 0.7413214934355832 off 0.25519763190486905 __DUMMY__ 0.003480874659547775	false	1.0
heikel	neg 1.0		neg 0.5111967813420953 off 0.4815001648760682 __DUMMY__ 0.0073030537818364084	false	1.0
drosselung	neg 1.0		neg 0.4980502006363476 off 0.49468191292885305 __DUMMY__ 0.007267886434799297	false	1.0
falsch	neg 1.0		neg 0.5004375523249563 off 0.4922885897012493 __DUMMY__ 0.007273857973794331	false	1.0
unzufriedenheit	neg 1.0		neg 0.5114688461842121 off 0.48121854570297107 __DUMMY__ 0.0073126081128167125	false	1.0
kurz	neg 1.0		neg 0.5049921908159877 off 0.4876758466435722 __DUMMY__ 0.007331962540439976	false	1.0
unsinnig	neg 1.0		neg 0.5087063588644991 off 0.48402304461328133 __DUMMY__ 0.0072705965222194776	false	1.0
penner	off 1.0	off 1.0	off 0.7355553707279705 neg 0.2610074459971377 __DUMMY__ 0.0034371832748918197	false	1.0
seicht	neg 1.0		off 0.49980372158509195 neg 0.4930304608393102 __DUMMY__ 0.0071658175755978295	false	0.5
dummheit	off 1.0	off 1.0	off 0.7294888884722031 neg 0.2670439280155191 __DUMMY__ 0.00346718351227774	false	1.0
unerfreulich	neg 1.0		neg 0.5108858841924228 off 0.4817849705074102 __DUMMY__ 0.007329145300167042	false	1.0
motherfucker	off 1.0	off 1.0	off 0.7317615560013613 neg 0.2647849423725171 __DUMMY__ 0.003453501626121683	false	1.0
pikiert	neg 1.0		neg 0.501037060559965 off 0.49172861868201634 __DUMMY__ 0.007234320758018578	false	1.0
wrack	neg 1.0		neg 0.5062293041873899 off 0.48640707529250093 __DUMMY__ 0.007363620520109248	false	1.0
gangster	neg 1.0		neg 0.5019967557308522 off 0.4907178355278652 __DUMMY__ 0.007285408741282697	false	1.0
krank	neg 1.0		neg 0.4968984149247341 off 0.4958305001567747 __DUMMY__ 0.007271084918491369	false	1.0
reich	neg 1.0		neg 0.5017852606340247 off 0.4909670979192356 __DUMMY__ 0.007247641446739611	false	1.0
gnadenlos	neg 1.0		neg 0.5039639224255001 off 0.48874322814638066 __DUMMY__ 0.007292849428119101	false	1.0
niedergeschlagen	neg 1.0		neg 0.5044057938732971 off 0.4882594863798721 __DUMMY__ 0.0073347197468308515	false	1.0
terrorisieren	off 1.0	off 1.0	off 0.7270597950253457 neg 0.26943702142709536 __DUMMY__ 0.0035031835475589084	false	1.0
sinnlosigkeit	neg 1.0		neg 0.5078485150045193 off 0.4848578583105154 __DUMMY__ 0.007293626684965356	false	1.0
behindern	neg 1.0		neg 0.5067495754434596 off 0.4859659884853196 __DUMMY__ 0.00728443607122077	false	1.0
undemokratisch	neg 1.0		neg 0.5069639952143484 off 0.485789325024114 __DUMMY__ 0.007246679761537719	false	1.0
wirtschaftskrise	neg 1.0		neg 0.5101351112874069 off 0.482578881406291 __DUMMY__ 0.007286007306302226	false	1.0
neid	neg 1.0		neg 0.4978495112528802 off 0.49484699373738766 __DUMMY__ 0.007303495009732253	false	1.0
rutschen	neg 1.0	neg 1.0	neg 0.7396806400063305 off 0.2567724749338733 __DUMMY__ 0.0035468850597962717	false	1.0
rezession	neg 1.0		neg 0.49745458430125855 off 0.4953393650196852 __DUMMY__ 0.0072060506790564	false	1.0
fehlgeburt	neg 1.0		neg 0.5007739406385728 off 0.49190981763867075 __DUMMY__ 0.007316241722756462	false	1.0
charakterschwach	off 1.0		neg 0.4989433805869761 off 0.49380376188360636 __DUMMY__ 0.007252857529417456	false	0.5
isolation	neg 1.0		neg 0.5001570253302631 off 0.4925577862908894 __DUMMY__ 0.007285188378847393	false	1.0
ablenkung	neg 1.0		neg 0.5041264543469934 off 0.4885711159306842 __DUMMY__ 0.007302429722322302	false	1.0
pech	neg 1.0		neg 0.5004876435596982 off 0.49223388421551906 __DUMMY__ 0.007278472224782586	false	1.0
vermeidung	neg 1.0		neg 0.49999856778834584 off 0.49277165327608446 __DUMMY__ 0.0072297789355697485	false	1.0
dominieren	neg 1.0		neg 0.5067158249996544 off 0.4859396394023798 __DUMMY__ 0.0073445355979658965	false	1.0
schwindlig	neg 1.0		neg 0.4991736308821618 off 0.49349443762225703 __DUMMY__ 0.007331931495581243	false	1.0
lutscher	neg 1.0		off 0.5007597034240818 neg 0.4920743886996386 __DUMMY__ 0.0071659078762795194	false	0.5
pflicht	neg 1.0		neg 0.5113112765465554 off 0.48138294870653897 __DUMMY__ 0.007305774746905647	false	1.0
faschist	off 1.0		neg 0.5046832858949749 off 0.48808180165517395 __DUMMY__ 0.007234912449851122	false	0.5
verschleudern	neg 1.0		neg 0.5136061076987428 off 0.47914854997574474 __DUMMY__ 0.007245342325512336	false	1.0
wenn			neg 0.5003274528150242 off 0.49240169162643094 __DUMMY__ 0.007270855558545011	false	0.0
ehebruch	neg 1.0		neg 0.5088570632353946 off 0.4838387930211138 __DUMMY__ 0.007304143743491478	false	1.0
spott	off 1.0		neg 0.5106265762988069 off 0.48208566907515515 __DUMMY__ 0.007287754626037929	false	0.5
trostlosigkeit	neg 1.0		neg 0.5105318755808332 off 0.48212559913481207 __DUMMY__ 0.007342525284354664	false	1.0
lutschen	neg 1.0		neg 0.5036207427790693 off 0.489119410594988 __DUMMY__ 0.007259846625942735	false	1.0
undiszipliniert	neg 1.0		neg 0.4963762039575311 off 0.4963632660384098 __DUMMY__ 0.00726053000405902	false	1.0
kopfschmerz	neg 1.0		neg 0.5046884217034956 off 0.48798107318495354 __DUMMY__ 0.0073305051115509	false	1.0
unvorhergesehen	neg 1.0		neg 0.5057772989757766 off 0.48685712219080324 __DUMMY__ 0.007365578833420081	false	1.0
desinteressiert	neg 1.0		neg 0.4980119924808733 off 0.4947505700440774 __DUMMY__ 0.007237437475049364	false	1.0
armselig	off 1.0		neg 0.49858726082948707 off 0.4942060448878056 __DUMMY__ 0.007206694282707225	false	0.5
desaster	neg 1.0		neg 0.5136673783934649 off 0.4790129810438994 __DUMMY__ 0.007319640562635681	false	1.0
tod	neg 1.0		neg 0.5052580194844211 off 0.4873801099244759 __DUMMY__ 0.007361870591102967	false	1.0
herzlos	neg 1.0		neg 0.4966325307894654 off 0.49614039270973714 __DUMMY__ 0.0072270765007975005	false	1.0
unwissenheit	neg 1.0		neg 0.5098910731612701 off 0.4828433794583559 __DUMMY__ 0.007265547380373809	false	1.0
widersinnig	neg 1.0	neg 1.0	neg 0.7409094860383948 off 0.25563006409976374 __DUMMY__ 0.0034604498618413765	false	1.0
bedenklich	neg 1.0		neg 0.5098772979286604 off 0.48282987750357315 __DUMMY__ 0.007292824567766459	false	1.0
beanstanden	neg 1.0		neg 0.5114819556396961 off 0.48120142458946724 __DUMMY__ 0.0073166197708366965	false	1.0
panisch	neg 1.0	neg 1.0	neg 0.7344224347748385 off 0.26206544374177954 __DUMMY__ 0.003512121483381954	false	1.0
debil	off 1.0		neg 0.5150757843525613 off 0.477559022975296 __DUMMY__ 0.007365192672142784	false	0.5
abstrich	neg 1.0		neg 0.5085081213113305 off 0.48419299987338404 __DUMMY__ 0.007298878815285375	false	1.0
primitiv	neg 1.0		neg 0.4990688856284519 off 0.49369786795670856 __DUMMY__ 0.007233246414839474	false	1.0
abschaum	off 1.0	off 1.0	off 0.7308433068083852 neg 0.26569282938556493 __DUMMY__ 0.0034638638060499245	false	1.0
provozieren	neg 1.0		neg 0.5050759607518797 off 0.48764603611919083 __DUMMY__ 0.007278003128929372	false	1.0
tot	neg 1.0		neg 0.509419141833883 off 0.4832760160511603 __DUMMY__ 0.00730484211495678	false	1.0
instabil	neg 1.0		neg 0.5010319211093599 off 0.4917647091899785 __DUMMY__ 0.007203369700661659	false	1.0
schwuchtel	off 1.0		off 0.50493895724887 neg 0.4879269016945565 __DUMMY__ 0.0071341410565736235	false	1.0
zerren	neg 1.0		neg 0.5044152309145737 off 0.48825107805155593 __DUMMY__ 0.007333691033870368	false	1.0
kinderficker	off 1.0		neg 0.49696137054791595 off 0.49585969704044275 __DUMMY__ 0.007178932411641194	false	0.5
gefahr	neg 1.0		neg 0.5105654764330064 off 0.48210949827214045 __DUMMY__ 0.0073250252948532085	false	1.0
rabiat	neg 1.0		neg 0.5058466688294492 off 0.48687368195101616 __DUMMY__ 0.007279649219534668	false	1.0
verlangsamung	neg 1.0		off 0.49986689388074385 neg 0.4929274697071501 __DUMMY__ 0.007205636412106123	false	0.5
ausgestorben	neg 1.0		neg 0.5042300785387545 off 0.48844895571394753 __DUMMY__ 0.007320965747298174	false	1.0
anklagen	neg 1.0		neg 0.5078397432117878 off 0.48487169753102144 __DUMMY__ 0.007288559257190839	false	1.0
trott	neg 1.0		neg 0.5049597758160265 off 0.48772995453087 __DUMMY__ 0.0073102696531036045	false	1.0
verminderung	neg 1.0		neg 0.4985691198766471 off 0.4941956971183901 __DUMMY__ 0.007235183004962831	false	1.0
nach			neg 0.5092573613722204 off 0.4833139243798576 __DUMMY__ 0.007428714247921931	false	0.0
rost	neg 1.0		off 0.49956126266900625 neg 0.4932109824737009 __DUMMY__ 0.007227754857292748	false	0.5
destruktiv	neg 1.0		neg 0.5077693526903656 off 0.48497203147189677 __DUMMY__ 0.007258615837737715	false	1.0
unzumutbarkeit	neg 1.0		neg 0.4992854475502147 off 0.4934339772125559 __DUMMY__ 0.007280575237229323	false	1.0
labil	off 1.0	off 1.0	off 0.7308142121434666 neg 0.2657209129729236 __DUMMY__ 0.003464874883609796	false	1.0
ziemlich	neg 1.0		neg 0.49814761365304866 off 0.494582839762977 __DUMMY__ 0.007269546583974251	false	1.0
lachnummer	off 1.0		neg 0.5065946109024718 off 0.4861306026214779 __DUMMY__ 0.007274786476050313	false	0.5
oder			neg 0.5033323126041209 off 0.48935234007229256 __DUMMY__ 0.007315347323586387	false	0.0
verfall	neg 1.0		neg 0.5152877674417045 off 0.47736855249510923 __DUMMY__ 0.007343680063186356	false	1.0
ausgrenzung	neg 1.0		neg 0.505527115645124 off 0.4872194744551598 __DUMMY__ 0.007253409899716146	false	1.0
unordnung	neg 1.0		neg 0.49778385869621217 off 0.4949298662996508 __DUMMY__ 0.007286275004137099	false	1.0
fehlverhalten	neg 1.0		neg 0.5108497178979663 off 0.4818441314530627 __DUMMY__ 0.007306150648971031	false	1.0
eine			neg 0.5104345836150409 off 0.4822386735045831 __DUMMY__ 0.007326742880375899	false	0.0
nille	neg 1.0		neg 0.5062208597959995 off 0.48647631690082815 __DUMMY__ 0.00730282330317238	false	1.0
qual	neg 1.0		neg 0.5053514007722307 off 0.4873403969941286 __DUMMY__ 0.007308202233640725	false	1.0
verschwenden	neg 1.0		neg 0.5089786193255336 off 0.4837251393709233 __DUMMY__ 0.007296241303543129	false	1.0
riesig	neg 1.0	neg 1.0	neg 0.7382231523451113 off 0.2582544152508186 __DUMMY__ 0.0035224324040701114	false	1.0
verurteilen	neg 1.0		neg 0.5082909865475681 off 0.48441694914154887 __DUMMY__ 0.007292064310883008	false	1.0
klischee	neg 1.0	neg 1.0	neg 0.7367231091434742 off 0.2598156210146409 __DUMMY__ 0.0034612698418849622	false	1.0
diktatorisch	neg 1.0		neg 0.5069903977877266 off 0.48577597205658773 __DUMMY__ 0.007233630155685707	false	1.0
vorhersehbar	neg 1.0	neg 1.0	neg 0.7368574421158758 off 0.25967481531460423 __DUMMY__ 0.003467742569519975	false	1.0
sowie			off 0.4979112638865726 neg 0.49487540022163196 __DUMMY__ 0.007213335891795511	false	0.0
stornieren	neg 1.0		neg 0.4999695945051982 off 0.4926691893743705 __DUMMY__ 0.007361216120431287	false	1.0
besteuerung	neg 1.0		neg 0.5074194919941817 off 0.48534094847866527 __DUMMY__ 0.007239559527153192	false	1.0
ungeschminkt	neg 1.0		neg 0.499877774726871 off 0.4928884211598895 __DUMMY__ 0.007233804113239561	false	1.0
kritisch	neg 1.0		neg 0.5101212829885726 off 0.48258469248497177 __DUMMY__ 0.00729402452645564	false	1.0
schlamperei	off 1.0		neg 0.5116581758898997 off 0.48104980309987444 __DUMMY__ 0.007292021010225861	false	0.5
sucht	neg 1.0	neg 1.0	neg 0.7368056084428002 off 0.2596878270168832 __DUMMY__ 0.003506564540316611	false	1.0
egoistisch	off 1.0		off 0.49910602180493013 neg 0.4936731791444651 __DUMMY__ 0.007220799050604895	false	1.0
ausbeuter	off 1.0		neg 0.5120549536418578 off 0.4806563204111795 __DUMMY__ 0.007288725946962666	false	0.5
arschgeburt	off 1.0		off 0.5044206346834648 neg 0.48845624827258843 __DUMMY__ 0.007123117043946639	false	1.0
schubs	neg 1.0	neg 1.0	neg 0.7378913532348678 off 0.25859480821398 __DUMMY__ 0.0035138385511522944	false	1.0
unsolide	neg 1.0		neg 0.5088204386509109 off 0.48398965794399473 __DUMMY__ 0.0071899034050943835	false	1.0
beschwerde	neg 1.0		neg 0.511445028365832 off 0.48126431930614155 __DUMMY__ 0.007290652328026432	false	1.0
stocken	neg 1.0		neg 0.5095643771005849 off 0.48312704948651336 __DUMMY__ 0.007308573412901626	false	1.0
isolieren	neg 1.0		neg 0.5093646813234893 off 0.483349366212766 __DUMMY__ 0.0072859524637446365	false	1.0
unheilbar	neg 1.0		neg 0.5025144879655645 off 0.4901607616704537 __DUMMY__ 0.0073247503639816474	false	1.0
pisser	off 1.0		neg 0.4976970604226015 off 0.4950538508073817 __DUMMY__ 0.0072490887700168965	false	0.5
löschen	neg 1.0		neg 0.505063232847093 off 0.4876385348419885 __DUMMY__ 0.007298232310918333	false	1.0
durchfallen	neg 1.0		neg 0.5094716676091992 off 0.48325460234502254 __DUMMY__ 0.007273730045778407	false	1.0
wichser	off 1.0		off 0.5036500630870407 neg 0.4891628123389505 __DUMMY__ 0.007187124574008585	false	1.0
terror	neg 1.0		neg 0.5006741698800703 off 0.49202144466243264 __DUMMY__ 0.007304385457497184	false	1.0
krass	neg 1.0		off 0.4966668564918562 neg 0.4961101080130676 __DUMMY__ 0.007223035495076273	false	0.5
revolte	neg 1.0		neg 0.504924135910116 off 0.4878265013268459 __DUMMY__ 0.007249362763038139	false	1.0
besorgt	neg 1.0		neg 0.5047318074107432 off 0.48792108664425843 __DUMMY__ 0.00734710594499846	false	1.0
nachlassen	neg 1.0		neg 0.5091943405037554 off 0.4834849750416031 __DUMMY__ 0.007320684454641333	false	1.0
alt	neg 1.0		neg 0.5081087096473146 off 0.4845784173085814 __DUMMY__ 0.007312873044104018	false	1.0
hundesohn	off 1.0		off 0.5001931661770788 neg 0.49263854206235813 __DUMMY__ 0.007168291760563166	false	1.0
als			neg 0.5054444005275955 off 0.48722520007470094 __DUMMY__ 0.007330399397703479	false	0.0
abschreckung	neg 1.0		neg 0.5115541324133955 off 0.48111870682303465 __DUMMY__ 0.0073271607635698385	false	1.0
unqualifiziert	neg 1.0		neg 0.50494738729377 off 0.4878332061605669 __DUMMY__ 0.007219406545663137	false	1.0
abgewichst	off 1.0		neg 0.5063963431357968 off 0.48629031898393754 __DUMMY__ 0.007313337880265703	false	0.5
schwer	neg 1.0		neg 0.5046961143160648 off 0.48800128009497457 __DUMMY__ 0.007302605588960593	false	1.0
bedeutungslosigkeit	neg 1.0		neg 0.5112402846654923 off 0.4814479627318036 __DUMMY__ 0.007311752602704023	false	1.0
kapitulation	neg 1.0		neg 0.5114635400463993 off 0.481261026506883 __DUMMY__ 0.007275433446717632	false	1.0
unscharf	neg 1.0		neg 0.5027239093883533 off 0.4900025182334758 __DUMMY__ 0.0072735723781709605	false	1.0
schwinden	neg 1.0		neg 0.5113155040019827 off 0.4813722287802295 __DUMMY__ 0.007312267217787742	false	1.0
versklavung	neg 1.0		neg 0.5071761703951517 off 0.48558554901147544 __DUMMY__ 0.007238280593372814	false	1.0
schlecht	neg 1.0		neg 0.49779869355199324 off 0.4949276186150771 __DUMMY__ 0.007273687832929721	false	1.0
verhasst	neg 1.0		neg 0.5044641829199913 off 0.48825653053454954 __DUMMY__ 0.00727928654545931	false	1.0
beschweren	neg 1.0		neg 0.5030835123232956 off 0.48963314582958267 __DUMMY__ 0.007283341847121615	false	1.0
scheiden	neg 1.0		neg 0.500747558850627 off 0.4918954622264164 __DUMMY__ 0.007356978922956552	false	1.0
frustriert	neg 1.0		neg 0.5059434036160704 off 0.48675023528983613 __DUMMY__ 0.007306361094093427	false	1.0
schimmelig	neg 1.0		neg 0.5082876381626633 off 0.48438811756772915 __DUMMY__ 0.007324244269607458	false	1.0
fisch	neg 1.0		neg 0.506554702084027 off 0.48606307983257746 __DUMMY__ 0.007382218083395437	false	1.0
schmuggel	neg 1.0		neg 0.5074808099536792 off 0.48514565763210926 __DUMMY__ 0.007373532414211496	false	1.0
auffallen	neg 1.0		neg 0.502164222093867 off 0.4905530913126655 __DUMMY__ 0.00728268659346756	false	1.0
konkurrenz	neg 1.0	neg 1.0	neg 0.7415640564089367 off 0.2549304164163129 __DUMMY__ 0.0035055271747502685	false	1.0
teufelskreis	neg 1.0		neg 0.505998551244175 off 0.4867077405870333 __DUMMY__ 0.007293708168791665	false	1.0
aufschreien	neg 1.0		neg 0.5032020626185165 off 0.4895301038187448 __DUMMY__ 0.007267833562738756	false	1.0
schuldner	neg 1.0		neg 0.510432147308584 off 0.4822462946503837 __DUMMY__ 0.007321558041032346	false	1.0
missgeburt	off 1.0	off 1.0	off 0.7341735009309691 neg 0.2623815054144997 __DUMMY__ 0.0034449936545312538	false	1.0
arbeitslos	neg 1.0		neg 0.5090173118440704 off 0.4837064858126377 __DUMMY__ 0.007276202343291784	false	1.0
befallen	neg 1.0		neg 0.5070469235183346 off 0.4856551616020897 __DUMMY__ 0.0072979148795757065	false	1.0
miesepetrig	off 1.0	off 1.0	off 0.7323805406974233 neg 0.2641443979821736 __DUMMY__ 0.003475061320403064	false	1.0
alarmieren	neg 1.0		neg 0.5021322972596782 off 0.4906267581678151 __DUMMY__ 0.007240944572506704	false	1.0
ungeduscht	off 1.0		neg 0.5004011365304171 off 0.4923158878310747 __DUMMY__ 0.007282975638508352	false	0.5
knappheit	neg 1.0		neg 0.5114058837014133 off 0.4813207884770449 __DUMMY__ 0.0072733278215416875	false	1.0
schlange	neg 1.0		neg 0.500769131062015 off 0.491907213039209 __DUMMY__ 0.007323655898775962	false	1.0
harsch	neg 1.0		off 0.4990639456100114 neg 0.49368270671204223 __DUMMY__ 0.007253347677946309	false	0.5
lang	neg 1.0		neg 0.5041827818534304 off 0.4885144306771495 __DUMMY__ 0.007302787469420145	false	1.0
ziellos	neg 1.0		neg 0.5062370371962751 off 0.48643090751878426 __DUMMY__ 0.00733205528494059	false	1.0
selbstverliebt	neg 1.0		off 0.5022282569219682 neg 0.49062898293432655 __DUMMY__ 0.007142760143705237	false	0.5
beseitigen	neg 1.0	neg 1.0	neg 0.7372271157686136 off 0.25926097529607867 __DUMMY__ 0.003511908935307731	false	1.0
dumm	off 1.0		off 0.4992377160121288 neg 0.4935624491736374 __DUMMY__ 0.007199834814233929	false	1.0
arbeitsloser	neg 1.0		neg 0.5082783410642002 off 0.4844124487702942 __DUMMY__ 0.007309210165505583	false	1.0
blitzen	neg 1.0		neg 0.5016676595456702 off 0.4910535532014653 __DUMMY__ 0.00727878725286438	false	1.0
hilflos	neg 1.0		neg 0.5062864183109788 off 0.48640284712359916 __DUMMY__ 0.007310734565422207	false	1.0
eklig	off 1.0		off 0.5000703763887461 neg 0.49273127515987064 __DUMMY__ 0.007198348451383441	false	1.0
begriff			neg 0.5075243256715268 off 0.4851945166393712 __DUMMY__ 0.007281157689102024	false	0.0
hungersnot	neg 1.0		neg 0.506063024057785 off 0.4866176447809887 __DUMMY__ 0.007319331161226264	false	1.0
ungesetzlich	neg 1.0		neg 0.5086747934251615 off 0.4841343478307216 __DUMMY__ 0.007190858744116723	false	1.0
verschwendung	neg 1.0		neg 0.5096239182098918 off 0.4830614487910478 __DUMMY__ 0.007314632999060313	false	1.0
schmerzvoll	neg 1.0		neg 0.5026460660556779 off 0.49006273513875753 __DUMMY__ 0.007291198805564535	false	1.0
vorzeitig	neg 1.0		neg 0.5002844165030541 off 0.49241423482301505 __DUMMY__ 0.007301348673930773	false	1.0
unvollkommenheit	neg 1.0		neg 0.5033010489842071 off 0.4893213610140597 __DUMMY__ 0.007377590001733092	false	1.0
intervenieren	neg 1.0		neg 0.5118183377425237 off 0.4808957402441579 __DUMMY__ 0.00728592201331844	false	1.0
banause	off 1.0		off 0.5006708529155015 neg 0.4921681610237027 __DUMMY__ 0.007160986060795776	false	1.0
rebell	neg 1.0		neg 0.5120889723740618 off 0.480563863594783 __DUMMY__ 0.007347164031155131	false	1.0
unlogisch	neg 1.0		neg 0.4966504808090519 off 0.49611590037290576 __DUMMY__ 0.007233618818042417	false	1.0
leiden	neg 1.0		neg 0.5054416789657613 off 0.48716438802092016 __DUMMY__ 0.007393933013318539	false	1.0
abschaffung	neg 1.0		neg 0.5072087154811321 off 0.485542670461547 __DUMMY__ 0.00724861405732091	false	1.0
sturz	neg 1.0		neg 0.5043762559968984 off 0.48831599836871054 __DUMMY__ 0.007307745634390924	false	1.0
verkleinerung	neg 1.0		neg 0.5054964221646375 off 0.4872854833790442 __DUMMY__ 0.007218094456318165	false	1.0
schmarotzer	off 1.0		neg 0.5093959617178205 off 0.48333156917359454 __DUMMY__ 0.007272469108584879	false	0.5
bestrafung	neg 1.0		neg 0.5039342050096565 off 0.488784543031159 __DUMMY__ 0.007281251959184721	false	1.0
achtlos	neg 1.0		neg 0.5039566071772041 off 0.48872714333829276 __DUMMY__ 0.0073162494845031125	false	1.0
