unsolidarisch	neg 1.0		neg 0.5098488986207422 off 0.48293037814056483 __DUMMY__ 0.007220723238692855	false	1.0
nachteilig	neg 1.0		neg 0.5106236823982039 off 0.48207740350971734 __DUMMY__ 0.007298914092078744	false	1.0
skeptisch	neg 1.0		neg 0.5108434688630751 off 0.4818435410092481 __DUMMY__ 0.007312990127676781	false	1.0
schrecklich	neg 1.0		off 0.49759472956985273 neg 0.4951667973561036 __DUMMY__ 0.007238473074043746	false	0.5
schlapp	neg 1.0		neg 0.49905153712119804 off 0.4936721403102142 __DUMMY__ 0.007276322568587582	false	1.0
abfall	neg 1.0		neg 0.5131767879963691 off 0.4794893063340905 __DUMMY__ 0.007333905669540484	false	1.0
widerspenstig	neg 1.0		neg 0.5043597712647039 off 0.4883365917729539 __DUMMY__ 0.007303636962342269	false	1.0
abrupt	neg 1.0		neg 0.507861558442591 off 0.48478980074593003 __DUMMY__ 0.00734864081147895	false	1.0
unwirksam	neg 1.0		neg 0.5085868712314466 off 0.4841741601438696 __DUMMY__ 0.007238968624683657	false	1.0
angreifen	neg 1.0	neg 1.0	neg 0.7408525233401924 off 0.25565090950231456 __DUMMY__ 0.003496567157493065	false	1.0
inkonsistent	neg 1.0		neg 0.5034254921825385 off 0.48927393653436374 __DUMMY__ 0.007300571283097857	false	1.0
abrutschen	neg 1.0		neg 0.5127315939230875 off 0.47993450153258055 __DUMMY__ 0.007333904544331853	false	1.0
unsicher	neg 1.0		neg 0.5043024040414027 off 0.48839129416693083 __DUMMY__ 0.00730630179166655	false	1.0
bauernkind	off 1.0	off 1.0	off 0.7321378946261656 neg 0.2644322571623221 __DUMMY__ 0.003429848211512277	false	1.0
angreifer	neg 1.0		neg 0.5029282629445351 off 0.48976935585925263 __DUMMY__ 0.0073023811962125065	false	1.0
trennen	neg 1.0		neg 0.506415543725855 off 0.486216573824225 __DUMMY__ 0.007367882449920047	false	1.0
schmutz	neg 1.0		neg 0.4994911576318743 off 0.4931587375000374 __DUMMY__ 0.007350104868088271	false	1.0
inkonsistenz	neg 1.0		neg 0.5038219859527387 off 0.4889577862521513 __DUMMY__ 0.007220227795109979	false	1.0
erschreckend	neg 1.0		neg 0.5071281183896906 off 0.4855862049412078 __DUMMY__ 0.007285676669101659	false	1.0
ertrinken	neg 1.0		neg 0.5068080665393364 off 0.4858469997898138 __DUMMY__ 0.007344933670849853	false	1.0
pickelface	off 1.0		neg 0.5074131192909677 off 0.4852856779391926 __DUMMY__ 0.007301202769839657	false	0.5
seiner			neg 0.5088277129073587 off 0.4838357739301595 __DUMMY__ 0.00733651316248175	false	0.0
lauch	neg 1.0		neg 0.5135488288515432 off 0.47913378261199746 __DUMMY__ 0.0073173885364593095	false	1.0
unwichtig	neg 1.0		neg 0.5008542730059511 off 0.49189125086932717 __DUMMY__ 0.007254476124721692	false	1.0
steuerhinterziehung	neg 1.0		neg 0.5093623552146626 off 0.4833722007798669 __DUMMY__ 0.0072654440054705045	false	1.0
schock	neg 1.0		neg 0.5034982061871349 off 0.4891612338122091 __DUMMY__ 0.007340560000656163	false	1.0
beule	neg 1.0		neg 0.49849966246273286 off 0.4942221862653367 __DUMMY__ 0.007278151271930503	false	1.0
vergelten	neg 1.0		off 0.498160727468377 neg 0.4945557063181686 __DUMMY__ 0.0072835662134544225	false	0.5
verdorbenheit	neg 1.0		neg 0.5047938249516626 off 0.4878962108129157 __DUMMY__ 0.007309964235421753	false	1.0
trauma	neg 1.0		neg 0.5038742240853563 off 0.4888329732951372 __DUMMY__ 0.007292802619506453	false	1.0
sinnlos	neg 1.0		neg 0.5015916090685278 off 0.4911093796639816 __DUMMY__ 0.007299011267490473	false	1.0
fettsack	off 1.0	off 1.0	off 0.7342898795371433 neg 0.26226418018748193 __DUMMY__ 0.003445940275374779	false	1.0
feige	off 1.0	off 1.0	off 0.7308743920697458 neg 0.26566795027466567 __DUMMY__ 0.0034576576555885924	false	1.0
abdanken	neg 1.0		neg 0.507889424043736 off 0.48483997546747104 __DUMMY__ 0.007270600488792879	false	1.0
wichtigtuer	off 1.0	off 1.0	off 0.7294277464364028 neg 0.267101533786067 __DUMMY__ 0.003470719777530153	false	1.0
misslingen	neg 1.0		neg 0.4998141460463561 off 0.49282451962193163 __DUMMY__ 0.007361334331712279	false	1.0
untreu	off 1.0		neg 0.499738458320589 off 0.49301702885753007 __DUMMY__ 0.007244512821880889	false	0.5
missmutig	neg 1.0		neg 0.5001585938741457 off 0.492577318952108 __DUMMY__ 0.00726408717374615	false	1.0
hurenbock	off 1.0		neg 0.5023751287378238 off 0.49031716044274126 __DUMMY__ 0.007307710819435003	false	0.5
betrunken	neg 1.0		off 0.49710010896503437 neg 0.495621492031129 __DUMMY__ 0.007278399003836705	false	0.5
korrupt	off 1.0		neg 0.5112358824053658 off 0.48151524499300924 __DUMMY__ 0.007248872601624962	false	0.5
unmut	neg 1.0		neg 0.5135339530393427 off 0.47914053163386067 __DUMMY__ 0.007325515326796692	false	1.0
hackfresse	off 1.0		off 0.49979882487842175 neg 0.49300568109602194 __DUMMY__ 0.007195494025556176	false	1.0
aufblasen	neg 1.0		neg 0.5019782704702321 off 0.4907084383464011 __DUMMY__ 0.007313291183366832	false	1.0
gewaltsam	neg 1.0		neg 0.5055317798821838 off 0.48716040609246025 __DUMMY__ 0.0073078140253559935	false	1.0
unbeliebtheit	neg 1.0		neg 0.5060640279201756 off 0.4867581819056311 __DUMMY__ 0.0071777901741932205	false	1.0
sturheit	neg 1.0		neg 0.5074092426106848 off 0.48530888152058044 __DUMMY__ 0.007281875868734828	false	1.0
kuh	neg 1.0		neg 0.5063511551798655 off 0.48639251880955475 __DUMMY__ 0.007256326010579709	false	1.0
erschrecken	neg 1.0		neg 0.5000008965963553 off 0.4927160285637636 __DUMMY__ 0.007283074839881027	false	1.0
opfer	neg 1.0		neg 0.5075445621887836 off 0.4851235277311866 __DUMMY__ 0.007331910080029596	false	1.0
sinken	neg 1.0		neg 0.5122949500320515 off 0.480372922999787 __DUMMY__ 0.007332126968161456	false	1.0
stinktier	neg 1.0		off 0.49653636331298645 neg 0.49625610820302685 __DUMMY__ 0.007207528483986683	false	0.5
tucke	off 1.0		off 0.49773867886827233 neg 0.49511420563586117 __DUMMY__ 0.007147115495866461	false	1.0
ein			neg 0.5032581150681295 off 0.4894355832222298 __DUMMY__ 0.007306301709640767	false	0.0
abstieg	neg 1.0		neg 0.5076001570947974 off 0.48504899724781103 __DUMMY__ 0.007350845657391679	false	1.0
missverstehen	neg 1.0		neg 0.5033696041920385 off 0.4893669851384376 __DUMMY__ 0.007263410669523921	false	1.0
ergebnislos	neg 1.0		neg 0.5102674683835083 off 0.4824231451262007 __DUMMY__ 0.007309386490290962	false	1.0
unter			neg 0.5141263191376003 off 0.4784615559719726 __DUMMY__ 0.007412124890427004	false	0.0
manipulieren	neg 1.0		neg 0.5107949041512746 off 0.48189290568740717 __DUMMY__ 0.007312190161318221	false	1.0
unbewiesen	neg 1.0		neg 0.5102330378172496 off 0.48255878946090563 __DUMMY__ 0.007208172721844779	false	1.0
verschleppen	neg 1.0		neg 0.5080876477308729 off 0.48460324129185506 __DUMMY__ 0.0073091109772721406	false	1.0
weib	off 1.0		off 0.4995508248821558 neg 0.4932569291294844 __DUMMY__ 0.0071922459883599086	false	1.0
opposition	neg 1.0		neg 0.5050035111622873 off 0.4877404394402068 __DUMMY__ 0.007256049397505992	false	1.0
verkehrswidrig	neg 1.0	neg 1.0	neg 0.7302629005364978 off 0.2662243624432691 __DUMMY__ 0.0035127370202331664	false	1.0
inkorrekt	neg 1.0		neg 0.5004529967285658 off 0.4923415154928149 __DUMMY__ 0.007205487778619381	false	1.0
vermeiden	neg 1.0		neg 0.5137960980435776 off 0.47883832536092974 __DUMMY__ 0.007365576595492643	false	1.0
abweichung	neg 1.0		neg 0.5101875434314219 off 0.48251318796161186 __DUMMY__ 0.007299268606966213	false	1.0
alkoholisiert	neg 1.0		neg 0.5056600231932437 off 0.486947674000237 __DUMMY__ 0.00739230280651925	false	1.0
scheiss	off 1.0	off 1.0	off 0.7320753334466535 neg 0.26445124778426327 __DUMMY__ 0.0034734187690832067	false	1.0
herausforderung	neg 1.0	neg 1.0	neg 0.7376749478550897 off 0.25877389888659746 __DUMMY__ 0.0035511532583129765	false	1.0
pervers	off 1.0		off 0.5028826587499418 neg 0.48994148271736876 __DUMMY__ 0.007175858532689432	false	1.0
wackelig	neg 1.0		neg 0.5045366611506488 off 0.48810494765916307 __DUMMY__ 0.007358391190188292	false	1.0
verwickeln	neg 1.0		neg 0.5036127855001347 off 0.48912519430455054 __DUMMY__ 0.00726202019531484	false	1.0
vorwand	neg 1.0		neg 0.511004375365529 off 0.4816696336428314 __DUMMY__ 0.0073259909916396386	false	1.0
muschi	off 1.0		neg 0.5068947138902825 off 0.4858043913080431 __DUMMY__ 0.007300894801674379	false	0.5
entmutigung	neg 1.0		neg 0.506216474595015 off 0.4865385440773829 __DUMMY__ 0.007244981327602269	false	1.0
unangemessen	neg 1.0		neg 0.5084953164634468 off 0.48422246691989274 __DUMMY__ 0.007282216616660511	false	1.0
unstetig	neg 1.0		neg 0.5025647883472097 off 0.4901228359920469 __DUMMY__ 0.007312375660743423	false	1.0
entmutigen	neg 1.0		neg 0.5036560878319873 off 0.4890566369473066 __DUMMY__ 0.007287275220706051	false	1.0
schwanz	neg 1.0		neg 0.509470294006793 off 0.48320336995392194 __DUMMY__ 0.007326336039284983	false	1.0
verbot	neg 1.0		neg 0.5100857550414255 off 0.48263913975563155 __DUMMY__ 0.007275105202942862	false	1.0
leid	neg 1.0		off 0.4992371926065947 neg 0.4935238054278019 __DUMMY__ 0.007239001965603414	false	0.5
archaisch	neg 1.0		neg 0.5070229356044167 off 0.48566856982763157 __DUMMY__ 0.007308494567951576	false	1.0
gegen			neg 0.510676691474358 off 0.4819751593953437 __DUMMY__ 0.007348149130298239	false	0.0
scheidung	neg 1.0		off 0.5073221029094694 neg 0.4855026055031953 __DUMMY__ 0.007175291587335415	false	0.5
einschlag	neg 1.0	neg 1.0	neg 0.7329105246516522 off 0.2636156340808577 __DUMMY__ 0.0034738412674900996	false	1.0
m			neg 0.5061808352628138 off 0.48649084221282984 __DUMMY__ 0.007328322524356479	false	0.0
abgestanden	neg 1.0		neg 0.5030381617084221 off 0.4896528295662276 __DUMMY__ 0.007309008725350337	false	1.0
schmierig	off 1.0		off 0.4986302086031445 neg 0.49412889213370015 __DUMMY__ 0.007240899263155269	false	1.0
unpraktisch	neg 1.0		neg 0.5021317448442929 off 0.49054940285536086 __DUMMY__ 0.007318852300346153	false	1.0
wixxer	off 1.0		off 0.5019677180901294 neg 0.4908668352760729 __DUMMY__ 0.00716544663379773	false	1.0
bezeichnet			neg 0.5062953627814536 off 0.48641936160005694 __DUMMY__ 0.00728527561848955	false	0.0
jammerlappen	off 1.0		neg 0.5003131365621606 off 0.492426904035642 __DUMMY__ 0.007259959402197373	false	0.5
farce	neg 1.0		neg 0.5100868497188686 off 0.48265626578508036 __DUMMY__ 0.007256884496051005	false	1.0
zwecklos	neg 1.0		neg 0.5081945776812252 off 0.4845171531003485 __DUMMY__ 0.0072882692184262155	false	1.0
turbulent	neg 1.0		neg 0.5002213597677458 off 0.49253076721458944 __DUMMY__ 0.0072478730176646225	false	1.0
invasion	neg 1.0		neg 0.501882535157544 off 0.49082479689649683 __DUMMY__ 0.007292667945959258	false	1.0
schuld	neg 1.0		neg 0.5044491757167279 off 0.4882659114980061 __DUMMY__ 0.00728491278526608	false	1.0
risiko	neg 1.0		neg 0.5033205305082317 off 0.48936186844069623 __DUMMY__ 0.007317601051072093	false	1.0
finster	neg 1.0		neg 0.5030039147093394 off 0.4896924698229435 __DUMMY__ 0.007303615467717194	false	1.0
geisteskrank	off 1.0		neg 0.49972021032908565 off 0.4930488996359235 __DUMMY__ 0.007230890034990846	false	0.5
zusammenbrechen	neg 1.0		neg 0.5056164866291454 off 0.4870644284326363 __DUMMY__ 0.007319084938218354	false	1.0
ausbeute	neg 1.0		neg 0.5073973555150766 off 0.4852433518744985 __DUMMY__ 0.0073592926104250585	false	1.0
hinterhalt	neg 1.0		neg 0.5051648972491873 off 0.48750006286352465 __DUMMY__ 0.00733503988728803	false	1.0
kritik	neg 1.0		neg 0.5097241113919218 off 0.4830091582426846 __DUMMY__ 0.007266730365393549	false	1.0
einschrumpfen	neg 1.0		neg 0.5044113601783602 off 0.4883526716425027 __DUMMY__ 0.007235968179137084	false	1.0
riskant	neg 1.0		neg 0.5094614630615232 off 0.4832327939820964 __DUMMY__ 0.00730574295638046	false	1.0
frustrieren	neg 1.0		neg 0.5088289915209572 off 0.48385919464397076 __DUMMY__ 0.007311813835072071	false	1.0
groll	neg 1.0		neg 0.5074936408759023 off 0.485199695647699 __DUMMY__ 0.007306663476398699	false	1.0
gibt			neg 0.5071773561672079 off 0.4855209980165896 __DUMMY__ 0.007301645816202556	false	0.0
qualvoll	neg 1.0		neg 0.5000018327002956 off 0.49269802574851773 __DUMMY__ 0.007300141551186594	false	1.0
wackeln	neg 1.0	neg 1.0	neg 0.7361475644648354 off 0.2603431221611033 __DUMMY__ 0.003509313374061282	false	1.0
klagen	neg 1.0		neg 0.512591440424199 off 0.48007885005144285 __DUMMY__ 0.007329709524358148	false	1.0
bankrott	neg 1.0		neg 0.5004974992914577 off 0.49222242179390396 __DUMMY__ 0.007280078914638254	false	1.0
trauern	neg 1.0		neg 0.5074941746976963 off 0.4851683068038267 __DUMMY__ 0.0073375184984770594	false	1.0
ablehnung	neg 1.0		neg 0.5095855755481874 off 0.4831462139296952 __DUMMY__ 0.007268210522117452	false	1.0
stur	neg 1.0		neg 0.5044261857320347 off 0.48830222330652495 __DUMMY__ 0.007271590961440393	false	1.0
aufruhr	neg 1.0		neg 0.5058837151607202 off 0.4868117102824282 __DUMMY__ 0.00730457455685172	false	1.0
melancholie	neg 1.0		neg 0.5064111142261419 off 0.486261560567169 __DUMMY__ 0.007327325206689071	false	1.0
ist			neg 0.5032094860072754 off 0.489505684473139 __DUMMY__ 0.007284829519585505	false	0.0
torheit	neg 1.0		neg 0.5059062026354987 off 0.4868298689835741 __DUMMY__ 0.007263928380927199	false	1.0
dreckskind	off 1.0		off 0.49746933400987087 neg 0.4953380843724333 __DUMMY__ 0.007192581617695927	false	1.0
umtauschen	neg 1.0		neg 0.5050361499135987 off 0.48766084243595903 __DUMMY__ 0.007303007650442223	false	1.0
zum			neg 0.5104104430311114 off 0.4821709887417564 __DUMMY__ 0.007418568227132146	false	0.0
zersetzen	neg 1.0		neg 0.5116816165034291 off 0.4810192325786221 __DUMMY__ 0.007299150917948812	false	1.0
zur			neg 0.5137810247842108 off 0.4788400347436453 __DUMMY__ 0.007378940472143809	false	0.0
frust	neg 1.0		neg 0.506170189780914 off 0.4865156450836687 __DUMMY__ 0.007314165135417462	false	1.0
unerbittlichkeit	neg 1.0		neg 0.5111431491079675 off 0.48155133499832364 __DUMMY__ 0.007305515893708727	false	1.0
zwei			neg 0.509191567150992 off 0.4834176828527943 __DUMMY__ 0.007390749996213671	false	0.0
unkorrekt	neg 1.0		neg 0.5005281894157839 off 0.49228063648121023 __DUMMY__ 0.007191174103005802	false	1.0
hexe	off 1.0		neg 0.49954639282637425 off 0.49319865782635947 __DUMMY__ 0.007254949347266271	false	0.5
lasch	neg 1.0		neg 0.5033128732608403 off 0.4894486011500265 __DUMMY__ 0.007238525589133147	false	1.0
rivale	neg 1.0		neg 0.49673671871121744 off 0.49600615069751336 __DUMMY__ 0.0072571305912691635	false	1.0
mutlos	off 1.0	off 1.0	off 0.7254662097363397 neg 0.2710529776832617 __DUMMY__ 0.003480812580398545	false	1.0
wirr	off 1.0		neg 0.49985207841863216 off 0.492952858997422 __DUMMY__ 0.007195062583945873	false	0.5
jahr			neg 0.5079188571505435 off 0.4847097642474972 __DUMMY__ 0.007371378601959147	false	0.0
wird			neg 0.5080749235877547 off 0.484608628263233 __DUMMY__ 0.007316448149012282	false	0.0
strafbar	neg 1.0		neg 0.5099944698496981 off 0.4827104960538774 __DUMMY__ 0.007295034096424351	false	1.0
erosion	neg 1.0		neg 0.5029720298758746 off 0.4897113769821722 __DUMMY__ 0.00731659314195318	false	1.0
eingehen	neg 1.0		neg 0.5093906014929181 off 0.48332482969311275 __DUMMY__ 0.007284568813969079	false	1.0
faul	off 1.0		neg 0.49954003474768816 off 0.4931721137250103 __DUMMY__ 0.007287851527301529	false	0.5
provisorium	neg 1.0		neg 0.5153330613669642 off 0.4772700392043686 __DUMMY__ 0.007396899428667171	false	1.0
schmerzen	neg 1.0		neg 0.5043065566276412 off 0.48838726958322287 __DUMMY__ 0.007306173789135979	false	1.0
schrumpfen	neg 1.0		neg 0.5159917233730887 off 0.47667562290102256 __DUMMY__ 0.007332653725888619	false	1.0
geistlos	off 1.0		neg 0.5063187202138157 off 0.48646663718608507 __DUMMY__ 0.007214642600099312	false	0.5
fehlkauf	neg 1.0		neg 0.5034752073614002 off 0.4892434757025707 __DUMMY__ 0.007281316936029061	false	1.0
frustrierend	neg 1.0		neg 0.4997774897803662 off 0.492931446303123 __DUMMY__ 0.007291063916510705	false	1.0
unzufrieden	neg 1.0		neg 0.5085840276021131 off 0.48413050261023904 __DUMMY__ 0.007285469787647965	false	1.0
verzweifeln	neg 1.0		neg 0.5053326081825342 off 0.48736562420832097 __DUMMY__ 0.0073017676091448065	false	1.0
verzweifelt	neg 1.0		neg 0.5036877660821175 off 0.48903064344804864 __DUMMY__ 0.007281590469833814	false	1.0
misstrauensantrag	neg 1.0		neg 0.5036048782129181 off 0.48913006931589953 __DUMMY__ 0.007265052471182367	false	1.0
abfallen	neg 1.0		neg 0.5015709564279544 off 0.49110708547639614 __DUMMY__ 0.007321958095649582	false	1.0
fucker	off 1.0		neg 0.49877865943747174 off 0.4939832017171592 __DUMMY__ 0.007238138845369082	false	0.5
ungezogen	neg 1.0		off 0.5022590904625336 neg 0.4905373771386493 __DUMMY__ 0.007203532398816996	false	0.5
irrsinnig	neg 1.0	neg 1.0	neg 0.7377309908005745 off 0.25879272778991674 __DUMMY__ 0.003476281409508842	false	1.0
unfassbar	neg 1.0		neg 0.49994933562800625 off 0.49280161397598166 __DUMMY__ 0.007249050396012209	false	1.0
hart	neg 1.0		neg 0.501434393284114 off 0.49129384353038963 __DUMMY__ 0.007271763185496529	false	1.0
widerlich	off 1.0		neg 0.49974630060757746 off 0.49302234600559447 __DUMMY__ 0.007231353386827921	false	0.5
fatal	neg 1.0		neg 0.503131871493624 off 0.4895868119694659 __DUMMY__ 0.007281316536909969	false	1.0
bruch	neg 1.0		neg 0.5130769866545458 off 0.47960620790807285 __DUMMY__ 0.007316805437381303	false	1.0
aushungern	neg 1.0		neg 0.508382121524557 off 0.48434973306105444 __DUMMY__ 0.007268145414388538	false	1.0
anspannung	neg 1.0	neg 1.0	neg 0.7402603699616622 off 0.25617991441022064 __DUMMY__ 0.00355971562811715	false	1.0
von			neg 0.5090417619316 off 0.48359020315651785 __DUMMY__ 0.007368034911882179	false	0.0
kraftlos	neg 1.0		neg 0.5048743808235718 off 0.48778074466833665 __DUMMY__ 0.007344874508091619	false	1.0
vom			neg 0.5133660485866358 off 0.4792185905330754 __DUMMY__ 0.007415360880288749	false	0.0
grenzdebil	off 1.0		neg 0.4983427979664121 off 0.4944044569488802 __DUMMY__ 0.007252745084707674	false	0.5
vor			neg 0.5097889353835138 off 0.48286481216787597 __DUMMY__ 0.007346252448610315	false	0.0
unterwerfen	neg 1.0		neg 0.5091152565606487 off 0.48357199501463366 __DUMMY__ 0.007312748424717644	false	1.0
versenkung	neg 1.0		neg 0.5094707869104856 off 0.4832153266424393 __DUMMY__ 0.007313886447075178	false	1.0
entziehen	neg 1.0		neg 0.5119116241131283 off 0.48076131657932264 __DUMMY__ 0.0073270593075489675	false	1.0
finanzkrise	neg 1.0		neg 0.5084676848300745 off 0.4842706923698906 __DUMMY__ 0.007261622800034938	false	1.0
schimpfend	neg 1.0		neg 0.5017689912387677 off 0.490908105141769 __DUMMY__ 0.0073229036194633465	false	1.0
profan	neg 1.0		neg 0.5021375152955219 off 0.4905866214270175 __DUMMY__ 0.0072758632774607	false	1.0
korruption	neg 1.0	neg 1.0	neg 0.7406262914211613 off 0.2558964353520579 __DUMMY__ 0.0034772732267807573	false	1.0
â			neg 0.5075014994347206 off 0.48516881951684737 __DUMMY__ 0.007329681048432036	false	0.0
schmutzig	neg 1.0		neg 0.4978839394659917 off 0.494843307341597 __DUMMY__ 0.007272753192411267	false	1.0
sexy	neg 1.0		neg 0.5011236447486958 off 0.491596073141882 __DUMMY__ 0.007280282109422316	false	1.0
abraten	neg 1.0		neg 0.5027932056642236 off 0.4899196164906233 __DUMMY__ 0.007287177845153041	false	1.0
schwarz	neg 1.0		neg 0.5040953960295708 off 0.48862633303354336 __DUMMY__ 0.007278270936885848	false	1.0
fotze	off 1.0		neg 0.509050563307914 off 0.48363730794195303 __DUMMY__ 0.0073121287501331355	false	0.5
verwirren	neg 1.0		neg 0.5018189441752453 off 0.4909040734230063 __DUMMY__ 0.007276982401748469	false	1.0
zahnlos	off 1.0		neg 0.5084566680503197 off 0.4842566253196246 __DUMMY__ 0.007286706630055569	false	0.5
verheeren	neg 1.0		off 0.5046675650276112 neg 0.4881074263404409 __DUMMY__ 0.007225008631947829	false	0.5
hippie	neg 1.0		neg 0.5020004055111897 off 0.49072240977360293 __DUMMY__ 0.007277184715207456	false	1.0
rammen	neg 1.0		neg 0.5045503549371476 off 0.4881686784827107 __DUMMY__ 0.007280966580141664	false	1.0
unlauter	neg 1.0		neg 0.50895607197711 off 0.4838260896496414 __DUMMY__ 0.0072178383732485335	false	1.0
unheilvoll	neg 1.0		neg 0.5002023685043602 off 0.492477690131773 __DUMMY__ 0.007319941363866857	false	1.0
niedrig	neg 1.0		neg 0.5090705361151886 off 0.4835991572343665 __DUMMY__ 0.007330306650444819	false	1.0
explosion	neg 1.0		neg 0.5031792579802812 off 0.4895518098443734 __DUMMY__ 0.007268932175345315	false	1.0
weichei	off 1.0		off 0.4987175779995393 neg 0.49407190617916524 __DUMMY__ 0.007210515821295505	false	1.0
minusmensch	off 1.0		off 0.499281303422929 neg 0.4935785476789719 __DUMMY__ 0.007140148898099221	false	1.0
farblos	neg 1.0		neg 0.5018723558350273 off 0.4907582675963571 __DUMMY__ 0.007369376568615415	false	1.0
unwissend	neg 1.0	neg 1.0	neg 0.7355516198937634 off 0.26098782535686316 __DUMMY__ 0.003460554749373515	false	1.0
traurig	neg 1.0		off 0.4967918770593405 neg 0.49595932221742023 __DUMMY__ 0.00724880072323926	false	0.5
senkung	neg 1.0		neg 0.5045503840402693 off 0.4882110445077949 __DUMMY__ 0.007238571451935755	false	1.0
ungleich	neg 1.0	neg 1.0	neg 0.741321493435583 off 0.2551976319048693 __DUMMY__ 0.0034808746595477802	false	1.0
heikel	neg 1.0		neg 0.5111967813420952 off 0.4815001648760682 __DUMMY__ 0.007303053781836403	false	1.0
drosselung	neg 1.0		neg 0.4980502006363474 off 0.49468191292885316 __DUMMY__ 0.007267886434799285	false	1.0
falsch	neg 1.0		neg 0.5004375523249559 off 0.4922885897012498 __DUMMY__ 0.007273857973794346	false	1.0
unzufriedenheit	neg 1.0		neg 0.5114688461842116 off 0.4812185457029716 __DUMMY__ 0.00731260811281672	false	1.0
kurz	neg 1.0		neg 0.5049921908159888 off 0.48767584664357116 __DUMMY__ 0.007331962540439982	false	1.0
unsinnig	neg 1.0		neg 0.508706358864499 off 0.4840230446132815 __DUMMY__ 0.007270596522219485	false	1.0
penner	off 1.0	off 1.0	off 0.7355553707279706 neg 0.2610074459971376 __DUMMY__ 0.003437183274891822	false	1.0
seicht	neg 1.0		off 0.4998037215850926 neg 0.49303046083930946 __DUMMY__ 0.007165817575597837	false	0.5
dummheit	off 1.0	off 1.0	off 0.7294888884722027 neg 0.26704392801551957 __DUMMY__ 0.0034671835122777393	false	1.0
unerfreulich	neg 1.0		neg 0.5108858841924231 off 0.48178497050741004 __DUMMY__ 0.007329145300167031	false	1.0
motherfucker	off 1.0	off 1.0	off 0.731761556001361 neg 0.26478494237251743 __DUMMY__ 0.0034535016261216817	false	1.0
pikiert	neg 1.0		neg 0.5010370605599646 off 0.4917286186820168 __DUMMY__ 0.007234320758018556	false	1.0
wrack	neg 1.0		neg 0.5062293041873895 off 0.48640707529250127 __DUMMY__ 0.007363620520109239	false	1.0
gangster	neg 1.0		neg 0.5019967557308522 off 0.4907178355278651 __DUMMY__ 0.007285408741282695	false	1.0
krank	neg 1.0		neg 0.4968984149247341 off 0.4958305001567747 __DUMMY__ 0.007271084918491371	false	1.0
reich	neg 1.0		neg 0.5017852606340247 off 0.49096709791923576 __DUMMY__ 0.007247641446739613	false	1.0
gnadenlos	neg 1.0		neg 0.5039639224254993 off 0.4887432281463816 __DUMMY__ 0.00729284942811909	false	1.0
niedergeschlagen	neg 1.0		neg 0.5044057938732972 off 0.48825948637987193 __DUMMY__ 0.007334719746830829	false	1.0
terrorisieren	off 1.0	off 1.0	off 0.7270597950253452 neg 0.2694370214270958 __DUMMY__ 0.003503183547558912	false	1.0
sinnlosigkeit	neg 1.0		neg 0.5078485150045196 off 0.48485785831051503 __DUMMY__ 0.007293626684965349	false	1.0
behindern	neg 1.0		neg 0.5067495754434592 off 0.48596598848532 __DUMMY__ 0.007284436071220764	false	1.0
undemokratisch	neg 1.0		neg 0.5069639952143487 off 0.4857893250241136 __DUMMY__ 0.0072466797615377155	false	1.0
wirtschaftskrise	neg 1.0		neg 0.5101351112874065 off 0.4825788814062913 __DUMMY__ 0.007286007306302229	false	1.0
neid	neg 1.0		neg 0.49784951125288024 off 0.4948469937373875 __DUMMY__ 0.007303495009732254	false	1.0
rutschen	neg 1.0	neg 1.0	neg 0.7396806400063304 off 0.25677247493387334 __DUMMY__ 0.0035468850597962743	false	1.0
rezession	neg 1.0		neg 0.4974545843012585 off 0.4953393650196851 __DUMMY__ 0.007206050679056397	false	1.0
fehlgeburt	neg 1.0		neg 0.500773940638573 off 0.4919098176386707 __DUMMY__ 0.00731624172275646	false	1.0
charakterschwach	off 1.0		neg 0.49894338058697607 off 0.4938037618836064 __DUMMY__ 0.00725285752941745	false	0.5
isolation	neg 1.0		neg 0.5001570253302637 off 0.4925577862908889 __DUMMY__ 0.007285188378847393	false	1.0
ablenkung	neg 1.0		neg 0.5041264543469938 off 0.4885711159306839 __DUMMY__ 0.007302429722322309	false	1.0
pech	neg 1.0		neg 0.5004876435596978 off 0.49223388421551945 __DUMMY__ 0.007278472224782583	false	1.0
vermeidung	neg 1.0		neg 0.49999856778834584 off 0.4927716532760843 __DUMMY__ 0.007229778935569741	false	1.0
dominieren	neg 1.0		neg 0.5067158249996543 off 0.48593963940237994 __DUMMY__ 0.0073445355979659	false	1.0
schwindlig	neg 1.0		neg 0.499173630882162 off 0.49349443762225687 __DUMMY__ 0.00733193149558123	false	1.0
lutscher	neg 1.0		off 0.5007597034240817 neg 0.4920743886996389 __DUMMY__ 0.007165907876279505	false	0.5
pflicht	neg 1.0		neg 0.5113112765465562 off 0.4813829487065382 __DUMMY__ 0.007305774746905636	false	1.0
faschist	off 1.0		neg 0.5046832858949752 off 0.48808180165517373 __DUMMY__ 0.007234912449851119	false	0.5
verschleudern	neg 1.0		neg 0.513606107698743 off 0.4791485499757445 __DUMMY__ 0.007245342325512341	false	1.0
wenn			neg 0.5003274528150241 off 0.4924016916264309 __DUMMY__ 0.0072708555585450085	false	0.0
ehebruch	neg 1.0		neg 0.5088570632353945 off 0.48383879302111393 __DUMMY__ 0.0073041437434914905	false	1.0
spott	off 1.0		neg 0.5106265762988066 off 0.48208566907515554 __DUMMY__ 0.007287754626037935	false	0.5
trostlosigkeit	neg 1.0		neg 0.5105318755808337 off 0.48212559913481157 __DUMMY__ 0.0073425252843546725	false	1.0
lutschen	neg 1.0		neg 0.5036207427790697 off 0.48911941059498776 __DUMMY__ 0.007259846625942725	false	1.0
undiszipliniert	neg 1.0		neg 0.4963762039575311 off 0.49636326603840986 __DUMMY__ 0.00726053000405902	false	1.0
kopfschmerz	neg 1.0		neg 0.5046884217034954 off 0.48798107318495376 __DUMMY__ 0.007330505111550902	false	1.0
unvorhergesehen	neg 1.0		neg 0.505777298975777 off 0.48685712219080296 __DUMMY__ 0.007365578833420092	false	1.0
desinteressiert	neg 1.0		neg 0.49801199248087336 off 0.4947505700440773 __DUMMY__ 0.007237437475049365	false	1.0
armselig	off 1.0		neg 0.49858726082948684 off 0.49420604488780584 __DUMMY__ 0.007206694282707238	false	0.5
desaster	neg 1.0		neg 0.513667378393465 off 0.47901298104389933 __DUMMY__ 0.007319640562635687	false	1.0
tod	neg 1.0		neg 0.5052580194844211 off 0.487380109924476 __DUMMY__ 0.007361870591102969	false	1.0
herzlos	neg 1.0		neg 0.49663253078946484 off 0.4961403927097377 __DUMMY__ 0.007227076500797506	false	1.0
unwissenheit	neg 1.0		neg 0.5098910731612708 off 0.4828433794583554 __DUMMY__ 0.007265547380373821	false	1.0
widersinnig	neg 1.0	neg 1.0	neg 0.7409094860383947 off 0.2556300640997639 __DUMMY__ 0.00346044986184138	false	1.0
bedenklich	neg 1.0		neg 0.5098772979286604 off 0.4828298775035731 __DUMMY__ 0.007292824567766438	false	1.0
beanstanden	neg 1.0		neg 0.5114819556396961 off 0.48120142458946713 __DUMMY__ 0.007316619770836698	false	1.0
panisch	neg 1.0	neg 1.0	neg 0.7344224347748385 off 0.2620654437417796 __DUMMY__ 0.0035121214833819456	false	1.0
debil	off 1.0		neg 0.5150757843525607 off 0.47755902297529634 __DUMMY__ 0.007365192672142775	false	0.5
abstrich	neg 1.0		neg 0.5085081213113303 off 0.4841929998733842 __DUMMY__ 0.007298878815285385	false	1.0
primitiv	neg 1.0		neg 0.49906888562845164 off 0.49369786795670895 __DUMMY__ 0.007233246414839476	false	1.0
abschaum	off 1.0	off 1.0	off 0.7308433068083854 neg 0.2656928293855647 __DUMMY__ 0.003463863806049928	false	1.0
provozieren	neg 1.0		neg 0.5050759607518794 off 0.4876460361191912 __DUMMY__ 0.0072780031289293645	false	1.0
tot	neg 1.0		neg 0.5094191418338829 off 0.48327601605116044 __DUMMY__ 0.007304842114956772	false	1.0
instabil	neg 1.0		neg 0.50103192110936 off 0.49176470918997844 __DUMMY__ 0.007203369700661653	false	1.0
schwuchtel	off 1.0		off 0.5049389572488703 neg 0.4879269016945562 __DUMMY__ 0.007134141056573618	false	1.0
zerren	neg 1.0		neg 0.5044152309145734 off 0.48825107805155615 __DUMMY__ 0.007333691033870377	false	1.0
kinderficker	off 1.0		neg 0.4969613705479159 off 0.4958596970404428 __DUMMY__ 0.00717893241164119	false	0.5
gefahr	neg 1.0		neg 0.5105654764330064 off 0.48210949827214045 __DUMMY__ 0.007325025294853207	false	1.0
rabiat	neg 1.0		neg 0.5058466688294488 off 0.48687368195101655 __DUMMY__ 0.007279649219534678	false	1.0
verlangsamung	neg 1.0		off 0.4998668938807433 neg 0.4929274697071505 __DUMMY__ 0.007205636412106121	false	0.5
ausgestorben	neg 1.0		neg 0.5042300785387546 off 0.48844895571394736 __DUMMY__ 0.00732096574729818	false	1.0
anklagen	neg 1.0		neg 0.5078397432117879 off 0.4848716975310212 __DUMMY__ 0.007288559257190838	false	1.0
trott	neg 1.0		neg 0.5049597758160262 off 0.48772995453087015 __DUMMY__ 0.007310269653103583	false	1.0
verminderung	neg 1.0		neg 0.4985691198766476 off 0.4941956971183897 __DUMMY__ 0.007235183004962834	false	1.0
nach			neg 0.50925736137222 off 0.483313924379858 __DUMMY__ 0.007428714247921933	false	0.0
rost	neg 1.0		off 0.49956126266900647 neg 0.4932109824737007 __DUMMY__ 0.007227754857292747	false	0.5
destruktiv	neg 1.0		neg 0.5077693526903655 off 0.48497203147189694 __DUMMY__ 0.007258615837737709	false	1.0
unzumutbarkeit	neg 1.0		neg 0.4992854475502149 off 0.49343397721255583 __DUMMY__ 0.007280575237229321	false	1.0
labil	off 1.0	off 1.0	off 0.730814212143466 neg 0.2657209129729242 __DUMMY__ 0.0034648748836097988	false	1.0
ziemlich	neg 1.0		neg 0.498147613653048 off 0.4945828397629777 __DUMMY__ 0.007269546583974262	false	1.0
lachnummer	off 1.0		neg 0.5065946109024719 off 0.4861306026214778 __DUMMY__ 0.007274786476050295	false	0.5
oder			neg 0.5033323126041199 off 0.4893523400722936 __DUMMY__ 0.00731534732358637	false	0.0
verfall	neg 1.0		neg 0.5152877674417048 off 0.47736855249510896 __DUMMY__ 0.007343680063186367	false	1.0
ausgrenzung	neg 1.0		neg 0.5055271156451234 off 0.48721947445516034 __DUMMY__ 0.007253409899716135	false	1.0
unordnung	neg 1.0		neg 0.4977838586962119 off 0.49492986629965113 __DUMMY__ 0.0072862750041370996	false	1.0
fehlverhalten	neg 1.0		neg 0.5108497178979663 off 0.48184413145306265 __DUMMY__ 0.007306150648971047	false	1.0
eine			neg 0.5104345836150418 off 0.4822386735045823 __DUMMY__ 0.007326742880375917	false	0.0
nille	neg 1.0		neg 0.506220859795999 off 0.48647631690082865 __DUMMY__ 0.007302823303172381	false	1.0
qual	neg 1.0		neg 0.5053514007722313 off 0.487340396994128 __DUMMY__ 0.007308202233640735	false	1.0
verschwenden	neg 1.0		neg 0.5089786193255339 off 0.48372513937092304 __DUMMY__ 0.007296241303543117	false	1.0
riesig	neg 1.0	neg 1.0	neg 0.7382231523451112 off 0.25825441525081866 __DUMMY__ 0.0035224324040701127	false	1.0
verurteilen	neg 1.0		neg 0.5082909865475685 off 0.4844169491415483 __DUMMY__ 0.007292064310882995	false	1.0
klischee	neg 1.0	neg 1.0	neg 0.7367231091434745 off 0.2598156210146405 __DUMMY__ 0.0034612698418849614	false	1.0
diktatorisch	neg 1.0		neg 0.5069903977877257 off 0.48577597205658873 __DUMMY__ 0.007233630155685707	false	1.0
vorhersehbar	neg 1.0	neg 1.0	neg 0.7368574421158757 off 0.25967481531460435 __DUMMY__ 0.003467742569519976	false	1.0
sowie			off 0.4979112638865731 neg 0.4948754002216314 __DUMMY__ 0.007213335891795531	false	0.0
stornieren	neg 1.0		neg 0.49996959450519884 off 0.49266918937436993 __DUMMY__ 0.007361216120431285	false	1.0
besteuerung	neg 1.0		neg 0.507419491994182 off 0.4853409484786649 __DUMMY__ 0.007239559527153201	false	1.0
ungeschminkt	neg 1.0		neg 0.4998777747268709 off 0.49288842115988957 __DUMMY__ 0.007233804113239559	false	1.0
kritisch	neg 1.0		neg 0.5101212829885728 off 0.48258469248497154 __DUMMY__ 0.00729402452645563	false	1.0
schlamperei	off 1.0		neg 0.5116581758898993 off 0.48104980309987494 __DUMMY__ 0.007292021010225861	false	0.5
sucht	neg 1.0	neg 1.0	neg 0.7368056084428001 off 0.2596878270168833 __DUMMY__ 0.0035065645403166102	false	1.0
egoistisch	off 1.0		off 0.49910602180493024 neg 0.4936731791444649 __DUMMY__ 0.007220799050604903	false	1.0
ausbeuter	off 1.0		neg 0.5120549536418585 off 0.4806563204111788 __DUMMY__ 0.007288725946962655	false	0.5
arschgeburt	off 1.0		off 0.5044206346834649 neg 0.4884562482725885 __DUMMY__ 0.0071231170439466415	false	1.0
schubs	neg 1.0	neg 1.0	neg 0.7378913532348679 off 0.25859480821397984 __DUMMY__ 0.0035138385511522896	false	1.0
unsolide	neg 1.0		neg 0.5088204386509108 off 0.4839896579439948 __DUMMY__ 0.007189903405094377	false	1.0
beschwerde	neg 1.0		neg 0.511445028365832 off 0.4812643193061416 __DUMMY__ 0.007290652328026417	false	1.0
stocken	neg 1.0		neg 0.5095643771005848 off 0.4831270494865134 __DUMMY__ 0.0073085734129016205	false	1.0
isolieren	neg 1.0		neg 0.5093646813234893 off 0.4833493662127661 __DUMMY__ 0.007285952463744632	false	1.0
unheilbar	neg 1.0		neg 0.5025144879655644 off 0.49016076167045386 __DUMMY__ 0.00732475036398165	false	1.0
pisser	off 1.0		neg 0.49769706042260176 off 0.4950538508073814 __DUMMY__ 0.007249088770016896	false	0.5
löschen	neg 1.0		neg 0.505063232847093 off 0.4876385348419886 __DUMMY__ 0.007298232310918339	false	1.0
durchfallen	neg 1.0		neg 0.5094716676091989 off 0.48325460234502265 __DUMMY__ 0.007273730045778404	false	1.0
wichser	off 1.0		off 0.5036500630870406 neg 0.48916281233895076 __DUMMY__ 0.00718712457400858	false	1.0
terror	neg 1.0		neg 0.5006741698800703 off 0.4920214446624326 __DUMMY__ 0.007304385457497196	false	1.0
krass	neg 1.0		off 0.49666685649185655 neg 0.49611010801306715 __DUMMY__ 0.007223035495076283	false	0.5
revolte	neg 1.0		neg 0.5049241359101153 off 0.4878265013268464 __DUMMY__ 0.007249362763038148	false	1.0
besorgt	neg 1.0		neg 0.5047318074107436 off 0.487921086644258 __DUMMY__ 0.007347105944998465	false	1.0
nachlassen	neg 1.0		neg 0.5091943405037558 off 0.4834849750416029 __DUMMY__ 0.007320684454641343	false	1.0
alt	neg 1.0		neg 0.5081087096473146 off 0.4845784173085814 __DUMMY__ 0.00731287304410402	false	1.0
hundesohn	off 1.0		off 0.5001931661770788 neg 0.4926385420623582 __DUMMY__ 0.007168291760563156	false	1.0
als			neg 0.5054444005275966 off 0.4872252000747 __DUMMY__ 0.007330399397703466	false	0.0
abschreckung	neg 1.0		neg 0.5115541324133953 off 0.4811187068230348 __DUMMY__ 0.00732716076356983	false	1.0
unqualifiziert	neg 1.0		neg 0.5049473872937699 off 0.4878332061605668 __DUMMY__ 0.007219406545663141	false	1.0
abgewichst	off 1.0		neg 0.5063963431357967 off 0.4862903189839376 __DUMMY__ 0.007313337880265698	false	0.5
schwer	neg 1.0		neg 0.5046961143160643 off 0.4880012800949751 __DUMMY__ 0.007302605588960586	false	1.0
bedeutungslosigkeit	neg 1.0		neg 0.511240284665492 off 0.4814479627318039 __DUMMY__ 0.0073117526027040355	false	1.0
kapitulation	neg 1.0		neg 0.5114635400463992 off 0.4812610265068832 __DUMMY__ 0.007275433446717616	false	1.0
unscharf	neg 1.0		neg 0.5027239093883532 off 0.49000251823347585 __DUMMY__ 0.007273572378170954	false	1.0
schwinden	neg 1.0		neg 0.5113155040019827 off 0.4813722287802296 __DUMMY__ 0.007312267217787731	false	1.0
versklavung	neg 1.0		neg 0.507176170395152 off 0.4855855490114753 __DUMMY__ 0.007238280593372814	false	1.0
schlecht	neg 1.0		neg 0.4977986935519936 off 0.49492761861507667 __DUMMY__ 0.007273687832929723	false	1.0
verhasst	neg 1.0		neg 0.5044641829199917 off 0.4882565305345491 __DUMMY__ 0.0072792865454593065	false	1.0
beschweren	neg 1.0		neg 0.5030835123232961 off 0.4896331458295824 __DUMMY__ 0.007283341847121606	false	1.0
scheiden	neg 1.0		neg 0.5007475588506273 off 0.4918954622264162 __DUMMY__ 0.007356978922956555	false	1.0
frustriert	neg 1.0		neg 0.5059434036160707 off 0.48675023528983574 __DUMMY__ 0.007306361094093446	false	1.0
schimmelig	neg 1.0		neg 0.5082876381626635 off 0.4843881175677289 __DUMMY__ 0.007324244269607453	false	1.0
fisch	neg 1.0		neg 0.5065547020840263 off 0.4860630798325781 __DUMMY__ 0.0073822180833954315	false	1.0
schmuggel	neg 1.0		neg 0.5074808099536795 off 0.485145657632109 __DUMMY__ 0.0073735324142115	false	1.0
auffallen	neg 1.0		neg 0.5021642220938671 off 0.4905530913126653 __DUMMY__ 0.007282686593467568	false	1.0
konkurrenz	neg 1.0	neg 1.0	neg 0.741564056408937 off 0.25493041641631264 __DUMMY__ 0.00350552717475027	false	1.0
teufelskreis	neg 1.0		neg 0.5059985512441756 off 0.48670774058703287 __DUMMY__ 0.007293708168791664	false	1.0
aufschreien	neg 1.0		neg 0.5032020626185167 off 0.4895301038187445 __DUMMY__ 0.007267833562738765	false	1.0
schuldner	neg 1.0		neg 0.510432147308584 off 0.4822462946503836 __DUMMY__ 0.007321558041032349	false	1.0
missgeburt	off 1.0	off 1.0	off 0.7341735009309691 neg 0.2623815054144998 __DUMMY__ 0.003444993654531253	false	1.0
arbeitslos	neg 1.0		neg 0.5090173118440698 off 0.48370648581263825 __DUMMY__ 0.007276202343291775	false	1.0
befallen	neg 1.0		neg 0.5070469235183346 off 0.4856551616020897 __DUMMY__ 0.007297914879575701	false	1.0
miesepetrig	off 1.0	off 1.0	off 0.7323805406974232 neg 0.2641443979821737 __DUMMY__ 0.003475061320403063	false	1.0
alarmieren	neg 1.0		neg 0.5021322972596783 off 0.49062675816781504 __DUMMY__ 0.007240944572506707	false	1.0
ungeduscht	off 1.0		neg 0.500401136530417 off 0.49231588783107466 __DUMMY__ 0.007282975638508354	false	0.5
knappheit	neg 1.0		neg 0.5114058837014129 off 0.4813207884770452 __DUMMY__ 0.0072733278215416875	false	1.0
schlange	neg 1.0		neg 0.5007691310620143 off 0.49190721303920965 __DUMMY__ 0.007323655898775956	false	1.0
harsch	neg 1.0		off 0.49906394561001083 neg 0.49368270671204295 __DUMMY__ 0.007253347677946303	false	0.5
lang	neg 1.0		neg 0.5041827818534306 off 0.48851443067714917 __DUMMY__ 0.007302787469420147	false	1.0
ziellos	neg 1.0		neg 0.506237037196275 off 0.4864309075187843 __DUMMY__ 0.007332055284940596	false	1.0
selbstverliebt	neg 1.0		off 0.5022282569219674 neg 0.49062898293432733 __DUMMY__ 0.007142760143705226	false	0.5
beseitigen	neg 1.0	neg 1.0	neg 0.7372271157686136 off 0.2592609752960787 __DUMMY__ 0.0035119089353077304	false	1.0
dumm	off 1.0		off 0.4992377160121289 neg 0.4935624491736372 __DUMMY__ 0.007199834814233925	false	1.0
arbeitsloser	neg 1.0		neg 0.5082783410642 off 0.48441244877029455 __DUMMY__ 0.007309210165505599	false	1.0
blitzen	neg 1.0		neg 0.5016676595456697 off 0.49105355320146593 __DUMMY__ 0.0072787872528643814	false	1.0
hilflos	neg 1.0		neg 0.5062864183109783 off 0.48640284712359955 __DUMMY__ 0.007310734565422223	false	1.0
eklig	off 1.0		off 0.500070376388746 neg 0.4927312751598704 __DUMMY__ 0.007198348451383458	false	1.0
begriff			neg 0.5075243256715274 off 0.48519451663937047 __DUMMY__ 0.007281157689102038	false	0.0
hungersnot	neg 1.0		neg 0.5060630240577848 off 0.486617644780989 __DUMMY__ 0.007319331161226267	false	1.0
ungesetzlich	neg 1.0		neg 0.5086747934251613 off 0.48413434783072185 __DUMMY__ 0.007190858744116722	false	1.0
verschwendung	neg 1.0		neg 0.5096239182098924 off 0.48306144879104734 __DUMMY__ 0.007314632999060313	false	1.0
schmerzvoll	neg 1.0		neg 0.5026460660556779 off 0.4900627351387576 __DUMMY__ 0.007291198805564518	false	1.0
vorzeitig	neg 1.0		neg 0.5002844165030546 off 0.49241423482301466 __DUMMY__ 0.007301348673930768	false	1.0
unvollkommenheit	neg 1.0		neg 0.5033010489842065 off 0.48932136101406043 __DUMMY__ 0.007377590001733084	false	1.0
intervenieren	neg 1.0		neg 0.5118183377425236 off 0.4808957402441579 __DUMMY__ 0.007285922013318449	false	1.0
banause	off 1.0		off 0.5006708529155018 neg 0.4921681610237023 __DUMMY__ 0.007160986060795775	false	1.0
rebell	neg 1.0		neg 0.5120889723740617 off 0.48056386359478304 __DUMMY__ 0.007347164031155142	false	1.0
unlogisch	neg 1.0		neg 0.49665048080905166 off 0.4961159003729059 __DUMMY__ 0.007233618818042418	false	1.0
leiden	neg 1.0		neg 0.5054416789657611 off 0.4871643880209202 __DUMMY__ 0.007393933013318537	false	1.0
abschaffung	neg 1.0		neg 0.5072087154811327 off 0.4855426704615464 __DUMMY__ 0.007248614057320887	false	1.0
sturz	neg 1.0		neg 0.504376255996898 off 0.48831599836871104 __DUMMY__ 0.007307745634390925	false	1.0
verkleinerung	neg 1.0		neg 0.5054964221646379 off 0.4872854833790439 __DUMMY__ 0.007218094456318174	false	1.0
schmarotzer	off 1.0		neg 0.5093959617178211 off 0.4833315691735941 __DUMMY__ 0.007272469108584869	false	0.5
bestrafung	neg 1.0		neg 0.5039342050096564 off 0.48878454303115904 __DUMMY__ 0.007281251959184732	false	1.0
achtlos	neg 1.0		neg 0.5039566071772044 off 0.4887271433382925 __DUMMY__ 0.007316249484503103	false	1.0
ungeheuer	neg 1.0		neg 0.5010208898381778 off 0.4916906046313062 __DUMMY__ 0.007288505530515879	false	1.0
