unsolidarisch	neg 1.0		neg 0.5098488986207423 off 0.4829303781405648 __DUMMY__ 0.007220723238692854	false	1.0
nachteilig	neg 1.0		neg 0.5106236823982037 off 0.4820774035097177 __DUMMY__ 0.007298914092078751	false	1.0
skeptisch	neg 1.0		neg 0.510843468863075 off 0.48184354100924814 __DUMMY__ 0.007312990127676779	false	1.0
schrecklich	neg 1.0		off 0.49759472956985246 neg 0.49516679735610375 __DUMMY__ 0.007238473074043735	false	0.5
schlapp	neg 1.0		neg 0.49905153712119804 off 0.4936721403102142 __DUMMY__ 0.007276322568587584	false	1.0
abfall	neg 1.0		neg 0.5131767879963691 off 0.4794893063340903 __DUMMY__ 0.007333905669540486	false	1.0
widerspenstig	neg 1.0		neg 0.5043597712647033 off 0.4883365917729544 __DUMMY__ 0.007303636962342277	false	1.0
abrupt	neg 1.0		neg 0.507861558442591 off 0.48478980074593014 __DUMMY__ 0.007348640811478952	false	1.0
unwirksam	neg 1.0		neg 0.5085868712314466 off 0.48417416014386955 __DUMMY__ 0.007238968624683661	false	1.0
angreifen	neg 1.0	neg 1.0	neg 0.7408525233401921 off 0.25565090950231467 __DUMMY__ 0.0034965671574930654	false	1.0
inkonsistent	neg 1.0		neg 0.5034254921825387 off 0.48927393653436346 __DUMMY__ 0.0073005712830978425	false	1.0
abrutschen	neg 1.0		neg 0.5127315939230874 off 0.47993450153258077 __DUMMY__ 0.007333904544331861	false	1.0
unsicher	neg 1.0		neg 0.5043024040414028 off 0.4883912941669308 __DUMMY__ 0.007306301791666547	false	1.0
bauernkind	off 1.0	off 1.0	off 0.7321378946261655 neg 0.26443225716232216 __DUMMY__ 0.0034298482115122726	false	1.0
angreifer	neg 1.0		neg 0.5029282629445347 off 0.4897693558592529 __DUMMY__ 0.007302381196212503	false	1.0
trennen	neg 1.0		neg 0.5064155437258556 off 0.48621657382422434 __DUMMY__ 0.0073678824499200345	false	1.0
schmutz	neg 1.0		neg 0.49949115763187457 off 0.4931587375000373 __DUMMY__ 0.0073501048680882745	false	1.0
inkonsistenz	neg 1.0		neg 0.5038219859527386 off 0.4889577862521513 __DUMMY__ 0.0072202277951099745	false	1.0
erschreckend	neg 1.0		neg 0.5071281183896899 off 0.4855862049412084 __DUMMY__ 0.00728567666910166	false	1.0
ertrinken	neg 1.0		neg 0.5068080665393364 off 0.48584699978981377 __DUMMY__ 0.007344933670849841	false	1.0
pickelface	off 1.0		neg 0.5074131192909667 off 0.4852856779391936 __DUMMY__ 0.007301202769839678	false	0.5
seiner			neg 0.5088277129073592 off 0.48383577393015903 __DUMMY__ 0.00733651316248176	false	0.0
lauch	neg 1.0		neg 0.513548828851543 off 0.4791337826119976 __DUMMY__ 0.0073173885364593155	false	1.0
unwichtig	neg 1.0		neg 0.5008542730059511 off 0.4918912508693271 __DUMMY__ 0.00725447612472168	false	1.0
steuerhinterziehung	neg 1.0		neg 0.5093623552146622 off 0.48337220077986726 __DUMMY__ 0.007265444005470492	false	1.0
schock	neg 1.0		neg 0.5034982061871353 off 0.4891612338122086 __DUMMY__ 0.007340560000656155	false	1.0
beule	neg 1.0		neg 0.49849966246273303 off 0.49422218626533654 __DUMMY__ 0.0072781512719305	false	1.0
vergelten	neg 1.0		off 0.4981607274683771 neg 0.4945557063181686 __DUMMY__ 0.00728356621345443	false	0.5
verdorbenheit	neg 1.0		neg 0.5047938249516619 off 0.4878962108129164 __DUMMY__ 0.007309964235421761	false	1.0
trauma	neg 1.0		neg 0.5038742240853568 off 0.48883297329513664 __DUMMY__ 0.007292802619506464	false	1.0
sinnlos	neg 1.0		neg 0.5015916090685285 off 0.49110937966398105 __DUMMY__ 0.007299011267490461	false	1.0
fettsack	off 1.0	off 1.0	off 0.734289879537143 neg 0.2622641801874822 __DUMMY__ 0.0034459402753747766	false	1.0
feige	off 1.0	off 1.0	off 0.7308743920697461 neg 0.2656679502746653 __DUMMY__ 0.0034576576555885993	false	1.0
abdanken	neg 1.0		neg 0.507889424043736 off 0.4848399754674711 __DUMMY__ 0.007270600488792886	false	1.0
wichtigtuer	off 1.0	off 1.0	off 0.7294277464364027 neg 0.26710153378606716 __DUMMY__ 0.0034707197775301476	false	1.0
misslingen	neg 1.0		neg 0.499814146046356 off 0.49282451962193163 __DUMMY__ 0.007361334331712278	false	1.0
untreu	off 1.0		neg 0.4997384583205889 off 0.4930170288575302 __DUMMY__ 0.007244512821880906	false	0.5
missmutig	neg 1.0		neg 0.5001585938741455 off 0.4925773189521083 __DUMMY__ 0.007264087173746149	false	1.0
hurenbock	off 1.0		neg 0.5023751287378236 off 0.4903171604427413 __DUMMY__ 0.007307710819435004	false	0.5
betrunken	neg 1.0		off 0.4971001089650337 neg 0.4956214920311296 __DUMMY__ 0.007278399003836707	false	0.5
korrupt	off 1.0		neg 0.5112358824053652 off 0.48151524499300985 __DUMMY__ 0.0072488726016249555	false	0.5
unmut	neg 1.0		neg 0.5135339530393429 off 0.4791405316338604 __DUMMY__ 0.007325515326796692	false	1.0
hackfresse	off 1.0		off 0.499798824878422 neg 0.49300568109602183 __DUMMY__ 0.007195494025556175	false	1.0
aufblasen	neg 1.0		neg 0.5019782704702317 off 0.49070843834640154 __DUMMY__ 0.0073132911833668586	false	1.0
gewaltsam	neg 1.0		neg 0.5055317798821842 off 0.4871604060924598 __DUMMY__ 0.00730781402535599	false	1.0
unbeliebtheit	neg 1.0		neg 0.5060640279201756 off 0.4867581819056312 __DUMMY__ 0.007177790174193213	false	1.0
sturheit	neg 1.0		neg 0.5074092426106841 off 0.48530888152058105 __DUMMY__ 0.007281875868734807	false	1.0
kuh	neg 1.0		neg 0.506351155179866 off 0.4863925188095544 __DUMMY__ 0.007256326010579704	false	1.0
erschrecken	neg 1.0		neg 0.5000008965963556 off 0.49271602856376334 __DUMMY__ 0.007283074839881013	false	1.0
opfer	neg 1.0		neg 0.5075445621887833 off 0.485123527731187 __DUMMY__ 0.007331910080029594	false	1.0
sinken	neg 1.0		neg 0.512294950032052 off 0.48037292299978646 __DUMMY__ 0.007332126968161473	false	1.0
stinktier	neg 1.0		off 0.49653636331298645 neg 0.4962561082030268 __DUMMY__ 0.00720752848398668	false	0.5
tucke	off 1.0		off 0.4977386788682725 neg 0.4951142056358611 __DUMMY__ 0.007147115495866459	false	1.0
ein			neg 0.5032581150681292 off 0.48943558322222996 __DUMMY__ 0.007306301709640765	false	0.0
abstieg	neg 1.0		neg 0.5076001570947971 off 0.4850489972478112 __DUMMY__ 0.007350845657391666	false	1.0
missverstehen	neg 1.0		neg 0.503369604192039 off 0.4893669851384371 __DUMMY__ 0.007263410669523919	false	1.0
ergebnislos	neg 1.0		neg 0.5102674683835081 off 0.482423145126201 __DUMMY__ 0.007309386490290957	false	1.0
unter			neg 0.5141263191376002 off 0.47846155597197276 __DUMMY__ 0.0074121248904270055	false	0.0
manipulieren	neg 1.0		neg 0.5107949041512737 off 0.4818929056874081 __DUMMY__ 0.007312190161318228	false	1.0
unbewiesen	neg 1.0		neg 0.5102330378172496 off 0.4825587894609056 __DUMMY__ 0.0072081727218448	false	1.0
verschleppen	neg 1.0		neg 0.508087647730873 off 0.4846032412918549 __DUMMY__ 0.0073091109772721345	false	1.0
weib	off 1.0		off 0.49955082488215646 neg 0.4932569291294838 __DUMMY__ 0.007192245988359906	false	1.0
opposition	neg 1.0		neg 0.5050035111622876 off 0.4877404394402064 __DUMMY__ 0.007256049397506003	false	1.0
verkehrswidrig	neg 1.0	neg 1.0	neg 0.7302629005364978 off 0.2662243624432691 __DUMMY__ 0.0035127370202331734	false	1.0
inkorrekt	neg 1.0		neg 0.5004529967285655 off 0.4923415154928153 __DUMMY__ 0.007205487778619383	false	1.0
vermeiden	neg 1.0		neg 0.5137960980435774 off 0.47883832536093 __DUMMY__ 0.007365576595492646	false	1.0
abweichung	neg 1.0		neg 0.510187543431422 off 0.48251318796161174 __DUMMY__ 0.0072992686069662145	false	1.0
alkoholisiert	neg 1.0		neg 0.5056600231932438 off 0.48694767400023686 __DUMMY__ 0.007392302806519255	false	1.0
scheiss	off 1.0	off 1.0	off 0.7320753334466535 neg 0.2644512477842632 __DUMMY__ 0.0034734187690832093	false	1.0
herausforderung	neg 1.0	neg 1.0	neg 0.7376749478550896 off 0.2587738988865975 __DUMMY__ 0.0035511532583129713	false	1.0
pervers	off 1.0		off 0.5028826587499423 neg 0.4899414827173683 __DUMMY__ 0.0071758585326894145	false	1.0
wackelig	neg 1.0		neg 0.5045366611506492 off 0.4881049476591627 __DUMMY__ 0.007358391190188294	false	1.0
verwickeln	neg 1.0		neg 0.5036127855001347 off 0.48912519430455054 __DUMMY__ 0.007262020195314828	false	1.0
vorwand	neg 1.0		neg 0.5110043753655287 off 0.4816696336428319 __DUMMY__ 0.0073259909916396325	false	1.0
muschi	off 1.0		neg 0.5068947138902825 off 0.48580439130804315 __DUMMY__ 0.007300894801674377	false	0.5
entmutigung	neg 1.0		neg 0.506216474595015 off 0.4865385440773828 __DUMMY__ 0.007244981327602279	false	1.0
unangemessen	neg 1.0		neg 0.5084953164634467 off 0.48422246691989296 __DUMMY__ 0.007282216616660506	false	1.0
unstetig	neg 1.0		neg 0.5025647883472099 off 0.4901228359920468 __DUMMY__ 0.007312375660743423	false	1.0
entmutigen	neg 1.0		neg 0.5036560878319872 off 0.48905663694730656 __DUMMY__ 0.007287275220706037	false	1.0
schwanz	neg 1.0		neg 0.5094702940067939 off 0.4832033699539211 __DUMMY__ 0.007326336039284978	false	1.0
verbot	neg 1.0		neg 0.5100857550414261 off 0.48263913975563116 __DUMMY__ 0.007275105202942843	false	1.0
leid	neg 1.0		off 0.4992371926065952 neg 0.49352380542780133 __DUMMY__ 0.007239001965603409	false	0.5
archaisch	neg 1.0		neg 0.5070229356044167 off 0.4856685698276318 __DUMMY__ 0.007308494567951572	false	1.0
gegen			neg 0.510676691474358 off 0.4819751593953438 __DUMMY__ 0.007348149130298232	false	0.0
scheidung	neg 1.0		off 0.5073221029094697 neg 0.4855026055031951 __DUMMY__ 0.007175291587335415	false	0.5
einschlag	neg 1.0	neg 1.0	neg 0.7329105246516522 off 0.2636156340808577 __DUMMY__ 0.0034738412674900996	false	1.0
m			neg 0.5061808352628134 off 0.48649084221283 __DUMMY__ 0.007328322524356492	false	0.0
abgestanden	neg 1.0		neg 0.5030381617084222 off 0.48965282956622747 __DUMMY__ 0.007309008725350333	false	1.0
schmierig	off 1.0		off 0.4986302086031439 neg 0.49412889213370076 __DUMMY__ 0.007240899263155264	false	1.0
unpraktisch	neg 1.0		neg 0.502131744844293 off 0.4905494028553608 __DUMMY__ 0.00731885230034614	false	1.0
wixxer	off 1.0		off 0.5019677180901295 neg 0.49086683527607267 __DUMMY__ 0.007165446633797716	false	1.0
bezeichnet			neg 0.5062953627814535 off 0.48641936160005694 __DUMMY__ 0.007285275618489547	false	0.0
jammerlappen	off 1.0		neg 0.5003131365621609 off 0.4924269040356418 __DUMMY__ 0.007259959402197377	false	0.5
farce	neg 1.0		neg 0.5100868497188688 off 0.4826562657850803 __DUMMY__ 0.007256884496051009	false	1.0
zwecklos	neg 1.0		neg 0.508194577681225 off 0.48451715310034876 __DUMMY__ 0.007288269218426206	false	1.0
turbulent	neg 1.0		neg 0.5002213597677457 off 0.49253076721458966 __DUMMY__ 0.00724787301766462	false	1.0
invasion	neg 1.0		neg 0.501882535157544 off 0.49082479689649683 __DUMMY__ 0.007292667945959271	false	1.0
schuld	neg 1.0		neg 0.5044491757167279 off 0.4882659114980061 __DUMMY__ 0.0072849127852660815	false	1.0
risiko	neg 1.0		neg 0.5033205305082319 off 0.489361868440696 __DUMMY__ 0.007317601051072102	false	1.0
finster	neg 1.0		neg 0.50300391470934 off 0.48969246982294284 __DUMMY__ 0.007303615467717205	false	1.0
geisteskrank	off 1.0		neg 0.4997202103290862 off 0.493048899635923 __DUMMY__ 0.007230890034990845	false	0.5
zusammenbrechen	neg 1.0		neg 0.5056164866291456 off 0.4870644284326361 __DUMMY__ 0.007319084938218359	false	1.0
ausbeute	neg 1.0		neg 0.5073973555150763 off 0.4852433518744988 __DUMMY__ 0.007359292610425059	false	1.0
hinterhalt	neg 1.0		neg 0.5051648972491876 off 0.4875000628635244 __DUMMY__ 0.007335039887288022	false	1.0
kritik	neg 1.0		neg 0.5097241113919211 off 0.48300915824268537 __DUMMY__ 0.0072667303653935495	false	1.0
einschrumpfen	neg 1.0		neg 0.5044113601783613 off 0.48835267164250157 __DUMMY__ 0.007235968179137075	false	1.0
riskant	neg 1.0		neg 0.5094614630615228 off 0.4832327939820967 __DUMMY__ 0.007305742956380471	false	1.0
frustrieren	neg 1.0		neg 0.5088289915209568 off 0.4838591946439712 __DUMMY__ 0.007311813835072072	false	1.0
groll	neg 1.0		neg 0.5074936408759022 off 0.48519969564769905 __DUMMY__ 0.007306663476398695	false	1.0
gibt			neg 0.5071773561672075 off 0.4855209980165899 __DUMMY__ 0.007301645816202536	false	0.0
qualvoll	neg 1.0		neg 0.5000018327002954 off 0.4926980257485179 __DUMMY__ 0.0073001415511866116	false	1.0
wackeln	neg 1.0	neg 1.0	neg 0.7361475644648355 off 0.2603431221611031 __DUMMY__ 0.00350931337406128	false	1.0
klagen	neg 1.0		neg 0.5125914404241992 off 0.4800788500514427 __DUMMY__ 0.007329709524358146	false	1.0
bankrott	neg 1.0		neg 0.5004974992914579 off 0.4922224217939038 __DUMMY__ 0.007280078914638254	false	1.0
trauern	neg 1.0		neg 0.5074941746976965 off 0.4851683068038264 __DUMMY__ 0.007337518498477056	false	1.0
ablehnung	neg 1.0		neg 0.5095855755481875 off 0.4831462139296951 __DUMMY__ 0.007268210522117461	false	1.0
stur	neg 1.0		neg 0.504426185732034 off 0.4883022233065256 __DUMMY__ 0.007271590961440377	false	1.0
aufruhr	neg 1.0		neg 0.5058837151607197 off 0.4868117102824286 __DUMMY__ 0.007304574556851715	false	1.0
melancholie	neg 1.0		neg 0.5064111142261424 off 0.48626156056716846 __DUMMY__ 0.007327325206689085	false	1.0
ist			neg 0.5032094860072751 off 0.4895056844731393 __DUMMY__ 0.0072848295195855	false	0.0
torheit	neg 1.0		neg 0.5059062026354986 off 0.48682986898357417 __DUMMY__ 0.007263928380927195	false	1.0
dreckskind	off 1.0		off 0.49746933400987015 neg 0.495338084372434 __DUMMY__ 0.007192581617695934	false	1.0
umtauschen	neg 1.0		neg 0.5050361499135989 off 0.48766084243595886 __DUMMY__ 0.007303007650442211	false	1.0
zum			neg 0.510410443031111 off 0.4821709887417566 __DUMMY__ 0.00741856822713216	false	0.0
zersetzen	neg 1.0		neg 0.5116816165034289 off 0.48101923257862234 __DUMMY__ 0.007299150917948828	false	1.0
zur			neg 0.5137810247842106 off 0.47884003474364556 __DUMMY__ 0.0073789404721438055	false	0.0
frust	neg 1.0		neg 0.5061701897809143 off 0.48651564508366824 __DUMMY__ 0.007314165135417475	false	1.0
unerbittlichkeit	neg 1.0		neg 0.5111431491079674 off 0.4815513349983239 __DUMMY__ 0.0073055158937087375	false	1.0
zwei			neg 0.5091915671509919 off 0.4834176828527945 __DUMMY__ 0.007390749996213664	false	0.0
unkorrekt	neg 1.0		neg 0.5005281894157835 off 0.49228063648121073 __DUMMY__ 0.0071911741030058094	false	1.0
hexe	off 1.0		neg 0.4995463928263737 off 0.49319865782635997 __DUMMY__ 0.007254949347266272	false	0.5
lasch	neg 1.0		neg 0.5033128732608396 off 0.48944860115002725 __DUMMY__ 0.007238525589133143	false	1.0
rivale	neg 1.0		neg 0.4967367187112176 off 0.49600615069751314 __DUMMY__ 0.007257130591269157	false	1.0
mutlos	off 1.0	off 1.0	off 0.7254662097363399 neg 0.2710529776832616 __DUMMY__ 0.003480812580398553	false	1.0
wirr	off 1.0		neg 0.49985207841863205 off 0.49295285899742214 __DUMMY__ 0.007195062583945871	false	0.5
jahr			neg 0.5079188571505443 off 0.48470976424749646 __DUMMY__ 0.007371378601959148	false	0.0
wird			neg 0.5080749235877543 off 0.4846086282632333 __DUMMY__ 0.0073164481490122805	false	0.0
strafbar	neg 1.0		neg 0.5099944698496978 off 0.48271049605387784 __DUMMY__ 0.007295034096424351	false	1.0
erosion	neg 1.0		neg 0.5029720298758749 off 0.4897113769821719 __DUMMY__ 0.007316593141953179	false	1.0
eingehen	neg 1.0		neg 0.5093906014929176 off 0.48332482969311324 __DUMMY__ 0.00728456881396906	false	1.0
faul	off 1.0		neg 0.4995400347476881 off 0.4931721137250103 __DUMMY__ 0.007287851527301522	false	0.5
provisorium	neg 1.0		neg 0.5153330613669643 off 0.47727003920436845 __DUMMY__ 0.007396899428667179	false	1.0
schmerzen	neg 1.0		neg 0.5043065566276419 off 0.4883872695832221 __DUMMY__ 0.0073061737891359745	false	1.0
schrumpfen	neg 1.0		neg 0.515991723373089 off 0.4766756229010225 __DUMMY__ 0.007332653725888621	false	1.0
geistlos	off 1.0		neg 0.506318720213816 off 0.4864666371860847 __DUMMY__ 0.007214642600099312	false	0.5
fehlkauf	neg 1.0		neg 0.5034752073614 off 0.48924347570257093 __DUMMY__ 0.007281316936029079	false	1.0
frustrierend	neg 1.0		neg 0.4997774897803664 off 0.49293144630312286 __DUMMY__ 0.007291063916510701	false	1.0
unzufrieden	neg 1.0		neg 0.5085840276021134 off 0.48413050261023866 __DUMMY__ 0.00728546978764797	false	1.0
verzweifeln	neg 1.0		neg 0.5053326081825339 off 0.4873656242083213 __DUMMY__ 0.007301767609144797	false	1.0
verzweifelt	neg 1.0		neg 0.5036877660821182 off 0.48903064344804814 __DUMMY__ 0.007281590469833801	false	1.0
misstrauensantrag	neg 1.0		neg 0.503604878212918 off 0.48913006931589953 __DUMMY__ 0.007265052471182372	false	1.0
abfallen	neg 1.0		neg 0.5015709564279539 off 0.4911070854763966 __DUMMY__ 0.007321958095649566	false	1.0
fucker	off 1.0		neg 0.4987786594374711 off 0.4939832017171598 __DUMMY__ 0.007238138845369073	false	0.5
ungezogen	neg 1.0		off 0.5022590904625333 neg 0.4905373771386498 __DUMMY__ 0.007203532398816996	false	0.5
irrsinnig	neg 1.0	neg 1.0	neg 0.7377309908005742 off 0.25879272778991697 __DUMMY__ 0.0034762814095088347	false	1.0
unfassbar	neg 1.0		neg 0.4999493356280059 off 0.4928016139759818 __DUMMY__ 0.007249050396012191	false	1.0
hart	neg 1.0		neg 0.5014343932841141 off 0.49129384353038946 __DUMMY__ 0.007271763185496548	false	1.0
widerlich	off 1.0		neg 0.49974630060757735 off 0.4930223460055946 __DUMMY__ 0.0072313533868279	false	0.5
fatal	neg 1.0		neg 0.5031318714936237 off 0.4895868119694664 __DUMMY__ 0.007281316536909963	false	1.0
bruch	neg 1.0		neg 0.5130769866545453 off 0.47960620790807335 __DUMMY__ 0.007316805437381303	false	1.0
aushungern	neg 1.0		neg 0.5083821215245576 off 0.48434973306105383 __DUMMY__ 0.007268145414388548	false	1.0
anspannung	neg 1.0	neg 1.0	neg 0.7402603699616622 off 0.25617991441022064 __DUMMY__ 0.003559715628117146	false	1.0
von			neg 0.5090417619315996 off 0.4835902031565183 __DUMMY__ 0.007368034911882174	false	0.0
kraftlos	neg 1.0		neg 0.5048743808235722 off 0.4877807446683364 __DUMMY__ 0.007344874508091631	false	1.0
vom			neg 0.5133660485866356 off 0.47921859053307564 __DUMMY__ 0.007415360880288746	false	0.0
grenzdebil	off 1.0		neg 0.4983427979664124 off 0.49440445694888 __DUMMY__ 0.007252745084707681	false	0.5
vor			neg 0.5097889353835137 off 0.4828648121678761 __DUMMY__ 0.007346252448610313	false	0.0
unterwerfen	neg 1.0		neg 0.5091152565606489 off 0.4835719950146335 __DUMMY__ 0.007312748424717637	false	1.0
versenkung	neg 1.0		neg 0.5094707869104856 off 0.4832153266424393 __DUMMY__ 0.007313886447075152	false	1.0
entziehen	neg 1.0		neg 0.5119116241131278 off 0.4807613165793231 __DUMMY__ 0.007327059307548976	false	1.0
finanzkrise	neg 1.0		neg 0.5084676848300747 off 0.48427069236989057 __DUMMY__ 0.007261622800034932	false	1.0
schimpfend	neg 1.0		neg 0.5017689912387677 off 0.49090810514176886 __DUMMY__ 0.007322903619463344	false	1.0
profan	neg 1.0		neg 0.5021375152955219 off 0.4905866214270175 __DUMMY__ 0.007275863277460693	false	1.0
korruption	neg 1.0	neg 1.0	neg 0.7406262914211609 off 0.2558964353520583 __DUMMY__ 0.0034772732267807477	false	1.0
â			neg 0.5075014994347198 off 0.4851688195168481 __DUMMY__ 0.007329681048432037	false	0.0
schmutzig	neg 1.0		neg 0.4978839394659914 off 0.4948433073415973 __DUMMY__ 0.0072727531924112665	false	1.0
sexy	neg 1.0		neg 0.5011236447486954 off 0.49159607314188225 __DUMMY__ 0.007280282109422315	false	1.0
abraten	neg 1.0		neg 0.502793205664224 off 0.4899196164906229 __DUMMY__ 0.007287177845153053	false	1.0
schwarz	neg 1.0		neg 0.504095396029571 off 0.48862633303354297 __DUMMY__ 0.007278270936885861	false	1.0
fotze	off 1.0		neg 0.5090505633079137 off 0.48363730794195336 __DUMMY__ 0.007312128750133127	false	0.5
verwirren	neg 1.0		neg 0.5018189441752448 off 0.49090407342300674 __DUMMY__ 0.007276982401748486	false	1.0
zahnlos	off 1.0		neg 0.5084566680503206 off 0.48425662531962377 __DUMMY__ 0.0072867066300555785	false	0.5
verheeren	neg 1.0		off 0.5046675650276108 neg 0.4881074263404412 __DUMMY__ 0.007225008631947836	false	0.5
hippie	neg 1.0		neg 0.5020004055111901 off 0.49072240977360243 __DUMMY__ 0.007277184715207461	false	1.0
rammen	neg 1.0		neg 0.5045503549371471 off 0.4881686784827112 __DUMMY__ 0.007280966580141657	false	1.0
unlauter	neg 1.0		neg 0.5089560719771105 off 0.483826089649641 __DUMMY__ 0.007217838373248529	false	1.0
unheilvoll	neg 1.0		neg 0.5002023685043598 off 0.49247769013177334 __DUMMY__ 0.0073199413638668585	false	1.0
niedrig	neg 1.0		neg 0.5090705361151887 off 0.4835991572343664 __DUMMY__ 0.007330306650444831	false	1.0
explosion	neg 1.0		neg 0.5031792579802814 off 0.4895518098443733 __DUMMY__ 0.007268932175345326	false	1.0
weichei	off 1.0		off 0.49871757799953964 neg 0.4940719061791648 __DUMMY__ 0.007210515821295499	false	1.0
minusmensch	off 1.0		off 0.499281303422929 neg 0.49357854767897186 __DUMMY__ 0.007140148898099215	false	1.0
farblos	neg 1.0		neg 0.5018723558350269 off 0.4907582675963578 __DUMMY__ 0.007369376568615409	false	1.0
unwissend	neg 1.0	neg 1.0	neg 0.7355516198937634 off 0.26098782535686305 __DUMMY__ 0.0034605547493735205	false	1.0
traurig	neg 1.0		off 0.49679187705934097 neg 0.49595932221741973 __DUMMY__ 0.007248800723239267	false	0.5
senkung	neg 1.0		neg 0.5045503840402691 off 0.48821104450779507 __DUMMY__ 0.007238571451935754	false	1.0
ungleich	neg 1.0	neg 1.0	neg 0.7413214934355826 off 0.25519763190486955 __DUMMY__ 0.0034808746595477755	false	1.0
heikel	neg 1.0		neg 0.5111967813420953 off 0.4815001648760681 __DUMMY__ 0.0073030537818364084	false	1.0
drosselung	neg 1.0		neg 0.4980502006363477 off 0.49468191292885294 __DUMMY__ 0.007267886434799294	false	1.0
falsch	neg 1.0		neg 0.500437552324957 off 0.4922885897012485 __DUMMY__ 0.007273857973794331	false	1.0
unzufriedenheit	neg 1.0		neg 0.5114688461842115 off 0.48121854570297173 __DUMMY__ 0.00731260811281672	false	1.0
kurz	neg 1.0		neg 0.5049921908159881 off 0.4876758466435718 __DUMMY__ 0.007331962540439981	false	1.0
unsinnig	neg 1.0		neg 0.5087063588644989 off 0.48402304461328166 __DUMMY__ 0.0072705965222194845	false	1.0
penner	off 1.0	off 1.0	off 0.7355553707279706 neg 0.2610074459971376 __DUMMY__ 0.003437183274891815	false	1.0
seicht	neg 1.0		off 0.49980372158509195 neg 0.49303046083931007 __DUMMY__ 0.007165817575597831	false	0.5
dummheit	off 1.0	off 1.0	off 0.7294888884722028 neg 0.26704392801551946 __DUMMY__ 0.00346718351227773	false	1.0
unerfreulich	neg 1.0		neg 0.5108858841924226 off 0.4817849705074104 __DUMMY__ 0.007329145300167055	false	1.0
motherfucker	off 1.0	off 1.0	off 0.731761556001361 neg 0.2647849423725174 __DUMMY__ 0.00345350162612169	false	1.0
pikiert	neg 1.0		neg 0.5010370605599643 off 0.49172861868201695 __DUMMY__ 0.007234320758018568	false	1.0
wrack	neg 1.0		neg 0.5062293041873898 off 0.48640707529250093 __DUMMY__ 0.007363620520109244	false	1.0
gangster	neg 1.0		neg 0.5019967557308519 off 0.4907178355278654 __DUMMY__ 0.007285408741282704	false	1.0
krank	neg 1.0		neg 0.49689841492473413 off 0.4958305001567745 __DUMMY__ 0.007271084918491376	false	1.0
reich	neg 1.0		neg 0.5017852606340246 off 0.49096709791923576 __DUMMY__ 0.007247641446739612	false	1.0
gnadenlos	neg 1.0		neg 0.5039639224254998 off 0.4887432281463811 __DUMMY__ 0.007292849428119099	false	1.0
niedergeschlagen	neg 1.0		neg 0.5044057938732972 off 0.48825948637987193 __DUMMY__ 0.007334719746830834	false	1.0
terrorisieren	off 1.0	off 1.0	off 0.7270597950253453 neg 0.2694370214270957 __DUMMY__ 0.003503183547558919	false	1.0
sinnlosigkeit	neg 1.0		neg 0.507848515004519 off 0.4848578583105156 __DUMMY__ 0.007293626684965351	false	1.0
behindern	neg 1.0		neg 0.5067495754434589 off 0.48596598848532035 __DUMMY__ 0.007284436071220753	false	1.0
undemokratisch	neg 1.0		neg 0.5069639952143488 off 0.48578932502411354 __DUMMY__ 0.007246679761537705	false	1.0
wirtschaftskrise	neg 1.0		neg 0.5101351112874066 off 0.48257888140629135 __DUMMY__ 0.007286007306302221	false	1.0
neid	neg 1.0		neg 0.4978495112528795 off 0.4948469937373882 __DUMMY__ 0.0073034950097322525	false	1.0
rutschen	neg 1.0	neg 1.0	neg 0.7396806400063304 off 0.2567724749338734 __DUMMY__ 0.003546885059796272	false	1.0
rezession	neg 1.0		neg 0.4974545843012583 off 0.4953393650196853 __DUMMY__ 0.0072060506790564026	false	1.0
fehlgeburt	neg 1.0		neg 0.5007739406385728 off 0.49190981763867075 __DUMMY__ 0.007316241722756463	false	1.0
charakterschwach	off 1.0		neg 0.4989433805869761 off 0.49380376188360636 __DUMMY__ 0.0072528575294174575	false	0.5
isolation	neg 1.0		neg 0.5001570253302637 off 0.4925577862908889 __DUMMY__ 0.007285188378847397	false	1.0
ablenkung	neg 1.0		neg 0.504126454346994 off 0.48857111593068364 __DUMMY__ 0.0073024297223222975	false	1.0
pech	neg 1.0		neg 0.5004876435596978 off 0.49223388421551945 __DUMMY__ 0.00727847222478259	false	1.0
vermeidung	neg 1.0		neg 0.4999985677883453 off 0.4927716532760849 __DUMMY__ 0.007229778935569742	false	1.0
dominieren	neg 1.0		neg 0.506715824999654 off 0.48593963940238016 __DUMMY__ 0.0073445355979658965	false	1.0
schwindlig	neg 1.0		neg 0.49917363088216204 off 0.4934944376222567 __DUMMY__ 0.007331931495581231	false	1.0
lutscher	neg 1.0		off 0.5007597034240816 neg 0.4920743886996389 __DUMMY__ 0.007165907876279517	false	0.5
pflicht	neg 1.0		neg 0.5113112765465558 off 0.4813829487065386 __DUMMY__ 0.007305774746905639	false	1.0
faschist	off 1.0		neg 0.504683285894975 off 0.48808180165517384 __DUMMY__ 0.007234912449851127	false	0.5
verschleudern	neg 1.0		neg 0.5136061076987426 off 0.47914854997574513 __DUMMY__ 0.007245342325512331	false	1.0
wenn			neg 0.5003274528150237 off 0.49240169162643144 __DUMMY__ 0.007270855558545007	false	0.0
ehebruch	neg 1.0		neg 0.5088570632353949 off 0.48383879302111354 __DUMMY__ 0.007304143743491474	false	1.0
spott	off 1.0		neg 0.510626576298807 off 0.482085669075155 __DUMMY__ 0.0072877546260379285	false	0.5
trostlosigkeit	neg 1.0		neg 0.5105318755808335 off 0.4821255991348118 __DUMMY__ 0.00734252528435466	false	1.0
lutschen	neg 1.0		neg 0.5036207427790695 off 0.48911941059498787 __DUMMY__ 0.007259846625942737	false	1.0
undiszipliniert	neg 1.0		neg 0.4963762039575309 off 0.49636326603841013 __DUMMY__ 0.0072605300040590025	false	1.0
kopfschmerz	neg 1.0		neg 0.5046884217034961 off 0.48798107318495293 __DUMMY__ 0.0073305051115508954	false	1.0
unvorhergesehen	neg 1.0		neg 0.5057772989757768 off 0.4868571221908031 __DUMMY__ 0.007365578833420086	false	1.0
desinteressiert	neg 1.0		neg 0.4980119924808733 off 0.4947505700440773 __DUMMY__ 0.007237437475049352	false	1.0
armselig	off 1.0		neg 0.4985872608294869 off 0.49420604488780595 __DUMMY__ 0.007206694282707218	false	0.5
desaster	neg 1.0		neg 0.5136673783934651 off 0.47901298104389933 __DUMMY__ 0.007319640562635686	false	1.0
tod	neg 1.0		neg 0.5052580194844211 off 0.48738010992447606 __DUMMY__ 0.007361870591102976	false	1.0
herzlos	neg 1.0		neg 0.49663253078946545 off 0.496140392709737 __DUMMY__ 0.007227076500797503	false	1.0
unwissenheit	neg 1.0		neg 0.5098910731612697 off 0.48284337945835637 __DUMMY__ 0.007265547380373804	false	1.0
widersinnig	neg 1.0	neg 1.0	neg 0.7409094860383947 off 0.2556300640997639 __DUMMY__ 0.00346044986184138	false	1.0
bedenklich	neg 1.0		neg 0.5098772979286608 off 0.48282987750357276 __DUMMY__ 0.007292824567766455	false	1.0
beanstanden	neg 1.0		neg 0.5114819556396962 off 0.48120142458946696 __DUMMY__ 0.007316619770836699	false	1.0
panisch	neg 1.0	neg 1.0	neg 0.7344224347748385 off 0.2620654437417796 __DUMMY__ 0.0035121214833819434	false	1.0
debil	off 1.0		neg 0.5150757843525615 off 0.47755902297529573 __DUMMY__ 0.007365192672142787	false	0.5
abstrich	neg 1.0		neg 0.5085081213113305 off 0.4841929998733841 __DUMMY__ 0.007298878815285373	false	1.0
primitiv	neg 1.0		neg 0.4990688856284521 off 0.49369786795670834 __DUMMY__ 0.007233246414839474	false	1.0
abschaum	off 1.0	off 1.0	off 0.7308433068083852 neg 0.2656928293855649 __DUMMY__ 0.003463863806049932	false	1.0
provozieren	neg 1.0		neg 0.5050759607518795 off 0.48764603611919094 __DUMMY__ 0.007278003128929371	false	1.0
tot	neg 1.0		neg 0.5094191418338829 off 0.48327601605116033 __DUMMY__ 0.007304842114956778	false	1.0
instabil	neg 1.0		neg 0.5010319211093601 off 0.4917647091899782 __DUMMY__ 0.007203369700661667	false	1.0
schwuchtel	off 1.0		off 0.5049389572488706 neg 0.4879269016945557 __DUMMY__ 0.007134141056573613	false	1.0
zerren	neg 1.0		neg 0.5044152309145741 off 0.48825107805155565 __DUMMY__ 0.007333691033870376	false	1.0
kinderficker	off 1.0		neg 0.4969613705479162 off 0.4958596970404426 __DUMMY__ 0.007178932411641198	false	0.5
gefahr	neg 1.0		neg 0.5105654764330069 off 0.4821094982721401 __DUMMY__ 0.007325025294853212	false	1.0
rabiat	neg 1.0		neg 0.5058466688294486 off 0.4868736819510166 __DUMMY__ 0.007279649219534669	false	1.0
verlangsamung	neg 1.0		off 0.4998668938807435 neg 0.4929274697071503 __DUMMY__ 0.007205636412106112	false	0.5
ausgestorben	neg 1.0		neg 0.5042300785387545 off 0.4884489557139475 __DUMMY__ 0.007320965747298169	false	1.0
anklagen	neg 1.0		neg 0.5078397432117885 off 0.4848716975310207 __DUMMY__ 0.007288559257190841	false	1.0
trott	neg 1.0		neg 0.5049597758160261 off 0.48772995453087026 __DUMMY__ 0.007310269653103573	false	1.0
verminderung	neg 1.0		neg 0.4985691198766475 off 0.4941956971183897 __DUMMY__ 0.00723518300496284	false	1.0
nach			neg 0.5092573613722201 off 0.483313924379858 __DUMMY__ 0.007428714247921933	false	0.0
rost	neg 1.0		off 0.4995612626690066 neg 0.49321098247370054 __DUMMY__ 0.007227754857292743	false	0.5
destruktiv	neg 1.0		neg 0.5077693526903659 off 0.4849720314718963 __DUMMY__ 0.007258615837737717	false	1.0
unzumutbarkeit	neg 1.0		neg 0.4992854475502146 off 0.493433977212556 __DUMMY__ 0.007280575237229326	false	1.0
labil	off 1.0	off 1.0	off 0.7308142121434664 neg 0.2657209129729238 __DUMMY__ 0.0034648748836097975	false	1.0
ziemlich	neg 1.0		neg 0.4981476136530486 off 0.49458283976297723 __DUMMY__ 0.007269546583974267	false	1.0
lachnummer	off 1.0		neg 0.5065946109024717 off 0.4861306026214779 __DUMMY__ 0.007274786476050314	false	0.5
oder			neg 0.5033323126041205 off 0.48935234007229306 __DUMMY__ 0.007315347323586373	false	0.0
verfall	neg 1.0		neg 0.5152877674417047 off 0.47736855249510907 __DUMMY__ 0.00734368006318636	false	1.0
ausgrenzung	neg 1.0		neg 0.5055271156451234 off 0.48721947445516045 __DUMMY__ 0.007253409899716131	false	1.0
unordnung	neg 1.0		neg 0.497783858696212 off 0.4949298662996509 __DUMMY__ 0.007286275004137096	false	1.0
fehlverhalten	neg 1.0		neg 0.5108497178979664 off 0.4818441314530625 __DUMMY__ 0.007306150648971031	false	1.0
eine			neg 0.5104345836150413 off 0.4822386735045828 __DUMMY__ 0.007326742880375904	false	0.0
nille	neg 1.0		neg 0.5062208597959986 off 0.48647631690082893 __DUMMY__ 0.007302823303172381	false	1.0
qual	neg 1.0		neg 0.5053514007722313 off 0.48734039699412807 __DUMMY__ 0.007308202233640725	false	1.0
verschwenden	neg 1.0		neg 0.5089786193255335 off 0.4837251393709234 __DUMMY__ 0.007296241303543128	false	1.0
riesig	neg 1.0	neg 1.0	neg 0.7382231523451113 off 0.2582544152508185 __DUMMY__ 0.003522432404070112	false	1.0
verurteilen	neg 1.0		neg 0.5082909865475682 off 0.4844169491415487 __DUMMY__ 0.007292064310882993	false	1.0
klischee	neg 1.0	neg 1.0	neg 0.736723109143474 off 0.259815621014641 __DUMMY__ 0.0034612698418849635	false	1.0
diktatorisch	neg 1.0		neg 0.5069903977877261 off 0.48577597205658823 __DUMMY__ 0.007233630155685707	false	1.0
vorhersehbar	neg 1.0	neg 1.0	neg 0.7368574421158758 off 0.2596748153146042 __DUMMY__ 0.00346774256951998	false	1.0
sowie			off 0.4979112638865728 neg 0.49487540022163157 __DUMMY__ 0.007213335891795523	false	0.0
stornieren	neg 1.0		neg 0.49996959450519807 off 0.4926691893743706 __DUMMY__ 0.0073612161204312885	false	1.0
besteuerung	neg 1.0		neg 0.5074194919941818 off 0.48534094847866516 __DUMMY__ 0.007239559527153188	false	1.0
ungeschminkt	neg 1.0		neg 0.49987777472687156 off 0.492888421159889 __DUMMY__ 0.007233804113239558	false	1.0
kritisch	neg 1.0		neg 0.5101212829885727 off 0.4825846924849716 __DUMMY__ 0.0072940245264556365	false	1.0
schlamperei	off 1.0		neg 0.5116581758898997 off 0.4810498030998745 __DUMMY__ 0.0072920210102258454	false	0.5
sucht	neg 1.0	neg 1.0	neg 0.7368056084428002 off 0.25968782701688325 __DUMMY__ 0.0035065645403166063	false	1.0
egoistisch	off 1.0		off 0.4991060218049303 neg 0.4936731791444649 __DUMMY__ 0.007220799050604904	false	1.0
ausbeuter	off 1.0		neg 0.5120549536418584 off 0.4806563204111788 __DUMMY__ 0.007288725946962668	false	0.5
arschgeburt	off 1.0		off 0.5044206346834657 neg 0.4884562482725877 __DUMMY__ 0.007123117043946638	false	1.0
schubs	neg 1.0	neg 1.0	neg 0.7378913532348675 off 0.2585948082139801 __DUMMY__ 0.0035138385511522888	false	1.0
unsolide	neg 1.0		neg 0.5088204386509105 off 0.483989657943995 __DUMMY__ 0.007189903405094381	false	1.0
beschwerde	neg 1.0		neg 0.5114450283658324 off 0.48126431930614116 __DUMMY__ 0.0072906523280264314	false	1.0
stocken	neg 1.0		neg 0.5095643771005846 off 0.48312704948651364 __DUMMY__ 0.007308573412901624	false	1.0
isolieren	neg 1.0		neg 0.5093646813234897 off 0.48334936621276575 __DUMMY__ 0.007285952463744635	false	1.0
unheilbar	neg 1.0		neg 0.5025144879655645 off 0.49016076167045375 __DUMMY__ 0.007324750363981651	false	1.0
pisser	off 1.0		neg 0.49769706042260164 off 0.4950538508073815 __DUMMY__ 0.0072490887700169026	false	0.5
löschen	neg 1.0		neg 0.5050632328470929 off 0.48763853484198866 __DUMMY__ 0.0072982323109183345	false	1.0
durchfallen	neg 1.0		neg 0.5094716676091993 off 0.4832546023450223 __DUMMY__ 0.0072737300457784045	false	1.0
wichser	off 1.0		off 0.5036500630870402 neg 0.4891628123389511 __DUMMY__ 0.007187124574008583	false	1.0
terror	neg 1.0		neg 0.5006741698800704 off 0.4920214446624325 __DUMMY__ 0.0073043854574971825	false	1.0
krass	neg 1.0		off 0.49666685649185643 neg 0.4961101080130672 __DUMMY__ 0.007223035495076275	false	0.5
revolte	neg 1.0		neg 0.5049241359101153 off 0.4878265013268465 __DUMMY__ 0.007249362763038138	false	1.0
besorgt	neg 1.0		neg 0.5047318074107433 off 0.48792108664425815 __DUMMY__ 0.007347105944998467	false	1.0
nachlassen	neg 1.0		neg 0.5091943405037556 off 0.48348497504160315 __DUMMY__ 0.007320684454641345	false	1.0
alt	neg 1.0		neg 0.5081087096473145 off 0.4845784173085815 __DUMMY__ 0.007312873044104027	false	1.0
hundesohn	off 1.0		off 0.5001931661770794 neg 0.4926385420623575 __DUMMY__ 0.00716829176056317	false	1.0
als			neg 0.5054444005275962 off 0.48722520007470044 __DUMMY__ 0.00733039939770347	false	0.0
abschreckung	neg 1.0		neg 0.511554132413395 off 0.48111870682303515 __DUMMY__ 0.007327160763569839	false	1.0
unqualifiziert	neg 1.0		neg 0.5049473872937694 off 0.4878332061605674 __DUMMY__ 0.0072194065456631365	false	1.0
abgewichst	off 1.0		neg 0.5063963431357958 off 0.4862903189839384 __DUMMY__ 0.007313337880265709	false	0.5
schwer	neg 1.0		neg 0.5046961143160641 off 0.4880012800949754 __DUMMY__ 0.007302605588960587	false	1.0
bedeutungslosigkeit	neg 1.0		neg 0.5112402846654927 off 0.48144796273180346 __DUMMY__ 0.007311752602704027	false	1.0
kapitulation	neg 1.0		neg 0.5114635400463988 off 0.4812610265068835 __DUMMY__ 0.007275433446717625	false	1.0
unscharf	neg 1.0		neg 0.502723909388353 off 0.49000251823347607 __DUMMY__ 0.007273572378170966	false	1.0
schwinden	neg 1.0		neg 0.5113155040019829 off 0.4813722287802294 __DUMMY__ 0.007312267217787721	false	1.0
versklavung	neg 1.0		neg 0.5071761703951513 off 0.485585549011476 __DUMMY__ 0.007238280593372809	false	1.0
schlecht	neg 1.0		neg 0.497798693551993 off 0.4949276186150774 __DUMMY__ 0.007273687832929723	false	1.0
verhasst	neg 1.0		neg 0.5044641829199916 off 0.4882565305345492 __DUMMY__ 0.0072792865454593	false	1.0
beschweren	neg 1.0		neg 0.5030835123232957 off 0.4896331458295827 __DUMMY__ 0.007283341847121616	false	1.0
scheiden	neg 1.0		neg 0.500747558850627 off 0.4918954622264165 __DUMMY__ 0.007356978922956556	false	1.0
frustriert	neg 1.0		neg 0.5059434036160706 off 0.486750235289836 __DUMMY__ 0.007306361094093446	false	1.0
schimmelig	neg 1.0		neg 0.5082876381626632 off 0.48438811756772937 __DUMMY__ 0.007324244269607448	false	1.0
fisch	neg 1.0		neg 0.5065547020840269 off 0.48606307983257757 __DUMMY__ 0.00738221808339544	false	1.0
schmuggel	neg 1.0		neg 0.5074808099536797 off 0.4851456576321088 __DUMMY__ 0.007373532414211498	false	1.0
auffallen	neg 1.0		neg 0.5021642220938675 off 0.49055309131266506 __DUMMY__ 0.007282686593467556	false	1.0
konkurrenz	neg 1.0	neg 1.0	neg 0.7415640564089367 off 0.2549304164163129 __DUMMY__ 0.0035055271747502703	false	1.0
teufelskreis	neg 1.0		neg 0.505998551244175 off 0.4867077405870334 __DUMMY__ 0.007293708168791686	false	1.0
aufschreien	neg 1.0		neg 0.503202062618517 off 0.48953010381874434 __DUMMY__ 0.0072678335627387606	false	1.0
schuldner	neg 1.0		neg 0.5104321473085841 off 0.48224629465038354 __DUMMY__ 0.007321558041032346	false	1.0
missgeburt	off 1.0	off 1.0	off 0.7341735009309692 neg 0.26238150541449967 __DUMMY__ 0.0034449936545312464	false	1.0
arbeitslos	neg 1.0		neg 0.5090173118440698 off 0.48370648581263836 __DUMMY__ 0.007276202343291768	false	1.0
befallen	neg 1.0		neg 0.5070469235183344 off 0.4856551616020899 __DUMMY__ 0.0072979148795756996	false	1.0
miesepetrig	off 1.0	off 1.0	off 0.7323805406974238 neg 0.26414439798217315 __DUMMY__ 0.003475061320403059	false	1.0
alarmieren	neg 1.0		neg 0.5021322972596782 off 0.49062675816781526 __DUMMY__ 0.007240944572506711	false	1.0
ungeduscht	off 1.0		neg 0.5004011365304176 off 0.4923158878310741 __DUMMY__ 0.0072829756385083474	false	0.5
knappheit	neg 1.0		neg 0.5114058837014134 off 0.4813207884770449 __DUMMY__ 0.007273327821541689	false	1.0
schlange	neg 1.0		neg 0.5007691310620147 off 0.49190721303920926 __DUMMY__ 0.0073236558987759635	false	1.0
harsch	neg 1.0		off 0.49906394561001066 neg 0.49368270671204306 __DUMMY__ 0.007253347677946307	false	0.5
lang	neg 1.0		neg 0.5041827818534301 off 0.48851443067714956 __DUMMY__ 0.007302787469420136	false	1.0
ziellos	neg 1.0		neg 0.5062370371962752 off 0.4864309075187841 __DUMMY__ 0.007332055284940578	false	1.0
selbstverliebt	neg 1.0		off 0.5022282569219677 neg 0.4906289829343271 __DUMMY__ 0.007142760143705233	false	0.5
beseitigen	neg 1.0	neg 1.0	neg 0.7372271157686137 off 0.25926097529607867 __DUMMY__ 0.0035119089353077325	false	1.0
dumm	off 1.0		off 0.4992377160121288 neg 0.4935624491736373 __DUMMY__ 0.007199834814233927	false	1.0
arbeitsloser	neg 1.0		neg 0.5082783410641999 off 0.4844124487702945 __DUMMY__ 0.0073092101655055815	false	1.0
blitzen	neg 1.0		neg 0.5016676595456696 off 0.491053553201466 __DUMMY__ 0.007278787252864384	false	1.0
hilflos	neg 1.0		neg 0.5062864183109784 off 0.48640284712359944 __DUMMY__ 0.007310734565422234	false	1.0
eklig	off 1.0		off 0.5000703763887461 neg 0.4927312751598703 __DUMMY__ 0.00719834845138345	false	1.0
begriff			neg 0.5075243256715267 off 0.48519451663937124 __DUMMY__ 0.007281157689102031	false	0.0
hungersnot	neg 1.0		neg 0.5060630240577846 off 0.4866176447809891 __DUMMY__ 0.007319331161226269	false	1.0
ungesetzlich	neg 1.0		neg 0.5086747934251614 off 0.48413434783072173 __DUMMY__ 0.007190858744116732	false	1.0
verschwendung	neg 1.0		neg 0.509623918209892 off 0.4830614487910477 __DUMMY__ 0.007314632999060321	false	1.0
schmerzvoll	neg 1.0		neg 0.502646066055678 off 0.4900627351387575 __DUMMY__ 0.0072911988055645235	false	1.0
vorzeitig	neg 1.0		neg 0.5002844165030543 off 0.492414234823015 __DUMMY__ 0.007301348673930765	false	1.0
unvollkommenheit	neg 1.0		neg 0.5033010489842068 off 0.4893213610140601 __DUMMY__ 0.0073775900017331005	false	1.0
intervenieren	neg 1.0		neg 0.5118183377425233 off 0.4808957402441582 __DUMMY__ 0.00728592201331846	false	1.0
banause	off 1.0		off 0.5006708529155022 neg 0.4921681610237021 __DUMMY__ 0.007160986060795775	false	1.0
rebell	neg 1.0		neg 0.5120889723740615 off 0.4805638635947833 __DUMMY__ 0.007347164031155131	false	1.0
unlogisch	neg 1.0		neg 0.49665048080905183 off 0.49611590037290576 __DUMMY__ 0.007233618818042417	false	1.0
leiden	neg 1.0		neg 0.5054416789657615 off 0.4871643880209198 __DUMMY__ 0.007393933013318545	false	1.0
abschaffung	neg 1.0		neg 0.5072087154811329 off 0.48554267046154637 __DUMMY__ 0.007248614057320895	false	1.0
sturz	neg 1.0		neg 0.5043762559968986 off 0.4883159983687105 __DUMMY__ 0.007307745634390927	false	1.0
verkleinerung	neg 1.0		neg 0.5054964221646374 off 0.48728548337904426 __DUMMY__ 0.007218094456318164	false	1.0
schmarotzer	off 1.0		neg 0.5093959617178208 off 0.4833315691735944 __DUMMY__ 0.007272469108584859	false	0.5
bestrafung	neg 1.0		neg 0.503934205009656 off 0.4887845430311593 __DUMMY__ 0.007281251959184728	false	1.0
achtlos	neg 1.0		neg 0.5039566071772035 off 0.4887271433382933 __DUMMY__ 0.007316249484503115	false	1.0
ungeheuer	neg 1.0		neg 0.5010208898381773 off 0.4916906046313069 __DUMMY__ 0.007288505530515882	false	1.0
