unsolidarisch	neg 1.0		__DUMMY__ 0.9269637650448113 neg 0.03927063437184832 off 0.03376560058334048	false	1.0
nachteilig	neg 1.0		__DUMMY__ 0.9326127472042438 neg 0.0369506460933112 off 0.030436606702445003	false	1.0
skeptisch	neg 1.0		__DUMMY__ 0.9333295568355989 neg 0.036693506085043015 off 0.029976937079358047	false	1.0
schrecklich	neg 1.0		__DUMMY__ 0.9283759093678277 off 0.040407602095209084 neg 0.031216488536963138	false	0.5
schlapp	neg 1.0		__DUMMY__ 0.9312047653305681 off 0.03671506264709014 neg 0.03208017202234174	false	0.5
abfall	neg 1.0		__DUMMY__ 0.9347593502916306 neg 0.03728044144114247 off 0.02796020826722691	false	1.0
widerspenstig	neg 1.0		__DUMMY__ 0.9330167104507217 neg 0.033842468101308025 off 0.03314082144797027	false	1.0
abrupt	neg 1.0		__DUMMY__ 0.9362244757761816 neg 0.03393077160875094 off 0.0298447526150675	false	1.0
unwirksam	neg 1.0		__DUMMY__ 0.9284317158532925 neg 0.038291757270590226 off 0.033276526876117166	false	1.0
angreifen	neg 1.0	neg 1.0	neg 0.5034446231874593 __DUMMY__ 0.4689947410099772 off 0.02756063580256348	false	1.0
inkonsistent	neg 1.0		__DUMMY__ 0.9330823053396505 off 0.03370389610694209 neg 0.03321379855340736	false	0.5
abrutschen	neg 1.0		__DUMMY__ 0.9346448116701396 neg 0.037125547326929006 off 0.028229641002931443	false	1.0
unsicher	neg 1.0		__DUMMY__ 0.9328152592674535 neg 0.033611449059847594 off 0.033573291672699	false	1.0
bauernkind	off 1.0	off 1.0	off 0.5063484086788856 __DUMMY__ 0.46168670357567054 neg 0.031964887745443774	false	1.0
angreifer	neg 1.0		__DUMMY__ 0.9328576587856848 off 0.03445817384141862 neg 0.03268416737289654	false	0.5
trennen	neg 1.0		__DUMMY__ 0.9371846418745564 neg 0.03250160904042811 off 0.03031374908501543	false	1.0
schmutz	neg 1.0		__DUMMY__ 0.9368383202757857 off 0.03421229056809835 neg 0.028949389156115897	false	0.5
inkonsistenz	neg 1.0		__DUMMY__ 0.9271433492168251 off 0.036681309160270105 neg 0.03617534162290484	false	0.5
erschreckend	neg 1.0		__DUMMY__ 0.9313423103888889 neg 0.03579010686795202 off 0.03286758274315903	false	1.0
ertrinken	neg 1.0		__DUMMY__ 0.9355163729652263 neg 0.03354402998103021 off 0.030939597053743415	false	1.0
pickelface	off 1.0		__DUMMY__ 0.9328411830778205 neg 0.03523033188686657 off 0.03192848503531295	false	0.5
seiner			__DUMMY__ 0.9349320111398726 neg 0.034850730885712826 off 0.03021725797441468	false	0.0
lauch	neg 1.0		__DUMMY__ 0.9338271428826891 neg 0.03814465848289156 off 0.028028198634419306	false	1.0
unwichtig	neg 1.0		__DUMMY__ 0.9293832361794836 off 0.03703491913782509 neg 0.033581844682691236	false	0.5
steuerhinterziehung	neg 1.0		__DUMMY__ 0.9302538209626716 neg 0.03733134046637757 off 0.03241483857095087	false	1.0
schock	neg 1.0		__DUMMY__ 0.9352972152432475 off 0.03273593513144969 neg 0.031966849625302766	false	0.5
beule	neg 1.0		__DUMMY__ 0.9315509569283416 off 0.03681674227897604 neg 0.031632300792682276	false	0.5
vergelten	neg 1.0		__DUMMY__ 0.9319520909005024 off 0.03953239355494599 neg 0.028515515544551624	false	0.5
verdorbenheit	neg 1.0		__DUMMY__ 0.9335109116726695 neg 0.03391594516456205 off 0.03257314316276846	false	1.0
trauma	neg 1.0		__DUMMY__ 0.9319232731411324 off 0.03417613597839688 neg 0.033900590880470656	false	0.5
sinnlos	neg 1.0		__DUMMY__ 0.9324516718669247 off 0.03521264083245974 neg 0.03233568730061554	false	0.5
fettsack	off 1.0	off 1.0	off 0.5076272077997794 __DUMMY__ 0.4635793298373084 neg 0.028793462362912223	false	1.0
feige	off 1.0	off 1.0	off 0.5043214630915733 __DUMMY__ 0.4645955112355397 neg 0.03108302567288685	false	1.0
abdanken	neg 1.0		__DUMMY__ 0.9305313121152821 neg 0.036237204790506426 off 0.0332314830942115	false	1.0
wichtigtuer	off 1.0	off 1.0	off 0.5022862195652413 __DUMMY__ 0.4661388355990696 neg 0.03157494483568901	false	1.0
misslingen	neg 1.0		__DUMMY__ 0.9375209216396538 off 0.03375600967746029 neg 0.028723068682885804	false	0.5
untreu	off 1.0		__DUMMY__ 0.928598868988769 off 0.03790442214561112 neg 0.03349670886561988	false	1.0
missmutig	neg 1.0		__DUMMY__ 0.9300758243561571 off 0.036913060215984235 neg 0.033011115427858624	false	0.5
hurenbock	off 1.0		__DUMMY__ 0.9335686868664677 off 0.03408778046222264 neg 0.032343532671309745	false	1.0
betrunken	neg 1.0		__DUMMY__ 0.9313480710441685 off 0.038609328505383934 neg 0.03004260045044763	false	0.5
korrupt	off 1.0		__DUMMY__ 0.928971006429204 neg 0.03894208780091733 off 0.03208690576987863	false	0.5
unmut	neg 1.0		__DUMMY__ 0.9342471854052088 neg 0.03754024852562265 off 0.028212566069168638	false	1.0
hackfresse	off 1.0		__DUMMY__ 0.9254665520438926 off 0.042920616427635574 neg 0.03161283152847174	false	1.0
aufblasen	neg 1.0		__DUMMY__ 0.9335511741162356 off 0.03424592031601962 neg 0.032202905567744786	false	0.5
gewaltsam	neg 1.0		__DUMMY__ 0.9332256067568242 neg 0.0339468573296606 off 0.0328275359135152	false	1.0
unbeliebtheit	neg 1.0		__DUMMY__ 0.924106387638499 neg 0.03896237105682841 off 0.03693124130467256	false	1.0
sturheit	neg 1.0		__DUMMY__ 0.931200615878133 neg 0.03580155386681424 off 0.032997830255052825	false	1.0
kuh	neg 1.0		__DUMMY__ 0.9301421815123498 neg 0.036555016419572976 off 0.03330280206807718	false	1.0
erschrecken	neg 1.0		__DUMMY__ 0.9313326311594485 off 0.03642654194558843 neg 0.032240826894962986	false	0.5
opfer	neg 1.0		__DUMMY__ 0.9347681290453785 neg 0.0340940081983913 off 0.03113786275623013	false	1.0
sinken	neg 1.0		__DUMMY__ 0.9348933991216452 neg 0.03668265179066479 off 0.028423949087690043	false	1.0
stinktier	neg 1.0		__DUMMY__ 0.9264614538696622 off 0.040745355735457005 neg 0.03279319039488084	false	0.5
tucke	off 1.0		__DUMMY__ 0.9222542607022136 off 0.0431844252201343 neg 0.03456131407765215	false	1.0
ein			__DUMMY__ 0.9331301150333337 off 0.03368939253582113 neg 0.033180492430845275	false	0.0
abstieg	neg 1.0		__DUMMY__ 0.9363175626950145 neg 0.03327241395985149 off 0.03041002334513398	false	1.0
missverstehen	neg 1.0		__DUMMY__ 0.9299769496567429 off 0.035505248384359304 neg 0.034517801958897656	false	0.5
ergebnislos	neg 1.0		__DUMMY__ 0.9331982719899693 neg 0.03638413684650415 off 0.030417591163526533	false	1.0
unter			__DUMMY__ 0.9403430268085555 neg 0.03500471875526304 off 0.024652254436181468	false	0.0
manipulieren	neg 1.0		__DUMMY__ 0.9334038013803648 neg 0.03649295598147805 off 0.030103242638157203	false	1.0
unbewiesen	neg 1.0		__DUMMY__ 0.9260407568516904 neg 0.03992482755853196 off 0.03403441558977768	false	1.0
verschleppen	neg 1.0		__DUMMY__ 0.933337271350814 neg 0.034992385147312136 off 0.031670343501873845	false	1.0
weib	off 1.0		__DUMMY__ 0.9253428541195825 off 0.042903196343497416 neg 0.03175394953692007	false	1.0
opposition	neg 1.0		__DUMMY__ 0.9295690809045198 neg 0.035890920927496774 off 0.03453999816798334	false	1.0
verkehrswidrig	neg 1.0	neg 1.0	neg 0.4925556481159662 __DUMMY__ 0.4718673339179838 off 0.03557701796605004	false	1.0
inkorrekt	neg 1.0		__DUMMY__ 0.9261411113686621 off 0.039034809158085514 neg 0.034824079473252514	false	0.5
vermeiden	neg 1.0		__DUMMY__ 0.9373331229294816 neg 0.0363928455340571 off 0.026274031536461302	false	1.0
abweichung	neg 1.0		__DUMMY__ 0.9327638484730701 neg 0.03659018343839857 off 0.030645968088531258	false	1.0
alkoholisiert	neg 1.0		__DUMMY__ 0.9397911861706626 neg 0.031058431049693382 off 0.02915038277964404	false	1.0
scheiss	off 1.0	off 1.0	off 0.5036658496740638 __DUMMY__ 0.46699735322766944 neg 0.02933679709826686	false	1.0
herausforderung	neg 1.0	neg 1.0	neg 0.49678817947677145 __DUMMY__ 0.47607336617485924 off 0.02713845434836934	false	1.0
pervers	off 1.0		__DUMMY__ 0.9242178207757669 off 0.04523669971125117 neg 0.030545479512981977	false	1.0
wackelig	neg 1.0		__DUMMY__ 0.9367794452478162 neg 0.03196326309277295 off 0.03125729165941091	false	1.0
verwickeln	neg 1.0		__DUMMY__ 0.9298090003655038 off 0.0354772375247502 neg 0.034713762109745944	false	0.5
vorwand	neg 1.0		__DUMMY__ 0.9343229047914463 neg 0.03620277021760118 off 0.029474324990952597	false	1.0
muschi	off 1.0		__DUMMY__ 0.9326784859354605 neg 0.034982390132544665 off 0.03233912393199474	false	0.5
entmutigung	neg 1.0		__DUMMY__ 0.9288692294881221 neg 0.03626943602797158 off 0.0348613344839064	false	1.0
unangemessen	neg 1.0		__DUMMY__ 0.9312664103385072 neg 0.036409754841365514 off 0.032323834820127295	false	1.0
unstetig	neg 1.0		__DUMMY__ 0.9340871325400889 off 0.033714352088838856 neg 0.0321985153710722	false	0.5
entmutigen	neg 1.0		__DUMMY__ 0.9316863918210258 off 0.03448364603768001 neg 0.03382996214129424	false	0.5
schwanz	neg 1.0		__DUMMY__ 0.9347184174891484 neg 0.03549354882320302 off 0.029788033687648555	false	1.0
verbot	neg 1.0		__DUMMY__ 0.9308791348473552 neg 0.03729011060843826 off 0.0318307545442066	false	1.0
leid	neg 1.0		__DUMMY__ 0.9286229063241156 off 0.04112131817565783 neg 0.03025577550022652	false	0.5
archaisch	neg 1.0		__DUMMY__ 0.9331978753896878 neg 0.03479978031972747 off 0.03200234429058472	false	1.0
gegen			__DUMMY__ 0.9358226112411124 neg 0.03504798409779825 off 0.02912940466108931	false	0.0
scheidung	neg 1.0		__DUMMY__ 0.9242070071046995 off 0.04809599388829995 neg 0.027696999007000487	false	0.5
einschlag	neg 1.0	neg 1.0	neg 0.49738126812803984 __DUMMY__ 0.4668947125504252 off 0.0357240193215351	false	1.0
m			__DUMMY__ 0.9344285494551277 neg 0.03392122185749606 off 0.03165022868737624	false	0.0
abgestanden	neg 1.0		__DUMMY__ 0.933854453537497 off 0.03314403972010704 neg 0.033001506742395964	false	0.5
schmierig	off 1.0		__DUMMY__ 0.9286867138458579 off 0.04079092382055831 neg 0.030522362333583818	false	1.0
unpraktisch	neg 1.0		__DUMMY__ 0.9341146755883889 off 0.033765641628688836 neg 0.03211968278292227	false	0.5
wixxer	off 1.0		__DUMMY__ 0.9234818542781746 off 0.04508008656206688 neg 0.03143805915975857	false	1.0
bezeichnet			__DUMMY__ 0.9314908535757774 neg 0.03521535306105107 off 0.03329379336317154	false	0.0
jammerlappen	off 1.0		__DUMMY__ 0.9297035192745517 off 0.037143632625108544 neg 0.033152848100339735	false	1.0
farce	neg 1.0		__DUMMY__ 0.9296405836872103 neg 0.037999363433423874 off 0.03236005287936598	false	1.0
zwecklos	neg 1.0		__DUMMY__ 0.9315558144342404 neg 0.03619912534888652 off 0.0322450602168731	false	1.0
turbulent	neg 1.0		__DUMMY__ 0.929533566937352 off 0.037310881910874734 neg 0.033155551151773176	false	0.5
invasion	neg 1.0		__DUMMY__ 0.9320073345969312 off 0.03520442613588616 neg 0.032788239267182724	false	0.5
schuld	neg 1.0		__DUMMY__ 0.9313726351750163 neg 0.03436778369652961 off 0.03425958112845404	false	1.0
risiko	neg 1.0		__DUMMY__ 0.9342999651448813 off 0.03358887488501041 neg 0.032111159970108265	false	0.5
finster	neg 1.0		__DUMMY__ 0.9331543099584239 off 0.03351557630959197 neg 0.033330113731984114	false	0.5
geisteskrank	off 1.0		__DUMMY__ 0.9277887593725432 off 0.03849494077057792 neg 0.03371629985687887	false	1.0
zusammenbrechen	neg 1.0		__DUMMY__ 0.9336558031722365 neg 0.03384463827961443 off 0.032499558548148975	false	1.0
ausbeute	neg 1.0		__DUMMY__ 0.9372156288285066 neg 0.03330567158056059 off 0.02947869959093278	false	1.0
hinterhalt	neg 1.0		__DUMMY__ 0.935452417222465 neg 0.03278830711036179 off 0.03175927566717318	false	1.0
kritik	neg 1.0		__DUMMY__ 0.9303280065110965 neg 0.03740977353596102 off 0.032262219952942504	false	1.0
einschrumpfen	neg 1.0		__DUMMY__ 0.9281900059689592 neg 0.0360998662625533 off 0.03571012776848754	false	1.0
riskant	neg 1.0		__DUMMY__ 0.9326691844544533 neg 0.03633491599295585 off 0.03099589955259077	false	1.0
frustrieren	neg 1.0		__DUMMY__ 0.9332112827168655 neg 0.035719836727504874 off 0.031068880555629525	false	1.0
groll	neg 1.0		__DUMMY__ 0.9330087376596914 neg 0.03496396624190201 off 0.032027296098406585	false	1.0
gibt			__DUMMY__ 0.9323382612222009 neg 0.035321917399390446 off 0.03233982137840868	false	0.0
qualvoll	neg 1.0		__DUMMY__ 0.9326047058264059 off 0.035776878949829505 neg 0.03161841522376473	false	0.5
wackeln	neg 1.0	neg 1.0	neg 0.4984976302878938 __DUMMY__ 0.4707513843157997 off 0.030750985396306486	false	1.0
klagen	neg 1.0		__DUMMY__ 0.9347198658804605 neg 0.03673864625415353 off 0.02854148786538588	false	1.0
bankrott	neg 1.0		__DUMMY__ 0.9311789777223697 off 0.03608542406048995 neg 0.03273559821714036	false	0.5
trauern	neg 1.0		__DUMMY__ 0.9352317629053833 neg 0.0338748412102795 off 0.03089339588433718	false	1.0
ablehnung	neg 1.0		__DUMMY__ 0.9304231126756206 neg 0.03722831624762026 off 0.032348571076759126	false	1.0
stur	neg 1.0		__DUMMY__ 0.9304295580936744 neg 0.034880212896741244 off 0.03469022900958421	false	1.0
aufruhr	neg 1.0		__DUMMY__ 0.9330040721444729 neg 0.034147567198982404 off 0.032848360656544624	false	1.0
melancholie	neg 1.0		__DUMMY__ 0.9346434701544076 neg 0.03415388186890491 off 0.03120264797668735	false	1.0
ist			__DUMMY__ 0.9313207243383682 off 0.03478287316047439 neg 0.033896402501157365	false	0.0
torheit	neg 1.0		__DUMMY__ 0.9301569321683603 neg 0.03554842352766462 off 0.034294644303975094	false	1.0
dreckskind	off 1.0		__DUMMY__ 0.9253332831122874 off 0.04182648980147581 neg 0.032840227086236747	false	1.0
umtauschen	neg 1.0		__DUMMY__ 0.9329896725297602 neg 0.034436378127290675 off 0.03257394934294921	false	1.0
zum			__DUMMY__ 0.9409409247749229 neg 0.032808361305233104 off 0.026250713919844022	false	0.0
zersetzen	neg 1.0		__DUMMY__ 0.9323894068517187 neg 0.03761382889171735 off 0.029996764256564	false	1.0
zur			__DUMMY__ 0.9381052723239905 neg 0.03579298733403689 off 0.026101740341972574	false	0.0
frust	neg 1.0		__DUMMY__ 0.9332425924006084 neg 0.034306446433453375 off 0.032450961165938375	false	1.0
unerbittlichkeit	neg 1.0		__DUMMY__ 0.9329193609455892 neg 0.03700363685686646 off 0.030077002197544302	false	1.0
zwei			__DUMMY__ 0.938791059185416 neg 0.03334415613912736 off 0.02786478467545652	false	0.0
unkorrekt	neg 1.0		__DUMMY__ 0.92518915198172 off 0.03931215809435785 neg 0.03549868992392211	false	0.5
hexe	off 1.0		__DUMMY__ 0.9298112459504644 off 0.037232829090858725 neg 0.032955924958676934	false	1.0
lasch	neg 1.0		__DUMMY__ 0.9282488735523704 off 0.03638966818334088 neg 0.03536145826428863	false	0.5
rivale	neg 1.0		__DUMMY__ 0.9299277255869947 off 0.03889909175069661 neg 0.03117318266230882	false	0.5
mutlos	off 1.0	off 1.0	off 0.49831450886331413 __DUMMY__ 0.467280946190913 neg 0.03440454494577283	false	1.0
wirr	off 1.0		__DUMMY__ 0.9253820451465627 off 0.03939398323550551 neg 0.03522397161793181	false	1.0
jahr			__DUMMY__ 0.9376930112451224 neg 0.03319117440427226 off 0.029115814350605392	false	0.0
wird			__DUMMY__ 0.9334684273673516 neg 0.035352993605011505 off 0.031178579027636884	false	0.0
strafbar	neg 1.0		__DUMMY__ 0.9322407328650171 neg 0.03659734383087977 off 0.031161923304103167	false	1.0
erosion	neg 1.0		__DUMMY__ 0.9336781492940557 off 0.033714567407126424 neg 0.03260728329881788	false	0.5
eingehen	neg 1.0		__DUMMY__ 0.9311632572938571 neg 0.037036885320739524 off 0.031799857385403425	false	1.0
faul	off 1.0		__DUMMY__ 0.9320106955120622 off 0.03610220682547379 neg 0.031887097662464024	false	1.0
provisorium	neg 1.0		__DUMMY__ 0.9392812909195534 neg 0.036372745667511946 off 0.0243459634129347	false	1.0
schmerzen	neg 1.0		__DUMMY__ 0.9332181901497941 neg 0.03390706209434965 off 0.03287474775585614	false	1.0
schrumpfen	neg 1.0		__DUMMY__ 0.9347633962237489 neg 0.03872562721170807 off 0.026510976564543053	false	1.0
geistlos	off 1.0		__DUMMY__ 0.9265552378721126 neg 0.03767145328248533 off 0.03577330884540217	false	0.5
fehlkauf	neg 1.0		__DUMMY__ 0.9313227717107899 off 0.03473955110321575 neg 0.03393767718599434	false	0.5
frustrierend	neg 1.0		__DUMMY__ 0.9319175164045201 off 0.03638344126319105 neg 0.0316990423322887	false	0.5
unzufrieden	neg 1.0		__DUMMY__ 0.9312389713717552 neg 0.03658323028282827 off 0.032177798345416495	false	1.0
verzweifeln	neg 1.0		__DUMMY__ 0.9324359794374724 neg 0.03433017762558849 off 0.03323384293693909	false	1.0
verzweifelt	neg 1.0		__DUMMY__ 0.9310179088798608 off 0.034721521744791525 neg 0.03426056937534771	false	0.5
misstrauensantrag	neg 1.0		__DUMMY__ 0.9301823921507425 off 0.03497169785019995 neg 0.03484590999905758	false	0.5
abfallen	neg 1.0		__DUMMY__ 0.9342678251701491 off 0.03398744597999116 neg 0.03174472884985976	false	0.5
fucker	off 1.0		__DUMMY__ 0.9280159201553714 off 0.03883384432269914 neg 0.033150235521929576	false	1.0
ungezogen	neg 1.0		__DUMMY__ 0.9261929701356434 off 0.04390560062284986 neg 0.029901429241506804	false	0.5
irrsinnig	neg 1.0	neg 1.0	neg 0.5020107336515007 __DUMMY__ 0.4666232297522157 off 0.031366036596283564	false	1.0
unfassbar	neg 1.0		__DUMMY__ 0.928950823255325 off 0.03762505329980065 neg 0.03342412344487439	false	0.5
hart	neg 1.0		__DUMMY__ 0.9311990216720163 off 0.03572627729269181 neg 0.03307470103529197	false	0.5
widerlich	off 1.0		__DUMMY__ 0.9278236185977707 off 0.038352587657550515 neg 0.03382379374467878	false	1.0
fatal	neg 1.0		__DUMMY__ 0.9311057715845256 off 0.03501715322159402 neg 0.03387707519388036	false	0.5
bruch	neg 1.0		__DUMMY__ 0.933713148322015 neg 0.037541411205764805 off 0.02874544047222024	false	1.0
aushungern	neg 1.0		__DUMMY__ 0.9303426428744257 neg 0.03654078674675633 off 0.03311657037881804	false	1.0
anspannung	neg 1.0	neg 1.0	neg 0.4989393202858074 __DUMMY__ 0.47681471717152313 off 0.024245962542669416	false	1.0
von			__DUMMY__ 0.9375416794118933 neg 0.03378899889709276 off 0.028669321691014018	false	0.0
kraftlos	neg 1.0		__DUMMY__ 0.9356962114309991 neg 0.03249826169518312 off 0.03180552687381783	false	1.0
vom			__DUMMY__ 0.940636907910655 neg 0.03468006494109844 off 0.02468302714824645	false	0.0
grenzdebil	off 1.0		__DUMMY__ 0.9293172744527648 off 0.03828224550093178 neg 0.032400480046303436	false	1.0
vor			__DUMMY__ 0.9354917377609365 neg 0.035124371908790045 off 0.02938389033027343	false	0.0
unterwerfen	neg 1.0		__DUMMY__ 0.9335437903809205 neg 0.035555638190962816 off 0.030900571428116693	false	1.0
versenkung	neg 1.0		__DUMMY__ 0.9332382602856665 neg 0.03595089771799195 off 0.03081084199634157	false	1.0
entziehen	neg 1.0		__DUMMY__ 0.9343493692055406 neg 0.03665704050680609 off 0.02899359028765333	false	1.0
finanzkrise	neg 1.0		__DUMMY__ 0.9300387278659077 neg 0.03715658235498136 off 0.032804689779110864	false	1.0
schimpfend	neg 1.0		__DUMMY__ 0.9345693196760951 off 0.03366013147403307 neg 0.03177054884987177	false	0.5
profan	neg 1.0		__DUMMY__ 0.9308353262995628 off 0.03554845482273596 neg 0.03361621887770125	false	0.5
korruption	neg 1.0	neg 1.0	neg 0.5041264843515553 __DUMMY__ 0.46701631912989217 off 0.02885719651855257	false	1.0
â			__DUMMY__ 0.934547061148415 neg 0.034592443470450304 off 0.03086049538113472	false	0.0
schmutzig	neg 1.0		__DUMMY__ 0.9307225806644933 off 0.03782447692354372 neg 0.03145294241196301	false	0.5
sexy	neg 1.0		__DUMMY__ 0.9310524485939285 off 0.03603033939776119 neg 0.03291721200831026	false	0.5
abraten	neg 1.0		__DUMMY__ 0.931700590010627 off 0.034738750614063486 neg 0.0335606593753096	false	0.5
schwarz	neg 1.0		__DUMMY__ 0.9309118239955338 neg 0.03454610632924093 off 0.0345420696752252	false	1.0
fotze	off 1.0		__DUMMY__ 0.9334962755357382 neg 0.03579199639772699 off 0.03071172806653481	false	0.5
verwirren	neg 1.0		__DUMMY__ 0.9308489753190681 off 0.03577974348867703 neg 0.03337128119225485	false	0.5
zahnlos	off 1.0		__DUMMY__ 0.9314429558231228 neg 0.0363537845896095 off 0.03220325958726777	false	0.5
verheeren	neg 1.0		__DUMMY__ 0.9276920745080854 off 0.04487389853659801 neg 0.027434026955316576	false	0.5
hippie	neg 1.0		__DUMMY__ 0.9307791668559866 off 0.03574605909531166 neg 0.03347477404870173	false	0.5
rammen	neg 1.0		__DUMMY__ 0.9316682320900711 neg 0.03481532841969279 off 0.03351643949023604	false	1.0
unlauter	neg 1.0		__DUMMY__ 0.9269312394239019 neg 0.03909219060230571 off 0.033976569973792344	false	1.0
unheilvoll	neg 1.0		__DUMMY__ 0.9343419954086519 off 0.03479418985536425 neg 0.030863814735983753	false	0.5
niedrig	neg 1.0		__DUMMY__ 0.9351255172025696 neg 0.034999500704939915 off 0.029874982092490416	false	1.0
explosion	neg 1.0		__DUMMY__ 0.9303805200801061 off 0.035223872945879524 neg 0.03439560697401443	false	0.5
weichei	off 1.0		__DUMMY__ 0.9265361274632491 off 0.04174887638171683 neg 0.03171499615503407	false	1.0
minusmensch	off 1.0		__DUMMY__ 0.9213714349405547 off 0.04511659789512023 neg 0.03351196716432512	false	1.0
farblos	neg 1.0		__DUMMY__ 0.9383585392128593 off 0.0320359631965359 neg 0.029605497590604823	false	0.5
unwissend	neg 1.0	neg 1.0	neg 0.5009800138885223 __DUMMY__ 0.4649346981766769 off 0.03408528793480088	false	1.0
traurig	neg 1.0		__DUMMY__ 0.9290981143107303 off 0.039660335025444304 neg 0.03124155066382545	false	0.5
senkung	neg 1.0		__DUMMY__ 0.9284070870018815 neg 0.03621724839196246 off 0.03537566460615614	false	1.0
ungleich	neg 1.0	neg 1.0	neg 0.5047306016230532 __DUMMY__ 0.46731281027004806 off 0.02795658810689882	false	1.0
heikel	neg 1.0		__DUMMY__ 0.9326536570128184 neg 0.03727048462586883 off 0.03007585836131279	false	1.0
drosselung	neg 1.0		__DUMMY__ 0.9306593096050364 off 0.03773637174285008 neg 0.03160431865211352	false	0.5
falsch	neg 1.0		__DUMMY__ 0.9308133189996459 off 0.0365234171739623 neg 0.03266326382639182	false	0.5
unzufriedenheit	neg 1.0		__DUMMY__ 0.9333065428477721 neg 0.03693867711844303 off 0.02975478003378481	false	1.0
kurz	neg 1.0		__DUMMY__ 0.9347292832000682 neg 0.033246136278428116 off 0.03202458052150363	false	1.0
unsinnig	neg 1.0		__DUMMY__ 0.9303478437095031 neg 0.037127273631971026 off 0.03252488265852588	false	1.0
penner	off 1.0	off 1.0	off 0.5095067772733411 __DUMMY__ 0.46220335542647223 neg 0.028289867300186594	false	1.0
seicht	neg 1.0		__DUMMY__ 0.9233149568133158 off 0.04419197654381871 neg 0.03249306664286552	false	0.5
dummheit	off 1.0	off 1.0	off 0.5025100231328979 __DUMMY__ 0.46567262669633924 neg 0.031817350170762794	false	1.0
unerfreulich	neg 1.0		__DUMMY__ 0.9345344494278471 neg 0.03624365970959161 off 0.02922189086256121	false	1.0
motherfucker	off 1.0	off 1.0	off 0.505441061867009 __DUMMY__ 0.46390817340642115 neg 0.030650764726569867	false	1.0
pikiert	neg 1.0		__DUMMY__ 0.9280220424208417 off 0.03756462633871784 neg 0.034413331240440416	false	0.5
wrack	neg 1.0		__DUMMY__ 0.9376364939581501 neg 0.03230066701581671 off 0.03006283902603312	false	1.0
gangster	neg 1.0		__DUMMY__ 0.9314325651111127 off 0.03537861870359303 neg 0.03318881618529417	false	0.5
krank	neg 1.0		__DUMMY__ 0.930786248234285 off 0.038203956954367166 neg 0.031009794811347868	false	0.5
reich	neg 1.0		__DUMMY__ 0.9293503726634661 off 0.03651946296276974 neg 0.0341301643737642	false	0.5
gnadenlos	neg 1.0		__DUMMY__ 0.9318373966826157 off 0.03428242531636078 neg 0.03388017800102354	false	0.5
niedergeschlagen	neg 1.0		__DUMMY__ 0.934968138279642 neg 0.03262573864826683 off 0.03240612307209122	false	1.0
terrorisieren	off 1.0	off 1.0	off 0.4985136814105604 __DUMMY__ 0.46996181020557826 neg 0.03152450838386131	false	1.0
sinnlosigkeit	neg 1.0		__DUMMY__ 0.9319132992624404 neg 0.035876540966745446 off 0.032210159770814206	false	1.0
behindern	neg 1.0		__DUMMY__ 0.9313774095220115 neg 0.03587299834311042 off 0.03274959213487806	false	1.0
undemokratisch	neg 1.0		__DUMMY__ 0.9289632682683016 neg 0.03658995605837375 off 0.0344467756733247	false	1.0
wirtschaftskrise	neg 1.0		__DUMMY__ 0.9316948037092376 neg 0.03708400574506668 off 0.03122119054569567	false	1.0
neid	neg 1.0		__DUMMY__ 0.9330815043722157 off 0.03672808756203503 neg 0.030190408065749182	false	0.5
rutschen	neg 1.0	neg 1.0	neg 0.4994750087762655 __DUMMY__ 0.475251118803188 off 0.025273872420546566	false	1.0
rezession	neg 1.0		__DUMMY__ 0.9260712009230813 off 0.040537279996874676 neg 0.03339151908004408	false	0.5
fehlgeburt	neg 1.0		__DUMMY__ 0.9343039230979331 off 0.034708217020370434 neg 0.030987859881696445	false	0.5
charakterschwach	off 1.0		__DUMMY__ 0.9294231471420383 off 0.03817801213978514 neg 0.03239884071817652	false	1.0
isolation	neg 1.0		__DUMMY__ 0.9315542598219392 off 0.03624220381769633 neg 0.032203536360364514	false	0.5
ablenkung	neg 1.0		__DUMMY__ 0.9325763221862591 neg 0.03374420779473008 off 0.0336794700190109	false	1.0
pech	neg 1.0		__DUMMY__ 0.931440664822344 off 0.03580870713632486 neg 0.03275062804133122	false	0.5
vermeidung	neg 1.0		__DUMMY__ 0.9276729785799829 off 0.03805978121440842 neg 0.034267240205608736	false	0.5
dominieren	neg 1.0		__DUMMY__ 0.9359356178892543 neg 0.03317166327399424 off 0.030892718836751543	false	1.0
schwindlig	neg 1.0		__DUMMY__ 0.9352597566903078 off 0.0346929185077322 neg 0.030047324801960065	false	0.5
lutscher	neg 1.0		__DUMMY__ 0.9234811220817326 off 0.044447122457305976 neg 0.03207175546096147	false	0.5
pflicht	neg 1.0		__DUMMY__ 0.9326665151720526 neg 0.037183959345871716 off 0.030149525482075792	false	1.0
faschist	off 1.0		__DUMMY__ 0.9281827283697068 off 0.03602274710937791 neg 0.03579452452091531	false	1.0
verschleudern	neg 1.0		__DUMMY__ 0.9287154365030504 neg 0.04058178222624355 off 0.030702781270705925	false	1.0
wenn			__DUMMY__ 0.9304489863914518 off 0.03672395466453894 neg 0.03282705894400928	false	0.0
ehebruch	neg 1.0		__DUMMY__ 0.9329201209511006 neg 0.03567496387351969 off 0.03140491517537973	false	1.0
spott	off 1.0		__DUMMY__ 0.9316891075596991 neg 0.03724649480262349 off 0.031064397637677356	false	0.5
trostlosigkeit	neg 1.0		__DUMMY__ 0.9355985548936644 neg 0.035333755504818355 off 0.029067689601517153	false	1.0
lutschen	neg 1.0		__DUMMY__ 0.9299672868448584 off 0.035308285977484914 neg 0.03472442717765669	false	0.5
undiszipliniert	neg 1.0		__DUMMY__ 0.9300461282088489 off 0.03897556812818863 neg 0.030978303662962482	false	0.5
kopfschmerz	neg 1.0		__DUMMY__ 0.9350082711146033 neg 0.0331474130513577 off 0.031844315834039	false	1.0
unvorhergesehen	neg 1.0		__DUMMY__ 0.9374394500094196 neg 0.032363756602026617 off 0.030196793388553696	false	1.0
desinteressiert	neg 1.0		__DUMMY__ 0.9282798440473808 off 0.03900510451993532 neg 0.03271505143268389	false	0.5
armselig	off 1.0		__DUMMY__ 0.926049167121316 off 0.03987782788406537 neg 0.03407300499461855	false	1.0
desaster	neg 1.0		__DUMMY__ 0.9338319093093242 neg 0.03778480775024436 off 0.028383282940431295	false	1.0
tod	neg 1.0		__DUMMY__ 0.9374455237864663 neg 0.03174194571954519 off 0.030812530493988473	false	1.0
herzlos	neg 1.0		__DUMMY__ 0.927520510662597 off 0.040089801147403924 neg 0.032389688189999016	false	0.5
unwissenheit	neg 1.0		__DUMMY__ 0.9300527792437135 neg 0.0378362626339998 off 0.032110958122286724	false	1.0
widersinnig	neg 1.0	neg 1.0	neg 0.5054454599475969 __DUMMY__ 0.46488325888565984 off 0.02967128116674327	false	1.0
bedenklich	neg 1.0		__DUMMY__ 0.9319044631282805 neg 0.03692902832660461 off 0.031166508545114907	false	1.0
beanstanden	neg 1.0		__DUMMY__ 0.9336261631140642 neg 0.03675650672205409 off 0.02961733016388166	false	1.0
panisch	neg 1.0	neg 1.0	neg 0.49674319125408517 __DUMMY__ 0.4712917909246169 off 0.031965017821297896	false	1.0
debil	off 1.0		__DUMMY__ 0.9372625381564059 neg 0.03718760331752107 off 0.02554985852607309	false	0.5
abstrich	neg 1.0		__DUMMY__ 0.9333461885521195 neg 0.03644252350699537 off 0.03021128794088513	false	1.0
primitiv	neg 1.0		__DUMMY__ 0.9279729829897805 off 0.03869347151827846 neg 0.03333354549194099	false	0.5
abschaum	off 1.0	off 1.0	off 0.5040009114861156 __DUMMY__ 0.46538046832072094 neg 0.030618620193163505	false	1.0
provozieren	neg 1.0		__DUMMY__ 0.930911018238523 neg 0.03492916144200581 off 0.03415982031947124	false	1.0
tot	neg 1.0		__DUMMY__ 0.9335001834361438 neg 0.036310858489382467 off 0.030188958074473755	false	1.0
instabil	neg 1.0		__DUMMY__ 0.9259922488333399 off 0.038519520634748325 neg 0.03548823053191179	false	0.5
schwuchtel	off 1.0		__DUMMY__ 0.9210975292402217 off 0.0481039857133895 neg 0.030798485046388765	false	1.0
zerren	neg 1.0		__DUMMY__ 0.9347694839436901 off 0.032623696120253384 neg 0.03260681993605655	false	0.5
kinderficker	off 1.0		__DUMMY__ 0.9243375850956095 off 0.04175277731459884 neg 0.03390963758979162	false	1.0
gefahr	neg 1.0		__DUMMY__ 0.9342942973085018 neg 0.03584758065703444 off 0.029858122034463724	false	1.0
rabiat	neg 1.0		__DUMMY__ 0.9308844092339368 neg 0.03543479813186641 off 0.03368079263419677	false	1.0
verlangsamung	neg 1.0		__DUMMY__ 0.9262978519247564 off 0.043018752258794174 neg 0.030683395816449344	false	0.5
ausgestorben	neg 1.0		__DUMMY__ 0.9339366415045468 off 0.033066291084295665 neg 0.0329970674111575	false	0.5
anklagen	neg 1.0		__DUMMY__ 0.9318665575520027 neg 0.0356761318988874 off 0.03245731054911001	false	1.0
trott	neg 1.0		__DUMMY__ 0.9331596954756645 neg 0.033938155603336004 off 0.032902148920999574	false	1.0
verminderung	neg 1.0		__DUMMY__ 0.9281303416626097 off 0.038595945037485195 neg 0.03327371329990511	false	0.5
nach			__DUMMY__ 0.9415741762747968 neg 0.03180117120666544 off 0.026624652518537854	false	0.0
rost	neg 1.0		__DUMMY__ 0.928156064945073 off 0.04179802561427321 neg 0.03004590944065389	false	0.5
destruktiv	neg 1.0		__DUMMY__ 0.9296328124720153 neg 0.036942686891474896 off 0.03342450063650972	false	1.0
unzumutbarkeit	neg 1.0		__DUMMY__ 0.9316258739964218 off 0.03675078457175829 neg 0.03162334143181985	false	0.5
labil	off 1.0	off 1.0	off 0.503974044852323 __DUMMY__ 0.4652893879322445 neg 0.03073656721543255	false	1.0
ziemlich	neg 1.0		__DUMMY__ 0.9304782940630857 off 0.0378419656166857 neg 0.03167974032022859	false	0.5
lachnummer	off 1.0		__DUMMY__ 0.9306419128229645 neg 0.03565996702454077 off 0.03369812015249471	false	0.5
oder			__DUMMY__ 0.9336305790487905 off 0.03343984644114229 neg 0.03292957451006722	false	0.0
verfall	neg 1.0		__DUMMY__ 0.9355834547091042 neg 0.03792084975531177 off 0.026495695535584007	false	1.0
ausgrenzung	neg 1.0		__DUMMY__ 0.9294786074157229 neg 0.03556321318675494 off 0.034958179397522195	false	1.0
unordnung	neg 1.0		__DUMMY__ 0.9323131661234018 off 0.03728261614126605 neg 0.030404217735332275	false	0.5
fehlverhalten	neg 1.0		__DUMMY__ 0.9329210444809486 neg 0.03669647467028601 off 0.030382480848765398	false	1.0
eine			__DUMMY__ 0.934156799954441 neg 0.03627741633666167 off 0.02956578370889739	false	0.0
nille	neg 1.0		__DUMMY__ 0.9327108244261165 neg 0.03453753910279046 off 0.03275163647109295	false	1.0
qual	neg 1.0		__DUMMY__ 0.9330137254995226 neg 0.03418046275943847 off 0.032805811741039075	false	1.0
verschwenden	neg 1.0		__DUMMY__ 0.9320903778840557 neg 0.036546130845080134 off 0.03136349127086411	false	1.0
riesig	neg 1.0	neg 1.0	neg 0.4992556455072203 __DUMMY__ 0.47275568920740985 off 0.027988665285369845	false	1.0
verurteilen	neg 1.0		__DUMMY__ 0.932048112445631 neg 0.035764441045878344 off 0.03218744650849063	false	1.0
klischee	neg 1.0	neg 1.0	neg 0.5019956852920463 __DUMMY__ 0.4648627771916036 off 0.03314153751635011	false	1.0
diktatorisch	neg 1.0		__DUMMY__ 0.9280470904259439 neg 0.037014607662362586 off 0.03493830191169348	false	1.0
vorhersehbar	neg 1.0	neg 1.0	neg 0.5015717552320569 __DUMMY__ 0.4657001179406824 off 0.03272812682726076	false	1.0
sowie			__DUMMY__ 0.926623558740448 off 0.0415610603438645 neg 0.0318153809156875	false	0.0
stornieren	neg 1.0		__DUMMY__ 0.9373486396688795 off 0.033727469161411644 neg 0.028923891169708813	false	0.5
besteuerung	neg 1.0		__DUMMY__ 0.928504836460423 neg 0.03770695042889245 off 0.03378821311068453	false	1.0
ungeschminkt	neg 1.0		__DUMMY__ 0.9283080899180649 off 0.037699270862933607 neg 0.03399263921900145	false	0.5
kritisch	neg 1.0		__DUMMY__ 0.932036952169132 neg 0.03684976460834344 off 0.03111328322252452	false	1.0
schlamperei	off 1.0		__DUMMY__ 0.9320689350959918 neg 0.037590348127731106 off 0.030340716776277137	false	0.5
sucht	neg 1.0	neg 1.0	neg 0.4990395102316255 __DUMMY__ 0.47102809888158226 off 0.029932390886792188	false	1.0
egoistisch	off 1.0		__DUMMY__ 0.9272345616623259 off 0.04188430168324692 neg 0.03088113665442728	false	1.0
ausbeuter	off 1.0		__DUMMY__ 0.9317335280342227 neg 0.03797367475759959 off 0.030292797208177694	false	0.5
arschgeburt	off 1.0		__DUMMY__ 0.9202307767312884 off 0.048409654601250705 neg 0.03135956866746101	false	1.0
schubs	neg 1.0	neg 1.0	neg 0.49986921290214475 __DUMMY__ 0.4717135159650561 off 0.028417271132799238	false	1.0
unsolide	neg 1.0		__DUMMY__ 0.9248555718839648 neg 0.03989266811291778 off 0.035251760003117395	false	1.0
beschwerde	neg 1.0		__DUMMY__ 0.9319918356900154 neg 0.03761804841307766 off 0.030390115896906926	false	1.0
stocken	neg 1.0		__DUMMY__ 0.93313998908503 neg 0.03605611882932732 off 0.030803892085642704	false	1.0
isolieren	neg 1.0		__DUMMY__ 0.9317324409344614 neg 0.03663259593471887 off 0.03163496313081981	false	1.0
unheilbar	neg 1.0		__DUMMY__ 0.9343899895630726 off 0.03399672674745097 neg 0.03161328368947647	false	0.5
pisser	off 1.0		__DUMMY__ 0.929354132776241 off 0.03882452786879786 neg 0.03182133935496104	false	1.0
löschen	neg 1.0		__DUMMY__ 0.9323443338712861 neg 0.034308523278817324 off 0.03334714284989654	false	1.0
durchfallen	neg 1.0		__DUMMY__ 0.9305240796532429 neg 0.037455566714692065 off 0.03202035363206506	false	1.0
wichser	off 1.0		__DUMMY__ 0.9248707390001041 off 0.045406156509187494 neg 0.029723104490708408	false	1.0
terror	neg 1.0		__DUMMY__ 0.9329627272303747 off 0.035190993766160646 neg 0.03184627900346466	false	0.5
krass	neg 1.0		__DUMMY__ 0.9275782356244685 off 0.04009435671583218 neg 0.03232740765969923	false	0.5
revolte	neg 1.0		__DUMMY__ 0.9290671097076535 neg 0.035600024112683426 off 0.03533286617966307	false	1.0
besorgt	neg 1.0		__DUMMY__ 0.9359055001018565 neg 0.032201423305781476 off 0.031893076592362075	false	1.0
nachlassen	neg 1.0		__DUMMY__ 0.9341569903182008 neg 0.035645989076176325 off 0.03019702060562292	false	1.0
alt	neg 1.0		__DUMMY__ 0.9340680492204055 neg 0.03540864786121385 off 0.030523302918380603	false	1.0
hundesohn	off 1.0		__DUMMY__ 0.9234334403125134 off 0.044689909395460525 neg 0.03187665029202605	false	1.0
als			__DUMMY__ 0.9346537686354001 neg 0.0332386076545644 off 0.03210762371003548	false	0.0
abschreckung	neg 1.0		__DUMMY__ 0.9345432077820958 neg 0.036198454774045964 off 0.029258337443858303	false	1.0
unqualifiziert	neg 1.0		__DUMMY__ 0.9268958412885111 neg 0.036821504160989026 off 0.03628265455049991	false	1.0
abgewichst	off 1.0		__DUMMY__ 0.9334998893838613 neg 0.034367329050138624 off 0.032132781566000086	false	0.5
schwer	neg 1.0		__DUMMY__ 0.9324775142281149 neg 0.03404680525285098 off 0.03347568051903423	false	1.0
bedeutungslosigkeit	neg 1.0		__DUMMY__ 0.9333070738366448 neg 0.036766924369167744 off 0.029926001794187508	false	1.0
kapitulation	neg 1.0		__DUMMY__ 0.9308701440214288 neg 0.03808380900072643 off 0.031046046977844743	false	1.0
unscharf	neg 1.0		__DUMMY__ 0.9312189913400007 off 0.03462668373956911 neg 0.034154324920430065	false	0.5
schwinden	neg 1.0		__DUMMY__ 0.9334227048649175 neg 0.0368472710558404 off 0.02973002407924215	false	1.0
versklavung	neg 1.0		__DUMMY__ 0.9282656165077233 neg 0.037191248720623404 off 0.034543134771653314	false	1.0
schlecht	neg 1.0		__DUMMY__ 0.930723010338832 off 0.0379883012659709 neg 0.031288688395197085	false	0.5
verhasst	neg 1.0		__DUMMY__ 0.9310595395468784 neg 0.03449839606271211 off 0.03444206439040951	false	1.0
beschweren	neg 1.0		__DUMMY__ 0.9312496841932567 off 0.03495040512190917 neg 0.03379991068483412	false	0.5
scheiden	neg 1.0		__DUMMY__ 0.9372178164488608 off 0.033202525203171386 neg 0.02957965834796774	false	0.5
frustriert	neg 1.0		__DUMMY__ 0.9327806951646975 neg 0.034468572232740594 off 0.03275073260256184	false	1.0
schimmelig	neg 1.0		__DUMMY__ 0.9349563679698771 neg 0.03520532686406433 off 0.02983830516605854	false	1.0
fisch	neg 1.0		__DUMMY__ 0.9394110231605332 neg 0.03178551121936126 off 0.028803465620105675	false	1.0
schmuggel	neg 1.0		__DUMMY__ 0.9379463847542574 neg 0.03241506248158761 off 0.029638552764154946	false	1.0
auffallen	neg 1.0		__DUMMY__ 0.9312625950125254 off 0.035382950227885436 neg 0.033354454759589126	false	0.5
konkurrenz	neg 1.0	neg 1.0	neg 0.5034356361389432 __DUMMY__ 0.4700671103883135 off 0.026497253472743308	false	1.0
teufelskreis	neg 1.0		__DUMMY__ 0.9318915145665645 neg 0.034909026709701425 off 0.03319945872373405	false	1.0
aufschreien	neg 1.0		__DUMMY__ 0.9302819808936698 off 0.03535976961741458 neg 0.034358249488915714	false	0.5
schuldner	neg 1.0		__DUMMY__ 0.9343270795937945 neg 0.03577361254129022 off 0.029899307864915438	false	1.0
missgeburt	off 1.0	off 1.0	off 0.5078248005578205 __DUMMY__ 0.4634401846005151 neg 0.028735014841664314	false	1.0
arbeitslos	neg 1.0		__DUMMY__ 0.930588032496468 neg 0.03713846683988842 off 0.03227350066364352	false	1.0
befallen	neg 1.0		__DUMMY__ 0.9326391314130961 neg 0.03498212376181383 off 0.03237874482509004	false	1.0
miesepetrig	off 1.0	off 1.0	off 0.5041895956934503 __DUMMY__ 0.466915390789358 neg 0.02889501351719161	false	1.0
alarmieren	neg 1.0		__DUMMY__ 0.9284111046525261 off 0.03714984804020039 neg 0.03443904730727355	false	0.5
ungeduscht	off 1.0		__DUMMY__ 0.9318965007815937 off 0.035503615128929064 neg 0.03259988408947714	false	1.0
knappheit	neg 1.0		__DUMMY__ 0.9308735216557728 neg 0.03827857786811801 off 0.030847900476109205	false	1.0
schlange	neg 1.0		__DUMMY__ 0.934198554392616 off 0.03463992783905028 neg 0.03116151776833376	false	0.5
harsch	neg 1.0		__DUMMY__ 0.9293363278691652 off 0.040787601263711344 neg 0.029876070867123454	false	0.5
lang	neg 1.0		__DUMMY__ 0.9326368840261254 neg 0.033700052823925325 off 0.03366306314994927	false	1.0
ziellos	neg 1.0		__DUMMY__ 0.9345695902585323 neg 0.033766642897959845 off 0.031663766843507864	false	1.0
selbstverliebt	neg 1.0		__DUMMY__ 0.9216235449016652 off 0.04625032509042979 neg 0.03212613000790503	false	0.5
beseitigen	neg 1.0	neg 1.0	neg 0.4989100005292675 __DUMMY__ 0.4713713378718364 off 0.02971866159889606	false	1.0
dumm	off 1.0		__DUMMY__ 0.9257264730546723 off 0.04257684611013729 neg 0.03169668083519045	false	1.0
arbeitsloser	neg 1.0		__DUMMY__ 0.9331057812965888 neg 0.0352264249584382 off 0.03166779374497297	false	1.0
blitzen	neg 1.0		__DUMMY__ 0.9311267628331081 off 0.0358531804979136 neg 0.033020056668978295	false	0.5
hilflos	neg 1.0		__DUMMY__ 0.9331791279454476 neg 0.034504906019013626 off 0.032315966035538796	false	1.0
eklig	off 1.0		__DUMMY__ 0.9256750351781725 off 0.04295117949717621 neg 0.03137378532465139	false	1.0
begriff			__DUMMY__ 0.9312333918760465 neg 0.03602137421344083 off 0.032745233910512664	false	0.0
hungersnot	neg 1.0		__DUMMY__ 0.934190292287294 neg 0.03353969762905366 off 0.03227001008365231	false	1.0
ungesetzlich	neg 1.0		__DUMMY__ 0.9247597778244068 neg 0.03956611222963306 off 0.035674109945960215	false	1.0
verschwendung	neg 1.0		__DUMMY__ 0.9334182605210882 neg 0.03605817587644487 off 0.030523563602466917	false	1.0
schmerzvoll	neg 1.0		__DUMMY__ 0.9318259874832917 off 0.03483468616481815 neg 0.033339326351890165	false	0.5
vorzeitig	neg 1.0		__DUMMY__ 0.9329674136031156 off 0.03568156364525337 neg 0.03135102275163109	false	0.5
unvollkommenheit	neg 1.0		__DUMMY__ 0.9385758779489948 off 0.031400185236001917 neg 0.030023936815003264	false	0.5
intervenieren	neg 1.0		__DUMMY__ 0.9316024973394688 neg 0.037875615569085884 off 0.030521887091445366	false	1.0
banause	off 1.0		__DUMMY__ 0.923045457821956 off 0.04452878203128714 neg 0.03242576014675687	false	1.0
rebell	neg 1.0		__DUMMY__ 0.9362554379677248 neg 0.03615280746977463 off 0.027591754562500563	false	1.0
unlogisch	neg 1.0		__DUMMY__ 0.9280607384304624 off 0.039829474312919416 neg 0.03210978725661817	false	0.5
leiden	neg 1.0		__DUMMY__ 0.9396159075957138 neg 0.030898246772769703 off 0.029485845631516502	false	1.0
abschaffung	neg 1.0		__DUMMY__ 0.9291160873958304 neg 0.03692314466495236 off 0.0339607679392173	false	1.0
sturz	neg 1.0		__DUMMY__ 0.9332312656303049 neg 0.03339018995842274 off 0.03337854441127231	false	1.0
verkleinerung	neg 1.0		__DUMMY__ 0.9269327729701928 neg 0.03719664315524164 off 0.035870583874565494	false	1.0
schmarotzer	off 1.0		__DUMMY__ 0.9305231859998565 neg 0.037289307048613295 off 0.032187506951530144	false	0.5
bestrafung	neg 1.0		__DUMMY__ 0.9312314477626135 off 0.034690175203629464 neg 0.03407837703375699	false	0.5
achtlos	neg 1.0		__DUMMY__ 0.9335571350958459 off 0.03332808437653856 neg 0.033114780527615524	false	0.5
