unsolidarisch	neg 1.0		__DUMMY__ 0.8832882223657142 neg 0.06199204655242874 off 0.05471973108185705	false	1.0
nachteilig	neg 1.0		__DUMMY__ 0.8898198069620314 neg 0.05931353016078541 off 0.05086666287718307	false	1.0
skeptisch	neg 1.0		__DUMMY__ 0.8907059379403388 neg 0.058997961065905886 off 0.050296100993755366	false	1.0
schrecklich	neg 1.0		__DUMMY__ 0.8848584278519701 off 0.06311405075775688 neg 0.052027521390273015	false	0.5
schlapp	neg 1.0		__DUMMY__ 0.888114649702532 off 0.058755616315607606 neg 0.05312973398186041	false	0.5
abfall	neg 1.0		__DUMMY__ 0.892440789628429 neg 0.05971217925084313 off 0.04784703112072787	false	1.0
widerspenstig	neg 1.0		__DUMMY__ 0.8902751429045611 neg 0.055375423731988 off 0.05434943336345089	false	1.0
abrupt	neg 1.0		__DUMMY__ 0.8941021313244045 neg 0.05559705023823201 off 0.05030081843736343	false	1.0
unwirksam	neg 1.0		__DUMMY__ 0.8849670209255863 neg 0.06071497384306398 off 0.054318005231349685	false	1.0
angreifen	neg 1.0	neg 1.0	neg 0.5147533299354619 __DUMMY__ 0.44687547301550906 off 0.03837119704902905	false	1.0
inkonsistent	neg 1.0		__DUMMY__ 0.8903000953854848 off 0.05504067153266756 neg 0.05465923308184755	false	0.5
abrutschen	neg 1.0		__DUMMY__ 0.8923075198843566 neg 0.05951010417739231 off 0.0481823759382511	false	1.0
unsicher	neg 1.0		__DUMMY__ 0.8901381940339828 neg 0.05513665053104761 off 0.05472515543496968	false	1.0
bauernkind	off 1.0	off 1.0	off 0.5174564615424863 __DUMMY__ 0.43960699417271343 neg 0.042936544284800274	false	1.0
angreifer	neg 1.0		__DUMMY__ 0.8901769231652221 off 0.05576760639182417 neg 0.05405547044295371	false	0.5
trennen	neg 1.0		__DUMMY__ 0.89524160057235 neg 0.053918098553506585 off 0.05084030087414349	false	1.0
schmutz	neg 1.0		__DUMMY__ 0.8946560180597458 off 0.0556994663060384 neg 0.04964451563421574	false	0.5
inkonsistenz	neg 1.0		__DUMMY__ 0.883442721477686 off 0.058403688703862686 neg 0.058153589818451284	false	0.5
erschreckend	neg 1.0		__DUMMY__ 0.8884095991836968 neg 0.05779115654591899 off 0.05379924427038435	false	1.0
ertrinken	neg 1.0		__DUMMY__ 0.8933222853443722 neg 0.0551338154450642 off 0.0515438992105637	false	1.0
pickelface	off 1.0		__DUMMY__ 0.8900612220820925 neg 0.057178430541765905 off 0.052760347376141575	false	0.5
seiner			__DUMMY__ 0.8926026282399575 neg 0.056756951412171706 off 0.05064042034787079	false	0.0
lauch	neg 1.0		__DUMMY__ 0.8912670790357566 neg 0.06071751205025201 off 0.04801540891399136	false	1.0
unwichtig	neg 1.0		__DUMMY__ 0.8860563447182142 off 0.05894137938949759 neg 0.05500227589228824	false	0.5
steuerhinterziehung	neg 1.0		__DUMMY__ 0.8870998545606021 neg 0.059734152612539074 off 0.053165992826858834	false	1.0
schock	neg 1.0		__DUMMY__ 0.8930476440664763 off 0.053779095941817796 neg 0.053173259991706016	false	0.5
beule	neg 1.0		__DUMMY__ 0.8884613387084819 off 0.05892879134884054 neg 0.05260986994267755	false	0.5
vergelten	neg 1.0		__DUMMY__ 0.8890153343386255 off 0.06197051855555368 neg 0.0490141471058209	false	0.5
verdorbenheit	neg 1.0		__DUMMY__ 0.8908335045361638 neg 0.055459653154313907 off 0.05370684230952229	false	1.0
trauma	neg 1.0		__DUMMY__ 0.8890341863722413 off 0.055496345608359574 neg 0.055469468019399205	false	0.5
sinnlos	neg 1.0		__DUMMY__ 0.8896459309474539 off 0.056758434828939296 neg 0.053595634223606706	false	0.5
fettsack	off 1.0	off 1.0	off 0.5187502895604511 __DUMMY__ 0.4414428958873338 neg 0.03980681455221506	false	1.0
feige	off 1.0	off 1.0	off 0.515265524617349 __DUMMY__ 0.4425181530327609 neg 0.042216322349890104	false	1.0
abdanken	neg 1.0		__DUMMY__ 0.8874577743783353 neg 0.05843340397230072 off 0.054108821649363883	false	1.0
wichtigtuer	off 1.0	off 1.0	off 0.5132080051297351 __DUMMY__ 0.44402225353671004 neg 0.042769741333554843	false	1.0
misslingen	neg 1.0		__DUMMY__ 0.895425994831618 off 0.05515829287292708 neg 0.04941571229545499	false	0.5
untreu	off 1.0		__DUMMY__ 0.8851817681930512 off 0.06000116345432677 neg 0.05481706835262204	false	1.0
missmutig	neg 1.0		__DUMMY__ 0.8869076358852892 off 0.05883701032021766 neg 0.05425535379449306	false	0.5
hurenbock	off 1.0		__DUMMY__ 0.8909304986478956 off 0.05547051041528393 neg 0.0535989909368205	false	1.0
betrunken	neg 1.0		__DUMMY__ 0.8882753318790652 off 0.061046770019915056 neg 0.05067789810101972	false	0.5
korrupt	off 1.0		__DUMMY__ 0.8856086007791489 neg 0.06167918306857963 off 0.052712216152271514	false	0.5
unmut	neg 1.0		__DUMMY__ 0.8917747955932926 neg 0.06010699641044213 off 0.048118207996265164	false	1.0
hackfresse	off 1.0		__DUMMY__ 0.8814399316401113 off 0.06615411418544084 neg 0.052405954174447926	false	1.0
aufblasen	neg 1.0		__DUMMY__ 0.8909298388617204 off 0.05567058296385267 neg 0.05339957817442699	false	0.5
gewaltsam	neg 1.0		__DUMMY__ 0.8906025667812428 neg 0.05559743268205234 off 0.05380000053670477	false	1.0
unbeliebtheit	neg 1.0		__DUMMY__ 0.8799973868263158 neg 0.06141713031834083 off 0.05858548285534332	false	1.0
sturheit	neg 1.0		__DUMMY__ 0.8882233372296382 neg 0.05787595527811744 off 0.053900707492244425	false	1.0
kuh	neg 1.0		__DUMMY__ 0.8868381934138155 neg 0.0585875656188601 off 0.054574240967324376	false	1.0
erschrecken	neg 1.0		__DUMMY__ 0.8883571294638725 off 0.058266919142553365 neg 0.05337595139357426	false	0.5
opfer	neg 1.0		__DUMMY__ 0.8923648608225431 neg 0.05589326947023131 off 0.0517418697072256	false	1.0
sinken	neg 1.0		__DUMMY__ 0.8925461614636946 neg 0.05902699635034275 off 0.048426842185962646	false	1.0
stinktier	neg 1.0		__DUMMY__ 0.8825879925317577 off 0.06350367984051919 neg 0.053908327627723115	false	0.5
tucke	off 1.0		__DUMMY__ 0.8777112202703501 off 0.06644139997683184 neg 0.0558473797528181	false	1.0
ein			__DUMMY__ 0.8904777822009725 off 0.05498324507495666 neg 0.05453897272407081	false	0.0
abstieg	neg 1.0		__DUMMY__ 0.8941909939430387 neg 0.0549496757359745 off 0.050859330320986815	false	1.0
missverstehen	neg 1.0		__DUMMY__ 0.8867613209847702 off 0.05704110319619497 neg 0.05619757581903476	false	0.5
ergebnislos	neg 1.0		__DUMMY__ 0.8905837875138256 neg 0.05861906921370966 off 0.050797143272464776	false	1.0
unter			__DUMMY__ 0.8989075548878007 neg 0.05710450846138048 off 0.04398793665081868	false	0.0
manipulieren	neg 1.0		__DUMMY__ 0.89078552934324 neg 0.05880237488189401 off 0.0504120957748661	false	1.0
unbewiesen	neg 1.0		__DUMMY__ 0.8822478124639377 neg 0.06275423794720393 off 0.05499794958885838	false	1.0
verschleppen	neg 1.0		__DUMMY__ 0.8907004906843972 neg 0.05698812524036909 off 0.05231138407523374	false	1.0
weib	off 1.0		__DUMMY__ 0.8812929618708744 off 0.06611404362813245 neg 0.05259299450099316	false	1.0
opposition	neg 1.0		__DUMMY__ 0.8862969230564155 neg 0.057771868793468774 off 0.05593120815011575	false	1.0
verkehrswidrig	neg 1.0	neg 1.0	neg 0.5037311457625064 __DUMMY__ 0.44944356771051436 off 0.04682528652697914	false	1.0
inkorrekt	neg 1.0		__DUMMY__ 0.882264146184617 off 0.06125015074037832 neg 0.05648570307500475	false	0.5
vermeiden	neg 1.0		__DUMMY__ 0.8953147955393387 neg 0.05874010229772266 off 0.04594510216293864	false	1.0
abweichung	neg 1.0		__DUMMY__ 0.8899884895223694 neg 0.05889624073197514 off 0.051115269745655445	false	1.0
alkoholisiert	neg 1.0		__DUMMY__ 0.8981031332825362 neg 0.052221468779354754 off 0.04967539793810897	false	1.0
scheiss	off 1.0	off 1.0	off 0.5148765268156433 __DUMMY__ 0.4447230470770961 neg 0.04040042610726057	false	1.0
herausforderung	neg 1.0	neg 1.0	neg 0.5082420015089929 __DUMMY__ 0.45362648792701815 off 0.03813151056398904	false	1.0
pervers	off 1.0		__DUMMY__ 0.8799655989694891 off 0.0689509247400553 neg 0.05108347629045563	false	1.0
wackelig	neg 1.0		__DUMMY__ 0.8946800015725246 neg 0.0532073144269681 off 0.05211268400050725	false	1.0
verwickeln	neg 1.0		__DUMMY__ 0.8865961799227832 off 0.05697942518153447 neg 0.0564243948956824	false	0.5
vorwand	neg 1.0		__DUMMY__ 0.8918407817458844 neg 0.058461507454209506 off 0.04969771079990605	false	1.0
muschi	off 1.0		__DUMMY__ 0.8899114201784305 neg 0.05686834447239482 off 0.05322023534917475	false	0.5
entmutigung	neg 1.0		__DUMMY__ 0.8854826649570361 neg 0.058412276318753675 off 0.05610505872421026	false	1.0
unangemessen	neg 1.0		__DUMMY__ 0.8882724347622816 neg 0.05861992753024911 off 0.05310763770746935	false	1.0
unstetig	neg 1.0		__DUMMY__ 0.8914703380726343 off 0.055066926476840417 neg 0.05346273545052524	false	0.5
entmutigen	neg 1.0		__DUMMY__ 0.8887736365487674 off 0.05583437908754481 neg 0.05539198436368772	false	0.5
schwanz	neg 1.0		__DUMMY__ 0.8922207867383164 neg 0.057539984074723896 off 0.050239229186959715	false	1.0
verbot	neg 1.0		__DUMMY__ 0.8878276762539622 neg 0.05973899330954174 off 0.05243333043649604	false	1.0
leid	neg 1.0		__DUMMY__ 0.8850844247536239 off 0.0640460952767879 neg 0.05086947996958811	false	0.5
archaisch	neg 1.0		__DUMMY__ 0.8905207020178465 neg 0.056657739566604685 off 0.05282155841554884	false	1.0
gegen			__DUMMY__ 0.8936579995372854 neg 0.0571292321529221 off 0.04921276830979253	false	0.0
scheidung	neg 1.0		__DUMMY__ 0.8800761914943397 off 0.07223615717764097 neg 0.04768765132801929	false	0.5
einschlag	neg 1.0	neg 1.0	neg 0.5085328083955959 __DUMMY__ 0.44468067203382644 off 0.04678651957057767	false	1.0
m			__DUMMY__ 0.891949079595963 neg 0.055560744661319134 off 0.05249017574271778	false	0.0
abgestanden	neg 1.0		__DUMMY__ 0.8911456958378856 off 0.054527535137530274 neg 0.054326769024584165	false	0.5
schmierig	off 1.0		__DUMMY__ 0.8851814326580453 off 0.06361975381302996 neg 0.05119881352892476	false	1.0
unpraktisch	neg 1.0		__DUMMY__ 0.8915258698299412 off 0.05516840800166745 neg 0.05330572216839145	false	0.5
wixxer	off 1.0		__DUMMY__ 0.8791129957821411 off 0.06874297059352653 neg 0.05214403362433233	false	1.0
bezeichnet			__DUMMY__ 0.888526408652953 neg 0.057132112678099076 off 0.05434147866894802	false	0.0
jammerlappen	off 1.0		__DUMMY__ 0.8864517030286148 off 0.05907925876706402 neg 0.05446903820432125	false	1.0
farce	neg 1.0		__DUMMY__ 0.8863716629118905 neg 0.06054960391964227 off 0.05307873316846729	false	1.0
zwecklos	neg 1.0		__DUMMY__ 0.888655326491177 neg 0.058318016494137065 off 0.05302665701468593	false	1.0
turbulent	neg 1.0		__DUMMY__ 0.8861969144193287 off 0.05929959804677007 neg 0.05450348753390126	false	0.5
invasion	neg 1.0		__DUMMY__ 0.8891178712283939 off 0.056765692659284425 neg 0.05411643611232173	false	0.5
schuld	neg 1.0		__DUMMY__ 0.888411836272761 neg 0.05605410590345624 off 0.055534057823782866	false	1.0
risiko	neg 1.0		__DUMMY__ 0.8917257503029079 off 0.054787697640194546 neg 0.053486552056897556	false	0.5
finster	neg 1.0		__DUMMY__ 0.8904142194145485 off 0.054912723313536145 neg 0.0546730572719153	false	0.5
geisteskrank	off 1.0		__DUMMY__ 0.8841767251608581 off 0.06067865941934151 neg 0.05514461541980039	false	1.0
zusammenbrechen	neg 1.0		__DUMMY__ 0.891129004618772 neg 0.05545817361634437 off 0.05341282176488363	false	1.0
ausbeute	neg 1.0		__DUMMY__ 0.8951376738447345 neg 0.05487739976881336 off 0.04998492638645219	false	1.0
hinterhalt	neg 1.0		__DUMMY__ 0.8931427045153864 neg 0.05422484435612714 off 0.0526324511284865	false	1.0
kritik	neg 1.0		__DUMMY__ 0.8871692326844416 neg 0.059865245781251145 off 0.05296552153430723	false	1.0
einschrumpfen	neg 1.0		__DUMMY__ 0.8846606799888659 neg 0.05804970537467008 off 0.057289614636463974	false	1.0
riskant	neg 1.0		__DUMMY__ 0.8899888399773279 neg 0.05849660596944155 off 0.0515145540532305	false	1.0
frustrieren	neg 1.0		__DUMMY__ 0.890584409729096 neg 0.057777874930615016 off 0.05163771534028881	false	1.0
groll	neg 1.0		__DUMMY__ 0.8903053898252035 neg 0.05690759432091195 off 0.05278701585388466	false	1.0
gibt			__DUMMY__ 0.8896292381955677 neg 0.0572189407416533 off 0.053151821062778985	false	0.0
qualvoll	neg 1.0		__DUMMY__ 0.889859714192082 off 0.05750514150049206 neg 0.05263514430742597	false	0.5
wackeln	neg 1.0	neg 1.0	neg 0.5097045169008211 __DUMMY__ 0.44852732664131806 off 0.04176815645786087	false	1.0
klagen	neg 1.0		__DUMMY__ 0.8922811198519126 neg 0.05917953572821091 off 0.048539344419876444	false	1.0
bankrott	neg 1.0		__DUMMY__ 0.8881691915446365 off 0.057899901879966166 neg 0.053930906575397376	false	0.5
trauern	neg 1.0		__DUMMY__ 0.8929260763129028 neg 0.05561648438658262 off 0.05145743930051461	false	1.0
ablehnung	neg 1.0		__DUMMY__ 0.887271959033874 neg 0.05966916882645658 off 0.05305887213966949	false	1.0
stur	neg 1.0		__DUMMY__ 0.8873252537134813 neg 0.056631889448173045 off 0.056042856838345805	false	1.0
aufruhr	neg 1.0		__DUMMY__ 0.890319800455938 neg 0.055883206879145664 off 0.05379699266491647	false	1.0
melancholie	neg 1.0		__DUMMY__ 0.8922056935337226 neg 0.05578242662871487 off 0.05201187983756251	false	1.0
ist			__DUMMY__ 0.8883843198433519 off 0.056207533783927795 neg 0.05540814637272031	false	0.0
torheit	neg 1.0		__DUMMY__ 0.8869839190482538 neg 0.05753529977552296 off 0.05548078117622326	false	1.0
dreckskind	off 1.0		__DUMMY__ 0.8812855839438584 off 0.06478244178811085 neg 0.0539319742680308	false	1.0
umtauschen	neg 1.0		__DUMMY__ 0.8902489391501848 neg 0.05603283243758663 off 0.053718228412228675	false	1.0
zum			__DUMMY__ 0.8995901555842534 neg 0.05440651353347326 off 0.04600333088227341	false	0.0
zersetzen	neg 1.0		__DUMMY__ 0.8896123800546659 neg 0.06009674844896387 off 0.05029087149637019	false	1.0
zur			__DUMMY__ 0.8962718733186217 neg 0.05806380695264128 off 0.04566431972873707	false	0.0
frust	neg 1.0		__DUMMY__ 0.8906789194016324 neg 0.05601047517613792 off 0.05331060542222985	false	1.0
unerbittlichkeit	neg 1.0		__DUMMY__ 0.8902069926447829 neg 0.05939191710700884 off 0.050401090248208276	false	1.0
zwei			__DUMMY__ 0.8971415491689139 neg 0.05493444831584309 off 0.047924002515243	false	0.0
unkorrekt	neg 1.0		__DUMMY__ 0.8811615056044136 off 0.06160864050461202 neg 0.0572298538909743	false	0.5
hexe	off 1.0		__DUMMY__ 0.8865182352133949 off 0.05930759117523072 neg 0.05417417361137443	false	1.0
lasch	neg 1.0		__DUMMY__ 0.8847641837874408 off 0.058066837043077586 neg 0.05716897916948159	false	0.5
rivale	neg 1.0		__DUMMY__ 0.8866478933815632 off 0.06128920524121988 neg 0.05206290137721687	false	0.5
mutlos	off 1.0	off 1.0	off 0.5091028228689796 __DUMMY__ 0.4451603991458346 neg 0.04573677798518592	false	1.0
wirr	off 1.0		__DUMMY__ 0.8814481744607937 off 0.06174293138062775 neg 0.05680889415857861	false	1.0
jahr			__DUMMY__ 0.8958144707318529 neg 0.054745366407644866 off 0.04944016286050215	false	0.0
wird			__DUMMY__ 0.890905175091616 neg 0.05727320964653865 off 0.051821615261845436	false	0.0
strafbar	neg 1.0		__DUMMY__ 0.8894000324576861 neg 0.05892451919424603 off 0.0516754483480679	false	1.0
erosion	neg 1.0		__DUMMY__ 0.8910784216744995 off 0.055007165917808125 neg 0.053914412407692486	false	0.5
eingehen	neg 1.0		__DUMMY__ 0.8882491880509843 neg 0.05931042057684205 off 0.05244039137217356	false	1.0
faul	off 1.0		__DUMMY__ 0.8890465696371518 off 0.05801677456115666 neg 0.052936655801691566	false	1.0
provisorium	neg 1.0		__DUMMY__ 0.8976707047103736 neg 0.05868965418357991 off 0.04363964110604646	false	1.0
schmerzen	neg 1.0		__DUMMY__ 0.8905100387549009 neg 0.05539969811656013 off 0.054090263128539054	false	1.0
schrumpfen	neg 1.0		__DUMMY__ 0.8924160775969183 neg 0.06151813173929727 off 0.04606579066378445	false	1.0
geistlos	off 1.0		__DUMMY__ 0.8828207377143626 neg 0.05998305590162495 off 0.05719620638401232	false	0.5
fehlkauf	neg 1.0		__DUMMY__ 0.8882953821090227 off 0.05617446013244245 neg 0.05553015775853476	false	0.5
frustrierend	neg 1.0		__DUMMY__ 0.889035337321723 off 0.058191818965483 neg 0.05277284371279401	false	0.5
unzufrieden	neg 1.0		__DUMMY__ 0.8883294114387825 neg 0.05875433863548979 off 0.05291624992572766	false	1.0
verzweifeln	neg 1.0		__DUMMY__ 0.8897050241157414 neg 0.05600934471275506 off 0.05428563117150356	false	1.0
verzweifelt	neg 1.0		__DUMMY__ 0.8880526410227874 off 0.056099381310547626 neg 0.055847977666665015	false	0.5
misstrauensantrag	neg 1.0		__DUMMY__ 0.8870105936277229 neg 0.05650563554675794 off 0.056483770825519045	false	1.0
abfallen	neg 1.0		__DUMMY__ 0.8917213936547979 off 0.05543650651810678 neg 0.05284209982709531	false	0.5
fucker	off 1.0		__DUMMY__ 0.884524915119313 off 0.06107171067406208 neg 0.05440337420662495	false	1.0
ungezogen	neg 1.0		__DUMMY__ 0.8822560620394124 off 0.06739314551732577 neg 0.05035079244326177	false	0.5
irrsinnig	neg 1.0	neg 1.0	neg 0.513175067556803 __DUMMY__ 0.4445522027266897 off 0.04227272971650731	false	1.0
unfassbar	neg 1.0		__DUMMY__ 0.8855857718780613 off 0.05966944327930641 neg 0.05474478484263219	false	0.5
hart	neg 1.0		__DUMMY__ 0.8880787045742534 off 0.05747480920522892 neg 0.05444648622051758	false	0.5
widerlich	off 1.0		__DUMMY__ 0.8842189141326108 off 0.060537404840738246 neg 0.055243681026650844	false	1.0
fatal	neg 1.0		__DUMMY__ 0.8880855891792514 off 0.056489406641115084 neg 0.055425004179633516	false	0.5
bruch	neg 1.0		__DUMMY__ 0.8911998025130725 neg 0.06007692445194323 off 0.04872327303498426	false	1.0
aushungern	neg 1.0		__DUMMY__ 0.8872337149241829 neg 0.05882106244238477 off 0.053945222633432294	false	1.0
anspannung	neg 1.0	neg 1.0	neg 0.5103798258962349 __DUMMY__ 0.4544270689574991 off 0.03519310514626597	false	1.0
von			__DUMMY__ 0.895642690289976 neg 0.05549620224879544 off 0.048861107461228626	false	0.0
kraftlos	neg 1.0		__DUMMY__ 0.8934521891196082 neg 0.05387235844251932 off 0.05267545243787249	false	1.0
vom			__DUMMY__ 0.8992687515395272 neg 0.05663154266424071 off 0.04409970579623206	false	0.0
grenzdebil	off 1.0		__DUMMY__ 0.8859654665869515 off 0.060516375199197676 neg 0.05351815821385079	false	1.0
vor			__DUMMY__ 0.8932978021104016 neg 0.057078221312219034 off 0.04962397657737945	false	0.0
unterwerfen	neg 1.0		__DUMMY__ 0.8908967248175782 neg 0.057668948037832006 off 0.05143432714458975	false	1.0
versenkung	neg 1.0		__DUMMY__ 0.890678551663105 neg 0.05806338359155874 off 0.051258064745336424	false	1.0
entziehen	neg 1.0		__DUMMY__ 0.8918837988893179 neg 0.059019942160479934 off 0.04909625895020219	false	1.0
finanzkrise	neg 1.0		__DUMMY__ 0.8868284789039649 neg 0.05946027002383249 off 0.05371125107220266	false	1.0
schimpfend	neg 1.0		__DUMMY__ 0.8920671815366311 off 0.05507221725475392 neg 0.052860601208614896	false	0.5
profan	neg 1.0		__DUMMY__ 0.8877846228107317 off 0.05716550613502161 neg 0.05504987105424677	false	0.5
korruption	neg 1.0	neg 1.0	neg 0.5154695118836345 __DUMMY__ 0.44486862876310934 off 0.03966185935325605	false	1.0
â			__DUMMY__ 0.8920812794263723 neg 0.056382738071882016 off 0.05153598250174579	false	0.0
schmutzig	neg 1.0		__DUMMY__ 0.8876163671038355 off 0.05999019723630017 neg 0.05239343565986426	false	0.5
sexy	neg 1.0		__DUMMY__ 0.8880233642189347 off 0.05775807946430071 neg 0.05421855631676453	false	0.5
abraten	neg 1.0		__DUMMY__ 0.888775437335404 off 0.05621678073318568 neg 0.055007781931410295	false	0.5
schwarz	neg 1.0		__DUMMY__ 0.8878636717017813 neg 0.05621949691491009 off 0.055916831383308725	false	1.0
fotze	off 1.0		__DUMMY__ 0.8908591370816635 neg 0.05786786878810191 off 0.051272994130234485	false	0.5
verwirren	neg 1.0		__DUMMY__ 0.8878016064644396 off 0.05742789328402172 neg 0.05477050025153867	false	0.5
zahnlos	off 1.0		__DUMMY__ 0.8885212854608263 neg 0.05851913554060907 off 0.052959578998564606	false	0.5
verheeren	neg 1.0		__DUMMY__ 0.8840657242143571 off 0.068459241222979 neg 0.04747503456266384	false	0.5
hippie	neg 1.0		__DUMMY__ 0.8877205844046607 off 0.05737729280737727 neg 0.054902122787961964	false	0.5
rammen	neg 1.0		__DUMMY__ 0.8887000418598459 neg 0.05646810098924523 off 0.05483185715090896	false	1.0
unlauter	neg 1.0		__DUMMY__ 0.8832398241935671 neg 0.06168884424339109 off 0.05507133156304184	false	1.0
unheilvoll	neg 1.0		__DUMMY__ 0.8917761516477504 off 0.05641366475491956 neg 0.05181018359733006	false	0.5
niedrig	neg 1.0		__DUMMY__ 0.8927255314856434 neg 0.05696261265212648 off 0.05031185586223007	false	1.0
explosion	neg 1.0		__DUMMY__ 0.8872185506351319 off 0.056771497606938164 neg 0.056009951757929964	false	0.5
weichei	off 1.0		__DUMMY__ 0.8826853475323255 off 0.0647703733847478 neg 0.052544279082926616	false	1.0
minusmensch	off 1.0		__DUMMY__ 0.8768124618706089 off 0.06850178108168678 neg 0.054685757047704335	false	1.0
farblos	neg 1.0		__DUMMY__ 0.8963444609461528 off 0.05317253360888725 neg 0.050483005444959865	false	0.5
unwissend	neg 1.0	neg 1.0	neg 0.5120739850597181 __DUMMY__ 0.44285129891168457 off 0.04507471602859738	false	1.0
traurig	neg 1.0		__DUMMY__ 0.8856970135551535 off 0.062210387065248444 neg 0.05209259937959807	false	0.5
senkung	neg 1.0		__DUMMY__ 0.8849305672479435 neg 0.058149341868025055 off 0.05692009088403141	false	1.0
ungleich	neg 1.0	neg 1.0	neg 0.516050483451788 __DUMMY__ 0.4451853862906863 off 0.03876413025752575	false	1.0
heikel	neg 1.0		__DUMMY__ 0.8899130490085065 neg 0.0596724754653547 off 0.05041447552613879	false	1.0
drosselung	neg 1.0		__DUMMY__ 0.887512559572312 off 0.05990991734374426 neg 0.052577523083943666	false	0.5
falsch	neg 1.0		__DUMMY__ 0.8876962131434724 off 0.05837791799282836 neg 0.05392586886369918	false	0.5
unzufriedenheit	neg 1.0		__DUMMY__ 0.8906906011428743 neg 0.05932360360682876 off 0.049985795250296866	false	1.0
kurz	neg 1.0		__DUMMY__ 0.8923408292687488 neg 0.05468907749749414 off 0.05297009323375702	false	1.0
unsinnig	neg 1.0		__DUMMY__ 0.8872393153199377 neg 0.059409718622590854 off 0.05335096605747146	false	1.0
penner	off 1.0	off 1.0	off 0.5205800182834638 __DUMMY__ 0.44018930140659995 neg 0.03923068030993619	false	1.0
seicht	neg 1.0		__DUMMY__ 0.8789775046083385 off 0.06755766191972774 neg 0.053464833471933794	false	0.5
dummheit	off 1.0	off 1.0	off 0.5134338713921011 __DUMMY__ 0.4435839478021742 neg 0.042982180805724766	false	1.0
unerfreulich	neg 1.0		__DUMMY__ 0.8921097102537887 neg 0.058442920629195705 off 0.04944736911701566	false	1.0
motherfucker	off 1.0	off 1.0	off 0.5163689300550572 __DUMMY__ 0.4419091420390113 neg 0.041721927905931516	false	1.0
pikiert	neg 1.0		__DUMMY__ 0.884462270869618 off 0.05957153700077824 neg 0.055966192129603694	false	0.5
wrack	neg 1.0		__DUMMY__ 0.8956177161461265 neg 0.05371480034167424 off 0.05066748351219927	false	1.0
gangster	neg 1.0		__DUMMY__ 0.8884552486311499 off 0.0569751700362008 neg 0.05456958133264929	false	0.5
krank	neg 1.0		__DUMMY__ 0.887638529341199 off 0.06052294490161488 neg 0.05183852575718608	false	0.5
reich	neg 1.0		__DUMMY__ 0.8860753191822888 off 0.05828922246308691 neg 0.055635458354624266	false	0.5
gnadenlos	neg 1.0		__DUMMY__ 0.8889910112430476 off 0.055557331357253825 neg 0.05545165739969855	false	0.5
niedergeschlagen	neg 1.0		__DUMMY__ 0.8926287220280885 neg 0.05398482197726045 off 0.0533864559946511	false	1.0
terrorisieren	off 1.0	off 1.0	off 0.5093606678236738 __DUMMY__ 0.4477648397120738 neg 0.042874492464252394	false	1.0
sinnlosigkeit	neg 1.0		__DUMMY__ 0.8890833790549341 neg 0.05791427228875998 off 0.05300234865630587	false	1.0
behindern	neg 1.0		__DUMMY__ 0.8883998691680726 neg 0.05782149486660688 off 0.0537786359653206	false	1.0
undemokratisch	neg 1.0		__DUMMY__ 0.8855707991313827 neg 0.058831240856373965 off 0.0555979600122434	false	1.0
wirtschaftskrise	neg 1.0		__DUMMY__ 0.8887738710154706 neg 0.05945563926335838 off 0.051770489721170945	false	1.0
neid	neg 1.0		__DUMMY__ 0.8903114851945867 off 0.05873017739132233 neg 0.05095833741409088	false	0.5
rutschen	neg 1.0	neg 1.0	neg 0.5108146347076398 __DUMMY__ 0.4529077398677616 off 0.03627762542459862	false	1.0
rezession	neg 1.0		__DUMMY__ 0.8822500370812979 off 0.06309524948153222 neg 0.05465471343716984	false	0.5
fehlgeburt	neg 1.0		__DUMMY__ 0.8917780111108011 off 0.05622122153305025 neg 0.05200076735614872	false	0.5
charakterschwach	off 1.0		__DUMMY__ 0.8860785750156048 off 0.06031450122400158 neg 0.0536069237603937	false	1.0
isolation	neg 1.0		__DUMMY__ 0.8885878064915864 off 0.05806168319070188 neg 0.053350510317711576	false	0.5
ablenkung	neg 1.0		__DUMMY__ 0.8898441893734301 neg 0.0552657613204557 off 0.054890049306114165	false	1.0
pech	neg 1.0		__DUMMY__ 0.8884026233905461 off 0.05765356975527736 neg 0.053943806854176615	false	0.5
vermeidung	neg 1.0		__DUMMY__ 0.8841178607135601 off 0.06020732649933221 neg 0.05567481278710766	false	0.5
dominieren	neg 1.0		__DUMMY__ 0.8937200766977921 neg 0.05477044448713434 off 0.05150947881507369	false	1.0
schwindlig	neg 1.0		__DUMMY__ 0.892781413464418 off 0.05641011874961803 neg 0.05080846778596393	false	0.5
lutscher	neg 1.0		__DUMMY__ 0.8791254093675049 off 0.06795512064399065 neg 0.052919469988504435	false	0.5
pflicht	neg 1.0		__DUMMY__ 0.8900014261844819 neg 0.059575951132662314 off 0.05042262268285586	false	1.0
faschist	off 1.0		__DUMMY__ 0.8846559944492969 neg 0.05781820549042497 off 0.05752580006027818	false	0.5
verschleudern	neg 1.0		__DUMMY__ 0.8853724724525207 neg 0.06357809395666747 off 0.05104943359081195	false	1.0
wenn			__DUMMY__ 0.8873284614804257 off 0.05859469809441657 neg 0.05407684042515774	false	0.0
ehebruch	neg 1.0		__DUMMY__ 0.8901987813074342 neg 0.057797837693661806 off 0.052003380998903975	false	1.0
spott	off 1.0		__DUMMY__ 0.8887719612548929 neg 0.05968439202895846 off 0.05154364671614868	false	0.5
trostlosigkeit	neg 1.0		__DUMMY__ 0.8933432385085502 neg 0.05741926468351199 off 0.049237496807937674	false	1.0
lutschen	neg 1.0		__DUMMY__ 0.8867274608491142 off 0.05683561937609537 neg 0.0564369197747904	false	0.5
undiszipliniert	neg 1.0		__DUMMY__ 0.8867795462783082 off 0.061407860845683546 neg 0.05181259287600814	false	0.5
kopfschmerz	neg 1.0		__DUMMY__ 0.8926099738940445 neg 0.054539819060957215 off 0.052850207044998224	false	1.0
unvorhergesehen	neg 1.0		__DUMMY__ 0.8954482062106046 neg 0.053697059020355264 off 0.05085473476904008	false	1.0
desinteressiert	neg 1.0		__DUMMY__ 0.8847427978035965 off 0.06137098500779131 neg 0.053886217188612105	false	0.5
armselig	off 1.0		__DUMMY__ 0.8821671066446581 off 0.06234017549965387 neg 0.0554927178556879	false	1.0
desaster	neg 1.0		__DUMMY__ 0.8913115185881534 neg 0.060396464676596484 off 0.04829201673525003	false	1.0
tod	neg 1.0		__DUMMY__ 0.8954273983469836 neg 0.05305110932144553 off 0.05152149233157093	false	1.0
herzlos	neg 1.0		__DUMMY__ 0.8838730265013224 off 0.062681062165062 neg 0.053445911333615606	false	0.5
unwissenheit	neg 1.0		__DUMMY__ 0.8868846230089317 neg 0.06029647575708472 off 0.05281890123398372	false	1.0
widersinnig	neg 1.0	neg 1.0	neg 0.516753937322057 __DUMMY__ 0.44282501732943563 off 0.04042104534850741	false	1.0
bedenklich	neg 1.0		__DUMMY__ 0.8890446904529576 neg 0.05923143112814815 off 0.05172387841889419	false	1.0
beanstanden	neg 1.0		__DUMMY__ 0.8910595933677342 neg 0.05912222475626419 off 0.04981818187600165	false	1.0
panisch	neg 1.0	neg 1.0	neg 0.507927754153355 __DUMMY__ 0.44898963339037 off 0.043082612456274864	false	1.0
debil	off 1.0		__DUMMY__ 0.8952658868944595 neg 0.0596682098399376 off 0.04506590326560287	false	0.5
abstrich	neg 1.0		__DUMMY__ 0.8905822766906181 neg 0.05843145797919996 off 0.05098626533018197	false	1.0
primitiv	neg 1.0		__DUMMY__ 0.884384894494449 off 0.06094898037327384 neg 0.05466612513227707	false	0.5
abschaum	off 1.0	off 1.0	off 0.5149396463603209 __DUMMY__ 0.4432687977837362 neg 0.041791555855942984	false	1.0
provozieren	neg 1.0		__DUMMY__ 0.8878686693033994 neg 0.056731711511457096 off 0.055399619185143516	false	1.0
tot	neg 1.0		__DUMMY__ 0.8908201682077581 neg 0.05842541860387766 off 0.050754413188364156	false	1.0
instabil	neg 1.0		__DUMMY__ 0.8821886588720523 off 0.060649402515744896 neg 0.05716193861220266	false	0.5
schwuchtel	off 1.0		__DUMMY__ 0.8764041116866194 off 0.07225978323502161 neg 0.05133610507835903	false	1.0
zerren	neg 1.0		__DUMMY__ 0.8923960045494589 neg 0.05399871177305144 off 0.05360528367748969	false	1.0
kinderficker	off 1.0		__DUMMY__ 0.8801421169867055 off 0.06455846794742298 neg 0.055299415065871584	false	1.0
gefahr	neg 1.0		__DUMMY__ 0.8918496536634886 neg 0.05804678304973261 off 0.050103563286778806	false	1.0
rabiat	neg 1.0		__DUMMY__ 0.8879260010962345 neg 0.05728387508953649 off 0.05479012381422904	false	1.0
verlangsamung	neg 1.0		__DUMMY__ 0.8824621788772451 off 0.06611739894614212 neg 0.0514204221766128	false	0.5
ausgestorben	neg 1.0		__DUMMY__ 0.8914134051856513 neg 0.05443524950064033 off 0.05415134531370842	false	1.0
anklagen	neg 1.0		__DUMMY__ 0.8889835502498495 neg 0.057758060396081785 off 0.05325838935406862	false	1.0
trott	neg 1.0		__DUMMY__ 0.8904701394844418 neg 0.05553159703314948 off 0.05399826348240884	false	1.0
verminderung	neg 1.0		__DUMMY__ 0.8846160863001337 off 0.06089786116275191 neg 0.05448605253711443	false	0.5
nach			__DUMMY__ 0.9003222848478283 neg 0.05321325123081895 off 0.0464644639213527	false	0.0
rost	neg 1.0		__DUMMY__ 0.8845304741299749 off 0.06477891638798565 neg 0.05069060948203956	false	0.5
destruktiv	neg 1.0		__DUMMY__ 0.8863716392685704 neg 0.059189506983632144 off 0.054438853747797396	false	1.0
unzumutbarkeit	neg 1.0		__DUMMY__ 0.888619388843046 off 0.0586874066955344 neg 0.052693204461419486	false	0.5
labil	off 1.0	off 1.0	off 0.5148874271884519 __DUMMY__ 0.4432428770969826 neg 0.04186969571456557	false	1.0
ziemlich	neg 1.0		__DUMMY__ 0.8873348161238148 off 0.059990923874793774 neg 0.052674260001391346	false	0.5
lachnummer	off 1.0		__DUMMY__ 0.8875856233650328 neg 0.05767562670171532 off 0.05473874993325203	false	0.5
oder			__DUMMY__ 0.8910313520094314 off 0.05469366690174667 neg 0.05427498108882202	false	0.0
verfall	neg 1.0		__DUMMY__ 0.8933168142124613 neg 0.06058477814964615 off 0.046098407637892545	false	1.0
ausgrenzung	neg 1.0		__DUMMY__ 0.8861550498844696 neg 0.05759415227495166 off 0.05625079784057871	false	1.0
unordnung	neg 1.0		__DUMMY__ 0.8893929910102362 off 0.05935741468097751 neg 0.051249594308786395	false	0.5
fehlverhalten	neg 1.0		__DUMMY__ 0.8902166706090213 neg 0.059060544145298204 off 0.050722785245680455	false	1.0
eine			__DUMMY__ 0.8917386882930768 neg 0.05841075925607942 off 0.04985055245084378	false	0.0
nille	neg 1.0		__DUMMY__ 0.8899749430789137 neg 0.05633287795602542 off 0.0536921789650609	false	1.0
qual	neg 1.0		__DUMMY__ 0.8902997221339543 neg 0.05583739122364312 off 0.0538628866424026	false	1.0
verschwenden	neg 1.0		__DUMMY__ 0.889304847985021 neg 0.05868712217688272 off 0.05200802983809639	false	1.0
riesig	neg 1.0	neg 1.0	neg 0.5106128098265869 __DUMMY__ 0.45037016714548467 off 0.03901702302792846	false	1.0
verurteilen	neg 1.0		__DUMMY__ 0.8891711270685572 neg 0.0579025259747167 off 0.052926346956726086	false	1.0
klischee	neg 1.0	neg 1.0	neg 0.5131132650782156 __DUMMY__ 0.44282851722428745 off 0.044058217697496745	false	1.0
diktatorisch	neg 1.0		__DUMMY__ 0.8845107216829526 neg 0.05933546589055465 off 0.05615381242649273	false	1.0
vorhersehbar	neg 1.0	neg 1.0	neg 0.5127431266442659 __DUMMY__ 0.44362605095036567 off 0.04363082240536846	false	1.0
sowie			__DUMMY__ 0.882838260168017 off 0.06442654190585244 neg 0.05273519792613051	false	0.0
stornieren	neg 1.0		__DUMMY__ 0.8952963750442138 off 0.05508890283640487 neg 0.0496147221193813	false	0.5
besteuerung	neg 1.0		__DUMMY__ 0.8850312069816503 neg 0.059985568789751934 off 0.05498322422859785	false	1.0
ungeschminkt	neg 1.0		__DUMMY__ 0.8847206988153428 off 0.05989415534280577 neg 0.0553851458418514	false	0.5
kritisch	neg 1.0		__DUMMY__ 0.8891926924904544 neg 0.05918753326820444 off 0.05161977424134118	false	1.0
schlamperei	off 1.0		__DUMMY__ 0.8892238146498657 neg 0.06012045143870381 off 0.050655733911430516	false	0.5
sucht	neg 1.0	neg 1.0	neg 0.5103088433738592 __DUMMY__ 0.44865705535066663 off 0.04103410127547412	false	1.0
egoistisch	off 1.0		__DUMMY__ 0.8835054553497547 off 0.06487120512823086 neg 0.051623339522014484	false	1.0
ausbeuter	off 1.0		__DUMMY__ 0.8888271562556106 neg 0.060582874496232196 off 0.05058996924815714	false	0.5
arschgeburt	off 1.0		__DUMMY__ 0.8754451814949628 off 0.07253098557583167 neg 0.05202383292920554	false	1.0
schubs	neg 1.0	neg 1.0	neg 0.5111121438418932 __DUMMY__ 0.4493545666201828 off 0.039533289537923864	false	1.0
unsolide	neg 1.0		__DUMMY__ 0.880885678882227 neg 0.06262832983352355 off 0.05648599128424941	false	1.0
beschwerde	neg 1.0		__DUMMY__ 0.8891378238540374 neg 0.06011833650528606 off 0.05074383964067652	false	1.0
stocken	neg 1.0		__DUMMY__ 0.8905141145101669 neg 0.05821186138203836 off 0.05127402410779474	false	1.0
isolieren	neg 1.0		__DUMMY__ 0.8888284069502347 neg 0.058907208883609403 off 0.05226438416615601	false	1.0
unheilbar	neg 1.0		__DUMMY__ 0.8919218424192032 off 0.05524296010895056 neg 0.052835197471846215	false	0.5
pisser	off 1.0		__DUMMY__ 0.8859718784566246 off 0.0611396985970956 neg 0.05288842294627979	false	1.0
löschen	neg 1.0		__DUMMY__ 0.8895296394829475 neg 0.05598596619485642 off 0.054484394322196095	false	1.0
durchfallen	neg 1.0		__DUMMY__ 0.8874727624410268 neg 0.059802774061295534 off 0.05272446349767763	false	1.0
wichser	off 1.0		__DUMMY__ 0.8807579302760759 off 0.06913611832415863 neg 0.050105951399765536	false	1.0
terror	neg 1.0		__DUMMY__ 0.8902194162659346 off 0.05684288014857859 neg 0.05293770358548684	false	0.5
krass	neg 1.0		__DUMMY__ 0.8838588352451855 off 0.06281049145776624 neg 0.05333067329704837	false	0.5
revolte	neg 1.0		__DUMMY__ 0.8857466189578383 neg 0.05754011921038651 off 0.05671326183177513	false	1.0
besorgt	neg 1.0		__DUMMY__ 0.8937067225230225 neg 0.05354451313552381 off 0.05274876434145366	false	1.0
nachlassen	neg 1.0		__DUMMY__ 0.8916598840357396 neg 0.05766348240665244 off 0.05067663355760795	false	1.0
alt	neg 1.0		__DUMMY__ 0.8914143472160945 neg 0.057338907028588 off 0.051246745755317444	false	1.0
hundesohn	off 1.0		__DUMMY__ 0.8791615607549492 off 0.06803781486317965 neg 0.0528006243818711	false	1.0
als			__DUMMY__ 0.8922460577416564 neg 0.05477113042880391 off 0.05298281182953975	false	0.0
abschreckung	neg 1.0		__DUMMY__ 0.8920702477661021 neg 0.05853644313212168 off 0.0493933091017762	false	1.0
unqualifiziert	neg 1.0		__DUMMY__ 0.8831927475925708 neg 0.0589479442920031 off 0.05785930811542614	false	1.0
abgewichst	off 1.0		__DUMMY__ 0.8908623547427604 neg 0.056121944109545255 off 0.05301570114769433	false	0.5
schwer	neg 1.0		__DUMMY__ 0.8897677352575777 neg 0.05563013988508935 off 0.05460212485733295	false	1.0
bedeutungslosigkeit	neg 1.0		__DUMMY__ 0.8906654361775472 neg 0.05914182683261096 off 0.05019273698984189	false	1.0
kapitulation	neg 1.0		__DUMMY__ 0.8878211975898719 neg 0.06069276674369477 off 0.05148603566643333	false	1.0
unscharf	neg 1.0		__DUMMY__ 0.8881054733701542 off 0.05624933602493709 neg 0.05564519060490869	false	0.5
schwinden	neg 1.0		__DUMMY__ 0.8908348462753869 neg 0.05919724647139008 off 0.04996790725322295	false	1.0
versklavung	neg 1.0		__DUMMY__ 0.8848126288789065 neg 0.05947430925025244 off 0.05571306187084108	false	1.0
schlecht	neg 1.0		__DUMMY__ 0.8876307303791537 off 0.06014642304748583 neg 0.052222846573360474	false	0.5
verhasst	neg 1.0		__DUMMY__ 0.8880311950461004 neg 0.05622121482051798 off 0.055747590133381666	false	1.0
beschweren	neg 1.0		__DUMMY__ 0.8882877847740991 off 0.056397739202024004 neg 0.05531447602387697	false	0.5
scheiden	neg 1.0		__DUMMY__ 0.8950998152882549 off 0.05452072107609997 neg 0.05037946363564516	false	0.5
frustriert	neg 1.0		__DUMMY__ 0.8900948776048283 neg 0.05619967798404753 off 0.0537054444111242	false	1.0
schimmelig	neg 1.0		__DUMMY__ 0.8924112428534806 neg 0.05708716225803929 off 0.05050159488848004	false	1.0
fisch	neg 1.0		__DUMMY__ 0.8975127362312684 neg 0.053157248896141526 off 0.04933001487259012	false	1.0
schmuggel	neg 1.0		__DUMMY__ 0.8961122931861697 neg 0.053926266335174236 off 0.04996144047865616	false	1.0
auffallen	neg 1.0		__DUMMY__ 0.8882879686644493 off 0.05695262397258263 neg 0.05475940736296811	false	0.5
konkurrenz	neg 1.0	neg 1.0	neg 0.5147947242922285 __DUMMY__ 0.4479417854825843 off 0.03726349022518705	false	1.0
teufelskreis	neg 1.0		__DUMMY__ 0.8890721660911733 neg 0.05671699052472278 off 0.05421084338410398	false	1.0
aufschreien	neg 1.0		__DUMMY__ 0.8871094491428195 off 0.056901578458332366 neg 0.05598897239884808	false	0.5
schuldner	neg 1.0		__DUMMY__ 0.8917869948662299 neg 0.05800386526952721 off 0.050209139864242976	false	1.0
missgeburt	off 1.0	off 1.0	off 0.5188767551684795 __DUMMY__ 0.4413294086302912 neg 0.03979383620122922	false	1.0
arbeitslos	neg 1.0		__DUMMY__ 0.8875740856693781 neg 0.05941467895884627 off 0.05301123537177556	false	1.0
befallen	neg 1.0		__DUMMY__ 0.8899080548057325 neg 0.05688201497644695 off 0.053209930217820535	false	1.0
miesepetrig	off 1.0	off 1.0	off 0.5153144497348853 __DUMMY__ 0.444717391552278 neg 0.03996815871283669	false	1.0
alarmieren	neg 1.0		__DUMMY__ 0.8850195216036935 off 0.05890330873851443 neg 0.05607716965779205	false	0.5
ungeduscht	off 1.0		__DUMMY__ 0.8888516419320114 off 0.057376585994693835 neg 0.05377177207329484	false	1.0
knappheit	neg 1.0		__DUMMY__ 0.8878098399954628 neg 0.060871050405058906 off 0.05131910959947824	false	1.0
schlange	neg 1.0		__DUMMY__ 0.8917176491996233 off 0.05613550023136171 neg 0.052146850569015114	false	0.5
harsch	neg 1.0		__DUMMY__ 0.8860927360631113 off 0.06353063704254922 neg 0.050376626894339464	false	0.5
lang	neg 1.0		__DUMMY__ 0.8898696377086919 neg 0.055245768983294016 off 0.054884593308014075	false	1.0
ziellos	neg 1.0		__DUMMY__ 0.8922167429615818 neg 0.05536471113854906 off 0.05241854589986903	false	1.0
selbstverliebt	neg 1.0		__DUMMY__ 0.8770254629541819 off 0.07004364889972835 neg 0.0529308881460897	false	0.5
beseitigen	neg 1.0	neg 1.0	neg 0.5102435249376397 __DUMMY__ 0.4490643545009043 off 0.04069212056145591	false	1.0
dumm	off 1.0		__DUMMY__ 0.8817498957252964 off 0.06570974665356931 neg 0.05254035762113429	false	1.0
arbeitsloser	neg 1.0		__DUMMY__ 0.8904807342477422 neg 0.05723880432323024 off 0.05228046142902759	false	1.0
blitzen	neg 1.0		__DUMMY__ 0.888068642416291 off 0.057518775331863566 neg 0.05441258225184541	false	0.5
hilflos	neg 1.0		__DUMMY__ 0.8905238339554499 neg 0.056255272094661996 off 0.05322089394988802	false	1.0
eklig	off 1.0		__DUMMY__ 0.8816918803019377 off 0.0661966197377934 neg 0.0521114999602689	false	1.0
begriff			__DUMMY__ 0.8882254757047385 neg 0.05810959693008899 off 0.053664927365172393	false	0.0
hungersnot	neg 1.0		__DUMMY__ 0.8916605334836826 neg 0.055229030160376266 off 0.053110436355941155	false	1.0
ungesetzlich	neg 1.0		__DUMMY__ 0.8807926535597511 neg 0.062311205052174204 off 0.056896141388074674	false	1.0
verschwendung	neg 1.0		__DUMMY__ 0.8908131942788683 neg 0.05819893277498899 off 0.050987872946142834	false	1.0
schmerzvoll	neg 1.0		__DUMMY__ 0.8889520277359414 off 0.05629742851729358 neg 0.05475054374676505	false	0.5
vorzeitig	neg 1.0		__DUMMY__ 0.8902370551546553 off 0.05734966177293589 neg 0.05241328307240873	false	0.5
unvollkommenheit	neg 1.0		__DUMMY__ 0.8966793063150491 off 0.052278259742098133 neg 0.05104243394285277	false	0.5
intervenieren	neg 1.0		__DUMMY__ 0.8886611238561044 neg 0.06047748571678402 off 0.05086139042711161	false	1.0
banause	off 1.0		__DUMMY__ 0.8786556990214408 off 0.0680481899089672 neg 0.05329611106959199	false	1.0
rebell	neg 1.0		__DUMMY__ 0.8940223741915547 neg 0.05838292300742347 off 0.047594702801021904	false	1.0
unlogisch	neg 1.0		__DUMMY__ 0.8844816268830415 off 0.06238185193034809 neg 0.05313652118661034	false	0.5
leiden	neg 1.0		__DUMMY__ 0.8978957115153308 neg 0.052066128602854846 off 0.05003815988181443	false	1.0
abschaffung	neg 1.0		__DUMMY__ 0.8857426374599842 neg 0.05915921890082204 off 0.055098143639193714	false	1.0
sturz	neg 1.0		__DUMMY__ 0.8906195052656676 neg 0.05489024613005504 off 0.05449024860427734	false	1.0
verkleinerung	neg 1.0		__DUMMY__ 0.8832628597767593 neg 0.0593658683265237 off 0.05737127189671689	false	1.0
schmarotzer	off 1.0		__DUMMY__ 0.8874333873942469 neg 0.05965541420569409 off 0.05291119840005895	false	0.5
bestrafung	neg 1.0		__DUMMY__ 0.8882418876126845 off 0.05603529584300872 neg 0.05572281654430681	false	0.5
achtlos	neg 1.0		__DUMMY__ 0.8909964267678682 neg 0.05453345947233202 off 0.05447011375979975	false	1.0
ungeheuer	neg 1.0		__DUMMY__ 0.8890150574590905 off 0.057328282997819044 neg 0.0536566595430904	false	0.5
