unsolidarisch	neg 1.0		neg 0.3436646316281146 __DUMMY__ 0.332677766322924 off 0.32365760204896143	false	1.0
nachteilig	neg 1.0		neg 0.34270461394189833 __DUMMY__ 0.33612934607625833 off 0.32116603998184334	false	1.0
skeptisch	neg 1.0		neg 0.3426169278686263 __DUMMY__ 0.3367184546812524 off 0.3206646174501213	false	1.0
schrecklich	neg 1.0		off 0.33712361181191597 __DUMMY__ 0.3334598758564085 neg 0.3294165123316756	false	0.5
schlapp	neg 1.0		__DUMMY__ 0.3351420584367361 off 0.3325460402269156 neg 0.3323119013363483	false	0.5
abfall	neg 1.0		neg 0.34437943860613457 __DUMMY__ 0.3376589013242232 off 0.3179616600696423	false	1.0
widerspenstig	neg 1.0		neg 0.33672682297633316 __DUMMY__ 0.336344203071783 off 0.32692897395188397	false	1.0
abrupt	neg 1.0		neg 0.3390173518258295 __DUMMY__ 0.33836938757024787 off 0.32261326060392276	false	1.0
unwirksam	neg 1.0		neg 0.34213789148652 __DUMMY__ 0.3335021307285817 off 0.3243599777848983	false	1.0
angreifen	neg 1.0	neg 1.0	neg 0.6593531245280447 off 0.17740092134872357 __DUMMY__ 0.16324595412323173	false	1.0
inkonsistent	neg 1.0		__DUMMY__ 0.3362410485817478 neg 0.3358695410136867 off 0.32788941040456554	false	1.0
abrutschen	neg 1.0		neg 0.3439717410637174 __DUMMY__ 0.337637534442633 off 0.31839072449364964	false	1.0
unsicher	neg 1.0		neg 0.33657637331530404 __DUMMY__ 0.33642760425455615 off 0.3269960224301398	false	1.0
bauernkind	off 1.0	off 1.0	off 0.6552024508715948 neg 0.1845816545681258 __DUMMY__ 0.16021589456027938	false	1.0
angreifer	neg 1.0		__DUMMY__ 0.3363094563834498 neg 0.33529315545807953 off 0.3283973881584705	false	1.0
trennen	neg 1.0		__DUMMY__ 0.3391517633191814 neg 0.3372212030745546 off 0.323627033606264	false	1.0
schmutz	neg 1.0		__DUMMY__ 0.3384652420592556 neg 0.33097481056743316 off 0.3305599473733112	false	1.0
inkonsistenz	neg 1.0		neg 0.3379768194182067 __DUMMY__ 0.3326744650751179 off 0.32934871550667544	false	1.0
erschreckend	neg 1.0		neg 0.3397027276828812 __DUMMY__ 0.3355104825869562 off 0.3247867897301628	false	1.0
ertrinken	neg 1.0		__DUMMY__ 0.3381404873993493 neg 0.33809531324671654 off 0.32376419935393413	false	1.0
pickelface	off 1.0		neg 0.33961736810774634 __DUMMY__ 0.33623245774006916 off 0.32415017415218456	false	0.5
seiner			neg 0.34019129930221587 __DUMMY__ 0.33775626162804107 off 0.3220524390697431	false	0.0
lauch	neg 1.0		neg 0.3451231623911447 __DUMMY__ 0.3369392387654511 off 0.3179375988434043	false	1.0
unwichtig	neg 1.0		neg 0.33444471503615286 __DUMMY__ 0.33415242099808523 off 0.33140286396576185	false	1.0
steuerhinterziehung	neg 1.0		neg 0.34220900571021107 __DUMMY__ 0.33466502239403645 off 0.3231259718957525	false	1.0
schock	neg 1.0		__DUMMY__ 0.3379568786962299 neg 0.3350553540725618 off 0.3269877672312082	false	1.0
beule	neg 1.0		__DUMMY__ 0.3352404790625511 off 0.333019009924703 neg 0.33174051101274593	false	0.5
vergelten	neg 1.0		off 0.33678012636479776 __DUMMY__ 0.3355162585179731 neg 0.3277036151172291	false	0.5
verdorbenheit	neg 1.0		neg 0.3370158095471487 __DUMMY__ 0.33662461894076007 off 0.3263595715120913	false	1.0
trauma	neg 1.0		neg 0.33648271130639645 __DUMMY__ 0.3358180785498941 off 0.3276992101437093	false	1.0
sinnlos	neg 1.0		__DUMMY__ 0.33610728054364036 neg 0.3341565240280683 off 0.3297361954282913	false	1.0
fettsack	off 1.0	off 1.0	off 0.6570078141640205 neg 0.18204320114684933 __DUMMY__ 0.1609489846891302	false	1.0
feige	off 1.0	off 1.0	off 0.6534111681534744 neg 0.18512054837667538 __DUMMY__ 0.16146828346985012	false	1.0
abdanken	neg 1.0		neg 0.3406634949438334 __DUMMY__ 0.33489049009864685 off 0.3244460149575196	false	1.0
wichtigtuer	off 1.0	off 1.0	off 0.651695616373174 neg 0.18623843151663766 __DUMMY__ 0.1620659521101884	false	1.0
misslingen	neg 1.0		__DUMMY__ 0.338930031903783 neg 0.3310380466072789 off 0.3300319214889379	false	1.0
untreu	off 1.0		__DUMMY__ 0.33371340477346695 neg 0.33362536798177467 off 0.3326612272447585	false	0.5
missmutig	neg 1.0		__DUMMY__ 0.3345960744970205 neg 0.33359234579259256 off 0.3318115797103869	false	1.0
hurenbock	off 1.0		__DUMMY__ 0.33657686564362416 neg 0.3346947069875755 off 0.32872842736880037	false	0.5
betrunken	neg 1.0		off 0.3357872144004757 __DUMMY__ 0.33523051278704474 neg 0.3289822728124795	false	0.5
korrupt	off 1.0		neg 0.3443548644152046 __DUMMY__ 0.33391560949730315 off 0.32172952608749233	false	0.5
unmut	neg 1.0		neg 0.3448710296583751 __DUMMY__ 0.3372770925175494 off 0.31785187782407565	false	1.0
hackfresse	off 1.0		off 0.3401090945131355 __DUMMY__ 0.33157698986896433 neg 0.32831391561790035	false	1.0
aufblasen	neg 1.0		__DUMMY__ 0.3367548497893521 neg 0.33424366145497225 off 0.32900148875567553	false	1.0
gewaltsam	neg 1.0		neg 0.3376590643426777 __DUMMY__ 0.3365450358214334 off 0.32579589983588875	false	1.0
unbeliebtheit	neg 1.0		neg 0.3410393003049406 __DUMMY__ 0.33083079950103705 off 0.3281299001940223	false	1.0
sturheit	neg 1.0		neg 0.3400039356833409 __DUMMY__ 0.3353584921259139 off 0.32463757219074524	false	1.0
kuh	neg 1.0		neg 0.3396653136937299 __DUMMY__ 0.3343100557769209 off 0.3260246305293493	false	1.0
erschrecken	neg 1.0		__DUMMY__ 0.3354115834531362 neg 0.3330278424054369 off 0.3315605741414268	false	1.0
opfer	neg 1.0		neg 0.33903616949627485 __DUMMY__ 0.3375651672971304 off 0.3233986632065948	false	1.0
sinken	neg 1.0		neg 0.34355491020747625 __DUMMY__ 0.3376087871175687 off 0.31883630267495505	false	1.0
stinktier	neg 1.0		off 0.33675365567144167 __DUMMY__ 0.3321298198514586 neg 0.3311165244770997	false	0.5
tucke	off 1.0		off 0.3391191151153062 neg 0.33139399755148746 __DUMMY__ 0.32948688733320636	false	1.0
ein			__DUMMY__ 0.33647581780741337 neg 0.3356131744073234 off 0.3279110077852632	false	0.0
abstieg	neg 1.0		neg 0.3386387229930094 __DUMMY__ 0.33844737716658974 off 0.32291389984040086	false	1.0
missverstehen	neg 1.0		neg 0.33661903586290376 __DUMMY__ 0.3345446504277992 off 0.328836313709297	false	1.0
ergebnislos	neg 1.0		neg 0.34211742677657897 __DUMMY__ 0.3365943222905769 off 0.3212882509328441	false	1.0
unter			neg 0.3435720143023743 __DUMMY__ 0.34110368511008893 off 0.3153243005875369	false	0.0
manipulieren	neg 1.0		neg 0.3425520392664852 __DUMMY__ 0.33670483583892613 off 0.3207431248945887	false	1.0
unbewiesen	neg 1.0		neg 0.34429936030081204 __DUMMY__ 0.3321311422304407 off 0.3235694974687473	false	1.0
verschleppen	neg 1.0		neg 0.34001627625227127 __DUMMY__ 0.33659363036322787 off 0.3233900933845008	false	1.0
weib	off 1.0		off 0.3399447468369188 __DUMMY__ 0.3314517944752412 neg 0.32860345868784	false	1.0
opposition	neg 1.0		neg 0.33837801926011496 __DUMMY__ 0.3342440867601045 off 0.32737789397978057	false	1.0
verkehrswidrig	neg 1.0	neg 1.0	neg 0.6485026428296152 off 0.1874699096177657 __DUMMY__ 0.16402744755261903	false	1.0
inkorrekt	neg 1.0		neg 0.3350858343544659 off 0.33288682174566386 __DUMMY__ 0.33202734389987026	false	1.0
vermeiden	neg 1.0		neg 0.3442795088095998 __DUMMY__ 0.33906910908681065 off 0.3166513821035897	false	1.0
abweichung	neg 1.0		neg 0.3422625888651721 __DUMMY__ 0.3361652477437514 off 0.32157216339107647	false	1.0
alkoholisiert	neg 1.0		__DUMMY__ 0.3403236597318946 neg 0.3359654207422731 off 0.32371091952583225	false	1.0
scheiss	off 1.0	off 1.0	off 0.6541781977330056 neg 0.18361053329561122 __DUMMY__ 0.16221126897138316	false	1.0
herausforderung	neg 1.0	neg 1.0	neg 0.6549281219314469 off 0.17930008279456147 __DUMMY__ 0.16577179527399172	false	1.0
pervers	off 1.0		off 0.3434595409970445 __DUMMY__ 0.33072882895846534 neg 0.3258116300444902	false	1.0
wackelig	neg 1.0		__DUMMY__ 0.338746989860204 neg 0.3356874168386394 off 0.32556559330115653	false	1.0
verwickeln	neg 1.0		neg 0.33687825447704633 __DUMMY__ 0.33448258913741435 off 0.3286391563855395	false	1.0
vorwand	neg 1.0		neg 0.34246648749601144 __DUMMY__ 0.3372970471162328 off 0.32023646538775574	false	1.0
muschi	off 1.0		neg 0.339128478010358 __DUMMY__ 0.33620813595938764 off 0.32466338603025446	false	0.5
entmutigung	neg 1.0		neg 0.33964740796474124 __DUMMY__ 0.33377253330476864 off 0.32658005873049	false	1.0
unangemessen	neg 1.0		neg 0.341042406603686 __DUMMY__ 0.33537052044854193 off 0.3235870729477719	false	1.0
unstetig	neg 1.0		__DUMMY__ 0.3367931978864023 neg 0.33476858254361347 off 0.3284382195699842	false	1.0
entmutigen	neg 1.0		neg 0.33636601789032905 __DUMMY__ 0.33560943018958267 off 0.3280245519200883	false	1.0
schwanz	neg 1.0		neg 0.3410377643689442 __DUMMY__ 0.3373485485651999 off 0.32161368706585597	false	1.0
verbot	neg 1.0		neg 0.34266786007256383 __DUMMY__ 0.3350805894391071 off 0.3222515504883291	false	1.0
leid	neg 1.0		off 0.3386610283878523 __DUMMY__ 0.33349810661719936 neg 0.3278408649949484	false	0.5
archaisch	neg 1.0		neg 0.33908791141757527 __DUMMY__ 0.33654212783454757 off 0.3243699607478771	false	1.0
gegen			neg 0.34161935680785316 __DUMMY__ 0.33828929885452313 off 0.3200913443376238	false	0.0
scheidung	neg 1.0		off 0.3477500214657307 __DUMMY__ 0.3307565649092394 neg 0.3214934136250298	false	0.5
einschlag	neg 1.0	neg 1.0	neg 0.6520093014628288 off 0.18576136141376476 __DUMMY__ 0.16222933712340645	false	1.0
m			neg 0.33790641135699656 __DUMMY__ 0.3373818753371937 off 0.3247117133058097	false	0.0
abgestanden	neg 1.0		__DUMMY__ 0.33662427978227666 neg 0.3353827427604481 off 0.3279929774572753	false	1.0
schmierig	off 1.0		off 0.3380483867380556 __DUMMY__ 0.333577320771781 neg 0.32837429249016337	false	1.0
unpraktisch	neg 1.0		__DUMMY__ 0.3370078602336925 neg 0.334284616202869 off 0.3287075235634385	false	1.0
wixxer	off 1.0		off 0.3428048418519417 __DUMMY__ 0.3302716465934869 neg 0.3269235115545715	false	1.0
bezeichnet			neg 0.33890125334290866 __DUMMY__ 0.3355040043822253 off 0.32559474227486607	false	0.0
jammerlappen	off 1.0		__DUMMY__ 0.3343903542172159 neg 0.33381687716680214 off 0.331792768615982	false	0.5
farce	neg 1.0		neg 0.343082824764856 __DUMMY__ 0.3342809761647056 off 0.32263619907043845	false	1.0
zwecklos	neg 1.0		neg 0.3406466407487355 __DUMMY__ 0.33562942863630374 off 0.32372393061496063	false	1.0
turbulent	neg 1.0		__DUMMY__ 0.333961787108739 neg 0.3339341863281331 off 0.33210402656312776	false	1.0
invasion	neg 1.0		__DUMMY__ 0.3358238718843851 neg 0.3345862788198373 off 0.32958984929577756	false	1.0
schuld	neg 1.0		neg 0.33717602259289825 __DUMMY__ 0.3354794736256114 off 0.32734450378149044	false	1.0
risiko	neg 1.0		__DUMMY__ 0.33699751452402615 neg 0.335316085788394 off 0.32768639968757984	false	1.0
finster	neg 1.0		__DUMMY__ 0.33636027382994677 neg 0.3354844470645388 off 0.32815527910551456	false	1.0
geisteskrank	off 1.0		neg 0.33386794196507386 __DUMMY__ 0.3331174843679986 off 0.3330145736669275	false	0.5
zusammenbrechen	neg 1.0		neg 0.33753954734082947 __DUMMY__ 0.33698414711257246 off 0.3254763055465979	false	1.0
ausbeute	neg 1.0		__DUMMY__ 0.3388366944455098 neg 0.3383635594956567 off 0.32279974605883344	false	1.0
hinterhalt	neg 1.0		__DUMMY__ 0.33778053315876816 neg 0.33672713290805073 off 0.32549233393318106	false	1.0
kritik	neg 1.0		neg 0.3425140404946459 __DUMMY__ 0.3347123589760464 off 0.32277360052930776	false	1.0
einschrumpfen	neg 1.0		neg 0.3382230548793436 __DUMMY__ 0.3333550410159101 off 0.32842190410474625	false	1.0
riskant	neg 1.0		neg 0.34147591864253435 __DUMMY__ 0.3363915565382456 off 0.32213252481921995	false	1.0
frustrieren	neg 1.0		neg 0.34073709303965355 __DUMMY__ 0.33666616782069886 off 0.3225967391396476	false	1.0
groll	neg 1.0		neg 0.3395442739904593 __DUMMY__ 0.3364525503867259 off 0.32400317562281483	false	1.0
gibt			neg 0.339403210108479 __DUMMY__ 0.3362131369519302 off 0.32438365293959076	false	0.0
qualvoll	neg 1.0		__DUMMY__ 0.3361845376485959 neg 0.332646572924311 off 0.33116888942709316	false	1.0
wackeln	neg 1.0	neg 1.0	neg 0.654427367672544 off 0.18173282041055344 __DUMMY__ 0.16383981191690267	false	1.0
klagen	neg 1.0		neg 0.3438642699599458 __DUMMY__ 0.3374771947515723 off 0.3186585352884819	false	1.0
bankrott	neg 1.0		__DUMMY__ 0.33528631760344335 neg 0.33358856429482586 off 0.33112511810173095	false	1.0
trauern	neg 1.0		neg 0.3388634950820384 __DUMMY__ 0.33783312288268585 off 0.32330338203527587	false	1.0
ablehnung	neg 1.0		neg 0.34234141702670606 __DUMMY__ 0.3347728698266898 off 0.32288571314660414	false	1.0
stur	neg 1.0		neg 0.3374542308077571 __DUMMY__ 0.3348964845852804 off 0.3276492846069625	false	1.0
aufruhr	neg 1.0		neg 0.3380517006870211 __DUMMY__ 0.3363939368927244 off 0.32555436242025454	false	1.0
melancholie	neg 1.0		neg 0.3381619424472895 __DUMMY__ 0.337393700503512 off 0.3244443570491985	false	1.0
ist			neg 0.33603127628382884 __DUMMY__ 0.33547982997591486 off 0.32848889374025636	false	0.0
torheit	neg 1.0		neg 0.338957172957737 __DUMMY__ 0.3345992332089305 off 0.3264435938333325	false	1.0
dreckskind	off 1.0		off 0.33796873255734416 __DUMMY__ 0.3314621159393379 neg 0.330569151503318	false	1.0
umtauschen	neg 1.0		neg 0.3374236860324918 __DUMMY__ 0.3363215230726647 off 0.3262547908948435	false	1.0
zum			__DUMMY__ 0.34140879273139874 neg 0.3399062270784026 off 0.3186849801901986	false	0.0
zersetzen	neg 1.0		neg 0.34371279106862385 __DUMMY__ 0.336115916584452 off 0.3201712923469243	false	1.0
zur			neg 0.3439378574085352 __DUMMY__ 0.3396490795488749 off 0.3164130630425898	false	0.0
frust	neg 1.0		neg 0.3381662650306155 __DUMMY__ 0.3367673617372795 off 0.3250663732321051	false	1.0
unerbittlichkeit	neg 1.0		neg 0.3430464924172869 __DUMMY__ 0.33640263930213976 off 0.32055086828057333	false	1.0
zwei			__DUMMY__ 0.3401695154289363 neg 0.3393843374870011 off 0.3204461470840625	false	0.0
unkorrekt	neg 1.0		neg 0.33549341966753504 off 0.3330970744646271 __DUMMY__ 0.33140950586783785	false	1.0
hexe	off 1.0		__DUMMY__ 0.3342315780180378 neg 0.3332169586966986 off 0.3325514632852637	false	0.5
lasch	neg 1.0		neg 0.33710577473975284 __DUMMY__ 0.33345956802703786 off 0.32943465723320925	false	1.0
rivale	neg 1.0		off 0.33522131763279567 __DUMMY__ 0.3343179204046615 neg 0.3304607619625427	false	0.5
mutlos	off 1.0	off 1.0	off 0.6475735112382656 neg 0.18989746532533064 __DUMMY__ 0.16252902343640374	false	1.0
wirr	off 1.0		neg 0.33479600308480545 off 0.3336144762459288 __DUMMY__ 0.33158952066926584	false	0.5
jahr			__DUMMY__ 0.3393470033416439 neg 0.33857992672129006 off 0.3220730699370659	false	0.0
wird			neg 0.33995330487369746 __DUMMY__ 0.33686544734120116 off 0.3231812477851016	false	0.0
strafbar	neg 1.0		neg 0.34215791042171834 __DUMMY__ 0.3359456936556459 off 0.3218963959226358	false	1.0
erosion	neg 1.0		__DUMMY__ 0.3368807491641587 neg 0.33511000298295635 off 0.328009247852885	false	1.0
eingehen	neg 1.0		neg 0.3418687268245297 __DUMMY__ 0.3354617966491223 off 0.32266947652634803	false	1.0
faul	off 1.0		__DUMMY__ 0.335646034328505 neg 0.3325158262781347 off 0.3318381393933604	false	0.5
provisorium	neg 1.0		neg 0.3450874171099423 __DUMMY__ 0.3404347744409741 off 0.31447780844908363	false	1.0
schmerzen	neg 1.0		neg 0.33665603500657765 __DUMMY__ 0.3364599400232359 off 0.32688402497018626	false	1.0
schrumpfen	neg 1.0		neg 0.34706779061058274 __DUMMY__ 0.3376095553145157 off 0.31532265407490156	false	1.0
geistlos	off 1.0		neg 0.34045290772236964 __DUMMY__ 0.33241680209749636 off 0.32713029018013395	false	0.5
fehlkauf	neg 1.0		neg 0.33633218011189836 __DUMMY__ 0.3353355920878029 off 0.3283322278002989	false	1.0
frustrierend	neg 1.0		__DUMMY__ 0.33576646977218205 neg 0.33261532112759323 off 0.33161820910022466	false	1.0
unzufrieden	neg 1.0		neg 0.34108526639750797 __DUMMY__ 0.3355006903616984 off 0.3234140432407936	false	1.0
verzweifeln	neg 1.0		neg 0.33765418517013907 __DUMMY__ 0.3362200907578738 off 0.3261257240719871	false	1.0
verzweifelt	neg 1.0		neg 0.33655062104516875 __DUMMY__ 0.33533161358209546 off 0.32811776537273585	false	1.0
misstrauensantrag	neg 1.0		neg 0.3368557493637768 __DUMMY__ 0.33463651511706666 off 0.3285077355191565	false	1.0
abfallen	neg 1.0		__DUMMY__ 0.3371393559507535 neg 0.33368720300969235 off 0.32917344103955426	false	1.0
fucker	off 1.0		off 0.3337464958198986 __DUMMY__ 0.3334160420329688 neg 0.33283746214713267	false	1.0
ungezogen	neg 1.0		off 0.34227423926287337 __DUMMY__ 0.3319486167243556 neg 0.3257771440127711	false	0.5
irrsinnig	neg 1.0	neg 1.0	neg 0.6567509982470522 off 0.1809320055267819 __DUMMY__ 0.16231699622616588	false	1.0
unfassbar	neg 1.0		__DUMMY__ 0.3339171587823128 neg 0.3337229356160493 off 0.33235990560163786	false	1.0
hart	neg 1.0		__DUMMY__ 0.3349879018411046 neg 0.3345939157078543 off 0.330418182451041	false	1.0
widerlich	off 1.0		neg 0.3339048069472954 __DUMMY__ 0.3331386683292018 off 0.3329565247235029	false	0.5
fatal	neg 1.0		neg 0.33602166939705597 __DUMMY__ 0.3353120414985989 off 0.32866628910434526	false	1.0
bruch	neg 1.0		neg 0.3446076481170533 __DUMMY__ 0.3369265768460671 off 0.31846577503687973	false	1.0
aushungern	neg 1.0		neg 0.3411785113926156 __DUMMY__ 0.3347776410973089 off 0.32404384751007537	false	1.0
anspannung	neg 1.0	neg 1.0	neg 0.6573163655098837 off 0.1765282499239319 __DUMMY__ 0.16615538456618442	false	1.0
von			neg 0.3396960477155545 __DUMMY__ 0.3392174119375692 off 0.3210865403468763	false	0.0
kraftlos	neg 1.0		__DUMMY__ 0.33814075582672104 neg 0.3362731649274663 off 0.32558607924581257	false	1.0
vom			neg 0.34281152804805043 __DUMMY__ 0.34126582150159446 off 0.3159226504503551	false	0.0
grenzdebil	off 1.0		__DUMMY__ 0.3340808938839576 off 0.3338004226562777 neg 0.33211868345976464	false	1.0
vor			neg 0.34090451398108346 __DUMMY__ 0.33817845343242553 off 0.32091703258649096	false	0.0
unterwerfen	neg 1.0		neg 0.34094763662460953 __DUMMY__ 0.33672779657346513 off 0.3223245668019253	false	1.0
versenkung	neg 1.0		neg 0.34128237920640486 __DUMMY__ 0.33676028638128 off 0.3219573344123152	false	1.0
entziehen	neg 1.0		neg 0.3433046689506023 __DUMMY__ 0.3373397612040967 off 0.319355569845301	false	1.0
finanzkrise	neg 1.0		neg 0.34147811026296127 __DUMMY__ 0.33449838957068034 off 0.3240235001663583	false	1.0
schimpfend	neg 1.0		__DUMMY__ 0.33722289823655854 neg 0.33384565442755665 off 0.32893144733588464	false	1.0
profan	neg 1.0		neg 0.3352108010821093 __DUMMY__ 0.3350985699367311 off 0.3296906289811597	false	1.0
korruption	neg 1.0	neg 1.0	neg 0.6595497710395509 off 0.1780755940923328 __DUMMY__ 0.1623746348681163	false	1.0
â			neg 0.33913516072596356 __DUMMY__ 0.3374437410258382 off 0.3234210982481984	false	0.0
schmutzig	neg 1.0		__DUMMY__ 0.3349666298808086 off 0.33378901051151694 neg 0.3312443596076744	false	0.5
sexy	neg 1.0		__DUMMY__ 0.33526978414597736 neg 0.33415107878109124 off 0.33057913707293135	false	1.0
abraten	neg 1.0		__DUMMY__ 0.33560314473298236 neg 0.33558819759697756 off 0.32880865767004	false	1.0
schwarz	neg 1.0		neg 0.337011828176637 __DUMMY__ 0.3351833220101255 off 0.3278048498132376	false	1.0
fotze	off 1.0		neg 0.3409424392315782 __DUMMY__ 0.3367059746619281 off 0.3223515861064936	false	0.5
verwirren	neg 1.0		__DUMMY__ 0.33513628966793874 neg 0.3348762331671686 off 0.3299874771648928	false	1.0
zahnlos	off 1.0		neg 0.34092272070627666 __DUMMY__ 0.33555923924292336 off 0.32351804005079987	false	0.5
verheeren	neg 1.0		off 0.34417300107738397 __DUMMY__ 0.3329162672607896 neg 0.3229107316618263	false	0.5
hippie	neg 1.0		__DUMMY__ 0.33512926815743177 neg 0.3350452190809132 off 0.32982551276165506	false	1.0
rammen	neg 1.0		neg 0.3374196231359203 __DUMMY__ 0.33538961147411733 off 0.3271907653899625	false	1.0
unlauter	neg 1.0		neg 0.3429206137924046 __DUMMY__ 0.3325773142689583 off 0.3245020719386371	false	1.0
unheilvoll	neg 1.0		__DUMMY__ 0.3370782858046492 neg 0.3323922884507663 off 0.33052942574458455	false	1.0
niedrig	neg 1.0		neg 0.34054352814114686 __DUMMY__ 0.3375595218236132 off 0.32189695003524	false	1.0
explosion	neg 1.0		neg 0.3363540714263674 __DUMMY__ 0.3347849992822875 off 0.328860929291345	false	1.0
weichei	off 1.0		off 0.3387480612451277 __DUMMY__ 0.332240485484948 neg 0.3290114532699243	false	1.0
minusmensch	off 1.0		off 0.3408681798148939 neg 0.3299736171000675 __DUMMY__ 0.32915820308503857	false	1.0
farblos	neg 1.0		__DUMMY__ 0.33931172054965647 neg 0.3328388465654063 off 0.3278494328849373	false	1.0
unwissend	neg 1.0	neg 1.0	neg 0.6549605713439988 off 0.18343845101993575 __DUMMY__ 0.16160097763606548	false	1.0
traurig	neg 1.0		off 0.33615015814157406 __DUMMY__ 0.3339128575510778 neg 0.32993698430734814	false	0.5
senkung	neg 1.0		neg 0.33832489293258133 __DUMMY__ 0.3334819983686492 off 0.32819310869876944	false	1.0
ungleich	neg 1.0	neg 1.0	neg 0.6601736515868414 off 0.17729360207279007 __DUMMY__ 0.1625327463403687	false	1.0
heikel	neg 1.0		neg 0.34317866567808214 __DUMMY__ 0.33628297009882296 off 0.32053836422309495	false	1.0
drosselung	neg 1.0		__DUMMY__ 0.33479149688901433 off 0.3337168187459382 neg 0.3314916843650475	false	0.5
falsch	neg 1.0		__DUMMY__ 0.3350080009304296 neg 0.3336276878443266 off 0.3313643112252437	false	1.0
unzufriedenheit	neg 1.0		neg 0.3431973290779537 __DUMMY__ 0.33670686439022934 off 0.320095806531817	false	1.0
kurz	neg 1.0		__DUMMY__ 0.33756704075988897 neg 0.33670835136753985 off 0.3257246078725712	false	1.0
unsinnig	neg 1.0		neg 0.3415284313209315 __DUMMY__ 0.33485419950539047 off 0.3236173691736781	false	1.0
penner	off 1.0	off 1.0	off 0.6584636968572862 neg 0.18100160976619148 __DUMMY__ 0.16053469337652224	false	1.0
seicht	neg 1.0		off 0.3407804391978808 __DUMMY__ 0.330275711421611 neg 0.3289438493805083	false	0.5
dummheit	off 1.0	off 1.0	off 0.6518274717772436 neg 0.18626940432496003 __DUMMY__ 0.16190312389779637	false	1.0
unerfreulich	neg 1.0		neg 0.3423236128502774 __DUMMY__ 0.33744235381681864 off 0.320234033332904	false	1.0
motherfucker	off 1.0	off 1.0	off 0.6543787599500225 neg 0.18434807071476156 __DUMMY__ 0.16127316933521596	false	1.0
pikiert	neg 1.0		neg 0.33506403655279404 __DUMMY__ 0.3332722911325444 off 0.3316636723146615	false	1.0
wrack	neg 1.0		__DUMMY__ 0.33904471330458963 neg 0.3371167323458794 off 0.32383855434953085	false	1.0
gangster	neg 1.0		__DUMMY__ 0.3354949712628513 neg 0.33486744420151277 off 0.3296375845356358	false	1.0
krank	neg 1.0		__DUMMY__ 0.33490660433376274 off 0.33473542181189664 neg 0.3303579738543405	false	0.5
reich	neg 1.0		neg 0.33543389178186955 __DUMMY__ 0.3339560155926021 off 0.33061009262552843	false	1.0
gnadenlos	neg 1.0		neg 0.33654480671061665 __DUMMY__ 0.3358262000919645 off 0.32762899319741895	false	1.0
niedergeschlagen	neg 1.0		__DUMMY__ 0.33770103125846007 neg 0.33604540698176627 off 0.32625356175977377	false	1.0
terrorisieren	off 1.0	off 1.0	off 0.648664602029149 neg 0.1877808340720582 __DUMMY__ 0.16355456389879292	false	1.0
sinnlosigkeit	neg 1.0		neg 0.34020812392908856 __DUMMY__ 0.3358661131756745 off 0.32392576289523684	false	1.0
behindern	neg 1.0		neg 0.3394254374334657 __DUMMY__ 0.33545822958735094 off 0.3251163329791834	false	1.0
undemokratisch	neg 1.0		neg 0.340322352062709 __DUMMY__ 0.33383437169045016 off 0.32584327624684073	false	1.0
wirtschaftskrise	neg 1.0		neg 0.3425050298279142 __DUMMY__ 0.33556803806523244 off 0.32192693210685347	false	1.0
neid	neg 1.0		__DUMMY__ 0.33633647798401484 off 0.3331475418185778 neg 0.33051598019740736	false	0.5
rutschen	neg 1.0	neg 1.0	neg 0.6570694261924471 off 0.17736627948095676 __DUMMY__ 0.16556429432659614	false	1.0
rezession	neg 1.0		off 0.3356920759024573 neg 0.33225126863437704 __DUMMY__ 0.33205665546316576	false	0.5
fehlgeburt	neg 1.0		__DUMMY__ 0.3369745504465719 neg 0.33294789539081043 off 0.33007755416261775	false	1.0
charakterschwach	off 1.0		__DUMMY__ 0.3341003246473653 off 0.3332734469152984 neg 0.3326262284373362	false	1.0
isolation	neg 1.0		__DUMMY__ 0.33550710765860775 neg 0.3331245695322384 off 0.331368322809154	false	1.0
ablenkung	neg 1.0		neg 0.3365141036123267 __DUMMY__ 0.33625701784252837 off 0.32722887854514493	false	1.0
pech	neg 1.0		__DUMMY__ 0.3352576598223874 neg 0.3336214903714461 off 0.33112084980616646	false	1.0
vermeidung	neg 1.0		neg 0.33421502298899586 __DUMMY__ 0.3330900067982165 off 0.3326949702127877	false	1.0
dominieren	neg 1.0		__DUMMY__ 0.33817087741827623 neg 0.33797046278392695 off 0.3238586597977969	false	1.0
schwindlig	neg 1.0		__DUMMY__ 0.33759488053830616 off 0.3312094443346297 neg 0.3311956751270642	false	0.5
lutscher	neg 1.0		off 0.3416494208331277 __DUMMY__ 0.33029096262020696 neg 0.32805961654666527	false	0.5
pflicht	neg 1.0		neg 0.34320396773944967 __DUMMY__ 0.33639849536199595 off 0.3203975368985543	false	1.0
faschist	off 1.0		neg 0.3384114326755595 __DUMMY__ 0.33332325654381795 off 0.3282653107806227	false	0.5
verschleudern	neg 1.0		neg 0.34672239299259483 __DUMMY__ 0.33378245696375103 off 0.3194951500436542	false	1.0
wenn			__DUMMY__ 0.3348694106796281 neg 0.33360114399189755 off 0.33152944532847434	false	0.0
ehebruch	neg 1.0		neg 0.34087500431890216 __DUMMY__ 0.3363567999035084 off 0.3227681957775895	false	1.0
spott	off 1.0		neg 0.34292436349306227 __DUMMY__ 0.33562362295246 off 0.3214520135544778	false	0.5
trostlosigkeit	neg 1.0		neg 0.3416466487122276 __DUMMY__ 0.3380521356223821 off 0.3203012156653903	false	1.0
lutschen	neg 1.0		neg 0.3369282839779541 __DUMMY__ 0.3344230207849168 off 0.3286486952371291	false	1.0
undiszipliniert	neg 1.0		off 0.33548954207002624 __DUMMY__ 0.3344435080902666 neg 0.3300669498397072	false	0.5
kopfschmerz	neg 1.0		__DUMMY__ 0.3375513386528924 neg 0.3364661042001683 off 0.32598255714693936	false	1.0
unvorhergesehen	neg 1.0		__DUMMY__ 0.3390922000591785 neg 0.3367073925491804 off 0.324200407391641	false	1.0
desinteressiert	neg 1.0		off 0.334459857220509 __DUMMY__ 0.33340867552997816 neg 0.3321314672495127	false	0.5
armselig	off 1.0		off 0.3346094195346403 neg 0.3333389760648181 __DUMMY__ 0.3320516044005415	false	1.0
desaster	neg 1.0		neg 0.34511686147614723 __DUMMY__ 0.33702598745833034 off 0.31785715106552237	false	1.0
tod	neg 1.0		__DUMMY__ 0.33896698508773276 neg 0.3362070427043709 off 0.3248259722078963	false	1.0
herzlos	neg 1.0		off 0.33599448302247265 __DUMMY__ 0.3329525358230233 neg 0.331052981154504	false	0.5
unwissenheit	neg 1.0		neg 0.3427457123005966 __DUMMY__ 0.3346390005213013 off 0.32261528717810206	false	1.0
widersinnig	neg 1.0	neg 1.0	neg 0.66021568883357 off 0.17818591281050186 __DUMMY__ 0.16159839835592818	false	1.0
bedenklich	neg 1.0		neg 0.34214792319754284 __DUMMY__ 0.33582870860409186 off 0.32202336819836536	false	1.0
beanstanden	neg 1.0		neg 0.34311459343286327 __DUMMY__ 0.33688922154469514 off 0.3199961850224416	false	1.0
panisch	neg 1.0	neg 1.0	neg 0.6526622644153871 off 0.1833640475675748 __DUMMY__ 0.16397368801703813	false	1.0
debil	off 1.0		neg 0.3455131800698232 __DUMMY__ 0.3390566025247952 off 0.31543021740538174	false	0.5
abstrich	neg 1.0		neg 0.3408251884242597 __DUMMY__ 0.3362273401277027 off 0.32294747144803754	false	1.0
primitiv	neg 1.0		off 0.3335695739453015 __DUMMY__ 0.33322197707777457 neg 0.33320844897692387	false	0.5
abschaum	off 1.0	off 1.0	off 0.6532539061733498 neg 0.1849920341489737 __DUMMY__ 0.16175405967767653	false	1.0
provozieren	neg 1.0		neg 0.33791970407485933 __DUMMY__ 0.33517786391983306 off 0.3269024320053076	false	1.0
tot	neg 1.0		neg 0.34147600222274777 __DUMMY__ 0.3364635121753146 off 0.32206048560193756	false	1.0
instabil	neg 1.0		neg 0.3357196608016873 off 0.33230877342858045 __DUMMY__ 0.33197156576973225	false	1.0
schwuchtel	off 1.0		off 0.3463450368019699 __DUMMY__ 0.32888621607995344 neg 0.3247687471180768	false	1.0
zerren	neg 1.0		__DUMMY__ 0.3376315130717016 neg 0.33606769645501944 off 0.3263007904732791	false	1.0
kinderficker	off 1.0		off 0.33678488851542165 neg 0.3323532707373744 __DUMMY__ 0.3308618407472038	false	1.0
gefahr	neg 1.0		neg 0.3420331509192741 __DUMMY__ 0.33727812651738875 off 0.3206887225633371	false	1.0
rabiat	neg 1.0		neg 0.3386289630597035 __DUMMY__ 0.33525841127686945 off 0.32611262566342714	false	1.0
verlangsamung	neg 1.0		off 0.34002294093952046 __DUMMY__ 0.33206565079923095 neg 0.3279114082612485	false	0.5
ausgestorben	neg 1.0		__DUMMY__ 0.3370779945440056 neg 0.33618043209329324 off 0.3267415733627011	false	1.0
anklagen	neg 1.0		neg 0.3402483297840957 __DUMMY__ 0.3356822773768111 off 0.32406939283909314	false	1.0
trott	neg 1.0		neg 0.3371471126856265 __DUMMY__ 0.33658684174984027 off 0.32626604556453315	false	1.0
verminderung	neg 1.0		off 0.3339340972485422 __DUMMY__ 0.3333287946133371 neg 0.33273710813812063	false	0.5
nach			__DUMMY__ 0.34183821411558846 neg 0.3385809731044226 off 0.319580812779989	false	0.0
rost	neg 1.0		off 0.3392323574813515 __DUMMY__ 0.3330584588804458 neg 0.32770918363820256	false	0.5
destruktiv	neg 1.0		neg 0.34088529243470844 __DUMMY__ 0.334336904418719 off 0.32477780314657245	false	1.0
unzumutbarkeit	neg 1.0		__DUMMY__ 0.33535689358326415 neg 0.33235691241216836 off 0.33228619400456744	false	1.0
labil	off 1.0	off 1.0	off 0.6531987016973532 neg 0.185006919893412 __DUMMY__ 0.16179437840923477	false	1.0
ziemlich	neg 1.0		__DUMMY__ 0.33482335172209304 off 0.33361746548415977 neg 0.3315591827937473	false	0.5
lachnummer	off 1.0		neg 0.3393915849984397 __DUMMY__ 0.33504043144112167 off 0.3255679835604385	false	0.5
oder			__DUMMY__ 0.33683667242712634 neg 0.33549748780937017 off 0.32766583976350355	false	0.0
verfall	neg 1.0		neg 0.34615796928634035 __DUMMY__ 0.33808194834731947 off 0.31576008236634007	false	1.0
ausgrenzung	neg 1.0		neg 0.3388079357089124 __DUMMY__ 0.3341320517696785 off 0.3270600125214092	false	1.0
unordnung	neg 1.0		__DUMMY__ 0.33565093899609855 off 0.33358263747824607 neg 0.3307664235256554	false	0.5
fehlverhalten	neg 1.0		neg 0.34272896545079473 __DUMMY__ 0.33642573031303935 off 0.320845304236166	false	1.0
eine			neg 0.3419694241720225 __DUMMY__ 0.33732468650486286 off 0.32070588932311467	false	0.0
nille	neg 1.0		neg 0.33843773932516014 __DUMMY__ 0.3362841479260203 off 0.32527811274881957	false	1.0
qual	neg 1.0		neg 0.3375569735752335 __DUMMY__ 0.33649563854708764 off 0.32594738787767874	false	1.0
verschwenden	neg 1.0		neg 0.3412536302168669 __DUMMY__ 0.3359857760107305 off 0.32276059377240257	false	1.0
riesig	neg 1.0	neg 1.0	neg 0.6561554732862649 off 0.17938446211114095 __DUMMY__ 0.16446006460259416	false	1.0
verurteilen	neg 1.0		neg 0.34059824190892957 __DUMMY__ 0.335816114700035 off 0.32358564339103535	false	1.0
klischee	neg 1.0	neg 1.0	neg 0.6560965370091982 off 0.18227397980514706 __DUMMY__ 0.1616294831856547	false	1.0
diktatorisch	neg 1.0		neg 0.3406217822205441 __DUMMY__ 0.3332629928367451 off 0.32611522494271067	false	1.0
vorhersehbar	neg 1.0	neg 1.0	neg 0.656066543473201 off 0.18200504146427693 __DUMMY__ 0.161928415062522	false	1.0
sowie			off 0.3379769455508893 __DUMMY__ 0.33236368893210344 neg 0.32965936551700725	false	0.0
stornieren	neg 1.0		__DUMMY__ 0.33892199818174795 neg 0.3311981906912529 off 0.329879811126999	false	1.0
besteuerung	neg 1.0		neg 0.34103088315866 __DUMMY__ 0.33352574586703865 off 0.3254433709743014	false	1.0
ungeschminkt	neg 1.0		neg 0.33402239985553034 __DUMMY__ 0.3332792263213227 off 0.3326983738231471	false	1.0
kritisch	neg 1.0		neg 0.3423233406480342 __DUMMY__ 0.33588816905303365 off 0.32178849029893203	false	1.0
schlamperei	off 1.0		neg 0.34380023829501305 __DUMMY__ 0.335829410381603 off 0.3203703513233838	false	0.5
sucht	neg 1.0	neg 1.0	neg 0.655133780887447 off 0.18112439920001838 __DUMMY__ 0.16374181991253473	false	1.0
egoistisch	off 1.0		off 0.3389530321729511 __DUMMY__ 0.33269144994505523 neg 0.3283555178819937	false	1.0
ausbeuter	off 1.0		neg 0.34426090350447386 __DUMMY__ 0.33566316081027064 off 0.3200759356852555	false	0.5
arschgeburt	off 1.0		off 0.3461132747132534 __DUMMY__ 0.3284037665331055 neg 0.325482958753641	false	1.0
schubs	neg 1.0	neg 1.0	neg 0.6560703507628592 off 0.1798659623319602 __DUMMY__ 0.16406368690518058	false	1.0
unsolide	neg 1.0		neg 0.34336869358658406 __DUMMY__ 0.33135215537827367 off 0.32527915103514227	false	1.0
beschwerde	neg 1.0		neg 0.3436454933821649 __DUMMY__ 0.3357738801103535 off 0.32058062650748154	false	1.0
stocken	neg 1.0		neg 0.3414725200393427 __DUMMY__ 0.3365576052406346 off 0.3219698747200227	false	1.0
isolieren	neg 1.0		neg 0.34176633145602897 __DUMMY__ 0.3355775247165804 off 0.32265614382739044	false	1.0
unheilbar	neg 1.0		__DUMMY__ 0.33727172381524506 neg 0.3344067250586342 off 0.32832155112612066	false	1.0
pisser	off 1.0		off 0.33452087290571075 __DUMMY__ 0.3339598723046298 neg 0.3315192547896595	false	1.0
löschen	neg 1.0		neg 0.33748618236773403 __DUMMY__ 0.3360664225716344 off 0.3264473950606315	false	1.0
durchfallen	neg 1.0		neg 0.34218805835704724 __DUMMY__ 0.3349950335800732 off 0.32281690806287955	false	1.0
wichser	off 1.0		off 0.34396993761317973 __DUMMY__ 0.3312118273602953 neg 0.3248182350265249	false	1.0
terror	neg 1.0		__DUMMY__ 0.3363595764655201 neg 0.33320653522138144 off 0.33043388831309833	false	1.0
krass	neg 1.0		off 0.3365200865834707 __DUMMY__ 0.33280602014307376 neg 0.3306738932734557	false	0.5
revolte	neg 1.0		neg 0.3383489160006103 __DUMMY__ 0.3339578305102565 off 0.3276932534891332	false	1.0
besorgt	neg 1.0		__DUMMY__ 0.33825339810407373 neg 0.3360586635677628 off 0.32568793832816345	false	1.0
nachlassen	neg 1.0		neg 0.3409037141979521 __DUMMY__ 0.33710652137933284 off 0.3219897644227151	false	1.0
alt	neg 1.0		neg 0.34008048872733154 __DUMMY__ 0.33679175242400394 off 0.32312775884866457	false	1.0
hundesohn	off 1.0		off 0.3411597368845097 __DUMMY__ 0.33039215209256684 neg 0.32844811102292343	false	1.0
als			__DUMMY__ 0.3375023211371113 neg 0.33711494472170356 off 0.3253827341411852	false	0.0
abschreckung	neg 1.0		neg 0.34292012114633297 __DUMMY__ 0.3373636564682029 off 0.3197162223854641	false	1.0
unqualifiziert	neg 1.0		neg 0.33906139379135375 __DUMMY__ 0.3326179913982 off 0.3283206148104462	false	1.0
abgewichst	off 1.0		neg 0.3384007895607474 __DUMMY__ 0.336743684871498 off 0.3248555255677547	false	0.5
schwer	neg 1.0		neg 0.33704394389744474 __DUMMY__ 0.33625935533299683 off 0.32669670076955837	false	1.0
bedeutungslosigkeit	neg 1.0		neg 0.3429889702934183 __DUMMY__ 0.3366706000588218 off 0.3203404296477599	false	1.0
kapitulation	neg 1.0		neg 0.3439814195251716 __DUMMY__ 0.33509078604457465 off 0.32092779443025393	false	1.0
unscharf	neg 1.0		neg 0.33586682748707763 __DUMMY__ 0.33504919109574627 off 0.32908398141717604	false	1.0
schwinden	neg 1.0		neg 0.34305511834398117 __DUMMY__ 0.3367212635840464 off 0.3202236180719725	false	1.0
versklavung	neg 1.0		neg 0.3407321087457629 __DUMMY__ 0.3334656560498095 off 0.3258022352044277	false	1.0
schlecht	neg 1.0		__DUMMY__ 0.33500133192078596 off 0.3338748994498291 neg 0.33112376862938475	false	0.5
verhasst	neg 1.0		neg 0.33730053812390187 __DUMMY__ 0.3352411388178795 off 0.32745832305821854	false	1.0
beschweren	neg 1.0		neg 0.33593092054792706 __DUMMY__ 0.3354153383730804 off 0.32865374107899253	false	1.0
scheiden	neg 1.0		__DUMMY__ 0.33874978720886445 neg 0.33205450404297404 off 0.32919570874816156	false	1.0
frustriert	neg 1.0		neg 0.33813090479824376 __DUMMY__ 0.33642181966550105 off 0.32544727553625524	false	1.0
schimmelig	neg 1.0		neg 0.3400274406324254 __DUMMY__ 0.3372936737240716 off 0.3226788856435031	false	1.0
fisch	neg 1.0		__DUMMY__ 0.3398825787589954 neg 0.3370459223180534 off 0.3230714989229512	false	1.0
schmuggel	neg 1.0		__DUMMY__ 0.3394618926752597 neg 0.3380238981862615 off 0.32251420913847867	false	1.0
auffallen	neg 1.0		__DUMMY__ 0.3353915308027751 neg 0.3350793213569017 off 0.32952914784032317	false	1.0
konkurrenz	neg 1.0	neg 1.0	neg 0.6598379394141117 off 0.17649921943287414 __DUMMY__ 0.16366284115301413	false	1.0
teufelskreis	neg 1.0		neg 0.3384507442450232 __DUMMY__ 0.3358700937150779 off 0.32567916203989883	false	1.0
aufschreien	neg 1.0		neg 0.33638110156038586 __DUMMY__ 0.3347355157915158 off 0.32888338264809835	false	1.0
schuldner	neg 1.0		neg 0.34197957083983843 __DUMMY__ 0.3371371520625778 off 0.3208832770975838	false	1.0
missgeburt	off 1.0	off 1.0	off 0.656939728720783 neg 0.182151471415838 __DUMMY__ 0.16090879986337897	false	1.0
arbeitslos	neg 1.0		neg 0.34169844545577116 __DUMMY__ 0.3350940057140485 off 0.3232075488301802	false	1.0
befallen	neg 1.0		neg 0.3392977019820753 __DUMMY__ 0.3361255570643467 off 0.3245767409535779	false	1.0
miesepetrig	off 1.0	off 1.0	off 0.654470211521658 neg 0.1832535856731841 __DUMMY__ 0.16227620280515787	false	1.0
alarmieren	neg 1.0		neg 0.33588000639617616 __DUMMY__ 0.3335897584414446 off 0.3305302351623793	false	1.0
ungeduscht	off 1.0		__DUMMY__ 0.33544923816070377 neg 0.33346570345303395 off 0.33108505838626223	false	0.5
knappheit	neg 1.0		neg 0.34400770667172953 __DUMMY__ 0.33501987592985605 off 0.32097241739841426	false	1.0
schlange	neg 1.0		__DUMMY__ 0.3372092666637486 neg 0.3328550497210265 off 0.3299356836152249	false	1.0
harsch	neg 1.0		off 0.33820209902991927 __DUMMY__ 0.33414302908764903 neg 0.3276548718824317	false	0.5
lang	neg 1.0		neg 0.33655408772874795 __DUMMY__ 0.33626150407840916 off 0.32718440819284283	false	1.0
ziellos	neg 1.0		neg 0.3378506893709746 __DUMMY__ 0.337564739812642 off 0.32458457081638337	false	1.0
selbstverliebt	neg 1.0		off 0.3435636419797837 __DUMMY__ 0.32925435280943444 neg 0.32718200521078195	false	0.5
beseitigen	neg 1.0	neg 1.0	neg 0.6553980813910332 off 0.18062739461776242 __DUMMY__ 0.16397452399120446	false	1.0
dumm	off 1.0		off 0.33950202862821355 __DUMMY__ 0.33176270646784917 neg 0.32873526490393723	false	1.0
arbeitsloser	neg 1.0		neg 0.3402110365677059 __DUMMY__ 0.33657395966925685 off 0.32321500376303736	false	1.0
blitzen	neg 1.0		__DUMMY__ 0.3352213775237225 neg 0.33466137775644095 off 0.3301172447198365	false	1.0
hilflos	neg 1.0		neg 0.33836813657750003 __DUMMY__ 0.33661753514272197 off 0.325014328279778	false	1.0
eklig	off 1.0		off 0.34030145423107205 __DUMMY__ 0.3317072674959595 neg 0.3279912782729684	false	1.0
begriff			neg 0.3401619524884375 __DUMMY__ 0.3353280642800162 off 0.32450998323154623	false	0.0
hungersnot	neg 1.0		neg 0.3378725801841797 __DUMMY__ 0.3370552731572977 off 0.3250721466585226	false	1.0
ungesetzlich	neg 1.0		neg 0.34316533714928876 __DUMMY__ 0.3313714228706009 off 0.32546323998011045	false	1.0
verschwendung	neg 1.0		neg 0.3414348884531143 __DUMMY__ 0.33678712532501076 off 0.321777986221875	false	1.0
schmerzvoll	neg 1.0		__DUMMY__ 0.33576274948498064 neg 0.33535410399673216 off 0.32888314651828726	false	1.0
vorzeitig	neg 1.0		__DUMMY__ 0.33627139217330576 neg 0.3328248093308572 off 0.33090379849583706	false	1.0
unvollkommenheit	neg 1.0		__DUMMY__ 0.3396386818103597 neg 0.33399257719354924 off 0.32636874099609103	false	1.0
intervenieren	neg 1.0		neg 0.34408707787154685 __DUMMY__ 0.3355466837028317 off 0.32036623842562145	false	1.0
banause	off 1.0		off 0.34165269834059586 __DUMMY__ 0.330072418063369 neg 0.32827488359603507	false	1.0
rebell	neg 1.0		neg 0.34306867198401714 __DUMMY__ 0.338283350649951 off 0.31864797736603173	false	1.0
unlogisch	neg 1.0		off 0.3358319207641874 __DUMMY__ 0.333247381300941 neg 0.33092069793487155	false	0.5
leiden	neg 1.0		__DUMMY__ 0.3403403107640374 neg 0.33572700231902997 off 0.3239326869169325	false	1.0
abschaffung	neg 1.0		neg 0.3405655907695923 __DUMMY__ 0.33391972261976294 off 0.3255146866106449	false	1.0
sturz	neg 1.0		neg 0.3365723409849236 __DUMMY__ 0.33654811521987243 off 0.32687954379520406	false	1.0
verkleinerung	neg 1.0		neg 0.33961535439205415 __DUMMY__ 0.33259373148940335 off 0.3277909141185425	false	1.0
schmarotzer	off 1.0		neg 0.3421170449448867 __DUMMY__ 0.33494112497042944 off 0.322941830084684	false	0.5
bestrafung	neg 1.0		neg 0.33673958560164396 __DUMMY__ 0.3353382352648941 off 0.32792217913346194	false	1.0
achtlos	neg 1.0		__DUMMY__ 0.33687105712519944 neg 0.33603839192069995 off 0.32709055095410056	false	1.0
ungeheuer	neg 1.0		__DUMMY__ 0.33569091652348304 neg 0.3338462090077721 off 0.33046287446874484	false	1.0
unaufrichtig	neg 1.0		neg 0.33873357133141 __DUMMY__ 0.33364269934119284 off 0.3276237293273971	false	1.0
groggy	neg 1.0		neg 0.33549567104275546 __DUMMY__ 0.33508976045747174 off 0.32941456849977296	false	1.0
verletzlich	neg 1.0		off 0.33472819501912654 __DUMMY__ 0.3340980669047548 neg 0.33117373807611855	false	0.5
ablehnen	neg 1.0		neg 0.3417775603962381 __DUMMY__ 0.33577031897673804 off 0.3224521206270238	false	1.0
