unsolidarisch	neg 1.0		neg 0.49193648076702323 off 0.4657627339507879 __DUMMY__ 0.042300785282188766	false	1.0
nachteilig	neg 1.0		neg 0.4925171975766494 off 0.46472562333649375 __DUMMY__ 0.042757179086856674	false	1.0
skeptisch	neg 1.0		neg 0.4927011793418496 off 0.4644598790060993 __DUMMY__ 0.04283894165205105	false	1.0
schrecklich	neg 1.0		off 0.48031139548258045 neg 0.47728424867456604 __DUMMY__ 0.04240435584285343	false	0.5
schlapp	neg 1.0		neg 0.4810623176425157 off 0.47631226020589107 __DUMMY__ 0.042625422151593234	false	1.0
abfall	neg 1.0		neg 0.4949737985032366 off 0.4620649392064263 __DUMMY__ 0.042961262290337185	false	1.0
widerspenstig	neg 1.0		neg 0.4862768936593646 off 0.4709382824242963 __DUMMY__ 0.042784823916339	false	1.0
abrupt	neg 1.0		neg 0.48964939599198865 off 0.46730257578993023 __DUMMY__ 0.04304802821808101	false	1.0
unwirksam	neg 1.0		neg 0.4906426933490329 off 0.4669497888685266 __DUMMY__ 0.042407517782440514	false	1.0
angreifen	neg 1.0	neg 1.0	neg 0.7321712700332919 off 0.24731863628338108 __DUMMY__ 0.020510093683327037	false	1.0
inkonsistent	neg 1.0		neg 0.4853521712343522 off 0.47188050072085963 __DUMMY__ 0.04276732804478831	false	1.0
abrutschen	neg 1.0		neg 0.4945311299647165 off 0.4625078867941188 __DUMMY__ 0.04296098324116455	false	1.0
unsicher	neg 1.0		neg 0.48620834855502965 off 0.4709916875510629 __DUMMY__ 0.042799963893907424	false	1.0
bauernkind	off 1.0	off 1.0	off 0.7239519202176781 neg 0.2559283684799329 __DUMMY__ 0.020119711302388963	false	1.0
angreifer	neg 1.0		neg 0.4848462428052079 off 0.47237597979865176 __DUMMY__ 0.04277777739614039	false	1.0
trennen	neg 1.0		neg 0.48815968590946596 off 0.46868082233057695 __DUMMY__ 0.04315949175995711	false	1.0
schmutz	neg 1.0		neg 0.4813084426295699 off 0.4756346221727488 __DUMMY__ 0.043056935197681424	false	1.0
inkonsistenz	neg 1.0		neg 0.4859408373223617 off 0.47176104451069495 __DUMMY__ 0.04229811816694326	false	1.0
erschreckend	neg 1.0		neg 0.48907098355996137 off 0.4682495304701922 __DUMMY__ 0.04267948596984646	false	1.0
ertrinken	neg 1.0		neg 0.48860679233671905 off 0.4683676417160599 __DUMMY__ 0.04302556594722105	false	1.0
pickelface	off 1.0		neg 0.4893165244079965 off 0.46791291732292395 __DUMMY__ 0.042770558269079585	false	0.5
seiner			neg 0.49063696204423213 off 0.4663867913448791 __DUMMY__ 0.04297624661088862	false	0.0
lauch	neg 1.0		neg 0.4953877786445102 off 0.4617472711202897 __DUMMY__ 0.042864950235200094	false	1.0
unwichtig	neg 1.0		neg 0.48290425068077997 off 0.47459815381923365 __DUMMY__ 0.04249759549998645	false	1.0
steuerhinterziehung	neg 1.0		neg 0.49134143662572366 off 0.4660965780174221 __DUMMY__ 0.042561985356854286	false	1.0
schock	neg 1.0		neg 0.48532358255883223 off 0.47167626429888526 __DUMMY__ 0.04300015314228244	false	1.0
beule	neg 1.0		neg 0.4805084573670454 off 0.4768552337904435 __DUMMY__ 0.04263630884251107	false	1.0
vergelten	neg 1.0		off 0.48077732039065707 neg 0.47655427486127483 __DUMMY__ 0.04266840474806818	false	0.5
verdorbenheit	neg 1.0		neg 0.48669491854785796 off 0.4704833155856545 __DUMMY__ 0.042821765866487574	false	1.0
trauma	neg 1.0		neg 0.485816289876425 off 0.4714627315372685 __DUMMY__ 0.042720978586306434	false	1.0
sinnlos	neg 1.0		neg 0.4835271869801469 off 0.4737154011513142 __DUMMY__ 0.042757411868538826	false	1.0
fettsack	off 1.0	off 1.0	off 0.7260660664251021 neg 0.2537200441690499 __DUMMY__ 0.020213889405847986	false	1.0
feige	off 1.0	off 1.0	off 0.7226288412924443 neg 0.2570888562815047 __DUMMY__ 0.020282302426050974	false	1.0
abdanken	neg 1.0		neg 0.48985917715386446 off 0.46754875717058964 __DUMMY__ 0.042592065675545986	false	1.0
wichtigtuer	off 1.0	off 1.0	off 0.721152691605619 neg 0.2584885278668003 __DUMMY__ 0.02035878052758075	false	1.0
misslingen	neg 1.0		neg 0.48160133206262595 off 0.4752765859740802 __DUMMY__ 0.043122081963293916	false	1.0
untreu	off 1.0		neg 0.4818200097093402 off 0.4757405322904518 __DUMMY__ 0.042439458000208076	false	0.5
missmutig	neg 1.0		neg 0.48219061834473526 off 0.47525542803816334 __DUMMY__ 0.042553953617101535	false	1.0
hurenbock	off 1.0		neg 0.48428787833636355 off 0.47290284226912377 __DUMMY__ 0.04280927939451256	false	0.5
betrunken	neg 1.0		off 0.4797225965507787 neg 0.4776399034156762 __DUMMY__ 0.04263750003354506	false	0.5
korrupt	off 1.0		neg 0.49324690302578633 off 0.4642880664266584 __DUMMY__ 0.042465030547555294	false	0.5
unmut	neg 1.0		neg 0.49534658287697436 off 0.4617412912044108 __DUMMY__ 0.042912125918614874	false	1.0
hackfresse	off 1.0		off 0.48260654805377795 neg 0.47523979113412307 __DUMMY__ 0.042153660812098856	false	1.0
aufblasen	neg 1.0		neg 0.4838807830595134 off 0.4732782318968494 __DUMMY__ 0.0428409850436371	false	1.0
gewaltsam	neg 1.0		neg 0.4874257135752958 off 0.46976485182396943 __DUMMY__ 0.04280943460073473	false	1.0
unbeliebtheit	neg 1.0		neg 0.48827872093800173 off 0.4696704748089692 __DUMMY__ 0.042050804253029116	false	1.0
sturheit	neg 1.0		neg 0.48935625881747846 off 0.46798624330058575 __DUMMY__ 0.042657497881935735	false	1.0
kuh	neg 1.0		neg 0.4883788584547784 off 0.46911180223051874 __DUMMY__ 0.042509339314702986	false	1.0
erschrecken	neg 1.0		neg 0.4819861515734406 off 0.4753493558587762 __DUMMY__ 0.042664492567783215	false	1.0
opfer	neg 1.0		neg 0.48936787427903206 off 0.4676826033290503 __DUMMY__ 0.04294952239191767	false	1.0
sinken	neg 1.0		neg 0.4940990234221712 off 0.4629497456240011 __DUMMY__ 0.04295123095382778	false	1.0
stinktier	neg 1.0		off 0.4793307789939581 neg 0.4784450416449579 __DUMMY__ 0.04222417936108399	false	0.5
tucke	off 1.0		off 0.4806668542422658 neg 0.4774612904895496 __DUMMY__ 0.04187185526818467	false	1.0
ein			neg 0.4851733625276668 off 0.472026063767284 __DUMMY__ 0.04280057370504923	false	0.0
abstieg	neg 1.0		neg 0.48937529342847524 off 0.46756405981269955 __DUMMY__ 0.043060646758825295	false	1.0
missverstehen	neg 1.0		neg 0.4853845238455724 off 0.4720657537142576 __DUMMY__ 0.04254972244016996	false	1.0
ergebnislos	neg 1.0		neg 0.4921351070038296 off 0.4650465329515007 __DUMMY__ 0.0428183600446696	false	1.0
unter			neg 0.49572688116570196 off 0.4608553972491532 __DUMMY__ 0.043417721585144904	false	0.0
manipulieren	neg 1.0		neg 0.49265231294114453 off 0.46451313918438175 __DUMMY__ 0.042834547874473564	false	1.0
unbewiesen	neg 1.0		neg 0.49234958830055253 off 0.46542278242005763 __DUMMY__ 0.04222762927938992	false	1.0
verschleppen	neg 1.0		neg 0.48996274585872696 off 0.4672203665995498 __DUMMY__ 0.04281688754172337	false	1.0
weib	off 1.0		off 0.4823683161956911 neg 0.4754967512939869 __DUMMY__ 0.04213493251032197	false	1.0
opposition	neg 1.0		neg 0.4870344985450937 off 0.4704584351267872 __DUMMY__ 0.04250706632811921	false	1.0
verkehrswidrig	neg 1.0	neg 1.0	neg 0.7215529267674119 off 0.25784183495976665 __DUMMY__ 0.020605238272821486	false	1.0
inkorrekt	neg 1.0		neg 0.48262196014194303 off 0.4751659175941955 __DUMMY__ 0.04221212226386144	false	1.0
vermeiden	neg 1.0		neg 0.49551351606835387 off 0.46134022966836263 __DUMMY__ 0.04314625426328333	false	1.0
abweichung	neg 1.0		neg 0.4920811021535387 off 0.4651593929007378 __DUMMY__ 0.042759504945723455	false	1.0
alkoholisiert	neg 1.0		neg 0.487351014984116 off 0.469345790812345 __DUMMY__ 0.043303194203539036	false	1.0
scheiss	off 1.0	off 1.0	off 0.7237852378859618 neg 0.25583993444865105 __DUMMY__ 0.02037482766538724	false	1.0
herausforderung	neg 1.0	neg 1.0	neg 0.7288595151349628 off 0.25031047254491706 __DUMMY__ 0.02083001232012017	false	1.0
pervers	off 1.0		off 0.4857244777057094 neg 0.4722362426878064 __DUMMY__ 0.04203927960648428	false	1.0
wackelig	neg 1.0		neg 0.48631711108688513 off 0.4705786382875629 __DUMMY__ 0.043104250625552024	false	1.0
verwickeln	neg 1.0		neg 0.4856298072638852 off 0.4718285878468574 __DUMMY__ 0.04254160488925737	false	1.0
vorwand	neg 1.0		neg 0.49282787683219326 off 0.46425723941011654 __DUMMY__ 0.042914883757690314	false	1.0
muschi	off 1.0		neg 0.4888004608614171 off 0.46843090662884146 __DUMMY__ 0.042768632509741354	false	0.5
entmutigung	neg 1.0		neg 0.4882582959630787 off 0.4692990236400628 __DUMMY__ 0.042442680396858626	false	1.0
unangemessen	neg 1.0		neg 0.49043786954133417 off 0.4669026883511222 __DUMMY__ 0.04265944210754364	false	1.0
unstetig	neg 1.0		neg 0.48446526439524523 off 0.47269810786373934 __DUMMY__ 0.04283662774101528	false	1.0
entmutigen	neg 1.0		neg 0.4856113207626863 off 0.47169950840806224 __DUMMY__ 0.042689170829251485	false	1.0
schwanz	neg 1.0		neg 0.4913045966143088 off 0.4657780626155003 __DUMMY__ 0.042917340770190875	false	1.0
verbot	neg 1.0		neg 0.4920358634615444 off 0.46534589679122884 __DUMMY__ 0.042618239747226914	false	1.0
leid	neg 1.0		off 0.48194482949688083 neg 0.4756475512697369 __DUMMY__ 0.04240761923338233	false	0.5
archaisch	neg 1.0		neg 0.4889097713262262 off 0.468277252911145 __DUMMY__ 0.04281297576262877	false	1.0
gegen			neg 0.4924430680268825 off 0.46451251321133463 __DUMMY__ 0.04304441876178293	false	0.0
scheidung	neg 1.0		off 0.4901532139791166 neg 0.46781011542892803 __DUMMY__ 0.042036670591955386	false	0.5
einschlag	neg 1.0	neg 1.0	neg 0.724293571129767 off 0.2553291344605107 __DUMMY__ 0.02037729440972231	false	1.0
m			neg 0.48802614757043394 off 0.46904559613868285 __DUMMY__ 0.04292825629088324	false	0.0
abgestanden	neg 1.0		neg 0.48495240906599413 off 0.4722308883802274 __DUMMY__ 0.042816702553778445	false	1.0
schmierig	off 1.0		off 0.4813362268151371 neg 0.4762451325433393 __DUMMY__ 0.042418640641523675	false	1.0
unpraktisch	neg 1.0		neg 0.484021786090362 off 0.47310468640738107 __DUMMY__ 0.042873527502257085	false	1.0
wixxer	off 1.0		off 0.48483785497610526 neg 0.473183608026732 __DUMMY__ 0.041978536997162794	false	1.0
bezeichnet			neg 0.4882415733690395 off 0.4690811504593159 __DUMMY__ 0.04267727617164467	false	0.0
jammerlappen	off 1.0		neg 0.48235247135489656 off 0.4751179745103826 __DUMMY__ 0.04252955413472093	false	0.5
farce	neg 1.0		neg 0.49208330835264447 off 0.46540475048837554 __DUMMY__ 0.04251194115898007	false	1.0
zwecklos	neg 1.0		neg 0.49012535209522723 off 0.46717997191015026 __DUMMY__ 0.042694675994622636	false	1.0
turbulent	neg 1.0		neg 0.48228948281564804 off 0.47525018539357133 __DUMMY__ 0.04246033179078063	false	1.0
invasion	neg 1.0		neg 0.4838335985463628 off 0.473446062394773 __DUMMY__ 0.04272033905886434	false	1.0
schuld	neg 1.0		neg 0.48640608434419536 off 0.4709188615291181 __DUMMY__ 0.04267505412668646	false	1.0
risiko	neg 1.0		neg 0.4851985440440311 off 0.4719346619672967 __DUMMY__ 0.04286679398867222	false	1.0
finster	neg 1.0		neg 0.48493203635634713 off 0.4722830535939166 __DUMMY__ 0.04278491004973637	false	1.0
geisteskrank	off 1.0		neg 0.48183194470438534 off 0.4758080582697734 __DUMMY__ 0.04235999702584114	false	0.5
zusammenbrechen	neg 1.0		neg 0.4874843650178608 off 0.4696411513384728 __DUMMY__ 0.04287448364366645	false	1.0
ausbeute	neg 1.0		neg 0.48916284958441814 off 0.4677270112858573 __DUMMY__ 0.04311013912972464	false	1.0
hinterhalt	neg 1.0		neg 0.4869961510510336 off 0.4700350779238998 __DUMMY__ 0.04296877102506655	false	1.0
kritik	neg 1.0		neg 0.4916970587544705 off 0.46573357120552944 __DUMMY__ 0.042569370039999985	false	1.0
einschrumpfen	neg 1.0		neg 0.48649120344339053 off 0.47111898448588113 __DUMMY__ 0.04238981207072826	false	1.0
riskant	neg 1.0		neg 0.4913440729540284 off 0.4658593652844434 __DUMMY__ 0.04279656176152821	false	1.0
frustrieren	neg 1.0		neg 0.4906992992533664 off 0.466468626517979 __DUMMY__ 0.042832074228654614	false	1.0
groll	neg 1.0		neg 0.48937963778756505 off 0.46781818472400716 __DUMMY__ 0.04280217748842768	false	1.0
gibt			neg 0.489080999601139 off 0.46814631715377025 __DUMMY__ 0.042772683245090676	false	0.0
qualvoll	neg 1.0		neg 0.48194515395081944 off 0.47529047910163547 __DUMMY__ 0.04276436694754508	false	1.0
wackeln	neg 1.0	neg 1.0	neg 0.7274414663888276 off 0.2519736918340902 __DUMMY__ 0.020584841777082294	false	1.0
klagen	neg 1.0		neg 0.4943967535442723 off 0.4626664582426926 __DUMMY__ 0.04293678821303498	false	1.0
bankrott	neg 1.0		neg 0.48249034426620435 off 0.4748625642274054 __DUMMY__ 0.042647091506390254	false	1.0
trauern	neg 1.0		neg 0.48930458324815107 off 0.4677128926479838 __DUMMY__ 0.042982524103865015	false	1.0
ablehnung	neg 1.0		neg 0.4915545087084708 off 0.4658675447157734 __DUMMY__ 0.04257794657575586	false	1.0
stur	neg 1.0		neg 0.4864169186091089 off 0.47098571993074556 __DUMMY__ 0.04259736146014547	false	1.0
aufruhr	neg 1.0		neg 0.48778255388953107 off 0.4694270295368419 __DUMMY__ 0.04279041657362709	false	1.0
melancholie	neg 1.0		neg 0.4882615430986074 off 0.46881530647244485 __DUMMY__ 0.04292315042894776	false	1.0
ist			neg 0.48517519518670144 off 0.4721501782272385 __DUMMY__ 0.04267462658606009	false	0.0
torheit	neg 1.0		neg 0.487904243685844 off 0.46954260358758937 __DUMMY__ 0.0425531527265666	false	1.0
dreckskind	off 1.0		off 0.48029591182791653 neg 0.477567252685149 __DUMMY__ 0.04213683548693445	false	1.0
umtauschen	neg 1.0		neg 0.4869558036329396 off 0.4702629798908774 __DUMMY__ 0.04278121647618299	false	1.0
zum			neg 0.4920130525460639 off 0.4645313548114673 __DUMMY__ 0.043455592642468774	false	0.0
zersetzen	neg 1.0		neg 0.4935696254995947 off 0.4636721058863244 __DUMMY__ 0.04275826861408079	false	1.0
zur			neg 0.4954620273999832 off 0.4613138261806765 __DUMMY__ 0.04322414641934017	false	0.0
frust	neg 1.0		neg 0.48804705888922145 off 0.46910716236923833 __DUMMY__ 0.04284577874154013	false	1.0
unerbittlichkeit	neg 1.0		neg 0.49301670633298184 off 0.4641878038752672 __DUMMY__ 0.042795489791750824	false	1.0
zwei			neg 0.4908699873609614 off 0.46583692885657585 __DUMMY__ 0.043293083782462674	false	0.0
unkorrekt	neg 1.0		neg 0.48273467096870465 off 0.47513657660551545 __DUMMY__ 0.04212875242577985	false	1.0
hexe	off 1.0		neg 0.4816057493799647 off 0.4758931582029694 __DUMMY__ 0.04250109241706581	false	0.5
lasch	neg 1.0		neg 0.4853893416340719 off 0.4722060160858508 __DUMMY__ 0.04240464228007743	false	1.0
rivale	neg 1.0		neg 0.47879914268195095 off 0.4786871620537704 __DUMMY__ 0.04251369526427871	false	1.0
mutlos	off 1.0	off 1.0	off 0.717172630992129 neg 0.26240947667414355 __DUMMY__ 0.02041789233372741	false	1.0
wirr	off 1.0		neg 0.4820551446980489 off 0.47579328543232324 __DUMMY__ 0.04215156986962789	false	0.5
jahr			neg 0.48965006636482533 off 0.4671695163242712 __DUMMY__ 0.043180417310903454	false	0.0
wird			neg 0.48994015479159314 off 0.4672007834978769 __DUMMY__ 0.04285906171052992	false	0.0
strafbar	neg 1.0		neg 0.4918966385007809 off 0.46536898464281595 __DUMMY__ 0.04273437685640316	false	1.0
erosion	neg 1.0		neg 0.4848606561144629 off 0.4722793390427164 __DUMMY__ 0.042860004842820716	false	1.0
eingehen	neg 1.0		neg 0.4913254361992468 off 0.4660015305765032 __DUMMY__ 0.0426730332242501	false	1.0
faul	off 1.0		neg 0.4815193920023266 off 0.47578795543805413 __DUMMY__ 0.042692652559619404	false	0.5
provisorium	neg 1.0		neg 0.49696911194656185 off 0.45970199807006557 __DUMMY__ 0.04332888998337265	false	1.0
schmerzen	neg 1.0		neg 0.4862211282914333 off 0.47097919277858236 __DUMMY__ 0.04279967892998427	false	1.0
schrumpfen	neg 1.0		neg 0.49777829643870053 off 0.4592676797596712 __DUMMY__ 0.04295402380162819	false	1.0
geistlos	off 1.0		neg 0.48843804825503007 off 0.4692965625293589 __DUMMY__ 0.0422653892156109	false	0.5
fehlkauf	neg 1.0		neg 0.4854461252131268 off 0.471899634305993 __DUMMY__ 0.04265424048088021	false	1.0
frustrierend	neg 1.0		neg 0.48174184632451916 off 0.4755470005418235 __DUMMY__ 0.04271115313365745	false	1.0
unzufrieden	neg 1.0		neg 0.49052042995970724 off 0.4668012907253655 __DUMMY__ 0.04267827931492736	false	1.0
verzweifeln	neg 1.0		neg 0.487244791997302 off 0.4699818025443465 __DUMMY__ 0.04277340545835153	false	1.0
verzweifelt	neg 1.0		neg 0.4856585309111227 off 0.47168581092757955 __DUMMY__ 0.04265565816129764	false	1.0
misstrauensantrag	neg 1.0		neg 0.48562009357056724 off 0.4718203525646931 __DUMMY__ 0.042559553864739606	false	1.0
abfallen	neg 1.0		neg 0.4834559463174008 off 0.4736524648160344 __DUMMY__ 0.04289158886656482	false	1.0
fucker	off 1.0		neg 0.48087802755266557 off 0.47671991972731875 __DUMMY__ 0.04240205272001552	false	0.5
ungezogen	neg 1.0		off 0.4850372945894869 neg 0.4727619173616272 __DUMMY__ 0.04220078804888585	false	0.5
irrsinnig	neg 1.0	neg 1.0	neg 0.729104995501734 off 0.25050369431031666 __DUMMY__ 0.020391310187949426	false	1.0
unfassbar	neg 1.0		neg 0.4820186257879104 off 0.4755153870297004 __DUMMY__ 0.042465987182389295	false	1.0
hart	neg 1.0		neg 0.4834400652719187 off 0.4739605317739292 __DUMMY__ 0.042599402954152134	false	1.0
widerlich	off 1.0		neg 0.48185889366534973 off 0.47577839546163453 __DUMMY__ 0.04236271087301589	false	0.5
fatal	neg 1.0		neg 0.48510482039491964 off 0.472241232360523 __DUMMY__ 0.04265394724455724	false	1.0
bruch	neg 1.0		neg 0.494912585506502 off 0.46222568415858156 __DUMMY__ 0.042861730334916456	false	1.0
aushungern	neg 1.0		neg 0.49035490865114856 off 0.46706741441141 __DUMMY__ 0.04257767693744147	false	1.0
anspannung	neg 1.0	neg 1.0	neg 0.7314232572995549 off 0.24769668551374582 __DUMMY__ 0.020880057186699157	false	1.0
von			neg 0.4907747029038914 off 0.4660641655604025 __DUMMY__ 0.043161131535706034	false	0.0
kraftlos	neg 1.0		neg 0.486683248123035 off 0.47029151299203814 __DUMMY__ 0.043025238884926834	false	1.0
vom			neg 0.494965859093849 off 0.4615972799735274 __DUMMY__ 0.04343686093262357	false	0.0
grenzdebil	off 1.0		neg 0.48041045451794984 off 0.47710199528121133 __DUMMY__ 0.04248755020083893	false	0.5
vor			neg 0.4915709151326405 off 0.4653960787592077 __DUMMY__ 0.043033006108151736	false	0.0
unterwerfen	neg 1.0		neg 0.49097900070459344 off 0.4661832262203744 __DUMMY__ 0.04283777307503211	false	1.0
versenkung	neg 1.0		neg 0.4913314850961689 off 0.46582429411202586 __DUMMY__ 0.042844220791805304	false	1.0
entziehen	neg 1.0		neg 0.49372825794900976 off 0.46335067656459755 __DUMMY__ 0.04292106548639265	false	1.0
finanzkrise	neg 1.0		neg 0.4904635081460738 off 0.4669967900999068 __DUMMY__ 0.04253970175401943	false	1.0
schimpfend	neg 1.0		neg 0.48365163841765696 off 0.4734507202380381 __DUMMY__ 0.042897641344305064	false	1.0
profan	neg 1.0		neg 0.48413076248364956 off 0.4732467696422697 __DUMMY__ 0.042622467874080694	false	1.0
korruption	neg 1.0	neg 1.0	neg 0.7319916966743178 off 0.24761104665823175 __DUMMY__ 0.020397256667450406	false	1.0
â			neg 0.4893380345836328 off 0.4677257563205024 __DUMMY__ 0.04293620909586491	false	0.0
schmutzig	neg 1.0		neg 0.4799045626266893 off 0.4774910638280919 __DUMMY__ 0.04260437354521882	false	1.0
sexy	neg 1.0		neg 0.4831095681337537 off 0.4742424796479839 __DUMMY__ 0.04264795221826242	false	1.0
abraten	neg 1.0		neg 0.48475615281107454 off 0.47255527374404577 __DUMMY__ 0.04268857344487972	false	1.0
schwarz	neg 1.0		neg 0.4860725304455346 off 0.47129122554896036 __DUMMY__ 0.04263624400550501	false	1.0
fotze	off 1.0		neg 0.4909203028196925 off 0.4662454678229261 __DUMMY__ 0.042834229357381425	false	0.5
verwirren	neg 1.0		neg 0.48380968695030385 off 0.47356146158158297 __DUMMY__ 0.042628851468113085	false	1.0
zahnlos	off 1.0		neg 0.490389404433828 off 0.4669250562749871 __DUMMY__ 0.04268553929118498	false	0.5
verheeren	neg 1.0		off 0.487390926407265 neg 0.47028266343416975 __DUMMY__ 0.04232641015856533	false	0.5
hippie	neg 1.0		neg 0.48398927038134193 off 0.4733809017784491 __DUMMY__ 0.04262982784020908	false	1.0
rammen	neg 1.0		neg 0.4865256545653668 off 0.47082126228027377 __DUMMY__ 0.042653083154359596	false	1.0
unlauter	neg 1.0		neg 0.4910596415822166 off 0.46665607288627287 __DUMMY__ 0.042284285531510486	false	1.0
unheilvoll	neg 1.0		neg 0.4820958942686197 off 0.475023938826289 __DUMMY__ 0.04288016690509113	false	1.0
niedrig	neg 1.0		neg 0.4908958055073046 off 0.4661632133002322 __DUMMY__ 0.04294098119246319	false	1.0
explosion	neg 1.0		neg 0.4851847497900654 off 0.47223334564770947 __DUMMY__ 0.04258190456222513	false	1.0
weichei	off 1.0		off 0.48149300111298127 neg 0.4762656503543955 __DUMMY__ 0.04224134853262323	false	1.0
minusmensch	off 1.0		off 0.48223093586632054 neg 0.4759381133433814 __DUMMY__ 0.041830950790298006	false	1.0
farblos	neg 1.0		neg 0.4836336985140751 off 0.4731969497559388 __DUMMY__ 0.04316935172998598	false	1.0
unwissend	neg 1.0	neg 1.0	neg 0.726967383035154 off 0.25273335061263863 __DUMMY__ 0.020299266352207333	false	1.0
traurig	neg 1.0		off 0.47948823687892367 neg 0.4780471618249895 __DUMMY__ 0.042464601296086674	false	0.5
senkung	neg 1.0		neg 0.48662623434987884 off 0.47096860154358344 __DUMMY__ 0.0424051641065376	false	1.0
ungleich	neg 1.0	neg 1.0	neg 0.7326786981413292 off 0.24690303657993454 __DUMMY__ 0.020418265278736285	false	1.0
heikel	neg 1.0		neg 0.4930782587786631 off 0.4641407599720683 __DUMMY__ 0.04278098124926877	false	1.0
drosselung	neg 1.0		neg 0.48008203615979217 off 0.4773414992182596 __DUMMY__ 0.042576464621948286	false	1.0
falsch	neg 1.0		neg 0.4824420671569972 off 0.47494721027597514 __DUMMY__ 0.04261072256702757	false	1.0
unzufriedenheit	neg 1.0		neg 0.49332286808409875 off 0.4638403500733259 __DUMMY__ 0.042836781842575354	false	1.0
kurz	neg 1.0		neg 0.48683588120699667 off 0.47021429248012847 __DUMMY__ 0.04294982631287492	false	1.0
unsinnig	neg 1.0		neg 0.4906792933637382 off 0.4667291269544595 __DUMMY__ 0.0425915796818023	false	1.0
penner	off 1.0	off 1.0	off 0.7273516968534053 neg 0.25248583825582627 __DUMMY__ 0.020162464890768523	false	1.0
seicht	neg 1.0		off 0.4826857510105592 neg 0.4753336895944221 __DUMMY__ 0.04198055939501869	false	0.5
dummheit	off 1.0	off 1.0	off 0.7212215919595076 neg 0.2584403423662284 __DUMMY__ 0.020338065674264067	false	1.0
unerfreulich	neg 1.0		neg 0.4927060369679374 off 0.46436058557324517 __DUMMY__ 0.04293337745881736	false	1.0
motherfucker	off 1.0	off 1.0	off 0.7235247256244954 neg 0.25621735583245664 __DUMMY__ 0.020257918543047926	false	1.0
pikiert	neg 1.0		neg 0.483136531948827 off 0.47448339984234883 __DUMMY__ 0.0423800682088242	false	1.0
wrack	neg 1.0		neg 0.48798609383475716 off 0.4688782905936574 __DUMMY__ 0.0431356155715856	false	1.0
gangster	neg 1.0		neg 0.4839660704780914 off 0.4733560694563654 __DUMMY__ 0.0426778600655432	false	1.0
krank	neg 1.0		neg 0.478929310153482 off 0.47847589182077255 __DUMMY__ 0.04259479802574536	false	1.0
reich	neg 1.0		neg 0.4838480178967227 off 0.47369292512967687 __DUMMY__ 0.042459056973600355	false	1.0
gnadenlos	neg 1.0		neg 0.4859036807017267 off 0.4713749763795532 __DUMMY__ 0.04272134291872023	false	1.0
niedergeschlagen	neg 1.0		neg 0.4862415507351978 off 0.4707923690667836 __DUMMY__ 0.042966080198018466	false	1.0
terrorisieren	off 1.0	off 1.0	off 0.7187120124448092 neg 0.2607390918121329 __DUMMY__ 0.02054889574305788	false	1.0
sinnlosigkeit	neg 1.0		neg 0.48976837559522163 off 0.46750567176026875 __DUMMY__ 0.042725952644509485	false	1.0
behindern	neg 1.0		neg 0.48870240497561823 off 0.4686253310385703 __DUMMY__ 0.04267226398581159	false	1.0
undemokratisch	neg 1.0		neg 0.48899798042443937 off 0.4685495976906042 __DUMMY__ 0.04245242188495643	false	1.0
wirtschaftskrise	neg 1.0		neg 0.49206115740394024 off 0.4652568885553641 __DUMMY__ 0.04268195404069565	false	1.0
neid	neg 1.0		neg 0.4797931534121658 off 0.47742287894225555 __DUMMY__ 0.042783967645578666	false	1.0
rutschen	neg 1.0	neg 1.0	neg 0.7308787266560589 off 0.24831638655247157 __DUMMY__ 0.020804886791469523	false	1.0
rezession	neg 1.0		neg 0.47963815785602726 off 0.47814636441965525 __DUMMY__ 0.04221547772431756	false	1.0
fehlgeburt	neg 1.0		neg 0.48267007074172164 off 0.47447058626157196 __DUMMY__ 0.04285934299670655	false	1.0
charakterschwach	off 1.0		neg 0.48100302385773985 off 0.4765085866125232 __DUMMY__ 0.04248838952973692	false	0.5
isolation	neg 1.0		neg 0.4821359686277111 off 0.47518718040876284 __DUMMY__ 0.04267685096352603	false	1.0
ablenkung	neg 1.0		neg 0.4860445801298989 off 0.4711780570576496 __DUMMY__ 0.042777362812451446	false	1.0
pech	neg 1.0		neg 0.48248687433736126 off 0.4748748882037426 __DUMMY__ 0.04263823745889616	false	1.0
vermeidung	neg 1.0		neg 0.4821181326028674 off 0.4755280653419264 __DUMMY__ 0.04235380205520623	false	1.0
dominieren	neg 1.0		neg 0.48851362673107274 off 0.4684625385307551 __DUMMY__ 0.04302383473817219	false	1.0
schwindlig	neg 1.0		neg 0.48104579161539923 off 0.476004231351522 __DUMMY__ 0.04294997703307873	false	1.0
lutscher	neg 1.0		off 0.4836342546581093 neg 0.47438452639170936 __DUMMY__ 0.041981218950181316	false	0.5
pflicht	neg 1.0		neg 0.4931831479248737 off 0.4640200298922135 __DUMMY__ 0.04279682218291263	false	1.0
faschist	off 1.0		neg 0.48675645960575725 off 0.47085969913413506 __DUMMY__ 0.042383841260107746	false	0.5
verschleudern	neg 1.0		neg 0.49561979251033733 off 0.46193548039689336 __DUMMY__ 0.04244472709276932	false	1.0
wenn			neg 0.48234074306916935 off 0.47506612422710714 __DUMMY__ 0.04259313270372357	false	0.0
ehebruch	neg 1.0		neg 0.49074197945483833 off 0.4664703538210893 __DUMMY__ 0.042787666724072325	false	1.0
spott	off 1.0		neg 0.4925443901986814 off 0.4647637294720207 __DUMMY__ 0.042691880329297834	false	0.5
trostlosigkeit	neg 1.0		neg 0.49231705231236805 off 0.4646712269267631 __DUMMY__ 0.04301172076086881	false	1.0
lutschen	neg 1.0		neg 0.485644053456103 off 0.47182657794624644 __DUMMY__ 0.04252936859765062	false	1.0
undiszipliniert	neg 1.0		off 0.4790337406292887 neg 0.4784330341732991 __DUMMY__ 0.0425332251974123	false	0.5
kopfschmerz	neg 1.0		neg 0.48654038352529605 off 0.4705176898022991 __DUMMY__ 0.04294192667240483	false	1.0
unvorhergesehen	neg 1.0		neg 0.4875355939706221 off 0.46931784364442747 __DUMMY__ 0.043146562384950266	false	1.0
desinteressiert	neg 1.0		neg 0.4801181068121067 off 0.47748365281450655 __DUMMY__ 0.04239824037338665	false	1.0
armselig	off 1.0		neg 0.4807652157116146 off 0.4770159876280998 __DUMMY__ 0.042218796660285544	false	0.5
desaster	neg 1.0		neg 0.4954933028394165 off 0.46162875294899197 __DUMMY__ 0.04287794421159153	false	1.0
tod	neg 1.0		neg 0.4870210546754623 off 0.46985354412754454 __DUMMY__ 0.0431254011969932	false	1.0
herzlos	neg 1.0		off 0.4788914540287083 neg 0.4787707642737853 __DUMMY__ 0.04233778169750632	false	0.5
unwissenheit	neg 1.0		neg 0.49186969576053147 off 0.4655681005884102 __DUMMY__ 0.04256220365105844	false	1.0
widersinnig	neg 1.0	neg 1.0	neg 0.732316186131211 off 0.24738513112713273 __DUMMY__ 0.02029868274165628	false	1.0
bedenklich	neg 1.0		neg 0.49178955104015903 off 0.46548921001123716 __DUMMY__ 0.04272123894860379	false	1.0
beanstanden	neg 1.0		neg 0.49332560244750306 off 0.4638141327302526 __DUMMY__ 0.04286026482224423	false	1.0
panisch	neg 1.0	neg 1.0	neg 0.7257117498402068 off 0.2536869109398826 __DUMMY__ 0.02060133921991059	false	1.0
debil	off 1.0		neg 0.49678949407742506 off 0.4600664292305119 __DUMMY__ 0.04314407669206313	false	0.5
abstrich	neg 1.0		neg 0.49042720547720015 off 0.4668145731172165 __DUMMY__ 0.04275822140558332	false	1.0
primitiv	neg 1.0		neg 0.48117876278141625 off 0.4764474815833009 __DUMMY__ 0.042373755635282784	false	1.0
abschaum	off 1.0	off 1.0	off 0.7225839562007752 neg 0.2570973847827848 __DUMMY__ 0.020318659016439856	false	1.0
provozieren	neg 1.0		neg 0.4870469056379475 off 0.4703183296839805 __DUMMY__ 0.04263476467807189	false	1.0
tot	neg 1.0		neg 0.49131062761095295 off 0.46589667501622833 __DUMMY__ 0.04279269737281875	false	1.0
instabil	neg 1.0		neg 0.483208565239081 off 0.4745911733635615 __DUMMY__ 0.04220026139735748	false	1.0
schwuchtel	off 1.0		off 0.48787510024168157 neg 0.47032912437322716 __DUMMY__ 0.04179577538509135	false	1.0
zerren	neg 1.0		neg 0.4862516504179883 off 0.47078858276026353 __DUMMY__ 0.04295976682174826	false	1.0
kinderficker	off 1.0		neg 0.4792116475644606 off 0.47873115418567286 __DUMMY__ 0.042057198249866576	false	0.5
gefahr	neg 1.0		neg 0.49239077477708687 off 0.4646996661759843 __DUMMY__ 0.04290955904692877	false	1.0
rabiat	neg 1.0		neg 0.4878116939094202 off 0.46954381222300556 __DUMMY__ 0.042644493867574226	false	1.0
verlangsamung	neg 1.0		off 0.4826577691276295 neg 0.47512883464861777 __DUMMY__ 0.042213396223752676	false	0.5
ausgestorben	neg 1.0		neg 0.4860998568783452 off 0.47101455231219735 __DUMMY__ 0.042885590809457405	false	1.0
anklagen	neg 1.0		neg 0.4897679043974672 off 0.46753522394228675 __DUMMY__ 0.04269687166024615	false	1.0
trott	neg 1.0		neg 0.48685545474642583 off 0.47032164087359896 __DUMMY__ 0.04282290437997518	false	1.0
verminderung	neg 1.0		neg 0.48068162023135713 off 0.476933038709227 __DUMMY__ 0.042385341059415896	false	1.0
nach			neg 0.4908386808543539 off 0.4656467409572917 __DUMMY__ 0.04351457818835439	false	0.0
rost	neg 1.0		off 0.4822987505898109 neg 0.47535855790228354 __DUMMY__ 0.04234269150790541	false	0.5
destruktiv	neg 1.0		neg 0.48977492667572814 off 0.4677032855875811 __DUMMY__ 0.04252178773669075	false	1.0
unzumutbarkeit	neg 1.0		neg 0.48127801602985626 off 0.47607139030748646 __DUMMY__ 0.04265059366265731	false	1.0
labil	off 1.0	off 1.0	off 0.7225518565294873 neg 0.25712362681921547 __DUMMY__ 0.020324516651297152	false	1.0
ziemlich	neg 1.0		neg 0.4801743248348751 off 0.4772400397969106 __DUMMY__ 0.042585635368214275	false	1.0
lachnummer	off 1.0		neg 0.48856305869151917 off 0.46882088675209793 __DUMMY__ 0.04261605455638293	false	0.5
oder			neg 0.485224543891441 off 0.4719225816367676 __DUMMY__ 0.04285287447179143	false	0.0
verfall	neg 1.0		neg 0.49704980432246426 off 0.4599320062316231 __DUMMY__ 0.043018189445912736	false	1.0
ausgrenzung	neg 1.0		neg 0.4875507846903947 off 0.4699575056116154 __DUMMY__ 0.04249170969798974	false	1.0
unordnung	neg 1.0		neg 0.47976715975484013 off 0.4775484400995628 __DUMMY__ 0.042684400145596955	false	1.0
fehlverhalten	neg 1.0		neg 0.4927205135419866 off 0.46448035257832854 __DUMMY__ 0.042799133879684946	false	1.0
eine			neg 0.49226420806622506 off 0.4648165703403002 __DUMMY__ 0.042919221593474624	false	0.0
nille	neg 1.0		neg 0.48812371682410133 off 0.469096504142751 __DUMMY__ 0.04277977903314774	false	1.0
qual	neg 1.0		neg 0.487249726298935 off 0.46993943616870665 __DUMMY__ 0.04281083753235832	false	1.0
verschwenden	neg 1.0		neg 0.4908899322310786 off 0.46636879597442993 __DUMMY__ 0.042741271794491525	false	1.0
riesig	neg 1.0	neg 1.0	neg 0.7294810276057176 off 0.24985709175831666 __DUMMY__ 0.0206618806359656	false	1.0
verurteilen	neg 1.0		neg 0.49020748202138525 off 0.46707545772372755 __DUMMY__ 0.042717060254887265	false	1.0
klischee	neg 1.0	neg 1.0	neg 0.728135217958369 off 0.25156137280296714 __DUMMY__ 0.020303409238663802	false	1.0
diktatorisch	neg 1.0		neg 0.4890554562721721 off 0.46856823174068 __DUMMY__ 0.04237631198714788	false	1.0
vorhersehbar	neg 1.0	neg 1.0	neg 0.728252149076625 off 0.251406513905874 __DUMMY__ 0.02034133701750098	false	1.0
sowie			off 0.4806886116776085 neg 0.47705358414158594 __DUMMY__ 0.042257804180805526	false	0.0
stornieren	neg 1.0		neg 0.48175720233891184 off 0.47512142573485194 __DUMMY__ 0.04312137192623625	false	1.0
besteuerung	neg 1.0		neg 0.4894803440491919 off 0.46810872545516885 __DUMMY__ 0.04241093049563933	false	1.0
ungeschminkt	neg 1.0		neg 0.4819893861842052 off 0.4756332001752573 __DUMMY__ 0.04237741364053734	false	1.0
kritisch	neg 1.0		neg 0.4920269694889643 off 0.46524470555751474 __DUMMY__ 0.04272832495352102	false	1.0
schlamperei	off 1.0		neg 0.49356064275889006 off 0.4637223496357282 __DUMMY__ 0.042717007605381774	false	0.5
sucht	neg 1.0	neg 1.0	neg 0.7281061055825836 off 0.2513248296455505 __DUMMY__ 0.020569064771865982	false	1.0
egoistisch	off 1.0		off 0.48186020969376436 neg 0.47583845388796037 __DUMMY__ 0.04230133641827527	false	1.0
ausbeuter	off 1.0		neg 0.49396398303198785 off 0.4633385091062563 __DUMMY__ 0.042697507861755794	false	0.5
arschgeburt	off 1.0		off 0.48738792486244936 neg 0.470880582418489 __DUMMY__ 0.04173149271906179	false	1.0
schubs	neg 1.0	neg 1.0	neg 0.7291749227446515 off 0.2502135525388775 __DUMMY__ 0.020611524716471034	false	1.0
unsolide	neg 1.0		neg 0.4909903364410586 off 0.4668883188951276 __DUMMY__ 0.04212134466381359	false	1.0
beschwerde	neg 1.0		neg 0.4933536675967108 off 0.4639372511375232 __DUMMY__ 0.04270908126576591	false	1.0
stocken	neg 1.0		neg 0.4914376084267843 off 0.465748788497699 __DUMMY__ 0.04281360307551655	false	1.0
isolieren	neg 1.0		neg 0.4912940524425303 off 0.4660241591070174 __DUMMY__ 0.04268178845045224	false	1.0
unheilbar	neg 1.0		neg 0.484377994563985 off 0.47271398742494664 __DUMMY__ 0.04290801801106833	false	1.0
pisser	off 1.0		neg 0.47977203417664055 off 0.4777612509338473 __DUMMY__ 0.042466714889512	false	0.5
löschen	neg 1.0		neg 0.48698635325851686 off 0.47026086282360874 __DUMMY__ 0.04275278391787434	false	1.0
durchfallen	neg 1.0		neg 0.491433718818243 off 0.46595637231289233 __DUMMY__ 0.042609908868864614	false	1.0
wichser	off 1.0		off 0.48646300308478946 neg 0.47143213161465586 __DUMMY__ 0.04210486530055451	false	1.0
terror	neg 1.0		neg 0.48260488197102475 off 0.4746061502080895 __DUMMY__ 0.042788967820885655	false	1.0
krass	neg 1.0		off 0.4794208559265625 neg 0.4782645619998218 __DUMMY__ 0.04231458207361566	false	0.5
revolte	neg 1.0		neg 0.48696293737776486 off 0.4705689038678006 __DUMMY__ 0.0424681587544346	false	1.0
besorgt	neg 1.0		neg 0.48653358284754133 off 0.47042796932047026 __DUMMY__ 0.04303844783198856	false	1.0
nachlassen	neg 1.0		neg 0.49104450279790035 off 0.466071027169851 __DUMMY__ 0.0428844700322486	false	1.0
alt	neg 1.0		neg 0.4899875467272298 off 0.4671732289653474 __DUMMY__ 0.042839224307422694	false	1.0
hundesohn	off 1.0		off 0.4830736113905241 neg 0.4749312847960966 __DUMMY__ 0.0419951038133793	false	1.0
als			neg 0.48728476039825347 off 0.4697744836189805 __DUMMY__ 0.04294075598276594	false	0.0
abschreckung	neg 1.0		neg 0.49336892246502695 off 0.46370918054154664 __DUMMY__ 0.04292189699342631	false	1.0
unqualifiziert	neg 1.0		neg 0.48706220257190636 off 0.4706447225817486 __DUMMY__ 0.04229307484634503	false	1.0
abgewichst	off 1.0		neg 0.48827486893498606 off 0.46888404431041664 __DUMMY__ 0.04284108675459736	false	0.5
schwer	neg 1.0		neg 0.48661034606118997 off 0.4706113248219909 __DUMMY__ 0.04277832911681923	false	1.0
bedeutungslosigkeit	neg 1.0		neg 0.4930965629242876 off 0.46407163525578 __DUMMY__ 0.04283180181993236	false	1.0
kapitulation	neg 1.0		neg 0.4934076335881611 off 0.46397226437109707 __DUMMY__ 0.042620102040741924	false	1.0
unscharf	neg 1.0		neg 0.4847268035879184 off 0.47266346919313207 __DUMMY__ 0.042609727218949456	false	1.0
schwinden	neg 1.0		neg 0.4931718906457865 off 0.463992939376087 __DUMMY__ 0.04283516997812659	false	1.0
versklavung	neg 1.0		neg 0.489232176231599 off 0.46836439035756194 __DUMMY__ 0.04240343341083913	false	1.0
schlecht	neg 1.0		neg 0.4798153495150563 off 0.47757490149805687 __DUMMY__ 0.04260974898688688	false	1.0
verhasst	neg 1.0		neg 0.486434040838604 off 0.4709236208298868 __DUMMY__ 0.04264233833150927	false	1.0
beschweren	neg 1.0		neg 0.48505224913395656 off 0.47228179571608825 __DUMMY__ 0.04266595514995511	false	1.0
scheiden	neg 1.0		neg 0.4825449910162039 off 0.474358189500459 __DUMMY__ 0.04309681948333717	false	1.0
frustriert	neg 1.0		neg 0.48784126158496866 off 0.46935853642444963 __DUMMY__ 0.04280020199058165	false	1.0
schimmelig	neg 1.0		neg 0.4901401436166028 off 0.4669542673689235 __DUMMY__ 0.04290558901447358	false	1.0
fisch	neg 1.0		neg 0.48826758021707745 off 0.46848807298337247 __DUMMY__ 0.04324434679955002	false	1.0
schmuggel	neg 1.0		neg 0.48920081550028666 off 0.4676059413674483 __DUMMY__ 0.043193243132265004	false	1.0
auffallen	neg 1.0		neg 0.4841395581815307 off 0.47319824964019797 __DUMMY__ 0.04266219217827124	false	1.0
konkurrenz	neg 1.0	neg 1.0	neg 0.7328589122916035 off 0.2465784472485443 __DUMMY__ 0.020562640459852167	false	1.0
teufelskreis	neg 1.0		neg 0.4879266357611494 off 0.46934692789285715 __DUMMY__ 0.04272643634599352	false	1.0
aufschreien	neg 1.0		neg 0.48520836810484996 off 0.47221615018537405 __DUMMY__ 0.042575481709776035	false	1.0
schuldner	neg 1.0		neg 0.492266801718676 off 0.4648437469938458 __DUMMY__ 0.04288945128747831	false	1.0
missgeburt	off 1.0	off 1.0	off 0.7259545307882718 neg 0.2538370806434348 __DUMMY__ 0.020208388568293496	false	1.0
arbeitslos	neg 1.0		neg 0.49097452750948967 off 0.46640125628432505 __DUMMY__ 0.0426242162061852	false	1.0
befallen	neg 1.0		neg 0.488957560649157 off 0.46829056504615707 __DUMMY__ 0.042751874304685966	false	1.0
miesepetrig	off 1.0	off 1.0	off 0.724088166922493 neg 0.2555275022762151 __DUMMY__ 0.020384330801291938	false	1.0
alarmieren	neg 1.0		neg 0.48420425916747106 off 0.4733766660681712 __DUMMY__ 0.04241907476435782	false	1.0
ungeduscht	off 1.0		neg 0.48239170707564427 off 0.47494388050611985 __DUMMY__ 0.042664412418235945	false	0.5
knappheit	neg 1.0		neg 0.49335959195224677 off 0.4640323193144902 __DUMMY__ 0.04260808873326293	false	1.0
schlange	neg 1.0		neg 0.48265021306870604 off 0.47444833440710155 __DUMMY__ 0.04290145252419255	false	1.0
harsch	neg 1.0		off 0.4817395880212686 neg 0.47576886858096346 __DUMMY__ 0.04249154339776794	false	0.5
lang	neg 1.0		neg 0.48609875933946334 off 0.47112194481464087 __DUMMY__ 0.04277929584589586	false	1.0
ziellos	neg 1.0		neg 0.4880711440789267 off 0.46897855531155186 __DUMMY__ 0.04295030060952137	false	1.0
selbstverliebt	neg 1.0		off 0.485153303523429 neg 0.4730007662677974 __DUMMY__ 0.04184593020877369	false	0.5
beseitigen	neg 1.0	neg 1.0	neg 0.7285107704974195 off 0.25088900714872164 __DUMMY__ 0.020600222353858787	false	1.0
dumm	off 1.0		off 0.4820390635063858 neg 0.4757820115634876 __DUMMY__ 0.04217892493012656	false	1.0
arbeitsloser	neg 1.0		neg 0.4901528354365215 off 0.46702999252570737 __DUMMY__ 0.042817172037771044	false	1.0
blitzen	neg 1.0		neg 0.4836518858897228 off 0.4737086718771169 __DUMMY__ 0.04263944223316018	false	1.0
hilflos	neg 1.0		neg 0.4881727655457338 off 0.46900147828239275 __DUMMY__ 0.04282575617187341	false	1.0
eklig	off 1.0		off 0.4828697985876697 neg 0.47495982316343777 __DUMMY__ 0.042170378248892436	false	1.0
begriff			neg 0.48947572245828913 off 0.4678709639898414 __DUMMY__ 0.04265331355186947	false	0.0
hungersnot	neg 1.0		neg 0.48792276258929795 off 0.46920056790673015 __DUMMY__ 0.04287666950397185	false	1.0
ungesetzlich	neg 1.0		neg 0.4908379577722719 off 0.467035409068209 __DUMMY__ 0.042126633159519075	false	1.0
verschwendung	neg 1.0		neg 0.49148401828284094 off 0.4656674992059259 __DUMMY__ 0.04284848251123322	false	1.0
schmerzvoll	neg 1.0		neg 0.4845984702111577 off 0.4726897075939778 __DUMMY__ 0.042711822194864524	false	1.0
vorzeitig	neg 1.0		neg 0.4822189313532761 off 0.47500923762126923 __DUMMY__ 0.0427718310254547	false	1.0
unvollkommenheit	neg 1.0		neg 0.48503221581697475 off 0.4717509256844483 __DUMMY__ 0.04321685849857685	false	1.0
intervenieren	neg 1.0		neg 0.4937346391327682 off 0.46358412970949414 __DUMMY__ 0.04268123115773768	false	1.0
banause	off 1.0		off 0.4835558709789099 neg 0.47449164672061506 __DUMMY__ 0.04195248230047509	false	1.0
rebell	neg 1.0		neg 0.4938610187620584 off 0.4630998670726493 __DUMMY__ 0.04303911416529244	false	1.0
unlogisch	neg 1.0		off 0.4788517084015574 neg 0.4787722494655551 __DUMMY__ 0.042376042132887655	false	0.5
leiden	neg 1.0		neg 0.48712783161615875 off 0.46956016571348486 __DUMMY__ 0.043312002670356294	false	1.0
abschaffung	neg 1.0		neg 0.4892418044193979 off 0.4682944858790177 __DUMMY__ 0.04246370970158439	false	1.0
sturz	neg 1.0		neg 0.48627664107678237 off 0.4709142431250747 __DUMMY__ 0.04280911579814285	false	1.0
verkleinerung	neg 1.0		neg 0.48761374371214894 off 0.4701004060356958 __DUMMY__ 0.04228585025215527	false	1.0
schmarotzer	off 1.0		neg 0.491359018587009 off 0.4660384185558912 __DUMMY__ 0.0426025628570999	false	0.5
bestrafung	neg 1.0		neg 0.48590067463222436 off 0.4714453799596948 __DUMMY__ 0.042653945408080846	false	1.0
achtlos	neg 1.0		neg 0.4858405980104888 off 0.4713013189390644 __DUMMY__ 0.042858083050446805	false	1.0
ungeheuer	neg 1.0		neg 0.48298693221748795 off 0.4743163636350814 __DUMMY__ 0.042696704147430695	false	1.0
unaufrichtig	neg 1.0		neg 0.4872049239842109 off 0.4703691756123268 __DUMMY__ 0.04242590040346233	false	1.0
