unsolidarisch	neg 1.0		neg 0.5098488986207426 off 0.4829303781405645 __DUMMY__ 0.007220723238692852	false	1.0
nachteilig	neg 1.0		neg 0.5106236823982038 off 0.4820774035097176 __DUMMY__ 0.007298914092078745	false	1.0
skeptisch	neg 1.0		neg 0.5108434688630744 off 0.48184354100924887 __DUMMY__ 0.007312990127676778	false	1.0
schrecklich	neg 1.0		off 0.4975947295698535 neg 0.49516679735610264 __DUMMY__ 0.007238473074043742	false	0.5
schlapp	neg 1.0		neg 0.4990515371211978 off 0.49367214031021456 __DUMMY__ 0.007276322568587581	false	1.0
abfall	neg 1.0		neg 0.5131767879963689 off 0.47948930633409065 __DUMMY__ 0.007333905669540489	false	1.0
widerspenstig	neg 1.0		neg 0.5043597712647038 off 0.488336591772954 __DUMMY__ 0.007303636962342265	false	1.0
abrupt	neg 1.0		neg 0.5078615584425913 off 0.4847898007459297 __DUMMY__ 0.007348640811478955	false	1.0
unwirksam	neg 1.0		neg 0.5085868712314474 off 0.48417416014386894 __DUMMY__ 0.00723896862468367	false	1.0
angreifen	neg 1.0	neg 1.0	neg 0.7408525233401925 off 0.25565090950231445 __DUMMY__ 0.0034965671574930697	false	1.0
inkonsistent	neg 1.0		neg 0.5034254921825386 off 0.4892739365343637 __DUMMY__ 0.0073005712830978495	false	1.0
abrutschen	neg 1.0		neg 0.5127315939230871 off 0.47993450153258094 __DUMMY__ 0.007333904544331858	false	1.0
unsicher	neg 1.0		neg 0.504302404041403 off 0.4883912941669305 __DUMMY__ 0.007306301791666547	false	1.0
bauernkind	off 1.0	off 1.0	off 0.7321378946261654 neg 0.2644322571623223 __DUMMY__ 0.0034298482115122787	false	1.0
angreifer	neg 1.0		neg 0.5029282629445351 off 0.48976935585925246 __DUMMY__ 0.0073023811962124995	false	1.0
trennen	neg 1.0		neg 0.5064155437258555 off 0.4862165738242244 __DUMMY__ 0.0073678824499200405	false	1.0
schmutz	neg 1.0		neg 0.49949115763187424 off 0.49315873750003747 __DUMMY__ 0.00735010486808827	false	1.0
inkonsistenz	neg 1.0		neg 0.5038219859527389 off 0.4889577862521511 __DUMMY__ 0.007220227795109982	false	1.0
erschreckend	neg 1.0		neg 0.5071281183896904 off 0.4855862049412079 __DUMMY__ 0.007285676669101655	false	1.0
ertrinken	neg 1.0		neg 0.5068080665393364 off 0.4858469997898139 __DUMMY__ 0.0073449336708498476	false	1.0
pickelface	off 1.0		neg 0.5074131192909668 off 0.4852856779391936 __DUMMY__ 0.00730120276983966	false	0.5
seiner			neg 0.508827712907359 off 0.48383577393015936 __DUMMY__ 0.007336513162481756	false	0.0
lauch	neg 1.0		neg 0.5135488288515434 off 0.47913378261199735 __DUMMY__ 0.007317388536459322	false	1.0
unwichtig	neg 1.0		neg 0.5008542730059514 off 0.4918912508693269 __DUMMY__ 0.007254476124721691	false	1.0
steuerhinterziehung	neg 1.0		neg 0.5093623552146626 off 0.4833722007798669 __DUMMY__ 0.007265444005470513	false	1.0
schock	neg 1.0		neg 0.5034982061871346 off 0.4891612338122094 __DUMMY__ 0.007340560000656175	false	1.0
beule	neg 1.0		neg 0.498499662462733 off 0.49422218626533654 __DUMMY__ 0.007278151271930491	false	1.0
vergelten	neg 1.0		off 0.49816072746837686 neg 0.49455570631816864 __DUMMY__ 0.0072835662134544355	false	0.5
verdorbenheit	neg 1.0		neg 0.504793824951662 off 0.48789621081291623 __DUMMY__ 0.007309964235421769	false	1.0
trauma	neg 1.0		neg 0.503874224085356 off 0.4888329732951375 __DUMMY__ 0.0072928026195064515	false	1.0
sinnlos	neg 1.0		neg 0.5015916090685284 off 0.49110937966398116 __DUMMY__ 0.007299011267490469	false	1.0
fettsack	off 1.0	off 1.0	off 0.734289879537143 neg 0.2622641801874822 __DUMMY__ 0.0034459402753747844	false	1.0
feige	off 1.0	off 1.0	off 0.7308743920697459 neg 0.26566795027466544 __DUMMY__ 0.003457657655588597	false	1.0
abdanken	neg 1.0		neg 0.5078894240437358 off 0.4848399754674712 __DUMMY__ 0.007270600488792885	false	1.0
wichtigtuer	off 1.0	off 1.0	off 0.7294277464364028 neg 0.26710153378606694 __DUMMY__ 0.003470719777530146	false	1.0
misslingen	neg 1.0		neg 0.499814146046356 off 0.49282451962193163 __DUMMY__ 0.00736133433171227	false	1.0
untreu	off 1.0		neg 0.499738458320589 off 0.49301702885753007 __DUMMY__ 0.007244512821880904	false	0.5
missmutig	neg 1.0		neg 0.5001585938741456 off 0.4925773189521082 __DUMMY__ 0.007264087173746146	false	1.0
hurenbock	off 1.0		neg 0.502375128737824 off 0.49031716044274104 __DUMMY__ 0.007307710819434999	false	0.5
betrunken	neg 1.0		off 0.49710010896503315 neg 0.49562149203113004 __DUMMY__ 0.00727839900383671	false	0.5
korrupt	off 1.0		neg 0.5112358824053649 off 0.48151524499301007 __DUMMY__ 0.007248872601624953	false	0.5
unmut	neg 1.0		neg 0.513533953039343 off 0.4791405316338603 __DUMMY__ 0.007325515326796698	false	1.0
hackfresse	off 1.0		off 0.4997988248784221 neg 0.49300568109602166 __DUMMY__ 0.007195494025556173	false	1.0
aufblasen	neg 1.0		neg 0.5019782704702321 off 0.49070843834640104 __DUMMY__ 0.007313291183366843	false	1.0
gewaltsam	neg 1.0		neg 0.5055317798821838 off 0.4871604060924603 __DUMMY__ 0.007307814025355994	false	1.0
unbeliebtheit	neg 1.0		neg 0.5060640279201756 off 0.4867581819056311 __DUMMY__ 0.007177790174193211	false	1.0
sturheit	neg 1.0		neg 0.507409242610684 off 0.48530888152058116 __DUMMY__ 0.007281875868734808	false	1.0
kuh	neg 1.0		neg 0.5063511551798656 off 0.4863925188095547 __DUMMY__ 0.007256326010579708	false	1.0
erschrecken	neg 1.0		neg 0.5000008965963558 off 0.49271602856376306 __DUMMY__ 0.007283074839881031	false	1.0
opfer	neg 1.0		neg 0.5075445621887835 off 0.48512352773118683 __DUMMY__ 0.007331910080029605	false	1.0
sinken	neg 1.0		neg 0.5122949500320519 off 0.4803729229997867 __DUMMY__ 0.007332126968161467	false	1.0
stinktier	neg 1.0		off 0.4965363633129859 neg 0.4962561082030274 __DUMMY__ 0.007207528483986666	false	0.5
tucke	off 1.0		off 0.4977386788682722 neg 0.4951142056358613 __DUMMY__ 0.0071471154958664546	false	1.0
ein			neg 0.5032581150681292 off 0.48943558322222996 __DUMMY__ 0.007306301709640771	false	0.0
abstieg	neg 1.0		neg 0.5076001570947971 off 0.48504899724781125 __DUMMY__ 0.007350845657391678	false	1.0
missverstehen	neg 1.0		neg 0.5033696041920389 off 0.4893669851384372 __DUMMY__ 0.007263410669523927	false	1.0
ergebnislos	neg 1.0		neg 0.5102674683835081 off 0.48242314512620094 __DUMMY__ 0.007309386490290954	false	1.0
unter			neg 0.5141263191376009 off 0.47846155597197215 __DUMMY__ 0.007412124890427011	false	0.0
manipulieren	neg 1.0		neg 0.5107949041512742 off 0.48189290568740756 __DUMMY__ 0.007312190161318219	false	1.0
unbewiesen	neg 1.0		neg 0.5102330378172492 off 0.48255878946090613 __DUMMY__ 0.0072081727218448	false	1.0
verschleppen	neg 1.0		neg 0.5080876477308732 off 0.4846032412918546 __DUMMY__ 0.007309110977272134	false	1.0
weib	off 1.0		off 0.4995508248821557 neg 0.49325692912948454 __DUMMY__ 0.007192245988359907	false	1.0
opposition	neg 1.0		neg 0.5050035111622873 off 0.4877404394402067 __DUMMY__ 0.0072560493975059905	false	1.0
verkehrswidrig	neg 1.0	neg 1.0	neg 0.7302629005364976 off 0.2662243624432693 __DUMMY__ 0.0035127370202331695	false	1.0
inkorrekt	neg 1.0		neg 0.5004529967285657 off 0.4923415154928149 __DUMMY__ 0.0072054877786193626	false	1.0
vermeiden	neg 1.0		neg 0.5137960980435776 off 0.47883832536092963 __DUMMY__ 0.007365576595492643	false	1.0
abweichung	neg 1.0		neg 0.510187543431422 off 0.4825131879616119 __DUMMY__ 0.007299268606966212	false	1.0
alkoholisiert	neg 1.0		neg 0.5056600231932434 off 0.4869476740002372 __DUMMY__ 0.007392302806519254	false	1.0
scheiss	off 1.0	off 1.0	off 0.7320753334466535 neg 0.26445124778426327 __DUMMY__ 0.0034734187690832045	false	1.0
herausforderung	neg 1.0	neg 1.0	neg 0.7376749478550895 off 0.25877389888659763 __DUMMY__ 0.003551153258312979	false	1.0
pervers	off 1.0		off 0.5028826587499422 neg 0.4899414827173683 __DUMMY__ 0.007175858532689431	false	1.0
wackelig	neg 1.0		neg 0.5045366611506482 off 0.4881049476591635 __DUMMY__ 0.0073583911901883015	false	1.0
verwickeln	neg 1.0		neg 0.5036127855001339 off 0.48912519430455137 __DUMMY__ 0.007262020195314825	false	1.0
vorwand	neg 1.0		neg 0.5110043753655288 off 0.4816696336428317 __DUMMY__ 0.007325990991639633	false	1.0
muschi	off 1.0		neg 0.5068947138902826 off 0.48580439130804304 __DUMMY__ 0.007300894801674386	false	0.5
entmutigung	neg 1.0		neg 0.5062164745950155 off 0.4865385440773822 __DUMMY__ 0.0072449813276022675	false	1.0
unangemessen	neg 1.0		neg 0.5084953164634467 off 0.48422246691989285 __DUMMY__ 0.007282216616660511	false	1.0
unstetig	neg 1.0		neg 0.5025647883472096 off 0.490122835992047 __DUMMY__ 0.007312375660743431	false	1.0
entmutigen	neg 1.0		neg 0.5036560878319875 off 0.4890566369473064 __DUMMY__ 0.007287275220706041	false	1.0
schwanz	neg 1.0		neg 0.5094702940067941 off 0.48320336995392094 __DUMMY__ 0.007326336039284971	false	1.0
verbot	neg 1.0		neg 0.510085755041426 off 0.4826391397556313 __DUMMY__ 0.007275105202942851	false	1.0
leid	neg 1.0		off 0.4992371926065946 neg 0.493523805427802 __DUMMY__ 0.007239001965603422	false	0.5
archaisch	neg 1.0		neg 0.5070229356044168 off 0.48566856982763174 __DUMMY__ 0.007308494567951569	false	1.0
gegen			neg 0.5106766914743581 off 0.4819751593953435 __DUMMY__ 0.007348149130298238	false	0.0
scheidung	neg 1.0		off 0.5073221029094694 neg 0.48550260550319524 __DUMMY__ 0.007175291587335416	false	0.5
einschlag	neg 1.0	neg 1.0	neg 0.732910524651652 off 0.2636156340808579 __DUMMY__ 0.003473841267490105	false	1.0
m			neg 0.5061808352628139 off 0.48649084221282957 __DUMMY__ 0.0073283225243565035	false	0.0
abgestanden	neg 1.0		neg 0.5030381617084221 off 0.4896528295662275 __DUMMY__ 0.007309008725350338	false	1.0
schmierig	off 1.0		off 0.49863020860314394 neg 0.49412889213370087 __DUMMY__ 0.007240899263155262	false	1.0
unpraktisch	neg 1.0		neg 0.5021317448442931 off 0.4905494028553607 __DUMMY__ 0.007318852300346148	false	1.0
wixxer	off 1.0		off 0.5019677180901296 neg 0.49086683527607267 __DUMMY__ 0.0071654466337977285	false	1.0
bezeichnet			neg 0.5062953627814539 off 0.48641936160005655 __DUMMY__ 0.007285275618489563	false	0.0
jammerlappen	off 1.0		neg 0.5003131365621611 off 0.4924269040356413 __DUMMY__ 0.007259959402197376	false	0.5
farce	neg 1.0		neg 0.510086849718869 off 0.4826562657850801 __DUMMY__ 0.007256884496051008	false	1.0
zwecklos	neg 1.0		neg 0.5081945776812251 off 0.48451715310034876 __DUMMY__ 0.0072882692184262025	false	1.0
turbulent	neg 1.0		neg 0.500221359767746 off 0.4925307672145893 __DUMMY__ 0.0072478730176646165	false	1.0
invasion	neg 1.0		neg 0.5018825351575439 off 0.49082479689649694 __DUMMY__ 0.007292667945959262	false	1.0
schuld	neg 1.0		neg 0.5044491757167272 off 0.4882659114980066 __DUMMY__ 0.007284912785266099	false	1.0
risiko	neg 1.0		neg 0.5033205305082319 off 0.4893618684406959 __DUMMY__ 0.007317601051072098	false	1.0
finster	neg 1.0		neg 0.5030039147093396 off 0.4896924698229434 __DUMMY__ 0.0073036154677172	false	1.0
geisteskrank	off 1.0		neg 0.49972021032908576 off 0.4930488996359236 __DUMMY__ 0.007230890034990835	false	0.5
zusammenbrechen	neg 1.0		neg 0.505616486629145 off 0.48706442843263664 __DUMMY__ 0.0073190849382183615	false	1.0
ausbeute	neg 1.0		neg 0.5073973555150769 off 0.4852433518744982 __DUMMY__ 0.007359292610425061	false	1.0
hinterhalt	neg 1.0		neg 0.5051648972491875 off 0.48750006286352465 __DUMMY__ 0.007335039887288028	false	1.0
kritik	neg 1.0		neg 0.5097241113919218 off 0.48300915824268476 __DUMMY__ 0.007266730365393556	false	1.0
einschrumpfen	neg 1.0		neg 0.5044113601783602 off 0.4883526716425026 __DUMMY__ 0.0072359681791370895	false	1.0
riskant	neg 1.0		neg 0.5094614630615225 off 0.48323279398209706 __DUMMY__ 0.007305742956380476	false	1.0
frustrieren	neg 1.0		neg 0.5088289915209562 off 0.4838591946439718 __DUMMY__ 0.007311813835072061	false	1.0
groll	neg 1.0		neg 0.5074936408759025 off 0.4851996956476988 __DUMMY__ 0.007306663476398697	false	1.0
gibt			neg 0.5071773561672077 off 0.4855209980165897 __DUMMY__ 0.007301645816202566	false	0.0
qualvoll	neg 1.0		neg 0.5000018327002961 off 0.4926980257485173 __DUMMY__ 0.007300141551186609	false	1.0
wackeln	neg 1.0	neg 1.0	neg 0.7361475644648358 off 0.2603431221611029 __DUMMY__ 0.003509313374061286	false	1.0
klagen	neg 1.0		neg 0.5125914404241992 off 0.4800788500514427 __DUMMY__ 0.007329709524358145	false	1.0
bankrott	neg 1.0		neg 0.5004974992914579 off 0.4922224217939039 __DUMMY__ 0.007280078914638247	false	1.0
trauern	neg 1.0		neg 0.507494174697696 off 0.48516830680382694 __DUMMY__ 0.00733751849847707	false	1.0
ablehnung	neg 1.0		neg 0.5095855755481876 off 0.4831462139296949 __DUMMY__ 0.00726821052211747	false	1.0
stur	neg 1.0		neg 0.5044261857320345 off 0.48830222330652523 __DUMMY__ 0.007271590961440372	false	1.0
aufruhr	neg 1.0		neg 0.5058837151607197 off 0.4868117102824287 __DUMMY__ 0.00730457455685172	false	1.0
melancholie	neg 1.0		neg 0.5064111142261422 off 0.4862615605671688 __DUMMY__ 0.0073273252066890695	false	1.0
ist			neg 0.5032094860072754 off 0.489505684473139 __DUMMY__ 0.007284829519585508	false	0.0
torheit	neg 1.0		neg 0.5059062026354992 off 0.4868298689835736 __DUMMY__ 0.0072639283809272145	false	1.0
dreckskind	off 1.0		off 0.4974693340098708 neg 0.4953380843724332 __DUMMY__ 0.007192581617695933	false	1.0
umtauschen	neg 1.0		neg 0.505036149913599 off 0.4876608424359587 __DUMMY__ 0.007303007650442218	false	1.0
zum			neg 0.510410443031111 off 0.4821709887417566 __DUMMY__ 0.007418568227132158	false	0.0
zersetzen	neg 1.0		neg 0.511681616503429 off 0.48101923257862234 __DUMMY__ 0.007299150917948819	false	1.0
zur			neg 0.513781024784211 off 0.4788400347436452 __DUMMY__ 0.0073789404721438055	false	0.0
frust	neg 1.0		neg 0.5061701897809147 off 0.48651564508366785 __DUMMY__ 0.007314165135417478	false	1.0
unerbittlichkeit	neg 1.0		neg 0.5111431491079675 off 0.48155133499832375 __DUMMY__ 0.007305515893708727	false	1.0
zwei			neg 0.5091915671509918 off 0.4834176828527944 __DUMMY__ 0.007390749996213674	false	0.0
unkorrekt	neg 1.0		neg 0.5005281894157839 off 0.49228063648121034 __DUMMY__ 0.0071911741030058	false	1.0
hexe	off 1.0		neg 0.49954639282637414 off 0.4931986578263597 __DUMMY__ 0.007254949347266271	false	0.5
lasch	neg 1.0		neg 0.5033128732608394 off 0.4894486011500275 __DUMMY__ 0.00723852558913315	false	1.0
rivale	neg 1.0		neg 0.4967367187112175 off 0.4960061506975133 __DUMMY__ 0.007257130591269155	false	1.0
mutlos	off 1.0	off 1.0	off 0.7254662097363397 neg 0.2710529776832617 __DUMMY__ 0.003480812580398551	false	1.0
wirr	off 1.0		neg 0.49985207841863216 off 0.49295285899742197 __DUMMY__ 0.007195062583945873	false	0.5
jahr			neg 0.5079188571505442 off 0.4847097642474966 __DUMMY__ 0.007371378601959139	false	0.0
wird			neg 0.5080749235877549 off 0.4846086282632328 __DUMMY__ 0.007316448149012282	false	0.0
strafbar	neg 1.0		neg 0.5099944698496981 off 0.4827104960538775 __DUMMY__ 0.007295034096424356	false	1.0
erosion	neg 1.0		neg 0.5029720298758745 off 0.4897113769821723 __DUMMY__ 0.0073165931419531685	false	1.0
eingehen	neg 1.0		neg 0.5093906014929184 off 0.4833248296931125 __DUMMY__ 0.007284568813969061	false	1.0
faul	off 1.0		neg 0.499540034747688 off 0.4931721137250105 __DUMMY__ 0.007287851527301527	false	0.5
provisorium	neg 1.0		neg 0.5153330613669644 off 0.47727003920436833 __DUMMY__ 0.007396899428667178	false	1.0
schmerzen	neg 1.0		neg 0.5043065566276411 off 0.4883872695832228 __DUMMY__ 0.007306173789135975	false	1.0
schrumpfen	neg 1.0		neg 0.5159917233730883 off 0.4766756229010231 __DUMMY__ 0.007332653725888629	false	1.0
geistlos	off 1.0		neg 0.5063187202138159 off 0.48646663718608485 __DUMMY__ 0.007214642600099317	false	0.5
fehlkauf	neg 1.0		neg 0.5034752073613994 off 0.48924347570257143 __DUMMY__ 0.0072813169360290515	false	1.0
frustrierend	neg 1.0		neg 0.49977748978036685 off 0.49293144630312247 __DUMMY__ 0.0072910639165106985	false	1.0
unzufrieden	neg 1.0		neg 0.5085840276021133 off 0.48413050261023866 __DUMMY__ 0.007285469787647959	false	1.0
verzweifeln	neg 1.0		neg 0.5053326081825337 off 0.4873656242083215 __DUMMY__ 0.007301767609144794	false	1.0
verzweifelt	neg 1.0		neg 0.5036877660821176 off 0.48903064344804853 __DUMMY__ 0.007281590469833817	false	1.0
misstrauensantrag	neg 1.0		neg 0.5036048782129178 off 0.4891300693158999 __DUMMY__ 0.007265052471182381	false	1.0
abfallen	neg 1.0		neg 0.5015709564279542 off 0.49110708547639614 __DUMMY__ 0.00732195809564959	false	1.0
fucker	off 1.0		neg 0.49877865943747157 off 0.4939832017171595 __DUMMY__ 0.0072381388453690906	false	0.5
ungezogen	neg 1.0		off 0.5022590904625329 neg 0.4905373771386501 __DUMMY__ 0.007203532398817001	false	0.5
irrsinnig	neg 1.0	neg 1.0	neg 0.7377309908005746 off 0.25879272778991663 __DUMMY__ 0.003476281409508824	false	1.0
unfassbar	neg 1.0		neg 0.49994933562800614 off 0.49280161397598166 __DUMMY__ 0.007249050396012199	false	1.0
hart	neg 1.0		neg 0.5014343932841135 off 0.49129384353039 __DUMMY__ 0.007271763185496538	false	1.0
widerlich	off 1.0		neg 0.4997463006075778 off 0.4930223460055943 __DUMMY__ 0.007231353386827916	false	0.5
fatal	neg 1.0		neg 0.5031318714936244 off 0.4895868119694657 __DUMMY__ 0.007281316536909961	false	1.0
bruch	neg 1.0		neg 0.5130769866545463 off 0.47960620790807246 __DUMMY__ 0.0073168054373813135	false	1.0
aushungern	neg 1.0		neg 0.5083821215245571 off 0.48434973306105433 __DUMMY__ 0.007268145414388533	false	1.0
anspannung	neg 1.0	neg 1.0	neg 0.7402603699616622 off 0.2561799144102207 __DUMMY__ 0.003559715628117149	false	1.0
von			neg 0.5090417619315997 off 0.4835902031565181 __DUMMY__ 0.007368034911882176	false	0.0
kraftlos	neg 1.0		neg 0.5048743808235723 off 0.4877807446683362 __DUMMY__ 0.007344874508091615	false	1.0
vom			neg 0.5133660485866357 off 0.4792185905330756 __DUMMY__ 0.007415360880288751	false	0.0
grenzdebil	off 1.0		neg 0.4983427979664128 off 0.4944044569488795 __DUMMY__ 0.0072527450847076885	false	0.5
vor			neg 0.5097889353835134 off 0.48286481216787613 __DUMMY__ 0.00734625244861031	false	0.0
unterwerfen	neg 1.0		neg 0.5091152565606493 off 0.48357199501463316 __DUMMY__ 0.0073127484247176334	false	1.0
versenkung	neg 1.0		neg 0.5094707869104853 off 0.48321532664243955 __DUMMY__ 0.007313886447075167	false	1.0
entziehen	neg 1.0		neg 0.5119116241131278 off 0.48076131657932314 __DUMMY__ 0.007327059307548982	false	1.0
finanzkrise	neg 1.0		neg 0.5084676848300747 off 0.48427069236989057 __DUMMY__ 0.007261622800034944	false	1.0
schimpfend	neg 1.0		neg 0.5017689912387677 off 0.49090810514176886 __DUMMY__ 0.007322903619463347	false	1.0
profan	neg 1.0		neg 0.5021375152955218 off 0.49058662142701753 __DUMMY__ 0.007275863277460692	false	1.0
korruption	neg 1.0	neg 1.0	neg 0.7406262914211612 off 0.25589643535205797 __DUMMY__ 0.003477273226780759	false	1.0
â			neg 0.5075014994347199 off 0.48516881951684804 __DUMMY__ 0.007329681048432029	false	0.0
schmutzig	neg 1.0		neg 0.4978839394659908 off 0.49484330734159787 __DUMMY__ 0.00727275319241127	false	1.0
sexy	neg 1.0		neg 0.5011236447486951 off 0.49159607314188264 __DUMMY__ 0.007280282109422322	false	1.0
abraten	neg 1.0		neg 0.5027932056642236 off 0.48991961649062343 __DUMMY__ 0.007287177845153046	false	1.0
schwarz	neg 1.0		neg 0.5040953960295709 off 0.4886263330335431 __DUMMY__ 0.007278270936885845	false	1.0
fotze	off 1.0		neg 0.5090505633079138 off 0.4836373079419532 __DUMMY__ 0.007312128750133132	false	0.5
verwirren	neg 1.0		neg 0.501818944175245 off 0.4909040734230065 __DUMMY__ 0.007276982401748478	false	1.0
zahnlos	off 1.0		neg 0.50845666805032 off 0.4842566253196243 __DUMMY__ 0.007286706630055567	false	0.5
verheeren	neg 1.0		off 0.5046675650276107 neg 0.4881074263404413 __DUMMY__ 0.007225008631947838	false	0.5
hippie	neg 1.0		neg 0.5020004055111897 off 0.4907224097736028 __DUMMY__ 0.007277184715207461	false	1.0
rammen	neg 1.0		neg 0.5045503549371475 off 0.4881686784827108 __DUMMY__ 0.007280966580141659	false	1.0
unlauter	neg 1.0		neg 0.5089560719771107 off 0.48382608964964074 __DUMMY__ 0.007217838373248545	false	1.0
unheilvoll	neg 1.0		neg 0.5002023685043594 off 0.49247769013177356 __DUMMY__ 0.007319941363866867	false	1.0
niedrig	neg 1.0		neg 0.5090705361151888 off 0.48359915723436614 __DUMMY__ 0.007330306650444819	false	1.0
explosion	neg 1.0		neg 0.5031792579802812 off 0.4895518098443734 __DUMMY__ 0.007268932175345317	false	1.0
weichei	off 1.0		off 0.4987175779995393 neg 0.4940719061791653 __DUMMY__ 0.007210515821295493	false	1.0
minusmensch	off 1.0		off 0.49928130342292915 neg 0.4935785476789716 __DUMMY__ 0.007140148898099211	false	1.0
farblos	neg 1.0		neg 0.5018723558350268 off 0.49075826759635777 __DUMMY__ 0.0073693765686154164	false	1.0
unwissend	neg 1.0	neg 1.0	neg 0.7355516198937634 off 0.2609878253568631 __DUMMY__ 0.0034605547493735175	false	1.0
traurig	neg 1.0		off 0.4967918770593415 neg 0.49595932221741923 __DUMMY__ 0.007248800723239254	false	0.5
senkung	neg 1.0		neg 0.5045503840402691 off 0.48821104450779496 __DUMMY__ 0.0072385714519357545	false	1.0
ungleich	neg 1.0	neg 1.0	neg 0.741321493435583 off 0.25519763190486927 __DUMMY__ 0.003480874659547777	false	1.0
heikel	neg 1.0		neg 0.5111967813420959 off 0.48150016487606756 __DUMMY__ 0.007303053781836425	false	1.0
drosselung	neg 1.0		neg 0.49805020063634786 off 0.49468191292885283 __DUMMY__ 0.007267886434799291	false	1.0
falsch	neg 1.0		neg 0.5004375523249569 off 0.4922885897012488 __DUMMY__ 0.007273857973794347	false	1.0
unzufriedenheit	neg 1.0		neg 0.5114688461842116 off 0.4812185457029717 __DUMMY__ 0.007312608112816706	false	1.0
kurz	neg 1.0		neg 0.5049921908159888 off 0.4876758466435711 __DUMMY__ 0.0073319625404399845	false	1.0
unsinnig	neg 1.0		neg 0.5087063588644986 off 0.4840230446132818 __DUMMY__ 0.0072705965222194845	false	1.0
penner	off 1.0	off 1.0	off 0.7355553707279706 neg 0.2610074459971376 __DUMMY__ 0.0034371832748918184	false	1.0
seicht	neg 1.0		off 0.49980372158509206 neg 0.49303046083931 __DUMMY__ 0.007165817575597835	false	0.5
dummheit	off 1.0	off 1.0	off 0.7294888884722026 neg 0.2670439280155196 __DUMMY__ 0.003467183512277741	false	1.0
unerfreulich	neg 1.0		neg 0.5108858841924226 off 0.48178497050741037 __DUMMY__ 0.0073291453001670375	false	1.0
motherfucker	off 1.0	off 1.0	off 0.731761556001361 neg 0.26478494237251726 __DUMMY__ 0.0034535016261216774	false	1.0
pikiert	neg 1.0		neg 0.5010370605599653 off 0.491728618682016 __DUMMY__ 0.007234320758018573	false	1.0
wrack	neg 1.0		neg 0.5062293041873893 off 0.4864070752925015 __DUMMY__ 0.007363620520109249	false	1.0
gangster	neg 1.0		neg 0.5019967557308515 off 0.4907178355278659 __DUMMY__ 0.007285408741282711	false	1.0
krank	neg 1.0		neg 0.49689841492473463 off 0.495830500156774 __DUMMY__ 0.007271084918491374	false	1.0
reich	neg 1.0		neg 0.5017852606340245 off 0.4909670979192358 __DUMMY__ 0.007247641446739617	false	1.0
gnadenlos	neg 1.0		neg 0.5039639224254996 off 0.48874322814638127 __DUMMY__ 0.007292849428119092	false	1.0
niedergeschlagen	neg 1.0		neg 0.5044057938732972 off 0.4882594863798718 __DUMMY__ 0.007334719746830849	false	1.0
terrorisieren	off 1.0	off 1.0	off 0.7270597950253452 neg 0.26943702142709575 __DUMMY__ 0.0035031835475589175	false	1.0
sinnlosigkeit	neg 1.0		neg 0.5078485150045192 off 0.4848578583105155 __DUMMY__ 0.0072936266849653476	false	1.0
behindern	neg 1.0		neg 0.5067495754434587 off 0.4859659884853204 __DUMMY__ 0.007284436071220744	false	1.0
undemokratisch	neg 1.0		neg 0.5069639952143479 off 0.4857893250241144 __DUMMY__ 0.007246679761537705	false	1.0
wirtschaftskrise	neg 1.0		neg 0.5101351112874067 off 0.482578881406291 __DUMMY__ 0.007286007306302233	false	1.0
neid	neg 1.0		neg 0.49784951125288013 off 0.49484699373738766 __DUMMY__ 0.007303495009732237	false	1.0
rutschen	neg 1.0	neg 1.0	neg 0.7396806400063305 off 0.2567724749338732 __DUMMY__ 0.003546885059796262	false	1.0
rezession	neg 1.0		neg 0.49745458430125866 off 0.4953393650196849 __DUMMY__ 0.007206050679056389	false	1.0
fehlgeburt	neg 1.0		neg 0.5007739406385727 off 0.49190981763867075 __DUMMY__ 0.007316241722756462	false	1.0
charakterschwach	off 1.0		neg 0.4989433805869755 off 0.49380376188360703 __DUMMY__ 0.007252857529417451	false	0.5
isolation	neg 1.0		neg 0.500157025330264 off 0.4925577862908886 __DUMMY__ 0.007285188378847394	false	1.0
ablenkung	neg 1.0		neg 0.5041264543469939 off 0.48857111593068386 __DUMMY__ 0.007302429722322308	false	1.0
pech	neg 1.0		neg 0.5004876435596983 off 0.4922338842155189 __DUMMY__ 0.0072784722247825825	false	1.0
vermeidung	neg 1.0		neg 0.4999985677883455 off 0.49277165327608463 __DUMMY__ 0.007229778935569747	false	1.0
dominieren	neg 1.0		neg 0.506715824999655 off 0.48593963940237933 __DUMMY__ 0.007344535597965888	false	1.0
schwindlig	neg 1.0		neg 0.49917363088216155 off 0.49349443762225725 __DUMMY__ 0.007331931495581247	false	1.0
lutscher	neg 1.0		off 0.5007597034240814 neg 0.49207438869963904 __DUMMY__ 0.007165907876279514	false	0.5
pflicht	neg 1.0		neg 0.5113112765465555 off 0.4813829487065388 __DUMMY__ 0.007305774746905653	false	1.0
faschist	off 1.0		neg 0.504683285894975 off 0.48808180165517395 __DUMMY__ 0.007234912449851125	false	0.5
verschleudern	neg 1.0		neg 0.5136061076987423 off 0.4791485499757453 __DUMMY__ 0.00724534232551235	false	1.0
wenn			neg 0.5003274528150241 off 0.49240169162643105 __DUMMY__ 0.007270855558545025	false	0.0
ehebruch	neg 1.0		neg 0.5088570632353947 off 0.48383879302111377 __DUMMY__ 0.007304143743491488	false	1.0
spott	off 1.0		neg 0.5106265762988067 off 0.4820856690751554 __DUMMY__ 0.0072877546260379416	false	0.5
trostlosigkeit	neg 1.0		neg 0.510531875580834 off 0.4821255991348113 __DUMMY__ 0.007342525284354662	false	1.0
lutschen	neg 1.0		neg 0.5036207427790699 off 0.4891194105949874 __DUMMY__ 0.007259846625942726	false	1.0
undiszipliniert	neg 1.0		neg 0.49637620395753074 off 0.4963632660384102 __DUMMY__ 0.007260530004059002	false	1.0
kopfschmerz	neg 1.0		neg 0.5046884217034954 off 0.48798107318495376 __DUMMY__ 0.007330505111550897	false	1.0
unvorhergesehen	neg 1.0		neg 0.5057772989757768 off 0.48685712219080307 __DUMMY__ 0.007365578833420093	false	1.0
desinteressiert	neg 1.0		neg 0.4980119924808735 off 0.49475057004407713 __DUMMY__ 0.0072374374750493456	false	1.0
armselig	off 1.0		neg 0.4985872608294867 off 0.49420604488780606 __DUMMY__ 0.007206694282707225	false	0.5
desaster	neg 1.0		neg 0.5136673783934647 off 0.47901298104389956 __DUMMY__ 0.007319640562635691	false	1.0
tod	neg 1.0		neg 0.5052580194844213 off 0.4873801099244757 __DUMMY__ 0.007361870591102973	false	1.0
herzlos	neg 1.0		neg 0.49663253078946534 off 0.49614039270973725 __DUMMY__ 0.0072270765007975	false	1.0
unwissenheit	neg 1.0		neg 0.5098910731612707 off 0.48284337945835537 __DUMMY__ 0.007265547380373814	false	1.0
widersinnig	neg 1.0	neg 1.0	neg 0.7409094860383947 off 0.25563006409976397 __DUMMY__ 0.0034604498618413747	false	1.0
bedenklich	neg 1.0		neg 0.5098772979286609 off 0.48282987750357254 __DUMMY__ 0.0072928245677664535	false	1.0
beanstanden	neg 1.0		neg 0.5114819556396957 off 0.4812014245894676 __DUMMY__ 0.007316619770836694	false	1.0
panisch	neg 1.0	neg 1.0	neg 0.7344224347748384 off 0.26206544374177965 __DUMMY__ 0.003512121483381947	false	1.0
debil	off 1.0		neg 0.5150757843525617 off 0.47755902297529546 __DUMMY__ 0.00736519267214279	false	0.5
abstrich	neg 1.0		neg 0.5085081213113304 off 0.4841929998733842 __DUMMY__ 0.007298878815285374	false	1.0
primitiv	neg 1.0		neg 0.49906888562845175 off 0.49369786795670884 __DUMMY__ 0.007233246414839479	false	1.0
abschaum	off 1.0	off 1.0	off 0.7308433068083854 neg 0.2656928293855647 __DUMMY__ 0.003463863806049924	false	1.0
provozieren	neg 1.0		neg 0.5050759607518794 off 0.4876460361191912 __DUMMY__ 0.00727800312892938	false	1.0
tot	neg 1.0		neg 0.509419141833883 off 0.4832760160511603 __DUMMY__ 0.007304842114956779	false	1.0
instabil	neg 1.0		neg 0.5010319211093601 off 0.49176470918997833 __DUMMY__ 0.007203369700661665	false	1.0
schwuchtel	off 1.0		off 0.5049389572488702 neg 0.48792690169455616 __DUMMY__ 0.007134141056573611	false	1.0
zerren	neg 1.0		neg 0.5044152309145741 off 0.4882510780515556 __DUMMY__ 0.007333691033870379	false	1.0
kinderficker	off 1.0		neg 0.49696137054791645 off 0.4958596970404423 __DUMMY__ 0.007178932411641198	false	0.5
gefahr	neg 1.0		neg 0.510565476433007 off 0.48210949827214 __DUMMY__ 0.007325025294853205	false	1.0
rabiat	neg 1.0		neg 0.5058466688294495 off 0.48687368195101577 __DUMMY__ 0.007279649219534675	false	1.0
verlangsamung	neg 1.0		off 0.4998668938807436 neg 0.49292746970715023 __DUMMY__ 0.007205636412106126	false	0.5
ausgestorben	neg 1.0		neg 0.5042300785387547 off 0.48844895571394714 __DUMMY__ 0.007320965747298174	false	1.0
anklagen	neg 1.0		neg 0.5078397432117878 off 0.4848716975310214 __DUMMY__ 0.007288559257190843	false	1.0
trott	neg 1.0		neg 0.5049597758160258 off 0.48772995453087054 __DUMMY__ 0.007310269653103611	false	1.0
verminderung	neg 1.0		neg 0.49856911987664726 off 0.4941956971183899 __DUMMY__ 0.007235183004962836	false	1.0
nach			neg 0.5092573613722194 off 0.4833139243798587 __DUMMY__ 0.007428714247921942	false	0.0
rost	neg 1.0		off 0.4995612626690064 neg 0.4932109824737007 __DUMMY__ 0.00722775485729274	false	0.5
destruktiv	neg 1.0		neg 0.5077693526903658 off 0.4849720314718965 __DUMMY__ 0.007258615837737727	false	1.0
unzumutbarkeit	neg 1.0		neg 0.4992854475502147 off 0.49343397721255605 __DUMMY__ 0.007280575237229326	false	1.0
labil	off 1.0	off 1.0	off 0.7308142121434662 neg 0.265720912972924 __DUMMY__ 0.0034648748836097983	false	1.0
ziemlich	neg 1.0		neg 0.49814761365304916 off 0.4945828397629766 __DUMMY__ 0.007269546583974277	false	1.0
lachnummer	off 1.0		neg 0.5065946109024718 off 0.48613060262147795 __DUMMY__ 0.007274786476050307	false	0.5
oder			neg 0.5033323126041206 off 0.4893523400722931 __DUMMY__ 0.0073153473235863815	false	0.0
verfall	neg 1.0		neg 0.5152877674417049 off 0.4773685524951088 __DUMMY__ 0.007343680063186359	false	1.0
ausgrenzung	neg 1.0		neg 0.5055271156451236 off 0.4872194744551602 __DUMMY__ 0.007253409899716139	false	1.0
unordnung	neg 1.0		neg 0.4977838586962121 off 0.4949298662996509 __DUMMY__ 0.007286275004137097	false	1.0
fehlverhalten	neg 1.0		neg 0.5108497178979662 off 0.4818441314530629 __DUMMY__ 0.007306150648971038	false	1.0
eine			neg 0.5104345836150411 off 0.4822386735045829 __DUMMY__ 0.007326742880375907	false	0.0
nille	neg 1.0		neg 0.5062208597959992 off 0.4864763169008285 __DUMMY__ 0.007302823303172401	false	1.0
qual	neg 1.0		neg 0.5053514007722307 off 0.48734039699412857 __DUMMY__ 0.007308202233640737	false	1.0
verschwenden	neg 1.0		neg 0.5089786193255337 off 0.48372513937092326 __DUMMY__ 0.007296241303543124	false	1.0
riesig	neg 1.0	neg 1.0	neg 0.7382231523451113 off 0.25825441525081855 __DUMMY__ 0.0035224324040701036	false	1.0
verurteilen	neg 1.0		neg 0.508290986547568 off 0.4844169491415489 __DUMMY__ 0.0072920643108829964	false	1.0
klischee	neg 1.0	neg 1.0	neg 0.7367231091434742 off 0.2598156210146409 __DUMMY__ 0.003461269841884966	false	1.0
diktatorisch	neg 1.0		neg 0.506990397787726 off 0.48577597205658835 __DUMMY__ 0.007233630155685707	false	1.0
vorhersehbar	neg 1.0	neg 1.0	neg 0.7368574421158758 off 0.25967481531460423 __DUMMY__ 0.0034677425695199757	false	1.0
sowie			off 0.49791126388657275 neg 0.49487540022163173 __DUMMY__ 0.007213335891795525	false	0.0
stornieren	neg 1.0		neg 0.4999695945051985 off 0.4926691893743701 __DUMMY__ 0.007361216120431292	false	1.0
besteuerung	neg 1.0		neg 0.5074194919941817 off 0.4853409484786652 __DUMMY__ 0.007239559527153192	false	1.0
ungeschminkt	neg 1.0		neg 0.4998777747268708 off 0.4928884211598898 __DUMMY__ 0.007233804113239566	false	1.0
kritisch	neg 1.0		neg 0.5101212829885728 off 0.4825846924849714 __DUMMY__ 0.0072940245264556365	false	1.0
schlamperei	off 1.0		neg 0.511658175889899 off 0.4810498030998752 __DUMMY__ 0.007292021010225852	false	0.5
sucht	neg 1.0	neg 1.0	neg 0.7368056084428 off 0.2596878270168834 __DUMMY__ 0.0035065645403166055	false	1.0
egoistisch	off 1.0		off 0.49910602180493074 neg 0.49367317914446435 __DUMMY__ 0.007220799050604899	false	1.0
ausbeuter	off 1.0		neg 0.5120549536418582 off 0.4806563204111791 __DUMMY__ 0.007288725946962666	false	0.5
arschgeburt	off 1.0		off 0.5044206346834648 neg 0.48845624827258843 __DUMMY__ 0.0071231170439466415	false	1.0
schubs	neg 1.0	neg 1.0	neg 0.7378913532348678 off 0.2585948082139799 __DUMMY__ 0.003513838551152291	false	1.0
unsolide	neg 1.0		neg 0.5088204386509109 off 0.48398965794399473 __DUMMY__ 0.00718990340509439	false	1.0
beschwerde	neg 1.0		neg 0.5114450283658319 off 0.4812643193061416 __DUMMY__ 0.007290652328026427	false	1.0
stocken	neg 1.0		neg 0.5095643771005846 off 0.48312704948651375 __DUMMY__ 0.007308573412901623	false	1.0
isolieren	neg 1.0		neg 0.5093646813234893 off 0.483349366212766 __DUMMY__ 0.007285952463744632	false	1.0
unheilbar	neg 1.0		neg 0.5025144879655642 off 0.4901607616704542 __DUMMY__ 0.007324750363981646	false	1.0
pisser	off 1.0		neg 0.49769706042260187 off 0.4950538508073813 __DUMMY__ 0.007249088770016893	false	0.5
löschen	neg 1.0		neg 0.5050632328470931 off 0.48763853484198855 __DUMMY__ 0.007298232310918325	false	1.0
durchfallen	neg 1.0		neg 0.5094716676091996 off 0.48325460234502204 __DUMMY__ 0.007273730045778401	false	1.0
wichser	off 1.0		off 0.5036500630870409 neg 0.48916281233895037 __DUMMY__ 0.007187124574008588	false	1.0
terror	neg 1.0		neg 0.5006741698800703 off 0.4920214446624325 __DUMMY__ 0.007304385457497178	false	1.0
krass	neg 1.0		off 0.49666685649185655 neg 0.4961101080130671 __DUMMY__ 0.007223035495076273	false	0.5
revolte	neg 1.0		neg 0.5049241359101154 off 0.4878265013268464 __DUMMY__ 0.007249362763038144	false	1.0
besorgt	neg 1.0		neg 0.5047318074107432 off 0.48792108664425826 __DUMMY__ 0.007347105944998458	false	1.0
nachlassen	neg 1.0		neg 0.5091943405037562 off 0.48348497504160237 __DUMMY__ 0.007320684454641338	false	1.0
alt	neg 1.0		neg 0.5081087096473145 off 0.48457841730858164 __DUMMY__ 0.007312873044104022	false	1.0
hundesohn	off 1.0		off 0.5001931661770791 neg 0.49263854206235774 __DUMMY__ 0.007168291760563169	false	1.0
als			neg 0.5054444005275956 off 0.48722520007470094 __DUMMY__ 0.007330399397703479	false	0.0
abschreckung	neg 1.0		neg 0.511554132413395 off 0.48111870682303526 __DUMMY__ 0.007327160763569832	false	1.0
unqualifiziert	neg 1.0		neg 0.5049473872937701 off 0.48783320616056686 __DUMMY__ 0.00721940654566314	false	1.0
abgewichst	off 1.0		neg 0.5063963431357966 off 0.48629031898393776 __DUMMY__ 0.007313337880265708	false	0.5
schwer	neg 1.0		neg 0.504696114316064 off 0.4880012800949754 __DUMMY__ 0.007302605588960584	false	1.0
bedeutungslosigkeit	neg 1.0		neg 0.5112402846654929 off 0.481447962731803 __DUMMY__ 0.007311752602704032	false	1.0
kapitulation	neg 1.0		neg 0.511463540046399 off 0.4812610265068833 __DUMMY__ 0.007275433446717618	false	1.0
unscharf	neg 1.0		neg 0.5027239093883528 off 0.4900025182334762 __DUMMY__ 0.0072735723781709605	false	1.0
schwinden	neg 1.0		neg 0.5113155040019829 off 0.4813722287802293 __DUMMY__ 0.00731226721778774	false	1.0
versklavung	neg 1.0		neg 0.5071761703951516 off 0.4855855490114756 __DUMMY__ 0.007238280593372813	false	1.0
schlecht	neg 1.0		neg 0.4977986935519932 off 0.4949276186150771 __DUMMY__ 0.007273687832929721	false	1.0
verhasst	neg 1.0		neg 0.5044641829199916 off 0.4882565305345491 __DUMMY__ 0.007279286545459314	false	1.0
beschweren	neg 1.0		neg 0.503083512323296 off 0.4896331458295825 __DUMMY__ 0.007283341847121603	false	1.0
scheiden	neg 1.0		neg 0.5007475588506274 off 0.49189546222641606 __DUMMY__ 0.007356978922956554	false	1.0
frustriert	neg 1.0		neg 0.5059434036160709 off 0.4867502352898356 __DUMMY__ 0.007306361094093436	false	1.0
schimmelig	neg 1.0		neg 0.5082876381626629 off 0.4843881175677296 __DUMMY__ 0.007324244269607462	false	1.0
fisch	neg 1.0		neg 0.5065547020840266 off 0.48606307983257774 __DUMMY__ 0.007382218083395435	false	1.0
schmuggel	neg 1.0		neg 0.5074808099536796 off 0.48514565763210893 __DUMMY__ 0.007373532414211498	false	1.0
auffallen	neg 1.0		neg 0.5021642220938669 off 0.4905530913126656 __DUMMY__ 0.0072826865934675624	false	1.0
konkurrenz	neg 1.0	neg 1.0	neg 0.7415640564089371 off 0.25493041641631264 __DUMMY__ 0.003505527174750272	false	1.0
teufelskreis	neg 1.0		neg 0.5059985512441748 off 0.4867077405870335 __DUMMY__ 0.007293708168791665	false	1.0
aufschreien	neg 1.0		neg 0.5032020626185169 off 0.48953010381874446 __DUMMY__ 0.0072678335627387675	false	1.0
schuldner	neg 1.0		neg 0.5104321473085842 off 0.4822462946503835 __DUMMY__ 0.00732155804103235	false	1.0
missgeburt	off 1.0	off 1.0	off 0.7341735009309691 neg 0.2623815054144997 __DUMMY__ 0.0034449936545312503	false	1.0
arbeitslos	neg 1.0		neg 0.5090173118440696 off 0.48370648581263864 __DUMMY__ 0.007276202343291777	false	1.0
befallen	neg 1.0		neg 0.5070469235183349 off 0.48565516160208944 __DUMMY__ 0.007297914879575698	false	1.0
miesepetrig	off 1.0	off 1.0	off 0.7323805406974234 neg 0.2641443979821735 __DUMMY__ 0.003475061320403059	false	1.0
alarmieren	neg 1.0		neg 0.5021322972596781 off 0.49062675816781537 __DUMMY__ 0.007240944572506703	false	1.0
ungeduscht	off 1.0		neg 0.5004011365304174 off 0.49231588783107433 __DUMMY__ 0.007282975638508353	false	0.5
knappheit	neg 1.0		neg 0.5114058837014133 off 0.4813207884770449 __DUMMY__ 0.007273327821541689	false	1.0
schlange	neg 1.0		neg 0.5007691310620143 off 0.4919072130392097 __DUMMY__ 0.007323655898775954	false	1.0
harsch	neg 1.0		off 0.4990639456100103 neg 0.49368270671204334 __DUMMY__ 0.007253347677946292	false	0.5
lang	neg 1.0		neg 0.5041827818534304 off 0.4885144306771494 __DUMMY__ 0.007302787469420136	false	1.0
ziellos	neg 1.0		neg 0.5062370371962751 off 0.48643090751878415 __DUMMY__ 0.007332055284940589	false	1.0
selbstverliebt	neg 1.0		off 0.5022282569219678 neg 0.490628982934327 __DUMMY__ 0.007142760143705231	false	0.5
beseitigen	neg 1.0	neg 1.0	neg 0.7372271157686138 off 0.2592609752960785 __DUMMY__ 0.0035119089353077265	false	1.0
dumm	off 1.0		off 0.49923771601212896 neg 0.4935624491736371 __DUMMY__ 0.007199834814233931	false	1.0
arbeitsloser	neg 1.0		neg 0.5082783410642 off 0.48441244877029443 __DUMMY__ 0.007309210165505599	false	1.0
blitzen	neg 1.0		neg 0.5016676595456698 off 0.49105355320146576 __DUMMY__ 0.007278787252864374	false	1.0
hilflos	neg 1.0		neg 0.5062864183109785 off 0.48640284712359927 __DUMMY__ 0.007310734565422229	false	1.0
eklig	off 1.0		off 0.5000703763887462 neg 0.49273127515987025 __DUMMY__ 0.007198348451383462	false	1.0
begriff			neg 0.5075243256715269 off 0.4851945166393709 __DUMMY__ 0.0072811576891020306	false	0.0
hungersnot	neg 1.0		neg 0.5060630240577851 off 0.48661764478098873 __DUMMY__ 0.007319331161226266	false	1.0
ungesetzlich	neg 1.0		neg 0.5086747934251619 off 0.4841343478307213 __DUMMY__ 0.007190858744116722	false	1.0
verschwendung	neg 1.0		neg 0.5096239182098921 off 0.4830614487910476 __DUMMY__ 0.0073146329990602995	false	1.0
schmerzvoll	neg 1.0		neg 0.502646066055677 off 0.49006273513875853 __DUMMY__ 0.007291198805564523	false	1.0
vorzeitig	neg 1.0		neg 0.500284416503054 off 0.49241423482301516 __DUMMY__ 0.007301348673930774	false	1.0
unvollkommenheit	neg 1.0		neg 0.5033010489842066 off 0.4893213610140604 __DUMMY__ 0.0073775900017330935	false	1.0
intervenieren	neg 1.0		neg 0.5118183377425233 off 0.4808957402441582 __DUMMY__ 0.0072859220133184395	false	1.0
banause	off 1.0		off 0.5006708529155017 neg 0.4921681610237024 __DUMMY__ 0.007160986060795785	false	1.0
rebell	neg 1.0		neg 0.5120889723740616 off 0.4805638635947833 __DUMMY__ 0.00734716403115514	false	1.0
unlogisch	neg 1.0		neg 0.49665048080905194 off 0.49611590037290576 __DUMMY__ 0.007233618818042422	false	1.0
leiden	neg 1.0		neg 0.5054416789657615 off 0.48716438802091977 __DUMMY__ 0.007393933013318547	false	1.0
abschaffung	neg 1.0		neg 0.5072087154811329 off 0.48554267046154626 __DUMMY__ 0.007248614057320896	false	1.0
sturz	neg 1.0		neg 0.5043762559968984 off 0.4883159983687107 __DUMMY__ 0.007307745634390919	false	1.0
verkleinerung	neg 1.0		neg 0.5054964221646381 off 0.48728548337904376 __DUMMY__ 0.007218094456318171	false	1.0
schmarotzer	off 1.0		neg 0.5093959617178203 off 0.48333156917359493 __DUMMY__ 0.0072724691085848696	false	0.5
bestrafung	neg 1.0		neg 0.5039342050096565 off 0.48878454303115876 __DUMMY__ 0.007281251959184738	false	1.0
achtlos	neg 1.0		neg 0.5039566071772036 off 0.48872714333829315 __DUMMY__ 0.007316249484503101	false	1.0
