unsolidarisch	neg 1.0		neg 0.4919364807670237 off 0.4657627339507877 __DUMMY__ 0.042300785282188676	false	1.0
nachteilig	neg 1.0		neg 0.4925171975766486 off 0.46472562333649464 __DUMMY__ 0.04275717908685681	false	1.0
skeptisch	neg 1.0		neg 0.4927011793418489 off 0.46445987900610003 __DUMMY__ 0.04283894165205116	false	1.0
schrecklich	neg 1.0		off 0.48031139548258034 neg 0.47728424867456626 __DUMMY__ 0.04240435584285345	false	0.5
schlapp	neg 1.0		neg 0.4810623176425152 off 0.4763122602058915 __DUMMY__ 0.04262542215159319	false	1.0
abfall	neg 1.0		neg 0.49497379850323736 off 0.4620649392064255 __DUMMY__ 0.0429612622903371	false	1.0
widerspenstig	neg 1.0		neg 0.486276893659364 off 0.4709382824242969 __DUMMY__ 0.042784823916339025	false	1.0
abrupt	neg 1.0		neg 0.4896493959919888 off 0.4673025757899302 __DUMMY__ 0.043048028218081034	false	1.0
unwirksam	neg 1.0		neg 0.49064269334903277 off 0.4669497888685269 __DUMMY__ 0.04240751778244043	false	1.0
angreifen	neg 1.0	neg 1.0	neg 0.7321712700332923 off 0.24731863628338072 __DUMMY__ 0.020510093683327	false	1.0
inkonsistent	neg 1.0		neg 0.4853521712343521 off 0.4718805007208598 __DUMMY__ 0.04276732804478824	false	1.0
abrutschen	neg 1.0		neg 0.4945311299647168 off 0.4625078867941188 __DUMMY__ 0.04296098324116453	false	1.0
unsicher	neg 1.0		neg 0.48620834855502987 off 0.47099168755106274 __DUMMY__ 0.04279996389390744	false	1.0
bauernkind	off 1.0	off 1.0	off 0.7239519202176785 neg 0.2559283684799326 __DUMMY__ 0.020119711302388942	false	1.0
angreifer	neg 1.0		neg 0.4848462428052079 off 0.4723759797986518 __DUMMY__ 0.042777777396140436	false	1.0
trennen	neg 1.0		neg 0.4881596859094664 off 0.46868082233057656 __DUMMY__ 0.043159491759957105	false	1.0
schmutz	neg 1.0		neg 0.4813084426295702 off 0.4756346221727483 __DUMMY__ 0.04305693519768148	false	1.0
inkonsistenz	neg 1.0		neg 0.48594083732236215 off 0.47176104451069456 __DUMMY__ 0.04229811816694323	false	1.0
erschreckend	neg 1.0		neg 0.4890709835599615 off 0.4682495304701921 __DUMMY__ 0.04267948596984644	false	1.0
ertrinken	neg 1.0		neg 0.48860679233671905 off 0.46836764171605977 __DUMMY__ 0.0430255659472211	false	1.0
pickelface	off 1.0		neg 0.48931652440799683 off 0.4679129173229235 __DUMMY__ 0.04277055826907965	false	0.5
seiner			neg 0.49063696204423224 off 0.4663867913448793 __DUMMY__ 0.042976246610888585	false	0.0
lauch	neg 1.0		neg 0.4953877786445108 off 0.4617472711202892 __DUMMY__ 0.0428649502352001	false	1.0
unwichtig	neg 1.0		neg 0.48290425068078024 off 0.47459815381923337 __DUMMY__ 0.04249759549998643	false	1.0
steuerhinterziehung	neg 1.0		neg 0.4913414366257239 off 0.466096578017422 __DUMMY__ 0.04256198535685427	false	1.0
schock	neg 1.0		neg 0.4853235825588324 off 0.4716762642988851 __DUMMY__ 0.043000153142282435	false	1.0
beule	neg 1.0		neg 0.4805084573670453 off 0.4768552337904436 __DUMMY__ 0.04263630884251114	false	1.0
vergelten	neg 1.0		off 0.4807773203906573 neg 0.4765542748612745 __DUMMY__ 0.042668404748068135	false	0.5
verdorbenheit	neg 1.0		neg 0.4866949185478566 off 0.47048331558565554 __DUMMY__ 0.042821765866487733	false	1.0
trauma	neg 1.0		neg 0.48581628987642506 off 0.4714627315372686 __DUMMY__ 0.04272097858630649	false	1.0
sinnlos	neg 1.0		neg 0.48352718698014746 off 0.47371540115131394 __DUMMY__ 0.04275741186853874	false	1.0
fettsack	off 1.0	off 1.0	off 0.7260660664251023 neg 0.2537200441690498 __DUMMY__ 0.020213889405847927	false	1.0
feige	off 1.0	off 1.0	off 0.7226288412924441 neg 0.25708885628150485 __DUMMY__ 0.020282302426050988	false	1.0
abdanken	neg 1.0		neg 0.489859177153864 off 0.46754875717059 __DUMMY__ 0.042592065675545986	false	1.0
wichtigtuer	off 1.0	off 1.0	off 0.7211526916056185 neg 0.25848852786680077 __DUMMY__ 0.020358780527580764	false	1.0
misslingen	neg 1.0		neg 0.4816013320626259 off 0.4752765859740802 __DUMMY__ 0.043122081963293944	false	1.0
untreu	off 1.0		neg 0.48182000970934047 off 0.47574053229045155 __DUMMY__ 0.04243945800020808	false	0.5
missmutig	neg 1.0		neg 0.48219061834473603 off 0.4752554280381626 __DUMMY__ 0.042553953617101445	false	1.0
hurenbock	off 1.0		neg 0.48428787833636405 off 0.47290284226912344 __DUMMY__ 0.04280927939451263	false	0.5
betrunken	neg 1.0		off 0.479722596550779 neg 0.4776399034156761 __DUMMY__ 0.04263750003354502	false	0.5
korrupt	off 1.0		neg 0.4932469030257864 off 0.4642880664266584 __DUMMY__ 0.04246503054755524	false	0.5
unmut	neg 1.0		neg 0.4953465828769747 off 0.4617412912044105 __DUMMY__ 0.04291212591861486	false	1.0
hackfresse	off 1.0		off 0.4826065480537778 neg 0.47523979113412324 __DUMMY__ 0.04215366081209888	false	1.0
aufblasen	neg 1.0		neg 0.4838807830595133 off 0.4732782318968497 __DUMMY__ 0.04284098504363699	false	1.0
gewaltsam	neg 1.0		neg 0.4874257135752962 off 0.46976485182396893 __DUMMY__ 0.04280943460073477	false	1.0
unbeliebtheit	neg 1.0		neg 0.48827872093800195 off 0.4696704748089689 __DUMMY__ 0.042050804253029136	false	1.0
sturheit	neg 1.0		neg 0.48935625881747896 off 0.46798624330058514 __DUMMY__ 0.04265749788193574	false	1.0
kuh	neg 1.0		neg 0.4883788584547784 off 0.46911180223051874 __DUMMY__ 0.042509339314702986	false	1.0
erschrecken	neg 1.0		neg 0.48198615157343994 off 0.4753493558587769 __DUMMY__ 0.04266449256778316	false	1.0
opfer	neg 1.0		neg 0.4893678742790317 off 0.46768260332905065 __DUMMY__ 0.04294952239191768	false	1.0
sinken	neg 1.0		neg 0.49409902342217094 off 0.4629497456240014 __DUMMY__ 0.04295123095382778	false	1.0
stinktier	neg 1.0		off 0.479330778993958 neg 0.47844504164495794 __DUMMY__ 0.04222417936108405	false	0.5
tucke	off 1.0		off 0.48066685424226563 neg 0.4774612904895496 __DUMMY__ 0.04187185526818465	false	1.0
ein			neg 0.4851733625276666 off 0.4720260637672844 __DUMMY__ 0.042800573705049166	false	0.0
abstieg	neg 1.0		neg 0.4893752934284746 off 0.4675640598127001 __DUMMY__ 0.04306064675882527	false	1.0
missverstehen	neg 1.0		neg 0.4853845238455727 off 0.47206575371425735 __DUMMY__ 0.04254972244017001	false	1.0
ergebnislos	neg 1.0		neg 0.4921351070038295 off 0.4650465329515009 __DUMMY__ 0.04281836004466964	false	1.0
unter			neg 0.4957268811657023 off 0.4608553972491528 __DUMMY__ 0.043417721585144856	false	0.0
manipulieren	neg 1.0		neg 0.49265231294114425 off 0.4645131391843821 __DUMMY__ 0.04283454787447353	false	1.0
unbewiesen	neg 1.0		neg 0.49234958830055303 off 0.465422782420057 __DUMMY__ 0.04222762927938998	false	1.0
verschleppen	neg 1.0		neg 0.48996274585872657 off 0.46722036659955013 __DUMMY__ 0.042816887541723386	false	1.0
weib	off 1.0		off 0.4823683161956916 neg 0.47549675129398655 __DUMMY__ 0.04213493251032193	false	1.0
opposition	neg 1.0		neg 0.48703449854509323 off 0.47045843512678753 __DUMMY__ 0.04250706632811921	false	1.0
verkehrswidrig	neg 1.0	neg 1.0	neg 0.7215529267674117 off 0.2578418349597668 __DUMMY__ 0.020605238272821496	false	1.0
inkorrekt	neg 1.0		neg 0.4826219601419436 off 0.4751659175941951 __DUMMY__ 0.04221212226386142	false	1.0
vermeiden	neg 1.0		neg 0.49551351606835453 off 0.461340229668362 __DUMMY__ 0.04314625426328333	false	1.0
abweichung	neg 1.0		neg 0.49208110215353906 off 0.4651593929007374 __DUMMY__ 0.04275950494572347	false	1.0
alkoholisiert	neg 1.0		neg 0.4873510149841154 off 0.4693457908123457 __DUMMY__ 0.04330319420353895	false	1.0
scheiss	off 1.0	off 1.0	off 0.7237852378859619 neg 0.25583993444865083 __DUMMY__ 0.020374827665387212	false	1.0
herausforderung	neg 1.0	neg 1.0	neg 0.7288595151349629 off 0.25031047254491684 __DUMMY__ 0.02083001232012013	false	1.0
pervers	off 1.0		off 0.4857244777057093 neg 0.4722362426878064 __DUMMY__ 0.042039279606484334	false	1.0
wackelig	neg 1.0		neg 0.4863171110868852 off 0.4705786382875627 __DUMMY__ 0.04310425062555205	false	1.0
verwickeln	neg 1.0		neg 0.4856298072638851 off 0.4718285878468574 __DUMMY__ 0.04254160488925745	false	1.0
vorwand	neg 1.0		neg 0.49282787683219287 off 0.4642572394101169 __DUMMY__ 0.04291488375769029	false	1.0
muschi	off 1.0		neg 0.4888004608614168 off 0.4684309066288419 __DUMMY__ 0.042768632509741285	false	0.5
entmutigung	neg 1.0		neg 0.4882582959630789 off 0.46929902364006254 __DUMMY__ 0.04244268039685864	false	1.0
unangemessen	neg 1.0		neg 0.49043786954133395 off 0.4669026883511224 __DUMMY__ 0.042659442107543646	false	1.0
unstetig	neg 1.0		neg 0.48446526439524557 off 0.47269810786373934 __DUMMY__ 0.04283662774101524	false	1.0
entmutigen	neg 1.0		neg 0.48561132076268615 off 0.4716995084080623 __DUMMY__ 0.042689170829251506	false	1.0
schwanz	neg 1.0		neg 0.4913045966143092 off 0.46577806261550003 __DUMMY__ 0.04291734077019084	false	1.0
verbot	neg 1.0		neg 0.4920358634615442 off 0.46534589679122895 __DUMMY__ 0.042618239747226845	false	1.0
leid	neg 1.0		off 0.48194482949688133 neg 0.4756475512697363 __DUMMY__ 0.042407619233382376	false	0.5
archaisch	neg 1.0		neg 0.4889097713262263 off 0.46827725291114486 __DUMMY__ 0.04281297576262877	false	1.0
gegen			neg 0.492443068026883 off 0.46451251321133413 __DUMMY__ 0.04304441876178295	false	0.0
scheidung	neg 1.0		off 0.49015321397911643 neg 0.4678101154289283 __DUMMY__ 0.04203667059195541	false	0.5
einschlag	neg 1.0	neg 1.0	neg 0.724293571129767 off 0.25532913446051075 __DUMMY__ 0.020377294409722285	false	1.0
m			neg 0.48802614757043394 off 0.4690455961386828 __DUMMY__ 0.042928256290883246	false	0.0
abgestanden	neg 1.0		neg 0.484952409065994 off 0.4722308883802276 __DUMMY__ 0.04281670255377842	false	1.0
schmierig	off 1.0		off 0.48133622681513694 neg 0.47624513254333944 __DUMMY__ 0.042418640641523675	false	1.0
unpraktisch	neg 1.0		neg 0.4840217860903616 off 0.47310468640738146 __DUMMY__ 0.04287352750225706	false	1.0
wixxer	off 1.0		off 0.48483785497610404 neg 0.4731836080267331 __DUMMY__ 0.041978536997162856	false	1.0
bezeichnet			neg 0.4882415733690391 off 0.4690811504593164 __DUMMY__ 0.04267727617164454	false	0.0
jammerlappen	off 1.0		neg 0.48235247135489684 off 0.4751179745103823 __DUMMY__ 0.0425295541347209	false	0.5
farce	neg 1.0		neg 0.49208330835264397 off 0.4654047504883761 __DUMMY__ 0.04251194115898004	false	1.0
zwecklos	neg 1.0		neg 0.4901253520952276 off 0.46717997191014987 __DUMMY__ 0.04269467599462257	false	1.0
turbulent	neg 1.0		neg 0.482289482815648 off 0.4752501853935715 __DUMMY__ 0.04246033179078061	false	1.0
invasion	neg 1.0		neg 0.4838335985463624 off 0.4734460623947731 __DUMMY__ 0.04272033905886438	false	1.0
schuld	neg 1.0		neg 0.4864060843441942 off 0.4709188615291192 __DUMMY__ 0.04267505412668647	false	1.0
risiko	neg 1.0		neg 0.48519854404403084 off 0.47193466196729705 __DUMMY__ 0.042866793988672235	false	1.0
finster	neg 1.0		neg 0.4849320363563471 off 0.47228305359391654 __DUMMY__ 0.04278491004973636	false	1.0
geisteskrank	off 1.0		neg 0.48183194470438545 off 0.47580805826977335 __DUMMY__ 0.04235999702584119	false	0.5
zusammenbrechen	neg 1.0		neg 0.48748436501786085 off 0.4696411513384726 __DUMMY__ 0.0428744836436664	false	1.0
ausbeute	neg 1.0		neg 0.4891628495844183 off 0.46772701128585703 __DUMMY__ 0.04311013912972471	false	1.0
hinterhalt	neg 1.0		neg 0.4869961510510339 off 0.47003507792389965 __DUMMY__ 0.04296877102506653	false	1.0
kritik	neg 1.0		neg 0.4916970587544705 off 0.46573357120552944 __DUMMY__ 0.04256937004	false	1.0
einschrumpfen	neg 1.0		neg 0.48649120344339014 off 0.47111898448588174 __DUMMY__ 0.042389812070728214	false	1.0
riskant	neg 1.0		neg 0.49134407295402815 off 0.46585936528444355 __DUMMY__ 0.042796561761528275	false	1.0
frustrieren	neg 1.0		neg 0.490699299253367 off 0.46646862651797844 __DUMMY__ 0.042832074228654586	false	1.0
groll	neg 1.0		neg 0.4893796377875649 off 0.4678181847240073 __DUMMY__ 0.042802177488427705	false	1.0
gibt			neg 0.48908099960113893 off 0.46814631715377025 __DUMMY__ 0.04277268324509068	false	0.0
qualvoll	neg 1.0		neg 0.4819451539508201 off 0.47529047910163486 __DUMMY__ 0.04276436694754498	false	1.0
wackeln	neg 1.0	neg 1.0	neg 0.7274414663888277 off 0.25197369183409 __DUMMY__ 0.020584841777082266	false	1.0
klagen	neg 1.0		neg 0.494396753544272 off 0.46266645824269303 __DUMMY__ 0.04293678821303502	false	1.0
bankrott	neg 1.0		neg 0.4824903442662047 off 0.474862564227405 __DUMMY__ 0.042647091506390226	false	1.0
trauern	neg 1.0		neg 0.48930458324815057 off 0.4677128926479843 __DUMMY__ 0.042982524103865015	false	1.0
ablehnung	neg 1.0		neg 0.4915545087084708 off 0.4658675447157734 __DUMMY__ 0.04257794657575586	false	1.0
stur	neg 1.0		neg 0.486416918609109 off 0.47098571993074567 __DUMMY__ 0.04259736146014542	false	1.0
aufruhr	neg 1.0		neg 0.4877825538895312 off 0.4694270295368416 __DUMMY__ 0.04279041657362714	false	1.0
melancholie	neg 1.0		neg 0.4882615430986065 off 0.4688153064724458 __DUMMY__ 0.04292315042894773	false	1.0
ist			neg 0.4851751951867024 off 0.4721501782272374 __DUMMY__ 0.04267462658606022	false	0.0
torheit	neg 1.0		neg 0.4879042436858441 off 0.46954260358758915 __DUMMY__ 0.04255315272656666	false	1.0
dreckskind	off 1.0		off 0.48029591182791603 neg 0.47756725268514943 __DUMMY__ 0.04213683548693449	false	1.0
umtauschen	neg 1.0		neg 0.48695580363293967 off 0.4702629798908775 __DUMMY__ 0.04278121647618285	false	1.0
zum			neg 0.49201305254606365 off 0.4645313548114677 __DUMMY__ 0.04345559264246871	false	0.0
zersetzen	neg 1.0		neg 0.4935696254995951 off 0.4636721058863241 __DUMMY__ 0.04275826861408084	false	1.0
zur			neg 0.4954620273999828 off 0.46131382618067696 __DUMMY__ 0.0432241464193402	false	0.0
frust	neg 1.0		neg 0.48804705888922145 off 0.46910716236923833 __DUMMY__ 0.04284577874154018	false	1.0
unerbittlichkeit	neg 1.0		neg 0.49301670633298167 off 0.4641878038752676 __DUMMY__ 0.042795489791750754	false	1.0
zwei			neg 0.49086998736096166 off 0.4658369288565757 __DUMMY__ 0.04329308378246264	false	0.0
unkorrekt	neg 1.0		neg 0.4827346709687042 off 0.4751365766055159 __DUMMY__ 0.04212875242577995	false	1.0
hexe	off 1.0		neg 0.48160574937996486 off 0.47589315820296924 __DUMMY__ 0.042501092417065824	false	0.5
lasch	neg 1.0		neg 0.4853893416340721 off 0.47220601608585056 __DUMMY__ 0.042404642280077405	false	1.0
rivale	neg 1.0		neg 0.47879914268195134 off 0.47868716205377 __DUMMY__ 0.042513695264278666	false	1.0
mutlos	off 1.0	off 1.0	off 0.7171726309921291 neg 0.2624094766741435 __DUMMY__ 0.020417892333727414	false	1.0
wirr	off 1.0		neg 0.48205514469804883 off 0.47579328543232324 __DUMMY__ 0.0421515698696279	false	0.5
jahr			neg 0.48965006636482505 off 0.46716951632427145 __DUMMY__ 0.04318041731090342	false	0.0
wird			neg 0.48994015479159275 off 0.46720078349787725 __DUMMY__ 0.04285906171052993	false	0.0
strafbar	neg 1.0		neg 0.4918966385007811 off 0.4653689846428157 __DUMMY__ 0.04273437685640325	false	1.0
erosion	neg 1.0		neg 0.48486065611446205 off 0.4722793390427172 __DUMMY__ 0.04286000484282069	false	1.0
eingehen	neg 1.0		neg 0.49132543619924707 off 0.46600153057650295 __DUMMY__ 0.04267303322425003	false	1.0
faul	off 1.0		neg 0.4815193920023266 off 0.475787955438054 __DUMMY__ 0.042692652559619425	false	0.5
provisorium	neg 1.0		neg 0.49696911194656157 off 0.4597019980700658 __DUMMY__ 0.04332888998337263	false	1.0
schmerzen	neg 1.0		neg 0.4862211282914338 off 0.47097919277858186 __DUMMY__ 0.04279967892998429	false	1.0
schrumpfen	neg 1.0		neg 0.49777829643870103 off 0.4592676797596708 __DUMMY__ 0.04295402380162817	false	1.0
geistlos	off 1.0		neg 0.4884380482550299 off 0.4692965625293591 __DUMMY__ 0.042265389215610946	false	0.5
fehlkauf	neg 1.0		neg 0.4854461252131274 off 0.47189963430599247 __DUMMY__ 0.042654240480880075	false	1.0
frustrierend	neg 1.0		neg 0.4817418463245191 off 0.47554700054182353 __DUMMY__ 0.04271115313365742	false	1.0
unzufrieden	neg 1.0		neg 0.4905204299597073 off 0.46680129072536536 __DUMMY__ 0.04267827931492737	false	1.0
verzweifeln	neg 1.0		neg 0.4872447919973016 off 0.46998180254434696 __DUMMY__ 0.0427734054583515	false	1.0
verzweifelt	neg 1.0		neg 0.4856585309111231 off 0.4716858109275792 __DUMMY__ 0.042655658161297655	false	1.0
misstrauensantrag	neg 1.0		neg 0.4856200935705672 off 0.47182035256469324 __DUMMY__ 0.042559553864739565	false	1.0
abfallen	neg 1.0		neg 0.48345594631740063 off 0.4736524648160348 __DUMMY__ 0.042891588866564696	false	1.0
fucker	off 1.0		neg 0.48087802755266534 off 0.47671991972731925 __DUMMY__ 0.04240205272001547	false	0.5
ungezogen	neg 1.0		off 0.4850372945894869 neg 0.4727619173616272 __DUMMY__ 0.04220078804888589	false	0.5
irrsinnig	neg 1.0	neg 1.0	neg 0.7291049955017337 off 0.2505036943103168 __DUMMY__ 0.020391310187949475	false	1.0
unfassbar	neg 1.0		neg 0.48201862578791027 off 0.47551538702970053 __DUMMY__ 0.04246598718238927	false	1.0
hart	neg 1.0		neg 0.4834400652719189 off 0.4739605317739289 __DUMMY__ 0.042599402954152064	false	1.0
widerlich	off 1.0		neg 0.4818588936653497 off 0.47577839546163453 __DUMMY__ 0.04236271087301587	false	0.5
fatal	neg 1.0		neg 0.48510482039492014 off 0.4722412323605227 __DUMMY__ 0.04265394724455718	false	1.0
bruch	neg 1.0		neg 0.49491258550650225 off 0.4622256841585813 __DUMMY__ 0.04286173033491644	false	1.0
aushungern	neg 1.0		neg 0.49035490865114856 off 0.4670674144114101 __DUMMY__ 0.04257767693744149	false	1.0
anspannung	neg 1.0	neg 1.0	neg 0.7314232572995548 off 0.24769668551374593 __DUMMY__ 0.020880057186699167	false	1.0
von			neg 0.4907747029038915 off 0.46606416556040253 __DUMMY__ 0.043161131535706034	false	0.0
kraftlos	neg 1.0		neg 0.48668324812303476 off 0.4702915129920384 __DUMMY__ 0.04302523888492682	false	1.0
vom			neg 0.49496585909384894 off 0.46159727997352734 __DUMMY__ 0.043436860932623646	false	0.0
grenzdebil	off 1.0		neg 0.48041045451795017 off 0.477101995281211 __DUMMY__ 0.0424875502008389	false	0.5
vor			neg 0.4915709151326406 off 0.46539607875920747 __DUMMY__ 0.04303300610815181	false	0.0
unterwerfen	neg 1.0		neg 0.49097900070459327 off 0.46618322622037467 __DUMMY__ 0.04283777307503202	false	1.0
versenkung	neg 1.0		neg 0.49133148509616886 off 0.4658242941120259 __DUMMY__ 0.04284422079180531	false	1.0
entziehen	neg 1.0		neg 0.4937282579490102 off 0.4633506765645971 __DUMMY__ 0.04292106548639258	false	1.0
finanzkrise	neg 1.0		neg 0.4904635081460739 off 0.4669967900999067 __DUMMY__ 0.042539701754019464	false	1.0
schimpfend	neg 1.0		neg 0.4836516384176566 off 0.47345072023803825 __DUMMY__ 0.042897641344305085	false	1.0
profan	neg 1.0		neg 0.4841307624836491 off 0.4732467696422703 __DUMMY__ 0.042622467874080645	false	1.0
korruption	neg 1.0	neg 1.0	neg 0.731991696674318 off 0.24761104665823175 __DUMMY__ 0.020397256667450406	false	1.0
â			neg 0.48933803458363195 off 0.46772575632050306 __DUMMY__ 0.04293620909586495	false	0.0
schmutzig	neg 1.0		neg 0.4799045626266888 off 0.4774910638280924 __DUMMY__ 0.04260437354521876	false	1.0
sexy	neg 1.0		neg 0.48310956813375394 off 0.47424247964798366 __DUMMY__ 0.04264795221826239	false	1.0
abraten	neg 1.0		neg 0.48475615281107376 off 0.47255527374404643 __DUMMY__ 0.04268857344487972	false	1.0
schwarz	neg 1.0		neg 0.48607253044553445 off 0.4712912255489605 __DUMMY__ 0.04263624400550501	false	1.0
fotze	off 1.0		neg 0.490920302819693 off 0.4662454678229256 __DUMMY__ 0.04283422935738139	false	0.5
verwirren	neg 1.0		neg 0.4838096869503042 off 0.4735614615815825 __DUMMY__ 0.04262885146811317	false	1.0
zahnlos	off 1.0		neg 0.490389404433828 off 0.46692505627498704 __DUMMY__ 0.04268553929118492	false	0.5
verheeren	neg 1.0		off 0.4873909264072647 neg 0.4702826634341699 __DUMMY__ 0.04232641015856533	false	0.5
hippie	neg 1.0		neg 0.48398927038134104 off 0.47338090177844994 __DUMMY__ 0.042629827840209064	false	1.0
rammen	neg 1.0		neg 0.48652565456536684 off 0.4708212622802734 __DUMMY__ 0.04265308315435973	false	1.0
unlauter	neg 1.0		neg 0.4910596415822162 off 0.4666560728862733 __DUMMY__ 0.04228428553151047	false	1.0
unheilvoll	neg 1.0		neg 0.4820958942686197 off 0.47502393882628907 __DUMMY__ 0.042880166905091166	false	1.0
niedrig	neg 1.0		neg 0.4908958055073043 off 0.4661632133002325 __DUMMY__ 0.04294098119246322	false	1.0
explosion	neg 1.0		neg 0.4851847497900651 off 0.4722333456477097 __DUMMY__ 0.04258190456222515	false	1.0
weichei	off 1.0		off 0.48149300111298043 neg 0.4762656503543963 __DUMMY__ 0.042241348532623284	false	1.0
minusmensch	off 1.0		off 0.4822309358663212 neg 0.47593811334338065 __DUMMY__ 0.041830950790297985	false	1.0
farblos	neg 1.0		neg 0.4836336985140752 off 0.47319694975593873 __DUMMY__ 0.04316935172998596	false	1.0
unwissend	neg 1.0	neg 1.0	neg 0.7269673830351543 off 0.25273335061263846 __DUMMY__ 0.0202992663522073	false	1.0
traurig	neg 1.0		off 0.4794882368789235 neg 0.4780471618249897 __DUMMY__ 0.042464601296086785	false	0.5
senkung	neg 1.0		neg 0.48662623434987856 off 0.4709686015435839 __DUMMY__ 0.04240516410653753	false	1.0
ungleich	neg 1.0	neg 1.0	neg 0.7326786981413294 off 0.24690303657993437 __DUMMY__ 0.020418265278736282	false	1.0
heikel	neg 1.0		neg 0.49307825877866335 off 0.4641407599720679 __DUMMY__ 0.04278098124926877	false	1.0
drosselung	neg 1.0		neg 0.4800820361597926 off 0.47734149921825914 __DUMMY__ 0.042576464621948175	false	1.0
falsch	neg 1.0		neg 0.482442067156998 off 0.4749472102759744 __DUMMY__ 0.04261072256702754	false	1.0
unzufriedenheit	neg 1.0		neg 0.4933228680840984 off 0.4638403500733264 __DUMMY__ 0.04283678184257525	false	1.0
kurz	neg 1.0		neg 0.48683588120699633 off 0.4702142924801288 __DUMMY__ 0.0429498263128749	false	1.0
unsinnig	neg 1.0		neg 0.49067929336373745 off 0.4667291269544603 __DUMMY__ 0.04259157968180228	false	1.0
penner	off 1.0	off 1.0	off 0.7273516968534054 neg 0.2524858382558261 __DUMMY__ 0.0201624648907685	false	1.0
seicht	neg 1.0		off 0.48268575101055905 neg 0.47533368959442235 __DUMMY__ 0.04198055939501871	false	0.5
dummheit	off 1.0	off 1.0	off 0.7212215919595077 neg 0.25844034236622815 __DUMMY__ 0.020338065674264105	false	1.0
unerfreulich	neg 1.0		neg 0.492706036967938 off 0.46436058557324456 __DUMMY__ 0.042933377458817326	false	1.0
motherfucker	off 1.0	off 1.0	off 0.7235247256244953 neg 0.25621735583245664 __DUMMY__ 0.02025791854304796	false	1.0
pikiert	neg 1.0		neg 0.4831365319488276 off 0.4744833998423482 __DUMMY__ 0.04238006820882414	false	1.0
wrack	neg 1.0		neg 0.48798609383475744 off 0.46887829059365704 __DUMMY__ 0.0431356155715856	false	1.0
gangster	neg 1.0		neg 0.4839660704780913 off 0.4733560694563655 __DUMMY__ 0.04267786006554315	false	1.0
krank	neg 1.0		neg 0.4789293101534819 off 0.4784758918207727 __DUMMY__ 0.042594798025745347	false	1.0
reich	neg 1.0		neg 0.48384801789672244 off 0.4736929251296771 __DUMMY__ 0.04245905697360038	false	1.0
gnadenlos	neg 1.0		neg 0.4859036807017273 off 0.4713749763795526 __DUMMY__ 0.04272134291872016	false	1.0
niedergeschlagen	neg 1.0		neg 0.48624155073519765 off 0.4707923690667839 __DUMMY__ 0.04296608019801849	false	1.0
terrorisieren	off 1.0	off 1.0	off 0.7187120124448093 neg 0.2607390918121328 __DUMMY__ 0.020548895743057884	false	1.0
sinnlosigkeit	neg 1.0		neg 0.4897683755952218 off 0.4675056717602686 __DUMMY__ 0.04272595264450955	false	1.0
behindern	neg 1.0		neg 0.48870240497561834 off 0.4686253310385702 __DUMMY__ 0.0426722639858116	false	1.0
undemokratisch	neg 1.0		neg 0.4889979804244396 off 0.46854959769060417 __DUMMY__ 0.04245242188495638	false	1.0
wirtschaftskrise	neg 1.0		neg 0.49206115740394096 off 0.46525688855536323 __DUMMY__ 0.04268195404069578	false	1.0
neid	neg 1.0		neg 0.47979315341216544 off 0.47742287894225605 __DUMMY__ 0.04278396764557859	false	1.0
rutschen	neg 1.0	neg 1.0	neg 0.730878726656059 off 0.2483163865524715 __DUMMY__ 0.020804886791469447	false	1.0
rezession	neg 1.0		neg 0.47963815785602704 off 0.4781463644196552 __DUMMY__ 0.042215477724317635	false	1.0
fehlgeburt	neg 1.0		neg 0.4826700707417213 off 0.47447058626157224 __DUMMY__ 0.042859342996706525	false	1.0
charakterschwach	off 1.0		neg 0.4810030238577401 off 0.476508586612523 __DUMMY__ 0.0424883895297369	false	0.5
isolation	neg 1.0		neg 0.48213596862771174 off 0.47518718040876246 __DUMMY__ 0.04267685096352594	false	1.0
ablenkung	neg 1.0		neg 0.4860445801298993 off 0.4711780570576491 __DUMMY__ 0.042777362812451536	false	1.0
pech	neg 1.0		neg 0.48248687433736154 off 0.4748748882037423 __DUMMY__ 0.04263823745889615	false	1.0
vermeidung	neg 1.0		neg 0.4821181326028675 off 0.4755280653419262 __DUMMY__ 0.042353802055206224	false	1.0
dominieren	neg 1.0		neg 0.4885136267310729 off 0.46846253853075487 __DUMMY__ 0.043023834738172215	false	1.0
schwindlig	neg 1.0		neg 0.48104579161539923 off 0.47600423135152203 __DUMMY__ 0.04294997703307869	false	1.0
lutscher	neg 1.0		off 0.4836342546581092 neg 0.4743845263917093 __DUMMY__ 0.04198121895018128	false	0.5
pflicht	neg 1.0		neg 0.4931831479248735 off 0.46402002989221386 __DUMMY__ 0.042796822182912614	false	1.0
faschist	off 1.0		neg 0.48675645960575803 off 0.47085969913413417 __DUMMY__ 0.042383841260107774	false	0.5
verschleudern	neg 1.0		neg 0.49561979251033705 off 0.4619354803968935 __DUMMY__ 0.04244472709276927	false	1.0
wenn			neg 0.4823407430691696 off 0.47506612422710687 __DUMMY__ 0.042593132703723606	false	0.0
ehebruch	neg 1.0		neg 0.49074197945483805 off 0.4664703538210896 __DUMMY__ 0.042787666724072346	false	1.0
spott	off 1.0		neg 0.4925443901986808 off 0.46476372947202127 __DUMMY__ 0.042691880329297806	false	0.5
trostlosigkeit	neg 1.0		neg 0.49231705231236855 off 0.4646712269267627 __DUMMY__ 0.04301172076086878	false	1.0
lutschen	neg 1.0		neg 0.4856440534561025 off 0.47182657794624683 __DUMMY__ 0.04252936859765069	false	1.0
undiszipliniert	neg 1.0		off 0.4790337406292882 neg 0.4784330341732994 __DUMMY__ 0.04253322519741232	false	0.5
kopfschmerz	neg 1.0		neg 0.48654038352529605 off 0.47051768980229913 __DUMMY__ 0.04294192667240485	false	1.0
unvorhergesehen	neg 1.0		neg 0.4875355939706226 off 0.46931784364442697 __DUMMY__ 0.04314656238495027	false	1.0
desinteressiert	neg 1.0		neg 0.4801181068121067 off 0.47748365281450666 __DUMMY__ 0.04239824037338667	false	1.0
armselig	off 1.0		neg 0.4807652157116144 off 0.4770159876281001 __DUMMY__ 0.04221879666028553	false	0.5
desaster	neg 1.0		neg 0.4954933028394164 off 0.4616287529489921 __DUMMY__ 0.04287794421159158	false	1.0
tod	neg 1.0		neg 0.4870210546754621 off 0.46985354412754476 __DUMMY__ 0.043125401196993235	false	1.0
herzlos	neg 1.0		off 0.47889145402870764 neg 0.4787707642737859 __DUMMY__ 0.04233778169750632	false	0.5
unwissenheit	neg 1.0		neg 0.4918696957605318 off 0.4655681005884098 __DUMMY__ 0.04256220365105835	false	1.0
widersinnig	neg 1.0	neg 1.0	neg 0.732316186131211 off 0.2473851311271327 __DUMMY__ 0.020298682741656297	false	1.0
bedenklich	neg 1.0		neg 0.4917895510401584 off 0.46548921001123783 __DUMMY__ 0.042721238948603774	false	1.0
beanstanden	neg 1.0		neg 0.49332560244750295 off 0.4638141327302528 __DUMMY__ 0.0428602648222442	false	1.0
panisch	neg 1.0	neg 1.0	neg 0.7257117498402067 off 0.2536869109398827 __DUMMY__ 0.020601339219910628	false	1.0
debil	off 1.0		neg 0.49678949407742556 off 0.4600664292305114 __DUMMY__ 0.04314407669206312	false	0.5
abstrich	neg 1.0		neg 0.4904272054771999 off 0.46681457311721664 __DUMMY__ 0.042758221405583365	false	1.0
primitiv	neg 1.0		neg 0.48117876278141614 off 0.4764474815833009 __DUMMY__ 0.042373755635282784	false	1.0
abschaum	off 1.0	off 1.0	off 0.7225839562007755 neg 0.25709738478278465 __DUMMY__ 0.020318659016439852	false	1.0
provozieren	neg 1.0		neg 0.4870469056379474 off 0.4703183296839805 __DUMMY__ 0.042634764678072	false	1.0
tot	neg 1.0		neg 0.49131062761095295 off 0.4658966750162283 __DUMMY__ 0.04279269737281876	false	1.0
instabil	neg 1.0		neg 0.48320856523908107 off 0.47459117336356144 __DUMMY__ 0.042200261397357504	false	1.0
schwuchtel	off 1.0		off 0.48787510024168174 neg 0.470329124373227 __DUMMY__ 0.0417957753850913	false	1.0
zerren	neg 1.0		neg 0.48625165041798935 off 0.4707885827602624 __DUMMY__ 0.04295976682174827	false	1.0
kinderficker	off 1.0		neg 0.47921164756446005 off 0.47873115418567336 __DUMMY__ 0.042057198249866506	false	0.5
gefahr	neg 1.0		neg 0.4923907747770867 off 0.46469966617598446 __DUMMY__ 0.04290955904692876	false	1.0
rabiat	neg 1.0		neg 0.4878116939094197 off 0.46954381222300595 __DUMMY__ 0.04264449386757424	false	1.0
verlangsamung	neg 1.0		off 0.48265776912762987 neg 0.4751288346486175 __DUMMY__ 0.04221339622375267	false	0.5
ausgestorben	neg 1.0		neg 0.48609985687834495 off 0.4710145523121976 __DUMMY__ 0.04288559080945749	false	1.0
anklagen	neg 1.0		neg 0.4897679043974667 off 0.46753522394228697 __DUMMY__ 0.04269687166024618	false	1.0
trott	neg 1.0		neg 0.4868554547464263 off 0.4703216408735984 __DUMMY__ 0.042822904379975206	false	1.0
verminderung	neg 1.0		neg 0.48068162023135685 off 0.47693303870922715 __DUMMY__ 0.04238534105941595	false	1.0
nach			neg 0.490838680854354 off 0.4656467409572916 __DUMMY__ 0.043514578188354434	false	0.0
rost	neg 1.0		off 0.48229875058981103 neg 0.47535855790228354 __DUMMY__ 0.042342691507905386	false	0.5
destruktiv	neg 1.0		neg 0.48977492667572803 off 0.4677032855875812 __DUMMY__ 0.04252178773669078	false	1.0
unzumutbarkeit	neg 1.0		neg 0.4812780160298561 off 0.47607139030748663 __DUMMY__ 0.0426505936626573	false	1.0
labil	off 1.0	off 1.0	off 0.7225518565294877 neg 0.2571236268192152 __DUMMY__ 0.0203245166512972	false	1.0
ziemlich	neg 1.0		neg 0.48017432483487493 off 0.47724003979691076 __DUMMY__ 0.04258563536821426	false	1.0
lachnummer	off 1.0		neg 0.4885630586915185 off 0.46882088675209865 __DUMMY__ 0.042616054556382905	false	0.5
oder			neg 0.48522454389144165 off 0.471922581636767 __DUMMY__ 0.0428528744717914	false	0.0
verfall	neg 1.0		neg 0.4970498043224636 off 0.45993200623162384 __DUMMY__ 0.04301818944591257	false	1.0
ausgrenzung	neg 1.0		neg 0.4875507846903939 off 0.4699575056116162 __DUMMY__ 0.04249170969798974	false	1.0
unordnung	neg 1.0		neg 0.4797671597548399 off 0.47754844009956327 __DUMMY__ 0.042684400145596914	false	1.0
fehlverhalten	neg 1.0		neg 0.49272051354198665 off 0.4644803525783284 __DUMMY__ 0.04279913387968496	false	1.0
eine			neg 0.49226420806622523 off 0.4648165703403003 __DUMMY__ 0.042919221593474534	false	0.0
nille	neg 1.0		neg 0.48812371682410144 off 0.4690965041427507 __DUMMY__ 0.04277977903314776	false	1.0
qual	neg 1.0		neg 0.48724972629893504 off 0.4699394361687067 __DUMMY__ 0.042810837532358245	false	1.0
verschwenden	neg 1.0		neg 0.49088993223107835 off 0.4663687959744301 __DUMMY__ 0.04274127179449158	false	1.0
riesig	neg 1.0	neg 1.0	neg 0.7294810276057176 off 0.2498570917583167 __DUMMY__ 0.020661880635965597	false	1.0
verurteilen	neg 1.0		neg 0.49020748202138514 off 0.4670754577237275 __DUMMY__ 0.04271706025488733	false	1.0
klischee	neg 1.0	neg 1.0	neg 0.7281352179583689 off 0.2515613728029673 __DUMMY__ 0.02030340923866378	false	1.0
diktatorisch	neg 1.0		neg 0.4890554562721722 off 0.46856823174068 __DUMMY__ 0.0423763119871479	false	1.0
vorhersehbar	neg 1.0	neg 1.0	neg 0.7282521490766249 off 0.251406513905874 __DUMMY__ 0.02034133701750101	false	1.0
sowie			off 0.48068861167760907 neg 0.4770535841415854 __DUMMY__ 0.0422578041808055	false	0.0
stornieren	neg 1.0		neg 0.4817572023389123 off 0.47512142573485155 __DUMMY__ 0.043121371926236184	false	1.0
besteuerung	neg 1.0		neg 0.489480344049192 off 0.4681087254551689 __DUMMY__ 0.04241093049563928	false	1.0
ungeschminkt	neg 1.0		neg 0.48198938618420556 off 0.47563320017525695 __DUMMY__ 0.04237741364053734	false	1.0
kritisch	neg 1.0		neg 0.49202696948896396 off 0.46524470555751496 __DUMMY__ 0.04272832495352099	false	1.0
schlamperei	off 1.0		neg 0.49356064275889033 off 0.46372234963572795 __DUMMY__ 0.04271700760538183	false	0.5
sucht	neg 1.0	neg 1.0	neg 0.7281061055825835 off 0.2513248296455505 __DUMMY__ 0.020569064771865958	false	1.0
egoistisch	off 1.0		off 0.4818602096937633 neg 0.4758384538879612 __DUMMY__ 0.042301336418275326	false	1.0
ausbeuter	off 1.0		neg 0.4939639830319878 off 0.4633385091062565 __DUMMY__ 0.04269750786175573	false	0.5
arschgeburt	off 1.0		off 0.48738792486244953 neg 0.47088058241848874 __DUMMY__ 0.041731492719061736	false	1.0
schubs	neg 1.0	neg 1.0	neg 0.7291749227446511 off 0.25021355253887784 __DUMMY__ 0.02061152471647105	false	1.0
unsolide	neg 1.0		neg 0.49099033644105866 off 0.4668883188951277 __DUMMY__ 0.04212134466381357	false	1.0
beschwerde	neg 1.0		neg 0.49335366759671084 off 0.46393725113752327 __DUMMY__ 0.04270908126576595	false	1.0
stocken	neg 1.0		neg 0.4914376084267843 off 0.46574878849769913 __DUMMY__ 0.04281360307551656	false	1.0
isolieren	neg 1.0		neg 0.49129405244253027 off 0.46602415910701744 __DUMMY__ 0.04268178845045223	false	1.0
unheilbar	neg 1.0		neg 0.4843779945639854 off 0.4727139874249462 __DUMMY__ 0.04290801801106831	false	1.0
pisser	off 1.0		neg 0.47977203417664094 off 0.4777612509338471 __DUMMY__ 0.042466714889512015	false	0.5
löschen	neg 1.0		neg 0.4869863532585161 off 0.47026086282360957 __DUMMY__ 0.04275278391787436	false	1.0
durchfallen	neg 1.0		neg 0.49143371881824377 off 0.46595637231289155 __DUMMY__ 0.042609908868864566	false	1.0
wichser	off 1.0		off 0.4864630030847894 neg 0.4714321316146559 __DUMMY__ 0.042104865300554496	false	1.0
terror	neg 1.0		neg 0.48260488197102536 off 0.474606150208089 __DUMMY__ 0.04278896782088562	false	1.0
krass	neg 1.0		off 0.47942085592656225 neg 0.478264561999822 __DUMMY__ 0.04231458207361566	false	0.5
revolte	neg 1.0		neg 0.4869629373777647 off 0.4705689038678007 __DUMMY__ 0.042468158754434604	false	1.0
besorgt	neg 1.0		neg 0.4865335828475417 off 0.4704279693204699 __DUMMY__ 0.0430384478319886	false	1.0
nachlassen	neg 1.0		neg 0.4910445027979 off 0.4660710271698513 __DUMMY__ 0.04288447003224861	false	1.0
alt	neg 1.0		neg 0.48998754672723016 off 0.46717322896534735 __DUMMY__ 0.0428392243074226	false	1.0
hundesohn	off 1.0		off 0.4830736113905233 neg 0.47493128479609736 __DUMMY__ 0.041995103813379335	false	1.0
als			neg 0.4872847603982536 off 0.46977448361898055 __DUMMY__ 0.042940755982765956	false	0.0
abschreckung	neg 1.0		neg 0.4933689224650273 off 0.46370918054154636 __DUMMY__ 0.042921896993426356	false	1.0
unqualifiziert	neg 1.0		neg 0.4870622025719064 off 0.4706447225817485 __DUMMY__ 0.04229307484634504	false	1.0
abgewichst	off 1.0		neg 0.4882748689349867 off 0.46888404431041614 __DUMMY__ 0.04284108675459724	false	0.5
schwer	neg 1.0		neg 0.48661034606118997 off 0.4706113248219908 __DUMMY__ 0.042778329116819266	false	1.0
bedeutungslosigkeit	neg 1.0		neg 0.4930965629242883 off 0.4640716352557794 __DUMMY__ 0.04283180181993242	false	1.0
kapitulation	neg 1.0		neg 0.49340763358816125 off 0.4639722643710969 __DUMMY__ 0.04262010204074189	false	1.0
unscharf	neg 1.0		neg 0.4847268035879185 off 0.47266346919313207 __DUMMY__ 0.04260972721894946	false	1.0
schwinden	neg 1.0		neg 0.49317189064578615 off 0.4639929393760872 __DUMMY__ 0.042835169978126676	false	1.0
versklavung	neg 1.0		neg 0.4892321762315994 off 0.4683643903575615 __DUMMY__ 0.042403433410839096	false	1.0
schlecht	neg 1.0		neg 0.4798153495150563 off 0.47757490149805676 __DUMMY__ 0.042609748986886915	false	1.0
verhasst	neg 1.0		neg 0.48643404083860353 off 0.4709236208298872 __DUMMY__ 0.042642338331509294	false	1.0
beschweren	neg 1.0		neg 0.4850522491339575 off 0.4722817957160873 __DUMMY__ 0.0426659551499551	false	1.0
scheiden	neg 1.0		neg 0.4825449910162044 off 0.4743581895004585 __DUMMY__ 0.043096819483337157	false	1.0
frustriert	neg 1.0		neg 0.4878412615849689 off 0.46935853642444947 __DUMMY__ 0.04280020199058161	false	1.0
schimmelig	neg 1.0		neg 0.49014014361660285 off 0.4669542673689237 __DUMMY__ 0.042905589014473465	false	1.0
fisch	neg 1.0		neg 0.4882675802170778 off 0.46848807298337214 __DUMMY__ 0.04324434679955007	false	1.0
schmuggel	neg 1.0		neg 0.48920081550028666 off 0.4676059413674485 __DUMMY__ 0.043193243132265004	false	1.0
auffallen	neg 1.0		neg 0.48413955818153054 off 0.47319824964019835 __DUMMY__ 0.04266219217827117	false	1.0
konkurrenz	neg 1.0	neg 1.0	neg 0.7328589122916036 off 0.24657844724854427 __DUMMY__ 0.02056264045985219	false	1.0
teufelskreis	neg 1.0		neg 0.48792663576114875 off 0.4693469278928578 __DUMMY__ 0.042726436345993525	false	1.0
aufschreien	neg 1.0		neg 0.48520836810484985 off 0.47221615018537405 __DUMMY__ 0.04257548170977608	false	1.0
schuldner	neg 1.0		neg 0.492266801718676 off 0.4648437469938456 __DUMMY__ 0.042889451287478404	false	1.0
missgeburt	off 1.0	off 1.0	off 0.7259545307882717 neg 0.25383708064343485 __DUMMY__ 0.020208388568293482	false	1.0
arbeitslos	neg 1.0		neg 0.49097452750949017 off 0.4664012562843247 __DUMMY__ 0.042624216206185214	false	1.0
befallen	neg 1.0		neg 0.4889575606491568 off 0.4682905650461573 __DUMMY__ 0.042751874304686	false	1.0
miesepetrig	off 1.0	off 1.0	off 0.7240881669224928 neg 0.25552750227621523 __DUMMY__ 0.020384330801291973	false	1.0
alarmieren	neg 1.0		neg 0.48420425916747123 off 0.47337666606817086 __DUMMY__ 0.042419074764357904	false	1.0
ungeduscht	off 1.0		neg 0.48239170707564505 off 0.4749438805061191 __DUMMY__ 0.04266441241823595	false	0.5
knappheit	neg 1.0		neg 0.49335959195224655 off 0.4640323193144906 __DUMMY__ 0.042608088733262904	false	1.0
schlange	neg 1.0		neg 0.4826502130687053 off 0.47444833440710216 __DUMMY__ 0.04290145252419253	false	1.0
harsch	neg 1.0		off 0.4817395880212689 neg 0.4757688685809631 __DUMMY__ 0.04249154339776783	false	0.5
lang	neg 1.0		neg 0.4860987593394632 off 0.47112194481464087 __DUMMY__ 0.042779295845895765	false	1.0
ziellos	neg 1.0		neg 0.48807114407892765 off 0.468978555311551 __DUMMY__ 0.04295030060952134	false	1.0
selbstverliebt	neg 1.0		off 0.48515330352342895 neg 0.47300076626779736 __DUMMY__ 0.04184593020877366	false	0.5
beseitigen	neg 1.0	neg 1.0	neg 0.7285107704974195 off 0.25088900714872175 __DUMMY__ 0.02060022235385881	false	1.0
dumm	off 1.0		off 0.482039063506386 neg 0.47578201156348754 __DUMMY__ 0.04217892493012654	false	1.0
arbeitsloser	neg 1.0		neg 0.4901528354365215 off 0.4670299925257075 __DUMMY__ 0.04281717203777096	false	1.0
blitzen	neg 1.0		neg 0.48365188588972213 off 0.4737086718771176 __DUMMY__ 0.04263944223316021	false	1.0
hilflos	neg 1.0		neg 0.48817276554573397 off 0.4690014782823927 __DUMMY__ 0.04282575617187334	false	1.0
eklig	off 1.0		off 0.482869798587669 neg 0.4749598231634386 __DUMMY__ 0.042170378248892394	false	1.0
begriff			neg 0.4894757224582896 off 0.467870963989841 __DUMMY__ 0.04265331355186945	false	0.0
hungersnot	neg 1.0		neg 0.4879227625892981 off 0.4692005679067301 __DUMMY__ 0.04287666950397183	false	1.0
ungesetzlich	neg 1.0		neg 0.49083795777227207 off 0.46703540906820884 __DUMMY__ 0.04212663315951906	false	1.0
verschwendung	neg 1.0		neg 0.49148401828284094 off 0.46566749920592587 __DUMMY__ 0.042848482511233195	false	1.0
schmerzvoll	neg 1.0		neg 0.4845984702111583 off 0.47268970759397716 __DUMMY__ 0.04271182219486456	false	1.0
vorzeitig	neg 1.0		neg 0.48221893135327615 off 0.4750092376212691 __DUMMY__ 0.04277183102545476	false	1.0
unvollkommenheit	neg 1.0		neg 0.4850322158169747 off 0.4717509256844484 __DUMMY__ 0.043216858498576885	false	1.0
intervenieren	neg 1.0		neg 0.49373463913276794 off 0.4635841297094944 __DUMMY__ 0.04268123115773772	false	1.0
banause	off 1.0		off 0.48355587097891034 neg 0.47449164672061467 __DUMMY__ 0.041952482300475095	false	1.0
rebell	neg 1.0		neg 0.4938610187620584 off 0.46309986707264916 __DUMMY__ 0.04303911416529249	false	1.0
unlogisch	neg 1.0		off 0.47885170840155694 neg 0.47877224946555524 __DUMMY__ 0.042376042132887745	false	0.5
leiden	neg 1.0		neg 0.48712783161615864 off 0.46956016571348486 __DUMMY__ 0.043312002670356384	false	1.0
abschaffung	neg 1.0		neg 0.4892418044193978 off 0.46829448587901784 __DUMMY__ 0.04246370970158431	false	1.0
sturz	neg 1.0		neg 0.4862766410767825 off 0.47091424312507457 __DUMMY__ 0.04280911579814283	false	1.0
verkleinerung	neg 1.0		neg 0.4876137437121492 off 0.4701004060356955 __DUMMY__ 0.042285850252155255	false	1.0
schmarotzer	off 1.0		neg 0.4913590185870093 off 0.4660384185558906 __DUMMY__ 0.04260256285709997	false	0.5
bestrafung	neg 1.0		neg 0.4859006746322248 off 0.47144537995969443 __DUMMY__ 0.04265394540808089	false	1.0
achtlos	neg 1.0		neg 0.4858405980104894 off 0.4713013189390639 __DUMMY__ 0.042858083050446846	false	1.0
ungeheuer	neg 1.0		neg 0.48298693221748734 off 0.474316363635082 __DUMMY__ 0.04269670414743061	false	1.0
unaufrichtig	neg 1.0		neg 0.4872049239842106 off 0.4703691756123271 __DUMMY__ 0.042425900403462266	false	1.0
